0.33489 7.09709e-08 4.83952e-09 0.0262882 0.0153502 0.0164898 0.000247557 0.417998 0.000188926 0.0032543 0.0105088 8.70115e-07 5.40484e-05 0.000918374 0.000293913 1.89609e-07 0.00647346 0.00144865 0.0021114 0.00524381 1.4979e-06 0.00547096 0.13173 0.0207907 0.000245911 
0.0895765 7.59742e-06 3.69341e-08 0.152757 0.0338971 0.0484833 0.00031339 0.223009 0.106826 0.00359595 0.00943559 2.61292e-06 0.0013783 1.1211e-06 0.000332467 1.49544e-05 7.91796e-06 3.66987e-06 4.39298e-05 0.0195675 8.62339e-07 0.0249329 0.0748493 0.157479 0.0534833 
9.83214e-05 3.0626e-07 3.71829e-07 1.19607e-05 0.0718461 0.000101896 2.56596e-06 0.830015 2.78104e-05 0.000111277 0.0189235 4.58827e-06 5.12852e-05 1.23697e-05 2.26748e-07 2.42392e-05 0.0374507 0.0376577 4.26184e-05 4.8938e-05 0.000254505 6.54276e-05 0.000257814 0.00282306 0.0001675 
0.0145168 0.00429719 6.72034e-09 0.00409649 0.0885532 0.00742439 0.0657034 0.39256 0.00913608 0.00308202 0.00022344 4.25339e-05 0.00027102 5.55363e-09 1.37713e-06 8.895e-05 0.0519647 5.30526e-05 0.00346648 0.00208549 4.13756e-06 0.00476285 0.0353719 0.312291 3.54282e-06 
0.00623796 2.28335e-05 4.21788e-07 0.00279308 0.0502223 0.154468 0.00452835 0.59654 0.000551897 0.000915361 0.000771682 8.9869e-06 0.000965407 2.88506e-05 0.000561891 3.56403e-05 0.0164741 0.00681654 0.0492954 0.00690141 1.59074e-06 0.0226058 0.0711695 0.00645344 0.00162951 
0.0141991 1.54701e-08 4.964e-11 0.00800288 0.0158656 0.165498 0.000114634 0.673512 0.000998981 2.77464e-08 0.0012107 3.04302e-08 0.00597026 3.83876e-05 2.18672e-07 3.4207e-08 0.000258371 0.0328572 0.00796542 0.00196222 8.94269e-09 0.042269 0.0292772 1.77542e-07 8.08527e-08 
0.0235502 0.00188126 1.17289e-09 0.00469792 0.110351 0.0553303 0.00395537 0.427615 0.0414317 0.00419933 0.00120814 5.03262e-05 0.000884482 8.17896e-08 0.00604302 6.68124e-05 0.0148477 0.000478786 0.00213692 0.0179738 1.96329e-06 0.0507793 0.18193 0.0505845 8.39153e-07 
0.01287 0.00802163 0.000177554 0.00625448 0.278082 0.0162929 0.00540341 0.36172 0.00615825 0.00758072 0.0240125 7.98342e-05 0.00278941 0.000597432 0.012605 0.00138269 0.0106491 0.0355713 0.0242238 0.0113783 0.000228544 0.00949753 0.0552657 0.109115 4.4093e-05 
0.0446354 0.00561738 0.00209809 0.0234048 0.089502 0.0454367 0.00544038 0.501825 0.00837245 0.00948327 0.00504487 0.00220698 0.0104719 0.00353739 0.00703193 2.90321e-05 0.0197595 0.0160321 0.0163358 0.00682965 0.000196597 0.0370557 0.114702 0.0220896 0.00286163 
0.00423369 9.33262e-11 1.13307e-10 0.00183735 0.110033 0.00961578 0.000736643 0.823951 0.00103519 0.000195212 0.000749919 6.77415e-06 5.86414e-05 8.60785e-05 0.000670317 8.7219e-06 0.00125338 0.000212247 3.78339e-05 0.00101595 2.41426e-08 0.00637245 0.029485 0.00833359 7.14097e-05 
0.0655013 0.000126287 1.35901e-10 0.0153644 0.00621917 0.114971 0.000552582 0.342088 0.0326533 0.113143 5.61868e-05 0.000508849 0.000122197 0.0177814 0.000136415 0.000248453 0.0806156 0.00283755 0.0450244 0.00400137 0.000313195 0.0534985 0.0585942 0.0447869 0.000855518 
0.00289993 9.17925e-07 9.83063e-10 0.00559737 0.144617 0.0272018 0.000470776 0.558358 0.0184171 0.000657679 0.00821613 1.57526e-08 0.0863628 1.94907e-07 1.32576e-05 1.31286e-09 0.0244059 0.097323 0.00433022 0.00407479 1.97815e-07 0.00804518 0.00105183 0.00795615 9.52752e-08 
0.0175118 5.44389e-07 0.000179865 0.0133603 0.339305 0.00873645 0.0160947 0.375354 0.0154084 0.0002154 0.000423152 3.30889e-05 0.00966506 2.34754e-07 0.00802778 0.000269274 0.00152708 0.00510971 0.000516516 0.00805086 1.22744e-07 0.00350589 0.0386576 0.137525 0.000522623 
4.20164e-05 1.97485e-09 2.39766e-09 0.192472 6.83124e-05 1.81673e-05 0.000838549 0.710205 0.0868044 0.000370687 1.02869e-09 4.1761e-05 3.74368e-06 1.88253e-05 1.87167e-05 1.40921e-05 0.000123161 0.000453775 0.000566962 1.09462e-05 1.46911e-09 0.000101418 6.42798e-05 0.00774648 1.71758e-05 
0.0879173 1.90337e-05 0.0117548 0.00536795 0.00717146 0.00475313 0.000161644 0.621309 0.00297111 0.00690553 2.36289e-05 0.000127882 0.00023951 1.66898e-07 0.00427199 0.00101957 8.68111e-05 0.000368515 0.000339019 0.000193553 7.35878e-06 0.0102102 0.169493 0.0651821 0.000106388 
0.000891648 7.18042e-06 1.56232e-08 4.2499e-05 0.0540247 0.0165634 0.0485499 0.718186 0.00383209 5.01744e-08 0.00570115 0.0172279 4.53252e-05 7.23101e-07 0.000166744 6.58752e-05 8.56966e-05 0.00107471 0.0060471 8.50624e-05 1.58859e-08 0.0257852 0.000593836 0.00105176 0.0999719 
0.000223963 2.02545e-08 2.45909e-08 0.000258173 0.117642 0.00630969 0.000123188 0.829952 0.00167502 5.96275e-09 0.0250907 3.98425e-09 0.00997072 7.0715e-06 1.4996e-08 3.28406e-08 0.000234297 0.000370591 0.00332998 2.26299e-06 1.50675e-08 0.00479336 7.72971e-06 8.21727e-06 1.40915e-08 
0.00327585 2.2132e-06 8.69694e-09 0.0185421 0.0224501 0.0260312 0.000985869 0.68541 0.00200201 0.000103708 4.51789e-06 0.000531426 0.00368171 1.12544e-07 0.0308952 1.00481e-06 1.34081e-05 0.00301816 3.67199e-06 0.000380879 1.50593e-06 0.0200922 0.130132 0.052412 2.97046e-05 
0.0292723 3.81344e-07 4.21765e-10 0.0352326 0.0573031 9.15289e-07 9.92293e-08 0.288861 0.00702978 3.58158e-07 0.183854 4.33015e-05 8.77936e-11 1.31363e-06 0.0195745 3.40131e-07 0.00392923 1.08612e-07 0.00353837 6.37252e-07 9.76312e-08 0.0868608 0.0064798 0.277088 0.000929007 
0.000377053 1.22846e-06 1.1123e-06 0.214011 0.205815 0.0107737 0.165176 0.216276 0.0470646 0.00660861 0.00553074 6.37986e-06 0.0287296 1.30929e-08 0.009051 5.55867e-07 2.35894e-09 1.58852e-06 0.0055141 2.53962e-05 1.65268e-06 0.0208968 0.0192689 0.044762 0.00010654 
0.0407612 1.22176e-07 1.49737e-10 0.00437019 0.167784 0.00160924 0.000466751 0.399802 8.06194e-05 0.0435305 0.00675226 0.00060757 0.000572283 0.00218187 9.13123e-11 0.00135885 0.0766589 0.000244034 0.151062 0.0251365 1.30036e-08 0.00729678 0.0571149 0.0124284 0.000181321 
0.00223691 1.52638e-05 8.05531e-10 0.00119934 0.0135749 0.348808 0.00342207 0.517662 0.00489131 0.00627762 7.94085e-07 7.04523e-07 8.50175e-06 2.19623e-08 0.00117483 2.05584e-05 0.00153903 0.00167958 0.00159269 0.00128733 1.27765e-06 0.0017587 0.0901413 0.00270666 3.83773e-07 
0.0249705 7.00977e-06 1.84671e-07 0.0195001 0.0622502 0.0603653 0.0108134 0.504044 0.0246189 0.00217421 0.0126053 0.00109583 0.021506 0.000937974 0.00280134 2.99989e-05 0.0687571 0.00806965 0.00486771 0.0130773 2.37762e-05 0.022569 0.126134 0.00869987 8.19262e-05 
0.00269217 8.41021e-08 1.35281e-06 0.00356892 0.101269 0.00926716 0.0124018 0.759969 0.0262915 0.0037888 0.000798202 6.39742e-05 0.00312378 6.10773e-06 0.00110955 7.45255e-07 0.000231618 0.000818063 0.00454888 0.0344648 2.73686e-06 0.0183252 0.0128808 0.00365739 0.000718479 
0.010342 0.0125821 0.0006641 0.0233251 0.104663 0.0422844 0.0416341 0.477481 0.0233231 0.00487328 0.00458574 1.94242e-05 6.40627e-05 4.07898e-05 0.00352837 0.00228756 0.0028597 0.0178831 0.0104582 0.0106515 7.55908e-06 0.00111601 0.0281588 0.176068 0.0010987 
0.0428483 2.74493e-09 3.33261e-09 0.0353562 0.0475787 5.66925e-07 1.77945e-06 0.729504 0.015334 1.87841e-06 4.66382e-06 1.29671e-05 0.000931403 2.75403e-09 0.00161434 4.45062e-09 3.27075e-06 0.00555452 0.000786426 0.00324736 2.04198e-09 0.000237199 0.0135913 0.100835 0.00255539 
0.0304143 0.000115523 9.76974e-12 0.0213275 0.0256873 0.207311 0.000134321 0.54271 7.70522e-08 0.000752092 0.000887293 0.000120583 0.0111811 8.07362e-12 4.39265e-06 2.48028e-08 0.0222674 0.000149892 1.53178e-07 2.05649e-06 5.98618e-12 0.0164398 0.120494 2.56621e-07 8.02262e-07 
2.11488e-05 6.65918e-05 5.61529e-09 0.0239469 7.36121e-06 0.127158 6.00317e-07 0.517796 1.42397e-09 5.60463e-05 1.12104e-05 1.25803e-06 0.000122558 0.302647 1.7083e-06 7.49908e-09 1.17571e-05 5.61759e-10 1.83365e-05 1.33802e-05 2.66925e-07 0.0248299 0.00328886 1.12717e-06 3.21778e-09 
0.00223691 1.52638e-05 8.05531e-10 0.00119934 0.0135749 0.348808 0.00342207 0.517662 0.00489131 0.00627762 7.94085e-07 7.04523e-07 8.50175e-06 2.19623e-08 0.00117483 2.05584e-05 0.00153903 0.00167958 0.00159269 0.00128733 1.27765e-06 0.0017587 0.0901413 0.00270666 3.83773e-07 
0.1204 0.000137895 6.29831e-09 0.031935 0.305016 2.81489e-05 9.51941e-07 0.41941 0.00105177 0.00232453 0.0127486 9.19105e-06 0.00399424 5.71305e-05 0.00129011 1.25465e-06 0.0037985 9.63137e-06 0.00660187 0.0119475 3.85914e-09 0.00479374 0.0422666 0.0223064 0.00987022 
0.0394864 1.04392e-07 4.94599e-10 0.00920494 0.190778 0.0551219 0.00431296 0.250207 0.00924556 0.000842917 0.000247848 3.09413e-05 0.000534449 0.000478154 5.79517e-07 3.2139e-06 0.215891 0.00185777 0.0185407 1.33464e-06 0.00132002 0.000149594 0.143989 0.0577539 6.9839e-07 
0.00288143 5.27162e-07 8.52759e-06 0.0150817 0.0717323 0.0303382 0.0285061 0.473732 0.00403944 0.00223398 4.42585e-10 3.10191e-05 0.0016031 4.41259e-07 3.65128e-05 3.31013e-07 0.000112464 0.00292005 0.0589786 2.56301e-07 4.7126e-08 0.110623 0.190491 0.00652877 0.000120514 
0.0151139 0.00058109 2.60311e-08 0.00130132 0.0366851 0.00216203 0.000183142 0.71377 0.0135743 0.119927 0.00129894 3.1603e-05 0.00916394 4.24988e-05 0.011443 0.000525868 0.00403011 0.00152594 0.0416991 0.00437553 1.73862e-05 0.00482192 0.00656679 0.0109906 0.000168646 
0.0907117 0.000846982 1.85628e-09 0.0685396 0.119846 0.0973083 0.0254851 0.165377 0.0489486 0.00183407 0.0101394 0.00175216 0.000220565 1.13534e-05 0.00178051 2.25617e-06 0.0152788 0.0233435 0.143789 0.00525959 1.1457e-08 0.00462879 0.0981892 0.0755467 0.00116036 
0.205717 0.000211761 6.77496e-07 0.0288972 0.0687177 0.0845637 0.00364372 0.231319 0.00388433 0.00407141 0.00175195 0.00281733 0.0835732 0.00021775 1.79059e-05 4.6066e-06 0.00666515 0.0402251 0.00990349 0.0251994 4.07173e-06 0.0973783 0.0996932 0.00123537 0.000286301 
0.215176 9.77652e-05 2.88624e-07 0.139134 0.00372398 0.139545 0.00024677 0.229794 0.00127513 0.00339476 0.0017783 1.66298e-06 0.058397 6.15227e-07 5.69772e-05 3.15087e-07 0.00776375 0.000233446 0.00124879 0.00248295 2.29523e-07 0.134392 0.0599127 0.00130012 4.35056e-05 
0.0182167 1.59054e-08 1.93107e-08 0.0245921 0.0370571 0.00244388 0.000215639 0.859436 0.00463548 0.000364613 0.00099494 4.99507e-06 0.0010139 0.000245898 0.000531911 3.96417e-06 0.00218349 0.000813853 0.000846551 0.00112837 5.23236e-07 0.00149303 0.0336086 0.00733165 0.00283705 
0.0548867 0.000431055 3.78527e-09 0.123127 0.012173 0.264568 0.000416381 0.308464 0.000154213 0.0114275 4.15457e-05 3.73399e-05 0.00725921 0.0015782 0.00140848 8.94206e-06 0.000359523 0.00203116 0.0304069 0.0143191 5.75334e-08 0.0473008 0.11651 0.00308708 4.12947e-06 
0.000221206 3.66042e-05 0.000998681 0.000147004 0.000983772 0.0105221 6.6579e-05 0.79557 0.00844228 0.000159048 5.29804e-08 4.60322e-06 2.3579e-05 1.56865e-05 0.000273206 0.00535436 3.66859e-06 1.02473e-05 0.000102488 0.000116343 8.16423e-06 0.000136946 0.000364069 0.176397 4.22167e-05 
0.00665222 7.14859e-08 8.67909e-08 0.00273331 0.204664 0.0151044 0.0763597 0.481589 0.00503176 6.90003e-05 0.0110073 8.98518e-06 0.000413375 5.46493e-07 8.28093e-05 3.28003e-05 0.00493405 0.0312305 0.000297415 0.000114175 7.85758e-06 0.00394877 0.13963 0.0160415 4.64092e-05 
0.0266918 0.000231667 6.69961e-06 0.0161859 0.0749159 0.0850514 0.0107364 0.356583 0.0176089 0.00927846 0.00620868 0.000108454 0.00161418 1.44935e-05 0.000979892 2.30078e-05 0.0121737 0.00108859 0.146814 0.00616987 0.000201926 0.0842215 0.0949489 0.0469327 0.00120994 
0.00224662 2.44372e-06 7.92277e-09 0.00204649 0.0625571 0.0108274 0.0233652 0.792103 0.0140939 8.25e-05 0.00496175 0.00640037 0.000333207 6.7616e-06 0.000281695 0.00013291 0.000109325 0.00214762 0.00455986 0.00210715 5.53388e-07 0.0226882 0.00131211 0.00118874 0.0464451 
0.0307447 0.000108381 6.91969e-10 0.00512084 0.0709283 0.0164048 0.00077141 0.653604 0.000157339 0.0179298 0.00341558 0.000212741 0.000143125 0.000425523 0.000213012 0.000804967 0.0179225 0.00237122 0.0414 0.0109304 9.02991e-08 0.00969259 0.0951967 0.0208648 0.000637383 
0.0279373 6.97132e-06 6.96867e-06 0.006989 0.196228 0.0803043 6.98023e-06 0.25694 6.97993e-06 0.0328133 6.97725e-06 0.00838453 6.98059e-06 6.97129e-06 6.97454e-06 6.96361e-06 6.98149e-06 6.98222e-06 6.98137e-06 6.98074e-06 6.97451e-06 0.00349779 0.145254 0.219227 0.0223274 
0.00309044 0.000117433 1.04676e-09 0.000853377 0.0199012 0.162547 0.0168629 0.25923 0.0239316 0.0823528 3.76377e-08 0.00127264 0.000947742 2.02733e-07 2.45862e-06 1.71276e-07 3.08886e-07 0.000194303 0.233239 0.00346729 6.41375e-10 0.0912683 0.017006 0.0837142 2.59272e-07 
0.0625239 0.00157689 8.28237e-08 0.00302569 0.0711876 0.0582529 0.0011113 0.262572 0.00267092 0.0242668 0.00131651 0.0131169 0.025738 0.000265183 0.0585968 0.000128664 0.0361603 0.00680889 0.0762182 0.00462019 4.66978e-06 0.0238437 0.145265 0.119839 0.000889547 
4.06972e-06 2.08187e-06 2.5276e-06 2.87814e-07 5.52874e-05 0.0647806 5.86823e-07 0.537991 6.40968e-07 0.00891307 0.14102 4.09524e-07 0.0408735 2.08878e-06 1.54137e-06 3.37554e-06 0.0820407 1.75443e-05 3.95504e-07 0.00431464 0.000125358 0.0554876 0.0192718 0.0450322 5.93434e-05 
0.0864045 1.7569e-06 1.75623e-06 0.112616 0.0835938 0.0542 0.00985294 0.233143 0.0260358 1.7591e-06 0.00580445 1.75941e-06 0.0796949 1.75689e-06 0.00105638 1.75495e-06 0.0249861 0.0510313 0.0448673 1.75927e-06 1.7577e-06 0.0573611 0.0608925 0.0684448 1.75785e-06 
0.105059 0.0683415 9.563e-06 0.0213686 0.0341985 0.0663251 0.00336118 0.355228 0.00109876 0.00177171 0.0196658 0.00912193 0.014239 0.00277717 0.000232178 1.01399e-05 0.0146719 0.0290869 0.0167054 0.00245652 7.19123e-05 0.0710078 0.0795704 0.0824822 0.00113921 
5.17603e-08 2.30774e-05 1.79526e-06 0.0154466 2.14345e-05 3.34825e-06 1.04596e-05 0.608971 2.26213e-05 3.94014e-05 9.61595e-10 3.63134e-10 9.33548e-07 1.85217e-09 1.36677e-09 2.09821e-06 3.33705e-10 2.24219e-10 3.50702e-10 5.51674e-06 1.37329e-09 7.69555e-06 0.0164301 0.359013 9.00322e-07 
1.27161e-06 0.000216119 3.77108e-05 0.0296727 0.068641 1.78587e-05 0.0121682 0.49787 0.080108 0.140118 1.98801e-05 6.79305e-06 8.12484e-09 3.22557e-08 5.85061e-05 1.3773e-05 2.95481e-05 3.90481e-09 2.14962e-06 2.01368e-05 2.3916e-08 5.58947e-06 6.64179e-06 0.0806557 0.0903306 
0.107745 0.00950686 0.00286621 0.10281 0.026592 0.0161596 0.00351167 0.333556 0.00953831 0.0112093 0.00855633 1.0048e-05 0.017409 2.43602e-05 8.66613e-05 0.000720443 0.038548 0.00343398 0.0164708 0.0340288 0.000263528 0.0408806 0.19553 0.0163796 0.00416229 
0.0163402 0.000538895 2.12503e-07 0.00362931 0.143684 0.0262051 0.0383778 0.308983 0.00775786 0.114274 0.000192111 0.000126604 0.00139907 1.2806e-06 9.33697e-05 2.24737e-05 0.025618 0.0273018 0.0110805 0.00119779 5.06863e-06 0.0222537 0.175146 0.0753596 0.000411899 
0.275625 0.00161834 4.61944e-06 0.0139362 0.0255509 0.0758072 0.0211521 0.301057 0.00171962 0.00360547 0.0123914 0.00727464 0.0227318 0.000165583 0.0019026 0.000115034 0.0496287 0.00597658 0.0359641 0.0370041 4.02472e-05 0.0363798 0.0580298 0.010955 0.00136421 
0.0603038 0.000828752 2.00959e-08 0.00369878 0.0260591 0.00294677 1.68336e-06 0.591296 0.00137416 0.00435987 0.0187667 6.80885e-06 0.000390231 3.37373e-05 0.0325698 1.10863e-05 0.00900412 1.57297e-05 0.00047344 0.0186654 8.69472e-06 0.00973801 0.097978 0.107694 0.0137753 
0.0051063 2.7242e-05 8.05636e-10 0.00508461 0.169864 0.0159125 0.00543302 0.282506 0.0282133 0.111554 0.00345077 0.000982546 0.00609719 1.20855e-06 0.00102406 6.48016e-07 0.0137241 0.0143394 0.0518937 0.00115534 1.69374e-07 0.0813543 0.0732936 0.038768 0.0902149 
0.0380745 0.00252727 0.000360531 0.0333507 0.105628 0.0690024 0.0102664 0.347347 0.0103138 0.0132168 0.0060277 0.00193154 0.0110358 0.0012101 0.00753932 0.000429237 0.0305222 0.0235103 0.02794 0.0118715 4.15349e-05 0.0455725 0.167359 0.0320209 0.00290135 
0.0161608 6.9226e-07 1.0713e-09 0.0652436 0.108124 0.0136244 0.0013983 0.54444 0.0189658 0.00352121 0.00310959 0.035733 0.00527687 8.60747e-05 0.0070564 1.43069e-09 0.000827428 0.00127994 0.000620032 0.0605492 3.4563e-06 0.00863575 0.0240743 0.081086 0.000182879 
0.00407895 9.324e-10 1.13202e-09 0.00967949 0.00572625 0.00172127 7.79138e-05 0.875745 0.000425088 0.000121062 3.86251e-06 3.93938e-07 0.0402042 7.18371e-08 9.08662e-05 1.51179e-09 0.000369921 4.09694e-08 0.000971313 0.0515026 6.93622e-10 0.00281628 0.00230757 0.00412136 3.67103e-05 
1.05413e-06 3.17402e-10 3.85357e-10 0.000149311 0.011614 0.00172413 3.48927e-05 0.981829 2.64452e-07 0.000597543 8.78699e-06 2.98058e-08 1.16806e-08 2.33453e-08 0.000128354 1.3623e-07 5.7376e-11 1.04883e-06 2.56278e-07 5.31303e-05 2.36119e-10 0.000237899 0.00150157 0.00143131 0.000687045 
4.01223e-05 0.000543182 5.58537e-06 0.00080634 0.0064082 9.849e-05 5.84519e-06 0.6024 4.90734e-05 0.00744124 0.104678 0.000160453 0.00293913 6.18153e-07 0.0485497 9.39715e-06 4.75689e-06 0.00239621 1.18493e-05 4.40754e-05 0.000109481 6.87177e-05 7.94989e-05 0.221913 0.00123752 
0.0441658 0.0121579 6.5409e-09 0.00458784 0.0226982 0.113136 0.0753428 0.214459 0.0017022 0.0110825 0.00182294 0.000519309 0.0118935 3.61131e-08 0.00210109 2.15032e-05 0.042573 0.0127314 0.00210325 0.0205486 0.000350894 0.0960814 0.176181 0.133726 1.40232e-05 
0.00611093 1.7407e-09 2.11338e-09 0.00311071 0.0109741 0.0227472 1.72315e-07 0.883636 0.000205904 0.0107963 0.0136222 9.88025e-06 0.0116223 3.99716e-08 0.00012504 2.28113e-07 0.00779559 1.74122e-06 0.00943804 0.0105533 2.00671e-07 0.00186221 0.00482654 0.0025603 7.51178e-07 
0.0264495 0.000216583 0.000615023 0.0122073 0.0606643 0.0715184 0.093691 0.394538 0.0137809 0.164578 0.00166197 5.33023e-06 5.76253e-05 0.000293941 0.00579164 3.31776e-05 0.00478526 0.00626756 0.000303944 0.00929278 1.66643e-05 0.00327101 0.0127095 0.116485 0.000765324 
0.0149991 3.13033e-10 1.19528e-08 0.0292568 0.139967 0.0032883 0.0146948 0.434231 0.0160412 0.0172093 0.0126712 7.60319e-05 0.000536662 1.16959e-05 0.00646463 1.09206e-05 0.0219771 0.11686 0.00922425 0.000775834 2.32869e-10 0.0052635 0.122997 0.033281 0.000163239 
0.00285288 6.94754e-06 1.1457e-05 0.00260473 0.0477938 0.00215424 0.00591369 0.856302 0.00363521 0.000171656 0.000584983 3.0186e-05 0.00499237 1.42715e-06 0.000273909 5.55337e-06 0.00560669 0.000113681 0.000596156 0.00272337 5.52901e-06 0.016969 0.0107124 0.0327917 0.00314665 
0.0142746 7.35588e-05 6.96845e-06 0.016612 0.16058 0.0180198 0.00716181 0.655509 0.00930502 0.00195778 0.00956307 7.96814e-06 0.00120076 0.000262801 0.00174593 0.00162986 0.00686341 0.0300004 0.00358708 0.00255863 1.47572e-05 0.0222026 0.0162081 0.0201398 0.000514478 
0.275863 2.51359e-06 4.13543e-08 0.0176213 0.0909622 0.0107409 0.00202517 0.387039 0.00723134 0.00532456 0.00621518 0.0019188 0.0126725 9.67472e-07 5.28626e-05 5.52277e-08 0.039258 0.00519996 0.000143538 0.0218313 2.53389e-08 0.0068144 0.0367436 0.0723312 7.69093e-06 
0.0356154 0.000283705 3.12453e-08 0.041946 0.0576148 0.0571541 0.0509627 0.19603 0.194783 0.0328196 0.000176151 0.000184356 0.00167824 2.08036e-05 0.0232086 5.65596e-06 0.00334922 0.000972237 0.00017018 0.0876807 1.35392e-06 0.0183651 0.0399178 0.154131 0.00292862 
0.00433178 0.000157649 8.17559e-10 0.006236 0.221315 0.0120607 0.00468696 0.509684 0.00445313 0.0115606 3.26713e-06 5.32915e-05 0.00319098 4.31958e-08 0.00462045 0.000395121 0.000968881 0.0497909 0.0209391 0.00503456 1.52657e-07 0.0103028 0.0216955 0.106104 0.00241501 
0.0632536 0.000104922 5.15311e-06 0.0159805 0.187806 0.0052507 0.00733263 0.27968 0.00400283 0.0150109 0.00075863 7.98521e-05 0.00234811 3.10598e-07 0.0372011 0.000161954 0.020779 0.00557477 0.00632401 0.00540109 6.12302e-05 0.0236519 0.0823599 0.236664 0.000206716 
0.0344421 3.10345e-07 3.10227e-07 0.0149197 0.193388 0.109477 0.0122435 0.41211 0.0077374 0.0216585 0.0118035 3.10789e-07 0.00469274 0.00251409 3.10488e-07 3.10002e-07 0.0351826 0.0152932 0.0335969 0.0259491 3.10487e-07 0.047864 3.10866e-07 0.0171253 3.10514e-07 
0.0390969 7.62549e-11 9.25808e-11 0.0462247 0.117134 0.0170847 0.00794213 0.44161 0.010277 0.000529777 0.0172731 1.84754e-09 0.0267526 3.36565e-07 0.000213857 1.23639e-10 0.00135975 0.191882 0.00609 1.91949e-06 1.21847e-08 0.0383445 0.0242256 0.0139566 3.59769e-07 
0.02726 2.55836e-05 1.44949e-08 0.0328529 0.104985 0.0291379 0.0156902 0.440076 0.0097485 0.00100727 0.0039258 7.98708e-05 0.0162568 2.09386e-05 0.0090732 1.87343e-05 0.0152099 0.0129729 0.0145576 0.00286544 3.43439e-06 0.0154051 0.176901 0.0713902 0.000534968 
0.0193353 1.47145e-06 2.24189e-05 0.0347835 0.088736 0.0463397 0.00892801 0.31798 0.0432511 0.0081421 0.00276841 1.57164e-05 0.0101713 1.91041e-05 0.00107286 4.37457e-06 0.0370104 0.022403 0.0306258 0.00821675 1.74766e-06 0.0246706 0.274124 0.0213122 6.39664e-05 
0.0443511 0.0281322 0.00425101 0.00625433 0.0595126 0.0218542 0.00510527 0.237951 0.00285288 0.00548639 0.0594063 0.000130865 0.0135942 2.31486e-05 0.00143777 2.33857e-05 0.166737 0.00659563 0.0225826 0.0360273 0.00746614 0.0135202 0.0450263 0.211386 0.000292205 
0.00288143 5.27162e-07 8.52759e-06 0.0150817 0.0717323 0.0303382 0.0285061 0.473732 0.00403944 0.00223398 4.42585e-10 3.10191e-05 0.0016031 4.41259e-07 3.65128e-05 3.31013e-07 0.000112464 0.00292005 0.0589786 2.56301e-07 4.7126e-08 0.110623 0.190491 0.00652877 0.000120514 
0.00377179 7.04135e-05 5.73e-07 0.0912855 0.0846234 0.0523163 0.0185026 0.372964 0.00462687 0.000510365 0.0137412 0.001375 0.00281657 4.63139e-06 0.000948857 8.53524e-06 0.000833977 0.00572099 0.053558 0.190413 2.91989e-07 0.0449165 0.0551687 0.000507921 0.00131444 
0.00887597 3.94834e-10 4.79367e-10 0.00301139 0.00388879 0.000713234 1.02739e-07 0.937581 0.000161042 0.020563 0.0132478 2.46817e-06 1.83966e-05 7.4909e-06 3.88781e-07 2.4147e-05 1.91925e-07 0.000666627 0.00326024 0.000899311 2.93721e-10 0.00297647 0.00268915 4.80185e-07 0.00141228 
0.0207521 0.000728651 2.88028e-10 0.132857 0.054914 0.114533 0.0266021 0.423666 0.0026557 0.00408992 0.00677396 5.37098e-05 0.0070753 6.06231e-05 0.000620078 7.41087e-08 0.0385032 0.00249663 0.00154069 0.0471018 1.76483e-10 0.00824256 0.0966879 0.0088645 0.00118105 
0.00357518 1.52535e-06 0.0199126 0.0344453 0.241536 0.00751949 0.059347 0.332168 0.0867763 0.011136 0.00415772 2.82842e-05 0.00297328 6.71404e-07 0.0133372 0.000168162 0.00727169 0.00226503 0.00115057 0.00311694 3.56278e-07 0.00953726 0.0551492 0.103547 0.000879384 
0.0106798 7.11694e-05 1.4184e-06 0.0219775 0.0626804 0.0307779 0.00609356 0.571449 0.00091279 5.57224e-05 0.00379425 0.000452185 0.0160502 7.51401e-06 0.00716021 0.000152388 0.0567545 0.000211589 0.0201771 0.016867 0.000133969 0.0179611 0.0415282 0.114044 6.51866e-06 
0.0830567 0.000130319 2.94692e-05 0.0960947 0.0263392 0.0531898 0.0297338 0.34191 0.00378504 0.014115 0.00056223 8.97275e-07 0.0521652 6.83431e-05 1.30912e-08 1.40836e-06 0.00200204 0.000247407 0.00254224 0.00335341 1.39593e-06 0.0219958 0.26624 0.00241635 1.97261e-05 
0.0334789 2.86703e-05 2.21718e-08 0.122017 0.0237419 0.128403 1.0185e-05 0.489252 0.0300117 0.01941 0.00267537 8.77328e-08 0.00113389 9.01833e-05 0.000244757 1.72387e-06 0.00410956 0.000205059 0.00654382 0.0203498 7.21188e-07 0.030355 0.0829892 0.00451279 0.000435289 
0.00420082 4.85594e-05 2.25886e-05 0.00191627 0.0745745 0.00408309 0.00787622 0.538448 0.000598799 0.0112434 3.3106e-08 3.94527e-05 6.26562e-05 7.37137e-07 0.00217268 3.85895e-05 0.000334131 0.000428007 0.000856026 4.6572e-05 4.72799e-08 0.000368256 0.0171875 0.335452 1.20075e-06 
0.0140024 0.0717034 1.35706e-10 0.0322657 0.0306683 0.224189 0.0443117 0.282181 0.000691573 0.00191967 0.00491569 9.19123e-05 0.0247319 0.000109013 0.00817915 1.81232e-10 0.043591 0.00153486 0.00194517 0.00939743 0.000123411 0.0653102 0.0725224 0.0590976 0.00651786 
0.0319604 0.00460365 0.000588091 0.0325206 0.0627162 0.148324 0.00329085 0.317871 0.00598768 0.0124937 0.00650782 0.00138927 0.0276453 0.000137427 0.000667611 0.000238505 0.0255883 0.0125015 0.0396894 0.0180654 8.59235e-06 0.0303646 0.201821 0.01447 0.000549747 
0.0581757 0.00200409 1.24574e-06 0.0284769 0.0559436 0.0438253 0.00142201 0.2016 0.00436923 0.194374 0.00139883 0.000951319 0.0235938 0.001156 0.00231038 9.76931e-06 0.0334688 0.0241049 0.0276683 0.0427176 3.36252e-06 0.0152414 0.160176 0.075595 0.00141191 
0.00868088 0.00321468 7.63275e-05 0.000774689 0.109411 0.0829106 0.0219754 0.51974 0.00149135 0.035297 0.00197899 0.00224349 0.00148047 0.00077244 0.0168669 0.000353581 0.0292644 0.00371169 0.0179499 0.00430066 6.86074e-05 0.02314 0.0160644 0.0981057 0.000126197 
0.0246228 8.37196e-07 1.25214e-07 0.000557172 0.23218 0.00461363 0.00496902 0.334902 0.00322304 0.0616729 0.00394222 1.73824e-05 0.00055561 1.95587e-06 0.000459952 4.45369e-06 0.0092219 0.0657374 0.00184707 0.00255744 5.28557e-06 0.00633442 0.0291119 0.213438 2.29823e-05 
0.123178 0.00186377 3.70632e-10 0.00918067 0.0767351 0.0265413 0.0022181 0.298333 0.00832676 0.0125824 0.00202793 0.000194547 0.000715338 8.69764e-06 0.00107618 0.000275916 0.0989448 0.00921658 0.00272679 0.00161312 2.2593e-05 0.0575322 0.182003 0.0843469 0.000336769 
0.0864045 1.7569e-06 1.75623e-06 0.112616 0.0835938 0.0542 0.00985294 0.233143 0.0260358 1.7591e-06 0.00580445 1.75941e-06 0.0796949 1.75689e-06 0.00105638 1.75495e-06 0.0249861 0.0510313 0.0448673 1.75927e-06 1.7577e-06 0.0573611 0.0608925 0.0684448 1.75785e-06 
0.0434282 0.016918 0.0011848 0.102487 0.26355 0.0151022 0.00212897 0.29065 0.0162656 0.00699982 0.00669114 3.94566e-07 0.0309789 5.50347e-09 0.00834505 0.000841653 0.00554132 0.000209301 0.0222438 0.0920865 4.08055e-09 0.0309727 0.0178235 0.0252551 0.000296008 
0.0002598 4.59431e-05 5.15584e-08 0.00137757 0.119787 0.00720404 0.114528 0.668369 0.00338062 9.65268e-05 0.001764 2.10973e-06 0.000673366 4.26074e-08 5.04431e-06 5.97886e-05 0.000903749 0.00543008 0.0105295 0.00074258 2.74194e-05 0.00456951 0.0589206 0.000928752 0.000395273 
0.0161784 0.00362207 3.75704e-07 0.125108 0.0881582 0.0389553 0.00106355 0.295478 0.0207121 0.00235247 0.0147996 3.62755e-06 0.000847937 1.37041e-05 2.41036e-06 2.41681e-05 0.00528747 0.00533263 0.00509324 0.0028467 2.32972e-06 0.0449583 0.230517 0.0986272 1.48044e-05 
0.00141412 1.48624e-06 2.66791e-07 0.00214955 0.196584 0.0191479 0.0232936 0.23785 0.00369752 0.0250563 0.000816253 0.142753 0.00333461 1.06424e-05 0.000772625 5.16552e-05 0.0033261 0.0432277 0.0519962 0.156989 7.16834e-08 0.0733448 0.00864546 0.00399253 0.00154476 
0.0151771 0.000511967 0.000169893 0.0140504 0.127379 0.0178686 0.0186748 0.48877 0.021877 0.0444457 0.00545853 0.000354993 0.00680295 2.36066e-06 0.000852382 6.38322e-05 0.0201053 0.04094 0.0098167 0.000459174 5.7803e-06 0.0464199 0.0426307 0.0761403 0.00102304 
0.0406952 0.000341056 1.50861e-09 0.0103291 0.137911 0.0900676 0.0269866 0.19688 0.002426 0.0241027 0.000182233 0.000573609 0.000900484 0.000140816 0.000507743 0.000841024 0.039678 0.0526719 0.0665798 0.00316828 2.53853e-05 0.0608558 0.103907 0.02669 0.113539 
0.0428483 2.74493e-09 3.33261e-09 0.0353562 0.0475787 5.66925e-07 1.77945e-06 0.729504 0.015334 1.87841e-06 4.66382e-06 1.29671e-05 0.000931403 2.75403e-09 0.00161434 4.45062e-09 3.27075e-06 0.00555452 0.000786426 0.00324736 2.04198e-09 0.000237199 0.0135913 0.100835 0.00255539 
0.0824574 6.99111e-05 0.00320624 0.0441071 0.0587308 0.0198696 0.0134094 0.260298 0.00824536 0.130762 5.36018e-05 0.00321333 0.00218701 0.000157389 0.00553025 6.34705e-05 0.0188408 0.000354835 0.0699824 0.00720425 0.00140906 0.0249552 0.183235 0.0600628 0.00159507 
0.0273302 6.23595e-06 1.54214e-06 0.0063728 0.125572 0.0237323 0.0175265 0.637702 0.0268522 0.000279034 0.000271514 0.000113938 0.000721484 1.42934e-05 0.000274196 4.9324e-06 0.00481987 0.000792476 0.0502432 0.0202937 3.23742e-06 0.0125092 0.0319063 0.012376 0.00028019 
0.049866 7.52882e-05 4.2082e-05 0.0478273 0.0450336 0.112609 0.017768 0.18197 0.00391044 0.00575534 0.00119862 0.0357097 0.00886106 6.74088e-05 0.00130984 4.13414e-05 0.00946828 0.0160659 0.0601273 0.172532 2.66315e-05 0.0553316 0.162864 0.0103762 0.00116273 
0.000266835 4.70852e-08 5.71661e-08 5.14769e-06 0.00815093 0.00556712 0.000734904 0.359343 0.0604568 0.301251 2.45265e-08 7.68005e-07 0.000793763 2.36533e-07 0.00020408 0.00248156 0.0111345 2.31007e-05 0.000353973 0.0011976 0.0173596 0.0024992 0.00748086 0.220693 1.47661e-06 
0.0203908 0.000140739 0.00053061 0.0748897 0.0985433 0.0412289 0.00648068 0.350981 0.024792 0.00806897 0.0288794 0.000181674 0.00256817 2.81563e-05 0.00491767 0.000116474 0.022032 0.0119651 0.116278 0.0182786 2.08672e-05 0.0169927 0.114439 0.0352175 0.00203828 
0.0763809 0.000371254 1.37028e-08 0.0360253 0.0271025 0.044319 0.000190924 0.499479 0.000370912 0.0203211 0.000127998 5.53034e-05 0.00234021 5.30013e-05 1.09451e-05 3.99877e-06 0.00592071 0.00410027 0.0705192 0.00986044 1.23073e-07 0.00425009 0.161796 0.0363425 5.75644e-05 
0.0049774 0.000191175 6.11368e-07 0.00441931 0.0199948 0.104139 0.000394418 0.702517 0.0364239 0.00239914 0.000170343 7.30761e-05 0.00203604 2.57513e-05 0.000407914 2.75495e-05 0.00686415 0.0342778 0.000540504 0.000899441 3.74602e-07 0.0497308 0.0206223 0.0088662 6.37132e-07 
3.76061e-05 1.52459e-09 0.00171717 2.27002e-05 0.199889 1.66569e-10 4.16891e-06 0.436427 0.0305954 3.81546e-06 7.94149e-10 2.999e-10 3.85299e-10 1.52964e-09 1.12877e-09 3.9576e-06 2.75596e-10 2.4445e-06 2.89633e-10 0.000931427 1.13415e-09 2.6046e-10 5.56276e-06 0.330344 1.58053e-05 
0.0348738 0.00021615 6.68097e-07 0.0095333 0.085662 0.0657316 0.0326392 0.303979 0.00233926 0.00689389 0.00861455 0.000591431 0.00453088 1.38005e-05 0.000650385 0.00028248 0.0240009 0.00255354 0.116671 0.00769098 1.61237e-05 0.069456 0.144391 0.0783244 0.000343274 
0.0893397 0.000802803 4.45584e-07 0.041028 4.46497e-07 0.0337529 4.46323e-07 0.488973 4.46304e-07 0.00687367 4.46133e-07 0.000357559 4.46346e-07 0.00307614 4.45959e-07 4.45261e-07 0.0622291 0.000625477 0.0161154 4.46355e-07 0.000936955 0.032901 0.218787 0.00419666 4.45996e-07 
0.00508051 5.77099e-05 3.46932e-08 0.0174028 0.0349344 0.0015968 1.88213e-07 0.514879 0.000428459 0.00795385 0.0855644 9.66323e-05 0.044381 1.23011e-08 0.00452111 3.96032e-07 0.0292347 5.20012e-06 0.0326944 0.0109584 7.56579e-08 0.00193776 0.0409245 0.167346 1.07807e-06 
0.0658974 0.00103827 1.48868e-06 0.0572312 0.265501 0.0249127 0.00118312 0.385622 0.00695995 0.00241031 0.0140418 2.79915e-05 0.0213869 3.79747e-08 0.00411828 0.000186027 0.0164413 0.0178686 0.0119148 0.00562526 2.89704e-07 0.0133345 0.0458438 0.0383006 0.00015298 
0.00724954 6.14682e-08 0.00148917 0.0132532 0.0800443 0.0856889 0.000431228 0.156796 0.0323724 0.0464816 0.0445519 0.0373797 0.00485549 8.28429e-06 0.041675 2.10672e-05 0.0531572 2.66299e-05 0.0532059 0.135659 0.00161115 0.0301183 0.0500304 0.104156 0.0197366 
0.0234777 6.93084e-10 8.41471e-10 0.0150728 0.160277 0.00101576 0.00147007 0.305564 0.00738788 0.0032303 2.07465e-06 2.82526e-05 0.00306824 3.44293e-05 0.000866787 4.25477e-07 0.005234 0.000479355 0.0690907 0.0140513 4.14246e-07 0.031425 0.0545182 0.303433 0.00027279 
0.0319411 0.00299569 7.54702e-06 0.0301489 0.0457767 0.185095 0.000647088 0.334248 0.0455515 0.0337425 0.0024173 1.18553e-06 0.00168667 0.000155965 6.2136e-05 1.54508e-05 0.0472956 0.00664993 0.00111594 0.01051 1.86815e-05 0.0989825 0.0900449 0.0307911 9.93807e-05 
0.0103162 7.60391e-08 5.21834e-09 0.00405947 0.197733 0.0715776 0.00642824 0.534531 0.00366244 0.00888392 0.00084388 4.87735e-06 0.00240163 9.8542e-05 0.000133117 7.32849e-05 0.00401966 0.0203718 0.0109355 0.00556173 3.05993e-07 0.0603193 0.0563533 0.000879538 0.000811328 
0.0571783 4.18711e-07 7.73223e-11 0.186102 0.00333762 0.0827584 0.000219078 0.270704 0.000796337 0.00297971 0.0285162 6.59712e-08 0.0287399 0.000836657 5.48305e-06 1.03262e-10 0.00612986 9.31738e-05 0.00738825 0.0550399 5.55322e-05 0.00959227 0.259064 0.000460955 1.37239e-06 
0.0318506 0.00010829 4.2072e-09 0.0493864 0.0691498 0.169097 0.00121974 0.440217 0.00294488 0.000118812 0.0141089 3.15051e-05 0.0067037 6.48555e-05 0.0130373 4.71229e-07 0.00669447 0.00443128 0.0320334 0.00715558 0.000531503 0.0981381 0.0218339 0.0309667 0.000176118 
0.0232544 0.00105639 6.90047e-06 0.0203032 0.101348 0.160476 0.00413006 0.248633 0.00313487 0.00271687 0.0106004 7.48933e-05 0.00606379 6.59621e-05 0.00623919 0.000206918 0.0653953 0.0165053 0.037692 0.021222 0.000152646 0.0309998 0.225364 0.0132349 0.00112285 
0.000651894 0.0070654 2.89131e-07 0.213436 0.045916 5.39242e-07 0.00337075 0.468151 0.0338853 6.34567e-06 1.54867e-10 5.84835e-11 0.0247176 2.98296e-10 2.20121e-10 3.37921e-07 5.37439e-11 3.6111e-11 7.00425e-07 8.88482e-07 3.09861e-07 1.23939e-06 0.0591149 0.14368 1.44999e-07 
0.0175066 6.63535e-07 4.55015e-06 0.0609154 0.0636771 1.24315e-06 3.14646e-06 0.750796 0.0267982 1.31972e-06 0.001666 1.25808e-07 0.0062171 2.4159e-06 7.83868e-06 0.000258039 0.000521955 0.00451836 0.000231808 3.83761e-06 9.16112e-07 0.0112158 0.0371327 0.0185184 8.84121e-07 
0.0429833 8.40676e-05 4.9179e-09 0.0183477 0.114561 0.0532702 0.0139803 0.477211 0.00412353 0.00409438 0.00281316 0.0120808 0.00711529 7.31897e-05 0.00415496 0.000749798 0.0155126 0.0359157 0.0526064 0.00713159 2.3318e-07 0.0316709 0.093952 0.00686171 0.000705203 
0.196351 0.00309498 1.09692e-06 0.0198901 0.0452564 0.144675 0.00917274 0.199366 0.00251278 0.0230353 0.000655514 0.0064758 0.00485532 0.000554429 0.00270682 0.000103433 0.0396586 0.020746 0.0217847 0.0108404 7.3717e-05 0.0364015 0.190678 0.0197059 0.00140402 
0.133872 9.68547e-05 1.02541e-07 0.126532 0.0417366 0.144545 0.000657968 0.20319 0.00711984 0.00350006 0.00239083 0.000377727 0.0137288 1.40666e-05 0.00944206 9.79528e-05 0.035796 0.0122193 0.094959 0.0345237 2.34425e-05 0.0216946 0.0852388 0.0239751 0.00426815 
3.1804e-06 3.65388e-06 0.000792597 1.5823e-08 0.267447 0.0545008 0.0329033 0.380416 9.56593e-06 0.000151658 6.59341e-05 4.11487e-10 1.74553e-06 8.68271e-06 1.54876e-09 3.39172e-09 3.78139e-10 0.00452802 3.35261e-06 0.0589621 1.55615e-09 0.00844271 1.11913e-10 0.191759 1.45535e-09 
0.00236315 5.29404e-06 2.91439e-09 0.0225301 0.0837764 0.138663 0.00224068 0.595009 0.0118409 0.0144903 0.000811343 0.000120021 0.00392499 0.000110579 0.000535329 0.00140559 0.00411646 0.00128715 0.0199771 0.00669941 3.45037e-07 0.0030976 0.0312069 0.0527255 0.00306301 
0.0199534 9.12009e-05 2.34797e-05 0.00439723 0.159158 0.00701997 0.002058 0.477387 0.0201729 0.0373668 0.000188529 0.0392731 0.00451586 2.36705e-05 0.0954638 0.000185737 0.00884127 0.0337466 0.0114076 0.00493649 5.08008e-06 0.00101921 0.0117314 0.0588345 0.0021992 
0.0631676 0.106215 3.07e-08 0.00779621 0.117921 0.0330271 0.00246395 0.204529 0.0407585 0.158037 0.0196932 0.0327277 0.0184162 0.000132425 0.000430047 2.66168e-05 0.00412915 0.0381741 0.0106776 0.0824788 6.29299e-06 0.0222455 0.032223 0.00455677 0.000166691 
0.00331841 1.51471e-07 6.39902e-11 0.00226193 0.0211644 0.156046 0.00971037 0.246308 9.77898e-05 0.0346612 0.00120769 4.49723e-05 0.000467068 1.18616e-05 0.00529646 2.18107e-05 0.0212398 0.000114153 0.0258664 0.00167762 0.000115404 0.0384279 0.239255 0.19263 5.58889e-05 
0.00472081 0.000203751 0.000336968 0.0036871 0.240033 0.0540452 0.00412543 0.338057 0.0231345 8.36683e-05 0.145807 1.22186e-05 0.00987541 4.32532e-05 0.000428526 3.89114e-06 0.0192155 0.0404592 0.0203764 0.0250168 0.00477727 0.015541 0.0417439 0.00827005 1.65888e-06 
0.0230315 0.00063476 3.6063e-07 0.0450298 0.0655144 0.0285439 0.0225297 0.622222 4.14476e-05 0.000332031 0.0243138 4.57096e-06 0.00108006 0.0201175 0.00582933 0.000155077 0.0366662 3.60778e-08 0.0024777 0.046147 8.2972e-05 0.00903833 1.53434e-05 0.0452219 0.000970221 
0.00998883 1.35238e-06 1.1283e-07 1.33549e-05 0.000976791 0.0062248 0.00114372 0.683347 2.86123e-08 0.00736597 1.89042e-06 1.82808e-08 0.00787511 0.00226384 2.0583e-05 1.15975e-05 0.0644937 1.12876e-08 0.151932 0.0323847 1.5853e-05 0.0277042 0.00144642 0.00104178 0.00174644 
0.000472834 5.65704e-07 1.43789e-07 1.02883e-06 0.0311898 3.57915e-05 0.00107057 0.950832 0.00165127 0.0018038 8.18876e-07 9.30101e-07 1.96089e-06 6.6378e-09 4.92419e-06 1.07269e-08 4.20494e-06 8.03557e-10 0.00810099 6.75243e-07 1.43625e-05 1.26192e-06 1.42222e-06 0.0048078 2.97628e-06 
0.00887597 3.94834e-10 4.79367e-10 0.00301139 0.00388879 0.000713234 1.02739e-07 0.937581 0.000161042 0.020563 0.0132478 2.46817e-06 1.83966e-05 7.4909e-06 3.88781e-07 2.4147e-05 1.91925e-07 0.000666627 0.00326024 0.000899311 2.93721e-10 0.00297647 0.00268915 4.80185e-07 0.00141228 
0.0511927 1.16227e-08 2.94948e-06 0.0560873 0.108293 0.0162195 0.188393 0.35202 0.0228083 0.00140905 0.00106595 8.29047e-06 0.00397246 0.000119193 1.28199e-05 0.00278015 0.0117545 0.111603 0.0134305 0.00206247 3.26376e-09 0.00904474 0.0421299 0.00492757 0.000663088 
0.014334 4.72424e-11 5.73568e-11 0.00392231 0.156472 0.198516 0.00667553 0.574316 0.000191146 0.000383637 0.00015606 3.95102e-08 0.0132643 1.18497e-05 5.65957e-08 1.20403e-07 0.00468148 0.000268447 5.42891e-07 0.00671007 4.06284e-08 0.0186631 2.27417e-06 0.00143152 3.28677e-11 
0.00768727 4.82883e-08 7.80473e-07 0.0226072 0.17089 0.163152 0.00431532 0.391898 0.0241072 0.00158864 0.000142826 8.43282e-09 6.5222e-06 9.18217e-06 2.33878e-05 2.06348e-05 0.00697007 0.0540412 0.00919478 0.00951334 4.3456e-09 0.0555936 0.0660504 0.0121865 9.36982e-07 
0.121745 0.000990266 4.39845e-06 0.0519522 0.0579795 0.0291426 0.00915388 0.416345 0.0012812 0.0252303 0.00131279 4.65608e-06 0.00648864 0.00699973 2.79133e-05 1.13157e-05 0.0483678 0.000951907 0.0125511 0.00309792 4.47212e-07 0.0500555 0.129105 0.0266947 0.000505764 
0.00498818 7.92747e-05 8.28336e-05 0.00251201 0.168245 0.263976 0.0426726 0.2738 0.0461365 0.00106722 0.0452288 0.000111809 0.0116726 2.76882e-05 0.00211892 7.73748e-05 0.0258665 0.00897866 0.00827511 0.0328956 7.11502e-07 0.00953619 0.0333428 0.0146226 0.00368522 
0.00369593 7.94109e-07 1.68331e-06 0.00804024 0.22346 0.160464 0.00322854 0.411451 0.00475306 0.000489945 0.000517463 2.56783e-05 0.00131497 6.00549e-05 0.000130693 3.87168e-05 0.00341877 0.000393949 0.00248904 0.0132842 7.43822e-06 0.0529655 0.0939075 0.0158607 3.95147e-08 
0.0137421 7.51854e-06 3.45996e-08 0.0205111 0.0587838 0.000656135 0.0407525 0.332265 0.0736661 0.00321845 0.00119638 0.00155935 0.00603538 6.5601e-05 0.0284884 7.56439e-05 0.000966966 0.000420117 0.000983718 0.00798381 5.46441e-05 0.163664 0.0246355 0.220242 2.6159e-05 
0.0147663 0.00192201 7.41978e-10 0.0306381 0.00599027 0.00394322 0.000162665 0.810912 0.000837205 0.0108098 0.00564068 1.17144e-05 1.5066e-07 3.21132e-07 4.5247e-10 9.90894e-10 0.00941465 0.000167784 0.00429075 0.00537639 4.5463e-10 0.0127434 0.018088 0.0642822 1.86977e-06 
0.103908 0.0005489 2.44349e-06 4.15744e-05 0.0471024 0.0489356 6.81719e-05 0.419201 1.06888e-06 3.10641e-06 0.0149119 1.19038e-05 0.0238491 9.21282e-07 5.39486e-05 7.89824e-07 0.142905 2.33142e-05 2.55271e-06 0.0715741 1.77352e-07 0.0291086 0.0976348 9.76291e-05 1.40614e-05 
0.00670026 2.21339e-07 6.66703e-10 7.59167e-11 0.361986 0.000130628 0.00299746 0.531696 0.0109031 0.000278295 0.000298783 0.000147183 0.00125112 1.48233e-07 3.12452e-07 8.90366e-10 0.00353175 0.000776038 3.56656e-05 8.78038e-07 1.08676e-07 0.0135816 0.0109857 0.0546992 3.82046e-10 
0.00529133 5.06346e-06 1.5432e-06 0.000581913 0.0510488 0.0275457 0.000536384 0.491617 0.000250124 0.00185119 0.00285597 1.64541e-05 0.00270726 4.46825e-06 1.93217e-06 4.22417e-07 0.0113118 0.00246725 0.348685 0.0225544 1.8497e-07 0.0106465 0.0047862 0.0152166 1.65808e-05 
0.00288143 5.27162e-07 8.52759e-06 0.0150817 0.0717323 0.0303382 0.0285061 0.473732 0.00403944 0.00223398 4.42585e-10 3.10191e-05 0.0016031 4.41259e-07 3.65128e-05 3.31013e-07 0.000112464 0.00292005 0.0589786 2.56301e-07 4.7126e-08 0.110623 0.190491 0.00652877 0.000120514 
0.0525399 0.001784 0.000382965 0.0415826 0.100904 0.155592 0.00794981 0.232592 0.0158009 0.00573557 0.00167983 0.000150372 0.0115707 0.000134243 0.00320205 6.34839e-05 0.0652097 0.0138072 0.0547353 0.0125508 0.000129767 0.0540716 0.0938922 0.0709036 0.00303474 
0.0103162 7.60391e-08 5.21834e-09 0.00405947 0.197733 0.0715776 0.00642824 0.534531 0.00366244 0.00888392 0.00084388 4.87735e-06 0.00240163 9.8542e-05 0.000133117 7.32849e-05 0.00401966 0.0203718 0.0109355 0.00556173 3.05993e-07 0.0603193 0.0563533 0.000879538 0.000811328 
