0.0266255 0.000113858 1.29974e-06 0.00124638 0.0956728 0.0111125 0.000832428 0.607054 0.0136317 0.0138849 0.00439456 1.4187e-05 0.00362029 7.29619e-06 0.00600616 8.55389e-05 0.00526798 0.0196545 0.00707088 0.00180089 8.32213e-05 0.00518932 0.01832 0.0186947 0.139615 
0.0224749 3.44786e-09 3.97157e-10 0.0083131 0.0731325 0.0310458 0.00626412 0.477376 0.00231625 0.0267483 0.00225023 3.31968e-05 0.00032847 0.00027768 0.00444741 3.94522e-06 0.0010618 0.00274995 0.000298717 0.0027486 1.05146e-08 0.17184 0.104507 0.0617812 9.27943e-08 
0.0443161 0.00231592 0.00040991 0.0376626 0.07474 0.0928165 0.00207265 0.176815 0.0163533 0.00644309 0.0371242 0.00336588 0.00995254 2.0493e-07 0.0217124 0.000532433 0.00264766 0.129678 0.00636222 0.0187767 2.05024e-07 0.041375 0.153053 0.119957 0.00151752 
0.00440746 3.18724e-06 3.66224e-08 0.0308105 0.0275483 0.0250171 0.0003709 0.861728 0.00712205 0.000808304 0.00025983 5.24518e-06 0.00172716 2.78399e-06 0.00260522 4.10732e-06 0.000135345 0.000544811 0.0099097 0.0025479 5.23384e-06 0.00892492 0.0105122 0.00466759 0.000331859 
0.0526417 0.000108911 3.10666e-05 0.0458133 0.00223361 0.000122498 0.000119 0.397442 1.34895e-05 0.000343652 6.68394e-05 1.11761e-05 0.0110665 1.19583e-05 3.90568e-07 1.05939e-05 0.319621 0.000291268 0.000704322 0.0169209 0.000132057 0.016337 0.130346 0.00559213 1.84066e-05 
0.00162165 2.41717e-10 2.57584e-07 0.00556681 0.0515019 1.45935e-06 1.30241e-05 0.51388 0.0262779 0.0187353 0.0224081 4.75479e-11 1.05632e-06 2.42519e-10 0.0252044 6.87422e-07 0.0533536 0.125992 0.00405732 8.44791e-07 1.79816e-10 0.0853176 0.0134834 0.0525821 7.30461e-07 
0.0571783 4.18711e-07 7.73223e-11 0.186102 0.00333762 0.0827584 0.000219078 0.270704 0.000796337 0.00297971 0.0285162 6.59712e-08 0.0287399 0.000836657 5.48305e-06 1.03262e-10 0.00612986 9.31738e-05 0.00738825 0.0550399 5.55322e-05 0.00959227 0.259064 0.000460955 1.37239e-06 
0.00739423 0.0462168 4.87878e-07 0.00848555 0.233573 0.0068516 0.0679099 0.411492 0.0207004 0.019234 0.000159593 7.62408e-05 0.00137551 0.000126661 0.018782 3.92108e-06 0.00549666 1.4898e-05 0.000534647 0.000435018 4.03462e-05 0.0367574 0.0962411 0.0180715 2.62337e-05 
0.116547 0.00163058 0.00236967 0.0561877 0.0219519 0.101623 0.000534125 0.298853 0.00677256 0.0732025 0.00147812 9.92563e-07 0.00223071 0.00188987 0.000843464 1.73502e-05 0.00543208 0.00754016 0.00896886 0.00864906 4.94059e-06 0.0468407 0.212462 0.0238919 7.74653e-05 
0.0916266 0.00062271 8.98204e-08 0.0344512 0.151876 0.0973492 0.0023427 0.159107 0.0769955 0.0345022 0.00362068 2.12735e-08 0.00153114 0.0100447 0.000723174 2.33725e-07 0.00365793 0.00359655 0.0018206 0.0666545 2.73488e-06 0.0385644 0.155564 0.0652754 7.04842e-05 
0.0119384 4.87335e-06 1.58133e-11 0.00240747 0.135333 0.154545 0.00249725 0.363688 0.00127438 4.46053e-05 0.000138024 4.80199e-06 0.00253356 2.83368e-06 1.5574e-08 9.13877e-05 0.0214052 0.000536375 2.02247e-07 0.00741663 1.11801e-08 0.00318097 0.288432 0.00452281 1.8768e-06 
0.0348496 0.012862 2.38358e-05 0.0223668 0.182158 0.0188833 0.00489336 0.3352 0.0139203 0.0380648 0.0117288 0.000250901 0.00244649 2.35028e-05 0.00355994 0.000875928 0.00316396 0.00898227 0.0386905 0.00273548 2.48291e-05 0.0304943 0.176389 0.0560132 0.00139858 
0.0182076 2.5864e-05 2.65516e-06 0.0101495 0.0282574 0.148871 0.0107987 0.26932 0.0221864 0.00960234 0.000255908 0.000316328 0.00150182 9.14105e-05 0.000986294 6.33989e-05 0.0399603 0.00931242 0.149088 0.00134567 8.71399e-06 0.0736423 0.194325 0.0114579 0.000222335 
0.0481194 4.63912e-10 5.63234e-10 0.00165733 0.0507315 0.0141418 0.000171004 0.843889 0.0143257 0.0016699 0.0076625 3.31823e-05 2.3325e-08 4.6533e-08 0.000193483 2.54943e-05 0.0071143 0.00119026 5.12677e-07 0.0020147 5.03096e-06 0.00423318 0.00132239 0.00106262 0.000436877 
0.00423369 9.33262e-11 1.13307e-10 0.00183735 0.110033 0.00961578 0.000736643 0.823951 0.00103519 0.000195212 0.000749919 6.77415e-06 5.86414e-05 8.60785e-05 0.000670317 8.7219e-06 0.00125338 0.000212247 3.78339e-05 0.00101595 2.41426e-08 0.00637245 0.029485 0.00833359 7.14097e-05 
0.00591021 5.94113e-05 5.88813e-08 0.0167126 0.285569 0.131869 0.00347878 0.318397 0.00457239 0.00112293 0.00968217 0.0241498 0.00352469 8.00062e-05 0.00131565 9.32243e-05 0.0101209 0.00517339 0.0090939 0.00408405 3.73749e-08 0.103028 0.031532 0.0302853 0.000145748 
0.0301052 0.0287259 1.77099e-06 0.0126146 0.0592354 0.0633167 0.00188769 0.252326 0.00169203 0.0241267 5.598e-05 3.9383e-05 0.00034213 3.90839e-08 0.000309201 4.37655e-08 0.0310107 0.0606253 0.00108541 0.000545502 2.41667e-06 0.0570536 0.233508 0.141163 0.000227296 
0.0175118 5.44389e-07 0.000179865 0.0133603 0.339305 0.00873645 0.0160947 0.375354 0.0154084 0.0002154 0.000423152 3.30889e-05 0.00966506 2.34754e-07 0.00802778 0.000269274 0.00152708 0.00510971 0.000516516 0.00805086 1.22744e-07 0.00350589 0.0386576 0.137525 0.000522623 
0.0675089 0.000851852 8.65813e-09 0.0899518 0.126023 0.0146983 0.00834301 0.323935 0.0553706 0.00326368 0.0179961 1.08601e-05 0.0419739 2.09099e-06 0.0224322 1.67706e-07 0.0534189 7.46961e-05 0.00257729 0.0454703 1.15329e-06 0.0193052 0.0612412 0.0454164 0.000134223 
0.0171982 0.000925019 4.52638e-07 0.0281438 0.174913 0.0720097 0.0932259 0.212875 0.0140589 0.0191406 0.0117091 0.000157014 0.00532621 3.76109e-05 0.000851558 2.03794e-05 0.016906 0.0295367 0.0072993 0.00170932 6.92905e-06 0.0188243 0.199943 0.0738086 0.00137421 
0.0336597 0.000462347 6.04427e-10 0.0278941 0.141687 0.0493101 0.0212538 0.336783 0.0186317 0.00241139 0.0116122 0.00213804 0.00145149 8.14387e-05 0.00164433 5.99596e-07 0.0288695 0.000883421 0.135432 0.00155621 9.65404e-07 0.00489606 0.0356053 0.142101 0.00163345 
0.049518 7.45721e-05 0.000403108 0.00996412 0.0422618 0.0303035 0.0131589 0.359846 0.00324838 0.000513186 0.000197908 0.0801767 0.000589148 0.000274835 0.000355371 3.32737e-05 0.000178303 0.000211442 0.00276901 0.000133679 2.93293e-05 0.114089 0.27002 0.021452 0.000198953 
0.0134742 0.00482576 5.64484e-07 0.0291352 0.124341 0.0155947 0.00102469 0.345627 0.0928407 0.0763973 0.000863814 2.71167e-06 0.00928826 0.18747 2.82978e-05 7.53855e-07 0.00096145 0.0230382 0.00630626 0.0389819 6.3495e-06 0.00779906 0.0102835 0.0115556 0.000152628 
0.0830909 0.000841717 1.08356e-07 0.00122026 0.0723854 0.0115916 0.00120047 0.292105 0.00177093 0.230845 0.00030653 0.00249989 0.00085827 0.000882427 0.000775756 1.01168e-05 0.0262436 0.00471397 0.0515951 0.0253724 2.13992e-07 0.00688919 0.142991 0.0417596 5.02919e-05 
0.0114934 0.0575561 1.85542e-08 0.0168036 0.0654178 0.160623 0.00137026 0.197707 0.00217113 0.00444101 0.0315459 0.015866 0.0163543 0.0638402 0.000146635 2.95191e-05 0.0206547 0.00104663 0.0101797 0.0016648 8.43363e-05 0.0684813 0.157337 0.094869 0.000316674 
0.00327585 2.2132e-06 8.69694e-09 0.0185421 0.0224501 0.0260312 0.000985869 0.68541 0.00200201 0.000103708 4.51789e-06 0.000531426 0.00368171 1.12544e-07 0.0308952 1.00481e-06 1.34081e-05 0.00301816 3.67199e-06 0.000380879 1.50593e-06 0.0200922 0.130132 0.052412 2.97046e-05 
0.000158676 6.93008e-09 8.4138e-09 0.00879906 0.154155 0.00211155 0.0365621 0.64187 0.00252675 0.000100081 0.000290256 4.81304e-09 0.0450704 6.95308e-09 3.93578e-07 2.0586e-06 0.000652194 0.100081 0.00017688 0.00138707 3.44364e-07 0.00588103 8.50253e-05 8.94485e-05 9.05621e-07 
0.0249653 0.000483266 9.98821e-09 0.049484 0.0420823 0.0757289 0.00514885 0.359948 0.000219075 0.00555791 0.00028345 5.05738e-05 0.0123111 6.55817e-05 3.80693e-05 1.02054e-05 0.107898 0.0222033 0.149235 0.017607 2.61793e-07 0.050892 0.063456 0.0122759 5.64348e-05 
0.0407612 1.22176e-07 1.49737e-10 0.00437019 0.167784 0.00160924 0.000466751 0.399802 8.06194e-05 0.0435305 0.00675226 0.00060757 0.000572283 0.00218187 9.13123e-11 0.00135885 0.0766589 0.000244034 0.151062 0.0251365 1.30036e-08 0.00729678 0.0571149 0.0124284 0.000181321 
0.0323052 0.00272045 0.000174689 0.0533015 0.056793 0.00914183 0.00482689 0.430574 0.0109799 0.010991 0.0113444 0.000771181 0.0135437 0.000380128 0.0568925 0.00167634 0.0808893 0.00445594 0.0297969 0.00962181 0.000556012 0.0143994 0.084501 0.077192 0.00217109 
8.31804e-07 8.05916e-11 9.7846e-11 5.34808e-07 0.0376099 3.10114e-06 0.00134348 0.91254 0.00580844 0.0112468 1.59527e-06 1.58531e-11 3.07568e-07 6.55037e-07 5.96681e-11 1.30671e-10 1.64915e-06 4.8161e-07 0.000332668 1.62168e-06 5.99529e-11 0.0044548 4.3116e-12 0.026653 5.60695e-11 
0.0193514 0.0048693 4.03157e-05 0.0498655 0.0813923 0.184447 0.0090454 0.225392 0.0089477 0.012232 0.0132339 0.000185872 0.00521539 6.19486e-05 0.00127706 0.000667473 0.0293735 0.0120408 0.0428504 0.0193034 0.000100434 0.0731606 0.184372 0.0224419 0.000133059 
0.0492392 0.00026362 5.72908e-07 0.0704843 0.135858 0.000185919 0.000753236 0.203591 0.00688985 0.0935686 0.00282964 0.00686162 0.0148569 5.89664e-06 0.00114878 0.0874684 0.117616 0.0161659 0.00243532 0.0064207 9.2279e-06 0.0079018 0.0597148 0.0610362 0.0546934 
0.00172654 9.30395e-06 5.08083e-07 0.00354132 0.0811582 0.00697241 0.00072763 0.886476 0.000807336 5.89601e-06 1.04324e-05 3.76716e-06 0.00124264 4.19875e-07 3.09837e-07 6.78532e-07 0.00834397 0.00257237 0.000346956 0.0016113 3.11316e-07 0.000212821 0.0041935 2.54789e-05 1.00968e-05 
0.364677 3.85912e-10 4.68535e-10 0.0446863 0.00136734 1.43396e-07 0.000422995 0.435621 1.18815e-10 1.13609e-10 2.41425e-07 7.59125e-11 3.30634e-06 3.87192e-10 2.42891e-06 6.25717e-10 4.3956e-07 2.20348e-07 1.23907e-06 7.06793e-06 2.87084e-10 7.50281e-06 0.153201 3.38855e-07 7.78885e-07 
0.1204 0.000137895 6.29831e-09 0.031935 0.305016 2.81489e-05 9.51941e-07 0.41941 0.00105177 0.00232453 0.0127486 9.19105e-06 0.00399424 5.71305e-05 0.00129011 1.25465e-06 0.0037985 9.63137e-06 0.00660187 0.0119475 3.85914e-09 0.00479374 0.0422666 0.0223064 0.00987022 
0.0152084 1.72488e-06 2.2626e-07 0.0161218 0.061947 0.0229999 0.00374081 0.762491 0.00314992 0.00527878 0.0113436 1.12094e-05 0.00308746 8.55564e-06 0.0012915 0.000139384 0.00642211 0.00412674 0.00499205 0.0076449 5.15027e-07 0.0173689 0.034869 0.0167192 0.00103543 
0.00394357 3.29816e-05 7.02394e-10 0.0169171 6.96936e-05 0.0547555 0.000129864 0.46188 8.5718e-06 0.000586517 8.56212e-07 3.77532e-06 1.50715e-06 6.97108e-05 4.94512e-06 2.83702e-06 0.00238626 0.000943421 0.00141803 0.049409 6.25424e-06 0.0557271 0.350371 0.00132904 2.64631e-06 
0.0158099 0.00387332 5.82369e-07 0.0498113 0.00653328 0.0655096 0.000937749 0.380064 0.00405191 2.56515e-06 2.09102e-05 0.0119316 0.00613097 0.000606223 0.12568 1.35583e-06 0.000408136 1.1986e-05 0.00215693 0.00558475 8.09124e-07 0.0976607 0.213287 0.00992071 2.98971e-06 
0.0415046 0.00114822 2.68321e-09 0.0387576 0.0107792 0.0317195 0.0777962 0.288139 0.00274845 0.00120181 0.00158174 5.38655e-07 0.0611256 0.00030664 1.22969e-06 3.49725e-05 0.0295022 0.171388 0.00383239 0.00241482 1.58358e-06 0.0177409 0.216946 0.00132397 4.45724e-06 
0.0705948 3.22567e-07 3.22444e-07 0.0193517 0.227854 0.0400297 0.0245144 0.251628 0.0657557 0.0172793 0.00154996 0.00177698 0.00277808 0.00180669 0.0060351 0.000741402 0.0313672 0.0189646 0.00956207 0.00965807 3.22714e-07 0.0116945 0.0850748 0.100756 0.00122675 
0.0624674 0.000104015 0.000721462 0.0358294 0.0681857 0.00215403 0.000739935 0.310657 0.00682056 0.035442 0.0593424 0.000650339 0.0230829 1.8013e-07 0.00731184 0.000112472 0.0220003 0.0381326 0.0110882 0.0257009 3.28498e-07 0.00486393 0.0708653 0.209543 0.00418374 
0.0314959 0.00414138 1.3649e-05 0.0468099 0.119094 0.0610774 0.00783296 0.299302 0.0202071 0.00530744 0.00668249 0.000668869 0.0249991 0.000341037 0.00317689 0.000923907 0.0509395 0.0199928 0.0147941 0.0264338 0.0028206 0.041339 0.110138 0.0988158 0.00265217 
0.0194738 2.8862e-05 2.62832e-09 0.00803919 0.0718995 0.0443768 4.55462e-05 0.673214 0.000327987 0.004338 0.00203378 1.54588e-05 0.0198028 6.16651e-05 2.27861e-05 3.23024e-05 0.0126604 0.0287987 0.0113103 0.0135024 2.76905e-07 0.0503015 0.0222239 0.014794 0.00269572 
0.0907117 0.000846982 1.85628e-09 0.0685396 0.119846 0.0973083 0.0254851 0.165377 0.0489486 0.00183407 0.0101394 0.00175216 0.000220565 1.13534e-05 0.00178051 2.25617e-06 0.0152788 0.0233435 0.143789 0.00525959 1.1457e-08 0.00462879 0.0981892 0.0755467 0.00116036 
0.0461591 2.53644e-07 1.39782e-10 0.18779 0.0951656 0.0547355 0.00814687 0.439562 0.00201675 0.00678325 0.00128295 4.37986e-05 0.0492721 0.000189911 0.00770531 1.23508e-07 0.00732963 5.2335e-05 0.00124155 0.00589755 5.66665e-08 0.0224453 0.00177016 0.0617053 0.000704317 
0.00236884 1.46512e-05 1.90629e-08 0.0279542 0.000425083 0.00402977 0.000350202 0.346725 0.0028504 0.0167777 1.33611e-06 3.76597e-06 5.89509e-05 4.54604e-07 0.00021209 1.40048e-05 0.131378 1.05239e-06 0.00311282 2.69542e-07 0.000339308 0.0980144 0.120842 0.244433 9.28006e-05 
9.27735e-08 0.000399375 1.20918e-06 1.37688e-07 0.000191456 1.08812e-07 2.8073e-07 0.998987 3.06633e-07 2.93199e-07 5.18784e-07 1.95912e-07 2.517e-07 9.99252e-07 7.37376e-07 1.61483e-06 1.80035e-07 6.06045e-05 1.89205e-07 2.40006e-07 7.40896e-07 1.70147e-07 0.000191871 0.000160769 6.92905e-07 
0.000724716 0.12699 7.71996e-08 0.00130175 0.0328094 0.166845 0.0413256 0.375133 0.00216404 0.0014583 0.000184837 0.000104669 0.00021563 2.06208e-06 0.000215541 2.37449e-05 0.0101847 0.00382821 0.00217015 2.7889e-05 0.000103686 0.0884377 0.118734 0.0269598 5.59044e-05 
0.00550573 4.1543e-05 3.09683e-05 0.0637616 0.0152866 0.056588 0.0175589 0.320293 1.34955e-05 0.00834342 0.00207515 8.46698e-06 0.000185032 1.18014e-05 0.189773 1.02923e-05 0.00396701 0.000292847 0.00188529 0.110494 0.000129294 0.0239443 0.163987 0.0158126 2.14565e-07 
0.00288143 5.27162e-07 8.52759e-06 0.0150817 0.0717323 0.0303382 0.0285061 0.473732 0.00403944 0.00223398 4.42585e-10 3.10191e-05 0.0016031 4.41259e-07 3.65128e-05 3.31013e-07 0.000112464 0.00292005 0.0589786 2.56301e-07 4.7126e-08 0.110623 0.190491 0.00652877 0.000120514 
0.0307696 8.88792e-05 3.84379e-07 0.0827828 0.0831711 0.109282 0.00977811 0.327835 0.0266303 0.00177293 0.00654412 1.40376e-05 0.0735966 1.57755e-06 0.00495519 1.66614e-05 0.0291394 0.0137425 0.00882415 0.0162283 9.67234e-07 0.0370567 0.0959909 0.0417462 3.10268e-05 
0.0337753 0.00685367 6.5899e-08 0.0015498 0.127258 0.0138344 0.00453703 0.467829 0.012016 0.0405267 0.00192307 0.000209818 0.00229031 4.11131e-05 0.0139224 0.000102488 3.62047e-05 0.00025459 0.00918559 0.00554738 6.72145e-05 0.000445064 0.0151328 0.242528 0.000134302 
0.0668224 6.20398e-05 9.16094e-07 0.0927575 0.141927 0.0288906 0.000584571 0.236764 0.0106641 0.000579475 0.0067471 4.0649e-06 0.0629552 0.000184146 0.0036672 1.6816e-07 0.0574209 0.000685141 0.00180762 0.0714591 4.4026e-08 0.0111413 0.0761433 0.0766398 0.0520917 
0.0864045 1.7569e-06 1.75623e-06 0.112616 0.0835938 0.0542 0.00985294 0.233143 0.0260358 1.7591e-06 0.00580445 1.75941e-06 0.0796949 1.75689e-06 0.00105638 1.75495e-06 0.0249861 0.0510313 0.0448673 1.75927e-06 1.7577e-06 0.0573611 0.0608925 0.0684448 1.75785e-06 
0.105059 0.0683415 9.563e-06 0.0213686 0.0341985 0.0663251 0.00336118 0.355228 0.00109876 0.00177171 0.0196658 0.00912193 0.014239 0.00277717 0.000232178 1.01399e-05 0.0146719 0.0290869 0.0167054 0.00245652 7.19123e-05 0.0710078 0.0795704 0.0824822 0.00113921 
0.218461 4.22244e-08 2.32092e-11 0.0141935 0.0238759 0.0259323 0.00285405 0.489989 0.000510599 0.00512062 0.000216831 5.073e-06 0.0123168 0.00133264 4.68325e-05 3.80804e-08 0.01177 0.000983918 0.00547023 0.0363489 2.05218e-08 0.00611144 0.14293 0.00145813 7.29014e-05 
1.27161e-06 0.000216119 3.77108e-05 0.0296727 0.068641 1.78587e-05 0.0121682 0.49787 0.080108 0.140118 1.98801e-05 6.79305e-06 8.12484e-09 3.22557e-08 5.85061e-05 1.3773e-05 2.95481e-05 3.90481e-09 2.14962e-06 2.01368e-05 2.3916e-08 5.58947e-06 6.64179e-06 0.0806557 0.0903306 
0.0603038 0.000828752 2.00959e-08 0.00369878 0.0260591 0.00294677 1.68336e-06 0.591296 0.00137416 0.00435987 0.0187667 6.80885e-06 0.000390231 3.37373e-05 0.0325698 1.10863e-05 0.00900412 1.57297e-05 0.00047344 0.0186654 8.69472e-06 0.00973801 0.097978 0.107694 0.0137753 
0.0051063 2.7242e-05 8.05636e-10 0.00508461 0.169864 0.0159125 0.00543302 0.282506 0.0282133 0.111554 0.00345077 0.000982546 0.00609719 1.20855e-06 0.00102406 6.48016e-07 0.0137241 0.0143394 0.0518937 0.00115534 1.69374e-07 0.0813543 0.0732936 0.038768 0.0902149 
0.0288838 8.66192e-07 0.000273951 0.01221 0.129913 0.0138281 0.0220801 0.457371 0.00181824 0.257678 0.00163414 0.00307418 0.00241976 0.00360293 0.0047937 0.000125574 0.00448401 0.00996533 0.00398927 0.00783383 7.33807e-07 0.00669051 0.0127043 0.00910713 0.00551784 
0.0161608 6.9226e-07 1.0713e-09 0.0652436 0.108124 0.0136244 0.0013983 0.54444 0.0189658 0.00352121 0.00310959 0.035733 0.00527687 8.60747e-05 0.0070564 1.43069e-09 0.000827428 0.00127994 0.000620032 0.0605492 3.4563e-06 0.00863575 0.0240743 0.081086 0.000182879 
0.000405842 1.98694e-05 2.30083e-06 0.0035008 0.0748679 0.000127703 7.50061e-05 0.539367 0.195205 0.0395492 2.39881e-06 1.81497e-06 4.43908e-05 1.01758e-06 1.95133e-05 0.0282405 2.58695e-06 0.000780852 0.000359841 0.000352436 1.68646e-06 2.67125e-08 0.0113615 0.105706 4.96292e-06 
1.05413e-06 3.17402e-10 3.85357e-10 0.000149311 0.011614 0.00172413 3.48927e-05 0.981829 2.64452e-07 0.000597543 8.78699e-06 2.98058e-08 1.16806e-08 2.33453e-08 0.000128354 1.3623e-07 5.7376e-11 1.04883e-06 2.56278e-07 5.31303e-05 2.36119e-10 0.000237899 0.00150157 0.00143131 0.000687045 
0.0137292 2.06248e-07 2.50406e-07 0.00677372 0.00801421 0.0318612 4.59075e-06 0.419878 0.00224815 0.0504971 0.000862694 8.38903e-06 0.221466 2.06933e-07 2.56436e-05 3.3441e-07 0.02343 5.68704e-05 0.00367011 0.0883653 4.20491e-06 0.0418942 0.0840556 0.00313663 1.78522e-05 
0.00047988 1.96095e-06 1.59213e-08 3.76117e-06 0.0181898 0.000344657 2.38287e-06 0.392048 0.250759 0.00561535 6.83086e-09 1.67404e-05 3.31415e-09 1.31572e-08 9.70907e-09 0.141207 2.6236e-06 3.10794e-07 0.000276347 3.11038e-05 9.75542e-09 0.000389458 0.00138525 0.0794453 0.109801 
0.00281369 0.00227593 8.28017e-09 0.0473261 0.0802745 0.00770838 0.00182442 0.541605 0.0104725 0.002238 0.0590698 8.773e-08 0.0176537 5.0494e-07 0.00284368 0.000222163 0.00739883 6.47877e-05 0.000360506 0.0410267 0.000814005 0.000461685 0.0281403 0.143937 0.00146795 
0.0105277 7.84946e-08 9.53001e-08 0.0347008 0.113607 0.0143759 2.21255e-08 0.355583 0.0248628 0.019184 0.0002066 8.89245e-06 0.0850659 7.8755e-08 0.0107665 1.27271e-07 0.00634392 9.53391e-09 0.00466652 0.0123121 4.78757e-06 1.59247e-05 0.302308 0.00542794 3.0783e-05 
0.0224749 3.44786e-09 3.97157e-10 0.0083131 0.0731325 0.0310458 0.00626412 0.477376 0.00231625 0.0267483 0.00225023 3.31968e-05 0.00032847 0.00027768 0.00444741 3.94522e-06 0.0010618 0.00274995 0.000298717 0.0027486 1.05146e-08 0.17184 0.104507 0.0617812 9.27943e-08 
0.00130928 5.61659e-06 1.04431e-06 0.00485971 0.0903122 0.0669031 3.05832e-05 0.459141 2.15013e-05 4.81577e-05 0.0328506 9.21861e-06 0.0116869 8.63007e-07 6.36837e-07 1.39465e-06 0.300298 0.000111949 2.70386e-06 7.12016e-06 6.39877e-07 0.00073751 0.03165 9.58282e-06 5.98429e-07 
0.00243107 1.102e-08 1.33793e-08 1.52349e-09 0.0140782 0.000921353 0.0125133 0.94586 4.99693e-06 3.24419e-09 2.1392e-06 1.19574e-05 2.32139e-06 1.61652e-05 0.00117652 1.17242e-05 3.46541e-05 0.00440498 1.34041e-06 2.65562e-09 8.19789e-09 0.000229595 0.0178255 3.10021e-06 0.000471347 
0.0407612 1.22176e-07 1.49737e-10 0.00437019 0.167784 0.00160924 0.000466751 0.399802 8.06194e-05 0.0435305 0.00675226 0.00060757 0.000572283 0.00218187 9.13123e-11 0.00135885 0.0766589 0.000244034 0.151062 0.0251365 1.30036e-08 0.00729678 0.0571149 0.0124284 0.000181321 
7.83725e-06 6.10021e-05 1.03956e-06 0.00116291 0.122781 0.000200263 0.0230627 0.653427 2.6362e-07 0.000148218 0.044575 0.000230492 2.16393e-07 8.59082e-07 0.00514572 1.38831e-06 0.0174194 0.0033006 1.62664e-07 0.00828234 6.36967e-07 0.0662288 4.31144e-05 0.0538116 0.000106817 
0.00147669 0.000829786 0.000178381 0.00186271 0.0016573 0.00362761 0.000209058 0.952169 0.00180175 0.000678762 0.00692279 0.000236889 0.000900007 7.36695e-08 0.00575708 0.000309654 0.000171235 0.00563456 0.000432436 0.00161905 5.46223e-08 0.00252889 0.00292891 0.00768909 0.000378074 
0.0149991 3.13033e-10 1.19528e-08 0.0292568 0.139967 0.0032883 0.0146948 0.434231 0.0160412 0.0172093 0.0126712 7.60319e-05 0.000536662 1.16959e-05 0.00646463 1.09206e-05 0.0219771 0.11686 0.00922425 0.000775834 2.32869e-10 0.0052635 0.122997 0.033281 0.000163239 
0.0632536 0.000104922 5.15311e-06 0.0159805 0.187806 0.0052507 0.00733263 0.27968 0.00400283 0.0150109 0.00075863 7.98521e-05 0.00234811 3.10598e-07 0.0372011 0.000161954 0.020779 0.00557477 0.00632401 0.00540109 6.12302e-05 0.0236519 0.0823599 0.236664 0.000206716 
0.00479412 1.13547e-06 1.10201e-08 0.00239841 0.000442765 0.241199 5.59927e-05 0.366532 2.53865e-05 0.00266518 3.48122e-07 0.000117322 3.22258e-05 2.12973e-07 0.00076041 2.02175e-07 0.00319637 1.5889e-05 0.00228948 2.35951e-06 7.00919e-06 0.122061 0.233942 0.0194587 1.57043e-06 
0.00581083 4.04619e-08 8.39797e-10 1.93977e-06 0.138842 0.00326985 7.90657e-07 0.743845 0.00227154 0.00557882 2.17574e-05 5.38799e-06 0.00258772 0.000157863 0.00141486 1.12153e-09 0.000340598 0.000244861 0.00495499 3.64561e-06 2.35479e-08 0.00177884 0.0577285 0.0311391 6.83652e-07 
0.219026 2.29744e-05 1.21308e-07 0.0259535 0.00238519 0.0174699 0.00106783 0.34483 0.00010606 0.0664727 0.00186765 0.000129917 0.0141278 0.000523181 0.000140864 1.74681e-06 0.012087 0.00383725 0.0444604 0.0401369 7.3527e-08 0.00676507 0.184109 0.0144793 1.86253e-07 
0.129245 0.0062901 2.48818e-08 0.000200526 0.106886 0.0131485 5.36192e-05 0.328318 1.10767e-05 0.00747476 0.000816343 3.84639e-05 0.00151952 1.2297e-05 0.000165972 6.0024e-06 0.0294942 0.000474391 0.000273103 1.93681e-05 5.51264e-05 0.0535597 0.158938 0.162962 3.83069e-05 
0.077692 0.00138438 2.29021e-10 0.149002 0.101112 0.012003 0.00526348 0.194838 0.00193583 0.0164295 0.0118146 0.000972709 0.00748523 0.00161077 0.00744385 0.0011793 0.0274668 0.00462141 0.110876 0.031727 0.0192574 0.0294202 0.154169 0.031832 0.000463692 
0.02726 2.55836e-05 1.44949e-08 0.0328529 0.104985 0.0291379 0.0156902 0.440076 0.0097485 0.00100727 0.0039258 7.98708e-05 0.0162568 2.09386e-05 0.0090732 1.87343e-05 0.0152099 0.0129729 0.0145576 0.00286544 3.43439e-06 0.0154051 0.176901 0.0713902 0.000534968 
0.0377994 0.0049961 0.00017402 0.0597346 0.0379483 0.0692736 0.000489065 0.364694 0.00288548 0.00329633 0.0127631 3.24257e-05 0.0703037 0.00215069 0.000471473 1.01415e-05 0.0723221 0.0372314 0.0153611 0.0214938 0.000587653 0.0154455 0.0916541 0.0785024 0.000379404 
0.0179868 0.00203242 0.0013382 0.0126189 0.0962041 0.0520902 0.0254806 0.572485 0.00501597 0.00573036 0.00703969 0.000209901 0.0073104 0.00158784 0.00153885 0.000166646 0.027555 0.0407734 0.0164046 0.00473538 0.00110142 0.0188211 0.0703976 0.0101451 0.00123035 
0.0121763 0.000112893 0.00320494 0.00379915 0.06116 0.0101033 0.00634739 0.748275 0.00231623 0.000604821 0.0168848 7.59647e-06 0.015526 0.000171142 0.0299531 4.68311e-06 0.00116782 0.000711197 0.000946185 0.00195126 5.14316e-09 0.00996657 0.0281744 0.0460134 0.000421673 
0.0125211 9.18351e-06 2.01627e-06 0.00463191 0.0292074 0.00023785 0.00171626 0.809378 0.0035427 0.000504269 0.0375957 1.92383e-06 0.000596261 0.000130573 0.000517722 4.18224e-05 0.00232475 7.81993e-05 0.00332259 0.00109889 1.83133e-06 0.00067843 0.0285207 0.0631976 0.000141915 
0.0193353 1.47145e-06 2.24189e-05 0.0347835 0.088736 0.0463397 0.00892801 0.31798 0.0432511 0.0081421 0.00276841 1.57164e-05 0.0101713 1.91041e-05 0.00107286 4.37457e-06 0.0370104 0.022403 0.0306258 0.00821675 1.74766e-06 0.0246706 0.274124 0.0213122 6.39664e-05 
0.00288143 5.27162e-07 8.52759e-06 0.0150817 0.0717323 0.0303382 0.0285061 0.473732 0.00403944 0.00223398 4.42585e-10 3.10191e-05 0.0016031 4.41259e-07 3.65128e-05 3.31013e-07 0.000112464 0.00292005 0.0589786 2.56301e-07 4.7126e-08 0.110623 0.190491 0.00652877 0.000120514 
0.0322245 4.95929e-06 3.9854e-06 0.0137838 0.0291907 0.0959928 0.000244395 0.295152 0.00553934 0.0112381 0.00282127 2.20117e-05 0.0145862 0.000143504 0.0102501 6.96539e-05 0.0311577 0.000416384 0.0648944 0.00435765 5.23344e-05 0.0620895 0.192797 0.132734 0.000233821 
0.00377179 7.04135e-05 5.73e-07 0.0912855 0.0846234 0.0523163 0.0185026 0.372964 0.00462687 0.000510365 0.0137412 0.001375 0.00281657 4.63139e-06 0.000948857 8.53524e-06 0.000833977 0.00572099 0.053558 0.190413 2.91989e-07 0.0449165 0.0551687 0.000507921 0.00131444 
0.00887597 3.94834e-10 4.79367e-10 0.00301139 0.00388879 0.000713234 1.02739e-07 0.937581 0.000161042 0.020563 0.0132478 2.46817e-06 1.83966e-05 7.4909e-06 3.88781e-07 2.4147e-05 1.91925e-07 0.000666627 0.00326024 0.000899311 2.93721e-10 0.00297647 0.00268915 4.80185e-07 0.00141228 
0.0112311 0.001929 1.21895e-10 0.038896 0.0649987 0.139159 0.00688299 0.356325 0.00100042 0.0116289 0.00553785 0.000281514 0.00186949 1.00733e-10 0.060734 0.000892451 0.00772835 1.32829e-05 0.0076972 0.0559352 1.93863e-07 0.0305985 8.73879e-07 0.19593 0.000730288 
0.0014619 0.00623412 0.000162444 0.00167033 0.136648 0.0169359 0.00398688 0.398477 0.00450503 0.017326 0.087409 0.00168186 0.0193789 0.000110541 0.00545156 0.000176515 0.00486097 0.000161251 0.0220964 0.0577689 6.09757e-05 0.00446964 0.00463442 0.203639 0.0006922 
0.0207521 0.000728651 2.88028e-10 0.132857 0.054914 0.114533 0.0266021 0.423666 0.0026557 0.00408992 0.00677396 5.37098e-05 0.0070753 6.06231e-05 0.000620078 7.41087e-08 0.0385032 0.00249663 0.00154069 0.0471018 1.76483e-10 0.00824256 0.0966879 0.0088645 0.00118105 
0.00786121 1.16551e-05 7.0157e-08 0.134884 0.0234706 0.0856449 0.00115047 0.400152 0.00889287 8.73521e-05 0.000462547 1.94499e-05 0.0194337 2.0595e-06 0.000873916 4.35518e-05 0.0307826 0.00619409 0.010146 0.1979 0.00863264 0.0134905 0.0362241 0.0122615 0.00137867 
0.00288143 5.27162e-07 8.52759e-06 0.0150817 0.0717323 0.0303382 0.0285061 0.473732 0.00403944 0.00223398 4.42585e-10 3.10191e-05 0.0016031 4.41259e-07 3.65128e-05 3.31013e-07 0.000112464 0.00292005 0.0589786 2.56301e-07 4.7126e-08 0.110623 0.190491 0.00652877 0.000120514 
0.0051028 5.79158e-06 7.20305e-07 0.190132 0.0392506 0.0208063 0.00020601 0.505999 0.00104041 0.0375493 0.000685991 2.6707e-07 0.0003139 5.63325e-07 1.67358e-05 0.0555129 0.00075642 0.000132185 0.00105586 0.000483821 9.04269e-08 0.0485888 0.00451319 0.0878455 8.50912e-07 
0.000237275 1.46229e-10 1.77536e-10 0.00122944 0.00827237 0.000375649 0.000468341 0.979911 0.001651 7.72608e-05 0.000443082 1.54084e-08 0.00213618 3.49384e-07 0.000253528 2.37095e-10 0.000200293 5.29327e-05 0.000521849 0.000988017 1.08781e-10 0.0019922 4.06181e-05 0.000830887 0.000317943 
0.0571546 2.75197e-06 9.79059e-09 0.029617 0.0734758 0.113581 0.00155521 0.190524 0.00408045 0.000361073 0.0198458 0.00035137 0.0241099 0.00020402 0.000562778 4.43786e-06 0.0376303 0.0963447 0.0531378 0.00412794 6.55305e-07 0.0587832 0.156593 0.0386245 0.0393284 
5.25031e-07 2.98768e-11 3.62733e-11 0.000944239 0.00477818 3.26419e-12 0.000105534 0.991519 1.31679e-07 2.13606e-07 2.01584e-05 1.48205e-08 5.78549e-09 1.14992e-08 0.000319285 6.76457e-08 5.40075e-12 5.22385e-07 1.27623e-07 0.000131221 2.22257e-11 0.000593628 1.15588e-07 0.000864406 0.00072237 
0.0426869 0.000180777 1.8786e-06 0.0958671 0.148616 0.0475498 0.0166341 0.378494 0.0491337 0.00101862 0.00112522 2.81812e-05 0.000879871 0.000968964 0.00208745 9.59645e-06 0.0160223 0.000135358 0.000371093 0.0352751 6.93051e-07 0.0687283 0.0844329 0.00921285 0.000538632 
1.2665e-07 1.0698e-07 4.41018e-08 0.00525896 0.176413 1.44166e-06 0.00965228 0.315588 0.00419765 4.82121e-08 0.0106394 0.0958436 0.000309157 2.04985e-06 0.00156121 0.000174851 0.00247695 5.48002e-05 4.88111e-07 1.96842e-07 4.91226e-12 0.312675 0.0157232 0.0494271 2.26951e-07 
0.0140024 0.0717034 1.35706e-10 0.0322657 0.0306683 0.224189 0.0443117 0.282181 0.000691573 0.00191967 0.00491569 9.19123e-05 0.0247319 0.000109013 0.00817915 1.81232e-10 0.043591 0.00153486 0.00194517 0.00939743 0.000123411 0.0653102 0.0725224 0.0590976 0.00651786 
0.00868088 0.00321468 7.63275e-05 0.000774689 0.109411 0.0829106 0.0219754 0.51974 0.00149135 0.035297 0.00197899 0.00224349 0.00148047 0.00077244 0.0168669 0.000353581 0.0292644 0.00371169 0.0179499 0.00430066 6.86074e-05 0.02314 0.0160644 0.0981057 0.000126197 
0.00596262 4.76832e-10 5.7892e-10 0.00124889 0.0551212 0.0463261 5.7286e-07 0.471456 0.00170385 0.000351 0.000558161 7.23356e-08 0.000654974 5.655e-08 0.00010526 2.20834e-07 0.0220876 2.13392e-07 9.05861e-11 0.003877 7.45943e-08 0.00370023 0.207078 0.179768 3.31743e-10 
0.00306991 0.000177574 6.55499e-09 0.0259874 0.116542 0.193256 0.0392228 0.432794 0.00408095 0.00685339 0.00105798 0.00025499 0.00503171 1.73931e-05 0.000838442 3.03285e-05 0.00466141 0.0325565 0.0169908 0.0127508 3.60891e-08 0.00490185 0.0655843 0.0331173 0.000222152 
0.0671993 5.495e-05 3.13877e-10 0.00936089 0.0163499 0.0355148 0.000291533 0.46956 6.57693e-07 7.1039e-05 0.00299997 3.23061e-05 0.0107817 7.3485e-05 0.00118849 2.37545e-05 0.0195209 0.000341536 0.020489 0.00367874 9.04884e-05 0.179227 0.162993 0.000156376 5.40552e-07 
0.0002598 4.59431e-05 5.15584e-08 0.00137757 0.119787 0.00720404 0.114528 0.668369 0.00338062 9.65268e-05 0.001764 2.10973e-06 0.000673366 4.26074e-08 5.04431e-06 5.97886e-05 0.000903749 0.00543008 0.0105295 0.00074258 2.74194e-05 0.00456951 0.0589206 0.000928752 0.000395273 
0.0803505 8.34237e-06 0.000433389 0.0186704 0.094358 0.0603342 0.00406077 0.353229 0.00420584 0.0219961 0.00765363 0.00368595 0.0100555 0.00100533 0.0209612 6.31345e-06 0.0389577 0.0158777 0.0201829 0.00551554 0.00147683 0.0232483 0.178422 0.0351067 0.000198215 
0.0932372 0.000480462 2.13211e-07 0.0257801 0.102752 0.0912686 0.00916361 0.188018 0.00233357 0.0117321 0.0433384 0.00261578 0.0314298 0.00146156 0.000846093 6.78063e-05 0.016114 0.0634433 0.0122017 0.0091251 3.13335e-08 0.0651393 0.150931 0.0782534 0.000267314 
0.0999354 0.000429523 2.84557e-05 0.0635538 0.131831 0.0113941 0.00272258 0.273284 0.00275617 0.00418741 0.00114357 0.00109651 0.00210652 0.00118246 0.0832983 7.01968e-05 0.0128446 0.00149684 0.0121069 0.0861238 4.33556e-06 0.00867933 0.0237771 0.175938 8.46997e-06 
0.0499983 0.0010385 0.0156529 0.0437289 0.0600019 0.0531907 0.0012 0.328464 0.00522551 0.00434326 0.00406276 1.24464e-05 0.00409365 1.56903e-05 0.0170673 7.16471e-05 0.00237019 0.00321477 0.013111 0.0164889 4.5417e-06 0.0315632 0.302397 0.0416536 0.001029 
9.13478e-05 5.00266e-10 2.99319e-08 6.22957e-05 0.0162816 0.000330322 1.4066e-05 0.959938 0.00927296 0.000158854 3.58347e-05 9.33755e-07 3.14931e-07 1.2802e-08 0.00854145 4.55041e-06 1.00512e-07 0.000169326 9.22676e-05 2.22306e-05 9.02116e-08 0.00101216 0.000585894 0.00319785 0.000187625 
0.0161784 0.00362207 3.75704e-07 0.125108 0.0881582 0.0389553 0.00106355 0.295478 0.0207121 0.00235247 0.0147996 3.62755e-06 0.000847937 1.37041e-05 2.41036e-06 2.41681e-05 0.00528747 0.00533263 0.00509324 0.0028467 2.32972e-06 0.0449583 0.230517 0.0986272 1.48044e-05 
0.0362366 0.00939951 1.61635e-08 0.0216596 0.0768691 0.0155551 0.000967412 0.291049 0.00788061 0.0144027 0.000305744 0.00205394 0.00779209 0.00134768 0.00194142 1.26182e-05 0.028591 0.0167175 0.0265219 0.00591546 0.000351123 0.00407244 0.152849 0.274364 0.00314437 
0.206849 1.26496e-05 9.00291e-09 0.0714018 0.0192517 0.0114263 0.000336675 0.472728 0.00201193 0.00670744 0.00144519 0.000496829 0.0624998 0.000133561 0.000651792 2.62421e-05 0.0045949 8.66681e-06 0.00396364 0.0431493 5.52465e-06 0.0130469 0.0649962 0.0139658 0.000289587 
7.32923e-05 3.28291e-10 3.98577e-10 0.00127946 0.0626254 0.00147739 0.000770498 0.905737 0.0196468 9.09494e-09 0.00108913 6.45779e-11 1.15956e-06 0.000188029 0.000318454 1.4921e-07 0.00041968 4.83544e-05 0.000351183 0.00250078 2.44219e-10 0.00256753 8.24843e-05 0.000674237 0.000149126 
0.00645262 0.0141119 4.11096e-10 0.00308973 0.16536 0.0484764 0.00283985 0.463661 0.0548734 0.00468636 0.000332486 1.27749e-05 0.00106491 2.0698e-08 6.9745e-05 6.64843e-05 0.0160827 0.0116295 0.0127712 6.98116e-05 3.58984e-05 0.00773032 0.121432 0.0649428 0.000207862 
0.00945859 3.47401e-06 1.46341e-09 0.00178909 0.0688848 0.00155907 0.000518047 0.568475 0.00249874 0.0149027 0.000362846 0.000116237 0.000835306 5.39881e-07 0.00104838 0.00062296 7.45357e-05 0.0248213 0.00018262 1.6123e-07 0.0493508 0.00038736 0.00220349 0.251904 2.34293e-07 
0.0428483 2.74493e-09 3.33261e-09 0.0353562 0.0475787 5.66925e-07 1.77945e-06 0.729504 0.015334 1.87841e-06 4.66382e-06 1.29671e-05 0.000931403 2.75403e-09 0.00161434 4.45062e-09 3.27075e-06 0.00555452 0.000786426 0.00324736 2.04198e-09 0.000237199 0.0135913 0.100835 0.00255539 
0.0895986 0.000792136 3.24103e-10 0.029008 0.0139216 0.0223211 0.0099793 0.451997 0.00337792 0.0372408 0.000124009 2.2785e-05 0.000131212 3.48059e-05 2.43723e-06 3.62452e-05 0.140849 0.0139121 0.0277259 0.00371737 1.36857e-07 0.00373548 0.112937 0.0385088 2.6787e-05 
0.000197362 1.03461e-07 1.72704e-10 8.45178e-05 0.0245505 7.28721e-05 7.88699e-05 0.966938 0.000710215 0.000200248 0.000109182 6.48705e-09 8.13129e-07 2.81788e-06 0.000122599 2.97025e-08 4.32245e-08 2.27772e-07 3.57311e-06 0.000751036 1.0582e-10 0.00232671 0.000166281 0.00245999 0.00122422 
0.049866 7.52882e-05 4.2082e-05 0.0478273 0.0450336 0.112609 0.017768 0.18197 0.00391044 0.00575534 0.00119862 0.0357097 0.00886106 6.74088e-05 0.00130984 4.13414e-05 0.00946828 0.0160659 0.0601273 0.172532 2.66315e-05 0.0553316 0.162864 0.0103762 0.00116273 
0.0607031 0.000567547 2.72262e-07 0.0179462 0.0267724 0.0180463 0.0012366 0.583882 0.000894771 0.00150678 0.00277789 2.44265e-05 0.000961451 1.15134e-05 0.000748241 6.33176e-05 0.0780061 0.00450517 0.00384109 0.0138721 0.000347729 0.0292412 0.126508 0.0270996 0.000436017 
0.0229352 4.29672e-05 0.00187614 0.0490484 0.309087 0.00921055 0.0058306 0.336513 0.0108399 0.00545175 0.0206084 0.000132011 0.0323235 3.02963e-05 0.000753084 0.0020006 0.0592595 0.00543707 0.00192156 0.0285529 0.000260107 0.0255402 0.00476385 0.0674847 9.66065e-05 
0.00156032 3.22859e-06 6.96768e-08 0.00401208 0.174203 0.0124373 0.0029622 0.378122 0.00334029 0.000161442 0.00194359 1.08998e-06 2.23672e-05 9.01945e-05 0.00260334 7.16609e-06 0.0509694 0.110395 0.000887556 2.77473e-05 1.98007e-06 0.0150076 0.162932 0.0783091 6.65091e-08 
0.134126 0.00936596 0.000217218 0.0229178 0.0918509 0.0183033 0.0153608 0.280746 0.00858448 0.116142 0.0082395 0.0028942 0.011199 0.000121396 0.000578903 9.38179e-06 0.046455 0.00545773 0.0123074 0.0376593 1.62295e-05 0.0418247 0.0704772 0.0625595 0.00258611 
0.107202 0.0018178 0.00902965 0.0488671 0.23366 0.0995475 0.0316254 0.276549 0.0294409 0.00304225 0.0369942 5.32093e-11 2.57728e-05 0.00366132 0.00172958 9.47325e-06 0.0332285 0.00174375 0.00316988 0.00562563 9.83908e-06 0.0360035 0.0269109 0.0098206 0.000286252 
0.00670021 5.66763e-10 6.88106e-10 0.00130634 0.0547368 0.0442445 8.76428e-05 0.457776 0.00332992 0.000606926 0.00168218 2.04596e-06 0.000841634 2.80523e-07 0.000232961 2.41587e-06 0.0250068 2.82438e-05 1.07671e-10 0.00550148 6.15307e-07 0.00398055 0.20358 0.190353 3.94311e-10 
0.111641 2.67824e-05 0.000127123 0.106624 0.0337965 0.00828794 0.000373202 0.567263 0.0910726 0.0083598 0.001997 5.04941e-05 0.0114983 3.26839e-06 0.0020367 3.15375e-08 0.000489788 0.00080202 8.15859e-05 0.0159337 7.44042e-06 0.0138065 0.025129 0.000564876 2.77288e-05 
0.0893397 0.000802803 4.45584e-07 0.041028 4.46497e-07 0.0337529 4.46323e-07 0.488973 4.46304e-07 0.00687367 4.46133e-07 0.000357559 4.46346e-07 0.00307614 4.45959e-07 4.45261e-07 0.0622291 0.000625477 0.0161154 4.46355e-07 0.000936955 0.032901 0.218787 0.00419666 4.45996e-07 
0.0247973 1.78911e-05 4.75978e-06 0.0494907 0.0448722 0.0261455 0.0037433 0.545459 0.000955883 0.00295393 0.0132235 1.34343e-05 0.00465744 0.0772147 0.00254212 7.81942e-06 0.00603672 0.00424219 0.0147853 0.0062733 2.18377e-07 0.00574589 0.142914 0.0186426 0.0052605 
0.0658974 0.00103827 1.48868e-06 0.0572312 0.265501 0.0249127 0.00118312 0.385622 0.00695995 0.00241031 0.0140418 2.79915e-05 0.0213869 3.79747e-08 0.00411828 0.000186027 0.0164413 0.0178686 0.0119148 0.00562526 2.89704e-07 0.0133345 0.0458438 0.0383006 0.00015298 
0.00724954 6.14682e-08 0.00148917 0.0132532 0.0800443 0.0856889 0.000431228 0.156796 0.0323724 0.0464816 0.0445519 0.0373797 0.00485549 8.28429e-06 0.041675 2.10672e-05 0.0531572 2.66299e-05 0.0532059 0.135659 0.00161115 0.0301183 0.0500304 0.104156 0.0197366 
0.0103162 7.60391e-08 5.21834e-09 0.00405947 0.197733 0.0715776 0.00642824 0.534531 0.00366244 0.00888392 0.00084388 4.87735e-06 0.00240163 9.8542e-05 0.000133117 7.32849e-05 0.00401966 0.0203718 0.0109355 0.00556173 3.05993e-07 0.0603193 0.0563533 0.000879538 0.000811328 
0.0320255 1.59596e-05 9.50912e-08 0.0175874 0.0680736 0.0379229 0.000200657 0.220836 0.000178676 0.113039 0.0149027 0.000330229 0.00485643 0.000996019 0.000243627 0.000696677 0.0472454 0.00154653 0.183687 0.0148025 2.03837e-07 0.064539 0.16932 0.00621257 0.000741468 
0.00603456 1.26535e-06 1.53626e-06 0.000690751 0.105193 0.0793833 0.00686981 0.598597 0.00256572 0.00473569 6.59117e-07 2.48907e-07 0.00545689 1.26955e-06 0.000185324 2.05164e-06 0.0604349 1.77834e-05 0.00575632 0.0071887 9.4131e-07 0.001423 1.88651e-05 0.115295 0.000144781 
0.0571783 4.18711e-07 7.73223e-11 0.186102 0.00333762 0.0827584 0.000219078 0.270704 0.000796337 0.00297971 0.0285162 6.59712e-08 0.0287399 0.000836657 5.48305e-06 1.03262e-10 0.00612986 9.31738e-05 0.00738825 0.0550399 5.55322e-05 0.00959227 0.259064 0.000460955 1.37239e-06 
0.0152493 8.46806e-05 2.14821e-08 0.0233399 0.056179 0.241108 0.0339785 0.338529 0.00566616 0.00717911 0.00798455 2.41205e-05 0.0180265 0.000765744 0.00640327 7.13943e-05 0.0338014 0.00664727 0.039637 0.0203427 3.06555e-06 0.0627015 0.0788196 0.00310734 0.000350997 
0.0229104 0.0079123 1.61296e-05 0.0626371 0.0527098 0.0396961 0.0160427 0.250516 0.00806674 0.00179094 0.0021933 7.88231e-05 0.00329463 3.77907e-06 0.00745375 2.24055e-05 0.00032406 0.0802935 0.0194036 0.00837605 1.71886e-05 0.134826 0.225453 0.0554795 0.000482067 
0.0824865 4.60149e-05 1.06054e-07 0.0533906 0.128052 0.0217454 0.0382048 0.423991 0.00926959 0.0118309 0.0268653 6.80364e-06 0.0312271 0.00152431 0.000117119 7.76634e-05 0.00536566 0.0112458 0.00415014 0.00609117 1.39798e-06 0.0309458 0.0739022 0.0381039 0.00135851 
6.96871e-05 0.000257243 3.95242e-06 0.00408011 0.132898 0.0936995 0.00208791 0.705962 0.00559743 0.000286098 0.000133311 1.20306e-05 1.5756e-07 6.25517e-07 0.00061429 8.42272e-05 0.000364189 0.000521954 0.00201334 1.5024e-07 9.27463e-06 0.0363474 0.00274977 0.0117824 0.000425048 
0.000891648 7.18042e-06 1.56232e-08 4.2499e-05 0.0540247 0.0165634 0.0485499 0.718186 0.00383209 5.01744e-08 0.00570115 0.0172279 4.53252e-05 7.23101e-07 0.000166744 6.58752e-05 8.56966e-05 0.00107471 0.0060471 8.50624e-05 1.58859e-08 0.0257852 0.000593836 0.00105176 0.0999719 
0.0355625 0.0013846 2.14808e-07 0.0387765 0.0800583 0.0598625 0.0140701 0.208485 0.00627358 0.0254778 0.00374224 0.00547805 0.00236289 0.000762469 0.0115867 1.29587e-05 0.0122477 0.0108741 0.0849565 0.177552 1.54394e-06 0.0315279 0.159812 0.0247382 0.00439246 
0.0141991 1.54701e-08 4.964e-11 0.00800288 0.0158656 0.165498 0.000114634 0.673512 0.000998981 2.77464e-08 0.0012107 3.04302e-08 0.00597026 3.83876e-05 2.18672e-07 3.4207e-08 0.000258371 0.0328572 0.00796542 0.00196222 8.94269e-09 0.042269 0.0292772 1.77542e-07 8.08527e-08 
0.000651894 0.0070654 2.89131e-07 0.213436 0.045916 5.39242e-07 0.00337075 0.468151 0.0338853 6.34567e-06 1.54867e-10 5.84835e-11 0.0247176 2.98296e-10 2.20121e-10 3.37921e-07 5.37439e-11 3.6111e-11 7.00425e-07 8.88482e-07 3.09861e-07 1.23939e-06 0.0591149 0.14368 1.44999e-07 
0.133872 9.68547e-05 1.02541e-07 0.126532 0.0417366 0.144545 0.000657968 0.20319 0.00711984 0.00350006 0.00239083 0.000377727 0.0137288 1.40666e-05 0.00944206 9.79528e-05 0.035796 0.0122193 0.094959 0.0345237 2.34425e-05 0.0216946 0.0852388 0.0239751 0.00426815 
