0.0863538 2.81603e-05 2.89386e-06 0.00666071 0.216998 0.0727878 0.00306672 0.0664417 0.329111 0.00181899 0.00113684 0.000326219 0.00370352 0.000445977 2.33706e-05 0.00180693 0.0270034 0.000569382 0.00367467 0.00209987 9.91126e-07 0.0336309 0.13031 0.0116502 0.00034789 
0.0445694 3.01622e-07 2.16908e-07 0.353242 0.0622976 0.00699061 0.00140114 0.00998585 0.362281 0.0056975 0.0179901 4.0384e-05 0.000488156 0.0092483 0.00332486 3.03176e-06 0.00621303 0.000393475 0.0277561 0.0103634 3.63841e-08 0.0141099 0.0575528 0.00603612 1.46536e-05 
0.00316945 3.72859e-06 5.75251e-09 0.0457306 0.0745981 0.0655197 0.00522931 0.0382405 0.587264 0.0524093 0.00619825 0.00021473 0.000739208 2.85046e-06 0.00707045 0.000346813 0.000466353 0.000226196 0.0136645 0.00452361 4.84805e-06 0.018974 0.0125571 0.0609825 0.00186403 
0.00516358 1.00458e-05 4.02502e-09 0.0447913 0.0269344 0.0667172 0.00145882 0.00676318 0.483577 0.276522 7.17646e-05 0.000363367 0.000361686 2.19955e-06 6.65395e-06 8.05806e-07 8.5825e-05 0.00992579 0.0504151 0.000331592 3.63045e-06 0.00239534 0.0183443 0.00546897 0.000285614 
0.00895748 0.00233451 2.52891e-06 0.0390481 0.0557188 0.0447205 0.0184663 0.0234828 0.410637 0.00977633 0.000837749 7.88757e-05 0.00104947 3.15691e-05 0.000280773 8.11576e-05 0.0742381 0.0100645 0.0627433 0.00265921 0.000374202 0.0618831 0.153138 0.0188981 0.000498252 
0.0337034 2.09374e-08 1.08645e-10 0.0054267 0.135643 0.00025569 0.169959 0.0391752 0.299147 0.0250087 0.00103467 3.29611e-05 0.000458086 6.18913e-05 0.00420108 5.94693e-06 0.0103594 0.240701 0.00775851 0.00199709 7.04109e-05 0.0134273 0.00248698 0.00874638 0.000339495 
0.00391166 3.04639e-07 3.69861e-07 0.046388 0.185689 4.08758e-06 0.00246947 0.0492107 0.657181 0.00519395 0.000394698 5.99253e-08 7.69896e-08 3.0565e-07 0.000456773 4.93941e-07 1.86843e-05 0.000200756 0.000857656 0.00839579 4.80106e-05 0.000120762 0.0042694 0.0350757 0.000111934 
0.00246627 7.92665e-05 5.52504e-08 0.0262978 0.152043 0.0296356 0.0463945 0.000242142 0.499738 0.000174028 0.00082732 1.40847e-07 0.00205752 6.08587e-09 4.44699e-06 2.10094e-06 0.00438379 0.0163332 0.000130078 0.103427 4.51237e-09 0.00990887 0.0977356 0.00790136 0.000218421 
0.0281965 5.88614e-05 6.88934e-10 0.0112924 0.153685 0.0678462 0.00172275 0.0344251 0.577242 0.0181324 0.000360784 5.7783e-07 3.11386e-07 0.000620939 0.00104262 1.98321e-08 0.00399412 0.00057617 0.0118932 0.0107435 1.9456e-06 0.0389574 0.0294872 0.00952942 0.000190752 
0.0111825 0.000770377 2.46076e-07 0.190823 0.100847 0.039212 0.000859722 0.164252 0.272107 0.00856673 0.00871235 0.0026983 0.00262959 0.00182341 0.00421176 2.13206e-05 0.00729271 0.00048138 0.0232617 0.0175749 0.00338372 0.0333329 0.0217632 0.0694461 0.0147461 
0.138122 9.25557e-06 4.48581e-12 0.000368526 0.0129098 5.86396e-05 0.00974989 0.000256755 0.719185 0.000285651 0.00135426 4.98956e-06 0.00169168 0.000187933 5.78132e-05 4.19595e-07 0.0382583 0.00012543 0.00246888 1.39867e-05 2.3234e-05 0.000979948 0.0709111 0.00285084 0.000126456 
3.92684e-09 3.18567e-06 5.11811e-08 0.0109702 0.0175156 0.00329788 0.0031987 8.77988e-06 0.958113 0.000155421 1.52055e-05 8.29241e-09 2.17494e-05 4.22955e-08 3.12111e-08 4.73036e-06 0.00262755 0.000368764 1.5392e-06 4.11763e-05 3.136e-08 0.000628153 0.00242772 0.000582121 1.83207e-05 
0.0125096 4.37775e-06 6.9373e-10 0.013136 0.0906856 0.189875 0.00367208 0.0187726 0.542652 0.0020421 0.000693742 4.67084e-09 9.70513e-05 0.000250362 6.85281e-06 0.000230512 0.00145946 0.000238246 0.00278018 0.048018 1.41489e-06 0.0483762 0.023665 0.000792044 4.12471e-05 
0.096938 0.000563747 1.62575e-07 0.0470812 0.0918084 0.0326286 0.00653906 0.0192616 0.221565 0.0154234 0.0220246 0.00106334 0.000450849 0.000377089 0.00181386 6.18237e-06 0.0097111 0.00391965 0.188566 0.0028177 1.49484e-06 0.00986039 0.0774395 0.0113789 0.138761 
0.0083801 1.88086e-05 8.33433e-09 0.00768825 0.10019 0.00639108 4.98728e-07 0.0119895 0.831737 0.00271153 0.00109537 1.59157e-08 5.76064e-08 4.41595e-06 6.68295e-05 8.44476e-08 3.19839e-07 3.92416e-07 0.00049411 7.61961e-05 1.00984e-08 0.023241 0.0053034 0.000597566 1.35187e-05 
1.4508e-06 1.55747e-05 1.89093e-05 2.15317e-06 0.00115956 0.00765896 4.39009e-06 2.32118e-06 0.969104 4.58507e-06 8.11281e-06 3.0637e-06 3.93611e-06 1.56264e-05 1.15312e-05 2.52528e-05 0.011546 1.8917e-06 2.95881e-06 3.75323e-06 1.15862e-05 0.0103797 8.3324e-07 2.79037e-06 1.08357e-05 
0.0310349 0.0724454 0.0035426 0.162329 0.120117 0.0357885 0.0003376 0.0138001 0.168955 0.147575 0.00431135 0.0170384 0.00146436 9.29625e-05 0.00554722 4.19126e-09 0.00291777 8.97194e-08 0.000388551 0.0897647 7.6189e-08 0.00975393 0.0099247 0.10287 9.22524e-07 
0.0187978 3.92588e-05 5.1675e-10 0.00893852 0.110706 0.0467505 0.00114853 0.0240373 0.702076 0.0124787 0.000240547 9.25342e-07 2.58449e-07 0.000414106 0.000695115 1.5975e-08 0.00266278 0.000384128 0.00829921 0.00872994 1.30061e-06 0.0259717 0.0211471 0.00635301 0.000127177 
0.00765282 1.13801e-06 1.71059e-12 3.52479e-10 0.000512354 1.53934e-13 0.000667622 7.41472e-05 0.989263 1.46277e-05 1.95129e-08 9.14322e-07 2.08261e-09 1.84307e-05 7.07026e-06 1.80109e-06 0.00104614 1.71129e-13 0.000599639 2.27242e-09 8.87124e-09 4.49873e-09 7.53777e-14 0.000118464 2.13647e-05 
0.17531 5.38741e-08 3.12762e-11 3.23714e-05 0.00180571 2.30561e-06 9.93834e-07 0.00317686 0.455804 0.0015044 0.00019659 0.00354061 0.000283608 0.173486 0.000275455 2.51788e-07 0.109721 1.12885e-06 0.0699226 0.00103574 1.80665e-08 0.00162979 1.68745e-06 0.00219198 7.65577e-05 
0.060614 1.42297e-07 4.07567e-06 0.0609291 0.187875 1.39459e-06 1.15666e-05 0.3267 0.344861 0.00521395 2.83212e-06 9.29933e-11 0.0120148 4.74313e-10 3.50009e-10 7.66507e-10 3.30727e-06 4.65154e-07 9.52072e-07 2.14187e-06 3.5168e-10 1.9788e-06 5.46324e-07 0.00176259 3.289e-10 
2.71151e-06 2.91088e-05 3.53409e-05 4.02423e-06 1.80449e-06 3.18028e-06 8.20497e-06 4.33823e-06 0.9972 0.000420581 1.51626e-05 5.72597e-06 7.35649e-06 2.92054e-05 2.15515e-05 4.71969e-05 5.26192e-06 3.53554e-06 5.52994e-06 7.0147e-06 2.16543e-05 4.97294e-06 1.5573e-06 0.00209472 2.02517e-05 
2.31516e-12 2.48538e-11 3.0175e-11 0.000779427 0.106183 6.58489e-07 0.00106521 0.00223389 0.889721 4.24445e-08 1.29462e-11 7.82727e-09 6.28116e-12 2.49363e-11 1.84012e-11 4.02979e-11 4.49277e-12 2.44548e-08 1.23239e-07 5.98933e-12 1.8489e-11 2.10607e-07 1.40414e-07 6.2789e-08 1.71168e-05 
0.24558 2.00061e-05 4.78465e-08 0.000764242 0.000546277 0.00331551 0.252319 0.0038689 0.274117 0.000782592 2.81868e-10 6.89177e-08 3.08218e-05 1.36567e-06 1.42965e-06 5.54056e-07 0.000137424 2.45877e-05 0.000517589 4.61476e-05 4.65771e-07 0.00212593 0.213891 0.0018109 9.88621e-05 
2.31516e-12 2.48538e-11 3.0175e-11 0.000779427 0.106183 6.58489e-07 0.00106521 0.00223389 0.889721 4.24445e-08 1.29462e-11 7.82727e-09 6.28116e-12 2.49363e-11 1.84012e-11 4.02979e-11 4.49277e-12 2.44548e-08 1.23239e-07 5.98933e-12 1.8489e-11 2.10607e-07 1.40414e-07 6.2789e-08 1.71168e-05 
0.153877 5.69733e-07 1.91851e-12 1.60593e-05 0.0117651 2.49679e-07 0.0187783 0.00247967 0.712802 0.0076004 9.80507e-05 0.0035797 0.000141448 0.00520736 0.000466097 3.32232e-05 0.0339121 1.22246e-07 0.0455429 0.000516777 8.46359e-06 0.000814248 1.82737e-07 0.00219214 0.000168458 
0.00135709 1.73841e-06 6.66984e-08 0.00309527 0.194209 0.00403779 0.0127088 0.0123271 0.577757 0.00976488 0.00100784 7.71351e-06 0.00552008 2.14984e-07 0.000177471 1.75609e-05 7.06276e-06 0.0741805 0.000155762 0.00115259 1.184e-07 0.00139677 0.00339746 0.096851 0.000868833 
0.00328274 6.75507e-06 2.23137e-09 0.0337153 0.0928359 0.00173154 0.00253412 0.00321979 0.578458 0.0152573 1.15284e-06 3.61529e-10 8.4364e-05 4.82983e-08 0.192684 1.92068e-05 6.54773e-05 0.000154622 0.0108918 5.25691e-05 6.17165e-08 0.00140964 0.0217909 0.0418024 2.07177e-06 
0.00709933 3.28029e-05 0.000356617 0.0249284 0.109575 0.00832841 0.00597809 0.025049 0.683347 0.00585712 0.0111089 4.33223e-05 0.00272028 0.000613439 0.00141034 0.0021881 0.0079965 0.0110623 0.000572205 0.0131352 0.00120224 0.0182756 0.0324091 0.0262994 0.000411441 
0.0161869 1.68037e-06 3.22259e-12 0.000665486 0.00244501 0.000520007 0.00407114 0.000504977 0.959927 0.000738855 0.000102773 5.4699e-06 0.000284145 4.60614e-05 0.00148629 8.82673e-07 0.00194173 0.00019291 0.00159893 0.000388887 4.78745e-06 0.000153948 0.0071286 0.0015691 3.46408e-05 
0.00251984 0.0126626 0.000465102 0.00174148 0.209105 0.0106923 0.0109833 0.0021087 0.615177 0.000901222 0.0351297 9.88957e-05 0.000549605 7.02812e-09 0.0266549 2.26857e-06 4.49621e-05 0.0014683 0.000682946 0.00128529 3.30149e-06 0.0190254 0.0244522 0.0241649 8.09906e-05 
0.0103825 3.51825e-07 7.87333e-09 0.00119149 0.00911157 0.00179243 0.010174 0.0096979 0.922045 0.000254235 0.000471812 3.08077e-06 0.000153444 7.19373e-05 0.00249389 5.07201e-07 0.000905496 0.000167849 0.00199422 0.000914527 2.06759e-06 0.00096895 0.00563803 0.0215026 6.18092e-05 
8.72784e-08 7.18476e-08 7.69486e-11 6.10412e-05 0.397778 0.0354447 0.0704036 0.00137166 0.477387 0.000114877 1.99327e-08 5.38954e-07 3.50534e-08 5.40925e-06 4.87307e-05 6.09586e-07 7.55856e-08 0.0050069 0.000379696 1.2029e-07 1.0819e-08 0.000530855 0.00896304 0.00236292 0.000139266 
0.00273758 9.53537e-06 4.95902e-11 0.00961354 0.0932646 0.145738 0.00515212 0.0269112 0.412524 0.00147929 0.00115764 4.7803e-06 0.000797704 1.62796e-08 0.000855819 5.83308e-05 0.00624708 0.000164852 0.153842 0.00203608 2.37789e-06 0.0236978 0.103614 0.00952653 0.000564092 
0.0173414 5.42194e-05 8.57444e-09 0.121375 0.105378 0.137206 0.00276446 0.0377005 0.280938 0.0133278 0.00142088 1.11614e-05 0.00172546 6.02057e-07 0.00173705 6.20489e-07 0.0170372 9.10864e-05 0.0103 0.0142301 0.000182342 0.0476018 0.119985 0.0695486 4.28922e-05 
0.00547975 6.98144e-06 6.55615e-10 0.00750113 0.276178 0.0289414 0.0725771 0.00329562 0.529696 0.00571523 0.000100856 6.44865e-07 0.000904997 2.8452e-05 5.19696e-06 4.29621e-05 0.000989206 0.00124946 0.00153491 0.0013636 1.04947e-06 0.0123467 0.0501994 0.00159742 0.000243677 
0.0314105 5.36559e-07 1.21744e-05 0.0364673 0.120678 0.0711558 0.00412592 0.00280107 0.350087 0.0130981 7.68713e-05 1.9138e-07 1.44794e-05 4.97066e-10 0.000176284 1.08074e-05 0.141915 0.000534032 0.00207764 0.0225263 3.48707e-06 0.0508803 0.0175125 0.134436 3.85326e-07 
0.0175042 0.0725394 4.26033e-06 0.0692617 0.0794862 3.6454e-05 0.0123034 0.0641415 0.613268 0.000430282 0.0345201 6.90262e-07 9.33002e-05 2.28114e-05 8.13481e-06 1.20171e-05 0.00423748 0.000185903 0.000409126 7.82721e-05 2.61042e-06 0.000835602 0.0231221 0.00748659 9.75289e-06 
0.0571494 0.000514591 3.95412e-08 0.152038 0.063409 0.0364124 0.00148417 0.0250393 0.322289 0.155573 0.00476792 0.00053879 0.00300069 0.000105736 0.00153173 4.4564e-06 0.00179995 0.00776743 0.0353613 0.0170492 9.28246e-06 0.00558415 0.0413537 0.045949 0.0212677 
0.0145394 3.43125e-07 2.93198e-12 2.09189e-05 0.00186102 4.04344e-08 0.00214805 0.000564696 0.97394 0.000231011 0.000104283 3.1872e-06 0.000118326 5.83833e-05 0.000687063 5.4295e-07 0.00122214 2.6107e-08 0.00199752 9.52214e-05 7.14357e-09 0.000141012 0.000514326 0.00171957 3.31835e-05 
0.00104193 2.33007e-06 1.17876e-09 0.00323218 0.301903 0.0764724 0.101649 0.00538877 0.403832 6.91571e-05 2.31425e-05 2.61818e-06 0.00121846 7.63385e-08 2.81899e-05 3.66683e-05 0.00049188 0.0122316 0.000511394 0.000766202 1.53061e-06 0.0103828 0.0778761 0.00260891 0.000229406 
3.20351e-05 3.19835e-05 3.19713e-05 3.20325e-05 3.20368e-05 3.20342e-05 3.20243e-05 3.20319e-05 0.237001 3.20236e-05 3.20107e-05 3.20292e-05 3.2026e-05 3.19833e-05 3.19982e-05 3.19481e-05 3.20301e-05 3.20335e-05 0.21463 0.0256533 3.19981e-05 0.169795 0.0865326 0.153777 0.112035 
0.000330266 9.44036e-08 4.65031e-09 0.000298948 0.254771 0.00440601 0.0793229 0.00102693 0.559374 0.000711856 9.39357e-05 2.4539e-06 0.00024133 5.51151e-08 0.00216895 0.000720471 2.29864e-05 0.0211509 0.000107911 0.00012519 1.44986e-08 0.0015783 0.00178585 0.0715673 0.000192023 
0.00162143 1.35129e-05 5.7125e-06 0.0114527 0.302494 0.0360873 0.0228327 0.00530603 0.547399 0.000185784 0.00324933 2.10599e-06 1.1586e-06 5.49587e-06 2.53097e-05 7.70667e-05 1.76509e-05 0.00236606 0.000780516 0.00290476 1.29326e-06 0.0280087 0.0325281 0.00262714 6.34264e-06 
0.0161187 1.52189e-06 3.18769e-12 0.000689987 0.00244658 0.000559388 0.00405115 0.000523884 0.96005 0.000691731 0.000107798 5.34562e-06 0.000283915 4.86892e-05 0.00161975 8.63498e-07 0.00187136 0.000207854 0.00170192 0.000433838 4.5932e-06 0.000168113 0.00675142 0.00162676 3.52041e-05 
0.302291 6.72439e-07 1.2615e-09 3.26677e-05 0.0128998 0.000998964 0.000823783 0.00239522 0.447958 0.00840732 0.000175557 0.0867804 0.00069355 0.0068775 0.000221606 1.33867e-06 0.066752 0.000527912 0.0347234 0.00120057 9.64874e-06 0.00851726 0.0117044 0.00595999 4.72798e-05 
0.000674896 5.11687e-06 7.12102e-08 0.00868495 0.157044 0.019206 0.00586669 0.00256185 0.43145 5.24722e-06 3.05519e-08 5.87589e-07 1.15859e-06 5.88474e-08 4.34251e-08 9.50994e-08 0.18865 2.33525e-06 0.00993515 1.61428e-05 4.36324e-08 0.174794 0.00108894 1.1863e-05 4.08061e-08 
0.0846689 0.000105157 1.13826e-08 0.0435255 0.0454181 0.121067 0.0057872 0.0627725 0.341281 0.00325158 0.00740674 0.000383648 0.0142507 0.000664368 0.00155375 9.80645e-05 0.00792657 0.00245509 0.0100147 0.00664453 7.03349e-05 0.155093 0.0698864 0.0151764 0.000499007 
0.0113964 0.0019644 1.88908e-09 4.68957e-06 0.293863 7.31155e-07 9.12295e-06 9.0461e-07 0.626796 1.55787e-06 8.1049e-10 3.06071e-10 6.68882e-07 1.56112e-09 1.15199e-09 2.52282e-09 2.81267e-10 1.88986e-10 2.95593e-10 1.91266e-06 1.15749e-09 5.26349e-06 0.0263824 0.0395723 2.17586e-07 
0.0672052 0.000831075 3.47536e-06 0.088378 0.013406 0.0510251 0.000126245 0.00390672 0.480299 0.00521007 0.00324209 8.34502e-06 0.00057599 0.00390811 5.82146e-09 1.23565e-05 0.0411238 0.00198712 0.0087234 0.0348196 3.15881e-07 0.0988851 0.0838327 0.0123556 0.000134937 
0.133855 8.89077e-07 1.81427e-12 2.1988e-05 0.0100985 0.000601143 0.0188972 0.00212762 0.712655 0.0108014 0.000121714 0.0259675 0.000152514 0.00663443 0.000424763 2.81873e-05 0.0300329 0.000129681 0.043085 0.000806989 1.30995e-05 0.000844932 0.000657523 0.00189856 0.000143589 
0.0532606 5.34098e-09 2.16077e-12 0.000208814 0.00229323 6.35449e-08 3.30598e-08 0.000182131 0.92568 2.59749e-05 0.00104259 1.89084e-09 0.000397068 0.00010517 0.00129188 2.88566e-12 0.00586826 4.10285e-08 0.00454864 0.000951741 1.32396e-12 0.000998207 7.15731e-08 0.00304427 0.000101123 
0.0270086 4.34656e-05 0.00015124 0.0292485 0.0727882 0.0100671 0.00282005 0.0479686 0.585162 0.040988 0.000180616 2.48399e-05 0.000849773 0.000358889 0.00258213 0.000123531 0.0484951 0.000296833 0.00149081 0.00922427 0.0214461 0.0316031 0.0354556 0.0316066 1.61324e-05 
0.17531 5.38741e-08 3.12762e-11 3.23714e-05 0.00180571 2.30561e-06 9.93834e-07 0.00317686 0.455804 0.0015044 0.00019659 0.00354061 0.000283608 0.173486 0.000275455 2.51788e-07 0.109721 1.12885e-06 0.0699226 0.00103574 1.80665e-08 0.00162979 1.68745e-06 0.00219198 7.65577e-05 
0.015889 2.04097e-05 0.000161118 0.0166199 0.187683 0.0688077 0.00363362 0.0364876 0.219228 0.00653858 4.37288e-05 1.38268e-05 2.84056e-05 6.80313e-05 0.0156219 1.36574e-06 0.117117 0.0026544 0.210593 0.000286411 1.15625e-06 0.055188 0.0409215 0.00221006 0.000182652 
0.153877 5.69733e-07 1.91851e-12 1.60593e-05 0.0117651 2.49679e-07 0.0187783 0.00247967 0.712802 0.0076004 9.80507e-05 0.0035797 0.000141448 0.00520736 0.000466097 3.32232e-05 0.0339121 1.22246e-07 0.0455429 0.000516777 8.46359e-06 0.000814248 1.82737e-07 0.00219214 0.000168458 
0.138145 8.20646e-07 1.83661e-12 2.07175e-05 0.0104556 0.00047238 0.0188717 0.00220306 0.712687 0.0101155 0.000116644 0.0211701 0.000150143 0.00632863 0.00043362 2.92665e-05 0.0308641 0.000101919 0.0436116 0.000744801 1.21061e-05 0.000838357 0.000516664 0.00196147 0.000148918 
0.0327169 3.99425e-06 9.33509e-10 0.145649 0.0458257 0.0314181 0.0121921 0.0107903 0.32596 0.00260133 8.49009e-05 6.5022e-08 0.000475973 0.0119428 8.54593e-07 2.21516e-06 0.00112147 0.00158882 0.00265999 0.000258761 1.86807e-08 0.229328 0.137536 0.00781825 2.46793e-05 
0.000224223 6.41551e-07 7.78905e-07 0.00181423 0.187785 0.00911785 0.0547865 0.0346697 0.611343 0.000147747 0.00017108 1.26199e-07 1.62135e-07 0.000170182 5.94064e-05 1.04021e-06 1.15972e-07 0.00147642 3.77586e-06 1.54602e-07 1.54266e-05 0.0242154 0.0209184 0.0530744 4.49553e-06 
0.0645728 8.3769e-06 5.3944e-05 0.00564586 0.111708 0.0208133 0.00465481 0.110952 0.201353 0.191117 0.00183249 0.0107193 0.00845926 0.000217345 0.00599099 0.00145276 0.0167936 0.000511499 0.0683482 0.0835183 1.07315e-06 0.0239072 0.0111672 0.0159277 0.0402743 
0.0556512 8.42114e-05 1.33409e-06 0.130754 0.142328 0.00856668 0.00386696 0.0717814 0.355614 0.0357673 0.000673133 3.37178e-05 0.000549366 9.34298e-07 0.00499012 4.3942e-06 0.0105821 0.00225313 0.00891836 0.0238243 1.6917e-07 0.0230647 0.0467949 0.0726139 0.00128119 
2.94302e-06 3.1767e-07 3.50302e-10 1.83526e-07 5.73614e-06 3.15232e-11 4.14694e-05 0.0091769 0.957487 4.33281e-07 1.50293e-10 5.67562e-11 7.2918e-11 8.6875e-07 1.62372e-06 1.02967e-06 3.57277e-06 3.50445e-11 0.00785143 6.95302e-11 2.83345e-06 6.8521e-07 1.54361e-11 0.0252322 0.000191182 
0.153877 5.69733e-07 1.91851e-12 1.60593e-05 0.0117651 2.49679e-07 0.0187783 0.00247967 0.712802 0.0076004 9.80507e-05 0.0035797 0.000141448 0.00520736 0.000466097 3.32232e-05 0.0339121 1.22246e-07 0.0455429 0.000516777 8.46359e-06 0.000814248 1.82737e-07 0.00219214 0.000168458 
0.344334 6.06621e-07 8.08178e-11 5.26661e-05 0.0487632 7.27269e-12 0.0424816 0.00383168 0.494659 0.00371475 0.00491253 0.000178668 1.47776e-08 9.43925e-06 0.00101292 0.000128862 0.00831751 8.88027e-08 0.000838514 0.000551509 0.00087153 3.19004e-08 2.74137e-07 0.0412649 0.00407501 
0.00903557 0.0466431 7.56017e-06 0.00203592 0.116197 4.76851e-06 0.000872705 0.00625806 0.527548 0.037629 0.0119651 3.39307e-05 0.0192435 0.000713398 0.0019041 0.0021534 0.000473651 6.5298e-05 0.000435345 0.000947606 8.84505e-06 0.00683141 0.0272803 0.154866 0.0268472 
0.0882671 0.000866797 5.97298e-08 0.00445266 0.0347093 0.0258644 0.0125977 0.0375482 0.232855 0.0122752 0.00176248 0.000101981 0.0926037 0.000385282 0.00817291 0.000116887 0.133593 0.000264404 0.0342848 0.00478293 0.000274296 0.1242 0.0541358 0.0948986 0.000986449 
0.138122 9.25557e-06 4.48581e-12 0.000368526 0.0129098 5.86396e-05 0.00974989 0.000256755 0.719185 0.000285651 0.00135426 4.98956e-06 0.00169168 0.000187933 5.78132e-05 4.19595e-07 0.0382583 0.00012543 0.00246888 1.39867e-05 2.3234e-05 0.000979948 0.0709111 0.00285084 0.000126456 
0.271138 2.60676e-09 1.3648e-12 0.00290656 0.0125061 0.023814 0.00207002 0.00342806 0.437773 0.00539989 0.000648836 0.00352269 0.00287738 0.00782419 0.0102844 1.65288e-08 0.0524552 0.00677174 0.0823282 0.0186206 1.18563e-09 0.00712463 0.0400902 0.0081924 0.000224399 
0.015424 5.5995e-07 2.94917e-12 0.000817594 0.00234441 0.000843907 0.00412332 0.000631828 0.962676 0.000413337 0.000139709 4.89195e-06 0.000255494 6.44951e-05 0.00257244 7.9342e-07 0.00135823 0.000316466 0.00233126 0.000778819 3.88402e-06 0.000264151 0.00263408 0.00196303 3.76113e-05 
0.0466093 0.000164005 9.54797e-09 0.098014 0.0600675 0.0874148 0.00801247 0.110843 0.155682 0.0145909 0.00370942 1.93706e-05 0.00470212 0.00279776 0.00341631 0.00027743 0.00400274 0.0144736 0.0286911 0.0100977 2.22851e-05 0.152636 0.119975 0.0644101 0.00937086 
0.00101295 3.50144e-07 4.55904e-10 0.00569311 0.320601 0.00774102 0.00348475 0.00046882 0.633054 1.34353e-06 0.0103529 8.89114e-06 9.49e-11 4.05289e-09 1.01265e-06 3.3642e-09 0.000167753 0.00585775 1.65128e-05 0.00199213 2.55593e-09 0.00467449 0.00149298 0.00268977 0.00068834 
0.000958181 2.88214e-05 2.65323e-08 0.0348332 0.111781 0.0540687 0.00603227 0.0602275 0.577969 0.00850123 0.00145713 2.72669e-06 0.00616737 2.80664e-06 0.000117753 1.26114e-05 0.0122225 0.0147051 0.00047993 0.0115416 6.08353e-08 0.00423141 0.0805284 0.0140347 9.5495e-05 
0.240681 0.000328632 1.75585e-08 0.109172 0.0785658 0.0643806 0.00553423 0.0036016 0.261577 0.0343857 6.13599e-05 0.00365583 0.000126271 0.00521356 9.7456e-05 0.000162737 0.0209748 0.00185711 0.0459187 0.00638125 1.02836e-06 0.0166068 0.0838754 0.0164219 0.000419337 
0.00163162 2.23914e-06 4.04711e-09 0.0080938 0.374255 0.00461858 0.0120772 0.000387389 0.543232 0.000675497 0.0169346 1.31224e-05 8.42439e-10 2.71361e-08 4.65921e-06 8.35792e-06 0.000270979 0.00891343 0.000249879 0.00320567 2.47978e-09 0.0181863 0.00116544 0.00508216 0.000992029 
0.0384713 3.77875e-07 5.45074e-09 0.0558012 0.0539816 0.0205592 2.66612e-06 0.00918702 0.717672 0.000237844 1.50315e-06 1.00773e-07 5.52215e-07 3.45425e-05 2.38243e-05 7.28501e-06 8.11564e-10 5.45297e-10 0.000140865 0.00148968 0.000108852 0.0056522 0.00793131 0.0845024 0.00419375 
0.138122 9.25557e-06 4.48581e-12 0.000368526 0.0129098 5.86396e-05 0.00974989 0.000256755 0.719185 0.000285651 0.00135426 4.98956e-06 0.00169168 0.000187933 5.78132e-05 4.19595e-07 0.0382583 0.00012543 0.00246888 1.39867e-05 2.3234e-05 0.000979948 0.0709111 0.00285084 0.000126456 
0.17531 5.38741e-08 3.12762e-11 3.23714e-05 0.00180571 2.30561e-06 9.93834e-07 0.00317686 0.455804 0.0015044 0.00019659 0.00354061 0.000283608 0.173486 0.000275455 2.51788e-07 0.109721 1.12885e-06 0.0699226 0.00103574 1.80665e-08 0.00162979 1.68745e-06 0.00219198 7.65577e-05 
0.0160425 5.70262e-07 2.23569e-12 3.48354e-05 0.00306454 4.05951e-08 0.00358 0.000385576 0.970495 3.25104e-05 0.000173786 4.57645e-07 6.61984e-05 6.17321e-05 0.00048531 9.0248e-07 0.00203686 2.62107e-08 0.00233685 0.000158665 7.721e-09 0.000166385 4.57239e-08 0.000822008 5.52949e-05 
0.0100673 2.41891e-05 0.00611432 0.0143676 0.119019 0.241997 0.000206337 0.0303033 0.274311 0.0190801 0.0134279 2.0064e-06 0.0014378 5.0239e-08 8.09031e-06 0.0211983 0.00189384 0.000547541 0.0297867 0.00778953 6.3724e-07 0.0188484 0.0700077 0.0133222 0.106239 
0.138122 9.25557e-06 4.48581e-12 0.000368526 0.0129098 5.86396e-05 0.00974989 0.000256755 0.719185 0.000285651 0.00135426 4.98956e-06 0.00169168 0.000187933 5.78132e-05 4.19595e-07 0.0382583 0.00012543 0.00246888 1.39867e-05 2.3234e-05 0.000979948 0.0709111 0.00285084 0.000126456 
0.00234037 0.000255899 1.07996e-07 0.00963907 0.0263284 0.0113064 0.000708694 0.0887919 0.33269 0.0123779 0.00031672 2.03006e-06 0.000239411 8.98297e-05 0.000582745 0.159781 0.0065859 0.000732459 0.00158306 0.00312016 1.46344e-06 0.0190071 0.0297733 0.293723 2.25227e-05 
0.138122 9.25557e-06 4.48581e-12 0.000368526 0.0129098 5.86396e-05 0.00974989 0.000256755 0.719185 0.000285651 0.00135426 4.98956e-06 0.00169168 0.000187933 5.78132e-05 4.19595e-07 0.0382583 0.00012543 0.00246888 1.39867e-05 2.3234e-05 0.000979948 0.0709111 0.00285084 0.000126456 
0.138122 9.25557e-06 4.48581e-12 0.000368526 0.0129098 5.86396e-05 0.00974989 0.000256755 0.719185 0.000285651 0.00135426 4.98956e-06 0.00169168 0.000187933 5.78132e-05 4.19595e-07 0.0382583 0.00012543 0.00246888 1.39867e-05 2.3234e-05 0.000979948 0.0709111 0.00285084 0.000126456 
0.0489328 2.51678e-05 3.90578e-07 0.027005 0.0403388 0.0613735 0.00398219 0.0337048 0.383738 0.0050625 0.000111422 9.52977e-07 0.0153217 7.72711e-05 0.000449271 5.21607e-07 0.00389726 3.60684e-05 0.188594 0.0563794 0.000368871 0.0976044 4.18472e-05 0.0327299 0.000223115 
0.00345857 8.37424e-06 0.00379336 0.0285277 0.238926 0.0486896 0.0118981 0.0955124 0.31871 0.00530171 0.00678099 7.48098e-07 0.0104349 7.6953e-06 8.30142e-05 0.0153645 0.00451597 0.000551653 0.00787815 0.023552 5.29489e-07 0.00265994 0.0628276 0.110512 5.49615e-06 
0.00437233 1.23736e-07 1.30338e-10 0.00760546 0.0308283 0.215363 0.00137698 0.037147 0.54743 2.2546e-07 2.00549e-05 8.54728e-09 2.71309e-11 3.00689e-09 3.13892e-05 0.000284604 2.51283e-06 1.60827e-07 0.000582497 0.000809785 3.57239e-06 0.0232592 0.130503 0.000335008 4.45635e-05 
0.0152275 5.11767e-07 2.94535e-12 0.000640555 0.00223699 0.000656381 0.00368437 0.000616909 0.965179 0.00037282 0.000131837 4.51311e-06 0.000225012 6.3137e-05 0.00215347 7.3776e-07 0.00132798 0.000246146 0.0022571 0.000626909 3.02249e-06 0.000236787 0.00216302 0.00190893 3.66274e-05 
0.000174233 5.58995e-09 2.16445e-09 0.000101692 0.0359107 2.03833e-05 0.00122027 0.000300748 0.960985 7.52523e-05 1.05147e-05 1.38959e-06 6.57297e-06 8.58576e-09 7.02225e-09 4.23037e-11 6.00154e-08 5.21323e-09 4.38893e-05 5.93144e-06 1.94093e-11 0.000107556 0.000407759 0.000626438 1.68778e-06 
0.0689166 0.000217927 3.07194e-06 0.161344 0.076516 0.0407338 0.000216175 0.0594787 0.214312 0.00626014 0.0347307 5.42422e-06 0.00466279 0.000139568 0.00570222 1.81397e-06 0.0640652 6.811e-05 0.00139847 0.0411014 8.60096e-07 0.110252 0.0967652 0.0130737 3.37158e-05 
0.000475117 1.18474e-07 1.84511e-10 0.000479632 0.213539 0.00530837 0.00869524 0.0135389 0.449149 0.000229812 1.90056e-06 6.26134e-05 0.000745861 0.00014033 1.12518e-10 0.00832284 0.00081505 0.0453739 0.0466779 1.1446e-06 1.27796e-06 0.0433876 0.000485945 2.14992e-05 0.162547 
0.0249791 0.000243784 6.42388e-09 0.0424621 0.153403 0.142791 0.00938494 0.0579241 0.461862 0.00284562 0.000232847 5.27032e-06 0.000655315 0.00209717 3.44212e-05 7.10131e-06 0.00129684 0.000346599 0.00550392 0.000337082 3.06146e-06 0.0406902 0.0454074 0.00738768 9.91679e-05 
4.31667e-05 2.27639e-07 1.38374e-07 0.00265507 0.204613 0.0604377 0.0129304 0.0328147 0.529037 0.000552463 2.04968e-06 8.08833e-06 7.8657e-12 1.58227e-08 5.44457e-07 7.3859e-08 3.29007e-10 0.00361693 0.00198917 4.88639e-08 7.83791e-09 0.0093075 0.136992 0.00499409 5.19802e-06 
0.00718907 0.00171143 4.87728e-08 0.020995 0.140387 0.129829 0.0460557 0.0230134 0.360451 0.0177668 0.00550096 6.934e-05 0.00160443 2.8211e-05 0.0032546 1.56735e-06 0.00187302 0.011103 0.0250787 0.00175101 1.69357e-06 0.0314391 0.157999 0.00708055 0.00581596 
0.0516119 4.80143e-07 6.01646e-12 0.00572269 0.0139364 0.0010204 0.00566829 0.00259306 0.873909 0.000728424 0.000875112 1.03027e-05 0.00130887 5.05334e-05 0.00639326 5.07609e-06 0.00136264 0.00541284 0.00238295 0.00123421 3.46338e-06 0.000562227 0.00717954 0.0176695 0.000358701 
0.0336866 0.109963 3.01158e-08 0.0289619 0.0167955 0.0146042 0.0165195 0.189348 0.271491 0.0386291 0.000184814 6.07088e-05 0.00337486 1.30037e-07 0.000223117 4.02189e-08 0.0131258 3.01281e-09 0.0721808 0.000494414 6.1709e-06 0.0361858 0.14978 0.00430534 7.92518e-05 
0.0013539 2.03828e-06 8.25989e-10 0.00447927 0.27672 0.0142091 0.0800153 0.00244141 0.563527 0.00127045 2.23758e-05 8.29032e-07 0.00116356 1.37938e-08 6.68132e-06 2.38074e-05 0.000484613 0.000459148 0.000717004 0.000811068 7.50948e-07 0.00489346 0.0454395 0.00170801 0.00025146 
0.00159993 0.00176624 1.00265e-07 0.0210889 0.0685812 0.000610861 0.000709513 0.00563984 0.656537 0.000222431 0.000126906 0.00084084 0.122786 6.43819e-05 1.78168e-05 6.86383e-06 0.000115569 0.0266772 0.0145851 0.000633432 3.40651e-06 0.0302158 0.0463322 0.000460673 0.000377583 
0.0472519 4.89758e-07 5.64691e-12 0.00513171 0.0125398 0.00099914 0.00548215 0.00235677 0.884604 0.000690462 0.000786509 9.65079e-06 0.00118196 5.22156e-05 0.00593292 4.5601e-06 0.0013621 0.00479882 0.00237673 0.00117934 3.51406e-06 0.000526315 0.00663189 0.0157771 0.000320015 
0.0145394 3.43125e-07 2.93198e-12 2.09189e-05 0.00186102 4.04344e-08 0.00214805 0.000564696 0.97394 0.000231011 0.000104283 3.1872e-06 0.000118326 5.83833e-05 0.000687063 5.4295e-07 0.00122214 2.6107e-08 0.00199752 9.52214e-05 7.14357e-09 0.000141012 0.000514326 0.00171957 3.31835e-05 
0.144723 1.14556e-06 6.63399e-12 0.000241812 0.0431405 1.4154e-08 0.0288898 0.00064198 0.751506 2.17588e-06 5.68125e-08 8.60123e-06 0.00039785 0.000146047 0.00743809 7.79591e-05 0.0134214 6.555e-07 0.00015764 0.000934289 2.94079e-05 0.00137588 3.96742e-07 0.00102537 0.00583968 
0.00450704 1.76741e-08 2.14581e-08 0.00360583 0.106333 0.00820245 0.00229159 0.0132489 0.751573 0.00206564 0.014742 0.000732577 0.0507828 0.000111305 2.74554e-05 1.82567e-06 0.000112306 0.00336794 0.0162425 0.00114393 6.95857e-08 0.0112824 0.00834731 0.00119282 8.55743e-05 
0.0153359 2.97138e-05 2.90247e-11 0.0284192 0.183247 0.0318831 0.0785253 0.00648483 0.43862 0.0214111 0.000995821 2.92463e-05 0.000138998 0.00064276 0.00064865 1.11757e-06 0.00282328 0.0140564 0.00528088 0.00245086 9.06224e-10 0.0264065 0.115444 0.0265995 0.000526833 
0.019162 1.18444e-07 5.43658e-07 0.0700232 0.151301 0.0375384 0.0101131 0.0168472 0.214557 0.17158 0.006065 2.57989e-05 0.000544722 2.92888e-06 0.000702706 5.65734e-06 0.0052722 0.0138968 0.0113257 8.23643e-05 0.00744978 0.0510814 0.139202 0.0483504 0.0248693 
0.018875 1.92803e-05 9.13634e-10 0.0588866 0.0807467 0.0121241 0.000381676 0.0156689 0.445302 0.0330148 2.92198e-07 2.21724e-05 0.00688188 1.59002e-06 5.57149e-10 2.17447e-05 0.00118296 0.000144494 0.0862175 0.105899 1.84551e-05 0.0644128 0.0692458 0.000890859 4.11756e-05 
0.0173731 0.000766707 1.07532e-05 0.0453686 0.0683597 0.114012 0.0178326 0.0530829 0.554021 0.00818799 0.00118715 6.54855e-06 0.00411629 7.6414e-05 0.000232157 5.78411e-06 0.00330615 0.000426182 0.00839465 0.00630955 3.88998e-06 0.0113549 0.0744558 0.0110703 3.86123e-05 
0.0351201 4.80517e-05 4.92731e-09 0.0218148 0.0461876 0.00856928 0.0135378 0.0926631 0.35364 0.00888475 0.000548031 0.000151488 0.00916258 3.56335e-08 0.000275828 5.71042e-08 0.0236451 0.000537926 0.00667407 2.29204e-05 3.87076e-11 0.00240667 0.304716 0.0711941 0.000199895 
0.129955 9.51325e-06 5.04813e-12 5.14063e-05 0.0144451 2.16057e-08 0.00706938 0.000276694 0.764416 0.0001684 0.000917774 3.76994e-06 0.00176106 0.000111341 4.17798e-05 6.15171e-09 0.0384475 0.000126712 0.00194538 1.17476e-05 1.9261e-05 0.000396075 0.0372779 0.00241749 0.000130593 
0.136648 9.27426e-06 4.67519e-12 0.000276135 0.013459 4.15429e-05 0.00892831 0.000264874 0.729762 0.000251562 0.00122149 4.61145e-06 0.00175687 0.000164932 5.28887e-05 2.98971e-07 0.0388007 0.000129575 0.00230462 1.32638e-05 2.19606e-05 0.000807295 0.0622109 0.00274084 0.00012906 
0.161347 7.445e-11 9.03895e-11 1.62062e-05 0.0195814 0.000496896 0.259688 0.0090759 0.316414 0.00148288 6.38784e-07 9.41259e-06 0.00667058 9.50082e-05 7.23923e-08 3.86542e-08 0.0465361 0.0219816 0.0544016 0.000108801 2.9606e-08 0.00997132 0.0683561 0.00133695 0.0224291 
0.138122 9.25557e-06 4.48581e-12 0.000368526 0.0129098 5.86396e-05 0.00974989 0.000256755 0.719185 0.000285651 0.00135426 4.98956e-06 0.00169168 0.000187933 5.78132e-05 4.19595e-07 0.0382583 0.00012543 0.00246888 1.39867e-05 2.3234e-05 0.000979948 0.0709111 0.00285084 0.000126456 
0.138122 9.25557e-06 4.48581e-12 0.000368526 0.0129098 5.86396e-05 0.00974989 0.000256755 0.719185 0.000285651 0.00135426 4.98956e-06 0.00169168 0.000187933 5.78132e-05 4.19595e-07 0.0382583 0.00012543 0.00246888 1.39867e-05 2.3234e-05 0.000979948 0.0709111 0.00285084 0.000126456 
1.88221e-08 9.7008e-12 1.17777e-11 1.05997e-05 0.159513 0.00295837 0.030382 0.000661228 0.806065 3.38642e-05 6.71839e-08 2.62107e-10 2.45162e-12 9.73298e-12 7.18224e-12 2.58402e-08 5.37332e-08 1.58147e-05 8.12218e-05 2.33772e-12 7.21652e-12 4.15158e-06 0.000218759 5.58404e-05 5.64343e-09 
0.0117716 1.8035e-07 2.97129e-06 0.0297816 0.0617139 0.0548781 0.00609068 0.00201889 0.279069 0.000787312 8.87083e-07 4.9535e-08 0.000302423 1.68062e-09 0.00226471 2.91563e-06 0.22347 0.00269622 0.000987043 0.074403 1.24609e-09 0.0678379 0.173847 0.00188757 0.00618679 
0.00969309 2.31931e-07 6.95496e-10 0.000811726 0.0084158 0.00138529 0.0092291 0.00695183 0.935593 0.000154051 0.000443772 2.12881e-06 7.89137e-05 6.99184e-05 0.00156484 3.66567e-07 0.000814816 4.18416e-08 0.00182701 0.000584392 1.22447e-08 0.000872545 0.00461649 0.01683 6.06669e-05 
0.0332172 9.91027e-06 8.09765e-07 0.00149805 0.155265 0.00219569 0.00169114 0.0398175 0.309942 0.00856275 0.00142051 1.19445e-05 0.177803 2.32281e-05 7.1411e-06 1.08832e-07 0.0553819 0.161456 0.00543287 0.00123309 8.66162e-06 0.00205641 0.033175 0.00668246 0.0031071 
0.0170949 0.000451439 0.000402217 0.0234947 0.159121 0.0112785 0.0297334 0.0253779 0.378276 0.00247581 0.00480814 0.000300203 0.00499762 4.57469e-06 0.00784621 0.000109359 0.0570556 0.004331 0.00948644 0.0147017 0.0525468 0.0382454 0.0120729 0.140177 0.00561176 
0.0119931 0.000103911 1.21792e-09 0.00587804 0.091571 0.0338154 0.00725003 0.0487488 0.685204 0.0160148 0.000109405 1.6827e-07 6.11334e-07 0.000231934 0.000290011 8.73232e-06 0.00194445 0.000754008 0.00399356 0.00697403 5.77999e-07 0.0227332 0.0431258 0.019187 6.77484e-05 
0.344334 6.06621e-07 8.08178e-11 5.26661e-05 0.0487632 7.27269e-12 0.0424816 0.00383168 0.494659 0.00371475 0.00491253 0.000178668 1.47776e-08 9.43925e-06 0.00101292 0.000128862 0.00831751 8.88027e-08 0.000838514 0.000551509 0.00087153 3.19004e-08 2.74137e-07 0.0412649 0.00407501 
0.0269417 0.00020196 0.000715501 0.0454718 0.0754824 0.0347608 0.00187576 0.0117681 0.637634 0.00400417 2.79597e-05 1.61056e-06 9.8886e-05 0.00443305 0.00143584 2.14788e-05 8.43811e-05 0.000408892 0.00232073 0.000702661 4.87268e-07 0.0672328 0.0636535 0.0206565 6.53783e-05 
0.0595097 1.04783e-05 4.31313e-11 0.242836 0.0651587 0.0725234 0.0066929 0.0269602 0.330348 0.00151072 0.000681344 1.51726e-06 0.000621322 0.00139862 0.000638054 7.27342e-06 0.00152207 0.0305057 0.020677 0.00985684 2.11306e-07 0.0384711 0.0881799 0.0018681 2.10172e-05 
2.94302e-06 3.1767e-07 3.50302e-10 1.83526e-07 5.73614e-06 3.15232e-11 4.14694e-05 0.0091769 0.957487 4.33281e-07 1.50293e-10 5.67562e-11 7.2918e-11 8.6875e-07 1.62372e-06 1.02967e-06 3.57277e-06 3.50445e-11 0.00785143 6.95302e-11 2.83345e-06 6.8521e-07 1.54361e-11 0.0252322 0.000191182 
0.000132563 3.24677e-05 1.38534e-09 0.00240442 0.0283396 0.000565729 0.000527354 0.0335718 0.881256 0.000504397 0.000310005 7.41779e-07 2.88369e-10 2.86349e-07 4.6323e-08 0.00562902 6.14994e-07 3.22602e-05 0.00014925 0.000139927 8.48833e-10 0.00150245 0.00259991 0.042301 4.36941e-08 
0.00400138 0.000430968 1.9111e-09 0.179914 0.106759 0.0995723 0.00195227 0.0379798 0.318261 0.0201982 0.02338 1.95892e-08 0.00199625 2.49843e-06 0.00243722 5.8746e-06 0.0244449 0.000178207 0.0072768 0.021863 1.3077e-05 0.0521041 0.0878476 0.00866136 0.000720891 
0.00446213 2.69511e-05 8.03342e-08 0.0253844 0.027215 0.131312 0.000611754 0.0143188 0.647285 0.012281 0.00107864 1.76232e-05 0.000625255 2.29069e-05 4.45109e-05 0.000528565 0.000198071 0.0062577 0.004528 0.00153745 6.46268e-06 0.0160941 0.0714438 0.0116291 0.0230911 
0.00657246 0.00530453 4.98233e-10 0.00653336 0.204606 0.0470949 0.0108853 0.0260578 0.283073 0.0045249 0.000443334 5.53359e-05 0.00456566 6.52625e-08 8.07814e-05 0.00333205 0.00575851 0.016129 0.00067904 0.0194301 1.11812e-06 0.00730258 0.11436 0.233182 2.79522e-05 
0.0046236 1.97721e-06 3.43124e-11 0.000623682 0.0459611 0.00220309 0.000672394 0.006466 0.920704 0.00968226 1.94413e-06 9.47754e-07 2.37005e-05 6.16855e-07 1.03801e-08 4.58234e-11 8.8777e-08 3.40129e-08 0.000415398 7.34537e-09 9.21265e-09 0.000647235 0.00180655 0.00611899 4.67432e-05 
0.00706807 2.10047e-10 2.55017e-10 0.109582 0.135936 0.00632337 0.00697491 0.00509465 0.5863 7.19128e-05 3.0364e-06 2.60716e-07 2.38546e-05 2.10744e-10 2.51331e-07 3.40569e-10 3.79696e-11 2.64545e-05 0.000291923 0.00309591 1.56256e-10 0.00358142 0.135344 0.000269617 1.3184e-05 
0.00396469 6.72915e-05 8.38017e-09 0.0330748 0.0530986 0.00675934 0.00148652 0.0184991 0.408824 0.0115751 0.00138383 4.70927e-05 0.000376606 5.10734e-08 0.00836886 2.27479e-07 0.000222467 0.000169164 0.0313057 0.251129 1.49213e-06 0.0135333 0.0657165 0.0763962 0.014 
0.00667349 1.2109e-05 1.11396e-07 0.00234254 0.273938 0.0260394 0.0314577 0.00436627 0.564973 0.0119599 4.51271e-05 2.29714e-06 0.00046839 0.00260604 2.5135e-05 6.36052e-06 0.00363667 0.00651426 0.000729424 0.000860839 1.09959e-06 0.0242662 0.0376131 0.00144964 1.25608e-05 
0.0699371 0.000321342 2.67594e-09 0.153443 0.170732 0.096127 0.00737732 0.0647069 0.209268 0.0769744 0.000596385 2.51335e-07 5.57018e-10 0.00914742 0.00252962 9.16606e-05 0.00133548 0.00369742 0.000965505 0.00179705 9.58155e-08 0.0424449 0.0281613 0.0585214 0.00182477 
0.000209641 3.68179e-07 9.66609e-08 0.00223219 0.0753361 0.0470413 0.0138844 0.00792688 0.754872 0.000332429 1.07561e-05 2.95666e-09 0.00173609 7.53404e-08 2.91862e-07 2.09413e-07 9.02845e-07 2.90857e-05 0.00112245 4.62014e-05 6.73555e-10 0.0188379 0.075715 0.000660759 4.41416e-06 
0.356016 7.6957e-05 1.28908e-07 0.00104538 0.0285556 0.00413379 0.018412 0.0265313 0.367694 0.0437596 0.0107764 0.00010466 0.00169817 0.000250787 0.000721303 2.41017e-05 0.00950996 0.0161988 0.00428969 0.00539973 7.07761e-05 0.00392596 0.0387852 0.0612894 0.000729852 
1.67335e-08 0.000264566 2.18099e-07 0.0377234 0.0549153 0.00128788 0.0043725 0.0200965 0.647062 0.0891879 3.80899e-06 3.60145e-05 4.88731e-05 1.80235e-07 0.000293801 2.91265e-07 0.00324411 0.000674371 0.00209517 0.0481971 2.71589e-06 0.00645364 0.00259419 0.0794363 0.00200892 
0.0618604 2.30689e-07 6.24803e-12 0.0022248 0.0129829 0.000182653 0.00762022 0.00122769 0.842764 0.000154038 6.95342e-05 1.28378e-05 0.000693867 0.000135951 0.0364559 2.66792e-05 0.00405626 0.00491233 0.00133171 0.00184751 5.88753e-06 0.000935212 0.0149915 0.00208854 0.00341933 
0.00660721 0.000197604 7.06312e-08 0.038607 0.0504146 0.0759024 0.00388302 0.0531273 0.690864 0.00456101 0.00193757 4.22259e-06 0.00372735 0.000936407 0.000493339 1.32228e-05 0.00104108 0.00131627 0.0107612 0.00284891 3.38285e-06 0.0157196 0.0330208 0.00390403 0.000108112 
0.0771321 0.00117443 0.000732713 0.0826542 0.0364498 0.120748 0.00247474 0.164147 0.169954 0.0222358 0.00540088 4.66908e-05 0.0538351 0.00171067 0.00670536 0.000311201 0.0383593 0.0027938 0.0082707 0.0229562 0.000103706 0.0229211 0.113498 0.0430587 0.00232626 
0.00661438 0.000427501 0.021384 0.00770062 0.349603 0.0139228 0.00476018 0.0028997 0.511552 0.00376431 0.0237966 5.92033e-06 1.22225e-06 0.000597023 2.07595e-07 1.70034e-05 0.00484063 0.00153993 0.000607439 0.00229664 2.85383e-07 0.00690105 0.00274944 0.0336762 0.000341186 
0.0293 0.0128827 9.83862e-09 0.022891 0.202328 0.0409458 0.0006063 0.0029901 0.492318 0.0176178 0.000136695 0.000125445 0.000702458 7.64222e-06 0.00496427 1.50646e-07 0.000583335 0.000328782 0.00138796 0.000321648 1.95597e-08 0.121026 0.00422051 0.0442833 3.24279e-05 
0.0216645 9.80111e-05 5.27307e-08 0.00196337 0.376713 0.00493951 0.0444771 0.00236101 0.394786 0.000297602 2.62067e-05 1.19952e-05 0.000123439 5.28098e-08 6.19329e-10 2.26204e-05 0.0209838 0.0142019 0.00466481 1.10492e-05 3.1834e-06 0.00562013 0.0827362 0.0242942 7.64569e-07 
0.0516119 4.80143e-07 6.01646e-12 0.00572269 0.0139364 0.0010204 0.00566829 0.00259306 0.873909 0.000728424 0.000875112 1.03027e-05 0.00130887 5.05334e-05 0.00639326 5.07609e-06 0.00136264 0.00541284 0.00238295 0.00123421 3.46338e-06 0.000562227 0.00717954 0.0176695 0.000358701 
0.0151572 3.64466e-05 0.000288326 0.0634338 0.0418454 0.00619492 9.4332e-05 0.00563492 0.810569 0.00013218 0.00351287 4.37764e-08 0.00356 1.07996e-07 0.00655664 1.72573e-05 0.000302389 0.00020206 0.0015227 0.00821858 1.9863e-07 0.00650508 0.0243356 0.00158548 0.000294336 
0.0534561 5.84718e-05 2.58337e-07 0.0117001 0.126121 0.133166 0.0155453 0.13163 0.215962 0.0181064 8.00348e-05 0.0151197 0.000534932 5.96564e-06 1.09877e-06 1.57919e-07 0.000226975 0.00177137 0.0387821 0.0717118 2.00913e-08 0.0131658 0.11734 0.034679 0.000836381 
0.138122 9.25557e-06 4.48581e-12 0.000368526 0.0129098 5.86396e-05 0.00974989 0.000256755 0.719185 0.000285651 0.00135426 4.98956e-06 0.00169168 0.000187933 5.78132e-05 4.19595e-07 0.0382583 0.00012543 0.00246888 1.39867e-05 2.3234e-05 0.000979948 0.0709111 0.00285084 0.000126456 
0.141399 3.84958e-05 2.53163e-09 0.0865721 0.0749585 0.153797 0.000842013 0.0729301 0.155076 0.0343787 0.00147706 0.00166005 0.000753437 0.000211925 0.000150001 1.87994e-05 0.00246422 0.0026916 0.119343 0.0259749 7.04506e-09 0.0871652 0.0258486 0.00891746 0.00333228 
