0.0445694 3.01622e-07 2.16908e-07 0.353242 0.0622976 0.00699061 0.00140114 0.00998585 0.362281 0.0056975 0.0179901 4.0384e-05 0.000488156 0.0092483 0.00332486 3.03176e-06 0.00621303 0.000393475 0.0277561 0.0103634 3.63841e-08 0.0141099 0.0575528 0.00603612 1.46536e-05 
0.00316945 3.72859e-06 5.75251e-09 0.0457306 0.0745981 0.0655197 0.00522931 0.0382405 0.587264 0.0524093 0.00619825 0.00021473 0.000739208 2.85046e-06 0.00707045 0.000346813 0.000466353 0.000226196 0.0136645 0.00452361 4.84805e-06 0.018974 0.0125571 0.0609825 0.00186403 
0.00300657 2.4561e-06 8.00177e-11 0.00448427 0.0769645 0.000901071 0.0484186 0.0064669 0.749096 0.0424095 0.00680738 0.000163297 0.000111342 2.51045e-08 0.000928633 1.06862e-10 8.47225e-05 4.10202e-06 0.000468458 0.00675044 2.63653e-07 0.00553182 0.00616205 0.00631592 0.0349214 
0.00246627 7.92665e-05 5.52504e-08 0.0262978 0.152043 0.0296356 0.0463945 0.000242142 0.499738 0.000174028 0.00082732 1.40847e-07 0.00205752 6.08587e-09 4.44699e-06 2.10094e-06 0.00438379 0.0163332 0.000130078 0.103427 4.51237e-09 0.00990887 0.0977356 0.00790136 0.000218421 
7.02294e-09 5.4023e-06 9.15346e-08 0.0110144 0.0175393 0.00331347 0.00322217 1.48787e-05 0.957861 0.000162038 2.57689e-05 1.48305e-08 3.6857e-05 7.56433e-08 5.58193e-08 7.68114e-06 0.00264733 0.000373844 2.60555e-06 6.96835e-05 5.60857e-08 0.000638823 0.00243986 0.000593092 3.10485e-05 
0.00326044 0.000546497 4.83827e-11 0.00840567 0.149345 0.135169 0.00182987 0.1498 0.349117 0.00585151 4.45166e-08 1.48506e-08 0.00101122 3.99829e-11 2.72076e-07 6.46139e-11 0.00902879 4.747e-05 0.0285952 0.0001837 2.96454e-11 0.0173125 0.0828143 0.0576811 2.76535e-07 
0.0953472 9.15494e-07 1.19211e-05 0.0280129 0.0372113 0.152975 5.14599e-07 0.00855068 0.298228 0.0380383 0.00472484 1.32781e-05 0.0893012 2.55605e-07 1.11547e-05 3.18305e-05 3.07796e-06 0.0304261 7.11121e-07 0.0408617 4.8592e-08 0.0680897 0.06913 0.0390291 4.10143e-07 
0.0310349 0.0724454 0.0035426 0.162329 0.120117 0.0357885 0.0003376 0.0138001 0.168955 0.147575 0.00431135 0.0170384 0.00146436 9.29625e-05 0.00554722 4.19126e-09 0.00291777 8.97194e-08 0.000388551 0.0897647 7.6189e-08 0.00975393 0.0099247 0.10287 9.22524e-07 
0.0187978 3.92588e-05 5.1675e-10 0.00893852 0.110706 0.0467505 0.00114853 0.0240373 0.702076 0.0124787 0.000240547 9.25342e-07 2.58449e-07 0.000414106 0.000695115 1.5975e-08 0.00266278 0.000384128 0.00829921 0.00872994 1.30061e-06 0.0259717 0.0211471 0.00635301 0.000127177 
0.0184668 6.01546e-05 6.8603e-11 0.0297926 0.0646784 0.0229486 0.00277316 0.0131 0.679216 0.00465848 0.0017373 7.05755e-06 0.000210138 0.00108768 0.000356836 8.09132e-05 0.00987164 0.0052348 0.0261259 0.0359676 8.48302e-07 0.0431535 0.0361661 0.00314176 0.00116408 
4.37188e-08 2.24014e-05 6.65996e-06 6.48843e-08 0.0751744 5.1277e-08 0.000234111 0.0183604 0.784275 3.67978e-05 4.73224e-05 5.02597e-06 3.29524e-05 0.0100877 3.47483e-07 7.60975e-07 0.00904939 0.0279648 0.00111259 0.0215267 1.29555e-05 8.01808e-08 0.0115435 0.0405029 2.91624e-06 
0.161347 7.445e-11 9.03895e-11 1.62062e-05 0.0195814 0.000496896 0.259688 0.0090759 0.316414 0.00148288 6.38784e-07 9.41259e-06 0.00667058 9.50082e-05 7.23923e-08 3.86542e-08 0.0465361 0.0219816 0.0544016 0.000108801 2.9606e-08 0.00997132 0.0683561 0.00133695 0.0224291 
0.17531 5.38741e-08 3.12762e-11 3.23714e-05 0.00180571 2.30561e-06 9.93834e-07 0.00317686 0.455804 0.0015044 0.00019659 0.00354061 0.000283608 0.173486 0.000275455 2.51788e-07 0.109721 1.12885e-06 0.0699226 0.00103574 1.80665e-08 0.00162979 1.68745e-06 0.00219198 7.65577e-05 
0.060614 1.42297e-07 4.07567e-06 0.0609291 0.187875 1.39459e-06 1.15666e-05 0.3267 0.344861 0.00521395 2.83212e-06 9.29933e-11 0.0120148 4.74313e-10 3.50009e-10 7.66507e-10 3.30727e-06 4.65154e-07 9.52072e-07 2.14187e-06 3.5168e-10 1.9788e-06 5.46324e-07 0.00176259 3.289e-10 
2.31516e-12 2.48538e-11 3.0175e-11 0.000779427 0.106183 6.58489e-07 0.00106521 0.00223389 0.889721 4.24445e-08 1.29462e-11 7.82727e-09 6.28116e-12 2.49363e-11 1.84012e-11 4.02979e-11 4.49277e-12 2.44548e-08 1.23239e-07 5.98933e-12 1.8489e-11 2.10607e-07 1.40414e-07 6.2789e-08 1.71168e-05 
0.153877 5.69733e-07 1.91851e-12 1.60593e-05 0.0117651 2.49679e-07 0.0187783 0.00247967 0.712802 0.0076004 9.80507e-05 0.0035797 0.000141448 0.00520736 0.000466097 3.32232e-05 0.0339121 1.22246e-07 0.0455429 0.000516777 8.46359e-06 0.000814248 1.82737e-07 0.00219214 0.000168458 
0.00135709 1.73841e-06 6.66984e-08 0.00309527 0.194209 0.00403779 0.0127088 0.0123271 0.577757 0.00976488 0.00100784 7.71351e-06 0.00552008 2.14984e-07 0.000177471 1.75609e-05 7.06276e-06 0.0741805 0.000155762 0.00115259 1.184e-07 0.00139677 0.00339746 0.096851 0.000868833 
0.00328274 6.75507e-06 2.23137e-09 0.0337153 0.0928359 0.00173154 0.00253412 0.00321979 0.578458 0.0152573 1.15284e-06 3.61529e-10 8.4364e-05 4.82983e-08 0.192684 1.92068e-05 6.54773e-05 0.000154622 0.0108918 5.25691e-05 6.17165e-08 0.00140964 0.0217909 0.0418024 2.07177e-06 
0.00640036 7.79919e-05 1.6241e-09 0.0518767 0.127713 0.0519304 0.0167145 0.00873164 0.358214 0.00873381 0.000665063 3.13747e-06 9.20281e-05 0.000105957 7.14119e-08 1.48417e-06 0.000828678 0.00168913 0.037811 0.00180383 2.07667e-06 0.155346 0.170001 0.00107955 0.000178886 
0.00709933 3.28029e-05 0.000356617 0.0249284 0.109575 0.00832841 0.00597809 0.025049 0.683347 0.00585712 0.0111089 4.33223e-05 0.00272028 0.000613439 0.00141034 0.0021881 0.0079965 0.0110623 0.000572205 0.0131352 0.00120224 0.0182756 0.0324091 0.0262994 0.000411441 
0.0161869 1.68037e-06 3.22259e-12 0.000665486 0.00244501 0.000520007 0.00407114 0.000504977 0.959927 0.000738855 0.000102773 5.4699e-06 0.000284145 4.60614e-05 0.00148629 8.82673e-07 0.00194173 0.00019291 0.00159893 0.000388887 4.78745e-06 0.000153948 0.0071286 0.0015691 3.46408e-05 
8.72784e-08 7.18476e-08 7.69486e-11 6.10412e-05 0.397778 0.0354447 0.0704036 0.00137166 0.477387 0.000114877 1.99327e-08 5.38954e-07 3.50534e-08 5.40925e-06 4.87307e-05 6.09586e-07 7.55856e-08 0.0050069 0.000379696 1.2029e-07 1.0819e-08 0.000530855 0.00896304 0.00236292 0.000139266 
0.00360609 3.08019e-06 1.81737e-06 0.0211377 0.011064 0.00581105 0.0494971 0.0311635 0.495609 1.73173e-05 1.18431e-05 1.18089e-06 3.51646e-06 6.10804e-07 0.000426049 5.53966e-06 0.187013 0.000319485 0.00453977 3.53837e-05 7.72753e-06 0.0227256 0.0469437 0.0902827 0.0297732 
0.309336 3.9965e-05 8.1533e-07 0.0150551 0.0127893 0.0026158 0.003369 0.0108812 0.324666 0.0210803 0.00115355 0.000591673 0.00271893 0.000246327 0.00432707 9.10723e-06 0.00968864 0.00295713 0.0136565 0.00490736 0.00156427 0.00181134 0.0937083 0.162362 0.000463815 
0.0173414 5.42194e-05 8.57444e-09 0.121375 0.105378 0.137206 0.00276446 0.0377005 0.280938 0.0133278 0.00142088 1.11614e-05 0.00172546 6.02057e-07 0.00173705 6.20489e-07 0.0170372 9.10864e-05 0.0103 0.0142301 0.000182342 0.0476018 0.119985 0.0695486 4.28922e-05 
0.00547975 6.98144e-06 6.55615e-10 0.00750113 0.276178 0.0289414 0.0725771 0.00329562 0.529696 0.00571523 0.000100856 6.44865e-07 0.000904997 2.8452e-05 5.19696e-06 4.29621e-05 0.000989206 0.00124946 0.00153491 0.0013636 1.04947e-06 0.0123467 0.0501994 0.00159742 0.000243677 
0.0175042 0.0725394 4.26033e-06 0.0692617 0.0794862 3.6454e-05 0.0123034 0.0641415 0.613268 0.000430282 0.0345201 6.90262e-07 9.33002e-05 2.28114e-05 8.13481e-06 1.20171e-05 0.00423748 0.000185903 0.000409126 7.82721e-05 2.61042e-06 0.000835602 0.0231221 0.00748659 9.75289e-06 
0.0571494 0.000514591 3.95412e-08 0.152038 0.063409 0.0364124 0.00148417 0.0250393 0.322289 0.155573 0.00476792 0.00053879 0.00300069 0.000105736 0.00153173 4.4564e-06 0.00179995 0.00776743 0.0353613 0.0170492 9.28246e-06 0.00558415 0.0413537 0.045949 0.0212677 
0.0306164 8.18857e-05 4.91558e-06 0.0464183 0.123994 0.0170489 0.00429547 0.0316485 0.561509 0.0164263 0.0164511 1.0008e-05 0.00206688 2.82105e-06 0.00211863 3.38931e-05 0.00891166 0.0133756 0.00288953 0.00717405 7.19706e-06 0.0161608 0.0763511 0.022284 0.00011882 
0.0145394 3.43125e-07 2.93198e-12 2.09189e-05 0.00186102 4.04344e-08 0.00214805 0.000564696 0.97394 0.000231011 0.000104283 3.1872e-06 0.000118326 5.83833e-05 0.000687063 5.4295e-07 0.00122214 2.6107e-08 0.00199752 9.52214e-05 7.14357e-09 0.000141012 0.000514326 0.00171957 3.31835e-05 
0.0898052 3.00515e-06 7.18705e-08 0.000120134 0.00120187 0.000761847 0.000328406 0.00194299 0.699951 0.0042006 0.00016376 0.00809123 0.00042666 0.0920345 0.000661754 8.32804e-05 0.0568135 0.000373012 0.0381278 0.00142236 6.0074e-06 0.00132906 0.000557585 0.00144712 0.000147075 
0.138122 9.25557e-06 4.48581e-12 0.000368526 0.0129098 5.86396e-05 0.00974989 0.000256755 0.719185 0.000285651 0.00135426 4.98956e-06 0.00169168 0.000187933 5.78132e-05 4.19595e-07 0.0382583 0.00012543 0.00246888 1.39867e-05 2.3234e-05 0.000979948 0.0709111 0.00285084 0.000126456 
0.0161187 1.52189e-06 3.18769e-12 0.000689987 0.00244658 0.000559388 0.00405115 0.000523884 0.96005 0.000691731 0.000107798 5.34562e-06 0.000283915 4.86892e-05 0.00161975 8.63498e-07 0.00187136 0.000207854 0.00170192 0.000433838 4.5932e-06 0.000168113 0.00675142 0.00162676 3.52041e-05 
0.0347759 0.0037928 0.00611282 0.027569 0.158682 0.2023 0.000275161 0.0147516 0.232278 0.0182388 0.0264439 1.99063e-06 0.00143616 0.00101699 7.78689e-06 0.000125207 0.00189315 0.000546721 0.0520698 0.0216971 1.23536e-06 0.00745878 0.0766001 0.00577134 0.106154 
0.302291 6.72439e-07 1.2615e-09 3.26677e-05 0.0128998 0.000998964 0.000823783 0.00239522 0.447958 0.00840732 0.000175557 0.0867804 0.00069355 0.0068775 0.000221606 1.33867e-06 0.066752 0.000527912 0.0347234 0.00120057 9.64874e-06 0.00851726 0.0117044 0.00595999 4.72798e-05 
0.0454257 1.87215e-07 1.50229e-07 0.0424834 0.161133 0.0321661 0.00155981 0.0744024 0.355853 0.000884177 0.0124031 1.03847e-05 0.00803475 3.31711e-07 0.0742809 3.1315e-05 0.0039943 0.00130844 0.02211 0.00437603 8.18626e-07 0.00752149 0.0502995 0.101047 0.000673268 
0.101163 0.0143309 9.96072e-11 0.00191718 0.0477411 0.00884014 0.0345856 0.0193568 0.461113 0.0246235 0.00170629 0.0204447 0.000138545 0.00286991 0.00527769 0.000371836 0.013095 0.00340365 0.0303371 0.00173013 0.000407282 0.00555158 0.0238753 0.176911 0.000208893 
0.0113964 0.0019644 1.88908e-09 4.68957e-06 0.293863 7.31155e-07 9.12295e-06 9.0461e-07 0.626796 1.55787e-06 8.1049e-10 3.06071e-10 6.68882e-07 1.56112e-09 1.15199e-09 2.52282e-09 2.81267e-10 1.88986e-10 2.95593e-10 1.91266e-06 1.15749e-09 5.26349e-06 0.0263824 0.0395723 2.17586e-07 
0.133855 8.89077e-07 1.81427e-12 2.1988e-05 0.0100985 0.000601143 0.0188972 0.00212762 0.712655 0.0108014 0.000121714 0.0259675 0.000152514 0.00663443 0.000424763 2.81873e-05 0.0300329 0.000129681 0.043085 0.000806989 1.30995e-05 0.000844932 0.000657523 0.00189856 0.000143589 
0.00149638 0.000123415 1.26032e-08 0.066368 0.316825 0.0141807 0.00824432 0.0119388 0.453251 0.000765417 0.00557732 5.86598e-07 0.0011337 1.04152e-08 2.12218e-05 1.25815e-07 0.00222233 0.00107191 0.00220944 0.000310067 1.81946e-07 0.00481503 0.0963744 0.0130221 4.85078e-05 
0.153877 5.69733e-07 1.91851e-12 1.60593e-05 0.0117651 2.49679e-07 0.0187783 0.00247967 0.712802 0.0076004 9.80507e-05 0.0035797 0.000141448 0.00520736 0.000466097 3.32232e-05 0.0339121 1.22246e-07 0.0455429 0.000516777 8.46359e-06 0.000814248 1.82737e-07 0.00219214 0.000168458 
0.17531 5.38741e-08 3.12762e-11 3.23714e-05 0.00180571 2.30561e-06 9.93834e-07 0.00317686 0.455804 0.0015044 0.00019659 0.00354061 0.000283608 0.173486 0.000275455 2.51788e-07 0.109721 1.12885e-06 0.0699226 0.00103574 1.80665e-08 0.00162979 1.68745e-06 0.00219198 7.65577e-05 
0.0327169 3.99425e-06 9.33509e-10 0.145649 0.0458257 0.0314181 0.0121921 0.0107903 0.32596 0.00260133 8.49009e-05 6.5022e-08 0.000475973 0.0119428 8.54593e-07 2.21516e-06 0.00112147 0.00158882 0.00265999 0.000258761 1.86807e-08 0.229328 0.137536 0.00781825 2.46793e-05 
0.0790171 1.41205e-05 2.70101e-09 0.00830567 0.0673132 0.0513623 0.00884082 0.028174 0.507747 0.00136342 0.000746783 1.97827e-05 0.00742382 0.000403547 1.55645e-07 9.84136e-05 0.0375365 0.00100718 0.00438277 0.0032688 9.30849e-08 0.024197 0.154694 0.0139758 0.000107024 
0.0645728 8.3769e-06 5.3944e-05 0.00564586 0.111708 0.0208133 0.00465481 0.110952 0.201353 0.191117 0.00183249 0.0107193 0.00845926 0.000217345 0.00599099 0.00145276 0.0167936 0.000511499 0.0683482 0.0835183 1.07315e-06 0.0239072 0.0111672 0.0159277 0.0402743 
0.00252705 1.02959e-05 1.58283e-07 0.000805741 0.212135 0.00217676 0.0667022 0.0397665 0.535943 0.000213775 7.66049e-06 2.56451e-08 3.29478e-08 2.08384e-06 3.22205e-05 7.4852e-05 1.69499e-06 0.0240461 0.00178684 0.0144963 9.9205e-06 0.0115942 0.000827259 0.0868367 4.00307e-06 
0.00111241 4.30745e-10 5.22966e-10 0.00504901 0.155294 0.0015815 0.143457 0.22053 0.347744 7.19028e-05 0.00196557 1.3007e-09 0.00588361 4.32174e-10 3.28875e-06 3.53267e-05 0.0440217 0.00141376 7.51811e-05 0.00739594 0.000552748 0.012172 0.0366619 0.0149788 2.99679e-10 
0.0013539 2.03828e-06 8.25989e-10 0.00447927 0.27672 0.0142091 0.0800153 0.00244141 0.563527 0.00127045 2.23758e-05 8.29032e-07 0.00116356 1.37938e-08 6.68132e-06 2.38074e-05 0.000484613 0.000459148 0.000717004 0.000811068 7.50948e-07 0.00489346 0.0454395 0.00170801 0.00025146 
0.0556512 8.42114e-05 1.33409e-06 0.130754 0.142328 0.00856668 0.00386696 0.0717814 0.355614 0.0357673 0.000673133 3.37178e-05 0.000549366 9.34298e-07 0.00499012 4.3942e-06 0.0105821 0.00225313 0.00891836 0.0238243 1.6917e-07 0.0230647 0.0467949 0.0726139 0.00128119 
2.94302e-06 3.1767e-07 3.50302e-10 1.83526e-07 5.73614e-06 3.15232e-11 4.14694e-05 0.0091769 0.957487 4.33281e-07 1.50293e-10 5.67562e-11 7.2918e-11 8.6875e-07 1.62372e-06 1.02967e-06 3.57277e-06 3.50445e-11 0.00785143 6.95302e-11 2.83345e-06 6.8521e-07 1.54361e-11 0.0252322 0.000191182 
0.00164515 1.24451e-07 9.46542e-10 0.000714108 0.089945 0.0342476 8.82863e-07 0.0152928 0.8135 0.000380707 6.60974e-07 3.32385e-08 1.82724e-07 4.56801e-05 5.77217e-10 1.49044e-06 1.40931e-10 9.4693e-11 0.000232538 0.000205632 7.418e-08 0.00940895 0.0109962 0.0231877 0.000194056 
0.344334 6.06621e-07 8.08178e-11 5.26661e-05 0.0487632 7.27269e-12 0.0424816 0.00383168 0.494659 0.00371475 0.00491253 0.000178668 1.47776e-08 9.43925e-06 0.00101292 0.000128862 0.00831751 8.88027e-08 0.000838514 0.000551509 0.00087153 3.19004e-08 2.74137e-07 0.0412649 0.00407501 
0.0882671 0.000866797 5.97298e-08 0.00445266 0.0347093 0.0258644 0.0125977 0.0375482 0.232855 0.0122752 0.00176248 0.000101981 0.0926037 0.000385282 0.00817291 0.000116887 0.133593 0.000264404 0.0342848 0.00478293 0.000274296 0.1242 0.0541358 0.0948986 0.000986449 
0.0389748 8.73463e-05 2.06947e-08 0.0276645 0.0688782 0.146061 0.00261036 0.200892 0.355877 0.0626263 0.00214275 3.4467e-05 0.00395161 7.73531e-06 1.26199e-08 3.63421e-06 0.00372714 1.73785e-06 0.0249611 0.00315787 2.6878e-07 0.00319769 0.0498327 0.00517223 0.00013767 
0.015424 5.5995e-07 2.94917e-12 0.000817594 0.00234441 0.000843907 0.00412332 0.000631828 0.962676 0.000413337 0.000139709 4.89195e-06 0.000255494 6.44951e-05 0.00257244 7.9342e-07 0.00135823 0.000316466 0.00233126 0.000778819 3.88402e-06 0.000264151 0.00263408 0.00196303 3.76113e-05 
0.00101295 3.50144e-07 4.55904e-10 0.00569311 0.320601 0.00774102 0.00348475 0.00046882 0.633054 1.34353e-06 0.0103529 8.89114e-06 9.49e-11 4.05289e-09 1.01265e-06 3.3642e-09 0.000167753 0.00585775 1.65128e-05 0.00199213 2.55593e-09 0.00467449 0.00149298 0.00268977 0.00068834 
0.000958181 2.88214e-05 2.65323e-08 0.0348332 0.111781 0.0540687 0.00603227 0.0602275 0.577969 0.00850123 0.00145713 2.72669e-06 0.00616737 2.80664e-06 0.000117753 1.26114e-05 0.0122225 0.0147051 0.00047993 0.0115416 6.08353e-08 0.00423141 0.0805284 0.0140347 9.5495e-05 
0.17531 5.38741e-08 3.12762e-11 3.23714e-05 0.00180571 2.30561e-06 9.93834e-07 0.00317686 0.455804 0.0015044 0.00019659 0.00354061 0.000283608 0.173486 0.000275455 2.51788e-07 0.109721 1.12885e-06 0.0699226 0.00103574 1.80665e-08 0.00162979 1.68745e-06 0.00219198 7.65577e-05 
0.240681 0.000328632 1.75585e-08 0.109172 0.0785658 0.0643806 0.00553423 0.0036016 0.261577 0.0343857 6.13599e-05 0.00365583 0.000126271 0.00521356 9.7456e-05 0.000162737 0.0209748 0.00185711 0.0459187 0.00638125 1.02836e-06 0.0166068 0.0838754 0.0164219 0.000419337 
0.0384713 3.77875e-07 5.45074e-09 0.0558012 0.0539816 0.0205592 2.66612e-06 0.00918702 0.717672 0.000237844 1.50315e-06 1.00773e-07 5.52215e-07 3.45425e-05 2.38243e-05 7.28501e-06 8.11564e-10 5.45297e-10 0.000140865 0.00148968 0.000108852 0.0056522 0.00793131 0.0845024 0.00419375 
0.0305916 1.25126e-06 4.36549e-12 0.00270924 0.00711394 0.000730952 0.00463582 0.00135157 0.924561 0.000741895 0.000414444 7.30732e-06 0.000701104 4.82949e-05 0.0035011 2.55674e-06 0.00174504 0.0023017 0.0019341 0.000742992 4.07884e-06 0.000322014 0.007599 0.00807301 0.000165733 
0.0160425 5.70262e-07 2.23569e-12 3.48354e-05 0.00306454 4.05951e-08 0.00358 0.000385576 0.970495 3.25104e-05 0.000173786 4.57645e-07 6.61984e-05 6.17321e-05 0.00048531 9.0248e-07 0.00203686 2.62107e-08 0.00233685 0.000158665 7.721e-09 0.000166385 4.57239e-08 0.000822008 5.52949e-05 
0.000131423 2.5061e-11 3.04265e-11 2.93659e-08 0.337227 2.73805e-12 0.255573 0.00574876 0.379642 7.37776e-12 0.000294413 5.38002e-09 0.00305464 2.51442e-11 1.85546e-11 4.06339e-11 0.00961374 0.000294126 1.33333e-05 0.000487823 1.86432e-11 0.000783423 0.00705189 8.47379e-05 1.74356e-11 
0.138122 9.25557e-06 4.48581e-12 0.000368526 0.0129098 5.86396e-05 0.00974989 0.000256755 0.719185 0.000285651 0.00135426 4.98956e-06 0.00169168 0.000187933 5.78132e-05 4.19595e-07 0.0382583 0.00012543 0.00246888 1.39867e-05 2.3234e-05 0.000979948 0.0709111 0.00285084 0.000126456 
0.0863538 2.81603e-05 2.89386e-06 0.00666071 0.216998 0.0727878 0.00306672 0.0664417 0.329111 0.00181899 0.00113684 0.000326219 0.00370352 0.000445977 2.33706e-05 0.00180693 0.0270034 0.000569382 0.00367467 0.00209987 9.91126e-07 0.0336309 0.13031 0.0116502 0.00034789 
0.0441057 4.33894e-05 6.38462e-09 0.0348559 0.0913715 0.139966 0.0708324 0.0383076 0.359097 0.0353576 0.00388065 0.00163515 0.00177321 0.000505134 0.000712 5.14688e-07 0.00324769 0.00875587 0.0388593 0.00955452 2.13378e-07 0.0284593 0.0499558 0.0148147 0.0239086 
0.138122 9.25557e-06 4.48581e-12 0.000368526 0.0129098 5.86396e-05 0.00974989 0.000256755 0.719185 0.000285651 0.00135426 4.98956e-06 0.00169168 0.000187933 5.78132e-05 4.19595e-07 0.0382583 0.00012543 0.00246888 1.39867e-05 2.3234e-05 0.000979948 0.0709111 0.00285084 0.000126456 
0.00326044 0.000546497 4.83827e-11 0.00840567 0.149345 0.135169 0.00182987 0.1498 0.349117 0.00585151 4.45166e-08 1.48506e-08 0.00101122 3.99829e-11 2.72076e-07 6.46139e-11 0.00902879 4.747e-05 0.0285952 0.0001837 2.96454e-11 0.0173125 0.0828143 0.0576811 2.76535e-07 
0.060614 1.42297e-07 4.07567e-06 0.0609291 0.187875 1.39459e-06 1.15666e-05 0.3267 0.344861 0.00521395 2.83212e-06 9.29933e-11 0.0120148 4.74313e-10 3.50009e-10 7.66507e-10 3.30727e-06 4.65154e-07 9.52072e-07 2.14187e-06 3.5168e-10 1.9788e-06 5.46324e-07 0.00176259 3.289e-10 
0.00437233 1.23736e-07 1.30338e-10 0.00760546 0.0308283 0.215363 0.00137698 0.037147 0.54743 2.2546e-07 2.00549e-05 8.54728e-09 2.71309e-11 3.00689e-09 3.13892e-05 0.000284604 2.51283e-06 1.60827e-07 0.000582497 0.000809785 3.57239e-06 0.0232592 0.130503 0.000335008 4.45635e-05 
0.0689166 0.000217927 3.07194e-06 0.161344 0.076516 0.0407338 0.000216175 0.0594787 0.214312 0.00626014 0.0347307 5.42422e-06 0.00466279 0.000139568 0.00570222 1.81397e-06 0.0640652 6.811e-05 0.00139847 0.0411014 8.60096e-07 0.110252 0.0967652 0.0130737 3.37158e-05 
4.31667e-05 2.27639e-07 1.38374e-07 0.00265507 0.204613 0.0604377 0.0129304 0.0328147 0.529037 0.000552463 2.04968e-06 8.08833e-06 7.8657e-12 1.58227e-08 5.44457e-07 7.3859e-08 3.29007e-10 0.00361693 0.00198917 4.88639e-08 7.83791e-09 0.0093075 0.136992 0.00499409 5.19802e-06 
0.00159993 0.00176624 1.00265e-07 0.0210889 0.0685812 0.000610861 0.000709513 0.00563984 0.656537 0.000222431 0.000126906 0.00084084 0.122786 6.43819e-05 1.78168e-05 6.86383e-06 0.000115569 0.0266772 0.0145851 0.000633432 3.40651e-06 0.0302158 0.0463322 0.000460673 0.000377583 
0.0161869 1.68037e-06 3.22259e-12 0.000665486 0.00244501 0.000520007 0.00407114 0.000504977 0.959927 0.000738855 0.000102773 5.4699e-06 0.000284145 4.60614e-05 0.00148629 8.82673e-07 0.00194173 0.00019291 0.00159893 0.000388887 4.78745e-06 0.000153948 0.0071286 0.0015691 3.46408e-05 
0.0625559 5.20581e-05 5.26681e-06 0.0777886 0.0459939 0.0271071 0.00147614 0.0258826 0.561544 0.0336376 0.00520149 0.000106527 0.00127778 0.000176551 0.00381306 3.64729e-05 0.00195532 0.000809302 0.00723581 0.068577 1.17043e-05 0.00571077 0.059629 0.00758331 0.00183333 
0.153877 5.69733e-07 1.91851e-12 1.60593e-05 0.0117651 2.49679e-07 0.0187783 0.00247967 0.712802 0.0076004 9.80507e-05 0.0035797 0.000141448 0.00520736 0.000466097 3.32232e-05 0.0339121 1.22246e-07 0.0455429 0.000516777 8.46359e-06 0.000814248 1.82737e-07 0.00219214 0.000168458 
0.0145394 3.43125e-07 2.93198e-12 2.09189e-05 0.00186102 4.04344e-08 0.00214805 0.000564696 0.97394 0.000231011 0.000104283 3.1872e-06 0.000118326 5.83833e-05 0.000687063 5.4295e-07 0.00122214 2.6107e-08 0.00199752 9.52214e-05 7.14357e-09 0.000141012 0.000514326 0.00171957 3.31835e-05 
0.00450704 1.76741e-08 2.14581e-08 0.00360583 0.106333 0.00820245 0.00229159 0.0132489 0.751573 0.00206564 0.014742 0.000732577 0.0507828 0.000111305 2.74554e-05 1.82567e-06 0.000112306 0.00336794 0.0162425 0.00114393 6.95857e-08 0.0112824 0.00834731 0.00119282 8.55743e-05 
0.0134695 2.6614e-06 7.55475e-08 0.0121532 0.240974 0.00484949 0.00421226 0.034087 0.424211 0.075728 0.00464265 9.4628e-07 0.000168094 4.3889e-06 0.000813291 0.00010107 2.93546e-05 0.00141671 1.74243e-05 3.83171e-07 3.97203e-09 0.00601934 0.00106474 0.175249 0.000786219 
0.0113184 5.29662e-05 6.55836e-05 0.0284338 0.0723877 0.104355 0.0163901 0.0528229 0.214171 0.00176542 0.0050132 7.22551e-05 0.0410052 2.94877e-05 0.000184779 2.68972e-05 0.108204 0.000160882 0.00953447 0.00520513 6.15668e-05 0.158108 0.116862 0.0325566 0.0212125 
0.0351201 4.80517e-05 4.92731e-09 0.0218148 0.0461876 0.00856928 0.0135378 0.0926631 0.35364 0.00888475 0.000548031 0.000151488 0.00916258 3.56335e-08 0.000275828 5.71042e-08 0.0236451 0.000537926 0.00667407 2.29204e-05 3.87076e-11 0.00240667 0.304716 0.0711941 0.000199895 
0.129955 9.51325e-06 5.04813e-12 5.14063e-05 0.0144451 2.16057e-08 0.00706938 0.000276694 0.764416 0.0001684 0.000917774 3.76994e-06 0.00176106 0.000111341 4.17798e-05 6.15171e-09 0.0384475 0.000126712 0.00194538 1.17476e-05 1.9261e-05 0.000396075 0.0372779 0.00241749 0.000130593 
0.0863538 2.81603e-05 2.89386e-06 0.00666071 0.216998 0.0727878 0.00306672 0.0664417 0.329111 0.00181899 0.00113684 0.000326219 0.00370352 0.000445977 2.33706e-05 0.00180693 0.0270034 0.000569382 0.00367467 0.00209987 9.91126e-07 0.0336309 0.13031 0.0116502 0.00034789 
0.136648 9.27426e-06 4.67519e-12 0.000276135 0.013459 4.15429e-05 0.00892831 0.000264874 0.729762 0.000251562 0.00122149 4.61145e-06 0.00175687 0.000164932 5.28887e-05 2.98971e-07 0.0388007 0.000129575 0.00230462 1.32638e-05 2.19606e-05 0.000807295 0.0622109 0.00274084 0.00012906 
0.161347 7.445e-11 9.03895e-11 1.62062e-05 0.0195814 0.000496896 0.259688 0.0090759 0.316414 0.00148288 6.38784e-07 9.41259e-06 0.00667058 9.50082e-05 7.23923e-08 3.86542e-08 0.0465361 0.0219816 0.0544016 0.000108801 2.9606e-08 0.00997132 0.0683561 0.00133695 0.0224291 
0.138122 9.25557e-06 4.48581e-12 0.000368526 0.0129098 5.86396e-05 0.00974989 0.000256755 0.719185 0.000285651 0.00135426 4.98956e-06 0.00169168 0.000187933 5.78132e-05 4.19595e-07 0.0382583 0.00012543 0.00246888 1.39867e-05 2.3234e-05 0.000979948 0.0709111 0.00285084 0.000126456 
0.138122 9.25557e-06 4.48581e-12 0.000368526 0.0129098 5.86396e-05 0.00974989 0.000256755 0.719185 0.000285651 0.00135426 4.98956e-06 0.00169168 0.000187933 5.78132e-05 4.19595e-07 0.0382583 0.00012543 0.00246888 1.39867e-05 2.3234e-05 0.000979948 0.0709111 0.00285084 0.000126456 
0.0185567 2.06454e-05 0.000304327 0.0270192 0.0963683 0.0276565 0.0125241 0.0389664 0.612474 0.0115494 0.00300223 3.07515e-05 0.00391928 2.00163e-05 0.00439746 1.31884e-05 0.0104164 0.0130594 0.00594523 0.0115932 0.000105671 0.00682006 0.0640096 0.0297174 0.00151024 
0.0124992 4.55217e-09 1.84165e-12 6.29327e-10 4.62109e-05 1.65728e-13 3.54925e-09 4.27483e-05 0.985731 1.59478e-05 3.4846e-08 2.74131e-06 3.71892e-09 2.38151e-05 2.12023e-05 2.21599e-09 0.000598858 1.8424e-13 0.000835208 4.05789e-09 1.12843e-12 8.03375e-09 8.11526e-14 0.000140772 4.19736e-05 
0.0117716 1.8035e-07 2.97129e-06 0.0297816 0.0617139 0.0548781 0.00609068 0.00201889 0.279069 0.000787312 8.87083e-07 4.9535e-08 0.000302423 1.68062e-09 0.00226471 2.91563e-06 0.22347 0.00269622 0.000987043 0.074403 1.24609e-09 0.0678379 0.173847 0.00188757 0.00618679 
0.00561156 1.45135e-05 7.42973e-07 0.0167839 0.120731 0.0115289 0.00740005 0.0225125 0.570642 0.00347313 0.00583709 4.5178e-05 0.00386372 8.59006e-05 0.00139222 0.0302981 0.0326126 0.00607762 0.0159879 0.00309158 0.00102691 0.0232295 0.0678934 0.0491535 0.000706336 
0.0170949 0.000451439 0.000402217 0.0234947 0.159121 0.0112785 0.0297334 0.0253779 0.378276 0.00247581 0.00480814 0.000300203 0.00499762 4.57469e-06 0.00784621 0.000109359 0.0570556 0.004331 0.00948644 0.0147017 0.0525468 0.0382454 0.0120729 0.140177 0.00561176 
0.0119931 0.000103911 1.21792e-09 0.00587804 0.091571 0.0338154 0.00725003 0.0487488 0.685204 0.0160148 0.000109405 1.6827e-07 6.11334e-07 0.000231934 0.000290011 8.73232e-06 0.00194445 0.000754008 0.00399356 0.00697403 5.77999e-07 0.0227332 0.0431258 0.019187 6.77484e-05 
0.344334 6.06621e-07 8.08178e-11 5.26661e-05 0.0487632 7.27269e-12 0.0424816 0.00383168 0.494659 0.00371475 0.00491253 0.000178668 1.47776e-08 9.43925e-06 0.00101292 0.000128862 0.00831751 8.88027e-08 0.000838514 0.000551509 0.00087153 3.19004e-08 2.74137e-07 0.0412649 0.00407501 
0.0269417 0.00020196 0.000715501 0.0454718 0.0754824 0.0347608 0.00187576 0.0117681 0.637634 0.00400417 2.79597e-05 1.61056e-06 9.8886e-05 0.00443305 0.00143584 2.14788e-05 8.43811e-05 0.000408892 0.00232073 0.000702661 4.87268e-07 0.0672328 0.0636535 0.0206565 6.53783e-05 
0.0112565 3.51333e-06 1.43836e-10 0.0355903 0.0341808 0.218244 0.0284515 0.0207945 0.301074 0.00732127 0.000202986 7.85528e-09 0.000154132 2.49026e-08 0.000134086 3.34235e-08 0.000745473 0.000257441 0.000758138 0.00163632 3.39699e-08 0.154107 0.182907 0.00201098 0.000170061 
0.0595097 1.04783e-05 4.31313e-11 0.242836 0.0651587 0.0725234 0.0066929 0.0269602 0.330348 0.00151072 0.000681344 1.51726e-06 0.000621322 0.00139862 0.000638054 7.27342e-06 0.00152207 0.0305057 0.020677 0.00985684 2.11306e-07 0.0384711 0.0881799 0.0018681 2.10172e-05 
0.0187194 1.29804e-06 4.66547e-09 0.0762926 0.0154268 0.153982 3.6475e-05 0.0358819 0.508429 0.0083384 0.00127768 0.000401946 0.0379084 1.22364e-06 2.84508e-09 1.03272e-06 0.00419416 0.000239723 0.0728147 0.00763615 2.85866e-09 0.0238612 0.0333191 0.00123472 1.5657e-06 
0.00400138 0.000430968 1.9111e-09 0.179914 0.106759 0.0995723 0.00195227 0.0379798 0.318261 0.0201982 0.02338 1.95892e-08 0.00199625 2.49843e-06 0.00243722 5.8746e-06 0.0244449 0.000178207 0.0072768 0.021863 1.3077e-05 0.0521041 0.0878476 0.00866136 0.000720891 
0.0117716 1.8035e-07 2.97129e-06 0.0297816 0.0617139 0.0548781 0.00609068 0.00201889 0.279069 0.000787312 8.87083e-07 4.9535e-08 0.000302423 1.68062e-09 0.00226471 2.91563e-06 0.22347 0.00269622 0.000987043 0.074403 1.24609e-09 0.0678379 0.173847 0.00188757 0.00618679 
0.00657246 0.00530453 4.98233e-10 0.00653336 0.204606 0.0470949 0.0108853 0.0260578 0.283073 0.0045249 0.000443334 5.53359e-05 0.00456566 6.52625e-08 8.07814e-05 0.00333205 0.00575851 0.016129 0.00067904 0.0194301 1.11812e-06 0.00730258 0.11436 0.233182 2.79522e-05 
0.0046236 1.97721e-06 3.43124e-11 0.000623682 0.0459611 0.00220309 0.000672394 0.006466 0.920704 0.00968226 1.94413e-06 9.47754e-07 2.37005e-05 6.16855e-07 1.03801e-08 4.58234e-11 8.8777e-08 3.40129e-08 0.000415398 7.34537e-09 9.21265e-09 0.000647235 0.00180655 0.00611899 4.67432e-05 
0.00706807 2.10047e-10 2.55017e-10 0.109582 0.135936 0.00632337 0.00697491 0.00509465 0.5863 7.19128e-05 3.0364e-06 2.60716e-07 2.38546e-05 2.10744e-10 2.51331e-07 3.40569e-10 3.79696e-11 2.64545e-05 0.000291923 0.00309591 1.56256e-10 0.00358142 0.135344 0.000269617 1.3184e-05 
0.00396469 6.72915e-05 8.38017e-09 0.0330748 0.0530986 0.00675934 0.00148652 0.0184991 0.408824 0.0115751 0.00138383 4.70927e-05 0.000376606 5.10734e-08 0.00836886 2.27479e-07 0.000222467 0.000169164 0.0313057 0.251129 1.49213e-06 0.0135333 0.0657165 0.0763962 0.014 
0.00667349 1.2109e-05 1.11396e-07 0.00234254 0.273938 0.0260394 0.0314577 0.00436627 0.564973 0.0119599 4.51271e-05 2.29714e-06 0.00046839 0.00260604 2.5135e-05 6.36052e-06 0.00363667 0.00651426 0.000729424 0.000860839 1.09959e-06 0.0242662 0.0376131 0.00144964 1.25608e-05 
0.0699371 0.000321342 2.67594e-09 0.153443 0.170732 0.096127 0.00737732 0.0647069 0.209268 0.0769744 0.000596385 2.51335e-07 5.57018e-10 0.00914742 0.00252962 9.16606e-05 0.00133548 0.00369742 0.000965505 0.00179705 9.58155e-08 0.0424449 0.0281613 0.0585214 0.00182477 
1.67335e-08 0.000264566 2.18099e-07 0.0377234 0.0549153 0.00128788 0.0043725 0.0200965 0.647062 0.0891879 3.80899e-06 3.60145e-05 4.88731e-05 1.80235e-07 0.000293801 2.91265e-07 0.00324411 0.000674371 0.00209517 0.0481971 2.71589e-06 0.00645364 0.00259419 0.0794363 0.00200892 
0.0732433 2.71022e-05 9.98244e-10 0.116157 0.0531052 0.0361275 0.000269283 0.015906 0.295653 0.0259394 0.00147953 0.013379 0.00397969 1.01227e-05 0.000658599 1.85396e-05 0.0076773 0.000128167 0.112186 0.13878 2.26535e-05 0.0292173 0.0688157 0.0071252 9.38879e-05 
0.0013539 2.03828e-06 8.25989e-10 0.00447927 0.27672 0.0142091 0.0800153 0.00244141 0.563527 0.00127045 2.23758e-05 8.29032e-07 0.00116356 1.37938e-08 6.68132e-06 2.38074e-05 0.000484613 0.000459148 0.000717004 0.000811068 7.50948e-07 0.00489346 0.0454395 0.00170801 0.00025146 
0.0618604 2.30689e-07 6.24803e-12 0.0022248 0.0129829 0.000182653 0.00762022 0.00122769 0.842764 0.000154038 6.95342e-05 1.28378e-05 0.000693867 0.000135951 0.0364559 2.66792e-05 0.00405626 0.00491233 0.00133171 0.00184751 5.88753e-06 0.000935212 0.0149915 0.00208854 0.00341933 
0.00660721 0.000197604 7.06312e-08 0.038607 0.0504146 0.0759024 0.00388302 0.0531273 0.690864 0.00456101 0.00193757 4.22259e-06 0.00372735 0.000936407 0.000493339 1.32228e-05 0.00104108 0.00131627 0.0107612 0.00284891 3.38285e-06 0.0157196 0.0330208 0.00390403 0.000108112 
6.34226e-13 6.80858e-12 8.26628e-12 2.74337e-06 0.034968 0.000426891 0.00083032 1.22121e-08 0.963727 1.37089e-09 3.54656e-12 2.53664e-10 1.72069e-12 6.83117e-12 5.04091e-12 5.81985e-10 1.23077e-12 7.89561e-10 3.97642e-09 1.64075e-12 3.48172e-10 3.49531e-06 4.13566e-05 2.02645e-09 5.47084e-09 
0.0969947 0.000221111 2.90164e-08 0.0003945 0.0290394 0.00507264 0.312542 0.0301648 0.357102 0.0143911 0.00118237 0.000522231 0.00260721 7.24823e-07 1.61025e-05 2.36507e-06 0.00412289 0.00675353 0.00455569 3.34982e-07 2.46657e-06 0.00338776 0.0682027 0.0626332 8.78852e-05 
0.00661438 0.000427501 0.021384 0.00770062 0.349603 0.0139228 0.00476018 0.0028997 0.511552 0.00376431 0.0237966 5.92033e-06 1.22225e-06 0.000597023 2.07595e-07 1.70034e-05 0.00484063 0.00153993 0.000607439 0.00229664 2.85383e-07 0.00690105 0.00274944 0.0336762 0.000341186 
0.153877 5.69733e-07 1.91851e-12 1.60593e-05 0.0117651 2.49679e-07 0.0187783 0.00247967 0.712802 0.0076004 9.80507e-05 0.0035797 0.000141448 0.00520736 0.000466097 3.32232e-05 0.0339121 1.22246e-07 0.0455429 0.000516777 8.46359e-06 0.000814248 1.82737e-07 0.00219214 0.000168458 
0.153877 5.69733e-07 1.91851e-12 1.60593e-05 0.0117651 2.49679e-07 0.0187783 0.00247967 0.712802 0.0076004 9.80507e-05 0.0035797 0.000141448 0.00520736 0.000466097 3.32232e-05 0.0339121 1.22246e-07 0.0455429 0.000516777 8.46359e-06 0.000814248 1.82737e-07 0.00219214 0.000168458 
0.0293 0.0128827 9.83862e-09 0.022891 0.202328 0.0409458 0.0006063 0.0029901 0.492318 0.0176178 0.000136695 0.000125445 0.000702458 7.64222e-06 0.00496427 1.50646e-07 0.000583335 0.000328782 0.00138796 0.000321648 1.95597e-08 0.121026 0.00422051 0.0442833 3.24279e-05 
7.8254e-05 1.31063e-08 3.49062e-11 4.45821e-05 0.37893 0.0225995 0.0631354 0.0178621 0.475246 0.00313091 3.78714e-06 2.2079e-07 6.39034e-09 2.21221e-06 3.99813e-05 3.08607e-07 0.00222746 0.0215174 0.00196968 2.19184e-08 1.98379e-09 0.000234592 0.00536162 0.00755824 5.79264e-05 
0.0216645 9.80111e-05 5.27307e-08 0.00196337 0.376713 0.00493951 0.0444771 0.00236101 0.394786 0.000297602 2.62067e-05 1.19952e-05 0.000123439 5.28098e-08 6.19329e-10 2.26204e-05 0.0209838 0.0142019 0.00466481 1.10492e-05 3.1834e-06 0.00562013 0.0827362 0.0242942 7.64569e-07 
0.0516119 4.80143e-07 6.01646e-12 0.00572269 0.0139364 0.0010204 0.00566829 0.00259306 0.873909 0.000728424 0.000875112 1.03027e-05 0.00130887 5.05334e-05 0.00639326 5.07609e-06 0.00136264 0.00541284 0.00238295 0.00123421 3.46338e-06 0.000562227 0.00717954 0.0176695 0.000358701 
0.141399 3.84958e-05 2.53163e-09 0.0865721 0.0749585 0.153797 0.000842013 0.0729301 0.155076 0.0343787 0.00147706 0.00166005 0.000753437 0.000211925 0.000150001 1.87994e-05 0.00246422 0.0026916 0.119343 0.0259749 7.04506e-09 0.0871652 0.0258486 0.00891746 0.00333228 
0.00516026 2.13152e-08 8.86876e-07 0.0455528 0.186944 0.0050117 0.0440929 0.000685672 0.680961 0.00394356 4.47431e-05 1.52619e-07 0.000295826 5.09335e-10 4.30308e-05 0.000130307 0.00147921 0.000217567 0.000774362 0.0068257 5.94312e-07 0.00954764 0.00585485 0.00161141 0.00082122 
0.0160425 5.70262e-07 2.23569e-12 3.48354e-05 0.00306454 4.05951e-08 0.00358 0.000385576 0.970495 3.25104e-05 0.000173786 4.57645e-07 6.61984e-05 6.17321e-05 0.00048531 9.0248e-07 0.00203686 2.62107e-08 0.00233685 0.000158665 7.721e-09 0.000166385 4.57239e-08 0.000822008 5.52949e-05 
0.17531 5.38741e-08 3.12762e-11 3.23714e-05 0.00180571 2.30561e-06 9.93834e-07 0.00317686 0.455804 0.0015044 0.00019659 0.00354061 0.000283608 0.173486 0.000275455 2.51788e-07 0.109721 1.12885e-06 0.0699226 0.00103574 1.80665e-08 0.00162979 1.68745e-06 0.00219198 7.65577e-05 
0.17531 5.38741e-08 3.12762e-11 3.23714e-05 0.00180571 2.30561e-06 9.93834e-07 0.00317686 0.455804 0.0015044 0.00019659 0.00354061 0.000283608 0.173486 0.000275455 2.51788e-07 0.109721 1.12885e-06 0.0699226 0.00103574 1.80665e-08 0.00162979 1.68745e-06 0.00219198 7.65577e-05 
0.000834632 4.2323e-06 7.87839e-10 0.00500916 0.0529531 0.0066239 0.0061092 0.00511132 0.831721 0.00148226 0.00202524 1.27646e-10 0.000224116 1.58987e-07 4.80437e-10 1.29708e-05 9.71088e-05 0.0385237 0.000154246 0.000183871 3.12479e-08 0.000567321 0.0446225 0.00372912 1.07704e-05 
0.0124573 2.16232e-06 4.18011e-10 0.00056464 0.0276795 0.00668245 0.00115723 0.000310809 0.893855 0.00207903 0.00136139 1.31825e-06 0.000214906 7.28243e-07 8.02275e-08 5.58243e-10 0.000753965 4.18182e-11 9.9849e-05 0.037761 8.65104e-08 0.00137833 0.00156516 0.0114516 0.000623904 
0.000834632 4.2323e-06 7.87839e-10 0.00500916 0.0529531 0.0066239 0.0061092 0.00511132 0.831721 0.00148226 0.00202524 1.27646e-10 0.000224116 1.58987e-07 4.80437e-10 1.29708e-05 9.71088e-05 0.0385237 0.000154246 0.000183871 3.12479e-08 0.000567321 0.0446225 0.00372912 1.07704e-05 
0.0863538 2.81603e-05 2.89386e-06 0.00666071 0.216998 0.0727878 0.00306672 0.0664417 0.329111 0.00181899 0.00113684 0.000326219 0.00370352 0.000445977 2.33706e-05 0.00180693 0.0270034 0.000569382 0.00367467 0.00209987 9.91126e-07 0.0336309 0.13031 0.0116502 0.00034789 
0.00126955 9.59454e-08 2.73948e-07 0.0675785 0.0711463 0.310053 0.0063746 0.00791048 0.387164 0.00335826 0.0324612 2.56026e-08 0.00155225 4.67907e-06 0.000136962 1.97165e-07 0.0092908 3.56459e-06 0.000586737 0.0164746 5.72367e-08 0.0410201 0.0423302 0.000996599 0.000286661 
6.11592e-05 2.20578e-07 1.26337e-08 7.40265e-05 0.331125 0.00954315 0.042217 0.00357374 0.57336 0.000367381 8.02178e-05 2.51364e-06 0.000404877 1.29351e-07 0.00316025 2.04487e-07 2.32079e-05 0.00348069 2.5501e-06 0.00248964 4.81266e-06 0.000859341 0.00937267 0.0197502 4.75834e-05 
0.260527 0.000140235 4.61945e-11 0.0707809 0.052929 0.0073189 0.0539929 0.101007 0.275987 0.0186543 0.00363855 6.17319e-05 0.0029321 7.28759e-05 0.000467864 1.46081e-07 0.00544097 0.0486192 0.00732904 0.000666872 2.83046e-11 0.0311981 0.0141732 0.0437325 0.00032996 
0.0205431 3.20206e-08 1.67573e-07 0.108131 0.0898148 0.061851 0.000676632 0.0276712 0.590543 0.00791759 0.00231513 4.57963e-07 0.000141058 5.88351e-05 0.00028011 1.55675e-06 1.82239e-05 0.0103214 0.0014838 0.0098861 3.81875e-09 0.0378668 0.0278847 0.0024776 0.000116077 
0.17531 5.38741e-08 3.12762e-11 3.23714e-05 0.00180571 2.30561e-06 9.93834e-07 0.00317686 0.455804 0.0015044 0.00019659 0.00354061 0.000283608 0.173486 0.000275455 2.51788e-07 0.109721 1.12885e-06 0.0699226 0.00103574 1.80665e-08 0.00162979 1.68745e-06 0.00219198 7.65577e-05 
4.46338e-05 8.18775e-07 9.94073e-07 3.09187e-07 0.0205083 0.00402509 0.013695 0.000368526 0.901465 2.67848e-05 4.5436e-05 1.61061e-07 2.06924e-07 8.21492e-07 0.0012781 1.39618e-06 1.48008e-07 0.000355217 0.000162664 1.9731e-07 6.09095e-07 0.000632853 0.00447956 0.052907 5.69642e-07 
0.0125096 4.37775e-06 6.9373e-10 0.013136 0.0906856 0.189875 0.00367208 0.0187726 0.542652 0.0020421 0.000693742 4.67084e-09 9.70513e-05 0.000250362 6.85281e-06 0.000230512 0.00145946 0.000238246 0.00278018 0.048018 1.41489e-06 0.0483762 0.023665 0.000792044 4.12471e-05 
2.68088e-08 2.878e-07 3.49417e-07 3.97877e-08 0.211393 3.14436e-08 0.0552799 4.28923e-08 0.732615 8.47258e-08 1.49914e-07 5.66129e-08 7.27339e-08 2.88755e-07 2.1308e-07 4.66638e-07 4.8086e-06 3.4956e-08 9.29158e-05 6.93546e-08 2.14097e-07 4.91677e-08 2.4046e-05 1.7861e-05 0.000570055 
0.000445203 1.04934e-05 6.04119e-08 0.00648758 0.0616089 0.00429816 0.00375381 0.00242027 0.544003 0.000124511 0.000530752 7.13624e-07 0.00175985 4.99238e-08 2.7056e-05 6.95979e-06 0.00015871 0.000418194 0.00106446 0.0195706 6.26846e-06 0.0456384 0.043612 0.263787 0.00026658 
0.0176667 2.63771e-06 7.78149e-10 0.112227 0.12508 0.0287954 0.0025035 0.0103769 0.341466 0.00117688 0.00663623 4.45408e-06 0.0118633 3.03449e-05 0.00740357 1.26948e-05 0.0439241 0.000294532 0.034538 0.00710142 3.97212e-05 0.154998 0.0757234 0.017256 0.000878866 
0.132811 1.2511e-11 1.51895e-11 0.00230308 0.0182382 0.0101457 0.00998161 0.0638918 0.329276 0.0129932 0.000566861 0.0226241 0.00349876 0.00701731 0.000470379 0.000168119 0.179267 0.000991641 0.0688337 0.00919692 4.0034e-06 0.0154831 0.0922599 0.0198138 0.000163934 
0.0167768 0.0002631 1.35708e-06 0.0211445 0.217882 0.0255291 0.0199052 0.0326446 0.295362 0.00389947 0.00324943 0.000275786 0.00294543 0.00186762 0.00131209 0.000343871 0.0079803 0.246022 0.0110988 0.00478908 0.000710352 0.00852934 0.0590263 0.0164422 0.00199844 
0.0258288 2.09667e-05 9.43621e-09 0.048966 0.0734418 0.0668797 0.00233563 0.0435303 0.43096 0.0863352 0.0008727 0.000745579 0.00118712 5.59532e-05 0.00687873 4.18965e-06 0.00480792 0.00138416 0.0901437 0.0280361 5.37965e-06 0.0131387 0.0609825 0.0130918 0.00036701 
0.0215601 7.49196e-08 2.10689e-10 0.0177029 0.0967168 0.198494 0.00155628 0.0310235 0.459003 0.0038094 0.00117129 3.94626e-09 0.000180783 0.000461363 1.06145e-07 0.00039557 0.00234205 5.73335e-05 0.00480199 0.0706634 5.75935e-07 0.0738049 0.0156303 0.000574172 5.02303e-05 
0.00464979 3.22463e-05 0.0131114 0.00777197 0.257108 0.0071831 0.162997 0.0384717 0.360916 0.00101485 0.0045731 8.98608e-07 1.65265e-05 9.61226e-05 0.000285467 7.8505e-05 0.000102562 0.0110033 0.00179216 0.0114414 3.33433e-06 0.0200901 0.0181948 0.0790553 9.37029e-06 
0.00300657 2.4561e-06 8.00177e-11 0.00448427 0.0769645 0.000901071 0.0484186 0.0064669 0.749096 0.0424095 0.00680738 0.000163297 0.000111342 2.51045e-08 0.000928633 1.06862e-10 8.47225e-05 4.10202e-06 0.000468458 0.00675044 2.63653e-07 0.00553182 0.00616205 0.00631592 0.0349214 
