0.0141099 8.15353e-05 8.81517e-07 0.000785734 0.00427214 0.000321837 0.000402728 0.0189147 1.78386e-05 2.13748e-07 0.000286332 4.22349e-07 0.0006087 3.54239e-06 0.822455 7.99042e-05 0.00136783 0.000881816 4.87998e-05 0.00438457 8.18313e-07 0.00113423 0.0297086 0.0889639 0.0111678 
0.415072 7.18361e-05 4.9155e-10 0.0744868 0.00890179 0.000475153 0.0182815 0.167818 1.75266e-07 1.1919e-10 0.000228632 6.40382e-06 0.00408626 1.5426e-08 0.130331 6.35386e-06 0.00821342 6.20829e-08 0.00554161 0.00122742 0.000122539 0.00809748 0.0827015 0.0743293 2.81677e-10 
0.216261 6.55916e-08 2.70555e-08 0.016802 0.145449 0.000251533 0.0025309 0.0322977 0.068387 2.14769e-08 0.00156265 0.18015 0.000860821 0.00135535 2.49181e-05 1.69419e-05 0.0168167 0.000712024 0.00403614 0.000428368 8.66184e-05 0.132185 0.174035 0.00574983 1.3912e-07 
0.00703021 1.5283e-09 7.14487e-10 0.0739376 0.0171544 4.78108e-08 0.00029047 0.0145498 0.00148384 2.3842e-12 0.000227561 1.20383e-06 0.00469299 0.00284622 0.000902497 5.99222e-06 1.99113e-05 0.856813 0.000797764 0.00553495 2.36737e-08 0.00315517 0.00968859 0.000585641 0.000281933 
0.00197778 2.45943e-09 3.16096e-11 5.65102e-05 0.0610444 0.253997 0.000187839 0.00948917 0.000157593 7.66462e-12 0.608231 1.10146e-08 0.000561104 2.61218e-11 0.000741786 4.22138e-11 0.0150742 0.00255472 1.11218e-05 4.06695e-08 1.9368e-11 5.59951e-08 0.0459148 7.67349e-08 1.81135e-11 
0.0379564 7.46505e-07 9.0633e-07 0.00105313 0.00019206 5.98015e-05 5.95516e-05 0.0022635 2.29835e-07 2.19765e-07 0.0156308 3.10544e-05 0.899991 7.48982e-07 0.000153069 4.99738e-05 0.033169 2.62229e-05 1.54871e-05 0.00124605 0.00019675 0.000598903 0.00545927 0.00183086 1.46256e-05 
0.415072 7.18361e-05 4.9155e-10 0.0744868 0.00890179 0.000475153 0.0182815 0.167818 1.75266e-07 1.1919e-10 0.000228632 6.40382e-06 0.00408626 1.5426e-08 0.130331 6.35386e-06 0.00821342 6.20829e-08 0.00554161 0.00122742 0.000122539 0.00809748 0.0827015 0.0743293 2.81677e-10 
0.415072 7.18361e-05 4.9155e-10 0.0744868 0.00890179 0.000475153 0.0182815 0.167818 1.75266e-07 1.1919e-10 0.000228632 6.40382e-06 0.00408626 1.5426e-08 0.130331 6.35386e-06 0.00821342 6.20829e-08 0.00554161 0.00122742 0.000122539 0.00809748 0.0827015 0.0743293 2.81677e-10 
0.000152193 1.83297e-05 1.34979e-06 0.0052258 0.130906 0.00183118 0.00169744 0.00698101 0.000205052 6.09469e-08 0.00529889 2.07773e-06 0.00641221 5.61366e-06 0.000370571 6.3286e-06 0.000772584 0.832929 0.000238937 0.00168607 2.99844e-06 0.00160186 0.00361376 3.95157e-05 8.15073e-07 
0.415072 7.18361e-05 4.9155e-10 0.0744868 0.00890179 0.000475153 0.0182815 0.167818 1.75266e-07 1.1919e-10 0.000228632 6.40382e-06 0.00408626 1.5426e-08 0.130331 6.35386e-06 0.00821342 6.20829e-08 0.00554161 0.00122742 0.000122539 0.00809748 0.0827015 0.0743293 2.81677e-10 
0.00433474 6.26131e-09 7.60184e-09 0.127142 0.0107441 0.439203 0.00109543 0.052541 0.00552229 1.84328e-09 3.26148e-09 9.05857e-06 3.83808e-06 1.59016e-06 8.31008e-05 4.80283e-07 1.35808e-06 9.68572e-05 0.0846447 0.0776335 4.65785e-09 0.0317937 0.165148 7.91888e-07 2.67704e-08 
0.0621687 5.84631e-10 7.09799e-10 0.123276 0.000612243 0.000664126 7.02565e-06 0.00540387 0.000111969 1.7211e-10 0.000183263 3.12803e-06 0.682757 1.44776e-05 5.48078e-06 2.15101e-06 0.00337914 3.38732e-05 0.000961072 0.0296061 4.34913e-10 0.00294621 0.0870204 0.000640399 0.000203974 
0.0183266 4.21114e-09 4.37266e-07 0.0909485 0.0755993 8.82124e-07 0.00202021 0.0350364 0.000141277 1.23972e-09 0.00194835 9.37978e-06 5.67429e-06 0.00067144 0.0921059 4.30057e-07 0.23387 0.00047273 0.000220767 2.08825e-06 3.13271e-09 0.0612654 0.0161254 0.371086 0.000142701 
8.4566e-05 5.47799e-05 1.89866e-10 5.38884e-06 0.134698 6.92904e-09 0.0109601 0.000678645 0.000160188 4.60383e-11 1.62942e-05 1.77239e-06 0.00170901 0.00122299 1.15784e-10 2.53562e-10 0.000111012 0.843207 0.00109463 2.21332e-07 1.16336e-10 5.65077e-06 0.00265117 0.00105509 0.00228306 
0.00382371 3.85846e-05 6.82587e-10 0.00263965 0.0141428 0.290114 9.28464e-05 0.0849685 0.000652233 1.65512e-10 0.587127 4.67576e-05 9.55006e-07 5.64083e-10 0.00106837 9.11578e-10 0.000934278 1.10788e-06 0.000350243 0.000337232 4.18239e-10 0.0023598 0.00670067 0.00389153 0.000710095 
0.0233645 1.59835e-05 3.89968e-09 0.820706 0.0217884 0.0266127 0.0010512 0.0153856 0.00171236 9.45585e-10 8.08818e-06 6.02603e-08 0.000904799 3.6967e-06 0.000175854 5.20792e-09 0.00345473 0.00604262 7.82458e-06 0.0707116 2.38944e-09 0.00568147 0.00011682 0.00122838 0.00102737 
0.0853324 9.14458e-06 2.5283e-07 0.00376978 0.062698 0.00432159 7.11166e-06 0.0350866 3.74821e-05 6.13056e-08 7.58283e-05 1.50585e-06 0.323259 2.08936e-07 3.5441e-05 3.37648e-07 7.19926e-06 3.42623e-06 1.68466e-05 0.0456697 6.80276e-06 0.0110336 0.0633798 0.365123 0.000125111 
0.415072 7.18361e-05 4.9155e-10 0.0744868 0.00890179 0.000475153 0.0182815 0.167818 1.75266e-07 1.1919e-10 0.000228632 6.40382e-06 0.00408626 1.5426e-08 0.130331 6.35386e-06 0.00821342 6.20829e-08 0.00554161 0.00122742 0.000122539 0.00809748 0.0827015 0.0743293 2.81677e-10 
0.00453601 7.95188e-08 9.65435e-08 0.00588365 0.0551305 6.33452e-05 0.00353919 0.0692411 0.00167069 2.34097e-08 0.00173498 3.33853e-05 0.000106526 7.97826e-08 0.00994472 5.82831e-05 0.00546293 0.000404418 0.00138107 0.000115892 5.91548e-08 0.00406772 0.0252679 0.811357 5.53231e-08 
0.0465398 3.41072e-11 4.14095e-11 2.01012e-06 0.130793 0.0106015 0.0197807 0.130131 0.00133411 1.00409e-11 1.77663e-11 7.41917e-05 8.77496e-07 1.98513e-07 1.6669e-07 5.53013e-11 7.42946e-07 0.00184315 0.00212463 5.07134e-07 3.45094e-07 0.0737412 0.395976 0.187056 2.37292e-11 
0.000105684 4.09759e-05 5.21002e-08 4.83539e-06 0.152661 0.000332984 0.00135173 0.00114756 0.00142568 1.26331e-08 4.02019e-06 0.000108279 0.000457589 4.30551e-08 0.000560424 2.9413e-06 0.00292578 0.00195379 4.57072e-06 4.1362e-06 0.000207599 3.60468e-06 0.0053429 0.827206 0.00414822 
0.415072 7.18361e-05 4.9155e-10 0.0744868 0.00890179 0.000475153 0.0182815 0.167818 1.75266e-07 1.1919e-10 0.000228632 6.40382e-06 0.00408626 1.5426e-08 0.130331 6.35386e-06 0.00821342 6.20829e-08 0.00554161 0.00122742 0.000122539 0.00809748 0.0827015 0.0743293 2.81677e-10 
0.415072 7.18361e-05 4.9155e-10 0.0744868 0.00890179 0.000475153 0.0182815 0.167818 1.75266e-07 1.1919e-10 0.000228632 6.40382e-06 0.00408626 1.5426e-08 0.130331 6.35386e-06 0.00821342 6.20829e-08 0.00554161 0.00122742 0.000122539 0.00809748 0.0827015 0.0743293 2.81677e-10 
0.000586994 6.9546e-08 8.44355e-08 0.0129064 0.211644 0.000912537 9.28453e-06 0.107264 0.0413395 2.04737e-08 0.000544588 1.9883e-06 0.000153694 0.00115056 0.565047 2.33623e-05 0.00126616 0.00659045 0.000661633 0.000742003 3.48118e-06 0.0276473 0.0204184 0.000949368 0.000137256 
0.00183691 4.07152e-11 4.94322e-11 0.00222318 0.0372931 2.08624e-08 1.42945e-07 0.000323881 0.00536348 1.19862e-11 1.36027e-07 2.70782e-06 0.000458439 5.68228e-08 0.889123 3.85486e-05 0.00410803 0.0216911 0.000137127 2.98232e-07 2.17313e-06 0.0103679 0.0268032 0.000224445 2.11678e-06 
0.010339 2.81389e-07 3.41634e-07 0.00091743 0.0813883 0.000391667 0.00151171 0.056348 0.00306825 8.28385e-08 0.00147444 1.81849e-05 0.00250004 0.000182789 0.052548 0.000650584 0.0207729 0.00982553 4.49927e-05 0.00114493 1.82519e-05 0.00204867 0.00187927 0.666218 0.086708 
0.011484 0.0003206 5.80733e-09 0.00685264 0.046484 0.00055452 0.000980454 0.0132982 0.00488891 1.40815e-09 0.00145193 4.89314e-05 2.07934e-06 0.00133688 0.00282927 0.000217698 0.0495677 2.47055e-05 0.000587067 2.1935e-06 2.56302e-07 0.183067 0.00820292 0.667783 1.45949e-05 
0.00817823 2.81875e-07 2.96524e-07 0.040191 0.044754 0.014421 2.57957e-07 0.0650543 0.00122704 3.83871e-11 0.00933835 3.438e-05 0.0222878 8.31196e-08 0.734317 1.13369e-07 0.0179823 0.000778964 7.16001e-06 0.00516068 1.71687e-05 0.00794509 0.0133511 0.0149534 1.29569e-07 
0.415072 7.18361e-05 4.9155e-10 0.0744868 0.00890179 0.000475153 0.0182815 0.167818 1.75266e-07 1.1919e-10 0.000228632 6.40382e-06 0.00408626 1.5426e-08 0.130331 6.35386e-06 0.00821342 6.20829e-08 0.00554161 0.00122742 0.000122539 0.00809748 0.0827015 0.0743293 2.81677e-10 
0.00758713 0.000584305 0.000124105 0.0939363 0.108325 0.220442 0.00521986 0.0479794 0.0434406 1.60847e-12 0.180507 1.25858e-05 0.00365785 0.0200155 0.000589488 0.00011916 6.17297e-08 6.57048e-09 0.0222538 0.00197091 4.06451e-12 0.110226 0.130361 1.10712e-07 0.00264795 
0.415072 7.18361e-05 4.9155e-10 0.0744868 0.00890179 0.000475153 0.0182815 0.167818 1.75266e-07 1.1919e-10 0.000228632 6.40382e-06 0.00408626 1.5426e-08 0.130331 6.35386e-06 0.00821342 6.20829e-08 0.00554161 0.00122742 0.000122539 0.00809748 0.0827015 0.0743293 2.81677e-10 
0.0118674 0.00281618 1.09618e-07 0.0696373 0.00136206 0.00986045 2.18997e-06 0.036238 0.000155633 2.658e-08 0.0160381 9.31865e-07 0.0188901 5.00555e-06 3.66615e-05 3.57121e-06 0.00175751 5.73798e-07 0.00137944 0.809251 6.71661e-08 0.0181003 0.00211714 0.000480217 6.28155e-08 
0.0680817 0.00140344 3.40127e-07 0.0930579 5.79944e-06 0.223494 0.00212948 0.328788 0.023213 1.49924e-11 1.22451e-05 0.0705039 0.011466 0.00159672 0.0474009 7.92778e-07 5.81131e-05 6.12429e-08 3.76447e-06 0.0129054 3.41343e-08 3.87686e-05 0.0563973 0.0594405 1.75032e-06 
2.60844e-05 3.8062e-10 4.6211e-10 1.43969e-05 0.978713 1.05213e-06 7.20975e-06 0.00555365 0.00360381 1.12051e-10 1.98263e-10 2.84587e-07 7.32991e-06 2.8645e-06 0.000260582 4.5057e-06 8.2221e-06 4.87263e-05 2.96536e-07 1.50426e-05 2.8343e-07 0.00397449 2.94917e-05 0.00762204 0.00010677 
4.20024e-05 1.44035e-05 2.48314e-08 0.0148491 0.0405674 0.0808393 1.31726e-05 0.000183249 0.00354921 6.02105e-09 9.0465e-05 0.000187545 0.787423 4.25707e-06 0.000117934 5.80982e-06 0.00341922 8.8334e-06 0.000365519 0.0120044 4.33433e-06 0.0281829 0.0245062 3.53469e-05 0.00358594 
0.00593221 6.27589e-09 7.61955e-09 0.00620086 0.0181252 5.24449e-06 0.00145502 0.061238 0.0696631 1.84757e-09 3.26908e-09 2.08676e-06 0.000105733 3.82779e-06 0.0261319 1.01757e-08 0.0259349 0.000103956 0.0600468 5.20321e-05 1.96629e-06 0.0520171 0.0615743 0.611405 9.23997e-07 
0.00600688 0.000468766 5.88972e-06 0.100943 0.150972 0.0209042 0.521404 0.0437843 0.00320427 1.65674e-06 0.0657855 0.00202343 0.000139416 0.000447825 0.000724845 2.99786e-05 0.0110907 0.000169356 0.00414529 0.00430054 0.000911822 0.0246072 0.0352126 0.00268662 3.02034e-05 
0.00299612 2.79885e-07 4.31146e-08 0.000515173 0.751348 0.00246868 0.00199467 0.00209581 0.00120746 5.11198e-10 0.22499 1.04626e-05 3.5375e-05 1.96825e-08 5.09183e-07 1.22739e-05 0.00147038 0.00268823 0.000141636 5.17179e-06 1.29177e-09 0.000350821 0.0029107 0.00474264 1.60752e-05 
0.198703 0.00123964 3.98275e-08 0.0930439 0.313367 0.00878123 0.00149033 0.0519815 0.00618097 9.65728e-09 0.000451192 4.47399e-06 0.00101517 5.633e-07 0.0779303 4.33548e-05 0.000104035 0.0617962 0.0017291 0.000164846 9.03586e-05 9.73177e-05 0.0268671 0.154899 1.97949e-05 
0.00138231 1.34546e-07 1.71014e-10 0.00611727 0.150008 0.22354 0.00859405 0.046955 0.00188051 4.14671e-11 0.302584 1.83314e-08 4.19139e-08 0.000391714 0.000782955 1.03575e-07 0.0136749 3.70054e-08 0.000633879 0.0776922 1.04785e-10 0.080924 0.0764664 0.00836412 9.03113e-06 
1.34255e-05 0.00177766 4.94013e-05 0.00232899 0.062222 0.00221477 0.00598011 0.0225023 0.00180346 8.22966e-08 0.000314756 5.87287e-06 0.0004535 2.80476e-07 0.000209638 4.53259e-07 1.26939e-05 2.35471e-05 0.0217646 4.79874e-05 2.07959e-07 0.0116367 0.0103426 0.856266 2.91028e-05 
0.0183356 0.160729 7.18283e-08 0.052187 0.0192407 0.164266 3.31136e-05 0.032521 0.00222576 1.74168e-08 1.23598e-05 1.26421e-05 3.08161e-06 0.499748 0.000689847 9.5925e-08 0.000319522 0.000275788 1.33174e-05 2.41672e-05 6.38545e-05 0.00450078 2.89052e-05 0.0422925 0.00247722 
0.00432323 4.13911e-06 7.89007e-10 0.0039592 0.013489 0.322872 4.44505e-05 0.0449172 0.00023968 1.91317e-10 0.595493 2.48442e-05 1.28327e-06 6.52028e-10 0.00072145 1.0537e-09 0.00140126 1.4887e-06 3.52523e-05 5.67389e-07 4.83446e-10 0.000574913 0.0100508 0.00184522 1.39872e-06 
0.0030186 0.000654782 0.00474309 0.0397732 0.259005 0.108778 0.0362261 0.00649827 0.00994432 5.97699e-07 0.0169905 0.00309445 0.068962 2.03702e-06 3.0635e-06 4.45241e-06 2.80407e-05 0.00133622 0.00127175 9.64263e-05 0.280355 0.0105136 0.00128714 0.147345 6.83113e-05 
0.000390583 8.1551e-05 1.81676e-05 0.0319698 0.000395781 0.0461749 0.000482338 0.172737 0.0158345 2.9175e-09 0.00492719 0.0112685 0.0328004 0.00262783 0.000599347 3.68273e-05 0.0256174 3.20885e-08 0.0751577 0.00341651 7.7021e-05 0.396666 0.0560004 0.122701 1.91487e-05 
0.000972674 6.06837e-07 4.24031e-05 0.00838614 0.000986002 0.089283 0.00120184 0.379708 0.00171981 8.14329e-10 0.0123008 8.58951e-05 0.0261678 1.15781e-05 0.00143325 8.81395e-05 0.0640178 4.51732e-08 0.0306107 0.00852321 2.57626e-05 0.289834 0.0518301 0.0327691 1.28347e-06 
0.00168058 0.000481208 4.69586e-08 0.00680292 0.00311017 0.365843 3.66573e-07 0.275237 8.42066e-07 1.70469e-11 0.00917831 0.0154951 5.21873e-08 0.00434808 5.56986e-05 1.09391e-07 0.00272257 8.45037e-09 5.19057e-07 0.000593859 4.30766e-11 0.260787 0.0403202 0.0133418 2.4137e-07 
0.0016279 9.63678e-09 1.17e-08 0.108636 0.161489 0.00190972 7.58353e-07 0.625666 0.0146462 2.83699e-09 2.25058e-06 5.67386e-07 1.82435e-06 9.66876e-09 7.13485e-09 1.56251e-08 8.09401e-07 0.00359752 1.3718e-07 1.91472e-07 7.1689e-09 0.00972916 0.013692 0.0589823 1.66737e-05 
0.415072 7.18361e-05 4.9155e-10 0.0744868 0.00890179 0.000475153 0.0182815 0.167818 1.75266e-07 1.1919e-10 0.000228632 6.40382e-06 0.00408626 1.5426e-08 0.130331 6.35386e-06 0.00821342 6.20829e-08 0.00554161 0.00122742 0.000122539 0.00809748 0.0827015 0.0743293 2.81677e-10 
0.0228548 5.82061e-09 7.06679e-09 0.397694 0.0675081 0.00616534 4.56412e-07 0.407053 0.00216627 1.71354e-09 0.0244857 3.27675e-05 0.0154371 5.83992e-09 0.00154909 9.43752e-09 0.0105518 0.0201791 8.2564e-08 0.00222018 4.33001e-09 0.000642163 0.00481574 0.0166404 3.38746e-06 
0.00528816 5.05198e-09 6.13359e-09 1.25553e-05 8.47856e-06 8.00964e-06 0.000662363 0.055137 0.00211107 1.48726e-09 1.31602e-05 3.18631e-06 0.00145464 5.06874e-09 1.5557e-05 8.19126e-09 0.0183593 1.27637e-06 6.68057e-05 7.94697e-05 8.00659e-06 0.0175755 0.101738 0.797457 3.51478e-09 
8.22645e-05 1.81121e-06 9.06554e-09 0.0717392 0.180888 0.0502498 0.00138433 0.636595 0.0122671 2.19819e-09 0.0104285 2.64865e-07 0.00783013 7.33157e-05 0.00254736 8.2473e-07 0.00838573 5.36079e-06 0.000828758 0.000427985 2.49013e-06 0.00521072 0.00139312 0.0096543 3.39097e-06 
0.000390583 8.1551e-05 1.81676e-05 0.0319698 0.000395781 0.0461749 0.000482338 0.172737 0.0158345 2.9175e-09 0.00492719 0.0112685 0.0328004 0.00262783 0.000599347 3.68273e-05 0.0256174 3.20885e-08 0.0751577 0.00341651 7.7021e-05 0.396666 0.0560004 0.122701 1.91487e-05 
0.00634525 0.00046129 1.39532e-08 0.043824 0.0833583 0.0270675 0.00107883 0.00186178 0.0198969 3.38333e-09 6.80051e-05 4.9997e-05 1.34853e-06 6.02659e-05 0.114434 0.000128291 0.600156 8.94666e-06 0.0695489 2.76431e-06 6.05302e-08 0.0242623 0.00364461 0.00372042 1.96091e-05 
0.00291234 9.91691e-06 3.98664e-08 0.0026826 0.00902865 0.215496 3.48584e-05 0.0300677 0.000174541 9.66672e-09 0.729544 2.04476e-05 3.5424e-05 3.29452e-08 0.000518126 5.32407e-08 0.000960636 4.10924e-05 3.29193e-05 1.08645e-05 2.44272e-08 0.000404881 0.00673459 0.00126252 2.67853e-05 
0.000142005 6.58527e-06 2.85707e-09 0.00528003 0.17349 0.00179531 0.00192536 0.00730957 0.000286988 2.47364e-10 0.0050902 1.00465e-06 0.00633535 1.4449e-05 0.000721608 1.47613e-06 0.000753508 0.789705 0.000222056 0.00164445 1.37277e-06 0.00157329 0.00366487 3.54302e-05 3.34365e-09 
0.183185 1.03782e-09 1.26001e-09 0.318875 7.52326e-08 0.0015173 1.03451e-08 0.00916844 0.00119727 3.05525e-10 0.0140021 8.08809e-08 0.126857 7.26052e-08 1.19953e-06 1.68272e-09 0.0241287 1.092e-07 0.00686263 0.21334 7.72045e-10 0.0109765 0.0440972 0.0421715 0.00361933 
0.00225532 0.00144395 1.56022e-07 0.0119391 0.00445075 9.05241e-05 0.00421878 0.00509388 0.000145786 3.78319e-08 0.0430966 0.000993849 0.000437039 0.000595809 9.51448e-08 0.000585497 0.573317 0.000789162 0.000465125 0.000798087 0.306311 0.00374461 0.0124367 0.0266356 0.000155615 
0.415072 7.18361e-05 4.9155e-10 0.0744868 0.00890179 0.000475153 0.0182815 0.167818 1.75266e-07 1.1919e-10 0.000228632 6.40382e-06 0.00408626 1.5426e-08 0.130331 6.35386e-06 0.00821342 6.20829e-08 0.00554161 0.00122742 0.000122539 0.00809748 0.0827015 0.0743293 2.81677e-10 
0.0132025 2.50892e-06 1.88574e-09 0.0481514 0.098371 0.0489496 0.00394002 0.228632 0.113031 4.57251e-10 1.6018e-06 2.3558e-07 3.06196e-08 7.57033e-07 0.00241883 1.18281e-06 0.00538986 3.26174e-06 1.24492e-06 6.25707e-06 0.000114413 0.0151026 0.0337313 0.388947 1.80178e-06 
0.00264569 4.17452e-05 2.97723e-05 0.0452126 0.0214626 0.0126332 0.000664296 0.00418881 0.00778874 1.55748e-08 0.0518209 0.0217936 0.0243158 0.000127818 0.0020987 1.16577e-06 0.000344359 9.00647e-08 0.000590482 0.002149 3.93566e-08 0.751414 5.60944e-05 0.0493351 0.00128529 
0.622311 7.56856e-05 2.80997e-11 0.0338462 0.00687216 0.000218946 0.00194639 0.045798 7.12576e-12 6.81356e-12 6.3894e-08 1.25692e-08 0.000586746 2.32213e-11 0.0011851 7.83291e-05 8.50973e-07 1.4433e-08 0.000116849 0.00370432 0.000180009 0.0209616 0.220156 0.0419609 1.61022e-11 
0.000147503 2.62628e-06 6.08175e-09 0.00113019 0.831192 0.00362789 0.0483054 0.0289211 0.00834255 1.47469e-09 0.00135414 1.86087e-07 0.000997845 0.000429259 3.70875e-09 8.12203e-09 0.000227334 0.0659204 0.00420243 0.00015177 2.90769e-06 0.00426088 0.000780046 1.04178e-06 2.67374e-06 
0.0246974 7.78389e-07 3.20885e-07 2.34736e-06 0.183296 0.166794 0.0393802 0.160243 0.0357276 1.41442e-11 1.15524e-05 0.000110674 3.56996e-07 1.49147e-05 0.00126877 7.47928e-07 5.42827e-07 5.77782e-08 0.0209574 1.43222e-06 2.50549e-08 0.362133 1.94889e-06 0.00535552 1.6513e-06 
0.0237466 1.94998e-06 8.36126e-07 0.0217263 0.0956884 0.09027 0.000224695 0.00747678 0.285184 2.70081e-08 0.198199 0.0193077 0.0677344 0.000294366 1.37964e-06 1.87494e-06 0.00227558 0.000125436 0.0686729 0.0249676 2.71718e-05 0.0658335 0.00764564 0.0190939 0.00149945 
0.0136871 0.000599721 7.98032e-07 0.000518132 0.39467 0.00848433 0.000687338 0.00124552 0.000124686 1.93505e-07 0.000131339 3.37098e-06 1.50554e-05 1.86267e-05 4.86653e-07 0.000131726 0.00291848 0.00325603 0.000270617 0.0380524 9.81425e-06 0.107844 0.121242 0.306088 4.57303e-07 
0.00588068 1.77523e-06 2.1553e-06 0.0384977 0.0599966 7.89852e-06 0.00330229 0.248308 0.187611 5.22612e-07 1.01001e-05 2.63882e-05 1.81719e-06 0.342403 1.38191e-06 2.66868e-05 0.00116869 0.000428977 0.00211515 0.0222692 1.4564e-06 0.00060918 0.0165427 0.0707658 2.09614e-05 
0.415072 7.18361e-05 4.9155e-10 0.0744868 0.00890179 0.000475153 0.0182815 0.167818 1.75266e-07 1.1919e-10 0.000228632 6.40382e-06 0.00408626 1.5426e-08 0.130331 6.35386e-06 0.00821342 6.20829e-08 0.00554161 0.00122742 0.000122539 0.00809748 0.0827015 0.0743293 2.81677e-10 
0.0828186 9.05688e-06 1.38449e-05 0.117345 0.049509 0.0186046 0.000804942 0.0870623 0.00258116 6.5775e-08 0.00166275 2.48534e-05 0.00804325 6.73435e-05 0.035781 3.91005e-06 0.159594 5.45072e-06 0.028787 0.298789 0.000152342 0.021677 0.00223471 0.00900673 0.0754224 
0.00183691 4.07152e-11 4.94322e-11 0.00222318 0.0372931 2.08624e-08 1.42945e-07 0.000323881 0.00536348 1.19862e-11 1.36027e-07 2.70782e-06 0.000458439 5.68228e-08 0.889123 3.85486e-05 0.00410803 0.0216911 0.000137127 2.98232e-07 2.17313e-06 0.0103679 0.0268032 0.000224445 2.11678e-06 
0.000435566 1.32839e-09 8.67132e-08 2.35885e-05 0.729646 0.00716521 0.00238846 0.0149228 0.0309963 3.91067e-10 0.111541 2.28978e-05 0.00027064 2.85862e-06 0.000292855 2.15385e-09 0.0132099 0.0629446 7.92486e-05 0.000144893 4.03684e-07 0.00118568 0.0237287 0.000997548 1.95988e-07 
0.0116965 6.08236e-08 7.38458e-08 0.0452929 0.0946074 0.0143071 0.00311409 0.0705551 1.74207e-06 1.7906e-08 0.000123537 1.52176e-07 0.670762 3.39488e-06 7.28581e-06 1.11836e-06 2.6865e-06 0.000713469 0.000579994 0.0171156 4.52473e-08 0.0149077 0.0223306 0.0337909 8.60862e-05 
1.59272e-05 0.000134936 4.74282e-06 0.00994904 0.0107422 0.0596322 0.000127715 0.000268912 0.00115002 4.13978e-07 0.000268935 0.0319304 4.81515e-06 0.51998 0.0408403 1.03978e-05 0.00829254 8.01356e-07 7.66239e-05 0.00236941 4.49366e-07 0.310418 5.89795e-05 0.00370033 2.27658e-05 
0.00370007 7.10675e-08 1.32279e-10 0.00311069 0.571519 0.00950946 0.0809266 0.0857662 0.00407439 3.20748e-11 0.00934589 9.68479e-09 0.000124457 0.00049246 4.80987e-07 2.00249e-05 0.00283067 0.0092054 0.000313086 0.00103284 7.1155e-08 0.154092 0.0333027 0.0144058 0.0162274 
0.773587 3.53715e-05 8.41051e-08 0.0143062 0.0295532 1.98636e-05 0.0044443 0.0225582 0.0033166 2.03936e-08 0.00112037 8.94171e-05 0.000197152 6.95036e-08 0.0103012 5.77109e-05 0.000496227 8.42288e-06 0.00483035 0.00204684 0.000118442 0.0264396 0.0514693 0.0376216 0.0173821 
0.0474542 4.98817e-08 5.80633e-10 0.0225883 0.103792 0.000197347 0.00831866 0.00449213 0.00520021 1.4079e-10 0.277174 1.96275e-05 0.00384142 0.000110645 0.177991 0.00131014 0.0926879 0.0731606 1.50013e-05 0.00272291 0.000169272 0.037483 0.0818858 0.0227967 0.0365896 
0.00432323 4.13911e-06 7.89007e-10 0.0039592 0.013489 0.322872 4.44505e-05 0.0449172 0.00023968 1.91317e-10 0.595493 2.48442e-05 1.28327e-06 6.52028e-10 0.00072145 1.0537e-09 0.00140126 1.4887e-06 3.52523e-05 5.67389e-07 4.83446e-10 0.000574913 0.0100508 0.00184522 1.39872e-06 
0.415072 7.18361e-05 4.9155e-10 0.0744868 0.00890179 0.000475153 0.0182815 0.167818 1.75266e-07 1.1919e-10 0.000228632 6.40382e-06 0.00408626 1.5426e-08 0.130331 6.35386e-06 0.00821342 6.20829e-08 0.00554161 0.00122742 0.000122539 0.00809748 0.0827015 0.0743293 2.81677e-10 
0.00921563 3.66047e-05 3.04353e-10 0.0673009 0.021855 0.0287938 0.00308085 0.238402 0.00171215 7.37988e-11 0.0836986 0.000957831 0.0239994 6.60329e-08 0.0142723 2.42416e-05 0.00777338 0.00351076 0.216547 0.0168725 6.72497e-08 0.0195073 0.124831 0.0281618 0.0894467 
1.815e-07 3.56629e-10 2.72229e-09 0.000243908 0.369551 1.134e-06 0.0189062 7.71053e-07 0.000172688 1.04989e-10 8.28899e-07 1.29935e-07 0.00301156 1.12165e-08 0.0026443 5.78238e-10 0.0225589 0.576482 0.00184879 1.09809e-06 2.653e-10 1.94021e-07 5.56065e-05 0.00314991 0.00137113 
0.415072 7.18361e-05 4.9155e-10 0.0744868 0.00890179 0.000475153 0.0182815 0.167818 1.75266e-07 1.1919e-10 0.000228632 6.40382e-06 0.00408626 1.5426e-08 0.130331 6.35386e-06 0.00821342 6.20829e-08 0.00554161 0.00122742 0.000122539 0.00809748 0.0827015 0.0743293 2.81677e-10 
0.0439 1.18469e-06 4.88378e-07 0.0925341 8.32724e-06 0.221926 3.8173e-06 0.544812 0.023685 2.15271e-11 0.0193582 0.000168443 0.00271723 2.26998e-05 8.39216e-07 1.13832e-06 8.26166e-07 8.79368e-08 5.40529e-06 0.0309555 5.43978e-11 5.56667e-05 2.96616e-06 0.0180785 0.00176178 
0.00255857 0.000784882 4.45567e-10 0.000238628 0.776015 0.00970216 0.0134909 0.0339159 0.0178728 1.0804e-10 0.0645748 6.29669e-06 0.0013523 3.68212e-10 0.000499171 2.1449e-07 0.00438469 0.016265 4.12738e-07 0.00288843 1.68825e-05 0.00394528 7.39093e-08 0.0514865 8.95327e-07 
0.415072 7.18361e-05 4.9155e-10 0.0744868 0.00890179 0.000475153 0.0182815 0.167818 1.75266e-07 1.1919e-10 0.000228632 6.40382e-06 0.00408626 1.5426e-08 0.130331 6.35386e-06 0.00821342 6.20829e-08 0.00554161 0.00122742 0.000122539 0.00809748 0.0827015 0.0743293 2.81677e-10 
0.000793062 1.1423e-07 1.38686e-07 0.000222852 0.0335038 0.170649 0.0113715 0.149751 6.57737e-05 3.36283e-08 0.00509829 5.37321e-07 0.331838 1.14609e-07 8.4573e-08 1.95342e-06 0.214509 0.000685897 9.16221e-05 0.0217503 2.07471e-06 0.0488913 0.0101339 0.000594546 4.6058e-05 
0.00150944 8.21526e-08 9.41505e-11 0.00877606 0.71371 0.00593224 0.0497933 0.0745187 0.00651036 2.28294e-11 0.0105709 1.11925e-08 1.40807e-07 2.94274e-07 0.0120814 3.14272e-05 0.000425432 7.65321e-07 0.000211586 0.000981262 1.11602e-07 0.00628496 0.00574344 0.10238 0.000538526 
0.415072 7.18361e-05 4.9155e-10 0.0744868 0.00890179 0.000475153 0.0182815 0.167818 1.75266e-07 1.1919e-10 0.000228632 6.40382e-06 0.00408626 1.5426e-08 0.130331 6.35386e-06 0.00821342 6.20829e-08 0.00554161 0.00122742 0.000122539 0.00809748 0.0827015 0.0743293 2.81677e-10 
0.0125822 7.35621e-05 0.419997 0.275968 0.0759317 0.00045876 0.00273538 0.00274471 0.103377 5.44258e-08 0.0056771 4.94605e-06 0.0289555 1.33135e-05 0.00011936 2.99757e-07 0.00350681 0.00474518 5.39347e-07 0.0131408 1.37531e-07 0.00797168 0.00217022 0.0397951 3.05204e-05 
0.000142005 6.58527e-06 2.85707e-09 0.00528003 0.17349 0.00179531 0.00192536 0.00730957 0.000286988 2.47364e-10 0.0050902 1.00465e-06 0.00633535 1.4449e-05 0.000721608 1.47613e-06 0.000753508 0.789705 0.000222056 0.00164445 1.37277e-06 0.00157329 0.00366487 3.54302e-05 3.34365e-09 
0.00598933 2.04831e-07 1.08287e-10 0.0045759 0.548254 0.000374801 0.0215197 0.00443606 0.0426008 2.62571e-11 0.015086 8.18777e-07 0.000666411 0.000177229 0.266745 0.000161923 0.02177 0.0200107 4.3787e-05 0.000449273 6.66529e-07 0.0150239 0.0290225 0.000455482 0.00263551 
1.815e-07 3.56629e-10 2.72229e-09 0.000243908 0.369551 1.134e-06 0.0189062 7.71053e-07 0.000172688 1.04989e-10 8.28899e-07 1.29935e-07 0.00301156 1.12165e-08 0.0026443 5.78238e-10 0.0225589 0.576482 0.00184879 1.09809e-06 2.653e-10 1.94021e-07 5.56065e-05 0.00314991 0.00137113 
0.0159549 0.000471932 2.62705e-07 0.233522 0.00845291 2.53058e-05 0.00624693 0.00455399 0.000182707 6.37001e-08 0.0158857 1.04407e-06 0.00416152 0.288902 0.12978 7.57376e-06 0.00290463 0.0139279 0.000366435 0.190278 2.50357e-07 0.027742 0.0316707 0.000595053 0.024367 
3.51125e-05 1.90026e-06 4.51314e-09 0.0046532 0.870787 0.0114554 0.000356013 0.0648618 0.00459321 1.09434e-09 0.0222964 1.56385e-07 0.00444501 3.72962e-09 2.75219e-09 6.02719e-09 0.0112021 0.00357818 0.000161311 6.66356e-05 2.76532e-09 0.00108946 0.000408442 8.22344e-06 5.92614e-07 
0.0955237 9.8923e-06 0.000111582 0.0117821 0.183164 0.1703 0.0311747 0.0157892 0.0332707 4.10734e-07 0.182374 4.12406e-06 0.000991909 0.0209653 2.87867e-05 3.51679e-05 0.0466315 0.000434447 0.00189852 0.000898333 1.36108e-06 0.0818416 0.122147 0.000580466 4.13265e-05 
0.025418 4.37259e-05 4.50103e-07 0.0372732 0.0731756 0.720308 0.00211204 0.000176052 3.4438e-05 1.0914e-07 0.00703156 8.27183e-05 0.000624117 3.7196e-07 0.0014605 8.76338e-05 0.00569546 0.000145233 0.00136201 0.0143833 2.7579e-07 0.00198588 0.0984633 0.00187797 0.00825777 
6.11727e-06 1.53477e-06 2.61942e-07 0.000794422 0.00962058 5.68049e-05 0.00280686 0.0116221 0.0156667 3.08986e-08 0.000423958 1.33318e-06 5.32807e-06 5.45549e-06 0.0449742 1.70178e-07 0.0357026 4.23275e-06 1.43014e-06 2.6418e-06 2.19899e-07 5.99912e-06 0.00733008 0.870965 1.69173e-06 
0.020403 9.8326e-06 1.63662e-07 0.00356843 0.404027 0.194983 0.00365024 0.0421582 0.00337895 8.74589e-11 0.159881 4.286e-06 0.0762651 2.98069e-10 9.07735e-05 4.8169e-10 0.0271779 0.00440997 4.29658e-05 0.0170195 2.21003e-10 0.0180024 0.0249258 5.6555e-07 2.06688e-10 
0.155297 8.98683e-10 1.09109e-09 0.0165965 0.00901935 0.152832 0.000169228 0.076368 0.0432117 2.64565e-10 2.43306e-06 0.000100297 0.0102534 0.00024167 4.68106e-07 2.56691e-07 1.00451e-06 5.41654e-07 0.00380628 0.0431536 0.000168161 0.0425307 0.437781 0.00846495 1.46087e-06 
0.0246339 3.57622e-07 1.24733e-07 0.168873 0.0568559 6.50527e-05 0.00429057 0.0101017 0.00380755 3.02449e-08 0.196734 1.17816e-05 0.00862847 0.00113245 0.133937 0.000461168 0.0127981 0.0970495 5.76948e-05 0.00905358 1.98095e-05 0.00871055 0.0661153 0.181163 0.015499 
0.415072 7.18361e-05 4.9155e-10 0.0744868 0.00890179 0.000475153 0.0182815 0.167818 1.75266e-07 1.1919e-10 0.000228632 6.40382e-06 0.00408626 1.5426e-08 0.130331 6.35386e-06 0.00821342 6.20829e-08 0.00554161 0.00122742 0.000122539 0.00809748 0.0827015 0.0743293 2.81677e-10 
0.415072 7.18361e-05 4.9155e-10 0.0744868 0.00890179 0.000475153 0.0182815 0.167818 1.75266e-07 1.1919e-10 0.000228632 6.40382e-06 0.00408626 1.5426e-08 0.130331 6.35386e-06 0.00821342 6.20829e-08 0.00554161 0.00122742 0.000122539 0.00809748 0.0827015 0.0743293 2.81677e-10 
0.000779752 1.6355e-05 5.4975e-06 0.000912458 0.00180975 3.54114e-05 0.000376603 0.00695355 5.28667e-05 1.33302e-06 0.000175292 1.17476e-05 0.00185214 4.54308e-06 0.00325931 7.34178e-06 0.000575234 4.95651e-05 3.44984e-05 0.000105587 4.54156e-06 0.00252977 0.00472116 0.975723 3.15028e-06 
0.155297 8.98683e-10 1.09109e-09 0.0165965 0.00901935 0.152832 0.000169228 0.076368 0.0432117 2.64565e-10 2.43306e-06 0.000100297 0.0102534 0.00024167 4.68106e-07 2.56691e-07 1.00451e-06 5.41654e-07 0.00380628 0.0431536 0.000168161 0.0425307 0.437781 0.00846495 1.46087e-06 
7.69583e-06 9.44071e-07 9.4543e-09 0.00116156 0.0096224 0.0370515 0.000207436 0.0307545 9.0562e-07 2.29246e-09 4.05626e-09 0.000396956 1.54526e-06 7.81294e-09 0.00547159 1.2626e-08 4.8388e-05 9.94187e-07 8.31557e-06 6.22291e-06 9.86609e-08 1.21416e-06 0.00786392 0.907394 5.41767e-09 
0.0216635 4.7628e-05 1.53997e-06 0.0140396 0.131052 0.0189088 6.13886e-05 0.0360418 0.00502149 3.73409e-07 0.00521103 1.99901e-05 0.0360009 1.27262e-06 0.0155341 0.000198821 0.560128 0.000826493 0.039084 0.00458969 9.43583e-07 0.000101765 0.106589 0.00484243 3.34646e-05 
0.00217698 7.43634e-05 3.86506e-08 0.0022351 0.0602832 0.488416 0.00338652 0.172223 0.00603056 1.36268e-08 0.0128302 0.0566704 0.00184428 0.00412648 6.62574e-08 8.99453e-08 0.0181307 4.76532e-05 0.00596027 0.00196142 1.45744e-07 0.159693 0.0037493 0.000160494 1.98244e-07 
0.00183691 4.07152e-11 4.94322e-11 0.00222318 0.0372931 2.08624e-08 1.42945e-07 0.000323881 0.00536348 1.19862e-11 1.36027e-07 2.70782e-06 0.000458439 5.68228e-08 0.889123 3.85486e-05 0.00410803 0.0216911 0.000137127 2.98232e-07 2.17313e-06 0.0103679 0.0268032 0.000224445 2.11678e-06 
0.0669519 1.09513e-09 1.32959e-09 0.0323314 0.191999 1.65833e-05 1.07426e-05 0.14793 3.77662e-06 3.22396e-10 1.29497e-05 8.63839e-08 5.81233e-06 1.20874e-05 0.00428503 1.77563e-09 4.13763e-06 1.59629e-06 3.86987e-06 0.0171898 8.14675e-10 1.75884e-06 0.0572375 0.482001 6.86478e-07 
0.415072 7.18361e-05 4.9155e-10 0.0744868 0.00890179 0.000475153 0.0182815 0.167818 1.75266e-07 1.1919e-10 0.000228632 6.40382e-06 0.00408626 1.5426e-08 0.130331 6.35386e-06 0.00821342 6.20829e-08 0.00554161 0.00122742 0.000122539 0.00809748 0.0827015 0.0743293 2.81677e-10 
0.415072 7.18361e-05 4.9155e-10 0.0744868 0.00890179 0.000475153 0.0182815 0.167818 1.75266e-07 1.1919e-10 0.000228632 6.40382e-06 0.00408626 1.5426e-08 0.130331 6.35386e-06 0.00821342 6.20829e-08 0.00554161 0.00122742 0.000122539 0.00809748 0.0827015 0.0743293 2.81677e-10 
0.0385366 2.87614e-07 3.49192e-07 0.038814 0.122501 0.00290857 0.00357962 0.177346 0.0351118 8.46712e-08 1.00808e-05 9.98521e-05 0.00389961 9.66676e-05 0.00480128 1.10649e-05 0.00210616 0.0104174 0.00351173 0.0302804 0.000397814 0.00435492 0.149085 0.371959 0.000171221 
0.415072 7.18361e-05 4.9155e-10 0.0744868 0.00890179 0.000475153 0.0182815 0.167818 1.75266e-07 1.1919e-10 0.000228632 6.40382e-06 0.00408626 1.5426e-08 0.130331 6.35386e-06 0.00821342 6.20829e-08 0.00554161 0.00122742 0.000122539 0.00809748 0.0827015 0.0743293 2.81677e-10 
0.00108619 3.84035e-11 4.66256e-11 5.65746e-05 0.485259 0.0178726 0.00595991 0.00876502 0.00192369 1.13057e-11 0.278645 4.97018e-09 1.69147e-08 3.29006e-07 0.000725509 6.22673e-11 0.0329992 0.157292 0.000195627 0.000359152 4.63921e-08 0.000953436 0.00789439 1.26255e-05 2.67182e-11 
0.000142005 6.58527e-06 2.85707e-09 0.00528003 0.17349 0.00179531 0.00192536 0.00730957 0.000286988 2.47364e-10 0.0050902 1.00465e-06 0.00633535 1.4449e-05 0.000721608 1.47613e-06 0.000753508 0.789705 0.000222056 0.00164445 1.37277e-06 0.00157329 0.00366487 3.54302e-05 3.34365e-09 
0.00195886 0.00177929 1.50794e-08 0.00316044 0.339359 0.00577654 0.027972 0.260609 0.0654597 3.65642e-09 6.46965e-09 9.09946e-05 0.111493 1.24615e-08 8.32163e-06 4.47548e-06 5.07092e-05 1.11666e-06 0.00318625 0.00865809 6.31201e-06 0.0192636 0.0114765 0.139687 8.64107e-09 
3.08498e-05 0.00754827 1.23956e-06 0.00010862 0.00319497 0.024123 0.000163247 0.0317098 0.000164239 3.00566e-07 0.00102354 5.73685e-05 0.00020583 1.02436e-06 2.12602e-05 1.6554e-06 0.750442 3.28987e-06 0.00239101 0.00166197 0.000285745 0.00023108 0.00734308 0.169222 6.49357e-05 
0.415072 7.18361e-05 4.9155e-10 0.0744868 0.00890179 0.000475153 0.0182815 0.167818 1.75266e-07 1.1919e-10 0.000228632 6.40382e-06 0.00408626 1.5426e-08 0.130331 6.35386e-06 0.00821342 6.20829e-08 0.00554161 0.00122742 0.000122539 0.00809748 0.0827015 0.0743293 2.81677e-10 
1.65853e-07 1.05933e-10 1.28613e-10 6.63109e-09 0.555299 0.0178742 0.00156834 0.0124581 0.000782396 3.11858e-11 0.3891 1.7197e-08 3.79252e-08 1.06285e-10 2.62418e-05 1.7176e-10 0.00430587 0.0106824 2.85265e-06 7.03786e-08 7.88048e-11 1.80562e-07 0.00789514 5.21412e-06 7.37003e-11 
0.415072 7.18361e-05 4.9155e-10 0.0744868 0.00890179 0.000475153 0.0182815 0.167818 1.75266e-07 1.1919e-10 0.000228632 6.40382e-06 0.00408626 1.5426e-08 0.130331 6.35386e-06 0.00821342 6.20829e-08 0.00554161 0.00122742 0.000122539 0.00809748 0.0827015 0.0743293 2.81677e-10 
0.00432323 4.13911e-06 7.89007e-10 0.0039592 0.013489 0.322872 4.44505e-05 0.0449172 0.00023968 1.91317e-10 0.595493 2.48442e-05 1.28327e-06 6.52028e-10 0.00072145 1.0537e-09 0.00140126 1.4887e-06 3.52523e-05 5.67389e-07 4.83446e-10 0.000574913 0.0100508 0.00184522 1.39872e-06 
0.0246974 7.78389e-07 3.20885e-07 2.34736e-06 0.183296 0.166794 0.0393802 0.160243 0.0357276 1.41442e-11 1.15524e-05 0.000110674 3.56996e-07 1.49147e-05 0.00126877 7.47928e-07 5.42827e-07 5.77782e-08 0.0209574 1.43222e-06 2.50549e-08 0.362133 1.94889e-06 0.00535552 1.6513e-06 
0.100002 5.90392e-06 6.57548e-10 1.4009e-05 2.43413e-05 0.0797428 5.40434e-06 0.812361 1.60911e-05 1.59441e-10 0.00746242 3.59039e-06 3.18644e-05 1.7394e-06 4.83991e-05 2.37185e-06 2.63261e-05 3.62463e-06 0.000150023 1.20727e-05 1.77314e-06 4.34318e-05 2.31279e-05 1.45064e-05 2.71333e-06 
0.00043204 5.22336e-06 6.34167e-06 0.00854069 0.000405122 6.13864e-05 0.00371606 0.00130208 0.00669787 1.53771e-06 2.72082e-06 1.9195e-05 0.000238514 5.24069e-06 0.000513134 0.000137981 0.000530227 2.73143e-05 0.000176448 0.000259313 0.00014165 0.000357397 0.000466743 0.975952 3.63402e-06 
0.00432323 4.13911e-06 7.89007e-10 0.0039592 0.013489 0.322872 4.44505e-05 0.0449172 0.00023968 1.91317e-10 0.595493 2.48442e-05 1.28327e-06 6.52028e-10 0.00072145 1.0537e-09 0.00140126 1.4887e-06 3.52523e-05 5.67389e-07 4.83446e-10 0.000574913 0.0100508 0.00184522 1.39872e-06 
0.415072 7.18361e-05 4.9155e-10 0.0744868 0.00890179 0.000475153 0.0182815 0.167818 1.75266e-07 1.1919e-10 0.000228632 6.40382e-06 0.00408626 1.5426e-08 0.130331 6.35386e-06 0.00821342 6.20829e-08 0.00554161 0.00122742 0.000122539 0.00809748 0.0827015 0.0743293 2.81677e-10 
1.65853e-07 1.05933e-10 1.28613e-10 6.63109e-09 0.555299 0.0178742 0.00156834 0.0124581 0.000782396 3.11858e-11 0.3891 1.7197e-08 3.79252e-08 1.06285e-10 2.62418e-05 1.7176e-10 0.00430587 0.0106824 2.85265e-06 7.03786e-08 7.88048e-11 1.80562e-07 0.00789514 5.21412e-06 7.37003e-11 
0.415072 7.18361e-05 4.9155e-10 0.0744868 0.00890179 0.000475153 0.0182815 0.167818 1.75266e-07 1.1919e-10 0.000228632 6.40382e-06 0.00408626 1.5426e-08 0.130331 6.35386e-06 0.00821342 6.20829e-08 0.00554161 0.00122742 0.000122539 0.00809748 0.0827015 0.0743293 2.81677e-10 
0.00445082 1.35505e-05 4.12083e-06 0.122164 0.0332967 0.0523939 4.29665e-06 0.169362 0.000844598 2.56053e-09 0.0356223 4.65366e-07 0.000146491 6.8021e-06 0.000355932 1.41024e-08 0.0620435 1.11901e-05 0.00518493 0.0919765 6.47031e-09 0.224768 4.09876e-06 0.197309 3.65138e-05 
0.00676404 1.73158e-07 8.7181e-11 0.00638688 0.00149203 0.692212 0.000281966 0.114354 0.00131214 2.11394e-11 0.00100287 1.05281e-07 0.0269607 5.10552e-08 0.00234128 0.000107043 0.001303 8.60141e-05 0.0485498 0.00414045 5.203e-08 0.054989 0.0346752 0.00304073 7.95937e-08 
0.000928314 6.13787e-05 0.0158769 0.000841845 0.376629 0.015653 0.00127144 0.464154 0.0305337 4.08416e-05 0.0196577 0.000706748 0.000164725 0.0010783 0.0115386 0.000103017 0.00103256 0.000423512 0.000276646 0.0222547 0.000326298 0.0213198 0.00220179 0.0110892 0.00183688 
0.415072 7.18361e-05 4.9155e-10 0.0744868 0.00890179 0.000475153 0.0182815 0.167818 1.75266e-07 1.1919e-10 0.000228632 6.40382e-06 0.00408626 1.5426e-08 0.130331 6.35386e-06 0.00821342 6.20829e-08 0.00554161 0.00122742 0.000122539 0.00809748 0.0827015 0.0743293 2.81677e-10 
0.415072 7.18361e-05 4.9155e-10 0.0744868 0.00890179 0.000475153 0.0182815 0.167818 1.75266e-07 1.1919e-10 0.000228632 6.40382e-06 0.00408626 1.5426e-08 0.130331 6.35386e-06 0.00821342 6.20829e-08 0.00554161 0.00122742 0.000122539 0.00809748 0.0827015 0.0743293 2.81677e-10 
0.0293084 3.3494e-07 1.45621e-10 0.150473 0.130658 0.0197571 0.000440768 0.290615 0.00087783 3.531e-11 0.0817083 0.0495869 0.00328885 3.44075e-07 2.23589e-06 1.94474e-10 0.00184333 0.0032514 0.00362919 0.00271675 5.98077e-07 0.0255053 0.162148 0.0441877 1.49812e-06 
0.00370007 7.10675e-08 1.32279e-10 0.00311069 0.571519 0.00950946 0.0809266 0.0857662 0.00407439 3.20748e-11 0.00934589 9.68479e-09 0.000124457 0.00049246 4.80987e-07 2.00249e-05 0.00283067 0.0092054 0.000313086 0.00103284 7.1155e-08 0.154092 0.0333027 0.0144058 0.0162274 
0.0220525 0.000124949 4.21986e-09 0.00172588 0.17285 0.0249067 0.0242731 0.00130963 0.00450114 1.02322e-09 0.572213 1.38659e-07 0.00513497 1.52188e-05 0.064721 4.48783e-07 0.0297392 3.15738e-05 1.10188e-07 0.0175533 2.58562e-09 0.0469216 0.00269806 0.00922519 1.90377e-06 
0.00896277 0.000853857 1.3981e-07 0.0100954 0.779731 0.00289527 0.0551418 0.00803835 0.000385332 3.39007e-08 0.00292061 1.76413e-06 0.00229611 4.15232e-05 9.00182e-05 5.67399e-05 0.0262773 0.0457851 0.000488096 0.00905792 8.56652e-08 4.7017e-05 0.0454595 0.00136479 8.95673e-06 
0.00135438 5.65603e-08 6.86697e-08 0.0134255 0.0474451 0.00151688 0.000137591 0.00444864 0.00243967 1.66509e-08 0.0051893 2.85342e-05 0.000852202 6.07735e-05 0.86415 9.40558e-07 0.00121607 9.1879e-06 1.40605e-05 2.84795e-06 9.54265e-08 0.000838261 0.005392 0.0418184 0.00965969 
0.0246974 7.78389e-07 3.20885e-07 2.34736e-06 0.183296 0.166794 0.0393802 0.160243 0.0357276 1.41442e-11 1.15524e-05 0.000110674 3.56996e-07 1.49147e-05 0.00126877 7.47928e-07 5.42827e-07 5.77782e-08 0.0209574 1.43222e-06 2.50549e-08 0.362133 1.94889e-06 0.00535552 1.6513e-06 
0.415072 7.18361e-05 4.9155e-10 0.0744868 0.00890179 0.000475153 0.0182815 0.167818 1.75266e-07 1.1919e-10 0.000228632 6.40382e-06 0.00408626 1.5426e-08 0.130331 6.35386e-06 0.00821342 6.20829e-08 0.00554161 0.00122742 0.000122539 0.00809748 0.0827015 0.0743293 2.81677e-10 
0.00676776 1.01156e-06 1.22814e-06 0.00790182 0.0484722 0.00519919 0.000860586 0.141447 0.0276194 2.97795e-07 5.26918e-07 6.04742e-05 0.504805 0.000865336 7.48937e-07 0.000417501 0.00752057 0.000134772 0.00105322 0.000641738 0.000265833 0.00631279 0.00114388 0.238507 7.03769e-07 
0.000942848 4.08242e-09 4.95646e-09 0.013824 0.573941 0.0253105 0.00485966 0.0483414 0.00129415 1.20183e-09 0.243332 1.5046e-06 0.0285888 5.80827e-05 6.17638e-05 4.43057e-07 0.0152435 0.009959 9.41644e-05 0.0256121 3.03696e-09 0.00287418 0.00557062 7.34469e-05 1.6981e-05 
0.00135438 5.65603e-08 6.86697e-08 0.0134255 0.0474451 0.00151688 0.000137591 0.00444864 0.00243967 1.66509e-08 0.0051893 2.85342e-05 0.000852202 6.07735e-05 0.86415 9.40558e-07 0.00121607 9.1879e-06 1.40605e-05 2.84795e-06 9.54265e-08 0.000838261 0.005392 0.0418184 0.00965969 
0.00948832 0.00139189 4.20317e-08 0.524406 0.0344303 0.16094 0.0011467 0.019045 0.014179 1.01918e-08 0.00136268 9.86995e-06 0.022 1.3499e-06 3.77425e-05 2.29788e-05 0.010024 0.000743568 0.000400216 0.0651354 7.55502e-06 0.0259573 0.0993939 0.00837178 0.00150517 
0.00524647 3.43637e-11 4.17208e-11 0.0157967 0.0860436 0.0339341 0.00116772 0.732624 0.00393631 1.01164e-11 0.00134276 2.03679e-08 0.00913008 3.44777e-11 2.5442e-11 1.45205e-07 0.0199389 0.00487977 0.00225715 0.008327 2.55635e-11 0.00320322 0.0687953 0.0033766 2.39076e-11 
