0.00556935 9.63009e-05 8.31788e-08 0.00183499 0.00078908 0.0349762 0.000116533 0.0433798 5.05203e-05 1.8591e-07 0.00250579 0.00188601 0.00677155 7.63505e-05 0.00783841 1.23503e-05 0.180251 2.3487e-05 0.00878207 0.000963432 0.000162756 0.204753 0.0619613 0.436944 0.000255285 
0.00231743 3.38156e-08 4.10554e-08 0.00127907 0.00133156 9.34751e-05 0.00064054 0.00025955 0.00159292 9.95503e-09 1.76144e-08 2.52837e-05 0.000651215 0.000254492 0.0231511 0.000400303 0.000730481 0.00432902 6.42412e-09 0.00133644 2.51809e-05 0.000704806 0.00262014 0.000182969 0.958074 
0.0550785 5.54292e-07 8.60351e-10 3.64461e-06 0.29953 2.42699e-06 0.0182569 0.12635 0.0144769 4.01629e-07 9.80153e-06 0.000111794 0.00993017 1.75494e-05 1.89809e-06 7.19211e-07 0.0311649 0.000565838 0.0446113 0.0435481 2.72356e-05 0.154466 0.121447 0.080398 4.93014e-10 
0.0010697 0.000123746 3.87336e-10 0.00212164 0.013604 0.0478105 0.000154853 0.00944428 0.000362202 1.74045e-07 0.76997 0.000187608 0.107017 5.56592e-06 2.36204e-10 2.1465e-07 0.00169349 0.0109718 0.00289715 0.00976836 3.0872e-06 0.0177103 0.00417153 9.44977e-07 0.000912106 
0.0252896 0.000363594 0.000846878 0.0908381 0.0325434 0.0840541 1.41137e-07 0.246388 0.0114451 4.46519e-08 0.0161224 0.0498289 0.00269994 8.39276e-07 0.00411127 4.20871e-08 0.000339088 6.69795e-05 0.00217856 0.0160624 2.01124e-12 0.310372 0.0951258 0.00984467 0.00147754 
0.00231826 0.440043 8.56578e-07 0.000357003 0.00248489 0.0332849 1.98869e-07 0.442657 0.000157974 2.07701e-07 0.000161623 2.43177e-05 1.14247e-05 7.07868e-07 6.77019e-05 1.14394e-06 1.27536e-07 5.741e-07 0.00192794 1.92068e-05 5.24849e-07 0.0214547 0.0163473 0.0324409 0.00623745 
4.73223e-05 2.94939e-07 4.11405e-07 0.00382667 3.55289e-06 5.3124e-07 0.0695837 0.0393122 0.00748122 1.847e-11 0.585791 1.23415e-11 0.00174701 6.29478e-11 4.64509e-11 0.00208631 0.222875 2.24046e-07 4.62337e-06 0.00102231 1.87158e-08 1.21655e-06 0.0662163 1.12404e-11 4.36495e-11 
0.00172996 1.48588e-05 8.4809e-11 0.00137579 0.00210196 0.00990315 5.68077e-05 0.00348035 1.9563e-08 6.76422e-09 1.37356e-05 6.37976e-06 0.00160381 2.82544e-08 0.00189395 1.48887e-09 2.49748e-05 1.73118e-05 0.00246808 0.000356228 9.59519e-08 0.0259845 0.00290236 0.00396755 0.942098 
0.570335 5.24686e-10 6.37019e-10 0.0483081 0.00753571 1.8969e-06 9.85261e-07 0.000608163 0.00345747 6.70803e-07 7.3969e-05 1.04681e-05 7.62242e-05 7.10354e-07 0.0452692 0.000243373 0.00496467 6.19271e-06 0.0011294 2.26424e-06 3.25738e-06 0.00860651 0.0901468 0.218552 0.000666338 
0.0266358 5.87182e-08 6.14619e-06 0.0249136 0.102192 7.41833e-05 0.0304764 0.62445 0.00139108 6.04428e-06 0.00226224 2.8064e-05 0.000147248 0.000168315 0.00633121 0.00012122 0.00360705 0.0315087 0.00424041 0.0129702 2.42744e-06 0.00400468 0.0570799 0.0672173 0.000165809 
0.0016527 3.35423e-08 2.62106e-06 2.41233e-06 0.947281 0.00128385 0.00110785 0.00384953 0.00522132 1.80915e-10 6.48437e-08 1.30753e-08 5.86078e-05 6.16579e-10 0.000355115 9.96414e-10 0.00116202 0.0375656 1.32855e-06 1.22165e-06 4.57163e-10 0.000454981 2.3454e-08 1.10101e-10 4.2755e-10 
0.083607 0.546732 2.08929e-07 0.0319909 0.0354108 0.0165249 0.000111387 0.0548161 0.0167779 2.1322e-05 0.0040452 0.000200651 0.00651708 1.6377e-05 0.0308071 5.54326e-05 0.0012868 0.000687902 0.00732931 0.00104244 5.45729e-05 0.00344748 0.0374877 0.116795 0.00423423 
0.0797194 0.000114589 1.63402e-07 0.0739994 0.0139015 0.0329905 0.00530319 0.0328571 0.00191505 1.6367e-07 0.00330496 0.00040941 0.0164011 0.0046589 0.000490784 0.000359387 1.63703e-07 0.524446 0.0550526 0.00283192 0.000327242 0.0765654 0.0714888 1.63704e-07 0.00286236 
0.0478162 1.469e-05 8.78841e-06 0.00147365 3.25548e-05 0.000434464 0.000244309 0.028287 3.79686e-05 3.17003e-06 0.00111837 3.77897e-05 1.6898e-05 3.61662e-07 0.00392767 8.59287e-06 0.0681013 1.67212e-06 0.000568525 2.87382e-05 5.8022e-05 0.000542483 0.0323038 0.81492 1.26461e-05 
0.0141099 8.15353e-05 8.81517e-07 0.000785734 0.00427214 0.000321837 0.000402728 0.0189147 1.78386e-05 2.13748e-07 0.000286332 4.22349e-07 0.0006087 3.54239e-06 0.822455 7.99042e-05 0.00136783 0.000881816 4.87998e-05 0.00438457 8.18313e-07 0.00113423 0.0297086 0.0889639 0.0111678 
0.000891648 7.18042e-06 1.56232e-08 4.2499e-05 0.0540247 0.0165634 0.0485499 0.718186 0.00383209 5.01744e-08 0.00570115 0.0172279 4.53252e-05 7.23101e-07 0.000166744 6.58752e-05 8.56966e-05 0.00107471 0.0060471 8.50624e-05 1.58859e-08 0.0257852 0.000593836 0.00105176 0.0999719 
0.415072 7.18361e-05 4.9155e-10 0.0744868 0.00890179 0.000475153 0.0182815 0.167818 1.75266e-07 1.1919e-10 0.000228632 6.40382e-06 0.00408626 1.5426e-08 0.130331 6.35386e-06 0.00821342 6.20829e-08 0.00554161 0.00122742 0.000122539 0.00809748 0.0827015 0.0743293 2.81677e-10 
3.27409e-09 1.22772e-05 4.26734e-08 0.000518029 0.00602214 0.00197847 0.0818991 1.5904e-05 1.08215e-08 1.03474e-08 3.01658e-05 0.000138787 6.65667e-05 3.52649e-08 1.14636e-05 5.69893e-08 5.11723e-06 2.44704e-06 0.000249318 8.47011e-09 1.21688e-05 0.000148083 0.00391492 0.904975 2.44535e-08 
1.61303e-06 1.14829e-10 1.39414e-10 0.00165416 0.00469283 9.39682e-07 3.23672e-11 2.13937e-07 8.94481e-07 3.38047e-11 0.824649 2.25879e-11 0.116346 2.99661e-07 2.89142e-07 2.82256e-05 2.06121e-05 5.84396e-07 8.95277e-06 0.00340353 8.54225e-11 1.54587e-06 0.0491891 2.24264e-07 7.98894e-11 
0.0016527 3.35423e-08 2.62106e-06 2.41233e-06 0.947281 0.00128385 0.00110785 0.00384953 0.00522132 1.80915e-10 6.48437e-08 1.30753e-08 5.86078e-05 6.16579e-10 0.000355115 9.96414e-10 0.00116202 0.0375656 1.32855e-06 1.22165e-06 4.57163e-10 0.000454981 2.3454e-08 1.10101e-10 4.2755e-10 
0.216261 6.55916e-08 2.70555e-08 0.016802 0.145449 0.000251533 0.0025309 0.0322977 0.068387 2.14769e-08 0.00156265 0.18015 0.000860821 0.00135535 2.49181e-05 1.69419e-05 0.0168167 0.000712024 0.00403614 0.000428368 8.66184e-05 0.132185 0.174035 0.00574983 1.3912e-07 
0.000223963 2.02545e-08 2.45909e-08 0.000258173 0.117642 0.00630969 0.000123188 0.829952 0.00167502 5.96275e-09 0.0250907 3.98425e-09 0.00997072 7.0715e-06 1.4996e-08 3.28406e-08 0.000234297 0.000370591 0.00332998 2.26299e-06 1.50675e-08 0.00479336 7.72971e-06 8.21727e-06 1.40915e-08 
0.0544885 1.87713e-06 7.03695e-11 0.142207 0.00459229 0.317727 0.000257937 0.0095669 0.000321263 2.65575e-08 0.010721 6.32537e-09 0.00588867 3.6719e-07 1.46434e-05 1.49909e-05 3.75965e-08 0.00452379 0.156658 0.000189341 8.81821e-05 0.0971639 0.195472 4.01626e-08 0.000102343 
0.026219 1.13657e-05 1.3799e-05 0.00138378 0.238761 0.000655274 0.000835845 0.00897663 0.00603343 3.34595e-06 0.0271526 2.23573e-06 0.00989531 1.14034e-05 8.41487e-06 1.84282e-05 0.000585795 0.00373836 0.000349623 0.674251 6.09414e-05 4.54758e-05 0.000130701 0.000848953 7.90736e-06 
1.18546e-05 3.04225e-08 3.69358e-08 6.16927e-05 0.506893 3.32381e-09 4.52761e-06 0.165623 0.0137183 8.95611e-09 1.57388e-06 2.34609e-07 0.0892362 5.4666e-06 1.18291e-05 1.71209e-06 0.00205147 7.29782e-05 2.83394e-06 4.0446e-05 2.58409e-06 6.1751e-06 0.147838 0.0744155 1.18651e-06 
0.0011145 8.94761e-06 1.4673e-08 5.30834e-05 0.0542863 0.0177343 0.0606861 0.691784 0.00478986 4.51924e-08 0.00712591 0.0215332 5.66236e-05 6.79875e-07 0.000208362 8.22752e-05 2.85149e-05 0.00134321 0.00755851 0.000106281 1.43011e-08 0.0225507 0.000742247 0.0013146 0.106892 
0.0666526 0.000568578 1.0445e-05 0.0174727 0.00311231 3.05592e-05 1.73585e-05 0.0400801 0.00056833 5.76715e-06 0.000445819 1.05808e-05 0.000833163 1.80873e-07 0.0293541 9.06819e-06 0.00781601 0.000347772 3.67466e-06 0.00400929 1.57442e-05 0.002432 0.0145436 0.811373 0.000286799 
0.000891648 7.18042e-06 1.56232e-08 4.2499e-05 0.0540247 0.0165634 0.0485499 0.718186 0.00383209 5.01744e-08 0.00570115 0.0172279 4.53252e-05 7.23101e-07 0.000166744 6.58752e-05 8.56966e-05 0.00107471 0.0060471 8.50624e-05 1.58859e-08 0.0257852 0.000593836 0.00105176 0.0999719 
0.134282 1.25681e-08 1.52589e-08 1.98654e-05 0.0328804 3.08793e-06 4.03172e-05 0.0130462 3.15686e-06 3.69995e-09 5.20952e-06 2.47227e-09 2.33858e-05 1.26098e-08 0.00453299 2.03779e-08 3.4436e-05 9.88042e-07 2.65233e-06 3.0287e-09 9.34956e-09 0.0260206 0.0653002 0.723804 8.74395e-09 
0.364677 3.85912e-10 4.68535e-10 0.0446863 0.00136734 1.43396e-07 0.000422995 0.435621 1.18815e-10 1.13609e-10 2.41425e-07 7.59125e-11 3.30634e-06 3.87192e-10 2.42891e-06 6.25717e-10 4.3956e-07 2.20348e-07 1.23907e-06 7.06793e-06 2.87084e-10 7.50281e-06 0.153201 3.38855e-07 7.78885e-07 
0.00703021 1.5283e-09 7.14487e-10 0.0739376 0.0171544 4.78108e-08 0.00029047 0.0145498 0.00148384 2.3842e-12 0.000227561 1.20383e-06 0.00469299 0.00284622 0.000902497 5.99222e-06 1.99113e-05 0.856813 0.000797764 0.00553495 2.36737e-08 0.00315517 0.00968859 0.000585641 0.000281933 
0.0016527 3.35423e-08 2.62106e-06 2.41233e-06 0.947281 0.00128385 0.00110785 0.00384953 0.00522132 1.80915e-10 6.48437e-08 1.30753e-08 5.86078e-05 6.16579e-10 0.000355115 9.96414e-10 0.00116202 0.0375656 1.32855e-06 1.22165e-06 4.57163e-10 0.000454981 2.3454e-08 1.10101e-10 4.2755e-10 
0.00237904 2.3374e-05 1.5007e-06 0.0632827 0.469516 0.011542 0.035318 0.0400662 0.12079 3.43248e-06 0.0137939 4.76562e-06 0.00025157 2.01259e-05 0.00835672 2.65611e-05 0.00126428 0.00298263 0.000403768 0.0317504 6.9679e-06 0.00894342 0.0363435 0.152784 0.000145657 
0.0197296 4.42199e-10 5.36873e-10 1.07413e-07 0.61541 0.00346645 0.139561 0.134907 0.00591829 1.3018e-10 0.000746435 7.64611e-08 3.81276e-05 7.25445e-05 4.95069e-05 1.45052e-08 0.00517794 0.0642498 2.24161e-05 1.06562e-10 3.28956e-10 5.29936e-06 0.0015808 0.00906317 9.21903e-07 
0.00038446 7.37967e-08 6.88673e-11 3.67005e-07 0.793516 2.45418e-07 0.0257687 0.108819 6.67138e-07 1.66988e-11 0.00881634 1.00533e-08 1.43353e-11 5.00875e-07 4.99799e-07 5.34993e-05 2.7891e-07 1.30282e-06 1.26089e-07 8.06622e-08 1.89927e-07 0.00366634 0.00443048 0.0545405 1.30269e-07 
0.0885784 8.5621e-07 8.07656e-09 0.0782905 0.0714518 0.0350322 0.000442404 0.0239027 0.00284731 6.86541e-07 9.51751e-07 0.0310706 0.00271316 1.77062e-06 0.0785689 1.0786e-08 0.0993008 0.00098324 0.000800172 0.000217579 3.07169e-06 0.00384699 0.104454 0.37445 0.00304105 
0.0547904 0.000597353 9.12076e-06 0.168503 0.00479769 0.0146519 0.0138059 0.115958 0.000818348 7.58512e-06 0.115875 1.025e-06 0.00609964 0.00696429 0.0108675 5.31192e-05 0.0288287 1.81942e-08 0.000889269 0.0101513 0.000137936 0.00494163 0.00219434 0.436996 0.00206092 
0.000211424 1.35257e-05 1.64215e-05 0.90221 0.00830457 1.47775e-06 8.39473e-05 0.0168383 0.00418051 3.98185e-06 0.000456511 4.39138e-05 0.0219109 0.000109967 0.000219377 5.14158e-05 7.98056e-05 0.00943202 0.000774191 0.000720348 1.00619e-05 0.00011172 0.0331057 0.00107987 3.00748e-05 
0.0149299 7.2499e-08 8.80208e-08 6.62741e-05 0.00609992 0.00215107 2.04355e-08 0.0307932 0.000384932 2.13431e-08 3.77644e-08 8.91159e-06 2.57828e-06 7.27395e-08 0.00117462 1.1755e-07 0.0003292 0.000102811 0.000140906 1.7471e-08 0.000501469 0.00142469 0.109293 0.824758 0.00783841 
0.0016527 3.35423e-08 2.62106e-06 2.41233e-06 0.947281 0.00128385 0.00110785 0.00384953 0.00522132 1.80915e-10 6.48437e-08 1.30753e-08 5.86078e-05 6.16579e-10 0.000355115 9.96414e-10 0.00116202 0.0375656 1.32855e-06 1.22165e-06 4.57163e-10 0.000454981 2.3454e-08 1.10101e-10 4.2755e-10 
0.018222 9.69931e-07 7.3207e-08 0.00222359 0.0193249 0.0263559 0.00182097 0.00451582 0.00121274 1.09014e-07 0.0141116 0.0282805 0.0276432 0.000776398 0.000135473 1.26459e-06 3.73501e-05 0.0269289 0.103686 0.552966 3.5212e-08 0.166734 0.00500866 2.21169e-07 1.23898e-05 
0.00197778 2.45943e-09 3.16096e-11 5.65102e-05 0.0610444 0.253997 0.000187839 0.00948917 0.000157593 7.66462e-12 0.608231 1.10146e-08 0.000561104 2.61218e-11 0.000741786 4.22138e-11 0.0150742 0.00255472 1.11218e-05 4.06695e-08 1.9368e-11 5.59951e-08 0.0459148 7.67349e-08 1.81135e-11 
0.0125614 2.37397e-05 2.40264e-06 0.0714602 0.143976 0.0766792 0.000204178 0.199616 0.108273 1.24449e-06 0.185249 0.00450427 0.0795118 0.000731572 0.00192903 6.40603e-06 0.00325391 0.00101938 0.0126772 0.00360555 4.70122e-08 0.0465725 0.0193146 0.0287949 3.23718e-05 
0.00893468 5.16464e-05 1.44508e-06 0.0138354 0.756938 0.00651035 0.042458 0.0138908 0.00175005 5.30624e-08 0.00243326 5.69914e-10 0.0460689 0.0103665 2.14505e-09 0.000322563 0.000719145 0.083148 2.51227e-06 3.15472e-06 8.20447e-07 0.00650149 0.00556467 0.000498601 3.03992e-07 
0.0379564 7.46505e-07 9.0633e-07 0.00105313 0.00019206 5.98015e-05 5.95516e-05 0.0022635 2.29835e-07 2.19765e-07 0.0156308 3.10544e-05 0.899991 7.48982e-07 0.000153069 4.99738e-05 0.033169 2.62229e-05 1.54871e-05 0.00124605 0.00019675 0.000598903 0.00545927 0.00183086 1.46256e-05 
3.42389e-05 8.06012e-06 4.5405e-08 0.00392889 0.0755072 0.037324 0.000936663 0.473792 0.000105779 1.90159e-07 0.00255366 0.0117633 1.09428e-05 0.27376 0.00108361 2.92486e-06 0.000115961 3.61435e-05 0.00600144 0.00323801 1.53769e-07 0.0942407 0.0146997 0.000314965 0.000541296 
0.00095973 8.222e-10 9.98231e-10 0.00026074 0.513242 0.090911 1.79555e-05 0.062721 1.46157e-06 2.42049e-10 0.00460291 5.85468e-08 0.0066376 8.24928e-10 6.08737e-10 4.7564e-06 0.276845 1.15707e-06 0.00123521 0.0113051 6.11643e-10 0.031252 4.39872e-11 2.09153e-06 1.03821e-07 
0.00349697 2.52107e-09 3.06082e-09 5.47231e-06 1.16121e-05 0.221249 7.10621e-10 0.493763 6.83122e-06 7.42182e-10 1.31453e-06 8.9315e-07 3.82918e-07 0.0101324 0.145351 3.27421e-06 2.18795e-06 3.06208e-10 6.32249e-06 0.125808 9.39598e-07 5.55645e-06 2.44139e-06 5.77696e-05 9.50667e-05 
0.00026214 6.83883e-05 0.00061006 0.00296847 0.969107 9.1552e-06 0.00383873 0.0102987 0.000736394 4.33141e-10 0.0016126 2.8942e-10 5.17614e-05 9.74794e-09 1.24479e-08 2.91145e-06 0.00357822 0.00594326 8.07762e-05 1.12933e-05 5.92949e-09 0.000202067 0.000243867 0.000373919 1.02362e-09 
0.0616475 2.62082e-06 5.42978e-06 0.010351 0.0796493 0.123466 0.00690196 0.111407 0.00244248 7.33263e-07 0.000398891 1.12344e-05 0.000139545 3.03846e-06 2.39319e-07 1.60491e-05 6.08758e-05 0.00307176 0.0143417 4.43467e-07 7.48104e-07 0.115304 0.469951 1.47453e-06 0.000825977 
0.00191785 0.000504399 2.7817e-06 0.0110931 0.000524581 0.75409 6.72483e-05 0.00185793 0.000346256 6.745e-07 1.19346e-06 3.53104e-05 0.00226228 3.19325e-05 0.0177363 3.71489e-06 5.75327e-06 2.78284e-07 4.35265e-07 0.20344 0.000199452 0.00113597 0.000431502 0.00304838 0.00126283 
1.84467e-05 5.5067e-05 3.15002e-06 0.0995002 0.0805215 0.000105991 6.14194e-05 0.0689176 0.000335443 9.78056e-07 2.7287e-05 7.7688e-07 4.05025e-05 0.0317543 0.00376549 3.10841e-06 0.159129 6.58486e-09 2.71285e-06 0.0012093 4.01594e-06 0.240729 0.0119144 0.297967 0.003934 
0.00110475 2.12567e-08 5.30273e-10 0.00164598 0.0239443 0.412518 0.00463586 0.179478 2.19087e-05 3.75528e-08 0.00777048 9.50168e-06 0.0302148 8.6452e-08 0.00046343 7.06211e-07 0.0571494 0.00134757 0.0084786 0.190189 1.12667e-06 0.0310452 0.0469922 0.00289709 9.20075e-05 
0.415072 7.18361e-05 4.9155e-10 0.0744868 0.00890179 0.000475153 0.0182815 0.167818 1.75266e-07 1.1919e-10 0.000228632 6.40382e-06 0.00408626 1.5426e-08 0.130331 6.35386e-06 0.00821342 6.20829e-08 0.00554161 0.00122742 0.000122539 0.00809748 0.0827015 0.0743293 2.81677e-10 
5.15249e-07 2.52561e-10 3.06634e-10 1.32684e-06 0.132174 0.503979 7.47569e-07 0.208412 0.0033603 7.43519e-11 0.0100681 8.35937e-05 1.88358e-05 2.53399e-10 1.8699e-10 4.09502e-10 0.0874998 1.43873e-06 4.60659e-07 2.37371e-06 3.38377e-07 0.0543957 5.26978e-07 4.52488e-11 1.75713e-10 
0.0016527 3.35423e-08 2.62106e-06 2.41233e-06 0.947281 0.00128385 0.00110785 0.00384953 0.00522132 1.80915e-10 6.48437e-08 1.30753e-08 5.86078e-05 6.16579e-10 0.000355115 9.96414e-10 0.00116202 0.0375656 1.32855e-06 1.22165e-06 4.57163e-10 0.000454981 2.3454e-08 1.10101e-10 4.2755e-10 
0.415072 7.18361e-05 4.9155e-10 0.0744868 0.00890179 0.000475153 0.0182815 0.167818 1.75266e-07 1.1919e-10 0.000228632 6.40382e-06 0.00408626 1.5426e-08 0.130331 6.35386e-06 0.00821342 6.20829e-08 0.00554161 0.00122742 0.000122539 0.00809748 0.0827015 0.0743293 2.81677e-10 
0.065466 0.00224381 1.18224e-10 0.0773119 0.130536 0.0277962 0.00200328 0.0144211 0.163464 5.07454e-07 6.7751e-07 4.99411e-05 0.00289907 9.64704e-05 0.102255 6.08583e-05 0.00323929 0.0362998 0.00217331 0.0114928 4.49584e-07 0.00744733 0.349441 0.00129529 6.13283e-06 
0.000152193 1.83297e-05 1.34979e-06 0.0052258 0.130906 0.00183118 0.00169744 0.00698101 0.000205052 6.09469e-08 0.00529889 2.07773e-06 0.00641221 5.61366e-06 0.000370571 6.3286e-06 0.000772584 0.832929 0.000238937 0.00168607 2.99844e-06 0.00160186 0.00361376 3.95157e-05 8.15073e-07 
9.10017e-07 4.45604e-09 5.41007e-09 0.0009155 0.587419 0.23528 2.65383e-06 0.024231 0.00722486 1.31182e-09 3.87106e-05 8.76544e-10 7.6482e-06 4.47082e-09 3.29915e-09 0.00318956 9.44864e-07 8.86654e-07 1.65189e-06 4.79502e-06 3.31489e-09 0.0725139 0.00768838 0.0215185 0.0399614 
0.00243107 1.102e-08 1.33793e-08 1.52349e-09 0.0140782 0.000921353 0.0125133 0.94586 4.99693e-06 3.24419e-09 2.1392e-06 1.19574e-05 2.32139e-06 1.61652e-05 0.00117652 1.17242e-05 3.46541e-05 0.00440498 1.34041e-06 2.65562e-09 8.19789e-09 0.000229595 0.0178255 3.10021e-06 0.000471347 
0.415072 7.18361e-05 4.9155e-10 0.0744868 0.00890179 0.000475153 0.0182815 0.167818 1.75266e-07 1.1919e-10 0.000228632 6.40382e-06 0.00408626 1.5426e-08 0.130331 6.35386e-06 0.00821342 6.20829e-08 0.00554161 0.00122742 0.000122539 0.00809748 0.0827015 0.0743293 2.81677e-10 
0.00433474 6.26131e-09 7.60184e-09 0.127142 0.0107441 0.439203 0.00109543 0.052541 0.00552229 1.84328e-09 3.26148e-09 9.05857e-06 3.83808e-06 1.59016e-06 8.31008e-05 4.80283e-07 1.35808e-06 9.68572e-05 0.0846447 0.0776335 4.65785e-09 0.0317937 0.165148 7.91888e-07 2.67704e-08 
0.00307753 5.76526e-08 2.03321e-08 9.30032e-05 0.5559 0.00140036 0.0603157 0.0344392 0.00036302 1.0068e-10 0.0171995 6.7273e-11 0.00629895 0.186734 2.53203e-10 4.81467e-06 0.00100463 0.130188 7.90345e-07 8.2414e-11 1.16787e-07 0.00144649 1.38254e-05 0.00151936 1.44983e-07 
0.000891648 7.18042e-06 1.56232e-08 4.2499e-05 0.0540247 0.0165634 0.0485499 0.718186 0.00383209 5.01744e-08 0.00570115 0.0172279 4.53252e-05 7.23101e-07 0.000166744 6.58752e-05 8.56966e-05 0.00107471 0.0060471 8.50624e-05 1.58859e-08 0.0257852 0.000593836 0.00105176 0.0999719 
2.98449e-06 2.09916e-07 4.9223e-07 0.000490703 0.989842 3.6108e-07 0.00384085 0.0022017 0.000737477 1.02548e-09 0.00161499 6.85216e-10 7.86085e-08 1.68096e-08 2.14165e-08 3.15022e-06 0.000124593 0.00110459 2.81313e-06 1.1487e-05 1.02875e-08 1.70419e-05 5.13833e-08 3.96029e-06 2.42348e-09 
0.000131423 2.5061e-11 3.04265e-11 2.93659e-08 0.337227 2.73805e-12 0.255573 0.00574876 0.379642 7.37776e-12 0.000294413 5.38002e-09 0.00305464 2.51442e-11 1.85546e-11 4.06339e-11 0.00961374 0.000294126 1.33333e-05 0.000487823 1.86432e-11 0.000783423 0.00705189 8.47379e-05 1.74356e-11 
2.19404e-06 9.22909e-09 7.40295e-08 0.132432 0.00545025 3.06372e-05 2.60143e-09 0.0816332 7.51621e-07 2.71697e-09 0.00284741 1.9358e-06 0.00936766 9.25972e-09 0.00185744 4.54559e-06 0.000107591 0.0048707 3.57451e-05 2.22405e-09 6.86562e-09 4.5543e-06 1.70841e-05 0.761293 4.26416e-05 
0.526538 1.80267e-09 0.000482966 0.349218 0.0101139 0.000228134 0.00268869 0.0221358 3.73967e-06 5.3069e-10 7.4178e-06 4.39709e-07 0.00138973 1.80865e-09 0.00920014 2.26631e-06 3.25864e-10 1.23359e-07 0.00137565 0.00226043 1.34102e-09 2.49602e-06 0.0577544 0.0165959 1.70437e-06 
0.0311243 1.08227e-09 1.31398e-09 0.0127762 0.00020574 3.90754e-07 1.45648e-06 0.00747279 0.0058249 3.18611e-10 0.123366 3.3119e-07 2.73515e-10 1.08586e-09 0.000789472 1.75479e-09 0.0136379 1.31452e-10 0.000208342 0.757338 8.05111e-10 0.00892882 0.0092614 0.0286233 0.00043996 
0.0621687 5.84631e-10 7.09799e-10 0.123276 0.000612243 0.000664126 7.02565e-06 0.00540387 0.000111969 1.7211e-10 0.000183263 3.12803e-06 0.682757 1.44776e-05 5.48078e-06 2.15101e-06 0.00337914 3.38732e-05 0.000961072 0.0296061 4.34913e-10 0.00294621 0.0870204 0.000640399 0.000203974 
0.0183266 4.21114e-09 4.37266e-07 0.0909485 0.0755993 8.82124e-07 0.00202021 0.0350364 0.000141277 1.23972e-09 0.00194835 9.37978e-06 5.67429e-06 0.00067144 0.0921059 4.30057e-07 0.23387 0.00047273 0.000220767 2.08825e-06 3.13271e-09 0.0612654 0.0161254 0.371086 0.000142701 
0.0247476 1.00322e-08 1.21801e-08 0.0233803 0.0767564 2.76918e-05 2.48919e-05 0.317159 0.0961052 2.9534e-09 5.22574e-09 2.96689e-06 2.53539e-09 2.47095e-06 4.00163e-05 1.62662e-08 6.57857e-06 1.0781e-06 0.0357037 5.42055e-06 7.46308e-09 0.0493165 5.36719e-10 0.376718 2.48041e-06 
0.0147785 7.91825e-07 2.60955e-08 0.0046446 0.168656 0.000156473 0.320127 0.0196421 0.00491606 4.34785e-06 6.26753e-05 4.7865e-06 0.00169426 7.53771e-06 0.0470402 5.3309e-05 0.0118683 0.206733 2.12842e-05 0.00144325 9.8269e-05 0.00464909 0.176273 0.00477894 0.0123469 
0.0140002 8.9825e-05 1.54399e-06 0.00586838 0.000769665 0.000286561 0.000136505 0.00205513 0.00060963 2.47089e-05 4.37875e-05 0.000187183 0.0375545 0.00037506 0.000415346 5.42782e-05 0.752572 0.00202856 0.00264539 0.0699662 0.000210612 0.0248108 0.0369601 0.0482519 8.25823e-05 
0.00776817 5.17173e-09 6.27898e-09 0.495787 2.77317e-06 3.79318e-06 1.45777e-09 0.011575 0.00791328 1.52251e-09 2.69393e-09 1.01733e-09 0.000910535 5.18889e-09 3.82903e-09 8.38543e-09 0.000591115 1.51592e-05 0.00137467 0.00568287 3.8473e-09 0.00338392 0.464991 1.35107e-06 3.5981e-09 
0.239474 0.000599687 2.22678e-11 0.0813087 0.0259127 0.116504 0.00225228 0.0136912 0.00391158 1.70271e-05 0.000108845 0.000246901 0.0146659 8.87048e-05 0.00117946 5.87019e-05 0.0241038 0.0124704 0.109294 0.0193702 1.3255e-05 0.0708822 0.244228 0.0165552 0.00306356 
8.4566e-05 5.47799e-05 1.89866e-10 5.38884e-06 0.134698 6.92904e-09 0.0109601 0.000678645 0.000160188 4.60383e-11 1.62942e-05 1.77239e-06 0.00170901 0.00122299 1.15784e-10 2.53562e-10 0.000111012 0.843207 0.00109463 2.21332e-07 1.16336e-10 5.65077e-06 0.00265117 0.00105509 0.00228306 
6.40606e-07 6.45308e-10 7.83467e-10 0.000493431 0.00339681 4.00275e-06 9.43416e-05 0.0032632 0.000406903 1.89973e-10 0.0252303 4.58528e-07 0.0138198 3.89766e-08 5.93882e-05 1.0463e-09 0.887178 0.000391817 2.91038e-06 0.000196342 3.58099e-07 1.10244e-10 4.47393e-06 0.0654567 4.48956e-10 
0.00382371 3.85846e-05 6.82587e-10 0.00263965 0.0141428 0.290114 9.28464e-05 0.0849685 0.000652233 1.65512e-10 0.587127 4.67576e-05 9.55006e-07 5.64083e-10 0.00106837 9.11578e-10 0.000934278 1.10788e-06 0.000350243 0.000337232 4.18239e-10 0.0023598 0.00670067 0.00389153 0.000710095 
0.20368 8.80941e-07 1.6452e-10 0.186526 0.000118527 3.06477e-07 8.7473e-07 0.0615279 0.00215685 3.98925e-11 4.65936e-07 1.11981e-07 9.692e-07 1.35958e-10 0.00130503 2.19713e-10 2.44955e-11 3.1767e-07 2.57432e-11 3.29849e-07 1.00806e-10 2.84771e-07 0.537987 0.00669403 9.42764e-11 
0.0233645 1.59835e-05 3.89968e-09 0.820706 0.0217884 0.0266127 0.0010512 0.0153856 0.00171236 9.45585e-10 8.08818e-06 6.02603e-08 0.000904799 3.6967e-06 0.000175854 5.20792e-09 0.00345473 0.00604262 7.82458e-06 0.0707116 2.38944e-09 0.00568147 0.00011682 0.00122838 0.00102737 
2.19404e-06 9.22909e-09 7.40295e-08 0.132432 0.00545025 3.06372e-05 2.60143e-09 0.0816332 7.51621e-07 2.71697e-09 0.00284741 1.9358e-06 0.00936766 9.25972e-09 0.00185744 4.54559e-06 0.000107591 0.0048707 3.57451e-05 2.22405e-09 6.86562e-09 4.5543e-06 1.70841e-05 0.761293 4.26416e-05 
0.0397775 1.32301e-05 1.31732e-08 0.000726795 0.00382695 0.00443894 0.000149093 0.00265701 0.000239682 4.152e-07 4.90276e-05 0.210456 0.00331515 3.81531e-06 8.03321e-09 2.15755e-06 0.427351 0.000352495 0.0289454 0.000245698 0.0111668 0.00372413 0.0342798 0.228278 8.61576e-07 
0.0345817 6.76147e-07 8.20908e-07 0.053503 0.0115808 0.104041 0.00115168 0.0366333 0.00243415 1.99052e-07 0.000635029 1.33004e-07 0.0125636 0.000114531 0.00368107 1.0963e-06 0.074955 8.21244e-08 0.0174591 0.0103259 5.02992e-07 0.0130788 0.000698826 0.622558 4.70411e-07 
0.0016527 3.35423e-08 2.62106e-06 2.41233e-06 0.947281 0.00128385 0.00110785 0.00384953 0.00522132 1.80915e-10 6.48437e-08 1.30753e-08 5.86078e-05 6.16579e-10 0.000355115 9.96414e-10 0.00116202 0.0375656 1.32855e-06 1.22165e-06 4.57163e-10 0.000454981 2.3454e-08 1.10101e-10 4.2755e-10 
7.91125e-05 4.56547e-08 3.34376e-11 8.84585e-05 0.090925 0.0390547 0.000763662 0.0020997 0.00192008 8.10788e-12 0.844081 5.4176e-12 2.36716e-05 6.01558e-08 4.11209e-08 6.45802e-08 0.0123867 3.46694e-08 4.13586e-05 0.000695586 2.04881e-11 0.0046741 0.00316681 4.93426e-12 1.9161e-11 
1.70862e-07 9.72814e-07 8.00114e-08 0.566833 0.00169132 0.19479 1.67236e-06 0.00517204 2.52454e-07 6.47475e-11 0.00155247 4.32636e-11 2.74776e-07 2.20666e-10 1.62836e-10 3.56605e-10 0.000958824 1.27911e-08 0.0029759 0.00784233 2.99908e-07 5.23502e-07 0.21818 4.2357e-08 1.53015e-10 
0.0853324 9.14458e-06 2.5283e-07 0.00376978 0.062698 0.00432159 7.11166e-06 0.0350866 3.74821e-05 6.13056e-08 7.58283e-05 1.50585e-06 0.323259 2.08936e-07 3.5441e-05 3.37648e-07 7.19926e-06 3.42623e-06 1.68466e-05 0.0456697 6.80276e-06 0.0110336 0.0633798 0.365123 0.000125111 
0.00499437 1.55616e-07 2.88107e-09 0.0123069 0.00030444 0.00596257 6.68888e-10 0.00123595 7.79207e-07 6.98595e-10 0.800685 5.55199e-08 0.109485 2.90135e-07 1.11376e-05 3.8476e-09 0.000113728 4.51299e-08 0.00138011 0.0588288 1.76531e-09 0.00198098 0.00202963 0.000132314 0.000548041 
0.415072 7.18361e-05 4.9155e-10 0.0744868 0.00890179 0.000475153 0.0182815 0.167818 1.75266e-07 1.1919e-10 0.000228632 6.40382e-06 0.00408626 1.5426e-08 0.130331 6.35386e-06 0.00821342 6.20829e-08 0.00554161 0.00122742 0.000122539 0.00809748 0.0827015 0.0743293 2.81677e-10 
0.00312927 3.13278e-09 3.8035e-09 0.0170075 0.43792 0.159451 8.83044e-10 0.127825 0.00413838 9.22263e-10 7.59276e-06 4.94164e-07 1.60514e-05 0.0113855 0.00512327 1.81313e-06 6.51028e-07 1.48636e-06 3.49603e-06 0.0035944 0.000100186 0.0299228 2.5575e-05 0.109535 0.0908109 
0.00453601 7.95188e-08 9.65435e-08 0.00588365 0.0551305 6.33452e-05 0.00353919 0.0692411 0.00167069 2.34097e-08 0.00173498 3.33853e-05 0.000106526 7.97826e-08 0.00994472 5.82831e-05 0.00546293 0.000404418 0.00138107 0.000115892 5.91548e-08 0.00406772 0.0252679 0.811357 5.53231e-08 
0.0159891 5.63784e-06 5.85766e-07 0.0308077 0.381871 0.00103655 0.00272182 0.162 0.0173302 4.49188e-07 0.0959599 8.75242e-05 2.84244e-07 0.000323827 0.00910357 7.10896e-07 0.0294168 0.00202041 0.000934868 0.0123364 1.41231e-08 0.000767796 0.008999 0.22641 0.00187511 
0.00145884 1.39652e-06 1.30324e-09 1.35934e-05 0.10319 0.144441 1.19517e-05 0.470298 1.48751e-06 3.16006e-10 1.23576e-05 1.90248e-07 1.13964e-06 3.44743e-06 9.45814e-06 1.74044e-09 3.57052e-06 1.30377e-10 7.75111e-07 0.05648 7.98529e-10 2.38416e-06 0.0147906 0.184871 0.024408 
1.2665e-07 1.0698e-07 4.41018e-08 0.00525896 0.176413 1.44166e-06 0.00965228 0.315588 0.00419765 4.82121e-08 0.0106394 0.0958436 0.000309157 2.04985e-06 0.00156121 0.000174851 0.00247695 5.48002e-05 4.88111e-07 1.96842e-07 4.91226e-12 0.312675 0.0157232 0.0494271 2.26951e-07 
0.0165803 1.63482e-10 1.98483e-10 0.0143001 0.00115836 0.167026 2.75322e-05 0.0480582 5.03329e-11 4.81276e-11 8.51569e-11 3.21584e-11 1.127e-06 0.000136789 7.43231e-07 8.29559e-06 0.00595848 1.98564e-11 0.0438799 0.0631589 1.21616e-10 0.031962 0.607742 7.39864e-07 1.13738e-10 
0.0465398 3.41072e-11 4.14095e-11 2.01012e-06 0.130793 0.0106015 0.0197807 0.130131 0.00133411 1.00409e-11 1.77663e-11 7.41917e-05 8.77496e-07 1.98513e-07 1.6669e-07 5.53013e-11 7.42946e-07 0.00184315 0.00212463 5.07134e-07 3.45094e-07 0.0737412 0.395976 0.187056 2.37292e-11 
1.7795e-05 0.00355485 2.18087e-06 4.61174e-05 0.0205394 2.0484e-05 6.40268e-06 0.680864 4.08206e-06 5.90366e-09 0.000202576 3.94476e-09 1.03409e-05 2.01203e-08 1.48473e-08 3.25151e-08 8.72134e-06 2.43572e-09 2.29497e-05 0.000254399 1.49182e-08 0.00655997 0.239328 0.0485577 1.39519e-08 
0.0011145 8.94761e-06 1.4673e-08 5.30834e-05 0.0542863 0.0177343 0.0606861 0.691784 0.00478986 4.51924e-08 0.00712591 0.0215332 5.66236e-05 6.79875e-07 0.000208362 8.22752e-05 2.85149e-05 0.00134321 0.00755851 0.000106281 1.43011e-08 0.0225507 0.000742247 0.0013146 0.106892 
0.0138934 4.68405e-08 2.08944e-11 0.174794 0.00528852 0.0799291 0.00040993 0.0958554 0.000389768 5.06643e-12 0.000719738 3.38534e-12 0.00889532 0.000976697 1.27418e-11 1.8145e-08 8.23105e-05 1.30196e-07 0.0359983 0.00069631 1.28026e-11 0.02383 0.558234 4.8578e-09 6.73816e-06 
0.000105684 4.09759e-05 5.21002e-08 4.83539e-06 0.152661 0.000332984 0.00135173 0.00114756 0.00142568 1.26331e-08 4.02019e-06 0.000108279 0.000457589 4.30551e-08 0.000560424 2.9413e-06 0.00292578 0.00195379 4.57072e-06 4.1362e-06 0.000207599 3.60468e-06 0.0053429 0.827206 0.00414822 
0.415072 7.18361e-05 4.9155e-10 0.0744868 0.00890179 0.000475153 0.0182815 0.167818 1.75266e-07 1.1919e-10 0.000228632 6.40382e-06 0.00408626 1.5426e-08 0.130331 6.35386e-06 0.00821342 6.20829e-08 0.00554161 0.00122742 0.000122539 0.00809748 0.0827015 0.0743293 2.81677e-10 
0.0016527 3.35423e-08 2.62106e-06 2.41233e-06 0.947281 0.00128385 0.00110785 0.00384953 0.00522132 1.80915e-10 6.48437e-08 1.30753e-08 5.86078e-05 6.16579e-10 0.000355115 9.96414e-10 0.00116202 0.0375656 1.32855e-06 1.22165e-06 4.57163e-10 0.000454981 2.3454e-08 1.10101e-10 4.2755e-10 
0.415072 7.18361e-05 4.9155e-10 0.0744868 0.00890179 0.000475153 0.0182815 0.167818 1.75266e-07 1.1919e-10 0.000228632 6.40382e-06 0.00408626 1.5426e-08 0.130331 6.35386e-06 0.00821342 6.20829e-08 0.00554161 0.00122742 0.000122539 0.00809748 0.0827015 0.0743293 2.81677e-10 
0.00560386 1.11623e-05 1.36248e-08 0.010987 0.0030117 0.00542053 0.000570333 0.011647 0.000258004 1.66355e-06 0.0231349 4.69642e-06 0.0282733 6.1809e-06 4.40405e-05 2.88839e-06 0.806857 4.24517e-06 2.09746e-05 0.000485528 0.000103236 0.00589732 0.0739478 0.0232178 0.000488607 
0.000461162 7.78054e-08 9.44634e-08 0.00113841 0.196656 0.00413722 0.000193307 1.15957e-08 0.015747 2.29053e-08 0.0266576 0.00252475 1.96633e-08 7.80636e-08 0.16588 1.26154e-07 8.92151e-05 5.0205e-06 4.87134e-05 0.0159368 5.78803e-08 0.000181756 0.0308845 0.538702 0.000755785 
0.0016527 3.35423e-08 2.62106e-06 2.41233e-06 0.947281 0.00128385 0.00110785 0.00384953 0.00522132 1.80915e-10 6.48437e-08 1.30753e-08 5.86078e-05 6.16579e-10 0.000355115 9.96414e-10 0.00116202 0.0375656 1.32855e-06 1.22165e-06 4.57163e-10 0.000454981 2.3454e-08 1.10101e-10 4.2755e-10 
0.0016527 3.35423e-08 2.62106e-06 2.41233e-06 0.947281 0.00128385 0.00110785 0.00384953 0.00522132 1.80915e-10 6.48437e-08 1.30753e-08 5.86078e-05 6.16579e-10 0.000355115 9.96414e-10 0.00116202 0.0375656 1.32855e-06 1.22165e-06 4.57163e-10 0.000454981 2.3454e-08 1.10101e-10 4.2755e-10 
9.14538e-07 5.54253e-08 6.72916e-08 0.00853223 0.354756 5.74516e-06 5.10145e-06 0.312297 0.295203 1.63167e-08 2.21786e-06 1.09027e-08 3.55186e-05 0.000278576 4.10355e-08 9.37833e-07 2.64922e-06 7.00175e-07 0.000139118 0.0214154 4.12314e-08 0.00211916 0.000373152 0.00483267 3.85607e-08 
0.000159011 5.39529e-08 7.74149e-10 0.00127917 0.000333885 1.98905e-06 2.1475e-05 0.00117553 2.16743e-06 1.87714e-10 0.00584013 1.25428e-10 0.697222 6.39749e-10 1.5537e-07 1.03386e-09 0.00234615 0.000578052 0.00255005 0.000254309 4.74342e-10 0.276206 0.0119114 9.16615e-05 2.67629e-05 
0.000586994 6.9546e-08 8.44355e-08 0.0129064 0.211644 0.000912537 9.28453e-06 0.107264 0.0413395 2.04737e-08 0.000544588 1.9883e-06 0.000153694 0.00115056 0.565047 2.33623e-05 0.00126616 0.00659045 0.000661633 0.000742003 3.48118e-06 0.0276473 0.0204184 0.000949368 0.000137256 
2.4855e-06 2.51246e-10 3.05037e-10 0.0519745 0.0761574 3.45896e-07 0.0181551 0.0647874 0.0177138 7.39646e-11 0.340532 1.13721e-07 0.00534569 6.55658e-07 2.54861e-06 6.11461e-07 0.121788 1.61766e-07 4.77304e-11 7.08443e-07 1.68232e-06 1.33923e-06 0.023188 0.280347 5.94487e-07 
0.0273348 1.63755e-09 1.98814e-09 2.24724e-05 0.385786 0.0208688 0.0133836 0.195564 0.0376141 4.8208e-10 0.158521 3.22121e-10 0.0369604 0.000167193 1.2124e-09 2.65511e-09 3.77483e-06 0.00255934 0.000339444 0.00566847 1.21819e-09 0.092215 4.02024e-05 0.0226349 0.000316543 
0.00183691 4.07152e-11 4.94322e-11 0.00222318 0.0372931 2.08624e-08 1.42945e-07 0.000323881 0.00536348 1.19862e-11 1.36027e-07 2.70782e-06 0.000458439 5.68228e-08 0.889123 3.85486e-05 0.00410803 0.0216911 0.000137127 2.98232e-07 2.17313e-06 0.0103679 0.0268032 0.000224445 2.11678e-06 
0.010339 2.81389e-07 3.41634e-07 0.00091743 0.0813883 0.000391667 0.00151171 0.056348 0.00306825 8.28385e-08 0.00147444 1.81849e-05 0.00250004 0.000182789 0.052548 0.000650584 0.0207729 0.00982553 4.49927e-05 0.00114493 1.82519e-05 0.00204867 0.00187927 0.666218 0.086708 
0.000244225 4.45222e-07 3.11736e-10 0.000973657 0.769664 2.80527e-11 0.127497 0.00335192 0.062918 7.55891e-11 0.000576149 9.54873e-06 1.28654e-07 3.92809e-07 1.70413e-08 0.0165825 0.00145018 0.0112007 0.000103172 6.18755e-11 1.49027e-07 0.000156033 0.00434243 0.000928933 1.78637e-10 
0.011484 0.0003206 5.80733e-09 0.00685264 0.046484 0.00055452 0.000980454 0.0132982 0.00488891 1.40815e-09 0.00145193 4.89314e-05 2.07934e-06 0.00133688 0.00282927 0.000217698 0.0495677 2.47055e-05 0.000587067 2.1935e-06 2.56302e-07 0.183067 0.00820292 0.667783 1.45949e-05 
0.00817823 2.81875e-07 2.96524e-07 0.040191 0.044754 0.014421 2.57957e-07 0.0650543 0.00122704 3.83871e-11 0.00933835 3.438e-05 0.0222878 8.31196e-08 0.734317 1.13369e-07 0.0179823 0.000778964 7.16001e-06 0.00516068 1.71687e-05 0.00794509 0.0133511 0.0149534 1.29569e-07 
7.91125e-05 4.56547e-08 3.34376e-11 8.84585e-05 0.090925 0.0390547 0.000763662 0.0020997 0.00192008 8.10788e-12 0.844081 5.4176e-12 2.36716e-05 6.01558e-08 4.11209e-08 6.45802e-08 0.0123867 3.46694e-08 4.13586e-05 0.000695586 2.04881e-11 0.0046741 0.00316681 4.93426e-12 1.9161e-11 
0.116898 8.87605e-06 6.64403e-09 0.0324403 0.0964178 0.0485599 0.002439 0.36249 0.0183282 6.27591e-07 0.00146794 4.11908e-05 0.00121845 2.9003e-06 0.0269064 7.5737e-07 0.0141355 0.000370606 0.00144629 0.00085914 7.44017e-06 0.0132565 0.13769 0.11784 0.00717378 
0.108691 0.000128955 1.54497e-06 0.403046 0.0568809 0.0112289 0.000186824 0.0379681 0.0252584 2.64261e-06 0.00654562 0.000151954 0.000817542 2.55728e-07 0.00958489 6.18369e-05 0.0517386 0.000561063 0.0427343 0.00304124 0.000181705 0.0111813 0.157504 0.0724584 4.47007e-05 
9.00243e-05 5.08229e-06 6.1704e-06 0.000559022 0.000787828 0.000145913 0.000758723 0.000280912 0.000508961 1.49618e-06 0.000282092 9.99734e-07 0.000104324 5.09916e-06 0.994959 8.24042e-06 4.74673e-05 6.17292e-07 5.4777e-05 0.000162565 3.78077e-06 0.000219362 9.28034e-05 0.000752904 0.000161788 
0.0797194 0.000114589 1.63402e-07 0.0739994 0.0139015 0.0329905 0.00530319 0.0328571 0.00191505 1.6367e-07 0.00330496 0.00040941 0.0164011 0.0046589 0.000490784 0.000359387 1.63703e-07 0.524446 0.0550526 0.00283192 0.000327242 0.0765654 0.0714888 1.63704e-07 0.00286236 
0.415072 7.18361e-05 4.9155e-10 0.0744868 0.00890179 0.000475153 0.0182815 0.167818 1.75266e-07 1.1919e-10 0.000228632 6.40382e-06 0.00408626 1.5426e-08 0.130331 6.35386e-06 0.00821342 6.20829e-08 0.00554161 0.00122742 0.000122539 0.00809748 0.0827015 0.0743293 2.81677e-10 
6.24385e-05 2.64028e-06 3.20556e-06 8.8335e-05 3.74944e-05 0.00135136 0.0510696 6.31383e-05 0.00680613 7.77276e-07 0.792094 5.19368e-07 1.46238e-05 0.142777 2.6439e-06 4.28094e-06 9.82023e-07 4.6165e-06 0.0015574 6.79242e-05 3.34891e-06 0.00345884 4.96535e-05 0.000276043 0.000203007 
0.000442495 2.34037e-06 2.84144e-06 0.0115625 0.422126 2.55698e-07 0.000318999 0.000178969 0.00313437 6.88986e-07 0.00942043 3.21972e-05 0.00137468 2.34814e-06 0.00154094 3.79468e-06 5.40333e-05 2.8426e-07 0.0161341 0.00032056 1.74103e-06 0.186155 4.10634e-05 0.200149 0.147 
0.00758713 0.000584305 0.000124105 0.0939363 0.108325 0.220442 0.00521986 0.0479794 0.0434406 1.60847e-12 0.180507 1.25858e-05 0.00365785 0.0200155 0.000589488 0.00011916 6.17297e-08 6.57048e-09 0.0222538 0.00197091 4.06451e-12 0.110226 0.130361 1.10712e-07 0.00264795 
1.49399e-06 7.20445e-06 1.65004e-09 5.91865e-06 0.0486436 0.0811186 3.86955e-06 0.143942 4.18431e-10 4.00098e-10 3.75274e-06 2.67341e-10 0.00252982 1.36358e-09 2.16348e-05 2.20359e-09 2.45676e-10 1.66723e-08 4.33783e-06 8.8759e-06 1.01103e-09 0.0427877 0.0129697 0.300572 0.367379 
0.000572308 0.383855 2.77135e-09 0.00661137 0.0050306 0.0240301 2.53575e-06 0.0411299 7.02781e-10 6.7199e-10 1.18902e-09 1.90705e-06 0.000237432 2.29022e-09 0.166114 3.70107e-09 4.12628e-10 1.21464e-07 0.0332819 0.00311104 1.69808e-09 0.00173814 0.0325195 0.0147034 0.28706 
0.415072 7.18361e-05 4.9155e-10 0.0744868 0.00890179 0.000475153 0.0182815 0.167818 1.75266e-07 1.1919e-10 0.000228632 6.40382e-06 0.00408626 1.5426e-08 0.130331 6.35386e-06 0.00821342 6.20829e-08 0.00554161 0.00122742 0.000122539 0.00809748 0.0827015 0.0743293 2.81677e-10 
0.0797194 0.000114589 1.63402e-07 0.0739994 0.0139015 0.0329905 0.00530319 0.0328571 0.00191505 1.6367e-07 0.00330496 0.00040941 0.0164011 0.0046589 0.000490784 0.000359387 1.63703e-07 0.524446 0.0550526 0.00283192 0.000327242 0.0765654 0.0714888 1.63704e-07 0.00286236 
0.00015798 2.30787e-07 9.83701e-10 0.000165307 0.0234748 0.000837796 0.0065181 0.00724884 0.00860349 2.38526e-10 0.0570521 1.5938e-10 0.596637 8.12921e-10 1.16477e-07 2.04704e-07 0.0238389 0.00395237 0.000894911 0.0569071 2.72778e-07 0.212601 0.00110053 6.4661e-06 2.11832e-06 
1.98053e-05 5.26262e-09 6.38933e-09 3.40498e-05 0.798022 5.74968e-10 6.05238e-05 0.176582 6.18954e-05 1.54927e-09 3.70099e-05 1.04556e-07 1.32999e-09 4.647e-05 3.89632e-09 0.00496353 2.58766e-05 0.000120872 0.0198986 3.04494e-06 1.7621e-05 2.61637e-05 2.36221e-05 5.68547e-05 3.66133e-09 
0.10483 2.92575e-06 4.95234e-09 6.28571e-06 0.00688607 1.17657e-05 1.75341e-05 1.90783e-05 6.58052e-06 1.20083e-09 3.40353e-05 8.02384e-10 0.00616324 2.12344e-05 1.72206e-05 4.76231e-06 0.036727 1.17181e-06 1.31901e-06 6.00899e-06 8.07379e-06 6.96861e-10 0.0190501 0.826186 2.83788e-09 
0.000891648 7.18042e-06 1.56232e-08 4.2499e-05 0.0540247 0.0165634 0.0485499 0.718186 0.00383209 5.01744e-08 0.00570115 0.0172279 4.53252e-05 7.23101e-07 0.000166744 6.58752e-05 8.56966e-05 0.00107471 0.0060471 8.50624e-05 1.58859e-08 0.0257852 0.000593836 0.00105176 0.0999719 
0.0336556 0.000117321 1.88783e-05 2.77887e-06 0.136169 0.00135185 0.00261033 0.0408004 0.00307618 3.00646e-06 6.72138e-10 0.00105211 0.013072 0.000130349 5.16422e-06 0.00348036 0.139689 0.00050473 0.00814247 0.0014776 8.57171e-05 0.0353486 0.0983826 0.480754 7.03396e-05 
3.24661e-05 3.05733e-05 1.77943e-08 0.0315211 0.402255 0.0315409 0.000320919 0.26769 0.0248963 4.31472e-09 0.00760947 2.88305e-09 0.00144305 1.4705e-08 1.3267e-05 2.37639e-08 0.00206434 0.000875147 4.17626e-07 0.0273245 1.0903e-08 0.200182 0.00219406 5.71554e-06 1.01968e-08 
8.55349e-07 3.96305e-08 4.81153e-08 4.39335e-07 4.85699e-06 2.52556e-06 1.29677e-06 1.74579e-06 3.79328e-06 1.16669e-08 0.999021 3.15471e-06 0.00075577 3.9762e-08 2.93415e-08 6.42568e-08 0.000105315 1.44105e-05 1.34697e-06 2.04642e-06 2.31812e-07 6.77047e-09 7.3703e-05 3.27189e-06 4.06487e-06 
3.42389e-05 8.06012e-06 4.5405e-08 0.00392889 0.0755072 0.037324 0.000936663 0.473792 0.000105779 1.90159e-07 0.00255366 0.0117633 1.09428e-05 0.27376 0.00108361 2.92486e-06 0.000115961 3.61435e-05 0.00600144 0.00323801 1.53769e-07 0.0942407 0.0146997 0.000314965 0.000541296 
0.00117849 5.81106e-05 2.77834e-06 6.18277e-05 0.0634516 0.013175 2.86855e-05 0.0548548 0.00183799 2.2765e-06 2.60071e-05 4.70434e-06 0.00379342 2.90294e-06 0.0250382 6.16255e-06 0.000277516 0.00883341 1.23006e-05 0.0697266 2.15239e-06 0.00043415 0.0152344 0.741481 0.000475707 
0.0118674 0.00281618 1.09618e-07 0.0696373 0.00136206 0.00986045 2.18997e-06 0.036238 0.000155633 2.658e-08 0.0160381 9.31865e-07 0.0188901 5.00555e-06 3.66615e-05 3.57121e-06 0.00175751 5.73798e-07 0.00137944 0.809251 6.71661e-08 0.0181003 0.00211714 0.000480217 6.28155e-08 
5.55366e-05 0.0001149 8.00427e-06 0.0935906 0.0213753 0.00322781 0.00306773 0.707103 8.36776e-05 1.72261e-07 0.000783755 1.15103e-07 0.00015935 5.87085e-07 4.33226e-07 0.000186298 0.000439551 3.75978e-05 0.000480599 0.00197336 9.61052e-05 0.0444918 0.0389368 0.0830255 0.000761474 
