0.0535031 6.23194e-06 2.81768e-09 0.0228626 0.0314667 0.0833569 0.00172401 0.0219087 0.00126415 0.508648 0.000307543 0.0301236 0.00403692 0.00253767 0.00190751 1.37422e-05 0.0139996 0.0219689 0.0238662 0.0126902 1.08754e-07 0.0249445 0.136125 0.00213479 0.000603252 
0.179192 0.128405 6.47338e-11 0.0471388 0.0419956 0.010907 0.00352419 0.0393187 5.6765e-06 0.335829 0.00195836 0.0565146 0.00998161 3.37485e-08 3.94757e-11 1.2224e-07 0.0190252 1.25975e-05 0.00750186 0.0496116 1.51334e-05 0.0429369 0.0177142 0.00840556 5.50015e-06 
0.00250928 4.94413e-09 6.00266e-09 0.0270291 0.0408099 0.00325563 0.00193161 0.00143755 0.00121774 0.851345 2.53988e-05 0.000336922 3.32694e-06 3.36645e-05 0.0127257 4.03138e-07 3.89212e-06 6.25606e-07 0.00248242 0.00021085 0.000133114 9.88159e-06 0.00625802 0.0482256 1.45271e-05 
0.0959266 0.0202107 4.52896e-11 0.00111864 0.0352494 0.011182 0.0356923 0.0239355 0.000700245 0.539081 0.00193866 0.000695125 0.0270564 0.00134063 0.000297357 3.52731e-05 0.056491 0.0107538 0.0343087 0.00619158 5.74634e-05 0.00288031 0.0865012 0.00818068 0.000175806 
0.0396539 0.0843764 5.1432e-07 0.0216759 0.0805974 0.047018 0.00090069 0.0191972 0.0133613 0.283699 0.00924217 4.90223e-05 0.00158665 0.0196471 0.00131279 0.000167432 0.0394889 0.00238773 0.129408 0.00484093 2.63404e-05 0.0176191 0.114182 0.0557646 0.0137957 
0.0742747 6.87951e-05 0.000341634 0.00616434 0.0213211 0.0199189 0.000912057 0.00501501 0.00307617 0.624328 0.00170122 0.0412931 0.000723705 0.00335899 0.000967761 5.54644e-05 0.007419 0.00650857 0.0577029 0.00738783 2.1872e-05 0.00597168 0.103808 0.00593189 0.00172718 
0.0107849 3.4975e-05 2.67011e-09 0.0104091 0.127694 0.0081665 8.40635e-05 0.00182341 0.000442061 0.718343 6.59881e-06 4.61098e-05 1.25433e-05 4.00791e-05 0.0474705 7.6743e-09 0.00308504 0.00738728 0.000446005 0.0104855 2.67592e-05 8.04226e-06 0.0217433 0.0279775 0.00348288 
0.118479 5.02687e-05 2.78427e-06 0.0150506 0.0116118 0.00374734 0.00125851 0.0150475 0.00144737 0.278841 0.00348088 0.0935298 0.00669393 0.000480432 0.00170686 4.43605e-05 0.0370668 0.00853933 0.08108 0.00227141 4.66814e-06 0.0455567 0.0753541 0.196348 0.00230645 
1.30548e-05 1.30337e-05 1.30288e-05 1.30537e-05 0.0900961 1.30544e-05 0.0391641 0.150128 1.30498e-05 0.515491 1.30448e-05 0.0169811 1.3051e-05 1.30337e-05 1.30397e-05 0.0312594 0.00914995 1.30541e-05 0.0404759 1.30513e-05 1.30397e-05 1.3053e-05 1.30556e-05 0.107046 1.30408e-05 
0.00901742 0.000113172 6.25834e-08 0.0115359 0.178096 0.00197242 0.00929939 0.00633043 0.038984 0.631592 0.00130563 1.01398e-08 0.000638083 2.60326e-05 0.000334124 9.95241e-05 0.000157529 0.0240876 0.000404434 0.00081227 3.83466e-08 0.00336605 0.067178 0.0140989 0.000550848 
0.0253632 6.98356e-05 1.3771e-05 0.118121 0.0115332 0.0427916 0.000950481 0.0190424 0.0385177 0.186371 0.00133088 0.165667 0.00017263 3.11532e-05 0.0128089 0.000195985 0.0319952 0.000203693 0.108289 0.04272 0.0002181 0.00848185 0.126143 0.0588999 6.9497e-05 
0.00242786 7.9439e-08 0.0036706 0.000441604 0.00329273 0.000673175 0.00010373 0.000529765 7.04456e-05 0.949707 1.65497e-05 0.0158761 6.16651e-05 6.52254e-09 0.00109524 1.53529e-05 0.000870133 0.00163544 0.000980026 0.00103725 1.05737e-07 0.000128321 0.0098285 0.00192976 0.00560846 
0.0746859 0.0001446 9.73979e-08 0.0827049 0.100711 0.0371183 0.00235751 0.016974 0.0064644 0.277697 0.00411134 0.00476777 0.000871233 2.76612e-06 0.0180081 1.09008e-05 0.0489327 0.036693 0.030763 0.0469851 5.75629e-05 0.0133297 0.153173 0.0415584 0.00187794 
0.154079 0.164408 9.95867e-08 0.010434 0.0170697 0.0313643 0.00124721 0.00994121 0.00116979 0.447751 0.000222851 0.0293768 0.00477053 0.00700872 0.000362201 1.39739e-05 0.0226323 0.00217746 0.0149783 0.0225727 5.60349e-05 0.013148 0.0220108 0.0231614 4.32357e-05 
0.135031 5.28963e-05 2.18121e-06 0.132875 0.040089 0.0398338 0.00266366 0.0140728 0.0230905 0.441566 0.00208032 5.09156e-05 0.0010134 7.39486e-05 0.0162148 5.15709e-06 0.00497515 0.00986875 0.0101331 0.0167224 2.97943e-06 0.0174649 0.0429844 0.0468205 0.00231303 
0.0138855 6.06718e-06 2.79768e-05 0.0206453 0.0990536 0.00452871 0.00129656 0.00302435 0.00311201 0.731843 0.00904601 2.29375e-05 0.00278812 0.000109205 0.000140463 2.27197e-09 0.00841865 0.00697547 0.000137305 0.00820002 2.04664e-08 0.000761826 0.071278 0.00474178 0.00995705 
0.118953 0.00777257 6.65518e-07 0.00686038 0.103947 0.00644186 0.0155208 0.0666208 0.00193331 0.271651 0.00304916 0.0454872 0.0138687 1.62462e-06 0.00218713 9.68886e-05 0.00707362 0.0153934 0.0336521 0.00757426 0.000252109 0.0137817 0.0563813 0.20021 0.00128903 
0.0588071 2.10055e-05 6.91858e-06 0.0217796 0.0333889 0.024195 0.000404352 0.0397048 0.0146528 0.635998 0.00271172 0.0109846 0.000616157 4.79004e-05 0.00022963 4.99747e-06 0.00364007 2.10656e-05 0.0118486 0.0523687 0.000442704 0.0277712 0.0212435 0.0391046 5.86773e-06 
0.0269832 0.00169002 2.44388e-10 0.012112 0.00689397 0.0189227 8.57008e-05 0.0107542 0.0015726 0.796452 0.00185926 1.04622e-08 0.00562226 4.67106e-05 0.000166067 1.56215e-05 0.00636566 0.00130324 0.0109791 0.0213331 5.84118e-06 0.0020183 0.0662962 0.00688398 0.00163785 
0.17566 4.2445e-07 5.31643e-09 0.00610027 0.0843724 0.022494 0.001751 0.0936344 0.00699996 0.306237 0.00124648 0.00389184 0.00119727 0.00206438 0.000969746 6.09694e-06 0.00316704 0.0203984 0.017753 0.119214 1.22215e-07 0.00463148 0.0843327 0.0428348 0.00104371 
0.173484 1.48256e-08 2.06976e-10 0.0302835 0.0446996 0.00732359 0.0641732 0.0145327 0.0763399 0.394165 0.00747096 0.000376335 0.00231808 9.87344e-06 0.000325251 0.000832563 0.00886179 0.00490614 0.0560358 0.00133558 0.000211187 0.00981119 0.0808069 0.0214315 0.000266015 
0.00722331 1.31333e-05 1.51572e-08 0.0084171 0.0163463 0.0159283 0.00471957 0.0115323 0.00118783 0.467955 0.000634956 0.268134 0.00315355 5.84664e-05 0.000927321 1.0745e-05 0.0177626 0.00985204 0.0869571 0.00176452 1.10311e-05 0.0220914 0.0458246 0.00862295 0.000872208 
0.0227405 1.39375e-05 0.00212494 0.00995029 0.00338032 0.00382403 0.000150302 0.00205284 6.9027e-05 0.772801 7.0782e-05 0.0125741 0.00196963 9.6691e-06 0.000891617 3.97345e-05 0.00229043 0.000944527 0.00489568 0.0192705 9.13283e-06 0.00213634 0.124523 0.0100283 0.00323917 
0.00157636 2.78348e-05 2.79899e-10 0.00646677 0.220008 2.39433e-07 0.00162509 0.170455 5.75553e-07 0.265813 0.0039666 0.169355 9.98774e-06 0.00183083 0.000854534 7.60802e-07 0.00238661 1.27909e-07 0.039545 0.0502467 1.71502e-10 0.0270267 0.00129084 0.0367829 0.000730483 
0.0199139 0.000212172 3.62123e-05 0.00947806 0.0323819 0.0366476 0.137604 0.0113766 0.0970375 0.302646 0.00128837 0.0404434 0.00407187 6.05146e-06 0.00299872 0.000775031 0.0327609 0.00114831 0.0228878 0.00148924 0.00174093 0.024177 0.0203448 0.198409 0.000125058 
0.01202 9.52482e-06 7.27696e-07 0.0303753 0.135668 0.00443976 0.00335869 0.0102005 0.00105397 0.495106 0.000877028 1.60912e-06 0.00485546 1.26738e-06 0.00385892 0.00357816 0.00182981 0.00553457 0.00119602 0.00206718 3.06972e-07 0.0248306 0.00828347 0.250852 1.43023e-06 
0.0100974 6.58302e-06 2.33632e-06 0.0601797 0.152149 0.0250316 0.00348365 0.00413275 0.00719141 0.433232 0.0050188 3.00507e-05 0.0208715 0.000238286 0.00193728 8.18917e-06 0.0271618 0.0236017 0.00296198 0.0119038 6.38428e-07 0.104659 0.0794052 0.0163851 0.0103106 
0.0504901 0.000219847 1.62404e-08 0.0157858 0.0294794 0.0278602 0.00769296 0.0150598 0.00078583 0.718472 0.000194908 5.27697e-05 0.00388183 2.11289e-05 0.0040289 7.19359e-05 0.0104851 0.000223195 0.00807025 0.00641938 2.2481e-06 0.00281619 0.0129053 0.0849682 1.28399e-05 
0.157444 0.00207365 1.47956e-06 0.0662643 1.48259e-06 0.10244 1.48201e-06 0.0265357 1.48195e-06 0.205404 0.0200001 1.48224e-06 1.48209e-06 1.48011e-06 0.00281501 1.47848e-06 0.0373549 1.48243e-06 1.48225e-06 1.48212e-06 1.4808e-06 0.0423953 0.143518 0.193736 1.48093e-06 
0.0302156 3.83633e-05 9.42837e-11 0.0350742 0.0836872 0.0144276 0.00140665 0.0342456 0.0188492 0.473431 2.61773e-05 0.00645491 0.000260273 0.000355855 0.00099634 0.0030534 0.0546414 0.0359271 0.110688 0.0225764 1.30691e-06 0.0110524 0.051689 0.0107189 0.000183814 
0.0288014 7.9199e-06 1.45182e-11 0.00524886 0.0821134 0.018759 0.00831133 0.00291938 0.0122965 0.694689 0.00111 0.0412032 0.000238555 0.0161253 0.0027249 3.78164e-06 0.0110055 0.0179966 0.0270918 0.0100664 1.27084e-06 0.00398529 0.00711774 0.00810688 7.59604e-05 
0.0119434 0.00222386 1.47812e-10 1.68312e-11 0.00678739 0.000161531 0.00122099 0.0112962 1.06112e-06 0.72921 0.00792377 0.000630281 0.165376 3.29218e-07 3.89923e-07 0.00182089 0.0375274 0.000168579 0.00826096 0.00176992 2.84173e-05 0.00156095 4.53277e-07 0.0120878 8.47019e-11 
0.00529438 3.84152e-09 4.66398e-09 0.0198069 0.0549442 0.00218006 0.00162846 0.0027133 0.000892765 0.785539 1.36682e-05 0.00116166 7.14076e-05 8.13062e-05 0.00682068 0.00427016 2.24495e-05 3.78182e-05 0.0677792 0.000795884 0.000115894 8.34373e-05 0.0108234 0.0347828 0.000140999 
0.00439471 2.36851e-08 8.7676e-11 0.00134398 0.0386785 0.00812621 0.0873444 0.00192524 0.0763974 0.687181 2.59e-07 0.000162429 0.000413095 9.65757e-07 2.29606e-08 0.000510177 6.28159e-05 0.000189829 0.0847469 0.000886769 5.38634e-06 0.000567924 0.00482332 0.00214137 9.74467e-05 
0.279297 0.00141534 3.8491e-09 0.0203017 0.0165167 0.0065666 0.00267737 0.0055797 1.05554e-05 0.407904 0.000416362 0.0218782 0.00172352 0.000102852 0.000270906 0.000592603 0.0100162 8.09786e-05 0.17991 0.00555824 0.000117175 0.00251553 0.0296602 0.00669873 0.000189853 
0.126137 0.0013548 4.96502e-10 0.0030681 0.00638938 0.00918165 1.43367e-06 0.021863 4.89418e-05 0.684483 5.70661e-05 0.00028425 0.000364236 0.00206552 3.02775e-10 4.76899e-05 0.0107037 2.58524e-06 0.0129834 0.0041838 0.000432624 0.00158944 0.0369282 0.0760763 0.00175323 
1.30548e-05 1.30337e-05 1.30288e-05 1.30537e-05 0.0900961 1.30544e-05 0.0391641 0.150128 1.30498e-05 0.515491 1.30448e-05 0.0169811 1.3051e-05 1.30337e-05 1.30397e-05 0.0312594 0.00914995 1.30541e-05 0.0404759 1.30513e-05 1.30397e-05 1.3053e-05 1.30556e-05 0.107046 1.30408e-05 
0.00880472 4.93795e-06 1.89626e-11 0.000363808 0.0342329 0.000401701 0.00108102 0.00365125 0.00012444 0.799068 0.00172863 0.070639 0.00026731 2.78695e-05 1.13075e-05 6.43892e-07 0.00110333 0.0186897 0.00124623 0.000128965 1.16189e-11 0.000344428 0.0299546 0.0281025 2.311e-05 
0.0959266 0.0202107 4.52896e-11 0.00111864 0.0352494 0.011182 0.0356923 0.0239355 0.000700245 0.539081 0.00193866 0.000695125 0.0270564 0.00134063 0.000297357 3.52731e-05 0.056491 0.0107538 0.0343087 0.00619158 5.74634e-05 0.00288031 0.0865012 0.00818068 0.000175806 
0.0592052 0.000234046 7.54818e-11 0.0115976 0.0371632 0.0389393 0.258289 0.205379 0.00324277 0.288254 0.00402687 2.88815e-07 0.000173289 0.000590786 0.000124119 1.96082e-06 0.00893442 0.0103772 0.00131 0.0135496 1.20097e-07 0.00219707 0.0342268 0.0218009 0.000382565 
0.00197404 0.000149041 3.16167e-08 0.00529547 0.0801402 0.000361105 0.00707307 0.0955074 0.00213725 0.658682 2.36504e-05 1.2819e-05 4.54948e-06 4.92434e-07 8.61284e-06 2.45667e-06 0.0235504 0.0341104 8.97278e-05 0.00129224 1.93724e-08 0.0011398 0.00188548 0.0863385 0.00022124 
0.140821 0.000972965 2.1134e-09 0.0299905 0.0545925 0.0460392 0.00280027 0.116957 0.000984283 0.287568 0.00904768 0.000271238 0.00150419 0.0387311 0.000961407 1.44579e-06 0.00271033 0.00141483 0.0580336 0.00192648 1.79031e-05 0.00447754 0.0368529 0.158376 0.00494731 
0.0445702 0.00105958 5.77115e-07 0.0855854 0.0408167 0.00879616 0.000952126 0.00474788 0.0527757 0.413895 0.000222237 0.027665 0.00139856 9.18046e-06 0.00553883 7.70723e-07 2.88206e-05 0.0209389 0.0473343 0.0291591 2.80188e-06 0.125258 0.0424886 0.0465289 0.000226706 
0.0171879 4.96184e-05 2.66086e-10 0.000532887 0.055041 8.45362e-07 0.0301492 0.00550729 0.00534329 0.683427 1.19159e-06 0.0659767 9.61027e-05 1.73715e-06 1.60402e-07 2.17013e-05 0.000351324 0.00110127 0.00972122 0.000992212 1.63038e-10 0.00271919 0.0625402 0.0592299 7.91268e-06 
0.162265 0.000846768 5.54812e-08 0.0952002 0.0387252 0.0205839 0.00273368 0.0581837 0.00552041 0.226648 0.000135283 0.000463061 0.00700302 0.000237022 0.000123712 5.23403e-05 0.0124548 0.152494 0.0994493 0.010147 7.89539e-07 0.0207443 0.0716267 0.0140643 0.000296812 
0.171699 0.000103264 1.96114e-08 0.00224385 0.0334278 0.0343247 0.0339907 0.00721659 0.00158466 0.365216 0.00465752 0.0997659 0.00711005 4.4794e-06 4.661e-05 2.61201e-05 0.0065422 0.0289443 0.0243369 0.00226826 1.9831e-09 0.00579743 0.050184 0.116042 0.00446724 
0.10609 2.95033e-05 0.000404004 0.0593472 0.0682228 0.00987381 0.00311466 0.0147242 0.00438024 0.270842 0.00257871 0.0132848 0.00839136 0.000738523 0.00216139 0.000682717 0.00639947 0.0479917 0.0303877 0.0187437 3.21055e-06 0.0224439 0.11404 0.0153467 0.179778 
0.0854226 0.000378359 1.12358e-08 0.0147824 0.0331996 0.0489651 0.000774877 0.0135878 5.18086e-05 0.523191 0.000352225 0.000185527 0.00310513 2.38303e-09 6.3118e-05 1.5115e-05 0.0138458 0.0126739 0.0110742 0.0128819 1.90516e-07 0.00927735 0.154413 0.0617523 6.46636e-06 
0.032003 0.0948332 8.80465e-09 0.00396161 0.0306745 0.00394867 0.000992036 0.00756252 0.00438365 0.682354 0.00295275 0.018331 0.000166476 0.0193084 0.000686437 6.44978e-05 0.00142838 0.000262175 0.00675283 0.00413848 2.02665e-05 0.00502038 0.0168937 0.0627268 0.000533814 
0.0742747 6.87951e-05 0.000341634 0.00616434 0.0213211 0.0199189 0.000912057 0.00501501 0.00307617 0.624328 0.00170122 0.0412931 0.000723705 0.00335899 0.000967761 5.54644e-05 0.007419 0.00650857 0.0577029 0.00738783 2.1872e-05 0.00597168 0.103808 0.00593189 0.00172718 
0.0334916 5.22773e-06 5.06604e-08 0.0108844 0.0875358 0.0033466 0.00880886 0.0342109 0.00458005 0.489221 0.00541764 0.191092 0.0010132 0.00332025 0.00300419 1.28639e-05 0.00759054 0.0116207 0.0339718 0.0134193 0.000150737 0.00593163 0.0337938 0.0171153 0.000461157 
0.00458524 1.48253e-06 2.27498e-08 0.00271747 0.0175972 0.000839664 0.00653859 0.00453577 0.00159364 0.642028 0.000222214 0.264867 0.0002614 5.29435e-05 0.00133097 2.50054e-06 0.00208152 0.0161287 0.0159821 0.000942907 6.90061e-06 0.00135923 0.00939408 0.00642076 0.00050986 
0.00880472 4.93795e-06 1.89626e-11 0.000363808 0.0342329 0.000401701 0.00108102 0.00365125 0.00012444 0.799068 0.00172863 0.070639 0.00026731 2.78695e-05 1.13075e-05 6.43892e-07 0.00110333 0.0186897 0.00124623 0.000128965 1.16189e-11 0.000344428 0.0299546 0.0281025 2.311e-05 
0.134276 0.00024943 8.60825e-05 0.0486035 0.0110849 0.0584403 0.000634455 0.0208697 0.00247952 0.321651 0.000352581 3.5597e-05 0.00457579 0.000713921 0.0212432 9.35254e-05 0.00523762 0.001124 0.00881737 0.156482 3.19734e-08 0.0220665 0.171221 0.0065903 0.00307078 
0.0924141 0.20851 3.38502e-06 0.0154716 0.0123402 0.014669 0.00115849 0.0185465 0.000991994 0.510097 6.51478e-05 0.0534684 0.00215016 0.000996336 7.3845e-08 6.32958e-06 0.00505943 0.000134274 0.00802629 0.0135366 8.40655e-06 0.00543826 0.0255898 0.0112872 3.12382e-05 
0.00179961 2.56375e-08 1.50305e-11 0.000488319 0.0287093 0.00167837 0.00146259 0.000604817 0.00520573 0.92344 9.18962e-09 0.0164992 2.43242e-05 0.00179317 0.000500502 1.70397e-05 3.81273e-07 0.010579 6.6059e-07 0.000693707 1.27838e-09 0.000747054 1.1867e-07 0.00533787 0.000418317 
0.00458524 1.48253e-06 2.27498e-08 0.00271747 0.0175972 0.000839664 0.00653859 0.00453577 0.00159364 0.642028 0.000222214 0.264867 0.0002614 5.29435e-05 0.00133097 2.50054e-06 0.00208152 0.0161287 0.0159821 0.000942907 6.90061e-06 0.00135923 0.00939408 0.00642076 0.00050986 
0.188312 0.000155121 3.45126e-05 0.0408726 0.0125238 0.00745164 0.000666367 0.0038505 0.00879197 0.388834 0.00573557 0.130064 0.00479815 0.00012599 0.000153976 2.75461e-05 0.00677391 0.00875559 0.015303 0.0437995 8.74851e-06 0.0275242 0.0181729 0.0863393 0.000925709 
0.0943866 0.000867814 3.2238e-09 0.0115167 0.00780768 0.239628 0.000160095 0.00443783 0.000174594 0.34458 0.000440804 0.028252 0.00591843 6.46278e-05 0.000210873 2.71368e-07 0.0101274 0.000167321 0.0909378 0.0146134 2.11206e-08 0.00909068 0.132172 0.00422525 0.000219496 
0.138716 0.000172827 7.2564e-10 0.004107 0.016984 0.000486726 0.00205321 0.00282014 0.000218566 0.719463 0.00188551 0.000399647 7.84316e-05 3.09145e-07 0.000437256 6.21406e-05 0.00701352 0.0105857 0.00994822 0.0039262 3.85731e-08 0.000547968 0.0191705 0.0199795 0.0409439 
0.0988418 0.00496655 0.00263488 0.0133094 0.118164 0.0134716 0.00389495 0.0399536 0.0043346 0.358575 0.00210954 0.00621463 0.0362938 0.00133345 0.0123447 0.00103877 0.0193926 0.000626914 0.0870297 0.12041 6.17396e-06 0.00548547 0.0393985 0.00919078 0.000978347 
0.0592052 0.000234046 7.54818e-11 0.0115976 0.0371632 0.0389393 0.258289 0.205379 0.00324277 0.288254 0.00402687 2.88815e-07 0.000173289 0.000590786 0.000124119 1.96082e-06 0.00893442 0.0103772 0.00131 0.0135496 1.20097e-07 0.00219707 0.0342268 0.0218009 0.000382565 
0.27324 0.00211108 4.88858e-11 0.00551126 0.00767603 0.0195945 0.000179912 0.0207486 5.8184e-05 0.551794 0.000221487 0.000135203 0.000546274 0.000523593 1.41631e-05 7.39002e-05 0.00696577 0.00102354 0.0173968 0.00869925 3.07316e-07 0.00320952 0.055127 0.0124179 0.0127315 
0.0119434 0.00222386 1.47812e-10 1.68312e-11 0.00678739 0.000161531 0.00122099 0.0112962 1.06112e-06 0.72921 0.00792377 0.000630281 0.165376 3.29218e-07 3.89923e-07 0.00182089 0.0375274 0.000168579 0.00826096 0.00176992 2.84173e-05 0.00156095 4.53277e-07 0.0120878 8.47019e-11 
0.142746 0.00036652 5.36949e-07 0.00422215 0.00222702 0.00477333 0.000156088 0.00407383 0.000308765 0.481034 4.24632e-05 0.063675 0.00168617 0.00231895 0.000107955 7.05347e-06 0.00658415 0.00170028 0.24321 0.0187073 2.51367e-06 0.00193815 0.0135865 0.00649494 3.02187e-05 
0.170804 7.34919e-05 3.12376e-09 0.0140233 1.16861e-05 0.00280821 2.16275e-05 0.000139623 4.52815e-07 0.422769 1.25725e-06 3.13015e-05 0.298323 3.87003e-05 0.000646018 6.60654e-06 0.00329009 3.2739e-08 0.0047354 0.0468163 1.62657e-05 0.00617981 0.00387576 0.0253874 2.75242e-09 
0.150862 0.000112748 2.87129e-08 0.0306152 0.0835325 0.0251783 0.0129473 0.034674 0.00638361 0.156287 0.000759556 0.0522998 0.018984 0.00097679 8.81332e-05 9.1035e-05 0.0165071 0.00440202 0.0932165 0.0415349 1.30513e-07 0.101489 0.13592 0.0331113 2.74065e-05 
0.00458524 1.48253e-06 2.27498e-08 0.00271747 0.0175972 0.000839664 0.00653859 0.00453577 0.00159364 0.642028 0.000222214 0.264867 0.0002614 5.29435e-05 0.00133097 2.50054e-06 0.00208152 0.0161287 0.0159821 0.000942907 6.90061e-06 0.00135923 0.00939408 0.00642076 0.00050986 
0.154079 0.164408 9.95867e-08 0.010434 0.0170697 0.0313643 0.00124721 0.00994121 0.00116979 0.447751 0.000222851 0.0293768 0.00477053 0.00700872 0.000362201 1.39739e-05 0.0226323 0.00217746 0.0149783 0.0225727 5.60349e-05 0.013148 0.0220108 0.0231614 4.32357e-05 
0.00458524 1.48253e-06 2.27498e-08 0.00271747 0.0175972 0.000839664 0.00653859 0.00453577 0.00159364 0.642028 0.000222214 0.264867 0.0002614 5.29435e-05 0.00133097 2.50054e-06 0.00208152 0.0161287 0.0159821 0.000942907 6.90061e-06 0.00135923 0.00939408 0.00642076 0.00050986 
0.00795606 0.000286766 1.53781e-06 0.000465521 0.0208459 0.0266889 0.000776487 0.0159107 3.89971e-07 0.736674 0.00034416 1.46012e-05 0.0171005 1.27083e-06 9.37783e-07 0.000875314 0.0680129 0.0424239 0.00141127 2.4691e-05 1.9762e-05 0.0159609 0.00421506 0.0399346 5.42598e-05 
0.0742747 6.87951e-05 0.000341634 0.00616434 0.0213211 0.0199189 0.000912057 0.00501501 0.00307617 0.624328 0.00170122 0.0412931 0.000723705 0.00335899 0.000967761 5.54644e-05 0.007419 0.00650857 0.0577029 0.00738783 2.1872e-05 0.00597168 0.103808 0.00593189 0.00172718 
0.103558 0.000611806 1.53939e-11 0.00930366 0.0343782 0.114361 0.0800176 0.096621 0.00682759 0.397425 0.000275413 2.83485e-08 5.86763e-08 0.000482412 9.38746e-12 3.28759e-05 0.0126206 0.0292703 0.00209463 0.00280935 1.81188e-09 0.085044 0.00852244 0.0151428 0.000600348 
0.11038 3.73431e-05 2.84086e-10 0.00210621 0.0410713 0.000827835 0.0285514 0.0357535 0.00120696 0.555789 0.00508828 0.0874617 0.0102278 2.94943e-06 0.000121989 2.9497e-05 0.000720379 0.0149568 0.0283233 0.00535873 5.47837e-07 0.0103832 0.00673136 0.0545307 0.000339001 
0.0317404 2.82035e-06 4.95917e-10 0.00248852 0.0274444 0.0122024 0.00299393 0.00437157 0.00158004 0.871759 9.43967e-05 0.00535677 0.000251055 0.00634302 0.000309841 6.69232e-06 0.00341543 0.0106499 0.00233074 0.00415351 2.49844e-08 0.00612381 0.00553821 0.000810069 3.32626e-05 
0.230491 3.37333e-05 3.84348e-08 0.010391 0.00975113 0.00557421 0.000371754 0.0782333 0.000115088 0.417809 0.000686581 0.050988 0.000894732 5.17831e-05 5.87058e-05 2.9603e-05 0.0115415 0.00966996 0.00433634 0.00655591 1.50855e-06 0.00639455 0.048481 0.107414 0.000125276 
0.252179 0.00578102 8.33069e-08 0.00521118 0.0124667 0.00797911 0.00164704 0.00180244 1.98944e-05 0.611013 0.00191345 0.00397131 0.00406613 2.78848e-05 0.000515684 4.29828e-06 0.0247269 9.06578e-07 0.00389177 0.00391607 1.20407e-06 0.00766716 0.0285979 0.0225729 2.78178e-05 
0.154079 0.164408 9.95867e-08 0.010434 0.0170697 0.0313643 0.00124721 0.00994121 0.00116979 0.447751 0.000222851 0.0293768 0.00477053 0.00700872 0.000362201 1.39739e-05 0.0226323 0.00217746 0.0149783 0.0225727 5.60349e-05 0.013148 0.0220108 0.0231614 4.32357e-05 
1.28423e-05 2.87029e-09 3.48481e-09 8.78934e-05 0.0598986 0.000527369 0.000272747 0.158781 0.00573779 0.474118 2.67986e-07 0.0185391 1.74786e-06 2.8327e-05 3.22051e-06 5.18415e-07 1.10648e-05 0.000166115 0.00321013 0.000842612 3.56606e-06 3.14893e-06 3.44388e-06 0.268338 0.00941225 
0.0105498 3.82272e-07 1.22136e-08 0.00153857 0.0272643 0.00164639 0.00329184 0.00387499 0.00204872 0.552361 0.000209155 0.12678 0.000794331 0.000536279 0.191159 1.01003e-05 0.00207908 0.0209527 0.0429901 0.00183096 2.02278e-05 0.00153599 0.0039876 0.0038477 0.00069098 
0.0119434 0.00222386 1.47812e-10 1.68312e-11 0.00678739 0.000161531 0.00122099 0.0112962 1.06112e-06 0.72921 0.00792377 0.000630281 0.165376 3.29218e-07 3.89923e-07 0.00182089 0.0375274 0.000168579 0.00826096 0.00176992 2.84173e-05 0.00156095 4.53277e-07 0.0120878 8.47019e-11 
0.0171879 4.96184e-05 2.66086e-10 0.000532887 0.055041 8.45362e-07 0.0301492 0.00550729 0.00534329 0.683427 1.19159e-06 0.0659767 9.61027e-05 1.73715e-06 1.60402e-07 2.17013e-05 0.000351324 0.00110127 0.00972122 0.000992212 1.63038e-10 0.00271919 0.0625402 0.0592299 7.91268e-06 
0.182553 0.0126715 4.78401e-08 0.0181664 0.00966443 0.145643 0.00158811 0.0355155 0.000393116 0.275051 0.000372809 0.000139092 0.0015049 4.84955e-06 9.31196e-05 0.00011655 0.0370644 0.00336684 0.0359279 0.00844774 1.23278e-07 0.00815294 0.116798 0.0844125 0.0223518 
0.00952796 6.47373e-05 3.15463e-07 0.0187935 0.16564 0.0186361 0.000874978 0.0774282 0.0191832 0.362249 0.000211404 0.000108632 0.000124184 2.10137e-05 0.000103996 0.00117816 0.00543552 0.00453875 0.0492107 0.00593322 0.000160456 0.00154585 0.0646639 0.193722 0.000643978 
0.0544367 0.00124515 1.59989e-08 0.0297894 0.0661235 0.0469207 0.00321386 0.0830729 0.00668592 0.182286 0.0129204 0.0026308 0.0118568 0.00533186 0.00281012 0.000308449 0.0369146 0.0456823 0.0205315 0.0582836 0.00197076 0.0642936 0.109268 0.14474 0.00868242 
0.0172815 2.39359e-10 1.67372e-05 0.0082012 0.0816784 0.00062325 0.00071661 0.0730678 0.097053 0.438769 0.00168728 0.000146838 0.00123709 6.47451e-07 0.0675997 3.88096e-10 0.00561906 0.000273632 0.00452216 0.0280833 1.78062e-10 0.0021584 0.00818219 0.157392 0.00569041 
0.0463253 1.11976e-05 0.000185806 0.0127403 0.0100969 0.0351463 0.00065874 0.0999873 0.00409325 0.401831 0.00949576 0.130348 0.00433134 0.000630371 0.00223157 2.1761e-05 0.0182779 0.00121901 0.143195 0.0124296 2.64015e-06 0.0116069 0.0327574 0.0220499 0.000326569 
0.0498032 0.00141834 1.84184e-07 0.00872622 0.00454634 0.00706344 0.000371569 0.00369811 0.000931476 0.742941 0.000866829 0.0413348 0.00118618 0.0736809 0.000292563 5.75159e-05 0.00490836 0.00132455 0.0103652 0.01026 9.24559e-05 0.00266044 0.0299076 0.00354856 1.37167e-05 
0.128668 0.0232274 2.52518e-10 0.0631195 0.00528353 2.25942e-08 8.95678e-05 0.0476467 2.76522e-07 0.376203 2.74993e-06 0.00185455 0.193848 3.93787e-05 6.0532e-08 3.37232e-10 3.75976e-11 1.28791e-07 0.0195945 0.0404187 7.61342e-06 0.00269141 0.0475441 0.0496737 8.6535e-05 
0.0841493 0.00871186 1.55888e-11 0.00268299 0.00165398 0.00732846 0.000313308 0.015064 0.000815371 0.652935 0.000237248 0.00117992 0.0297789 0.00459542 0.000347475 1.22408e-08 0.0305879 0.00115675 0.0499712 0.0202321 9.44392e-07 0.00602144 0.077238 0.0049194 7.93434e-05 
0.0631362 2.85241e-05 5.5676e-11 0.00181307 0.0196108 0.00789497 0.00160912 0.00487684 0.0808046 0.739752 8.42026e-06 0.0090748 0.000293504 0.010117 0.00173126 2.15367e-05 0.0028015 0.00526828 0.0150928 0.00321708 5.41546e-07 0.00545572 0.012815 0.0145329 4.34018e-05 
0.0842608 7.96665e-09 1.72293e-11 0.00793126 0.0118966 0.00240395 0.000274612 0.0159238 0.00018691 0.444846 4.47278e-06 0.00986885 0.0036839 0.000259846 0.00693727 0.0104673 0.000407835 0.000436333 0.229885 0.119191 1.06297e-07 0.00312195 0.0248433 0.0231539 1.44603e-05 
0.00615023 0.00143922 2.74e-06 0.0040645 0.0538167 0.0513122 0.00100915 0.00138742 0.0024868 0.6038 0.0181361 0.143824 0.00694607 3.15131e-05 0.000900587 1.6407e-06 0.00514152 0.0183955 0.0258241 0.00185262 0.00190118 0.0107693 0.0275805 0.0131454 8.12571e-05 
0.0811664 4.37747e-06 1.08997e-09 0.0400317 0.000479121 0.0429615 3.26608e-05 0.0223961 0.00206588 0.746644 0.000107374 0.00233856 0.00203623 4.3709e-08 0.000141616 1.38334e-09 0.00246308 4.14611e-06 0.00623026 0.00747074 1.08618e-08 0.0149029 0.0256877 0.00244772 0.000387546 
0.0794296 0.000104644 0.00618545 0.1138 0.0113403 0.0362624 9.32016e-05 0.00343898 0.000295737 0.659197 3.36382e-05 0.00573638 0.000374163 0.00184352 0.00209115 3.0312e-05 0.0171966 0.000601185 0.0028026 0.0239301 7.38739e-07 0.00367864 0.0210043 0.00448247 0.00604739 
0.0903973 0.00180071 3.91837e-08 0.0123096 0.0821362 0.0616153 0.00329557 0.0815028 0.00817117 0.208044 0.00870576 0.000427726 0.0187884 0.00086093 0.00367025 5.13026e-06 0.0392477 0.00176644 0.0612879 0.016937 1.6163e-07 0.0287517 0.0835713 0.0186399 0.168067 
0.020119 0.000568678 3.48753e-05 0.00446437 0.022866 0.00666084 0.000892885 0.0226983 0.0145529 0.694812 0.000393852 0.0150147 0.00784389 9.39345e-06 0.000223385 8.41871e-06 0.0366191 0.00327859 0.007601 0.0093882 0.00694136 0.00620957 0.0265505 0.0920756 0.000172979 
0.0386532 0.000174404 9.92625e-08 0.00739638 0.00579466 0.0516805 4.42571e-05 0.019427 0.000201869 0.422449 9.8984e-05 0.225772 0.0199886 0.000172201 0.00207051 8.41045e-05 0.0156321 4.50338e-06 0.0184347 0.0505158 9.46803e-09 0.0088142 0.043279 0.0692943 1.74762e-05 
0.154079 0.164408 9.95867e-08 0.010434 0.0170697 0.0313643 0.00124721 0.00994121 0.00116979 0.447751 0.000222851 0.0293768 0.00477053 0.00700872 0.000362201 1.39739e-05 0.0226323 0.00217746 0.0149783 0.0225727 5.60349e-05 0.013148 0.0220108 0.0231614 4.32357e-05 
0.00259348 1.7649e-07 5.75941e-10 0.0158236 0.103605 0.00543443 0.000925203 0.00227055 0.00373437 0.758241 0.00237379 6.13499e-06 0.000120997 3.97664e-05 0.000168545 2.55784e-09 0.00164044 0.00837048 1.34907e-05 0.00187555 2.39601e-08 1.4026e-06 0.0775935 0.00322018 0.0119483 
0.0385054 0.000540228 3.99218e-10 0.00320395 0.016779 0.0049032 0.00621644 0.00651905 0.00390998 0.592063 0.00164789 0.0100989 0.000407109 2.42761e-05 0.0010406 2.68957e-07 0.00690189 4.49449e-06 0.0385082 0.00644441 1.83566e-05 0.0591365 0.0657921 0.137145 0.000190099 
0.0631362 2.85241e-05 5.5676e-11 0.00181307 0.0196108 0.00789497 0.00160912 0.00487684 0.0808046 0.739752 8.42026e-06 0.0090748 0.000293504 0.010117 0.00173126 2.15367e-05 0.0028015 0.00526828 0.0150928 0.00321708 5.41546e-07 0.00545572 0.012815 0.0145329 4.34018e-05 
0.0637636 0.00105544 8.40382e-11 0.000636815 0.0403432 0.000676775 0.00130243 0.0294766 0.000723354 0.44529 0.0572278 0.159249 0.00243362 0.00105822 0.000313252 5.46803e-06 0.0045514 0.00531417 0.0207815 0.00723992 8.34998e-07 0.00283942 0.0240095 0.131065 0.000642759 
0.0411026 0.00402153 2.97425e-11 0.00194928 0.0113817 0.00130689 8.60494e-05 0.0252368 0.00162215 0.608114 0.00109766 5.19758e-05 0.0574282 0.000240767 0.000174315 2.10223e-06 0.00783434 0.000641224 0.209311 0.013549 3.76055e-06 0.0020599 0.010323 0.00245547 6.06113e-06 
0.0328804 0.000877486 2.79673e-06 0.012582 0.0147757 0.00557846 0.00396741 0.00153531 3.07135e-05 0.787246 1.52612e-06 0.000200651 0.00105595 0.00173248 1.674e-05 2.40015e-05 0.0251735 5.97876e-05 0.00531313 0.0194634 4.15605e-07 0.00127618 0.0805698 0.00563273 3.51122e-06 
0.163258 2.49099e-06 3.78284e-09 0.0116351 0.17515 0.00120618 0.00699754 0.00189503 0.00119241 0.193127 1.62299e-09 0.00129961 0.000646837 0.0025125 0.00470643 1.53559e-06 0.0873394 0.0232581 2.27096e-06 3.51536e-05 5.69846e-07 0.0447406 0.147441 0.133473 7.86775e-05 
0.045656 0.000132488 2.19032e-10 0.00178257 0.0340011 0.00182945 0.000408407 0.00388017 0.0429948 0.548501 1.32129e-05 0.00895661 7.9807e-05 1.8362e-05 0.000632367 2.85584e-05 0.00289496 0.0024842 0.247079 0.00279449 3.00027e-09 0.00176055 0.00418243 0.0488515 0.00103794 
0.00153738 5.58703e-10 6.7832e-10 0.0115043 0.0811727 0.00903275 8.60307e-07 0.00340213 0.000216113 0.820134 9.70478e-06 1.85033e-07 2.3202e-05 0.000145261 0.00809285 4.93828e-09 8.41869e-06 0.0137863 4.95714e-07 0.00679571 4.15625e-10 7.9557e-09 0.0297758 0.00862046 0.00574191 
0.0380705 0.00212202 1.07961e-05 0.00708497 0.0761365 0.12893 0.00383633 0.146547 0.00206843 0.253204 0.00282292 0.0427588 0.00160557 4.57329e-05 0.000161655 1.1784e-05 0.017709 0.00621585 0.0779101 0.00938282 0.000473978 0.0299909 0.123633 0.0289941 0.000273941 
0.0269832 0.00169002 2.44388e-10 0.012112 0.00689397 0.0189227 8.57008e-05 0.0107542 0.0015726 0.796452 0.00185926 1.04622e-08 0.00562226 4.67106e-05 0.000166067 1.56215e-05 0.00636566 0.00130324 0.0109791 0.0213331 5.84118e-06 0.0020183 0.0662962 0.00688398 0.00163785 
0.301354 4.86562e-07 9.75328e-06 0.00062997 0.00189171 1.17969e-07 9.52801e-08 0.00449782 2.93151e-12 0.368478 1.88971e-07 0.00255922 0.000498325 0.000319983 6.13381e-08 2.31728e-08 2.81639e-06 2.54541e-09 0.0373823 0.125315 0.0428898 0.00391477 2.53579e-07 0.110255 1.12681e-08 
0.0172815 2.39359e-10 1.67372e-05 0.0082012 0.0816784 0.00062325 0.00071661 0.0730678 0.097053 0.438769 0.00168728 0.000146838 0.00123709 6.47451e-07 0.0675997 3.88096e-10 0.00561906 0.000273632 0.00452216 0.0280833 1.78062e-10 0.0021584 0.00818219 0.157392 0.00569041 
0.0218712 0.000138227 2.23587e-05 0.0357832 0.0731355 0.00622721 0.00271562 0.00774044 0.0169649 0.644228 0.0007182 0.000319881 0.00333652 1.12843e-05 0.00752309 0.00520776 0.00889318 0.00203919 0.0153433 0.00608922 0.00011038 0.0176357 0.0157556 0.107199 0.000990625 
0.0269832 0.00169002 2.44388e-10 0.012112 0.00689397 0.0189227 8.57008e-05 0.0107542 0.0015726 0.796452 0.00185926 1.04622e-08 0.00562226 4.67106e-05 0.000166067 1.56215e-05 0.00636566 0.00130324 0.0109791 0.0213331 5.84118e-06 0.0020183 0.0662962 0.00688398 0.00163785 
0.0317404 2.82035e-06 4.95917e-10 0.00248852 0.0274444 0.0122024 0.00299393 0.00437157 0.00158004 0.871759 9.43967e-05 0.00535677 0.000251055 0.00634302 0.000309841 6.69232e-06 0.00341543 0.0106499 0.00233074 0.00415351 2.49844e-08 0.00612381 0.00553821 0.000810069 3.32626e-05 
0.00179961 2.56375e-08 1.50305e-11 0.000488319 0.0287093 0.00167837 0.00146259 0.000604817 0.00520573 0.92344 9.18962e-09 0.0164992 2.43242e-05 0.00179317 0.000500502 1.70397e-05 3.81273e-07 0.010579 6.6059e-07 0.000693707 1.27838e-09 0.000747054 1.1867e-07 0.00533787 0.000418317 
0.00179961 2.56375e-08 1.50305e-11 0.000488319 0.0287093 0.00167837 0.00146259 0.000604817 0.00520573 0.92344 9.18962e-09 0.0164992 2.43242e-05 0.00179317 0.000500502 1.70397e-05 3.81273e-07 0.010579 6.6059e-07 0.000693707 1.27838e-09 0.000747054 1.1867e-07 0.00533787 0.000418317 
0.128668 0.0232274 2.52518e-10 0.0631195 0.00528353 2.25942e-08 8.95678e-05 0.0476467 2.76522e-07 0.376203 2.74993e-06 0.00185455 0.193848 3.93787e-05 6.0532e-08 3.37232e-10 3.75976e-11 1.28791e-07 0.0195945 0.0404187 7.61342e-06 0.00269141 0.0475441 0.0496737 8.6535e-05 
0.134276 0.00024943 8.60825e-05 0.0486035 0.0110849 0.0584403 0.000634455 0.0208697 0.00247952 0.321651 0.000352581 3.5597e-05 0.00457579 0.000713921 0.0212432 9.35254e-05 0.00523762 0.001124 0.00881737 0.156482 3.19734e-08 0.0220665 0.171221 0.0065903 0.00307078 
0.146013 3.41003e-05 0.00245894 0.00744229 0.00307598 0.00063905 0.000100942 0.00447874 0.00254786 0.741979 0.00102523 0.042699 0.000889532 0.000309403 0.000739603 6.06162e-06 0.00308072 3.32519e-05 0.00364973 0.0278993 4.3214e-06 0.000226064 0.0051658 0.00549615 6.07181e-06 
0.0172815 2.39359e-10 1.67372e-05 0.0082012 0.0816784 0.00062325 0.00071661 0.0730678 0.097053 0.438769 0.00168728 0.000146838 0.00123709 6.47451e-07 0.0675997 3.88096e-10 0.00561906 0.000273632 0.00452216 0.0280833 1.78062e-10 0.0021584 0.00818219 0.157392 0.00569041 
0.0841493 0.00871186 1.55888e-11 0.00268299 0.00165398 0.00732846 0.000313308 0.015064 0.000815371 0.652935 0.000237248 0.00117992 0.0297789 0.00459542 0.000347475 1.22408e-08 0.0305879 0.00115675 0.0499712 0.0202321 9.44392e-07 0.00602144 0.077238 0.0049194 7.93434e-05 
0.0924856 1.76462e-05 5.37861e-08 0.0110815 0.123089 0.00939197 0.00496405 0.0102973 0.00319554 0.462375 0.0024269 0.0132558 0.00106312 0.000507616 0.00396258 0.000163192 0.00959097 0.0171884 0.110659 0.0245389 6.17742e-05 0.000870762 0.079717 0.0189398 0.000156994 
0.00458524 1.48253e-06 2.27498e-08 0.00271747 0.0175972 0.000839664 0.00653859 0.00453577 0.00159364 0.642028 0.000222214 0.264867 0.0002614 5.29435e-05 0.00133097 2.50054e-06 0.00208152 0.0161287 0.0159821 0.000942907 6.90061e-06 0.00135923 0.00939408 0.00642076 0.00050986 
0.0493537 1.6554e-06 2.00982e-06 2.28856e-07 0.00140217 1.80861e-07 4.66612e-07 2.46713e-07 5.09666e-07 0.743174 8.6229e-07 5.71706e-05 0.00150975 0.000141855 1.22562e-06 2.68406e-06 0.00106247 2.01064e-07 0.000212677 3.98922e-07 1.23147e-06 0.00106995 0.000195919 0.201807 1.1517e-06 
0.0411026 0.00402153 2.97425e-11 0.00194928 0.0113817 0.00130689 8.60494e-05 0.0252368 0.00162215 0.608114 0.00109766 5.19758e-05 0.0574282 0.000240767 0.000174315 2.10223e-06 0.00783434 0.000641224 0.209311 0.013549 3.76055e-06 0.0020599 0.010323 0.00245547 6.06113e-06 
0.0317404 2.82035e-06 4.95917e-10 0.00248852 0.0274444 0.0122024 0.00299393 0.00437157 0.00158004 0.871759 9.43967e-05 0.00535677 0.000251055 0.00634302 0.000309841 6.69232e-06 0.00341543 0.0106499 0.00233074 0.00415351 2.49844e-08 0.00612381 0.00553821 0.000810069 3.32626e-05 
0.142747 0.000526809 1.13277e-05 0.0246191 0.000120132 0.00766402 2.45584e-05 0.00207171 1.6642e-05 0.464257 0.000433756 0.0204198 0.000980846 7.83182e-06 7.18257e-08 0.00128248 0.0275501 7.36343e-07 0.00701062 0.112758 0.165916 0.0104973 0.00312475 0.00795061 8.91407e-06 
0.00500283 0.0176819 4.65142e-07 0.0292286 0.00484339 0.00522478 1.03007e-07 0.142214 0.00490218 0.388806 0.000215735 0.000287429 0.00117504 6.08621e-10 0.0441492 7.55246e-06 1.16908e-06 0.000166005 5.09823e-08 0.00184419 4.51262e-10 0.00520021 3.13166e-06 0.349045 1.17136e-06 
0.26031 0.0985821 4.5367e-06 0.0306935 0.0210662 0.00157841 0.00119944 0.00754978 1.31718e-05 0.332173 0.00373712 0.00232159 0.00157965 4.92243e-06 0.000241274 4.82856e-06 0.0597649 0.0014756 0.00343268 0.00292952 0.0159024 0.0192748 0.0132981 0.122224 0.000638056 
0.00458524 1.48253e-06 2.27498e-08 0.00271747 0.0175972 0.000839664 0.00653859 0.00453577 0.00159364 0.642028 0.000222214 0.264867 0.0002614 5.29435e-05 0.00133097 2.50054e-06 0.00208152 0.0161287 0.0159821 0.000942907 6.90061e-06 0.00135923 0.00939408 0.00642076 0.00050986 
0.00242786 7.9439e-08 0.0036706 0.000441604 0.00329273 0.000673175 0.00010373 0.000529765 7.04456e-05 0.949707 1.65497e-05 0.0158761 6.16651e-05 6.52254e-09 0.00109524 1.53529e-05 0.000870133 0.00163544 0.000980026 0.00103725 1.05737e-07 0.000128321 0.0098285 0.00192976 0.00560846 
0.0841493 0.00871186 1.55888e-11 0.00268299 0.00165398 0.00732846 0.000313308 0.015064 0.000815371 0.652935 0.000237248 0.00117992 0.0297789 0.00459542 0.000347475 1.22408e-08 0.0305879 0.00115675 0.0499712 0.0202321 9.44392e-07 0.00602144 0.077238 0.0049194 7.93434e-05 
0.00880472 4.93795e-06 1.89626e-11 0.000363808 0.0342329 0.000401701 0.00108102 0.00365125 0.00012444 0.799068 0.00172863 0.070639 0.00026731 2.78695e-05 1.13075e-05 6.43892e-07 0.00110333 0.0186897 0.00124623 0.000128965 1.16189e-11 0.000344428 0.0299546 0.0281025 2.311e-05 
0.0285315 2.41258e-05 0.0024585 0.0268034 0.105153 0.0666757 0.036491 0.0634098 0.0398045 0.25379 0.0143706 0.000189662 0.0201803 2.22172e-06 0.00100467 0.00338386 0.0345514 0.0149715 0.0635356 0.00938953 4.13083e-05 0.0162132 0.170476 0.0282935 0.000254584 
0.0117748 0.000628611 1.44297e-08 0.0125563 0.0058617 0.00149923 0.000217791 0.0429096 0.00192991 0.238748 0.106909 0.147284 6.18163e-05 8.95917e-06 0.147045 7.22989e-06 0.00138827 0.000100449 0.020044 0.0354301 9.84371e-08 0.000772234 0.0314816 0.192598 0.00074371 
0.0907607 0.00290983 3.26543e-06 0.00413006 0.0379953 0.0308136 0.00970054 0.0496617 0.00170439 0.40697 0.00141196 0.042561 0.00593426 0.00142475 0.000806713 7.69515e-05 0.0300351 0.013814 0.0413889 0.00279819 2.95557e-05 0.0316889 0.108652 0.0846556 7.25632e-05 
0.00649546 5.47819e-05 6.73764e-11 0.0168367 0.0193382 0.0419358 0.0552886 0.00258156 0.124954 0.602902 2.45353e-05 0.0533467 0.000367765 1.92311e-06 7.99274e-05 9.01324e-05 0.000364693 0.000168396 0.0473432 0.00132819 2.12573e-06 0.00483257 0.0149955 0.00656179 0.000105146 
0.00589894 0.00394764 0.00494163 0.0326406 0.00813666 0.00973929 6.02404e-05 0.107287 0.100496 0.408271 0.00724477 0.0013821 0.00185018 6.19607e-05 0.0613843 2.04544e-05 3.74705e-06 3.98324e-05 0.00141877 0.0813173 3.26789e-08 0.0640836 0.0107671 0.0864351 0.00257134 
0.142919 0.0260597 9.26183e-06 0.011563 0.00948328 0.0273179 3.61522e-06 0.0366809 0.000483822 0.478473 0.00362053 0.0143297 0.000402662 2.74173e-05 0.000861489 1.05142e-05 0.00352853 0.000275709 0.00305606 0.0153773 4.79224e-07 0.00123236 0.0241593 0.181381 0.0187434 
0.0052937 2.67881e-06 3.98307e-07 0.0304793 0.0258923 0.0262561 0.00554069 0.0327938 0.00204272 0.357058 0.00116543 0.135389 0.00841845 2.24915e-05 0.000730322 9.62621e-05 0.0282313 0.0112958 0.239611 0.00545756 1.53172e-05 0.0187467 0.0380953 0.0145513 0.0128136 
0.128668 0.0232274 2.52518e-10 0.0631195 0.00528353 2.25942e-08 8.95678e-05 0.0476467 2.76522e-07 0.376203 2.74993e-06 0.00185455 0.193848 3.93787e-05 6.0532e-08 3.37232e-10 3.75976e-11 1.28791e-07 0.0195945 0.0404187 7.61342e-06 0.00269141 0.0475441 0.0496737 8.6535e-05 
0.0883397 0.000176887 5.31956e-05 0.0412357 0.0303764 0.00544612 0.00344322 0.0490757 0.0117302 0.599113 0.001267 2.3713e-05 0.00258654 2.96696e-06 0.0001276 1.99389e-05 0.00179848 0.0138024 0.00166938 0.0504666 6.64866e-06 0.00223098 0.0268593 0.0699204 0.000228201 
0.00242786 7.9439e-08 0.0036706 0.000441604 0.00329273 0.000673175 0.00010373 0.000529765 7.04456e-05 0.949707 1.65497e-05 0.0158761 6.16651e-05 6.52254e-09 0.00109524 1.53529e-05 0.000870133 0.00163544 0.000980026 0.00103725 1.05737e-07 0.000128321 0.0098285 0.00192976 0.00560846 
0.0519922 0.0139508 0.000716673 0.00652033 0.0749605 0.134694 0.00944178 0.0289798 0.0098613 0.436617 0.00180935 0.0133093 0.00476462 0.00111853 0.0137767 0.00011598 0.0241262 0.00741224 0.0512666 0.00819614 1.12361e-05 0.00410799 0.0671385 0.0323604 0.00275148 
0.095863 0.00921753 3.09511e-09 0.00704798 0.0842373 0.0134157 0.000564641 0.101953 0.0126742 0.532249 0.000407382 7.28367e-08 0.00389025 0.00127699 0.00669714 2.71068e-05 0.000409793 0.0179493 0.000682282 0.0298829 1.37324e-07 0.00844334 0.025001 0.0475836 0.000525479 
0.00458524 1.48253e-06 2.27498e-08 0.00271747 0.0175972 0.000839664 0.00653859 0.00453577 0.00159364 0.642028 0.000222214 0.264867 0.0002614 5.29435e-05 0.00133097 2.50054e-06 0.00208152 0.0161287 0.0159821 0.000942907 6.90061e-06 0.00135923 0.00939408 0.00642076 0.00050986 
