1.52369e-07 0.0473569 1.16254e-06 5.79135e-05 0.000894948 0.0431539 0.00361429 0.00407724 0.00438551 0.00106678 2.84302e-05 0.00308452 4.59456e-05 0.10167 0.000762927 0.117999 5.58493e-05 0.000342719 0.0419995 0.066106 0.0139757 0.00154077 0.0188697 0.0546207 0.220594 0.00316572 0.00545753 0.245072 
7.03962e-08 0.0129722 0.00194225 4.79999e-05 0.000517862 0.0442856 0.00100187 4.78831e-05 0.00130098 1.29835e-07 1.03788e-07 5.83935e-05 8.69737e-06 0.900295 2.13038e-06 0.00035614 1.73787e-07 1.3322e-07 0.0084578 0.00812367 0.00127293 1.30151e-07 0.0160103 4.56777e-05 0.000327244 1.42449e-05 4.32482e-06 0.00290567 
3.53868e-07 0.0256297 5.96702e-07 1.47068e-05 8.54017e-07 0.00242496 1.81966e-06 0.0147875 1.40422e-05 8.09342e-05 5.21722e-07 9.62644e-07 2.69339e-05 0.936246 0.000320853 0.0175554 9.18173e-05 8.96655e-05 0.000704068 0.000215541 0.000302095 3.89561e-05 2.55933e-05 0.000927797 0.000456958 8.22348e-07 6.8632e-07 4.02923e-05 
1.82752e-10 0.00382419 1.00993e-06 3.59869e-08 1.0015e-05 0.00539101 0.00454029 1.53056e-05 0.00765427 0.000372856 5.3031e-07 4.97149e-10 2.17273e-08 0.228484 2.31953e-06 0.000805151 3.46434e-07 1.17968e-06 0.00145889 0.0998902 0.0705999 3.37877e-10 0.000248099 0.000967633 0.00412073 4.96037e-07 1.12899e-05 0.5716 
1.8497e-07 0.000471811 0.00014541 2.55794e-05 0.000324832 0.0230914 0.0046426 0.00165501 0.00264087 5.25927e-05 0.000162616 5.03184e-07 5.41859e-06 0.780176 2.24817e-06 0.0298169 0.000159907 3.50044e-07 0.000130138 0.00512703 8.48795e-05 3.41978e-07 0.0125998 4.61832e-05 0.0851339 0.000434431 5.04138e-05 0.0530192 
4.69215e-11 1.5591e-06 4.58382e-08 1.36509e-10 0.781326 0.00298237 0.000567536 0.00452722 6.39096e-05 6.77173e-05 0.000206025 7.61702e-07 5.13704e-05 0.204938 1.82877e-05 2.3266e-05 1.36875e-07 0.000253939 4.34135e-07 0.00209709 0.00151641 1.09283e-07 0.000626251 0.000133846 0.000298975 1.0904e-10 4.0996e-05 0.000257803 
1.11244e-07 0.0925722 1.87583e-07 3.23644e-07 2.68474e-07 0.0122822 0.0114525 0.0006763 0.000261389 0.000208642 1.64012e-07 5.08586e-05 0.000140558 0.000853728 2.47747e-05 0.0598356 0.000270128 0.0001124 0.280058 0.00210602 0.000979215 0.000630644 1.788e-05 0.202789 0.000185063 0.000753523 0.000884726 0.332854 
1.78455e-12 0.0492702 3.62331e-08 0.000123406 4.30679e-12 0.0180239 0.0728532 0.00187031 0.00296938 0.306832 0.000147108 7.66585e-08 2.70554e-05 0.0111362 1.8617e-06 0.000100969 6.13647e-05 2.72294e-05 0.00314981 0.0280694 0.00209846 3.29933e-12 1.45187e-06 0.00947579 0.0786098 1.97239e-08 2.09117e-05 0.41513 
2.1785e-09 0.00550211 0.000155693 0.000589259 0.00204702 0.700535 0.00380853 0.00215481 0.00307326 4.01791e-09 3.01982e-05 1.2798e-06 3.48693e-05 0.0353107 4.26257e-09 0.0650492 5.37804e-09 0.000331777 0.040096 0.0686803 0.0316744 7.40893e-08 0.00866217 0.0037293 2.32811e-07 7.42556e-08 0.028522 1.20431e-05 
8.69302e-10 0.00871685 0.00351899 1.73277e-05 3.22283e-09 0.756434 0.000968649 0.00747568 0.0950431 0.000197377 0.00058931 0.00218803 1.96592e-07 0.00085521 1.70093e-09 0.0336281 2.14604e-09 0.00901705 0.00296087 0.00423903 0.00628279 1.27601e-06 0.00625337 0.00296016 0.00704215 3.52547e-07 0.0443464 0.00726398 
1.5796e-08 0.011355 8.74035e-06 0.000680615 0.00914821 0.076684 0.00674258 0.000181198 0.0320424 5.19129e-07 0.00272841 0.12919 1.80371e-07 0.610316 1.7268e-07 0.0118287 3.89955e-08 0.00342918 0.00247407 0.0113559 0.000437017 3.23145e-05 0.00837962 0.00269392 0.0785573 3.67081e-08 0.000468555 0.00126526 
4.69215e-11 1.5591e-06 4.58382e-08 1.36509e-10 0.781326 0.00298237 0.000567536 0.00452722 6.39096e-05 6.77173e-05 0.000206025 7.61702e-07 5.13704e-05 0.204938 1.82877e-05 2.3266e-05 1.36875e-07 0.000253939 4.34135e-07 0.00209709 0.00151641 1.09283e-07 0.000626251 0.000133846 0.000298975 1.0904e-10 4.0996e-05 0.000257803 
1.44558e-07 0.00201452 1.956e-06 0.000150135 6.1506e-06 0.0215004 0.000359758 0.000967796 0.00566187 0.000491084 0.00753663 0.0224122 0.00032854 0.723568 0.000122048 0.0343404 2.8176e-06 0.000128626 0.00797198 0.0427608 0.0337163 4.41972e-05 0.0202438 0.0157917 7.69117e-05 0.000826453 0.00518738 0.0537874 
1.41708e-10 0.540232 4.45841e-07 2.10201e-07 1.76102e-06 0.0757572 0.0173525 0.000584847 0.00230543 2.6136e-10 2.08926e-10 0.0516019 1.12855e-05 0.00234719 2.77275e-10 0.110014 8.51659e-07 0.00228665 0.0237784 0.0467384 0.00164091 1.17128e-07 0.0611688 0.0423146 0.00228482 2.358e-07 0.00134058 0.0182365 
1.73588e-06 0.0211149 3.19582e-05 0.0196981 0.000212447 0.134819 0.000803579 0.0103134 0.00474453 1.20024e-05 0.00264992 0.00100118 1.50252e-05 0.0139012 5.7613e-06 0.0108598 7.97079e-06 0.000118117 0.00569914 0.0177666 0.00405528 2.39175e-05 0.00380024 0.735106 0.00224304 5.75156e-05 0.00125671 0.00968144 
1.4672e-09 0.0112761 9.37374e-07 8.74442e-05 3.5409e-09 0.138136 4.07209e-05 0.0033281 0.0093915 0.000175698 0.00373164 0.00065524 0.000206518 0.255511 2.23448e-05 0.0925608 8.31916e-08 0.000877423 0.0136208 0.156599 0.0577215 9.05246e-06 0.000383122 0.0131041 0.00434618 3.40959e-09 0.124289 0.113926 
8.68685e-10 0.0235906 1.4648e-09 0.0210788 0.0114315 0.548783 0.0379884 0.00713461 0.0711913 2.89727e-07 4.46889e-05 0.00756672 7.61877e-08 0.000685696 2.29016e-05 0.0922202 9.55285e-07 0.000871632 0.00191521 0.0175197 0.0763074 1.11825e-06 0.0292005 0.0104142 0.00106983 2.40875e-06 0.0303712 0.0105872 
4.23024e-08 0.0736769 3.49961e-05 0.000990126 2.42721e-06 0.0572906 0.00302167 0.00110278 0.00393785 9.03699e-05 0.0815317 4.31272e-05 0.00966805 0.0624747 8.48699e-06 0.00159717 2.59208e-07 0.595785 0.000223097 0.000160687 1.54301e-05 3.98493e-06 0.105901 0.000594589 0.000302815 4.4473e-08 0.000823187 0.000718399 
3.03204e-10 0.48304 6.79081e-07 1.72569e-05 7.31745e-10 0.173154 0.0201128 0.0121452 0.051896 1.45223e-05 0.000127026 0.00413777 1.17597e-07 0.00130257 5.93266e-10 0.0251903 1.10727e-06 0.000464917 0.000585238 0.003158 0.000250423 1.68375e-07 0.219081 0.00162726 0.00230405 7.0461e-10 0.00127462 0.000113903 
3.49376e-09 0.0015386 1.18306e-06 1.01644e-08 0.000440868 0.0318813 5.19847e-07 0.000440021 0.000690707 0.000869483 1.71528e-06 9.50425e-09 5.58055e-07 0.908847 1.74954e-07 1.74003e-06 1.41006e-06 0.048297 0.00081383 0.00146442 0.00319897 9.99289e-07 0.000609502 0.000401249 2.16478e-06 8.11909e-09 0.000128427 0.000367887 
1.1503e-11 0.095105 5.64073e-08 0.000469862 2.36866e-08 0.205097 0.00483329 0.000524012 0.031832 0.00458494 1.68562e-07 8.96337e-05 0.164617 0.00886681 0.000779618 0.0208644 0.00209569 2.50942e-06 0.00382897 0.180337 0.0122357 5.62737e-05 0.00733841 8.18154e-05 0.033755 8.85693e-08 0.000338487 0.222265 
2.55618e-11 0.0382917 0.00694089 0.0210502 6.16903e-11 0.50842 4.83016e-06 3.19941e-06 6.60625e-07 2.9706e-07 3.76868e-11 0.0502262 8.03775e-07 0.00112035 5.00158e-11 0.0293872 1.38892e-07 3.58017e-07 0.0429313 1.96987e-07 0.0163981 4.72595e-11 0.000501469 0.282648 5.87546e-07 5.94027e-11 6.4257e-05 0.00200952 
9.30458e-11 1.52517e-07 1.56896e-10 2.70699e-10 3.54125e-05 0.019591 0.00522175 1.13627e-06 8.29693e-07 4.29195e-07 9.19252e-07 7.16347e-06 0.00182191 0.755955 0.000796361 0.00915043 1.28656e-06 0.0039759 0.00286235 1.56067e-06 0.0755702 9.28955e-06 7.93806e-07 2.54779e-06 0.124993 2.16228e-10 2.73673e-07 1.01912e-06 
7.19357e-10 0.062934 0.00248068 0.000122192 1.05585e-07 0.796649 0.000810634 0.0136424 0.0868649 1.62635e-05 0.0051778 0.000127603 0.00202486 0.000433996 5.33276e-07 0.00433451 1.11682e-06 0.0103296 0.000123419 1.87531e-07 3.14635e-05 6.33273e-06 0.00154307 0.00055178 0.00235668 5.32234e-08 0.00923518 0.000201743 
1.26551e-09 0.233496 2.13394e-09 0.000169568 3.05416e-09 0.322307 0.000243834 0.122147 0.00057815 2.33405e-09 1.86579e-09 3.44263e-09 2.91309e-05 0.0370497 3.84756e-05 0.0512242 2.9644e-08 2.31995e-06 6.05395e-06 0.00506724 1.18211e-06 2.33972e-09 0.205752 0.00156249 0.0118578 0.00338188 0.000287786 0.00479707 
4.23024e-08 0.0736769 3.49961e-05 0.000990126 2.42721e-06 0.0572906 0.00302167 0.00110278 0.00393785 9.03699e-05 0.0815317 4.31272e-05 0.00966805 0.0624747 8.48699e-06 0.00159717 2.59208e-07 0.595785 0.000223097 0.000160687 1.54301e-05 3.98493e-06 0.105901 0.000594589 0.000302815 4.4473e-08 0.000823187 0.000718399 
2.0127e-08 0.00803399 0.000343256 8.06143e-06 2.39766e-07 0.00809576 0.0272102 0.00033622 2.15652e-07 9.13223e-08 0.000101418 3.68685e-08 6.11884e-06 0.0137467 2.17612e-06 0.0516719 1.70997e-07 2.26686e-08 0.000115953 0.00874006 0.00263594 2.38835e-07 0.284357 6.68608e-05 0.594055 5.07328e-08 0.000238747 0.000234509 
1.25666e-09 0.0224035 0.000753253 1.28147e-05 0.000282439 0.062245 0.000427254 0.00407238 0.00384451 0.000129221 0.159151 0.000117587 0.000149011 0.251091 2.54558e-05 0.0739131 0.000249662 4.41195e-06 0.22601 0.0663617 0.000907621 2.32334e-09 0.00342422 0.000347012 0.0154718 0.000887008 0.00188526 0.105833 
4.69215e-11 1.5591e-06 4.58382e-08 1.36509e-10 0.781326 0.00298237 0.000567536 0.00452722 6.39096e-05 6.77173e-05 0.000206025 7.61702e-07 5.13704e-05 0.204938 1.82877e-05 2.3266e-05 1.36875e-07 0.000253939 4.34135e-07 0.00209709 0.00151641 1.09283e-07 0.000626251 0.000133846 0.000298975 1.0904e-10 4.0996e-05 0.000257803 
2.55618e-11 0.0382917 0.00694089 0.0210502 6.16903e-11 0.50842 4.83016e-06 3.19941e-06 6.60625e-07 2.9706e-07 3.76868e-11 0.0502262 8.03775e-07 0.00112035 5.00158e-11 0.0293872 1.38892e-07 3.58017e-07 0.0429313 1.96987e-07 0.0163981 4.72595e-11 0.000501469 0.282648 5.87546e-07 5.94027e-11 6.4257e-05 0.00200952 
1.59707e-09 0.150815 8.43196e-05 4.64636e-09 3.33663e-06 0.0565779 0.0343612 0.000437727 0.00142305 2.99915e-06 2.35462e-09 0.00476779 0.000165138 0.188027 3.12492e-09 0.24672 1.66284e-07 0.000443056 0.00683829 0.00695405 0.00402453 3.1036e-05 0.000502999 0.0471594 0.00624174 2.94547e-06 0.000418736 0.243998 
2.6858e-08 0.0380722 4.52887e-08 9.0024e-05 6.48184e-08 0.138314 0.00283251 2.44166e-05 0.452819 0.00354355 5.25617e-06 7.3063e-08 3.01432e-07 1.03887e-05 5.25519e-08 0.118497 6.63041e-08 8.23554e-06 0.0250239 0.00148268 3.12684e-07 4.96558e-08 5.01074e-07 1.6695e-06 0.218742 6.24148e-08 2.01169e-06 0.000529412 
1.02847e-11 0.00306094 0.00234604 0.000487509 7.91802e-08 0.8707 0.00131529 0.00356719 0.00175852 5.16963e-05 0.00264743 0.00690062 7.72855e-06 0.000633 2.01236e-11 0.0239441 6.09734e-08 0.053959 0.000164428 0.000331076 8.8472e-09 1.4529e-08 0.00220442 0.00939885 0.00135189 9.60356e-05 0.0149095 0.000164087 
4.41502e-10 0.0386223 7.44474e-10 5.12675e-06 8.79447e-06 0.00231969 0.00799911 5.45971e-06 0.00170273 8.14286e-10 6.50925e-10 1.30826e-06 0.000570778 0.10664 8.6387e-10 0.0802218 1.08993e-09 8.35515e-10 0.0196318 0.0694467 0.00245388 9.38484e-07 0.100645 0.00792166 0.102102 0.00439981 8.06299e-07 0.4553 
4.69215e-11 1.5591e-06 4.58382e-08 1.36509e-10 0.781326 0.00298237 0.000567536 0.00452722 6.39096e-05 6.77173e-05 0.000206025 7.61702e-07 5.13704e-05 0.204938 1.82877e-05 2.3266e-05 1.36875e-07 0.000253939 4.34135e-07 0.00209709 0.00151641 1.09283e-07 0.000626251 0.000133846 0.000298975 1.0904e-10 4.0996e-05 0.000257803 
9.30458e-11 1.52517e-07 1.56896e-10 2.70699e-10 3.54125e-05 0.019591 0.00522175 1.13627e-06 8.29693e-07 4.29195e-07 9.19252e-07 7.16347e-06 0.00182191 0.755955 0.000796361 0.00915043 1.28656e-06 0.0039759 0.00286235 1.56067e-06 0.0755702 9.28955e-06 7.93806e-07 2.54779e-06 0.124993 2.16228e-10 2.73673e-07 1.01912e-06 
9.42983e-09 0.0095108 2.26122e-06 1.15854e-06 0.0692641 0.0483006 9.15647e-07 0.0103922 0.0112644 1.73919e-08 1.74681e-06 0.000454788 5.32486e-07 0.741902 6.70637e-07 0.00317328 6.23753e-05 0.000651099 0.0419442 9.07062e-06 0.0527504 1.74342e-08 1.49957e-06 0.00160248 1.75985e-06 1.08523e-05 5.1853e-07 0.00869644 
4.69215e-11 1.5591e-06 4.58382e-08 1.36509e-10 0.781326 0.00298237 0.000567536 0.00452722 6.39096e-05 6.77173e-05 0.000206025 7.61702e-07 5.13704e-05 0.204938 1.82877e-05 2.3266e-05 1.36875e-07 0.000253939 4.34135e-07 0.00209709 0.00151641 1.09283e-07 0.000626251 0.000133846 0.000298975 1.0904e-10 4.0996e-05 0.000257803 
2.55618e-11 0.0382917 0.00694089 0.0210502 6.16903e-11 0.50842 4.83016e-06 3.19941e-06 6.60625e-07 2.9706e-07 3.76868e-11 0.0502262 8.03775e-07 0.00112035 5.00158e-11 0.0293872 1.38892e-07 3.58017e-07 0.0429313 1.96987e-07 0.0163981 4.72595e-11 0.000501469 0.282648 5.87546e-07 5.94027e-11 6.4257e-05 0.00200952 
8.96923e-09 0.239516 7.72524e-07 1.56488e-05 1.26925e-06 0.114807 0.00197702 0.0706166 0.185548 1.39339e-05 1.76423e-05 2.66453e-05 0.00249352 0.0246661 4.08486e-06 0.250084 0.000158464 0.000271271 0.0368356 0.0128237 0.0080727 7.28588e-06 0.0234899 0.0198652 0.00271571 0.00043391 0.00516447 0.000374697 
1.08559e-10 0.0845562 8.33398e-08 0.022347 1.00796e-07 0.0993368 0.000649378 0.00110861 0.00103971 1.88213e-05 0.0185305 7.26632e-05 0.0464889 0.042731 0.000210973 0.262872 0.295544 0.000809672 0.00700068 1.57379e-07 0.00369298 6.66384e-08 0.107219 0.00533215 0.000163134 2.52278e-10 0.000274805 2.18132e-07 
1.07127e-11 0.000334499 0.00159809 8.40588e-06 2.58539e-11 0.0472208 3.60726e-08 6.80028e-06 7.858e-05 0.782529 0.00148024 2.91424e-11 4.45848e-08 0.0245225 5.32905e-06 2.77785e-07 3.72225e-06 1.1515e-06 0.0084013 0.00231034 0.000600893 1.9806e-11 2.86409e-08 3.50183e-06 0.00124132 1.94511e-05 5.7086e-08 0.129634 
3.39261e-12 0.0113668 6.2185e-07 2.86334e-08 8.26954e-10 0.534634 0.0175665 0.00899487 0.00102942 0.029333 0.000810435 0.00475992 1.02184e-08 0.00754374 6.64481e-09 3.10939e-07 1.74215e-07 0.15441 0.000343507 9.67481e-08 0.000767888 4.51673e-08 8.71502e-08 0.01103 0.109651 7.88404e-12 0.00846196 0.0992958 
3.63373e-08 9.24183e-07 5.01221e-07 2.19327e-05 0.0168889 0.208104 0.010905 2.47661e-06 0.421047 6.72207e-07 0.0228654 0.001112 2.81185e-07 0.274166 7.10997e-08 0.0225562 8.97056e-08 6.8766e-08 0.00261494 0.010466 7.54037e-05 3.82968e-06 5.04441e-06 0.000418558 0.0056987 1.93914e-06 0.000456945 0.00258694 
2.08877e-05 0.0625672 3.25584e-05 2.28562e-05 0.000120169 0.0540514 0.133865 0.0478164 8.62993e-05 0.029645 0.000156563 0.00735699 0.000343438 0.158824 3.08779e-05 0.0209638 2.83721e-05 8.0677e-05 0.0179036 0.020704 0.00152666 0.000316553 0.0609854 0.0207172 0.182578 0.152256 0.00614087 0.0208595 
9.83186e-10 0.101348 0.00300144 0.00064923 2.00877e-06 0.769757 0.000342006 0.0284733 0.0277747 1.59335e-05 0.00026652 0.000330123 0.00751761 0.0250704 3.06482e-07 0.00467231 0.000274164 0.018224 0.00160616 0.00132105 0.000152969 0.000128321 0.00123845 0.000419923 0.00481337 2.06722e-05 0.00218759 0.000392427 
4.69215e-11 1.5591e-06 4.58382e-08 1.36509e-10 0.781326 0.00298237 0.000567536 0.00452722 6.39096e-05 6.77173e-05 0.000206025 7.61702e-07 5.13704e-05 0.204938 1.82877e-05 2.3266e-05 1.36875e-07 0.000253939 4.34135e-07 0.00209709 0.00151641 1.09283e-07 0.000626251 0.000133846 0.000298975 1.0904e-10 4.0996e-05 0.000257803 
4.69215e-11 1.5591e-06 4.58382e-08 1.36509e-10 0.781326 0.00298237 0.000567536 0.00452722 6.39096e-05 6.77173e-05 0.000206025 7.61702e-07 5.13704e-05 0.204938 1.82877e-05 2.3266e-05 1.36875e-07 0.000253939 4.34135e-07 0.00209709 0.00151641 1.09283e-07 0.000626251 0.000133846 0.000298975 1.0904e-10 4.0996e-05 0.000257803 
5.75865e-09 0.00950291 1.44231e-06 8.61329e-07 0.0692268 0.0377396 6.04744e-07 0.0103779 0.0205006 1.0621e-08 1.1534e-06 0.000449252 3.51598e-07 0.701216 0.000128393 0.00317053 6.09484e-05 0.00575822 0.0419265 6.47802e-06 0.0896314 1.06468e-08 9.90598e-07 0.0016001 1.16252e-06 6.92355e-06 3.42456e-07 0.00869085 
1.69451e-09 0.00321354 0.000452718 0.0137159 2.43083e-05 0.795157 0.00724829 0.00255235 0.00889711 1.80216e-07 7.59661e-07 0.0517211 0.000123939 0.0675827 3.31558e-09 0.0423106 5.03457e-06 3.20675e-09 0.00121659 0.000206778 0.000382212 1.75492e-05 0.000387931 0.00107591 2.17892e-06 4.68798e-07 0.00128229 0.00242304 
1.10862e-06 0.00123841 1.86939e-06 1.08279e-05 0.00170825 0.00043555 0.00119469 0.797962 0.0739548 2.04469e-06 1.63449e-06 5.51053e-05 1.4234e-05 0.0221295 1.86543e-05 0.0234498 2.73685e-06 0.000174221 0.0514293 2.52877e-06 5.41963e-05 0.00102388 0.021421 0.00100067 0.000937879 2.57631e-06 0.000339003 0.00143349 
4.69215e-11 1.5591e-06 4.58382e-08 1.36509e-10 0.781326 0.00298237 0.000567536 0.00452722 6.39096e-05 6.77173e-05 0.000206025 7.61702e-07 5.13704e-05 0.204938 1.82877e-05 2.3266e-05 1.36875e-07 0.000253939 4.34135e-07 0.00209709 0.00151641 1.09283e-07 0.000626251 0.000133846 0.000298975 1.0904e-10 4.0996e-05 0.000257803 
4.69809e-11 0.0152431 0.00231445 0.0139514 1.13383e-10 0.76593 4.18495e-06 2.77205e-06 0.00686829 0.000301226 6.92658e-11 0.0446258 6.96416e-07 0.00695167 9.19257e-11 0.0245135 1.204e-07 3.10239e-07 0.0143116 0.00378069 0.0054667 8.68597e-11 0.000168488 0.0942196 5.0907e-07 1.78864e-07 0.0006744 0.000670226 
3.67063e-12 0.060051 1.92895e-08 7.226e-05 9.23803e-08 0.0144044 0.0379087 0.00529987 0.00626045 0.121683 0.0138051 0.00141845 8.89193e-05 0.032831 4.97952e-06 0.00651949 0.000157476 8.21225e-06 0.0115184 0.0711738 0.0414579 4.66421e-08 0.0161741 0.0125291 0.0257663 8.76298e-06 0.00616739 0.514691 
4.23024e-08 0.0736769 3.49961e-05 0.000990126 2.42721e-06 0.0572906 0.00302167 0.00110278 0.00393785 9.03699e-05 0.0815317 4.31272e-05 0.00966805 0.0624747 8.48699e-06 0.00159717 2.59208e-07 0.595785 0.000223097 0.000160687 1.54301e-05 3.98493e-06 0.105901 0.000594589 0.000302815 4.4473e-08 0.000823187 0.000718399 
4.56527e-11 0.0045885 7.80156e-07 1.32818e-10 0.754279 0.00297932 0.000568108 0.0172957 7.45537e-05 7.27682e-05 0.000210495 0.000243434 5.2244e-05 0.20348 2.35967e-05 3.3324e-05 8.75028e-06 0.000278454 0.000513284 0.00286068 0.0105772 3.93499e-06 0.000822365 0.000340739 0.000344639 1.06092e-10 4.51709e-05 0.000302686 
2.55618e-11 0.0382917 0.00694089 0.0210502 6.16903e-11 0.50842 4.83016e-06 3.19941e-06 6.60625e-07 2.9706e-07 3.76868e-11 0.0502262 8.03775e-07 0.00112035 5.00158e-11 0.0293872 1.38892e-07 3.58017e-07 0.0429313 1.96987e-07 0.0163981 4.72595e-11 0.000501469 0.282648 5.87546e-07 5.94027e-11 6.4257e-05 0.00200952 
4.69215e-11 1.5591e-06 4.58382e-08 1.36509e-10 0.781326 0.00298237 0.000567536 0.00452722 6.39096e-05 6.77173e-05 0.000206025 7.61702e-07 5.13704e-05 0.204938 1.82877e-05 2.3266e-05 1.36875e-07 0.000253939 4.34135e-07 0.00209709 0.00151641 1.09283e-07 0.000626251 0.000133846 0.000298975 1.0904e-10 4.0996e-05 0.000257803 
2.4236e-10 0.0365147 4.08674e-10 1.64424e-06 1.27739e-06 0.0149338 0.0536027 0.392794 0.00312243 4.46996e-10 1.1529e-08 1.48217e-06 9.54165e-08 0.00562103 2.67349e-07 0.039648 5.98311e-10 4.05349e-07 0.0337252 9.54011e-05 4.1067e-07 4.48082e-10 0.0198045 0.369897 0.0302221 1.02164e-06 1.18154e-05 4.19688e-07 
2.44192e-10 0.00928761 2.77013e-07 7.10431e-10 0.000767569 1.54166e-06 0.00129996 0.902384 0.0029595 4.50377e-10 0.000487524 3.77742e-06 0.000291608 0.0179675 4.77801e-10 1.01393e-06 6.02836e-10 4.62118e-10 0.0103537 0.0124302 0.0272205 5.80684e-07 3.51008e-07 6.62642e-06 2.13238e-06 7.12778e-08 5.26943e-09 0.0145344 
3.85574e-08 3.15181e-05 0.000506293 0.000127694 1.0131e-07 0.246178 1.30735e-06 7.54132e-06 1.19493e-05 6.97396e-06 4.01793e-05 0.000649964 1.12294e-05 0.00128414 7.54438e-08 0.0177953 9.51865e-08 0.692065 3.02353e-07 0.000530213 4.06568e-06 5.26667e-07 0.0119991 0.00304915 0.00334031 0.000167811 0.0201319 0.00205948 
4.69215e-11 1.5591e-06 4.58382e-08 1.36509e-10 0.781326 0.00298237 0.000567536 0.00452722 6.39096e-05 6.77173e-05 0.000206025 7.61702e-07 5.13704e-05 0.204938 1.82877e-05 2.3266e-05 1.36875e-07 0.000253939 4.34135e-07 0.00209709 0.00151641 1.09283e-07 0.000626251 0.000133846 0.000298975 1.0904e-10 4.0996e-05 0.000257803 
2.33792e-08 0.0017645 0.000112407 0.000273795 3.27258e-06 0.254131 0.000995988 1.39163e-05 0.0025915 2.9134e-05 0.0469383 3.09454e-05 1.95217e-07 0.0152168 2.0358e-06 0.00544495 7.51709e-07 0.281478 0.00868794 0.111086 0.00633402 6.33252e-05 0.00162209 0.0468082 0.00420374 9.56609e-06 0.199462 0.012696 
3.40608e-12 0.0348851 2.29279e-06 0.00303498 3.10723e-06 0.800821 1.40301e-06 0.0297686 0.014002 0.000694026 1.55678e-07 3.02072e-07 1.56894e-08 0.034575 3.53286e-08 0.0281474 0.000315345 9.07486e-05 5.22797e-07 5.79414e-07 7.35658e-07 2.01776e-05 0.00352994 0.00123838 4.45458e-07 1.55148e-07 0.0430047 0.00586339 
6.46465e-11 9.54589e-05 0.00122995 1.75328e-07 3.08563e-09 0.16557 0.000676737 2.95393e-06 6.63809e-05 1.19231e-10 0.00437373 0.000381539 2.01293e-06 1.28941e-05 7.9958e-10 0.000239364 1.05922e-06 1.22339e-10 2.0839e-07 0.00182435 2.51644e-07 4.44361e-06 9.43846e-05 5.50171e-06 0.00177161 1.62146e-05 0.82363 8.03637e-07 
3.37189e-10 0.1331 5.68578e-10 9.80988e-10 8.13764e-10 0.0350633 5.98459e-05 0.176657 0.000113666 6.21896e-10 0.000410128 3.52147e-06 3.15004e-05 0.0132574 6.59765e-10 0.00295759 8.32417e-10 0.0266622 0.00634648 0.00614631 0.00770287 6.23406e-10 0.58785 2.04843e-08 5.32002e-07 8.60169e-05 0.000785407 0.00276639 
2.55618e-11 0.0382917 0.00694089 0.0210502 6.16903e-11 0.50842 4.83016e-06 3.19941e-06 6.60625e-07 2.9706e-07 3.76868e-11 0.0502262 8.03775e-07 0.00112035 5.00158e-11 0.0293872 1.38892e-07 3.58017e-07 0.0429313 1.96987e-07 0.0163981 4.72595e-11 0.000501469 0.282648 5.87546e-07 5.94027e-11 6.4257e-05 0.00200952 
9.9761e-08 0.0965466 1.23645e-05 0.000579366 0.00255481 0.044027 0.00056198 0.00234326 0.0142227 5.28198e-07 0.00934525 8.11736e-05 3.49891e-05 0.00359848 6.07816e-06 0.00981081 1.00318e-06 8.47172e-05 0.136491 0.00802818 0.568669 1.84441e-07 0.000445031 0.0432152 3.53886e-06 0.0090287 0.00183696 0.0484712 
2.55618e-11 0.0382917 0.00694089 0.0210502 6.16903e-11 0.50842 4.83016e-06 3.19941e-06 6.60625e-07 2.9706e-07 3.76868e-11 0.0502262 8.03775e-07 0.00112035 5.00158e-11 0.0293872 1.38892e-07 3.58017e-07 0.0429313 1.96987e-07 0.0163981 4.72595e-11 0.000501469 0.282648 5.87546e-07 5.94027e-11 6.4257e-05 0.00200952 
1.89896e-09 0.597777 3.20207e-09 3.046e-05 8.89613e-06 0.0748651 0.0184302 0.00123825 0.0061468 1.30807e-05 4.73402e-07 0.0142576 2.50815e-07 0.000219222 3.71561e-09 0.0895446 3.11872e-07 7.32658e-07 0.00702751 0.0506301 0.0208401 3.51085e-09 0.0198798 0.00216402 0.00188062 9.59093e-06 5.56507e-05 0.0949793 
4.99092e-08 0.00930922 0.011679 1.36661e-07 0.00681946 0.0252609 0.0603536 0.00254051 1.38874e-07 0.00533282 0.00376933 2.33056e-07 0.000222521 0.286551 9.1376e-05 0.0106117 0.00102823 0.000148945 0.0163038 0.273578 0.0479586 9.88311e-06 0.00127873 0.0118395 0.0210122 0.000887546 0.000890228 0.202522 
4.69215e-11 1.5591e-06 4.58382e-08 1.36509e-10 0.781326 0.00298237 0.000567536 0.00452722 6.39096e-05 6.77173e-05 0.000206025 7.61702e-07 5.13704e-05 0.204938 1.82877e-05 2.3266e-05 1.36875e-07 0.000253939 4.34135e-07 0.00209709 0.00151641 1.09283e-07 0.000626251 0.000133846 0.000298975 1.0904e-10 4.0996e-05 0.000257803 
1.41528e-08 0.00964407 1.68133e-05 7.12982e-05 2.98977e-05 0.0803024 0.00116619 0.0398264 0.00206952 1.07956e-05 1.63054e-07 0.0296852 1.35694e-07 8.32403e-05 1.66508e-07 0.723048 1.95023e-07 4.90277e-07 8.26536e-05 0.0306272 0.000804515 3.74172e-06 0.0144301 0.0323032 0.0288855 2.30217e-07 0.00652473 0.000383165 
6.4778e-09 0.0249122 1.0923e-08 6.12908e-07 5.43639e-06 0.0980953 0.0544418 0.0830407 1.02457e-05 1.19473e-08 9.55048e-09 1.76219e-08 1.07674e-06 0.544743 9.61574e-07 3.35834e-05 1.59917e-08 9.16432e-06 0.0075635 2.29895e-06 0.011375 7.98572e-05 2.79463e-05 0.00552547 0.144166 1.50537e-08 0.000504096 0.0254615 
1.38445e-10 0.11122 4.75487e-06 0.000482374 0.0133625 0.0609327 0.0088521 0.0036399 0.0159579 9.57609e-06 0.000387458 0.0144267 7.83173e-06 0.0265649 6.9566e-07 0.058538 0.00202318 8.98199e-08 0.0409465 0.0221035 0.41752 2.22458e-05 0.000475374 0.188555 0.00465703 0.000818524 1.57099e-07 0.00849114 
7.43812e-08 0.039636 1.25424e-07 2.16398e-07 7.22116e-05 0.0701275 0.0106188 0.000832736 0.00011015 3.39168e-05 0.000323144 0.0238793 2.88691e-06 0.026552 0.000263879 0.000144411 1.83624e-07 1.40762e-07 0.0456869 6.91911e-05 0.000358549 1.37518e-07 0.000254833 0.715489 7.1558e-06 8.61602e-05 1.26057e-05 0.0654381 
4.69215e-11 1.5591e-06 4.58382e-08 1.36509e-10 0.781326 0.00298237 0.000567536 0.00452722 6.39096e-05 6.77173e-05 0.000206025 7.61702e-07 5.13704e-05 0.204938 1.82877e-05 2.3266e-05 1.36875e-07 0.000253939 4.34135e-07 0.00209709 0.00151641 1.09283e-07 0.000626251 0.000133846 0.000298975 1.0904e-10 4.0996e-05 0.000257803 
2.15026e-08 0.0659223 3.62583e-08 0.000601847 0.00375994 0.00455771 0.000233949 0.00201029 0.00424975 9.92823e-06 3.33445e-05 3.03992e-05 2.32301e-06 0.452825 4.20733e-08 0.0441857 2.17979e-05 4.06923e-08 0.0620708 0.109153 0.0688079 3.97546e-08 0.0063015 0.000504605 0.00210804 4.14008e-05 4.11678e-05 0.172526 
2.21453e-05 0.006995 0.000105793 0.000191976 7.11514e-05 0.0485903 0.0141707 0.00141821 0.0022045 3.37609e-05 0.00104408 0.00750406 0.0017296 0.212194 0.00194952 0.0140874 5.49225e-05 0.00355935 0.000148094 0.0790543 0.000543123 0.000861533 0.0214799 0.000242637 0.413694 0.157829 0.000327032 0.00989366 
7.48236e-09 0.013507 1.2617e-08 0.000468373 8.8152e-06 0.263819 0.000368364 0.0409134 0.0131509 4.17451e-06 0.00107105 0.160272 0.000125322 0.440942 1.46404e-08 0.0220659 7.29428e-07 5.61026e-05 0.00264437 0.0106761 0.0185202 2.85353e-06 0.000866796 7.61561e-06 0.00392908 1.73881e-08 0.00205368 0.00452617 
4.41748e-10 0.0196504 0.00467553 3.98536e-06 1.67389e-05 0.198697 1.99828e-08 0.0613224 1.01577e-06 8.1474e-10 6.1879e-06 1.20171e-09 2.54524e-07 0.397766 8.64351e-10 0.0850665 4.47232e-06 8.3598e-10 0.0600894 9.99756e-07 1.85107e-05 8.16717e-10 0.164669 4.52505e-07 0.00800886 1.64354e-06 1.22633e-08 6.95959e-07 
2.56072e-07 0.0208055 4.86744e-05 2.91692e-05 0.000300644 0.032098 0.00141844 0.00803758 0.00028245 0.0026514 4.20026e-05 3.84772e-05 1.2349e-05 0.00322384 5.01046e-07 0.159412 6.92417e-06 4.84599e-07 0.00789665 0.00793838 0.00335777 0.000350836 0.000340756 0.0521954 0.692113 5.95081e-07 0.000164839 0.00723286 
4.69215e-11 1.5591e-06 4.58382e-08 1.36509e-10 0.781326 0.00298237 0.000567536 0.00452722 6.39096e-05 6.77173e-05 0.000206025 7.61702e-07 5.13704e-05 0.204938 1.82877e-05 2.3266e-05 1.36875e-07 0.000253939 4.34135e-07 0.00209709 0.00151641 1.09283e-07 0.000626251 0.000133846 0.000298975 1.0904e-10 4.0996e-05 0.000257803 
3.89023e-06 0.0317556 0.000135471 0.000169241 0.0185954 0.216341 0.0011244 0.00679891 0.0516597 0.0114584 0.00265711 0.00349796 0.00241422 0.392564 2.59413e-05 0.0505365 0.000379651 0.00945878 0.00697393 0.0400237 0.0709842 9.42582e-06 0.0175516 0.010087 0.00714247 7.24438e-05 0.0171215 0.0304569 
2.0127e-08 0.00803399 0.000343256 8.06143e-06 2.39766e-07 0.00809576 0.0272102 0.00033622 2.15652e-07 9.13223e-08 0.000101418 3.68685e-08 6.11884e-06 0.0137467 2.17612e-06 0.0516719 1.70997e-07 2.26686e-08 0.000115953 0.00874006 0.00263594 2.38835e-07 0.284357 6.68608e-05 0.594055 5.07328e-08 0.000238747 0.000234509 
4.69215e-11 1.5591e-06 4.58382e-08 1.36509e-10 0.781326 0.00298237 0.000567536 0.00452722 6.39096e-05 6.77173e-05 0.000206025 7.61702e-07 5.13704e-05 0.204938 1.82877e-05 2.3266e-05 1.36875e-07 0.000253939 4.34135e-07 0.00209709 0.00151641 1.09283e-07 0.000626251 0.000133846 0.000298975 1.0904e-10 4.0996e-05 0.000257803 
3.73979e-11 0.0907337 6.30614e-11 1.08802e-10 6.19579e-08 1.63804e-08 0.243241 0.00078505 0.000451121 2.38141e-08 6.95691e-05 1.01735e-10 3.49076e-08 2.34432e-05 7.3175e-11 0.227246 9.23239e-11 0.000126984 0.200786 0.0155384 0.000999418 8.4454e-10 0.0208584 0.150113 0.0132386 9.13427e-09 1.89953e-06 0.0357868 
2.41244e-07 0.015782 0.000151205 0.00147341 0.00144681 0.0110484 0.000250353 0.000110277 0.000196867 4.23579e-05 0.0202399 0.0384671 2.04271e-05 0.692232 6.47136e-05 0.029366 5.95557e-07 0.000899572 0.00402617 0.0038817 0.0875387 2.76345e-06 0.0447375 0.0107966 0.00732223 9.73178e-05 6.84637e-05 0.0297359 
3.91017e-06 0.0232743 0.000521645 1.51472e-05 0.00258337 0.0245408 0.000296056 0.00398807 0.175974 0.000178184 0.00151257 0.00056474 0.000456184 0.277537 1.23793e-05 1.25228e-05 0.000207776 0.000140249 0.000952798 6.92033e-05 0.0171636 0.0015164 0.0670209 0.000326873 0.000599956 0.364406 0.00888407 0.0272415 
2.17685e-10 0.231984 6.06092e-08 2.34292e-07 5.25356e-10 0.00842208 0.202075 0.000499522 0.000435319 0.000141935 0.000822303 1.44433e-06 0.089155 0.00170645 0.00237743 0.288356 2.24881e-06 1.25329e-06 0.01816 0.0723473 0.0042856 2.56274e-07 0.023673 0.0366353 0.0119007 4.25068e-07 5.12515e-06 0.00701166 
2.60988e-10 2.55069e-07 4.40085e-10 7.59295e-10 9.933e-05 0.00975316 0.00257785 3.18717e-06 0.0453833 4.81354e-10 2.57845e-06 2.00931e-05 7.86087e-07 0.94207 9.70773e-07 1.27055e-06 3.60872e-06 3.0133e-06 1.14533e-05 6.56634e-08 5.29793e-05 4.82523e-10 2.22658e-06 7.14641e-06 2.61248e-06 6.06506e-10 7.67638e-07 2.85858e-06 
1.07127e-11 0.000334499 0.00159809 8.40588e-06 2.58539e-11 0.0472208 3.60726e-08 6.80028e-06 7.858e-05 0.782529 0.00148024 2.91424e-11 4.45848e-08 0.0245225 5.32905e-06 2.77785e-07 3.72225e-06 1.1515e-06 0.0084013 0.00231034 0.000600893 1.9806e-11 2.86409e-08 3.50183e-06 0.00124132 1.94511e-05 5.7086e-08 0.129634 
9.83186e-10 0.101348 0.00300144 0.00064923 2.00877e-06 0.769757 0.000342006 0.0284733 0.0277747 1.59335e-05 0.00026652 0.000330123 0.00751761 0.0250704 3.06482e-07 0.00467231 0.000274164 0.018224 0.00160616 0.00132105 0.000152969 0.000128321 0.00123845 0.000419923 0.00481337 2.06722e-05 0.00218759 0.000392427 
8.9815e-10 0.00688624 1.92423e-06 1.80677e-06 0.0014137 0.228074 0.0362208 0.00107674 0.000915023 1.65651e-09 0.0278201 1.02586e-06 0.000238072 0.302169 1.75737e-09 0.102059 2.21726e-09 0.0197625 0.0267985 0.104712 0.00170381 0.0012469 0.00249714 0.0123127 0.0162561 7.45889e-07 0.0369872 0.0708464 
1.8882e-07 0.0241392 8.74632e-05 0.00504119 0.0042268 0.0301188 0.0404471 0.011205 0.00263547 0.00130663 0.0279578 0.0142433 0.00487801 0.428622 3.69456e-07 0.0326466 1.48379e-05 1.23145e-05 0.0845676 0.0125401 0.229017 0.000648932 0.00387387 0.0245023 0.00313651 5.04865e-06 0.00010789 0.0140178 
1.13767e-09 0.0873214 1.91838e-09 1.02537e-08 0.021135 0.00135787 0.000194435 0.0069839 0.000767106 3.12232e-06 0.000164052 1.52172e-06 0.000531082 0.0304577 2.22604e-09 0.0179237 1.95592e-06 2.15297e-09 0.217888 0.00199982 0.142652 5.16601e-07 1.79466e-07 0.0831095 0.0150948 3.88288e-05 3.11459e-08 0.372373 
4.1985e-10 0.333239 0.000545434 1.3325e-06 9.42141e-07 0.0289047 0.101688 0.0602941 0.0184792 1.99911e-07 6.51728e-08 0.00386365 5.39081e-07 3.42387e-05 6.07415e-06 0.0113476 0.000367838 0.0001191 0.234909 1.32132e-07 0.0550077 0.000198704 0.0130609 0.108736 0.00761922 9.75682e-10 0.000158959 0.0214161 
4.69215e-11 1.5591e-06 4.58382e-08 1.36509e-10 0.781326 0.00298237 0.000567536 0.00452722 6.39096e-05 6.77173e-05 0.000206025 7.61702e-07 5.13704e-05 0.204938 1.82877e-05 2.3266e-05 1.36875e-07 0.000253939 4.34135e-07 0.00209709 0.00151641 1.09283e-07 0.000626251 0.000133846 0.000298975 1.0904e-10 4.0996e-05 0.000257803 
1.63587e-07 0.0174699 0.00529543 1.40754e-05 0.0153756 0.0914544 0.000237394 0.331463 0.00146497 0.00269912 0.000147811 0.000270362 0.000178198 0.0149833 8.0891e-06 0.0824396 0.000546615 0.00155469 0.253978 0.0121843 0.0219326 4.72388e-05 0.0291156 0.0515515 0.0130583 0.0398674 0.00705251 0.00560988 
8.549e-11 0.00990709 1.44156e-10 3.25725e-07 0.000107849 0.0506644 8.68735e-06 0.017518 0.00269332 6.54536e-08 1.26041e-10 5.39624e-05 2.00102e-07 0.718193 7.221e-08 0.0644397 5.96426e-08 2.06516e-07 0.0153646 0.00678171 0.0814034 8.5578e-07 5.53537e-06 0.00488248 0.0203995 8.91845e-05 0.00137148 0.00611398 
3.11548e-11 0.0944792 5.25341e-11 9.0639e-11 6.19299e-08 1.90104e-08 0.289567 0.0011774 0.000676562 2.65419e-08 5.30735e-05 8.47519e-11 3.85012e-08 3.51039e-05 6.09594e-11 0.219483 7.69116e-11 0.000190373 0.117815 0.0233073 0.00022739 9.57568e-10 0.0312872 0.163042 0.0121207 9.88889e-09 2.84273e-06 0.0465364 
1.38914e-08 0.00850388 2.34241e-08 0.00302822 0.00123131 0.0706501 0.000492113 0.0014037 0.0150582 3.49632e-06 0.0313689 1.549e-05 2.99384e-07 0.0212415 7.31779e-06 0.00213627 3.42936e-08 0.000523528 0.00421298 0.0200718 0.809366 1.01512e-05 4.68374e-05 0.00387219 0.000242256 1.69484e-06 0.00133233 0.00517898 
5.18513e-11 0.435731 8.74331e-11 0.000954301 0.000308516 0.112687 0.00150591 0.107887 0.00276099 7.31778e-08 7.64464e-11 0.000655562 2.01345e-07 0.000532193 1.36075e-05 0.0425385 2.05361e-06 6.94716e-05 0.123104 0.0405844 0.0296479 7.82148e-05 0.0497498 0.00992324 0.00737746 1.20496e-10 9.84745e-05 0.03379 
1.06656e-10 0.194982 1.79846e-10 3.10295e-10 2.57401e-10 0.00735607 0.00170287 1.10295e-05 6.34223e-08 1.96711e-10 2.15846e-07 2.90141e-10 1.48314e-07 0.0216571 1.19311e-07 0.026592 7.53979e-08 0.000277906 0.0267194 0.353991 0.0347027 1.97189e-10 0.0222917 0.147132 0.0408837 2.47856e-10 4.35001e-08 0.1217 
3.39261e-12 0.0113668 6.2185e-07 2.86334e-08 8.26954e-10 0.534634 0.0175665 0.00899487 0.00102942 0.029333 0.000810435 0.00475992 1.02184e-08 0.00754374 6.64481e-09 3.10939e-07 1.74215e-07 0.15441 0.000343507 9.67481e-08 0.000767888 4.51673e-08 8.71502e-08 0.01103 0.109651 7.88404e-12 0.00846196 0.0992958 
2.05789e-06 0.134907 1.41838e-05 0.000143384 1.3752e-05 0.0191763 0.00353597 0.0126668 0.020569 2.90125e-05 0.00685471 4.0982e-05 0.000653109 0.00123257 2.20368e-05 0.463718 0.156604 0.000347476 0.0074353 0.042847 0.0281596 0.00294753 0.0489137 0.0215034 0.00277096 0.000214369 0.000670488 0.024007 
2.89923e-09 0.00394025 4.88876e-09 8.43476e-09 2.14678e-06 0.00470332 1.77706e-06 1.04371e-05 0.206099 2.42108e-06 3.60898e-06 7.88691e-09 1.90596e-05 0.0266395 7.09115e-07 0.140234 7.15731e-09 9.88991e-05 0.00333627 0.114165 0.481304 0.000892061 0.00105506 0.000234863 0.00377582 1.46474e-07 3.96092e-06 0.0134783 
1.94279e-09 0.00489936 0.000103808 3.50625e-06 0.0070713 0.00780299 0.000505624 0.000105123 0.00529357 5.2645e-06 4.45389e-07 2.62231e-06 4.29891e-05 0.0095112 1.24397e-06 0.00567813 4.79616e-09 1.53426e-07 0.00291365 0.0536872 0.635743 2.84288e-05 0.0060714 0.175154 0.0703625 4.51482e-09 0.014828 0.000185049 
2.55618e-11 0.0382917 0.00694089 0.0210502 6.16903e-11 0.50842 4.83016e-06 3.19941e-06 6.60625e-07 2.9706e-07 3.76868e-11 0.0502262 8.03775e-07 0.00112035 5.00158e-11 0.0293872 1.38892e-07 3.58017e-07 0.0429313 1.96987e-07 0.0163981 4.72595e-11 0.000501469 0.282648 5.87546e-07 5.94027e-11 6.4257e-05 0.00200952 
4.69215e-11 1.5591e-06 4.58382e-08 1.36509e-10 0.781326 0.00298237 0.000567536 0.00452722 6.39096e-05 6.77173e-05 0.000206025 7.61702e-07 5.13704e-05 0.204938 1.82877e-05 2.3266e-05 1.36875e-07 0.000253939 4.34135e-07 0.00209709 0.00151641 1.09283e-07 0.000626251 0.000133846 0.000298975 1.0904e-10 4.0996e-05 0.000257803 
1.30737e-12 0.71912 3.70013e-05 1.10307e-07 2.74532e-08 0.0560858 0.00586204 0.0228517 0.0402138 0.00016441 0.00153018 6.79328e-08 6.78063e-06 0.00155618 1.5272e-07 0.0847715 0.0027858 0.00197039 0.00139731 0.0153538 0.0103468 5.2286e-05 0.0111494 0.020254 1.92416e-07 3.03818e-12 1.24337e-08 0.00449034 
3.44717e-12 0.0390175 1.33698e-07 2.67781e-07 8.31931e-12 0.0370476 6.51376e-07 0.122751 2.73768e-08 0.000116215 5.08229e-12 0.00176214 0.00190784 0.00062054 3.50804e-08 0.0748242 4.68449e-05 4.82807e-08 0.0481923 0.000446315 7.44549e-08 7.79452e-07 0.00787325 0.536434 0.0147456 1.07586e-06 0.00219874 0.112013 
7.07704e-07 0.139545 7.89454e-07 0.0001019 3.10131e-05 0.165941 0.00659272 0.00164796 0.00873966 0.000530804 0.000132187 0.000174282 0.00250078 0.032348 4.23474e-06 0.141632 8.87693e-06 0.00432839 0.0119808 0.110112 0.0191029 3.41002e-05 0.0252649 0.0264924 0.248919 0.000185301 0.000716146 0.0529319 
3.53921e-11 1.15002e-06 4.8943e-07 1.02967e-10 0.38244 0.0496737 9.67091e-08 1.8054e-06 0.00301779 6.52755e-11 1.72246e-07 3.86079e-08 0.000228988 0.43033 0.000110994 0.0182037 8.73723e-11 6.69773e-11 8.05458e-07 6.02537e-07 0.0659684 6.5434e-11 0.0396385 1.22158e-07 0.00401552 9.78823e-07 3.98941e-08 0.00636652 
4.69215e-11 1.5591e-06 4.58382e-08 1.36509e-10 0.781326 0.00298237 0.000567536 0.00452722 6.39096e-05 6.77173e-05 0.000206025 7.61702e-07 5.13704e-05 0.204938 1.82877e-05 2.3266e-05 1.36875e-07 0.000253939 4.34135e-07 0.00209709 0.00151641 1.09283e-07 0.000626251 0.000133846 0.000298975 1.0904e-10 4.0996e-05 0.000257803 
4.23024e-08 0.0736769 3.49961e-05 0.000990126 2.42721e-06 0.0572906 0.00302167 0.00110278 0.00393785 9.03699e-05 0.0815317 4.31272e-05 0.00966805 0.0624747 8.48699e-06 0.00159717 2.59208e-07 0.595785 0.000223097 0.000160687 1.54301e-05 3.98493e-06 0.105901 0.000594589 0.000302815 4.4473e-08 0.000823187 0.000718399 
1.13767e-09 0.0873214 1.91838e-09 1.02537e-08 0.021135 0.00135787 0.000194435 0.0069839 0.000767106 3.12232e-06 0.000164052 1.52172e-06 0.000531082 0.0304577 2.22604e-09 0.0179237 1.95592e-06 2.15297e-09 0.217888 0.00199982 0.142652 5.16601e-07 1.79466e-07 0.0831095 0.0150948 3.88288e-05 3.11459e-08 0.372373 
1.13767e-09 0.0873214 1.91838e-09 1.02537e-08 0.021135 0.00135787 0.000194435 0.0069839 0.000767106 3.12232e-06 0.000164052 1.52172e-06 0.000531082 0.0304577 2.22604e-09 0.0179237 1.95592e-06 2.15297e-09 0.217888 0.00199982 0.142652 5.16601e-07 1.79466e-07 0.0831095 0.0150948 3.88288e-05 3.11459e-08 0.372373 
6.01517e-09 0.0278062 0.00229066 0.00279985 5.28011e-06 0.741881 0.00387019 0.00805373 0.159868 5.92685e-08 9.31981e-07 0.000159482 2.86533e-06 0.000327913 8.66112e-09 0.00894742 4.82869e-08 3.59794e-05 0.00765065 2.9448e-07 0.00631654 7.4112e-07 0.00320182 0.00171325 0.000832019 5.47471e-06 0.023844 0.000386408 
1.08559e-10 0.0845562 8.33398e-08 0.022347 1.00796e-07 0.0993368 0.000649378 0.00110861 0.00103971 1.88213e-05 0.0185305 7.26632e-05 0.0464889 0.042731 0.000210973 0.262872 0.295544 0.000809672 0.00700068 1.57379e-07 0.00369298 6.66384e-08 0.107219 0.00533215 0.000163134 2.52278e-10 0.000274805 2.18132e-07 
2.18549e-07 0.000181498 6.5364e-06 2.24739e-06 5.27441e-07 0.0672833 0.000299702 0.00103725 0.000851139 6.4308e-06 0.00775705 2.28965e-05 3.89927e-06 0.795005 2.05341e-06 0.0431493 3.13776e-06 6.39184e-06 0.00909771 0.00981049 6.26029e-05 9.51879e-06 8.36514e-06 0.0591235 0.000189933 7.07334e-05 0.00573216 0.000276601 
1.23619e-11 0.00213833 2.08451e-11 0.0028329 0.0343653 0.011871 0.061044 0.0552583 0.00109812 4.79024e-08 1.82257e-11 3.36288e-11 0.000230047 0.050361 3.38875e-08 0.179718 3.05178e-11 2.33942e-11 2.06865e-07 0.0756685 5.66048e-08 2.28551e-11 0.428396 0.00506561 0.0911347 0.000816749 9.04157e-07 1.94122e-07 
1.93442e-08 0.0070395 2.37792e-05 2.96313e-07 0.00291216 0.329404 0.0242182 4.48769e-06 0.000278184 1.29122e-05 0.0155335 3.08088e-05 0.000127056 0.328567 3.785e-08 0.03563 2.39008e-06 3.66076e-08 0.0322895 0.0488359 0.0219226 3.57641e-08 6.19745e-06 0.0012989 1.08323e-05 0.00346575 1.07116e-06 0.148385 
4.78488e-11 0.0427231 6.63078e-08 0.0013426 1.1708e-05 0.890647 4.27151e-05 0.00167243 0.00698454 5.92224e-05 0.0027824 0.00433609 3.07763e-05 0.0022854 9.36239e-11 0.0255178 1.18124e-10 1.49475e-07 0.00924153 0.00182845 0.00623557 8.84644e-11 0.000112322 0.000415111 9.62659e-08 9.50215e-08 0.00310286 0.000627901 
7.1281e-08 0.0164078 0.00478904 4.84545e-05 0.241156 0.104299 0.00458068 0.0134746 0.000363086 0.00652992 0.0837524 0.000141179 0.000122428 0.183033 3.55133e-05 0.00147383 0.127188 4.61951e-06 0.00378219 0.012614 0.00952942 8.10542e-08 0.00708657 0.0017065 0.159223 8.669e-07 6.91216e-05 0.0185893 
2.06938e-11 3.66708e-05 4.50174e-07 1.746e-06 4.99419e-11 0.0166919 2.61366e-06 4.29578e-06 0.0316634 8.12988e-07 0.000808652 1.07528e-06 0.139633 0.322817 0.00290321 0.118984 0.00253899 0.00871774 0.011724 0.00894508 0.058606 0.00539549 0.190204 0.00569872 3.04566e-06 5.7756e-08 1.96807e-07 0.0746176 
4.69215e-11 1.5591e-06 4.58382e-08 1.36509e-10 0.781326 0.00298237 0.000567536 0.00452722 6.39096e-05 6.77173e-05 0.000206025 7.61702e-07 5.13704e-05 0.204938 1.82877e-05 2.3266e-05 1.36875e-07 0.000253939 4.34135e-07 0.00209709 0.00151641 1.09283e-07 0.000626251 0.000133846 0.000298975 1.0904e-10 4.0996e-05 0.000257803 
