0.00179379 0.446021 0.000463744 0.000455409 2.00066e-10 0.0205361 0.0427618 0.000410861 0.0218466 5.76275e-05 5.85543e-05 6.14257e-06 0.0134305 0.0024564 6.0097e-07 0.144657 0.00385543 0.105977 0.00676901 0.017336 0.00740264 2.46233e-08 0.147427 0.00805997 0.000440082 6.13579e-07 0.000686199 0.00708982 
4.20685e-05 0.629283 1.15198e-05 3.80173e-05 7.96332e-11 0.0424174 0.00474889 0.000122038 0.0254204 7.36085e-05 0.000100441 0.000411996 0.0010795 0.0142653 3.21271e-06 0.0321146 2.13622e-07 0.0158153 0.00541352 0.104554 0.0747071 1.5215e-08 0.0108057 0.0183479 0.00679784 0.000166326 0.00413867 0.00912131 
0.00153932 0.283085 0.000596683 0.00270479 0.00183371 0.0691746 0.00905711 0.00276679 0.013092 0.0017516 0.00633314 0.00264518 2.78672e-05 0.0572989 2.62841e-06 0.0542397 0.00481511 0.000345971 0.0357219 0.0839974 0.071183 9.06143e-05 0.0123857 0.066789 0.0179307 0.00196411 0.0329827 0.165644 
0.000265146 0.452858 1.73414e-06 0.000522581 6.28667e-09 0.025999 0.0360558 0.00530205 0.027994 0.000120257 0.000172684 0.000586907 0.00378185 0.0058119 0.000136906 0.0257962 0.000313671 0.000300105 0.032028 0.0906901 0.0187986 0.00127621 0.0195111 0.0540234 0.116836 8.09265e-06 0.0434568 0.0373537 
0.000269759 0.271569 3.39566e-05 1.96401e-05 1.10329e-11 0.0043987 0.0910103 0.000180004 0.000770003 6.2816e-05 1.84455e-05 7.8705e-07 0.0375869 0.00136876 1.28103e-06 0.119779 0.000798738 0.245863 0.0024526 0.00853807 0.000501798 9.72708e-09 0.205494 0.00680895 0.000161754 2.68588e-09 0.000137898 0.00217473 
5.65073e-05 0.461363 1.4859e-05 0.000390993 0.000231946 0.133671 0.000452171 0.0551445 0.0186031 7.09972e-05 1.11591e-05 0.000112762 0.00707772 0.00273584 5.39143e-06 0.128891 0.00307473 3.39738e-06 0.00180444 0.0392446 0.0420732 1.05726e-07 0.0191467 0.0065085 0.0749521 7.18353e-06 0.00175825 0.00259333 
0.00124049 0.294402 0.0188096 3.5527e-05 1.92131e-05 0.0834702 0.0142959 0.00127769 0.0376685 0.00152358 1.25069e-05 3.03987e-05 3.60968e-07 0.000421087 1.79673e-08 0.224936 0.00249412 6.80104e-05 0.0879825 0.0266365 0.015926 2.31782e-05 0.162747 0.00240316 0.00664705 6.22007e-06 0.00914936 0.00777375 
6.63378e-05 0.225917 1.14676e-10 7.19611e-08 0.000962933 0.00367647 0.039371 0.0626293 0.000148782 8.75382e-05 4.99192e-05 2.65324e-05 5.506e-08 0.00263947 4.98024e-07 0.113516 7.84761e-06 6.17629e-08 0.00176487 0.0826972 0.00795716 6.57384e-06 0.186751 0.107405 0.0132641 8.74878e-08 0.0884109 0.0626427 
6.05962e-06 0.971374 1.02179e-05 1.76293e-05 0.00178855 0.00130808 2.71397e-06 5.96724e-06 0.000785056 1.11761e-05 8.93393e-06 1.64843e-05 2.68363e-06 0.00126424 1.18566e-05 0.000131309 1.49593e-05 1.14674e-05 0.0140652 0.0066356 0.00174971 1.12032e-05 0.000118446 6.502e-05 6.43889e-05 1.40818e-05 1.66555e-06 0.000503529 
0.00170167 0.308794 4.52322e-05 2.66956e-05 2.60511e-06 0.00412587 0.0036522 0.000477264 0.000435978 0.000152757 8.51731e-05 3.91582e-06 2.06823e-05 0.00424904 2.54539e-06 0.0636936 3.60969e-05 0.000650998 0.211494 0.110926 0.00168607 7.94437e-09 0.140937 0.0162626 0.118306 2.51804e-07 0.00458788 0.00764431 
0.00852351 0.22065 0.00120926 0.12122 0.00539478 0.0514657 0.055225 0.00291841 0.0155267 0.00011245 0.0203461 0.0247197 0.000693743 0.0177058 4.23184e-05 0.061748 0.00198174 0.000121241 0.0381233 0.0954171 0.0301714 0.024376 0.0516244 0.0272965 0.0493041 0.000216223 0.0127448 0.0611215 
0.000711795 0.329664 2.18791e-05 0.000192989 2.64668e-08 0.0154055 0.0426886 0.00607933 0.00485873 0.000123721 0.000817892 0.00023515 3.81686e-05 0.00937434 1.42955e-05 0.0331747 7.01995e-07 0.000167548 0.0009333 0.30504 0.0068378 1.47705e-05 0.187513 0.00460482 0.0372388 0.0029207 0.00261071 0.00871738 
0.0263312 0.265056 0.00497647 1.33788e-07 7.5643e-05 0.061891 0.0790384 0.000902422 7.82849e-05 0.00468376 0.000325891 0.000387521 0.0210498 0.229423 0.000155473 0.0380069 7.20106e-06 0.000237788 3.06117e-06 0.147021 0.000797257 1.75141e-11 0.0425608 0.0121331 0.010523 0.000506155 0.00145043 0.0523782 
0.00033475 0.347694 4.69793e-05 4.68452e-05 1.19456e-07 0.126871 0.0131176 9.36623e-05 0.0352983 7.93805e-06 0.000543793 0.000160083 7.33786e-05 0.00919205 7.48996e-06 0.15221 0.000177852 5.94182e-05 0.0115819 0.0252844 0.00352209 1.07762e-05 0.2218 0.0233557 0.00922789 9.32174e-07 2.65794e-05 0.0192547 
2.40682e-08 0.889123 8.1407e-06 7.00217e-08 5.80855e-08 0.000493182 0.00199698 0.00117267 1.34329e-05 4.43902e-08 9.93486e-06 5.34006e-05 1.38009e-06 7.98651e-09 6.32927e-05 0.0113785 5.94169e-08 4.55474e-08 0.000946602 0.0103759 0.00554367 4.44979e-08 0.00599862 0.0666478 0.00500171 0.000353198 1.79034e-05 0.000800142 
3.95792e-05 0.630987 0.0002723 0.000109062 4.07293e-07 0.0907245 0.00744488 0.00237548 0.0256912 0.000314685 0.0237497 0.000166714 0.0340176 0.0379636 1.94778e-05 0.044717 0.000222043 0.00111388 0.00124563 0.00651605 0.00188132 1.76863e-06 0.0544604 0.0152579 0.00463635 2.45137e-05 0.000116737 0.0159304 
0.00858081 0.218416 0.000124349 0.000117751 0.00112587 0.0824511 0.0220943 0.000310121 0.0170939 0.000294037 6.7015e-05 0.000319062 1.19505e-06 0.000183221 4.44256e-07 0.0204493 0.0278253 0.000267807 0.0177487 0.0276414 0.0038669 7.7207e-05 0.119799 0.00879634 0.200579 5.40821e-05 0.0463804 0.175336 
1.41708e-10 0.540232 4.45841e-07 2.10201e-07 1.76102e-06 0.0757572 0.0173525 0.000584847 0.00230543 2.6136e-10 2.08926e-10 0.0516019 1.12855e-05 0.00234719 2.77275e-10 0.110014 8.51659e-07 0.00228665 0.0237784 0.0467384 0.00164091 1.17128e-07 0.0611688 0.0423146 0.00228482 2.358e-07 0.00134058 0.0182365 
0.00374833 0.368181 0.000801158 5.55925e-05 0.00390465 0.0454804 0.0139113 0.00613569 0.0420098 0.000120979 0.0042599 0.000355433 0.0011689 0.181376 1.61287e-06 0.071729 6.48619e-05 0.00572056 0.0367148 0.0717206 0.0260009 8.31432e-05 0.00494358 0.0203207 0.0719599 3.05274e-05 0.013686 0.00551487 
0.00141639 0.413381 0.0177166 1.38258e-06 7.45816e-10 0.0592689 0.111755 0.00352852 0.010019 0.000835523 2.11949e-05 0.000133213 1.36862e-10 0.00426801 2.3211e-06 0.044203 2.41112e-05 0.0151577 0.141625 0.0426273 0.000613637 5.71352e-10 0.0177392 0.0159687 0.0402165 7.74177e-05 0.00111091 0.0582907 
0.000269759 0.271569 3.39566e-05 1.96401e-05 1.10329e-11 0.0043987 0.0910103 0.000180004 0.000770003 6.2816e-05 1.84455e-05 7.8705e-07 0.0375869 0.00136876 1.28103e-06 0.119779 0.000798738 0.245863 0.0024526 0.00853807 0.000501798 9.72708e-09 0.205494 0.00680895 0.000161754 2.68588e-09 0.000137898 0.00217473 
0.00113176 0.448603 0.000784176 0.000308169 0.000770866 0.0844717 0.00598691 0.00215459 0.00970971 0.00104877 0.000372724 1.85203e-05 3.77615e-06 0.0321631 2.52689e-05 0.0178435 0.000204417 2.2239e-05 0.0278562 0.126565 0.0413965 1.47019e-07 0.0110274 0.0118757 0.00137516 6.52469e-05 6.4994e-05 0.17415 
5.45703e-07 0.534053 1.37365e-10 2.37001e-10 1.966e-10 0.00661161 0.00480263 0.000548028 5.67464e-11 9.48628e-08 1.26305e-07 2.21607e-10 6.68575e-05 0.000198355 1.59395e-10 0.079379 2.01107e-10 1.49975e-07 0.000251856 0.0473582 0.000401164 1.50611e-10 0.00553547 0.250161 0.0653576 1.8931e-10 6.4127e-08 0.00527444 
0.00125632 0.304889 3.93771e-07 3.90184e-07 6.49378e-11 0.0154195 0.00592725 0.000279546 0.0105678 2.10868e-07 9.06099e-05 2.39266e-07 2.64685e-08 0.023387 1.16941e-07 0.130425 6.80745e-06 0.000710567 0.095372 0.225581 0.0517915 4.97473e-11 0.00312519 0.000688524 0.0203938 0.0052618 0.0593284 0.0454969 
0.00842868 0.216389 0.00334037 9.33263e-07 0.00113992 0.0286114 0.0526535 0.011501 0.00198667 0.00120428 3.80439e-05 0.000124825 0.000377888 0.0387881 0.000136016 0.0611282 2.7951e-05 0.0039576 0.145618 0.199397 0.0838087 8.21535e-08 0.0213916 0.0236506 0.00312856 0.0354049 0.000560588 0.0572054 
0.0141065 0.195275 0.172269 0.000461658 0.000972053 0.0506528 0.0924821 0.00515768 0.0090234 0.000219812 0.00263607 0.131388 0.00144861 0.0254238 0.00898236 0.0304166 0.000771772 0.000915874 0.0196141 0.0416005 0.0256486 6.20544e-06 0.0687951 0.0174124 0.0118314 0.00691997 0.0182866 0.047282 
0.000431448 0.357663 0.000358876 0.000290967 6.1582e-05 0.120448 0.0460802 0.00449782 0.00277896 0.00391897 0.000140868 0.00115418 0.000233699 0.011029 3.90448e-05 0.076099 6.35044e-05 0.000460595 0.00973217 0.142119 0.00986256 9.83067e-05 0.105423 0.0145741 0.0539335 0.00120162 0.0282244 0.00908199 
0.000377915 0.378308 1.78606e-08 0.000650686 3.96825e-05 0.0455282 0.0374868 0.000165326 0.120051 0.000136893 2.81219e-05 0.000177791 0.000189814 0.017613 0.000149507 0.149504 5.65343e-06 0.00315769 0.000482031 0.168026 0.00486912 1.0717e-05 0.0372258 0.00342351 0.00114879 0.0212239 9.67978e-05 0.00992296 
0.00076862 0.385984 0.00028541 5.57852e-05 2.41859e-08 0.0502466 0.00177829 8.85563e-06 0.0038233 0.000150885 0.000117925 3.08353e-05 0.179125 0.0263569 2.08949e-05 0.0261723 1.33858e-05 0.0097475 0.00104205 0.219017 0.00324932 1.44385e-06 0.0276939 0.00648369 0.000855766 8.84805e-05 0.000291284 0.0565914 
8.01073e-05 0.377658 2.03393e-07 7.00607e-07 1.02504e-09 0.00389193 0.24442 0.00561157 0.000135926 4.19818e-06 0.000643701 0.000149115 2.79812e-08 0.00644421 1.19461e-07 0.00536416 1.04854e-09 2.65604e-05 0.000462102 0.330741 0.00295994 1.25845e-08 0.0187783 0.00145613 3.56097e-05 0.000766874 1.415e-08 0.000369739 
0.000404057 0.385726 4.42363e-09 5.04097e-06 6.33121e-09 0.0164215 1.17496e-09 0.000393776 0.00620528 0.0257569 1.33487e-06 7.53098e-05 1.76932e-06 0.0206529 4.89675e-06 0.070574 1.21785e-05 3.42185e-06 0.238162 0.206105 0.0125352 1.72718e-06 0.00190224 0.0110468 2.21539e-06 9.74259e-05 5.73343e-07 0.00390841 
0.000371007 0.581978 0.00263894 1.15653e-05 1.98698e-11 0.0760098 0.000459413 8.1077e-12 0.00423725 1.6155e-08 6.41486e-08 1.31547e-06 2.32896e-09 0.0059111 1.61096e-11 0.0285515 1.63358e-06 1.29279e-05 0.000277212 0.238364 0.00387508 3.82422e-08 0.0506241 0.000802277 3.23014e-05 4.84954e-06 0.00014113 0.005694 
0.00173567 0.774996 8.77616e-05 1.09632e-05 5.73485e-07 0.0123691 0.0227364 0.000115997 0.000536041 0.0168873 0.000205474 0.000101015 6.77022e-05 0.00672545 3.32171e-07 0.00650498 0.000314879 8.49435e-05 0.00146136 0.0502924 0.00124596 1.27473e-08 0.0092701 0.00667613 0.081466 8.2595e-06 0.000160303 0.00593878 
0.0120029 0.2812 4.70428e-07 4.69971e-07 4.70157e-07 0.0228916 0.064089 0.00282461 4.708e-07 0.00112936 0.0018825 4.70042e-07 0.00654591 0.0222287 4.70329e-07 0.0826569 4.70137e-07 0.00174077 0.0102191 0.144646 0.00946503 4.70369e-07 0.0407839 0.114669 0.152244 4.70191e-07 0.0051339 0.023643 
0.000824504 0.681908 0.000831008 0.000206056 0.00307544 0.0664328 0.00371256 0.00159471 0.0280378 3.28128e-05 4.61191e-06 7.01747e-06 1.91995e-05 0.00646732 3.64296e-08 0.0280868 0.00164448 4.28433e-05 0.0414184 0.0394461 0.0181053 5.42973e-09 0.0366477 0.0281383 0.00318425 1.16801e-08 3.11251e-05 0.0101012 
0.00348558 0.268791 0.0022421 6.95116e-05 0.000188602 0.0756974 0.0858357 0.00118731 0.00623072 0.000161123 0.00183447 0.000292498 0.0240472 0.032911 6.18604e-05 0.056917 0.000240549 0.00410557 0.016301 0.185408 0.0317915 4.14093e-06 0.0845971 0.00783623 0.0703534 0.00121076 0.0191758 0.0190221 
0.00219221 0.284067 0.00171832 9.14551e-05 0.000463438 0.0420013 0.0174277 0.00822322 0.0124981 0.00932698 0.000187521 0.000684345 0.00141518 0.00743736 1.29957e-05 0.168022 0.000128678 0.000706074 0.021026 0.0835545 0.032389 0.000389283 0.171568 0.0560303 0.0375439 0.00138506 0.0111915 0.0283184 
0.0141375 0.326169 6.58078e-07 0.0188604 1.27275e-06 0.268705 1.30875e-07 0.00280469 0.0575154 3.17671e-07 5.01628e-07 1.91913e-06 2.43979e-11 0.0146473 1.07793e-10 0.163557 1.36001e-10 0.000175038 0.0669992 0.0166412 0.0177865 1.01852e-10 0.0190151 0.0060099 6.02744e-05 1.28023e-10 7.59723e-08 0.00691149 
0.00232299 0.466571 0.000435265 4.68246e-05 0.000435592 0.0426166 0.0154055 0.008672 0.00557455 3.64574e-05 4.4962e-06 7.39106e-05 2.40184e-05 0.0207689 0.000169785 0.0413699 0.00396691 0.000348914 0.00262136 0.0334322 0.0161205 0.000148081 0.104542 0.0136559 0.0139835 3.30704e-05 0.00500128 0.201619 
0.0370945 0.195705 1.27812e-07 8.91336e-05 0.000533201 0.125146 0.0123964 7.62386e-06 0.0440886 0.00343983 0.00149282 0.00341314 0.000146102 0.145187 3.8417e-06 0.159743 0.000416861 0.00845509 0.113732 0.0347007 0.0258371 3.28414e-05 0.00767485 0.0194871 0.000883051 0.00847859 0.041668 0.0101479 
0.000114511 0.272293 5.20623e-11 3.86142e-06 7.4513e-11 0.0158707 0.115683 0.00147472 0.00429392 0.000205535 0.00318571 0.00138169 2.47522e-05 0.000778919 6.17781e-08 0.0770637 0.0861874 0.00264804 0.0125897 0.0744005 0.0246665 5.70826e-11 0.0867336 0.0165864 0.160546 3.51652e-07 0.0167447 0.0265229 
0.00111578 0.586592 0.000200964 0.000282482 2.05102e-05 0.0497241 0.00578076 0.00102238 0.0189144 0.000122694 1.34716e-05 7.08846e-05 0.00187229 0.00351355 4.93327e-05 0.00968456 0.00213478 0.00492853 0.00566537 0.203035 0.00353129 1.30957e-06 0.0746678 0.0070867 0.00359074 0.000117848 0.000803955 0.0154562 
0.0229983 0.288646 2.03125e-05 0.000751002 0.000542652 0.169784 0.0116937 0.00648723 0.0244841 1.8453e-05 0.000464788 2.83815e-05 1.08329e-05 0.0154401 4.9756e-05 0.108229 0.000173914 0.00050733 0.0452271 0.10054 0.0264126 0.000116339 0.0914242 0.0234088 0.00176029 1.33119e-05 0.024365 0.0364025 
0.000796392 0.241595 0.000750424 0.000634765 0.00109213 0.0342927 0.0276893 0.0101758 0.0264755 0.000174403 0.0114605 0.00306179 0.00241643 0.0112799 1.58719e-05 0.0719204 0.00119968 0.000100649 0.121462 0.0752599 0.0357845 0.00050619 0.0359878 0.208007 0.0271516 0.000131292 0.00474467 0.0458321 
0.00257926 0.364394 6.61065e-06 1.13643e-05 0.000206638 0.0101511 0.0117452 0.00360419 0.318381 7.23042e-05 4.10591e-06 8.2233e-06 7.84121e-07 0.0095805 5.67335e-08 0.00870508 0.00151359 0.000670294 0.0972452 0.0750505 0.0167836 7.32262e-07 0.0131367 0.0109978 0.0221361 0.00019994 0.001671 0.0311446 
0.00154991 0.475235 0.000155464 2.40186e-05 5.23676e-05 0.0533305 0.00525355 0.0459077 0.0115248 0.00165325 1.36411e-06 0.00885495 6.67445e-05 0.0242221 2.6579e-05 0.142873 0.000408668 0.000124207 0.0220025 0.00772141 0.0105422 0.000509713 0.0186577 0.0403163 0.0793252 0.000148918 0.000761975 0.0487498 
0.00276368 0.260475 5.20884e-06 0.000990373 0.00363072 0.179685 0.014502 0.0529905 0.0995549 4.40447e-06 0.034286 0.000405047 3.24976e-05 0.00348961 7.84344e-07 0.111656 4.50184e-07 4.06768e-05 0.00601295 0.146603 0.00732139 0.000412929 0.0388729 0.00521954 0.0124458 9.70127e-05 0.00385664 0.0146449 
1.47253e-05 0.316942 7.00818e-06 4.71689e-05 7.70247e-08 0.0522209 0.0600374 0.00317066 0.00321452 0.000293146 9.29048e-05 0.00315811 2.08691e-09 0.00266468 0.000107095 0.252874 7.879e-08 0.00253439 0.000487552 0.235744 0.00813207 7.35937e-07 0.00332275 0.0295635 2.28931e-06 0.000362039 5.38962e-05 0.0249519 
6.91177e-05 0.334976 3.08997e-05 4.05491e-05 0.000769216 0.0403007 0.0287152 0.0110384 0.00412996 1.89873e-05 0.000137625 3.82623e-05 0.025064 0.000733432 3.37947e-06 0.0258781 0.000428451 4.89236e-05 0.0486492 0.0471219 0.00626562 0.000115136 0.0400954 0.323878 0.00166648 9.72195e-07 0.0172498 0.042536 
0.00266286 0.375542 0.000209738 6.98594e-05 5.81089e-06 0.0442469 0.0189325 9.38803e-05 0.00583603 0.000105753 1.13574e-06 0.000336561 3.48936e-06 0.28642 1.13467e-06 0.00612201 0.000106942 0.00120818 0.0432593 0.0199537 0.000729428 3.06702e-06 0.016305 0.0134935 0.14931 5.36308e-05 0.00100153 0.0139853 
0.00618906 0.280076 9.14727e-05 0.000543055 0.000903139 0.0580184 0.053771 0.00741504 0.0874188 6.026e-05 0.000668831 0.000324324 0.00673242 0.00839462 1.11925e-05 0.0783178 0.00350819 0.000531015 0.0862693 0.11659 0.0629682 0.00566872 0.0368567 0.0343959 0.00779231 0.00357208 0.0030245 0.049887 
0.000423594 0.787833 1.11683e-08 1.92691e-08 6.48441e-06 0.00154271 3.82046e-07 0.0237385 0.00239344 1.22156e-08 1.34365e-05 2.73576e-06 2.93325e-09 0.000856427 1.29594e-08 0.0193665 1.63508e-08 3.00244e-06 0.0294474 0.0502443 0.0469882 1.22453e-08 0.0355035 0.000285845 6.93525e-06 7.95037e-06 1.82047e-09 0.0013356 
0.00456424 0.359096 4.97264e-05 3.95744e-06 6.28925e-08 0.0300146 0.0262233 0.00314778 0.00247826 0.000101249 0.000180405 0.000285576 0.00318578 0.100252 1.61116e-05 0.0693948 1.23504e-05 0.00107116 0.0221259 0.097633 0.0991373 9.37844e-05 0.115167 0.0161518 0.0369583 0.000200892 0.00981203 0.00264254 
0.00125632 0.304889 3.93771e-07 3.90184e-07 6.49378e-11 0.0154195 0.00592725 0.000279546 0.0105678 2.10868e-07 9.06099e-05 2.39266e-07 2.64685e-08 0.023387 1.16941e-07 0.130425 6.80745e-06 0.000710567 0.095372 0.225581 0.0517915 4.97473e-11 0.00312519 0.000688524 0.0203938 0.0052618 0.0593284 0.0454969 
0.00134271 0.59241 2.66867e-05 0.000775517 0.000248615 0.106545 0.000541006 0.0238664 0.00757763 0.000106931 3.72578e-05 0.000131952 2.20799e-05 0.0385353 1.70538e-06 0.0573238 0.00543452 0.000520451 0.00538574 0.0687424 0.00268753 7.37103e-06 0.0504436 0.00745133 0.00250953 6.7412e-05 0.016263 0.0109941 
0.00117831 0.391179 3.36511e-05 0.00328349 4.10178e-05 0.0461171 0.00166448 0.0357536 0.00891965 0.000797704 0.000312084 0.00125385 1.16782e-05 0.0123821 3.18915e-05 0.0389755 0.000160486 0.000795575 0.155168 0.0288357 0.0577261 0.143365 0.00210324 0.0223169 6.27116e-05 3.85457e-05 0.000888518 0.0466045 
0.00210403 0.281721 2.26672e-05 8.78761e-05 0.000150241 0.0881698 0.00644295 0.00651596 0.00885381 0.000145841 0.000188351 0.000257333 0.017366 0.00714943 8.00844e-06 0.0503445 0.00329179 0.000602577 0.0498798 0.137247 0.0371759 1.45908e-06 0.106206 0.0575459 0.00810594 7.34261e-08 0.0018617 0.128554 
0.007337 0.358006 0.00108615 9.27128e-05 4.58512e-05 0.0912515 0.0265288 0.0603735 0.00431802 8.88672e-05 0.000131397 0.000345759 0.00102911 0.00132798 2.21223e-05 0.124784 0.000401086 0.000122208 0.00608467 0.193148 0.0159027 2.36315e-05 0.0246158 0.0162798 0.0102127 0.000945973 0.00454518 0.0509489 
0.000126792 0.798584 2.06105e-07 1.09448e-10 9.07909e-11 0.000510147 0.0165405 0.0038241 9.49642e-08 8.3936e-05 0.00165016 5.05097e-07 0.00013263 0.0164403 7.36093e-11 0.029108 9.28719e-11 3.0532e-05 1.56317e-07 0.0812823 0.000492761 6.95527e-11 0.0135099 0.0273369 0.0103457 8.74242e-11 5.15939e-08 2.12744e-07 
1.84307e-05 0.391556 2.70223e-09 7.78644e-05 3.59717e-05 0.0176369 6.60391e-06 0.0691243 1.11631e-09 2.95563e-09 2.03214e-05 4.35944e-09 7.09715e-10 0.152643 3.13561e-09 3.22719e-06 3.95616e-09 3.94552e-06 0.296869 1.63575e-06 0.0379487 2.96281e-09 6.88676e-06 6.07758e-10 0.0340213 1.89966e-05 4.40472e-10 7.9284e-06 
0.0035219 0.356639 6.57727e-05 6.86894e-07 2.15628e-07 0.0637605 0.00807977 0.00660274 0.00082729 5.33229e-05 0.000315986 1.18227e-05 1.26832e-05 0.103521 0.000124412 0.125134 0.000118385 6.92076e-05 0.00804279 0.188199 0.0184174 4.09204e-07 0.0949967 0.00731096 0.00903591 0.00137435 0.000732634 0.003031 
0.000458655 0.48063 0.00150775 0.00957282 9.13034e-06 0.0608611 0.0114683 0.000418124 0.0162956 0.00171711 5.00944e-06 3.84845e-06 2.20511e-05 0.0090478 2.2428e-06 0.0125973 1.18588e-05 0.00060983 0.0284279 0.108279 0.00578117 1.63939e-06 0.0154035 0.0566934 0.166654 5.123e-06 0.000891271 0.0126236 
1.55939e-07 0.44865 1.10199e-09 9.02818e-07 5.39939e-07 0.139035 0.000469314 0.000171115 0.00105377 1.20532e-09 4.10972e-06 0.000556056 2.89426e-10 0.00088757 1.27872e-09 0.0146847 1.61335e-09 0.000127018 0.0069051 0.146746 0.0571576 8.87951e-08 0.000507856 0.172839 0.00110656 0.000251713 0.00581764 0.00302787 
0.00232758 0.43096 0.00266549 0.000120131 9.85893e-10 0.0375697 0.00137807 0.00140096 0.217595 1.28588e-05 6.32009e-06 1.00538e-05 4.81213e-07 0.00591378 7.99319e-10 0.016873 0.0110478 8.0793e-05 0.066207 0.154374 0.0269042 1.52281e-06 0.0110181 0.000999774 7.07527e-07 1.80305e-05 0.00155592 0.0109585 
0.000864577 0.325503 3.2376e-05 4.05603e-05 4.64205e-06 0.0920568 0.0090267 0.000201717 0.00901551 0.000178717 2.94177e-05 0.000359589 2.24248e-05 0.0184953 1.8923e-08 0.0810357 0.00206754 0.0179336 0.0109737 0.0966255 0.225084 6.51031e-11 0.022808 0.0240339 0.00916789 7.32843e-06 0.0140197 0.040412 
0.00173567 0.774996 8.77616e-05 1.09632e-05 5.73485e-07 0.0123691 0.0227364 0.000115997 0.000536041 0.0168873 0.000205474 0.000101015 6.77022e-05 0.00672545 3.32171e-07 0.00650498 0.000314879 8.49435e-05 0.00146136 0.0502924 0.00124596 1.27473e-08 0.0092701 0.00667613 0.081466 8.2595e-06 0.000160303 0.00593878 
1.66275e-05 0.452248 1.0135e-07 1.10887e-06 5.69852e-06 0.0285736 0.00253936 0.000415471 0.0169944 0.00212912 0.00144526 1.40707e-05 5.47857e-08 0.000439549 1.07284e-08 0.0723033 1.57616e-07 7.35369e-07 0.0155475 0.0996044 0.169569 5.14035e-07 0.0434501 0.0433044 0.00559563 2.30898e-09 3.64829e-05 0.0457659 
0.000718194 0.430211 5.78568e-07 1.96582e-06 0.000712159 0.0830741 0.00347614 0.00265817 0.0444424 0.000226436 7.23604e-06 0.00214527 0.00187805 0.349934 2.56299e-06 0.020092 3.25586e-05 0.000528447 0.0283202 0.00148283 0.0069615 7.61457e-07 0.00575505 0.000326288 0.00143667 1.78083e-07 0.00569449 0.00988068 
6.63217e-05 0.588953 2.33439e-05 0.000194247 0.000193555 0.0100964 0.00612798 5.36207e-05 0.00167992 1.46082e-05 1.10398e-05 0.000138899 1.26776e-08 0.000376953 1.62015e-06 0.0318433 3.25322e-06 7.05454e-07 0.0123644 0.0577352 0.200905 1.56007e-10 0.00427228 0.0576719 0.0108562 1.8745e-07 0.000663231 0.0157533 
0.000286193 0.607377 0.000386287 3.29217e-05 0.0124435 0.0156987 0.0289438 0.000122893 0.0262258 2.92989e-05 6.22655e-05 2.20197e-05 8.6775e-06 0.00295912 6.42038e-06 0.0912126 3.95831e-07 0.000126815 0.0153639 0.135383 0.00204749 3.85866e-08 0.0276618 0.014038 0.0028728 0.000810347 0.000548011 0.0153299 
0.0106394 0.147022 0.00138379 0.00117949 0.00132752 0.0878032 0.0305958 0.0364699 0.011393 0.000944723 0.00378342 0.00302388 0.00543518 0.0310443 7.32525e-05 0.132594 0.00242893 0.00400264 0.103686 0.0723523 0.0175725 0.000621006 0.0688231 0.0648002 0.0536945 0.00135606 0.0160919 0.089858 
0.00642686 0.234819 0.000925952 0.00014128 5.88797e-07 0.149382 0.152256 0.000665052 0.00285953 0.00867165 0.00746956 0.000486762 0.000101647 0.0215667 7.50807e-07 0.0200491 0.00540797 8.06161e-05 0.00466758 0.0746034 0.0814117 9.35252e-06 0.0318091 0.0347168 0.123124 1.43847e-06 0.0105435 0.0278027 
0.00161109 0.24038 0.000495434 0.000677619 0.000523038 0.132272 0.0230063 0.00268055 0.0124889 5.709e-05 2.56453e-05 0.000295969 4.28589e-05 0.00908084 1.85384e-05 0.146526 0.00975631 0.000343305 0.010401 0.0667188 0.0129229 3.65782e-05 0.158002 0.0385505 0.0914659 2.24546e-05 0.0109538 0.0306449 
0.0525864 0.257514 9.34841e-05 0.00017115 5.40501e-05 0.195487 0.196115 0.00215153 0.0080434 3.74807e-05 0.000101737 9.46297e-05 0.000137925 0.0198064 2.14717e-05 0.0839361 0.00370942 0.000348144 0.00286436 0.0197593 0.00407492 4.29529e-05 0.0223366 0.014289 0.0223497 1.9385e-06 0.0644291 0.0294426 
0.0020115 0.164979 4.65453e-05 0.000221225 0.00108443 0.097925 0.163967 0.00878031 0.0134152 0.0046519 0.00150304 0.000371155 0.042511 0.0209441 2.22215e-05 0.12835 0.000685153 0.000664871 0.0228018 0.0516569 0.0128262 0.0164073 0.159459 0.0232714 0.0189214 2.91184e-07 0.0248066 0.0177167 
0.0025545 0.472133 2.15342e-05 0.000203611 4.80452e-06 0.0574316 0.0169311 0.00121491 0.0121711 1.80407e-05 0.00416908 0.000133662 0.00280816 0.0179247 1.27882e-05 0.100153 1.2794e-05 0.00162578 0.0111703 0.163264 0.0285763 3.02747e-05 0.0321542 0.0138131 0.00381061 0.0122944 0.01236 0.0330032 
0.0109594 0.320962 7.26734e-08 8.4087e-11 3.43513e-05 0.0338113 0.0133041 0.00977801 0.0161339 0.00255878 4.26124e-11 6.43053e-05 1.32411e-08 0.0141418 4.94563e-09 0.0593327 1.80627e-08 0.000713374 0.210042 0.0777236 0.0910221 1.12176e-08 0.00450918 0.0929434 0.00322136 0.000526906 6.57437e-07 0.0382171 
2.74655e-06 0.892226 8.87773e-07 0.000164768 9.12148e-05 0.0130234 0.000557453 0.00351445 0.00736057 7.60594e-06 0.000270462 3.98886e-09 6.49385e-10 5.10784e-05 5.59698e-08 0.0149504 4.76219e-05 2.77489e-09 0.00391461 0.015549 0.0298614 2.71095e-09 2.39752e-06 0.0153328 1.27454e-06 3.40752e-09 4.03029e-10 0.00306915 
0.000433077 0.277949 9.5052e-06 0.00018284 0.000113817 0.0155396 0.00141166 0.000300567 0.00563843 3.44196e-05 0.00027806 4.74784e-05 0.00370527 0.0145715 8.506e-06 0.0351929 0.00112181 0.0574918 0.00868679 0.242057 0.0179934 2.44932e-05 0.036992 0.0024898 0.00288401 0.000288842 0.00386907 0.270684 
0.000842417 0.67646 1.72558e-05 4.31832e-05 0.000195822 0.0409351 0.00487498 0.000372755 0.0356892 0.000402393 1.32132e-05 3.13308e-05 7.35497e-07 0.00433633 1.3424e-09 0.013407 0.000100164 0.0357974 0.0144894 0.0448422 0.0577845 1.26842e-09 0.0326464 0.0236149 0.000465154 4.47689e-06 0.000608655 0.0120252 
0.00342362 0.365595 0.00610838 5.39004e-05 2.94194e-05 0.0371356 0.0112171 0.000593204 0.00653644 0.000138606 5.18441e-06 3.34941e-05 0.000775789 0.0224681 0.000241625 0.0257152 0.00536438 0.000226122 0.00339846 0.0793068 0.00079377 0.000160432 0.14282 0.00272928 0.0177763 7.30267e-05 0.00656919 0.260711 
0.00962968 0.236408 0.00205126 0.00140294 0.00750388 0.181776 0.0582852 0.0135032 0.168818 0.00636346 0.000302255 0.000156334 0.000106778 0.0195954 1.13831e-05 0.0266273 1.53651e-05 0.000577674 0.00643069 0.0928193 0.00241436 7.84382e-05 0.0726351 0.00642332 0.0174752 0.00604687 0.0584538 0.00408803 
0.00159709 0.251658 8.24495e-05 0.00104465 0.000280111 0.068912 0.0247576 0.00838289 0.0264896 6.39053e-06 0.000229805 0.0020714 0.000152896 0.0446604 6.09562e-05 0.243168 0.00103017 0.000315757 0.0175414 0.0459127 0.00674621 3.15615e-05 0.114457 0.0384159 0.0380222 2.2685e-05 0.0177391 0.0462121 
0.04838 0.337057 3.21383e-05 0.000485938 3.9444e-05 0.0319909 0.0908978 0.00271048 0.000358865 0.00983819 0.000279841 0.00789678 0.000138438 0.102382 0.000538592 0.0600971 0.000234434 0.000250215 0.00883818 0.0146283 0.00175518 8.87985e-05 0.056252 0.0225056 0.0373325 8.43929e-05 0.000129857 0.164777 
0.0122425 0.318443 1.08187e-06 2.58494e-06 0.00014105 0.00611241 0.00643158 0.0373121 0.0656688 3.00558e-06 0.000751976 0.00109039 0.0003808 0.114999 3.16386e-07 0.0194897 2.87314e-06 0.0109645 0.0973726 0.000265446 0.0551798 0.000327174 0.0445424 0.190327 0.00233364 0.00150162 2.42523e-06 0.0141104 
4.42437e-05 0.198006 2.68445e-05 5.69963e-05 3.23388e-11 0.157631 0.0184735 0.00021561 0.171864 3.17009e-08 1.74634e-08 0.000102297 1.21301e-05 0.000175879 1.57441e-06 0.081304 0.000167912 6.962e-05 0.0161491 0.112266 0.0119372 1.08321e-09 0.0867774 0.0264007 0.0191437 3.81692e-08 0.0868672 0.0123068 
0.00137829 0.637961 0.000107702 7.015e-08 4.0625e-06 0.01326 0.0331451 1.64847e-10 0.0011052 4.64471e-05 3.57088e-12 6.58874e-12 5.06536e-08 0.000365402 7.44751e-07 0.0343285 5.97923e-12 2.30198e-06 0.0046849 0.120566 0.0478903 4.4779e-12 0.0888736 0.0143857 1.12347e-06 1.79343e-06 0.000172464 0.00171956 
0.00132381 0.199677 0.000285697 0.000267212 2.57265e-05 0.0366152 0.0505958 0.000441549 0.0133705 0.000775274 0.000124012 0.000293034 0.120503 0.0497415 1.93771e-05 0.0745794 0.0009666 0.00499613 0.0240488 0.164526 0.0225895 2.33981e-05 0.0344226 0.00827134 0.0717337 0.000285261 0.0116285 0.10787 
1.72139e-09 0.830094 1.33447e-05 5.00806e-09 4.15437e-09 0.00139769 0.000844244 0.0012521 0.000273417 3.17485e-09 3.56133e-06 0.00064743 4.00245e-08 5.71208e-10 9.56816e-06 0.0112859 4.24959e-09 3.25762e-09 0.01667 0.00428028 0.0273528 3.18256e-09 0.00664311 0.0912562 0.00726212 0.000283677 2.28292e-05 0.000407615 
0.000532028 0.52239 0.000198636 0.0001342 2.43844e-07 0.0562096 0.0188804 0.000691569 0.0537208 1.17505e-05 5.42537e-05 0.0154574 0.00878963 0.00963176 7.58254e-06 0.0347458 9.94048e-05 0.000169509 0.00644431 0.0891676 0.00764614 3.79403e-06 0.137914 0.00477602 0.00693368 3.97823e-06 0.0207766 0.00460894 
7.39901e-05 0.398174 0.000468108 4.60683e-06 0.000275914 0.0829313 0.000811261 1.90362e-07 0.0499574 3.17539e-08 0.00174396 1.19643e-09 1.505e-05 0.0242249 8.60557e-10 0.114469 2.59361e-08 5.91145e-06 0.0498583 0.126041 0.0311829 8.13133e-10 0.0383041 0.0503976 0.0128734 1.66129e-07 0.003741 0.014446 
0.000379361 0.581072 4.21879e-05 2.80156e-05 5.43419e-08 0.000311243 0.0234422 0.000164957 8.29349e-05 9.03611e-05 2.48302e-05 3.32937e-06 3.52576e-05 0.0071169 4.76236e-05 0.0465938 3.49945e-05 0.0004236 7.85664e-05 0.0554222 0.0142991 4.163e-08 0.112376 0.00105459 0.0895853 0.000194604 0.000478008 0.0666179 
0.0104045 0.61711 0.000180587 1.36246e-05 6.14014e-07 0.0998042 0.0361514 2.62475e-10 0.00161307 0.042197 5.94219e-05 7.25076e-10 4.31121e-07 0.0121893 9.76824e-07 0.0178645 3.86076e-07 0.000420556 2.1785e-05 0.106848 0.00617435 3.55604e-07 0.0362033 0.00125183 0.00355698 9.46383e-06 0.00237677 0.00554689 
0.0027395 0.423514 1.37537e-05 2.10626e-05 4.61257e-06 0.0840919 0.0651426 0.00121503 0.0109579 0.000177708 4.97397e-06 0.016425 0.000237637 0.00436238 1.30316e-05 0.174882 0.000299873 0.00525875 0.0266261 0.0262589 0.0345976 0.000122305 0.0542786 0.0472629 0.0139182 0.000319154 0.00153038 0.00572408 
0.00264253 0.767274 0.00513634 0.00217969 2.75355e-06 0.107927 0.00178865 1.12356e-06 0.000522234 9.30205e-06 1.68215e-06 3.10379e-06 5.05295e-07 0.0205883 0.0441566 0.00576761 0.000129554 2.15918e-06 5.82573e-05 0.0302974 0.00780352 2.10943e-06 2.01433e-05 0.00180705 0.000325662 2.65144e-06 0.000394095 0.00115695 
0.0041315 0.36961 0.000607481 1.88376e-05 0.000408466 0.0642793 0.00507022 2.5013e-05 0.00121649 0.000623637 0.00688698 0.000289057 6.90037e-06 0.0492173 1.34549e-05 0.040438 9.3372e-06 5.88924e-05 0.0198017 0.275689 0.0102001 2.72942e-08 0.131458 0.0028911 0.000940249 0.00581581 0.00167612 0.00861665 
1.11963e-07 0.85275 1.88795e-07 3.25734e-07 2.70208e-07 0.000885477 0.069624 7.30937e-06 0.00033155 2.06498e-07 8.0387e-06 0.000533826 3.44009e-05 0.00131133 2.19073e-07 0.0571409 2.76401e-07 2.11882e-07 0.000410681 0.00061031 0.0114877 2.07e-07 0.00168816 0.000496478 4.6119e-08 3.34906e-06 3.07741e-08 0.00267405 
0.00138593 0.480026 9.67332e-05 0.000261864 2.71571e-06 0.060997 0.0270285 0.00243058 0.0688302 4.24606e-06 6.88717e-05 8.76291e-05 1.94988e-05 0.00233057 7.35863e-06 0.0373516 5.75659e-06 2.83968e-05 0.0186206 0.136423 0.0264918 5.52685e-08 0.100046 0.00905947 0.0058638 1.6046e-05 0.0196079 0.00290816 
0.00722308 0.297094 0.0110632 4.86645e-08 1.06997e-07 0.0562482 0.0011664 5.82102e-08 0.0642295 5.98891e-05 0.000347662 1.82664e-11 2.51111e-09 0.00853547 1.31384e-11 0.121173 1.39977e-08 0.000138426 0.0328352 0.274746 0.0128503 1.24144e-11 0.0748299 0.0148182 2.51156e-07 3.75161e-05 0.000571885 0.0220315 
0.0303946 0.569581 0.000230514 2.25297e-05 4.66876e-07 0.0108477 0.0287091 0.000409282 0.106684 0.000746159 0.000520593 2.34822e-05 7.03597e-07 0.00669047 8.56191e-06 0.0140873 0.00595227 6.86283e-05 0.0315901 0.062354 0.0304145 4.05388e-10 0.00425321 0.000261888 0.0282156 0.00624124 7.63752e-05 0.0616163 
0.0109261 0.324669 7.02412e-07 0.00109815 0.000745586 0.0247941 0.0711289 4.13638e-05 0.000540566 0.000193017 0.00487905 0.0901915 0.00224786 0.0389311 4.45583e-05 0.019075 0.000205529 0.000130722 0.0127353 0.0490908 0.0120816 3.41617e-05 0.206154 0.00125823 0.105054 0.00157072 0.0126617 0.00951658 
0.00133559 0.320921 1.56357e-07 0.000167172 0.00011998 0.0814704 0.0289925 0.000110081 0.0127494 0.00958211 1.94308e-07 0.000149533 1.48071e-05 0.00522002 4.8148e-08 0.113154 6.57512e-05 0.000578865 0.109256 0.117861 0.0520726 5.19864e-09 0.00594232 0.0726849 0.00302076 0.000614717 0.00089452 0.0630216 
0.00226684 0.201954 0.00236466 0.000124528 0.000447465 0.0543811 0.0297101 0.00293745 0.0164783 0.00121756 0.000581882 0.000332899 0.000841241 0.0356849 7.05145e-06 0.125925 5.37556e-05 0.00370896 0.0220591 0.199291 0.0282778 0.000151808 0.158492 0.0326338 0.029784 0.00224979 0.0247481 0.0232954 
5.33263e-06 0.401285 1.71895e-07 7.14026e-09 1.95357e-07 0.028481 0.000590287 3.97559e-05 0.0101883 2.83501e-06 3.61844e-09 7.24191e-05 1.08693e-09 0.00223742 4.80219e-09 0.0633971 4.74188e-07 0.000270288 0.0237021 0.276502 0.0376696 2.10142e-06 0.000527446 0.120085 1.01095e-09 5.70346e-09 5.37725e-06 0.0349357 
0.0002384 0.801005 0.00063066 1.18763e-07 1.37769e-06 0.00205422 0.00956005 0.000121929 0.00267235 0.000319412 0.000494662 0.000148068 1.62519e-05 0.069757 6.81116e-08 0.00309727 2.07186e-06 7.05464e-05 4.17984e-07 0.0684349 0.00176279 5.06693e-08 0.0335584 0.000501435 0.00194114 4.01043e-08 1.78883e-07 0.00361119 
0.000128483 0.300755 9.99866e-12 2.03128e-05 1.43104e-11 0.0215784 0.211592 0.000674704 5.39459e-05 0.000216037 8.74225e-12 3.09659e-06 1.53603e-08 1.0604e-05 9.12004e-05 0.213832 4.01021e-08 0.0012573 0.000303404 0.173112 0.00180809 1.09628e-11 0.00280819 0.0209764 0.000104086 2.93111e-07 0.000136466 0.050538 
0.000507257 0.257853 0.000630928 0.000786426 0.00117523 0.0700596 0.184185 0.0023058 0.0568023 8.67484e-05 0.00933715 0.000122781 0.0036115 0.0315493 1.73487e-05 0.0284369 9.93235e-05 0.000985073 0.0177695 0.102312 0.0190397 8.6562e-05 0.106395 0.0114264 0.0628138 0.000471827 0.00876848 0.0223651 
0.0221304 0.596086 1.14921e-08 2.03227e-05 1.64478e-08 0.0181012 0.0406062 0.0955422 0.0438217 6.22813e-05 6.77388e-05 2.68808e-06 3.20803e-06 3.34725e-05 3.08847e-07 0.0380931 9.06019e-07 9.16905e-05 0.0277337 0.00704937 0.0240367 0.00107723 0.0695512 0.00890116 0.000621915 7.43363e-05 0.000353603 0.00593729 
0.0468948 0.252843 0.00336815 0.000319749 0.00311389 0.0353203 0.10175 0.0065165 0.00459439 0.00048292 0.0150077 0.00026018 0.000244759 0.0230479 1.96307e-05 0.0638323 0.000165799 0.00140235 0.0363109 0.180687 0.0286984 0.0017211 0.0559908 0.075342 0.04626 3.6713e-05 0.00644256 0.00932643 
0.000241484 0.350453 0.0005431 0.0020805 4.61281e-05 0.038661 0.0436157 0.00334669 0.000863076 0.000130103 0.000200933 0.00110559 0.000116214 0.00585232 7.10329e-06 0.170573 1.41001e-05 9.9595e-06 0.0104872 0.280656 0.00630632 8.59609e-07 0.0329263 0.0108994 0.00230958 0.0101492 0.0101349 0.0182708 
0.0165403 0.279855 0.00110899 4.70532e-05 0.000736855 0.239359 0.000578682 0.000824982 0.0429078 0.00290051 0.00151861 0.000625538 2.97724e-05 0.00467882 1.65469e-07 0.0765367 0.00594727 0.000277505 0.061416 0.0303659 0.0443248 9.91616e-10 0.0591172 0.00651219 0.0960545 1.33339e-05 0.0184342 0.00928839 
5.59048e-12 0.412971 9.42682e-12 1.97854e-08 1.34919e-11 0.00629201 0.00907418 4.83691e-05 0.000482873 2.76512e-08 1.47227e-08 1.39609e-07 2.47586e-12 5.31066e-08 1.09387e-11 0.286829 0.000691821 1.76948e-08 5.05073e-05 0.193551 0.0118464 2.29217e-09 0.0136225 0.0445367 1.22023e-05 1.29916e-11 1.39177e-07 0.0199916 
0.000280977 0.359051 2.19579e-05 7.6199e-05 0.00104493 0.0234037 0.00633431 0.000287123 0.00640895 3.78201e-05 1.09164e-05 0.000218686 2.24315e-06 0.00122234 1.66586e-07 0.0508956 5.11679e-05 0.00073412 0.010707 0.26864 0.114923 2.79686e-08 0.0122057 0.0465341 0.00330018 0.0014481 0.000979793 0.0911804 
0.000356161 0.687024 1.83775e-06 0.000415828 1.72051e-05 0.0325798 0.0245827 0.000156484 0.00182758 1.02823e-05 0.00108057 0.000371176 4.40456e-05 0.00327725 4.14067e-06 0.021248 0.000144065 1.84505e-05 0.000719558 0.115846 0.0032979 1.48138e-08 0.0770397 0.00473841 0.000574936 0.00267686 0.0188351 0.00311262 
0.0137805 0.211381 0.0126555 3.7845e-05 3.15225e-06 0.0323749 0.0834822 0.197381 0.000149192 0.000801616 2.99809e-06 0.00109726 0.0175536 0.00212983 1.23632e-06 0.0390567 0.00124494 0.00404857 0.0829053 0.011765 0.00190928 7.48422e-08 0.0821752 0.0088253 0.0323551 2.39389e-05 0.00535623 0.157503 
0.000296341 0.231292 4.55959e-05 1.15643e-05 1.19696e-05 0.0208436 0.0388601 0.223349 0.00985638 0.000249104 0.000258061 5.44994e-06 0.0012008 0.00489526 0.000630747 0.169381 0.000335948 0.000185928 0.198894 0.00610597 0.0114879 0.000235863 0.036125 0.0135718 0.00720077 4.10749e-06 3.57815e-06 0.024663 
3.9445e-05 0.339912 0.000135888 0.00549361 0.00952534 0.0851475 0.00234562 0.0171121 0.0101877 2.21796e-06 0.000224332 0.0140498 7.69416e-05 0.0307093 3.15675e-07 0.0318643 3.70293e-07 3.88195e-05 0.301701 0.0351229 0.0567091 0.0020425 0.0119372 0.0150539 0.00342704 2.13148e-06 8.80875e-05 0.0270508 
0.000169898 0.485157 2.17737e-05 0.000577976 0.000732604 0.0590732 0.00562797 0.000505066 0.0484026 0.000488852 0.000282538 0.000251907 0.00806623 0.0169873 2.32675e-05 0.066149 0.000494583 0.000895538 0.00211432 0.0331012 0.00133607 6.41371e-06 0.235177 0.027568 1.08752e-06 0.000249213 0.00155517 0.00498398 
0.000217663 0.429872 4.12184e-05 7.10007e-08 5.18028e-08 0.0158415 0.0580501 0.0200036 0.000579646 1.93818e-05 0.000211381 0.00010643 9.07462e-06 6.42236e-05 6.53345e-06 0.225353 0.000115991 0.000137524 0.00177396 0.0852973 0.0311559 8.09205e-07 0.00107246 0.0954287 1.18932e-05 2.07162e-05 3.3927e-05 0.0345753 
0.000288489 0.292137 4.9087e-10 9.16666e-05 7.02547e-10 0.00618271 0.229541 0.00431656 5.02607e-05 0.000106469 4.70934e-05 6.30079e-06 4.22987e-05 0.000407668 5.69594e-10 0.0227282 7.1865e-10 0.000106474 0.00135448 0.165485 0.00626362 1.90054e-07 0.0223302 0.169115 0.0781326 3.37822e-07 0.000144632 0.00112137 
0.00552215 0.158324 8.5448e-05 0.000328053 0.000499541 0.111841 0.0583575 0.00708396 0.0295135 0.000661753 0.0142079 0.00769184 0.00736045 0.0633128 0.00013047 0.0999013 6.23254e-05 0.00176195 0.0146663 0.156025 0.041011 0.000505925 0.0963167 0.0274789 0.0373763 0.0100276 0.0113975 0.0385483 
0.000554089 0.403354 0.000219865 2.76288e-05 7.16751e-11 0.258122 0.000463146 0.000417945 0.00480358 3.69908e-06 0.000181739 0.000134663 2.17579e-05 0.002488 1.17538e-06 0.129696 3.59346e-09 5.62036e-11 0.00340658 0.0945587 0.00771223 5.49086e-11 0.0428211 0.0355488 0.0113219 0.000224454 0.00106619 0.00285091 
1.77811e-06 0.314503 7.14707e-07 0.000150799 0.0177046 0.135902 0.000436962 3.26053e-05 0.00107004 0.000483327 0.000194738 0.000268486 2.35782e-06 0.0338696 5.13944e-06 0.047338 9.18429e-06 0.00278701 0.000260966 0.0207922 0.0375838 0.0286829 0.0138089 0.0017161 7.53435e-05 0.314212 0.0121392 0.0159686 
0.000838431 0.463112 0.000295318 4.79161e-05 3.18916e-05 0.236344 0.00371451 0.000501915 0.0587945 0.0076967 2.81765e-05 0.000922719 1.52733e-05 0.100469 1.24782e-06 0.0206064 1.52288e-05 0.0120141 0.0101031 0.0201406 0.0210268 0.000139998 0.0199785 0.0052485 0.000279868 0.0032439 0.0106138 0.0037751 
0.00147262 0.634775 6.7802e-08 9.56996e-05 0.000283583 0.0135729 0.000113305 0.000497748 0.000718265 8.80309e-06 0.00084565 2.82683e-05 4.90849e-06 7.25933e-05 2.08125e-05 0.0193406 0.00282389 7.60935e-08 0.020947 0.135431 0.000249526 7.43401e-08 0.13273 0.0271174 0.00779499 0.000143378 1.10519e-08 0.000912657 
8.5939e-05 0.444565 5.68264e-09 9.80446e-09 8.13315e-09 2.06295e-05 0.000205426 1.99152e-05 2.34754e-09 1.49235e-05 1.98792e-05 9.16765e-09 2.07471e-05 0.174239 6.594e-09 0.379654 8.31957e-09 2.36032e-05 3.05945e-05 0.000153078 3.37118e-05 6.23061e-09 9.22134e-05 0.000311213 0.000448795 9.40569e-06 1.00974e-05 4.16396e-05 
0.000248787 0.571021 8.1413e-06 1.07612e-05 7.00916e-05 0.00661647 0.0267537 0.00290773 0.000404515 7.18138e-05 5.28591e-05 7.74241e-05 5.00914e-06 0.00122879 3.74947e-07 0.0606676 1.90408e-05 2.51969e-05 0.0649995 0.0244352 0.00628289 0.000117144 0.0460316 0.159547 0.0116037 9.22959e-07 0.00206954 0.0147234 
0.000269759 0.271569 3.39566e-05 1.96401e-05 1.10329e-11 0.0043987 0.0910103 0.000180004 0.000770003 6.2816e-05 1.84455e-05 7.8705e-07 0.0375869 0.00136876 1.28103e-06 0.119779 0.000798738 0.245863 0.0024526 0.00853807 0.000501798 9.72708e-09 0.205494 0.00680895 0.000161754 2.68588e-09 0.000137898 0.00217473 
1.29782e-05 0.472988 2.46154e-06 8.91222e-06 1.2238e-11 0.00853735 0.0188666 0.000142395 0.000395387 3.68646e-05 2.10969e-05 2.54714e-05 7.01241e-07 0.00222161 1.16354e-07 0.0819484 2.06005e-06 0.000101794 0.0020137 0.257363 0.00110177 7.12866e-10 0.139413 0.00575803 0.00162466 2.53604e-08 0.000268868 0.00714549 
0.000269759 0.271569 3.39566e-05 1.96401e-05 1.10329e-11 0.0043987 0.0910103 0.000180004 0.000770003 6.2816e-05 1.84455e-05 7.8705e-07 0.0375869 0.00136876 1.28103e-06 0.119779 0.000798738 0.245863 0.0024526 0.00853807 0.000501798 9.72708e-09 0.205494 0.00680895 0.000161754 2.68588e-09 0.000137898 0.00217473 
