1.07627e-05 0.410578 0.000209699 1.85468e-05 1.76846e-05 0.0203746 0.101495 0.0221818 0.00220437 0.00033057 0.000224037 0.00728306 8.81282e-07 0.0179021 0.000126872 0.148 2.04422e-05 0.00125754 0.00747825 0.162491 0.0314757 0.000543149 0.0106431 0.0191363 0.0104663 0.000274069 0.00105291 0.0242028 
0.000564468 0.224192 0.00137636 0.000180317 0.000119818 0.142881 0.021967 0.00847657 0.0283773 0.000296616 1.41276e-05 0.0289228 0.000304148 0.133202 9.95061e-05 0.0557477 0.000951173 0.0195206 0.0129587 0.0796226 0.0176731 1.29022e-05 0.0469961 0.0252647 0.131657 0.000212578 0.00599245 0.012416 
3.32012e-08 0.360045 4.66288e-05 1.29086e-07 3.69233e-12 0.0461414 0.00481172 0.00320806 0.0272621 0.00057107 0.00152209 0.000954054 0.0468243 0.0756892 1.78719e-07 0.116136 3.74678e-07 0.00339078 0.0328896 0.0466037 0.0458623 0.00197844 0.114305 0.0403456 0.0056971 1.45807e-08 0.000375414 0.0253396 
0.00105706 0.253447 9.45889e-05 0.00241986 0.00819037 0.198109 0.0273548 0.172507 0.00523767 0.000875115 5.38658e-05 0.000873309 8.69314e-05 0.056135 5.03056e-05 0.0485586 2.45232e-05 0.000389135 0.012006 0.0499332 0.00709688 0.000788283 0.0179062 0.0173607 0.111783 9.74592e-05 0.000544479 0.00701953 
0.00121709 0.451927 5.91308e-07 3.23053e-06 5.69932e-05 0.00533711 0.0367849 0.00419628 0.00481247 7.88972e-05 5.70488e-06 6.02842e-05 1.81332e-05 0.000137736 4.75933e-06 0.1962 0.00484757 0.000126623 0.0525287 0.0743131 0.0130969 2.11947e-07 0.0607141 0.0507258 0.0121893 0.000223532 0.00218379 0.0282085 
0.000904621 0.395038 1.73316e-06 0.000498533 0.000103116 0.0411014 0.0149532 0.000543355 0.0129544 4.61852e-06 4.96565e-08 1.94554e-07 1.62316e-05 0.00266694 1.23934e-06 0.107508 5.13302e-08 4.65459e-08 0.0121604 0.0593938 0.000716337 0.000135694 0.316301 0.0232934 0.00960332 4.54947e-08 0.000916089 0.00118412 
0.000269759 0.271569 3.39566e-05 1.96401e-05 1.10329e-11 0.0043987 0.0910103 0.000180004 0.000770003 6.2816e-05 1.84455e-05 7.8705e-07 0.0375869 0.00136876 1.28103e-06 0.119779 0.000798738 0.245863 0.0024526 0.00853807 0.000501798 9.72708e-09 0.205494 0.00680895 0.000161754 2.68588e-09 0.000137898 0.00217473 
0.187812 0.329645 2.48461e-06 0.000122536 0.0014611 0.0487666 0.00564333 0.017918 0.0839434 0.00156627 0.00774954 3.27529e-06 0.00751727 0.0227909 9.72298e-07 0.00721666 0.000595246 0.000807351 0.127286 0.0194788 0.0307602 0.00137575 0.0364671 0.0073818 0.010252 0.00078371 8.8028e-06 0.0426443 
6.63378e-05 0.225917 1.14676e-10 7.19611e-08 0.000962933 0.00367647 0.039371 0.0626293 0.000148782 8.75382e-05 4.99192e-05 2.65324e-05 5.506e-08 0.00263947 4.98024e-07 0.113516 7.84761e-06 6.17629e-08 0.00176487 0.0826972 0.00795716 6.57384e-06 0.186751 0.107405 0.0132641 8.74878e-08 0.0884109 0.0626427 
6.05962e-06 0.971374 1.02179e-05 1.76293e-05 0.00178855 0.00130808 2.71397e-06 5.96724e-06 0.000785056 1.11761e-05 8.93393e-06 1.64843e-05 2.68363e-06 0.00126424 1.18566e-05 0.000131309 1.49593e-05 1.14674e-05 0.0140652 0.0066356 0.00174971 1.12032e-05 0.000118446 6.502e-05 6.43889e-05 1.40818e-05 1.66555e-06 0.000503529 
0.00170167 0.308794 4.52322e-05 2.66956e-05 2.60511e-06 0.00412587 0.0036522 0.000477264 0.000435978 0.000152757 8.51731e-05 3.91582e-06 2.06823e-05 0.00424904 2.54539e-06 0.0636936 3.60969e-05 0.000650998 0.211494 0.110926 0.00168607 7.94437e-09 0.140937 0.0162626 0.118306 2.51804e-07 0.00458788 0.00764431 
0.00122027 0.384716 1.30839e-05 4.0417e-05 2.11928e-09 0.016866 0.0855046 0.00128045 0.0036789 4.59031e-05 8.16335e-05 2.15021e-06 8.79899e-05 0.0143023 1.25484e-05 0.0393131 0.000478058 5.28945e-05 0.0021712 0.1199 0.000935863 1.62353e-09 0.316412 0.00646379 0.0019965 0.000282695 0.00309964 0.00104218 
9.62128e-08 0.855169 1.72093e-09 3.74469e-07 0.000581196 0.0231546 0.00650307 0.000949173 0.0293613 1.72806e-06 1.50468e-09 2.77633e-09 2.16568e-09 0.000212951 1.99693e-09 0.00538398 2.22229e-07 5.34914e-05 0.00244502 0.00253338 0.0605669 1.88688e-09 0.00658884 0.00568575 3.00076e-07 2.37171e-09 9.65688e-05 0.000711932 
0.000377915 0.378308 1.78606e-08 0.000650686 3.96825e-05 0.0455282 0.0374868 0.000165326 0.120051 0.000136893 2.81219e-05 0.000177791 0.000189814 0.017613 0.000149507 0.149504 5.65343e-06 0.00315769 0.000482031 0.168026 0.00486912 1.0717e-05 0.0372258 0.00342351 0.00114879 0.0212239 9.67978e-05 0.00992296 
0.00110492 0.345341 0.00438217 0.000586998 7.43708e-08 0.115192 0.020286 0.00115183 0.319306 2.98373e-05 4.53905e-06 9.03683e-05 3.47685e-06 0.000526933 1.66248e-08 0.0118573 6.03299e-05 9.933e-05 0.0250494 0.120389 0.00806028 6.26713e-11 0.0194822 0.00153955 0.000812537 0.000220982 0.00176218 0.00266088 
5.09867e-06 0.66269 9.08886e-06 0.000646496 0.000902632 0.0741719 0.000195679 0.0139074 0.096843 2.42657e-05 0.00154862 0.00059781 8.84283e-07 0.00162326 1.18355e-06 0.0523437 1.2529e-06 9.79381e-05 0.0113539 0.0374472 0.00256249 6.67473e-09 0.0313028 0.00834017 0.00335318 2.16327e-05 4.69731e-06 3.7969e-06 
0.00065891 0.441495 0.00131575 0.000362503 0.00147933 0.0655848 0.0386845 0.00111307 0.0739307 4.76931e-05 9.93112e-05 0.00286688 0.00366682 0.0232355 2.02435e-05 0.114518 7.49371e-05 0.000267834 0.0142068 0.0477559 0.0413004 3.67841e-06 0.056244 0.0222133 0.00815558 2.2492e-05 0.023916 0.0167608 
7.84941e-06 0.668601 1.4032e-06 1.43597e-05 3.38904e-11 0.00412427 0.0721066 0.00011925 0.000489458 4.25958e-05 2.2942e-05 4.18944e-08 2.83746e-09 0.000126926 6.874e-05 0.0275365 2.02397e-07 4.08323e-08 0.000199632 0.0546792 0.00501118 1.22793e-09 0.0770346 0.0428009 0.000410114 4.33427e-08 0.00149715 0.0451045 
8.01073e-05 0.377658 2.03393e-07 7.00607e-07 1.02504e-09 0.00389193 0.24442 0.00561157 0.000135926 4.19818e-06 0.000643701 0.000149115 2.79812e-08 0.00644421 1.19461e-07 0.00536416 1.04854e-09 2.65604e-05 0.000462102 0.330741 0.00295994 1.25845e-08 0.0187783 0.00145613 3.56097e-05 0.000766874 1.415e-08 0.000369739 
1.81117e-05 0.491446 4.91512e-09 8.48024e-09 7.03466e-09 1.89884e-05 0.0700382 1.55713e-05 2.03047e-09 5.37604e-09 0.000250315 5.3838e-06 1.29091e-09 5.48936e-06 5.9906e-06 1.14864e-05 5.17167e-06 5.51619e-09 0.121686 0.00811469 6.8987e-06 0.0479121 0.000185113 0.0122404 0.0341762 6.77381e-09 4.24146e-06 0.213853 
0.000371007 0.581978 0.00263894 1.15653e-05 1.98698e-11 0.0760098 0.000459413 8.1077e-12 0.00423725 1.6155e-08 6.41486e-08 1.31547e-06 2.32896e-09 0.0059111 1.61096e-11 0.0285515 1.63358e-06 1.29279e-05 0.000277212 0.238364 0.00387508 3.82422e-08 0.0506241 0.000802277 3.23014e-05 4.84954e-06 0.00014113 0.005694 
0.00319669 0.220543 0.00177942 6.79831e-05 2.03452e-07 0.0836144 0.0267738 0.00874989 0.01087 0.00015705 0.00039069 0.000120431 9.96002e-06 0.00884596 7.64379e-07 0.136879 2.42147e-05 2.71956e-05 0.00638909 0.211307 0.00438559 1.9383e-06 0.18733 0.039275 0.00897252 1.45866e-05 0.0150273 0.0252459 
7.18993e-10 0.721774 1.29866e-05 2.09177e-09 1.7352e-09 0.00139694 0.000843121 0.00439395 0.000272753 1.32608e-09 3.44586e-06 0.000643536 2.81675e-08 2.38583e-10 8.8404e-06 0.0112818 1.77497e-09 1.36065e-09 0.0272791 0.00427889 0.0470725 1.3293e-09 0.00663989 0.164077 0.00931017 0.000282062 2.26875e-05 0.000406633 
0.0031393 0.326837 1.42975e-05 0.00129308 0.000194689 0.00546099 0.0526605 0.000395161 0.0397426 0.00115942 2.62858e-05 7.97817e-05 0.0050586 0.240903 2.25456e-05 0.0833507 0.0131061 0.00253656 0.00246774 0.0641667 0.00258996 2.29551e-07 0.00721646 0.00925959 0.110104 0.000150469 0.00375457 0.02431 
0.000482683 0.649102 9.20586e-05 2.60865e-05 0.00635043 0.0380622 0.00160433 8.39334e-08 0.00484114 8.43225e-12 4.08398e-08 1.24372e-11 1.18882e-10 0.00207939 8.94571e-12 0.0410336 2.22539e-05 3.20472e-05 0.0174539 0.125896 0.0105867 8.45272e-12 0.0652451 0.0246969 0.000934493 2.30969e-08 6.53806e-09 0.0114581 
0.000114511 0.272293 5.20623e-11 3.86142e-06 7.4513e-11 0.0158707 0.115683 0.00147472 0.00429392 0.000205535 0.00318571 0.00138169 2.47522e-05 0.000778919 6.17781e-08 0.0770637 0.0861874 0.00264804 0.0125897 0.0744005 0.0246665 5.70826e-11 0.0867336 0.0165864 0.160546 3.51652e-07 0.0167447 0.0265229 
0.00141407 0.491355 1.9373e-06 1.51159e-05 3.13794e-06 0.0116658 0.00338415 0.0022299 0.00552176 3.86344e-05 2.96792e-05 3.46398e-05 1.5103e-11 0.000319322 1.69283e-08 0.0268658 2.42309e-05 1.10054e-05 0.00643665 0.0675363 0.19348 4.5635e-05 0.00218421 0.161912 5.38846e-08 0.000596513 0.0147916 0.0101029 
0.000953965 0.55217 0.0018091 0.000661116 0.000380731 0.0732598 0.0777438 0.000786906 0.0123219 0.00180175 0.00754922 0.000712742 0.000444673 0.0222598 0.000379122 0.0246201 0.00239129 2.12266e-05 0.00960121 0.0359343 0.00334118 8.32807e-05 0.0205827 0.0795376 0.0426915 1.18104e-05 0.000947735 0.0270011 
0.00257926 0.364394 6.61065e-06 1.13643e-05 0.000206638 0.0101511 0.0117452 0.00360419 0.318381 7.23042e-05 4.10591e-06 8.2233e-06 7.84121e-07 0.0095805 5.67335e-08 0.00870508 0.00151359 0.000670294 0.0972452 0.0750505 0.0167836 7.32262e-07 0.0131367 0.0109978 0.0221361 0.00019994 0.001671 0.0311446 
0.00276368 0.260475 5.20884e-06 0.000990373 0.00363072 0.179685 0.014502 0.0529905 0.0995549 4.40447e-06 0.034286 0.000405047 3.24976e-05 0.00348961 7.84344e-07 0.111656 4.50184e-07 4.06768e-05 0.00601295 0.146603 0.00732139 0.000412929 0.0388729 0.00521954 0.0124458 9.70127e-05 0.00385664 0.0146449 
0.000423594 0.787833 1.11683e-08 1.92691e-08 6.48441e-06 0.00154271 3.82046e-07 0.0237385 0.00239344 1.22156e-08 1.34365e-05 2.73576e-06 2.93325e-09 0.000856427 1.29594e-08 0.0193665 1.63508e-08 3.00244e-06 0.0294474 0.0502443 0.0469882 1.22453e-08 0.0355035 0.000285845 6.93525e-06 7.95037e-06 1.82047e-09 0.0013356 
0.00277177 0.168566 0.000665181 0.160592 0.000456226 0.109803 0.0799684 0.00120311 0.00524239 0.0103524 3.9918e-05 0.000744064 0.000212502 0.0802498 9.2539e-05 0.0693472 3.62382e-05 0.00256389 0.0238017 0.126144 0.0045764 2.32626e-05 0.103599 0.00756626 0.0160979 3.15809e-05 0.00118636 0.0240661 
0.00134271 0.59241 2.66867e-05 0.000775517 0.000248615 0.106545 0.000541006 0.0238664 0.00757763 0.000106931 3.72578e-05 0.000131952 2.20799e-05 0.0385353 1.70538e-06 0.0573238 0.00543452 0.000520451 0.00538574 0.0687424 0.00268753 7.37103e-06 0.0504436 0.00745133 0.00250953 6.7412e-05 0.016263 0.0109941 
0.007337 0.358006 0.00108615 9.27128e-05 4.58512e-05 0.0912515 0.0265288 0.0603735 0.00431802 8.88672e-05 0.000131397 0.000345759 0.00102911 0.00132798 2.21223e-05 0.124784 0.000401086 0.000122208 0.00608467 0.193148 0.0159027 2.36315e-05 0.0246158 0.0162798 0.0102127 0.000945973 0.00454518 0.0509489 
1.84307e-05 0.391556 2.70223e-09 7.78644e-05 3.59717e-05 0.0176369 6.60391e-06 0.0691243 1.11631e-09 2.95563e-09 2.03214e-05 4.35944e-09 7.09715e-10 0.152643 3.13561e-09 3.22719e-06 3.95616e-09 3.94552e-06 0.296869 1.63575e-06 0.0379487 2.96281e-09 6.88676e-06 6.07758e-10 0.0340213 1.89966e-05 4.40472e-10 7.9284e-06 
0.0035219 0.356639 6.57727e-05 6.86894e-07 2.15628e-07 0.0637605 0.00807977 0.00660274 0.00082729 5.33229e-05 0.000315986 1.18227e-05 1.26832e-05 0.103521 0.000124412 0.125134 0.000118385 6.92076e-05 0.00804279 0.188199 0.0184174 4.09204e-07 0.0949967 0.00731096 0.00903591 0.00137435 0.000732634 0.003031 
0.000458655 0.48063 0.00150775 0.00957282 9.13034e-06 0.0608611 0.0114683 0.000418124 0.0162956 0.00171711 5.00944e-06 3.84845e-06 2.20511e-05 0.0090478 2.2428e-06 0.0125973 1.18588e-05 0.00060983 0.0284279 0.108279 0.00578117 1.63939e-06 0.0154035 0.0566934 0.166654 5.123e-06 0.000891271 0.0126236 
0.000808056 0.26859 0.0010008 0.000650033 7.3637e-06 0.14174 0.0191669 0.0280089 0.0289383 0.00269013 0.00260872 7.27788e-05 5.82347e-05 0.0615903 3.54154e-05 0.0881955 0.000109238 0.00407079 0.00912723 0.101117 0.00614717 0.000629998 0.0505843 0.0197759 0.131788 0.000358986 0.00540695 0.026724 
0.00186345 0.299098 0.00473403 0.000133592 0.00355648 0.0522055 0.0395618 0.00201141 0.0136615 0.000404758 0.000176826 4.98687e-05 0.0130718 0.0420132 2.03872e-05 0.0378265 0.000532506 0.000116379 0.0670833 0.170533 0.00979117 6.65708e-05 0.065492 0.024192 0.0149425 0.0002976 0.00431677 0.132247 
0.00173567 0.774996 8.77616e-05 1.09632e-05 5.73485e-07 0.0123691 0.0227364 0.000115997 0.000536041 0.0168873 0.000205474 0.000101015 6.77022e-05 0.00672545 3.32171e-07 0.00650498 0.000314879 8.49435e-05 0.00146136 0.0502924 0.00124596 1.27473e-08 0.0092701 0.00667613 0.081466 8.2595e-06 0.000160303 0.00593878 
0.000269759 0.271569 3.39566e-05 1.96401e-05 1.10329e-11 0.0043987 0.0910103 0.000180004 0.000770003 6.2816e-05 1.84455e-05 7.8705e-07 0.0375869 0.00136876 1.28103e-06 0.119779 0.000798738 0.245863 0.0024526 0.00853807 0.000501798 9.72708e-09 0.205494 0.00680895 0.000161754 2.68588e-09 0.000137898 0.00217473 
0.00144367 0.270588 3.57844e-07 9.18691e-05 1.63899e-06 0.112683 0.000677484 6.11003e-07 3.82214e-05 0.000724202 0.000325299 6.08133e-06 7.16622e-05 0.103479 3.26533e-05 0.124447 3.64511e-05 5.26826e-05 2.34845e-07 0.166444 0.000731538 6.4375e-11 0.0597498 0.000457159 0.00066568 0.140461 0.0118359 0.00495429 
0.000363116 0.258656 2.21883e-08 4.09099e-06 5.79495e-10 0.00205592 0.101705 0.000171411 0.00338175 5.88417e-05 0.00235581 4.64868e-07 3.29728e-05 0.000852981 7.91909e-07 0.0477696 9.71004e-07 2.51653e-05 0.000284933 0.168557 0.0246683 4.43937e-10 0.00957975 0.243489 0.00783849 5.58006e-10 0.0357058 0.0924427 
5.75355e-05 0.403231 0.00579251 0.000218221 0.00250963 0.0858785 0.0445886 0.0441088 0.00956398 0.00292932 5.6629e-05 0.0116722 6.64721e-05 0.0604388 5.13409e-05 0.150622 5.55752e-07 0.000219436 0.0144605 0.0502058 0.00908089 3.74589e-06 0.0448136 0.017588 0.0202287 0.00345956 0.0100527 0.00810136 
0.000718194 0.430211 5.78568e-07 1.96582e-06 0.000712159 0.0830741 0.00347614 0.00265817 0.0444424 0.000226436 7.23604e-06 0.00214527 0.00187805 0.349934 2.56299e-06 0.020092 3.25586e-05 0.000528447 0.0283202 0.00148283 0.0069615 7.61457e-07 0.00575505 0.000326288 0.00143667 1.78083e-07 0.00569449 0.00988068 
2.89996e-05 0.364514 2.53584e-05 7.68121e-07 0.000345193 0.0372128 0.00134178 0.00362211 0.0177561 6.46592e-06 1.36855e-06 0.00287804 0.0252428 0.00152095 3.97238e-05 0.0258494 2.77935e-08 3.28672e-06 0.0440216 0.0359321 0.137716 2.08148e-08 7.11071e-05 0.26095 0.000687522 0.000443753 8.67511e-07 0.0397871 
0.00226174 0.335888 1.07276e-05 0.000113157 0.000175219 0.021578 0.00425509 0.000210434 0.00237862 3.23431e-05 0.000746983 0.000354565 7.34236e-06 0.102476 2.03114e-05 0.086408 0.00013171 0.000243768 0.0312141 0.145466 0.00193697 0.00473152 0.00975398 0.0193311 0.160591 4.97852e-05 0.00339233 0.0662412 
0.000371007 0.581978 0.00263894 1.15653e-05 1.98698e-11 0.0760098 0.000459413 8.1077e-12 0.00423725 1.6155e-08 6.41486e-08 1.31547e-06 2.32896e-09 0.0059111 1.61096e-11 0.0285515 1.63358e-06 1.29279e-05 0.000277212 0.238364 0.00387508 3.82422e-08 0.0506241 0.000802277 3.23014e-05 4.84954e-06 0.00014113 0.005694 
0.000438627 0.248887 0.00921198 4.33939e-05 0.000100278 0.0196916 0.0749862 0.00280727 0.000363586 0.000461201 4.49157e-06 2.86321e-05 0.000341276 0.00022898 0.000117388 0.111071 1.0608e-06 0.000715049 0.0291678 0.127086 0.0568412 4.79632e-08 0.127938 0.0255674 0.0152646 0.071891 0.0010714 0.075673 
0.000201853 0.423751 1.25892e-05 5.18621e-05 3.85363e-05 0.0854418 0.0126687 0.0237406 0.00624682 5.9127e-05 9.19057e-06 0.000567391 0.00281127 0.0246712 1.03068e-05 0.214689 3.1968e-05 0.000244516 0.00113974 0.0401745 0.0238251 4.32567e-05 0.0805028 0.0113938 0.0424318 9.93196e-06 0.00391189 0.00131986 
6.63217e-05 0.588953 2.33439e-05 0.000194247 0.000193555 0.0100964 0.00612798 5.36207e-05 0.00167992 1.46082e-05 1.10398e-05 0.000138899 1.26776e-08 0.000376953 1.62015e-06 0.0318433 3.25322e-06 7.05454e-07 0.0123644 0.0577352 0.200905 1.56007e-10 0.00427228 0.0576719 0.0108562 1.8745e-07 0.000663231 0.0157533 
0.000543329 0.250982 1.20266e-05 3.30619e-06 5.08462e-11 0.0391234 0.0076367 0.0042224 0.00221337 0.000185863 7.66268e-09 1.87878e-05 1.56989e-05 0.0689148 0.00057578 0.0741358 2.85336e-05 0.000114741 0.00596138 0.199522 0.0123444 0.000348347 0.136727 0.0462584 0.102414 9.78479e-06 0.000697696 0.0469914 
0.00128855 0.394518 0.000280614 0.00161906 0.000429985 0.0342559 0.0614121 0.0127556 0.00606069 0.000152314 0.00109425 0.00648713 1.83415e-05 0.0102291 2.89341e-06 0.0955385 0.0010826 0.000327789 0.0485409 0.0444616 0.0269717 0.000104482 0.0516867 0.028172 0.00570747 0.00031989 0.00647346 0.160008 
0.00556833 0.518394 4.32467e-06 7.4615e-06 0.000712095 0.00232236 0.0187278 0.00283018 0.000432572 0.000438821 0.0991807 0.000103017 1.13583e-06 0.0155754 0.000920721 0.0294039 0.000790731 0.00040572 0.0200908 0.000306729 0.000873897 0.0012717 0.188179 0.000924823 0.0550191 5.96006e-06 7.04934e-07 0.0375073 
0.00019331 0.605066 0.000217618 1.04702e-05 0.0128809 0.0720807 0.013381 0.000531926 0.0113522 2.03119e-11 4.09861e-08 0.0343805 7.78178e-06 0.00828962 2.15488e-11 0.0457666 8.93577e-06 0.00103627 0.00889018 0.0758453 0.0120184 2.03612e-11 0.0579331 0.027829 0.00185379 1.22109e-05 6.19475e-05 0.0103527 
0.00615124 0.180295 0.000346172 0.110509 0.000451059 0.164799 0.00824762 0.0128382 0.00621144 0.000531055 0.00334531 0.000688501 0.00441952 0.0404396 0.0186919 0.116545 0.000176626 0.00744577 0.0271566 0.0831423 0.0110193 0.00251784 0.0791611 0.00640044 0.0708373 0.0105169 0.00835955 0.0187565 
0.000758678 0.261157 0.0232501 0.00019 1.69345e-05 0.0845205 0.0436243 3.08516e-07 0.00531294 0.000115505 0.000303415 0.000523665 3.1683e-05 0.142807 0.00017024 0.0223507 2.72268e-05 2.25038e-05 8.13888e-05 0.210189 0.00117639 2.55619e-06 0.11563 0.00138691 0.00404374 0.0388969 0.0379999 0.0054106 
0.00206313 0.325545 0.00165049 0.00108167 0.00172386 0.0608731 0.0234082 0.00201889 0.171081 0.0010138 0.00741249 0.000189328 4.3166e-05 0.0835136 1.86753e-05 0.0603955 0.00121023 0.000828696 0.034135 0.0918388 0.0282499 5.28752e-05 0.0337566 0.0153476 0.00401815 0.000440949 0.0140858 0.0340036 
0.00381496 0.313142 0.00254284 8.23108e-05 0.000130767 0.037314 0.0455336 0.00189834 0.0146301 8.91551e-05 3.66227e-05 4.99243e-05 9.23905e-06 0.00658207 1.24349e-06 0.0521469 0.000444898 0.000291284 0.0873443 0.205368 0.0504249 4.49258e-06 0.0431693 0.0121713 0.0496932 3.21046e-05 0.00242789 0.0706243 
0.0020115 0.164979 4.65453e-05 0.000221225 0.00108443 0.097925 0.163967 0.00878031 0.0134152 0.0046519 0.00150304 0.000371155 0.042511 0.0209441 2.22215e-05 0.12835 0.000685153 0.000664871 0.0228018 0.0516569 0.0128262 0.0164073 0.159459 0.0232714 0.0189214 2.91184e-07 0.0248066 0.0177167 
6.24306e-05 0.225731 6.53559e-07 1.94096e-06 5.72873e-05 0.00946653 0.00400252 0.0010352 0.0147456 3.80745e-06 0.000162597 2.39599e-08 6.70487e-09 0.00092074 1.0967e-09 0.0219515 6.60477e-05 1.96788e-05 0.072722 0.16446 0.219791 1.26842e-11 0.0011011 0.0596703 0.000297309 1.59434e-11 0.000107037 0.203624 
1.99874e-09 0.44245 3.37034e-09 0.0116268 4.36303e-06 0.436569 1.16978e-06 2.42585e-06 0.00284517 1.23556e-06 0.0503301 0.000391072 8.85186e-10 0.0169681 3.91086e-09 1.41611e-05 4.93428e-09 3.78249e-09 8.36154e-10 0.0171748 0.000618876 3.69533e-09 0.012586 7.1262e-06 0.00840783 4.64485e-09 6.15896e-07 9.06425e-07 
0.00454972 0.196996 9.07841e-05 0.000210534 2.6512e-05 0.13964 0.0377674 0.00650217 0.0578003 0.00135927 6.56648e-06 3.22487e-06 0.00595277 0.0902936 4.3337e-05 0.0574958 0.00109467 0.00011248 0.0665443 0.144443 0.000611653 2.1684e-10 0.0120141 0.000762185 0.166951 1.71531e-05 0.00142873 0.00728356 
0.00412942 0.217144 0.00500561 0.000446813 0.000352411 0.0921759 0.12321 0.0227221 0.0120214 0.000449418 0.00199074 8.36332e-05 0.000181979 0.0624126 3.05941e-06 0.0469376 9.99576e-05 0.000798882 0.0148403 0.156693 0.0215859 2.7255e-06 0.164253 0.010142 0.00323623 0.000206543 0.00847521 0.0303991 
0.00426068 0.283965 9.32404e-06 0.000583845 0.00183973 0.211085 0.0702609 0.000262641 0.00103513 0.000329031 0.0145292 0.000235329 0.000299315 0.224594 0.000153536 0.0136596 4.53249e-06 0.000229574 0.0106882 0.0650367 0.0100235 0.000405143 0.0211367 0.00667905 0.0125252 0.000398585 0.0106299 0.0351406 
0.000188619 0.518108 1.14735e-05 2.13736e-06 3.16272e-09 0.0011117 0.0030804 3.57948e-05 0.00408148 3.16784e-05 2.16314e-08 2.21149e-07 5.22466e-05 3.1799e-08 6.29544e-10 0.0555188 5.62468e-06 2.75363e-05 0.0272061 0.164207 0.0327138 5.27559e-12 0.0590722 0.0726156 0.0180183 4.55172e-10 0.00822736 0.0356837 
0.00130264 0.311999 0.000122257 0.000249796 0.00567874 0.090939 0.0864333 0.0019206 0.0144192 8.75288e-06 0.00221661 0.00911267 6.56145e-05 0.03127 3.22071e-06 0.0820525 5.47902e-05 0.000128034 0.0485795 0.0733782 0.0469081 1.39178e-07 0.08241 0.0322346 0.028268 7.96826e-06 0.000890985 0.049346 
0.000842417 0.67646 1.72558e-05 4.31832e-05 0.000195822 0.0409351 0.00487498 0.000372755 0.0356892 0.000402393 1.32132e-05 3.13308e-05 7.35497e-07 0.00433633 1.3424e-09 0.013407 0.000100164 0.0357974 0.0144894 0.0448422 0.0577845 1.26842e-09 0.0326464 0.0236149 0.000465154 4.47689e-06 0.000608655 0.0120252 
0.000269759 0.271569 3.39566e-05 1.96401e-05 1.10329e-11 0.0043987 0.0910103 0.000180004 0.000770003 6.2816e-05 1.84455e-05 7.8705e-07 0.0375869 0.00136876 1.28103e-06 0.119779 0.000798738 0.245863 0.0024526 0.00853807 0.000501798 9.72708e-09 0.205494 0.00680895 0.000161754 2.68588e-09 0.000137898 0.00217473 
0.00962968 0.236408 0.00205126 0.00140294 0.00750388 0.181776 0.0582852 0.0135032 0.168818 0.00636346 0.000302255 0.000156334 0.000106778 0.0195954 1.13831e-05 0.0266273 1.53651e-05 0.000577674 0.00643069 0.0928193 0.00241436 7.84382e-05 0.0726351 0.00642332 0.0174752 0.00604687 0.0584538 0.00408803 
1.5982e-08 0.823002 3.68236e-06 1.45761e-11 2.8472e-08 0.000719574 0.00673635 4.01935e-07 0.000753598 9.2405e-12 4.09365e-08 8.99079e-08 5.66416e-09 7.70165e-09 1.06608e-07 0.048114 1.23686e-11 9.48141e-12 0.0028318 0.0462772 0.0218919 9.26294e-12 0.00977558 0.0321108 2.9523e-07 3.66422e-06 3.7741e-05 0.0077407 
0.04838 0.337057 3.21383e-05 0.000485938 3.9444e-05 0.0319909 0.0908978 0.00271048 0.000358865 0.00983819 0.000279841 0.00789678 0.000138438 0.102382 0.000538592 0.0600971 0.000234434 0.000250215 0.00883818 0.0146283 0.00175518 8.87985e-05 0.056252 0.0225056 0.0373325 8.43929e-05 0.000129857 0.164777 
0.0122425 0.318443 1.08187e-06 2.58494e-06 0.00014105 0.00611241 0.00643158 0.0373121 0.0656688 3.00558e-06 0.000751976 0.00109039 0.0003808 0.114999 3.16386e-07 0.0194897 2.87314e-06 0.0109645 0.0973726 0.000265446 0.0551798 0.000327174 0.0445424 0.190327 0.00233364 0.00150162 2.42523e-06 0.0141104 
6.55954e-05 0.379276 3.9055e-05 0.000198625 3.25227e-05 0.137503 0.0224915 0.000173904 0.00114322 0.00095652 3.56482e-05 0.0238537 2.71322e-06 0.00704124 3.18281e-05 0.0940292 0.00184265 0.000610924 0.00390925 0.234798 0.00404459 9.42731e-09 0.00150573 0.00954919 0.00035382 0.000110192 0.0303449 0.0460568 
0.00019331 0.605066 0.000217618 1.04702e-05 0.0128809 0.0720807 0.013381 0.000531926 0.0113522 2.03119e-11 4.09861e-08 0.0343805 7.78178e-06 0.00828962 2.15488e-11 0.0457666 8.93577e-06 0.00103627 0.00889018 0.0758453 0.0120184 2.03612e-11 0.0579331 0.027829 0.00185379 1.22109e-05 6.19475e-05 0.0103527 
0.00264253 0.767274 0.00513634 0.00217969 2.75355e-06 0.107927 0.00178865 1.12356e-06 0.000522234 9.30205e-06 1.68215e-06 3.10379e-06 5.05295e-07 0.0205883 0.0441566 0.00576761 0.000129554 2.15918e-06 5.82573e-05 0.0302974 0.00780352 2.10943e-06 2.01433e-05 0.00180705 0.000325662 2.65144e-06 0.000394095 0.00115695 
0.000682981 0.395623 0.0031946 0.000150137 8.95515e-05 0.0367424 0.00522442 0.000404975 0.00382024 0.0469641 8.81349e-05 6.1127e-05 2.30828e-05 0.077567 0.000104966 0.120309 7.80149e-06 0.00170851 0.0012998 0.229492 0.0060613 9.33299e-05 0.0179186 0.0221097 0.000410101 0.000263108 0.0177272 0.0118594 
0.00722308 0.297094 0.0110632 4.86645e-08 1.06997e-07 0.0562482 0.0011664 5.82102e-08 0.0642295 5.98891e-05 0.000347662 1.82664e-11 2.51111e-09 0.00853547 1.31384e-11 0.121173 1.39977e-08 0.000138426 0.0328352 0.274746 0.0128503 1.24144e-11 0.0748299 0.0148182 2.51156e-07 3.75161e-05 0.000571885 0.0220315 
0.0303946 0.569581 0.000230514 2.25297e-05 4.66876e-07 0.0108477 0.0287091 0.000409282 0.106684 0.000746159 0.000520593 2.34822e-05 7.03597e-07 0.00669047 8.56191e-06 0.0140873 0.00595227 6.86283e-05 0.0315901 0.062354 0.0304145 4.05388e-10 0.00425321 0.000261888 0.0282156 0.00624124 7.63752e-05 0.0616163 
0.00133559 0.320921 1.56357e-07 0.000167172 0.00011998 0.0814704 0.0289925 0.000110081 0.0127494 0.00958211 1.94308e-07 0.000149533 1.48071e-05 0.00522002 4.8148e-08 0.113154 6.57512e-05 0.000578865 0.109256 0.117861 0.0520726 5.19864e-09 0.00594232 0.0726849 0.00302076 0.000614717 0.00089452 0.0630216 
0.00172261 0.297955 0.00661584 2.17314e-05 0.000445527 0.0370725 0.101092 0.00186615 0.00145758 0.000686591 0.00110198 0.000152374 0.00157758 0.0462298 2.58348e-05 0.0642215 7.05658e-05 0.000550154 0.0256835 0.110385 0.00297268 5.22358e-06 0.177693 0.011251 0.078153 0.000357926 0.0065684 0.0240645 
5.33263e-06 0.401285 1.71895e-07 7.14026e-09 1.95357e-07 0.028481 0.000590287 3.97559e-05 0.0101883 2.83501e-06 3.61844e-09 7.24191e-05 1.08693e-09 0.00223742 4.80219e-09 0.0633971 4.74188e-07 0.000270288 0.0237021 0.276502 0.0376696 2.10142e-06 0.000527446 0.120085 1.01095e-09 5.70346e-09 5.37725e-06 0.0349357 
0.00994842 0.265425 0.00163912 0.00095315 0.00104345 0.136522 0.211364 0.00550065 0.0192849 0.000242112 0.00478543 0.0115997 0.0208957 0.0341868 2.82725e-05 0.0417686 0.000162161 0.00268979 0.0191168 0.0698472 0.0076637 0.000924942 0.0539601 0.0233218 0.0160661 0.00137419 0.0113608 0.0283257 
0.000269759 0.271569 3.39566e-05 1.96401e-05 1.10329e-11 0.0043987 0.0910103 0.000180004 0.000770003 6.2816e-05 1.84455e-05 7.8705e-07 0.0375869 0.00136876 1.28103e-06 0.119779 0.000798738 0.245863 0.0024526 0.00853807 0.000501798 9.72708e-09 0.205494 0.00680895 0.000161754 2.68588e-09 0.000137898 0.00217473 
0.0002384 0.801005 0.00063066 1.18763e-07 1.37769e-06 0.00205422 0.00956005 0.000121929 0.00267235 0.000319412 0.000494662 0.000148068 1.62519e-05 0.069757 6.81116e-08 0.00309727 2.07186e-06 7.05464e-05 4.17984e-07 0.0684349 0.00176279 5.06693e-08 0.0335584 0.000501435 0.00194114 4.01043e-08 1.78883e-07 0.00361119 
0.000148986 0.27985 0.00108535 0.000376739 1.39843e-07 0.165313 0.00760007 0.000847637 0.0483571 4.41334e-05 6.36861e-06 0.00616258 0.00344041 0.0154901 1.75607e-05 0.11467 6.70554e-05 0.000813392 0.0108624 0.0647952 0.00116648 9.35195e-08 0.26201 0.00651772 0.00779615 1.83117e-08 0.00162298 0.000938883 
0.0221304 0.596086 1.14921e-08 2.03227e-05 1.64478e-08 0.0181012 0.0406062 0.0955422 0.0438217 6.22813e-05 6.77388e-05 2.68808e-06 3.20803e-06 3.34725e-05 3.08847e-07 0.0380931 9.06019e-07 9.16905e-05 0.0277337 0.00704937 0.0240367 0.00107723 0.0695512 0.00890116 0.000621915 7.43363e-05 0.000353603 0.00593729 
0.000269759 0.271569 3.39566e-05 1.96401e-05 1.10329e-11 0.0043987 0.0910103 0.000180004 0.000770003 6.2816e-05 1.84455e-05 7.8705e-07 0.0375869 0.00136876 1.28103e-06 0.119779 0.000798738 0.245863 0.0024526 0.00853807 0.000501798 9.72708e-09 0.205494 0.00680895 0.000161754 2.68588e-09 0.000137898 0.00217473 
0.0165403 0.279855 0.00110899 4.70532e-05 0.000736855 0.239359 0.000578682 0.000824982 0.0429078 0.00290051 0.00151861 0.000625538 2.97724e-05 0.00467882 1.65469e-07 0.0765367 0.00594727 0.000277505 0.061416 0.0303659 0.0443248 9.91616e-10 0.0591172 0.00651219 0.0960545 1.33339e-05 0.0184342 0.00928839 
0.000169898 0.485157 2.17737e-05 0.000577976 0.000732604 0.0590732 0.00562797 0.000505066 0.0484026 0.000488852 0.000282538 0.000251907 0.00806623 0.0169873 2.32675e-05 0.066149 0.000494583 0.000895538 0.00211432 0.0331012 0.00133607 6.41371e-06 0.235177 0.027568 1.08752e-06 0.000249213 0.00155517 0.00498398 
0.000319253 0.466128 4.40419e-05 0.000172609 1.1617e-06 0.0505903 0.0382223 0.000344708 0.0845185 0.000178883 0.00016043 5.62956e-05 0.00593753 0.00595688 4.24965e-05 0.0639696 0.000856507 0.000228666 0.00634838 0.0933189 0.00803257 2.18493e-05 0.127617 0.00158884 0.00385635 0.00379316 0.00321012 0.0344846 
0.00151819 0.315298 0.000808141 0.000206725 7.37241e-06 0.0669754 0.00762868 0.00274562 0.00873653 0.000157016 0.00240467 0.000432887 2.2361e-05 0.12023 1.1416e-05 0.0582916 0.000165179 0.000196269 0.0100285 0.168485 0.0267101 1.42649e-05 0.0370728 0.0770416 0.000352893 1.52824e-05 0.0245983 0.069846 
1.51929e-05 0.421118 3.07018e-08 1.05925e-07 1.40324e-11 0.00846025 0.140628 0.000970958 0.000310551 8.44241e-06 0.000676076 0.000149302 4.21137e-09 0.00173464 1.7976e-08 0.0110939 1.4354e-11 4.55965e-05 0.000190951 0.376296 0.00453783 1.79755e-09 0.0310908 0.00146363 7.20048e-05 0.000790552 2.12671e-09 0.000347526 
0.00125632 0.304889 3.93771e-07 3.90184e-07 6.49378e-11 0.0154195 0.00592725 0.000279546 0.0105678 2.10868e-07 9.06099e-05 2.39266e-07 2.64685e-08 0.023387 1.16941e-07 0.130425 6.80745e-06 0.000710567 0.095372 0.225581 0.0517915 4.97473e-11 0.00312519 0.000688524 0.0203938 0.0052618 0.0593284 0.0454969 
0.00823876 0.252441 7.68053e-05 0.00132899 0.000352208 0.0971102 0.0306622 0.0136207 0.0207937 0.000287965 0.00428305 3.64322e-05 0.0100283 0.0113815 0.000102706 0.0826521 0.000352486 0.000134315 0.0511458 0.18941 0.00333161 2.61857e-09 0.0352902 0.00932382 0.111353 0.00243493 0.0433566 0.0204696 
0.00051756 0.26799 6.99627e-05 3.65315e-05 9.68687e-08 0.0859277 0.105941 0.00642634 0.00266857 0.00185958 0.0633453 0.000420262 0.000135425 6.08104e-05 4.72679e-06 0.117836 6.44883e-07 0.0018843 0.000791438 0.14146 0.010945 2.21255e-09 0.135651 0.044972 0.00262541 6.61041e-05 0.00239966 0.00596402 
0.000289914 0.20641 0.00124508 0.000361 3.96632e-06 0.139974 0.00260944 0.000225791 0.0328932 0.0356238 2.11134e-05 0.0199979 1.02454e-09 0.13728 0.00195491 0.140237 0.000720879 0.000479987 0.00645704 0.165454 0.0427227 2.8788e-06 0.0157805 4.54601e-05 0.007516 0.000127637 0.0332172 0.00834979 
9.83487e-07 0.287387 2.03953e-07 0.000529492 1.52926e-10 0.221997 0.0209868 0.00116869 0.0352546 2.10277e-05 0.00352413 0.00500713 4.78009e-09 6.14238e-06 1.23986e-10 0.100504 0.148666 1.2384e-07 0.0046252 0.0129412 0.0328607 1.1056e-07 0.0796216 0.0156964 0.00590933 6.83231e-08 0.00252275 0.0207692 
0.00106883 0.433627 0.000562848 9.18801e-05 6.04457e-05 0.290498 0.00990395 3.06501e-05 0.0911715 0.000202405 7.64427e-06 1.06604e-05 1.40145e-05 0.00384346 1.83043e-10 0.0133874 3.10688e-06 0.00175819 0.00728606 0.045388 0.0439902 1.72955e-10 0.0464382 0.000345051 0.000222757 1.23883e-05 0.00390808 0.00616704 
0.000582705 0.262668 3.3479e-05 6.9129e-05 1.05457e-07 0.0209668 0.0564472 0.000240356 0.00263602 7.30166e-05 0.000135686 2.22776e-07 0.0167453 0.0199625 3.87714e-05 0.124298 0.000774794 0.100674 0.00474739 0.135375 0.00602347 4.0198e-09 0.138253 0.0201657 0.00181988 2.42859e-05 0.0708294 0.0164155 
0.000426622 0.278646 0.00198476 0.00012673 1.36199e-05 0.0184356 0.146432 0.00367915 0.000388815 0.000184659 0.000512664 0.000135873 7.95395e-05 0.0210093 4.44435e-06 0.037488 1.01066e-06 4.07174e-05 0.00109916 0.180288 0.00161638 2.15832e-08 0.26882 0.00986063 0.0196301 0.000415791 0.00446702 0.00421349 
0.00218329 0.388704 0.00975948 0.000234674 3.32335e-06 0.300984 0.0020001 3.37009e-05 0.012652 0.00338709 0.000634644 2.08297e-05 5.28661e-08 0.0292347 1.70439e-09 0.0335176 0.00403475 5.6372e-05 0.0404337 0.0453836 0.028026 1.61047e-09 0.01092 0.0370183 0.000412568 6.39698e-05 0.000476282 0.0498245 
0.000745195 0.327634 1.23314e-08 9.71203e-05 3.46646e-05 0.109265 0.0282782 0.000325051 0.0012879 2.10776e-05 0.00038906 2.91907e-05 5.18974e-05 0.00888191 2.61299e-05 0.0602433 1.84529e-06 3.82056e-05 7.56504e-05 0.254036 0.00285489 1.21055e-09 0.144983 0.00399374 0.000940715 0.00707291 0.0409223 0.00777101 
0.0346271 0.345879 0.00168421 4.59272e-05 2.14639e-05 0.0298158 0.102886 0.000812936 0.00111016 0.00274066 0.000649115 2.49465e-05 0.000197374 0.00523528 0.000169627 0.100269 4.00678e-05 0.000588626 0.020425 0.204124 0.00857968 0.000744719 0.03535 0.0325226 0.0300654 0.00930014 0.00577507 0.0263159 
1.29782e-05 0.472988 2.46154e-06 8.91222e-06 1.2238e-11 0.00853735 0.0188666 0.000142395 0.000395387 3.68646e-05 2.10969e-05 2.54714e-05 7.01241e-07 0.00222161 1.16354e-07 0.0819484 2.06005e-06 0.000101794 0.0020137 0.257363 0.00110177 7.12866e-10 0.139413 0.00575803 0.00162466 2.53604e-08 0.000268868 0.00714549 
0.000269759 0.271569 3.39566e-05 1.96401e-05 1.10329e-11 0.0043987 0.0910103 0.000180004 0.000770003 6.2816e-05 1.84455e-05 7.8705e-07 0.0375869 0.00136876 1.28103e-06 0.119779 0.000798738 0.245863 0.0024526 0.00853807 0.000501798 9.72708e-09 0.205494 0.00680895 0.000161754 2.68588e-09 0.000137898 0.00217473 
0.000377401 0.310555 8.21655e-09 0.000488545 4.24412e-12 0.0293502 0.167722 0.00429829 0.00150866 0.000186625 0.000103879 0.000122135 5.12941e-05 0.000683482 4.81101e-09 0.0514515 4.3414e-12 0.000200127 0.00151949 0.217575 0.0107676 1.93742e-07 0.0314538 0.085764 0.08382 7.93183e-06 0.000153125 0.00183982 
0.000371007 0.581978 0.00263894 1.15653e-05 1.98698e-11 0.0760098 0.000459413 8.1077e-12 0.00423725 1.6155e-08 6.41486e-08 1.31547e-06 2.32896e-09 0.0059111 1.61096e-11 0.0285515 1.63358e-06 1.29279e-05 0.000277212 0.238364 0.00387508 3.82422e-08 0.0506241 0.000802277 3.23014e-05 4.84954e-06 0.00014113 0.005694 
0.0309824 0.242877 0.00194763 0.000122154 0.00153982 0.082347 0.00739914 0.0016217 0.0088758 0.00308081 0.00215864 0.00156895 0.00576957 0.118724 3.63699e-06 0.108143 7.10443e-05 0.000315718 0.00785236 0.118522 0.0074946 6.24402e-05 0.0580374 0.037769 0.0679723 5.66937e-05 0.0581626 0.0265219 
0.00214631 0.37221 0.000147741 7.44918e-05 0.000300138 0.0693429 0.0165446 0.00478888 0.0177249 0.018721 0.0110205 0.00284715 7.58264e-05 0.135842 1.91235e-05 0.0336325 6.23048e-06 0.000463617 0.00701296 0.12662 0.0238567 5.27112e-06 0.0434061 0.0117427 0.000770236 0.00756697 0.0713365 0.0217746 
1.09914e-06 0.966272 3.08586e-05 3.73994e-06 2.03415e-06 0.000645532 0.000471314 8.4571e-06 0.00108247 1.80049e-06 1.96052e-05 0.00257323 0.00072087 0.0101116 4.92816e-06 0.0033072 1.01347e-05 9.12966e-06 0.00129628 0.00508044 0.00607459 9.21124e-07 0.000579762 0.00148543 5.96147e-06 3.40005e-07 2.58367e-06 0.000197234 
0.00222268 0.365563 1.85254e-07 3.3222e-08 5.45649e-06 0.00400229 0.0109989 2.71084e-07 0.00460944 0.000137591 2.32401e-10 4.2881e-10 7.04978e-08 9.85673e-05 5.8124e-09 0.0801055 1.44036e-05 9.83964e-05 0.0346043 0.0335627 0.271643 1.25647e-08 0.000192811 0.129806 2.91765e-08 3.66315e-10 2.68013e-09 0.0623353 
0.000214812 0.276584 1.44045e-10 0.000529373 3.39069e-07 0.0372856 0.0962317 0.00169559 0.00300466 0.000123815 9.33206e-06 0.00018831 2.58533e-05 0.00645538 2.42766e-07 0.0355258 1.02397e-06 0.000171316 0.00820313 0.126862 0.00169373 7.88393e-07 0.097861 0.0902245 0.18703 2.97986e-06 0.00142895 0.0286462 
0.000630321 0.23457 1.29437e-06 3.63826e-05 0.000400577 0.0495305 0.0234371 0.00030538 0.0107127 6.78397e-06 0.000388271 6.62123e-06 3.4724e-05 0.0128282 4.59875e-06 0.0456007 3.10797e-06 8.60755e-06 0.0434293 0.205328 0.130515 4.32715e-09 0.0714413 0.0239191 0.000764984 0.00272938 0.00977313 0.133593 
1.73302e-07 0.354131 1.0674e-07 0.00161621 1.19621e-10 0.154803 0.00399021 3.87326e-10 0.00449696 7.93425e-08 0.00942732 0.0179729 6.11154e-09 0.00699934 2.56562e-08 0.0842596 1.47206e-06 0.000216074 0.00040055 0.187829 0.00377801 9.1639e-11 0.169697 4.39893e-05 0.000101679 8.39943e-08 0.000235211 9.82422e-08 
0.0240434 0.744554 4.37252e-05 2.34267e-06 0.00425356 0.0805528 0.00251481 2.4094e-06 0.00304171 6.11101e-06 4.27037e-07 1.41025e-08 3.31542e-07 0.051125 2.8844e-07 0.0050743 7.62843e-07 1.69207e-06 0.0283798 0.00426989 0.0339249 4.17947e-06 0.000127967 0.00122421 2.13539e-09 0.00014011 1.11233e-06 0.0167098 
2.5764e-07 0.254103 0.000420862 2.42867e-10 8.73111e-08 0.0318731 0.00143388 0.00219499 0.00825538 1.71351e-05 2.56637e-05 0.00219626 4.92846e-05 0.0364885 3.76737e-07 0.0564431 4.0402e-08 3.99577e-05 0.210177 0.0886241 0.118033 1.56234e-07 0.0139806 0.100586 0.0218956 0.000161498 7.66697e-05 0.0529228 
0.0560398 0.408312 0.000108966 8.79604e-07 1.46836e-06 0.0452764 0.00402241 0.000213717 8.74434e-06 7.19006e-06 3.8006e-05 0.00116057 7.35512e-05 0.00272267 1.06347e-07 0.00168934 0.1599 0.00142763 0.0201368 0.0443053 0.0074793 1.53398e-08 0.168449 0.000775161 0.0374086 3.49192e-05 0.00228326 0.0381251 
0.000616311 0.427365 0.000745642 1.3531e-05 1.91465e-11 0.0334281 0.00619571 3.17373e-05 0.00156485 1.65429e-05 1.59613e-05 0.000567214 4.55348e-07 0.00220676 2.52896e-07 0.0755331 1.93282e-06 6.03226e-05 0.00511238 0.254781 0.0021358 1.5186e-06 0.175264 0.00208843 0.000592602 1.091e-05 0.000894213 0.0107557 
0.00149327 0.384703 0.000687405 0.000467504 5.03647e-08 0.191972 0.0153905 7.76318e-06 0.00333572 0.000579043 0.000496813 0.000640998 1.67688e-06 0.0106546 5.11859e-07 0.0239113 7.26134e-09 1.12062e-05 0.0107193 0.162799 0.0214097 6.02807e-10 0.110779 0.00893218 0.001051 8.76948e-05 0.0254008 0.0244675 
0.00817115 0.356311 9.8398e-09 0.000490948 0.00977416 0.0606475 0.0166961 0.00195435 0.105869 1.07625e-08 0.00259147 0.0408901 8.67516e-07 0.0136967 1.14179e-08 0.0177384 1.20411e-06 0.00441182 0.284574 0.00223574 0.00279073 1.16764e-06 0.0563354 0.0133433 0.000922265 1.78801e-05 1.54869e-05 0.000518227 
0.00318763 0.185681 5.53343e-05 6.83448e-05 0.000156601 0.112563 0.0178733 0.0116842 0.00601111 0.00588528 0.00105102 0.000835728 0.0105398 0.0271287 0.00024089 0.0723034 5.53e-05 0.000108772 0.0405531 0.111459 0.0588437 0.000124887 0.033862 0.0908065 0.0733768 0.000565416 0.00371181 0.131267 
0.168165 0.243673 7.46371e-06 2.32647e-06 2.29721e-10 0.145355 1.10421e-06 1.03203e-07 0.029117 1.75558e-10 1.40337e-10 2.58941e-10 4.21554e-11 0.052544 4.49602e-05 0.0751166 5.87701e-07 3.60449e-07 0.0236846 0.168796 0.0145848 0.0200838 2.86021e-06 0.0243727 0.0186926 6.85947e-07 5.23521e-08 0.0157527 
5.0514e-06 0.439853 1.2403e-07 4.00521e-06 2.22372e-05 0.00340942 0.000757508 7.58915e-06 0.00031906 5.06159e-05 8.31074e-08 5.53841e-05 5.948e-10 2.75326e-05 1.54514e-07 0.010651 1.00265e-06 3.63329e-06 0.0137108 0.183337 0.164685 1.07816e-07 0.00256925 0.133149 0.000700299 1.05358e-06 9.00372e-05 0.04659 
0.058177 0.225818 0.00452462 8.07195e-05 2.78354e-07 0.186145 0.00159575 0.0110681 0.0027188 7.57339e-05 1.05943e-07 0.00207532 1.02365e-05 0.190377 5.74625e-09 0.13038 0.00132776 0.0030455 0.00790119 0.0857867 0.00436644 1.83559e-05 0.0472792 0.0132657 0.00496887 1.10694e-05 0.0058843 0.0130991 
4.83206e-05 0.334329 9.30804e-05 1.71799e-05 0.028841 0.00787994 0.0011614 0.00010158 0.0112157 0.000218327 6.97348e-05 1.19917e-07 3.34527e-06 0.218217 2.7741e-06 0.00892632 1.37397e-05 0.000242019 0.152321 0.0320539 0.00188094 8.14995e-08 0.000116353 0.00155663 1.81579e-08 0.104154 1.39655e-06 0.0965347 
0.00221417 0.224407 1.11596e-05 1.99949e-06 0.0329154 0.0996728 0.0365648 0.00126828 0.00869148 4.0815e-05 0.00163738 9.33848e-05 0.0149641 0.00942511 4.66601e-05 0.122555 1.82265e-05 0.000221732 0.00747216 0.0306019 0.185227 8.7824e-05 0.0933793 0.0141171 0.0288838 1.20473e-05 0.0403894 0.0450798 
0.00401384 0.172148 2.26815e-05 2.03137e-05 8.34197e-09 0.158087 0.0885778 0.0299195 0.000266773 0.00102527 4.99377e-07 2.72132e-06 5.81557e-05 0.0251465 0.000456295 0.1121 0.00132351 0.00012538 0.0441446 0.0469742 0.0180394 6.80913e-05 0.131747 0.00216447 0.148277 1.64688e-05 0.000149231 0.0151243 
0.00322974 0.148156 0.000750623 2.67994e-05 0.0031923 0.0457417 0.0493689 0.00159673 0.0121817 0.000870927 0.0019985 1.99023e-05 0.000493295 0.0152901 0.0321906 0.145701 7.57176e-05 0.000644132 0.0228396 0.115195 0.0990077 2.45791e-07 0.124501 0.0261769 0.0990189 0.0126023 0.00751518 0.0316138 
0.00214111 0.435171 0.000236427 0.000451216 1.14648e-11 0.0652488 0.00957862 9.18558e-05 0.0288225 3.76183e-05 8.19426e-05 8.81844e-05 3.19766e-07 0.00287817 9.69867e-08 0.0638413 0.000194413 0.000226896 0.0103885 0.25149 0.00731454 3.8385e-10 0.0874307 0.00565306 0.00583546 9.35931e-06 0.00396735 0.0188203 
