1.98222e-09 0.0720905 2.54828e-06 0.00580704 4.7365e-11 0.0697239 3.21102e-06 1.99648e-06 0.00485825 0.000773585 2.89354e-11 0.643344 8.69181e-12 1.75902e-08 1.92392e-08 0.042776 4.84506e-11 3.7141e-11 5.74807e-08 0.0384438 1.41632e-07 1.92348e-07 4.068e-07 0.00104819 0.121126 4.56086e-11 1.4026e-07 1.58929e-07 
0.00718944 0.00392524 1.11027e-06 1.26679e-08 2.82726e-06 0.00844491 0.00618309 0.0621422 0.000754092 0.00250018 8.4053e-05 0.512795 6.87849e-05 0.0375417 1.38142e-05 0.0137273 6.02924e-06 0.00388317 0.00457252 0.00144201 1.21664e-06 0.00113399 0.0120406 0.019892 0.0491629 0.00402254 9.33326e-06 0.24846 
8.63971e-05 0.0488642 8.09103e-06 0.000168476 0.000141534 0.0234658 0.019056 0.0390025 0.00832185 0.00147725 0.0073755 0.526387 2.82606e-05 0.003512 4.98944e-06 0.115702 4.0806e-05 4.75064e-05 0.0280642 0.0183486 0.00756553 6.84338e-05 0.0678828 0.0634774 0.0112529 2.24328e-05 0.00557981 0.00404844 
0.000119431 0.00790458 0.00263544 5.79783e-05 1.34635e-06 0.185665 0.0371215 0.0303255 0.00235466 6.25716e-06 0.00017551 0.651455 2.47065e-07 0.00172065 1.09156e-06 0.0657052 1.37721e-06 1.05573e-06 0.00044324 0.00256627 0.000444359 7.97559e-05 0.000287974 0.00217344 0.00654722 1.29643e-06 8.59415e-06 0.00219613 
0.0642435 0.00168014 0.000182708 0.000369881 3.40352e-05 0.0247183 0.0139803 0.00909863 1.41211e-05 0.000163177 0.00117508 0.266244 0.000787333 0.149245 9.20824e-07 0.00929925 0.000315366 0.00650977 0.0207793 0.15965 8.50931e-05 5.89911e-08 0.00421434 0.000785935 0.111697 4.44374e-05 0.00720816 0.147473 
3.06022e-06 0.0198673 0.00014998 8.90312e-06 7.38545e-06 0.337936 0.000159414 0.163057 0.00823088 5.64412e-06 0.000464278 0.34707 1.35528e-06 0.000331524 4.3994e-05 0.00315787 7.55473e-06 5.79126e-06 0.0563736 0.00109013 1.52294e-06 0.000469795 0.000199065 0.0404154 0.00243438 7.11159e-06 0.00168348 0.0168174 
0.00025493 0.00287513 1.09919e-08 1.89648e-08 0.00111335 0.0155852 2.91956e-09 0.00528831 0.0107778 4.97478e-06 0.00285561 0.793172 1.18032e-05 0.0827395 3.34422e-05 0.0142969 2.55351e-05 2.0492e-06 0.00155408 0.00856684 0.0402398 1.43993e-06 0.00195157 0.00110472 0.00651319 4.42899e-06 6.81651e-08 0.0110271 
0.000517198 0.0350018 0.00059335 7.41439e-05 0.000986404 0.101762 0.00257834 0.000684437 0.00124657 0.000220278 0.000300627 0.345938 0.000201685 0.321563 2.14501e-05 0.069072 2.90737e-05 0.000737152 0.00397503 0.0397337 0.00431609 2.50719e-06 0.0392989 0.00347725 0.0114419 0.00141943 0.00953797 0.00526899 
9.3336e-05 0.00241019 9.53472e-10 4.95013e-07 0.000302862 0.0472619 0.000557151 3.55099e-08 0.0109385 0.000287766 0.00198644 0.691694 2.63837e-05 0.117181 1.10639e-09 0.0394175 7.21687e-07 1.03538e-06 0.00710978 0.0110487 0.0340539 1.04541e-09 0.00028006 0.0102274 0.000362853 6.23409e-07 0.0036767 0.0210809 
1.33355e-08 0.00887772 6.17686e-05 3.87971e-08 3.21836e-08 0.0268405 5.97267e-09 0.00464367 1.37026e-05 2.45953e-08 4.57057e-06 0.892046 5.90591e-09 0.000315048 3.43972e-07 4.31047e-05 3.29212e-08 2.52366e-08 0.0555356 5.91697e-06 0.004455 2.46551e-08 0.0022143 0.000130378 2.38959e-05 2.67375e-06 1.94711e-05 0.00476575 
8.63971e-05 0.0488642 8.09103e-06 0.000168476 0.000141534 0.0234658 0.019056 0.0390025 0.00832185 0.00147725 0.0073755 0.526387 2.82606e-05 0.003512 4.98944e-06 0.115702 4.0806e-05 4.75064e-05 0.0280642 0.0183486 0.00756553 6.84338e-05 0.0678828 0.0634774 0.0112529 2.24328e-05 0.00557981 0.00404844 
4.11572e-07 2.67764e-05 6.94005e-07 1.19739e-06 1.1815e-05 1.51647e-05 0.000208234 0.000926436 0.0397771 0.000122474 6.06797e-07 0.82558 1.76423e-05 0.0873331 8.05307e-07 0.000204088 1.01605e-06 0.000663758 0.0117935 1.46391e-05 2.04822e-07 7.60927e-07 3.50631e-05 6.71139e-05 0.0296019 0.000587067 0.00279372 0.000214211 
0.000143328 0.000116087 1.61324e-07 0.00042006 2.30891e-07 5.86681e-07 1.44569e-05 2.38292e-05 0.000227006 1.76452e-07 0.000135741 0.921802 3.13928e-05 0.0378209 1.87196e-07 2.23816e-05 2.36183e-07 0.000116323 0.0161316 0.00554433 0.0154073 3.99978e-06 0.000396791 0.000970218 0.00067036 2.22329e-07 2.62962e-08 2.35474e-08 
0.0114037 0.00957361 2.5719e-08 1.51806e-06 6.27981e-05 0.0217214 0.00406868 0.150638 0.000231632 2.81308e-08 0.00278095 0.255496 0.000110512 0.0112053 2.98438e-08 0.105685 3.76535e-08 0.000101571 0.159014 0.00372619 0.161524 0.0238579 0.00468606 0.0669699 0.00104328 3.54448e-08 2.51476e-05 0.00607142 
5.42601e-08 1.71008e-08 9.1495e-08 1.5786e-07 1.3095e-07 2.09039e-05 2.43019e-08 4.3049e-06 3.77972e-08 1.00075e-07 7.99979e-08 0.66694 2.40303e-08 0.332836 1.06169e-07 9.61349e-06 1.33952e-07 1.02684e-07 0.000140898 1.85073e-05 2.7003e-08 1.00318e-07 1.63745e-05 2.05781e-08 2.23506e-08 1.26094e-07 1.49139e-08 1.19498e-05 
1.41047e-07 0.0140507 0.000175975 2.20291e-07 6.86426e-08 0.0102882 3.4283e-11 0.000768092 2.47428e-07 0.000279229 2.61179e-07 0.3182 1.26158e-08 0.108423 1.34816e-06 1.09541e-06 1.88967e-10 0.00287769 0.000655288 0.272669 2.72874e-06 1.10041e-06 0.00274158 0.0202846 0.138608 1.77883e-10 0.000251677 0.10972 
0.000703526 0.106333 5.56072e-10 9.59412e-10 0.00266348 0.103475 0.00478523 0.00401697 0.00687107 1.17404e-06 0.00348405 0.244188 2.81807e-05 0.0184507 2.37604e-06 0.0922202 1.01497e-07 5.72523e-06 0.177371 0.0171397 0.106248 0.000752565 0.0125244 0.0404291 0.00558241 0.000631089 0.00586989 0.0462224 
9.3336e-05 0.00241019 9.53472e-10 4.95013e-07 0.000302862 0.0472619 0.000557151 3.55099e-08 0.0109385 0.000287766 0.00198644 0.691694 2.63837e-05 0.117181 1.10639e-09 0.0394175 7.21687e-07 1.03538e-06 0.00710978 0.0110487 0.0340539 1.04541e-09 0.00028006 0.0102274 0.000362853 6.23409e-07 0.0036767 0.0210809 
0.0018378 0.0165519 8.81674e-08 4.67457e-05 1.26188e-07 0.0251836 0.00696572 0.00304504 0.00505969 2.15444e-05 8.586e-05 0.542803 2.45515e-06 0.202436 1.02307e-07 0.122225 9.68138e-07 1.53816e-05 0.0155421 0.000299735 0.00340243 4.17935e-06 1.49418e-05 0.0367296 0.00989917 1.21508e-07 2.80731e-07 0.00782601 
9.3336e-05 0.00241019 9.53472e-10 4.95013e-07 0.000302862 0.0472619 0.000557151 3.55099e-08 0.0109385 0.000287766 0.00198644 0.691694 2.63837e-05 0.117181 1.10639e-09 0.0394175 7.21687e-07 1.03538e-06 0.00710978 0.0110487 0.0340539 1.04541e-09 0.00028006 0.0102274 0.000362853 6.23409e-07 0.0036767 0.0210809 
3.73953e-05 0.110627 0.000321496 6.15869e-06 0.00340229 0.0734205 0.000108715 0.00764551 0.0103148 0.00090385 0.00149621 0.319821 4.62404e-06 0.244304 0.00100194 0.078336 2.16758e-06 0.00247161 0.0120089 0.025026 0.0135264 1.46963e-05 0.00373925 0.0810041 0.00724975 0.000157352 3.8267e-05 0.00301066 
0.0014749 0.0181818 2.14687e-08 0.000102933 0.000553876 0.0227 0.00104095 0.221334 0.0112654 4.45026e-06 0.00696123 0.275033 1.66429e-05 0.0436291 1.86729e-06 0.027139 0.00167097 0.000210119 0.199154 0.0537591 0.107503 0.00116021 0.000772044 0.0024994 0.0026279 2.95873e-08 0.000121826 0.0010822 
0.00569873 0.00315498 5.16072e-06 6.2892e-08 1.08402e-05 0.00658806 0.00487179 0.0489373 0.000602498 0.00198111 7.00165e-05 0.616738 6.83822e-05 0.0293483 2.67041e-05 0.0108098 2.80156e-05 0.00388434 0.00367856 0.00116957 4.66213e-06 0.00113729 0.00958269 0.0157632 0.0386961 0.00334568 1.66575e-05 0.193781 
5.65078e-06 0.00108522 1.17273e-07 2.02335e-07 0.00121427 0.000229383 6.24351e-07 0.000404745 0.00281781 1.2827e-07 2.2852e-06 0.953323 7.06112e-07 0.00619761 1.29241e-06 0.0154476 1.71691e-07 1.31614e-07 0.0143841 1.05916e-06 0.00013251 1.03182e-06 0.00088212 0.0038676 2.86476e-08 1.6162e-07 1.91158e-08 1.71176e-08 
0.00232201 0.0139582 2.95871e-06 5.21588e-09 0.0211182 0.00451604 0.0012274 0.0337497 0.00179489 0.000231159 2.49546e-05 0.614023 0.000198166 0.0120413 1.24804e-05 0.00425631 4.42593e-09 2.38306e-05 0.229035 4.73093e-05 0.00796678 3.36858e-07 0.0117559 0.011463 0.00539197 3.24524e-05 4.92776e-10 0.0248066 
8.63971e-05 0.0488642 8.09103e-06 0.000168476 0.000141534 0.0234658 0.019056 0.0390025 0.00832185 0.00147725 0.0073755 0.526387 2.82606e-05 0.003512 4.98944e-06 0.115702 4.0806e-05 4.75064e-05 0.0280642 0.0183486 0.00756553 6.84338e-05 0.0678828 0.0634774 0.0112529 2.24328e-05 0.00557981 0.00404844 
2.23764e-05 2.23886e-05 2.23642e-05 0.0782208 2.23513e-05 0.221702 2.23862e-05 2.23767e-05 2.23818e-05 2.23614e-05 2.23679e-05 0.661458 2.23863e-05 0.0380825 2.23594e-05 2.23902e-05 2.23503e-05 2.23606e-05 2.23868e-05 2.23916e-05 2.23854e-05 2.23613e-05 2.23886e-05 2.23874e-05 2.23868e-05 2.23529e-05 2.23893e-05 2.23898e-05 
9.67634e-08 0.00574157 0.00035245 1.49684e-10 1.24168e-10 0.0377774 1.97635e-05 7.34007e-09 0.000139107 6.28134e-07 0.000367007 0.868035 9.96089e-05 0.0264636 1.0067e-10 0.0135494 1.27014e-10 0.000358589 0.000830989 0.00107736 4.4543e-05 2.69757e-07 0.0267664 5.46709e-05 3.61778e-05 3.42802e-05 0.018251 3.05834e-08 
1.22857e-07 0.0178359 0.000369264 1.12196e-07 1.71579e-10 0.0852781 3.23623e-08 9.7427e-09 0.0127377 6.23966e-07 0.000366961 0.802789 7.43397e-05 0.0311571 1.39109e-10 0.0172871 1.75512e-10 0.00035859 0.00135519 0.000261 0.000625051 2.00025e-08 0.0105155 0.000339055 4.9955e-05 3.42438e-05 0.0182507 0.000314314 
0.00117629 0.0244239 1.92008e-07 3.31278e-07 0.000710563 0.0336681 0.0341252 0.150848 0.0170628 2.02953e-05 2.33976e-06 0.36022 3.59354e-05 0.0491757 1.13928e-06 0.0455876 2.03091e-05 0.000202958 0.0641147 0.000903457 0.132012 1.93025e-05 0.00959111 0.0726949 0.000286888 3.97959e-06 0.000130837 0.002961 
0.0655524 0.00673505 7.89834e-05 0.000147148 1.39816e-05 0.0179422 0.0466378 0.0017036 4.31463e-05 0.000872951 0.00090397 0.273221 0.000868713 0.132146 7.47376e-05 0.0291332 0.000260546 0.00162471 0.0112071 0.134903 0.000230935 1.01233e-07 0.00389373 0.000663074 0.203592 0.00166412 0.00364858 0.0622372 
0.0243432 0.0138326 0.0514121 0.000379877 0.000235786 0.221229 0.028187 0.0311037 0.00476254 0.00146119 0.00368696 0.342235 0.000824498 0.111256 0.00060213 0.0507227 5.52853e-05 3.90896e-05 0.00513515 0.00462972 0.000487659 7.20691e-05 0.00448639 0.0420622 0.0234509 0.0332112 4.46791e-05 5.10387e-05 
5.06013e-05 0.0331611 2.72875e-06 6.8716e-06 7.48147e-05 0.040952 0.00323082 0.0548498 0.00112276 3.64815e-05 0.000549698 0.553952 4.42116e-06 0.00945646 1.17357e-06 0.132008 6.80803e-05 0.000288152 0.0302071 0.0292663 0.0139805 4.55354e-05 0.0260384 0.0420544 0.0231896 8.58272e-05 0.00104612 0.00427018 
0.00537911 0.0150275 3.62577e-05 1.68759e-05 1.4456e-06 0.036828 0.0388169 0.000863305 0.0932079 0.000398545 5.96615e-07 0.408361 6.96521e-06 0.0721224 1.91e-09 0.0923807 2.40983e-09 0.110257 0.00316062 0.0428415 0.00252325 3.50933e-07 0.0724115 0.00191451 1.62734e-05 0.00279957 0.000625299 2.44744e-06 
0.00027075 0.000418699 3.82365e-07 6.38513e-05 7.74319e-05 0.00946874 2.25598e-06 0.00188137 3.15333e-05 8.32025e-05 0.0183923 0.881452 5.58529e-05 0.0590094 0.000345535 0.00379345 2.20043e-07 3.84853e-06 0.00286987 0.00169004 0.00364265 7.15e-07 0.00132998 0.0114603 0.00165246 3.19541e-06 6.30432e-08 0.00199956 
1.44331e-06 0.0257531 1.40938e-06 1.51171e-09 1.36619e-06 0.163456 2.32722e-10 1.42131e-06 3.61957e-10 0.0107295 7.66083e-10 0.231895 1.07366e-05 0.128488 1.0167e-09 0.0370986 1.28276e-09 7.19505e-07 4.30997e-06 0.030882 0.00866371 0.201823 0.00948625 0.00815501 0.0838229 7.07075e-07 2.94685e-07 0.0597237 
9.3336e-05 0.00241019 9.53472e-10 4.95013e-07 0.000302862 0.0472619 0.000557151 3.55099e-08 0.0109385 0.000287766 0.00198644 0.691694 2.63837e-05 0.117181 1.10639e-09 0.0394175 7.21687e-07 1.03538e-06 0.00710978 0.0110487 0.0340539 1.04541e-09 0.00028006 0.0102274 0.000362853 6.23409e-07 0.0036767 0.0210809 
0.000827426 0.0574786 2.48376e-05 3.62338e-06 0.000309605 0.0193719 8.52262e-06 0.0184051 5.36812e-05 6.28546e-05 0.000143888 0.648904 0.000241914 0.0320669 0.000122711 0.0724523 1.88253e-07 4.50878e-05 0.0150422 0.0175641 0.0476279 0.00011624 0.00444978 0.0109867 0.0417528 3.41571e-06 2.09598e-08 0.0119342 
0.00440235 0.00970886 1.47265e-07 0.000353694 0.000531493 0.0362674 0.00132256 0.00771154 0.00187418 1.04593e-05 0.000307416 0.626831 0.000184275 0.152087 1.2807e-05 0.0117946 7.48209e-05 0.000571245 0.0681336 0.0105635 0.00196232 8.85807e-05 0.00130935 0.00497826 0.0355927 0.0121502 0.00474867 0.00642633 
1.44331e-06 0.0257531 1.40938e-06 1.51171e-09 1.36619e-06 0.163456 2.32722e-10 1.42131e-06 3.61957e-10 0.0107295 7.66083e-10 0.231895 1.07366e-05 0.128488 1.0167e-09 0.0370986 1.28276e-09 7.19505e-07 4.30997e-06 0.030882 0.00866371 0.201823 0.00948625 0.00815501 0.0838229 7.07075e-07 2.94685e-07 0.0597237 
0.000364293 0.0600726 0.000189731 0.000331913 0.000606541 0.0230675 0.0295243 0.0738925 0.00735317 0.00136759 0.0784282 0.266943 0.00196832 0.0624226 5.54112e-06 0.00869902 0.00877856 0.00165193 0.0487081 0.0516669 0.176042 8.38675e-05 0.0207644 0.0162586 0.0222357 0.000747573 9.44102e-05 0.0377313 
9.3336e-05 0.00241019 9.53472e-10 4.95013e-07 0.000302862 0.0472619 0.000557151 3.55099e-08 0.0109385 0.000287766 0.00198644 0.691694 2.63837e-05 0.117181 1.10639e-09 0.0394175 7.21687e-07 1.03538e-06 0.00710978 0.0110487 0.0340539 1.04541e-09 0.00028006 0.0102274 0.000362853 6.23409e-07 0.0036767 0.0210809 
0.000953657 0.0127801 0.000495088 1.9499e-09 0.000152335 0.0839149 0.000216511 5.44617e-08 0.0225142 1.23614e-09 1.147e-06 0.487107 0.000138521 0.238456 2.76154e-07 0.0796553 1.65459e-09 3.82678e-06 0.0481194 0.00216159 0.000912292 1.24202e-07 0.0202946 0.00170234 2.60645e-07 1.94379e-06 1.84219e-10 0.000418555 
0.000195412 0.0457908 3.95479e-05 0.00432668 0.00272554 0.0753557 0.000618187 0.0100114 0.042322 3.67234e-07 0.000840291 0.560708 8.81814e-08 0.0969696 3.89596e-07 0.0055804 0.0544959 0.00324285 0.00224731 0.0119375 0.0239991 0.00105006 1.35969e-05 0.0244769 0.00650496 0.0161077 0.00499196 0.00544739 
0.00093694 0.00092136 1.82913e-08 0.00023614 1.56331e-05 0.000698629 3.09143e-05 0.00174313 0.00109441 2.00065e-08 0.0108597 0.972687 0.000121417 0.00159551 7.50299e-07 8.11874e-05 2.09606e-06 6.1692e-06 0.00459727 8.31041e-05 0.000218971 5.24374e-07 0.000669844 1.83759e-05 5.37662e-05 2.52082e-08 3.738e-07 0.00332701 
0.00191122 0.00613581 8.5334e-12 0.0020899 2.8339e-08 0.238362 0.000963564 6.85718e-06 0.022929 0.000173333 0.000410567 0.618329 6.73207e-06 0.0363489 9.01844e-07 0.00342087 3.95601e-05 1.77796e-05 0.0106816 0.00360159 0.00388219 2.69016e-09 0.00228361 0.00315862 0.000766842 1.43397e-08 0.0297588 0.0147204 
3.09484e-06 0.0717828 4.40089e-06 9.20542e-06 9.785e-10 0.0221597 0.00162261 0.00470288 2.54159e-05 0.0261001 0.000300512 0.545298 3.32194e-07 0.0202361 7.50964e-08 0.00592248 0.000127792 0.0185509 0.0114005 0.0503621 0.00954412 2.94668e-06 3.68664e-05 0.0135158 0.00142531 8.05917e-07 6.44803e-05 0.196801 
9.3336e-05 0.00241019 9.53472e-10 4.95013e-07 0.000302862 0.0472619 0.000557151 3.55099e-08 0.0109385 0.000287766 0.00198644 0.691694 2.63837e-05 0.117181 1.10639e-09 0.0394175 7.21687e-07 1.03538e-06 0.00710978 0.0110487 0.0340539 1.04541e-09 0.00028006 0.0102274 0.000362853 6.23409e-07 0.0036767 0.0210809 
6.61242e-08 0.0245483 1.115e-07 4.45395e-05 0.0142453 0.00378627 2.25023e-07 0.000730488 0.00156891 1.21956e-07 0.00210717 0.89071 2.92845e-08 0.0293246 2.48133e-06 0.0147849 5.96183e-07 1.25136e-07 0.00705132 3.21464e-06 0.0014911 1.22252e-07 7.87857e-06 0.00848116 0.00108692 1.53665e-07 1.81749e-08 2.41759e-05 
0.00190276 0.0143869 0.000119275 3.05755e-05 1.33952e-05 0.0430182 0.0233599 5.72576e-08 0.00522583 1.31271e-05 0.000277402 0.357159 0.000109206 0.0857983 1.13768e-07 0.0846347 1.4354e-07 7.51904e-06 0.019853 0.266523 0.0663959 9.53065e-06 0.0098265 0.00312131 0.00429015 7.83376e-05 0.000401698 0.0134435 
0.00264639 0.0106115 4.70067e-09 8.73763e-05 1.57306e-05 0.0532854 1.24854e-09 0.00375857 0.000149794 3.39238e-05 0.011512 0.699856 2.32782e-05 0.0172768 1.05424e-06 0.0171311 0.00168945 3.22022e-05 0.116959 0.00301837 0.0406855 2.23649e-06 0.00806817 0.00338165 0.000156386 1.99235e-06 1.83806e-06 0.00961431 
1.41453e-06 0.00252848 2.72499e-05 4.75831e-08 1.82524e-06 0.00709615 9.04275e-05 0.000898931 0.0110552 3.01652e-08 0.000150638 0.939083 1.76418e-07 0.00141713 9.96092e-07 0.00081665 4.03766e-08 5.60269e-06 0.0137822 0.00107487 0.00226531 2.56511e-07 0.0139139 0.00264193 1.04702e-05 1.19548e-06 8.58718e-06 0.00312703 
0.000313226 0.03619 0.0117342 6.94637e-06 1.96356e-05 0.00410225 0.00115418 1.82503e-06 0.0124936 0.00070537 7.13674e-07 0.530713 1.30893e-05 0.0455362 0.155484 0.0043882 0.0611437 5.95764e-05 0.0105686 0.00592441 0.0412948 8.18964e-10 0.00513675 0.00259006 0.0421488 8.75008e-05 0.000199309 0.0279908 
1.41453e-06 0.00252848 2.72499e-05 4.75831e-08 1.82524e-06 0.00709615 9.04275e-05 0.000898931 0.0110552 3.01652e-08 0.000150638 0.939083 1.76418e-07 0.00141713 9.96092e-07 0.00081665 4.03766e-08 5.60269e-06 0.0137822 0.00107487 0.00226531 2.56511e-07 0.0139139 0.00264193 1.04702e-05 1.19548e-06 8.58718e-06 0.00312703 
0.00680027 0.00597558 0.000955077 0.000846044 0.00061338 0.0774255 0.003494 0.00302881 0.00229816 0.00875072 0.00102532 0.713755 0.000212385 0.0204441 1.27772e-05 0.0108563 0.000317672 0.000454813 0.0117048 0.0164211 0.00232179 0.000166613 0.00442384 0.00558141 0.00620659 0.00750024 0.0248648 0.0635427 
1.44331e-06 0.0257531 1.40938e-06 1.51171e-09 1.36619e-06 0.163456 2.32722e-10 1.42131e-06 3.61957e-10 0.0107295 7.66083e-10 0.231895 1.07366e-05 0.128488 1.0167e-09 0.0370986 1.28276e-09 7.19505e-07 4.30997e-06 0.030882 0.00866371 0.201823 0.00948625 0.00815501 0.0838229 7.07075e-07 2.94685e-07 0.0597237 
9.67634e-08 0.00574157 0.00035245 1.49684e-10 1.24168e-10 0.0377774 1.97635e-05 7.34007e-09 0.000139107 6.28134e-07 0.000367007 0.868035 9.96089e-05 0.0264636 1.0067e-10 0.0135494 1.27014e-10 0.000358589 0.000830989 0.00107736 4.4543e-05 2.69757e-07 0.0267664 5.46709e-05 3.61778e-05 3.42802e-05 0.018251 3.05834e-08 
1.4077e-08 0.00116464 0.00114703 4.09544e-08 2.23572e-06 0.0116792 6.30478e-09 0.148371 5.91812e-07 1.07221e-05 2.07543e-08 0.825417 2.18574e-07 4.29872e-06 2.75439e-08 9.13875e-06 0.00888334 2.66398e-08 1.61051e-06 2.5551e-06 7.00554e-09 1.27605e-05 0.000811789 1.34611e-05 5.79853e-09 3.27134e-08 0.0018896 0.00057871 
9.21158e-05 0.00140477 1.26085e-05 1.15569e-06 9.58683e-07 0.033 0.00222152 0.0316551 2.76712e-07 5.28504e-05 5.85663e-07 0.40188 0.000136317 0.0119326 8.38969e-05 0.14929 0.00016558 8.77642e-05 0.0102345 0.00103498 0.00119024 0.00896016 0.112384 0.13317 0.00742561 0.00556083 1.09185e-07 0.0880209 
0.00012176 0.118421 2.58555e-06 2.97581e-06 0.00267235 0.00730783 0.000218922 0.024063 0.00468413 0.00167743 2.38933e-05 0.302601 1.01804e-06 0.0980702 0.00013492 0.0201131 0.000183646 1.74381e-06 0.215884 0.0228135 0.16015 1.72774e-07 0.0101957 0.00157093 0.000750154 6.9084e-06 2.91015e-07 0.00832641 
0.000211387 0.00795114 1.09585e-07 0.000427081 6.58159e-06 0.133464 0.00111159 0.000653443 0.0196542 4.44313e-05 9.58147e-08 0.742049 1.0974e-05 0.0175809 7.86655e-06 0.0440817 1.13717e-05 0.00201883 0.00154938 0.00919081 0.00105964 4.92846e-06 0.00258306 0.0131831 1.34418e-06 1.65254e-05 0.000503769 0.002623 
0.035166 0.0236751 4.98946e-08 6.2672e-06 6.5742e-05 0.0253522 0.0750157 0.000554269 0.00212815 3.2581e-05 5.04815e-05 0.398335 8.77205e-05 0.0473329 1.91668e-05 0.0331548 6.96924e-06 0.000244347 0.00718075 0.0209943 0.00246756 0.000185121 0.0760645 0.00881911 0.201705 1.57364e-05 0.00772014 0.0336201 
0.12718 0.00243501 3.31823e-05 6.32165e-06 0.00023349 0.00263149 0.0146625 0.000413197 0.00105669 8.03866e-05 0.0035427 0.281404 0.257573 0.216882 0.000113449 0.01056 3.80789e-05 0.000970865 0.0130496 0.0129582 0.00721704 7.45291e-09 0.0055702 0.0160371 0.00091731 0.000129158 2.05593e-05 0.0242839 
3.45958e-06 0.0357799 5.68995e-05 1.76633e-07 0.000209777 0.00944977 1.46084e-05 1.76268e-05 1.19639e-05 1.11976e-07 1.41871e-06 0.906177 4.3814e-07 0.00145553 9.02562e-06 0.00286161 1.49882e-07 1.14895e-07 0.00248328 0.000197835 0.0026688 6.62301e-07 0.0362818 0.00152577 3.10898e-06 2.17574e-05 1.79238e-05 0.000749631 
0.000316728 0.0290759 2.01155e-05 2.13708e-05 2.38818e-05 0.176234 0.0206514 0.0727268 0.0057331 0.0176758 5.10048e-05 0.266274 2.25722e-07 0.0683725 9.2755e-06 0.0304259 0.0319938 0.0155925 3.71782e-07 2.04286e-06 0.00251156 0.000560711 0.000106688 0.014832 0.00972512 0.000284527 0.00712766 0.229651 
1.0066e-07 0.00363797 2.85828e-05 2.43071e-05 8.2458e-05 0.0310826 0.0018799 0.000657711 0.00338843 2.52234e-05 0.00169909 0.699256 6.84818e-05 0.180494 5.48001e-06 0.0128451 5.1197e-05 3.95286e-06 0.0039081 0.0196081 0.00444065 2.32563e-05 0.000567162 0.00195192 0.00926816 1.81102e-05 0.00536747 0.0196168 
0.00347861 0.0184643 0.000108343 2.91597e-05 6.16192e-05 0.0443609 0.00395847 0.00394775 0.00127532 0.000787718 0.159964 0.196664 9.08179e-05 0.0658239 5.33366e-06 0.0849916 2.27578e-06 0.157521 0.0264595 0.103737 0.0613289 0.00218659 0.00606117 0.0305812 1.82074e-05 6.54591e-05 0.0194366 0.00859021 
0.000324377 0.295163 2.8679e-05 7.13652e-10 2.02244e-07 0.0500492 0.000912617 7.28087e-05 0.0195065 2.97281e-07 1.13608e-07 0.394819 5.9457e-06 0.00811616 4.79968e-10 0.00863983 6.05569e-10 0.181177 0.00107705 0.0137948 0.0226636 5.07638e-07 0.00115539 0.0011485 0.000160738 5.70048e-10 0.000108821 0.00107469 
0.000895681 0.0917753 6.67292e-05 2.90735e-07 0.00652351 0.0254312 0.001922 0.196534 0.0387691 0.000109962 0.00785239 0.446428 0.000203103 0.0238757 8.41826e-05 0.00372119 1.29828e-05 1.19414e-05 0.0199081 0.00677129 0.063376 0.00053647 0.0494063 0.011928 4.89491e-06 5.59787e-06 9.65033e-06 0.00383586 
8.63971e-05 0.0488642 8.09103e-06 0.000168476 0.000141534 0.0234658 0.019056 0.0390025 0.00832185 0.00147725 0.0073755 0.526387 2.82606e-05 0.003512 4.98944e-06 0.115702 4.0806e-05 4.75064e-05 0.0280642 0.0183486 0.00756553 6.84338e-05 0.0678828 0.0634774 0.0112529 2.24328e-05 0.00557981 0.00404844 
3.97327e-07 0.130633 3.97109e-07 3.96723e-07 0.0114305 0.189259 0.0325955 0.0117614 0.0127179 3.97059e-07 3.97175e-07 0.199106 0.00214691 0.0792297 3.97025e-07 0.0795944 3.96863e-07 0.00849716 3.9751e-07 0.0646098 0.0186425 3.97059e-07 0.0305316 0.0408657 0.0137543 0.00158803 0.0285846 0.0444481 
2.21021e-07 0.00357741 0.000418955 0.000204496 0.000248553 0.0588562 2.35657e-05 0.0155405 0.00342117 0.000270361 0.000151842 0.656117 4.14735e-05 0.178209 7.7408e-05 0.00874554 0.000411853 4.18268e-07 0.0212533 0.00295463 0.0238157 4.0863e-07 0.0171777 0.000315426 9.10418e-08 9.70823e-05 0.000567908 0.00750171 
0.0176784 0.00919066 0.000135418 9.31597e-05 0.00143414 0.0212458 0.00986522 0.000664884 0.000247026 0.000196162 0.000186942 0.418108 0.0172723 0.0633922 7.13957e-05 0.0261611 0.000651613 0.000756476 0.00213277 0.210268 0.00456587 0.000117283 0.0231608 0.00548625 0.100282 0.000221712 0.00096099 0.0654533 
0.000578723 0.0163145 1.14064e-05 1.08616e-05 0.000163948 0.103196 0.00315516 0.00187501 0.0355481 2.26919e-06 0.00531685 0.757238 0.00016018 0.0197909 1.3155e-07 0.00427515 3.69178e-05 1.1323e-05 0.00524394 0.0027111 0.00365526 0.000119848 0.0380113 0.002125 0.000111824 2.87959e-05 0.000115107 0.000192166 
0.00096478 0.0532121 0.000176443 0.000307754 0.000144486 0.178131 0.0374674 0.00871423 0.00635436 0.00457708 0.103123 0.228098 0.000193852 0.0561255 2.0328e-05 0.00160277 0.0028357 0.000489923 0.120763 0.0213596 0.024109 8.47042e-05 0.0544297 0.0120548 0.00816327 0.019343 0.00662848 0.0505261 
0.00295365 0.00546486 1.19143e-05 7.61785e-05 2.51237e-05 0.209738 0.000651436 0.0018544 0.0361679 1.10174e-05 0.000527182 0.523164 9.25068e-06 0.120751 1.13707e-07 0.0166361 0.000148397 8.22747e-06 0.00824681 0.00869886 0.0127337 1.07441e-07 0.00111627 0.0102802 0.000662532 0.00260618 0.0237048 0.0137513 
0.000565537 0.00442872 0.000177307 0.00066486 9.29333e-08 0.0640075 0.00125935 3.79206e-08 0.000934411 0.000480497 5.67733e-08 0.622536 0.000256644 0.0262107 0.000107022 0.0564963 0.000218065 0.000411161 0.00696874 0.0238769 0.000891092 0.000625824 0.132031 0.011344 0.0155953 0.00029321 0.000763029 0.0288571 
0.000387815 0.0089555 0.000245274 0.00211068 5.22916e-05 0.313127 0.0047609 0.000596073 0.00796344 0.00161347 0.000346985 0.525113 1.07507e-05 0.011714 6.13762e-07 0.0257334 3.33839e-06 0.00621969 0.0038709 0.00999212 0.0106058 1.97011e-08 0.0041436 0.00479449 0.00341171 5.25018e-05 0.0472894 0.0068849 
0.00537911 0.0150275 3.62577e-05 1.68759e-05 1.4456e-06 0.036828 0.0388169 0.000863305 0.0932079 0.000398545 5.96615e-07 0.408361 6.96521e-06 0.0721224 1.91e-09 0.0923807 2.40983e-09 0.110257 0.00316062 0.0428415 0.00252325 3.50933e-07 0.0724115 0.00191451 1.62734e-05 0.00279957 0.000625299 2.44744e-06 
0.000501578 0.0260532 3.04267e-06 0.000455892 0.0008219 0.0267699 0.0347086 0.0277385 0.0101356 0.0018811 0.108086 0.296749 0.000471837 0.0520191 7.43426e-06 0.011993 1.06124e-06 0.00136783 0.029365 0.0597273 0.242705 0.00011517 0.016487 0.00967487 0.0110179 7.11571e-05 0.000129944 0.0309428 
0.000586344 0.0073999 0.0652129 1.05408e-05 0.000435758 0.241981 1.4111e-05 0.000601963 0.0469813 3.87298e-07 3.09599e-07 0.477476 7.60714e-06 0.124515 0.000155836 0.0136829 5.18404e-07 0.00254532 5.76632e-05 3.49998e-05 0.000596805 3.88238e-07 0.0172324 8.55224e-06 1.93273e-05 0.00013166 0.000291674 1.89914e-05 
9.3336e-05 0.00241019 9.53472e-10 4.95013e-07 0.000302862 0.0472619 0.000557151 3.55099e-08 0.0109385 0.000287766 0.00198644 0.691694 2.63837e-05 0.117181 1.10639e-09 0.0394175 7.21687e-07 1.03538e-06 0.00710978 0.0110487 0.0340539 1.04541e-09 0.00028006 0.0102274 0.000362853 6.23409e-07 0.0036767 0.0210809 
0.000446149 0.070346 0.00659741 1.52312e-05 3.76288e-09 0.0576635 6.98321e-10 0.0195048 0.00117649 2.44699e-06 0.00102114 0.465961 9.17696e-06 0.0845048 2.41182e-08 0.0291668 6.55888e-05 0.000242269 0.165226 0.0109626 0.0422191 0.00025768 0.0121716 0.0205204 0.0105695 1.78772e-07 0.00022119 0.00112892 
0.0933076 0.00228802 0.0124034 9.30902e-06 0.00147894 0.14039 0.0437714 0.000218267 0.0326454 0.000320586 0.0338398 0.213771 0.00102267 0.15151 0.000197424 0.0215123 9.57822e-06 0.000187872 0.0900911 0.0419275 0.0222029 4.5592e-08 0.00680531 0.000278229 0.0142701 0.0284714 4.34778e-05 0.0470266 
0.00038141 0.000167333 1.94756e-07 0.000273396 2.78741e-07 0.0206984 5.17291e-08 0.000341475 0.000171016 0.00021606 1.70284e-07 0.83184 5.52248e-05 0.14216 2.25991e-07 6.36367e-06 2.8513e-07 2.18573e-07 9.63868e-05 0.000202155 5.74786e-08 2.13537e-07 9.54628e-05 4.38026e-08 4.75755e-08 0.00319368 9.96465e-05 2.84274e-08 
4.08356e-09 0.0331521 6.88581e-09 0.000109506 4.00836e-06 0.279299 3.34105e-06 3.67502e-06 0.0288722 7.53152e-09 6.02055e-09 0.359543 3.23815e-08 0.103577 1.22367e-06 0.0281615 9.53821e-07 7.72787e-09 0.0496572 0.0650303 1.05834e-05 1.82475e-05 7.98457e-06 0.0524594 2.64563e-05 9.48972e-09 1.31354e-05 4.91565e-05 
0.0118332 0.0204966 0.000118546 0.00099505 0.000939519 0.0342783 0.0138289 0.000472516 0.00802084 0.00014815 0.00370199 0.357226 0.0182641 0.246626 2.27618e-05 0.0230049 0.000590169 0.0002895 0.0647827 0.104109 0.00702561 0.000130939 0.0273688 0.00904148 0.00389763 0.000177457 0.00557388 0.0370348 
0.00247076 0.00114767 5.16831e-06 1.02036e-05 6.72319e-05 5.00574e-05 3.04476e-05 1.68663e-05 6.20684e-05 2.70018e-07 0.0338111 0.903744 1.69403e-05 0.0123872 1.50814e-06 0.0100175 2.98147e-06 1.13236e-05 0.0066625 0.00157292 0.0203465 1.23948e-06 0.00257662 0.00490757 4.83274e-06 2.08932e-05 4.02403e-08 5.38254e-05 
8.36442e-06 0.0195478 0.00916072 1.71924e-06 2.43204e-05 0.00170939 0.000834158 4.9721e-07 0.00991431 0.000603323 3.00434e-07 0.539106 1.80917e-05 0.0608932 0.217971 0.00448026 0.0357167 4.82211e-05 0.00877385 0.00351815 0.0339466 9.46985e-10 0.00304117 0.001888 0.0301129 6.6344e-05 7.14651e-05 0.0185439 
0.000229803 0.0059344 2.47427e-06 4.87171e-06 8.09365e-05 0.00292888 0.000743553 0.00160341 0.000565484 1.84273e-07 0.00312833 0.697715 9.83212e-06 0.00558504 4.80207e-05 0.0301833 1.4742e-06 0.000150827 0.0199627 0.0047326 0.0749225 7.92903e-07 0.0374391 0.109269 5.08206e-05 9.86168e-06 2.74619e-08 0.00469694 
0.000377157 0.0756771 0.00694615 1.32492e-05 2.30709e-05 0.0634569 5.96807e-07 0.0202039 0.00152301 2.44273e-06 0.00433049 0.418405 5.04664e-06 0.0771833 6.17499e-07 0.042279 8.1877e-05 2.06284e-06 0.173697 0.00512701 0.0518504 0.000130986 0.015687 0.0331016 0.00756253 2.40251e-06 0.000221162 0.00210893 
0.00718944 0.00392524 1.11027e-06 1.26679e-08 2.82726e-06 0.00844491 0.00618309 0.0621422 0.000754092 0.00250018 8.4053e-05 0.512795 6.87849e-05 0.0375417 1.38142e-05 0.0137273 6.02924e-06 0.00388317 0.00457252 0.00144201 1.21664e-06 0.00113399 0.0120406 0.019892 0.0491629 0.00402254 9.33326e-06 0.24846 
0.0202442 0.00180457 0.000131401 9.47262e-06 0.0059938 0.0392933 0.0085463 0.00321021 0.000988964 4.79561e-06 0.000285492 0.528763 0.000190233 0.184706 9.70612e-07 0.0136457 1.03444e-08 1.90405e-06 0.0554495 0.0363677 0.02878 0.000255633 0.00126942 0.0045868 0.0015427 8.4767e-06 0.0597885 0.00413091 
0.000279308 0.0579657 1.11298e-06 0.000839359 0.000759809 0.0207606 0.000320472 0.00211016 0.00137484 0.00242486 0.0801399 0.37359 1.36686e-05 0.0139476 6.56251e-06 0.118086 1.98651e-05 0.000239796 0.00562099 0.0171282 0.233045 1.22031e-06 0.00525808 0.00326398 0.000148368 0.00131727 0.0253083 0.03603 
2.26025e-05 0.000817829 4.03787e-06 2.25213e-05 0.0431519 0.019462 0.0025503 0.290566 0.000706214 6.01363e-05 4.5204e-08 0.433454 8.33092e-06 0.000504092 8.35206e-07 0.0704188 1.10526e-05 1.27291e-05 0.045279 0.00406221 0.0471101 0.00207216 0.000150076 0.0335094 0.00395496 7.12515e-08 0.000534074 0.00155521 
1.44331e-06 0.0257531 1.40938e-06 1.51171e-09 1.36619e-06 0.163456 2.32722e-10 1.42131e-06 3.61957e-10 0.0107295 7.66083e-10 0.231895 1.07366e-05 0.128488 1.0167e-09 0.0370986 1.28276e-09 7.19505e-07 4.30997e-06 0.030882 0.00866371 0.201823 0.00948625 0.00815501 0.0838229 7.07075e-07 2.94685e-07 0.0597237 
9.67634e-08 0.00574157 0.00035245 1.49684e-10 1.24168e-10 0.0377774 1.97635e-05 7.34007e-09 0.000139107 6.28134e-07 0.000367007 0.868035 9.96089e-05 0.0264636 1.0067e-10 0.0135494 1.27014e-10 0.000358589 0.000830989 0.00107736 4.4543e-05 2.69757e-07 0.0267664 5.46709e-05 3.61778e-05 3.42802e-05 0.018251 3.05834e-08 
0.0567167 0.000787141 2.14176e-05 0.000383777 0.00638425 0.138034 0.000174741 0.00726203 1.21207e-05 0.000834228 0.0509022 0.321129 0.00041349 0.1399 3.36902e-07 0.0214477 3.07295e-06 1.00689e-05 0.156251 0.000561041 0.0140242 0.000828718 4.2911e-06 0.00382962 0.000868755 0.000531854 2.43385e-05 0.0786597 
9.09646e-06 2.86687e-06 1.53387e-05 2.64644e-05 2.19532e-05 1.14573e-06 4.0741e-06 8.9578e-06 6.33653e-06 1.67771e-05 1.34113e-05 0.999745 4.02856e-06 3.01847e-06 1.77987e-05 2.01281e-06 2.24564e-05 1.72145e-05 3.80542e-06 1.34546e-06 4.52693e-06 1.68178e-05 2.87416e-06 3.44982e-06 3.74697e-06 2.11391e-05 2.50026e-06 2.2389e-06 
0.000256592 0.0381101 1.12627e-05 0.00089508 1.56005e-08 0.0901384 0.00343333 0.000196002 0.0331011 2.08285e-06 8.08334e-06 0.612125 0.0973963 0.00554914 5.35042e-05 0.060305 1.01584e-05 0.000179284 0.003191 0.0109233 0.0121342 6.58555e-09 0.00327786 0.0155971 0.000599588 0.000113917 0.00319772 0.0091946 
1.06029e-06 3.34163e-07 0.000935904 0.00107325 0.00371624 0.0699001 4.74878e-07 1.04412e-06 7.38586e-07 1.95554e-06 0.0011813 0.330342 4.6957e-07 0.267309 2.07462e-06 2.34613e-07 2.61752e-06 2.00652e-06 4.4356e-07 1.56827e-07 0.323084 0.000427009 0.000175369 0.000942051 4.36747e-07 2.46398e-06 0.000896953 2.60966e-07 
0.00133185 0.031607 3.99413e-08 0.016598 0.0023442 0.0952272 3.46479e-06 0.118944 0.0541753 4.6395e-07 1.40932e-05 0.188272 1.04902e-08 0.139573 1.83532e-07 0.0290285 2.17877e-06 0.0155294 0.0922271 0.030897 0.00961217 2.47408e-05 0.0191068 0.00988229 0.10271 5.50453e-08 0.0377746 0.00511421 
0.000442692 9.56795e-05 8.69502e-06 0.323428 4.539e-09 0.304063 0.00200015 1.8521e-09 0.00257395 0.000105489 7.89919e-06 0.347536 5.24601e-05 0.000313719 2.8277e-06 0.000132307 2.92724e-05 0.000230605 0.00037383 0.000881241 8.67142e-06 3.47722e-09 2.78834e-05 0.00015338 7.4369e-06 7.3866e-05 0.0172703 0.00017985 
7.60859e-06 0.0140388 2.35793e-07 4.06822e-07 9.47003e-06 1.54853e-07 0.020569 1.37703e-07 0.00378652 2.57904e-07 3.12699e-06 0.879063 2.0776e-05 0.00672348 1.75446e-06 0.0168206 3.45208e-07 2.64628e-07 0.0001697 0.00389306 0.0464285 1.46723e-06 0.00845618 4.29806e-06 5.75999e-08 3.24959e-07 3.84349e-08 3.44172e-08 
9.3336e-05 0.00241019 9.53472e-10 4.95013e-07 0.000302862 0.0472619 0.000557151 3.55099e-08 0.0109385 0.000287766 0.00198644 0.691694 2.63837e-05 0.117181 1.10639e-09 0.0394175 7.21687e-07 1.03538e-06 0.00710978 0.0110487 0.0340539 1.04541e-09 0.00028006 0.0102274 0.000362853 6.23409e-07 0.0036767 0.0210809 
0.00537911 0.0150275 3.62577e-05 1.68759e-05 1.4456e-06 0.036828 0.0388169 0.000863305 0.0932079 0.000398545 5.96615e-07 0.408361 6.96521e-06 0.0721224 1.91e-09 0.0923807 2.40983e-09 0.110257 0.00316062 0.0428415 0.00252325 3.50933e-07 0.0724115 0.00191451 1.62734e-05 0.00279957 0.000625299 2.44744e-06 
4.23484e-06 0.0325029 1.74005e-08 0.000724657 4.12166e-05 0.055755 0.00255163 0.00103608 0.00315571 1.90322e-08 9.46272e-06 0.716864 2.68056e-06 0.0427131 2.01911e-08 0.072378 1.06988e-05 1.82942e-05 0.0324232 0.00144912 0.0222104 1.90784e-08 0.00304088 0.000888355 1.00301e-05 3.79299e-05 2.79893e-05 0.0121449 
1.44331e-06 0.0257531 1.40938e-06 1.51171e-09 1.36619e-06 0.163456 2.32722e-10 1.42131e-06 3.61957e-10 0.0107295 7.66083e-10 0.231895 1.07366e-05 0.128488 1.0167e-09 0.0370986 1.28276e-09 7.19505e-07 4.30997e-06 0.030882 0.00866371 0.201823 0.00948625 0.00815501 0.0838229 7.07075e-07 2.94685e-07 0.0597237 
2.8136e-07 0.0136646 4.74437e-07 0.000282856 0.0690152 0.0706326 0.000771611 3.12762e-05 0.0203802 0.000292266 0.000197347 0.385002 9.887e-06 0.12815 5.50525e-07 0.104327 0.161544 0.000238353 0.00365895 0.0100276 0.0278267 5.20186e-07 7.02499e-05 6.68432e-05 6.3729e-05 6.53847e-07 0.00012568 0.00361836 
8.63971e-05 0.0488642 8.09103e-06 0.000168476 0.000141534 0.0234658 0.019056 0.0390025 0.00832185 0.00147725 0.0073755 0.526387 2.82606e-05 0.003512 4.98944e-06 0.115702 4.0806e-05 4.75064e-05 0.0280642 0.0183486 0.00756553 6.84338e-05 0.0678828 0.0634774 0.0112529 2.24328e-05 0.00557981 0.00404844 
0.0214152 0.0447427 4.38767e-06 9.62369e-06 2.37986e-05 0.0308136 0.000149051 0.000762098 0.0444574 0.00301283 0.0227783 0.448549 1.00398e-06 0.0256842 7.48203e-06 0.0347619 0.000131617 0.000169764 0.0759663 0.0884399 0.0683835 8.28976e-06 0.00307405 0.00323219 0.000251813 0.0347839 1.781e-05 0.0483683 
0.0159549 0.00735644 2.0156e-05 4.864e-05 0.00651528 0.0413574 0.012904 0.0116981 0.0401528 0.000248995 0.00954668 0.581291 0.000137564 0.108637 4.54144e-05 0.0124717 8.88168e-09 8.35939e-05 0.0187925 0.0208891 0.0147243 2.95852e-06 0.0440396 0.0175574 0.00236215 2.90601e-05 0.000135518 0.0329981 
2.26025e-05 0.000817829 4.03787e-06 2.25213e-05 0.0431519 0.019462 0.0025503 0.290566 0.000706214 6.01363e-05 4.5204e-08 0.433454 8.33092e-06 0.000504092 8.35206e-07 0.0704188 1.10526e-05 1.27291e-05 0.045279 0.00406221 0.0471101 0.00207216 0.000150076 0.0335094 0.00395496 7.12515e-08 0.000534074 0.00155521 
0.0183247 0.136459 8.51437e-05 0.00202434 0.0156638 0.0392731 0.0255878 0.000185346 0.00667737 0.000111393 0.000106691 0.281832 0.00298733 0.088964 9.18303e-06 0.0086654 0.0022153 0.000232024 0.032387 0.0546362 0.0105761 1.25687e-07 0.212446 0.02297 0.0204238 0.0024417 0.00152697 0.0131883 
1.44331e-06 0.0257531 1.40938e-06 1.51171e-09 1.36619e-06 0.163456 2.32722e-10 1.42131e-06 3.61957e-10 0.0107295 7.66083e-10 0.231895 1.07366e-05 0.128488 1.0167e-09 0.0370986 1.28276e-09 7.19505e-07 4.30997e-06 0.030882 0.00866371 0.201823 0.00948625 0.00815501 0.0838229 7.07075e-07 2.94685e-07 0.0597237 
0.00288365 0.00534528 0.00101888 0.00198989 0.000869087 0.107075 0.00273154 0.00288485 0.0042176 0.0114533 0.000988441 0.723677 0.000163193 0.015103 2.4826e-05 0.0118361 0.000388164 0.000791568 0.00644725 0.0145394 0.00249213 0.000282045 0.0040212 0.00629365 0.00455365 0.00829719 0.0234549 0.0361772 
9.3336e-05 0.00241019 9.53472e-10 4.95013e-07 0.000302862 0.0472619 0.000557151 3.55099e-08 0.0109385 0.000287766 0.00198644 0.691694 2.63837e-05 0.117181 1.10639e-09 0.0394175 7.21687e-07 1.03538e-06 0.00710978 0.0110487 0.0340539 1.04541e-09 0.00028006 0.0102274 0.000362853 6.23409e-07 0.0036767 0.0210809 
0.0498846 2.62692e-09 1.40549e-08 4.36733e-05 2.01158e-08 1.87932e-05 3.73311e-09 8.20806e-09 5.80618e-09 1.53729e-08 1.22888e-08 0.915021 3.69139e-09 0.010355 1.6309e-08 1.84434e-09 2.05768e-08 1.57737e-08 3.48691e-09 0.0246699 6.64102e-06 1.54102e-08 2.6336e-09 3.16108e-09 3.43336e-09 1.93699e-08 2.29099e-09 2.05151e-09 
0.000331706 0.0603791 0.000257887 0.00063843 0.00028418 0.0316839 0.0228808 0.00924113 0.00101313 0.0090514 0.0128722 0.335356 5.63331e-05 0.0866218 8.11974e-07 0.0188324 0.00170744 0.00230715 0.0117761 0.0522225 0.0206914 0.0121928 0.00610624 0.026237 0.121661 0.000792072 0.00217364 0.152631 
0.00484274 0.032021 0.0126335 6.05052e-05 0.000245491 0.183237 0.00345479 0.00246893 0.0110036 7.14723e-05 0.00132465 0.249002 6.8198e-05 0.0518222 1.331e-06 0.184185 2.35249e-05 0.00100955 0.00529897 0.0817441 0.0076918 1.25582e-05 0.13844 0.00847332 0.00262116 7.36164e-05 0.010379 0.00779016 
8.23442e-05 0.0316129 3.74253e-08 6.45713e-08 1.58636e-06 0.00726144 8.41865e-06 0.0103167 0.0238232 4.09349e-08 9.62707e-06 0.87944 3.05403e-06 0.005149 2.91972e-07 0.0073483 5.47919e-08 4.2002e-08 0.00238449 0.000837416 0.0189823 1.74931e-06 0.00266121 0.00509304 9.24332e-05 0.000219841 0.000383696 0.00428715 
9.3336e-05 0.00241019 9.53472e-10 4.95013e-07 0.000302862 0.0472619 0.000557151 3.55099e-08 0.0109385 0.000287766 0.00198644 0.691694 2.63837e-05 0.117181 1.10639e-09 0.0394175 7.21687e-07 1.03538e-06 0.00710978 0.0110487 0.0340539 1.04541e-09 0.00028006 0.0102274 0.000362853 6.23409e-07 0.0036767 0.0210809 
0.0184605 0.0775471 2.40976e-05 1.88306e-05 1.36441e-06 0.000173479 0.00669536 4.00789e-05 0.00552314 7.92297e-05 0.000119745 0.592819 1.28693e-05 0.0190282 3.1459e-06 0.000565945 3.74242e-05 0.000171384 0.0201434 0.194423 0.000348123 1.04524e-06 0.000750328 0.000498613 0.000400932 0.0042938 0.0152368 0.042583 
8.77496e-05 0.0446611 7.61844e-07 1.662e-05 0.000720825 0.0140155 0.00190918 0.00531949 9.43368e-05 0.000218806 0.000196327 0.594432 2.76531e-05 0.000258252 4.70544e-05 0.0730237 7.48669e-05 8.38215e-05 0.000484582 0.0186174 0.000938483 0.000165578 0.00325404 0.00549421 0.223198 3.35245e-05 0.000724891 0.011901 
0.00537911 0.0150275 3.62577e-05 1.68759e-05 1.4456e-06 0.036828 0.0388169 0.000863305 0.0932079 0.000398545 5.96615e-07 0.408361 6.96521e-06 0.0721224 1.91e-09 0.0923807 2.40983e-09 0.110257 0.00316062 0.0428415 0.00252325 3.50933e-07 0.0724115 0.00191451 1.62734e-05 0.00279957 0.000625299 2.44744e-06 
1.44331e-06 0.0257531 1.40938e-06 1.51171e-09 1.36619e-06 0.163456 2.32722e-10 1.42131e-06 3.61957e-10 0.0107295 7.66083e-10 0.231895 1.07366e-05 0.128488 1.0167e-09 0.0370986 1.28276e-09 7.19505e-07 4.30997e-06 0.030882 0.00866371 0.201823 0.00948625 0.00815501 0.0838229 7.07075e-07 2.94685e-07 0.0597237 
0.00537911 0.0150275 3.62577e-05 1.68759e-05 1.4456e-06 0.036828 0.0388169 0.000863305 0.0932079 0.000398545 5.96615e-07 0.408361 6.96521e-06 0.0721224 1.91e-09 0.0923807 2.40983e-09 0.110257 0.00316062 0.0428415 0.00252325 3.50933e-07 0.0724115 0.00191451 1.62734e-05 0.00279957 0.000625299 2.44744e-06 
0.00162865 0.00238113 8.30889e-08 2.36545e-05 1.46109e-06 0.0136273 0.00293604 0.000674797 0.0001119 6.69591e-08 4.87403e-05 0.849295 9.38841e-06 0.0214753 1.12457e-06 0.0575684 1.90578e-07 0.000365227 0.00157753 3.45289e-05 7.82748e-07 4.10118e-07 0.00124712 0.00688592 0.0101756 1.32643e-05 0.000125997 0.0297905 
0.00368982 0.0487947 1.9865e-05 5.06171e-05 0.000441051 0.0185321 0.0231371 0.00352953 0.0501743 9.49173e-06 7.27006e-05 0.783954 6.14981e-06 0.0174705 1.24787e-07 0.00554463 0.00113068 0.000418402 0.0203516 0.00773762 0.00637956 9.10375e-07 0.00521438 0.000307204 0.00226035 5.58912e-06 0.000224917 0.000542339 
