2.40682e-08 0.889123 8.1407e-06 7.00217e-08 5.80855e-08 0.000493182 0.00199698 0.00117267 1.34329e-05 4.43902e-08 9.93486e-06 5.34006e-05 1.38009e-06 7.98651e-09 6.32927e-05 0.0113785 5.94169e-08 4.55474e-08 0.000946602 0.0103759 0.00554367 4.44979e-08 0.00599862 0.0666478 0.00500171 0.000353198 1.79034e-05 0.000800142 
7.18993e-10 0.721774 1.29866e-05 2.09177e-09 1.7352e-09 0.00139694 0.000843121 0.00439395 0.000272753 1.32608e-09 3.44586e-06 0.000643536 2.81675e-08 2.38583e-10 8.8404e-06 0.0112818 1.77497e-09 1.36065e-09 0.0272791 0.00427889 0.0470725 1.3293e-09 0.00663989 0.164077 0.00931017 0.000282062 2.26875e-05 0.000406633 
1.72139e-09 0.830094 1.33447e-05 5.00806e-09 4.15437e-09 0.00139769 0.000844244 0.0012521 0.000273417 3.17485e-09 3.56133e-06 0.00064743 4.00245e-08 5.71208e-10 9.56816e-06 0.0112859 4.24959e-09 3.25762e-09 0.01667 0.00428028 0.0273528 3.18256e-09 0.00664311 0.0912562 0.00726212 0.000283677 2.28292e-05 0.000407615 
1.45178e-06 0.0001169 0.163434 0.00644157 2.02156e-10 0.816584 2.59781e-05 8.24877e-11 0.0132573 6.72844e-07 1.46723e-07 2.27869e-10 2.88302e-08 2.77955e-11 1.32168e-07 2.38365e-07 2.06789e-10 5.34865e-05 4.34846e-07 3.53009e-07 7.13868e-08 1.54867e-10 8.71874e-06 3.17676e-11 3.25693e-07 2.02613e-06 7.22418e-05 4.39531e-07 
1.20472e-09 0.250198 1.52893e-06 5.61905e-07 6.5653e-11 0.300572 1.2184e-11 0.401199 0.00403587 5.21724e-08 4.01076e-11 6.45464e-06 1.20478e-11 9.027e-12 5.32286e-11 0.0202808 4.86971e-06 5.14814e-11 0.000761561 0.00924367 1.35382e-11 5.02952e-11 0.00140504 0.000163287 0.0121267 6.32185e-11 8.41569e-08 9.53574e-08 
1.55326e-10 0.0751116 0.000539844 4.51891e-10 3.7486e-10 0.00212347 1.35178e-06 1.25423e-07 4.42809e-06 2.86476e-10 2.29003e-10 4.22541e-10 6.87894e-11 5.15416e-11 3.0392e-10 0.516527 3.83452e-10 2.93944e-10 7.416e-05 0.141755 0.23184 2.87171e-10 0.0192274 0.0127919 1.10037e-07 2.42813e-06 5.7346e-09 5.48583e-07 
0.000102148 0.000275271 4.40537e-05 9.74329e-09 0.000277235 7.05707e-05 0.00114911 0.00147914 5.03926e-05 8.46277e-05 0.000289841 0.000108424 1.48318e-09 1.1113e-09 6.55286e-09 0.000637375 0.00426943 0.000207885 0.972651 0.00164279 0.00174949 6.19174e-09 0.000443796 0.00317007 0.000292318 7.7827e-09 4.17919e-05 0.0109634 
5.93101e-07 0.00993904 1.0001e-06 1.72551e-06 1.43138e-06 0.0907994 2.65637e-07 0.650722 1.83456e-05 1.09389e-06 6.83419e-06 0.0109225 2.62667e-07 1.96808e-07 4.57547e-06 0.0674126 1.58329e-05 1.12241e-06 0.122658 0.000437166 0.000520563 1.09654e-06 0.025473 0.0152243 3.15305e-05 4.83919e-06 0.00462666 0.00117422 
3.93931e-06 0.0169286 8.56357e-06 1.12269e-08 9.31308e-09 0.000191648 0.104248 0.00216178 2.68811e-09 2.06362e-05 5.68939e-09 3.01559e-05 1.70902e-09 1.28051e-09 7.55064e-09 0.025316 0.0307331 7.3028e-09 0.160707 0.008216 3.64044e-05 7.13453e-09 0.0257174 0.00969898 0.376397 0.000355001 2.30679e-06 0.239227 
1.20472e-09 0.250198 1.52893e-06 5.61905e-07 6.5653e-11 0.300572 1.2184e-11 0.401199 0.00403587 5.21724e-08 4.01076e-11 6.45464e-06 1.20478e-11 9.027e-12 5.32286e-11 0.0202808 4.86971e-06 5.14814e-11 0.000761561 0.00924367 1.35382e-11 5.02952e-11 0.00140504 0.000163287 0.0121267 6.32185e-11 8.41569e-08 9.53574e-08 
2.17247e-06 0.0965529 2.90616e-06 5.97602e-06 2.81375e-05 0.000463889 0.00387612 0.0134073 1.07012e-05 5.78452e-06 5.27224e-06 1.3546e-05 3.73677e-06 1.56962e-07 2.13322e-06 0.570102 0.000290514 0.000102184 0.0397035 0.000428433 0.0152216 5.74544e-05 0.0386775 0.188581 0.029688 1.09925e-06 0.000149959 0.00261594 
3.02413e-05 0.437579 2.57136e-06 2.62634e-10 2.17864e-10 0.00060474 0.00913637 0.00435687 4.36632e-05 5.86273e-07 1.13863e-05 0.000592984 7.4308e-07 2.99553e-11 7.5474e-05 0.0938763 0.140585 4.33256e-07 0.00980136 0.131739 0.00398353 1.669e-10 0.0329938 0.115595 0.00272324 0.00190569 2.10982e-05 0.0143421 
1.16727e-05 0.109132 6.26652e-07 2.37202e-05 0.151373 0.0207723 0.0241395 0.00315068 0.000419505 1.93927e-05 1.2572e-05 4.63133e-05 6.75291e-06 1.14877e-08 6.28645e-07 0.0472172 3.8842e-05 2.51436e-08 0.000608251 0.00548102 0.000630647 4.31851e-06 0.532578 0.0172388 0.047675 5.10111e-05 0.0347886 0.00457923 
9.81388e-11 0.818869 1.93514e-06 2.85516e-10 2.36846e-10 0.00077171 0.00317948 0.00154309 2.39882e-07 1.81002e-10 1.77096e-07 7.44658e-07 2.45221e-08 3.25653e-11 8.82903e-07 0.0184231 2.42274e-10 1.85721e-10 0.00148354 0.017102 0.00897592 1.81442e-10 0.00963061 0.11036 0.00799709 0.000447353 1.8961e-05 0.00119362 
4.54277e-12 0.490357 7.66014e-12 1.32163e-11 1.09634e-11 0.000896682 0.0368797 0.000487708 1.67747e-08 4.27386e-08 6.69758e-12 1.23579e-11 2.01186e-12 1.50742e-12 4.53408e-08 0.217482 5.94491e-08 8.59689e-12 8.21e-08 0.0716141 1.13039e-07 8.3988e-12 5.23918e-08 0.080895 2.10177e-06 1.05569e-11 4.62117e-09 0.101386 
0.00649956 0.0120944 2.70309e-05 2.15432e-05 9.53531e-05 0.018881 0.0536556 0.679215 8.04487e-05 3.57402e-05 0.000253357 1.82926e-05 2.67014e-05 1.35185e-10 3.26883e-07 0.0152197 0.00178322 3.33537e-05 0.0169476 0.013485 0.00141062 1.54669e-06 0.0823793 0.0375173 0.0082301 9.46737e-10 0.00440293 0.0476854 
1.55326e-10 0.0751116 0.000539844 4.51891e-10 3.7486e-10 0.00212347 1.35178e-06 1.25423e-07 4.42809e-06 2.86476e-10 2.29003e-10 4.22541e-10 6.87894e-11 5.15416e-11 3.0392e-10 0.516527 3.83452e-10 2.93944e-10 7.416e-05 0.141755 0.23184 2.87171e-10 0.0192274 0.0127919 1.10037e-07 2.42813e-06 5.7346e-09 5.48583e-07 
4.54277e-12 0.490357 7.66014e-12 1.32163e-11 1.09634e-11 0.000896682 0.0368797 0.000487708 1.67747e-08 4.27386e-08 6.69758e-12 1.23579e-11 2.01186e-12 1.50742e-12 4.53408e-08 0.217482 5.94491e-08 8.59689e-12 8.21e-08 0.0716141 1.13039e-07 8.3988e-12 5.23918e-08 0.080895 2.10177e-06 1.05569e-11 4.62117e-09 0.101386 
5.6019e-08 0.0287245 7.87678e-06 3.02285e-07 9.9424e-06 0.0224867 0.00175606 0.0198322 0.000117836 4.64883e-08 1.58848e-07 2.05445e-06 3.46322e-11 2.59487e-11 1.53009e-10 0.384205 2.3384e-06 0.00345492 0.149696 0.0609647 0.111542 1.22927e-05 0.0148194 0.0763625 0.0720141 1.81726e-10 0.00108067 0.0529082 
0.210323 0.0412847 9.69689e-11 1.67304e-10 1.38785e-10 0.000175737 0.0437954 0.00146426 1.82386e-07 1.06062e-10 6.96142e-07 1.56437e-10 0.000110785 1.90823e-11 1.30435e-07 0.188355 1.41966e-10 4.51316e-07 0.222247 0.0221648 3.88354e-07 3.18892e-09 0.0988484 0.109414 0.0210433 1.33638e-10 1.10145e-08 0.0407727 
1.09637e-06 0.00882867 7.02335e-07 0.000459558 1.76915e-09 0.0145818 0.00554751 0.879257 3.87379e-05 1.35202e-09 1.08078e-09 1.99418e-09 3.24651e-10 2.4325e-10 6.50066e-07 0.00636135 1.13653e-06 0.000239527 0.0407767 0.00472979 0.00112657 8.5255e-05 0.00179736 0.0294909 3.01958e-10 1.70355e-09 2.36196e-07 0.00667596 
9.00728e-12 0.0165702 1.51883e-11 2.6205e-11 2.1738e-11 0.812748 0.00250142 8.86998e-12 0.0929306 0.000521157 1.32798e-11 2.4503e-11 3.98907e-12 2.98888e-12 1.76242e-11 0.00314141 2.22362e-11 1.70457e-11 3.76811e-12 0.0062333 4.48255e-12 1.66529e-11 0.00286007 0.0202015 3.3615e-07 2.09319e-11 0.0422924 2.26151e-08 
4.56567e-08 0.0130622 1.97246e-08 8.32268e-11 1.23907e-07 0.000912986 0.00571289 0.0308542 3.25521e-05 3.78533e-08 0.000965247 4.85067e-08 2.31327e-08 9.49265e-12 5.59743e-11 0.108973 0.000382218 9.29138e-08 0.0977511 0.0156576 0.048133 8.1331e-08 0.00133398 0.292669 0.0236985 6.64795e-11 1.8676e-08 0.359861 
0.00184101 0.0163747 1.95932e-10 2.45632e-06 1.12955e-07 0.00511215 0.0278718 0.0182507 0.00315303 0.000787749 3.62169e-07 1.21275e-07 5.14596e-11 3.85569e-11 1.53966e-07 0.0727926 3.07639e-07 0.00186998 0.68055 1.00254e-07 0.00056731 2.14825e-10 0.126725 0.00343946 0.0241664 2.70024e-10 4.03627e-08 0.016494 
0.00169671 0.0440725 0.00377299 0.0105139 1.74086e-05 0.18303 0.0160799 0.00151292 0.00470272 0.000129192 5.20292e-05 1.46857e-05 1.28545e-05 6.60225e-08 8.09772e-06 0.0540973 0.0084852 0.110853 0.380871 0.0121627 0.00894989 1.66766e-07 0.0131394 0.00912552 0.00590757 2.16922e-05 0.000649553 0.130121 
0.0001544 6.59237e-07 9.21968e-05 3.93692e-11 6.63952e-07 0.000952872 0.00700003 0.97945 0.000283178 2.02682e-07 0.000291692 2.59674e-07 2.41787e-09 4.49036e-12 2.64778e-11 0.00102539 0.00678293 4.97866e-07 2.3063e-05 3.93425e-06 4.1898e-06 2.50186e-11 0.00367561 7.59187e-06 7.00064e-07 3.14471e-11 0.00022326 2.62558e-05 
3.55515e-06 0.0288399 0.0141506 4.9171e-06 4.00208e-06 0.00234356 0.00389286 0.43245 0.000435501 4.55789e-06 1.94341e-06 0.000559533 0.000129078 8.54387e-07 0.000138255 0.139245 1.02514e-06 0.000451025 0.0017312 0.00266443 0.00190856 1.43427e-05 0.150025 0.0951272 0.0922109 0.02916 0.00140415 0.00309826 
1.55326e-10 0.0751116 0.000539844 4.51891e-10 3.7486e-10 0.00212347 1.35178e-06 1.25423e-07 4.42809e-06 2.86476e-10 2.29003e-10 4.22541e-10 6.87894e-11 5.15416e-11 3.0392e-10 0.516527 3.83452e-10 2.93944e-10 7.416e-05 0.141755 0.23184 2.87171e-10 0.0192274 0.0127919 1.10037e-07 2.42813e-06 5.7346e-09 5.48583e-07 
7.33059e-07 0.0176512 1.2361e-06 2.13269e-06 1.76915e-06 0.0781492 0.0081755 7.21884e-07 0.0621456 0.764838 1.08078e-06 1.99417e-06 3.24651e-07 2.4325e-07 1.43435e-06 0.00643975 1.8097e-06 1.38727e-06 3.06668e-07 0.00741652 3.64812e-07 1.3553e-06 0.00734259 0.0213794 9.08891e-05 1.70354e-06 0.0263347 1.82231e-05 
1.11993e-07 0.70411 1.88845e-07 0.000465787 0.00165809 0.0519611 5.01591e-08 0.00194396 7.80133e-08 2.06554e-07 1.65115e-07 0.000106171 1.60612e-05 3.71624e-08 2.19132e-07 0.0125829 2.76476e-07 2.11939e-07 0.00100813 0.19902 0.00112813 4.20429e-06 0.0248425 0.00020421 0.000842529 2.60258e-07 2.14241e-05 8.25089e-05 
0.00184101 0.0163747 1.95932e-10 2.45632e-06 1.12955e-07 0.00511215 0.0278718 0.0182507 0.00315303 0.000787749 3.62169e-07 1.21275e-07 5.14596e-11 3.85569e-11 1.53966e-07 0.0727926 3.07639e-07 0.00186998 0.68055 1.00254e-07 0.00056731 2.14825e-10 0.126725 0.00343946 0.0241664 2.70024e-10 4.03627e-08 0.016494 
5.98348e-05 0.113651 3.82797e-12 1.48012e-08 5.4787e-12 0.000668795 0.0567765 1.11568e-08 0.000160084 5.00634e-06 3.57673e-05 6.17557e-12 1.00538e-12 7.53298e-13 4.44189e-12 0.0182898 5.60428e-12 0.000910197 2.96266e-08 0.527734 0.000254682 3.88264e-10 0.275554 0.00142789 8.93268e-09 0.000535532 4.45267e-09 0.00393683 
1.1105e-07 0.112727 5.0129e-09 5.24992e-06 8.06728e-05 0.000356678 0.0499917 0.0270614 9.61549e-05 8.9307e-06 2.95321e-07 7.87716e-07 2.25635e-07 9.86477e-10 8.26193e-08 0.0165682 0.0014146 7.10832e-06 0.0309409 0.103753 9.83468e-05 3.97284e-06 0.0387975 0.418262 0.0932725 6.90856e-09 0.0814989 0.0250541 
0.000607845 0.776487 2.87041e-09 5.72888e-07 4.10821e-09 0.00830959 0.00161445 1.72236e-05 5.81378e-07 6.133e-07 6.02909e-05 4.63076e-09 7.53885e-10 5.64861e-10 3.33076e-09 0.0408369 8.11302e-07 3.93592e-07 5.53444e-06 0.0637397 0.0672002 5.35177e-08 0.00610795 0.0344533 1.07535e-06 0.000553096 2.68748e-07 2.68363e-06 
6.96225e-07 1.51725e-06 1.65329e-10 2.85248e-10 2.36623e-10 0.0233299 9.35386e-07 0.0258758 3.17593e-06 1.82641e-08 1.44554e-10 7.73758e-07 8.68873e-08 3.25346e-11 1.91844e-10 0.445598 2.42047e-10 9.2792e-07 0.155692 1.22544e-06 7.17312e-07 0.00726881 8.55058e-07 0.24505 0.0665735 2.27849e-10 9.70438e-08 0.0306011 
9.5009e-10 0.854807 1.40001e-06 2.76411e-09 2.29293e-09 0.000464014 0.0120164 0.000934204 6.34874e-07 1.7523e-09 4.69367e-07 2.24162e-06 6.5157e-08 3.15267e-10 2.65695e-06 0.0110649 2.34548e-09 1.01373e-06 0.000892069 0.0102652 0.0317233 1.75656e-09 0.00578592 0.0662316 0.00480513 0.000271206 1.16025e-05 0.000719032 
1.55326e-10 0.0751116 0.000539844 4.51891e-10 3.7486e-10 0.00212347 1.35178e-06 1.25423e-07 4.42809e-06 2.86476e-10 2.29003e-10 4.22541e-10 6.87894e-11 5.15416e-11 3.0392e-10 0.516527 3.83452e-10 2.93944e-10 7.416e-05 0.141755 0.23184 2.87171e-10 0.0192274 0.0127919 1.10037e-07 2.42813e-06 5.7346e-09 5.48583e-07 
0.00472546 0.00873854 2.34055e-05 2.52847e-05 0.000111792 0.0135319 0.0385747 0.767811 7.19036e-05 3.69388e-05 0.000205482 3.20638e-05 2.37459e-05 1.25854e-08 1.6184e-06 0.0109802 0.00150257 3.55003e-05 0.0126172 0.00972464 0.00110327 2.75088e-06 0.059146 0.0270427 0.00596877 8.81388e-08 0.00331079 0.0346515 
9.00728e-12 0.0165702 1.51883e-11 2.6205e-11 2.1738e-11 0.812748 0.00250142 8.86998e-12 0.0929306 0.000521157 1.32798e-11 2.4503e-11 3.98907e-12 2.98888e-12 1.76242e-11 0.00314141 2.22362e-11 1.70457e-11 3.76811e-12 0.0062333 4.48255e-12 1.66529e-11 0.00286007 0.0202015 3.3615e-07 2.09319e-11 0.0422924 2.26151e-08 
0.000323216 0.00769733 5.86983e-06 0.00324345 0.000178672 0.0630784 0.11618 0.0244402 0.000416415 1.47405e-05 9.82205e-05 2.9964e-05 0.000494844 4.49035e-07 1.66504e-06 0.0781866 2.02314e-05 0.00104267 0.0996598 0.0727762 0.00306348 0.00619601 0.0465593 0.450084 0.0135659 2.95025e-05 0.000454964 0.012158 
6.72397e-10 0.933067 1.16678e-06 1.95621e-09 1.62275e-09 2.38712e-08 0.002491 6.62147e-10 1.1954e-06 1.24014e-09 8.82694e-07 1.82915e-09 1.22268e-07 2.23121e-10 1.31565e-09 0.0126374 1.65994e-09 1.27247e-09 0.00138128 2.88419e-06 0.0433346 1.24315e-09 0.00265351 0.003836 2.7697e-10 1.98488e-08 1.38606e-07 0.000592823 
1.20472e-09 0.250198 1.52893e-06 5.61905e-07 6.5653e-11 0.300572 1.2184e-11 0.401199 0.00403587 5.21724e-08 4.01076e-11 6.45464e-06 1.20478e-11 9.027e-12 5.32286e-11 0.0202808 4.86971e-06 5.14814e-11 0.000761561 0.00924367 1.35382e-11 5.02952e-11 0.00140504 0.000163287 0.0121267 6.32185e-11 8.41569e-08 9.53574e-08 
3.02413e-05 0.437579 2.57136e-06 2.62634e-10 2.17864e-10 0.00060474 0.00913637 0.00435687 4.36632e-05 5.86273e-07 1.13863e-05 0.000592984 7.4308e-07 2.99553e-11 7.5474e-05 0.0938763 0.140585 4.33256e-07 0.00980136 0.131739 0.00398353 1.669e-10 0.0329938 0.115595 0.00272324 0.00190569 2.10982e-05 0.0143421 
2.40682e-08 0.889123 8.1407e-06 7.00217e-08 5.80855e-08 0.000493182 0.00199698 0.00117267 1.34329e-05 4.43902e-08 9.93486e-06 5.34006e-05 1.38009e-06 7.98651e-09 6.32927e-05 0.0113785 5.94169e-08 4.55474e-08 0.000946602 0.0103759 0.00554367 4.44979e-08 0.00599862 0.0666478 0.00500171 0.000353198 1.79034e-05 0.000800142 
4.22199e-06 0.0235817 5.53905e-09 6.43264e-07 7.92764e-09 0.0313684 0.00173697 0.00239919 0.913498 3.95098e-07 4.84302e-09 0.000282795 8.44168e-08 1.09002e-09 6.42739e-09 0.022661 1.04958e-06 2.05391e-07 1.3742e-09 0.00045081 0.000465643 6.07318e-09 0.00346223 7.66729e-06 2.47772e-06 8.20117e-06 2.4915e-06 6.57517e-05 
3.276e-08 0.00322677 6.02039e-07 4.58467e-08 0.000329591 0.00434528 0.0040166 0.0803254 0.00010885 2.71493e-08 0.00363292 9.22842e-05 8.07657e-06 3.04677e-12 7.95406e-09 0.0187077 0.00100646 1.25181e-05 0.0419405 0.0178756 0.0019815 1.69755e-11 0.0139544 0.798412 0.000634651 6.82299e-08 0.000154508 0.0092333 
4.79958e-06 0.00123154 4.35347e-06 5.29411e-06 1.24792e-05 2.28795e-06 3.43379e-05 4.49428e-05 2.73763e-06 5.82486e-06 1.11383e-05 0.00290426 8.05899e-07 6.03833e-07 3.37266e-05 0.0513177 0.00320471 9.50814e-06 0.799207 0.00360749 0.0938338 3.36434e-06 1.35218e-05 0.0441678 9.27734e-06 4.2288e-06 1.71934e-06 0.000320283 
1.89286e-05 4.87235e-05 9.3688e-06 0.00950406 5.10844e-05 0.151317 0.000202561 0.00026113 9.53328e-06 0.0119113 5.23999e-05 2.16849e-05 4.25644e-07 3.18921e-07 1.88055e-06 0.0070792 0.000753374 3.83852e-05 0.803042 0.000289113 0.000308218 1.77691e-06 7.83682e-05 0.000557987 5.18152e-05 2.23349e-06 0.0124584 0.00192873 
0.0001544 6.59237e-07 9.21968e-05 3.93692e-11 6.63952e-07 0.000952872 0.00700003 0.97945 0.000283178 2.02682e-07 0.000291692 2.59674e-07 2.41787e-09 4.49036e-12 2.64778e-11 0.00102539 0.00678293 4.97866e-07 2.3063e-05 3.93425e-06 4.1898e-06 2.50186e-11 0.00367561 7.59187e-06 7.00064e-07 3.14471e-11 0.00022326 2.62558e-05 
2.28341e-09 0.48472 2.88528e-06 1.0604e-06 1.47972e-10 0.204244 4.83887e-08 0.240724 0.0117076 9.84734e-08 9.03968e-11 1.21806e-05 2.7154e-11 2.03456e-11 1.1997e-10 0.0121691 3.02184e-06 1.16032e-10 0.000457167 0.0055466 3.05131e-11 1.13358e-10 0.0275571 9.80739e-05 0.0123394 1.42485e-10 1.58816e-07 0.000417487 
