3.90498e-06 0.0102097 9.90968e-07 9.92457e-07 5.49107e-09 0.0259416 0.123267 0.000675432 0.00478839 2.78136e-07 2.79689e-07 0.246777 0.000134516 0.012057 5.55068e-06 0.250004 4.4213e-07 3.05463e-07 0.0957962 0.0551285 0.0247683 4.20658e-09 0.00742978 0.0935307 0.00277167 5.28745e-09 0.000332556 0.0463754 
1.29291e-05 0.236445 0.000173123 0.000662984 3.02587e-06 0.0533136 0.000661864 0.00227312 8.73381e-07 6.87375e-05 1.84851e-06 0.000614658 1.59206e-05 0.0408922 0.000288415 0.275746 6.05203e-05 4.63737e-05 0.00643104 0.121537 0.0115514 5.85468e-06 0.00199933 0.0184665 0.160651 0.00472084 0.000208608 0.0631469 
0.00424869 0.0523104 0.0132881 0.000201397 0.000550882 0.0838298 0.0043637 0.00198658 0.00592251 4.40572e-07 0.000183612 0.00297201 8.15076e-05 0.0105782 2.75902e-06 0.277609 0.000141843 0.000263037 0.12715 0.109278 0.00373888 3.21548e-06 0.249005 0.0119358 0.0236676 0.0031744 0.00374634 0.00976557 
0.000906502 0.114114 6.30971e-11 0.000146053 3.23774e-07 0.00637565 0.0988235 0.000228956 1.25105e-05 0.000457873 5.5944e-05 1.33156e-05 6.10188e-07 0.00419411 2.10861e-09 0.247319 0.000911401 6.38178e-05 0.0139554 0.121763 0.027321 4.3833e-05 0.214351 0.0888378 0.0388791 3.52567e-06 8.63796e-05 0.0211352 
0.00069321 0.0827315 0.00265499 5.67068e-05 0.000666114 0.0439997 0.00784706 0.0189557 0.0240249 4.93988e-05 0.000406023 0.00500377 3.11699e-06 0.00670647 2.19211e-07 0.281893 7.2182e-05 6.29837e-05 0.0425408 0.0851846 0.032009 0.000615685 0.0753068 0.154348 0.0797183 0.000698728 0.000949531 0.0528019 
0.000118964 0.00268922 4.78073e-07 3.5314e-05 0.00217924 0.12327 0.00274066 0.0180991 9.96268e-05 9.40868e-05 1.2235e-06 0.00437637 2.54609e-06 0.0194625 3.34824e-09 0.547786 7.43463e-05 0.00152482 0.0267424 0.018737 0.00170789 0.000348518 0.0564389 0.0208655 0.0612515 0.000175429 0.00945834 0.0817198 
0.0290462 0.0438973 0.00112724 0.000169238 8.21981e-06 0.0677609 0.112535 0.000310648 0.000539322 0.00363339 0.00010592 0.000436661 0.00471324 0.0111526 1.77846e-05 0.192725 0.000572693 0.0187187 0.0429397 0.155564 0.00306263 6.21319e-07 0.161701 0.0201877 0.0712366 2.41304e-05 0.0170098 0.0408034 
0.00367125 0.150576 0.00083322 0.000793103 0.000834201 0.0311114 0.0629238 0.000725437 0.00353173 0.000128911 5.79757e-05 2.63224e-05 0.000659017 0.0308638 1.53289e-05 0.295111 0.000194137 0.000125556 0.0168333 0.146076 0.0138072 3.1376e-08 0.169106 0.0159195 0.0214437 0.00282766 0.0126501 0.0191549 
0.00102587 0.0143239 1.61783e-10 0.00297024 5.3419e-05 0.307297 1.34714e-07 6.48785e-08 0.000797952 5.1116e-05 1.08525e-05 0.00139925 8.06879e-06 0.180469 5.20609e-08 0.420977 0.00120228 0.000164724 0.00165832 0.0187785 0.000113378 9.44268e-09 0.0400913 0.0051194 4.08768e-07 2.76046e-08 0.000211349 0.0032759 
0.0620197 0.0359532 0.0018266 0.0161381 0.000114604 0.0123692 0.0289864 0.000132524 0.0277751 0.00187047 0.000472742 6.44652e-06 0.00184043 0.0928375 1.08803e-05 0.286608 0.0203209 0.00153916 0.038487 0.0438512 0.00985529 1.74075e-08 0.173974 0.00267801 0.0606558 0.000210355 0.0045676 0.0748997 
9.15005e-05 0.0505972 0.000207095 5.40163e-06 6.63068e-08 0.0254236 0.000981129 0.000822783 0.00331884 2.47227e-05 3.9548e-05 0.00541121 1.7435e-07 0.00157999 9.48734e-07 0.31549 6.38872e-07 4.38339e-06 0.0398234 0.2778 0.133684 4.2006e-09 0.0735107 0.0227039 0.000314513 3.02254e-06 0.0201607 0.0280009 
0.000195337 0.119745 4.12892e-05 4.83081e-06 0.000460186 0.0763683 7.3301e-07 0.177861 0.0731256 0.000109084 2.5949e-07 0.0360881 6.87813e-05 0.0345033 4.94343e-09 0.307518 5.20232e-07 3.10522e-05 0.0468034 0.00286116 0.00367846 0.000221003 0.00369915 0.0727728 0.0171148 1.04347e-06 0.00728236 0.0194444 
0.000783937 0.00021694 0.000195141 1.62687e-05 3.37303e-09 0.000207091 0.000860091 1.37634e-09 0.0822134 0.0031794 2.18444e-05 3.80207e-09 5.28611e-05 2.74561e-05 3.28438e-06 0.907196 4.72732e-05 5.66045e-05 1.39746e-05 0.000108324 0.00374441 2.584e-09 0.000138841 3.35e-05 0.0001517 3.24796e-09 0.000641118 9.02313e-05 
0.00137984 0.00603282 3.39851e-05 0.0111066 0.0175315 0.0794414 0.0156097 0.0234845 0.00678439 0.00069543 0.0218318 0.000265779 1.99815e-06 0.228349 1.96494e-07 0.405536 1.74303e-07 1.60576e-08 0.0256222 0.124514 0.0092594 0.00174553 0.00611687 0.00197141 0.00451655 0.000278024 0.00160896 0.00628151 
0.00655932 0.0386939 0.000257791 9.52871e-05 5.57188e-05 0.046783 0.0113568 0.00428425 0.0246715 0.00061093 0.000301311 0.00243353 1.79448e-05 0.0719123 1.06379e-05 0.284571 3.89644e-06 0.0014121 0.0149311 0.283831 0.0301896 7.82358e-05 0.0671146 0.0648715 0.0150772 0.00123765 0.0050386 0.0235986 
1.55946e-12 0.0760069 2.62961e-12 1.31618e-08 3.76357e-12 0.0309664 0.00231166 4.60861e-09 0.00375131 2.8762e-12 2.29918e-12 6.51297e-05 6.90642e-13 3.5344e-08 3.05134e-12 0.442641 1.98271e-07 2.95118e-12 0.00418351 0.36751 0.0198932 2.88318e-12 0.0359903 0.0159831 0.000576093 3.62401e-12 0.000120509 1.72761e-07 
0.00187949 0.042576 1.21768e-10 2.10091e-10 3.76457e-06 0.0599019 5.07814e-07 2.55301e-06 0.0184143 5.19439e-06 6.68932e-05 9.92068e-06 0.00118753 0.161871 5.79456e-07 0.223843 1.78272e-10 2.13201e-06 4.3593e-06 0.00122738 0.162169 1.3351e-10 0.043576 0.0113788 0.014265 0.066004 0.00065327 0.190957 
0.000495739 0.00186336 0.000214166 8.56944e-06 0.00542052 0.0292872 0.00955649 0.000350109 0.000921952 0.000186821 0.000446109 3.83044e-05 2.23519e-06 0.0138737 2.78895e-08 0.511715 3.25319e-06 2.40231e-06 0.00504736 0.242859 0.00194512 9.35677e-06 0.123966 0.00245436 0.040681 7.04151e-06 0.00414467 0.00449986 
0.0010246 0.131751 5.26847e-05 0.000214141 2.02354e-06 0.0653387 0.00810845 0.0297786 0.00323245 0.000234047 0.000201553 0.0158825 0.00774104 0.134395 0.000155555 0.215085 0.0517149 0.00311799 0.0116559 0.0968707 0.00513921 0.000127848 0.15191 0.0037894 0.00977286 0.042972 0.00086952 0.00886148 
2.84096e-05 0.00790976 1.04348e-10 3.64206e-07 2.13656e-06 0.0111746 0.00013941 5.65421e-06 8.20842e-07 4.50098e-05 3.62138e-07 9.70346e-07 2.79172e-07 0.0116779 0.000222647 0.435613 0.000147306 1.17109e-10 5.635e-07 0.056499 0.000597336 4.83606e-08 0.389211 0.00929722 0.0133883 2.19069e-07 0.00600954 0.058028 
0.00175725 0.0172742 0.000416661 0.000922432 2.72237e-07 0.0157488 0.0608047 0.000253476 0.000347996 7.99933e-05 1.46751e-05 3.42869e-05 0.00173435 0.0180126 0.000162467 0.275886 2.1373e-06 0.00331411 0.0171064 0.0946648 0.00853884 0.00306539 0.0469041 0.157629 0.266036 0.000524297 0.00134765 0.00741717 
0.00101451 0.00214283 0.000640292 5.72957e-05 3.2239e-06 0.143262 0.0100494 0.0133153 0.000281413 0.000122281 0.000464319 2.87596e-05 0.000811299 0.00202696 4.70949e-05 0.682962 0.000646297 1.48571e-05 0.0182857 0.0302139 0.00326943 9.74503e-06 0.014487 0.0467525 0.0168243 0.000298615 0.00631722 0.00565154 
0.000173242 0.0612298 4.13879e-06 2.34429e-05 0.000198492 0.064311 0.0805916 0.00326108 0.000459726 5.43456e-05 4.1871e-06 0.000846318 2.38471e-05 0.0024616 1.75919e-07 0.295886 2.71893e-05 5.96235e-05 0.0599748 0.100031 0.0180102 8.58563e-07 0.201216 0.0101328 0.0932284 9.73069e-05 0.000224927 0.00746816 
2.3098e-05 0.161903 7.02396e-06 0.000176974 0.0013939 0.0140911 0.0270815 0.00524969 0.00396523 1.9126e-05 1.95133e-06 4.47632e-05 7.46377e-06 0.0019922 6.7549e-08 0.464726 1.78644e-05 8.71448e-05 0.00910916 0.0112371 0.0155053 1.76618e-06 0.25167 0.0220859 0.00194157 7.25867e-07 0.000343956 0.00731659 
1.16941e-05 0.156581 0.000349343 8.03025e-05 0.000183534 0.167042 0.106005 0.00123507 0.0278907 0.000170326 0.000539196 7.45286e-05 0.000108618 0.0375533 3.71661e-08 0.200246 3.31248e-10 4.27004e-05 0.0660164 0.0589302 0.0107747 2.13029e-07 0.0209154 0.0794351 0.0233866 6.68791e-05 0.00704005 0.0353209 
0.000179071 0.0550951 0.000527713 0.000218551 2.41714e-10 0.0166936 0.137636 0.000242437 0.000307216 0.000103371 3.12296e-05 5.64854e-05 1.48374e-05 0.00238754 3.37049e-07 0.367951 8.6014e-07 0.00037973 0.000961605 0.0852068 0.0018496 1.48227e-09 0.0374892 0.0408927 0.241329 1.58951e-06 0.00161748 0.00882695 
0.000635675 0.20682 0.000797955 0.000159155 6.68796e-06 0.0590234 0.00915013 0.00128679 0.0319709 5.13276e-05 0.00015706 8.04368e-06 0.00519763 0.0144349 5.77616e-06 0.224306 0.00438855 0.0117337 0.146317 0.0316144 0.0104967 1.28029e-05 0.173533 0.0082941 0.00429824 5.95891e-05 0.000203226 0.0550387 
0.00019156 0.00334932 0.00063299 9.93076e-06 9.74217e-07 0.0190717 0.00282913 5.37974e-07 0.00108905 0.00654993 4.85583e-05 2.39406e-05 4.24769e-05 0.109332 1.9204e-05 0.400584 5.24343e-05 0.00031196 0.00742414 0.0962449 0.0658295 0.000267651 0.0282429 0.0112035 0.0140527 0.000162524 0.0059019 0.22653 
0.000299113 0.0882581 0.00024485 0.000268822 0.00161671 0.110938 0.00224032 0.00237221 0.0492512 0.00179142 1.31674e-05 0.000483763 5.01018e-10 0.0166806 2.21356e-09 0.546273 0.0001178 4.13725e-06 0.0195901 0.0750598 0.0390627 2.09157e-09 0.0283337 0.00566922 0.00026713 2.89952e-05 0.00392536 0.00720967 
0.00278464 0.0189997 1.24597e-06 0.000582464 1.84228e-08 0.071901 0.06081 2.32397e-07 0.00068195 1.19442e-06 0.000186918 0.00126008 3.78531e-05 0.14492 4.0281e-07 0.280075 0.000121317 0.002127 0.0925758 0.174771 0.0187996 3.43474e-06 0.0190328 0.0197738 1.09661e-06 1.12788e-07 0.00869106 0.0818607 
1.40886e-06 0.117974 6.95908e-06 1.81943e-06 5.94193e-06 0.0967123 0.0729663 1.36131e-09 0.00162203 1.65461e-06 6.80879e-07 0.015914 0.000115136 0.0393742 1.01169e-07 0.329691 3.41269e-09 2.50158e-07 0.0018496 0.251248 0.00106631 0.00107643 0.00548314 0.013878 0.0324675 4.4094e-07 3.79963e-10 0.018543 
0.000633842 0.0651129 2.28987e-08 3.37901e-06 3.37644e-08 2.27227e-05 0.103802 0.000420958 2.23744e-05 8.21464e-05 1.41212e-05 2.35217e-05 0.0161436 0.000538051 7.46717e-06 0.381339 0.000132105 0.000127271 0.0621593 0.0499725 0.035032 4.76218e-11 0.0194614 0.0183304 0.120838 0.0001232 8.63847e-06 0.125649 
0.000343832 0.0390702 0.000854316 0.000157862 5.10658e-05 0.0894496 0.00843923 0.00793478 0.0272731 0.000331943 8.41003e-05 0.00135448 7.27283e-06 0.0718264 3.54539e-07 0.472417 1.5497e-06 0.000234827 0.0173504 0.0456797 0.0146268 0.00242521 0.0671179 0.062492 0.026949 0.00017098 0.0142274 0.0291293 
0.000767515 0.119627 4.18311e-06 1.42591e-05 2.28156e-05 0.0227125 0.0570417 0.00593627 0.00212847 0.00235245 0.000592956 0.00344173 2.22399e-05 0.00425822 1.21907e-05 0.457422 2.57269e-05 0.00726229 0.00491823 0.21861 0.0349691 2.95157e-05 0.00442674 0.0185662 0.00606587 0.000121396 0.000291602 0.0283563 
0.00223923 0.015146 0.00023121 0.000746125 0.00264468 0.0749004 0.0508837 0.0299416 0.0120374 0.000255796 0.00581859 0.0035387 0.00124833 0.0603433 1.89789e-05 0.36813 0.000995067 0.00395987 0.0444803 0.057573 0.0177787 0.000222094 0.105648 0.0411768 0.0308666 0.00149873 0.0152035 0.0524733 
0.00386297 0.156052 0.00054593 0.000404251 0.000727114 0.0481578 0.0587514 0.0356691 0.00582976 0.00213262 0.000591028 0.000292614 0.00635249 0.00534995 2.24098e-05 0.17059 0.00122599 0.000546766 0.0984016 0.0650555 0.0205754 0.00266659 0.0879274 0.106746 0.0260013 0.000493205 0.0108466 0.0841824 
0.0314362 0.0788968 6.44627e-07 1.99504e-07 1.10821e-06 0.0584191 0.199762 2.5144e-07 0.0654172 0.000681634 1.23219e-07 1.24764e-08 0.000975971 0.067559 6.57768e-09 0.220987 1.54927e-07 0.159678 0.0132281 0.0061726 1.2378e-06 3.08322e-07 0.0934471 0.00301931 0.000154085 8.46231e-06 6.68247e-05 8.6337e-05 
0.000323039 0.00424071 1.82197e-09 3.14351e-09 0.000178337 0.0144492 4.83931e-10 1.59201e-06 0.00116212 7.77701e-07 1.10119e-05 8.49597e-06 1.12512e-05 0.199992 0.000629313 0.250117 3.99104e-06 0.246017 0.0085005 0.105096 0.012518 3.54721e-05 0.00501292 0.00666526 0.0653431 0.000232936 0.000385335 0.079065 
0.00275948 0.0066253 2.13205e-08 1.72257e-05 0.0377753 0.0259479 0.0763116 0.0163768 0.00250218 9.72804e-06 3.83329e-05 3.65111e-06 9.91057e-06 0.102204 7.54232e-05 0.466689 1.39183e-05 9.59021e-05 0.106696 0.049993 0.00473357 0.00026488 0.0218038 0.0730387 0.000707162 9.99059e-05 0.000380585 0.00482566 
0.000696801 0.0173235 1.72315e-05 0.00705929 1.6192e-05 0.104834 0.00130302 0.0117055 0.000553702 0.00908786 1.58919e-05 1.70288e-05 1.62183e-05 0.0395849 2.1798e-08 0.378606 2.5132e-06 0.000157104 0.133834 0.124199 0.0265541 5.76956e-06 0.00698429 0.0511632 0.0542451 0.000740656 3.84861e-05 0.0312388 
1.75867e-06 0.05455 1.7577e-06 0.00228455 1.75669e-06 0.109819 0.0244581 0.0133677 0.0297303 0.00615298 1.758e-06 1.75626e-06 1.75944e-06 0.131092 1.75733e-06 0.156268 1.75661e-06 0.0101948 0.0079194 0.0258717 0.06633 0.0151161 0.0770732 0.0812921 0.0392382 1.75682e-06 0.0512084 0.0980181 
0.00125187 0.0487578 0.0175789 0.00153835 5.26713e-05 0.136973 0.00363852 0.00942608 0.00724918 6.82068e-05 6.40023e-08 0.000391579 1.50837e-05 0.0152275 1.54744e-05 0.284019 0.000110816 0.0124666 0.179205 0.118806 0.0154796 0.00122116 0.0926918 0.0409209 0.00300009 0.000103899 0.00276568 0.00702509 
0.00128442 0.000508517 5.6782e-06 3.47635e-05 0.00147303 0.0181742 0.00244936 0.00147711 8.65103e-05 0.000441237 0.00141369 0.000139554 7.13959e-07 0.00214125 7.25936e-07 0.494848 8.20721e-05 0.000106139 0.0105252 0.168926 6.48582e-05 3.52057e-07 0.226656 0.00111907 0.0603537 7.78746e-05 0.000172066 0.00743827 
1.35037e-06 5.25558e-06 1.46439e-06 2.52655e-06 2.32616e-09 1.02464e-05 5.43975e-06 9.49167e-10 0.00846767 5.86816e-06 7.00595e-05 2.62204e-09 6.83415e-07 0.342725 1.88595e-09 0.435893 9.52025e-06 1.82404e-09 0.096528 0.0141812 4.8447e-08 1.78201e-09 0.0715457 0.0305369 4.37128e-07 8.06586e-06 2.64927e-10 1.2813e-06 
0.00171867 0.0035992 0.00236058 0.00189547 3.34474e-07 0.0103759 0.000931146 0.00132399 0.0118361 0.00651837 0.00106273 0.00995362 6.13784e-08 0.00293413 0.000217213 0.928274 3.42141e-07 0.000655952 0.000892925 0.00209709 0.00170366 0.00117892 0.00666051 0.00148752 0.000879216 3.22071e-07 0.00067429 0.00076754 
0.000341488 0.156517 5.27804e-07 1.98802e-05 3.76301e-05 0.0141338 0.0821126 0.00536258 0.00558594 0.000558358 0.00160592 8.32626e-05 5.63221e-05 0.00574257 6.50292e-05 0.369581 1.74272e-06 0.00831643 0.0279354 0.129009 0.0112718 1.37203e-06 0.0518333 0.0507817 0.0244499 0.000740962 0.00136027 0.0524952 
0.000173242 0.0612298 4.13879e-06 2.34429e-05 0.000198492 0.064311 0.0805916 0.00326108 0.000459726 5.43456e-05 4.1871e-06 0.000846318 2.38471e-05 0.0024616 1.75919e-07 0.295886 2.71893e-05 5.96235e-05 0.0599748 0.100031 0.0180102 8.58563e-07 0.201216 0.0101328 0.0932284 9.73069e-05 0.000224927 0.00746816 
0.000823297 0.0374446 0.000319957 0.00599303 4.30778e-06 0.0710976 0.0966372 0.00134667 0.0142303 0.000193749 0.000307815 0.000275769 0.000180631 0.0257304 1.3373e-06 0.235602 0.000117054 0.00176731 0.0716188 0.101478 0.113985 0.0120756 0.0400751 0.0662696 0.00590643 9.88559e-05 0.000646855 0.0957729 
0.00149807 0.0322108 6.27178e-05 0.000123725 0.00260839 0.109363 0.0537726 0.0229356 0.00380007 0.000824684 0.00519941 0.00575281 0.0031709 0.0220511 1.53383e-05 0.271779 0.000135474 0.00180842 0.0166986 0.115531 0.00699133 0.000550809 0.0332986 0.103538 0.0942835 0.000879908 0.030832 0.0602837 
0.000228603 0.17963 2.16098e-05 8.29842e-05 2.58922e-07 0.0627899 0.0351313 0.000209788 0.00348923 0.0807333 5.75433e-05 3.91274e-05 0.000131325 0.00931248 0.0779991 0.21928 4.46994e-05 0.00104808 0.00519559 0.113724 0.0411431 2.39783e-08 0.00118516 0.0470045 0.00419019 0.000283219 0.0137747 0.10327 
0.000458317 0.178473 6.49682e-06 0.000795773 3.33513e-05 0.047005 0.0172048 0.00181168 0.00399701 0.000146236 0.000929085 0.00494436 0.00195029 0.0246107 2.25677e-05 0.230175 2.67587e-05 0.000213183 0.0218399 0.125243 0.137236 4.15887e-05 0.0666117 0.0563794 0.00827084 0.000857664 0.0324193 0.0382974 
0.00191373 0.109748 0.00143979 0.00260429 0.00116846 0.0536516 0.0483299 0.0295395 0.00972834 0.00859023 0.000382097 0.00036905 0.00211647 0.0197614 0.00121296 0.315296 0.000386593 0.00140684 0.0352576 0.104327 0.00804969 0.000312384 0.0553112 0.0423965 0.0891036 4.61763e-05 0.0139871 0.043564 
0.00193339 0.180781 0.000799476 0.000188445 0.00105934 0.0365634 0.0120228 0.00139812 0.00646506 7.24615e-05 0.000131058 0.0030143 0.000256614 0.0857117 0.000203418 0.229578 3.43689e-05 0.00116191 0.0164356 0.0840066 0.0191688 0.000164563 0.202323 0.0174795 0.0361834 0.00106076 0.0147197 0.0470841 
9.15005e-05 0.0505972 0.000207095 5.40163e-06 6.63068e-08 0.0254236 0.000981129 0.000822783 0.00331884 2.47227e-05 3.9548e-05 0.00541121 1.7435e-07 0.00157999 9.48734e-07 0.31549 6.38872e-07 4.38339e-06 0.0398234 0.2778 0.133684 4.2006e-09 0.0735107 0.0227039 0.000314513 3.02254e-06 0.0201607 0.0280009 
2.19912e-08 0.240908 4.76271e-05 8.23884e-11 8.2135e-08 0.00920474 0.000261665 4.02895e-08 0.0209156 0.00198791 4.17516e-11 4.49309e-05 1.25416e-11 4.87363e-05 5.54104e-11 0.538891 5.3051e-08 3.08826e-05 3.25232e-08 0.0884436 0.078591 3.35887e-09 0.00227945 0.0133276 1.23274e-07 6.58098e-11 1.78319e-05 0.0049989 
0.000686957 0.0329716 0.0274817 6.5191e-05 6.06085e-11 0.057859 0.00385268 0.00478354 0.000860591 0.00103121 8.57918e-05 0.000154671 3.67993e-05 0.00148282 1.89646e-05 0.540791 1.00638e-07 0.00659341 0.00872531 0.116806 0.00626509 7.25144e-09 0.0757016 0.00532013 0.087211 0.00609877 0.000133371 0.0149828 
0.0402096 0.00879266 6.73815e-05 0.000178335 5.0642e-08 0.00625611 0.0376911 4.27161e-05 2.71982e-06 0.00102762 1.38242e-06 0.000811144 7.56989e-06 0.057204 6.79208e-07 0.352768 0.000445026 0.000390206 0.087323 0.124802 0.00674712 7.24971e-05 0.0240781 0.0658952 0.00279818 0.00362422 0.0038376 0.174926 
5.89025e-05 7.15659e-05 7.08946e-08 1.22317e-07 1.01466e-07 8.94994e-05 9.79362e-05 4.14024e-08 4.10311e-05 7.75427e-08 0.000117836 1.14372e-07 1.86198e-08 0.00109379 8.22644e-08 0.996738 1.03792e-07 0.000238772 1.75884e-08 0.00021144 2.09232e-08 0.000520875 1.3417e-06 3.50947e-05 0.000332528 9.77038e-08 8.43706e-05 0.000265955 
0.000359649 0.154883 1.07952e-05 0.000788146 0.000515675 0.0141952 0.111453 0.000237672 0.000913607 3.79302e-05 4.77302e-05 4.90141e-06 3.7058e-05 0.00477475 3.93307e-07 0.245771 2.24535e-05 2.24183e-05 0.00670318 0.197452 0.00973907 3.53032e-07 0.244962 0.00367532 0.00189085 5.79573e-05 0.000641109 0.000802592 
0.00685573 0.0287225 9.20567e-05 0.000110194 0.00409405 0.0502973 0.167086 0.000611633 0.000412939 0.000305964 0.00496927 9.70217e-05 0.00278543 0.036982 1.71757e-05 0.277362 0.0003656 9.33794e-05 0.0365828 0.146537 0.00945048 2.5697e-05 0.119355 0.0160467 0.0554845 0.000257327 0.0163116 0.0186889 
0.00382443 0.0295786 0.0141513 0.00484343 0.00200268 0.151363 0.0141155 0.00456434 0.00756374 0.00992047 0.00115497 0.003273 0.000214014 0.0350176 2.35615e-05 0.490929 0.00190291 0.00685836 0.00647211 0.0451132 0.00412169 0.00246435 0.0562606 0.0137203 0.0230421 0.00125771 0.0497163 0.0165305 
5.81392e-05 0.138899 1.33835e-06 3.61573e-08 4.06626e-08 0.00243505 0.182648 0.00233799 0.00112902 0.00051449 0.00121177 4.73913e-05 7.22346e-05 0.000409061 3.02146e-08 0.474081 8.52075e-06 0.000185362 0.0231414 0.0652362 0.0378809 1.40106e-07 0.0540509 0.00603535 0.00095697 4.16648e-09 2.52625e-05 0.00863454 
0.00937868 0.0354272 0.00115388 0.000375974 0.000401861 0.0802832 0.0171769 0.00961047 0.0157035 0.000838577 0.000245479 0.0090388 6.12362e-05 0.102972 8.60215e-05 0.227323 0.008983 0.0133467 0.0308702 0.144455 0.0157029 0.00168636 0.0675846 0.0209556 0.119773 0.00017355 0.0261735 0.0402194 
0.0321746 0.0257704 7.75671e-08 0.000284459 3.40658e-08 0.0829133 0.0662117 0.000481072 3.39538e-05 0.000549786 3.819e-08 0.00164977 0.00598055 0.104856 0.000239676 0.27032 0.00150227 0.000349148 0.0408063 0.132415 0.00147875 1.63672e-11 0.023192 0.0402931 0.0178823 0.00161807 0.0010798 0.147918 
0.0151106 0.0128722 0.0309303 0.000245302 0.000277377 0.0401918 0.0260482 0.00227039 0.000714885 0.000354763 4.04151e-05 0.000105024 2.79687e-05 0.00573504 1.27499e-06 0.290749 4.00274e-09 7.46214e-05 0.017436 0.217676 0.00586837 8.96563e-07 0.214855 0.0291104 0.0264909 0.000117437 0.0459116 0.0167833 
0.0060249 0.0786249 0.00104432 0.000169417 1.13316e-05 0.0546114 0.00545887 0.0074819 0.0280165 3.46077e-05 0.011304 0.000462462 6.06854e-05 0.0396971 5.31783e-06 0.555321 0.000492987 0.00133145 0.0249633 0.0387758 0.0469087 0.000745274 0.0172994 0.0556157 0.00738521 5.44019e-05 0.000575513 0.0175234 
0.00205247 0.0580656 1.33012e-09 1.79231e-05 0.00204027 0.0428629 0.0118351 0.000637799 0.00134826 0.00453059 0.00127457 1.47647e-07 1.8604e-05 0.0141459 5.17782e-10 0.418856 4.96654e-05 4.11689e-05 0.031649 0.228666 0.0270749 0.000540826 0.102678 0.0165815 0.00329879 1.13317e-10 0.0156669 0.0160678 
1.41528e-08 0.00964407 1.68133e-05 7.12982e-05 2.98977e-05 0.0803024 0.00116619 0.0398264 0.00206952 1.07956e-05 1.63054e-07 0.0296852 1.35694e-07 8.32403e-05 1.66508e-07 0.723048 1.95023e-07 4.90277e-07 8.26536e-05 0.0306272 0.000804515 3.74172e-06 0.0144301 0.0323032 0.0288855 2.30217e-07 0.00652473 0.000383165 
0.00086724 0.0366467 0.000131657 0.000385885 8.56283e-05 0.178891 0.0183391 0.0232839 0.0109837 0.0139469 0.000628865 0.00210971 1.27435e-05 0.0511284 1.69067e-05 0.30505 0.000474015 0.000193749 0.0116486 0.111164 0.0130698 0.00118386 0.0279995 0.116754 0.0445714 3.27051e-06 0.00497867 0.0254518 
0.000875199 0.0296872 6.40541e-05 4.81999e-05 0.00040194 0.00446691 0.0390165 0.00121485 0.00100557 0.000333451 2.34523e-05 2.61699e-05 1.68529e-05 0.0381706 7.54572e-07 0.519685 4.70085e-06 6.37352e-05 0.00105377 0.320134 0.0126132 0.000216578 0.0115879 0.00482691 0.00102065 1.5871e-05 0.00161282 0.0118128 
0.00245528 0.0887171 0.00203301 2.13733e-05 1.10222e-08 0.0349351 0.00109644 0.00780028 0.00600761 0.00203986 6.18768e-06 2.4041e-05 2.63415e-06 0.00422776 2.43254e-06 0.496554 3.94432e-05 1.43981e-05 0.0218472 0.187126 0.0246863 0.000296575 0.0106221 0.0400645 0.000922898 0.000636876 0.00030289 0.0675172 
0.00204863 0.0726217 6.82797e-05 0.000990332 3.18155e-05 0.0957099 0.0121279 0.00937494 0.0207696 0.000180243 8.11126e-05 0.000247182 0.000107446 0.0115534 3.23448e-06 0.261172 5.3935e-05 0.00233455 0.0158821 0.15967 0.0323309 0.000224715 0.173339 0.0203743 0.0214343 0.000752504 0.0189939 0.0675223 
0.00433399 0.0886091 5.43842e-06 5.39023e-06 3.54908e-09 0.0344943 0.00437015 0.00228397 0.0301239 5.40467e-05 0.000829175 0.000771333 2.4815e-07 0.0551035 7.07153e-07 0.414503 0.0020553 0.000503945 0.0570672 0.0445664 0.0499837 2.2215e-05 0.158148 0.0199515 0.00311735 6.29399e-06 0.000302615 0.0287872 
0.00114645 0.0250749 6.18126e-06 3.17563e-07 5.4591e-07 0.000192066 0.00842744 0.000396356 6.07396e-07 3.23422e-07 1.3853e-05 7.38804e-06 3.19118e-07 2.28133e-08 1.06973e-08 0.57989 2.46634e-07 8.92659e-05 0.0128441 1.4335e-06 0.00149659 1.10787e-09 0.353332 0.00818834 0.000481349 3.75925e-08 6.33789e-05 0.00834572 
0.0366891 0.000701688 6.8391e-08 6.53364e-06 0.000943014 0.036895 0.00926222 7.90982e-06 0.00144176 0.000313178 5.97971e-08 1.10333e-07 1.38523e-06 0.0883935 7.20205e-05 0.554143 1.00127e-07 7.67544e-08 0.000802854 0.0122484 5.68583e-06 1.72032e-06 0.107114 0.00149437 0.146318 3.9258e-05 1.29143e-05 0.00309152 
0.0360318 0.0021874 1.26291e-07 0.00416511 6.35477e-08 0.178775 0.0550611 0.00271233 2.76486e-05 0.000201798 0.000367918 3.81258e-05 3.86748e-05 0.0255841 1.28552e-05 0.214312 4.39622e-05 0.00156571 0.00838011 0.111338 0.000267929 0.073222 0.00674513 0.0262156 0.163726 4.48609e-07 0.0700857 0.0188938 
0.0022388 0.00797835 1.4688e-06 3.06316e-05 0.000171185 0.0170352 0.00323735 0.00152772 0.000563639 4.75819e-05 0.000238912 3.08931e-05 2.99856e-05 0.0129125 2.72355e-05 0.538281 7.02163e-06 0.000269855 0.0114575 0.124335 0.0014287 3.63145e-06 0.196239 0.00739334 0.0341265 9.10592e-06 0.0171967 0.0231814 
0.00409722 0.0406901 0.00148448 0.000103425 2.98669e-05 0.0955335 0.0144933 0.00809476 0.00288225 0.00116128 9.81372e-05 0.000355339 1.74024e-05 0.0633582 3.69656e-06 0.573975 2.59122e-05 2.89346e-05 0.0151174 0.0559123 0.00397023 0.000272972 0.0370817 0.0431192 0.00885771 0.00029476 0.00791709 0.0210234 
0.0003245 0.11094 3.65364e-05 0.000343241 0.000304227 0.164671 0.0480999 8.57068e-05 0.00337443 0.000231045 1.06608e-05 0.00881794 4.14556e-05 0.114745 4.83219e-07 0.213379 2.14383e-05 1.36338e-06 0.0141852 0.0217656 0.00973921 1.40898e-05 0.0113256 0.099992 0.00275551 1.11327e-06 0.00482845 0.169966 
1.78402e-08 0.020217 3.00827e-08 5.19028e-08 4.30552e-08 0.0444934 5.81917e-05 3.93805e-05 6.78676e-06 3.29037e-08 2.63026e-08 2.54993e-05 7.90093e-09 0.155374 3.49073e-08 0.463444 4.4042e-08 0.0774718 0.00162658 0.230406 4.75484e-05 3.29836e-08 0.00580188 0.000929903 2.01888e-05 1.14844e-05 4.90357e-09 2.59703e-05 
0.000918505 0.184325 6.52227e-05 0.000225671 0.000136317 0.0210856 0.000875907 0.0060587 0.000160619 0.000949738 1.27983e-06 0.000306178 6.85377e-07 0.00669464 2.51117e-07 0.210907 8.5893e-05 0.00661744 0.0392566 0.10499 0.0755814 2.70907e-06 0.0602523 0.133653 0.07653 1.50601e-05 0.00648819 0.0638159 
0.00394319 0.0609813 8.72008e-05 0.00788372 1.88824e-07 0.106374 0.00667987 0.00143714 0.0178048 4.12175e-11 2.2616e-05 0.115352 1.17787e-07 0.0486621 4.37274e-11 0.188106 0.000874689 2.79169e-07 0.140562 0.147219 2.96392e-06 4.13176e-11 3.76219e-06 0.0887526 0.00123025 5.19392e-07 6.14256e-12 0.0640183 
0.0224538 0.121481 0.00097394 0.0159441 2.40787e-05 0.141993 0.00898655 0.0143921 0.00267025 0.00145624 0.000213617 0.000303951 0.00112703 0.0820291 2.97979e-06 0.161985 0.00160054 0.000414821 0.0365051 0.0825089 0.0100457 3.05575e-05 0.0517606 0.0676775 0.0272473 0.000546044 0.0733705 0.0722561 
0.00308013 0.108477 0.000129456 0.0372731 5.63081e-05 0.142985 0.0157332 0.00238482 0.0040555 0.000876305 8.31952e-05 8.40096e-05 0.000100769 0.0229597 3.05483e-06 0.290436 0.00128872 0.000968022 0.025733 0.0931852 0.00395937 2.92132e-05 0.0344668 0.0593296 0.121662 0.000104104 0.0135993 0.016958 
0.000905317 0.00843647 0.000232427 0.000251217 0.0214254 0.0336011 0.0362072 0.020257 0.00125146 0.00020699 0.00147264 0.00130927 0.000493633 0.0454566 0.000128039 0.549033 3.7642e-05 0.000557687 0.021125 0.0744279 0.00642148 0.000925135 0.0847975 0.0131156 0.053691 0.000141402 0.00325597 0.0208359 
0.00351007 0.0246944 0.00208743 0.000868639 0.000308225 0.0892504 0.00821522 0.00123571 0.00411164 0.00275298 0.000144779 0.0045633 0.00631021 0.0512503 0.00700721 0.208803 0.00160033 0.130532 0.0145952 0.201499 0.018929 0.000277017 0.0370886 0.027369 0.0470019 0.00621869 0.063057 0.0367186 
0.00125187 0.0487578 0.0175789 0.00153835 5.26713e-05 0.136973 0.00363852 0.00942608 0.00724918 6.82068e-05 6.40023e-08 0.000391579 1.50837e-05 0.0152275 1.54744e-05 0.284019 0.000110816 0.0124666 0.179205 0.118806 0.0154796 0.00122116 0.0926918 0.0409209 0.00300009 0.000103899 0.00276568 0.00702509 
0.000338146 0.064958 1.96094e-06 0.000686837 0.0269673 0.159702 0.00645366 0.0193148 0.00562335 0.000161596 0.000192339 0.000550772 0.00016876 0.190223 6.91261e-05 0.380201 5.67319e-05 0.00767423 0.00844167 0.0361363 0.00831478 2.64172e-06 0.0256453 0.010349 0.0122745 6.74029e-06 0.0298539 0.00563145 
0.00716149 0.0302994 1.01592e-09 5.92741e-07 2.32475e-05 0.08966 0.0125696 0.00799043 0.000890127 0.000136894 8.8826e-10 8.4982e-07 8.14823e-05 0.0518837 0.000406988 0.40678 2.69583e-07 0.000144126 0.0314969 0.162137 0.0108332 9.82098e-06 0.0274927 0.0654994 0.0132645 0.000128007 6.13095e-05 0.0810475 
0.000212426 0.00813565 3.23435e-06 7.05347e-05 1.80136e-07 0.130341 0.0610845 0.00251605 0.0028346 0.000104781 2.58318e-05 3.02921e-05 0.000261592 0.0139986 6.84405e-06 0.472682 1.84265e-07 0.0031039 0.0108861 0.0443958 0.0493148 2.07455e-05 0.0103912 0.0930682 0.020828 1.73456e-07 0.00591585 0.069767 
0.0106692 0.00178229 1.88088e-06 0.000208576 1.20314e-05 0.091442 0.00373631 0.00704892 0.0109328 0.0180983 0.00507618 2.73104e-05 0.000499267 0.0680112 0.00132378 0.413766 8.729e-09 0.0732362 0.0429847 0.116767 0.00153234 6.53724e-09 0.00204889 0.0793762 0.0171114 0.00150377 0.00280727 0.0299962 
0.0131544 0.0140075 4.97026e-06 0.000162793 1.76845e-05 0.113962 0.00625869 0.000862518 0.0195808 9.71049e-05 9.4389e-05 0.0125377 5.10192e-05 0.0617199 1.29504e-05 0.247542 9.78105e-05 0.000356014 0.009934 0.0350928 0.115015 6.58763e-05 0.151785 0.0374154 0.0503709 0.00598279 0.0493325 0.0544851 
0.00221522 0.077172 1.0879e-05 1.53696e-06 0.00262078 0.013378 0.0702654 0.000289215 0.000107504 0.000199551 1.83064e-06 3.81161e-05 0.0295793 0.00199065 1.81282e-05 0.394769 1.42159e-05 0.0844991 0.0345195 0.0415089 0.0398689 0.000120006 0.103141 0.0186717 0.000359427 0.000547234 0.000913884 0.0831793 
0.000318904 0.20394 0.000372681 9.0559e-05 1.55382e-09 0.0330879 0.00427231 0.000545325 0.153094 1.93022e-07 4.57659e-06 0.000333526 2.23255e-07 0.0585417 3.41977e-05 0.207954 1.29976e-07 0.000547872 0.0395296 0.119583 0.0277162 0.0050817 0.0380004 0.0967392 0.00556296 3.233e-06 0.000474325 0.00417188 
0.0105185 0.00396504 8.49524e-11 0.000193742 0.00378493 0.00904863 0.0054562 0.208984 0.000325511 4.23876e-05 0.00173544 0.00143029 1.06066e-07 0.00408887 2.87322e-08 0.353491 0.000129037 0.00918949 0.0105365 0.0241257 2.59036e-05 0.000950199 0.0282313 0.0141149 0.144392 8.61984e-10 0.00716531 0.158075 
0.000226079 0.00501966 0.000113551 5.12909e-05 6.96147e-08 0.189567 0.000222809 0.0232363 0.0429942 3.69842e-05 4.25278e-08 0.000269686 1.43169e-06 0.0752363 2.40977e-05 0.478047 0.000428366 8.71809e-05 0.000254726 0.0668192 0.0042522 5.33301e-08 0.0654083 0.000447256 0.000114774 0.00885988 0.0368765 0.00140491 
0.0462474 0.0234446 0.00092483 0.000286637 0.000526965 0.129311 0.0676928 0.00059858 0.00516732 0.00120844 0.0079315 0.00167969 5.90843e-05 0.0286243 1.44178e-07 0.30313 1.48041e-06 1.09712e-06 0.0425805 0.121077 0.00313432 6.76918e-05 0.0878038 0.013214 0.0062709 0.00124151 0.0442142 0.0635598 
0.0438838 0.0317664 6.92786e-05 0.000917885 0.00166088 0.0690472 0.136845 0.000900153 0.00273044 0.000481271 0.000966766 0.000153006 0.031614 0.0493813 3.13729e-05 0.225928 2.39763e-05 0.00268386 0.0474431 0.111441 0.0359621 3.76716e-05 0.0414816 0.00767266 0.00547672 0.0109479 0.0845993 0.0558529 
0.0205813 0.00634045 6.8615e-07 2.69225e-05 1.01704e-06 0.0736959 0.0134112 0.0106201 0.00300066 0.000121442 0.00102826 0.0015356 3.54271e-05 0.271153 1.5727e-06 0.343578 4.42203e-09 0.00147 0.00768838 0.070591 0.00420496 1.8187e-05 0.00482614 0.00888679 0.0537205 0.00120567 0.0189256 0.0833314 
0.00386421 0.0822736 1.62627e-09 2.80585e-09 2.32756e-09 0.0716561 0.00971856 0.00150861 1.41327e-05 0.000889392 0.000893562 0.00106908 3.05013e-05 0.0269119 8.1338e-07 0.686257 5.80419e-06 5.038e-06 0.00959282 0.0275431 0.000432672 6.39155e-06 0.0390667 0.0139627 0.0124982 1.44578e-06 0.000138417 0.0116594 
0.000900085 0.130729 0.00941534 1.08494e-05 5.96017e-06 0.149529 0.00220053 0.000943575 0.000539815 0.000288489 0.00156461 0.0247874 5.04234e-05 0.0181394 3.65685e-06 0.368971 0.00141679 0.000663945 0.00326325 0.0232047 0.108209 1.15191e-05 0.0573375 0.0675445 0.002227 7.25542e-05 0.0135995 0.0143701 
0.00120846 0.00805828 0.000285663 0.03833 0.000114651 0.15024 0.000356297 0.000341727 0.00270063 8.91696e-06 0.00181579 0.00774024 1.943e-06 0.250589 7.85797e-06 0.281267 3.52872e-05 2.23571e-05 0.0946411 0.0727283 0.0381011 9.66515e-06 0.0116685 0.0222369 0.000523348 8.60871e-06 0.00139441 0.0155646 
8.19356e-05 0.142373 1.00772e-05 3.32082e-05 3.37126e-09 0.0716341 0.00845778 0.0229857 0.0481092 1.52888e-05 2.96392e-07 4.53568e-05 7.07038e-06 0.013429 2.98715e-06 0.2907 3.82299e-06 8.86729e-05 0.00513954 0.169666 0.00396753 3.53913e-08 0.0644842 0.0926104 0.0262195 9.16618e-07 0.0297116 0.0102236 
0.0327799 0.000969145 0.00030269 7.02298e-05 2.74997e-06 0.16114 0.0165078 0.000277609 0.00083056 8.75949e-05 2.98948e-06 0.000316917 0.00038674 0.0434415 5.97541e-05 0.466217 0.000316046 0.0166857 0.0496699 0.140273 0.00272275 7.62435e-06 0.0165837 0.0118091 0.0117788 0.000336218 0.000770804 0.0256533 
0.000445629 0.060467 7.6256e-06 5.27304e-05 0.000633238 0.0743022 0.00406446 0.0196396 0.0581489 0.00105454 0.000141753 0.00248946 2.36946e-05 0.0215344 1.22206e-07 0.463267 1.96674e-07 0.00113438 0.0320539 0.0943686 0.138229 2.01176e-07 0.00752551 0.012115 0.000275165 0.000126054 0.000714627 0.00718463 
0.00669784 0.0568541 0.000561106 1.05405e-05 0.000148952 0.142848 0.0386221 0.0124202 0.0106528 0.000612105 8.31028e-05 2.85137e-05 0.00434563 0.0707118 2.30781e-05 0.280119 0.000412059 0.00337903 0.147748 0.0343172 0.0404438 0.00356706 0.0402382 0.0270207 0.0259206 0.000171076 0.00932601 0.0427178 
3.0647e-05 0.0798419 2.77123e-07 5.26804e-06 0.000121147 0.138761 0.000140415 0.253439 0.000571868 4.13791e-05 1.67692e-09 1.08033e-05 9.47028e-07 0.0115945 2.22552e-09 0.346239 0.000294991 3.48798e-05 0.0192076 0.0588465 0.011817 0.0170685 0.038494 0.011833 0.00653871 2.6432e-09 0.00479098 0.000275348 
0.000148222 0.00364903 3.4526e-07 2.41826e-10 2.00603e-10 0.0121671 0.0841442 0.00487828 0.00018569 1.45022e-06 1.22549e-10 2.26119e-10 0.000152193 0.000585992 3.95337e-07 0.463266 0.0247564 0.00164508 0.00633307 0.0290391 0.000119289 1.53677e-10 0.041888 0.00884401 0.314757 1.93164e-10 1.43511e-07 0.0034396 
0.0781782 0.0378115 1.61751e-06 0.0042367 0.00209478 0.0680078 0.00518727 0.00411764 0.0106672 0.00399152 4.97863e-07 0.000217512 0.000160499 0.0551042 6.95266e-07 0.256938 0.000240418 0.000199187 0.254502 0.0491782 0.0206738 3.17651e-08 0.0259243 0.0125864 1.24355e-05 0.0157704 0.0247793 0.0694177 
3.35446e-05 0.127178 6.24006e-07 0.00600905 1.38599e-06 0.0634529 0.00480082 0.0191873 0.000609392 1.24735e-05 7.32808e-07 0.000830535 7.28151e-06 0.0124564 3.05534e-05 0.271321 0.0001026 0.000333857 0.0215203 0.181109 0.0157226 9.02528e-06 0.119964 0.0614352 0.0761085 0.000509588 0.00127444 0.0159791 
0.000191331 0.00482698 9.30844e-11 9.9138e-08 0.000280613 0.00226333 0.191084 0.00261755 0.000510849 8.13501e-05 2.8204e-05 5.38262e-07 5.84509e-06 0.000817948 1.08013e-10 0.491066 1.36279e-10 1.04468e-10 0.0335502 0.0563075 0.000941204 2.57212e-07 0.115533 0.0145071 0.0148308 5.95856e-06 0.000120125 0.0704295 
0.0717108 0.0427697 2.70665e-05 4.32077e-08 0.000755182 0.104973 0.055886 8.42755e-05 0.00176544 0.00178506 0.000355827 9.48881e-06 0.0294025 0.119346 0.00010618 0.299357 0.000239558 7.49713e-05 0.0684846 0.0643376 0.019113 2.74579e-08 0.0427959 0.00788054 0.000661605 7.59838e-05 0.000266074 0.0677366 
0.00170973 0.00282395 2.69014e-05 8.81366e-05 1.55819e-06 0.0970999 0.011789 0.0223863 0.00142207 9.32462e-05 0.000359898 0.00124886 4.26124e-05 0.337175 3.89824e-07 0.380347 2.96119e-05 0.00042318 0.0039347 0.0272042 0.00120444 0.000674149 0.0482243 0.0152627 0.0030226 0.000424067 0.0375502 0.00543089 
0.000257114 0.0193265 7.05317e-05 6.07611e-11 9.41673e-07 0.00426757 0.00478254 0.000410155 0.00108266 3.54187e-05 9.84483e-07 0.00115952 9.2494e-12 0.00206624 2.83899e-08 0.528237 0.00101681 0.000409162 0.0963782 0.108594 0.056521 2.65377e-07 0.00488849 0.143751 0.000394831 4.85345e-11 0.000146526 0.026202 
0.00142438 0.130297 1.14908e-05 0.000485614 0.00323643 0.0941761 0.0372475 0.00859644 0.00673624 0.00469456 0.00303055 0.00345261 0.0013141 0.0149764 4.78197e-05 0.321597 5.51475e-05 0.000508488 0.0095306 0.128683 0.0240159 0.00848109 0.07453 0.0373346 0.045016 3.89539e-05 0.00449403 0.0359883 
0.00138029 0.00966034 0.00234637 2.07709e-05 0.0152374 0.093965 0.0217509 0.000728965 0.000844798 6.23722e-05 0.000461688 0.000473423 0.00332967 0.199234 6.05251e-05 0.250795 8.58525e-06 0.0635644 0.00500967 0.0378691 0.00822405 1.0051e-06 0.242744 0.0127779 0.018497 0.006112 0.00390706 0.000933202 
0.00796874 0.194392 3.18003e-06 2.15208e-06 0.00195563 0.120912 0.0229958 0.00477629 0.00589369 1.30246e-05 0.000145826 0.00687354 1.17351e-05 0.0955512 0.000609889 0.256092 3.22295e-05 0.000728269 0.0015109 0.00787974 0.0225446 4.68141e-05 0.17431 0.0234025 0.00953891 0.00415776 0.00393074 0.0337208 
5.45952e-06 0.081454 4.35596e-07 2.72663e-06 0.00328247 0.0197279 0.0025475 0.0400192 0.00492096 1.88942e-10 3.82391e-08 2.82929e-05 4.53694e-11 0.0117486 2.00448e-10 0.40666 7.50405e-06 1.93868e-10 0.0081054 0.352533 0.0247422 6.89508e-07 0.0107083 0.0229978 0.000471982 2.9722e-05 1.44683e-05 0.00999157 
5.19284e-06 0.00269591 3.67856e-05 9.21139e-10 7.64118e-10 0.0552739 0.0617275 0.0425675 2.36014e-06 5.72335e-06 4.66802e-10 4.13515e-06 1.41623e-08 0.0229163 6.19513e-10 0.274354 7.89448e-08 2.33739e-06 2.18561e-06 0.192443 1.57567e-10 5.85372e-10 0.0776406 2.02941e-06 0.27032 7.35783e-10 8.70256e-11 7.79286e-11 
0.04395 0.0538786 8.43775e-09 4.22605e-08 1.04895e-07 0.00344153 0.118827 0.0039416 0.000834072 0.000131097 2.61206e-08 2.49125e-09 6.48521e-05 8.5921e-05 1.01772e-06 0.364838 8.17871e-05 4.97559e-06 0.0127618 0.0161199 0.0103995 0.00139134 0.112775 0.0584026 0.0336862 4.85216e-09 1.6902e-05 0.164366 
0.00734876 0.0815116 0.000636743 0.000254732 0.000667347 0.0605114 0.0348735 0.00832963 0.00773203 0.000810271 0.000413359 0.000331721 0.00144043 0.0142422 3.64487e-05 0.207627 0.000548806 0.00558305 0.0425874 0.177499 0.0325097 0.000354203 0.121826 0.0333627 0.0155343 0.00070232 0.0108364 0.131889 
5.71508e-12 0.233648 9.63693e-12 1.66269e-11 1.37926e-11 0.00047272 0.0036595 0.00100602 3.61846e-08 3.806e-08 8.42596e-12 1.5547e-11 2.53104e-12 1.89643e-12 1.11825e-11 0.605308 0.000502431 7.76846e-06 2.39085e-12 0.102939 0.00386857 3.15166e-09 1.47158e-07 0.0404658 3.0738e-05 1.32812e-11 1.57085e-12 0.00809165 
0.000472628 0.134622 1.4901e-06 0.000406951 0.00440767 0.0360061 0.063858 0.000754157 0.00577376 0.000159296 0.00750564 0.00738004 0.000221347 0.0840988 2.46209e-05 0.240451 1.88768e-05 0.00057201 0.0794548 0.0493745 0.0251369 6.56301e-05 0.083767 0.0478126 0.023884 9.55213e-06 0.0125705 0.0911899 
0.00246393 0.0167213 0.0089974 0.000145183 2.94512e-05 0.0556952 0.00129636 0.000641837 0.0651215 8.69155e-05 1.25984e-06 0.000668836 7.36881e-05 0.0187942 1.20611e-06 0.342592 1.23972e-05 0.0155039 0.308154 0.0897426 0.00918654 7.38309e-06 0.0436602 0.000564613 0.000957816 2.35149e-05 0.00696477 0.0118919 
0.000246707 6.65152e-05 0.124357 4.22546e-06 2.67498e-08 0.327823 0.000655342 0.000237497 0.000368232 1.36755e-06 1.69057e-06 1.05857e-05 3.33738e-07 0.0809056 1.5836e-05 0.358278 2.73629e-08 0.000687884 0.0138901 0.00872236 0.00408049 2.04923e-08 0.00448265 0.000690185 0.0319886 0.000191889 0.000675257 0.0416192 
4.2828e-10 0.0947369 7.22177e-10 5.40125e-07 1.0208e-06 0.118552 2.73695e-07 0.0289008 5.81863e-05 2.89033e-07 1.79844e-07 0.00339142 1.89673e-10 0.0101996 8.37997e-10 0.67619 1.05729e-09 3.57623e-07 1.79166e-10 0.00367013 0.000158649 7.91816e-10 0.0373765 0.0266951 1.78648e-06 9.95272e-10 6.63863e-05 1.05412e-10 
3.03122e-07 0.0471541 5.11133e-07 8.81876e-07 9.35645e-05 0.0933359 0.000210892 6.3977e-05 9.7485e-05 0.271854 2.15029e-05 0.000299245 1.34244e-07 0.0958226 6.83314e-05 0.450773 5.45593e-05 0.000100059 0.000143982 0.0168404 0.00059875 1.74299e-05 0.00153958 0.0208071 5.93459e-06 7.04421e-07 3.85746e-05 5.66094e-05 
0.000377211 0.0970768 2.69886e-07 1.3881e-07 0.00029041 0.0140945 0.00581906 0.0175574 0.00159654 8.20669e-05 2.42463e-05 0.000703388 3.2686e-06 0.0229764 1.20039e-05 0.432697 1.29456e-05 0.000323697 0.0392613 0.132526 0.0369004 0.000568035 0.0505566 0.03558 0.0218332 0.000831131 0.00346975 0.0848262 
0.00138402 0.103933 0.000453554 0.000520452 0.00162521 0.0728857 0.025371 0.012056 0.0189521 0.136876 0.00424957 0.00120954 2.10664e-05 0.0175519 0.000919133 0.200695 1.13488e-05 0.000126703 0.0101024 0.110627 0.0878309 3.53768e-06 0.142434 0.00784943 0.0224388 0.00018591 0.00390306 0.0157835 
0.0269835 0.0424869 0.000506911 0.00101291 0.00261753 0.0576231 0.0300189 0.00988239 0.00461202 0.00148927 0.00120781 0.000496101 0.00876293 0.0219728 0.000934694 0.18902 0.000800931 0.00120042 0.171223 0.154971 0.0438424 0.0013138 0.0496307 0.0425518 0.0286264 0.00200741 0.0104319 0.0937728 
0.000472152 0.0156571 0.000641696 0.000254479 0.000243897 0.0270784 0.000411709 0.000625629 0.0159583 7.53024e-05 3.33999e-07 6.16272e-07 9.54149e-05 0.15948 0.23005 0.331671 0.000237129 0.000828808 0.0677629 0.0469443 0.0274867 8.78282e-05 0.0135272 0.00108075 0.0423257 0.000272088 0.00966449 0.00706644 
