4.29083e-05 0.0701303 6.53154e-05 3.90387e-05 0.00420653 0.0303954 7.99244e-05 0.0185496 0.0103329 1.45558e-05 0.00013489 0.000394831 1.12303e-06 0.00126213 3.62529e-06 0.659285 2.25417e-05 4.8843e-06 0.0543891 0.000838571 0.0623532 4.01117e-06 0.00135393 0.0749388 0.00508402 8.9604e-05 8.5921e-06 0.00597451 
2.13675e-06 0.303294 5.95577e-05 4.85905e-08 4.88146e-08 0.0123208 0.00581601 1.87009e-05 0.0151728 0.001377 1.35229e-08 4.50394e-05 1.93712e-09 0.000123914 8.26952e-09 0.45442 1.04754e-05 4.87134e-05 6.58906e-06 0.128583 0.0545093 2.19462e-08 0.00404353 0.0140276 0.00014291 2.95492e-08 1.0956e-05 0.00596706 
0.00237832 0.0665269 2.12728e-07 2.98129e-05 0.0114058 0.0494931 0.0198377 0.0330569 0.0131855 6.58523e-05 0.00143707 0.00771413 3.52857e-06 0.0642678 5.59271e-06 0.526346 0.00228553 0.00608231 0.0155968 0.0243074 0.0325288 0.000373784 0.0150062 0.0454844 0.0552896 0.00175645 0.00037601 0.00515882 
0.00826003 0.0421606 4.25899e-06 3.40589e-05 0.000421789 0.146494 0.0140327 0.0227665 0.0138733 0.00316659 0.00437847 0.00156419 0.00031544 0.0718953 7.59875e-05 0.146861 1.88308e-07 0.00641804 0.133538 0.126389 0.0788547 0.000110286 0.0271056 0.0534147 0.0485171 2.82902e-05 0.0230187 0.0263007 
0.00125187 0.0487578 0.0175789 0.00153835 5.26713e-05 0.136973 0.00363852 0.00942608 0.00724918 6.82068e-05 6.40023e-08 0.000391579 1.50837e-05 0.0152275 1.54744e-05 0.284019 0.000110816 0.0124666 0.179205 0.118806 0.0154796 0.00122116 0.0926918 0.0409209 0.00300009 0.000103899 0.00276568 0.00702509 
0.0271512 0.0246044 0.000881843 0.000130485 0.00937441 0.0172389 0.220873 0.00260446 0.00136209 0.000259505 0.00194239 0.000424784 0.000848376 0.023772 1.4363e-05 0.243145 0.000482928 0.000141312 0.0362915 0.205846 0.0208797 6.8067e-05 0.0184353 0.0144084 0.0532879 0.00191969 0.031419 0.0421931 
0.00424869 0.0523104 0.0132881 0.000201397 0.000550882 0.0838298 0.0043637 0.00198658 0.00592251 4.40572e-07 0.000183612 0.00297201 8.15076e-05 0.0105782 2.75902e-06 0.277609 0.000141843 0.000263037 0.12715 0.109278 0.00373888 3.21548e-06 0.249005 0.0119358 0.0236676 0.0031744 0.00374634 0.00976557 
0.00702772 0.023735 0.000125058 0.000193872 7.08671e-05 0.072816 0.0252927 0.0356167 0.0040141 2.58974e-05 0.0148692 0.00781514 0.000263464 0.0686583 3.05369e-05 0.468669 7.77676e-05 0.00185482 0.0471877 0.00654806 0.0148524 0.000285279 0.0504771 0.0726186 0.0264202 0.00142373 0.0211421 0.0278887 
0.000100778 0.0599755 0.0199968 3.17075e-06 1.53658e-09 0.068177 0.00352732 0.0423224 0.000922459 2.38343e-06 1.11024e-06 0.0019455 2.65764e-05 0.0166125 3.77072e-05 0.323918 1.8315e-05 0.000855063 0.0205977 0.201705 0.0649445 4.35582e-06 0.0299062 0.0943537 0.0244912 1.05919e-05 0.00993421 0.0156103 
5.19284e-06 0.00269591 3.67856e-05 9.21139e-10 7.64118e-10 0.0552739 0.0617275 0.0425675 2.36014e-06 5.72335e-06 4.66802e-10 4.13515e-06 1.41623e-08 0.0229163 6.19513e-10 0.274354 7.89448e-08 2.33739e-06 2.18561e-06 0.192443 1.57567e-10 5.85372e-10 0.0776406 2.02941e-06 0.27032 7.35783e-10 8.70256e-11 7.79286e-11 
0.00118431 0.0912736 2.92047e-05 0.000540484 0.000124039 0.170853 0.00507067 1.93208e-05 0.090142 3.10471e-07 2.80797e-07 0.000797844 0.000315326 0.109922 1.36556e-06 0.200372 1.49344e-09 9.44107e-05 0.0732591 0.160975 0.0128782 1.83258e-07 0.0169544 0.0053422 0.0105414 5.35359e-07 0.000230741 0.0490777 
0.000783937 0.00021694 0.000195141 1.62687e-05 3.37303e-09 0.000207091 0.000860091 1.37634e-09 0.0822134 0.0031794 2.18444e-05 3.80207e-09 5.28611e-05 2.74561e-05 3.28438e-06 0.907196 4.72732e-05 5.66045e-05 1.39746e-05 0.000108324 0.00374441 2.584e-09 0.000138841 3.35e-05 0.0001517 3.24796e-09 0.000641118 9.02313e-05 
0.0148366 0.0862009 5.70411e-08 0.00949445 3.6486e-05 0.141132 0.008325 0.00197783 0.00844852 0.000357039 0.0045685 9.40845e-05 0.0109289 0.122636 1.45304e-05 0.186094 0.0260946 0.00341905 0.140033 0.0538743 0.0214984 8.98342e-05 0.019879 0.0705611 0.00505518 0.000326409 0.0141418 0.0498823 
0.000181269 0.11717 0.000307422 3.34104e-05 9.15086e-09 0.0817601 0.151322 0.000210754 0.0148079 3.44979e-05 2.01823e-05 4.68726e-08 2.80669e-05 1.1726e-05 1.01989e-06 0.287919 0.000110046 2.15663e-05 0.00963344 0.0924824 0.00440166 1.76154e-05 0.184434 0.0214156 0.0223329 1.50578e-07 0.00747798 0.00386486 
0.00327037 0.123783 0.00446128 0.000195227 0.0137481 0.0273585 0.0716563 0.00314784 0.00637183 0.000133652 0.000148981 0.00424534 0.000949075 0.00176467 5.71542e-06 0.316546 0.000314813 1.34155e-05 0.0448203 0.0312685 0.0162184 4.45544e-08 0.134419 0.0122462 0.014371 4.98501e-06 0.149254 0.0192827 
7.33214e-05 0.117258 1.77281e-08 1.68778e-07 7.02781e-05 0.0118239 0.0436018 0.014576 0.00597212 0.00132868 0.00337037 8.16996e-05 1.16038e-05 0.00265827 1.59286e-05 0.536143 5.08023e-08 0.00814452 0.00668986 0.147438 0.0263466 1.03347e-06 0.00371749 0.013248 0.00801043 1.78275e-06 0.000117877 0.0492998 
0.000255561 0.00855376 7.97987e-10 2.58798e-07 1.34807e-05 0.00097249 0.0116492 0.0107629 0.000345903 2.93674e-06 8.21764e-06 1.63987e-08 0.000139122 0.00403075 6.96393e-07 0.400664 2.43768e-05 0.00205806 0.0176211 0.00789208 0.00141121 0.00315003 0.280449 0.0298017 0.171334 8.78548e-07 8.92311e-08 0.0488579 
0.000200747 0.176906 0.0103617 0.000144151 2.80701e-06 0.0417321 0.0413597 0.0547737 0.00141166 1.32898e-05 8.09041e-07 0.000462041 3.09784e-05 0.00569768 1.55304e-05 0.186804 0.000106345 0.000181681 0.0510093 0.108438 0.0668286 1.97241e-09 0.113442 0.021545 0.011156 0.000279175 0.000130087 0.106966 
0.00655932 0.0386939 0.000257791 9.52871e-05 5.57188e-05 0.046783 0.0113568 0.00428425 0.0246715 0.00061093 0.000301311 0.00243353 1.79448e-05 0.0719123 1.06379e-05 0.284571 3.89644e-06 0.0014121 0.0149311 0.283831 0.0301896 7.82358e-05 0.0671146 0.0648715 0.0150772 0.00123765 0.0050386 0.0235986 
0.000861707 0.0678298 9.75145e-05 0.000136552 0.000223363 0.143665 0.080518 0.00385056 0.00543657 0.00634089 0.000166543 0.0264703 9.99016e-06 0.0119918 6.62864e-06 0.154148 7.19581e-06 0.0073475 0.0725778 0.145164 0.0426292 2.30605e-05 0.0659749 0.104235 0.00966417 0.00111165 0.0136112 0.0359015 
0.00322878 0.0548259 0.0018899 0.000643693 0.000738781 0.227913 0.0339299 0.0101004 0.0109291 0.0129095 0.000894504 0.00348783 0.000737254 0.0706078 1.12316e-05 0.281911 0.000409238 0.000970789 0.00861192 0.0757408 0.00712056 0.00188666 0.0941148 0.0197881 0.0167327 0.000424791 0.0310862 0.0283544 
0.00105913 0.00943932 1.66159e-08 3.07721e-05 2.37811e-08 0.00262979 4.41334e-09 0.00649137 0.0373243 6.0653e-06 1.4528e-08 2.6806e-08 4.36401e-09 0.000646707 1.92807e-08 0.513586 1.51503e-06 1.37344e-05 0.113615 1.45246e-05 0.0705681 1.82182e-08 1.02094e-06 0.00494058 4.05896e-09 2.28993e-08 2.82424e-06 0.23963 
0.00161635 0.105844 4.196e-08 9.89568e-05 0.0030176 0.0700609 0.149717 0.00187864 0.0703387 3.62733e-05 2.65556e-08 2.75785e-05 1.12146e-05 0.000538311 3.37069e-08 0.276441 3.33873e-08 0.000380555 0.0106021 0.0470121 0.0274641 2.03006e-09 0.225394 0.00668092 0.00238369 3.94902e-05 0.000351923 6.47217e-05 
0.00198034 0.0333768 0.0299927 0.000169421 6.19713e-08 0.0556777 0.175775 0.0274596 0.00393728 7.76568e-05 3.78585e-08 0.000138061 6.38047e-05 0.0300409 0.00363382 0.417472 2.13247e-06 0.000588804 0.00848994 0.0244099 0.00106387 3.66288e-05 0.0164173 0.120925 0.0310363 0.000219243 0.00386908 0.0131473 
0.00187949 0.042576 1.21768e-10 2.10091e-10 3.76457e-06 0.0599019 5.07814e-07 2.55301e-06 0.0184143 5.19439e-06 6.68932e-05 9.92068e-06 0.00118753 0.161871 5.79456e-07 0.223843 1.78272e-10 2.13201e-06 4.3593e-06 0.00122738 0.162169 1.3351e-10 0.043576 0.0113788 0.014265 0.066004 0.00065327 0.190957 
0.0254747 0.00599913 2.19815e-05 2.2371e-05 0.00572608 0.175597 0.000762341 2.77323e-05 0.00333891 0.0056092 1.09804e-05 2.12834e-05 0.0138857 0.140843 1.75162e-05 0.43553 0.116561 7.17498e-05 0.0108512 0.0127664 1.71835e-05 0.0031213 0.00598982 6.77999e-05 0.0217809 0.00332618 7.48875e-05 0.0124828 
0.00190803 0.0666233 1.28433e-09 8.1184e-06 1.83817e-09 0.117445 3.4113e-10 7.50047e-10 1.14183e-06 1.40477e-09 1.12294e-09 0.0133739 3.06856e-08 0.00842412 8.67924e-07 0.607062 1.75095e-06 1.44139e-09 0.00798646 0.113116 0.00564784 1.40818e-09 5.61075e-06 1.69833e-05 6.21946e-06 1.77e-09 2.09349e-10 0.0583727 
1.80915e-05 0.0695844 1.13575e-05 0.000930981 2.12363e-07 0.0417885 0.0137438 0.00241758 0.0617581 0.000103258 1.29733e-07 0.000910014 2.14696e-05 0.000692036 1.72175e-07 0.68359 2.1723e-07 0.000335266 0.000673832 0.0919302 0.0117353 0.000240992 0.0161565 0.0021273 0.0002802 2.43016e-05 0.000861861 6.35579e-05 
0.0105454 0.131913 9.91792e-07 4.10028e-07 4.19619e-06 0.019356 0.00120481 0.00155774 0.0068471 0.00657345 0.00118236 0.000114983 0.000124582 0.00610837 7.59237e-09 0.61671 5.82941e-05 0.00015729 0.00637348 0.110441 0.0449433 5.17044e-08 0.0308267 0.00178202 0.000800592 7.33452e-05 4.52826e-06 0.00229534 
0.0146956 0.00253524 0.000110975 2.39044e-06 1.29915e-07 0.0113651 0.395186 0.000127425 0.000162736 1.32095e-05 4.14121e-05 4.20865e-05 0.000316052 0.07454 0.000136768 0.413181 1.08839e-05 0.000202517 0.00202548 0.00235123 6.84244e-05 9.95248e-08 0.0389412 0.00136484 0.0296191 0.00776765 0.000248658 0.00494376 
0.000563708 0.00565973 0.000254661 7.86178e-06 0.00318047 0.00594047 0.0633111 0.00261412 0.000199894 5.78919e-05 5.53696e-07 8.55222e-06 0.000529966 0.00514847 4.81848e-06 0.385497 0.000497285 0.000264651 0.0788581 0.172889 0.00145313 1.20224e-06 0.022139 0.0986195 0.0251407 4.0984e-06 0.0287562 0.0983982 
0.0056426 2.35347e-05 1.49571e-06 1.06832e-06 9.95625e-11 0.415765 0.0102419 1.95044e-07 4.50606e-06 0.00251505 6.08231e-11 1.12226e-10 0.000209871 0.121479 9.69457e-08 0.426577 3.97294e-07 1.40536e-06 0.00110731 4.30413e-05 3.83308e-06 7.62725e-11 2.19561e-05 0.0050791 1.5804e-06 3.27782e-05 2.47037e-05 0.0112233 
1.55401e-07 0.214525 1.37844e-10 9.9911e-07 1.97286e-10 2.31153e-06 1.14601e-06 0.0431474 4.78387e-07 1.5077e-10 1.20523e-10 2.24604e-08 7.60631e-08 9.76807e-08 1.59951e-10 0.465862 2.01808e-10 4.79727e-07 0.147122 0.0302125 4.64593e-06 0.0991087 2.04311e-06 5.56185e-06 3.78822e-06 1.8997e-10 2.2469e-11 1.28772e-06 
0.00044127 0.0388166 0.00203347 5.33109e-05 0.00050326 0.134814 0.00257641 0.0827692 0.005182 0.000737718 0.00103517 7.13049e-05 2.38576e-06 0.00319616 3.54925e-07 0.359162 0.000333218 0.00151533 0.00471273 0.108294 4.4143e-05 0.00895499 0.194775 0.00199007 0.0272627 6.85662e-05 0.0167958 0.00385971 
0.00102848 0.0169419 0.00020294 7.2346e-06 5.87534e-06 0.0329872 0.215961 0.0292314 0.000200752 3.25374e-05 0.000248117 0.000125181 0.00433428 0.000406562 2.23224e-06 0.42256 2.75601e-05 6.93892e-05 0.0465278 0.0159479 0.00275824 9.51971e-07 0.0216546 0.0916776 0.00300698 7.23064e-05 0.013262 0.0807192 
9.4162e-08 0.0104474 4.12414e-11 0.000177651 5.90258e-11 0.0103888 0.114877 0.00340734 0.000140863 9.85567e-05 3.49586e-08 3.38312e-09 5.65818e-05 0.000346826 1.75179e-09 0.414838 0.000207496 0.000740436 0.0272976 0.105224 0.00858824 1.32547e-09 0.198921 0.0593775 0.0392622 6.5328e-09 0.000491805 0.00511063 
0.00284839 0.0584849 8.05782e-05 0.000989502 0.00241277 0.0536351 0.0396153 0.027942 0.00293486 0.00044309 0.000247006 0.0018361 0.00134804 0.00557798 0.00218577 0.383986 0.000314043 0.00147474 0.135049 0.0613671 0.0146081 0.000999229 0.0383421 0.059482 0.0566138 0.000295964 0.00763005 0.0392567 
5.19009e-05 0.0059724 2.1588e-07 3.72466e-07 0.000598599 0.0738749 0.000252401 1.26074e-07 9.80785e-05 2.36124e-07 0.0867617 3.48274e-07 5.99423e-05 0.16998 0.0278842 0.335055 3.16056e-07 2.95159e-05 0.00888091 0.0200482 0.000323211 2.36698e-07 0.0122333 0.00409549 0.212003 2.97517e-07 3.08475e-06 0.0417918 
0.0148367 0.0303489 0.00097895 0.000201655 0.0365667 0.10794 0.0198869 0.00460312 0.0020606 0.000873981 3.73498e-05 0.000390765 1.57298e-05 0.0636488 1.66263e-06 0.280348 3.06257e-05 0.000226861 0.0110614 0.255205 0.0137276 0.0011852 0.0777358 0.00489771 0.0395566 3.77541e-05 0.0116465 0.0219491 
0.00423572 0.116211 4.15573e-08 0.00227582 1.82513e-08 0.038454 0.118985 0.00142794 5.66751e-05 0.000779316 2.04607e-08 3.97242e-08 2.74957e-06 0.000492555 3.28262e-08 0.192961 7.88098e-05 0.000534004 0.0871298 0.0445165 0.000247741 8.94642e-12 0.131997 0.0507225 0.0613802 1.60245e-07 0.0773971 0.0701146 
0.0390103 0.038444 0.000300287 0.00074623 0.000193678 0.0226067 0.117616 0.000782279 0.00242034 0.000427895 9.94086e-05 0.00107611 5.74095e-05 0.0258744 1.36928e-06 0.220409 4.92619e-06 0.000548149 0.156033 0.141958 0.116451 8.31781e-05 0.0404333 0.0120975 0.00315834 0.0019278 0.00606361 0.0511755 
6.85946e-05 0.181874 8.92739e-08 0.00111067 1.73258e-09 0.113637 1.53793e-06 0.000118385 0.0106761 8.61829e-06 1.05844e-09 0.0448985 7.41481e-06 0.0131817 5.08352e-06 0.507054 4.25776e-05 0.000109913 0.00171575 0.0509151 0.000147058 3.05388e-06 0.069895 0.00442543 1.90693e-06 4.10507e-06 9.78967e-05 6.10027e-07 
0.288587 5.11261e-07 3.31896e-07 4.99045e-05 1.18646e-06 1.96322e-08 0.0327211 2.20388e-10 0.000474989 1.17888e-06 5.60596e-08 3.12593e-07 9.91144e-11 0.00480051 4.379e-10 0.436294 5.52492e-10 1.36464e-06 0.185314 0.00504106 5.18884e-07 4.13767e-10 0.00462055 0.0100778 0.00147352 8.81454e-06 6.15136e-11 0.0305308 
0.000622481 0.103925 0.00188337 7.15309e-05 2.48413e-07 0.0564367 0.0093471 0.0158915 0.00471155 0.00199087 0.000434301 0.00162411 1.45959e-05 0.00760904 5.85305e-06 0.310147 0.000426765 0.00245816 0.016713 0.212667 0.0191816 0.00524412 0.082699 0.0239835 0.040175 3.64186e-05 0.0166244 0.0650766 
0.00019156 0.00334932 0.00063299 9.93076e-06 9.74217e-07 0.0190717 0.00282913 5.37974e-07 0.00108905 0.00654993 4.85583e-05 2.39406e-05 4.24769e-05 0.109332 1.9204e-05 0.400584 5.24343e-05 0.00031196 0.00742414 0.0962449 0.0658295 0.000267651 0.0282429 0.0112035 0.0140527 0.000162524 0.0059019 0.22653 
0.00278464 0.0189997 1.24597e-06 0.000582464 1.84228e-08 0.071901 0.06081 2.32397e-07 0.00068195 1.19442e-06 0.000186918 0.00126008 3.78531e-05 0.14492 4.0281e-07 0.280075 0.000121317 0.002127 0.0925758 0.174771 0.0187996 3.43474e-06 0.0190328 0.0197738 1.09661e-06 1.12788e-07 0.00869106 0.0818607 
0.00179092 0.0653678 0.00133573 0.00101067 0.000678383 0.0596752 0.06798 0.00176486 0.00721257 0.0007585 0.000228553 0.00650292 0.00021582 0.0418963 0.000217184 0.203232 0.0018972 0.00403009 0.0148496 0.183682 0.0601603 0.000102704 0.143413 0.0222995 0.0402458 0.00147116 0.0151294 0.0528515 
0.00139847 0.183361 6.26694e-06 9.80478e-05 0.00176404 0.0194201 0.0165939 0.0116164 0.00321596 1.57771e-07 1.35165e-05 1.86461e-05 2.8842e-05 0.00237794 4.82695e-09 0.233117 1.06703e-05 1.9652e-05 0.0482687 0.0603588 0.229593 0.000204771 0.0788537 0.0766786 0.0146485 6.31841e-06 0.000390458 0.0179367 
8.53871e-05 0.0253066 0.000220243 7.61406e-06 5.17818e-09 0.031106 0.000315332 0.0446101 0.00809218 0.000158494 4.41388e-07 0.000370434 1.067e-06 0.00479736 1.19853e-06 0.698225 4.76783e-05 0.00021472 0.00243647 0.048497 0.0088639 0.000373828 0.0582096 0.0373654 0.0251014 1.25517e-05 0.00150107 0.00407922 
0.000343832 0.0390702 0.000854316 0.000157862 5.10658e-05 0.0894496 0.00843923 0.00793478 0.0272731 0.000331943 8.41003e-05 0.00135448 7.27283e-06 0.0718264 3.54539e-07 0.472417 1.5497e-06 0.000234827 0.0173504 0.0456797 0.0146268 0.00242521 0.0671179 0.062492 0.026949 0.00017098 0.0142274 0.0291293 
0.000346688 0.00875133 1.59562e-05 7.08124e-06 3.26784e-05 0.0290578 0.127536 0.0947466 0.000413935 3.84644e-05 8.62099e-07 0.0006328 7.84276e-05 0.00387841 5.99598e-07 0.19333 0.00125543 0.0132346 0.00333655 0.00530624 0.000173106 0.000320585 0.15169 0.0818474 0.119423 1.68319e-05 0.138851 0.0256767 
2.02826e-05 0.0528311 3.74444e-05 2.65848e-06 6.07961e-05 0.000695781 0.0994037 0.0321808 0.00014224 0.000587928 0.00262605 2.62577e-07 9.99368e-06 0.00161414 9.48694e-08 0.231258 2.83853e-05 0.00011572 0.00689559 0.179513 0.0926291 1.25205e-06 0.206231 0.0370658 0.027971 3.93311e-07 0.00426834 0.0238083 
0.288587 5.11261e-07 3.31896e-07 4.99045e-05 1.18646e-06 1.96322e-08 0.0327211 2.20388e-10 0.000474989 1.17888e-06 5.60596e-08 3.12593e-07 9.91144e-11 0.00480051 4.379e-10 0.436294 5.52492e-10 1.36464e-06 0.185314 0.00504106 5.18884e-07 4.13767e-10 0.00462055 0.0100778 0.00147352 8.81454e-06 6.15136e-11 0.0305308 
0.00325832 0.00257812 3.5922e-06 0.072151 7.07271e-06 0.112644 0.00126169 0.00811333 0.0253215 1.93011e-08 0.000523405 0.00013135 9.94761e-06 0.0553236 1.07444e-05 0.593048 7.0389e-06 0.000372077 0.00243344 0.0614465 0.00224695 0.00320779 0.00860925 0.0178447 0.0147468 2.79608e-06 0.0076675 0.00702967 
0.108019 0.0199885 4.33195e-07 0.000310411 7.67052e-05 0.078791 0.0406291 0.00142456 0.0013998 0.000266608 0.000350355 0.000135077 0.00561079 0.192424 2.20226e-05 0.229483 0.000290506 0.000626109 0.0132338 0.108746 0.00100303 0.00560074 0.07876 0.0271056 0.0207193 0.00232897 0.0100988 0.0525553 
0.000513763 0.122922 3.66194e-05 0.000163453 1.65668e-05 0.023773 0.0174188 0.000866749 0.00353923 0.000364013 8.63679e-06 0.000418267 3.60508e-05 0.000803832 5.17703e-07 0.294703 9.16549e-06 0.00120293 0.0464745 0.0952079 0.0148981 3.0761e-09 0.269186 0.00695391 0.00674275 3.75291e-05 0.0016023 0.0921002 
8.65136e-07 8.3521e-06 1.45882e-06 2.51695e-06 2.0879e-06 0.00664555 3.87475e-07 0.00133314 6.02647e-07 0.000140137 1.2755e-06 0.00686578 3.83144e-07 0.039312 1.69278e-06 0.799172 0.000304744 1.63721e-06 0.0366768 1.27963e-07 4.30542e-07 6.56967e-05 0.000306435 0.0676009 0.0409997 0.000554336 2.37791e-07 2.12934e-07 
0.000129766 0.0100975 6.85159e-10 0.000408202 2.47385e-07 0.176228 0.000772854 0.0391883 0.0162447 6.13726e-05 0.0512501 2.14145e-06 3.04894e-06 0.114301 8.63218e-08 0.258056 1.49099e-05 6.19069e-05 0.0890093 0.0560114 0.024221 0.000543392 0.00723186 0.0695505 0.0437954 0.000449943 0.000608553 0.0417583 
5.19284e-06 0.00269591 3.67856e-05 9.21139e-10 7.64118e-10 0.0552739 0.0617275 0.0425675 2.36014e-06 5.72335e-06 4.66802e-10 4.13515e-06 1.41623e-08 0.0229163 6.19513e-10 0.274354 7.89448e-08 2.33739e-06 2.18561e-06 0.192443 1.57567e-10 5.85372e-10 0.0776406 2.02941e-06 0.27032 7.35783e-10 8.70256e-11 7.79286e-11 
0.00269682 0.000513941 3.51246e-05 3.42582e-11 9.84359e-05 0.0815099 0.00345038 0.000203638 0.000809077 0.000162762 1.67283e-05 7.94001e-08 1.45335e-08 0.0242777 2.30404e-11 0.453688 0.00108977 0.000822839 0.10336 0.0911578 0.00611556 3.07865e-06 0.030659 0.0448107 0.0070356 2.73646e-11 0.00198286 0.1455 
0.00477481 0.0772437 0.000632068 0.00181833 0.00106542 0.0914154 0.0257188 0.0103806 0.00767307 0.00115339 0.0015215 0.000868913 0.00135456 0.122094 3.22837e-05 0.16764 0.00105753 0.00909145 0.0308444 0.165624 0.0163857 0.00118066 0.125694 0.037903 0.0536383 0.000516324 0.0167701 0.025907 
0.0218473 0.0951678 0.00318793 6.84981e-05 4.46137e-05 0.08071 0.0729991 0.000939155 0.00122312 0.00121691 0.000177522 0.000506863 0.00208375 0.0288453 6.99308e-06 0.149542 0.00089442 0.0223405 0.080782 0.118396 0.0167659 9.07138e-05 0.080977 0.030422 0.0497664 0.000219702 0.00967253 0.131106 
0.00393571 0.0464056 0.00141913 0.000739829 0.00122771 0.100222 0.0299143 0.00779654 0.0033866 0.000295476 0.00183504 0.00161348 0.000347565 0.0286621 8.45017e-06 0.371574 0.000270642 0.0013009 0.022462 0.134444 0.0573814 6.06467e-05 0.10298 0.0274233 0.011959 8.20328e-05 0.00819764 0.0340555 
0.00667766 0.139894 0.000440369 0.000119853 5.72895e-06 0.0826272 0.0348428 0.000489646 0.0358965 0.0168396 0.000282708 0.000501495 0.000753331 0.0685061 5.00907e-06 0.208683 0.00100903 0.000139241 0.100299 0.0689541 0.0680344 6.90498e-05 0.0642957 0.0202233 0.00696487 0.000279967 0.00702294 0.066143 
7.47772e-06 0.00940304 6.22241e-09 1.07357e-08 0.0106353 0.000665148 0.00175274 0.0134046 0.0241155 7.52518e-06 2.64676e-06 4.26424e-07 0.000271733 0.0982037 5.48051e-05 0.385852 9.10981e-09 6.98334e-09 0.197508 0.00974264 0.000603984 0.00196009 0.0403402 0.0156974 0.108894 4.00926e-06 1.01427e-09 0.0808728 
0.000998685 0.0874868 0.00300104 0.00123632 0.00200572 0.108149 0.0521484 0.0111851 0.00515504 0.000945375 0.00148533 0.0022332 0.000469715 0.0239752 7.86004e-06 0.28651 0.00025867 0.00238209 0.0107003 0.0990631 0.0124713 0.000895649 0.129442 0.0409522 0.0720555 0.00132972 0.0178702 0.0255863 
0.00104264 0.0258265 0.000343225 9.01893e-05 0.000313861 0.144445 0.0370886 0.0120707 0.00132362 0.0040953 6.51524e-07 0.000475097 5.09418e-05 0.0165467 8.12649e-08 0.495927 7.95182e-08 1.62569e-05 0.00817804 0.0197569 0.00234524 0.00270299 0.0613645 0.0406346 0.0268106 9.16061e-08 0.0676879 0.0308631 
0.000124705 0.0211872 2.57743e-09 4.00068e-05 3.26426e-05 0.0192222 0.126421 0.0119208 0.00198812 4.50777e-06 7.93673e-05 0.000964011 2.94865e-05 0.00565013 8.30824e-07 0.185801 2.67896e-06 3.5167e-05 0.00449504 0.163467 0.00424072 6.04904e-05 0.184936 0.102622 0.135375 6.60878e-07 0.00643343 0.0248656 
1.25803e-10 0.292789 8.06314e-07 3.65999e-10 1.8247e-07 0.165747 5.63443e-11 2.76885e-05 0.00308485 3.25067e-07 1.85476e-10 3.42227e-10 5.57701e-08 4.1745e-11 2.46153e-10 0.416234 3.10568e-10 2.38074e-10 1.57364e-06 1.86076e-11 1.12755e-07 5.93122e-06 0.115098 3.27299e-06 1.44164e-05 2.92351e-10 0.00699229 1.02183e-06 
2.12047e-08 0.0920469 6.56694e-11 1.92544e-07 2.63187e-08 0.00723226 0.0166945 0.0281818 0.00133904 5.53824e-08 5.74175e-11 1.05943e-10 1.72474e-11 4.34587e-07 7.62013e-11 0.494986 9.61422e-11 3.91035e-07 0.115228 3.45006e-07 7.47629e-05 8.539e-07 0.0861679 0.0505282 0.102875 9.05027e-11 0.000140063 0.00450375 
0.00129242 0.0544293 0.0033189 5.5615e-06 2.46611e-07 0.0470342 0.0191209 0.00261225 0.0071644 0.000290809 0.00665577 0.152408 0.000195699 0.0914394 4.34245e-05 0.198434 1.93834e-06 0.00083985 0.0112177 0.160118 0.00544567 1.02279e-05 0.158137 0.00473513 0.039591 0.000226361 0.025986 0.00924599 
0.0382056 3.95789e-05 4.70849e-05 1.4477e-07 1.20092e-07 2.99932e-05 3.99099e-05 9.38289e-05 3.46631e-08 3.77078e-05 7.33645e-08 2.70322e-05 5.99374e-05 0.411963 0.000858087 0.510278 1.22844e-07 8.372e-05 2.0817e-08 0.000146014 2.47639e-08 9.19995e-08 1.57227e-08 1.66053e-06 0.000773763 0.000161262 1.36773e-08 0.0371538 
0.000557257 0.111662 0.0022404 0.000507977 0.00108553 0.0875881 0.0266727 0.0205056 0.00543162 0.000323255 4.87965e-05 0.00398432 0.00010803 0.011781 1.69992e-05 0.325743 0.000145494 0.000451413 0.0110502 0.0771252 0.00259079 0.00200125 0.163814 0.0552062 0.0322141 4.71168e-05 0.00932821 0.0477689 
3.24678e-07 0.0559016 1.39161e-10 6.09235e-06 1.99171e-10 0.126543 2.36015e-07 8.01914e-07 0.00862085 8.1328e-08 0.000302855 0.0236924 3.65493e-11 0.0737903 7.53247e-08 0.481695 0.000649116 0.000587934 0.0120033 0.0614474 0.0272421 1.1204e-07 0.022313 0.0646777 0.00124684 0.000294511 0.000409571 0.0385746 
0.000526427 0.0766076 1.94549e-11 3.22284e-08 1.84324e-05 0.00834618 4.69205e-09 0.0031953 0.00207484 0.000126606 5.61529e-05 0.000850067 1.17438e-05 0.0705845 1.46006e-05 0.483655 6.88098e-08 0.000736473 0.0437149 0.127437 0.0208565 0.00204261 0.119745 0.0137021 0.000358105 0.000248094 0.00262108 0.0224712 
0.000678731 0.0179371 2.43506e-05 3.45835e-05 1.29379e-05 0.0224912 0.0864362 0.000829966 0.0037143 0.000445652 4.60858e-05 0.00220157 0.000348198 0.136551 5.32825e-05 0.165356 0.000162428 0.0418539 0.112351 0.0723653 0.00473019 0.000130762 0.0335425 0.162398 0.041523 0.000813773 0.00676629 0.086203 
3.64671e-05 0.0736063 0.00226775 1.72228e-06 1.51761e-08 0.0732142 0.174795 0.0528961 0.00435149 0.00152317 3.28448e-08 0.0035271 2.65366e-05 0.00786883 3.70472e-05 0.178716 4.4025e-07 0.0247095 0.0435081 0.0592077 0.00286774 9.47185e-12 0.0467943 0.152801 0.0564696 4.49954e-05 0.000635464 0.0400923 
0.00193339 0.180781 0.000799476 0.000188445 0.00105934 0.0365634 0.0120228 0.00139812 0.00646506 7.24615e-05 0.000131058 0.0030143 0.000256614 0.0857117 0.000203418 0.229578 3.43689e-05 0.00116191 0.0164356 0.0840066 0.0191688 0.000164563 0.202323 0.0174795 0.0361834 0.00106076 0.0147197 0.0470841 
0.000239388 0.0361928 3.62765e-07 0.00676701 3.00096e-05 0.00432534 0.00774855 0.00183028 0.00027055 4.76137e-05 3.77707e-05 6.49215e-05 8.03481e-05 0.00179502 3.20621e-05 0.665139 2.76894e-05 0.000266646 0.0290485 0.0057191 0.0343978 5.39956e-06 0.0973493 0.00336348 0.0964522 0.000223281 0.000633501 0.00791248 
0.0383222 0.0526618 9.40941e-09 6.47873e-05 0.000555859 0.0439187 0.0212505 0.0104708 0.0233697 0.00276739 0.00063473 0.000115444 0.000112422 0.00468646 6.9875e-06 0.338284 8.52736e-05 0.00188289 0.0896166 0.165012 0.00421328 4.5557e-05 0.127035 0.0225752 0.0204633 7.07876e-07 0.0167556 0.0150933 
0.000686957 0.0329716 0.0274817 6.5191e-05 6.06085e-11 0.057859 0.00385268 0.00478354 0.000860591 0.00103121 8.57918e-05 0.000154671 3.67993e-05 0.00148282 1.89646e-05 0.540791 1.00638e-07 0.00659341 0.00872531 0.116806 0.00626509 7.25144e-09 0.0757016 0.00532013 0.087211 0.00609877 0.000133371 0.0149828 
0.0402096 0.00879266 6.73815e-05 0.000178335 5.0642e-08 0.00625611 0.0376911 4.27161e-05 2.71982e-06 0.00102762 1.38242e-06 0.000811144 7.56989e-06 0.057204 6.79208e-07 0.352768 0.000445026 0.000390206 0.087323 0.124802 0.00674712 7.24971e-05 0.0240781 0.0658952 0.00279818 0.00362422 0.0038376 0.174926 
0.00336562 0.108035 0.00257174 0.000111689 0.000189559 0.0239138 0.0112045 0.0113886 0.00145822 0.000412399 0.000453709 0.00107337 2.48414e-05 0.021255 9.79527e-06 0.483395 6.20177e-07 0.00224348 0.0212426 0.171155 0.0145708 0.000113476 0.0252055 0.0274089 0.0365132 8.64617e-05 0.00269632 0.0299003 
0.00699102 0.0814011 3.66818e-05 0.000276291 3.76403e-05 0.0764273 0.0227065 0.00459195 0.0312683 0.000499981 0.019056 0.000550583 0.000803673 0.0642242 1.09824e-05 0.230966 0.00214906 0.000451373 0.0162336 0.22748 0.0237092 0.000192875 0.0468651 0.0565928 0.0119506 0.000127214 0.0278183 0.0465807 
0.000359649 0.154883 1.07952e-05 0.000788146 0.000515675 0.0141952 0.111453 0.000237672 0.000913607 3.79302e-05 4.77302e-05 4.90141e-06 3.7058e-05 0.00477475 3.93307e-07 0.245771 2.24535e-05 2.24183e-05 0.00670318 0.197452 0.00973907 3.53032e-07 0.244962 0.00367532 0.00189085 5.79573e-05 0.000641109 0.000802592 
1.66086e-05 0.12717 1.06021e-08 0.000565615 2.92611e-07 0.0278334 0.0684118 0.00399294 0.00293449 9.59023e-05 0.00223539 0.000160791 0.000374044 0.00465869 5.37665e-06 0.540731 3.03858e-08 1.38463e-05 0.0170724 0.0973331 0.0327189 2.71353e-07 0.0446367 0.00639535 0.00045632 0.00229522 0.00543498 0.014457 
0.000801859 0.0135714 6.4677e-09 8.1043e-05 0.0118808 0.0232843 0.00357179 0.00108243 0.0225295 6.80632e-06 6.04089e-05 5.75697e-06 4.15062e-05 0.0270496 3.46419e-08 0.299307 1.43634e-05 4.76074e-05 0.0204822 0.0636619 0.288844 3.77483e-07 0.114714 0.0361792 0.0160457 6.07418e-05 0.00365474 0.0530206 
0.00125187 0.0487578 0.0175789 0.00153835 5.26713e-05 0.136973 0.00363852 0.00942608 0.00724918 6.82068e-05 6.40023e-08 0.000391579 1.50837e-05 0.0152275 1.54744e-05 0.284019 0.000110816 0.0124666 0.179205 0.118806 0.0154796 0.00122116 0.0926918 0.0409209 0.00300009 0.000103899 0.00276568 0.00702509 
0.00149691 0.107441 3.30014e-05 9.26165e-06 0.000245906 0.0228213 0.0099081 0.0936857 0.0136574 0.00122033 0.00203671 0.000563872 8.52103e-05 0.00324789 1.39234e-07 0.167712 4.5588e-05 0.0168119 0.0471139 0.143467 0.0166661 0.000996329 0.0459356 0.12954 0.136844 7.6543e-06 0.00955642 0.0288509 
2.58231e-05 0.169978 4.25955e-10 3.99823e-06 6.09638e-10 0.0510127 0.182955 0.0212861 0.00123832 0.000141626 1.54903e-05 1.10559e-08 1.96988e-05 1.65879e-06 8.54913e-08 0.263573 0.00360435 1.58725e-05 0.0574866 0.0171441 0.000231996 4.67029e-10 0.120182 0.0188032 0.0888063 8.87647e-06 2.59952e-05 0.00343936 
0.0321746 0.0257704 7.75671e-08 0.000284459 3.40658e-08 0.0829133 0.0662117 0.000481072 3.39538e-05 0.000549786 3.819e-08 0.00164977 0.00598055 0.104856 0.000239676 0.27032 0.00150227 0.000349148 0.0408063 0.132415 0.00147875 1.63672e-11 0.023192 0.0402931 0.0178823 0.00161807 0.0010798 0.147918 
7.58928e-06 0.0966439 2.47194e-06 0.00057531 0.000390676 0.180946 0.0312472 0.00552827 0.00384376 5.32313e-05 2.84157e-05 0.000805488 1.21849e-05 0.00132417 0.000380466 0.265479 0.0394704 0.000872844 0.00148656 0.00710968 0.000315453 1.19152e-06 0.125864 0.0126573 0.0595636 4.79971e-06 0.144015 0.0213706 
0.0151106 0.0128722 0.0309303 0.000245302 0.000277377 0.0401918 0.0260482 0.00227039 0.000714885 0.000354763 4.04151e-05 0.000105024 2.79687e-05 0.00573504 1.27499e-06 0.290749 4.00274e-09 7.46214e-05 0.017436 0.217676 0.00586837 8.96563e-07 0.214855 0.0291104 0.0264909 0.000117437 0.0459116 0.0167833 
0.000534142 0.00922054 3.19536e-08 7.34961e-08 5.71592e-08 0.00158204 0.000510868 0.00299044 0.000153053 3.24999e-05 1.88895e-07 1.04078e-07 2.19465e-06 0.0108341 2.27907e-11 0.510133 1.74451e-05 0.000389907 0.0023033 0.3207 0.0034994 2.86991e-07 0.0915831 0.0235577 0.0206868 2.7068e-11 0.000100244 0.00116829 
0.000377796 0.092701 3.2021e-05 1.23183e-05 3.43033e-11 0.0322675 0.161595 0.00210336 0.000968256 0.000241268 2.06053e-08 0.000191227 0.00285176 0.00559636 6.805e-06 0.223777 0.000484542 0.000273044 0.0477769 0.179403 0.0117805 1.91657e-09 0.0969812 0.0395576 0.0150349 0.000225075 0.000594475 0.0851671 
0.000312461 0.0382416 1.18846e-10 6.4825e-09 2.95363e-07 0.0375166 0.00909823 0.0004278 3.86115e-08 3.80604e-08 2.11794e-08 0.000517406 5.41505e-06 0.000414192 5.28336e-09 0.336141 1.81517e-08 2.81918e-06 0.00340953 0.0147146 0.000445408 0.000711919 0.146111 0.0305516 0.262275 1.34829e-08 0.00515317 0.11395 
0.00205247 0.0580656 1.33012e-09 1.79231e-05 0.00204027 0.0428629 0.0118351 0.000637799 0.00134826 0.00453059 0.00127457 1.47647e-07 1.8604e-05 0.0141459 5.17782e-10 0.418856 4.96654e-05 4.11689e-05 0.031649 0.228666 0.0270749 0.000540826 0.102678 0.0165815 0.00329879 1.13317e-10 0.0156669 0.0160678 
1.55326e-10 0.0751116 0.000539844 4.51891e-10 3.7486e-10 0.00212347 1.35178e-06 1.25423e-07 4.42809e-06 2.86476e-10 2.29003e-10 4.22541e-10 6.87894e-11 5.15416e-11 3.0392e-10 0.516527 3.83452e-10 2.93944e-10 7.416e-05 0.141755 0.23184 2.87171e-10 0.0192274 0.0127919 1.10037e-07 2.42813e-06 5.7346e-09 5.48583e-07 
0.00106384 0.070959 0.00155611 0.00269349 0.00443871 0.0719794 0.0246106 0.0191436 0.00955771 0.000144858 0.000583166 0.00134868 0.0008867 0.0202585 4.96028e-05 0.1895 0.000993022 0.00248029 0.0522006 0.0947383 0.129896 0.000532389 0.0466095 0.140801 0.0641341 0.000273554 0.0161546 0.0324129 
0.000875199 0.0296872 6.40541e-05 4.81999e-05 0.00040194 0.00446691 0.0390165 0.00121485 0.00100557 0.000333451 2.34523e-05 2.61699e-05 1.68529e-05 0.0381706 7.54572e-07 0.519685 4.70085e-06 6.37352e-05 0.00105377 0.320134 0.0126132 0.000216578 0.0115879 0.00482691 0.00102065 1.5871e-05 0.00161282 0.0118128 
0.00235021 0.10217 0.000187432 1.48219e-05 0.014262 0.0197485 0.00126817 0.000487965 0.0021068 0.0041667 6.10037e-05 5.17939e-08 7.90679e-06 0.0022238 3.72537e-08 0.355305 4.21573e-05 3.60309e-08 0.342626 0.0281739 0.0394833 0.000257474 0.00793359 0.0333865 0.00209635 0.000916307 3.51901e-06 0.0407201 
0.00024178 0.033039 3.11084e-05 1.41019e-05 0.00126076 0.0241842 0.0122155 0.00549972 0.00253068 0.000122608 0.000684445 8.8585e-05 9.00319e-05 0.052055 0.000194608 0.323712 0.000118217 0.000132724 0.0350391 0.171307 0.0214444 1.68582e-05 0.0864617 0.0134702 0.0921332 0.00302573 0.0304016 0.0904843 
0.000633856 0.111039 0.00346838 2.94449e-06 0.000100403 0.193171 0.0002987 0.000217639 0.0886603 0.000146005 0.000739919 0.00509657 8.80649e-06 0.0586561 1.4112e-06 0.363486 0.000850106 0.000736158 0.0343058 0.033821 0.0212133 3.29102e-05 0.0226203 0.0130604 0.00984039 0.000223603 0.000357411 0.0372111 
0.00114645 0.0250749 6.18126e-06 3.17563e-07 5.4591e-07 0.000192066 0.00842744 0.000396356 6.07396e-07 3.23422e-07 1.3853e-05 7.38804e-06 3.19118e-07 2.28133e-08 1.06973e-08 0.57989 2.46634e-07 8.92659e-05 0.0128441 1.4335e-06 0.00149659 1.10787e-09 0.353332 0.00818834 0.000481349 3.75925e-08 6.33789e-05 0.00834572 
0.0366891 0.000701688 6.8391e-08 6.53364e-06 0.000943014 0.036895 0.00926222 7.90982e-06 0.00144176 0.000313178 5.97971e-08 1.10333e-07 1.38523e-06 0.0883935 7.20205e-05 0.554143 1.00127e-07 7.67544e-08 0.000802854 0.0122484 5.68583e-06 1.72032e-06 0.107114 0.00149437 0.146318 3.9258e-05 1.29143e-05 0.00309152 
0.0021663 0.0610556 6.76155e-05 0.000854488 0.00209417 0.0798119 0.0320032 0.0157618 0.00668218 0.00120995 0.000428389 0.00270048 0.00204212 0.0265464 1.13208e-05 0.391792 0.000153575 0.00768542 0.0233801 0.12471 0.00941828 0.00110415 0.119676 0.0276624 0.0161016 0.0023158 0.012008 0.0305566 
1.04861e-06 0.156338 9.11149e-07 0.000108957 8.34908e-09 0.00093736 0.157654 9.5083e-05 0.000940009 0.000213024 1.18582e-05 2.569e-06 0.0205578 0.0118604 5.4659e-06 0.423651 3.9628e-05 6.59173e-05 0.0468362 0.00125237 0.00778051 7.29695e-07 0.028457 0.131322 0.00806578 7.99379e-08 8.14404e-06 0.00379487 
0.000526427 0.0766076 1.94549e-11 3.22284e-08 1.84324e-05 0.00834618 4.69205e-09 0.0031953 0.00207484 0.000126606 5.61529e-05 0.000850067 1.17438e-05 0.0705845 1.46006e-05 0.483655 6.88098e-08 0.000736473 0.0437149 0.127437 0.0208565 0.00204261 0.119745 0.0137021 0.000358105 0.000248094 0.00262108 0.0224712 
0.000448651 0.188806 1.27201e-05 0.000317744 0.000171146 0.038683 0.106221 0.0167544 0.00754462 0.012276 0.000149631 0.00228375 0.000258515 0.0392236 0.0170402 0.282282 0.000735855 0.0294295 0.00614972 0.0801984 0.0324549 1.82176e-08 0.0264104 0.0581961 0.0133667 0.000550997 0.00437504 0.0356592 
2.91712e-07 0.0468337 7.10586e-05 0.000222214 0.000261198 0.272302 0.0497613 0.0077171 0.00439162 2.62916e-05 2.35251e-05 3.79459e-05 1.29191e-07 0.0517126 5.70781e-07 0.282117 0.00455732 0.0396998 0.000188312 0.000478527 0.00037706 4.08433e-06 0.0482767 0.0235617 0.0723808 0.000283975 0.0795672 0.0151463 
7.88489e-05 0.0707282 1.47993e-07 0.000154283 2.66055e-05 0.119819 0.105572 0.0212623 0.0112564 2.96422e-06 4.93666e-05 0.000106046 0.000331604 0.0309884 7.62428e-07 0.217755 0.000239422 0.000175794 0.0313647 0.00874943 0.0113712 0.0630493 0.196436 0.0645796 0.0286899 1.42674e-08 0.00518796 0.0120249 
0.00509578 0.0799977 0.002682 0.000371357 0.000257597 0.0403466 0.0295299 0.0343847 0.00947115 0.00148694 8.01851e-05 0.00198749 0.0562689 0.0636804 0.0015576 0.228625 0.000863401 0.00608066 0.0208596 0.136181 0.0157701 0.000469836 0.0732292 0.111302 0.0303249 0.000306139 0.0114637 0.0373266 
0.00036693 0.127986 9.07001e-06 0.00178756 8.30858e-06 0.0399066 0.0781399 0.0161909 0.0293119 2.52013e-05 0.00506571 0.00313459 1.61154e-05 0.0886546 5.97257e-06 0.289429 1.83997e-05 0.000219222 0.0112212 0.0169562 0.0502952 8.64593e-05 0.0834498 0.125894 0.0114224 7.90546e-06 0.000982482 0.0194082 
1.78402e-08 0.020217 3.00827e-08 5.19028e-08 4.30552e-08 0.0444934 5.81917e-05 3.93805e-05 6.78676e-06 3.29037e-08 2.63026e-08 2.54993e-05 7.90093e-09 0.155374 3.49073e-08 0.463444 4.4042e-08 0.0774718 0.00162658 0.230406 4.75484e-05 3.29836e-08 0.00580188 0.000929903 2.01888e-05 1.14844e-05 4.90357e-09 2.59703e-05 
0.0221075 0.0258155 0.000158422 0.00109833 3.31396e-05 0.202314 0.00933994 0.0306009 0.00346087 0.000358459 0.00602214 0.000742885 2.44993e-05 0.0495013 1.45152e-05 0.373921 3.19574e-05 0.000103922 0.00513949 0.0748112 0.00190895 7.60951e-06 0.0258451 0.0285661 0.0639581 6.34468e-05 0.00873761 0.0653125 
0.00192263 0.0159045 0.00105906 0.000722298 0.000177606 0.19471 0.00978535 0.00206986 0.0172582 0.0014627 0.000885133 0.00035354 0.000143189 0.124193 5.83725e-07 0.318042 1.41776e-05 0.0195115 0.0120107 0.0346641 0.0115563 2.42667e-07 0.173892 0.0195422 0.000982631 0.000158307 0.037214 0.00176322 
4.86249e-05 0.175083 0.00106104 0.00128695 8.01635e-05 0.0670374 0.0586054 0.00764358 0.00600983 0.000452492 9.61556e-05 0.000530848 3.29534e-05 0.00809679 1.63202e-05 0.266964 8.16867e-07 0.000488808 0.00692284 0.132985 0.00316499 1.80495e-05 0.234649 0.0114905 0.0145751 2.67803e-05 0.000964006 0.00166862 
0.00308013 0.108477 0.000129456 0.0372731 5.63081e-05 0.142985 0.0157332 0.00238482 0.0040555 0.000876305 8.31952e-05 8.40096e-05 0.000100769 0.0229597 3.05483e-06 0.290436 0.00128872 0.000968022 0.025733 0.0931852 0.00395937 2.92132e-05 0.0344668 0.0593296 0.121662 0.000104104 0.0135993 0.016958 
0.000905317 0.00843647 0.000232427 0.000251217 0.0214254 0.0336011 0.0362072 0.020257 0.00125146 0.00020699 0.00147264 0.00130927 0.000493633 0.0454566 0.000128039 0.549033 3.7642e-05 0.000557687 0.021125 0.0744279 0.00642148 0.000925135 0.0847975 0.0131156 0.053691 0.000141402 0.00325597 0.0208359 
1.93347e-07 0.272904 8.91228e-11 0.00048464 1.27555e-10 0.000673743 0.0453469 1.46731e-07 0.00118895 1.18493e-07 0.000539953 3.93345e-05 1.17146e-07 1.31047e-05 3.60213e-09 0.452559 0.000548938 1.72001e-07 0.0424203 0.0237945 0.104469 9.77168e-11 0.0493654 0.0033268 7.78012e-08 1.342e-08 4.01684e-08 0.00232413 
0.000103474 0.0337348 1.33191e-07 4.9631e-05 7.94669e-05 0.00931458 0.183256 0.000269472 0.000989879 1.14284e-05 5.71595e-06 4.0804e-07 3.63386e-05 0.00207005 5.40488e-07 0.475116 2.34545e-06 0.000263858 0.00276233 0.0472224 0.000743198 2.70597e-06 0.0782885 0.0101554 0.133111 4.74089e-06 0.000310581 0.0220954 
0.00128442 0.000508517 5.6782e-06 3.47635e-05 0.00147303 0.0181742 0.00244936 0.00147711 8.65103e-05 0.000441237 0.00141369 0.000139554 7.13959e-07 0.00214125 7.25936e-07 0.494848 8.20721e-05 0.000106139 0.0105252 0.168926 6.48582e-05 3.52057e-07 0.226656 0.00111907 0.0603537 7.78746e-05 0.000172066 0.00743827 
9.14576e-09 0.00893079 3.92562e-12 0.000243802 7.83159e-09 0.0448286 0.053949 0.0365329 0.00294118 5.30008e-06 3.43233e-12 0.000358582 4.58877e-05 0.00394924 5.71399e-06 0.299845 3.32504e-09 9.60344e-05 0.00297805 0.206369 0.00223436 3.34846e-05 0.0979434 0.0815456 0.137924 9.37915e-09 0.00895705 0.0102838 
0.00574108 0.076399 0.000302442 0.000447187 0.00213997 0.0798896 0.0537491 0.0156983 0.00677652 0.00158135 0.00238235 0.00172948 0.000371791 0.0467082 2.18538e-05 0.158881 0.000243193 0.00245613 0.0674031 0.150015 0.0250866 0.00361803 0.0262286 0.0918393 0.0933569 0.00571891 0.0105732 0.0706423 
0.00716149 0.0302994 1.01592e-09 5.92741e-07 2.32475e-05 0.08966 0.0125696 0.00799043 0.000890127 0.000136894 8.8826e-10 8.4982e-07 8.14823e-05 0.0518837 0.000406988 0.40678 2.69583e-07 0.000144126 0.0314969 0.162137 0.0108332 9.82098e-06 0.0274927 0.0654994 0.0132645 0.000128007 6.13095e-05 0.0810475 
0.0124501 0.0720967 0.00022357 0.00110032 0.00580226 0.041599 0.0763652 0.00288635 0.0151628 0.00356621 0.000627263 0.000247325 0.000330106 0.0454146 4.15649e-06 0.188603 0.000155986 0.000770713 0.0497948 0.15059 0.0144436 0.000755314 0.0896801 0.0805352 0.119501 0.000348969 0.0109164 0.0160277 
0.000128197 0.0249092 1.28565e-05 2.69844e-05 1.26706e-05 0.138734 0.000419978 0.01484 0.011172 0.00442559 4.39429e-06 0.013956 1.02146e-05 0.0128308 2.29689e-09 0.262822 8.32679e-07 0.00190679 0.00859796 0.14044 0.211581 0.000170635 0.0388971 0.0487513 0.00381265 0.000276307 0.000916959 0.0603436 
0.0131544 0.0140075 4.97026e-06 0.000162793 1.76845e-05 0.113962 0.00625869 0.000862518 0.0195808 9.71049e-05 9.4389e-05 0.0125377 5.10192e-05 0.0617199 1.29504e-05 0.247542 9.78105e-05 0.000356014 0.009934 0.0350928 0.115015 6.58763e-05 0.151785 0.0374154 0.0503709 0.00598279 0.0493325 0.0544851 
0.227242 0.0427636 2.49904e-06 0.000105183 3.5767e-06 0.0043192 0.048912 0.00102289 0.0025725 0.000141352 2.18502e-06 4.03164e-06 0.0125311 0.0115239 0.000140347 0.499632 0.000178893 0.0134988 0.00386971 0.000532042 0.00109558 2.74002e-06 0.000123008 0.00075675 0.013806 0.000924115 0.0053439 0.108951 
0.000318904 0.20394 0.000372681 9.0559e-05 1.55382e-09 0.0330879 0.00427231 0.000545325 0.153094 1.93022e-07 4.57659e-06 0.000333526 2.23255e-07 0.0585417 3.41977e-05 0.207954 1.29976e-07 0.000547872 0.0395296 0.119583 0.0277162 0.0050817 0.0380004 0.0967392 0.00556296 3.233e-06 0.000474325 0.00417188 
0.0015596 0.021426 1.43385e-07 8.94081e-06 4.86664e-11 0.135172 0.00552906 0.00292562 0.0146882 0.00345193 0.0013662 0.00385426 0.000104354 0.124391 6.7775e-05 0.205252 0.00019074 0.000118177 0.0361834 0.119014 0.134149 0.00428163 0.024693 0.0254076 0.031141 0.000313776 4.58894e-05 0.104665 
