3.12067e-08 0.00138284 5.26216e-08 0.00223353 0.000414299 0.00283907 0.000252994 3.0731e-08 0.0033738 5.75561e-08 0.051259 8.48931e-08 1.38206e-08 0.00149842 0.000140501 0.00117527 7.70397e-08 0.000891813 1.3055e-08 0.00595162 0.00422269 0.00128091 0.000119318 0.00409259 0.00102966 0.000210382 0.912153 0.00547799 
0.000177617 2.98438e-06 7.85099e-11 6.68619e-07 0.000288743 0.0201991 0.00379798 4.58497e-11 3.54945e-07 2.13295e-07 0.000182455 2.73836e-07 0.000742634 0.839478 0.0180835 5.57862e-07 2.83009e-08 2.3506e-07 1.94777e-11 0.00215809 4.35047e-07 8.60806e-11 1.75596e-06 3.03661e-07 1.07229e-05 0.114057 2.85281e-06 0.000813407 
6.6324e-06 0.000115092 4.64038e-10 0.0309627 5.04817e-06 5.47929e-05 1.84388e-05 2.70998e-10 1.36873e-05 8.22287e-06 1.24157e-05 1.05563e-05 1.06276e-05 0.959324 2.11081e-05 2.15135e-05 1.08767e-06 0.00091528 1.15124e-10 0.000118986 0.00672749 5.08785e-10 6.77177e-05 1.171e-05 9.52305e-07 0.00145279 0.000110018 9.03562e-06 
1.6079e-06 2.77044e-05 1.96497e-08 6.23874e-06 1.24298e-06 0.244571 4.44312e-06 0.000106482 0.00392182 0.000882539 3.00535e-06 2.57226e-06 0.000597975 0.720706 5.10306e-06 5.18053e-06 2.90388e-07 2.20305e-06 4.87494e-09 2.86397e-05 4.04367e-06 2.15445e-08 0.020055 0.000117801 0.000108683 0.000349691 0.00485111 0.0036389 
0.00169254 3.76499e-06 1.51801e-11 0.00253094 1.65141e-07 0.00878475 6.03188e-07 8.86515e-12 0.00340337 2.68995e-07 0.00109702 0.000518337 0.00163436 0.647339 6.90509e-07 0.00964236 3.55808e-08 0.00106752 3.76606e-12 0.060725 5.48818e-07 1.66439e-11 2.21525e-06 3.8307e-07 0.00026483 0.25193 0.00936099 2.95582e-07 
1.38239e-06 0.0311561 3.75911e-10 6.48573e-10 5.38015e-10 1.43767e-06 3.00536e-08 2.19532e-10 1.55292e-10 1.39837e-06 3.28675e-10 6.06448e-10 9.87295e-11 0.0276884 8.72833e-07 0.288643 4.45835e-06 4.21881e-10 9.32607e-11 0.368428 0.00757782 4.1216e-10 0.064821 0.134109 8.20954e-06 8.81226e-07 9.25309e-07 0.0775578 
8.58613e-06 0.0217876 5.73386e-05 1.69236e-05 5.51702e-06 0.0438487 2.20601e-09 4.85038e-09 3.43104e-09 9.08429e-09 7.26181e-09 6.66457e-06 2.18135e-09 0.662093 5.11056e-06 0.00223116 1.21595e-08 9.32112e-09 2.06052e-09 0.047327 0.000199674 9.10635e-09 1.35927e-05 0.00114071 0.00182699 4.05028e-06 1.52402e-06 0.219426 
0.000369579 0.0318514 8.33854e-12 4.63268e-07 9.07131e-08 0.0626217 0.00493724 4.8697e-12 2.45955e-07 0.000399103 2.23104e-07 0.00140391 1.90973e-07 0.259726 0.000721053 0.0228864 6.06084e-05 0.000798094 2.06873e-12 0.155016 0.00235177 9.14262e-12 0.04685 0.00033689 0.000258415 0.404667 1.97697e-06 0.00474122 
4.82921e-08 0.259701 5.7473e-09 1.87716e-07 0.00283399 0.00734129 0.00371907 1.9732e-12 0.000687757 0.000287449 0.000795626 7.68629e-08 0.000209009 0.506397 0.000722509 0.000720723 7.91955e-09 9.90417e-05 8.38247e-13 0.178991 0.000879642 1.37106e-08 0.0349097 8.52636e-08 0.000199705 1.05781e-05 8.01065e-07 0.00149351 
0.000243457 0.00422469 1.70335e-08 0.000946339 0.000185304 0.0020113 0.000676836 9.94757e-09 0.301956 0.000301839 0.000455745 0.000387492 0.000390111 0.00482319 0.000774819 0.000789701 3.99252e-05 0.000332647 4.22589e-09 0.00436764 0.616444 1.86761e-08 0.00248573 0.000429843 3.49564e-05 0.0533278 0.00403844 0.000331672 
3.45197e-08 0.00452382 5.82082e-08 1.00429e-07 0.000850234 0.00697402 0.000157787 3.39935e-08 0.000217254 4.89071e-06 0.00740849 0.000579991 1.05709e-05 0.874876 0.000692937 0.0199264 8.52186e-08 6.53264e-08 1.4441e-08 0.0560463 0.000118593 6.38211e-08 0.00253406 5.48133e-07 0.00152995 8.02199e-08 9.73396e-05 0.0234501 
0.00632651 3.44139e-06 1.38753e-11 0.00601362 1.50947e-07 0.299989 5.51343e-07 8.10318e-12 0.00585293 2.48333e-05 3.71245e-07 3.15647e-07 3.1778e-07 0.313924 0.00164164 6.43281e-07 3.25226e-08 2.70971e-07 3.44236e-12 0.0572846 5.01647e-07 1.52133e-11 2.02484e-06 0.00196117 0.000817265 0.304124 0.00197709 5.43055e-05 
4.30889e-05 0.00836093 3.28345e-08 0.00268254 4.69937e-08 0.071935 8.72115e-09 7.06073e-05 3.82465e-05 3.59135e-08 0.00182292 0.0359443 8.67163e-07 0.02284 2.16115e-05 2.03528e-05 2.84633e-05 1.40706e-06 8.14599e-09 0.0812379 0.478542 5.62591e-05 7.7009e-06 0.000582421 0.248875 4.52511e-08 5.93499e-05 0.0468296 
1.58973e-11 0.150804 2.68065e-11 5.5553e-08 3.83662e-11 0.144431 7.12005e-12 0.421408 9.74591e-05 2.93202e-11 2.3438e-11 4.32462e-11 1.22195e-08 0.000158803 3.11056e-11 0.0145178 3.92456e-11 3.06653e-08 6.65048e-12 0.0920422 1.95744e-07 2.93914e-11 0.172378 5.81792e-05 0.000913252 2.02734e-08 0.00227871 0.000911567 
6.17712e-05 0.00107191 4.32184e-09 0.00024011 4.70163e-05 0.000510317 0.000171731 2.52395e-09 0.000127478 7.65841e-05 0.000115634 9.83166e-05 9.8981e-05 0.980236 0.000196591 0.000200367 1.013e-05 8.4401e-05 1.07222e-09 0.00110818 0.000156251 4.73859e-09 0.000630692 0.000109062 8.86934e-06 0.0135306 0.00102466 8.41537e-05 
0.00196762 0.000258958 3.01196e-07 0.00245547 1.17856e-05 0.00316079 4.15583e-05 1.75898e-07 0.0994193 1.88259e-05 0.00110231 0.000923237 0.000939166 0.224969 4.78315e-05 0.00380193 2.88617e-06 0.00158916 7.47244e-08 0.0209188 3.78284e-05 3.3024e-07 0.000152389 2.64096e-05 0.000713717 0.633926 0.00349387 2.03697e-05 
1.99874e-09 0.44245 3.37034e-09 0.0116268 4.36303e-06 0.436569 1.16978e-06 2.42585e-06 0.00284517 1.23556e-06 0.0503301 0.000391072 8.85186e-10 0.0169681 3.91086e-09 1.41611e-05 4.93428e-09 3.78249e-09 8.36154e-10 0.0171748 0.000618876 3.69533e-09 0.012586 7.1262e-06 0.00840783 4.64485e-09 6.15896e-07 9.06425e-07 
8.42907e-09 0.000255673 9.42256e-07 0.000256836 1.55174e-06 0.0201485 3.77519e-09 6.18024e-07 1.83999e-06 2.05722e-06 0.000101531 0.00279203 4.72104e-07 0.204974 1.64928e-08 0.000106453 3.65609e-05 0.580992 3.52622e-09 0.0116803 4.19479e-09 1.55839e-08 0.175821 2.16636e-06 2.73971e-07 1.95882e-08 1.16899e-05 0.00281281 
3.11478e-09 9.25232e-07 5.25223e-09 6.67458e-06 0.0441867 0.00407322 0.0200742 8.17946e-06 1.30447e-06 7.15646e-07 2.36603e-06 8.72279e-06 1.4219e-06 0.730023 5.08179e-07 0.0487205 7.68944e-09 5.89452e-09 1.30304e-09 1.93436e-05 0.14842 1.12629e-05 3.41867e-05 1.01605e-06 4.19637e-05 2.47769e-06 0.00435812 2.87893e-06 
5.89025e-05 7.15659e-05 7.08946e-08 1.22317e-07 1.01466e-07 8.94994e-05 9.79362e-05 4.14024e-08 4.10311e-05 7.75427e-08 0.000117836 1.14372e-07 1.86198e-08 0.00109379 8.22644e-08 0.996738 1.03792e-07 0.000238772 1.75884e-08 0.00021144 2.09232e-08 0.000520875 1.3417e-06 3.50947e-05 0.000332528 9.77038e-08 8.43706e-05 0.000265955 
3.11478e-09 9.25232e-07 5.25223e-09 6.67458e-06 0.0441867 0.00407322 0.0200742 8.17946e-06 1.30447e-06 7.15646e-07 2.36603e-06 8.72279e-06 1.4219e-06 0.730023 5.08179e-07 0.0487205 7.68944e-09 5.89452e-09 1.30304e-09 1.93436e-05 0.14842 1.12629e-05 3.41867e-05 1.01605e-06 4.19637e-05 2.47769e-06 0.00435812 2.87893e-06 
0.000311017 0.00040608 0.321283 9.13741e-05 0.000273894 0.251354 0.033691 1.52436e-06 0.00304875 2.9277e-05 8.68054e-05 0.000252191 3.75576e-05 0.198482 7.47512e-05 7.593e-05 4.19503e-06 3.22449e-05 6.10449e-08 0.0404577 5.92592e-05 0.00528556 0.0390773 7.73845e-05 0.0343377 0.00512566 0.012589 0.0534554 
1.40326e-05 0.000241706 0.000196227 5.44426e-05 1.08553e-05 0.000115069 0.00679811 1.04646e-07 2.88146e-05 1.74615e-05 2.62266e-05 2.24539e-05 0.000337031 0.658093 0.0229476 4.5198e-05 2.54482e-06 1.9229e-05 4.44552e-08 0.000249865 3.52809e-05 1.96467e-07 0.00553674 2.46291e-05 2.04321e-06 0.304474 0.000231047 0.000475747 
0.00107125 0.092518 2.09893e-08 0.00159439 0.000316859 0.145235 1.70173e-07 2.50107e-12 0.00151598 0.000159444 1.14586e-07 9.7425e-08 0.000372815 0.605243 1.94809e-07 0.0246204 1.00382e-08 0.000677531 1.06249e-12 0.0611672 0.00133173 6.10901e-09 6.24973e-07 0.000378364 0.000397268 0.0469411 0.0164499 8.42245e-06 
2.09734e-08 0.0155247 6.96852e-10 1.47154e-07 2.72956e-08 0.0119339 0.000851762 2.02468e-12 2.22279e-07 3.79202e-12 3.37714e-06 5.59309e-12 2.00413e-09 0.00306047 9.25674e-09 0.0357115 5.07568e-12 0.00029384 8.60115e-13 0.749647 0.0099601 8.43911e-08 0.00374742 0.0833715 0.00561705 1.38608e-08 0.000298101 0.0799782 
4.29157e-10 0.00599611 6.48338e-06 1.24855e-09 4.48365e-06 0.000349149 0.00534911 0.0532234 1.95992e-06 1.68142e-07 1.20938e-05 0.0225512 1.90062e-10 9.39429e-05 8.39715e-10 0.00476927 1.05946e-09 3.63144e-07 1.79534e-10 0.00625764 0.000355143 1.94431e-05 0.00662058 0.821537 0.070901 9.97312e-10 0.00135903 0.000592834 
2.80128e-11 0.00251048 4.72359e-11 2.71327e-07 5.03741e-08 0.0543454 0.000445651 2.75857e-11 0.00671719 0.000339818 0.85367 7.62045e-11 2.07601e-08 0.00420435 2.71378e-06 0.00281985 6.91549e-11 0.000328017 1.17189e-11 0.0233759 0.00619626 1.55608e-07 1.44986e-08 0.00321813 0.011971 2.56067e-08 0.0276581 0.00219701 
1.28632e-07 0.00484768 0.00768343 0.000277561 0.00109025 0.100877 0.000810667 1.46025e-05 0.00148271 2.89439e-05 0.0671381 3.49924e-07 5.69675e-08 0.77831 1.76813e-05 0.000145888 3.17553e-07 0.000110917 5.3812e-08 0.00073866 0.00052413 0.000159201 0.00244313 0.000507969 0.0236067 2.64e-05 0.00112088 0.00803737 
2.93954e-05 0.000510097 2.05666e-09 0.000114263 2.23739e-05 0.000242847 8.17224e-05 1.20109e-09 6.06635e-05 3.64445e-05 5.50275e-05 4.67865e-05 4.71026e-05 0.990595 9.3553e-05 9.53498e-05 4.82063e-06 4.01644e-05 5.10241e-10 0.000527356 7.43562e-05 2.25498e-09 0.000300131 5.19e-05 4.2207e-06 0.00643889 0.000487609 4.00467e-05 
1.3581e-05 0.000232599 3.04938e-07 5.26144e-05 0.00494967 0.120038 3.73362e-05 1.78084e-07 2.77808e-05 1.69468e-05 2.53516e-05 2.18194e-05 2.15529e-05 0.854764 4.30015e-05 4.35078e-05 2.64269e-06 1.86512e-05 7.56528e-08 0.000240437 0.0161104 3.34343e-07 0.00013688 2.37284e-05 1.99839e-06 0.00293577 0.00022234 1.83008e-05 
5.82556e-09 0.00427923 0.000150674 1.69484e-08 0.000658096 0.000386837 2.60914e-09 0.000213062 4.28342e-05 3.73605e-05 4.49981e-05 1.58476e-08 2.57998e-09 8.05491e-05 1.13986e-08 0.000111312 1.43815e-08 1.52354e-05 2.43707e-09 0.00226641 0.000684135 2.65231e-05 0.00246358 0.2452 0.741862 1.35379e-08 0.00144208 3.47162e-05 
2.95547e-09 2.12381e-05 4.98359e-09 0.00654337 7.13265e-09 0.893385 1.45738e-06 2.91041e-09 9.32635e-05 5.45092e-09 4.35736e-09 8.76429e-05 2.09554e-06 0.000105231 5.26296e-05 0.0993231 6.93205e-05 5.59303e-09 1.23639e-09 3.45348e-05 3.86837e-05 5.46415e-09 1.87707e-05 2.57909e-06 3.48188e-05 6.86816e-09 0.00014476 4.16094e-05 
0.000181711 0.091203 2.95594e-12 0.000361459 3.2157e-08 0.0975202 0.00804583 1.86454e-08 8.71888e-08 0.000241001 7.90884e-08 0.0168716 6.76983e-08 0.140198 0.000551416 0.0423735 6.92846e-09 0.00341169 7.33345e-13 0.322429 0.00247945 3.24098e-12 4.31364e-07 7.45933e-08 6.06621e-09 0.257278 0.0151384 0.00171526 
5.31348e-10 6.08892e-05 4.57038e-06 1.54586e-09 0.000124773 0.15728 2.37979e-10 1.72154e-05 4.36794e-06 0.0737032 8.61806e-06 1.44545e-09 2.35319e-10 0.00193859 1.03967e-09 0.414914 1.31174e-09 0.00554536 2.22284e-10 0.318729 2.47244e-05 2.1622e-06 6.42002e-05 0.000482404 0.000313402 1.23479e-09 7.15772e-07 0.0267813 
1.56538e-10 0.0249785 2.63959e-10 1.12038e-05 2.0782e-06 0.92427 1.26906e-06 1.54152e-10 1.69236e-05 2.88712e-10 0.000257124 4.25839e-10 6.93263e-11 0.0451056 7.04777e-07 5.89538e-06 3.86445e-10 4.47349e-06 6.54862e-11 2.98544e-05 2.11817e-05 6.42525e-06 0.000658971 2.05292e-05 5.16495e-06 1.05531e-06 0.00457552 2.74786e-05 
1.4349e-06 0.0171961 4.07149e-06 7.46318e-06 0.00354758 0.0299894 0.0371169 3.05355e-09 0.000739083 0.045952 2.79613e-06 8.43531e-09 3.50563e-06 0.551823 2.52865e-06 0.00626236 0.0039742 5.8681e-09 1.2972e-09 0.0651656 0.00535118 2.38931e-06 0.0263818 3.80223e-06 0.171441 7.20594e-09 8.08653e-07 0.0350316 
0.00464903 0.204022 0.00407799 0.00595429 0.00673376 0.00110065 0.0140708 0.0139138 1.31439e-06 0.242144 2.78192e-06 5.133e-06 8.3565e-07 0.0553742 4.22323e-05 0.0691104 0.0123948 3.57082e-06 7.89362e-07 0.0252303 0.237794 3.48854e-06 0.00469926 0.0981568 0.000465934 4.38491e-06 7.73718e-06 3.52082e-05 
1.97805e-06 0.0315252 1.557e-09 3.53888e-06 2.21614e-06 0.143685 0.00167096 5.41868e-06 6.43206e-10 3.65932e-06 0.00104134 2.51186e-09 6.09169e-06 0.700331 0.002734 1.39008e-05 2.27949e-09 2.76042e-05 3.86279e-10 0.103377 5.89016e-06 7.06768e-08 6.95716e-07 1.52882e-06 1.95529e-05 2.14578e-09 0.00934685 0.00619709 
7.20574e-10 0.0136502 1.21505e-09 0.000225226 1.73902e-09 0.845077 3.22729e-10 0.122486 0.00110524 7.09296e-06 6.09884e-05 7.98276e-07 9.95433e-06 0.00308811 1.40992e-09 0.00164098 1.50791e-08 1.65985e-05 3.01445e-10 0.007045 0.000301284 5.4456e-08 0.000316041 4.17727e-05 0.000799032 2.9736e-06 0.00125324 0.0028724 
0.00233706 0.00015779 2.19321e-05 0.000902176 0.00250387 0.0171114 0.00175179 0.00121049 7.47096e-05 4.42419e-05 1.07597e-05 5.81325e-08 0.000533899 0.78506 0.000537741 0.00939128 5.27547e-08 0.000102464 8.93971e-09 0.0607423 5.35784e-05 7.06745e-05 0.00509784 0.000599469 0.107047 0.00151447 0.00311596 6.8603e-06 
1.45005e-06 2.51626e-05 1.01453e-10 5.63648e-06 1.10369e-06 1.19794e-05 4.03129e-06 5.92486e-11 2.99248e-06 1.79778e-06 2.71446e-06 2.30794e-06 2.32353e-06 2.87273e-05 4.61489e-06 4.70352e-06 2.37798e-07 1.98127e-06 2.51697e-11 0.187327 0.0128414 1.12349e-08 1.48052e-05 0.00512293 0.000187591 0.794379 2.40533e-05 1.97547e-06 
7.87437e-10 3.48931e-05 1.3278e-09 5.63585e-05 1.0454e-05 7.1638e-05 6.38377e-06 7.75433e-10 8.51309e-05 1.45231e-09 0.518662 2.1421e-09 3.48733e-10 0.121028 3.54525e-06 0.335138 2.33467e-06 2.25031e-05 3.29416e-10 0.000150177 0.000106551 3.2321e-05 0.024089 0.000103268 2.59813e-05 5.30857e-06 0.000227884 0.000138226 
0.0514196 1.05778e-06 0.00338894 0.000152903 0.00202018 0.0153833 0.000754462 0.000194391 0.000348923 7.56551e-08 1.14173e-07 9.71395e-08 0.000800631 0.74659 0.00219493 0.00551388 1.531e-06 0.000537277 4.19088e-08 0.00891467 0.000496939 0.000875442 6.22381e-07 0.000426341 0.00208748 0.143845 0.00508077 0.00897052 
0.000573394 0.00404854 9.91701e-05 0.0421647 0.000248333 0.126041 1.60085e-08 0.000125544 0.000660733 2.86495e-05 0.000239635 9.72332e-08 1.71512e-05 0.793165 6.99367e-08 0.0296253 8.82383e-08 0.000264788 1.49527e-08 0.000788674 7.74565e-05 1.46343e-05 0.000128876 1.28725e-05 0.0014601 7.88772e-05 0.000136355 1.093e-07 
0.00524619 0.0746044 3.51913e-05 0.000860997 2.82159e-05 0.0237884 0.000184658 8.98711e-09 0.000105057 8.99737e-05 0.000432555 1.60465e-06 6.06816e-05 0.827914 0.00166116 0.00165096 1.85217e-07 5.01043e-05 3.81787e-09 0.0112469 9.22834e-05 5.76667e-07 0.00100911 0.00101368 0.00014758 0.0482582 0.0011141 0.000402851 
0.000181711 0.091203 2.95594e-12 0.000361459 3.2157e-08 0.0975202 0.00804583 1.86454e-08 8.71888e-08 0.000241001 7.90884e-08 0.0168716 6.76983e-08 0.140198 0.000551416 0.0423735 6.92846e-09 0.00341169 7.33345e-13 0.322429 0.00247945 3.24098e-12 4.31364e-07 7.45933e-08 6.06621e-09 0.257278 0.0151384 0.00171526 
0.000392424 0.0401005 0.0015077 1.43496e-05 0.000440206 0.0293875 1.0204e-05 3.57532e-08 0.00025496 4.60999e-06 6.91324e-06 5.93093e-06 0.000102749 0.640795 0.000158824 0.000416398 6.90213e-07 5.07546e-06 1.51885e-08 0.0196302 5.1907e-05 6.71249e-08 0.00487792 9.21226e-05 0.000312302 0.25979 0.00105842 0.000583849 
4.74807e-05 0.00082393 3.322e-09 0.000184562 3.61393e-05 0.000392257 0.000132001 1.94005e-09 9.79863e-05 5.88667e-05 8.88827e-05 7.55714e-05 7.60821e-05 0.565332 0.000151111 0.000154013 7.78649e-06 6.48752e-05 8.24163e-10 0.000851807 0.348419 2.44073e-05 0.000484784 8.3831e-05 6.81745e-06 0.0104004 0.000787606 0.0712182 
0.00194897 0.00461588 6.71577e-08 1.1587e-07 0.0014606 0.062546 0.000727871 0.00124202 0.0131379 0.000219099 0.000227207 1.08344e-07 1.71701e-06 0.886785 1.69709e-05 0.00128415 9.8321e-08 1.7019e-05 1.66613e-08 0.000817213 7.43702e-05 0.000265763 0.0022494 0.000621231 0.0143186 0.000651427 0.000137945 0.00663287 
6.58189e-07 1.46858e-06 1.7898e-10 3.08801e-10 2.56161e-10 6.84509e-07 1.43092e-08 1.04524e-10 7.39379e-11 6.65797e-07 1.5649e-10 2.88744e-10 4.70074e-11 0.0602919 4.15576e-07 0.849432 2.12273e-06 2.00867e-10 4.44036e-11 6.54518e-06 0.00998643 1.96239e-10 0.0139788 0.0100031 0.0562898 4.19572e-07 4.40561e-07 4.67372e-06 
4.82921e-08 0.259701 5.7473e-09 1.87716e-07 0.00283399 0.00734129 0.00371907 1.9732e-12 0.000687757 0.000287449 0.000795626 7.68629e-08 0.000209009 0.506397 0.000722509 0.000720723 7.91955e-09 9.90417e-05 8.38247e-13 0.178991 0.000879642 1.37106e-08 0.0349097 8.52636e-08 0.000199705 1.05781e-05 8.01065e-07 0.00149351 
1.45213e-10 0.0756568 2.44861e-10 4.22468e-10 3.50452e-10 0.0221727 6.50374e-11 0.27864 2.93412e-07 2.67823e-10 2.14093e-10 3.95029e-10 7.70833e-08 9.17294e-07 2.84131e-10 0.0147833 3.58485e-10 2.74805e-10 6.07482e-11 0.0307241 1.2345e-06 2.68473e-10 0.576964 3.12966e-08 9.25089e-07 1.27961e-07 1.9045e-06 0.00105326 
1.29564e-07 0.0960055 9.06502e-12 5.03629e-07 0.000591797 0.0309352 0.00216158 5.29396e-12 0.00149761 1.60634e-07 2.42541e-07 0.000928186 0.00022858 0.290055 4.12348e-07 0.0123983 2.12476e-08 1.7703e-07 2.24896e-12 0.518342 0.00157346 9.93915e-12 0.0419362 2.31044e-05 0.00039627 2.83803e-05 2.1492e-06 0.00289496 
2.04147e-06 8.18522e-06 5.79473e-06 1.06223e-05 0.000291357 0.0106341 4.2872e-05 1.54198e-05 4.26259e-06 4.793e-09 3.83143e-09 7.0695e-09 4.99119e-06 0.789138 9.9598e-06 0.0326444 6.41551e-09 4.91796e-09 1.08716e-09 0.0699039 1.32987e-05 4.80464e-09 4.78421e-05 0.0121814 0.0391514 6.03919e-09 1.15102e-06 0.0458888 
0.000115272 0.000453736 2.95704e-06 0.014012 0.000543615 0.224449 1.32979e-05 0.000845404 0.00245257 3.23433e-06 2.58546e-06 4.77052e-06 7.76638e-07 0.0123759 3.43128e-06 0.419159 4.3292e-06 3.31865e-06 7.33619e-07 0.0668264 0.00830464 0.000486603 0.000311967 0.24567 0.00217506 4.07526e-06 0.000468507 0.00130663 
7.59791e-06 0.000130925 0.000100356 2.94809e-05 5.87235e-06 6.23296e-05 0.00647505 5.35324e-08 1.5606e-05 9.45258e-06 1.42016e-05 1.2154e-05 0.00030391 0.30648 0.34999 2.4482e-05 1.37057e-06 1.04098e-05 2.27414e-08 0.000135345 1.91092e-05 1.00504e-07 0.00542098 0.00523119 0.000109249 0.324841 0.000125152 0.000444161 
1.19693e-05 0.000207702 8.37434e-10 4.65257e-05 9.11026e-06 9.8883e-05 3.32759e-05 4.89061e-10 2.47011e-05 1.48395e-05 2.24062e-05 1.90506e-05 1.91793e-05 0.99617 3.80931e-05 3.88247e-05 1.96287e-06 1.63542e-05 2.07761e-10 0.00021473 3.02765e-05 9.18187e-10 0.000122208 2.11327e-05 1.71859e-06 0.0026218 0.000198545 1.63063e-05 
8.64838e-09 0.00398539 1.08621e-05 0.0107629 8.93606e-05 0.0529454 0.29524 6.91933e-06 0.0809583 4.06073e-06 0.0423135 0.00109496 7.25577e-06 0.030591 2.16605e-07 0.00136572 2.13502e-08 1.2843e-06 3.61796e-09 0.00895763 0.0501942 1.83715e-06 0.0746596 0.00327614 0.334804 8.63773e-05 1.28433e-05 0.00863081 
1.60951e-09 3.1455e-06 2.71399e-09 4.68255e-09 3.88434e-09 7.50277e-07 0.0446424 6.73629e-05 1.12117e-09 2.9685e-09 1.18885e-06 0.000275844 7.12804e-10 0.00224543 3.14925e-09 0.540648 3.97338e-09 3.04589e-09 6.73321e-10 0.110397 8.00983e-10 2.9757e-09 0.058574 0.243131 1.34592e-05 3.74031e-09 9.29459e-07 7.96251e-08 
0.000448944 0.000181017 1.01322e-05 4.05538e-05 1.04748e-05 0.00764043 0.000936014 2.33314e-09 2.15289e-05 0.00024714 0.000110639 1.66083e-05 0.000154011 0.836985 0.000294346 3.3837e-05 1.71547e-06 1.42567e-05 9.91155e-10 0.00558768 2.63876e-05 4.38035e-09 0.00509877 1.84184e-05 2.49453e-05 0.14191 0.000173037 1.42118e-05 
5.51931e-06 9.57762e-05 3.8616e-10 2.14541e-05 4.20095e-06 4.55972e-05 1.53443e-05 2.25517e-10 1.13902e-05 6.84286e-06 1.0332e-05 8.78467e-06 8.84403e-06 0.393749 1.75656e-05 1.7903e-05 9.05126e-07 7.5413e-06 9.58033e-11 9.90168e-05 1.39612e-05 4.23397e-10 5.63528e-05 9.74478e-06 7.92483e-07 0.605694 9.15538e-05 7.5192e-06 
1.84307e-06 3.18472e-05 0.0194141 7.15642e-06 1.41597e-06 0.251436 0.000212668 2.69297e-06 0.00617831 2.28986e-06 0.00188405 9.32419e-05 0.000107586 0.655155 5.85596e-06 0.00132896 3.20581e-07 2.52247e-06 3.35919e-09 3.29234e-05 0.0124949 1.48457e-08 1.87393e-05 3.24307e-06 2.6677e-07 0.0443728 0.00655521 0.000656324 
5.70353e-06 0.106605 0.000122671 2.5184e-05 0.00831951 0.00244269 0.0464493 2.18791e-07 0.000318227 0.000422204 0.000671418 7.69524e-06 0.000683192 0.149825 0.000833433 0.000266907 1.06846e-06 0.000152304 9.2946e-08 0.0306046 0.000309652 0.00029225 0.00645569 2.57242e-05 0.000978983 0.641134 0.00252583 0.000521915 
2.17523e-05 4.19097e-06 2.03661e-08 4.92289e-05 2.91485e-08 0.451809 8.92609e-05 1.18938e-08 9.84446e-05 2.22759e-08 1.78069e-08 3.28561e-08 2.08663e-05 0.546834 2.12927e-05 0.000216477 2.98167e-08 2.28567e-08 5.05267e-09 0.000182934 6.01067e-09 2.233e-08 7.6709e-05 4.21455e-05 6.11983e-05 0.000140366 4.15e-05 0.000289842 
1.62136e-07 0.0202968 0.02031 9.37859e-07 2.41352e-05 0.877328 0.00139982 1.01216e-05 0.036402 3.5198e-09 3.62685e-06 0.000473925 0.000120425 0.0363789 5.26254e-07 4.95075e-05 4.7113e-09 0.000306841 7.98368e-10 8.34482e-06 0.000737644 3.52834e-09 8.42519e-06 1.3536e-05 4.94882e-06 0.000228998 0.00518272 0.000709309 
0.00160613 2.1113e-06 8.51254e-12 4.72935e-07 0.000259391 0.0733771 3.3825e-07 4.97631e-09 2.51087e-07 1.50844e-07 2.2776e-07 1.9365e-07 0.000916499 0.125584 3.87217e-07 0.0108928 1.99527e-08 1.66241e-07 2.11189e-12 2.18273e-06 3.07761e-07 8.21433e-08 1.24225e-06 0.00255651 9.60999e-05 0.756905 0.0205878 0.00721044 
5.39135e-06 9.30453e-05 5.08926e-08 2.09274e-05 4.15305e-06 4.42964e-05 1.49187e-05 2.97212e-08 1.10852e-05 6.70232e-06 1.00806e-05 8.61482e-06 8.60425e-06 0.855535 0.000453193 1.73974e-05 9.53188e-07 0.000560906 1.2626e-08 9.61881e-05 1.35766e-05 5.58001e-08 0.0249149 9.47733e-06 7.82149e-07 0.00117445 0.116988 7.31144e-06 
2.05721e-11 5.94816e-07 3.41744e-08 0.00175043 1.78224e-07 0.124407 1.08826e-07 0.0721283 0.0261214 3.79422e-11 2.20485e-05 2.09264e-07 9.1108e-12 0.00435463 9.88731e-05 0.0233604 5.07862e-11 0.000660773 8.60614e-12 0.023851 1.81635e-06 0.0151996 7.24854e-05 0.108138 0.472451 9.05104e-08 0.02698 0.100402 
0.00293948 0.00602876 7.66475e-06 1.29002e-07 0.000246962 0.00403086 0.028783 4.36652e-08 0.00189699 8.17807e-08 6.53739e-08 1.20623e-07 1.96374e-08 0.712687 5.72692e-05 0.0401497 1.09465e-07 0.000142626 1.85497e-08 0.194259 2.20667e-08 8.19793e-08 7.26922e-06 0.000932603 0.00185226 5.72717e-05 8.36321e-06 0.0059112 
0.000139436 0.0699032 3.0927e-12 0.000282313 1.50565e-06 0.0748021 0.00684671 7.52368e-05 3.786e-05 0.000191386 1.47487e-05 0.123387 3.58918e-05 0.106875 0.000421165 0.0423951 7.19768e-08 0.00660882 7.67275e-13 0.245933 0.00190787 3.39093e-12 0.00204024 5.08711e-05 3.135e-07 0.300352 0.0163659 0.00133326 
1.31778e-05 0.09904 1.14791e-08 9.38924e-06 1.64292e-08 0.223263 6.40859e-05 6.70379e-09 0.0100738 6.76021e-05 1.00367e-08 1.8519e-08 0.00101015 0.393428 0.000300939 0.164676 1.68058e-08 7.92718e-06 2.84788e-09 0.0186798 3.38784e-09 1.2586e-08 5.75568e-05 0.00145944 0.0332614 0.0541456 0.000376878 6.54346e-05 
1.46487e-06 2.54197e-05 1.0249e-10 5.69407e-06 1.11496e-06 0.102878 4.07248e-06 5.98539e-11 3.02305e-06 0.000365046 2.74219e-06 2.33152e-06 2.34727e-06 0.893872 4.66204e-06 4.75158e-06 2.40227e-07 2.00152e-06 2.54269e-11 2.62798e-05 3.7054e-06 1.12373e-10 1.49565e-05 2.58634e-06 2.10331e-07 0.00032087 0.0024542 1.99565e-06 
0.000269613 0.0160037 3.00677e-10 4.16556e-07 0.00267809 0.0339939 0.000360762 1.38025e-07 0.000250157 1.33022e-07 2.00621e-07 0.000156024 0.000334378 0.681949 3.40983e-07 0.0165925 1.7982e-08 1.46575e-07 7.45957e-11 0.089867 0.000262691 2.27781e-06 0.0114494 0.000458887 0.00309896 0.126179 0.00343314 0.0126594 
2.37252e-06 0.000613037 0.000261234 6.98233e-05 9.79509e-06 0.979518 1.5599e-05 2.33635e-06 0.00100877 0.00239402 3.4979e-06 6.45408e-06 1.05072e-06 3.09907e-05 4.64222e-06 2.76678e-05 2.45919e-05 1.20696e-05 9.92521e-07 0.000664705 0.000193584 8.80576e-05 0.000246438 0.00094923 0.00475131 5.51346e-06 0.00890647 0.000187804 
2.8332e-06 4.91644e-05 1.98226e-10 1.10129e-05 2.15645e-06 2.34062e-05 7.8766e-06 1.15764e-10 5.8469e-06 3.51261e-06 0.000535672 4.50939e-06 4.53987e-06 0.993545 9.01686e-06 9.19005e-06 4.64624e-07 3.87114e-06 4.91783e-11 5.08278e-05 7.16663e-06 2.17341e-10 2.89273e-05 5.00224e-06 4.06801e-07 0.000620596 4.69969e-05 0.0050216 
0.00109959 6.81226e-06 2.74663e-11 1.52596e-06 2.988e-07 0.00875986 1.09139e-06 1.60403e-11 8.10152e-07 4.86711e-07 7.42232e-05 6.24826e-07 0.000126438 0.46587 1.24938e-06 1.27338e-06 6.43788e-08 5.36389e-07 6.81419e-12 0.0338123 9.93015e-07 3.01149e-11 4.0082e-06 6.93116e-07 5.63668e-08 0.49023 6.51193e-06 5.34817e-07 
2.80128e-11 0.00251048 4.72359e-11 2.71327e-07 5.03741e-08 0.0543454 0.000445651 2.75857e-11 0.00671719 0.000339818 0.85367 7.62045e-11 2.07601e-08 0.00420435 2.71378e-06 0.00281985 6.91549e-11 0.000328017 1.17189e-11 0.0233759 0.00619626 1.55608e-07 1.44986e-08 0.00321813 0.011971 2.56067e-08 0.0276581 0.00219701 
2.35662e-07 1.05212e-06 6.1352e-06 6.85615e-07 5.68742e-07 0.000335465 1.05548e-07 0.986386 3.11477e-05 4.34644e-07 3.47446e-07 6.41084e-07 2.39116e-06 1.00791e-05 1.47283e-05 0.000487077 5.81778e-07 7.1406e-05 9.8587e-08 2.13552e-05 0.000333049 0.000122213 5.67887e-05 0.00172908 0.0103725 5.47652e-07 3.13784e-06 1.25733e-05 
0.000532139 2.97781e-06 1.20062e-11 6.67036e-07 1.30613e-07 1.41768e-06 4.77074e-07 7.01163e-12 3.54138e-07 2.12754e-07 0.000546424 2.73127e-07 0.00121015 0.647302 0.00180279 5.56627e-07 2.81416e-08 2.34469e-07 2.97865e-12 0.00646806 4.34072e-07 1.3164e-11 1.75209e-06 3.02978e-07 3.20558e-05 0.342093 2.84653e-06 2.33782e-07 
7.82774e-08 5.97299e-05 1.31994e-07 0.00343567 1.88913e-07 0.912993 3.50587e-08 0.0465624 8.85625e-05 1.44371e-07 0.0168862 2.12942e-07 3.46668e-08 0.0142761 1.53162e-07 0.001361 1.93243e-07 1.75117e-06 3.27466e-08 2.77546e-05 3.89554e-08 1.44722e-07 0.00406741 4.46985e-06 0.000222085 5.94518e-06 2.09201e-06 4.43477e-06 
1.45213e-10 0.0756568 2.44861e-10 4.22468e-10 3.50452e-10 0.0221727 6.50374e-11 0.27864 2.93412e-07 2.67823e-10 2.14093e-10 3.95029e-10 7.70833e-08 9.17294e-07 2.84131e-10 0.0147833 3.58485e-10 2.74805e-10 6.07482e-11 0.0307241 1.2345e-06 2.68473e-10 0.576964 3.12966e-08 9.25089e-07 1.27961e-07 1.9045e-06 0.00105326 
0.000100646 0.235056 0.0022584 0.000731382 0.000380313 0.18524 0.00214528 3.72548e-07 0.0102963 8.06934e-05 0.000235882 2.72222e-05 0.0166899 0.281525 0.000318269 0.00813386 3.57295e-05 0.000569028 1.04813e-07 0.0910087 0.00825888 6.13988e-05 0.0438663 0.00427987 0.000486976 0.067726 0.0340023 0.00648555 
0.0170589 0.0152393 2.05292e-09 6.81095e-05 0.00225296 0.054822 0.0531371 3.74575e-06 2.99445e-06 4.49433e-05 2.71722e-06 0.00612733 0.00242662 0.689536 9.93214e-05 0.0529918 2.40747e-07 0.00398299 5.09314e-10 0.0537862 0.000420956 2.25088e-09 1.48113e-05 0.00192321 2.08761e-07 0.0432186 0.0025491 0.000290424 
1.27642e-06 0.143995 8.93054e-11 4.96158e-06 9.71534e-07 0.0232097 3.5486e-06 5.21543e-11 2.63417e-06 1.58252e-06 2.38944e-06 2.03159e-06 2.04532e-06 0.447616 4.06231e-06 0.00621464 2.09324e-07 1.74404e-06 2.2156e-11 2.28991e-05 3.22874e-06 9.79171e-11 1.30325e-05 0.00225589 1.83274e-07 0.363751 2.11732e-05 0.0128698 
0.000678735 1.17663e-05 4.74405e-11 2.63567e-06 0.00216812 0.0745084 1.88507e-06 2.77052e-11 1.39931e-06 8.40658e-07 0.00127058 1.07921e-06 1.08651e-06 0.801974 2.15796e-06 2.19941e-06 1.11196e-07 9.26463e-07 1.17696e-11 0.114358 1.71516e-06 5.20151e-11 0.00485306 1.19716e-06 9.7358e-08 0.000148524 1.12476e-05 9.23748e-07 
9.34759e-06 0.000150779 1.13171e-06 3.5679e-05 8.2231e-06 7.1767e-05 2.44229e-05 6.6092e-07 1.83736e-05 0.00186224 1.72317e-05 0.0141006 1.42006e-05 0.417907 2.8927e-05 0.00547781 3.07891e-06 0.00643897 2.80769e-07 0.000155762 2.22819e-05 1.24084e-06 8.88031e-05 0.380756 1.52216e-06 0.163614 0.000144114 0.00904546 
6.84005e-06 0.00359714 1.68752e-07 3.13366e-05 3.43824e-06 0.0826152 7.24887e-05 9.8551e-08 0.0129465 7.03314e-06 1.46377e-05 0.00196355 2.6408e-05 0.20753 2.90436e-05 0.0101796 0.000312803 7.98937e-06 4.1866e-08 0.00812666 0.00456654 1.85025e-07 0.00125494 3.5881e-05 0.00031185 0.660519 0.0037641 0.00207622 
0.00249613 2.84718e-05 4.92681e-09 6.38585e-06 1.25568e-06 1.35548e-05 4.5626e-06 2.87725e-09 3.38791e-06 2.03941e-06 0.00213595 2.61914e-06 2.63029e-06 0.938901 5.22722e-06 5.32256e-06 2.76107e-07 2.24717e-06 1.2223e-09 2.94347e-05 0.00251999 5.4019e-09 1.67526e-05 0.0493396 0.00157773 0.000359392 2.72166e-05 0.00251846 
9.30803e-06 5.50106e-07 4.26497e-10 3.67998e-06 6.10414e-10 4.83598e-06 1.17814e-05 2.49074e-10 1.26873e-06 4.66491e-10 3.72904e-10 9.93559e-05 0.00145272 0.180688 4.94897e-10 2.18835e-06 6.24405e-10 2.68093e-06 1.0581e-10 0.134456 1.15552e-05 4.67623e-10 0.0467617 7.14637e-06 0.0634009 0.00574123 3.75478e-07 0.567345 
1.792e-09 0.0117434 3.94801e-11 3.67649e-05 5.6505e-11 0.845053 1.04863e-11 0.00229905 0.0222756 4.31823e-11 3.45191e-11 6.59516e-07 1.03691e-11 1.31378e-07 4.58118e-11 0.118324 5.78001e-11 6.8306e-09 9.7947e-12 5.69696e-08 0.000258565 4.32871e-11 4.55721e-07 2.35832e-07 4.29917e-08 5.44097e-11 1.19836e-06 5.91823e-06 
0.00340241 0.000550653 1.72415e-05 6.79231e-10 5.63446e-10 0.073693 7.30229e-06 0.00393129 0.0434287 0.000331396 3.44211e-10 1.93838e-06 1.03396e-10 0.0539594 1.01749e-07 0.525503 5.18163e-07 4.41823e-10 9.7669e-11 0.0696077 6.76389e-07 4.31642e-10 0.02995 0.00163104 0.0479078 1.028e-07 0.146075 1.13979e-06 
0.000251099 0.00203359 9.57731e-06 9.99018e-06 0.170515 0.1188 5.10882e-05 0.000325001 0.000404068 0.000314476 1.75154e-06 3.23182e-06 1.19643e-05 0.644165 3.96767e-05 0.000255544 2.93285e-06 0.000375994 4.96994e-07 9.3108e-06 0.000186063 2.19644e-06 9.99489e-05 0.000938921 0.0601726 4.71231e-05 3.87406e-05 0.00093544 
8.58273e-09 0.004812 1.44724e-08 1.4951e-05 0.000193374 1.36384e-05 8.27252e-05 1.83178e-05 2.92221e-06 1.60551e-06 9.74844e-06 3.59509e-05 3.18477e-06 0.831594 1.14111e-06 3.83001e-05 2.11881e-08 1.62423e-08 3.5905e-09 0.162931 3.2867e-05 1.5868e-08 7.65545e-05 2.27585e-06 9.39696e-05 5.55202e-06 3.00216e-05 6.44717e-06 
1.70977e-09 0.0118521 0.000332028 0.00116654 3.19885e-08 0.568384 0.000133767 1.70145e-06 0.0430524 0.000277576 0.272589 9.16826e-06 1.31563e-08 0.00310434 8.30649e-07 0.00786503 6.07895e-07 9.85217e-05 1.55685e-11 0.025949 0.00559578 9.87049e-08 9.1995e-09 0.00347169 0.0289192 8.75201e-06 0.0200382 0.00715015 
9.00689e-05 0.0307794 7.2863e-09 0.000196271 1.01334e-05 0.0327491 0.00283452 4.00968e-05 2.7453e-05 0.000128792 2.49056e-05 0.00821762 2.13157e-05 0.61449 0.000256338 0.104719 2.19065e-06 0.00157694 1.80767e-09 0.107952 0.000903615 7.98891e-09 0.000135811 2.34863e-05 1.91143e-06 0.0889133 0.00528891 0.000617502 
7.31064e-06 0.00551146 9.93873e-08 0.000217485 5.66129e-06 0.202254 0.000295888 5.80421e-08 0.00102155 2.74843e-05 0.00237128 1.1702e-05 1.16464e-05 0.142482 0.000981365 0.00570207 0.000244569 0.00012861 2.46572e-08 0.00013011 0.00643627 1.08971e-07 7.40624e-05 0.000293436 0.000117618 0.158058 0.126009 0.347608 
0.0004099 0.0443609 2.00658e-07 2.60965e-07 2.9793e-05 0.0233776 0.00377785 3.94232e-11 0.000916814 0.000212219 8.64741e-05 0.00525504 0.000180898 0.530611 0.000250581 0.0400604 2.26292e-05 9.31336e-05 1.67476e-11 0.127132 0.00895729 7.4015e-11 0.0605618 0.00296721 1.95449e-05 0.139536 1.1132e-06 0.0111799 
1.29564e-07 0.0960055 9.06502e-12 5.03629e-07 0.000591797 0.0309352 0.00216158 5.29396e-12 0.00149761 1.60634e-07 2.42541e-07 0.000928186 0.00022858 0.290055 4.12348e-07 0.0123983 2.12476e-08 1.7703e-07 2.24896e-12 0.518342 0.00157346 9.93915e-12 0.0419362 2.31044e-05 0.00039627 2.83803e-05 2.1492e-06 0.00289496 
4.01864e-05 0.00069152 5.80058e-07 0.000155874 0.0235667 0.000329211 0.00335359 3.38753e-07 8.2465e-05 5.00302e-05 7.50919e-05 6.43481e-05 6.3997e-05 0.960463 0.000127476 0.000129318 7.37928e-06 5.50888e-05 1.43908e-07 0.000714856 0.000100957 6.35992e-07 0.000406921 7.04777e-05 5.86198e-06 0.00872841 0.000661024 5.43656e-05 
6.04806e-07 1.04952e-05 4.23154e-11 2.35094e-06 4.6034e-07 0.0539678 1.68142e-06 2.47122e-11 1.24814e-06 7.57338e-05 0.0113229 9.62624e-07 9.69129e-07 0.849533 0.00481401 0.0333527 9.91837e-08 8.26376e-07 1.04981e-11 1.08503e-05 1.52987e-06 4.63959e-11 6.17514e-06 1.06783e-06 8.68402e-08 0.000132479 0.0250912 0.0216707 
2.80128e-11 0.00251048 4.72359e-11 2.71327e-07 5.03741e-08 0.0543454 0.000445651 2.75857e-11 0.00671719 0.000339818 0.85367 7.62045e-11 2.07601e-08 0.00420435 2.71378e-06 0.00281985 6.91549e-11 0.000328017 1.17189e-11 0.0233759 0.00619626 1.55608e-07 1.44986e-08 0.00321813 0.011971 2.56067e-08 0.0276581 0.00219701 
0.00247471 3.54876e-06 5.8678e-08 7.94929e-07 0.000965226 0.0711296 0.0054586 8.43957e-10 4.22038e-07 2.53546e-07 0.000421495 0.0013023 3.27694e-07 0.891334 6.50851e-07 6.63352e-07 3.35373e-08 2.79425e-07 3.54976e-12 3.66883e-06 5.17298e-07 1.5688e-11 0.00856298 0.000578075 0.000132165 4.47956e-05 0.0135726 0.0040122 
2.2734e-06 3.9083e-05 0.160611 8.81584e-06 1.76597e-06 0.445399 0.0414105 2.13112e-08 0.00612914 2.83159e-06 4.24718e-06 3.64272e-06 3.61787e-06 0.115033 7.20884e-06 7.3091e-06 4.22482e-07 3.11759e-06 9.05333e-09 4.04016e-05 5.70682e-06 0.0103974 0.0739465 3.984e-06 0.0590725 0.000493305 0.023321 0.0640522 
4.09764e-05 0.000709351 1.72172e-07 0.000159181 3.13546e-05 0.0182884 0.000113685 1.00548e-07 8.44261e-05 5.08634e-05 7.6667e-05 6.53324e-05 6.55434e-05 0.920343 0.000130287 0.000132612 6.95125e-06 5.60409e-05 4.27145e-08 0.000733334 0.000103447 1.88774e-07 0.0393536 7.2208e-05 0.000160787 0.00895389 0.000678076 0.00958902 
1.0895e-05 0.0133689 2.11663e-08 0.00105166 8.31261e-06 0.0203695 0.032778 1.23611e-08 2.24676e-05 1.3515e-05 2.03904e-05 1.73545e-05 0.000161465 0.837116 3.46594e-05 0.00170255 5.47383e-05 1.48928e-05 5.25119e-09 0.000195243 2.75346e-05 2.32074e-08 0.00011112 0.000493316 0.000222866 0.0874596 0.000180529 0.00456485 
3.16222e-05 1.16801e-06 3.37659e-06 1.67326e-05 5.59298e-09 0.148095 0.0302689 2.28216e-09 1.61435e-09 4.27427e-09 1.32881e-05 6.30438e-09 8.06302e-07 0.814088 0.000110297 9.52292e-07 5.72117e-09 1.15718e-05 9.69499e-10 2.65768e-06 1.15332e-09 4.28465e-09 0.0065728 1.10283e-05 2.98504e-06 9.89707e-06 3.23634e-06 0.000755642 
1.57625e-06 0.050202 4.83357e-09 6.1243e-06 1.20437e-06 0.29355 0.00395428 2.8228e-09 0.000738199 1.95594e-06 2.94959e-06 2.51197e-06 0.000182566 0.530247 5.0131e-06 0.0225026 2.6495e-07 2.15519e-06 1.19917e-09 0.0810039 3.98147e-06 5.29967e-09 0.00820755 0.00376854 0.00184038 0.000344662 2.61011e-05 0.00340452 
5.25369e-09 2.06988e-05 8.85892e-09 2.29422e-05 1.26791e-08 5.69146e-06 2.35301e-09 5.17361e-09 3.65968e-09 9.68966e-09 7.74573e-09 1.42919e-08 2.32671e-09 0.999632 1.03825e-06 3.02262e-05 1.29698e-08 9.94227e-09 2.19783e-09 7.4911e-05 2.24877e-05 9.71318e-09 2.98962e-06 4.80201e-05 2.64039e-05 1.2209e-08 1.01226e-06 0.000111206 
3.7696e-08 0.0636024 1.15705e-10 9.66972e-08 1.65601e-10 0.832221 3.07324e-11 0.0612303 0.000788769 3.28102e-09 1.01166e-10 2.32822e-07 3.03889e-11 7.20025e-06 1.34262e-10 0.00570903 1.69396e-10 5.33887e-08 2.87056e-11 0.0197436 3.41482e-11 6.4511e-09 0.00830771 1.47545e-07 0.00123065 1.5946e-10 0.00715817 1.46717e-07 
0.000538817 3.26862e-06 4.33512e-10 0.000863593 8.82611e-05 0.2363 5.23764e-07 2.47385e-07 3.88887e-07 1.86043e-05 3.52967e-07 0.00113272 0.000306255 0.210507 5.99946e-07 0.0200479 3.15045e-08 2.57833e-07 1.07551e-10 0.0331483 4.76575e-07 4.08348e-06 1.92322e-06 0.000853556 0.00507276 0.481838 0.00686577 0.00240635 
3.7696e-08 0.0636024 1.15705e-10 9.66972e-08 1.65601e-10 0.832221 3.07324e-11 0.0612303 0.000788769 3.28102e-09 1.01166e-10 2.32822e-07 3.03889e-11 7.20025e-06 1.34262e-10 0.00570903 1.69396e-10 5.33887e-08 2.87056e-11 0.0197436 3.41482e-11 6.4511e-09 0.00830771 1.47545e-07 0.00123065 1.5946e-10 0.00715817 1.46717e-07 
7.21489e-05 0.0168544 1.5482e-06 0.000162194 4.30569e-07 0.0072289 1.57179e-06 2.50195e-06 1.1668e-06 7.01125e-07 1.05849e-06 9.00122e-07 0.00121793 0.694236 8.6463e-05 0.0120478 2.77445e-06 7.72673e-07 2.72456e-07 0.199353 0.000312269 7.47995e-06 0.0433758 9.9822e-07 0.00502078 0.0169853 0.00144596 0.00157947 
1.12533e-06 1.95277e-05 7.87337e-11 4.37424e-06 0.0112214 0.0455634 3.12853e-06 4.59804e-11 2.32234e-06 1.39518e-06 0.00231935 0.000897339 1.8032e-06 0.900704 3.58143e-06 3.65022e-06 1.84545e-07 0.00292295 1.95332e-11 0.0303028 2.84653e-06 8.6326e-11 0.00575635 1.98685e-06 1.61578e-07 0.000246496 1.86668e-05 1.53308e-06 
2.29558e-07 7.18829e-06 2.92994e-07 1.1613e-05 2.1562e-06 0.149327 1.31555e-06 1.25961e-09 0.00111894 2.35912e-09 0.000266444 3.47961e-09 5.66479e-10 0.000363632 7.32503e-07 0.00130245 1.9568e-06 4.63772e-06 5.351e-10 3.09364e-05 0.000280666 6.66016e-06 1.74476e-06 2.12735e-05 5.35258e-06 1.09615e-06 0.847215 2.84746e-05 
1.45213e-10 0.0756568 2.44861e-10 4.22468e-10 3.50452e-10 0.0221727 6.50374e-11 0.27864 2.93412e-07 2.67823e-10 2.14093e-10 3.95029e-10 7.70833e-08 9.17294e-07 2.84131e-10 0.0147833 3.58485e-10 2.74805e-10 6.07482e-11 0.0307241 1.2345e-06 2.68473e-10 0.576964 3.12966e-08 9.25089e-07 1.27961e-07 1.9045e-06 0.00105326 
0.00328214 2.1573e-06 2.98352e-07 0.00111194 9.4624e-08 0.568781 0.00117545 2.38794e-08 2.56559e-07 0.00601126 0.00318854 0.00106869 1.99207e-07 0.245802 3.95655e-07 0.00487977 2.03874e-08 0.000730582 2.15791e-12 2.2303e-06 3.14468e-07 9.53678e-12 0.0552163 2.21691e-05 0.000394508 0.0762751 0.00288914 0.0291649 
0.00211007 0.0305111 0.000674931 0.00243701 0.000268942 0.258166 0.00275931 1.69858e-07 0.127742 1.73246e-05 0.00069077 0.000388614 0.00114803 0.331748 1.10939e-05 0.00812318 8.86128e-08 0.000415722 4.95526e-08 0.0307136 0.0386591 0.000219219 0.0018115 0.0157882 0.00119422 0.0642685 0.0719747 0.00815831 
1.45213e-10 0.0756568 2.44861e-10 4.22468e-10 3.50452e-10 0.0221727 6.50374e-11 0.27864 2.93412e-07 2.67823e-10 2.14093e-10 3.95029e-10 7.70833e-08 9.17294e-07 2.84131e-10 0.0147833 3.58485e-10 2.74805e-10 6.07482e-11 0.0307241 1.2345e-06 2.68473e-10 0.576964 3.12966e-08 9.25089e-07 1.27961e-07 1.9045e-06 0.00105326 
5.97167e-10 0.283509 3.51516e-05 1.73734e-09 5.48324e-05 0.0110368 2.67458e-10 8.09295e-05 9.50733e-06 2.83648e-06 3.41622e-06 1.6245e-09 2.64468e-10 2.51743e-05 1.16845e-09 5.26177e-05 1.47422e-09 1.15688e-06 2.49819e-10 0.00199558 0.000454377 3.76923e-06 0.376835 0.240458 0.0850623 1.38775e-09 0.00037192 8.37572e-06 
4.0265e-06 0.00296951 4.84862e-08 1.9662e-05 1.50123e-06 0.00168268 5.58819e-05 2.83159e-08 0.000148394 3.75308e-06 9.08691e-06 4.39949e-06 1.93883e-05 0.00838627 1.89437e-05 0.000149946 2.53198e-07 4.34245e-06 1.20291e-08 0.00674317 4.20543e-05 5.31617e-08 0.00102924 2.70217e-05 2.96687e-07 0.975546 0.00310988 2.45537e-05 
0.000389204 3.85578e-05 1.2547e-08 8.65789e-06 1.70886e-06 0.0345789 6.18025e-06 7.32742e-09 0.0324068 2.7682e-06 0.00353573 0.0160742 4.61509e-05 0.549213 7.08555e-06 7.20861e-06 3.82508e-07 0.00287397 3.11281e-09 0.18651 5.62384e-06 1.37569e-08 2.26876e-05 3.92563e-06 3.22047e-07 0.163965 3.68578e-05 0.0102646 
4.01575e-11 0.116884 0.00130169 1.16831e-10 7.47225e-06 0.0156176 0.00234214 3.95453e-11 0.00731654 3.55584e-07 5.21071e-07 1.09242e-10 4.80361e-08 0.631266 3.69378e-07 0.00214233 1.99264e-08 1.14069e-07 1.67995e-11 0.181742 0.014866 2.74777e-07 0.0114997 8.52879e-07 4.76411e-07 4.48035e-07 1.28048e-07 0.0150109 
0.000402072 0.0126887 2.87637e-05 5.67673e-05 6.94371e-05 0.00528071 0.00147846 1.06972e-10 6.2352e-07 0.000106894 4.38373e-05 4.81097e-07 6.78812e-05 0.89962 0.0021889 9.79954e-07 2.68233e-05 2.73225e-05 4.54435e-11 0.00459341 7.64223e-07 2.00835e-10 0.00249404 0.000335125 0.000475871 0.0698289 0.000182634 4.11593e-07 
0.000430869 0.00747684 3.01459e-08 0.00167483 0.00032795 0.00355958 0.00119786 1.76052e-08 0.000889187 0.000534193 0.000806576 0.000685781 0.000690416 0.862143 0.00137127 0.00139761 7.06593e-05 0.000588717 7.47896e-09 0.00772982 0.00108989 3.30528e-08 0.00439923 0.000760734 6.18657e-05 0.0943793 0.00714722 0.000586992 
2.63794e-06 4.55862e-05 5.70064e-06 0.000878562 2.02624e-06 2.17025e-05 0.00112792 1.10767e-08 5.42871e-06 3.27726e-06 4.93373e-06 4.21118e-06 0.00130011 0.693783 0.00585349 8.52301e-06 4.58275e-07 3.61021e-06 4.70555e-09 0.167742 0.0135307 2.07959e-08 2.68235e-05 4.64205e-06 0.000112354 0.114878 4.35762e-05 0.000610513 
