0.00237604 0.080157 0.00348171 5.31736e-05 1.21684e-05 0.0481023 0.0519587 0.000340118 0.00987991 0.000159835 3.80224e-05 0.000728024 3.43693e-05 0.0112255 1.68767e-06 0.116567 3.49896e-05 0.000277482 0.00608921 0.145167 0.0191043 0.00159273 0.418506 0.0272763 0.0257658 2.91992e-05 0.00684973 0.024192 
0.000278631 0.105532 1.43519e-06 0.000239889 0.00171822 0.106369 0.0560395 0.0210024 0.0448523 1.69198e-05 0.0221384 0.00268741 0.00627722 0.0982962 1.88311e-05 0.0610959 2.94814e-05 6.22628e-05 0.00354 0.0539219 0.00731402 4.85458e-06 0.266048 0.0920756 0.00338924 0.0101795 0.0352307 0.00163972 
0.000941413 0.107741 0.000948043 0.00075525 0.00105462 0.113346 0.0574287 0.0039861 0.0420518 0.00147441 0.000316353 7.29334e-06 1.13158e-05 0.0120858 2.43745e-05 0.128955 0.000335096 0.000624947 0.00689093 0.186117 0.0227434 0.00188295 0.186358 0.00748966 0.0834013 0.000442568 0.00483905 0.0277468 
0.00610212 0.157131 8.26629e-07 0.00113756 3.78866e-10 0.0162203 0.00459939 0.0175159 0.00647204 9.4412e-08 2.31451e-10 4.27057e-10 6.05401e-05 6.70377e-05 1.36108e-07 0.0545343 3.8755e-10 3.20929e-07 0.00105347 0.0296951 0.0035962 6.58707e-07 0.69909 0.00124912 0.00146095 1.15309e-06 1.14469e-05 2.93454e-07 
0.00280386 0.044061 0.000626971 0.000249749 4.83909e-05 0.0327974 0.115618 0.0390634 0.00369101 0.000377609 1.10004e-05 0.00148324 0.00665822 0.00108531 1.83592e-07 0.0947818 0.00194853 0.000842731 0.0271735 0.0804352 0.112186 0.00041495 0.315008 0.0417697 0.00501619 0.000732681 0.0256804 0.0454355 
2.36297e-05 0.027762 4.73075e-06 2.1912e-06 5.5632e-08 0.00435181 0.128345 0.000224326 3.60435e-05 3.6634e-05 1.64209e-05 2.52701e-08 5.27456e-05 0.00109472 5.10648e-07 0.0133578 5.13264e-06 1.89648e-06 0.000658185 0.0248686 0.000200738 1.26379e-09 0.786539 0.00341493 0.0041848 8.45696e-09 0.00244823 0.00236934 
0.00114055 0.0136308 0.000350466 9.63245e-05 3.82662e-12 0.012531 0.0377378 0.000167007 0.000129134 8.10689e-05 9.38162e-05 1.164e-05 4.37921e-05 0.000536292 4.88745e-07 0.0378277 4.9443e-06 4.81899e-05 0.0075543 0.0254256 0.000327829 2.93148e-12 0.821618 0.00292863 0.0348036 7.02353e-06 0.001402 0.0015021 
0.00145398 0.00598658 4.37472e-05 0.000112741 9.11209e-09 0.0540181 3.70446e-08 2.03903e-08 0.00144256 3.47045e-05 1.09129e-06 0.00561933 0.000200881 0.115119 4.31477e-06 0.115437 2.7615e-05 0.000186121 0.0137116 0.0773293 0.00819557 0.000156064 0.446548 0.0873348 0.0158884 0.000177642 0.000429754 0.0505413 
0.0012441 0.0399316 2.23935e-07 1.13039e-05 3.67855e-05 0.0133179 0.0791401 0.000175271 0.000895828 0.000211271 9.95628e-05 1.28336e-05 1.28999e-05 0.00199768 5.9411e-06 0.035665 6.02234e-05 0.03817 0.00120179 0.166884 0.000192816 2.31391e-07 0.603024 0.00418483 0.00256525 2.24485e-07 0.00256558 0.00839314 
0.00237632 0.027849 0.000685809 0.000154902 1.28068e-08 0.0182708 0.345222 0.00029898 0.000229096 0.00506829 3.69598e-05 0.000675367 0.000146302 0.00247855 7.23141e-06 0.0212447 2.98903e-06 3.86485e-05 0.00133575 0.050189 0.000263347 8.55255e-06 0.46341 0.0033078 0.0230839 6.46452e-06 0.0301751 0.00343394 
0.00186694 0.048687 0.0156199 0.000232875 2.61393e-05 0.048067 0.0833507 0.00126032 0.00147065 0.000385154 2.28754e-05 0.000249436 0.00149062 0.0109482 3.52036e-05 0.0438441 0.000107291 0.00266602 0.00315268 0.122696 0.000749854 1.32836e-07 0.528509 0.00599807 0.0246441 0.0198282 0.0264695 0.00762161 
0.00856778 0.00758595 3.7837e-07 1.33591e-06 2.26725e-07 0.00684335 0.0168345 2.37409e-07 4.72516e-07 0.00102921 5.15874e-05 2.98146e-07 2.36832e-05 0.332533 4.75264e-05 0.0418165 1.65229e-07 0.00029914 0.00207164 0.208489 0.00039985 5.83743e-09 0.360579 0.000937084 0.00462846 3.16962e-06 1.7612e-07 0.00725606 
0.000154729 0.0279578 8.74911e-12 8.81999e-06 1.2522e-11 0.00329396 0.213159 0.00032669 0.0003907 0.000229999 1.49594e-05 1.05006e-09 8.03261e-05 3.45549e-05 2.34519e-07 0.146087 3.78149e-06 4.76752e-05 0.00265022 0.028929 0.000866327 9.27159e-09 0.531297 0.00384401 0.0331563 3.12225e-07 1.23341e-05 0.0074551 
0.000115267 0.177365 0.00124554 8.42913e-06 1.66989e-05 0.0385277 0.0012718 0.00658944 0.00108667 0.000101826 3.41272e-08 7.73602e-06 1.63151e-05 0.0210327 0.0001344 0.0359196 2.58536e-05 0.000148803 0.00160068 0.258478 0.00185379 8.82605e-05 0.41952 0.00539527 0.0105223 0.000754057 0.00196978 0.0162039 
0.000641887 0.0854248 0.000678758 3.50876e-05 3.72789e-06 0.0152192 0.00384284 0.00587906 0.051739 0.000117121 2.35636e-05 6.31634e-06 1.65316e-06 0.0995162 2.00308e-07 0.0122612 1.50552e-06 0.0210424 0.000263296 0.0688357 0.00176451 3.10266e-06 0.631777 0.00050221 8.09454e-05 7.50648e-06 0.000207429 0.000123365 
0.000610921 0.0242602 6.0572e-05 0.00021386 0.000164113 0.00204633 0.053367 3.8006e-05 7.56428e-05 7.36465e-05 0.00218812 4.77299e-05 1.73143e-05 0.00783878 5.19815e-05 0.00444976 1.18736e-08 4.5217e-05 0.00171853 0.0533305 0.00352077 9.35457e-07 0.613904 0.0121165 0.213138 0.000507407 2.81941e-05 0.00618582 
0.00035389 0.00457941 0.000779762 3.15019e-05 7.19572e-08 0.00972929 0.035387 0.000272935 0.000120328 2.32246e-05 1.02235e-05 1.83624e-05 6.21129e-05 8.74128e-05 9.14978e-07 0.00619616 5.80195e-07 1.02272e-08 0.000220855 0.00260637 0.00644251 1.65111e-09 0.914231 0.00107435 0.000348236 1.31652e-06 0.0110896 0.00633274 
0.0222481 0.188914 0.000168932 9.01863e-05 0.000290911 0.0948523 0.0299777 0.000167009 0.00559572 4.09573e-05 0.000213562 0.000150704 7.40978e-09 0.0109433 2.53843e-09 0.167333 2.96673e-05 2.33764e-05 0.00610186 0.20901 0.00869783 8.7023e-07 0.214164 0.0126468 0.00458802 4.22266e-05 0.00402247 0.0196868 
0.030035 0.013074 0.154702 5.78553e-05 5.06373e-06 0.0249516 0.106273 0.00198933 0.00139672 5.34943e-05 1.70349e-07 6.702e-06 0.270534 0.00195591 3.60873e-05 0.00116013 0.000141611 0.00218089 0.00168474 0.00429287 0.00283145 2.11538e-06 0.320092 0.0536934 0.00380942 0.000272602 0.000539827 0.00422885 
0.0002368 0.00714627 0.0116533 8.21744e-05 1.6895e-07 0.019906 0.00352229 3.01546e-05 0.000254025 0.000768855 1.83241e-05 5.65725e-05 2.73619e-05 0.0253994 3.05679e-07 0.0674098 4.59183e-06 0.000972487 0.00133754 0.199067 0.000319459 2.13799e-07 0.516459 0.000333265 0.0487129 1.60532e-05 0.0171145 0.0791511 
0.000687051 0.0157985 0.000187876 5.71661e-05 8.29905e-12 0.0111142 0.0237596 0.000320098 0.000735013 6.22993e-05 5.83564e-05 2.79945e-05 2.34689e-05 0.000842547 2.63495e-07 0.0596032 4.86689e-06 5.40464e-05 0.00725952 0.0293417 0.00147583 6.35771e-12 0.816723 0.00312628 0.0261321 3.76966e-06 0.001186 0.00141521 
0.000163311 0.270815 0.000974376 1.3398e-06 5.66408e-06 0.0264778 0.0114411 1.68573e-05 0.000205012 2.01828e-05 7.506e-06 2.95853e-05 5.82889e-07 0.0147445 6.51175e-05 0.0429632 1.42629e-09 6.92695e-06 0.0235819 0.255158 0.0603484 5.07748e-08 0.277561 0.00892006 0.000386172 1.52099e-05 0.00570594 0.000385664 
0.00139876 0.0477525 0.0013897 0.000152682 0.00813441 0.0631889 0.0294026 0.0236941 0.00121169 0.00163117 0.000401921 5.85638e-05 0.000971304 0.0239999 3.15086e-07 0.0759494 0.00107249 0.0166309 0.0103301 0.0923464 0.0017967 5.22567e-06 0.489212 0.00613652 0.0530311 0.000302618 0.0397966 0.0100013 
0.00114055 0.0136308 0.000350466 9.63245e-05 3.82662e-12 0.012531 0.0377378 0.000167007 0.000129134 8.10689e-05 9.38162e-05 1.164e-05 4.37921e-05 0.000536292 4.88745e-07 0.0378277 4.9443e-06 4.81899e-05 0.0075543 0.0254256 0.000327829 2.93148e-12 0.821618 0.00292863 0.0348036 7.02353e-06 0.001402 0.0015021 
0.0022161 0.0659653 0.000674216 0.000113255 4.92523e-08 0.0436993 0.00408613 0.000231197 0.00324509 5.5245e-05 4.39999e-05 0.000127281 0.000121712 0.0172039 2.6746e-06 0.0299324 0.000571718 0.000293122 0.00901584 0.0288142 0.00194033 8.28723e-07 0.667394 0.00460904 0.0713163 5.41363e-05 0.0339704 0.0143026 
0.00120605 0.0897536 0.00208888 9.19727e-05 5.69217e-05 0.0428098 0.0603356 0.000584693 0.0125829 0.0002113 3.98565e-05 5.05512e-05 0.000455314 0.00816606 1.00258e-06 0.225835 0.000205403 0.00228388 0.0223874 0.150891 0.00813627 5.21119e-05 0.312748 0.0118176 0.0148676 2.60927e-05 0.0193211 0.0129936 
0.00586951 0.0724238 0.00398645 0.00075056 4.83401e-05 0.0774858 0.0301962 0.00074181 0.000762072 0.00779976 0.00446204 0.000102203 0.000120573 0.0692021 6.66402e-06 0.0388313 0.00124076 0.00511973 0.00258845 0.104907 0.00200643 7.72427e-06 0.518308 0.00774029 0.015868 0.00021334 0.0134957 0.0157151 
0.000373505 0.00852356 0.000525404 7.74382e-05 1.88105e-08 0.0243003 0.00909741 0.000256807 0.000101169 6.48385e-05 2.85132e-05 5.11663e-05 2.90008e-05 0.000244514 2.52364e-06 0.0173481 1.5648e-06 2.36741e-09 0.000618063 6.14325e-08 3.79398e-05 4.25521e-10 0.902703 0.00300752 0.000903075 3.61571e-06 0.0308816 0.000819071 
0.000203487 0.0191547 8.25002e-07 0.000193825 3.5137e-07 0.0229601 0.0307317 0.00042315 0.0212137 9.69743e-06 6.4071e-11 7.64677e-07 6.86624e-05 0.00827002 9.2855e-08 0.0645136 0.00942754 0.000640071 0.0827262 0.00774626 0.0086962 2.42964e-09 0.681828 0.00431652 0.0290979 0.0012832 0.000272212 0.00622167 
0.0107766 0.0150498 0.00200368 6.13553e-05 4.64785e-05 0.034664 0.0267205 0.00025083 0.0027802 0.000726368 0.0422686 0.00965547 0.00257193 0.048006 7.04978e-05 0.224455 0.000300795 0.000266586 0.0204837 0.0649142 0.0112025 1.14888e-06 0.231531 0.0467414 0.0776469 0.00329538 0.0207951 0.102713 
0.00232226 0.0892546 0.00042308 0.000311347 0.000114281 0.147422 0.0198177 0.000315963 0.00124886 4.80696e-05 0.00258276 1.46319e-05 0.00046002 0.00613427 5.79607e-07 0.0281964 0.0117105 0.000799977 0.0102977 0.0406575 0.00240324 0.000166848 0.560684 0.00259167 0.00995937 0.0265411 0.00945561 0.0260666 
0.000874349 0.14694 0.000103188 0.00107257 3.53412e-07 0.0637909 0.014417 0.000360047 0.0453174 0.000791055 0.0358486 0.000405613 0.000944872 0.00117679 4.16958e-05 0.000124669 1.44277e-05 2.77126e-07 0.000159764 2.16598e-08 0.000702022 2.7074e-07 0.673239 0.000740005 0.0106063 0.000868163 0.000195355 0.00126519 
0.0103508 0.0206768 1.18165e-07 4.30189e-05 7.08201e-08 0.0352187 0.0222002 0.00142177 4.53444e-05 0.000710057 4.11507e-05 8.64967e-05 0.000202712 0.242784 0.000157844 0.0601963 9.04377e-06 0.000340378 0.00477672 0.207253 0.000482326 1.8411e-09 0.367274 0.00514826 0.0100332 0.00718772 0.00014686 0.0032125 
0.00119865 0.0561491 0.00190507 6.13832e-05 1.6314e-07 0.0608601 0.000547805 1.39726e-08 0.00159774 3.29288e-05 5.99765e-09 5.0145e-05 9.17474e-05 0.126463 2.26369e-05 0.021454 3.32705e-06 8.56209e-05 0.00357226 0.107729 0.0053727 2.90703e-08 0.582579 0.00054114 0.0171723 0.000632411 0.00397933 0.00789877 
0.000441573 0.00259679 5.42173e-05 6.93935e-06 1.67658e-09 0.014671 6.95089e-06 5.60542e-07 3.39378e-06 6.33193e-05 7.09573e-07 3.61244e-06 2.00465e-07 0.00451888 5.36227e-06 0.0955949 5.15811e-05 8.1791e-07 0.0472918 0.0958146 0.0231745 1.28439e-09 0.564016 0.0971053 0.0462986 2.99849e-05 0.00660193 0.0016463 
0.00118061 0.104801 0.00131701 0.000251779 0.00053363 0.12996 0.0261048 0.00172649 0.0342867 3.03254e-05 1.29291e-05 3.30533e-05 1.11047e-05 0.00354446 2.97824e-06 0.132768 0.000266285 0.000126791 0.0228666 0.0997842 0.00334672 5.45187e-05 0.276722 0.0194982 0.0707402 1.46617e-05 0.0454981 0.0245175 
9.16626e-05 0.223313 0.00160822 2.60361e-06 2.4488e-05 0.0329586 0.000958333 0.00865901 0.00107802 0.00011644 4.9521e-08 8.48623e-08 3.1753e-06 0.0195493 0.000178961 0.0230457 2.88913e-05 0.000153815 0.00152887 0.248522 0.00122498 9.01695e-06 0.40905 0.00292238 0.00865996 0.000826867 0.00199437 0.0134911 
0.00040531 0.144351 0.000508259 1.77953e-05 0.0113893 0.0462869 0.0657438 0.00174015 0.00318156 3.76136e-05 2.36864e-05 7.59067e-05 0.000195534 0.000966078 2.82027e-06 0.0736278 5.0303e-06 0.000957426 0.00739405 0.0413207 0.00457214 9.29893e-05 0.496534 0.0239074 0.0524859 0.000116276 0.00332925 0.0207309 
0.00898099 0.123878 0.00334168 5.13293e-05 0.00108347 0.0200072 0.0324142 0.00413128 0.00260984 0.000396294 0.00178157 0.000836838 0.0228408 0.0038772 1.83397e-05 0.150908 0.00539292 0.000289476 0.0329796 0.0993676 0.00676141 8.76599e-06 0.168685 0.0174109 0.163537 0.00129827 0.00323775 0.123875 
0.00353415 0.0572643 1.10542e-06 4.65587e-05 0.000533674 0.087866 0.0492656 0.00175145 0.00315438 0.00179081 0.000497194 0.000596406 9.21207e-05 0.0113268 2.92793e-06 0.0788937 1.84357e-05 3.41828e-05 0.0615843 0.121993 0.017812 8.40256e-05 0.410329 0.0198902 0.00751985 6.44674e-06 0.0408738 0.0232377 
0.000373505 0.00852356 0.000525404 7.74382e-05 1.88105e-08 0.0243003 0.00909741 0.000256807 0.000101169 6.48385e-05 2.85132e-05 5.11663e-05 2.90008e-05 0.000244514 2.52364e-06 0.0173481 1.5648e-06 2.36741e-09 0.000618063 6.14325e-08 3.79398e-05 4.25521e-10 0.902703 0.00300752 0.000903075 3.61571e-06 0.0308816 0.000819071 
0.000175097 0.181635 1.71775e-06 1.02879e-06 3.2218e-08 0.00179603 0.0645449 1.42479e-05 0.000139611 1.7526e-05 6.60545e-06 2.53193e-09 9.04676e-06 0.000143661 2.25709e-07 0.292068 5.13552e-06 1.07387e-05 0.0443762 0.0285105 0.00714814 8.42802e-06 0.368633 0.00319062 0.00212647 2.72056e-06 5.68656e-05 0.00537918 
0.00127125 0.0162366 0.000122847 1.13753e-05 1.11713e-06 0.0135153 0.154476 0.000403202 0.00504052 3.01286e-05 0.00130977 7.651e-05 0.000140292 0.0262709 3.6646e-05 0.0527517 7.59008e-06 0.000202199 0.00237743 0.206849 0.000425578 9.91604e-06 0.47261 0.00325595 0.0299586 0.000290671 0.00105758 0.0112606 
0.0309794 0.045567 0.00115358 0.00050029 9.82162e-09 0.0853692 0.0652861 0.000103725 0.000789096 0.000595672 0.00147639 0.000152045 0.0044311 0.0110791 6.57972e-07 0.102963 0.000395458 7.3342e-05 0.0365275 0.0600174 0.000127638 1.72064e-11 0.337639 0.00666441 0.131001 0.000610101 0.0449168 0.0315815 
0.0389718 0.0158441 8.15236e-05 0.000477112 2.13474e-08 0.0756442 0.000901257 0.00024177 0.00132803 0.000140394 2.20691e-07 0.0024909 5.95503e-05 0.165082 4.50378e-06 0.0483747 3.64158e-05 0.01174 0.0942874 0.188102 0.0152917 0.000141585 0.188579 0.0117607 0.0445627 0.000340275 0.00626117 0.0892554 
1.53053e-05 0.0463895 0.000172022 0.000355352 0.00121895 0.0314037 0.049994 0.00153032 0.000472561 0.000277972 5.59684e-05 6.03823e-05 3.36647e-05 0.0161512 1.46028e-05 0.0237892 2.25831e-06 0.000195265 0.00182929 0.114717 0.00150342 6.88377e-07 0.635 0.00400845 0.0175306 0.0229536 0.0265703 0.0037545 
3.68914e-05 0.0274054 7.53554e-09 3.92433e-07 5.86201e-06 0.00336283 0.00300374 0.000692177 1.63288e-05 5.42284e-06 6.53628e-06 9.12502e-06 1.50585e-05 0.0018756 2.16529e-07 0.0619409 5.54553e-07 4.07758e-05 0.00156435 0.00407037 0.000592875 4.60066e-06 0.875889 0.000315689 0.0153742 2.83756e-06 0.00209398 0.00167468 
1.13284e-08 0.00345532 1.27264e-11 3.07622e-08 1.82143e-11 3.64272e-07 3.62703e-07 4.42967e-07 0.000843708 1.01629e-07 3.22801e-08 2.60766e-07 3.34246e-12 0.00207431 1.47674e-11 0.0989108 5.40509e-08 1.89974e-07 0.00517375 1.37396e-06 0.00234992 1.39536e-11 0.885746 5.66165e-07 0.00144196 1.75389e-11 7.59264e-08 2.51334e-07 
0.00660343 0.017274 0.000699825 5.92927e-05 0.00172039 0.0449011 0.0433857 0.00342878 0.000970392 0.0174929 0.00295491 6.13728e-05 4.90572e-05 0.0160056 4.90045e-06 0.0979731 7.97443e-05 0.000468459 0.0223678 0.141071 0.00377265 2.57529e-05 0.427717 0.00849853 0.0856248 8.12554e-06 0.0451157 0.0116655 
0.00280922 0.00579044 0.000351225 5.19026e-05 2.14353e-07 0.0426423 0.00606663 0.000171806 0.00275707 4.34421e-05 1.91402e-05 3.4329e-05 5.00826e-05 0.00583494 1.73168e-06 0.0389015 1.10075e-06 5.18995e-05 0.00162364 0.0288206 2.53763e-05 4.87055e-09 0.811157 0.0310531 0.000602601 2.46816e-06 0.0205895 0.000546354 
0.000373505 0.00852356 0.000525404 7.74382e-05 1.88105e-08 0.0243003 0.00909741 0.000256807 0.000101169 6.48385e-05 2.85132e-05 5.11663e-05 2.90008e-05 0.000244514 2.52364e-06 0.0173481 1.5648e-06 2.36741e-09 0.000618063 6.14325e-08 3.79398e-05 4.25521e-10 0.902703 0.00300752 0.000903075 3.61571e-06 0.0308816 0.000819071 
0.0307905 0.0300568 6.26901e-05 0.000646432 1.70085e-07 0.00778894 0.0154142 4.36408e-06 0.00019506 0.00146594 5.88072e-05 1.97143e-07 3.89339e-07 0.0054221 8.82625e-09 0.32602 7.06225e-08 0.000141153 0.0116198 0.0749593 0.000669505 2.35405e-06 0.411325 0.0165364 0.0243424 2.34069e-05 8.51642e-05 0.0423693 
1.13737e-06 0.170472 1.13675e-06 1.13564e-06 1.13609e-06 0.00352943 0.0547327 1.13738e-06 1.13765e-06 0.00102408 1.13694e-06 1.13581e-06 0.00239067 1.13797e-06 1.13651e-06 0.113581 0.00431809 1.13656e-06 0.0427861 0.223988 1.13783e-06 1.1366e-06 0.296674 0.0695287 1.1379e-06 1.13617e-06 1.13803e-06 0.0169581 
0.00410577 0.0529953 0.000291186 0.000192602 7.41277e-11 0.159207 0.00942994 0.00166179 0.00111555 2.34433e-05 1.09942e-05 0.000219538 3.31571e-05 0.00220039 9.27613e-07 0.187901 1.86324e-05 0.000373701 0.0130107 0.00913282 0.000982407 5.67874e-11 0.365392 0.0660723 0.0680004 3.02396e-06 0.050865 0.00676065 
0.00169584 0.136012 0.00441825 0.000238092 1.1138e-05 0.080487 0.015344 0.000229658 0.00864479 1.78039e-05 1.63794e-05 0.00217087 1.12915e-05 0.00354981 4.00442e-06 0.0498862 0.00194668 0.000191775 0.00344303 0.0916469 0.00216411 0.000124458 0.570472 0.00302046 0.00259235 6.02634e-05 0.016065 0.00553558 
0.000199268 0.0664499 2.14604e-08 7.43853e-06 1.10689e-08 0.00769561 0.177965 2.10756e-07 0.000125293 1.88557e-05 3.43833e-08 1.46646e-06 4.74687e-06 0.00928655 1.73843e-06 0.125217 5.49281e-08 0.000622296 0.000461901 0.140654 0.00187719 1.30882e-11 0.437296 0.00957988 0.000291124 6.10678e-05 0.000187424 0.0219969 
0.000224453 0.00921025 0.000322662 4.86784e-05 0.000338195 0.0286206 0.0500038 0.000444107 0.00937783 1.08902e-05 1.07654e-07 3.45047e-05 0.000169102 0.00202376 9.55621e-07 0.00637678 4.87259e-09 0.000122531 0.000811858 0.140817 0.0131278 2.07164e-10 0.704097 0.0303993 1.11985e-05 9.1318e-05 0.00266773 0.000647016 
0.00195795 0.058422 0.000217583 0.00043716 1.64697e-08 0.126066 0.121904 0.000186092 0.00239101 0.000252257 5.50608e-05 0.000176833 2.98048e-05 0.0161629 2.53955e-06 0.0264888 2.15965e-05 7.2842e-05 0.00127325 0.141216 0.000377964 3.7342e-10 0.379216 0.00391842 0.0050238 2.8478e-05 0.101608 0.0124925 
0.00189871 0.121205 0.000231282 0.00040249 0.000916327 0.0710928 0.183317 0.000745645 0.00457164 0.000189053 4.12196e-05 0.000135008 0.00664806 0.0140154 4.65342e-06 0.056009 0.00133079 0.0283052 0.011831 0.139613 0.0047363 2.91715e-06 0.3173 0.00699078 0.0129305 0.000294094 0.000843979 0.0143977 
5.64717e-05 0.111195 3.86413e-05 3.59057e-06 0.000460131 0.0108619 0.116438 0.00329129 0.000878101 0.00552889 0.000463083 1.54985e-05 6.39155e-06 0.00517712 7.36046e-07 0.028755 1.32707e-06 0.0214716 0.000608979 0.224205 0.00309822 3.96466e-06 0.308987 0.0387975 0.0903083 7.92008e-06 0.00636349 0.0229774 
1.13737e-06 0.170472 1.13675e-06 1.13564e-06 1.13609e-06 0.00352943 0.0547327 1.13738e-06 1.13765e-06 0.00102408 1.13694e-06 1.13581e-06 0.00239067 1.13797e-06 1.13651e-06 0.113581 0.00431809 1.13656e-06 0.0427861 0.223988 1.13783e-06 1.1366e-06 0.296674 0.0695287 1.1379e-06 1.13617e-06 1.13803e-06 0.0169581 
0.118406 0.0372427 0.000593528 7.22193e-05 9.05738e-05 0.0227879 0.0769239 0.00323781 0.00489234 0.00909015 7.92782e-05 0.00115356 0.0516871 0.0182848 0.000237806 0.101016 0.00115099 0.000464772 0.166021 0.0153899 0.000841883 0.000206201 0.273412 0.0162247 0.0531063 0.00346879 0.00654288 0.0173749 
0.000830675 0.140485 0.000714166 0.000138778 0.000127624 0.0572078 0.0165005 0.00114058 0.0046762 0.000518701 0.0045039 7.06453e-05 9.46058e-05 0.0202742 7.55709e-06 0.145692 1.14783e-05 0.000286611 0.0057098 0.182055 0.0167072 6.21415e-08 0.3282 0.0214765 0.0144994 0.000239817 0.00853787 0.0292939 
0.000687051 0.0157985 0.000187876 5.71661e-05 8.29905e-12 0.0111142 0.0237596 0.000320098 0.000735013 6.22993e-05 5.83564e-05 2.79945e-05 2.34689e-05 0.000842547 2.63495e-07 0.0596032 4.86689e-06 5.40464e-05 0.00725952 0.0293417 0.00147583 6.35771e-12 0.816723 0.00312628 0.0261321 3.76966e-06 0.001186 0.00141521 
0.000348243 0.041276 0.00111794 8.78713e-05 5.74429e-05 0.0228104 0.0163593 0.0079897 0.000709757 0.0030832 0.000341248 0.000318978 2.75642e-05 0.00715808 0.000530501 0.130713 5.0586e-06 0.0022476 0.00355169 0.0440716 0.00328844 0.000134548 0.371193 0.0682212 0.20456 2.78465e-05 0.0216188 0.0481502 
0.000221004 0.00466778 0.000525585 5.34654e-05 4.44529e-12 0.0142014 0.0108712 0.000212151 2.89349e-05 4.92179e-05 7.57173e-06 1.55364e-05 9.64256e-06 0.000244539 4.96977e-07 0.0703284 2.6097e-09 4.96084e-09 0.00394666 0.0288227 2.6413e-05 1.49914e-08 0.854166 0.00678691 0.00279388 3.62352e-06 0.00100413 0.00101276 
0.00182759 0.00701121 4.50271e-05 0.000112707 1.3667e-08 0.0343452 5.55666e-08 3.05849e-08 0.00167004 2.26761e-08 1.63693e-06 0.00751708 0.00019183 0.122497 8.23206e-09 0.140979 2.01473e-05 0.000193999 0.019976 0.101896 0.0115847 4.81508e-08 0.375863 0.123587 0.00282123 0.000225598 3.08109e-08 0.0476338 
2.25241e-10 0.0374156 9.3702e-12 1.61667e-11 1.34109e-11 0.000211498 0.126713 4.55586e-08 0.00126026 0.000133469 9.7379e-05 1.51167e-11 6.66056e-09 0.00464173 2.64101e-08 0.074167 1.37183e-11 0.000398233 0.00639883 0.2526 0.00280255 1.98317e-08 0.478483 0.00994084 5.50041e-07 2.96171e-06 2.9245e-08 0.00473239 
0.00361854 0.0047257 0.000157353 9.10883e-05 1.32305e-05 0.0186923 0.0198778 0.000805239 0.000592262 2.14354e-05 0.000249236 4.18925e-05 0.000642058 0.0107535 4.4519e-05 0.0591758 2.16148e-06 8.43118e-05 0.00684616 0.0359571 0.00199359 1.45763e-10 0.768144 0.00303131 0.00976831 0.0495962 0.00104254 0.00403215 
4.16271e-06 0.138727 4.74707e-06 2.19952e-06 7.85092e-08 0.0112942 0.181455 7.58862e-05 0.00140357 0.000142587 6.60396e-06 3.567e-08 1.24876e-05 0.000819256 5.15326e-07 0.0153555 1.97485e-08 1.64254e-05 5.80065e-05 0.076961 0.000196198 2.71777e-08 0.562005 0.00198757 0.00193247 7.88934e-07 0.00221805 0.00532153 
0.00814117 0.0307133 0.00238939 0.000153057 0.000174515 0.0176292 0.172871 0.00175552 0.000457215 0.000565062 5.22262e-05 1.9161e-05 0.00392883 0.0010835 2.17153e-07 0.114784 0.0105781 0.00070394 0.0716591 0.077713 0.00477788 1.08664e-12 0.274549 0.0167761 0.0113874 3.01206e-05 0.00649773 0.17061 
0.00132193 0.110837 7.54621e-05 0.000928557 0.000992209 0.0478228 0.142807 0.0120545 0.00584712 0.000575167 0.000964186 0.000498949 0.000116521 0.00773721 1.98568e-05 0.133997 0.000471404 0.000592615 0.0383593 0.141956 0.0489634 9.06974e-05 0.190974 0.0351514 0.023441 0.00148303 0.0190223 0.0328989 
0.000292157 0.033795 0.0254544 3.35118e-05 2.64388e-08 0.023051 0.00989499 0.000705204 0.000242693 3.07509e-05 6.30801e-06 5.51709e-05 0.000141171 0.00491434 3.68105e-05 0.032001 2.75138e-05 0.00011967 0.00152707 0.0644214 0.000138426 6.00031e-10 0.750462 0.00402721 0.0208408 0.0060286 0.0198515 0.00190144 
0.00863044 0.117812 0.00584112 0.0142629 1.59041e-05 0.12374 0.0184116 5.38771e-05 0.0034454 0.00011779 0.000712018 0.00121194 3.05352e-05 0.167285 8.86593e-07 0.053763 0.000510686 0.00343564 0.0201112 0.080254 0.00376447 2.54146e-05 0.199637 0.00108448 0.0945921 9.81048e-06 0.0761251 0.00511537 
9.94432e-06 0.0509109 1.17846e-05 5.44228e-06 3.62832e-08 0.0077194 0.0832049 0.00018927 9.00392e-05 1.62509e-05 5.05009e-06 1.64777e-08 3.11605e-05 0.00073807 1.26367e-06 0.0193698 9.11847e-09 4.48832e-07 0.000144907 0.0244472 0.000215296 8.20412e-10 0.795732 0.00281077 0.00483054 5.23741e-09 0.0055441 0.00397123 
0.00114055 0.0136308 0.000350466 9.63245e-05 3.82662e-12 0.012531 0.0377378 0.000167007 0.000129134 8.10689e-05 9.38162e-05 1.164e-05 4.37921e-05 0.000536292 4.88745e-07 0.0378277 4.9443e-06 4.81899e-05 0.0075543 0.0254256 0.000327829 2.93148e-12 0.821618 0.00292863 0.0348036 7.02353e-06 0.001402 0.0015021 
0.000122092 0.00536513 0.000247719 3.32218e-06 8.67658e-11 0.0287381 0.00260782 3.05495e-05 0.000191777 0.000394539 4.53336e-07 0.000232814 8.38936e-06 0.00219961 1.26973e-07 0.0850998 1.47947e-08 2.71905e-06 0.00197526 0.0490268 0.00011869 3.08027e-05 0.819004 0.000729758 0.000122742 3.72205e-06 0.00297785 0.000765481 
0.000214464 0.03297 0.0156829 3.73592e-05 7.119e-08 0.026784 0.0092761 0.000867598 0.000477813 1.27327e-05 1.50545e-05 0.000130565 0.000111381 0.00443289 1.15363e-05 0.102164 3.14146e-06 0.000176439 0.00157543 0.0378923 0.00095353 6.65779e-07 0.714251 0.00607791 0.0254879 0.00184804 0.010998 0.00754713 
0.00948218 0.0347893 0.00322441 0.00033747 0.00721525 0.119948 0.0185403 4.11268e-05 0.00303847 0.00788839 0.000109717 5.78184e-05 2.63e-05 0.0540062 0.000158827 0.0936992 2.736e-05 0.000388551 0.00723606 0.247489 0.00363027 1.57775e-06 0.278099 0.00235564 0.057735 3.53974e-05 0.0335059 0.0169336 
0.000687051 0.0157985 0.000187876 5.71661e-05 8.29905e-12 0.0111142 0.0237596 0.000320098 0.000735013 6.22993e-05 5.83564e-05 2.79945e-05 2.34689e-05 0.000842547 2.63495e-07 0.0596032 4.86689e-06 5.40464e-05 0.00725952 0.0293417 0.00147583 6.35771e-12 0.816723 0.00312628 0.0261321 3.76966e-06 0.001186 0.00141521 
1.13284e-08 0.00345532 1.27264e-11 3.07622e-08 1.82143e-11 3.64272e-07 3.62703e-07 4.42967e-07 0.000843708 1.01629e-07 3.22801e-08 2.60766e-07 3.34246e-12 0.00207431 1.47674e-11 0.0989108 5.40509e-08 1.89974e-07 0.00517375 1.37396e-06 0.00234992 1.39536e-11 0.885746 5.66165e-07 0.00144196 1.75389e-11 7.59264e-08 2.51334e-07 
0.000624486 0.181234 0.00487801 0.000272051 1.88642e-05 0.0592396 0.130609 0.00134355 0.0183218 0.0168198 6.38502e-05 6.75228e-05 0.00145377 0.0157478 0.0100691 0.134149 0.000190945 0.00170684 0.0074931 0.0901342 0.010911 4.46221e-07 0.186209 0.0215804 0.03172 0.000437301 0.0159869 0.0587175 
0.000493011 0.277473 3.79596e-08 1.57388e-05 5.50849e-08 0.0255082 0.00249428 1.24529e-10 0.000154673 3.43404e-05 1.35473e-07 1.15186e-07 1.42726e-05 0.0105717 2.69463e-05 0.0452313 1.18707e-08 3.99571e-05 0.00076482 0.180189 0.000498517 1.50249e-09 0.432532 9.17664e-05 6.29796e-06 0.00817421 0.0110386 0.00464748 
4.12921e-05 0.0209435 1.11205e-08 1.88809e-09 2.5667e-09 0.00124459 6.51659e-08 3.10742e-05 8.46132e-09 1.72739e-06 1.44973e-08 2.6675e-07 5.47995e-06 0.0028134 2.67153e-09 0.0580575 1.37364e-09 6.11613e-05 0.00176905 0.00610555 0.000662146 8.47063e-08 0.896166 9.34675e-06 0.0107988 4.256e-06 2.96645e-08 0.00128433 
0.000373505 0.00852356 0.000525404 7.74382e-05 1.88105e-08 0.0243003 0.00909741 0.000256807 0.000101169 6.48385e-05 2.85132e-05 5.11663e-05 2.90008e-05 0.000244514 2.52364e-06 0.0173481 1.5648e-06 2.36741e-09 0.000618063 6.14325e-08 3.79398e-05 4.25521e-10 0.902703 0.00300752 0.000903075 3.61571e-06 0.0308816 0.000819071 
0.0015847 0.0577129 2.03821e-05 0.000175353 1.12905e-07 0.0129868 0.0120656 0.000181262 0.000475884 0.000141707 0.0024165 6.21579e-06 1.99726e-05 0.0119517 9.85127e-07 0.160244 8.50191e-05 0.0538312 0.0386572 0.149539 0.00232014 6.8449e-07 0.269094 0.0234008 0.182315 6.82524e-06 0.000542582 0.0202243 
0.00233972 0.121698 7.09488e-05 8.22318e-06 0.00029473 0.0452056 0.185702 0.007044 0.00625976 0.000252799 0.00013908 0.00199532 0.000132639 0.0414952 0.00271335 0.113223 0.000188285 0.000297748 0.0179099 0.0898214 0.0134881 1.34776e-06 0.272855 0.0281369 0.0258354 0.0009337 0.00053745 0.0214204 
2.25241e-10 0.0374156 9.3702e-12 1.61667e-11 1.34109e-11 0.000211498 0.126713 4.55586e-08 0.00126026 0.000133469 9.7379e-05 1.51167e-11 6.66056e-09 0.00464173 2.64101e-08 0.074167 1.37183e-11 0.000398233 0.00639883 0.2526 0.00280255 1.98317e-08 0.478483 0.00994084 5.50041e-07 2.96171e-06 2.9245e-08 0.00473239 
0.00121848 0.0828485 1.11174e-05 2.0906e-05 0.00143212 0.00600797 0.0600662 0.00111305 0.00312347 4.75544e-05 7.84735e-06 3.89344e-05 0.000212221 0.00109133 4.84059e-06 0.0167861 0.000202694 6.75153e-05 0.112045 0.0416042 0.0283725 0.000177899 0.571837 0.00622189 0.0284533 1.72603e-05 0.00215094 0.0348195 
1.14708e-05 0.0194545 2.4671e-11 1.06795e-05 1.03052e-07 0.00869416 6.08371e-07 0.00149448 3.95886e-08 1.44184e-06 1.16745e-05 0.000143003 2.66626e-05 0.00098004 4.63713e-09 0.0797867 5.71743e-07 0.00116787 0.00146565 1.15405e-07 0.000357559 0.000214575 0.854011 0.00955935 0.0175812 1.58747e-06 5.71752e-07 0.00502432 
0.00398773 0.084478 0.00119092 5.46797e-05 0.000279945 0.0598811 0.0548152 0.000582187 0.0230198 0.0016974 0.00033907 0.000212294 0.00138486 0.171716 5.50586e-05 0.0629228 0.000365049 0.00306873 0.028816 0.0535916 0.00588056 3.65995e-05 0.394219 0.00562025 0.00781231 0.00535652 0.0128314 0.0157841 
0.00119136 0.0189797 2.55491e-05 0.000107116 3.35429e-05 0.0558018 0.00240998 0.0119494 0.0783534 1.94615e-05 3.08287e-05 0.000385732 9.93647e-05 0.0164191 1.6072e-06 0.276881 1.9876e-05 0.004123 0.00783033 0.0625075 0.000952733 0.000545183 0.290175 0.0569347 0.0943644 0.000917421 0.00189829 0.0170426 
0.00367338 0.0419004 0.00954637 3.28413e-05 0.00178056 0.0461494 0.0912769 0.00288776 0.0104804 0.00508227 0.00167266 0.00340692 0.00108059 0.238411 5.71388e-05 0.0470328 0.0114078 8.53351e-05 0.0188616 0.0664374 0.00572645 0.00062218 0.294145 0.00768003 0.0299222 0.011271 0.00795642 0.041413 
0.001278 0.0195418 0.000628657 0.000162464 7.92581e-06 0.0196667 0.144146 0.00246427 0.000367982 0.000956982 5.31297e-06 0.000100993 0.00149681 0.00175368 3.30432e-06 0.309213 0.000141636 0.000292635 0.00956114 0.0483888 0.00116568 3.88257e-09 0.354077 0.0191943 0.0406318 2.4605e-05 0.0109412 0.0137874 
0.00103786 0.0231326 0.00168236 8.84748e-05 1.98675e-11 0.0233504 0.0729531 8.95026e-05 0.000605171 0.000389034 0.000129506 2.7749e-05 3.48757e-05 0.00197669 1.50059e-07 0.0506223 6.68398e-06 6.08288e-05 0.00191839 0.0220544 0.00173648 3.80444e-09 0.782068 0.00402678 0.00636728 3.69261e-06 0.0049634 0.000674385 
7.46756e-06 0.154547 1.11137e-05 6.47125e-05 0.000315691 0.028557 0.0453131 0.0229221 0.00156882 6.44993e-05 0.00379684 0.000139846 3.28249e-05 0.0119516 5.15109e-07 0.183299 5.33338e-05 6.46944e-05 0.0031997 0.120897 0.000860437 1.59996e-08 0.294037 0.0845745 0.0101968 3.02454e-05 0.01507 0.018424 
0.00396683 0.0674535 0.00220097 0.000121791 2.11744e-06 0.0665868 0.0231598 0.00154822 0.00813637 0.000651735 0.000320988 0.000254828 0.00146338 0.00375704 6.83111e-06 0.255884 0.00195427 0.00330454 0.0117643 0.0375786 0.00566716 2.92921e-08 0.428468 0.0348001 0.00509276 2.03553e-05 0.0142983 0.0215365 
0.00190858 0.00823626 0.000527334 5.37745e-05 7.76128e-11 0.0236389 0.0032857 1.13048e-05 7.58719e-06 1.32708e-05 3.42223e-06 0.000526989 8.55421e-07 0.0025514 2.60499e-06 0.0225367 1.59819e-08 3.03218e-08 0.00065351 0.021405 0.00023942 1.22959e-07 0.886563 0.0206924 0.000379841 3.69223e-06 0.00193256 0.0048254 
5.89243e-05 0.0751609 1.08942e-08 0.00045968 0.0360929 0.019164 0.0360783 0.0475732 0.000740649 7.2045e-06 1.08738e-05 2.08165e-08 5.67818e-05 0.00976759 2.60444e-06 0.130653 3.16089e-06 2.57765e-08 0.00104186 0.10861 0.00612868 1.04862e-09 0.460846 0.0116656 0.0309225 4.61047e-05 0.0196205 0.00528894 
0.0103546 0.044287 0.000291515 0.000273746 0.000361452 0.0530343 0.275797 0.000763854 0.00382683 0.000327561 0.000157474 4.71098e-05 0.00304629 0.0152083 3.85262e-06 0.0513169 0.00158429 0.00628984 0.026148 0.0810128 0.00505034 1.95621e-07 0.371078 0.0143976 0.0115465 0.000160645 0.00992345 0.01371 
2.84616e-05 0.0107806 3.48984e-11 0.000116182 2.47302e-07 0.107506 0.0165424 0.00181423 0.000633208 4.50275e-08 4.19309e-08 0.00160962 1.08736e-05 1.44154e-07 1.11014e-08 0.214162 6.21816e-08 5.99067e-05 0.0015953 0.0252617 0.00712009 5.92376e-06 0.280015 0.0510475 0.00185884 4.80954e-11 0.0498183 0.230013 
0.000610627 0.129635 3.13916e-05 6.07204e-05 6.39398e-08 0.0372847 0.0332111 0.00655056 0.00322648 2.45454e-05 0.000463803 0.000411231 0.00488643 0.00618562 1.09078e-05 0.0575359 0.000118134 0.000232232 0.00315557 0.0234517 0.0104193 1.44947e-05 0.615579 0.015547 0.0276812 0.000190944 0.0116034 0.0118775 
0.00168458 0.034847 4.46517e-06 1.6173e-05 5.84548e-05 0.0131346 0.0389557 0.000902793 0.00152537 3.89089e-05 2.84432e-05 0.000235861 3.05222e-05 0.0167306 5.00031e-07 0.131326 0.000242049 0.00993104 0.0125684 0.141528 0.00585102 4.05561e-07 0.560105 0.00990629 0.00514266 1.91465e-05 0.00333041 0.0118546 
0.000687051 0.0157985 0.000187876 5.71661e-05 8.29905e-12 0.0111142 0.0237596 0.000320098 0.000735013 6.22993e-05 5.83564e-05 2.79945e-05 2.34689e-05 0.000842547 2.63495e-07 0.0596032 4.86689e-06 5.40464e-05 0.00725952 0.0293417 0.00147583 6.35771e-12 0.816723 0.00312628 0.0261321 3.76966e-06 0.001186 0.00141521 
0.015844 0.0778156 0.00012033 5.47331e-05 2.68103e-05 0.00831247 0.0480788 0.000323641 0.00613913 3.52599e-05 0.000127685 5.20491e-05 7.75094e-06 0.000609076 3.35582e-08 0.0656318 0.0012116 0.0346438 0.0181172 0.0920055 0.00657162 2.32693e-10 0.609714 0.0044709 0.000318619 8.34197e-05 0.000977346 0.00870682 
2.38637e-05 0.0421663 4.71726e-06 2.17996e-06 2.40656e-08 0.00408574 0.123595 0.000224227 0.000180294 6.14683e-05 2.8282e-05 1.09303e-08 1.79823e-05 0.000416933 5.06579e-07 0.0183493 5.11429e-06 2.8301e-05 0.000161833 0.0889018 0.000323369 2.51339e-08 0.706803 0.00289102 0.00418462 7.66681e-07 0.00222288 0.00532121 
0.00030751 0.0897817 6.51851e-05 1.48686e-05 0.00312758 0.0455752 0.0441859 0.0577132 0.000867355 6.67426e-05 2.23081e-05 4.72146e-05 4.00124e-05 0.00345931 4.12016e-07 0.0747761 2.82439e-05 0.000277005 0.0287997 0.116913 0.00171771 0.000407318 0.320151 0.0285885 0.143927 5.69728e-05 0.020491 0.0185925 
0.000449318 0.0158378 3.81004e-06 2.51314e-05 0.0126583 0.0132116 0.0426229 0.00251524 0.000311069 2.78878e-05 0.00900353 0.0022437 0.00049929 0.35105 5.22631e-06 0.0174684 0.000300222 0.000544833 0.00939692 0.0559824 0.0135116 1.02492e-05 0.40865 0.00333113 0.00630602 1.34895e-06 0.0161693 0.0178632 
0.027133 0.305601 8.70759e-06 2.91294e-05 9.14031e-06 0.0248169 0.00281258 0.00450942 9.70399e-05 0.00144683 2.71894e-05 0.000102883 9.96677e-05 0.0270673 4.23703e-06 0.00363458 7.8536e-05 2.76979e-05 0.00489957 0.0158757 0.00202236 7.74768e-08 0.43138 0.0226439 0.106548 0.000698807 0.000736794 0.0176892 
0.000701331 0.1265 0.000471602 4.20266e-05 1.59153e-05 0.0441763 0.0395102 0.00117034 0.00126984 0.00229251 8.56664e-05 9.68289e-05 0.000368112 0.0110673 1.32449e-05 0.125647 0.000129139 0.00180531 0.00821865 0.182142 0.0128809 4.97033e-09 0.3497 0.0212216 0.0331823 0.000923835 0.0108874 0.0254803 
0.00114055 0.0136308 0.000350466 9.63245e-05 3.82662e-12 0.012531 0.0377378 0.000167007 0.000129134 8.10689e-05 9.38162e-05 1.164e-05 4.37921e-05 0.000536292 4.88745e-07 0.0378277 4.9443e-06 4.81899e-05 0.0075543 0.0254256 0.000327829 2.93148e-12 0.821618 0.00292863 0.0348036 7.02353e-06 0.001402 0.0015021 
0.000317676 0.0726679 2.83833e-05 5.33309e-05 3.75232e-05 0.00633899 0.0974103 3.42791e-05 0.00124864 2.77368e-05 3.47115e-05 1.24335e-06 1.49196e-05 0.000311432 8.29189e-08 0.109746 1.26801e-05 0.0451265 0.000815012 0.139908 0.00084403 8.26109e-09 0.518806 0.00369475 9.4894e-05 3.9143e-05 0.000105576 0.00227896 
0.00255572 0.021787 0.0010201 0.000233072 0.00526986 0.0438044 0.103044 0.00838784 0.00077991 7.41445e-05 0.000801349 0.000405641 1.87069e-05 0.00435468 1.0304e-05 0.130006 1.92653e-05 2.86218e-06 0.0358931 0.0246551 0.000669449 0.000713045 0.281248 0.0613132 0.151349 1.77837e-06 0.0487428 0.072839 
0.00313363 0.0450109 0.000460251 0.000511988 0.00855946 0.0733666 0.0648653 0.000855032 0.00539579 0.00176626 0.000775101 0.000466783 9.72522e-06 0.111322 0.000869314 0.0707212 0.000220682 0.00135641 0.0164029 0.117262 0.0196217 8.55712e-05 0.240523 0.0384841 0.145454 0.00203154 0.0145265 0.0159425 
0.00877121 0.0511291 2.72275e-05 2.69902e-05 1.50857e-05 0.0573828 0.130534 2.47556e-05 0.00738441 2.75526e-05 0.00536862 0.001592 0.000137591 0.191016 2.05597e-08 0.085201 0.000566557 0.0044358 0.0154164 0.0140004 0.0123969 0.0717774 0.211525 0.00113531 0.0302689 0.000288873 0.000926965 0.0986239 
0.000677534 0.063252 4.03048e-05 1.12288e-05 5.063e-08 0.00965817 0.324166 0.000362592 0.00209939 0.000704844 0.0741307 2.30093e-08 0.00049997 0.00429486 1.61307e-05 0.00947245 3.66766e-06 0.00206344 0.00100549 0.0425242 0.000901424 1.95286e-08 0.42636 0.0191105 0.00597093 0.000204818 0.00224145 0.0102285 
0.000515625 0.0138616 0.00600432 5.67549e-05 1.4679e-07 0.140824 0.00378334 2.56956e-05 0.00272797 0.00103984 0.000342184 0.00091664 1.77236e-05 0.0189846 7.50155e-07 0.0696038 2.09347e-06 0.001685 0.00440306 0.11465 0.00175586 3.71175e-06 0.593874 0.010537 0.00158152 9.4363e-06 0.0104947 0.00229881 
0.00132355 0.0100744 0.000527414 0.000116716 1.32184e-07 0.0328193 0.00392481 0.0027035 8.18318e-05 3.47103e-05 7.72474e-05 1.70489e-05 4.55283e-05 0.000253493 6.03135e-07 0.0965806 1.51132e-06 0.00144347 0.00577105 0.0356402 0.000462725 3.08602e-11 0.76943 0.032927 0.00202449 3.56001e-05 0.00126812 0.00241514 
0.00114055 0.0136308 0.000350466 9.63245e-05 3.82662e-12 0.012531 0.0377378 0.000167007 0.000129134 8.10689e-05 9.38162e-05 1.164e-05 4.37921e-05 0.000536292 4.88745e-07 0.0378277 4.9443e-06 4.81899e-05 0.0075543 0.0254256 0.000327829 2.93148e-12 0.821618 0.00292863 0.0348036 7.02353e-06 0.001402 0.0015021 
0.00118061 0.104801 0.00131701 0.000251779 0.00053363 0.12996 0.0261048 0.00172649 0.0342867 3.03254e-05 1.29291e-05 3.30533e-05 1.11047e-05 0.00354446 2.97824e-06 0.132768 0.000266285 0.000126791 0.0228666 0.0997842 0.00334672 5.45187e-05 0.276722 0.0194982 0.0707402 1.46617e-05 0.0454981 0.0245175 
0.00108437 0.361351 1.58835e-05 5.06547e-05 1.60113e-07 0.002831 0.0194238 0.0451586 6.60657e-05 3.2378e-05 0.000349463 0.00143736 0.00012296 0.000457871 4.69855e-06 0.0671133 1.21305e-06 0.000344342 0.00839436 0.0546005 0.00943219 2.04774e-06 0.364944 0.0478467 0.011435 1.54176e-07 2.07081e-05 0.00347869 
0.00476703 0.0646773 0.00132754 0.00136127 0.000512371 0.169268 0.0295905 0.00499322 0.0288466 0.00172975 0.000742538 0.000918016 0.00336778 0.0388898 4.42328e-06 0.0892867 0.000374084 0.00291583 0.0140637 0.101222 0.00762458 0.000143882 0.370082 0.0117194 0.0154538 0.00183748 0.0195766 0.0147043 
1.38448e-05 0.122892 6.66853e-06 3.01731e-06 0.0015239 0.00627788 0.039842 0.00181856 0.000667259 0.00140666 0.00056475 1.85524e-05 7.86228e-06 0.00110052 6.03561e-07 0.0139524 3.83179e-06 2.36733e-06 0.00108612 0.00775636 0.00423558 5.92558e-06 0.396226 0.087617 0.258213 7.21677e-09 0.0127514 0.0420061 
0.0605889 0.00394354 0.0749925 4.80378e-05 5.73372e-05 0.0265764 0.0838008 0.00123284 0.00639151 5.68997e-05 1.39599e-05 1.06236e-05 0.157948 0.011059 1.26138e-05 0.000551509 3.95325e-05 0.00103981 0.00215239 0.00322376 0.00561999 5.17158e-06 0.532885 0.022472 0.000305628 0.000324405 3.58086e-05 0.00461171 
1.13284e-08 0.00345532 1.27264e-11 3.07622e-08 1.82143e-11 3.64272e-07 3.62703e-07 4.42967e-07 0.000843708 1.01629e-07 3.22801e-08 2.60766e-07 3.34246e-12 0.00207431 1.47674e-11 0.0989108 5.40509e-08 1.89974e-07 0.00517375 1.37396e-06 0.00234992 1.39536e-11 0.885746 5.66165e-07 0.00144196 1.75389e-11 7.59264e-08 2.51334e-07 
8.34974e-07 0.144671 2.53052e-05 2.90651e-07 1.80099e-10 0.00483567 0.00120884 0.0353601 1.42322e-06 0.000124644 2.23928e-07 0.000208844 0.00523944 0.0120041 4.02259e-07 0.249215 0.184922 0.00115996 0.0127256 0.0259521 0.00494245 0.000419659 0.303788 0.00424851 0.00375953 1.87586e-06 3.27582e-08 0.00518407 
5.27235e-05 0.0422019 0.000601845 0.00124313 0.00426428 0.0976729 0.00192954 0.000822841 6.00631e-08 0.000131764 5.4485e-08 0.000211101 7.76151e-05 0.0202997 9.26293e-08 0.00384392 7.84936e-06 4.04038e-05 3.23442e-08 0.0134023 0.000345048 1.68e-08 0.632997 0.000659871 0.0126097 0.0778809 0.0867322 0.00197128 
1.14708e-05 0.0194545 2.4671e-11 1.06795e-05 1.03052e-07 0.00869416 6.08371e-07 0.00149448 3.95886e-08 1.44184e-06 1.16745e-05 0.000143003 2.66626e-05 0.00098004 4.63713e-09 0.0797867 5.71743e-07 0.00116787 0.00146565 1.15405e-07 0.000357559 0.000214575 0.854011 0.00955935 0.0175812 1.58747e-06 5.71752e-07 0.00502432 
0.0103508 0.0206768 1.18165e-07 4.30189e-05 7.08201e-08 0.0352187 0.0222002 0.00142177 4.53444e-05 0.000710057 4.11507e-05 8.64967e-05 0.000202712 0.242784 0.000157844 0.0601963 9.04377e-06 0.000340378 0.00477672 0.207253 0.000482326 1.8411e-09 0.367274 0.00514826 0.0100332 0.00718772 0.00014686 0.0032125 
