0.00142116 0.132572 2.81534e-05 9.95603e-05 1.13351e-05 0.0255316 0.195443 7.36344e-05 0.00147696 0.000108347 2.53735e-05 3.25565e-06 2.93689e-05 0.0234671 1.43085e-05 0.022145 5.67744e-06 0.00116427 0.00434092 0.255544 0.00139295 8.30249e-08 0.306873 0.0106587 0.00683182 0.000464099 6.66637e-05 0.0102081 
0.000267856 0.0182544 2.24903e-08 0.000245554 2.74311e-09 0.00501441 0.00142196 1.22589e-08 8.2617e-09 5.98179e-05 4.56777e-12 2.41839e-07 1.42655e-05 0.0100613 2.61065e-08 0.00705654 1.15475e-08 1.13495e-07 9.61116e-05 0.0140058 9.21402e-05 5.728e-12 0.834892 0.000103011 0.105225 0.000231873 0.00205602 0.000901795 
3.16564e-05 0.0392442 0.000361171 0.000746103 0.00255909 0.0616139 0.00238958 0.000493985 0.000435058 7.90929e-05 4.51557e-05 0.000126749 4.65913e-05 0.0243392 9.39138e-08 0.0129962 4.72544e-06 2.42653e-05 0.0017412 0.0269449 0.00182241 1.92154e-08 0.710883 0.003646 0.007566 0.047004 0.0520398 0.00281633 
0.000687051 0.0157985 0.000187876 5.71661e-05 8.29905e-12 0.0111142 0.0237596 0.000320098 0.000735013 6.22993e-05 5.83564e-05 2.79945e-05 2.34689e-05 0.000842547 2.63495e-07 0.0596032 4.86689e-06 5.40464e-05 0.00725952 0.0293417 0.00147583 6.35771e-12 0.816723 0.00312628 0.0261321 3.76966e-06 0.001186 0.00141521 
1.38448e-05 0.122892 6.66853e-06 3.01731e-06 0.0015239 0.00627788 0.039842 0.00181856 0.000667259 0.00140666 0.00056475 1.85524e-05 7.86228e-06 0.00110052 6.03561e-07 0.0139524 3.83179e-06 2.36733e-06 0.00108612 0.00775636 0.00423558 5.92558e-06 0.396226 0.087617 0.258213 7.21677e-09 0.0127514 0.0420061 
0.000514046 0.0434719 1.89728e-06 0.000344034 0.000857629 0.0235652 0.043201 0.001103 0.00245558 9.16724e-06 1.09727e-08 0.000539359 0.000227918 0.0445284 0.000218703 0.0922257 6.61797e-06 0.000101322 0.00601872 0.0236638 0.00380552 5.22912e-05 0.464461 0.0218242 0.163634 3.11514e-05 0.0130204 0.0501176 
6.76591e-05 0.114199 2.1123e-06 1.48348e-05 9.67063e-07 0.0074489 0.0337908 7.8277e-06 0.000882143 9.43439e-06 0.000142091 2.67402e-05 0.0954953 0.00186682 9.50056e-05 0.131764 3.77266e-06 8.0337e-05 0.00922087 0.169439 0.0540386 6.81741e-05 0.311161 0.0162294 7.92187e-05 0.00023795 5.30812e-05 0.0535742 
0.00114055 0.0136308 0.000350466 9.63245e-05 3.82662e-12 0.012531 0.0377378 0.000167007 0.000129134 8.10689e-05 9.38162e-05 1.164e-05 4.37921e-05 0.000536292 4.88745e-07 0.0378277 4.9443e-06 4.81899e-05 0.0075543 0.0254256 0.000327829 2.93148e-12 0.821618 0.00292863 0.0348036 7.02353e-06 0.001402 0.0015021 
0.000794374 0.0225054 1.53799e-06 0.000280758 2.8244e-05 0.235081 0.0144268 0.000547327 0.0114141 0.000131031 0.00116885 2.06741e-05 2.26661e-05 0.0262334 1.25416e-06 0.0811593 1.58938e-06 0.00136437 0.000946827 0.227104 0.000407527 7.78667e-06 0.29378 0.00484512 0.0237092 5.88666e-05 0.0518876 0.00207054 
0.000373505 0.00852356 0.000525404 7.74382e-05 1.88105e-08 0.0243003 0.00909741 0.000256807 0.000101169 6.48385e-05 2.85132e-05 5.11663e-05 2.90008e-05 0.000244514 2.52364e-06 0.0173481 1.5648e-06 2.36741e-09 0.000618063 6.14325e-08 3.79398e-05 4.25521e-10 0.902703 0.00300752 0.000903075 3.61571e-06 0.0308816 0.000819071 
2.14126e-05 0.0510531 0.000240789 0.000497342 0.00170618 0.0419161 0.0580452 0.00214225 0.000136849 0.000389099 3.20677e-05 8.44759e-05 4.71146e-05 0.0135771 2.04138e-05 0.0141134 3.15109e-06 0.000273318 0.000120461 0.130822 0.000499403 9.57385e-07 0.585618 0.00162249 0.0245427 0.0319512 0.0371981 0.00332567 
0.00540874 0.0743911 0.000618902 0.000155702 0.00869634 0.0708355 0.0138733 0.119897 0.0042429 0.00021346 0.00219329 0.00351458 0.000321074 0.0311907 3.10966e-05 0.125475 0.00373526 0.000564024 0.022457 0.0698831 0.00727203 0.000285271 0.261419 0.0314239 0.112163 0.000395746 0.0116262 0.0177167 
0.000736513 0.00422551 0.00175106 0.000178053 7.13457e-13 0.0417904 0.00132507 2.24046e-05 6.74e-05 6.76831e-05 2.10252e-05 5.17022e-05 1.37955e-05 0.000815008 1.646e-06 0.0132484 2.00297e-09 3.81064e-09 0.00122081 9.89007e-08 5.35653e-09 5.46563e-13 0.929749 0.000731619 0.000140202 1.20413e-05 0.00334647 0.000484472 
0.00128145 0.0386613 0.000180409 0.000212389 0.00865626 0.0418633 0.0238939 0.00929727 0.00104928 5.61709e-05 4.07038e-05 0.000146424 3.9921e-05 0.0243486 1.3422e-06 0.151942 3.48545e-05 0.000749328 0.003647 0.0576697 0.00540193 5.0135e-06 0.581908 0.0073281 0.0221331 5.946e-05 0.0139818 0.00541094 
0.000168644 0.0348541 4.18454e-11 3.47039e-06 0.00281994 0.00852407 0.0467539 0.000595204 0.00191696 1.68921e-05 0.000501634 8.0704e-07 6.33001e-05 0.000858801 3.46191e-08 0.227557 5.52619e-05 0.000167376 0.00794243 0.190027 0.00413998 4.58805e-11 0.449722 0.00442327 0.0142097 1.40406e-05 5.53058e-05 0.00460847 
0.0161528 0.0296836 0.000517602 2.44403e-05 1.95271e-11 0.0416506 0.00190494 6.32447e-05 0.00212766 9.37128e-06 4.73797e-05 0.000136556 3.28539e-07 0.00524839 5.44779e-07 0.0405957 6.75453e-07 5.8227e-06 0.0263817 0.389991 0.00438999 1.49592e-11 0.404251 0.00240225 2.10393e-05 4.61774e-05 0.0343192 2.72534e-05 
0.000687051 0.0157985 0.000187876 5.71661e-05 8.29905e-12 0.0111142 0.0237596 0.000320098 0.000735013 6.22993e-05 5.83564e-05 2.79945e-05 2.34689e-05 0.000842547 2.63495e-07 0.0596032 4.86689e-06 5.40464e-05 0.00725952 0.0293417 0.00147583 6.35771e-12 0.816723 0.00312628 0.0261321 3.76966e-06 0.001186 0.00141521 
0.000687051 0.0157985 0.000187876 5.71661e-05 8.29905e-12 0.0111142 0.0237596 0.000320098 0.000735013 6.22993e-05 5.83564e-05 2.79945e-05 2.34689e-05 0.000842547 2.63495e-07 0.0596032 4.86689e-06 5.40464e-05 0.00725952 0.0293417 0.00147583 6.35771e-12 0.816723 0.00312628 0.0261321 3.76966e-06 0.001186 0.00141521 
0.000641887 0.0854248 0.000678758 3.50876e-05 3.72789e-06 0.0152192 0.00384284 0.00587906 0.051739 0.000117121 2.35636e-05 6.31634e-06 1.65316e-06 0.0995162 2.00308e-07 0.0122612 1.50552e-06 0.0210424 0.000263296 0.0688357 0.00176451 3.10266e-06 0.631777 0.00050221 8.09454e-05 7.50648e-06 0.000207429 0.000123365 
0.00138437 0.0334589 1.24714e-08 2.10847e-09 3.22851e-12 0.00737015 0.00669789 4.08933e-11 3.25685e-05 0.000211308 8.04716e-09 3.63916e-12 3.94428e-06 0.0224538 3.02039e-06 0.0944249 1.11815e-08 0.000603982 0.000671946 0.32211 0.000453752 2.47328e-12 0.506457 0.00135727 0.000944936 9.80941e-09 3.32826e-08 0.00136061 
0.00162334 0.0186983 0.00657553 2.26794e-05 1.72086e-07 0.0291704 0.0172596 0.00114348 0.000276932 2.20029e-05 0.000215148 0.000110884 0.00032538 0.119329 0.000368801 0.0183841 4.72854e-06 0.00012031 0.00175967 0.0295014 0.000320437 8.6588e-07 0.681201 0.00531957 0.0324794 0.0237664 0.00383849 0.00816238 
0.00111605 0.0263266 0.000164042 4.3084e-05 1.51161e-12 0.0093857 0.066583 0.000167266 0.000188203 9.54029e-05 7.25948e-05 8.45791e-07 3.40569e-05 0.000833933 4.45016e-07 0.0648918 4.93367e-06 6.75307e-05 0.00988813 0.0906513 0.000576613 5.88936e-09 0.676599 0.0119516 0.0350252 6.77655e-06 0.00282555 0.00250059 
0.000310613 0.0160938 0.000715831 2.80055e-05 0.000460044 0.0489357 0.0124054 0.00231866 0.000102271 0.000372429 1.03201e-05 5.93861e-05 6.46158e-05 0.0231755 8.10732e-05 0.0735052 2.226e-05 1.79722e-05 0.0049158 0.0239034 0.000929132 4.8608e-09 0.703836 0.00607197 0.0453793 1.36358e-06 0.012828 0.0234556 
0.000233636 0.0165958 0.0196145 3.58002e-05 5.8845e-06 0.0338946 0.00499623 0.000554659 0.000349871 1.96345e-05 7.22541e-06 5.42405e-05 0.0463742 0.00660962 0.000420852 0.0367027 3.15909e-05 0.000133524 0.00153649 0.0788978 0.00140615 8.13294e-06 0.690684 0.00494787 0.0190089 0.00708592 0.0198128 0.00997747 
0.000610147 0.277057 0.000610144 7.3379e-05 1.1017e-05 0.0377093 0.00579489 0.000259911 0.0748263 0.000203603 8.3405e-05 3.69265e-05 0.00228084 0.038462 1.57255e-07 0.0349118 7.79971e-06 0.0287551 0.00187543 0.102517 0.0042437 2.29589e-05 0.381868 0.00208164 0.00036463 2.31123e-05 0.00385526 0.00145432 
0.030035 0.013074 0.154702 5.78553e-05 5.06373e-06 0.0249516 0.106273 0.00198933 0.00139672 5.34943e-05 1.70349e-07 6.702e-06 0.270534 0.00195591 3.60873e-05 0.00116013 0.000141611 0.00218089 0.00168474 0.00429287 0.00283145 2.11538e-06 0.320092 0.0536934 0.00380942 0.000272602 0.000539827 0.00422885 
0.0002368 0.00714627 0.0116533 8.21744e-05 1.6895e-07 0.019906 0.00352229 3.01546e-05 0.000254025 0.000768855 1.83241e-05 5.65725e-05 2.73619e-05 0.0253994 3.05679e-07 0.0674098 4.59183e-06 0.000972487 0.00133754 0.199067 0.000319459 2.13799e-07 0.516459 0.000333265 0.0487129 1.60532e-05 0.0171145 0.0791511 
0.00114055 0.0136308 0.000350466 9.63245e-05 3.82662e-12 0.012531 0.0377378 0.000167007 0.000129134 8.10689e-05 9.38162e-05 1.164e-05 4.37921e-05 0.000536292 4.88745e-07 0.0378277 4.9443e-06 4.81899e-05 0.0075543 0.0254256 0.000327829 2.93148e-12 0.821618 0.00292863 0.0348036 7.02353e-06 0.001402 0.0015021 
3.55381e-05 0.0227373 1.69625e-07 0.000517362 0.000228936 0.0156441 0.0320962 0.00107811 0.000812073 0.000808824 4.43636e-06 9.7705e-05 4.98052e-05 0.00158226 1.10222e-06 0.0763036 5.27884e-06 1.25677e-05 0.00235564 0.0027086 0.000836395 1.75279e-05 0.685446 0.0295366 0.0955605 2.00528e-05 0.0198812 0.0116223 
0.000218849 0.032522 0.000445492 0.000135603 6.30547e-08 0.0186229 0.0218927 0.00264187 0.000506381 0.000123579 0.000160038 7.69181e-05 1.82659e-05 0.00383187 1.34908e-05 0.141481 2.80985e-06 0.00395101 0.00262176 0.133073 0.0016083 0.000152752 0.296811 0.0504763 0.237245 9.64573e-05 0.0281146 0.023156 
0.0148838 0.0177184 0.00516662 0.00108687 0.000277815 0.12775 0.0056701 0.00240531 0.00438417 0.000160406 0.000586848 8.05825e-05 0.000146914 0.0923388 6.59283e-06 0.0669793 8.15289e-09 2.77887e-05 0.0122864 0.250104 0.00697862 2.41613e-07 0.324545 0.008733 0.00309842 0.000130416 0.0504501 0.00400379 
0.000163311 0.270815 0.000974376 1.3398e-06 5.66408e-06 0.0264778 0.0114411 1.68573e-05 0.000205012 2.01828e-05 7.506e-06 2.95853e-05 5.82889e-07 0.0147445 6.51175e-05 0.0429632 1.42629e-09 6.92695e-06 0.0235819 0.255158 0.0603484 5.07748e-08 0.277561 0.00892006 0.000386172 1.52099e-05 0.00570594 0.000385664 
0.0155658 0.0512447 0.0015047 4.00218e-05 2.87691e-05 0.0380604 0.0545189 0.000484413 0.000107683 0.000408777 0.000252956 2.53169e-05 0.0032593 0.000350167 1.02229e-05 0.165136 0.000212326 2.86072e-05 0.0109763 0.0117197 3.95205e-05 6.39177e-08 0.29491 0.0119408 0.113198 3.14296e-05 0.143896 0.0820488 
0.000373505 0.00852356 0.000525404 7.74382e-05 1.88105e-08 0.0243003 0.00909741 0.000256807 0.000101169 6.48385e-05 2.85132e-05 5.11663e-05 2.90008e-05 0.000244514 2.52364e-06 0.0173481 1.5648e-06 2.36741e-09 0.000618063 6.14325e-08 3.79398e-05 4.25521e-10 0.902703 0.00300752 0.000903075 3.61571e-06 0.0308816 0.000819071 
0.0111539 0.0151688 0.00407382 2.58447e-05 0.000402668 0.00764685 0.0187624 0.0131932 0.0019648 8.31677e-05 1.00062e-05 4.4234e-05 0.000210567 0.00898912 0.000532241 0.138749 3.37332e-06 0.000266475 0.287298 0.0556986 0.0173468 0.000855344 0.312307 0.0058893 0.0145388 0.0131719 0.00280467 0.068809 
0.00114055 0.0136308 0.000350466 9.63245e-05 3.82662e-12 0.012531 0.0377378 0.000167007 0.000129134 8.10689e-05 9.38162e-05 1.164e-05 4.37921e-05 0.000536292 4.88745e-07 0.0378277 4.9443e-06 4.81899e-05 0.0075543 0.0254256 0.000327829 2.93148e-12 0.821618 0.00292863 0.0348036 7.02353e-06 0.001402 0.0015021 
4.46866e-05 0.0786256 1.11123e-05 2.32241e-05 5.9155e-05 0.00634367 0.14126 0.00575145 0.000374379 4.92554e-06 0.008578 0.000499911 4.93096e-05 0.00568239 3.48394e-07 0.146855 5.11429e-06 2.06992e-08 0.0343024 0.0476876 0.0025301 1.93774e-09 0.383994 0.098203 0.0124454 1.02237e-05 0.00165454 0.025005 
0.0055241 0.110175 0.0018545 0.000498561 0.000509504 0.0693873 0.0370005 0.00757909 0.0179129 0.0013263 0.000730779 0.00174774 0.00147852 0.0439014 4.20923e-05 0.151586 0.000833104 0.00221081 0.0300652 0.124063 0.0365791 6.53328e-05 0.212617 0.0314976 0.0339737 0.000948825 0.0131978 0.0626939 
0.0265459 0.0355747 0.000307068 0.000624958 1.83238e-08 0.108632 0.012034 3.72173e-05 0.000934602 3.0136e-05 0.000426475 0.00492961 0.000176621 0.0295917 1.00216e-05 0.299578 7.20978e-07 0.000713291 0.00564005 0.0368345 0.00620079 0.000327408 0.38048 0.00446836 0.00830406 3.41124e-05 0.0147767 0.022787 
0.00436436 0.0264961 0.00534953 8.56667e-05 1.95653e-08 0.0658503 0.15437 0.000852454 0.000121255 0.0140304 2.0267e-05 0.000444611 0.00302971 0.000782276 6.14957e-07 0.126621 0.00172624 0.000441949 0.0121571 0.025333 0.00349364 1.21292e-08 0.415897 0.00608762 0.0846226 0.00144819 0.00357071 0.042803 
0.0660332 0.00209806 1.91858e-08 2.50806e-10 2.08052e-10 0.305605 0.0296448 1.21582e-06 0.00361688 0.00117582 0.000787746 0.00693539 5.86685e-08 0.0171556 3.6992e-08 0.00641369 7.44006e-07 1.63143e-10 0.00445008 0.127604 0.0616693 1.59384e-10 0.3561 0.00773378 3.95992e-07 0.0029736 6.93339e-08 6.03864e-07 
0.000874349 0.14694 0.000103188 0.00107257 3.53412e-07 0.0637909 0.014417 0.000360047 0.0453174 0.000791055 0.0358486 0.000405613 0.000944872 0.00117679 4.16958e-05 0.000124669 1.44277e-05 2.77126e-07 0.000159764 2.16598e-08 0.000702022 2.7074e-07 0.673239 0.000740005 0.0106063 0.000868163 0.000195355 0.00126519 
0.00454634 0.0748006 1.15737e-06 0.00364588 1.74651e-05 0.0369531 0.102309 0.00182394 0.00210778 0.000306792 0.00125121 0.0510069 0.000127794 0.00883532 5.66024e-07 0.108132 2.43234e-05 0.000208391 0.0193452 0.0871184 0.0101551 8.55332e-06 0.392104 0.0282802 0.0013761 3.59643e-05 0.0424561 0.0230208 
0.00149619 0.0132726 0.00133955 5.56756e-05 1.92033e-08 0.0138337 0.0426793 0.000242372 0.000439744 0.000111515 1.907e-05 1.99127e-05 2.0441e-05 0.000424492 4.83218e-06 0.0295708 1.3016e-05 4.05302e-05 0.00305324 0.00580586 0.00198056 4.38578e-10 0.862702 0.0022154 0.00177826 1.9796e-05 0.0153418 0.00351925 
2.08485e-05 0.122057 0.000153085 4.36788e-05 0.000232983 0.0238604 0.00118075 0.00180707 0.00142372 1.16785e-05 9.94331e-06 3.74874e-05 0.00114967 0.0105065 1.69338e-05 0.0234208 0.000700851 0.000678694 0.0627097 0.00783244 0.0207876 2.28408e-06 0.715342 0.00277472 0.00100648 3.70842e-06 0.00202608 0.000203043 
9.16626e-05 0.223313 0.00160822 2.60361e-06 2.4488e-05 0.0329586 0.000958333 0.00865901 0.00107802 0.00011644 4.9521e-08 8.48623e-08 3.1753e-06 0.0195493 0.000178961 0.0230457 2.88913e-05 0.000153815 0.00152887 0.248522 0.00122498 9.01695e-06 0.40905 0.00292238 0.00865996 0.000826867 0.00199437 0.0134911 
0.000125437 0.139606 0.000553364 3.37111e-05 0.000103915 0.0829656 0.0285666 0.0248106 0.00113931 0.000593835 6.66917e-06 9.99257e-06 0.000111252 0.019471 6.41781e-05 0.0801882 0.000101345 0.000630141 0.017588 0.0975443 0.00479723 0.00814252 0.27883 0.0446807 0.128566 3.3015e-06 0.00692545 0.0338421 
0.00190858 0.00823626 0.000527334 5.37745e-05 7.76128e-11 0.0236389 0.0032857 1.13048e-05 7.58719e-06 1.32708e-05 3.42223e-06 0.000526989 8.55421e-07 0.0025514 2.60499e-06 0.0225367 1.59819e-08 3.03218e-08 0.00065351 0.021405 0.00023942 1.22959e-07 0.886563 0.0206924 0.000379841 3.69223e-06 0.00193256 0.0048254 
0.00040531 0.144351 0.000508259 1.77953e-05 0.0113893 0.0462869 0.0657438 0.00174015 0.00318156 3.76136e-05 2.36864e-05 7.59067e-05 0.000195534 0.000966078 2.82027e-06 0.0736278 5.0303e-06 0.000957426 0.00739405 0.0413207 0.00457214 9.29893e-05 0.496534 0.0239074 0.0524859 0.000116276 0.00332925 0.0207309 
1.11516e-06 0.0472701 2.84868e-10 7.91354e-06 4.07711e-10 1.73846e-06 2.32295e-06 4.97443e-06 3.2481e-06 7.79266e-07 2.49072e-10 4.59571e-10 2.46973e-07 8.24118e-07 1.12422e-06 2.94605e-05 4.17057e-10 2.65386e-06 1.24393e-06 0.264412 8.40734e-11 3.12338e-10 0.674161 3.28684e-06 0.0140919 3.92593e-10 1.50916e-06 2.42834e-06 
0.000987482 0.0597917 0.000128288 0.000222472 0.00684929 0.0377071 0.083164 0.00510766 0.00791133 3.82652e-05 0.097483 7.50221e-05 0.000328036 0.0194854 1.49062e-05 0.09864 4.63173e-06 0.000141464 0.00654746 0.0862593 0.00641519 0.000210715 0.381416 0.0147047 0.0424935 0.000188271 0.0307375 0.0129475 
4.23497e-05 0.0430021 2.54106e-09 6.21888e-06 3.69269e-11 0.0021333 0.0827468 0.00100047 0.000190365 3.64037e-05 0.000110555 3.36828e-09 0.000101259 5.91928e-05 8.06618e-08 0.204368 9.85341e-05 2.57241e-05 0.0184286 0.208463 0.0062624 2.82888e-11 0.323824 0.0341436 0.045783 5.29807e-07 7.3826e-06 0.0291663 
0.000687051 0.0157985 0.000187876 5.71661e-05 8.29905e-12 0.0111142 0.0237596 0.000320098 0.000735013 6.22993e-05 5.83564e-05 2.79945e-05 2.34689e-05 0.000842547 2.63495e-07 0.0596032 4.86689e-06 5.40464e-05 0.00725952 0.0293417 0.00147583 6.35771e-12 0.816723 0.00312628 0.0261321 3.76966e-06 0.001186 0.00141521 
2.36297e-05 0.027762 4.73075e-06 2.1912e-06 5.5632e-08 0.00435181 0.128345 0.000224326 3.60435e-05 3.6634e-05 1.64209e-05 2.52701e-08 5.27456e-05 0.00109472 5.10648e-07 0.0133578 5.13264e-06 1.89648e-06 0.000658185 0.0248686 0.000200738 1.26379e-09 0.786539 0.00341493 0.0041848 8.45696e-09 0.00244823 0.00236934 
0.00548338 0.127591 0.00251117 4.96888e-05 4.69136e-11 0.0875125 0.0060886 1.24278e-10 0.00460963 0.000527461 7.27458e-05 3.25388e-08 1.88265e-05 0.00950483 1.34376e-06 0.196664 1.94484e-08 6.93504e-05 0.0017476 0.170068 0.00277649 3.59394e-11 0.324468 0.00191841 0.052616 8.13925e-05 0.00205466 0.00356483 
0.0200164 0.0389722 1.83959e-05 2.23406e-05 9.73472e-06 0.0248979 0.181912 0.0395371 0.000752002 0.000342608 2.85721e-05 0.0113177 0.0013696 0.00622803 2.75355e-05 0.0851526 0.0021525 0.000524344 0.00921405 0.00990736 0.002994 3.68291e-06 0.49568 0.00839297 0.0299184 0.000354537 0.00437424 0.0258799 
2.96995e-06 0.000748903 2.69228e-09 6.40681e-06 1.01174e-05 0.0169392 7.15093e-10 6.86037e-06 0.0158663 1.3958e-05 0.103503 2.6657e-05 5.50605e-07 0.0588953 0.00286457 0.0123246 3.94158e-09 5.73058e-06 1.17124e-05 0.149575 0.039587 2.95189e-09 0.450828 5.01128e-06 0.00681342 2.61868e-06 1.87078e-07 0.141963 
0.000363611 0.048238 3.49711e-06 0.000142271 2.01829e-06 0.0252203 0.00048105 0.00136361 0.000304846 1.04681e-05 1.0014e-08 3.49372e-06 7.78049e-06 0.0206808 2.39275e-05 0.184609 2.61906e-05 3.77452e-05 1.88064e-05 0.0616559 0.0281586 1.46395e-06 0.527766 0.000359273 0.0958922 0.00220416 0.000104498 0.00232099 
0.000877929 0.0260824 5.44e-06 5.74144e-05 0.00240803 0.0261583 0.0378557 0.00962598 0.000670589 0.000237151 0.000183744 0.00640343 0.00471643 0.00619744 6.44562e-05 0.117237 8.02589e-05 0.000801395 0.0073116 0.14215 0.00736481 0.000406128 0.308527 0.187251 0.0550492 2.69021e-05 0.0135885 0.0386617 
0.00051471 0.0369008 2.43151e-07 1.32053e-06 1.05251e-07 0.019958 0.0115502 4.23885e-05 0.00014796 7.6172e-05 4.58667e-05 1.9153e-08 1.80753e-05 0.00226577 2.2702e-06 0.0918205 2.21425e-06 0.00069159 0.00133964 0.0278413 0.000570919 2.4123e-08 0.617401 0.000670316 0.157082 4.38995e-05 0.0101242 0.0208884 
1.13737e-06 0.170472 1.13675e-06 1.13564e-06 1.13609e-06 0.00352943 0.0547327 1.13738e-06 1.13765e-06 0.00102408 1.13694e-06 1.13581e-06 0.00239067 1.13797e-06 1.13651e-06 0.113581 0.00431809 1.13656e-06 0.0427861 0.223988 1.13783e-06 1.1366e-06 0.296674 0.0695287 1.1379e-06 1.13617e-06 1.13803e-06 0.0169581 
0.00024798 0.00813528 0.000525439 7.74465e-05 2.34867e-08 0.024837 0.0196762 0.000256821 0.000115594 5.35043e-05 1.83459e-05 5.11723e-05 1.62315e-05 0.000244519 1.19053e-06 0.0206146 1.56624e-06 2.86617e-09 0.00151602 0.0189553 1.30572e-05 2.08684e-06 0.859983 0.0116706 0.000903088 3.61743e-06 0.0308817 0.00119825 
9.08495e-07 0.000733842 2.0417e-10 0.00097196 0.0248739 0.0759007 0.033292 0.000768029 9.55359e-05 1.45143e-05 1.78514e-10 4.70339e-06 0.000761635 0.15572 6.93545e-06 0.10353 4.48798e-07 1.30892e-06 6.12969e-07 0.138391 5.04619e-07 2.23857e-10 0.267319 0.00125087 0.17396 0.0011341 0.00712707 0.0141398 
2.36297e-05 0.027762 4.73075e-06 2.1912e-06 5.5632e-08 0.00435181 0.128345 0.000224326 3.60435e-05 3.6634e-05 1.64209e-05 2.52701e-08 5.27456e-05 0.00109472 5.10648e-07 0.0133578 5.13264e-06 1.89648e-06 0.000658185 0.0248686 0.000200738 1.26379e-09 0.786539 0.00341493 0.0041848 8.45696e-09 0.00244823 0.00236934 
0.0058819 0.021601 0.0585689 9.70781e-05 2.09051e-05 0.033259 0.05874 0.00131574 0.000260454 0.0005423 1.15672e-05 9.91447e-05 0.0113611 0.00866756 9.32123e-05 0.0462216 0.000579876 0.000410368 0.00619108 0.0369617 0.000179127 5.58575e-10 0.565431 0.0033657 0.0787302 0.0159069 0.0251755 0.0203272 
0.000373505 0.00852356 0.000525404 7.74382e-05 1.88105e-08 0.0243003 0.00909741 0.000256807 0.000101169 6.48385e-05 2.85132e-05 5.11663e-05 2.90008e-05 0.000244514 2.52364e-06 0.0173481 1.5648e-06 2.36741e-09 0.000618063 6.14325e-08 3.79398e-05 4.25521e-10 0.902703 0.00300752 0.000903075 3.61571e-06 0.0308816 0.000819071 
0.000655318 0.130631 2.15005e-05 0.00169263 0.00105787 0.0244736 0.137397 0.0002995 0.0010458 4.97307e-05 4.31657e-05 8.21495e-06 4.00252e-05 0.0100795 5.36175e-07 0.0492834 1.54865e-05 2.83559e-05 0.00195553 0.298426 0.00280418 6.59534e-10 0.333952 0.00220161 0.00179593 0.000128022 0.00125117 0.000662288 
0.000919222 0.0138974 4.7457e-07 7.83788e-06 1.75421e-05 0.0334903 0.012141 0.00106829 9.47049e-08 0.000241719 0.000125023 0.000102742 0.000196668 0.086084 2.29357e-05 0.0569926 4.54472e-07 0.000835246 0.00104729 0.00163514 0.000255667 0.000153735 0.760349 0.00683002 0.0191991 0.000795807 1.36711e-06 0.00358942 
0.000647063 0.0131358 5.0877e-06 4.27386e-06 0.000273358 0.0022812 0.00621495 0.00366381 0.000463154 0.000107072 0.00150789 3.06609e-06 2.11898e-06 0.160836 0.000275164 0.0230496 6.71487e-06 0.00175518 0.00598348 0.0478249 0.0354838 5.48726e-06 0.611351 0.00258364 0.0354558 0.000668538 1.10745e-05 0.0464004 
0.0664503 0.0969613 0.000652014 0.000419063 0.000179905 0.0570369 0.167119 0.000769054 0.00165433 0.00139731 0.000546061 0.000873101 0.0199612 0.0232576 0.000120462 0.0404363 0.000131185 0.000644365 0.0192185 0.205239 0.00486894 6.15642e-09 0.227905 0.008123 0.00809396 0.00388701 0.0192127 0.0248431 
0.00169584 0.136012 0.00441825 0.000238092 1.1138e-05 0.080487 0.015344 0.000229658 0.00864479 1.78039e-05 1.63794e-05 0.00217087 1.12915e-05 0.00354981 4.00442e-06 0.0498862 0.00194668 0.000191775 0.00344303 0.0916469 0.00216411 0.000124458 0.570472 0.00302046 0.00259235 6.02634e-05 0.016065 0.00553558 
0.00016863 0.0837374 3.2316e-11 0.0019843 4.17084e-05 0.122355 0.126744 0.000878004 0.108805 3.95783e-05 4.01566e-08 9.00752e-05 5.71485e-05 0.00179558 2.24756e-07 0.142187 5.04416e-08 6.17953e-05 0.0326925 0.0254547 0.00508419 1.19256e-05 0.304292 0.0093987 0.0221013 7.48586e-09 0.000112945 0.0119059 
0.00553157 0.0888597 0.0253419 0.000136271 0.000216917 0.0804179 0.0166022 0.0207659 0.00036331 0.000135965 5.19662e-05 6.3687e-05 8.93288e-05 0.0274709 5.40188e-06 0.022175 4.73353e-06 0.000428911 0.00167457 0.190727 0.00579996 6.83833e-06 0.457667 0.00323781 0.0152011 0.00530268 0.0180804 0.0136403 
0.000212629 0.00937509 4.55922e-07 1.06932e-07 1.38251e-05 0.0116825 0.000160113 0.00518765 0.000268015 3.83326e-05 4.2925e-06 6.71681e-07 1.03495e-05 0.0124697 1.26992e-07 0.1106 3.00688e-06 0.00041966 0.00391019 0.00856114 0.000866964 0.000960982 0.819608 6.02728e-05 0.0120841 2.31358e-06 0.000598274 0.00290127 
7.51408e-07 0.160462 0.000324277 7.81163e-08 3.59801e-11 2.35983e-06 2.7123e-06 1.48282e-09 3.52069e-07 3.43738e-07 2.19804e-11 4.05567e-11 2.6417e-08 1.19523e-06 1.10879e-07 4.79163e-06 3.68048e-11 0.000186596 1.5967e-07 0.0582532 6.61817e-07 2.75635e-11 0.780758 1.32877e-07 1.216e-07 3.63817e-07 1.23467e-06 4.26025e-07 
0.0232548 0.0822204 0.000337894 0.000267142 1.18886e-06 0.0775353 0.060942 2.95438e-05 0.00712694 1.74128e-05 0.00020275 0.000273344 3.01223e-05 0.0411479 0.000139683 0.163957 2.19966e-08 0.00265066 0.0137644 0.196461 0.00785427 1.28763e-07 0.230777 0.00654141 0.0543111 6.91422e-05 2.54656e-05 0.0300614 
7.66761e-05 0.145265 3.34513e-05 7.00277e-06 2.65039e-11 0.032144 0.00302371 0.0279696 0.000288924 0.000339068 1.15876e-08 0.000505336 8.9621e-09 0.00120412 1.84706e-07 0.0811582 0.000986542 1.615e-05 0.0387574 0.18347 0.00368694 2.56198e-06 0.243805 0.0156205 0.00637319 0.0207738 0.00164545 0.192848 
0.000284159 0.118428 5.53373e-06 0.000119514 0.0197404 0.0117974 0.061192 0.00184641 0.00621367 0.000164148 0.00111057 5.07415e-05 0.000262015 0.0496286 2.88769e-06 0.142561 0.000102803 0.00158653 0.00663605 0.225321 0.0128221 5.88836e-08 0.299233 0.01035 0.017382 5.92392e-06 2.306e-05 0.0131303 
0.11206 0.100328 2.55658e-07 6.30369e-08 2.86661e-06 0.0390759 0.0314353 0.00221567 3.74756e-07 0.00217976 2.0561e-07 0.000247661 0.000648427 0.0125539 4.14223e-05 0.195788 1.76268e-07 2.98592e-07 0.0753354 0.00903244 0.000470373 6.57093e-07 0.227698 0.0147732 0.112431 0.0156336 0.0182264 0.0298208 
0.000687051 0.0157985 0.000187876 5.71661e-05 8.29905e-12 0.0111142 0.0237596 0.000320098 0.000735013 6.22993e-05 5.83564e-05 2.79945e-05 2.34689e-05 0.000842547 2.63495e-07 0.0596032 4.86689e-06 5.40464e-05 0.00725952 0.0293417 0.00147583 6.35771e-12 0.816723 0.00312628 0.0261321 3.76966e-06 0.001186 0.00141521 
0.000373505 0.00852356 0.000525404 7.74382e-05 1.88105e-08 0.0243003 0.00909741 0.000256807 0.000101169 6.48385e-05 2.85132e-05 5.11663e-05 2.90008e-05 0.000244514 2.52364e-06 0.0173481 1.5648e-06 2.36741e-09 0.000618063 6.14325e-08 3.79398e-05 4.25521e-10 0.902703 0.00300752 0.000903075 3.61571e-06 0.0308816 0.000819071 
0.000373505 0.00852356 0.000525404 7.74382e-05 1.88105e-08 0.0243003 0.00909741 0.000256807 0.000101169 6.48385e-05 2.85132e-05 5.11663e-05 2.90008e-05 0.000244514 2.52364e-06 0.0173481 1.5648e-06 2.36741e-09 0.000618063 6.14325e-08 3.79398e-05 4.25521e-10 0.902703 0.00300752 0.000903075 3.61571e-06 0.0308816 0.000819071 
2.25241e-10 0.0374156 9.3702e-12 1.61667e-11 1.34109e-11 0.000211498 0.126713 4.55586e-08 0.00126026 0.000133469 9.7379e-05 1.51167e-11 6.66056e-09 0.00464173 2.64101e-08 0.074167 1.37183e-11 0.000398233 0.00639883 0.2526 0.00280255 1.98317e-08 0.478483 0.00994084 5.50041e-07 2.96171e-06 2.9245e-08 0.00473239 
2.14126e-05 0.0510531 0.000240789 0.000497342 0.00170618 0.0419161 0.0580452 0.00214225 0.000136849 0.000389099 3.20677e-05 8.44759e-05 4.71146e-05 0.0135771 2.04138e-05 0.0141134 3.15109e-06 0.000273318 0.000120461 0.130822 0.000499403 9.57385e-07 0.585618 0.00162249 0.0245427 0.0319512 0.0371981 0.00332567 
0.000109513 0.159157 0.00017023 3.01887e-06 2.13763e-08 0.0238829 0.159377 2.05143e-05 0.00640298 3.38802e-05 4.40173e-06 1.50706e-09 3.94313e-05 0.000167256 4.29409e-07 0.230476 3.42131e-06 2.59862e-05 0.00503672 0.0575377 0.00157806 0.000160173 0.347188 0.00575789 0.00118817 4.54632e-07 8.19747e-05 0.00159654 
0.00399406 0.0144263 0.00427059 0.00384914 0.000379285 0.0426517 0.00201057 0.00187711 0.0183491 0.00130037 0.000184094 0.000213889 0.00123381 0.125657 6.75833e-05 0.0309338 7.51475e-05 0.000603911 0.0142436 0.0919545 0.0793552 0.000317031 0.28368 0.00378577 0.0335654 0.146608 0.000353175 0.0940603 
9.54933e-07 0.0454804 9.5441e-07 9.53483e-07 9.53859e-07 0.0125192 0.0146179 9.54944e-07 0.0167163 9.54291e-07 0.00191009 9.53627e-07 9.55355e-07 0.0415626 9.54208e-07 0.139698 9.53819e-07 9.54256e-07 0.119805 0.0760653 0.0385002 9.54289e-07 0.396132 0.0637264 9.55378e-07 9.63467e-05 9.55483e-07 0.0331569 
0.00228108 0.0671846 0.000654605 9.14427e-05 0.000336072 0.0303543 0.0264305 0.00101038 0.00313414 0.000280218 0.000159033 0.000198896 0.00259697 0.00958976 2.9346e-05 0.0603544 8.97494e-05 0.00108706 0.00972482 0.136841 0.0133116 0.000132661 0.541976 0.0243133 0.0379308 0.000189902 0.0183155 0.0114019 
0.00114055 0.0136308 0.000350466 9.63245e-05 3.82662e-12 0.012531 0.0377378 0.000167007 0.000129134 8.10689e-05 9.38162e-05 1.164e-05 4.37921e-05 0.000536292 4.88745e-07 0.0378277 4.9443e-06 4.81899e-05 0.0075543 0.0254256 0.000327829 2.93148e-12 0.821618 0.00292863 0.0348036 7.02353e-06 0.001402 0.0015021 
0.000122092 0.00536513 0.000247719 3.32218e-06 8.67658e-11 0.0287381 0.00260782 3.05495e-05 0.000191777 0.000394539 4.53336e-07 0.000232814 8.38936e-06 0.00219961 1.26973e-07 0.0850998 1.47947e-08 2.71905e-06 0.00197526 0.0490268 0.00011869 3.08027e-05 0.819004 0.000729758 0.000122742 3.72205e-06 0.00297785 0.000765481 
1.13284e-08 0.00345532 1.27264e-11 3.07622e-08 1.82143e-11 3.64272e-07 3.62703e-07 4.42967e-07 0.000843708 1.01629e-07 3.22801e-08 2.60766e-07 3.34246e-12 0.00207431 1.47674e-11 0.0989108 5.40509e-08 1.89974e-07 0.00517375 1.37396e-06 0.00234992 1.39536e-11 0.885746 5.66165e-07 0.00144196 1.75389e-11 7.59264e-08 2.51334e-07 
0.0170308 0.121556 0.000426612 0.000414032 0.000339534 0.0775915 0.0741351 0.00415954 0.00961591 0.000530536 8.19644e-05 0.00109695 0.00607656 0.0194214 0.00039821 0.0558235 0.0125666 0.000561964 0.0203575 0.108964 0.0089196 5.23944e-05 0.286089 0.0105785 0.0761984 0.000254265 0.00550844 0.081251 
0.000408968 0.0198309 0.0356341 4.68777e-05 1.67729e-08 0.0317016 0.0061 0.000987193 0.000339726 2.75121e-05 8.82184e-06 7.71918e-05 0.000147623 0.00687992 5.14953e-05 0.0268121 4.3238e-06 0.000167484 0.000470352 0.0478508 0.000193772 3.79678e-10 0.753533 0.00144531 0.0291768 0.00843825 0.0277919 0.00187377 
0.000373505 0.00852356 0.000525404 7.74382e-05 1.88105e-08 0.0243003 0.00909741 0.000256807 0.000101169 6.48385e-05 2.85132e-05 5.11663e-05 2.90008e-05 0.000244514 2.52364e-06 0.0173481 1.5648e-06 2.36741e-09 0.000618063 6.14325e-08 3.79398e-05 4.25521e-10 0.902703 0.00300752 0.000903075 3.61571e-06 0.0308816 0.000819071 
0.00116807 0.00809786 1.76054e-05 7.74092e-05 0.01746 0.13152 0.00597779 0.000712417 0.000454442 0.000636339 1.56106e-05 0.000242413 3.49354e-05 0.10271 3.30368e-05 0.154746 0.0104329 0.186788 0.000395747 0.0125596 0.00187865 0.0334196 0.237476 0.0203961 0.0010047 3.18656e-05 0.0584736 0.0132383 
0.000122092 0.00536513 0.000247719 3.32218e-06 8.67658e-11 0.0287381 0.00260782 3.05495e-05 0.000191777 0.000394539 4.53336e-07 0.000232814 8.38936e-06 0.00219961 1.26973e-07 0.0850998 1.47947e-08 2.71905e-06 0.00197526 0.0490268 0.00011869 3.08027e-05 0.819004 0.000729758 0.000122742 3.72205e-06 0.00297785 0.000765481 
0.000722049 0.0998812 0.0249434 3.33411e-05 5.42074e-08 0.0629769 0.07003 0.00107082 0.0016218 0.118807 0.00264663 0.000392014 0.00598466 0.0056002 9.71286e-06 0.0649307 0.00136507 0.0397169 0.00393595 0.0344657 0.00169771 6.44068e-08 0.345969 0.0311729 0.0110382 1.79311e-06 0.0224646 0.0485217 
0.000316996 0.126955 0.000322475 3.72755e-05 7.73089e-05 0.0455726 0.000442091 0.000622706 0.0459438 0.000513161 1.4393e-06 4.04358e-07 7.30267e-06 0.017789 3.98717e-07 0.0449644 4.15531e-05 0.000538455 0.021789 0.173609 0.00174114 2.74814e-07 0.497201 0.0024353 0.00263248 3.45427e-07 0.000233601 0.0162114 
9.58421e-06 0.0482178 7.63735e-05 0.000351138 0.00129164 0.0385595 0.0593737 0.0185805 0.000427902 0.00018029 2.92366e-05 3.53234e-07 0.00040006 0.00635026 9.62161e-06 0.144575 1.79924e-09 0.000793607 0.00714266 0.169516 0.00582467 5.03034e-07 0.347304 0.0662916 0.0466165 1.74371e-08 0.00200225 0.0360757 
0.00393698 0.0252568 0.00729967 0.000287016 9.13249e-06 0.0205608 0.135187 0.000710492 0.000859255 0.000174331 0.000139741 9.42521e-05 0.001019 0.0179354 0.000131714 0.0249604 8.96544e-05 0.00107273 0.000743926 0.045988 0.000736106 2.87011e-05 0.666053 0.00253052 0.0188002 0.0110298 0.00597047 0.00839514 
0.0239776 0.0713116 0.0147542 0.000112048 0.000156614 0.129348 0.0779363 0.000723245 0.125636 0.000657501 0.00675689 3.72684e-05 6.97985e-05 0.0251072 3.39284e-06 0.14986 7.25692e-06 0.00083073 0.00281638 0.136293 0.00907801 8.16398e-06 0.154683 0.00480951 0.00563312 1.01453e-05 0.0319708 0.0274136 
0.00662273 0.109271 0.000511365 8.48836e-05 0.00131956 0.0468452 0.0217927 0.000797186 0.00274134 1.8963e-05 0.000192852 1.92008e-05 0.000317777 0.00248873 2.01342e-05 0.0808458 4.06382e-05 0.000147709 0.0188943 0.101047 0.00667427 2.17561e-11 0.530845 0.0137633 0.015729 0.032871 0.000555817 0.00554302 
0.00227499 0.0620147 0.00399363 0.000452579 1.06418e-06 0.0353798 0.0460797 0.00422847 0.000402699 0.00430203 0.000275583 0.000325412 0.0114347 0.00720219 9.45227e-05 0.145613 0.000795777 0.00188884 0.0189849 0.0860967 0.0042758 2.45341e-05 0.289267 0.0316936 0.0994751 0.0473279 0.00728353 0.0888111 
0.00119865 0.0561491 0.00190507 6.13832e-05 1.6314e-07 0.0608601 0.000547805 1.39726e-08 0.00159774 3.29288e-05 5.99765e-09 5.0145e-05 9.17474e-05 0.126463 2.26369e-05 0.021454 3.32705e-06 8.56209e-05 0.00357226 0.107729 0.0053727 2.90703e-08 0.582579 0.00054114 0.0171723 0.000632411 0.00397933 0.00789877 
6.18846e-06 0.0495127 7.07305e-06 3.26776e-06 2.98807e-08 0.0058893 0.0643238 0.000113584 0.000270431 2.42617e-05 9.86565e-06 1.35707e-08 1.86984e-05 0.00044285 7.59011e-07 0.0230324 7.51017e-09 2.44419e-05 8.69484e-05 0.0860486 0.000254666 3.7499e-08 0.752741 0.00298101 0.00289835 1.14825e-06 0.00332651 0.00798179 
0.0179997 0.167896 2.85933e-05 0.000145203 0.00234001 0.0212548 0.0721778 0.0117746 0.000862439 0.000107502 2.41387e-06 8.48174e-05 0.000117329 0.00482032 2.75106e-07 0.0937297 0.000293881 3.8166e-05 0.209391 0.0796201 0.00949832 9.71508e-05 0.230846 0.00478157 0.00827754 7.41189e-05 0.00245952 0.0612806 
4.16692e-05 0.234624 8.80566e-05 2.61026e-05 0.00029961 0.00276337 1.24795e-08 0.000223663 0.00049333 2.48071e-06 9.64293e-06 7.57991e-08 7.37668e-05 0.054167 8.1603e-05 0.0585487 3.96039e-05 0.00318058 0.00395722 0.0519106 0.0253402 5.15153e-08 0.527612 0.0216826 0.0112466 0.000318539 7.65863e-09 0.00326881 
0.000373505 0.00852356 0.000525404 7.74382e-05 1.88105e-08 0.0243003 0.00909741 0.000256807 0.000101169 6.48385e-05 2.85132e-05 5.11663e-05 2.90008e-05 0.000244514 2.52364e-06 0.0173481 1.5648e-06 2.36741e-09 0.000618063 6.14325e-08 3.79398e-05 4.25521e-10 0.902703 0.00300752 0.000903075 3.61571e-06 0.0308816 0.000819071 
0.00141408 0.0724467 0.00189351 9.47543e-05 2.38985e-05 0.0596305 0.0288532 0.00222433 0.0142242 0.000210233 4.84554e-05 0.000425098 0.00590135 0.00389218 5.5579e-06 0.0288066 0.00257344 0.000153673 0.00286306 0.0113071 0.0122301 6.3592e-06 0.693442 0.00191461 0.00861978 8.51967e-06 0.0183626 0.0284244 
0.0263369 0.0411471 0.00107791 0.000104021 0.00186623 0.0498637 0.0136452 0.000457643 0.0458276 0.000455608 0.00109569 0.00955362 0.000500539 0.0739557 6.07558e-06 0.0688115 2.69491e-05 0.000399336 0.0248011 0.0441299 0.0427624 3.75942e-05 0.458801 0.0209854 0.0321574 0.00791042 0.00510545 0.0281779 
0.0274356 0.151765 0.00491288 0.000168466 5.02423e-08 0.0291106 0.124446 0.00044279 0.00153428 0.000397026 1.73322e-05 0.000166865 0.000103617 0.0714238 8.50025e-06 0.0619879 0.000331282 0.000994605 0.0154677 0.16123 0.00389382 4.68846e-10 0.202717 0.000478237 0.0744645 0.00167963 0.00754605 0.0572768 
1.13284e-08 0.00345532 1.27264e-11 3.07622e-08 1.82143e-11 3.64272e-07 3.62703e-07 4.42967e-07 0.000843708 1.01629e-07 3.22801e-08 2.60766e-07 3.34246e-12 0.00207431 1.47674e-11 0.0989108 5.40509e-08 1.89974e-07 0.00517375 1.37396e-06 0.00234992 1.39536e-11 0.885746 5.66165e-07 0.00144196 1.75389e-11 7.59264e-08 2.51334e-07 
2.25241e-10 0.0374156 9.3702e-12 1.61667e-11 1.34109e-11 0.000211498 0.126713 4.55586e-08 0.00126026 0.000133469 9.7379e-05 1.51167e-11 6.66056e-09 0.00464173 2.64101e-08 0.074167 1.37183e-11 0.000398233 0.00639883 0.2526 0.00280255 1.98317e-08 0.478483 0.00994084 5.50041e-07 2.96171e-06 2.9245e-08 0.00473239 
0.000169165 0.0460013 9.1311e-06 2.07731e-05 0.000147895 0.00718633 0.0455764 0.0034681 0.000655656 0.000105236 9.92369e-05 5.65536e-06 0.00788964 0.00517558 0.000125255 0.0415642 2.18805e-05 5.1189e-05 0.0129524 0.185498 0.0151056 3.6319e-08 0.316998 0.0208104 0.00919383 0.0195522 0.00254422 0.259073 
0.00118061 0.104801 0.00131701 0.000251779 0.00053363 0.12996 0.0261048 0.00172649 0.0342867 3.03254e-05 1.29291e-05 3.30533e-05 1.11047e-05 0.00354446 2.97824e-06 0.132768 0.000266285 0.000126791 0.0228666 0.0997842 0.00334672 5.45187e-05 0.276722 0.0194982 0.0707402 1.46617e-05 0.0454981 0.0245175 
0.00033627 0.0712153 0.000989945 5.08371e-06 1.50441e-10 0.0894197 0.0112011 0.00191628 0.00248547 0.000269227 2.00122e-05 1.55985e-05 1.74944e-05 0.00514965 7.79314e-05 0.052948 7.18719e-07 9.44827e-05 0.0106658 0.218248 0.0188049 1.60464e-07 0.26409 0.0723742 0.159328 0.00238261 0.00258374 0.0153599 
0.000687051 0.0157985 0.000187876 5.71661e-05 8.29905e-12 0.0111142 0.0237596 0.000320098 0.000735013 6.22993e-05 5.83564e-05 2.79945e-05 2.34689e-05 0.000842547 2.63495e-07 0.0596032 4.86689e-06 5.40464e-05 0.00725952 0.0293417 0.00147583 6.35771e-12 0.816723 0.00312628 0.0261321 3.76966e-06 0.001186 0.00141521 
0.00119136 0.0189797 2.55491e-05 0.000107116 3.35429e-05 0.0558018 0.00240998 0.0119494 0.0783534 1.94615e-05 3.08287e-05 0.000385732 9.93647e-05 0.0164191 1.6072e-06 0.276881 1.9876e-05 0.004123 0.00783033 0.0625075 0.000952733 0.000545183 0.290175 0.0569347 0.0943644 0.000917421 0.00189829 0.0170426 
0.00125102 0.00881325 1.92192e-06 2.45924e-07 1.74958e-12 0.118995 0.00180219 1.98472e-08 0.00141954 5.53558e-08 0.000203485 1.27993e-07 7.09574e-09 0.0703413 4.25686e-09 0.0679765 1.52141e-08 2.8949e-08 0.0043725 0.251948 4.06961e-08 1.34031e-12 0.46719 0.00225466 0.00155192 8.48269e-05 1.4211e-06 0.00179066 
0.000373505 0.00852356 0.000525404 7.74382e-05 1.88105e-08 0.0243003 0.00909741 0.000256807 0.000101169 6.48385e-05 2.85132e-05 5.11663e-05 2.90008e-05 0.000244514 2.52364e-06 0.0173481 1.5648e-06 2.36741e-09 0.000618063 6.14325e-08 3.79398e-05 4.25521e-10 0.902703 0.00300752 0.000903075 3.61571e-06 0.0308816 0.000819071 
0.00103786 0.0231326 0.00168236 8.84748e-05 1.98675e-11 0.0233504 0.0729531 8.95026e-05 0.000605171 0.000389034 0.000129506 2.7749e-05 3.48757e-05 0.00197669 1.50059e-07 0.0506223 6.68398e-06 6.08288e-05 0.00191839 0.0220544 0.00173648 3.80444e-09 0.782068 0.00402678 0.00636728 3.69261e-06 0.0049634 0.000674385 
0.00221716 0.0116071 0.000619387 4.98723e-05 1.83104e-05 0.0198806 0.0637583 0.000632766 0.000157765 0.000228892 3.72439e-05 6.28348e-05 0.0036867 0.00568796 1.62327e-06 0.109216 0.000261377 0.000280986 0.0139325 0.0150869 0.00211357 2.53784e-06 0.679032 0.00294635 0.0399163 4.19183e-05 0.0121268 0.0163955 
0.000215592 0.136378 0.00455338 2.732e-05 1.99525e-05 0.0620022 0.00106702 0.00804266 0.00145343 0.000127956 1.07182e-06 2.52749e-05 2.18102e-05 0.0264163 0.00015494 0.0386883 3.36984e-05 0.000105798 0.0027408 0.286279 0.00207224 0.000105637 0.381751 0.00665312 0.0127074 0.000931722 0.00826554 0.0191579 
0.00190858 0.00823626 0.000527334 5.37745e-05 7.76128e-11 0.0236389 0.0032857 1.13048e-05 7.58719e-06 1.32708e-05 3.42223e-06 0.000526989 8.55421e-07 0.0025514 2.60499e-06 0.0225367 1.59819e-08 3.03218e-08 0.00065351 0.021405 0.00023942 1.22959e-07 0.886563 0.0206924 0.000379841 3.69223e-06 0.00193256 0.0048254 
0.000687051 0.0157985 0.000187876 5.71661e-05 8.29905e-12 0.0111142 0.0237596 0.000320098 0.000735013 6.22993e-05 5.83564e-05 2.79945e-05 2.34689e-05 0.000842547 2.63495e-07 0.0596032 4.86689e-06 5.40464e-05 0.00725952 0.0293417 0.00147583 6.35771e-12 0.816723 0.00312628 0.0261321 3.76966e-06 0.001186 0.00141521 
0.0103546 0.044287 0.000291515 0.000273746 0.000361452 0.0530343 0.275797 0.000763854 0.00382683 0.000327561 0.000157474 4.71098e-05 0.00304629 0.0152083 3.85262e-06 0.0513169 0.00158429 0.00628984 0.026148 0.0810128 0.00505034 1.95621e-07 0.371078 0.0143976 0.0115465 0.000160645 0.00992345 0.01371 
0.00049362 0.120431 0.000492166 0.000278958 0.000998976 0.0332092 0.0450292 0.0139067 0.00139114 0.00013107 3.24923e-05 0.000438381 0.000627376 0.00228801 1.33396e-05 0.153872 0.000115611 0.000131215 0.0250607 0.0404972 0.00414027 6.84096e-05 0.444241 0.0271804 0.0390107 0.00161944 0.023282 0.0210192 
0.00418589 0.017493 6.85261e-06 3.63677e-06 0.000408777 0.0135541 0.00742172 0.00138929 0.00156749 0.000297264 0.00108904 8.05042e-05 3.82456e-06 0.024913 2.5664e-07 0.0540864 0.00011195 0.000432121 0.0129311 0.205391 0.000199212 0.000107099 0.453955 0.052595 0.0501493 2.80488e-09 0.0876406 0.00998618 
2.84616e-05 0.0107806 3.48984e-11 0.000116182 2.47302e-07 0.107506 0.0165424 0.00181423 0.000633208 4.50275e-08 4.19309e-08 0.00160962 1.08736e-05 1.44154e-07 1.11014e-08 0.214162 6.21816e-08 5.99067e-05 0.0015953 0.0252617 0.00712009 5.92376e-06 0.280015 0.0510475 0.00185884 4.80954e-11 0.0498183 0.230013 
