1.15166e-07 0.0301895 7.83828e-06 1.01022e-06 2.37982e-09 3.09475e-05 0.0481392 5.01425e-05 6.86906e-10 5.5199e-07 1.31004e-05 2.68252e-09 0.000653441 0.0548142 2.52437e-06 0.0251034 2.57717e-07 1.38259e-07 1.7422e-06 0.0314808 0.000456214 1.35787e-06 0.0259754 3.73975e-10 0.782841 2.9012e-07 1.5074e-06 0.000235593 
0.00334721 0.00948528 0.0182093 0.00168706 6.42289e-07 0.599298 0.000285409 0.000120595 0.0509073 0.000434797 0.0168291 2.67991e-05 0.000150164 0.12885 4.55089e-07 4.29106e-07 1.78393e-05 1.52062e-05 0.0169986 0.061703 3.44283e-06 1.64116e-06 0.062332 6.33951e-08 5.93098e-05 0.000600372 0.0283172 0.000318591 
2.03803e-09 0.0017753 4.35837e-05 4.44593e-06 8.33514e-13 0.000183748 1.54406e-07 0.000293854 2.40584e-13 9.49178e-09 9.87894e-09 9.39534e-13 5.35861e-06 0.00394023 1.26442e-05 0.00794541 9.22617e-07 2.3536e-09 9.60915e-06 0.0274201 4.96207e-05 2.42011e-08 0.0185378 1.30982e-13 0.938363 5.13747e-09 8.40876e-06 0.00140575 
5.22129e-09 0.036394 0.00458414 9.61994e-06 1.26009e-08 0.0355888 2.81526e-05 1.02841e-06 0.000291176 0.642084 7.69795e-09 1.42037e-08 2.03906e-06 0.132761 1.02163e-08 0.000366348 7.38577e-06 9.88095e-09 2.18427e-09 0.00730892 7.30381e-05 9.65327e-09 0.00191016 1.98017e-09 0.0996862 1.21337e-08 0.0349912 0.00391266 
1.15166e-07 0.0301895 7.83828e-06 1.01022e-06 2.37982e-09 3.09475e-05 0.0481392 5.01425e-05 6.86906e-10 5.5199e-07 1.31004e-05 2.68252e-09 0.000653441 0.0548142 2.52437e-06 0.0251034 2.57717e-07 1.38259e-07 1.7422e-06 0.0314808 0.000456214 1.35787e-06 0.0259754 3.73975e-10 0.782841 2.9012e-07 1.5074e-06 0.000235593 
3.86477e-06 0.00145513 0.00164174 6.55042e-09 4.06875e-06 0.104074 0.0339532 2.21722e-09 7.74253e-07 0.00588078 1.25907e-06 6.12497e-09 0.000351214 0.0130215 2.83746e-05 4.59821e-06 0.00220735 4.26089e-09 0.142082 3.3646e-05 1.1205e-09 4.16271e-09 0.000440934 8.53893e-10 0.604573 0.000113702 0.0182241 0.0719049 
0.00203315 0.0103048 0.000224 7.86671e-11 0.000212612 0.0248662 8.6012e-08 2.66276e-11 0.00212631 2.2697e-08 0.00167185 7.35576e-11 8.92461e-08 0.00896279 4.59208e-08 0.00585993 5.38041e-08 0.000191937 0.0971891 0.00493949 0.833205 7.84755e-08 0.00223936 1.02548e-11 0.00212488 3.13951e-07 0.000455289 0.00339265 
0.00916465 0.00395708 0.00549088 7.97248e-05 0.00190612 0.0527914 0.000162711 0.00107194 0.00217941 1.53446e-05 0.00580193 0.000415908 0.000230702 0.669371 0.000831651 0.009602 0.000626726 0.00173466 0.00131101 0.00871624 0.000297748 2.89522e-05 0.00636426 1.30819e-05 0.183261 0.00197371 4.42732e-05 0.0325555 
0.000932711 0.00604338 0.000106744 8.98537e-09 0.00155512 0.0466154 0.00071338 3.04141e-09 1.30832e-05 1.43068e-05 3.9087e-05 8.40176e-09 0.000111701 0.902628 0.00228747 0.0058807 3.19567e-05 3.58294e-07 0.000275864 0.000410018 0.00543353 2.52268e-06 5.90588e-07 1.17131e-09 0.00923878 0.00509095 0.00934372 0.00323111 
5.22129e-09 0.036394 0.00458414 9.61994e-06 1.26009e-08 0.0355888 2.81526e-05 1.02841e-06 0.000291176 0.642084 7.69795e-09 1.42037e-08 2.03906e-06 0.132761 1.02163e-08 0.000366348 7.38577e-06 9.88095e-09 2.18427e-09 0.00730892 7.30381e-05 9.65327e-09 0.00191016 1.98017e-09 0.0996862 1.21337e-08 0.0349912 0.00391266 
0.0015822 0.000830031 3.71835e-05 0.000192805 0.00344762 0.00533317 0.0129665 4.319e-05 1.69845e-07 4.49694e-07 4.17777e-06 9.90218e-05 2.06206e-06 0.92652 5.25745e-05 0.00258674 6.29934e-05 5.09014e-05 0.00685448 0.00613879 0.000463623 4.50786e-07 0.000283347 9.24694e-08 0.00253321 0.022183 0.00299008 0.00474092 
3.1295e-05 0.000604532 1.00785e-05 4.368e-08 3.62341e-08 0.979506 6.72438e-09 0.000116886 0.000600384 2.76909e-08 0.000375029 4.0843e-08 7.02468e-06 0.0018018 2.93771e-08 5.74869e-05 3.70647e-08 5.37133e-05 6.28091e-09 1.07923e-05 0.000677155 4.65426e-06 4.45213e-05 5.694e-09 0.0111698 3.48905e-08 0.0022738 0.00265495 
0.00561389 4.35292e-05 0.000432691 0.000111798 5.15813e-07 0.0491326 0.000256256 0.00265156 0.00568766 9.5389e-05 3.15112e-07 0.000158774 2.43767e-05 0.920739 4.18198e-07 0.000471359 5.27636e-07 4.04472e-07 4.24882e-05 0.0109963 1.06365e-07 3.95152e-07 0.00146071 8.10572e-08 0.000308794 0.00140593 4.38994e-05 0.000320429 
1.90856e-10 0.00483198 0.0227048 2.50371e-07 6.08912e-05 0.720325 8.54802e-11 2.26765e-05 0.0977319 7.49564e-07 6.68191e-07 5.30587e-07 4.45675e-06 0.026535 3.7344e-10 0.0213722 1.87774e-06 0.00451031 1.01648e-06 0.000253648 7.90667e-07 3.5286e-10 0.00318058 7.2382e-11 0.000902689 3.76433e-07 0.0388422 0.0587153 
2.20991e-11 0.00200111 2.12443e-07 0.151723 8.37389e-07 0.72786 9.99667e-10 1.76297e-07 6.97365e-07 4.07585e-11 3.25816e-11 6.55338e-07 2.03855e-05 0.0974918 3.93531e-07 0.0110236 5.18335e-07 4.18211e-11 1.18344e-07 0.00395117 2.89252e-07 4.08575e-11 0.00352307 8.38106e-12 0.00229137 8.22205e-08 0.000109324 3.11129e-07 
2.37952e-05 0.00573285 0.00576009 0.000559872 3.23733e-11 0.209589 0.0115967 0.000303311 0.00082355 1.37016e-07 1.42601e-07 3.64911e-11 2.5359e-05 0.0280358 0.000122761 0.0115195 1.03054e-06 2.55094e-05 1.63466e-06 0.0506944 8.36073e-06 0.000122517 0.00309085 5.08729e-12 0.651054 7.73339e-05 0.00524509 0.015587 
0.0241663 4.05286e-07 1.65029e-07 0.00095179 7.9589e-05 0.0245445 0.00262138 7.32708e-06 0.000578569 4.6037e-07 0.000394639 3.12903e-05 0.000747138 0.910479 2.02775e-05 0.00891649 2.26163e-08 0.000432559 1.80649e-07 0.000512034 0.00230612 6.57787e-10 1.26175e-06 1.34931e-10 0.015891 0.00359042 0.000454278 0.00327236 
3.30426e-05 0.00330446 3.98088e-09 5.86298e-05 5.69755e-09 0.1546 7.31198e-05 2.32483e-09 0.00718402 4.35418e-09 2.08038e-07 3.20902e-05 2.36057e-05 0.0919622 4.61932e-09 2.41723e-05 8.59457e-08 0.305441 0.0147713 0.000289423 0.00466257 0.00130262 0.00913176 8.95338e-10 0.000436511 1.667e-07 0.406084 0.000584939 
0.000323079 0.00147841 0.0155224 2.36305e-08 0.00152404 0.399035 0.00954979 7.99856e-09 0.0369687 8.51356e-07 1.19751e-08 2.20957e-08 0.000748964 0.457121 3.72651e-05 0.0052468 2.00517e-08 0.00199779 5.86072e-07 0.00131451 0.0135629 1.50169e-08 0.00142657 3.0804e-09 0.0153559 1.97599e-06 0.0372746 0.00150943 
3.75553e-10 1.89495e-07 6.33267e-10 0.00872539 9.06349e-10 0.890176 1.68202e-10 6.5833e-06 2.79946e-06 0.00013299 5.53692e-10 0.00491416 1.66321e-10 0.0960334 7.34829e-10 1.33799e-06 9.27124e-10 1.70641e-06 1.57109e-10 1.99979e-06 1.86897e-10 6.94333e-10 1.54378e-07 1.42428e-10 8.6645e-07 1.74635e-06 3.92356e-07 1.20257e-07 
0.00506973 0.00507156 0.000150122 2.44668e-09 0.000239313 0.00293647 0.000186496 8.28163e-10 2.76977e-07 2.211e-06 1.99418e-05 2.28777e-09 0.00105676 0.855138 0.00064876 0.0095122 2.51399e-08 1.59151e-09 1.91861e-07 0.00139343 0.000459708 1.55483e-09 2.70855e-07 3.18942e-10 0.000250986 0.103469 4.44477e-07 0.0143944 
0.000670471 6.70072e-05 5.5147e-08 0.000266507 7.89279e-08 0.00012976 1.46476e-08 3.22058e-08 0.00029846 0.00124262 4.82173e-08 0.00067624 1.44838e-08 0.993172 6.39913e-08 0.000149081 8.0737e-08 0.000260003 0.00036668 0.000818963 0.000703122 0.000229826 0.000168445 1.24031e-08 0.000285607 7.60011e-08 3.59654e-05 0.000458827 
0.000187168 0.0012103 0.00016105 2.81303e-07 0.00148541 0.00819571 0.00186138 0.0311259 6.7354e-08 9.32451e-07 6.04254e-05 0.000268658 2.94798e-06 0.942564 0.000377668 0.00512965 2.387e-07 4.88737e-05 4.80278e-05 8.20334e-06 4.81189e-08 1.78765e-07 1.89864e-05 3.66699e-08 0.00598177 2.24698e-07 4.9052e-05 0.00121251 
5.42056e-07 2.33579e-06 0.567662 0.000134479 5.51499e-10 0.0341287 1.01116e-06 0.00204038 1.59184e-10 8.59982e-07 5.80094e-07 6.21647e-10 0.000129407 0.0103073 3.95768e-07 0.0226433 2.72621e-07 4.32455e-10 2.34449e-07 0.0818064 4.66282e-07 0.000948518 0.0138049 8.6665e-11 0.265129 0.000602519 0.000654136 2.1745e-06 
0.00184217 1.80613e-05 9.8373e-07 7.25412e-05 0.0305787 0.0319476 0.00145523 0.714076 0.000321868 3.13489e-06 0.00100073 1.58703e-06 3.3336e-05 0.168817 1.1415e-06 0.00664155 3.80239e-06 4.4238e-06 0.000322897 0.000494003 2.90329e-07 1.07859e-06 0.00308206 2.2125e-07 0.00425365 0.00303124 0.0306521 0.00134214 
1.51657e-06 0.00360559 6.10524e-05 5.86046e-06 6.97673e-09 0.0232913 0.000304273 0.000664885 2.01375e-09 1.87085e-05 1.94706e-05 4.31906e-06 8.5981e-05 0.53216 1.45355e-05 0.00139248 2.43279e-06 4.64217e-06 5.36045e-06 0.00467254 0.00532207 1.79825e-05 0.0032217 1.09635e-09 0.399139 0.0120625 0.00328365 0.0106373 
0.0197218 0.000884326 0.000348265 2.40759e-06 1.99718e-06 0.000555983 3.7064e-07 8.14932e-07 0.00272962 1.52629e-06 0.000414789 0.00157929 0.000240544 0.474918 1.61923e-06 0.410724 2.04296e-06 0.00425552 3.46196e-07 4.43788e-05 0.00129402 1.52999e-06 0.00085703 3.13846e-07 0.0177621 0.0634351 8.84918e-05 0.000133684 
3.44568e-06 0.00820054 0.00024626 3.00415e-05 4.45275e-08 0.199177 8.26348e-09 0.00391893 0.000101888 3.40289e-08 2.7202e-08 0.000116069 9.82211e-07 0.543322 3.6101e-08 0.00391601 7.46733e-06 3.4916e-08 0.052279 4.64194e-06 9.18194e-09 3.41115e-08 0.162261 6.99726e-09 0.00602381 4.28764e-08 0.00781008 0.0125814 
0.0571962 0.00962193 5.14091e-08 9.68553e-06 0.000192834 0.000100106 9.22278e-05 0.00315523 4.29138e-05 0.00244352 1.00959e-05 0.000135278 2.67397e-05 0.067304 0.000212449 0.0600836 1.96193e-05 0.000104184 0.0437644 0.0234447 0.00221671 2.08926e-06 0.00292038 1.15624e-08 0.00899525 0.682828 1.60721e-05 0.0350618 
8.26823e-05 0.000267272 3.01767e-08 7.86332e-07 0.000926389 0.091768 0.000753821 4.877e-06 0.00113825 3.30065e-08 0.00917714 4.86833e-08 7.37175e-05 0.886387 2.3116e-06 0.00550857 4.41797e-08 0.000314856 8.67157e-05 0.00167545 9.41019e-06 2.02035e-07 0.000245944 6.78703e-09 0.000906952 0.000528216 5.74027e-05 8.35849e-05 
9.56793e-05 0.000237012 0.224284 3.71616e-11 3.08269e-11 1.86834e-05 0.000993528 9.50172e-05 0.000494914 2.35586e-11 1.63475e-05 0.00173599 0.000154063 0.0586113 0.0013513 0.000784158 7.42134e-09 8.69617e-05 5.3436e-12 0.0400577 0.000431979 0.000561943 1.33994e-07 4.84428e-12 0.640823 5.1373e-05 6.58566e-09 0.0291149 
4.2987e-07 0.000461894 0.00140969 2.86693e-05 0.000306451 5.31056e-05 0.0470759 0.000259572 2.99444e-07 0.000262132 0.000207988 1.1694e-06 0.00174617 0.0387168 0.743434 0.00077743 0.000120388 5.02033e-05 3.36572e-05 0.0041818 0.000104404 7.94756e-07 0.00110214 1.63028e-07 0.158624 5.64961e-06 2.62265e-05 0.00100834 
3.00929e-06 0.000404699 0.000239492 7.53098e-05 7.26255e-06 0.00152175 0.000140061 0.000403265 2.09625e-06 0.984474 0.000372847 8.18632e-06 1.61401e-05 0.000209461 5.88816e-06 0.00344241 0.000806768 0.00010227 0.000155118 0.00190571 0.000195037 5.56367e-06 0.00158503 1.14127e-06 0.00286588 0.000211463 0.000142062 0.000698063 
0.00254837 0.00137815 1.82051e-07 0.0227983 9.59649e-10 0.91998 2.77623e-05 3.91576e-10 0.0177029 5.76112e-08 3.64456e-05 0.00317591 3.10755e-08 0.0133437 7.77217e-07 0.000123263 1.02366e-06 7.52504e-10 2.07161e-07 5.37794e-05 0.000508205 6.10398e-08 2.77064e-07 1.50804e-10 5.13881e-07 1.1118e-07 0.0182703 4.917e-05 
3.02529e-08 0.00311898 8.91205e-06 8.80151e-08 7.30117e-08 0.518723 1.35496e-08 0.0212504 0.000159911 1.20484e-06 1.56196e-05 8.02536e-05 5.05242e-07 0.0947208 5.91947e-08 0.302309 1.53089e-05 0.00134836 0.000360604 0.00767561 0.00100035 5.59325e-08 9.46682e-06 1.14734e-08 6.59606e-07 0.00644197 0.042756 2.20569e-06 
1.33365e-05 0.00828914 6.54176e-06 2.7731e-06 1.52714e-07 0.0386418 0.000190339 0.000275669 5.19221e-05 1.04674e-05 0.000388192 1.72139e-07 4.55595e-05 0.921188 4.73581e-06 2.49509e-06 1.56215e-07 1.1975e-07 0.0018984 0.000628314 0.00299684 1.16991e-07 0.00371181 2.39982e-08 0.00171621 4.72925e-05 3.04078e-06 0.0198866 
0.000161027 0.00111579 6.08613e-07 2.91585e-06 4.92217e-07 0.0301751 9.519e-10 6.99004e-08 0.00224214 0.000296896 1.3302e-06 1.36612e-06 6.94858e-07 0.950731 4.1586e-09 0.000650201 5.24685e-09 0.0106532 6.05991e-07 0.0032245 1.0577e-09 3.92942e-09 1.67993e-06 8.06039e-10 1.16811e-06 0.000419924 2.38825e-07 0.000319302 
0.00117955 1.05667e-06 3.82387e-08 1.40984e-08 1.36576e-07 0.00174763 0.000455834 4.96596e-05 2.32233e-05 3.28066e-05 1.33298e-05 1.8351e-10 0.000803339 0.286015 0.658376 0.000486456 1.98806e-07 0.000356817 5.82711e-05 0.00402083 1.02025e-09 1.24719e-10 0.00164584 2.55835e-11 0.0174553 0.0250444 1.77481e-08 0.00223395 
2.03803e-09 0.0017753 4.35837e-05 4.44593e-06 8.33514e-13 0.000183748 1.54406e-07 0.000293854 2.40584e-13 9.49178e-09 9.87894e-09 9.39534e-13 5.35861e-06 0.00394023 1.26442e-05 0.00794541 9.22617e-07 2.3536e-09 9.60915e-06 0.0274201 4.96207e-05 2.42011e-08 0.0185378 1.30982e-13 0.938363 5.13747e-09 8.40876e-06 0.00140575 
1.5601e-07 0.000341057 0.00346892 6.22722e-05 9.66909e-12 0.163547 1.5703e-05 1.12317e-08 0.829368 5.9934e-05 5.32841e-09 1.22967e-05 2.17312e-06 4.44865e-05 3.03911e-10 0.000663394 9.89072e-12 0.000170278 1.67606e-12 0.000121922 5.34851e-09 3.19297e-10 0.002108 1.51945e-12 4.26966e-08 9.31055e-12 1.38768e-05 2.37264e-08 
3.43234e-05 0.000412168 1.9565e-06 3.37562e-06 0.875246 0.000199492 5.49809e-05 1.14259e-06 2.39094e-05 2.13997e-06 1.71065e-06 0.00123329 1.61801e-05 0.000167654 2.27028e-06 0.000150443 2.86438e-06 2.19576e-06 0.0921885 0.000914264 0.00118204 2.14516e-06 0.0231978 4.40036e-07 4.77937e-07 2.69636e-06 0.000155683 0.00480017 
0.00113967 2.50631e-05 1.4722e-05 0.000169946 0.0001056 0.000638733 0.000243434 7.14384e-05 3.2008e-06 2.02774e-05 5.22197e-06 3.61953e-06 1.66718e-05 0.926457 0.00690808 0.00916752 0.000470107 2.07391e-06 2.46607e-05 0.000936928 2.92182e-08 1.08547e-07 9.05717e-05 2.22662e-08 0.0327472 0.000465101 3.6279e-06 0.0202695 
2.44363e-07 0.00195731 0.000240882 0.000135754 1.73378e-09 0.0172262 0.0993306 3.21934e-05 5.00434e-10 1.41697e-06 1.47447e-06 2.44486e-06 0.000362374 0.57245 0.00106455 0.019905 3.30647e-07 1.46138e-05 1.30125e-06 0.0124659 3.22543e-05 2.89495e-06 0.0315163 2.72454e-10 0.233332 0.00373726 0.000101025 0.00608589 
2.37054e-09 0.0363873 3.12341e-07 6.47157e-06 0.0094747 0.162494 0.000106527 1.26285e-06 0.000837499 0.000275324 1.39906e-06 1.52775e-05 1.2967e-07 0.735931 9.93834e-07 0.00207122 5.85214e-09 3.09825e-07 1.39415e-06 0.0452758 3.86598e-07 7.40194e-07 2.407e-06 8.99025e-10 0.00711144 2.72331e-06 6.11408e-07 6.01559e-07 
0.00125528 0.0124251 2.93531e-05 1.79456e-05 0.000524081 0.0122943 0.0189918 0.0239148 0.000247153 0.000212824 0.668073 0.0749752 6.83921e-05 0.142581 8.05538e-05 0.00250215 5.92912e-07 0.000301828 0.0149763 0.00616541 0.00265814 4.44038e-07 5.21623e-07 2.50985e-07 4.49042e-05 0.00068522 0.00356363 0.0134102 
0.110527 9.31178e-06 1.6284e-06 0.0579087 0.000195343 0.0190327 0.00729178 8.868e-09 2.81463e-05 0.000708646 7.86779e-07 2.33293e-05 0.00054315 0.720669 1.76878e-06 0.00557506 1.73334e-05 1.70419e-08 0.0471241 0.00127212 4.48155e-09 1.66492e-08 0.0108057 3.41524e-09 0.000790058 0.0174663 5.4987e-06 2.53482e-06 
2.63158e-05 2.7237e-05 2.92116e-05 1.41116e-07 1.17061e-07 0.39769 6.05208e-06 4.77655e-08 3.37881e-08 0.000168097 5.37617e-05 1.3195e-07 1.49829e-05 0.0111552 4.35978e-05 0.00899666 1.19744e-07 0.487134 1.57832e-05 0.0896622 4.07916e-05 8.89203e-05 0.00417616 1.83954e-08 1.99799e-08 0.000621765 4.33564e-06 4.3895e-05 
0.00170493 4.61713e-07 2.70157e-07 4.38439e-10 2.17653e-07 0.0256481 6.46442e-07 4.94726e-07 0.00129172 3.87744e-07 2.22186e-10 4.09962e-10 0.000197319 0.957066 2.94873e-10 0.000377489 3.72037e-10 2.85194e-10 0.000352123 0.0127078 7.49981e-11 2.78623e-10 1.01829e-06 5.71536e-11 6.99492e-05 0.000346256 3.91165e-07 0.000234499 
0.000260801 0.000151853 1.62041e-05 1.00402e-05 4.26116e-06 1.8229e-05 0.000175567 0.000463025 1.22993e-06 1.39997e-05 1.37848e-05 4.80316e-06 3.3986e-06 0.0754024 0.000641234 0.00893336 1.94411e-05 6.00472e-06 0.000307522 0.0108935 1.12977e-05 2.54276e-05 0.00621092 6.69618e-07 0.892149 8.80742e-06 2.99338e-06 0.00425052 
3.83767e-06 0.00371763 3.07039e-09 1.08527e-06 4.39442e-09 4.56957e-06 0.00223646 8.77506e-06 1.0167e-05 3.35831e-09 1.42323e-05 4.10505e-05 0.00175363 0.759797 3.5628e-09 0.225117 4.49514e-09 1.82591e-05 1.13832e-05 6.43936e-06 1.77267e-05 3.36646e-09 1.25167e-06 6.90559e-10 1.63176e-06 0.0022989 0.0017074 0.00323078 
0.782361 0.000516626 0.0134723 3.0219e-08 0.00502747 0.00489681 1.63516e-08 0.000199988 0.00437289 1.36887e-10 0.000385958 2.01904e-10 0.000608789 0.154701 3.69271e-05 4.31451e-08 1.03669e-08 2.57755e-07 0.000240059 0.00181 0.0010986 5.1617e-08 5.97213e-05 2.81478e-11 0.0155629 0.000425945 7.33871e-05 0.0141488 
0.0114964 0.000926014 9.15713e-05 0.000264857 2.0861e-10 0.512604 0.000201144 8.51216e-11 0.00116392 1.22341e-08 5.15027e-07 0.00277893 3.21611e-05 0.0140492 0.0902505 0.00125207 0.000103734 0.00101086 0.00141997 0.000453031 0.000119206 1.97055e-08 9.84718e-08 3.2782e-11 0.000412672 9.60958e-05 0.360749 0.00052362 
0.0276182 0.000241625 2.31679e-08 3.94198e-06 0.000193154 0.00799929 6.1536e-09 0.000168631 9.5708e-09 2.53404e-08 0.000109118 3.73761e-08 6.08481e-09 0.210215 2.68834e-08 0.00965797 3.34496e-06 1.75992e-05 0.0356352 0.137131 3.04094e-05 5.0749e-06 0.0431863 5.21067e-09 0.081671 0.000102009 8.41155e-06 0.446002 
0.782361 0.000516626 0.0134723 3.0219e-08 0.00502747 0.00489681 1.63516e-08 0.000199988 0.00437289 1.36887e-10 0.000385958 2.01904e-10 0.000608789 0.154701 3.69271e-05 4.31451e-08 1.03669e-08 2.57755e-07 0.000240059 0.00181 0.0010986 5.1617e-08 5.97213e-05 2.81478e-11 0.0155629 0.000425945 7.33871e-05 0.0141488 
0.000313169 0.000583715 6.67285e-05 0.000156365 9.55036e-05 3.58202e-05 0.000172964 3.89694e-05 5.86818e-05 0.000175175 5.83435e-05 0.000107651 7.13569e-05 0.00177558 0.000175757 0.000261275 0.000141166 0.000502431 4.67413e-05 0.00101495 9.64292e-05 7.3163e-05 0.161379 2.98309e-05 0.831848 0.000472248 3.80296e-05 0.000210703 
5.32128e-06 0.000387771 0.000282985 8.33859e-06 7.09844e-07 0.00344256 0.000672402 0.00357704 2.04888e-07 2.56312e-05 0.00148337 0.000936171 5.15874e-06 0.168848 0.13869 0.0191543 0.000205679 0.616553 4.98149e-06 0.0229134 0.000342314 5.43795e-07 5.18322e-07 1.11548e-07 0.0215573 0.000515927 6.45016e-05 0.000322224 
1.44704e-10 0.000990515 0.00219275 4.22546e-07 0.302537 0.100606 2.16109e-09 1.92167e-05 1.008e-10 2.2337e-06 0.0216207 3.93645e-10 0.000510389 0.440923 9.95439e-07 3.07625e-07 3.57229e-10 2.73843e-10 0.0152223 0.0240909 0.00874036 2.67533e-10 0.00142362 5.48787e-11 0.00307249 0.00117367 1.31502e-05 0.0768602 
3.75314e-06 0.00430057 1.29154e-10 6.70729e-08 1.84848e-10 0.0434524 0.000870994 7.54257e-11 2.66824e-07 1.41265e-10 0.00777805 8.35526e-08 1.5607e-07 0.926575 2.6991e-07 3.05082e-07 3.83862e-06 2.75546e-07 3.14044e-07 0.00599988 0.00684276 1.41608e-10 1.9363e-07 2.90479e-11 1.17684e-06 0.00416841 7.28437e-07 8.4458e-07 
0.00415316 0.0056636 0.000321498 2.31025e-07 0.00105423 0.0010322 3.55655e-08 7.81984e-08 0.00146592 0.000322354 0.0114736 2.1602e-07 0.0012696 0.874797 0.000652733 0.00285181 0.000764735 0.00168324 0.0130389 0.00353421 0.0477184 0.00111593 0.00473209 3.01157e-08 0.00290793 0.00446598 0.001637 0.0133432 
2.35468e-06 0.000511769 0.000200699 3.96397e-06 5.35558e-06 0.00339053 2.14975e-06 0.00231043 1.57997e-06 0.000176636 1.68192e-05 4.70322e-06 0.000174816 0.868988 7.33218e-05 0.000979954 1.20814e-06 7.67029e-07 0.000627777 0.0401959 0.00038162 2.78334e-05 0.0172526 4.98274e-09 0.0238623 0.000282573 7.79811e-05 0.0404465 
0.782361 0.000516626 0.0134723 3.0219e-08 0.00502747 0.00489681 1.63516e-08 0.000199988 0.00437289 1.36887e-10 0.000385958 2.01904e-10 0.000608789 0.154701 3.69271e-05 4.31451e-08 1.03669e-08 2.57755e-07 0.000240059 0.00181 0.0010986 5.1617e-08 5.97213e-05 2.81478e-11 0.0155629 0.000425945 7.33871e-05 0.0141488 
1.15166e-07 0.0301895 7.83828e-06 1.01022e-06 2.37982e-09 3.09475e-05 0.0481392 5.01425e-05 6.86906e-10 5.5199e-07 1.31004e-05 2.68252e-09 0.000653441 0.0548142 2.52437e-06 0.0251034 2.57717e-07 1.38259e-07 1.7422e-06 0.0314808 0.000456214 1.35787e-06 0.0259754 3.73975e-10 0.782841 2.9012e-07 1.5074e-06 0.000235593 
3.34339e-08 0.0219529 9.2625e-06 1.00707e-05 1.49022e-06 0.0122072 1.49743e-08 3.29243e-08 0.919605 0.000140836 1.84634e-06 9.0952e-08 5.9791e-08 0.0310837 0.00993396 0.00288308 8.25381e-08 7.27156e-06 1.65753e-05 2.7675e-05 0.00190114 6.18137e-08 1.80712e-05 1.26798e-08 0.000182946 5.09366e-06 4.76929e-06 6.58302e-06 
6.84895e-06 3.45054e-07 1.45579e-09 0.297289 1.42847e-05 0.188632 4.2175e-06 8.50177e-10 1.51468e-06 5.61507e-06 1.27285e-09 1.42508e-06 4.99276e-05 0.463901 0.000128969 0.0119296 1.12742e-06 1.63381e-09 1.91024e-06 0.00861643 6.28428e-07 1.89148e-05 0.00216238 3.2742e-10 0.00702512 7.27141e-06 2.35037e-06 0.0201991 
0.000304341 3.0476e-05 4.94938e-07 0.000121673 0.101208 5.88819e-05 1.3146e-07 2.89044e-07 0.000135548 0.000564049 4.32745e-07 0.000307437 0.00380819 0.457802 5.74315e-07 6.76709e-05 7.24606e-07 0.308936 0.000166408 0.0452105 0.0807395 0.000104743 7.64788e-05 1.11316e-07 0.000129639 6.82102e-07 1.63871e-05 0.000208149 
1.88743e-06 3.37527e-06 3.83406e-10 6.61505e-10 0.00982035 0.111461 7.33322e-07 0.00701536 2.79871e-05 3.14562e-06 1.68959e-05 6.18539e-10 0.00162939 0.833546 4.49344e-08 4.88077e-07 5.61319e-10 2.15576e-07 4.9939e-06 0.00738545 1.13155e-10 0.00211021 0.014248 8.62317e-11 9.36591e-11 0.0127243 2.50611e-08 5.7648e-07 
2.37952e-05 0.00573285 0.00576009 0.000559872 3.23733e-11 0.209589 0.0115967 0.000303311 0.00082355 1.37016e-07 1.42601e-07 3.64911e-11 2.5359e-05 0.0280358 0.000122761 0.0115195 1.03054e-06 2.55094e-05 1.63466e-06 0.0506944 8.36073e-06 0.000122517 0.00309085 5.08729e-12 0.651054 7.73339e-05 0.00524509 0.015587 
3.34339e-08 0.0219529 9.2625e-06 1.00707e-05 1.49022e-06 0.0122072 1.49743e-08 3.29243e-08 0.919605 0.000140836 1.84634e-06 9.0952e-08 5.9791e-08 0.0310837 0.00993396 0.00288308 8.25381e-08 7.27156e-06 1.65753e-05 2.7675e-05 0.00190114 6.18137e-08 1.80712e-05 1.26798e-08 0.000182946 5.09366e-06 4.76929e-06 6.58302e-06 
0.000255494 0.00282977 0.000178628 0.000196773 0.031156 0.00357136 0.000294755 0.00155219 0.000140506 3.91994e-08 0.000304104 3.29991e-06 3.33266e-05 0.780203 3.43393e-05 0.026962 3.62203e-06 4.02214e-08 0.000258799 0.0035443 0.00621256 6.48738e-05 0.0123566 8.06046e-09 0.124688 0.000755716 0.000255505 0.00414384 
7.30463e-10 1.08224e-06 1.23173e-09 2.12514e-09 1.76288e-09 0.00480974 2.35586e-06 7.19328e-10 5.08835e-10 1.34723e-09 1.07695e-09 6.36074e-06 0.000567163 0.192 0.00892644 1.63264e-06 1.80329e-09 1.38235e-09 1.31431e-06 0.236876 3.78098e-06 1.3505e-09 6.7396e-06 2.77027e-10 0.477715 1.69751e-09 3.41519e-07 0.0790822 
0.782361 0.000516626 0.0134723 3.0219e-08 0.00502747 0.00489681 1.63516e-08 0.000199988 0.00437289 1.36887e-10 0.000385958 2.01904e-10 0.000608789 0.154701 3.69271e-05 4.31451e-08 1.03669e-08 2.57755e-07 0.000240059 0.00181 0.0010986 5.1617e-08 5.97213e-05 2.81478e-11 0.0155629 0.000425945 7.33871e-05 0.0141488 
2.37952e-05 0.00573285 0.00576009 0.000559872 3.23733e-11 0.209589 0.0115967 0.000303311 0.00082355 1.37016e-07 1.42601e-07 3.64911e-11 2.5359e-05 0.0280358 0.000122761 0.0115195 1.03054e-06 2.55094e-05 1.63466e-06 0.0506944 8.36073e-06 0.000122517 0.00309085 5.08729e-12 0.651054 7.73339e-05 0.00524509 0.015587 
0.000783772 4.88953e-06 5.91949e-07 2.14415e-08 4.79935e-05 0.00596085 0.000621838 7.25762e-09 9.41399e-06 1.35928e-08 1.08658e-08 2.00489e-08 0.000245227 0.919025 0.000167186 1.06482e-05 6.5664e-06 0.000227966 2.62041e-05 0.00042219 3.66772e-09 2.55523e-06 1.06107e-05 2.79505e-09 0.000866597 0.0690766 1.34158e-05 0.00247024 
3.03429e-05 4.13761e-05 3.96913e-05 0.251271 0.00128548 0.0953175 1.08702e-05 4.13769e-06 0.000367809 2.35866e-06 8.38231e-05 7.03318e-09 0.000168938 0.413907 0.000131042 0.00226995 1.00146e-05 0.0439822 9.52565e-05 0.0795385 0.000348608 6.16114e-05 3.4571e-05 9.80508e-10 0.011516 0.000827828 0.00132967 0.0973238 
1.51718e-05 0.00485343 2.49458e-05 0.000236553 0.00111005 0.0233509 0.000215999 3.83994e-06 0.81016 4.94246e-08 0.000150646 0.000215764 5.57711e-05 0.00741121 1.00003e-07 0.00251759 5.7442e-06 2.57748e-07 0.00205716 0.0040113 0.127868 0.000164462 0.00362753 2.0929e-11 0.000110443 6.83741e-07 0.000239489 0.0115926 
2.20831e-06 0.00062662 2.57899e-05 6.68886e-06 1.86314e-09 6.75858e-05 0.000177916 0.00012094 5.37773e-10 1.09377e-05 1.13836e-05 2.10012e-09 4.16456e-06 0.250627 1.24432e-05 0.00270367 2.30147e-06 2.71266e-06 5.97202e-06 0.00922375 0.0750459 2.62191e-05 0.251579 2.92782e-10 0.313606 0.000562058 4.88838e-06 0.0955442 
1.88409e-08 1.07797e-05 3.177e-08 5.48139e-08 4.54701e-08 0.0222517 8.43841e-09 1.85537e-08 0.00121516 3.47492e-08 0.0142548 5.12537e-08 0.00108123 0.957295 3.68652e-08 0.00380059 3.62213e-06 3.56551e-08 3.33333e-05 1.13296e-06 2.9823e-06 3.48336e-08 1.46504e-05 7.14538e-09 1.74956e-05 1.36034e-05 1.99569e-06 1.57755e-06 
0.000783772 4.88953e-06 5.91949e-07 2.14415e-08 4.79935e-05 0.00596085 0.000621838 7.25762e-09 9.41399e-06 1.35928e-08 1.08658e-08 2.00489e-08 0.000245227 0.919025 0.000167186 1.06482e-05 6.5664e-06 0.000227966 2.62041e-05 0.00042219 3.66772e-09 2.55523e-06 1.06107e-05 2.79505e-09 0.000866597 0.0690766 1.34158e-05 0.00247024 
4.34072e-07 1.87091e-06 1.06685e-06 7.27842e-07 1.77527e-10 6.73582e-07 3.29457e-11 1.72411e-06 5.1241e-11 1.3567e-10 1.08452e-10 2.00108e-10 1.10796e-07 0.94402 3.16792e-07 0.00804185 2.18096e-07 1.39207e-10 1.87746e-07 0.0117176 3.73433e-07 5.15449e-06 0.0361183 2.78974e-11 8.59197e-05 1.09421e-06 1.45594e-07 1.74173e-06 
2.85634e-06 0.00632683 1.91592e-05 6.83201e-06 7.72266e-08 0.0108584 0.0173086 7.21656e-05 2.22905e-08 0.0118643 2.65873e-05 8.70496e-08 2.29341e-05 0.0126929 9.78573e-06 0.00150216 2.39286e-06 2.33658e-06 4.35947e-06 0.011909 1.542e-05 3.36022e-05 0.484217 1.21357e-08 0.442832 7.19404e-06 3.48675e-06 0.000259765 
0.00103665 0.0020404 1.29438e-08 2.23332e-10 1.10227e-07 0.0181054 0.00782181 1.08954e-07 0.000135797 3.18622e-08 1.13177e-10 2.08826e-10 0.000250616 0.417436 3.23794e-05 2.35433e-07 7.86423e-08 4.4867e-05 1.55809e-07 0.139772 1.25641e-05 5.63417e-08 0.00374619 2.91128e-11 0.399802 0.00280564 0.000978206 0.00597834 
0.0842976 1.16202e-07 3.92195e-07 4.62167e-07 1.36874e-10 2.25025e-07 3.32782e-07 5.58502e-11 5.1758e-07 0.00646689 8.36169e-11 1.17271e-06 4.99861e-07 0.478697 7.15777e-06 0.00623087 1.40011e-10 0.00293122 6.35883e-07 0.206217 1.21933e-06 3.98557e-07 2.92111e-07 2.1509e-11 0.136849 1.34447e-06 6.237e-08 0.0782958 
1.64034e-06 1.33658e-07 0.0693504 3.03633e-07 1.27528e-06 1.20134e-06 0.000232501 2.68487e-07 2.40303e-11 1.46356e-05 5.08603e-11 9.38439e-11 0.000801613 0.593866 0.243302 0.00524917 8.51625e-11 2.78369e-07 3.83268e-05 0.00969777 1.71677e-11 6.37791e-11 2.66922e-07 1.3083e-11 0.0746336 0.00166042 1.02335e-06 0.0011464 
1.78993e-07 2.83785e-07 5.26385e-08 7.47968e-08 1.88311e-07 0.000713328 1.65674e-07 4.4299e-08 0.000433354 2.28555e-07 5.82033e-08 2.49692e-11 1.88619e-07 0.0420723 1.31465e-06 0.0038991 2.742e-07 4.17054e-08 2.79158e-07 1.5591e-06 4.56784e-12 1.69698e-11 1.02607e-06 3.481e-12 0.95287 5.26857e-06 2.44742e-08 1.18605e-06 
1.22882e-05 1.88227e-07 4.1944e-10 0.152081 6.00314e-10 0.847751 9.3806e-06 2.36383e-05 1.1611e-06 1.78925e-05 3.66734e-10 6.76672e-10 1.87286e-06 1.59717e-05 8.37186e-06 3.24194e-06 6.14074e-10 3.80357e-05 1.21855e-05 4.68733e-06 3.72607e-08 4.59886e-10 1.30475e-06 9.43361e-11 8.19703e-06 5.37647e-06 6.7693e-07 3.78976e-06 
1.79956e-07 0.00181495 3.03447e-07 5.23548e-07 4.34302e-07 0.00515656 8.05983e-08 1.77213e-07 6.28032e-05 3.31903e-07 2.65316e-07 0.0218341 0.000183384 0.954743 3.52113e-07 0.00622382 4.44256e-07 3.40555e-07 0.00164877 0.000873077 8.95566e-08 3.32708e-07 0.00412807 6.82482e-08 0.00151226 4.18197e-07 0.00100414 0.000810593 
0.000527473 0.0266972 1.22362e-05 3.48174e-07 5.48672e-07 0.0193007 0.0204984 1.46029e-05 0.000126759 1.83989e-05 8.31881e-05 3.65314e-09 0.00011736 0.153984 0.000199881 0.00799603 6.62849e-06 7.75345e-08 0.000185173 0.0280324 0.000127137 6.48157e-07 0.014311 5.09292e-10 0.693997 0.0133579 0.000163813 0.020241 
0.00022594 0.093559 8.20876e-07 0.000591331 1.17486e-06 0.458961 0.0468454 0.0425256 0.000748035 8.97853e-07 7.17726e-07 0.000531597 1.3487e-06 0.237786 2.58937e-05 0.00492205 5.05749e-05 9.21261e-07 0.00156538 0.0114898 0.0124455 2.51428e-05 0.00901195 1.84623e-07 1.91048e-05 0.00399037 0.000840504 0.0738334 
6.24342e-05 2.96579e-06 8.16221e-07 2.22908e-05 3.37845e-06 0.00226005 2.0163e-06 5.68187e-06 0.00375962 2.09591e-08 1.67543e-08 3.09139e-08 5.03276e-09 0.963473 1.56875e-05 9.88174e-06 2.80541e-08 6.36494e-07 2.53947e-05 0.0118271 1.36782e-05 2.101e-08 0.0135926 4.30976e-09 1.43725e-05 0.00489853 5.18445e-08 9.96149e-06 
1.15166e-07 0.0301895 7.83828e-06 1.01022e-06 2.37982e-09 3.09475e-05 0.0481392 5.01425e-05 6.86906e-10 5.5199e-07 1.31004e-05 2.68252e-09 0.000653441 0.0548142 2.52437e-06 0.0251034 2.57717e-07 1.38259e-07 1.7422e-06 0.0314808 0.000456214 1.35787e-06 0.0259754 3.73975e-10 0.782841 2.9012e-07 1.5074e-06 0.000235593 
0.192513 0.00018904 6.01164e-06 8.03777e-07 0.000360644 0.0648178 0.00427466 0.00101194 9.49116e-06 1.76366e-05 2.55075e-05 0.105514 5.88652e-05 0.617661 1.83319e-05 0.0010717 6.82045e-07 6.01455e-06 1.15578e-07 5.91596e-05 0.000507385 1.37448e-05 4.33652e-05 1.04778e-07 0.0035894 0.00047459 0.000291144 0.00746329 
0.000522339 0.000287211 1.58161e-06 7.04082e-09 0.000621246 0.00716272 0.000291066 3.02279e-06 1.68582e-09 4.46352e-09 2.67741e-05 6.58352e-09 1.46026e-06 0.98613 0.000267817 1.74133e-05 1.45449e-06 2.05453e-06 1.14302e-07 0.00170228 1.20438e-09 8.67912e-06 7.46634e-08 9.17821e-10 0.00129029 0.00100497 0.000180597 0.00047672 
1.27522e-05 0.086856 2.87675e-07 4.96336e-07 4.11728e-07 4.74964e-06 7.64092e-08 1.68002e-07 4.76611e-06 2.7858e-05 2.51526e-07 4.64099e-07 3.51622e-06 0.69783 1.67906e-06 0.203573 4.21166e-07 1.30735e-05 8.78621e-06 0.00810753 6.29178e-05 3.15415e-07 0.000992388 6.47009e-08 0.00222928 1.87702e-05 1.02955e-06 0.000248565 
0.000110814 9.72819e-05 8.00947e-05 0.00041833 0.000604874 0.000232764 0.957984 0.0375085 9.18843e-09 2.4328e-08 5.85366e-06 3.58829e-08 5.84172e-09 0.000249931 2.58094e-08 0.000480132 0.000120517 0.000109859 0.000308469 0.000485806 0.000152957 2.43871e-08 0.000616829 5.0025e-09 0.000236358 3.06533e-08 7.25147e-05 0.000124022 
4.87158e-08 0.00111774 0.000649036 0.00018439 1.1757e-07 0.00421171 0.00038403 0.00110823 3.3935e-08 0.00445661 0.00101997 1.32524e-07 4.10138e-05 0.000577117 9.53202e-08 0.96233 0.00221298 0.000267447 0.000425958 0.00527449 0.000535811 9.00672e-08 0.00438532 1.84754e-08 0.00793039 0.000566161 0.000391002 0.00193045 
0.00711868 0.00683606 9.52711e-08 5.50904e-05 2.81032e-11 0.0440784 0.0011483 1.53955e-07 1.107e-06 2.1477e-11 0.0102615 3.16778e-11 0.000144738 0.535172 2.82856e-05 0.0143333 2.18216e-06 4.14939e-07 0.000164686 0.047019 0.000172048 4.60269e-07 7.32812e-07 4.41626e-12 0.309354 0.0113691 0.00158504 0.0111537 
0.000734572 0.00373509 1.25199e-05 3.2081e-09 9.62739e-07 0.00489179 0.00240884 1.24388e-06 7.24748e-07 2.46658e-06 0.000372674 2.99973e-09 7.98244e-05 0.980546 3.30783e-05 6.42118e-07 4.27657e-06 1.13134e-06 1.37396e-05 0.000266035 7.46416e-07 2.03871e-09 1.38426e-06 4.18198e-10 0.000686253 0.00505276 1.53293e-06 0.0011513 
1.88409e-08 1.07797e-05 3.177e-08 5.48139e-08 4.54701e-08 0.0222517 8.43841e-09 1.85537e-08 0.00121516 3.47492e-08 0.0142548 5.12537e-08 0.00108123 0.957295 3.68652e-08 0.00380059 3.62213e-06 3.56551e-08 3.33333e-05 1.13296e-06 2.9823e-06 3.48336e-08 1.46504e-05 7.14538e-09 1.74956e-05 1.36034e-05 1.99569e-06 1.57755e-06 
2.53956e-06 0.978095 4.28228e-06 7.38838e-06 6.12892e-06 0.000356267 0.000182365 0.00339896 0.000162835 4.68385e-06 0.000865457 0.000111742 7.22364e-05 0.00153109 4.96906e-06 0.00197704 6.2694e-06 0.00789321 0.000570685 0.000110473 0.00172996 4.69522e-06 0.00242387 9.63127e-07 1.04608e-06 0.000379046 4.13015e-05 5.59539e-05 
4.03097e-06 8.9028e-07 0.00306459 3.11504e-05 2.02996e-06 0.0122872 0.0181772 3.06358e-09 0.0423717 6.7433e-07 3.61265e-05 8.46301e-09 7.63993e-05 0.431204 0.0410388 0.207923 7.6801e-09 1.66801e-05 6.15413e-05 0.0021983 2.34402e-05 5.75171e-09 0.0881439 1.17984e-09 0.139145 0.00110544 0.000250903 0.0128363 
3.34339e-08 0.0219529 9.2625e-06 1.00707e-05 1.49022e-06 0.0122072 1.49743e-08 3.29243e-08 0.919605 0.000140836 1.84634e-06 9.0952e-08 5.9791e-08 0.0310837 0.00993396 0.00288308 8.25381e-08 7.27156e-06 1.65753e-05 2.7675e-05 0.00190114 6.18137e-08 1.80712e-05 1.26798e-08 0.000182946 5.09366e-06 4.76929e-06 6.58302e-06 
0.00269975 0.01593 9.59417e-06 2.87141e-12 7.20796e-05 0.00132399 4.42043e-13 9.71927e-13 0.000482843 8.8184e-06 0.0139754 2.68491e-12 0.000569666 0.0353853 3.40818e-05 0.00575277 3.70784e-05 0.000234336 0.0636088 0.0132175 0.716156 0.000105425 0.0110926 3.74308e-13 0.00321311 0.00134334 0.00152599 0.113221 
0.000185448 1.88366e-05 0.000626044 3.53339e-06 1.69692e-05 0.0072298 7.02799e-08 0.00538944 0.000280448 3.3818e-05 0.00139095 4.2687e-07 6.08156e-05 0.792046 0.0978409 0.0232941 1.43173e-06 0.00197856 0.00291603 0.0120682 4.60445e-06 5.56946e-06 0.00135895 5.95108e-08 0.0361615 7.2463e-06 6.91738e-05 0.0170111 
1.36015e-07 0.17997 3.51986e-06 3.81334e-06 5.39127e-07 0.199893 4.34819e-11 9.56044e-11 0.429886 3.07623e-05 6.87195e-07 2.64103e-10 1.72414e-08 0.13025 4.56096e-07 0.0309631 2.39672e-10 2.75607e-06 6.3318e-06 1.05789e-05 5.30985e-06 1.79493e-10 0.0276268 3.68192e-11 3.99905e-11 0.00134447 1.81992e-06 4.54248e-08 
1.49746e-05 0.043596 5.1531e-10 8.89083e-10 7.37526e-10 3.07934e-06 0.00650606 3.00941e-10 2.12878e-10 5.63633e-10 0.000122913 8.31337e-10 0.000311975 0.780916 1.07691e-06 0.000244667 1.5164e-07 5.78327e-10 1.253e-06 0.0160941 1.41453e-06 5.65001e-10 5.40823e-07 1.15898e-10 0.152138 4.14751e-05 2.90639e-06 3.36979e-06 
0.00027376 0.000414411 2.98733e-05 2.0622e-07 0.000264356 0.00262182 0.00105449 0.00095206 0.00162826 4.37164e-07 0.000131534 1.18363e-06 4.17424e-05 0.960582 0.000179458 0.0014561 1.68393e-06 0.00296167 0.00832301 0.00684439 0.0030731 2.37513e-06 1.10096e-07 6.88409e-10 0.00019179 0.000542814 2.09078e-07 0.0084275 
1.51718e-05 0.00485343 2.49458e-05 0.000236553 0.00111005 0.0233509 0.000215999 3.83994e-06 0.81016 4.94246e-08 0.000150646 0.000215764 5.57711e-05 0.00741121 1.00003e-07 0.00251759 5.7442e-06 2.57748e-07 0.00205716 0.0040113 0.127868 0.000164462 0.00362753 2.0929e-11 0.000110443 6.83741e-07 0.000239489 0.0115926 
0.00178229 2.22247e-05 0.0252212 6.15126e-06 3.17846e-06 0.00914083 0.000623921 0.000910574 1.18724e-06 3.95324e-07 0.000260126 1.75227e-07 0.00385794 0.655085 0.226046 0.00236981 0.000206491 0.000706596 0.00245592 0.00137561 3.29365e-06 8.41954e-07 3.28011e-07 2.81589e-08 0.0151844 0.0503572 3.91234e-05 0.00433982 
9.22108e-06 0.00312071 0.000133651 2.45615e-06 0.000119265 0.114358 3.78116e-07 1.97323e-06 0.000595811 1.53634e-05 1.24469e-06 0.000615001 8.47641e-06 0.865218 1.65189e-06 0.012966 2.08417e-06 0.00134672 0.000519124 0.000624873 4.20142e-07 1.56085e-06 0.000116109 3.20177e-07 4.27834e-05 3.42686e-05 2.84094e-05 0.000115803 
0.0583974 0.00514039 3.22737e-07 0.000162666 4.9997e-08 0.0227304 0.00107836 2.66568e-10 0.863172 0.00108259 6.33089e-08 3.93858e-05 6.6647e-05 0.0217719 4.22746e-08 6.03149e-07 3.60004e-06 0.000795239 0.00251878 0.0053375 4.86326e-07 5.00467e-10 0.00625836 1.0266e-10 1.11503e-10 0.0114424 1.66712e-07 5.2665e-07 
3.54142e-05 3.10475e-05 2.56691e-05 0.000133626 0.00681291 0.000318734 0.025049 2.99034e-05 5.50797e-08 1.45833e-07 1.16576e-07 6.78996e-05 3.50179e-08 0.944828 9.02182e-06 0.000153134 3.86185e-05 3.51765e-05 0.0120978 0.000154938 4.88163e-05 1.46187e-07 0.000196735 2.99873e-08 7.54071e-05 0.000437964 0.00376894 0.00565028 
0.0114964 0.000926014 9.15713e-05 0.000264857 2.0861e-10 0.512604 0.000201144 8.51216e-11 0.00116392 1.22341e-08 5.15027e-07 0.00277893 3.21611e-05 0.0140492 0.0902505 0.00125207 0.000103734 0.00101086 0.00141997 0.000453031 0.000119206 1.97055e-08 9.84718e-08 3.2782e-11 0.000412672 9.60958e-05 0.360749 0.00052362 
7.10944e-05 3.3438e-05 7.91762e-07 1.84886e-05 1.13319e-06 0.681927 0.00541777 4.62388e-07 0.168233 8.66008e-07 0.00231839 1.27733e-06 1.13198e-05 0.000439774 9.18742e-07 3.08105e-05 1.15917e-06 0.000161507 0.00401925 0.0302948 0.000395209 8.68111e-07 0.000741289 1.78075e-07 5.51864e-05 8.17135e-05 0.0971958 0.00854632 
0.000397718 7.47537e-05 0.000121478 2.48581e-05 0.000164117 0.00798337 0.00215507 0.000192448 0.000332838 0.000785878 3.8431e-05 3.81339e-08 0.000477762 0.914821 0.00125685 7.20312e-05 1.22661e-06 0.000326247 5.86431e-09 0.0138256 1.84987e-05 3.45028e-05 0.00127598 5.31633e-09 0.0451116 0.00535142 6.31669e-05 0.00509297 
0.00926504 0.0014768 0.006362 2.91567e-08 1.04427e-05 0.0157122 0.00337976 9.8691e-09 0.0002489 0.000371576 3.23456e-06 1.41421e-05 0.000139046 0.616404 7.27616e-05 1.17909e-05 1.51957e-05 1.89658e-08 0.00278672 0.0235821 2.73469e-06 1.04336e-05 0.185129 3.80079e-09 0.0447127 0.0108982 0.000532777 0.0788588 
1.88409e-08 1.07797e-05 3.177e-08 5.48139e-08 4.54701e-08 0.0222517 8.43841e-09 1.85537e-08 0.00121516 3.47492e-08 0.0142548 5.12537e-08 0.00108123 0.957295 3.68652e-08 0.00380059 3.62213e-06 3.56551e-08 3.33333e-05 1.13296e-06 2.9823e-06 3.48336e-08 1.46504e-05 7.14538e-09 1.74956e-05 1.36034e-05 1.99569e-06 1.57755e-06 
2.03803e-09 0.0017753 4.35837e-05 4.44593e-06 8.33514e-13 0.000183748 1.54406e-07 0.000293854 2.40584e-13 9.49178e-09 9.87894e-09 9.39534e-13 5.35861e-06 0.00394023 1.26442e-05 0.00794541 9.22617e-07 2.3536e-09 9.60915e-06 0.0274201 4.96207e-05 2.42011e-08 0.0185378 1.30982e-13 0.938363 5.13747e-09 8.40876e-06 0.00140575 
1.6634e-06 0.0701669 0.000181352 0.000193069 0.00912763 0.0528016 7.64552e-06 0.0335803 0.0915322 2.7992e-05 5.05397e-07 7.54003e-05 0.00022071 0.688369 5.90256e-05 7.13615e-05 8.68264e-06 0.000903203 0.00552845 0.0036383 0.0407676 6.3377e-07 9.62329e-05 1.30005e-07 0.00151125 7.58319e-06 1.68105e-05 0.00110517 
1.49746e-05 0.043596 5.1531e-10 8.89083e-10 7.37526e-10 3.07934e-06 0.00650606 3.00941e-10 2.12878e-10 5.63633e-10 0.000122913 8.31337e-10 0.000311975 0.780916 1.07691e-06 0.000244667 1.5164e-07 5.78327e-10 1.253e-06 0.0160941 1.41453e-06 5.65001e-10 5.40823e-07 1.15898e-10 0.152138 4.14751e-05 2.90639e-06 3.36979e-06 
8.31771e-05 0.000165224 8.84806e-05 0.00021277 0.000512303 0.112725 0.0144086 1.27214e-07 0.258069 2.94541e-05 1.90459e-07 3.51422e-07 5.72114e-08 0.543933 2.52767e-07 0.00957635 3.18913e-07 0.0176096 2.42562e-05 0.0126799 1.37743e-05 2.38837e-07 0.000182618 4.89924e-08 0.000436986 6.4321e-05 0.00127848 0.0279049 
1.26983e-06 3.31633e-05 2.82538e-09 1.29619e-06 0.00205289 0.173938 2.56193e-07 0.0792215 0.00346395 3.09033e-09 2.47035e-09 4.55811e-09 3.56772e-07 0.0326363 1.99573e-06 0.00474207 4.13645e-09 1.24827e-05 1.61352e-05 0.0109809 0.000294356 5.90378e-07 0.00720838 6.35455e-10 0.000302026 3.89381e-09 0.68509 1.68916e-06 
0.000143925 0.00182878 8.65334e-07 5.94702e-07 6.10355e-09 0.00079698 1.13271e-09 0.00097936 1.76172e-09 4.66446e-09 1.099e-06 6.8799e-09 5.24594e-05 0.708387 0.00129968 0.00973678 1.82145e-07 4.78607e-09 1.52582e-07 0.0494867 3.02666e-07 4.16529e-06 6.62536e-06 9.5914e-10 0.226177 0.00106252 1.18203e-07 3.41792e-05 
0.0408776 0.00149271 0.00012822 0.000219219 0.000116645 0.0119429 1.09883e-06 0.000296281 0.000663491 4.13582e-05 7.40396e-07 6.01303e-05 0.000422773 0.676792 0.000183975 0.00140192 1.77662e-06 0.000417724 5.51258e-05 0.0141846 0.000498608 1.08253e-06 0.000846904 6.97884e-07 0.000144172 0.245273 0.00294444 0.000991367 
0.00214121 0.0038441 3.27545e-06 0.00132231 4.68792e-06 0.00054227 0.000118533 1.91286e-06 1.35311e-06 3.58261e-06 1.4156e-05 5.28421e-06 0.000103205 0.98335 1.80152e-05 0.000522909 6.19596e-06 5.63454e-05 0.000247102 0.000124734 1.40956e-05 3.5913e-06 2.27894e-05 7.36681e-07 0.00241655 0.00403155 2.75115e-05 0.00105185 
8.92559e-05 0.000824979 6.40599e-05 0.000350077 3.44001e-05 0.386156 0.00133613 5.44724e-05 0.0336056 2.623e-06 0.260368 0.0476109 6.29842e-07 0.0114516 3.45853e-05 0.00223911 3.51092e-06 0.00343751 0.00358566 0.0123897 0.0898035 2.62936e-06 0.0977402 5.39359e-07 0.0172207 3.30497e-06 4.34195e-05 0.0315475 
