0.00296727 0.00784652 0.000647441 3.8404e-05 1.77945e-05 0.0558502 0.00159117 6.21476e-06 0.000814996 0.0928048 0.000159257 1.06561e-05 1.35611e-05 0.000818159 9.01167e-08 0.00546822 4.16535e-06 2.37403e-05 0.000116612 0.030107 0.000964767 5.88363e-07 0.00333641 0.00493582 0.00406284 1.41597e-10 0.786476 0.000916954 
3.12067e-08 0.00138284 5.26216e-08 0.00223353 0.000414299 0.00283907 0.000252994 3.0731e-08 0.0033738 5.75561e-08 0.051259 8.48931e-08 1.38206e-08 0.00149842 0.000140501 0.00117527 7.70397e-08 0.000891813 1.3055e-08 0.00595162 0.00422269 0.00128091 0.000119318 0.00409259 0.00102966 0.000210382 0.912153 0.00547799 
0.0204052 0.0017256 0.000311448 2.35209e-05 3.76373e-07 0.0695094 0.00176127 2.77376e-12 0.000185343 2.36745e-08 1.89885e-08 7.6624e-12 1.04316e-05 1.24521e-07 1.55481e-10 2.22107e-07 6.95356e-12 1.75283e-08 0.000677748 8.78862e-07 0.000102358 3.30892e-09 0.00144544 9.31122e-05 1.43132e-07 6.54568e-12 0.902443 0.00130408 
0.00299456 0.0267946 0.00677606 0.00208254 0.000480671 0.160453 0.147016 0.0797217 0.0165274 0.000113985 0.00334455 0.00294174 0.000215397 0.0593475 0.0001409 0.0397628 0.00332542 0.0150807 0.0331568 0.0316255 0.0198661 0.000242246 0.0339565 0.0070902 0.0316318 0.00030994 0.190999 0.0840031 
0.000113892 0.00178762 0.00122618 1.57001e-05 1.62224e-12 0.0239123 0.000113251 6.61939e-13 0.000295393 0.401549 1.20729e-05 2.96313e-09 3.85756e-06 0.00034237 1.22785e-07 0.00159544 1.06504e-05 8.23101e-06 1.68221e-09 0.00119332 0.00025413 1.24276e-12 0.000208095 1.98804e-05 0.000134059 1.56208e-12 0.566992 0.000211983 
0.0013959 0.0113068 0.000105626 1.57025e-05 0.000117343 0.0812784 0.000527823 4.09874e-05 0.00104346 3.67411e-06 0.000163525 3.58189e-08 1.52776e-06 0.000695846 4.02725e-10 0.00743117 1.64833e-09 2.70236e-05 0.000568232 0.10808 0.00193064 3.8682e-06 0.00833382 0.0225649 0.00693104 6.28961e-10 0.745935 0.00149788 
0.0184959 0.00632036 0.00017464 9.54522e-05 0.000113563 0.0528663 0.00150972 0.000559234 0.00102969 8.91497e-05 0.00045511 0.00348568 7.47489e-05 0.00286884 3.24791e-06 0.0113574 6.67766e-05 0.000153518 0.00295429 0.0598148 0.00554317 2.29578e-05 0.00642664 0.0102059 0.000939943 0.00010319 0.742402 0.0718682 
1.72037e-07 9.18829e-12 4.91604e-11 6.44703e-07 7.03597e-11 0.303385 8.48865e-08 2.87096e-11 0.0202528 5.37704e-11 4.2983e-11 8.96273e-07 1.29115e-11 1.10295e-07 5.70446e-11 6.51553e-10 7.19724e-11 5.57239e-09 1.21963e-11 4.31219e-12 1.45087e-11 5.39009e-11 4.88308e-08 1.10566e-11 1.2009e-11 6.77507e-11 0.676361 7.17564e-12 
0.0131331 0.0270825 0.00119228 0.000396259 1.62353e-05 0.157422 0.000766924 0.000177539 0.011255 0.000255874 0.000262753 0.0327128 2.21703e-05 0.0191149 0.00475478 0.00726351 0.00083432 0.000186336 0.0133173 0.0278164 0.00128694 0.000156192 0.00739659 0.00184409 0.00377673 0.000108782 0.653914 0.0135342 
9.2078e-09 0.0761073 3.79915e-08 3.1512e-12 5.25421e-10 0.022793 4.85115e-13 4.7893e-05 0.000777957 1.9977e-12 2.55524e-08 8.36843e-08 4.79693e-13 0.000652053 2.11934e-12 0.000655656 2.67395e-12 1.0823e-07 9.12592e-08 0.0309962 0.0108574 5.00837e-09 0.00104769 0.036917 0.25501 2.5171e-12 0.563714 0.00042403 
0.0013959 0.0113068 0.000105626 1.57025e-05 0.000117343 0.0812784 0.000527823 4.09874e-05 0.00104346 3.67411e-06 0.000163525 3.58189e-08 1.52776e-06 0.000695846 4.02725e-10 0.00743117 1.64833e-09 2.70236e-05 0.000568232 0.10808 0.00193064 3.8682e-06 0.00833382 0.0225649 0.00693104 6.28961e-10 0.745935 0.00149788 
0.00396725 0.0087012 0.0103105 0.000164503 1.64175e-05 0.254117 0.004394 0.000491621 0.00659241 0.294173 5.89259e-05 5.68254e-05 9.36036e-06 0.00651598 6.08854e-08 0.03642 7.04536e-06 0.0011166 0.000251345 0.00721671 0.00134467 1.12688e-06 0.0036422 0.00306215 0.00256396 1.72854e-07 0.352774 0.0020314 
0.0013959 0.0113068 0.000105626 1.57025e-05 0.000117343 0.0812784 0.000527823 4.09874e-05 0.00104346 3.67411e-06 0.000163525 3.58189e-08 1.52776e-06 0.000695846 4.02725e-10 0.00743117 1.64833e-09 2.70236e-05 0.000568232 0.10808 0.00193064 3.8682e-06 0.00833382 0.0225649 0.00693104 6.28961e-10 0.745935 0.00149788 
3.11307e-05 0.0258677 5.90752e-05 1.03265e-06 5.63419e-06 0.379448 0.000785396 0.010834 0.00894797 0.0275008 6.11124e-05 0.00106122 9.83754e-07 0.00119406 4.41353e-09 0.0103087 5.58912e-09 0.000385418 0.00136279 0.00688354 0.00221047 1.35214e-06 0.000903554 0.00417772 0.00231741 5.57258e-09 0.513706 0.00194505 
0.00117827 0.10522 0.00011464 0.000343258 1.63443e-07 0.0185846 0.0509431 0.00618533 0.00441914 0.000588826 0.00197929 1.63403e-07 1.63699e-07 0.00261958 0.000359869 0.0431097 0.00348134 1.63511e-07 0.00374895 0.0437836 0.0363725 1.63516e-07 0.0157168 0.0466895 0.00522228 1.63454e-07 0.529604 0.079734 
0.0276616 0.0290394 1.75105e-06 0.0043849 1.33319e-08 0.0881552 0.000269311 9.83172e-07 0.00260252 0.000126161 0.00015327 1.87084e-06 0.000275392 0.211783 1.08089e-08 0.0977918 8.97152e-06 0.0036803 0.000654714 0.0157362 0.00288736 1.02133e-08 0.00148611 0.00491031 0.0718519 0.00107802 0.429992 0.00546738 
4.42009e-05 0.0115612 1.96868e-06 2.71428e-05 0.000102418 0.0058603 0.00364811 6.69403e-05 0.00021162 5.87661e-05 1.15724e-05 3.24999e-05 1.0956e-07 4.4231e-05 5.25632e-07 0.00489299 0.0009875 8.44719e-05 0.00011138 0.00237848 0.00099227 2.67387e-05 0.00350096 0.0181215 0.0103485 9.87697e-06 0.918519 0.0183544 
0.00983874 0.0154732 0.00643785 0.000196869 0.00193491 0.132741 0.0125877 0.0349357 0.0381199 0.00558315 0.000165457 0.00727138 0.00855566 0.0197281 0.000168597 0.0118518 0.000115532 0.16779 0.0395094 0.0172817 0.00333223 0.00177996 0.0227148 0.0160324 0.00496943 0.000307559 0.404138 0.0164388 
0.000113892 0.00178762 0.00122618 1.57001e-05 1.62224e-12 0.0239123 0.000113251 6.61939e-13 0.000295393 0.401549 1.20729e-05 2.96313e-09 3.85756e-06 0.00034237 1.22785e-07 0.00159544 1.06504e-05 8.23101e-06 1.68221e-09 0.00119332 0.00025413 1.24276e-12 0.000208095 1.98804e-05 0.000134059 1.56208e-12 0.566992 0.000211983 
0.000958488 0.00753786 7.04206e-05 4.27898e-05 7.82333e-05 0.0627979 0.000351886 2.73263e-05 0.000695644 2.45036e-06 0.000109028 2.80995e-08 1.01899e-06 0.000463902 3.31752e-10 0.00495412 1.35756e-09 1.81924e-05 0.000378826 0.0720533 0.0012871 2.5795e-06 0.0055559 0.0150433 0.00462805 4.35167e-10 0.821943 0.000998591 
0.000460243 0.0223216 0.00496342 0.000217914 2.50815e-06 0.0974291 0.00016278 9.2589e-07 0.00160459 1.72013e-05 3.72425e-05 1.25868e-05 1.68848e-05 0.017399 2.26055e-06 0.0199243 1.80299e-06 1.4619e-05 0.00134035 0.216195 0.00143215 1.71186e-10 0.257107 0.000926704 0.000261659 5.12928e-05 0.357692 0.000404392 
0.00404521 0.0131446 0.0026843 0.000578333 0.000101944 0.179319 0.0388315 0.000978351 0.00108486 0.00232779 0.000919791 0.000399899 0.000890232 0.0300122 3.20799e-06 0.0160414 0.000334845 0.000302359 0.00371695 0.0286201 0.00225098 7.34376e-07 0.097204 0.00376961 0.0185642 0.00235785 0.538413 0.0131034 
0.0672345 0.000660513 0.000650925 6.43471e-05 0.000569105 0.176154 0.000524017 0.000198702 0.00232201 2.03189e-05 0.00210435 0.00287692 4.51698e-05 0.00360727 1.58473e-06 0.00856127 9.49105e-07 1.10334e-05 0.00199389 0.0537386 0.00200209 1.82758e-06 0.00826791 0.000540932 9.69419e-05 2.09604e-05 0.6649 0.00283024 
0.00562967 0.0472328 6.88034e-05 0.00455332 0.00545339 0.238163 0.00232031 1.37489e-07 0.0025097 2.24362e-05 0.00353837 0.00224564 1.041e-05 0.031955 8.02081e-07 0.0389096 1.37574e-05 2.06686e-05 0.00117742 0.0571722 0.00419117 4.94999e-09 0.0223797 0.00604459 1.26332e-05 9.00826e-07 0.525566 0.000807851 
0.00691177 0.0196942 0.00527333 0.153956 0.00182246 0.246664 0.0118234 0.00199501 0.0288318 0.00739579 0.00058803 0.0191126 0.00756142 0.0244361 1.94584e-05 0.0273439 0.000146621 0.00270918 0.0137856 0.0543126 0.00733927 0.000175306 0.0153092 0.00973409 0.0083664 0.0065217 0.280961 0.03721 
0.000119902 0.0439172 0.000769547 3.00777e-08 5.45596e-05 0.33047 0.00807828 0.00316772 0.00126242 7.1512e-06 0.000150468 0.000366129 1.03207e-05 0.0163068 7.93946e-09 0.01006 1.34817e-05 0.00412384 0.000221861 3.07292e-07 0.000350977 4.03869e-09 0.0589471 0.0137411 0.0135913 8.31296e-11 0.493681 0.000588284 
0.00158615 0.00548595 0.00249884 0.000449002 5.97895e-05 0.127824 0.00350403 0.0023524 0.00168298 0.000346334 0.000167783 0.000393722 1.81453e-05 0.000883211 4.67699e-07 0.0182763 5.93997e-05 3.20433e-05 0.000945723 0.0118926 0.00165296 4.12473e-06 0.0296338 0.00390108 0.00183421 2.04799e-05 0.770611 0.0138836 
0.000145222 0.0246768 3.89642e-08 0.000497639 0.000569242 0.174242 0.000347773 7.74173e-05 0.00803771 0.00013038 0.00168192 0.000305476 0.000326298 0.268178 5.45007e-05 0.0333129 2.46725e-06 3.73418e-05 0.00261785 0.100152 0.0544283 1.50889e-08 0.00235955 0.0263088 0.00136518 0.020857 0.271504 0.00778397 
0.0044449 0.00584506 0.00549352 0.000850443 0.000142836 0.161868 0.00464023 0.000392139 0.00283052 0.00600364 0.00473622 0.00180817 2.17339e-05 0.0199539 2.08298e-06 0.0078007 4.4158e-05 0.00742889 0.00179895 0.0318154 0.00174514 4.60642e-06 0.0140225 0.00643861 0.00210032 0.000659123 0.704433 0.00267502 
0.00359943 0.0379305 0.00140539 0.00054147 8.34531e-05 0.244638 0.00972981 0.000104712 0.00609452 2.62905e-05 0.00126635 0.000839287 9.58041e-05 0.0227986 5.17312e-06 0.016403 0.00171404 0.000656644 0.00426723 0.0477908 0.00395252 6.41127e-05 0.026227 0.0156146 0.00742033 0.00193709 0.516881 0.0279122 
0.00207666 0.0668554 8.51509e-07 0.000360106 0.000599952 0.29044 0.000455394 4.76024e-05 0.100096 0.000356732 4.54396e-05 0.00200713 1.87591e-07 0.0652483 6.25056e-10 0.00772107 0.000152658 5.99576e-05 0.00787097 0.0374623 0.00255005 4.82842e-06 0.00178406 0.000395318 0.00623157 7.68277e-05 0.390253 0.0168479 
0.000104777 0.0193308 6.87963e-05 0.000118344 5.02964e-05 0.18374 0.00135228 0.0438667 0.000766308 4.69184e-07 0.00494455 0.000114049 3.50701e-06 5.36208e-05 7.82022e-08 0.242159 2.91409e-05 3.25591e-06 0.020548 0.00859493 0.000453776 0.000140525 0.00416507 0.0461899 0.00839518 3.90897e-06 0.402841 0.0119616 
0.0149005 0.0481099 0.000588909 0.000480003 0.000619414 0.126948 0.0453117 0.000466907 0.0109333 0.000189491 0.000198679 0.00227052 0.00064541 0.0225881 2.63364e-06 0.0528605 0.00191296 0.000325497 0.00630986 0.033516 0.00830248 2.37238e-05 0.0274744 0.012996 0.00691334 0.0581746 0.453739 0.063198 
0.00184514 0.0141598 1.76215e-05 0.00709162 4.32701e-05 0.0671086 0.00580135 0.000259093 0.00500089 0.000495242 0.000294082 0.00147467 0.00175937 0.0552237 6.17619e-05 0.00904249 0.00139377 8.30825e-05 0.00719499 0.0446119 0.00817245 3.5677e-06 0.00588594 0.0084884 0.00746352 0.114948 0.590115 0.0419601 
1.39092e-05 0.00806171 2.5617e-12 4.06404e-10 6.71745e-09 0.0382333 3.28238e-05 8.78379e-06 0.0047286 2.80192e-12 6.46076e-05 5.80448e-05 6.72806e-13 0.000930278 2.97254e-12 0.000988127 7.64673e-10 5.51309e-08 0.000555941 0.00107036 0.000601286 3.50024e-09 1.20715e-05 8.62886e-05 0.000866186 3.53043e-12 0.943346 0.000341829 
0.0672345 0.000660513 0.000650925 6.43471e-05 0.000569105 0.176154 0.000524017 0.000198702 0.00232201 2.03189e-05 0.00210435 0.00287692 4.51698e-05 0.00360727 1.58473e-06 0.00856127 9.49105e-07 1.10334e-05 0.00199389 0.0537386 0.00200209 1.82758e-06 0.00826791 0.000540932 9.69419e-05 2.09604e-05 0.6649 0.00283024 
4.40302e-05 0.0114255 1.70036e-06 2.48585e-05 7.6402e-08 0.00592016 0.00334673 6.14629e-05 0.000218103 6.04769e-05 1.06572e-05 3.02568e-05 1.06616e-09 4.5099e-05 4.8444e-07 0.00475296 0.000677055 8.30187e-05 9.09096e-05 0.00237487 0.000886328 2.12319e-05 0.00253028 0.0172367 0.00167061 8.35681e-06 0.930705 0.0177732 
0.00580899 0.000321657 0.000633764 0.000119703 0.000136933 0.0845846 0.000567023 3.56971e-05 0.00422907 1.36857e-05 0.00106803 0.000616321 1.51586e-05 0.00402502 2.0058e-07 0.00408932 2.95514e-06 1.71122e-05 0.00395387 0.0474986 0.000432863 1.58825e-06 0.0191724 0.000332556 0.000164781 7.46129e-06 0.818779 0.00337139 
0.000958488 0.00753786 7.04206e-05 4.27898e-05 7.82333e-05 0.0627979 0.000351886 2.73263e-05 0.000695644 2.45036e-06 0.000109028 2.80995e-08 1.01899e-06 0.000463902 3.31752e-10 0.00495412 1.35756e-09 1.81924e-05 0.000378826 0.0720533 0.0012871 2.5795e-06 0.0055559 0.0150433 0.00462805 4.35167e-10 0.821943 0.000998591 
3.19324e-06 0.00479879 1.76285e-06 0.000277887 8.46571e-12 0.0179974 0.00113537 3.90833e-05 0.00298489 1.26624e-05 0.000248373 0.00029849 1.48583e-06 0.00158181 4.14019e-09 0.0085757 0.00263558 4.63553e-05 0.000833859 0.00342552 0.0364201 1.23322e-08 3.49494e-05 0.0528893 3.3425e-05 8.15179e-12 0.860185 0.00553883 
0.00333953 0.00311372 0.0100882 0.000529551 1.526e-08 0.0813809 0.00403222 2.69467e-05 0.000119883 0.00138871 7.56443e-06 5.14181e-05 1.51935e-05 8.71421e-05 2.57209e-08 0.00437558 2.52544e-06 1.03587e-08 0.000279778 0.00256949 1.72212e-05 3.4644e-10 0.0504963 0.000464618 0.0027374 8.72305e-06 0.834224 0.000643501 
0.00141533 0.00254126 0.000494609 9.73595e-05 8.28092e-05 0.0926373 0.00569143 0.0020459 0.0018496 1.42407e-05 0.00209792 0.000311875 1.27566e-05 0.00370371 5.09569e-07 0.0101215 1.46687e-05 8.78681e-06 0.00310368 0.0287843 0.00227341 5.54203e-06 0.0214135 0.00544176 0.00175194 2.36965e-05 0.81144 0.00262077 
0.083995 0.00761601 0.139975 0.000183064 0.0004429 0.289118 0.00241787 0.000124211 0.0534799 0.000278875 0.000884535 0.00142289 0.000151223 0.0188828 6.53946e-06 0.0101286 5.10682e-07 0.000905893 0.00211358 0.0580509 0.00345491 4.89915e-06 0.0149842 0.0100005 0.00221796 0.00163051 0.295262 0.00226752 
0.0231539 0.000995626 0.000810245 0.000109241 0.000195716 0.17626 0.000431984 0.000269576 0.00142575 4.62606e-05 0.00104999 0.00222053 1.69826e-05 0.00364419 5.4534e-07 0.0113638 7.14561e-06 0.0373911 0.00125133 0.0275207 0.00288408 5.60979e-06 0.00577097 0.00757695 0.000431556 7.1987e-06 0.692228 0.00293149 
0.00360768 0.0030395 0.000267971 0.000790765 0.000960898 0.12805 0.000565185 1.82294e-11 0.000419017 1.48311e-06 0.00107029 0.00029864 1.69171e-05 0.0100549 5.93756e-07 0.0039162 0.000288977 3.48795e-05 0.00257557 0.0257656 0.00175691 1.35751e-08 0.00315201 0.00039575 0.000122843 7.57906e-07 0.811503 0.0013434 
0.0442016 0.00113581 0.000520994 0.000241685 0.000172568 0.327347 0.000628405 6.02788e-05 0.00197551 7.69081e-06 0.000677269 0.00400497 6.34155e-05 0.0108631 0.0172075 0.00674126 3.52991e-05 0.000669423 0.00255113 0.0208464 0.00109317 1.83352e-06 0.00298914 0.00016382 0.000303469 9.7502e-05 0.553324 0.00207596 
0.00580899 0.000321657 0.000633764 0.000119703 0.000136933 0.0845846 0.000567023 3.56971e-05 0.00422907 1.36857e-05 0.00106803 0.000616321 1.51586e-05 0.00402502 2.0058e-07 0.00408932 2.95514e-06 1.71122e-05 0.00395387 0.0474986 0.000432863 1.58825e-06 0.0191724 0.000332556 0.000164781 7.46129e-06 0.818779 0.00337139 
0.000181628 0.0212311 1.36228e-05 0.000358918 6.30782e-06 0.0629653 0.000512175 0.00217412 0.000905209 3.48289e-05 0.00459684 4.74561e-05 0.000126415 0.160467 0.000392547 0.0419873 4.48096e-05 0.00191118 0.0241729 0.0191549 0.0802133 7.92519e-05 0.0394256 0.00579843 0.00239963 0.00354238 0.498097 0.0291598 
0.0014183 0.00625051 0.00150306 0.00230933 0.00233266 0.346274 0.00165126 0.000382396 0.0020426 3.22626e-05 0.00184966 0.00207471 2.875e-05 0.00802153 1.66291e-06 0.023805 0.000962705 0.000173263 0.0164024 0.1124 0.0084529 3.47737e-05 0.052889 0.00263295 0.00123445 7.07053e-06 0.400597 0.00423573 
0.0104403 0.0151497 0.0040632 0.00139588 0.00171002 0.105138 0.0434262 0.00122782 0.00731036 0.0254416 0.000305924 0.00120927 0.000863868 0.0132643 2.64742e-06 0.0234532 0.0013624 0.000578429 0.0140657 0.0440868 0.00581458 4.16176e-05 0.0339833 0.0123174 0.00664358 5.05531e-05 0.603913 0.0227401 
0.0304359 0.0064808 0.00129962 0.00043271 0.000916658 0.149188 0.0238598 0.0178882 0.00286712 0.00273386 0.00285906 0.00136074 0.00143629 0.0190207 9.76225e-05 0.0143406 0.000501998 0.000185547 0.00722764 0.0431146 0.00542991 5.27181e-06 0.0239821 0.00405429 0.00945948 0.0113683 0.592945 0.0265089 
3.30426e-05 0.00330446 3.98088e-09 5.86298e-05 5.69755e-09 0.1546 7.31198e-05 2.32483e-09 0.00718402 4.35418e-09 2.08038e-07 3.20902e-05 2.36057e-05 0.0919622 4.61932e-09 2.41723e-05 8.59457e-08 0.305441 0.0147713 0.000289423 0.00466257 0.00130262 0.00913176 8.95338e-10 0.000436511 1.667e-07 0.406084 0.000584939 
1.39092e-05 0.00806171 2.5617e-12 4.06404e-10 6.71745e-09 0.0382333 3.28238e-05 8.78379e-06 0.0047286 2.80192e-12 6.46076e-05 5.80448e-05 6.72806e-13 0.000930278 2.97254e-12 0.000988127 7.64673e-10 5.51309e-08 0.000555941 0.00107036 0.000601286 3.50024e-09 1.20715e-05 8.62886e-05 0.000866186 3.53043e-12 0.943346 0.000341829 
1.99266e-05 4.02522e-05 2.43608e-05 2.99014e-07 3.7484e-08 0.181252 9.05923e-05 0.00135102 0.000120894 3.12318e-06 5.77288e-05 0.000201819 1.47457e-05 4.5804e-05 1.67893e-09 0.00216703 9.71531e-07 5.21605e-10 9.88607e-09 1.99115e-10 1.95597e-05 3.58658e-08 0.00835277 0.000883933 0.000270256 2.59023e-12 0.805071 1.17704e-05 
0.0199351 0.00506541 0.000106384 2.72425e-05 7.48771e-05 0.333559 0.000376115 5.58532e-05 0.00360791 5.41092e-07 0.000114347 0.000285808 6.52235e-05 0.000298938 6.29822e-07 0.00255945 1.6252e-05 3.85145e-06 0.000691251 0.0194945 0.000436117 4.30162e-08 0.00844758 0.000594529 0.000325162 1.567e-09 0.603117 0.0007417 
0.00473698 0.0161622 0.000630308 8.43219e-05 0.00089721 0.0815636 0.00383645 0.00231135 0.0014498 0.0253429 0.0029184 2.40904e-05 0.00010045 0.041099 0.000106572 0.0348334 0.000261464 0.000188758 0.0157484 0.0242962 0.0554008 0.000444077 0.0572174 0.00276902 0.00148827 0.000894088 0.608203 0.0169919 
0.0023684 0.0674634 4.92275e-08 0.000366218 1.05565e-08 0.126141 0.000528241 4.56937e-05 0.0146905 0.000351592 4.43671e-05 0.00199646 1.91216e-09 0.00865107 2.71877e-12 0.00770877 0.000364783 5.72753e-05 0.00786441 0.019021 0.00255651 4.92351e-08 0.00178054 0.000393122 0.00628105 7.51698e-05 0.714074 0.0171759 
0.000451339 0.0122229 0.000105637 2.19332e-05 2.09769e-06 0.0157941 0.0019598 8.9821e-05 0.000903364 0.0297671 2.30196e-05 0.000141195 1.77066e-05 0.00074841 1.0059e-06 0.00470409 0.000353035 0.000117888 0.000367746 0.00846662 0.00198901 1.31413e-05 0.000897704 0.00666719 0.00216062 2.79486e-05 0.876921 0.0350649 
1.20232e-05 0.000345428 8.81485e-12 7.36422e-05 9.24653e-08 0.0181819 0.000999991 0.00028698 2.11379e-05 1.49057e-08 5.50776e-10 0.00115488 1.17663e-08 0.000133102 1.02285e-11 0.00759159 1.08266e-05 4.95043e-05 8.33447e-08 0.0425595 0.00258659 9.66485e-12 0.00126228 1.14884e-05 2.17264e-05 1.21482e-11 0.913853 0.010844 
0.000821417 0.0462083 0.0263473 0.000421938 0.0111031 0.240646 0.0051523 3.46695e-05 0.0139581 0.0901159 3.02273e-05 0.000534808 0.000123137 0.00673962 2.42835e-09 0.0373866 2.71029e-06 0.000175418 0.000448355 0.0773659 0.00286651 3.09256e-08 0.0771469 0.00666882 0.0236988 6.92277e-05 0.311031 0.0209022 
0.00718427 0.00745469 0.00730256 7.06652e-05 4.05959e-08 0.155716 0.00030507 1.27892e-06 0.0081933 0.0749423 2.58049e-05 0.000638702 5.91482e-06 0.0012958 5.6901e-07 0.00341567 4.20357e-05 6.47393e-05 9.23204e-05 0.00111655 0.000225608 3.6683e-06 0.000459185 3.40104e-05 0.00016558 1.6529e-05 0.73081 0.000416871 
0.000460243 0.0223216 0.00496342 0.000217914 2.50815e-06 0.0974291 0.00016278 9.2589e-07 0.00160459 1.72013e-05 3.72425e-05 1.25868e-05 1.68848e-05 0.017399 2.26055e-06 0.0199243 1.80299e-06 1.4619e-05 0.00134035 0.216195 0.00143215 1.71186e-10 0.257107 0.000926704 0.000261659 5.12928e-05 0.357692 0.000404392 
0.0064706 0.00551932 7.82735e-06 0.00168749 0.000230288 0.0650396 0.0106724 0.00200647 0.000998129 0.00579311 0.000462878 0.000555568 0.00294804 0.148198 1.92557e-05 0.119274 0.00122486 0.00089787 0.01985 0.22476 0.0176548 0.000112117 0.0167603 0.018349 0.0125008 0.000275794 0.282613 0.0351187 
0.00185787 0.0273877 0.010184 0.000136059 0.0026884 0.244163 0.0108137 0.000582221 0.00971608 0.0639008 8.93206e-05 0.00488673 2.4003e-05 0.0236192 1.18455e-06 0.0163631 3.90389e-05 0.00193888 0.0140882 0.0460656 0.00898741 0.00013842 0.0329133 0.023642 0.182717 3.92105e-05 0.255245 0.017772 
3.78924e-05 0.00204695 0.000884487 2.10752e-05 3.75809e-05 0.0881773 0.000234014 7.92437e-06 0.00514021 4.45938e-06 1.45693e-05 0.000349492 8.1809e-06 0.00313487 1.89916e-06 0.00449277 0.0145095 6.07036e-05 0.000315721 0.0337669 0.00358421 5.15601e-06 0.00193141 0.00052719 0.000809356 2.95652e-07 0.832899 0.00699728 
0.00503984 0.00663551 0.00331774 0.000674657 0.000162164 0.0545622 0.00230295 2.06326e-07 0.00505245 0.000543431 0.000594185 0.00126559 3.21742e-05 0.0286306 1.34544e-07 0.00374861 1.92399e-05 3.52476e-05 0.010089 0.0189738 0.0529194 1.98784e-07 0.000603846 0.0117972 0.00494362 1.2494e-07 0.776562 0.0114937 
7.82332e-08 0.0016192 8.25077e-06 4.7876e-05 3.73053e-09 0.146255 8.09492e-05 0.00487865 0.0003778 5.1621e-06 1.0666e-06 0.000237543 1.76458e-06 0.000968064 3.02455e-09 0.00741337 4.80891e-06 1.84282e-05 0.000285673 0.00125227 0.00153444 8.77343e-06 0.000531767 0.0147436 0.000616954 3.5922e-09 0.818946 0.000162396 
0.000189844 0.0148505 8.32045e-07 7.32767e-05 1.9879e-09 0.00180021 0.00142182 0.000647472 8.9983e-05 0.000242928 6.09431e-06 0.000915891 2.20452e-05 0.000789906 2.79031e-06 0.0100449 0.000154904 0.000208509 0.00246259 0.0318572 0.0117558 4.35696e-05 0.000486508 0.0275134 0.00106481 9.21295e-05 0.719098 0.174164 
0.00496603 0.0024173 3.32034e-05 0.000165705 7.21315e-05 0.0608402 0.00297374 1.2613e-09 0.00101935 1.80023e-05 0.0112441 0.00144639 0.0001014 0.0103524 4.87508e-06 0.00184591 1.44809e-06 6.50192e-06 0.00138802 0.0363051 0.00101555 4.7928e-08 0.0017254 0.00158459 0.000940905 0.0803807 0.77057 0.00858083 
9.94656e-05 0.00995568 1.34168e-05 4.19005e-05 2.39306e-05 0.0146087 0.00129276 0.000323161 0.000967842 0.000174252 3.795e-06 0.000624621 1.60104e-05 0.000525182 1.54181e-06 0.00504898 0.000570018 0.00016569 0.000828959 0.0136285 0.00595214 3.84856e-05 0.000459749 0.0314788 0.000460198 0.000102538 0.818981 0.0936122 
0.0204052 0.0017256 0.000311448 2.35209e-05 3.76373e-07 0.0695094 0.00176127 2.77376e-12 0.000185343 2.36745e-08 1.89885e-08 7.6624e-12 1.04316e-05 1.24521e-07 1.55481e-10 2.22107e-07 6.95356e-12 1.75283e-08 0.000677748 8.78862e-07 0.000102358 3.30892e-09 0.00144544 9.31122e-05 1.43132e-07 6.54568e-12 0.902443 0.00130408 
1.99266e-05 4.02522e-05 2.43608e-05 2.99014e-07 3.7484e-08 0.181252 9.05923e-05 0.00135102 0.000120894 3.12318e-06 5.77288e-05 0.000201819 1.47457e-05 4.5804e-05 1.67893e-09 0.00216703 9.71531e-07 5.21605e-10 9.88607e-09 1.99115e-10 1.95597e-05 3.58658e-08 0.00835277 0.000883933 0.000270256 2.59023e-12 0.805071 1.17704e-05 
0.000460243 0.0223216 0.00496342 0.000217914 2.50815e-06 0.0974291 0.00016278 9.2589e-07 0.00160459 1.72013e-05 3.72425e-05 1.25868e-05 1.68848e-05 0.017399 2.26055e-06 0.0199243 1.80299e-06 1.4619e-05 0.00134035 0.216195 0.00143215 1.71186e-10 0.257107 0.000926704 0.000261659 5.12928e-05 0.357692 0.000404392 
0.00970384 0.0377192 0.00229751 0.000446115 0.0244288 0.135907 0.087308 0.0110775 0.00409442 0.00736705 0.000434932 0.000301669 0.00210542 0.00674546 6.85979e-07 0.0580258 0.00301435 0.000105541 0.0251046 0.028621 0.0393454 0.000235561 0.129966 0.0246966 0.0533793 9.76315e-05 0.292266 0.0152048 
0.0672345 0.000660513 0.000650925 6.43471e-05 0.000569105 0.176154 0.000524017 0.000198702 0.00232201 2.03189e-05 0.00210435 0.00287692 4.51698e-05 0.00360727 1.58473e-06 0.00856127 9.49105e-07 1.10334e-05 0.00199389 0.0537386 0.00200209 1.82758e-06 0.00826791 0.000540932 9.69419e-05 2.09604e-05 0.6649 0.00283024 
0.0204052 0.0017256 0.000311448 2.35209e-05 3.76373e-07 0.0695094 0.00176127 2.77376e-12 0.000185343 2.36745e-08 1.89885e-08 7.6624e-12 1.04316e-05 1.24521e-07 1.55481e-10 2.22107e-07 6.95356e-12 1.75283e-08 0.000677748 8.78862e-07 0.000102358 3.30892e-09 0.00144544 9.31122e-05 1.43132e-07 6.54568e-12 0.902443 0.00130408 
0.00346426 0.0150696 0.000183204 0.000731719 0.000256953 0.13829 0.00467084 0.0137846 0.0048411 0.000110074 0.0130599 0.00130649 4.00199e-05 0.0226306 1.18928e-05 0.0246028 0.000664726 0.00474574 0.00643245 0.0487091 0.00371066 0.000345307 0.0149248 0.00583535 0.00859859 0.00156698 0.649109 0.0123038 
9.10995e-05 0.0329517 0.000588286 1.06856e-07 4.19168e-05 0.27627 0.00606709 0.00238472 0.000950198 5.6359e-06 0.000114567 0.000277624 8.00559e-06 0.0122393 2.89641e-08 0.00754914 1.14137e-05 0.00310224 0.000168022 1.52289e-06 0.000265595 1.52777e-08 0.104436 0.0103187 0.0102006 1.77164e-09 0.531515 0.000442601 
0.00309644 0.00970889 0.0198409 0.00153752 0.000354396 0.337241 0.0024275 0.00114034 0.0105139 0.000608155 0.00103941 0.00249686 2.48582e-05 0.0195368 0.00361715 0.0232038 8.90907e-05 0.00419806 0.00637979 0.0498232 0.00285423 0.000188951 0.0117188 0.0128065 0.0120541 0.000168201 0.442733 0.0205976 
0.00667724 0.00617402 0.00155839 5.93736e-05 0.000108848 0.0663065 0.0200304 6.9809e-05 0.00607534 0.000254766 0.00913604 0.000274706 0.00332966 0.0120492 2.79433e-05 0.029206 0.0149421 0.00013968 0.00895476 0.140993 0.00274245 1.45045e-07 0.0181688 0.00991714 0.024691 9.82575e-05 0.57816 0.039855 
0.0013959 0.0113068 0.000105626 1.57025e-05 0.000117343 0.0812784 0.000527823 4.09874e-05 0.00104346 3.67411e-06 0.000163525 3.58189e-08 1.52776e-06 0.000695846 4.02725e-10 0.00743117 1.64833e-09 2.70236e-05 0.000568232 0.10808 0.00193064 3.8682e-06 0.00833382 0.0225649 0.00693104 6.28961e-10 0.745935 0.00149788 
0.00188875 0.0182002 3.81331e-06 0.000120519 5.57403e-05 0.0164839 0.103785 0.000962129 0.000243568 0.000164673 1.73794e-08 0.000719531 0.00303768 0.00106946 3.61717e-07 0.0776214 0.00267027 3.81589e-05 0.0159702 0.00987371 0.00058328 7.97528e-08 0.097863 0.00660119 0.127553 1.47429e-05 0.502616 0.0118607 
5.75422e-07 5.75735e-07 0.00603922 0.00114967 5.74775e-07 0.145683 5.75675e-07 5.75429e-07 0.00897932 0.167854 0.00483228 0.00172448 5.75677e-07 0.0450225 0.000518061 0.019577 5.74751e-07 5.75015e-07 5.75688e-07 0.0119199 0.00944129 5.75035e-07 5.75735e-07 0.00385781 5.75691e-07 5.74817e-07 0.559518 0.0138765 
0.00176929 0.159762 2.08013e-07 2.07811e-07 2.07893e-07 0.101803 2.08218e-07 0.000499719 0.0325174 2.07987e-07 0.00332898 0.00590293 2.08219e-07 0.0377744 2.07969e-07 0.0231582 2.07884e-07 0.0109815 0.0419364 0.102322 0.0503454 2.07987e-07 0.00428994 0.00782964 0.0915978 2.07908e-07 0.270762 0.0534167 
0.000543884 0.00367069 0.00343201 0.00033858 8.97697e-05 0.0842782 0.00227065 6.40006e-05 0.000508836 0.000551258 4.99455e-05 0.000475401 5.31032e-06 0.000420329 1.25577e-08 0.00522309 9.14309e-07 6.91803e-06 0.000371197 0.0195867 0.000447411 9.73531e-06 0.0251299 0.00271822 0.00377309 3.85377e-06 0.844998 0.00103164 
0.000339968 0.0146403 8.9847e-06 9.25909e-05 1.92549e-09 0.00349271 0.00221307 0.000571575 0.000215846 0.0001465 6.09429e-06 0.000844171 3.44979e-05 0.00126299 2.37039e-06 0.0119578 0.000187316 0.000382485 0.00237505 0.046772 0.00700536 3.81758e-05 0.00186086 0.024047 0.00198818 4.50819e-05 0.689363 0.190106 
6.46465e-11 9.54589e-05 0.00122995 1.75328e-07 3.08563e-09 0.16557 0.000676737 2.95393e-06 6.63809e-05 1.19231e-10 0.00437373 0.000381539 2.01293e-06 1.28941e-05 7.9958e-10 0.000239364 1.05922e-06 1.22339e-10 2.0839e-07 0.00182435 2.51644e-07 4.44361e-06 9.43846e-05 5.50171e-06 0.00177161 1.62146e-05 0.82363 8.03637e-07 
0.000129662 0.00933088 9.92722e-06 2.26696e-05 4.54762e-06 0.0480372 0.00267919 0.00134709 0.000128425 9.67808e-05 3.51292e-05 0.000787952 3.46323e-05 0.000561549 1.18028e-06 0.00775089 0.000227996 7.73411e-05 0.00077141 0.00848355 0.00405691 1.7822e-05 0.00480555 0.0192881 0.00131894 4.27647e-05 0.839837 0.0501151 
0.000188982 0.0064129 0.026196 0.00142957 8.92481e-06 0.103401 0.0104083 0.000218455 0.000186522 0.00583522 3.53616e-06 0.000174494 1.14903e-05 0.000261657 6.90064e-08 0.0117807 6.01556e-06 1.63332e-07 0.000382365 0.00778305 3.57076e-05 6.32266e-09 0.133476 0.00134712 0.00809312 2.44098e-05 0.681073 0.00126168 
0.0204052 0.0017256 0.000311448 2.35209e-05 3.76373e-07 0.0695094 0.00176127 2.77376e-12 0.000185343 2.36745e-08 1.89885e-08 7.6624e-12 1.04316e-05 1.24521e-07 1.55481e-10 2.22107e-07 6.95356e-12 1.75283e-08 0.000677748 8.78862e-07 0.000102358 3.30892e-09 0.00144544 9.31122e-05 1.43132e-07 6.54568e-12 0.902443 0.00130408 
0.000119816 0.00406587 0.0760959 1.59142e-05 1.12685e-10 0.264886 0.00583237 2.05021e-08 0.00318453 0.252424 5.72764e-05 1.65884e-08 6.21781e-06 0.000302121 7.20436e-10 0.00639573 0.0165602 0.00528524 1.92812e-05 0.00108876 0.000215244 6.0141e-09 0.00108934 0.000392263 0.00201507 1.61886e-09 0.359412 0.000537024 
0.00692023 0.0199624 0.00173692 0.000312622 0.0002498 0.116886 0.012664 0.00316278 0.00347731 0.0166637 0.00119381 0.000468547 0.00460024 0.00767552 0.000774281 0.0169326 7.42396e-05 0.00277888 0.00401553 0.0366896 0.00384724 6.62176e-06 0.0235506 0.00831841 0.0149219 0.00188739 0.678788 0.0114407 
0.000116697 0.0614528 3.67782e-12 0.000811025 1.58811e-07 0.14626 0.00615695 0.000554815 0.00307194 1.4613e-05 0.000243637 0.0171253 4.9613e-06 0.0532662 3.12696e-07 0.0649564 8.67163e-05 0.00073762 0.00806054 0.0104534 0.0797771 5.32482e-05 0.0641046 0.210695 0.0010567 5.06861e-12 0.216076 0.0548641 
0.00950646 0.000374022 0.000225252 1.0607e-05 0.000181036 0.104759 0.000334996 6.3189e-05 0.00166486 8.53496e-06 0.000313213 0.000656253 1.00985e-05 0.0017942 4.00208e-06 0.00369588 0.0234787 1.42834e-05 0.000656158 0.0185173 0.000881819 2.3363e-06 0.00278998 0.000208596 0.000623732 2.77438e-06 0.825268 0.00395462 
0.000229084 0.00859923 0.0295568 0.00120844 2.31103e-08 0.130637 0.0127616 9.87121e-05 0.000257866 0.00509159 4.42814e-06 0.000188437 1.56012e-05 0.000319475 6.6672e-08 0.0160435 7.68313e-06 2.30747e-09 0.000498899 0.00931644 4.74337e-05 5.23308e-10 0.180765 0.00160022 0.00996255 3.19567e-05 0.591002 0.00175527 
0.00676713 0.00145168 0.00099953 6.26848e-05 6.41391e-05 0.0533908 0.00306386 0.000214757 0.00101276 1.29439e-05 0.000242427 0.000891799 1.38301e-05 0.00149727 1.49506e-07 0.00442381 2.9388e-06 4.13692e-06 0.00163156 0.0150337 0.000189697 3.88225e-07 0.0303877 0.000490773 0.000775482 2.58619e-06 0.875952 0.00141901 
0.000866243 0.00572318 0.0450756 7.52314e-05 1.18274e-10 0.262006 0.0036686 3.75911e-05 0.00870386 0.281282 0.000142801 0.000228626 4.33578e-06 0.00216448 1.16831e-06 0.0157756 0.00690325 0.00276999 4.7894e-05 0.00297692 0.000707305 5.24937e-06 0.00360283 0.000523994 0.00122503 1.82498e-09 0.35469 0.000791613 
1.39092e-05 0.00806171 2.5617e-12 4.06404e-10 6.71745e-09 0.0382333 3.28238e-05 8.78379e-06 0.0047286 2.80192e-12 6.46076e-05 5.80448e-05 6.72806e-13 0.000930278 2.97254e-12 0.000988127 7.64673e-10 5.51309e-08 0.000555941 0.00107036 0.000601286 3.50024e-09 1.20715e-05 8.62886e-05 0.000866186 3.53043e-12 0.943346 0.000341829 
0.00640389 0.00738329 0.00705421 0.000799792 4.21514e-05 0.132441 0.00792605 0.00060344 0.00253506 0.0427036 0.000485098 0.000646595 0.000144712 0.00413126 1.50447e-06 0.0106324 0.00121385 0.0292178 0.00436256 0.0198291 0.00423255 7.26668e-05 0.00733537 0.0033102 0.00219442 0.000139941 0.696361 0.00779634 
0.00208531 0.00217102 0.00824162 0.00055997 8.12226e-05 0.0878745 0.00377782 0.000113677 0.00158978 0.000966658 0.000277865 0.000458582 1.45242e-05 0.00152088 1.78945e-07 0.00753581 5.99499e-06 5.27742e-06 0.00183425 0.0232009 0.000181359 4.9012e-07 0.0600335 0.000791718 0.00250496 1.66225e-05 0.791439 0.00271614 
1.42824e-06 5.92337e-05 6.23938e-12 3.815e-05 7.87947e-08 0.0427916 2.10103e-05 4.18937e-06 0.000267183 6.82447e-12 6.66425e-09 0.000855107 2.05892e-08 5.97388e-05 1.45953e-10 5.24174e-05 9.13466e-12 4.30969e-06 2.83986e-05 3.65197e-08 0.000228219 3.4517e-05 2.45468e-09 1.2967e-05 4.72045e-05 3.96252e-09 0.955453 4.1408e-05 
0.000958488 0.00753786 7.04206e-05 4.27898e-05 7.82333e-05 0.0627979 0.000351886 2.73263e-05 0.000695644 2.45036e-06 0.000109028 2.80995e-08 1.01899e-06 0.000463902 3.31752e-10 0.00495412 1.35756e-09 1.81924e-05 0.000378826 0.0720533 0.0012871 2.5795e-06 0.0055559 0.0150433 0.00462805 4.35167e-10 0.821943 0.000998591 
0.0862025 0.000849228 0.000797945 8.2729e-05 0.000731697 0.176243 0.000673733 0.00025547 0.00254041 2.61227e-05 0.00270558 0.00369888 5.80746e-05 0.00421419 2.03712e-06 0.010867 8.83497e-10 1.41844e-05 0.00256357 0.0690924 0.00246134 2.34921e-06 0.0106302 0.00069548 0.000124638 2.69466e-05 0.620802 0.00363887 
0.000172456 0.00614232 0.0211121 0.00121508 1.86411e-08 0.105419 0.00911542 7.05146e-05 0.000184193 0.00363687 3.16377e-06 0.000134604 1.11444e-05 0.000228199 4.77524e-08 0.0114597 5.48882e-06 2.4906e-08 0.000356361 0.00665461 3.38825e-05 4.2224e-10 0.129118 0.00114302 0.00712156 2.2828e-05 0.695386 0.00125377 
0.00503984 0.00663551 0.00331774 0.000674657 0.000162164 0.0545622 0.00230295 2.06326e-07 0.00505245 0.000543431 0.000594185 0.00126559 3.21742e-05 0.0286306 1.34544e-07 0.00374861 1.92399e-05 3.52476e-05 0.010089 0.0189738 0.0529194 1.98784e-07 0.000603846 0.0117972 0.00494362 1.2494e-07 0.776562 0.0114937 
1.05803e-05 0.00576865 2.62365e-07 1.97581e-08 3.96534e-07 0.0442786 2.4036e-05 7.40627e-06 0.003387 3.20498e-10 4.77877e-05 4.45012e-05 7.69591e-11 0.000667616 3.40014e-10 0.000708632 3.68724e-08 3.20721e-06 0.000400507 0.000767472 0.000434024 2.06671e-07 8.97268e-06 6.27509e-05 0.000625015 4.03828e-10 0.941091 0.00166115 
0.000339968 0.0146403 8.9847e-06 9.25909e-05 1.92549e-09 0.00349271 0.00221307 0.000571575 0.000215846 0.0001465 6.09429e-06 0.000844171 3.44979e-05 0.00126299 2.37039e-06 0.0119578 0.000187316 0.000382485 0.00237505 0.046772 0.00700536 3.81758e-05 0.00186086 0.024047 0.00198818 4.50819e-05 0.689363 0.190106 
0.000758269 0.00210909 9.07379e-05 4.67441e-05 1.30034e-05 0.0260423 0.00047244 8.21006e-05 0.00079321 4.44035e-05 0.000132973 0.000402861 1.31359e-05 0.0016232 8.59666e-07 0.00412939 0.00010192 8.95854e-05 0.00124139 0.0305167 0.00371104 7.81822e-06 0.00268577 0.00892147 0.000510511 1.89386e-05 0.88703 0.0284105 
0.0672345 0.000660513 0.000650925 6.43471e-05 0.000569105 0.176154 0.000524017 0.000198702 0.00232201 2.03189e-05 0.00210435 0.00287692 4.51698e-05 0.00360727 1.58473e-06 0.00856127 9.49105e-07 1.10334e-05 0.00199389 0.0537386 0.00200209 1.82758e-06 0.00826791 0.000540932 9.69419e-05 2.09604e-05 0.6649 0.00283024 
0.00197189 0.0341875 5.20117e-12 0.00348245 0.000434964 0.0981538 0.0010248 3.03748e-12 0.0116582 0.000213759 0.100955 0.00626399 1.36604e-12 0.140098 9.43391e-07 0.0094509 3.00923e-06 0.000477629 0.0174692 0.0770578 0.0438741 2.25876e-05 0.00134888 0.0505879 0.00217646 4.92558e-07 0.274112 0.124974 
0.00101532 5.70197e-05 1.03872e-08 9.03398e-05 1.00127e-11 0.0328366 2.66362e-05 2.44032e-06 9.66189e-05 7.65192e-12 2.04065e-08 7.51221e-05 1.481e-08 0.00039763 1.14694e-08 0.00211545 1.02422e-11 8.15848e-06 0.00010918 2.24992e-05 0.000217375 2.46644e-05 2.57946e-06 1.83433e-05 4.04638e-05 3.46331e-09 0.962841 2.25336e-06 
0.0530737 0.0015312 7.22184e-05 0.001536 2.37154e-06 0.345515 0.000444719 2.50646e-08 0.00466396 1.43991e-11 7.41918e-08 5.27007e-08 4.47016e-08 0.000123086 1.7153e-08 0.00173372 1.07194e-07 2.17472e-08 0.00134446 0.214578 0.00245024 1.08384e-08 0.00751337 0.000341591 1.48437e-08 1.88561e-08 0.362365 0.00271079 
0.0862025 0.000849228 0.000797945 8.2729e-05 0.000731697 0.176243 0.000673733 0.00025547 0.00254041 2.61227e-05 0.00270558 0.00369888 5.80746e-05 0.00421419 2.03712e-06 0.010867 8.83497e-10 1.41844e-05 0.00256357 0.0690924 0.00246134 2.34921e-06 0.0106302 0.00069548 0.000124638 2.69466e-05 0.620802 0.00363887 
0.00101532 5.70197e-05 1.03872e-08 9.03398e-05 1.00127e-11 0.0328366 2.66362e-05 2.44032e-06 9.66189e-05 7.65192e-12 2.04065e-08 7.51221e-05 1.481e-08 0.00039763 1.14694e-08 0.00211545 1.02422e-11 8.15848e-06 0.00010918 2.24992e-05 0.000217375 2.46644e-05 2.57946e-06 1.83433e-05 4.04638e-05 3.46331e-09 0.962841 2.25336e-06 
0.00175012 0.0615594 0.00231748 0.00512796 0.000596256 0.218987 0.00854178 0.000913831 0.0443721 0.0368429 0.000590496 0.00198393 7.94905e-05 0.0487931 1.95035e-05 0.0406533 8.06709e-05 0.000153566 0.00719629 0.056246 0.0285357 0.000147836 0.0482483 0.00977109 0.0146648 0.000801223 0.322208 0.0388177 
4.40302e-05 0.0114255 1.70036e-06 2.48585e-05 7.6402e-08 0.00592016 0.00334673 6.14629e-05 0.000218103 6.04769e-05 1.06572e-05 3.02568e-05 1.06616e-09 4.5099e-05 4.8444e-07 0.00475296 0.000677055 8.30187e-05 9.09096e-05 0.00237487 0.000886328 2.12319e-05 0.00253028 0.0172367 0.00167061 8.35681e-06 0.930705 0.0177732 
0.00114743 0.107553 0.0150097 0.00165894 1.94532e-08 0.225243 0.0148246 0.00165166 0.00564566 0.00513798 2.18318e-05 0.000224488 0.0060964 0.000937079 3.18796e-06 0.0592726 0.00135133 0.00010301 0.0105441 0.0162679 0.00323529 0.000775611 0.188314 0.00930271 0.0224851 3.30042e-05 0.292178 0.0109811 
0.000119902 0.0439172 0.000769547 3.00777e-08 5.45596e-05 0.33047 0.00807828 0.00316772 0.00126242 7.1512e-06 0.000150468 0.000366129 1.03207e-05 0.0163068 7.93946e-09 0.01006 1.34817e-05 0.00412384 0.000221861 3.07292e-07 0.000350977 4.03869e-09 0.0589471 0.0137411 0.0135913 8.31296e-11 0.493681 0.000588284 
0.0013959 0.0113068 0.000105626 1.57025e-05 0.000117343 0.0812784 0.000527823 4.09874e-05 0.00104346 3.67411e-06 0.000163525 3.58189e-08 1.52776e-06 0.000695846 4.02725e-10 0.00743117 1.64833e-09 2.70236e-05 0.000568232 0.10808 0.00193064 3.8682e-06 0.00833382 0.0225649 0.00693104 6.28961e-10 0.745935 0.00149788 
1.41494e-05 0.000226739 1.83268e-05 2.02062e-11 4.19477e-05 0.0735099 0.000325379 1.79737e-05 0.00117668 3.59679e-07 1.99728e-08 1.93453e-05 1.00337e-06 0.0014584 6.10771e-06 0.00273879 0.08688 5.98732e-08 0.000180784 0.00353344 0.000419057 5.19526e-10 0.000394619 7.81118e-05 0.00136622 1.61402e-11 0.826018 0.00157496 
0.00580899 0.000321657 0.000633764 0.000119703 0.000136933 0.0845846 0.000567023 3.56971e-05 0.00422907 1.36857e-05 0.00106803 0.000616321 1.51586e-05 0.00402502 2.0058e-07 0.00408932 2.95514e-06 1.71122e-05 0.00395387 0.0474986 0.000432863 1.58825e-06 0.0191724 0.000332556 0.000164781 7.46129e-06 0.818779 0.00337139 
0.00325212 0.044017 0.00122667 0.0197068 2.04294e-07 0.176688 0.0304467 0.00114555 2.04573e-07 0.00194188 2.04446e-07 0.00816994 0.000880045 0.0043384 2.04368e-07 0.0417283 2.04285e-07 2.04379e-07 0.010579 0.0461515 0.00399001 2.04386e-07 0.20928 0.0230818 0.104765 0.00202286 0.251668 0.0149189 
9.7836e-05 0.0111724 6.97949e-08 0.00196637 6.97546e-08 0.121391 0.00368189 0.00278645 0.00618178 0.000621167 0.000705115 0.00573948 0.000503091 0.010823 6.97801e-08 0.066145 0.00184849 0.00339853 0.0207571 0.108378 0.110981 0.00117248 0.00306042 0.231779 0.00672115 6.97597e-08 0.235976 0.044112 
6.91692e-06 0.000119298 3.68132e-09 8.60765e-07 1.14038e-10 0.0146025 6.78594e-05 9.18394e-09 0.000130407 7.10125e-06 4.4312e-06 7.82462e-05 3.05189e-06 0.000524952 3.23418e-09 0.0021278 2.7395e-05 6.39481e-05 0.000147596 0.0116357 0.00250898 7.26142e-09 2.89753e-05 0.00364348 0.000252983 3.19829e-12 0.957991 0.00602626 
0.00284505 0.0153413 0.00758554 0.000230527 5.97229e-05 0.206692 0.0103352 0.000117424 0.00574109 0.225807 0.000167127 0.000460095 1.92128e-05 0.0280627 4.58732e-07 0.0194965 2.3016e-05 0.000196357 0.0012191 0.0377449 0.0220564 4.66824e-06 0.0192099 0.00834179 0.00719534 2.87292e-05 0.367548 0.0134708 
0.000443297 0.0365055 0.0013706 0.000182876 9.71635e-07 0.156827 0.00535804 0.0427256 0.0143718 0.000814313 0.00126776 0.00177021 1.03719e-05 0.0144474 2.49794e-09 0.0185109 8.92544e-05 0.0211816 0.00381458 0.0107778 0.00117293 0.0017705 0.0303434 0.0163026 0.0325016 5.81071e-05 0.572296 0.0150843 
0.000958488 0.00753786 7.04206e-05 4.27898e-05 7.82333e-05 0.0627979 0.000351886 2.73263e-05 0.000695644 2.45036e-06 0.000109028 2.80995e-08 1.01899e-06 0.000463902 3.31752e-10 0.00495412 1.35756e-09 1.81924e-05 0.000378826 0.0720533 0.0012871 2.5795e-06 0.0055559 0.0150433 0.00462805 4.35167e-10 0.821943 0.000998591 
0.000958488 0.00753786 7.04206e-05 4.27898e-05 7.82333e-05 0.0627979 0.000351886 2.73263e-05 0.000695644 2.45036e-06 0.000109028 2.80995e-08 1.01899e-06 0.000463902 3.31752e-10 0.00495412 1.35756e-09 1.81924e-05 0.000378826 0.0720533 0.0012871 2.5795e-06 0.0055559 0.0150433 0.00462805 4.35167e-10 0.821943 0.000998591 
