0.0204052 0.0017256 0.000311448 2.35209e-05 3.76373e-07 0.0695094 0.00176127 2.77376e-12 0.000185343 2.36745e-08 1.89885e-08 7.6624e-12 1.04316e-05 1.24521e-07 1.55481e-10 2.22107e-07 6.95356e-12 1.75283e-08 0.000677748 8.78862e-07 0.000102358 3.30892e-09 0.00144544 9.31122e-05 1.43132e-07 6.54568e-12 0.902443 0.00130408 
0.00296727 0.00784652 0.000647441 3.8404e-05 1.77945e-05 0.0558502 0.00159117 6.21476e-06 0.000814996 0.0928048 0.000159257 1.06561e-05 1.35611e-05 0.000818159 9.01167e-08 0.00546822 4.16535e-06 2.37403e-05 0.000116612 0.030107 0.000964767 5.88363e-07 0.00333641 0.00493582 0.00406284 1.41597e-10 0.786476 0.000916954 
3.12067e-08 0.00138284 5.26216e-08 0.00223353 0.000414299 0.00283907 0.000252994 3.0731e-08 0.0033738 5.75561e-08 0.051259 8.48931e-08 1.38206e-08 0.00149842 0.000140501 0.00117527 7.70397e-08 0.000891813 1.3055e-08 0.00595162 0.00422269 0.00128091 0.000119318 0.00409259 0.00102966 0.000210382 0.912153 0.00547799 
0.00299456 0.0267946 0.00677606 0.00208254 0.000480671 0.160453 0.147016 0.0797217 0.0165274 0.000113985 0.00334455 0.00294174 0.000215397 0.0593475 0.0001409 0.0397628 0.00332542 0.0150807 0.0331568 0.0316255 0.0198661 0.000242246 0.0339565 0.0070902 0.0316318 0.00030994 0.190999 0.0840031 
0.000113892 0.00178762 0.00122618 1.57001e-05 1.62224e-12 0.0239123 0.000113251 6.61939e-13 0.000295393 0.401549 1.20729e-05 2.96313e-09 3.85756e-06 0.00034237 1.22785e-07 0.00159544 1.06504e-05 8.23101e-06 1.68221e-09 0.00119332 0.00025413 1.24276e-12 0.000208095 1.98804e-05 0.000134059 1.56208e-12 0.566992 0.000211983 
0.0013959 0.0113068 0.000105626 1.57025e-05 0.000117343 0.0812784 0.000527823 4.09874e-05 0.00104346 3.67411e-06 0.000163525 3.58189e-08 1.52776e-06 0.000695846 4.02725e-10 0.00743117 1.64833e-09 2.70236e-05 0.000568232 0.10808 0.00193064 3.8682e-06 0.00833382 0.0225649 0.00693104 6.28961e-10 0.745935 0.00149788 
0.0184959 0.00632036 0.00017464 9.54522e-05 0.000113563 0.0528663 0.00150972 0.000559234 0.00102969 8.91497e-05 0.00045511 0.00348568 7.47489e-05 0.00286884 3.24791e-06 0.0113574 6.67766e-05 0.000153518 0.00295429 0.0598148 0.00554317 2.29578e-05 0.00642664 0.0102059 0.000939943 0.00010319 0.742402 0.0718682 
0.0013959 0.0113068 0.000105626 1.57025e-05 0.000117343 0.0812784 0.000527823 4.09874e-05 0.00104346 3.67411e-06 0.000163525 3.58189e-08 1.52776e-06 0.000695846 4.02725e-10 0.00743117 1.64833e-09 2.70236e-05 0.000568232 0.10808 0.00193064 3.8682e-06 0.00833382 0.0225649 0.00693104 6.28961e-10 0.745935 0.00149788 
0.0013959 0.0113068 0.000105626 1.57025e-05 0.000117343 0.0812784 0.000527823 4.09874e-05 0.00104346 3.67411e-06 0.000163525 3.58189e-08 1.52776e-06 0.000695846 4.02725e-10 0.00743117 1.64833e-09 2.70236e-05 0.000568232 0.10808 0.00193064 3.8682e-06 0.00833382 0.0225649 0.00693104 6.28961e-10 0.745935 0.00149788 
0.00523494 0.0190657 0.029822 0.00196901 0.000651545 0.310578 0.0140902 0.00423869 0.00887153 0.00515616 0.00223512 0.00430087 0.000559217 0.0356244 0.000242789 0.0267947 0.00931166 0.00543926 0.0127763 0.0436899 0.0072298 0.000403441 0.0220361 0.0100875 0.0095487 0.00235406 0.387925 0.0197627 
0.0276616 0.0290394 1.75105e-06 0.0043849 1.33319e-08 0.0881552 0.000269311 9.83172e-07 0.00260252 0.000126161 0.00015327 1.87084e-06 0.000275392 0.211783 1.08089e-08 0.0977918 8.97152e-06 0.0036803 0.000654714 0.0157362 0.00288736 1.02133e-08 0.00148611 0.00491031 0.0718519 0.00107802 0.429992 0.00546738 
0.000958488 0.00753786 7.04206e-05 4.27898e-05 7.82333e-05 0.0627979 0.000351886 2.73263e-05 0.000695644 2.45036e-06 0.000109028 2.80995e-08 1.01899e-06 0.000463902 3.31752e-10 0.00495412 1.35756e-09 1.81924e-05 0.000378826 0.0720533 0.0012871 2.5795e-06 0.0055559 0.0150433 0.00462805 4.35167e-10 0.821943 0.000998591 
0.00580899 0.000321657 0.000633764 0.000119703 0.000136933 0.0845846 0.000567023 3.56971e-05 0.00422907 1.36857e-05 0.00106803 0.000616321 1.51586e-05 0.00402502 2.0058e-07 0.00408932 2.95514e-06 1.71122e-05 0.00395387 0.0474986 0.000432863 1.58825e-06 0.0191724 0.000332556 0.000164781 7.46129e-06 0.818779 0.00337139 
0.00404521 0.0131446 0.0026843 0.000578333 0.000101944 0.179319 0.0388315 0.000978351 0.00108486 0.00232779 0.000919791 0.000399899 0.000890232 0.0300122 3.20799e-06 0.0160414 0.000334845 0.000302359 0.00371695 0.0286201 0.00225098 7.34376e-07 0.097204 0.00376961 0.0185642 0.00235785 0.538413 0.0131034 
0.0672345 0.000660513 0.000650925 6.43471e-05 0.000569105 0.176154 0.000524017 0.000198702 0.00232201 2.03189e-05 0.00210435 0.00287692 4.51698e-05 0.00360727 1.58473e-06 0.00856127 9.49105e-07 1.10334e-05 0.00199389 0.0537386 0.00200209 1.82758e-06 0.00826791 0.000540932 9.69419e-05 2.09604e-05 0.6649 0.00283024 
0.0042644 0.00740314 0.0621092 0.00200292 3.15975e-06 0.286091 0.00048334 0.00432758 0.00393498 6.04652e-05 3.0299e-05 0.000592044 3.64274e-05 0.0079847 9.68017e-06 0.0205496 0.00015216 0.000556939 0.00221427 0.0213186 0.0106188 0.000735131 0.00973377 0.00748699 0.00534041 4.36368e-05 0.53335 0.00856641 
0.00562967 0.0472328 6.88034e-05 0.00455332 0.00545339 0.238163 0.00232031 1.37489e-07 0.0025097 2.24362e-05 0.00353837 0.00224564 1.041e-05 0.031955 8.02081e-07 0.0389096 1.37574e-05 2.06686e-05 0.00117742 0.0571722 0.00419117 4.94999e-09 0.0223797 0.00604459 1.26332e-05 9.00826e-07 0.525566 0.000807851 
0.000119902 0.0439172 0.000769547 3.00777e-08 5.45596e-05 0.33047 0.00807828 0.00316772 0.00126242 7.1512e-06 0.000150468 0.000366129 1.03207e-05 0.0163068 7.93946e-09 0.01006 1.34817e-05 0.00412384 0.000221861 3.07292e-07 0.000350977 4.03869e-09 0.0589471 0.0137411 0.0135913 8.31296e-11 0.493681 0.000588284 
0.000339968 0.0146403 8.9847e-06 9.25909e-05 1.92549e-09 0.00349271 0.00221307 0.000571575 0.000215846 0.0001465 6.09429e-06 0.000844171 3.44979e-05 0.00126299 2.37039e-06 0.0119578 0.000187316 0.000382485 0.00237505 0.046772 0.00700536 3.81758e-05 0.00186086 0.024047 0.00198818 4.50819e-05 0.689363 0.190106 
0.000460243 0.0223216 0.00496342 0.000217914 2.50815e-06 0.0974291 0.00016278 9.2589e-07 0.00160459 1.72013e-05 3.72425e-05 1.25868e-05 1.68848e-05 0.017399 2.26055e-06 0.0199243 1.80299e-06 1.4619e-05 0.00134035 0.216195 0.00143215 1.71186e-10 0.257107 0.000926704 0.000261659 5.12928e-05 0.357692 0.000404392 
0.00207666 0.0668554 8.51509e-07 0.000360106 0.000599952 0.29044 0.000455394 4.76024e-05 0.100096 0.000356732 4.54396e-05 0.00200713 1.87591e-07 0.0652483 6.25056e-10 0.00772107 0.000152658 5.99576e-05 0.00787097 0.0374623 0.00255005 4.82842e-06 0.00178406 0.000395318 0.00623157 7.68277e-05 0.390253 0.0168479 
0.000104777 0.0193308 6.87963e-05 0.000118344 5.02964e-05 0.18374 0.00135228 0.0438667 0.000766308 4.69184e-07 0.00494455 0.000114049 3.50701e-06 5.36208e-05 7.82022e-08 0.242159 2.91409e-05 3.25591e-06 0.020548 0.00859493 0.000453776 0.000140525 0.00416507 0.0461899 0.00839518 3.90897e-06 0.402841 0.0119616 
1.10507e-05 0.0009064 6.52652e-06 3.061e-05 2.73726e-05 0.139776 0.000334136 1.333e-06 0.00193784 9.84838e-09 2.32025e-06 0.000127317 2.36482e-09 0.000214947 1.04481e-08 0.00393728 0.000540899 3.75932e-06 0.000380237 0.0151369 0.00294149 9.87229e-09 0.000393942 0.000839708 2.19752e-05 1.2409e-08 0.8301 0.0023277 
1.39092e-05 0.00806171 2.5617e-12 4.06404e-10 6.71745e-09 0.0382333 3.28238e-05 8.78379e-06 0.0047286 2.80192e-12 6.46076e-05 5.80448e-05 6.72806e-13 0.000930278 2.97254e-12 0.000988127 7.64673e-10 5.51309e-08 0.000555941 0.00107036 0.000601286 3.50024e-09 1.20715e-05 8.62886e-05 0.000866186 3.53043e-12 0.943346 0.000341829 
0.00795901 0.000430171 0.000887258 0.000162939 0.000191703 0.11358 0.000768384 4.9975e-05 0.00592069 1.91592e-05 0.00149523 0.000862841 2.12217e-05 0.00563502 2.80691e-07 0.00572505 2.53163e-06 2.39559e-05 0.00553541 0.0663481 0.000604108 2.2232e-06 0.0268413 0.000465577 0.000221631 1.04449e-05 0.75161 0.00462581 
0.0642937 0.0298734 0.000177525 4.79835e-05 0.000126782 0.0536207 0.0700064 3.39629e-05 0.000298045 0.000645504 0.000123351 6.14908e-05 0.0114401 0.00625717 2.02712e-05 0.0508326 0.0020428 0.000198643 0.0135757 0.211245 0.002796 5.40784e-10 0.0124982 0.0259902 0.0544924 0.000245061 0.311399 0.0776587 
0.0672345 0.000660513 0.000650925 6.43471e-05 0.000569105 0.176154 0.000524017 0.000198702 0.00232201 2.03189e-05 0.00210435 0.00287692 4.51698e-05 0.00360727 1.58473e-06 0.00856127 9.49105e-07 1.10334e-05 0.00199389 0.0537386 0.00200209 1.82758e-06 0.00826791 0.000540932 9.69419e-05 2.09604e-05 0.6649 0.00283024 
0.000958488 0.00753786 7.04206e-05 4.27898e-05 7.82333e-05 0.0627979 0.000351886 2.73263e-05 0.000695644 2.45036e-06 0.000109028 2.80995e-08 1.01899e-06 0.000463902 3.31752e-10 0.00495412 1.35756e-09 1.81924e-05 0.000378826 0.0720533 0.0012871 2.5795e-06 0.0055559 0.0150433 0.00462805 4.35167e-10 0.821943 0.000998591 
3.19324e-06 0.00479879 1.76285e-06 0.000277887 8.46571e-12 0.0179974 0.00113537 3.90833e-05 0.00298489 1.26624e-05 0.000248373 0.00029849 1.48583e-06 0.00158181 4.14019e-09 0.0085757 0.00263558 4.63553e-05 0.000833859 0.00342552 0.0364201 1.23322e-08 3.49494e-05 0.0528893 3.3425e-05 8.15179e-12 0.860185 0.00553883 
0.00333953 0.00311372 0.0100882 0.000529551 1.526e-08 0.0813809 0.00403222 2.69467e-05 0.000119883 0.00138871 7.56443e-06 5.14181e-05 1.51935e-05 8.71421e-05 2.57209e-08 0.00437558 2.52544e-06 1.03587e-08 0.000279778 0.00256949 1.72212e-05 3.4644e-10 0.0504963 0.000464618 0.0027374 8.72305e-06 0.834224 0.000643501 
0.0013959 0.0113068 0.000105626 1.57025e-05 0.000117343 0.0812784 0.000527823 4.09874e-05 0.00104346 3.67411e-06 0.000163525 3.58189e-08 1.52776e-06 0.000695846 4.02725e-10 0.00743117 1.64833e-09 2.70236e-05 0.000568232 0.10808 0.00193064 3.8682e-06 0.00833382 0.0225649 0.00693104 6.28961e-10 0.745935 0.00149788 
0.00360768 0.0030395 0.000267971 0.000790765 0.000960898 0.12805 0.000565185 1.82294e-11 0.000419017 1.48311e-06 0.00107029 0.00029864 1.69171e-05 0.0100549 5.93756e-07 0.0039162 0.000288977 3.48795e-05 0.00257557 0.0257656 0.00175691 1.35751e-08 0.00315201 0.00039575 0.000122843 7.57906e-07 0.811503 0.0013434 
0.00142521 0.0211766 0.00508409 0.000282375 0.000276275 0.247846 0.0443414 0.00365625 0.00178791 0.000664286 0.000498677 0.000218022 0.000460122 0.0224809 4.28123e-05 0.0644482 0.00410844 0.0047031 0.00998917 0.0768636 0.0187651 0.000644064 0.0125318 0.0561989 0.030772 0.000443329 0.270842 0.0994494 
0.000181628 0.0212311 1.36228e-05 0.000358918 6.30782e-06 0.0629653 0.000512175 0.00217412 0.000905209 3.48289e-05 0.00459684 4.74561e-05 0.000126415 0.160467 0.000392547 0.0419873 4.48096e-05 0.00191118 0.0241729 0.0191549 0.0802133 7.92519e-05 0.0394256 0.00579843 0.00239963 0.00354238 0.498097 0.0291598 
0.00580899 0.000321657 0.000633764 0.000119703 0.000136933 0.0845846 0.000567023 3.56971e-05 0.00422907 1.36857e-05 0.00106803 0.000616321 1.51586e-05 0.00402502 2.0058e-07 0.00408932 2.95514e-06 1.71122e-05 0.00395387 0.0474986 0.000432863 1.58825e-06 0.0191724 0.000332556 0.000164781 7.46129e-06 0.818779 0.00337139 
0.0104403 0.0151497 0.0040632 0.00139588 0.00171002 0.105138 0.0434262 0.00122782 0.00731036 0.0254416 0.000305924 0.00120927 0.000863868 0.0132643 2.64742e-06 0.0234532 0.0013624 0.000578429 0.0140657 0.0440868 0.00581458 4.16176e-05 0.0339833 0.0123174 0.00664358 5.05531e-05 0.603913 0.0227401 
0.00286793 0.000270324 0.00154202 0.000474649 4.41692e-08 0.33699 6.45799e-05 7.60004e-05 0.000104443 1.41124e-05 5.10779e-05 0.000328787 1.08088e-06 0.0057128 2.20057e-08 0.00178698 3.13239e-06 1.48877e-05 0.00267084 0.0159194 4.50718e-05 1.92508e-08 0.00520563 9.06761e-05 0.00021483 1.56591e-05 0.625031 0.000504774 
0.00715088 0.0518847 0.000126123 0.000205735 0.00053788 0.176695 0.0099108 0.00293802 0.0143323 0.00013526 5.26004e-05 0.0155468 3.75272e-05 0.0361443 5.40046e-08 0.0822552 0.00120626 0.000240857 0.00690994 0.0104926 0.00168974 0.000549899 0.0503321 0.00758056 0.00778771 0.000206778 0.503517 0.0115337 
3.30426e-05 0.00330446 3.98088e-09 5.86298e-05 5.69755e-09 0.1546 7.31198e-05 2.32483e-09 0.00718402 4.35418e-09 2.08038e-07 3.20902e-05 2.36057e-05 0.0919622 4.61932e-09 2.41723e-05 8.59457e-08 0.305441 0.0147713 0.000289423 0.00466257 0.00130262 0.00913176 8.95338e-10 0.000436511 1.667e-07 0.406084 0.000584939 
0.0204052 0.0017256 0.000311448 2.35209e-05 3.76373e-07 0.0695094 0.00176127 2.77376e-12 0.000185343 2.36745e-08 1.89885e-08 7.6624e-12 1.04316e-05 1.24521e-07 1.55481e-10 2.22107e-07 6.95356e-12 1.75283e-08 0.000677748 8.78862e-07 0.000102358 3.30892e-09 0.00144544 9.31122e-05 1.43132e-07 6.54568e-12 0.902443 0.00130408 
1.39092e-05 0.00806171 2.5617e-12 4.06404e-10 6.71745e-09 0.0382333 3.28238e-05 8.78379e-06 0.0047286 2.80192e-12 6.46076e-05 5.80448e-05 6.72806e-13 0.000930278 2.97254e-12 0.000988127 7.64673e-10 5.51309e-08 0.000555941 0.00107036 0.000601286 3.50024e-09 1.20715e-05 8.62886e-05 0.000866186 3.53043e-12 0.943346 0.000341829 
0.0199351 0.00506541 0.000106384 2.72425e-05 7.48771e-05 0.333559 0.000376115 5.58532e-05 0.00360791 5.41092e-07 0.000114347 0.000285808 6.52235e-05 0.000298938 6.29822e-07 0.00255945 1.6252e-05 3.85145e-06 0.000691251 0.0194945 0.000436117 4.30162e-08 0.00844758 0.000594529 0.000325162 1.567e-09 0.603117 0.0007417 
0.0023684 0.0674634 4.92275e-08 0.000366218 1.05565e-08 0.126141 0.000528241 4.56937e-05 0.0146905 0.000351592 4.43671e-05 0.00199646 1.91216e-09 0.00865107 2.71877e-12 0.00770877 0.000364783 5.72753e-05 0.00786441 0.019021 0.00255651 4.92351e-08 0.00178054 0.000393122 0.00628105 7.51698e-05 0.714074 0.0171759 
4.03711e-05 0.016851 6.66427e-07 5.71706e-07 1.07531e-06 0.063239 0.000114919 2.36251e-05 0.0114189 8.73277e-07 0.00010943 0.000121511 3.24968e-06 0.00387905 1.27295e-09 0.0051798 1.46252e-06 0.000202782 0.00106034 0.0290389 0.00535755 3.70426e-07 0.000767819 0.000713323 0.00250993 3.16559e-09 0.854422 0.00494106 
0.000444617 0.00313892 1.66006e-08 1.19162e-06 4.66423e-08 0.313035 9.53884e-08 0.00148333 0.00208586 1.58085e-06 4.11283e-11 4.32381e-05 2.19799e-08 6.83438e-06 5.45831e-11 0.0496795 6.88668e-11 3.25162e-08 6.45988e-08 1.37019e-07 3.61769e-07 1.66658e-09 0.00185582 5.07518e-05 0.000325291 6.48273e-11 0.627841 6.04586e-06 
0.000460243 0.0223216 0.00496342 0.000217914 2.50815e-06 0.0974291 0.00016278 9.2589e-07 0.00160459 1.72013e-05 3.72425e-05 1.25868e-05 1.68848e-05 0.017399 2.26055e-06 0.0199243 1.80299e-06 1.4619e-05 0.00134035 0.216195 0.00143215 1.71186e-10 0.257107 0.000926704 0.000261659 5.12928e-05 0.357692 0.000404392 
6.95026e-05 0.0110292 1.07824e-06 4.2459e-05 2.71978e-06 0.0052759 0.00523162 5.4121e-05 0.000136768 7.82122e-05 0.00757925 3.04669e-05 4.76579e-06 5.43692e-05 3.96356e-07 0.00493468 0.000245219 4.83281e-05 0.000572936 0.00878476 0.00466866 8.39457e-06 0.00112185 0.0168527 0.00208172 1.97617e-05 0.915336 0.015734 
3.78924e-05 0.00204695 0.000884487 2.10752e-05 3.75809e-05 0.0881773 0.000234014 7.92437e-06 0.00514021 4.45938e-06 1.45693e-05 0.000349492 8.1809e-06 0.00313487 1.89916e-06 0.00449277 0.0145095 6.07036e-05 0.000315721 0.0337669 0.00358421 5.15601e-06 0.00193141 0.00052719 0.000809356 2.95652e-07 0.832899 0.00699728 
0.000189844 0.0148505 8.32045e-07 7.32767e-05 1.9879e-09 0.00180021 0.00142182 0.000647472 8.9983e-05 0.000242928 6.09431e-06 0.000915891 2.20452e-05 0.000789906 2.79031e-06 0.0100449 0.000154904 0.000208509 0.00246259 0.0318572 0.0117558 4.35696e-05 0.000486508 0.0275134 0.00106481 9.21295e-05 0.719098 0.174164 
0.000243608 0.0315373 0.000103073 0.000363041 0.000146372 0.337691 0.0109509 0.000301987 0.016407 2.33251e-05 0.00297793 0.000213043 5.25673e-07 0.0149554 6.3449e-07 0.0283392 1.03371e-09 0.0372801 0.0010299 0.0896704 0.00446771 2.10759e-05 0.00749589 0.00408946 0.00526981 6.07778e-06 0.397772 0.00864306 
1.99266e-05 4.02522e-05 2.43608e-05 2.99014e-07 3.7484e-08 0.181252 9.05923e-05 0.00135102 0.000120894 3.12318e-06 5.77288e-05 0.000201819 1.47457e-05 4.5804e-05 1.67893e-09 0.00216703 9.71531e-07 5.21605e-10 9.88607e-09 1.99115e-10 1.95597e-05 3.58658e-08 0.00835277 0.000883933 0.000270256 2.59023e-12 0.805071 1.17704e-05 
0.0204052 0.0017256 0.000311448 2.35209e-05 3.76373e-07 0.0695094 0.00176127 2.77376e-12 0.000185343 2.36745e-08 1.89885e-08 7.6624e-12 1.04316e-05 1.24521e-07 1.55481e-10 2.22107e-07 6.95356e-12 1.75283e-08 0.000677748 8.78862e-07 0.000102358 3.30892e-09 0.00144544 9.31122e-05 1.43132e-07 6.54568e-12 0.902443 0.00130408 
0.000460243 0.0223216 0.00496342 0.000217914 2.50815e-06 0.0974291 0.00016278 9.2589e-07 0.00160459 1.72013e-05 3.72425e-05 1.25868e-05 1.68848e-05 0.017399 2.26055e-06 0.0199243 1.80299e-06 1.4619e-05 0.00134035 0.216195 0.00143215 1.71186e-10 0.257107 0.000926704 0.000261659 5.12928e-05 0.357692 0.000404392 
0.00970384 0.0377192 0.00229751 0.000446115 0.0244288 0.135907 0.087308 0.0110775 0.00409442 0.00736705 0.000434932 0.000301669 0.00210542 0.00674546 6.85979e-07 0.0580258 0.00301435 0.000105541 0.0251046 0.028621 0.0393454 0.000235561 0.129966 0.0246966 0.0533793 9.76315e-05 0.292266 0.0152048 
0.00346426 0.0150696 0.000183204 0.000731719 0.000256953 0.13829 0.00467084 0.0137846 0.0048411 0.000110074 0.0130599 0.00130649 4.00199e-05 0.0226306 1.18928e-05 0.0246028 0.000664726 0.00474574 0.00643245 0.0487091 0.00371066 0.000345307 0.0149248 0.00583535 0.00859859 0.00156698 0.649109 0.0123038 
0.00101532 5.70197e-05 1.03872e-08 9.03398e-05 1.00127e-11 0.0328366 2.66362e-05 2.44032e-06 9.66189e-05 7.65192e-12 2.04065e-08 7.51221e-05 1.481e-08 0.00039763 1.14694e-08 0.00211545 1.02422e-11 8.15848e-06 0.00010918 2.24992e-05 0.000217375 2.46644e-05 2.57946e-06 1.83433e-05 4.04638e-05 3.46331e-09 0.962841 2.25336e-06 
0.0862025 0.000849228 0.000797945 8.2729e-05 0.000731697 0.176243 0.000673733 0.00025547 0.00254041 2.61227e-05 0.00270558 0.00369888 5.80746e-05 0.00421419 2.03712e-06 0.010867 8.83497e-10 1.41844e-05 0.00256357 0.0690924 0.00246134 2.34921e-06 0.0106302 0.00069548 0.000124638 2.69466e-05 0.620802 0.00363887 
0.000113892 0.00178762 0.00122618 1.57001e-05 1.62224e-12 0.0239123 0.000113251 6.61939e-13 0.000295393 0.401549 1.20729e-05 2.96313e-09 3.85756e-06 0.00034237 1.22785e-07 0.00159544 1.06504e-05 8.23101e-06 1.68221e-09 0.00119332 0.00025413 1.24276e-12 0.000208095 1.98804e-05 0.000134059 1.56208e-12 0.566992 0.000211983 
0.00474683 0.0404447 2.11977e-07 0.00014215 0.00155465 0.0923866 0.0280834 0.000743038 0.0115437 6.55088e-05 0.0128853 0.000542238 0.000158061 0.00657725 3.22941e-06 0.0272031 8.14162e-06 0.000263191 0.0147113 0.021207 0.0118597 0.000199102 0.0643332 0.0345022 0.236148 0.000201567 0.35974 0.0297464 
0.00309644 0.00970889 0.0198409 0.00153752 0.000354396 0.337241 0.0024275 0.00114034 0.0105139 0.000608155 0.00103941 0.00249686 2.48582e-05 0.0195368 0.00361715 0.0232038 8.90907e-05 0.00419806 0.00637979 0.0498232 0.00285423 0.000188951 0.0117188 0.0128065 0.0120541 0.000168201 0.442733 0.0205976 
0.00667724 0.00617402 0.00155839 5.93736e-05 0.000108848 0.0663065 0.0200304 6.9809e-05 0.00607534 0.000254766 0.00913604 0.000274706 0.00332966 0.0120492 2.79433e-05 0.029206 0.0149421 0.00013968 0.00895476 0.140993 0.00274245 1.45045e-07 0.0181688 0.00991714 0.024691 9.82575e-05 0.57816 0.039855 
5.75422e-07 5.75735e-07 0.00603922 0.00114967 5.74775e-07 0.145683 5.75675e-07 5.75429e-07 0.00897932 0.167854 0.00483228 0.00172448 5.75677e-07 0.0450225 0.000518061 0.019577 5.74751e-07 5.75015e-07 5.75688e-07 0.0119199 0.00944129 5.75035e-07 5.75735e-07 0.00385781 5.75691e-07 5.74817e-07 0.559518 0.0138765 
0.00176929 0.159762 2.08013e-07 2.07811e-07 2.07893e-07 0.101803 2.08218e-07 0.000499719 0.0325174 2.07987e-07 0.00332898 0.00590293 2.08219e-07 0.0377744 2.07969e-07 0.0231582 2.07884e-07 0.0109815 0.0419364 0.102322 0.0503454 2.07987e-07 0.00428994 0.00782964 0.0915978 2.07908e-07 0.270762 0.0534167 
0.000543884 0.00367069 0.00343201 0.00033858 8.97697e-05 0.0842782 0.00227065 6.40006e-05 0.000508836 0.000551258 4.99455e-05 0.000475401 5.31032e-06 0.000420329 1.25577e-08 0.00522309 9.14309e-07 6.91803e-06 0.000371197 0.0195867 0.000447411 9.73531e-06 0.0251299 0.00271822 0.00377309 3.85377e-06 0.844998 0.00103164 
0.000339968 0.0146403 8.9847e-06 9.25909e-05 1.92549e-09 0.00349271 0.00221307 0.000571575 0.000215846 0.0001465 6.09429e-06 0.000844171 3.44979e-05 0.00126299 2.37039e-06 0.0119578 0.000187316 0.000382485 0.00237505 0.046772 0.00700536 3.81758e-05 0.00186086 0.024047 0.00198818 4.50819e-05 0.689363 0.190106 
6.46465e-11 9.54589e-05 0.00122995 1.75328e-07 3.08563e-09 0.16557 0.000676737 2.95393e-06 6.63809e-05 1.19231e-10 0.00437373 0.000381539 2.01293e-06 1.28941e-05 7.9958e-10 0.000239364 1.05922e-06 1.22339e-10 2.0839e-07 0.00182435 2.51644e-07 4.44361e-06 9.43846e-05 5.50171e-06 0.00177161 1.62146e-05 0.82363 8.03637e-07 
0.00880746 0.00197222 0.000461833 0.0182761 0.00754708 0.398304 0.0351129 1.08572e-05 0.00159122 1.76394e-05 2.51293e-06 0.00106743 0.000155432 0.00278572 1.38041e-08 0.0123107 2.14821e-08 6.3283e-05 0.00686774 0.0326425 0.000209276 8.6973e-07 0.00813756 0.00177461 0.00557761 3.39031e-05 0.452417 0.00385187 
7.93157e-06 0.0054663 0.000456971 3.83989e-06 5.86576e-08 0.227815 4.50461e-08 8.87685e-05 0.00158761 0.217388 0.000760255 8.50542e-05 7.04518e-07 0.0019641 6.73202e-09 0.00302986 1.21875e-08 2.58543e-08 8.61763e-08 0.00104002 0.000478233 3.20464e-05 0.000581269 0.00159747 1.46553e-05 3.47104e-11 0.537531 7.0796e-05 
0.0013959 0.0113068 0.000105626 1.57025e-05 0.000117343 0.0812784 0.000527823 4.09874e-05 0.00104346 3.67411e-06 0.000163525 3.58189e-08 1.52776e-06 0.000695846 4.02725e-10 0.00743117 1.64833e-09 2.70236e-05 0.000568232 0.10808 0.00193064 3.8682e-06 0.00833382 0.0225649 0.00693104 6.28961e-10 0.745935 0.00149788 
0.000229084 0.00859923 0.0295568 0.00120844 2.31103e-08 0.130637 0.0127616 9.87121e-05 0.000257866 0.00509159 4.42814e-06 0.000188437 1.56012e-05 0.000319475 6.6672e-08 0.0160435 7.68313e-06 2.30747e-09 0.000498899 0.00931644 4.74337e-05 5.23308e-10 0.180765 0.00160022 0.00996255 3.19567e-05 0.591002 0.00175527 
0.00676713 0.00145168 0.00099953 6.26848e-05 6.41391e-05 0.0533908 0.00306386 0.000214757 0.00101276 1.29439e-05 0.000242427 0.000891799 1.38301e-05 0.00149727 1.49506e-07 0.00442381 2.9388e-06 4.13692e-06 0.00163156 0.0150337 0.000189697 3.88225e-07 0.0303877 0.000490773 0.000775482 2.58619e-06 0.875952 0.00141901 
1.42824e-06 5.92337e-05 6.23938e-12 3.815e-05 7.87947e-08 0.0427916 2.10103e-05 4.18937e-06 0.000267183 6.82447e-12 6.66425e-09 0.000855107 2.05892e-08 5.97388e-05 1.45953e-10 5.24174e-05 9.13466e-12 4.30969e-06 2.83986e-05 3.65197e-08 0.000228219 3.4517e-05 2.45468e-09 1.2967e-05 4.72045e-05 3.96252e-09 0.955453 4.1408e-05 
0.0862025 0.000849228 0.000797945 8.2729e-05 0.000731697 0.176243 0.000673733 0.00025547 0.00254041 2.61227e-05 0.00270558 0.00369888 5.80746e-05 0.00421419 2.03712e-06 0.010867 8.83497e-10 1.41844e-05 0.00256357 0.0690924 0.00246134 2.34921e-06 0.0106302 0.00069548 0.000124638 2.69466e-05 0.620802 0.00363887 
3.81427e-05 0.0051543 1.3775e-05 9.8224e-06 5.74164e-05 0.0701012 0.0035352 0.00052688 0.000175427 2.32476e-05 5.29827e-05 0.000123665 5.34932e-06 7.53558e-05 2.30195e-07 0.00407839 0.000197804 2.02147e-05 4.51203e-05 0.000547496 0.000313435 5.74947e-06 0.00925424 0.00733434 0.00367891 1.9033e-06 0.889793 0.00483616 
8.76404e-05 8.96814e-05 3.44475e-12 5.12307e-08 1.96473e-09 0.00396923 3.33516e-07 2.01173e-12 8.13273e-06 1.31837e-08 0.144004 5.55732e-12 3.01384e-08 6.84507e-09 1.9107e-09 4.52033e-13 5.04322e-12 1.58844e-10 8.54614e-13 6.72656e-09 4.98776e-09 3.77692e-12 6.45474e-13 7.74756e-13 1.14787e-06 4.52957e-08 0.851474 0.000365979 
0.00503984 0.00663551 0.00331774 0.000674657 0.000162164 0.0545622 0.00230295 2.06326e-07 0.00505245 0.000543431 0.000594185 0.00126559 3.21742e-05 0.0286306 1.34544e-07 0.00374861 1.92399e-05 3.52476e-05 0.010089 0.0189738 0.0529194 1.98784e-07 0.000603846 0.0117972 0.00494362 1.2494e-07 0.776562 0.0114937 
0.0862025 0.000849228 0.000797945 8.2729e-05 0.000731697 0.176243 0.000673733 0.00025547 0.00254041 2.61227e-05 0.00270558 0.00369888 5.80746e-05 0.00421419 2.03712e-06 0.010867 8.83497e-10 1.41844e-05 0.00256357 0.0690924 0.00246134 2.34921e-06 0.0106302 0.00069548 0.000124638 2.69466e-05 0.620802 0.00363887 
0.000758269 0.00210909 9.07379e-05 4.67441e-05 1.30034e-05 0.0260423 0.00047244 8.21006e-05 0.00079321 4.44035e-05 0.000132973 0.000402861 1.31359e-05 0.0016232 8.59666e-07 0.00412939 0.00010192 8.95854e-05 0.00124139 0.0305167 0.00371104 7.81822e-06 0.00268577 0.00892147 0.000510511 1.89386e-05 0.88703 0.0284105 
0.0672345 0.000660513 0.000650925 6.43471e-05 0.000569105 0.176154 0.000524017 0.000198702 0.00232201 2.03189e-05 0.00210435 0.00287692 4.51698e-05 0.00360727 1.58473e-06 0.00856127 9.49105e-07 1.10334e-05 0.00199389 0.0537386 0.00200209 1.82758e-06 0.00826791 0.000540932 9.69419e-05 2.09604e-05 0.6649 0.00283024 
0.00197189 0.0341875 5.20117e-12 0.00348245 0.000434964 0.0981538 0.0010248 3.03748e-12 0.0116582 0.000213759 0.100955 0.00626399 1.36604e-12 0.140098 9.43391e-07 0.0094509 3.00923e-06 0.000477629 0.0174692 0.0770578 0.0438741 2.25876e-05 0.00134888 0.0505879 0.00217646 4.92558e-07 0.274112 0.124974 
0.0347513 0.00902904 0.00543717 2.28475e-05 0.00949134 0.265861 0.00194623 0.000378849 0.00420943 1.66694e-06 4.17167e-06 8.33771e-11 1.39983e-05 0.00507153 8.35872e-10 0.00115482 7.5664e-11 9.09956e-07 0.00411996 0.0270323 0.000226736 3.16888e-06 0.00243069 0.00486548 0.000257993 7.12257e-11 0.622255 0.00143453 
0.000296692 0.0213343 0.00419986 4.12332e-08 7.09472e-08 0.369915 0.00161892 1.48609e-08 0.00532527 0.0131473 1.85604e-05 4.56104e-08 5.16518e-12 0.00199422 5.29814e-08 0.0013691 6.71696e-05 0.0272546 1.19055e-07 0.00304983 0.000646341 6.92992e-06 6.5522e-08 1.50422e-08 0.000231644 2.71033e-11 0.549523 2.26525e-08 
0.0530737 0.0015312 7.22184e-05 0.001536 2.37154e-06 0.345515 0.000444719 2.50646e-08 0.00466396 1.43991e-11 7.41918e-08 5.27007e-08 4.47016e-08 0.000123086 1.7153e-08 0.00173372 1.07194e-07 2.17472e-08 0.00134446 0.214578 0.00245024 1.08384e-08 0.00751337 0.000341591 1.48437e-08 1.88561e-08 0.362365 0.00271079 
4.40302e-05 0.0114255 1.70036e-06 2.48585e-05 7.6402e-08 0.00592016 0.00334673 6.14629e-05 0.000218103 6.04769e-05 1.06572e-05 3.02568e-05 1.06616e-09 4.5099e-05 4.8444e-07 0.00475296 0.000677055 8.30187e-05 9.09096e-05 0.00237487 0.000886328 2.12319e-05 0.00253028 0.0172367 0.00167061 8.35681e-06 0.930705 0.0177732 
1.39092e-05 0.00806171 2.5617e-12 4.06404e-10 6.71745e-09 0.0382333 3.28238e-05 8.78379e-06 0.0047286 2.80192e-12 6.46076e-05 5.80448e-05 6.72806e-13 0.000930278 2.97254e-12 0.000988127 7.64673e-10 5.51309e-08 0.000555941 0.00107036 0.000601286 3.50024e-09 1.20715e-05 8.62886e-05 0.000866186 3.53043e-12 0.943346 0.000341829 
0.00285281 0.0115723 0.00136042 0.00246252 0.00112072 0.248234 0.0243817 0.000660213 0.00390108 0.0147039 0.00103729 0.00226106 0.00131713 0.0161798 7.24776e-06 0.0260097 0.0054707 0.000762873 0.00482672 0.0426693 0.00266738 9.68805e-06 0.0389542 0.00287852 0.0156677 0.00152297 0.514841 0.0116663 
1.32568e-06 0.0133707 4.56197e-11 7.87093e-11 6.52922e-11 0.0878897 6.60984e-06 3.19729e-07 1.54554e-07 4.98976e-11 1.07735e-07 3.75418e-07 2.76187e-05 0.317933 9.53376e-08 1.07761e-07 1.34245e-08 2.50924e-07 0.00315043 1.78076e-07 0.00877851 2.02081e-06 8.54819e-12 2.03164e-07 0.0244427 3.67173e-06 0.538037 0.00635456 
0.000119902 0.0439172 0.000769547 3.00777e-08 5.45596e-05 0.33047 0.00807828 0.00316772 0.00126242 7.1512e-06 0.000150468 0.000366129 1.03207e-05 0.0163068 7.93946e-09 0.01006 1.34817e-05 0.00412384 0.000221861 3.07292e-07 0.000350977 4.03869e-09 0.0589471 0.0137411 0.0135913 8.31296e-11 0.493681 0.000588284 
0.00121674 0.00235357 5.91219e-05 8.04539e-05 2.64892e-05 0.0310162 0.008306 0.000528862 0.000400036 6.82265e-06 0.00102082 0.000155101 6.81183e-06 0.00146242 5.1475e-07 0.00819062 6.31852e-06 7.94732e-06 0.00115321 0.00827211 0.00117024 1.46127e-05 0.0204988 0.00147872 0.00165602 1.32352e-05 0.90987 0.00102789 
0.0047226 0.00322666 6.09924e-05 0.000207731 0.000201073 0.0781206 0.000334056 1.13477e-05 0.000666935 2.22347e-06 0.000748372 0.000322575 4.91219e-06 0.00259687 9.74937e-07 0.00565539 0.00626948 2.84037e-05 0.000880227 0.0300876 0.00124723 7.64795e-06 0.00293398 0.00558972 0.00280367 5.96731e-07 0.851521 0.00174738 
1.41494e-05 0.000226739 1.83268e-05 2.02062e-11 4.19477e-05 0.0735099 0.000325379 1.79737e-05 0.00117668 3.59679e-07 1.99728e-08 1.93453e-05 1.00337e-06 0.0014584 6.10771e-06 0.00273879 0.08688 5.98732e-08 0.000180784 0.00353344 0.000419057 5.19526e-10 0.000394619 7.81118e-05 0.00136622 1.61402e-11 0.826018 0.00157496 
6.99164e-05 0.00517658 6.81829e-05 2.29109e-05 3.77086e-08 0.0313471 0.0121718 0.00100122 8.1297e-05 2.11805e-05 1.94777e-06 0.000892746 3.45982e-06 0.000881916 6.7621e-08 0.0105475 1.05096e-06 4.31096e-09 0.000494192 0.00541378 9.59071e-05 8.54531e-10 0.0859267 0.000902517 0.00269155 7.42482e-09 0.841829 0.000357365 
0.00325212 0.044017 0.00122667 0.0197068 2.04294e-07 0.176688 0.0304467 0.00114555 2.04573e-07 0.00194188 2.04446e-07 0.00816994 0.000880045 0.0043384 2.04368e-07 0.0417283 2.04285e-07 2.04379e-07 0.010579 0.0461515 0.00399001 2.04386e-07 0.20928 0.0230818 0.104765 0.00202286 0.251668 0.0149189 
9.7836e-05 0.0111724 6.97949e-08 0.00196637 6.97546e-08 0.121391 0.00368189 0.00278645 0.00618178 0.000621167 0.000705115 0.00573948 0.000503091 0.010823 6.97801e-08 0.066145 0.00184849 0.00339853 0.0207571 0.108378 0.110981 0.00117248 0.00306042 0.231779 0.00672115 6.97597e-08 0.235976 0.044112 
6.91692e-06 0.000119298 3.68132e-09 8.60765e-07 1.14038e-10 0.0146025 6.78594e-05 9.18394e-09 0.000130407 7.10125e-06 4.4312e-06 7.82462e-05 3.05189e-06 0.000524952 3.23418e-09 0.0021278 2.7395e-05 6.39481e-05 0.000147596 0.0116357 0.00250898 7.26142e-09 2.89753e-05 0.00364348 0.000252983 3.19829e-12 0.957991 0.00602626 
0.000443297 0.0365055 0.0013706 0.000182876 9.71635e-07 0.156827 0.00535804 0.0427256 0.0143718 0.000814313 0.00126776 0.00177021 1.03719e-05 0.0144474 2.49794e-09 0.0185109 8.92544e-05 0.0211816 0.00381458 0.0107778 0.00117293 0.0017705 0.0303434 0.0163026 0.0325016 5.81071e-05 0.572296 0.0150843 
0.00923381 0.0231278 0.00120866 0.00154444 9.5374e-05 0.198209 0.0067562 0.000194361 0.00317475 0.0251655 0.0023156 0.000716566 4.64446e-05 0.0164095 5.28984e-06 0.0319493 0.000208477 0.00047458 0.00167054 0.0484927 0.0118714 0.00011688 0.00705912 0.00947216 0.00134612 0.00136835 0.588263 0.00950364 
0.000113892 0.00178762 0.00122618 1.57001e-05 1.62224e-12 0.0239123 0.000113251 6.61939e-13 0.000295393 0.401549 1.20729e-05 2.96313e-09 3.85756e-06 0.00034237 1.22785e-07 0.00159544 1.06504e-05 8.23101e-06 1.68221e-09 0.00119332 0.00025413 1.24276e-12 0.000208095 1.98804e-05 0.000134059 1.56208e-12 0.566992 0.000211983 
0.000958488 0.00753786 7.04206e-05 4.27898e-05 7.82333e-05 0.0627979 0.000351886 2.73263e-05 0.000695644 2.45036e-06 0.000109028 2.80995e-08 1.01899e-06 0.000463902 3.31752e-10 0.00495412 1.35756e-09 1.81924e-05 0.000378826 0.0720533 0.0012871 2.5795e-06 0.0055559 0.0150433 0.00462805 4.35167e-10 0.821943 0.000998591 
0.0013959 0.0113068 0.000105626 1.57025e-05 0.000117343 0.0812784 0.000527823 4.09874e-05 0.00104346 3.67411e-06 0.000163525 3.58189e-08 1.52776e-06 0.000695846 4.02725e-10 0.00743117 1.64833e-09 2.70236e-05 0.000568232 0.10808 0.00193064 3.8682e-06 0.00833382 0.0225649 0.00693104 6.28961e-10 0.745935 0.00149788 
0.00117827 0.10522 0.00011464 0.000343258 1.63443e-07 0.0185846 0.0509431 0.00618533 0.00441914 0.000588826 0.00197929 1.63403e-07 1.63699e-07 0.00261958 0.000359869 0.0431097 0.00348134 1.63511e-07 0.00374895 0.0437836 0.0363725 1.63516e-07 0.0157168 0.0466895 0.00522228 1.63454e-07 0.529604 0.079734 
2.40014e-05 0.00311543 0.000694615 0.000108127 4.01366e-12 0.0828143 1.31898e-05 6.4895e-06 0.00997655 1.6477e-06 6.07393e-05 0.000618678 1.36396e-06 0.00166575 4.63419e-10 0.00174869 1.33136e-06 3.08207e-05 0.000354952 0.000176196 3.07282e-05 2.35869e-08 0.00496672 3.29718e-05 0.000218535 1.47293e-05 0.893285 3.85144e-05 
0.000958488 0.00753786 7.04206e-05 4.27898e-05 7.82333e-05 0.0627979 0.000351886 2.73263e-05 0.000695644 2.45036e-06 0.000109028 2.80995e-08 1.01899e-06 0.000463902 3.31752e-10 0.00495412 1.35756e-09 1.81924e-05 0.000378826 0.0720533 0.0012871 2.5795e-06 0.0055559 0.0150433 0.00462805 4.35167e-10 0.821943 0.000998591 
0.00266104 0.0293347 0.00853178 0.000317888 0.00124665 0.191421 0.00578441 0.00172295 0.0028214 6.84062e-05 0.00384233 0.000199044 8.28766e-06 0.0107034 1.28911e-07 0.0239219 0.00373856 0.000145848 0.00569052 0.0571192 0.00134436 0.000833737 0.037013 0.0361494 0.0112671 3.07313e-05 0.528806 0.035277 
4.66983e-06 0.0291375 0.000104926 7.89385e-07 0.00152699 0.0230296 0.0087659 0.00386477 0.000224228 0.00208286 8.38187e-05 5.40954e-05 2.51235e-06 0.000197802 7.04227e-07 0.016799 1.01695e-05 2.35981e-06 0.000815838 0.00608442 0.00133877 1.33286e-05 0.0918522 0.219661 0.276999 4.43192e-09 0.308985 0.00835695 
0.0289595 0.299451 0.000306611 3.92414e-05 7.51708e-09 0.148446 0.000838415 7.44501e-06 0.0188556 8.83653e-06 1.66878e-05 2.0427e-05 2.85072e-06 0.00206955 6.84972e-07 0.000437635 0.103951 2.61775e-05 3.33753e-05 0.0281347 6.49381e-06 5.75866e-09 0.0440567 0.0114599 3.66197e-05 0.000252497 0.312534 4.74887e-05 
0.00338071 9.91222e-05 8.11448e-05 8.72271e-07 3.28634e-12 0.0217485 2.35562e-05 1.34096e-12 5.5999e-06 2.51149e-12 1.43438e-08 3.70435e-12 8.64238e-09 4.51858e-13 1.15959e-10 3.01312e-13 1.21684e-09 2.57697e-12 1.90155e-08 3.11077e-10 9.27243e-08 2.51759e-12 7.31846e-09 2.06071e-07 4.05511e-10 3.16448e-12 0.974641 1.87221e-05 
0.000708002 0.00871146 0.000295835 0.00029106 0.00387411 0.144872 0.00217121 0.00203827 0.00172282 0.000164778 0.00304766 0.00119634 1.03047e-05 0.00329377 1.01377e-06 0.0149904 5.02745e-05 0.0092909 0.00118583 0.010826 0.00834103 3.74087e-05 0.00889697 0.0114629 0.00240303 0.000188438 0.758392 0.00153595 
0.000113892 0.00178762 0.00122618 1.57001e-05 1.62224e-12 0.0239123 0.000113251 6.61939e-13 0.000295393 0.401549 1.20729e-05 2.96313e-09 3.85756e-06 0.00034237 1.22785e-07 0.00159544 1.06504e-05 8.23101e-06 1.68221e-09 0.00119332 0.00025413 1.24276e-12 0.000208095 1.98804e-05 0.000134059 1.56208e-12 0.566992 0.000211983 
0.000293792 0.0111227 1.09847e-05 8.31983e-05 2.10474e-06 0.00264882 0.00170671 0.000466908 0.000177055 0.000133922 7.20348e-06 0.000697365 3.44294e-05 0.000983005 5.49091e-06 0.00907443 0.000160106 0.000329051 0.00188205 0.0353922 0.00535287 4.61148e-05 0.00150762 0.0181944 0.00157218 6.03768e-05 0.765004 0.143051 
0.000119902 0.0439172 0.000769547 3.00777e-08 5.45596e-05 0.33047 0.00807828 0.00316772 0.00126242 7.1512e-06 0.000150468 0.000366129 1.03207e-05 0.0163068 7.93946e-09 0.01006 1.34817e-05 0.00412384 0.000221861 3.07292e-07 0.000350977 4.03869e-09 0.0589471 0.0137411 0.0135913 8.31296e-11 0.493681 0.000588284 
0.000536946 0.00403828 4.31348e-05 0.00345836 4.19454e-05 0.291012 0.000188535 1.46531e-05 0.00243492 1.31845e-06 5.84833e-05 0.000246483 5.4914e-07 0.000579469 5.34465e-10 0.00744515 1.95944e-06 9.6636e-06 0.000202972 0.0386002 0.000738052 1.38781e-06 0.0029765 0.00805941 0.00253251 3.29519e-10 0.636242 0.000534996 
0.00595065 0.0190861 4.94073e-05 5.50709e-05 0.000103959 0.0353519 0.0439524 0.000937883 0.000968433 0.000116109 9.04628e-05 0.000219865 0.00149138 0.00082746 5.41224e-07 0.0309486 0.000797944 5.78956e-05 0.00612967 0.0489259 0.00162419 1.7156e-05 0.0595112 0.0219509 0.0615566 3.52546e-06 0.649285 0.00998991 
0.000753029 0.00565616 2.93555e-05 4.00169e-05 3.61306e-05 0.0360738 0.00226905 1.13916e-05 0.000421133 6.35113e-06 0.0344985 2.5053e-08 1.35388e-05 0.000268323 6.68927e-08 0.00206427 1.71932e-09 7.66055e-06 0.00015786 0.0317306 0.000627874 1.0773e-06 0.00231504 0.00626823 0.00301512 2.92255e-07 0.872623 0.00111249 
0.00887863 0.00346905 0.000108668 2.37973e-05 2.60925e-05 0.050986 0.000192886 9.11327e-06 0.000325803 8.19829e-07 9.97543e-05 2.27423e-08 6.0088e-06 0.00015465 3.01613e-09 0.00165142 1.13929e-07 6.06981e-06 0.000255067 0.0240923 0.000450571 8.62103e-07 0.00216751 0.00515817 0.00156359 1.96609e-10 0.899903 0.000470293 
0.00500606 0.0098039 0.00148013 0.00399188 2.82941e-05 0.279291 0.195127 0.00435019 0.00157795 0.00517797 0.00222384 0.00163553 0.00403018 0.00461918 1.07152e-06 0.0398919 0.00120869 0.000183898 0.00797621 0.0195465 0.00159393 7.68846e-06 0.0703727 0.0104253 0.0185521 6.71745e-05 0.298971 0.0128591 
0.00883823 0.0285963 0.00155999 0.000360825 0.00512195 0.140128 0.0644484 0.00641585 0.0682285 0.0205447 0.00163055 0.00254963 0.000579737 0.0531583 2.89785e-05 0.0969022 0.000472142 0.00181373 0.0182813 0.118524 0.0267185 0.0042086 0.0788692 0.0213455 0.0519163 0.000243535 0.14614 0.0323755 
0.0013959 0.0113068 0.000105626 1.57025e-05 0.000117343 0.0812784 0.000527823 4.09874e-05 0.00104346 3.67411e-06 0.000163525 3.58189e-08 1.52776e-06 0.000695846 4.02725e-10 0.00743117 1.64833e-09 2.70236e-05 0.000568232 0.10808 0.00193064 3.8682e-06 0.00833382 0.0225649 0.00693104 6.28961e-10 0.745935 0.00149788 
0.000115228 0.000211274 3.03369e-12 1.1298e-06 1.35389e-09 0.0387752 0.000209255 1.77167e-12 0.00108171 8.8478e-06 0.0859704 9.78167e-07 2.0754e-08 4.94174e-05 1.31651e-09 3.98093e-13 1.60678e-09 3.40468e-12 7.52635e-13 4.68155e-05 2.54195e-07 3.32623e-12 5.68451e-13 6.82306e-13 4.81183e-06 4.67426e-05 0.87325 0.000227665 
0.0672345 0.000660513 0.000650925 6.43471e-05 0.000569105 0.176154 0.000524017 0.000198702 0.00232201 2.03189e-05 0.00210435 0.00287692 4.51698e-05 0.00360727 1.58473e-06 0.00856127 9.49105e-07 1.10334e-05 0.00199389 0.0537386 0.00200209 1.82758e-06 0.00826791 0.000540932 9.69419e-05 2.09604e-05 0.6649 0.00283024 
0.00338071 9.91222e-05 8.11448e-05 8.72271e-07 3.28634e-12 0.0217485 2.35562e-05 1.34096e-12 5.5999e-06 2.51149e-12 1.43438e-08 3.70435e-12 8.64238e-09 4.51858e-13 1.15959e-10 3.01312e-13 1.21684e-09 2.57697e-12 1.90155e-08 3.11077e-10 9.27243e-08 2.51759e-12 7.31846e-09 2.06071e-07 4.05511e-10 3.16448e-12 0.974641 1.87221e-05 
0.000806239 0.00208039 0.000158433 0.00010337 6.15866e-08 0.036925 0.006297 0.000324614 0.000768543 2.00017e-05 0.00541973 0.000140463 1.21072e-05 0.00532948 1.2133e-06 0.00796521 1.53384e-05 1.194e-06 0.00466137 0.0577298 0.0039736 6.84087e-06 0.018166 0.00137816 0.00153205 3.91903e-05 0.84332 0.0028247 
0.000683798 0.0158318 0.000645067 0.00578278 1.68414e-07 0.105937 0.0032165 0.000362509 0.0161445 0.000301955 0.000261685 0.0038846 0.000818166 0.0277062 8.2743e-06 0.00856667 0.000598831 0.000141073 0.00430243 0.0130421 0.00295216 6.30232e-05 0.0102742 0.00225502 0.00239142 0.000143255 0.750904 0.022781 
1.01389e-05 0.00242156 1.7442e-05 1.61653e-08 9.47712e-08 0.356183 0.00172776 0.000965264 0.000439486 2.24755e-06 0.000132835 0.000144273 0.0670387 0.00102526 1.83497e-05 0.0151715 1.11706e-05 1.41149e-06 0.000311254 4.68233e-07 0.000786425 1.5404e-06 0.0172677 0.012924 0.00108881 6.14475e-08 0.519148 0.00316103 
8.08897e-05 0.129512 8.97755e-06 1.92184e-05 8.52485e-13 0.012025 0.00556838 1.31491e-08 0.00104176 2.76853e-05 6.30203e-09 9.60918e-13 6.41548e-10 0.000528339 1.827e-06 0.0284518 7.24608e-05 1.20331e-08 0.000271072 0.0985461 0.00729263 6.53069e-13 0.0180476 0.0103273 0.000431679 1.64995e-10 0.684227 0.00351851 
0.0013385 0.0274614 0.000576225 0.000529287 4.49585e-09 0.214063 0.016359 1.56861e-05 0.0137653 2.50116e-06 0.000295049 0.00227228 4.49722e-05 0.0596654 1.29597e-07 0.0996015 0.000240247 0.00127125 0.0346413 0.0542026 0.00874617 0.000440084 0.0218698 0.00615566 0.000565112 7.38519e-06 0.412568 0.0233017 
0.0013959 0.0113068 0.000105626 1.57025e-05 0.000117343 0.0812784 0.000527823 4.09874e-05 0.00104346 3.67411e-06 0.000163525 3.58189e-08 1.52776e-06 0.000695846 4.02725e-10 0.00743117 1.64833e-09 2.70236e-05 0.000568232 0.10808 0.00193064 3.8682e-06 0.00833382 0.0225649 0.00693104 6.28961e-10 0.745935 0.00149788 
