3.64536e-07 1.14888e-07 6.14692e-07 0.000531336 8.79764e-07 7.81009e-05 0.000783848 0.000215747 2.53933e-07 6.72334e-07 5.37451e-07 9.91666e-07 0.000290758 0.994505 7.13274e-07 0.000508253 8.99929e-07 6.89862e-07 0.00100665 0.000210337 0.00165105 6.73966e-07 1.15181e-07 1.3825e-07 0.000210371 8.47141e-07 1.00197e-07 8.97228e-08 
7.20977e-06 0.00163179 7.91428e-05 8.21846e-05 7.55872e-08 0.0146607 2.16185e-06 0.000289958 0.965287 4.67643e-05 2.26832e-05 1.15539e-05 1.38708e-08 0.000231096 2.32977e-06 0.00400206 7.73197e-08 1.89271e-05 0.00213771 0.0015135 0.0076571 3.25e-05 0.000905943 0.00010847 0.00094577 7.27843e-08 0.000323216 7.70877e-09 
4.24259e-06 0.00161571 7.3508e-05 7.39714e-05 4.22511e-08 0.0146401 1.27398e-06 0.000276886 0.965552 2.75227e-05 1.33495e-05 6.80838e-06 7.75338e-09 0.000224482 1.37152e-06 0.00398335 4.32196e-08 1.11383e-05 0.00210953 0.00150343 0.00760862 1.91271e-05 0.000897371 0.000104486 0.00093311 4.06844e-08 0.000318487 4.30899e-09 
5.19284e-06 0.00269591 3.67856e-05 9.21139e-10 7.64118e-10 0.0552739 0.0617275 0.0425675 2.36014e-06 5.72335e-06 4.66802e-10 4.13515e-06 1.41623e-08 0.0229163 6.19513e-10 0.274354 7.89448e-08 2.33739e-06 2.18561e-06 0.192443 1.57567e-10 5.85372e-10 0.0776406 2.02941e-06 0.27032 7.35783e-10 8.70256e-11 7.79286e-11 
1.52822e-07 0.0010157 2.57692e-07 4.44605e-07 0.000288777 0.000200712 0.000654835 1.50492e-07 1.06454e-07 0.000169261 0.333518 4.15728e-07 6.76803e-08 0.000133381 0.000210745 0.000464551 0.000167554 0.000309365 6.72971e-06 0.330511 7.60529e-08 2.82541e-07 0.332062 0.000267457 1.81123e-05 3.5514e-07 4.20046e-08 3.76137e-08 
5.20256e-06 0.000783552 8.7727e-06 1.51359e-05 0.00621585 0.000552435 0.000562923 0.101071 0.00271273 9.59535e-06 0.865747 1.41528e-05 2.30407e-06 0.00764099 1.01796e-05 0.00406158 1.28435e-05 0.00212475 0.0030504 0.00116778 0.00159321 9.61865e-06 0.000736108 0.00187531 2.14301e-06 1.20901e-05 1.42998e-06 1.2805e-06 
1.1559e-11 5.14391e-07 1.94911e-11 4.71138e-08 2.78962e-11 0.113824 1.51692e-07 1.13828e-11 0.885102 2.13189e-11 1.82365e-07 1.63543e-07 1.17792e-08 4.60312e-08 2.2617e-11 0.00107174 2.85356e-11 4.59586e-08 2.90619e-09 9.83094e-08 2.41659e-08 1.07067e-08 5.56969e-07 4.38374e-12 4.76132e-12 2.68618e-11 2.60555e-08 2.845e-12 
1.1559e-11 5.14391e-07 1.94911e-11 4.71138e-08 2.78962e-11 0.113824 1.51692e-07 1.13828e-11 0.885102 2.13189e-11 1.82365e-07 1.63543e-07 1.17792e-08 4.60312e-08 2.2617e-11 0.00107174 2.85356e-11 4.59586e-08 2.90619e-09 9.83094e-08 2.41659e-08 1.07067e-08 5.56969e-07 4.38374e-12 4.76132e-12 2.68618e-11 2.60555e-08 2.845e-12 
2.82016e-05 1.00467e-05 0.0101871 1.28142e-08 1.06299e-08 0.0559329 0.000279245 1.00136e-06 3.06818e-09 0.318588 6.49382e-09 1.19819e-08 5.45877e-06 0.498938 3.24629e-05 1.54628e-05 1.08735e-08 1.34608e-05 1.8426e-09 0.00353509 2.19196e-09 8.14329e-09 0.0102885 1.66556e-06 0.0993192 0.00282108 2.7366e-06 1.08409e-09 
9.72774e-05 5.65519e-05 0.00014933 3.09159e-05 1.74014e-05 0.0127651 7.81359e-07 3.59547e-08 1.16857e-05 6.73397e-08 5.383e-08 2.39057e-05 1.61698e-08 0.645502 7.14402e-08 2.23513e-05 9.01352e-08 6.90953e-08 0.000218971 0.000563318 9.28158e-05 1.92885e-05 0.276333 0.0640818 1.50395e-08 8.4848e-08 1.33321e-05 8.98646e-09 
0.0173879 0.00376286 1.56651e-06 0.00369974 2.24203e-06 0.0668897 0.000903562 0.00182202 0.00114908 0.000211417 1.36966e-06 0.0045875 7.59431e-05 0.176719 0.00018503 0.00146015 0.00137272 0.00097002 0.00721911 0.00112393 0.000890822 0.0017947 0.00217482 0.703865 0.00112028 0.000313012 0.000296225 2.28654e-07 
2.33648e-06 0.00353532 3.93983e-06 6.79753e-06 5.63879e-06 0.00253116 1.04646e-06 2.30086e-06 1.62757e-06 0.957959 3.44476e-06 6.35603e-06 1.03476e-06 0.0283772 4.57169e-06 0.000827717 5.76804e-06 4.42163e-06 9.77441e-07 0.00345624 1.16277e-06 4.31975e-06 0.00324901 8.86106e-07 9.62429e-07 5.4297e-06 6.42204e-07 5.75073e-07 
5.15432e-07 0.000299951 8.69136e-07 9.32296e-05 8.04041e-05 0.00513064 2.30851e-07 0.0754579 6.45198e-06 9.50639e-07 0.00372933 1.40216e-06 2.2827e-07 0.82127 0.000274399 0.000225362 0.000152425 9.75422e-07 9.72576e-05 0.0528444 0.00299193 9.52946e-07 0.0363019 1.95477e-07 0.000199275 0.000838645 1.41672e-07 1.26862e-07 
0.00206209 0.000104289 0.0690009 1.87962e-05 1.43564e-06 0.031425 0.00136994 0.000244814 5.54774e-05 3.73289e-05 4.71909e-05 8.32277e-08 0.00606062 4.89179e-06 5.20793e-06 0.000129212 1.95287e-06 3.59729e-05 0.0001679 0.000185695 0.00860331 1.35174e-06 0.01475 0.865545 1.26023e-08 0.000104013 3.73759e-05 7.53017e-09 
9.89793e-07 0.00911864 6.78886e-06 0.00713278 4.77124e-09 0.330658 0.0109333 1.63116e-05 0.597503 1.25733e-06 0.00104573 0.000190218 1.3842e-06 0.0185275 3.86832e-09 0.00585045 3.82621e-07 0.000105622 0.000976562 0.00521807 0.00292744 1.20014e-08 0.00782993 0.000337952 0.000802238 0.000312196 0.000503075 4.86596e-10 
0.000143328 0.000116087 1.61324e-07 0.00042006 2.30891e-07 5.86681e-07 1.44569e-05 2.38292e-05 0.000227006 1.76452e-07 0.000135741 0.921802 3.13928e-05 0.0378209 1.87196e-07 2.23816e-05 2.36183e-07 0.000116323 0.0161316 0.00554433 0.0154073 3.99978e-06 0.000396791 0.000970218 0.00067036 2.22329e-07 2.62962e-08 2.35474e-08 
1.14075e-05 0.049143 7.54398e-09 6.64799e-06 1.07971e-08 0.00723306 2.00375e-09 0.113402 0.0341697 4.92668e-07 3.87893e-06 2.0018e-05 0.000820958 0.785888 8.75386e-09 6.51011e-06 1.10446e-08 8.46652e-09 1.8716e-09 0.00809066 2.22646e-09 1.11769e-05 3.65287e-06 0.00118854 1.84286e-09 1.03968e-08 1.22969e-09 1.10115e-09 
5.19284e-06 0.00269591 3.67856e-05 9.21139e-10 7.64118e-10 0.0552739 0.0617275 0.0425675 2.36014e-06 5.72335e-06 4.66802e-10 4.13515e-06 1.41623e-08 0.0229163 6.19513e-10 0.274354 7.89448e-08 2.33739e-06 2.18561e-06 0.192443 1.57567e-10 5.85372e-10 0.0776406 2.02941e-06 0.27032 7.35783e-10 8.70256e-11 7.79286e-11 
5.19284e-06 0.00269591 3.67856e-05 9.21139e-10 7.64118e-10 0.0552739 0.0617275 0.0425675 2.36014e-06 5.72335e-06 4.66802e-10 4.13515e-06 1.41623e-08 0.0229163 6.19513e-10 0.274354 7.89448e-08 2.33739e-06 2.18561e-06 0.192443 1.57567e-10 5.85372e-10 0.0776406 2.02941e-06 0.27032 7.35783e-10 8.70256e-11 7.79286e-11 
0.0123041 0.00282978 0.00154269 1.2093e-06 1.00315e-06 0.0110573 0.0064974 0.0178471 0.0102792 0.890521 6.12831e-07 1.13075e-06 1.84086e-07 0.0107862 8.13314e-07 0.00165565 1.02615e-06 7.86618e-07 0.0165022 0.0010145 0.00341337 7.68493e-07 0.00472819 0.00569097 0.0033218 9.65956e-07 1.1425e-07 1.02307e-07 
0.1432 4.83276e-05 3.58863e-06 3.25912e-07 2.70355e-07 4.3523e-05 0.000114129 0.000217185 0.000243984 2.68564e-06 0.000192388 0.00020141 4.96121e-08 0.0474444 6.79414e-06 0.000111556 2.76552e-07 2.11998e-07 0.000938239 0.000275168 0.0455711 0.713308 0.047758 0.000172594 4.61442e-08 0.000145506 3.07909e-08 2.75722e-08 
5.65078e-06 0.00108522 1.17273e-07 2.02335e-07 0.00121427 0.000229383 6.24351e-07 0.000404745 0.00281781 1.2827e-07 2.2852e-06 0.953323 7.06112e-07 0.00619761 1.29241e-06 0.0154476 1.71691e-07 1.31614e-07 0.0143841 1.05916e-06 0.00013251 1.03182e-06 0.00088212 0.0038676 2.86476e-08 1.6162e-07 1.91158e-08 1.71176e-08 
0.0014318 7.91488e-05 0.000917791 1.8988e-08 2.45588e-11 0.893976 5.33309e-05 0.000211477 0.00985476 1.24307e-05 0.0111771 0.00171223 8.16294e-05 0.00150334 1.99112e-11 0.00033432 1.53129e-08 2.76885e-09 1.39899e-07 1.19308e-05 0.000418057 2.16451e-08 0.000849889 0.00143654 1.1896e-06 9.20153e-09 0.075937 2.50463e-12 
4.75646e-06 1.25961e-10 2.02247e-06 1.16276e-09 9.64551e-10 0.0299421 3.58186e-07 3.93576e-10 2.78406e-10 7.3713e-10 8.78038e-06 1.08724e-09 9.20587e-07 0.970025 5.47489e-06 1.45928e-06 9.86659e-10 2.2698e-06 3.34561e-07 3.9022e-07 1.98898e-10 7.38919e-10 4.92621e-07 1.51574e-10 2.53547e-06 2.78727e-06 4.61492e-07 9.83698e-11 
6.12398e-06 0.000146752 0.00038744 2.54159e-08 2.10834e-08 0.0733546 3.91268e-09 8.60287e-09 6.08546e-09 1.61123e-08 1.28799e-08 6.1813e-05 3.86894e-09 0.299659 1.70935e-08 5.79934e-05 2.15666e-08 1.65324e-08 0.625699 4.58727e-05 0.000240859 1.61515e-08 0.000131668 0.000174274 3.59851e-09 2.03016e-08 3.45795e-05 2.15019e-09 
5.92927e-06 4.63941e-05 6.41653e-09 0.0078206 9.18351e-09 0.256249 1.70429e-09 0.0487495 3.57969e-06 7.01823e-09 1.34164e-06 4.98922e-06 1.68524e-09 0.304988 7.44559e-09 0.219006 9.39401e-09 2.93018e-07 0.0388314 3.56183e-05 0.011656 7.03527e-09 0.112591 1.03116e-05 1.56744e-09 8.84297e-09 1.04591e-09 9.36581e-10 
2.49857e-06 3.27971e-10 1.75476e-09 3.36088e-05 2.53657e-07 0.63445 1.16567e-06 1.02478e-09 1.28314e-05 1.91931e-09 1.16619e-05 2.8309e-09 4.6087e-10 0.267823 2.03618e-09 3.66146e-06 2.56902e-09 1.96934e-09 0.0976288 1.19445e-05 5.07577e-06 1.92397e-09 2.86093e-06 2.0921e-06 4.84423e-06 4.86083e-07 4.60538e-06 2.56131e-10 
0.425711 0.00357001 9.36667e-08 0.00350798 0.00136925 0.131603 0.00321751 0.00172795 0.0370328 0.000775064 6.68533e-05 0.0101172 7.16905e-05 0.0604433 0.000173944 0.00138524 0.00445591 0.00091881 0.0712346 0.00106629 0.00390762 0.00170132 0.228416 0.00498444 0.0010626 0.000295073 0.00118402 1.3672e-08 
4.49391e-06 5.55152e-05 7.57776e-06 1.30742e-05 1.08455e-05 5.21222e-05 0.000161686 4.4254e-06 3.13042e-06 0.000160495 6.62555e-06 1.2225e-05 9.70157e-05 0.00073868 0.00015735 0.000148541 1.10941e-05 0.000239642 1.15466e-05 0.000554347 6.79478e-05 0.995639 1.41991e-06 1.70431e-06 0.00182663 1.04433e-05 1.2352e-06 1.10608e-06 
0.000168478 6.30626e-07 3.37406e-06 0.000120118 0.000150929 0.000655525 8.96182e-07 1.97045e-06 0.000102988 3.69046e-06 0.000251185 5.44329e-06 8.86165e-07 0.939041 3.91518e-06 0.00617593 4.93974e-06 3.78667e-06 0.00198279 0.0264708 7.27406e-05 3.69942e-06 0.012525 0.0121874 5.58937e-05 4.64998e-06 5.49982e-07 4.92491e-07 
2.75392e-12 6.40024e-05 1.28002e-05 9.21304e-06 6.64625e-12 0.0259605 4.32137e-09 2.71194e-12 0.973655 5.0792e-12 5.19746e-09 4.66441e-09 3.36552e-10 1.3118e-09 5.38849e-12 6.82075e-05 6.79858e-12 1.31352e-09 1.15208e-12 1.73058e-05 1.37051e-12 3.09416e-10 0.00021331 1.04442e-12 1.13438e-12 6.39979e-12 7.96283e-08 6.77818e-13 
1.86625e-09 5.88174e-10 3.46477e-06 5.4295e-09 4.50397e-09 0.0856113 8.35852e-10 1.8378e-09 1.43131e-06 3.44203e-09 4.1e-05 5.07685e-09 8.26509e-10 0.908551 3.68813e-07 6.81411e-06 4.6072e-09 3.53176e-09 0.00578182 2.48462e-06 9.28754e-10 3.45038e-09 5.89669e-10 7.07774e-10 7.68736e-10 4.33695e-09 5.12958e-10 4.59337e-10 
2.75392e-12 6.40024e-05 1.28002e-05 9.21304e-06 6.64625e-12 0.0259605 4.32137e-09 2.71194e-12 0.973655 5.0792e-12 5.19746e-09 4.66441e-09 3.36552e-10 1.3118e-09 5.38849e-12 6.82075e-05 6.79858e-12 1.31352e-09 1.15208e-12 1.73058e-05 1.37051e-12 3.09416e-10 0.00021331 1.04442e-12 1.13438e-12 6.39979e-12 7.96283e-08 6.77818e-13 
5.19284e-06 0.00269591 3.67856e-05 9.21139e-10 7.64118e-10 0.0552739 0.0617275 0.0425675 2.36014e-06 5.72335e-06 4.66802e-10 4.13515e-06 1.41623e-08 0.0229163 6.19513e-10 0.274354 7.89448e-08 2.33739e-06 2.18561e-06 0.192443 1.57567e-10 5.85372e-10 0.0776406 2.02941e-06 0.27032 7.35783e-10 8.70256e-11 7.79286e-11 
1.40067e-06 5.26477e-08 4.85008e-07 5.42396e-08 2.26088e-08 0.0312615 4.94394e-07 1.37101e-07 6.46113e-11 1.07791e-06 2.32612e-07 1.50639e-05 1.27382e-07 0.968713 5.26493e-07 2.56569e-07 2.2898e-10 1.7553e-10 3.88025e-11 1.52297e-07 4.61595e-11 1.71485e-10 5.27551e-07 3.51766e-11 1.91071e-07 5.06559e-06 2.54942e-11 2.28292e-11 
0.00043791 8.51883e-09 4.55786e-08 7.86384e-08 0.000293615 0.000799723 0.000145285 2.66179e-08 1.88288e-08 0.0661449 0.409167 7.35308e-08 2.51505e-05 0.521382 5.28883e-08 0.000159698 6.67285e-08 5.11523e-08 2.48882e-05 0.000244682 1.34516e-08 4.99737e-08 0.000547453 1.02511e-08 1.1134e-08 0.000596798 2.97251e-05 6.65283e-09 
4.2828e-10 0.0947369 7.22177e-10 5.40125e-07 1.0208e-06 0.118552 2.73695e-07 0.0289008 5.81863e-05 2.89033e-07 1.79844e-07 0.00339142 1.89673e-10 0.0101996 8.37997e-10 0.67619 1.05729e-09 3.57623e-07 1.79166e-10 0.00367013 0.000158649 7.91816e-10 0.0373765 0.0266951 1.78648e-06 9.95272e-10 6.63863e-05 1.05412e-10 
8.87584e-06 0.00539758 0.00133498 6.20798e-09 1.43834e-05 0.0605749 7.01468e-07 0.150408 7.35569e-06 0.0278697 0.00924905 5.80477e-09 1.74115e-07 0.661194 4.17519e-09 7.61438e-06 0.00244813 5.96281e-06 0.0113201 0.024107 1.42063e-05 3.94509e-09 0.0309762 3.94539e-06 1.79822e-05 1.06483e-05 0.0150281 5.25197e-10 
8.50258e-05 1.98876e-10 1.06405e-09 0.00297229 0.000282925 0.0364353 0.00904888 0.00509969 4.39567e-10 1.16383e-09 1.14457e-05 1.19309e-07 6.8946e-07 0.942082 0.000209858 1.21489e-06 1.60226e-06 9.65407e-06 2.63983e-10 5.76366e-08 3.14034e-10 1.16666e-09 2.19916e-06 2.39315e-10 0.00303035 0.000726475 1.73443e-10 1.55313e-10 
9.66384e-06 2.40837e-06 3.78876e-09 6.34144e-05 5.42258e-09 0.23383 1.00633e-09 2.21264e-09 1.56516e-09 2.90498e-06 3.31267e-09 6.11231e-09 1.2946e-06 0.76605 4.39639e-09 4.67395e-06 5.54687e-09 4.25209e-09 7.89662e-06 1.2463e-05 1.11818e-09 4.15411e-09 8.66193e-06 8.52129e-10 1.019e-06 5.2215e-09 5.12653e-06 5.53023e-10 
2.37663e-06 0.0916682 1.97069e-06 0.000127838 3.02957e-07 0.221668 2.55478e-10 5.61724e-10 0.440469 0.000748443 2.50972e-05 0.000501362 9.87732e-09 0.113368 2.56254e-07 0.0420454 1.40819e-09 1.54335e-06 0.0337431 0.043218 2.9718e-06 1.05461e-09 3.86439e-06 2.16331e-10 8.92399e-07 4.11677e-05 0.012362 1.40397e-10 
3.86278e-07 6.61609e-09 5.65275e-11 9.75289e-11 8.09037e-11 0.0096253 1.50142e-11 3.3012e-11 0.000977207 6.18283e-11 4.94243e-11 2.27998e-06 1.48464e-11 0.983319 6.55932e-11 3.09406e-07 8.27581e-11 1.07722e-07 0.00126621 9.73869e-07 0.000291569 1.27383e-07 1.49571e-06 3.70196e-07 2.17081e-07 7.79037e-11 0.00451401 8.25097e-12 
0.000653519 0.000871805 8.42769e-06 9.50331e-06 0.0206553 0.000186664 0.000544455 1.51168e-06 0.0250799 2.83123e-06 2.26323e-06 4.17595e-06 6.79843e-07 0.835206 0.000117766 0.0778498 3.78964e-06 0.000697646 0.0361738 2.18587e-05 0.000837841 2.8381e-06 0.000511664 4.91236e-05 6.32322e-07 3.56735e-06 0.000502318 3.77827e-07 
4.55445e-07 2.26604e-09 5.83221e-07 2.09181e-08 5.36808e-05 0.706719 3.22027e-09 7.08046e-09 0.00278379 1.3261e-08 1.06006e-08 1.95595e-08 5.03967e-06 0.00727278 1.40685e-08 2.9254e-07 3.85399e-06 1.36067e-08 7.62202e-05 1.06194e-07 0.000569471 1.32739e-06 2.27181e-09 2.72683e-09 2.9617e-09 1.67089e-08 0.282513 1.76968e-09 
3.05125e-06 0.0187416 1.02882e-09 1.77505e-09 1.47247e-09 0.0177807 3.17012e-06 1.80309e-06 6.25194e-05 2.47677e-06 8.99537e-10 1.65976e-09 2.70208e-10 0.915907 1.19381e-09 2.16143e-07 1.50622e-09 1.15463e-09 7.93827e-06 0.0474741 1.29352e-05 1.24195e-06 8.48421e-07 2.31391e-10 2.51321e-10 1.41787e-09 1.677e-10 1.5017e-10 
1.07687e-07 3.39389e-08 1.81585e-07 3.16121e-05 2.59889e-07 0.106472 6.52051e-05 1.06045e-07 0.838953 0.053969 0.000443923 1.5981e-05 4.76914e-08 9.48912e-06 2.10707e-07 3.66063e-06 2.65846e-07 2.0379e-07 4.50497e-08 3.34059e-05 5.35912e-08 1.99095e-07 3.40252e-08 4.08401e-08 4.43578e-08 2.50252e-07 2.95988e-08 2.65048e-08 
5.19284e-06 0.00269591 3.67856e-05 9.21139e-10 7.64118e-10 0.0552739 0.0617275 0.0425675 2.36014e-06 5.72335e-06 4.66802e-10 4.13515e-06 1.41623e-08 0.0229163 6.19513e-10 0.274354 7.89448e-08 2.33739e-06 2.18561e-06 0.192443 1.57567e-10 5.85372e-10 0.0776406 2.02941e-06 0.27032 7.35783e-10 8.70256e-11 7.79286e-11 
0.0836603 3.86717e-06 0.00093712 3.22261e-06 5.96522e-09 0.0953922 2.00184e-05 6.20615e-06 3.85114e-06 0.0118117 3.64417e-09 0.000106264 1.09466e-09 0.650693 4.83634e-09 0.0218314 6.10195e-09 4.67759e-09 0.105232 1.22609e-05 0.0238616 4.56981e-09 7.80979e-10 0.006412 1.01814e-09 1.10498e-05 1.40216e-06 6.08363e-10 
2.16342e-09 0.0035273 3.64802e-09 0.0160851 5.22114e-09 1.4851e-05 5.91155e-06 2.21587e-05 1.50702e-09 3.9901e-09 3.18961e-09 5.88525e-09 9.58116e-10 1.07755e-06 4.23307e-09 0.0839076 5.34081e-09 4.09413e-09 0.815618 1.56828e-06 0.0727778 3.99979e-09 0.00802406 1.23153e-06 1.3368e-05 5.02753e-09 5.94637e-10 5.32479e-10 
0.00145052 0.00071307 1.07126e-06 6.92839e-07 5.01566e-08 0.114809 0.000209357 5.9094e-07 4.68439e-07 0.000344584 5.13847e-07 9.85419e-07 0.000327324 0.560984 0.000999328 1.97667e-05 7.37565e-10 3.06628e-06 2.64019e-07 0.295697 7.73102e-06 5.5237e-10 0.00555751 1.13307e-10 4.22005e-07 0.0188725 2.7295e-07 7.35351e-11 
4.12625e-05 1.36518e-08 7.30415e-08 5.74796e-06 0.0423696 0.617902 5.94489e-05 4.26562e-08 4.01137e-05 7.98908e-08 6.0835e-05 1.17836e-07 0.000339937 0.271144 8.47556e-08 6.7236e-05 1.06935e-07 8.19736e-08 7.74282e-06 0.00186722 2.15568e-08 8.00848e-08 0.0659469 1.64277e-08 1.50531e-05 1.20758e-05 0.000120403 1.06614e-08 
1.2937e-07 9.79641e-05 0.000600953 2.8981e-05 5.12315e-12 0.0294647 2.35422e-05 2.09045e-12 0.968988 9.02951e-09 4.5136e-09 4.05031e-09 2.6662e-07 1.13921e-09 2.4967e-10 0.000166265 5.24058e-12 6.44732e-06 8.88058e-13 0.000174863 4.43464e-09 2.68231e-10 0.000447439 8.05075e-13 8.74419e-13 4.93318e-12 7.95023e-08 5.22485e-13 
1.07984e-07 3.40327e-08 1.82086e-07 6.31462e-05 2.60607e-07 0.000107462 4.83638e-08 1.06338e-07 7.52211e-08 1.99161e-07 1.59206e-07 2.93755e-07 4.78232e-08 0.999397 2.11289e-07 0.000248523 2.6658e-07 2.04354e-07 1.35974e-05 3.21038e-06 5.37393e-08 1.99645e-07 0.000146747 4.0953e-08 4.44804e-08 2.50943e-07 1.7838e-05 2.6578e-08 
0.000107438 1.82895e-07 7.41381e-06 1.68832e-06 0.00105519 0.000466817 7.2049e-05 5.71472e-07 4.04245e-07 1.07031e-06 8.09083e-05 1.57867e-06 4.58911e-05 0.997061 1.13548e-06 0.000118353 1.43263e-06 1.09821e-06 7.8473e-05 4.86312e-05 2.888e-07 2.9296e-05 1.8336e-07 2.20085e-07 9.1416e-05 0.000577819 0.000149113 1.42833e-07 
0.00478929 0.0714248 6.8944e-05 2.76639e-05 6.09966e-07 0.072443 1.9491e-08 0.0841303 0.0228096 8.02636e-08 6.31912e-05 1.18386e-07 1.92731e-08 0.196632 8.5151e-08 0.0323989 2.97041e-05 0.125937 0.00458198 0.00977783 0.267331 0.00943436 5.70501e-05 0.0158933 0.0820991 6.1376e-05 8.95385e-06 1.07112e-08 
0.00266769 0.017285 1.76836e-05 2.05801e-05 5.5398e-06 0.095921 5.88588e-07 6.44166e-05 0.547296 0.000119353 9.24877e-05 3.575e-06 6.57588e-07 0.212535 4.5749e-06 0.0367695 3.24428e-06 0.0018066 0.00439509 0.00380617 0.000894172 8.26515e-05 0.000565053 0.00115568 0.0744271 1.14815e-05 4.86527e-05 3.23455e-07 
0.0027031 0.0580217 7.45011e-08 2.44344e-05 0.588166 0.0213907 0.00123863 0.0260477 0.0370292 8.14873e-08 0.00267471 4.20621e-05 0.000857771 0.0260619 3.68475e-05 0.00160576 5.33692e-06 8.36117e-08 0.0014803 0.0121697 0.0515168 3.94892e-05 0.000757417 0.165297 0.00282086 1.23316e-05 1.21439e-08 1.08745e-08 
0.000972375 0.0280457 0.000494794 0.000634414 0.000320952 0.0516416 0.0182239 0.000860377 0.00210342 3.8248e-05 4.76346e-07 8.7892e-07 0.000412403 0.752621 0.000110547 0.00421951 7.97612e-07 0.000293547 0.0016025 0.00436006 0.0233678 5.9734e-07 0.100632 0.000748404 0.00761083 0.000674374 8.04173e-06 7.95219e-08 
0.00038141 0.000167333 1.94756e-07 0.000273396 2.78741e-07 0.0206984 5.17291e-08 0.000341475 0.000171016 0.00021606 1.70284e-07 0.83184 5.52248e-05 0.14216 2.25991e-07 6.36367e-06 2.8513e-07 2.18573e-07 9.63868e-05 0.000202155 5.74786e-08 2.13537e-07 9.54628e-05 4.38026e-08 4.75755e-08 0.00319368 9.96465e-05 2.84274e-08 
6.0231e-07 6.12146e-11 3.27518e-10 2.83105e-07 4.68753e-10 4.16135e-08 4.17648e-07 1.14954e-07 1.353e-10 3.58231e-10 4.87104e-07 5.28377e-10 0.000681806 0.998928 1.25452e-06 2.70806e-07 4.79498e-10 3.6757e-10 5.36363e-07 0.000235462 8.7971e-07 3.59101e-10 6.13702e-11 7.3662e-11 0.000145829 4.10793e-06 5.33865e-11 4.78059e-11 
0.976024 0.000246603 1.74177e-05 9.98386e-08 8.28196e-08 0.000222172 0.000582531 0.00110847 0.00124547 1.27218e-05 0.000981591 0.00102699 1.5198e-08 0.00052383 3.36405e-05 0.000569514 8.47179e-08 6.49426e-08 0.00479066 0.001405 0.00289987 6.34462e-08 0.00668575 0.000881105 1.41356e-08 0.000741741 9.43235e-09 8.44637e-09 
2.12998e-07 0.000122667 3.59164e-07 0.999259 5.14045e-07 0.000151785 9.53971e-08 2.09751e-07 1.48373e-07 3.92844e-07 3.14032e-07 5.79429e-07 9.43308e-08 0.000126868 4.16765e-07 5.41303e-05 5.25827e-07 0.000182815 8.91057e-08 1.63253e-05 1.06e-07 3.93797e-07 8.16454e-05 8.07793e-08 8.77371e-08 4.94983e-07 5.85447e-08 5.24249e-08 
5.19284e-06 0.00269591 3.67856e-05 9.21139e-10 7.64118e-10 0.0552739 0.0617275 0.0425675 2.36014e-06 5.72335e-06 4.66802e-10 4.13515e-06 1.41623e-08 0.0229163 6.19513e-10 0.274354 7.89448e-08 2.33739e-06 2.18561e-06 0.192443 1.57567e-10 5.85372e-10 0.0776406 2.02941e-06 0.27032 7.35783e-10 8.70256e-11 7.79286e-11 
2.75392e-12 6.40024e-05 1.28002e-05 9.21304e-06 6.64625e-12 0.0259605 4.32137e-09 2.71194e-12 0.973655 5.0792e-12 5.19746e-09 4.66441e-09 3.36552e-10 1.3118e-09 5.38849e-12 6.82075e-05 6.79858e-12 1.31352e-09 1.15208e-12 1.73058e-05 1.37051e-12 3.09416e-10 0.00021331 1.04442e-12 1.13438e-12 6.39979e-12 7.96283e-08 6.77818e-13 
0.000144176 1.01864e-06 0.111091 0.0191661 0.000121344 0.344327 9.29981e-05 2.19755e-06 0.000372761 5.73632e-07 0.0162578 0.0363017 0.00225483 0.190505 6.47923e-07 3.9847e-07 4.27156e-09 0.12038 0.0317175 3.71108e-05 0.0147145 3.19901e-09 0.103251 1.47096e-06 0.00729641 0.000786266 0.00117508 4.25874e-10 
5.19284e-06 0.00269591 3.67856e-05 9.21139e-10 7.64118e-10 0.0552739 0.0617275 0.0425675 2.36014e-06 5.72335e-06 4.66802e-10 4.13515e-06 1.41623e-08 0.0229163 6.19513e-10 0.274354 7.89448e-08 2.33739e-06 2.18561e-06 0.192443 1.57567e-10 5.85372e-10 0.0776406 2.02941e-06 0.27032 7.35783e-10 8.70256e-11 7.79286e-11 
6.49481e-09 2.04692e-09 1.09517e-08 1.90844e-06 1.56744e-08 0.0542027 2.90888e-09 0.0798897 9.05298e-06 1.20985e-06 9.57555e-09 1.76681e-08 2.87637e-09 0.865859 1.27081e-08 3.73797e-06 1.60337e-08 1.2291e-08 2.71704e-09 4.13176e-06 1.81035e-05 1.20078e-08 2.05213e-09 2.46315e-09 1.04364e-05 1.50932e-08 1.78516e-09 1.59856e-09 
0.000650414 0.0938485 7.45012e-07 9.41281e-05 1.06628e-06 0.000315583 1.97882e-07 0.000283268 3.0777e-07 8.14875e-07 6.51395e-07 0.0211882 0.000146648 0.844225 4.54881e-05 9.85022e-05 6.39129e-05 0.000182012 0.0125539 0.000200774 2.19876e-07 8.16853e-07 3.0389e-05 1.6756e-07 0.0197917 0.00620187 7.46783e-05 1.08745e-07 
5.19284e-06 0.00269591 3.67856e-05 9.21139e-10 7.64118e-10 0.0552739 0.0617275 0.0425675 2.36014e-06 5.72335e-06 4.66802e-10 4.13515e-06 1.41623e-08 0.0229163 6.19513e-10 0.274354 7.89448e-08 2.33739e-06 2.18561e-06 0.192443 1.57567e-10 5.85372e-10 0.0776406 2.02941e-06 0.27032 7.35783e-10 8.70256e-11 7.79286e-11 
6.6915e-06 3.5806e-05 1.12823e-09 1.94657e-09 1.61475e-09 0.00286827 0.969568 8.43439e-06 4.66078e-10 1.87584e-05 1.29236e-05 1.82014e-09 1.27446e-06 4.24083e-06 1.30917e-09 1.37984e-05 8.09528e-06 2.40704e-06 0.00923053 4.88687e-05 9.98957e-06 1.23702e-09 0.000205212 0.0179198 3.64077e-05 1.55487e-09 3.69647e-08 1.6468e-10 
6.70545e-06 1.39945e-10 2.32189e-06 1.29185e-09 1.08236e-07 1.88485e-06 2.36683e-06 6.42835e-06 3.09316e-10 0.00619755 1.11359e-06 1.20795e-09 6.09822e-07 0.920864 2.52049e-06 9.53166e-07 1.0962e-09 8.40319e-10 1.05902e-06 7.29095e-07 2.36471e-06 8.20957e-10 0.011115 1.68402e-10 0.00356832 0.0582258 2.4422e-07 1.09291e-10 
9.1138e-05 0.000230918 5.25166e-06 9.06088e-06 4.19734e-05 0.00165933 1.39489e-06 3.06697e-06 0.000377819 5.74413e-06 0.0707125 8.47237e-06 1.3793e-06 0.493144 6.09391e-06 0.000208251 7.6886e-06 5.89388e-06 0.329983 0.0994361 0.000302105 5.75808e-06 0.000132625 0.00361055 1.28289e-06 7.23761e-06 8.56036e-07 7.66553e-07 
7.65953e-07 0.00239324 9.96473e-05 9.54784e-05 7.21642e-10 0.0219213 2.35988e-07 0.000390666 0.948828 4.98227e-06 2.4149e-06 1.26019e-06 1.32426e-10 0.000324245 2.49689e-07 0.00593972 7.38182e-10 2.013e-06 0.00311113 0.00223614 0.0113215 3.46083e-06 0.0013299 0.000149214 0.00137578 6.94882e-10 0.000468829 7.35967e-11 
0.00944607 1.15742e-06 1.9351e-07 2.96398e-06 1.643e-06 0.217223 0.00940773 0.000483729 2.00364e-06 0.00337626 2.93811e-06 0.0654073 8.60197e-05 0.628336 3.03878e-09 3.50726e-06 3.83398e-09 2.93903e-09 0.000269693 0.00098427 3.58353e-06 8.40061e-07 1.11844e-06 5.8899e-10 2.70525e-06 0.0641544 0.000803388 3.82248e-10 
7.60859e-06 0.0140388 2.35793e-07 4.06822e-07 9.47003e-06 1.54853e-07 0.020569 1.37703e-07 0.00378652 2.57904e-07 3.12699e-06 0.879063 2.0776e-05 0.00672348 1.75446e-06 0.0168206 3.45208e-07 2.64628e-07 0.0001697 0.00389306 0.0464285 1.46723e-06 0.00845618 4.29806e-06 5.75999e-08 3.24959e-07 3.84349e-08 3.44172e-08 
3.28659e-07 1.03581e-07 5.54193e-07 9.56169e-07 7.93177e-07 0.0330631 1.97146e-05 0.000285864 0.000112441 6.06162e-07 4.84554e-07 8.94066e-07 7.22433e-06 0.966268 4.0258e-05 7.14633e-06 8.11357e-07 6.21965e-07 1.37491e-07 1.01358e-05 1.63559e-07 4.78899e-05 6.11815e-05 1.24643e-07 1.35379e-07 7.01005e-05 9.03351e-08 8.08922e-08 
2.16342e-09 0.0035273 3.64802e-09 0.0160851 5.22114e-09 1.4851e-05 5.91155e-06 2.21587e-05 1.50702e-09 3.9901e-09 3.18961e-09 5.88525e-09 9.58116e-10 1.07755e-06 4.23307e-09 0.0839076 5.34081e-09 4.09413e-09 0.815618 1.56828e-06 0.0727778 3.99979e-09 0.00802406 1.23153e-06 1.3368e-05 5.02753e-09 5.94637e-10 5.32479e-10 
3.69436e-10 0.00385096 0.000208092 0.000591982 9.60866e-08 0.129319 0.00149433 6.53195e-06 0.826928 2.71459e-05 4.82385e-08 0.000928887 1.17962e-06 0.0103977 7.22861e-10 0.014403 4.62916e-05 5.38466e-05 0.00117496 0.00138281 1.41851e-06 3.4778e-09 0.00566241 0.00350712 1.72697e-06 1.49384e-07 1.30324e-05 9.09287e-11 
0.00205453 1.28137e-06 6.85576e-06 0.000496822 9.81215e-06 0.000137223 0.0828911 4.00376e-06 2.83216e-06 7.49865e-06 5.99427e-06 1.10602e-05 2.14882e-05 0.913633 7.95526e-06 0.000385175 1.0037e-05 7.69414e-06 1.70086e-06 0.000105806 6.56272e-05 7.51685e-06 4.79614e-06 1.54193e-06 4.28755e-05 7.40151e-05 1.11751e-06 1.00069e-06 
3.12122e-07 4.09702e-11 2.19204e-10 0.107904 3.13731e-10 0.622943 1.45615e-07 3.32968e-07 0.00833666 2.3976e-10 1.45681e-06 9.19808e-07 2.88434e-08 0.246274 2.56903e-08 4.57389e-07 3.20922e-10 2.4601e-10 0.00379171 0.0107446 6.34065e-07 2.40342e-10 3.57388e-07 2.61345e-07 6.05141e-07 3.02097e-10 5.75303e-07 3.19959e-11 
3.30005e-07 1.04005e-07 0.00054436 0.00783543 2.61712e-05 0.06258 0.00755343 0.000201165 0.0150889 4.91002e-05 1.71363e-05 8.97728e-07 0.00019829 0.764887 0.000135511 0.0211323 0.000126751 6.24513e-07 0.00169657 0.00428721 0.00892211 6.10123e-07 0.00747642 0.000279951 0.0931155 7.66893e-07 0.00384292 8.12235e-08 
2.53228e-09 0.0808326 4.27e-09 7.36718e-09 6.11134e-09 4.68539e-05 6.70294e-05 7.48353e-06 4.65703e-05 4.67041e-09 3.73344e-09 4.82896e-06 1.12147e-09 8.40283e-10 4.95481e-09 0.000771457 6.25142e-09 4.79217e-09 6.91768e-05 0.000349867 0.000128543 4.68175e-09 0.91754 8.4705e-05 4.97561e-05 5.88472e-09 9.05524e-07 6.23266e-10 
7.48512e-07 0.00010108 0.000372204 0.000298376 0.000350723 0.161262 3.35242e-07 7.37102e-07 0.0170277 0.000776033 4.59782e-05 2.03621e-06 3.31495e-07 0.414254 1.46458e-06 0.160214 1.84785e-06 1.41651e-06 0.000509636 5.87325e-05 0.0756376 0.00766684 0.160878 0.000118602 8.1802e-05 0.000337717 2.05736e-07 1.8423e-07 
2.00096e-08 0.00256832 0.0480801 2.32699e-07 4.38608e-11 0.944731 8.13975e-12 1.7897e-11 0.00262173 3.35194e-11 2.67947e-11 4.94398e-11 8.04877e-12 0.000979301 3.55604e-11 0.000156412 4.48661e-11 4.88418e-07 2.20561e-08 7.39263e-08 9.04446e-12 1.49356e-05 5.74235e-12 6.89249e-12 1.97642e-07 2.11214e-07 0.000847057 4.47315e-12 
5.68944e-05 4.86491e-05 1.58379e-05 1.12623e-07 7.85018e-05 0.00373485 0.000100966 3.81212e-08 2.6966e-08 7.13972e-08 5.70736e-08 1.05308e-07 6.56646e-05 0.313951 6.76188e-05 8.3212e-05 6.52625e-05 0.100111 0.141076 2.28318e-05 4.5638e-05 0.00145583 1.22314e-08 0.22051 0.200839 0.0176708 1.06402e-08 9.52795e-09 
1.93105e-08 0.411426 3.25619e-08 5.61802e-08 4.66035e-08 0.103586 6.93034e-05 5.16272e-05 1.34515e-08 0.000717855 0.0524194 1.15429e-05 8.55206e-09 0.279577 3.7784e-08 7.16575e-06 4.76717e-08 3.65438e-08 9.49759e-06 0.0907682 1.05198e-05 4.00113e-05 0.0253625 0.03583 7.95427e-09 1.82221e-05 9.45989e-05 4.75286e-09 
0.00415775 0.000202763 0.120529 8.17209e-08 7.31597e-09 0.0653444 0.00269081 0.00040162 2.42123e-07 1.62756e-07 4.4601e-07 4.5618e-11 0.0124098 4.61844e-08 3.28116e-11 0.00025628 8.12636e-07 1.49984e-05 0.000326974 0.00037419 0.000852933 1.2283e-08 0.00762846 0.784809 6.90747e-12 3.89696e-11 1.63144e-07 4.12737e-12 
1.72212e-09 8.25941e-06 1.28992e-06 5.01017e-09 4.15612e-09 6.47326e-06 7.71298e-10 2.38182e-06 3.36847e-06 3.17619e-09 0.0788653 2.081e-06 7.62677e-10 0.80499 3.3696e-09 0.000481501 4.25138e-09 3.259e-09 0.055307 0.00281441 0.0522723 3.1839e-09 5.44128e-10 6.53111e-10 7.09366e-10 0.00524375 2.02842e-06 4.23862e-10 
2.72853e-05 5.57405e-05 0.000248363 9.24309e-05 3.74809e-05 0.0143226 4.59801e-06 0.767279 0.000188844 0.00116333 9.37682e-08 9.35367e-06 5.97613e-07 2.78385e-05 1.24444e-07 0.00779869 1.57009e-07 1.20359e-07 0.022749 0.00860564 0.00040136 1.17586e-07 0.0019585 0.13238 0.0292479 1.47799e-07 0.0134011 1.56538e-08 
2.80306e-07 0.185562 6.6665e-12 9.34616e-05 6.39361e-08 0.00504239 0.018318 1.00449e-07 0.405694 4.52154e-08 5.8288e-12 3.01243e-08 5.6046e-09 0.000255172 7.73565e-12 0.0448634 9.75997e-12 0.000900712 3.00846e-07 0.0265747 5.2729e-07 7.38244e-10 0.310073 0.00111104 0.00151059 9.18747e-12 1.2389e-08 9.73068e-13 
0.000228938 5.70546e-05 8.97565e-08 0.0015023 1.28462e-07 0.00167812 2.38401e-08 0.000267383 3.7079e-08 6.88195e-05 7.84778e-08 1.44802e-07 2.35737e-08 0.0021602 1.04151e-07 0.974507 1.31406e-07 1.00733e-07 0.0188943 0.000295251 2.64899e-08 9.84116e-08 0.000205203 2.01871e-08 2.19259e-08 1.24935e-05 0.000121448 1.31012e-08 
6.0124e-07 0.0968268 0.00022092 1.74919e-06 1.45102e-06 0.00016271 0.000158651 5.92074e-07 0.0457867 7.24741e-05 8.86431e-07 1.33312e-05 2.66272e-07 0.0277956 1.17642e-06 0.536035 1.48428e-06 0.000610101 0.00637503 0.115039 0.128506 0.00368392 0.00012109 0.0372822 0.00129031 1.39721e-06 9.61894e-06 1.47982e-07 
2.03844e-09 2.6989e-06 6.53426e-06 3.02512e-05 4.91952e-09 0.490453 2.92242e-06 2.00736e-09 0.0785129 3.7596e-09 3.00535e-09 5.54526e-09 1.5356e-06 0.430965 5.58792e-06 2.48124e-06 5.03228e-09 3.85761e-09 8.5276e-10 1.92994e-06 5.37757e-06 3.76872e-09 6.44074e-10 7.73075e-10 8.39662e-10 7.58407e-06 2.91404e-06 5.01717e-10 
0.011035 0.0455825 9.43802e-10 4.12857e-08 1.3508e-09 0.015774 0.0028233 0.000214994 0.00136668 3.62282e-07 4.71986e-07 1.52261e-09 0.000103045 0.816584 1.50544e-06 0.0356109 1.38176e-09 1.05922e-09 0.00798618 0.00597512 0.000223962 1.39644e-07 0.029459 0.0249607 0.00125765 0.00103147 9.13729e-06 1.37761e-10 
2.96057e-06 9.33063e-07 4.9922e-06 0.992825 7.14497e-06 0.00155817 1.32597e-06 2.91544e-06 0.000909868 5.46034e-06 4.36489e-06 8.05379e-06 1.31115e-06 0.00289088 5.79283e-06 0.000142066 7.30874e-06 0.000622166 0.000541185 0.000180223 3.88901e-05 5.47359e-06 0.000119715 1.12279e-06 0.000104453 6.88003e-06 8.13743e-07 7.28681e-07 
6.57642e-12 0.000106722 0.000321318 1.54142e-05 1.58714e-11 0.0235978 1.67202e-08 6.47617e-12 0.97542 1.21292e-11 2.01061e-08 1.80383e-08 1.30052e-09 5.07481e-09 1.28678e-11 0.000113723 1.62352e-11 5.07509e-09 2.75118e-12 6.88367e-05 3.27281e-12 1.18978e-09 0.000355603 2.4941e-12 2.70892e-12 1.52828e-11 1.34822e-07 1.61864e-12 
1.61547e-07 0.00296784 2.72406e-07 3.90795e-05 4.4199e-06 0.0263605 0.00181486 6.82329e-06 4.97966e-06 2.72939e-06 0.000237793 0.00560301 0.000135652 5.36061e-08 1.01182e-05 0.00770555 0.954535 1.95159e-05 6.75818e-08 0.000143017 8.03953e-08 2.98674e-07 1.5324e-05 1.01121e-06 0.000331918 3.78193e-05 2.20996e-05 3.97614e-08 
2.89465e-06 4.53875e-09 2.42838e-08 4.18978e-08 3.47557e-08 0.0290006 3.03215e-05 1.41817e-08 1.00318e-08 0.00563629 2.12324e-08 3.95682e-06 6.37792e-09 0.957294 3.10244e-05 0.00782125 3.55523e-08 0.000152647 6.02463e-09 1.68299e-05 7.16691e-09 2.66255e-08 4.55029e-09 5.46167e-09 9.49733e-06 3.34669e-08 3.95834e-09 3.54456e-09 
7.23506e-07 2.28022e-07 1.96128e-05 0.00625851 1.99706e-05 0.174358 3.24042e-07 0.785494 0.00128878 1.3344e-06 1.06669e-06 0.00240048 1.22113e-05 0.023579 1.41565e-06 0.00272198 0.00101047 0.00153474 0.000101569 0.000664889 4.39951e-05 1.33764e-06 0.00019224 5.04753e-06 2.98023e-07 1.68134e-06 0.000285448 1.78075e-07 
5.19284e-06 0.00269591 3.67856e-05 9.21139e-10 7.64118e-10 0.0552739 0.0617275 0.0425675 2.36014e-06 5.72335e-06 4.66802e-10 4.13515e-06 1.41623e-08 0.0229163 6.19513e-10 0.274354 7.89448e-08 2.33739e-06 2.18561e-06 0.192443 1.57567e-10 5.85372e-10 0.0776406 2.02941e-06 0.27032 7.35783e-10 8.70256e-11 7.79286e-11 
0.74849 4.48361e-07 0.000236193 4.13888e-06 3.43335e-06 0.00101056 0.00101194 1.40095e-06 0.0036159 2.62384e-06 2.09744e-06 0.0441331 6.30043e-07 0.0597453 2.78361e-06 0.00247219 3.51204e-06 2.69224e-06 0.000866806 0.000208216 7.07984e-07 2.6302e-06 0.135817 0.000706646 5.86003e-07 0.001108 0.00055025 3.5015e-07 
1.1559e-11 5.14391e-07 1.94911e-11 4.71138e-08 2.78962e-11 0.113824 1.51692e-07 1.13828e-11 0.885102 2.13189e-11 1.82365e-07 1.63543e-07 1.17792e-08 4.60312e-08 2.2617e-11 0.00107174 2.85356e-11 4.59586e-08 2.90619e-09 9.83094e-08 2.41659e-08 1.07067e-08 5.56969e-07 4.38374e-12 4.76132e-12 2.68618e-11 2.60555e-08 2.845e-12 
0.00038141 0.000167333 1.94756e-07 0.000273396 2.78741e-07 0.0206984 5.17291e-08 0.000341475 0.000171016 0.00021606 1.70284e-07 0.83184 5.52248e-05 0.14216 2.25991e-07 6.36367e-06 2.8513e-07 2.18573e-07 9.63868e-05 0.000202155 5.74786e-08 2.13537e-07 9.54628e-05 4.38026e-08 4.75755e-08 0.00319368 9.96465e-05 2.84274e-08 
6.24793e-08 1.96912e-08 1.05354e-07 9.10677e-05 1.50786e-07 1.3386e-05 0.0404385 3.69777e-05 4.35226e-08 1.15234e-07 9.21157e-08 1.69966e-07 4.98341e-05 0.845509 1.22251e-07 0.113332 1.54242e-07 1.18238e-07 0.000172534 3.60505e-05 0.00028298 1.15514e-07 1.97412e-08 2.36952e-08 3.60564e-05 1.45195e-07 1.71731e-08 1.53779e-08 
1.22913e-08 7.28722e-06 2.0726e-08 3.57592e-08 7.80691e-06 0.0329795 0.00069796 4.57096e-05 8.56203e-09 2.26695e-08 1.81216e-08 3.34366e-08 4.52073e-06 0.843891 2.40499e-08 8.70213e-06 3.03435e-08 2.32605e-08 0.0669037 0.055189 4.10617e-05 0.000152547 6.07812e-05 2.58519e-06 7.9696e-06 2.85636e-08 3.37839e-09 3.02524e-09 
4.34945e-10 0.0253578 7.33417e-10 1.26539e-09 1.04969e-09 0.408964 1.94802e-10 4.28315e-10 0.0346946 0.00424729 6.41257e-10 1.1832e-09 1.92625e-10 0.00138788 8.5104e-10 0.0582464 1.07375e-09 8.23106e-10 0.0525911 0.109207 0.152017 8.0414e-10 1.37427e-10 0.0693276 1.7916e-10 1.01076e-09 0.0839597 1.07052e-10 
0.000115804 2.70781e-07 1.44877e-06 2.49961e-06 2.07352e-06 0.0249386 3.84806e-07 0.0217157 0.000339355 1.58462e-06 1.26672e-06 0.00090717 3.80505e-07 0.906879 1.68112e-06 0.000155345 2.12104e-06 1.62594e-06 0.0276372 0.0132941 0.000331487 1.58847e-06 8.26435e-05 3.25842e-07 0.00347837 0.000106959 2.36153e-07 2.11468e-07 
0.00010461 0.000160559 6.80575e-07 4.24063e-07 4.38134e-07 7.51371e-05 5.62575e-07 5.59058e-10 0.00244863 1.68413e-07 4.76212e-07 1.00288e-07 0.000306871 0.991897 3.77351e-07 1.48714e-07 3.64406e-07 0.000472595 2.53218e-05 1.27234e-07 2.82527e-10 1.0496e-09 5.39218e-07 2.15304e-10 0.000224545 0.00428022 1.56042e-10 1.3973e-10 
5.07052e-07 0.0425827 5.33428e-07 0.00015019 6.27609e-07 0.0929106 2.96633e-06 0.00837614 2.27338e-07 0.00685297 4.13113e-07 4.7818e-07 7.45727e-05 0.562107 2.01082e-10 0.0164431 2.53702e-10 1.28416e-05 0.000472527 0.214531 0.000443013 1.9e-10 0.00865469 2.44041e-07 1.07502e-08 0.046124 0.000259035 2.52941e-11 
4.9316e-06 0.00104776 3.11812e-09 0.0377654 3.70851e-06 0.146778 8.28201e-10 1.75324e-05 9.79663e-05 0.00167386 1.55485e-05 5.03038e-09 0.00204305 0.519581 2.34624e-07 0.0916024 4.56503e-09 0.194819 6.24501e-06 1.19302e-05 1.73787e-05 2.22828e-05 5.40901e-06 0.00100822 9.7591e-06 0.00346759 1.24259e-06 4.55133e-10 
3.48406e-09 0.000127758 1.51123e-05 4.63158e-08 8.40836e-09 0.0207704 6.47647e-07 0.000774248 5.07116e-06 7.07883e-05 5.13669e-09 0.000127788 3.6194e-08 1.15611e-09 6.81713e-09 0.870857 8.60109e-09 4.30204e-07 5.484e-06 0.00285008 1.73387e-09 6.44144e-09 0.0835601 0.00137723 0.0194552 8.09656e-09 2.45259e-06 8.57527e-10 
7.65953e-07 0.00239324 9.96473e-05 9.54784e-05 7.21642e-10 0.0219213 2.35988e-07 0.000390666 0.948828 4.98227e-06 2.4149e-06 1.26019e-06 1.32426e-10 0.000324245 2.49689e-07 0.00593972 7.38182e-10 2.013e-06 0.00311113 0.00223614 0.0113215 3.46083e-06 0.0013299 0.000149214 0.00137578 6.94882e-10 0.000468829 7.35967e-11 
9.43488e-07 0.0571494 0.00198337 4.15662e-06 0.125776 0.0333787 0.00104275 0.0216222 2.43549e-07 0.000523085 0.0052319 2.31321e-06 5.95444e-05 0.10092 5.87408e-10 8.4132e-07 7.41126e-10 5.68128e-10 0.000202243 0.129577 3.38055e-05 5.55037e-10 3.65353e-06 0.00395737 0.515408 7.1779e-07 0.00312225 7.38901e-11 
0.0169598 2.65183e-05 2.66239e-08 2.07873e-05 5.68172e-05 0.0664945 0.00279202 0.0558275 0.0428363 3.32164e-06 3.95829e-05 3.58341e-05 0.000286923 0.63611 3.08937e-08 0.0497322 3.89782e-08 2.98797e-08 0.0283174 4.863e-05 0.000738369 1.30902e-05 0.0805939 0.0177813 0.00127967 4.37822e-06 9.05814e-07 3.88612e-09 
0.011035 0.0455825 9.43802e-10 4.12857e-08 1.3508e-09 0.015774 0.0028233 0.000214994 0.00136668 3.62282e-07 4.71986e-07 1.52261e-09 0.000103045 0.816584 1.50544e-06 0.0356109 1.38176e-09 1.05922e-09 0.00798618 0.00597512 0.000223962 1.39644e-07 0.029459 0.0249607 0.00125765 0.00103147 9.13729e-06 1.37761e-10 
9.17368e-07 0.129638 2.26628e-10 0.00655749 0.0399692 0.0769939 0.00163753 0.0717885 0.00241336 2.47879e-10 1.9815e-10 2.95607e-06 3.99474e-09 0.0154825 2.62973e-10 0.117058 5.0486e-07 2.54342e-10 5.13035e-07 0.366989 0.00133858 2.48481e-10 0.0385322 0.0830388 0.0485579 3.12328e-10 3.6941e-11 3.30794e-11 
6.13539e-07 0.0234836 0.069162 0.000134846 2.56921e-05 0.248786 7.29996e-05 9.14352e-05 0.577187 1.91158e-09 9.07408e-07 2.53151e-07 3.04854e-09 0.0168215 8.9377e-05 0.011818 2.43587e-10 0.000320416 0.00564291 0.0148097 0.0140837 1.82425e-10 0.0153551 7.21401e-05 0.000677636 0.000240815 0.00112342 2.42856e-11 
8.74868e-06 0.0205647 3.96991e-06 4.62767e-10 3.83882e-10 0.372424 2.38666e-06 1.58206e-08 0.125465 1.29113e-06 4.92716e-07 4.3271e-10 7.0445e-11 0.0346711 3.11235e-10 2.02737e-06 3.92681e-10 0.446846 2.88803e-06 7.59955e-07 1.59911e-06 2.20591e-06 5.02587e-11 6.0325e-11 1.50764e-07 3.69647e-10 2.82875e-06 3.91502e-11 
0.0081231 0.0316186 0.000104605 0.00130174 4.9901e-06 0.0365382 0.0140726 1.43829e-10 0.815429 1.57626e-07 2.38074e-05 0.00080275 2.12628e-07 0.0104598 1.6105e-08 0.0191729 3.60567e-10 0.0089324 0.00998073 0.0180768 0.00376649 7.13572e-07 0.0162938 0.00160298 0.000180149 4.36683e-05 0.00346991 3.59485e-11 
0.0303937 4.49528e-11 2.40513e-10 4.14965e-10 3.44228e-10 0.0255925 0.00806816 3.79381e-07 3.87592e-07 2.10716e-07 3.09148e-06 8.54015e-07 0.00164366 0.900769 3.35181e-07 1.12044e-06 3.52118e-10 2.4026e-06 1.56339e-06 7.27867e-07 1.47651e-06 2.63705e-10 0.0272804 0.00623686 5.87528e-11 3.01665e-06 7.88005e-09 3.51061e-11 
1.94145e-08 4.72996e-12 2.47412e-08 3.82023e-07 3.62199e-11 0.498823 6.72174e-12 1.47792e-11 1.81693e-07 2.768e-11 2.21268e-11 1.1579e-07 6.6466e-12 0.220477 2.93655e-11 2.56155e-05 1.66061e-07 2.84016e-11 8.59553e-08 2.42772e-08 0.000246422 2.77472e-11 4.74199e-12 5.69176e-12 3.70627e-08 3.48768e-11 0.280427 3.69389e-12 
2.37001e-06 0.083183 8.32409e-10 1.45055e-07 1.19137e-09 6.2799e-09 2.16696e-06 4.86126e-10 3.43874e-10 9.10467e-10 7.2781e-10 1.3429e-09 2.18624e-10 1.40891e-06 9.65908e-10 0.102267 1.23086e-07 9.34204e-10 0.0987844 0.368661 0.0705418 1.00486e-06 0.184847 0.0917078 2.03342e-10 1.14719e-09 1.35685e-10 1.21502e-10 
6.57642e-12 0.000106722 0.000321318 1.54142e-05 1.58714e-11 0.0235978 1.67202e-08 6.47617e-12 0.97542 1.21292e-11 2.01061e-08 1.80383e-08 1.30052e-09 5.07481e-09 1.28678e-11 0.000113723 1.62352e-11 5.07509e-09 2.75118e-12 6.88367e-05 3.27281e-12 1.18978e-09 0.000355603 2.4941e-12 2.70892e-12 1.52828e-11 1.34822e-07 1.61864e-12 
8.26659e-08 0.443055 1.38014e-09 1.52421e-05 2.88413e-05 2.0979e-05 7.73514e-06 1.60402e-05 6.55724e-06 8.15314e-06 5.06941e-06 7.12715e-06 3.6248e-10 0.523564 1.60148e-09 9.37051e-05 1.21436e-06 1.54892e-09 3.42402e-10 4.44055e-05 5.8251e-06 1.51323e-09 6.24027e-05 0.0330529 1.04548e-06 1.90205e-09 4.07212e-06 2.01451e-10 
