0.813943 0.00223594 2.7958e-05 8.48959e-07 1.51151e-11 0.031322 0.0016568 4.57706e-07 0.000384656 1.6752e-06 2.07866e-05 0.00430875 0.0563013 0.024366 6.57999e-06 0.000686938 1.18022e-06 0.000952417 0.00272709 0.025885 9.87569e-05 7.59148e-07 0.00142334 0.00177215 0.000581378 0.000232963 0.0163699 0.0146913 
0.000918563 0.00722643 4.06913e-07 0.00132725 1.36288e-08 0.0100263 0.895127 0.000146524 0.000231683 0.000104784 5.88808e-05 1.59927e-05 0.000683268 0.000110686 7.48581e-07 0.0227309 8.98269e-05 0.000282999 0.00307136 0.00251116 0.000346825 5.22679e-07 0.0386413 0.00656528 0.000752755 7.96517e-06 0.00256654 0.00645376 
0.0449538 0.00595693 0.000136211 4.5132e-07 2.00871e-07 0.0403414 0.0152955 6.91289e-06 0.000712091 0.00233716 0.00568719 4.29471e-07 0.00624572 0.321277 0.000204218 0.0461093 0.00292838 1.46203e-06 0.0141645 0.105473 0.00240087 0.000147755 0.0157012 0.000903911 0.0121534 0.000393196 0.00658745 0.34988 
0.197957 0.0149408 4.42741e-05 0.000822492 2.74208e-09 0.0276517 0.0715907 0.000171696 0.535918 2.69244e-05 0.000138677 3.71894e-08 0.000294628 0.00549399 3.25053e-06 0.0321139 4.55444e-06 0.00188565 0.0285851 0.0121827 0.0135168 2.0186e-07 0.0389354 0.00166631 3.89921e-07 6.92212e-08 0.0134469 0.00260783 
0.0049328 0.109655 0.000800845 0.000758379 4.89102e-06 0.25151 0.00443927 0.165435 0.0240161 0.00235854 0.000967778 0.00095614 0.000231847 0.125187 0.00329752 0.0663854 0.00469746 0.00272225 0.00811739 0.109513 0.00658624 0.000309641 0.0512573 0.00800453 0.0168597 0.000117857 0.0182131 0.0126646 
0.029184 0.000463693 7.64162e-07 1.07377e-05 9.18844e-11 0.0040026 0.1168 1.60826e-06 4.03132e-06 0.000388847 1.95111e-08 1.14634e-07 0.000236209 0.00122771 9.76601e-09 0.0419599 1.96527e-05 0.00061536 0.632412 0.029605 0.000953204 4.31535e-08 0.00110156 0.0161012 0.00117561 0.000331944 9.06775e-05 0.123313 
0.000142121 0.00210238 0.884728 5.44258e-05 3.86395e-13 0.0508255 0.000605827 1.23865e-05 0.000676108 0.000217884 5.21903e-06 9.84522e-06 1.73673e-05 0.000472693 1.0476e-06 0.00263532 1.02614e-07 0.000419117 0.000176802 0.015978 5.55583e-05 9.91198e-11 0.0245326 7.52524e-05 0.000313604 0.000529676 0.0151818 0.000231729 
3.32012e-08 0.360045 4.66288e-05 1.29086e-07 3.69233e-12 0.0461414 0.00481172 0.00320806 0.0272621 0.00057107 0.00152209 0.000954054 0.0468243 0.0756892 1.78719e-07 0.116136 3.74678e-07 0.00339078 0.0328896 0.0466037 0.0458623 0.00197844 0.114305 0.0403456 0.0056971 1.45807e-08 0.000375414 0.0253396 
0.000105815 0.0343094 2.3044e-05 1.93427e-06 2.03173e-09 0.00215171 0.00624145 0.000380478 6.37297e-06 2.86248e-05 1.11233e-05 9.78194e-08 1.50771e-05 0.00741027 2.84143e-06 0.0707201 1.28841e-06 0.000235372 0.00398026 0.0866339 0.00170968 0.000219208 0.603896 0.000209822 0.169743 9.49958e-06 0.000444272 0.0115087 
0.000103308 0.137752 1.93128e-05 4.04829e-06 1.20828e-11 0.0248036 0.0554826 0.00187846 0.000528631 0.000141189 0.000294759 8.69513e-08 0.0234575 0.0062555 2.45658e-05 0.0419897 8.56099e-05 0.00030435 0.00601027 0.29297 0.00495971 7.42498e-06 0.358356 0.00845204 0.00120968 2.68576e-05 0.000757976 0.0341247 
0.00024964 0.0187593 0.756033 0.000168115 2.5199e-12 0.126142 0.00148399 0.00298481 0.0014253 0.000823456 0.000201948 5.41843e-05 1.42161e-05 0.00468723 8.60386e-07 0.0076796 2.32919e-06 0.00295312 0.00224725 0.0313568 0.000357817 3.81817e-06 0.0200722 0.00131496 0.000388954 0.000681261 0.0150384 0.00487586 
4.91872e-07 0.0459474 3.20302e-05 7.4207e-09 5.68956e-12 0.00405152 0.148444 0.000430953 0.000404199 0.00309131 9.67654e-05 8.91937e-09 1.83656e-06 0.00718003 9.00986e-09 0.0312378 5.81997e-12 0.0582141 0.000119421 0.590823 0.000646561 9.77674e-09 0.104855 0.00168837 0.000180771 1.41663e-05 0.000136379 0.00240376 
1.74426e-05 0.0508641 1.09123e-07 1.75631e-05 8.7393e-10 0.00329484 0.0158344 0.00319744 0.000546718 0.000239098 0.00113719 0.000376422 7.45767e-05 0.00137493 4.49401e-06 0.547445 1.65384e-05 0.000436545 0.00832855 0.206589 0.102759 1.75e-06 0.0355301 0.00814324 2.76433e-07 4.8075e-08 0.00715396 0.00661604 
0.00234849 0.0345524 2.16137e-05 8.08707e-05 5.79396e-07 0.0293707 0.0226669 0.0171031 0.00543158 0.00176124 0.000152253 0.00215747 0.0379812 0.0492587 5.46187e-05 0.0555333 0.00268655 0.000402308 0.0443179 0.146819 0.268865 1.0286e-05 0.0727937 0.0396444 0.0796234 0.000151315 0.00991318 0.0762978 
0.00220385 0.0223666 1.35393e-05 5.61858e-06 2.48404e-11 0.0238367 0.299618 0.00198989 0.000275927 0.00135593 0.000706971 2.8e-11 1.48981e-05 0.0138824 2.53323e-05 0.0302755 2.50117e-06 0.000667632 0.00226247 0.113916 0.00114637 4.86338e-07 0.0837014 0.00590985 0.387847 6.2175e-05 0.000541438 0.00737157 
0.000116321 0.00172024 0.853365 4.45741e-05 4.73058e-12 0.0613585 0.000495745 7.23555e-05 0.000553304 0.000178431 4.28109e-06 8.07292e-06 1.4223e-05 0.000659545 8.67435e-07 0.00729582 8.63393e-08 0.000343276 0.000817092 0.0130731 0.000271953 7.68688e-10 0.044643 0.000212857 0.00170633 0.000433875 0.0124217 0.000189626 
0.00902688 0.0164604 5.96354e-06 9.4003e-05 1.26738e-07 0.00310505 0.0337046 0.0068455 0.000427477 0.000166293 2.01542e-05 5.78681e-06 0.579592 0.00438067 0.00116264 0.0271006 9.36604e-05 0.00118471 0.00732361 0.114285 0.00214056 2.1785e-05 0.0188128 0.0201702 0.111999 0.000139505 0.000133349 0.0415981 
0.005247 0.0424785 0.0047299 0.000913162 7.87576e-08 0.199809 0.00565124 3.00766e-06 0.026857 8.23756e-05 2.13621e-05 0.00194856 9.60204e-07 0.0837649 2.4033e-05 0.0631531 6.23027e-06 0.000210038 0.0234919 0.390807 0.0135136 1.93376e-06 0.026231 0.052092 0.000309315 0.000265308 0.0211475 0.0372397 
0.000710241 0.0187626 0.0067632 0.000681779 6.64434e-08 0.0908973 0.206462 0.00239332 0.00174318 0.228089 0.00019052 0.000308329 0.000109397 0.00721955 3.92876e-06 0.0169424 0.000114715 0.000148876 0.00203283 0.0478737 0.000343942 3.85402e-07 0.122311 0.00394501 0.0699923 3.81809e-05 0.132485 0.0394382 
0.000711795 0.329664 2.18791e-05 0.000192989 2.64668e-08 0.0154055 0.0426886 0.00607933 0.00485873 0.000123721 0.000817892 0.00023515 3.81686e-05 0.00937434 1.42955e-05 0.0331747 7.01995e-07 0.000167548 0.0009333 0.30504 0.0068378 1.47705e-05 0.187513 0.00460482 0.0372388 0.0029207 0.00261071 0.00871738 
0.0641392 0.00122833 0.0118742 0.000134369 1.39193e-06 0.0591534 0.054365 0.00694282 0.00037045 0.00300458 0.000112254 0.00116065 0.00456094 0.0144094 7.48259e-06 0.0271708 0.00266109 0.440434 0.0531307 0.0732166 0.000288942 8.64845e-05 0.016204 0.0121012 0.0324422 0.000360508 0.01442 0.106019 
0.00115782 0.012162 0.376639 0.0018173 5.83476e-08 0.341956 0.0271881 0.00051666 0.0219272 0.00163965 1.95024e-05 0.00204788 0.000767572 0.0303425 1.1181e-05 0.0169295 3.63206e-06 0.00173591 0.00416554 0.0722805 0.00719619 1.72018e-05 0.0318447 0.0106936 0.00769535 0.00450437 0.0110212 0.0137206 
0.000142121 0.00210238 0.884728 5.44258e-05 3.86395e-13 0.0508255 0.000605827 1.23865e-05 0.000676108 0.000217884 5.21903e-06 9.84522e-06 1.73673e-05 0.000472693 1.0476e-06 0.00263532 1.02614e-07 0.000419117 0.000176802 0.015978 5.55583e-05 9.91198e-11 0.0245326 7.52524e-05 0.000313604 0.000529676 0.0151818 0.000231729 
0.0288592 0.0365086 9.93512e-05 0.000149058 3.40799e-06 0.0517005 0.0259874 2.76674e-05 0.000357201 4.8097e-05 0.00770723 1.03501e-05 0.000118103 0.388387 6.25091e-05 0.0217108 1.84017e-05 0.000345345 0.00233651 0.148216 0.00711758 9.44572e-05 0.0573209 0.000216354 0.171904 0.032081 0.00491267 0.0137003 
0.000142121 0.00210238 0.884728 5.44258e-05 3.86395e-13 0.0508255 0.000605827 1.23865e-05 0.000676108 0.000217884 5.21903e-06 9.84522e-06 1.73673e-05 0.000472693 1.0476e-06 0.00263532 1.02614e-07 0.000419117 0.000176802 0.015978 5.55583e-05 9.91198e-11 0.0245326 7.52524e-05 0.000313604 0.000529676 0.0151818 0.000231729 
0.24987 0.0168088 0.000930355 0.0131528 3.21408e-06 0.0497587 0.0794656 0.00487396 0.107007 0.00244444 0.000415196 0.00073203 0.000265984 0.0208073 0.000152452 0.00649299 0.000149408 0.111024 0.0194155 0.0679324 0.0222173 7.78903e-06 0.0134311 0.00692088 0.00207457 5.14959e-05 0.00496652 0.198628 
0.00294495 0.0767407 9.2576e-05 0.000895371 4.90847e-12 0.0663478 0.117523 6.38075e-07 0.00257297 0.000289077 0.00191968 8.84918e-05 0.219102 0.0485381 0.000182877 0.0511629 0.000523315 0.00176516 0.0242867 0.121219 0.0141372 0.000170563 0.00273456 0.028468 0.000165916 0.000108431 0.00108546 0.216934 
0.000712324 0.0557452 0.00456639 2.69095e-08 2.23224e-08 0.0759016 0.00794782 0.232299 0.00110714 0.000196451 0.0015477 7.77951e-06 7.25927e-05 0.019799 1.68434e-05 0.0303722 0.000148665 0.00113025 0.0121197 0.0733939 0.333346 2.88268e-06 0.0328108 0.0781063 0.0101632 2.7926e-05 0.00156741 0.0268912 
1.56491e-05 0.0694875 1.40172e-05 4.82464e-05 5.91811e-10 0.0176533 0.0113604 0.0026082 0.00124379 1.35293e-05 7.69527e-05 5.77229e-06 0.0958217 0.0235465 0.000244888 0.101356 0.000128348 0.0239383 0.00740686 0.30614 0.0346561 0.000342181 0.113622 0.0256149 0.0585003 3.88384e-05 0.000432403 0.105683 
0.00615522 0.0281261 0.00312001 6.8506e-05 3.22006e-09 0.0272144 0.310713 0.000629964 0.000149231 0.00979798 5.04407e-05 4.74206e-05 0.00467318 0.000909118 1.24505e-06 0.139801 0.00109694 0.000460243 0.0216904 0.0201692 0.00129632 3.91279e-09 0.310171 0.00711392 0.0846463 0.000115364 0.00223541 0.0195473 
0.193309 0.0120342 3.42265e-05 0.000265244 5.94255e-07 0.0103523 0.00481346 0.00010094 0.000588009 0.000428966 0.000102202 0.015247 0.0475482 0.159948 0.000100205 0.0201546 3.74539e-06 0.00474139 0.123081 0.0527295 0.00414718 0.000185921 0.00196306 0.00156292 0.0127438 0.000542903 0.0100744 0.323197 
0.0827901 0.00680814 0.0063621 0.000166601 1.97599e-06 0.0648753 0.0416839 0.00321659 0.000414791 0.003148 0.000411095 0.0016826 0.00231653 0.0313021 7.48519e-06 0.0367202 0.00157536 0.282544 0.0664514 0.156903 0.000956231 0.000273031 0.04338 0.0125312 0.0218904 0.000291234 0.0181775 0.11312 
0.00491527 0.0446856 0.00377 0.00311696 6.83799e-08 0.265475 0.00567079 0.011987 0.0550662 0.000834681 6.84308e-08 0.000888791 6.84871e-08 0.0208768 6.84049e-08 0.0350032 2.74192e-05 0.0049665 0.0109172 0.415521 0.0174361 6.84107e-08 0.0461102 0.0157392 6.84888e-08 0.00205162 0.0140624 0.0208781 
0.520686 0.0172283 0.0122359 2.58667e-05 3.19633e-08 0.0443767 0.0116214 0.0003967 0.0064587 8.70424e-05 5.21287e-05 2.52226e-05 0.136032 0.0365225 0.000482494 0.014268 5.0412e-05 0.00285768 0.0638853 0.023082 0.0235855 4.55871e-06 0.0162304 0.00537048 0.00149768 0.0263427 3.01599e-05 0.0365644 
0.00154209 0.000169962 0.000109644 2.10305e-08 1.01624e-08 0.00499772 0.0526722 0.00871645 1.3061e-05 0.000150132 1.05133e-06 0.00151004 0.000536281 0.0142064 0.0333609 0.00934576 0.000103698 0.777413 0.052306 0.00183237 0.000685108 0.00741808 0.00236443 0.00199164 0.0175523 0.00158218 0.000509412 0.00890985 
0.0237454 0.0914938 0.000202967 0.00406161 2.02131e-07 0.455715 0.016925 0.000172 0.0440611 7.30693e-05 3.9144e-05 0.00129595 3.5012e-05 0.109817 4.03786e-05 0.0324297 0.000784344 0.00118182 0.072259 0.0595133 0.00905271 0.0283497 0.0172611 0.000842346 0.00437289 0.00256045 0.013014 0.0107016 
0.000173192 0.00262797 0.866067 5.93804e-05 3.78552e-13 0.0547013 0.000731503 1.54826e-05 0.000801096 0.000272351 5.57219e-06 1.23054e-05 2.10696e-05 0.000590864 1.30918e-06 0.00329415 1.28115e-07 0.000520556 0.000221 0.0199724 6.94466e-05 1.10035e-10 0.0302858 9.40647e-05 0.000392003 0.000573674 0.0182064 0.00028966 
0.0010246 0.131751 5.26847e-05 0.000214141 2.02354e-06 0.0653387 0.00810845 0.0297786 0.00323245 0.000234047 0.000201553 0.0158825 0.00774104 0.134395 0.000155555 0.215085 0.0517149 0.00311799 0.0116559 0.0968707 0.00513921 0.000127848 0.15191 0.0037894 0.00977286 0.042972 0.00086952 0.00886148 
0.000218849 0.032522 0.000445492 0.000135603 6.30547e-08 0.0186229 0.0218927 0.00264187 0.000506381 0.000123579 0.000160038 7.69181e-05 1.82659e-05 0.00383187 1.34908e-05 0.141481 2.80985e-06 0.00395101 0.00262176 0.133073 0.0016083 0.000152752 0.296811 0.0504763 0.237245 9.64573e-05 0.0281146 0.023156 
0.000142121 0.00210238 0.884728 5.44258e-05 3.86395e-13 0.0508255 0.000605827 1.23865e-05 0.000676108 0.000217884 5.21903e-06 9.84522e-06 1.73673e-05 0.000472693 1.0476e-06 0.00263532 1.02614e-07 0.000419117 0.000176802 0.015978 5.55583e-05 9.91198e-11 0.0245326 7.52524e-05 0.000313604 0.000529676 0.0151818 0.000231729 
0.467699 0.00210163 0.000579341 0.0233404 7.55297e-11 0.0353046 0.12612 1.47476e-07 0.129694 0.000654808 4.09268e-05 2.61166e-05 0.000380888 0.00258207 5.21263e-06 0.000922774 3.08424e-05 0.179002 0.00986809 0.00278068 0.000217817 1.67119e-05 0.00957624 0.00132301 1.34784e-06 7.28971e-05 0.000184187 0.00747377 
0.000212083 0.0472536 2.06953e-06 1.90554e-05 1.68626e-12 0.00599882 0.00406077 0.00434485 6.31712e-05 0.000232153 2.17024e-05 0.000143759 0.000139912 0.000218194 5.27599e-05 0.0941691 6.40699e-06 0.000306304 0.0217471 0.309812 0.00761371 2.81928e-09 0.201074 0.0506521 0.162748 0.0170924 0.0126542 0.0593616 
6.43339e-05 0.0292794 6.8466e-07 1.84877e-06 8.99095e-09 0.511462 0.0132334 0.0212248 0.0239256 8.37612e-05 5.07842e-07 0.00831486 0.000104183 0.123383 2.05035e-07 0.0388051 0.00165847 1.91317e-05 0.0013485 0.127597 0.00846445 2.04768e-05 0.00940473 0.00768872 0.022795 1.44053e-06 0.0148047 0.0363135 
0.00524964 0.0436504 0.000185038 0.00560176 1.34723e-05 0.0667365 0.0110526 0.00498614 0.0248856 9.38961e-05 0.00469743 0.000848305 0.00789089 0.0311747 6.97123e-05 0.28312 3.59924e-05 0.000399155 0.0569795 0.172338 0.0601743 0.000185286 0.0354507 0.0801905 0.00610003 0.000183084 0.00649309 0.0912146 
0.00250301 0.0781851 0.000854265 0.000610273 1.10139e-05 0.0765842 0.00435995 9.67352e-05 0.00152598 9.33323e-05 0.00128566 0.00171716 2.67612e-05 0.286585 9.70399e-05 0.0727669 1.92421e-05 0.0144877 0.0113954 0.182189 0.00918332 0.00143742 0.177146 0.00569522 0.0211687 0.00666391 0.0193744 0.0239372 
0.000408124 0.0818842 8.06246e-08 4.88472e-07 3.80728e-10 0.149519 0.0153645 0.000698152 0.00447941 0.000138274 2.32659e-07 4.29155e-10 2.1983e-08 0.0112599 5.6755e-06 0.0354811 3.89455e-10 1.92825e-05 0.00381745 0.177971 0.0129529 2.11105e-08 0.279143 0.086714 0.136777 6.35642e-08 7.3755e-05 0.00329265 
0.0082088 0.00135812 1.23719e-07 6.55981e-07 1.11488e-07 0.000461622 0.00230095 2.21357e-05 6.31894e-05 0.000213744 9.32924e-06 2.20634e-05 0.825558 0.00477505 0.00105429 0.00124749 6.37997e-05 0.000202865 0.00151133 0.00245937 0.00104467 2.70823e-06 0.000132274 0.00165702 0.00227699 0.126802 2.54496e-05 0.0185257 
0.000497341 0.0153857 2.3436e-06 0.000753795 6.03328e-08 0.00742813 0.858926 0.000126806 0.00018309 0.000116098 3.27147e-05 6.69608e-06 0.000360477 0.000389087 7.12963e-07 0.0157373 3.74764e-05 0.000150717 0.00190749 0.00771724 0.000355977 2.22238e-07 0.064942 0.00485867 0.00217178 3.33298e-06 0.00123968 0.0166692 
0.000635378 0.0186166 0.0458129 0.000674728 1.8142e-07 0.343739 0.0150219 1.9675e-07 0.0187287 2.98382e-05 2.89158e-05 0.000280451 9.52962e-05 0.0483252 2.13592e-06 0.0181916 3.51496e-06 0.286515 0.0010999 0.125811 0.00176373 2.01909e-07 0.0216038 0.0102039 0.000894846 4.57483e-05 0.0367262 0.00514942 
0.0855837 0.00970075 8.02873e-07 0.00393245 3.91297e-07 0.0357742 0.0322404 0.00159005 0.00396398 0.000400986 0.000267586 0.000402859 3.18847e-05 0.0116936 2.1843e-05 0.082796 0.000147953 0.000497662 0.436016 0.100811 0.0427413 0.00288147 0.027397 0.0583312 0.00159364 5.80015e-05 0.0195038 0.0416193 
0.000142121 0.00210238 0.884728 5.44258e-05 3.86395e-13 0.0508255 0.000605827 1.23865e-05 0.000676108 0.000217884 5.21903e-06 9.84522e-06 1.73673e-05 0.000472693 1.0476e-06 0.00263532 1.02614e-07 0.000419117 0.000176802 0.015978 5.55583e-05 9.91198e-11 0.0245326 7.52524e-05 0.000313604 0.000529676 0.0151818 0.000231729 
2.40014e-05 0.00311543 0.000694615 0.000108127 4.01366e-12 0.0828143 1.31898e-05 6.4895e-06 0.00997655 1.6477e-06 6.07393e-05 0.000618678 1.36396e-06 0.00166575 4.63419e-10 0.00174869 1.33136e-06 3.08207e-05 0.000354952 0.000176196 3.07282e-05 2.35869e-08 0.00496672 3.29718e-05 0.000218535 1.47293e-05 0.893285 3.85144e-05 
0.00074886 0.0178428 7.26161e-05 0.000260361 1.25545e-06 0.0429393 0.000634731 0.00390744 0.000125351 0.000608386 3.93846e-05 0.000810727 0.0050184 0.0173197 1.178e-05 0.0817115 0.000110191 5.50551e-05 0.0671108 0.0542193 0.0263535 6.67087e-05 0.00520187 0.571233 0.0565749 0.00194679 0.000480369 0.0445947 
0.00449121 0.269869 0.00253967 0.000166372 1.07888e-05 0.0594715 0.0427261 0.0740003 0.000954588 0.00191947 0.000108562 0.000211764 0.00641019 0.00551499 1.3569e-05 0.0675503 0.000602487 0.000281472 0.0269516 0.078235 0.0162491 6.54966e-05 0.220861 0.019622 0.0165892 0.00745778 0.00696381 0.0701631 
0.00367942 0.156662 3.06894e-07 7.19694e-06 1.53957e-07 0.0132702 0.00455611 0.000718329 0.0010409 7.37844e-05 8.02704e-06 3.87613e-05 9.12615e-07 0.000443577 2.02119e-06 0.0760568 0.00194201 3.18543e-05 0.0051836 0.0411233 0.00440335 0.000257534 0.095392 0.147925 0.374829 6.28696e-06 0.00589114 0.0664569 
0.011995 0.0903423 0.0951439 0.000977798 6.40431e-08 0.428673 0.0285737 0.000298069 0.00868913 0.000581449 6.36756e-06 0.000455781 0.00174302 0.00460605 5.81302e-06 0.0261376 0.100211 0.0187445 0.0574385 0.0240302 0.0011367 0.000338708 0.0449484 0.00176929 0.0136284 0.00331057 0.0127185 0.0234961 
0.000419317 0.0779708 0.000118429 4.68288e-05 1.87281e-05 0.0400251 0.00362286 0.00451732 0.00168336 0.000177085 9.16472e-05 0.00061519 0.00313992 0.044439 3.15408e-05 0.174667 0.000139648 0.000846484 0.00998541 0.0389401 0.00441544 0.000384558 0.553913 0.00880661 0.00627145 5.75438e-05 0.0156453 0.00900969 
0.000901482 0.0086316 0.45087 0.000149646 4.72606e-09 0.182276 0.00354741 0.000126995 0.0025788 0.212626 1.39351e-05 4.053e-05 8.66669e-05 0.00176873 1.25162e-06 0.0110833 2.76274e-06 0.00187035 0.000681663 0.0194946 0.000622624 2.31202e-06 0.0215237 0.00103525 0.00360833 0.00139824 0.0730083 0.00204881 
0.28606 0.0101453 7.67518e-06 0.000180845 1.0107e-07 0.0486324 0.0130423 2.57179e-05 0.0123675 4.65268e-05 6.0311e-05 0.0218383 0.211574 0.0220602 0.000126378 0.049127 7.82141e-06 0.000218668 0.120812 0.00713699 0.00323075 1.43448e-05 0.00835805 0.00442783 0.00413709 0.0376573 0.00266769 0.136036 
0.00190858 0.00823626 0.000527334 5.37745e-05 7.76128e-11 0.0236389 0.0032857 1.13048e-05 7.58719e-06 1.32708e-05 3.42223e-06 0.000526989 8.55421e-07 0.0025514 2.60499e-06 0.0225367 1.59819e-08 3.03218e-08 0.00065351 0.021405 0.00023942 1.22959e-07 0.886563 0.0206924 0.000379841 3.69223e-06 0.00193256 0.0048254 
0.260317 0.00772847 0.000183117 5.43155e-07 4.50566e-07 0.0141451 0.00690251 0.000137071 2.65267e-05 6.45418e-05 8.29111e-07 5.07876e-07 0.014132 0.185416 5.82717e-06 0.00652217 2.08523e-05 0.00426272 0.362911 0.00201831 0.10192 1.22287e-05 0.0145091 0.0106915 0.00046893 0.00029774 9.71911e-05 0.00720781 
1.05456e-05 1.38878e-05 0.97027 2.07698e-06 4.22881e-12 0.0278927 7.7813e-05 1.27933e-05 1.53194e-05 2.47009e-06 7.69784e-07 1.48217e-08 1.68833e-05 5.62254e-05 1.34793e-06 1.67908e-08 3.23867e-09 0.000405008 1.32262e-05 7.98302e-05 7.0712e-07 9.39393e-10 0.000523019 1.28181e-05 5.01343e-05 0.000379775 0.000141805 2.09713e-05 
0.000129584 0.00383795 0.599385 0.000218726 2.10828e-08 0.230496 0.00183927 4.19243e-05 0.00566892 0.000657354 0.00186887 2.14765e-05 1.59633e-05 0.00394083 3.44255e-06 0.00463473 1.2948e-07 0.0245126 0.00117208 0.0324318 0.00124318 0.00303358 0.0294279 0.00134656 0.00140057 0.00181069 0.0470341 0.00382725 
0.00124122 0.0801686 0.00248716 9.62038e-05 9.88413e-12 0.0153893 0.429361 0.000521895 0.000316273 0.00434418 6.28381e-05 0.000134597 9.21658e-05 0.00225822 2.06531e-06 0.0722998 2.3913e-05 3.94614e-05 0.00563589 0.185131 0.00475167 0.000342453 0.109987 0.00731703 0.041659 2.09409e-06 0.013905 0.0224295 
0.0265459 0.0355747 0.000307068 0.000624958 1.83238e-08 0.108632 0.012034 3.72173e-05 0.000934602 3.0136e-05 0.000426475 0.00492961 0.000176621 0.0295917 1.00216e-05 0.299578 7.20978e-07 0.000713291 0.00564005 0.0368345 0.00620079 0.000327408 0.38048 0.00446836 0.00830406 3.41124e-05 0.0147767 0.022787 
0.00142988 0.126847 2.54382e-06 1.48049e-06 6.25128e-10 0.00659774 0.00596312 1.13602e-05 0.00110408 2.27633e-05 0.000103273 3.03527e-06 5.11952e-08 0.00345847 5.85717e-07 0.166283 9.82335e-08 3.93113e-05 0.0345457 0.262247 0.30993 6.10387e-08 0.0377846 0.006714 8.98952e-05 1.79392e-05 0.000901713 0.0359016 
0.000903595 0.0970612 5.42064e-05 0.000203667 1.75748e-08 0.031858 0.00395397 0.00313483 0.00702248 0.000115883 0.0003951 0.000548588 5.56749e-05 0.0484818 2.55367e-06 0.205391 0.00018838 0.000925567 0.0616725 0.0651424 0.0340216 4.92123e-05 0.407965 0.00650859 0.0039535 1.41112e-05 0.000461334 0.0199153 
0.00109303 0.0368661 0.000721764 2.53235e-06 2.2067e-06 0.00990579 0.0035195 0.00136232 0.000642565 0.000210064 1.0132e-05 2.21184e-05 0.0281832 0.00106731 0.000104339 0.0691265 0.000674755 0.00191182 0.0970853 0.140725 0.0109173 8.91911e-06 0.013038 0.00495971 0.113611 0.000161299 0.00159935 0.462468 
0.000527014 0.00658564 7.01557e-07 3.87177e-05 6.83585e-12 0.00820529 0.00353062 0.00015115 0.0153312 2.91903e-05 0.000774728 7.70535e-12 4.76836e-05 0.0219944 3.19094e-06 0.00391869 1.06915e-06 6.98671e-05 0.000656646 0.755983 0.000679569 1.62845e-08 0.166503 0.000405455 0.0135747 1.26469e-05 9.3339e-05 0.00088245 
0.000374181 0.0246297 0.00371826 4.15887e-05 2.31282e-11 0.0206299 0.000943556 3.41962e-07 0.000415442 1.82863e-05 1.69618e-08 0.000288449 0.000262695 0.0801768 0.000409877 0.0419131 9.1303e-05 0.000456263 0.000491258 0.0885366 0.000332848 1.0491e-07 0.556016 0.00230507 0.140743 0.019616 0.000476409 0.0171136 
0.00096113 0.0146399 0.00174484 0.000119985 4.15601e-12 0.0393618 0.00285204 2.7498e-06 0.000688515 2.72481e-05 5.59377e-06 4.03496e-05 3.43514e-05 0.00480289 5.58845e-06 0.0192931 1.53285e-06 9.99245e-05 0.00928414 0.68163 0.00410521 2.73958e-09 0.0833582 0.00843451 0.0114639 6.10961e-06 0.0240187 0.0930173 
6.68916e-06 1.9424e-05 0.977555 4.05577e-06 7.39699e-13 0.0198451 0.000106022 1.78793e-05 6.47287e-05 0.000152042 1.13156e-05 4.01746e-09 2.24663e-05 3.59955e-06 1.86559e-06 4.5517e-09 7.56653e-13 0.000443575 1.60729e-05 8.46791e-05 9.84015e-07 2.46737e-10 0.000809699 1.79261e-05 5.38144e-05 0.000477815 0.000256343 2.93414e-05 
0.015577 0.103878 0.00230596 5.28259e-05 3.10984e-07 0.188697 0.000861293 0.00616167 0.0137971 0.0507504 8.70894e-05 2.53534e-06 1.70335e-05 0.0599442 5.16468e-06 0.0854164 4.39938e-06 0.000179013 0.0450572 0.229035 0.0290507 7.95222e-05 0.0361121 0.0293814 0.00103789 0.00317259 0.00802741 0.0913087 
0.0933662 0.012517 3.29574e-05 1.813e-05 3.24391e-06 0.0121121 0.00930193 0.000172269 0.000280404 0.00244937 1.05317e-05 9.11949e-05 0.0554743 0.0116966 0.000103733 0.054008 0.00282177 1.40463e-05 0.169439 0.0198475 0.00252351 6.00021e-06 0.00327584 0.00400684 0.00132412 0.459968 6.52266e-05 0.0850705 
0.000901044 0.0574807 0.00022408 0.00912073 3.75936e-08 0.219958 0.0141767 0.0794036 0.0160314 0.000282471 0.00245357 0.0549124 2.52376e-05 0.0452507 3.34006e-05 0.0527651 3.37656e-06 0.00025307 0.156279 0.0552132 0.00202478 0.00162228 0.0715837 0.0486658 0.0550132 1.14006e-05 0.0225965 0.0337145 
0.0144314 0.146132 7.56265e-05 1.82658e-05 1.09598e-08 0.0142172 0.0850562 0.000316486 0.00143986 0.0224406 9.33126e-05 1.20229e-05 0.00331133 0.00933014 5.71222e-05 0.164918 0.000902063 0.00032489 0.0334485 0.250444 0.0565584 4.27618e-08 0.0535829 0.005415 0.0218325 0.00530592 0.0706157 0.0397207 
0.00249307 0.0673308 0.026043 3.95239e-05 1.61595e-06 0.166525 0.00702313 0.000961627 0.00558082 0.00917152 6.61618e-06 0.00219401 3.08435e-05 0.162413 2.58479e-05 0.0622367 0.000796348 0.0149928 0.0530505 0.0967554 0.0122017 0.000149789 0.0210919 0.0328142 0.0769378 0.00676487 0.00293989 0.169427 
0.000705587 0.0545449 0.00468153 9.44614e-05 3.85001e-11 0.029911 0.0281758 0.000319675 0.0263946 0.000393403 7.09971e-05 7.33103e-05 1.44555e-05 0.0140547 7.89998e-06 0.148621 4.09317e-07 0.00587082 0.0232438 0.277457 0.0334199 0.000407737 0.259152 0.0167668 0.00942606 4.35871e-05 0.0313453 0.0348038 
0.00987152 0.0534856 6.20494e-05 0.000238433 3.42625e-05 0.0319471 0.00906819 0.0104538 0.00178831 0.00268723 0.000160108 0.012768 0.022956 0.0461294 0.000166761 0.0377281 0.000161421 0.000837182 0.0257997 0.126757 0.0133809 0.000303609 0.0187431 0.0206078 0.0485057 0.00414822 0.0918596 0.409351 
0.00491527 0.0446856 0.00377 0.00311696 6.83799e-08 0.265475 0.00567079 0.011987 0.0550662 0.000834681 6.84308e-08 0.000888791 6.84871e-08 0.0208768 6.84049e-08 0.0350032 2.74192e-05 0.0049665 0.0109172 0.415521 0.0174361 6.84107e-08 0.0461102 0.0157392 6.84888e-08 0.00205162 0.0140624 0.0208781 
0.000142121 0.00210238 0.884728 5.44258e-05 3.86395e-13 0.0508255 0.000605827 1.23865e-05 0.000676108 0.000217884 5.21903e-06 9.84522e-06 1.73673e-05 0.000472693 1.0476e-06 0.00263532 1.02614e-07 0.000419117 0.000176802 0.015978 5.55583e-05 9.91198e-11 0.0245326 7.52524e-05 0.000313604 0.000529676 0.0151818 0.000231729 
0.00316571 0.0322205 0.00119346 0.000241134 2.8051e-05 0.0640188 0.0330073 0.00456516 0.0158312 0.246779 0.000408944 0.000347724 0.000118625 0.149555 6.13824e-05 0.037584 0.000186049 0.00233551 0.0122598 0.0517844 0.00233031 0.00194212 0.0302418 0.0648813 0.182314 0.000647456 0.000278249 0.0616732 
0.00137021 0.0721629 2.72336e-05 0.00025933 2.39095e-05 0.0289273 0.012944 0.00712268 0.00944572 0.00136804 0.0006096 0.000505129 0.00720105 0.15287 0.00011595 0.0528791 0.0036029 0.000123387 0.0176825 0.0265548 0.00158177 6.29881e-05 0.312941 0.0760178 0.0203855 0.0739343 0.0327089 0.0865719 
0.00211002 0.084087 8.78502e-06 4.98864e-05 4.50213e-08 0.0414895 0.010958 6.55777e-05 0.00312137 5.72475e-05 0.000826464 0.0012792 0.00637948 0.0708452 2.45737e-05 0.0616786 7.72155e-05 0.00115164 0.00333917 0.149453 0.00747079 7.51082e-05 0.443873 0.0049672 0.0390768 0.000101105 0.00823356 0.0591995 
0.0237997 0.000770303 4.18661e-08 6.56984e-06 1.45555e-08 0.000184463 0.00241819 0.000605363 4.38097e-06 0.000235161 7.22392e-07 8.92923e-05 3.1922e-06 0.00322795 1.13693e-06 0.00035043 1.42546e-06 8.84788e-06 0.00114797 0.0503261 1.04278e-05 1.00995e-07 0.00455005 0.000230503 0.00224712 0.00240217 5.81955e-05 0.90732 
0.00491527 0.0446856 0.00377 0.00311696 6.83799e-08 0.265475 0.00567079 0.011987 0.0550662 0.000834681 6.84308e-08 0.000888791 6.84871e-08 0.0208768 6.84049e-08 0.0350032 2.74192e-05 0.0049665 0.0109172 0.415521 0.0174361 6.84107e-08 0.0461102 0.0157392 6.84888e-08 0.00205162 0.0140624 0.0208781 
0.000209749 0.000393345 0.00947913 0.000194082 2.1982e-08 0.0667659 0.00211058 0.0114603 0.000429294 0.0436413 0.00101872 1.95468e-07 0.000141118 0.20763 0.278491 0.049395 6.75025e-07 2.91199e-05 0.0710132 0.0312076 0.00241574 8.60274e-06 0.00328133 0.00213339 0.164188 1.12541e-05 0.0388317 0.0155193 
0.000142121 0.00210238 0.884728 5.44258e-05 3.86395e-13 0.0508255 0.000605827 1.23865e-05 0.000676108 0.000217884 5.21903e-06 9.84522e-06 1.73673e-05 0.000472693 1.0476e-06 0.00263532 1.02614e-07 0.000419117 0.000176802 0.015978 5.55583e-05 9.91198e-11 0.0245326 7.52524e-05 0.000313604 0.000529676 0.0151818 0.000231729 
0.000142121 0.00210238 0.884728 5.44258e-05 3.86395e-13 0.0508255 0.000605827 1.23865e-05 0.000676108 0.000217884 5.21903e-06 9.84522e-06 1.73673e-05 0.000472693 1.0476e-06 0.00263532 1.02614e-07 0.000419117 0.000176802 0.015978 5.55583e-05 9.91198e-11 0.0245326 7.52524e-05 0.000313604 0.000529676 0.0151818 0.000231729 
0.0315021 0.0384358 0.00529822 0.00116513 5.68643e-06 0.0980691 0.0753683 0.000556348 0.00483157 0.001274 4.6016e-05 0.00089055 0.046829 0.0418447 7.4249e-06 0.049208 0.000904026 0.00186449 0.210986 0.0976036 0.021044 1.59821e-05 0.0437268 0.0732823 0.0306784 0.00043594 0.00446546 0.119661 
0.00285402 0.0221241 8.16744e-05 3.28321e-05 1.8912e-08 0.041546 0.0268071 0.00497737 0.00147331 3.42489e-05 0.0013673 0.000359741 1.43045e-05 0.0148926 3.7233e-07 0.0287462 6.28717e-05 0.00320849 0.0446547 0.661729 0.0151872 1.81384e-05 0.0578997 0.027067 0.00486431 4.61508e-05 0.00195637 0.0379945 
0.00129242 0.0544293 0.0033189 5.5615e-06 2.46611e-07 0.0470342 0.0191209 0.00261225 0.0071644 0.000290809 0.00665577 0.152408 0.000195699 0.0914394 4.34245e-05 0.198434 1.93834e-06 0.00083985 0.0112177 0.160118 0.00544567 1.02279e-05 0.158137 0.00473513 0.039591 0.000226361 0.025986 0.00924599 
6.68916e-06 1.9424e-05 0.977555 4.05577e-06 7.39699e-13 0.0198451 0.000106022 1.78793e-05 6.47287e-05 0.000152042 1.13156e-05 4.01746e-09 2.24663e-05 3.59955e-06 1.86559e-06 4.5517e-09 7.56653e-13 0.000443575 1.60729e-05 8.46791e-05 9.84015e-07 2.46737e-10 0.000809699 1.79261e-05 5.38144e-05 0.000477815 0.000256343 2.93414e-05 
0.0264414 0.0156378 4.13545e-06 9.54209e-06 7.55422e-08 0.00382665 0.00715563 0.031991 0.000126575 5.44397e-05 0.000135248 0.00158178 0.000278518 0.0162753 0.000122927 0.0355817 0.00118251 7.4742e-05 0.0753268 0.0551157 0.000844207 0.00555764 0.00148189 0.0214767 0.518824 6.9788e-06 0.000635401 0.180251 
0.00053817 0.00215968 1.00302e-05 0.000704367 7.12248e-12 0.0121878 0.936405 7.89305e-08 1.10793e-05 0.000189181 1.97228e-07 1.28099e-05 0.000156353 0.000451844 5.73196e-06 0.0112078 0.00012139 6.25555e-08 0.00397193 0.00326225 6.81799e-05 8.35375e-09 0.00121947 0.00608262 8.49794e-08 8.38974e-09 0.000746486 0.0204875 
0.813943 0.00223594 2.7958e-05 8.48959e-07 1.51151e-11 0.031322 0.0016568 4.57706e-07 0.000384656 1.6752e-06 2.07866e-05 0.00430875 0.0563013 0.024366 6.57999e-06 0.000686938 1.18022e-06 0.000952417 0.00272709 0.025885 9.87569e-05 7.59148e-07 0.00142334 0.00177215 0.000581378 0.000232963 0.0163699 0.0146913 
0.000560565 0.00476947 0.00906457 7.72387e-05 8.74825e-08 0.850558 0.0436226 0.00644377 0.00021297 0.000863671 1.12173e-05 0.000663065 0.00165302 0.00240782 1.60041e-05 0.0174314 9.69911e-05 0.0112549 0.0051919 0.00285223 0.000271148 7.29869e-07 0.00331389 0.00602836 0.00538637 0.000960541 0.0136625 0.0126253 
7.66761e-05 0.145265 3.34513e-05 7.00277e-06 2.65039e-11 0.032144 0.00302371 0.0279696 0.000288924 0.000339068 1.15876e-08 0.000505336 8.9621e-09 0.00120412 1.84706e-07 0.0811582 0.000986542 1.615e-05 0.0387574 0.18347 0.00368694 2.56198e-06 0.243805 0.0156205 0.00637319 0.0207738 0.00164545 0.192848 
0.00031213 0.00848306 0.292742 0.0012731 3.41708e-06 0.449741 0.00209548 0.00951673 0.0223253 0.00017965 4.69697e-05 0.00195105 0.000123363 0.00940269 2.12523e-05 0.0086606 0.000177879 0.00526359 0.0074564 0.0223641 0.00137593 0.121962 0.018646 0.00654717 0.000964569 0.0041777 0.000535058 0.00365167 
0.000807332 0.00263759 0.775701 0.00012747 2.75471e-09 0.119719 0.00104096 2.46019e-05 0.00154612 0.000532236 9.48656e-05 0.00031549 3.17826e-05 0.00191994 1.77854e-06 0.00347341 1.02229e-05 0.00176691 0.00100669 0.0240082 0.000143324 2.33254e-07 0.0269613 0.000198903 0.000794929 0.00498357 0.0305837 0.00156863 
0.000918563 0.00722643 4.06913e-07 0.00132725 1.36288e-08 0.0100263 0.895127 0.000146524 0.000231683 0.000104784 5.88808e-05 1.59927e-05 0.000683268 0.000110686 7.48581e-07 0.0227309 8.98269e-05 0.000282999 0.00307136 0.00251116 0.000346825 5.22679e-07 0.0386413 0.00656528 0.000752755 7.96517e-06 0.00256654 0.00645376 
0.0120533 0.0180404 2.94067e-05 1.59667e-06 1.02181e-11 0.0013559 0.453025 4.72943e-05 9.27021e-06 0.0080018 1.71625e-05 1.15178e-11 0.000391586 0.0107697 0.000343234 0.0280195 4.4266e-08 0.000884391 0.0258283 0.174868 0.00123861 2.01215e-10 0.0460221 0.00162777 0.134432 3.27219e-05 0.00246635 0.0804946 
0.149212 0.10618 0.00159979 3.90897e-08 5.72031e-10 0.00459843 0.028979 8.18507e-05 1.02296e-05 0.00229508 0.000572462 1.26577e-05 0.294867 0.116893 0.000154342 0.0061827 3.03329e-06 0.000442149 0.0672127 0.0647094 0.00536177 1.99217e-06 0.00196083 0.0109184 0.00179264 0.000439148 0.0136183 0.1219 
0.00030513 0.0100554 0.0455543 8.54347e-06 1.15423e-10 0.356476 0.00385697 9.47989e-05 0.00312573 0.13523 3.07087e-05 6.75926e-05 2.2372e-05 0.000969953 9.60369e-10 0.0521579 0.0526675 0.00283189 6.84669e-05 0.00226918 0.000293921 5.77841e-09 0.00912699 0.00144553 0.00597727 3.4059e-09 0.315381 0.00198259 
0.0028768 0.00875233 7.9102e-07 0.00391467 4.21701e-08 0.0880173 0.742034 0.00472889 0.00317634 0.000399735 8.42716e-05 2.12113e-06 0.000511084 0.0029157 4.35288e-07 0.0257401 2.1449e-05 0.000669107 0.00576698 0.0267053 0.0247592 0.0138463 0.028334 0.0123076 0.000237716 4.74865e-06 0.0015796 0.00261351 
4.91872e-07 0.0459474 3.20302e-05 7.4207e-09 5.68956e-12 0.00405152 0.148444 0.000430953 0.000404199 0.00309131 9.67654e-05 8.91937e-09 1.83656e-06 0.00718003 9.00986e-09 0.0312378 5.81997e-12 0.0582141 0.000119421 0.590823 0.000646561 9.77674e-09 0.104855 0.00168837 0.000180771 1.41663e-05 0.000136379 0.00240376 
0.154713 0.0758837 3.8716e-05 2.16817e-05 1.03833e-06 0.0136835 0.0142514 9.45174e-05 0.0022524 0.000390734 8.02617e-06 0.000141625 0.182898 0.123211 6.07091e-05 0.0151346 0.00856524 0.000299719 0.0838508 0.077226 0.00213678 0.000378002 0.00393649 0.00235319 0.0184988 0.00127439 0.048651 0.170045 
0.00744238 0.0401938 0.00188501 0.0185829 1.34971e-05 0.82006 0.0117706 0.000786984 0.0133427 2.80171e-05 0.000634661 0.000101944 0.00315791 0.00378446 5.21321e-05 0.00999627 0.00177118 0.000287419 0.0127259 0.0081469 0.00184758 0.00333696 0.0228619 0.00338072 0.00248229 1.58445e-05 0.00524782 0.00606251 
0.00455804 0.11797 3.30088e-07 0.0125315 3.29897e-07 0.251707 0.0199243 0.0182644 0.0162865 0.00112249 3.30143e-07 0.0166231 0.00168545 0.0445111 0.00092438 0.0652026 0.00547639 0.00504986 0.170498 0.0750883 0.0176768 0.00957167 0.0680065 0.0384956 0.0268637 0.00132002 0.0106411 3.30466e-07 
0.0171254 0.0455148 0.00314169 0.000139489 2.78704e-05 0.0333627 0.00338617 0.00747457 0.00515578 0.0118064 0.00982055 0.00656392 0.00284744 0.534029 0.000384477 0.0306566 0.000337606 0.000379773 0.0129749 0.0465343 0.0201846 0.00318899 0.0132598 0.0177246 0.128459 0.000453816 0.00373046 0.0413354 
0.000258106 0.0171247 0.000146463 8.5756e-06 5.28617e-07 0.00828181 0.000261049 0.000365381 0.000805893 0.000116421 2.5204e-05 0.000103408 0.000378801 0.0822123 2.31916e-05 0.0286582 0.000169105 0.248642 0.00156551 0.140069 0.00603734 2.58905e-06 0.176619 0.000686577 0.00271367 0.280086 0.000729989 0.00390968 
0.000171859 0.0304993 0.0125566 0.000433631 1.70437e-07 0.0288472 0.00742239 0.000694706 0.000382566 1.02813e-05 1.21356e-05 0.00010485 8.92548e-05 0.0035471 9.41378e-06 0.139461 2.5725e-06 0.000141565 0.00126076 0.0437582 0.000763139 5.96496e-07 0.686668 0.0064446 0.0203922 0.0014876 0.00879979 0.00603859 
0.000142121 0.00210238 0.884728 5.44258e-05 3.86395e-13 0.0508255 0.000605827 1.23865e-05 0.000676108 0.000217884 5.21903e-06 9.84522e-06 1.73673e-05 0.000472693 1.0476e-06 0.00263532 1.02614e-07 0.000419117 0.000176802 0.015978 5.55583e-05 9.91198e-11 0.0245326 7.52524e-05 0.000313604 0.000529676 0.0151818 0.000231729 
0.00393698 0.0252568 0.00729967 0.000287016 9.13249e-06 0.0205608 0.135187 0.000710492 0.000859255 0.000174331 0.000139741 9.42521e-05 0.001019 0.0179354 0.000131714 0.0249604 8.96544e-05 0.00107273 0.000743926 0.045988 0.000736106 2.87011e-05 0.666053 0.00253052 0.0188002 0.0110298 0.00597047 0.00839514 
0.000560565 0.00476947 0.00906457 7.72387e-05 8.74825e-08 0.850558 0.0436226 0.00644377 0.00021297 0.000863671 1.12173e-05 0.000663065 0.00165302 0.00240782 1.60041e-05 0.0174314 9.69911e-05 0.0112549 0.0051919 0.00285223 0.000271148 7.29869e-07 0.00331389 0.00602836 0.00538637 0.000960541 0.0136625 0.0126253 
0.00172909 0.0600145 0.055709 0.000998364 5.80011e-06 0.19142 0.0181007 0.0495649 0.0250262 0.000339641 0.000177205 0.00443407 0.000153949 0.0223156 8.80002e-05 0.104808 6.79316e-05 0.000439474 0.0199297 0.0658254 0.0737218 9.89002e-05 0.218961 0.016225 0.0086417 0.00241555 0.048125 0.0106626 
0.289069 0.00831033 2.76544e-08 2.24175e-05 2.00059e-10 0.016785 0.000868074 6.71334e-06 0.000868478 0.000703058 4.96737e-06 2.3282e-07 0.214538 0.0879428 5.29098e-05 0.0361819 6.316e-06 0.00208201 0.126479 0.0283362 0.00246371 3.79445e-05 0.0332405 0.00593404 0.0102551 0.0249987 0.000115213 0.110698 
3.0611e-05 0.106872 0.0357962 0.0101406 2.10981e-09 0.413689 0.00725471 2.8046e-06 0.24047 0.0318616 3.54944e-05 2.41148e-06 3.23798e-06 0.0129688 1.97843e-06 0.00144666 1.0732e-06 0.0253207 0.000598092 0.0823584 0.000689242 1.02791e-08 0.0150732 0.000510261 0.00934388 3.3434e-05 0.000274227 0.0052215 
0.000339968 0.0146403 8.9847e-06 9.25909e-05 1.92549e-09 0.00349271 0.00221307 0.000571575 0.000215846 0.0001465 6.09429e-06 0.000844171 3.44979e-05 0.00126299 2.37039e-06 0.0119578 0.000187316 0.000382485 0.00237505 0.046772 0.00700536 3.81758e-05 0.00186086 0.024047 0.00198818 4.50819e-05 0.689363 0.190106 
0.00322464 0.0280169 2.41479e-06 0.0179016 7.14939e-10 0.0527429 0.0415893 0.000116916 0.445868 1.42319e-05 1.74614e-07 0.000402059 3.41979e-05 0.00134932 9.78468e-06 0.0312405 1.68023e-06 0.00378314 0.246467 0.0350213 0.0176159 4.06315e-09 0.00781134 0.0556562 0.00413668 2.82109e-07 0.000175938 0.00681747 
0.0060081 0.0697319 0.000296599 0.000220131 4.30201e-09 0.107908 0.0061002 0.25548 0.0201816 0.000574333 0.00102422 0.000650143 6.18376e-06 0.0312326 7.38641e-06 0.0211326 0.00832243 0.00129176 0.0120634 0.209727 0.0102137 9.03658e-06 0.161614 0.0100254 0.0394334 0.000309371 0.00252183 0.0239135 
6.68916e-06 1.9424e-05 0.977555 4.05577e-06 7.39699e-13 0.0198451 0.000106022 1.78793e-05 6.47287e-05 0.000152042 1.13156e-05 4.01746e-09 2.24663e-05 3.59955e-06 1.86559e-06 4.5517e-09 7.56653e-13 0.000443575 1.60729e-05 8.46791e-05 9.84015e-07 2.46737e-10 0.000809699 1.79261e-05 5.38144e-05 0.000477815 0.000256343 2.93414e-05 
0.008844 0.0167337 9.56964e-05 4.42688e-05 1.23373e-09 0.186458 0.004452 0.00747606 0.00631215 4.90777e-05 0.00168492 0.0119306 1.38462e-07 0.152115 2.71011e-07 0.0498177 1.26201e-09 0.00144803 0.136422 0.0083195 0.00338933 3.06852e-06 0.00145562 0.0240333 0.0087481 0.00272875 0.000915532 0.366522 
0.215359 1.84702e-06 0.000825254 3.98166e-05 3.35623e-07 0.0464925 0.416294 0.00094366 0.000482158 0.000631338 3.48265e-07 6.72922e-07 0.0697792 0.0270374 5.49448e-07 0.0766078 0.00827482 0.0121678 0.0591869 0.00864471 4.07901e-05 3.34319e-05 0.000651669 0.000184387 8.13487e-06 0.000110215 2.22389e-06 0.0561993 
0.0082088 0.00135812 1.23719e-07 6.55981e-07 1.11488e-07 0.000461622 0.00230095 2.21357e-05 6.31894e-05 0.000213744 9.32924e-06 2.20634e-05 0.825558 0.00477505 0.00105429 0.00124749 6.37997e-05 0.000202865 0.00151133 0.00245937 0.00104467 2.70823e-06 0.000132274 0.00165702 0.00227699 0.126802 2.54496e-05 0.0185257 
0.0273013 0.0450229 4.26471e-07 5.1301e-09 6.72328e-12 0.0121652 0.00868211 0.0011922 0.000343759 0.000943245 0.00290502 2.25923e-05 5.51799e-05 0.0515646 3.4965e-05 0.182333 5.4068e-09 0.00404913 0.0436869 0.398446 0.0128282 1.03929e-06 0.0862199 0.0121978 0.0741626 0.000109788 0.000227582 0.0355039 
0.000719797 0.00580108 2.53472e-05 0.0416081 8.48125e-09 0.720081 0.0052831 0.0330734 0.00969822 4.56319e-06 0.00096556 0.00438615 2.74051e-05 0.0378347 3.00511e-05 0.0326901 7.20036e-05 0.000101982 0.00340895 0.024198 0.00555624 0.000287089 0.00258205 0.00982139 0.0113156 2.01058e-06 0.0371312 0.0132949 
0.00114743 0.107553 0.0150097 0.00165894 1.94532e-08 0.225243 0.0148246 0.00165166 0.00564566 0.00513798 2.18318e-05 0.000224488 0.0060964 0.000937079 3.18796e-06 0.0592726 0.00135133 0.00010301 0.0105441 0.0162679 0.00323529 0.000775611 0.188314 0.00930271 0.0224851 3.30042e-05 0.292178 0.0109811 
0.000773246 0.120589 0.00769554 0.000254741 1.30346e-08 0.0551979 0.0481526 0.00100043 0.00203287 8.05435e-05 0.000672991 0.000208619 1.19193e-05 0.0225885 4.7943e-06 0.079996 2.90418e-07 8.19097e-05 0.00419009 0.357635 0.00395875 2.4283e-07 0.257496 0.00277713 0.0100948 0.000671988 0.0193908 0.00444294 
0.000497783 0.0526936 0.00182413 0.000784223 9.73557e-06 0.0742487 0.0424546 0.00209603 0.0141501 0.000230531 0.000156416 0.000679806 2.39998e-05 0.0213618 2.44032e-05 0.0746368 3.15806e-05 0.00605539 0.0170876 0.260123 0.00393204 0.00029702 0.297543 0.0199239 0.0849223 0.000144701 0.000528049 0.0235387 
