0.00520321 0.0704545 0.000256414 2.60304e-05 0.000798553 0.489174 0.00225267 0.00464637 0.0449685 0.00114169 0.173326 0.0129324 0.000234415 0.00263207 6.462e-08 0.0194586 7.62885e-05 0.000596465 0.000530954 0.0107747 0.12535 4.87305e-07 0.0125257 0.00791423 0.000319843 2.11059e-07 0.00723057 0.00717548 
0.00768208 0.0206355 0.03848 0.00285106 2.44611e-08 0.251064 0.00431682 0.000680817 0.0058346 0.00101317 0.000575288 0.00158716 0.00054146 0.0216252 7.34344e-05 0.0448345 0.000207934 0.000516367 0.0169001 0.171723 0.00276344 2.44721e-08 0.221027 0.00386379 0.00167093 0.000724124 0.174751 0.00405776 
0.00528342 0.02328 0.11965 0.00204804 0.00054992 0.526184 0.00276908 0.00145545 0.0543611 0.000677499 0.0024793 0.00101223 0.00262307 0.032751 1.75135e-05 0.0186989 0.000558541 0.00259665 0.00895469 0.0484425 0.0120213 0.000821196 0.0314882 0.00729941 0.0134373 0.00244218 0.068654 0.00944332 
0.00190989 0.0248799 0.0457929 0.000120147 1.97718e-08 0.62819 0.0547412 0.00968993 0.000191999 0.00113817 1.07038e-06 0.00255926 0.00171081 0.00181493 1.20206e-05 0.0277688 0.00229935 0.000131419 0.0138193 0.0126901 0.000197921 8.42627e-09 0.0260253 0.00651065 0.00588073 0.0374752 0.0144963 0.079953 
0.00334721 0.00948528 0.0182093 0.00168706 6.42289e-07 0.599298 0.000285409 0.000120595 0.0509073 0.000434797 0.0168291 2.67991e-05 0.000150164 0.12885 4.55089e-07 4.29106e-07 1.78393e-05 1.52062e-05 0.0169986 0.061703 3.44283e-06 1.64116e-06 0.062332 6.33951e-08 5.93098e-05 0.000600372 0.0283172 0.000318591 
0.000752186 0.0343999 4.67257e-08 0.032787 1.91375e-05 0.420793 0.00467258 0.00150704 0.059069 5.87037e-05 0.00014207 0.0226042 2.68189e-05 0.064392 1.54264e-05 0.0774721 1.43984e-08 0.0010841 0.0127914 0.200191 0.0046924 2.47424e-08 0.0193339 0.00297618 0.000746282 0.00885143 0.0166131 0.014009 
0.00266088 0.0152349 0.190989 2.16561e-05 6.27266e-05 0.633783 0.00165752 4.97448e-05 0.000104486 0.00030173 0.000323323 0.000288271 6.36726e-07 0.00328578 2.61566e-05 0.0183475 0.000106385 0.00240423 0.0024971 0.00597238 0.0134438 1.83667e-10 0.0677452 0.00222642 0.0010796 0.000455377 0.031213 0.00572006 
0.00164433 2.39841e-07 0.05462 0.00505795 2.18071e-12 0.805018 0.000855772 2.47379e-08 0.00199423 6.89963e-08 0.000378859 7.99256e-05 8.84424e-09 0.0229444 5.30582e-09 3.65832e-07 5.31155e-05 3.60824e-08 0.00310319 9.45933e-05 1.01956e-05 1.67059e-12 0.0208638 5.4042e-08 0.000177717 0.000205182 0.0828979 3.68295e-08 
0.00176024 0.05865 8.92428e-05 0.0015757 7.018e-08 0.57556 2.00914e-05 2.17671e-05 0.00946754 2.53287e-06 0.102113 0.0235228 1.66992e-05 0.130471 7.73514e-06 0.00403516 6.76728e-06 5.83135e-05 0.0083222 0.00854841 0.00350615 5.37632e-08 0.00173381 8.15504e-05 6.80825e-05 0.000179799 0.0692088 0.000971409 
2.46149e-07 0.0447257 2.08003e-06 2.0569e-05 5.41923e-05 0.494486 0.00586081 0.00858806 0.0200958 5.99608e-08 4.14226e-06 0.000412583 7.69188e-09 0.00493124 4.66253e-09 0.0459735 0.00204765 0.000187319 0.246265 0.0364032 0.0112073 5.39627e-11 0.043995 0.00186295 0.00870572 5.40362e-08 0.0198516 0.0043188 
0.00244964 0.0195383 4.26245e-05 0.000376334 1.9339e-08 0.938581 0.000700384 0.000297223 0.00601498 5.45045e-06 8.69154e-05 8.31595e-05 1.55232e-05 0.00360489 4.65634e-07 0.000895327 1.6499e-08 2.09343e-05 0.000445598 0.00794555 0.000771306 9.88832e-10 0.0127523 0.00140608 0.000465967 5.99355e-06 0.000340918 0.00315267 
0.014238 0.005898 0.0187552 0.000837068 0.000153608 0.652208 0.0594418 0.00810588 0.00355758 0.000551954 0.00024439 0.00490263 0.00516407 0.00798575 3.79887e-06 0.0235226 0.00608013 0.000165076 0.0157523 0.021687 0.00777443 2.15326e-06 0.0238476 0.00251132 0.0108271 0.000237216 0.072813 0.0327319 
0.00277832 0.00931248 0.00537241 0.000539885 4.44555e-11 0.57549 0.0042899 0.000539896 0.00471441 0.239221 0.00241458 0.0061973 2.90491e-05 0.000924505 3.25927e-08 0.0090718 1.80851e-06 0.000236802 0.000112331 0.0035177 0.000316936 3.0023e-09 0.00281127 0.000280545 0.00170068 8.76367e-06 0.129345 0.000772782 
0.00028697 0.0180992 0.378446 0.000571151 9.02027e-08 0.445432 0.00528905 0.00114536 0.00642222 0.0266079 0.000144301 0.000774923 0.000265356 0.00272381 7.64723e-06 0.0147084 2.11558e-06 0.0220734 0.00164019 0.008214 0.00121805 6.64044e-06 0.0327884 0.00697085 0.00203138 0.00143959 0.020412 0.00227955 
0.0146221 0.0572936 0.00090679 0.0201506 0.0027776 0.229726 0.0285142 0.00892476 0.000810138 0.0073695 0.00228265 4.92871e-05 0.00607048 0.0398716 3.15302e-05 0.030488 0.0126471 0.00662535 0.1733 0.0586231 0.172778 1.15384e-10 0.00770096 0.00276863 0.0277063 8.38211e-05 0.00202913 0.085849 
6.14593e-07 0.0434868 0.0162041 8.9455e-05 1.62667e-11 0.345138 0.00507947 4.92197e-08 0.0178977 0.300786 0.000949306 1.48827e-07 5.24431e-06 0.00152177 2.58592e-09 0.0160865 0.163969 2.86978e-05 0.00010251 0.0120799 0.00603135 1.24616e-11 0.00606781 0.00142686 0.00281646 1.66172e-08 0.0566637 0.00356846 
8.36462e-05 0.00341749 0.0263597 0.000921974 4.1593e-06 0.874285 0.00122246 0.000872022 0.00023754 3.28376e-06 0.03567 4.62872e-05 8.33001e-06 0.000973894 5.44837e-08 0.00100158 9.84526e-07 8.78618e-05 0.00309656 0.00281179 0.00113923 1.86916e-11 0.00629985 7.64446e-06 0.000581467 6.90342e-06 0.0376072 0.00325319 
0.0306708 0.0557849 0.000110195 0.00711283 0.000389209 0.385898 0.0228361 0.00175902 0.00138768 0.000487611 0.00832379 0.00331882 0.0049789 0.0764548 1.46895e-05 0.0271151 0.000791193 0.000179554 0.0221157 0.0382758 0.00813562 4.83513e-05 0.000532518 0.0587877 0.120526 0.0379578 0.0255081 0.0604989 
0.000634048 0.016794 0.0132335 0.0242195 7.23055e-07 0.659307 0.0243289 0.00563062 0.00358677 9.9249e-05 0.000385104 0.000139151 0.00017058 0.0637564 1.61357e-06 0.107842 2.04653e-05 0.00272759 0.00424166 0.00355128 0.000980421 1.07838e-07 0.0121888 0.0126315 0.000870425 0.000170766 0.0411809 0.00130779 
0.000327274 0.00305264 0.0636451 0.000575656 0.000256875 0.473166 0.000761919 0.000419512 0.00168633 0.0719361 0.0696571 3.50848e-07 1.1989e-07 0.0953753 4.28368e-06 0.0338475 1.34371e-06 0.000120323 0.000678182 0.0492416 0.00115505 6.48342e-07 0.0725817 0.00297452 0.000318953 6.19065e-06 0.0390092 0.0192005 
7.19357e-10 0.062934 0.00248068 0.000122192 1.05585e-07 0.796649 0.000810634 0.0136424 0.0868649 1.62635e-05 0.0051778 0.000127603 0.00202486 0.000433996 5.33276e-07 0.00433451 1.11682e-06 0.0103296 0.000123419 1.87531e-07 3.14635e-05 6.33273e-06 0.00154307 0.00055178 0.00235668 5.32234e-08 0.00923518 0.000201743 
0.000141544 0.0842759 0.000958763 9.35075e-07 1.89856e-05 0.348955 0.000347816 0.040855 0.00720754 0.000391977 0.000189812 4.45239e-07 3.17476e-05 0.123686 4.56669e-07 0.0804734 0.015544 0.000816971 0.00426694 0.0474084 0.00928468 0.0432876 0.0404232 0.0961734 0.00794334 3.77521e-05 0.00852425 0.0387545 
0.000959613 0.162588 0.00298312 3.65739e-05 0.00033505 0.178171 0.0098654 0.00333179 0.0302715 0.0115402 3.56622e-05 2.97074e-05 9.42958e-05 0.0653744 4.22645e-05 0.0797765 0.000346712 0.00251108 0.00301752 0.16584 0.00483889 2.64901e-05 0.0785955 0.0286941 0.154948 0.000207483 0.00109206 0.0144473 
0.00119761 0.0105412 0.00073753 0.0598861 0.00147869 0.754411 0.0126674 1.1588e-05 0.00528325 2.09983e-05 1.44991e-07 1.48883e-06 1.61333e-05 0.0292117 6.74461e-07 0.0054626 5.64728e-08 0.000233443 0.00473739 0.0348928 0.00136206 1.29251e-09 0.066623 0.000817223 0.00259479 2.46374e-05 0.0019452 0.00584146 
0.000570869 0.0163803 5.34068e-09 0.0133981 3.92868e-06 0.363419 0.00478353 0.00112346 0.00144804 1.39428e-07 0.0108501 0.0636801 3.81013e-06 0.208907 4.98036e-08 0.0400379 0.00015212 0.000162822 0.0219513 0.0616551 0.0342217 2.07321e-05 0.00623731 0.0274883 0.00339303 7.36029e-09 9.75892e-06 0.120102 
0.00147159 0.0016061 2.63004e-07 0.000138368 5.32187e-06 0.506108 1.81357e-05 1.76203e-05 0.000165694 6.54606e-05 4.7151e-05 9.73262e-05 0.000111405 0.294268 2.0986e-05 2.1113e-05 1.45006e-06 9.17362e-06 7.86915e-06 0.0132264 1.65151e-05 2.88365e-07 0.000916451 1.15323e-05 9.97187e-07 0.17988 0.00175809 8.89127e-06 
0.000524947 0.00210504 0.027552 0.00022699 0.0461525 0.295149 0.00958002 0.00106779 0.00804997 0.000754849 3.29708e-07 9.54309e-07 3.81267e-05 0.0809369 3.26063e-05 0.143644 0.000560755 7.01629e-05 1.1065e-06 0.258835 0.00508227 1.36353e-08 0.0208165 0.00341489 0.046207 0.000410453 0.0019181 0.046867 
0.0104938 0.00856123 3.227e-07 3.22387e-07 0.0028062 0.298514 0.00581465 3.22881e-07 0.0659475 0.00555008 0.000452179 3.22435e-07 0.00148621 0.14114 3.22632e-07 0.172588 0.00106457 0.00609836 0.0425429 0.0691429 0.0109179 9.71204e-05 0.0591835 0.0078501 0.0191881 3.22537e-07 0.0183503 0.0522085 
1.90856e-10 0.00483198 0.0227048 2.50371e-07 6.08912e-05 0.720325 8.54802e-11 2.26765e-05 0.0977319 7.49564e-07 6.68191e-07 5.30587e-07 4.45675e-06 0.026535 3.7344e-10 0.0213722 1.87774e-06 0.00451031 1.01648e-06 0.000253648 7.90667e-07 3.5286e-10 0.00318058 7.2382e-11 0.000902689 3.76433e-07 0.0388422 0.0587153 
2.20991e-11 0.00200111 2.12443e-07 0.151723 8.37389e-07 0.72786 9.99667e-10 1.76297e-07 6.97365e-07 4.07585e-11 3.25816e-11 6.55338e-07 2.03855e-05 0.0974918 3.93531e-07 0.0110236 5.18335e-07 4.18211e-11 1.18344e-07 0.00395117 2.89252e-07 4.08575e-11 0.00352307 8.38106e-12 0.00229137 8.22205e-08 0.000109324 3.11129e-07 
0.00166282 0.0177427 6.87588e-05 2.5006e-05 1.0634e-05 0.369615 0.00845001 0.0094343 0.0347072 2.76809e-05 3.62061e-06 0.00778223 0.000216498 0.236734 1.18782e-06 0.0978607 1.86609e-06 0.00332844 0.0437569 0.0648132 0.00194556 0.0133389 0.0303274 0.0246673 0.00633599 0.000174818 0.0101738 0.0167927 
0.00618956 0.0267721 0.00237694 0.00319522 0.00371315 0.355508 0.0109072 0.00249091 0.109379 0.0373094 0.00111551 0.00161906 2.70839e-05 0.0579727 4.46527e-06 0.0828139 0.000150906 0.00486704 0.02622 0.0878827 0.0130263 0.000394025 0.0197029 0.00481702 0.00684403 0.000454723 0.107265 0.0269803 
0.0392184 0.0435215 0.00681988 0.000146832 0.00249781 0.553278 0.00853021 0.00066818 0.0128514 1.15523e-05 0.00153252 9.29551e-05 0.0223838 0.0415183 9.74133e-06 0.00902311 1.94594e-05 0.00279072 0.00503137 0.0333993 0.000640285 5.23726e-05 0.0317229 0.00156381 0.000347081 2.26002e-06 0.178867 0.00346006 
0.00657055 0.118096 0.000313496 0.00674828 0.0095688 0.320234 0.00713428 0.0287795 0.0262283 0.000414946 0.000339542 0.00038152 9.72782e-06 0.137679 1.33529e-05 0.0761115 0.000119356 0.00469465 0.015577 0.0230118 0.0562777 0.00796072 0.0118314 0.0615206 0.0135406 0.000345628 0.000905477 0.0655931 
0.00344183 0.020543 0.00595673 0.00384724 8.51695e-05 0.275915 0.00796917 0.00142023 0.229323 0.000976484 0.00175804 0.00085076 3.32626e-05 0.19752 4.03483e-06 0.00968386 0.00030971 0.0256001 0.0123775 0.0213358 0.00302898 0.00672639 0.00343637 0.02647 0.0937556 0.00351561 0.0084435 0.0356738 
0.00156097 0.0861727 0.00414436 3.26566e-07 4.56033e-07 0.250408 0.0375502 0.0118726 0.00291224 0.0677077 5.75873e-08 4.38162e-07 9.86394e-06 0.0211437 3.11775e-06 0.0793784 0.000811674 0.0651796 0.00132593 0.0349494 0.00655572 4.19377e-06 0.0750391 0.10948 0.0840794 1.2281e-06 0.0486435 0.0110651 
0.00497078 0.00220034 0.295123 5.57327e-05 4.34055e-06 0.350998 0.0024139 2.99471e-05 0.000782148 0.111158 5.6851e-05 1.92252e-05 0.000104631 0.00045084 6.77482e-06 0.00258655 8.15367e-05 0.000757668 0.000519717 0.00644553 0.000237577 7.43575e-08 0.0131048 0.000314762 0.00130227 0.000440235 0.20486 0.000973909 
0.00224333 0.0129567 0.0054912 0.137986 0.000382215 0.402568 0.00494908 0.00324944 0.0519696 8.67761e-05 0.0002125 0.00198766 0.0312932 0.0451863 2.58356e-05 0.011156 3.46376e-05 0.0653971 0.0422449 0.0404401 0.00998001 3.46501e-07 0.0356995 0.00282085 0.00119217 5.38302e-05 0.0115522 0.0788405 
4.62499e-05 0.000452906 0.000152402 0.000121849 7.92733e-06 0.953165 3.07441e-05 2.98359e-10 0.00369128 2.18307e-07 3.59506e-09 3.35818e-07 2.06249e-08 0.000133787 5.92824e-10 0.00556489 7.47959e-10 1.67381e-08 0.00218925 4.48136e-11 3.80301e-06 4.48814e-05 1.65271e-05 3.92664e-05 0.000205398 1.89e-08 0.0332408 0.000891901 
0.00134143 0.103106 5.78281e-08 3.1512e-05 0.000181728 0.660294 0.0158648 0.0326368 0.000629428 5.74329e-06 0.000100228 1.35965e-05 3.06921e-05 0.000851299 2.15501e-07 0.0198117 2.88986e-06 7.1823e-06 0.000182412 0.00435642 1.01704e-05 1.47462e-06 0.0573896 0.00715146 0.0360301 4.93771e-08 0.030562 0.0294072 
0.00196634 0.0112689 0.00042212 0.00120405 0.00567547 0.296703 0.00931238 0.00554287 0.00174144 0.00269911 0.00118415 0.00531975 0.0005637 0.153588 1.14079e-05 0.0690033 3.26724e-08 0.0595799 0.0255488 0.12213 0.0170242 6.46421e-06 0.00889464 0.0062507 0.014185 2.36513e-07 0.1155 0.0646738 
0.000802731 0.0021313 0.00111778 3.59949e-07 6.21822e-05 0.720809 0.0160987 1.11105e-06 8.96206e-08 2.98374e-07 1.74618e-06 3.61924e-05 1.38931e-10 0.197501 6.13813e-10 0.00105466 7.74441e-10 0.000415722 0.000131192 0.00891231 0.000810543 5.79987e-10 0.043924 0.000257151 0.000126472 0.00110294 0.00355938 0.00114251 
0.00164433 2.39841e-07 0.05462 0.00505795 2.18071e-12 0.805018 0.000855772 2.47379e-08 0.00199423 6.89963e-08 0.000378859 7.99256e-05 8.84424e-09 0.0229444 5.30582e-09 3.65832e-07 5.31155e-05 3.60824e-08 0.00310319 9.45933e-05 1.01956e-05 1.67059e-12 0.0208638 5.4042e-08 0.000177717 0.000205182 0.0828979 3.68295e-08 
0.0011161 0.050886 1.50081e-06 1.78134e-06 0.0428572 0.273011 0.00080807 0.0126095 0.00797162 0.00348292 0.00215241 0.000194165 0.000300124 0.0105856 2.25757e-05 0.0563329 0.219462 3.36904e-06 0.142082 0.0377954 0.00203268 1.13202e-06 0.0150384 0.101486 0.00367026 0.000128372 0.00094926 0.0150171 
0.0058907 0.0159061 0.167572 0.00181306 0.00210032 0.51148 0.0356272 0.00232634 0.0291821 0.00453746 0.00012984 0.000421842 0.00180259 0.0234669 3.80872e-06 0.0145847 0.000291715 0.0266126 0.014144 0.0440079 0.0332422 0.0002519 0.0243623 0.00736026 0.0054497 0.00300882 0.012783 0.0116403 
0.00529431 0.0719623 0.00603228 5.99787e-05 9.99889e-05 0.377385 0.00412377 1.53397e-07 0.00291093 1.04277e-05 0.0180286 0.00424501 0.000140092 0.00967816 0.000180595 0.0627603 1.89081e-11 0.000537145 0.00868678 0.0990624 0.00306515 1.10567e-07 0.00687109 0.0325836 0.00870434 0.148925 0.080938 0.0477142 
0.0128097 0.00957891 0.0050452 0.000152668 1.045e-08 0.253425 0.00304389 0.011241 0.00123475 0.238877 2.09535e-06 0.00133131 0.000131757 0.0389895 0.187943 0.00377436 8.71828e-05 0.00316525 0.0380697 0.0141884 0.00115821 4.06427e-06 0.00204749 0.00201501 0.145202 0.00077032 0.0179423 0.0077693 
0.000325141 0.000762638 0.00715496 0.00444562 5.89133e-12 0.797396 2.07973e-08 7.21667e-09 0.00262602 2.01261e-08 4.48667e-06 0.00392918 2.58029e-09 0.0202151 1.55165e-09 0.0009143 7.78844e-07 1.05272e-08 0.000995121 0.0169543 3.59497e-05 4.51321e-12 0.00594854 2.00924e-05 3.42734e-05 7.11031e-05 0.13807 9.67405e-05 
0.000482136 0.0387506 2.75491e-05 0.000387446 0.015005 0.359632 0.00148734 0.0128734 0.0119853 0.000107251 0.000553943 0.00267134 7.96092e-05 0.327673 3.17459e-05 0.0598206 0.0003338 0.000533381 0.0165009 0.0530778 0.027516 0.000102058 0.0115549 0.00620273 0.00723888 0.00898683 0.00545184 0.0309329 
5.41664e-06 5.41958e-06 5.41367e-06 5.40841e-06 5.41055e-06 0.781083 5.41901e-06 5.4167e-06 0.0633952 0.133165 5.41457e-06 5.40923e-06 5.41903e-06 0.0140962 5.41253e-06 0.00813539 5.41032e-06 5.4128e-06 5.41914e-06 5.42031e-06 5.4188e-06 5.41299e-06 5.41958e-06 5.41931e-06 5.41916e-06 5.41094e-06 5.41976e-06 5.41988e-06 
0.0967801 0.0201813 8.6137e-05 0.00054707 0.000120911 0.231966 0.0172227 7.4637e-05 0.00620788 0.000379748 0.000191428 0.000232275 0.000150792 0.100722 2.29772e-08 0.170192 1.61135e-06 0.0584566 0.021184 0.15441 0.00196761 7.71956e-06 0.0498844 0.00782594 0.019264 0.0007838 0.0268561 0.0143031 
0.000823567 0.00194036 0.000258296 0.000989933 0.00262973 0.392236 0.000351583 0.000155813 0.324127 2.89237e-06 0.0003015 0.000252363 3.1637e-09 0.0043357 7.69507e-07 0.0133241 0.00588666 5.55495e-05 0.00103241 0.159281 0.00212583 4.32988e-06 0.00417109 0.00149019 0.000513954 8.32806e-05 0.0739496 0.00967623 
0.000411662 0.0254308 3.15519e-06 0.0219752 5.36599e-07 0.672973 0.00675747 0.000111955 0.118243 0.0191178 4.53803e-07 9.73322e-07 9.15318e-11 0.061233 5.18671e-07 0.0323136 8.44235e-07 0.0135226 0.00129926 0.0031409 4.63865e-07 0.0089092 0.000829469 0.000859119 0.00648776 1.56173e-06 9.53647e-08 0.00637579 
0.00244964 0.0195383 4.26245e-05 0.000376334 1.9339e-08 0.938581 0.000700384 0.000297223 0.00601498 5.45045e-06 8.69154e-05 8.31595e-05 1.55232e-05 0.00360489 4.65634e-07 0.000895327 1.6499e-08 2.09343e-05 0.000445598 0.00794555 0.000771306 9.88832e-10 0.0127523 0.00140608 0.000465967 5.99355e-06 0.000340918 0.00315267 
0.000281875 0.00217857 2.4863e-06 0.0386167 9.45155e-09 0.659192 0.0162284 2.64392e-07 0.000166302 2.11878e-05 5.77399e-09 0.000782499 1.91263e-05 0.000153849 8.49592e-08 0.0143013 0.000170354 6.31921e-06 0.00220191 0.0132525 0.000306875 7.24061e-09 0.00781105 0.00343614 0.000360696 1.22898e-05 0.236056 0.00444129 
0.0272919 0.000702654 5.8088e-05 0.106894 4.74837e-12 0.782378 0.0568819 1.93753e-12 0.00219254 1.11408e-07 6.84618e-08 0.000407732 1.0012e-07 0.00179551 5.39353e-09 0.00368689 5.58627e-08 4.4011e-07 0.0114874 2.20358e-07 1.65487e-08 3.63761e-12 5.32153e-08 2.92727e-07 8.10452e-13 5.89872e-08 0.0038528 0.00236873 
0.00403439 0.0355267 0.0283297 0.000742064 1.70834e-10 0.400618 0.0483714 5.12097e-05 0.00720539 5.15154e-06 3.13398e-07 0.00111646 9.22287e-05 0.083268 0.000232309 0.0550703 0.00313554 0.00198857 0.00218542 0.0748615 0.000548987 8.11971e-05 0.0941174 0.000916952 0.131194 0.00215748 0.00610484 0.018044 
0.00381173 0.0030727 0.0340469 0.000146114 0.000157688 0.822683 0.000171443 0.000611002 0.0040977 4.13115e-05 0.0017789 4.79609e-05 7.69184e-06 0.0103112 1.62636e-06 0.00705425 4.29201e-05 0.000293587 0.00160283 0.00545023 0.00143168 3.37315e-07 0.00790373 0.00188629 0.000614564 1.4446e-05 0.0921294 0.000588243 
0.0011276 0.0078498 0.0016808 0.00029439 3.18223e-07 0.929576 0.000543323 0.000110208 0.00224731 4.8856e-05 4.7685e-05 0.00027245 8.23161e-06 0.00297989 2.76144e-07 0.000880613 9.31527e-08 5.86379e-05 0.000368701 0.00853812 0.000296509 1.42509e-08 0.0191664 0.000832958 0.00036117 0.00023355 0.0198224 0.00265359 
0.00624632 0.0110498 0.000244264 0.0175241 5.31052e-07 0.619776 0.0118323 0.0155023 0.0429339 0.000121452 0.0136233 0.00150109 5.15295e-05 0.046184 6.43511e-09 0.0174899 0.00067299 0.000929472 0.0371362 0.0864387 0.00859275 6.08048e-09 0.0201582 0.0133027 0.00851313 0.000391165 0.000258061 0.0195258 
5.97978e-07 0.0146671 0.000151637 0.00014308 0.000595242 0.707822 9.69719e-07 0.0309069 4.16547e-07 1.10288e-06 8.81623e-07 1.62671e-06 0.000294 0.0856947 1.17004e-06 0.131434 1.47622e-06 1.13164e-06 0.00131733 3.55539e-05 6.42571e-05 1.10556e-06 0.000124476 0.00112128 0.0211666 5.96601e-05 0.00437991 1.16515e-05 
2.55618e-11 0.0382917 0.00694089 0.0210502 6.16903e-11 0.50842 4.83016e-06 3.19941e-06 6.60625e-07 2.9706e-07 3.76868e-11 0.0502262 8.03775e-07 0.00112035 5.00158e-11 0.0293872 1.38892e-07 3.58017e-07 0.0429313 1.96987e-07 0.0163981 4.72595e-11 0.000501469 0.282648 5.87546e-07 5.94027e-11 6.4257e-05 0.00200952 
0.0039649 0.0706153 0.00158637 0.0521188 0.000270668 0.587173 0.0112671 0.00546134 0.0388374 0.00265808 0.00015598 0.00142165 4.09599e-05 0.0180232 3.04427e-06 0.0166884 0.00384196 0.00320251 0.00725372 0.0404165 0.0120686 7.60189e-07 0.0437646 0.00368062 0.00610208 8.60429e-05 0.054763 0.0145329 
0.00164324 0.00815665 0.340449 0.000151456 0.000134162 0.472695 0.00206572 0.00110288 0.00242301 0.000981265 0.000146828 0.000169818 8.57436e-05 0.00228236 4.4578e-06 0.00307905 3.15129e-05 0.00246229 0.000537288 0.0119174 0.000238899 9.91899e-07 0.111577 0.00136407 0.00404773 0.00252607 0.0263578 0.00336874 
0.150523 0.0220767 0.00304875 0.00156257 0.000681954 0.222051 0.0521121 0.00100377 0.0103729 0.0938603 0.00484084 0.000438116 0.0142716 0.0186615 4.05463e-06 0.0261911 0.00365675 9.93028e-05 0.0465097 0.0546262 0.00596096 0.00184598 0.0401012 0.00338669 0.00352708 0.000792399 0.190076 0.0277178 
7.51238e-07 0.00245108 0.00819229 4.01406e-05 2.08451e-10 0.933266 0.00305817 0.00537719 0.000112354 0.000377747 2.65674e-05 0.000357577 2.33589e-06 0.000789101 1.5638e-06 0.0204359 4.53661e-06 0.00420055 0.000209676 0.00440394 0.000287868 5.52333e-07 0.00304792 0.00161914 0.00414364 0.000180758 0.00564473 0.00176795 
0.00143998 0.0097786 3.59289e-06 0.00152698 6.49706e-07 0.300809 0.010529 0.0118317 0.000110491 0.000522186 8.37585e-05 0.000319658 2.81039e-05 0.0257605 2.93565e-08 0.22448 1.63554e-07 0.00448572 0.00503911 1.20325e-05 3.35346e-05 7.17009e-05 0.271456 0.0256636 0.0393079 1.01747e-06 0.0651094 0.00159659 
0.00542218 0.0155885 0.000421495 0.00787926 0.00110201 0.407534 0.00364083 0.000398688 0.00853524 0.00256945 0.000293003 0.000228519 0.0659499 0.00633922 0.000932283 0.0377472 2.63575e-05 5.41644e-05 0.00277617 0.0715986 0.0243121 0.000110612 0.00556505 0.0153667 0.00327285 0.000605774 0.28142 0.0303098 
0.0581598 0.0476762 0.0147146 0.00287884 4.56417e-07 0.636744 0.00689715 0.00017359 0.014912 0.0560895 4.98684e-05 3.88073e-05 6.37007e-09 0.00093136 3.97459e-06 0.0128468 0.0028594 0.000206694 0.00535904 0.00786657 0.00205195 0.000219132 0.021854 0.00431058 0.0520345 6.2958e-06 0.00998169 0.041133 
2.13882e-05 0.00777953 0.00122219 0.000319042 0.0183723 0.527454 7.59616e-05 0.000273957 0.215933 1.66438e-06 7.01683e-05 0.000131452 5.71182e-07 0.00140872 2.69572e-08 0.00511556 1.26666e-07 2.37121e-05 0.00460694 0.0207556 0.000558728 4.14826e-08 0.0140605 0.000977008 0.00177399 1.12913e-07 0.178778 0.000285603 
0.00335119 0.0453186 0.00140769 0.00876621 0.000408467 0.583011 0.0109032 0.00141665 0.0500858 0.0193313 0.00651011 0.00365766 0.000862005 0.0127151 8.91613e-06 0.0133737 0.00011846 0.000233998 0.00861858 0.0530134 0.00512342 0.00687006 0.0280311 0.0100123 0.00447628 0.00203151 0.111842 0.00850132 
1.34325e-05 1.34398e-05 1.34252e-05 1.34121e-05 1.34174e-05 0.422087 1.34384e-05 1.34327e-05 1.34358e-05 0.302043 1.34274e-05 1.34142e-05 1.34385e-05 0.169353 1.34223e-05 0.0201747 1.34169e-05 1.3423e-05 1.34387e-05 0.0605011 0.0255454 1.34235e-05 1.34398e-05 1.34392e-05 1.34388e-05 1.34184e-05 1.34403e-05 1.34406e-05 
0.00459305 0.0330256 0.0158029 4.2779e-05 2.33026e-07 0.414956 0.000424267 0.00262463 0.0336726 9.92427e-06 0.000230078 3.49011e-06 2.13793e-08 0.25178 1.37464e-09 0.0168531 3.91822e-05 0.000434828 0.00506545 0.11936 0.0124547 0.0452916 0.00704152 0.000813872 0.000477356 0.000585267 0.000403755 0.0340139 
0.00656218 0.0271877 0.0129372 0.0314907 0.0011396 0.595853 0.0197661 0.0112525 0.0266527 0.00594446 0.00477663 0.0159038 0.000354653 0.0264264 4.01048e-05 0.0263673 0.00160858 0.00293422 0.0115175 0.0421967 0.0053767 7.07288e-05 0.0213472 0.00938451 0.0103741 0.000526615 0.0680788 0.0139299 
0.000639538 0.186658 0.00407651 0.000123253 7.68291e-11 0.283072 0.00427311 0.0056195 0.128168 0.0526182 2.34173e-05 0.000126799 2.4401e-08 0.0010132 2.00596e-07 0.0544635 0.000222206 6.09933e-08 0.00191888 0.0469881 0.0042614 1.83775e-06 0.0821049 0.0161608 0.0516133 0.000123149 0.0392344 0.0364963 
4.45643e-05 4.45885e-05 4.45399e-05 4.44967e-05 4.45142e-05 0.726946 4.45839e-05 4.45648e-05 0.200632 4.45343e-05 4.45473e-05 4.45034e-05 4.4584e-05 0.00896222 4.45305e-05 4.45919e-05 4.45123e-05 0.0623903 4.45849e-05 4.45946e-05 4.45821e-05 4.45343e-05 4.45885e-05 4.45863e-05 4.45851e-05 4.45174e-05 4.459e-05 4.4591e-05 
0.00981993 0.0507243 0.00545233 0.000616823 0.00200147 0.321794 0.00237217 0.0224531 0.0402788 0.000516917 0.000736728 0.0015605 0.000878957 0.290907 5.43646e-07 0.0172318 5.43015e-06 0.000236878 0.0309281 0.079234 0.00163618 0.00825318 0.0825054 0.00249859 0.000617636 0.000122947 0.00521259 0.0214039 
0.000104419 0.000933187 2.33739e-05 0.000171403 4.59462e-06 0.432471 6.51659e-09 1.43281e-08 0.0224141 2.68352e-08 3.54027e-05 0.00143262 1.42934e-06 0.379153 8.47486e-07 0.0550092 4.71668e-07 2.75348e-08 0.00297097 0.0465745 0.0001072 3.44952e-06 0.00199276 4.19326e-05 2.1589e-06 0.000273855 0.0558978 0.000380539 
0.000522196 0.0129639 0.0039194 0.000112777 4.39628e-07 0.745148 0.000851016 0.000438347 0.00697796 0.00446349 0.000319982 0.0051687 5.19541e-06 0.00617509 5.27818e-11 0.0284213 6.65941e-11 0.114645 0.00998921 0.00242549 0.00176101 1.68147e-06 0.0158722 0.00670299 0.00164774 0.000604871 0.0172423 0.0136195 
0.0204461 0.00100498 0.00804027 0.000111266 1.02751e-05 0.620433 8.30866e-05 1.78941e-07 0.000441263 1.57271e-05 6.74029e-06 2.65763e-06 1.38407e-05 0.000327641 7.76436e-07 0.00141652 0.000845305 5.38825e-06 0.00152419 0.0160637 0.000174259 8.73741e-12 0.0208461 0.00010012 8.93791e-05 4.78038e-07 0.307587 0.000409471 
4.58269e-08 0.0126396 0.000661089 0.000228724 3.42666e-10 0.875081 1.99561e-07 3.93099e-05 0.0110753 5.74778e-05 0.0159299 0.000156218 6.28815e-11 0.00230353 2.77818e-10 0.0335167 5.54863e-07 1.83648e-06 1.2265e-07 0.000272596 0.000315426 2.62508e-10 0.00859932 0.00931052 0.0214678 1.98723e-07 0.00824643 9.58295e-05 
0.000969945 0.0254428 0.00987842 0.000180193 0.000397113 0.718016 0.0365497 3.84517e-08 0.025318 0.00116389 5.03596e-06 0.00115498 1.19431e-05 0.00278721 2.49834e-06 0.0204778 7.80991e-05 0.000759079 0.0120997 0.0494294 0.00189852 4.70664e-11 0.0131269 0.00164758 0.00669629 5.94822e-05 0.0649198 0.00692897 
3.34774e-05 0.0201972 0.000194952 1.48139e-05 1.36808e-06 0.80539 0.0230488 0.00158393 0.00624031 2.49201e-07 2.32045e-07 0.000371698 0.000105278 0.000690341 6.53886e-07 0.00708186 1.20697e-06 3.6055e-10 0.000111463 2.81801e-11 0.000155027 3.1237e-08 0.0439164 0.00728941 0.00343298 4.4275e-10 0.0795215 0.000616771 
0.0175668 7.63857e-06 7.63025e-06 7.62284e-06 7.62584e-06 0.396508 7.63778e-06 7.63452e-06 0.0259709 0.00611106 0.125165 7.62398e-06 7.6378e-06 0.115349 7.62863e-06 0.050426 7.62552e-06 7.62902e-06 0.0802062 0.0534848 0.0496513 7.62928e-06 7.63857e-06 7.63819e-06 7.63798e-06 0.0129725 7.63882e-06 0.0664669 
0.00606183 0.01892 4.83466e-05 0.000201738 0.000284441 0.534653 0.00623995 0.000363933 0.0271914 0.0010875 2.10913e-05 8.44962e-05 0.00414134 0.212745 1.30873e-05 0.068118 0.000305289 0.0058492 0.00500451 0.0564224 0.000572937 1.18915e-06 0.0125896 0.000857484 0.00406664 0.00557289 0.0186238 0.00995877 
0.00199893 0.0364582 0.000111588 0.154469 3.70887e-05 0.246016 0.049771 0.00539941 0.0039608 0.0039734 0.00107444 0.000282893 0.000462418 0.0794211 0.000894457 0.22925 0.00111177 3.79487e-05 0.00433597 0.0111506 0.00695007 0.00174365 0.0338171 0.011417 0.0128087 0.00221693 0.0806441 0.0201854 
2.66062e-06 0.0127085 4.75144e-05 0.000534354 9.83062e-05 0.476673 0.000350762 0.00170066 0.00366884 2.47551e-05 0.00140402 0.00279022 6.42772e-05 0.246572 3.16915e-07 0.0313953 3.42704e-05 0.00110241 0.0342799 0.00791453 0.00286182 0.00858421 0.000653886 0.00175429 0.0197773 6.58899e-07 0.140075 0.00492603 
1.41926e-05 0.0965634 4.00896e-07 8.59503e-05 7.02628e-05 0.377292 0.00764091 0.0287453 0.028107 0.0102645 0.000126832 0.00457672 5.82656e-06 0.0229137 3.65523e-06 0.165278 0.000819982 0.000826763 0.00611282 0.00613029 0.0048916 3.8445e-06 0.0640549 0.0228717 0.0547017 6.37207e-08 0.0328505 0.0650473 
1.03091e-09 0.245309 1.73834e-09 0.241226 2.48796e-09 0.304024 4.61719e-10 1.01519e-09 7.1812e-10 1.36917e-05 2.12939e-06 2.80442e-09 1.82669e-06 0.0656235 2.01713e-09 6.72954e-06 2.54499e-09 1.95092e-09 1.958e-05 0.0609606 0.0134882 1.90597e-09 8.0458e-06 3.9097e-10 0.0693158 2.3957e-09 2.83355e-10 8.12205e-07 
0.0117667 0.0348742 9.03705e-05 0.000512877 6.3241e-06 0.817969 0.0182484 6.02212e-07 0.00380228 8.18849e-06 0.00120916 6.93271e-07 9.80219e-05 9.89749e-05 2.63554e-07 0.00447451 2.22959e-05 1.27779e-05 0.00044895 0.0205512 0.0001063 8.82183e-10 0.0111105 0.000406351 0.000147457 7.19019e-09 0.0727395 0.00129444 
4.62499e-05 0.000452906 0.000152402 0.000121849 7.92733e-06 0.953165 3.07441e-05 2.98359e-10 0.00369128 2.18307e-07 3.59506e-09 3.35818e-07 2.06249e-08 0.000133787 5.92824e-10 0.00556489 7.47959e-10 1.67381e-08 0.00218925 4.48136e-11 3.80301e-06 4.48814e-05 1.65271e-05 3.92664e-05 0.000205398 1.89e-08 0.0332408 0.000891901 
0.000646594 0.00040214 1.12701e-08 1.5086e-05 3.74202e-06 0.366859 0.00263908 0.0645927 2.95806e-05 8.29819e-06 0.000325454 0.275814 6.3817e-06 0.00510769 4.26663e-07 0.110023 2.97345e-06 0.000104357 0.000298968 0.0727413 6.15197e-05 1.85247e-05 0.00827028 0.0156644 0.0363454 1.55319e-08 0.0363669 0.00365322 
0.00086809 0.0596435 1.20977e-08 0.0298122 1.73145e-08 0.406423 0.00129028 0.00778616 0.0045006 7.74546e-06 9.0016e-05 0.0014843 1.65551e-05 0.171167 0.000256436 0.0488249 3.99927e-05 5.20767e-05 0.0324681 0.00381109 0.0430121 0.0751 0.000508781 0.0207273 0.0838083 0.000805658 0.00136747 0.00612785 
0.000203802 3.11028e-06 0.27851 0.00105264 1.9307e-11 0.707958 0.00194355 3.22135e-06 0.00289187 1.29857e-07 0.00114433 2.58999e-07 6.02659e-09 1.13486e-06 1.56533e-11 8.01012e-07 1.97515e-07 0.000149958 1.18274e-06 9.33137e-07 4.30378e-07 1.0207e-07 4.8282e-08 6.96303e-07 3.65813e-08 0.000164668 0.005968 1.59865e-06 
0.00123525 0.023479 0.000206032 0.015445 0.0360635 0.452462 0.0221336 6.85867e-05 0.0190177 2.18128e-05 2.78491e-06 0.00131739 0.000235278 0.0296632 3.92101e-08 0.0173342 0.000144861 0.000197256 0.0252045 0.0318851 0.00152854 1.88598e-05 0.00773409 0.00148065 0.00889836 0.000124416 0.288403 0.0156952 
0.00268732 0.0261885 0.0742234 0.00137816 0.00536437 0.219225 0.113318 0.00343972 0.00610743 0.01827 0.000520615 0.00272404 0.00176182 0.0663149 5.03226e-06 0.116314 0.000179441 0.0109747 0.0338305 0.0596651 0.0762937 3.46929e-07 0.0395984 0.0160312 0.0137466 0.000824576 0.0363857 0.0546279 
0.019056 0.0223298 0.00720307 0.00298251 0.00136383 0.468665 0.00992573 0.00264758 0.00826508 0.0092516 0.00100783 0.000822007 6.41368e-05 0.0117472 2.2355e-06 0.0497417 0.000230243 0.000208416 0.00566019 0.0294918 0.00181943 0.00109545 0.0152618 0.0080568 0.00441395 0.000116783 0.307603 0.0109673 
0.0092228 0.010419 0.00452689 0.000845746 0.0158979 0.190607 0.0235747 0.0200216 0.0321949 8.97237e-05 0.000225546 0.000225913 5.82302e-05 0.10644 9.19357e-05 0.0686443 1.58496e-05 0.000202861 0.0227194 0.187287 0.038701 0.000252374 0.118026 0.0213165 0.0284654 0.000830356 0.0649285 0.0341681 
0.00244964 0.0195383 4.26245e-05 0.000376334 1.9339e-08 0.938581 0.000700384 0.000297223 0.00601498 5.45045e-06 8.69154e-05 8.31595e-05 1.55232e-05 0.00360489 4.65634e-07 0.000895327 1.6499e-08 2.09343e-05 0.000445598 0.00794555 0.000771306 9.88832e-10 0.0127523 0.00140608 0.000465967 5.99355e-06 0.000340918 0.00315267 
0.00324249 0.0425709 0.0385984 0.000131664 1.87665e-12 0.857239 0.00432891 1.04872e-07 0.00198008 4.97859e-05 2.41878e-08 3.80993e-08 3.44379e-13 0.000874039 4.25817e-09 0.00100907 6.38227e-10 0.00874013 0.000415607 0.0185378 0.000181052 2.54297e-09 0.00712153 3.63932e-05 0.000182256 3.73837e-05 0.00932823 0.00539501 
0.0688905 0.00375583 0.0341059 0.00442607 2.14225e-11 0.88231 0.000401696 8.74126e-12 0.00343491 1.63715e-11 1.30871e-11 2.41474e-11 3.93118e-12 0.000990983 2.08595e-08 2.0663e-07 7.67828e-05 1.67983e-11 9.72954e-08 9.09879e-08 1.83772e-07 1.14895e-07 2.80468e-12 1.05709e-07 0.0015128 2.06281e-11 9.42288e-05 1.96652e-08 
0.0999637 0.084265 5.81733e-05 0.00324548 0.000401306 0.237032 0.0315207 1.42902e-05 0.000437955 0.000954999 3.0734e-05 7.50539e-05 0.00023924 0.203744 5.08047e-05 0.0248676 0.000107786 6.08512e-05 0.0215908 0.0103936 0.00197239 2.69605e-05 0.035556 0.00111198 0.0908098 0.00201377 0.147023 0.00243233 
0.032095 0.0031782 0.0162874 0.000101653 0.000225547 0.56832 0.000485029 0.0180857 0.0047526 9.61061e-05 0.000832963 0.0016879 2.34451e-05 0.00619925 6.455e-07 0.00842539 2.09323e-06 0.000217657 0.00221014 0.0232704 0.000792366 0.000229703 0.00623283 0.0012179 0.00082578 0.000750316 0.298019 0.0054345 
3.38617e-05 0.0175882 0.000180863 0.000641777 0.000388365 0.341282 0.00121432 0.00875537 0.0271375 6.98939e-08 0.000566973 0.00235085 5.64684e-06 0.0453936 1.26225e-09 0.0581207 0.000479595 4.50277e-07 0.0243208 0.13069 0.00575173 3.32799e-05 0.00126708 0.00244494 0.00262551 5.15154e-05 0.270196 0.0584792 
0.00112477 0.00333164 5.98943e-09 0.00178092 1.71993e-06 0.683389 4.12456e-06 3.49782e-09 0.00151276 5.08184e-07 0.000103923 0.00321731 1.57306e-09 0.131764 1.70697e-07 0.00520384 6.66043e-06 0.000226265 0.0122491 0.0166239 0.000305374 6.56698e-09 0.00776366 0.0075611 9.72983e-06 1.12892e-05 0.106985 0.0168237 
2.10455e-05 0.0360279 0.000214556 5.08804e-05 1.3089e-07 0.802436 0.0178258 0.00968012 0.0474762 2.53693e-05 0.00025869 0.000117979 8.35889e-07 0.000114568 6.77858e-06 0.0135091 5.83464e-09 0.000256406 0.0113573 0.0199947 0.00138245 7.09147e-05 0.00383529 0.0329807 0.000689085 1.79179e-07 0.000875281 0.000791594 
0.00277544 0.00728298 0.00926325 0.00176115 1.94111e-07 0.616845 0.00554877 0.00118678 0.126343 0.000229216 1.37866e-06 0.000924065 0.000294919 0.0237568 1.93028e-05 0.0168731 0.00478733 0.000486227 0.0078567 0.049716 0.000348336 7.67198e-09 0.0460068 0.00162314 0.00355883 0.0336563 0.0292586 0.00959667 
0.0583302 0.026995 1.92177e-07 0.00040382 2.80466e-06 0.834665 0.00521337 0.00393544 0.00340772 2.76882e-08 0.000280346 0.000701525 4.53586e-05 0.0220973 4.12011e-08 0.00137988 6.11713e-09 4.34372e-07 0.000710812 0.0171531 0.0038566 1.56576e-07 0.0150307 0.000760253 0.000141039 0.000496316 0.00221038 0.00218178 
0.00143485 0.0454374 0.00155279 0.00210869 0.000920432 0.555875 0.017225 0.00194405 0.199227 0.000114577 0.000303893 0.00164357 2.84502e-05 0.00990239 1.52587e-06 0.0181185 0.000105939 0.000158223 0.0164685 0.0213626 0.0108645 9.42004e-05 0.0451337 0.00724947 0.0173592 5.00738e-05 0.013621 0.0116943 
0.000169631 0.00489422 0.110352 5.33068e-05 1.49671e-06 0.766945 0.00119223 4.44718e-05 0.00992037 0.0040045 9.85742e-06 3.07511e-05 2.95252e-07 0.00454815 8.80862e-07 0.011978 9.1863e-07 0.00540896 0.000590346 0.0109531 0.00106131 1.85245e-10 0.0169747 0.000704175 0.00592168 2.61836e-05 0.0413576 0.00285565 
0.027572 0.00273361 1.27325e-05 0.0054233 1.2587e-10 0.371173 0.000412847 1.31532e-07 7.96941e-07 0.000674018 0.000868996 8.48066e-07 4.70294e-08 0.285218 2.82939e-08 1.94446e-06 1.00908e-07 0.00108353 1.38595e-06 0.104512 2.69631e-07 9.64264e-11 1.3689e-05 0.197493 1.34942e-07 0.000814952 9.41467e-06 0.00197937 
0.00441806 0.0177434 0.00291772 6.89365e-06 8.7535e-05 0.481735 0.00609866 0.000293278 0.00187826 0.000109425 0.00111293 0.000469608 1.04939e-06 0.16987 4.63633e-06 0.0765299 5.8496e-06 4.48415e-06 0.00764189 0.000107249 0.001128 4.38083e-06 0.101307 0.00732174 0.112862 5.50648e-06 0.000266651 0.00606797 
0.0691085 0.00260773 0.00568634 0.00282754 1.90778e-08 0.724143 0.00621853 2.80557e-11 0.0233228 3.1965e-07 3.54679e-08 0.0108619 6.39646e-08 0.0572062 2.4359e-08 0.0218859 2.20562e-05 5.39155e-11 0.00290412 0.0364271 0.000149515 2.21129e-05 0.00181308 0.00522442 0.0100694 4.46778e-07 0.00585595 0.0136425 
0.000104872 0.0262263 0.00182257 0.0205029 6.12095e-06 0.54381 0.0280822 0.00275024 0.00314406 0.00182267 0.00011244 0.00284289 0.00716111 0.0433384 7.40145e-06 0.0260934 0.000268298 0.0469776 0.000950324 0.017124 0.000314098 0.000932641 0.0386167 0.00431202 0.144031 7.15719e-05 0.0341981 0.00437639 
0.00726024 0.033484 0.00215633 0.00396396 3.1169e-05 0.683999 0.0230038 0.00263953 0.0106719 0.000773339 0.000920916 0.00324032 0.00384262 0.0590072 4.10072e-05 0.0213552 0.00255003 0.00115298 0.0117606 0.0374791 0.00354795 1.11492e-05 0.0261406 0.00397966 0.0164982 0.000367553 0.0140343 0.0260874 
0.00176 0.0288911 0.012047 0.00221654 0.00123701 0.638194 0.0062791 0.0023793 0.0504723 0.0197704 0.00176193 0.00352167 6.79262e-05 0.0143059 2.00857e-05 0.0198964 0.000338421 0.00579287 0.00598249 0.0375773 0.00404688 0.000453041 0.0271918 0.00649175 0.00488574 0.00337971 0.0939158 0.00712385 
0.000307238 0.0225869 0.00122168 0.000441684 0.000142963 0.394503 0.0132513 0.00566691 0.00192907 0.0695692 0.00193426 0.00496971 7.92799e-06 0.035665 7.17025e-09 0.0476956 0.00354188 0.0117898 0.0291625 0.09045 0.00659216 5.57691e-10 0.144454 0.00115153 0.0265603 4.54153e-05 0.0740168 0.0123431 
0.000215692 0.0366636 1.02145e-07 0.00906141 5.23087e-11 0.422808 0.0147432 0.0511563 0.000551432 0.00148605 3.68421e-08 1.15408e-06 6.36759e-05 0.0669483 6.70378e-05 0.147371 1.66833e-05 0.0104452 0.0343756 0.0463127 0.000894893 4.00724e-11 0.0447218 0.084753 0.0135864 2.73534e-07 0.000429027 0.0133271 
0.0112063 0.0583044 0.00621883 0.00153602 0.00374452 0.40216 0.0204371 0.00409797 0.017026 0.00730999 0.00180771 0.00350828 0.00083593 0.082279 4.95892e-05 0.0834276 0.00390521 0.00822956 0.0198773 0.0562979 0.0176242 0.000248457 0.0368709 0.0198991 0.0150013 0.00150876 0.0523372 0.0642509 
0.000754837 0.0113833 0.00155478 0.00331734 5.33729e-07 0.664128 0.00020337 2.48695e-10 0.00181957 8.68916e-07 2.47603e-05 0.000152386 1.12259e-06 0.0976707 2.22988e-06 0.000357001 9.03368e-06 9.57574e-07 0.00238878 0.0854135 6.84179e-05 4.66912e-10 0.035596 5.79273e-05 5.40781e-05 0.0216581 0.0730723 0.000309931 
0.00231374 0.0291751 0.0168659 5.18729e-05 4.53633e-08 0.456098 0.00575477 2.09149e-06 0.0292593 0.000104701 6.32899e-06 3.12697e-07 6.73645e-06 0.260589 3.86134e-08 0.0348695 2.12619e-07 0.00542771 0.000166768 0.122831 0.000164662 2.09058e-08 0.0269056 1.43959e-05 0.000111167 0.000432147 0.00745305 0.0013949 
0.0842336 0.0339907 0.00081366 0.00077705 5.03216e-08 0.521645 0.000161977 1.35605e-11 0.0126492 3.39112e-08 0.000718648 0.0060901 9.92276e-05 0.120333 3.76713e-05 0.0258285 1.3341e-05 4.0694e-05 0.0100063 0.0381414 0.0171013 0.0258144 0.00498213 0.00655095 0.000492214 0.0112872 0.0610108 0.0171807 
1.07819e-05 0.00556361 2.34383e-09 5.01929e-06 2.98388e-06 0.406967 6.22542e-10 1.67361e-06 0.351456 0.00916035 1.17799e-06 2.5935e-06 3.76642e-07 0.00525646 1.31165e-06 0.00645411 1.65489e-06 2.29111e-06 0.0984078 0.0096236 0.0499673 3.39668e-05 4.90254e-06 0.01893 2.05663e-06 2.33511e-06 0.0381284 1.20135e-05 
0.000362733 0.010456 0.0107266 0.00103151 0.0112433 0.379575 0.00674755 0.00192404 0.0225699 0.177811 0.000626717 0.000197857 8.64873e-05 0.0281091 5.23296e-06 0.0368932 0.0245213 0.00160084 0.0103313 0.043784 0.0238342 1.04117e-06 0.0128709 0.00831745 0.0048093 3.52226e-06 0.158086 0.0234731 
5.32881e-05 0.00667429 6.02386e-07 0.000659755 3.44568e-08 0.92777 0.000299376 0.00118329 0.00372482 0.000209223 5.36169e-10 0.000142492 1.25015e-06 0.0123751 7.11574e-10 0.0398995 5.6422e-09 1.34175e-08 0.0025218 2.47238e-07 1.0085e-06 1.96224e-08 0.00276967 0.000700707 0.000375954 0.00026996 4.99988e-07 0.000366829 
0.000534674 0.0298542 0.000394729 2.87573e-05 6.71991e-05 0.467954 0.00219918 0.00572813 0.00828856 0.0152109 0.000124954 8.37617e-07 6.42394e-05 0.00255087 2.88672e-08 0.0652404 0.000583119 0.000169156 0.00798073 0.0748318 0.00536739 1.07149e-06 0.0669116 0.00813581 9.52747e-05 7.84372e-06 0.101254 0.136421 
0.000134027 0.0042986 2.43622e-09 0.0147926 0.000460471 0.816243 0.00090668 5.7162e-06 0.0675527 0.000166892 1.54449e-05 0.00450342 1.5303e-06 0.0203822 8.28089e-06 0.0213811 7.65581e-06 9.83132e-05 0.0011069 0.00511208 0.000129532 0.0047734 0.005218 0.00248202 0.0124009 5.77081e-05 0.0119961 0.00576466 
1.0705e-08 0.0314728 5.08103e-05 0.00356682 1.1626e-05 0.334508 1.666e-06 4.2499e-05 0.00818024 5.3872e-05 0.00203492 3.80429e-05 1.43909e-05 0.228503 4.62905e-06 0.00504294 3.49138e-11 0.112712 0.000114777 0.0050614 7.75195e-05 2.61473e-11 0.253539 0.00509083 0.00334125 3.28658e-11 0.000579384 0.00595794 
4.43866e-07 0.0941446 0.000282987 0.00212084 0.0459052 0.41737 0.0242967 0.00471672 0.0133719 0.000136439 4.72078e-05 0.00101949 4.74085e-06 0.00307247 1.7787e-11 0.29889 1.68181e-05 0.0018746 0.00408169 0.0187992 0.00518068 8.13046e-07 0.0376692 0.00801694 0.0053559 0.000315836 0.0131521 0.000156327 
