0.00068239 0.0222596 0.000229349 0.00209479 0.00201596 0.413414 0.0088178 0.0129102 0.0232033 2.04119e-05 0.000123586 0.00364982 5.06809e-05 0.0363789 4.93019e-06 0.264448 3.51064e-05 0.00161749 0.00347024 0.0574592 0.00793984 8.74773e-06 0.0444874 0.0180587 0.0378697 0.000117138 0.0319013 0.00673233 
0.00428699 0.0288414 0.0140181 0.00172558 0.003199 0.358066 0.0452963 0.0112071 0.0123613 0.0288213 0.0231025 0.00498298 0.00761439 0.110573 6.15245e-05 0.0594302 0.00182448 0.00867402 0.0169538 0.0653482 0.00879367 0.00909379 0.0509205 0.0192837 0.00683039 0.00252581 0.0756361 0.0205283 
0.00286402 0.00480163 0.0186398 0.0351941 0.000261769 0.772687 0.00163407 8.73138e-09 0.0290334 0.000268371 3.25898e-05 3.95557e-05 5.89953e-06 0.00999169 7.77201e-06 0.0127274 0.000129545 0.073521 0.00179332 0.00483292 0.00073576 1.17456e-06 0.0149736 0.00013431 0.00155744 4.41735e-06 0.0126597 0.00146788 
3.79083e-05 0.119927 0.000183759 7.02533e-08 0.000237421 0.380647 0.0146504 0.00444804 0.00542683 3.37243e-05 0.00101833 0.000174563 6.15895e-07 0.00323726 1.60378e-05 0.224832 0.00237981 0.00037533 0.00284587 0.102278 0.0440605 2.29757e-06 0.00781441 0.00349309 0.00104315 5.8174e-05 0.0703488 0.0104292 
0.00555356 0.0187397 4.86019e-06 0.0041414 0.000673335 0.511596 0.0262095 0.0109928 0.00532723 0.00218491 6.10243e-05 0.0221062 7.55129e-05 0.16551 0.000214325 0.07306 0.000436227 0.00473067 0.0120726 0.0440199 0.00187403 0.000864799 0.0117313 0.0141994 0.00707981 0.00906709 0.0351699 0.0123037 
0.00498653 0.0212401 0.00121925 0.000144515 1.71631e-05 0.433286 0.00422211 0.0984518 0.0401189 0.000530307 2.94976e-06 5.07021e-05 8.63658e-05 0.165027 8.86738e-05 0.146658 5.35882e-08 0.0472235 0.00369946 0.0179143 0.00340907 9.77287e-06 0.00861448 9.00111e-05 2.69262e-05 0.000180072 0.00119027 0.00151285 
0.00394743 0.0236766 2.4825e-05 9.00815e-05 6.39336e-06 0.262953 0.00679662 0.0394312 0.0172656 0.0995646 0.00226077 8.03918e-05 3.91074e-05 0.0070356 9.18018e-09 0.0407871 0.00170003 0.000341439 0.0915229 0.0762824 0.00927393 0.00041373 0.0177647 0.0695919 0.0189092 5.33484e-05 0.0824934 0.127694 
0.0397379 0.0151957 0.00279534 0.00933687 0.00602982 0.516415 0.0148668 0.0030569 0.0267487 0.00132036 0.00112087 0.00352184 0.000207602 0.0917559 5.8181e-05 0.0257916 0.000253874 0.00202642 0.0266265 0.0627892 0.00891082 0.00375429 0.0198809 0.00510287 0.00656837 0.00114492 0.0645393 0.0404435 
0.00241711 0.0173561 0.00825634 0.00859295 8.7347e-05 0.541796 0.00770764 0.00458263 0.00439917 0.0334843 0.00196626 0.165481 0.000628227 0.0126794 0.000103148 0.0228513 0.000185545 0.00936703 0.00510779 0.0230589 0.00637135 0.00015499 0.0300499 0.00801483 0.0135265 0.00939421 0.0473112 0.0150697 
0.00677503 0.104027 0.0124735 0.00820204 0.000334385 0.452013 0.0414384 0.00145369 0.00876935 0.0824591 0.000299719 0.000161915 0.00255254 0.00112904 4.51834e-05 0.0647455 0.0195585 0.00319903 0.00856875 0.0154363 0.00305011 0.00290629 0.0289202 0.0121454 0.0130582 2.45487e-06 0.0856617 0.0206139 
0.0123193 0.0328154 0.0653827 0.00242171 0.000424278 0.481419 0.0239606 0.00424449 0.0252482 0.00126929 0.015947 0.00162369 0.00173371 0.0459678 7.5467e-06 0.0310787 0.00149365 0.000306545 0.0215507 0.0814355 0.00758421 0.00901665 0.0190961 0.0194279 0.00478194 0.00145559 0.0595234 0.0284644 
8.68685e-10 0.0235906 1.4648e-09 0.0210788 0.0114315 0.548783 0.0379884 0.00713461 0.0711913 2.89727e-07 4.46889e-05 0.00756672 7.61877e-08 0.000685696 2.29016e-05 0.0922202 9.55285e-07 0.000871632 0.00191521 0.0175197 0.0763074 1.11825e-06 0.0292005 0.0104142 0.00106983 2.40875e-06 0.0303712 0.0105872 
0.0527339 0.00925196 0.00524886 0.015371 0.000436245 0.67758 0.0104728 0.000250521 0.0023536 0.000107244 0.000122942 0.010814 0.000120245 0.0172406 3.68274e-07 0.00573332 9.54496e-05 0.000181182 0.00688989 0.01913 0.0021856 9.76346e-10 0.0163805 0.00215632 0.000833356 8.23843e-06 0.139454 0.00484729 
0.00685205 0.0259989 0.00174492 0.000584589 0.000519236 0.672046 0.032951 0.00480782 0.0180195 0.00355116 0.0060522 0.00710701 0.000369481 0.0116062 8.01056e-05 0.0354932 0.00936595 0.00544414 0.00239544 0.0230976 0.0026553 1.67626e-05 0.0188541 0.0123032 0.00933239 0.000510971 0.0780963 0.010144 
0.00123632 0.0221568 4.46565e-07 0.000606016 1.57893e-06 0.333033 0.00422859 1.80465e-06 4.27816e-06 0.000106608 9.03843e-06 1.71209e-06 0.000100425 0.196573 2.04016e-05 0.0134439 2.29371e-06 0.000383699 0.0253587 0.101174 2.17061e-06 9.65473e-09 0.00914237 2.13095e-06 0.109155 0.158321 0.0244544 0.000481508 
0.0322345 0.0231815 0.00380827 3.99673e-06 6.7095e-09 0.515486 0.0102874 0.00320912 0.00901721 5.12754e-09 8.78633e-06 0.00331594 1.57728e-05 0.0134229 9.86807e-08 0.0256009 0.00221432 0.000479181 0.000122353 0.0239121 0.000101496 4.33244e-08 0.00716765 0.00418491 0.00254357 0.00207263 0.31712 0.000489335 
0.00873318 0.00354052 0.00571237 0.0375124 0.0108726 0.630902 0.00029867 1.41601e-06 0.0771198 3.95913e-05 0.000140229 2.892e-06 8.16881e-05 0.117323 2.07758e-06 0.0180728 3.37923e-06 0.00195665 0.00949961 0.0179264 0.00723765 1.89189e-05 0.0141399 0.000801864 0.000908482 0.000430179 0.0358331 0.000888743 
0.000260632 0.06214 0.000773919 3.7305e-06 1.99276e-06 0.400508 0.00189371 4.31757e-08 0.0127059 0.000168834 0.001022 8.02458e-08 4.9451e-07 0.0618282 7.37942e-10 0.0417673 7.75559e-08 0.0038851 0.000842068 0.336848 0.00276725 1.60382e-06 0.0468137 0.000916789 0.00193431 0.000260823 0.00235775 0.0202972 
0.00383015 0.0278205 0.00420561 0.0187137 0.00117471 0.370453 0.00470766 0.00634286 0.00592733 0.00175795 0.000125252 0.00145346 4.31094e-05 0.035482 1.15787e-05 0.0525627 0.000120249 0.00664353 0.0120567 0.0934125 0.0108664 7.42966e-05 0.0444224 0.0102197 0.0136238 9.75422e-05 0.261576 0.0122753 
0.000364583 0.0154042 0.000193662 2.12967e-10 1.76664e-10 0.804165 0.000137519 1.05597e-05 0.0408502 1.3501e-10 1.07925e-10 1.99135e-10 4.69289e-05 0.0830236 2.42108e-06 0.0191413 7.30094e-07 9.17115e-07 0.00223776 1.73352e-07 0.00312555 1.35338e-10 0.000898437 0.00085948 3.0153e-11 8.59455e-07 0.0295358 1.12345e-07 
0.000291471 0.00558202 0.00214251 0.000322136 3.89449e-10 0.507959 0.00396401 0.00132565 0.13569 0.0792909 1.87602e-05 0.000268617 6.15414e-06 0.00582506 6.30354e-09 0.0137374 0.00763673 9.08322e-05 0.00104006 0.00583866 0.00352044 9.34434e-06 0.00364597 0.0114774 0.003827 1.88092e-06 0.204575 0.00191288 
0.000182766 0.00123264 7.69815e-06 5.15447e-06 3.9211e-05 0.515879 0.0031272 0.00804842 0.0151715 4.13554e-06 0.000176052 0.000963251 6.51735e-06 0.121344 2.14723e-05 0.0132015 6.0801e-07 0.00239165 3.52894e-05 0.0406904 0.0155146 1.91301e-06 0.00788853 0.0119597 0.158571 4.75247e-07 0.0276145 0.0559211 
0.0136679 0.000990817 0.00758695 0.000104664 3.62992e-08 0.634086 8.19177e-05 4.63689e-09 0.000409611 1.24884e-05 5.29617e-06 2.98875e-08 1.21566e-05 0.000263049 6.51691e-07 0.00132277 0.000258328 3.74212e-06 0.00146837 0.0151111 0.00017301 8.14629e-12 0.0162327 8.69319e-05 3.23795e-05 1.16502e-08 0.307734 0.000355182 
0.00017895 0.0526538 0.00274678 9.41994e-05 0.00106984 0.469434 0.0153997 0.00653536 0.0418892 0.0180975 0.000140589 0.00442148 0.00375168 0.0141431 6.09057e-06 0.0449294 0.00070605 0.000914927 0.00121552 0.047576 0.00563255 2.27407e-05 0.0936518 0.00611873 0.0285307 3.69661e-05 0.0610271 0.0790753 
0.000802731 0.0021313 0.00111778 3.59949e-07 6.21822e-05 0.720809 0.0160987 1.11105e-06 8.96206e-08 2.98374e-07 1.74618e-06 3.61924e-05 1.38931e-10 0.197501 6.13813e-10 0.00105466 7.74441e-10 0.000415722 0.000131192 0.00891231 0.000810543 5.79987e-10 0.043924 0.000257151 0.000126472 0.00110294 0.00355938 0.00114251 
1.15197e-09 0.000230379 3.32744e-07 0.00289482 0.0205225 0.437819 0.00647627 1.25808e-07 0.000223204 2.10361e-11 1.68159e-11 1.89299e-07 0.000695385 0.0390274 2.23171e-11 0.0228215 2.72282e-06 1.29529e-07 0.0468033 0.160697 0.00120046 2.10872e-11 1.04154e-07 1.69568e-07 0.0317507 9.80967e-08 0.204818 0.0240159 
8.64859e-05 0.0614277 0.00258312 0.000593208 0.000503666 0.695477 0.000174465 0.000185429 0.0421253 0.000308748 0.000746072 7.08815e-08 7.08592e-08 0.0936994 4.08109e-08 0.0178293 3.53154e-11 2.70718e-11 0.00050613 0.025564 0.0205526 1.33682e-09 0.00248718 0.0019073 0.00184471 0.000289193 0.0288077 0.00230149 
0.00244964 0.0195383 4.26245e-05 0.000376334 1.9339e-08 0.938581 0.000700384 0.000297223 0.00601498 5.45045e-06 8.69154e-05 8.31595e-05 1.55232e-05 0.00360489 4.65634e-07 0.000895327 1.6499e-08 2.09343e-05 0.000445598 0.00794555 0.000771306 9.88832e-10 0.0127523 0.00140608 0.000465967 5.99355e-06 0.000340918 0.00315267 
0.000801412 0.00186625 0.000773671 0.0259617 2.44006e-11 0.554547 0.00222745 2.23816e-06 0.000341275 0.000104628 2.4862e-06 0.000203799 1.32652e-05 0.00105475 1.24498e-07 0.00558841 6.85022e-09 8.3395e-06 0.00270142 0.00337148 1.58381e-05 1.86927e-11 0.35682 0.000987333 0.00337881 2.4421e-05 0.0384111 0.000792853 
0.00529431 0.0719623 0.00603228 5.99787e-05 9.99889e-05 0.377385 0.00412377 1.53397e-07 0.00291093 1.04277e-05 0.0180286 0.00424501 0.000140092 0.00967816 0.000180595 0.0627603 1.89081e-11 0.000537145 0.00868678 0.0990624 0.00306515 1.10567e-07 0.00687109 0.0325836 0.00870434 0.148925 0.080938 0.0477142 
0.0011617 0.0284419 0.000515449 0.000135256 0.00919591 0.449796 0.000865925 0.0558982 0.00683902 4.37737e-05 0.000612559 0.000577421 0.000116247 0.0114137 1.14732e-06 0.0373332 0.000168779 1.58903e-05 0.016434 0.0495615 0.0192571 1.36626e-07 0.0287359 0.173556 0.0230381 0.000918106 0.077846 0.00752039 
0.000266338 0.00188989 0.0394147 0.000153172 5.01066e-06 0.703419 0.00626232 5.39718e-07 0.00667929 1.87719e-05 2.96818e-06 1.74244e-05 3.40517e-05 0.011064 1.54792e-05 0.00457204 4.16196e-07 7.87885e-07 0.00994885 0.0481856 0.0760263 2.70065e-09 0.0470524 4.63361e-05 0.0039963 0.000250281 0.0231956 0.0174825 
0.000570869 0.0163803 5.34068e-09 0.0133981 3.92868e-06 0.363419 0.00478353 0.00112346 0.00144804 1.39428e-07 0.0108501 0.0636801 3.81013e-06 0.208907 4.98036e-08 0.0400379 0.00015212 0.000162822 0.0219513 0.0616551 0.0342217 2.07321e-05 0.00623731 0.0274883 0.00339303 7.36029e-09 9.75892e-06 0.120102 
0.0163597 0.00197261 0.00949845 0.00598839 0.00294266 0.494985 0.00953646 0.000591633 0.00692725 2.28284e-05 4.80229e-05 0.000335543 3.50078e-05 0.1874 1.48927e-07 0.0273367 3.27835e-06 0.00534125 0.00972213 0.0212145 0.0070207 1.23642e-09 0.0572133 0.00790764 0.00183251 6.41767e-05 0.122892 0.00280778 
4.62499e-05 0.000452906 0.000152402 0.000121849 7.92733e-06 0.953165 3.07441e-05 2.98359e-10 0.00369128 2.18307e-07 3.59506e-09 3.35818e-07 2.06249e-08 0.000133787 5.92824e-10 0.00556489 7.47959e-10 1.67381e-08 0.00218925 4.48136e-11 3.80301e-06 4.48814e-05 1.65271e-05 3.92664e-05 0.000205398 1.89e-08 0.0332408 0.000891901 
0.00864682 0.00556665 0.00707534 0.00387708 6.13343e-07 0.439089 0.00198239 5.34237e-06 0.00790441 0.00126881 0.000163648 0.0115922 1.29106e-05 0.054818 1.70764e-06 0.00442042 2.59302e-05 0.298198 0.00444578 0.0344299 0.00064195 7.16741e-06 0.00667021 0.00146857 0.00134942 7.3735e-05 0.0962904 0.00997374 
0.000524947 0.00210504 0.027552 0.00022699 0.0461525 0.295149 0.00958002 0.00106779 0.00804997 0.000754849 3.29708e-07 9.54309e-07 3.81267e-05 0.0809369 3.26063e-05 0.143644 0.000560755 7.01629e-05 1.1065e-06 0.258835 0.00508227 1.36353e-08 0.0208165 0.00341489 0.046207 0.000410453 0.0019181 0.046867 
0.0230007 0.000972872 1.82866e-07 0.00672367 0.00570214 0.643669 0.000292859 0.000196721 0.149985 7.82075e-05 0.000498158 0.000162417 1.2145e-05 0.00726504 6.42152e-08 0.0201191 2.05365e-07 0.00697714 0.0072554 0.0617299 0.000131507 3.19686e-06 0.00157122 0.000326646 0.00115771 1.28855e-07 0.059344 0.00282455 
0.0136679 0.000990817 0.00758695 0.000104664 3.62992e-08 0.634086 8.19177e-05 4.63689e-09 0.000409611 1.24884e-05 5.29617e-06 2.98875e-08 1.21566e-05 0.000263049 6.51691e-07 0.00132277 0.000258328 3.74212e-06 0.00146837 0.0151111 0.00017301 8.14629e-12 0.0162327 8.69319e-05 3.23795e-05 1.16502e-08 0.307734 0.000355182 
0.00740026 0.0522904 0.00652468 0.000788982 6.73458e-06 0.198584 0.105858 9.10943e-06 0.0145797 0.000849406 0.00139426 0.000288086 0.0054086 0.18788 4.25557e-05 0.0863388 0.00230112 0.00096227 0.0373963 0.138232 0.0309862 1.43717e-07 0.0438299 0.00437673 0.0155091 0.0109792 0.00742045 0.039764 
0.000625682 0.000579763 7.37526e-05 0.000118501 2.16331e-06 0.485773 0.00351364 0.00207633 7.23528e-05 1.65324e-06 0.00027709 0.00032618 2.40305e-05 0.394847 0.000638268 0.0171672 7.77936e-06 9.27283e-05 0.00618167 0.0123561 0.00124333 3.77868e-05 4.75629e-05 0.000643491 0.0103861 0.00155647 9.46568e-05 0.0612357 
0.00711269 0.0517651 0.000295907 0.00157516 0.000205049 0.307513 0.00165958 0.00102731 0.00443211 0.00511405 0.00109723 0.0661162 5.84119e-05 0.187558 1.07247e-05 0.0248847 3.55547e-05 0.0001071 0.00477653 0.123671 0.00724029 6.92668e-11 0.00401699 0.0215895 0.00315803 0.0118512 0.141217 0.0219109 
0.00862378 0.0156892 0.000327303 0.00342674 0.000216778 0.634518 0.00650008 0.00592999 0.00757562 0.000162973 0.00021643 0.00435569 0.00263611 0.148193 8.31362e-06 0.0486575 2.82091e-05 0.00125495 0.0193446 0.0152648 0.00742832 0.000606493 0.00840562 0.0178732 0.0218128 6.30341e-05 0.00757959 0.0133012 
0.00276268 0.0026446 0.00135048 0.000826863 1.53734e-06 0.585806 0.0110417 0.000940383 0.00422421 0.000386722 0.000105802 0.000132769 7.64092e-05 0.0443965 2.84237e-05 0.00884123 0.000239678 0.00621722 0.00983098 0.0250668 0.00213673 5.75273e-08 0.0338311 0.00208431 0.00162879 0.000183329 0.251659 0.00355538 
2.693e-06 0.00156751 2.17193e-06 0.000953575 1.06957e-08 0.939816 0.0170162 3.17709e-10 0.0123775 8.26065e-07 4.75663e-10 4.72821e-07 7.41993e-07 0.00169482 4.0567e-08 0.0015708 2.4372e-05 0.00184023 0.0228271 1.63283e-06 1.22774e-07 5.96484e-10 0.000253595 2.16913e-06 6.00956e-08 4.37791e-07 3.44466e-05 1.29976e-05 
0.00582483 0.026021 0.00499431 0.00348473 0.000329493 0.491932 0.0164499 0.0165403 0.0117094 0.038684 0.000628228 0.00300353 0.000967994 0.0264475 3.24503e-05 0.0636002 0.0023613 0.00489192 0.0167379 0.0307112 0.0059011 0.00104149 0.0172986 0.0179737 0.0148012 0.00053191 0.143058 0.0340413 
0.00185039 0.000359631 3.37563e-08 2.32985e-08 2.92787e-12 0.514207 3.31503e-09 1.19469e-12 0.00628293 5.81985e-09 1.12703e-08 0.0582897 5.80322e-09 0.00191067 2.37379e-12 2.68446e-13 7.78995e-09 2.31906e-08 3.21268e-08 0.000444884 2.63242e-08 2.24297e-12 1.89366e-08 4.60099e-13 1.50423e-08 5.64113e-05 0.416598 3.07262e-08 
0.0139123 0.0834407 3.12836e-05 8.4696e-05 0.061596 0.215747 0.000683062 0.076087 0.0278858 0.000334494 0.000316284 0.00016182 0.000215566 0.159531 1.5986e-06 0.147107 8.18452e-07 0.000261571 0.0644338 0.0278028 0.0706543 1.89301e-08 0.00625263 0.00142167 0.00569574 3.3153e-05 0.0199661 0.0163419 
0.000678829 0.0211026 0.0462702 0.000506909 2.86959e-05 0.566214 0.00560062 0.013353 0.0343541 0.131283 0.0130416 0.00147004 2.12105e-05 0.0144849 5.87967e-07 0.00904142 1.5441e-05 0.000600635 0.00227779 0.00950493 0.0043947 4.69021e-05 0.0089642 0.00217228 0.00384625 0.000290285 0.096011 0.0144239 
0.00168513 0.00425195 0.21345 0.027459 0.000135891 0.353828 0.00693555 0.000976248 0.00559155 3.57062e-06 0.012979 0.0549163 0.00311079 0.213181 0.000382666 0.0111148 1.31105e-05 8.97403e-05 0.00459878 0.0287904 0.0127285 9.66002e-10 0.0155224 0.0119768 0.00696835 7.2854e-05 0.00571552 0.00352189 
0.0117513 0.00404722 0.0122829 0.000614238 1.90952e-05 0.704042 0.0179017 0.000136532 0.00363594 0.00102202 0.000155369 0.00211007 0.000806566 0.00774743 2.00413e-06 0.0133427 0.00305489 8.87357e-05 0.00811294 0.0315775 0.00117275 1.50573e-07 0.0421178 0.0010232 0.00350287 0.000142251 0.116178 0.0134109 
9.64951e-09 0.00280665 1.62713e-08 1.72519e-05 2.32879e-08 0.902021 4.3218e-09 0.00367815 0.0447872 1.77971e-08 1.42267e-08 2.625e-08 1.52024e-07 0.0201797 1.88808e-08 0.0192754 2.38217e-08 1.82611e-08 2.8755e-05 2.22816e-06 0.00676696 1.78403e-08 0.000248281 6.75564e-05 3.97478e-09 2.24244e-08 0.000119463 1.2061e-06 
0.00103109 0.00525094 0.0286243 0.000139267 4.83808e-08 0.804267 0.0302889 0.00401126 0.000164731 0.00132147 3.16382e-05 0.000357551 0.00116102 0.00168559 9.03797e-06 0.0390654 0.000794261 0.00563687 0.00352453 0.0140239 0.000330417 3.44022e-07 0.0133945 0.00337857 0.0127549 0.00054898 0.0158899 0.0123138 
0.000590219 0.00767635 0.000724833 0.0751616 3.26683e-05 0.585878 0.00206675 0.00511023 0.00237079 0.000388543 2.09689e-09 1.89777e-05 3.15928e-07 0.22593 3.29272e-07 0.0176899 9.96277e-08 5.33926e-06 0.0289713 0.0233536 0.0021164 2.62951e-09 0.0010857 0.017847 0.000337883 9.77596e-06 0.000234902 0.00239851 
0.00462262 0.00785228 0.000993393 0.00138952 2.23e-08 0.627429 0.00987722 0.0416516 0.00633657 7.60321e-05 0.0158903 0.0301008 3.16074e-05 0.0260447 1.42611e-10 0.0184263 7.36152e-05 0.000126532 0.0146455 0.123267 0.00914915 8.80185e-09 0.00828709 0.0159202 0.010928 0.000161555 0.00192756 0.0247918 
0.0137219 0.00787345 0.00541936 0.00082367 3.30664e-08 0.661488 0.000541115 3.16684e-05 0.00153855 2.59061e-05 3.78848e-06 0.000185734 2.82913e-05 0.00161126 4.02139e-06 0.00466511 0.00123379 5.5901e-05 0.0149788 0.021344 0.000643637 1.18123e-07 0.0296153 0.00108207 0.00064832 5.76335e-06 0.232176 0.000253713 
0.000495499 0.0144416 0.00612542 0.00233883 7.31549e-07 0.704255 0.00133285 1.33164e-05 0.016264 1.99358e-05 8.92089e-05 0.00433012 4.77064e-06 0.0244597 1.66171e-06 0.0226812 1.81792e-06 0.000143096 0.0037255 0.0436972 0.000402172 1.94141e-08 0.018082 0.000326743 0.0110765 0.000274015 0.124588 0.000828663 
0.000518537 0.00386766 0.0159345 3.57886e-05 5.8269e-10 0.926094 0.000372083 0.00556342 0.00728586 2.1912e-05 0.000451436 2.56367e-05 1.35153e-06 0.00552789 4.3605e-09 0.000879781 1.97678e-07 8.52965e-05 0.00105928 0.00115465 3.85094e-05 0.00016957 0.0019952 0.00110899 0.000418027 0.000425308 0.0243453 0.00261954 
0.000475547 0.0174794 0.00097396 0.0211892 2.90706e-10 0.602324 0.0409848 0.000958036 0.00581359 0.000190903 0.000497066 9.73552e-08 3.81977e-05 0.00551532 0.000115231 0.00864327 0.00169696 0.216931 0.015446 0.0546157 0.000324957 2.22703e-10 0.00473885 0.000246153 1.29941e-05 5.44086e-05 0.000388107 0.000346327 
0.0137633 0.0016992 0.000104713 1.46062e-05 2.62461e-06 0.83228 0.000637954 1.76962e-08 0.00600044 3.11602e-05 7.05275e-06 2.37524e-08 1.67647e-05 0.00985685 7.72121e-07 0.0114625 2.25821e-05 3.66208e-05 0.000818166 0.00579112 0.000224347 8.49189e-08 0.022409 1.56673e-05 3.44328e-05 2.27461e-06 0.0940577 0.00071045 
0.00411059 0.0603029 0.0010014 0.00302037 0.00438184 0.55164 0.0107791 0.00993422 0.0430858 0.000700402 0.00187175 0.00179176 0.000684773 0.0514076 3.57055e-05 0.0612385 0.000180144 0.00441404 0.0115514 0.0547936 0.0117538 0.000163946 0.0244589 0.0123079 0.0112578 0.00142371 0.0415135 0.0201945 
0.0117201 0.0572825 0.000661757 0.0015857 5.60784e-05 0.177358 0.167437 0.00764033 0.00281695 0.000797537 0.000580744 0.00144477 0.0127569 0.0112883 3.55531e-05 0.0899854 0.000544659 0.000185971 0.153321 0.0164675 0.0098353 0.000345843 0.10052 0.0374156 0.0201145 0.00041901 0.011515 0.105868 
0.0688905 0.00375583 0.0341059 0.00442607 2.14225e-11 0.88231 0.000401696 8.74126e-12 0.00343491 1.63715e-11 1.30871e-11 2.41474e-11 3.93118e-12 0.000990983 2.08595e-08 2.0663e-07 7.67828e-05 1.67983e-11 9.72954e-08 9.09879e-08 1.83772e-07 1.14895e-07 2.80468e-12 1.05709e-07 0.0015128 2.06281e-11 9.42288e-05 1.96652e-08 
0.0109388 0.0718202 0.00686565 1.11844e-05 1.89158e-05 0.381378 0.00289566 0.0026629 0.0722902 3.20726e-05 0.00799673 0.00148824 3.35258e-06 0.0123941 8.11494e-08 0.00260831 0.182503 5.77667e-05 0.144029 0.0172316 0.00563036 1.12382e-06 0.00476453 0.00200576 0.000320681 3.12655e-05 0.0308571 0.0391637 
0.0156289 0.0166979 0.000948502 0.00369247 1.61733e-06 0.910012 3.9871e-05 1.12862e-07 0.00980954 0.000270781 7.07007e-05 0.00346876 3.93298e-11 0.00231749 2.79331e-06 0.00931489 0.00109451 1.6806e-10 0.00285478 0.00175919 0.0115971 2.75598e-06 0.000904472 0.000358262 0.00120797 0.00151237 0.00205591 0.004376 
0.00269799 0.0481034 0.000834222 0.0259041 0.000533332 0.312442 0.00842537 0.0030745 0.0347053 0.0040096 0.000253062 0.00163543 0.000294962 0.137499 8.70025e-06 0.050216 0.000295908 0.0681893 0.0119301 0.108907 0.00972112 3.42372e-05 0.107385 0.00359794 0.00172847 0.00011715 0.0245801 0.0328766 
0.00212983 0.0273468 0.0865511 0.000795259 4.39507e-05 0.463408 0.00443976 0.000599668 0.0097449 0.0255318 0.000910338 0.0056352 6.05724e-05 0.0174122 1.29135e-05 0.0307955 1.08142e-05 0.00122114 0.00720323 0.0354814 0.00179337 6.59075e-07 0.0241461 0.00596379 0.00441044 0.00799588 0.230598 0.00575807 
0.00244964 0.0195383 4.26245e-05 0.000376334 1.9339e-08 0.938581 0.000700384 0.000297223 0.00601498 5.45045e-06 8.69154e-05 8.31595e-05 1.55232e-05 0.00360489 4.65634e-07 0.000895327 1.6499e-08 2.09343e-05 0.000445598 0.00794555 0.000771306 9.88832e-10 0.0127523 0.00140608 0.000465967 5.99355e-06 0.000340918 0.00315267 
0.000281875 0.00217857 2.4863e-06 0.0386167 9.45155e-09 0.659192 0.0162284 2.64392e-07 0.000166302 2.11878e-05 5.77399e-09 0.000782499 1.91263e-05 0.000153849 8.49592e-08 0.0143013 0.000170354 6.31921e-06 0.00220191 0.0132525 0.000306875 7.24061e-09 0.00781105 0.00343614 0.000360696 1.22898e-05 0.236056 0.00444129 
0.0103499 0.0812002 0.00146049 0.000532883 2.15369e-11 0.699135 0.000617038 8.78793e-12 0.00230337 1.61187e-08 0.000637284 2.63264e-06 3.95217e-12 0.0935862 5.27368e-09 0.00311637 0.000149518 0.00101156 0.00160952 0.027181 0.00403149 1.64989e-11 0.0171359 0.00562198 9.56313e-05 7.43722e-08 0.0248104 0.025412 
4.62499e-05 0.000452906 0.000152402 0.000121849 7.92733e-06 0.953165 3.07441e-05 2.98359e-10 0.00369128 2.18307e-07 3.59506e-09 3.35818e-07 2.06249e-08 0.000133787 5.92824e-10 0.00556489 7.47959e-10 1.67381e-08 0.00218925 4.48136e-11 3.80301e-06 4.48814e-05 1.65271e-05 3.92664e-05 0.000205398 1.89e-08 0.0332408 0.000891901 
5.72019e-05 0.0874188 0.0362292 9.13513e-05 3.46781e-06 0.573238 0.00227573 0.0058459 0.014491 2.00306e-05 0.00162901 0.00421388 1.95335e-05 0.0637589 4.92068e-06 0.00861925 0.000139153 0.000137068 0.0451187 0.0114213 0.0370324 0.00789301 0.0189271 0.0276981 0.00186159 0.000367464 0.0354055 0.0160827 
0.00403439 0.0355267 0.0283297 0.000742064 1.70834e-10 0.400618 0.0483714 5.12097e-05 0.00720539 5.15154e-06 3.13398e-07 0.00111646 9.22287e-05 0.083268 0.000232309 0.0550703 0.00313554 0.00198857 0.00218542 0.0748615 0.000548987 8.11971e-05 0.0941174 0.000916952 0.131194 0.00215748 0.00610484 0.018044 
0.00515817 0.215061 0.000378772 0.0001697 1.57469e-07 0.352449 0.00016006 1.9565e-07 0.0110784 1.61923e-11 0.000262902 2.20296e-07 0.00024093 0.121835 8.31603e-06 0.024431 7.66793e-09 2.81557e-08 0.0015724 0.151275 0.00540855 1.62316e-11 0.0296546 0.0112008 0.0051973 0.000100575 0.0101015 0.0542557 
0.0191349 0.0579426 0.0110624 0.000244907 3.18589e-05 0.238078 0.0517132 0.00212203 0.00275571 0.000608383 0.000526923 0.00159242 0.00201585 0.0546702 5.82708e-05 0.0615915 0.00992668 0.00132174 0.0497854 0.180418 0.0203995 1.31492e-05 0.0415229 0.0516097 0.00892756 0.000138347 0.0744212 0.0573667 
0.00523215 0.00363295 0.00648531 0.000511851 0.00630507 0.626029 0.00166311 0.000660604 0.00537309 0.0217319 0.000453134 0.00681455 0.000279466 0.0166132 3.81683e-05 0.0188169 6.43324e-05 0.0109714 0.0137798 0.0649903 0.00252777 2.43617e-06 0.00412254 0.0176288 0.00570817 0.0120446 0.134177 0.0133429 
0.0985145 0.0405812 0.00490975 0.000995354 2.7587e-07 0.599311 0.00488845 2.44954e-05 0.0181715 3.74852e-05 2.0089e-05 0.00691102 5.67792e-06 0.00185595 1.95913e-06 0.0085645 0.00164157 0.000113466 0.00515699 0.00866802 0.00249205 0.000146076 0.0136209 0.00287369 0.0329093 4.11114e-05 0.123067 0.0244759 
0.00164433 2.39841e-07 0.05462 0.00505795 2.18071e-12 0.805018 0.000855772 2.47379e-08 0.00199423 6.89963e-08 0.000378859 7.99256e-05 8.84424e-09 0.0229444 5.30582e-09 3.65832e-07 5.31155e-05 3.60824e-08 0.00310319 9.45933e-05 1.01956e-05 1.67059e-12 0.0208638 5.4042e-08 0.000177717 0.000205182 0.0828979 3.68295e-08 
0.000160973 0.00127853 0.00116154 0.00224342 0.150944 0.374867 2.81997e-05 4.11241e-05 0.00108054 0.00602928 6.11817e-05 3.4235e-05 7.08348e-05 0.147464 6.22085e-06 0.127299 5.72376e-07 1.35552e-05 0.00548021 0.0343354 0.00212044 7.77991e-06 0.000535 0.0638356 0.00718354 0.0170978 0.052778 0.0038419 
0.0109349 0.032436 0.0363268 0.00509926 0.00168954 0.39999 0.0349031 0.000964562 0.041893 0.040642 0.00464504 0.00326183 0.000751178 0.0231894 9.37169e-06 0.0379877 0.000166163 0.000883987 0.0170285 0.0420264 0.0110552 0.000277138 0.0374833 0.0203218 0.0437681 7.04319e-05 0.134325 0.0178704 
4.2335e-11 0.00145641 0.0110541 2.05346e-05 1.33816e-07 0.687821 4.17137e-07 4.16896e-11 0.00388637 2.92041e-07 6.30213e-07 2.75132e-07 0.000296811 0.191532 9.30303e-05 0.000269035 2.17624e-07 1.51293e-06 1.65726e-06 0.00551979 0.0684119 3.65917e-07 0.000860943 4.00751e-07 0.00731615 1.1405e-06 0.00289052 0.0185646 
0.00925707 0.00491242 4.54756e-05 0.000105255 4.64407e-07 0.359938 0.0309188 0.00343783 0.00638828 0.00028274 0.00188233 2.87588e-06 8.04169e-05 0.328444 1.99038e-06 0.0934069 1.58867e-08 0.000140829 0.00111572 0.0146555 0.00489256 2.79932e-08 0.0676442 0.00997999 0.00102168 0.00088316 0.0516973 0.00886373 
2.51252e-10 0.00264588 1.84931e-11 0.000325319 3.02946e-05 0.894849 0.00106554 0.000247585 0.0024556 2.02273e-11 2.40064e-08 9.32725e-05 4.85705e-12 0.000337941 4.92423e-09 0.000853627 2.70746e-11 2.07547e-11 0.00859266 0.00294012 0.0729534 2.59394e-09 0.000123878 0.00540568 0.0033724 5.49655e-06 1.42085e-09 0.00370267 
0.0560212 0.0166816 0.000144437 0.000688807 2.41949e-10 0.661721 2.62654e-08 8.02177e-07 0.00108166 1.49752e-07 5.02094e-08 0.000946011 8.51974e-05 0.023785 1.96161e-10 0.0527217 1.01675e-06 0.000155636 0.000515795 0.00439547 0.0114876 1.85351e-10 0.05479 4.57967e-06 0.00955886 0.0204548 0.0822165 0.00254184 
3.22723e-08 1.0171e-08 0.000473496 9.389e-08 7.78851e-08 0.995076 7.95116e-05 0.000143043 2.24806e-08 5.95214e-08 4.75803e-08 0.000544397 5.71842e-05 0.000134943 0.000303162 7.141e-09 7.96703e-08 0.00241245 0.000199826 4.77341e-09 3.53493e-05 5.96659e-08 7.95459e-05 1.22392e-08 0.000115666 0.000345062 8.87036e-09 7.94312e-09 
0.000361188 0.107136 2.08787e-07 0.000271242 9.96545e-11 0.254319 0.00174686 0.0159909 0.00777426 0.000383826 6.02441e-07 3.54709e-07 1.82873e-11 0.0650554 8.07955e-11 0.161211 2.70517e-07 0.00526294 0.00347701 0.00895828 0.0105958 0.000573805 0.0142343 0.0526378 0.000533001 3.82788e-08 0.231329 0.0581468 
0.000509021 0.263899 0.00107418 1.31319e-07 0.000477764 0.647531 0.00641021 0.00283541 0.0199447 1.39979e-07 0.000401287 1.55773e-05 4.90087e-05 0.00113297 3.46819e-06 0.0110273 1.93296e-07 3.8072e-10 0.0162814 2.97566e-11 0.00292762 1.76987e-08 0.0143684 0.00830057 6.76148e-05 4.67518e-10 0.00198986 0.000752738 
6.12509e-05 0.00348234 0.001969 0.00107122 5.08185e-06 0.889008 0.000398099 0.00106579 0.000242034 1.34855e-08 0.0435966 5.65678e-05 1.01802e-05 0.00119031 1.05644e-09 0.00122415 1.20244e-06 7.06232e-09 0.00292457 0.00270442 0.00129855 2.00954e-11 0.00696012 9.3426e-06 0.000464735 4.59122e-06 0.0396755 0.00257655 
0.0260872 0.0124209 0.0298224 0.00137108 0.00477357 0.32428 0.00843126 0.000141365 0.00672102 1.004e-05 0.00283643 0.00041387 0.000264837 0.194198 2.00429e-07 0.0217447 1.97709e-08 0.000160543 0.0850527 0.153605 0.0312912 1.05472e-09 0.0254425 0.00663227 0.000320646 0.000254717 0.0455384 0.0181852 
0.00915962 0.0695786 0.00948155 0.00139495 0.000545192 0.19694 0.0425696 0.0047251 0.00797921 0.00250228 0.0333865 0.000260758 0.000267289 0.105013 5.27782e-05 0.0248856 0.00988929 0.00252469 0.0111484 0.191385 0.00334899 7.7156e-05 0.0317818 0.0459903 0.0842954 0.000196974 0.0455542 0.0650658 
3.31579e-06 5.75387e-05 2.3199e-10 1.28888e-05 2.52377e-06 0.378052 9.21825e-06 1.35482e-10 6.84282e-06 4.11093e-06 6.20708e-06 5.27749e-06 5.31316e-06 0.275964 1.05527e-05 0.0688456 5.43765e-07 0.0262816 8.06345e-08 0.249897 8.38735e-06 2.54361e-10 3.38546e-05 5.85429e-06 4.76093e-07 0.000726304 5.50021e-05 4.51725e-06 
0.00132952 0.010153 0.00020055 0.0126771 2.95067e-05 0.282126 0.0145362 0.0121594 0.000113924 0.000485221 0.000100143 0.000381312 2.77961e-05 0.0239131 9.66788e-08 0.217214 1.92735e-06 0.0115433 0.00480162 0.025261 3.39671e-05 0.00139881 0.252747 0.0243506 0.0380552 1.23601e-05 0.0647895 0.00155799 
3.71932e-07 0.0374162 0.000109039 1.61771e-07 5.56015e-07 0.330987 0.0123291 0.0301544 0.00580597 5.66401e-06 0.00286397 1.19735e-09 4.71387e-05 0.0218909 9.82069e-07 0.013135 2.44258e-07 0.00648255 0.00145714 0.170287 0.0283463 9.67032e-07 0.0414008 0.0071467 0.0366275 3.18223e-07 0.000210328 0.253294 
0.00912144 0.00191949 0.002723 0.000270042 0.00214077 0.659949 0.000550346 6.07789e-05 0.0066429 0.0388071 0.0153424 0.0122988 1.49606e-05 0.167217 8.12419e-08 0.00712918 3.66012e-06 0.000225403 6.4318e-05 0.00160522 0.00541351 0.000598393 0.000827205 0.00757519 0.0205806 0.00559069 0.0231209 0.0102078 
0.0581598 0.0476762 0.0147146 0.00287884 4.56417e-07 0.636744 0.00689715 0.00017359 0.014912 0.0560895 4.98684e-05 3.88073e-05 6.37007e-09 0.00093136 3.97459e-06 0.0128468 0.0028594 0.000206694 0.00535904 0.00786657 0.00205195 0.000219132 0.021854 0.00431058 0.0520345 6.2958e-06 0.00998169 0.041133 
0.0362876 0.048269 0.00591792 0.000353605 0.00202408 0.25124 0.129082 0.00298195 0.0163735 2.83712e-05 0.00029793 0.000449934 0.000204488 0.0621989 2.97533e-06 0.102499 2.05595e-05 0.00140522 0.0268924 0.142248 0.00980179 2.26347e-05 0.106581 0.0155779 0.00484026 0.000709652 0.0264295 0.00725997 
0.00707313 0.013827 0.232361 0.000242841 1.23417e-07 0.555365 0.00414752 0.00081064 0.00995176 0.000182136 9.68257e-05 0.00044113 8.72767e-05 0.0056096 5.38793e-06 0.00863873 0.000220889 0.00197113 0.000517884 0.0238373 0.000383119 1.69634e-07 0.0327782 0.00141589 0.00158664 0.00191061 0.0949729 0.00156477 
0.00221043 0.0343104 0.00387969 0.00485064 0.000732349 0.485572 0.0115313 0.0220178 0.0366916 0.00761861 0.00206529 0.0275268 0.000700241 0.0230119 5.75054e-05 0.0569045 0.000166048 0.112879 0.00751221 0.0355531 0.00907951 0.000352626 0.0183728 0.00666024 0.00444931 0.00011081 0.0751974 0.00998685 
2.55618e-11 0.0382917 0.00694089 0.0210502 6.16903e-11 0.50842 4.83016e-06 3.19941e-06 6.60625e-07 2.9706e-07 3.76868e-11 0.0502262 8.03775e-07 0.00112035 5.00158e-11 0.0293872 1.38892e-07 3.58017e-07 0.0429313 1.96987e-07 0.0163981 4.72595e-11 0.000501469 0.282648 5.87546e-07 5.94027e-11 6.4257e-05 0.00200952 
0.0551631 0.0122818 0.00266546 0.00136618 2.09267e-07 0.506476 0.0128093 0.000450378 0.0196462 3.65601e-05 8.47797e-05 2.76975e-05 0.000221786 0.133524 1.38058e-05 0.0310028 3.09298e-06 0.000193754 0.0139985 0.134665 0.0208177 0.00117133 0.00450884 0.0163141 0.0024342 0.00134692 0.00394289 0.0248335 
0.00372189 0.0301879 0.00265028 0.000321821 0.000840698 0.514135 0.00700037 0.0166904 0.0368383 0.00894406 0.00151949 0.000786658 0.00713351 0.0233921 0.000142065 0.0365395 0.00202938 0.00156506 0.0125158 0.0275194 0.0131636 0.000482304 0.0202769 0.0143921 0.003726 0.000525252 0.195016 0.0179439 
8.82661e-06 0.00933908 0.000244922 2.07575e-06 4.04232e-08 0.44636 0.000163055 0.00081912 0.00322997 0.131944 0.000407345 0.00028149 2.63548e-06 0.0122079 6.09565e-09 0.0236358 1.45332e-05 0.00020145 0.000153591 0.000557197 0.000746998 1.71827e-05 0.00617448 0.00221074 0.000270322 4.06923e-11 0.360166 0.000841675 
0.000639538 0.186658 0.00407651 0.000123253 7.68291e-11 0.283072 0.00427311 0.0056195 0.128168 0.0526182 2.34173e-05 0.000126799 2.4401e-08 0.0010132 2.00596e-07 0.0544635 0.000222206 6.09933e-08 0.00191888 0.0469881 0.0042614 1.83775e-06 0.0821049 0.0161608 0.0516133 0.000123149 0.0392344 0.0364963 
6.86652e-06 9.09854e-06 2.1525e-06 4.67918e-06 6.1602e-10 0.515395 1.14322e-10 2.51361e-10 0.106367 3.57837e-06 3.76328e-10 1.81933e-05 2.5436e-06 0.362992 1.29905e-06 3.08214e-05 2.64722e-06 4.63774e-06 0.0126447 1.668e-05 6.85965e-06 0.0022871 0.000111322 1.93707e-05 3.3982e-05 3.55965e-06 4.86206e-06 3.04198e-05 
3.0611e-05 0.106872 0.0357962 0.0101406 2.10981e-09 0.413689 0.00725471 2.8046e-06 0.24047 0.0318616 3.54944e-05 2.41148e-06 3.23798e-06 0.0129688 1.97843e-06 0.00144666 1.0732e-06 0.0253207 0.000598092 0.0823584 0.000689242 1.02791e-08 0.0150732 0.000510261 0.00934388 3.3434e-05 0.000274227 0.0052215 
0.0253049 0.0558698 0.00224854 0.000203616 1.80412e-05 0.259139 0.0289707 0.000349391 0.00296029 0.00856173 0.00393445 0.00110569 5.77231e-05 0.171212 1.69451e-05 0.0344556 0.012224 0.0510813 0.0267504 0.145197 0.00515765 7.91512e-08 0.0529186 0.00316199 0.0170237 0.0120481 0.0398318 0.0401961 
0.00244964 0.0195383 4.26245e-05 0.000376334 1.9339e-08 0.938581 0.000700384 0.000297223 0.00601498 5.45045e-06 8.69154e-05 8.31595e-05 1.55232e-05 0.00360489 4.65634e-07 0.000895327 1.6499e-08 2.09343e-05 0.000445598 0.00794555 0.000771306 9.88832e-10 0.0127523 0.00140608 0.000465967 5.99355e-06 0.000340918 0.00315267 
9.75973e-07 0.0204785 5.96581e-10 0.0248956 1.93924e-07 0.748529 0.0203974 0.0160309 0.00598483 2.24276e-06 1.85182e-05 8.38829e-07 0.000377663 6.22682e-06 2.03994e-07 0.00495854 0.000602684 0.000301699 0.0867142 0.00724833 0.0187853 6.54109e-10 0.0174383 0.012324 0.00725762 7.63054e-07 0.000895355 0.00675044 
0.161392 0.00862371 0.00109465 0.00133194 0.00100699 0.71421 0.00658198 1.11428e-05 0.00115899 5.0483e-05 6.39982e-05 2.91672e-05 0.000120021 0.00748498 2.18248e-05 0.00920313 1.61777e-05 0.000342018 0.0101298 0.0230996 0.000580328 7.48436e-07 0.0406919 0.000662803 0.000581392 2.96894e-05 0.00152384 0.00995659 
0.00218073 0.0809603 0.000366806 0.00263796 2.77976e-06 0.295745 0.0178455 0.00579362 0.0271788 6.30229e-06 0.000432592 0.039557 0.000262547 0.111769 3.85086e-09 0.0599774 4.85858e-09 0.000157589 0.0346455 0.0296808 0.0569985 0.00895531 0.00877227 0.190661 0.00814924 4.57359e-09 0.000214175 0.0170492 
0.0463764 6.72389e-06 6.71657e-06 6.71005e-06 6.71269e-06 0.322801 0.0235379 0.043017 6.72187e-06 6.71573e-06 6.71769e-06 6.71106e-06 6.72322e-06 0.299217 6.71515e-06 6.7244e-06 6.71241e-06 6.71549e-06 6.72335e-06 0.0148013 6.72293e-06 6.71572e-06 0.0531255 6.72356e-06 0.0490874 0.0188036 6.72412e-06 0.129113 
0.00285168 0.0532792 0.00529965 0.0011595 0.000713507 0.515171 0.014536 0.00128867 0.0731347 0.000105081 0.000893196 0.00530589 2.54374e-05 0.0456242 1.2147e-05 0.0482053 0.000106005 0.00141236 0.0181626 0.0858173 0.0184018 0.000375918 0.0339933 0.0150835 0.00559542 0.00140665 0.0307319 0.0213077 
0.000666008 0.0193044 4.6408e-06 0.176711 0.00292745 0.634255 0.0184514 4.8032e-08 0.000209314 1.90002e-05 6.08143e-08 3.0935e-07 1.9796e-06 0.001298 1.04959e-08 0.00842533 3.70098e-08 0.000273594 0.0053302 0.0348568 9.46136e-05 2.08599e-10 0.0920014 0.000164689 0.00185842 8.98734e-06 0.00183279 0.00130421 
0.0193689 0.00150581 0.00406203 0.00166878 0.00268094 0.466972 0.00336396 0.000941085 0.0113023 0.000579493 0.00302274 0.000341206 0.000199259 0.307197 3.12129e-07 0.023162 1.63586e-08 0.000852033 0.00353993 0.0498961 0.000350829 2.14608e-05 0.016375 0.000638983 0.0022969 0.033642 0.0335848 0.0124341 
2.64206e-05 2.64349e-05 2.64061e-05 2.63805e-05 2.63909e-05 0.560531 2.64322e-05 2.64209e-05 0.0290959 2.64028e-05 2.64105e-05 2.63844e-05 2.64323e-05 0.118982 2.64005e-05 2.64369e-05 2.63898e-05 0.0422693 0.0793247 2.64385e-05 2.64311e-05 2.64028e-05 2.64349e-05 2.64336e-05 2.64329e-05 2.63928e-05 0.169216 2.64364e-05 
0.0688905 0.00375583 0.0341059 0.00442607 2.14225e-11 0.88231 0.000401696 8.74126e-12 0.00343491 1.63715e-11 1.30871e-11 2.41474e-11 3.93118e-12 0.000990983 2.08595e-08 2.0663e-07 7.67828e-05 1.67983e-11 9.72954e-08 9.09879e-08 1.83772e-07 1.14895e-07 2.80468e-12 1.05709e-07 0.0015128 2.06281e-11 9.42288e-05 1.96652e-08 
0.00612916 0.0351863 0.000957861 0.00149002 0.000542666 0.418722 0.00972447 0.00901636 0.0126371 0.0219384 0.000441195 0.00200263 4.71826e-05 0.0383317 1.71632e-05 0.0589577 0.00290812 0.00480224 0.00228924 0.0273441 0.00632337 0.000267717 0.0142458 0.0111174 0.0533439 0.00024238 0.236433 0.0245406 
0.00111577 0.0045652 0.00286863 0.00036967 1.00795e-07 0.484078 0.0346313 5.61293e-06 0.00134914 5.92962e-05 9.75383e-05 0.000160178 0.000199166 0.0393723 1.89463e-05 0.0134516 0.000183879 0.000832945 0.00733782 0.0868381 0.00595288 2.6148e-09 0.124249 0.0029822 0.00109002 0.000255431 0.183407 0.0045284 
1.4425e-08 0.00399491 2.43238e-08 0.0002993 5.32617e-05 0.397245 0.000442686 0.000136398 0.302985 2.35634e-06 3.12324e-06 0.00243169 6.38841e-09 0.177602 2.82248e-08 0.103077 0.000455588 2.72984e-08 0.0064835 3.54074e-05 0.00248599 2.66693e-08 0.00226123 5.46003e-07 1.43161e-06 3.3522e-08 4.34486e-07 2.1923e-06 
0.0567864 0.0602716 0.0003008 0.000948755 0.000431383 0.311986 0.0339486 0.00402298 0.00334386 0.00028039 0.00193741 0.000602371 0.127431 0.0214919 2.3213e-05 0.0556502 6.66535e-06 0.00330204 0.00397672 0.00120553 0.00123752 3.63779e-05 0.0849464 0.177242 0.00978615 0.000222668 0.0328691 0.00571104 
0.183845 0.000443676 0.0226341 0.000161891 0.000529286 0.666766 0.0002299 7.41131e-09 0.0105289 0.000245047 5.90975e-05 4.77727e-08 6.89985e-05 0.00371571 9.77175e-09 0.000299957 5.69167e-09 1.08129e-08 0.00102875 0.0121996 0.00174236 1.17751e-11 0.00825202 0.00013115 2.41427e-05 1.8621e-08 0.0868071 0.000287427 
0.00306706 0.0320446 0.00118401 0.0014273 0.000211706 0.488256 0.00580404 0.00420839 0.0188302 0.000716007 0.00157563 0.0707986 0.00622386 0.029193 2.41882e-05 0.0378786 0.000122402 0.004763 0.00718509 0.0314899 0.00641698 0.000238548 0.0217882 0.0114899 0.00617363 0.000442356 0.200199 0.00824793 
0.00895463 0.0150153 0.24884 0.000684451 1.30766e-07 0.31222 0.026422 0.00560278 0.00362483 0.00371063 0.0109739 0.00245927 0.0293323 0.0571024 1.40122e-05 0.0308712 0.000280971 0.00206328 0.0261225 0.093383 0.023847 8.0901e-07 0.036668 0.0195214 0.0102108 0.00406775 0.0111738 0.0168327 
0.0002695 0.0151943 4.36845e-06 0.000216247 0.000593754 0.500823 0.0573909 0.00127754 0.0202997 0.000102414 0.00022253 0.00119422 0.00081449 0.0445878 1.14955e-05 0.131332 3.50971e-05 0.000862479 0.00386241 0.101756 0.00347577 1.45515e-05 0.0231394 0.0118559 0.00759093 0.000417058 0.0520884 0.0205679 
0.00164783 0.0175849 0.355207 0.00199178 1.78335e-05 0.365025 0.0206196 0.0018103 0.00561766 0.000503246 0.00110815 0.0016467 0.000307538 0.0158523 6.61151e-07 0.023987 4.87346e-05 0.0023691 0.00414921 0.0348335 0.00339906 1.17626e-05 0.0287035 0.00562858 0.002258 0.000610078 0.101388 0.00367257 
0.0310941 0.00024189 0.00723382 0.00997201 0.00371484 0.710892 0.0113845 0.00636728 0.000704636 1.34373e-05 0.012592 0.000599985 0.000129407 0.0126566 3.72506e-09 0.0131536 5.26587e-05 0.00263859 0.00290719 0.00592984 0.000196613 0.000691307 0.00322402 0.00875284 0.0306615 0.00314372 0.113042 0.00800889 
0.0688905 0.00375583 0.0341059 0.00442607 2.14225e-11 0.88231 0.000401696 8.74126e-12 0.00343491 1.63715e-11 1.30871e-11 2.41474e-11 3.93118e-12 0.000990983 2.08595e-08 2.0663e-07 7.67828e-05 1.67983e-11 9.72954e-08 9.09879e-08 1.83772e-07 1.14895e-07 2.80468e-12 1.05709e-07 0.0015128 2.06281e-11 9.42288e-05 1.96652e-08 
5.26963e-07 0.0218623 0.0294491 0.00525915 4.18572e-05 0.453683 1.04798e-08 4.55387e-06 0.153271 0.316394 0.000242856 7.42868e-05 4.69872e-06 0.000616508 3.18151e-08 0.00110825 0.000115125 4.70542e-06 7.87358e-05 0.00110282 0.000191222 5.36517e-10 0.00435187 0.00207608 0.000734713 2.21121e-06 0.00857925 0.000751002 
0.0183673 0.155681 0.000906909 0.024416 0.00020058 0.165029 0.0112958 0.00114247 0.0186743 7.93311e-05 0.000270684 0.000303037 0.000131494 0.110707 6.61732e-06 0.103843 0.000577309 0.0023416 0.0852669 0.0540303 0.0258745 7.81041e-05 0.147072 0.0254505 0.0179264 0.00010484 0.00644117 0.0237823 
