2.40568e-07 0.014764 1.94382e-08 2.31573e-06 6.42896e-06 0.0145257 0.00335936 0.842754 0.000345363 1.37805e-07 0.000469418 0.000422264 7.02242e-05 0.000124808 3.40873e-08 0.0355451 4.45541e-06 1.57706e-08 0.00104441 0.000358226 0.000495917 1.19347e-06 0.00613644 0.0672033 0.00161478 6.27799e-06 0.0100762 0.000669524 
0.00108887 0.0818984 1.48056e-06 1.53122e-06 1.12809e-10 0.00339802 0.0456966 0.196559 0.000205313 6.99762e-05 0.000220111 0.000473334 1.88061e-08 0.00181374 2.65485e-08 0.160795 0.000380771 0.0745787 0.0251835 0.0350684 0.00717618 0.000697085 0.0771967 0.136862 0.0356088 5.9e-06 0.0202587 0.0947614 
0.000652139 0.0708718 3.42263e-06 0.000423272 0.000194778 0.017577 0.00565313 0.573197 0.000929543 0.0819971 2.8888e-05 0.00338473 2.88495e-06 0.00121741 6.71634e-06 0.0315559 4.67185e-05 0.000103608 0.0514037 0.0212293 0.00978757 0.000284724 0.010752 0.0227668 0.0680197 8.16576e-06 0.00194348 0.0259582 
0.000426049 0.00229477 0.000108951 4.88989e-07 0.000696949 0.065439 0.000384075 0.866448 0.00205048 7.56263e-05 0.000185492 3.27485e-05 9.22457e-06 0.0144678 6.92578e-11 0.00177732 5.44018e-06 0.00192938 0.000378147 0.0217333 0.000266087 0.000830287 0.0175962 8.13432e-05 0.000812297 0.00037886 0.00119889 0.000392769 
0.00106704 0.0203662 3.61759e-06 7.97641e-06 0.00409551 0.0135017 0.00963354 0.373119 0.00283867 0.000231191 2.3402e-05 0.0025159 0.00195012 0.0169526 1.01939e-05 0.104356 6.95942e-05 0.00141961 0.0450241 0.0115262 0.00668904 0.011428 0.00740849 0.154025 0.0273215 0.00020701 0.00303955 0.181169 
0.0184592 0.0145293 0.000701855 0.000350984 3.26413e-05 0.0466199 0.0234275 0.294524 0.00409111 0.000203777 0.000890662 0.00421408 3.06083e-05 0.037428 4.24667e-07 0.110501 0.000230624 0.0112532 0.159885 0.0496548 0.0117197 0.000819404 0.059382 0.0646078 0.0210972 9.39977e-05 0.000780157 0.0644706 
0.000358395 0.0302507 0.000562821 3.2919e-08 0.0125227 0.0495881 0.00275502 0.388184 5.25935e-06 0.00051114 1.66822e-08 3.07809e-08 0.00188864 0.0234326 1.74435e-05 0.00689302 6.031e-07 1.3164e-07 0.0657133 0.00644961 0.025554 2.21605e-05 0.0193094 0.312829 0.00353722 0.0250957 0.00011018 0.0244083 
0.00351575 0.00162271 1.58412e-05 9.80745e-06 3.32693e-06 0.0994891 8.23487e-05 0.510447 0.000934592 0.00207459 2.03243e-06 0.00512204 3.14908e-06 0.00034366 5.326e-06 0.00745225 0.00039206 0.00320173 0.0161401 0.0144083 0.00437876 8.8293e-06 0.0108924 0.244553 0.0745 1.30716e-05 1.00905e-05 0.000378104 
0.000454879 0.0108458 0.000877933 0.00305986 5.14448e-06 0.16632 0.00314326 0.653554 0.00477627 5.88746e-10 0.000185408 0.000122019 1.10454e-06 0.0157602 2.78099e-07 0.0417266 2.56214e-07 6.04095e-10 0.00309535 0.0569332 0.00334662 5.90175e-10 0.00305049 0.00850378 2.92201e-07 0.000699803 0.00215774 0.0213798 
0.000345232 0.00497046 1.26714e-07 8.61645e-10 6.20056e-07 0.0027232 0.0020194 0.891317 0.00190085 8.65459e-06 1.90443e-07 8.05681e-10 1.56404e-07 0.00192902 5.79501e-10 0.00404726 0.000585354 0.00309847 0.05454 0.00633312 0.00875914 4.02589e-08 6.70276e-07 0.00845822 4.90427e-07 9.20096e-07 9.95743e-06 0.00895158 
0.00174711 4.30172e-10 2.08784e-06 3.97097e-09 3.29406e-09 1.40269e-05 2.77338e-05 0.997501 1.5033e-05 2.51739e-09 0.000672316 3.71305e-09 8.1752e-08 6.76682e-06 2.67068e-09 2.0235e-07 2.32161e-06 2.58302e-09 5.71e-10 2.01886e-10 6.63057e-06 2.5235e-09 1.5491e-06 5.17644e-10 5.6223e-10 3.17191e-09 8.69132e-07 2.47629e-06 
0.000426049 0.00229477 0.000108951 4.88989e-07 0.000696949 0.065439 0.000384075 0.866448 0.00205048 7.56263e-05 0.000185492 3.27485e-05 9.22457e-06 0.0144678 6.92578e-11 0.00177732 5.44018e-06 0.00192938 0.000378147 0.0217333 0.000266087 0.000830287 0.0175962 8.13432e-05 0.000812297 0.00037886 0.00119889 0.000392769 
0.0895021 0.00435593 8.73524e-07 3.19861e-05 3.86769e-07 0.0148154 0.074844 0.522238 2.30204e-07 0.0131048 0.0124977 0.000871103 0.00804384 0.0894631 6.91167e-07 0.0261876 0.00381843 0.000426617 0.0127108 0.00523393 0.000727107 3.64951e-09 0.00929623 2.73294e-06 0.050392 0.0095974 0.00237104 0.0494655 
0.000285422 0.0104111 2.06723e-05 2.48287e-10 0.00294542 8.07622e-05 0.000930242 0.685499 8.31419e-05 5.01308e-07 0.000200393 2.10983e-08 0.00794084 0.00148025 1.40829e-07 0.00503053 1.7079e-05 1.27514e-05 0.231764 0.000329659 0.0150137 1.57783e-10 0.000625411 0.0101708 1.36799e-05 2.86114e-05 4.62994e-07 0.0271156 
0.000102513 0.0198665 2.33337e-05 0.00394993 2.41264e-06 0.078735 0.00353086 0.545355 0.00187149 0.000314072 0.000341132 0.000122835 2.50497e-06 0.0032399 9.46701e-05 0.108531 6.96886e-06 5.77442e-05 0.0135769 0.0320604 0.0144352 0.00972078 0.00167628 0.142479 0.00889396 4.19034e-05 0.00756738 0.00339965 
9.731e-05 0.0973836 0.068272 0.000125746 1.09859e-05 0.242696 0.0115683 0.369821 0.0292297 1.68896e-05 8.39704e-06 0.00348641 7.34568e-05 0.00936225 9.39336e-06 0.0347808 2.30164e-05 3.40978e-06 0.000856307 0.0109897 0.00213414 3.43587e-06 0.0184238 0.0132664 0.0741586 9.65599e-07 6.70898e-05 0.0131308 
0.000220366 0.0161281 1.26205e-07 0.000347869 1.80628e-07 0.0127302 0.0014203 0.730568 3.79842e-05 4.70575e-05 2.02267e-06 0.000421974 4.49962e-05 0.0774793 2.66061e-05 0.0580863 5.07205e-05 0.000167506 0.0368953 0.013223 0.00501689 1.38375e-07 0.0318831 0.00968985 0.000765001 2.75865e-05 0.000649053 0.00407023 
1.20536e-07 0.0138233 2.68065e-07 3.16364e-07 6.58758e-06 0.00533524 0.00317557 0.883391 0.000374089 4.34579e-07 1.48276e-05 0.000483866 9.03239e-05 0.000209904 6.21194e-08 0.0268896 6.10609e-07 4.99444e-10 0.00090363 0.000339974 0.000572907 3.70566e-07 0.00540302 0.0430982 0.000930952 6.1331e-10 0.0146469 0.000308325 
0.000380702 0.0143911 0.000166726 0.000101732 2.46414e-06 0.031309 0.00473745 0.883185 0.000729778 0.000102125 0.000242651 0.000807964 6.93781e-06 0.000976226 8.72129e-06 0.0139137 8.56314e-07 4.3279e-05 0.00271476 0.00502343 0.00840509 0.00050779 0.00411738 0.0113687 0.00396142 1.75609e-06 0.000477936 0.012315 
9.79994e-06 0.00500703 0.0234734 0.000227862 0.00176633 0.145321 0.00116217 0.547947 0.000277436 7.33935e-06 1.08726e-06 0.0488051 1.2974e-06 0.0125097 2.15987e-06 0.00571729 0.13498 0.00056647 9.01314e-06 0.00255341 4.30794e-05 1.16524e-07 0.0494581 0.000189135 0.000111741 7.04778e-06 0.0197751 7.17232e-05 
0.0604228 0.00116014 0.0336505 0.000746534 0.000596051 0.21276 0.000100716 0.295878 0.000239684 0.0060028 0.0010761 0.000407362 1.71219e-05 0.205398 0.000281621 0.00531532 0.00105096 0.00203176 0.000839331 0.0679255 0.000112789 0.0264249 0.0412302 8.60896e-05 0.012012 0.000158481 0.0153179 0.00875728 
1.47578e-07 0.00139538 2.48851e-07 0.00292002 3.56162e-07 1.8588e-08 0.360982 0.611966 0.00287855 2.74908e-05 2.1758e-07 0.00317197 6.53582e-08 0.00458371 2.8876e-07 0.00139115 3.64325e-07 2.79282e-07 0.00167934 2.18284e-08 0.00430386 2.72847e-07 4.66295e-08 0.000811605 6.69294e-05 3.42955e-07 0.000604434 0.00321464 
9.11083e-05 0.00438644 1.61076e-07 9.03016e-10 1.59832e-07 4.46317e-05 3.34059e-05 0.498702 0.000637828 4.29633e-07 8.30289e-05 5.16658e-07 0.00031158 0.00478153 6.07325e-10 0.0436836 2.17113e-07 9.43155e-05 0.0955832 0.00195044 0.332916 6.53837e-08 0.0128988 0.00376428 2.83504e-05 2.64456e-06 2.74959e-06 3.23358e-06 
0.00260271 0.00262196 1.1083e-05 1.96383e-06 5.82171e-06 0.0124101 9.43353e-05 0.949197 0.000464885 8.23156e-10 2.43934e-06 5.79383e-07 7.71784e-08 1.49038e-06 8.7328e-10 9.87569e-11 0.000245163 8.44616e-10 1.95647e-05 2.29218e-06 5.12317e-06 8.25154e-10 0.00259093 4.99761e-06 0.029701 2.94301e-06 1.15416e-05 1.97655e-06 
0.000224457 0.0127443 1.59496e-05 8.53986e-06 2.33012e-05 0.00625862 0.0261547 0.748327 0.000420197 5.06272e-05 0.000147381 4.30139e-06 3.95679e-05 0.000403053 6.35168e-08 0.0143297 7.44706e-05 3.79527e-05 0.00813331 0.00662503 0.000168076 6.727e-06 0.127856 0.0163859 0.010307 1.31521e-08 0.0153389 0.00591519 
0.00105669 0.00831611 1.0419e-05 5.46464e-05 0.00151678 0.0551116 0.177546 0.203832 0.000263625 0.00181178 0.00616848 0.000815109 6.75486e-05 0.0128058 3.3396e-07 0.122748 0.000276602 0.000831889 0.0261311 0.144855 0.00583437 0.00299687 0.0178528 0.0630254 0.0471779 0.000372562 0.00754161 0.0909794 
0.00138176 0.00250433 0.00297815 0.00015285 4.51927e-07 0.0580671 0.0017636 0.500679 0.00295907 0.000675191 1.71337e-06 1.68199e-05 5.4307e-05 0.171648 0.10003 0.00381263 1.68441e-05 0.0113578 0.00143031 0.0339119 0.000308793 2.40777e-09 0.00185611 0.00159347 0.0857513 0.000282852 0.000150403 0.0166157 
9.90756e-05 0.018012 9.17147e-06 3.29079e-08 1.93089e-07 0.00701418 0.0372397 0.736907 0.000336303 4.22674e-05 0.000179952 8.76892e-08 3.30511e-05 2.45094e-08 8.64339e-09 0.0117849 9.52221e-05 3.52015e-05 0.00279477 0.000298506 6.64134e-05 8.86866e-06 0.139625 0.0128687 0.0126782 6.87284e-12 0.0142122 0.00565893 
0.0007938 1.15676e-07 6.81643e-08 1.01892e-07 3.57205e-11 0.00260211 0.000119915 0.844026 0.000100471 6.39486e-05 5.49654e-08 4.0264e-11 4.19367e-05 2.99611e-07 2.89606e-11 0.00949217 7.57788e-08 2.80101e-11 0.0129189 0.0574302 2.0851e-07 2.73646e-11 0.0436572 0.0265675 0.00207978 1.13248e-07 0.000105175 2.04853e-07 
0.000752074 0.0269118 1.04899e-05 0.000243433 0.000283767 0.0379841 0.0860008 0.233656 0.0140674 0.000343681 0.000323427 0.000565896 0.000295892 0.0178687 0.000312697 0.0549702 5.22194e-05 0.000529165 0.0370005 0.0956977 0.0181481 0.0150981 0.0280145 0.0490535 0.161787 0.000242434 0.0011917 0.118595 
6.81246e-07 0.0138751 5.46545e-10 9.42974e-10 7.82231e-10 0.000307452 0.00149645 0.966648 2.25782e-10 2.84179e-07 7.777e-07 8.81728e-10 3.30481e-07 0.00536549 2.65993e-07 7.17198e-11 1.09212e-05 4.57858e-07 0.000635901 0.00041662 2.25133e-07 5.99248e-10 0.000824494 0.00141309 0.00900124 8.17469e-07 1.60079e-07 1.708e-06 
0.000487 0.0198229 0.000465368 0.000336087 7.79126e-06 0.0494727 0.0118867 0.74346 0.00143313 0.000132489 0.000468057 0.00339384 1.48386e-05 0.00156905 2.59141e-05 0.036545 3.06797e-06 0.00330516 0.00755119 0.0118389 0.00807917 0.00268759 0.0111113 0.021776 0.0197539 6.70987e-05 0.00101183 0.0432945 
0.000357342 0.00812876 1.28988e-05 1.32943e-05 1.25332e-07 0.00572933 0.0138901 0.775527 0.000481787 6.13186e-05 0.000107847 5.69265e-08 4.5783e-05 0.00055217 5.61992e-09 0.0154535 6.08838e-05 1.00848e-05 0.00982302 0.0160057 0.000226511 2.54477e-06 0.112498 0.0208128 0.00856349 3.27002e-08 0.00698538 0.0046505 
1.17187e-07 0.0414235 1.06816e-06 2.13931e-06 4.37641e-10 0.0259294 0.0225278 0.579518 0.000110461 0.0453642 4.35291e-07 0.00263168 0.000105869 0.00404348 5.80885e-08 0.052154 0.000189366 0.000660862 0.00745368 0.00643035 0.00785121 4.82707e-06 0.00180254 0.0867304 0.0171023 6.83987e-08 0.000100821 0.0978618 
0.000207556 0.0316606 0.00146741 9.84596e-05 1.70677e-08 0.00979166 0.0394351 0.408103 0.000247171 0.000223064 0.000897988 0.000209053 6.05146e-05 0.00253214 7.5106e-05 0.0856567 1.39298e-05 0.00116503 0.0101688 0.020362 0.000354469 0.000111506 0.0264955 0.0212262 0.0683114 0.000661845 0.0016118 0.268852 
0.000224457 0.0127443 1.59496e-05 8.53986e-06 2.33012e-05 0.00625862 0.0261547 0.748327 0.000420197 5.06272e-05 0.000147381 4.30139e-06 3.95679e-05 0.000403053 6.35168e-08 0.0143297 7.44706e-05 3.79527e-05 0.00813331 0.00662503 0.000168076 6.727e-06 0.127856 0.0163859 0.010307 1.31521e-08 0.0153389 0.00591519 
0.0198485 0.082078 0.000118481 0.00503682 0.000154025 0.0520138 0.0100491 0.325362 0.00188057 0.000288251 9.1621e-05 0.000488492 0.0310469 0.0137683 4.61667e-07 0.0299516 0.000654332 0.000254789 0.0979808 0.0733991 0.0155835 3.88532e-06 0.0219363 0.0653367 0.0692009 6.26031e-06 4.2038e-05 0.0834248 
0.000822403 0.00765589 2.78606e-05 1.05006e-10 0.00645587 6.01878e-05 0.00329921 0.474274 2.45493e-05 5.31753e-06 2.88238e-07 9.81859e-11 0.00735665 0.0015107 5.37388e-06 0.0078972 8.1393e-06 7.87919e-05 0.200982 0.0329128 0.111324 6.67301e-11 0.000596171 0.0477368 0.000248709 4.09947e-05 1.04343e-05 0.096665 
4.06441e-05 0.0793599 0.000238911 0.00115962 1.22545e-06 0.0236738 0.00926114 0.699891 0.000498138 0.000128969 0.000252569 0.000676194 7.89873e-05 0.0653266 3.51197e-05 0.0138175 9.03898e-05 2.98555e-05 0.00194465 0.013625 0.00856193 8.82457e-06 0.0387134 0.0056185 0.0110234 3.33479e-06 4.68139e-05 0.0258931 
0.00206516 0.0279415 0.000390583 5.85974e-05 0.00377589 0.0579868 0.078945 0.229538 0.000358911 0.00245567 0.000274517 0.0042105 1.04985e-05 0.00394974 0.000350055 0.0836584 5.05809e-05 1.47156e-06 0.0217201 0.0512107 0.0145848 6.88401e-05 0.107896 0.0481565 0.127382 0.000122843 0.0838465 0.0489906 
0.00218312 0.00863582 0.0349702 0.0872953 3.6446e-05 0.190643 0.0291576 0.388666 0.0109145 0.00104786 0.000271388 0.0043705 0.00400987 0.00552028 4.82862e-06 0.0398455 0.000435021 0.00408937 0.0105973 0.0197674 0.0143029 0.000960104 0.0348174 0.0154831 0.061033 0.000140145 0.010373 0.0204293 
0.000114047 0.014448 2.83745e-07 1.08385e-06 0.00123652 0.0045793 0.00119975 0.737129 7.64671e-05 5.36727e-07 0.000344892 0.000159263 1.53245e-07 0.0136859 1.17552e-08 0.0292206 2.65353e-05 5.05312e-05 0.0266446 0.00827521 0.03447 0.00116865 0.000519103 0.0633719 0.003657 1.39614e-08 2.89334e-06 0.0596175 
0.000162698 0.1054 0.000123745 1.72822e-05 2.36395e-10 0.266626 0.000180871 0.340272 0.000508321 9.9437e-05 8.69087e-05 0.000806711 1.96884e-08 0.00345503 1.91659e-10 0.0414829 1.90154e-08 1.99047e-05 0.00484603 0.109831 0.000423039 4.72034e-05 0.0732213 0.0200582 0.0150725 1.80812e-05 0.0129385 0.00430317 
0.0100113 0.0451977 1.99071e-05 4.03587e-05 0.000150744 0.0198444 0.0720207 0.492374 0.000363794 2.37142e-05 0.000987829 0.00163022 0.000776831 0.0339598 0.00100117 0.0483337 0.000107841 0.000592749 0.0246195 0.0249511 0.00319805 0.00171415 0.00365712 0.141126 0.0214597 0.000181132 0.00169917 0.0499573 
7.40497e-09 0.0103863 1.31227e-07 2.15434e-08 3.99613e-06 0.00156053 3.31652e-09 0.793217 0.00107933 1.35672e-05 1.09174e-08 2.01441e-08 1.16172e-07 0.00958994 1.4489e-08 0.00797152 7.26732e-05 1.40134e-08 0.00711064 0.000245908 0.0162018 4.06348e-06 0.00236363 0.137393 0.00110191 1.72083e-08 2.43251e-07 0.0116837 
0.00538493 0.0241422 0.0111379 6.21925e-05 7.31296e-07 0.0311591 0.00898456 0.584657 0.000570062 0.000635848 0.000423254 0.00205038 0.000733289 0.00178978 5.35871e-05 0.0528974 1.43201e-05 0.002269 0.0245541 0.02692 0.00524579 0.00336905 0.0125821 0.0314945 0.0218457 0.000177314 0.00160741 0.145239 
0.000426049 0.00229477 0.000108951 4.88989e-07 0.000696949 0.065439 0.000384075 0.866448 0.00205048 7.56263e-05 0.000185492 3.27485e-05 9.22457e-06 0.0144678 6.92578e-11 0.00177732 5.44018e-06 0.00192938 0.000378147 0.0217333 0.000266087 0.000830287 0.0175962 8.13432e-05 0.000812297 0.00037886 0.00119889 0.000392769 
0.00175509 0.0261471 6.81129e-08 7.52123e-06 0.00172983 0.00674621 0.0178305 0.717348 0.000884886 0.000147795 0.00189781 5.02824e-07 0.000145927 0.0626399 3.03127e-06 0.0683811 2.28908e-05 8.19031e-06 0.000631313 0.00152351 0.0088206 5.04443e-07 0.0271011 0.016664 0.0254158 0.000152585 0.00406209 0.00993237 
9.90756e-05 0.018012 9.17147e-06 3.29079e-08 1.93089e-07 0.00701418 0.0372397 0.736907 0.000336303 4.22674e-05 0.000179952 8.76892e-08 3.30511e-05 2.45094e-08 8.64339e-09 0.0117849 9.52221e-05 3.52015e-05 0.00279477 0.000298506 6.64134e-05 8.86866e-06 0.139625 0.0128687 0.0126782 6.87284e-12 0.0142122 0.00565893 
0.000426049 0.00229477 0.000108951 4.88989e-07 0.000696949 0.065439 0.000384075 0.866448 0.00205048 7.56263e-05 0.000185492 3.27485e-05 9.22457e-06 0.0144678 6.92578e-11 0.00177732 5.44018e-06 0.00192938 0.000378147 0.0217333 0.000266087 0.000830287 0.0175962 8.13432e-05 0.000812297 0.00037886 0.00119889 0.000392769 
3.20713e-08 0.0084793 0.000303481 4.78703e-07 1.34603e-08 2.9313e-05 2.49798e-09 0.97473 0.00438185 1.02867e-08 8.22295e-09 1.51724e-08 2.47006e-09 0.00536842 1.0913e-08 0.00404115 1.05441e-05 1.05548e-08 0.000710342 8.24954e-10 4.81451e-06 0.000580018 4.81519e-06 0.00135549 2.29741e-09 1.29612e-08 2.78255e-07 1.37275e-09 
0.0101037 4.61426e-07 2.46878e-06 4.25948e-06 3.53339e-06 0.00885167 0.00229572 0.932109 1.01987e-06 2.70029e-06 2.15856e-06 3.98283e-06 6.48402e-07 0.0216198 2.86472e-06 3.23964e-07 3.61438e-06 2.77069e-06 6.12486e-07 0.000476635 7.28614e-07 2.70685e-06 0.003655 5.55253e-07 0.00440308 0.00953003 4.02419e-07 0.00691914 
8.41909e-06 0.0514968 3.40426e-08 0.0116387 0.0027293 0.0810099 0.182109 0.26198 0.000342307 1.4884e-05 0.000419918 0.000125236 1.08385e-05 0.00155575 0.000223492 0.0831407 1.67257e-06 1.16755e-06 0.0495296 0.0484661 0.000488437 1.83159e-07 0.0569845 0.113435 0.0525447 4.82315e-07 0.00173891 3.55529e-06 
5.92543e-06 0.0227457 1.20587e-05 2.54949e-06 2.81144e-05 0.0103877 0.0018509 0.598283 0.000922953 1.79108e-06 0.00479362 0.000786572 7.03067e-08 0.000120491 1.70181e-10 0.0470164 6.9129e-05 1.33022e-05 0.00111065 0.0159206 0.00317549 1.05818e-05 0.000882113 0.289593 0.000613218 2.45524e-05 6.03809e-05 0.00156912 
0.000760123 0.01724 0.0154538 5.51226e-07 4.57261e-07 0.0306854 0.0117191 0.580295 0.000383333 0.00325891 1.74352e-06 0.00987425 4.93061e-07 0.0414884 4.73e-07 0.067093 2.58933e-06 0.000183382 0.0148411 0.00177464 0.0985619 0.00507986 0.00212557 0.0799666 0.0181998 3.13049e-06 3.82505e-06 0.00100309 
4.37127e-05 0.0485226 8.30487e-05 1.05981e-05 2.9209e-08 0.00257253 0.00453792 0.6601 5.17681e-05 5.34097e-05 8.15794e-06 0.00618526 0.0180633 0.00168923 1.46482e-05 1.79984e-05 0.00779646 0.0360045 0.0473622 0.00134749 7.43903e-06 0.000702496 0.0060878 0.0979741 0.0558523 3.11522e-06 0.000208666 0.00469921 
0.0007938 1.15676e-07 6.81643e-08 1.01892e-07 3.57205e-11 0.00260211 0.000119915 0.844026 0.000100471 6.39486e-05 5.49654e-08 4.0264e-11 4.19367e-05 2.99611e-07 2.89606e-11 0.00949217 7.57788e-08 2.80101e-11 0.0129189 0.0574302 2.0851e-07 2.73646e-11 0.0436572 0.0265675 0.00207978 1.13248e-07 0.000105175 2.04853e-07 
0.000242739 0.000591143 1.16478e-06 9.60952e-05 2.17743e-07 0.0114451 9.04673e-06 0.606511 0.0014254 2.68368e-06 9.72627e-05 7.91873e-06 7.97541e-07 0.0505333 1.76536e-07 0.08969 5.74855e-06 0.0141492 0.00739427 0.00259049 0.0587922 2.97745e-05 0.00483592 0.093061 0.0391289 0.000191411 1.73045e-06 0.0191654 
1.47559e-05 0.0185729 8.36117e-05 1.44711e-07 0.000900852 0.0552294 0.00516509 0.790534 0.000929854 0.00298991 2.40626e-05 0.00155301 7.37749e-06 0.0128544 2.88873e-06 0.0167522 0.00154173 0.000594421 0.00285791 0.0136564 0.011653 1.04145e-08 0.0064805 0.0165427 0.0111627 4.7346e-06 4.65916e-05 0.0298451 
0.163203 0.00243641 1.55397e-05 1.08064e-08 8.96428e-09 0.0143923 0.000975825 0.488742 4.64457e-07 2.58318e-05 5.47631e-09 0.000512922 4.44007e-08 0.00314924 2.87577e-08 0.0710355 9.18827e-07 6.69496e-05 0.158657 0.0335557 0.00548192 0.000148985 0.00631599 0.0214741 0.00182693 1.71346e-05 0.00161319 0.026352 
0.000223899 0.0306998 3.36973e-06 0.00014351 0.000224575 0.0883829 0.0407192 0.642389 0.0539992 4.9417e-05 9.09013e-09 0.0023101 2.74198e-05 0.00173529 1.89733e-06 0.0545986 1.76737e-06 9.90021e-05 0.0188742 0.00634574 0.00230554 4.87598e-05 0.0172384 0.00968716 0.0134736 0.000183296 0.000326006 0.0159084 
5.42837e-07 0.342875 0.00015001 3.56525e-07 5.53315e-09 0.00229143 0.000416774 0.552529 0.000395366 2.96289e-07 6.30636e-08 2.02642e-06 1.01201e-07 0.000270933 3.1433e-07 0.000421347 4.05404e-07 7.54646e-07 1.36024e-06 0.0238524 1.35645e-07 4.23882e-09 0.0186362 0.000243821 0.0071451 1.10469e-07 8.40807e-08 0.0507666 
0.0036033 0.00725804 0.000218432 7.51976e-05 0.00605773 0.196982 0.00120577 0.371612 0.00251339 7.16157e-05 0.00369636 0.000187561 3.24847e-05 0.0190471 1.22253e-08 0.00737319 4.61791e-06 0.00175164 0.00113931 0.0639934 0.00106849 0.00127094 0.0253696 0.00591534 0.0157187 0.000144447 0.262221 0.00146785 
0.000108857 0.0443213 1.55367e-07 2.61802e-07 3.77725e-07 0.00144453 0.00685365 0.392693 1.89634e-05 4.09196e-06 7.3748e-08 3.14163e-06 0.00478831 6.06009e-05 4.28868e-06 0.0289236 4.93208e-06 1.48855e-05 0.321001 0.010713 0.00397864 0.000817667 0.0174398 0.0616562 0.00285782 0.00108162 1.88315e-06 0.101208 
8.22549e-09 0.00670301 4.82081e-07 2.39305e-08 1.98512e-08 0.000196122 3.68401e-09 0.876141 1.1822e-06 1.51707e-08 4.03122e-07 7.69237e-06 3.16661e-07 2.72945e-09 4.34052e-08 0.00463833 2.87918e-06 1.55662e-08 0.00683485 1.21664e-09 0.000140338 1.82166e-06 3.15722e-07 0.1011 0.00216419 2.4617e-07 2.26086e-09 0.00206655 
0.00751447 0.0292055 1.1993e-07 0.000332075 5.70305e-05 0.00970223 0.00174485 0.474631 0.00260713 1.31177e-07 1.0486e-07 2.83807e-05 1.76308e-05 0.0102464 6.33625e-06 0.124755 1.75582e-07 0.000175176 0.076426 0.203032 0.00223409 1.09479e-05 0.0226892 0.00629467 0.00814248 1.65283e-07 4.17219e-05 0.020105 
0.00324453 0.0580931 0.000159282 3.43472e-05 1.29413e-07 0.100624 0.0112579 0.307625 0.00183463 0.0001186 1.53093e-05 0.000557357 0.000118549 0.0769826 0.000573846 0.0739403 8.2507e-05 0.000290894 0.0298977 0.0240698 0.00081143 8.74715e-07 0.0659478 0.187292 0.0322688 0.000269142 0.00222857 0.0216609 
3.31156e-05 0.0236276 1.13168e-07 1.79584e-09 0.00390944 0.0989615 8.03554e-05 0.505945 0.0116439 0.000256581 0.000700333 0.00103851 0.110406 0.00886744 0.000424108 0.0414747 0.000113551 1.81461e-07 0.0098961 0.00332178 0.0406655 0.000838414 0.00176853 0.00791327 0.00644163 0.000690147 2.26682e-05 0.120959 
0.000264843 0.0112137 1.50735e-05 1.05086e-05 1.48759e-05 0.00612301 0.0219452 0.756973 0.000449527 5.44672e-05 0.000134965 2.75899e-06 4.18979e-05 0.000467311 4.25651e-08 0.0148467 7.06356e-05 2.80023e-05 0.00869146 0.00928302 0.00019344 5.25246e-06 0.123523 0.017891 0.0097909 1.8796e-08 0.0124264 0.00553985 
1.10862e-06 0.00123841 1.86939e-06 1.08279e-05 0.00170825 0.00043555 0.00119469 0.797962 0.0739548 2.04469e-06 1.63449e-06 5.51053e-05 1.4234e-05 0.0221295 1.86543e-05 0.0234498 2.73685e-06 0.000174221 0.0514293 2.52877e-06 5.41963e-05 0.00102388 0.021421 0.00100067 0.000937879 2.57631e-06 0.000339003 0.00143349 
0.00419148 0.0121835 6.73202e-05 5.11959e-05 0.000602033 0.0499938 0.00402683 0.379735 0.00247846 0.000530496 0.000456541 1.2199e-05 0.000197533 0.0926894 3.17738e-07 0.0114743 2.34007e-05 0.00556385 0.000347555 0.0615204 0.00330088 0.000244854 0.0326811 0.0152185 0.319101 0.000242385 0.00115532 0.00191059 
0.00121144 0.0244208 0.0435268 2.64135e-05 2.53569e-07 0.0635821 0.0183264 0.330933 0.00141205 2.10668e-06 3.76365e-07 5.17796e-05 0.000496659 0.0108852 0.135276 0.0818246 1.8567e-05 0.00137278 0.0418185 0.000382965 0.00476316 4.64659e-05 0.0474582 0.00145213 0.174896 0.00126077 0.000273033 0.0142815 
0.000426049 0.00229477 0.000108951 4.88989e-07 0.000696949 0.065439 0.000384075 0.866448 0.00205048 7.56263e-05 0.000185492 3.27485e-05 9.22457e-06 0.0144678 6.92578e-11 0.00177732 5.44018e-06 0.00192938 0.000378147 0.0217333 0.000266087 0.000830287 0.0175962 8.13432e-05 0.000812297 0.00037886 0.00119889 0.000392769 
6.3136e-05 0.00195611 4.15342e-08 1.51565e-05 0.00176017 0.0315119 0.00698669 0.640552 0.0277166 1.70311e-05 0.000304691 0.00167159 8.26837e-06 0.00420743 4.81953e-08 0.0265725 6.08074e-08 1.69831e-05 0.0210451 0.00688806 0.015422 0.00126152 0.0171441 0.177106 0.0088685 0.00805118 4.78647e-06 0.000849001 
0.000249465 0.0188719 0.000142999 0.0331088 0.000342059 0.0507266 0.00243611 0.593882 0.0570259 6.85291e-05 6.72944e-07 0.000790987 9.96632e-06 0.0132286 2.45774e-05 0.0434178 0.000181111 0.000504881 0.140187 0.0178612 0.00812155 0.000232627 0.00411645 0.0137144 0.000197622 0.000170326 0.000270442 0.000114953 
1.26064e-05 0.0432056 1.96794e-07 2.03005e-05 7.48279e-05 0.0269575 0.0120756 0.404317 0.00229575 2.15248e-07 1.72065e-07 3.17483e-07 2.6613e-05 0.0339675 2.28355e-07 0.119234 0.00962567 0.00504946 0.0660911 0.0251338 0.0103888 0.023614 0.00113931 0.0809413 2.62111e-06 2.71213e-07 2.13874e-05 0.135803 
0.000626836 0.0170948 0.0867203 5.92272e-05 0.0293413 0.0910659 0.045213 0.482359 0.013971 0.000919543 0.0213585 0.00168818 0.000277097 0.0176827 2.77547e-06 0.0596431 6.51891e-06 6.58523e-05 0.0104185 0.0192827 0.0534291 0.000145644 0.0136949 0.0330902 0.000658564 6.14027e-06 0.000317714 0.000861405 
0.0212465 1.51735e-05 1.5157e-05 1.51423e-05 1.51482e-05 0.116868 1.51719e-05 0.608152 1.51689e-05 1.51551e-05 0.00153111 1.51445e-05 1.5172e-05 1.51733e-05 1.51538e-05 1.51747e-05 1.51476e-05 1.51545e-05 0.00608409 1.51756e-05 1.51713e-05 1.51551e-05 0.0622267 1.51728e-05 0.107739 0.0227391 1.5174e-05 0.0531254 
0.000454879 0.0108458 0.000877933 0.00305986 5.14448e-06 0.16632 0.00314326 0.653554 0.00477627 5.88746e-10 0.000185408 0.000122019 1.10454e-06 0.0157602 2.78099e-07 0.0417266 2.56214e-07 6.04095e-10 0.00309535 0.0569332 0.00334662 5.90175e-10 0.00305049 0.00850378 2.92201e-07 0.000699803 0.00215774 0.0213798 
0.000357342 0.00812876 1.28988e-05 1.32943e-05 1.25332e-07 0.00572933 0.0138901 0.775527 0.000481787 6.13186e-05 0.000107847 5.69265e-08 4.5783e-05 0.00055217 5.61992e-09 0.0154535 6.08838e-05 1.00848e-05 0.00982302 0.0160057 0.000226511 2.54477e-06 0.112498 0.0208128 0.00856349 3.27002e-08 0.00698538 0.0046505 
0.000205988 0.0134635 1.59963e-05 7.55028e-06 2.53182e-05 0.0063331 0.0280058 0.744948 0.000407052 4.90039e-05 0.000152837 4.67127e-06 3.85291e-05 0.000366081 6.86293e-08 0.0140583 7.65541e-05 4.12494e-05 0.00774369 0.00548125 0.000155623 7.31053e-06 0.129774 0.0157406 0.0105717 1.07342e-08 0.0162919 0.00603386 
0.000240032 0.0122009 1.64993e-05 1.30128e-05 2.587e-05 0.0062561 0.0248245 0.743724 0.000444422 5.29965e-05 0.000144551 4.77017e-06 4.22102e-05 0.000460573 6.96719e-08 0.0152368 7.1863e-05 3.81453e-05 0.00855283 0.00968122 0.000202806 6.43345e-06 0.12882 0.0175444 0.0101384 1.02527e-06 0.0153775 0.00587746 
0.000426049 0.00229477 0.000108951 4.88989e-07 0.000696949 0.065439 0.000384075 0.866448 0.00205048 7.56263e-05 0.000185492 3.27485e-05 9.22457e-06 0.0144678 6.92578e-11 0.00177732 5.44018e-06 0.00192938 0.000378147 0.0217333 0.000266087 0.000830287 0.0175962 8.13432e-05 0.000812297 0.00037886 0.00119889 0.000392769 
9.79994e-06 0.00500703 0.0234734 0.000227862 0.00176633 0.145321 0.00116217 0.547947 0.000277436 7.33935e-06 1.08726e-06 0.0488051 1.2974e-06 0.0125097 2.15987e-06 0.00571729 0.13498 0.00056647 9.01314e-06 0.00255341 4.30794e-05 1.16524e-07 0.0494581 0.000189135 0.000111741 7.04778e-06 0.0197751 7.17232e-05 
1.62818e-05 0.00693735 9.80327e-08 6.60857e-10 9.73043e-08 0.000217991 1.06978e-07 0.913451 0.000124684 4.18949e-10 1.03219e-07 6.17934e-10 5.78792e-05 0.000680989 4.4446e-10 0.00328119 5.60769e-10 2.0358e-07 0.0728133 1.18668e-08 0.00173552 4.19966e-10 6.52027e-05 0.000530167 9.35674e-11 2.4993e-08 1.89902e-09 8.78518e-05 
0.00282507 0.0746064 6.78842e-06 8.41332e-06 0.00187918 0.0530944 0.00242502 0.263878 0.00644935 6.65691e-06 0.00191697 0.01628 6.45041e-05 0.0104082 4.00013e-05 0.124779 2.04839e-05 0.000127789 0.0709599 0.042666 0.013224 0.00166134 0.0410605 0.0702762 0.0713273 0.000190882 0.0447092 0.0851076 
0.000379759 0.0400903 1.96898e-06 7.03983e-06 0.000124646 0.0141061 0.00037088 0.639976 0.000839446 0.000455262 1.11726e-06 7.49743e-09 1.53586e-05 0.0392062 8.18681e-05 0.016461 0.00038148 8.32042e-07 0.0477691 0.0248006 0.00103524 5.09548e-09 7.81026e-05 0.120292 0.0339155 3.6918e-05 1.47877e-05 0.0195589 
2.4236e-10 0.0365147 4.08674e-10 1.64424e-06 1.27739e-06 0.0149338 0.0536027 0.392794 0.00312243 4.46996e-10 1.1529e-08 1.48217e-06 9.54165e-08 0.00562103 2.67349e-07 0.039648 5.98311e-10 4.05349e-07 0.0337252 9.54011e-05 4.1067e-07 4.48082e-10 0.0198045 0.369897 0.0302221 1.02164e-06 1.18154e-05 4.19688e-07 
0.000426049 0.00229477 0.000108951 4.88989e-07 0.000696949 0.065439 0.000384075 0.866448 0.00205048 7.56263e-05 0.000185492 3.27485e-05 9.22457e-06 0.0144678 6.92578e-11 0.00177732 5.44018e-06 0.00192938 0.000378147 0.0217333 0.000266087 0.000830287 0.0175962 8.13432e-05 0.000812297 0.00037886 0.00119889 0.000392769 
0.00212408 0.0333761 0.00131036 0.000190229 5.81391e-08 0.0327902 0.0243968 0.473575 0.000687103 0.000196893 0.000849879 0.000848973 9.25013e-05 0.0035758 3.81264e-05 0.0534985 2.06231e-05 0.00418402 0.00978021 0.0175988 0.00710254 0.00247551 0.0363484 0.0711142 0.0691372 0.000340747 0.00886495 0.145482 
0.000583132 0.0153651 0.0071213 5.36968e-06 0.0532947 0.0676671 0.000976463 0.249924 9.40764e-05 8.40019e-05 7.89255e-07 0.000193559 2.39438e-06 0.0348967 0.0206117 0.0408539 0.022093 0.00020193 0.0376285 0.0119049 0.0211352 0.00090138 0.0868326 0.0004213 0.160595 0.00236112 0.000107298 0.164143 
0.000328064 0.00476947 6.23018e-07 5.08747e-08 6.30303e-07 0.00112796 0.000921995 0.458391 0.00243755 0.000108965 7.3157e-05 1.22664e-05 0.00376363 0.00623034 0.00364357 0.0379289 4.27974e-06 4.7172e-05 0.248768 0.00296333 0.198871 4.7001e-07 0.00424401 0.0139064 0.0015561 0.000134617 3.25133e-06 0.00976324 
1.65818e-07 0.014849 2.46043e-07 4.506e-07 2.51536e-06 0.261653 1.47329e-05 0.611381 0.0026514 4.70067e-07 4.3565e-07 0.000197696 8.53925e-05 0.000520469 1.02757e-06 0.0549796 6.48475e-07 2.75202e-06 3.91976e-05 6.7105e-05 0.000666872 7.26096e-08 2.15604e-05 0.0458937 0.000300455 0.000123629 0.00654467 1.37337e-06 
0.0704352 0.0255591 1.09499e-07 0.000362154 2.29708e-05 0.110811 0.00102462 0.328907 8.79469e-05 0.0355626 0.00653526 0.0138185 0.000154883 0.1283 1.2706e-07 0.0219539 4.86682e-06 0.000832936 0.0991434 0.00226779 0.00292976 1.32261e-05 0.000738948 0.00239813 0.0323156 0.00604561 0.0160365 0.0937384 
0.00321636 0.0521601 0.000909525 7.0382e-05 6.59442e-06 0.0416544 0.102679 0.155603 0.00071584 0.00224383 0.00255071 0.00637773 0.00139913 0.0217826 4.62005e-06 0.110338 0.00115712 0.0116884 0.133714 0.0483567 0.00149587 5.73175e-07 0.144608 0.0634604 0.0322961 0.000134413 0.00313496 0.0582423 
0.000426049 0.00229477 0.000108951 4.88989e-07 0.000696949 0.065439 0.000384075 0.866448 0.00205048 7.56263e-05 0.000185492 3.27485e-05 9.22457e-06 0.0144678 6.92578e-11 0.00177732 5.44018e-06 0.00192938 0.000378147 0.0217333 0.000266087 0.000830287 0.0175962 8.13432e-05 0.000812297 0.00037886 0.00119889 0.000392769 
0.00184217 1.80613e-05 9.8373e-07 7.25412e-05 0.0305787 0.0319476 0.00145523 0.714076 0.000321868 3.13489e-06 0.00100073 1.58703e-06 3.3336e-05 0.168817 1.1415e-06 0.00664155 3.80239e-06 4.4238e-06 0.000322897 0.000494003 2.90329e-07 1.07859e-06 0.00308206 2.2125e-07 0.00425365 0.00303124 0.0306521 0.00134214 
0.0460087 0.0111612 0.000273308 0.000443542 0.00859828 0.142971 0.00261173 0.374085 0.0290809 0.000180294 0.00854267 0.00245855 2.68645e-05 0.246903 1.31938e-08 0.00287426 4.3595e-06 0.000667169 0.0161664 0.0321794 0.00405328 0.000641715 0.030196 0.000329261 0.00168826 0.000629303 0.0299814 0.00724428 
1.77669e-05 0.0704257 4.81414e-07 8.20025e-06 4.39404e-05 0.0183562 0.0489566 0.538577 5.77937e-05 7.2383e-05 7.7505e-06 0.0657507 1.83764e-05 0.00150783 2.4935e-06 0.185026 7.58497e-05 0.000246489 0.000856485 0.00592478 0.000104072 1.50457e-06 0.0523046 0.00254742 0.00361039 6.63464e-07 0.00316802 0.00233036 
0.0113006 0.145278 0.00234058 5.65747e-05 0.00847714 0.0524148 0.015205 0.204663 0.0152797 0.001451 0.00310408 0.0102929 0.00214564 0.0701093 5.06169e-05 0.121008 0.00422948 0.00228454 0.0343889 0.0399938 0.0358376 0.00257572 0.0379083 0.0507734 0.0460146 0.00101583 0.0105234 0.0712763 
8.9243e-05 0.0139211 0.000229628 0.000131665 4.14346e-08 0.105016 0.0355421 0.331078 0.0188158 0.000655272 0.00119987 2.43276e-06 4.21611e-06 0.0860203 1.36596e-06 0.0199534 9.83448e-05 0.0434218 0.0599649 0.0182379 0.000611109 8.90964e-07 0.111258 0.116272 0.0249282 2.46869e-08 0.00313968 0.00940761 
7.89425e-07 0.00416758 5.92625e-09 1.02248e-08 8.48181e-09 9.27965e-05 0.005062 0.967906 2.44817e-09 3.33787e-07 9.0224e-07 9.56067e-09 3.93839e-07 0.00161265 3.21995e-07 7.77665e-10 3.71128e-06 5.34396e-07 0.0145549 0.000125674 0.00038771 6.49771e-09 0.00185826 0.000426271 0.00270607 9.50809e-07 1.85624e-07 0.00109218 
0.000175015 0.175941 0.000672414 7.48461e-07 6.20875e-07 0.00919067 1.15223e-07 0.378064 0.0191618 4.74486e-07 0.00463674 0.00618095 1.13935e-07 0.0282306 5.03378e-07 0.300157 6.35106e-07 4.86856e-07 0.0197534 0.00343668 0.0211256 4.75638e-07 8.12863e-08 0.0264731 1.05971e-07 5.97852e-07 7.07116e-08 0.00679593 
0.00098804 0.0545292 0.000653384 2.60058e-05 2.0002e-08 0.0617981 0.0344943 0.252747 0.00491119 0.000158457 0.000372579 0.000213021 0.000362081 0.136426 2.11895e-10 0.0539482 1.50493e-08 0.00110191 0.0265176 0.0679658 0.0514528 9.75655e-07 0.091064 0.0347082 0.00165805 7.89898e-05 0.000125392 0.123699 
6.45038e-08 5.21129e-12 1.50592e-07 4.81061e-11 3.99057e-11 3.9179e-05 7.85553e-05 0.999843 3.87452e-05 3.04968e-11 1.22136e-08 4.49816e-11 5.86571e-09 5.48687e-12 3.23538e-11 2.9307e-09 1.67405e-07 3.12918e-11 6.91735e-12 2.44573e-12 8.22888e-12 3.05708e-11 1.1181e-07 6.27097e-12 6.8111e-12 3.8426e-11 6.27238e-08 4.06979e-12 
0.000154653 0.0355695 0.00669275 5.52229e-05 0.0126956 0.0584678 0.00379489 0.354633 0.026598 0.000452963 0.000123951 0.00419096 2.1341e-05 0.338169 2.52061e-05 0.02824 0.00223542 0.000755926 0.00902913 0.0171715 0.0166047 0.00780301 0.0136568 0.0111669 0.0350717 0.000452557 0.0016965 0.0144712 
1.20472e-09 0.250198 1.52893e-06 5.61905e-07 6.5653e-11 0.300572 1.2184e-11 0.401199 0.00403587 5.21724e-08 4.01076e-11 6.45464e-06 1.20478e-11 9.027e-12 5.32286e-11 0.0202808 4.86971e-06 5.14814e-11 0.000761561 0.00924367 1.35382e-11 5.02952e-11 0.00140504 0.000163287 0.0121267 6.32185e-11 8.41569e-08 9.53574e-08 
0.000426049 0.00229477 0.000108951 4.88989e-07 0.000696949 0.065439 0.000384075 0.866448 0.00205048 7.56263e-05 0.000185492 3.27485e-05 9.22457e-06 0.0144678 6.92578e-11 0.00177732 5.44018e-06 0.00192938 0.000378147 0.0217333 0.000266087 0.000830287 0.0175962 8.13432e-05 0.000812297 0.00037886 0.00119889 0.000392769 
0.00106604 0.00114533 4.87669e-05 1.0938e-10 0.000160499 0.00514137 0.00767076 0.674348 0.000430354 2.09667e-05 1.37139e-07 5.13789e-08 3.61165e-06 8.14042e-05 7.35636e-11 0.0020895 0.00340447 0.00279894 0.0749215 0.0763554 0.0147704 6.95096e-11 0.0122877 0.00575135 0.003227 1.07208e-05 0.000802046 0.113464 
0.000426049 0.00229477 0.000108951 4.88989e-07 0.000696949 0.065439 0.000384075 0.866448 0.00205048 7.56263e-05 0.000185492 3.27485e-05 9.22457e-06 0.0144678 6.92578e-11 0.00177732 5.44018e-06 0.00192938 0.000378147 0.0217333 0.000266087 0.000830287 0.0175962 8.13432e-05 0.000812297 0.00037886 0.00119889 0.000392769 
0.00032043 0.00111839 0.00014577 5.17224e-06 0.000393124 0.00019143 0.000493778 0.818323 0.000298028 3.27894e-06 0.000504096 0.0192461 0.000132395 0.0830677 3.4786e-06 0.00600954 0.000994334 0.000342145 0.000957843 0.000240689 0.0662302 3.2869e-06 8.42753e-05 7.39979e-05 7.32312e-07 4.13146e-06 0.000177626 0.000634921 
5.93101e-07 0.00993904 1.0001e-06 1.72551e-06 1.43138e-06 0.0907994 2.65637e-07 0.650722 1.83456e-05 1.09389e-06 6.83419e-06 0.0109225 2.62667e-07 1.96808e-07 4.57547e-06 0.0674126 1.58329e-05 1.12241e-06 0.122658 0.000437166 0.000520563 1.09654e-06 0.025473 0.0152243 3.15305e-05 4.83919e-06 0.00462666 0.00117422 
0.000160996 0.0374462 0.000498427 7.47163e-05 1.09133e-05 0.00869066 0.00976903 0.568117 0.00029419 7.53177e-05 0.000140537 0.000212813 0.000787386 0.00284835 7.89128e-05 0.0436777 1.18986e-05 0.000663933 0.0187248 0.0266552 0.00467049 0.00279397 0.0178114 0.0277875 0.0292971 0.000372253 0.00485067 0.193478 
0.011391 0.00324761 1.15184e-06 0.000212437 0.000236266 0.0350892 8.44036e-07 0.588857 8.19398e-06 6.22143e-07 0.000611768 0.0249846 9.29072e-08 0.0628443 1.90851e-09 4.83976e-07 2.40794e-09 1.81299e-05 0.0888218 0.0494567 2.84673e-06 1.80333e-09 0.0209671 0.0378564 0.0188486 1.63679e-06 0.000627279 0.0559136 
0.000426049 0.00229477 0.000108951 4.88989e-07 0.000696949 0.065439 0.000384075 0.866448 0.00205048 7.56263e-05 0.000185492 3.27485e-05 9.22457e-06 0.0144678 6.92578e-11 0.00177732 5.44018e-06 0.00192938 0.000378147 0.0217333 0.000266087 0.000830287 0.0175962 8.13432e-05 0.000812297 0.00037886 0.00119889 0.000392769 
4.41957e-05 0.00642859 7.41297e-06 2.11381e-07 2.01113e-08 0.00606024 0.00490111 0.796888 5.58426e-07 8.06271e-07 9.43886e-07 2.26694e-08 3.69056e-09 0.00756675 0.000156234 0.0215252 1.39679e-06 1.57701e-08 0.0555304 0.00386232 7.87789e-05 7.05931e-07 0.00148193 0.02984 0.0647489 6.1372e-07 4.44289e-07 0.000874052 
0.0064851 0.0270115 1.1881e-06 2.97145e-05 0.00129362 0.0427797 0.00520818 0.637249 0.0128546 0.00919925 0.00849242 0.00019619 0.0683409 0.0102873 1.48433e-05 0.0170868 0.00146585 1.13379e-05 0.0336648 0.0456236 0.0386198 2.44463e-05 0.00650861 0.0073301 0.000193378 4.63519e-05 0.00881774 0.0111633 
2.15738e-08 0.0322265 0.000211672 4.90618e-09 3.29766e-07 0.0909278 0.0142488 0.650539 0.000438831 0.00667724 3.60638e-07 0.00401276 1.19515e-05 0.0129928 1.87301e-06 0.0197223 0.00415662 0.00153404 0.00697688 0.0156257 0.019248 1.04011e-10 0.00880984 0.0460431 0.00566891 1.30737e-10 0.000116022 0.0598087 
6.14851e-06 0.0200685 1.0896e-05 0.00235787 0.0010296 0.223309 0.00392132 0.39957 0.00305392 1.15253e-05 0.00147636 0.0102401 3.34717e-06 0.00117458 1.71153e-06 0.100152 0.0201354 1.26431e-08 0.0158388 0.0532592 0.00133814 1.62036e-07 0.0023218 0.0712075 0.0134508 3.5644e-06 0.0199087 0.0361489 
0.000125662 0.0682606 0.000162359 0.00145664 3.86721e-06 0.0671006 0.0215885 0.516548 0.00114136 0.000193425 3.34978e-05 0.00621366 7.59043e-05 0.00320404 1.48514e-05 0.0414087 5.48692e-05 0.00045581 0.0100889 0.0312031 0.00226231 0.000227545 0.00322064 0.0549514 0.00527906 0.000260985 0.00323789 0.161226 
9.90756e-05 0.018012 9.17147e-06 3.29079e-08 1.93089e-07 0.00701418 0.0372397 0.736907 0.000336303 4.22674e-05 0.000179952 8.76892e-08 3.30511e-05 2.45094e-08 8.64339e-09 0.0117849 9.52221e-05 3.52015e-05 0.00279477 0.000298506 6.64134e-05 8.86866e-06 0.139625 0.0128687 0.0126782 6.87284e-12 0.0142122 0.00565893 
0.0141566 0.00856981 6.56354e-05 0.00068141 0.000172084 0.0404564 0.0165386 0.362717 0.00230909 4.46726e-05 0.000207718 0.00123948 0.000284197 0.00107539 1.68012e-10 0.00677474 1.80172e-05 0.0183446 0.0209461 0.0170261 0.00209431 0.00177436 0.0105727 0.355707 0.0952626 0.000401444 0.000310846 0.0222498 
0.000156369 0.0566592 0.000873216 1.44285e-06 8.19561e-10 0.0451815 0.0213683 0.244682 6.23321e-05 0.0131351 5.00672e-10 2.14814e-05 7.87002e-05 0.0218294 5.58079e-07 0.0631553 0.000114401 0.0414467 0.015801 0.0221952 0.00182995 0.000458041 0.0330169 0.114662 0.242163 1.96278e-06 0.00318969 0.0579156 
0.000106379 0.00138129 7.68347e-08 9.47624e-10 3.75123e-07 0.000820072 0.000737657 0.958947 0.000528531 2.47656e-06 1.02487e-07 8.86075e-10 9.45974e-08 0.000536212 1.71466e-08 0.00112473 0.000163345 0.000865855 0.0240789 0.00214722 0.00243433 2.19216e-08 3.59897e-07 0.00328834 2.63359e-07 5.56457e-07 2.7928e-06 0.00283307 
0.000634796 0.0188406 1.27331e-07 2.29821e-08 0.000324082 0.00600997 0.00239995 0.396734 0.00160328 0.000340162 1.16538e-07 3.23526e-07 0.00744102 0.029667 0.00808444 0.023062 2.88844e-05 6.29407e-05 0.240036 0.0353347 0.0706719 4.10608e-08 0.0019651 0.0172314 0.0360438 0.000201358 4.18037e-05 0.103241 
0.000187679 0.0507782 1.14773e-05 0.000424039 0.000222834 0.0171377 0.0035689 0.569055 7.17401e-05 4.11601e-05 5.9664e-05 0.0115519 1.98053e-05 0.0192173 1.25646e-05 0.0384074 1.77275e-05 0.000123785 0.0367048 0.0200465 0.00295772 0.000374669 0.0103674 0.073014 0.0261031 0.000174797 0.00965769 0.109691 
0.00208121 0.0234096 0.000146281 9.01618e-05 0.000511841 0.0176119 0.0450307 0.679473 0.00893659 9.51747e-05 0.000241335 3.86914e-05 2.04505e-05 0.00838904 1.69548e-06 0.0181632 4.39568e-05 4.39739e-05 0.0130903 0.0105553 0.00229569 0.00143051 0.00749432 0.115154 0.0165287 0.000342142 0.0163336 0.0124471 
0.000402103 0.00384352 3.15102e-05 1.73236e-05 0.0108359 0.00182846 0.00820861 0.712995 0.00600529 0.0180148 0.00227686 0.000183661 0.00186065 0.0536789 6.83471e-05 0.0513529 0.000120403 0.00347149 0.00343548 0.00455268 0.0740071 0.0001882 0.00154656 0.000655753 0.00326373 0.0287298 0.000456288 0.00796905 
