0.0204052 0.0017256 0.000311448 2.35209e-05 3.76373e-07 0.0695094 0.00176127 2.77376e-12 0.000185343 2.36745e-08 1.89885e-08 7.6624e-12 1.04316e-05 1.24521e-07 1.55481e-10 2.22107e-07 6.95356e-12 1.75283e-08 0.000677748 8.78862e-07 0.000102358 3.30892e-09 0.00144544 9.31122e-05 1.43132e-07 6.54568e-12 0.902443 0.00130408 
0.000222361 0.0300905 2.77534e-05 0.000165841 9.48486e-10 0.0198645 0.000362116 3.87021e-10 0.0380037 1.2903e-07 4.55817e-07 1.06913e-09 1.86594e-08 0.00722423 7.68991e-10 0.109968 1.04013e-07 3.8294e-05 0.00172526 0.619167 0.0744714 7.26612e-10 0.00324821 0.026851 1.61064e-06 5.15959e-06 0.00116235 0.0673994 
4.32373e-05 0.0053789 2.5289e-06 7.11597e-05 5.61263e-11 0.000599839 8.49866e-05 2.29018e-11 0.000182639 4.21847e-06 0.000610629 1.72339e-06 2.87572e-05 0.0299331 7.19664e-06 0.00384987 1.09187e-06 0.00328398 0.00174237 0.823771 0.00400342 3.34668e-08 0.115885 6.26314e-05 0.0101523 1.27946e-05 9.34553e-05 0.000192784 
0.000170252 0.0584222 2.1331e-05 1.00664e-10 8.35045e-11 0.0132634 0.000329898 3.40732e-11 9.90945e-05 0.000112574 6.75414e-07 1.4985e-07 0.00252891 0.00211378 5.08068e-07 0.227119 8.05979e-06 0.000128011 0.0646208 0.242447 0.0259491 3.80443e-08 0.000757581 0.195799 0.00109625 0.00020384 0.00059942 0.164209 
0.000451576 0.0250965 0.00136873 1.83579e-07 1.20133e-08 0.813056 0.0273144 1.14974e-10 0.000156985 1.10793e-06 3.00308e-07 0.00229522 1.01108e-05 0.0232443 5.78678e-05 0.0546274 9.87947e-07 0.0250738 0.00179742 8.78529e-06 0.0032226 2.33883e-07 0.00104864 0.0049752 9.42974e-05 5.85855e-06 0.00869224 0.00739923 
0.00242232 2.37255e-05 4.61806e-06 1.77937e-06 5.57782e-08 0.000289519 8.91874e-05 2.27598e-08 6.22531e-05 5.02202e-05 2.19021e-06 6.2873e-08 0.000330959 0.925087 0.00796473 0.00520962 1.86209e-06 0.000253191 9.11502e-06 0.00573676 3.19759e-06 4.27304e-08 0.00352975 6.24224e-07 0.0433444 0.00401823 1.13374e-06 0.00156302 
0.00237991 0.00752513 1.45602e-07 9.59599e-05 1.12551e-10 0.007982 4.69213e-07 4.59255e-11 7.47379e-05 4.0677e-07 0.000321805 8.10043e-08 1.5199e-08 0.0135635 9.12515e-11 0.0136729 1.15131e-10 0.839515 0.0031788 3.22541e-06 3.36213e-07 8.62227e-11 0.110313 0.000791508 1.68581e-08 1.45966e-07 1.59589e-07 0.000580338 
7.15738e-05 4.71813e-06 1.06162e-07 0.992025 1.76645e-12 0.00330774 0.00336058 7.20784e-13 2.02814e-05 1.90208e-06 1.07913e-12 3.2774e-06 2.67943e-06 3.55761e-05 2.51082e-06 0.00044145 2.25246e-06 2.57423e-05 0.000205814 0.000112568 1.06105e-05 1.35324e-12 6.07371e-06 4.7811e-05 0.000116931 1.49063e-07 8.95595e-05 0.000105173 
0.00193003 0.026358 1.96151e-08 9.07108e-09 3.60167e-12 0.00787313 0.0062043 1.46963e-12 0.000161083 0.00101516 4.25515e-05 1.09041e-08 7.20645e-06 0.0488658 4.49325e-09 0.0771644 1.22787e-08 0.0200862 0.00102278 0.582802 0.000913065 2.75915e-12 0.216284 0.00421942 0.00088995 1.9661e-08 2.15069e-08 0.00416026 
0.0388962 0.00447537 1.53811e-10 2.65375e-10 2.20138e-10 0.00324788 0.000445726 8.98253e-11 0.00113577 8.93017e-07 4.72773e-07 3.60455e-07 0.00393964 0.0200306 1.91213e-07 0.0153171 2.25184e-10 0.00157221 0.000280532 0.122778 0.128634 2.55889e-07 3.56746e-07 0.296712 3.46949e-05 1.79244e-05 4.10783e-06 0.362476 
0.00291028 0.0421653 0.000856589 0.000401531 0.000746247 0.0645557 0.00423467 5.77532e-06 0.046324 0.000240631 0.000123228 0.00047236 0.000160166 0.125853 7.052e-05 0.0340582 3.5445e-05 0.00221825 0.0195012 0.197927 0.00864072 1.68335e-05 0.347604 0.00641396 0.0373559 0.00183767 0.0169018 0.0383685 
6.52435e-05 0.00378001 1.78346e-07 8.26306e-08 2.07355e-10 0.000970816 0.000604353 8.46092e-11 6.02376e-05 0.119461 1.35061e-07 9.92721e-08 1.10342e-06 0.00182896 3.3716e-07 0.00342449 4.37897e-07 0.672786 0.000270994 0.128625 0.000341835 1.5885e-10 0.005131 0.00198966 4.31705e-05 1.30089e-05 3.591e-05 0.0605661 
0.00193003 0.026358 1.96151e-08 9.07108e-09 3.60167e-12 0.00787313 0.0062043 1.46963e-12 0.000161083 0.00101516 4.25515e-05 1.09041e-08 7.20645e-06 0.0488658 4.49325e-09 0.0771644 1.22787e-08 0.0200862 0.00102278 0.582802 0.000913065 2.75915e-12 0.216284 0.00421942 0.00088995 1.9661e-08 2.15069e-08 0.00416026 
3.27797e-06 0.0136456 0.00235307 0.000234952 2.64038e-05 0.402536 0.0249226 1.07851e-08 0.0707792 9.96627e-05 1.61471e-08 2.97934e-08 2.29088e-07 0.0686782 2.14295e-08 0.237516 1.27701e-06 4.33259e-06 0.0190634 0.0701509 0.00303967 0.000578818 0.0561871 0.00398277 4.05232e-05 5.56285e-06 0.00528372 0.0208669 
0.00390945 0.0260711 6.56761e-08 4.71051e-08 2.3475e-07 0.00114457 0.00439077 6.61141e-11 4.84582e-06 3.81328e-05 4.96253e-05 1.82637e-10 0.000419659 0.428821 0.000573933 0.00225843 2.43515e-05 4.86497e-07 0.000511274 0.0737999 0.000132986 1.24126e-10 0.0520233 1.68881e-08 0.342063 0.0512114 0.000304863 0.0122463 
2.31182e-05 0.0223639 9.28136e-10 1.61736e-07 4.79556e-05 0.464345 4.78256e-05 5.42031e-10 2.56928e-06 1.09649e-05 8.11508e-10 1.49734e-09 2.65729e-06 0.504297 1.07699e-09 1.46397e-05 1.35882e-09 2.18848e-06 3.06022e-05 1.48498e-05 8.82055e-06 3.46099e-06 0.00861673 1.43202e-05 1.4286e-06 1.27912e-09 0.000126841 2.47242e-05 
0.038467 0.00447872 0.000149541 0.00372457 0.00255834 0.0500151 0.028834 8.71806e-07 0.0175567 8.48913e-06 0.0369828 5.59872e-06 0.000191333 0.404456 0.00015634 0.0683518 3.48804e-06 0.000610561 0.0156171 0.0105187 0.00590386 6.57748e-06 0.0111044 0.00600501 0.245233 0.00502862 0.012079 0.0319523 
0.000460858 0.0211827 1.45151e-05 0.000266538 0.00322845 0.0449587 3.18438e-05 1.83598e-07 0.00110864 1.71413e-05 0.0202318 0.00357326 4.65881e-05 0.829162 0.000204554 0.00545467 8.03e-05 0.000569094 0.0104026 0.00609433 0.0229618 8.72799e-05 1.94591e-05 0.000738135 0.00312896 0.000149418 0.0208916 0.00493486 
0.00110909 0.0284436 1.77501e-10 5.17384e-07 1.01494e-07 0.115243 0.00101348 1.03661e-10 0.0348315 9.53798e-05 0.0158341 0.000351492 0.000317698 0.618381 4.23567e-07 0.0149925 2.20619e-08 0.00022473 0.00313875 0.104884 0.00720782 1.94618e-10 0.0203104 0.000112411 5.67394e-05 2.91393e-05 0.010532 0.0228905 
6.36915e-05 0.0289046 0.00387224 2.84161e-05 4.63621e-07 0.0174101 0.00127233 3.14302e-07 0.0065113 0.000125173 0.000872434 0.000452047 3.04352e-06 0.00800542 2.68071e-06 0.0553935 4.56333e-06 0.00114076 0.0106161 0.747177 0.066651 1.16751e-05 0.0134234 0.00400786 0.000712445 0.00064767 0.00539062 0.0272989 
0.0011947 0.0681235 6.51912e-05 5.33878e-05 0.00114011 0.0281148 0.00350579 2.03044e-06 0.00129804 9.44163e-05 0.000282802 4.91612e-05 0.000361718 0.497412 0.000279303 0.0121031 1.62905e-05 0.0028494 0.00263402 0.263423 0.00212581 3.253e-05 0.0277273 0.00397341 0.015702 0.0337628 0.016582 0.0170912 
0.228581 0.0279962 5.14843e-05 0.00104381 5.99079e-05 0.0242663 0.0100033 1.64022e-05 0.000818076 0.000307944 0.000328246 0.00161721 0.00176414 0.0837695 1.91157e-05 0.0582052 0.00205007 0.000255104 0.141455 0.160915 0.0414743 0.000151154 0.0170715 0.00645865 0.00483394 0.000205635 0.0101086 0.176174 
0.00237991 0.00752513 1.45602e-07 9.59599e-05 1.12551e-10 0.007982 4.69213e-07 4.59255e-11 7.47379e-05 4.0677e-07 0.000321805 8.10043e-08 1.5199e-08 0.0135635 9.12515e-11 0.0136729 1.15131e-10 0.839515 0.0031788 3.22541e-06 3.36213e-07 8.62227e-11 0.110313 0.000791508 1.68581e-08 1.45966e-07 1.59589e-07 0.000580338 
6.99641e-07 0.398737 1.26959e-06 6.61278e-05 1.21867e-09 0.0495376 0.0455041 4.97268e-10 0.00873986 2.21143e-06 1.21803e-06 0.000124832 7.39085e-06 0.0586197 6.37326e-06 0.016133 1.24661e-09 2.5085e-06 0.045089 0.332477 0.00303849 7.47957e-08 0.032496 0.00381038 0.00479304 2.66261e-06 6.81772e-05 0.000741784 
2.65071e-05 0.00269984 8.22799e-05 0.0293933 2.36879e-05 0.115788 0.000299657 2.0944e-06 5.17966e-05 0.000317053 0.000696252 0.000138251 0.000260835 0.787825 0.000306701 7.95558e-05 9.24633e-06 3.73363e-05 0.000352595 0.0422941 0.000896088 3.93214e-06 0.000249607 4.38533e-05 5.30681e-05 0.00729013 0.0045417 0.00623749 
2.17376e-05 0.00338158 0.0558712 1.0302e-05 4.73971e-10 0.42834 0.00186948 1.934e-10 0.000415679 0.369404 2.09953e-05 5.34259e-10 1.46584e-06 7.52552e-05 9.13798e-08 0.00149494 1.42682e-05 1.47585e-05 4.92035e-06 0.00139294 0.000166332 3.63098e-10 0.000538894 1.29296e-05 0.000187976 1.96104e-07 0.133662 0.00309774 
0.0224884 0.0111525 9.85802e-05 0.000209655 1.6029e-05 0.0203709 0.00967694 1.90741e-06 0.000610375 0.000270103 0.00225906 0.00267853 0.00453197 0.0571032 3.07729e-05 0.00576205 0.000438536 0.000413844 0.0356125 0.0955063 0.0581471 2.56002e-06 0.00609419 0.00647906 0.00120402 0.0243151 0.00688173 0.627644 
0.00327789 0.000605414 3.88005e-07 0.00536285 1.2545e-07 0.0212567 0.0143401 3.03807e-09 0.000788233 4.48819e-05 0.000266981 8.03496e-05 0.000503485 0.851665 9.10574e-06 0.0108863 7.61616e-09 0.000400372 0.00329327 0.0300839 0.0374143 1.86772e-05 0.00504209 0.00141029 0.000361766 0.00064489 0.00279946 0.00944286 
0.00125202 0.1108 3.46686e-05 3.36668e-08 2.79278e-08 0.000648593 0.000185089 1.13957e-08 0.000143157 5.52896e-05 1.70612e-08 3.14801e-08 5.18719e-06 0.00795642 2.26426e-08 0.128484 9.18765e-06 3.47708e-05 0.000903794 0.000180502 0.524225 1.69059e-05 0.0150536 0.000295083 0.00144154 0.000754104 6.74926e-06 0.207513 
0.000626961 0.0565423 1.64622e-08 0.000313422 7.98263e-05 0.0700075 0.00154722 7.16493e-13 0.00406722 0.000145274 0.000625613 2.51585e-05 0.000354167 0.223883 7.3961e-05 0.0248787 1.39027e-09 0.00361067 0.000566036 0.436087 0.00630175 1.34518e-12 0.0265405 0.00317385 0.000115627 0.0310491 0.102966 0.00641855 
0.000352771 0.00134697 1.04152e-07 0.00496511 5.92213e-05 0.0336757 0.00021582 6.08247e-08 0.000160227 9.63424e-05 0.00014539 0.000123702 0.000371378 0.868781 0.000247148 0.000251791 1.28738e-05 0.00265005 0.000220475 0.00139253 0.00254046 0.000259918 0.0294746 0.000137068 0.000156115 0.0170025 0.0349314 0.00042951 
1.1374e-05 0.0368259 1.31227e-06 6.89456e-07 6.44834e-07 0.208448 0.00862417 3.40698e-10 0.131215 3.81364e-07 6.16622e-07 7.47398e-07 0.000277454 0.375391 6.76949e-10 0.00780064 2.68087e-07 0.000528262 0.0770545 0.0790459 2.7814e-06 6.57993e-08 0.0704755 0.000690238 2.82196e-07 8.54927e-07 0.000203569 0.00339946 
0.000120261 0.0154808 5.87855e-05 0.00100198 1.49326e-08 0.0348276 0.00263692 6.09311e-09 0.000432895 9.99294e-06 0.00334981 0.00968429 6.44496e-06 0.504494 2.04284e-06 0.19579 0.000102252 2.136e-06 0.048495 0.0678157 0.0558897 1.14395e-08 0.00421182 0.0137548 3.50809e-06 0.000206723 0.00494511 0.036677 
5.19009e-05 0.0059724 2.1588e-07 3.72466e-07 0.000598599 0.0738749 0.000252401 1.26074e-07 9.80785e-05 2.36124e-07 0.0867617 3.48274e-07 5.99423e-05 0.16998 0.0278842 0.335055 3.16056e-07 2.95159e-05 0.00888091 0.0200482 0.000323211 2.36698e-07 0.0122333 0.00409549 0.212003 2.97517e-07 3.08475e-06 0.0417918 
0.0104045 0.61711 0.000180587 1.36246e-05 6.14014e-07 0.0998042 0.0361514 2.62475e-10 0.00161307 0.042197 5.94219e-05 7.25076e-10 4.31121e-07 0.0121893 9.76824e-07 0.0178645 3.86076e-07 0.000420556 2.1785e-05 0.106848 0.00617435 3.55604e-07 0.0362033 0.00125183 0.00355698 9.46383e-06 0.00237677 0.00554689 
0.013883 0.000747159 1.03939e-05 0.0575653 0.0309849 0.157179 0.000130589 6.07323e-09 0.00561319 2.73115e-05 0.000338935 0.00157663 3.76363e-05 0.629991 3.45898e-06 0.000325032 3.2612e-05 1.16711e-08 1.78017e-05 0.00416117 0.00622314 1.14022e-08 0.0275635 4.42431e-05 2.58787e-06 0.0376344 0.0177221 0.00818479 
0.00170174 0.00411026 4.46049e-07 0.00050892 9.47863e-06 0.123427 0.00258115 1.06963e-10 2.76962e-07 0.000380759 2.51317e-07 2.1383e-07 0.00033446 0.781288 0.000334608 0.0117094 2.22575e-08 0.00105696 1.06875e-07 0.00634269 0.000268862 3.32087e-07 1.36994e-06 0.000793222 3.08112e-05 0.0483716 0.0146939 0.00205241 
0.00625977 0.00399082 7.88848e-06 7.61545e-07 0.000297992 0.0458689 0.118156 3.7005e-08 1.67371e-06 0.000127564 9.31289e-07 1.02225e-07 0.00138931 0.152853 0.0153386 0.0215644 1.9883e-06 2.34087e-06 0.000319348 0.311299 0.00125245 4.03525e-05 5.57944e-06 0.00155336 0.0805399 8.73265e-08 2.57194e-05 0.239102 
0.00503638 0.00291258 8.15446e-05 0.000322539 1.44017e-05 0.111969 0.00657913 3.18602e-08 0.00437633 0.000813264 0.0142259 0.000106305 0.00021015 0.561892 3.4674e-05 0.0874037 2.29117e-05 0.0082917 0.00626989 0.0461017 0.00537363 5.9816e-08 0.00272475 0.0375273 0.0172024 0.0633379 0.00783574 0.00933337 
0.00114265 9.70039e-05 8.67311e-09 4.55196e-10 0.970377 0.00145133 3.90625e-05 1.54077e-10 0.0113498 2.70019e-08 3.43512e-05 4.2563e-10 2.00643e-05 0.0113769 2.2527e-06 0.000799241 3.86256e-10 3.85242e-07 0.000719264 0.000153595 0.000286546 2.89271e-10 6.49847e-05 0.000496985 0.000926574 1.05722e-08 5.67923e-08 0.000662012 
2.693e-06 0.00156751 2.17193e-06 0.000953575 1.06957e-08 0.939816 0.0170162 3.17709e-10 0.0123775 8.26065e-07 4.75663e-10 4.72821e-07 7.41993e-07 0.00169482 4.0567e-08 0.0015708 2.4372e-05 0.00184023 0.0228271 1.63283e-06 1.22774e-07 5.96484e-10 0.000253595 2.16913e-06 6.00956e-08 4.37791e-07 3.44466e-05 1.29976e-05 
0.294432 0.000864245 0.000265649 0.000209371 0.000442197 0.0429875 0.0717397 1.78775e-06 0.00299983 4.12542e-05 0.00125108 0.000126517 0.000334601 0.221743 0.000549147 0.0135613 8.92195e-06 0.00332259 0.00240355 0.251921 0.0199563 6.69645e-05 0.0136249 0.00172332 0.00114051 3.65597e-06 0.0145899 0.03969 
0.0116019 0.0231298 1.99091e-05 0.0133359 0.00205025 0.0329644 0.00930934 7.34002e-06 0.0289996 0.000333032 0.167762 0.000773506 0.000201577 0.257155 8.9486e-06 0.00691135 8.05537e-06 0.00875332 0.00028311 0.0965561 0.00268233 6.33327e-05 0.00320018 0.0104802 0.310024 0.00387231 2.52418e-05 0.00948808 
0.00237991 0.00752513 1.45602e-07 9.59599e-05 1.12551e-10 0.007982 4.69213e-07 4.59255e-11 7.47379e-05 4.0677e-07 0.000321805 8.10043e-08 1.5199e-08 0.0135635 9.12515e-11 0.0136729 1.15131e-10 0.839515 0.0031788 3.22541e-06 3.36213e-07 8.62227e-11 0.110313 0.000791508 1.68581e-08 1.45966e-07 1.59589e-07 0.000580338 
0.00519578 7.5433e-06 1.78365e-06 1.41487e-05 1.92568e-08 0.00702389 0.444491 7.85756e-09 0.000742579 7.11409e-06 0.0016657 1.6281e-06 9.68945e-06 0.397122 1.51339e-06 0.00532375 7.25464e-06 0.00330017 4.82508e-06 0.012627 5.52223e-06 0.0017948 7.26592e-05 8.18135e-06 0.000235334 2.86474e-06 0.000609898 0.119724 
0.00147835 0.0694731 1.02516e-08 1.34002e-08 1.51169e-08 0.000940214 0.0290416 9.06968e-13 5.10543e-05 6.21022e-05 4.72556e-08 2.15495e-08 4.56255e-05 0.0590294 8.65184e-09 0.0768265 2.16022e-08 0.000866809 0.00261759 0.577024 0.00109855 1.70279e-12 0.0490196 0.00920463 0.109732 2.50438e-08 2.9874e-09 0.0134886 
0.00031311 3.24006e-06 9.60902e-11 7.2592e-07 1.42234e-07 0.0269041 0.00516154 5.61166e-11 3.85359e-07 2.3158e-07 3.49598e-07 2.97314e-07 0.000668655 0.852784 0.0006686 0.00317614 3.07414e-08 2.55211e-07 9.86736e-08 0.0126838 4.72322e-07 2.38917e-07 1.9064e-06 3.29678e-07 6.14697e-05 0.0967245 3.09722e-06 0.000842033 
2.40086e-07 0.0270737 1.07342e-06 3.03557e-10 1.98956e-06 1.09342e-06 1.86973e-07 1.02749e-10 1.91888e-06 1.9244e-10 1.16929e-06 3.77537e-06 1.10948e-07 0.520406 4.90182e-07 0.000717445 2.57583e-10 1.97457e-10 0.0263775 1.01333e-05 0.044899 1.92907e-10 0.00214214 1.60266e-06 1.14329e-06 0.0498984 0.328457 4.17576e-06 
0.00405299 0.0163309 0.0014157 0.00450134 4.61534e-06 0.546293 3.43499e-05 2.40787e-07 0.000400814 3.70534e-05 0.000801653 0.0137557 3.44407e-05 0.265603 1.32113e-05 0.0278677 2.41178e-05 0.000104691 0.000412249 0.0224007 0.00130882 1.97606e-05 0.0426226 0.000451599 0.00455283 0.000168713 0.0234988 0.023288 
5.10086e-05 0.0151463 5.4598e-05 3.97176e-05 7.527e-06 0.0103758 0.000135676 3.07132e-06 0.000358931 3.23977e-05 4.59827e-06 8.48441e-06 3.40746e-06 0.000470769 8.62677e-06 0.00628013 1.8416e-05 5.05815e-05 7.45606e-05 0.933685 0.000344151 5.76625e-06 0.0131883 0.00049986 9.19911e-05 7.741e-06 0.019006 4.63455e-05 
3.68138e-05 7.68528e-05 1.01802e-08 5.56515e-06 4.35424e-05 0.000942165 0.00264708 5.94524e-09 4.1903e-06 1.3759e-05 8.90099e-09 1.64235e-08 0.000108772 0.985283 0.00421291 3.39733e-05 0.000586101 5.75299e-05 4.06359e-06 0.000135757 1.03265e-05 1.11619e-08 0.000414516 1.99648e-06 0.000449213 5.1175e-05 3.65459e-06 0.00487737 
0.000479923 0.0427582 3.22834e-12 0.00143505 0.00104311 0.161666 0.0172795 1.88535e-12 0.00257113 5.7207e-08 8.63767e-08 7.34407e-08 7.3937e-08 0.0304415 1.4685e-07 0.0303085 7.56695e-09 0.00148795 5.95896e-08 0.542036 0.00308144 3.53964e-12 0.12282 0.000382979 6.62524e-09 0.0272994 0.0106398 0.00426835 
0.0104045 0.61711 0.000180587 1.36246e-05 6.14014e-07 0.0998042 0.0361514 2.62475e-10 0.00161307 0.042197 5.94219e-05 7.25076e-10 4.31121e-07 0.0121893 9.76824e-07 0.0178645 3.86076e-07 0.000420556 2.1785e-05 0.106848 0.00617435 3.55604e-07 0.0362033 0.00125183 0.00355698 9.46383e-06 0.00237677 0.00554689 
0.0204052 0.0017256 0.000311448 2.35209e-05 3.76373e-07 0.0695094 0.00176127 2.77376e-12 0.000185343 2.36745e-08 1.89885e-08 7.6624e-12 1.04316e-05 1.24521e-07 1.55481e-10 2.22107e-07 6.95356e-12 1.75283e-08 0.000677748 8.78862e-07 0.000102358 3.30892e-09 0.00144544 9.31122e-05 1.43132e-07 6.54568e-12 0.902443 0.00130408 
0.00237991 0.00752513 1.45602e-07 9.59599e-05 1.12551e-10 0.007982 4.69213e-07 4.59255e-11 7.47379e-05 4.0677e-07 0.000321805 8.10043e-08 1.5199e-08 0.0135635 9.12515e-11 0.0136729 1.15131e-10 0.839515 0.0031788 3.22541e-06 3.36213e-07 8.62227e-11 0.110313 0.000791508 1.68581e-08 1.45966e-07 1.59589e-07 0.000580338 
0.00376602 0.000553886 5.5655e-06 5.1908e-07 1.2549e-05 0.0326711 0.00183706 1.75701e-07 0.000422339 1.86385e-05 0.00436612 4.85366e-07 0.000251143 0.930078 0.000172511 6.82632e-05 5.14245e-06 0.000134797 3.18739e-05 0.000161506 0.00424193 6.49994e-07 0.000504087 0.0117955 0.00507439 0.000989078 0.000742711 0.00209429 
0.000241006 0.38553 1.96847e-05 0.000307134 1.50372e-10 0.137634 1.5346e-07 6.13577e-11 0.0218301 9.11199e-08 7.18633e-07 0.0196122 1.3139e-08 0.00873387 1.21915e-10 0.0853 3.62009e-06 2.52236e-07 0.000579885 0.0892988 0.000369039 1.15196e-10 0.183233 7.84203e-05 3.25329e-07 0.000124457 0.0662883 0.000815453 
0.0859954 0.00125237 2.7208e-06 0.000257564 3.1046e-05 0.101069 0.000647278 1.41045e-08 2.81478e-06 4.36396e-06 0.00531103 0.0514693 9.95807e-07 0.655391 0.000619014 0.0159916 2.34161e-07 0.00536346 1.20581e-05 0.00094921 0.014321 2.64804e-08 2.04008e-06 1.95474e-06 0.0106285 5.91863e-06 0.00267033 0.0479989 
0.0137633 0.0016992 0.000104713 1.46062e-05 2.62461e-06 0.83228 0.000637954 1.76962e-08 0.00600044 3.11602e-05 7.05275e-06 2.37524e-08 1.67647e-05 0.00985685 7.72121e-07 0.0114625 2.25821e-05 3.66208e-05 0.000818166 0.00579112 0.000224347 8.49189e-08 0.022409 1.56673e-05 3.44328e-05 2.27461e-06 0.0940577 0.00071045 
0.56283 0.000121128 0.000684334 0.000736221 0.00588856 0.0178834 0.0376059 1.66395e-07 3.69084e-05 0.00164195 0.0384007 0.00786607 0.000513288 0.0185882 2.06826e-07 0.00410396 3.52158e-05 0.000635634 0.0716186 0.0237225 0.00488125 1.73824e-07 7.58457e-05 0.00120904 0.00490211 0.00164161 0.0186446 0.175733 
0.00724075 0.000242565 2.2145e-05 7.99781e-07 0.000248457 0.0696605 4.53207e-05 2.70713e-07 0.000294909 0.000174681 7.14896e-05 4.01263e-05 2.17559e-05 0.734213 9.8119e-06 0.0223779 3.84562e-05 0.000332376 0.0119006 0.016963 0.0543825 4.03298e-06 0.000166402 0.0426393 0.00133019 0.000530623 0.000715388 0.0363331 
0.00060039 0.031525 0.00585969 3.31226e-05 4.0774e-08 0.0416865 0.00542859 2.26322e-13 0.00743221 0.00012007 4.00209e-09 2.9378e-09 2.43825e-06 0.0152091 4.4969e-13 0.0331864 1.38689e-09 0.00358465 0.000359877 0.784187 0.0043103 3.58332e-10 0.0428098 0.00185155 8.386e-05 1.0847e-05 0.0153178 0.00640118 
0.000275358 0.00219146 0.000838334 1.94321e-06 0.000874431 0.182374 0.000179861 5.1797e-11 2.67814e-07 2.30931e-07 7.75485e-11 0.00676653 1.80587e-08 0.799414 1.91341e-07 0.000362136 1.94497e-07 9.95398e-11 0.00154089 0.0018804 1.20084e-07 9.72462e-11 8.53882e-08 4.2235e-08 2.32633e-07 0.00115006 0.00176231 0.000387421 
0.000446641 1.60546e-05 1.90315e-10 1.2589e-05 3.9215e-06 0.00419077 0.0116759 1.11144e-10 0.000212742 8.96723e-07 8.42807e-08 9.08407e-06 0.0140748 0.600188 0.000950718 1.19711e-06 2.78628e-10 0.000180786 0.00347456 0.00813303 0.00030986 3.17964e-06 0.00341095 0.000275965 0.000966998 0.347464 0.000226748 0.00377011 
0.0084709 0.0344603 0.000235593 1.7536e-06 9.86039e-05 0.0262167 0.463631 4.1207e-08 4.11012e-05 0.000593696 4.97229e-05 2.22316e-06 0.00471937 0.077341 4.41778e-06 0.0988912 0.00182207 0.0752822 0.0249329 0.0721006 0.00248809 5.32549e-08 0.0286531 0.00564672 0.047689 8.36561e-05 0.000757981 0.0257863 
0.0142447 1.04315e-06 1.99014e-10 1.64943e-07 4.41112e-07 0.00151603 0.0385368 1.16224e-10 0.00794615 1.21647e-07 0.429074 4.92857e-07 0.00240342 0.379238 5.26062e-07 0.0636376 2.91363e-10 1.38635e-06 9.02081e-07 0.0135556 0.0105868 4.44774e-07 2.75673e-07 0.0305444 4.66147e-07 5.21229e-07 9.18548e-06 0.00870001 
0.000960567 0.00163946 1.36646e-06 6.74401e-07 0.000256348 0.00670305 0.00167865 1.08509e-08 0.00123658 0.000269884 3.64499e-05 1.13132e-05 0.000233164 0.876815 0.000163718 0.00340786 8.983e-05 0.000383376 3.72792e-05 0.0327109 0.000543896 2.0372e-08 0.0117747 0.000124182 0.0230128 0.00121182 0.0114827 0.0252146 
0.00010488 0.022157 4.71855e-05 5.30526e-05 3.98871e-05 0.00735875 0.0152888 4.90385e-06 0.000217635 0.000489857 0.00358523 0.000167352 7.48736e-05 0.0277326 5.59349e-05 0.0672457 0.000163086 3.78824e-05 0.0076137 0.166323 0.00384318 0.000960893 0.100006 0.000468275 0.546946 0.000214378 8.62748e-06 0.0287909 
0.000379037 0.00942795 9.22122e-07 0.00107082 1.02788e-05 0.0725146 0.0155593 3.04493e-07 0.00258106 0.000235469 7.61441e-06 3.61362e-05 5.16873e-06 0.0638034 0.000617777 0.0141854 3.70549e-05 0.000401354 0.000901971 0.682916 0.00703117 9.54004e-07 0.0559515 0.00405684 0.00915568 2.00941e-05 0.0145769 0.0445152 
0.0391536 0.0523556 3.24768e-06 2.70757e-07 5.61367e-11 0.0482556 0.312066 2.29061e-11 6.83789e-07 0.232875 0.00185449 6.3277e-11 0.00211229 0.0267775 5.46612e-08 0.0910845 0.000866219 0.00405178 0.00365168 0.0620186 6.17004e-07 4.3005e-11 0.0494512 0.000112064 0.0474673 1.2438e-07 1.067e-05 0.0258307 
0.00153003 0.0082498 2.1847e-11 3.01511e-08 3.1268e-11 0.00957743 0.000681541 1.27586e-11 0.000414957 7.71394e-05 3.3239e-08 3.52452e-11 0.261825 0.409604 0.00817665 0.0135769 2.90338e-05 0.000617807 0.00192437 0.139355 0.00211502 8.91598e-08 0.0504381 0.00045014 0.0455417 0.00545668 0.000247442 0.0401105 
0.00208426 0.000434246 9.70947e-09 7.74656e-08 2.8945e-12 0.000179444 0.981423 1.18107e-12 3.69281e-08 5.06533e-05 6.10068e-08 8.81245e-09 0.000122221 0.000853582 8.2159e-09 3.61723e-08 3.96782e-08 7.67182e-08 0.00022214 0.000824989 0.000402514 1.79632e-08 0.00340895 0.000991208 6.42737e-10 1.56109e-08 2.89042e-06 0.00899993 
0.00388854 0.0181321 1.64939e-05 0.000515561 4.65739e-06 0.0227509 0.00372262 3.97744e-06 0.000215173 8.65397e-05 0.000118969 0.000120789 0.00168679 0.0628739 0.784814 0.00136795 2.17137e-05 0.000145302 0.00610692 0.0150033 0.000769744 9.47229e-05 0.00335737 0.001293 0.0632307 0.000448659 0.00520537 0.0040041 
0.0206782 0.0005686 2.29482e-07 0.00702043 0.000127298 0.69288 3.07904e-05 5.11412e-11 0.00013968 3.93719e-07 2.38171e-05 0.000782637 9.57309e-05 0.0383873 1.20195e-06 0.00228278 0.000225589 8.9386e-08 0.00165602 0.00927669 0.000789877 9.60151e-11 0.00348861 4.23421e-05 0.000156098 0.0291215 0.189923 0.00230156 
0.0084709 0.0344603 0.000235593 1.7536e-06 9.86039e-05 0.0262167 0.463631 4.1207e-08 4.11012e-05 0.000593696 4.97229e-05 2.22316e-06 0.00471937 0.077341 4.41778e-06 0.0988912 0.00182207 0.0752822 0.0249329 0.0721006 0.00248809 5.32549e-08 0.0286531 0.00564672 0.047689 8.36561e-05 0.000757981 0.0257863 
2.03106e-07 0.0496989 1.42104e-11 7.89492e-07 0.0021799 0.251358 5.64657e-07 8.29886e-12 4.19152e-07 2.51812e-07 3.8021e-07 0.0017783 3.25453e-07 0.494125 6.464e-07 6.58815e-07 3.33079e-08 0.0126826 4.68925e-08 0.0586679 0.0110978 1.55807e-11 2.07374e-06 3.586e-07 2.91627e-08 4.44892e-05 0.117585 0.000775039 
0.00496603 0.0024173 3.32034e-05 0.000165705 7.21315e-05 0.0608402 0.00297374 1.2613e-09 0.00101935 1.80023e-05 0.0112441 0.00144639 0.0001014 0.0103524 4.87508e-06 0.00184591 1.44809e-06 6.50192e-06 0.00138802 0.0363051 0.00101555 4.7928e-08 0.0017254 0.00158459 0.000940905 0.0803807 0.77057 0.00858083 
0.00346914 0.0174363 0.00426774 0.000296303 5.04013e-06 0.220892 0.00185307 7.79271e-07 0.0121381 5.11354e-05 0.00234584 0.00019399 3.55652e-05 0.0324225 8.77104e-06 0.00908875 2.16897e-06 0.318729 0.00105939 0.052448 0.0022113 2.52581e-05 0.00806449 0.00277849 0.000582064 0.00353861 0.301948 0.00410803 
0.306647 6.29021e-07 8.99049e-08 0.00144273 1.94931e-11 0.0607414 0.03754 7.95397e-12 1.67673e-07 0.0018881 3.33554e-08 2.19725e-11 0.000715851 0.107751 1.26591e-08 1.81944e-07 0.00019363 0.000312885 0.0261083 0.325428 0.00160256 1.49332e-11 0.00521652 0.0234364 4.33518e-06 1.55811e-07 7.9945e-09 0.10097 
0.000494487 0.00013379 2.52632e-05 2.92955e-08 8.6999e-05 0.00744508 0.000298024 9.91607e-09 0.00332351 3.79537e-05 0.417793 2.73927e-08 0.000136382 0.524256 1.46532e-07 1.67747e-06 2.48587e-08 3.11639e-06 0.00254029 0.00102357 0.0414546 7.67618e-07 5.3568e-07 8.70735e-05 0.000824781 2.34005e-08 3.15698e-05 1.91695e-06 
0.000174753 0.0747821 2.25757e-05 0.000260508 3.69722e-07 0.0180729 1.32266e-06 3.28908e-09 0.0942119 5.95306e-07 0.00104717 5.52021e-05 0.000273998 0.640858 2.37414e-05 0.0113697 8.61297e-08 0.000111782 0.0167058 0.0331119 0.00398636 6.17508e-09 0.024952 0.0156829 2.88126e-05 0.0574366 0.00236234 0.0044671 
0.0391536 0.0523556 3.24768e-06 2.70757e-07 5.61367e-11 0.0482556 0.312066 2.29061e-11 6.83789e-07 0.232875 0.00185449 6.3277e-11 0.00211229 0.0267775 5.46612e-08 0.0910845 0.000866219 0.00405178 0.00365168 0.0620186 6.17004e-07 4.3005e-11 0.0494512 0.000112064 0.0474673 1.2438e-07 1.067e-05 0.0258307 
0.0202912 0.0027134 3.35775e-05 6.2602e-07 1.04828e-10 0.0102818 0.000205383 4.27741e-11 0.000319092 0.888257 2.42532e-05 0.000186874 0.000746414 0.0227729 1.00237e-08 0.00807966 4.99597e-06 0.00173967 0.000866089 0.0274905 0.000104563 8.03062e-11 0.010653 0.00114313 0.00288851 4.89172e-08 0.00088365 0.000313734 
0.00265824 0.0293166 0.00425164 1.71848e-06 3.06735e-08 0.00922213 0.00067918 1.2516e-08 0.0022485 3.82439e-05 1.87385e-08 3.4575e-08 2.57893e-06 0.10882 2.48687e-08 0.0200846 4.90964e-06 1.69118e-06 0.00195742 0.688925 0.0025635 0.0419028 0.0304324 0.000834897 4.07927e-06 0.000443609 0.000294908 0.0553112 
0.0204052 0.0017256 0.000311448 2.35209e-05 3.76373e-07 0.0695094 0.00176127 2.77376e-12 0.000185343 2.36745e-08 1.89885e-08 7.6624e-12 1.04316e-05 1.24521e-07 1.55481e-10 2.22107e-07 6.95356e-12 1.75283e-08 0.000677748 8.78862e-07 0.000102358 3.30892e-09 0.00144544 9.31122e-05 1.43132e-07 6.54568e-12 0.902443 0.00130408 
0.0162747 0.000287733 7.09368e-05 0.000543865 0.000224492 0.00666161 0.0132199 2.07166e-06 0.000257816 0.00131415 0.0004266 6.68765e-05 0.00121425 0.93292 6.1135e-05 0.00612861 0.00028062 0.000536546 0.00118544 0.00461002 0.000211122 0.00189806 0.00386276 0.000312139 0.000197791 0.000617907 4.06266e-05 0.00657203 
0.00193003 0.026358 1.96151e-08 9.07108e-09 3.60167e-12 0.00787313 0.0062043 1.46963e-12 0.000161083 0.00101516 4.25515e-05 1.09041e-08 7.20645e-06 0.0488658 4.49325e-09 0.0771644 1.22787e-08 0.0200862 0.00102278 0.582802 0.000913065 2.75915e-12 0.216284 0.00421942 0.00088995 1.9661e-08 2.15069e-08 0.00416026 
0.00184237 0.258378 0.000411219 0.000438415 5.02421e-05 0.272373 0.0229664 8.70438e-11 0.00307268 0.000154825 1.35659e-07 6.20387e-08 9.12121e-05 0.149894 3.57847e-05 0.00588061 0.000106062 0.000157698 0.0205267 0.148061 0.00117144 1.6342e-10 0.0204133 0.000613584 0.0853543 0.000786105 0.00111484 0.00610533 
0.00819287 0.00898613 0.00343062 4.91318e-05 2.27527e-07 0.190329 0.0316785 1.01843e-10 0.0125574 3.19821e-07 6.72668e-08 1.74085e-07 0.000813061 0.18385 0.000152252 0.0386553 2.22629e-06 1.98406e-07 0.00287178 0.159764 0.00176614 1.91205e-10 0.0932153 0.00380673 0.0515086 0.0145874 0.132501 0.0612807 
0.0137499 0.00407774 0.000128009 0.000115828 0.000197818 0.048744 0.727422 1.21564e-05 0.00118214 0.00380629 1.67252e-05 0.000349028 0.0192973 0.0393898 0.000338234 0.0141617 0.00336323 0.00414441 0.0391275 0.0220471 0.00123952 4.98647e-05 0.00405395 0.0109415 0.00556035 0.00102471 0.000791998 0.0346667 
0.00248753 0.0212475 0.000425069 0.000324056 2.09224e-05 0.0325288 0.000163836 1.1217e-05 0.000432132 9.29273e-05 0.000371463 0.000165605 0.000242196 0.0813753 7.60741e-05 0.0387342 5.8592e-05 0.000774417 0.00705438 0.153348 0.0123405 2.21458e-05 0.545633 0.000521427 0.0432201 0.000889839 0.0082025 0.0492362 
0.0704325 0.00451535 8.10128e-06 1.06583e-05 3.04509e-05 0.00373173 0.000495766 2.39007e-10 0.000176254 3.42976e-05 0.000691883 6.60246e-10 0.411596 0.426669 0.00189944 0.00215096 4.45225e-07 0.000285421 0.00320819 0.0114837 0.0282884 3.21844e-07 0.000536054 0.000212231 0.00876786 0.00101373 0.00439966 0.0193609 
3.31579e-06 5.75387e-05 2.3199e-10 1.28888e-05 2.52377e-06 0.378052 9.21825e-06 1.35482e-10 6.84282e-06 4.11093e-06 6.20708e-06 5.27749e-06 5.31316e-06 0.275964 1.05527e-05 0.0688456 5.43765e-07 0.0262816 8.06345e-08 0.249897 8.38735e-06 2.54361e-10 3.38546e-05 5.85429e-06 4.76093e-07 0.000726304 5.50021e-05 4.51725e-06 
0.00171538 0.0106782 4.98461e-05 2.77444e-05 0.000148561 0.0107312 5.41437e-05 4.7158e-06 0.000266477 0.000101897 0.00149838 1.30272e-05 0.000331726 0.348361 0.000158272 0.00354714 0.000138545 0.000732166 0.00260045 0.3636 0.0132184 0.000153884 0.204038 6.78123e-06 0.0238849 0.00141302 0.000376766 0.0121497 
0.0986948 0.0309722 0.00390067 5.55719e-05 0.0292604 0.050781 0.00340993 1.4421e-07 0.00640038 0.000484132 0.000282482 0.000132001 3.98865e-05 0.452312 0.000437157 0.0379127 4.52147e-06 0.00130969 0.0190591 0.16393 0.00746488 8.22778e-06 0.024632 0.00397631 0.0120295 0.00143766 0.00668391 0.0443885 
0.0204052 0.0017256 0.000311448 2.35209e-05 3.76373e-07 0.0695094 0.00176127 2.77376e-12 0.000185343 2.36745e-08 1.89885e-08 7.6624e-12 1.04316e-05 1.24521e-07 1.55481e-10 2.22107e-07 6.95356e-12 1.75283e-08 0.000677748 8.78862e-07 0.000102358 3.30892e-09 0.00144544 9.31122e-05 1.43132e-07 6.54568e-12 0.902443 0.00130408 
9.24352e-07 0.0498118 1.04341e-08 7.45259e-09 6.94549e-13 0.00649985 0.00199286 2.83405e-13 0.00143657 3.13255e-05 1.48548e-09 7.82894e-13 5.22691e-10 2.69018e-08 6.76294e-10 0.0284455 2.77153e-09 0.000258831 9.64375e-09 0.736741 0.000644451 1.06948e-10 0.170979 0.00164919 1.10249e-08 1.88333e-07 1.72333e-07 0.00150867 
0.000419946 0.0545834 1.75129e-06 1.73165e-10 9.2037e-07 0.0414897 0.00215433 5.86137e-11 0.00030983 1.49379e-08 8.77542e-11 4.17325e-07 1.60269e-05 0.0809083 1.1365e-07 0.122929 7.28535e-06 0.00163823 0.00080071 0.420054 0.00263082 3.03514e-06 0.247741 0.00732418 0.00249312 0.00251818 2.95845e-07 0.0119753 
0.00146715 0.00585375 9.05133e-08 0.00106019 1.15092e-07 0.0598776 0.716688 1.52404e-08 0.000333309 0.000313514 4.83102e-05 0.000100387 0.000403753 0.000307691 1.16185e-06 0.0325706 9.98798e-05 0.000852333 0.0115475 0.014391 0.000178466 2.63784e-08 0.0178892 0.022248 0.0279065 4.3272e-05 0.0083364 0.0774815 
0.00054222 0.00281265 2.37886e-10 0.11875 7.76561e-05 0.787171 0.00188031 1.38925e-10 0.026167 1.02336e-07 0.00373379 2.59477e-07 1.98595e-08 0.00464047 4.42792e-05 0.00282244 3.48272e-10 0.00966249 3.98111e-07 3.0597e-06 0.00163116 6.58735e-07 0.00580079 0.00290512 0.00187237 1.08446e-07 0.0247427 0.00473921 
2.03906e-05 4.25344e-05 3.73413e-08 3.13432e-06 4.86784e-05 2.29843e-06 0.000102917 2.18073e-08 2.33191e-06 5.30026e-05 8.72684e-06 6.02418e-08 0.000228116 0.860447 0.000109949 1.88042e-05 3.29114e-06 3.18712e-05 2.25656e-06 7.51273e-05 5.72376e-06 4.09421e-08 0.000229389 1.15496e-05 0.0224821 0.000828301 2.02753e-06 0.115241 
1.97769e-06 0.00567243 1.03672e-09 0.000168278 7.53142e-05 0.00784472 5.49696e-06 6.05444e-10 4.08065e-06 0.00169947 3.70198e-06 3.14835e-06 0.000152306 0.743566 6.2935e-06 0.00154517 3.25555e-07 2.7025e-06 3.32706e-06 0.0124594 0.000274379 1.13669e-09 2.01872e-05 0.0205705 0.000886434 0.202043 0.00298945 2.69371e-06 
0.00125202 0.1108 3.46686e-05 3.36668e-08 2.79278e-08 0.000648593 0.000185089 1.13957e-08 0.000143157 5.52896e-05 1.70612e-08 3.14801e-08 5.18719e-06 0.00795642 2.26426e-08 0.128484 9.18765e-06 3.47708e-05 0.000903794 0.000180502 0.524225 1.69059e-05 0.0150536 0.000295083 0.00144154 0.000754104 6.74926e-06 0.207513 
0.00205752 6.53964e-07 3.48143e-10 3.36929e-07 4.98272e-10 0.0467435 0.00737299 2.03315e-10 0.00459539 2.27781e-07 0.0935503 8.81258e-05 0.000156092 0.811977 4.03977e-10 0.0029934 5.09693e-10 0.00392884 0.00024401 0.012673 1.59543e-06 3.81714e-10 5.16245e-07 0.00767811 1.08028e-06 0.00150069 1.19642e-05 0.00442499 
4.95151e-08 0.269981 8.27535e-09 0.000122242 1.22027e-08 5.77664e-06 0.00839369 7.32128e-13 6.97403e-05 0.000123341 3.81459e-08 1.73953e-08 1.84058e-08 0.0114175 5.7974e-05 0.00022494 5.05872e-05 3.64414e-08 0.000147653 0.109562 2.74536e-08 1.37453e-12 0.00351203 6.76698e-08 0.59633 2.0216e-08 2.41151e-09 1.04998e-07 
4.6187e-05 0.000578702 1.97672e-05 8.02314e-06 0.000166179 0.0221226 0.0011198 4.98917e-10 0.00107528 7.55486e-08 0.000112374 5.80565e-05 0.000852089 0.656581 4.41442e-05 0.034477 2.00169e-06 0.000352421 0.00466791 0.0640667 0.0467525 0.000550448 0.00177614 0.00351697 0.0401746 0.0290026 0.0288866 0.0629899 
2.95065e-06 8.9888e-06 1.52928e-06 7.07064e-07 1.04719e-10 5.32976e-06 0.0133171 4.27298e-11 4.11981e-06 4.27363e-06 0.00590691 8.50002e-07 0.000127774 0.178716 8.4902e-11 7.47562e-06 1.0712e-10 0.464927 0.0060296 0.261014 3.5328e-06 8.02231e-11 1.16248e-05 0.0151496 1.76966e-07 1.53281e-06 1.67688e-06 0.0547571 
0.00136802 0.0297372 0.00220435 2.36672e-06 1.24778e-10 0.0187188 0.00459868 5.09146e-11 0.00318692 0.00093835 0.00423537 0.0109164 5.26523e-06 0.0341185 6.26739e-08 0.0772036 1.61259e-05 0.00454462 0.00268997 0.626679 0.00512192 9.55897e-11 0.115881 0.0390054 0.000178535 2.35244e-06 0.000341957 0.0183058 
3.04975e-05 0.0191203 2.56059e-06 1.24629e-06 1.39618e-09 0.395183 2.516e-07 5.697e-10 0.000590704 1.06699e-09 8.52934e-10 1.23896e-05 0.000162085 0.201969 1.13197e-09 0.154017 5.9192e-07 1.75949e-06 0.0172473 0.0453681 0.0167239 1.06958e-09 1.43613e-06 0.0282506 0.0868605 1.07029e-06 2.17615e-05 0.0344345 
2.74469e-05 0.000234788 4.58714e-06 5.99599e-06 6.76414e-06 4.56786e-06 0.000401064 4.05829e-10 2.92843e-06 2.1359e-05 2.11448e-05 9.64245e-06 0.0183749 0.514624 3.87132e-06 4.79383e-05 9.66606e-06 0.0747598 2.3378e-05 0.390628 1.52179e-05 7.61923e-10 3.33346e-05 3.75103e-05 0.000631912 1.1206e-05 1.33673e-06 5.82018e-05 
0.00427295 0.0146593 2.57131e-08 4.43637e-08 0.011405 0.0213184 1.68543e-05 1.50164e-08 1.51278e-05 2.81243e-08 0.00224321 4.14823e-08 4.13302e-06 0.0982747 2.98369e-08 0.0240224 3.76448e-08 0.00189972 0.00172399 0.242925 0.000148288 0.0001094 0.558632 2.63124e-05 1.04685e-05 3.54366e-08 4.6813e-07 0.0182914 
3.74655e-05 0.247169 2.144e-05 3.0633e-05 1.59026e-12 0.0370759 0.0189937 6.48893e-13 0.00205383 2.05038e-05 7.4214e-09 0.000116134 5.61788e-07 0.000283528 7.05052e-07 0.0876724 3.41585e-06 3.54707e-05 3.85612e-05 0.563316 0.0016489 4.51472e-10 0.0380267 0.00188361 0.000144847 4.34371e-07 0.000150477 0.00127593 
0.00259629 0.0745606 4.63616e-08 1.8283e-06 0.000113075 0.00065659 0.0895771 1.55046e-08 4.84999e-05 0.000234941 0.000358722 2.60239e-05 6.10234e-05 0.00433977 1.43018e-06 0.0232377 9.70973e-06 0.000210462 0.0124371 0.0154521 8.92203e-05 2.68359e-08 0.168708 0.00673551 0.587504 8.88245e-06 0.000197397 0.0128336 
6.49201e-05 0.0188773 1.4915e-06 3.08732e-05 4.23277e-05 0.0536214 0.000149224 5.80415e-10 0.00362164 0.203003 0.0108573 0.000100171 0.000220524 0.335189 1.3829e-05 0.0878071 5.98839e-05 0.000960068 0.000233015 0.0935518 0.00657923 1.0897e-09 0.00110668 1.6422e-07 3.13656e-05 0.122469 0.036191 0.0252177 
0.000197547 0.00643226 0.000247604 6.00305e-05 0.000549882 0.0391383 0.00236988 2.45013e-08 0.00148322 0.000724648 0.00129632 3.20478e-06 0.000169521 0.778995 5.8156e-06 0.00736043 6.14224e-08 0.000365105 0.00133729 0.11645 0.00229241 2.74681e-06 0.00197655 0.00580636 0.00102783 0.000194984 0.028298 0.00321538 
0.0842336 0.0339907 0.00081366 0.00077705 5.03216e-08 0.521645 0.000161977 1.35605e-11 0.0126492 3.39112e-08 0.000718648 0.0060901 9.92276e-05 0.120333 3.76713e-05 0.0258285 1.3341e-05 4.0694e-05 0.0100063 0.0381414 0.0171013 0.0258144 0.00498213 0.00655095 0.000492214 0.0112872 0.0610108 0.0171807 
0.000218193 0.00162026 0.000434582 7.00269e-05 0.000351334 0.00697731 1.68672e-06 4.2596e-08 0.000378496 7.97781e-08 2.8081e-06 1.1767e-07 0.00140557 0.914805 1.14812e-05 0.000938688 4.47169e-07 1.64975e-06 0.000864875 0.00533369 0.000241231 7.99718e-08 0.00113821 2.90875e-05 0.000360775 0.063404 6.56824e-06 0.00140358 
1.15395e-10 1.49941e-07 1.17743e-06 0.0574725 2.78491e-10 0.805543 2.60621e-07 1.13636e-10 0.110749 2.12829e-10 5.17333e-08 0.00741766 1.44733e-05 3.82742e-05 3.71674e-07 0.00280485 4.89536e-07 3.37215e-05 1.11835e-06 0.0039337 2.73099e-07 2.13345e-10 1.32524e-07 3.60814e-07 0.00110456 2.68164e-10 0.0108843 2.93726e-07 
0.003779 0.010066 6.14097e-05 0.00309176 1.61689e-05 0.0662838 1.69197e-05 3.46075e-07 0.00372454 0.00017162 0.00823396 0.00025367 0.00232503 0.413176 1.00946e-05 0.0624763 4.25188e-05 0.00740846 0.0219234 0.0568127 0.131441 0.00135605 0.0710445 0.0326364 0.00417573 2.38705e-05 0.0284898 0.0709583 
6.50871e-06 0.000202524 0.00012715 8.53605e-06 0.000479172 0.134388 1.03645e-05 1.94626e-08 0.000208677 3.37983e-06 8.50802e-05 0.00357685 3.12183e-05 0.0555109 0.000148255 0.000963688 3.08148e-07 0.000293005 0.000464297 0.0340651 0.000421643 1.72086e-05 0.00411933 0.00145875 0.00127393 0.681971 0.0558792 0.0242858 
0.0142447 1.04315e-06 1.99014e-10 1.64943e-07 4.41112e-07 0.00151603 0.0385368 1.16224e-10 0.00794615 1.21647e-07 0.429074 4.92857e-07 0.00240342 0.379238 5.26062e-07 0.0636376 2.91363e-10 1.38635e-06 9.02081e-07 0.0135556 0.0105868 4.44774e-07 2.75673e-07 0.0305444 4.66147e-07 5.21229e-07 9.18548e-06 0.00870001 
0.0919973 0.00893755 3.56352e-05 0.00349238 1.71675e-07 0.0356294 0.611999 6.62113e-11 0.000663355 0.00324712 1.64185e-07 3.5128e-05 3.45087e-05 0.053106 4.91125e-05 0.0339887 5.55545e-06 0.000578524 0.0405021 0.0392461 0.00243671 0.00270465 0.00421942 0.0284815 7.51454e-08 0.000557573 0.000188538 0.0378637 
1.20208e-07 0.0256754 3.18203e-12 7.61334e-05 4.5542e-12 0.00871149 0.0109677 1.8583e-12 0.000147673 0.000188629 2.78218e-12 1.71463e-07 6.86142e-05 0.105698 4.32042e-08 0.0559278 1.91049e-08 0.000112896 0.00324556 0.170779 0.000347299 3.48887e-12 0.439823 0.000888422 0.155213 1.67085e-07 0.000205211 0.0219237 
0.000714853 1.333e-05 4.37291e-06 1.65807e-05 8.43709e-05 0.135197 5.39062e-06 3.23007e-09 0.000187138 0.000198996 0.000116144 3.06113e-05 0.000284984 0.723035 0.000680037 0.000450979 2.99615e-06 0.00100564 0.000355034 0.00219522 7.33622e-06 6.06429e-09 6.2775e-06 1.20442e-05 8.29625e-06 0.13405 0.000104816 0.00123262 
0.0011999 0.0130929 0.00213302 1.93555e-05 0.000242156 0.114968 0.000958846 9.61013e-11 0.617538 1.69647e-07 7.95815e-08 7.14971e-08 7.7728e-07 0.000283183 4.80082e-09 0.0319559 2.40917e-10 3.89807e-06 0.000347264 0.12944 0.0717846 4.83534e-09 0.00530236 0.00413801 1.24882e-07 2.26785e-10 0.000171117 0.00642076 
0.000163048 0.0320441 0.00681771 5.5687e-05 0.000144778 0.0870638 0.000801594 3.76984e-07 0.00408632 0.034214 9.02997e-05 2.52158e-05 0.000349359 0.247512 0.0378339 0.216139 8.89537e-07 0.0457238 0.00393711 0.182004 0.0155125 0.0054984 0.01165 0.00118957 0.00688477 0.000423089 0.0567503 0.00308394 
0.246386 0.00792482 1.90355e-06 0.000168109 0.00106306 0.0838766 0.000162858 1.45912e-09 0.00949511 0.000172757 9.81041e-05 4.03075e-09 0.000641935 0.104881 1.15414e-05 0.000741064 9.99536e-05 0.0113516 0.0285894 0.270056 0.0130614 2.73942e-09 0.00125673 0.0079156 0.128529 3.05379e-05 0.0194114 0.0640734 
