2.40568e-07 0.014764 1.94382e-08 2.31573e-06 6.42896e-06 0.0145257 0.00335936 0.842754 0.000345363 1.37805e-07 0.000469418 0.000422264 7.02242e-05 0.000124808 3.40873e-08 0.0355451 4.45541e-06 1.57706e-08 0.00104441 0.000358226 0.000495917 1.19347e-06 0.00613644 0.0672033 0.00161478 6.27799e-06 0.0100762 0.000669524 
0.000652139 0.0708718 3.42263e-06 0.000423272 0.000194778 0.017577 0.00565313 0.573197 0.000929543 0.0819971 2.8888e-05 0.00338473 2.88495e-06 0.00121741 6.71634e-06 0.0315559 4.67185e-05 0.000103608 0.0514037 0.0212293 0.00978757 0.000284724 0.010752 0.0227668 0.0680197 8.16576e-06 0.00194348 0.0259582 
0.00110288 0.0232601 4.51998e-05 0.00625128 0.00356684 0.194925 0.00248441 0.549775 0.0193659 1.9471e-05 0.000905719 2.19654e-05 4.51152e-05 0.0340835 5.1202e-06 0.0174828 0.00055838 0.000374988 0.041453 0.0211925 0.00402582 0.00403265 0.005745 0.0173181 0.00978407 2.16682e-06 0.000932315 0.0412402 
0.000426049 0.00229477 0.000108951 4.88989e-07 0.000696949 0.065439 0.000384075 0.866448 0.00205048 7.56263e-05 0.000185492 3.27485e-05 9.22457e-06 0.0144678 6.92578e-11 0.00177732 5.44018e-06 0.00192938 0.000378147 0.0217333 0.000266087 0.000830287 0.0175962 8.13432e-05 0.000812297 0.00037886 0.00119889 0.000392769 
0.00106704 0.0203662 3.61759e-06 7.97641e-06 0.00409551 0.0135017 0.00963354 0.373119 0.00283867 0.000231191 2.3402e-05 0.0025159 0.00195012 0.0169526 1.01939e-05 0.104356 6.95942e-05 0.00141961 0.0450241 0.0115262 0.00668904 0.011428 0.00740849 0.154025 0.0273215 0.00020701 0.00303955 0.181169 
0.0184592 0.0145293 0.000701855 0.000350984 3.26413e-05 0.0466199 0.0234275 0.294524 0.00409111 0.000203777 0.000890662 0.00421408 3.06083e-05 0.037428 4.24667e-07 0.110501 0.000230624 0.0112532 0.159885 0.0496548 0.0117197 0.000819404 0.059382 0.0646078 0.0210972 9.39977e-05 0.000780157 0.0644706 
0.000358395 0.0302507 0.000562821 3.2919e-08 0.0125227 0.0495881 0.00275502 0.388184 5.25935e-06 0.00051114 1.66822e-08 3.07809e-08 0.00188864 0.0234326 1.74435e-05 0.00689302 6.031e-07 1.3164e-07 0.0657133 0.00644961 0.025554 2.21605e-05 0.0193094 0.312829 0.00353722 0.0250957 0.00011018 0.0244083 
0.00351575 0.00162271 1.58412e-05 9.80745e-06 3.32693e-06 0.0994891 8.23487e-05 0.510447 0.000934592 0.00207459 2.03243e-06 0.00512204 3.14908e-06 0.00034366 5.326e-06 0.00745225 0.00039206 0.00320173 0.0161401 0.0144083 0.00437876 8.8293e-06 0.0108924 0.244553 0.0745 1.30716e-05 1.00905e-05 0.000378104 
0.000454879 0.0108458 0.000877933 0.00305986 5.14448e-06 0.16632 0.00314326 0.653554 0.00477627 5.88746e-10 0.000185408 0.000122019 1.10454e-06 0.0157602 2.78099e-07 0.0417266 2.56214e-07 6.04095e-10 0.00309535 0.0569332 0.00334662 5.90175e-10 0.00305049 0.00850378 2.92201e-07 0.000699803 0.00215774 0.0213798 
0.00174711 4.30172e-10 2.08784e-06 3.97097e-09 3.29406e-09 1.40269e-05 2.77338e-05 0.997501 1.5033e-05 2.51739e-09 0.000672316 3.71305e-09 8.1752e-08 6.76682e-06 2.67068e-09 2.0235e-07 2.32161e-06 2.58302e-09 5.71e-10 2.01886e-10 6.63057e-06 2.5235e-09 1.5491e-06 5.17644e-10 5.6223e-10 3.17191e-09 8.69132e-07 2.47629e-06 
0.000426049 0.00229477 0.000108951 4.88989e-07 0.000696949 0.065439 0.000384075 0.866448 0.00205048 7.56263e-05 0.000185492 3.27485e-05 9.22457e-06 0.0144678 6.92578e-11 0.00177732 5.44018e-06 0.00192938 0.000378147 0.0217333 0.000266087 0.000830287 0.0175962 8.13432e-05 0.000812297 0.00037886 0.00119889 0.000392769 
0.000285422 0.0104111 2.06723e-05 2.48287e-10 0.00294542 8.07622e-05 0.000930242 0.685499 8.31419e-05 5.01308e-07 0.000200393 2.10983e-08 0.00794084 0.00148025 1.40829e-07 0.00503053 1.7079e-05 1.27514e-05 0.231764 0.000329659 0.0150137 1.57783e-10 0.000625411 0.0101708 1.36799e-05 2.86114e-05 4.62994e-07 0.0271156 
0.000102513 0.0198665 2.33337e-05 0.00394993 2.41264e-06 0.078735 0.00353086 0.545355 0.00187149 0.000314072 0.000341132 0.000122835 2.50497e-06 0.0032399 9.46701e-05 0.108531 6.96886e-06 5.77442e-05 0.0135769 0.0320604 0.0144352 0.00972078 0.00167628 0.142479 0.00889396 4.19034e-05 0.00756738 0.00339965 
0.000220366 0.0161281 1.26205e-07 0.000347869 1.80628e-07 0.0127302 0.0014203 0.730568 3.79842e-05 4.70575e-05 2.02267e-06 0.000421974 4.49962e-05 0.0774793 2.66061e-05 0.0580863 5.07205e-05 0.000167506 0.0368953 0.013223 0.00501689 1.38375e-07 0.0318831 0.00968985 0.000765001 2.75865e-05 0.000649053 0.00407023 
0.000380702 0.0143911 0.000166726 0.000101732 2.46414e-06 0.031309 0.00473745 0.883185 0.000729778 0.000102125 0.000242651 0.000807964 6.93781e-06 0.000976226 8.72129e-06 0.0139137 8.56314e-07 4.3279e-05 0.00271476 0.00502343 0.00840509 0.00050779 0.00411738 0.0113687 0.00396142 1.75609e-06 0.000477936 0.012315 
0.0604228 0.00116014 0.0336505 0.000746534 0.000596051 0.21276 0.000100716 0.295878 0.000239684 0.0060028 0.0010761 0.000407362 1.71219e-05 0.205398 0.000281621 0.00531532 0.00105096 0.00203176 0.000839331 0.0679255 0.000112789 0.0264249 0.0412302 8.60896e-05 0.012012 0.000158481 0.0153179 0.00875728 
1.47578e-07 0.00139538 2.48851e-07 0.00292002 3.56162e-07 1.8588e-08 0.360982 0.611966 0.00287855 2.74908e-05 2.1758e-07 0.00317197 6.53582e-08 0.00458371 2.8876e-07 0.00139115 3.64325e-07 2.79282e-07 0.00167934 2.18284e-08 0.00430386 2.72847e-07 4.66295e-08 0.000811605 6.69294e-05 3.42955e-07 0.000604434 0.00321464 
1.15433e-08 0.136016 1.73543e-05 3.35832e-08 2.78584e-08 0.0810927 5.17001e-09 0.497422 0.00347737 2.129e-08 8.30832e-05 2.94132e-05 5.11222e-09 0.132374 2.25864e-08 0.000323982 2.8497e-08 5.68586e-06 0.129418 1.70738e-09 4.33889e-05 2.13417e-08 0.00910744 0.00915092 4.75487e-09 4.823e-05 3.17281e-09 0.00139121 
3.53203e-07 1.22275e-05 5.9558e-07 1.02758e-06 0.00417303 0.00227157 1.58192e-07 0.986313 2.46038e-07 6.5143e-07 0.000158231 9.60834e-07 1.56423e-07 0.00384818 2.72413e-06 0.00274157 8.71949e-07 3.60618e-05 2.1899e-05 5.22424e-08 9.89491e-05 9.67312e-06 3.04291e-07 0.000216352 1.31488e-05 5.42044e-05 9.80707e-06 1.35961e-05 
9.11083e-05 0.00438644 1.61076e-07 9.03016e-10 1.59832e-07 4.46317e-05 3.34059e-05 0.498702 0.000637828 4.29633e-07 8.30289e-05 5.16658e-07 0.00031158 0.00478153 6.07325e-10 0.0436836 2.17113e-07 9.43155e-05 0.0955832 0.00195044 0.332916 6.53837e-08 0.0128988 0.00376428 2.83504e-05 2.64456e-06 2.74959e-06 3.23358e-06 
0.000224457 0.0127443 1.59496e-05 8.53986e-06 2.33012e-05 0.00625862 0.0261547 0.748327 0.000420197 5.06272e-05 0.000147381 4.30139e-06 3.95679e-05 0.000403053 6.35168e-08 0.0143297 7.44706e-05 3.79527e-05 0.00813331 0.00662503 0.000168076 6.727e-06 0.127856 0.0163859 0.010307 1.31521e-08 0.0153389 0.00591519 
0.00583358 0.0617516 0.00158648 3.74505e-06 0.00595422 0.0892967 0.000365323 0.537952 0.0450315 0.000458387 0.000105789 0.000606417 1.02196e-06 0.143816 9.10657e-05 0.0321576 5.96898e-06 0.015399 0.00915876 0.00831905 1.35949e-06 1.4035e-05 5.37373e-05 0.00188957 0.0108781 1.31302e-06 0.00836525 0.0209019 
0.00105669 0.00831611 1.0419e-05 5.46464e-05 0.00151678 0.0551116 0.177546 0.203832 0.000263625 0.00181178 0.00616848 0.000815109 6.75486e-05 0.0128058 3.3396e-07 0.122748 0.000276602 0.000831889 0.0261311 0.144855 0.00583437 0.00299687 0.0178528 0.0630254 0.0471779 0.000372562 0.00754161 0.0909794 
0.00138176 0.00250433 0.00297815 0.00015285 4.51927e-07 0.0580671 0.0017636 0.500679 0.00295907 0.000675191 1.71337e-06 1.68199e-05 5.4307e-05 0.171648 0.10003 0.00381263 1.68441e-05 0.0113578 0.00143031 0.0339119 0.000308793 2.40777e-09 0.00185611 0.00159347 0.0857513 0.000282852 0.000150403 0.0166157 
9.90756e-05 0.018012 9.17147e-06 3.29079e-08 1.93089e-07 0.00701418 0.0372397 0.736907 0.000336303 4.22674e-05 0.000179952 8.76892e-08 3.30511e-05 2.45094e-08 8.64339e-09 0.0117849 9.52221e-05 3.52015e-05 0.00279477 0.000298506 6.64134e-05 8.86866e-06 0.139625 0.0128687 0.0126782 6.87284e-12 0.0142122 0.00565893 
0.000401346 0.00752247 1.10176e-06 6.34901e-05 3.3437e-05 0.0472993 0.0185529 0.675236 4.4227e-05 0.000287071 1.5441e-05 0.00880391 3.62799e-05 0.00299941 1.46823e-05 0.0269439 0.000319864 0.0136239 0.0169225 0.0114695 0.000217689 1.32269e-05 0.0201712 0.0170113 0.0549307 1.56636e-05 0.0492704 0.0277792 
0.000426049 0.00229477 0.000108951 4.88989e-07 0.000696949 0.065439 0.000384075 0.866448 0.00205048 7.56263e-05 0.000185492 3.27485e-05 9.22457e-06 0.0144678 6.92578e-11 0.00177732 5.44018e-06 0.00192938 0.000378147 0.0217333 0.000266087 0.000830287 0.0175962 8.13432e-05 0.000812297 0.00037886 0.00119889 0.000392769 
0.000752074 0.0269118 1.04899e-05 0.000243433 0.000283767 0.0379841 0.0860008 0.233656 0.0140674 0.000343681 0.000323427 0.000565896 0.000295892 0.0178687 0.000312697 0.0549702 5.22194e-05 0.000529165 0.0370005 0.0956977 0.0181481 0.0150981 0.0280145 0.0490535 0.161787 0.000242434 0.0011917 0.118595 
6.81246e-07 0.0138751 5.46545e-10 9.42974e-10 7.82231e-10 0.000307452 0.00149645 0.966648 2.25782e-10 2.84179e-07 7.777e-07 8.81728e-10 3.30481e-07 0.00536549 2.65993e-07 7.17198e-11 1.09212e-05 4.57858e-07 0.000635901 0.00041662 2.25133e-07 5.99248e-10 0.000824494 0.00141309 0.00900124 8.17469e-07 1.60079e-07 1.708e-06 
0.00268617 0.00108962 3.80822e-06 6.57045e-06 0.00102988 0.00231279 0.00054987 0.526052 0.000419651 0.000309848 0.00787252 0.218927 6.21678e-05 0.06826 4.41897e-06 0.00430133 5.57535e-06 4.27392e-06 0.00624268 0.000379195 0.000138138 1.3461e-05 0.000162578 0.000413232 0.00728094 0.000464828 6.2075e-07 0.151007 
0.000357342 0.00812876 1.28988e-05 1.32943e-05 1.25332e-07 0.00572933 0.0138901 0.775527 0.000481787 6.13186e-05 0.000107847 5.69265e-08 4.5783e-05 0.00055217 5.61992e-09 0.0154535 6.08838e-05 1.00848e-05 0.00982302 0.0160057 0.000226511 2.54477e-06 0.112498 0.0208128 0.00856349 3.27002e-08 0.00698538 0.0046505 
0.00269155 0.0432205 0.000302137 1.18858e-05 0.000168079 0.0434468 0.00398899 0.570109 0.00109465 0.00619177 0.000680838 0.0036122 1.82923e-05 0.0281349 0.0016863 0.0857934 1.07264e-05 0.00145506 0.0165288 0.0108351 0.00606775 0.00415015 0.00345906 0.0808461 0.00718978 0.0238388 0.00973658 0.0447305 
0.000224457 0.0127443 1.59496e-05 8.53986e-06 2.33012e-05 0.00625862 0.0261547 0.748327 0.000420197 5.06272e-05 0.000147381 4.30139e-06 3.95679e-05 0.000403053 6.35168e-08 0.0143297 7.44706e-05 3.79527e-05 0.00813331 0.00662503 0.000168076 6.727e-06 0.127856 0.0163859 0.010307 1.31521e-08 0.0153389 0.00591519 
1.17187e-07 0.0414235 1.06816e-06 2.13931e-06 4.37641e-10 0.0259294 0.0225278 0.579518 0.000110461 0.0453642 4.35291e-07 0.00263168 0.000105869 0.00404348 5.80885e-08 0.052154 0.000189366 0.000660862 0.00745368 0.00643035 0.00785121 4.82707e-06 0.00180254 0.0867304 0.0171023 6.83987e-08 0.000100821 0.0978618 
0.000626784 0.0156601 0.00174361 1.19275e-05 8.54453e-06 0.0125117 0.00363352 0.202059 0.0190754 0.000257323 4.77432e-05 0.00170316 9.31177e-06 0.00230902 0.000472196 0.0232912 0.000206041 0.00171081 0.130188 0.0289295 0.0736216 8.02409e-08 0.147647 0.146381 0.0973764 4.4341e-05 0.000465108 0.0900094 
0.0198485 0.082078 0.000118481 0.00503682 0.000154025 0.0520138 0.0100491 0.325362 0.00188057 0.000288251 9.1621e-05 0.000488492 0.0310469 0.0137683 4.61667e-07 0.0299516 0.000654332 0.000254789 0.0979808 0.0733991 0.0155835 3.88532e-06 0.0219363 0.0653367 0.0692009 6.26031e-06 4.2038e-05 0.0834248 
1.17187e-07 0.0414235 1.06816e-06 2.13931e-06 4.37641e-10 0.0259294 0.0225278 0.579518 0.000110461 0.0453642 4.35291e-07 0.00263168 0.000105869 0.00404348 5.80885e-08 0.052154 0.000189366 0.000660862 0.00745368 0.00643035 0.00785121 4.82707e-06 0.00180254 0.0867304 0.0171023 6.83987e-08 0.000100821 0.0978618 
0.0100113 0.0451977 1.99071e-05 4.03587e-05 0.000150744 0.0198444 0.0720207 0.492374 0.000363794 2.37142e-05 0.000987829 0.00163022 0.000776831 0.0339598 0.00100117 0.0483337 0.000107841 0.000592749 0.0246195 0.0249511 0.00319805 0.00171415 0.00365712 0.141126 0.0214597 0.000181132 0.00169917 0.0499573 
7.40497e-09 0.0103863 1.31227e-07 2.15434e-08 3.99613e-06 0.00156053 3.31652e-09 0.793217 0.00107933 1.35672e-05 1.09174e-08 2.01441e-08 1.16172e-07 0.00958994 1.4489e-08 0.00797152 7.26732e-05 1.40134e-08 0.00711064 0.000245908 0.0162018 4.06348e-06 0.00236363 0.137393 0.00110191 1.72083e-08 2.43251e-07 0.0116837 
0.00538493 0.0241422 0.0111379 6.21925e-05 7.31296e-07 0.0311591 0.00898456 0.584657 0.000570062 0.000635848 0.000423254 0.00205038 0.000733289 0.00178978 5.35871e-05 0.0528974 1.43201e-05 0.002269 0.0245541 0.02692 0.00524579 0.00336905 0.0125821 0.0314945 0.0218457 0.000177314 0.00160741 0.145239 
0.000426049 0.00229477 0.000108951 4.88989e-07 0.000696949 0.065439 0.000384075 0.866448 0.00205048 7.56263e-05 0.000185492 3.27485e-05 9.22457e-06 0.0144678 6.92578e-11 0.00177732 5.44018e-06 0.00192938 0.000378147 0.0217333 0.000266087 0.000830287 0.0175962 8.13432e-05 0.000812297 0.00037886 0.00119889 0.000392769 
0.00175509 0.0261471 6.81129e-08 7.52123e-06 0.00172983 0.00674621 0.0178305 0.717348 0.000884886 0.000147795 0.00189781 5.02824e-07 0.000145927 0.0626399 3.03127e-06 0.0683811 2.28908e-05 8.19031e-06 0.000631313 0.00152351 0.0088206 5.04443e-07 0.0271011 0.016664 0.0254158 0.000152585 0.00406209 0.00993237 
0.00545709 0.142234 6.81108e-06 0.000298609 0.000314849 0.099436 0.0424362 0.257848 0.0254731 1.93801e-05 0.00652876 0.000246152 7.19926e-05 0.197299 5.51098e-06 0.017145 1.24557e-07 2.72837e-07 0.0138042 0.0901881 0.0126841 1.93006e-06 0.00770855 0.0100874 0.0335068 0.000460957 0.0228467 0.0138902 
0.000426049 0.00229477 0.000108951 4.88989e-07 0.000696949 0.065439 0.000384075 0.866448 0.00205048 7.56263e-05 0.000185492 3.27485e-05 9.22457e-06 0.0144678 6.92578e-11 0.00177732 5.44018e-06 0.00192938 0.000378147 0.0217333 0.000266087 0.000830287 0.0175962 8.13432e-05 0.000812297 0.00037886 0.00119889 0.000392769 
0.0101037 4.61426e-07 2.46878e-06 4.25948e-06 3.53339e-06 0.00885167 0.00229572 0.932109 1.01987e-06 2.70029e-06 2.15856e-06 3.98283e-06 6.48402e-07 0.0216198 2.86472e-06 3.23964e-07 3.61438e-06 2.77069e-06 6.12486e-07 0.000476635 7.28614e-07 2.70685e-06 0.003655 5.55253e-07 0.00440308 0.00953003 4.02419e-07 0.00691914 
3.51388e-05 0.00104092 6.61603e-06 1.26699e-05 1.64186e-06 0.0241112 0.000414356 0.321813 0.000587266 2.66137e-06 0.0868168 3.43964e-05 9.39982e-06 0.167373 4.99004e-08 0.033831 0.00242483 5.48612e-06 0.0877509 0.00784126 0.0196234 1.5517e-05 0.000749369 0.165917 0.0164916 0.000194637 0.0259367 0.0369588 
8.41909e-06 0.0514968 3.40426e-08 0.0116387 0.0027293 0.0810099 0.182109 0.26198 0.000342307 1.4884e-05 0.000419918 0.000125236 1.08385e-05 0.00155575 0.000223492 0.0831407 1.67257e-06 1.16755e-06 0.0495296 0.0484661 0.000488437 1.83159e-07 0.0569845 0.113435 0.0525447 4.82315e-07 0.00173891 3.55529e-06 
5.92543e-06 0.0227457 1.20587e-05 2.54949e-06 2.81144e-05 0.0103877 0.0018509 0.598283 0.000922953 1.79108e-06 0.00479362 0.000786572 7.03067e-08 0.000120491 1.70181e-10 0.0470164 6.9129e-05 1.33022e-05 0.00111065 0.0159206 0.00317549 1.05818e-05 0.000882113 0.289593 0.000613218 2.45524e-05 6.03809e-05 0.00156912 
1.58973e-11 0.150804 2.68065e-11 5.5553e-08 3.83662e-11 0.144431 7.12005e-12 0.421408 9.74591e-05 2.93202e-11 2.3438e-11 4.32462e-11 1.22195e-08 0.000158803 3.11056e-11 0.0145178 3.92456e-11 3.06653e-08 6.65048e-12 0.0920422 1.95744e-07 2.93914e-11 0.172378 5.81792e-05 0.000913252 2.02734e-08 0.00227871 0.000911567 
4.37127e-05 0.0485226 8.30487e-05 1.05981e-05 2.9209e-08 0.00257253 0.00453792 0.6601 5.17681e-05 5.34097e-05 8.15794e-06 0.00618526 0.0180633 0.00168923 1.46482e-05 1.79984e-05 0.00779646 0.0360045 0.0473622 0.00134749 7.43903e-06 0.000702496 0.0060878 0.0979741 0.0558523 3.11522e-06 0.000208666 0.00469921 
0.000242739 0.000591143 1.16478e-06 9.60952e-05 2.17743e-07 0.0114451 9.04673e-06 0.606511 0.0014254 2.68368e-06 9.72627e-05 7.91873e-06 7.97541e-07 0.0505333 1.76536e-07 0.08969 5.74855e-06 0.0141492 0.00739427 0.00259049 0.0587922 2.97745e-05 0.00483592 0.093061 0.0391289 0.000191411 1.73045e-06 0.0191654 
1.47559e-05 0.0185729 8.36117e-05 1.44711e-07 0.000900852 0.0552294 0.00516509 0.790534 0.000929854 0.00298991 2.40626e-05 0.00155301 7.37749e-06 0.0128544 2.88873e-06 0.0167522 0.00154173 0.000594421 0.00285791 0.0136564 0.011653 1.04145e-08 0.0064805 0.0165427 0.0111627 4.7346e-06 4.65916e-05 0.0298451 
0.000223899 0.0306998 3.36973e-06 0.00014351 0.000224575 0.0883829 0.0407192 0.642389 0.0539992 4.9417e-05 9.09013e-09 0.0023101 2.74198e-05 0.00173529 1.89733e-06 0.0545986 1.76737e-06 9.90021e-05 0.0188742 0.00634574 0.00230554 4.87598e-05 0.0172384 0.00968716 0.0134736 0.000183296 0.000326006 0.0159084 
0.0036033 0.00725804 0.000218432 7.51976e-05 0.00605773 0.196982 0.00120577 0.371612 0.00251339 7.16157e-05 0.00369636 0.000187561 3.24847e-05 0.0190471 1.22253e-08 0.00737319 4.61791e-06 0.00175164 0.00113931 0.0639934 0.00106849 0.00127094 0.0253696 0.00591534 0.0157187 0.000144447 0.262221 0.00146785 
0.00751447 0.0292055 1.1993e-07 0.000332075 5.70305e-05 0.00970223 0.00174485 0.474631 0.00260713 1.31177e-07 1.0486e-07 2.83807e-05 1.76308e-05 0.0102464 6.33625e-06 0.124755 1.75582e-07 0.000175176 0.076426 0.203032 0.00223409 1.09479e-05 0.0226892 0.00629467 0.00814248 1.65283e-07 4.17219e-05 0.020105 
0.00324453 0.0580931 0.000159282 3.43472e-05 1.29413e-07 0.100624 0.0112579 0.307625 0.00183463 0.0001186 1.53093e-05 0.000557357 0.000118549 0.0769826 0.000573846 0.0739403 8.2507e-05 0.000290894 0.0298977 0.0240698 0.00081143 8.74715e-07 0.0659478 0.187292 0.0322688 0.000269142 0.00222857 0.0216609 
3.31156e-05 0.0236276 1.13168e-07 1.79584e-09 0.00390944 0.0989615 8.03554e-05 0.505945 0.0116439 0.000256581 0.000700333 0.00103851 0.110406 0.00886744 0.000424108 0.0414747 0.000113551 1.81461e-07 0.0098961 0.00332178 0.0406655 0.000838414 0.00176853 0.00791327 0.00644163 0.000690147 2.26682e-05 0.120959 
0.000264843 0.0112137 1.50735e-05 1.05086e-05 1.48759e-05 0.00612301 0.0219452 0.756973 0.000449527 5.44672e-05 0.000134965 2.75899e-06 4.18979e-05 0.000467311 4.25651e-08 0.0148467 7.06356e-05 2.80023e-05 0.00869146 0.00928302 0.00019344 5.25246e-06 0.123523 0.017891 0.0097909 1.8796e-08 0.0124264 0.00553985 
1.10862e-06 0.00123841 1.86939e-06 1.08279e-05 0.00170825 0.00043555 0.00119469 0.797962 0.0739548 2.04469e-06 1.63449e-06 5.51053e-05 1.4234e-05 0.0221295 1.86543e-05 0.0234498 2.73685e-06 0.000174221 0.0514293 2.52877e-06 5.41963e-05 0.00102388 0.021421 0.00100067 0.000937879 2.57631e-06 0.000339003 0.00143349 
0.00419148 0.0121835 6.73202e-05 5.11959e-05 0.000602033 0.0499938 0.00402683 0.379735 0.00247846 0.000530496 0.000456541 1.2199e-05 0.000197533 0.0926894 3.17738e-07 0.0114743 2.34007e-05 0.00556385 0.000347555 0.0615204 0.00330088 0.000244854 0.0326811 0.0152185 0.319101 0.000242385 0.00115532 0.00191059 
0.00121144 0.0244208 0.0435268 2.64135e-05 2.53569e-07 0.0635821 0.0183264 0.330933 0.00141205 2.10668e-06 3.76365e-07 5.17796e-05 0.000496659 0.0108852 0.135276 0.0818246 1.8567e-05 0.00137278 0.0418185 0.000382965 0.00476316 4.64659e-05 0.0474582 0.00145213 0.174896 0.00126077 0.000273033 0.0142815 
1.26064e-05 0.0432056 1.96794e-07 2.03005e-05 7.48279e-05 0.0269575 0.0120756 0.404317 0.00229575 2.15248e-07 1.72065e-07 3.17483e-07 2.6613e-05 0.0339675 2.28355e-07 0.119234 0.00962567 0.00504946 0.0660911 0.0251338 0.0103888 0.023614 0.00113931 0.0809413 2.62111e-06 2.71213e-07 2.13874e-05 0.135803 
0.000454879 0.0108458 0.000877933 0.00305986 5.14448e-06 0.16632 0.00314326 0.653554 0.00477627 5.88746e-10 0.000185408 0.000122019 1.10454e-06 0.0157602 2.78099e-07 0.0417266 2.56214e-07 6.04095e-10 0.00309535 0.0569332 0.00334662 5.90175e-10 0.00305049 0.00850378 2.92201e-07 0.000699803 0.00215774 0.0213798 
0.000259286 0.0116284 1.56052e-05 1.42133e-05 2.01017e-05 0.00617891 0.0232173 0.748101 0.000450653 5.43921e-05 0.000139002 3.71469e-06 4.23578e-05 0.000481466 5.54078e-08 0.0150315 7.1166e-05 3.27212e-05 0.00855718 0.0123129 0.000212658 5.801e-06 0.125577 0.018097 0.0099552 1.58574e-06 0.0138241 0.00571427 
0.000357342 0.00812876 1.28988e-05 1.32943e-05 1.25332e-07 0.00572933 0.0138901 0.775527 0.000481787 6.13186e-05 0.000107847 5.69265e-08 4.5783e-05 0.00055217 5.61992e-09 0.0154535 6.08838e-05 1.00848e-05 0.00982302 0.0160057 0.000226511 2.54477e-06 0.112498 0.0208128 0.00856349 3.27002e-08 0.00698538 0.0046505 
0.000205988 0.0134635 1.59963e-05 7.55028e-06 2.53182e-05 0.0063331 0.0280058 0.744948 0.000407052 4.90039e-05 0.000152837 4.67127e-06 3.85291e-05 0.000366081 6.86293e-08 0.0140583 7.65541e-05 4.12494e-05 0.00774369 0.00548125 0.000155623 7.31053e-06 0.129774 0.0157406 0.0105717 1.07342e-08 0.0162919 0.00603386 
7.6201e-05 3.46743e-06 0.000149977 3.55517e-07 3.48259e-11 0.00617691 0.00057092 0.990978 0.000823456 1.44778e-07 0.000205714 2.88754e-07 2.4748e-09 1.26517e-06 2.82353e-11 0.000598714 0.000147592 4.16911e-07 1.31855e-06 1.04029e-06 4.798e-07 1.13801e-07 4.71131e-08 7.7626e-07 4.07842e-08 3.11223e-08 0.000260691 1.78223e-06 
0.00282507 0.0746064 6.78842e-06 8.41332e-06 0.00187918 0.0530944 0.00242502 0.263878 0.00644935 6.65691e-06 0.00191697 0.01628 6.45041e-05 0.0104082 4.00013e-05 0.124779 2.04839e-05 0.000127789 0.0709599 0.042666 0.013224 0.00166134 0.0410605 0.0702762 0.0713273 0.000190882 0.0447092 0.0851076 
0.000379759 0.0400903 1.96898e-06 7.03983e-06 0.000124646 0.0141061 0.00037088 0.639976 0.000839446 0.000455262 1.11726e-06 7.49743e-09 1.53586e-05 0.0392062 8.18681e-05 0.016461 0.00038148 8.32042e-07 0.0477691 0.0248006 0.00103524 5.09548e-09 7.81026e-05 0.120292 0.0339155 3.6918e-05 1.47877e-05 0.0195589 
2.4236e-10 0.0365147 4.08674e-10 1.64424e-06 1.27739e-06 0.0149338 0.0536027 0.392794 0.00312243 4.46996e-10 1.1529e-08 1.48217e-06 9.54165e-08 0.00562103 2.67349e-07 0.039648 5.98311e-10 4.05349e-07 0.0337252 9.54011e-05 4.1067e-07 4.48082e-10 0.0198045 0.369897 0.0302221 1.02164e-06 1.18154e-05 4.19688e-07 
0.000181328 0.00382237 8.61601e-07 0.000611769 8.05749e-05 0.0573242 0.00373799 0.775693 0.0364303 6.15772e-05 7.53334e-07 0.000702425 1.57788e-05 0.0483089 4.63211e-05 0.000886781 5.47534e-05 0.00158746 0.000527841 0.00014032 0.00163252 0.00482752 0.000169432 0.000258908 0.0589281 0.000570044 1.40444e-07 0.00339811 
0.000426049 0.00229477 0.000108951 4.88989e-07 0.000696949 0.065439 0.000384075 0.866448 0.00205048 7.56263e-05 0.000185492 3.27485e-05 9.22457e-06 0.0144678 6.92578e-11 0.00177732 5.44018e-06 0.00192938 0.000378147 0.0217333 0.000266087 0.000830287 0.0175962 8.13432e-05 0.000812297 0.00037886 0.00119889 0.000392769 
0.00212408 0.0333761 0.00131036 0.000190229 5.81391e-08 0.0327902 0.0243968 0.473575 0.000687103 0.000196893 0.000849879 0.000848973 9.25013e-05 0.0035758 3.81264e-05 0.0534985 2.06231e-05 0.00418402 0.00978021 0.0175988 0.00710254 0.00247551 0.0363484 0.0711142 0.0691372 0.000340747 0.00886495 0.145482 
0.000328064 0.00476947 6.23018e-07 5.08747e-08 6.30303e-07 0.00112796 0.000921995 0.458391 0.00243755 0.000108965 7.3157e-05 1.22664e-05 0.00376363 0.00623034 0.00364357 0.0379289 4.27974e-06 4.7172e-05 0.248768 0.00296333 0.198871 4.7001e-07 0.00424401 0.0139064 0.0015561 0.000134617 3.25133e-06 0.00976324 
1.43091e-06 0.000620656 1.39702e-06 4.8637e-05 6.82867e-06 0.0121279 0.000715043 0.35064 1.01699e-05 6.15752e-06 5.53586e-07 1.23168e-08 7.5019e-06 0.000223261 5.19166e-08 0.11408 1.94848e-07 0.000213741 0.0082359 0.00779743 0.00109402 8.37089e-09 0.00467734 0.27951 0.212234 1.05494e-07 0.00163456 0.00611393 
0.00321636 0.0521601 0.000909525 7.0382e-05 6.59442e-06 0.0416544 0.102679 0.155603 0.00071584 0.00224383 0.00255071 0.00637773 0.00139913 0.0217826 4.62005e-06 0.110338 0.00115712 0.0116884 0.133714 0.0483567 0.00149587 5.73175e-07 0.144608 0.0634604 0.0322961 0.000134413 0.00313496 0.0582423 
0.00184217 1.80613e-05 9.8373e-07 7.25412e-05 0.0305787 0.0319476 0.00145523 0.714076 0.000321868 3.13489e-06 0.00100073 1.58703e-06 3.3336e-05 0.168817 1.1415e-06 0.00664155 3.80239e-06 4.4238e-06 0.000322897 0.000494003 2.90329e-07 1.07859e-06 0.00308206 2.2125e-07 0.00425365 0.00303124 0.0306521 0.00134214 
0.0460087 0.0111612 0.000273308 0.000443542 0.00859828 0.142971 0.00261173 0.374085 0.0290809 0.000180294 0.00854267 0.00245855 2.68645e-05 0.246903 1.31938e-08 0.00287426 4.3595e-06 0.000667169 0.0161664 0.0321794 0.00405328 0.000641715 0.030196 0.000329261 0.00168826 0.000629303 0.0299814 0.00724428 
1.77669e-05 0.0704257 4.81414e-07 8.20025e-06 4.39404e-05 0.0183562 0.0489566 0.538577 5.77937e-05 7.2383e-05 7.7505e-06 0.0657507 1.83764e-05 0.00150783 2.4935e-06 0.185026 7.58497e-05 0.000246489 0.000856485 0.00592478 0.000104072 1.50457e-06 0.0523046 0.00254742 0.00361039 6.63464e-07 0.00316802 0.00233036 
8.9243e-05 0.0139211 0.000229628 0.000131665 4.14346e-08 0.105016 0.0355421 0.331078 0.0188158 0.000655272 0.00119987 2.43276e-06 4.21611e-06 0.0860203 1.36596e-06 0.0199534 9.83448e-05 0.0434218 0.0599649 0.0182379 0.000611109 8.90964e-07 0.111258 0.116272 0.0249282 2.46869e-08 0.00313968 0.00940761 
7.89425e-07 0.00416758 5.92625e-09 1.02248e-08 8.48181e-09 9.27965e-05 0.005062 0.967906 2.44817e-09 3.33787e-07 9.0224e-07 9.56067e-09 3.93839e-07 0.00161265 3.21995e-07 7.77665e-10 3.71128e-06 5.34396e-07 0.0145549 0.000125674 0.00038771 6.49771e-09 0.00185826 0.000426271 0.00270607 9.50809e-07 1.85624e-07 0.00109218 
0.000160272 0.0083277 2.03638e-06 7.18087e-05 1.10493e-05 0.0430325 0.000322969 0.532898 0.000105112 1.17928e-06 0.00567929 0.0201097 5.68287e-08 0.0197741 1.11151e-08 0.0605448 2.77387e-05 0.00765501 0.167264 0.0672701 3.41576e-06 1.05025e-08 0.00181042 0.029093 0.0219631 8.19052e-07 0.00117392 0.0126981 
2.10134e-05 0.165135 0.000844504 1.36528e-06 4.04634e-06 0.00598925 0.000290456 0.437251 1.02492e-05 8.66313e-10 1.69552e-06 0.000960706 1.30342e-06 0.00643099 9.19065e-10 1.64228e-06 0.0965508 4.52411e-07 0.123125 0.00375961 3.56057e-06 8.68416e-10 0.0137715 0.0556636 0.0821298 0.0021949 9.48629e-09 0.00585682 
0.000175015 0.175941 0.000672414 7.48461e-07 6.20875e-07 0.00919067 1.15223e-07 0.378064 0.0191618 4.74486e-07 0.00463674 0.00618095 1.13935e-07 0.0282306 5.03378e-07 0.300157 6.35106e-07 4.86856e-07 0.0197534 0.00343668 0.0211256 4.75638e-07 8.12863e-08 0.0264731 1.05971e-07 5.97852e-07 7.07116e-08 0.00679593 
0.00098804 0.0545292 0.000653384 2.60058e-05 2.0002e-08 0.0617981 0.0344943 0.252747 0.00491119 0.000158457 0.000372579 0.000213021 0.000362081 0.136426 2.11895e-10 0.0539482 1.50493e-08 0.00110191 0.0265176 0.0679658 0.0514528 9.75655e-07 0.091064 0.0347082 0.00165805 7.89898e-05 0.000125392 0.123699 
0.000426049 0.00229477 0.000108951 4.88989e-07 0.000696949 0.065439 0.000384075 0.866448 0.00205048 7.56263e-05 0.000185492 3.27485e-05 9.22457e-06 0.0144678 6.92578e-11 0.00177732 5.44018e-06 0.00192938 0.000378147 0.0217333 0.000266087 0.000830287 0.0175962 8.13432e-05 0.000812297 0.00037886 0.00119889 0.000392769 
0.000600316 0.0113991 3.58623e-07 3.11561e-09 2.58451e-09 0.000139521 0.000469773 0.856021 5.73472e-05 1.97514e-09 0.000201951 4.09033e-07 3.63204e-08 8.19556e-07 5.85332e-08 0.0176426 2.87472e-07 6.33264e-07 0.0198772 1.58399e-10 0.00365217 5.94973e-05 1.02361e-05 0.0895489 5.96624e-05 2.28204e-07 2.84742e-08 0.000257334 
0.000426049 0.00229477 0.000108951 4.88989e-07 0.000696949 0.065439 0.000384075 0.866448 0.00205048 7.56263e-05 0.000185492 3.27485e-05 9.22457e-06 0.0144678 6.92578e-11 0.00177732 5.44018e-06 0.00192938 0.000378147 0.0217333 0.000266087 0.000830287 0.0175962 8.13432e-05 0.000812297 0.00037886 0.00119889 0.000392769 
0.00032043 0.00111839 0.00014577 5.17224e-06 0.000393124 0.00019143 0.000493778 0.818323 0.000298028 3.27894e-06 0.000504096 0.0192461 0.000132395 0.0830677 3.4786e-06 0.00600954 0.000994334 0.000342145 0.000957843 0.000240689 0.0662302 3.2869e-06 8.42753e-05 7.39979e-05 7.32312e-07 4.13146e-06 0.000177626 0.000634921 
9.90756e-05 0.018012 9.17147e-06 3.29079e-08 1.93089e-07 0.00701418 0.0372397 0.736907 0.000336303 4.22674e-05 0.000179952 8.76892e-08 3.30511e-05 2.45094e-08 8.64339e-09 0.0117849 9.52221e-05 3.52015e-05 0.00279477 0.000298506 6.64134e-05 8.86866e-06 0.139625 0.0128687 0.0126782 6.87284e-12 0.0142122 0.00565893 
5.93101e-07 0.00993904 1.0001e-06 1.72551e-06 1.43138e-06 0.0907994 2.65637e-07 0.650722 1.83456e-05 1.09389e-06 6.83419e-06 0.0109225 2.62667e-07 1.96808e-07 4.57547e-06 0.0674126 1.58329e-05 1.12241e-06 0.122658 0.000437166 0.000520563 1.09654e-06 0.025473 0.0152243 3.15305e-05 4.83919e-06 0.00462666 0.00117422 
0.011391 0.00324761 1.15184e-06 0.000212437 0.000236266 0.0350892 8.44036e-07 0.588857 8.19398e-06 6.22143e-07 0.000611768 0.0249846 9.29072e-08 0.0628443 1.90851e-09 4.83976e-07 2.40794e-09 1.81299e-05 0.0888218 0.0494567 2.84673e-06 1.80333e-09 0.0209671 0.0378564 0.0188486 1.63679e-06 0.000627279 0.0559136 
0.000224457 0.0127443 1.59496e-05 8.53986e-06 2.33012e-05 0.00625862 0.0261547 0.748327 0.000420197 5.06272e-05 0.000147381 4.30139e-06 3.95679e-05 0.000403053 6.35168e-08 0.0143297 7.44706e-05 3.79527e-05 0.00813331 0.00662503 0.000168076 6.727e-06 0.127856 0.0163859 0.010307 1.31521e-08 0.0153389 0.00591519 
0.0064851 0.0270115 1.1881e-06 2.97145e-05 0.00129362 0.0427797 0.00520818 0.637249 0.0128546 0.00919925 0.00849242 0.00019619 0.0683409 0.0102873 1.48433e-05 0.0170868 0.00146585 1.13379e-05 0.0336648 0.0456236 0.0386198 2.44463e-05 0.00650861 0.0073301 0.000193378 4.63519e-05 0.00881774 0.0111633 
0.00093157 0.153345 2.39502e-05 0.000376047 0.0131303 0.147662 0.00691996 0.211026 0.0531071 1.856e-06 0.0095284 4.55213e-05 0.0158658 0.00644526 1.8015e-05 0.16024 3.50732e-05 4.50254e-05 0.00716087 0.0563763 0.0138224 0.0785415 0.019972 0.0128283 0.0150711 2.31199e-05 0.00524115 0.0122171 
0.000421211 0.0131889 1.63153e-05 2.08579e-10 0.000567152 4.27771e-06 0.00065145 0.727065 0.000105652 8.42494e-08 0.000115572 1.95031e-10 0.00701463 0.00211076 3.18089e-06 0.00761567 1.06514e-07 2.03538e-05 0.205417 0.000308161 0.0152056 1.32549e-10 0.000693049 0.00907001 1.86852e-07 2.0311e-05 1.90833e-07 0.0103847 
1.17187e-07 0.0414235 1.06816e-06 2.13931e-06 4.37641e-10 0.0259294 0.0225278 0.579518 0.000110461 0.0453642 4.35291e-07 0.00263168 0.000105869 0.00404348 5.80885e-08 0.052154 0.000189366 0.000660862 0.00745368 0.00643035 0.00785121 4.82707e-06 0.00180254 0.0867304 0.0171023 6.83987e-08 0.000100821 0.0978618 
6.14851e-06 0.0200685 1.0896e-05 0.00235787 0.0010296 0.223309 0.00392132 0.39957 0.00305392 1.15253e-05 0.00147636 0.0102401 3.34717e-06 0.00117458 1.71153e-06 0.100152 0.0201354 1.26431e-08 0.0158388 0.0532592 0.00133814 1.62036e-07 0.0023218 0.0712075 0.0134508 3.5644e-06 0.0199087 0.0361489 
0.000156369 0.0566592 0.000873216 1.44285e-06 8.19561e-10 0.0451815 0.0213683 0.244682 6.23321e-05 0.0131351 5.00672e-10 2.14814e-05 7.87002e-05 0.0218294 5.58079e-07 0.0631553 0.000114401 0.0414467 0.015801 0.0221952 0.00182995 0.000458041 0.0330169 0.114662 0.242163 1.96278e-06 0.00318969 0.0579156 
0.000634796 0.0188406 1.27331e-07 2.29821e-08 0.000324082 0.00600997 0.00239995 0.396734 0.00160328 0.000340162 1.16538e-07 3.23526e-07 0.00744102 0.029667 0.00808444 0.023062 2.88844e-05 6.29407e-05 0.240036 0.0353347 0.0706719 4.10608e-08 0.0019651 0.0172314 0.0360438 0.000201358 4.18037e-05 0.103241 
0.00108813 0.0460737 0.000604021 2.39282e-06 0.00923631 0.0773126 0.003439 0.39544 0.00425038 0.00013449 0.00294937 0.000258225 3.40787e-05 0.0160532 0.000392599 0.109757 0.00111803 0.000534875 0.162531 0.00936017 0.0232911 0.0114738 0.019625 0.043534 0.0222344 0.0037321 0.000381735 0.0351587 
0.000138865 0.00190301 0.0026668 6.20039e-06 0.00014257 0.0017854 0.0178183 0.713824 0.000119254 3.63669e-07 3.04819e-06 2.64382e-09 0.00677656 0.0426133 9.25177e-06 0.0140291 1.49649e-05 4.12865e-05 0.0506511 0.000146019 0.0560019 1.76375e-06 0.0722431 0.017354 0.00158796 1.70408e-06 4.98543e-09 0.000120226 
0.00208121 0.0234096 0.000146281 9.01618e-05 0.000511841 0.0176119 0.0450307 0.679473 0.00893659 9.51747e-05 0.000241335 3.86914e-05 2.04505e-05 0.00838904 1.69548e-06 0.0181632 4.39568e-05 4.39739e-05 0.0130903 0.0105553 0.00229569 0.00143051 0.00749432 0.115154 0.0165287 0.000342142 0.0163336 0.0124471 
0.000402103 0.00384352 3.15102e-05 1.73236e-05 0.0108359 0.00182846 0.00820861 0.712995 0.00600529 0.0180148 0.00227686 0.000183661 0.00186065 0.0536789 6.83471e-05 0.0513529 0.000120403 0.00347149 0.00343548 0.00455268 0.0740071 0.0001882 0.00154656 0.000655753 0.00326373 0.0287298 0.000456288 0.00796905 
0.000167848 0.119517 0.000111237 0.000630768 0.000161618 0.0221365 0.000899921 0.482554 0.00303732 2.61505e-05 0.000842292 0.000670537 2.62712e-06 0.00865621 4.40874e-07 0.0179442 0.00113102 0.000215453 0.0640098 0.0297205 0.0105111 0.0127613 0.00829838 0.123451 0.00938564 1.39569e-06 0.000128595 0.0830271 
0.000426049 0.00229477 0.000108951 4.88989e-07 0.000696949 0.065439 0.000384075 0.866448 0.00205048 7.56263e-05 0.000185492 3.27485e-05 9.22457e-06 0.0144678 6.92578e-11 0.00177732 5.44018e-06 0.00192938 0.000378147 0.0217333 0.000266087 0.000830287 0.0175962 8.13432e-05 0.000812297 0.00037886 0.00119889 0.000392769 
1.63587e-07 0.0174699 0.00529543 1.40754e-05 0.0153756 0.0914544 0.000237394 0.331463 0.00146497 0.00269912 0.000147811 0.000270362 0.000178198 0.0149833 8.0891e-06 0.0824396 0.000546615 0.00155469 0.253978 0.0121843 0.0219326 4.72388e-05 0.0291156 0.0515515 0.0130583 0.0398674 0.00705251 0.00560988 
0.000426049 0.00229477 0.000108951 4.88989e-07 0.000696949 0.065439 0.000384075 0.866448 0.00205048 7.56263e-05 0.000185492 3.27485e-05 9.22457e-06 0.0144678 6.92578e-11 0.00177732 5.44018e-06 0.00192938 0.000378147 0.0217333 0.000266087 0.000830287 0.0175962 8.13432e-05 0.000812297 0.00037886 0.00119889 0.000392769 
5.27021e-05 0.0115399 2.67762e-06 2.61231e-07 0.000159266 0.00315088 0.00046214 0.452296 0.000197225 1.75365e-05 1.67548e-05 6.46196e-06 0.00103755 0.000855838 1.15562e-05 0.148418 0.000309157 3.23258e-05 0.203311 0.0161989 0.0215738 1.66009e-07 0.000995179 0.0999979 7.80291e-05 7.64393e-05 3.95262e-05 0.0391621 
1.20472e-09 0.250198 1.52893e-06 5.61905e-07 6.5653e-11 0.300572 1.2184e-11 0.401199 0.00403587 5.21724e-08 4.01076e-11 6.45464e-06 1.20478e-11 9.027e-12 5.32286e-11 0.0202808 4.86971e-06 5.14814e-11 0.000761561 0.00924367 1.35382e-11 5.02952e-11 0.00140504 0.000163287 0.0121267 6.32185e-11 8.41569e-08 9.53574e-08 
9.90756e-05 0.018012 9.17147e-06 3.29079e-08 1.93089e-07 0.00701418 0.0372397 0.736907 0.000336303 4.22674e-05 0.000179952 8.76892e-08 3.30511e-05 2.45094e-08 8.64339e-09 0.0117849 9.52221e-05 3.52015e-05 0.00279477 0.000298506 6.64134e-05 8.86866e-06 0.139625 0.0128687 0.0126782 6.87284e-12 0.0142122 0.00565893 
0.0016237 0.0117617 2.19561e-07 4.37859e-05 0.295217 0.0191236 0.00332856 0.454258 3.69393e-05 2.4015e-07 1.91971e-07 2.89925e-05 2.7089e-05 0.169204 2.54773e-07 1.19353e-06 3.13411e-05 2.46411e-07 0.0114063 1.92592e-08 0.00195858 5.21432e-05 0.000100939 0.000107182 0.0304874 3.02589e-07 6.34139e-05 0.00113592 
0.000454879 0.0108458 0.000877933 0.00305986 5.14448e-06 0.16632 0.00314326 0.653554 0.00477627 5.88746e-10 0.000185408 0.000122019 1.10454e-06 0.0157602 2.78099e-07 0.0417266 2.56214e-07 6.04095e-10 0.00309535 0.0569332 0.00334662 5.90175e-10 0.00305049 0.00850378 2.92201e-07 0.000699803 0.00215774 0.0213798 
0.000486789 0.00594419 0.000829095 0.000299904 0.00726737 0.154976 0.00204243 0.345098 0.00312638 0.126528 0.000313736 0.000415002 2.52991e-07 0.0243976 2.08555e-05 0.18812 8.42537e-05 2.14436e-05 0.0162349 0.0663066 0.0122332 1.86356e-05 0.0240395 0.00232589 0.00165742 0.000105435 0.0010207 0.016086 
2.71318e-06 8.55093e-07 4.57504e-06 7.89347e-06 6.54792e-06 0.00023684 1.21517e-06 0.988393 1.88998e-06 5.00405e-06 4.00014e-06 7.38079e-06 0.000982766 0.000658578 5.30876e-06 6.00354e-07 6.698e-06 5.13451e-06 0.00798708 4.01308e-07 1.35023e-06 5.0162e-06 0.00128472 1.02897e-06 0.000381515 6.30511e-06 7.45744e-07 6.6779e-07 
2.02145e-06 0.0051011 3.40862e-06 5.88101e-06 4.87851e-06 0.0290153 0.0010533 0.59875 1.30067e-05 0.10232 8.35546e-05 0.000582053 1.0494e-06 0.000943003 3.95528e-06 2.84199e-05 0.247803 3.82546e-06 1.16945e-05 1.68006e-05 3.67209e-05 5.62604e-05 0.014101 2.80717e-05 8.32663e-07 4.69761e-06 5.55615e-07 2.54007e-05 
1.85281e-05 0.0365826 0.14061 0.000158908 4.43388e-07 0.112989 0.00759546 0.496477 0.0384541 2.51982e-05 5.37375e-05 7.40355e-05 8.31414e-05 0.00732327 1.86337e-05 0.0186086 6.53973e-05 1.78912e-05 0.00526657 0.00484291 0.000257617 2.09017e-05 0.0151798 0.00990626 0.0746689 9.65569e-06 8.81586e-05 0.0306041 
0.004931 0.0639695 0.00197951 5.53408e-05 0.000909338 0.0326758 0.00182636 0.468784 0.00254687 1.65209e-06 0.00102309 0.000117727 6.58651e-05 0.00318188 3.02304e-06 0.12104 4.03289e-08 0.00157376 0.105337 0.050004 0.00402322 0.0174513 0.0419457 0.0616925 0.00277713 0.00696171 0.000196077 0.0049261 
0.00100877 0.000498048 0.0004374 8.23888e-05 0.000356693 0.155735 0.000846124 0.405799 0.000201515 1.05746e-05 1.12388e-05 0.00599694 0.000141814 0.117679 2.32263e-06 0.0177006 0.0193716 0.000353634 0.00935024 0.0169361 0.00253468 0.00683579 0.00156926 0.0968918 0.0206348 0.000146839 0.0257482 0.09312 
0.000564619 0.0804345 0.000244029 0.000285973 0.00014281 0.314987 0.00746775 0.337579 0.00160466 0.000439336 0.00141586 0.00155204 0.000294767 0.0134928 0.00145224 0.0507554 0.000667957 0.00245052 0.0281759 0.0188525 0.00106215 0.0362395 0.0147641 0.0160279 0.0568403 3.23873e-05 0.00339213 0.00878238 
0.00386009 0.0113873 0.000584445 0.000414348 0.0136291 0.076087 0.00198851 0.461266 0.0403857 0.00018651 0.000527346 0.000154661 0.000109366 0.0514261 0.0011167 0.0280028 3.83812e-05 0.000163342 0.0375702 0.0878329 0.0195662 1.83633e-05 0.00393448 0.079961 0.0439197 0.00045133 0.000684496 0.0347333 
1.62818e-05 0.00693735 9.80327e-08 6.60857e-10 9.73043e-08 0.000217991 1.06978e-07 0.913451 0.000124684 4.18949e-10 1.03219e-07 6.17934e-10 5.78792e-05 0.000680989 4.4446e-10 0.00328119 5.60769e-10 2.0358e-07 0.0728133 1.18668e-08 0.00173552 4.19966e-10 6.52027e-05 0.000530167 9.35674e-11 2.4993e-08 1.89902e-09 8.78518e-05 
0.000840766 0.0127688 5.1017e-05 2.17583e-05 0.00150433 0.0169612 0.0126721 0.441984 0.000812667 0.000365728 0.000402242 0.000721941 2.8002e-05 0.0176533 0.0340601 0.0841516 4.61458e-06 0.000184081 0.118531 0.0142736 0.0196507 0.0261718 0.00448199 0.0401555 0.136051 7.30454e-05 0.00413606 0.0112873 
3.50083e-06 3.80674e-05 3.72157e-08 6.42096e-08 5.32641e-08 6.50834e-06 1.80754e-06 0.996851 5.29084e-06 4.07056e-08 5.06358e-08 6.00391e-08 2.84406e-06 3.76669e-06 4.75485e-07 9.12023e-07 5.4485e-08 4.17668e-08 2.0375e-06 3.09814e-06 1.09835e-08 4.08044e-08 0.00016757 0.00263628 0.000256432 5.1289e-08 1.91452e-05 6.85172e-07 
0.000330013 0.0930048 3.24468e-05 0.000464399 0.0010197 0.202132 0.000104137 0.566408 0.00327657 9.35862e-05 0.00257149 0.00139147 6.323e-05 0.0248824 1.1083e-06 0.0390113 3.90386e-07 0.000850683 0.0105549 0.0100066 0.00226256 0.00015835 0.00492889 0.0306576 0.00117072 3.51157e-05 0.000923384 0.00366477 
5.56519e-08 0.00727726 9.38418e-08 6.66489e-06 2.56994e-05 0.00229282 0.00310401 0.539014 5.56662e-05 1.02642e-07 8.20498e-08 0.0186908 2.46466e-08 0.000903538 1.08892e-07 0.137276 2.46582e-05 6.44616e-06 0.0961959 8.2315e-09 0.0236368 0.000280844 0.00330157 0.156836 0.00216326 1.29329e-07 3.26237e-07 0.00890775 
0.000426049 0.00229477 0.000108951 4.88989e-07 0.000696949 0.065439 0.000384075 0.866448 0.00205048 7.56263e-05 0.000185492 3.27485e-05 9.22457e-06 0.0144678 6.92578e-11 0.00177732 5.44018e-06 0.00192938 0.000378147 0.0217333 0.000266087 0.000830287 0.0175962 8.13432e-05 0.000812297 0.00037886 0.00119889 0.000392769 
0.00205718 0.00911038 5.99799e-05 0.000156887 0.00426981 0.0237963 0.0114239 0.577083 0.00133676 0.000137033 0.000669026 0.00143468 0.00048902 0.0195036 1.07311e-05 0.134906 2.90351e-05 0.000490007 0.0163891 0.0279967 0.013106 0.000995911 0.0387897 0.0753079 0.0158797 4.98728e-05 0.00339861 0.0211234 
