0.0203829 0.0685792 0.000465725 0.000447097 0.00882875 0.0685825 0.0190381 0.00292373 0.601249 0.00245844 0.00147686 0.000787126 0.000158929 0.0871639 5.94987e-06 0.0428097 4.93654e-06 0.000617718 0.0222793 0.0121524 0.0101492 1.15139e-05 0.0235456 0.00332553 0.000443458 2.60403e-07 0.00020031 0.00191234 
0.197957 0.0149408 4.42741e-05 0.000822492 2.74208e-09 0.0276517 0.0715907 0.000171696 0.535918 2.69244e-05 0.000138677 3.71894e-08 0.000294628 0.00549399 3.25053e-06 0.0321139 4.55444e-06 0.00188565 0.0285851 0.0121827 0.0135168 2.0186e-07 0.0389354 0.00166631 3.89921e-07 6.92212e-08 0.0134469 0.00260783 
0.0356446 0.0157691 0.0192521 0.00298079 0.000108527 0.0617022 0.000640107 0.00195857 0.797162 7.13546e-05 0.0349888 0.000857787 7.15733e-05 0.00460049 2.79948e-07 0.00470997 1.00669e-07 0.000546409 0.0133345 0.00208895 1.01397e-05 1.81403e-09 0.000218187 0.00145821 0.000832055 3.84117e-08 1.73991e-06 0.00099176 
0.00269476 0.112567 0.00317264 0.000204074 0.00135917 0.0552767 0.070468 0.00251355 0.380783 0.00654347 0.000224887 0.000340092 7.76581e-05 0.020286 9.45496e-05 0.0396935 2.62492e-05 0.00565601 0.00681494 0.188781 0.0222355 1.47271e-06 0.0330707 0.00332621 0.01813 0.0095722 0.00947599 0.00661058 
5.48246e-05 0.000484473 0.00016933 0.00312072 2.41872e-07 0.161394 1.94287e-05 9.86936e-08 0.690398 0.000335549 5.06517e-05 0.00185121 4.43852e-08 0.0597962 1.96099e-07 0.0173169 2.47416e-07 1.89662e-07 0.0410318 0.00422758 0.015264 1.85292e-07 3.16664e-08 0.00353426 4.12826e-08 0.000329645 7.40546e-05 0.000546372 
0.0050492 0.128778 0.000208744 0.000918943 6.61786e-05 0.133401 0.00946071 0.000493832 0.564731 3.20359e-05 4.07223e-05 1.36581e-05 1.46162e-05 0.0159119 1.9361e-08 0.0411087 0.000681631 0.00104319 0.0158358 0.014712 0.00254598 7.33207e-06 0.0239847 0.00518026 0.00459792 2.912e-05 0.000650514 0.0305022 
0.00390054 0.0792521 0.00867778 0.00571004 0.0148072 0.0776123 0.0236279 0.00486113 0.368067 9.76882e-05 0.0119875 0.00210978 0.0030621 0.186562 7.2823e-06 0.0382474 0.00138922 0.000414038 0.0138564 0.0150424 0.0702097 3.74638e-06 0.0267113 0.0264942 0.00412442 0.000894767 0.00111142 0.0111588 
6.30361e-05 0.0567567 0.00213228 0.000495642 3.71165e-05 0.2254 0.000943401 0.00139161 0.4056 0.0766849 2.02756e-05 0.000538538 2.25852e-06 0.0340508 1.59847e-06 0.046302 3.94656e-10 0.000333075 0.0568439 0.0187139 0.0442824 2.40226e-07 0.0142426 0.00323032 0.00664123 0.000110949 0.000281088 0.00490029 
4.24259e-06 0.00161571 7.3508e-05 7.39714e-05 4.22511e-08 0.0146401 1.27398e-06 0.000276886 0.965552 2.75227e-05 1.33495e-05 6.80838e-06 7.75338e-09 0.000224482 1.37152e-06 0.00398335 4.32196e-08 1.11383e-05 0.00210953 0.00150343 0.00760862 1.91271e-05 0.000897371 0.000104486 0.00093311 4.06844e-08 0.000318487 4.30899e-09 
0.00082441 0.211084 0.000542312 0.00156947 1.29981e-06 0.0588591 0.00193661 0.000406635 0.528934 6.58556e-06 1.247e-05 3.40376e-06 2.62976e-08 0.000477838 2.20604e-08 0.0216655 0.000621273 0.00189426 0.0958283 0.0140094 0.00429885 1.363e-09 0.0502746 0.00379463 0.0011592 5.65778e-06 0.000415414 0.00137468 
0.00043716 0.0474415 9.96573e-07 1.0519e-05 0.0044055 0.185891 0.0509882 0.0103761 0.245014 0.00105395 0.0148909 0.00258629 9.64492e-05 0.193711 4.83835e-07 0.0526121 1.59127e-08 0.000671337 0.119985 0.0178916 0.0149623 3.63592e-07 2.64155e-05 0.0032053 0.00606884 0.000177228 1.36366e-05 0.0274809 
0.0144294 0.0542538 0.000450503 0.000121277 9.25054e-05 0.0847201 0.140984 0.00123477 0.227051 4.27636e-05 0.114343 0.00584464 0.00138085 0.0212565 4.29029e-06 0.0132388 0.0002459 0.000939824 0.0199343 0.0617054 0.0408061 6.71442e-07 0.0364869 0.00234631 0.0123434 0.000575929 0.00378163 0.141385 
1.08103e-06 0.147153 2.24169e-07 2.22184e-07 1.48699e-10 0.0841897 0.000129307 1.39611e-05 0.749609 1.20088e-07 4.24315e-06 3.5518e-05 7.10492e-08 0.00125644 1.20559e-10 0.00253522 3.87416e-06 9.5902e-06 0.0049832 0.00318112 0.00209963 4.25166e-08 0.00080535 4.15875e-05 3.86606e-07 0.000107372 0.000281553 0.00355767 
0.00165265 0.0270206 5.86359e-10 1.01167e-09 1.09818e-06 0.0251884 0.000394052 0.00185021 0.334062 0.00302237 9.04744e-07 0.00035479 4.23732e-05 0.041043 2.80542e-08 0.0113159 1.01592e-07 2.98168e-05 0.173698 0.133881 0.00215962 6.31506e-08 0.0473822 0.161531 0.00115829 2.85282e-07 0.0173326 0.0168782 
8.75425e-10 0.163101 4.9961e-08 0.00816225 2.11273e-09 0.231608 4.45273e-07 0.0198836 0.28814 2.41815e-06 2.98036e-07 5.38911e-07 3.87701e-10 0.00429688 1.71291e-09 0.0653403 2.16116e-09 1.65669e-09 1.71794e-06 0.0725766 0.0869112 1.61851e-09 0.027772 0.0300976 3.60601e-10 5.35673e-06 0.000128015 0.0019721 
0.0033662 0.0898882 0.000139178 0.000612666 0.000231165 0.0951587 0.00701341 0.00032924 0.695403 2.13669e-05 2.71531e-05 9.11177e-06 1.59592e-05 0.010608 1.6161e-08 0.0286821 0.000454594 0.000695582 0.0105573 0.0113058 0.00169736 4.9184e-06 0.0163311 0.00345354 0.00306532 1.94246e-05 0.000574796 0.0203349 
0.000454921 0.134483 6.77981e-05 0.000321484 0.00222105 0.0571745 0.0241144 2.43675e-05 0.651333 5.43044e-05 0.00280255 2.50814e-05 9.46467e-06 0.00737272 2.30421e-06 0.0123521 1.05468e-06 0.000592449 0.034957 0.0243886 0.00743192 4.38789e-11 0.00509817 0.0112817 0.00633737 3.44803e-06 0.00587625 0.0112182 
2.49661e-07 7.86841e-08 0.000109241 7.26342e-07 0.000121726 0.135493 2.00327e-05 0.000192481 0.4087 0.157949 3.68086e-07 6.79166e-07 6.46475e-06 0.0449816 8.26287e-06 0.0127358 0.0306151 1.0793e-05 0.133457 0.00105534 1.76646e-05 4.61581e-07 7.88841e-08 9.46838e-08 0.0109643 9.29148e-05 0.0634504 1.58744e-05 
5.44834e-07 0.0433597 2.96265e-10 5.11156e-10 4.24022e-10 0.162067 7.86906e-11 1.85132e-05 0.305572 0.12944 2.59037e-10 4.77956e-10 7.7811e-11 0.0085018 3.43779e-10 0.220069 4.33741e-10 3.32495e-10 2.5432e-06 2.59874e-11 0.00955084 0.0564014 5.55139e-11 1.23804e-05 0.0170799 4.08299e-10 4.00872e-07 0.0479239 
0.00342421 4.14239e-06 2.21632e-05 3.82389e-05 3.17205e-05 1.65548e-06 5.88674e-06 1.29433e-05 0.994452 2.42415e-05 1.93782e-05 3.57553e-05 5.82094e-06 0.00174573 2.57176e-05 2.90834e-06 3.24476e-05 2.48735e-05 5.49851e-06 1.94408e-06 6.54103e-06 2.43003e-05 4.15292e-06 4.98471e-06 5.41406e-06 3.05443e-05 3.61266e-06 3.23502e-06 
0.00546511 0.00193062 0.000149049 0.000875505 6.29036e-05 0.198197 3.43186e-05 0.000775403 0.609945 0.000140257 0.000704406 1.15936e-05 6.28959e-06 0.077821 4.81192e-07 0.0104385 4.91413e-07 0.000562627 0.00886038 0.0028962 0.00412708 2.72269e-05 0.000755964 0.00435705 0.000334083 0.000310553 0.0709823 0.000227772 
0.00199466 0.00439554 8.13557e-05 1.3343e-06 0.000371772 0.084063 0.0295373 0.000469134 0.695559 5.31383e-05 3.23024e-06 3.5723e-07 1.81043e-08 0.150979 4.5487e-07 0.00112304 1.18741e-08 3.59759e-05 0.00340241 0.00148237 0.0204839 1.46748e-09 0.00194727 0.00182542 3.26952e-10 1.22094e-05 0.000575825 0.00160209 
0.00325365 0.0300909 0.00433686 0.000928707 0.000409937 0.105552 0.000609685 0.00587091 0.690545 0.00597923 0.000219188 0.00132117 4.89828e-05 0.033377 6.82854e-08 0.0288107 0.000774679 0.000124394 0.0117579 0.0289819 0.00737927 0.000537001 0.00267399 0.00855848 0.0125408 9.14854e-06 0.0115425 0.00376533 
0.000546021 0.0103032 4.62616e-08 0.00396261 1.24518e-05 0.430849 0.00201518 0.000893528 0.440417 4.54615e-10 7.25445e-07 0.00144518 4.56506e-06 0.0121261 1.89244e-08 0.0417047 2.50672e-06 0.000192404 0.0097981 0.000516493 0.00860759 4.87798e-05 0.00938566 0.0108404 0.0110198 5.72814e-10 0.00010755 0.00519962 
0.000527711 0.0493674 0.00182848 0.000125036 0.0150986 0.214169 0.000566223 0.0337075 0.595929 1.57881e-05 7.99229e-05 0.00037471 0.000133267 0.0407529 3.15482e-06 0.0035149 8.04986e-08 0.00038963 0.000464925 0.0197474 0.000345199 0.00100762 0.00266284 0.000530297 5.33439e-05 0.0143835 0.00198798 0.00223305 
0.000302821 0.0998595 5.54101e-05 0.000169879 3.77589e-07 0.0768236 0.132986 0.000508931 0.420875 2.83432e-05 0.000275848 0.000265221 1.85557e-05 0.0206405 1.99117e-06 0.0330532 4.10831e-11 0.000273084 0.00721926 0.072064 0.00232289 4.61086e-08 0.121454 0.00314709 0.00588727 2.88741e-06 0.000277864 0.00148577 
0.0245634 0.0103964 0.000540194 0.000353143 7.03387e-05 0.270248 0.0021817 0.0151264 0.361041 0.000117651 0.00309127 0.000263081 9.3052e-05 0.207646 2.21337e-07 0.0188663 1.31136e-05 0.000751071 0.0258615 0.0205106 0.0095721 4.33261e-06 0.00833762 0.00134658 0.0124665 0.00288894 0.00057076 0.00307891 
0.00214359 0.114294 0.00685891 0.000313827 3.48022e-05 0.103878 0.00670661 0.00126512 0.263514 4.13729e-05 2.50376e-07 4.2376e-05 7.23351e-06 0.109675 0.000112222 0.124102 3.8853e-08 2.65875e-05 0.0429696 0.0823614 0.0394856 1.05739e-06 0.0553902 0.00822784 0.02983 5.80713e-06 8.05e-05 0.00863201 
5.76696e-07 0.0522499 0.00013232 0.000204848 0.000417534 0.0925291 0.00106926 0.00125687 0.442342 6.09697e-09 2.18963e-07 2.28641e-06 1.73429e-06 0.0909363 0.000466072 0.0636565 5.33688e-10 0.00151913 0.0635357 0.00324174 0.017335 2.59408e-05 0.0295931 0.00143956 0.106249 6.10786e-07 0.000616126 0.0311783 
0.00032848 0.0167253 0.00184272 0.000275221 2.19522e-06 0.0673295 0.000169552 0.00868895 0.735029 8.90226e-06 5.68214e-06 0.0200848 4.02839e-07 0.0234382 1.77979e-06 0.0298962 1.48219e-05 4.58346e-05 0.0062252 0.023558 0.0420876 1.68171e-06 0.00905008 0.000482105 4.33442e-05 0.00399583 0.00048648 0.0101827 
0.00172056 0.0356319 0.000646103 0.000283 0.000948486 0.118888 0.00314371 0.00204748 0.589611 0.000626159 0.00121196 0.00558126 1.00532e-05 0.0274002 1.21463e-05 0.0431374 4.96557e-06 0.000858507 0.0296349 0.056743 0.0208919 0.000170874 0.00810166 0.00408376 0.00754516 0.00187892 0.0124461 0.0267409 
7.23738e-05 0.0443355 0.0334087 0.000545626 2.34906e-05 0.380059 0.000483437 8.23454e-06 0.400105 2.86608e-05 4.02647e-05 8.2555e-08 1.5243e-06 0.00290034 2.17519e-07 0.0195293 1.35787e-07 0.000196454 0.00172213 0.0584191 0.00111675 2.3352e-05 0.039599 0.00386276 0.000255886 4.64274e-06 0.012863 0.00039515 
3.20114e-05 3.20287e-05 3.19938e-05 3.19628e-05 3.19754e-05 3.20335e-05 0.19859 3.20117e-05 0.204954 3.19898e-05 0.0896298 3.19676e-05 3.20255e-05 0.131348 3.19871e-05 3.20312e-05 3.1974e-05 3.19887e-05 0.112123 3.20331e-05 0.0768901 3.19898e-05 0.112133 3.20272e-05 0.0736925 3.19777e-05 3.20298e-05 3.20305e-05 
0.00117579 0.00079878 0.013613 0.00572226 0.000339832 0.294846 5.48017e-05 5.94609e-06 0.589903 2.88288e-05 0.000416504 0.000245913 2.28722e-06 0.0608487 1.16513e-08 0.000826981 4.05956e-08 0.000327219 0.000465544 0.0016097 0.000440775 4.63558e-07 0.00439374 0.000428215 0.00021201 2.97214e-05 0.0228091 0.000454557 
0.000362293 0.160695 0.00454331 0.0120368 0.00301182 0.254534 0.000481153 0.00018588 0.511783 2.40214e-05 2.01387e-06 0.000110253 2.40748e-06 0.00254065 2.02843e-06 0.0057744 2.50456e-06 0.000296912 0.00155275 0.0218283 0.00226303 1.46902e-09 0.0113936 0.00228607 0.000248879 9.14876e-06 0.00287949 0.00115052 
0.0112666 0.174599 6.88953e-07 0.00268599 0.00418801 0.139833 0.0474165 0.00960397 0.239617 4.7383e-05 0.0891448 0.00141445 1.35107e-06 0.0047566 3.94745e-07 0.105646 0.00218553 0.000116141 0.0214213 0.0612834 0.0144467 8.35788e-07 0.0294443 0.00394613 0.000799052 0.00356723 0.000522522 0.0320465 
2.6858e-08 0.0380722 4.52887e-08 9.0024e-05 6.48184e-08 0.138314 0.00283251 2.44166e-05 0.452819 0.00354355 5.25617e-06 7.3063e-08 3.01432e-07 1.03887e-05 5.25519e-08 0.118497 6.63041e-08 8.23554e-06 0.0250239 0.00148268 3.12684e-07 4.96558e-08 5.01074e-07 1.6695e-06 0.218742 6.24148e-08 2.01169e-06 0.000529412 
0.000341584 0.0928933 1.19398e-10 0.000601018 2.86139e-07 0.0287539 0.00332555 5.64941e-07 0.771998 2.18674e-07 1.04395e-10 5.88749e-07 1.96249e-05 0.0556258 1.63488e-07 3.1958e-06 1.92974e-07 0.00570477 0.0241936 0.000842212 0.00345439 1.52369e-06 0.00830402 0.000586202 0.0026432 0.000499666 0.000204034 2.47701e-06 
1.27462e-05 0.0242439 1.27393e-05 0.0547384 1.27319e-05 0.255114 1.27518e-05 0.0280548 0.298346 1.27377e-05 1.27414e-05 1.27288e-05 1.27519e-05 0.160701 1.27366e-05 1.27541e-05 0.00892468 1.27372e-05 0.112231 1.27549e-05 1.27513e-05 1.27376e-05 1.27532e-05 0.0038385 1.27522e-05 1.27328e-05 1.27536e-05 0.0535788 
0.0011714 0.224888 0.00262968 4.41899e-05 0.00029827 0.0465647 0.00585719 0.000399564 0.324933 0.000270675 0.00913833 0.000662849 0.000579017 0.0463726 9.5568e-05 0.0313992 0.000847119 0.000202211 0.0113615 0.0502138 0.0066319 6.12181e-05 0.104446 0.0259826 0.00870471 0.000822551 0.00276167 0.0926612 
2.70244e-06 0.0552084 1.19888e-09 2.06847e-09 1.71587e-09 0.227969 3.18433e-10 1.19094e-06 0.625732 1.3113e-09 1.04823e-09 1.93412e-09 3.14873e-10 0.0613868 1.39115e-09 1.57321e-10 1.75519e-09 3.90325e-06 6.57355e-06 2.31366e-06 3.53825e-10 1.31448e-09 2.24645e-10 4.85621e-07 2.92864e-10 2.48001e-06 1.9542e-10 0.0296839 
0.0190267 0.0402959 0.000805698 0.000421411 0.000105216 0.134404 0.00237813 0.00083521 0.283925 0.00615312 0.00792042 0.000109955 0.000233932 0.253205 5.44045e-05 0.0511685 6.24875e-09 0.000666894 0.00280908 0.101159 0.00505794 0.000466612 0.0493028 0.00227667 0.00708062 0.0257936 0.00255095 0.00179309 
9.89793e-07 0.00911864 6.78886e-06 0.00713278 4.77124e-09 0.330658 0.0109333 1.63116e-05 0.597503 1.25733e-06 0.00104573 0.000190218 1.3842e-06 0.0185275 3.86832e-09 0.00585045 3.82621e-07 0.000105622 0.000976562 0.00521807 0.00292744 1.20014e-08 0.00782993 0.000337952 0.000802238 0.000312196 0.000503075 4.86596e-10 
0.000738199 0.0150524 0.000125859 0.00187181 3.98466e-05 0.3366 0.00318963 0.00720061 0.338266 0.00207585 1.51676e-06 5.47007e-05 1.48265e-06 0.0198893 7.48564e-08 0.0171259 6.99772e-09 2.49159e-05 0.00063998 0.185421 0.0579752 2.46511e-05 0.010267 0.000172416 0.000501199 0.000140078 0.00231777 0.000283147 
0.00575463 0.0280208 1.61187e-06 0.000159445 2.39806e-05 0.0710162 0.000599626 0.000647443 0.571602 0.0274911 1.99626e-05 0.000451207 1.41666e-05 0.0307951 0.0217377 0.0760091 0.000179097 0.0104744 0.0174031 0.0196816 0.0130526 0.00146427 0.010013 0.00549453 0.0564742 0.000564262 0.000166864 0.030688 
0.00196785 0.0456651 0.000272451 0.00377516 0.000314837 0.114369 0.000252335 0.00297459 0.396007 0.00292387 0.00297587 1.30828e-05 1.62554e-06 0.0798977 1.09679e-06 0.0369895 3.87451e-07 0.00279068 0.0309854 0.128117 0.0754723 2.29349e-09 0.00871257 0.0083179 5.10984e-10 0.000417794 0.00172554 0.055059 
0.000116288 0.0256066 0.00914982 9.14178e-06 7.50841e-05 0.234505 5.06794e-06 0.000143218 0.584913 0.000148514 5.05085e-07 9.31948e-07 5.71683e-07 0.0949863 6.7032e-07 0.0163191 0.000185825 8.72376e-06 0.00132014 0.0294718 0.000790136 6.3338e-07 7.57267e-05 6.32929e-06 1.41115e-07 0.000337554 0.00168857 0.000134452 
0.0683275 0.0453679 1.25369e-05 0.0070601 0.000127746 0.132193 0.0690834 0.00593437 0.262457 0.0026489 0.0412999 0.00143009 0.0120891 0.0543278 7.27322e-06 0.0973261 0.000467333 0.000280255 0.099372 0.00448767 0.00261622 0.000193056 0.0181906 0.0375156 0.00981386 0.000367497 0.00131732 0.025686 
4.7453e-06 0.00287397 5.57482e-08 0.000176013 7.97884e-08 0.0631098 0.00219622 3.25569e-08 0.330201 3.71955e-05 0.329479 0.00493699 0.000159705 0.055015 5.64041e-05 0.000874786 8.16172e-08 6.25656e-08 0.00118289 0.0756118 0.0126401 6.1124e-08 0.0597022 0.00704982 0.00439792 7.68297e-08 0.00344441 0.0468495 
0.000546021 0.0103032 4.62616e-08 0.00396261 1.24518e-05 0.430849 0.00201518 0.000893528 0.440417 4.54615e-10 7.25445e-07 0.00144518 4.56506e-06 0.0121261 1.89244e-08 0.0417047 2.50672e-06 0.000192404 0.0097981 0.000516493 0.00860759 4.87798e-05 0.00938566 0.0108404 0.0110198 5.72814e-10 0.00010755 0.00519962 
3.64106e-06 0.0464823 2.43773e-07 0.0115238 1.15941e-09 0.0608927 3.59449e-07 4.73087e-10 0.805032 0.00224352 0.000655103 0.0072623 8.52951e-08 0.0165121 8.55183e-08 0.010929 0.000102193 0.00421642 0.000625736 0.0160951 1.65119e-06 8.88196e-10 0.0146469 0.000133483 1.97888e-10 5.65215e-06 1.32046e-10 0.00263559 
3.63373e-08 9.24183e-07 5.01221e-07 2.19327e-05 0.0168889 0.208104 0.010905 2.47661e-06 0.421047 6.72207e-07 0.0228654 0.001112 2.81185e-07 0.274166 7.10997e-08 0.0225562 8.97056e-08 6.8766e-08 0.00261494 0.010466 7.54037e-05 3.82968e-06 5.04441e-06 0.000418558 0.0056987 1.93914e-06 0.000456945 0.00258694 
0.0006858 0.00428103 1.36299e-06 6.30764e-05 0.00490622 0.051142 0.00356626 0.000398938 0.480205 0.00169356 0.00281448 0.160716 0.000271319 0.194373 1.05051e-06 0.00198427 0.000402009 0.000356347 0.00338517 0.0315791 0.000694431 9.20531e-06 0.007621 0.0253279 0.0100891 0.00100417 2.68204e-05 0.0124014 
0.00333298 0.0223031 0.00069809 0.000311805 0.00332074 0.171178 0.00135589 4.69594e-05 0.365586 0.000168603 1.57076e-05 0.000113751 1.58296e-06 0.35699 1.7775e-05 0.00517871 6.83003e-06 0.00204891 0.0123685 0.0396436 0.000564039 1.81809e-05 0.00353656 0.00115784 0.000978392 0.000276149 0.000483489 0.00829789 
0.0312042 0.0466025 0.000682837 0.00103611 1.55797e-06 0.0842211 0.121556 5.7671e-07 0.1974 0.000651109 0.00244338 3.82889e-06 0.00410258 0.172357 1.43328e-05 0.0281905 0.000519468 0.00187302 0.0271259 0.0823474 0.0618067 2.00271e-06 0.0118167 0.0207252 0.0438409 0.000612355 0.00111917 0.057743 
4.67289e-07 0.0271603 5.0728e-05 0.000277721 4.32163e-10 0.287716 1.15976e-05 0.00786793 0.658442 3.30268e-10 0.000867831 0.000818059 5.97139e-06 0.00289765 3.50379e-10 0.00188995 4.42069e-10 3.0312e-05 0.00394358 0.000838063 1.79301e-06 1.88301e-09 0.00190109 0.000254499 0.000306312 4.16138e-10 0.00465319 6.55481e-05 
0.00241181 0.0210875 0.00050698 0.000153441 0.00111155 0.112577 0.000833434 0.00121771 0.581607 3.0525e-05 0.000109202 0.00109576 6.59028e-06 0.0224871 1.52336e-06 0.109174 2.26645e-06 0.00259314 0.00856351 0.0646246 0.0127207 8.52541e-05 0.0281754 0.0109407 0.00188736 0.000186629 0.014922 0.000887734 
0.00290404 0.067004 0.000901243 0.108456 6.68704e-05 0.323633 0.000494904 0.0449948 0.334244 0.00131686 0.00125218 0.000761253 0.000253927 0.00310739 1.42092e-06 0.0117118 1.96555e-05 0.000180909 0.0443273 0.00304662 0.000521646 5.83659e-08 0.00102419 0.00192145 0.015452 7.3363e-08 0.0310505 0.00135159 
0.00301613 0.0558411 4.93882e-10 0.000471737 0.000138139 0.0908059 0.00967774 0.0104519 0.328286 0.00049988 4.31822e-10 0.000220668 9.77202e-08 0.206321 5.7309e-10 0.0821935 7.2306e-10 4.36173e-06 0.0231546 0.0178178 0.000336124 0.000174556 0.130356 0.00903647 0.0101416 1.05645e-06 9.50631e-05 0.0209587 
0.00281511 0.099119 0.000348572 0.00413218 3.8296e-09 0.347939 0.000180174 0.0142597 0.507757 5.07338e-06 0.00127603 0.00115525 8.00579e-06 0.00468598 3.10488e-09 0.000538408 3.91738e-09 0.000316733 0.00634311 0.000718313 9.59605e-06 2.93377e-09 3.81056e-06 0.000410237 0.000986558 3.6876e-09 0.0068837 0.000107911 
0.0202978 0.0177224 0.00029491 0.000145682 0.000602785 0.0489376 0.000264253 1.53688e-05 0.893172 0.000139239 0.00197122 0.000306774 0.000116776 0.00414462 3.69141e-06 0.00116419 3.00987e-05 3.84831e-05 0.000199741 0.00458338 0.000511431 1.14501e-06 0.00190891 0.00176527 0.000115064 5.12e-05 1.85249e-05 0.00147754 
0.000633764 0.025305 0.00598545 0.000105278 0.000358367 0.177623 0.0258046 1.45884e-06 0.411033 1.71001e-05 4.04102e-05 3.86752e-05 0.00897432 0.0394869 9.07667e-07 0.0841427 6.17489e-05 5.58727e-05 0.00780383 0.0426204 0.00170379 3.58396e-07 0.0096773 0.0064842 0.0624491 4.41165e-06 0.00708243 0.0825063 
0.00175455 0.0145875 6.25505e-06 0.000313186 0.226114 0.0480419 0.00246727 0.00210209 0.334332 7.16366e-05 2.26834e-05 0.000818632 8.01081e-06 0.263255 2.78232e-06 0.0155765 0.00277746 0.00493182 0.00507191 0.0233465 0.00708789 1.40152e-07 0.018998 0.000773736 0.0119244 0.0136521 0.000557431 0.00140528 
0.00874975 0.13356 0.00971211 0.000237461 0.00235201 0.0985628 0.0354814 0.00215143 0.416733 0.00028026 0.0140233 0.000138097 0.00180983 0.01857 1.71179e-06 0.0474895 6.72813e-06 0.0212087 0.0214952 0.0420479 0.00700846 3.59869e-05 0.0719802 0.00700875 0.00212546 0.00162431 0.00988148 0.0257242 
0.00199466 0.00439554 8.13557e-05 1.3343e-06 0.000371772 0.084063 0.0295373 0.000469134 0.695559 5.31383e-05 3.23024e-06 3.5723e-07 1.81043e-08 0.150979 4.5487e-07 0.00112304 1.18741e-08 3.59759e-05 0.00340241 0.00148237 0.0204839 1.46748e-09 0.00194727 0.00182542 3.26952e-10 1.22094e-05 0.000575825 0.00160209 
0.000887833 0.0314491 3.04449e-11 2.62065e-08 5.19582e-08 0.165532 0.0299493 8.15892e-08 0.358216 3.67467e-08 2.04481e-07 2.45043e-08 1.7356e-06 0.105173 3.53276e-11 0.0890503 4.45723e-11 0.00035939 0.00548865 0.0576672 4.28218e-07 6.26971e-10 0.144954 0.00429816 0.00513702 6.76777e-08 4.25383e-05 0.00179371 
3.81291e-05 0.0220629 0.00195594 0.0042249 0.0127481 0.257511 0.00938134 0.000800543 0.305437 3.21895e-05 2.68872e-06 7.47054e-06 3.24486e-09 0.17688 6.10143e-08 0.0595091 1.03077e-05 8.91669e-06 0.0467789 0.0367586 0.0110781 0.00221946 0.0113418 0.0337885 0.00585436 4.85993e-05 0.000548484 0.000973142 
1.84224e-07 0.238319 0.000119417 0.00119126 5.80194e-08 0.0238 9.58007e-05 3.55032e-08 0.460048 2.01331e-09 2.06009e-05 1.3184e-10 1.86938e-09 0.00241403 4.90806e-08 0.00984221 1.19644e-10 0.000321357 0.00120687 0.108215 0.0013621 8.96023e-11 0.144866 0.00539428 8.93631e-06 2.06165e-07 1.95555e-07 0.00277452 
0.000120458 0.00947125 7.60996e-05 0.000111313 0.0272932 0.212998 0.0420141 5.27377e-06 0.498154 2.56814e-05 0.146538 9.05066e-07 5.88517e-05 5.07479e-05 1.5063e-06 4.64497e-06 0.000173872 1.44653e-06 2.1228e-05 2.74147e-08 0.000289682 4.5113e-08 0.0128147 0.00452432 0.00914741 6.01626e-08 0.0351064 0.000997411 
0.00056706 0.164481 0.000609807 5.54146e-05 6.71706e-06 0.156814 0.00499002 5.06052e-05 0.457949 3.52472e-05 0.000188514 0.000115119 5.28702e-06 0.0165886 2.59734e-06 0.0612723 0.0014237 0.000189684 0.00981217 0.0370882 0.00821236 7.47631e-05 0.0582382 0.00106785 0.00154668 1.19155e-05 0.000378664 0.0182247 
0.000414996 0.0620995 0.000900427 1.20451e-06 1.68125e-07 0.196539 0.00332209 5.14159e-10 0.538521 2.95007e-06 1.87497e-11 3.45957e-11 1.14529e-05 0.00606576 3.79003e-08 0.0128019 1.27999e-08 2.4749e-05 6.3403e-05 0.101196 0.000246494 2.35123e-11 0.0737023 1.13413e-05 4.15515e-08 0.000279638 0.00371267 8.24891e-05 
0.00820549 0.149804 0.00472423 0.00151222 0.000189106 0.131798 0.024737 0.00133733 0.383451 5.50425e-05 0.00517502 0.000144037 2.69289e-05 0.0072648 0.000132536 0.0422487 5.71334e-06 0.0181491 0.00410388 0.121602 0.00771751 2.39247e-06 0.0615079 0.00267545 0.00164908 0.00268357 0.014389 0.00470826 
0.00622449 0.0268962 3.42728e-05 0.00204559 3.70173e-06 0.0121706 0.00864198 9.21637e-05 0.330001 0.000424318 9.83923e-05 2.78915e-08 8.59869e-05 0.0185023 4.89542e-06 0.0418654 2.33727e-07 0.19999 0.0340691 0.125336 0.00625207 7.50231e-06 0.143849 0.00879387 0.0101005 1.93032e-06 5.98764e-07 0.0245087 
0.000725233 0.0229542 0.0172734 0.000527426 3.01424e-05 0.321622 0.000647589 9.2743e-05 0.575004 6.6805e-06 3.50759e-05 2.00698e-08 9.02184e-07 0.00178036 3.87459e-08 0.00977331 5.85204e-10 0.000756738 0.00118575 0.0362287 0.00150668 2.99378e-05 0.00510657 0.00354564 9.52077e-05 1.00207e-05 0.000430779 0.000630495 
3.56912e-05 0.0300805 1.66808e-05 2.29018e-06 2.42335e-05 0.0587784 0.00653038 0.0149973 0.673262 4.27767e-05 0.000108375 0.00050712 0.00114626 0.000710319 6.96229e-06 0.0194188 0.000196238 0.00352232 0.0226212 0.0101216 0.00461022 5.82598e-06 5.51454e-05 0.105147 0.00345835 1.44059e-05 0.0422993 0.0022799 
0.00635669 0.0241944 6.38938e-05 0.00198878 6.20998e-06 0.0353614 0.00543851 0.00544696 0.519883 0.00103631 0.00143641 0.000646423 0.000410696 0.0186494 9.01802e-06 0.0365457 0.000413939 0.00186238 0.227369 0.039459 0.0248972 1.54369e-05 0.0191452 0.0116221 0.000596678 5.44918e-06 0.000803973 0.0163359 
0.0664423 0.00604233 0.000167157 0.000130521 2.84609e-06 0.223011 4.87712e-07 0.000353861 0.392622 5.04502e-06 0.000511798 0.000447668 2.12789e-05 0.259522 9.12114e-09 0.00925359 1.82492e-06 0.000107715 0.0112258 0.00104141 0.0127876 2.52058e-05 0.00324296 0.000230777 0.000728156 5.05586e-08 0.00326699 0.00880853 
0.00322464 0.0280169 2.41479e-06 0.0179016 7.14939e-10 0.0527429 0.0415893 0.000116916 0.445868 1.42319e-05 1.74614e-07 0.000402059 3.41979e-05 0.00134932 9.78468e-06 0.0312405 1.68023e-06 0.00378314 0.246467 0.0350213 0.0176159 4.06315e-09 0.00781134 0.0556562 0.00413668 2.82109e-07 0.000175938 0.00681747 
0.00341767 0.0428936 0.00989596 0.00023591 0.000138656 0.0696915 0.00617365 0.00391411 0.593656 4.1409e-05 1.09532e-05 9.22966e-05 1.38392e-05 0.0159848 1.63553e-06 0.0758656 7.50475e-05 0.000622736 0.0154147 0.0724951 0.011655 2.78283e-06 0.0531002 0.00542946 0.0029461 0.000899836 0.00056623 0.0147657 
0.000376323 0.041967 0.00488341 0.000333081 0.000146113 0.0258847 0.00490366 0.000932215 0.610595 8.20606e-05 2.66118e-05 6.64394e-05 0.00624776 0.00710995 1.13693e-05 0.0074209 0.000319791 0.000133013 0.0039562 0.0301918 0.00907096 4.58386e-05 0.213706 0.00295543 0.00795544 0.00650017 0.00906297 0.00511512 
0.00556134 0.120169 0.00399115 0.000426172 9.58938e-07 0.089685 0.0457508 3.3225e-05 0.354073 0.000170955 9.43929e-06 0.000112006 0.00184302 0.00395683 8.45766e-07 0.031677 0.00380487 0.000115193 0.0109925 0.0460461 0.00526066 2.83377e-08 0.245866 0.000631587 0.00444082 1.9466e-05 0.00185801 0.0235037 
0.000790638 0.0646046 0.00389866 0.000105224 0.00103057 0.314183 0.00569269 1.05468e-05 0.314219 0.0014404 2.72865e-05 0.00412626 1.88765e-05 0.0605164 5.91213e-07 0.0834923 7.45926e-07 1.60019e-05 0.0828578 0.0162651 0.011483 0.0021807 0.00265311 0.00106538 0.0241019 7.02171e-07 0.00110686 0.00411214 
0.0113556 0.173694 0.000411474 0.000529283 0.000383703 0.0562516 0.0480908 0.00203121 0.19435 0.000330598 0.000385406 0.00250018 0.00146493 0.0332666 5.67585e-05 0.0611579 0.000418822 0.00196401 0.0158122 0.0967519 0.0055423 0.000143112 0.148104 0.0112952 0.0848459 0.00212741 0.0103573 0.0363778 
0.000488786 0.110424 0.00084485 2.72958e-06 0.00141836 0.0913107 0.00377676 0.000428776 0.239194 9.57589e-05 0.00027241 0.000127059 1.80172e-05 0.0409327 1.06664e-06 0.084161 2.34865e-06 0.000106758 0.00227193 0.203922 0.011496 0.000178005 0.159248 0.0284094 0.00113162 0.000165122 0.00460279 0.0149694 
1.5601e-07 0.000341057 0.00346892 6.22722e-05 9.66909e-12 0.163547 1.5703e-05 1.12317e-08 0.829368 5.9934e-05 5.32841e-09 1.22967e-05 2.17312e-06 4.44865e-05 3.03911e-10 0.000663394 9.89072e-12 0.000170278 1.67606e-12 0.000121922 5.34851e-09 3.19297e-10 0.002108 1.51945e-12 4.26966e-08 9.31055e-12 1.38768e-05 2.37264e-08 
0.0101832 0.0184034 0.00184715 0.00134926 0.00153405 0.100337 0.00660005 0.004505 0.615341 0.00554916 0.00191588 0.00140143 2.26846e-05 0.0380374 3.88618e-06 0.0354315 2.62144e-05 0.00174963 0.01757 0.0520456 0.0174815 0.00115042 0.0210314 0.0110716 0.00753397 0.000327682 0.0129181 0.0146321 
0.00172691 0.0872359 0.000267088 4.10208e-05 0.000276589 0.245304 0.008041 0.000603452 0.309377 0.000416408 0.00056807 0.000480633 0.0128986 0.172148 2.9831e-05 0.0200478 0.0420782 4.22698e-05 0.000361988 0.0124004 0.00570413 3.49309e-06 0.0557161 0.00347086 0.00298383 0.000433868 0.000194197 0.0171481 
0.00246159 0.0212358 0.0115893 0.0602042 0.00161769 0.0990671 0.013127 0.00222288 0.5242 0.000176573 0.0006376 0.0014953 0.000118637 0.0517441 0.00024645 0.0131149 0.000462003 0.000981682 0.00312244 0.0646757 0.0123655 8.35437e-05 0.0181276 0.00392785 0.0803418 0.000152287 0.0063889 0.00611171 
1.70814e-05 0.0324735 0.00209875 0.00130516 3.58313e-05 0.190186 0.00953869 0.00669068 0.322047 0.0221411 0.00364102 0.000215859 4.50117e-05 0.163097 0.0542846 0.0217066 5.48251e-06 0.0239142 0.0348065 0.00995439 0.0160009 0.00350664 0.00639006 0.00555644 0.0541626 0.00186076 0.00449699 0.00982028 
0.0029404 0.072547 0.00271845 0.000610855 1.84879e-05 0.087219 0.00336362 0.000137372 0.683418 1.38185e-05 1.13681e-05 3.87587e-06 4.94984e-06 0.0296596 3.87327e-08 0.0360951 0.000233393 0.000489427 0.0183032 0.0264302 0.001654 2.34779e-06 0.0196013 0.00169371 0.00219073 0.000146342 0.000831971 0.00966179 
0.00628646 0.191455 9.89666e-05 0.000293666 1.96769e-06 0.0647968 0.000913654 2.76155e-05 0.586069 1.48459e-05 6.0008e-05 4.73751e-05 7.82539e-08 0.0267913 3.23159e-09 0.0143862 0.00311351 0.00010379 0.00962494 0.0443659 0.018957 1.22645e-06 0.0127531 0.00030311 0.000387492 1.51077e-05 0.000583113 0.0185487 
0.000524222 0.135076 0.00124198 0.000109399 2.08157e-07 0.0577759 0.0145093 0.000171771 0.345386 3.94656e-05 4.5764e-06 0.000117403 4.02314e-06 0.00321869 1.74254e-06 0.027567 0.000903391 7.9675e-05 0.0271743 0.079275 0.159099 2.62452e-11 0.057133 0.0117145 0.00231071 3.4603e-06 0.0379237 0.0386356 
9.71327e-07 0.00794811 1.50115e-07 0.000105953 0.0181582 0.0231105 5.17747e-05 3.58334e-05 0.864208 0.000144457 4.59089e-08 0.00254171 4.51696e-06 0.0754532 1.03429e-09 0.00611353 2.81903e-05 1.23693e-08 0.000193782 0.000945545 0.000721727 3.62181e-09 8.00888e-05 4.20416e-05 5.7923e-05 1.2284e-09 1.11404e-05 4.2422e-05 
0.0154847 0.158902 0.000268295 0.00266531 0.000264668 0.0915249 0.00471182 0.02013 0.293426 4.017e-05 0.000611984 0.000381227 5.93961e-07 0.0190836 1.72611e-05 0.030044 2.93611e-06 0.000257913 0.107373 0.0822213 0.0961643 4.71086e-07 0.0462811 0.00496107 0.0238788 0.00059005 0.000250031 0.000462456 
1.32168e-06 0.0494886 0.00125552 8.88117e-05 5.31518e-06 0.0356591 0.00103613 0.000183383 0.365499 3.35334e-07 0.00150941 0.000553632 3.27825e-08 0.00831929 1.94018e-07 0.0310379 1.5576e-09 2.4859e-07 0.104087 0.215128 0.0248774 3.2232e-05 0.0355823 0.000847039 0.116964 1.46624e-09 0.00372823 0.00411516 
0.0027574 0.0840121 1.6069e-05 0.00839982 8.1345e-07 0.0164741 0.00418911 0.000555959 0.653377 6.46036e-05 0.0181748 0.000331372 4.9753e-05 0.0129401 6.08202e-06 0.0332418 3.7704e-05 0.00460782 0.014522 0.0513679 0.013282 7.28064e-07 0.0671586 0.00403941 6.50872e-05 5.8452e-08 0.00621787 0.00411024 
0.0011999 0.0130929 0.00213302 1.93555e-05 0.000242156 0.114968 0.000958846 9.61013e-11 0.617538 1.69647e-07 7.95815e-08 7.14971e-08 7.7728e-07 0.000283183 4.80082e-09 0.0319559 2.40917e-10 3.89807e-06 0.000347264 0.12944 0.0717846 4.83534e-09 0.00530236 0.00413801 1.24882e-07 2.26785e-10 0.000171117 0.00642076 
0.00238494 0.0535217 0.000306629 0.000212884 2.01768e-06 0.0742036 0.000205273 8.25061e-07 0.597196 6.10927e-06 3.86941e-05 0.00209 2.15017e-07 0.0487546 4.05074e-08 0.0927417 5.09695e-08 0.000248162 0.0119908 0.0525116 0.0225104 0.0136633 0.016499 0.00186479 0.00461905 2.2418e-05 0.000107845 0.00429715 
0.00252664 0.00485035 8.60543e-06 0.00115756 5.5938e-06 0.0440207 0.0138631 0.00137467 0.346292 7.83092e-05 0.0244195 0.000105724 8.4423e-05 0.0867982 2.81865e-06 0.00315617 1.00572e-06 0.000204503 0.33199 0.0325178 0.0436574 1.10603e-07 0.0373322 0.0216677 0.000754915 8.95095e-07 8.71134e-05 0.00304225 
0.00700314 0.0712622 0.0034454 0.00242838 1.14508e-06 0.293343 0.000632056 8.80405e-06 0.536461 0.00385137 6.86711e-06 0.000287196 2.88992e-06 0.00150815 7.54178e-07 0.00643519 0.00199478 0.000819234 0.0146306 0.0303142 0.000583966 3.15979e-06 0.0108948 0.000582487 0.00232176 6.3501e-06 0.00734208 0.00382891 
0.0672912 0.103111 0.00055796 0.00124913 2.79814e-09 0.202155 0.000824198 0.000110037 0.212635 9.73485e-06 0.00138294 2.66812e-05 2.16195e-07 0.0758161 2.26861e-09 0.0341087 0.00718589 0.000190546 0.032985 0.0411164 0.0700427 2.14359e-09 0.068751 0.0271228 0.00127364 0.00122707 0.0024943 0.048333 
0.00322078 0.0177996 0.000298404 0.00387578 0.00288944 0.0555225 0.00735841 0.00274377 0.649711 0.000159297 0.00194337 0.000364377 0.000799417 0.0217116 2.42154e-06 0.0201275 0.00166886 0.000344088 0.0159604 0.0166683 0.146704 2.93778e-05 0.00705637 0.00476755 0.00228341 1.42304e-05 0.00103256 0.0149434 
0.00329824 0.0235019 0.00117956 0.00331208 0.00434828 0.30135 0.0061864 0.0039697 0.370307 0.00119809 0.00177192 0.00455702 0.000454706 0.0531485 3.86021e-05 0.0417744 0.000492945 0.00445305 0.0127771 0.044282 0.0423736 0.00129188 0.0170147 0.00877887 0.00684922 0.000539291 0.0209886 0.0197629 
0.0410848 0.0249446 3.42268e-05 2.25268e-07 0.00111177 0.0338613 0.0199933 0.00121651 0.679568 0.00229541 0.00286442 0.000518149 4.62472e-05 0.0934601 1.55479e-05 0.0293473 1.91151e-07 0.00699371 0.0413789 9.0716e-07 0.01686 1.43155e-07 5.51875e-07 0.00390024 2.46843e-05 5.36673e-05 0.000421375 3.4368e-06 
0.00206089 0.00104807 0.000123911 0.000443393 0.000298861 0.0952605 0.000675845 0.000574928 0.738574 6.91989e-05 0.0014315 3.54131e-08 6.38253e-05 0.0173609 3.11899e-05 0.000991906 3.21371e-08 0.000115729 0.00307634 0.082732 0.00412595 2.40678e-08 0.0397758 0.00450391 0.00172514 0.000119428 3.57809e-09 0.00481668 
2.69495e-05 0.014517 4.26782e-07 3.34617e-06 1.59275e-05 0.258029 0.00592066 0.0109101 0.361916 0.000103937 0.000896516 7.64407e-06 2.11337e-06 0.0933943 1.18043e-06 0.036807 4.47367e-06 4.78972e-07 0.0361998 0.00192247 6.28511e-05 5.17416e-05 0.135703 3.13152e-05 0.0391748 3.08733e-05 0.00405528 0.000210143 
0.000725233 0.0229542 0.0172734 0.000527426 3.01424e-05 0.321622 0.000647589 9.2743e-05 0.575004 6.6805e-06 3.50759e-05 2.00698e-08 9.02184e-07 0.00178036 3.87459e-08 0.00977331 5.85204e-10 0.000756738 0.00118575 0.0362287 0.00150668 2.99378e-05 0.00510657 0.00354564 9.52077e-05 1.00207e-05 0.000430779 0.000630495 
0.00040455 0.100893 0.00043011 1.88389e-05 2.64006e-08 0.106914 0.00428002 1.0036e-07 0.516679 6.75926e-06 3.42668e-11 1.24732e-08 2.03611e-06 0.00358795 2.13426e-08 0.0322314 1.10443e-08 0.000127338 0.000209372 0.0731598 0.001461 3.44193e-10 0.157809 0.0001562 9.32535e-05 0.000133237 0.00133811 6.53499e-05 
0.00152992 0.0582103 0.000521613 0.00137198 0.000493659 0.0439925 0.0135868 0.000806907 0.703679 0.000947827 3.97827e-05 0.000302277 8.49624e-06 0.0113985 6.24293e-07 0.0446414 0.00082386 0.000689582 0.00694425 0.0215471 0.0140569 1.83943e-07 0.0602085 0.00630894 0.00236159 0.000266826 0.00142756 0.00383334 
2.75392e-12 6.40024e-05 1.28002e-05 9.21304e-06 6.64625e-12 0.0259605 4.32137e-09 2.71194e-12 0.973655 5.0792e-12 5.19746e-09 4.66441e-09 3.36552e-10 1.3118e-09 5.38849e-12 6.82075e-05 6.79858e-12 1.31352e-09 1.15208e-12 1.73058e-05 1.37051e-12 3.09416e-10 0.00021331 1.04442e-12 1.13438e-12 6.39979e-12 7.96283e-08 6.77818e-13 
0.00286863 0.0284198 0.000134828 0.000131457 0.000785895 0.33563 0.000359329 0.00228199 0.528678 4.5772e-06 0.000101345 8.07321e-06 5.63205e-06 0.0239362 2.33901e-07 0.000928457 0.000577047 3.23547e-06 0.0057521 0.0040578 0.00838776 0.0330796 0.00120569 2.47926e-05 0.0116515 0.00173694 0.00117535 0.00807341 
0.0239169 0.0240063 0.000372774 0.000426668 0.000599291 0.297812 0.0133674 0.00236571 0.366559 7.91079e-05 8.10785e-05 0.0202021 0.00570194 0.0110765 1.72384e-06 0.0347518 0.0319449 0.000136162 0.0305824 0.0487107 0.00637143 8.04695e-10 0.00609541 0.00216382 0.00364481 0.000504361 0.0364548 0.0320712 
0.000709935 0.133062 4.73898e-05 0.00114882 0.00694995 0.154902 0.0019028 1.17262e-07 0.531983 2.19157e-07 0.000353238 2.38665e-05 0.000224928 0.0274925 2.39817e-09 0.00481201 7.00665e-06 0.000167446 0.0134434 0.00074485 0.0167062 9.51175e-05 0.0182876 0.000237435 0.0116924 0.0363397 0.000193236 0.0384732 
0.00204992 0.000977926 0.0136645 0.000842445 1.3752e-06 0.424217 0.0017806 1.48188e-06 0.482587 5.00521e-05 6.08327e-05 3.41807e-05 8.08869e-06 0.0145312 2.89042e-08 0.00790733 1.51362e-06 0.000109221 0.000192206 0.00586103 1.91178e-05 6.52972e-10 0.0269608 1.52751e-08 0.00024415 2.65646e-05 0.0178533 1.84925e-05 
2.18591e-05 0.0280697 1.76469e-10 0.00078317 0.00262078 0.0679181 0.00336719 0.0257447 0.711088 0.00250598 0.000289245 5.37406e-05 2.12864e-08 0.0114015 1.53314e-07 0.0232065 9.80314e-07 2.44485e-07 0.0284124 0.0204772 0.0595506 0.000311541 0.00401639 0.00459028 2.89997e-05 2.43202e-10 0.000741807 0.00479909 
0.00917747 0.19351 0.000347614 8.24636e-07 3.06183e-09 0.135869 0.0186101 0.00138482 0.266668 2.03752e-05 9.33476e-07 3.45128e-09 0.00527428 0.0375816 4.76869e-06 0.0317227 5.29394e-06 8.04224e-05 0.126893 0.0736041 0.00275113 2.34559e-09 0.0532314 0.00645469 4.658e-05 0.0121445 0.00147374 0.0231433 
0.000272782 0.00161749 0.000538719 0.000929486 2.09377e-07 0.0457356 6.46359e-06 0.00356987 0.850114 9.59818e-05 5.39873e-08 6.61556e-06 8.77713e-08 0.0048791 5.4671e-10 0.0105955 6.91695e-08 9.81135e-06 0.00305264 0.0324946 0.00143623 5.16582e-10 0.00597571 0.00205615 2.10688e-08 1.64899e-05 0.0360523 0.000544177 
0.0223626 0.0102233 3.43238e-05 0.00326631 3.20424e-06 0.0407679 0.000554112 0.00584746 0.782546 0.0149896 0.000494059 3.18886e-07 7.80253e-08 0.0134525 7.7934e-08 1.86011e-06 1.298e-05 0.000329207 0.0655689 0.00491371 0.00194833 4.52212e-10 0.00213414 0.00516963 0.0061618 0.000263506 6.72291e-11 0.0189541 
2.37663e-06 0.0916682 1.97069e-06 0.000127838 3.02957e-07 0.221668 2.55478e-10 5.61724e-10 0.440469 0.000748443 2.50972e-05 0.000501362 9.87732e-09 0.113368 2.56254e-07 0.0420454 1.40819e-09 1.54335e-06 0.0337431 0.043218 2.9718e-06 1.05461e-09 3.86439e-06 2.16331e-10 8.92399e-07 4.11677e-05 0.012362 1.40397e-10 
0.00219574 0.234888 5.61507e-05 0.00181999 4.0861e-06 0.0556942 0.0120732 0.000878586 0.442505 1.93854e-05 8.54243e-06 9.43642e-06 1.75767e-07 0.000208083 8.68476e-11 0.0345141 0.00040792 0.00275112 0.107954 0.00933811 0.00817241 1.93714e-09 0.0792037 0.00283419 0.00234481 4.3989e-08 0.000287451 0.00183179 
0.000272782 0.00161749 0.000538719 0.000929486 2.09377e-07 0.0457356 6.46359e-06 0.00356987 0.850114 9.59818e-05 5.39873e-08 6.61556e-06 8.77713e-08 0.0048791 5.4671e-10 0.0105955 6.91695e-08 9.81135e-06 0.00305264 0.0324946 0.00143623 5.16582e-10 0.00597571 0.00205615 2.10688e-08 1.64899e-05 0.0360523 0.000544177 
0.000128803 0.000460897 2.47352e-05 0.000290517 8.48562e-05 0.121123 7.48782e-11 6.34507e-06 0.26023 0.00228215 0.000731074 4.09803e-07 6.19564e-05 0.134874 2.17105e-05 0.06425 4.12727e-10 0.0036508 0.0870394 0.112397 0.115532 0.0334001 0.0270148 0.00946686 0.0155403 0.00070188 0.000278926 0.0104082 
3.44668e-08 0.0115484 0.0253795 4.36391e-05 2.16409e-10 0.357775 2.76521e-08 8.83039e-11 0.416028 0.00155347 4.08333e-07 0.000184049 1.25638e-06 0.0117913 1.75455e-10 0.0589454 9.35054e-05 4.55412e-08 0.000166369 0.0695274 0.00375869 1.65786e-10 0.0240703 0.000428279 1.69802e-07 1.70115e-08 0.0180453 0.000659557 
0.0188336 0.0329155 0.000910559 0.0120291 0.00626855 0.215205 0.0209163 0.00100065 0.338321 0.00935762 5.12572e-05 0.000157657 0.00477423 0.199963 2.78966e-05 0.0272795 0.00246335 0.000173496 0.0518635 0.0188644 0.00536706 0.000206858 0.0109247 0.00437425 0.0099142 0.000128742 0.00189589 0.0058116 
3.95749e-07 0.0115195 5.12122e-07 7.31248e-07 1.68165e-07 0.0196092 2.044e-07 0.00285743 0.797169 1.24058e-07 3.46298e-11 7.63299e-05 3.17407e-08 0.00068204 4.59588e-11 0.0261666 5.50047e-09 7.57271e-07 0.00432166 0.0925253 0.0170749 4.41586e-07 0.0215747 0.00227807 1.18879e-07 3.84298e-07 0.00139677 0.00274442 
0.000767741 0.262335 4.62989e-05 6.38526e-06 6.1638e-07 0.0586822 0.000371203 0.014605 0.346338 3.08754e-05 4.38737e-07 8.62727e-06 7.22907e-08 0.000588267 7.24438e-08 0.0174854 5.63516e-06 0.000505429 0.0567627 0.0419257 0.0387223 3.41816e-07 0.158245 0.000484772 0.00189812 8.90775e-10 2.41254e-08 0.000184922 
0.00180499 0.048386 0.000198835 0.000502893 2.39189e-05 0.284038 0.00606052 0.000663811 0.557241 0.00110483 1.47568e-05 5.07709e-06 5.28634e-06 0.00661177 1.04343e-07 0.040071 0.000247092 0.00037612 0.00565772 0.00586663 0.000910299 3.53103e-06 0.0222298 0.00185119 0.00164327 1.07071e-05 0.000239166 0.0142315 
0.00278899 0.17282 4.74776e-06 0.000264421 0.00486604 0.0756676 0.00139742 0.000217474 0.566477 4.68379e-07 9.89612e-05 0.0005176 2.93829e-07 0.0164383 3.94387e-09 0.0218774 9.35502e-05 0.00071357 0.0147514 0.0197907 0.0482902 2.50478e-05 0.0167723 0.00863024 0.000202892 3.05892e-06 0.01295 0.0143396 
0.0086343 0.00881297 5.73505e-05 0.000456436 0.00787873 0.0261211 0.0010252 2.95269e-06 0.535964 1.3756e-07 0.000350696 6.91682e-06 6.90788e-05 0.0609489 1.22546e-05 0.0829617 3.88818e-08 0.000906805 0.0813331 0.0934071 0.0289231 1.29605e-05 0.0289363 0.00928051 0.0122254 1.61073e-07 0.000174053 0.0114973 
