0.00299456 0.0267946 0.00677606 0.00208254 0.000480671 0.160453 0.147016 0.0797217 0.0165274 0.000113985 0.00334455 0.00294174 0.000215397 0.0593475 0.0001409 0.0397628 0.00332542 0.0150807 0.0331568 0.0316255 0.0198661 0.000242246 0.0339565 0.0070902 0.0316318 0.00030994 0.190999 0.0840031 
1.33449e-06 0.0318805 0.000599491 0.000219271 0.00744944 0.264462 0.00118171 0.000259959 0.447946 6.45605e-09 4.20293e-07 0.000165821 1.97507e-07 0.00534499 8.89541e-07 0.00886268 8.64151e-09 8.86735e-05 0.0379888 0.121809 0.0337345 0.000127844 0.0199368 0.00973464 0.00289514 7.07077e-05 0.00123996 0.00399873 
0.000482683 0.649102 9.20586e-05 2.60865e-05 0.00635043 0.0380622 0.00160433 8.39334e-08 0.00484114 8.43225e-12 4.08398e-08 1.24372e-11 1.18882e-10 0.00207939 8.94571e-12 0.0410336 2.22539e-05 3.20472e-05 0.0174539 0.125896 0.0105867 8.45272e-12 0.0652451 0.0246969 0.000934493 2.30969e-08 6.53806e-09 0.0114581 
0.0109447 0.13063 9.69934e-07 0.00851565 2.67448e-09 0.121174 0.00855864 0.19592 0.0180051 2.04389e-09 0.00128771 0.000186873 9.68284e-05 0.044563 1.54549e-07 0.0174793 7.45118e-07 0.032903 0.00923463 0.0158205 0.0387475 2.04886e-09 0.324999 0.000563247 0.000958676 0.00020738 0.0127828 0.00641988 
0.000117813 1.99233e-05 0.00250266 0.00161808 2.29773e-07 0.289472 0.0014849 0.000107618 0.0430441 1.75598e-07 0.000807134 0.000880002 1.1973e-06 0.549679 0.00014015 0.00110995 1.26839e-05 0.0716831 4.93909e-05 0.0223422 4.32324e-05 1.76024e-07 0.00287127 0.000921816 0.00743466 0.000556271 0.000927336 0.00217217 
0.00424869 0.0523104 0.0132881 0.000201397 0.000550882 0.0838298 0.0043637 0.00198658 0.00592251 4.40572e-07 0.000183612 0.00297201 8.15076e-05 0.0105782 2.75902e-06 0.277609 0.000141843 0.000263037 0.12715 0.109278 0.00373888 3.21548e-06 0.249005 0.0119358 0.0236676 0.0031744 0.00374634 0.00976557 
0.00702772 0.023735 0.000125058 0.000193872 7.08671e-05 0.072816 0.0252927 0.0356167 0.0040141 2.58974e-05 0.0148692 0.00781514 0.000263464 0.0686583 3.05369e-05 0.468669 7.77676e-05 0.00185482 0.0471877 0.00654806 0.0148524 0.000285279 0.0504771 0.0726186 0.0264202 0.00142373 0.0211421 0.0278887 
0.000454879 0.0108458 0.000877933 0.00305986 5.14448e-06 0.16632 0.00314326 0.653554 0.00477627 5.88746e-10 0.000185408 0.000122019 1.10454e-06 0.0157602 2.78099e-07 0.0417266 2.56214e-07 6.04095e-10 0.00309535 0.0569332 0.00334662 5.90175e-10 0.00305049 0.00850378 2.92201e-07 0.000699803 0.00215774 0.0213798 
0.0269122 0.0173856 0.00057185 0.00190512 9.68479e-05 0.0988599 0.00716961 0.00630994 0.000450237 6.19118e-05 0.00235032 0.00413034 0.030813 0.227402 0.0360443 0.0376321 0.00100019 0.00615608 0.0458702 0.194112 0.00184719 0.00171381 0.0840671 0.00248368 0.036897 0.0173222 0.031442 0.0789938 
0.000600488 0.075191 0.0126973 1.13012e-10 9.37473e-11 0.0724618 0.0195263 5.09279e-07 6.67342e-06 7.16437e-11 1.53119e-05 1.05672e-10 0.000631724 0.0327759 7.60062e-11 0.0811163 0.123544 0.0143926 3.56065e-07 0.0488199 3.5155e-05 6.20336e-08 0.467089 0.00565749 1.87879e-07 0.0366078 0.00321398 0.0056162 
0.000536955 0.0132806 0.0183263 2.05455e-08 1.70433e-08 0.885551 0.000827835 6.32618e-06 0.00199234 1.30248e-08 2.29399e-06 1.17661e-06 4.38399e-06 0.0536093 1.38179e-08 0.00306379 3.99302e-06 0.000417465 7.594e-07 1.22095e-05 1.2465e-05 9.05898e-06 6.10498e-07 0.00435941 0.000504173 3.01592e-06 0.00202683 0.0154477 
0.0322345 0.0231815 0.00380827 3.99673e-06 6.7095e-09 0.515486 0.0102874 0.00320912 0.00901721 5.12754e-09 8.78633e-06 0.00331594 1.57728e-05 0.0134229 9.86807e-08 0.0256009 0.00221432 0.000479181 0.000122353 0.0239121 0.000101496 4.33244e-08 0.00716765 0.00418491 0.00254357 0.00207263 0.31712 0.000489335 
0.000546021 0.0103032 4.62616e-08 0.00396261 1.24518e-05 0.430849 0.00201518 0.000893528 0.440417 4.54615e-10 7.25445e-07 0.00144518 4.56506e-06 0.0121261 1.89244e-08 0.0417047 2.50672e-06 0.000192404 0.0097981 0.000516493 0.00860759 4.87798e-05 0.00938566 0.0108404 0.0110198 5.72814e-10 0.00010755 0.00519962 
0.00140061 0.0209518 0.00574213 0.000153484 0.00160204 0.00454834 0.00508015 0.0401166 0.00260171 3.47567e-05 0.000153022 0.00198841 3.88521e-05 0.024878 7.82845e-05 0.129576 6.58289e-05 0.0021684 0.0305592 0.0395958 0.014558 0.400142 0.00828958 0.126859 0.0463046 7.43926e-05 0.000166054 0.0922737 
0.000653658 0.0592973 9.95651e-05 2.30675e-05 4.6591e-08 0.0314563 0.00196118 0.00266119 0.00775609 1.42561e-08 0.000864926 1.22519e-07 0.000173597 0.0684824 2.88512e-08 0.144426 9.46276e-05 0.000184483 0.270918 0.0111969 0.0972121 0.000324097 0.258769 0.00869483 0.00739396 6.24139e-06 0.000270912 0.0270792 
4.52094e-06 0.00791171 1.77921e-07 3.46409e-07 5.82382e-05 0.000540883 1.09747e-05 0.00169397 7.44274e-05 2.96045e-08 0.00258196 0.00133992 1.49983e-07 0.0095406 3.14072e-08 0.0727577 1.4299e-06 2.63484e-06 0.0110107 0.00691665 0.00535504 0.00658524 0.000563972 0.867916 0.00316744 6.67305e-07 4.38384e-07 0.0019645 
0.000900298 0.00617635 0.00235035 8.44648e-07 7.00666e-07 0.0047977 0.00153449 0.00205877 0.0124379 5.35463e-07 0.0072771 0.00521339 0.000192994 0.935083 5.68069e-07 0.000725991 7.16725e-07 5.49423e-07 0.006668 0.00031352 0.00278867 5.36763e-07 0.00166045 0.00376574 0.00473587 6.74684e-07 0.000606552 0.000707501 
0.000201654 0.0050139 5.8842e-06 0.000201062 0.0526375 0.0669415 0.00030945 0.000425017 0.000152398 9.92569e-08 5.05439e-06 0.00115233 1.01908e-05 0.744012 0.000250931 0.0131699 1.32857e-07 0.000625988 0.0862986 0.00237305 0.0167734 6.61327e-06 0.00248081 0.00229006 0.00081823 0.000234616 0.000252473 0.00335669 
0.005153 0.0225285 0.000845824 0.000510014 0.000858189 0.0516456 0.0155665 0.00559541 0.0110306 0.000105421 0.000902784 0.00124958 0.00327123 0.02635 0.000386854 0.156203 0.00262632 0.000620906 0.0261694 0.204746 0.332485 0.00200156 0.017948 0.0276655 0.0326424 0.000141454 0.00748925 0.0432622 
0.00125243 0.278359 0.000273542 7.82627e-06 8.45807e-10 0.0266538 0.000229519 0.000113237 0.00683118 6.46383e-10 6.03015e-07 9.5339e-10 2.93825e-07 0.00947462 6.85743e-10 0.474118 8.65193e-10 7.41466e-06 0.00879639 0.0764172 0.0523223 6.47952e-10 0.0401987 0.0150814 0.00110736 5.83585e-05 0.00032592 0.00837054 
0.00110764 0.0361367 5.58206e-05 6.94243e-05 0.00119416 0.0172321 0.0111939 0.00030976 0.000461694 4.32775e-05 4.41826e-05 5.62404e-05 0.000212986 0.612681 0.00580311 0.015599 0.000337047 0.000760709 0.00315181 0.148244 0.0128446 6.02584e-05 0.0178788 0.00271316 0.000117411 0.0792303 0.0109126 0.0215478 
0.000482683 0.649102 9.20586e-05 2.60865e-05 0.00635043 0.0380622 0.00160433 8.39334e-08 0.00484114 8.43225e-12 4.08398e-08 1.24372e-11 1.18882e-10 0.00207939 8.94571e-12 0.0410336 2.22539e-05 3.20472e-05 0.0174539 0.125896 0.0105867 8.45272e-12 0.0652451 0.0246969 0.000934493 2.30969e-08 6.53806e-09 0.0114581 
8.41343e-05 0.00078469 1.00018e-08 0.0332707 0.146392 0.378068 0.00413614 0.00184933 0.261233 1.52545e-09 0.00525576 5.12238e-07 3.1683e-06 0.0656752 3.48591e-05 0.0100344 2.04184e-09 1.44841e-07 0.00755989 0.00357422 0.0183454 3.48564e-08 0.0107354 0.00329316 1.08257e-06 3.21822e-06 0.0496649 3.3277e-07 
0.00117728 0.00644899 0.00143902 7.45968e-07 0.0196165 0.0408333 0.0459002 0.00653151 0.000105398 1.55973e-07 4.70669e-05 0.0206626 0.000286638 0.444706 0.000364759 0.197231 4.54145e-05 3.24592e-05 0.00861707 0.0544802 0.00036548 0.000253206 0.0120337 0.0153872 0.0633357 0.0260329 0.000458365 0.0336066 
0.000728975 0.00121738 1.7247e-05 0.000470053 2.5799e-05 0.0035235 0.000246885 0.000259757 0.00391766 4.81026e-06 0.00409332 0.000416654 0.000217721 0.0943207 5.10317e-06 0.00834123 1.32792e-05 3.37765e-05 0.00355247 0.00879438 0.00594384 4.82194e-06 0.840045 0.0140181 0.00141877 5.97219e-05 3.45366e-05 0.00827403 
0.00394405 0.00460481 0.0933502 0.000403377 3.69998e-06 0.0252169 0.00383771 0.0273267 0.00304636 5.74953e-09 0.000959196 0.00221246 0.000645148 0.50444 5.52964e-06 0.0374155 1.42957e-07 0.000833213 0.00106047 0.0829144 0.0026102 8.59865e-05 0.0411177 0.00711942 0.0775947 0.000244238 0.0002212 0.0787871 
3.97164e-05 0.0477526 8.69081e-07 0.00115841 5.51692e-05 0.0565651 0.000554273 1.33225e-06 0.00117817 3.36698e-07 5.06103e-07 0.00034629 0.000744383 0.536085 8.59477e-07 0.112646 3.47606e-06 0.00033022 0.0137698 0.0484778 0.0149321 2.60744e-06 0.0106122 0.000358093 0.057005 0.0564969 0.0118797 0.0290032 
3.24132e-05 0.000161244 0.00119627 5.28356e-05 5.76756e-07 0.174329 0.000229298 0.000179965 0.00152192 4.40769e-07 4.85413e-05 0.000132057 1.18688e-05 0.651692 4.67609e-07 0.152349 5.89976e-07 0.000586713 0.00185171 0.0017966 0.00158008 5.97267e-05 0.00193164 0.0018596 0.00436246 3.62539e-05 0.00262228 0.00137406 
0.000295667 0.0154106 1.95822e-08 3.89033e-08 2.97246e-08 0.0399558 1.20853e-07 0.00133047 9.53314e-08 6.48847e-12 3.56021e-06 0.0109828 4.45196e-05 0.0258048 6.88357e-12 0.575593 1.04306e-08 4.39469e-08 0.0109833 0.026185 0.00405973 6.50422e-12 0.166717 0.0983294 0.00247946 8.17628e-08 3.06537e-08 0.0218242 
0.000482683 0.649102 9.20586e-05 2.60865e-05 0.00635043 0.0380622 0.00160433 8.39334e-08 0.00484114 8.43225e-12 4.08398e-08 1.24372e-11 1.18882e-10 0.00207939 8.94571e-12 0.0410336 2.22539e-05 3.20472e-05 0.0174539 0.125896 0.0105867 8.45272e-12 0.0652451 0.0246969 0.000934493 2.30969e-08 6.53806e-09 0.0114581 
0.0892469 8.39742e-05 0.0315915 0.000141408 0.00307562 0.0203704 3.02878e-05 0.00267045 0.000268373 7.22056e-08 0.000459943 0.000221918 0.000179954 0.719174 2.21318e-05 0.00299297 0.000105412 7.21232e-05 0.000473695 0.010607 0.00265529 6.49036e-05 0.00654775 0.0133824 0.0890627 9.91072e-06 6.86165e-06 0.00648167 
0.000625682 0.000579763 7.37526e-05 0.000118501 2.16331e-06 0.485773 0.00351364 0.00207633 7.23528e-05 1.65324e-06 0.00027709 0.00032618 2.40305e-05 0.394847 0.000638268 0.0171672 7.77936e-06 9.27283e-05 0.00618167 0.0123561 0.00124333 3.77868e-05 4.75629e-05 0.000643491 0.0103861 0.00155647 9.46568e-05 0.0612357 
0.0065517 0.00430407 0.000601632 0.000182614 0.000127375 0.148438 0.0853799 0.0138056 0.0558134 7.87247e-08 0.000310044 0.000129929 0.00490202 0.119367 1.16902e-07 0.0853135 1.98083e-06 4.47604e-05 0.0143524 0.0875459 0.0588608 8.27559e-06 0.19104 0.00652962 0.00458083 0.00331752 0.0226262 0.085865 
0.00472479 0.0185327 0.000624105 0.00150908 6.90756e-05 0.0282419 0.000469976 0.00329127 0.00059938 6.76358e-06 1.74398e-05 0.00127822 0.000191771 0.492045 2.34436e-05 0.0111661 1.77212e-05 0.00157198 0.00665973 0.0509409 0.00112643 0.000230989 0.0252881 0.168062 0.175885 0.000798299 0.0043384 0.00228951 
0.0228789 0.0122839 0.00509235 0.0202243 2.36425e-07 0.71404 0.000236163 0.000503169 0.0195589 3.59474e-08 2.18797e-07 0.000103302 2.11659e-05 0.0968161 1.34018e-05 0.0102828 8.46017e-06 2.19307e-07 0.00189361 0.0753041 0.00494095 1.08383e-07 0.000939382 0.00152003 0.00108387 0.000115247 0.0110379 0.00110131 
1.8717e-05 0.142317 0.0187399 3.28269e-07 0.00282205 0.00602956 0.000440076 0.00196447 0.013383 2.08105e-07 0.000143641 5.40703e-05 5.68987e-06 0.703336 0.00020235 0.019377 2.78552e-07 2.13531e-07 0.0274403 0.0265035 0.0104148 2.08611e-07 0.00503674 0.00254085 0.0068656 0.000111597 0.000820192 0.0114318 
0.000534202 0.192053 0.00449645 6.50064e-05 8.38731e-06 0.0891947 0.000424557 0.0630618 0.0551138 6.31351e-07 0.000576721 0.025094 5.39731e-06 0.0310916 3.3233e-06 0.068332 8.59824e-06 7.94552e-05 0.29438 0.0549434 0.0246476 2.0527e-06 0.0500377 0.0162764 0.000123141 6.74334e-06 0.00215062 0.0272888 
0.00165398 0.276797 0.000253436 2.28992e-08 3.08138e-06 0.0331409 1.07863e-05 0.0121098 0.00841993 1.45169e-08 6.61154e-06 2.51887e-05 3.83637e-06 0.135477 0.00018007 0.0282432 1.94311e-08 5.68306e-07 0.131399 0.0147319 0.0231369 1.04802e-05 0.00455724 0.0202008 0.305667 0.00235752 1.81742e-05 0.00159519 
0.000653658 0.0592973 9.95651e-05 2.30675e-05 4.6591e-08 0.0314563 0.00196118 0.00266119 0.00775609 1.42561e-08 0.000864926 1.22519e-07 0.000173597 0.0684824 2.88512e-08 0.144426 9.46276e-05 0.000184483 0.270918 0.0111969 0.0972121 0.000324097 0.258769 0.00869483 0.00739396 6.24139e-06 0.000270912 0.0270792 
0.0118958 0.0468111 6.85288e-07 3.77085e-06 7.55057e-08 0.109639 0.0310806 0.02034 7.04379e-06 5.35979e-10 0.0014445 8.99586e-07 0.000493873 0.00625607 3.70115e-08 0.0289281 2.42047e-07 1.53962e-07 0.268821 0.0756436 0.0678177 5.3728e-10 0.000616276 0.0509513 0.0707518 0.000140374 0.000961314 0.207395 
0.78814 0.000958549 3.05092e-07 1.06796e-07 0.0203184 0.082401 0.000147923 0.00192324 0.000102842 5.22247e-10 0.00331473 7.70295e-10 7.35898e-08 0.019806 1.51718e-09 0.00626492 0.000416375 5.35863e-10 0.00687368 0.0523093 0.000216049 5.44682e-08 0.00373711 0.00203359 2.2686e-06 6.58032e-10 0.0107576 0.00027608 
0.000738968 2.19154e-05 3.98312e-06 4.14683e-06 0.0383957 0.016458 0.000495191 0.00778098 0.000168263 9.01126e-07 3.24405e-05 0.000376353 5.24294e-06 0.602428 6.30473e-05 0.0807884 1.20617e-06 3.36221e-06 0.000353789 0.0150534 3.67155e-05 5.01019e-05 0.00859293 0.21226 0.0146211 1.83812e-05 3.96288e-05 0.00120775 
0.00325832 0.00257812 3.5922e-06 0.072151 7.07271e-06 0.112644 0.00126169 0.00811333 0.0253215 1.93011e-08 0.000523405 0.00013135 9.94761e-06 0.0553236 1.07444e-05 0.593048 7.0389e-06 0.000372077 0.00243344 0.0614465 0.00224695 0.00320779 0.00860925 0.0178447 0.0147468 2.79608e-06 0.0076675 0.00702967 
0.0247 0.00104599 0.00575449 7.76583e-06 0.000262822 0.105539 0.00757485 0.00317743 0.081075 3.92342e-08 0.00108109 0.00536981 0.000168686 0.446503 8.93491e-06 0.0320387 1.49833e-07 7.90159e-05 0.0280385 0.0149672 0.0838198 0.00101445 0.00207545 0.03638 0.0260883 6.90695e-07 0.00315316 0.0900763 
0.000546021 0.0103032 4.62616e-08 0.00396261 1.24518e-05 0.430849 0.00201518 0.000893528 0.440417 4.54615e-10 7.25445e-07 0.00144518 4.56506e-06 0.0121261 1.89244e-08 0.0417047 2.50672e-06 0.000192404 0.0097981 0.000516493 0.00860759 4.87798e-05 0.00938566 0.0108404 0.0110198 5.72814e-10 0.00010755 0.00519962 
0.130377 0.0730263 0.000564792 0.000582426 0.00110984 0.0599975 0.00421407 2.98015e-05 0.0244662 1.06281e-08 0.645534 7.93349e-05 2.37809e-05 0.00877208 2.57619e-07 0.00181541 3.34992e-07 0.000514308 0.000959205 0.0033032 0.0192753 1.06539e-08 0.000307446 0.00125799 9.76906e-07 8.02094e-07 0.00586192 0.0179256 
0.00211802 2.32835e-07 5.94788e-05 2.50343e-08 0.00012872 0.0140006 0.110323 8.55478e-07 3.70555e-08 1.58704e-08 1.39618e-05 9.36159e-05 0.000112881 0.303989 0.362932 1.19701e-06 2.12428e-08 0.00305236 2.04131e-07 6.58343e-07 2.09548e-07 1.5909e-08 1.11451e-05 0.000381023 0.0269086 2.92008e-07 0.0018683 0.174004 
0.00353819 0.0211254 0.00124388 0.000248747 0.0021663 0.0774967 0.00988691 0.00453567 0.0214485 3.40934e-05 0.000923412 0.000216326 8.25241e-05 0.0605546 5.99399e-05 0.0601452 0.000253806 0.000286312 0.0243169 0.330894 0.0191797 0.000630009 0.0149876 0.022727 0.0114421 0.000639795 0.0262666 0.28467 
1.06705e-06 0.02748 5.18056e-05 0.000561683 0.000407921 0.0564645 0.00013238 0.00143795 0.00296408 1.04234e-08 0.00777613 1.53742e-08 4.46316e-06 0.00941406 1.10582e-08 0.217966 1.39519e-08 1.55551e-06 0.359408 0.103961 0.0132061 1.04488e-08 0.186407 0.00113665 0.00629784 0.000113562 1.25623e-08 0.00480567 
0.00019331 0.605066 0.000217618 1.04702e-05 0.0128809 0.0720807 0.013381 0.000531926 0.0113522 2.03119e-11 4.09861e-08 0.0343805 7.78178e-06 0.00828962 2.15488e-11 0.0457666 8.93577e-06 0.00103627 0.00889018 0.0758453 0.0120184 2.03612e-11 0.0579331 0.027829 0.00185379 1.22109e-05 6.19475e-05 0.0103527 
0.00101532 5.70197e-05 1.03872e-08 9.03398e-05 1.00127e-11 0.0328366 2.66362e-05 2.44032e-06 9.66189e-05 7.65192e-12 2.04065e-08 7.51221e-05 1.481e-08 0.00039763 1.14694e-08 0.00211545 1.02422e-11 8.15848e-06 0.00010918 2.24992e-05 0.000217375 2.46644e-05 2.57946e-06 1.83433e-05 4.04638e-05 3.46331e-09 0.962841 2.25336e-06 
0.00165398 0.276797 0.000253436 2.28992e-08 3.08138e-06 0.0331409 1.07863e-05 0.0121098 0.00841993 1.45169e-08 6.61154e-06 2.51887e-05 3.83637e-06 0.135477 0.00018007 0.0282432 1.94311e-08 5.68306e-07 0.131399 0.0147319 0.0231369 1.04802e-05 0.00455724 0.0202008 0.305667 0.00235752 1.81742e-05 0.00159519 
0.00625282 0.0367081 0.00199431 0.000291794 6.74815e-06 0.0422539 0.00926408 1.33214e-05 0.00350166 1.5009e-07 4.19668e-05 4.85287e-05 2.87125e-05 0.0140211 2.12181e-06 0.286671 9.31004e-06 1.34803e-05 0.0361208 0.126046 0.00295611 1.10832e-06 0.359498 0.0155656 0.0194559 1.22252e-05 0.0112855 0.0279353 
0.00019331 0.605066 0.000217618 1.04702e-05 0.0128809 0.0720807 0.013381 0.000531926 0.0113522 2.03119e-11 4.09861e-08 0.0343805 7.78178e-06 0.00828962 2.15488e-11 0.0457666 8.93577e-06 0.00103627 0.00889018 0.0758453 0.0120184 2.03612e-11 0.0579331 0.027829 0.00185379 1.22109e-05 6.19475e-05 0.0103527 
2.76268e-06 0.00676033 0.000274365 0.000745579 1.89008e-05 0.0206701 0.0012459 0.000419596 1.65852e-06 1.01577e-08 0.00989534 8.12778e-06 1.35872e-05 0.884525 4.82464e-06 0.00153296 1.35963e-08 1.04226e-08 0.0218231 0.000922433 0.0184262 1.01824e-08 0.0105786 7.82854e-06 0.00118699 5.68681e-05 5.09686e-07 0.0208779 
4.67289e-07 0.0271603 5.0728e-05 0.000277721 4.32163e-10 0.287716 1.15976e-05 0.00786793 0.658442 3.30268e-10 0.000867831 0.000818059 5.97139e-06 0.00289765 3.50379e-10 0.00188995 4.42069e-10 3.0312e-05 0.00394358 0.000838063 1.79301e-06 1.88301e-09 0.00190109 0.000254499 0.000306312 4.16138e-10 0.00465319 6.55481e-05 
0.00243527 0.00984413 0.222433 3.0684e-06 8.61003e-11 0.706229 0.000150469 0.0141373 0.000532693 6.57996e-11 8.7887e-06 9.70519e-11 4.45901e-06 8.84728e-05 6.98063e-11 1.14263e-07 0.000462861 0.000366852 0.00435807 2.29801e-08 2.12381e-08 6.30894e-09 0.00240949 0.0256354 0.000249837 9.47539e-06 0.0106419 8.22883e-08 
7.43473e-06 0.0800716 0.000443046 3.82879e-08 2.47869e-05 0.0509876 0.00172469 0.00323028 1.3688e-05 2.42725e-08 2.54206e-06 1.78129e-06 3.61034e-07 0.139376 0.0216214 0.0471287 3.24891e-08 2.49053e-08 0.0157959 0.00873919 0.461232 2.43315e-08 0.0033056 0.051751 0.11233 3.05834e-08 0.0011639 0.00104738 
0.627181 7.09849e-05 0.0130828 0.00161898 0.000833376 0.0677616 0.000948323 0.00120493 0.00217067 2.1208e-07 0.00169569 0.000187364 0.000198224 0.211406 1.81476e-05 0.00113243 1.87648e-06 0.00014456 0.0029871 0.00220545 0.00272352 2.93485e-06 0.00392178 0.000562894 0.000665037 0.00162153 0.0448899 0.0107629 
0.00515817 0.215061 0.000378772 0.0001697 1.57469e-07 0.352449 0.00016006 1.9565e-07 0.0110784 1.61923e-11 0.000262902 2.20296e-07 0.00024093 0.121835 8.31603e-06 0.024431 7.66793e-09 2.81557e-08 0.0015724 0.151275 0.00540855 1.62316e-11 0.0296546 0.0112008 0.0051973 0.000100575 0.0101015 0.0542557 
0.00453499 0.0146913 0.00376237 0.00102135 0.00276123 0.050294 0.0149823 0.0129381 0.0041748 0.000309095 0.00189507 0.00698789 0.00232391 0.0181992 0.0012356 0.0933335 0.000572759 0.00144607 0.411881 0.0441047 0.0429043 0.00147553 0.0143082 0.186569 0.0210408 0.00603232 0.00169736 0.0345228 
0.000142988 0.0116854 0.000464237 7.04273e-05 0.000459362 0.0631758 0.00117129 1.98354e-05 0.00601478 3.49234e-07 0.000483072 0.000238122 7.92209e-05 0.769961 4.34213e-06 0.0927192 9.83055e-06 3.38162e-05 0.00214322 0.0415248 0.000817477 3.50081e-07 1.06421e-05 0.000158958 0.00164657 0.00251815 0.000723397 0.00372295 
0.000454879 0.0108458 0.000877933 0.00305986 5.14448e-06 0.16632 0.00314326 0.653554 0.00477627 5.88746e-10 0.000185408 0.000122019 1.10454e-06 0.0157602 2.78099e-07 0.0417266 2.56214e-07 6.04095e-10 0.00309535 0.0569332 0.00334662 5.90175e-10 0.00305049 0.00850378 2.92201e-07 0.000699803 0.00215774 0.0213798 
0.00248916 0.00330963 0.000659407 0.000339341 1.29337e-05 0.850916 0.0191956 0.00128654 0.00364564 1.72037e-09 9.18318e-08 0.011898 1.38342e-05 0.0300458 1.82513e-09 0.0022109 6.97749e-07 4.59224e-07 0.00274341 0.0100663 0.00731116 1.55073e-07 0.000889277 8.35352e-07 0.000282879 2.68481e-05 0.0393252 0.0133304 
0.0145119 0.0333293 2.18075e-05 9.44683e-07 1.20096e-05 0.13444 0.00655758 0.00411217 0.0132995 2.36742e-09 0.313361 0.00021455 3.43532e-06 0.145853 2.51158e-09 0.0915939 1.25492e-05 2.11087e-07 0.0779894 0.0153776 0.042241 9.14445e-05 0.000822595 0.067989 0.0055194 1.4037e-06 0.000143713 0.0325002 
0.0105507 0.0286671 0.00276252 0.00123886 0.000165522 0.102161 0.0122191 0.0516017 0.0054237 1.9122e-11 0.0236842 0.00565614 0.00635884 0.0139294 2.02863e-11 0.103712 1.40182e-05 0.00113949 0.0120369 0.0181993 0.015935 5.54416e-05 0.0270757 0.551616 0.00310687 2.71215e-05 0.000294992 0.00236835 
0.000482683 0.649102 9.20586e-05 2.60865e-05 0.00635043 0.0380622 0.00160433 8.39334e-08 0.00484114 8.43225e-12 4.08398e-08 1.24372e-11 1.18882e-10 0.00207939 8.94571e-12 0.0410336 2.22539e-05 3.20472e-05 0.0174539 0.125896 0.0105867 8.45272e-12 0.0652451 0.0246969 0.000934493 2.30969e-08 6.53806e-09 0.0114581 
0.00282507 0.0746064 6.78842e-06 8.41332e-06 0.00187918 0.0530944 0.00242502 0.263878 0.00644935 6.65691e-06 0.00191697 0.01628 6.45041e-05 0.0104082 4.00013e-05 0.124779 2.04839e-05 0.000127789 0.0709599 0.042666 0.013224 0.00166134 0.0410605 0.0702762 0.0713273 0.000190882 0.0447092 0.0851076 
0.000173264 0.000318863 0.0196115 0.000444311 8.82399e-12 0.971463 0.000251297 5.62946e-08 0.00140862 6.74348e-12 1.2393e-08 6.33879e-08 2.7876e-05 4.17978e-05 6.48381e-09 1.94947e-08 2.20905e-09 3.64317e-07 0.000115868 4.77669e-09 5.39186e-08 6.75985e-12 0.00468274 0.000289689 1.02524e-07 4.43164e-08 0.00117063 3.54717e-08 
1.5982e-08 0.823002 3.68236e-06 1.45761e-11 2.8472e-08 0.000719574 0.00673635 4.01935e-07 0.000753598 9.2405e-12 4.09365e-08 8.99079e-08 5.66416e-09 7.70165e-09 1.06608e-07 0.048114 1.23686e-11 9.48141e-12 0.0028318 0.0462772 0.0218919 9.26294e-12 0.00977558 0.0321108 2.9523e-07 3.66422e-06 3.7741e-05 0.0077407 
0.00159709 0.251658 8.24495e-05 0.00104465 0.000280111 0.068912 0.0247576 0.00838289 0.0264896 6.39053e-06 0.000229805 0.0020714 0.000152896 0.0446604 6.09562e-05 0.243168 0.00103017 0.000315757 0.0175414 0.0459127 0.00674621 3.15615e-05 0.114457 0.0384159 0.0380222 2.2685e-05 0.0177391 0.0462121 
0.78814 0.000958549 3.05092e-07 1.06796e-07 0.0203184 0.082401 0.000147923 0.00192324 0.000102842 5.22247e-10 0.00331473 7.70295e-10 7.35898e-08 0.019806 1.51718e-09 0.00626492 0.000416375 5.35863e-10 0.00687368 0.0523093 0.000216049 5.44682e-08 0.00373711 0.00203359 2.2686e-06 6.58032e-10 0.0107576 0.00027608 
0.00101532 5.70197e-05 1.03872e-08 9.03398e-05 1.00127e-11 0.0328366 2.66362e-05 2.44032e-06 9.66189e-05 7.65192e-12 2.04065e-08 7.51221e-05 1.481e-08 0.00039763 1.14694e-08 0.00211545 1.02422e-11 8.15848e-06 0.00010918 2.24992e-05 0.000217375 2.46644e-05 2.57946e-06 1.83433e-05 4.04638e-05 3.46331e-09 0.962841 2.25336e-06 
0.000130432 0.815831 2.65527e-06 1.3274e-08 1.3291e-08 0.00171413 0.00299369 3.29382e-08 0.00633302 3.16134e-12 1.53611e-08 4.66285e-12 5.79025e-05 3.59541e-09 3.35384e-12 0.0223388 4.23149e-12 1.12901e-08 0.00620295 0.0382591 0.0394433 3.16901e-12 0.0157227 0.0448754 6.84806e-07 3.22516e-10 0.000977031 0.00511735 
0.00625282 0.0367081 0.00199431 0.000291794 6.74815e-06 0.0422539 0.00926408 1.33214e-05 0.00350166 1.5009e-07 4.19668e-05 4.85287e-05 2.87125e-05 0.0140211 2.12181e-06 0.286671 9.31004e-06 1.34803e-05 0.0361208 0.126046 0.00295611 1.10832e-06 0.359498 0.0155656 0.0194559 1.22252e-05 0.0112855 0.0279353 
0.00792528 0.00159225 0.00190635 0.00397971 0.00307309 0.633204 0.0111118 0.00321678 0.00533877 2.52962e-05 5.42656e-05 0.000694798 3.85822e-05 0.0672206 0.000589251 0.0100753 0.00169854 0.000259278 0.0058482 0.0303554 0.00738894 0.000110496 0.00769894 0.00159829 0.00228575 0.00349129 0.184322 0.00489644 
0.000295667 0.0154106 1.95822e-08 3.89033e-08 2.97246e-08 0.0399558 1.20853e-07 0.00133047 9.53314e-08 6.48847e-12 3.56021e-06 0.0109828 4.45196e-05 0.0258048 6.88357e-12 0.575593 1.04306e-08 4.39469e-08 0.0109833 0.026185 0.00405973 6.50422e-12 0.166717 0.0983294 0.00247946 8.17628e-08 3.06537e-08 0.0218242 
0.167364 0.0191323 0.000211476 8.56581e-05 0.000200798 0.0676283 0.0788674 0.00208309 0.00208376 1.91844e-05 0.0223403 0.000322446 0.00012938 0.23219 2.03734e-05 0.056416 2.04623e-05 0.00248273 0.0866913 0.088034 0.0232182 4.80581e-05 0.0161342 0.00898379 0.0222203 0.000318946 0.0154772 0.0872759 
0.00019331 0.605066 0.000217618 1.04702e-05 0.0128809 0.0720807 0.013381 0.000531926 0.0113522 2.03119e-11 4.09861e-08 0.0343805 7.78178e-06 0.00828962 2.15488e-11 0.0457666 8.93577e-06 0.00103627 0.00889018 0.0758453 0.0120184 2.03612e-11 0.0579331 0.027829 0.00185379 1.22109e-05 6.19475e-05 0.0103527 
0.000337703 0.0283473 7.37059e-06 0.00315119 8.1779e-06 0.534796 0.00281 0.000666424 0.298425 4.62097e-10 1.46872e-05 0.000833991 2.64036e-06 0.0131 1.2499e-08 0.051263 1.48257e-06 0.000233161 0.0116912 0.00751415 0.00574356 2.81917e-05 0.00847232 0.0131941 0.0097616 3.33675e-07 0.00022567 0.00937135 
7.65529e-05 0.0282084 0.000531682 0.000144247 0.000787081 0.0669487 0.032363 0.00388718 0.0123622 1.00398e-07 0.000236298 2.88994e-05 4.53981e-05 0.0238512 6.09073e-07 0.0968927 0.130351 0.00312226 0.0126295 0.119013 0.0810012 8.32462e-07 0.331601 0.0186972 0.0101941 8.92346e-05 0.00276911 0.0241685 
2.10134e-05 0.165135 0.000844504 1.36528e-06 4.04634e-06 0.00598925 0.000290456 0.437251 1.02492e-05 8.66313e-10 1.69552e-06 0.000960706 1.30342e-06 0.00643099 9.19065e-10 1.64228e-06 0.0965508 4.52411e-07 0.123125 0.00375961 3.56057e-06 8.68416e-10 0.0137715 0.0556636 0.0821298 0.0021949 9.48629e-09 0.00585682 
0.016541 0.0126393 0.000172609 0.000302058 0.00302919 0.100533 0.00547643 0.000130192 0.080952 5.27799e-05 0.000868196 0.00586433 0.0166177 0.299938 0.000135264 0.0665938 0.000152479 0.0435937 0.0467886 0.114107 0.00209209 0.00208789 0.00330876 0.00989049 0.114124 0.000894903 0.0263851 0.0267291 
0.000292825 0.0261442 0.0234129 7.0261e-05 0.000586521 0.297514 0.00145072 0.0543536 0.0285851 1.16838e-07 0.000383306 0.000357562 2.69782e-05 0.522271 1.4017e-05 0.0252475 8.65751e-06 4.70003e-05 0.00251859 0.00311539 1.3693e-05 1.17121e-07 0.000168257 6.67477e-07 0.00394916 0.0023386 0.000683007 0.00644703 
0.000148045 0.294418 0.00537447 7.27421e-05 5.73507e-05 0.0985641 0.00231014 0.00348676 0.00783963 3.42627e-05 0.000306671 0.000209113 0.000529153 0.0100439 0.000152494 0.0199885 0.00713333 0.000110293 0.0458815 0.027878 0.169621 4.94808e-05 0.0407811 0.0517883 0.00827938 0.00722544 0.000299541 0.197418 
0.000672308 0.320518 0.000292738 0.000220176 7.96895e-05 0.0737199 0.00319292 0.00159358 0.00326633 4.71892e-05 0.00106597 0.0022253 0.00315936 0.0548166 0.000181968 0.0235029 0.131616 0.0010243 0.0149738 0.0204451 0.00888678 0.000637504 0.056716 0.190725 0.0305498 0.000162488 0.00972225 0.0459855 
0.0416538 0.0027377 0.0595209 0.000870241 0.0251256 0.284602 0.0233834 0.0530148 0.0419113 6.15602e-05 0.00371196 0.00148217 0.000492303 0.0947558 0.0002108 0.00661695 0.0222501 0.00811148 0.00773933 0.0567069 0.00954104 6.98884e-05 0.0132663 0.00588317 0.0081687 0.011151 0.0608026 0.156159 
0.000165968 0.00113619 0.000432943 0.00078489 1.01604e-06 0.055282 0.00339015 0.000379051 0.00228807 7.76479e-07 0.0175799 0.000959949 3.5662e-05 0.346143 8.23761e-07 0.00013362 8.85848e-06 7.96722e-07 0.0219596 0.000221501 0.538017 7.78364e-07 0.000305539 0.00211931 0.000871266 0.00621701 0.000793239 0.000770443 
0.0156817 0.479654 7.71898e-05 4.10553e-05 2.41648e-05 0.0453163 0.00506303 0.00447553 0.0181257 1.54694e-06 0.000670066 0.012353 5.87869e-05 0.0192649 3.76912e-06 0.149433 8.59451e-06 3.96842e-06 0.0745379 0.0461899 0.0200977 0.000425715 0.0778459 0.0160343 0.00466532 3.60179e-05 3.21987e-06 0.00990787 
0.00101532 5.70197e-05 1.03872e-08 9.03398e-05 1.00127e-11 0.0328366 2.66362e-05 2.44032e-06 9.66189e-05 7.65192e-12 2.04065e-08 7.51221e-05 1.481e-08 0.00039763 1.14694e-08 0.00211545 1.02422e-11 8.15848e-06 0.00010918 2.24992e-05 0.000217375 2.46644e-05 2.57946e-06 1.83433e-05 4.04638e-05 3.46331e-09 0.962841 2.25336e-06 
0.000804784 0.113233 6.67865e-05 0.000132852 0.000248598 0.087628 0.000148967 0.0367132 0.0489024 1.73193e-05 3.34672e-05 0.000213466 0.0106164 0.028232 2.24009e-05 0.130293 2.18061e-05 0.00155618 0.110893 0.185213 0.143862 0.00010327 0.0141389 0.0293133 0.00677762 0.000184914 0.022209 0.0284209 
0.00159442 0.00403283 0.000141047 0.000120385 0.00224883 0.0771728 3.06621e-05 0.000976395 0.0034118 1.70827e-09 0.00271473 2.51964e-09 4.87845e-06 0.0299049 0.000129703 0.420904 2.28655e-09 0.000319987 0.000893917 0.308742 0.0503507 0.000324684 0.021031 0.002741 0.0050614 9.87229e-05 0.00479935 0.0622497 
0.0530737 0.0015312 7.22184e-05 0.001536 2.37154e-06 0.345515 0.000444719 2.50646e-08 0.00466396 1.43991e-11 7.41918e-08 5.27007e-08 4.47016e-08 0.000123086 1.7153e-08 0.00173372 1.07194e-07 2.17472e-08 0.00134446 0.214578 0.00245024 1.08384e-08 0.00751337 0.000341591 1.48437e-08 1.88561e-08 0.362365 0.00271079 
0.00560558 0.00285303 0.0126516 0.00414897 6.00108e-05 0.0349761 0.0111936 6.3024e-05 0.00052061 1.60622e-06 0.0116804 0.000146777 0.000327054 0.836886 0.000136487 0.0141312 5.72491e-06 0.00025585 0.0066497 0.00987165 0.0010143 0.0032513 0.00197345 0.00466543 0.0101489 0.00737923 0.00018869 0.0192134 
0.00093157 0.153345 2.39502e-05 0.000376047 0.0131303 0.147662 0.00691996 0.211026 0.0531071 1.856e-06 0.0095284 4.55213e-05 0.0158658 0.00644526 1.8015e-05 0.16024 3.50732e-05 4.50254e-05 0.00716087 0.0563763 0.0138224 0.0785415 0.019972 0.0128283 0.0150711 2.31199e-05 0.00524115 0.0122171 
0.0115625 0.0256064 0.00106298 0.000476411 0.0186985 0.418821 0.00362824 0.11193 0.00813127 3.80118e-05 5.15327e-05 0.00538018 0.000237682 0.118095 0.00481121 0.00624991 0.000182082 8.23805e-05 0.0569886 0.0415849 0.00601333 0.000445906 0.0144072 0.0766878 0.00377247 0.00111903 0.0402655 0.0236698 
0.00101532 5.70197e-05 1.03872e-08 9.03398e-05 1.00127e-11 0.0328366 2.66362e-05 2.44032e-06 9.66189e-05 7.65192e-12 2.04065e-08 7.51221e-05 1.481e-08 0.00039763 1.14694e-08 0.00211545 1.02422e-11 8.15848e-06 0.00010918 2.24992e-05 0.000217375 2.46644e-05 2.57946e-06 1.83433e-05 4.04638e-05 3.46331e-09 0.962841 2.25336e-06 
0.000995209 0.173645 3.53439e-05 8.41594e-05 5.27091e-06 0.0777891 8.58343e-06 0.0151323 0.110508 1.03183e-07 5.84598e-06 0.00106893 2.33925e-06 0.215817 5.38381e-06 0.0164793 1.86831e-06 1.05873e-07 0.00223687 0.068223 0.0201622 0.000207021 0.000883721 0.259144 0.0159022 1.85453e-06 2.58692e-05 0.0216295 
0.00515817 0.215061 0.000378772 0.0001697 1.57469e-07 0.352449 0.00016006 1.9565e-07 0.0110784 1.61923e-11 0.000262902 2.20296e-07 0.00024093 0.121835 8.31603e-06 0.024431 7.66793e-09 2.81557e-08 0.0015724 0.151275 0.00540855 1.62316e-11 0.0296546 0.0112008 0.0051973 0.000100575 0.0101015 0.0542557 
0.78814 0.000958549 3.05092e-07 1.06796e-07 0.0203184 0.082401 0.000147923 0.00192324 0.000102842 5.22247e-10 0.00331473 7.70295e-10 7.35898e-08 0.019806 1.51718e-09 0.00626492 0.000416375 5.35863e-10 0.00687368 0.0523093 0.000216049 5.44682e-08 0.00373711 0.00203359 2.2686e-06 6.58032e-10 0.0107576 0.00027608 
9.299e-07 0.00568572 1.23265e-07 1.58948e-05 1.87107e-07 0.0126414 0.000930753 4.1864e-07 0.00171489 7.46031e-11 2.24051e-05 0.0018819 1.16697e-07 0.00449442 7.91459e-11 0.0719091 0.00916626 2.76601e-07 0.0108975 0.393445 0.115221 7.47842e-11 0.0519949 0.169863 4.92829e-05 5.14591e-07 1.11627e-06 0.150063 
4.53636e-06 0.00948012 1.60199e-05 0.881698 4.23158e-10 0.0367169 6.45558e-05 3.07207e-05 0.0472709 3.23387e-10 7.85034e-05 4.76983e-10 1.89006e-07 0.00127111 3.43078e-10 0.000139384 4.32858e-10 1.16696e-05 0.00201162 0.00163573 0.011815 3.24172e-10 0.00187729 0.00454074 1.35191e-05 4.07467e-10 7.49114e-07 0.00132295 
0.00708046 0.0183497 0.00539367 0.000520652 0.00267902 0.0285437 0.026741 0.00924284 0.00350963 0.000448885 0.00760266 0.00406668 0.00852363 0.0288836 0.00547202 0.0471195 0.00175945 0.00295193 0.494244 0.0701996 0.0260993 0.00615154 0.0218721 0.0320958 0.0303002 0.000460275 0.00527114 0.104417 
0.00214104 0.00474834 3.31325e-05 0.00262519 1.52129e-06 0.355447 0.0348427 0.00163275 0.0017664 9.52732e-08 5.88256e-05 1.40524e-07 3.50764e-06 0.528597 3.87747e-06 0.0454351 5.29051e-05 6.02228e-05 0.00424158 0.00241737 0.0123872 3.4126e-07 0.00066588 0.000701529 0.00023364 2.06514e-05 0.000369834 0.00151277 
1.52938e-05 4.11762e-05 0.000176322 0.000245473 4.15034e-05 0.00185039 0.00389483 0.00110049 0.000205425 1.26868e-05 4.3374e-05 1.62598e-05 5.00556e-05 0.00131513 0.000314582 0.00215951 0.000735696 0.000312509 0.00144036 0.0183968 0.000261673 7.65413e-05 6.63819e-05 0.000474141 0.00588903 0.000369924 0.000333387 0.960161 
0.0037502 0.00825886 0.00492493 0.000228946 5.80223e-08 0.0788052 0.00518047 0.00350374 0.0170732 4.43418e-08 1.82937e-05 6.54025e-08 0.0443784 0.68011 4.70419e-08 0.0313884 0.0089943 0.0169388 5.39196e-05 0.01215 0.000271325 6.92102e-05 0.0267597 0.00181576 0.0254591 0.0291641 0.000290128 0.000412739 
0.000325214 0.00326435 0.000150837 0.000140797 0.00193458 0.0458189 0.00776617 0.000248056 0.0182169 5.57511e-06 0.0749485 0.104316 0.0010777 0.028505 9.82158e-06 0.00689386 0.000885082 0.00142163 0.102811 0.0338836 0.034115 5.27949e-05 7.51937e-05 0.188042 0.018017 0.000304225 0.00371273 0.323058 
0.00587264 0.012737 0.0607322 0.0232118 1.4593e-09 0.804872 4.22644e-05 0.00587766 0.00162505 1.11523e-09 0.000613934 0.000117865 5.25298e-06 0.00243839 1.71919e-07 0.0265236 0.000331408 0.000101095 0.00177409 0.000881327 4.77287e-05 1.96367e-08 0.0114921 0.0202255 0.00459109 2.94903e-06 0.0146117 0.00127108 
0.00512313 0.0241426 0.00132396 0.0547627 0.00117683 0.484818 0.00570285 0.00683262 0.0617131 0.000148991 0.00127163 0.00534234 0.00124219 0.112379 0.000291282 0.0931188 0.000245738 0.00274803 0.0163311 0.0417075 0.0105776 0.000223836 0.0157951 0.00854872 0.00439558 0.00203544 0.0193044 0.0186974 
0.0558012 0.00136424 5.98504e-05 0.000826266 0.000399198 0.598235 0.00184462 0.000549438 0.00631887 1.05363e-08 9.38724e-06 0.0171842 8.77715e-05 0.0121035 4.36667e-08 0.00199216 3.34322e-06 0.000118592 0.00201551 0.14178 0.0217875 1.8325e-06 0.00537176 0.00025816 0.00863732 0.000167251 0.104476 0.0186069 
0.000454879 0.0108458 0.000877933 0.00305986 5.14448e-06 0.16632 0.00314326 0.653554 0.00477627 5.88746e-10 0.000185408 0.000122019 1.10454e-06 0.0157602 2.78099e-07 0.0417266 2.56214e-07 6.04095e-10 0.00309535 0.0569332 0.00334662 5.90175e-10 0.00305049 0.00850378 2.92201e-07 0.000699803 0.00215774 0.0213798 
0.0248545 0.0111917 5.47831e-05 1.29791e-06 5.29153e-07 0.0609421 0.0010368 3.5932e-09 6.72007e-07 2.10707e-10 1.55166e-05 0.00283317 0.000378903 0.824209 6.89415e-08 0.00369055 9.91544e-09 0.00305222 0.000470774 0.00132922 0.00827202 3.68775e-07 0.000317827 0.00168963 0.00259725 0.00196723 0.0347849 0.0163088 
0.78814 0.000958549 3.05092e-07 1.06796e-07 0.0203184 0.082401 0.000147923 0.00192324 0.000102842 5.22247e-10 0.00331473 7.70295e-10 7.35898e-08 0.019806 1.51718e-09 0.00626492 0.000416375 5.35863e-10 0.00687368 0.0523093 0.000216049 5.44682e-08 0.00373711 0.00203359 2.2686e-06 6.58032e-10 0.0107576 0.00027608 
2.10871e-06 0.00378128 2.11689e-06 2.38807e-07 1.98099e-07 0.0539819 0.0135604 0.00633196 0.000691491 1.51391e-07 0.000899822 1.16528e-05 0.000334624 0.75385 1.6061e-07 0.0517888 2.02639e-07 0.01949 0.026437 7.68745e-05 0.00715413 0.000589951 0.0174078 0.00119467 0.031083 1.49537e-05 0.00840391 0.00291029 
0.00149493 0.0106293 0.000447229 1.78437e-05 0.000364325 0.0437934 0.000966933 0.00400463 0.0170447 1.48878e-05 1.65218e-05 0.000195797 2.67076e-05 0.0925868 0.0128019 0.0454807 0.000701524 0.618623 0.0554847 0.0155393 0.0223277 0.00741095 0.000855524 0.0117871 0.0280901 0.000572508 0.00264687 0.00607449 
0.00112405 0.0356578 0.00341472 0.000852528 0.00772778 0.0328348 0.00853865 0.00120987 0.0175924 1.02018e-05 0.000144008 0.00431263 3.67162e-05 0.0802632 0.000105986 0.0675183 0.00353686 0.000108023 0.0959314 0.235933 0.309638 0.00027922 0.00564404 0.0119199 0.0144378 0.000241526 0.00136236 0.0596236 
0.00191111 0.0178787 0.000213941 0.000173464 1.86425e-05 0.0201224 0.000836464 0.0388467 0.0390076 6.94871e-06 0.000589694 1.27714e-05 1.73986e-05 0.0136711 7.86048e-06 0.141085 8.84108e-05 0.000220115 0.103592 0.0751193 0.188809 0.0402084 0.0148501 0.230578 0.0653164 1.22455e-05 1.97337e-05 0.00678734 
0.000132036 0.115827 0.000158517 0.000397249 0.000170099 0.139463 0.0158898 0.00119533 0.000936374 2.13527e-05 0.000225166 0.000445948 0.0107076 0.0407005 2.68835e-05 0.123157 7.65999e-05 0.00140971 0.0276772 0.0187753 0.0322137 3.30878e-05 0.420553 0.0038163 0.0198012 0.000255794 0.00736347 0.0185703 
0.000938238 0.00493716 1.66643e-05 4.8709e-06 0.00416792 0.00919795 0.00028319 0.815382 9.74986e-05 2.65024e-09 0.00011658 3.90901e-09 0.000597249 0.0770025 2.81162e-09 0.00578409 3.54739e-09 5.94255e-06 0.0558845 3.52222e-05 0.0100165 2.65668e-09 0.0079622 0.00488481 2.31384e-06 8.37603e-08 5.3213e-09 0.00268202 
0.00867735 0.104228 4.92969e-05 0.00284101 0.00288462 0.0572652 0.0111287 0.0025874 0.0180739 1.82617e-05 0.000521173 0.000476415 2.15882e-05 0.523039 0.00100747 0.0788235 0.00364596 9.58155e-05 0.0145162 0.0567198 0.00691553 3.4426e-05 0.0151129 0.0226496 0.0266323 0.00675173 0.00571107 0.029572 
0.00735545 0.000612116 6.48967e-07 0.532935 4.58887e-06 0.22138 1.29243e-07 5.1944e-08 0.0555946 3.04934e-09 4.94985e-07 4.49767e-09 1.05902e-07 0.0284854 3.23503e-09 0.0273019 4.08159e-09 0.00283521 0.00401799 0.0836049 0.00351627 1.07709e-06 0.00835589 1.22663e-06 0.0113912 3.84217e-09 0.00882666 0.00377931 
0.00504998 0.00154099 4.80011e-06 5.98431e-06 0.00583832 0.0295588 0.00245752 0.00192935 0.000263055 1.19955e-07 2.89167e-05 1.76928e-07 0.000490694 0.87344 0.00049215 0.0125775 2.37665e-06 2.67354e-05 0.00109917 0.0172947 0.00241342 0.00188507 0.000385512 0.0133262 0.0061935 0.00305656 0.0166795 0.00395936 
1.41453e-06 0.00252848 2.72499e-05 4.75831e-08 1.82524e-06 0.00709615 9.04275e-05 0.000898931 0.0110552 3.01652e-08 0.000150638 0.939083 1.76418e-07 0.00141713 9.96092e-07 0.00081665 4.03766e-08 5.60269e-06 0.0137822 0.00107487 0.00226531 2.56511e-07 0.0139139 0.00264193 1.04702e-05 1.19548e-06 8.58718e-06 0.00312703 
0.00389632 0.0222031 0.00379537 0.000179576 3.22537e-05 0.0877642 0.0137998 0.0127459 0.000863882 1.59581e-06 0.000103228 0.00177995 0.000391589 0.667672 8.92059e-06 0.0950091 1.67225e-05 0.00180685 0.00336926 0.00952013 0.00278373 0.00183613 0.0315904 0.024031 0.00763162 0.000323542 0.000910538 0.00593311 
0.018645 0.00563114 0.0129751 0.000139942 0.00054149 0.0407076 0.000716328 0.00013864 0.000246323 3.16142e-05 0.00462451 6.17048e-05 0.00421674 0.760995 0.000595498 0.00366211 6.11565e-05 0.000612257 0.00307279 0.0359577 0.000486455 5.23383e-05 0.00176709 0.00393442 0.0707808 0.0104687 0.00776098 0.011116 
9.15792e-07 0.0045473 7.90644e-06 2.73602e-05 0.000304066 0.0200007 0.000226846 1.04187e-05 4.12595e-05 3.50047e-08 0.00760967 5.16306e-08 7.0205e-05 0.818833 6.47616e-05 0.00410528 1.07476e-06 0.00646153 0.0226285 0.0533983 0.0309778 1.56942e-05 6.48598e-06 0.018835 0.00683115 0.000389383 0.000110417 0.00449496 
0.00015389 0.00183754 9.94066e-06 0.000192751 0.00145982 0.0567047 0.0002228 0.000295556 0.000428607 8.56264e-07 0.000781094 0.00287872 0.000199216 0.852001 3.73877e-06 0.00589699 1.40264e-05 6.67287e-05 0.00856294 0.0320524 0.0105438 3.33543e-05 0.00101161 0.000357452 0.0079893 0.00139883 0.00994315 0.0049591 
0.00403382 0.0351618 2.31187e-05 0.000330853 5.03834e-05 0.0818442 0.00064785 0.00556323 0.00218742 1.20535e-06 2.47492e-06 6.33248e-06 0.000109745 0.68234 1.67166e-05 0.0127686 6.66688e-06 0.0154705 0.0165803 0.0332539 0.0245486 0.00182989 0.00493916 0.0153525 0.0532751 0.000463618 1.16103e-05 0.00917996 
2.4029e-05 0.00855582 0.0059023 0.000699918 5.6382e-06 0.809542 1.46013e-05 0.0176906 0.00693575 3.96658e-06 2.30345e-05 0.000618606 6.14178e-06 0.0231234 4.67569e-06 0.0586909 0.00527122 1.85336e-05 0.000817271 0.0271971 0.00131944 0.000944408 0.0132504 0.0107749 0.00186801 3.23845e-05 0.00572835 0.00093647 
