0.000221207 0.685936 0.03724 0.00895045 0.0577722 0.000695009 0.209185 
2.57606e-07 4.77245e-05 0.222896 0.0522576 0.314833 0.0182184 0.391747 
8.28066e-06 0.000407315 0.0520687 0.0031304 0.748823 2.00341e-05 0.195542 
0.000948856 0.023453 0.0397598 0.039795 0.261105 0.115325 0.519614 
3.68597e-07 6.87074e-05 0.00288007 0.000515059 0.00693922 0.986078 0.00351842 
0.000110742 0.00411664 0.0462693 0.062858 0.725153 0.000157986 0.161334 
6.13524e-07 8.87812e-07 0.0325582 0.0471334 0.0148171 7.73054e-05 0.905412 
6.03366e-09 1.23907e-05 0.00564361 0.0727406 0.760401 1.26631e-06 0.161201 
3.68597e-07 6.87074e-05 0.00288007 0.000515059 0.00693922 0.986078 0.00351842 
3.50952e-05 0.00024077 0.056602 0.00421947 0.32606 0.591286 0.0215572 
0.000460925 0.0160156 0.139696 0.0835944 0.713179 0.00122542 0.045829 
0.00190828 0.0427244 0.0466425 0.0807954 0.489467 0.0513075 0.287154 
3.68597e-07 6.87074e-05 0.00288007 0.000515059 0.00693922 0.986078 0.00351842 
0.00113352 0.071688 0.00878097 0.120591 0.73762 0.00309248 0.057094 
0.00197807 0.0273216 0.0616913 0.423281 0.408034 0.00414308 0.0735508 
2.04421e-07 0.00606687 0.0613617 0.0319568 0.567205 0.000148314 0.333261 
9.55495e-06 0.00725161 0.216607 0.13887 0.41729 0.0201473 0.199825 
8.41027e-05 0.00552665 0.197145 0.0145035 0.546304 0.0170928 0.219344 
1.00993e-05 5.99368e-05 0.0378022 0.195559 0.173924 0.069553 0.523092 
3.1955e-07 0.10054 0.038031 0.230129 0.34534 0.000312798 0.285646 
2.60853e-06 0.000380892 0.108198 0.0313232 0.342607 0.0107199 0.506768 
3.68597e-07 6.87074e-05 0.00288007 0.000515059 0.00693922 0.986078 0.00351842 
0.00452389 0.046081 0.00693535 0.572117 0.11772 0.00890212 0.24372 
2.46971e-08 0.000228772 0.000787205 0.0235334 0.9714 1.84491e-05 0.00403181 
0.0121003 0.0245903 0.123665 0.0517622 0.643162 0.0190016 0.125719 
2.12189e-08 1.7926e-05 0.179051 0.00728838 0.119907 0.121283 0.572453 
3.68597e-07 6.87074e-05 0.00288007 0.000515059 0.00693922 0.986078 0.00351842 
0.00238742 0.0149622 0.294581 0.0599061 0.465982 0.011776 0.150405 
7.46374e-07 0.00252548 0.600933 0.00143699 0.318369 2.29573e-05 0.0767115 
1.39973e-06 0.896817 0.0209152 0.0383715 0.0102669 0.00116682 0.0324609 
0.00215366 0.0835425 0.0565222 0.0489881 0.0934584 0.623171 0.0921642 
7.30259e-05 0.26521 0.0379013 0.0578858 0.366635 0.0687154 0.20358 
2.04213e-06 0.00453003 0.109195 0.110492 0.0428771 0.00614138 0.726762 
1.30469e-05 0.803538 0.00577582 0.0415346 0.0465774 0.000252035 0.102309 
6.79036e-06 0.128921 0.0373751 0.755395 0.0775361 6.87989e-06 0.000759121 
6.83141e-07 0.00394195 0.0309517 0.603547 0.185366 0.000248813 0.175944 
3.68597e-07 6.87074e-05 0.00288007 0.000515059 0.00693922 0.986078 0.00351842 
3.68597e-07 6.87074e-05 0.00288007 0.000515059 0.00693922 0.986078 0.00351842 
3.68597e-07 6.87074e-05 0.00288007 0.000515059 0.00693922 0.986078 0.00351842 
0.000203424 0.0125422 0.188022 0.0186801 0.328627 0.133359 0.318566 
1.55724e-06 0.00661869 0.000236488 0.285032 0.575443 0.000177466 0.13249 
7.50814e-05 0.0045162 0.131871 0.0189611 0.15392 0.0218574 0.668799 
2.1789e-07 0.0218742 0.106183 0.521862 0.299319 1.26605e-05 0.0507491 
4.88462e-05 0.0279998 0.0180409 0.0223174 0.256739 0.000939555 0.673914 
0.000346604 0.0108758 0.147688 0.0646939 0.253278 0.0102773 0.51284 
4.56453e-05 0.00116379 0.00959448 0.443483 0.330403 6.89937e-05 0.215242 
3.68597e-07 6.87074e-05 0.00288007 0.000515059 0.00693922 0.986078 0.00351842 
0.00306324 0.0039129 0.316788 0.0637481 0.299533 0.0209641 0.291991 
3.68597e-07 6.87074e-05 0.00288007 0.000515059 0.00693922 0.986078 0.00351842 
0.00276539 0.0113422 0.0963207 0.168198 0.660383 0.00559344 0.0553969 
0.000324825 0.00526652 0.092915 0.0367456 0.173925 0.197962 0.492861 
3.68597e-07 6.87074e-05 0.00288007 0.000515059 0.00693922 0.986078 0.00351842 
3.68597e-07 6.87074e-05 0.00288007 0.000515059 0.00693922 0.986078 0.00351842 
3.68597e-07 6.87074e-05 0.00288007 0.000515059 0.00693922 0.986078 0.00351842 
3.68597e-07 6.87074e-05 0.00288007 0.000515059 0.00693922 0.986078 0.00351842 
5.47582e-05 0.00328794 0.10653 0.340056 0.52863 0.00314355 0.0182981 
0.00431083 0.016892 0.0627403 0.134571 0.670917 0.00447865 0.106091 
0.000320296 0.523908 0.0635724 0.0397176 0.0852269 0.0071162 0.280138 
0.000393466 0.00892543 0.0395828 0.0672565 0.407174 0.00413037 0.472537 
0.0169755 0.0249918 0.0341017 0.0748881 0.233629 0.332986 0.282428 
7.73443e-06 0.00583443 0.0563974 0.150454 0.516281 9.93243e-05 0.270927 
3.77454e-07 5.03848e-07 0.136424 0.0783864 0.565698 0.00018574 0.219305 
3.68597e-07 6.87074e-05 0.00288007 0.000515059 0.00693922 0.986078 0.00351842 
0.000500567 0.0136343 0.10786 0.0982851 0.688643 0.0351199 0.0559572 
2.40155e-08 0.00301934 0.0518148 0.0857616 0.572068 0.000643997 0.286693 
6.44964e-08 0.971148 0.00271633 0.00824949 0.00851569 0.00028002 0.00908996 
0.000362869 0.000456064 0.00146389 0.97152 0.0163058 0.00174433 0.00814699 
4.47571e-08 0.0208372 0.122429 0.0866897 0.536041 0.0407977 0.193205 
6.47651e-05 0.0733293 0.0197116 0.46157 0.375719 0.000219138 0.0693858 
3.68597e-07 6.87074e-05 0.00288007 0.000515059 0.00693922 0.986078 0.00351842 
3.68597e-07 6.87074e-05 0.00288007 0.000515059 0.00693922 0.986078 0.00351842 
0.00473058 0.00724474 0.226809 0.142466 0.428605 0.0125283 0.177617 
1.6002e-05 7.48878e-05 0.00922248 0.0268713 0.0371025 0.853946 0.0727665 
2.30709e-06 0.000465178 0.0415223 5.43949e-05 0.390171 0.00990887 0.557876 
0.000401137 0.269768 0.0124607 0.545305 0.166268 0.0015061 0.00429138 
2.70812e-07 2.70925e-07 0.0197249 0.0722361 0.865636 0.00067752 0.0417254 
0.000800856 0.0415098 0.209013 0.0284961 0.416611 0.00382559 0.299744 
3.68597e-07 6.87074e-05 0.00288007 0.000515059 0.00693922 0.986078 0.00351842 
1.54203e-07 0.000423219 0.11648 0.237434 0.444745 3.70926e-05 0.20088 
3.68597e-07 6.87074e-05 0.00288007 0.000515059 0.00693922 0.986078 0.00351842 
0.0010734 0.0097767 0.57967 0.033504 0.285787 0.0550834 0.0351057 
3.68597e-07 6.87074e-05 0.00288007 0.000515059 0.00693922 0.986078 0.00351842 
0.00531827 0.0137361 0.387614 0.15643 0.36656 0.00549619 0.0648454 
0.000379346 0.115834 0.160348 0.0140471 0.6212 0.00396751 0.0842243 
4.91019e-07 0.000260075 0.265935 0.667614 0.0622836 7.3616e-07 0.00390569 
4.65424e-05 0.00644554 0.110735 0.0177265 0.735499 0.000312518 0.129235 
0.0016426 0.0106624 0.0537167 0.151959 0.389729 0.0697857 0.322505 
3.68597e-07 6.87074e-05 0.00288007 0.000515059 0.00693922 0.986078 0.00351842 
1.77566e-06 0.000765568 0.281949 0.211942 0.230994 0.000114612 0.274233 
0.00182972 0.00663147 0.177126 0.0493272 0.701436 0.00729738 0.056352 
1.87903e-07 0.105785 0.0384979 0.00202885 0.108105 0.00027019 0.745313 
nan nan nan nan nan nan nan 
3.61291e-05 0.0119107 0.060314 0.0242467 0.162404 0.0912477 0.649841 
0.00144618 0.00151082 0.36259 0.11991 0.035206 0.470332 0.00900426 
0.000164478 0.0260505 0.0744434 0.174589 0.68642 0.0206825 0.0176503 
6.68935e-09 0.00161771 0.254951 0.0519204 0.687215 8.95732e-09 0.00429572 
3.81148e-07 1.46361e-05 0.0119039 0.228698 0.0461709 0.00048493 0.712727 
6.12777e-07 6.98202e-06 0.642996 0.0625363 0.104525 9.43108e-05 0.18984 
5.2915e-05 0.00345145 0.0182736 0.0139718 0.963356 9.77084e-05 0.000796322 
1.76304e-08 0.00804255 0.0791946 0.00542215 0.865195 2.03103e-06 0.0421435 
2.25312e-05 0.0182268 0.229595 0.237874 0.131312 2.72677e-05 0.382942 
4.52828e-06 0.0634195 0.000371795 0.161574 0.00695506 0.211926 0.555749 
3.68597e-07 6.87074e-05 0.00288007 0.000515059 0.00693922 0.986078 0.00351842 
0.00013239 0.100748 0.0210672 0.0544263 0.685804 0.0840127 0.0538087 
9.00483e-07 0.0104251 0.308438 0.0221651 0.593275 0.000250066 0.0654457 
0.000536522 0.0251225 0.0224954 0.0151824 0.927315 0.00160674 0.00774134 
0.00167235 0.00490209 0.574026 0.00537293 0.220354 0.0192142 0.174459 
0.00174825 0.00288573 0.293843 0.0271974 0.140565 0.0456508 0.48811 
0.000278036 0.53346 0.0104929 0.0189539 0.145023 0.00140835 0.290384 
3.68597e-07 6.87074e-05 0.00288007 0.000515059 0.00693922 0.986078 0.00351842 
3.68597e-07 6.87074e-05 0.00288007 0.000515059 0.00693922 0.986078 0.00351842 
5.40568e-05 0.00371677 0.110331 0.0549551 0.222301 0.278838 0.329804 
1.83861e-06 0.000430534 0.493386 0.0159442 0.474804 2.86851e-06 0.0154306 
5.8686e-07 0.00409247 0.0154452 0.0253644 0.0180112 0.00133788 0.935748 
5.67723e-05 0.00767189 0.0459658 0.0808007 0.163394 0.622081 0.0800301 
3.68597e-07 6.87074e-05 0.00288007 0.000515059 0.00693922 0.986078 0.00351842 
0.00160386 0.00264573 0.309325 0.0139832 0.641435 0.0030222 0.027985 
2.36396e-06 2.36494e-06 0.110689 0.177628 0.265147 0.0151366 0.431395 
1.14584e-07 0.00338866 0.551354 0.150024 0.238671 0.00109042 0.0554725 
0.000181985 0.037213 0.0285032 0.0393537 0.651518 0.0697966 0.173434 
4.11805e-07 4.54736e-06 0.0365652 0.0175182 0.14026 0.0032652 0.802386 
3.68597e-07 6.87074e-05 0.00288007 0.000515059 0.00693922 0.986078 0.00351842 
9.51439e-07 1.74829e-05 0.981933 0.00211389 0.0144529 7.47143e-05 0.00140732 
7.82446e-06 0.135967 0.0115872 0.277791 0.256707 0.00178388 0.316156 
8.66553e-10 9.61006e-06 0.0129095 0.0702204 0.266671 1.32228e-06 0.650188 
8.33939e-07 0.0138865 0.0128669 0.587322 0.29659 8.52651e-06 0.0893257 
2.49006e-07 0.00124718 0.0806676 0.0535589 0.823611 9.94656e-05 0.0408153 
0.000429404 0.00446655 0.191717 0.0145435 0.498744 0.0550927 0.235007 
0.00285696 0.0270201 0.0310529 0.14452 0.338999 0.353854 0.101697 
0.00087779 0.0202982 0.122915 0.0725235 0.266179 0.00130244 0.515904 
1.92942e-05 0.743517 0.0143857 0.0249654 0.107403 0.00305619 0.106653 
6.88596e-05 0.000131578 0.0970982 0.0112852 0.867637 0.000162232 0.0236165 
3.68597e-07 6.87074e-05 0.00288007 0.000515059 0.00693922 0.986078 0.00351842 
0.00100529 0.00725432 0.706607 0.00343182 0.167838 0.087996 0.0258678 
1.24221e-06 1.05703e-05 0.0215545 0.135691 0.83462 2.56111e-06 0.00811997 
0.000158493 0.000339317 0.733052 0.0356609 0.0125541 0.217122 0.00111394 
0.000193517 0.0565645 0.0600686 0.183105 0.213334 0.134825 0.35191 
8.64384e-05 0.00313863 0.0192037 0.0439397 0.784179 0.00293836 0.146514 
0.000153362 0.00353031 0.138492 0.358318 0.189183 0.00151957 0.308804 
1.54885e-05 0.926895 0.00531817 0.0210672 0.00963274 0.00022353 0.0368482 
0.000579467 0.00157916 0.844419 0.0308447 0.0654479 0.00125166 0.0558786 
0.00429485 0.0133319 0.639555 0.013016 0.248866 0.0557263 0.0252096 
3.68597e-07 6.87074e-05 0.00288007 0.000515059 0.00693922 0.986078 0.00351842 
4.83344e-08 0.000524845 0.0542803 0.069109 0.811988 2.04139e-05 0.0640778 
0.00113104 0.0104069 0.0712312 0.0899065 0.741721 0.00133888 0.084264 
0.000652781 0.0112127 0.238091 0.0297593 0.394803 0.021555 0.303926 
4.83291e-05 0.031658 0.0597686 0.0461146 0.0201353 0.825983 0.0162924 
3.68597e-07 6.87074e-05 0.00288007 0.000515059 0.00693922 0.986078 0.00351842 
8.78713e-06 0.000202632 0.136113 0.0985067 0.662017 5.08211e-05 0.103101 
0.00444993 0.0529919 0.114209 0.318365 0.222364 0.165818 0.121803 
0.00124363 0.00561424 0.0058541 0.131398 0.353562 0.00177769 0.50055 
0.000695257 0.119026 0.0714142 0.0386976 0.692991 0.00341466 0.0737611 
0.000104545 0.0409716 0.488601 0.0603096 0.340013 0.0501088 0.0198917 
0.00157927 0.0352452 0.0347467 0.0496236 0.791674 0.010669 0.0764622 
4.28506e-06 0.0106554 0.0750894 0.160811 0.514215 0.000301373 0.238924 
0.000113275 0.0253574 0.132005 0.0414652 0.445985 0.00988319 0.345192 
2.91267e-05 0.00766209 0.130564 0.0246806 0.809655 0.000238037 0.027171 
5.53673e-06 0.00301035 0.00471001 0.0305482 0.898814 0.000140397 0.0627714 
4.57504e-09 0.957603 0.00321297 0.00145425 0.00739916 0.000222557 0.0301079 
0.000113544 0.000902096 0.0601008 0.0794176 0.159088 0.647972 0.0524052 
0.000209779 0.00426863 0.256392 0.134632 0.575891 0.00156119 0.0270449 
0.00484178 0.0125293 0.0776749 0.104639 0.771179 0.00558898 0.0235472 
2.75952e-06 6.71182e-05 0.0780803 0.000407937 0.855588 4.13451e-06 0.0658499 
1.54283e-06 0.00337068 0.255023 0.0117059 0.536856 6.01313e-05 0.192982 
0.000108555 0.035443 0.0076137 0.0366035 0.821451 0.000313455 0.0984669 
3.68597e-07 6.87074e-05 0.00288007 0.000515059 0.00693922 0.986078 0.00351842 
3.68597e-07 6.87074e-05 0.00288007 0.000515059 0.00693922 0.986078 0.00351842 
3.68597e-07 6.87074e-05 0.00288007 0.000515059 0.00693922 0.986078 0.00351842 
3.68597e-07 6.87074e-05 0.00288007 0.000515059 0.00693922 0.986078 0.00351842 
3.68597e-07 6.87074e-05 0.00288007 0.000515059 0.00693922 0.986078 0.00351842 
3.68597e-07 6.87074e-05 0.00288007 0.000515059 0.00693922 0.986078 0.00351842 
0.000214987 0.0287059 0.192909 0.0129572 0.755577 0.000319689 0.0093167 
8.03844e-07 8.0418e-07 0.339307 0.146698 0.13142 0.00474503 0.377828 
6.92253e-06 0.000480857 0.132751 0.0293509 0.369965 0.172313 0.295133 
0.000221626 0.00569853 0.000850246 0.0172321 0.0412532 0.525819 0.408925 
7.73405e-05 0.0046322 0.0100452 0.737043 0.197408 0.000116171 0.050678 
0.000215255 0.000418098 0.325565 0.142844 0.0388938 0.000493449 0.491571 
nan nan nan nan nan nan nan 
0.000173152 0.0117762 0.203682 0.196847 0.53375 0.00505716 0.0487145 
3.1186e-07 0.000451052 0.0108778 0.00638502 0.0861666 0.00152587 0.894593 
0.000769455 0.00459281 0.132598 0.0124036 0.135232 0.705324 0.00908052 
3.68597e-07 6.87074e-05 0.00288007 0.000515059 0.00693922 0.986078 0.00351842 
3.27492e-05 0.000365412 0.559319 0.0841279 0.150042 0.00202439 0.204089 
0.000338367 0.0145198 0.193883 0.147974 0.57 0.000404756 0.0728794 
4.69952e-06 0.000479679 0.0477652 0.232519 0.59301 0.00291549 0.123306 
3.68597e-07 6.87074e-05 0.00288007 0.000515059 0.00693922 0.986078 0.00351842 
1.68581e-06 0.000116693 0.226323 0.00531166 0.754215 8.89764e-06 0.0140225 
6.68935e-09 0.00161771 0.254951 0.0519204 0.687215 8.95732e-09 0.00429572 
6.68016e-08 0.00151499 0.494434 0.147942 0.0956682 1.92396e-05 0.260422 
0.000522557 0.00275689 0.152793 0.237499 0.255979 0.0170511 0.333399 
3.68597e-07 6.87074e-05 0.00288007 0.000515059 0.00693922 0.986078 0.00351842 
3.66236e-05 0.0143221 0.174723 0.0318677 0.777846 8.70235e-05 0.00111691 
0.000753368 0.00587527 0.227819 0.0518315 0.634746 0.00386826 0.0751068 
1.56274e-06 0.00714626 3.75199e-05 8.53024e-05 0.00865637 5.45074e-05 0.984018 
0.00214573 0.00956775 0.602801 0.0471947 0.238563 0.00349595 0.0962318 
4.1129e-05 0.000942056 0.0537294 0.0897344 0.601018 0.000148171 0.254386 
6.5516e-05 7.17717e-05 0.0335153 0.0284338 0.874911 0.0346499 0.0283532 
4.3381e-06 0.000292572 0.0175374 9.37017e-05 0.0651141 0.865186 0.0517717 
6.24593e-06 0.0331277 0.00189088 0.00950061 0.0218316 0.219314 0.714329 
1.99899e-07 0.111633 0.0306527 0.173068 0.618893 6.46797e-05 0.0656876 
0.000384856 0.51633 0.055235 0.0282578 0.156084 0.00229366 0.241415 
1.04576e-06 0.000372326 0.184059 0.00184835 0.0405968 0.0155808 0.757541 
8.71656e-05 0.00567067 0.0667669 0.0335714 0.700269 9.62241e-05 0.193538 
3.69821e-06 0.00155986 0.355487 0.00269848 0.503039 0.00029744 0.136914 
0.000142616 0.0124426 0.158107 0.0520599 0.735113 0.000165029 0.0419696 
0.000402699 0.00119252 0.0238924 0.0706222 0.114683 0.000428646 0.788778 
3.40898e-05 0.0136841 0.621136 0.0240642 0.11731 0.000616349 0.223156 
5.78992e-06 0.879816 0.00792199 0.00888361 0.045939 0.00150897 0.0559243 
7.90608e-05 0.15592 0.01639 0.0828039 0.0469999 0.0162901 0.681517 
0.000662427 0.00249653 0.0247304 0.216799 0.675686 0.00951529 0.0701108 
0.00055501 0.00111556 0.285433 0.145078 0.437388 0.00314416 0.127287 
2.52958e-10 0.000831238 0.102307 0.0159848 0.659401 5.1491e-05 0.221425 
0.00304507 0.00646662 0.176157 0.0167083 0.574817 0.00914443 0.213662 
9.94757e-06 0.0121795 0.0376605 0.156334 0.330747 0.000426743 0.462642 
3.68597e-07 6.87074e-05 0.00288007 0.000515059 0.00693922 0.986078 0.00351842 
3.68597e-07 6.87074e-05 0.00288007 0.000515059 0.00693922 0.986078 0.00351842 
0.000457178 0.00353256 0.0590118 0.0467848 0.725892 0.00456596 0.159756 
3.29356e-05 0.00975491 0.0598868 0.0149405 0.472674 0.00195715 0.440753 
3.68597e-07 6.87074e-05 0.00288007 0.000515059 0.00693922 0.986078 0.00351842 
3.68597e-07 6.87074e-05 0.00288007 0.000515059 0.00693922 0.986078 0.00351842 
3.68597e-07 6.87074e-05 0.00288007 0.000515059 0.00693922 0.986078 0.00351842 
6.33883e-05 0.000358765 0.0475019 0.207756 0.265606 0.0361647 0.44255 
0.00114488 0.0430673 0.00394641 0.087759 0.0445405 0.66716 0.152381 
7.57759e-05 0.000696322 0.014731 0.326494 0.583488 0.000375579 0.0741386 
9.54957e-07 9.55356e-07 0.100225 0.0649716 0.779768 9.55269e-07 0.0550329 
2.67071e-06 0.0229925 0.0405876 0.397888 0.0752528 8.10213e-06 0.463269 
4.34111e-09 0.942317 0.00784031 0.000638672 0.0121316 0.00206994 0.0350021 
0.000123482 0.00327584 0.328744 0.144602 0.156124 0.000893239 0.366237 
0.0010983 0.00644821 0.0432426 0.0699319 0.151499 0.00194554 0.725834 
0.000519135 0.00884291 0.12011 0.0670093 0.201639 0.0889098 0.512969 
1.43312e-06 0.0157126 0.045683 0.160293 0.0180985 0.000576315 0.759635 
3.68597e-07 6.87074e-05 0.00288007 0.000515059 0.00693922 0.986078 0.00351842 
0.00406324 0.0491118 0.221178 0.137333 0.509569 0.0181668 0.0605778 
0.000444944 0.0273733 0.188859 0.00639257 0.144428 0.363449 0.269052 
0.0031613 0.0110228 0.00427489 0.0847621 0.0937714 0.0425588 0.760449 
0.000783067 0.0115082 0.0159621 0.00997802 0.0663184 0.00122691 0.894223 
9.88441e-06 0.000713958 0.0361286 0.0711288 0.73304 3.94045e-05 0.158939 
3.68597e-07 6.87074e-05 0.00288007 0.000515059 0.00693922 0.986078 0.00351842 
0.000431028 0.0281645 0.538208 0.153247 0.130764 0.00230082 0.146884 
0.000536522 0.0251225 0.0224954 0.0151824 0.927315 0.00160674 0.00774134 
0.000226885 0.000315431 0.0200255 0.111464 0.0108388 0.0332562 0.823873 
3.68597e-07 6.87074e-05 0.00288007 0.000515059 0.00693922 0.986078 0.00351842 
3.05461e-06 3.05589e-06 0.000919883 0.0861876 0.40221 0.00825317 0.502423 
1.54969e-06 0.0118038 0.805591 0.078599 0.0335172 2.15699e-06 0.0704849 
1.51628e-09 0.000535498 0.323728 0.00248671 0.652669 0.00131448 0.0192668 
3.68597e-07 6.87074e-05 0.00288007 0.000515059 0.00693922 0.986078 0.00351842 
0.000713043 0.0290168 0.164896 0.0279766 0.349973 0.00988353 0.417541 
3.68597e-07 6.87074e-05 0.00288007 0.000515059 0.00693922 0.986078 0.00351842 
4.52289e-07 0.00140857 0.411798 0.0314971 0.381949 0.0122094 0.161137 
3.42371e-07 0.00078854 0.242656 0.107864 0.537603 0.000106492 0.110982 
3.68597e-07 6.87074e-05 0.00288007 0.000515059 0.00693922 0.986078 0.00351842 
1.33397e-05 0.000339588 0.0449039 0.00280692 0.296693 5.11804e-05 0.655192 
3.68597e-07 6.87074e-05 0.00288007 0.000515059 0.00693922 0.986078 0.00351842 
0.000142201 0.0128545 0.155143 0.117188 0.425638 0.00166309 0.287371 
0.00394982 0.0189162 0.141202 0.0518189 0.736273 0.00482574 0.0430141 
3.68597e-07 6.87074e-05 0.00288007 0.000515059 0.00693922 0.986078 0.00351842 
0.00111282 0.0163904 0.322293 0.0848264 0.383529 0.00125555 0.190594 
3.68597e-07 6.87074e-05 0.00288007 0.000515059 0.00693922 0.986078 0.00351842 
3.68597e-07 6.87074e-05 0.00288007 0.000515059 0.00693922 0.986078 0.00351842 
2.5776e-07 0.00397987 0.00685705 0.157233 0.0973105 4.22971e-06 0.734615 
3.68597e-07 6.87074e-05 0.00288007 0.000515059 0.00693922 0.986078 0.00351842 
0.000608138 0.0159455 0.412126 0.12182 0.141968 0.0803784 0.227154 
3.68597e-07 6.87074e-05 0.00288007 0.000515059 0.00693922 0.986078 0.00351842 
3.68597e-07 6.87074e-05 0.00288007 0.000515059 0.00693922 0.986078 0.00351842 
1.07966e-06 0.0580271 0.0739118 0.306159 0.160771 3.25824e-05 0.401097 
0.00144424 0.00876646 0.0867934 0.0445585 0.398123 0.0148025 0.445511 
1.47941e-06 0.000329631 0.727185 0.053841 0.193069 3.95772e-06 0.0255699 
0.00197939 0.0470589 0.12058 0.299031 0.414689 0.00372171 0.112939 
4.54837e-05 0.011251 0.359348 0.0696981 0.55347 0.000193056 0.00599429 
6.62199e-08 0.00111947 0.104513 0.125845 0.586335 0.0258141 0.156373 
7.37904e-05 0.00201335 0.00634045 0.0582529 0.0351966 0.00179478 0.896328 
3.68597e-07 6.87074e-05 0.00288007 0.000515059 0.00693922 0.986078 0.00351842 
0.00484178 0.0125293 0.0776749 0.104639 0.771179 0.00558898 0.0235472 
3.54144e-05 0.00227111 0.0277927 0.237801 0.196125 0.00466506 0.531309 
6.24593e-06 0.0331277 0.00189088 0.00950061 0.0218316 0.219314 0.714329 
9.98686e-13 0.850352 0.013402 0.0160082 0.0422784 0.000371879 0.0775877 
3.68597e-07 6.87074e-05 0.00288007 0.000515059 0.00693922 0.986078 0.00351842 
0.00214994 0.0327316 0.086935 0.0849328 0.546675 0.00375166 0.242824 
0.00037771 0.0307802 0.645757 0.0743117 0.191785 0.00239792 0.0545906 
3.06144e-05 0.0103107 0.144574 0.0852711 0.721153 0.00113959 0.0375212 
0.000206907 0.00109451 0.292912 0.0971896 0.590819 0.000432562 0.0173458 
3.68597e-07 6.87074e-05 0.00288007 0.000515059 0.00693922 0.986078 0.00351842 
0.00135654 0.0188692 0.211513 0.0444703 0.363095 0.164868 0.195829 
0.000948917 0.0663611 0.264965 0.0454025 0.460507 0.0570435 0.104771 
5.26957e-05 0.213962 0.0795182 0.101002 0.38935 0.000896217 0.21522 
2.17356e-05 0.000321987 0.0194159 0.0111354 0.498189 6.77319e-05 0.470848 
4.20952e-05 0.024398 0.554624 0.0973713 0.159246 0.0971869 0.0671316 
9.1397e-08 0.00636962 0.873768 0.0149036 0.0954728 2.66105e-05 0.00945902 
3.68597e-07 6.87074e-05 0.00288007 0.000515059 0.00693922 0.986078 0.00351842 
0.000278036 0.53346 0.0104929 0.0189539 0.145023 0.00140835 0.290384 
3.68597e-07 6.87074e-05 0.00288007 0.000515059 0.00693922 0.986078 0.00351842 
3.68597e-07 6.87074e-05 0.00288007 0.000515059 0.00693922 0.986078 0.00351842 
4.55705e-09 0.0363475 0.124813 0.124256 0.186133 0.000741078 0.527709 
1.05862e-09 0.00425074 0.0205996 0.406482 0.432627 0.00131228 0.134729 
0.000114816 0.00806776 0.767471 0.0619575 0.104428 0.00445734 0.053504 
0.000120248 0.0018034 0.0741142 0.0307592 0.286112 0.0325336 0.574557 
0.000477091 0.0193783 0.0403685 0.0488497 0.840606 0.00688781 0.0434323 
3.392e-05 0.0744944 0.0175665 0.0520154 0.0681351 0.0153837 0.772371 
0.000422857 0.000491628 0.121073 0.108697 0.181414 0.00775564 0.580147 
3.68597e-07 6.87074e-05 0.00288007 0.000515059 0.00693922 0.986078 0.00351842 
0.00149726 0.0102381 0.025502 0.197665 0.687872 0.00198987 0.0752358 
1.04621e-10 0.00502265 0.0319743 0.227243 0.0495594 0.00341951 0.682781 
1.66024e-05 0.143235 0.149486 0.370526 0.323233 0.0034407 0.0100634 
0.000153605 0.000153669 0.123097 0.399731 0.000153688 0.000153655 0.476557 
0.000974612 0.0648418 0.149137 0.0448815 0.303873 0.272794 0.163498 
1.03212e-06 0.219884 0.0027507 0.13605 0.598079 0.000102845 0.0431329 
0.000100197 0.052475 0.396072 0.123796 0.199219 0.116449 0.11189 
3.68597e-07 6.87074e-05 0.00288007 0.000515059 0.00693922 0.986078 0.00351842 
2.6873e-05 0.00142426 0.00527889 0.0102219 0.0228726 0.00243063 0.957745 
0.00190548 0.0107402 0.0490288 0.114434 0.739918 0.0158693 0.0681041 
4.34111e-09 0.942317 0.00784031 0.000638672 0.0121316 0.00206994 0.0350021 
3.68597e-07 6.87074e-05 0.00288007 0.000515059 0.00693922 0.986078 0.00351842 
0.00174825 0.00288573 0.293843 0.0271974 0.140565 0.0456508 0.48811 
2.43267e-05 0.000712745 0.00305091 0.109415 0.0783739 0.000619826 0.807803 
3.68597e-07 6.87074e-05 0.00288007 0.000515059 0.00693922 0.986078 0.00351842 
0.00507837 0.00954091 0.18259 0.0351171 0.151272 0.0341581 0.582244 
1.16703e-06 0.000948382 0.0227672 0.134961 0.831909 3.25994e-05 0.00938052 
2.07376e-05 0.0502645 0.0124637 0.102637 0.0636337 0.101196 0.669785 
3.68597e-07 6.87074e-05 0.00288007 0.000515059 0.00693922 0.986078 0.00351842 
0.00544315 0.0141343 0.0966154 0.0763258 0.52878 0.00886912 0.269833 
2.07376e-05 0.0502645 0.0124637 0.102637 0.0636337 0.101196 0.669785 
0.000151918 0.0203388 0.275277 0.12351 0.481926 0.0020398 0.096757 
0.000123721 0.0236402 0.144114 0.06904 0.583057 0.0275413 0.152484 
4.34111e-09 0.942317 0.00784031 0.000638672 0.0121316 0.00206994 0.0350021 
3.68597e-07 6.87074e-05 0.00288007 0.000515059 0.00693922 0.986078 0.00351842 
3.68597e-07 6.87074e-05 0.00288007 0.000515059 0.00693922 0.986078 0.00351842 
3.34268e-05 0.0147633 0.101506 0.053779 0.699732 0.000158651 0.130028 
3.68597e-07 6.87074e-05 0.00288007 0.000515059 0.00693922 0.986078 0.00351842 
0.000910045 0.00418102 0.0444407 0.0409734 0.314201 0.0312841 0.56401 
3.68597e-07 6.87074e-05 0.00288007 0.000515059 0.00693922 0.986078 0.00351842 
3.03815e-05 0.00242335 0.0813493 0.0833213 0.828712 9.93022e-05 0.00406467 
0.00123019 0.0501901 0.0300903 0.56302 0.308344 0.0254154 0.0217098 
0.00310301 0.136219 0.0334961 0.507734 0.302483 0.00704661 0.00991811 
0.000133294 0.00688854 0.00576139 0.321309 0.111573 0.00158079 0.552754 
0.00404458 0.0344796 0.0448889 0.194542 0.39929 0.0230011 0.299754 
1.04033e-05 3.3901e-05 0.892767 0.000200259 0.0100223 0.000157078 0.096809 
4.62627e-05 0.0789133 0.0904074 0.0867474 0.685845 6.69002e-05 0.0579733 
0.00373082 0.0162099 0.665507 0.0182211 0.243139 0.0414851 0.0117072 
8.1362e-10 1.00153e-05 0.000889902 3.03018e-06 0.00951029 0.00308967 0.986497 
0.00067661 0.0169103 0.284067 0.0574396 0.558107 0.0176962 0.0651025 
3.68597e-07 6.87074e-05 0.00288007 0.000515059 0.00693922 0.986078 0.00351842 
2.22221e-06 0.000351476 0.203694 0.055619 0.524868 0.00544054 0.210025 
4.60531e-05 0.00308234 0.119715 0.0965496 0.66113 5.98586e-05 0.119417 
3.68597e-07 6.87074e-05 0.00288007 0.000515059 0.00693922 0.986078 0.00351842 
3.3268e-06 0.0032021 0.0711825 0.00153915 0.914679 2.74699e-05 0.00936673 
5.83632e-07 0.801295 0.0388521 0.0617185 0.0766921 4.38293e-05 0.021398 
1.53506e-05 0.0357709 0.00496016 0.242199 0.042466 0.00217119 0.672417 
3.68597e-07 6.87074e-05 0.00288007 0.000515059 0.00693922 0.986078 0.00351842 
3.68597e-07 6.87074e-05 0.00288007 0.000515059 0.00693922 0.986078 0.00351842 
0.000101127 0.00825172 0.0393352 0.547954 0.226528 0.000775601 0.177055 
5.03674e-06 0.12159 0.0209037 0.669952 0.155417 0.000808064 0.0313242 
0.000161814 0.00235125 0.175549 0.0109058 0.195603 0.00624919 0.60918 
3.68597e-07 6.87074e-05 0.00288007 0.000515059 0.00693922 0.986078 0.00351842 
3.68597e-07 6.87074e-05 0.00288007 0.000515059 0.00693922 0.986078 0.00351842 
3.68597e-07 6.87074e-05 0.00288007 0.000515059 0.00693922 0.986078 0.00351842 
7.00159e-05 0.159085 0.494579 0.0959726 0.221445 0.0204166 0.00843161 
0.00415953 0.0231749 0.174195 0.0979752 0.641975 0.00791382 0.0506065 
1.76304e-08 0.00804255 0.0791946 0.00542215 0.865195 2.03103e-06 0.0421435 
0.00323854 0.0200419 0.0680462 0.129593 0.438225 0.0218677 0.318987 
3.68597e-07 6.87074e-05 0.00288007 0.000515059 0.00693922 0.986078 0.00351842 
3.68597e-07 6.87074e-05 0.00288007 0.000515059 0.00693922 0.986078 0.00351842 
0.0026593 0.209368 0.0634538 0.205182 0.190148 0.00284337 0.326346 
6.02745e-07 0.0156182 0.0613293 0.536541 0.366127 0.000905014 0.0194786 
2.7229e-05 2.72403e-05 0.302415 2.7243e-05 0.359648 2.72378e-05 0.337829 
6.24593e-06 0.0331277 0.00189088 0.00950061 0.0218316 0.219314 0.714329 
5.24423e-05 0.0440956 0.0895172 0.0526524 0.416137 0.0158217 0.381724 
8.48913e-05 0.0845271 0.129249 0.0176196 0.551336 0.00757481 0.209609 
0.00261008 0.0111796 0.0512466 0.182659 0.724209 0.00516689 0.0229281 
3.68597e-07 6.87074e-05 0.00288007 0.000515059 0.00693922 0.986078 0.00351842 
0.00226621 0.0313471 0.242787 0.0544028 0.490683 0.0564425 0.122072 
2.13935e-05 0.0243945 0.0796553 0.00616986 0.519847 0.0544193 0.315493 
3.68597e-07 6.87074e-05 0.00288007 0.000515059 0.00693922 0.986078 0.00351842 
5.79026e-07 0.00243709 0.0391124 0.866872 0.0642764 5.62868e-05 0.0272449 
3.68597e-07 6.87074e-05 0.00288007 0.000515059 0.00693922 0.986078 0.00351842 
0.00160386 0.00264573 0.309325 0.0139832 0.641435 0.0030222 0.027985 
0.00103779 0.00390543 0.0606879 0.0734913 0.626738 0.00154552 0.232594 
0.00254818 0.029177 0.0868423 0.0507424 0.490425 0.0277753 0.312489 
0.00012722 0.258681 0.0210198 0.0062196 0.0221804 0.579198 0.112574 
0.000451075 0.00784509 0.549079 0.012613 0.39445 0.000455998 0.0351055 
1.2565e-11 0.799706 0.0537114 0.00201582 0.0649888 0.000676431 0.0789018 
0.000342455 0.00582416 0.0858391 0.0553982 0.329778 0.00208084 0.520737 
3.68597e-07 6.87074e-05 0.00288007 0.000515059 0.00693922 0.986078 0.00351842 
6.3345e-07 3.45824e-06 0.0284129 0.0403351 0.929568 1.02031e-05 0.00167018 
3.68597e-07 6.87074e-05 0.00288007 0.000515059 0.00693922 0.986078 0.00351842 
4.75522e-08 7.62495e-08 0.0622021 0.019016 0.893061 2.39251e-07 0.0257206 
5.43911e-05 0.00400064 0.140963 0.063364 0.172402 0.0384899 0.580726 
3.68597e-07 6.87074e-05 0.00288007 0.000515059 0.00693922 0.986078 0.00351842 
3.68597e-07 6.87074e-05 0.00288007 0.000515059 0.00693922 0.986078 0.00351842 
0.000144252 0.00760877 0.049427 0.228437 0.666618 0.00455363 0.0432117 
3.78965e-11 0.0174353 0.00594037 0.108456 0.474372 2.61169e-05 0.393771 
3.68597e-07 6.87074e-05 0.00288007 0.000515059 0.00693922 0.986078 0.00351842 
0.00373082 0.0162099 0.665507 0.0182211 0.243139 0.0414851 0.0117072 
3.68597e-07 6.87074e-05 0.00288007 0.000515059 0.00693922 0.986078 0.00351842 
0.000251557 0.139125 0.0968072 0.106154 0.227307 0.00220725 0.428148 
3.68597e-07 6.87074e-05 0.00288007 0.000515059 0.00693922 0.986078 0.00351842 
1.61378e-06 7.71838e-06 0.803321 0.0458722 0.0672581 0.000298379 0.0832408 
3.89934e-05 0.011378 0.045087 0.00705331 0.343879 0.00224449 0.590319 
0.000455627 0.0731462 0.0974147 0.0376217 0.6838 0.0184804 0.0890815 
0.00022542 0.00310608 0.373156 0.0685303 0.139898 0.000259094 0.414825 
0.000608548 0.00622307 0.0584411 0.026935 0.769215 0.00175793 0.136819 
4.34775e-06 0.00542977 0.00417227 0.0239883 0.00481689 0.000346975 0.961241 
9.85805e-05 0.00708727 0.168796 0.162866 0.0516774 0.146842 0.462633 
0.00058653 0.00300355 0.0429657 0.105544 0.0761147 0.000956781 0.770829 
0.00184378 0.00485811 0.0319682 0.219154 0.679429 0.0442699 0.0184762 
3.68597e-07 6.87074e-05 0.00288007 0.000515059 0.00693922 0.986078 0.00351842 
3.68597e-07 6.87074e-05 0.00288007 0.000515059 0.00693922 0.986078 0.00351842 
0.000220686 0.803967 0.0449957 0.116623 0.0200896 0.000743971 0.0133595 
4.92402e-08 0.000342071 0.00716618 0.34106 0.649276 0.000548122 0.00160695 
1.88865e-05 0.000683449 0.0860691 0.104901 0.170225 0.00197515 0.636127 
1.10832e-05 0.290155 0.0554023 0.0168786 0.238312 0.0113117 0.38793 
5.84946e-06 0.28297 0.126557 0.00938701 0.191692 0.0151366 0.374252 
3.68597e-07 6.87074e-05 0.00288007 0.000515059 0.00693922 0.986078 0.00351842 
3.68597e-07 6.87074e-05 0.00288007 0.000515059 0.00693922 0.986078 0.00351842 
3.68597e-07 6.87074e-05 0.00288007 0.000515059 0.00693922 0.986078 0.00351842 
3.68597e-07 6.87074e-05 0.00288007 0.000515059 0.00693922 0.986078 0.00351842 
5.2915e-05 0.00345145 0.0182736 0.0139718 0.963356 9.77084e-05 0.000796322 
0.000461986 0.334348 0.0193165 0.562289 0.0446714 0.0291755 0.0097377 
1.35972e-05 0.00273419 0.145574 1.36042e-05 0.42992 1.36017e-05 0.421731 
5.79222e-05 0.000759731 0.0446271 0.183094 0.711729 6.32656e-05 0.0596688 
8.54621e-10 2.30039e-05 0.0218999 0.960212 0.0118138 9.95353e-07 0.00605017 
1.89919e-10 9.7126e-07 0.0152772 0.726033 0.071936 0.00229616 0.184457 
0.000389471 0.0141123 0.358091 0.255159 0.172587 0.0650011 0.13466 
6.64169e-07 0.000398839 0.351096 0.0657767 0.571932 0.000277932 0.0105181 
0.000144691 0.0339168 0.261761 0.176193 0.357847 0.000260332 0.169878 
5.8757e-06 0.973246 0.00131232 0.00388491 0.0143389 0.000476325 0.00673616 
3.68597e-07 6.87074e-05 0.00288007 0.000515059 0.00693922 0.986078 0.00351842 
0.000498664 0.117973 0.00813037 0.0739689 0.714116 0.00123046 0.0840831 
0.0122365 0.0366823 0.112512 0.207182 0.55367 0.0200959 0.0576209 
2.32665e-12 0.0549747 0.0061945 2.43297e-07 0.937133 2.49971e-08 0.00169755 
0.00570191 0.012871 0.336654 0.0870052 0.497714 0.0164701 0.0435842 
2.29693e-07 7.93322e-05 0.316641 0.0102443 0.195401 0.00885187 0.468782 
0.00281126 0.0173883 0.0742732 0.0476412 0.77468 0.00672411 0.0764817 
3.68597e-07 6.87074e-05 0.00288007 0.000515059 0.00693922 0.986078 0.00351842 
0.000567953 0.00513468 0.00849938 0.0556343 0.0426899 0.029522 0.857952 
2.5576e-06 0.000145592 0.387395 0.153904 0.311297 5.48395e-05 0.147201 
0.000665947 0.63708 0.0462361 0.0410677 0.194363 0.000697294 0.0798901 
5.5111e-09 0.95673 0.00377342 0.00936401 0.0069967 0.000329834 0.0228059 
3.68597e-07 6.87074e-05 0.00288007 0.000515059 0.00693922 0.986078 0.00351842 
3.68597e-07 6.87074e-05 0.00288007 0.000515059 0.00693922 0.986078 0.00351842 
0.00373082 0.0162099 0.665507 0.0182211 0.243139 0.0414851 0.0117072 
0.000165633 0.0243046 0.109337 0.0640645 0.288552 0.141069 0.372508 
6.3192e-05 0.00078364 0.0408791 0.116567 0.364735 0.000689422 0.476282 
7.19705e-06 0.00859411 0.250023 0.00152378 0.473806 0.00190469 0.264141 
1.37794e-07 0.000138565 0.0532615 0.173938 0.736939 4.82807e-06 0.0357184 
0.000174074 0.0156055 0.0434355 0.252541 0.482262 0.00368725 0.202295 
0.00596046 0.0413824 0.0934774 0.0380796 0.720865 0.0109169 0.0893179 
1.05267e-11 3.17723e-08 0.00488189 0.0782646 0.890339 5.40121e-08 0.0265147 
3.68597e-07 6.87074e-05 0.00288007 0.000515059 0.00693922 0.986078 0.00351842 
2.3901e-09 0.00126438 0.170718 0.097585 0.0693851 1.32176e-07 0.661048 
7.74186e-07 0.0182904 0.845382 0.00545877 0.104898 0.00252477 0.0234458 
0.000537711 0.000597956 0.00306294 0.0927645 0.13256 0.00706819 0.763409 
3.21067e-12 0.979153 0.00469821 8.83383e-06 0.00421199 0.000466652 0.0114612 
0.0180249 0.0473383 0.0262664 0.0319744 0.726308 0.0268073 0.123281 
2.98551e-05 0.00215507 0.0544675 0.0703948 0.109095 0.0409184 0.722939 
0.000657978 0.00232761 0.13734 0.0402354 0.17411 0.00955357 0.635775 
3.68597e-07 6.87074e-05 0.00288007 0.000515059 0.00693922 0.986078 0.00351842 
3.68597e-07 6.87074e-05 0.00288007 0.000515059 0.00693922 0.986078 0.00351842 
0.00114488 0.0430673 0.00394641 0.087759 0.0445405 0.66716 0.152381 
3.68597e-07 6.87074e-05 0.00288007 0.000515059 0.00693922 0.986078 0.00351842 
0.000594287 0.00809777 0.0682203 0.174031 0.710809 0.000969963 0.0372779 
1.4428e-05 0.00273026 0.0726192 0.111924 0.796674 0.00505571 0.0109822 
0.000633946 0.0270366 0.418539 0.102332 0.0832722 0.000828583 0.367358 
3.68597e-07 6.87074e-05 0.00288007 0.000515059 0.00693922 0.986078 0.00351842 
0.000978043 0.0210828 0.102076 0.489273 0.271609 0.00665161 0.108329 
0.000185804 0.0136369 0.11813 0.142291 0.516783 0.000203767 0.208769 
2.41364e-06 0.00358786 0.459209 7.89848e-05 0.285161 0.00104825 0.250913 
1.33144e-05 0.0519996 0.128053 0.182976 0.370129 0.0130348 0.253795 
6.78936e-05 0.0129601 0.254706 0.0722125 0.342241 0.0160721 0.30174 
4.9997e-05 0.000618143 0.383949 0.0078243 0.457468 0.00593666 0.144154 
3.60347e-06 0.0317498 0.0434955 0.0222994 0.6046 7.89704e-05 0.297773 
1.94584e-08 0.000123295 0.0541744 0.00776129 0.93194 0.000208892 0.00579237 
6.34263e-05 0.0369107 0.282382 0.0162092 0.61585 0.0194217 0.0291626 
2.41437e-05 3.85748e-05 0.581372 0.00225741 0.228226 0.000153916 0.187928 
2.35623e-05 0.00381874 0.0850588 0.222562 0.370885 0.000117414 0.317535 
4.08749e-05 0.837556 0.00812771 0.0188231 0.0252115 0.000718382 0.109523 
0.000272467 0.191028 0.0647422 0.193645 0.381467 0.00205522 0.16679 
4.83291e-05 0.031658 0.0597686 0.0461146 0.0201353 0.825983 0.0162924 
0.000188865 0.00185771 0.027721 0.546322 0.226978 0.000330693 0.196601 
3.81361e-05 0.000363795 0.635165 0.00180458 0.304044 0.000253984 0.0583304 
9.6929e-05 0.000894373 0.00538903 0.346582 0.551241 0.00048209 0.0953143 
5.86274e-06 0.0292923 0.0500083 0.501984 0.378572 0.019458 0.0206794 
3.68597e-07 6.87074e-05 0.00288007 0.000515059 0.00693922 0.986078 0.00351842 
0.000234207 0.00614082 0.23739 0.0886316 0.578211 0.00460022 0.0847927 
6.249e-06 0.07559 0.0114679 0.0306535 0.854129 0.000119684 0.0280334 
6.24007e-06 0.000783225 0.0164704 0.056715 0.449112 5.09126e-05 0.476863 
0.00118977 0.0189315 0.0512504 0.550986 0.324408 0.00454782 0.0486863 
0.000864883 0.0396226 0.0763866 0.0452907 0.810871 0.00254984 0.0244144 
0.00396011 0.00928471 0.135836 0.0210133 0.12458 0.177735 0.527592 
0.00133086 0.016982 0.278724 0.346213 0.266071 0.058218 0.0324607 
3.61353e-06 0.0401901 0.198577 0.457745 0.088976 0.000269465 0.214239 
0.000124408 0.00409101 0.0679833 0.0293035 0.217719 0.100816 0.579963 
0.000578613 0.0145163 0.575975 0.00664107 0.164378 0.201764 0.0361478 
0.000714689 0.0547891 0.408509 0.00826133 0.287395 0.0846783 0.155653 
5.71231e-05 0.0255242 0.30947 0.0261026 0.480973 0.0010823 0.156791 
3.68597e-07 6.87074e-05 0.00288007 0.000515059 0.00693922 0.986078 0.00351842 
4.34111e-09 0.942317 0.00784031 0.000638672 0.0121316 0.00206994 0.0350021 
3.68597e-07 6.87074e-05 0.00288007 0.000515059 0.00693922 0.986078 0.00351842 
3.68597e-07 6.87074e-05 0.00288007 0.000515059 0.00693922 0.986078 0.00351842 
5.48363e-06 0.000238548 0.0196458 0.0130749 0.606047 0.000414673 0.360574 
8.16269e-05 0.000148535 0.0289829 0.212585 0.504282 0.000154268 0.253766 
4.34111e-09 0.942317 0.00784031 0.000638672 0.0121316 0.00206994 0.0350021 
3.68597e-07 6.87074e-05 0.00288007 0.000515059 0.00693922 0.986078 0.00351842 
2.95651e-07 0.00492546 0.908143 0.0240637 0.0370832 0.000100328 0.0256844 
6.12731e-05 0.0837003 0.0451786 0.232496 0.242437 0.0003279 0.395799 
0.00151971 0.0178585 0.0587503 0.0604778 0.804084 0.0034845 0.0538248 
9.69254e-08 0.016372 0.107473 0.142637 0.318564 2.65605e-06 0.414951 
0.0124517 0.0293107 0.0734268 0.0432415 0.815526 0.0134648 0.0125786 
4.33354e-06 0.000777145 0.74065 0.0282874 0.129278 0.00128476 0.0997185 
0.000554924 0.0119536 0.0208089 0.00542999 0.882079 0.00384322 0.0753302 
7.69185e-06 0.0102821 0.0356166 0.127916 0.394569 0.0132504 0.418358 
3.68597e-07 6.87074e-05 0.00288007 0.000515059 0.00693922 0.986078 0.00351842 
0.00114488 0.0430673 0.00394641 0.087759 0.0445405 0.66716 0.152381 
0.00138512 0.0148745 0.0307027 0.0103214 0.0499986 0.408077 0.48464 
1.77897e-10 4.27064e-08 0.0475862 0.0793791 0.266568 4.01411e-05 0.606426 
0.00232363 0.0266824 0.255886 0.0628365 0.605173 0.00546219 0.0416365 
0.000287807 0.000489843 0.0971966 0.0102106 0.216791 0.018414 0.65661 
3.68597e-07 6.87074e-05 0.00288007 0.000515059 0.00693922 0.986078 0.00351842 
4.23825e-09 0.986585 0.002498 0.000660837 0.00531914 0.000412735 0.00452469 
0.000315721 0.0550221 0.425533 0.35622 0.104044 0.00153573 0.057329 
3.10615e-07 3.10745e-07 0.172165 0.152529 0.663962 3.10717e-07 0.0113432 
0.000210643 0.0033738 0.0126259 0.0414354 0.00857529 0.0242522 0.909527 
3.68597e-07 6.87074e-05 0.00288007 0.000515059 0.00693922 0.986078 0.00351842 
2.54652e-05 0.000837087 0.00719396 0.0829347 0.126234 0.324276 0.458499 
1.38555e-06 6.47422e-05 0.542091 0.0276005 0.427695 3.64562e-06 0.00254343 
1.59765e-05 0.00553371 0.134161 0.00678843 0.414923 0.101889 0.336689 
1.26426e-06 0.0434349 0.56487 0.233682 0.0318767 0.000900662 0.125234 
5.8757e-06 0.973246 0.00131232 0.00388491 0.0143389 0.000476325 0.00673616 
1.92633e-10 3.1932e-05 0.00882951 0.0611584 0.0434603 0.00308297 0.883437 
1.30849e-05 0.000900821 0.31584 0.0384536 0.455512 0.0307986 0.158482 
3.08641e-12 0.563221 0.0593163 0.00721951 0.160002 0.000476738 0.209764 
1.1294e-05 0.00165006 0.190644 0.0672534 0.33546 1.91625e-05 0.404962 
6.82906e-05 0.000827058 0.406243 0.187639 0.266774 0.0295828 0.108866 
3.68597e-07 6.87074e-05 0.00288007 0.000515059 0.00693922 0.986078 0.00351842 
3.68597e-07 6.87074e-05 0.00288007 0.000515059 0.00693922 0.986078 0.00351842 
8.51631e-05 0.00558938 0.0622957 0.0533525 0.831532 0.000119278 0.0470263 
0.00117657 0.138414 0.24953 0.0539925 0.0900823 0.00183198 0.464972 
9.31713e-07 0.00584764 0.348581 0.402428 0.134002 0.000118236 0.109022 
3.68597e-07 6.87074e-05 0.00288007 0.000515059 0.00693922 0.986078 0.00351842 
1.20987e-05 0.111715 0.0315186 0.150888 0.217758 2.01672e-05 0.488088 
1.13279e-05 0.00172649 0.0769319 0.00426922 0.887696 0.00296907 0.0263959 
1.99989e-05 0.0127114 0.0739708 0.00951669 0.612596 0.000296325 0.290889 
0.00335488 0.00503036 0.647257 0.00962709 0.261653 0.0508132 0.0222644 
7.00159e-05 0.159085 0.494579 0.0959726 0.221445 0.0204166 0.00843161 
3.94584e-09 0.964284 0.013553 0.000660834 0.00714456 0.00099369 0.013364 
0.00106652 0.0419806 0.0234192 0.0496316 0.0896791 0.0268439 0.767379 
