0.00172704 0.0288074 0.384289 0.0436911 0.133983 0.388341 0.0191614 
3.68597e-07 6.87074e-05 0.00288007 0.000515059 0.00693922 0.986078 0.00351842 
1.76528e-06 0.0280662 0.000942506 0.90429 0.0272104 2.15605e-05 0.0394671 
0.00395316 0.0231016 0.0335064 0.624926 0.195485 0.00835772 0.11067 
3.68597e-07 6.87074e-05 0.00288007 0.000515059 0.00693922 0.986078 0.00351842 
0.00167235 0.00490209 0.574026 0.00537293 0.220354 0.0192142 0.174459 
0.000342455 0.00582416 0.0858391 0.0553982 0.329778 0.00208084 0.520737 
2.63367e-06 0.000531992 0.622298 0.0253406 0.222837 0.0268614 0.102128 
0.000386881 0.0149849 0.227216 0.0362262 0.359372 0.134654 0.227161 
0.000342455 0.00582416 0.0858391 0.0553982 0.329778 0.00208084 0.520737 
7.16758e-08 7.45378e-08 0.688342 0.000121627 0.0353901 3.75552e-05 0.276108 
0.00525211 0.0646609 0.293336 0.138658 0.323881 0.0107764 0.163435 
0.000445038 0.0134167 0.125637 0.2338 0.540746 0.00106881 0.0848871 
1.90406e-07 3.53824e-06 0.0203112 0.0116676 0.00728121 2.33609e-05 0.960713 
0.000543755 0.0154714 0.0579656 0.089311 0.702225 0.00702985 0.127453 
9.55495e-06 0.00725161 0.216607 0.13887 0.41729 0.0201473 0.199825 
3.68597e-07 6.87074e-05 0.00288007 0.000515059 0.00693922 0.986078 0.00351842 
1.00993e-05 5.99368e-05 0.0378022 0.195559 0.173924 0.069553 0.523092 
0.00846082 0.0365387 0.0411068 0.128459 0.723974 0.00850216 0.0529579 
9.42822e-06 0.000348713 0.0160373 0.168923 0.0563527 4.7246e-05 0.758282 
2.98551e-05 0.00215507 0.0544675 0.0703948 0.109095 0.0409184 0.722939 
0.00430321 0.0198101 0.0995181 0.0319546 0.154501 0.0462628 0.64365 
3.68597e-07 6.87074e-05 0.00288007 0.000515059 0.00693922 0.986078 0.00351842 
3.68597e-07 6.87074e-05 0.00288007 0.000515059 0.00693922 0.986078 0.00351842 
3.09264e-07 0.000449156 0.0481499 0.351419 0.115877 0.35777 0.126334 
3.68597e-07 6.87074e-05 0.00288007 0.000515059 0.00693922 0.986078 0.00351842 
0.000125432 0.000519363 0.0193372 0.129072 0.420644 0.000539928 0.429762 
4.82006e-07 1.3978e-06 0.0490239 0.0822695 0.0408326 2.01656e-05 0.827852 
3.68597e-07 6.87074e-05 0.00288007 0.000515059 0.00693922 0.986078 0.00351842 
3.68597e-07 6.87074e-05 0.00288007 0.000515059 0.00693922 0.986078 0.00351842 
0.000195035 0.00514626 0.0979029 0.0489608 0.743628 0.0203884 0.0837786 
0.000240672 0.0319553 0.0399903 0.06542 0.139516 0.137267 0.585611 
1.53506e-05 0.0357709 0.00496016 0.242199 0.042466 0.00217119 0.672417 
3.68597e-07 6.87074e-05 0.00288007 0.000515059 0.00693922 0.986078 0.00351842 
6.14433e-05 0.000973886 0.00657725 0.146378 0.8371 0.000358834 0.00855034 
0.000536522 0.0251225 0.0224954 0.0151824 0.927315 0.00160674 0.00774134 
5.2915e-05 0.00345145 0.0182736 0.0139718 0.963356 9.77084e-05 0.000796322 
3.68597e-07 6.87074e-05 0.00288007 0.000515059 0.00693922 0.986078 0.00351842 
0.000367845 0.0113326 0.147164 0.0762455 0.712643 0.0435811 0.0086664 
1.38773e-05 0.00147291 0.675518 0.0497783 0.171701 5.07226e-05 0.101465 
3.68597e-07 6.87074e-05 0.00288007 0.000515059 0.00693922 0.986078 0.00351842 
3.64237e-07 7.3655e-05 0.0528098 0.00447774 0.381118 0.000117037 0.561404 
0.0134255 0.0204099 0.162682 0.124453 0.355303 0.064375 0.259351 
3.88882e-06 0.000459044 0.00781443 0.00108635 0.684137 7.0565e-05 0.306428 
3.57674e-06 3.70315e-06 0.0830939 0.146607 0.0639553 0.063624 0.642712 
1.619e-07 0.0126976 0.424578 0.00294294 0.195318 0.00174737 0.362716 
3.68597e-07 6.87074e-05 0.00288007 0.000515059 0.00693922 0.986078 0.00351842 
0.000756761 0.00476878 0.0418048 0.257244 0.645309 0.00195989 0.0481565 
0.000664577 0.0441244 0.075041 0.0457646 0.775357 0.000909001 0.0581398 
6.95473e-05 0.849519 0.0149782 0.0279916 0.0316109 0.000426069 0.0754051 
4.20718e-06 0.000365233 0.0294507 0.00317388 0.819838 6.50945e-05 0.147103 
3.68597e-07 6.87074e-05 0.00288007 0.000515059 0.00693922 0.986078 0.00351842 
5.78992e-06 0.879816 0.00792199 0.00888361 0.045939 0.00150897 0.0559243 
3.68597e-07 6.87074e-05 0.00288007 0.000515059 0.00693922 0.986078 0.00351842 
2.89322e-05 0.000674547 0.285204 0.038602 0.438444 0.0684952 0.168551 
0.00575398 0.00980706 0.126662 0.0537323 0.531722 0.00931773 0.263005 
0.00507785 0.0060241 0.0945165 0.010219 0.781821 0.0940423 0.00829922 
1.44902e-05 0.000277806 0.14757 0.0403741 0.805963 0.0024709 0.00333047 
0.00157663 0.0054993 0.0215146 0.0153725 0.116724 0.66396 0.175353 
0.000342455 0.00582416 0.0858391 0.0553982 0.329778 0.00208084 0.520737 
3.64412e-05 0.000257047 0.125896 0.0890471 0.537512 0.000690473 0.246561 
0.00107165 0.0162562 0.0649465 0.107241 0.730007 0.00256147 0.0779159 
0.000145805 0.000232181 0.0517522 0.0310803 0.319253 0.000587235 0.596949 
3.68597e-07 6.87074e-05 0.00288007 0.000515059 0.00693922 0.986078 0.00351842 
0.000442899 0.00741393 0.0307707 0.340079 0.310153 0.0125821 0.298558 
3.68597e-07 6.87074e-05 0.00288007 0.000515059 0.00693922 0.986078 0.00351842 
0.000474414 0.0545528 0.0172407 0.442197 0.118123 0.0281957 0.339216 
3.68597e-07 6.87074e-05 0.00288007 0.000515059 0.00693922 0.986078 0.00351842 
3.68597e-07 6.87074e-05 0.00288007 0.000515059 0.00693922 0.986078 0.00351842 
8.99526e-05 0.00112439 0.0569682 0.00497515 0.746104 0.015761 0.174977 
0.00349483 0.0134139 0.0287909 0.0397212 0.747742 0.00758986 0.159248 
0.000251557 0.139125 0.0968072 0.106154 0.227307 0.00220725 0.428148 
0.00268136 0.117911 0.0547111 0.042672 0.136913 0.0923753 0.552736 
9.81263e-06 0.00564635 0.0703432 0.0510053 0.713991 0.00857853 0.150426 
5.18076e-07 0.0019182 0.156328 0.00212573 0.669823 5.18245e-07 0.169804 
3.68597e-07 6.87074e-05 0.00288007 0.000515059 0.00693922 0.986078 0.00351842 
9.47155e-05 0.0150423 0.0258342 0.370238 0.235408 0.000191304 0.353192 
0.00290603 0.00921672 0.271496 0.0480019 0.519417 0.00612603 0.142836 
3.68882e-07 0.000119879 0.000905548 0.0257708 0.959299 2.62253e-05 0.0138786 
0.000103016 0.0363457 0.0838247 0.364206 0.430585 0.000261786 0.0846744 
6.67667e-05 0.00376831 0.159949 0.60074 0.216163 0.000352914 0.0189601 
0.00142237 0.0228389 0.121184 0.108595 0.580123 0.0129778 0.152859 
0.0014445 0.00318687 0.0166034 0.005621 0.0655891 0.774754 0.132801 
3.68597e-07 6.87074e-05 0.00288007 0.000515059 0.00693922 0.986078 0.00351842 
5.8757e-06 0.973246 0.00131232 0.00388491 0.0143389 0.000476325 0.00673616 
0.000253053 0.00147168 0.273745 0.0137405 0.0411493 0.634836 0.0348037 
3.68597e-07 6.87074e-05 0.00288007 0.000515059 0.00693922 0.986078 0.00351842 
3.68597e-07 6.87074e-05 0.00288007 0.000515059 0.00693922 0.986078 0.00351842 
0.000228432 0.00343445 0.411624 0.184981 0.343968 0.000265 0.0554989 
3.94617e-08 0.0132901 0.107122 0.115718 0.0824117 0.00860517 0.672853 
3.68597e-07 6.87074e-05 0.00288007 0.000515059 0.00693922 0.986078 0.00351842 
0.000230339 0.110561 0.0540284 0.0167431 0.316314 0.190214 0.311909 
0.000150694 0.00174857 0.106993 0.0306503 0.256217 0.000214869 0.604025 
3.68597e-07 6.87074e-05 0.00288007 0.000515059 0.00693922 0.986078 0.00351842 
3.68597e-07 6.87074e-05 0.00288007 0.000515059 0.00693922 0.986078 0.00351842 
6.48813e-05 0.0962625 0.375189 0.0634064 0.434824 0.0134892 0.0167632 
6.25546e-05 0.0532242 0.516827 0.166093 0.194025 0.00679667 0.0629724 
4.30827e-05 0.00249847 0.10876 0.0200561 0.248299 5.85304e-05 0.620284 
1.1751e-05 2.06829e-05 0.442836 0.346146 0.171981 4.40658e-05 0.0389602 
1.7832e-06 0.001182 0.00134964 0.762717 0.0177945 0.000597066 0.216358 
6.55529e-09 0.00105964 0.0231328 0.675961 0.047911 1.83799e-05 0.251917 
6.88543e-07 0.025537 0.435008 0.00220306 0.45866 4.36036e-06 0.0785872 
2.49608e-05 0.00138875 0.349265 0.109077 0.428238 0.000134741 0.111872 
6.24593e-06 0.0331277 0.00189088 0.00950061 0.0218316 0.219314 0.714329 
3.82655e-05 0.000603214 0.00299504 0.958774 0.0344289 0.000120993 0.00303997 
0.000948856 0.023453 0.0397598 0.039795 0.261105 0.115325 0.519614 
0.000533747 0.0118167 0.105514 0.0846514 0.732053 0.00417658 0.0612543 
5.78992e-06 0.879816 0.00792199 0.00888361 0.045939 0.00150897 0.0559243 
0.000179011 0.00117018 0.340377 0.0520493 0.455692 0.020388 0.130144 
0.000278036 0.53346 0.0104929 0.0189539 0.145023 0.00140835 0.290384 
3.68597e-07 6.87074e-05 0.00288007 0.000515059 0.00693922 0.986078 0.00351842 
4.34841e-05 0.000469239 0.000848307 0.236334 0.165919 0.00142478 0.594962 
3.68597e-07 6.87074e-05 0.00288007 0.000515059 0.00693922 0.986078 0.00351842 
3.68597e-07 6.87074e-05 0.00288007 0.000515059 0.00693922 0.986078 0.00351842 
3.68597e-07 6.87074e-05 0.00288007 0.000515059 0.00693922 0.986078 0.00351842 
3.68597e-07 6.87074e-05 0.00288007 0.000515059 0.00693922 0.986078 0.00351842 
3.89852e-07 0.00177494 0.0452767 0.366611 0.583479 4.81765e-05 0.00280935 
4.83291e-05 0.031658 0.0597686 0.0461146 0.0201353 0.825983 0.0162924 
3.68597e-07 6.87074e-05 0.00288007 0.000515059 0.00693922 0.986078 0.00351842 
9.41265e-07 9.07513e-06 0.0190839 0.00012293 0.512273 0.00700104 0.461509 
0.00121368 0.0180071 0.0958048 0.0329041 0.0597882 0.00284684 0.789435 
1.5044e-06 0.000185238 0.126109 0.043757 0.295556 0.01434 0.520051 
3.68597e-07 6.87074e-05 0.00288007 0.000515059 0.00693922 0.986078 0.00351842 
0.000136012 0.000307821 0.0105549 0.011558 0.66879 0.000277255 0.308376 
3.68597e-07 6.87074e-05 0.00288007 0.000515059 0.00693922 0.986078 0.00351842 
2.03955e-05 0.000151978 0.112304 0.110913 0.208852 0.000922469 0.566835 
2.73348e-05 0.00128699 0.0189659 0.0517416 0.193599 0.000335037 0.734044 
0.000484025 0.00591534 0.091656 0.325576 0.49879 0.000882949 0.0766952 
7.30794e-05 0.366382 0.0285963 0.125277 0.0598391 0.00186516 0.417968 
3.68597e-07 6.87074e-05 0.00288007 0.000515059 0.00693922 0.986078 0.00351842 
5.2915e-05 0.00345145 0.0182736 0.0139718 0.963356 9.77084e-05 0.000796322 
0.00369136 0.0117263 0.162698 0.0177413 0.178463 0.408598 0.217081 
2.89887e-10 2.05935e-06 0.080385 0.0791566 0.177347 4.21226e-05 0.663067 
0.000104261 0.00510916 0.011496 0.0113798 0.911468 0.00022435 0.0602188 
0.0058756 0.0145004 0.0969196 0.186701 0.446992 0.0187505 0.230261 
0.00034582 0.0294115 0.0881935 0.113957 0.709277 0.0209935 0.0378213 
0.00185837 0.00798866 0.13751 0.267863 0.247203 0.00958396 0.327994 
8.80635e-06 0.000104924 0.00489799 0.0132485 0.976243 9.93108e-06 0.00548662 
1.04621e-10 0.00502265 0.0319743 0.227243 0.0495594 0.00341951 0.682781 
3.13146e-05 0.0221389 0.00636773 0.0249091 0.886501 0.000521535 0.0595302 
4.69623e-05 0.0101279 0.0892609 0.498442 0.227986 5.39105e-05 0.174083 
1.2632e-05 0.0181919 0.16314 0.0510681 0.331213 0.00121685 0.435158 
4.85162e-05 0.00093965 0.050229 0.067323 0.804357 0.000247308 0.0768553 
4.47876e-05 0.000964422 0.0513985 0.134127 0.726038 0.000145849 0.0872816 
4.34111e-09 0.942317 0.00784031 0.000638672 0.0121316 0.00206994 0.0350021 
7.64384e-06 0.00172943 0.179386 0.202286 0.548897 2.0124e-05 0.0676734 
4.34111e-09 0.942317 0.00784031 0.000638672 0.0121316 0.00206994 0.0350021 
0.00138818 0.0107511 0.500707 0.0598802 0.374303 0.00202827 0.0509416 
1.55063e-09 0.00126465 0.121498 0.0426796 0.803911 2.65206e-05 0.0306199 
0.000219818 0.0400945 0.406484 0.193929 0.170462 0.0431801 0.145629 
5.78992e-06 0.879816 0.00792199 0.00888361 0.045939 0.00150897 0.0559243 
5.94579e-12 0.000162496 0.0327753 1.1042e-08 0.0881882 0.0630686 0.815805 
0.00603553 0.0155437 0.0385704 0.0434825 0.831289 0.0421068 0.0229717 
0.000948856 0.023453 0.0397598 0.039795 0.261105 0.115325 0.519614 
8.1362e-10 1.00153e-05 0.000889902 3.03018e-06 0.00951029 0.00308967 0.986497 
3.68597e-07 6.87074e-05 0.00288007 0.000515059 0.00693922 0.986078 0.00351842 
3.25557e-05 0.0277928 0.100591 0.185138 0.595153 0.0100575 0.0812347 
3.68597e-07 6.87074e-05 0.00288007 0.000515059 0.00693922 0.986078 0.00351842 
0.00101858 0.00692636 0.00929888 0.0526139 0.481476 0.00197767 0.446689 
3.2346e-09 0.925438 0.00261172 0.0285708 0.0381066 4.36506e-09 0.00527286 
3.68597e-07 6.87074e-05 0.00288007 0.000515059 0.00693922 0.986078 0.00351842 
3.68597e-07 6.87074e-05 0.00288007 0.000515059 0.00693922 0.986078 0.00351842 
3.68597e-07 6.87074e-05 0.00288007 0.000515059 0.00693922 0.986078 0.00351842 
3.68597e-07 6.87074e-05 0.00288007 0.000515059 0.00693922 0.986078 0.00351842 
0.000610612 0.0514887 0.0547311 0.594896 0.0721289 0.00131389 0.224831 
3.68597e-07 6.87074e-05 0.00288007 0.000515059 0.00693922 0.986078 0.00351842 
0.000376389 0.0207381 0.0717534 0.00363244 0.401783 0.00135292 0.500363 
1.91011e-05 0.000379942 0.00324015 0.0898172 0.133662 0.000136304 0.772746 
0.00435643 0.162859 0.0995045 0.0982686 0.578521 0.00562894 0.0508616 
0.000141172 0.0729539 0.1961 0.285547 0.36767 0.000213435 0.0773744 
0.000518183 0.00305097 0.295469 0.0239208 0.239771 0.257633 0.179637 
3.68597e-07 6.87074e-05 0.00288007 0.000515059 0.00693922 0.986078 0.00351842 
0.000574633 0.000889079 0.182887 0.065381 0.662398 0.0472727 0.0405972 
3.2974e-06 0.000123612 0.0519264 0.178388 0.720332 7.09575e-05 0.0491562 
5.63015e-06 0.0112686 0.00568099 0.0624136 0.856221 7.65738e-05 0.0643333 
0.00129762 0.014862 0.590702 0.0888021 0.231363 0.0239074 0.0490653 
0.000289293 0.0667125 0.0237244 0.0741029 0.106535 0.64578 0.0828554 
0.000470949 0.0174524 0.204418 0.122165 0.492846 0.00219858 0.160449 
6.72915e-05 0.0103409 0.0625278 0.0444736 0.305225 0.113867 0.463498 
3.68597e-07 6.87074e-05 0.00288007 0.000515059 0.00693922 0.986078 0.00351842 
3.68597e-07 6.87074e-05 0.00288007 0.000515059 0.00693922 0.986078 0.00351842 
5.53673e-06 0.00301035 0.00471001 0.0305482 0.898814 0.000140397 0.0627714 
4.552e-13 3.00075e-05 0.00876068 0.000293011 0.314119 1.80247e-05 0.676779 
0.000508736 0.0084616 0.0299908 0.055326 0.0771494 0.00448475 0.824079 
4.31157e-05 0.00179678 0.00599596 0.00973799 0.980239 6.33236e-05 0.00212382 
1.32931e-05 0.692752 0.044589 0.00828677 0.175615 0.000129999 0.0786139 
0.00420396 0.0098776 0.214071 0.0707584 0.572963 0.00473825 0.123388 
0.000577715 0.0075138 0.0322898 0.0379185 0.89713 0.00336963 0.0212008 
3.68597e-07 6.87074e-05 0.00288007 0.000515059 0.00693922 0.986078 0.00351842 
3.68597e-07 6.87074e-05 0.00288007 0.000515059 0.00693922 0.986078 0.00351842 
2.57771e-06 0.105641 0.002535 0.313545 0.0421437 0.0014191 0.534714 
3.68597e-07 6.87074e-05 0.00288007 0.000515059 0.00693922 0.986078 0.00351842 
0.000948856 0.023453 0.0397598 0.039795 0.261105 0.115325 0.519614 
0.00205171 0.0469872 0.00842365 0.0540817 0.163632 0.00322783 0.721596 
3.68597e-07 6.87074e-05 0.00288007 0.000515059 0.00693922 0.986078 0.00351842 
9.80323e-08 0.926778 0.00630037 0.0148552 0.0115052 0.000692749 0.0398687 
3.68597e-07 6.87074e-05 0.00288007 0.000515059 0.00693922 0.986078 0.00351842 
3.68597e-07 6.87074e-05 0.00288007 0.000515059 0.00693922 0.986078 0.00351842 
1.88771e-05 0.00211193 0.0143445 0.226246 0.0274037 0.000200622 0.729674 
0.000133921 0.000400358 0.146294 0.0104146 0.821748 0.000162202 0.0208466 
3.68597e-07 6.87074e-05 0.00288007 0.000515059 0.00693922 0.986078 0.00351842 
0.00174825 0.00288573 0.293843 0.0271974 0.140565 0.0456508 0.48811 
3.68597e-07 6.87074e-05 0.00288007 0.000515059 0.00693922 0.986078 0.00351842 
6.94643e-08 7.38819e-08 0.00156202 0.0197731 0.0568295 0.00136542 0.92047 
3.68597e-07 6.87074e-05 0.00288007 0.000515059 0.00693922 0.986078 0.00351842 
9.2031e-09 6.19395e-08 0.170472 0.0239253 0.215325 0.000714935 0.589563 
0.000578613 0.0145163 0.575975 0.00664107 0.164378 0.201764 0.0361478 
3.68597e-07 6.87074e-05 0.00288007 0.000515059 0.00693922 0.986078 0.00351842 
0.000345334 0.0518434 0.207937 0.0769319 0.0255117 0.00174347 0.635687 
3.48621e-06 0.000281202 0.00391423 0.0908525 0.00266093 1.73224e-05 0.90227 
0.00214573 0.00956775 0.602801 0.0471947 0.238563 0.00349595 0.0962318 
0.000948856 0.023453 0.0397598 0.039795 0.261105 0.115325 0.519614 
6.5516e-05 7.17717e-05 0.0335153 0.0284338 0.874911 0.0346499 0.0283532 
0.142801 0.14286 0.14287 0.142874 0.142879 0.142847 0.142869 
0.000384856 0.51633 0.055235 0.0282578 0.156084 0.00229366 0.241415 
0.000278036 0.53346 0.0104929 0.0189539 0.145023 0.00140835 0.290384 
3.4862e-05 0.00272961 0.101162 0.0094155 0.645257 0.00242082 0.23898 
2.86456e-05 0.0169992 0.0106001 0.610232 0.18366 5.56768e-05 0.178424 
3.68597e-07 6.87074e-05 0.00288007 0.000515059 0.00693922 0.986078 0.00351842 
1.9616e-05 0.00137772 0.353946 0.0345444 0.235677 0.141214 0.233221 
0.0151666 0.0336047 0.0384298 0.0815641 0.17628 0.240965 0.413989 
2.67982e-05 0.0393693 0.0874932 0.0747795 0.685512 0.000251877 0.112568 
6.24593e-06 0.0331277 0.00189088 0.00950061 0.0218316 0.219314 0.714329 
3.68597e-07 6.87074e-05 0.00288007 0.000515059 0.00693922 0.986078 0.00351842 
3.68597e-07 6.87074e-05 0.00288007 0.000515059 0.00693922 0.986078 0.00351842 
0.000289293 0.0667125 0.0237244 0.0741029 0.106535 0.64578 0.0828554 
0.000771679 0.0164034 0.0475194 0.0816674 0.74803 0.00284298 0.102765 
0.00114417 0.689423 0.00183449 0.218926 0.0549218 0.00169815 0.0320526 
3.68597e-07 6.87074e-05 0.00288007 0.000515059 0.00693922 0.986078 0.00351842 
3.68597e-07 6.87074e-05 0.00288007 0.000515059 0.00693922 0.986078 0.00351842 
0.000233061 0.0208644 0.163593 0.0614254 0.718761 0.0119174 0.0232055 
1.53506e-05 0.0357709 0.00496016 0.242199 0.042466 0.00217119 0.672417 
0.000883903 0.000932972 0.0261016 0.090547 0.261769 0.00355894 0.616207 
0.000742183 0.00771907 0.0325741 0.052772 0.285832 0.19065 0.42971 
0.00114488 0.0430673 0.00394641 0.087759 0.0445405 0.66716 0.152381 
0.000853705 0.0284123 0.536001 0.0427685 0.326022 0.0406054 0.0253368 
2.25251e-07 9.95221e-05 0.16108 0.000737839 0.0853483 7.59925e-06 0.752726 
1.06427e-07 0.199198 0.104385 0.120667 0.118982 4.23597e-05 0.456725 
2.40204e-06 8.89321e-05 0.105302 0.00114028 0.868695 0.000367795 0.0244039 
6.47434e-09 0.927125 0.00686746 0.0234097 0.00889426 0.000392551 0.0333113 
0.00251765 0.0305211 0.0410144 0.293253 0.326284 0.0981457 0.208263 
0.000104539 0.0119368 0.324412 0.0320533 0.56499 0.00118203 0.0653216 
0.00258877 0.0189823 0.200505 0.0746627 0.641421 0.00386905 0.0579712 
1.15045e-05 0.000791479 0.12298 0.0169614 0.849751 2.47342e-05 0.00947937 
0.000163226 0.0138977 0.0183778 0.462883 0.262465 0.000278494 0.241935 
3.68597e-07 6.87074e-05 0.00288007 0.000515059 0.00693922 0.986078 0.00351842 
0.000207338 0.0227382 0.293859 0.0090693 0.104578 0.495295 0.0742533 
3.68882e-07 0.000119879 0.000905548 0.0257708 0.959299 2.62253e-05 0.0138786 
3.68597e-07 6.87074e-05 0.00288007 0.000515059 0.00693922 0.986078 0.00351842 
3.68597e-07 6.87074e-05 0.00288007 0.000515059 0.00693922 0.986078 0.00351842 
0.000298427 0.15034 0.129007 0.203489 0.160276 0.000299409 0.356291 
3.23505e-05 0.0253323 0.0159227 0.0381926 0.227785 0.000260782 0.692474 
0.000444944 0.0273733 0.188859 0.00639257 0.144428 0.363449 0.269052 
3.68597e-07 6.87074e-05 0.00288007 0.000515059 0.00693922 0.986078 0.00351842 
0.000803848 0.00102453 0.00569051 0.121203 0.126388 0.0234052 0.721484 
0.00174825 0.00288573 0.293843 0.0271974 0.140565 0.0456508 0.48811 
3.23773e-07 0.00351075 0.327587 0.0367487 0.533289 0.00551838 0.0933467 
7.93817e-06 0.00763306 0.119897 0.613295 0.239802 0.0104536 0.00891259 
3.68597e-07 6.87074e-05 0.00288007 0.000515059 0.00693922 0.986078 0.00351842 
5.38476e-05 0.0116743 0.0666537 0.16795 0.586924 0.00485069 0.161893 
0.00084356 0.00754826 0.0057362 0.0528449 0.135218 0.00163478 0.796175 
3.68597e-07 6.87074e-05 0.00288007 0.000515059 0.00693922 0.986078 0.00351842 
3.74487e-09 5.46202e-05 0.0294753 0.00338699 0.0331653 5.64226e-09 0.933918 
3.68597e-07 6.87074e-05 0.00288007 0.000515059 0.00693922 0.986078 0.00351842 
0.00114488 0.0430673 0.00394641 0.087759 0.0445405 0.66716 0.152381 
6.44627e-06 6.53514e-05 0.0889196 0.168974 0.731397 1.70793e-05 0.0106206 
6.12777e-07 6.98202e-06 0.642996 0.0625363 0.104525 9.43108e-05 0.18984 
0.000749655 0.0283482 0.0303043 0.828139 0.0828933 0.000911397 0.0286536 
1.38364e-05 7.32142e-05 0.0121685 0.00119361 0.187896 0.652066 0.146588 
0.000221626 0.00569853 0.000850246 0.0172321 0.0412532 0.525819 0.408925 
5.94553e-06 0.0410473 0.0172564 0.287918 0.417016 0.0119009 0.224855 
0.000578613 0.0145163 0.575975 0.00664107 0.164378 0.201764 0.0361478 
3.36441e-05 0.00251374 0.315796 0.003665 0.0979068 0.01495 0.565135 
2.95435e-06 0.00122821 0.128007 0.00861012 0.535941 7.13637e-06 0.326203 
4.69417e-06 0.000112987 0.113576 0.00254966 0.0666955 0.0953526 0.721708 
3.68597e-07 6.87074e-05 0.00288007 0.000515059 0.00693922 0.986078 0.00351842 
3.68597e-07 6.87074e-05 0.00288007 0.000515059 0.00693922 0.986078 0.00351842 
8.78716e-10 5.0043e-06 0.00373048 9.46762e-05 0.346502 1.94e-05 0.649648 
6.04336e-07 0.9064 0.0252741 0.0297493 6.04666e-07 0.00731544 0.0312598 
1.22337e-05 0.012673 0.345781 0.0180435 0.619235 0.000280489 0.00397483 
0.000884731 0.0128343 0.0142897 0.0513894 0.529701 0.116522 0.274379 
0.000122277 0.0495498 0.0177325 0.0228623 0.75053 0.0273695 0.131834 
6.60773e-05 0.0101513 0.0209212 0.0176237 0.107721 0.000111468 0.843405 
4.14837e-06 2.3221e-05 0.815977 0.093053 0.0521533 5.2766e-06 0.038784 
0.000298137 0.0787663 0.182346 0.0325745 0.49491 0.106087 0.105018 
5.78992e-06 0.879816 0.00792199 0.00888361 0.045939 0.00150897 0.0559243 
3.68597e-07 6.87074e-05 0.00288007 0.000515059 0.00693922 0.986078 0.00351842 
3.68597e-07 6.87074e-05 0.00288007 0.000515059 0.00693922 0.986078 0.00351842 
9.19489e-05 0.0374426 0.565061 0.0536113 0.182002 0.0164577 0.145333 
0.00204778 0.0217177 0.0607108 0.061308 0.745754 0.0108133 0.0976482 
0.000753233 0.0241686 0.199808 0.0658128 0.153363 0.00805897 0.548036 
0.000128522 0.0171615 0.0230238 0.568733 0.197311 0.000768707 0.192873 
4.34111e-09 0.942317 0.00784031 0.000638672 0.0121316 0.00206994 0.0350021 
3.68597e-07 6.87074e-05 0.00288007 0.000515059 0.00693922 0.986078 0.00351842 
0.000125587 0.000631046 0.143739 0.0990864 0.473818 0.00701539 0.275585 
0.00647695 0.00801795 0.0374282 0.127026 0.0670069 0.0286644 0.72538 
2.36049e-07 0.00126183 0.125156 0.00550342 0.202152 0.000219085 0.665707 
7.79844e-10 0.0174583 0.176882 0.0523157 0.467104 2.90926e-05 0.286211 
3.11569e-05 0.00854957 0.0358885 0.0238367 0.923147 0.000128009 0.00841939 
3.68597e-07 6.87074e-05 0.00288007 0.000515059 0.00693922 0.986078 0.00351842 
0.000278036 0.53346 0.0104929 0.0189539 0.145023 0.00140835 0.290384 
3.14838e-06 0.0176454 0.887232 0.0293351 0.0633348 2.22408e-05 0.00242745 
6.24593e-06 0.0331277 0.00189088 0.00950061 0.0218316 0.219314 0.714329 
5.78992e-06 0.879816 0.00792199 0.00888361 0.045939 0.00150897 0.0559243 
4.34111e-09 0.942317 0.00784031 0.000638672 0.0121316 0.00206994 0.0350021 
3.68597e-07 6.87074e-05 0.00288007 0.000515059 0.00693922 0.986078 0.00351842 
0.00848535 0.0201507 0.0395895 0.0973486 0.493357 0.0278875 0.313181 
0.0015767 0.00325961 0.134116 0.0511823 0.404158 0.01188 0.393828 
3.67691e-05 0.00180731 0.0123412 0.0398773 0.211583 0.000785581 0.733569 
4.4007e-06 0.0789098 0.184939 0.0094782 0.141638 0.000134271 0.584896 
3.68597e-07 6.87074e-05 0.00288007 0.000515059 0.00693922 0.986078 0.00351842 
6.94643e-08 7.38819e-08 0.00156202 0.0197731 0.0568295 0.00136542 0.92047 
0.00174825 0.00288573 0.293843 0.0271974 0.140565 0.0456508 0.48811 
3.68597e-07 6.87074e-05 0.00288007 0.000515059 0.00693922 0.986078 0.00351842 
6.65478e-07 0.00700175 0.234293 0.249499 0.0929999 0.000713572 0.415492 
3.29221e-09 2.20888e-06 5.63317e-08 5.40571e-06 0.00779502 7.23271e-07 0.992197 
1.54408e-05 0.88177 0.00420478 0.00813696 0.0539688 0.00159994 0.0503036 
5.2915e-05 0.00345145 0.0182736 0.0139718 0.963356 9.77084e-05 0.000796322 
3.68597e-07 6.87074e-05 0.00288007 0.000515059 0.00693922 0.986078 0.00351842 
3.68597e-07 6.87074e-05 0.00288007 0.000515059 0.00693922 0.986078 0.00351842 
3.68597e-07 6.87074e-05 0.00288007 0.000515059 0.00693922 0.986078 0.00351842 
5.8757e-06 0.973246 0.00131232 0.00388491 0.0143389 0.000476325 0.00673616 
3.68597e-07 6.87074e-05 0.00288007 0.000515059 0.00693922 0.986078 0.00351842 
0.00031693 0.0105555 0.0952904 0.136977 0.360281 0.00836223 0.388218 
3.68597e-07 6.87074e-05 0.00288007 0.000515059 0.00693922 0.986078 0.00351842 
0.000367624 0.000608918 0.0882344 0.0593443 0.0885897 0.0252643 0.737591 
0.000537235 0.00345296 0.141164 0.040967 0.504013 0.00291771 0.306948 
0.0141193 0.0389066 0.0449169 0.400753 0.339412 0.106089 0.0558037 
3.68597e-07 6.87074e-05 0.00288007 0.000515059 0.00693922 0.986078 0.00351842 
0.00570058 0.0758104 0.03587 0.139711 0.157854 0.00722662 0.577828 
1.02162e-06 0.658006 0.0801093 0.00227956 0.172295 0.000210601 0.0870987 
1.76304e-08 0.00804255 0.0791946 0.00542215 0.865195 2.03103e-06 0.0421435 
6.68935e-09 0.00161771 0.254951 0.0519204 0.687215 8.95732e-09 0.00429572 
0.00203255 0.0135021 0.151894 0.0751025 0.657854 0.00428331 0.0953315 
1.57002e-07 0.000235814 0.159383 0.235612 0.549554 0.000389288 0.054825 
3.68597e-07 6.87074e-05 0.00288007 0.000515059 0.00693922 0.986078 0.00351842 
0.000108941 0.0004729 0.00972334 0.145221 0.274174 0.000111643 0.570189 
1.62795e-06 0.0010192 0.0454624 0.00882269 0.37899 1.73477e-05 0.565686 
2.01586e-09 0.000934545 4.98266e-05 0.000117599 0.998545 1.34372e-05 0.000339878 
0.000764017 0.0581948 0.194281 0.0657658 0.174961 0.100811 0.405223 
3.68597e-07 6.87074e-05 0.00288007 0.000515059 0.00693922 0.986078 0.00351842 
5.86023e-05 0.026264 0.0308991 0.137738 0.146292 0.000257769 0.658491 
0.00484178 0.0125293 0.0776749 0.104639 0.771179 0.00558898 0.0235472 
8.99617e-09 0.00304329 0.00628216 0.0213627 0.962519 2.83117e-05 0.00676426 
9.72563e-05 0.00395505 0.0226096 0.0271764 0.89146 0.0154467 0.0392555 
0.000503317 0.0125384 0.451686 0.0437608 0.147382 0.0148563 0.329274 
0.000157043 0.00246814 0.0193059 0.162478 0.563899 0.000178096 0.251515 
3.06107e-07 0.0294496 0.0564712 0.0749981 0.746879 0.000117598 0.0920842 
5.2915e-05 0.00345145 0.0182736 0.0139718 0.963356 9.77084e-05 0.000796322 
0.00118945 0.00567027 0.253309 0.0122674 0.127233 0.590908 0.00942292 
0.000641649 0.00128346 0.356078 0.010417 0.556326 0.00211349 0.0731407 
3.68597e-07 6.87074e-05 0.00288007 0.000515059 0.00693922 0.986078 0.00351842 
0.013689 0.0484629 0.0841889 0.0887933 0.669869 0.0566557 0.0383409 
1.13973e-05 0.0139958 0.125323 0.369349 0.264863 0.0147064 0.211752 
3.68597e-07 6.87074e-05 0.00288007 0.000515059 0.00693922 0.986078 0.00351842 
4.86215e-06 0.000792619 0.179168 0.000949906 0.571292 0.00680804 0.240984 
3.68597e-07 6.87074e-05 0.00288007 0.000515059 0.00693922 0.986078 0.00351842 
3.68597e-07 6.87074e-05 0.00288007 0.000515059 0.00693922 0.986078 0.00351842 
0.000151743 0.00759452 0.163982 0.0521493 0.739509 0.000382886 0.0362304 
0.00127721 0.0120728 0.624434 0.0237872 0.188154 0.0802756 0.0699996 
5.0457e-05 0.0309684 0.0642875 0.0127922 0.159642 0.272904 0.459355 
2.46943e-08 2.1175e-05 0.0819834 0.21796 0.249387 0.000382623 0.450265 
9.37025e-05 0.0466669 0.127357 0.0766304 0.411189 0.0468506 0.291212 
0.00135203 0.0232953 0.014485 0.793975 0.0797521 0.0318474 0.0552928 
0.000193273 0.00367154 0.238819 0.00790389 0.605632 0.000751879 0.143029 
0.00109125 0.0143262 0.0952541 0.146869 0.629352 0.00191371 0.111193 
0.000532546 0.0507121 0.0475106 0.0318619 0.176998 0.00194685 0.690438 
3.90158e-05 0.007597 0.651815 0.0507565 0.281294 0.000230657 0.00826801 
7.80634e-07 0.0127837 0.00243062 0.0185196 0.618841 8.12542e-05 0.347343 
0.00196107 0.228926 0.305313 0.0717657 0.260649 0.0696467 0.0617385 
0.000402352 0.00340279 0.321619 0.0442673 0.368199 0.00293679 0.259173 
3.68597e-07 6.87074e-05 0.00288007 0.000515059 0.00693922 0.986078 0.00351842 
6.98896e-06 0.00954338 0.0459034 0.613068 0.262116 0.00212078 0.067241 
3.68597e-07 6.87074e-05 0.00288007 0.000515059 0.00693922 0.986078 0.00351842 
0.000309127 0.00631529 0.0498974 0.0143657 0.867123 0.000426071 0.061563 
5.32355e-10 0.000171816 0.000786043 0.949078 0.0319569 0.000335065 0.0176719 
0.000160165 0.0571583 0.0333576 0.0436252 0.560735 0.00171917 0.303244 
1.32346e-05 0.000690886 0.0762323 0.00767699 0.230794 0.00189081 0.682701 
5.53978e-06 0.0126938 0.192009 0.0246905 0.247962 0.105167 0.417472 
0.00043601 0.00975448 0.0816302 0.0232403 0.214272 0.0264121 0.644255 
1.12454e-05 6.63356e-05 0.0598628 0.851853 0.047825 0.000158565 0.0402226 
5.52553e-05 0.000720777 0.37821 0.00414363 0.317196 0.0121163 0.287558 
5.85887e-07 0.0328648 0.00252579 0.0195171 0.624104 8.79442e-05 0.3209 
2.33693e-09 2.91441e-05 0.0557002 8.47666e-06 0.0360654 0.227481 0.680716 
3.68597e-07 6.87074e-05 0.00288007 0.000515059 0.00693922 0.986078 0.00351842 
1.51628e-09 0.000535498 0.323728 0.00248671 0.652669 0.00131448 0.0192668 
3.68597e-07 6.87074e-05 0.00288007 0.000515059 0.00693922 0.986078 0.00351842 
3.08641e-12 0.563221 0.0593163 0.00721951 0.160002 0.000476738 0.209764 
3.68597e-07 6.87074e-05 0.00288007 0.000515059 0.00693922 0.986078 0.00351842 
0.000220153 0.0130038 0.0899423 0.0349179 0.673665 0.0491952 0.139055 
6.24593e-06 0.0331277 0.00189088 0.00950061 0.0218316 0.219314 0.714329 
1.43284e-05 2.99746e-05 0.00702528 0.0292769 0.039973 2.53491e-05 0.923655 
6.38899e-09 3.58857e-07 1.90508e-05 0.511871 9.27687e-06 1.12344e-06 0.488099 
0.000384623 0.00200477 0.398015 0.0642369 0.332389 0.000512045 0.202457 
0.00167375 0.00819416 0.0164675 0.550044 0.313246 0.00618821 0.104187 
4.61674e-06 0.0344964 0.00707053 0.0476861 0.0341185 0.585464 0.29116 
3.68597e-07 6.87074e-05 0.00288007 0.000515059 0.00693922 0.986078 0.00351842 
3.68597e-07 6.87074e-05 0.00288007 0.000515059 0.00693922 0.986078 0.00351842 
0.000389965 0.0231424 0.0478444 0.0197223 0.0577522 0.173596 0.677552 
5.26107e-07 0.832528 0.00221204 0.0602727 0.10459 8.90456e-07 0.000396165 
3.68597e-07 6.87074e-05 0.00288007 0.000515059 0.00693922 0.986078 0.00351842 
2.38856e-07 0.000173979 0.00719932 0.30145 0.41737 4.51768e-05 0.273761 
4.88152e-08 0.00855772 0.062858 0.240358 0.11041 9.3524e-05 0.577723 
1.04621e-10 0.00502265 0.0319743 0.227243 0.0495594 0.00341951 0.682781 
0.00395083 0.0257104 0.117266 0.0974268 0.636389 0.00506475 0.114193 
0.000139157 0.00185603 0.0502263 0.614516 0.0487158 0.0470821 0.237465 
3.68597e-07 6.87074e-05 0.00288007 0.000515059 0.00693922 0.986078 0.00351842 
0.00109443 0.664688 0.00127757 0.237307 0.0727694 0.00234468 0.020519 
5.2915e-05 0.00345145 0.0182736 0.0139718 0.963356 9.77084e-05 0.000796322 
5.78992e-06 0.879816 0.00792199 0.00888361 0.045939 0.00150897 0.0559243 
0.000278036 0.53346 0.0104929 0.0189539 0.145023 0.00140835 0.290384 
0.142801 0.14286 0.14287 0.142874 0.142879 0.142847 0.142869 
0.00112761 0.00304029 0.30117 0.0439905 0.483806 0.0565588 0.110307 
8.14194e-05 0.0213777 0.113825 0.0257278 0.697543 0.0230343 0.118411 
2.21523e-05 0.0409284 0.126186 0.0196938 0.803887 2.81112e-05 0.00925446 
0.000109125 0.00218649 0.226573 0.0359197 0.700604 0.0170345 0.0175729 
0.000187111 0.00124568 0.0369197 0.0244144 0.788645 0.00113727 0.147451 
3.68597e-07 6.87074e-05 0.00288007 0.000515059 0.00693922 0.986078 0.00351842 
3.68597e-07 6.87074e-05 0.00288007 0.000515059 0.00693922 0.986078 0.00351842 
8.92226e-05 0.0224074 0.0178907 0.0368144 0.198337 0.000265527 0.724196 
3.68597e-07 6.87074e-05 0.00288007 0.000515059 0.00693922 0.986078 0.00351842 
3.68597e-07 6.87074e-05 0.00288007 0.000515059 0.00693922 0.986078 0.00351842 
3.68597e-07 6.87074e-05 0.00288007 0.000515059 0.00693922 0.986078 0.00351842 
0.00519767 0.0222359 0.00566612 0.0188243 0.275016 0.240433 0.432627 
1.44965e-08 8.87524e-06 0.0660422 0.655965 0.0509898 3.32308e-08 0.226995 
6.18956e-06 0.0200252 0.13031 0.107851 0.0679849 0.0802521 0.59357 
3.68597e-07 6.87074e-05 0.00288007 0.000515059 0.00693922 0.986078 0.00351842 
0.00929074 0.0136304 0.0923499 0.0669742 0.721217 0.0119895 0.0845483 
8.59449e-08 0.00170472 0.0575709 0.0757921 0.79449 0.008136 0.0623058 
0.00174825 0.00288573 0.293843 0.0271974 0.140565 0.0456508 0.48811 
0.000852554 0.010285 0.0368613 0.0285387 0.881891 0.0135368 0.0280351 
0.000287804 0.000407568 0.885161 0.0207291 0.0830809 0.00124714 0.00908638 
3.68597e-07 6.87074e-05 0.00288007 0.000515059 0.00693922 0.986078 0.00351842 
8.83359e-08 1.05228e-05 0.242961 0.256127 0.360357 0.00737796 0.133166 
1.36596e-10 0.00044115 0.133459 0.535912 0.192596 4.18821e-08 0.137593 
0.00319276 0.0771615 0.0901292 0.0625188 0.748502 0.00670384 0.0117917 
3.68597e-07 6.87074e-05 0.00288007 0.000515059 0.00693922 0.986078 0.00351842 
1.23311e-09 0.999724 4.84659e-05 3.50326e-05 6.19159e-05 8.65218e-06 0.000122301 
0.000189943 0.0501019 0.0630727 0.0534735 0.304674 0.0528212 0.475667 
3.68597e-07 6.87074e-05 0.00288007 0.000515059 0.00693922 0.986078 0.00351842 
0.000802242 0.032129 0.115595 0.0632973 0.743439 0.00313583 0.0416017 
3.68597e-07 6.87074e-05 0.00288007 0.000515059 0.00693922 0.986078 0.00351842 
3.68597e-07 6.87074e-05 0.00288007 0.000515059 0.00693922 0.986078 0.00351842 
0.00257597 0.0235154 0.07715 0.0485591 0.760964 0.00491877 0.0823171 
3.68597e-07 6.87074e-05 0.00288007 0.000515059 0.00693922 0.986078 0.00351842 
3.68597e-07 6.87074e-05 0.00288007 0.000515059 0.00693922 0.986078 0.00351842 
4.99294e-07 2.06802e-05 0.045316 0.0590319 0.504065 6.58066e-07 0.391565 
0.00126188 0.00929199 0.494089 0.0516427 0.357218 0.00317249 0.0833243 
0.0010601 0.00816421 0.0662856 0.091627 0.777821 0.00203848 0.0530037 
0.000155592 0.0133165 0.0072182 0.0860721 0.0755607 0.718624 0.0990526 
0.00819091 0.0305294 0.0330839 0.0923034 0.374482 0.0221367 0.439273 
6.25165e-05 0.0128151 0.124168 0.179653 0.208465 0.0631132 0.411724 
0.000223604 0.0658221 0.232273 0.328542 0.275368 0.000256366 0.097515 
4.83291e-05 0.031658 0.0597686 0.0461146 0.0201353 0.825983 0.0162924 
0.000242883 0.354047 0.0549911 0.191894 0.105947 0.000723197 0.292155 
3.68597e-07 6.87074e-05 0.00288007 0.000515059 0.00693922 0.986078 0.00351842 
3.31873e-05 0.00970482 0.0991244 0.0101296 0.309422 5.63686e-05 0.57153 
2.07376e-05 0.0502645 0.0124637 0.102637 0.0636337 0.101196 0.669785 
0.000544934 0.0455474 0.158814 0.115683 0.330136 0.00824171 0.341033 
0.000171404 0.00235847 0.390006 0.0427026 0.509987 0.000500836 0.0542741 
7.86031e-05 0.0016816 0.303476 0.14744 0.506275 0.000165138 0.0408837 
0.00162707 0.0957298 0.0637341 0.538798 0.285518 0.0022408 0.0123522 
3.68597e-07 6.87074e-05 0.00288007 0.000515059 0.00693922 0.986078 0.00351842 
2.14204e-10 2.11421e-06 0.0270691 0.611418 0.322245 2.58613e-05 0.03924 
0.00208064 0.00992032 0.0533113 0.0377588 0.80555 0.0277212 0.0636582 
3.06879e-09 8.65502e-08 0.159239 0.685628 0.142745 4.17505e-07 0.0123866 
0.000407439 0.0356288 0.130405 0.0316314 0.33593 0.00393306 0.462064 
0.000232127 0.0021927 0.0486703 0.0491738 0.0468054 0.00101501 0.851911 
4.23825e-09 0.986585 0.002498 0.000660837 0.00531914 0.000412735 0.00452469 
0.00144785 0.0125802 0.12002 0.0417313 0.387726 0.00381828 0.432676 
0.00124763 0.00426407 0.348508 0.0434405 0.505323 0.00496599 0.0922506 
3.21067e-12 0.979153 0.00469821 8.83383e-06 0.00421199 0.000466652 0.0114612 
2.77165e-09 1.55678e-07 1.92051e-05 0.00361991 2.66956e-05 0.00447917 0.991855 
0.000132522 0.0167979 0.0132748 0.116598 0.333457 0.179748 0.339992 
0.00405536 0.00555193 0.0496629 0.15375 0.433198 0.00734251 0.346439 
3.68597e-07 6.87074e-05 0.00288007 0.000515059 0.00693922 0.986078 0.00351842 
3.68597e-07 6.87074e-05 0.00288007 0.000515059 0.00693922 0.986078 0.00351842 
3.68597e-07 6.87074e-05 0.00288007 0.000515059 0.00693922 0.986078 0.00351842 
1.21018e-05 0.790263 0.0348139 0.0385763 0.0303902 0.0340715 0.0718729 
0.00116358 0.0765375 0.0903695 0.0290482 0.292919 0.0192813 0.490681 
5.93028e-08 0.00181285 0.609192 0.00575931 0.221196 0.117224 0.0448151 
0.00152459 0.0113424 0.0961369 0.0397834 0.774586 0.00971498 0.0669119 
2.93464e-05 0.000140439 0.0111399 0.0997636 0.0482391 0.000572895 0.840115 
5.61801e-05 0.0286599 0.0600249 0.109459 0.392256 0.0103714 0.399173 
6.24593e-06 0.0331277 0.00189088 0.00950061 0.0218316 0.219314 0.714329 
0.000175074 0.0404609 0.152526 0.446082 0.310199 0.00044862 0.0501092 
3.68597e-07 6.87074e-05 0.00288007 0.000515059 0.00693922 0.986078 0.00351842 
3.68597e-07 6.87074e-05 0.00288007 0.000515059 0.00693922 0.986078 0.00351842 
0.000159834 0.0337804 0.044527 0.0469334 0.860894 0.00017366 0.0135318 
3.88882e-06 0.000459044 0.00781443 0.00108635 0.684137 7.0565e-05 0.306428 
0.00216219 0.00955231 0.146989 0.0363756 0.691114 0.00285197 0.110955 
0.000427391 0.137107 0.0183486 0.132746 0.621893 0.000819407 0.0886579 
1.933e-07 0.0340474 0.0355058 0.173752 0.175344 0.00927382 0.572077 
1.53513e-05 0.962968 0.00237673 0.000494989 0.0220826 0.00011597 0.0119468 
3.81831e-05 0.00848856 0.640995 0.04783 0.195535 4.97253e-05 0.107064 
0.000998551 0.038543 0.131036 0.078729 0.644925 0.00203001 0.103738 
4.26212e-05 0.00431749 0.344153 0.0302859 0.560274 0.000168528 0.0607585 
5.03012e-05 0.220694 0.0199523 0.00987412 0.0820776 0.563884 0.103468 
0.000243962 0.0277222 0.115561 0.0708524 0.621764 0.0315939 0.132263 
0.000296608 0.023463 0.045117 0.0187895 0.715323 0.008189 0.188822 
8.36469e-05 0.614264 0.0653131 0.11284 0.151937 0.000119027 0.0554441 
3.68597e-07 6.87074e-05 0.00288007 0.000515059 0.00693922 0.986078 0.00351842 
8.40506e-05 0.00366002 0.0773168 0.163274 0.684582 0.000191688 0.0708921 
2.12189e-08 1.7926e-05 0.179051 0.00728838 0.119907 0.121283 0.572453 
9.42206e-09 0.00318204 0.0145202 0.0165397 0.885367 0.000155334 0.0802362 
3.68597e-07 6.87074e-05 0.00288007 0.000515059 0.00693922 0.986078 0.00351842 
8.30738e-06 0.000318145 0.068499 0.000585628 0.524722 0.00522344 0.400643 
4.52828e-06 0.0634195 0.000371795 0.161574 0.00695506 0.211926 0.555749 
3.68597e-07 6.87074e-05 0.00288007 0.000515059 0.00693922 0.986078 0.00351842 
0.000442784 0.00442376 0.0144457 0.287277 0.528795 0.00110718 0.163508 
0.000663942 0.0110935 0.0868839 0.143081 0.379008 0.00377877 0.375491 
5.35983e-12 0.000499565 0.162542 0.00109048 0.467558 0.00146549 0.366844 
5.85239e-05 0.0562129 0.00214153 0.0509373 0.06353 0.25309 0.57403 
3.68597e-07 6.87074e-05 0.00288007 0.000515059 0.00693922 0.986078 0.00351842 
1.5856e-06 0.00212011 0.0427035 0.0352953 0.742847 4.04926e-05 0.176992 
4.33354e-06 0.000777145 0.74065 0.0282874 0.129278 0.00128476 0.0997185 
1.68954e-05 0.021141 0.0106421 0.760939 0.0930392 0.000119472 0.114102 
0.000969196 0.0117517 0.431923 0.133393 0.36531 0.0124414 0.0442116 
0.000856505 0.0161802 0.369952 0.0901231 0.469245 0.00127688 0.0523668 
0.000254171 0.0319006 0.162309 0.0556685 0.0565796 0.0123666 0.680921 
0.00116414 0.0203178 0.246321 0.0750622 0.547136 0.0156554 0.094343 
5.55862e-06 0.399117 0.165826 0.11109 0.101677 0.000415624 0.221868 
3.68597e-07 6.87074e-05 0.00288007 0.000515059 0.00693922 0.986078 0.00351842 
2.64203e-05 0.0257283 0.496677 0.173907 0.268686 4.80259e-05 0.034927 
3.68597e-07 6.87074e-05 0.00288007 0.000515059 0.00693922 0.986078 0.00351842 
5.88425e-05 0.000523328 0.0744557 0.084356 0.631968 0.000197809 0.20844 
3.68597e-07 6.87074e-05 0.00288007 0.000515059 0.00693922 0.986078 0.00351842 
3.38009e-06 0.212044 0.00945706 0.757952 0.0203039 8.02452e-05 0.00015947 
2.05914e-08 0.0258282 0.144399 0.0797019 0.323046 0.025555 0.40147 
3.68597e-07 6.87074e-05 0.00288007 0.000515059 0.00693922 0.986078 0.00351842 
1.61586e-07 6.52176e-06 0.00421939 0.0776618 0.916697 0.000265888 0.00114921 
9.85805e-05 0.00708727 0.168796 0.162866 0.0516774 0.146842 0.462633 
6.94643e-08 7.38819e-08 0.00156202 0.0197731 0.0568295 0.00136542 0.92047 
6.72751e-06 0.000627781 0.0618849 0.0122829 0.37795 0.000189765 0.547058 
0.000505786 0.10146 0.016618 0.539332 0.32272 0.00148988 0.0178743 
5.77524e-05 0.010089 0.0682382 0.00694844 0.680501 7.64972e-05 0.234089 
0.00109096 0.00294229 0.431921 0.0163115 0.371148 0.0103027 0.166284 
7.12836e-08 0.0598716 0.00218421 0.163921 0.00879367 0.00051939 0.76471 
9.02728e-07 0.0885543 0.0460058 0.761683 0.0584123 2.38979e-06 0.0453411 
0.000436472 0.0139958 0.166825 0.0252177 0.761145 0.00457001 0.0278099 
1.06038e-09 0.000202404 0.0542733 0.321483 0.0458316 0.000389163 0.577821 
6.82906e-05 0.000827058 0.406243 0.187639 0.266774 0.0295828 0.108866 
