0.129352 2.36605e-05 0.00233026 0.375888 0.135109 0.000287901 0.35701 
0.000178805 2.30731e-07 0.712001 0.038823 0.223059 8.17464e-07 0.0259371 
0.000720646 7.20732e-10 0.0164167 0.0685138 0.382714 1.13098e-09 0.531635 
0.00847667 0.00230768 0.565171 0.0222047 0.364908 0.0162394 0.020692 
0.000727101 0.000338164 0.0211047 0.016072 0.084935 0.000605894 0.876217 
0.000188341 1.47593e-06 0.0401726 0.255624 0.00268692 2.25372e-05 0.701305 
0.0585045 3.76877e-08 0.454005 0.111674 0.144364 0.000601575 0.230851 
0.037048 0.0014232 0.0629082 0.0073413 0.0725741 0.808729 0.00997661 
0.0389436 0.00696624 0.491081 0.0163971 0.386788 0.0176986 0.042125 
0.0249218 0.00582687 0.309375 0.137063 0.133354 0.306211 0.0832492 
0.00300067 0.000313562 0.00663946 0.00053301 0.0152458 0.872374 0.101894 
1.70084e-07 7.13037e-09 0.00362228 0.0094542 0.0688478 0.000621748 0.917454 
0.153994 0.00130385 0.0122499 0.0415154 0.067625 0.00299664 0.720315 
0.00101775 0.000207118 0.0260462 0.0845261 0.200698 0.00188302 0.685622 
0.000898362 2.75602e-05 0.729292 0.0096282 0.116876 0.0173566 0.125922 
0.0338566 0.00037778 0.0367598 0.345768 0.379378 0.00266242 0.201197 
4.77562e-05 1.77764e-06 0.0055746 1.20078e-05 0.713142 0.000331325 0.280891 
0.0570103 0.00200734 0.0908262 0.143199 0.499704 0.0062406 0.201013 
0.00424405 5.74549e-10 0.00398022 0.0097838 0.250735 7.63537e-06 0.731249 
0.000111879 2.84532e-05 0.00420724 0.000655396 0.00766297 0.832374 0.15496 
0.00246276 6.38149e-05 0.940563 0.00469767 0.0506501 0.000122554 0.00144023 
0.00237879 0.0014407 0.066745 0.110874 0.551158 0.0192788 0.248125 
0.0588517 0.0193984 0.101717 0.0363342 0.736332 0.0211171 0.0262494 
0.00158546 1.57065e-05 0.00106729 0.173676 0.0796913 0.0011783 0.742786 
0.00326464 0.00152101 0.63417 0.0121768 0.339603 0.00506195 0.00420205 
0.0241364 0.000508141 0.0215816 0.25982 0.673384 0.00120326 0.0193671 
0.0274452 5.86948e-05 0.0340278 0.0938372 0.10281 0.138594 0.603228 
0.0013567 0.000356966 0.0941657 0.00405282 0.0553346 0.504561 0.340172 
1.63712e-05 1.52647e-07 0.00260497 0.576983 0.298038 0.000721503 0.121636 
0.00267794 0.000234432 0.404841 0.00369713 0.580198 0.000682509 0.00766817 
0.0869072 0.000270078 0.0407307 0.0100282 0.859636 0.00174947 0.000678144 
6.28915e-10 1.75746e-10 0.000623825 0.936908 0.0284936 3.86372e-07 0.0339745 
0.00761609 0.00270853 0.0142199 0.112765 0.11573 0.584902 0.162058 
0.000175207 3.32881e-05 0.00103175 0.0299138 0.938311 9.43941e-05 0.0304402 
2.27687e-07 1.20101e-07 0.210505 0.0150919 0.749719 4.14335e-07 0.0246836 
0.00133672 2.44743e-08 0.150349 0.00130459 0.415268 9.76121e-07 0.43174 
1.15547e-08 6.10173e-09 0.00799141 0.00280138 0.975283 5.26825e-05 0.0138714 
0.224561 0.000185081 0.0164715 0.00698786 0.00550918 0.0136935 0.732591 
0.00255882 4.16676e-05 0.0368009 0.0379564 0.118523 0.0206502 0.783469 
0.614312 0.000268904 0.0146172 0.147984 0.0567849 0.0157164 0.150316 
9.06732e-06 1.78655e-07 0.0276692 0.0124596 0.808366 1.09294e-05 0.151485 
0.104567 0.000302727 0.0448037 0.0276174 0.127933 0.0875074 0.607269 
1.78805e-08 4.99658e-09 0.201365 0.175674 0.505685 4.82223e-05 0.117227 
0.00072214 0.000199658 0.0118346 0.00189099 0.416223 0.0008998 0.56823 
0.0328358 0.000838598 0.140562 0.0968891 0.068416 0.00281923 0.65764 
0.000466845 6.93956e-07 0.00226891 0.0105495 0.0094266 0.000109138 0.977178 
6.82981e-05 1.05358e-08 0.0447758 0.00233735 0.939946 9.06718e-05 0.0127816 
0.00246276 6.38149e-05 0.940563 0.00469767 0.0506501 0.000122554 0.00144023 
0.000804677 1.42192e-11 0.00155226 0.000132721 0.00199662 0.103074 0.892439 
0.00574081 3.98007e-06 0.0361372 0.00793695 0.0371458 0.000401043 0.912634 
0.00120885 2.77687e-08 0.164572 0.0423924 0.766749 0.00014239 0.0249346 
9.84619e-11 2.75145e-11 0.684256 0.00412437 0.257396 9.10737e-08 0.0542237 
0.0108449 0.00501961 0.0412298 0.673222 0.118003 0.0619119 0.089769 
0.0898161 0.00497736 0.0083101 0.131685 0.259061 0.0236512 0.482499 
0.00909626 8.48352e-06 0.114182 0.473767 0.166673 0.000838412 0.235435 
0.000174733 1.39691e-07 0.558217 0.253394 0.121435 2.19206e-07 0.0667791 
0.00275911 1.74469e-06 0.0791828 0.10999 0.757302 0.000346603 0.0504184 
1.34509e-05 9.20518e-07 0.00418098 0.00352694 0.00234424 4.82821e-06 0.989929 
0.0113396 7.88445e-08 0.0449251 0.391254 0.0176259 0.00100343 0.533852 
0.013079 0.00103654 0.0453851 0.044115 0.06826 0.00188403 0.82624 
0.0215958 0.00118454 0.198496 0.0474245 0.286791 0.188168 0.256339 
0.000175207 3.32881e-05 0.00103175 0.0299138 0.938311 9.43941e-05 0.0304402 
0.03206 0.0151734 0.121338 0.0344069 0.390525 0.0643687 0.342128 
6.4306e-05 2.4359e-08 0.266639 0.00824637 0.481078 0.00575855 0.238213 
0.0184012 5.57676e-06 5.57713e-06 0.0195262 0.0195267 0.0552104 0.887324 
0.0191838 0.0151669 0.0374933 0.0676301 0.198304 0.101537 0.560685 
0.333822 2.85459e-06 0.42737 1.25625e-05 0.104169 0.0362431 0.09838 
0.398555 2.36334e-07 1.19304e-05 0.000787709 0.0081281 5.62851e-05 0.592461 
4.87086e-06 1.03314e-08 0.00528209 0.00847681 0.839179 0.000224993 0.146832 
0.174915 0.000775107 0.01335 0.0611432 0.746226 0.000867674 0.00272345 
3.23493e-07 3.73382e-08 0.0167917 0.0191794 0.339697 0.029118 0.595214 
0.00120093 5.81301e-07 0.36746 0.299301 0.285192 6.23849e-07 0.0468454 
4.77562e-05 1.77764e-06 0.0055746 1.20078e-05 0.713142 0.000331325 0.280891 
0.185966 0.000182885 0.343965 0.132741 0.222888 0.000559663 0.113697 
0.000396653 6.92137e-05 0.0225415 0.231587 0.372016 0.0766584 0.296731 
3.94475e-05 6.2241e-06 0.103168 0.116073 0.626661 0.000137177 0.153915 
0.0248739 0.00470989 0.468632 0.140043 0.214794 0.0282671 0.11868 
1.51264e-06 9.86736e-11 0.00792288 0.0262437 0.312878 0.00317358 0.649781 
0.000804677 1.42192e-11 0.00155226 0.000132721 0.00199662 0.103074 0.892439 
0.470756 9.92313e-07 0.024215 0.0629198 0.0731439 0.0173649 0.3516 
0.0748241 0.00567758 0.0981909 0.0253261 0.178732 0.0577826 0.559467 
0.00112462 4.12407e-06 0.223921 0.00643907 0.693762 8.70852e-06 0.0747398 
0.000205346 7.16294e-07 0.0400536 0.34563 0.127341 0.000254068 0.486516 
0.000119829 5.45514e-05 0.00714927 0.0368314 0.930128 7.00465e-05 0.0256465 
0.000506397 1.18316e-10 0.00759135 0.0833892 0.0253104 2.5902e-07 0.883202 
0.00138058 1.16609e-08 0.0285549 0.107297 0.564938 2.48757e-05 0.297805 
4.17961e-06 1.02328e-09 0.0385147 0.625774 0.214834 1.60575e-09 0.120873 
0.00481214 0.000722229 0.0360236 0.0423558 0.757683 0.00521085 0.153192 
0.186229 0.0109713 0.0159263 0.379549 0.115728 0.0185775 0.273019 
0.0277612 0.00403652 0.0961952 0.0360921 0.239201 0.511852 0.0848614 
0.000697443 6.54787e-05 0.129216 0.103893 0.681778 0.0815167 0.00283336 
0.0077701 0.000782189 0.0212054 0.0843044 0.831194 0.00114747 0.0535967 
0.00805725 0.00384041 0.0922811 0.143883 0.696616 0.00851611 0.0468061 
0.0134394 0.000156359 0.00857679 0.0465258 0.305535 0.00992096 0.615846 
0.360271 3.23852e-05 0.019041 0.0532018 0.0414312 0.000501603 0.525521 
0.0292294 0.000829058 0.0891851 0.00616836 0.151716 0.0627992 0.660073 
0.00659215 0.00250539 0.448995 0.0708051 0.336118 0.0135981 0.121387 
0.00203108 5.73209e-05 0.00181699 0.00589675 0.2387 8.65773e-05 0.751411 
6.0216e-05 3.89353e-08 0.00619649 0.416424 3.53698e-05 6.10978e-08 0.577284 
0.000212395 6.89746e-07 0.998674 0.000495556 0.000138155 2.15787e-05 0.000457425 
0.000105111 8.55851e-05 0.508288 0.00794025 0.457025 0.0217743 0.00478132 
0.00519032 1.8476e-07 0.853495 0.0343554 0.00645429 0.00850986 0.0919948 
0.00869252 0.00362293 0.168901 0.0810771 0.657648 0.0166917 0.0633662 
1.70047e-05 6.77464e-06 0.222217 0.0462541 0.344083 0.000520544 0.386901 
0.00326464 0.00152101 0.63417 0.0121768 0.339603 0.00506195 0.00420205 
0.00249089 0.000272017 0.35664 0.160932 0.473194 0.000357087 0.00611319 
0.00110623 0.000218046 0.0263934 0.00821785 0.378479 0.000270805 0.585314 
0.00158929 0.000231902 0.0133333 0.0440333 0.758327 0.000248631 0.182237 
1.80602e-05 5.41717e-06 0.10875 0.00590624 0.841313 2.52062e-05 0.0439819 
0.00034648 6.90809e-09 0.102557 0.000773537 0.878539 8.68638e-05 0.0176971 
0.000452202 7.89545e-05 9.93761e-05 0.0304408 0.00685779 0.00283206 0.959239 
0.00122611 0.000551307 0.136664 0.0359787 0.406705 0.11223 0.306645 
0.0748241 0.00567758 0.0981909 0.0253261 0.178732 0.0577826 0.559467 
0.00971882 0.00225597 0.00948761 0.221115 0.716208 0.0172866 0.0239279 
0.00326464 0.00152101 0.63417 0.0121768 0.339603 0.00506195 0.00420205 
0.275489 2.38364e-06 1.57323e-05 0.00259068 0.632681 3.33991e-06 0.0892181 
0.0057893 0.00335066 0.476108 0.04738 0.378366 0.0188793 0.070126 
0.00229315 3.22936e-05 0.00591517 0.160257 0.808089 0.00925162 0.0141616 
0.00272281 0.00210722 0.101891 0.0407065 0.209529 0.585041 0.0580026 
0.0232993 0.00430375 0.301684 0.0721468 0.23025 0.105068 0.263249 
9.28367e-05 1.87836e-10 0.270958 0.025225 0.273917 5.85185e-05 0.429749 
0.476249 0.000445464 0.0517672 0.0312257 0.142016 0.100227 0.198069 
0.0176799 0.00276476 0.0676856 0.0570436 0.679516 0.0329984 0.142312 
0.0358871 0.00495349 0.28221 0.0248462 0.135733 0.0433417 0.473029 
7.21514e-07 3.80933e-07 0.00434058 0.0136854 0.683844 7.4039e-05 0.298055 
0.00207653 5.24889e-05 0.00604269 0.113583 0.0431943 0.0830187 0.752032 
0.104567 0.000302727 0.0448037 0.0276174 0.127933 0.0875074 0.607269 
0.000114721 2.88703e-06 0.231383 0.378423 0.290397 7.24293e-05 0.0996073 
0.000136232 6.31843e-07 0.0715993 0.0224692 0.0768983 0.000348413 0.828548 
0.614312 0.000268904 0.0146172 0.147984 0.0567849 0.0157164 0.150316 
0.00354042 0.000727294 0.0122423 0.0213862 0.0483695 0.403618 0.510116 
0.00837594 0.00430479 0.436866 0.0348376 0.434165 0.00624501 0.0752059 
4.01032e-06 6.73349e-10 0.456875 0.319701 0.0557062 8.82326e-07 0.167713 
0.00464183 0.00255426 0.0371551 0.0172216 0.016301 0.835199 0.0869274 
2.4178e-10 6.75635e-11 0.977016 3.57954e-05 0.00485468 3.81134e-05 0.0180557 
0.000709567 1.99224e-06 0.0087895 0.121548 0.442874 1.78104e-05 0.426059 
0.00519032 1.8476e-07 0.853495 0.0343554 0.00645429 0.00850986 0.0919948 
7.50403e-05 5.29581e-06 0.00244986 0.00120579 0.962827 0.000193555 0.0332439 
0.00110323 6.85111e-05 0.0081867 0.0393494 0.593143 0.000747305 0.357402 
2.81081e-07 7.85461e-08 0.0732848 0.281654 0.0543358 0.00165268 0.589072 
0.0422791 0.0184222 0.0371132 0.0750089 0.770538 0.028825 0.0278139 
0.00278814 0.0017401 0.478191 0.0317735 0.330182 0.0139622 0.141363 
0.0108951 4.40388e-05 0.038728 0.0203043 0.0447109 0.362319 0.522998 
5.90736e-05 3.99614e-12 0.00665683 0.010414 0.429303 0.000279091 0.553288 
0.000857359 0.000139951 0.0177486 0.183239 0.722318 0.00124087 0.0744559 
0.00640401 0.00266952 0.0361346 0.0256386 0.0878931 0.0156944 0.825566 
3.14476e-08 8.78781e-09 0.366313 3.44487e-05 0.605813 0.0278035 3.59747e-05 
0.000112202 5.28214e-05 0.00825313 0.0312201 0.109521 0.000154415 0.850686 
0.00519032 1.8476e-07 0.853495 0.0343554 0.00645429 0.00850986 0.0919948 
0.0287474 2.44938e-10 0.241019 0.214147 0.214667 4.34366e-06 0.301416 
0.00264371 1.79233e-05 0.000117746 2.24783e-05 0.000345965 2.51292e-05 0.996827 
6.7022e-05 8.35889e-07 0.102527 0.0342338 0.862739 1.89374e-05 0.00041323 
0.0816882 0.000213873 0.347267 0.0364533 0.00883768 0.43984 0.0857002 
0.00202102 3.9958e-07 0.074518 0.630371 0.247779 6.18564e-07 0.0453102 
0.293553 8.02397e-05 0.000192033 0.0140568 0.0101855 8.41782e-05 0.681849 
0.00191771 1.7492e-09 0.0127178 0.00830102 0.513263 0.00112962 0.462671 
0.00133672 2.44743e-08 0.150349 0.00130459 0.415268 9.76121e-07 0.43174 
0.000804677 1.42192e-11 0.00155226 0.000132721 0.00199662 0.103074 0.892439 
5.14266e-10 1.43708e-10 1.65621e-05 0.14642 0.0597899 0.002938 0.790836 
2.12169e-06 3.72663e-10 2.15004e-08 0.156092 0.00173267 5.84789e-10 0.842173 
0.000804677 1.42192e-11 0.00155226 0.000132721 0.00199662 0.103074 0.892439 
0.00494322 9.97864e-05 0.00712708 0.0483974 0.131631 0.540913 0.266889 
0.00274947 0.000176773 0.0898331 0.208766 0.660311 0.000255882 0.0379086 
0.0054784 2.39346e-05 0.00152148 0.00280374 0.231002 0.00075571 0.758414 
0.0307244 0.00256589 0.727476 0.0217216 0.137177 0.00671411 0.0736214 
0.0641715 8.22952e-06 0.0798399 0.0576206 0.32347 0.00905985 0.46583 
0.00326464 0.00152101 0.63417 0.0121768 0.339603 0.00506195 0.00420205 
0.000116881 9.93456e-06 0.466607 0.0115465 0.483136 2.85907e-05 0.0385552 
8.92488e-06 8.05418e-08 0.000529017 6.32698e-07 0.717414 6.65182e-07 0.282047 
0.0264384 0.0158277 0.0383552 0.135522 0.327821 0.0423443 0.413691 
0.00469438 9.32866e-10 0.000448584 0.0207539 1.03025e-06 0.00082081 0.973281 
1.62018e-08 1.58443e-08 0.00572967 0.0103895 0.849087 0.000488404 0.134305 
4.35966e-06 2.29959e-06 0.00844571 0.00230415 0.294701 7.9332e-06 0.694535 
8.51875e-07 1.4473e-09 2.29892e-06 0.00438716 0.00794307 2.79086e-05 0.987639 
5.16556e-07 1.44348e-07 0.000971454 0.0062702 0.00179101 0.000475904 0.990491 
0.000134784 1.12162e-06 1.66208e-06 0.0532046 0.0577783 0.00132831 0.887551 
0.00409544 0.00131682 0.0387806 0.163882 0.755025 0.00403903 0.0328609 
0.614312 0.000268904 0.0146172 0.147984 0.0567849 0.0157164 0.150316 
0.0135516 0.000168334 0.0220808 0.0269032 0.14817 0.0725642 0.716562 
0.0166537 2.43522e-07 0.0488351 0.15054 0.0278735 0.000406031 0.755691 
0.000125616 1.45372e-06 0.00425485 0.0760976 0.0365882 0.000764646 0.882168 
0.0232362 0.000852999 0.0721542 0.168449 0.688455 0.0011469 0.0457063 
0.0204103 0.000119473 0.000461135 0.0671876 0.107988 0.00129053 0.802543 
0.00384827 0.00133465 0.818495 0.0258681 0.0640899 0.00219522 0.0841687 
7.55632e-05 9.87974e-08 0.762098 0.00197468 0.160033 0.000175163 0.0756432 
0.189889 0.0328308 0.145432 0.342569 0.124821 0.121859 0.0425984 
0.0169954 0.0157245 0.0711758 0.0173088 0.228325 0.0371318 0.613338 
7.00755e-07 1.63048e-10 0.0693397 0.201776 0.120979 2.55858e-10 0.607905 
0.0011995 0.000641832 0.0172028 0.00438378 0.0376577 0.00295117 0.935963 
0.215834 1.62182e-05 0.00301749 0.233948 0.00326066 0.000661124 0.543263 
0.000234524 8.02887e-08 0.0428092 0.371235 0.0198476 2.38647e-05 0.56585 
0.537735 0.00201518 0.0314672 0.0272096 0.184894 0.00707673 0.209602 
0.000989855 4.61516e-05 0.000721132 0.225722 0.0417193 0.000690604 0.730111 
3.39543e-07 8.28093e-08 0.00660384 0.0123253 0.800566 2.24677e-07 0.180504 
0.0215869 0.000168762 0.0551471 0.0184525 0.231411 0.100979 0.572255 
5.74535e-06 3.30656e-06 0.0152092 0.00284507 0.365516 1.8869e-05 0.616401 
0.0197647 0.00259645 0.18117 0.0353775 0.501006 0.0316045 0.22848 
0.00720625 0.00358002 0.319041 0.351668 0.272757 0.0102682 0.0354801 
0.000254918 7.14469e-06 0.00733762 0.00625154 0.200915 0.0408296 0.744404 
0.589968 1.2066e-05 0.0212148 0.0945751 0.223217 0.00103522 0.0699785 
0.0173598 0.000200371 0.018587 0.00975639 0.952529 0.000384089 0.00118325 
0.00305541 0.00178737 0.075934 0.102374 0.120925 0.123401 0.572524 
0.0490623 0.00109146 0.00109534 0.313115 0.32274 0.00126952 0.311627 
0.0169954 0.0157245 0.0711758 0.0173088 0.228325 0.0371318 0.613338 
0.000288983 2.97232e-05 0.080097 0.234364 0.166842 0.000157558 0.518221 
0.000248192 0.00015605 0.0417899 0.121136 0.799521 0.000333918 0.0368143 
0.921805 0.00196729 0.00744551 0.0171021 0.0185172 0.0074956 0.0256672 
0.00300067 0.000313562 0.00663946 0.00053301 0.0152458 0.872374 0.101894 
0.316593 9.21531e-07 0.00324008 0.209286 0.116819 0.000150152 0.353911 
0.00223109 0.00042905 0.0784054 0.27252 0.381238 0.00253377 0.262643 
0.000175207 3.32881e-05 0.00103175 0.0299138 0.938311 9.43941e-05 0.0304402 
7.11722e-05 2.47256e-05 0.284897 0.0131109 0.580277 0.000322834 0.121296 
0.000551994 0.000522073 0.371459 0.0306659 0.425977 0.0131946 0.157629 
0.173373 0.00304548 0.00520005 0.0133698 0.0459527 0.737394 0.0216651 
3.83109e-05 4.57301e-08 0.0158553 0.191388 0.220941 0.00204417 0.569734 
0.00568493 7.50673e-07 0.0128817 0.225311 0.189379 0.000138469 0.566604 
0.145691 0.000277172 0.137116 0.0985178 0.120376 0.469233 0.028789 
5.88704e-05 2.04055e-07 0.0331345 0.00388526 0.932254 0.00060674 0.0300606 
3.16216e-05 7.00385e-07 0.00935563 0.818704 0.147128 0.00031588 0.0244639 
0.000346943 3.32377e-06 0.231541 0.0155348 0.465674 0.0366034 0.250297 
1.80138e-06 6.70531e-08 0.000295795 0.0262709 0.8824 0.000104442 0.0909271 
0.0485575 0.0002987 0.0678542 0.103584 0.18513 0.0327717 0.561804 
0.000356429 2.60992e-06 0.154616 0.0664987 0.679915 0.000210552 0.0984008 
0.00315451 1.10697e-05 0.0275382 0.0188521 0.750048 0.000106182 0.20029 
1.90157e-06 5.3138e-07 0.930593 0.0207353 0.0184939 8.3385e-07 0.0301749 
0.00142037 0.00133466 0.0760949 0.046197 0.177834 0.0031518 0.693967 
0.00326464 0.00152101 0.63417 0.0121768 0.339603 0.00506195 0.00420205 
0.900823 1.08827e-10 0.000638231 0.0315017 0.0183766 5.42079e-05 0.0486062 
0.00493848 2.27055e-06 0.0315533 0.0113575 0.0687196 0.000551192 0.882878 
0.000788628 1.38741e-06 0.0816371 0.0117322 0.552699 2.92064e-05 0.353112 
0.0012569 0.000132889 0.0477182 0.0591431 0.836138 0.000299465 0.0553113 
0.000131098 6.62154e-06 0.000164918 0.000223991 0.000183579 0.000342828 0.998947 
0.00634669 2.12855e-05 0.0171666 0.695436 0.0312951 0.000894141 0.24884 
0.32075 0.000365204 0.08571 0.0241636 0.165322 0.395745 0.00794501 
0.00149972 0.00028826 0.0780346 0.0800827 0.318472 0.000907067 0.520716 
5.80261e-05 3.44474e-05 0.0499063 0.0902169 0.21883 0.00011061 0.640844 
0.000837738 1.31018e-05 0.0874314 0.101794 0.687521 0.000517958 0.121885 
0.173373 0.00304548 0.00520005 0.0133698 0.0459527 0.737394 0.0216651 
0.00111671 2.26646e-06 0.052367 0.0482102 0.275319 0.000616906 0.622368 
0.000543372 7.77024e-05 0.00720971 0.0571907 0.00343964 0.000212559 0.931326 
0.00519032 1.8476e-07 0.853495 0.0343554 0.00645429 0.00850986 0.0919948 
0.00387935 6.8152e-06 0.0139193 0.12447 0.498737 0.000217329 0.35877 
0.0953107 0.0281968 0.362293 0.313931 0.0482801 0.0633892 0.0885995 
1.18435e-07 3.30958e-08 0.0972055 0.05133 0.186253 3.35342e-05 0.665178 
0.00519032 1.8476e-07 0.853495 0.0343554 0.00645429 0.00850986 0.0919948 
0.0135059 0.00116344 0.0714921 0.0190414 0.0908314 0.704319 0.0996467 
5.6121e-05 1.97226e-06 0.0443676 0.304317 0.46172 5.53817e-05 0.189482 
3.09082e-05 2.95918e-05 0.0454511 0.00477328 0.467037 0.00331912 0.479359 
5.70127e-05 2.09028e-05 0.0092253 0.0695803 0.115446 8.7274e-05 0.805583 
0.0438911 0.00455064 0.0283038 0.146791 0.580367 0.0441069 0.15199 
0.0214534 0.00739719 0.0924844 0.0589853 0.526187 0.0116594 0.281833 
0.0130799 0.00202182 0.0449733 0.0199275 0.061894 0.00310785 0.854996 
0.00519032 1.8476e-07 0.853495 0.0343554 0.00645429 0.00850986 0.0919948 
0.000573418 0.000150041 0.786026 0.0582279 0.108643 0.00321225 0.0431672 
0.00210116 1.7758e-06 0.0090576 0.620239 0.223752 9.07325e-05 0.144758 
0.00973701 2.77406e-05 0.0137932 0.0216592 0.160113 0.467183 0.327488 
0.00118193 0.000683515 0.0207017 0.160346 0.443613 0.000950667 0.372524 
0.00179469 6.24885e-05 0.0430582 0.024745 0.0316954 0.000946531 0.897698 
0.000257771 7.51677e-05 0.0948693 0.0169024 0.863898 0.000195293 0.0238018 
0.0417651 1.3053e-05 1.30539e-05 0.190605 0.0796467 0.0561359 0.631821 
0.00246276 6.38149e-05 0.940563 0.00469767 0.0506501 0.000122554 0.00144023 
0.000525253 0.00024862 0.0223746 0.00187937 0.911681 0.00178375 0.0615072 
0.188752 9.03912e-05 0.0503703 0.0101133 0.0950564 0.0646364 0.590981 
0.56248 8.37497e-07 0.384511 0.0011694 0.0404034 1.60953e-06 0.011434 
0.0116029 6.12368e-05 0.0243112 0.0168296 0.0941873 0.0475995 0.805408 
4.77562e-05 1.77764e-06 0.0055746 1.20078e-05 0.713142 0.000331325 0.280891 
0.0015678 0.000396914 0.0391769 0.0651646 0.167922 0.00062746 0.725145 
0.00312819 0.00100892 0.060784 0.183659 0.689762 0.0123969 0.0492616 
0.0938085 0.00331246 0.0331567 0.0425146 0.108979 0.162504 0.555725 
0.0236922 0.00122805 0.0695201 0.0498188 0.0433504 0.0262919 0.786098 
0.000195643 2.59978e-06 0.0392237 0.0262953 0.896702 0.00023862 0.0373419 
0.000109308 4.20484e-07 1.81031e-06 0.0291908 0.00405027 0.000255379 0.966392 
6.32353e-05 4.40865e-05 0.0920161 0.00137176 0.900445 5.32775e-05 0.0060064 
0.000889032 3.63096e-08 0.158175 0.0073973 0.667675 0.000535818 0.165328 
0.188752 9.03912e-05 0.0503703 0.0101133 0.0950564 0.0646364 0.590981 
0.0829464 0.0279035 0.0508877 0.122814 0.241369 0.0353846 0.438695 
5.73422e-06 2.69336e-07 0.115832 0.151375 0.275672 1.34726e-06 0.457114 
0.001356 1.43041e-05 0.00392219 0.347287 0.0561775 0.00130971 0.589934 
8.99307e-05 4.3314e-05 0.0403448 0.00875215 0.54911 5.61135e-05 0.401604 
0.00567559 0.00339882 0.355836 0.120596 0.383902 0.0109202 0.119672 
0.00676475 0.00048355 0.279708 0.0843296 0.401228 0.00989428 0.217592 
0.194068 0.00166175 0.00939816 0.0245893 0.035616 0.00389098 0.730775 
0.0265917 0.000240259 0.0872997 0.397886 0.177504 0.0118677 0.298611 
0.00519032 1.8476e-07 0.853495 0.0343554 0.00645429 0.00850986 0.0919948 
0.000719552 5.9122e-08 0.00113625 0.991077 0.00346119 9.27751e-08 0.00360544 
0.00350122 0.000793754 0.0231855 0.163675 0.170701 0.00587178 0.632272 
0.000783489 0.00019681 0.0246063 0.0562596 0.682859 0.000405646 0.234889 
0.000925157 0.000536373 0.203332 0.0174043 0.488261 0.0056179 0.283923 
0.00012031 1.20177e-05 0.00023973 0.0180202 0.388681 0.575186 0.0177412 
0.0508151 1.61703e-07 0.0357389 0.00112543 0.0124939 0.20481 0.695017 
0.00451573 0.00057026 0.533715 0.0250949 0.428394 0.00187736 0.0058326 
0.000685612 2.39693e-05 0.0494805 0.0235404 0.551088 5.01088e-05 0.375131 
0.218535 4.48484e-05 0.0636756 0.00502737 0.00537994 0.70383 0.00350703 
0.000194081 0.000120939 0.0216426 0.0924642 0.159006 0.00282036 0.723752 
4.25487e-05 2.85731e-05 0.0211529 0.00515753 0.191399 0.0176874 0.764532 
6.27559e-05 5.08995e-06 0.00366505 0.248279 0.0440039 0.00166668 0.702318 
8.76892e-06 9.29534e-08 0.0246842 0.0160096 0.0144854 1.36049e-06 0.944811 
0.00197781 5.23299e-05 0.00396051 0.0150874 0.0373243 0.281051 0.660547 
1.21152e-10 3.3855e-11 0.0139276 0.806915 0.124387 0.00016185 0.0546091 
0.00211934 0.00196622 0.0531448 0.537687 0.173593 0.00561702 0.225872 
8.70917e-05 5.60631e-05 0.00224681 0.310388 0.310186 0.000371068 0.376664 
0.0475071 0.00412238 0.36229 0.024936 0.10926 0.177984 0.2739 
0.0152072 2.66857e-06 2.66875e-06 0.201499 0.101155 0.0136111 0.668522 
0.0104333 7.38653e-05 0.00780122 0.270218 0.646991 0.0524386 0.0120443 
0.00024846 0.000104953 0.0522054 0.408573 0.192413 0.000204294 0.346251 
0.00500094 0.00241347 0.380172 0.0727268 0.0458069 0.163674 0.330206 
0.0146192 0.0119684 0.114938 0.0487871 0.616968 0.0283625 0.164357 
0.00494608 3.39414e-05 0.824853 0.0633428 0.00812757 0.00860214 0.090094 
0.000562925 0.00019256 0.00619268 0.151952 0.694845 0.00284377 0.143411 
0.0152754 0.0042251 0.00619984 0.165609 0.0320359 0.512547 0.264108 
0.571252 0.0163129 0.0221452 0.11576 0.0268088 0.0700633 0.177658 
0.0869072 0.000270078 0.0407307 0.0100282 0.859636 0.00174947 0.000678144 
0.00043492 2.59143e-05 0.0773318 0.0398875 0.214559 0.00534219 0.662419 
4.66569e-05 3.09676e-06 0.00825283 0.0489588 0.0482484 0.0829346 0.811556 
0.00163813 2.45315e-05 0.695825 0.0113369 0.186612 0.000211063 0.104352 
0.00253775 1.40505e-09 0.00643392 0.0285617 0.265498 0.00417672 0.692792 
0.01129 0.00120114 0.0076091 0.0629956 0.0279643 0.00550948 0.88343 
0.188752 9.03912e-05 0.0503703 0.0101133 0.0950564 0.0646364 0.590981 
0.000526177 0.000514597 0.00222677 0.00480153 0.977134 0.000837871 0.0139595 
8.25777e-06 5.16001e-08 0.727655 0.0130674 0.0906367 0.00340818 0.165225 
0.0132668 0.00491542 0.0180237 0.0107866 0.230565 0.0274248 0.695018 
0.00524066 5.75095e-05 0.0613902 0.0253864 0.558732 0.000328061 0.348865 
0.000213019 0.000139373 0.0196891 0.116177 0.130505 0.000681916 0.732595 
0.000121642 4.15234e-05 0.0752531 0.00248935 0.88683 9.21897e-05 0.0351723 
0.0011764 2.90656e-05 0.0194666 0.159933 0.143171 0.000177842 0.676046 
0.000285653 0.000140586 0.18589 0.105995 0.678542 0.000943864 0.0282025 
2.10084e-06 1.10939e-06 1.99581e-05 0.00401392 0.771581 3.82989e-06 0.224378 
0.016015 0.000328876 0.0391913 0.0653834 0.0808035 0.0228679 0.77541 
0.00749241 0.00681976 0.0779632 0.111557 0.18817 0.189842 0.418156 
0.0228703 0.0116245 0.105861 0.030245 0.18285 0.0611847 0.585364 
0.000213079 9.83415e-05 0.0258653 0.0857458 0.0871769 0.685267 0.115634 
0.293553 8.02397e-05 0.000192033 0.0140568 0.0101855 8.41782e-05 0.681849 
0.00519032 1.8476e-07 0.853495 0.0343554 0.00645429 0.00850986 0.0919948 
0.000929282 0.00011446 0.0643817 0.118558 0.495212 0.025838 0.294967 
0.000204915 3.31612e-07 0.000468385 0.523315 0.392709 0.000102495 0.0831993 
9.22171e-05 1.87038e-06 0.00221849 0.00663228 0.0106225 0.00219693 0.978236 
0.00645153 0.00481463 0.0823655 0.059832 0.644219 0.0244828 0.177835 
8.39184e-05 2.92662e-05 0.730388 0.0351793 0.0703141 0.000497206 0.163509 
0.000410906 1.02513e-06 0.00430687 0.178494 0.177783 0.0195792 0.619425 
0.00326464 0.00152101 0.63417 0.0121768 0.339603 0.00506195 0.00420205 
0.173373 0.00304548 0.00520005 0.0133698 0.0459527 0.737394 0.0216651 
0.00119377 0.000401293 0.0113418 0.000555483 0.00244994 0.967605 0.0164523 
3.85431e-07 3.09339e-07 0.00153231 0.113124 0.826959 0.000215294 0.0581689 
0.000133894 8.64974e-05 0.851913 0.00945063 0.0232126 0.0130375 0.102166 
0.0250409 2.28483e-07 0.00887881 0.0670387 0.0356089 0.000290675 0.863142 
0.000805909 1.65638e-05 0.088134 0.0197368 0.15349 0.0938425 0.643974 
0.00326464 0.00152101 0.63417 0.0121768 0.339603 0.00506195 0.00420205 
0.0293895 0.0101852 0.0767039 0.186283 0.169187 0.0102074 0.518044 
0.0004356 0.000395329 0.0401813 0.0382926 0.764623 0.0264148 0.129658 
0.000804677 1.42192e-11 0.00155226 0.000132721 0.00199662 0.103074 0.892439 
0.000304012 1.07234e-05 0.0731979 0.336949 0.0724317 0.00110703 0.516 
0.00365007 0.000122686 0.754133 0.0275036 0.0782968 0.000231168 0.136063 
4.67697e-06 1.30695e-06 0.0267024 0.0041842 0.00336637 2.05088e-06 0.965739 
0.0108449 0.00501961 0.0412298 0.673222 0.118003 0.0619119 0.089769 
0.000433654 1.47989e-05 0.00772475 0.0259821 0.948487 7.27022e-05 0.0172852 
0.000332236 1.60578e-05 0.000411295 0.000323035 0.242413 0.000157382 0.756347 
0.032414 7.50464e-08 0.000976932 0.0148099 0.112346 0.00227613 0.837177 
0.000578565 1.48969e-06 0.0298201 0.0806728 0.0291184 0.00314606 0.856663 
0.0012669 1.38913e-05 0.00025587 0.00876023 0.000508924 2.17985e-05 0.989172 
0.000352278 6.29782e-05 0.0675836 0.0956604 0.326575 0.0021293 0.507637 
0.104567 0.000302727 0.0448037 0.0276174 0.127933 0.0875074 0.607269 
0.000161486 9.80742e-08 0.0494453 0.000782543 0.72353 1.25697e-05 0.226068 
0.00456104 4.76748e-08 0.120819 0.0010565 0.012142 0.00311418 0.858308 
1.82762e-06 4.47224e-08 0.00308065 0.00981125 0.982001 1.14017e-05 0.00509413 
0.000383691 6.42411e-07 0.0434619 0.0888488 0.0849942 0.000543425 0.781767 
0.0454025 0.000545452 0.00529525 0.0622882 0.0042432 0.231276 0.650949 
0.000167294 1.28968e-05 0.0221016 0.0155384 0.081227 0.0574618 0.823491 
0.00689804 0.00216721 0.0819403 0.0412687 0.0917163 0.0463206 0.729689 
8.74992e-05 8.07299e-05 0.107469 0.0010385 0.835514 0.000112672 0.0556978 
0.00679396 0.00254558 0.152593 0.104623 0.627508 0.00549323 0.100443 
3.56317e-07 9.95701e-08 0.00912263 0.300597 0.0229294 3.2638e-06 0.667348 
0.275489 2.38364e-06 1.57323e-05 0.00259068 0.632681 3.33991e-06 0.0892181 
0.0103975 0.00467456 0.0242661 0.137386 0.744607 0.015209 0.0634592 
2.91035e-05 1.91174e-05 0.0305754 0.00352068 0.956827 0.000180381 0.00884833 
7.90918e-05 2.76102e-05 0.170618 0.0017627 0.814887 3.97001e-05 0.0125859 
0.000257771 7.51677e-05 0.0948693 0.0169024 0.863898 0.000195293 0.0238018 
0.0134394 0.000156359 0.00857679 0.0465258 0.305535 0.00992096 0.615846 
7.82642e-06 2.56451e-06 0.154297 0.0742369 0.550663 7.51887e-05 0.220718 
0.0449653 0.0165337 0.0308708 0.162834 0.0766088 0.0799819 0.588206 
0.0820314 0.000353407 0.110834 0.00914841 0.162588 0.109896 0.525148 
7.54431e-09 2.1082e-09 5.16216e-06 0.0467804 2.25942e-05 1.34912e-06 0.95319 
1.48356e-06 2.52475e-07 0.0135861 0.173017 0.0242695 1.00808e-06 0.789124 
0.00333088 0.000274165 0.0184149 0.00777119 0.0986703 0.292025 0.579513 
0.000776176 0.000168968 0.204771 0.0376735 0.743046 0.000255015 0.0133098 
0.06088 0.00696445 0.0645339 0.0584941 0.709219 0.0376277 0.0622809 
0.00117446 0.000703823 0.10696 0.70921 0.0827587 0.00325712 0.095936 
0.0016163 0.000171604 0.00558525 0.0229253 0.552271 0.000960895 0.41647 
0.398555 2.36334e-07 1.19304e-05 0.000787709 0.0081281 5.62851e-05 0.592461 
0.153994 0.00130385 0.0122499 0.0415154 0.067625 0.00299664 0.720315 
0.0202867 1.26305e-07 0.00466574 0.0126296 0.0150084 0.144601 0.802808 
4.29958e-05 5.81684e-06 0.206284 0.0122743 0.00303183 1.20457e-05 0.778349 
1.14685e-06 3.20479e-07 0.137521 0.0811739 0.00720426 6.37917e-05 0.774036 
0.0171453 0.00140922 0.449479 0.254294 0.188396 0.0244129 0.064864 
0.00666688 3.3178e-05 0.018715 0.0105407 0.019416 0.419641 0.524987 
0.000433968 0.000403 0.0708612 0.174455 0.249271 0.0103191 0.494257 
0.000437215 4.91313e-07 0.188045 0.155475 0.143981 3.04302e-05 0.512031 
0.000257771 7.51677e-05 0.0948693 0.0169024 0.863898 0.000195293 0.0238018 
0.00384827 0.00133465 0.818495 0.0258681 0.0640899 0.00219522 0.0841687 
0.0166537 2.43522e-07 0.0488351 0.15054 0.0278735 0.000406031 0.755691 
0.254111 8.41172e-07 0.00410486 0.106264 0.627217 1.41297e-05 0.00828746 
0.27064 0.000150605 0.00447379 0.149708 0.147762 0.301663 0.125602 
0.000538681 2.11101e-06 0.117288 3.88162e-06 0.143266 3.98311e-05 0.738861 
0.0153429 0.00422425 0.220329 0.167776 0.274977 0.0862225 0.231128 
0.00384827 0.00133465 0.818495 0.0258681 0.0640899 0.00219522 0.0841687 
0.162838 1.17813e-05 0.00947119 0.242125 0.275563 0.000498209 0.309493 
1.12447e-05 9.84812e-08 0.0660546 0.0252548 0.201329 0.000178659 0.707172 
0.000751428 0.000179941 0.0346416 0.152702 0.753186 0.000199751 0.0583397 
0.0166537 2.43522e-07 0.0488351 0.15054 0.0278735 0.000406031 0.755691 
0.00443651 1.90937e-06 5.45021e-06 7.47723e-05 0.995462 5.77832e-06 1.39774e-05 
0.00632344 0.000309483 0.0524961 0.0129939 0.679999 0.131293 0.116585 
4.31829e-09 1.20671e-09 0.0314649 0.198076 0.767483 1.8936e-09 0.00297685 
0.0333097 0.00761419 0.0457472 0.150851 0.249531 0.0775375 0.43541 
0.00277808 1.52163e-07 0.00158373 0.0692428 0.38958 0.000327064 0.536488 
0.018839 4.51472e-09 0.0861956 0.0116589 0.126133 6.56627e-05 0.757108 
0.00519032 1.8476e-07 0.853495 0.0343554 0.00645429 0.00850986 0.0919948 
0.000266189 1.9584e-07 0.0273867 0.306529 0.187328 1.73797e-06 0.478489 
0.177082 1.29877e-06 0.00837929 0.0392079 0.113863 0.0634881 0.597978 
0.000111879 2.84532e-05 0.00420724 0.000655396 0.00766297 0.832374 0.15496 
0.0693524 0.0128031 0.082403 0.131038 0.265589 0.0178849 0.42093 
0.00686555 0.000257058 0.377178 0.357987 0.0329593 0.0042653 0.220488 
0.476249 0.000445464 0.0517672 0.0312257 0.142016 0.100227 0.198069 
0.0166537 2.43522e-07 0.0488351 0.15054 0.0278735 0.000406031 0.755691 
0.0152754 0.0042251 0.00619984 0.165609 0.0320359 0.512547 0.264108 
0.00262362 6.8136e-07 0.000666466 0.538876 0.152714 1.30105e-06 0.305118 
0.0481707 8.99799e-06 0.0230807 0.0196725 0.315611 0.387138 0.206318 
0.0359119 0.000235669 0.0654636 0.00881515 0.161953 0.625722 0.101899 
0.00202102 3.9958e-07 0.074518 0.630371 0.247779 6.18564e-07 0.0453102 
0.00117181 1.58198e-05 0.0142797 0.042354 0.150218 0.000227536 0.791733 
0.00326464 0.00152101 0.63417 0.0121768 0.339603 0.00506195 0.00420205 
0.0029357 0.000169848 0.108819 0.076637 0.759251 0.0160316 0.0361566 
0.00027137 0.000254409 0.109845 0.0124247 0.0187022 0.825903 0.0325998 
0.00481214 0.000722229 0.0360236 0.0423558 0.757683 0.00521085 0.153192 
0.00519032 1.8476e-07 0.853495 0.0343554 0.00645429 0.00850986 0.0919948 
0.00494608 3.39414e-05 0.824853 0.0633428 0.00812757 0.00860214 0.090094 
0.0539518 2.93324e-06 0.00146965 0.0302182 0.115881 0.0390113 0.759465 
0.0316054 0.000210545 0.019337 0.158098 0.294723 0.309608 0.186418 
0.00519032 1.8476e-07 0.853495 0.0343554 0.00645429 0.00850986 0.0919948 
1.36328e-06 6.24421e-11 0.00212778 0.152398 0.107544 0.002384 0.735544 
9.19098e-09 5.03501e-13 0.000259397 0.00478246 0.00015106 7.90101e-13 0.994807 
0.0212816 9.34443e-07 0.000785848 0.115885 0.136788 0.00364795 0.721611 
0.000301513 3.61271e-05 0.0252945 0.308334 0.540331 0.000143827 0.125559 
6.08005e-05 4.05626e-05 0.114573 0.323054 0.179629 0.00284738 0.379795 
0.038604 0.00552219 0.0694485 0.0626506 0.160762 0.059058 0.603955 
0.00246276 6.38149e-05 0.940563 0.00469767 0.0506501 0.000122554 0.00144023 
0.0026618 0.000577795 0.0722169 0.123878 0.603803 0.0239775 0.172885 
0.0016163 0.000171604 0.00558525 0.0229253 0.552271 0.000960895 0.41647 
0.0869072 0.000270078 0.0407307 0.0100282 0.859636 0.00174947 0.000678144 
0.0614762 0.00252624 0.0460998 0.20109 0.0700658 0.00688881 0.611854 
0.00156834 0.00123631 0.927697 0.00811184 0.0569849 0.00238722 0.00201403 
0.0245243 0.000600769 0.610699 0.0347353 0.317576 0.000699254 0.0111646 
1.35819e-06 1.09926e-07 0.02027 0.148178 0.802801 2.09953e-05 0.0287286 
0.00298323 2.67606e-06 0.0217614 0.0919173 0.180824 0.0299126 0.672599 
0.0748241 0.00567758 0.0981909 0.0253261 0.178732 0.0577826 0.559467 
0.218535 4.48484e-05 0.0636756 0.00502737 0.00537994 0.70383 0.00350703 
0.0166975 0.000859206 0.0179206 0.295003 0.396039 0.0133602 0.26012 
3.55671e-06 7.09421e-10 0.271494 0.0108702 0.717618 1.44832e-06 1.22517e-05 
1.08715e-09 3.03797e-10 0.0623149 6.08115e-05 0.795546 4.76723e-10 0.142078 
0.0129606 0.000219261 0.0625698 0.0698833 0.176649 0.0479391 0.629779 
0.254294 0.00084558 0.10929 0.0550495 0.234782 0.334818 0.0109212 
0.127807 0.00625899 0.0471275 0.0527961 0.126673 0.287501 0.351836 
0.00645153 0.00481463 0.0823655 0.059832 0.644219 0.0244828 0.177835 
0.0759288 2.01923e-05 0.000740111 0.193419 0.0316792 0.00162076 0.696592 
0.0869072 0.000270078 0.0407307 0.0100282 0.859636 0.00174947 0.000678144 
0.128006 0.00132185 0.394704 0.0629037 0.215656 0.0817443 0.115663 
4.49586e-06 3.47045e-11 1.95689e-07 0.0208915 0.000774641 5.44588e-11 0.978329 
0.0691541 1.72522e-06 0.012079 0.488805 0.047969 0.00414187 0.377849 
0.472778 0.000148378 0.00314428 0.210198 0.0992195 0.000478869 0.214033 
0.0178025 0.000301887 0.0444979 0.665756 0.244833 0.000409762 0.026399 
0.00542555 0.000245533 0.00300154 0.169474 0.0911717 0.000344518 0.730337 
0.00228262 7.82019e-05 0.0431695 0.312879 0.183003 0.000116705 0.458471 
0.00850143 2.39314e-05 0.0980437 0.0415683 0.188056 0.00226596 0.661541 
0.00305092 0.00266235 0.708685 0.0179866 0.0684918 0.00531132 0.193812 
0.000693456 6.12023e-05 0.00679407 0.0845077 0.830992 0.000861101 0.0760906 
0.00198887 2.36865e-05 0.00119969 0.0884435 0.858458 3.20056e-05 0.0498539 
0.900823 1.08827e-10 0.000638231 0.0315017 0.0183766 5.42079e-05 0.0486062 
0.0019689 0.00101564 0.229818 0.537064 0.166592 0.00193092 0.0616105 
0.00922438 6.91058e-06 0.00671877 0.237322 0.031004 5.81906e-05 0.715666 
1.65396e-11 4.62188e-12 0.127474 0.342445 0.422534 7.25272e-12 0.107547 
0.000737345 0.000178996 0.00725851 0.948266 0.018351 0.00143241 0.0237756 
0.000774748 9.91613e-05 0.0735215 0.102882 0.25268 0.000721314 0.569322 
0.104567 0.000302727 0.0448037 0.0276174 0.127933 0.0875074 0.607269 
0.00443325 0.000467624 0.632691 0.0102416 0.179672 0.0228741 0.14962 
0.109183 3.9277e-06 0.00469202 0.0499606 0.169033 0.00293946 0.664188 
0.0285702 0.000298211 0.00196626 0.341965 0.502482 0.000370614 0.124348 
6.55927e-08 3.78776e-08 0.0253204 0.0160973 0.334012 0.000585167 0.623985 
0.00384827 0.00133465 0.818495 0.0258681 0.0640899 0.00219522 0.0841687 
0.265505 0.000361967 0.00146359 0.247831 0.0367336 0.000574199 0.44753 
7.22567e-08 4.37878e-08 0.142091 0.123308 0.620628 0.000234793 0.113738 
0.016503 0.00978164 0.214387 0.0215596 0.590826 0.0118519 0.135091 
0.013663 1.59041e-06 4.53977e-06 0.411123 5.05563e-05 4.81307e-06 0.575153 
2.46351e-07 2.40482e-07 0.0153338 0.0236958 0.11742 0.00074052 0.84281 
2.22671e-06 3.14008e-07 0.00016239 0.0321889 0.949607 3.7634e-07 0.0180391 
0.00204166 0.0018978 0.359941 0.00580281 0.610077 0.00399154 0.0162476 
0.000136636 9.98492e-07 0.0486076 0.378668 0.558192 1.06625e-05 0.0143835 
0.00129252 7.73878e-07 0.739255 0.0196219 0.168967 1.5592e-05 0.0708463 
0.000402046 0.000211942 0.11856 0.0235432 0.0734725 0.00086034 0.78295 
0.00143176 1.54938e-05 0.1836 0.0523327 0.247264 3.75653e-05 0.515318 
0.0104144 2.89329e-06 2.89348e-06 0.115457 2.89367e-06 0.0274866 0.846634 
0.000167247 6.04655e-08 0.0888325 0.0638213 0.343893 3.89959e-07 0.503286 
0.00166146 0.000309917 0.303128 0.0326275 0.317275 0.0280408 0.316958 
0.0245403 0.00856625 0.0626641 0.0831919 0.30665 0.0521443 0.462243 
3.87647e-09 1.08325e-09 0.0147301 0.58527 1.26178e-06 0.0208352 0.379164 
0.0194262 0.0122741 0.119794 0.0596204 0.370604 0.0166324 0.401648 
0.0417651 1.3053e-05 1.30539e-05 0.190605 0.0796467 0.0561359 0.631821 
0.00326464 0.00152101 0.63417 0.0121768 0.339603 0.00506195 0.00420205 
0.104567 0.000302727 0.0448037 0.0276174 0.127933 0.0875074 0.607269 
0.000119829 5.45514e-05 0.00714927 0.0368314 0.930128 7.00465e-05 0.0256465 
0.000111879 2.84532e-05 0.00420724 0.000655396 0.00766297 0.832374 0.15496 
0.333822 2.85459e-06 0.42737 1.25625e-05 0.104169 0.0362431 0.09838 
2.37953e-08 2.13181e-08 0.00825334 0.02068 0.959817 1.36715e-05 0.0112361 
0.253061 2.06959e-06 7.16634e-05 0.112508 0.0155258 0.00173639 0.617095 
0.00237738 3.05699e-05 0.0247035 0.0663135 0.72522 0.000252915 0.181102 
2.13124e-05 7.98713e-07 0.0583382 0.00934415 0.917408 4.36694e-05 0.0148437 
0.0555007 0.0123249 0.0352647 0.127705 0.0849358 0.210901 0.473367 
0.00942287 0.00640459 0.118448 0.100908 0.114782 0.00872221 0.641313 
0.028578 0.000106807 0.219234 0.0633973 0.0474797 0.000420688 0.640784 
7.90134e-07 2.98311e-07 0.0077856 0.125749 0.1142 0.217619 0.534645 
0.0118896 8.93563e-05 0.0136951 0.213959 0.171214 0.0926289 0.496524 
0.00729297 4.29773e-05 0.00286314 0.224114 0.101655 0.000304777 0.663727 
0.000216321 1.07667e-06 0.0697741 0.149781 0.254667 0.00969023 0.51587 
0.000223116 0.000207078 0.406239 0.07158 0.434754 0.00858021 0.0784161 
0.000554861 9.93838e-05 0.239865 0.0232721 0.382482 0.0267115 0.327015 
0.0116228 0.00140259 0.608255 0.0349229 0.24259 0.0293158 0.0718907 
0.00246276 6.38149e-05 0.940563 0.00469767 0.0506501 0.000122554 0.00144023 
2.04155e-07 5.70496e-08 0.0083678 0.916275 0.035427 8.95231e-08 0.0399294 
0.00288508 0.000140083 0.543864 0.0526042 0.395454 0.000316618 0.00473615 
0.037048 0.0014232 0.0629082 0.0073413 0.0725741 0.808729 0.00997661 
0.00728538 0.0022207 0.052791 0.172647 0.0885011 0.115056 0.561498 
0.000857359 0.000139951 0.0177486 0.183239 0.722318 0.00124087 0.0744559 
6.27559e-05 5.08995e-06 0.00366505 0.248279 0.0440039 0.00166668 0.702318 
0.00144831 0.00104518 0.673691 0.0542517 0.225496 0.00305198 0.0410159 
6.37697e-05 6.32951e-09 7.59004e-05 0.0605481 0.0427139 9.93237e-09 0.896598 
0.000124212 1.97906e-05 0.0819066 0.00296043 0.912815 7.79546e-05 0.00209627 
0.0515489 0.00147485 0.103204 0.0840918 0.137351 0.0101768 0.612153 
0.00519032 1.8476e-07 0.853495 0.0343554 0.00645429 0.00850986 0.0919948 
0.000998356 3.37767e-05 0.0675532 0.0206149 0.478656 0.0150631 0.417081 
0.0157524 0.000395747 0.10034 0.0216965 0.74799 0.000635532 0.11319 
3.33318e-05 6.0648e-07 0.0185509 0.111397 0.0450344 1.17694e-05 0.824972 
0.0394025 0.000139095 0.69549 0.094722 0.0840606 0.00413156 0.0820539 
0.0120873 4.394e-08 0.181881 0.123839 0.122457 0.00324633 0.55649 
0.0620106 3.52488e-05 7.33591e-05 0.0759401 0.129703 0.000104312 0.732133 
0.000837161 1.90603e-08 0.00320784 0.0469413 0.0933927 0.000265019 0.855356 
0.00451573 0.00057026 0.533715 0.0250949 0.428394 0.00187736 0.0058326 
0.00891572 0.000475238 0.00909863 0.827815 0.0143661 0.00415618 0.135173 
5.45641e-06 1.52476e-06 0.0051348 0.709861 0.000295956 0.000462676 0.284238 
0.0095778 0.00195147 0.138394 0.0930685 0.678984 0.00339948 0.0746248 
9.66321e-05 1.18676e-05 0.0117796 0.0507205 0.0136457 0.000292853 0.923453 
0.182306 0.000112651 0.000776902 0.435628 0.103098 0.000560899 0.277518 
