0.0264325 0.00595898 0.144766 0.277051 0.174781 0.267555 0.103454 
0.0360407 8.28484e-06 0.0252346 0.0187457 0.121724 1.41387e-05 0.798233 
1.06158e-05 2.35011e-12 0.00403421 1.22853e-08 0.888128 1.65989e-08 0.107827 
0.000216568 0.000134096 0.0538114 0.0272026 0.309874 0.000266803 0.608494 
0.0227774 0.00237395 0.500505 0.0939911 0.333659 0.00290041 0.0437934 
0.000691845 7.34299e-05 0.311897 0.0241362 0.465058 0.000369623 0.197774 
0.000165177 2.92359e-06 0.409659 0.0925597 0.0542517 0.000151638 0.44321 
0.00146704 0.000595614 0.0847897 0.0605036 0.310624 0.216359 0.325661 
0.0869072 0.000270078 0.0407307 0.0100282 0.859636 0.00174947 0.000678144 
0.0585045 3.76877e-08 0.454005 0.111674 0.144364 0.000601575 0.230851 
0.0869072 0.000270078 0.0407307 0.0100282 0.859636 0.00174947 0.000678144 
0.00804545 0.00254468 0.682535 0.0147217 0.275788 0.008589 0.00777562 
0.00456242 1.76291e-05 0.0202531 0.0758477 0.0796126 0.000141967 0.819565 
0.00457551 0.000417639 0.0349275 0.00767384 0.0308259 0.904457 0.0171223 
0.00149862 8.34607e-07 0.688482 0.104048 0.0487859 0.000281992 0.156903 
0.0207957 0.00488979 0.0083052 0.12743 0.391379 0.0127197 0.434481 
6.27559e-05 5.08995e-06 0.00366505 0.248279 0.0440039 0.00166668 0.702318 
0.00034945 2.22028e-06 0.00288552 7.25961e-05 0.186596 4.91728e-05 0.810045 
0.00519032 1.8476e-07 0.853495 0.0343554 0.00645429 0.00850986 0.0919948 
2.09785e-07 7.99859e-10 0.0446096 0.23392 0.718413 1.25515e-09 0.00305704 
0.000804677 1.42192e-11 0.00155226 0.000132721 0.00199662 0.103074 0.892439 
0.000270767 2.53337e-05 0.0597331 0.0124151 0.1884 0.0382832 0.700873 
0.0278346 0.00902914 0.136374 0.0619967 0.709483 0.0185656 0.036717 
0.0242374 0.00195187 0.00487792 0.203863 0.753293 0.00334594 0.00843147 
4.24798e-06 5.59403e-07 0.303809 0.000218713 0.693206 1.03236e-05 0.00275051 
0.156483 0.00368791 0.00482615 0.357059 0.173357 0.00411623 0.300471 
0.00519032 1.8476e-07 0.853495 0.0343554 0.00645429 0.00850986 0.0919948 
0.000100495 1.00876e-05 0.00809373 0.0432006 0.92261 8.9119e-05 0.0258957 
0.333822 2.85459e-06 0.42737 1.25625e-05 0.104169 0.0362431 0.09838 
0.00246276 6.38149e-05 0.940563 0.00469767 0.0506501 0.000122554 0.00144023 
0.0250167 0.000153975 0.123287 0.104548 0.29031 0.000774071 0.455911 
0.0588517 0.0193984 0.101717 0.0363342 0.736332 0.0211171 0.0262494 
0.00158546 1.57065e-05 0.00106729 0.173676 0.0796913 0.0011783 0.742786 
0.00183457 0.00173652 0.0628528 0.0787379 0.523028 0.00714265 0.324667 
0.0117821 0.000443914 0.0981451 0.0395445 0.842832 0.000846907 0.0064052 
0.000563118 3.6583e-06 0.0128149 0.00838583 0.0191877 6.72167e-05 0.958978 
0.0013567 0.000356966 0.0941657 0.00405282 0.0553346 0.504561 0.340172 
0.0098898 0.001529 0.19843 0.0803174 0.156866 0.00991238 0.543056 
1.63712e-05 1.52647e-07 0.00260497 0.576983 0.298038 0.000721503 0.121636 
0.000114266 9.73508e-11 0.173718 0.243232 0.501458 8.06169e-08 0.081478 
0.900823 1.08827e-10 0.000638231 0.0315017 0.0183766 5.42079e-05 0.0486062 
0.00494608 3.39414e-05 0.824853 0.0633428 0.00812757 0.00860214 0.090094 
0.000109308 4.20484e-07 1.81031e-06 0.0291908 0.00405027 0.000255379 0.966392 
0.00012031 1.20177e-05 0.00023973 0.0180202 0.388681 0.575186 0.0177412 
2.27687e-07 1.20101e-07 0.210505 0.0150919 0.749719 4.14335e-07 0.0246836 
0.000804677 1.42192e-11 0.00155226 0.000132721 0.00199662 0.103074 0.892439 
0.0166537 2.43522e-07 0.0488351 0.15054 0.0278735 0.000406031 0.755691 
0.00323384 0.00251147 0.115102 0.320421 0.138665 0.00788083 0.412186 
5.35686e-05 5.52694e-08 0.00428002 0.521353 0.112435 0.00121608 0.360663 
0.00246276 6.38149e-05 0.940563 0.00469767 0.0506501 0.000122554 0.00144023 
0.00164287 0.00148045 0.32011 0.203839 0.110235 0.328711 0.0339812 
0.0104401 0.000675522 0.332856 0.0864301 0.0385228 0.00425772 0.526818 
8.5471e-09 2.38842e-09 2.63547e-05 5.88433e-05 0.0270435 3.3769e-06 0.972868 
0.00111834 0.000747443 0.00513196 0.776122 0.140876 0.00543715 0.0705676 
0.488239 0.00356027 0.0251705 0.0463566 0.268511 0.00766108 0.160501 
2.64852e-05 7.87136e-06 0.0519029 0.00139886 0.51342 7.39049e-05 0.43317 
6.82981e-05 1.05358e-08 0.0447758 0.00233735 0.939946 9.06718e-05 0.0127816 
5.04206e-05 6.86046e-06 0.0341172 0.0841013 0.83189 5.00773e-05 0.0497841 
0.537735 0.00201518 0.0314672 0.0272096 0.184894 0.00707673 0.209602 
0.537735 0.00201518 0.0314672 0.0272096 0.184894 0.00707673 0.209602 
0.00451573 0.00057026 0.533715 0.0250949 0.428394 0.00187736 0.0058326 
0.00012031 1.20177e-05 0.00023973 0.0180202 0.388681 0.575186 0.0177412 
0.293553 8.02397e-05 0.000192033 0.0140568 0.0101855 8.41782e-05 0.681849 
2.74725e-05 1.40516e-07 0.636003 0.0165175 0.34284 3.66597e-07 0.00461188 
0.397281 0.0134329 0.30654 0.0490815 0.0687288 0.0596061 0.10533 
3.23537e-07 2.24256e-09 0.992902 4.17206e-05 0.0068698 5.56937e-07 0.000185829 
0.00103811 9.1623e-05 0.0101898 0.0729663 0.816839 0.00129055 0.0975842 
0.00415943 0.000389785 0.479803 0.0688771 0.162545 0.234443 0.0497828 
0.00561528 0.00266706 0.016665 0.171959 0.680846 0.00480372 0.117444 
0.000124212 1.97906e-05 0.0819066 0.00296043 0.912815 7.79546e-05 0.00209627 
0.0149488 0.000167401 0.532606 0.0731925 0.236352 0.00668552 0.136047 
0.000290788 8.70357e-05 0.0901972 0.819721 0.0539908 0.000107901 0.0356054 
0.00326464 0.00152101 0.63417 0.0121768 0.339603 0.00506195 0.00420205 
0.0136783 0.00772965 0.0524725 0.0748282 0.826418 0.00849465 0.0163787 
9.03039e-05 6.80156e-05 0.281735 0.00130213 0.623765 0.0727495 0.0202898 
3.23493e-07 3.73382e-08 0.0167917 0.0191794 0.339697 0.029118 0.595214 
0.00120093 5.81301e-07 0.36746 0.299301 0.285192 6.23849e-07 0.0468454 
0.00382823 1.02908e-05 0.0441656 0.0491198 0.323808 0.0301494 0.548918 
0.000405001 1.60684e-10 0.102641 0.546675 0.280725 1.37399e-06 0.0695531 
0.293553 8.02397e-05 0.000192033 0.0140568 0.0101855 8.41782e-05 0.681849 
0.00185038 1.68411e-06 0.00218181 0.143832 0.0713325 0.000785026 0.780017 
0.167904 2.52168e-06 0.0474119 0.0742956 0.684952 0.00115202 0.0242818 
0.00995758 0.00180241 0.0128886 0.0930152 0.269803 0.515007 0.0975264 
0.00195924 0.00032371 0.00151376 0.786222 0.0365812 0.000802258 0.172597 
0.00281688 1.75376e-06 0.0639373 0.0154408 0.111601 0.0159939 0.790208 
0.000205346 7.16294e-07 0.0400536 0.34563 0.127341 0.000254068 0.486516 
0.00326464 0.00152101 0.63417 0.0121768 0.339603 0.00506195 0.00420205 
0.188752 9.03912e-05 0.0503703 0.0101133 0.0950564 0.0646364 0.590981 
0.00519032 1.8476e-07 0.853495 0.0343554 0.00645429 0.00850986 0.0919948 
0.00122202 0.000544688 0.134307 0.354632 0.152997 0.00161518 0.354682 
3.3154e-09 9.26463e-10 0.962265 0.00584157 0.00127134 1.61571e-07 0.030622 
0.00143731 7.62995e-08 0.160391 0.446699 0.37078 1.1973e-07 0.0206928 
0.00011224 2.74661e-06 0.00730295 0.0378643 0.122522 2.06767e-05 0.832176 
0.000300453 8.37079e-05 0.470506 0.106258 0.15863 0.000142043 0.264079 
0.000991111 0.000287573 0.0357587 0.403237 0.312264 0.00056546 0.246896 
0.00237879 0.0014407 0.066745 0.110874 0.551158 0.0192788 0.248125 
0.0137824 0.00995784 0.142854 0.0437882 0.156706 0.409731 0.223181 
0.00326464 0.00152101 0.63417 0.0121768 0.339603 0.00506195 0.00420205 
5.65784e-06 4.37188e-06 0.0170377 0.409981 0.0104395 7.59378e-05 0.562456 
0.00721294 0.00660869 0.0750076 0.148234 0.512169 0.0116957 0.239072 
0.000187767 1.98801e-05 0.107658 0.00248163 0.821969 5.6309e-05 0.0676273 
0.000113348 6.56352e-06 0.275077 0.0628144 0.164922 0.0225433 0.474524 
0.00645153 0.00481463 0.0823655 0.059832 0.644219 0.0244828 0.177835 
0.00451589 0.00182098 0.688877 0.0570869 0.115007 0.00453464 0.128158 
0.293553 8.02397e-05 0.000192033 0.0140568 0.0101855 8.41782e-05 0.681849 
0.000991111 0.000287573 0.0357587 0.403237 0.312264 0.00056546 0.246896 
4.77562e-05 1.77764e-06 0.0055746 1.20078e-05 0.713142 0.000331325 0.280891 
0.00451573 0.00057026 0.533715 0.0250949 0.428394 0.00187736 0.0058326 
0.106921 0.000365287 0.045768 0.0226974 0.0507942 0.000605514 0.772849 
0.013712 0.000154279 0.535381 0.0724283 0.234016 0.00601549 0.138292 
6.7022e-05 8.35889e-07 0.102527 0.0342338 0.862739 1.89374e-05 0.00041323 
3.52113e-05 9.19847e-06 0.698566 0.0124477 0.100168 0.0358827 0.152891 
0.000396508 1.20455e-05 0.633375 0.0499024 0.265673 0.00392882 0.046712 
0.00034648 6.90809e-09 0.102557 0.000773537 0.878539 8.68638e-05 0.0176971 
0.00122611 0.000551307 0.136664 0.0359787 0.406705 0.11223 0.306645 
0.000744951 1.09601e-06 0.000158458 0.0159572 0.000532156 4.16839e-05 0.982564 
0.0118896 8.93563e-05 0.0136951 0.213959 0.171214 0.0926289 0.496524 
0.00396042 0.000856382 0.109802 0.2467 0.149204 0.00124055 0.488237 
0.0117821 0.000443914 0.0981451 0.0395445 0.842832 0.000846907 0.0064052 
0.0181429 0.0118619 0.0160877 0.0554343 0.778697 0.0160114 0.103765 
0.00384827 0.00133465 0.818495 0.0258681 0.0640899 0.00219522 0.0841687 
0.00231171 0.00161099 0.186259 0.0615427 0.616982 0.0202477 0.111045 
1.45376e-05 5.95131e-08 0.0155946 0.645423 0.124196 9.85185e-05 0.214673 
0.0191996 0.00469976 0.0180509 0.040753 0.472587 0.0740046 0.370705 
0.00645153 0.00481463 0.0823655 0.059832 0.644219 0.0244828 0.177835 
0.00632682 0.00213908 0.46013 0.108261 0.21353 0.0043469 0.205266 
0.0911717 5.92401e-05 0.00225544 0.605105 0.120334 0.000281031 0.180793 
4.01032e-06 6.73349e-10 0.456875 0.319701 0.0557062 8.82326e-07 0.167713 
0.0169954 0.0157245 0.0711758 0.0173088 0.228325 0.0371318 0.613338 
0.000136636 9.98492e-07 0.0486076 0.378668 0.558192 1.06625e-05 0.0143835 
0.173373 0.00304548 0.00520005 0.0133698 0.0459527 0.737394 0.0216651 
0.351774 0.000384711 0.0458861 0.0254501 0.238662 0.0834836 0.254359 
0.0207132 0.0112309 0.281013 0.0354077 0.47285 0.0206655 0.15812 
0.00563917 0.00141071 0.0534591 0.00434935 0.531982 0.261597 0.141563 
0.687572 4.19617e-06 3.10326e-05 0.16048 0.00286936 0.000539489 0.148504 
0.105749 0.0100697 0.0899304 0.0664644 0.555969 0.139318 0.0324992 
3.22017e-05 2.97834e-05 0.00307198 0.0979152 0.0858269 0.000129407 0.812994 
0.00398487 0.000688353 0.155833 0.139478 0.551158 0.0107042 0.138153 
0.0125356 0.0114562 0.160602 0.22911 0.140322 0.0328271 0.413147 
0.00771667 0.00568952 0.0198389 0.0412843 0.126288 0.462499 0.336683 
0.0606554 0.00604988 0.0218843 0.0958413 0.412329 0.0455034 0.357737 
3.12482e-07 4.43215e-09 0.29894 0.1248 0.100817 1.20787e-07 0.475442 
0.347876 0.0064359 0.0193847 0.0191921 0.0749669 0.071891 0.460253 
0.0259697 1.13824e-06 0.151114 0.00998078 0.310641 0.0554402 0.446853 
0.173373 0.00304548 0.00520005 0.0133698 0.0459527 0.737394 0.0216651 
0.0102237 0.00115749 0.120854 0.106757 0.287162 0.00914094 0.464705 
0.00202102 3.9958e-07 0.074518 0.630371 0.247779 6.18564e-07 0.0453102 
0.00133672 2.44743e-08 0.150349 0.00130459 0.415268 9.76121e-07 0.43174 
0.000804677 1.42192e-11 0.00155226 0.000132721 0.00199662 0.103074 0.892439 
8.34428e-07 2.33175e-07 0.00473576 0.00105831 0.980516 3.65902e-07 0.0136884 
0.0453172 0.000145818 0.130919 0.453504 0.11031 0.000344305 0.259459 
0.000267043 4.8767e-06 0.0851721 0.0877133 0.826607 1.87718e-05 0.000216956 
0.00183457 0.00173652 0.0628528 0.0787379 0.523028 0.00714265 0.324667 
1.11028e-11 3.10261e-12 0.021734 0.923714 0.0271698 4.86866e-12 0.0273818 
0.00523453 0.000493131 0.0517692 0.117788 0.27064 0.000627532 0.553448 
8.35812e-06 9.27757e-08 0.0283019 0.0220576 0.841458 5.90724e-06 0.108168 
1.40152e-06 1.37367e-07 1.19612e-05 0.00420128 0.971674 8.18455e-07 0.0241103 
0.000200007 5.06661e-05 0.0719708 0.0703191 0.702496 5.97397e-05 0.154904 
0.0718146 0.00023171 0.0474257 0.678308 0.166881 0.000650634 0.0346875 
4.35966e-06 2.29959e-06 0.00844571 0.00230415 0.294701 7.9332e-06 0.694535 
0.614312 0.000268904 0.0146172 0.147984 0.0567849 0.0157164 0.150316 
0.0166537 2.43522e-07 0.0488351 0.15054 0.0278735 0.000406031 0.755691 
0.000125616 1.45372e-06 0.00425485 0.0760976 0.0365882 0.000764646 0.882168 
0.00519032 1.8476e-07 0.853495 0.0343554 0.00645429 0.00850986 0.0919948 
0.00149071 0.000372553 0.0373329 0.0523022 0.886327 0.000568867 0.0216059 
0.00072247 6.32208e-06 0.0598171 0.557748 0.362811 1.55666e-05 0.0188793 
0.000102848 1.20167e-07 0.0360729 0.154864 0.061073 9.22467e-05 0.747795 
0.00133672 2.44743e-08 0.150349 0.00130459 0.415268 9.76121e-07 0.43174 
0.127807 0.00625899 0.0471275 0.0527961 0.126673 0.287501 0.351836 
5.72255e-08 5.59661e-08 0.00527971 0.0686701 0.543137 0.000173228 0.38274 
0.00263563 0.000229932 0.287264 0.400488 0.238324 0.000317897 0.0707409 
0.000572829 0.00044311 0.0418112 0.0718645 0.0834799 0.000578746 0.80125 
1.86429e-09 5.20962e-10 2.15716e-05 2.55447e-06 0.040898 8.17502e-10 0.959078 
0.00834462 1.0507e-05 0.0131981 0.0525365 0.179679 0.00318868 0.743042 
0.000330629 1.61858e-08 0.00534143 0.0454586 0.136189 0.000550343 0.81213 
0.00289784 0.00145711 0.365774 0.046593 0.47821 0.00376783 0.1013 
0.0011995 0.000641832 0.0172028 0.00438378 0.0376577 0.00295117 0.935963 
0.0105351 8.49895e-07 0.00382563 0.303698 0.381228 0.00628949 0.294423 
3.39543e-07 8.28093e-08 0.00660384 0.0123253 0.800566 2.24677e-07 0.180504 
0.00172097 0.000912556 0.761035 0.00677899 0.220537 0.00500101 0.00401468 
0.000861814 5.47945e-07 0.719616 0.0191278 0.18041 1.03993e-05 0.0799729 
0.000374433 4.24642e-06 0.00316401 0.00100412 0.152759 5.7728e-05 0.842636 
0.0191996 0.00469976 0.0180509 0.040753 0.472587 0.0740046 0.370705 
1.14994e-07 6.96844e-08 0.314463 0.0934835 0.506472 0.000156587 0.0854246 
0.00634822 0.0025686 0.124667 0.200627 0.625965 0.00882707 0.0309978 
0.0148828 0.00057474 0.184351 0.102288 0.404261 0.0159441 0.2777 
0.0421241 0.00688399 0.0452054 0.211268 0.0747379 0.0711897 0.548591 
6.44293e-05 3.75908e-05 0.131488 0.0111291 0.807474 0.032196 0.0176108 
0.0353186 9.03719e-05 0.103413 0.11159 0.706673 0.00175933 0.0411559 
0.000551994 0.000522073 0.371459 0.0306659 0.425977 0.0131946 0.157629 
0.409158 0.00382791 0.00955158 0.114449 0.134326 0.00505606 0.323632 
0.000588953 0.000202226 0.0693745 0.667799 0.105227 0.0116586 0.14515 
5.7053e-05 3.84961e-08 0.0125279 0.00920061 0.977369 2.07029e-06 0.000842897 
0.0172996 0.0122942 0.0532764 0.139675 0.684636 0.0155082 0.0773113 
0.00225355 0.000403904 0.000905039 0.0271185 0.000981723 0.881651 0.086686 
0.0485575 0.0002987 0.0678542 0.103584 0.18513 0.0327717 0.561804 
0.0295637 0.00596002 0.0250453 0.0060393 0.0661782 0.533051 0.334162 
0.0189411 0.00376656 0.26705 0.102671 0.308307 0.0107467 0.288518 
0.00760745 0.000191774 0.0288631 0.697084 0.239282 0.000605757 0.0263661 
0.00222219 0.000429766 0.00149198 0.124044 0.00450376 0.0603133 0.806995 
0.000312057 9.32441e-06 0.0522406 0.027204 0.111968 4.95216e-05 0.808217 
0.0254196 0.000107107 0.142994 0.18193 0.284315 0.00367038 0.361564 
0.00500094 0.00241347 0.380172 0.0727268 0.0458069 0.163674 0.330206 
0.398555 2.36334e-07 1.19304e-05 0.000787709 0.0081281 5.62851e-05 0.592461 
3.5639e-05 1.36337e-05 0.0217974 0.0172162 0.238072 6.18632e-05 0.722803 
0.0200691 0.000162195 0.0467142 0.0458824 0.288735 0.254715 0.343722 
3.69567e-07 3.03745e-07 0.0936684 0.833559 0.0680708 3.91542e-05 0.00466169 
0.00456605 1.56052e-06 0.0312103 0.648087 0.280905 8.56962e-06 0.0352215 
0.147556 0.0047371 0.0315436 0.0267212 0.708436 0.0544673 0.0265389 
0.00853782 0.00341614 0.00944573 0.0807876 0.822761 0.00720174 0.0678502 
0.104567 0.000302727 0.0448037 0.0276174 0.127933 0.0875074 0.607269 
0.031168 0.00722296 0.600739 0.0598087 0.221782 0.00937999 0.0698988 
0.00239949 0.000454344 0.00335229 0.0194519 0.0772624 0.00600872 0.891071 
0.00181938 0.00124323 0.209428 0.0958802 0.474566 0.00505517 0.212008 
0.0169093 7.77477e-05 0.092563 0.765185 0.0947903 0.00014013 0.0303344 
0.000119829 5.45514e-05 0.00714927 0.0368314 0.930128 7.00465e-05 0.0256465 
0.0991142 2.21222e-07 0.00653007 0.341517 0.0349406 0.000196037 0.517702 
0.00164925 1.40801e-07 0.0005749 0.271553 0.463083 0.00138043 0.261759 
0.00104217 0.000679675 0.142403 0.0923511 0.429815 0.00616375 0.327545 
0.000109308 4.20484e-07 1.81031e-06 0.0291908 0.00405027 0.000255379 0.966392 
9.33562e-07 2.43894e-07 0.0609693 0.00308067 0.0411625 7.47742e-07 0.894786 
0.476249 0.000445464 0.0517672 0.0312257 0.142016 0.100227 0.198069 
0.0214534 0.00739719 0.0924844 0.0589853 0.526187 0.0116594 0.281833 
0.00328495 0.00262886 0.6593 0.0397228 0.0602625 0.162593 0.0722077 
0.00131662 0.000630964 0.112257 0.169947 0.218811 0.00528064 0.491758 
0.0130799 0.00202182 0.0449733 0.0199275 0.061894 0.00310785 0.854996 
0.00519032 1.8476e-07 0.853495 0.0343554 0.00645429 0.00850986 0.0919948 
0.0044216 0.000102473 0.00181212 0.44074 0.0439467 0.000393454 0.508584 
1.23623e-05 6.39517e-07 0.870786 0.0225265 0.0731822 0.000561806 0.0329304 
0.00118193 0.000683515 0.0207017 0.160346 0.443613 0.000950667 0.372524 
0.0249218 0.00582687 0.309375 0.137063 0.133354 0.306211 0.0832492 
0.000693456 6.12023e-05 0.00679407 0.0845077 0.830992 0.000861101 0.0760906 
0.00246276 6.38149e-05 0.940563 0.00469767 0.0506501 0.000122554 0.00144023 
0.00584818 0.00152459 0.0794407 0.0462774 0.800971 0.034207 0.0317313 
0.00326464 0.00152101 0.63417 0.0121768 0.339603 0.00506195 0.00420205 
6.82981e-05 1.05358e-08 0.0447758 0.00233735 0.939946 9.06718e-05 0.0127816 
0.000805909 1.65638e-05 0.088134 0.0197368 0.15349 0.0938425 0.643974 
0.900823 1.08827e-10 0.000638231 0.0315017 0.0183766 5.42079e-05 0.0486062 
0.498557 6.48534e-05 0.0124534 0.0107849 0.475513 0.000353444 0.00227291 
0.0116029 6.12368e-05 0.0243112 0.0168296 0.0941873 0.0475995 0.805408 
8.74222e-05 3.52589e-05 0.00231442 0.0294777 0.000733712 0.000724432 0.966627 
0.0205164 6.36513e-05 0.00295048 0.266345 0.0644236 8.45678e-05 0.645616 
0.0015678 0.000396914 0.0391769 0.0651646 0.167922 0.00062746 0.725145 
0.000719479 0.000289801 0.0923886 0.17646 0.424907 0.00051515 0.30472 
0.00347203 0.00256789 0.132832 0.0182466 0.415974 0.00290653 0.424001 
0.00312819 0.00100892 0.060784 0.183659 0.689762 0.0123969 0.0492616 
0.000396155 8.21043e-05 0.349426 0.182463 0.461282 0.000338765 0.00601163 
2.5104e-07 8.19929e-11 0.295381 0.0834701 0.024201 8.84649e-08 0.596947 
0.00268239 1.12345e-05 0.682514 0.206017 0.0360088 6.55965e-05 0.072701 
4.95215e-05 4.94213e-07 0.197025 0.040528 0.613749 0.000147041 0.148501 
0.000857359 0.000139951 0.0177486 0.183239 0.722318 0.00124087 0.0744559 
0.00038824 7.36064e-07 0.0460514 0.0701934 0.14959 0.00783999 0.725936 
2.22671e-06 3.14008e-07 0.00016239 0.0321889 0.949607 3.7634e-07 0.0180391 
2.04648e-10 5.71873e-11 0.40486 0.0070381 0.341462 4.05631e-06 0.246636 
0.00326464 0.00152101 0.63417 0.0121768 0.339603 0.00506195 0.00420205 
0.000180865 0.000175072 0.0113643 0.78581 0.120292 0.000202143 0.081976 
0.00012258 1.45479e-05 0.767214 0.000259422 0.084439 0.00435564 0.143595 
0.194068 0.00166175 0.00939816 0.0245893 0.035616 0.00389098 0.730775 
0.000101856 4.39572e-05 0.0119835 0.0479115 0.212321 0.000220315 0.727418 
5.33727e-10 1.49146e-10 0.0144333 0.756672 0.0838867 2.34042e-10 0.145008 
0.900823 1.08827e-10 0.000638231 0.0315017 0.0183766 5.42079e-05 0.0486062 
0.293553 8.02397e-05 0.000192033 0.0140568 0.0101855 8.41782e-05 0.681849 
0.00111194 0.000157301 0.00589893 0.0969317 0.0109141 0.0191119 0.865874 
4.99728e-06 1.29499e-09 0.0144522 0.105227 0.0503894 0.000235008 0.829692 
0.00234699 0.000611349 0.00267083 0.0431665 0.112328 0.0123143 0.826562 
0.113159 6.75579e-05 0.0356952 0.0154191 0.832099 0.000518877 0.00304077 
0.0858584 5.70211e-05 0.00144966 0.0755138 0.611341 0.000293607 0.225487 
0.00012031 1.20177e-05 0.00023973 0.0180202 0.388681 0.575186 0.0177412 
0.398555 2.36334e-07 1.19304e-05 0.000787709 0.0081281 5.62851e-05 0.592461 
2.12862e-05 4.75912e-09 4.28753e-06 0.0950229 0.0486044 7.46809e-09 0.856347 
0.00016718 5.95712e-05 0.00564813 0.0651261 0.0683603 0.00172874 0.85891 
0.00496738 0.00039936 0.024453 0.0645025 0.300181 0.000879993 0.604617 
2.70302e-05 1.12717e-05 0.00434903 2.06325e-05 0.0324797 0.819141 0.143971 
0.00105156 6.72028e-08 0.126835 0.00199597 0.0852778 0.001265 0.783575 
0.0913574 1.85183e-05 0.0139127 0.00513212 0.565908 0.00147979 0.322192 
4.22593e-06 1.98436e-06 0.0616333 0.00384754 0.145776 3.39512e-05 0.788703 
0.000213318 1.95069e-05 0.0780493 0.0079095 0.900626 0.000140418 0.0130422 
1.03317e-05 5.24818e-06 0.00193101 0.0234112 0.0462034 0.000211882 0.928227 
6.03889e-05 1.70762e-07 0.0395022 0.466701 8.83855e-05 7.78291e-05 0.49357 
0.0212816 9.34443e-07 0.000785848 0.115885 0.136788 0.00364795 0.721611 
0.29908 0.000228562 0.0232025 0.134789 0.145993 0.269474 0.127233 
2.43332e-05 8.48906e-09 9.10977e-05 0.000366687 0.000382525 1.33212e-08 0.999135 
0.00569014 0.00420784 0.0381784 0.120718 0.585286 0.0108014 0.235119 
9.13066e-10 2.52624e-12 0.0194368 0.0130942 0.965557 3.96421e-12 0.0019122 
8.76892e-06 9.29534e-08 0.0246842 0.0160096 0.0144854 1.36049e-06 0.944811 
0.000124212 1.97906e-05 0.0819066 0.00296043 0.912815 7.79546e-05 0.00209627 
0.0857935 0.000194728 0.0315393 0.0134392 0.121447 0.118414 0.629172 
0.0104109 0.00253911 0.60865 0.0177615 0.342346 0.00713798 0.0111547 
6.55927e-08 3.78776e-08 0.0253204 0.0160973 0.334012 0.000585167 0.623985 
0.00326464 0.00152101 0.63417 0.0121768 0.339603 0.00506195 0.00420205 
0.0204859 0.02023 0.256062 0.128249 0.461607 0.0367692 0.0765973 
0.333822 2.85459e-06 0.42737 1.25625e-05 0.104169 0.0362431 0.09838 
0.00567837 1.99021e-05 0.0335173 0.077473 0.753984 5.78791e-05 0.12927 
0.000419309 5.73605e-05 0.122838 0.148305 0.0878751 0.000954817 0.63955 
0.00123919 0.000281642 0.0689655 0.107033 0.260504 0.000883875 0.561093 
0.0046794 6.45101e-06 0.011875 0.175143 0.0230684 0.00207012 0.783158 
0.000804677 1.42192e-11 0.00155226 0.000132721 0.00199662 0.103074 0.892439 
1.78805e-05 1.76085e-08 0.845768 0.0457867 0.0516789 2.76316e-08 0.056748 
4.14955e-08 2.88432e-11 0.0169139 0.000144989 0.977549 1.63662e-08 0.00539257 
0.000961268 1.2086e-07 0.153578 0.0876931 0.640792 4.16831e-07 0.116975 
0.00971922 0.00292684 0.03234 0.0240684 0.602859 0.0264823 0.301604 
0.584935 0.00011523 0.000752669 0.137515 0.0161429 0.00092473 0.259614 
0.194323 2.97808e-06 0.000143231 0.155793 0.0145152 0.00269189 0.632531 
0.188752 9.03912e-05 0.0503703 0.0101133 0.0950564 0.0646364 0.590981 
0.000526177 0.000514597 0.00222677 0.00480153 0.977134 0.000837871 0.0139595 
8.25777e-06 5.16001e-08 0.727655 0.0130674 0.0906367 0.00340818 0.165225 
0.00334528 0.00203116 0.104072 0.418585 0.218228 0.014942 0.238796 
0.00473344 0.00263646 0.020213 0.0737702 0.151935 0.0100713 0.736641 
1.19746e-08 3.34623e-09 0.00883269 0.00666889 0.139703 6.44248e-06 0.844789 
0.0650376 6.76993e-05 0.00500999 0.203982 0.0900997 0.000759553 0.635044 
4.14232e-09 1.15754e-09 0.116542 0.00963811 0.0369049 0.00529443 0.83162 
0.00524066 5.75095e-05 0.0613902 0.0253864 0.558732 0.000328061 0.348865 
0.000398299 3.8497e-06 0.0933497 0.725401 0.165376 2.05135e-05 0.0154514 
0.0287955 0.0152841 0.172268 0.0615316 0.199259 0.0299908 0.492872 
0.0185347 0.00459285 0.537851 0.0699707 0.268539 0.0572693 0.0432424 
6.42513e-07 1.70979e-11 7.43008e-06 0.0974002 0.537521 0.00245909 0.362612 
0.000440363 2.67283e-07 0.000351019 0.00974649 0.000722904 0.076008 0.912731 
0.000929282 0.00011446 0.0643817 0.118558 0.495212 0.025838 0.294967 
1.51588e-07 1.36249e-07 0.0747333 0.0697139 0.344428 5.31578e-07 0.511124 
0.293553 8.02397e-05 0.000192033 0.0140568 0.0101855 8.41782e-05 0.681849 
0.00067935 5.1119e-13 0.0104878 0.201884 0.105003 0.000179261 0.681767 
0.000204915 3.31612e-07 0.000468385 0.523315 0.392709 0.000102495 0.0831993 
0.00519032 1.8476e-07 0.853495 0.0343554 0.00645429 0.00850986 0.0919948 
0.0273043 0.0203817 0.061724 0.0693472 0.256875 0.0422427 0.522125 
0.00333613 7.69421e-05 0.936227 0.00498432 0.0536376 0.000134927 0.00160359 
0.0208906 0.00625389 0.0176683 0.136376 0.196709 0.00724532 0.614857 
0.0479404 0.0322016 0.0353287 0.0429615 0.625998 0.0402932 0.175277 
0.00325711 0.000355775 0.0329227 0.075835 0.0622763 0.00861002 0.816743 
5.19523e-06 5.58063e-07 0.00775157 0.0890892 0.0802099 0.000212692 0.822731 
0.0070381 0.00636058 0.12393 0.0324065 0.68519 0.00991081 0.135164 
0.000133894 8.64974e-05 0.851913 0.00945063 0.0232126 0.0130375 0.102166 
0.000804677 1.42192e-11 0.00155226 0.000132721 0.00199662 0.103074 0.892439 
0.00140393 0.000122386 0.382119 0.152513 0.252773 0.00429882 0.20677 
3.33144e-06 1.49364e-10 0.0363849 0.151579 0.0867697 2.47869e-07 0.725263 
1.24134e-07 3.46884e-08 0.00887248 0.00256381 0.00126942 0.000321212 0.986973 
0.0145345 0.00889384 0.248283 0.0918281 0.467931 0.0183001 0.150229 
2.43332e-05 8.48906e-09 9.10977e-05 0.000366687 0.000382525 1.33212e-08 0.999135 
0.00919807 0.00623505 0.0949209 0.0124166 0.431506 0.0306898 0.415034 
0.00899996 0.000250512 0.486769 0.119972 0.280581 0.0123345 0.0910932 
0.012283 0.000598573 0.560451 0.15037 0.0934803 0.00108284 0.181735 
0.0213903 0.0130825 0.0819197 0.107168 0.701663 0.0281842 0.0465926 
0.0325297 0.000408682 0.450337 0.0675291 0.306019 0.00615674 0.13702 
0.0238685 0.000311063 0.0419836 0.0938319 0.245658 0.0284093 0.565938 
3.46598e-05 3.15885e-05 0.0222575 0.0372231 0.904385 6.17131e-05 0.0360061 
0.000156922 5.79212e-08 0.0316236 0.117652 0.0178544 0.120135 0.712578 
0.0869072 0.000270078 0.0407307 0.0100282 0.859636 0.00174947 0.000678144 
2.11347e-05 1.6034e-06 4.2761e-05 0.0103466 0.00671316 0.000217414 0.982657 
0.00331313 4.86952e-07 0.000475805 0.34687 0.573443 0.000185488 0.075712 
0.000493212 0.000250109 0.00368011 0.203097 0.22343 0.000858258 0.568191 
0.000352278 6.29782e-05 0.0675836 0.0956604 0.326575 0.0021293 0.507637 
0.00519032 1.8476e-07 0.853495 0.0343554 0.00645429 0.00850986 0.0919948 
0.104567 0.000302727 0.0448037 0.0276174 0.127933 0.0875074 0.607269 
1.43644e-06 2.54272e-07 2.99466e-05 0.0362409 0.354921 0.00239439 0.606412 
5.46527e-05 7.99229e-10 0.172608 0.03327 0.711891 8.00568e-06 0.0821679 
0.00456869 0.000109274 0.0577784 0.0438141 0.345032 0.00121811 0.54748 
2.75425e-06 1.96079e-10 0.432272 0.352378 0.0153448 0.000203218 0.199799 
0.0128891 3.59816e-10 0.000329722 0.651809 0.01482 0.000117731 0.320034 
0.000857359 0.000139951 0.0177486 0.183239 0.722318 0.00124087 0.0744559 
0.000383691 6.42411e-07 0.0434619 0.0888488 0.0849942 0.000543425 0.781767 
0.0298604 0.000307773 0.146685 0.0847244 0.268318 0.00143706 0.468667 
0.0139132 0.00010594 0.674177 0.0387252 0.227209 0.000238499 0.0456312 
0.0194424 0.00118092 0.0623315 0.0170188 0.197552 0.00447838 0.697996 
0.000102482 1.64899e-07 0.955255 0.0110584 0.025057 5.5167e-06 0.00852119 
0.0200668 0.00646841 0.0187564 0.483645 0.354907 0.00664493 0.109512 
0.0490962 0.00205893 0.0673715 0.0152673 0.334576 0.206947 0.324683 
1.1151e-05 1.83919e-08 3.22519e-05 0.628875 0.00537485 0.0011646 0.364542 
0.333822 2.85459e-06 0.42737 1.25625e-05 0.104169 0.0362431 0.09838 
0.293553 8.02397e-05 0.000192033 0.0140568 0.0101855 8.41782e-05 0.681849 
0.00118217 1.05829e-05 0.00589768 0.773184 0.0501129 0.00117261 0.16844 
0.00246276 6.38149e-05 0.940563 0.00469767 0.0506501 0.000122554 0.00144023 
0.00582375 0.000357923 0.690057 0.0449518 0.229108 0.00399948 0.0257015 
0.00202102 3.9958e-07 0.074518 0.630371 0.247779 6.18564e-07 0.0453102 
1.75732e-07 5.47688e-11 0.213004 0.193954 0.0760818 8.59441e-11 0.51696 
0.0595118 4.5469e-07 0.00946973 0.459082 0.160192 0.00111527 0.310629 
0.0124726 1.50352e-05 0.429599 0.0906185 0.305162 0.091262 0.0708707 
0.0748241 0.00567758 0.0981909 0.0253261 0.178732 0.0577826 0.559467 
0.0152754 0.0042251 0.00619984 0.165609 0.0320359 0.512547 0.264108 
1.48356e-06 2.52475e-07 0.0135861 0.173017 0.0242695 1.00808e-06 0.789124 
0.00133828 2.50942e-05 0.223597 0.091534 0.509633 0.00106472 0.172808 
0.0913574 1.85183e-05 0.0139127 0.00513212 0.565908 0.00147979 0.322192 
0.06088 0.00696445 0.0645339 0.0584941 0.709219 0.0376277 0.0622809 
0.00133186 0.000497227 0.00576016 0.380448 0.0233783 0.000640065 0.587945 
0.00025046 0.000142595 0.0154614 0.347666 0.0354767 0.00026239 0.60074 
0.129186 2.99542e-10 2.69429e-06 0.497869 0.0275935 1.65294e-06 0.345347 
0.0292314 5.02944e-07 0.0250831 0.49853 0.144914 0.000299726 0.301942 
0.000139706 3.8896e-06 0.0239675 0.56017 0.345422 5.45384e-05 0.0702429 
0.0113682 1.27088e-07 0.00378485 0.402914 0.216263 6.85441e-07 0.36567 
0.153994 0.00130385 0.0122499 0.0415154 0.067625 0.00299664 0.720315 
0.00012031 1.20177e-05 0.00023973 0.0180202 0.388681 0.575186 0.0177412 
0.000693456 6.12023e-05 0.00679407 0.0845077 0.830992 0.000861101 0.0760906 
0.000146025 7.79908e-05 0.031379 0.00793418 0.898741 0.000192433 0.0615291 
0.00123677 4.2207e-08 0.00138163 0.00553521 0.908233 5.69082e-05 0.0835563 
0.0022476 0.00128732 0.0120796 0.0524992 0.916735 0.0067099 0.00844094 
2.83139e-07 1.60236e-07 0.0556303 0.544938 0.0598977 0.000289752 0.339244 
1.80138e-06 6.70531e-08 0.000295795 0.0262709 0.8824 0.000104442 0.0909271 
0.0166537 2.43522e-07 0.0488351 0.15054 0.0278735 0.000406031 0.755691 
0.000275482 0.000200651 0.613989 0.0112176 0.150532 0.038777 0.185008 
0.115878 0.00136131 0.0307047 0.0554557 0.328867 0.0276282 0.440104 
0.00569251 0.00367435 0.117885 0.0294415 0.0998353 0.0797942 0.663678 
0.000374373 4.15883e-05 0.0216355 0.0396843 0.528559 0.00305382 0.406652 
0.000205346 7.16294e-07 0.0400536 0.34563 0.127341 0.000254068 0.486516 
0.333822 2.85459e-06 0.42737 1.25625e-05 0.104169 0.0362431 0.09838 
0.000366443 2.63993e-05 0.00315014 0.157723 0.0218478 7.35927e-05 0.816813 
0.000267944 7.76805e-05 0.0587268 0.00241818 0.506771 0.397505 0.0342334 
0.000446527 5.82743e-05 0.03134 0.0447781 0.069105 0.00258396 0.851688 
0.153994 0.00130385 0.0122499 0.0415154 0.067625 0.00299664 0.720315 
0.00246276 6.38149e-05 0.940563 0.00469767 0.0506501 0.000122554 0.00144023 
2.53487e-11 7.08352e-12 0.00115817 0.467488 0.531352 1.11156e-11 1.00666e-06 
0.218535 4.48484e-05 0.0636756 0.00502737 0.00537994 0.70383 0.00350703 
0.0385521 0.000196726 0.000635918 0.0648162 0.268843 0.000326137 0.62663 
0.00519032 1.8476e-07 0.853495 0.0343554 0.00645429 0.00850986 0.0919948 
0.0211444 0.015665 0.0296791 0.105586 0.121638 0.450214 0.256074 
0.900823 1.08827e-10 0.000638231 0.0315017 0.0183766 5.42079e-05 0.0486062 
0.00867389 1.21808e-06 0.0531954 0.0898354 0.162541 0.00600132 0.679751 
4.42375e-05 1.03545e-06 0.013509 0.173293 0.159713 0.00084722 0.652593 
0.00519032 1.8476e-07 0.853495 0.0343554 0.00645429 0.00850986 0.0919948 
0.177082 1.29877e-06 0.00837929 0.0392079 0.113863 0.0634881 0.597978 
0.00415438 0.000503315 0.0402902 0.168266 0.207884 0.132674 0.446228 
0.0116554 0.00627046 0.293224 0.0123566 0.283928 0.057548 0.335017 
0.614312 0.000268904 0.0146172 0.147984 0.0567849 0.0157164 0.150316 
0.000804677 1.42192e-11 0.00155226 0.000132721 0.00199662 0.103074 0.892439 
0.0938445 0.00147142 0.120313 0.0914973 0.131058 0.00517873 0.556637 
0.254294 0.00084558 0.10929 0.0550495 0.234782 0.334818 0.0109212 
0.00202102 3.9958e-07 0.074518 0.630371 0.247779 6.18564e-07 0.0453102 
0.293553 8.02397e-05 0.000192033 0.0140568 0.0101855 8.41782e-05 0.681849 
0.00426281 3.6181e-05 0.017309 0.609417 0.168178 0.000691343 0.200106 
0.00027137 0.000254409 0.109845 0.0124247 0.0187022 0.825903 0.0325998 
0.333822 2.85459e-06 0.42737 1.25625e-05 0.104169 0.0362431 0.09838 
0.0153721 0.000195255 0.0627977 0.606284 0.30044 0.00211344 0.0127974 
0.0748241 0.00567758 0.0981909 0.0253261 0.178732 0.0577826 0.559467 
0.0517368 0.00917338 0.166929 0.0715356 0.378383 0.0135336 0.308709 
8.27263e-06 1.28422e-10 0.0816109 0.00531686 0.677176 1.18918e-06 0.235887 
0.000391121 7.91051e-05 0.275042 0.00960514 0.396932 0.0454936 0.272457 
6.08005e-05 4.05626e-05 0.114573 0.323054 0.179629 0.00284738 0.379795 
0.000809449 0.000347152 0.0615604 0.781385 0.0769534 0.0136459 0.0652984 
0.0371305 0.00713276 0.253112 0.0634448 0.300534 0.0302872 0.308358 
0.0261865 0.00453209 0.186157 0.0139229 0.132977 0.0402846 0.59594 
0.0605329 0.000407685 0.381237 0.0530859 0.390876 0.00291856 0.110942 
0.000514721 0.000104587 0.0930457 0.109944 0.750973 0.000744598 0.0446739 
0.000831573 0.000104237 0.122915 0.0694968 0.0292298 0.000107991 0.777315 
0.0266401 0.0180767 0.0488839 0.0231408 0.32527 0.0470593 0.510929 
1.68678e-08 4.71357e-09 0.109352 0.073199 0.451553 3.70001e-06 0.365893 
0.00519032 1.8476e-07 0.853495 0.0343554 0.00645429 0.00850986 0.0919948 
0.035761 0.00409908 0.209869 0.192911 0.129754 0.12407 0.303536 
9.6142e-06 1.97473e-07 0.0110674 0.000945819 0.9191 1.59018e-06 0.0688749 
0.0200691 0.000162195 0.0467142 0.0458824 0.288735 0.254715 0.343722 
0.127807 0.00625899 0.0471275 0.0527961 0.126673 0.287501 0.351836 
5.7053e-05 3.84961e-08 0.0125279 0.00920061 0.977369 2.07029e-06 0.000842897 
0.000737125 0.000301602 0.671196 0.00493979 0.295636 0.000929209 0.0262597 
7.85754e-05 7.85039e-06 0.35284 0.0423491 0.544036 0.00032058 0.0603673 
0.02239 0.00392728 0.229679 0.0576412 0.250331 0.0396544 0.396377 
4.31865e-06 1.20681e-06 0.0169402 0.0416715 0.120034 1.91634e-05 0.82133 
6.77536e-05 5.47084e-08 0.600662 0.000131551 0.0232925 0.0245524 0.351293 
8.07167e-05 3.22299e-05 0.221676 0.00746791 0.712947 0.000371644 0.0574243 
0.000329762 2.22156e-07 0.845958 0.015944 0.11012 0.00180127 0.025847 
0.00059062 8.43438e-05 0.00582678 0.0261248 0.157624 0.000159922 0.80959 
0.00234042 0.000207664 0.110799 0.170011 0.422234 0.000515462 0.293892 
4.45777e-07 1.04771e-07 0.0521997 0.0291117 0.628636 0.00131305 0.288738 
2.22531e-06 6.21847e-07 0.00402904 0.0995904 0.0694499 0.000202704 0.826725 
0.0203675 0.017171 0.0490425 0.114636 0.0743676 0.0185986 0.705817 
0.148445 0.000532384 0.00257954 0.280195 0.21426 0.000637728 0.35335 
0.900823 1.08827e-10 0.000638231 0.0315017 0.0183766 5.42079e-05 0.0486062 
0.00519032 1.8476e-07 0.853495 0.0343554 0.00645429 0.00850986 0.0919948 
0.000563571 5.29991e-05 0.0706023 0.0879482 0.222897 0.000742539 0.617194 
0.00207989 0.000126126 0.832605 0.0110885 0.0480689 0.0103826 0.0956486 
0.00519032 1.8476e-07 0.853495 0.0343554 0.00645429 0.00850986 0.0919948 
0.00843494 0.000189106 0.0188619 0.00906853 0.865877 0.000360254 0.0972079 
3.66691e-09 1.02469e-09 0.889208 0.0168435 0.0650005 3.12564e-05 0.028917 
0.00135852 1.60785e-05 0.583314 0.039338 0.330069 0.000124224 0.0457804 
0.00621454 3.2422e-09 0.0140131 0.367972 0.19916 3.02801e-07 0.41264 
0.0129891 3.17601e-11 0.00297136 0.036936 0.0220392 0.00611576 0.918949 
0.00594643 0.000430964 0.0111067 0.018503 0.0859063 0.00112832 0.876978 
1.89905e-10 5.30676e-11 0.185955 0.00756187 0.800975 8.32745e-11 0.00550782 
0.102796 0.0105549 0.0417596 0.0786218 0.0993948 0.204134 0.462739 
0.000804677 1.42192e-11 0.00155226 0.000132721 0.00199662 0.103074 0.892439 
0.123123 0.000114694 0.0172923 0.144271 0.145562 0.000673295 0.568964 
0.00980208 0.000498714 0.0393083 0.0641629 0.400726 0.000738437 0.484764 
0.00348123 0.000187776 0.016537 0.21766 0.306783 0.000425934 0.454925 
2.72324e-09 7.60989e-10 0.0172259 0.0142589 0.963421 8.62636e-08 0.00509436 
0.606137 0.00200636 0.015722 0.121615 0.0629683 0.0294464 0.162105 
2.83066e-10 7.91008e-11 0.208917 0.22438 0.341803 1.24126e-10 0.2249 
0.00645153 0.00481463 0.0823655 0.059832 0.644219 0.0244828 0.177835 
0.18542 2.0711e-10 0.000283448 0.0505871 0.00125036 0.000182067 0.762277 
0.0517368 0.00917338 0.166929 0.0715356 0.378383 0.0135336 0.308709 
0.000180911 4.10426e-05 0.0574302 0.00543936 0.935489 0.0002228 0.00119667 
0.0131816 0.000123537 0.0417967 0.0808983 0.160234 0.000220131 0.703546 
1.01953e-06 4.04171e-08 0.14057 0.00370919 0.11415 0.135391 0.606179 
0.0436053 0.0119049 0.0297789 0.0297598 0.124564 0.186632 0.573755 
3.29541e-08 9.20877e-09 0.0215153 0.414396 2.06355e-05 1.43354e-05 0.564053 
2.83934e-05 2.17208e-05 0.057398 0.0352862 0.0837265 0.000129503 0.82341 
0.000124212 1.97906e-05 0.0819066 0.00296043 0.912815 7.79546e-05 0.00209627 
0.476249 0.000445464 0.0517672 0.0312257 0.142016 0.100227 0.198069 
0.0380466 0.000758951 0.0155017 0.158085 0.0749771 0.00283096 0.709799 
0.0156858 2.43783e-05 0.0179162 0.0820379 0.141238 0.00033912 0.742758 
0.000123052 0.000115865 0.00521073 0.93509 0.0466998 0.000121008 0.0126392 
0.000238509 3.77325e-07 0.500848 0.0286206 0.374178 0.00142072 0.0946931 
0.0380864 0.000849424 0.456867 0.0802189 0.109221 0.137493 0.177263 
0.0214118 3.6926e-06 3.69285e-06 3.69296e-06 3.69308e-06 0.228924 0.74965 
0.000109308 4.20484e-07 1.81031e-06 0.0291908 0.00405027 0.000255379 0.966392 
0.000584047 0.000115307 0.139257 0.0220899 0.0696888 0.000270451 0.767994 
0.00212148 0.00193781 0.124539 0.147245 0.483123 0.00923969 0.231794 
0.00676095 0.00216372 0.564353 0.0204541 0.392465 0.00720011 0.0066026 
0.0140544 4.12639e-05 0.00213023 0.0796539 0.0418513 0.0165257 0.845743 
0.0789429 1.89499e-05 0.0146164 0.16478 0.22062 0.00753372 0.513488 
0.0652855 0.000670937 0.0442164 0.0642243 0.178926 0.0552 0.591477 
0.0317122 0.0126641 0.0518482 0.123227 0.683427 0.0440849 0.0530367 
0.043454 0.000368937 0.0363695 0.0257554 0.892164 0.00087475 0.00101377 
0.0239745 0.0144879 0.0264385 0.0228134 0.0964126 0.337814 0.478059 
0.293553 8.02397e-05 0.000192033 0.0140568 0.0101855 8.41782e-05 0.681849 
0.0449869 6.23442e-10 0.0157143 0.398114 0.00186669 7.48998e-07 0.539317 
0.00688734 0.000889685 0.528814 0.0404833 0.410496 0.00343947 0.00898991 
6.37697e-05 6.32951e-09 7.59004e-05 0.0605481 0.0427139 9.93237e-09 0.896598 
0.000845912 0.000214181 0.0303538 0.00599003 0.00855956 0.00032353 0.953713 
0.0515489 0.00147485 0.103204 0.0840918 0.137351 0.0101768 0.612153 
2.28883e-05 3.11099e-08 0.128882 0.0467768 0.786009 2.1448e-05 0.0382874 
0.0047889 1.00562e-08 1.8963e-06 0.00436305 7.71363e-06 0.000847163 0.989991 
0.000790601 2.58447e-06 0.86121 0.0470276 0.0459628 0.000156582 0.0448496 
0.00878902 0.00151618 0.104733 0.0135216 0.668506 0.026173 0.176761 
0.293553 8.02397e-05 0.000192033 0.0140568 0.0101855 8.41782e-05 0.681849 
0.0456423 0.0167996 0.0690228 0.10428 0.115225 0.0375563 0.611474 
0.398555 2.36334e-07 1.19304e-05 0.000787709 0.0081281 5.62851e-05 0.592461 
0.00207386 0.00110351 0.759939 0.0663018 0.103506 0.0528384 0.0142372 
1.00075e-09 2.79651e-10 8.64811e-07 0.319465 0.244142 1.00976e-06 0.436391 
0.0501975 0.00910214 0.0812522 0.0512392 0.125541 0.103964 0.578704 
3.3154e-09 9.26463e-10 0.962265 0.00584157 0.00127134 1.61571e-07 0.030622 
0.000152282 6.90838e-06 0.0681569 0.054202 0.646571 0.000104778 0.230806 
0.000804677 1.42192e-11 0.00155226 0.000132721 0.00199662 0.103074 0.892439 
0.00017021 2.29856e-05 0.189694 0.00218695 0.781421 0.000314303 0.0261903 
2.50472e-06 1.59095e-06 0.000432955 0.0458435 0.0205575 3.22866e-05 0.93313 
3.03285e-05 4.45983e-08 0.13877 0.0847508 0.265305 4.43073e-05 0.511099 
0.000162784 0.000147146 0.0148676 0.229282 0.272094 0.00876293 0.474683 
0.00630943 8.50075e-07 7.49608e-05 0.0390938 0.708495 1.90039e-06 0.246024 
6.56027e-08 1.83322e-08 0.0445747 0.00513534 0.950192 2.87672e-08 9.80896e-05 
9.66321e-05 1.18676e-05 0.0117796 0.0507205 0.0136457 0.000292853 0.923453 
0.0191996 0.00469976 0.0180509 0.040753 0.472587 0.0740046 0.370705 
6.32353e-05 4.40865e-05 0.0920161 0.00137176 0.900445 5.32775e-05 0.0060064 
0.00628884 0.00492299 0.0698863 0.234698 0.576451 0.0289732 0.078779 
0.0585627 0.000428636 0.0149567 0.0748054 0.0341157 0.00136448 0.815766 
0.00401672 5.5137e-05 0.0687682 0.0642103 0.636966 0.00114531 0.224838 
0.0573269 0.0105322 0.174714 0.0400033 0.148843 0.10351 0.46507 
6.82981e-05 1.05358e-08 0.0447758 0.00233735 0.939946 9.06718e-05 0.0127816 
0.0202155 0.00259146 0.0229551 0.0485414 0.109866 0.12934 0.66649 
0.00373111 0.00337486 0.2227 0.0171978 0.207167 0.0896063 0.456222 
1.0639e-05 8.32798e-06 0.0216917 0.000819906 0.905496 0.000128802 0.071845 
5.06614e-05 4.73719e-07 0.0178911 0.133735 0.439627 0.000123876 0.408572 
0.000372177 4.96767e-11 0.000132552 0.0215113 0.162208 0.000716859 0.815059 
1.80138e-06 6.70531e-08 0.000295795 0.0262709 0.8824 0.000104442 0.0909271 
0.000213265 9.93052e-07 0.0160458 0.0186602 0.000653565 0.000329233 0.964097 
