0.00107208 0.00284757 0.591647 0.0885814 0.13039 8.69674e-05 0.185375 
0.00574451 0.014917 0.616155 0.0240406 0.327606 0.00619715 0.00533925 
0.00133078 0.0081985 0.514749 0.0464956 0.226093 0.00923579 0.193897 
0.00574451 0.014917 0.616155 0.0240406 0.327606 0.00619715 0.00533925 
2.66291e-06 8.03033e-05 0.439399 0.192978 0.288914 0.00031784 0.0783087 
0.0227774 0.00237395 0.500505 0.0939911 0.333659 0.00290041 0.0437934 
0.0163903 0.0196639 0.396341 0.105159 0.24638 0.0186013 0.197465 
0.00500094 0.00241347 0.380172 0.0727268 0.0458069 0.163674 0.330206 
0.000142148 0.0119108 0.731733 0.0748161 0.172155 2.92632e-05 0.00921344 
0.00357081 0.00498493 0.805452 0.0255004 0.140697 0.00156523 0.0182301 
0.333822 2.85459e-06 0.42737 1.25625e-05 0.104169 0.0362431 0.09838 
0.000507061 0.143066 0.627576 0.0157603 0.212608 2.30727e-05 0.000460121 
0.00804545 0.00254468 0.682535 0.0147217 0.275788 0.008589 0.00777562 
0.000158888 0.0779976 0.562681 0.0249529 0.30813 0.0136123 0.0124677 
0.00193251 0.0169022 0.556813 0.0184885 0.385142 0.000175746 0.0205461 
0.0123869 5.54457e-06 0.851618 0.0517167 0.0553942 6.03402e-05 0.0288181 
1.18221e-06 0.000399365 0.50882 0.118692 0.171909 0.000252463 0.199927 
0.000263263 0.00439603 0.499935 0.0114803 0.146171 0.063472 0.274282 
0.0293144 0.0204128 0.528003 0.0047 0.0578632 0.00524727 0.354459 
0.00600869 0.0113717 0.426895 0.158774 0.15395 0.000746924 0.242254 
0.000128278 3.12485e-05 0.82503 0.00710322 0.134787 2.07265e-08 0.0329202 
0.00574451 0.014917 0.616155 0.0240406 0.327606 0.00619715 0.00533925 
0.00519032 1.8476e-07 0.853495 0.0343554 0.00645429 0.00850986 0.0919948 
0.00152614 0.00613106 0.540899 0.0350731 0.410628 0.00281183 0.0029312 
0.000507061 0.143066 0.627576 0.0157603 0.212608 2.30727e-05 0.000460121 
0.000216264 4.19559e-07 0.834665 0.0300909 0.109814 0.000122434 0.0250908 
2.09895e-09 5.86535e-10 0.493729 0.19622 0.301824 6.79373e-07 0.00822711 
0.00373082 0.0162099 0.665507 0.0182211 0.243139 0.0414851 0.0117072 
0.00199558 0.000809076 0.399215 0.0461461 0.232301 8.77098e-05 0.319445 
0.000406389 0.0307385 0.414899 0.0256242 0.219167 0.000672505 0.308492 
0.000507061 0.143066 0.627576 0.0157603 0.212608 2.30727e-05 0.000460121 
0.00326464 0.00152101 0.63417 0.0121768 0.339603 0.00506195 0.00420205 
0.000507061 0.143066 0.627576 0.0157603 0.212608 2.30727e-05 0.000460121 
0.000507061 0.143066 0.627576 0.0157603 0.212608 2.30727e-05 0.000460121 
0.0279749 0.0149355 0.547159 0.0418393 0.304306 0.000199542 0.0635863 
0.000572984 0.00404604 0.497589 0.0329749 0.287892 0.00036329 0.176562 
0.000507061 0.143066 0.627576 0.0157603 0.212608 2.30727e-05 0.000460121 
0.00304774 0.0195585 0.867892 0.0114006 0.0975969 1.58783e-05 0.000488755 
0.000507061 0.143066 0.627576 0.0157603 0.212608 2.30727e-05 0.000460121 
0.00243625 0.00607944 0.353903 0.167005 0.280719 0.00537773 0.18448 
6.17583e-08 3.58719e-08 0.881412 0.00180783 0.0594985 0.00159812 0.055683 
0.00139972 0.0775462 0.541533 0.0145971 0.237573 0.0685017 0.0588487 
0.00326464 0.00152101 0.63417 0.0121768 0.339603 0.00506195 0.00420205 
9.13375e-05 0.00314239 0.468938 0.0544306 0.391776 0.000730207 0.0808916 
0.000507061 0.143066 0.627576 0.0157603 0.212608 2.30727e-05 0.000460121 
0.00351649 0.0742005 0.481154 0.0537485 0.170705 0.00880728 0.207869 
0.000100313 0.0245895 0.460965 0.0160187 0.357417 0.106755 0.0341551 
0.0141132 0.00271113 0.422807 0.0055944 0.335232 0.143016 0.0765265 
2.42538e-06 0.00208746 0.899667 0.0813506 0.016043 0.000849283 2.80924e-07 
8.04472e-06 0.000314956 0.584017 0.00441302 0.353361 1.02128e-05 0.0578759 
4.63561e-06 0.000770236 0.498016 0.0201973 0.477677 2.39699e-05 0.00331083 
0.00417252 0.0257524 0.471694 0.0249744 0.414929 0.00102851 0.0574492 
8.23828e-06 0.00186339 0.356679 0.0367603 0.312385 0.006005 0.286298 
0.000507061 0.143066 0.627576 0.0157603 0.212608 2.30727e-05 0.000460121 
0.000507061 0.143066 0.627576 0.0157603 0.212608 2.30727e-05 0.000460121 
0.000507061 0.143066 0.627576 0.0157603 0.212608 2.30727e-05 0.000460121 
9.52836e-09 0.00115756 0.551015 0.00328052 0.330651 2.74541e-05 0.113869 
0.000102166 9.74821e-07 0.916295 0.011813 0.0297376 1.63463e-06 0.0420493 
0.0686532 0.00143313 0.864972 0.0362372 0.0153784 0.0119372 0.00138924 
0.00286398 0.00475849 0.558839 0.0774768 0.312002 0.00152788 0.0425316 
5.98805e-06 2.97141e-07 0.952565 0.0152231 0.012744 5.82709e-09 0.0194617 
4.12219e-10 8.76865e-08 0.887192 0.0063108 0.0169346 3.39661e-05 0.0895289 
0.000507061 0.143066 0.627576 0.0157603 0.212608 2.30727e-05 0.000460121 
3.15257e-05 0.00193308 0.469926 0.066498 0.300049 0.0481473 0.113415 
0.000122915 0.0200766 0.344149 0.0445158 0.300578 0.1221 0.168458 
0.000507061 0.143066 0.627576 0.0157603 0.212608 2.30727e-05 0.000460121 
0.00451573 0.00057026 0.533715 0.0250949 0.428394 0.00187736 0.0058326 
6.12777e-07 6.98202e-06 0.642996 0.0625363 0.104525 9.43108e-05 0.18984 
0.00127138 0.0155848 0.486832 0.0027694 0.381065 0.0620353 0.0504418 
0.0006681 0.0160977 0.378693 0.0265605 0.212744 0.0621562 0.30308 
0.000507061 0.143066 0.627576 0.0157603 0.212608 2.30727e-05 0.000460121 
0.00033739 0.0653281 0.381609 0.0436255 0.32118 7.07145e-05 0.187849 
0.00246276 6.38149e-05 0.940563 0.00469767 0.0506501 0.000122554 0.00144023 
0.000714009 0.0144662 0.412883 0.152873 0.126456 0.0276647 0.264943 
0.00326464 0.00152101 0.63417 0.0121768 0.339603 0.00506195 0.00420205 
0.00193872 0.00751049 0.810416 0.0289181 0.147788 0.000135141 0.00329368 
0.0071164 0.000649007 0.459701 0.353598 0.0985391 0.000868325 0.0795279 
0.00125394 0.0106542 0.663965 0.0413929 0.204833 0.00148709 0.0764141 
0.000507061 0.143066 0.627576 0.0157603 0.212608 2.30727e-05 0.000460121 
0.00415943 0.000389785 0.479803 0.0688771 0.162545 0.234443 0.0497828 
0.0101548 0.0169418 0.819006 0.0109124 0.137682 1.85321e-05 0.00528407 
0.0449977 0.00218876 0.712276 0.0518849 0.103308 0.0395787 0.0457658 
0.0149488 0.000167401 0.532606 0.0731925 0.236352 0.00668552 0.136047 
7.79957e-05 5.98241e-05 0.606762 0.0315344 0.0914152 0.01705 0.253101 
2.42538e-06 0.00208746 0.899667 0.0813506 0.016043 0.000849283 2.80924e-07 
0.000117931 0.0268379 0.470386 0.0310995 0.402833 0.000794861 0.0679311 
0.00094182 2.86926e-07 0.959927 5.38041e-05 0.000223563 3.99647e-06 0.0388491 
0.00494608 3.39414e-05 0.824853 0.0633428 0.00812757 0.00860214 0.090094 
0.0537711 0.0171717 0.285276 0.206636 0.273882 0.00207434 0.161189 
0.0637123 0.018222 0.764751 0.0880235 1.51743e-05 1.5171e-05 0.0652604 
0.00500094 0.00241347 0.380172 0.0727268 0.0458069 0.163674 0.330206 
0.00157035 0.0323899 0.567225 0.0897081 0.253564 2.27619e-05 0.0555198 
2.79697e-06 1.11109e-05 0.430437 0.323755 0.0030203 1.93952e-06 0.242772 
0.000507061 0.143066 0.627576 0.0157603 0.212608 2.30727e-05 0.000460121 
0.00155011 0.00230547 0.531828 0.0414629 0.367838 0.004207 0.0508086 
3.33069e-05 0.01339 0.850289 0.0196813 0.104674 4.11397e-05 0.0118912 
0.0635743 0.000994271 0.669799 0.00372961 0.135693 0.00197566 0.124234 
0.006476 0.00278882 0.476009 0.0594293 0.198951 0.00208519 0.25426 
0.000623965 4.53025e-05 0.558427 0.0422761 0.278073 9.88016e-06 0.120544 
0.00230405 0.0171767 0.452989 0.0424734 0.422229 0.00541028 0.0574174 
0.00678864 0.017726 0.505586 0.109543 0.231005 0.00411882 0.125233 
0.048316 0.0532473 0.420622 0.122644 0.301177 0.0269993 0.0269944 
0.000124882 0.0731775 0.399949 0.00282384 0.152473 0.2915 0.0799511 
0.00326464 0.00152101 0.63417 0.0121768 0.339603 0.00506195 0.00420205 
0.00191892 0.0136477 0.676113 0.0448149 0.253356 0.002777 0.00737232 
0.00519032 1.8476e-07 0.853495 0.0343554 0.00645429 0.00850986 0.0919948 
1.16412e-06 0.0109295 0.585865 0.0523462 0.345545 9.23152e-06 0.0053047 
0.000575802 0.000110729 0.769585 0.0664012 0.0469986 1.93436e-05 0.11631 
1.83303e-05 0.00246602 0.688037 0.0786605 0.202348 5.78596e-06 0.028465 
0.00462973 0.00866937 0.341729 0.0603731 0.300006 0.0214084 0.263184 
0.000152393 0.0463791 0.40761 0.153563 0.372918 0.000382179 0.0189955 
0.00260581 0.00660229 0.531617 0.0271269 0.338982 0.0674327 0.0256339 
3.99987e-06 0.00419535 0.495567 0.0160736 0.461107 0.00274857 0.0203049 
0.00043478 0.00433958 0.850955 0.00659222 0.134881 6.51589e-05 0.00273253 
1.55183e-09 1.07549e-05 0.455982 0.0801145 0.350737 1.81696e-05 0.113138 
0.000332477 0.00550991 0.432043 0.0355954 0.284227 5.80961e-05 0.242234 
5.2493e-06 5.2515e-06 0.63968 0.126579 0.154419 0.00893197 0.0703799 
0.00304774 0.0195585 0.867892 0.0114006 0.0975969 1.58783e-05 0.000488755 
0.00519032 1.8476e-07 0.853495 0.0343554 0.00645429 0.00850986 0.0919948 
5.93072e-05 0.200928 0.30906 0.275909 0.203468 2.62246e-05 0.0105491 
0.00372578 0.0919917 0.495318 0.0158838 0.320264 0.0448763 0.0279411 
0.00167235 0.00490209 0.574026 0.00537293 0.220354 0.0192142 0.174459 
0.00326464 0.00152101 0.63417 0.0121768 0.339603 0.00506195 0.00420205 
6.41934e-05 0.0733077 0.793766 0.00919758 0.118347 3.8122e-06 0.00531312 
0.000596633 0.00242196 0.423691 0.163367 0.0659358 0.000180354 0.343807 
0.000124137 0.000246335 0.768204 0.00476792 0.199891 4.32604e-05 0.0267234 
5.42289e-05 0.000583764 0.885882 0.000113563 0.0860203 2.86801e-05 0.0273179 
0.00678255 0.0170029 0.540475 0.0299198 0.394126 0.00478076 0.00691315 
0.000232284 0.166193 0.26088 0.184482 0.193479 0.000111339 0.194623 
0.000680329 0.000518303 0.441551 0.16592 0.0748182 0.000745176 0.315767 
1.09168e-05 0.00011906 0.333372 0.156697 0.2403 0.000205078 0.269295 
5.59914e-05 0.0506833 0.380515 0.08978 0.282856 0.00479101 0.191318 
0.0143465 0.0108511 0.641011 0.0138078 0.159209 0.000125615 0.160649 
0.000100498 0.0157855 0.645829 0.066887 0.166969 0.00201645 0.102413 
1.14584e-07 0.00338866 0.551354 0.150024 0.238671 0.00109042 0.0554725 
0.000992227 0.00248212 0.479925 0.120188 0.373837 4.05492e-06 0.0225717 
0.00373082 0.0162099 0.665507 0.0182211 0.243139 0.0414851 0.0117072 
0.000507061 0.143066 0.627576 0.0157603 0.212608 2.30727e-05 0.000460121 
1.23741e-06 0.00145711 0.548435 0.0319626 0.256315 0.000786975 0.161042 
5.15273e-08 0.0021007 0.498271 0.209259 0.213381 1.00281e-05 0.0769778 
3.12088e-05 9.63584e-05 0.807656 0.0390053 0.148773 7.16381e-05 0.00436631 
5.23093e-06 0.00957996 0.857196 0.0119 0.0965984 8.55224e-05 0.0246352 
0.00304774 0.0195585 0.867892 0.0114006 0.0975969 1.58783e-05 0.000488755 
0.00942018 0.0139902 0.450366 0.128451 0.218577 0.0025483 0.176646 
2.22103e-05 0.00049274 0.680289 0.0322931 0.15785 7.43099e-05 0.128979 
0.000507061 0.143066 0.627576 0.0157603 0.212608 2.30727e-05 0.000460121 
0.000520827 8.647e-06 0.565385 0.0400955 0.00887645 7.70332e-10 0.385114 
8.1194e-06 2.26891e-06 0.994653 0.000182246 0.00122357 0.00329956 0.000631358 
0.00600869 0.0113717 0.426895 0.158774 0.15395 0.000746924 0.242254 
0.000263022 0.0824981 0.622262 0.0190016 0.112231 0.000406636 0.163338 
0.00574451 0.014917 0.616155 0.0240406 0.327606 0.00619715 0.00533925 
0.00226875 0.00304203 0.637101 0.349809 8.73397e-06 4.11573e-06 0.00776603 
2.91481e-06 0.0485745 0.692623 0.0757063 0.155393 0.000218411 0.0274819 
0.00246276 6.38149e-05 0.940563 0.00469767 0.0506501 0.000122554 0.00144023 
0.000977583 0.000129893 0.323245 0.221467 0.285425 0.0247739 0.143982 
0.0646893 0.00329984 0.795791 0.0308203 0.0959922 0.00018847 0.00921937 
0.000443124 0.00721956 0.67364 0.0266943 0.192907 0.000301192 0.0987943 
8.51148e-06 0.00564635 0.485355 0.0374545 0.341608 0.0645017 0.0654264 
1.17621e-06 0.000134167 0.463485 0.0743037 0.200103 0.00651454 0.255457 
0.000507061 0.143066 0.627576 0.0157603 0.212608 2.30727e-05 0.000460121 
0.000507061 0.143066 0.627576 0.0157603 0.212608 2.30727e-05 0.000460121 
0.000398994 0.000757565 0.888288 0.0963474 0.0141874 1.28347e-10 2.07196e-05 
0.000191124 1.18532e-05 0.465481 0.105961 0.243397 4.92853e-05 0.184908 
8.57444e-07 0.0281794 0.870932 0.0012353 0.0861834 3.0175e-05 0.0134391 
0.00307236 0.162937 0.391312 0.0433455 0.0702445 0.0395094 0.28958 
1.44061e-05 0.00236873 0.567274 0.0823277 0.282818 0.0400505 0.025146 
1.44513e-07 0.000424978 0.784771 0.0927592 0.0804544 0.0364585 0.00513137 
0.00168314 0.000291779 0.763654 0.0481291 0.126568 1.60503e-05 0.0596586 
0.00578714 0.0138149 0.525058 0.0413774 0.116456 0.0002522 0.297254 
2.21058e-05 0.0440459 0.417048 0.0212804 0.365174 9.14342e-05 0.152339 
0.00202923 0.00758104 0.643474 0.00645684 0.2005 0.0998314 0.0401278 
0.00519032 1.8476e-07 0.853495 0.0343554 0.00645429 0.00850986 0.0919948 
0.00357081 0.00498493 0.805452 0.0255004 0.140697 0.00156523 0.0182301 
4.75029e-06 0.000479979 0.633999 4.75273e-06 0.365502 4.75184e-06 4.75256e-06 
0.000260631 0.000228924 0.624151 0.151541 0.0131488 4.99503e-05 0.210619 
2.5189e-07 0.00625555 0.851393 0.0179429 0.0268648 0.0028589 0.0946844 
0.0274091 0.0205317 0.610611 0.0810947 0.128661 0.0634334 0.068259 
3.68838e-08 1.03069e-08 0.999022 0.000210078 8.33329e-05 1.61738e-08 0.00068417 
5.28732e-11 0.0235011 0.522098 0.0628818 0.344015 4.6244e-05 0.0474584 
0.000309139 0.00496432 0.720192 0.0101307 0.229158 7.34478e-05 0.0351721 
0.0108605 0.0141104 0.632285 0.0548313 0.187041 0.00285436 0.0980176 
0.000507061 0.143066 0.627576 0.0157603 0.212608 2.30727e-05 0.000460121 
0.0307244 0.00256589 0.727476 0.0217216 0.137177 0.00671411 0.0736214 
0.000507061 0.143066 0.627576 0.0157603 0.212608 2.30727e-05 0.000460121 
9.66745e-05 0.0343567 0.478892 0.206373 0.23594 2.0031e-05 0.0443212 
0.000507061 0.143066 0.627576 0.0157603 0.212608 2.30727e-05 0.000460121 
0.00014699 0.034852 0.41697 0.013525 0.332284 0.11999 0.0822325 
0.0024485 0.0015179 0.640245 0.0305478 0.317038 0.003962 0.00424132 
0.00104867 0.0679463 0.493379 0.0294302 0.336745 3.69022e-05 0.0714137 
0.00451573 0.00057026 0.533715 0.0250949 0.428394 0.00187736 0.0058326 
0.00129762 0.014862 0.590702 0.0888021 0.231363 0.0239074 0.0490653 
0.00678255 0.0170029 0.540475 0.0299198 0.394126 0.00478076 0.00691315 
0.00246276 6.38149e-05 0.940563 0.00469767 0.0506501 0.000122554 0.00144023 
3.44832e-07 0.000172575 0.844573 0.0434311 0.0534413 0.000197667 0.0581842 
0.00167235 0.00490209 0.574026 0.00537293 0.220354 0.0192142 0.174459 
0.000507061 0.143066 0.627576 0.0157603 0.212608 2.30727e-05 0.000460121 
0.496677 3.04561e-05 0.501809 0.00128011 4.3111e-05 3.58242e-06 0.000156518 
0.000507061 0.143066 0.627576 0.0157603 0.212608 2.30727e-05 0.000460121 
0.000718884 0.000769308 0.645317 0.0506748 0.225338 0.00339978 0.073783 
0.00353911 5.18011e-05 0.659719 0.0353684 0.286288 3.5024e-05 0.0149988 
4.09689e-09 1.14484e-09 0.70667 3.51638e-05 0.262529 1.79651e-09 0.0307658 
0.00214658 0.0287987 0.655766 0.0289074 0.280376 3.34063e-05 0.00397109 
0.000170856 0.0115417 0.494706 0.0892161 0.2716 3.73193e-05 0.132729 
7.66799e-08 0.000340306 0.520082 0.0736932 0.340873 2.24871e-05 0.0649896 
0.00172097 0.000912556 0.761035 0.00677899 0.220537 0.00500101 0.00401468 
0.00167235 0.00490209 0.574026 0.00537293 0.220354 0.0192142 0.174459 
0.000507061 0.143066 0.627576 0.0157603 0.212608 2.30727e-05 0.000460121 
0.000861814 5.47945e-07 0.719616 0.0191278 0.18041 1.03993e-05 0.0799729 
0.00119494 0.000555283 0.73297 0.0200934 0.237104 0.000115875 0.00796658 
6.66168e-05 0.00251077 0.488426 0.0199194 0.471691 0.000385776 0.0170002 
0.00451573 0.00057026 0.533715 0.0250949 0.428394 0.00187736 0.0058326 
1.13054e-08 1.04449e-05 0.969393 0.0202894 0.0090773 4.95747e-09 0.00123018 
0.000507061 0.143066 0.627576 0.0157603 0.212608 2.30727e-05 0.000460121 
0.000507061 0.143066 0.627576 0.0157603 0.212608 2.30727e-05 0.000460121 
2.14993e-06 0.0143322 0.910288 0.0221322 0.0485647 8.09659e-06 0.00467215 
9.45748e-05 0.000438313 0.496625 0.232494 0.239687 0.000499943 0.0301617 
0.000507061 0.143066 0.627576 0.0157603 0.212608 2.30727e-05 0.000460121 
0.000102724 0.0434716 0.793194 0.011867 0.12971 0.0127823 0.0088728 
0.00408778 0.0133182 0.639339 0.0127248 0.249941 0.0556573 0.0249316 
5.10512e-05 0.00130941 0.463539 0.206968 0.293608 8.83908e-06 0.0345162 
0.000364359 0.00854673 0.525187 0.0369606 0.357346 0.00431202 0.0672836 
0.00293021 0.0112494 0.505433 0.0612088 0.355637 0.0214074 0.042134 
3.36705e-07 5.01755e-05 0.757905 0.00347653 0.192728 0.000121276 0.045719 
0.000302412 0.00263777 0.571895 0.182271 0.224018 0.000130202 0.0187459 
0.00121422 0.0450357 0.478063 0.0827061 0.343156 0.000232564 0.0495924 
2.52785e-05 0.00153349 0.593699 0.103875 0.295367 3.36732e-05 0.00546615 
0.00384827 0.00133465 0.818495 0.0258681 0.0640899 0.00219522 0.0841687 
0.00202923 0.00758104 0.643474 0.00645684 0.2005 0.0998314 0.0401278 
6.81131e-08 0.0233103 0.545006 0.00230512 0.0784174 1.84969e-05 0.350943 
0.00148447 0.007165 0.646985 0.0535303 0.277613 0.000271596 0.0129509 
0.000224623 0.158709 0.324738 0.0781022 0.243802 0.000144022 0.194279 
0.000507061 0.143066 0.627576 0.0157603 0.212608 2.30727e-05 0.000460121 
0.00304774 0.0195585 0.867892 0.0114006 0.0975969 1.58783e-05 0.000488755 
1.90157e-06 5.3138e-07 0.930593 0.0207353 0.0184939 8.3385e-07 0.0301749 
0.000507061 0.143066 0.627576 0.0157603 0.212608 2.30727e-05 0.000460121 
0.00100172 0.00120442 0.438316 0.0668545 0.188414 0.0253025 0.278906 
2.89519e-10 9.46692e-05 0.943228 0.029354 0.0208134 6.57324e-08 0.00651011 
0.00574451 0.014917 0.616155 0.0240406 0.327606 0.00619715 0.00533925 
0.00117078 0.117827 0.508912 0.00792089 0.220878 0.0654913 0.0777997 
0.0104109 0.00253911 0.60865 0.0177615 0.342346 0.00713798 0.0111547 
0.00442628 0.0366214 0.56107 0.123041 0.183946 0.00406063 0.0868345 
6.00035e-05 0.0449803 0.829821 0.0162309 0.0851813 1.61255e-05 0.0237103 
0.00167235 0.00490209 0.574026 0.00537293 0.220354 0.0192142 0.174459 
0.0278325 0.0087529 0.584433 0.125199 0.0265059 0.00280143 0.224475 
0.000346326 0.0319402 0.79567 0.0373379 0.060945 0.00985974 0.0639009 
0.000460366 0.000574555 0.74412 0.0189713 0.214887 1.62079e-09 0.020986 
1.40271e-07 0.0013271 0.589604 0.0991665 0.249327 3.66591e-05 0.0605381 
0.000126344 0.0413236 0.466618 0.0257305 0.391685 0.000509951 0.074007 
0.00326464 0.00152101 0.63417 0.0121768 0.339603 0.00506195 0.00420205 
0.00519032 1.8476e-07 0.853495 0.0343554 0.00645429 0.00850986 0.0919948 
6.77536e-05 5.47084e-08 0.600662 0.000131551 0.0232925 0.0245524 0.351293 
0.000507061 0.143066 0.627576 0.0157603 0.212608 2.30727e-05 0.000460121 
2.48629e-05 7.25056e-05 0.58629 0.0491534 0.184356 1.65419e-05 0.180086 
9.44008e-05 0.173861 0.507359 0.0610955 0.257245 6.0856e-06 0.00033888 
5.94269e-05 0.00688604 0.649219 0.0095727 0.185356 0.0339155 0.114991 
7.00159e-05 0.159085 0.494579 0.0959726 0.221445 0.0204166 0.00843161 
1.10819e-06 4.25979e-05 0.558449 0.0372568 0.400999 1.21518e-05 0.00323953 
0.00826542 1.8878e-05 0.823184 0.00385147 0.117448 4.27307e-05 0.0471892 
0.00519032 1.8476e-07 0.853495 0.0343554 0.00645429 0.00850986 0.0919948 
1.57956e-05 6.834e-05 0.911935 3.51978e-06 0.00583914 0.00158609 0.0805517 
0.000219492 0.00326516 0.865495 0.00940187 0.114433 0.000300815 0.00688439 
0.000507061 0.143066 0.627576 0.0157603 0.212608 2.30727e-05 0.000460121 
0.00564891 0.0193867 0.479162 0.0533797 0.418847 0.00161963 0.0219563 
0.00632682 0.00213908 0.46013 0.108261 0.21353 0.0043469 0.205266 
0.000896065 0.181878 0.445215 0.0452529 0.278812 0.000497572 0.0474489 
5.03363e-08 4.78388e-05 0.75415 0.000466809 0.245014 2.20728e-08 0.000321363 
0.00578225 0.0140765 0.570481 0.0197223 0.339736 0.000156565 0.0500445 
0.000114292 0.0027919 0.892061 0.0158989 0.0497263 0.000443276 0.0389641 
0.00033355 2.52148e-08 0.887513 0.00633263 0.0977426 5.6349e-08 0.00807795 
0.00554696 0.0230204 0.392826 0.118381 0.339381 0.00404966 0.116795 
0.000349919 0.0240718 0.481269 0.181295 0.227165 3.23992e-06 0.085846 
0.00678255 0.0170029 0.540475 0.0299198 0.394126 0.00478076 0.00691315 
0.013712 0.000154279 0.535381 0.0724283 0.234016 0.00601549 0.138292 
7.00159e-05 0.159085 0.494579 0.0959726 0.221445 0.0204166 0.00843161 
0.00246276 6.38149e-05 0.940563 0.00469767 0.0506501 0.000122554 0.00144023 
7.79334e-05 0.00420728 0.831181 0.0519666 0.0798798 0.000874339 0.0318133 
0.00191899 0.00366962 0.632138 0.010978 0.326836 0.00202683 0.0224317 
0.00574451 0.014917 0.616155 0.0240406 0.327606 0.00619715 0.00533925 
0.000507061 0.143066 0.627576 0.0157603 0.212608 2.30727e-05 0.000460121 
0.00246276 6.38149e-05 0.940563 0.00469767 0.0506501 0.000122554 0.00144023 
0.00202923 0.00758104 0.643474 0.00645684 0.2005 0.0998314 0.0401278 
0.168755 0.000704988 0.483538 0.221719 0.109087 1.63844e-05 0.0161804 
0.00230934 0.0126556 0.431238 0.0582334 0.364292 0.051362 0.0799099 
0.00326464 0.00152101 0.63417 0.0121768 0.339603 0.00506195 0.00420205 
0.000507061 0.143066 0.627576 0.0157603 0.212608 2.30727e-05 0.000460121 
0.000373458 0.0213209 0.591469 0.0767865 0.245311 0.00259403 0.0621452 
0.00519032 1.8476e-07 0.853495 0.0343554 0.00645429 0.00850986 0.0919948 
0.000950691 0.0235436 0.523962 0.00222028 0.291249 0.0952119 0.062863 
0.000156893 0.00359641 0.627492 0.0971903 0.183216 0.00265117 0.0856967 
0.000299604 0.116563 0.464495 0.247966 0.120413 0.0226308 0.0276323 
0.0163903 0.0196639 0.396341 0.105159 0.24638 0.0186013 0.197465 
0.000128741 0.0576179 0.551558 0.0422218 0.284845 0.00190909 0.0617193 
0.000106353 0.0110222 0.360842 0.0385229 0.279719 0.000208351 0.309579 
0.00184884 0.00244594 0.613075 0.0162704 0.282984 0.000781732 0.082594 
0.000507061 0.143066 0.627576 0.0157603 0.212608 2.30727e-05 0.000460121 
3.21834e-05 0.000177156 0.90693 0.00856086 0.0465191 9.0418e-05 0.0376901 
0.000344795 0.00575789 0.629743 0.0312526 0.316432 0.000240785 0.016229 
0.000507061 0.143066 0.627576 0.0157603 0.212608 2.30727e-05 0.000460121 
0.00851716 0.00471623 0.61095 0.0920541 0.207003 0.00101626 0.0757435 
0.00142705 0.0269282 0.579278 0.0781803 0.263039 0.00209948 0.0490482 
0.000507061 0.143066 0.627576 0.0157603 0.212608 2.30727e-05 0.000460121 
0.000507061 0.143066 0.627576 0.0157603 0.212608 2.30727e-05 0.000460121 
1.16412e-06 0.0109295 0.585865 0.0523462 0.345545 9.23152e-06 0.0053047 
1.57464e-07 8.52823e-06 0.724303 0.00104564 0.238077 0.000744709 0.035821 
0.000311228 0.00116406 0.480315 0.0741188 0.358529 0.00012039 0.0854414 
0.000398735 0.000325764 0.345688 0.285853 0.245185 0.000212304 0.122337 
0.00357081 0.00498493 0.805452 0.0255004 0.140697 0.00156523 0.0182301 
0.000977176 0.0150749 0.649764 0.0438235 0.251075 9.048e-05 0.0391949 
0.00373082 0.0162099 0.665507 0.0182211 0.243139 0.0414851 0.0117072 
0.000179371 0.00315756 0.562915 0.00550818 0.326485 0.00682301 0.0949326 
0.000507061 0.143066 0.627576 0.0157603 0.212608 2.30727e-05 0.000460121 
1.33369e-06 2.33702e-05 0.489859 0.024574 0.470709 2.98042e-08 0.0148328 
0.000763501 0.00763449 0.502064 0.0197284 0.384871 0.0266575 0.0582808 
0.000172873 0.170466 0.423431 0.0259485 0.346009 0.0236527 0.0103198 
0.000142148 0.0119108 0.731733 0.0748161 0.172155 2.92632e-05 0.00921344 
0.333822 2.85459e-06 0.42737 1.25625e-05 0.104169 0.0362431 0.09838 
0.000507061 0.143066 0.627576 0.0157603 0.212608 2.30727e-05 0.000460121 
0.00242027 0.000340551 0.465049 0.0256754 0.424781 0.0253245 0.0564088 
1.30083e-07 0.0316186 0.439157 0.245211 0.138536 1.16424e-07 0.145477 
0.000362389 0.00154883 0.930713 0.0182935 0.0484199 8.02549e-08 0.00066273 
4.20952e-05 0.024398 0.554624 0.0973713 0.159246 0.0971869 0.0671316 
1.46027e-06 0.00288024 0.895223 0.000770731 0.0848488 6.45409e-05 0.0162114 
1.4821e-06 1.48404e-06 0.980433 0.000443567 0.0187378 2.99491e-05 0.000352617 
0.000510042 0.00977552 0.883019 0.000995315 0.0988034 0.000911551 0.00598496 
7.94614e-07 0.000266254 0.498201 0.119782 0.206218 0.000357279 0.175175 
0.000507061 0.143066 0.627576 0.0157603 0.212608 2.30727e-05 0.000460121 
0.000507061 0.143066 0.627576 0.0157603 0.212608 2.30727e-05 0.000460121 
0.00139816 0.0117084 0.48205 0.0260033 0.239914 0.0440967 0.19483 
0.00358781 0.00354462 0.608034 0.079199 0.264763 0.00195961 0.038912 
0.00202923 0.00758104 0.643474 0.00645684 0.2005 0.0998314 0.0401278 
0.0175962 0.0182233 0.382334 0.132491 0.36265 0.00995063 0.076755 
0.00026239 0.0085654 0.501954 0.0455129 0.406075 0.00040881 0.0372215 
0.000114816 0.00806776 0.767471 0.0619575 0.104428 0.00445734 0.053504 
0.000507061 0.143066 0.627576 0.0157603 0.212608 2.30727e-05 0.000460121 
0.00423318 0.0623368 0.333546 0.177003 0.113755 2.51112e-05 0.309101 
0.000311237 0.0258547 0.852727 0.0137636 0.0718478 0.00242377 0.0330719 
0.00635602 0.00916522 0.446805 0.0849087 0.233915 0.0433104 0.17554 
0.00531687 0.0282708 0.362073 0.166101 0.26915 0.000221008 0.168867 
0.000103944 0.0179306 0.621411 0.0478785 0.130066 0.0210044 0.161606 
0.000507061 0.143066 0.627576 0.0157603 0.212608 2.30727e-05 0.000460121 
2.43784e-05 0.0471576 0.463116 0.154801 0.262837 1.48796e-06 0.0720627 
0.000535159 0.00166588 0.900048 0.0189751 0.0391354 0.00940663 0.0302342 
0.000473713 0.0821814 0.363067 0.0211459 0.206997 0.0392638 0.286871 
8.83235e-10 1.40432e-06 0.359373 0.318202 0.151543 7.16867e-05 0.170809 
0.000780349 0.046526 0.392046 0.0375108 0.256056 0.000863996 0.266217 
0.00293391 0.0238732 0.52741 0.0819921 0.344379 0.000905674 0.0185056 
0.00253642 0.0352954 0.560098 0.124181 0.23676 0.000520872 0.0406082 
0.000474623 0.0684182 0.354818 0.110809 0.329606 8.27389e-05 0.135791 
0.00519032 1.8476e-07 0.853495 0.0343554 0.00645429 0.00850986 0.0919948 
0.000507061 0.143066 0.627576 0.0157603 0.212608 2.30727e-05 0.000460121 
0.000155716 0.00015381 0.497768 0.00145385 0.235723 0.000110837 0.264635 
0.000507061 0.143066 0.627576 0.0157603 0.212608 2.30727e-05 0.000460121 
0.000507061 0.143066 0.627576 0.0157603 0.212608 2.30727e-05 0.000460121 
0.00574451 0.014917 0.616155 0.0240406 0.327606 0.00619715 0.00533925 
0.000241756 0.0463916 0.399122 0.023398 0.327362 0.15491 0.0485738 
2.05021e-05 0.0233856 0.357246 0.249072 0.221344 0.0147919 0.13414 
0.00370959 0.0525777 0.351027 0.153748 0.143022 3.78589e-05 0.295878 
0.00207741 0.0247592 0.706659 0.0550801 0.194242 1.14595e-05 0.0171704 
0.000906205 0.00548929 0.847046 0.0179596 0.0394348 0.0215812 0.0675829 
0.000399242 0.00723507 0.43748 0.0190684 0.243438 0.105267 0.187112 
0.00515937 0.0105949 0.492586 0.047499 0.279092 0.0063563 0.158713 
0.000874826 0.115209 0.525244 0.0737716 0.25151 0.0249322 0.00845953 
0.000507061 0.143066 0.627576 0.0157603 0.212608 2.30727e-05 0.000460121 
4.20151e-05 0.00626077 0.778464 0.0373579 0.110995 0.00281879 0.0640622 
0.00346124 0.00535011 0.796551 0.032206 0.10103 0.00175886 0.059642 
0.00308682 0.00327419 0.366735 0.06049 0.24509 0.0295619 0.291763 
0.000507061 0.143066 0.627576 0.0157603 0.212608 2.30727e-05 0.000460121 
3.39763e-10 4.76617e-08 0.364001 0.212077 0.275938 0.00137293 0.146611 
6.47684e-06 0.000823387 0.542679 0.0496976 0.324734 0.000188623 0.0818708 
0.0274091 0.0205317 0.610611 0.0810947 0.128661 0.0634334 0.068259 
0.00246276 6.38149e-05 0.940563 0.00469767 0.0506501 0.000122554 0.00144023 
0.00451573 0.00057026 0.533715 0.0250949 0.428394 0.00187736 0.0058326 
8.84455e-08 0.0150878 0.74603 0.00254498 0.186356 1.89572e-05 0.0499621 
0.00574451 0.014917 0.616155 0.0240406 0.327606 0.00619715 0.00533925 
0.00176621 0.000702165 0.72569 0.0384398 0.0628873 1.54901e-05 0.170499 
0.00202923 0.00758104 0.643474 0.00645684 0.2005 0.0998314 0.0401278 
0.000173963 0.0490237 0.341184 0.0198549 0.312443 0.0921799 0.18514 
0.00766031 0.00285237 0.82917 0.0319655 0.100289 4.92857e-05 0.0280133 
0.00326464 0.00152101 0.63417 0.0121768 0.339603 0.00506195 0.00420205 
0.00801376 0.104181 0.5602 0.0846894 0.141862 2.49071e-05 0.101029 
0.0392031 0.000361088 0.305867 0.225648 0.25886 4.99696e-09 0.170061 
0.000906205 0.00548929 0.847046 0.0179596 0.0394348 0.0215812 0.0675829 
3.44839e-05 0.0226528 0.94801 0.00172728 0.0273821 9.9862e-08 0.000193224 
6.51426e-05 1.82036e-05 0.999866 7.37618e-06 4.07687e-06 2.85654e-05 1.09155e-05 
5.43899e-07 9.70379e-08 0.712462 0.041893 0.193252 0.000260473 0.0521325 
0.00202923 0.00758104 0.643474 0.00645684 0.2005 0.0998314 0.0401278 
0.00149611 0.0174303 0.521535 0.0205576 0.438195 1.41386e-05 0.000772231 
0.0139132 0.00010594 0.674177 0.0387252 0.227209 0.000238499 0.0456312 
1.01177e-09 0.0172608 0.597757 0.0757406 0.0803876 1.14865e-07 0.228854 
1.70176e-05 0.000230885 0.626448 0.021521 0.0910883 0.00481404 0.25588 
0.000507061 0.143066 0.627576 0.0157603 0.212608 2.30727e-05 0.000460121 
0.00574451 0.014917 0.616155 0.0240406 0.327606 0.00619715 0.00533925 
0.000507061 0.143066 0.627576 0.0157603 0.212608 2.30727e-05 0.000460121 
1.33369e-06 2.33702e-05 0.489859 0.024574 0.470709 2.98042e-08 0.0148328 
0.00581971 0.00731846 0.456348 0.0682491 0.447491 0.00199261 0.0127814 
0.000507061 0.143066 0.627576 0.0157603 0.212608 2.30727e-05 0.000460121 
0.000154279 0.00303222 0.507937 0.0457661 0.367419 0.00304017 0.0726511 
1.23824e-05 0.000462667 0.574834 0.00632955 0.417626 1.05568e-05 0.000724042 
2.9739e-07 0.130358 0.722383 0.00785412 0.11288 9.87075e-06 0.0265143 
0.00804545 0.00254468 0.682535 0.0147217 0.275788 0.008589 0.00777562 
0.000120102 0.0239844 0.321349 0.0487191 0.305057 0.000140155 0.30063 
7.09685e-05 0.000241542 0.558946 0.000419466 0.430284 4.52515e-05 0.00999223 
0.00749996 0.0284786 0.845554 0.0118866 0.104055 1.81075e-05 0.00250757 
1.33034e-07 2.19666e-06 0.888744 0.00072545 0.0318865 0.00610064 0.0725406 
0.00554269 0.00771885 0.594829 0.027508 0.315788 0.0260148 0.0225986 
0.000507061 0.143066 0.627576 0.0157603 0.212608 2.30727e-05 0.000460121 
0.00120617 0.00898889 0.415618 0.0186782 0.391108 0.104328 0.0600733 
1.08178e-05 4.87326e-05 0.347174 0.152536 0.341343 0.000226959 0.158661 
0.00203918 5.48517e-05 0.901625 0.0122208 0.0621164 0.000451263 0.0214925 
0.000507061 0.143066 0.627576 0.0157603 0.212608 2.30727e-05 0.000460121 
0.000135796 0.0498304 0.715926 0.0102148 0.21819 8.45197e-05 0.00561856 
0.000106255 0.00457566 0.677894 0.0912116 0.167898 0.000306197 0.0580081 
6.01266e-05 0.000237171 0.49583 0.134078 0.136278 0.000238387 0.233278 
0.00326464 0.00152101 0.63417 0.0121768 0.339603 0.00506195 0.00420205 
0.00336442 7.77492e-05 0.68314 0.096307 0.1018 0.000346483 0.114965 
0.000507061 0.143066 0.627576 0.0157603 0.212608 2.30727e-05 0.000460121 
0.00257134 0.000442811 0.756575 0.0904579 0.0932152 8.17192e-05 0.0566556 
0.00172744 9.68166e-05 0.329459 0.211836 0.270501 0.00109221 0.185287 
0.000355019 0.00150166 0.626501 0.0967925 0.218707 0.000161329 0.0559819 
0.00166983 0.00127337 0.729833 0.0120488 0.106553 8.21608e-05 0.14854 
2.36187e-06 0.00239721 0.71015 0.00110858 0.180176 0.081125 0.0250412 
0.000507061 0.143066 0.627576 0.0157603 0.212608 2.30727e-05 0.000460121 
0.0162176 0.0073668 0.333437 0.132077 0.166221 0.290919 0.0537614 
0.000184078 0.0343581 0.399038 0.065557 0.32595 0.0459965 0.128916 
1.10619e-07 2.88248e-06 0.537084 0.0113232 0.0923257 0.00433957 0.354924 
0.000648152 0.00289395 0.910196 0.0382552 0.00466209 5.35702e-08 0.0433445 
0.00654756 0.00238471 0.653154 0.0285658 0.296292 0.00179305 0.011263 
0.00127681 1.23116e-07 0.589492 0.101477 0.181114 0.000842056 0.125797 
0.00908225 0.0237682 0.876736 0.0106891 0.0767621 1.41863e-05 0.00294801 
7.29537e-05 0.000897114 0.893255 0.00399061 0.101046 2.44746e-11 0.000737859 
1.18221e-06 0.000399365 0.50882 0.118692 0.171909 0.000252463 0.199927 
3.28538e-05 0.000319013 0.711697 0.0772686 0.0989216 2.57778e-06 0.111758 
4.0446e-05 0.000398236 0.357005 0.266906 0.148775 0.000464123 0.226411 
2.40482e-05 0.0222234 0.363223 0.020173 0.324006 0.00970453 0.260646 
0.00246276 6.38149e-05 0.940563 0.00469767 0.0506501 0.000122554 0.00144023 
0.000380642 0.000110686 0.621183 0.157541 0.153178 5.72524e-07 0.0676067 
0.00132911 0.0101109 0.482538 0.0398397 0.383377 0.00218314 0.080622 
1.58673e-09 0.000539663 0.656493 0.065008 0.000164317 6.9579e-10 0.277795 
0.000526853 0.0311453 0.424485 0.111482 0.313333 0.00653255 0.112495 
8.88983e-08 0.00107329 0.578801 0.165212 0.174919 3.86186e-08 0.0799946 
0.0127519 0.0393085 0.458193 0.068817 0.33015 0.0281493 0.0626308 
0.00519032 1.8476e-07 0.853495 0.0343554 0.00645429 0.00850986 0.0919948 
0.000507061 0.143066 0.627576 0.0157603 0.212608 2.30727e-05 0.000460121 
0.0197913 0.00904315 0.87447 0.0299433 0.0429338 6.39166e-05 0.0237547 
0.00117248 0.00176731 0.759514 0.0852399 0.127236 0.0105088 0.0145613 
0.000507061 0.143066 0.627576 0.0157603 0.212608 2.30727e-05 0.000460121 
0.000507061 0.143066 0.627576 0.0157603 0.212608 2.30727e-05 0.000460121 
0.00947271 0.00879991 0.814765 0.0101789 0.150888 1.78008e-05 0.00587745 
1.82709e-05 0.0070508 0.661346 0.00645219 0.320423 8.13438e-05 0.00462793 
0.00167235 0.00490209 0.574026 0.00537293 0.220354 0.0192142 0.174459 
0.00116949 0.0137559 0.536793 0.0395846 0.324281 0.00686051 0.077556 
0.00067004 0.0022662 0.653445 0.170633 0.10489 2.82299e-05 0.0680679 
0.00326464 0.00152101 0.63417 0.0121768 0.339603 0.00506195 0.00420205 
7.0707e-08 4.22915e-05 0.710288 0.0174256 0.184847 4.92106e-07 0.0873971 
1.0015e-05 0.000118521 0.992641 0.000704531 0.00345134 2.06154e-10 0.00307497 
0.000117773 0.00497377 0.627631 0.0880513 0.219966 3.08556e-05 0.0592292 
0.00891359 0.00290143 0.372833 0.082249 0.317289 0.0140754 0.201739 
0.00126188 0.00929199 0.494089 0.0516427 0.357218 0.00317249 0.0833243 
0.0211233 0.00871287 0.46782 0.0360017 0.418528 0.00020314 0.0476111 
0.000435534 0.00643596 0.850749 0.0303716 0.0905744 0.00048972 0.0209434 
0.000507061 0.143066 0.627576 0.0157603 0.212608 2.30727e-05 0.000460121 
0.000221338 0.0218344 0.553836 0.0828629 0.293824 0.00180592 0.045616 
3.99987e-06 0.00419535 0.495567 0.0160736 0.461107 0.00274857 0.0203049 
0.00304774 0.0195585 0.867892 0.0114006 0.0975969 1.58783e-05 0.000488755 
0.000455961 0.00619993 0.437136 0.0399687 0.15417 0.0216085 0.34046 
5.04525e-05 0.00418662 0.608637 0.0498946 0.313463 5.27282e-05 0.0237153 
0.0227774 0.00237395 0.500505 0.0939911 0.333659 0.00290041 0.0437934 
8.84404e-08 6.78207e-05 0.600278 0.0207028 0.214168 0.000383954 0.164399 
0.000507061 0.143066 0.627576 0.0157603 0.212608 2.30727e-05 0.000460121 
0.00519032 1.8476e-07 0.853495 0.0343554 0.00645429 0.00850986 0.0919948 
0.333822 2.85459e-06 0.42737 1.25625e-05 0.104169 0.0362431 0.09838 
1.37912e-05 3.34826e-07 0.640121 0.0470278 0.149176 0.000369229 0.163291 
0.00678255 0.0170029 0.540475 0.0299198 0.394126 0.00478076 0.00691315 
0.00519032 1.8476e-07 0.853495 0.0343554 0.00645429 0.00850986 0.0919948 
0.00574451 0.014917 0.616155 0.0240406 0.327606 0.00619715 0.00533925 
1.23623e-05 6.39517e-07 0.870786 0.0225265 0.0731822 0.000561806 0.0329304 
0.00104678 0.0085891 0.606176 0.0661753 0.303636 0.000405977 0.0139706 
0.000173771 0.121986 0.53242 0.0156206 0.213854 0.0929918 0.0229536 
0.00246276 6.38149e-05 0.940563 0.00469767 0.0506501 0.000122554 0.00144023 
7.74186e-07 0.0182904 0.845382 0.00545877 0.104898 0.00252477 0.0234458 
0.00136568 0.236579 0.361432 0.02537 0.327977 0.00754942 0.0397261 
0.00574451 0.014917 0.616155 0.0240406 0.327606 0.00619715 0.00533925 
6.79626e-05 0.000939959 0.716459 0.11105 0.0757559 1.52217e-07 0.0957275 
3.62939e-06 2.12968e-06 0.759271 0.0379504 0.200603 8.40028e-08 0.00217036 
0.00357081 0.00498493 0.805452 0.0255004 0.140697 0.00156523 0.0182301 
0.000507061 0.143066 0.627576 0.0157603 0.212608 2.30727e-05 0.000460121 
0.0351223 0.000288122 0.396976 0.107598 0.151708 0.000121307 0.308186 
7.85795e-05 0.0204994 0.623893 0.0215629 0.173186 0.0816665 0.0791144 
1.76548e-07 2.30119e-05 0.541312 0.375823 0.0756428 2.16428e-06 0.0071973 
0.000896216 0.00636708 0.814579 0.0365318 0.108928 0.000178983 0.0325192 
0.001722 0.0103358 0.566413 0.0318101 0.290142 0.0139238 0.0856533 
0.000737125 0.000301602 0.671196 0.00493979 0.295636 0.000929209 0.0262597 
0.000160767 0.00383224 0.865659 0.0898512 0.0325269 0.00695304 0.00101644 
0.0274091 0.0205317 0.610611 0.0810947 0.128661 0.0634334 0.068259 
5.76235e-05 0.00150587 0.945704 0.0132177 0.0182569 5.45459e-06 0.0212526 
0.00155432 0.0039662 0.812865 0.0729019 0.0923774 0.000256047 0.0160795 
0.000684607 0.0081586 0.389162 0.0549688 0.300578 0.0365121 0.209936 
0.00133241 0.0124564 0.438755 0.0654311 0.365821 0.00797646 0.108228 
3.09691e-05 0.03298 0.592586 0.0321585 0.193782 0.0173886 0.131074 
0.00218347 0.00856791 0.537001 0.0126769 0.406091 0.000256083 0.0332232 
0.00304774 0.0195585 0.867892 0.0114006 0.0975969 1.58783e-05 0.000488755 
0.00236714 0.026894 0.477737 0.0735623 0.39484 0.00159908 0.0230007 
0.00109702 0.0034195 0.585999 0.0191338 0.329473 0.000436507 0.0604408 
3.2791e-06 0.00753634 0.50391 0.0554721 0.102695 0.119676 0.210707 
0.333822 2.85459e-06 0.42737 1.25625e-05 0.104169 0.0362431 0.09838 
2.41122e-09 6.73797e-10 0.641604 0.016823 0.206018 3.18257e-07 0.135554 
0.00373082 0.0162099 0.665507 0.0182211 0.243139 0.0414851 0.0117072 
0.000507061 0.143066 0.627576 0.0157603 0.212608 2.30727e-05 0.000460121 
0.00163753 0.0237664 0.445063 0.101911 0.210177 0.0194444 0.198 
0.00882901 0.012907 0.330752 0.217911 0.252304 0.0125899 0.164707 
0.000507061 0.143066 0.627576 0.0157603 0.212608 2.30727e-05 0.000460121 
8.33902e-06 1.98678e-05 0.55452 0.0104077 0.283044 0.00021218 0.151788 
0.000104233 5.53526e-05 0.642891 0.0293344 0.122092 0.000291362 0.205231 
1.15344e-11 7.99387e-08 0.667683 0.0170862 0.234488 1.3505e-07 0.0807429 
0.000507061 0.143066 0.627576 0.0157603 0.212608 2.30727e-05 0.000460121 
0.00366366 0.0481287 0.373034 0.102988 0.171009 3.23609e-05 0.301144 
2.31193e-06 0.000774608 0.441813 0.0103301 0.19299 9.05118e-05 0.353999 
0.000507061 0.143066 0.627576 0.0157603 0.212608 2.30727e-05 0.000460121 
0.00993797 0.0184768 0.321267 0.101996 0.288368 0.0311474 0.228807 
0.000507061 0.143066 0.627576 0.0157603 0.212608 2.30727e-05 0.000460121 
5.06198e-05 0.00056891 0.827961 0.0253285 0.124327 2.12973e-05 0.0217432 
0.00373082 0.0162099 0.665507 0.0182211 0.243139 0.0414851 0.0117072 
0.000515618 0.00537061 0.497124 0.0136167 0.447163 5.03906e-05 0.0361598 
0.000902639 0.0113796 0.595351 0.0519665 0.247856 0.000133253 0.0924114 
0.000410351 0.0473621 0.401474 0.194181 0.352767 4.99074e-05 0.00375509 
1.18221e-06 0.000399365 0.50882 0.118692 0.171909 0.000252463 0.199927 
0.0041993 0.0209999 0.558127 0.095467 0.172661 0.00120081 0.147345 
0.0343156 0.000482577 0.437521 0.0445532 0.265443 0.000544879 0.21714 
0.0245249 0.224082 0.302567 0.0462654 0.282916 0.0037312 0.115913 
0.000759278 0.00298803 0.672892 0.118959 0.166626 1.70326e-05 0.0377597 
0.000507061 0.143066 0.627576 0.0157603 0.212608 2.30727e-05 0.000460121 
9.45748e-05 0.000438313 0.496625 0.232494 0.239687 0.000499943 0.0301617 
4.69298e-06 0.00206153 0.442083 0.0430831 0.293899 0.0122662 0.206602 
0.000668374 0.000612433 0.92815 0.0161327 0.026858 9.02515e-05 0.0274885 
0.000156191 0.000518712 0.898058 1.8301e-06 0.0996236 8.05233e-07 0.00164049 
1.44405e-05 0.00141072 0.68677 0.0028536 0.290235 8.66988e-05 0.0186294 
0.000785741 0.000405968 0.585232 0.0876732 0.175182 0.00126681 0.149454 
0.000938369 0.00900934 0.40899 0.099196 0.364507 0.000269706 0.117089 
0.00648707 0.00293006 0.775791 0.0732193 0.110979 0.000125874 0.0304674 
0.000177651 0.000186235 0.548434 0.000603963 0.44574 1.48687e-08 0.00485859 
0.000102538 0.00711048 0.495415 0.0285882 0.38307 0.0216298 0.0640836 
0.00357081 0.00498493 0.805452 0.0255004 0.140697 0.00156523 0.0182301 
0.00589494 0.00444225 0.705212 0.0289742 0.177366 0.0242329 0.0538784 
0.00238129 0.0146053 0.363353 0.0278616 0.273602 0.0698945 0.248302 
0.000507061 0.143066 0.627576 0.0157603 0.212608 2.30727e-05 0.000460121 
9.79378e-06 0.00554255 0.543349 0.084195 0.103631 7.70895e-06 0.263265 
9.21519e-05 0.0282992 0.805968 0.0157328 0.116862 0.00294227 0.0301041 
0.000507061 0.143066 0.627576 0.0157603 0.212608 2.30727e-05 0.000460121 
7.00159e-05 0.159085 0.494579 0.0959726 0.221445 0.0204166 0.00843161 
0.00458375 0.0314692 0.454059 0.040284 0.441429 1.17173e-05 0.0281631 
0.000725884 0.011032 0.629695 0.040073 0.267486 0.00471622 0.0462716 
0.0046208 0.0119617 0.631235 0.0125994 0.257897 0.0575364 0.0241499 
