0.00120962 0.000111163 0.0276952 0.654542 0.145259 0.000974483 0.170208 
0.352513 0.0547596 0.00964468 0.448773 0.0993965 0.000204903 0.0347088 
0.0200403 0.0012373 0.00443714 0.930654 0.0366353 0.00036981 0.00662645 
0.022259 0.0260039 0.0396239 0.690411 0.204118 0.000201651 0.0173825 
0.00118852 0.000241386 0.141844 0.821348 0.000201248 0.0350414 0.000134691 
6.10749e-06 1.24535e-05 0.00858799 0.97015 0.0166337 4.10914e-08 0.00460963 
0.00255472 0.140335 0.0177721 0.419106 0.190518 4.78679e-06 0.229709 
5.21409e-06 0.000190267 0.00683513 0.548962 0.437766 4.85189e-06 0.00623661 
0.13175 0.0785332 0.00472367 0.571025 0.195219 6.28957e-05 0.018687 
1.10976e-06 0.0172329 0.167678 0.5565 0.230046 7.18715e-09 0.0285428 
8.67664e-06 0.0425847 0.00187345 0.951161 0.00186992 1.25184e-10 0.00250271 
0.302674 0.0104558 0.0196505 0.476051 0.17096 0.000934204 0.0192733 
0.0147691 0.000731476 0.0993237 0.565176 0.12209 0.000199163 0.19771 
0.000980506 0.000709205 0.0149799 0.932056 0.0118842 6.36158e-06 0.0393842 
6.80064e-05 0.401286 0.0492178 0.463695 0.0806215 2.32692e-05 0.00508806 
8.7655e-05 0.077626 0.0580158 0.450469 0.152658 0.000105937 0.261037 
0.000320583 0.232576 0.013861 0.707935 0.0329898 3.66586e-05 0.0122806 
2.29399e-06 0.0865388 0.211414 0.643716 0.0583291 1.06944e-08 4.83268e-07 
1.25031e-05 0.00192487 0.234683 0.458939 0.16648 3.26474e-06 0.137958 
2.33166e-05 0.00124723 0.118929 0.85282 0.0174568 7.52092e-07 0.00952366 
5.32289e-11 0.000615314 3.11729e-07 0.922575 0.067638 3.29766e-08 0.00917091 
0.0643711 0.0135218 0.159122 0.395575 0.331892 9.05602e-05 0.035428 
0.0131936 0.245547 0.0172176 0.331248 0.229552 0.000455531 0.162786 
0.00806046 0.00762623 0.0151523 0.936771 0.000806039 7.83531e-05 0.0315052 
4.55848e-07 1.24993e-06 0.0408354 0.418863 0.144983 3.61877e-09 0.395317 
0.000701529 0.0613157 0.00488626 0.902504 0.0168971 6.98029e-05 0.0136252 
7.30323e-05 0.0180825 0.0167342 0.773615 0.168267 1.90176e-06 0.0232269 
0.000129177 0.000329226 0.100092 0.798807 0.00088153 6.10082e-05 0.0996998 
0.0263484 0.054358 6.02821e-06 0.913005 9.01686e-07 1.8023e-06 0.00627999 
0.0230671 0.445746 8.74272e-05 0.510504 0.0180776 3.89949e-06 0.00251446 
0.00147029 0.0102784 0.0269388 0.760814 0.144754 0.000425461 0.0553183 
0.000298059 0.381855 7.4652e-05 0.597399 0.018514 0.000248584 0.00161043 
0.00155543 0.00383918 0.046009 0.651799 0.232285 5.27813e-05 0.0644593 
0.016819 0.0294403 0.0670452 0.823336 0.0543886 6.3864e-06 0.00896493 
0.00224095 1.25069e-09 0.000151047 0.646545 0.0637434 4.62286e-06 0.287315 
0.000788188 0.00756954 0.0823145 0.720444 0.0901463 0.00048623 0.0982517 
0.00901657 0.00503607 0.298924 0.418654 0.239157 0.000163754 0.0290488 
0.0575571 0.0542983 0.0490186 0.639742 0.181849 1.9898e-06 0.0175331 
0.0056104 0.0136628 0.00629344 0.479831 0.40183 4.05561e-09 0.0927728 
0.20581 8.64605e-07 0.000768696 0.756978 0.0194961 1.93892e-08 0.0169458 
0.00448306 0.12739 0.0976298 0.59043 0.178948 3.54491e-05 0.00108419 
0.000805992 0.000443083 0.339599 0.420734 0.2218 0.000121049 0.0164968 
0.000286872 0.0470026 0.158903 0.304526 0.297745 0.000690716 0.190845 
0.0195629 0.0109902 0.0942908 0.632279 0.0923622 7.68166e-05 0.150438 
0.0267369 0.0432269 0.0164584 0.538646 0.349248 0.000205172 0.0254782 
0.0131211 0.0300505 0.0654094 0.655507 0.177733 0.000577956 0.0576015 
0.00200358 0.000447443 0.0116505 0.720517 0.125392 7.45573e-05 0.139914 
0.000749878 0.00217853 0.0353544 0.858736 0.0884998 1.33966e-05 0.0144685 
5.54855e-05 0.00395944 0.02378 0.570018 0.15857 1.16195e-05 0.243605 
3.82655e-05 0.000603214 0.00299504 0.958774 0.0344289 0.000120993 0.00303997 
0.0132301 0.00047932 0.0208963 0.75415 0.0267721 0.000239523 0.184233 
0.000796359 0.0242512 0.0151081 0.584489 0.284389 0.000547152 0.0904195 
0.17362 0.0140757 0.0461653 0.588709 0.121712 0.00318118 0.0525362 
0.143412 0.0168484 0.0346311 0.299818 0.254283 0.000961326 0.250047 
0.192315 0.00871815 0.00477008 0.709354 0.0822229 0.000175552 0.00244465 
9.95843e-06 1.03543e-05 0.00178786 0.594946 0.391121 5.80187e-05 0.0120671 
0.000183843 0.0366218 0.00540135 0.699292 0.249229 2.31759e-05 0.00924929 
0.00831988 0.294189 0.100509 0.324335 0.229725 0.000123093 0.0427982 
0.000970751 0.0142996 0.0489579 0.883941 0.038099 0.00019404 0.0135381 
0.000445632 0.0785529 0.244476 0.479681 0.133553 0.000292059 0.0629998 
0.0123991 0.108938 0.0239565 0.620882 0.168442 0.000105366 0.0652772 
0.267009 0.250392 0.00255852 0.356243 0.0987262 0.000259991 0.0248115 
0.0706301 0.00238741 0.0106015 0.344174 0.254825 0.000587384 0.316795 
0.0059591 0.0766262 0.0379864 0.676888 0.151288 0.00459207 0.0466607 
0.112235 0.0410756 0.182158 0.376025 0.192724 5.07614e-05 0.0957312 
0.00613602 0.0746164 0.0355715 0.427304 0.398983 0.00174676 0.055642 
3.16844e-05 0.142449 0.195955 0.434356 0.194011 1.68736e-11 0.0331976 
1.10986e-07 3.0182e-07 0.0391546 0.545744 0.324603 1.06979e-06 0.0904975 
0.160945 0.0756421 0.0216258 0.641385 0.0789785 3.82068e-05 0.0213857 
0.0264471 0.0202168 0.00897591 0.920903 0.0229877 3.43907e-06 0.000465824 
9.47155e-05 0.0150423 0.0258342 0.370238 0.235408 0.000191304 0.353192 
0.00258182 0.0357576 0.0400574 0.752402 0.12258 0.00323367 0.043387 
0.000401137 0.269768 0.0124607 0.545305 0.166268 0.0015061 0.00429138 
3.82655e-05 0.000603214 0.00299504 0.958774 0.0344289 0.000120993 0.00303997 
0.0274253 0.204723 0.0487285 0.592939 0.0729829 0.000611581 0.0525904 
0.0292625 0.00777951 0.042654 0.433995 0.131361 0.00243379 0.352515 
0.00256155 0.10541 0.0401108 0.719857 0.0902854 6.74636e-05 0.0417078 
0.0395655 0.04588 0.068486 0.586051 0.134795 0.00389266 0.12133 
0.0137752 0.00748715 0.239519 0.422234 0.31048 0.0018619 0.00464304 
0.0229547 0.000164027 0.00569447 0.499988 0.234831 3.23314e-07 0.236368 
0.00202177 0.0105662 0.045835 0.456985 0.381454 7.20439e-06 0.10313 
0.000216988 0.0142863 0.026725 0.902437 0.0425532 6.72876e-06 0.0137753 
1.02808e-05 0.00554704 0.0217015 0.789441 0.0845732 0.000309144 0.0984173 
0.00217237 0.00057298 0.0239926 0.480487 0.0558882 0.000239831 0.436647 
0.00644537 0.0690927 0.0426622 0.73451 0.114617 0.00296449 0.0297077 
1.28251e-06 0.00153098 0.0269971 0.788619 0.141468 1.04773e-06 0.0413835 
0.321366 0.0277521 0.00483022 0.34696 0.0234837 0.000198894 0.275409 
0.000989336 2.41048e-08 0.00130099 0.952548 2.37161e-05 3.78256e-08 0.0451374 
0.00407535 0.0128694 0.000686767 0.897013 0.0757214 2.49987e-07 0.00963346 
0.00194187 0.068127 0.0025984 0.84333 0.0544728 0.000257199 0.029273 
0.00353706 0.0936598 0.0264348 0.624532 0.178391 0.00283782 0.0706067 
0.00421526 0.0432587 0.0661804 0.734232 0.132353 0.000851402 0.0189087 
8.67664e-06 0.0425847 0.00187345 0.951161 0.00186992 1.25184e-10 0.00250271 
0.000215124 0.00133831 0.00223584 0.81452 0.180039 4.28821e-06 0.00164807 
0.00106406 9.55138e-07 4.72895e-06 0.996959 0.00185809 2.44737e-08 0.000113188 
0.00372755 0.00236932 0.00349037 0.98765 1.29934e-07 0.00204808 0.000714191 
0.00547059 0.012207 0.141544 0.442997 0.360526 0.000620068 0.0366353 
0.00193381 0.0932576 0.0555691 0.525528 0.246478 0.00104307 0.0761902 
0.000836486 0.0417972 0.041833 0.641921 0.187663 0.00232089 0.083628 
1.20281e-11 2.01015e-08 0.0174618 0.939547 0.0216941 5.27439e-12 0.0212972 
0.00661641 0.0132731 0.0445306 0.598175 0.225791 1.36436e-05 0.1116 
8.43456e-05 0.000201007 0.00374927 0.980329 0.0130466 6.72414e-07 0.0025891 
0.303366 0.045431 0.0281032 0.403777 0.202077 0.00506841 0.0121773 
0.0018645 0.0602009 0.0216646 0.729813 0.102126 0.00357197 0.0807588 
0.00269452 0.109348 0.000352714 0.843619 0.0338589 2.89491e-08 0.0101268 
0.00727797 0.110733 0.00819183 0.568914 0.27386 0.00254393 0.0284791 
3.82655e-05 0.000603214 0.00299504 0.958774 0.0344289 0.000120993 0.00303997 
4.90265e-05 0.0593279 0.0106319 0.828731 0.0973989 3.1573e-06 0.00385763 
0.00372755 0.00236932 0.00349037 0.98765 1.29934e-07 0.00204808 0.000714191 
4.51558e-05 0.0304708 0.0696182 0.825235 0.0742766 5.26977e-06 0.000349468 
0.00382885 0.100637 0.0321341 0.41332 0.336484 0.000546963 0.113049 
0.000114721 2.88703e-06 0.231383 0.378423 0.290397 7.24293e-05 0.0996073 
5.98979e-11 0.0155752 0.149897 0.700241 0.0079337 0.000242731 0.12611 
0.00211908 0.0720096 0.0485777 0.570474 0.280015 0.00537679 0.0214274 
3.82655e-05 0.000603214 0.00299504 0.958774 0.0344289 0.000120993 0.00303997 
0.201046 0.0230596 0.0157249 0.598762 0.0904452 0.0337787 0.0371834 
9.17239e-05 0.0344844 0.00183169 0.879617 0.0257603 6.15695e-07 0.058214 
0.027898 0.0723059 0.000157219 0.717682 0.109449 5.35834e-05 0.0724539 
0.0026515 0.107872 0.0441001 0.555983 0.226871 0.000980162 0.0615418 
0.126417 5.49914e-06 0.0148558 0.425536 0.0940439 0.00025372 0.338888 
0.0131141 0.260716 0.0217955 0.491948 0.192337 0.00307524 0.0170144 
6.81591e-06 0.0538565 0.0531331 0.512205 0.0800213 0.12439 0.176388 
0.00460147 0.0332441 0.049496 0.681858 0.0973292 0.0292952 0.104176 
0.0131781 0.00678348 0.074922 0.386545 0.332763 0.000959334 0.184849 
1.32108e-05 0.433812 0.00516421 0.536179 0.0233376 1.92443e-07 0.00149436 
0.000496018 4.94314e-06 0.00580363 0.603555 0.0097203 2.65707e-10 0.38042 
0.00808817 0.154169 0.000476292 0.790849 0.0384464 0.000179117 0.00779162 
4.21921e-05 0.175484 0.202143 0.337327 0.218764 1.11636e-05 0.0662296 
0.000560578 0.0180385 0.0860692 0.623269 0.141188 9.38161e-05 0.130781 
0.351517 0.00259101 0.00395251 0.601541 0.0331186 0.00604921 0.00123063 
0.000556713 0.247246 9.68611e-10 0.748753 3.57823e-10 3.47166e-06 0.00344076 
0.0264984 0.0438064 0.00243043 0.454118 0.169202 0.000517524 0.303427 
6.50925e-05 0.024215 0.137879 0.485308 0.29589 2.4214e-05 0.0566181 
0.002591 0.000905655 0.160038 0.527391 0.199543 0.00704613 0.102485 
0.000941225 6.19421e-05 0.122088 0.628476 0.0981213 2.46701e-05 0.150287 
0.039456 0.0480046 0.0318936 0.6368 0.229512 0.000104292 0.0142297 
0.0582052 0.00385843 0.00296826 0.723307 0.194723 1.00056e-05 0.0169277 
0.0035908 0.187886 0.000686293 0.749396 0.0573727 8.36449e-07 0.00106766 
0.00785311 0.0782507 0.00668309 0.571771 0.132073 0.02828 0.175089 
0.0218426 0.271341 0.000678825 0.491489 0.204762 2.36206e-05 0.00986341 
9.47155e-05 0.0150423 0.0258342 0.370238 0.235408 0.000191304 0.353192 
0.00755604 1.28338e-07 0.0548809 0.421682 0.330525 0.00581327 0.179543 
0.00372755 0.00236932 0.00349037 0.98765 1.29934e-07 0.00204808 0.000714191 
7.38652e-06 0.00111604 0.00388412 0.909097 0.0758846 2.70151e-07 0.010011 
0.329271 0.0387644 0.00364116 0.542013 0.0363051 4.57759e-05 0.0499597 
0.00209411 0.00288786 0.00608104 0.887047 0.0548335 4.31497e-08 0.0470565 
6.76421e-06 0.0109254 0.0133665 0.732788 0.233168 3.23284e-08 0.00974524 
0.0328692 0.00782155 0.0774811 0.501953 0.341794 0.000987374 0.0370935 
0.00194627 0.34094 0.00652165 0.540479 0.0537757 0.000114172 0.0562228 
0.000107274 0.0856101 0.00513747 0.483684 0.370749 0.00041958 0.0542919 
0.00945783 0.0587694 0.063089 0.732164 0.11256 0.00673113 0.0172288 
3.08445e-09 0.0102178 0.0541785 0.49042 0.343123 2.27682e-07 0.10206 
0.26483 0.161295 0.0342492 0.343895 0.170785 8.33088e-05 0.024862 
0.000191868 0.111716 0.0272626 0.443065 0.399862 0.00105812 0.0168445 
0.00968753 1.4648e-05 0.0103424 0.56433 0.316767 0.000206631 0.0986509 
0.00484838 0.128032 0.0927787 0.590286 0.152525 0.00196068 0.0295691 
0.00312892 0.00542527 0.139497 0.531629 0.134473 5.45856e-06 0.185841 
0.13274 0.258173 0.00575758 0.287327 0.0418213 0.00111129 0.273069 
0.0306886 0.00647794 0.0655097 0.719984 0.165502 3.81822e-06 0.0118338 
0.00021312 3.93636e-08 0.191318 0.426741 0.252591 5.47253e-08 0.129136 
9.74578e-09 5.73907e-05 0.0137232 0.853852 0.0492882 1.9215e-06 0.0830769 
0.000215124 0.00133831 0.00223584 0.81452 0.180039 4.28821e-06 0.00164807 
0.00193095 0.0066876 0.00102316 0.753064 0.0516019 0.000143056 0.185549 
1.44669e-09 0.000489742 0.0151708 0.690035 0.252374 6.34383e-10 0.0419306 
0.00760745 0.000191774 0.0288631 0.697084 0.239282 0.000605757 0.0263661 
0.0277335 0.0598841 0.010466 0.746868 0.128011 0.000213534 0.0268236 
0.0619618 0.0247399 0.00401591 0.636671 0.051652 0.000263616 0.220695 
5.12352e-06 0.0395679 0.0263394 0.565195 0.21469 3.26731e-05 0.15417 
4.91019e-07 0.000260075 0.265935 0.667614 0.0622836 7.3616e-07 0.00390569 
4.70536e-07 0.268084 0.013841 0.387309 0.115015 0.00550754 0.210243 
0.00017622 0.0090789 0.0700536 0.59005 0.142619 0.00165525 0.186367 
0.000627507 0.000117871 0.00255851 0.942379 0.042375 1.40028e-08 0.011942 
0.273878 0.04824 0.0264793 0.501439 0.133188 0.003093 0.013683 
0.00541404 0.0080777 0.034439 0.359254 0.235979 0.00233638 0.3545 
5.79352e-05 0.0604344 0.0661233 0.462175 0.386067 0.000301812 0.02484 
9.52739e-05 5.72151e-06 0.0120622 0.507381 0.152037 0.000298047 0.328121 
0.201794 0.0877727 0.0348392 0.528956 0.114157 0.00181674 0.0306643 
0.0151713 5.05755e-06 5.05788e-06 0.367218 0.299451 5.05708e-06 0.318145 
0.0202851 0.0983638 0.0868022 0.36791 0.324753 0.00438029 0.0975054 
0.0108857 0.00119468 0.00907247 0.792701 0.173475 3.45067e-05 0.0126366 
0.0139561 0.0142834 0.0808527 0.737318 0.098352 0.000450896 0.054787 
0.00372755 0.00236932 0.00349037 0.98765 1.29934e-07 0.00204808 0.000714191 
0.00759984 0.00204245 0.00714605 0.862181 0.113646 4.33877e-05 0.0073418 
3.82655e-05 0.000603214 0.00299504 0.958774 0.0344289 0.000120993 0.00303997 
0.010946 0.0390469 0.0210064 0.692785 0.226974 0.00659861 0.00264347 
0.000200486 0.0204327 0.0186924 0.83529 0.110969 5.63066e-06 0.0144096 
0.0036132 0.00588348 0.217839 0.313614 0.290435 0.0147863 0.153829 
0.000618307 0.0445023 0.0205805 0.796516 0.10942 0.000490953 0.0278725 
0.00016944 0.000350015 0.000132474 0.959499 0.0275998 4.6045e-09 0.0122496 
8.60108e-05 0.00942179 0.00684446 0.557687 0.132981 3.0887e-05 0.292949 
0.00730573 0.0254754 0.00655732 0.807097 0.143974 3.77439e-05 0.00955207 
0.0701361 0.0106624 0.0593532 0.446898 0.345525 7.03453e-05 0.0673553 
0.0539742 0.00857121 0.0233812 0.437638 0.0779358 6.55522e-05 0.398434 
0.00694838 0.0285303 0.0230681 0.537432 0.346948 0.00234134 0.0547318 
0.0206597 0.000106524 0.019494 0.564433 0.160961 0.00112279 0.233222 
5.48742e-06 0.0171704 0.105557 0.783569 0.0858144 4.65126e-06 0.00787967 
1.00716e-06 2.05123e-06 0.0127555 0.955581 0.0248536 3.90796e-10 0.0068064 
0.00372755 0.00236932 0.00349037 0.98765 1.29934e-07 0.00204808 0.000714191 
0.0011907 0.0279546 0.0240671 0.874817 0.0434747 0.00223548 0.026261 
0.000674717 0.000301985 0.00432031 0.392582 0.258781 1.54711e-05 0.343325 
0.0150953 0.0324011 0.00730389 0.689039 0.0716332 2.7339e-05 0.1845 
0.00043354 0.171261 0.235383 0.243918 0.177173 0.00044391 0.171387 
0.000471058 0.0230886 0.0103396 0.545168 0.134836 0.00163177 0.284465 
0.197304 0.0292891 0.000517634 0.629203 0.0414016 0.00049553 0.10179 
3.84442e-08 4.64018e-07 0.0990513 0.806701 0.0648795 5.60067e-11 0.0293677 
0.00158474 0.0541415 0.00023265 0.928423 0.00196913 1.111e-11 0.0136492 
0.00241994 0.00799001 0.00344372 0.956831 0.0165791 1.65992e-06 0.0127349 
0.406618 0.00296751 0.00601004 0.479812 0.079123 0.0249324 0.00053758 
2.60922e-08 0.0210852 0.0166925 0.936624 0.0244715 1.6412e-08 0.00112711 
1.10283e-05 0.337467 0.0134432 0.592053 0.05034 2.06295e-07 0.0066854 
4.28372e-08 0.000309474 0.154354 0.447096 0.130565 1.87843e-08 0.267675 
0.0903457 0.000167906 0.034018 0.411324 0.280759 1.6093e-06 0.183384 
0.000285041 0.00125825 0.00333355 0.457303 0.305577 2.40555e-05 0.232219 
0.143412 0.0168484 0.0346311 0.299818 0.254283 0.000961326 0.250047 
0.0186523 0.340242 0.00402877 0.621844 0.00977724 2.85243e-07 0.00545592 
0.000110962 0.00882645 0.0156404 0.918222 0.0497745 7.06046e-05 0.007355 
5.33727e-10 1.49146e-10 0.0144333 0.756672 0.0838867 2.34042e-10 0.145008 
0.00468175 0.00256737 1.41316e-05 0.570945 0.127803 4.71297e-09 0.293988 
5.68713e-05 0.00368502 0.0478128 0.606168 0.0887882 0.00459476 0.248894 
0.0152407 0.0137517 0.00173449 0.782265 0.057499 2.83491e-07 0.129509 
8.4736e-08 0.0118727 0.0513755 0.865972 0.0671994 7.22418e-05 0.00350787 
0.000838579 0.00270058 0.0185936 0.710573 0.241754 1.60581e-05 0.025524 
0.00584667 7.46986e-06 0.00326079 0.715948 0.0461431 9.65857e-07 0.228793 
0.000385349 0.0279396 0.190368 0.395086 0.284779 0.000225556 0.101216 
4.44212e-05 0.00299149 0.083468 0.381971 0.327661 2.30382e-06 0.203862 
0.0161923 0.023035 0.0469742 0.740993 0.142044 0.00533281 0.0254285 
0.00556385 0.0121525 0.218948 0.41679 0.288156 0.000170836 0.0582187 
0.0316715 2.2214e-05 0.0139409 0.576165 0.312109 0.000806734 0.0652843 
0.0986291 0.050962 0.00411412 0.412802 0.201066 0.000149432 0.232277 
0.0133234 0.0348647 0.010442 0.670432 0.111784 0.000193406 0.15896 
0.00120605 0.0031598 0.152882 0.479446 0.246978 1.62043e-05 0.116312 
0.017514 0.220078 0.219102 0.295938 0.150419 4.24957e-05 0.0969058 
0.00372755 0.00236932 0.00349037 0.98765 1.29934e-07 0.00204808 0.000714191 
0.00505424 0.0426502 0.0430959 0.615064 0.2134 0.00421533 0.0765205 
0.00198338 0.0928882 0.238231 0.340721 0.216686 0.000933162 0.108557 
1.46743e-06 6.90338e-07 0.0025338 0.888589 0.00149928 8.31123e-07 0.107375 
0.00474064 0.425055 0.00817209 0.470737 0.0755838 0.00537671 0.0103346 
0.00846969 6.7059e-06 0.00373055 0.48013 0.15228 0.000125471 0.355257 
1.89828e-11 0.0204163 0.00306499 0.873138 0.0730316 5.55368e-06 0.0303437 
5.36066e-09 0.0796105 0.162151 0.47926 0.213327 0.000155849 0.0654954 
0.000819579 0.0475766 0.0362136 0.706194 0.193537 0.00108711 0.0145724 
0.000812821 0.00245602 0.0640523 0.520991 0.261141 2.07534e-05 0.150527 
2.10337e-06 0.00446194 3.38245e-05 0.917469 0.0567668 1.14171e-07 0.021266 
0.0565851 0.0367763 0.0143609 0.657175 0.112818 0.00111353 0.121171 
0.000585771 0.00120819 0.0140167 0.913668 0.0440324 4.15953e-08 0.0264893 
0.0221688 0.00868057 0.0142527 0.806087 0.114674 0.000240364 0.0338969 
0.000736295 0.00125841 0.0753804 0.45702 0.444899 0.000234091 0.0204714 
3.74694e-05 0.00497933 0.0123684 0.676218 0.120365 1.29598e-05 0.186019 
7.02479e-07 0.0892529 0.0365474 0.718162 0.144228 7.02708e-07 0.011808 
0.073631 4.27498e-05 0.0022351 0.671493 0.0455352 0.000421987 0.206641 
0.000161055 0.0395329 0.00180662 0.82839 0.0764733 8.20862e-05 0.0535541 
0.00204624 0.000640885 0.0303113 0.852119 0.0873648 6.76608e-05 0.0274497 
0.0173977 0.0216696 0.00391192 0.734212 0.0202855 0.000482475 0.202041 
0.00610636 0.00917 0.0569154 0.648807 0.103147 0.00421017 0.171644 
0.0600402 0.0150378 0.0140518 0.475706 0.360056 4.51917e-07 0.0751069 
0.00372755 0.00236932 0.00349037 0.98765 1.29934e-07 0.00204808 0.000714191 
0.000817007 0.212006 0.0212109 0.659202 0.0993215 0.000616481 0.00682688 
0.00021318 0.00172789 4.25515e-05 0.99681 0.000113205 7.15234e-06 0.00108561 
0.371352 0.0185999 0.00422192 0.480663 0.110273 7.30228e-05 0.0148166 
0.0103096 0.0208426 0.0183018 0.547593 0.181406 9.01121e-05 0.221456 
0.0010285 0.0523957 0.088461 0.481371 0.203172 0.00533637 0.168235 
0.000599555 0.22822 0.00303623 0.703822 0.0546323 0.000310141 0.00938018 
0.288635 0.129679 7.50792e-07 0.501029 0.0800163 1.30356e-06 0.000638537 
4.83738e-05 0.0734749 0.0174119 0.402976 0.346053 0.000137224 0.159899 
0.000565409 0.00166184 0.00251188 0.982065 0.00819105 2.12824e-06 0.00500267 
0.00433393 0.00016376 0.122296 0.474206 0.0599732 0.00100769 0.33802 
0.018319 0.0456165 0.00864266 0.486981 0.366117 0.0128918 0.0614318 
0.000934584 0.018172 0.039739 0.917667 0.00611339 1.64853e-06 0.0173724 
0.00929604 0.032144 0.00719865 0.404417 0.404004 0.0149281 0.128012 
0.000195584 0.029867 0.000642136 0.798977 0.00525669 3.8739e-05 0.165023 
0.0260246 0.0644524 0.0279975 0.642069 0.173109 0.000462003 0.0658855 
0.00297461 4.87081e-07 0.0223789 0.811958 0.0982233 3.48037e-07 0.0644644 
7.1844e-08 0.0325201 0.0319964 0.802618 0.0793154 6.16643e-06 0.0535436 
0.143412 0.0168484 0.0346311 0.299818 0.254283 0.000961326 0.250047 
0.272322 0.1023 0.00308222 0.492471 0.117306 0.000383922 0.012134 
0.000235824 0.0803859 0.036107 0.606939 0.271061 1.39868e-05 0.00525757 
0.05536 0.0508385 0.0282716 0.763607 0.077143 3.03479e-05 0.0247495 
4.64409e-05 3.01407e-07 0.000551648 0.649304 0.0269545 4.72972e-07 0.323142 
0.00374722 0.300749 0.00521626 0.336684 0.333371 0.000101687 0.0201303 
8.34193e-07 4.87566e-07 9.14999e-07 0.840099 0.118823 7.31841e-08 0.041076 
2.33145e-05 6.88034e-06 0.0419005 0.738639 0.122686 0.000246845 0.0964976 
0.0166254 0.0761185 0.0700791 0.618421 0.20208 5.04523e-05 0.0166255 
1.34446e-07 0.260542 0.0150715 0.633418 0.0558068 2.1553e-07 0.0351609 
0.0675212 0.0352822 0.0304768 0.803349 0.060632 1.46286e-05 0.00272459 
7.38493e-08 2.06366e-08 0.106128 0.893834 3.7441e-05 3.23833e-08 1.23744e-08 
0.00596305 0.000820533 0.0079398 0.540557 0.101082 2.39266e-06 0.343634 
0.0369002 0.0323312 0.0288711 0.708046 0.156019 0.000436016 0.0373961 
1.413e-06 0.0116274 0.0763019 0.610321 0.139565 0.000116629 0.162067 
3.84442e-08 4.64018e-07 0.0990513 0.806701 0.0648795 5.60067e-11 0.0293677 
0.000740236 0.0183075 0.151587 0.433622 0.350403 0.00627002 0.0390707 
1.83091e-09 2.23493e-07 0.236318 0.369371 0.252728 0.000593262 0.14099 
4.67398e-07 0.298824 0.0150097 0.654772 0.0310536 0.000115172 0.000225103 
0.258614 0.0138911 0.00158969 0.671448 0.0524872 0.000169754 0.00180007 
0.0536118 0.128923 0.0273444 0.753503 0.0338698 2.78648e-06 0.0027457 
3.82655e-05 0.000603214 0.00299504 0.958774 0.0344289 0.000120993 0.00303997 
0.00469655 0.32112 0.0192471 0.476022 0.159577 1.19962e-05 0.0193251 
0.00922225 0.000342959 0.00490872 0.905956 0.0767784 1.09217e-05 0.00278038 
9.60577e-07 0.0022156 0.252202 0.318859 0.141665 0.0125972 0.27246 
0.135882 0.154023 0.0513923 0.485213 0.15664 0.000543618 0.0163058 
2.41716e-05 1.85634e-06 0.0621112 0.440006 0.0579402 3.41022e-05 0.439882 
8.67664e-06 0.0425847 0.00187345 0.951161 0.00186992 1.25184e-10 0.00250271 
0.141559 0.0438084 0.00268765 0.535232 0.0647156 0.000262881 0.211734 
6.99697e-05 8.5596e-06 4.09072e-06 0.988827 0.010377 3.16418e-08 0.000713549 
0.000601416 0.0362998 0.0238355 0.800259 0.103411 9.65722e-05 0.0354965 
0.0521853 0.0740419 0.013379 0.423317 0.0800634 0.000204331 0.356809 
0.0183969 0.0862005 0.0457876 0.572199 0.240988 0.000320023 0.0361082 
0.0206006 0.162084 0.033511 0.658954 0.0988972 0.000528193 0.025425 
0.0263484 0.054358 6.02821e-06 0.913005 9.01686e-07 1.8023e-06 0.00627999 
0.00167375 0.00819416 0.0164675 0.550044 0.313246 0.00618821 0.104187 
0.0893887 0.00877332 0.00495697 0.852453 0.0135991 6.00911e-07 0.0308287 
1.44793e-06 0.0288397 0.0694204 0.668056 0.187741 0.000619182 0.0453217 
1.01059e-09 0.0176322 0.066123 0.593573 0.261314 4.43149e-10 0.0613577 
0.00307753 0.215594 0.0481246 0.592037 0.103121 3.06377e-05 0.0380148 
0.00372755 0.00236932 0.00349037 0.98765 1.29934e-07 0.00204808 0.000714191 
0.000559347 0.104777 0.0151874 0.687764 0.106339 0.0010735 0.0842997 
9.31713e-07 0.00584764 0.348581 0.402428 0.134002 0.000118236 0.109022 
0.000223807 0.00351551 0.00820352 0.495624 0.473268 1.92288e-05 0.0191462 
0.0110127 0.0128644 0.0164838 0.579989 0.184883 0.000198898 0.194568 
0.00611317 0.229453 0.0572753 0.49415 0.208696 1.61291e-05 0.00429634 
8.09005e-05 0.110623 0.018841 0.579237 0.114829 0.0102376 0.166151 
1.67419e-10 0.0368416 0.254234 0.683963 0.0238742 1.17304e-06 0.00108579 
0.000132922 0.0050867 0.0039022 0.479799 0.0502238 0.000601641 0.460254 
0.00157237 0.329406 0.00365822 0.461428 0.114805 0.00187353 0.087257 
0.00118368 0.078193 0.0604257 0.745087 0.104052 0.000378776 0.0106795 
9.56638e-05 0.267729 0.0264766 0.48435 0.202487 0.000186554 0.0186752 
6.88955e-05 0.0015138 0.00940321 0.810917 0.144417 1.06247e-08 0.0336806 
2.83139e-07 1.60236e-07 0.0556303 0.544938 0.0598977 0.000289752 0.339244 
0.00726815 0.13076 0.0358665 0.671561 0.120188 0.000677337 0.0336792 
0.0231078 0.110549 0.0671051 0.598729 0.1467 0.002139 0.0516705 
0.00415487 0.027123 0.0191168 0.835042 0.092517 0.000200236 0.0218466 
0.125565 0.0220485 0.0212317 0.335613 0.177541 0.000117326 0.317884 
0.00201524 0.00573071 0.0389301 0.835043 0.0927595 0.000729957 0.0247916 
0.00372755 0.00236932 0.00349037 0.98765 1.29934e-07 0.00204808 0.000714191 
0.000874629 0.157573 0.0300525 0.383593 0.100172 0.0538886 0.273846 
0.00193141 0.161793 0.0698436 0.457971 0.302875 0.00211444 0.00347266 
0.0666032 0.0459334 0.0141861 0.830284 0.0227286 9.47374e-05 0.0201701 
0.0119669 0.00401942 0.0578932 0.586422 0.193088 4.80955e-05 0.146562 
0.00368797 1.31721e-06 1.3173e-06 0.968245 0.0280616 1.31709e-06 1.31729e-06 
0.000235826 0.0381192 0.0346413 0.571922 0.335871 8.36504e-05 0.0191275 
0.000726715 0.000138772 0.00123305 0.646386 0.0324929 2.02544e-07 0.319022 
0.000433882 0.287028 0.000116397 0.680806 0.0277658 0.000148721 0.00370054 
1.48569e-05 0.00103557 0.282862 0.389234 0.302175 3.73163e-07 0.0246785 
0.0513605 0.0713205 0.0285919 0.646641 0.180555 0.00278276 0.0187479 
0.00880677 0.0564005 0.053159 0.573384 0.238987 0.00259417 0.0666684 
0.0616161 0.064373 0.0161684 0.784388 0.0667195 0.000322478 0.00641207 
0.000145769 0.0223392 0.00412209 0.959023 0.00754886 1.09117e-11 0.00682103 
0.00174817 0.337798 0.0325856 0.370143 0.178619 2.16702e-05 0.0790846 
0.000882612 0.04524 0.120814 0.313854 0.268825 4.97815e-05 0.250336 
0.00069938 0.0617048 0.055653 0.471149 0.194216 0.000895881 0.215681 
0.00654617 0.000353005 0.0365833 0.740256 0.15121 0.000185906 0.0648651 
8.34949e-06 4.27342e-06 0.000956975 0.809502 0.188415 4.37659e-10 0.00111286 
7.13322e-05 0.000240298 0.0175768 0.957555 0.0180749 1.52348e-06 0.00647962 
0.003609 0.0534614 0.0114029 0.576318 0.0860847 0.000345508 0.268778 
0.236418 0.138588 0.0195159 0.348658 0.234341 0.000467798 0.0220115 
0.145493 0.0888025 0.0216497 0.474579 0.216449 0.000519464 0.0525076 
1.63715e-06 0.0371806 0.144469 0.396562 0.191981 0.00311325 0.226693 
1.82455e-08 0.000628592 0.000930806 0.836886 0.14403 6.22835e-07 0.0175234 
4.02202e-05 0.000469058 0.00227449 0.968898 0.0258941 0.000100865 0.00232337 
0.10589 0.000265602 0.00326379 0.473523 0.349604 4.41838e-06 0.0674497 
0.000768542 0.032766 0.0405773 0.402844 0.200244 0.00014536 0.322655 
0.102619 0.0649705 0.0108343 0.725823 0.094259 3.60956e-05 0.00145868 
0.00182668 0.0343204 0.0396581 0.582585 0.221612 8.93374e-05 0.119909 
0.00595884 0.288088 0.00152223 0.525193 0.13309 1.15294e-07 0.0461478 
0.00221554 0.314756 0.00766161 0.566406 0.0658794 0.000142711 0.0429388 
0.0126055 0.168515 0.0288057 0.724283 0.0381487 0.00467448 0.0229669 
0.00125367 0.29318 0.000130583 0.668856 0.0317936 0.000518219 0.00426786 
2.13957e-07 4.01532e-07 0.0120745 0.415805 0.327094 0.239718 0.0053075 
0.000118791 0.0429797 0.229137 0.313943 0.119689 0.0103603 0.283773 
4.91019e-07 0.000260075 0.265935 0.667614 0.0622836 7.3616e-07 0.00390569 
0.172439 0.00629358 0.00201104 0.512187 0.10697 0.00105819 0.199041 
9.76064e-10 0.0331603 0.0281467 0.843676 0.0444014 9.68074e-07 0.0506149 
0.0108923 0.0252559 0.000673827 0.958158 0.00266797 1.90358e-08 0.00235173 
0.000559878 0.0397344 0.0503664 0.69953 0.181698 0.000620735 0.0274909 
0.126991 0.0369698 0.00181928 0.74625 0.0233261 9.4205e-05 0.0645498 
6.84322e-05 0.278691 0.0858377 0.347673 0.259061 5.92914e-05 0.0286093 
0.0874145 0.00318763 0.0212624 0.622219 0.147892 0.000158247 0.117867 
0.000638032 0.00391752 0.0107786 0.693505 0.241072 0.000174066 0.049915 
4.00127e-10 2.45613e-05 0.0333421 0.562923 0.349649 9.08749e-07 0.0540602 
0.000785984 0.117032 0.02108 0.672222 0.0744368 4.63129e-05 0.114397 
0.020912 0.0260949 0.00488909 0.46212 0.290844 0.000322966 0.194818 
0.0103444 0.063312 0.0225429 0.614286 0.21034 0.000365119 0.0788087 
3.94854e-05 0.0228603 0.210489 0.544648 0.21792 8.04413e-05 0.00396292 
0.0706911 0.00396236 0.112171 0.583168 0.206396 7.48569e-08 0.0236115 
1.18185e-08 0.192366 0.0369237 0.477936 0.222318 0.000201598 0.0702541 
1.07812e-05 0.0280536 0.0873804 0.444425 0.234089 1.07847e-05 0.20603 
5.3561e-05 0.000661438 0.00372146 0.942938 0.0482003 0.000169381 0.00425592 
0.0900478 0.0912476 0.0554814 0.549595 0.170416 0.00311917 0.0400929 
0.131926 0.098857 0.0233812 0.596666 0.0704809 0.000357603 0.0783317 
0.0482936 0.017071 0.0027532 0.794514 0.133028 1.8421e-07 0.0043401 
0.0427338 0.00281596 0.000496197 0.554352 0.0969118 0.000438187 0.302252 
4.23414e-08 0.157825 0.0258501 0.685121 0.131081 4.09359e-08 0.000122088 
0.000929781 0.215959 0.0601997 0.504738 0.0841068 3.85365e-05 0.134027 
1.48313e-05 0.0166317 0.00259988 0.719351 0.162804 0.000259736 0.0983384 
0.00386244 0.0236441 0.000301556 0.707251 0.179794 6.57857e-06 0.0851411 
0.0160954 0.0578189 0.0270705 0.744206 0.128541 0.00201318 0.0242552 
0.00207067 0.0154647 0.0797 0.509008 0.275913 0.00451009 0.113334 
1.06677e-05 0.0266026 0.0599877 0.659641 0.251187 5.67855e-05 0.00251399 
0.117652 0.0246445 0.0341115 0.58207 0.101192 1.56e-08 0.14033 
3.17525e-07 0.0571407 0.0074349 0.912824 0.018657 4.88901e-07 0.00394277 
0.000248758 0.000682008 0.0121269 0.96156 0.0240959 4.54693e-08 0.00128624 
3.82655e-05 0.000603214 0.00299504 0.958774 0.0344289 0.000120993 0.00303997 
0.0345815 0.00257339 0.0498693 0.34228 0.31538 0.00023017 0.255086 
0.033879 0.0466348 0.0569229 0.42388 0.366321 0.0315277 0.0408344 
1.28005e-09 0.120699 0.216356 0.372424 0.191252 0.000370629 0.0988983 
0.0339766 0.353453 0.0302306 0.43338 0.124655 0.000514961 0.02379 
0.142795 0.0368372 0.0198259 0.614007 0.10333 0.00325107 0.0799541 
3.69022e-06 5.69464e-05 0.417955 0.478315 0.0962133 3.37064e-06 0.00745268 
0.106462 0.0339654 0.0312841 0.643144 0.0834169 0.003306 0.0984218 
0.00485536 0.254737 0.0345459 0.524688 0.142961 9.90348e-05 0.0381138 
0.0220195 0.18805 0.0355322 0.595259 0.13916 0.000172215 0.0198069 
0.00386244 0.0236441 0.000301556 0.707251 0.179794 6.57857e-06 0.0851411 
2.05493e-06 0.000101752 0.0184072 0.51383 0.396717 9.50875e-07 0.0709403 
1.92656e-05 0.195476 0.0615192 0.256076 0.236707 0.0506761 0.199526 
0.00221554 0.314756 0.00766161 0.566406 0.0658794 0.000142711 0.0429388 
0.000148674 0.00113685 0.0339617 0.489029 0.175908 1.20864e-05 0.299803 
7.85204e-06 0.000695812 0.0247571 0.841994 0.118048 1.99024e-05 0.0144773 
4.00988e-07 0.0012084 0.000803807 0.996604 0.000484989 1.75835e-07 0.000897937 
3.82655e-05 0.000603214 0.00299504 0.958774 0.0344289 0.000120993 0.00303997 
0.0158902 0.025997 0.0104233 0.565552 0.0356417 6.11606e-06 0.34649 
1.14331e-05 0.000128072 0.0434756 0.777345 0.170423 9.23556e-08 0.0086169 
0.0047788 5.96286e-05 0.0964328 0.528166 0.239163 0.000100252 0.131299 
0.012866 0.00829869 0.170188 0.331206 0.23179 0.000854207 0.244797 
0.0010523 0.0380454 0.0001802 0.952727 0.00579907 1.8094e-07 0.00219598 
0.00694534 7.56827e-07 0.000298801 0.655989 0.102425 7.66479e-05 0.234265 
8.54798e-08 0.0789059 0.123346 0.471203 0.0767203 0.000184891 0.24964 
0.00025063 0.000665942 0.0227888 0.698108 0.130184 1.98132e-05 0.147983 
1.40176e-08 0.0802819 0.0162018 0.827594 0.0758837 6.1468e-09 3.90779e-05 
0.0267608 0.00105805 0.00986105 0.712971 0.158973 8.96092e-07 0.090375 
0.0138704 0.0193694 0.0171017 0.610088 0.0878003 0.000500856 0.251269 
0.00300151 0.0695798 0.0631558 0.709271 0.112411 0.0138332 0.0287474 
0.342924 0.0680002 0.00702672 0.505354 0.0640146 0.00624085 0.00643976 
4.67398e-07 0.298824 0.0150097 0.654772 0.0310536 0.000115172 0.000225103 
0.0444238 0.0289 0.0145009 0.801755 0.081532 0.00128232 0.0276059 
3.50584e-07 0.115365 0.0147885 0.731957 0.033939 3.49751e-07 0.10395 
0.0142087 0.0137418 0.0117446 0.576231 0.301847 0.00634387 0.0758827 
0.006886 0.0402369 0.0021478 0.858807 0.0816654 3.41088e-05 0.0102224 
0.00113841 0.0620504 0.00529721 0.83474 0.094481 1.82742e-05 0.00227522 
0.000779567 0.00445664 0.107512 0.384467 0.155567 3.44538e-05 0.347183 
0.00488697 3.27828e-09 0.000525425 0.940955 0.0130972 6.49176e-10 0.0405353 
0.00627827 0.131373 0.0519729 0.522248 0.206177 0.000307506 0.081643 
6.27105e-08 0.00432146 0.00063673 0.907241 0.0589113 0.00026872 0.0286211 
0.00227319 0.000521875 0.00660476 0.473618 0.139035 0.000188113 0.377759 
0.000420484 0.00389758 0.0261623 0.766666 0.164653 0.000188683 0.0380115 
9.46322e-05 0.0114484 0.111177 0.516633 0.29501 8.51393e-05 0.0655518 
0.026538 7.12582e-05 0.0243842 0.522352 0.313143 2.41772e-05 0.113487 
0.00067346 0.013917 0.0275971 0.615714 0.316335 9.52263e-05 0.0256676 
0.00593763 0.115504 0.00260042 0.626694 0.0724113 0.00246266 0.174391 
0.0343145 0.058627 0.0251142 0.655584 0.0846718 5.70902e-05 0.141631 
0.000130605 0.0181104 0.0133516 0.552175 0.165805 6.34944e-05 0.250363 
0.00130404 0.00615809 0.165787 0.480836 0.297617 0.0001476 0.0481496 
0.0860255 0.0124389 0.0420808 0.785866 0.0650048 3.08002e-05 0.00855352 
0.00944213 8.93099e-05 0.0354671 0.774454 0.150701 1.82436e-05 0.0298281 
9.76064e-10 0.0331603 0.0281467 0.843676 0.0444014 9.68074e-07 0.0506149 
0.000105749 0.000588805 0.40224 0.421871 0.146095 2.91067e-05 0.0290705 
0.0121258 0.0231867 0.0253217 0.759592 0.140653 0.0102228 0.0288982 
0.0281245 0.0800728 0.0483936 0.587092 0.196362 0.0045535 0.0554019 
0.0106431 8.54991e-05 0.0329236 0.475981 0.345176 2.09237e-06 0.135189 
0.0298327 0.000196586 0.124935 0.448371 0.160328 0.000249788 0.236086 
0.143412 0.0168484 0.0346311 0.299818 0.254283 0.000961326 0.250047 
0.000685675 0.180494 0.0177996 0.677198 0.118772 3.54226e-05 0.0050147 
0.000133976 0.01954 0.06112 0.38725 0.385823 2.54589e-05 0.146107 
0.00194627 0.34094 0.00652165 0.540479 0.0537757 0.000114172 0.0562228 
0.00267211 0.0664664 0.0163309 0.696795 0.081068 0.00615357 0.130514 
0.0366681 0.0219031 0.0104082 0.782654 0.101146 1.52053e-05 0.0472058 
0.00503279 1.87617e-05 0.00494129 0.414263 0.372706 1.52067e-05 0.203022 
0.00567596 0.115981 0.0427838 0.65216 0.138327 0.000525948 0.0445459 
0.0110633 1.79287e-10 0.15277 0.381777 0.196515 4.47453e-07 0.257874 
5.67497e-07 0.00120685 0.14339 0.503157 0.273195 0.0003295 0.0787216 
0.0722622 0.0325438 0.0109919 0.707028 0.152189 0.0103476 0.0146376 
0.0118999 0.0171968 0.00319793 0.570449 0.184309 3.21357e-05 0.212915 
0.0382046 0.0644848 0.00895357 0.819057 0.0546455 0.000480664 0.0141736 
4.82437e-06 0.00186155 0.0933821 0.473221 0.352898 6.93466e-05 0.0785636 
0.000453492 0.0272597 0.00774137 0.529361 0.410524 6.75184e-06 0.0246542 
9.73962e-07 9.74369e-07 0.0164689 0.528941 0.196947 9.7428e-07 0.25764 
0.00754865 0.181843 0.0153406 0.66392 0.120808 0.000276948 0.0102626 
0.00023321 0.000495398 0.0285549 0.882754 0.0683521 1.87466e-07 0.0196099 
4.51408e-07 3.07738e-05 0.0147683 0.581763 0.392503 2.53472e-07 0.0109338 
0.041588 0.0386061 0.0264537 0.597951 0.1268 8.124e-05 0.16852 
0.0689465 0.00919167 0.0401146 0.435288 0.394336 0.000277705 0.0518455 
0.000161025 0.000161093 0.000161103 0.999033 0.000161113 0.000161078 0.000161102 
0.00341037 0.0126769 0.0114545 0.773773 0.0526713 9.85285e-06 0.146004 
0.000211454 0.00193428 0.141902 0.75937 0.0538641 9.37437e-06 0.0427085 
0.0765998 3.58335e-07 0.0149355 0.558737 0.105289 8.39099e-06 0.24443 
3.53997e-09 9.89219e-10 1.61982e-06 0.605795 7.15612e-06 1.5523e-09 0.394196 
0.000298681 0.0884922 0.0397959 0.693911 0.0770574 5.46376e-05 0.10039 
4.94833e-09 0.00634607 0.00392551 0.64482 0.305937 0.000202786 0.0387693 
2.48881e-10 0.308131 0.27901 0.377004 0.0341135 7.60867e-05 0.00166484 
0.019789 0.00193286 0.000931736 0.655547 0.229371 1.64291e-05 0.0924124 
0.00191411 0.0320336 0.0375548 0.533586 0.105171 0.0119252 0.277816 
0.00251884 0.00178589 0.0106854 0.896761 0.045046 3.94184e-05 0.043163 
0.216907 6.88992e-05 0.0412078 0.347507 0.100267 1.78263e-06 0.29404 
0.00131084 0.0981029 0.00315142 0.749629 0.0592854 0.000216377 0.0883041 
3.82655e-05 0.000603214 0.00299504 0.958774 0.0344289 0.000120993 0.00303997 
0.000717816 0.0675882 0.0283195 0.7403 0.147233 0.000437052 0.0154048 
0.0212663 0.0451351 0.078486 0.516505 0.266565 0.00294828 0.0690947 
7.32603e-08 0.000360341 0.107742 0.831446 0.0577548 1.00596e-07 0.00269751 
0.0187401 0.114064 0.0239507 0.55987 0.256354 0.000498478 0.0265227 
0.000663501 1.33958e-09 0.0030228 0.736778 0.216728 1.88445e-07 0.0428075 
0.000892016 0.332842 0.00660554 0.511808 0.0802319 0.00192566 0.0656953 
0.000847712 0.032142 0.0137885 0.663605 0.241607 7.48455e-06 0.0480019 
0.00212024 0.00173266 0.0342781 0.765562 0.0274655 0.00020306 0.168638 
0.000489177 0.0500795 0.00630701 0.563747 0.325079 3.90409e-05 0.0542586 
0.242655 0.163043 0.00553192 0.527604 0.0431759 0.000560585 0.0174293 
0.00102048 0.001675 0.0266326 0.83156 0.121563 0.000491606 0.0170571 
1.2346e-06 8.2606e-07 1.3289e-05 0.651606 0.295378 1.0114e-06 0.0529999 
0.016475 0.00108531 0.0326994 0.480139 0.339846 3.10661e-05 0.129724 
0.00500943 0.0166925 0.110141 0.760394 0.0484279 0.00223546 0.0570999 
0.00367765 5.63335e-05 0.0118839 0.665456 0.0616171 0.00022217 0.257087 
7.39404e-09 1.15634e-06 0.0532902 0.57087 0.162085 8.92412e-07 0.213752 
0.00158474 0.0541415 0.00023265 0.928423 0.00196913 1.111e-11 0.0136492 
5.16173e-07 0.357504 0.0185798 0.562104 0.0593713 3.69875e-08 0.00243998 
0.000121863 0.381939 0.0264514 0.38476 0.17145 3.08903e-05 0.0352476 
0.00656728 0.0317326 0.0559726 0.552273 0.24689 3.16332e-05 0.106533 
0.00223582 0.163619 0.0137651 0.641654 0.0901276 3.45106e-05 0.0885634 
0.0256048 0.0622333 0.00551398 0.502905 0.391285 0.000927728 0.0115297 
0.000128639 1.68417e-05 0.0367476 0.43216 0.10691 8.16711e-07 0.424036 
0.00346058 0.0286874 0.129354 0.505354 0.0586157 0.00225306 0.272275 
0.0293754 0.196142 0.00760878 0.632055 0.127945 6.74337e-05 0.00680528 
0.000123967 1.15089e-07 0.000272182 0.999024 2.57752e-08 1.80599e-07 0.000579761 
6.0392e-05 0.416249 0.0281127 0.522764 0.032243 9.64594e-11 0.000571012 
0.00109639 0.00438436 0.00382486 0.956799 0.024337 8.981e-07 0.00955712 
0.000171553 0.0180669 0.000265588 0.938043 0.0403832 1.1474e-06 0.00306815 
0.133557 0.0334471 0.0187055 0.404537 0.0782454 0.000279295 0.331229 
1.72512e-05 0.0062667 0.00653524 0.69749 0.238757 0.000131989 0.0508017 
0.0137706 0.00889018 0.0669056 0.45986 0.310284 0.000614558 0.139675 
3.42674e-05 0.00658391 0.0301006 0.657842 0.129879 2.93103e-05 0.175531 
0.00561328 0.0744574 0.0297294 0.770883 0.0949315 0.000922288 0.023463 
0.00127473 0.045753 0.0456435 0.414675 0.179739 0.00041254 0.312502 
2.10337e-06 0.00446194 3.38245e-05 0.917469 0.0567668 1.14171e-07 0.021266 
0.0001936 0.00811859 0.0112774 0.707084 0.18082 0.000866916 0.0916396 
1.53877e-05 0.0166614 0.0356077 0.4733 0.0871171 0.325971 0.0613279 
0.00050394 0.0160853 0.0290104 0.681282 0.142613 0.00588007 0.124625 
0.00862746 0.0206454 0.000551131 0.523532 0.129011 0.00342609 0.314207 
0.0199585 0.112923 0.0403809 0.666802 0.117296 0.00183691 0.0408041 
3.48715e-05 0.0234033 0.0826111 0.687151 0.134898 8.21831e-05 0.0718187 
0.00116274 0.000138021 0.000659737 0.745036 0.233786 1.67891e-06 0.0192159 
0.000466978 0.0788746 0.0177386 0.778574 0.100771 4.69491e-05 0.0235282 
0.0582882 0.00724673 0.00558059 0.826162 0.0639358 0.000151693 0.0386353 
0.000691467 0.00260509 0.091685 0.541254 0.348204 3.18217e-05 0.0155285 
0.0585587 0.0885485 0.00219264 0.771694 0.0361003 0.00201641 0.0408896 
0.0136848 0.141379 0.00885765 0.716112 0.0909154 0.00127347 0.0277776 
0.0849268 0.240798 0.025333 0.479794 0.138668 0.00271609 0.0277644 
0.0260819 1.44348e-06 0.000182582 0.86088 0.000602396 2.26514e-06 0.11225 
0.057529 0.00215487 0.00310238 0.854648 0.0323708 9.3309e-08 0.0501949 
0.00236558 0.0302987 0.008467 0.389188 0.372809 7.53851e-05 0.196796 
0.00146654 0.0221477 0.0103531 0.656899 0.103288 0.000164051 0.205682 
0.0101624 0.124149 0.0862859 0.378897 0.370914 9.93393e-05 0.0294916 
0.00237317 0.100832 0.234704 0.345015 0.24289 0.000216818 0.0739685 
1.95309e-06 5.45775e-07 0.0466851 0.82089 0.0200544 8.56439e-07 0.112368 
1.53634e-11 0.0211219 0.0171439 0.872606 0.070812 5.25535e-08 0.0183166 
0.00734002 0.147678 0.0218771 0.681088 0.108856 0.00542541 0.027735 
0.00357295 0.354672 0.010745 0.505385 0.120569 0.000194434 0.00486167 
0.0304839 0.00371647 0.31734 0.459558 0.0725465 5.80025e-06 0.11635 
0.00221554 0.314756 0.00766161 0.566406 0.0658794 0.000142711 0.0429388 
