0.00125645 0.0368141 0.141227 0.619461 0.144482 0.000105552 0.0566532 
8.49907e-11 2.20899e-07 0.00201732 0.997982 1.64896e-07 3.72689e-11 3.88801e-07 
0.0123291 0.00933408 0.0156995 0.488413 0.433752 0.000191903 0.0402799 
0.00404652 0.000780933 0.0591989 0.700548 0.194481 1.38277e-09 0.0409451 
0.0719751 0.0501918 0.01807 0.426048 0.198945 0.00875273 0.226017 
0.112011 0.102901 0.0406216 0.701112 0.0424862 2.02491e-05 0.000847488 
0.00811686 0.000999455 0.0628249 0.844505 0.0336609 2.86745e-05 0.0498641 
3.02521e-05 0.0489136 0.027457 0.483134 0.412263 0.000184324 0.0280171 
0.143412 0.0168484 0.0346311 0.299818 0.254283 0.000961326 0.250047 
0.0268026 0.0410465 0.0479753 0.687407 0.159647 0.00478547 0.0323361 
0.00163821 0.0608573 0.0223735 0.857925 0.0538133 1.28328e-07 0.00339259 
0.00096057 0.0028783 0.0496854 0.457827 0.440305 0.0202577 0.0280865 
1.76587e-11 5.92645e-09 2.54315e-08 0.99985 3.94429e-07 7.74345e-12 0.000149352 
0.00136591 0.0675148 0.0977282 0.341093 0.228967 0.000136011 0.263195 
5.00595e-06 0.0718929 0.0844614 0.415527 0.296162 0.016908 0.115043 
0.00700411 0.0172832 0.00112326 0.412345 0.183904 0.000424796 0.377915 
8.67664e-06 0.0425847 0.00187345 0.951161 0.00186992 1.25184e-10 0.00250271 
0.00315045 0.104594 0.0262957 0.702424 0.110853 0.0163796 0.0363037 
0.000109734 0.00581714 0.0146336 0.583896 0.234136 0.000182729 0.161225 
3.82655e-05 0.000603214 0.00299504 0.958774 0.0344289 0.000120993 0.00303997 
0.000667005 0.00855704 0.0287688 0.709347 0.162424 1.06027e-05 0.0902258 
0.0041371 0.0871705 0.102651 0.311472 0.107001 0.122273 0.265296 
0.000460456 0.0336777 0.17851 0.401004 0.273416 6.16213e-05 0.112871 
0.00396052 0.190106 0.0139558 0.62421 0.0749433 2.1216e-05 0.092803 
1.63712e-05 1.52647e-07 0.00260497 0.576983 0.298038 0.000721503 0.121636 
0.000656714 0.00253374 0.0254403 0.779821 0.0524726 1.47246e-05 0.139061 
0.136709 0.0570567 0.0311868 0.610508 0.120015 0.000196032 0.0443289 
0.0604329 0.0537161 0.0556436 0.561111 0.195437 0.0408512 0.0328083 
1.89828e-11 0.0204163 0.00306499 0.873138 0.0730316 5.55368e-06 0.0303437 
0.000157506 0.000786247 0.110714 0.851946 0.0126736 7.74728e-05 0.0236452 
9.96198e-06 0.000573471 0.0281438 0.881832 0.055119 1.13946e-08 0.0343218 
6.83141e-07 0.00394195 0.0309517 0.603547 0.185366 0.000248813 0.175944 
0.112334 0.0824976 0.0394239 0.411854 0.260529 0.00180776 0.0915545 
1.21152e-10 3.3855e-11 0.0139276 0.806915 0.124387 0.00016185 0.0546091 
0.000433882 0.287028 0.000116397 0.680806 0.0277658 0.000148721 0.00370054 
0.00372755 0.00236932 0.00349037 0.98765 1.29934e-07 0.00204808 0.000714191 
0.000702163 0.135444 0.0150528 0.530969 0.306311 6.67219e-07 0.0115199 
1.06766e-08 0.00443183 0.00110983 0.984384 0.00486868 3.68923e-06 0.00520171 
0.0194097 0.00300242 0.000132063 0.376906 0.302042 0.0013148 0.297193 
0.354069 0.0507442 0.0262069 0.412258 0.0915133 0.000267996 0.064941 
0.00386244 0.0236441 0.000301556 0.707251 0.179794 6.57857e-06 0.0851411 
2.22759e-05 0.00679277 0.103527 0.707743 0.161169 5.67539e-05 0.020689 
0.0013826 0.112623 0.0201989 0.550051 0.218374 0.000123667 0.097246 
0.00566419 0.045923 0.018287 0.839866 0.068084 0.000144873 0.0220306 
0.00531639 0.000837441 0.0129127 0.484677 0.476624 5.69287e-06 0.0196266 
0.00631147 0.128003 0.00699576 0.728491 0.101184 0.00501261 0.0240013 
8.64943e-09 5.90495e-05 0.0628922 0.926889 0.00460665 3.79283e-09 0.00555293 
0.00129596 0.0298265 0.0235703 0.724509 0.187128 1.13843e-05 0.0336582 
0.0209179 0.0315899 0.0342232 0.808876 0.0877839 0.00744396 0.0091649 
0.0876292 0.0534401 0.0725632 0.533544 0.0850135 6.17708e-08 0.16781 
1.36509e-09 0.0101944 0.0245139 0.674761 0.27474 1.10167e-06 0.0157895 
0.0058876 0.00786251 0.027116 0.707289 0.124935 0.0304983 0.0964123 
0.38496 0.0597433 0.000941793 0.476606 0.065979 0.00384746 0.0079231 
0.000287513 0.000475245 0.044709 0.388026 0.357673 2.14386e-05 0.208808 
0.00794607 0.276135 0.0103414 0.539632 0.134243 0.00140201 0.0303006 
0.00278671 0.352916 0.00358112 0.484489 0.107306 0.0116425 0.0372791 
0.17362 0.0140757 0.0461653 0.588709 0.121712 0.00318118 0.0525362 
0.0056104 0.0136628 0.00629344 0.479831 0.40183 4.05561e-09 0.0927728 
0.000442899 0.00741393 0.0307707 0.340079 0.310153 0.0125821 0.298558 
0.000255052 0.00136482 0.00896181 0.650365 0.199753 0.000153038 0.139147 
0.00261264 0.104715 0.00316055 0.715386 0.150027 5.61693e-06 0.0240931 
0.00115279 0.0446414 0.00655139 0.424318 0.328229 0.00023843 0.194869 
0.0282351 0.0409394 0.0668108 0.408688 0.0660477 0.00184527 0.387433 
0.00287992 0.0171628 0.251393 0.344913 0.286074 0.000689188 0.0968887 
9.74578e-09 5.73907e-05 0.0137232 0.853852 0.0492882 1.9215e-06 0.0830769 
0.00372755 0.00236932 0.00349037 0.98765 1.29934e-07 0.00204808 0.000714191 
0.0263484 0.054358 6.02821e-06 0.913005 9.01686e-07 1.8023e-06 0.00627999 
0.00860474 0.0404608 0.0235594 0.745526 0.145958 0.00288839 0.0330031 
0.0599288 0.0177474 0.045193 0.568769 0.220716 0.00159628 0.0860497 
0.00048912 0.015567 0.191381 0.424587 0.239213 0.011864 0.116899 
0.00157513 0.182899 0.092249 0.587196 0.103624 0.00295695 0.0295007 
9.47155e-05 0.0150423 0.0258342 0.370238 0.235408 0.000191304 0.353192 
5.39827e-05 0.42847 0.0369245 0.45534 0.074057 1.78227e-05 0.00513713 
0.040612 9.13702e-07 0.0239039 0.486896 0.0179714 2.25151e-07 0.430616 
0.160945 0.0756421 0.0216258 0.641385 0.0789785 3.82068e-05 0.0213857 
9.47155e-05 0.0150423 0.0258342 0.370238 0.235408 0.000191304 0.353192 
0.00105553 0.101145 0.111707 0.321166 0.202047 0.000453166 0.262427 
0.0274253 0.204723 0.0487285 0.592939 0.0729829 0.000611581 0.0525904 
0.00100873 0.0097482 0.0716862 0.623222 0.17159 4.844e-06 0.12274 
0.00118947 0.00254754 0.11191 0.745343 0.130611 0.000211783 0.00818719 
1.68173e-05 0.000850666 0.0588465 0.54497 0.154492 0.00174384 0.239081 
2.49392e-06 0.0113548 0.0304279 0.906614 0.04588 1.05122e-05 0.00570985 
0.000212017 0.134719 0.00671854 0.504498 0.347998 9.69525e-06 0.00584475 
3.52577e-05 0.000386414 0.296475 0.417649 0.0600703 7.26778e-05 0.225312 
0.00248103 0.00591315 0.0315552 0.615865 0.20784 0.00697377 0.129372 
0.0123048 0.245813 0.011746 0.613177 0.0790434 0.000432367 0.0374829 
0.0232591 0.0246523 0.0185091 0.845321 0.0727669 0.000210583 0.0152806 
8.16783e-06 0.000424541 0.061067 0.646358 0.209104 9.3334e-07 0.0830378 
0.182306 0.000112651 0.000776902 0.435628 0.103098 0.000560899 0.277518 
1.34329e-05 0.163964 1.34394e-05 0.604808 0.0457104 1.34373e-05 0.185477 
5.33215e-05 0.00413086 0.0470539 0.863584 0.0769379 0.000178169 0.00806135 
0.000252071 0.00186049 0.0877379 0.520367 0.184896 0.000881727 0.204005 
2.82047e-11 0.000110028 0.193597 0.69117 0.114733 6.63183e-07 0.000389581 
2.29707e-06 0.0196591 0.0151954 0.556047 0.283224 3.90922e-10 0.125871 
0.00610286 7.93053e-05 0.000636225 0.723519 0.232365 2.08889e-06 0.0372959 
0.000991111 0.000287573 0.0357587 0.403237 0.312264 0.00056546 0.246896 
4.94175e-11 0.00102561 5.55e-07 0.926991 0.056698 5.86923e-08 0.015285 
1.06015e-06 6.17581e-08 0.133458 0.427114 0.224371 7.11535e-08 0.215057 
0.000235229 0.224862 0.0161503 0.434366 0.280654 3.08247e-05 0.0437012 
0.00769877 0.196238 0.0274643 0.62352 0.129429 0.00464336 0.0110057 
0.0396867 0.0475032 0.0229013 0.78281 0.0624268 2.57131e-05 0.0446463 
0.00957559 0.00135067 0.0295898 0.590619 0.154345 0.000110037 0.21441 
7.63518e-06 0.0343804 0.0351465 0.487384 0.0702897 7.63767e-06 0.372784 
0.000989336 2.41048e-08 0.00130099 0.952548 2.37161e-05 3.78256e-08 0.0451374 
6.72127e-06 6.72408e-06 0.0766663 0.418958 0.131143 0.0215217 0.351698 
0.000259478 0.111703 0.00280462 0.818077 0.0619992 0.00203982 0.00311735 
2.10337e-06 0.00446194 3.38245e-05 0.917469 0.0567668 1.14171e-07 0.021266 
0.0101546 0.0175054 0.086798 0.610464 0.190581 0.00102994 0.0834669 
0.0369002 0.0323312 0.0288711 0.708046 0.156019 0.000436016 0.0373961 
6.43144e-06 6.43413e-06 0.308866 0.476178 0.150585 6.43354e-06 0.0643517 
0.00372755 0.00236932 0.00349037 0.98765 1.29934e-07 0.00204808 0.000714191 
0.0170018 0.140445 0.0133783 0.604339 0.100987 0.0133947 0.110454 
0.00661641 0.0132731 0.0445306 0.598175 0.225791 1.36436e-05 0.1116 
1.06951e-07 0.00216075 0.00374332 0.889527 0.0470036 0.000494801 0.0570701 
1.00945e-05 0.000936887 0.172501 0.611455 0.168662 1.86947e-10 0.0464341 
2.24199e-05 0.000870157 0.00473004 0.702589 0.230849 0.000106205 0.0608335 
0.00375492 0.00373175 0.0378438 0.854049 0.0975783 5.71579e-09 0.00304186 
0.00434332 0.000447088 0.029751 0.570867 0.376526 0.000410072 0.0176554 
0.00184859 0.00460823 0.0108764 0.693038 0.26656 0.000246998 0.0228212 
3.82655e-05 0.000603214 0.00299504 0.958774 0.0344289 0.000120993 0.00303997 
0.000158883 0.00479427 0.0469157 0.797 0.134766 2.02009e-05 0.0163454 
0.00142143 0.0016917 0.0783044 0.719504 0.168883 0.0039813 0.0262143 
0.000185662 0.0197111 0.00976642 0.889598 0.0246404 4.60575e-05 0.0560526 
0.00226033 0.00819835 0.235459 0.57293 0.0696862 0.000269646 0.111197 
0.0727713 0.0857036 0.040512 0.578682 0.171321 0.000343192 0.0506668 
8.57081e-12 3.53335e-10 1.50847e-09 0.999648 0.0003511 3.75835e-12 5.15773e-07 
0.00337184 0.048745 0.0271606 0.736814 0.157502 0.000260384 0.0261455 
0.000126269 0.0374169 0.030343 0.559405 0.26087 8.57045e-05 0.111752 
0.000958536 0.0589863 0.00573456 0.473567 0.0988668 0.000218135 0.361668 
0.057529 0.00215487 0.00310238 0.854648 0.0323708 9.3309e-08 0.0501949 
5.75853e-08 0.0668563 0.106997 0.737408 0.0887138 4.12278e-10 2.50604e-05 
0.00260947 0.0421859 0.160018 0.524578 0.102679 0.000514058 0.167415 
0.0330152 0.0343614 0.0725762 0.626299 0.156613 0.00627698 0.0708581 
0.0156461 0.112421 0.0155123 0.730003 0.109739 0.000243835 0.0164353 
3.82655e-05 0.000603214 0.00299504 0.958774 0.0344289 0.000120993 0.00303997 
0.00502742 0.00173737 0.00703297 0.526883 0.111866 6.07626e-05 0.347392 
0.00222946 0.000877458 0.00995699 0.708326 0.0480696 0.000186754 0.230354 
0.0141779 0.298598 0.020057 0.458824 0.156269 0.000212036 0.0518623 
0.00313084 0.0312702 0.0554344 0.434605 0.412945 0.0124057 0.0502088 
0.00326431 0.0698618 0.00920843 0.861252 0.0484185 0.00176884 0.00622574 
0.000681451 0.00989564 0.0207884 0.462164 0.388103 0.000835098 0.117532 
0.027898 0.0723059 0.000157219 0.717682 0.109449 5.35834e-05 0.0724539 
4.2743e-10 0.131519 0.0302142 0.500068 0.262812 2.21363e-08 0.0753866 
2.88297e-05 0.00643371 0.401462 0.47841 0.0858826 0.000166194 0.027617 
7.22249e-05 0.000720501 0.0373917 0.798476 0.0611059 4.47209e-08 0.102234 
0.361773 0.0547146 0.012073 0.413905 0.126991 7.63808e-05 0.0304662 
0.0943343 4.24993e-05 0.0106082 0.434256 0.269135 0.000281124 0.191342 
0.00024754 0.00778265 0.017539 0.613869 0.2177 5.60673e-05 0.142805 
0.0654363 0.0347317 0.0497409 0.438718 0.376454 0.000264958 0.0346545 
0.0128312 0.0524416 0.0383981 0.619653 0.0429948 0.00366133 0.23002 
3.17197e-05 0.0024243 0.0019702 0.768818 0.188358 5.86554e-08 0.0383978 
0.00798909 0.306706 0.000371905 0.629748 0.00996511 7.8294e-05 0.0451419 
0.00764726 0.0638047 0.0307352 0.375501 0.178142 0.000415593 0.343755 
0.126417 5.49914e-06 0.0148558 0.425536 0.0940439 0.00025372 0.338888 
0.021509 0.0216535 0.0506973 0.641489 0.19526 0.00609012 0.0633014 
0.0486913 0.00217322 8.18621e-06 0.594458 0.0990591 1.80056e-06 0.255609 
0.00611317 0.229453 0.0572753 0.49415 0.208696 1.61291e-05 0.00429634 
0.0344797 0.0836868 0.0900699 0.417373 0.119198 0.0380485 0.217145 
3.82655e-05 0.000603214 0.00299504 0.958774 0.0344289 0.000120993 0.00303997 
1.31864e-05 0.00175446 0.0180791 0.870596 0.0914121 4.17025e-05 0.0181031 
0.21196 0.0151165 0.113207 0.433392 0.147663 0.0257477 0.0529146 
0.0150852 0.000879991 0.0747209 0.517053 0.194794 0.0186731 0.178794 
0.0227281 0.0195066 0.0199117 0.888602 0.0304506 1.30237e-05 0.0187875 
2.44589e-10 7.2722e-05 0.00517149 0.855105 0.103985 0.00020989 0.0354562 
1.06951e-07 0.00216075 0.00374332 0.889527 0.0470036 0.000494801 0.0570701 
0.000212224 0.284876 0.0018792 0.615166 0.0175537 1.0106e-06 0.080312 
0.019547 0.0116596 0.126459 0.420659 0.351874 4.8199e-05 0.0697534 
0.00376945 0.0411364 0.0076462 0.826165 0.0676563 0.00583663 0.04779 
0.0143742 0.00930407 0.00531421 0.763435 0.0957945 1.66226e-06 0.111776 
0.102619 0.0649705 0.0108343 0.725823 0.094259 3.60956e-05 0.00145868 
0.0145793 0.0184683 0.0141942 0.467958 0.150239 0.00039827 0.334163 
0.0200844 0.0860234 0.0246051 0.601601 0.12217 9.55176e-05 0.14542 
2.60922e-08 0.0210852 0.0166925 0.936624 0.0244715 1.6412e-08 0.00112711 
2.27583e-07 0.0245362 0.183245 0.388635 0.219924 2.04753e-05 0.183639 
0.0112138 0.0358283 0.0619937 0.540142 0.280789 0.00620467 0.063828 
2.79484e-07 0.0344865 0.168484 0.710867 0.0613204 1.80844e-07 0.024842 
0.00318262 0.00632378 0.211961 0.40074 0.346454 8.57394e-06 0.0313298 
0.00965802 0.0775149 0.00188046 0.712659 0.0750471 1.23636e-06 0.123239 
0.0121395 0.0118859 0.00581228 0.94051 0.029618 8.90955e-08 3.4792e-05 
5.84847e-06 0.0131775 0.0360302 0.71505 0.153275 9.06208e-05 0.0823703 
0.0171264 0.0172476 0.00473517 0.884708 0.0690683 7.9929e-06 0.00710704 
1.61679e-07 8.34744e-07 0.00211505 0.94567 0.045924 1.59283e-05 0.00627417 
0.012447 0.0425039 0.0133821 0.810217 0.106467 0.0115921 0.00339167 
0.201187 0.0272394 0.0198922 0.575475 0.0997804 0.000233424 0.0761924 
0.0404777 0.0496116 0.0367893 0.737775 0.0746371 0.000596328 0.0601126 
0.000752736 0.23753 0.0279145 0.460981 0.261886 2.20092e-05 0.0109132 
0.00894001 0.0182714 4.94347e-06 0.970576 8.72485e-05 1.57435e-06 0.00211866 
0.0343952 0.0276689 0.0206854 0.417743 0.194061 0.00400386 0.301443 
0.00468407 0.0300229 0.0151869 0.783401 0.162741 9.07164e-06 0.00395487 
0.00398543 0.179083 0.0263652 0.620636 0.0805365 0.00633255 0.0830622 
0.0781288 0.060936 0.00379494 0.781554 0.0547704 0.00033757 0.0204781 
0.000347489 0.0156998 0.0192432 0.819093 0.0378451 1.36311e-05 0.107757 
0.0263484 0.054358 6.02821e-06 0.913005 9.01686e-07 1.8023e-06 0.00627999 
0.00934252 0.0381851 0.174262 0.365866 0.27648 0.00250093 0.133363 
0.000172677 0.0829542 0.178278 0.447151 0.227855 5.57598e-05 0.0635334 
0.0584893 0.11189 0.00824749 0.591813 0.14854 3.19666e-05 0.0809876 
0.0106625 0.0291936 0.00546575 0.381998 0.269615 0.000159902 0.302905 
0.00734435 0.000179746 0.00352212 0.629939 0.275587 8.7638e-05 0.0833397 
0.000681451 0.00989564 0.0207884 0.462164 0.388103 0.000835098 0.117532 
0.00527045 0.0573727 0.12156 0.469319 0.178269 0.0395143 0.128694 
4.849e-05 0.116545 0.00794268 0.725153 0.0233335 1.04931e-05 0.126967 
0.00840256 0.0216328 0.00156958 0.876355 0.0688932 4.74699e-06 0.0231423 
0.00126413 0.196923 0.0113997 0.550832 0.156543 0.000197374 0.0828414 
0.00312892 0.00542527 0.139497 0.531629 0.134473 5.45856e-06 0.185841 
8.67664e-06 0.0425847 0.00187345 0.951161 0.00186992 1.25184e-10 0.00250271 
0.130193 0.057896 0.0159765 0.646629 0.106876 0.000927479 0.0415022 
0.0764537 0.0532634 0.15614 0.506992 0.165746 0.0236187 0.017787 
0.00369327 0.0312301 0.0136765 0.875822 0.0480222 2.90377e-05 0.0275271 
6.02745e-07 0.0156182 0.0613293 0.536541 0.366127 0.000905014 0.0194786 
0.111159 0.149935 0.0872893 0.649911 0.00152112 2.40125e-06 0.000183401 
0.104938 0.14288 0.0413226 0.543784 0.119667 0.00828818 0.0391199 
0.0426413 0.000820654 0.0123967 0.649231 0.267896 0.000139848 0.0268739 
0.00087847 0.0336878 0.0652395 0.271916 0.105268 0.269942 0.253069 
2.33768e-10 0.00541591 0.0530288 0.610527 0.0601331 0.000142001 0.270753 
0.0419105 0.0714377 0.00229753 0.377018 0.288884 0.0005024 0.21795 
0.017316 0.00133037 0.0315317 0.3728 0.278843 0.0177291 0.280449 
0.00667575 0.172945 0.00648991 0.393465 0.339899 0.0509653 0.0295606 
0.00679378 0.000156668 0.0230014 0.542636 0.118054 4.27438e-05 0.309316 
0.0167771 0.00141851 0.0546382 0.402903 0.331807 1.07706e-05 0.192445 
0.151102 0.0114361 0.0314243 0.633386 0.139743 0.000966403 0.0319417 
1.11028e-11 3.10261e-12 0.021734 0.923714 0.0271698 4.86866e-12 0.0273818 
0.00526723 0.105488 6.43932e-05 0.820809 0.0215391 0.0162425 0.03059 
4.91019e-07 0.000260075 0.265935 0.667614 0.0622836 7.3616e-07 0.00390569 
0.143412 0.0168484 0.0346311 0.299818 0.254283 0.000961326 0.250047 
6.12424e-10 0.000546548 0.0814533 0.827328 0.0645927 0.000125896 0.0259538 
0.00372755 0.00236932 0.00349037 0.98765 1.29934e-07 0.00204808 0.000714191 
0.0712742 0.0989989 0.0308404 0.609761 0.145768 0.000685361 0.0426723 
0.000961445 2.96553e-06 0.0385858 0.46858 0.134566 0.00501493 0.352289 
0.000868809 0.014227 0.0154363 0.340501 0.328821 0.00393013 0.296215 
0.000428325 0.000550296 0.036123 0.905443 0.00651954 7.50291e-05 0.0508605 
0.00411644 0.209712 0.0525311 0.531033 0.153353 8.83123e-07 0.0492545 
0.0383955 0.11045 0.043144 0.641772 0.125185 0.00300613 0.0380476 
0.00781763 0.0750819 0.0451617 0.694489 0.16116 8.89495e-05 0.0162008 
0.201794 0.0877727 0.0348392 0.528956 0.114157 0.00181674 0.0306643 
0.0371089 7.72219e-06 0.000136497 0.750252 0.0413902 0.000950334 0.170154 
0.00372755 0.00236932 0.00349037 0.98765 1.29934e-07 0.00204808 0.000714191 
0.00379495 0.141334 0.0263676 0.566179 0.108985 0.000155105 0.153185 
0.00196752 1.64352e-05 0.0343277 0.640958 0.295029 6.59247e-06 0.0276949 
3.82655e-05 0.000603214 0.00299504 0.958774 0.0344289 0.000120993 0.00303997 
0.00809709 0.103846 0.012684 0.45013 0.252192 0.000154403 0.172896 
0.00162707 0.0957298 0.0637341 0.538798 0.285518 0.0022408 0.0123522 
0.12072 0.00505719 0.0114939 0.507545 0.28251 0.000896151 0.0717777 
0.00116274 0.000138021 0.000659737 0.745036 0.233786 1.67891e-06 0.0192159 
0.00111309 0.0812611 8.15936e-09 0.911215 0.00102799 2.08142e-09 0.00538276 
0.0077107 0.217042 0.0871562 0.304705 0.212565 0.0108251 0.159996 
0.00694838 0.0285303 0.0230681 0.537432 0.346948 0.00234134 0.0547318 
0.00337924 0.0120448 0.00993894 0.762118 0.205102 4.34373e-05 0.00737367 
7.93817e-06 0.00763306 0.119897 0.613295 0.239802 0.0104536 0.00891259 
7.67616e-06 0.0998397 7.67987e-06 0.49384 0.271124 7.67866e-06 0.135173 
6.76175e-05 0.000200773 0.0115698 0.874321 0.0849176 2.10419e-05 0.0289024 
0.000208515 0.000103882 0.151754 0.478101 0.121503 0.00142704 0.246903 
0.000679236 0.0381013 0.0321005 0.645661 0.194661 0.00161783 0.0871786 
0.00130625 0.340498 0.0129654 0.483163 0.132789 1.79037e-08 0.029278 
0.00221554 0.314756 0.00766161 0.566406 0.0658794 0.000142711 0.0429388 
4.25775e-07 0.156511 0.00408912 0.591931 0.232543 8.57445e-06 0.0149175 
0.00102371 0.0196668 0.134741 0.372556 0.257064 0.0714999 0.143449 
8.67664e-06 0.0425847 0.00187345 0.951161 0.00186992 1.25184e-10 0.00250271 
0.00289583 0.000343034 0.00490896 0.912008 0.0780499 3.54277e-07 0.00179408 
0.0623985 0.0734061 0.0704363 0.362248 0.230663 0.000161129 0.200687 
0.000108026 0.125188 0.0141483 0.723595 0.114571 0.0121912 0.0101988 
0.0124795 0.139012 0.00199024 0.599905 0.174399 0.0569068 0.015308 
0.000399176 0.00289512 0.027537 0.640636 0.189778 0.00149807 0.137257 
0.243531 0.0249227 0.0285174 0.540962 0.0878761 0.000161897 0.0740288 
0.00673065 0.000762651 0.0725735 0.423908 0.389895 0.0132209 0.0929099 
0.00315045 0.104594 0.0262957 0.702424 0.110853 0.0163796 0.0363037 
6.97385e-06 2.23501e-05 0.0161078 0.586063 0.309687 3.86498e-06 0.0881085 
0.0135795 0.0106542 0.105422 0.62899 0.187836 0.00116689 0.0523523 
3.43354e-08 5.76069e-05 2.19943e-06 0.622521 0.377418 7.49069e-11 8.44423e-07 
1.88571e-06 1.68365e-05 0.00673423 0.896047 0.0214968 2.33885e-06 0.0757012 
0.000110962 0.00882645 0.0156404 0.918222 0.0497745 7.06046e-05 0.007355 
0.00468175 0.00256737 1.41316e-05 0.570945 0.127803 4.71297e-09 0.293988 
5.97688e-05 0.307807 0.00881076 0.63 0.0501476 0.000435461 0.00273893 
0.00559494 1.5435e-06 1.29447e-06 0.844542 1.24037e-06 0.00165032 0.148208 
0.000719552 5.9122e-08 0.00113625 0.991077 0.00346119 9.27751e-08 0.00360544 
0.00237359 0.000171251 0.0103974 0.860361 0.113259 2.25639e-05 0.013415 
2.57974e-08 0.00255765 0.00777252 0.905377 0.0257906 7.70801e-07 0.0585018 
8.19798e-05 0.00153033 0.109174 0.476377 0.408266 2.51985e-11 0.00457048 
9.17498e-05 0.0698973 0.0267569 0.389208 0.150469 0.00681019 0.356767 
0.00511057 0.00151416 0.0935856 0.640647 0.222149 0.000296911 0.0366971 
1.06951e-07 0.00216075 0.00374332 0.889527 0.0470036 0.000494801 0.0570701 
0.0263484 0.054358 6.02821e-06 0.913005 9.01686e-07 1.8023e-06 0.00627999 
0.00846969 6.7059e-06 0.00373055 0.48013 0.15228 0.000125471 0.355257 
0.0270964 0.00623963 0.0625248 0.552047 0.274443 0.00212771 0.0755221 
0.0743522 0.00451001 0.0302374 0.820885 0.0655346 2.03425e-05 0.00446083 
0.000968518 0.0211755 0.0196851 0.693515 0.169504 0.00392999 0.0912213 
0.00529238 0.0318527 0.0045868 0.661234 0.196898 0.000832883 0.099303 
5.36066e-09 0.0796105 0.162151 0.47926 0.213327 0.000155849 0.0654954 
0.0653235 0.0780193 0.0287808 0.509093 0.251438 3.61549e-05 0.0673099 
0.000599555 0.22822 0.00303623 0.703822 0.0546323 0.000310141 0.00938018 
0.030444 0.0362628 0.0292898 0.722772 0.130781 0.00379994 0.0466502 
0.000707641 0.0886698 0.00124294 0.663231 0.0283145 3.13382e-05 0.217803 
0.00170185 2.80474e-06 0.0198994 0.891083 0.0626004 1.98355e-05 0.0246929 
0.0121774 0.0599861 0.0676089 0.744158 0.0591272 0.00224612 0.054696 
0.182983 0.00461065 0.0137908 0.744608 0.0520887 1.3408e-07 0.00191864 
0.0111077 0.138253 0.000786518 0.474692 0.253474 9.89344e-05 0.121588 
0.0157853 0.00223333 0.0129383 0.826354 0.103508 0.0144189 0.0247628 
6.3851e-08 0.00164714 0.16238 0.395184 0.322786 0.000959517 0.117043 
0.0166599 0.0143577 0.0334805 0.660078 0.227831 0.0109427 0.0366503 
0.000736295 0.00125841 0.0753804 0.45702 0.444899 0.000234091 0.0204714 
1.28857e-05 0.328658 4.75921e-05 0.657916 0.00809283 3.15825e-05 0.00524171 
0.31346 0.047777 0.00941314 0.508854 0.106446 0.000224136 0.0138259 
0.0234301 0.0315502 0.0400538 0.371744 0.224624 2.70221e-05 0.30857 
0.000526093 0.000114983 0.108302 0.521063 0.328566 6.31316e-07 0.0414266 
8.46057e-07 0.00191238 0.295637 0.311993 0.139896 4.94022e-07 0.25056 
0.00648053 0.000148387 0.00775577 0.805397 0.15618 1.35851e-11 0.0240389 
0.0269466 0.0130139 0.0353067 0.392138 0.314891 0.000315721 0.217388 
1.59905e-06 3.73147e-07 1.78256e-07 0.98351 0.0154655 4.68923e-10 0.00102205 
0.0056274 0.0065083 0.00309196 0.684223 0.0652198 0.000202994 0.235127 
0.279578 0.0556742 0.0398755 0.307985 0.284048 0.00508661 0.0277531 
0.0494664 0.0472766 0.0200035 0.744577 0.131736 0.000101983 0.00683807 
0.0137074 0.125145 0.000627386 0.690468 0.133318 3.40878e-05 0.0367003 
0.000709834 0.0072426 0.00328727 0.787884 0.197791 5.3096e-06 0.00308022 
0.00409591 0.0169357 0.0152446 0.876258 0.0558921 5.68551e-05 0.0315165 
0.00019897 0.0944812 0.0120854 0.877562 0.00887894 6.52571e-05 0.00672847 
0.000135445 0.0353331 0.00638806 0.672466 0.0753506 0.000171258 0.210156 
0.0430773 0.134489 0.0684685 0.693691 0.043064 0.00493773 0.0122729 
0.000805073 0.111103 0.00433619 0.871145 0.00926569 2.27527e-10 0.00334549 
0.000180401 0.124866 4.84254e-06 0.824366 0.00616092 2.45082e-11 0.0444215 
0.0210273 0.0702042 0.0297146 0.777417 0.0899423 0.000637968 0.0110568 
0.00983349 0.0219194 0.0102124 0.571425 0.307676 0.0205892 0.0583443 
0.0190864 0.0585119 0.0353734 0.661643 0.155639 0.000255764 0.0694911 
0.0847978 5.29863e-07 0.00430522 0.835582 0.0270723 1.18891e-08 0.0482421 
0.00297461 4.87081e-07 0.0223789 0.811958 0.0982233 3.48037e-07 0.0644644 
0.000406285 0.000701734 0.00278984 0.833082 0.106544 4.25909e-05 0.056434 
0.0147582 0.0809948 0.00783692 0.419523 0.171496 0.00462844 0.300762 
0.00372755 0.00236932 0.00349037 0.98765 1.29934e-07 0.00204808 0.000714191 
1.29838e-05 0.0187642 0.161207 0.371608 0.339849 0.000211934 0.108347 
0.05536 0.0508385 0.0282716 0.763607 0.077143 3.03479e-05 0.0247495 
0.00374722 0.300749 0.00521626 0.336684 0.333371 0.000101687 0.0201303 
0.000760363 0.00299323 0.0773884 0.342465 0.283695 0.00755626 0.285142 
0.000203854 0.00502228 0.0567684 0.463399 0.252948 0.000318213 0.22134 
1.34446e-07 0.260542 0.0150715 0.633418 0.0558068 2.1553e-07 0.0351609 
4.41788e-08 0.0036374 0.0284622 0.528493 0.291792 4.29453e-05 0.147572 
0.0204752 0.0260594 0.0352644 0.752135 0.124508 0.00117333 0.040385 
0.0893887 0.00877332 0.00495697 0.852453 0.0135991 6.00911e-07 0.0308287 
5.23369e-08 0.00165893 0.0917081 0.680881 0.191884 3.8536e-08 0.0338681 
1.413e-06 0.0116274 0.0763019 0.610321 0.139565 0.000116629 0.162067 
1.83091e-09 2.23493e-07 0.236318 0.369371 0.252728 0.000593262 0.14099 
0.000100902 0.00387444 0.0973369 0.397459 0.267007 0.000716517 0.233505 
0.0261716 0.050932 0.0834249 0.335871 0.27252 0.0666138 0.164467 
0.258614 0.0138911 0.00158969 0.671448 0.0524872 0.000169754 0.00180007 
6.28131e-10 4.44787e-05 2.1421e-05 0.644783 1.03506e-05 2.53431e-06 0.355138 
0.00211294 0.00306548 0.0290308 0.589711 0.290473 0.000457354 0.0851488 
0.00360012 0.381852 0.00813267 0.517937 0.06079 0.000253624 0.0274348 
3.72306e-08 0.00370065 0.0696102 0.824076 0.102388 2.82122e-07 0.000224824 
0.00547968 0.286811 0.0149345 0.605139 0.0716534 0.00185257 0.0141297 
0.0107478 0.00198064 0.0185485 0.420809 0.191861 0.000100552 0.355953 
0.00567503 0.00740508 0.0548092 0.552995 0.341283 0.000144158 0.0376892 
0.000387724 1.26949e-09 0.00356047 0.906513 0.0725081 1.61152e-07 0.0170303 
2.2662e-05 0.0145867 0.12153 0.444042 0.273355 5.66595e-05 0.146407 
0.00356801 0.182735 0.0315004 0.733061 0.0337484 0.000245992 0.0151417 
0.0581347 0.0171715 0.00131498 0.42382 0.0960518 0.000540503 0.402967 
0.0020011 0.403526 0.00634511 0.416747 0.137306 0.00207819 0.0319967 
0.0183969 0.0862005 0.0457876 0.572199 0.240988 0.000320023 0.0361082 
0.0810881 0.0692205 0.00921878 0.595679 0.191607 0.000665532 0.0525204 
0.196822 0.15706 0.0306388 0.474867 0.0950631 0.000344823 0.0452046 
0.00600889 0.281252 0.0249352 0.556967 0.103399 0.000383561 0.0270549 
0.00123763 0.0578274 0.0998746 0.490369 0.132233 0.000205436 0.218253 
0.0149314 0.00408272 0.0130008 0.763866 0.172977 1.96424e-05 0.0311223 
0.000365655 0.266824 0.016416 0.619779 0.0829666 3.50226e-08 0.0136489 
3.84442e-08 4.64018e-07 0.0990513 0.806701 0.0648795 5.60067e-11 0.0293677 
6.02745e-07 0.0156182 0.0613293 0.536541 0.366127 0.000905014 0.0194786 
0.00995825 0.0340043 0.0135363 0.83111 0.0994023 0.00927513 0.00271345 
0.000122474 0.0117779 0.0658371 0.443532 0.345854 7.72522e-08 0.132876 
3.37338e-05 0.0663836 0.0133419 0.88539 0.029248 4.56408e-05 0.00555673 
0.0339876 0.00406246 0.119201 0.391185 0.162416 0.00165961 0.287489 
0.000801658 0.22303 0.006676 0.674665 0.0162894 2.58032e-05 0.0785124 
0.0046604 0.0133079 0.0229976 0.849179 0.080095 0.000982608 0.0287776 
7.43914e-07 9.26942e-06 0.117367 0.555225 0.206185 2.36677e-10 0.121213 
0.00781763 0.0750819 0.0451617 0.694489 0.16116 8.89495e-05 0.0162008 
0.000415483 0.031739 0.0337276 0.581298 0.248201 0.0314089 0.0732095 
0.00471278 0.0177867 0.00631651 0.772151 0.150155 0.00305635 0.0458217 
3.37098e-05 0.012196 0.0711223 0.422129 0.419631 0.00163526 0.0732523 
8.54479e-05 3.40218e-05 0.0305074 0.493312 0.265098 0.0380639 0.172899 
1.40589e-07 0.012349 0.332401 0.362133 0.263678 0.00232061 0.0271187 
0.00111863 0.00159603 0.224462 0.304194 0.254602 0.000152346 0.213875 
0.00157237 0.329406 0.00365822 0.461428 0.114805 0.00187353 0.087257 
9.76064e-10 0.0331603 0.0281467 0.843676 0.0444014 9.68074e-07 0.0506149 
0.229555 0.0166275 0.0184661 0.56841 0.143758 0.00180779 0.0213762 
0.0038128 6.82943e-08 4.14033e-08 0.995024 1.52951e-08 0.000782435 0.00038089 
0.00232482 0.00178984 0.0303252 0.63054 0.162959 3.12876e-05 0.17203 
0.00260117 0.0523302 0.00759483 0.507668 0.349614 0.000245767 0.0799456 
0.0026509 0.222527 0.0784431 0.581653 0.0472771 1.31264e-07 0.067448 
0.00143822 0.0694856 0.0220621 0.615095 0.191289 0.000443789 0.100186 
0.00456114 0.0120889 0.0257603 0.404771 0.182897 4.7666e-05 0.369874 
0.00299338 0.00702932 0.078833 0.45729 0.444329 0.000263024 0.00926236 
0.00343004 0.0246169 0.0141968 0.840438 0.0886543 0.00035601 0.0283078 
0.00161688 3.27159e-05 8.31655e-05 0.922215 0.0625948 9.2384e-05 0.0133648 
3.16009e-10 0.123712 0.287049 0.333987 0.214972 1.62745e-05 0.0402631 
0.000867114 0.0180176 0.00301258 0.477457 0.0732335 0.000908438 0.426503 
4.09679e-10 1.98065e-06 0.0703868 0.40101 0.297786 1.79647e-10 0.230815 
0.000726715 0.000138772 0.00123305 0.646386 0.0324929 2.02544e-07 0.319022 
0.0444014 0.10859 0.0363169 0.666316 0.105139 0.00205656 0.0371804 
0.00305902 0.0616234 0.0641963 0.593757 0.241807 0.000969667 0.0345878 
0.0120552 0.374423 0.000974491 0.464217 0.112202 0.000167427 0.0359621 
0.0236185 0.0109819 0.0322269 0.417816 0.249929 0.00974802 0.25568 
0.0652973 0.0332828 0.0990578 0.478162 0.159741 0.000231945 0.164227 
4.31129e-08 3.09735e-05 0.0228033 0.644916 0.121214 1.89053e-08 0.211036 
0.0616161 0.064373 0.0161684 0.784388 0.0667195 0.000322478 0.00641207 
0.00158474 0.0541415 0.00023265 0.928423 0.00196913 1.111e-11 0.0136492 
0.048105 0.000867779 0.0183077 0.696048 0.0109371 0.00084706 0.224887 
8.67664e-06 0.0425847 0.00187345 0.951161 0.00186992 1.25184e-10 0.00250271 
1.36596e-10 0.00044115 0.133459 0.535912 0.192596 4.18821e-08 0.137593 
9.92779e-06 0.00242657 0.223863 0.627168 0.0508128 3.38565e-07 0.0957189 
0.00207917 0.00096717 0.0012398 0.793904 0.0202045 0.000500836 0.181104 
0.0155657 0.00021362 0.000161048 0.7881 0.190809 9.92511e-09 0.00515014 
0.0522643 0.0202502 0.0231236 0.839234 0.0605483 1.80599e-08 0.00457958 
0.0143654 0.00860564 0.0152445 0.888527 0.0493014 3.29006e-05 0.0239229 
0.00663714 6.80681e-05 0.00412803 0.915742 0.0572275 1.00146e-07 0.0161976 
6.24188e-06 0.0374459 0.0403082 0.49523 0.366604 0.049964 0.0104416 
7.13322e-05 0.000240298 0.0175768 0.957555 0.0180749 1.52348e-06 0.00647962 
0.145493 0.0888025 0.0216497 0.474579 0.216449 0.000519464 0.0525076 
8.54177e-11 0.348361 0.0227443 0.415401 0.0857537 0.000114747 0.127625 
0.00726917 0.059452 0.0497046 0.574813 0.137193 0.000491874 0.171076 
0.147091 0.0640245 0.0952335 0.48696 0.1905 0.0011846 0.0150065 
0.102619 0.0649705 0.0108343 0.725823 0.094259 3.60956e-05 0.00145868 
0.0286162 0.079263 0.0614885 0.414304 0.4095 1.56766e-05 0.00681281 
0.00274695 0.0291885 0.0607754 0.705451 0.142256 0.00244441 0.0571379 
0.000286018 0.00036501 0.036613 0.700291 0.11444 0.000123418 0.147881 
4.91019e-07 0.000260075 0.265935 0.667614 0.0622836 7.3616e-07 0.00390569 
0.0952773 0.0619278 0.0169381 0.769711 0.049739 3.79027e-05 0.00636885 
0.000213302 0.0415653 0.00299453 0.784849 0.136275 4.26091e-05 0.0340602 
0.00136379 0.0869336 0.179289 0.274461 0.199504 0.00042853 0.258019 
0.000146907 0.000373633 0.0713847 0.666406 0.14259 0.000117953 0.118981 
0.012716 0.0268042 0.000185881 0.399098 0.17758 0.00104771 0.382569 
0.0109595 0.0473059 0.0034687 0.838833 0.0887628 7.4637e-06 0.010663 
2.08029e-06 2.79977e-05 9.08958e-08 0.912418 0.0496602 0.000574424 0.0373176 
0.00279576 0.027539 0.032465 0.799222 0.109969 0.000152169 0.0278577 
0.00695563 0.0275257 0.024223 0.588817 0.137076 0.000287149 0.215116 
6.84322e-05 0.278691 0.0858377 0.347673 0.259061 5.92914e-05 0.0286093 
0.00293889 0.0737633 0.0156047 0.815752 0.0653696 0.00338246 0.0231896 
0.000772388 0.206886 0.0131882 0.400431 0.328447 0.000141118 0.0501347 
9.22703e-05 0.00186192 0.10292 0.702751 0.0338136 4.37661e-07 0.158561 
8.00674e-05 0.00309042 7.35487e-05 0.944341 0.0380059 8.3631e-06 0.0144003 
0.0582052 0.00385843 0.00296826 0.723307 0.194723 1.00056e-05 0.0169277 
0.00128463 0.16501 0.142493 0.584401 0.0552943 0.000192717 0.0513247 
7.38652e-06 0.00111604 0.00388412 0.909097 0.0758846 2.70151e-07 0.010011 
0.00431744 0.032792 0.0229016 0.821218 0.0912161 0.000312749 0.0272421 
0.057529 0.00215487 0.00310238 0.854648 0.0323708 9.3309e-08 0.0501949 
9.63289e-06 5.8842e-05 0.00576822 0.752751 0.231233 4.4962e-06 0.0101754 
0.0263484 0.054358 6.02821e-06 0.913005 9.01686e-07 1.8023e-06 0.00627999 
0.000248404 0.0114763 0.00323973 0.776968 0.152718 3.91151e-10 0.0553499 
0.00158474 0.0541415 0.00023265 0.928423 0.00196913 1.111e-11 0.0136492 
4.91019e-07 0.000260075 0.265935 0.667614 0.0622836 7.3616e-07 0.00390569 
0.0147234 0.0446568 0.0611922 0.621218 0.228653 0.00458173 0.0249749 
0.162733 0.0956367 0.0895773 0.322587 0.289349 0.00902972 0.0310882 
0.0278216 0.0791051 0.00694145 0.612384 0.137001 0.0163396 0.120408 
0.000518649 0.469443 0.000443181 0.513428 0.0138679 2.66664e-06 0.00229665 
0.0900478 0.0912476 0.0554814 0.549595 0.170416 0.00311917 0.0400929 
0.009834 0.0621853 0.0589604 0.680058 0.12937 0.00959568 0.0499972 
0.000175074 0.0404609 0.152526 0.446082 0.310199 0.00044862 0.0501092 
4.38789e-06 0.0701406 0.0768059 0.561092 0.115505 0.00013731 0.176315 
0.120539 0.0393778 0.00740615 0.716929 0.102586 0.00098426 0.0121765 
1.55278e-05 0.000584071 0.0156956 0.699034 0.279645 1.54852e-06 0.00502384 
0.0248991 0.112868 1.0998e-07 0.464529 0.0713479 4.44215e-07 0.326356 
0.00475375 0.00271411 0.05593 0.457477 0.314859 0.00214442 0.162122 
0.000929781 0.215959 0.0601997 0.504738 0.0841068 3.85365e-05 0.134027 
1.4731e-08 4.11647e-09 0.113906 0.405703 0.20731 1.7111e-05 0.273063 
0.00207067 0.0154647 0.0797 0.509008 0.275913 0.00451009 0.113334 
5.32289e-11 0.000615314 3.11729e-07 0.922575 0.067638 3.29766e-08 0.00917091 
0.0263484 0.054358 6.02821e-06 0.913005 9.01686e-07 1.8023e-06 0.00627999 
0.0014362 0.149805 0.0193726 0.689416 0.116256 0.0039989 0.0197155 
0.00669033 0.0770387 0.0381776 0.735018 0.0994332 0.00010848 0.0435341 
1.06677e-05 0.0266026 0.0599877 0.659641 0.251187 5.67855e-05 0.00251399 
0.117652 0.0246445 0.0341115 0.58207 0.101192 1.56e-08 0.14033 
8.11454e-05 0.00852002 0.0494921 0.60915 0.290713 0.0194392 0.0226048 
0.0019689 0.00101564 0.229818 0.537064 0.166592 0.00193092 0.0616105 
0.191267 0.045707 0.0227003 0.63955 0.0721944 0.00572207 0.022859 
0.000737345 0.000178996 0.00725851 0.948266 0.018351 0.00143241 0.0237756 
0.00106354 0.00149469 0.0352815 0.45884 0.394461 0.00592606 0.102934 
0.0179761 0.000799775 0.0499499 0.929602 0.00100019 4.61452e-09 0.000671904 
4.38612e-07 0.309119 0.0027382 0.657723 0.00136624 4.97434e-05 0.0290038 
0.00218684 0.0360231 0.00350161 0.742265 0.215522 1.51481e-05 0.000486419 
0.000432498 0.0933312 0.204251 0.408684 0.188364 6.91827e-05 0.104868 
0.0222038 0.0401587 0.00989255 0.881388 0.0397446 0.00108936 0.00552323 
0.0027674 0.00435013 0.0138391 0.518734 0.204782 0.000541459 0.254985 
0.0106115 1.2488e-06 1.24888e-06 0.529917 0.0649469 1.24868e-06 0.394521 
0.0670811 0.0469805 0.0459462 0.638141 0.0703431 0.000219781 0.131289 
2.13957e-07 4.01532e-07 0.0120745 0.415805 0.327094 0.239718 0.0053075 
9.61836e-06 0.134641 0.00814188 0.523013 0.24073 7.43958e-05 0.0933895 
0.00782426 0.0644548 0.0448777 0.674681 0.15893 0.000187105 0.049045 
6.35042e-05 0.091176 0.00385439 0.731336 0.119535 1.51191e-06 0.0540337 
0.0190887 0.16745 0.0629378 0.454831 0.0653115 0.000606094 0.229775 
0.00415035 0.0289668 0.142495 0.362766 0.286419 0.000358152 0.174845 
0.00753107 0.0148766 7.51963e-05 0.966339 0.0110598 2.38965e-06 0.00011611 
0.00758091 0.00639724 1.98442e-05 0.933886 0.000703867 4.14304e-06 0.0514084 
0.0047788 5.96286e-05 0.0964328 0.528166 0.239163 0.000100252 0.131299 
0.000749878 0.00217853 0.0353544 0.858736 0.0884998 1.33966e-05 0.0144685 
0.0015712 7.25675e-05 0.183932 0.678423 1.08666e-07 5.22225e-08 0.136001 
3.12065e-05 0.0581458 0.0103123 0.350783 0.317338 0.000419486 0.26297 
1.85041e-06 0.00114909 0.0329299 0.456236 0.318689 0.000573121 0.190422 
0.00542463 0.0518064 0.0146581 0.822009 0.0903376 0.00172136 0.0140431 
0.00613212 0.106725 0.0303514 0.686482 0.118824 0.00025352 0.0512319 
5.30005e-11 0.000752479 0.0310621 0.759789 0.155324 2.04496e-08 0.053072 
0.00025063 0.000665942 0.0227888 0.698108 0.130184 1.98132e-05 0.147983 
0.0035908 0.187886 0.000686293 0.749396 0.0573727 8.36449e-07 0.00106766 
0.0261483 0.111308 0.00605181 0.819439 0.0201606 3.02623e-05 0.0168621 
0.00205049 0.0499621 0.0212716 0.765653 0.104534 4.70244e-05 0.0564821 
0.00293557 0.0100185 0.0354443 0.564551 0.280398 0.00140466 0.105248 
0.184334 0.0822973 0.00713053 0.523738 0.132849 0.000518215 0.0691327 
0.204816 0.0376311 0.0338927 0.585006 0.109102 0.00444349 0.0251082 
3.82655e-05 0.000603214 0.00299504 0.958774 0.0344289 0.000120993 0.00303997 
0.0221661 0.00396929 0.0266373 0.663728 0.218646 0.00283327 0.0620203 
0.000175441 0.020183 0.0141439 0.76478 0.148792 4.60249e-05 0.0518805 
0.0195091 0.00562238 0.0227149 0.362964 0.355021 5.44021e-05 0.234114 
9.02728e-07 0.0885543 0.0460058 0.761683 0.0584123 2.38979e-06 0.0453411 
0.0107647 0.0260067 0.0107318 0.869995 0.0637418 0.00960031 0.00915979 
0.00113841 0.0620504 0.00529721 0.83474 0.094481 1.82742e-05 0.00227522 
0.000233041 0.183568 0.000469809 0.747351 0.0451892 0.000157628 0.0230315 
0.00488697 3.27828e-09 0.000525425 0.940955 0.0130972 6.49176e-10 0.0405353 
0.116315 0.0554314 0.054996 0.316602 0.144396 0.000302485 0.311957 
0.00192301 0.01632 0.0348575 0.706048 0.0125537 0.000268939 0.228028 
0.0127657 0.124691 0.0920423 0.487791 0.225278 0.0206812 0.0367508 
0.147051 0.255472 0.0337838 0.367161 0.192061 0.000311212 0.00415953 
0.0103262 0.168604 0.013396 0.502019 0.275134 0.0110655 0.0194549 
1.85033e-07 0.00401573 0.0504312 0.504506 0.418377 1.7599e-05 0.0226526 
0.00634948 0.0852701 0.0273714 0.727754 0.139258 3.94869e-05 0.0139573 
0.00416371 0.00450079 0.00592582 0.933598 0.0377479 2.05517e-05 0.0140429 
8.67664e-06 0.0425847 0.00187345 0.951161 0.00186992 1.25184e-10 0.00250271 
0.00103076 0.149235 0.0670301 0.691753 0.0630379 1.28155e-07 0.0279129 
0.00769091 0.393243 0.00214828 0.474669 0.0887207 5.95677e-05 0.0334681 
0.00694854 0.37093 0.0237484 0.496546 0.0734293 0.000453272 0.0279444 
0.0326767 0.0751159 0.0321833 0.63642 0.209321 4.58901e-05 0.0142372 
0.0148561 0.0358003 0.0119085 0.796876 0.108693 1.20938e-05 0.0318541 
0.00893886 0.0052374 0.0527333 0.312861 0.310992 4.63244e-06 0.309233 
0.0108449 0.00501961 0.0412298 0.673222 0.118003 0.0619119 0.089769 
7.2894e-06 0.125608 0.0232719 0.774562 0.0740695 6.60905e-05 0.00241511 
0.00785311 0.0782507 0.00668309 0.571771 0.132073 0.02828 0.175089 
0.0184068 0.0201825 0.306308 0.502549 0.0522974 3.29577e-05 0.100224 
0.00239277 0.0033223 0.00127973 0.606439 0.0547056 0.0249751 0.306885 
0.00432871 0.340652 0.00735775 0.455187 0.0525642 5.04531e-05 0.13986 
0.000627507 0.000117871 0.00255851 0.942379 0.042375 1.40028e-08 0.011942 
1.17646e-06 0.00484837 0.0532552 0.634191 0.0322935 2.10954e-06 0.275409 
0.00036903 0.0252747 0.1154 0.47409 0.340304 3.66214e-05 0.0445258 
0.374975 0.0265825 0.0140701 0.495592 0.0636541 0.017852 0.0072736 
0.00317298 0.0354934 0.0315674 0.815963 0.0701948 0.00124215 0.0423666 
1.45596e-05 0.257814 0.0459451 0.548592 0.146358 1.50574e-06 0.00127504 
0.0106431 8.54991e-05 0.0329236 0.475981 0.345176 2.09237e-06 0.135189 
0.0173131 0.138404 0.0583054 0.641666 0.105648 0.002959 0.0357044 
0.00267234 0.279731 0.00119129 0.624659 0.0271317 4.30398e-06 0.0646097 
0.00526568 0.112218 0.0446739 0.67873 0.120233 0.00189833 0.0369809 
6.23484e-06 6.23744e-06 0.0492852 0.613208 0.129762 6.23687e-06 0.207726 
0.000101248 0.0788419 0.00427076 0.808992 0.100147 2.22023e-10 0.00764749 
0.143412 0.0168484 0.0346311 0.299818 0.254283 0.000961326 0.250047 
0.000736295 0.00125841 0.0753804 0.45702 0.444899 0.000234091 0.0204714 
0.00562308 0.060796 0.00148866 0.44558 0.406347 0.000391994 0.0797731 
1.22203e-05 0.0046142 0.115082 0.511543 0.26246 0.00847456 0.0978135 
6.76175e-05 0.000200773 0.0115698 0.874321 0.0849176 2.10419e-05 0.0289024 
0.0103262 0.168604 0.013396 0.502019 0.275134 0.0110655 0.0194549 
0.260659 0.0189242 0.00292343 0.645894 0.0638839 0.000152593 0.00756246 
0.0362898 0.0430818 0.037784 0.673399 0.159877 0.00111638 0.0484526 
0.0041721 0.0119573 0.0229282 0.602611 0.0910831 0.000660866 0.266587 
0.0011799 0.23413 0.00567691 0.690936 0.0577265 0.000565752 0.00978506 
0.0268101 0.0645239 0.00545649 0.884727 0.0107439 4.88601e-08 0.00773889 
