0.00051705 0.016989 0.0553466 0.0804048 0.500336 0.314899 0.0315071 
0.000728455 0.00679048 0.113019 0.0551684 0.806899 0.0017681 0.0156269 
0.00440212 0.003724 0.00095795 0.135326 0.85521 2.28407e-05 0.000356483 
2.07344e-06 0.00578074 0.305154 0.0682899 0.393899 0.00111941 0.225754 
0.0370852 0.000445003 0.0134488 0.0697557 0.839995 0.000552761 0.0387172 
0.000162652 0.0196692 0.3149 0.0118823 0.647784 1.91439e-05 0.0055834 
4.48959e-05 0.00161074 0.0967256 0.0224324 0.755604 0.0074454 0.116137 
0.000144691 0.0339168 0.261761 0.176193 0.357847 0.000260332 0.169878 
0.000189792 0.0163159 0.0515429 0.39497 0.478081 7.13592e-07 0.0589002 
0.0031885 0.00864845 0.0307958 0.0257484 0.778159 0.00225063 0.151209 
0.00437145 0.00790733 0.00265091 0.0479667 0.93112 8.18589e-07 0.00598303 
6.73988e-05 0.00118443 0.163323 0.35374 0.445287 0.00751456 0.0288832 
0.00138172 0.0112315 0.091799 0.115153 0.733579 0.00646664 0.0403895 
1.05323e-05 5.89879e-05 0.00268838 0.0127799 0.693986 7.56756e-05 0.2904 
0.00919246 0.102603 0.281879 0.118531 0.326757 0.00575532 0.155281 
0.00105597 0.110267 0.0402622 0.11964 0.652057 8.59924e-05 0.0766307 
0.000883607 0.0064751 0.438267 0.0337241 0.491634 0.000276439 0.0287396 
4.42116e-05 0.0201019 0.143703 0.0886597 0.59226 0.0138403 0.141391 
0.000343211 0.0429365 0.0544003 0.0727717 0.824525 2.47491e-05 0.00499905 
6.28269e-05 0.000108135 0.0234073 0.317357 0.511497 0.000225989 0.147342 
2.75844e-05 0.00266469 0.0164985 0.00527945 0.934467 0.00227408 0.0387889 
0.000176977 0.161751 0.119175 0.0599963 0.641733 0.00106256 0.016105 
0.0287081 0.1474 0.0625489 0.0860697 0.604637 0.0596806 0.0109554 
0.00237879 0.0014407 0.066745 0.110874 0.551158 0.0192788 0.248125 
6.01203e-05 0.00163737 0.0588708 0.156392 0.674555 0.000428515 0.108055 
8.07167e-05 3.22299e-05 0.221676 0.00746791 0.712947 0.000371644 0.0574243 
7.74513e-05 0.0269314 0.078283 0.0846444 0.699438 0.000624678 0.110001 
0.0139365 0.0151869 0.0892165 0.0648173 0.744044 0.00285906 0.0699395 
0.000208798 0.000322426 0.00483242 0.143839 0.837726 8.66914e-09 0.0130713 
5.2915e-05 0.00345145 0.0182736 0.0139718 0.963356 9.77084e-05 0.000796322 
0.000463963 0.00343352 0.0207635 0.0938787 0.877806 8.37636e-05 0.00357042 
0.0029658 0.0189079 0.10561 0.0479412 0.566695 0.00430238 0.253578 
0.00307225 0.00322738 0.0247167 0.0633479 0.68046 5.53823e-05 0.22512 
6.39706e-05 2.62876e-05 0.0188573 0.0719612 0.890868 0.000308568 0.017915 
4.83091e-05 0.00646757 0.147365 0.0118235 0.728161 0.00019991 0.105935 
0.193664 0.00340983 0.021138 0.0735532 0.37175 0.00024343 0.336242 
0.000749518 0.000745088 0.0332226 0.00380537 0.958369 0.000375905 0.0027324 
0.00032776 0.0777641 0.0149755 0.316906 0.579077 0.00485853 0.00609077 
0.000974612 0.0648418 0.149137 0.0448815 0.303873 0.272794 0.163498 
0.00776563 0.00327909 0.29126 0.0183915 0.525922 0.00943713 0.143945 
0.0124066 0.00193684 0.0175774 0.112186 0.835019 0.00018 0.0206946 
0.00995368 0.102434 0.0430512 0.136096 0.355175 0.047192 0.306098 
0.00332216 0.00561033 0.0166378 0.17844 0.47295 5.53048e-05 0.322985 
0.0060174 0.14624 0.112547 0.0349451 0.442637 0.00814876 0.249464 
0.00355603 0.00432616 0.015349 0.035334 0.856444 3.00642e-05 0.0849604 
0.0005517 0.00130046 0.0117591 0.0927414 0.876553 0.00662109 0.0104729 
0.00205159 0.000281191 0.17523 0.129006 0.674866 0.000173251 0.018392 
0.00131209 0.167484 0.0363656 0.128898 0.457611 0.112009 0.0963196 
0.000873977 0.00374499 0.285779 0.0335385 0.52451 0.00662709 0.144926 
0.00147108 0.00739665 0.0719218 0.00632344 0.855592 0.000328115 0.0569671 
0.0030057 0.000935333 0.0158436 0.067838 0.90021 2.22095e-05 0.0121453 
0.000253671 0.00446168 0.372306 0.0154772 0.592144 1.79172e-08 0.0153572 
0.0296345 0.0101358 0.00539683 0.0484123 0.829531 2.41551e-06 0.0768876 
6.40794e-05 0.0209436 0.102203 0.0481466 0.823649 3.25334e-05 0.00496106 
0.00125962 0.0427857 0.0520019 0.0658736 0.611713 0.00973376 0.216633 
0.00461932 0.00891792 0.015726 0.324223 0.556305 0.000217045 0.0899918 
0.00486376 0.018212 0.0413083 0.0838453 0.768618 7.63964e-05 0.0830758 
3.2974e-06 0.000123612 0.0519264 0.178388 0.720332 7.09575e-05 0.0491562 
0.117539 0.0341271 0.0299549 0.0847378 0.729242 5.23806e-05 0.00434727 
0.00284278 0.0112387 0.234661 0.0461837 0.579507 0.00564931 0.119918 
1.49404e-05 0.00230151 0.402492 0.00472065 0.585969 6.56188e-05 0.00443648 
0.00617524 0.00340092 0.0244856 0.0619853 0.893184 0.00971367 0.00105508 
0.00137325 0.00122247 0.0200618 0.0370188 0.938146 4.27272e-05 0.00213548 
0.00451292 0.00965062 0.076606 0.103812 0.773683 3.94532e-05 0.0316964 
0.0323978 0.00701096 0.04248 0.131978 0.42643 5.47872e-08 0.359703 
0.00105957 0.00552917 0.0339113 0.0942643 0.828006 9.05969e-06 0.0372203 
0.00149685 0.00721577 0.101372 0.0494372 0.825519 0.000489745 0.0144702 
1.10395e-06 0.0206621 0.00154718 0.260694 0.705057 7.13839e-09 0.0120389 
0.00324285 0.00529222 0.211909 0.20329 0.546775 4.65861e-05 0.0294447 
0.00299835 0.0072879 0.0837944 0.159305 0.695286 0.000675565 0.0506527 
0.000435133 0.00470858 0.0474405 0.044713 0.881497 4.63998e-05 0.0211591 
0.00428397 0.00906189 0.0489072 0.00199833 0.456556 0.323561 0.155632 
0.00563002 0.0166942 0.0129032 0.113189 0.849021 7.16007e-05 0.00249102 
0.000489366 0.00710645 0.171706 0.131907 0.391548 0.0805187 0.216725 
3.32184e-05 0.000545034 0.0636442 0.00523499 0.913879 0.000264543 0.0163994 
0.00276396 0.00265892 0.225666 0.0142171 0.400147 7.69758e-05 0.35447 
0.000271837 0.0649879 0.133484 0.0644541 0.385347 0.00105701 0.350398 
0.000164965 0.020376 0.115523 0.0350633 0.674825 0.0010899 0.152958 
0.000249905 0.0260287 0.141043 0.0761024 0.701574 0.00273148 0.0522704 
0.0217597 0.00111203 0.023126 0.112673 0.812866 0.00859664 0.0198663 
1.5527e-05 0.00294331 0.187749 0.0281438 0.438723 0.00823152 0.334193 
0.00758734 0.020823 0.0693002 0.355415 0.412002 0.000164797 0.134707 
4.47571e-08 0.0208372 0.122429 0.0866897 0.536041 0.0407977 0.193205 
4.87086e-06 1.03314e-08 0.00528209 0.00847681 0.839179 0.000224993 0.146832 
3.26349e-05 4.98356e-05 0.0301701 0.00126405 0.942769 0.000279436 0.0254353 
0.00136445 0.0201657 0.02345 0.0488037 0.902494 5.03131e-05 0.00367213 
3.44181e-05 0.000952231 0.196005 0.0029389 0.780867 0.000142902 0.0190594 
2.70812e-07 2.70925e-07 0.0197249 0.0722361 0.865636 0.00067752 0.0417254 
0.085156 0.080974 0.00553326 0.286634 0.362575 0.000961662 0.178167 
9.54957e-07 9.55356e-07 0.100225 0.0649716 0.779768 9.55269e-07 0.0550329 
0.000188272 0.00129884 0.0197043 0.253731 0.578756 0.000407518 0.145914 
6.98228e-05 0.0036902 0.0789713 0.0221717 0.766096 0.000451917 0.128549 
0.0591664 0.00156194 0.0227398 0.02724 0.881611 0.000115818 0.00756553 
0.000266594 0.00581282 0.39499 0.0639164 0.490318 0.000155994 0.0445398 
6.14433e-05 0.000973886 0.00657725 0.146378 0.8371 0.000358834 0.00855034 
3.5108e-05 0.0014306 0.180128 0.173962 0.534329 0.000187168 0.109927 
4.65424e-05 0.00644554 0.110735 0.0177265 0.735499 0.000312518 0.129235 
0.0016426 0.0106624 0.0537167 0.151959 0.389729 0.0697857 0.322505 
0.000550677 0.0113447 0.0374378 0.0100074 0.535683 0.00542019 0.399556 
0.00668903 0.00324892 0.148562 0.0502692 0.606173 0.00183401 0.183224 
0.000225258 0.0215803 0.0323405 0.0263897 0.907627 0.000859719 0.010977 
0.019521 0.00400456 0.0405583 0.233272 0.406819 0.0229389 0.272886 
0.000170874 0.00164546 0.0367574 0.0526421 0.830726 0.00023026 0.0778278 
0.00847961 0.0028538 0.00979917 0.231853 0.724819 1.29239e-05 0.0221819 
0.0832053 0.000954037 0.0328922 0.0674886 0.808956 0.000735964 0.00576754 
0.00657042 0.000667922 0.168691 0.0970418 0.679796 0.000656653 0.0465756 
0.000593426 0.00154566 0.0916822 0.0313982 0.462056 0.0126178 0.400106 
0.0784842 0.00124536 0.0208781 0.0706722 0.792867 0.000881363 0.034972 
0.000377292 0.0232772 0.295371 0.0258548 0.572043 0.00260729 0.0804695 
1.76304e-08 0.00804255 0.0791946 0.00542215 0.865195 2.03103e-06 0.0421435 
0.0787575 0.0842623 0.0235267 0.260549 0.354805 0.000672852 0.197427 
0.00147108 0.00739665 0.0719218 0.00632344 0.855592 0.000328115 0.0569671 
0.000744922 0.0379287 0.247842 0.0406851 0.670915 0.000106451 0.00177782 
0.00349474 0.00673605 0.0670096 0.0520909 0.756493 0.000246807 0.113928 
0.00465534 0.020823 0.0203289 0.115577 0.819405 7.49365e-05 0.0191365 
0.00607442 0.0548354 0.0348891 0.359926 0.479151 1.53541e-05 0.0651081 
0.0784842 0.00124536 0.0208781 0.0706722 0.792867 0.000881363 0.034972 
0.0352851 0.0382607 0.141461 0.146047 0.358324 2.06172e-05 0.280601 
0.00259413 0.00977073 0.0618353 0.0399226 0.83925 0.000665564 0.045962 
3.82537e-06 0.0111302 0.104805 0.0193609 0.619159 1.50468e-05 0.245526 
0.00324285 0.00529222 0.211909 0.20329 0.546775 4.65861e-05 0.0294447 
0.000438102 0.00112285 0.0710051 0.243794 0.552336 0.000107404 0.131196 
0.00804842 0.00793616 0.211562 0.0374592 0.658345 0.00879262 0.0678573 
0.000530179 0.0174964 0.0363348 0.0365987 0.893282 0.000156816 0.0156012 
0.000811933 0.00409403 0.0190992 0.147387 0.799351 0.00179485 0.0274613 
0.00119197 0.0416329 0.215686 0.0980326 0.558921 0.0113234 0.0732124 
0.000536522 0.0251225 0.0224954 0.0151824 0.927315 0.00160674 0.00774134 
2.06268e-05 0.00458596 0.0807384 0.344701 0.500515 6.54819e-08 0.069439 
0.00141616 0.00610242 0.00651986 0.0980845 0.545604 9.06334e-06 0.342264 
3.68432e-09 7.63403e-08 0.0855203 0.00209242 0.901575 4.05556e-09 0.0108118 
0.0115722 0.0102987 0.369557 0.00672019 0.38357 0.149407 0.068875 
0.00312726 0.0418794 0.043639 0.0674689 0.778893 9.80475e-05 0.0648945 
5.63093e-05 0.000210813 0.0108432 0.0369114 0.568798 1.51126e-05 0.383165 
0.000152379 0.000101552 0.0225978 0.00106816 0.972579 0.000254614 0.00324681 
2.23881e-07 0.0068192 0.0599889 0.0136909 0.732803 1.91698e-05 0.186679 
0.00101716 0.0145195 0.067996 0.407284 0.418798 0.000285764 0.0901003 
0.000288027 0.000379811 0.00412731 0.162591 0.564809 0.000420607 0.267384 
0.00276898 0.0139482 0.0738972 0.077359 0.647321 0.00431321 0.180392 
0.000136243 0.0137519 0.0375897 0.210155 0.692189 5.12261e-06 0.046173 
0.00711589 0.0151037 0.0845417 0.0889916 0.761058 0.00253962 0.0406499 
0.0072937 0.0132383 0.0308892 0.253312 0.417533 0.000387362 0.277346 
0.00374287 0.000114716 0.209599 0.09171 0.676255 0.00222585 0.0163526 
8.80635e-06 0.000104924 0.00489799 0.0132485 0.976243 9.93108e-06 0.00548662 
0.00121251 0.00172843 0.0418116 0.223587 0.589308 3.03152e-07 0.142352 
9.27846e-05 0.0160733 0.358372 0.0645086 0.410211 0.00030319 0.150439 
0.000238686 7.83239e-05 0.300635 0.00592424 0.682332 5.68788e-07 0.0107913 
0.00115388 0.000862818 0.274214 0.162281 0.313942 3.17019e-06 0.247543 
0.00123812 0.000761428 0.0261854 0.0559536 0.912399 1.73022e-05 0.00344511 
0.000109129 0.213649 0.00770379 0.01481 0.603356 0.00545428 0.154918 
0.00549857 0.00671767 0.00437788 0.0557227 0.914726 4.27196e-05 0.0129149 
2.70812e-07 2.70925e-07 0.0197249 0.0722361 0.865636 0.00067752 0.0417254 
0.000632023 0.00728973 0.0704762 0.0082357 0.811836 4.73069e-13 0.101531 
0.00593614 0.00139581 0.0677373 0.0347853 0.710295 0.0401191 0.139731 
5.75301e-05 0.00077081 0.0458732 0.00845289 0.609251 0.046983 0.288611 
0.00738892 0.0232147 0.0174538 0.0748238 0.851883 0.00036066 0.0248752 
0.0040021 0.000816397 0.0307005 0.0110976 0.948976 4.83917e-06 0.00440256 
0.0230472 0.000124927 0.0979336 0.00190158 0.483792 0.000236033 0.392965 
1.21614e-06 1.27955e-05 0.0542499 0.447196 0.466058 2.62145e-07 0.0324822 
1.75635e-05 1.75708e-05 0.0790915 0.166957 0.428801 1.75692e-05 0.325098 
3.68882e-07 0.000119879 0.000905548 0.0257708 0.959299 2.62253e-05 0.0138786 
5.89928e-06 7.84246e-06 0.0332851 0.00179048 0.96337 6.499e-07 0.00153953 
0.0621272 0.0241519 0.0217705 0.191941 0.464791 0.0629654 0.172253 
0.0869072 0.000270078 0.0407307 0.0100282 0.859636 0.00174947 0.000678144 
0.00121288 0.0162442 0.120184 0.0655983 0.491385 0.00557598 0.299799 
0.00017021 2.29856e-05 0.189694 0.00218695 0.781421 0.000314303 0.0261903 
8.35812e-06 9.27757e-08 0.0283019 0.0220576 0.841458 5.90724e-06 0.108168 
0.117539 0.0341271 0.0299549 0.0847378 0.729242 5.23806e-05 0.00434727 
0.00933249 0.0355205 0.0333559 0.0279329 0.530676 0.0463549 0.316828 
0.0554424 0.0183764 0.165747 0.0341154 0.549969 0.154051 0.0222987 
0.142801 0.14286 0.14287 0.142874 0.142879 0.142847 0.142869 
8.63594e-06 6.53396e-05 0.00922282 0.00469607 0.984633 1.024e-05 0.00136399 
0.00759127 0.000187858 0.375861 0.0072863 0.384519 0.000110932 0.224443 
0.00222665 0.00500041 0.0503429 0.0978847 0.753365 0.00415142 0.0870284 
1.13358e-05 0.000988555 0.00863599 0.0423416 0.577232 0.00012004 0.37067 
0.00118058 0.0133715 0.124023 0.0222311 0.816147 0.000269059 0.0227781 
0.000476359 0.00867365 0.0463408 0.107532 0.765632 0.00247898 0.0688664 
0.000206774 0.000397061 0.0249062 0.0166238 0.882471 7.15773e-05 0.0753241 
5.74449e-05 0.00903965 0.123118 0.0030238 0.714276 0.00172259 0.148763 
0.00429509 0.0145418 0.0177415 0.0620253 0.781228 0.000250857 0.119918 
6.27241e-05 0.000565 0.0656799 0.040086 0.462525 0.00970169 0.42138 
0.015853 0.00108508 0.00945852 0.182182 0.754347 0.00434761 0.0327272 
1.27385e-05 0.134918 0.0722872 0.00056648 0.537284 0.000150459 0.254781 
0.00192249 0.00228989 0.026384 0.105894 0.828518 8.17224e-05 0.0349099 
0.00226373 0.000114271 0.0820917 0.232112 0.613403 2.06465e-05 0.0699949 
0.00140683 0.000630845 0.0211384 0.221793 0.599258 0.000224631 0.155548 
0.158486 0.0457822 0.0497096 0.137693 0.599989 1.77764e-05 0.0083223 
0.0063122 0.0514608 0.00784521 0.120531 0.684512 0.0247262 0.104613 
0.00036718 0.0077742 0.108573 0.311639 0.532956 0.000300155 0.038391 
0.000302475 0.00323525 0.0133305 0.252082 0.724236 6.49492e-08 0.00681401 
0.00147108 0.00739665 0.0719218 0.00632344 0.855592 0.000328115 0.0569671 
0.00897912 0.0135077 0.0132577 0.0776657 0.816125 0.000188184 0.0702768 
5.2915e-05 0.00345145 0.0182736 0.0139718 0.963356 9.77084e-05 0.000796322 
0.007515 0.0255461 0.0436143 0.106606 0.743095 0.000358644 0.0732647 
0.0745019 0.00116672 0.00725328 0.064396 0.844196 0.000713166 0.00777245 
0.0028707 0.0155531 0.241796 0.0407752 0.63551 0.0111267 0.0523683 
1.87924e-07 0.000371375 0.0193114 0.359145 0.609696 6.89686e-06 0.011469 
0.00173338 0.0143922 0.141077 0.0510246 0.754011 0.00391546 0.0338463 
0.000262768 0.0157958 0.0274182 0.111103 0.625154 0.0155703 0.204697 
0.0423323 0.0191221 0.128708 0.0415191 0.69987 0.00191164 0.0665364 
0.000408941 0.0170277 0.0853464 0.0555895 0.828601 0.000193006 0.0128331 
5.2915e-05 0.00345145 0.0182736 0.0139718 0.963356 9.77084e-05 0.000796322 
0.000146213 0.00334883 0.037483 0.112728 0.729008 4.09909e-05 0.117246 
0.00877748 0.176396 0.0593629 0.114451 0.584476 0.00950665 0.0470304 
0.000416999 0.0705029 0.0699287 0.0865745 0.627852 0.00817809 0.136547 
7.11722e-05 2.47256e-05 0.284897 0.0131109 0.580277 0.000322834 0.121296 
0.000551994 0.000522073 0.371459 0.0306659 0.425977 0.0131946 0.157629 
0.000250808 0.000539841 0.0181303 0.0566885 0.527013 0.000985316 0.396393 
0.00083499 1.24538e-05 0.167205 0.11761 0.495955 0.000233957 0.218148 
0.000124343 0.022395 0.0104796 0.268673 0.467952 0.000146719 0.230229 
0.000109574 0.00214695 0.0017111 0.358538 0.632472 1.15324e-06 0.00502153 
8.30447e-05 0.048079 0.102959 0.0375118 0.694779 0.0134137 0.103174 
0.00334813 0.00293078 0.0240491 0.0510709 0.755478 0.103863 0.0592596 
0.000219757 0.000393851 0.0511893 0.151718 0.697214 1.28789e-05 0.099253 
0.00335054 0.00624088 0.0958219 0.0964526 0.713972 0.00274028 0.0814219 
0.00682821 0.0291304 0.128322 0.0670579 0.561178 0.00433707 0.203146 
3.71147e-07 1.08025e-11 0.328313 0.13363 0.371441 2.66154e-07 0.166616 
0.00523119 0.0209859 0.00767224 0.0307355 0.767273 3.54977e-06 0.168098 
0.00100173 0.00213345 0.14416 0.0882425 0.740729 2.20784e-05 0.0237117 
0.0540019 0.0128098 0.0122668 0.11895 0.621542 0.0026729 0.177756 
0.00328828 0.0147167 0.213449 0.0742917 0.600739 0.00827693 0.0852389 
0.0156719 0.0165472 0.0603236 0.0414144 0.856571 0.00276251 0.00670979 
0.00824545 0.0563526 0.0558855 0.119133 0.695908 0.000481949 0.0639939 
0.000170557 0.0115686 0.241932 0.0798125 0.615327 0.0167815 0.0344072 
0.000757116 0.00277969 0.200528 0.0551695 0.690913 0.000163497 0.0496895 
0.000435133 0.00470858 0.0474405 0.044713 0.881497 4.63998e-05 0.0211591 
4.08426e-05 0.000205635 0.161713 0.00961434 0.718149 1.43409e-08 0.110277 
9.54387e-05 2.01611e-05 0.00416387 0.0474386 0.941481 0.000111635 0.00668931 
3.28422e-05 0.050504 0.00260948 0.134371 0.782137 0.000504478 0.0298415 
8.19476e-05 0.00126829 0.0166183 0.010366 0.64965 5.10744e-05 0.321965 
0.000139725 0.000337187 0.0331409 0.00924274 0.938081 2.14494e-05 0.0190367 
6.33468e-05 0.191816 0.0529907 0.0987324 0.634466 0.000178592 0.0217527 
6.17997e-06 0.00103242 0.105429 0.0586866 0.711317 0.00011587 0.123413 
0.000666709 1.52354e-07 0.148479 0.0672639 0.767104 7.24602e-05 0.0164138 
0.00293977 0.0118417 0.0285319 0.0886245 0.594751 0.00112302 0.272189 
0.00157102 1.94894e-07 0.00269051 0.265737 0.477578 0.0010093 0.251414 
0.00123677 4.2207e-08 0.00138163 0.00553521 0.908233 5.69082e-05 0.0835563 
0.00681454 0.0090941 0.208682 0.0555142 0.316943 0.110272 0.29268 
5.81613e-07 8.6558e-05 0.118615 0.40169 0.464909 0.000746877 0.0139517 
0.00144406 0.0229267 0.0887334 0.271592 0.455248 0.0131042 0.146952 
1.43569e-05 5.79739e-07 0.0602888 0.141433 0.776709 1.19686e-10 0.0215542 
0.000488598 0.0134063 0.315882 0.0939464 0.439503 0.0132065 0.123568 
0.0401462 0.00706325 0.383758 0.0317089 0.449683 0.000485942 0.0871553 
0.000300271 0.0427329 0.0624514 0.0411337 0.733769 0.000182122 0.11943 
0.0139896 0.000572965 0.0595545 0.0212721 0.862444 0.0406946 0.00147262 
0.0549502 0.000458343 0.101983 0.0127355 0.769537 0.000173275 0.0601631 
3.41409e-06 2.76331e-07 0.00381489 0.0749643 0.918783 2.38866e-11 0.00243442 
0.00178346 0.0098887 0.109201 0.0237739 0.807415 0.00182171 0.0461152 
0.00137325 0.00122247 0.0200618 0.0370188 0.938146 4.27272e-05 0.00213548 
0.000539721 0.0183441 0.0543453 0.064181 0.578722 0.000390101 0.283477 
0.000406496 0.0351349 0.172854 0.0492604 0.649316 0.00851014 0.084518 
1.99883e-06 0.00773137 0.0891025 0.0319867 0.572354 6.54582e-08 0.298823 
0.00989931 0.133707 0.0100382 0.0617282 0.522342 0.0741748 0.18811 
0.00126413 0.0619705 0.136563 0.141463 0.483453 0.000166365 0.17512 
3.42928e-05 1.19152e-05 0.375352 0.00624495 0.525437 0.000476019 0.0924436 
0.00296272 0.044587 0.0824022 0.0889159 0.539322 0.0460497 0.19576 
0.000818584 0.000675204 0.133727 0.0918661 0.723533 8.38014e-06 0.0493722 
0.00584818 0.00152459 0.0794407 0.0462774 0.800971 0.034207 0.0317313 
0.00122537 0.0648426 0.118409 0.201219 0.524006 0.0110674 0.0792313 
0.014527 0.0102579 0.0243065 0.0628212 0.883356 0.000148435 0.00458304 
1.30524e-06 0.12889 0.00706973 0.081735 0.698823 0.00625639 0.0772243 
0.00353291 0.00450563 0.031146 0.052247 0.874439 6.52834e-05 0.0340646 
8.21518e-05 0.00152976 0.0189022 0.0260585 0.864599 0.000163277 0.088665 
0.000293776 0.0388594 0.083319 0.030142 0.67311 0.000364684 0.173911 
0.00187406 0.00964527 0.390555 0.0220271 0.417121 0.015674 0.143103 
0.0839569 0.0243767 0.0341102 0.0730347 0.778059 3.74258e-05 0.00642547 
0.00996461 0.0983917 0.139246 0.0658614 0.662122 0.0167812 0.00763315 
0.000308679 0.0383046 0.0411188 0.0940961 0.755062 0.000524208 0.0705854 
0.0475219 0.0230559 0.00346013 0.162087 0.728688 0.000133773 0.0350527 
0.000756988 0.00234501 0.0333885 0.285501 0.667834 0.000593163 0.00958097 
0.00278052 0.0124666 0.0947475 0.110558 0.717841 0.000278376 0.0613277 
6.32353e-05 4.40865e-05 0.0920161 0.00137176 0.900445 5.32775e-05 0.0060064 
1.69112e-05 3.25428e-05 0.0772639 0.252564 0.658378 1.49357e-05 0.011729 
0.00201571 0.00800179 0.0188263 0.0634713 0.673208 0.000301043 0.234176 
2.9949e-05 0.00110993 0.181691 0.0500461 0.540918 0.00720487 0.218999 
0.0632019 0.143126 0.0248004 0.101474 0.429892 0.000169027 0.237336 
1.22337e-05 0.012673 0.345781 0.0180435 0.619235 0.000280489 0.00397483 
0.0492516 0.0422874 0.143882 0.215516 0.466375 0.00392509 0.0787625 
1.10351e-05 0.00284345 0.0151062 0.0773377 0.903163 5.16324e-06 0.0015339 
0.000318512 0.00610329 0.331938 0.0824126 0.428263 1.24256e-09 0.150965 
6.50287e-05 0.00290715 0.149565 0.0219016 0.778354 0.00451575 0.0426917 
0.000689443 0.003811 0.159139 0.0861874 0.724957 0.0110928 0.0141228 
0.00431323 0.0204768 0.07552 0.268308 0.32505 0.0242458 0.282087 
0.00327444 0.0332788 0.0178718 0.0371938 0.882928 0.00156267 0.0238906 
0.00107166 0.00116902 0.0485142 0.0841214 0.439448 7.15933e-05 0.425604 
9.57421e-06 0.000711996 0.0338399 0.166635 0.716252 5.83827e-05 0.0824934 
0.000471311 0.000230184 0.135232 0.232278 0.329579 0.029532 0.272677 
0.000426897 0.000915636 0.0128983 0.0697441 0.837559 7.62796e-06 0.0784479 
0.00645106 0.00680951 0.176936 0.0238145 0.734659 0.00108343 0.0502462 
2.81166e-06 0.012319 0.0948405 0.0790792 0.776955 0.00258699 0.0342166 
0.000414934 0.0007779 0.0227755 0.0230524 0.936438 4.85075e-06 0.016536 
4.50905e-06 0.00474958 0.0777814 0.00228082 0.905543 3.03225e-05 0.00961026 
7.64134e-05 0.000780932 0.435866 0.0255317 0.531645 0.000756468 0.0053439 
0.00251008 0.0755448 0.0173571 0.0344271 0.551045 0.00114359 0.317973 
0.00421653 0.0546712 0.0335502 0.261914 0.604892 0.000176025 0.0405802 
0.0018698 0.0183659 0.16208 0.0650408 0.665663 0.000962306 0.0860185 
3.50546e-05 0.000132975 0.113063 0.00416171 0.441994 0.0127894 0.427824 
0.00971882 0.00225597 0.00948761 0.221115 0.716208 0.0172866 0.0239279 
0.000479952 0.0169216 0.166842 0.0111568 0.786262 4.76185e-05 0.0182903 
0.00134091 0.0018005 0.0412647 0.0862824 0.668772 1.98058e-05 0.20052 
0.00154726 0.0081589 0.157339 0.0486125 0.669953 0.00098063 0.113409 
5.88704e-05 2.04055e-07 0.0331345 0.00388526 0.932254 0.00060674 0.0300606 
2.29391e-05 0.0280614 0.0104924 0.179411 0.72773 1.88585e-05 0.054263 
0.00779474 0.00905105 0.0194338 0.0520493 0.877952 4.69302e-05 0.0336719 
0.00580497 0.0574877 0.0290574 0.0875153 0.777853 0.000497503 0.0417844 
3.8514e-05 0.000273126 0.0289842 0.0326778 0.934059 2.72714e-07 0.00396715 
0.00249508 0.00218255 0.165366 0.135136 0.652824 0.00092184 0.0410749 
3.23048e-05 0.0089008 0.16305 0.0757836 0.704817 0.000399689 0.0470164 
0.000100725 0.0207639 0.0950492 0.0495525 0.79161 0.0300173 0.0129062 
0.00127818 0.123574 0.0167802 0.0858448 0.761555 0.000129734 0.0108389 
0.000120182 0.0613458 0.402602 0.0159964 0.503278 0.00453112 0.0121266 
7.4521e-05 0.00641565 0.0697229 0.0500084 0.827739 0.000370409 0.0456695 
1.30852e-09 3.65655e-10 6.98066e-05 4.21828e-05 0.999887 5.73792e-10 1.27192e-06 
0.00205159 0.000281191 0.17523 0.129006 0.674866 0.000173251 0.018392 
0.0436803 0.162594 0.00557911 0.32025 0.454085 0.000644325 0.0131673 
0.000172691 0.000263738 0.127029 0.0593109 0.770346 0.0107841 0.0320934 
9.37356e-05 0.00168019 0.0136497 0.0149178 0.527801 0.000581384 0.441276 
2.34952e-06 0.285354 0.0197479 0.245654 0.397993 2.35029e-06 0.0512466 
7.61221e-05 0.00123341 0.0786372 0.00353573 0.905633 0.000306833 0.0105781 
0.00169263 0.148031 0.175536 0.073796 0.574526 0.00165857 0.0247599 
0.00103164 0.00304869 0.0885325 0.117563 0.721489 6.53549e-06 0.0683286 
0.00146448 0.0102075 0.109175 0.0950322 0.640684 0.00303042 0.140407 
1.70114e-07 7.3286e-08 0.00152731 0.0697425 0.926261 2.21786e-07 0.00246837 
1.24871e-06 9.97897e-05 0.118861 0.212925 0.472862 1.04895e-05 0.19524 
0.00256307 0.00174402 0.0196372 0.034417 0.938191 7.97263e-05 0.00336814 
8.19121e-05 0.00409007 0.0446957 0.0146901 0.59407 0.00271024 0.339662 
0.000628338 3.36358e-06 0.0123136 0.207864 0.691025 0.00026279 0.0879033 
0.142801 0.14286 0.14287 0.142874 0.142879 0.142847 0.142869 
0.0100049 0.0594771 0.0832892 0.191369 0.538911 0.0402674 0.0766813 
0.0034446 0.0261597 0.242211 0.0808677 0.500575 0.000425695 0.146316 
0.000402131 0.000231577 0.0107654 0.0243503 0.961485 7.77402e-06 0.00275797 
9.63031e-05 0.0343778 0.163929 0.0237858 0.653772 0.0162347 0.107804 
0.000836603 0.00723859 0.00739818 0.0700391 0.890422 2.91111e-05 0.0240359 
0.0010299 0.000556614 0.0073829 0.421079 0.555923 1.37455e-07 0.0140285 
0.00231633 0.0118145 0.0386324 0.175623 0.666005 0.00182366 0.103785 
8.18555e-05 0.0573612 0.0901911 0.0578239 0.743817 7.96507e-05 0.0506457 
5.82467e-05 0.00133917 0.0803402 0.229387 0.607956 2.10039e-05 0.0808982 
0.00243728 0.000957163 0.0562836 0.108862 0.824012 3.06651e-05 0.00741749 
0.00608582 0.0246316 0.0681228 0.200539 0.493143 0.0022077 0.20527 
4.06243e-05 0.00338083 0.0139507 0.099717 0.550744 0.000173856 0.331993 
0.0869072 0.000270078 0.0407307 0.0100282 0.859636 0.00174947 0.000678144 
0.00134091 0.0018005 0.0412647 0.0862824 0.668772 1.98058e-05 0.20052 
0.013376 0.00751697 0.0959471 0.0116429 0.858559 0.000356664 0.0126012 
0.000818884 0.00493794 0.0611707 0.0171738 0.883509 0.000231429 0.0321581 
0.00586958 0.00709699 0.0458172 0.0565747 0.509293 0.000139199 0.37521 
1.29381e-05 0.158254 0.100672 0.105007 0.484371 0.000337192 0.151346 
0.00153209 0.0106729 0.0217402 0.151843 0.778618 0.00318309 0.0324112 
0.000621731 0.00474161 0.218924 0.0225646 0.306862 0.194578 0.251708 
7.40094e-07 0.136948 0.0595202 0.125979 0.302851 0.12395 0.250752 
0.000147345 0.000425719 0.062916 0.00133575 0.914109 6.53854e-05 0.0210004 
0.00170375 0.000150139 0.000930922 0.0793848 0.915235 1.37639e-05 0.00258146 
3.68882e-07 0.000119879 0.000905548 0.0257708 0.959299 2.62253e-05 0.0138786 
0.0156932 0.041754 0.14365 0.0635962 0.618799 0.0307772 0.08573 
0.00326255 0.000164746 0.062968 0.138337 0.45466 1.631e-06 0.340606 
0.000738941 0.00141394 0.00932188 0.340565 0.565463 4.57542e-05 0.0824513 
2.37856e-06 0.0345696 0.181106 0.0778168 0.593515 4.96711e-05 0.11294 
0.00808984 0.0179887 0.0545285 0.145995 0.690705 0.00650638 0.0761866 
0.000175144 0.00145357 0.00124209 0.0249664 0.944147 0.000115929 0.0279 
0.0130628 0.0327323 0.0623684 0.213848 0.449199 0.0216275 0.207162 
0.0147099 0.0132993 0.00830649 0.209146 0.69598 8.6168e-05 0.0584723 
0.000388793 0.00984553 0.237502 0.0630211 0.610756 0.000429236 0.0780575 
1.05267e-11 3.17723e-08 0.00488189 0.0782646 0.890339 5.40121e-08 0.0265147 
0.00032616 0.0194592 0.15437 0.108423 0.462924 0.000143495 0.254353 
0.000306289 0.0633803 0.141745 0.0587161 0.61872 4.96136e-05 0.117082 
0.000662935 0.0535968 0.07461 0.0328493 0.798494 0.000507844 0.0392789 
0.000749148 0.0574574 0.206801 0.0653979 0.665085 3.9159e-05 0.00447087 
0.000764696 0.000765016 0.000765066 0.00076509 0.99541 0.000764945 0.000765063 
0.00260228 0.0429789 0.123252 0.0858998 0.669178 0.000319541 0.0757692 
0.0118188 0.0105045 0.0295985 0.220671 0.715064 5.19435e-06 0.012338 
1.39386e-06 0.000548839 0.0026727 0.0141975 0.97878 5.94284e-09 0.00379917 
0.000516245 0.00593403 0.305197 0.100217 0.542382 0.000117568 0.0456357 
0.001323 0.00111941 0.0150686 0.0881693 0.891214 8.85395e-06 0.00309695 
0.00319204 0.00330567 0.0363283 0.20498 0.733572 0.00111092 0.0175105 
0.0106501 0.00398058 0.0474663 0.101748 0.820731 0.000170624 0.0152534 
0.00969238 0.019758 0.00153293 0.171698 0.781039 1.28769e-05 0.0162673 
0.000309127 0.00631529 0.0498974 0.0143657 0.867123 0.000426071 0.061563 
0.00327123 0.0266847 0.330673 0.0633724 0.433248 0.00265347 0.140097 
0.000289334 0.000152106 0.0377122 0.208958 0.385992 8.22418e-05 0.366814 
5.14443e-05 0.00626416 0.16765 0.0924455 0.644091 9.96735e-06 0.0894876 
0.00351519 0.0297778 0.149297 0.094286 0.678717 0.0245553 0.0198518 
0.00264017 0.00154532 0.0616043 0.0327558 0.841078 1.67249e-05 0.0603602 
0.000251023 0.000649354 0.102747 0.00858219 0.850073 0.000140337 0.0375565 
0.00035083 0.0011519 0.00573751 0.0397704 0.898758 0.00168637 0.0525452 
0.000151507 0.000372578 0.0209462 0.0368406 0.941427 1.03748e-05 0.000251447 
9.00483e-07 0.0104251 0.308438 0.0221651 0.593275 0.000250066 0.0654457 
0.00137325 0.00122247 0.0200618 0.0370188 0.938146 4.27272e-05 0.00213548 
2.71491e-05 0.000325263 0.194048 0.0545154 0.673158 0.000166452 0.0777597 
0.0132911 0.0193735 0.133158 0.107939 0.665936 0.00436074 0.0559412 
9.18926e-07 0.000229574 0.0401295 0.0255581 0.690469 0.000454748 0.243158 
0.00319204 0.00330567 0.0363283 0.20498 0.733572 0.00111092 0.0175105 
7.65999e-07 7.66319e-07 0.0501978 0.00191675 0.630839 0.0209193 0.296125 
0.000702118 0.0101632 0.0997603 0.0494722 0.742611 0.000102182 0.0971893 
0.00573544 0.0149235 0.116058 0.185152 0.494287 0.00118989 0.182654 
0.000412913 0.00257241 0.0709514 0.00743964 0.892664 9.58516e-05 0.0258636 
0.000408714 0.0191895 0.180713 0.202363 0.405645 5.45032e-05 0.191626 
0.000937492 0.00295976 0.246572 0.0169338 0.408133 0.00493813 0.319526 
7.04134e-06 0.0240104 0.0140413 0.00685927 0.552395 0.00358378 0.399103 
0.0057647 0.000122817 0.00543819 0.0135936 0.970145 5.422e-06 0.00493075 
0.00874959 0.0760522 0.00654383 0.107253 0.748641 1.1065e-06 0.0527592 
0.00730598 0.0300322 0.0729961 0.0346219 0.795582 0.000218449 0.0592434 
0.000178718 0.000382242 0.078842 0.0392917 0.638838 0.00028396 0.242184 
0.00208509 0.0236184 0.050835 0.0897315 0.728051 0.00159833 0.104081 
0.00323015 0.0165387 0.357278 0.0767164 0.362384 0.0637714 0.120082 
0.00176185 0.0345482 0.0696305 0.0650748 0.751366 6.20818e-05 0.0775562 
7.82642e-06 2.56451e-06 0.154297 0.0742369 0.550663 7.51887e-05 0.220718 
0.00156436 0.0485565 0.243738 0.0197012 0.549131 0.0438859 0.0934223 
0.00144315 0.0223996 0.0369363 0.037512 0.340951 0.235977 0.324782 
2.67941e-05 0.00700946 0.0181487 0.171758 0.774059 0.0141459 0.0148519 
8.48913e-05 0.0845271 0.129249 0.0176196 0.551336 0.00757481 0.209609 
0.000268215 0.015326 0.287678 0.127315 0.537897 0.00176352 0.029752 
0.00571125 0.0151004 0.0380213 0.0526124 0.818224 0.000891342 0.069439 
0.00135862 0.000645245 0.161047 0.126938 0.702361 0.000365553 0.00728498 
0.000807188 0.0110485 0.0777407 0.0134246 0.782727 0.0196023 0.09465 
0.00493896 0.00885298 0.23861 0.0752287 0.458319 0.00198586 0.212064 
0.00030582 0.000984492 0.260108 0.0423351 0.6277 0.0030741 0.0654921 
0.00137325 0.00122247 0.0200618 0.0370188 0.938146 4.27272e-05 0.00213548 
0.000156976 0.0706167 0.0511298 0.022728 0.818979 0.000100317 0.0362889 
2.87077e-06 0.000833784 0.0116817 0.0404667 0.940624 4.26363e-07 0.00639013 
3.07571e-10 3.17618e-07 0.0892521 0.021974 0.800726 0.0611051 0.0269424 
0.00555689 0.00155625 0.251133 0.00583524 0.734404 0.000529799 0.000984593 
3.11949e-05 0.0012347 0.265348 0.0113375 0.685669 0.00508039 0.0312991 
0.00146824 0.00882857 0.0127095 0.132049 0.431391 0.00115041 0.412403 
0.0269466 0.0360991 0.262609 0.0377113 0.497267 0.00556628 0.133801 
4.26212e-05 0.00431749 0.344153 0.0302859 0.560274 0.000168528 0.0607585 
0.00165409 0.00226505 0.0558383 0.286108 0.543409 0.0276638 0.0830616 
0.000267944 7.76805e-05 0.0587268 0.00241818 0.506771 0.397505 0.0342334 
8.14194e-05 0.0213777 0.113825 0.0257278 0.697543 0.0230343 0.118411 
0.000101104 0.034503 0.0516249 0.168373 0.708424 2.21019e-05 0.0369522 
0.00069078 0.0168162 0.0878243 0.0432819 0.595344 0.0125509 0.243492 
0.00119963 0.0177077 0.0251347 0.0698384 0.848136 9.5686e-05 0.0378878 
8.72013e-12 6.36023e-08 0.0124255 0.0281555 0.959284 3.82383e-12 0.000134721 
0.0038416 0.00675678 0.0422982 0.0855288 0.803288 0.00733274 0.0509537 
1.14325e-07 0.000725477 0.00262563 0.0860427 0.860916 1.40883e-09 0.0496898 
0.00349042 0.00270186 0.170263 0.0667253 0.708322 0.00453166 0.0439654 
0.00055528 0.0171845 0.135624 0.0516872 0.767179 0.000162505 0.0276068 
0.0401644 0.0275047 0.334872 0.124075 0.422481 8.65601e-05 0.0508169 
0.00191866 0.0295451 0.214808 0.0683133 0.631527 0.000275979 0.0536122 
0.00799564 0.0370186 0.00452236 0.10054 0.848341 4.75674e-08 0.00158231 
0.000893429 0.0530233 0.0300281 0.0396632 0.76608 1.48597e-05 0.110297 
0.00195811 0.00823187 0.0401062 0.0191648 0.803946 8.79653e-05 0.126505 
4.31494e-06 0.0271938 0.123211 0.0437055 0.730985 0.0342254 0.0406751 
3.66651e-08 7.52129e-05 0.297762 0.0744073 0.626118 9.52525e-06 0.00162823 
3.51901e-05 0.0270953 0.0542132 0.0915192 0.74157 0.00617972 0.0793873 
0.00871775 0.0593021 0.171296 0.197004 0.315266 0.0975261 0.150887 
0.00479697 0.0228283 0.0791842 0.208318 0.628919 0.00110948 0.054844 
4.98156e-05 1.86706e-06 0.0312507 0.0237734 0.698938 3.5224e-05 0.245951 
0.00754168 0.202099 0.0128697 0.252073 0.30819 0.00813267 0.209095 
5.0854e-06 0.0504575 0.064695 0.253521 0.57207 3.96027e-05 0.0592119 
3.28797e-06 1.45497e-06 0.0188027 0.0337514 0.714193 6.37758e-07 0.233248 
0.00368937 0.0126054 0.160898 0.163144 0.577318 0.00136087 0.0809835 
2.28598e-05 0.00960208 0.050387 0.0139885 0.804391 0.00504881 0.11656 
0.000627406 0.00102663 0.0167617 0.0588198 0.915079 3.40346e-06 0.00768186 
6.64169e-07 0.000398839 0.351096 0.0657767 0.571932 0.000277932 0.0105181 
3.68882e-07 0.000119879 0.000905548 0.0257708 0.959299 2.62253e-05 0.0138786 
0.00336998 0.00653451 0.0100032 0.0654007 0.904877 1.72529e-06 0.00981245 
0.0109499 2.05548e-05 0.236749 0.177589 0.567203 0.00310422 0.00438451 
0.00288228 0.00557005 0.0315659 0.0776378 0.815392 1.49308e-05 0.0669374 
0.0012523 0.0257168 0.119548 0.103151 0.704058 0.000623745 0.0456503 
0.00180499 0.000246748 0.391928 0.132411 0.460795 0.000146803 0.0126673 
0.00133637 0.0129483 0.0463839 0.317366 0.358191 0.0291898 0.234585 
0.0112705 0.0184744 0.0629686 0.219492 0.524689 0.00523664 0.157869 
0.00163049 0.0018246 0.227751 0.00950798 0.525876 0.0790829 0.154327 
3.46358e-05 0.00652322 0.0422152 0.0900053 0.597804 0.000127535 0.26329 
0.00124763 0.00426407 0.348508 0.0434405 0.505323 0.00496599 0.0922506 
0.0161383 0.000592244 0.0107452 0.0493059 0.910644 6.83462e-05 0.012506 
0.00312726 0.0418794 0.043639 0.0674689 0.778893 9.80475e-05 0.0648945 
8.06552e-06 4.82357e-05 0.0286768 0.351504 0.616554 1.7738e-05 0.00319104 
0.000803464 4.20113e-05 0.0271292 0.00786872 0.953321 9.47963e-05 0.0107406 
8.41658e-05 0.0127502 0.244833 0.0157584 0.725453 0.000169917 0.00095078 
0.0551473 0.0461051 0.0429265 0.149651 0.434798 0.000181473 0.271191 
0.000855702 0.000234054 0.143592 0.0961359 0.679594 0.000173378 0.0794154 
0.000107178 0.00741831 0.0434012 0.157802 0.722142 0.00118304 0.0679459 
1.86843e-09 1.46246e-06 0.0895987 0.0516191 0.858751 8.19317e-10 2.96175e-05 
0.000296106 0.0458632 0.365317 0.0173822 0.371005 0.158477 0.04166 
8.02698e-08 5.36087e-08 0.0126579 0.272192 0.619502 3.31533e-05 0.0956156 
0.00176836 0.124567 0.383608 0.018165 0.430524 0.00386777 0.0374999 
0.000287114 0.0331298 0.0410321 0.140209 0.454887 0.000217174 0.330237 
0.0852571 0.0158621 0.0355388 0.366421 0.462029 2.4207e-05 0.0348679 
0.00495316 0.00245791 0.0185736 0.232444 0.633635 3.24607e-05 0.107903 
0.000777942 0.00186789 0.0553009 0.0114486 0.689452 3.24527e-08 0.241153 
0.00156196 0.0271994 0.364671 0.0884276 0.426992 0.0213006 0.0698475 
0.000690157 0.00971656 0.10659 0.0600922 0.782971 0.00266003 0.0372802 
1.12805e-05 0.0214072 0.172785 0.0402291 0.759721 4.31362e-05 0.00580285 
0.000237646 0.0307574 0.0452871 0.0686347 0.833485 0.00111195 0.0204858 
0.00715209 0.000121126 0.040325 0.0418623 0.888133 3.43373e-05 0.022372 
4.8849e-05 0.033256 0.0195083 0.0212093 0.882834 9.76397e-06 0.0431342 
7.76653e-09 6.24279e-08 0.00892957 0.163594 0.820006 1.05466e-07 0.00746983 
9.49915e-08 0.000226707 0.0172505 0.0311789 0.876897 0.000972366 0.073474 
5.2915e-05 0.00345145 0.0182736 0.0139718 0.963356 9.77084e-05 0.000796322 
0.000421285 0.000127348 0.0486141 0.0566609 0.893663 8.64771e-05 0.000427092 
0.00775175 0.000306978 0.314931 0.106647 0.55924 0.000140779 0.0109828 
0.00724444 0.0043022 0.0335811 0.0308769 0.845334 0.00513744 0.0735238 
0.0488077 0.000382077 0.0522592 0.150549 0.576666 7.781e-05 0.171259 
0.000683961 0.0107325 0.0840914 0.0961817 0.804198 1.37459e-05 0.00409866 
0.00954821 2.09134e-07 4.60944e-06 0.0388033 0.922478 3.54861e-08 0.0291655 
0.000141687 0.00859362 0.0365894 0.0178176 0.645648 0.0663886 0.224821 
5.85007e-05 0.0145843 0.0875431 0.0706391 0.787772 1.70231e-05 0.0393855 
0.00194661 0.0353835 0.00902408 0.0777412 0.875673 5.50215e-05 0.000176304 
0.00104812 0.00265095 0.212637 0.0631612 0.62335 0.00046109 0.0966919 
0.00522469 0.0133663 0.0309533 0.0718158 0.796138 0.00216286 0.0803395 
2.61021e-06 2.6113e-06 2.61147e-06 0.373717 0.556282 2.61106e-06 0.0699899 
0.00614961 0.0511929 0.0428479 0.0379858 0.855399 0.000743714 0.00568099 
0.0117821 0.000443914 0.0981451 0.0395445 0.842832 0.000846907 0.0064052 
0.0077414 0.00638352 0.0672631 0.0925182 0.799217 0.000271228 0.0266053 
2.8708e-08 0.0205978 0.0544509 0.0776529 0.614607 6.83661e-05 0.232623 
0.0011999 0.0192865 0.0684826 0.280068 0.573733 0.0137864 0.0434431 
0.00134091 0.0018005 0.0412647 0.0862824 0.668772 1.98058e-05 0.20052 
7.29454e-09 0.00108392 0.35328 0.154887 0.406816 1.11215e-05 0.0839212 
0.00205601 0.0217835 0.133458 0.170197 0.457633 0.0393796 0.175494 
2.83066e-10 7.91008e-11 0.208917 0.22438 0.341803 1.24126e-10 0.2249 
2.39703e-06 0.000339146 0.00372225 0.322692 0.546888 7.55387e-05 0.126281 
0.000258411 0.0505743 0.179465 0.041278 0.599367 0.00617864 0.122878 
0.0022139 0.00770747 0.0113323 0.115625 0.713519 0.000234905 0.149367 
0.00779474 0.00905105 0.0194338 0.0520493 0.877952 4.69302e-05 0.0336719 
0.000974612 0.0648418 0.149137 0.0448815 0.303873 0.272794 0.163498 
4.15578e-05 0.016928 0.0935118 0.0132663 0.552467 0.0568453 0.26694 
0.00111333 0.00834181 0.0474477 0.0223302 0.559557 0.0078659 0.353344 
0.00108246 0.0105587 0.160415 0.191572 0.538243 0.00509802 0.0930301 
0.00903843 0.000327242 0.112153 0.11006 0.514725 1.75274e-05 0.253679 
0.0275182 0.000743931 0.0414885 0.0290764 0.804778 0.0957485 0.000646868 
0.00436876 0.00260189 0.0734513 0.0150461 0.791518 0.00628008 0.106734 
0.000550183 0.0416381 0.103884 0.0268298 0.468111 0.0417561 0.31723 
0.00116414 0.0203178 0.246321 0.0750622 0.547136 0.0156554 0.094343 
0.00291578 0.0162166 0.0665532 0.0412748 0.841435 0.000607562 0.0309973 
2.37953e-08 2.13181e-08 0.00825334 0.02068 0.959817 1.36715e-05 0.0112361 
0.0147028 0.0028705 0.0926614 0.138897 0.51823 0.00805285 0.224585 
2.14526e-06 0.000405884 0.289998 0.00827941 0.605286 2.12362e-08 0.0960289 
0.000178492 0.0709172 0.0696033 0.103414 0.723514 1.88677e-05 0.0323539 
0.000121643 0.0507603 0.00848836 0.124993 0.790907 0.000196513 0.0245333 
0.00172439 0.0304549 0.285201 0.0529773 0.376231 0.0408345 0.212577 
1.21012e-05 0.00619966 0.101493 0.00149787 0.708969 0.000663818 0.181164 
0.00229705 0.0044905 0.0151297 0.0632035 0.897028 0.00798015 0.00987063 
0.0172673 0.000402958 0.0119713 0.019687 0.94973 6.15206e-05 0.000880189 
4.67238e-07 0.00504875 0.0539926 0.164319 0.643178 0.00546893 0.127992 
3.78635e-05 7.10733e-05 0.249551 0.0967818 0.652626 2.36722e-05 0.000909227 
0.000959616 0.00869831 0.0432576 0.0630647 0.634758 0.0199346 0.229327 
0.000188061 0.00216003 0.175814 0.01517 0.749787 0.00865233 0.048228 
0.000691764 0.0105299 0.0949287 0.0850908 0.764357 0.00265646 0.041745 
0.000328161 0.0427733 0.0435834 0.0766574 0.670192 0.016606 0.14986 
2.61948e-05 7.31993e-06 4.4377e-06 2.96607e-06 0.986738 0.00575477 0.00746614 
4.87997e-05 0.0151679 0.189229 0.10204 0.574544 4.29603e-05 0.118927 
0.000505461 0.037495 0.064413 0.0336851 0.78306 0.00126925 0.0795718 
0.000150445 0.000239601 0.0149344 0.00338231 0.840191 0.0786396 0.0624628 
4.22296e-05 0.0280432 0.0512421 0.0537141 0.749482 0.0405074 0.076969 
0.00103351 0.00585534 0.0294828 0.215365 0.747921 1.26715e-05 0.000328937 
0.363432 0.000444648 0.0484088 0.0260186 0.54905 0.00788591 0.00475975 
0.00807915 0.0233074 0.0507544 0.118398 0.642308 0.0229711 0.134182 
8.52062e-05 0.00164622 0.113354 0.00246495 0.707792 0.0529838 0.121674 
0.0218783 0.000607815 0.0928862 0.0692872 0.807685 0.000525393 0.00713027 
4.14965e-05 0.0274632 0.0730572 0.0432172 0.450903 0.0373919 0.367926 
0.000145355 0.00193349 0.0841147 0.0314072 0.792055 0.000123723 0.0902205 
0.000611878 0.0293724 0.0246204 0.0561239 0.804556 0.000114578 0.084601 
0.00247416 0.0437501 0.105667 0.103488 0.336054 0.0795362 0.32903 
