0.000125882 0.00305479 0.0435604 0.0663279 0.723617 0.000227034 0.163087 
0.0147648 0.0736016 0.0422297 0.0319778 0.82728 0.00424031 0.00590624 
0.00324285 0.00529222 0.211909 0.20329 0.546775 4.65861e-05 0.0294447 
0.00058063 0.0493503 0.040644 0.0132723 0.887023 0.00153348 0.00759653 
4.26212e-05 0.00431749 0.344153 0.0302859 0.560274 0.000168528 0.0607585 
4.26212e-05 0.00431749 0.344153 0.0302859 0.560274 0.000168528 0.0607585 
0.00137225 0.0198225 0.144124 0.0742104 0.690611 0.00788356 0.0619764 
1.13537e-05 0.00184657 0.0883871 0.153457 0.468974 0.0293129 0.258011 
0.00119963 0.0177077 0.0251347 0.0698384 0.848136 9.5686e-05 0.0378878 
0.000579041 0.0158046 0.0283798 0.0382117 0.903817 0.000443009 0.0127644 
0.0839569 0.0243767 0.0341102 0.0730347 0.778059 3.74258e-05 0.00642547 
0.00729047 0.0117716 0.0791753 0.0818853 0.6902 0.0405336 0.0891435 
0.0130428 0.0365012 0.0343976 0.179499 0.698318 0.000362914 0.0378786 
1.65849e-05 0.00117661 0.117597 0.0311416 0.822193 4.27111e-05 0.0278328 
0.0239591 0.0132492 0.00468207 0.0302645 0.922586 0.000202958 0.00505604 
0.000178955 0.088185 0.126098 0.171104 0.328042 0.0115742 0.274818 
0.0177581 0.0228536 0.221484 0.116055 0.377545 0.010278 0.234027 
0.00321178 0.00161296 0.0172263 0.311474 0.662208 5.0626e-05 0.00421629 
0.00306034 0.0251105 0.046622 0.352752 0.527674 0.00278585 0.0419949 
0.00604535 0.0145378 0.0516965 0.0507361 0.857094 1.97356e-05 0.0198708 
0.00368363 0.00788516 0.014133 0.0224131 0.919406 6.59937e-05 0.032413 
0.00137325 0.00122247 0.0200618 0.0370188 0.938146 4.27272e-05 0.00213548 
0.264141 0.076303 0.0436462 0.186811 0.425349 2.95938e-05 0.00372021 
0.000496774 0.0112227 0.029091 0.0374557 0.708959 1.94714e-06 0.212773 
8.77765e-09 0.000356771 0.0156724 0.00871862 0.970007 1.68052e-06 0.00524384 
0.000345997 0.00027112 0.279101 0.0206997 0.697385 0.000646483 0.00155097 
0.00355603 0.00432616 0.015349 0.035334 0.856444 3.00642e-05 0.0849604 
3.23157e-07 0.000619791 0.00596759 0.250994 0.591245 4.8654e-08 0.151174 
0.00167782 0.0278935 0.246945 0.0476313 0.670296 7.47115e-06 0.00554866 
0.00844821 0.00804439 0.0985959 0.0233327 0.845796 0.00489696 0.0108859 
0.000385176 0.0742108 0.0903232 0.156525 0.336909 0.010883 0.330765 
2.27687e-07 1.20101e-07 0.210505 0.0150919 0.749719 4.14335e-07 0.0246836 
1.42449e-07 3.91347e-06 0.0755038 0.00716428 0.907477 5.62508e-09 0.00985127 
3.09806e-05 0.0017956 0.0442178 0.0545333 0.887697 0.000156498 0.0115684 
7.39707e-05 0.00217077 0.0123664 0.0416892 0.936936 2.9307e-08 0.00676407 
0.00239404 0.0294004 0.213041 0.040359 0.528061 0.0118831 0.174861 
3.57488e-05 0.000641363 0.240605 0.0715242 0.580914 0.00024048 0.106039 
0.00895069 0.0109668 0.000347773 0.218531 0.724209 8.26226e-08 0.0369944 
5.2915e-05 0.00345145 0.0182736 0.0139718 0.963356 9.77084e-05 0.000796322 
1.48818e-09 1.25175e-07 0.10766 0.197745 0.40385 6.52574e-10 0.290744 
0.00176854 0.00029143 0.0261713 0.0675746 0.878624 2.28919e-05 0.0255469 
0.00328634 0.051206 0.159236 0.0713864 0.703398 0.00361583 0.00787137 
0.000456105 0.00261831 0.0861454 0.0141124 0.889838 1.13779e-06 0.00682896 
0.00243966 0.0022082 0.0389835 0.268564 0.599153 5.30449e-06 0.0886465 
0.000174926 0.0145458 0.116347 0.05207 0.768913 0.00113528 0.0468139 
0.00152053 0.0183633 0.0421494 0.0804355 0.806427 0.00345347 0.0476513 
0.0201265 0.00475153 0.0942587 0.151858 0.575666 0.0381744 0.115166 
5.23854e-07 0.0671175 0.238472 0.0568192 0.596968 0.00783986 0.0327824 
0.00024247 0.00289592 0.00444349 0.00947473 0.962219 1.42061e-05 0.0207099 
3.687e-08 4.43366e-06 0.0532119 3.84459e-05 0.521013 0.0163483 0.409384 
0.00229832 0.00152864 0.0126028 0.0596459 0.922664 0.00018729 0.00107331 
0.000244243 0.00135794 0.149505 0.359405 0.387372 0.00308353 0.0990326 
0.0784842 0.00124536 0.0208781 0.0706722 0.792867 0.000881363 0.034972 
0.000133131 0.000892793 0.138263 0.0683872 0.77944 3.5955e-05 0.0128486 
0.0269345 0.0924953 0.0713058 0.0989755 0.589786 0.00206032 0.118443 
0.000431436 0.00216786 0.00811306 0.0478202 0.933547 5.85271e-05 0.00786145 
0.00175927 0.00375264 0.0748252 0.0951939 0.631479 0.000329989 0.19266 
0.000303738 0.0151365 0.346999 0.0398091 0.518984 0.0278792 0.0508887 
0.000271837 0.0649879 0.133484 0.0644541 0.385347 0.00105701 0.350398 
0.00144315 0.0223996 0.0369363 0.037512 0.340951 0.235977 0.324782 
0.0770898 0.00911131 0.10701 0.147287 0.550722 0.000997618 0.107782 
0.000136529 0.119499 0.275572 0.0158334 0.431895 1.66161e-05 0.157047 
0.0217615 0.0173897 0.149935 0.0369884 0.726166 0.000907754 0.0468524 
3.27227e-09 4.58793e-06 0.0597703 0.379529 0.53945 0.000387163 0.0208585 
0.00105974 0.00625588 0.00398988 0.0429288 0.936414 4.20331e-05 0.00930988 
0.00488567 0.00403279 0.0589172 0.0230451 0.900047 0.000375938 0.00869655 
2.17779e-06 0.00045772 0.115893 0.159815 0.392945 7.75214e-05 0.33081 
0.0010283 0.00808706 0.0740627 0.0971181 0.742288 0.00119778 0.0762178 
0.000119806 7.38677e-06 0.00115441 0.0220457 0.942668 0.000119402 0.0338853 
0.00352883 0.0499441 0.0575907 0.263493 0.449981 0.000576771 0.174885 
0.00961217 0.00160849 0.0065087 0.0518799 0.873369 6.10738e-05 0.056961 
0.000988609 0.0209062 0.0875277 0.130993 0.636171 0.00064082 0.122773 
0.0258271 0.00034512 0.00194187 0.0780837 0.856822 4.64116e-06 0.0369752 
0.00319204 0.00330567 0.0363283 0.20498 0.733572 0.00111092 0.0175105 
4.99689e-06 0.00798829 0.452565 0.0242532 0.497918 2.84766e-05 0.0172426 
0.00385644 0.0183962 0.0195755 0.283316 0.485429 8.85463e-05 0.189338 
0.00930488 0.0977709 0.0931602 0.238323 0.39604 0.000796223 0.164605 
0.000666606 0.0143401 0.393662 0.0878502 0.492589 0.000489927 0.010402 
0.00117538 6.51648e-05 0.209138 0.0278483 0.465436 9.08162e-05 0.296247 
0.0022006 0.000452839 0.0437722 0.0727357 0.673266 8.7147e-06 0.207564 
2.05015e-06 0.00134549 0.169808 0.000203494 0.758627 3.43615e-06 0.07001 
2.65133e-05 0.00826916 0.0445949 0.166159 0.702489 1.64084e-05 0.0784456 
0.0591664 0.00156194 0.0227398 0.02724 0.881611 0.000115818 0.00756553 
0.0016426 0.0106624 0.0537167 0.151959 0.389729 0.0697857 0.322505 
0.00792096 0.0200351 0.278545 0.017597 0.653277 0.00266546 0.0199598 
0.000122028 0.00478405 0.100995 0.146618 0.693121 0.00130808 0.0530523 
0.0342561 0.00989046 0.0545118 0.0420318 0.84797 0.00140591 0.00993367 
0.00137325 0.00122247 0.0200618 0.0370188 0.938146 4.27272e-05 0.00213548 
0.005845 0.00649356 0.0119037 0.0741655 0.565584 0.0129625 0.323046 
0.000386246 0.0101 0.0934054 0.0862635 0.791897 0.000170156 0.0177774 
0.00867541 0.0519932 0.0161565 0.115125 0.768947 0.00017423 0.0389287 
2.49608e-05 0.00138875 0.349265 0.109077 0.428238 0.000134741 0.111872 
0.0117821 0.000443914 0.0981451 0.0395445 0.842832 0.000846907 0.0064052 
0.0134599 0.0177788 0.110462 0.148011 0.64484 7.57151e-05 0.0653729 
0.0231344 7.79931e-08 0.00367891 0.0391192 0.928921 1.01577e-05 0.00513597 
0.000904469 0.00483594 0.184588 0.0598405 0.694586 0.000838783 0.0544061 
0.000148404 0.0401858 0.151529 0.0633974 0.739075 5.16696e-05 0.00561214 
0.000674927 0.00161671 0.0429031 0.291412 0.629497 0.0012613 0.0326348 
0.00422231 0.0224932 0.118426 0.0503263 0.748944 0.00123708 0.0543512 
0.000187055 1.39103e-08 0.00374615 0.000508194 0.994889 5.68542e-09 0.000669126 
0.000475991 0.0161111 0.106322 0.082307 0.779954 0.00733851 0.00749142 
0.00121251 0.00172843 0.0418116 0.223587 0.589308 3.03152e-07 0.142352 
0.00129778 0.0257603 0.0213447 0.148103 0.802915 3.66849e-05 0.000542502 
0.0160363 0.0233126 0.0174882 0.109245 0.746002 0.0234946 0.064421 
1.40734e-08 0.00109326 0.00365173 0.0067633 0.942227 7.93032e-05 0.0461852 
0.000152668 0.0525694 0.0934117 0.0200431 0.64453 0.00233956 0.186954 
0.000674565 0.00157088 0.0777486 0.107175 0.724272 9.16289e-05 0.0884676 
0.00711589 0.0151037 0.0845417 0.0889916 0.761058 0.00253962 0.0406499 
0.00226227 0.000416129 0.00948283 0.16873 0.530362 1.5778e-05 0.288731 
5.78739e-05 6.5723e-05 0.15264 0.0107698 0.742234 0.000242889 0.0939898 
7.84277e-06 8.01878e-05 0.0401445 0.00214815 0.772157 0.00125594 0.184206 
0.00088001 0.0155591 0.0782785 0.153522 0.748944 0.000210929 0.00260502 
2.17356e-05 0.000321987 0.0194159 0.0111354 0.498189 6.77319e-05 0.470848 
1.24221e-06 1.05703e-05 0.0215545 0.135691 0.83462 2.56111e-06 0.00811997 
0.00256307 0.00174402 0.0196372 0.034417 0.938191 7.97263e-05 0.00336814 
3.42777e-06 0.0217279 0.201063 0.170059 0.472723 6.68841e-07 0.134423 
0.0106112 0.0200034 0.0462431 0.280599 0.609856 0.00309485 0.0295926 
0.000226943 0.162884 0.0450746 0.0877841 0.5421 0.0097194 0.152211 
3.23329e-08 0.000453645 0.0770595 0.0709398 0.559694 0.0381857 0.253668 
0.00109339 0.0608588 0.110717 0.217469 0.336405 0.000176121 0.27328 
0.00477957 0.00934183 0.225248 0.102989 0.54988 0.00414225 0.10362 
8.72013e-12 6.36023e-08 0.0124255 0.0281555 0.959284 3.82383e-12 0.000134721 
0.000565322 0.000294119 0.0919449 0.0348612 0.870727 5.36884e-08 0.00160723 
0.0810796 0.0397795 0.000222918 0.371122 0.386067 4.77539e-05 0.121681 
3.30551e-11 9.23701e-12 0.0189575 0.0116759 0.964248 3.62515e-08 0.00511876 
0.000456105 0.00261831 0.0861454 0.0141124 0.889838 1.13779e-06 0.00682896 
7.62229e-06 0.00106054 0.199123 0.00390675 0.525243 0.00562496 0.265034 
0.00191771 1.7492e-09 0.0127178 0.00830102 0.513263 0.00112962 0.462671 
1.61494e-05 0.0135652 0.211353 0.0109091 0.735335 2.17395e-05 0.0287997 
0.0116358 0.173211 0.115478 0.147458 0.325959 0.00438747 0.221871 
4.09661e-05 0.0141066 0.0359958 0.158599 0.766178 0.000106404 0.0249731 
0.000517491 0.0255192 0.292804 0.16964 0.500028 5.8771e-05 0.011432 
0.00629548 0.198996 0.176772 0.0672659 0.500774 0.0143275 0.0355685 
0.00996461 0.0983917 0.139246 0.0658614 0.662122 0.0167812 0.00763315 
0.00106125 0.000104153 0.0801876 0.205819 0.695233 9.46064e-08 0.0175949 
0.00171008 0.0256091 0.0555039 0.0397715 0.804709 0.0216851 0.0510117 
4.09601e-06 3.76879e-05 0.0247297 0.000443562 0.974631 1.11699e-11 0.00015371 
1.44412e-05 0.025557 0.248486 0.0307205 0.511019 0.00872299 0.17548 
4.69205e-05 0.0224299 0.223827 0.142647 0.603348 0.000889171 0.00681226 
0.000527841 0.0108168 0.035331 0.0474648 0.884774 9.59456e-05 0.0209892 
0.00105957 0.00552917 0.0339113 0.0942643 0.828006 9.05969e-06 0.0372203 
0.0177187 0.0141233 0.211029 0.0422238 0.671629 0.0103496 0.0329266 
0.00160699 0.0173876 0.0447573 0.0661381 0.836725 0.0037085 0.0296762 
0.00372824 0.0234525 0.053086 0.0916774 0.779991 0.000301473 0.0477631 
0.000301514 0.00214127 0.10185 0.0607056 0.803417 0.000132436 0.0314525 
0.0129579 0.00614511 0.0869422 0.199359 0.607927 0.000434418 0.0862348 
0.0105351 8.49895e-07 0.00382563 0.303698 0.381228 0.00628949 0.294423 
0.00204966 0.0275137 0.0588397 0.14069 0.705229 8.20325e-05 0.065595 
6.40794e-05 0.0209436 0.102203 0.0481466 0.823649 3.25334e-05 0.00496106 
0.00301266 0.0268731 0.126693 0.0484548 0.748195 0.00506677 0.0417052 
5.55591e-08 2.73871e-11 0.0312916 4.56218e-05 0.665374 4.29762e-11 0.303288 
0.00319204 0.00330567 0.0363283 0.20498 0.733572 0.00111092 0.0175105 
0.00897912 0.0135077 0.0132577 0.0776657 0.816125 0.000188184 0.0702768 
1.6998e-05 0.00119182 0.0395605 0.00814119 0.782952 0.00108165 0.167056 
1.12645e-05 0.000223454 0.0258861 0.402455 0.499177 8.83264e-05 0.0721592 
0.00105371 0.39661 0.0507077 0.068946 0.401081 0.00529543 0.076307 
0.000248192 0.00015605 0.0417899 0.121136 0.799521 0.000333918 0.0368143 
0.00150439 0.011958 0.142697 0.0675078 0.650954 0.0986621 0.0267171 
4.68319e-08 0.000138483 0.26073 0.00176746 0.663662 9.61696e-06 0.0736917 
1.83915e-07 1.55096e-05 0.0417529 0.0448874 0.905219 4.69781e-10 0.0081253 
4.53764e-09 0.0411622 0.0567636 0.117472 0.731079 0.0153996 0.0381231 
0.000415596 0.0121759 0.027259 0.0662422 0.872826 5.1312e-05 0.0210297 
0.00081944 0.00777339 0.0214154 0.213483 0.70756 0.000220668 0.0487284 
0.000363075 0.0274076 0.178669 0.0143189 0.755965 0.000362289 0.0229142 
3.09496e-05 0.00020103 0.402376 0.00690074 0.577106 1.23173e-05 0.0133735 
4.96794e-05 0.00337393 0.093915 0.218382 0.655397 4.85817e-05 0.0288331 
0.00481214 0.000722229 0.0360236 0.0423558 0.757683 0.00521085 0.153192 
0.016084 0.022878 0.0117117 0.310168 0.466948 0.0240716 0.148138 
0.0323167 0.00452172 0.221821 0.0874479 0.547865 0.0109962 0.0950316 
0.00137969 0.00787209 0.247163 0.0572742 0.677601 6.19433e-05 0.00864787 
2.04246e-06 0.000955303 0.0582923 0.373572 0.466766 4.29172e-06 0.100408 
0.0013985 0.0623129 0.0859135 0.0312128 0.488734 0.108687 0.221741 
0.00160386 0.00264573 0.309325 0.0139832 0.641435 0.0030222 0.027985 
0.000533169 0.00141196 0.0166091 0.0249612 0.946977 7.55277e-05 0.00943166 
0.0137791 0.0855459 0.0210298 0.108036 0.600755 0.000733974 0.17012 
0.00254487 0.00759952 0.100344 0.0319852 0.804895 0.00614677 0.0464847 
0.000435133 0.00470858 0.0474405 0.044713 0.881497 4.63998e-05 0.0211591 
0.0168144 0.0599183 0.146856 0.236644 0.331438 0.0018693 0.206461 
8.72718e-05 8.34509e-05 0.0803313 0.224188 0.673875 2.92047e-06 0.0214317 
4.85847e-07 9.96726e-08 0.016141 0.00142948 0.952874 5.4015e-05 0.0295006 
0.00351519 0.0297778 0.149297 0.094286 0.678717 0.0245553 0.0198518 
0.00120039 0.0201915 0.0411621 0.101583 0.740514 0.000248904 0.0951002 
3.97722e-05 0.000132378 0.000889486 0.00354197 0.995172 1.3097e-05 0.000211761 
3.2974e-06 0.000123612 0.0519264 0.178388 0.720332 7.09575e-05 0.0491562 
0.0308498 0.000674621 0.181789 0.00679141 0.347847 0.262146 0.169902 
9.60755e-05 0.104661 0.246559 0.0846266 0.514128 0.00128491 0.0486444 
0.00343858 0.00624401 0.0624256 0.112816 0.523311 0.00794057 0.283824 
0.00105106 0.00599304 0.0896996 0.00475054 0.854235 0.000234405 0.0440365 
0.00103811 9.1623e-05 0.0101898 0.0729663 0.816839 0.00129055 0.0975842 
0.00457278 0.059211 0.202813 0.245499 0.359504 0.000776754 0.127623 
0.00185076 0.0115235 0.109864 0.0383184 0.557673 0.000702588 0.280068 
0.0129542 0.00873112 0.0531634 0.057554 0.827908 0.000179944 0.0395088 
1.53605e-07 1.62646e-07 0.0019945 0.0100863 0.987905 7.84874e-09 1.41491e-05 
0.0117074 0.00461614 0.285192 0.127647 0.478091 0.00618107 0.0865653 
4.13777e-05 0.000159503 0.0542928 0.0500174 0.86889 0.000393532 0.026205 
0.000597004 0.0212783 0.112242 0.11865 0.532705 0.0042111 0.210317 
0.0200118 0.0361453 0.000764259 0.132383 0.809828 4.40631e-07 0.000867163 
0.000701552 0.0447674 0.0413317 0.0270923 0.748434 0.0521426 0.0855301 
0.00201537 0.00771066 0.250417 0.125715 0.592364 5.76869e-06 0.0217726 
2.24421e-05 3.27966e-05 0.117365 0.00315184 0.815238 0.000358429 0.063831 
0.0958609 0.00222025 0.309256 0.0517532 0.329061 0.00568933 0.206159 
0.00172733 0.0500903 0.0120912 0.362931 0.437461 0.000156778 0.135542 
0.000137127 0.0177589 0.0443322 0.0499873 0.82761 0.000494081 0.0596803 
0.00308404 0.01978 0.0878812 0.0927567 0.793727 0.000248322 0.00252316 
0.000336856 0.0208608 0.195451 0.0537685 0.34444 0.0635832 0.32156 
1.43569e-05 5.79739e-07 0.0602888 0.141433 0.776709 1.19686e-10 0.0215542 
8.66715e-05 0.030767 0.0363572 0.034789 0.46627 0.000434075 0.431296 
0.00700997 0.015596 0.113606 0.056114 0.650952 0.00404964 0.152672 
0.000917088 0.00456646 0.0632097 0.107318 0.791836 3.99124e-05 0.0321128 
0.0275182 0.000743931 0.0414885 0.0290764 0.804778 0.0957485 0.000646868 
2.09191e-05 0.000182435 0.000916487 0.0690415 0.829022 2.52709e-06 0.100814 
0.00100756 2.23083e-07 0.00559427 0.415045 0.5662 5.86483e-06 0.012147 
4.37356e-05 0.00359652 0.047107 0.157226 0.594174 0.0316813 0.166171 
0.00521419 0.0025738 0.254014 0.0657065 0.605324 0.00403581 0.063132 
0.0087876 0.0236912 0.0270923 0.29177 0.58439 0.00482095 0.0594487 
0.000404295 0.0285983 0.0895435 0.124601 0.546933 0.000377183 0.209542 
3.41121e-08 1.55444e-07 0.429847 0.04288 0.525578 8.9168e-09 0.00169537 
0.00191655 0.0173495 0.108912 0.10416 0.733569 0.000321578 0.0337706 
0.000105095 0.00237976 0.108948 0.00308226 0.597767 0.00606068 0.281658 
0.00292 0.0806064 0.0203546 0.136626 0.710447 0.00793167 0.0411144 
0.00040506 0.0123133 0.0627767 0.0719328 0.769492 0.00237854 0.0807012 
0.0201911 0.00166364 0.0297276 0.255595 0.643026 5.26385e-05 0.0497435 
0.0187926 0.0401256 0.0135837 0.0416762 0.738748 0.00694074 0.140133 
0.0160754 0.0032638 0.00588933 0.202845 0.746404 0.000462997 0.025059 
0.00100525 0.000453782 0.368113 0.105636 0.374144 0.0178564 0.132791 
0.000790612 0.0282829 0.0440163 0.0219069 0.886733 0.000177874 0.0180929 
0.0104139 0.0262256 0.111203 0.187954 0.486168 0.030646 0.147389 
2.74081e-05 0.00368161 0.0353306 0.0803923 0.876742 1.27634e-06 0.00382484 
1.86212e-05 0.00101727 0.281907 0.0990277 0.581499 6.45561e-05 0.036466 
0.00249482 0.0156437 0.129881 0.071186 0.709159 0.00291148 0.0687241 
0.00111007 0.0149835 0.120291 0.0336768 0.440618 0.000135546 0.389185 
0.000828233 0.112224 0.0445957 0.0513212 0.747737 0.00138903 0.0419046 
0.00324285 0.00529222 0.211909 0.20329 0.546775 4.65861e-05 0.0294447 
0.00567559 0.00339882 0.355836 0.120596 0.383902 0.0109202 0.119672 
4.07544e-05 0.000204535 0.0428052 5.31616e-05 0.632379 1.13972e-05 0.324506 
0.0016426 0.0106624 0.0537167 0.151959 0.389729 0.0697857 0.322505 
0.000323427 0.20339 0.11226 0.0428816 0.550682 0.000525262 0.0899377 
0.000689443 0.003811 0.159139 0.0861874 0.724957 0.0110928 0.0141228 
0.00197939 0.0470589 0.12058 0.299031 0.414689 0.00372171 0.112939 
0.000101388 0.00902202 0.0192304 0.0230553 0.943288 1.11873e-05 0.00529174 
0.000126963 0.000932244 0.000554501 0.0511856 0.94367 1.53454e-06 0.00352941 
2.81166e-06 0.012319 0.0948405 0.0790792 0.776955 0.00258699 0.0342166 
2.37352e-06 0.000367005 0.22923 0.0293903 0.433843 0.0117284 0.295439 
0.00165026 0.0144591 0.262859 0.088764 0.510017 0.00324942 0.119001 
3.68882e-07 0.000119879 0.000905548 0.0257708 0.959299 2.62253e-05 0.0138786 
0.048349 0.0385089 0.0165785 0.10949 0.77704 0.00032246 0.00971095 
0.00168486 0.00231345 0.0269335 0.0525136 0.783897 0.000329731 0.132328 
0.00176362 0.0416203 0.0306936 0.136297 0.766038 5.71144e-05 0.0235302 
0.00324285 0.00529222 0.211909 0.20329 0.546775 4.65861e-05 0.0294447 
0.00260648 0.0120313 0.077649 0.0625981 0.799621 0.00940471 0.0360897 
0.00108906 0.0163545 0.0450879 0.0697067 0.789088 0.000276944 0.0783964 
0.000139666 0.000169297 0.0393976 0.00528515 0.922678 0.000300971 0.0320293 
0.00817471 0.000691289 0.228973 0.0364296 0.561414 4.22932e-06 0.164313 
0.000188494 0.000457483 0.0587534 0.143552 0.644085 0.0170528 0.13591 
7.79844e-10 0.0174583 0.176882 0.0523157 0.467104 2.90926e-05 0.286211 
0.00325707 0.0237754 0.0391782 0.0515349 0.718722 0.00305897 0.160474 
0.0193793 0.0162007 0.0289294 0.0465872 0.80349 0.0769417 0.00847195 
1.75019e-08 5.77165e-05 0.00990128 0.119191 0.865461 4.29374e-12 0.0053891 
0.00937789 0.0312766 0.125946 0.0641619 0.440296 0.113839 0.215102 
3.79516e-05 4.35584e-09 0.00653547 0.0012557 0.990435 1.50374e-08 0.00173618 
0.00455087 0.0237161 0.111263 0.0794389 0.760811 0.000779664 0.0194413 
0.0102481 0.00312771 0.15291 0.0929618 0.647955 0.00174517 0.0910522 
0.00107624 0.00564975 0.0831502 0.0608851 0.492291 0.00229542 0.354653 
0.0510467 0.0105666 0.000358532 0.0934714 0.83524 4.82318e-06 0.00931204 
0.00802007 0.054112 0.118046 0.157948 0.577376 5.28769e-05 0.0844458 
0.000464057 0.00885143 0.0119268 0.16407 0.780399 2.85157e-07 0.0342885 
0.00577078 0.00168067 0.244144 0.0469171 0.510839 0.00113515 0.189514 
0.0155209 0.211617 0.020687 0.246431 0.482592 0.000643125 0.0225089 
0.000836603 0.00723859 0.00739818 0.0700391 0.890422 2.91111e-05 0.0240359 
0.00256307 0.00174402 0.0196372 0.034417 0.938191 7.97263e-05 0.00336814 
0.00252131 0.0652588 0.25747 0.261009 0.393575 7.5172e-05 0.0200906 
0.0122746 0.00302677 0.318918 0.0718855 0.578292 0.00695248 0.00865081 
5.44263e-06 0.0214537 0.0669073 0.00184765 0.770056 0.0055453 0.134185 
0.00030582 0.000984492 0.260108 0.0423351 0.6277 0.0030741 0.0654921 
0.000627633 0.104728 0.045259 0.0651855 0.414174 0.000735723 0.36929 
0.00600016 0.008782 0.0607125 0.0701585 0.816078 0.0144821 0.0237864 
6.51931e-06 0.00217186 0.266308 0.0129475 0.48504 0.00547446 0.228052 
2.62597e-07 4.14357e-07 0.0451347 0.0470281 0.840496 1.10312e-07 0.0673407 
0.00204679 0.0115988 0.0398208 0.0924397 0.823845 1.56875e-05 0.0302336 
0.00577233 0.0113277 0.0355154 0.0280538 0.889731 0.000503796 0.029096 
5.7053e-05 3.84961e-08 0.0125279 0.00920061 0.977369 2.07029e-06 0.000842897 
9.00483e-07 0.0104251 0.308438 0.0221651 0.593275 0.000250066 0.0654457 
3.92038e-07 0.000118341 0.054062 0.0366031 0.75089 4.7842e-07 0.158325 
0.017669 0.0510014 0.0504023 0.330831 0.509774 0.0243232 0.0159991 
0.00191053 0.0128537 0.115761 0.0600765 0.795846 7.07957e-07 0.0135511 
1.89653e-05 0.00117213 0.0560476 0.0909571 0.846189 1.55566e-06 0.00561389 
0.0838317 0.0902905 0.248308 0.25771 0.298992 0.00437901 0.0164894 
0.00191791 0.0115474 0.0667431 0.0500246 0.830132 0.00441351 0.0352215 
3.3268e-06 0.0032021 0.0711825 0.00153915 0.914679 2.74699e-05 0.00936673 
0.00194661 0.0353835 0.00902408 0.0777412 0.875673 5.50215e-05 0.000176304 
0.000454476 0.00850091 0.100205 0.181575 0.62084 0.00200739 0.086416 
6.24314e-05 2.97009e-08 0.0118396 0.0023685 0.982565 1.21398e-08 0.00316443 
0.00532592 0.0168444 0.0059682 0.0526298 0.807563 0.000526384 0.111142 
0.00190733 0.0276826 0.00995905 0.0759934 0.806831 0.000482076 0.077145 
2.42658e-05 0.0430186 0.110731 0.0395577 0.747078 0.00204751 0.0575426 
4.03545e-05 0.0264325 0.0270925 0.0530458 0.686818 0.00765691 0.198914 
0.000616692 0.00258516 0.0169401 0.15045 0.811043 0.000101541 0.0182634 
0.000645869 0.0362156 0.0557934 0.0695015 0.827428 0.00023249 0.0101826 
4.26212e-05 0.00431749 0.344153 0.0302859 0.560274 0.000168528 0.0607585 
0.00194661 0.0353835 0.00902408 0.0777412 0.875673 5.50215e-05 0.000176304 
0.000178016 0.000182672 0.231158 0.0424574 0.692247 5.53628e-05 0.0337218 
0.000211226 0.0264234 0.0860544 0.0430558 0.836029 6.69679e-05 0.00815884 
1.59907e-07 0.000337583 0.0140768 0.0425583 0.935422 1.757e-07 0.00760463 
0.00308198 0.0106946 0.427311 0.0701841 0.47991 4.35151e-05 0.00877477 
0.00275966 0.0188003 0.0770871 0.0330114 0.423557 0.383261 0.0615239 
1.33199e-07 0.00137266 0.0732422 0.00831606 0.460615 0.000812912 0.455641 
0.000937492 0.00295976 0.246572 0.0169338 0.408133 0.00493813 0.319526 
0.000674927 0.00161671 0.0429031 0.291412 0.629497 0.0012613 0.0326348 
0.000257771 7.51677e-05 0.0948693 0.0169024 0.863898 0.000195293 0.0238018 
0.002334 0.00170945 0.0401389 0.199848 0.621617 0.00208564 0.132267 
0.00323015 0.0165387 0.357278 0.0767164 0.362384 0.0637714 0.120082 
0.00391013 0.000102807 0.00339792 0.00833731 0.98115 1.19727e-05 0.00309002 
5.66309e-07 0.000872277 0.107664 0.026174 0.557572 0.0119948 0.295723 
0.000479952 0.0169216 0.166842 0.0111568 0.786262 4.76185e-05 0.0182903 
0.0187268 0.0286704 0.0776735 0.185887 0.55416 8.74227e-05 0.134796 
0.0128222 2.70212e-05 0.018652 0.181372 0.722032 0.000269321 0.0648251 
0.000974598 0.0906916 0.273303 0.014338 0.618165 2.86232e-07 0.0025278 
0.0180952 0.0396687 0.0634694 0.0573693 0.731731 0.0418957 0.0477711 
0.00372017 0.0101976 0.441516 0.0279787 0.509698 0.00297629 0.00391253 
0.00137325 0.00122247 0.0200618 0.0370188 0.938146 4.27272e-05 0.00213548 
0.0159188 0.0182049 0.0725328 0.039029 0.696834 0.0603101 0.0971706 
8.61303e-05 0.0278696 0.1287 0.152453 0.686803 0.000163549 0.00392478 
0.00749062 0.0570865 0.166857 0.0621896 0.631843 0.0185855 0.055948 
3.40987e-05 4.64879e-05 0.0858699 0.00532128 0.901838 2.27206e-05 0.00686778 
9.34786e-12 0.000652554 0.0614368 0.00649004 0.8497 0.0354831 0.0462371 
0.00273209 0.0097924 0.0371716 0.0573741 0.773449 0.00190341 0.117577 
0.00371091 0.0124152 0.116031 0.0564469 0.733861 0.00812397 0.0694108 
0.000804116 0.0140421 0.0758535 0.131863 0.465753 0.0402864 0.271398 
0.000180802 0.349964 0.0729394 0.0366264 0.439942 0.000700326 0.0996465 
0.0155595 0.000211604 0.0828778 0.0161985 0.872675 0.000913588 0.0115643 
0.000101104 0.034503 0.0516249 0.168373 0.708424 2.21019e-05 0.0369522 
0.0344017 0.0113982 0.0489332 0.134082 0.539101 0.000162271 0.231921 
0.00034648 6.90809e-09 0.102557 0.000773537 0.878539 8.68638e-05 0.0176971 
0.0839569 0.0243767 0.0341102 0.0730347 0.778059 3.74258e-05 0.00642547 
2.20706e-07 0.000445082 0.00102051 0.0999244 0.88765 3.87457e-09 0.0109596 
0.000403537 4.68228e-07 0.0504451 0.052414 0.728999 1.53851e-07 0.167738 
0.00017943 0.0212609 0.0605471 0.0111126 0.901476 0.000330957 0.0050925 
0.0054321 0.000153385 0.0388807 0.000427768 0.73435 8.6365e-06 0.220748 
0.0366548 0.000965558 0.278891 0.149982 0.460824 0.0136676 0.059014 
0.00799564 0.0370186 0.00452236 0.10054 0.848341 4.75674e-08 0.00158231 
0.00443651 1.90937e-06 5.45021e-06 7.47723e-05 0.995462 5.77832e-06 1.39774e-05 
0.00288492 0.0432231 0.0500856 0.0440026 0.817751 0.000339491 0.0417136 
2.04525e-05 4.39453e-05 0.0105287 0.331142 0.634775 8.09738e-08 0.0234894 
1.64066e-05 0.0381359 0.181513 0.0277633 0.730235 0.00757085 0.0147654 
0.00137422 0.0770327 0.0461854 0.0603824 0.788981 0.000371868 0.0256726 
7.58775e-05 0.0433436 0.125931 0.0218626 0.790437 0.000938456 0.0174115 
0.00401136 0.0602263 0.0110312 0.0370849 0.885769 3.06111e-05 0.00184711 
0.000456837 0.0524668 0.0355954 0.0303188 0.822839 0.000834033 0.0574896 
0.000240812 0.00349105 0.219806 0.100125 0.488643 0.031354 0.156339 
0.000566997 0.00451441 0.0128073 0.146811 0.703169 1.7268e-05 0.132114 
0.000190987 0.00851483 0.0176915 0.0114667 0.947368 3.32537e-05 0.0147347 
0.000769509 0.0105909 0.294103 0.0405375 0.567266 0.00887103 0.0778625 
5.7053e-05 3.84961e-08 0.0125279 0.00920061 0.977369 2.07029e-06 0.000842897 
3.24311e-07 5.51462e-05 0.00182763 0.0157121 0.883897 8.01949e-05 0.0984275 
0.00228514 0.0985785 0.101794 0.0328443 0.646586 0.0404034 0.0775095 
0.000467099 0.00992676 0.105402 0.0283646 0.83365 0.00123153 0.0209583 
0.00117492 0.0117721 0.0560607 0.106134 0.798655 0.000947231 0.0252562 
0.00699896 0.010636 0.0830678 0.137467 0.59112 0.000125165 0.170586 
0.00539483 0.00517971 0.226634 0.0620566 0.548555 3.49547e-05 0.152145 
0.00468239 0.0353905 0.100984 0.0917057 0.736524 0.00909531 0.0216182 
0.178475 4.02898e-08 0.0537121 0.00880613 0.620755 0.000417868 0.137834 
0.00211587 0.015784 0.0530249 0.0651117 0.781156 0.00372831 0.0790793 
0.00242648 0.00780787 0.227152 0.125767 0.370345 0.0194108 0.247092 
3.68997e-08 0.00933871 0.259472 0.0865784 0.630092 0.00167366 0.0128457 
4.66379e-05 0.0158081 0.390153 0.0359031 0.496071 0.0138188 0.0481991 
1.98261e-05 0.00308762 0.185452 0.0283483 0.649777 0.00421278 0.129102 
0.000109125 0.00218649 0.226573 0.0359197 0.700604 0.0170345 0.0175729 
7.64384e-06 0.00172943 0.179386 0.202286 0.548897 2.0124e-05 0.0676734 
0.00129052 0.0100901 0.0524739 0.0519448 0.842841 3.49936e-05 0.041325 
0.000527841 0.0108168 0.035331 0.0474648 0.884774 9.59456e-05 0.0209892 
0.000174074 0.0156055 0.0434355 0.252541 0.482262 0.00368725 0.202295 
2.08794e-05 0.0772412 0.0393138 0.00372834 0.465316 0.0414537 0.372926 
6.03086e-05 0.0419904 0.0406084 0.0294284 0.67177 0.0647658 0.151376 
0.0016838 0.0115358 0.0354424 0.0685079 0.61348 0.000114926 0.269235 
2.87077e-06 0.000833784 0.0116817 0.0404667 0.940624 4.26363e-07 0.00639013 
0.000530884 0.0188247 0.165309 0.0510549 0.700994 0.00549492 0.0577921 
0.00270593 0.010733 0.0168155 0.0302353 0.822425 0.00167579 0.115409 
0.000175101 0.00892152 0.0412844 0.140593 0.692417 0.0192095 0.0973987 
0.000143437 0.00672344 0.266723 0.0383318 0.516248 0.00383864 0.167992 
2.71618e-07 0.00292231 0.0728784 0.0562667 0.645747 0.00095197 0.221233 
9.6142e-06 1.97473e-07 0.0110674 0.000945819 0.9191 1.59018e-06 0.0688749 
0.00666756 0.0400833 0.00706506 0.11516 0.587171 0.0700533 0.1738 
0.000427391 0.137107 0.0183486 0.132746 0.621893 0.000819407 0.0886579 
0.000718579 0.00282529 0.00439963 0.0759 0.915086 2.28619e-05 0.00104783 
0.00133569 0.00384839 0.19485 0.0225932 0.459287 0.000133593 0.317953 
0.000142369 0.000152153 0.0929592 0.198848 0.67818 8.56739e-05 0.0296323 
0.000726367 0.000501906 0.311629 0.250144 0.326283 2.86922e-05 0.110688 
0.00351519 0.0297778 0.149297 0.094286 0.678717 0.0245553 0.0198518 
0.000325295 0.00637973 0.00490221 0.112987 0.803192 0.00134314 0.0708702 
0.003337 0.0121025 0.0726714 0.00948527 0.445884 0.0130021 0.443518 
0.000170121 0.027649 0.344198 0.0119981 0.406281 0.000508815 0.209195 
4.07544e-05 0.000204535 0.0428052 5.31616e-05 0.632379 1.13972e-05 0.324506 
7.9421e-08 3.6377e-12 0.0141786 0.00807377 0.973965 1.82724e-08 0.00378264 
0.000574261 0.000275231 0.0252975 0.104827 0.815132 1.14663e-06 0.0538931 
0.0784842 0.00124536 0.0208781 0.0706722 0.792867 0.000881363 0.034972 
0.0033277 0.0333467 0.0364164 0.0925925 0.752917 0.00278273 0.0786167 
0.00533829 0.00252979 0.0142017 0.327756 0.647822 3.66017e-06 0.00234843 
0.0869072 0.000270078 0.0407307 0.0100282 0.859636 0.00174947 0.000678144 
0.000230339 0.110561 0.0540284 0.0167431 0.316314 0.190214 0.311909 
0.0057647 0.000122817 0.00543819 0.0135936 0.970145 5.422e-06 0.00493075 
9.10465e-05 0.000484633 0.0748126 0.0623362 0.84024 6.89272e-05 0.0219661 
9.54288e-07 0.142248 0.0489566 0.00699478 0.751275 0.000150442 0.0503748 
0.00201904 0.0113276 0.0516762 0.308201 0.595144 0.0135253 0.0181078 
1.29059e-05 0.00917608 0.125155 0.0615952 0.710769 0.000151028 0.0931399 
0.000231713 0.042439 0.327729 0.0163024 0.359131 0.114275 0.139892 
0.00149071 0.000372553 0.0373329 0.0523022 0.886327 0.000568867 0.0216059 
0.000702716 0.0137184 0.00936382 0.0253985 0.946638 3.18791e-05 0.00414698 
7.83134e-05 0.019427 0.00697268 0.0969144 0.823915 0.00013671 0.0525558 
0.00204426 0.0412023 0.0500312 0.220562 0.58006 0.0043603 0.101739 
0.00137325 0.00122247 0.0200618 0.0370188 0.938146 4.27272e-05 0.00213548 
0.0113723 0.0318895 0.0800751 0.0947124 0.7533 0.000283455 0.0283672 
0.000318806 0.000236174 0.0968156 0.0294658 0.861553 1.9559e-06 0.0116089 
3.9903e-08 0.000146877 0.119533 0.102333 0.736656 0.00031255 0.0410187 
0.00165556 0.0215261 0.0873729 0.0448605 0.781081 0.00787348 0.0556308 
7.63943e-05 0.0553899 0.0928391 0.0200456 0.504588 0.00208482 0.324977 
0.000314226 0.0011714 0.0104269 0.104849 0.725902 7.05548e-05 0.157266 
0.00336863 0.00645235 0.16936 0.0461915 0.489151 0.0074139 0.278064 
4.38312e-11 0.00384455 0.391749 0.0306799 0.559416 5.38458e-09 0.0143104 
0.000324445 0.000222258 0.13623 0.0892306 0.764403 2.89985e-05 0.00956071 
0.000868708 0.216309 0.042965 0.0318953 0.674456 0.000657694 0.0328481 
0.000212891 0.0352705 0.165736 0.0371814 0.450171 0.000541779 0.310886 
6.07711e-11 0.00651728 0.396337 0.0858715 0.44068 5.2545e-06 0.0705896 
2.87077e-06 0.000833784 0.0116817 0.0404667 0.940624 4.26363e-07 0.00639013 
0.18921 0.043806 0.0251781 0.313205 0.39731 0.00134488 0.0299472 
0.00814692 0.00398076 0.287399 0.0714275 0.582676 0.000994369 0.0453762 
0.0172673 0.000402958 0.0119713 0.019687 0.94973 6.15206e-05 0.000880189 
0.00387013 0.0084087 0.165828 0.104038 0.490949 0.00335731 0.223548 
7.61285e-05 0.0122203 0.0492819 0.0593121 0.866165 0.00988741 0.00305675 
0.000134518 0.00258293 0.0581494 0.0319299 0.727212 0.0127115 0.167279 
3.44181e-05 0.000952231 0.196005 0.0029389 0.780867 0.000142902 0.0190594 
0.000129282 0.00697084 0.0859495 0.0115628 0.835543 0.000341854 0.0595024 
0.000187055 1.39103e-08 0.00374615 0.000508194 0.994889 5.68542e-09 0.000669126 
0.0192647 0.00104375 0.00529549 0.106789 0.606455 0.00121585 0.259936 
0.000567081 0.00939491 0.0312286 0.182722 0.738082 4.19267e-05 0.0379634 
0.00219395 0.00595771 0.0930162 0.0462795 0.570129 6.16991e-05 0.282362 
0.000773342 0.00718349 0.0342378 0.116487 0.51083 8.19849e-05 0.330407 
0.00476778 8.98532e-05 0.00629678 0.0582548 0.820589 4.41896e-06 0.109998 
0.00151586 0.0027491 0.369816 0.0152689 0.576117 0.00197761 0.032556 
0.026659 0.00937742 0.0804225 0.0715633 0.781196 9.26427e-05 0.0306887 
0.0314039 0.0272115 0.062216 0.0685762 0.657995 0.111298 0.0412988 
1.35819e-06 1.09926e-07 0.02027 0.148178 0.802801 2.09953e-05 0.0287286 
0.00115879 0.0261741 0.168869 0.0654544 0.487374 0.0320918 0.218878 
9.02987e-05 0.000107203 0.0226847 0.0307679 0.94459 5.11865e-05 0.00170846 
0.00575327 0.00162708 0.0217898 0.301158 0.638691 5.2489e-06 0.0309754 
0.00221787 0.0351429 0.16514 0.106769 0.6187 0.000593767 0.071436 
1.00251e-05 1.61552e-06 0.0245289 0.0879487 0.885113 7.38758e-07 0.00239662 
0.000346553 0.0286283 0.0779165 0.0396424 0.823628 6.56231e-05 0.0297722 
0.00273086 0.00489953 0.0659054 0.100247 0.409733 0.0239003 0.392584 
1.0639e-05 8.32798e-06 0.0216917 0.000819906 0.905496 0.000128802 0.071845 
6.54121e-05 8.81869e-06 0.00332563 0.0384591 0.9562 7.74544e-07 0.00193999 
0.00885988 0.000416309 0.000783884 0.187562 0.74917 1.92415e-12 0.0532079 
7.97849e-05 0.000336908 0.0694137 0.00900551 0.462355 3.41937e-05 0.458775 
3.68882e-07 0.000119879 0.000905548 0.0257708 0.959299 2.62253e-05 0.0138786 
0.00337837 0.000607366 0.0581329 0.0441248 0.879329 0.000259777 0.0141675 
0.00256307 0.00174402 0.0196372 0.034417 0.938191 7.97263e-05 0.00336814 
0.000365334 0.00113278 0.03837 0.0620304 0.644985 0.00122445 0.251892 
0.0490146 0.0216464 0.0774708 0.13653 0.524541 0.000660238 0.190137 
0.00170122 0.00262344 0.00330258 0.231327 0.742738 8.84241e-06 0.018299 
6.77819e-05 0.00134311 0.132064 0.00895889 0.620393 0.00739782 0.229775 
0.00371004 0.0165398 0.0441623 0.0177458 0.91506 0.000122308 0.00265931 
0.00627227 0.113035 0.000106516 0.428053 0.451478 1.83677e-05 0.00103747 
0.0057647 0.000122817 0.00543819 0.0135936 0.970145 5.422e-06 0.00493075 
2.29691e-05 0.0015649 0.0246761 0.0101459 0.920738 3.13625e-05 0.0428204 
0.00256307 0.00174402 0.0196372 0.034417 0.938191 7.97263e-05 0.00336814 
0.000102021 0.000476213 0.0663325 0.0135241 0.89529 7.48567e-05 0.0242001 
0.0026746 0.0487363 0.0626887 0.0542366 0.766976 0.000102091 0.0645858 
0.000169246 0.0124528 0.0324918 0.119476 0.779789 3.42929e-05 0.055586 
0.00082972 0.000123871 0.125544 0.0395599 0.714208 6.70092e-05 0.119667 
9.55001e-05 0.000538284 0.0720843 0.0135502 0.889578 0.000111062 0.0240427 
6.24018e-05 0.0144003 0.101933 0.255064 0.627746 6.23963e-05 0.000732815 
0.00808139 0.00468279 0.0046376 0.0226181 0.934755 4.14693e-06 0.0252207 
1.0604e-08 0.00456483 0.000670608 0.0258939 0.961609 4.24567e-05 0.00721916 
0.0127923 0.0222003 0.085651 0.122419 0.704893 0.00271348 0.0493311 
0.0056303 0.019467 0.105616 0.16173 0.572265 0.00333077 0.131961 
0.000322715 0.0168224 0.113746 0.300503 0.436487 0.00101447 0.131104 
1.09581e-10 1.23341e-05 0.0259887 0.0292867 0.825711 3.80606e-06 0.118997 
0.000784666 0.026966 0.0562152 0.078663 0.71582 0.00547489 0.116076 
8.83971e-05 0.00424645 0.363971 0.0654034 0.48914 0.00179368 0.0753572 
0.00396169 0.0184276 0.193037 0.107238 0.637881 0.00438327 0.0350717 
8.03281e-06 8.35157e-06 0.0315604 0.0856671 0.832048 1.70943e-05 0.0506913 
0.000764696 0.000765016 0.000765066 0.00076509 0.99541 0.000764945 0.000765063 
0.0563198 0.00109239 0.0147815 0.0868978 0.80871 0.000633718 0.0315645 
2.87077e-06 0.000833784 0.0116817 0.0404667 0.940624 4.26363e-07 0.00639013 
0.0305184 0.0202231 0.0592143 0.263196 0.593606 3.29381e-05 0.0332093 
0.0014673 0.0571759 0.080681 0.0128965 0.570226 0.00243393 0.275119 
0.00665606 0.00402341 0.366138 0.0419333 0.42024 0.000814365 0.160194 
0.0101067 0.0107328 0.00269535 0.232353 0.51572 0.000182591 0.22821 
0.00172072 0.00804336 0.021783 0.0294481 0.520307 0.00412674 0.414571 
0.0167165 0.029984 0.0109595 0.183157 0.541782 0.00112172 0.216279 
1.10255e-08 0.000519479 0.204551 0.0188004 0.569441 0.000196126 0.206493 
7.92959e-05 0.00517646 0.0206436 0.0145506 0.958826 6.15859e-05 0.0006625 
4.47686e-05 0.0056787 0.0735041 0.0731828 0.802849 6.84094e-05 0.044672 
0.000191615 0.0572606 0.170443 0.0522877 0.576926 0.00055298 0.142338 
6.88902e-08 1.49917e-07 0.0468901 0.292136 0.630256 2.55985e-12 0.0307175 
0.000160165 0.0571583 0.0333576 0.0436252 0.560735 0.00171917 0.303244 
1.48109e-07 0.000137924 0.228113 0.0021794 0.54709 0.00173518 0.220744 
0.000305188 0.0012098 0.101602 0.00255271 0.805121 0.000196612 0.0890123 
0.000573367 0.0218871 0.085935 0.0494233 0.524876 0.00173098 0.315574 
0.00137325 0.00122247 0.0200618 0.0370188 0.938146 4.27272e-05 0.00213548 
5.89656e-09 1.64775e-09 6.91353e-06 0.000880654 0.999097 6.17021e-07 1.44641e-05 
0.275489 2.38364e-06 1.57323e-05 0.00259068 0.632681 3.33991e-06 0.0892181 
0.00110291 0.000945518 0.0285084 0.0560155 0.903239 1.12043e-05 0.0101779 
0.00249816 0.0171487 0.361515 0.0930926 0.497224 1.20385e-05 0.0285096 
0.00105528 0.0400041 0.0710199 0.0521231 0.747509 0.0040857 0.0842028 
0.0149178 0.00155959 0.0342152 0.115189 0.79777 0.000193524 0.0361553 
4.26212e-05 0.00431749 0.344153 0.0302859 0.560274 0.000168528 0.0607585 
0.0200432 0.0903511 0.0657902 0.094045 0.65735 0.004171 0.0682491 
0.0223683 0.0556514 0.0869251 0.175111 0.560281 0.000218084 0.0994458 
0.00468138 0.0135582 0.0737132 0.0584944 0.83791 0.000850439 0.0107918 
4.29869e-06 1.20124e-06 7.28247e-07 0.0791989 0.493551 1.885e-06 0.427242 
0.000350217 0.0169996 0.022817 0.139369 0.60179 0.000206389 0.218467 
0.00287404 0.00668765 0.0933117 0.0627974 0.796329 0.000132157 0.037868 
0.158486 0.0457822 0.0497096 0.137693 0.599989 1.77764e-05 0.0083223 
0.00405222 0.00303413 0.00335913 0.152939 0.612718 1.0933e-05 0.223886 
2.16689e-06 0.000312023 0.0112539 0.017775 0.969848 3.05285e-06 0.000806281 
0.000897836 0.000361749 0.0100658 0.00603923 0.963807 7.49768e-06 0.0188211 
0.000786292 0.00170959 0.0656547 0.066166 0.844857 4.88828e-05 0.0207777 
0.0030732 9.13744e-06 0.041457 0.105758 0.655654 4.70643e-05 0.194002 
0.000902968 0.00342081 0.340779 0.0630143 0.561401 4.84038e-05 0.0304339 
6.14786e-08 0.145233 0.0211926 0.38772 0.436369 2.00797e-06 0.00948408 
4.8529e-08 0.00243462 0.0322686 0.183957 0.66471 1.95616e-05 0.116609 
3.58537e-06 0.125668 0.0963481 0.145319 0.547389 0.000125253 0.0851475 
1.40602e-07 0.233356 0.0205238 0.0724755 0.529965 0.00213798 0.141542 
0.00213916 1.41488e-06 2.8448e-07 4.483e-06 0.997854 6.82237e-08 4.59198e-07 
0.000317461 0.000507628 0.0541484 0.0203537 0.881184 1.16084e-05 0.0434774 
0.00121223 0.00321797 0.145461 0.0657251 0.670086 0.00126945 0.113028 
3.60347e-06 0.0317498 0.0434955 0.0222994 0.6046 7.89704e-05 0.297773 
0.000332892 0.0429863 0.0749142 0.0272772 0.852227 2.8352e-05 0.00223355 
2.12087e-06 4.50268e-05 0.0137267 0.0447577 0.561327 0.00159606 0.378545 
0.0275182 0.000743931 0.0414885 0.0290764 0.804778 0.0957485 0.000646868 
1.3103e-05 0.0229588 0.0297722 0.0663769 0.871145 5.50285e-06 0.00972855 
3.3268e-06 0.0032021 0.0711825 0.00153915 0.914679 2.74699e-05 0.00936673 
0.00147108 0.00739665 0.0719218 0.00632344 0.855592 0.000328115 0.0569671 
0.00016869 0.00343079 0.103261 0.027408 0.616274 0.0138012 0.235657 
0.000174926 0.0145458 0.116347 0.05207 0.768913 0.00113528 0.0468139 
0.000240299 0.0156312 0.444485 0.0533673 0.480777 2.26061e-05 0.0054758 
0.06084 0.0092995 0.0054338 0.171543 0.738063 0.000118281 0.0147026 
0.000415596 0.0121759 0.027259 0.0662422 0.872826 5.1312e-05 0.0210297 
0.000857359 0.000139951 0.0177486 0.183239 0.722318 0.00124087 0.0744559 
0.00485616 0.0125371 0.0689575 0.0704909 0.817633 0.00560887 0.0199161 
0.000799952 0.00729637 0.366104 0.0386678 0.429064 0.00201242 0.156056 
8.72013e-12 6.36023e-08 0.0124255 0.0281555 0.959284 3.82383e-12 0.000134721 
0.147187 0.0109055 0.0369623 0.162829 0.490705 0.00204304 0.149367 
2.04044e-05 0.000480769 0.158688 0.0993291 0.578341 0.00041927 0.162721 
0.000247313 0.0159514 0.113538 0.0412473 0.739537 0.000104762 0.0893748 
9.54957e-07 9.55356e-07 0.100225 0.0649716 0.779768 9.55269e-07 0.0550329 
0.000585667 0.0050212 0.0959618 0.0148654 0.881105 1.14582e-07 0.00246124 
0.000869293 0.0262532 0.0878372 0.0380834 0.594091 0.0102818 0.242584 
0.000444258 0.0257949 0.295653 0.0633008 0.512316 0.0045061 0.097985 
0.00552156 0.00283198 0.0204732 0.28391 0.477579 0.000233007 0.20945 
0.0144529 0.0163067 0.0707867 0.109332 0.757223 0.00756835 0.0243306 
