0.0446594 0.0035808 0.0654197 0.722318 0.151447 4.37108e-08 0.0125748 
0.00225999 0.00293492 0.0921599 0.108391 0.66967 5.90536e-05 0.124526 
0.00804369 0.190672 0.152265 0.228499 0.22033 0.00082237 0.199368 
0.000728315 0.00333836 0.152869 0.199444 0.54221 4.92204e-05 0.101361 
0.0710651 0.00885272 0.0019139 0.879112 0.0315488 9.00238e-05 0.00741765 
0.721608 0.0119097 0.0250562 0.0989259 0.132072 5.44652e-06 0.0104231 
0.000307283 0.0166307 0.0397933 0.260937 0.169378 2.21594e-05 0.512932 
0.00256307 0.00174402 0.0196372 0.034417 0.938191 7.97263e-05 0.00336814 
0.000142148 0.0119108 0.731733 0.0748161 0.172155 2.92632e-05 0.00921344 
0.13175 0.0785332 0.00472367 0.571025 0.195219 6.28957e-05 0.018687 
0.000288623 6.70416e-05 0.830071 0.0400795 0.0509083 1.31808e-05 0.0785725 
0.084233 0.00300962 0.00472227 0.54841 0.0966201 0.000570252 0.262435 
0.00015936 0.000770799 0.00144502 0.158867 0.00859334 0.000137793 0.830027 
0.0029001 0.000145975 0.0304691 0.199107 0.733642 0.000111036 0.0336255 
0.039186 0.0638212 0.00839913 0.432218 0.175999 0.00704868 0.273328 
0.00142281 0.00362377 0.12266 0.563343 0.281886 4.70283e-05 0.0270179 
0.00163821 0.0608573 0.0223735 0.857925 0.0538133 1.28328e-07 0.00339259 
0.037632 0.000113154 0.0217882 0.136324 0.0418589 4.53415e-05 0.762238 
1.58089e-06 8.03189e-07 0.000975606 0.070178 0.0196837 3.82994e-07 0.90916 
0.00954821 2.09134e-07 4.60944e-06 0.0388033 0.922478 3.54861e-08 0.0291655 
0.0147691 0.000731476 0.0993237 0.565176 0.12209 0.000199163 0.19771 
0.00071603 0.241179 0.0166379 0.580682 0.138615 0.00025515 0.0219149 
0.000238686 7.83239e-05 0.300635 0.00592424 0.682332 5.68788e-07 0.0107913 
0.000144324 0.00107252 0.0601882 0.00954499 0.874583 0.000140825 0.0543265 
0.0375919 0.0473135 0.0243705 0.759677 0.0964978 0.000882688 0.0336669 
0.000153798 0.796854 0.0122214 0.0818924 0.107421 1.42032e-05 0.00144317 
0.0613166 0.0430753 0.00197692 0.178375 0.684667 7.71875e-05 0.030512 
0.000421768 0.00321441 0.00574206 0.490702 0.47628 1.02806e-05 0.0236298 
0.015576 0.178591 0.00274276 0.758153 0.0400555 0.000270669 0.00461117 
0.000709851 0.109812 0.0333633 0.271728 0.265008 0.000130169 0.319248 
0.0540052 0.0422072 0.0515452 0.116841 0.081417 0.00345829 0.650526 
2.29399e-06 0.0865388 0.211414 0.643716 0.0583291 1.06944e-08 4.83268e-07 
0.00392594 0.0216448 0.0480325 0.0845445 0.814958 2.55195e-05 0.026869 
0.00424249 0.0125385 0.190159 0.133386 0.269349 0.000128796 0.390196 
0.00354883 0.0014501 0.220474 0.0507352 0.62686 0.000590198 0.0963419 
0.000393088 0.1368 0.145986 0.122801 0.528462 0.000106714 0.0654514 
0.000190712 2.4109e-06 0.079071 0.603628 0.191089 9.86819e-08 0.126018 
0.000737423 0.0269016 0.137153 0.0350594 0.793865 3.82322e-05 0.00624543 
0.00702859 0.0053678 0.07543 0.144213 0.621523 0.00087535 0.145562 
0.810392 0.0219676 0.000325444 0.11921 0.0478732 4.0931e-05 0.000191 
0.000246812 0.00119677 0.0927289 0.0341504 0.828481 0.000109678 0.0430869 
0.000816802 0.000342856 0.0161153 0.0352704 0.741181 4.46412e-05 0.206229 
0.0063003 0.0134834 0.0587858 0.0427527 0.788998 0.00095433 0.0887254 
0.00319204 0.00330567 0.0363283 0.20498 0.733572 0.00111092 0.0175105 
0.000656714 0.00253374 0.0254403 0.779821 0.0524726 1.47246e-05 0.139061 
0.000121991 0.000515163 0.0121241 0.0746433 0.109543 4.33205e-06 0.803048 
0.000867016 0.00375715 0.0599712 0.0865517 0.722218 0.000542818 0.126092 
0.00737777 0.000247742 0.824737 0.0231182 0.0973586 0.000124984 0.0470355 
0.00687708 0.148422 0.0165199 0.707703 0.115645 2.89889e-05 0.00480373 
0.000378935 0.00189465 0.758344 0.0342774 0.163909 5.15602e-05 0.0411436 
0.0143562 0.0107825 0.0127942 0.0305974 0.343323 0.000179502 0.587968 
0.0251882 0.0046111 0.0254844 0.0298778 0.821603 6.86103e-06 0.0932287 
0.000507061 0.143066 0.627576 0.0157603 0.212608 2.30727e-05 0.000460121 
0.0203954 0.0325409 0.0149581 0.1883 0.686151 7.30363e-05 0.0575814 
0.000160691 0.000462117 0.00510643 0.761936 0.13949 1.2399e-06 0.092843 
0.00060355 0.00446552 0.161056 0.0678031 0.741178 0.000416585 0.0244769 
0.00933451 0.0180039 0.140081 0.0302559 0.728935 0.000387249 0.0730024 
0.00143177 0.0017582 0.00243732 0.114184 0.518369 0.000474034 0.361346 
0.00826376 0.0123764 0.590633 0.0383471 0.253366 0.00152182 0.0954915 
0.00279646 0.000333708 0.0245515 0.112484 0.0667474 0.000262631 0.792824 
0.00616791 0.0084092 0.109273 0.163191 0.577721 6.62075e-05 0.135171 
0.0330634 0.027641 0.00162218 0.080785 0.842782 1.23794e-05 0.0140937 
0.0192144 0.00244935 0.00305332 0.534873 0.321213 4.72568e-09 0.119197 
0.0595256 0.0178636 0.0911609 0.0580808 0.653413 0.00667015 0.113286 
0.000507061 0.143066 0.627576 0.0157603 0.212608 2.30727e-05 0.000460121 
0.00592424 0.039167 0.00273106 0.206594 0.110327 3.48025e-05 0.635222 
0.00164859 0.0201152 0.035903 0.0129995 0.892057 0.00141333 0.0358637 
0.00765621 0.0237002 0.0036542 0.182524 0.396787 9.0172e-05 0.385588 
0.00802718 0.15043 0.00614423 0.348183 0.362321 3.58089e-08 0.124895 
0.00415452 0.0195321 0.00434953 0.0542155 0.877756 8.35577e-06 0.0399837 
0.00134091 0.0018005 0.0412647 0.0862824 0.668772 1.98058e-05 0.20052 
0.024399 0.0280727 0.0147257 0.69273 0.138272 2.6232e-07 0.101801 
0.0285013 0.0214947 0.0177546 0.143242 0.750451 0.00104891 0.0375079 
0.00568288 0.0281279 0.235182 0.0741512 0.607941 0.00038058 0.0485341 
0.00477706 0.0238049 0.385995 0.0716136 0.495121 0.000121966 0.0185663 
0.309878 0.0044538 0.120578 0.06114 0.395983 0.000343319 0.107624 
8.14092e-06 2.0554e-05 0.291888 0.116185 0.163639 1.00399e-06 0.428258 
9.68736e-05 0.00134848 0.0349698 0.209694 0.514507 1.11273e-06 0.239383 
0.000164629 0.001951 0.409191 0.0734294 0.511934 1.80174e-05 0.00331138 
0.0123991 0.108938 0.0239565 0.620882 0.168442 0.000105366 0.0652772 
0.00011577 0.00164239 0.183349 0.0187056 0.460024 4.36331e-05 0.33612 
1.10029e-06 2.41383e-07 0.00972209 0.0597111 0.122243 8.57118e-08 0.808323 
0.00249163 0.00165995 0.137439 0.187814 0.096557 0.000193551 0.573845 
0.00131029 0.00843275 0.0564989 0.703333 0.165604 0.000249212 0.0645716 
0.00451867 0.00403283 0.0691675 0.299806 0.459641 0.00125164 0.161582 
0.0039396 0.0235879 0.0405698 0.109483 0.783617 6.82608e-05 0.0387338 
0.00141607 0.0128456 0.000294773 0.0435613 0.0127893 1.04327e-05 0.929083 
0.000666094 0.0372654 0.0534095 0.166662 0.148708 6.24565e-05 0.593226 
0.00155478 0.0920208 0.16637 0.275198 0.125524 4.21894e-07 0.339332 
0.000507061 0.143066 0.627576 0.0157603 0.212608 2.30727e-05 0.000460121 
0.000910892 0.000578224 0.492276 0.105072 0.390632 0.000125984 0.0104049 
0.00014168 0.017749 0.433002 0.0813828 0.31154 5.47081e-08 0.156185 
0.00279686 0.0504628 0.0197037 0.741067 0.149624 0.000116844 0.0362291 
0.117539 0.0341271 0.0299549 0.0847378 0.729242 5.23806e-05 0.00434727 
0.0665401 0.0207031 0.029225 0.178601 0.252189 0.00223657 0.450505 
3.89018e-10 1.19394e-08 0.0338161 0.0585516 0.905482 1.45787e-11 0.00214986 
0.000507061 0.143066 0.627576 0.0157603 0.212608 2.30727e-05 0.000460121 
0.0154622 0.0145079 0.460031 0.00449958 0.131314 0.00437517 0.36981 
0.000522459 0.0336 0.0226454 0.856212 0.0544322 0.000230334 0.0323572 
0.000287691 0.00829892 0.113031 0.129947 0.51834 0.000120262 0.229975 
0.000572902 0.0033337 0.0633125 0.155938 0.754597 9.53937e-06 0.0222362 
3.91731e-06 0.00503421 0.0171797 0.0943821 0.111601 1.59346e-08 0.771799 
0.00947473 0.0191736 0.0322087 0.108518 0.514966 0.00741527 0.308243 
0.000252864 0.049714 0.102951 0.443305 0.396036 6.31228e-05 0.0076773 
7.98571e-05 0.00301917 0.0327861 0.257245 0.68752 2.82691e-10 0.0193494 
0.000191455 0.000641763 0.0291633 0.0595576 0.880002 5.59918e-05 0.0303875 
0.00636767 0.00402926 0.230628 0.163383 0.53678 0.00141785 0.0573936 
6.53545e-05 0.0169789 0.00959774 0.882404 0.0385503 1.43318e-05 0.0523894 
0.00137417 0.000220338 0.00124386 0.0156992 0.601327 3.1277e-06 0.380132 
0.135596 0.0305538 0.00499853 0.0699241 0.229019 0.00273748 0.527171 
0.00194042 0.214697 0.0290999 0.458738 0.209018 0.000358091 0.0861483 
1.32108e-05 0.433812 0.00516421 0.536179 0.0233376 1.92443e-07 0.00149436 
0.00584865 0.00125761 0.603114 0.15543 0.081062 6.34501e-05 0.153224 
0.00194661 0.0353835 0.00902408 0.0777412 0.875673 5.50215e-05 0.000176304 
0.823196 0.00118438 0.00392325 0.125969 0.0318518 0.000105223 0.0137703 
0.00137325 0.00122247 0.0200618 0.0370188 0.938146 4.27272e-05 0.00213548 
0.0539502 0.00733728 0.0500092 0.354064 0.0792935 0.00258271 0.452763 
0.0505311 0.0711368 0.211429 0.205966 0.352539 0.0466829 0.0617152 
0.0136023 0.0729372 0.0527372 0.162224 0.484827 0.0006624 0.21301 
0.0131925 0.057724 0.0726319 0.276737 0.184533 0.000458473 0.394724 
0.00108475 8.68065e-05 0.0127631 8.12874e-05 0.0258669 3.34217e-05 0.960084 
0.00720872 0.0373382 0.0340448 0.0922164 0.730741 0.000321628 0.0981293 
0.00906637 0.00259955 0.084267 0.151863 0.522641 0.000673955 0.228889 
0.00166563 0.000956044 0.456329 0.0261227 0.473115 0.000769218 0.0410422 
0.00243455 0.00285873 0.0126208 0.0304696 0.945151 0.000172732 0.00629271 
6.41934e-05 0.0733077 0.793766 0.00919758 0.118347 3.8122e-06 0.00531312 
0.00365671 0.00045063 0.0108534 0.122241 0.851834 9.82825e-05 0.0108668 
0.000777942 0.00186789 0.0553009 0.0114486 0.689452 3.24527e-08 0.241153 
0.821983 0.00469118 0.00202962 0.12575 0.0444903 1.24734e-05 0.0010442 
0.126991 0.0369698 0.00181928 0.74625 0.0233261 9.4205e-05 0.0645498 
0.000195207 0.0466195 0.00192148 0.805107 0.0874001 8.9336e-05 0.0586671 
2.06268e-05 0.00458596 0.0807384 0.344701 0.500515 6.54819e-08 0.069439 
0.0155385 0.0351637 0.0204561 0.230622 0.33133 6.66954e-05 0.366823 
0.810392 0.0219676 0.000325444 0.11921 0.0478732 4.0931e-05 0.000191 
0.303366 0.045431 0.0281032 0.403777 0.202077 0.00506841 0.0121773 
0.00316646 0.474502 0.170598 0.100195 0.0935978 0.000217785 0.157723 
0.00394129 0.119475 0.0648986 0.0676097 0.735561 0.00313461 0.00537968 
0.253857 0.0114822 0.0211991 0.531494 0.181967 3.67975e-07 3.68031e-07 
0.000565811 0.0426104 0.478826 0.017186 0.448256 4.59589e-05 0.0125095 
0.00067068 0.00845534 0.0661457 0.118786 0.673684 0.000586939 0.131671 
0.000304597 0.916538 8.31123e-05 0.068626 0.0133574 2.01754e-05 0.0010708 
0.00537448 0.0809323 0.0405508 0.51992 0.315779 3.50405e-05 0.0374088 
0.00184819 9.15137e-05 0.265883 0.157766 0.541303 6.46299e-08 0.0331082 
0.721608 0.0119097 0.0250562 0.0989259 0.132072 5.44652e-06 0.0104231 
0.000386246 0.0101 0.0934054 0.0862635 0.791897 0.000170156 0.0177774 
0.000272271 0.0251709 0.0645227 0.0861501 0.798707 6.17394e-06 0.0251709 
0.000674565 0.00157088 0.0777486 0.107175 0.724272 9.16289e-05 0.0884676 
0.00121383 0.00757962 0.0726348 0.0487491 0.776128 0.000677809 0.0930169 
0.011424 0.00710945 0.0388759 0.786928 0.0642659 0.000675747 0.0907211 
0.000799388 0.00287205 0.0932383 0.17395 0.33523 2.73987e-05 0.393882 
0.00207757 0.174177 0.00617132 0.0165027 0.452938 2.46874e-06 0.348131 
0.000114721 0.115902 0.0430451 0.149861 0.617263 3.74483e-05 0.073777 
0.000849991 0.0142132 0.0562209 0.136443 0.762195 1.74292e-05 0.0300597 
0.00046682 0.00276239 0.143614 0.0744244 0.342945 0.000125208 0.435662 
0.00334501 0.00744796 0.027218 0.614179 0.211991 0.000279849 0.135539 
0.00321866 0.0429964 0.00235986 0.173736 0.749842 0.00209235 0.0257549 
0.00121474 0.000704606 0.197393 0.0884067 0.490626 0.000241327 0.221414 
0.00221554 0.314756 0.00766161 0.566406 0.0658794 0.000142711 0.0429388 
0.0571612 0.00329027 0.337178 0.217784 0.112017 0.00256697 0.270003 
0.00399291 0.0375343 0.0598433 0.347424 0.51693 5.19889e-05 0.034224 
0.000507061 0.143066 0.627576 0.0157603 0.212608 2.30727e-05 0.000460121 
0.00168314 0.000291779 0.763654 0.0481291 0.126568 1.60503e-05 0.0596586 
0.000220201 0.00863795 0.0517988 0.050111 0.881058 0.000106316 0.00806774 
8.61168e-05 0.00022863 0.192533 0.0199142 0.733506 4.83875e-07 0.0537323 
0.00659404 0.00160312 0.0479582 0.0827149 0.860381 4.90396e-05 0.000699668 
0.00184558 0.00717999 0.0157935 0.0308023 0.941361 4.75957e-05 0.00296988 
0.0012232 0.0124351 0.0111882 0.914018 0.0566962 4.98548e-10 0.00443902 
0.787546 0.025927 0.000406803 0.12599 0.0598414 4.96563e-05 0.000238748 
0.0155283 0.0310999 0.0090471 0.343877 0.586301 0.000902162 0.013244 
0.000332412 0.012092 0.107687 0.0888684 0.777612 1.04144e-05 0.0133983 
0.00121705 0.000423715 0.0054223 0.108292 0.466106 0.000135967 0.418403 
0.000750991 0.000230705 0.0435038 0.0368117 0.900952 2.07267e-08 0.0177508 
8.72013e-12 6.36023e-08 0.0124255 0.0281555 0.959284 3.82383e-12 0.000134721 
0.721608 0.0119097 0.0250562 0.0989259 0.132072 5.44652e-06 0.0104231 
9.10465e-05 0.000484633 0.0748126 0.0623362 0.84024 6.89272e-05 0.0219661 
0.000507061 0.143066 0.627576 0.0157603 0.212608 2.30727e-05 0.000460121 
0.0137678 0.0418453 0.0102036 0.0405655 0.866376 5.50865e-05 0.0271868 
0.000605862 0.0307944 0.0469753 0.289415 0.118528 9.96807e-05 0.513582 
0.000759118 0.0387926 0.444789 0.0512315 0.397176 1.21571e-05 0.0672399 
0.810392 0.0219676 0.000325444 0.11921 0.0478732 4.0931e-05 0.000191 
8.00674e-05 0.00309042 7.35487e-05 0.944341 0.0380059 8.3631e-06 0.0144003 
0.00294954 0.0197866 0.0992516 0.0612732 0.715037 0.00103913 0.100663 
0.000980219 0.00896313 0.047065 0.0282443 0.772929 0.000525923 0.141292 
0.0560643 0.543342 0.0443659 0.202185 0.104443 0.0209139 0.0286859 
0.000919176 0.0316184 0.00123588 0.112743 0.0469453 5.77283e-06 0.806533 
0.00194705 0.0107921 0.0776799 0.0918339 0.791043 0.00118909 0.0255144 
0.0039742 0.0555578 0.00891574 0.245828 0.357264 0.000218905 0.328241 
4.93423e-07 1.90363e-05 0.723757 0.00272179 0.273471 4.65726e-07 2.98529e-05 
0.0192146 0.207904 0.0506812 0.119555 0.24262 0.000112349 0.359912 
0.00429509 0.0145418 0.0177415 0.0620253 0.781228 0.000250857 0.119918 
0.264141 0.076303 0.0436462 0.186811 0.425349 2.95938e-05 0.00372021 
0.0249705 0.00454756 0.112516 0.103721 0.643092 3.24943e-05 0.111121 
0.0200844 0.0860234 0.0246051 0.601601 0.12217 9.55176e-05 0.14542 
0.000507061 0.143066 0.627576 0.0157603 0.212608 2.30727e-05 0.000460121 
3.38293e-05 0.00298252 0.0548273 0.0171291 0.914566 1.87105e-05 0.0104425 
0.000507061 0.143066 0.627576 0.0157603 0.212608 2.30727e-05 0.000460121 
0.00137325 0.00122247 0.0200618 0.0370188 0.938146 4.27272e-05 0.00213548 
0.000186127 0.121727 0.0102362 0.827334 0.0395714 2.00479e-05 0.000925715 
0.721608 0.0119097 0.0250562 0.0989259 0.132072 5.44652e-06 0.0104231 
0.0037278 0.00582547 0.0140406 0.0709462 0.902217 8.37239e-05 0.00315915 
0.000700026 0.00010318 0.0222833 0.102625 0.423495 3.69874e-06 0.45079 
0.871037 7.00951e-06 0.12867 0.000230479 4.1288e-05 4.57119e-07 1.37707e-05 
0.000507061 0.143066 0.627576 0.0157603 0.212608 2.30727e-05 0.000460121 
0.00129116 0.00998658 0.0760573 0.197381 0.157649 1.44376e-05 0.557621 
0.00172268 0.00556437 0.650563 0.0233993 0.301537 0.00129015 0.0159234 
0.0171678 0.000199366 0.00379778 0.0208641 0.949813 7.45243e-06 0.00815057 
0.844771 0.0180035 0.000268308 0.0975706 0.0391944 3.44382e-05 0.000158163 
6.38856e-07 0.00214497 0.024064 0.193815 0.766354 3.24993e-10 0.0136214 
0.0017262 0.0106529 0.279699 0.0462967 0.588829 0.00130152 0.0714948 
0.00544957 0.0278642 0.118509 0.274146 0.532627 0.00496094 0.0364428 
0.00440212 0.003724 0.00095795 0.135326 0.85521 2.28407e-05 0.000356483 
0.000749518 0.000745088 0.0332226 0.00380537 0.958369 0.000375905 0.0027324 
0.000620958 7.60924e-05 0.000348199 0.872142 0.117041 3.43523e-05 0.00973724 
0.000507061 0.143066 0.627576 0.0157603 0.212608 2.30727e-05 0.000460121 
0.00190006 0.020757 0.33939 0.0201306 0.562626 0.000303802 0.0548927 
0.0118524 0.000865222 0.104736 0.0187704 0.85484 0.000631133 0.00830448 
0.721608 0.0119097 0.0250562 0.0989259 0.132072 5.44652e-06 0.0104231 
0.0105187 0.0229481 0.0258132 0.412435 0.108722 0.00662367 0.412939 
0.000670828 0.0240741 0.000761163 0.946126 0.0232661 0.000219449 0.00488255 
0.0045064 0.0156635 0.00194908 0.373978 0.523903 0.000392971 0.0796073 
0.0139891 0.0215576 0.111522 0.263785 0.495838 0.000229671 0.0930784 
5.41921e-07 9.69171e-06 0.0696209 0.10473 0.800757 2.7011e-07 0.0248818 
0.00312892 0.00542527 0.139497 0.531629 0.134473 5.45856e-06 0.185841 
1.55632e-05 0.942619 0.000304755 0.0558458 0.00102258 9.45474e-08 0.000192369 
0.0117554 0.00279612 0.032444 0.05368 0.166866 0.000736104 0.731723 
0.0032335 0.0198412 0.180137 0.144874 0.614655 8.45356e-05 0.0371756 
0.264141 0.076303 0.0436462 0.186811 0.425349 2.95938e-05 0.00372021 
0.00474604 0.0284785 0.110766 0.103442 0.712866 0.000354262 0.0393479 
0.000507061 0.143066 0.627576 0.0157603 0.212608 2.30727e-05 0.000460121 
0.00466114 0.0221864 0.0676401 0.0199746 0.42054 0.000907207 0.46409 
0.117539 0.0341271 0.0299549 0.0847378 0.729242 5.23806e-05 0.00434727 
0.000627507 0.000117871 0.00255851 0.942379 0.042375 1.40028e-08 0.011942 
4.28582e-05 0.0107779 0.17436 0.0457811 0.683474 1.33366e-11 0.0855636 
0.00224961 0.0473983 0.0341611 0.603255 0.237029 8.03135e-05 0.0758265 
0.00135518 0.0126861 0.13167 0.0446165 0.526058 0.000146174 0.283468 
0.0323908 0.00264037 0.0277274 0.040656 0.894354 0.000341252 0.0018898 
0.00106527 0.0287088 0.14711 0.16667 0.269944 0.00102987 0.385472 
0.00577167 0.746322 0.00926266 0.112981 0.125387 7.5425e-06 0.000268301 
0.00255223 0.00778088 0.00954661 0.0978185 0.875255 1.69372e-05 0.00702993 
2.21264e-05 0.00342462 0.0377715 0.0807519 0.801715 3.33883e-06 0.0763119 
0.00187581 0.0952851 0.353075 0.0737029 0.0995407 0.000216187 0.376304 
1.82621e-06 5.00788e-06 0.0180081 0.357663 0.374025 1.4827e-10 0.250297 
0.0244052 0.205469 0.0252066 0.485654 0.1708 8.2754e-05 0.0883832 
3.36092e-05 0.000986804 0.129924 0.680628 0.0512512 5.56584e-07 0.137176 
0.00862665 0.0162643 0.0473154 0.0446593 0.80657 0.000300792 0.0762634 
0.00285912 0.00716207 0.0917425 0.0702891 0.134571 5.06451e-05 0.693326 
0.000246823 0.254209 0.113638 0.14991 0.236519 6.76492e-05 0.24541 
0.00710718 0.00825745 0.0110514 0.0717877 0.0216753 0.000784335 0.879337 
0.000898871 0.0171442 0.217491 0.10465 0.50662 0.000282629 0.152913 
0.0032861 0.00575368 0.0522226 0.434859 0.319478 0.000418379 0.183982 
0.0162628 0.0836752 0.0280433 0.174002 0.683296 9.43298e-05 0.0146267 
0.000507061 0.143066 0.627576 0.0157603 0.212608 2.30727e-05 0.000460121 
0.0401462 0.00706325 0.383758 0.0317089 0.449683 0.000485942 0.0871553 
0.000291038 0.00107821 0.201674 0.0179644 0.753807 0.000120751 0.025064 
0.0448528 0.0373607 0.0125984 0.108319 0.112359 0.00914161 0.675368 
0.00640344 0.283143 0.0143393 0.565484 0.127748 1.79922e-05 0.00286387 
0.721608 0.0119097 0.0250562 0.0989259 0.132072 5.44652e-06 0.0104231 
0.00256307 0.00174402 0.0196372 0.034417 0.938191 7.97263e-05 0.00336814 
8.72594e-05 0.000438789 0.0162858 0.0768978 0.121132 2.34492e-05 0.785135 
0.00175566 0.00593615 0.0723302 0.00905441 0.867397 0.000397092 0.0431294 
0.000471783 0.0048029 0.0843059 0.127087 0.674031 0.000159081 0.109142 
0.00551284 0.00315485 0.0172777 0.178334 0.759342 3.49897e-06 0.0363751 
0.00371966 0.00449044 0.1305 0.167377 0.0456871 0.000692775 0.647534 
0.126596 0.0235747 0.0508702 0.669817 0.0307434 0.00758503 0.0908133 
0.000507061 0.143066 0.627576 0.0157603 0.212608 2.30727e-05 0.000460121 
0.0153999 0.0229345 0.00157583 0.535611 0.301111 3.30573e-05 0.123335 
0.814124 0.00517455 0.00218723 0.129719 0.0476945 1.48295e-05 0.00108535 
0.721608 0.0119097 0.0250562 0.0989259 0.132072 5.44652e-06 0.0104231 
0.000462155 0.00305354 0.0268001 0.0325695 0.915884 3.09732e-05 0.0211999 
0.00433034 0.000157015 0.0168808 0.277568 0.681295 7.94952e-06 0.0197603 
0.0129594 0.0252754 0.00188502 0.244196 0.622208 0.00079489 0.0926813 
4.33557e-05 0.00446864 0.0412336 0.00835665 0.693023 8.02022e-06 0.252866 
0.000955776 0.0111039 0.149502 0.0373866 0.768645 0.000240257 0.0321668 
0.00228074 0.00454125 0.00181427 0.202303 0.0127595 0.00088696 0.775415 
0.0441168 0.234873 0.00750551 0.0306713 0.0196003 0.000214262 0.663019 
0.00189796 0.0261774 0.0220654 0.377405 0.255928 1.6419e-05 0.316509 
0.00221554 0.314756 0.00766161 0.566406 0.0658794 0.000142711 0.0429388 
0.0436803 0.162594 0.00557911 0.32025 0.454085 0.000644325 0.0131673 
0.00523597 0.758187 0.0119223 0.125809 0.0820587 0.000591806 0.0161952 
0.00226875 0.00304203 0.637101 0.349809 8.73397e-06 4.11573e-06 0.00776603 
0.00345063 0.00158167 0.00742415 0.0856398 0.897267 1.03e-06 0.00463544 
0.000916936 0.000162016 0.82006 0.0667903 0.069244 3.26203e-08 0.0428271 
0.00383014 0.020178 0.0223217 0.879323 0.0413221 0.000984162 0.032041 
0.00274664 0.00695913 0.0151998 0.476299 0.459971 6.46908e-06 0.0388174 
0.000510291 0.00481025 0.134223 0.0109933 0.848883 3.59286e-05 0.000544563 
0.0697353 0.0512075 0.0200641 0.131815 0.093445 0.0110502 0.622683 
0.00169263 0.148031 0.175536 0.073796 0.574526 0.00165857 0.0247599 
2.31079e-10 9.72474e-05 0.00439968 0.944329 0.0387447 1.0133e-10 0.0124298 
0.000156908 0.0236884 0.153477 0.45643 0.197653 8.98685e-05 0.168505 
0.000320751 0.000477341 0.0019373 0.0335972 0.00272765 4.63362e-09 0.96094 
2.67809e-05 0.000134072 0.0546856 0.0171842 0.852375 1.46937e-06 0.0755932 
0.003231 0.0140878 0.00726186 0.0839116 0.822014 9.86705e-05 0.0693946 
0.0186523 0.340242 0.00402877 0.621844 0.00977724 2.85243e-07 0.00545592 
0.0177841 0.00173501 0.00412969 0.233362 0.638816 1.08281e-05 0.104162 
0.0132414 0.00110021 0.149624 0.0437934 0.759718 2.35655e-05 0.0324986 
1.18829e-05 0.00127184 0.0316253 0.067453 0.804256 1.62571e-08 0.0953823 
0.0152407 0.0137517 0.00173449 0.782265 0.057499 2.83491e-07 0.129509 
0.000426897 0.000915636 0.0128983 0.0697441 0.837559 7.62796e-06 0.0784479 
0.000544595 0.000228851 0.0094406 0.0238325 0.961231 2.4232e-06 0.00472045 
0.000469393 0.00430788 0.0974229 0.0145134 0.798911 0.000455947 0.0839197 
0.0181879 0.00972417 0.00997795 0.120315 0.82761 7.45561e-05 0.0141104 
0.488692 0.137515 0.00322738 0.338602 0.0306244 1.5351e-05 0.00132487 
0.000247313 0.0159514 0.113538 0.0412473 0.739537 0.000104762 0.0893748 
0.699676 0.146104 0.000148678 0.145707 0.0043307 8.08697e-05 0.00395366 
0.721608 0.0119097 0.0250562 0.0989259 0.132072 5.44652e-06 0.0104231 
0.000507061 0.143066 0.627576 0.0157603 0.212608 2.30727e-05 0.000460121 
0.0251882 0.0046111 0.0254844 0.0298778 0.821603 6.86103e-06 0.0932287 
0.0124831 0.00176501 0.0448691 0.547635 0.273175 0.000147717 0.119925 
0.00163591 0.0140221 0.167048 0.116416 0.552707 0.000206661 0.147964 
0.144048 0.0118566 0.000236233 0.502039 0.0604976 0.000172515 0.28115 
0.000702163 0.135444 0.0150528 0.530969 0.306311 6.67219e-07 0.0115199 
0.0299922 0.0256273 0.0562269 0.178488 0.0888426 0.000134515 0.620688 
0.0444902 0.0181989 0.209371 0.227278 0.490198 0.000313274 0.0101506 
1.85838e-05 0.00339838 0.219613 0.0657105 0.63953 8.91263e-06 0.0717204 
0.0142851 0.00379015 0.0219131 0.0614265 0.872264 0.0020842 0.0242366 
0.0359911 0.0229892 0.0299131 0.120803 0.352135 0.00392133 0.434247 
0.0002724 0.0234286 0.0208805 0.145329 0.661979 0.000176237 0.147934 
0.347006 0.0407618 0.00175722 0.301168 0.156541 4.14132e-05 0.152723 
0.0124252 0.000496337 0.00217561 0.34079 0.496676 3.19598e-05 0.147404 
0.000507061 0.143066 0.627576 0.0157603 0.212608 2.30727e-05 0.000460121 
0.000125221 0.00106819 0.772106 0.0553273 0.170656 1.79866e-06 0.000715442 
5.35823e-05 0.940105 0.000167896 0.0592567 0.000324354 2.01969e-09 9.27851e-05 
0.0151042 0.45843 0.015778 0.320327 0.107593 0.0114922 0.0712759 
0.00368976 0.00900027 0.00746108 0.0996947 0.652212 0.000391496 0.227551 
0.0808342 0.0173298 0.035581 0.192817 0.236059 0.00452687 0.432852 
0.000507061 0.143066 0.627576 0.0157603 0.212608 2.30727e-05 0.000460121 
0.000681895 0.0242605 0.285872 0.410503 0.257354 0.000319573 0.0210083 
0.000100718 0.00462964 0.00172407 0.57569 0.120524 4.18095e-05 0.29729 
0.00149017 0.00200073 0.0158519 0.0671914 0.895867 3.76321e-05 0.0175608 
0.00239925 0.00263781 0.00506113 0.0255589 0.94507 3.2985e-05 0.0192403 
0.000138187 0.0135893 0.134435 0.0686872 0.448844 0.000124927 0.334181 
0.000390353 0.000884136 0.282704 0.174617 0.134911 9.38456e-09 0.406494 
6.38856e-07 0.00214497 0.024064 0.193815 0.766354 3.24993e-10 0.0136214 
0.00229832 0.00152864 0.0126028 0.0596459 0.922664 0.00018729 0.00107331 
0.0092059 0.0300576 0.352548 0.0967246 0.489496 0.000168029 0.0217997 
0.000379791 0.0102412 0.126547 0.0530119 0.806376 0.000314053 0.00313015 
0.00159256 0.000969912 0.0531396 0.183368 0.725941 8.39531e-06 0.0349805 
0.000216032 0.00022465 0.188121 0.00901024 0.778658 7.98749e-05 0.0236905 
0.00489241 0.00482321 0.0668667 0.125736 0.285849 0.00187006 0.509962 
0.000817007 0.212006 0.0212109 0.659202 0.0993215 0.000616481 0.00682688 
0.00021318 0.00172789 4.25515e-05 0.99681 0.000113205 7.15234e-06 0.00108561 
0.00137325 0.00122247 0.0200618 0.0370188 0.938146 4.27272e-05 0.00213548 
0.00225911 0.00155546 0.0338021 0.586864 0.359212 0.000131656 0.0161757 
0.00307852 0.055059 0.108556 0.0653799 0.652394 0.000279752 0.115253 
0.341294 0.0149134 0.00130124 0.24535 0.10323 0.00103209 0.292879 
0.00849299 0.000868041 0.0802244 0.17994 0.513825 0.000381472 0.216268 
0.00149547 0.0434208 0.224489 0.104437 0.151344 0.00120397 0.473609 
0.000689161 0.0566398 0.0224632 0.167397 0.507251 2.94855e-05 0.245531 
0.0101394 0.000765071 0.0443722 0.333748 0.241051 4.9952e-05 0.369875 
0.00770167 0.00984186 0.00866416 0.404511 0.525746 0.000123342 0.0434121 
0.0101394 0.000765071 0.0443722 0.333748 0.241051 4.9952e-05 0.369875 
0.00255431 0.0257459 0.0596618 0.207762 0.676682 8.22551e-05 0.0275122 
0.0144524 0.0442456 0.0344515 0.641381 0.162581 0.000270676 0.102618 
0.0159856 0.0282333 0.0278698 0.127437 0.753252 0.00187436 0.0453482 
8.67664e-06 0.0425847 0.00187345 0.951161 0.00186992 1.25184e-10 0.00250271 
0.00250948 0.00805099 0.220727 0.0767594 0.668076 0.00246611 0.0214109 
0.00060188 0.0794407 0.00301421 0.103335 0.0409144 6.33518e-05 0.77263 
0.00591204 0.00557622 0.0118889 0.0774257 0.0502538 0.000144097 0.848799 
1.86092e-05 2.62518e-07 0.194051 0.000267746 0.0412009 2.63867e-08 0.764462 
0.0344882 0.0599681 0.0875872 0.141163 0.587709 0.000344241 0.0887406 
0.00429144 0.0192869 0.227089 0.0672605 0.61843 0.000206046 0.0634362 
0.00450146 0.0146551 0.0236723 0.0530718 0.882676 0.00210207 0.0193214 
4.66745e-05 0.00035028 0.0171248 0.00665341 0.222036 1.96441e-07 0.753789 
0.0113254 0.00121078 0.057802 0.0777922 0.815396 6.01331e-06 0.0364673 
0.00214135 0.00939874 0.00125182 0.0452782 0.939949 4.55768e-06 0.00197603 
0.0173938 0.122991 0.189005 0.0662659 0.398459 0.000106758 0.205778 
0.818163 0.00506007 0.00100887 0.135306 0.0396787 1.60249e-05 0.000767883 
0.00445861 0.030479 0.00985675 0.74155 0.0934907 3.48709e-05 0.12013 
0.0218225 0.708004 0.0219695 0.220156 0.0267852 1.72985e-09 0.00126207 
1.34059e-05 0.00048001 0.00223336 0.0195708 0.0731951 1.25092e-05 0.904495 
0.00190733 0.0276826 0.00995905 0.0759934 0.806831 0.000482076 0.077145 
0.00511842 0.000414659 0.0130548 0.0163395 0.679798 0.000404326 0.284871 
9.53187e-06 4.49552e-08 0.00186006 0.0112667 0.983779 1.63378e-12 0.00308419 
0.721608 0.0119097 0.0250562 0.0989259 0.132072 5.44652e-06 0.0104231 
0.00018737 0.946143 0.0135658 0.00610329 0.0112724 0.000104522 0.0226239 
0.00045619 0.0308725 0.255513 0.0337382 0.665057 8.62632e-05 0.0142762 
0.000120177 0.0180544 0.0263555 0.0797092 0.823677 7.8133e-07 0.052083 
0.000636385 8.5474e-05 0.008997 0.858248 0.113872 6.33713e-07 0.0181603 
0.000248456 0.000758671 0.693643 0.0467428 0.227711 0.000157704 0.0307384 
0.000516245 0.00593403 0.305197 0.100217 0.542382 0.000117568 0.0456357 
0.001323 0.00111941 0.0150686 0.0881693 0.891214 8.85395e-06 0.00309695 
2.38589e-05 0.0165941 0.0209548 0.201161 0.120041 2.57702e-06 0.641223 
0.000616447 0.00191672 0.00276132 0.0514905 0.942885 6.61595e-07 0.000329033 
1.22037e-06 0.0195527 2.21413e-05 0.359881 0.471543 4.33428e-07 0.149 
0.0190992 0.0132893 0.0480225 0.0828011 0.809212 0.000509661 0.0270665 
0.00214548 0.105472 0.000319669 0.0213035 0.156589 1.44177e-05 0.714156 
0.000251023 0.000649354 0.102747 0.00858219 0.850073 0.000140337 0.0375565 
0.00221554 0.314756 0.00766161 0.566406 0.0658794 0.000142711 0.0429388 
0.00108587 0.280319 5.6576e-05 0.709942 0.00356404 5.61614e-05 0.00497601 
1.27982e-06 1.4582e-05 0.0271857 0.109033 0.123238 1.00261e-06 0.740526 
0.00115388 0.000862818 0.274214 0.162281 0.313942 3.17019e-06 0.247543 
0.00194661 0.0353835 0.00902408 0.0777412 0.875673 5.50215e-05 0.000176304 
0.00153477 0.0095725 0.0356911 0.0158037 0.588527 0.000777283 0.348093 
0.00367766 0.0106551 0.00251426 0.0430044 0.732364 0.00017461 0.207609 
0.000365305 0.00656908 0.0498878 0.00121633 0.609678 6.89287e-06 0.332277 
0.0346183 0.0257202 0.0275454 0.135753 0.0609467 9.9095e-05 0.715317 
0.000975047 0.0337893 0.0425097 0.0934686 0.224358 0.000776024 0.604123 
0.0107319 0.00660693 0.142344 0.0972153 0.218693 0.00564244 0.518766 
8.73839e-05 7.26943e-07 0.00237821 0.279104 0.716659 7.15075e-07 0.00177027 
0.00405109 0.120184 0.0295411 0.65898 0.133169 0.000544629 0.0535307 
0.264141 0.076303 0.0436462 0.186811 0.425349 2.95938e-05 0.00372021 
0.529252 0.0332302 0.00318242 0.376937 0.0523968 1.79969e-05 0.00498402 
0.00614103 0.00287 0.000833615 0.964243 0.00422372 5.52001e-07 0.0216885 
0.00211712 0.000174759 0.0613232 0.0708588 0.808415 2.77417e-06 0.057108 
0.0838317 0.0902905 0.248308 0.25771 0.298992 0.00437901 0.0164894 
8.92519e-05 0.000649716 0.0187151 0.0299376 0.949033 4.48607e-07 0.00157474 
0.0838317 0.0902905 0.248308 0.25771 0.298992 0.00437901 0.0164894 
0.00749996 0.0284786 0.845554 0.0118866 0.104055 1.81075e-05 0.00250757 
0.00180194 0.000644605 0.0145233 0.212023 0.761995 2.06214e-06 0.00900984 
0.0501238 0.00234183 0.0928364 0.0663533 0.653999 0.000957268 0.133389 
0.0181006 0.0306322 0.00206129 0.214785 0.0499181 0.000145484 0.684358 
0.000507061 0.143066 0.627576 0.0157603 0.212608 2.30727e-05 0.000460121 
0.00526426 0.0817324 0.054916 0.159799 0.571342 0.000196824 0.12675 
0.00184035 0.000672441 0.0911927 0.128225 0.772548 0.000546652 0.00497529 
0.0454277 0.0381121 0.0759758 0.0611237 0.314097 0.000473529 0.46479 
0.000873963 0.00944059 0.15761 0.0809283 0.691126 0.000714417 0.0593067 
0.00612602 0.0745479 0.0740262 0.0881655 0.0888684 0.000567228 0.667699 
7.08295e-05 0.00504607 0.0736021 0.0188668 0.873723 4.76765e-05 0.0286436 
0.000507061 0.143066 0.627576 0.0157603 0.212608 2.30727e-05 0.000460121 
0.721608 0.0119097 0.0250562 0.0989259 0.132072 5.44652e-06 0.0104231 
0.00153903 0.0195761 0.0426141 0.812829 0.0742622 0.000172335 0.0490077 
0.000426921 0.0238625 0.0626671 0.00765858 0.901699 0.000317559 0.00336797 
0.0107529 0.0475065 0.00649797 0.13611 0.516514 1.74226e-05 0.282602 
0.000507061 0.143066 0.627576 0.0157603 0.212608 2.30727e-05 0.000460121 
0.245191 0.00483596 0.00707008 0.213622 0.131932 0.000203775 0.397146 
0.003045 0.0531521 0.00720925 0.105335 0.111942 0.000875698 0.718441 
0.0542748 0.0550141 0.139122 0.0955026 0.555482 0.00441923 0.0961856 
0.000165403 0.0229756 0.0733228 0.0437065 0.836674 1.44015e-06 0.0231541 
0.00462759 0.0392399 0.0154907 0.0517775 0.765299 7.81476e-06 0.123558 
0.000288358 0.000846622 0.00784474 0.0138317 0.0950908 4.75548e-08 0.882098 
6.85101e-05 0.00393694 0.000176372 0.0316469 0.0046641 1.78826e-06 0.959505 
0.00170054 0.00404928 0.652634 0.0317213 0.25459 0.00119769 0.0541078 
0.00289284 0.00747165 0.00295911 0.0876053 0.53797 0.00104574 0.360055 
0.00737777 0.000247742 0.824737 0.0231182 0.0973586 0.000124984 0.0470355 
0.00113037 0.0180554 0.0948664 0.352798 0.4427 0.000217588 0.0902319 
0.000507061 0.143066 0.627576 0.0157603 0.212608 2.30727e-05 0.000460121 
0.000263751 0.164133 0.00357832 0.555547 0.258501 3.38174e-09 0.0179772 
0.00158474 0.0541415 0.00023265 0.928423 0.00196913 1.111e-11 0.0136492 
0.00129749 0.350008 0.0215448 0.0750915 0.455967 0.000680861 0.0954111 
0.000340171 0.0129086 0.341658 0.0609458 0.578048 3.56597e-05 0.00606309 
0.000526079 0.000166951 0.0431685 0.556022 0.122148 5.08885e-07 0.277968 
0.00207917 0.00096717 0.0012398 0.793904 0.0202045 0.000500836 0.181104 
0.00129903 0.104273 0.0380012 0.03561 0.809143 0.000871765 0.010802 
0.0113958 0.0186681 0.113623 0.0843639 0.722027 0.00713589 0.0427857 
0.000162652 0.0196692 0.3149 0.0118823 0.647784 1.91439e-05 0.0055834 
0.000187055 1.39103e-08 0.00374615 0.000508194 0.994889 5.68542e-09 0.000669126 
5.33886e-06 0.000988391 0.000874304 0.0145649 0.013792 3.59768e-08 0.969775 
0.00341392 0.00102997 0.0277807 0.607943 0.137744 1.53837e-05 0.222073 
0.10589 0.000265602 0.00326379 0.473523 0.349604 4.41838e-06 0.0674497 
0.00215006 0.000284635 0.0244839 0.0459987 0.921032 6.76491e-05 0.00598288 
0.00158454 0.0320241 0.0613231 0.531945 0.267098 6.69359e-06 0.106018 
0.0016066 0.0701775 0.077583 0.0556153 0.793059 4.73766e-05 0.00191166 
0.00395902 0.0104914 0.132241 0.0890522 0.718821 0.00258068 0.042854 
0.000153798 0.796854 0.0122214 0.0818924 0.107421 1.42032e-05 0.00144317 
0.00228074 0.00454125 0.00181427 0.202303 0.0127595 0.00088696 0.775415 
0.00677962 0.030747 0.0162128 0.112443 0.0813276 0.000858974 0.751631 
0.0872838 0.0333672 0.146528 0.358952 0.163428 0.0196814 0.19076 
0.00803102 0.0941046 0.044129 0.147462 0.59692 3.99004e-05 0.109313 
0.00733735 0.0134695 0.197716 0.0224624 0.730544 0.0013609 0.0271096 
0.545433 0.0274827 0.0148347 0.0958876 0.123881 0.011737 0.180744 
0.000222591 0.00506367 0.0360758 0.23121 0.609474 1.25579e-08 0.117953 
0.000507061 0.143066 0.627576 0.0157603 0.212608 2.30727e-05 0.000460121 
0.0131762 0.0288293 0.52426 0.131999 0.0538344 0.000644773 0.247256 
0.567399 0.0355086 0.00177462 0.335966 0.0479555 1.80226e-05 0.0113781 
0.000352562 0.00141932 0.00241989 0.0781143 0.84707 0.000167981 0.0704556 
3.44839e-05 0.0226528 0.94801 0.00172728 0.0273821 9.9862e-08 0.000193224 
0.530562 0.000396626 0.022729 0.184578 0.223862 0.000111671 0.0377616 
0.0838317 0.0902905 0.248308 0.25771 0.298992 0.00437901 0.0164894 
0.00130165 0.811447 0.00336131 0.109604 0.0725902 0.000196272 0.00149963 
0.0120074 0.0216874 0.0079936 0.091066 0.86598 2.65608e-07 0.00126547 
0.0305184 0.0202231 0.0592143 0.263196 0.593606 3.29381e-05 0.0332093 
0.00888382 0.21832 0.00602309 0.754315 0.00740725 1.38342e-05 0.00503697 
7.00319e-06 0.00138355 6.6765e-07 0.991149 1.39711e-05 1.18204e-11 0.00744532 
0.00662418 6.97438e-05 0.0931415 0.0145933 0.838302 1.57529e-05 0.0472537 
0.00383293 0.0253725 0.0647795 0.0466984 0.78571 0.00121093 0.0723961 
0.00180499 0.000246748 0.391928 0.132411 0.460795 0.000146803 0.0126673 
0.00477623 0.0147725 0.0309993 0.287184 0.650881 1.39292e-05 0.0113726 
0.0249545 0.00885436 0.014138 0.157075 0.161176 0.00209307 0.63171 
6.4185e-05 0.00872407 0.15408 0.0111231 0.815996 3.24108e-05 0.00997968 
0.00836005 0.00327832 0.0628363 0.486193 0.400175 0.000745415 0.0384112 
0.000386372 0.00134159 0.370855 0.035534 0.562914 0.000106963 0.0288628 
0.0137186 0.220453 0.0405629 0.298503 0.0983081 0.00226145 0.326193 
0.000791654 0.0447865 0.00179509 0.0836795 0.810078 5.28665e-05 0.0588162 
0.00716886 0.0711115 0.138233 0.334219 0.434345 0.000145293 0.0147774 
0.0491818 0.0490722 0.0462674 0.163604 0.332268 0.0141877 0.345418 
0.000415229 0.0193035 0.0107436 0.0535986 0.251977 0.000303262 0.663659 
3.12564e-06 0.0228492 0.454083 0.157432 0.174141 1.21408e-08 0.191492 
0.00420472 0.00434851 0.188925 0.156266 0.630715 4.51793e-05 0.0154957 
0.00174272 0.00219434 0.0101027 0.0516767 0.381914 4.33717e-05 0.552326 
0.0245238 0.000522776 0.000563425 0.0791108 0.886415 7.38722e-06 0.00885647 
0.797724 0.0245887 0.000335514 0.122627 0.0544779 4.51266e-05 0.000201309 
0.0115117 0.13645 0.194652 0.0276029 0.623476 0.000121754 0.00618627 
0.00387702 0.00707545 0.788185 0.0424606 0.12459 0.000192509 0.0336201 
0.00236714 0.026894 0.477737 0.0735623 0.39484 0.00159908 0.0230007 
0.00798024 0.0900196 0.0174659 0.127248 0.495906 0.000162889 0.261217 
0.00323927 0.0159555 0.098051 0.113975 0.627927 0.000505571 0.140347 
0.00478275 0.0105809 0.00253843 0.153953 0.648381 0.000101297 0.179663 
0.000126764 0.00109144 0.0180671 0.0950475 0.540831 3.33191e-05 0.344803 
6.80064e-05 0.401286 0.0492178 0.463695 0.0806215 2.32692e-05 0.00508806 
0.0232286 0.000797418 0.0404686 0.0258007 0.87557 0.000216031 0.0339184 
0.0155123 0.00719068 0.0500368 0.388345 0.496008 3.18431e-05 0.0428754 
2.06247e-07 0.00374831 0.00141587 0.981128 0.0133159 2.13886e-10 0.000392233 
0.000503452 0.0455754 0.0236872 0.200226 0.615846 0.000148436 0.114013 
0.141264 0.00434864 0.280914 0.0583875 0.409416 2.60909e-05 0.105644 
1.37068e-06 7.74153e-06 0.0774679 0.00408931 0.90595 1.81382e-08 0.0124841 
0.00683454 0.0303489 0.0698792 0.176934 0.573204 0.00462739 0.138172 
0.00787036 0.00165402 0.0916358 0.409215 0.34554 0.000574282 0.143511 
0.00211783 0.000866201 0.0434065 0.044763 0.89698 3.21865e-05 0.0118345 
0.00560192 0.00988968 0.000668633 0.269956 0.310997 7.36699e-06 0.402879 
0.0338718 0.00781854 0.0106889 0.840998 0.0536228 4.50366e-05 0.0529549 
2.87077e-06 0.000833784 0.0116817 0.0404667 0.940624 4.26363e-07 0.00639013 
0.000360256 8.33723e-05 0.443576 0.00432759 0.0280949 4.52433e-06 0.523553 
0.000507061 0.143066 0.627576 0.0157603 0.212608 2.30727e-05 0.000460121 
0.00137325 0.00122247 0.0200618 0.0370188 0.938146 4.27272e-05 0.00213548 
0.00275286 0.0210825 0.0176355 0.0695636 0.888744 2.81698e-05 0.000193455 
0.000213874 0.000318261 0.0020914 0.0948331 0.0121258 7.70161e-09 0.890418 
0.000507061 0.143066 0.627576 0.0157603 0.212608 2.30727e-05 0.000460121 
0.00246997 0.000838224 0.133676 0.275534 0.322793 7.13492e-05 0.264616 
0.00106825 5.26416e-05 0.101506 0.195973 0.121847 3.30898e-05 0.57952 
0.000933832 0.0091441 0.251459 0.233014 0.368772 1.63855e-07 0.136677 
0.000462155 0.00305354 0.0268001 0.0325695 0.915884 3.09732e-05 0.0211999 
0.00050777 0.0694948 0.105335 0.0160313 0.760475 0.000180182 0.047976 
0.00592424 0.039167 0.00273106 0.206594 0.110327 3.48025e-05 0.635222 
0.014225 0.0132304 0.0346587 0.139862 0.743002 0.000127157 0.0548951 
0.0364785 0.039688 0.0106836 0.191983 0.457461 0.0014341 0.262272 
0.0156007 0.0276714 0.144912 0.185587 0.271361 0.000115426 0.354752 
0.00742289 0.00416636 0.0281004 0.0624905 0.87447 0.000278236 0.0230712 
0.0458892 0.0671478 0.0884451 0.121814 0.47665 0.016357 0.183697 
0.000507061 0.143066 0.627576 0.0157603 0.212608 2.30727e-05 0.000460121 
0.000507061 0.143066 0.627576 0.0157603 0.212608 2.30727e-05 0.000460121 
8.67664e-06 0.0425847 0.00187345 0.951161 0.00186992 1.25184e-10 0.00250271 
0.0248956 0.000384766 0.02985 0.121738 0.814742 0.000138901 0.00825058 
0.00018737 0.946143 0.0135658 0.00610329 0.0112724 0.000104522 0.0226239 
0.00476778 8.98532e-05 0.00629678 0.0582548 0.820589 4.41896e-06 0.109998 
6.20885e-05 0.00382701 0.000674117 0.149314 0.775744 1.24207e-07 0.0703784 
0.000836603 0.00723859 0.00739818 0.0700391 0.890422 2.91111e-05 0.0240359 
0.000271909 0.00883031 0.0120721 0.188531 0.160412 1.87707e-09 0.629882 
0.00251963 0.0423431 0.0751572 0.33229 0.226825 0.000258067 0.320607 
0.036974 0.0172832 0.00542867 0.127184 0.364761 8.84456e-05 0.448281 
0.000507061 0.143066 0.627576 0.0157603 0.212608 2.30727e-05 0.000460121 
4.89222e-05 0.000556968 0.11114 0.0348383 0.721845 1.47316e-05 0.131556 
0.0013323 0.047854 0.108377 0.0733153 0.184065 0.000521583 0.584535 
0.810392 0.0219676 0.000325444 0.11921 0.0478732 4.0931e-05 0.000191 
0.00241487 0.000549529 0.00562407 0.104074 0.724191 0.00040763 0.162739 
0.000247313 0.0159514 0.113538 0.0412473 0.739537 0.000104762 0.0893748 
0.42801 0.113593 0.00283345 0.381688 0.0716105 4.33706e-05 0.0022222 
1.43569e-05 5.79739e-07 0.0602888 0.141433 0.776709 1.19686e-10 0.0215542 
0.00709416 0.117614 0.180055 0.537096 0.113314 1.73058e-05 0.0448096 
0.000321901 5.08626e-05 0.162917 0.0244306 0.800692 2.37125e-05 0.0115645 
0.000122931 0.00444685 0.169136 0.233474 0.50416 1.18229e-05 0.0886483 
0.117539 0.0341271 0.0299549 0.0847378 0.729242 5.23806e-05 0.00434727 
0.00143692 0.0222334 0.0100028 0.492865 0.275792 0.000233587 0.197437 
