0.0530356 0.00470152 0.00372007 0.150575 0.116335 0.000388471 0.671244 
0.00327444 0.0332788 0.0178718 0.0371938 0.882928 0.00156267 0.0238906 
2.45372e-05 0.00917739 0.514393 0.0110829 0.427037 9.5787e-06 0.0382755 
0.000680728 0.019051 0.171159 0.211162 0.415465 0.00065985 0.181822 
0.000354919 0.000295033 0.124888 0.0219674 0.353736 0.000135115 0.498624 
0.00279535 0.0137662 0.0360862 0.0235464 0.855924 0.00139039 0.0664913 
0.00239025 0.00282729 0.00834043 0.0189684 0.963705 4.92513e-05 0.00371888 
0.0268026 0.0410465 0.0479753 0.687407 0.159647 0.00478547 0.0323361 
8.86021e-05 0.0571476 0.0878525 0.231023 0.0949526 1.66907e-05 0.528919 
0.00146212 0.000651952 0.00918158 0.0122804 0.0195939 0.000568888 0.956261 
0.0128607 0.00175955 0.0698969 0.0290695 0.831296 0.000996441 0.0541209 
0.0109089 0.00284892 0.128819 0.0996107 0.164886 0.000251324 0.592675 
1.34059e-05 0.00048001 0.00223336 0.0195708 0.0731951 1.25092e-05 0.904495 
0.612545 0.000460028 0.126363 0.0428314 0.145322 3.65613e-05 0.0724417 
0.00216627 0.00881986 0.00120887 0.00358017 0.160673 5.47658e-06 0.823546 
0.00202412 0.00114728 0.0171946 0.0897758 0.866209 0.000144713 0.0235047 
2.38734e-06 6.63355e-05 0.415339 0.0295175 0.358557 6.39118e-07 0.196517 
0.0838317 0.0902905 0.248308 0.25771 0.298992 0.00437901 0.0164894 
0.00135603 0.0665863 0.10234 0.127063 0.211602 0.000487598 0.490565 
0.00243853 0.0201585 0.0240051 0.0815273 0.864641 0.000196206 0.00703363 
0.0200812 0.0230379 0.0427921 0.607669 0.0349309 5.33371e-07 0.271489 
0.000726715 0.000138772 0.00123305 0.646386 0.0324929 2.02544e-07 0.319022 
0.0160956 0.00075533 0.128754 0.021915 0.754861 1.75625e-05 0.0776016 
0.000681716 0.0644134 0.0310813 0.239665 0.138945 4.49242e-06 0.525209 
0.821983 0.00469118 0.00202962 0.12575 0.0444903 1.24734e-05 0.0010442 
0.00336519 0.025997 0.0784062 0.619231 0.120415 0.000495026 0.15209 
0.0693919 0.00330187 0.0141954 0.0617768 0.111046 0.00149987 0.738788 
0.00424249 0.0125385 0.190159 0.133386 0.269349 0.000128796 0.390196 
0.000173659 0.044622 0.398658 0.0927509 0.358381 1.28333e-05 0.105402 
1.33837e-08 5.43353e-05 0.0914536 0.723577 0.123135 5.86884e-09 0.0617797 
0.00320599 0.0201797 0.00483313 0.0799562 0.88977 2.49665e-05 0.00203003 
0.0114119 0.673943 0.00643705 0.21149 0.0719217 3.04828e-05 0.0247652 
0.00588943 0.139952 0.000302363 0.159081 0.690285 1.91162e-05 0.00447213 
0.012847 0.0420685 0.226866 0.440699 0.232276 0.000369219 0.0448749 
4.629e-05 0.000433732 0.0815443 0.419786 0.23538 6.21375e-06 0.262803 
0.00480634 0.0173495 0.0461472 0.0915565 0.827916 0.000634704 0.0115901 
0.000507061 0.143066 0.627576 0.0157603 0.212608 2.30727e-05 0.000460121 
0.00319204 0.00330567 0.0363283 0.20498 0.733572 0.00111092 0.0175105 
0.0896727 0.307214 0.0619164 0.156403 0.150726 0.000630757 0.233437 
0.00825786 4.64943e-05 0.260079 3.88764e-05 0.000122388 1.45972e-05 0.731441 
0.0124131 0.00466206 0.129926 0.240119 0.409863 0.000444056 0.202572 
0.137328 0.271027 0.00850471 0.440566 0.0967538 0.00733948 0.0384805 
0.000479952 0.0169216 0.166842 0.0111568 0.786262 4.76185e-05 0.0182903 
0.00878081 0.0481598 0.0105579 0.0907179 0.80039 0.000109317 0.0412841 
0.000843838 0.788297 0.000716982 0.155214 0.0387238 2.57505e-05 0.0161784 
0.00141168 0.785302 0.000639084 0.129872 0.0697535 5.55842e-05 0.0129659 
0.0541871 0.0153763 0.0157101 0.582261 0.330305 6.72318e-06 0.00215409 
0.00137325 0.00122247 0.0200618 0.0370188 0.938146 4.27272e-05 0.00213548 
0.00387536 0.00047102 0.00360728 0.237801 0.0308654 0.000437268 0.722943 
0.00142415 0.00163778 0.575952 0.127564 0.242472 0.000122531 0.0508276 
0.497524 0.0402852 0.0140079 0.343201 0.0817853 0.00230724 0.0208892 
0.00134091 0.0018005 0.0412647 0.0862824 0.668772 1.98058e-05 0.20052 
0.00121911 0.0261957 0.140768 0.0830313 0.721313 1.41464e-05 0.0274593 
0.00373394 0.0755145 0.0170175 0.854391 0.0315663 0.00033708 0.0174397 
0.0726835 0.0275023 0.0296698 0.222032 0.201079 0.00178289 0.44525 
0.00256307 0.00174402 0.0196372 0.034417 0.938191 7.97263e-05 0.00336814 
0.00719659 0.00237541 0.0746351 0.0627338 0.120865 0.000427218 0.731766 
0.0334772 0.152408 0.002778 0.55206 0.191659 0.00136669 0.066251 
0.000441753 0.000397052 0.023896 0.0295545 0.767885 2.91476e-05 0.177797 
0.0042169 0.00130543 0.0318306 0.291211 0.589141 0.000401447 0.0818941 
0.000507061 0.143066 0.627576 0.0157603 0.212608 2.30727e-05 0.000460121 
0.00763504 0.00055961 0.00119327 0.265696 0.11716 6.22525e-05 0.607695 
0.00566419 0.045923 0.018287 0.839866 0.068084 0.000144873 0.0220306 
0.000507061 0.143066 0.627576 0.0157603 0.212608 2.30727e-05 0.000460121 
0.000585775 0.000743799 0.0350724 0.143804 0.745484 8.2559e-05 0.0742277 
0.00317449 0.00607016 0.0827061 0.0757349 0.596173 0.000161168 0.23598 
0.0209179 0.0315899 0.0342232 0.808876 0.0877839 0.00744396 0.0091649 
0.00954821 2.09134e-07 4.60944e-06 0.0388033 0.922478 3.54861e-08 0.0291655 
0.0057647 0.000122817 0.00543819 0.0135936 0.970145 5.422e-06 0.00493075 
0.0131208 0.0168496 0.0159314 0.141173 0.807491 0.000374751 0.00506006 
1.75642e-10 0.913075 0.00187762 0.0758716 0.00814467 6.87521e-13 0.00103087 
0.377631 0.0527722 0.018779 0.419958 0.0933932 0.00547955 0.031987 
0.00173103 0.00539873 0.154304 0.0477645 0.738167 0.000274156 0.0523607 
0.00229804 0.0761373 0.083832 0.13039 0.303032 0.000434458 0.403875 
1.10801e-06 0.0164202 0.0027355 0.421685 0.415333 3.02237e-11 0.143825 
0.0569552 0.0057879 0.466469 0.0366511 0.401787 0.00560597 0.0267445 
0.000120887 0.00315022 0.704597 0.0158433 0.27484 1.19462e-05 0.00143647 
0.00425486 0.000165658 0.811871 0.00778233 0.169053 1.49469e-05 0.00685875 
0.000507061 0.143066 0.627576 0.0157603 0.212608 2.30727e-05 0.000460121 
0.00357081 0.00498493 0.805452 0.0255004 0.140697 0.00156523 0.0182301 
0.00233556 0.000260798 0.0332247 0.0537912 0.882152 2.5877e-05 0.0282095 
0.0355443 0.0401513 0.0583349 0.307609 0.112254 0.000688781 0.445417 
0.0218709 0.0536862 0.0193123 0.815473 0.074622 1.30368e-06 0.0150344 
0.0385721 0.0367687 0.0338046 0.147678 0.035475 9.82703e-06 0.707692 
0.0174424 0.0936771 0.111613 0.0491045 0.0937589 0.00251791 0.631886 
0.00255104 0.0256997 0.05974 0.256584 0.51685 6.20989e-05 0.138513 
0.00747019 0.00104694 0.0394628 0.210352 0.138355 0.000765389 0.602548 
0.00580871 6.54792e-06 0.00640207 0.883605 0.0691848 1.88238e-06 0.0349911 
0.00229997 0.0162339 0.127357 0.0380685 0.804924 0.000759257 0.0103579 
1.81294e-06 0.0121755 1.39265e-06 0.958442 0.0105633 1.90867e-07 0.0188161 
4.87164e-05 0.311328 0.101593 0.129813 0.258371 2.84318e-05 0.198819 
0.112235 0.0410756 0.182158 0.376025 0.192724 5.07614e-05 0.0957312 
0.0599288 0.0177474 0.045193 0.568769 0.220716 0.00159628 0.0860497 
4.99899e-07 0.000477121 0.233784 0.00147113 0.0288539 2.23037e-08 0.735414 
0.000336441 0.0202849 0.153161 0.0981829 0.672049 0.000181226 0.0558046 
0.690172 0.038536 0.00081885 0.207253 0.0612306 0.000111248 0.00187856 
0.000452125 0.0116035 0.0122314 0.106985 0.100652 3.10903e-05 0.768044 
0.000666606 0.0143401 0.393662 0.0878502 0.492589 0.000489927 0.010402 
0.000869224 0.0122411 0.240668 0.0688148 0.612004 0.000554023 0.0648492 
0.000910717 0.0201955 0.0562858 0.108142 0.744662 0.000371731 0.0694318 
0.0139692 0.0121327 0.0228459 0.165151 0.367516 0.000177853 0.418207 
0.00194661 0.0353835 0.00902408 0.0777412 0.875673 5.50215e-05 0.000176304 
0.126518 0.0378705 0.0370526 0.0921117 0.697865 4.91704e-05 0.00853303 
0.0553936 0.0411757 0.0416367 0.115274 0.645654 0.0118644 0.0890015 
0.0592281 0.0157208 0.096336 0.0212648 0.218627 0.00264007 0.586183 
0.00350536 0.000712316 0.00194715 0.241989 0.27549 8.30721e-08 0.476356 
9.13409e-05 0.154952 0.0787377 0.0142735 0.389546 8.9101e-05 0.36231 
0.000351435 0.00507504 0.00448216 0.0626582 0.0141519 3.54081e-06 0.913278 
0.00453816 0.0328804 0.02619 0.770979 0.121003 0.000791542 0.0436185 
0.0176603 0.02278 0.0314844 0.312628 0.562096 0.00229429 0.0510571 
0.810392 0.0219676 0.000325444 0.11921 0.0478732 4.0931e-05 0.000191 
0.823196 0.00118438 0.00392325 0.125969 0.0318518 0.000105223 0.0137703 
0.104195 0.0585625 0.0428627 0.148536 0.089492 0.000323903 0.556027 
0.00200986 0.192589 0.0733478 0.211092 0.243804 0.000356155 0.276801 
2.69371e-05 0.018238 0.721761 0.016995 0.234127 1.94312e-06 0.00884947 
0.00388248 0.0035452 0.00288928 0.137367 0.787771 0.000111562 0.0644334 
0.000601822 0.731224 0.0147148 0.113584 0.0538302 0.000116936 0.0859284 
0.000279228 0.0181692 0.13024 0.35718 0.223074 0.000154912 0.270903 
2.26281e-06 0.00389543 0.758687 0.099623 0.131069 9.92254e-07 0.00672225 
0.086262 0.00423645 0.123808 0.354394 0.410297 0.000142332 0.0208605 
0.000507061 0.143066 0.627576 0.0157603 0.212608 2.30727e-05 0.000460121 
0.0051232 0.000193376 0.00304616 0.0152721 0.0959989 8.31397e-05 0.880283 
0.0124171 0.0113722 0.357913 0.0537518 0.103086 0.00413639 0.457324 
0.018464 0.0896861 0.00329179 0.869659 0.0129875 4.08698e-06 0.00590717 
0.769445 0.00670117 0.0012999 0.167325 0.0541156 2.12894e-05 0.00109144 
0.00221554 0.314756 0.00766161 0.566406 0.0658794 0.000142711 0.0429388 
0.715503 0.0379622 0.000555085 0.150403 0.0952402 7.43167e-05 0.000261959 
0.000121991 0.000515163 0.0121241 0.0746433 0.109543 4.33205e-06 0.803048 
0.056401 0.00908622 0.0162043 0.18701 0.668875 0.000648462 0.0617747 
5.42289e-05 0.000583764 0.885882 0.000113563 0.0860203 2.86801e-05 0.0273179 
0.000147164 0.00072868 0.0899827 0.136986 0.367021 9.79568e-05 0.405036 
0.013376 0.00751697 0.0959471 0.0116429 0.858559 0.000356664 0.0126012 
0.0032121 0.813661 0.00322993 0.107722 0.0645142 0.000296139 0.00736381 
0.0558628 1.49416e-05 0.0113771 0.0752535 0.575501 5.06995e-06 0.281985 
0.000749518 0.000745088 0.0332226 0.00380537 0.958369 0.000375905 0.0027324 
0.00489331 0.209007 0.020315 0.601515 0.107988 0.000156844 0.0561247 
0.0536178 0.0123538 0.0991855 0.569163 0.215562 0.000325656 0.0497923 
0.0485144 0.0222141 0.170118 0.298202 0.238069 6.98665e-05 0.222813 
0.0103057 0.00143682 0.0294757 0.169923 0.183889 0.000198487 0.604771 
0.00548229 0.0331906 0.0425917 0.225576 0.351701 0.00020943 0.341249 
0.00772353 0.049132 0.0382898 0.698706 0.131107 0.00141863 0.0736224 
0.00239025 0.00282729 0.00834043 0.0189684 0.963705 4.92513e-05 0.00371888 
0.000421768 0.00768329 0.0159904 0.463702 0.213339 5.25612e-05 0.29881 
0.721608 0.0119097 0.0250562 0.0989259 0.132072 5.44652e-06 0.0104231 
0.00614357 0.0328658 0.00184395 0.1961 0.0295337 0.00140349 0.732109 
6.2463e-05 0.000156938 0.0373507 0.00832086 0.948908 1.61463e-08 0.00520076 
0.0120195 0.00793733 0.00353992 0.862915 0.0919471 8.29653e-08 0.0216411 
0.721608 0.0119097 0.0250562 0.0989259 0.132072 5.44652e-06 0.0104231 
0.0436803 0.162594 0.00557911 0.32025 0.454085 0.000644325 0.0131673 
0.217562 0.00177096 0.00484408 0.623553 0.125297 0.000182853 0.02679 
0.0064257 0.00556961 0.0435457 0.193628 0.402181 0.00162467 0.347025 
1.34059e-05 0.00048001 0.00223336 0.0195708 0.0731951 1.25092e-05 0.904495 
0.00115388 0.000862818 0.274214 0.162281 0.313942 3.17019e-06 0.247543 
0.000398994 0.000757565 0.888288 0.0963474 0.0141874 1.28347e-10 2.07196e-05 
0.000507061 0.143066 0.627576 0.0157603 0.212608 2.30727e-05 0.000460121 
0.0416374 0.0228919 0.0767146 0.0598218 0.781379 4.72656e-05 0.0175084 
0.00302055 0.0115623 0.213232 0.0898538 0.679235 8.58082e-06 0.00308765 
0.000145434 0.038479 0.673119 0.00367147 0.284404 1.47282e-06 0.000179675 
0.00133861 0.0370884 0.110171 0.152623 0.55247 0.000653745 0.145655 
0.37368 0.395663 0.0312823 0.0846443 0.0923493 3.15792e-05 0.0223494 
0.721608 0.0119097 0.0250562 0.0989259 0.132072 5.44652e-06 0.0104231 
3.55067e-05 0.0124293 0.0123357 0.939935 0.0260575 1.61019e-05 0.00919101 
1.14331e-05 0.000128072 0.0434756 0.777345 0.170423 9.23556e-08 0.0086169 
0.00324285 0.00529222 0.211909 0.20329 0.546775 4.65861e-05 0.0294447 
0.00659404 0.00160312 0.0479582 0.0827149 0.860381 4.90396e-05 0.000699668 
0.0582052 0.00385843 0.00296826 0.723307 0.194723 1.00056e-05 0.0169277 
0.000507061 0.143066 0.627576 0.0157603 0.212608 2.30727e-05 0.000460121 
0.0346183 0.0257202 0.0275454 0.135753 0.0609467 9.9095e-05 0.715317 
0.000507061 0.143066 0.627576 0.0157603 0.212608 2.30727e-05 0.000460121 
0.0343192 0.0401498 0.057764 0.0291896 0.330769 0.0148592 0.492949 
0.00932305 0.760037 0.00128107 0.167582 0.0485212 0.00047806 0.0127777 
0.0105895 0.00492848 0.0294195 0.116995 0.821062 0.000137744 0.0168672 
0.264141 0.076303 0.0436462 0.186811 0.425349 2.95938e-05 0.00372021 
0.00591379 0.0855903 0.023525 0.728607 0.120902 0.00179775 0.0336645 
6.03637e-05 0.000508595 0.246815 0.203597 0.465155 5.36378e-05 0.0838111 
0.012683 0.00907306 0.0908002 0.0729809 0.533228 0.000177129 0.281058 
1.34059e-05 0.00048001 0.00223336 0.0195708 0.0731951 1.25092e-05 0.904495 
1.27417e-05 0.0367731 0.0132554 0.0263503 0.916622 5.58733e-06 0.00698062 
0.00703777 0.0985668 0.0240426 0.138543 0.232452 0.00383451 0.495523 
0.000507061 0.143066 0.627576 0.0157603 0.212608 2.30727e-05 0.000460121 
0.00194661 0.0353835 0.00902408 0.0777412 0.875673 5.50215e-05 0.000176304 
0.000100698 0.00265183 0.120138 0.128309 0.688128 3.05731e-05 0.060642 
0.000533169 0.00141196 0.0166091 0.0249612 0.946977 7.55277e-05 0.00943166 
0.00427393 0.00490923 0.0207969 0.105225 0.847152 4.78307e-05 0.0175948 
0.0682612 0.0474366 0.00500772 0.161161 0.461647 0.000203697 0.256283 
0.00207318 0.00286387 0.0223876 0.404496 0.415379 1.48447e-05 0.152785 
0.011106 0.0303691 0.0673148 0.0972098 0.713719 0.000136577 0.080145 
0.00521224 0.000799179 0.0739181 0.419815 0.134499 0.000483107 0.365274 
0.0205137 0.0351984 0.0183433 0.283457 0.147885 0.00397187 0.490631 
0.00554733 0.0769099 0.0474646 0.272602 0.288946 4.8771e-05 0.308481 
0.000389892 0.0050157 0.211259 0.0154981 0.126969 1.90549e-05 0.64085 
2.80947e-06 0.000129638 0.0677178 0.0965212 0.788193 4.12568e-07 0.0474353 
0.00104782 0.000425664 0.00982817 0.0248869 0.0837597 0.000114075 0.879938 
0.00536988 0.00702883 0.211017 0.0432223 0.666725 0.00206074 0.0645754 
0.000260297 0.23208 0.0031709 0.329985 0.0150281 0.000195499 0.41928 
0.020063 0.00258272 0.013585 0.269999 0.470129 0.000926259 0.222715 
0.721608 0.0119097 0.0250562 0.0989259 0.132072 5.44652e-06 0.0104231 
0.00109537 0.0138259 0.883008 0.031453 0.0353559 0.000609981 0.0346519 
0.000308621 0.0304524 0.0870037 0.0316506 0.424475 2.85241e-05 0.426082 
1.34059e-05 0.00048001 0.00223336 0.0195708 0.0731951 1.25092e-05 0.904495 
0.000440161 0.000104815 0.0634865 0.0856007 0.804611 2.13911e-05 0.0457359 
0.0508055 7.42291e-07 0.00177376 0.358141 0.526404 9.78715e-08 0.0628748 
0.00911671 0.0135858 0.0378972 0.0501232 0.712249 9.63179e-05 0.176932 
0.0017262 0.0106529 0.279699 0.0462967 0.588829 0.00130152 0.0714948 
0.222128 0.0104005 0.00349516 0.138017 0.061355 0.00178197 0.562822 
0.0808759 0.000491033 0.00869783 0.514861 0.121408 0.000254584 0.273411 
0.000657875 0.00598047 0.00844481 0.468033 0.274448 0.000103972 0.242331 
0.872628 0.00718204 0.00462441 0.0581466 0.0458213 7.28695e-06 0.0115901 
0.000507061 0.143066 0.627576 0.0157603 0.212608 2.30727e-05 0.000460121 
0.0100433 0.00593734 0.0291412 0.0297029 0.187292 0.00223148 0.735652 
0.00440212 0.003724 0.00095795 0.135326 0.85521 2.28407e-05 0.000356483 
0.00672964 0.0155236 0.0114431 0.85494 0.0880103 0.00384605 0.0195069 
0.00393074 0.177236 0.330493 0.023294 0.46303 0.000106111 0.00191113 
0.00508156 0.00331105 0.0628667 0.16279 0.11688 1.44288e-05 0.649056 
2.84435e-05 0.000280963 0.236968 0.00102211 0.753106 7.94689e-06 0.00858614 
0.000507061 0.143066 0.627576 0.0157603 0.212608 2.30727e-05 0.000460121 
0.26483 0.161295 0.0342492 0.343895 0.170785 8.33088e-05 0.024862 
0.810392 0.0219676 0.000325444 0.11921 0.0478732 4.0931e-05 0.000191 
0.00484838 0.128032 0.0927787 0.590286 0.152525 0.00196068 0.0295691 
0.0385342 0.0175816 0.285178 0.0737043 0.478151 0.00568402 0.101168 
1.2921e-06 0.0197264 0.0116743 0.193955 0.158257 2.83371e-07 0.616386 
0.721608 0.0119097 0.0250562 0.0989259 0.132072 5.44652e-06 0.0104231 
1.22438e-05 2.4867e-06 0.0004709 0.105333 0.751539 3.27872e-07 0.142642 
0.00325044 0.00547556 0.109829 0.09814 0.741161 1.03206e-05 0.0421329 
0.0307405 0.0330014 0.00136314 0.0516692 0.399952 0.000123099 0.483151 
0.00256307 0.00174402 0.0196372 0.034417 0.938191 7.97263e-05 0.00336814 
0.00316646 0.474502 0.170598 0.100195 0.0935978 0.000217785 0.157723 
0.0801741 0.0433385 0.0018908 0.187317 0.656565 0.000104296 0.0306098 
0.0156909 0.00493917 0.0400402 0.691109 0.214666 2.78797e-05 0.0335272 
0.00206106 0.00416297 0.196471 0.0825263 0.648312 0.00014197 0.0663244 
0.00285903 0.000197401 0.0517662 0.0442112 0.621136 3.05087e-05 0.2798 
2.01143e-05 0.00260687 0.867863 0.0114176 0.0709247 7.5384e-06 0.0471597 
0.0397209 0.00146149 0.0660604 0.296722 0.20025 0.000592239 0.395193 
0.00137325 0.00122247 0.0200618 0.0370188 0.938146 4.27272e-05 0.00213548 
0.135596 0.0305538 0.00499853 0.0699241 0.229019 0.00273748 0.527171 
0.00178683 0.00265023 0.403047 0.092392 0.339644 0.00127764 0.159203 
0.721608 0.0119097 0.0250562 0.0989259 0.132072 5.44652e-06 0.0104231 
0.00119766 0.00692966 0.424258 0.0336721 0.530036 8.96957e-05 0.00381678 
0.0057647 0.000122817 0.00543819 0.0135936 0.970145 5.422e-06 0.00493075 
6.24314e-05 2.97009e-08 0.0118396 0.0023685 0.982565 1.21398e-08 0.00316443 
0.00776613 0.0620351 0.0421643 0.0930704 0.755995 0.000209802 0.0387595 
0.00255223 0.00778088 0.00954661 0.0978185 0.875255 1.69372e-05 0.00702993 
0.000690581 0.00167176 0.0813608 0.0462592 0.44113 0.000274828 0.428613 
0.0229579 0.0424182 0.0141139 0.0815655 0.838146 2.3529e-05 0.00077482 
1.65663e-09 1.57444e-06 0.525696 5.10244e-06 0.472144 7.26442e-10 0.00215288 
0.00224639 0.0306421 0.104357 0.081308 0.594882 0.000102489 0.186463 
3.07043e-05 0.000112745 0.231953 0.323833 0.366658 1.08811e-07 0.0774127 
0.0346415 0.0463475 0.0230381 0.300668 0.244996 0.00012824 0.350181 
0.000372332 0.00265607 0.00863657 0.0847451 0.837591 4.54708e-05 0.0659532 
0.0270389 0.0215066 0.0391373 0.148912 0.667883 2.00961e-05 0.0955021 
0.00182885 0.0142092 0.765222 0.0326397 0.151069 9.53058e-06 0.0350213 
0.00698061 0.0137283 0.0244719 0.797522 0.132325 0.000236346 0.0247362 
0.026264 0.0114854 0.0358559 0.194217 0.725922 1.06817e-05 0.00624524 
0.00094098 0.0137954 0.00207134 0.101952 0.033366 0.000864133 0.84701 
0.721608 0.0119097 0.0250562 0.0989259 0.132072 5.44652e-06 0.0104231 
0.00288917 0.514195 0.00327946 0.396802 0.0618992 0.000709943 0.0202251 
0.000762336 0.0244088 0.0314129 0.0233882 0.844367 0.000267598 0.0753935 
0.00288364 0.00849019 0.00336588 0.0422978 0.934342 1.06983e-05 0.00861011 
0.00337924 0.0120448 0.00993894 0.762118 0.205102 4.34373e-05 0.00737367 
0.00101287 0.00400866 0.0156572 0.567447 0.316433 0.000348275 0.0950924 
0.000947891 0.458603 0.0103964 0.225927 0.2289 2.24977e-05 0.0752039 
0.0204088 0.00624429 0.05912 0.0322518 0.862919 0.00424458 0.0148112 
0.0018449 0.013408 0.000782364 0.964716 0.0164618 2.19563e-05 0.00276456 
0.00036096 0.206889 0.0129196 0.706226 0.0395899 3.2603e-05 0.0339815 
0.0407336 0.0870339 0.0697151 0.633275 0.148454 3.05399e-05 0.0207577 
0.0124368 0.297305 0.00268623 0.677416 0.00651834 1.94918e-07 0.00363763 
0.0142409 1.97846e-06 0.334581 0.178279 0.172941 1.97827e-06 0.299955 
0.00323269 0.0122162 0.199985 0.059032 0.709039 0.00215138 0.0143437 
0.00395323 0.00448549 0.0389175 0.0934366 0.761528 0.000610667 0.0970681 
0.721608 0.0119097 0.0250562 0.0989259 0.132072 5.44652e-06 0.0104231 
0.061442 0.0457303 0.0417269 0.349897 0.226308 0.00045933 0.274437 
0.264141 0.076303 0.0436462 0.186811 0.425349 2.95938e-05 0.00372021 
3.20149e-08 0.025337 0.049155 0.136705 0.788657 3.09517e-08 0.000146976 
0.0106102 0.0812323 0.174058 0.134726 0.256799 0.00106722 0.341506 
0.721608 0.0119097 0.0250562 0.0989259 0.132072 5.44652e-06 0.0104231 
0.117834 0.00744973 0.0585699 0.28174 0.187591 0.00165154 0.345164 
0.000233304 0.000520452 0.745452 0.0618981 0.0832012 4.62672e-05 0.108649 
0.00409531 0.00580455 0.0334376 0.572616 0.314644 0.000391018 0.0690113 
0.0201897 0.0151157 0.0110302 0.0757258 0.508215 0.0015559 0.368168 
0.00185527 0.0069415 0.0562153 0.02024 0.886011 6.63865e-05 0.0286705 
1.05797e-07 0.677441 0.000499772 0.0239718 0.267672 3.95811e-08 0.030416 
0.0746758 0.630172 0.100196 0.0531873 0.0621653 0.000274162 0.0793292 
0.00992516 0.018262 0.0199803 0.0848866 0.82291 7.56667e-05 0.0439602 
0.00274664 0.00695913 0.0151998 0.476299 0.459971 6.46908e-06 0.0388174 
0.000507061 0.143066 0.627576 0.0157603 0.212608 2.30727e-05 0.000460121 
0.00126356 0.0869518 0.0552417 0.097343 0.55049 0.00107524 0.207635 
0.00385843 0.0213249 0.0127024 0.728034 0.218802 0.000158204 0.0151198 
0.000959367 0.0335914 0.118097 0.116109 0.656642 0.000691903 0.0739091 
0.000836603 0.00723859 0.00739818 0.0700391 0.890422 2.91111e-05 0.0240359 
0.000318512 0.00610329 0.331938 0.0824126 0.428263 1.24256e-09 0.150965 
0.000733683 0.000128396 0.0424656 0.0668287 0.874725 4.45667e-07 0.0151177 
0.00127162 0.00387622 0.0613523 0.521172 0.203379 1.44482e-06 0.208948 
0.000194998 0.0448156 0.00116501 0.841727 0.0903024 1.19469e-08 0.0217954 
0.00018737 0.946143 0.0135658 0.00610329 0.0112724 0.000104522 0.0226239 
0.00194661 0.0353835 0.00902408 0.0777412 0.875673 5.50215e-05 0.000176304 
0.00327444 0.0332788 0.0178718 0.0371938 0.882928 0.00156267 0.0238906 
0.000311228 0.00116406 0.480315 0.0741188 0.358529 0.00012039 0.0854414 
0.018975 0.0371838 0.0268643 0.668817 0.233372 2.3715e-05 0.0147636 
0.00368776 0.0162601 0.0300302 0.0333588 0.611248 0.000646398 0.304769 
0.822038 0.00617122 0.0011415 0.161172 0.00848794 1.33854e-05 0.000976242 
0.00136891 0.000704436 0.0570469 0.475264 0.128588 0.000123809 0.336903 
0.0512712 0.00891629 0.0826567 0.0421034 0.752399 0.000535717 0.0621178 
0.00421653 0.0546712 0.0335502 0.261914 0.604892 0.000176025 0.0405802 
0.0172551 0.163704 0.0268295 0.0958619 0.0481782 5.8609e-05 0.648113 
0.00357081 0.00498493 0.805452 0.0255004 0.140697 0.00156523 0.0182301 
0.0231536 0.0191253 0.0110691 0.880377 0.0437207 1.59561e-05 0.022538 
0.00108906 0.0163545 0.0450879 0.0697067 0.789088 0.000276944 0.0783964 
0.00346899 0.00160556 0.00123044 0.0518045 0.00736396 0.000340972 0.934186 
0.00806471 0.0735436 0.00154753 0.650181 0.176614 5.24881e-05 0.0899969 
0.00197086 0.00189458 0.0221424 0.0351327 0.934067 8.85536e-05 0.00470381 
0.144048 0.0118566 0.000236233 0.502039 0.0604976 0.000172515 0.28115 
0.000900088 0.0144887 0.0177652 0.766522 0.191255 1.37741e-05 0.00905539 
0.0670555 0.00234053 0.0215043 0.0839751 0.786851 0.000665193 0.0376088 
0.00209195 0.0273133 0.105728 0.423652 0.391465 0.000590544 0.0491589 
0.00905958 0.469431 0.0134301 0.42477 0.0560076 5.59255e-05 0.0272455 
0.00100499 0.00132271 0.0121953 0.0783901 0.887724 4.01829e-05 0.0193231 
0.000399991 0.00558217 0.0297862 0.84918 0.103311 5.16758e-05 0.0116891 
0.0138464 0.087794 0.102961 0.0844451 0.228717 0.00351271 0.478724 
0.00102786 0.031312 0.198701 0.0504864 0.663337 0.000251351 0.0548842 
0.00186064 0.00883663 0.0177473 0.534131 0.375432 6.45254e-05 0.0619282 
7.92959e-05 0.00517646 0.0206436 0.0145506 0.958826 6.15859e-05 0.0006625 
0.0224555 0.00173001 0.063769 0.100719 0.164914 0.000234573 0.646177 
0.0175962 0.0182233 0.382334 0.132491 0.36265 0.00995063 0.076755 
0.0487 0.0386625 0.689529 0.028529 0.0552566 7.44842e-05 0.139248 
0.00417383 0.00963117 0.0334768 0.108264 0.71976 0.000132962 0.124561 
0.152775 0.195447 0.00451566 0.528761 0.0790932 0.00042769 0.0389802 
0.000585771 0.00120819 0.0140167 0.913668 0.0440324 4.15953e-08 0.0264893 
0.000517307 0.124469 0.00411005 0.507681 0.120461 2.71859e-05 0.242735 
0.00133921 0.025083 0.0165465 0.124555 0.359132 0.000455139 0.47289 
0.000322829 0.000728754 0.0671554 0.103104 0.819923 8.99949e-07 0.0087651 
5.65702e-05 0.00681239 0.043454 0.0188599 0.729959 4.34631e-05 0.200815 
0.00968338 0.00110643 0.00591307 0.11199 0.793207 0.000326695 0.0777734 
0.721608 0.0119097 0.0250562 0.0989259 0.132072 5.44652e-06 0.0104231 
0.0241669 0.00022659 0.011633 0.0164268 0.947194 8.59753e-05 0.000266901 
0.0876292 0.0534401 0.0725632 0.533544 0.0850135 6.17708e-08 0.16781 
0.384462 0.00697858 0.0146412 0.16463 0.238019 0.00086916 0.190401 
0.537723 0.00614897 0.00708027 0.00411783 0.317494 0.000347644 0.127088 
0.0509582 0.0742722 0.025246 0.316646 0.19695 0.000316677 0.335611 
0.00238203 0.0294233 0.0966632 0.105862 0.672122 0.00124851 0.0922994 
0.00127427 0.00903416 0.0116528 0.0354764 0.918289 8.8379e-05 0.0241848 
0.00372581 0.0086227 0.00415847 0.0428484 0.908354 7.06484e-05 0.0322197 
0.000801084 0.0140372 0.316342 0.0526166 0.58486 2.75515e-05 0.0313159 
0.143412 0.0168484 0.0346311 0.299818 0.254283 0.000961326 0.250047 
0.00136461 0.0274754 0.0419365 0.209379 0.315382 8.81415e-05 0.404374 
0.000601459 0.00886571 0.112559 0.030582 0.749327 0.000118466 0.0979471 
0.00246768 0.0121833 0.0427136 0.669405 0.18446 0.000183171 0.0885868 
0.00178741 0.00421186 0.0264058 0.787565 0.117934 0.000214375 0.0618819 
0.00060188 0.0794407 0.00301421 0.103335 0.0409144 6.33518e-05 0.77263 
0.0117236 0.111526 0.0168122 0.684333 0.135171 5.28373e-05 0.040381 
0.0184595 0.0336955 0.0123929 0.757462 0.0737629 0.000103026 0.104125 
0.000585029 0.000876596 0.511043 0.0634165 0.372627 8.9104e-05 0.0513634 
0.000378034 0.00302246 0.037431 0.329297 0.616393 3.4686e-07 0.0134784 
0.00107368 0.000133921 0.00138261 0.143608 0.852339 5.63329e-08 0.00146216 
0.00105705 0.00328116 0.140257 0.149114 0.54824 0.00104852 0.157002 
0.00674587 0.161756 0.045695 0.584251 0.183129 0.000113709 0.0183099 
0.0225669 0.129277 0.0340579 0.582786 0.169808 4.70561e-05 0.0614571 
0.00161039 0.0135465 0.0675102 0.0902857 0.754304 0.00100288 0.0717399 
0.000202612 0.0159624 0.0768347 0.075184 0.831629 4.78401e-07 0.000186911 
0.00170035 0.0103003 0.15591 0.154596 0.499532 0.000167954 0.177793 
0.0482138 0.00366179 0.040966 0.0430268 0.856473 0.00127465 0.00638446 
0.0132594 0.0348939 0.013611 0.0965168 0.244204 0.00031405 0.597201 
0.0013253 0.0781587 0.12607 0.143976 0.16671 0.000426736 0.483334 
0.00674943 0.0216059 0.0545038 0.0730634 0.79067 0.00364477 0.0497625 
0.00101933 0.0010992 0.603236 0.0678644 0.248232 0.000156147 0.0783927 
0.00801376 0.104181 0.5602 0.0846894 0.141862 2.49071e-05 0.101029 
9.31149e-08 1.06438e-05 0.00666411 0.00545149 0.0042919 4.08314e-08 0.983582 
0.00290914 0.0380245 0.0181352 0.37636 0.521645 0.000272218 0.0426544 
0.000636385 8.5474e-05 0.008997 0.858248 0.113872 6.33713e-07 0.0181603 
0.00105957 0.00552917 0.0339113 0.0942643 0.828006 9.05969e-06 0.0372203 
0.0527961 0.00332268 0.00105004 0.842145 0.0402218 0.000505245 0.0599593 
7.03793e-05 0.0343564 0.0150936 0.0914401 0.40189 4.97667e-05 0.457099 
0.158486 0.0457822 0.0497096 0.137693 0.599989 1.77764e-05 0.0083223 
0.0893887 0.00877332 0.00495697 0.852453 0.0135991 6.00911e-07 0.0308287 
0.0105419 0.46564 0.0335306 0.268578 0.21897 9.88151e-06 0.00272927 
0.057529 0.00215487 0.00310238 0.854648 0.0323708 9.3309e-08 0.0501949 
0.721608 0.0119097 0.0250562 0.0989259 0.132072 5.44652e-06 0.0104231 
0.00806656 0.00350749 0.122582 0.0408895 0.77268 0.000209331 0.0520659 
0.00149611 0.0174303 0.521535 0.0205576 0.438195 1.41386e-05 0.000772231 
5.92e-05 0.122293 0.00293278 0.675299 0.161571 1.17718e-05 0.0378339 
0.0152567 0.130661 0.0211905 0.7304 0.087066 9.35344e-05 0.0153319 
0.135882 0.154023 0.0513923 0.485213 0.15664 0.000543618 0.0163058 
0.000522368 0.00916327 0.00849198 0.766958 0.184101 6.3514e-12 0.0307632 
0.0057647 0.000122817 0.00543819 0.0135936 0.970145 5.422e-06 0.00493075 
0.00143083 0.00899275 0.380049 0.169624 0.367531 1.07711e-05 0.0723608 
0.0241669 0.00022659 0.011633 0.0164268 0.947194 8.59753e-05 0.000266901 
3.85554e-11 3.82489e-07 0.119002 0.19877 0.667604 1.69068e-11 0.0146239 
0.00162006 0.000855084 0.0287487 0.0547514 0.659359 3.75621e-05 0.254628 
0.0046604 0.0133079 0.0229976 0.849179 0.080095 0.000982608 0.0287776 
1.49645e-05 1.86551e-05 0.549242 0.00119853 0.444505 1.0264e-05 0.00501049 
7.43914e-07 9.26942e-06 0.117367 0.555225 0.206185 2.36677e-10 0.121213 
0.769445 0.00670117 0.0012999 0.167325 0.0541156 2.12894e-05 0.00109144 
0.00375492 0.00373175 0.0378438 0.854049 0.0975783 5.71579e-09 0.00304186 
7.27148e-07 4.18879e-05 0.704874 0.169392 0.00024936 3.18858e-07 0.125442 
0.00169263 0.148031 0.175536 0.073796 0.574526 0.00165857 0.0247599 
0.000161969 0.0772599 0.167757 0.127789 0.0624142 2.66419e-06 0.564616 
1.08381e-09 2.30915e-07 0.978331 0.00437319 2.79858e-06 4.75257e-10 0.0172929 
0.00137325 0.00122247 0.0200618 0.0370188 0.938146 4.27272e-05 0.00213548 
0.0154646 0.013692 0.0203732 0.851643 0.0504942 1.16164e-09 0.048333 
0.0527174 0.00226167 0.0687649 0.23243 0.298338 0.000232767 0.345255 
0.00611317 0.229453 0.0572753 0.49415 0.208696 1.61291e-05 0.00429634 
0.281811 0.0318385 0.216385 0.283042 0.0298423 1.44083e-05 0.157066 
0.772821 0.00630659 0.00125525 0.169078 0.0495682 1.90484e-05 0.000951901 
0.00153903 0.0195761 0.0426141 0.812829 0.0742622 0.000172335 0.0490077 
0.00256307 0.00174402 0.0196372 0.034417 0.938191 7.97263e-05 0.00336814 
0.000507061 0.143066 0.627576 0.0157603 0.212608 2.30727e-05 0.000460121 
0.00416721 0.00810931 0.0787519 0.161725 0.627781 0.00115357 0.118312 
0.245191 0.00483596 0.00707008 0.213622 0.131932 0.000203775 0.397146 
0.00494846 0.020266 0.163844 0.0442406 0.744104 0.00369947 0.0188973 
0.0137174 0.0327112 0.0106057 0.339472 0.382861 0.000236092 0.220397 
0.00230025 0.11141 0.00997089 0.706929 0.102943 4.72217e-06 0.0664421 
0.00184558 0.00717999 0.0157935 0.0308023 0.941361 4.75957e-05 0.00296988 
0.0017798 0.0198204 0.0165321 0.0556223 0.881064 5.91139e-05 0.0251224 
7.39707e-05 0.00217077 0.0123664 0.0416892 0.936936 2.9307e-08 0.00676407 
0.0454692 0.0815226 0.00255917 0.164884 0.280052 0.000622255 0.424891 
0.000609665 0.000244612 0.0928001 0.0378824 0.759708 4.28529e-05 0.108712 
0.00401136 0.0602263 0.0110312 0.0370849 0.885769 3.06111e-05 0.00184711 
0.810392 0.0219676 0.000325444 0.11921 0.0478732 4.0931e-05 0.000191 
3.69022e-06 5.69464e-05 0.417955 0.478315 0.0962133 3.37064e-06 0.00745268 
0.00821423 0.0458283 0.161794 0.182688 0.430136 0.000160386 0.171179 
0.00018767 0.833058 0.00214573 0.0918138 0.0175146 0.000107082 0.0551731 
0.000135168 0.00753647 0.228975 0.014094 0.732312 4.63444e-05 0.016901 
0.4308 0.0207194 0.0407233 0.327988 0.123776 2.76163e-05 0.0559656 
4.20673e-08 1.08311e-05 0.0744803 0.0569188 0.0183681 1.84468e-08 0.850222 
0.264141 0.076303 0.0436462 0.186811 0.425349 2.95938e-05 0.00372021 
0.000591216 0.0302712 0.189588 0.107789 0.625145 0.000338292 0.0462771 
0.176846 0.0274276 0.00504061 0.397512 0.357212 2.77786e-05 0.035935 
0.548452 0.000498349 0.000498382 0.449056 0.000498413 0.000498304 0.00049838 
0.0002188 0.0691062 0.0211193 0.229666 0.20772 3.15323e-05 0.472138 
0.000162652 0.0196692 0.3149 0.0118823 0.647784 1.91439e-05 0.0055834 
0.0984385 0.045902 0.0331804 0.812515 0.00986385 1.76791e-06 9.87633e-05 
0.0893887 0.00877332 0.00495697 0.852453 0.0135991 6.00911e-07 0.0308287 
0.0286162 0.079263 0.0614885 0.414304 0.4095 1.56766e-05 0.00681281 
0.0010856 0.00647738 0.0729126 0.0553901 0.413142 0.000234247 0.450758 
0.000416216 0.0427984 0.0248868 0.214775 0.547234 0.000194566 0.169695 
0.00947244 0.0113042 0.130392 0.0787725 0.432685 0.00382665 0.333547 
0.0163229 0.00268877 0.0281669 0.0193652 0.123184 0.00229872 0.807974 
0.0139386 0.0032485 0.334087 0.13115 0.509645 0.00163686 0.00629442 
0.721608 0.0119097 0.0250562 0.0989259 0.132072 5.44652e-06 0.0104231 
0.0140398 0.0557818 0.140783 0.0664586 0.649971 0.000259754 0.072706 
0.000456105 0.00261831 0.0861454 0.0141124 0.889838 1.13779e-06 0.00682896 
0.00256307 0.00174402 0.0196372 0.034417 0.938191 7.97263e-05 0.00336814 
0.000718579 0.00282529 0.00439963 0.0759 0.915086 2.28619e-05 0.00104783 
0.00032585 0.0167308 0.0877543 0.125113 0.709108 0.000312599 0.0606557 
0.0028772 0.00792543 0.0561098 0.144175 0.111465 3.81172e-06 0.677444 
0.018452 0.00556189 0.197614 0.0820461 0.682898 0.000386742 0.0130412 
0.00265979 0.207706 0.0113987 0.613902 0.106094 0.000206647 0.0580335 
0.145758 0.0221082 0.106399 0.212879 0.09369 0.00094845 0.418217 
0.210187 0.128875 0.000203489 0.466579 0.141917 6.826e-05 0.0521695 
0.000546056 0.268938 0.0116442 0.0574274 0.624879 6.14852e-05 0.0365038 
7.65751e-06 9.79441e-05 0.0079763 0.691315 0.290219 7.44654e-06 0.0103771 
0.0228514 0.0495353 0.0344007 0.650661 0.202114 0.00114619 0.0392913 
0.000383089 0.0129941 0.120947 0.0777253 0.714122 0.000205606 0.0736236 
0.057529 0.00215487 0.00310238 0.854648 0.0323708 9.3309e-08 0.0501949 
0.000601822 0.731224 0.0147148 0.113584 0.0538302 0.000116936 0.0859284 
0.0202413 0.0351572 0.0102483 0.244251 0.625921 7.95537e-05 0.0641014 
0.00664123 0.00338358 0.438936 0.0347119 0.513307 0.00101351 0.00200664 
0.000228487 0.0204988 0.437112 0.0155874 0.518241 2.80565e-09 0.0083324 
0.000507061 0.143066 0.627576 0.0157603 0.212608 2.30727e-05 0.000460121 
0.0119561 0.00633169 0.0433834 0.054691 0.771724 0.000101578 0.111812 
9.63289e-06 5.8842e-05 0.00576822 0.752751 0.231233 4.4962e-06 0.0101754 
3.71217e-05 0.0186808 0.0514937 0.259047 0.0250011 1.02072e-05 0.64573 
0.0557044 0.00541089 0.121949 0.39238 0.390875 0.00268089 0.0309999 
0.0101925 0.00390954 0.0298233 0.345441 0.404864 0.000542504 0.205227 
0.0266093 0.00881058 0.075431 0.103442 0.693694 0.00024983 0.0917629 
1.34059e-05 0.00048001 0.00223336 0.0195708 0.0731951 1.25092e-05 0.904495 
0.00215006 0.000284635 0.0244839 0.0459987 0.921032 6.76491e-05 0.00598288 
0.00256307 0.00174402 0.0196372 0.034417 0.938191 7.97263e-05 0.00336814 
0.131926 0.098857 0.0233812 0.596666 0.0704809 0.000357603 0.0783317 
8.277e-05 5.14745e-05 0.0523678 0.0162201 0.729304 2.20914e-05 0.201952 
8.64095e-06 0.000119561 0.013815 0.952425 0.0248082 2.16175e-08 0.0088233 
0.810392 0.0219676 0.000325444 0.11921 0.0478732 4.0931e-05 0.000191 
0.00495316 0.00245791 0.0185736 0.232444 0.633635 3.24607e-05 0.107903 
0.000142369 0.000152153 0.0929592 0.198848 0.67818 8.56739e-05 0.0296323 
0.721608 0.0119097 0.0250562 0.0989259 0.132072 5.44652e-06 0.0104231 
0.00764717 0.0186705 0.318956 0.0371648 0.32832 0.000704089 0.288537 
0.00194661 0.0353835 0.00902408 0.0777412 0.875673 5.50215e-05 0.000176304 
0.00995406 0.0113613 0.00877764 0.0440522 0.916161 0.000224487 0.00946958 
6.76607e-05 0.0164908 0.0601917 0.0315103 0.888769 6.0214e-05 0.00291071 
0.000666052 0.0363689 0.00632323 0.841189 0.110603 2.9398e-06 0.0048472 
1.75019e-08 5.77165e-05 0.00990128 0.119191 0.865461 4.29374e-12 0.0053891 
0.0385606 0.00017861 0.00324313 0.284629 0.670474 4.40948e-05 0.00286988 
0.00133697 0.0251714 0.0525823 0.323761 0.551433 0.000739107 0.0449762 
0.000435133 0.00470858 0.0474405 0.044713 0.881497 4.63998e-05 0.0211591 
0.0163477 0.00689569 0.0446906 0.0537679 0.859036 0.00292738 0.0163347 
9.56108e-05 0.00281077 0.00113159 0.106903 0.151639 1.46026e-05 0.737405 
3.96334e-05 0.0676946 0.0219554 0.77176 0.135058 2.83368e-07 0.00349182 
7.56851e-05 7.81914e-05 0.096889 0.285301 0.374326 1.50689e-06 0.243329 
9.14633e-05 0.0215665 0.366355 0.0172057 0.568106 2.32053e-05 0.0266517 
0.000157637 0.000423037 0.0372682 0.0137929 0.933958 3.45298e-05 0.0143656 
3.86681e-05 0.00979385 0.228944 0.21268 0.35454 2.13085e-05 0.193982 
0.612755 0.0244087 0.00797371 0.186661 0.162272 0.000180632 0.00574976 
0.000807891 0.00793392 0.0477283 0.1619 0.689933 2.41614e-05 0.0916724 
0.000277285 0.00717288 0.0414371 0.157032 0.394472 9.40898e-06 0.399599 
0.000360978 0.0151443 0.013108 0.0247164 0.904941 1.6872e-05 0.041712 
0.000661138 0.811834 0.00317854 0.141485 0.0413495 4.69883e-05 0.00144447 
0.000428107 0.0458692 0.0759624 0.177941 0.53035 0.000127689 0.169322 
0.00030014 0.104541 0.229183 0.00559718 0.146154 9.51463e-05 0.51413 
0.721608 0.0119097 0.0250562 0.0989259 0.132072 5.44652e-06 0.0104231 
9.45799e-07 0.000821477 0.304587 0.137711 0.459359 1.70676e-07 0.0975204 
0.00180499 0.000246748 0.391928 0.132411 0.460795 0.000146803 0.0126673 
0.00654118 0.0142142 0.0898449 0.0471334 0.780701 0.00207122 0.0594937 
0.000536994 0.0326638 0.169737 0.159038 0.351415 0.000229818 0.28638 
0.00874893 0.0148035 0.0262624 0.186513 0.754424 4.90442e-05 0.00919898 
0.00560192 0.00988968 0.000668633 0.269956 0.310997 7.36699e-06 0.402879 
0.0016969 0.00015433 0.0208814 0.0117452 0.958691 6.43791e-05 0.0067665 
0.000231442 0.0214835 0.0636589 0.0266678 0.74809 3.45824e-05 0.139834 
0.00262924 0.018621 0.112219 0.190763 0.439113 9.87983e-05 0.236556 
0.00753107 0.0148766 7.51963e-05 0.966339 0.0110598 2.38965e-06 0.00011611 
0.00811857 0.00571732 0.105959 0.79447 0.0613791 6.94495e-06 0.0243494 
8.67664e-06 0.0425847 0.00187345 0.951161 0.00186992 1.25184e-10 0.00250271 
0.225208 0.0458565 0.00651846 0.526267 0.108613 0.000138709 0.0873975 
0.000156249 0.031408 0.068686 0.359437 0.340465 1.13645e-05 0.199836 
0.0071021 0.18067 0.239746 0.0522448 0.478671 0.00377042 0.0377954 
4.77599e-06 2.3891e-08 0.00542215 0.0636893 0.927736 2.04619e-09 0.00314801 
0.00246997 0.000838224 0.133676 0.275534 0.322793 7.13492e-05 0.264616 
0.00106825 5.26416e-05 0.101506 0.195973 0.121847 3.30898e-05 0.57952 
0.000462155 0.00305354 0.0268001 0.0325695 0.915884 3.09732e-05 0.0211999 
0.00133389 0.0788226 0.0388876 0.16475 0.514241 0.0005646 0.201401 
0.00137325 0.00122247 0.0200618 0.0370188 0.938146 4.27272e-05 0.00213548 
0.0798399 0.0093421 0.132907 0.122238 0.305664 0.000553018 0.349457 
0.00256307 0.00174402 0.0196372 0.034417 0.938191 7.97263e-05 0.00336814 
0.010674 0.00592538 0.122326 0.0755445 0.291745 1.96813e-05 0.493765 
0.0101548 0.0169418 0.819006 0.0109124 0.137682 1.85321e-05 0.00528407 
0.00303897 0.00718624 0.264003 0.0490705 0.237428 0.00095003 0.438323 
0.0115848 0.0336294 0.026491 0.760655 0.125275 0.000617302 0.0417476 
0.0021093 0.0189811 0.040418 0.292665 0.626703 0.000440855 0.0186828 
0.000178492 0.0709172 0.0696033 0.103414 0.723514 1.88677e-05 0.0323539 
0.000507061 0.143066 0.627576 0.0157603 0.212608 2.30727e-05 0.000460121 
0.000213874 0.000318261 0.0020914 0.0948331 0.0121258 7.70161e-09 0.890418 
0.000286168 2.55916e-06 0.133885 0.355528 0.158785 6.25253e-08 0.351513 
0.00118373 0.0179884 0.00657771 0.0472832 0.886606 8.57314e-05 0.0402749 
0.000279121 0.000245554 0.10911 0.302005 0.543062 1.43858e-05 0.0452827 
0.0613733 0.00069491 0.0030651 0.190599 0.730125 6.7034e-05 0.0140763 
0.000177333 0.0561873 0.147961 0.345812 0.303438 2.45848e-05 0.1464 
0.0784842 0.00124536 0.0208781 0.0706722 0.792867 0.000881363 0.034972 
0.00188545 0.00779664 0.627954 0.0254898 0.307734 0.000510673 0.0286297 
0.000618409 0.00139112 0.226341 0.0433766 0.653316 1.12871e-05 0.0749458 
0.117539 0.0341271 0.0299549 0.0847378 0.729242 5.23806e-05 0.00434727 
0.00359889 0.0249514 0.115139 0.114221 0.705019 0.00355068 0.0335198 
0.00220125 0.00186218 0.00433082 0.072907 0.918383 1.54714e-05 0.000300462 
0.000739222 0.00235837 0.131184 0.0432116 0.723701 0.000170722 0.0986345 
0.000804626 0.00406256 0.000102778 0.0421731 0.0139186 5.29654e-05 0.938885 
0.0241669 0.00022659 0.011633 0.0164268 0.947194 8.59753e-05 0.000266901 
0.00251963 0.0423431 0.0751572 0.33229 0.226825 0.000258067 0.320607 
0.00105957 0.00552917 0.0339113 0.0942643 0.828006 9.05969e-06 0.0372203 
0.0153208 0.0131221 0.0588555 0.157675 0.141121 0.00349115 0.610415 
0.00158569 0.00232678 0.0473546 0.389648 0.515437 1.96056e-05 0.0436275 
2.46887e-06 8.29815e-07 0.039106 0.397061 0.0926311 1.30861e-07 0.471199 
1.22037e-06 0.0195527 2.21413e-05 0.359881 0.471543 4.33428e-07 0.149 
8.03254e-09 0.000628666 0.0164675 0.0087417 0.972756 1.50993e-09 0.00140636 
2.70693e-07 1.16504e-06 0.0789482 0.0361723 0.0321138 1.70616e-07 0.852764 
0.00116183 0.00429355 0.0439291 0.0731233 0.87554 0.00014193 0.00181 
0.0977406 0.00659132 0.0472623 0.167467 0.621058 0.000929143 0.0589519 
