1.34059e-05 0.00048001 0.00223336 0.0195708 0.0731951 1.25092e-05 0.904495 
7.76831e-08 0.0857817 0.170296 0.00030474 0.253294 0.000341917 0.489982 
1.15718e-06 0.000714224 9.84109e-06 0.00300281 5.12996e-09 0.000550056 0.995722 
0.000207269 0.00264301 0.29374 0.00319522 0.308895 4.74977e-05 0.391271 
0.279723 1.3585e-06 0.000143147 0.161197 0.0175275 0.00019834 0.54121 
0.0370311 0.0155158 0.111248 0.245542 0.0824231 0.000333794 0.507907 
1.43604e-08 6.26919e-07 9.61218e-07 9.74774e-05 6.59732e-12 0.00056869 0.999332 
7.22618e-06 0.0107633 0.287601 0.000236884 0.257507 0.00314312 0.440742 
2.29693e-07 7.93322e-05 0.316641 0.0102443 0.195401 0.00885187 0.468782 
0.00043601 0.00975448 0.0816302 0.0232403 0.214272 0.0264121 0.644255 
0.000189943 0.0501019 0.0630727 0.0534735 0.304674 0.0528212 0.475667 
0.00175463 0.00464208 0.133223 0.0299526 0.256736 0.171814 0.401877 
0.0477489 0.00114055 0.104094 0.0108347 0.11892 0.118201 0.599061 
0.000103269 0.0161417 0.103392 0.0294558 0.41308 6.79662e-05 0.43776 
0.00070608 0.10693 0.118862 0.028926 0.247866 0.000297623 0.496413 
2.98551e-05 0.00215507 0.0544675 0.0703948 0.109095 0.0409184 0.722939 
0.283531 0.00603756 0.0353471 0.140163 0.194513 0.0080696 0.332339 
0.000648818 1.45725e-07 0.00325933 0.000881577 0.00336604 0.0078105 0.984034 
0.055724 0.0122119 0.0446171 0.268376 0.0823237 0.000773853 0.535974 
0.00125484 0.014312 0.035414 0.418011 0.112306 0.000181598 0.41852 
0.00322575 0.000231134 0.165621 0.102207 0.361643 0.000822653 0.36625 
0.000571642 2.09985e-05 0.0105794 0.201011 0.149911 0.000449864 0.637456 
0.000204106 0.00664995 0.105097 0.0815258 0.349958 0.0501535 0.406411 
0.135596 0.0305538 0.00499853 0.0699241 0.229019 0.00273748 0.527171 
1.10488e-07 0.000213866 0.00104599 0.023327 0.0670359 8.0956e-06 0.908369 
0.0441168 0.234873 0.00750551 0.0306713 0.0196003 0.000214262 0.663019 
8.1362e-10 1.00153e-05 0.000889902 3.03018e-06 0.00951029 0.00308967 0.986497 
1.47594e-07 0.137443 0.0691916 0.00606152 0.158319 6.33339e-06 0.628978 
0.0963687 0.138451 0.0119236 0.0972975 0.239962 0.00107821 0.414919 
0.0115798 0.042974 0.0845257 0.144999 0.245176 0.00139421 0.469351 
0.000830927 0.0157923 0.244571 0.188675 0.182911 0.00417026 0.363049 
1.84663e-07 4.21213e-05 0.0507431 1.32067e-05 0.402629 0.0125481 0.534025 
0.00124363 0.00561424 0.0058541 0.131398 0.353562 0.00177769 0.50055 
0.00017914 8.02629e-05 0.0259678 0.140118 0.186204 0.000852848 0.646599 
5.787e-05 9.26515e-05 0.0196409 0.0602488 0.161878 0.358046 0.400036 
0.0627869 0.0342377 0.0165605 0.22983 0.123618 0.0004669 0.532501 
0.0070291 0.00263506 0.275952 0.0872724 0.254071 0.000272168 0.372768 
0.00880457 0.0675157 0.00506377 0.101395 0.302888 0.0549544 0.459378 
0.000538758 0.0189144 0.00180407 0.118377 0.0730838 0.393454 0.393828 
1.38586e-07 4.49872e-05 7.9093e-05 0.000194391 0.000186819 3.70621e-05 0.999458 
0.000355799 0.00016608 0.00542506 0.0128393 0.0628575 0.0018292 0.916527 
0.0170156 0.0761025 0.0297153 0.21009 0.282402 0.000611437 0.384063 
0.00268833 0.0111353 0.0261247 0.0526511 0.338624 0.00889106 0.559885 
0.00188071 0.0047051 0.136524 0.152861 0.33696 0.0100119 0.357057 
0.000104269 0.00354142 0.154579 0.000185521 0.141705 0.0243686 0.675516 
4.54209e-05 0.0106005 0.0996969 0.12911 0.355688 0.000549778 0.40431 
0.0200691 0.000162195 0.0467142 0.0458824 0.288735 0.254715 0.343722 
0.00255882 4.16676e-05 0.0368009 0.0379564 0.118523 0.0206502 0.783469 
0.000884397 3.99577e-05 0.0200771 0.074708 0.129662 0.000329587 0.774299 
2.85058e-05 0.00371905 8.30392e-05 0.0378581 0.19352 3.66898e-05 0.764755 
0.00472858 0.000949713 0.0941213 0.272712 0.12376 0.000124883 0.503603 
2.88624e-05 0.169183 0.0146687 0.0229097 0.0909234 0.000362295 0.701924 
0.000182052 0.00287028 0.0112383 0.0377128 0.00497528 1.20062e-06 0.94302 
0.000497238 7.66732e-06 0.0614621 0.014431 0.101012 0.00151162 0.821078 
0.00446202 0.140022 0.0269131 0.184821 0.0369895 0.00568836 0.601104 
0.0018405 0.00654809 0.133364 0.0465349 0.145816 0.104096 0.561801 
6.53046e-05 0.00100243 0.158511 0.0413615 0.0427526 0.0580474 0.69826 
5.06371e-06 9.85317e-06 0.106428 0.0727279 0.168614 0.00055145 0.651664 
0.0461863 0.0148481 0.0499779 0.0215748 0.281278 0.0347721 0.551363 
2.06561e-09 5.7722e-10 1.21432e-05 3.53201e-06 0.000159809 3.98634e-06 0.999821 
1.14246e-08 0.0454548 0.16421 0.00116896 0.216977 0.0508306 0.521359 
0.00306323 1.73802e-05 0.0425573 0.00432143 0.253983 2.85036e-05 0.696029 
0.000791369 0.0247556 0.063775 0.151025 0.153768 0.00361337 0.602272 
0.00023546 0.000743838 0.122845 0.0418074 0.330564 0.0205324 0.483271 
5.5429e-06 0.000985284 0.252994 0.0642469 0.111151 6.08158e-05 0.570557 
0.0464 0.013663 0.00456945 0.0817771 0.0579853 0.00419656 0.791409 
8.73231e-05 0.000145104 0.0807011 0.090535 0.0996216 0.000132872 0.728777 
6.55947e-05 0.00584198 0.218036 0.0616907 0.178843 0.00109961 0.534424 
0.0184012 5.57676e-06 5.57713e-06 0.0195262 0.0195267 0.0552104 0.887324 
0.0115848 0.00846845 0.171461 0.00175208 0.0235253 0.031292 0.751917 
0.000826659 0.00661656 0.139766 0.0676645 0.126575 0.000352842 0.658198 
0.156746 3.49097e-05 0.108846 0.241127 0.18324 3.66985e-05 0.30997 
0.000445801 0.0050085 0.177315 0.18949 0.111087 0.00154321 0.51511 
1.15718e-06 0.000714224 9.84109e-06 0.00300281 5.12996e-09 0.000550056 0.995722 
1.00894e-09 2.25976e-08 0.049569 0.000235915 0.0103726 1.5684e-09 0.939822 
2.30066e-07 0.105148 0.0252295 0.0773924 0.0438595 0.00471433 0.743656 
0.00595515 0.00151296 0.0941058 0.0433398 0.412261 3.44393e-05 0.442791 
0.0355306 0.00870614 0.00433482 0.139924 0.0930844 0.000108061 0.718312 
0.000107804 8.75602e-05 0.00165028 0.0210556 0.192155 0.000223313 0.78472 
0.000895361 0.0503662 0.0499387 0.0129441 0.0815299 3.28793e-05 0.804293 
8.1362e-10 1.00153e-05 0.000889902 3.03018e-06 0.00951029 0.00308967 0.986497 
9.69254e-08 0.016372 0.107473 0.142637 0.318564 2.65605e-06 0.414951 
4.78307e-06 0.0208599 0.116326 0.0738689 0.146591 0.00652085 0.635829 
0.0347855 0.0218385 0.0641114 0.186579 0.0702359 0.00175742 0.620692 
3.8031e-08 4.2952e-06 0.00685299 0.000238662 0.0204283 2.46467e-07 0.972475 
1.09332e-05 2.89226e-06 0.0126028 0.20497 0.212048 1.26443e-10 0.570365 
0.00350536 0.000712316 0.00194715 0.241989 0.27549 8.30721e-08 0.476356 
0.00778031 0.00871182 0.138335 0.193174 0.303787 0.000201256 0.34801 
0.0104853 8.48334e-08 0.00854071 0.0109284 0.00140502 0.00249142 0.966149 
0.000164741 1.39601e-07 0.351469 0.176346 0.104171 2.78528e-05 0.367821 
0.00030937 0.00154286 0.0305578 0.142892 0.224768 0.000220017 0.59971 
0.135596 0.0305538 0.00499853 0.0699241 0.229019 0.00273748 0.527171 
9.13667e-08 2.55318e-08 0.00259106 0.186591 0.0675866 8.56046e-06 0.743223 
0.00126738 0.0228888 0.040069 0.121532 0.329624 0.00724632 0.477373 
2.20628e-06 0.0823706 0.0841044 0.168691 0.23289 1.41407e-05 0.431928 
0.00441652 0.0673293 0.0194013 0.167064 0.122962 0.000108207 0.618719 
0.00078219 0.0183797 0.00514456 0.322912 0.0801262 0.000940789 0.571715 
4.35966e-06 2.29959e-06 0.00844571 0.00230415 0.294701 7.9332e-06 0.694535 
0.000555766 0.00117147 0.0885873 0.0475542 0.109658 0.000428762 0.752045 
5.86958e-05 0.000498591 0.0100826 0.0739117 0.081948 4.26861e-09 0.8335 
1.49619e-06 4.07899e-06 0.0179343 0.0186914 0.0362764 2.61318e-06 0.92709 
0.000249881 0.01682 0.0698092 0.138403 0.210709 0.00367417 0.560335 
0.00247427 4.64362e-06 0.000160163 0.0567991 0.0145222 0.000200241 0.925839 
0.00671441 0.0691393 0.011776 0.196545 0.197695 8.66031e-05 0.518044 
0.00258135 1.5048e-06 0.000312063 0.000458139 0.000832118 0.000323665 0.995491 
2.61508e-06 2.61617e-06 0.15646 0.0531162 0.236273 0.000787394 0.553358 
0.0208079 4.78476e-05 0.0036014 0.190301 0.107459 0.000268954 0.677514 
0.0155385 0.0351637 0.0204561 0.230622 0.33133 6.66954e-05 0.366823 
0.00187478 8.04256e-06 7.67929e-06 0.0412528 0.0223172 0.00219199 0.932347 
7.83357e-06 0.00287042 0.0488496 0.10033 0.0665994 0.000852179 0.78049 
4.1015e-07 3.18282e-11 0.146545 0.394974 0.0522987 2.94728e-07 0.406181 
0.000287045 0.000801679 0.214057 0.0159092 0.269298 0.0143401 0.485307 
5.49541e-05 0.00276522 0.0107756 0.0523754 0.426827 0.000555491 0.506647 
0.00221759 0.0125321 0.0383707 0.0468647 0.107257 0.000227153 0.792531 
0.00261914 0.00510059 0.0038029 0.378352 0.12668 6.60898e-08 0.483446 
4.11805e-07 4.54736e-06 0.0365652 0.0175182 0.14026 0.0032652 0.802386 
0.00233453 0.0404052 0.036218 0.107173 0.329308 0.0273463 0.457214 
0.104567 0.000302727 0.0448037 0.0276174 0.127933 0.0875074 0.607269 
0.0591732 0.00151491 0.0134348 0.0290786 0.0694379 0.23337 0.59399 
0.127807 0.00625899 0.0471275 0.0527961 0.126673 0.287501 0.351836 
6.24593e-06 0.0331277 0.00189088 0.00950061 0.0218316 0.219314 0.714329 
0.00866328 0.0102235 0.111665 0.282986 0.257961 0.0103784 0.318123 
7.1078e-06 0.00930093 0.000539859 0.00415123 0.00530311 0.0778599 0.902838 
0.0548912 0.00330321 0.067295 0.0425955 0.195666 0.0984034 0.537846 
0.000104145 0.000228052 0.177458 0.0708274 0.0811642 0.00106974 0.669148 
8.42313e-06 0.000270083 0.017537 0.105402 0.0633965 0.000120694 0.813265 
6.73442e-05 0.000251949 0.0163108 0.0768034 0.217955 2.41396e-05 0.688588 
0.00350536 0.000712316 0.00194715 0.241989 0.27549 8.30721e-08 0.476356 
0.000214188 0.00357244 0.0494548 0.167657 0.0827591 0.0127377 0.683605 
2.29693e-07 7.93322e-05 0.316641 0.0102443 0.195401 0.00885187 0.468782 
0.00077397 0.0195094 0.158673 0.070359 0.194303 0.0426445 0.513736 
0.135596 0.0305538 0.00499853 0.0699241 0.229019 0.00273748 0.527171 
0.00951818 0.00265799 0.0172421 0.246224 0.273515 0.00446012 0.446383 
3.93079e-05 2.1221e-05 0.0833138 0.187158 0.108709 0.000100431 0.620658 
2.70344e-09 0.0383925 0.372722 0.00096985 0.13321 0.000343317 0.454363 
0.0178362 0.0863801 0.014153 0.142895 0.181013 0.000407813 0.557314 
6.24593e-06 0.0331277 0.00189088 0.00950061 0.0218316 0.219314 0.714329 
0.14312 0.00247046 0.0161612 0.28638 0.217518 2.84993e-06 0.334347 
2.9088e-06 5.2102e-11 0.000361574 0.288772 0.00192263 4.82462e-07 0.70894 
0.00439228 0.00201443 0.0142519 0.0986159 0.10656 1.49887e-06 0.774164 
4.91777e-06 0.000324934 0.0188383 0.0897528 0.239497 0.239083 0.412499 
0.0287474 2.44938e-10 0.241019 0.214147 0.214667 4.34366e-06 0.301416 
0.00367604 0.00545368 0.0407393 0.0346103 0.267985 0.0306794 0.616856 
0.00592337 0.0730192 0.0911469 0.124102 0.247856 0.000681389 0.457271 
5.07447e-06 0.00124273 0.198221 0.000227522 0.139943 1.43613e-05 0.660346 
4.34657e-05 0.0122768 0.0584736 0.0963482 0.133122 0.0089167 0.690819 
0.000202886 0.000708284 0.166631 0.355276 0.0777492 1.36116e-05 0.399418 
7.57651e-06 0.0202144 0.0310976 0.00913038 0.132385 0.000175241 0.80699 
0.0043162 2.31398e-05 0.0986558 0.258847 0.115685 0.0485412 0.473932 
5.14266e-10 1.43708e-10 1.65621e-05 0.14642 0.0597899 0.002938 0.790836 
0.000121991 0.000515163 0.0121241 0.0746433 0.109543 4.33205e-06 0.803048 
0.00262535 0.00589066 0.0678601 0.0961319 0.20953 8.5357e-05 0.617877 
8.02541e-05 0.00413477 0.0086698 0.262132 0.0785069 0.00246837 0.644007 
0.0404545 3.23234e-05 0.00126335 0.0162435 0.0498448 0.351307 0.540855 
1.59927e-08 4.46905e-09 2.70935e-09 0.189142 0.302106 1.61367e-05 0.508736 
1.91011e-05 0.000379942 0.00324015 0.0898172 0.133662 0.000136304 0.772746 
5.86023e-05 0.026264 0.0308991 0.137738 0.146292 0.000257769 0.658491 
3.10041e-05 3.55002e-05 0.0269202 0.00422974 0.225175 0.0270222 0.716587 
0.000974926 0.00276058 0.0397573 0.387528 0.17594 5.3338e-05 0.392986 
0.000114846 7.81881e-10 0.00218112 0.0368862 0.235812 0.000284557 0.724722 
8.77115e-06 4.51284e-05 0.00329532 0.0120847 0.0615811 0.000702922 0.922282 
0.293553 8.02397e-05 0.000192033 0.0140568 0.0101855 8.41782e-05 0.681849 
0.160294 9.91028e-06 0.109397 0.177349 0.239445 0.00126607 0.31224 
0.00133672 2.44743e-08 0.150349 0.00130459 0.415268 9.76121e-07 0.43174 
0.0109993 0.00379159 0.0240047 0.0556513 0.158164 0.000204517 0.747185 
0.00235343 0.08592 0.0183038 0.110887 0.00576808 0.000227829 0.77654 
0.0135516 0.000168334 0.0220808 0.0269032 0.14817 0.0725642 0.716562 
0.0292753 0.00330763 0.00188172 0.122354 0.0111996 0.000125137 0.831856 
0.000995012 0.0206294 0.160579 0.033871 0.310516 0.0756307 0.397779 
0.000389892 0.0050157 0.211259 0.0154981 0.126969 1.90549e-05 0.64085 
1.52626e-11 0.0999103 1.29415e-05 0.000136081 0.195293 8.09072e-05 0.704566 
0.00196949 0.0635509 0.0173844 0.0280237 0.0493933 0.00460584 0.835072 
1.15718e-06 0.000714224 9.84109e-06 0.00300281 5.12996e-09 0.000550056 0.995722 
1.98441e-06 6.52313e-11 3.95464e-11 0.348803 7.59691e-07 1.02362e-10 0.651194 
2.07376e-05 0.0502645 0.0124637 0.102637 0.0636337 0.101196 0.669785 
0.0111907 0.0449339 0.0572188 0.241699 0.139007 0.000531952 0.505419 
0.00310934 0.0597641 0.00518047 0.110993 0.149491 0.000288435 0.671173 
0.00104782 0.000425664 0.00982817 0.0248869 0.0837597 0.000114075 0.879938 
2.09139e-06 2.08331e-06 0.0885644 0.00997489 0.0894269 1.19874e-07 0.81203 
0.000154009 0.0141652 0.0495714 0.15886 0.250328 0.000796573 0.526124 
0.0646528 0.00147491 0.000964932 0.396099 0.119642 0.000372112 0.416794 
0.0847638 0.000402554 0.0309326 0.0643507 0.206227 0.109857 0.503466 
5.74535e-06 3.30656e-06 0.0152092 0.00284507 0.365516 1.8869e-05 0.616401 
0.000983807 0.00290755 0.272908 0.0944047 0.285258 0.037117 0.306421 
0.023956 0.0090854 0.0179232 0.151016 0.354979 0.000175799 0.442865 
0.0344879 0.000256636 0.180791 0.219129 0.195796 0.000531658 0.369007 
8.92122e-05 0.00965173 0.000860349 0.143681 0.241889 9.90037e-06 0.603819 
5.64804e-10 0.000232738 0.188978 6.73148e-06 0.321494 0.0227949 0.466494 
2.15307e-07 0.0162619 0.0101495 0.0436728 0.260885 5.69561e-05 0.668974 
0.222128 0.0104005 0.00349516 0.138017 0.061355 0.00178197 0.562822 
0.00338503 0.00382148 0.0334346 0.244432 0.297026 0.00112694 0.416774 
0.00205171 0.0469872 0.00842365 0.0540817 0.163632 0.00322783 0.721596 
0.295939 0.0445753 0.000229617 0.272017 0.0322886 0.000660093 0.354291 
0.0274478 0.000326414 0.185826 0.0559771 0.155483 3.46237e-05 0.574905 
0.0021539 0.0171786 0.00196989 0.0826961 0.0832154 0.025066 0.78772 
0.00508156 0.00331105 0.0628667 0.16279 0.11688 1.44288e-05 0.649056 
8.1362e-10 1.00153e-05 0.000889902 3.03018e-06 0.00951029 0.00308967 0.986497 
0.0040146 0.000298001 0.00145254 0.196253 0.153562 0.000969501 0.643451 
0.000140883 0.0401425 0.0959502 0.0962556 0.145356 7.1244e-05 0.622084 
6.94643e-08 7.38819e-08 0.00156202 0.0197731 0.0568295 0.00136542 0.92047 
0.00922438 6.91058e-06 0.00671877 0.237322 0.031004 5.81906e-05 0.715666 
0.000561036 0.00579998 0.0576815 0.0789348 0.0679707 0.000457961 0.788594 
0.000125231 0.00036763 0.238911 0.0161745 0.29678 0.0296835 0.417959 
7.14452e-10 5.29835e-06 0.0104292 0.000582494 0.091502 0.000336062 0.897145 
0.0542882 0.05694 0.0159007 0.0772979 0.329942 0.00643627 0.459195 
8.92549e-05 0.000586132 0.114899 0.191935 0.13843 0.000272181 0.553789 
8.3177e-06 1.12529e-05 0.00832697 0.00809228 0.202891 9.26727e-05 0.780577 
0.00997356 9.92216e-05 0.000175548 4.34746e-05 0.12181 0.00774474 0.860154 
2.53137e-05 0.000607577 0.134798 0.0545028 0.0337266 0.00186275 0.774477 
0.000804677 1.42192e-11 0.00155226 0.000132721 0.00199662 0.103074 0.892439 
1.04576e-06 0.000372326 0.184059 0.00184835 0.0405968 0.0155808 0.757541 
0.0254196 0.000107107 0.142994 0.18193 0.284315 0.00367038 0.361564 
2.81973e-08 0.001017 0.0705736 0.0357773 0.136782 3.71701e-08 0.75585 
0.00641728 0.000761047 0.147092 9.11958e-05 0.023412 0.00352712 0.8187 
0.0200691 0.000162195 0.0467142 0.0458824 0.288735 0.254715 0.343722 
0.0211738 0.00015135 0.0632107 0.135204 0.236056 0.00128768 0.542916 
0.0187367 0.000369018 0.00161396 0.119785 0.243621 8.05271e-05 0.615793 
1.53506e-05 0.0357709 0.00496016 0.242199 0.042466 0.00217119 0.672417 
0.0866888 0.0688088 0.033484 0.175461 0.106175 0.0417638 0.487618 
0.000183897 0.000869434 0.00217612 0.0261276 0.0276051 2.03482e-05 0.943018 
0.137744 0.0472972 0.00570464 0.254677 0.115396 0.00257298 0.436608 
0.0271002 0.0276282 0.0180971 0.233089 0.338983 0.000810918 0.354291 
2.83713e-05 0.0819649 0.0238996 0.146653 0.0635878 0.000399165 0.683467 
6.79021e-08 1.89747e-08 0.00101921 8.84274e-05 0.000795526 0.000139975 0.997957 
0.0014084 0.00916873 0.00407334 0.204989 0.120232 0.000163794 0.659965 
0.0511179 0.000317039 0.00424447 0.389879 0.0557668 0.00114646 0.497528 
0.00124234 0.00604898 0.0176832 0.0288367 0.30105 0.000143476 0.644995 
6.07643e-06 0.000204835 0.0231216 0.000282038 0.216901 0.000138566 0.759346 
0.0482785 4.43451e-05 0.000464432 0.0374199 0.0247525 0.00620696 0.882833 
0.135596 0.0305538 0.00499853 0.0699241 0.229019 0.00273748 0.527171 
0.00043207 0.00209979 0.00161892 0.049836 0.0206968 0.000157743 0.925159 
0.0499604 0.000164532 0.181438 0.0806418 0.196524 5.36308e-07 0.491271 
0.000159175 0.00672064 0.0208994 0.0782471 0.100097 0.00321361 0.790663 
8.72594e-05 0.000438789 0.0162858 0.0768978 0.121132 2.34492e-05 0.785135 
0.000804677 1.42192e-11 0.00155226 0.000132721 0.00199662 0.103074 0.892439 
2.21138e-05 0.119545 0.329464 0.0163522 0.0764015 0.0086396 0.449575 
6.24593e-06 0.0331277 0.00189088 0.00950061 0.0218316 0.219314 0.714329 
0.0475635 0.0723423 0.0533763 0.0927021 0.196003 0.00190804 0.536105 
0.000803848 0.00102453 0.00569051 0.121203 0.126388 0.0234052 0.721484 
0.00779502 0.0313085 0.00851669 0.328796 0.132262 0.000403673 0.490918 
0.00371966 0.00449044 0.1305 0.167377 0.0456871 0.000692775 0.647534 
0.000190109 0.0119302 0.373757 0.0590102 0.132915 7.76323e-05 0.42212 
0.00443649 0.0125016 0.0195147 0.095302 0.306618 0.00101653 0.560611 
0.00282235 0.0100045 0.0111225 0.26129 0.227737 4.30724e-05 0.486981 
0.0120661 0.0186365 0.0775946 0.259878 0.276533 2.61419e-05 0.355265 
0.0068635 0.00045288 0.0355875 0.0808941 0.0351172 7.34898e-05 0.841011 
8.68135e-05 0.0343288 0.0399441 0.062602 0.0519721 0.000544327 0.810522 
1.00791e-07 5.04577e-05 0.177208 0.0580529 0.282736 0.0962064 0.385746 
0.002578 5.88553e-06 0.00799934 0.081864 0.23377 2.15658e-06 0.67378 
3.17552e-06 0.0280328 0.0476896 0.00433275 0.236769 0.0153966 0.667776 
1.04621e-10 0.00502265 0.0319743 0.227243 0.0495594 0.00341951 0.682781 
0.00130164 0.009495 0.0109045 0.19189 0.0635593 0.00314968 0.7197 
2.29645e-05 0.0114666 0.0405888 0.0319186 0.187344 0.00749998 0.721159 
0.000146051 0.0294704 0.0191376 0.0841847 0.125433 4.2685e-05 0.741586 
3.8532e-06 0.0438467 0.0786191 0.013226 0.0742296 0.00610896 0.783966 
1.27674e-05 0.0306041 0.00426038 0.0700228 0.213812 0.000305946 0.680983 
0.0169954 0.0157245 0.0711758 0.0173088 0.228325 0.0371318 0.613338 
0.135596 0.0305538 0.00499853 0.0699241 0.229019 0.00273748 0.527171 
0.0075187 0.016746 0.0302035 0.346718 0.193529 0.00235554 0.402929 
8.35904e-13 1.00058e-05 0.00436368 0.000189346 0.27982 2.04528e-05 0.715596 
0.000514748 0.242542 0.0310801 0.159942 0.0323989 8.05882e-05 0.533441 
0.0465209 0.0110533 0.0191818 0.0594369 0.0633329 0.00130248 0.799172 
1.20052e-12 0.0127041 0.0241618 0.00399104 0.248265 0.000162873 0.710715 
0.169256 6.5063e-05 0.00289683 0.289545 0.121935 0.000422096 0.41588 
0.00144405 0.0103359 0.200508 0.0782078 0.0277704 4.32632e-06 0.68173 
0.0432041 0.00871111 0.0636078 0.159389 0.171053 0.00396345 0.550072 
6.03512e-05 0.0516709 0.175468 0.225933 0.20005 0.000122626 0.346695 
0.00123856 0.00123908 0.00123916 0.0012392 0.00123924 0.00123897 0.992566 
0.00374043 0.00267023 0.112856 0.168989 0.219085 0.00631753 0.486342 
0.000133294 0.00688854 0.00576139 0.321309 0.111573 0.00158079 0.552754 
0.001356 1.43041e-05 0.00392219 0.347287 0.0561775 0.00130971 0.589934 
6.72596e-11 0.0014911 0.00314044 0.128342 0.377903 4.15305e-08 0.489122 
0.140884 0.0191118 0.0562652 0.205572 0.259575 6.60884e-05 0.318526 
0.000106417 0.0153582 0.00885988 0.151511 0.348543 1.43036e-06 0.47562 
0.000667461 0.0264973 0.00993 0.0650172 0.196117 0.247479 0.454292 
0.000175307 0.00151819 0.13435 0.121089 0.301053 0.00421586 0.437598 
0.000181095 0.000663404 0.0470441 0.178949 0.300479 0.00445465 0.468229 
0.293553 8.02397e-05 0.000192033 0.0140568 0.0101855 8.41782e-05 0.681849 
8.08829e-06 0.000476659 0.159521 0.00204766 0.246992 0.0282065 0.562749 
0.00520877 0.00271936 0.0354397 0.0829922 0.238313 0.00269464 0.632632 
0.000748493 0.000241632 0.0461254 0.00764614 0.244684 0.018803 0.681751 
7.57574e-05 0.0453212 0.116979 0.0670065 0.185166 1.30736e-06 0.58545 
4.99728e-06 1.29499e-09 0.0144522 0.105227 0.0503894 0.000235008 0.829692 
0.00234699 0.000611349 0.00267083 0.0431665 0.112328 0.0123143 0.826562 
6.48201e-06 0.00427765 0.000448235 0.0722051 0.00986708 0.00346204 0.909733 
0.00333464 0.0189945 0.0275297 0.0266125 0.141096 2.61341e-05 0.782406 
7.37904e-05 0.00201335 0.00634045 0.0582529 0.0351966 0.00179478 0.896328 
5.73582e-07 7.45416e-06 0.041458 0.0289572 0.338783 1.5216e-05 0.590778 
0.0106182 0.00782146 0.00168852 0.324696 0.0326221 1.10767e-08 0.622554 
0.0216881 0.00244551 0.00287185 0.316107 0.0185068 0.00125728 0.637124 
5.94672e-05 0.0243229 0.138404 0.188912 0.141546 9.37953e-05 0.506661 
5.60148e-07 1.17808e-06 0.104172 0.0107966 0.00252981 4.28486e-05 0.882457 
0.000318589 0.000912249 0.123542 0.0511512 0.25241 4.16526e-06 0.571662 
6.8033e-05 0.0401864 0.0368923 0.0996665 0.375218 0.0177488 0.43022 
0.00239348 0.00841318 0.0703831 0.146857 0.0949443 0.00410395 0.672905 
0.0116413 0.00106663 0.0333596 0.286762 0.285656 0.00364299 0.377871 
1.48411e-05 0.0251584 0.0127558 0.0659222 0.083287 0.108599 0.704263 
0.0105515 0.018103 0.0672159 0.14385 0.259717 0.00940291 0.491159 
0.00368754 0.0573182 0.0119662 0.168829 0.10048 0.00433512 0.653384 
2.54652e-05 0.000837087 0.00719396 0.0829347 0.126234 0.324276 0.458499 
1.95297e-06 0.0378717 0.0987593 0.0344128 0.0845339 0.118215 0.626205 
0.0208068 3.60784e-05 0.0335244 0.0274996 0.0549614 0.0305814 0.83259 
0.000245146 2.13289e-05 0.0539295 0.0562134 0.108997 9.39547e-05 0.7805 
0.00763645 0.0858408 0.0151888 0.237617 0.240598 0.0151745 0.397945 
1.63075e-06 0.00120075 0.00570309 0.392905 0.178853 0.00787582 0.413461 
0.0134394 0.000156359 0.00857679 0.0465258 0.305535 0.00992096 0.615846 
1.08647e-07 3.03606e-08 0.162784 3.96791e-05 0.126774 1.10727e-05 0.710392 
0.00228074 0.00454125 0.00181427 0.202303 0.0127595 0.00088696 0.775415 
0.000167231 0.0262415 0.0128407 0.01899 0.128924 0.00682738 0.806009 
5.8686e-07 0.00409247 0.0154452 0.0253644 0.0180112 0.00133788 0.935748 
0.00585511 1.10582e-06 7.32368e-07 0.0980051 0.0403278 0.00138619 0.854424 
0.000510626 0.0944537 0.0308249 0.076869 0.115311 7.61176e-05 0.681955 
0.00019571 0.0130988 0.00708014 0.069266 0.136357 0.000313974 0.773689 
0.00176439 0.00155401 0.0521377 0.0605695 0.139122 0.00103783 0.743814 
0.157271 0.0851073 0.0132382 0.301479 0.0665559 0.00192387 0.374424 
0.00034772 0.000655282 0.115058 0.0030752 0.206773 0.000279705 0.673811 
4.06198e-06 1.13509e-06 0.0114078 0.0934133 0.00486785 0.001118 0.889188 
1.77897e-10 4.27064e-08 0.0475862 0.0793791 0.266568 4.01411e-05 0.606426 
0.00176898 0.0080774 0.106416 0.150906 0.165198 0.00228168 0.565352 
1.97023e-06 0.000354261 0.0518096 0.00777822 0.359881 0.000189629 0.579985 
1.29601e-08 1.47924e-05 0.0201496 0.000136473 0.485748 1.58286e-05 0.493935 
1.34059e-05 0.00048001 0.00223336 0.0195708 0.0731951 1.25092e-05 0.904495 
0.00211493 0.0185554 0.0578829 0.0899772 0.271197 0.0017924 0.55848 
0.00175786 0.0149533 0.0839113 0.173553 0.319006 0.00126323 0.405555 
0.000161278 0.000151753 0.0497014 0.182383 0.290857 0.000183212 0.476562 
1.23629e-05 0.143078 0.0888354 0.153005 0.130958 0.000379279 0.483731 
9.93998e-05 0.0168373 0.0105131 0.0251429 0.166584 0.000481632 0.780342 
0.0105111 0.0211884 0.0591186 0.118215 0.0580181 0.015686 0.717263 
0.000666309 0.0142178 0.165522 0.313119 0.0313839 0.000106495 0.474984 
0.0748241 0.00567758 0.0981909 0.0253261 0.178732 0.0577826 0.559467 
4.74273e-06 0.00330569 0.063605 0.00014678 0.235471 4.19246e-06 0.697463 
0.0125953 0.0010632 0.0128568 0.208506 0.357627 9.62344e-05 0.407256 
3.52525e-05 0.000156221 0.0487818 0.0177004 0.0876416 0.000210331 0.845474 
4.89051e-07 9.60432e-06 0.0572972 0.0040211 0.0914462 2.78731e-06 0.847223 
0.000300443 0.0156097 0.042384 0.075306 0.259938 0.00089374 0.605568 
0.00418546 0.0129913 0.0140169 0.0448331 0.164638 0.000261263 0.759074 
0.000232324 2.49955e-05 0.00872694 0.0510169 0.234147 0.000268542 0.705583 
0.0348129 0.00237226 0.000954846 0.108605 0.223842 0.000951513 0.628462 
0.000137251 0.00399781 0.265054 0.0513905 0.0872238 0.149909 0.442287 
5.23085e-06 0.000234101 0.0669509 0.127694 0.142843 0.0180961 0.644177 
0.00417244 0.0197416 0.186 0.0350773 0.313176 0.000967148 0.440865 
0.0543671 0.0444076 0.0461241 0.221922 0.30107 6.08958e-05 0.332049 
0.000304012 1.07234e-05 0.0731979 0.336949 0.0724317 0.00110703 0.516 
0.00328136 5.11598e-06 1.97495e-07 0.0982469 0.0181708 0.00180961 0.878486 
0.0149661 0.022891 0.0974928 0.26752 0.0553845 9.58509e-06 0.541736 
0.0298919 0.0118722 0.0103477 0.225019 0.282255 0.0184373 0.422177 
0.00576056 0.00213711 0.0409225 0.0929152 0.0778298 0.000871718 0.779563 
0.0131169 0.0181297 0.0629451 0.239867 0.278791 0.00303682 0.384113 
4.35966e-06 2.29959e-06 0.00844571 0.00230415 0.294701 7.9332e-06 0.694535 
0.19025 0.0144829 0.0247766 0.106281 0.31041 1.31154e-05 0.353787 
0.00898245 0.00957248 0.00104109 0.225302 0.157463 0.00183514 0.595804 
0.00260048 0.0182115 0.0593764 0.119411 0.225924 0.000153671 0.574324 
0.000267262 0.00665957 0.268328 0.15512 0.116081 0.0811814 0.372363 
0.00010485 3.147e-05 0.00126305 3.77268e-08 0.0904129 0.00224663 0.905941 
0.000804677 1.42192e-11 0.00155226 0.000132721 0.00199662 0.103074 0.892439 
1.15718e-06 0.000714224 9.84109e-06 0.00300281 5.12996e-09 0.000550056 0.995722 
1.15718e-06 0.000714224 9.84109e-06 0.00300281 5.12996e-09 0.000550056 0.995722 
0.000804677 1.42192e-11 0.00155226 0.000132721 0.00199662 0.103074 0.892439 
0.00456869 0.000109274 0.0577784 0.0438141 0.345032 0.00121811 0.54748 
4.80041e-07 1.34144e-07 0.000342659 0.00234491 6.01951e-05 2.10501e-07 0.997251 
7.23899e-05 0.000750955 0.00921403 0.253863 0.0109285 0.107834 0.617337 
0.00239124 0.00166232 0.00391763 0.147149 0.206456 0.000467499 0.637956 
0.00588115 1.32417e-05 0.0754923 0.11258 0.0462537 0.00432562 0.755454 
5.05365e-05 0.142076 0.0704381 0.0125964 0.137762 0.179893 0.457184 
0.00143688 0.00952933 0.0256685 0.11128 0.281162 0.00684241 0.564081 
0.000311997 0.00801614 0.141837 0.0144949 0.406547 0.00113256 0.42766 
0.000725452 0.0600705 0.00848656 0.206067 0.102563 0.00106839 0.621019 
6.55716e-05 1.83235e-05 1.11086e-05 7.42476e-06 4.10372e-06 2.87535e-05 0.999865 
1.97897e-05 0.00214396 0.192096 0.107896 0.200584 0.168574 0.328686 
2.06266e-06 0.00837701 0.106261 0.0312834 0.118671 0.00508871 0.730316 
0.000412675 0.000467221 0.147581 0.200585 0.299491 0.000162094 0.351301 
0.00205171 0.0469872 0.00842365 0.0540817 0.163632 0.00322783 0.721596 
8.93524e-05 0.0401779 0.144207 0.163489 0.243252 1.89911e-05 0.408765 
6.24593e-06 0.0331277 0.00189088 0.00950061 0.0218316 0.219314 0.714329 
1.776e-08 1.27921e-05 1.29932e-05 0.0748331 0.153002 2.03622e-06 0.772138 
0.000598541 0.0536992 0.160645 0.0866882 0.317061 0.0414877 0.339821 
0.00079698 1.45563e-06 0.0220101 0.207304 0.160508 2.40172e-05 0.609356 
0.000948856 0.023453 0.0397598 0.039795 0.261105 0.115325 0.519614 
4.35046e-06 0.000146409 0.0203079 0.000330771 0.230996 9.90008e-05 0.748115 
0.00196699 0.00216557 0.0037743 0.0781855 0.0758185 2.5011e-05 0.838064 
0.000697051 0.0017637 0.0551758 0.0113686 0.183949 0.111896 0.63515 
0.00182545 0.0204269 0.0150059 0.152294 0.0878895 0.282217 0.440341 
0.000130038 0.00196363 0.0152896 0.0124778 0.029212 0.000171804 0.940755 
0.00612602 0.0745479 0.0740262 0.0881655 0.0888684 0.000567228 0.667699 
0.000123526 0.059274 0.00934941 0.318257 0.07107 6.46655e-05 0.541861 
0.000433968 0.000403 0.0708612 0.174455 0.249271 0.0103191 0.494257 
0.00119637 0.00926274 0.00592062 0.301684 0.00389735 0.00463257 0.673406 
0.00298323 2.67606e-06 0.0217614 0.0919173 0.180824 0.0299126 0.672599 
1.55818e-06 0.103918 0.146443 0.196628 0.104357 0.0200763 0.428576 
0.00180792 0.0162595 0.337177 0.0601698 0.229949 0.00993681 0.344699 
5.18172e-05 0.00329915 0.0260785 0.0672552 0.281267 0.00114262 0.620906 
0.000107052 7.29291e-07 0.168533 0.152822 0.0907784 4.37864e-08 0.587759 
1.05457e-05 0.0701337 0.0577269 0.0289715 0.249881 0.0277828 0.565494 
0.00724666 0.00109153 0.15914 0.0602323 0.122445 0.0103392 0.639506 
0.000502513 0.00139394 0.101147 0.133361 0.306344 0.00139443 0.455857 
0.000538681 2.11101e-06 0.117288 3.88162e-06 0.143266 3.98311e-05 0.738861 
2.73729e-05 0.0282804 0.0468406 0.064398 0.37358 0.000265405 0.486608 
8.28099e-05 0.000350678 0.00968813 0.0252915 0.0749565 0.315521 0.57411 
1.38526e-07 0.00810334 0.00455281 0.000725348 0.00382524 0.37955 0.603243 
0.153994 0.00130385 0.0122499 0.0415154 0.067625 0.00299664 0.720315 
0.000172322 0.00192689 0.203665 0.00529418 0.165728 8.75778e-05 0.623126 
0.00999888 0.0147448 0.0129332 0.182135 0.271816 6.99291e-05 0.508301 
8.92226e-05 0.0224074 0.0178907 0.0368144 0.198337 0.000265527 0.724196 
0.000113941 0.015674 0.0149042 0.205232 0.0757691 0.000338301 0.687969 
0.0247175 0.0506376 0.0287771 0.182068 0.142152 0.000582313 0.571065 
0.00286746 1.97517e-05 0.00793703 0.000680727 0.130531 0.0299825 0.827981 
1.12447e-05 9.84812e-08 0.0660546 0.0252548 0.201329 0.000178659 0.707172 
0.000804677 1.42192e-11 0.00155226 0.000132721 0.00199662 0.103074 0.892439 
3.89934e-05 0.011378 0.045087 0.00705331 0.343879 0.00224449 0.590319 
1.43604e-08 6.26919e-07 9.61218e-07 9.74774e-05 6.59732e-12 0.00056869 0.999332 
0.00915826 0.000439227 0.0209391 0.0284851 0.138476 0.357998 0.444505 
3.99792e-06 0.000106009 0.107168 0.0103333 0.139632 0.349083 0.393673 
0.00369933 2.71613e-05 0.184014 0.103402 0.26145 0.000382602 0.447025 
0.00523453 0.000493131 0.0517692 0.117788 0.27064 0.000627532 0.553448 
4.07048e-10 0.0910869 0.00344579 0.348881 5.3744e-05 1.76726e-06 0.55653 
0.0208731 0.00800512 0.0331852 0.108919 0.388467 0.00411488 0.436435 
0.00301725 0.00243936 0.0119327 0.13545 0.345771 1.45765e-06 0.501388 
0.00234177 0.00823358 0.157814 0.0335046 0.261918 0.0374012 0.498787 
0.00131028 0.00955675 0.050834 0.0399315 0.325293 0.0111162 0.561958 
0.0231746 4.62128e-07 0.00579686 0.0749816 0.418611 0.000807382 0.476628 
0.00132906 5.47521e-06 0.0775227 0.0156787 0.0953418 1.60522e-06 0.810121 
0.00106455 0.000134579 0.0585077 0.00255031 0.235446 2.45454e-05 0.702272 
0.000104451 0.00253469 0.116034 0.0051781 0.11499 0.00216943 0.75899 
0.00043207 0.00209979 0.00161892 0.049836 0.0206968 0.000157743 0.925159 
0.000836016 0.00437378 0.0826302 0.116449 0.132636 4.40293e-06 0.663071 
0.00174608 1.3158e-05 0.282889 0.0965119 0.20948 0.000222099 0.409138 
1.77897e-10 4.27064e-08 0.0475862 0.0793791 0.266568 4.01411e-05 0.606426 
0.0244638 0.0396217 0.0389823 0.137071 0.238837 0.00887136 0.512153 
0.00257526 0.0280625 0.00106206 0.192514 0.00598549 0.0113813 0.758419 
6.25165e-05 0.0128151 0.124168 0.179653 0.208465 0.0631132 0.411724 
4.52828e-06 0.0634195 0.000371795 0.161574 0.00695506 0.211926 0.555749 
6.24593e-06 0.0331277 0.00189088 0.00950061 0.0218316 0.219314 0.714329 
0.193013 0.0119351 0.14309 0.157862 0.13047 0.0374396 0.326191 
0.0684865 0.000405465 0.0501745 0.0418691 0.22608 0.000178258 0.612806 
0.00621454 3.2422e-09 0.0140131 0.367972 0.19916 3.02801e-07 0.41264 
0.051744 0.0200829 0.0513414 0.0352369 0.327856 0.00375376 0.509985 
0.00682932 0.00829651 0.0218349 0.00983934 0.106564 0.00127681 0.845359 
0.00133828 0.00240584 0.0799048 0.0424048 0.269928 0.0082113 0.595807 
0.000948856 0.023453 0.0397598 0.039795 0.261105 0.115325 0.519614 
1.36328e-06 6.24421e-11 0.00212778 0.152398 0.107544 0.002384 0.735544 
0.0298919 0.0118722 0.0103477 0.225019 0.282255 0.0184373 0.422177 
0.069143 6.19068e-05 0.0134855 0.196429 0.0929428 0.000808775 0.627129 
0.000175833 0.00031119 0.0492522 0.185883 0.0526798 4.32764e-05 0.711654 
0.000238861 0.00269256 0.0694398 0.0555222 0.237765 3.22607e-06 0.634338 
1.94605e-05 3.39265e-05 0.283261 0.000403006 0.0305352 1.00151e-05 0.685737 
0.000232127 0.0021927 0.0486703 0.0491738 0.0468054 0.00101501 0.851911 
0.0542468 0.0648 0.00556114 0.19074 0.0885629 0.00152352 0.594565 
7.1078e-06 0.00930093 0.000539859 0.00415123 0.00530311 0.0778599 0.902838 
6.24593e-06 0.0331277 0.00189088 0.00950061 0.0218316 0.219314 0.714329 
0.000472343 0.000158415 0.149116 0.0399939 0.0297784 4.72695e-05 0.780434 
0.000273702 0.0131597 0.0944787 0.0650037 0.0268507 5.29302e-05 0.800181 
0.00166253 0.00966463 0.0336533 0.030985 0.142875 0.000432997 0.780726 
0.0266401 0.0180767 0.0488839 0.0231408 0.32527 0.0470593 0.510929 
2.98551e-05 0.00215507 0.0544675 0.0703948 0.109095 0.0409184 0.722939 
8.3605e-05 5.47772e-06 0.0139986 0.000736479 0.011003 0.013875 0.960298 
0.0108653 0.0143127 0.0329744 0.0340539 0.0604469 0.00503794 0.842309 
0.00256044 0.000959032 0.000685943 0.237304 0.235602 5.86499e-06 0.522883 
0.000205346 7.16294e-07 0.0400536 0.34563 0.127341 0.000254068 0.486516 
3.34172e-06 0.0380479 0.0498413 0.000510179 0.40186 0.000172007 0.509565 
1.29601e-08 1.47924e-05 0.0201496 0.000136473 0.485748 1.58286e-05 0.493935 
5.86023e-05 0.026264 0.0308991 0.137738 0.146292 0.000257769 0.658491 
9.5986e-08 2.68226e-08 0.0198106 0.0360922 0.192047 6.29131e-07 0.75205 
0.000725452 0.0600705 0.00848656 0.206067 0.102563 0.00106839 0.621019 
0.00188877 0.0212952 0.0609612 0.075583 0.379125 0.00429225 0.456855 
0.000317612 0.000977977 0.0463446 0.0479835 0.0555917 0.000317279 0.848467 
5.23085e-06 0.000234101 0.0669509 0.127694 0.142843 0.0180961 0.644177 
0.000875835 1.07433e-05 0.0227377 0.323141 0.0976898 6.15669e-05 0.555483 
4.11805e-07 4.54736e-06 0.0365652 0.0175182 0.14026 0.0032652 0.802386 
0.000948856 0.023453 0.0397598 0.039795 0.261105 0.115325 0.519614 
0.00403359 1.76638e-07 8.47274e-05 0.161441 0.0292425 0.000102624 0.805096 
0.0149501 0.0104929 0.0828946 0.08668 0.39727 0.0101816 0.39753 
0.00059062 8.43438e-05 0.00582678 0.0261248 0.157624 0.000159922 0.80959 
0.000774242 0.018125 0.0528774 0.119429 0.047796 0.304476 0.456523 
6.0606e-05 0.00260594 0.126046 0.0126078 0.219264 0.00999221 0.629423 
0.00267909 0.0374518 0.132476 0.0645252 0.318079 0.0320113 0.412777 
0.00111974 0.0377426 0.0102065 0.202581 0.252365 0.000964055 0.495021 
0.293553 8.02397e-05 0.000192033 0.0140568 0.0101855 8.41782e-05 0.681849 
0.00586024 0.00158747 0.000227892 0.0514623 0.0472242 0.00163956 0.891998 
0.000732181 0.00512756 0.0275793 0.182618 0.188134 0.000252426 0.595556 
0.135596 0.0305538 0.00499853 0.0699241 0.229019 0.00273748 0.527171 
0.000563571 5.29991e-05 0.0706023 0.0879482 0.222897 0.000742539 0.617194 
0.109183 3.9277e-06 0.00469202 0.0499606 0.169033 0.00293946 0.664188 
1.51023e-05 0.00346533 0.254311 0.0190646 0.28332 1.41407e-05 0.43981 
8.85533e-06 0.00338421 7.88248e-06 0.0187526 0.401023 0.00016553 0.576657 
0.000144507 0.0124278 0.0645044 0.0119988 0.421845 0.000263401 0.488816 
0.135596 0.0305538 0.00499853 0.0699241 0.229019 0.00273748 0.527171 
1.97897e-05 0.00214396 0.192096 0.107896 0.200584 0.168574 0.328686 
4.37549e-05 8.73854e-06 0.0289121 0.139178 0.124924 6.54789e-05 0.706868 
0.00689321 0.000326265 0.0621589 0.134431 0.146213 2.59511e-08 0.649978 
0.00594643 0.000430964 0.0111067 0.018503 0.0859063 0.00112832 0.876978 
8.96086e-10 0.194526 0.118789 3.34532e-05 0.100165 1.72932e-06 0.586485 
0.013079 0.00103654 0.0453851 0.044115 0.06826 0.00188403 0.82624 
1.15718e-06 0.000714224 9.84109e-06 0.00300281 5.12996e-09 0.000550056 0.995722 
6.64953e-05 9.71039e-09 0.0135032 0.0516763 0.0364638 2.86941e-06 0.898287 
0.00582767 0.000303792 0.0105889 0.0094936 0.00149493 0.0010267 0.971264 
0.00087799 0.0120058 0.147932 0.0754035 0.377229 0.00595049 0.380601 
0.0424023 0.0639993 0.0378055 0.161281 0.0891643 0.00217434 0.603173 
0.00160337 0.0160483 0.131996 0.0170928 0.0799192 0.0010638 0.752277 
0.000458021 3.50169e-06 0.00455992 0.116464 0.00232754 1.54762e-11 0.876187 
5.50389e-07 0.00473244 0.00023524 0.128651 0.419105 2.28332e-07 0.447275 
1.03601e-08 2.89505e-09 1.75512e-09 1.17309e-09 6.48374e-10 4.54296e-09 1.0 
0.000948856 0.023453 0.0397598 0.039795 0.261105 0.115325 0.519614 
0.000734373 0.00545163 0.0585018 0.0489847 0.0337775 0.0399173 0.812633 
1.37277e-07 0.120847 0.0853742 0.0329145 0.221459 0.00200458 0.537401 
8.17225e-05 0.0240826 0.408798 0.0610778 0.0252989 4.49636e-05 0.480616 
0.0465045 0.0371477 0.0386897 0.216763 0.0668961 0.00508941 0.588909 
9.55657e-11 2.67051e-11 0.0523878 0.000595424 0.261409 0.00125963 0.684348 
0.0798399 0.0093421 0.132907 0.122238 0.305664 0.000553018 0.349457 
0.0094184 0.011295 0.318801 0.0903068 0.238983 0.00251234 0.328683 
0.0657765 0.0531271 0.0108759 0.26541 0.0417052 1.74307e-05 0.563088 
0.00421508 0.0228149 0.0102606 0.272628 0.289215 0.000559679 0.400307 
0.00183619 0.00338167 0.207844 0.0803562 0.255752 0.0348733 0.415957 
0.00295102 3.22321e-06 0.00257481 0.200678 0.0923452 1.80563e-05 0.70143 
0.000222979 0.00367735 0.0131899 0.0433698 0.0101317 0.0349226 0.894486 
0.0391882 0.00598773 0.0698045 0.0263817 0.165221 0.0143184 0.679099 
2.05914e-08 0.0258282 0.144399 0.0797019 0.323046 0.025555 0.40147 
5.44338e-06 0.0271288 0.0657266 0.310343 0.0660912 3.41639e-09 0.530705 
1.15718e-06 0.000714224 9.84109e-06 0.00300281 5.12996e-09 0.000550056 0.995722 
0.000804677 1.42192e-11 0.00155226 0.000132721 0.00199662 0.103074 0.892439 
6.31478e-05 0.0808211 0.0419936 0.0118425 0.359161 0.000511933 0.505606 
0.000157089 0.000673889 0.047237 0.167848 0.15461 0.0126141 0.61686 
3.18587e-05 6.26854e-05 0.0303188 0.0152929 0.251069 0.000173918 0.70305 
0.000207376 0.0111811 0.0945082 0.00961789 0.295027 0.00617523 0.583284 
0.000473256 0.00260495 0.117277 0.127725 0.254847 0.00382804 0.493245 
2.06037e-05 0.000165892 0.0644694 0.0316038 0.18057 0.0141885 0.708982 
0.0140544 4.12639e-05 0.00213023 0.0796539 0.0418513 0.0165257 0.845743 
0.000948856 0.023453 0.0397598 0.039795 0.261105 0.115325 0.519614 
0.0134394 0.000156359 0.00857679 0.0465258 0.305535 0.00992096 0.615846 
0.000790616 0.0134682 0.288073 0.0279506 0.14737 0.000178991 0.522169 
0.00232068 0.0196049 0.0849339 0.0786482 0.175924 0.0331386 0.60543 
1.92633e-10 3.1932e-05 0.00882951 0.0611584 0.0434603 0.00308297 0.883437 
0.0230472 0.0520716 0.0694494 0.140921 0.0815853 0.00036991 0.632556 
0.0449869 6.23442e-10 0.0157143 0.398114 0.00186669 7.48998e-07 0.539317 
0.036974 0.0172832 0.00542867 0.127184 0.364761 8.84456e-05 0.448281 
0.000167612 0.0335246 0.182612 0.0560949 0.102319 0.000125714 0.625156 
2.90851e-05 7.32305e-05 0.00120923 0.06148 0.0478917 1.13092e-06 0.889316 
0.0128248 0.0317984 0.0377907 0.0896884 0.118166 0.00707886 0.702653 
0.043344 0.113828 0.00365263 0.23281 0.116879 0.000547357 0.488939 
0.0184982 0.00715016 0.044793 0.0658036 0.285059 0.154246 0.424451 
3.00745e-07 2.06256e-05 1.15917e-06 0.0314191 0.0781588 7.29211e-05 0.890327 
0.0394761 0.0536093 0.0798299 0.0171408 0.0752135 0.30272 0.43201 
0.00145327 0.0079109 0.0340335 0.102273 0.241615 0.0167605 0.595953 
2.59372e-07 1.48734e-07 0.357669 0.00685742 0.0211539 4.70097e-07 0.614319 
0.00339547 0.00146329 0.0245051 0.0876555 0.133876 0.0244813 0.724624 
6.24593e-06 0.0331277 0.00189088 0.00950061 0.0218316 0.219314 0.714329 
2.98551e-05 0.00215507 0.0544675 0.0703948 0.109095 0.0409184 0.722939 
0.00025059 5.22085e-05 0.0250557 0.285393 0.294157 0.0002999 0.394791 
0.0023256 0.00461107 0.190862 0.0523039 0.301103 0.0350803 0.413714 
0.00230219 0.00310169 0.0668609 0.00364617 0.0178885 0.000176806 0.906024 
0.000113086 0.000846474 3.26769e-05 0.000427768 0.000289056 5.34572e-05 0.998237 
0.00014112 0.0279286 0.157833 0.0910311 0.277784 0.0225392 0.422742 
2.43206e-06 1.23564e-06 0.00309843 0.0665537 0.111268 0.00241633 0.81666 
0.000134886 0.0622318 0.00837368 0.060092 0.207474 1.80194e-05 0.661675 
