0.0530356 0.00470152 0.00372007 0.150575 0.116335 0.000388471 0.671244 
0.0360407 8.28484e-06 0.0252346 0.0187457 0.121724 1.41387e-05 0.798233 
2.1708e-05 0.0031657 0.0445656 0.0185032 0.103901 0.000366747 0.829476 
0.00140949 0.00234028 0.0990284 0.0949594 0.346194 8.89666e-05 0.45598 
2.57606e-07 4.77245e-05 0.222896 0.0522576 0.314833 0.0182184 0.391747 
6.24593e-06 0.0331277 0.00189088 0.00950061 0.0218316 0.219314 0.714329 
4.41307e-05 5.81484e-05 0.0273369 0.0971702 0.0390229 8.69441e-05 0.836281 
0.0417651 1.3053e-05 1.30539e-05 0.190605 0.0796467 0.0561359 0.631821 
8.54715e-05 0.000307727 0.301379 0.0833655 0.223864 0.0802149 0.310783 
0.000263818 0.0240727 0.0128135 0.433519 0.0656663 0.00826861 0.455396 
0.0110932 0.0246081 0.00661038 0.226521 0.0307851 0.00245618 0.697926 
0.0048995 0.0182935 0.0197153 0.026527 0.0584357 0.0162198 0.855909 
0.000706251 0.00357478 0.0693934 0.0442899 0.124667 0.00503947 0.752329 
2.19675e-05 0.0023704 0.00869396 0.283433 0.0130008 3.67655e-06 0.692476 
5.55908e-05 4.10012e-05 0.0825142 0.0436017 0.278265 5.63371e-05 0.595467 
0.143639 0.000686245 0.00173321 0.222261 0.141316 0.00816747 0.482198 
0.0499604 0.000164532 0.181438 0.0806418 0.196524 5.36308e-07 0.491271 
0.000621195 0.0180823 0.0612549 0.0675866 0.070659 0.00178142 0.780015 
2.27406e-07 0.0465205 0.0716619 0.0380893 0.201298 0.00541018 0.637019 
0.000402699 0.00119252 0.0238924 0.0706222 0.114683 0.000428646 0.788778 
0.000671499 0.0389361 0.108468 0.131366 0.272038 0.00510523 0.443415 
1.34059e-05 0.00048001 0.00223336 0.0195708 0.0731951 1.25092e-05 0.904495 
0.097466 0.0519659 0.0532393 0.0611453 0.12665 0.00122497 0.608309 
0.000375141 0.0325055 0.0586662 0.10846 0.0952574 0.261902 0.442834 
0.0169954 0.0157245 0.0711758 0.0173088 0.228325 0.0371318 0.613338 
0.0147976 1.8699e-05 0.0690657 0.0707327 0.135769 0.00167701 0.70794 
6.09548e-09 0.000589648 0.0148474 0.00567788 0.419529 5.62793e-05 0.5593 
0.00137379 0.00187461 0.00982559 0.20276 0.103654 0.0533483 0.627163 
0.106139 0.00221803 0.0221627 0.169968 0.113072 0.0325254 0.553914 
0.0293515 0.000462994 0.11789 0.122465 0.189548 0.000301099 0.539982 
0.00528661 0.0131373 0.195481 0.0369125 0.324498 0.000404762 0.42428 
1.15718e-06 0.000714224 9.84109e-06 0.00300281 5.12996e-09 0.000550056 0.995722 
0.00128386 0.00782667 0.021953 0.1428 0.11752 0.00230736 0.706309 
7.4219e-06 5.31261e-06 6.29073e-07 7.36467e-05 0.0769512 2.03282e-09 0.922962 
0.0056471 0.0165761 0.130515 0.0664309 0.224384 0.0275448 0.528902 
0.00384 0.00368299 0.00408163 0.114638 0.0193762 0.000959533 0.853421 
0.0121651 1.96644e-05 0.00355725 0.097025 0.0735055 3.6165e-05 0.813691 
0.000464354 0.00687767 0.0241116 0.0930655 0.0859158 0.000191571 0.789373 
8.66674e-05 0.0418143 0.0616757 0.181539 0.14861 0.000291936 0.565982 
9.85805e-05 0.00708727 0.168796 0.162866 0.0516774 0.146842 0.462633 
0.0208038 4.30111e-06 0.0153981 0.157736 0.172257 0.00291719 0.630884 
0.00157225 0.0440676 0.161557 0.0111917 0.093202 0.000214056 0.688195 
0.000864104 0.0532937 0.173013 0.169341 0.226584 0.000968169 0.375936 
0.0560796 0.00321091 0.0602066 0.173004 0.272284 0.0392417 0.395974 
0.000284348 0.0232926 0.00408332 0.171522 0.0419327 0.000393475 0.758491 
5.91815e-05 0.000796656 0.0819163 0.072501 0.271028 1.34945e-05 0.573685 
0.0552221 0.0607539 0.0646131 0.11534 0.185547 0.0104111 0.508113 
3.25719e-05 0.00063172 0.0319497 0.108178 0.144101 3.9703e-09 0.715107 
0.0022966 0.0176958 0.00311384 0.100626 0.110963 8.50727e-05 0.76522 
0.00584258 0.00818688 0.00368917 0.149749 0.13484 0.000551634 0.697141 
1.15718e-06 0.000714224 9.84109e-06 0.00300281 5.12996e-09 0.000550056 0.995722 
0.0344418 0.014435 0.131383 0.216185 0.28725 0.000348439 0.315957 
0.000572829 0.00044311 0.0418112 0.0718645 0.0834799 0.000578746 0.80125 
2.31764e-06 4.40964e-06 0.00614391 0.000678728 0.0119097 6.09166e-08 0.981261 
0.0018933 1.67745e-09 0.0458388 0.000210304 0.0402676 2.63229e-09 0.91179 
6.94643e-08 7.38819e-08 0.00156202 0.0197731 0.0568295 0.00136542 0.92047 
0.0108323 0.00220003 7.18175e-05 0.00146753 0.0018342 0.000290074 0.983304 
0.00174825 0.00288573 0.293843 0.0271974 0.140565 0.0456508 0.48811 
0.016146 0.00798526 0.000379055 0.123873 0.0403898 0.0060792 0.805148 
2.8279e-08 0.000358695 0.109819 0.00460664 0.287023 0.214247 0.383946 
0.000250779 0.00577013 0.136129 0.0370107 0.127043 2.83878e-07 0.693796 
0.00747019 0.00104694 0.0394628 0.210352 0.138355 0.000765389 0.602548 
9.50418e-05 0.0078415 0.246137 0.00462433 0.126137 0.12861 0.486555 
0.00096579 0.0341732 0.0121371 0.108758 0.0672718 0.000767961 0.775927 
1.15718e-06 0.000714224 9.84109e-06 0.00300281 5.12996e-09 0.000550056 0.995722 
0.000838884 0.0191436 0.135907 0.0199793 0.270972 0.00748346 0.545675 
0.00101371 1.92691e-08 0.000960257 0.121337 0.00115354 3.02373e-08 0.875535 
0.051744 0.0200829 0.0513414 0.0352369 0.327856 0.00375376 0.509985 
4.47739e-06 1.28497e-06 0.00405857 0.0769202 0.0314756 1.31107e-09 0.88754 
0.293553 8.02397e-05 0.000192033 0.0140568 0.0101855 8.41782e-05 0.681849 
1.75414e-07 3.73007e-05 0.0276348 0.0238398 0.215885 0.0149344 0.717669 
4.99899e-07 0.000477121 0.233784 0.00147113 0.0288539 2.23037e-08 0.735414 
5.4732e-07 6.96306e-09 2.98438e-06 0.186009 0.0439489 1.08229e-06 0.770038 
3.29334e-09 1.68528e-07 0.392983 0.0449034 0.164867 0.0004182 0.396828 
0.000859489 0.000267253 0.120307 0.245986 0.162707 0.0018187 0.468055 
0.00014321 0.000145322 0.125628 0.000328767 0.0527893 0.306486 0.514479 
2.07376e-05 0.0502645 0.0124637 0.102637 0.0636337 0.101196 0.669785 
2.42586e-05 0.00134627 0.118344 0.223675 0.0896218 0.000913517 0.566075 
2.30066e-07 0.105148 0.0252295 0.0773924 0.0438595 0.00471433 0.743656 
0.0333979 0.00593153 0.0579492 0.0738664 0.134423 0.011316 0.683116 
0.116348 0.0557091 0.0602385 0.176785 0.168616 0.0143073 0.407996 
0.194695 0.00174995 0.0211545 0.0310649 0.119043 0.000460531 0.631832 
3.47191e-06 8.93025e-05 0.00991361 0.0771912 0.142988 3.16755e-05 0.769783 
9.55974e-07 0.000368903 0.110176 0.0190541 0.139556 0.07095 0.659895 
0.000802554 0.0133537 0.032623 0.0111098 0.238323 0.128003 0.575784 
0.0692535 0.0030882 0.0393776 0.151124 0.273897 0.00175172 0.461509 
0.0528802 0.0157735 0.0466614 0.161875 0.203353 0.0887942 0.430663 
0.00768295 0.000474981 0.0748909 0.14397 0.343213 0.000678033 0.42909 
0.00011224 2.74661e-06 0.00730295 0.0378643 0.122522 2.06767e-05 0.832176 
2.29609e-06 2.29705e-06 0.0176908 0.107974 0.168168 0.00229913 0.703863 
0.00012864 0.0856498 0.120034 0.207596 0.0471653 0.00885326 0.530573 
1.04697e-06 2.92568e-07 1.77369e-07 0.0743785 0.000154106 4.59102e-07 0.925465 
7.78797e-10 0.00444442 0.00309999 0.359555 0.0275773 0.000177863 0.605146 
0.0416164 0.000339963 0.0570289 0.406846 0.0176055 0.000163236 0.4764 
0.000897134 0.00951415 0.296045 0.116043 0.197608 0.0480086 0.331883 
0.000842359 0.00380279 0.044442 0.129814 0.118632 0.00085037 0.701616 
0.00287674 0.000158894 0.0154737 0.351476 0.00111401 2.86323e-07 0.6289 
1.15718e-06 0.000714224 9.84109e-06 0.00300281 5.12996e-09 0.000550056 0.995722 
1.15718e-06 0.000714224 9.84109e-06 0.00300281 5.12996e-09 0.000550056 0.995722 
0.0386283 0.00653174 0.0456919 0.104233 0.0349929 0.0374417 0.732481 
0.0499604 0.000164532 0.181438 0.0806418 0.196524 5.36308e-07 0.491271 
0.16476 0.0578965 0.0467997 0.121366 0.258585 0.000635535 0.349958 
0.000452202 7.89545e-05 9.93761e-05 0.0304408 0.00685779 0.00283206 0.959239 
0.000694522 0.00101118 0.018955 0.134034 0.0322333 0.00070541 0.812367 
0.0107467 0.0114817 0.046443 0.15748 0.227838 0.00148519 0.544526 
0.000383156 0.0184184 0.199815 0.135493 0.2771 0.000217418 0.368573 
0.398555 2.36334e-07 1.19304e-05 0.000787709 0.0081281 5.62851e-05 0.592461 
2.17134e-05 0.00460064 0.152801 0.145874 0.315041 0.00534928 0.376312 
0.00267373 5.22932e-09 0.0134183 0.0113554 0.0045052 4.7624e-06 0.968043 
3.93478e-08 1.69532e-07 0.0159219 6.26527e-08 0.310594 6.10316e-05 0.673422 
0.00294527 0.000238809 0.028154 0.0123582 0.137813 0.00808791 0.810403 
0.000205416 0.00865989 0.0359954 0.454699 0.0314097 0.00171302 0.467318 
0.0270411 0.0154317 0.0188774 0.278989 0.114885 0.00126859 0.543507 
0.000193704 0.000336443 0.0633494 0.116279 0.163089 0.00913133 0.647621 
0.104567 0.000302727 0.0448037 0.0276174 0.127933 0.0875074 0.607269 
0.00128394 0.000360865 0.049539 0.269312 0.224879 0.000158984 0.454466 
5.79367e-05 0.0367575 0.132501 0.0306181 0.344809 0.000291761 0.454965 
1.71005e-05 0.00984953 0.0557223 0.00401965 0.215169 0.000898897 0.714323 
0.000592835 0.0176808 0.0109598 8.39836e-05 0.0507643 1.64104e-05 0.919902 
0.00471173 0.0300855 0.047105 0.151902 0.354041 0.0248783 0.387277 
2.5106e-08 0.0884939 0.0867883 0.00413122 0.193272 0.00253675 0.624778 
0.000148422 3.20624e-06 0.327099 0.187184 0.099795 4.2681e-07 0.385769 
0.0417651 1.3053e-05 1.30539e-05 0.190605 0.0796467 0.0561359 0.631821 
0.00318092 0.000759506 0.019669 0.0360959 0.0691938 0.0174846 0.853616 
4.74965e-05 0.00968318 0.142449 0.0285052 0.363604 0.00579061 0.44992 
0.0862635 3.62954e-06 0.00584776 0.185957 0.0220369 0.00181238 0.698079 
0.00150965 0.000826117 0.0121112 0.0875228 0.049473 0.00113796 0.847419 
0.0014084 0.00916873 0.00407334 0.204989 0.120232 0.000163794 0.659965 
0.000142916 0.0251156 0.165694 0.020485 0.264713 0.044498 0.479352 
0.011829 0.00844343 0.0652608 0.0442267 0.134854 5.73573e-05 0.735329 
0.0357123 0.0245192 0.0896027 0.00868495 0.118074 0.0233894 0.700017 
1.35327e-08 7.07114e-05 0.0102259 0.00288766 0.418956 3.82288e-05 0.567821 
0.00305818 1.82241e-05 0.00750619 0.113188 0.0299414 0.0102519 0.836036 
2.15023e-06 3.02268e-07 0.0238033 0.0293632 0.106417 2.40125e-08 0.840414 
0.374706 0.0807699 0.000149711 0.148188 0.000110411 0.00311973 0.392957 
1.91011e-05 0.000379942 0.00324015 0.0898172 0.133662 0.000136304 0.772746 
0.000374433 4.24642e-06 0.00316401 0.00100412 0.152759 5.7728e-05 0.842636 
4.52828e-06 0.0634195 0.000371795 0.161574 0.00695506 0.211926 0.555749 
0.251651 0.00651106 0.00930537 0.188298 0.0757554 0.00107336 0.467406 
0.000836321 0.0329105 0.103318 0.0662312 0.37171 0.00773862 0.417255 
0.0003835 0.00138669 0.0603875 0.0860423 0.210212 0.00107741 0.64051 
1.11209e-06 1.06027e-10 1.90406e-06 0.0951071 0.166103 0.00394825 0.734838 
8.87539e-06 2.79891e-09 3.04572e-06 0.0274945 0.00105356 4.40205e-06 0.971436 
1.04621e-10 0.00502265 0.0319743 0.227243 0.0495594 0.00341951 0.682781 
0.00174825 0.00288573 0.293843 0.0271974 0.140565 0.0456508 0.48811 
0.000347862 0.0168045 0.0379157 0.129372 0.0887922 0.0437161 0.683052 
1.98441e-06 6.52313e-11 3.95464e-11 0.348803 7.59691e-07 1.02362e-10 0.651194 
0.0168516 0.00243044 0.058047 0.129849 0.12503 0.00233665 0.665454 
1.86429e-09 5.20962e-10 2.15716e-05 2.55447e-06 0.040898 8.17502e-10 0.959078 
6.24593e-06 0.0331277 0.00189088 0.00950061 0.0218316 0.219314 0.714329 
0.0279157 3.66969e-11 1.55754e-07 0.0530833 2.28485e-07 0.000967974 0.918033 
0.000266487 0.00238904 0.00532254 0.0223721 0.126351 0.00541055 0.837888 
2.11883e-06 2.8435e-06 0.236851 0.000287346 0.342601 7.54444e-06 0.420248 
2.07376e-05 0.0502645 0.0124637 0.102637 0.0636337 0.101196 0.669785 
0.000747154 0.0383023 0.0817902 0.0787649 0.376405 0.00840592 0.415584 
5.5252e-06 0.00433763 0.0261555 0.0489739 0.186891 0.312541 0.421096 
0.000278745 0.00153617 0.0460483 0.0521085 0.234633 0.000315935 0.66508 
0.00220974 0.0284486 0.0190234 0.291615 0.262328 4.22999e-05 0.396333 
0.0100433 0.00593734 0.0291412 0.0297029 0.187292 0.00223148 0.735652 
0.00076039 0.00301128 0.0625539 0.155092 0.176705 0.0131114 0.588767 
0.00568493 7.50673e-07 0.0128817 0.225311 0.189379 0.000138469 0.566604 
1.2571e-05 1.21448e-07 0.0045029 0.15567 0.0959477 0.00479411 0.739072 
0.000463317 1.5963e-05 0.00423412 0.362525 0.200569 0.000462142 0.43173 
0.0175055 0.0399541 0.0710206 0.0918226 0.0480248 0.000511599 0.731161 
8.92549e-05 0.000586132 0.114899 0.191935 0.13843 0.000272181 0.553789 
0.000603609 0.00418699 0.0532282 0.0484071 0.140919 0.00827685 0.744378 
1.15718e-06 0.000714224 9.84109e-06 0.00300281 5.12996e-09 0.000550056 0.995722 
0.212054 4.2146e-09 2.5551e-09 0.00142378 0.0118271 0.0025059 0.772189 
6.24593e-06 0.0331277 0.00189088 0.00950061 0.0218316 0.219314 0.714329 
0.000948856 0.023453 0.0397598 0.039795 0.261105 0.115325 0.519614 
0.254934 0.00608803 0.00904229 0.276038 0.157696 0.00218491 0.294017 
1.73287e-05 0.000617669 0.00636394 0.00877581 0.058644 9.1551e-09 0.925581 
7.73663e-06 0.000139128 0.00303158 0.00339162 0.0334869 1.61837e-05 0.959927 
0.000551092 0.0841759 0.176318 0.010167 0.244843 0.0351149 0.44883 
1.04167e-05 2.44587e-09 0.0233034 0.0651721 0.0328952 9.47271e-07 0.878618 
0.00986204 0.0173211 0.0589881 0.0202664 0.131815 0.326746 0.435001 
3.88939e-05 0.0298593 0.0278004 0.22587 0.302701 0.00100178 0.412729 
0.000414598 1.59754e-05 0.0448857 0.156062 0.0944588 0.00311711 0.701046 
0.000859744 0.016463 0.0272097 0.0934458 0.0342517 7.73882e-06 0.827762 
1.07676e-10 0.193387 0.00855528 0.0610963 0.0325555 1.69646e-07 0.704405 
0.00399819 0.000686888 0.0879008 0.0262954 0.325488 0.0124297 0.543201 
0.00825488 0.311865 0.128932 0.115455 0.0535401 0.00016721 0.381785 
0.00120094 0.00704069 0.0244071 0.0605801 0.291835 0.000636821 0.6143 
2.32924e-07 0.020662 0.102141 0.0036329 0.0491822 0.0461787 0.778203 
1.99614e-05 0.0349244 0.033212 0.103917 0.0868161 0.0117914 0.729319 
2.07376e-05 0.0502645 0.0124637 0.102637 0.0636337 0.101196 0.669785 
0.045191 0.0416679 0.0168859 0.0722987 0.163277 0.000956604 0.659723 
4.11805e-07 4.54736e-06 0.0365652 0.0175182 0.14026 0.0032652 0.802386 
0.000200528 0.00180856 0.291365 0.033782 0.114024 0.00429266 0.554528 
0.00285912 0.00716207 0.0917425 0.0702891 0.134571 5.06451e-05 0.693326 
1.07966e-06 0.0580271 0.0739118 0.306159 0.160771 3.25824e-05 0.401097 
1.40406e-05 0.00285759 0.0343694 0.142192 0.263181 0.000347999 0.557038 
0.000804677 1.42192e-11 0.00155226 0.000132721 0.00199662 0.103074 0.892439 
1.42953e-06 5.20178e-05 0.0854161 0.0995462 0.0738891 0.00110365 0.739992 
0.000141373 0.00513329 0.125544 0.00439797 0.247623 0.0712703 0.54589 
1.43312e-06 0.0157126 0.045683 0.160293 0.0180985 0.000576315 0.759635 
0.0361238 0.0165009 0.065544 0.276865 0.0626783 0.000262825 0.542025 
0.0084993 0.00993212 0.202552 0.010383 0.366752 0.000327132 0.401555 
0.0302808 4.12369e-07 0.00464799 0.174772 0.150595 0.000534777 0.63917 
0.103929 0.00441126 0.00266415 0.0848769 0.0770341 0.00332539 0.723759 
0.0925099 0.010927 0.00205718 0.31427 0.057655 0.00764884 0.514933 
0.00233926 0.00212945 0.0075102 0.171484 0.398711 0.00133674 0.41649 
8.1362e-10 1.00153e-05 0.000889902 3.03018e-06 0.00951029 0.00308967 0.986497 
0.000770812 0.00921454 0.12173 0.00537471 0.215798 0.0343363 0.612776 
6.27559e-05 5.08995e-06 0.00366505 0.248279 0.0440039 0.00166668 0.702318 
1.90291e-07 0.0318645 0.0754319 0.196336 0.244266 0.0018267 0.450275 
0.000357018 6.78386e-05 0.0641682 0.00852855 0.0858858 0.0163071 0.824686 
0.000182052 0.00287028 0.0112383 0.0377128 0.00497528 1.20062e-06 0.94302 
0.0025725 0.022608 0.257291 0.0597185 0.128292 0.0711468 0.458371 
6.94643e-08 7.38819e-08 0.00156202 0.0197731 0.0568295 0.00136542 0.92047 
0.0490332 0.000825266 0.00196296 0.186402 0.0123778 0.000557833 0.748841 
0.000262652 0.0788802 0.158113 0.0347728 0.129807 0.00293607 0.595228 
0.0135248 0.0338838 0.00616668 0.131019 0.255511 0.000192041 0.559702 
6.24593e-06 0.0331277 0.00189088 0.00950061 0.0218316 0.219314 0.714329 
0.169256 6.5063e-05 0.00289683 0.289545 0.121935 0.000422096 0.41588 
0.000646641 0.0107295 0.305531 0.046186 0.092383 0.0027993 0.541725 
1.37982e-06 3.85581e-07 7.03612e-05 1.56239e-07 8.63545e-08 6.0506e-07 0.999927 
0.00783275 0.000434869 0.0384594 0.0723131 0.0625141 0.000255903 0.81819 
4.82978e-05 2.98247e-09 1.27305e-06 0.0532139 0.00109897 1.67279e-07 0.945637 
3.71217e-05 0.0186808 0.0514937 0.259047 0.0250011 1.02072e-05 0.64573 
0.0785607 0.00960843 0.0347433 0.00504391 0.071519 0.0505673 0.749957 
1.16733e-05 8.67359e-05 0.0525708 0.158375 0.103298 1.01797e-06 0.685657 
0.140884 0.0191118 0.0562652 0.205572 0.259575 6.60884e-05 0.318526 
9.82409e-05 0.0193273 0.0573845 0.0438116 0.0178269 0.000363816 0.861188 
7.62997e-06 0.0271961 0.00404623 0.00597087 0.0256627 0.324829 0.612288 
1.11148e-05 0.0145056 0.10076 0.0646226 0.150024 0.000926724 0.66915 
0.0105552 0.0255968 0.0128342 0.120443 0.023108 0.0571522 0.750311 
0.0106182 0.00782146 0.00168852 0.324696 0.0326221 1.10767e-08 0.622554 
0.156332 0.0200548 0.00200877 0.313941 0.108696 0.00167784 0.397289 
0.144578 0.161444 0.00127761 0.14554 0.0768545 0.00103237 0.469273 
0.000534541 0.00079553 0.00249379 0.0482905 0.00235982 8.49827e-13 0.945526 
0.0166537 2.43522e-07 0.0488351 0.15054 0.0278735 0.000406031 0.755691 
1.38526e-07 0.00810334 0.00455281 0.000725348 0.00382524 0.37955 0.603243 
1.47779e-06 0.00811546 0.025431 0.093468 0.0548038 1.16797e-06 0.818179 
0.000957426 0.021769 0.060402 0.181578 0.17673 0.00614781 0.552416 
3.46968e-05 3.47113e-05 3.47136e-05 0.232623 3.47158e-05 3.47081e-05 0.767203 
6.55927e-08 3.78776e-08 0.0253204 0.0160973 0.334012 0.000585167 0.623985 
1.15718e-06 0.000714224 9.84109e-06 0.00300281 5.12996e-09 0.000550056 0.995722 
0.000510626 0.0944537 0.0308249 0.076869 0.115311 7.61176e-05 0.681955 
4.28735e-07 0.00129901 0.0433482 0.0629085 0.107705 0.000617509 0.784121 
0.00019571 0.0130988 0.00708014 0.069266 0.136357 0.000313974 0.773689 
0.13761 2.66057e-08 5.90156e-06 0.272649 0.0545081 2.18155e-09 0.535228 
0.0116421 0.00121157 0.0334367 0.0954766 0.0805689 0.00138846 0.776276 
0.0138266 0.00224782 0.10354 0.0887237 0.158423 0.0471363 0.586103 
0.000209168 0.00185085 0.0129595 0.224207 0.0652829 0.00317003 0.692321 
3.37337e-05 0.00577166 0.0213692 0.341603 0.225178 2.47697e-05 0.406019 
0.194323 2.97808e-06 0.000143231 0.155793 0.0145152 0.00269189 0.632531 
0.188752 9.03912e-05 0.0503703 0.0101133 0.0950564 0.0646364 0.590981 
0.00123143 1.99842e-06 0.00343765 0.0150256 0.0145306 0.000245277 0.965527 
0.00291621 0.000379702 0.0501977 0.307534 0.134935 1.75715e-07 0.504038 
0.000120248 0.0018034 0.0741142 0.0307592 0.286112 0.0325336 0.574557 
0.000386193 2.59021e-05 0.0334787 0.267528 0.179015 9.23956e-07 0.519565 
0.000562323 0.00173505 0.0502131 0.104061 0.249762 0.0014691 0.592198 
4.34775e-06 0.00542977 0.00417227 0.0239883 0.00481689 0.000346975 0.961241 
1.77897e-10 4.27064e-08 0.0475862 0.0793791 0.266568 4.01411e-05 0.606426 
0.0030704 0.000379234 0.0573474 0.322677 0.26256 5.62793e-05 0.353909 
1.22125e-05 0.00087156 0.17363 0.00168144 0.210447 0.00170656 0.611651 
0.000440363 2.67283e-07 0.000351019 0.00974649 0.000722904 0.076008 0.912731 
4.35046e-06 0.000146409 0.0203079 0.000330771 0.230996 9.90008e-05 0.748115 
2.40434e-06 0.012761 0.00545815 0.0690617 0.187099 0.101225 0.624393 
0.00130632 4.37537e-06 0.10792 0.0142467 0.258326 0.00117902 0.617018 
1.15718e-06 0.000714224 9.84109e-06 0.00300281 5.12996e-09 0.000550056 0.995722 
4.67275e-06 0.0238821 0.134951 0.133657 0.101453 0.0601907 0.545861 
1.15718e-06 0.000714224 9.84109e-06 0.00300281 5.12996e-09 0.000550056 0.995722 
0.0417651 1.3053e-05 1.30539e-05 0.190605 0.0796467 0.0561359 0.631821 
2.38134e-07 0.00091491 0.167949 0.0226413 0.205858 0.000332455 0.602304 
8.03844e-07 8.0418e-07 0.339307 0.146698 0.13142 0.00474503 0.377828 
4.89051e-07 9.60432e-06 0.0572972 0.0040211 0.0914462 2.78731e-06 0.847223 
0.00121368 0.0180071 0.0958048 0.0329041 0.0597882 0.00284684 0.789435 
0.0185983 0.0674434 0.0151491 0.344726 0.0945507 0.000172741 0.45936 
1.06961e-08 0.000812699 0.000160005 0.000413604 0.000258925 1.31376e-05 0.998342 
1.15718e-06 0.000714224 9.84109e-06 0.00300281 5.12996e-09 0.000550056 0.995722 
1.77897e-10 4.27064e-08 0.0475862 0.0793791 0.266568 4.01411e-05 0.606426 
6.24593e-06 0.0331277 0.00189088 0.00950061 0.0218316 0.219314 0.714329 
5.19699e-07 2.82304e-05 0.268497 0.00304095 0.13293 0.000233506 0.59527 
0.00347247 0.00204298 0.0145631 0.0715099 0.170555 0.00136653 0.73649 
0.00169681 0.107916 0.00870333 0.101277 0.384317 0.00361896 0.39247 
0.00217064 0.00932551 0.305469 0.0481435 0.266584 0.000461068 0.367845 
0.043833 0.00399927 0.0971007 0.284067 0.0701271 0.0143272 0.486546 
0.0011055 1.12937e-09 0.0519405 0.00256344 0.102196 0.00931761 0.832877 
0.0132594 0.0348939 0.013611 0.0965168 0.244204 0.00031405 0.597201 
0.0472912 0.0286499 0.0183633 0.0778413 0.197133 0.107019 0.523703 
1.49619e-06 4.07899e-06 0.0179343 0.0186914 0.0362764 2.61318e-06 0.92709 
0.000156922 5.79212e-08 0.0316236 0.117652 0.0178544 0.120135 0.712578 
0.00053665 0.0068847 0.0424623 0.243926 0.194512 0.0917001 0.419978 
1.34059e-05 0.00048001 0.00223336 0.0195708 0.0731951 1.25092e-05 0.904495 
3.13495e-05 0.0117499 0.134861 0.0176801 0.112951 0.0709785 0.651748 
0.000287685 0.00057407 0.00217373 0.0384724 0.0125833 5.20765e-06 0.945904 
0.185132 0.070043 0.0123267 0.294491 0.0700299 9.06602e-05 0.367887 
0.00151452 6.19203e-06 0.160813 0.00164827 0.218201 2.86991e-05 0.617789 
0.0454025 0.000545452 0.00529525 0.0622882 0.0042432 0.231276 0.650949 
4.27747e-05 1.00072e-05 0.169197 7.44812e-05 0.0455014 7.03922e-06 0.785167 
0.00122438 0.171091 0.0999861 0.167755 0.12426 0.000127721 0.435555 
0.0448737 0.0174932 0.00378318 0.299075 0.222799 1.25346e-05 0.411963 
2.44843e-09 0.0218705 0.0898599 0.20204 0.296034 4.76269e-05 0.390148 
0.000304601 0.00266497 0.0736641 0.013427 0.219807 0.00691255 0.68322 
0.00121573 0.00294398 0.00870941 0.25933 0.198426 0.000673654 0.528701 
1.15718e-06 0.000714224 9.84109e-06 0.00300281 5.12996e-09 0.000550056 0.995722 
0.0151666 0.0336047 0.0384298 0.0815641 0.17628 0.240965 0.413989 
0.0446439 0.0432835 0.00297599 0.224035 0.284327 0.00223832 0.398496 
0.000914258 0.00385394 0.0892189 0.127109 0.238246 1.01589e-05 0.540648 
0.00316173 2.96037e-07 0.0113405 0.0499382 0.0184272 5.9666e-08 0.917132 
1.23011e-05 0.000213624 0.0102089 0.0200001 0.0198357 3.53558e-05 0.949694 
0.000274105 0.000535778 0.333681 0.176532 0.0499975 0.000631727 0.438347 
0.0207336 0.017144 0.109677 0.0242771 0.288625 0.0571231 0.482421 
0.00457145 0.132325 0.000636694 0.0761405 0.226531 0.00795167 0.551844 
0.00592424 0.039167 0.00273106 0.206594 0.110327 3.48025e-05 0.635222 
0.00669114 0.0293275 0.0399498 0.103874 0.142118 0.0848242 0.593215 
7.95747e-06 7.96079e-06 7.96131e-06 7.96156e-06 0.208607 0.0414003 0.749961 
0.0222546 0.0545589 0.193814 0.077423 0.117905 0.0306936 0.503351 
0.000258169 0.0646871 0.0228694 0.175514 0.106515 0.0481852 0.581971 
0.0943112 1.53653e-06 0.000154328 0.0317079 0.0485893 4.60826e-05 0.82519 
1.34059e-05 0.00048001 0.00223336 0.0195708 0.0731951 1.25092e-05 0.904495 
4.65005e-05 0.106933 0.171556 0.0912336 0.266039 0.0361813 0.32801 
0.0107744 0.00418301 0.0113392 0.0589762 0.091525 0.0364658 0.786736 
1.14685e-06 3.20479e-07 0.137521 0.0811739 0.00720426 6.37917e-05 0.774036 
0.00840896 0.0190121 0.000645083 0.339068 0.0620522 9.20774e-05 0.570722 
1.23407e-05 2.31229e-05 0.0845554 9.02695e-05 0.410796 0.00617937 0.498343 
0.00666688 3.3178e-05 0.018715 0.0105407 0.019416 0.419641 0.524987 
0.000210643 0.0033738 0.0126259 0.0414354 0.00857529 0.0242522 0.909527 
3.24929e-05 0.00161186 0.0794066 0.179025 0.127797 0.0560621 0.556065 
1.05457e-05 0.0701337 0.0577269 0.0289715 0.249881 0.0277828 0.565494 
0.00316116 2.00606e-07 6.00724e-06 0.136432 0.110235 2.2522e-06 0.750164 
4.16097e-12 4.9597e-05 0.122308 1.7984e-05 0.434535 3.45408e-06 0.443086 
1.22919e-07 3.43488e-08 0.000337368 0.000285339 0.000240021 5.39007e-08 0.999137 
0.00040724 0.00383496 0.0844461 0.0741966 0.28196 0.000228426 0.554927 
0.0104401 0.000675522 0.332856 0.0864301 0.0385228 0.00425772 0.526818 
0.0216867 0.00830214 0.0420817 0.135923 0.181719 0.000474121 0.609814 
3.85798e-05 3.85959e-05 0.00775829 3.85996e-05 0.48641 3.85924e-05 0.505678 
0.00974715 0.0240721 0.00285461 0.13381 0.0149637 0.000347686 0.814205 
0.0169954 0.0157245 0.0711758 0.0173088 0.228325 0.0371318 0.613338 
8.92226e-05 0.0224074 0.0178907 0.0368144 0.198337 0.000265527 0.724196 
0.0183286 0.0189674 0.000272599 0.24983 0.0312452 0.00332518 0.678031 
1.77897e-10 4.27064e-08 0.0475862 0.0793791 0.266568 4.01411e-05 0.606426 
0.000538453 0.00366288 1.02122e-05 0.101365 0.00785443 2.47045e-07 0.886568 
1.15718e-06 0.000714224 9.84109e-06 0.00300281 5.12996e-09 0.000550056 0.995722 
1.20861e-05 0.0509527 0.070523 0.0546724 0.2499 0.00227799 0.571661 
0.000948856 0.023453 0.0397598 0.039795 0.261105 0.115325 0.519614 
0.0166537 2.43522e-07 0.0488351 0.15054 0.0278735 0.000406031 0.755691 
0.00369933 2.71613e-05 0.184014 0.103402 0.26145 0.000382602 0.447025 
0.000259843 0.00127639 0.0424393 0.00854063 0.109504 0.00680096 0.831179 
0.0165731 1.41574e-05 0.0127239 0.00320661 0.0356042 0.013953 0.917925 
0.00440024 0.00183195 0.118252 0.0641642 0.0953078 0.0014186 0.714626 
3.6819e-06 0.00469207 0.00287663 0.17762 0.191688 4.39764e-06 0.623115 
0.00994792 0.0220661 0.000862842 0.236688 0.144988 0.000467628 0.58498 
0.0272519 0.00655144 0.00495223 0.065332 0.401098 0.00392855 0.490886 
4.52828e-06 0.0634195 0.000371795 0.161574 0.00695506 0.211926 0.555749 
0.00172051 6.65051e-08 0.00224408 0.119909 0.128976 1.50124e-07 0.74715 
0.000266189 1.9584e-07 0.0273867 0.306529 0.187328 1.73797e-06 0.478489 
0.000342779 0.0658212 0.00655236 0.06682 0.0460563 0.000500456 0.813907 
0.00136824 0.00686452 0.133855 0.132887 0.35003 0.00230084 0.372694 
0.000114925 0.00367755 0.145045 0.0512699 0.194471 0.24605 0.359371 
1.81762e-06 0.000567451 0.0266174 0.0213545 0.0293028 0.00204735 0.920109 
2.54606e-07 0.00118693 0.0243602 0.0242237 0.322969 0.000421588 0.626839 
0.000246157 4.99942e-05 1.63201e-06 0.366869 0.125085 6.59176e-06 0.507742 
0.000585411 0.0148526 0.00126172 0.0386277 0.0923586 0.364545 0.487769 
1.77897e-10 4.27064e-08 0.0475862 0.0793791 0.266568 4.01411e-05 0.606426 
0.00240567 0.00888368 0.147251 0.0934905 0.117253 7.52618e-06 0.630709 
0.0684865 0.000405465 0.0501745 0.0418691 0.22608 0.000178258 0.612806 
1.38526e-07 0.00810334 0.00455281 0.000725348 0.00382524 0.37955 0.603243 
7.54586e-06 0.000113994 0.0128323 0.108676 0.156739 0.0214236 0.700208 
0.182034 0.028288 0.0659896 0.0839906 0.0761131 0.000814773 0.562769 
0.00211099 0.000804326 0.00228269 0.273602 0.00627493 0.000650964 0.714275 
0.000588907 0.0334215 0.0153799 0.159885 0.1985 0.000417961 0.591807 
1.15718e-06 0.000714224 9.84109e-06 0.00300281 5.12996e-09 0.000550056 0.995722 
0.0298919 0.0118722 0.0103477 0.225019 0.282255 0.0184373 0.422177 
0.000182052 0.00287028 0.0112383 0.0377128 0.00497528 1.20062e-06 0.94302 
0.00127988 0.000367624 0.0208867 0.0921481 0.176852 0.00545946 0.703006 
2.56515e-10 5.49508e-05 9.47791e-06 3.48837e-08 0.0314615 7.55898e-06 0.968467 
0.000431962 0.0394009 0.0485458 0.204329 0.288143 0.000419047 0.41873 
2.28414e-05 6.70749e-05 0.0734693 0.0258495 0.0403778 4.23039e-05 0.860171 
0.00272154 0.0494145 0.0112415 0.040438 0.0596004 9.85552e-06 0.836574 
2.10729e-05 0.000290512 0.147069 0.0472045 0.0193325 4.40596e-06 0.786078 
0.104567 0.000302727 0.0448037 0.0276174 0.127933 0.0875074 0.607269 
5.04517e-06 0.000477779 0.000205094 0.00257959 0.000166686 8.74462e-06 0.996557 
0.000725452 0.0600705 0.00848656 0.206067 0.102563 0.00106839 0.621019 
0.000121991 0.000515163 0.0121241 0.0746433 0.109543 4.33205e-06 0.803048 
0.0266401 0.0180767 0.0488839 0.0231408 0.32527 0.0470593 0.510929 
0.000895962 0.0242236 0.322259 0.0955813 0.141851 0.000721046 0.414468 
0.000507593 0.00716462 0.00555846 0.0126004 0.0340409 0.00397146 0.936157 
0.0491818 0.0490722 0.0462674 0.163604 0.332268 0.0141877 0.345418 
0.000357018 6.78386e-05 0.0641682 0.00852855 0.0858858 0.0163071 0.824686 
5.86023e-05 0.026264 0.0308991 0.137738 0.146292 0.000257769 0.658491 
0.0129606 0.000219261 0.0625698 0.0698833 0.176649 0.0479391 0.629779 
0.000317612 0.000977977 0.0463446 0.0479835 0.0555917 0.000317279 0.848467 
2.85597e-08 2.66221e-06 0.0347413 2.30738e-05 0.406485 0.00980955 0.548938 
4.80487e-08 0.00037713 0.0143562 0.0104945 0.186391 1.90221e-05 0.788362 
0.00850143 2.39314e-05 0.0980437 0.0415683 0.188056 0.00226596 0.661541 
5.91815e-05 0.000796656 0.0819163 0.072501 0.271028 1.34945e-05 0.573685 
0.00326827 0.0539633 0.169745 0.065053 0.188891 0.234189 0.284889 
2.69546e-06 9.81653e-07 0.198965 0.01056 0.0223717 0.000303315 0.767796 
0.000377865 0.0156444 0.0288751 0.021939 0.109142 0.00013482 0.823886 
4.11805e-07 4.54736e-06 0.0365652 0.0175182 0.14026 0.0032652 0.802386 
0.000680289 4.84048e-06 0.047488 0.0217151 0.0036439 3.1958e-05 0.926436 
0.000799051 0.00466156 0.099626 0.0285929 0.25933 0.0169761 0.590014 
4.43324e-05 0.000489828 0.0243896 0.148583 0.119241 0.00011374 0.707139 
6.16722e-06 0.00298613 0.0514298 0.0177706 0.326292 0.00877711 0.592739 
0.000583185 0.00037125 0.0073512 0.188156 0.116134 2.08197e-06 0.687402 
0.000421636 0.00238323 0.0730876 0.196792 0.143842 0.00011287 0.583361 
0.00348123 0.000187776 0.016537 0.21766 0.306783 0.000425934 0.454925 
1.05387e-06 0.12727 0.127962 0.202907 0.228718 0.000972176 0.31217 
0.000444833 0.000458058 0.103226 0.0023745 0.181356 0.00240325 0.709737 
0.000317612 0.000977977 0.0463446 0.0479835 0.0555917 0.000317279 0.848467 
4.55705e-09 0.0363475 0.124813 0.124256 0.186133 0.000741078 0.527709 
1.37277e-07 0.120847 0.0853742 0.0329145 0.221459 0.00200458 0.537401 
0.0131816 0.000123537 0.0417967 0.0808983 0.160234 0.000220131 0.703546 
0.00445468 0.0403004 0.00819843 0.38419 0.0745509 0.00061933 0.487687 
0.0194262 0.0122741 0.119794 0.0596204 0.370604 0.0166324 0.401648 
7.93814e-05 0.000147266 0.0817549 0.0412863 0.154059 0.000276245 0.722397 
1.29581e-06 1.84738e-11 0.00570338 0.120667 0.0419819 0.000863154 0.830784 
0.00592424 0.039167 0.00273106 0.206594 0.110327 3.48025e-05 0.635222 
0.000959211 1.17342e-07 1.57009e-05 0.011452 0.0450511 9.74483e-05 0.942424 
0.00268734 0.00145088 0.0314088 0.154472 0.102571 8.35941e-05 0.707327 
1.77897e-10 4.27064e-08 0.0475862 0.0793791 0.266568 4.01411e-05 0.606426 
0.00136282 1.58566e-05 0.00436561 0.0208578 0.163848 0.00225253 0.807298 
8.39041e-05 0.0241163 0.0073893 0.333172 0.0895205 6.82393e-05 0.54565 
0.0060164 0.0293424 0.043051 0.367272 0.177467 0.00581974 0.371031 
0.000389908 0.0288695 0.0524917 0.0627629 0.399362 0.00808703 0.448037 
0.0706069 0.0383619 0.0297066 0.1691 0.0901467 0.000420601 0.601657 
0.0266779 0.0119521 0.0397411 0.0710084 0.225881 0.135009 0.48973 
0.000144781 0.00202341 0.00962506 0.0982246 0.0153057 0.130654 0.744023 
0.000426905 5.15639e-05 0.0929464 0.120313 0.0559127 0.000164144 0.730185 
0.0487685 5.4404e-05 0.0600597 0.0714901 0.286041 0.00881382 0.524772 
0.0102001 0.0172936 0.00204131 0.392734 3.58083e-07 3.58004e-07 0.57773 
0.398555 2.36334e-07 1.19304e-05 0.000787709 0.0081281 5.62851e-05 0.592461 
7.91933e-05 0.0299002 0.00790261 0.136833 0.0648143 0.000174787 0.760296 
0.247037 0.022753 0.00074187 0.0666658 0.197638 0.00674467 0.45842 
1.97664e-05 5.939e-06 0.00425031 0.034697 0.121262 0.00107441 0.838691 
0.0755921 0.0197122 0.14583 0.147252 0.165498 1.87878e-07 0.446116 
0.000167612 0.0335246 0.182612 0.0560949 0.102319 0.000125714 0.625156 
0.0515489 0.00147485 0.103204 0.0840918 0.137351 0.0101768 0.612153 
2.46887e-06 8.29815e-07 0.039106 0.397061 0.0926311 1.30861e-07 0.471199 
7.01896e-05 0.0257738 0.0496296 0.0223776 0.134282 0.000171884 0.767695 
1.15718e-06 0.000714224 9.84109e-06 0.00300281 5.12996e-09 0.000550056 0.995722 
0.0456423 0.0167996 0.0690228 0.10428 0.115225 0.0375563 0.611474 
0.000205005 3.93169e-09 0.0244255 0.0416442 0.113754 0.00107198 0.818899 
0.00974214 2.48758e-06 0.000126728 0.177976 0.0407306 7.75084e-05 0.771345 
0.00246209 0.000207883 0.0681619 0.0124371 0.0277604 1.73476e-06 0.888969 
0.0012454 0.00081407 0.0519228 0.150913 0.143 0.0177827 0.634322 
0.00022927 0.000441265 0.000325841 0.0355898 0.000852885 1.88082e-08 0.962561 
0.000273702 0.0131597 0.0944787 0.0650037 0.0268507 5.29302e-05 0.800181 
0.00694068 0.00112369 0.0947193 0.00625958 0.259781 0.0148999 0.616276 
8.66481e-08 0.0438703 0.00757359 0.000255844 0.156687 3.79957e-08 0.791613 
0.000615406 0.13332 0.0139311 0.322417 0.130174 0.000168048 0.399375 
0.00133672 2.44743e-08 0.150349 0.00130459 0.415268 9.76121e-07 0.43174 
0.00837907 0.000214887 0.0264907 0.0445086 0.215657 0.00964354 0.695106 
1.29581e-06 1.84738e-11 0.00570338 0.120667 0.0419819 0.000863154 0.830784 
0.0118563 8.46632e-06 8.46688e-06 0.0838332 0.151575 8.46555e-06 0.75271 
0.0010883 0.00109426 0.0506406 0.017877 0.154273 0.000515031 0.774512 
0.000476985 0.00194871 0.036054 0.0501953 0.181257 0.00280602 0.727262 
5.33526e-05 0.0163273 0.170789 0.00614534 0.0775329 7.70864e-05 0.729075 
2.92169e-07 1.51563e-05 0.0222422 0.343352 0.24689 0.00113909 0.386362 
1.02801e-05 3.14484e-05 0.0443174 0.0160272 0.238712 8.10872e-05 0.700821 
0.0111905 0.0414652 0.0514975 0.233834 0.103726 0.00122639 0.557061 
0.000432919 0.000896758 0.040259 0.0712535 0.390741 0.000381544 0.496036 
0.0143302 2.17182e-06 0.107297 0.0760233 0.364262 0.0143348 0.42375 
0.0155587 0.00522466 0.00899172 0.16406 0.168715 0.000136585 0.637314 
0.000379204 0.102603 0.1841 0.131363 0.250861 0.0414403 0.289253 
0.000454964 0.00720012 0.0897747 0.0565717 0.0448721 0.000278366 0.800848 
0.00086922 0.00121091 0.158318 0.0285512 0.0774365 0.0293629 0.704252 
0.00155542 0.0368621 0.0135982 0.043691 0.216495 0.232371 0.455427 
1.55218e-05 5.1595e-05 0.0568419 0.0009951 0.140168 0.171972 0.629955 
0.000479756 0.00878458 0.0226314 0.0972523 0.419918 0.0105199 0.440414 
7.8101e-08 0.00738862 0.0202034 0.071473 0.228057 0.000829422 0.672048 
0.000996275 1.61216e-06 0.00317951 0.396554 0.0691205 0.000800848 0.529347 
0.000267574 0.00043051 0.115549 0.026926 0.366108 0.000332309 0.490387 
0.00380482 0.00197208 0.0209677 0.207637 0.106609 0.00115182 0.657858 
0.000185765 1.40694e-07 0.0421574 0.091962 0.227023 0.00454773 0.634124 
6.72596e-11 0.0014911 0.00314044 0.128342 0.377903 4.15305e-08 0.489122 
0.000435043 0.00451844 0.00183206 0.3113 0.108449 0.000360575 0.573105 
0.000363184 1.84187e-09 0.000288539 0.000225096 0.000348938 6.87919e-05 0.998705 
2.73729e-05 0.0282804 0.0468406 0.064398 0.37358 0.000265405 0.486608 
0.00466114 0.0221864 0.0676401 0.0199746 0.42054 0.000907207 0.46409 
0.00121368 0.0180071 0.0958048 0.0329041 0.0597882 0.00284684 0.789435 
4.52828e-06 0.0634195 0.000371795 0.161574 0.00695506 0.211926 0.555749 
4.35046e-06 0.000146409 0.0203079 0.000330771 0.230996 9.90008e-05 0.748115 
3.10041e-05 3.55002e-05 0.0269202 0.00422974 0.225175 0.0270222 0.716587 
0.0925425 0.00317736 0.0096245 0.0423017 0.0896493 0.00282999 0.759875 
0.135596 0.0305538 0.00499853 0.0699241 0.229019 0.00273748 0.527171 
0.000284244 2.03131e-06 0.0475672 0.0635213 0.155719 0.000582236 0.732324 
3.53126e-05 0.00434401 0.083544 0.0205604 0.0573651 0.000361015 0.83379 
0.000572829 0.00044311 0.0418112 0.0718645 0.0834799 0.000578746 0.80125 
0.0016158 0.0197795 0.0179915 0.0544961 0.229845 0.00525786 0.671014 
0.104567 0.000302727 0.0448037 0.0276174 0.127933 0.0875074 0.607269 
0.00779502 0.0313085 0.00851669 0.328796 0.132262 0.000403673 0.490918 
0.264513 1.57487e-07 0.000923641 0.243735 0.00362388 0.000408519 0.486796 
0.000223099 0.00823159 0.269274 0.0369666 0.0900331 0.207359 0.387913 
0.00296568 1.17044e-06 0.0546385 0.088861 0.0940857 0.000153338 0.759295 
0.000221595 0.0104644 0.0213939 0.0249592 0.271141 0.0186673 0.653152 
4.64754e-06 0.000767236 0.340131 0.000267598 0.252082 0.0126761 0.394071 
0.000813536 0.0301944 0.257389 0.094157 0.258338 0.0188195 0.340288 
0.00592424 0.039167 0.00273106 0.206594 0.110327 3.48025e-05 0.635222 
5.0457e-05 0.0309684 0.0642875 0.0127922 0.159642 0.272904 0.459355 
0.000177597 0.0226584 0.0227721 0.40016 0.103427 0.000267062 0.450538 
0.0319733 0.00241435 0.00404959 0.13144 0.29336 0.0045062 0.532256 
0.000192808 0.0321317 0.119721 0.0677104 0.263741 0.0107001 0.505803 
0.135596 0.0305538 0.00499853 0.0699241 0.229019 0.00273748 0.527171 
4.34775e-06 0.00542977 0.00417227 0.0239883 0.00481689 0.000346975 0.961241 
0.000114065 0.00559746 0.040137 0.160191 0.236636 7.4384e-05 0.55725 
0.0668756 3.34351e-05 3.34373e-05 0.264196 0.254173 3.34321e-05 0.414655 
1.16435e-05 0.0591696 0.0099228 0.199123 0.0995179 0.0844742 0.54778 
6.94643e-08 7.38819e-08 0.00156202 0.0197731 0.0568295 0.00136542 0.92047 
2.19042e-05 0.000101609 0.040777 0.0351873 0.198233 0.00367255 0.722006 
0.011763 9.78226e-07 0.00121296 0.00105444 0.00192395 0.156084 0.827961 
8.1362e-10 1.00153e-05 0.000889902 3.03018e-06 0.00951029 0.00308967 0.986497 
0.153994 0.00130385 0.0122499 0.0415154 0.067625 0.00299664 0.720315 
0.000565076 0.000601467 0.115177 0.119772 0.140094 0.00028989 0.623501 
1.47299e-07 3.82357e-07 0.155662 0.274207 0.284065 0.00191638 0.284149 
2.48917e-06 1.07132e-05 8.9847e-06 0.070819 8.60917e-06 1.5689e-06 0.929149 
0.0302218 5.51643e-05 0.0215063 0.179018 0.0345305 0.00479852 0.72987 
3.62038e-07 0.00039901 0.0150689 0.0102037 0.02258 5.22642e-07 0.951747 
0.000634413 0.00851112 0.224819 0.0523511 0.161008 0.00100283 0.551674 
1.90774e-06 0.00232843 0.0504411 0.0420688 0.0948954 0.0766647 0.7336 
0.0171604 0.00531492 0.0271318 0.171126 0.0953516 0.0802751 0.60364 
0.0277377 0.0250917 0.0666054 0.222528 0.265117 0.00192509 0.390995 
4.65132e-06 0.0152721 0.132653 0.113885 0.141281 0.0601896 0.536715 
0.0361955 0.000384554 0.00746367 0.150507 0.399709 0.00245053 0.403289 
0.00719659 0.00237541 0.0746351 0.0627338 0.120865 0.000427218 0.731766 
0.000378427 0.000670262 0.070528 0.107186 0.355947 1.84378e-05 0.465273 
0.000315525 0.0194692 0.095597 0.111318 0.0851557 0.00054634 0.687598 
0.000197804 0.000883743 0.115607 0.00164524 0.149468 0.0208135 0.711385 
0.00337855 0.00433684 0.140143 0.0092057 0.347346 0.000701468 0.494888 
0.0292011 0.00535921 0.123528 0.00905237 0.222162 0.00486013 0.605837 
0.00622055 0.0166007 0.120276 0.0247606 0.380026 0.000181653 0.451934 
2.85863e-06 1.66387e-10 1.00872e-10 0.0248546 0.00821712 0.00307251 0.963853 
0.0014223 2.02196e-07 1.42514e-06 0.000503037 0.000221962 0.00140113 0.99645 
0.00174825 0.00288573 0.293843 0.0271974 0.140565 0.0456508 0.48811 
0.00183857 0.000842101 0.0164368 0.0294648 0.00612967 1.56739e-05 0.945272 
4.52828e-06 0.0634195 0.000371795 0.161574 0.00695506 0.211926 0.555749 
0.00401977 0.0849432 0.0373215 0.0869778 0.2172 0.0290447 0.540493 
1.98124e-06 0.0029367 0.0607989 0.0437596 0.0257445 6.72854e-06 0.866752 
0.00106652 0.0419806 0.0234192 0.0496316 0.0896791 0.0268439 0.767379 
0.0140564 2.11726e-10 2.95353e-07 0.0129889 1.20446e-06 0.00245497 0.970498 
0.00090427 0.000717809 0.00223436 0.00260268 0.000933185 2.5255e-08 0.992608 
0.000600048 0.00040951 0.0562189 0.150314 0.346699 0.0384506 0.407309 
0.00193683 0.0111039 0.126102 0.0351912 0.211731 0.00523122 0.608705 
0.000804677 1.42192e-11 0.00155226 0.000132721 0.00199662 0.103074 0.892439 
8.90716e-06 1.3971e-08 0.0138151 0.232389 0.00669703 0.00769189 0.739398 
2.27935e-06 0.0124309 0.36851 0.0104666 0.0539047 0.000316111 0.554369 
4.31605e-05 0.00471473 0.00439998 0.0561598 0.268697 1.40295e-05 0.665972 
1.87903e-07 0.105785 0.0384979 0.00202885 0.108105 0.00027019 0.745313 
8.1362e-10 1.00153e-05 0.000889902 3.03018e-06 0.00951029 0.00308967 0.986497 
0.00114487 0.000181726 0.074076 0.0643289 0.21348 0.0136421 0.633147 
0.000319224 0.0160331 0.0716523 0.2027 0.148453 0.000840136 0.560002 
2.07376e-05 0.0502645 0.0124637 0.102637 0.0636337 0.101196 0.669785 
0.135596 0.0305538 0.00499853 0.0699241 0.229019 0.00273748 0.527171 
0.398555 2.36334e-07 1.19304e-05 0.000787709 0.0081281 5.62851e-05 0.592461 
0.000311049 1.97083e-05 0.0168624 0.35313 0.00952441 0.000312669 0.61984 
0.0227825 0.0567894 0.0247534 0.211282 0.326909 0.00374897 0.353735 
0.000483538 0.00588928 0.0455918 0.0281942 0.246766 0.00262694 0.670448 
0.00183521 0.00153871 0.0935354 0.00706273 0.115083 0.0782891 0.702656 
