0.230623 0.014019 0.0442879 0.0182781 0.00679833 9.02288e-05 0.000483818 0.0079194 0.0327531 0.113847 0.000584442 0.159255 0.0133251 0.00187482 0.0577362 0.0417359 0.00180205 0.103078 0.151507 1.20273e-07 
0.184127 0.00589932 0.0709465 0.00415758 0.00930935 2.99804e-05 0.000325759 0.00932517 0.0672794 0.0723161 0.00521758 0.0883409 0.00573873 0.125436 0.0948536 0.007054 0.00399555 0.0875724 0.158074 1.86792e-08 
0.174836 0.0139764 0.145357 0.000112015 0.0394391 0.000155565 4.56977e-05 0.00315674 0.0413618 0.108282 0.0017054 0.165115 0.00439176 0.000202229 0.167594 0.0462941 2.37987e-05 0.0811234 0.00682625 1.16792e-06 
0.677965 0.0569336 0.00244278 0.0116093 0.000360682 0.000104515 2.9899e-05 0.000212803 0.000428671 0.030774 5.67397e-06 0.148372 0.0331838 0.00020631 0.0257856 0.000176336 7.04063e-06 0.00759098 0.00381128 2.02604e-08 
0.543523 0.0996328 0.0170807 0.00171173 0.0117734 2.4586e-09 5.79767e-05 0.00125658 0.0010753 0.10232 2.59103e-05 0.117474 0.00355002 8.06434e-05 0.00110084 0.00716948 2.71952e-05 0.0655703 0.00869453 0.0178761 
0.995154 0.00103103 9.65155e-06 6.53296e-05 1.21037e-05 7.5428e-05 3.99328e-05 7.9644e-06 9.54067e-06 4.05468e-06 4.25454e-05 0.000656008 0.00266231 3.48437e-05 6.85602e-06 1.8468e-05 8.81299e-05 4.23276e-06 5.00731e-06 7.23696e-05 
0.752019 2.53077e-05 2.45915e-05 0.000316783 3.23004e-05 5.9511e-07 0.00031676 2.33654e-06 0.000397629 4.16804e-05 2.01497e-06 0.0294369 0.00633093 4.01255e-07 0.000678916 5.47585e-06 0.000253543 0.0189628 0.191151 8.33397e-07 
0.445887 0.0110528 0.0494398 5.97612e-05 0.00267238 0.000124097 0.0208761 0.0368103 0.00291752 0.0452287 0.00936589 0.141112 0.0721934 0.000313344 0.0168059 0.000532694 0.000139335 0.0281343 0.116334 2.68951e-07 
0.586729 0.00748573 0.0116516 0.00302378 0.00708945 4.26325e-06 0.0496483 0.000488123 0.0136723 0.00931821 0.000757188 0.0850275 0.0129808 0.0382732 0.0360145 2.56534e-05 0.00270832 0.0276749 0.107301 0.00012596 
0.414303 0.00194775 0.0297806 0.00355853 0.198006 7.08547e-06 0.00238794 0.00707685 0.0156223 0.0239057 2.19609e-05 0.149051 0.00124902 4.81694e-05 0.0248379 0.000323977 0.000101108 0.05331 0.0743008 0.000161174 
0.24737 0.0146949 0.0382405 0.00875744 0.0253078 5.98417e-07 0.0102855 0.0545958 0.0573133 0.0951675 0.0041145 0.0681665 0.0152597 0.000528111 0.0232304 0.00595489 0.0105716 0.186698 0.133742 8.49013e-07 
0.443246 0.00248472 0.0311139 2.98171e-08 0.277813 1.53731e-05 1.82257e-08 0.000195792 0.00252708 0.0331634 0.0286852 0.105799 5.76389e-06 0.000133951 0.0117513 0.00588326 1.19898e-05 0.0512475 0.00592336 3.30302e-08 
0.819563 0.00251359 0.000905313 6.68983e-06 0.0107524 5.96821e-06 0.00608976 2.39308e-05 0.00012769 0.0364666 0.000357478 0.0284754 0.000117469 2.13537e-05 0.00470161 0.0102052 4.22939e-06 0.0786092 0.00105093 1.72758e-06 
0.447013 0.000561946 0.0862069 7.52994e-10 0.00262084 5.95638e-10 5.23693e-07 1.85064e-08 0.0765425 4.67345e-11 8.19332e-06 2.44205e-06 0.00396749 0.210909 0.0255197 2.12864e-10 2.50562e-07 0.10979 0.0368565 8.34137e-10 
0.403497 0.00691413 0.118135 0.00148762 0.00354795 5.07411e-11 0.00163202 0.0205511 0.0444803 0.0990098 0.00429318 0.0189988 0.0133335 0.0348879 0.0889764 0.00144019 0.00890601 0.014286 0.115611 1.21516e-05 
0.774984 3.9662e-05 0.00324297 2.03379e-05 0.00314087 3.56512e-05 0.000425031 2.60819e-06 0.00579141 0.0213674 0.021292 0.033716 0.0533201 0.00616141 0.00590169 3.66577e-07 0.0189358 0.00811891 0.043504 2.92994e-10 
0.993214 0.000555861 0.00031407 0.000114562 6.93576e-05 4.42169e-05 8.53937e-05 0.000608922 0.000128511 0.000442291 1.81925e-08 0.000482276 0.000841751 5.06722e-05 2.93164e-09 0.000394066 3.78266e-05 7.65622e-05 0.000317531 0.00222191 
0.520427 0.0035773 0.0492457 0.000129092 0.0229022 8.8603e-05 4.1963e-05 0.00166984 0.0143932 0.054406 6.97227e-05 0.13773 0.0128368 0.000491825 0.0218552 0.0436883 6.03607e-05 0.0725599 0.0438242 3.05502e-06 
0.535885 0.00470013 0.0048835 6.19769e-05 0.000497633 2.41016e-06 0.00608507 2.58983e-05 0.0133488 0.00511151 0.000340814 0.0856122 0.0388237 0.00421559 0.0213847 0.000158907 0.000167628 0.00445527 0.274239 2.05813e-08 
0.59282 0.000620373 0.0237991 2.81369e-06 0.035373 0.000459481 0.00243963 6.1835e-07 0.00191656 0.0413339 0.000189802 0.0674634 0.0651669 0.00155101 0.0013992 0.000398222 1.62959e-05 0.103126 0.0615963 0.000327016 
0.178728 0.0255567 0.0350239 0.00083493 0.0211456 4.50844e-07 0.0307871 0.000301842 0.0300043 0.135666 0.000643104 0.099319 0.1093 0.0125436 0.0832423 0.0037709 0.000936617 0.0857231 0.146472 2.77016e-07 
0.638547 0.000865624 0.0094401 1.13963e-09 0.0220193 9.01479e-10 0.000415611 0.000957209 7.75844e-05 0.0399133 0.0620351 0.0747899 0.00659199 0.000119922 0.00157168 0.051524 2.20421e-10 0.0910274 0.000104505 1.26244e-09 
0.282348 0.000498835 0.0381893 3.96839e-06 0.105721 2.26665e-07 0.00544909 0.000317632 0.0320249 0.0565486 6.69333e-06 0.147956 0.000671193 0.000457022 0.0259662 0.000479423 0.000976754 0.0809901 0.221386 9.34921e-06 
0.275786 0.0175221 0.107378 0.000108891 0.00429617 0.000330235 0.000288663 2.31619e-05 0.019337 0.0334599 0.0237608 0.0422261 0.0155023 0.190706 0.00458179 0.0161159 0.206528 0.0206154 0.0214347 3.75148e-08 
0.837308 0.000749361 0.00891299 8.70962e-05 0.000495606 7.90656e-10 0.000147692 1.14035e-07 0.000293964 8.91034e-05 3.65891e-05 0.141133 2.17456e-06 7.24431e-06 0.00089204 4.03175e-05 3.30955e-07 0.00947691 0.000326952 1.10724e-09 
0.332107 0.0012146 0.0253988 0.000204822 0.0135626 0.000765545 0.0043511 0.009723 0.122888 0.0352763 0.00101799 0.158296 0.0478941 0.00116721 0.0191599 0.00125045 0.000225907 0.0603238 0.1649 0.000272447 
0.623626 0.00768327 0.028252 0.000180509 0.0155362 1.79321e-06 0.000503005 0.018151 0.0288065 0.0430511 0.00016981 0.0937151 0.00236579 0.000276605 0.0135374 0.000962865 0.00205081 0.0804668 0.0236092 0.0170538 
0.347718 0.0100277 0.0638282 9.61382e-06 0.00248148 0.000548587 0.045619 0.000299153 0.00309943 0.0874753 0.00592883 0.0590696 0.29038 0.00686409 0.0402413 0.00346741 0.00102072 0.00740221 0.0243879 0.000132009 
0.231228 0.224139 0.0714439 1.00595e-06 0.0047761 1.89415e-06 0.00367162 2.31899e-05 0.00372918 0.0238517 0.00724792 0.179083 0.0254403 6.93054e-06 0.0295234 0.000933107 8.64667e-06 0.181716 0.0131751 1.16311e-09 
0.37269 0.00851442 0.0213273 0.000843251 0.00520324 1.85633e-06 5.38429e-05 0.00910463 0.00448068 0.0333134 0.000420121 0.330355 0.0287414 0.00155221 0.0215571 0.00133024 0.00106165 0.0182357 0.141214 1.1638e-08 
0.437615 0.000134112 0.0129535 0.000339565 0.00405883 4.1138e-09 5.19668e-05 0.000738166 0.213261 0.0156217 0.000702281 0.0257487 0.0283586 0.180022 0.00559491 8.33791e-05 0.0167219 0.00353243 0.0544627 7.10532e-11 
0.853975 0.0056562 0.000322293 6.84982e-05 7.76326e-05 4.47849e-05 0.00430645 0.00204432 0.00231313 0.000880362 0.000693328 0.114184 0.00246091 6.82206e-05 0.000344496 9.83e-05 6.80218e-05 0.00739911 0.00497873 1.66479e-05 
0.887083 0.00106828 0.00154763 0.00101579 0.000746185 3.78196e-07 1.51491e-05 1.35811e-06 6.60596e-05 0.000789804 6.71898e-05 0.0617242 0.0424964 1.82469e-06 0.000288171 1.35156e-07 9.24729e-08 0.000733596 0.00224858 0.0001056 
0.874273 9.7168e-05 0.0029973 2.41577e-05 0.0307337 3.63345e-05 1.16096e-05 1.34317e-08 0.0269077 0.000393815 4.92214e-06 0.00585372 0.000398383 1.80582e-05 0.00105314 7.65466e-05 1.22661e-05 0.0484263 0.00868187 1.93631e-07 
0.616166 0.00745404 0.00134206 1.10721e-05 0.000598343 1.46846e-08 0.00014752 9.8108e-06 0.00299033 0.0272353 0.00189438 0.0840201 0.0035058 0.030749 0.0310298 0.00127869 0.00674118 0.0277894 0.157038 3.04401e-08 
0.432854 0.000410184 0.00817168 0.000253553 0.00716786 0.0128388 0.000127315 0.000178926 0.0136737 0.00206947 0.0159938 0.0423658 0.0190344 0.0509001 0.0514151 3.93513e-05 0.0137564 0.0758927 0.252242 0.000615089 
0.540178 0.0181257 0.141449 0.00195303 0.0362003 0.00210594 0.000156952 0.0012608 0.0184794 0.00621206 6.77876e-05 0.0760478 0.000316693 0.000704085 0.00107892 0.000926252 1.81107e-06 0.0927566 0.0619791 8.86046e-08 
0.357446 0.00329123 0.0332387 5.70665e-05 0.00225378 4.35021e-06 5.75971e-05 0.00462083 0.0146624 0.00489223 4.52549e-05 0.0588988 0.163161 0.00298166 0.123346 0.00257872 0.088784 0.0127442 0.126934 2.23738e-06 
0.454009 0.0245911 0.0559002 2.17311e-06 0.0275058 8.18502e-06 0.135428 0.000688058 0.000363723 0.136299 1.50947e-05 0.063565 0.0100553 0.00148499 0.00305106 0.0346299 4.55086e-07 0.0477542 0.000867967 0.00377999 
0.379732 1.15661e-07 0.000509069 3.80383e-05 0.335523 1.4097e-05 6.5752e-08 5.64478e-08 0.0101687 1.14021e-06 0.000349648 0.00729508 0.00863931 0.166988 0.00125711 2.69643e-05 0.0104908 0.00244462 0.0765217 4.10149e-09 
0.388564 0.00151584 0.0227122 2.00115e-05 0.0517585 0.000370239 7.48306e-05 0.00723596 0.0938942 0.040497 0.0010373 0.124109 0.00731775 0.00946228 0.0138486 0.000704858 0.000214114 0.122581 0.113924 0.000157132 
0.285299 0.00189188 0.0891514 1.29063e-07 0.0619405 0.144805 0.000181374 2.3666e-05 0.00278174 0.0360856 0.0115099 0.117734 0.167917 5.86907e-07 2.45504e-07 4.55198e-07 0.000726635 0.0143033 0.0655937 5.27789e-05 
0.345295 0.00665798 0.000366056 4.79072e-07 0.172967 2.92021e-10 0.00167999 3.75337e-06 0.019991 0.0485321 9.19927e-05 0.0935484 0.00948151 2.51045e-07 0.023363 0.00156752 0.00037947 0.0320526 0.244022 4.0895e-10 
0.599918 0.0162092 0.00433963 0.000231371 0.00297304 2.32739e-07 0.00290525 0.0032751 0.00166634 0.0177166 5.70625e-05 0.111919 0.078716 0.0202418 0.00648739 0.0004106 0.000579182 0.00728995 0.107005 0.0180588 
0.364725 0.0184346 0.00759655 0.00549467 0.00640377 5.34649e-07 0.000306412 0.000599376 0.0309611 0.0317585 0.000228091 0.271147 0.00442462 0.00561904 0.0167312 0.000280072 0.000268203 0.190888 0.0441328 1.1864e-07 
0.334704 0.00200242 0.112374 7.15939e-06 0.0750333 6.09695e-05 3.72727e-05 0.000202302 0.0111606 0.0104359 0.00123555 0.0105138 0.0404606 4.36635e-05 0.0155739 5.18792e-05 0.000474728 0.0660466 0.31958 1.81034e-07 
0.514937 0.00210337 0.00357361 6.78551e-05 0.0414412 2.04023e-09 5.6135e-05 0.000131561 0.00274309 0.0484674 0.00188552 0.0465265 0.000101482 1.76495e-05 0.00219561 0.000617498 6.29627e-06 0.24632 0.0884346 0.000373776 
0.539615 0.00996141 0.015772 6.33469e-05 0.0701969 1.7209e-05 0.000179758 0.0134923 0.0131824 0.0355152 0.000896197 0.208738 0.00217872 0.000148764 0.00875661 0.00237042 0.000223784 0.0544661 0.0239674 0.000257686 
0.578599 0.000737727 0.0054963 8.31356e-06 0.00681032 1.15265e-06 5.3679e-05 6.89803e-05 0.000529434 0.000980345 9.22455e-06 0.251449 0.0187572 5.8844e-06 0.0241983 0.000109488 2.68951e-06 0.024462 0.0877195 1.61418e-06 
0.553922 0.000772801 0.00631515 2.02389e-05 0.00614024 0.00844891 0.00182406 0.0111804 0.00473855 0.0162085 0.000783409 0.0703588 0.0507363 0.000203558 0.0207341 0.000325885 0.00267467 0.0141582 0.230454 2.0164e-09 
0.346254 0.0846134 0.0180766 2.74489e-05 0.0542264 1.72857e-05 0.00287654 9.51585e-06 7.15979e-05 0.0511342 0.126581 0.0281228 0.197598 0.0158778 9.85443e-06 1.78173e-06 6.10623e-06 0.0661104 0.00838465 5.22528e-07 
0.474674 0.00984204 0.0273509 1.24879e-08 0.00254049 0.00020664 0.000253763 1.52241e-09 0.00865832 0.0322187 0.00451541 0.0230319 0.0420141 1.13124e-05 0.00260457 0.000998148 4.78562e-06 0.0205005 0.350572 2.64988e-06 
0.931568 0.00306266 0.0276948 4.3284e-05 0.00139881 2.27493e-06 0.00128049 8.11821e-06 0.000800763 0.00192939 0.00022026 0.00793551 0.00234905 0.00971985 0.000323979 5.91696e-05 2.99453e-05 0.00042098 0.0111522 5.10822e-08 
0.452711 3.42338e-05 0.0148998 3.74723e-05 0.00237113 1.61558e-05 0.00192508 0.070193 0.000874033 0.0192237 0.00469648 0.00593177 0.0123705 0.00679416 0.00781056 0.000726748 0.00039054 0.00178087 0.397213 1.70102e-09 
0.664193 0.0160973 0.000956666 0.000689809 0.00209625 3.93689e-07 0.0200983 0.000181405 0.018301 0.00520672 0.000393149 0.0047298 0.0326861 0.119743 0.00314533 9.72138e-07 0.00114984 3.83163e-05 0.110292 5.51326e-07 
0.622789 1.42741e-07 0.0743017 8.45793e-08 0.0107938 1.52512e-10 8.89523e-08 2.54928e-07 0.0126841 0.00527909 9.3743e-07 0.0969055 2.70018e-08 5.27638e-08 2.02337e-11 9.94024e-07 5.99401e-07 0.173357 0.00388676 2.55424e-07 
0.807957 0.000118448 0.00194705 3.4353e-05 0.0414965 2.47265e-07 5.39127e-07 1.68087e-07 0.00494094 0.00160781 2.00159e-07 0.0295112 0.000132247 4.62903e-05 0.00599257 1.52129e-05 0.00389164 0.0601065 0.0388062 0.00339459 
0.212354 0.00771554 0.039247 0.00103513 0.0293157 2.27768e-06 0.000394938 0.00540701 0.103027 0.096185 0.00128303 0.118099 0.00716016 0.014652 0.030528 0.0189351 0.0600194 0.113156 0.141484 1.2221e-08 
0.648825 0.0131372 0.00469597 0.00121936 0.00665755 4.38097e-06 9.34582e-05 0.0111569 0.00614282 0.0455348 0.000526304 0.211756 0.0186152 0.000100015 0.000401254 0.00232666 0.0158041 0.000586698 0.0124166 7.54387e-08 
0.681998 0.000205463 0.00630707 5.0495e-05 0.100793 7.82566e-07 2.28422e-05 0.000150751 0.0212517 0.0104766 0.000679563 0.0489934 0.000159614 0.00968644 0.0072665 7.1687e-05 0.00214969 0.0437226 0.0608702 0.00514425 
0.318858 0.015387 0.076366 5.96216e-07 0.00310728 1.12275e-06 0.000811933 0.00113351 0.00767997 0.0286348 1.60148e-06 0.204673 0.189291 0.000883879 0.0755654 0.000233188 6.23919e-05 0.0636346 0.0136693 4.7102e-06 
0.758704 0.00163957 0.000248786 0.000112978 0.0026718 1.121e-08 8.64548e-05 1.05985e-06 0.000401354 0.00162464 4.03344e-05 0.0525445 0.00180848 3.26483e-05 0.00037069 2.49114e-07 2.74097e-09 0.00859292 0.0131173 0.158003 
0.672034 0.00248228 0.0272944 0.000184026 0.00868729 1.75133e-06 0.00978062 0.000729 0.00588249 0.0106318 0.0138599 0.125969 0.00755104 0.000176726 0.00671232 4.69475e-05 2.97545e-06 0.00840502 0.0995601 8.13303e-06 
0.330969 0.00102224 0.00708394 5.66585e-05 0.0197601 0.000627122 0.00296054 0.000616305 0.00737311 0.00468648 0.203796 0.0402058 0.022662 0.00379502 0.0136994 0.000227772 0.052503 0.0532064 0.234749 9.0984e-08 
0.785019 0.0419747 0.000540006 4.51477e-06 0.00101116 1.20934e-07 0.000554953 0.000111061 0.00104475 0.00135333 0.000660531 0.0245344 0.00330329 0.00140669 0.00377132 1.43374e-07 0.00931546 0.0985869 0.0268075 3.52222e-09 
0.251205 0.00038701 0.132685 0.0707628 0.025414 0.0201394 1.62353e-06 7.02948e-05 0.00041614 0.0668053 0.0134317 0.00853842 0.0646699 1.98827e-05 0.0115505 0.0168896 1.25701e-05 0.206025 0.110266 0.000709382 
0.478268 0.00971275 0.0844256 1.47317e-05 0.0601007 1.80022e-05 0.0114971 0.000691577 0.00403537 0.142663 0.00047957 0.0525132 0.0110064 0.00498 0.0110006 0.00415987 1.43731e-05 0.012474 0.111944 8.25966e-07 
0.317206 0.00540615 0.0438704 0.0226254 0.0363164 0.000138819 0.0021216 0.00416756 0.0251182 0.0242243 0.00164832 0.160751 0.0115988 0.00871479 0.0619898 0.00117982 0.002588 0.137571 0.131474 0.00128984 
0.448982 0.186345 0.00445163 2.27326e-05 0.0036548 1.57818e-06 0.00275312 4.25189e-05 0.0703396 0.00725938 3.88667e-05 0.121016 0.00390195 0.000156462 0.0102269 0.000862545 0.000366749 0.0232235 0.116355 3.96479e-07 
0.25233 0.00100659 0.0829648 0.0373985 0.0394526 0.00824081 1.03661e-05 0.0209655 8.13067e-05 0.207814 1.51209e-05 4.48268e-05 0.196815 2.1242e-06 0.0156366 0.00408499 3.58129e-05 0.0190753 0.114025 1.50186e-07 
0.609316 0.000320467 0.160577 0.000320035 0.000320491 0.000320152 0.000320253 0.000320527 0.000320513 0.00032056 0.00032023 0.000320555 0.224661 0.000320298 0.000320536 0.000320436 0.000320487 0.000320558 0.000320551 0.000319974 
0.359503 0.00429751 0.00277858 0.00031944 0.000705688 1.08645e-05 4.5703e-06 0.0100013 0.00891146 0.0436854 5.63508e-06 0.0229481 0.000159725 6.53482e-05 0.314843 0.00743976 0.115035 0.0996632 0.00962188 8.34154e-08 
0.537901 0.0128475 0.129556 6.04284e-05 0.0239178 0.000133609 0.000417777 0.00357153 0.00876858 0.0460283 0.000945759 0.0302497 0.0990428 2.5483e-06 0.00287277 0.00778014 0.00962101 0.0323385 0.0539444 1.50015e-07 
0.632097 0.00634404 0.00746618 0.000157112 0.0719352 4.46434e-08 4.17393e-05 4.65726e-05 0.0069174 0.153505 8.74835e-05 0.0998674 0.000482471 2.33573e-05 0.000951634 0.00253822 1.93773e-05 0.0127875 0.00473144 6.2519e-08 
0.432854 0.000410184 0.00817168 0.000253553 0.00716786 0.0128388 0.000127315 0.000178926 0.0136737 0.00206947 0.0159938 0.0423658 0.0190344 0.0509001 0.0514151 3.93513e-05 0.0137564 0.0758927 0.252242 0.000615089 
0.448273 0.0451131 0.0019154 0.00115964 0.00560497 2.07989e-06 0.00580802 0.0199668 0.022947 0.135406 8.55427e-06 0.272133 0.0198773 6.34417e-05 0.0137726 0.00100312 2.4455e-05 0.00163802 0.00528294 1.29542e-07 
0.455934 2.83477e-10 0.0948091 1.24798e-09 0.0519726 9.87188e-10 2.13635e-06 0.000185166 0.0118353 0.00803339 4.45931e-06 0.036423 0.00236973 0.229408 0.0172779 1.93809e-07 1.98783e-07 1.08431e-06 0.0917434 1.38247e-09 
0.330969 0.00102224 0.00708394 5.66585e-05 0.0197601 0.000627122 0.00296054 0.000616305 0.00737311 0.00468648 0.203796 0.0402058 0.022662 0.00379502 0.0136994 0.000227772 0.052503 0.0532064 0.234749 9.0984e-08 
0.240064 0.000324473 0.0267441 0.000233869 0.049722 8.08191e-06 0.0945487 0.0102724 0.114344 0.0241124 0.00398539 0.0915297 0.022217 0.0152107 0.0853806 0.00317014 0.0169185 0.11575 0.0852807 0.000183746 
0.356314 0.00997505 0.0499882 0.000257125 0.00421553 1.1221e-05 0.0163287 0.0501175 0.109836 0.0849586 0.000101468 0.129258 0.00329935 0.0656286 0.0236156 0.00359522 0.000115314 0.029313 0.0615737 0.00149803 
0.512262 0.000232726 0.0155857 0.00196393 0.00169423 4.51534e-08 0.000471053 0.000259419 0.0418803 0.00172535 0.00738221 0.0167294 0.00318469 0.0549583 0.0378221 0.00015718 0.00884545 0.0122915 0.282555 1.11022e-10 
0.395114 8.20456e-06 0.050845 0.000253856 0.211345 3.37289e-09 0.010579 0.00105621 0.000645644 0.0596554 0.0391387 0.00260797 0.0158625 1.53443e-06 0.0325648 0.000499145 1.39085e-05 0.0306822 0.149128 4.72343e-09 
0.242312 0.00255674 0.0208171 0.0003644 0.0111561 0.00356438 0.00148614 0.00877711 0.0246079 0.0147976 0.00155165 0.0995265 0.00456489 0.176864 0.0427287 0.000531405 0.0765834 0.078994 0.188204 1.20134e-05 
0.508576 0.00532584 0.00771131 0.000621974 0.0412893 1.50633e-07 0.000750073 7.19817e-05 0.0907124 0.0293173 1.27744e-05 0.0292204 0.0172648 0.00230806 0.119271 0.00165206 0.00901569 0.0637832 0.0729877 0.000107327 
0.354323 0.000336145 0.0547395 0.00257174 0.00507922 0.000157347 0.000575399 0.0598498 0.0030806 0.0294562 0.000655335 0.0337808 0.0365532 8.63049e-05 0.00150448 0.000495701 0.000163912 0.000134196 0.318052 0.0984046 
0.424643 0.00247179 0.0362437 0.000119612 0.0390867 0.00044802 3.93513e-07 0.00422416 0.0215343 0.0455645 0.0497434 0.119501 0.00102616 0.0156578 0.0158747 0.00295816 0.0121765 0.0737544 0.111799 0.0231725 
0.437615 0.000134112 0.0129535 0.000339565 0.00405883 4.1138e-09 5.19668e-05 0.000738166 0.213261 0.0156217 0.000702281 0.0257487 0.0283586 0.180022 0.00559491 8.33791e-05 0.0167219 0.00353243 0.0544627 7.10532e-11 
0.361948 0.0660295 0.0450735 0.00199306 0.00026656 1.44986e-05 0.00272522 0.0032256 0.150888 0.0266151 0.000248522 0.098971 0.0138153 0.000751737 0.0021381 0.00152691 0.0655822 0.0961272 0.0620589 1.06074e-06 
0.744644 0.00292979 0.00707479 4.67807e-05 0.0214673 0.00154243 1.45716e-05 1.86162e-05 0.000867166 0.0048223 9.67784e-05 0.0389431 0.0112795 0.000237161 0.0158244 0.000781437 0.00674921 0.0472308 0.0954302 9.82521e-08 
0.806838 0.0453033 0.000459235 1.00964e-06 0.00146891 2.81367e-07 2.83013e-06 0.00141401 0.000156857 0.000891348 2.23934e-06 0.106606 6.35902e-06 5.41073e-06 5.58385e-05 4.92811e-05 1.90864e-06 0.0235839 0.0131533 4.90706e-08 
0.83382 0.00497864 0.00113004 8.29569e-05 0.0113251 4.116e-05 9.79955e-05 7.29304e-05 0.000159738 4.71064e-05 7.98932e-05 0.0917892 0.000766207 7.81895e-07 6.4836e-05 0.000146906 1.18655e-08 0.0150698 0.0402876 3.85166e-05 
0.427412 0.0035888 0.0233956 0.00242886 0.00934968 7.20664e-08 0.000327166 0.000888768 0.132829 0.0830527 0.001412 0.0661344 0.00856719 0.003874 0.0104229 0.00411427 0.120867 0.023606 0.07773 4.31047e-10 
0.502616 0.00635795 0.00517503 0.00216019 0.00230629 1.04376e-07 3.44739e-05 0.000391263 0.0416559 0.102237 0.000909347 0.171248 0.000285778 0.0146974 0.0254795 0.000665427 0.000109012 0.0828802 0.0407897 2.06566e-06 
0.447013 0.000561946 0.0862069 7.52994e-10 0.00262084 5.95638e-10 5.23693e-07 1.85064e-08 0.0765425 4.67345e-11 8.19332e-06 2.44205e-06 0.00396749 0.210909 0.0255197 2.12864e-10 2.50562e-07 0.10979 0.0368565 8.34137e-10 
0.496315 0.0136588 0.00673798 0.000714993 0.0747479 2.25555e-06 0.000114765 4.94103e-06 0.0270283 0.00260908 9.39832e-06 0.265545 1.52157e-05 1.5871e-05 0.00123816 6.29756e-05 0.0039779 0.0238888 0.0833123 6.16677e-09 
0.680648 0.00724489 0.00292765 2.24281e-05 0.0339856 4.53719e-06 3.61693e-07 0.000366005 0.0383124 0.00735067 0.000165807 0.0263274 0.000824497 0.0139143 0.0249402 3.15425e-06 0.00776653 0.124425 0.0307696 6.9611e-07 
0.314992 0.0204306 0.0257294 0.00042994 0.0650975 1.58554e-06 0.000226199 0.00321132 0.0720291 0.292137 0.000627571 0.0379269 0.0300009 0.0191234 0.00872036 0.00721416 5.5956e-05 0.0608839 0.0235059 0.0176566 
0.216647 0.0777493 0.0132978 0.00135141 0.0830001 3.86875e-05 0.00151547 0.00168481 0.0393632 0.0623267 5.9663e-05 0.151601 0.0177796 0.00188148 0.0235083 0.0030377 0.00614482 0.18179 0.110198 0.00702478 
0.827809 0.00046276 0.00197615 1.56325e-06 0.0112183 3.75105e-09 7.15987e-08 6.11709e-08 0.00106412 7.91289e-07 1.99724e-06 0.0144132 0.000228144 1.3373e-06 0.00169605 1.34052e-09 5.70442e-05 0.0894275 0.0516394 2.25838e-06 
0.292405 0.0015694 0.0169664 0.000126606 0.193706 5.22436e-07 1.05885e-05 2.18659e-05 0.0347764 0.0311423 0.0301954 0.175533 0.00635481 1.42981e-06 3.25201e-06 0.000657231 4.42257e-05 0.186152 0.0303171 1.69899e-05 
0.854603 0.0113252 0.00235135 1.21235e-06 0.00124098 5.4967e-08 0.0530116 3.12404e-07 1.02116e-06 0.0111575 2.22457e-06 0.000459646 0.0439418 5.12054e-07 0.000294243 0.000312127 4.97968e-10 0.0193945 0.00190154 1.342e-06 
0.345427 0.00149346 0.0803088 0.00207536 0.083883 2.86546e-05 0.00015744 0.0101347 0.0229894 0.113071 0.00294822 0.0427571 0.0840589 0.0114713 0.0123429 0.0108279 0.000161152 0.155488 0.0203759 1.37469e-09 
0.628524 0.000133446 0.000484563 0.000399437 0.284025 5.25526e-05 7.20219e-06 1.76027e-06 0.0254214 0.000110581 9.84196e-07 0.0367504 4.26883e-07 1.30849e-08 0.000592378 7.69308e-07 4.74509e-09 0.0123397 0.0111453 9.64704e-06 
0.448245 0.00177396 0.0280574 0.00237166 0.055222 0.000251383 0.00734672 0.000391041 0.0019104 0.0605037 0.0285182 0.0990109 0.0879916 6.09823e-05 0.00368573 3.66025e-05 0.000727003 0.0197368 0.154159 5.4948e-08 
0.597189 0.0015813 0.0852082 8.19712e-06 0.10342 6.45779e-08 4.99013e-08 9.95258e-09 0.000116382 0.0722948 3.03084e-05 0.0456451 0.0001247 4.35419e-08 0.0520096 1.8118e-05 1.579e-08 0.0414083 0.000946155 9.04355e-08 
0.450246 0.0246532 0.0764995 1.23654e-05 0.00563181 3.3763e-07 0.00403249 0.000322365 0.0104419 0.0240417 0.00301602 0.0238682 0.00845968 0.00108602 0.0445722 2.95957e-05 0.000428555 0.0221372 0.300502 1.93513e-05 
0.774108 2.98683e-05 0.00307409 7.17353e-09 0.0886528 5.67445e-09 4.69596e-05 3.16258e-05 0.000941876 9.79158e-05 5.19218e-06 0.117226 0.0126871 0.00288033 7.52826e-10 4.81407e-06 1.16635e-05 0.000126764 7.45025e-05 7.94656e-09 
0.383658 0.00532783 0.0335088 6.24173e-07 0.0177358 7.43131e-07 0.00295256 0.0144816 5.9658e-07 0.166624 0.000577199 0.186583 0.0148388 6.26281e-07 0.00546103 0.00898586 4.33988e-07 1.06602e-06 0.159262 3.32629e-10 
0.597189 0.0015813 0.0852082 8.19712e-06 0.10342 6.45779e-08 4.99013e-08 9.95258e-09 0.000116382 0.0722948 3.03084e-05 0.0456451 0.0001247 4.35419e-08 0.0520096 1.8118e-05 1.579e-08 0.0414083 0.000946155 9.04355e-08 
0.316071 0.0552342 0.00307568 2.17823e-07 0.00721418 0.000110025 0.0159161 0.000168855 0.0160177 0.111675 0.000841448 0.00769644 0.01547 0.000800817 0.128272 0.0181581 0.000457289 0.286475 0.0163449 2.41296e-07 
0.334169 0.000599744 0.0446388 0.0121089 0.00590103 0.0266488 0.0087689 0.000469474 0.104175 0.0113877 0.00233585 0.105072 0.0123274 0.00883592 0.0350034 0.000553482 0.0980947 0.0946741 0.0942364 7.64558e-11 
0.972068 8.60485e-08 3.01836e-05 4.90095e-07 0.0122122 0.000239042 4.45092e-08 5.95376e-11 0.00918657 2.06283e-06 8.00313e-08 0.000164718 1.79909e-07 2.60473e-10 9.47502e-08 6.39108e-08 9.44575e-11 0.00502216 0.00107307 7.05495e-07 
0.255355 0.154185 0.112695 4.34968e-05 0.000553019 2.39699e-08 0.000538774 0.0014528 0.00206244 0.0402013 0.000492251 0.194421 0.00139693 0.00121356 0.0107831 0.000491791 0.00787206 0.00102813 0.199562 0.0156519 
0.760025 5.64229e-05 0.0301802 9.67648e-08 5.43451e-05 7.65435e-08 0.000306498 1.09669e-05 0.00620349 0.0415171 2.56899e-05 0.00139954 0.144892 0.000153185 0.00321878 5.28386e-05 0.0017465 9.2388e-05 0.0100644 1.07192e-07 
0.413073 0.00740545 0.0152433 0.00422366 0.00413287 9.87889e-07 0.00339135 0.00136193 0.0146781 0.0125155 0.00106384 0.0942633 0.0110517 0.137785 0.0890687 0.000683983 0.000187109 0.0934658 0.0961889 0.000216117 
0.582552 0.00385718 0.00300989 3.23436e-05 0.00048283 2.90759e-07 0.0136763 0.00135307 0.00229835 0.00668075 0.000532285 0.126304 0.0983941 0.000202488 0.0247202 8.94341e-05 4.99367e-06 0.00261316 0.133196 6.59025e-09 
0.51383 0.0173399 0.00833359 2.24503e-05 0.0272413 1.38818e-07 0.0430562 0.0102179 0.00722689 0.082975 0.000353779 0.0858149 0.106713 0.00139935 0.0248885 0.0154407 2.19387e-05 0.0270762 0.0280484 3.52281e-09 
0.338624 0.0195851 0.0174815 2.93319e-05 0.00435058 1.83375e-07 1.92877e-07 0.165107 0.000525174 0.0652938 7.47577e-11 0.0777146 0.156434 1.21161e-07 0.00141357 0.00133247 6.48938e-08 0.0811006 0.0710067 2.768e-07 
0.5556 0.0119821 0.0160084 0.00226602 0.0262281 0.000466827 0.00149111 0.000722239 0.0215595 0.0228162 0.000372613 0.18905 0.00597059 0.00261917 0.00872882 0.000159024 0.0176999 0.0388332 0.0773811 4.52555e-05 
0.197733 0.126122 0.0713455 0.00109975 0.00206873 0.000418148 0.00393516 0.0318724 0.00453662 0.0391337 0.00103366 0.130214 0.101281 0.00506257 0.0595939 0.0587546 0.00037984 0.0842328 0.0811811 9.63678e-07 
0.491618 8.43042e-08 0.0035351 1.05747e-06 0.000271191 1.3405e-11 4.66237e-08 9.87159e-05 1.99199e-06 1.05178e-12 1.35305e-06 0.0153308 6.8219e-08 0.0350498 0.0117449 4.79058e-12 3.87041e-05 1.15089e-06 0.442307 1.87726e-11 
0.194643 0.00875151 0.0758378 0.000921011 0.0257511 0.00119277 0.00169531 0.0127145 0.0471248 0.0555432 0.00248797 0.159907 0.0110275 0.0176532 0.101709 0.00244411 0.0086802 0.144183 0.126977 0.000756124 
0.437036 0.0107572 0.0285575 0.00287499 0.022869 0.00260283 0.00221247 0.00764067 0.0325154 0.0342851 0.00233928 0.142568 0.0134664 0.00568336 0.0448701 0.003524 0.00658086 0.0697529 0.128499 0.00136542 
0.342539 0.0135272 0.0523879 0.00272733 0.0359789 0.000310078 0.00177464 0.00671684 0.032873 0.0691149 0.00457148 0.1608 0.0169505 0.00232762 0.065048 0.00308265 0.00152718 0.14374 0.0413277 0.00267446 
0.712153 0.00189012 0.0186072 0.0104288 0.000541448 4.47132e-05 0.000621154 0.000373639 0.00430043 0.00167023 0.000863441 0.0291172 9.51612e-05 0.000364512 0.0164242 0.000760425 2.10958e-05 0.0684009 0.13332 2.59209e-06 
0.331275 0.000637425 0.0210434 0.00343642 0.08188 6.45863e-06 2.89742e-08 0.000628042 0.0177579 0.00166814 0.00638946 0.13687 0.0116095 0.00451743 0.00672872 0.000335656 8.77856e-06 0.102381 0.271558 0.00126864 
0.279738 0.0543787 0.0134398 0.000131167 0.0110806 6.25306e-06 0.000834892 0.0111421 0.0785639 0.033153 0.0803278 0.213457 0.120585 0.000811565 0.0198893 0.00244288 0.000470549 0.00106356 0.0784835 1.19334e-07 
0.630229 0.0162854 0.00252015 5.40222e-05 3.13181e-06 1.01099e-06 0.0127466 8.71059e-07 0.00164385 0.0114174 4.41274e-05 0.0262604 0.0769217 8.98535e-07 0.0142335 0.0703126 1.29623e-05 0.0510397 0.086272 7.99148e-07 
0.453515 0.0111543 0.00236748 0.000290591 0.00441796 1.19969e-06 0.0275083 0.00622634 0.018336 0.0383843 0.000130949 0.107164 0.140754 0.00195714 0.0501068 0.00052499 0.00016454 0.00285489 0.134131 1.05557e-05 
0.952688 4.23671e-06 0.00025647 2.1189e-06 0.00187084 0.00263356 0.00069619 0.000292665 0.000160989 0.00450176 0.000108649 0.00770723 0.00643992 2.9979e-05 0.00109828 8.20056e-05 0.00310763 0.00306828 0.0152512 2.4712e-09 
0.720195 0.00152789 0.00224509 3.66443e-06 0.00422879 4.32947e-07 0.000464331 0.00327414 0.00313957 0.00683069 0.000926623 0.0771507 0.00547214 0.0055676 0.0422748 4.89422e-05 0.00458914 0.0144006 0.10766 2.75996e-09 
0.283106 0.00410477 0.039195 0.000137024 0.0872407 2.587e-06 0.0039859 0.00594674 0.0670883 0.0521784 0.00248102 0.0522715 0.0542187 0.00630472 0.0924978 0.00225875 0.0144797 0.118396 0.113875 0.000231104 
0.385305 0.00042664 0.00778109 0.000814922 0.00817197 2.82866e-09 8.85395e-06 0.00107204 0.12579 0.0384039 0.000311679 0.045356 0.000535323 0.0236365 0.0669177 7.80797e-05 0.0190017 0.0616537 0.214735 2.63348e-08 
0.311036 0.00415836 0.0283643 0.000207534 0.0173516 2.90807e-06 0.0458217 0.00918759 0.162322 0.0413918 0.0010556 0.0729113 0.0193866 0.0326203 0.10674 0.000873623 0.00201924 0.0349137 0.109636 6.31202e-08 
0.801242 0.00010663 0.0220065 0.000340378 0.0474913 0.00081263 0.00026812 0.000248671 0.00392011 0.0379996 6.04459e-05 0.0154823 0.000126419 3.16353e-10 0.00194962 0.000613037 5.52633e-07 0.0398819 0.02745 6.57059e-10 
0.837308 0.000749361 0.00891299 8.70962e-05 0.000495606 7.90656e-10 0.000147692 1.14035e-07 0.000293964 8.91034e-05 3.65891e-05 0.141133 2.17456e-06 7.24431e-06 0.00089204 4.03175e-05 3.30955e-07 0.00947691 0.000326952 1.10724e-09 
0.460501 0.00587595 0.0265132 3.40735e-05 0.0304936 3.30948e-05 0.00543046 0.000979198 0.027524 0.0208786 0.00049052 0.0969389 0.0152296 0.00290265 0.00747299 0.00206434 0.061131 0.117134 0.105523 0.0128495 
0.215287 0.0390686 0.110154 6.1903e-10 0.00236869 2.11576e-07 0.0736166 0.00931504 0.0137936 0.150413 0.0452886 0.0318288 0.125504 0.0663131 0.0267441 0.00131088 0.000179407 0.0586098 0.0302052 1.09971e-07 
0.218089 0.00147869 0.0651277 0.00126388 0.0178733 1.36084e-07 0.000223837 0.00744571 0.124211 0.0356778 0.0226764 0.0906805 0.0344958 0.00382546 0.111312 0.000895245 0.0926493 0.0309475 0.141126 8.6583e-11 
0.409193 0.0021232 0.0323594 1.32308e-05 0.00159053 0.0466865 0.000414804 0.00107757 0.060396 0.00759007 0.00018718 0.00745066 0.024575 0.241345 0.0406972 0.00172202 0.000812188 0.0994474 0.0222031 0.000115891 
0.357446 0.00329123 0.0332387 5.70665e-05 0.00225378 4.35021e-06 5.75971e-05 0.00462083 0.0146624 0.00489223 4.52549e-05 0.0588988 0.163161 0.00298166 0.123346 0.00257872 0.088784 0.0127442 0.126934 2.23738e-06 
0.598859 0.0224885 0.00573196 3.511e-07 0.00229373 1.65036e-09 0.00330813 0.000255906 0.0207856 0.0340786 0.00259172 0.0957069 0.075356 0.0308531 0.0486814 1.08692e-05 0.000645142 0.0459223 0.0105813 0.00184913 
0.518953 0.00181015 0.00295764 1.92207e-06 0.0109941 7.86916e-07 3.68878e-08 0.000101131 0.00381039 0.0115721 2.96043e-07 0.38836 1.17151e-06 6.15897e-08 0.00361155 0.00113092 1.04198e-05 0.0497949 0.00688983 1.01015e-10 
0.309695 0.00876445 0.0554978 0.00722489 0.00626784 3.90882e-07 0.00115354 0.00994017 0.0169795 0.0438854 0.00121008 0.142613 0.0275925 0.00754619 0.0173881 0.00168445 0.0161343 0.0397261 0.284322 0.00237515 
0.476749 0.0788581 0.00974898 3.60799e-07 0.00069847 2.85402e-07 0.00413446 0.000463646 5.18939e-05 0.107001 0.0636231 0.00687334 0.022416 0.00027684 0.0360358 3.26202e-05 1.99481e-05 0.121297 0.0560474 0.0156717 
0.401549 4.86439e-05 0.00676028 0.00662963 0.370304 3.76281e-07 2.38408e-07 0.000343746 0.0154243 0.000359684 7.57018e-08 0.0488738 0.000101056 1.56318e-10 0.00169408 4.7455e-08 2.72491e-05 0.102651 0.045233 3.84789e-07 
0.607973 0.0366876 0.00604192 3.79332e-07 0.0013156 1.73788e-06 0.00995694 0.0119745 0.0138164 0.0194293 0.00826218 0.143604 0.00610096 0.0229295 0.023459 0.000250542 0.00112285 0.0651407 0.0168377 0.00509524 
0.996214 0.00202924 0.000840327 8.32281e-06 1.54198e-06 0.000648414 5.08732e-06 1.01464e-06 1.21545e-06 5.16555e-07 5.42017e-06 5.88154e-07 1.52651e-05 4.43899e-06 8.73438e-07 2.35278e-06 1.60975e-06 0.000108728 0.000101585 9.21969e-06 
0.577046 0.0184732 0.018939 0.000167648 0.0108819 7.82339e-05 0.000288508 0.0087823 0.00410451 0.0363605 0.00561527 0.138303 0.0170487 0.0011274 0.032689 0.0025737 0.0046644 0.0310938 0.089417 0.00234596 
0.307782 0.0899484 0.124554 0.000102147 0.000260225 1.36856e-06 2.27511e-05 0.00121899 0.0133003 0.0347642 3.1462e-05 0.118916 0.008569 0.00762284 0.0752704 0.00272935 2.87914e-05 0.0220287 0.192849 2.78287e-09 
0.379732 1.15661e-07 0.000509069 3.80383e-05 0.335523 1.4097e-05 6.5752e-08 5.64478e-08 0.0101687 1.14021e-06 0.000349648 0.00729508 0.00863931 0.166988 0.00125711 2.69643e-05 0.0104908 0.00244462 0.0765217 4.10149e-09 
0.174836 0.0139764 0.145357 0.000112015 0.0394391 0.000155565 4.56977e-05 0.00315674 0.0413618 0.108282 0.0017054 0.165115 0.00439176 0.000202229 0.167594 0.0462941 2.37987e-05 0.0811234 0.00682625 1.16792e-06 
0.338727 0.0248461 0.142095 0.00151865 0.0614985 0.000286926 0.00749916 0.000951258 0.015981 0.0293926 0.000891258 0.0636987 0.0438845 0.000519273 0.0248257 0.000272123 0.00178214 0.0390063 0.195391 0.00693328 
0.466656 0.00926388 0.00588953 6.68795e-05 0.127438 3.59632e-06 6.25687e-06 0.000312962 0.00333038 0.0219179 5.96574e-05 0.289037 0.000295377 1.24619e-07 0.0020048 6.60511e-08 5.99237e-06 0.066328 0.000622235 0.00676131 
0.932632 0.000106443 0.0267652 0.000177142 0.00530907 1.69723e-06 0.000116423 0.000249776 0.00031967 0.000524528 2.46511e-05 0.0209652 0.0035803 1.05402e-08 6.42222e-07 1.24178e-07 5.40625e-07 0.0065417 0.00268519 2.18917e-08 
0.273611 0.00359046 0.014844 5.13413e-05 0.00371154 2.40412e-07 0.000332249 0.00864988 0.0282925 0.0346549 0.000458978 0.184428 0.0926609 0.00318364 0.211367 0.000359483 1.32904e-05 0.0486401 0.0911497 1.30462e-08 
0.326193 0.0127135 0.0156946 6.24082e-05 0.0526783 0.000983426 5.84049e-05 6.17049e-06 0.00845864 0.00211777 0.00883275 0.0465362 0.0599723 0.00828612 0.0147216 5.65591e-05 0.012211 0.192735 0.236366 0.00131626 
0.451585 0.00297684 0.00170018 3.82905e-07 0.0110043 8.94177e-09 0.00030105 3.67937e-07 0.000151266 0.00244955 1.84938e-07 0.315838 0.131573 6.02902e-09 0.000804539 1.74184e-06 4.84774e-08 0.0573967 0.0242174 1.25221e-08 
0.444237 0.00138571 0.00906674 0.00082089 0.00885096 1.85462e-11 1.1922e-05 8.16904e-06 0.00242831 0.000244084 0.000115814 0.265099 0.000152832 7.43621e-08 0.0181353 9.45078e-06 3.17743e-06 0.129004 0.120426 6.42622e-08 
0.192514 0.0110045 0.116972 9.73053e-05 0.00190176 9.99233e-07 0.00237591 0.000473829 0.11135 0.0341441 0.000631636 0.165375 0.0783391 0.00418871 0.0691539 0.00265433 0.000687821 0.0646751 0.14346 1.56888e-08 
0.564733 0.0427326 0.0227031 6.00719e-05 0.0441865 5.51957e-06 0.00545719 0.000307241 0.00422742 0.0772346 2.80873e-05 0.148968 0.0106259 0.000446602 0.0117056 0.000676014 6.16487e-06 0.0607251 0.00516187 8.54711e-06 
0.952688 4.23671e-06 0.00025647 2.1189e-06 0.00187084 0.00263356 0.00069619 0.000292665 0.000160989 0.00450176 0.000108649 0.00770723 0.00643992 2.9979e-05 0.00109828 8.20056e-05 0.00310763 0.00306828 0.0152512 2.4712e-09 
0.448804 0.00197733 0.0536291 0.000828773 0.0293908 4.0987e-06 0.000297071 0.00512645 0.0721818 0.0293032 5.05542e-05 0.0710265 0.00227347 0.0139587 0.0632629 0.000616828 0.00110911 0.107903 0.0982561 3.61818e-09 
0.25434 0.00767425 0.0372818 0.0015051 0.0129941 4.29884e-06 0.00214025 0.021756 0.249773 0.0513389 0.000453647 0.120475 0.00427705 0.00942852 0.0468022 0.00716713 2.76619e-05 0.143627 0.0286131 0.000321157 
0.693815 0.0176684 0.00159721 0.00130354 0.0139802 5.53042e-07 1.94827e-05 6.1871e-06 0.00631683 0.0768255 0.00200483 0.111618 0.0220046 1.06898e-05 0.0063385 5.68972e-07 0.011816 0.00965206 0.0250209 1.59653e-07 
0.235403 0.0316118 0.153438 2.82654e-06 0.000371961 0.00011448 2.14457e-06 0.00156374 0.0269463 0.0352725 0.0195025 0.0646107 0.0034546 0.0418694 0.0375512 0.000304516 0.230016 0.0268987 0.0910658 1.73636e-09 
0.29807 0.0740718 0.0149584 0.00024894 0.000915219 2.51965e-10 1.71024e-05 0.000969897 0.0222107 0.0415948 0.0405636 0.0178002 0.0401576 0.0633106 0.0872131 0.000600608 0.000221756 0.0514828 0.245587 5.15589e-06 
0.490314 0.0112584 0.0221796 0.00150533 0.00147195 8.36568e-05 0.000891323 0.000117205 0.00327964 0.0111216 0.000224465 0.136875 0.00244753 0.000181582 0.028954 0.0023332 0.0644827 0.189545 0.0325961 0.000138067 
0.5857 0.00639662 0.0200217 0.000425225 0.0349467 3.39811e-07 0.000214527 0.00264931 0.0212277 0.0404478 0.0118818 0.166317 0.00120853 0.000967664 0.00691558 0.0249827 0.000691184 0.0567569 0.0182489 1.03419e-07 
0.474674 0.00984204 0.0273509 1.24879e-08 0.00254049 0.00020664 0.000253763 1.52241e-09 0.00865832 0.0322187 0.00451541 0.0230319 0.0420141 1.13124e-05 0.00260457 0.000998148 4.78562e-06 0.0205005 0.350572 2.64988e-06 
0.2249 0.0326861 0.0446465 1.51113e-06 0.0367745 1.51169e-06 1.51217e-06 1.51346e-06 0.0820274 0.159234 1.51206e-06 0.097023 0.0239112 1.51238e-06 0.0510065 1.51303e-06 1.51327e-06 0.123815 0.123963 1.51085e-06 
0.377113 0.0079274 0.175192 0.00124077 0.0044437 4.04541e-05 0.000767798 0.00706781 0.0240991 0.0684869 0.00117437 0.0258293 0.0157764 0.0145479 0.0560757 0.0103019 0.00324919 0.0381383 0.168528 1.24321e-07 
0.296773 0.039943 0.0240516 0.000597001 0.0274252 0.000368338 0.00154893 0.00452313 0.154469 0.0463551 0.0899041 0.0822071 0.0233468 0.00399767 0.0295561 0.00228598 0.00697219 0.106591 0.059084 5.62324e-07 
0.427412 0.0035888 0.0233956 0.00242886 0.00934968 7.20664e-08 0.000327166 0.000888768 0.132829 0.0830527 0.001412 0.0661344 0.00856719 0.003874 0.0104229 0.00411427 0.120867 0.023606 0.07773 4.31047e-10 
0.546883 0.0055538 0.00425836 0.00424996 0.109551 9.39951e-06 0.00013851 0.00357786 0.0119002 0.0146114 0.00192305 0.182142 0.0233882 0.000764308 0.00168899 0.000845826 0.000557036 0.0217526 0.0630755 0.00312857 
0.90566 0.000372298 0.0300076 0.000890849 0.00138887 4.78863e-09 0.001016 5.67395e-08 9.10622e-07 0.00758258 1.24308e-07 0.0173295 8.585e-06 3.22875e-09 0.000618315 8.81502e-05 1.17087e-09 0.027872 0.00716359 6.70604e-09 
0.357446 0.00329123 0.0332387 5.70665e-05 0.00225378 4.35021e-06 5.75971e-05 0.00462083 0.0146624 0.00489223 4.52549e-05 0.0588988 0.163161 0.00298166 0.123346 0.00257872 0.088784 0.0127442 0.126934 2.23738e-06 
0.271793 0.00256355 0.13668 0.0642852 0.00237249 3.38964e-06 0.000403521 0.000268468 0.04567 0.0649721 0.0113702 0.0291715 0.0294843 0.0928184 0.140262 0.00744413 0.00605925 0.0272881 0.0670894 5.23282e-10 
0.494698 0.0161847 0.297934 2.73425e-07 0.0652896 3.95205e-05 1.67131e-07 0.00141924 0.00328872 0.0102853 0.000118063 0.0767117 0.00944388 4.93298e-07 0.000151559 2.37382e-06 5.28843e-08 0.00613532 0.0182967 3.0289e-07 
0.155647 0.00577274 0.0351208 0.00011498 0.0172306 0.000280263 0.085258 0.096217 0.08282 0.0726096 0.0154425 0.0400652 0.0866203 0.0604314 0.0655811 0.00178773 0.0635764 0.027232 0.0881926 1.49857e-07 
0.370728 0.0202771 0.0310809 0.00750171 0.0741508 0.000549713 0.0153952 0.00901344 0.030434 0.0599511 0.00672504 0.0849592 0.039854 0.00405908 0.0204099 0.00826315 0.0039164 0.0730015 0.138888 0.00084111 
0.573165 0.000270351 0.00198292 0.00471763 0.00223358 1.54081e-07 7.89018e-05 0.00207293 0.0508112 0.0372858 1.78012e-05 0.0322031 0.00399342 0.000941323 0.0510357 6.5427e-05 0.000504536 0.0409394 0.19768 2.0022e-09 
0.526391 0.0279255 0.0708457 5.90399e-05 0.00205011 8.06344e-06 0.000161026 0.0162006 0.0067494 0.03735 0.000134052 0.153682 0.0073255 0.0150783 0.0150504 0.000309072 0.0032374 0.0755249 0.0404048 0.00151236 
0.714631 0.00215945 0.00634471 0.000285877 4.28705e-06 1.81672e-07 3.10104e-06 6.31438e-05 0.00895934 0.0194374 0.00117597 0.019928 0.0107783 0.000400397 0.0590186 0.00131228 1.34439e-05 0.151359 0.00412563 1.40644e-07 
0.445093 0.0664367 0.00540707 0.00171522 0.00383691 0.0217208 0.000746044 0.00515165 0.0224868 0.00901539 0.00177317 0.134574 0.0189059 0.00199106 0.0980878 0.00162384 0.00053705 0.103764 0.0571154 1.77541e-05 
