0.174836 0.0139764 0.145357 0.000112015 0.0394391 0.000155565 4.56977e-05 0.00315674 0.0413618 0.108282 0.0017054 0.165115 0.00439176 0.000202229 0.167594 0.0462941 2.37987e-05 0.0811234 0.00682625 1.16792e-06 
0.685611 0.00356941 0.019282 0.000714404 0.0155236 1.89058e-08 0.00554301 3.48967e-05 0.0035695 0.0107105 0.0155457 0.169072 0.0228444 0.00014009 0.00447634 5.84012e-05 1.75253e-07 0.00707081 0.0362287 5.88362e-06 
0.316818 0.00332192 0.0463336 0.000290332 0.0118045 2.61532e-05 0.000329405 5.72222e-05 0.00612342 0.0311517 0.0026156 0.225513 0.0321045 0.000636812 0.0417838 0.000726422 0.0274551 0.0961871 0.156323 0.0003984 
0.597418 2.35541e-07 0.0061043 2.84644e-05 0.0052567 2.70496e-08 1.7815e-05 7.70705e-05 0.119803 0.00740983 0.000142807 0.0199102 6.42474e-05 0.0674296 0.0255344 2.54535e-05 0.000430736 0.00639321 0.143954 1.34395e-10 
0.490881 0.00284897 0.0119733 0.000290986 0.0025601 1.20519e-05 0.00194888 0.000428723 0.111613 0.0234638 2.76228e-05 0.0911375 4.00457e-05 4.67436e-06 0.0380995 0.000348929 2.27346e-05 0.0802095 0.144089 1.49452e-10 
0.441644 0.188104 7.73331e-05 0.000168034 0.0492059 1.74015e-06 0.00111381 1.47842e-05 0.000186545 0.00109417 5.55857e-06 0.164452 0.0136225 2.68621e-05 0.00420715 2.85574e-06 1.30736e-06 0.00473418 0.131335 2.43692e-06 
0.294495 0.00800693 0.0488787 0.0022502 0.0113186 6.76344e-07 0.000638976 0.0355304 0.00566471 0.147779 0.0099556 0.0931944 0.00349533 0.00790249 0.0549475 0.00164401 0.000308369 0.161617 0.112371 9.71501e-07 
0.57234 0.000232104 0.00805211 0.00200845 0.00142898 1.70142e-05 3.55756e-05 0.028653 0.0702112 0.0199285 0.000122236 0.0399703 0.010882 0.19697 0.00554198 0.00173728 0.00737024 0.00317209 0.0313264 2.43789e-08 
0.423015 0.0813207 0.0531969 0.00277925 0.000282683 1.29625e-05 2.07974e-06 7.48177e-05 0.0369596 0.0216395 0.0218104 0.0414475 0.0119276 0.0903892 0.0598348 0.000968646 0.00584424 0.0217423 0.126674 7.73582e-05 
0.752019 2.53077e-05 2.45915e-05 0.000316783 3.23004e-05 5.9511e-07 0.00031676 2.33654e-06 0.000397629 4.16804e-05 2.01497e-06 0.0294369 0.00633093 4.01255e-07 0.000678916 5.47585e-06 0.000253543 0.0189628 0.191151 8.33397e-07 
0.344037 0.00212496 0.091262 2.16294e-05 0.0272277 1.98427e-07 0.000987198 0.0129225 0.0252517 0.110088 0.00685351 0.0558819 0.143321 0.0982759 0.000922313 0.00127512 0.00124069 0.0177661 0.0605386 8.63689e-07 
0.639857 0.0067119 0.0155488 0.00412249 0.00760371 0.00423481 0.000189009 0.0158712 0.0184946 0.0611565 0.00130631 0.0462391 0.00728037 0.00168092 0.0170857 0.00107468 0.0011736 0.067056 0.066735 0.0165782 
0.57234 0.000232104 0.00805211 0.00200845 0.00142898 1.70142e-05 3.55756e-05 0.028653 0.0702112 0.0199285 0.000122236 0.0399703 0.010882 0.19697 0.00554198 0.00173728 0.00737024 0.00317209 0.0313264 2.43789e-08 
0.586729 0.00748573 0.0116516 0.00302378 0.00708945 4.26325e-06 0.0496483 0.000488123 0.0136723 0.00931821 0.000757188 0.0850275 0.0129808 0.0382732 0.0360145 2.56534e-05 0.00270832 0.0276749 0.107301 0.00012596 
0.24737 0.0146949 0.0382405 0.00875744 0.0253078 5.98417e-07 0.0102855 0.0545958 0.0573133 0.0951675 0.0041145 0.0681665 0.0152597 0.000528111 0.0232304 0.00595489 0.0105716 0.186698 0.133742 8.49013e-07 
0.58466 0.00132652 0.00334305 0.00148736 0.108911 5.33437e-05 1.59622e-07 0.001708 0.0242879 0.017165 0.000856652 0.210253 0.000692688 0.000272828 0.00572479 0.000947084 0.00022787 0.0177429 0.0201273 0.000213065 
0.756607 0.0114133 0.0241328 0.000549553 0.00252827 6.82197e-07 0.000853929 4.40491e-05 0.0026953 0.00294956 1.47012e-05 0.0565266 0.0222602 8.9734e-05 0.0143973 0.0256805 1.52495e-05 0.0228061 0.018289 0.0381466 
0.278997 0.0127689 0.0701049 0.00105397 3.92174e-05 1.52392e-08 0.0406766 3.6842e-05 0.0299258 0.0194049 0.0238552 0.036953 0.110194 0.0616827 0.128145 1.22596e-06 0.00019784 0.0171463 0.168815 9.61955e-07 
0.493207 0.0246731 0.00571764 0.000258077 0.025456 9.68494e-07 6.06112e-05 0.00344817 0.00699438 0.0564142 0.000157176 0.198604 0.0481683 0.00308357 0.0268131 0.000366842 0.00038936 0.0492986 0.0568887 2.37407e-07 
0.359563 0.00603718 0.011893 0.000905067 0.0228396 2.57049e-05 0.00162189 0.0038148 0.0864866 0.0255732 9.37706e-05 0.267457 0.0039799 0.00123852 0.0307747 0.00702629 0.000451928 0.0902355 0.0799791 2.2777e-06 
0.415539 0.00894937 0.0078881 0.00569532 0.00476676 1.70047e-09 0.0149653 0.00156451 0.0229664 0.015647 0.00221686 0.0786879 0.0165597 0.00464737 0.0305393 0.00126892 0.16513 0.0547307 0.148238 4.92023e-11 
0.623626 0.00768327 0.028252 0.000180509 0.0155362 1.79321e-06 0.000503005 0.018151 0.0288065 0.0430511 0.00016981 0.0937151 0.00236579 0.000276605 0.0135374 0.000962865 0.00205081 0.0804668 0.0236092 0.0170538 
0.41786 0.230591 0.00301995 0.000173722 0.000411849 1.51434e-10 0.0123428 1.48866e-05 4.40582e-08 0.0122507 0.0005265 0.149721 0.0735997 2.34838e-08 0.0131926 3.22289e-07 0.000701689 0.00454283 0.0803796 0.000671118 
0.774984 3.9662e-05 0.00324297 2.03379e-05 0.00314087 3.56512e-05 0.000425031 2.60819e-06 0.00579141 0.0213674 0.021292 0.033716 0.0533201 0.00616141 0.00590169 3.66577e-07 0.0189358 0.00811891 0.043504 2.92994e-10 
0.389364 8.80671e-05 0.0387801 0.000975717 0.000757622 4.03546e-11 0.0164772 0.0012171 0.0344715 0.0111846 0.0423749 0.0136867 0.00634622 0.101289 0.0518276 0.000101941 0.00070278 0.023912 0.266442 5.6513e-11 
0.993214 0.000555861 0.00031407 0.000114562 6.93576e-05 4.42169e-05 8.53937e-05 0.000608922 0.000128511 0.000442291 1.81925e-08 0.000482276 0.000841751 5.06722e-05 2.93164e-09 0.000394066 3.78266e-05 7.65622e-05 0.000317531 0.00222191 
0.520427 0.0035773 0.0492457 0.000129092 0.0229022 8.8603e-05 4.1963e-05 0.00166984 0.0143932 0.054406 6.97227e-05 0.13773 0.0128368 0.000491825 0.0218552 0.0436883 6.03607e-05 0.0725599 0.0438242 3.05502e-06 
0.265216 0.144692 0.00239507 0.0124532 0.00405235 1.81847e-08 3.04521e-05 0.00148325 0.184337 0.200326 3.18861e-05 0.0274062 0.00283466 0.00263738 0.00567602 0.0059237 0.000921482 0.0938588 0.0457121 1.22518e-05 
0.362125 0.00810138 0.00473962 3.236e-05 0.00286668 2.98065e-05 0.0199069 0.00422163 0.00237674 0.0188741 0.000502386 0.114713 0.347461 0.000290648 0.0164587 0.000779343 9.4667e-05 0.00548493 0.0909386 1.92666e-06 
0.353931 0.00552052 0.0178758 0.00127895 0.0182023 4.64434e-08 0.0240137 0.0236095 0.0815151 0.0540667 0.00367137 0.0455794 0.0395555 0.0199098 0.0454255 0.000985421 0.0362987 0.105707 0.122854 3.42182e-10 
0.275786 0.0175221 0.107378 0.000108891 0.00429617 0.000330235 0.000288663 2.31619e-05 0.019337 0.0334599 0.0237608 0.0422261 0.0155023 0.190706 0.00458179 0.0161159 0.206528 0.0206154 0.0214347 3.75148e-08 
0.286903 0.062628 0.0127879 0.000523807 0.00317535 7.40133e-05 0.00359407 0.000136601 0.040754 0.0243871 0.26654 0.0318119 0.0622894 0.0094979 0.0117418 0.00199291 0.0253471 0.0588396 0.0969762 7.89103e-10 
0.384344 0.0188896 0.0105738 0.0120482 0.00423678 8.71794e-06 0.000401096 0.000544545 0.000247038 0.0631787 3.84288e-06 0.0471409 0.223128 0.000179148 0.00697432 0.00102726 0.000133538 0.11716 0.0958453 0.0139357 
0.355068 0.0693201 0.0466355 0.000605394 0.0296483 1.84741e-05 0.0187139 0.0132415 0.045538 0.0703623 0.00160383 0.0501461 0.0966904 0.00294353 0.0302902 0.00109154 0.00259288 0.0867264 0.078607 0.000156816 
0.212975 0.00860229 0.0410946 0.00233517 0.0653884 0.0116517 0.00228804 0.0084258 0.0618255 0.0401424 0.00284089 0.162172 0.014886 0.00308475 0.0748275 0.00430442 0.00388602 0.165256 0.112421 0.00159295 
0.319266 0.000814749 0.0691423 9.84966e-06 0.0101258 1.7851e-06 0.00357557 2.66636e-05 0.0435893 0.00525892 0.0198648 0.0295142 0.00983337 0.0504764 0.0455974 8.97437e-05 0.00102322 0.0468182 0.293089 0.0518829 
0.201812 0.0185016 0.193654 4.17367e-08 0.0162183 0.00713786 0.0317724 1.32511e-05 0.0138201 0.118789 0.00136996 0.158035 0.171408 0.00231375 0.00426009 0.00115954 1.00131e-05 0.0470629 0.0126609 1.20234e-06 
0.44332 0.00139758 0.0650704 5.58598e-05 0.0185237 1.08178e-10 0.00473348 0.0438161 0.00460824 0.068693 0.0120842 0.0236468 0.0149052 0.0504535 0.0146247 0.0022414 0.000936339 0.0169174 0.213972 1.18375e-07 
0.675237 0.000379779 0.00412271 3.56367e-06 0.00147201 1.70219e-07 4.3648e-07 0.000282733 0.0075244 0.000496464 0.00561363 0.0454681 7.88225e-05 0.0222883 0.0387576 1.27877e-08 0.017749 0.0741472 0.106377 1.27249e-06 
0.278415 0.0280488 0.141066 5.84192e-06 0.000107521 1.07974e-06 0.00049163 2.80796e-06 3.50867e-05 0.127593 0.00534703 0.196533 0.00140942 1.86282e-06 0.029453 0.00164945 0.161343 0.0255025 0.00299476 3.87375e-09 
0.448481 0.00135213 0.00570242 4.75086e-06 0.0284366 1.13099e-10 0.00327568 0.000140013 0.0502369 0.0339783 0.000303797 0.0193205 0.0149997 0.00840731 0.000411713 0.00511513 0.345459 0.0338862 0.000488846 1.58385e-10 
0.323552 0.00247056 0.00662769 4.35427e-05 0.0789002 9.90403e-05 0.000521908 0.00274413 0.0191182 0.00204057 0.0282391 0.0940492 0.00357103 7.60009e-06 0.0263189 0.000282214 3.01179e-05 0.13192 0.279463 3.49844e-07 
0.540178 0.0181257 0.141449 0.00195303 0.0362003 0.00210594 0.000156952 0.0012608 0.0184794 0.00621206 6.77876e-05 0.0760478 0.000316693 0.000704085 0.00107892 0.000926252 1.81107e-06 0.0927566 0.0619791 8.86046e-08 
0.391852 0.0577002 0.057422 0.000191436 9.53777e-07 9.52767e-07 0.0372659 9.53883e-07 0.0442592 0.0566675 9.53002e-07 9.53968e-07 0.0956634 9.53202e-07 9.5391e-07 9.53615e-07 0.0566546 0.188507 9.53955e-07 0.0138084 
0.243469 0.0402953 0.0705377 6.87338e-07 0.00447508 1.18838e-05 0.000438504 0.0208113 0.000777871 0.143182 0.00019212 0.0844488 0.135725 0.00990046 0.0955133 0.0128876 0.00134245 0.129659 0.00633041 1.08158e-06 
0.172228 0.0010613 0.165941 0.0135666 0.00123411 3.39668e-05 0.00879705 0.00232447 0.0740848 0.0900385 0.0245077 0.0506202 0.091204 0.0817672 0.019484 0.00741009 0.00348591 0.0602222 0.131989 1.68218e-09 
0.222269 0.0156805 0.0542442 3.31316e-06 0.0141784 3.75531e-06 0.0018103 0.0211244 0.0382607 0.0736139 0.000263701 0.0441408 0.0837849 0.0124783 0.200343 0.00615517 0.0366429 0.0892927 0.08571 2.65371e-07 
0.915635 1.7655e-07 0.0114969 0.000714452 0.0183825 0.00203061 0.000521099 1.18025e-10 6.67004e-07 0.00477834 1.64189e-07 0.00355867 3.69138e-07 5.1635e-10 0.000830948 1.43658e-07 1.87249e-10 0.00678799 0.0352616 1.07245e-09 
0.40586 0.00167256 0.0171306 2.78881e-06 0.00557816 4.89116e-10 0.0016121 0.0366 0.0150044 0.0863239 0.00336102 0.0908706 0.289276 0.000498055 0.00206654 0.00018227 2.77216e-07 0.00308556 0.0408745 6.84963e-10 
0.334704 0.00200242 0.112374 7.15939e-06 0.0750333 6.09695e-05 3.72727e-05 0.000202302 0.0111606 0.0104359 0.00123555 0.0105138 0.0404606 4.36635e-05 0.0155739 5.18792e-05 0.000474728 0.0660466 0.31958 1.81034e-07 
0.652005 0.0127847 0.020646 6.74693e-06 0.0982715 3.09476e-07 1.57992e-05 0.00888963 0.00767699 0.0235846 9.71818e-05 0.0245559 0.0426245 0.000127001 0.0621839 2.93885e-05 0.00674802 0.0170601 0.0226925 4.33393e-07 
0.569016 0.00132276 0.0289755 8.71558e-06 0.000198585 9.93738e-10 2.72135e-06 0.000159831 0.0126143 0.00440968 0.000927176 0.105943 0.0470958 1.28515e-05 0.00441253 0.00137968 4.91122e-08 0.157007 0.0665132 1.39164e-09 
0.509155 0.00320217 0.00181467 0.00033118 0.128586 4.15725e-05 1.8302e-05 0.0298737 0.108217 0.0193839 1.61472e-06 0.0242613 2.216e-07 1.16427e-06 0.000879717 0.00313555 0.0302176 0.138344 0.00245008 8.51382e-05 
0.403122 0.00179501 0.00239558 0.000619369 0.000830854 5.41876e-05 9.63243e-05 5.90701e-05 0.00829975 0.00189294 0.0566758 0.0157904 0.139277 0.00412668 0.0910579 3.54879e-05 0.0383583 0.0211505 0.214363 2.18436e-07 
0.346254 0.0846134 0.0180766 2.74489e-05 0.0542264 1.72857e-05 0.00287654 9.51585e-06 7.15979e-05 0.0511342 0.126581 0.0281228 0.197598 0.0158778 9.85443e-06 1.78173e-06 6.10623e-06 0.0661104 0.00838465 5.22528e-07 
0.291614 0.024876 0.0192344 6.30727e-07 0.00958026 4.00825e-11 0.0107738 0.0176978 0.0231139 0.160058 0.00077847 0.0227371 0.0579575 0.0523155 0.0856791 0.0125853 0.000264098 0.120004 0.0907294 5.61319e-11 
0.357446 0.00329123 0.0332387 5.70665e-05 0.00225378 4.35021e-06 5.75971e-05 0.00462083 0.0146624 0.00489223 4.52549e-05 0.0588988 0.163161 0.00298166 0.123346 0.00257872 0.088784 0.0127442 0.126934 2.23738e-06 
0.389364 8.80671e-05 0.0387801 0.000975717 0.000757622 4.03546e-11 0.0164772 0.0012171 0.0344715 0.0111846 0.0423749 0.0136867 0.00634622 0.101289 0.0518276 0.000101941 0.00070278 0.023912 0.266442 5.6513e-11 
0.807957 0.000118448 0.00194705 3.4353e-05 0.0414965 2.47265e-07 5.39127e-07 1.68087e-07 0.00494094 0.00160781 2.00159e-07 0.0295112 0.000132247 4.62903e-05 0.00599257 1.52129e-05 0.00389164 0.0601065 0.0388062 0.00339459 
0.605755 0.00686576 0.0188221 0.000551763 0.00447614 5.31118e-05 0.000343832 0.00405263 0.00285268 0.0132899 0.00163176 0.152108 0.0390081 0.000970215 0.0216711 0.000747711 0.0321248 0.0312233 0.0634524 1.14831e-08 
0.606391 0.00307022 0.104924 1.93566e-07 0.0582808 6.35035e-06 1.18318e-07 2.30306e-05 0.0083632 0.0106768 1.26059e-07 0.0710098 0.00124439 0.000493083 0.0256392 4.31518e-05 0.000109701 0.0826908 0.0270343 2.14425e-07 
0.746782 0.00209744 0.00181889 1.8154e-06 0.0457893 3.34307e-07 0.00556026 0.000124278 0.00982814 0.0837665 5.40215e-07 0.0466512 4.95966e-05 1.43274e-05 8.22665e-08 0.00445483 0.00303479 0.0498956 0.00013018 2.94408e-10 
0.451585 0.00297684 0.00170018 3.82905e-07 0.0110043 8.94177e-09 0.00030105 3.67937e-07 0.000151266 0.00244955 1.84938e-07 0.315838 0.131573 6.02902e-09 0.000804539 1.74184e-06 4.84774e-08 0.0573967 0.0242174 1.25221e-08 
0.952688 4.23671e-06 0.00025647 2.1189e-06 0.00187084 0.00263356 0.00069619 0.000292665 0.000160989 0.00450176 0.000108649 0.00770723 0.00643992 2.9979e-05 0.00109828 8.20056e-05 0.00310763 0.00306828 0.0152512 2.4712e-09 
0.569744 0.0157964 0.00475676 1.05297e-07 0.0166876 3.07209e-05 1.43981e-10 2.87164e-11 0.00579539 0.00280597 4.59843e-07 0.315023 0.000496093 9.1878e-05 0.0191183 0.000380735 9.62842e-05 0.0153608 0.0338145 8.75686e-07 
0.627156 0.0288301 0.0221382 1.77293e-09 0.0318972 1.40243e-09 1.0837e-09 2.16139e-10 2.58916e-10 4.78275e-06 1.1546e-09 0.0629931 0.151019 9.45595e-10 1.11035e-05 0.000935166 6.11763e-08 0.0433798 0.0316357 1.96398e-09 
0.278502 0.0142629 0.0584323 0.00237221 0.0511156 4.49831e-05 0.00158941 0.0175685 0.0204471 0.13088 0.00557263 0.105812 0.0411993 0.000575883 0.0169369 0.000869655 0.000154058 0.0329538 0.213017 0.007694 
0.286302 4.73986e-05 0.0541416 1.60155e-08 0.102385 1.26687e-08 0.0170416 0.00333483 0.0183933 0.273418 0.0144793 2.18396e-05 0.0806074 0.0162152 3.27536e-06 0.000167126 3.55826e-06 0.0910967 0.0423414 1.77413e-08 
0.682547 0.00120136 0.016334 0.000373212 0.0145491 2.18909e-09 1.93959e-05 0.000530885 0.109436 0.0090653 2.2137e-05 0.06189 0.00232807 1.57276e-05 0.0120725 0.000216645 0.00156731 0.0469243 0.0409065 3.44199e-07 
0.319443 0.00114203 0.0138583 2.1224e-09 0.00473589 3.35827e-07 0.00179648 0.000472234 4.84122e-07 0.00546709 1.3822e-09 0.266978 0.0348993 1.53031e-06 0.296555 1.69526e-06 1.2246e-07 0.00196754 0.0526793 1.40041e-06 
0.486855 0.00438196 0.229992 9.82898e-05 8.56183e-05 6.09115e-08 8.91552e-06 0.000874353 0.0937495 0.000313008 0.00133913 3.13165e-05 0.0428891 0.0123495 0.00536337 2.1768e-08 0.000101482 0.00387238 0.117695 8.53011e-08 
0.344587 0.064572 0.035332 0.000124788 0.00265018 1.25977e-05 0.00169191 0.000759807 0.0128276 0.0268873 0.000407797 0.206249 0.0233421 0.000393516 0.0942188 0.00118631 6.00006e-05 0.0368341 0.14786 3.35451e-06 
0.244339 0.00625291 0.0208104 0.0108567 0.033623 5.9365e-05 0.0185192 0.0219821 0.124325 0.0473995 0.00977035 0.0933544 0.037141 0.00156228 0.0754159 0.00314666 0.00781145 0.0959111 0.147719 1.71101e-06 
0.183299 0.00235744 0.139038 0.000747081 0.0577099 7.61355e-11 0.000123985 3.33736e-08 0.0296424 0.111162 0.00112721 0.0537342 0.165354 0.00120716 0.0209589 0.00439982 0.000572148 0.0710786 0.0796207 0.0778673 
0.610497 0.00564452 0.00337323 6.75921e-06 0.0024154 2.14142e-05 0.0340166 0.0179862 0.0179326 0.0213207 0.00119179 0.0911681 0.0153006 0.00823266 0.0150717 2.1028e-07 0.0181673 0.0476056 0.0900477 3.19488e-09 
0.278339 0.00788696 0.0731445 0.000206775 0.0492144 4.83501e-07 0.00309177 0.0624441 0.00845711 0.0954993 0.00700743 0.00636637 0.0845881 0.00149045 0.0260794 0.000238564 5.65575e-05 0.0204794 0.275409 6.77099e-07 
0.286089 0.0188699 0.0133395 0.116388 0.104413 0.0495457 0.000388971 0.0001086 0.00114223 0.00536423 1.60867e-05 0.0363833 0.0789422 0.000891375 0.00132764 6.36291e-05 3.7004e-07 0.103217 0.183509 2.83439e-07 
0.478508 0.00619094 0.0200719 1.95289e-05 0.0132345 2.84946e-06 0.000263487 0.0016463 0.0244671 0.0156151 0.00121177 0.141035 0.0146618 0.0277188 0.0553818 0.000456132 0.000215521 0.051851 0.116295 0.0311529 
0.286468 0.00752291 0.0480287 3.29363e-05 0.022293 6.38593e-09 0.000964666 0.0168225 0.00136533 0.144719 0.000119848 0.151564 0.147236 1.16761e-05 0.0140218 8.75231e-07 1.44641e-05 0.136886 0.0218772 5.00718e-05 
0.394216 0.000478076 0.0280843 0.0035434 0.204652 1.09805e-08 0.00906526 0.0013931 0.000152709 0.0955327 0.018521 0.00458011 0.00689633 2.43916e-06 0.0461658 0.0019767 1.41601e-06 0.130072 0.0546662 1.53773e-08 
0.247887 0.00420622 0.149139 0.00151348 0.0242412 0.000530829 0.00647694 0.0235464 0.0121396 0.0382471 0.00128091 0.191911 0.0224766 0.000588413 0.0830637 0.00285746 0.0010644 0.129938 0.0587018 0.000189703 
0.455934 2.83477e-10 0.0948091 1.24798e-09 0.0519726 9.87188e-10 2.13635e-06 0.000185166 0.0118353 0.00803339 4.45931e-06 0.036423 0.00236973 0.229408 0.0172779 1.93809e-07 1.98783e-07 1.08431e-06 0.0917434 1.38247e-09 
0.311239 0.0167284 0.129828 5.73841e-08 0.0095716 3.5314e-08 4.60792e-06 2.19013e-06 0.00227948 0.209856 0.00460749 0.200979 0.0837399 6.45833e-08 0.0131922 0.00182172 6.98313e-08 0.00819466 0.0079555 1.11943e-07 
0.322544 0.000361266 0.0821217 4.34955e-05 0.0905264 3.46552e-06 0.00265031 0.00796804 0.00381459 0.106891 0.0087538 0.0906727 0.0148845 5.54296e-05 0.00189949 0.000926894 0.0107674 0.151071 0.104044 6.97388e-07 
0.211671 0.0168056 0.0119598 0.00222167 0.0341279 1.02307e-05 0.00250962 0.0190782 0.0951109 0.0371027 0.000297857 0.101452 0.00358135 0.00549221 0.0765281 0.00492525 0.0309593 0.165901 0.180265 2.56263e-09 
0.371289 0.0235807 0.0175274 0.00237594 0.0142765 8.57024e-11 2.00687e-05 0.00378417 0.00609274 0.0153215 0.00134166 0.201236 0.00844235 0.0550598 0.00591113 5.85034e-07 0.0112727 0.130449 0.132019 1.20019e-10 
0.240064 0.000324473 0.0267441 0.000233869 0.049722 8.08191e-06 0.0945487 0.0102724 0.114344 0.0241124 0.00398539 0.0915297 0.022217 0.0152107 0.0853806 0.00317014 0.0169185 0.11575 0.0852807 0.000183746 
0.317655 0.141869 0.0632006 0.00370993 0.00692715 1.74722e-06 0.000546512 0.00088371 0.0645472 0.0486972 0.000250165 0.0542029 0.00284804 0.0300733 0.0104511 0.00171916 7.93282e-06 0.104937 0.147472 3.01655e-09 
0.543523 0.0996328 0.0170807 0.00171173 0.0117734 2.4586e-09 5.79767e-05 0.00125658 0.0010753 0.10232 2.59103e-05 0.117474 0.00355002 8.06434e-05 0.00110084 0.00716948 2.71952e-05 0.0655703 0.00869453 0.0178761 
0.353379 0.00958766 0.0513659 0.00226273 0.00188791 1.09838e-09 0.000165238 3.83409e-05 0.037676 0.144873 0.0176569 0.000326825 0.13343 0.0502123 0.0136396 6.3474e-07 0.0112818 0.103801 0.0684158 2.16432e-09 
0.750848 0.00764011 0.00369868 6.87047e-08 0.0047884 1.10994e-06 5.15863e-06 0.000868375 0.00293245 0.00198122 4.93663e-05 0.119814 0.00240038 4.25193e-05 0.0400445 0.000387862 2.15395e-08 0.0625532 0.00138749 0.000557971 
0.508576 0.00532584 0.00771131 0.000621974 0.0412893 1.50633e-07 0.000750073 7.19817e-05 0.0907124 0.0293173 1.27744e-05 0.0292204 0.0172648 0.00230806 0.119271 0.00165206 0.00901569 0.0637832 0.0729877 0.000107327 
0.355219 0.0100389 0.0154197 0.00105445 0.0120393 0.000598783 0.000646909 8.58737e-05 0.00440362 0.00980803 0.000371298 0.295544 0.0110936 0.00312655 0.0146055 0.000302375 0.0323482 0.030492 0.202606 0.000196531 
0.737127 0.0181428 0.00753044 0.00147168 0.0138803 9.63787e-07 0.0347842 0.00887044 0.00279364 0.0380873 0.000493443 0.0279305 0.011233 1.36574e-06 0.0433028 0.000716261 0.0150005 0.0264464 0.0121868 3.05303e-09 
0.447297 0.00364798 0.0301516 0.000609796 0.0210832 4.82045e-06 0.00585936 0.00127334 0.0156862 0.00730936 0.00204298 0.075869 0.00779187 0.0212163 0.020342 0.000355216 0.0241379 0.0946985 0.220436 0.000187864 
0.437615 0.000134112 0.0129535 0.000339565 0.00405883 4.1138e-09 5.19668e-05 0.000738166 0.213261 0.0156217 0.000702281 0.0257487 0.0283586 0.180022 0.00559491 8.33791e-05 0.0167219 0.00353243 0.0544627 7.10532e-11 
0.634389 0.0316431 0.00823662 8.36033e-05 0.000733289 1.12429e-06 0.000138967 1.15139e-05 9.81606e-05 0.00488776 1.40275e-05 0.202915 0.033283 8.04471e-08 0.000448266 5.53802e-07 1.37822e-06 0.000140239 0.082974 1.07966e-09 
0.736647 0.00229247 0.00838895 6.81239e-06 0.000459126 9.08139e-07 0.000528674 0.00760311 0.00056305 0.00769078 3.41911e-05 0.11174 0.0017436 4.08295e-05 0.0208219 0.000113453 4.92664e-05 0.0531742 0.048101 1.98032e-07 
0.160984 0.00711315 0.025366 0.000194331 0.00112116 0.00149195 0.00941546 0.0131607 0.0893781 0.0900462 0.00241213 0.141251 0.0811429 0.0821795 0.134193 0.000915041 0.00282903 0.0248487 0.131958 1.21323e-07 
0.453483 0.0152573 0.0062179 0.000855937 0.0449869 5.18261e-06 0.000252065 0.000615735 0.0118353 0.00602275 0.00537608 0.111967 0.0112501 0.019318 0.0297322 0.000219992 0.00115757 0.0638099 0.217164 0.000473421 
0.3878 0.00237303 0.00657845 0.0174041 0.0056137 7.35134e-07 0.0029925 0.0120247 0.0176688 0.01426 0.000548947 0.0815035 0.0387203 0.0037066 0.0231676 0.00475796 0.0151534 0.0186612 0.347061 3.86511e-06 
0.5738 0.0429902 0.0118558 0.000541477 0.0300255 0.00022017 0.000248544 5.10722e-06 0.0520034 0.0177622 2.13609e-06 0.0362805 0.000484442 1.928e-05 0.00476866 0.0030383 0.00169979 0.211491 0.0127598 3.73095e-06 
0.267015 0.054471 0.200674 6.54874e-07 3.84658e-05 3.16642e-07 0.000157138 0.000520499 0.0682353 0.000475158 0.0019556 0.097338 0.00906422 0.000379113 0.110089 3.68294e-05 0.000933623 0.0598476 0.128769 2.42062e-09 
0.894725 0.000241556 0.0758657 1.77124e-06 0.000188833 4.83982e-06 2.50548e-06 2.66254e-10 0.00757279 0.000682826 0.000276953 0.0075485 0.00609189 6.28448e-07 0.000131333 0.000351736 2.2506e-06 0.00600869 0.000302016 2.41936e-09 
0.593889 0.16293 0.021384 0.000124184 0.00440218 0.00233565 0.000714131 6.42215e-08 0.00712879 0.0133972 0.00181872 0.0863764 0.00370107 0.00927337 0.00491822 0.000206989 3.1941e-08 0.0660258 0.0213742 1.75877e-07 
0.21369 0.0348725 0.00835244 0.0357355 0.00185301 4.12639e-05 0.0369747 0.0213024 0.0731287 0.0919058 0.00114231 0.109089 0.0239451 0.0192672 0.0746094 0.00214749 0.00300329 0.109283 0.138677 0.000979574 
0.390526 7.87052e-05 0.109825 0.0012463 0.000786823 8.10118e-11 1.77635e-06 4.14291e-06 0.0365477 0.121504 2.00471e-06 0.0195316 0.0160878 0.000897667 0.208371 9.32788e-07 1.60517e-07 0.0757643 0.0188233 1.1345e-10 
0.572402 0.00821208 0.0550367 6.44208e-07 0.0386007 0.000285387 2.53122e-06 7.78368e-06 0.00108056 0.00530538 2.28391e-05 0.233411 0.0127443 1.38617e-06 0.00227092 9.94964e-07 0.045105 0.0116636 0.013835 1.10633e-05 
0.395648 0.00739619 0.0883181 5.6548e-06 0.037509 2.84438e-07 0.00214523 0.000129424 0.00116005 0.112258 0.00157464 0.0728634 0.0115419 0.000271847 0.0352102 0.000251129 3.20343e-05 0.10885 0.124835 7.27279e-09 
0.857927 0.00357623 0.0364776 4.66672e-05 0.00334724 3.87621e-05 0.00185214 0.000423029 0.0137744 0.0059253 9.61554e-06 0.01999 0.0283095 2.83478e-06 0.00427986 0.00014051 0.000663179 0.0101244 0.00177377 0.0113181 
0.952688 4.23671e-06 0.00025647 2.1189e-06 0.00187084 0.00263356 0.00069619 0.000292665 0.000160989 0.00450176 0.000108649 0.00770723 0.00643992 2.9979e-05 0.00109828 8.20056e-05 0.00310763 0.00306828 0.0152512 2.4712e-09 
0.502616 0.00635795 0.00517503 0.00216019 0.00230629 1.04376e-07 3.44739e-05 0.000391263 0.0416559 0.102237 0.000909347 0.171248 0.000285778 0.0146974 0.0254795 0.000665427 0.000109012 0.0828802 0.0407897 2.06566e-06 
0.447013 0.000561946 0.0862069 7.52994e-10 0.00262084 5.95638e-10 5.23693e-07 1.85064e-08 0.0765425 4.67345e-11 8.19332e-06 2.44205e-06 0.00396749 0.210909 0.0255197 2.12864e-10 2.50562e-07 0.10979 0.0368565 8.34137e-10 
0.357446 0.00329123 0.0332387 5.70665e-05 0.00225378 4.35021e-06 5.75971e-05 0.00462083 0.0146624 0.00489223 4.52549e-05 0.0588988 0.163161 0.00298166 0.123346 0.00257872 0.088784 0.0127442 0.126934 2.23738e-06 
0.447013 0.000561946 0.0862069 7.52994e-10 0.00262084 5.95638e-10 5.23693e-07 1.85064e-08 0.0765425 4.67345e-11 8.19332e-06 2.44205e-06 0.00396749 0.210909 0.0255197 2.12864e-10 2.50562e-07 0.10979 0.0368565 8.34137e-10 
0.496315 0.0136588 0.00673798 0.000714993 0.0747479 2.25555e-06 0.000114765 4.94103e-06 0.0270283 0.00260908 9.39832e-06 0.265545 1.52157e-05 1.5871e-05 0.00123816 6.29756e-05 0.0039779 0.0238888 0.0833123 6.16677e-09 
0.310048 0.158495 0.136992 2.77532e-06 0.0103199 4.26262e-07 0.000703222 0.00021925 0.000844147 0.309089 1.53099e-06 0.0582349 2.40737e-06 9.75236e-07 1.49904e-06 4.05182e-06 2.21048e-07 6.94896e-06 9.50937e-07 0.0150331 
0.209024 0.0217681 0.0996449 5.26912e-05 0.0755015 0.000199251 0.00135781 0.015136 0.04113 0.0674957 0.000387162 0.205242 0.0516063 0.0177818 0.0214742 0.0187104 0.0209599 0.0756138 0.055534 0.00138099 
0.271056 0.00040731 0.0732352 0.000190606 0.00155259 0.000452451 0.00128267 0.000640924 0.0724246 0.0611352 0.0462268 0.01387 0.0563111 0.151931 0.0375559 0.000241512 0.0303236 0.0374295 0.14373 3.81628e-06 
0.311239 0.0167284 0.129828 5.73841e-08 0.0095716 3.5314e-08 4.60792e-06 2.19013e-06 0.00227948 0.209856 0.00460749 0.200979 0.0837399 6.45833e-08 0.0131922 0.00182172 6.98313e-08 0.00819466 0.0079555 1.11943e-07 
0.448245 0.00177396 0.0280574 0.00237166 0.055222 0.000251383 0.00734672 0.000391041 0.0019104 0.0605037 0.0285182 0.0990109 0.0879916 6.09823e-05 0.00368573 3.66025e-05 0.000727003 0.0197368 0.154159 5.4948e-08 
0.598859 0.0224885 0.00573196 3.511e-07 0.00229373 1.65036e-09 0.00330813 0.000255906 0.0207856 0.0340786 0.00259172 0.0957069 0.075356 0.0308531 0.0486814 1.08692e-05 0.000645142 0.0459223 0.0105813 0.00184913 
0.597189 0.0015813 0.0852082 8.19712e-06 0.10342 6.45779e-08 4.99013e-08 9.95258e-09 0.000116382 0.0722948 3.03084e-05 0.0456451 0.0001247 4.35419e-08 0.0520096 1.8118e-05 1.579e-08 0.0414083 0.000946155 9.04355e-08 
0.423018 4.12546e-05 0.00432783 6.52712e-05 1.54809e-05 1.03803e-07 0.0189432 0.000220551 2.46799e-05 7.03826e-05 0.00529753 0.0548106 0.0378792 0.356601 0.022903 1.55059e-05 9.48145e-06 2.09316e-05 0.0757356 1.45367e-07 
0.235403 0.0316118 0.153438 2.82654e-06 0.000371961 0.00011448 2.14457e-06 0.00156374 0.0269463 0.0352725 0.0195025 0.0646107 0.0034546 0.0418694 0.0375512 0.000304516 0.230016 0.0268987 0.0910658 1.73636e-09 
0.686256 0.00227158 0.0083215 2.76871e-05 0.00888093 0.0109344 0.00231019 0.0233519 0.00194107 0.0445099 0.000404266 0.136377 0.0171219 0.000159 0.00812407 0.000393281 0.00746823 0.0126046 0.0285425 2.63254e-09 
0.403231 0.000210796 0.00542605 0.00017692 0.00992607 1.67243e-07 0.00216886 0.0015395 0.0556531 0.0187628 0.000391458 0.0656741 0.00649045 0.00619541 0.0851844 0.000842856 0.0437708 0.0878702 0.206485 1.75915e-08 
0.597189 0.0015813 0.0852082 8.19712e-06 0.10342 6.45779e-08 4.99013e-08 9.95258e-09 0.000116382 0.0722948 3.03084e-05 0.0456451 0.0001247 4.35419e-08 0.0520096 1.8118e-05 1.579e-08 0.0414083 0.000946155 9.04355e-08 
0.374175 0.0279346 0.114205 1.48491e-05 0.00681788 5.70035e-06 0.00183813 0.000980645 0.00940552 0.0746127 0.0407326 0.17748 0.00168877 0.00478367 0.0148711 0.00766472 4.78886e-05 0.0640269 0.0785182 0.000195649 
0.334169 0.000599744 0.0446388 0.0121089 0.00590103 0.0266488 0.0087689 0.000469474 0.104175 0.0113877 0.00233585 0.105072 0.0123274 0.00883592 0.0350034 0.000553482 0.0980947 0.0946741 0.0942364 7.64558e-11 
0.322628 0.00907273 0.0264044 0.00119776 0.00344532 0.000123256 0.0102392 0.00906756 0.0747068 0.0229541 0.000114393 0.29277 0.0444542 0.00043607 0.0248063 0.00825988 0.0016287 0.0947548 0.0523344 0.000602124 
0.582552 0.00385718 0.00300989 3.23436e-05 0.00048283 2.90759e-07 0.0136763 0.00135307 0.00229835 0.00668075 0.000532285 0.126304 0.0983941 0.000202488 0.0247202 8.94341e-05 4.99367e-06 0.00261316 0.133196 6.59025e-09 
0.361297 0.00534904 0.0288125 0.00173597 0.00995922 0.000618432 0.00268067 0.00818107 0.0266093 0.0631536 0.00256454 0.112475 0.00894258 0.0019918 0.043855 0.00252297 0.00274355 0.125274 0.189958 0.00127596 
0.226239 0.00996295 0.194732 0.00180207 0.0102507 9.64199e-05 0.00492654 0.0105734 0.111283 0.0800944 0.00305765 0.133306 0.0190578 0.00232733 0.0567888 0.0132366 0.00545758 0.084282 0.0325254 1.56906e-09 
0.321831 0.0183801 0.039056 0.000387543 0.0104929 2.99589e-07 0.000145584 0.000183533 0.13851 0.167662 0.00445698 0.0348731 0.00349061 0.00721926 0.00348658 0.00162227 0.0456137 0.133707 0.0687881 9.37617e-05 
0.502627 0.00688995 0.0310554 0.000692439 0.00889247 4.80147e-06 0.0201968 0.0145791 0.123321 0.0692501 0.0945259 0.0424614 0.0529199 0.00233712 0.00700562 0.000130717 0.000246606 0.0100429 0.0128215 1.21887e-09 
0.338624 0.0195851 0.0174815 2.93319e-05 0.00435058 1.83375e-07 1.92877e-07 0.165107 0.000525174 0.0652938 7.47577e-11 0.0777146 0.156434 1.21161e-07 0.00141357 0.00133247 6.48938e-08 0.0811006 0.0710067 2.768e-07 
0.336941 0.00110125 0.026686 0.00491702 0.00996566 7.08877e-07 0.00425932 0.00791397 0.129424 0.0149147 0.00192619 0.0457489 0.00492307 0.0158542 0.0126532 0.00581626 0.0300486 0.0253749 0.321482 4.80161e-05 
0.920085 0.00240192 1.55375e-07 3.33888e-06 0.00655873 4.52869e-12 0.001354 7.13441e-05 7.72126e-07 4.08275e-08 0.000153346 0.0354532 0.000658548 3.05349e-12 3.45953e-07 6.40913e-08 1.55134e-09 2.18369e-07 0.0332586 6.34203e-12 
0.528219 0.00293365 0.0442052 0.00408735 0.150744 6.39897e-07 0.000316623 0.000578806 0.00394895 0.0175854 9.62229e-05 0.0774062 0.000329412 2.82822e-05 0.001407 4.27896e-05 2.06967e-05 0.0240258 0.144021 2.55804e-06 
0.676708 0.0369842 0.0617771 0.00134499 0.0073817 0.00155827 0.00543096 5.07434e-05 0.0271103 0.013485 4.36858e-07 0.0545859 0.106032 1.21756e-05 0.000218517 0.000117534 3.94589e-05 0.0049774 0.00186294 0.000322872 
0.505389 0.00514918 0.0300093 4.67236e-10 8.65652e-11 3.69596e-10 2.85598e-10 8.51813e-05 0.0018486 0.00301228 0.0462824 1.37991e-06 0.00681691 0.354668 0.00157302 1.32083e-10 0.00444029 0.00800683 0.0327181 5.17586e-10 
0.313837 0.0165817 0.000935403 0.0124057 0.0161117 0.000520158 5.88071e-05 6.5003e-05 0.00321026 0.0221906 0.144413 0.146491 0.109478 0.000126939 0.0019567 0.000583193 9.06235e-07 0.182495 0.0285386 3.02168e-08 
0.727903 0.000902331 0.00633253 3.90085e-05 0.0190585 0.000207763 0.00147338 0.00975435 0.0004861 0.0416723 0.00310591 0.0144904 0.0164676 0.00724456 0.0296654 0.00314164 1.87889e-05 0.0997272 0.0177404 0.000568708 
0.529732 0.0347187 0.00539401 0.000675242 0.0446853 1.50476e-06 0.00101206 0.0030327 0.00977917 0.0135033 0.0109164 0.12078 0.0362788 0.00242909 0.00160763 0.00185097 0.00156689 0.126757 0.0552782 1.0295e-07 
0.385973 0.0144907 0.0652189 8.50542e-05 0.00820233 4.15578e-07 0.000185464 6.09876e-05 0.0365301 0.00193257 0.000815387 0.0324416 0.0158319 0.245836 0.00870029 0.00116872 0.0156755 0.046115 0.120724 1.24995e-05 
0.662807 4.97249e-07 0.0118409 0.000160804 0.156898 1.96835e-05 2.29192e-07 7.88072e-07 0.0187275 0.00111371 7.67147e-05 0.0605183 0.000188595 2.58508e-07 3.50409e-06 1.19057e-07 7.47556e-08 0.068749 0.0188574 3.61523e-05 
0.543904 0.0171704 0.0129752 0.000135946 0.00240598 3.18029e-06 0.000571634 0.0170426 0.08553 0.0248685 0.00391388 0.133733 0.0183511 1.13893e-06 0.0653517 0.00464896 0.000229252 0.0673386 0.00181922 5.43665e-06 
0.742909 0.00764915 0.00815212 0.000353753 0.0126242 1.05591e-07 0.0349529 0.00733303 0.00294045 0.0318431 0.000158018 0.0316578 0.0110301 6.73599e-07 0.0523934 0.000724779 0.0150288 0.0265189 0.0137301 1.30595e-09 
0.447013 0.000561946 0.0862069 7.52994e-10 0.00262084 5.95638e-10 5.23693e-07 1.85064e-08 0.0765425 4.67345e-11 8.19332e-06 2.44205e-06 0.00396749 0.210909 0.0255197 2.12864e-10 2.50562e-07 0.10979 0.0368565 8.34137e-10 
0.630229 0.0162854 0.00252015 5.40222e-05 3.13181e-06 1.01099e-06 0.0127466 8.71059e-07 0.00164385 0.0114174 4.41274e-05 0.0262604 0.0769217 8.98535e-07 0.0142335 0.0703126 1.29623e-05 0.0510397 0.086272 7.99148e-07 
0.837425 0.0589597 0.00113958 1.16725e-05 0.00164591 4.66284e-07 0.00531589 5.02756e-07 0.0105584 5.06348e-05 1.45649e-05 0.0287798 8.30533e-05 0.000145579 9.24744e-06 2.66237e-05 0.000405766 0.00168367 0.0537435 6.52989e-07 
0.370771 0.0114186 0.0336881 0.000648086 0.0657521 4.87255e-05 0.00255061 0.0214625 0.0243783 0.0337886 0.000369083 0.201637 0.00207472 0.000328986 0.0130997 0.000986438 0.00014334 0.111326 0.105479 5.00148e-05 
0.601407 0.0122735 0.00791284 0.00746987 0.0354862 9.67967e-06 1.32666e-05 0.000291097 0.00670592 0.0327656 1.13459e-05 0.111732 0.00103512 0.000320955 0.00269124 0.00105652 0.118811 0.0155967 0.0443331 7.81303e-05 
0.913928 0.00107714 0.00153088 0.000545703 0.00023682 2.29832e-05 1.12656e-05 0.00156021 0.000143111 0.00433513 3.23725e-05 0.0082644 9.79941e-06 4.86319e-05 0.000912675 0.00051794 8.18039e-06 0.0614105 0.00540324 6.53678e-07 
0.223055 0.0584627 0.0376154 0.000670404 0.0216219 9.9336e-05 0.00118036 0.0100641 0.0261863 0.10031 0.00301568 0.111784 0.015176 0.00100965 0.125425 0.026025 0.00153814 0.193697 0.0429706 9.38731e-05 
0.450974 0.0140331 0.0199021 0.000626932 0.0598533 3.73401e-05 0.00517883 0.00150362 0.0304704 0.0368822 0.0130671 0.0913261 0.0139874 0.00044938 0.0288895 0.0209233 0.00019885 0.0509048 0.16079 1.79605e-06 
0.522555 0.00170109 0.00924274 0.00236755 0.0266042 8.52798e-06 0.00849818 0.0385283 0.0450823 0.0169235 0.00223849 0.0136696 0.0164214 0.0157433 0.01518 0.000476977 0.000652036 0.161853 0.102254 8.28853e-07 
0.720195 0.00152789 0.00224509 3.66443e-06 0.00422879 4.32947e-07 0.000464331 0.00327414 0.00313957 0.00683069 0.000926623 0.0771507 0.00547214 0.0055676 0.0422748 4.89422e-05 0.00458914 0.0144006 0.10766 2.75996e-09 
0.316862 0.0492728 0.00589489 2.11808e-07 0.0498327 8.92982e-07 1.84054e-05 0.00693697 0.0202078 0.109744 0.00255359 0.043485 0.0248732 0.00623515 0.0269539 0.000836269 0.00138952 0.205567 0.129306 2.94665e-05 
0.385305 0.00042664 0.00778109 0.000814922 0.00817197 2.82866e-09 8.85395e-06 0.00107204 0.12579 0.0384039 0.000311679 0.045356 0.000535323 0.0236365 0.0669177 7.80797e-05 0.0190017 0.0616537 0.214735 2.63348e-08 
0.296976 0.0610898 0.0474662 0.000893205 0.0132926 0.000527036 0.0472658 0.00484485 0.0290306 0.0252232 0.00240973 0.15069 0.0739313 0.0034007 0.0442702 0.0026337 0.00147228 0.0375986 0.155512 0.00147283 
0.470087 0.034694 0.025236 2.61675e-06 0.00190656 3.56546e-05 0.107798 1.57906e-05 0.0108266 0.0167876 0.0207416 0.0335584 0.105242 2.43748e-05 0.138126 0.000205817 0.000211382 0.0250298 0.00947013 2.06701e-06 
0.581625 0.0534218 0.0246206 0.000598396 0.0569948 6.62399e-08 1.56707e-05 0.00019249 0.00259315 0.107192 0.000236441 0.0707249 0.0355908 0.00132604 0.0165473 0.00188056 0.000149048 0.0304043 0.0158731 1.36126e-05 
0.286903 0.062628 0.0127879 0.000523807 0.00317535 7.40133e-05 0.00359407 0.000136601 0.040754 0.0243871 0.26654 0.0318119 0.0622894 0.0094979 0.0117418 0.00199291 0.0253471 0.0588396 0.0969762 7.89103e-10 
0.328771 0.000135923 0.0249538 9.8386e-05 0.0010261 9.3864e-12 0.000803059 0.00165816 0.0234769 0.00750082 0.00386553 0.00435933 0.0050219 0.186436 0.00669984 0.00037689 0.189303 0.00827022 0.207243 1.31448e-11 
0.247575 0.011483 0.0227956 7.33752e-06 0.020763 4.91572e-05 0.00863624 0.00141065 0.00162985 0.0595541 0.0781372 0.224734 0.173447 0.000261617 0.0364669 4.78466e-05 1.25336e-05 0.0150503 0.0978413 9.83429e-05 
0.397692 0.00944756 0.0577515 1.72941e-06 0.000956428 0.00192951 0.00211694 0.0387461 0.00561744 0.0539163 0.0378479 0.041146 0.214714 0.0506609 0.0226859 0.00410568 0.00201882 0.0078659 0.0507799 4.82807e-10 
0.263239 0.0165768 0.0434325 8.60792e-05 0.0110294 7.88216e-05 0.00151343 0.0176971 0.0574352 0.0727513 0.00161459 0.224704 0.00535144 0.000268707 0.0734531 0.0084305 0.00083237 0.166939 0.0280319 0.00653499 
0.44846 0.00255378 0.0126453 6.52446e-09 0.00376811 5.16102e-09 0.00197481 0.000334252 0.0205854 0.0449155 0.00794931 0.0561154 0.197807 0.0223043 0.137524 1.8444e-09 0.000139477 0.0185034 0.02438 3.96448e-05 
0.512516 0.0801807 0.0335385 0.000386772 0.0634568 0.00234369 0.00191579 0.000114631 0.019944 0.04817 0.0737697 0.070458 0.0036967 0.00027009 0.00548394 0.00158302 0.000437346 0.0711176 0.000233484 0.0103832 
0.272585 0.0214843 0.0700528 6.40004e-06 0.0291704 8.75331e-05 0.00172427 0.0234281 0.0753335 0.0594141 1.68052e-06 0.188979 0.0509109 0.0015188 0.0129696 0.00452748 0.00116674 0.053134 0.133506 2.24083e-08 
0.358466 0.0213888 0.0713621 0.000353049 0.0203254 2.95231e-06 0.00883099 1.74254e-05 0.0188359 0.0143299 0.014977 0.110561 0.0986533 0.000669851 0.0607682 0.0040893 0.0343818 0.0433011 0.11233 0.00635552 
0.629015 0.0722771 0.00218864 1.90828e-05 0.033466 6.14e-08 0.000633098 7.54284e-05 0.00116388 0.00686714 0.0044678 0.0790595 0.00293953 0.00119616 0.0163289 0.000233817 0.000358949 0.0542476 0.0916145 0.00384808 
0.309695 0.00876445 0.0554978 0.00722489 0.00626784 3.90882e-07 0.00115354 0.00994017 0.0169795 0.0438854 0.00121008 0.142613 0.0275925 0.00754619 0.0173881 0.00168445 0.0161343 0.0397261 0.284322 0.00237515 
0.884318 0.00560131 0.00281135 2.15974e-05 0.00362533 7.92875e-11 1.79302e-05 6.63913e-06 0.00363379 0.0107846 0.000326514 0.0295971 0.000459092 0.00688983 0.00148703 0.000372387 0.00663762 0.0223216 0.0210883 1.00965e-07 
0.607973 0.0366876 0.00604192 3.79332e-07 0.0013156 1.73788e-06 0.00995694 0.0119745 0.0138164 0.0194293 0.00826218 0.143604 0.00610096 0.0229295 0.023459 0.000250542 0.00112285 0.0651407 0.0168377 0.00509524 
0.577046 0.0184732 0.018939 0.000167648 0.0108819 7.82339e-05 0.000288508 0.0087823 0.00410451 0.0363605 0.00561527 0.138303 0.0170487 0.0011274 0.032689 0.0025737 0.0046644 0.0310938 0.089417 0.00234596 
0.66989 0.00261236 0.000175261 4.73425e-06 0.000352221 4.48844e-08 0.0110227 1.21509e-07 0.000263835 0.002539 1.6408e-05 0.195085 0.0377449 3.80793e-09 0.00542852 0.000504606 1.95009e-05 0.0270511 0.0472895 1.51781e-08 
0.541669 0.0108813 0.00016855 5.3371e-07 0.000689939 1.66318e-06 0.000270155 0.000164388 0.0652845 0.0119279 1.63874e-08 0.156192 0.000737809 0.000127891 0.0278801 0.00356688 3.77987e-05 0.089494 0.090905 1.02727e-10 
0.292123 0.0841905 0.000949928 5.57315e-06 0.0389 6.95834e-06 0.000404839 0.000194104 0.050518 0.0504905 0.000108223 0.263406 0.00179607 0.00668054 0.00415819 1.70298e-05 1.25498e-05 0.18449 0.021547 1.4888e-06 
0.337762 0.0063086 0.0393281 0.00723121 0.0100991 2.84104e-07 6.84669e-06 0.000523484 0.29468 0.00451049 1.74803e-05 0.0223766 0.000308197 0.00285906 0.00186378 0.000417132 0.00102556 0.245111 0.0255642 7.35801e-06 
0.338727 0.0248461 0.142095 0.00151865 0.0614985 0.000286926 0.00749916 0.000951258 0.015981 0.0293926 0.000891258 0.0636987 0.0438845 0.000519273 0.0248257 0.000272123 0.00178214 0.0390063 0.195391 0.00693328 
0.466656 0.00926388 0.00588953 6.68795e-05 0.127438 3.59632e-06 6.25687e-06 0.000312962 0.00333038 0.0219179 5.96574e-05 0.289037 0.000295377 1.24619e-07 0.0020048 6.60511e-08 5.99237e-06 0.066328 0.000622235 0.00676131 
0.355199 1.60689e-05 0.17037 1.60472e-05 1.607e-05 1.6053e-05 0.0208916 1.60718e-05 0.0032303 0.0868128 1.6057e-05 0.335947 1.60698e-05 1.60603e-05 1.60723e-05 1.60673e-05 1.60698e-05 1.60734e-05 0.0273402 1.60441e-05 
0.329333 0.00466654 0.0227464 0.00103753 0.00303557 5.3961e-05 0.0150922 0.0076189 0.10303 0.0198705 0.0124981 0.00402045 0.0219844 0.0641638 0.00883974 0.00123241 0.222301 0.0150945 0.14338 3.03115e-08 
0.300717 0.00044874 0.00366361 0.00433188 0.00560974 2.68444e-05 0.000167452 0.00540145 0.282301 0.0269688 6.87741e-05 0.037476 0.0036827 0.00345181 0.0392628 0.000352472 0.0160236 0.0952925 0.174753 3.25974e-07 
