3.70904e-07 0.000100932 0.0473014 1.36126e-05 0.0144981 0.00102102 0.000848174 2.54394e-05 0.0263468 0.000935387 0.00188416 0.0087417 0.415057 5.873e-05 0.00722802 0.000152382 0.00107828 0.40791 0.0667986 8.64367e-08 
4.16456e-10 1.72084e-06 4.02751e-05 3.28661e-09 1.03371e-06 2.23528e-06 7.17358e-07 1.57819e-06 0.0404857 0.0450795 0.0936785 1.10775e-05 0.00273067 0.00570713 0.119924 2.02486e-06 1.39506e-08 4.04783e-06 0.69233 3.64078e-09 
2.24769e-08 0.00332012 0.0591559 2.72136e-05 8.30061e-05 1.94341e-12 1.63028e-06 6.799e-08 0.023346 0.0367866 6.19209e-08 0.0740926 0.00344448 0.000300633 0.681465 0.0120188 1.83006e-05 0.0727054 0.0332346 2.72157e-12 
3.38849e-10 8.09258e-09 0.0187702 5.16321e-07 0.00132996 4.65082e-05 0.000569651 2.49086e-06 0.101466 0.000511081 1.73441e-07 0.000705784 0.0770135 6.42162e-07 0.00512001 9.70402e-05 8.78667e-05 0.612118 0.182161 2.96232e-09 
4.2775e-07 7.33315e-05 0.0384313 1.13214e-06 5.3812e-06 4.24256e-06 2.76868e-05 0.000765615 0.0471629 0.0235596 0.00028486 0.00662513 0.0328215 2.0833e-05 0.112836 0.117046 6.99307e-06 0.61114 0.00918742 6.49959e-10 
7.0688e-07 0.000100382 0.0267192 3.83225e-06 0.000324871 0.00872676 3.53126e-05 9.12959e-07 0.000344578 0.000359513 0.00424134 2.18665e-06 0.902173 0.000638902 0.00178306 0.000299886 0.000629986 0.0272479 0.0263659 1.89707e-06 
8.56696e-06 0.0609433 0.0164955 2.15557e-05 0.000855039 0.000191401 0.0013221 0.000256335 0.000698295 0.221824 3.01051e-05 0.00575411 0.50252 9.27156e-08 0.00259876 0.157913 0.000159674 0.0135442 0.0148611 2.62191e-06 
2.24823e-13 1.21309e-10 0.00260557 1.91994e-06 0.00794491 0.00026727 3.4489e-08 1.38884e-05 0.00102717 0.00018272 1.15548e-12 4.0751e-09 0.0117239 2.61674e-06 0.00139283 0.000572256 1.64755e-09 0.372786 0.601479 1.96547e-12 
3.38849e-10 8.09258e-09 0.0187702 5.16321e-07 0.00132996 4.65082e-05 0.000569651 2.49086e-06 0.101466 0.000511081 1.73441e-07 0.000705784 0.0770135 6.42162e-07 0.00512001 9.70402e-05 8.78667e-05 0.612118 0.182161 2.96232e-09 
2.0027e-06 0.00102653 0.101809 5.51313e-06 0.00738301 4.73272e-08 0.0011126 0.000554108 0.152295 0.0469423 0.00263745 0.0307548 0.181729 0.00336693 0.242975 0.0260654 0.0166623 0.15063 0.034048 3.55099e-10 
1.27486e-11 3.02988e-07 0.00711859 1.74789e-08 0.0428969 5.41081e-05 0.000242348 7.16614e-08 0.0158323 0.00259002 3.5012e-05 0.0874236 0.00738878 1.1934e-06 0.194145 0.000213247 0.000296357 0.475621 0.166141 1.11452e-10 
4.47953e-07 0.000126794 0.00046287 2.16409e-05 0.00581742 0.000121385 0.000123554 5.81161e-06 0.000199429 0.0492639 0.000610176 0.000363122 0.843578 0.000501026 0.000442584 0.000175869 4.25558e-05 0.0318078 0.066332 3.91614e-06 
1.03113e-08 0.0002503 0.0164156 5.46769e-05 0.000327445 1.80659e-07 5.09945e-08 1.38384e-08 0.0041455 0.000312605 4.83036e-05 0.00186113 0.911476 0.0012771 8.99561e-07 0.000299998 0.000479727 1.7035e-06 0.0630492 7.57452e-12 
2.1702e-07 3.89034e-07 0.0194749 0.000146274 0.000884157 0.00194534 0.333309 2.08796e-07 0.0193173 0.00334672 0.000942558 0.247817 0.000134897 0.00115744 0.329184 0.00474095 3.31258e-07 0.0375962 1.31272e-07 1.89725e-06 
5.30253e-07 0.00817874 0.359263 0.00168829 1.05244e-05 1.0626e-07 0.000462119 0.33447 0.009227 0.114065 0.0022149 0.0376051 0.044006 0.000140302 0.00256274 0.00122866 0.000505163 0.0357526 0.04862 7.94422e-09 
9.49954e-06 0.000187932 0.0147117 3.33727e-05 0.00127962 0.0001351 7.66696e-05 0.000342146 0.00747121 0.00048465 0.000348183 0.00549213 0.00613128 8.49168e-05 0.0383725 0.000422816 3.18325e-05 0.894587 0.0297969 7.81829e-09 
3.27259e-08 6.45043e-06 0.301048 2.58268e-07 0.000530179 6.11743e-05 1.57867e-07 6.89244e-06 6.29121e-06 0.190765 5.99251e-05 6.19195e-05 0.0361396 1.37748e-07 0.0158703 0.453603 0.00147844 0.000346826 1.48359e-05 2.861e-07 
3.87909e-07 3.27421e-07 0.00433682 9.61731e-06 0.156477 0.000354116 0.0151088 2.22654e-07 2.26791e-06 9.4898e-05 7.69263e-06 0.000762241 0.476724 6.57738e-05 0.0341291 4.20636e-05 5.93609e-07 0.241267 0.0706161 9.20006e-07 
5.65013e-07 0.0140235 0.0742081 5.82766e-08 0.00269507 6.73102e-06 5.05843e-06 3.46657e-05 8.35763e-06 0.30517 0.000295457 1.37922e-05 0.566522 0.00111092 5.30599e-05 0.00219044 0.000545065 0.0269538 0.00616358 6.45566e-08 
5.49705e-14 0.00374984 0.018203 4.33819e-13 1.73616e-09 3.17293e-06 7.87588e-09 0.000396175 0.151902 0.0412412 7.03506e-09 0.0553122 4.2293e-05 1.7941e-05 0.392824 0.00253312 8.86747e-07 0.331278 0.00249676 4.80568e-13 
2.26668e-09 0.00106526 0.06565 1.60982e-06 2.76163e-05 3.86896e-07 3.93277e-09 0.00843025 0.040472 0.0206804 1.21408e-08 0.037489 0.000337843 0.000144949 0.513764 0.00477821 8.5625e-06 0.299419 0.00773127 1.4283e-12 
2.51482e-13 0.000251015 0.209399 4.05447e-06 0.000239156 0.000162608 1.48014e-08 0.000173523 0.00112549 0.00511757 0.000763623 0.00971664 0.0148433 0.000173519 0.222589 0.000805696 7.06977e-05 0.463694 0.0708713 2.19853e-12 
7.72943e-07 0.000228213 0.0234169 9.1123e-10 0.0651713 0.0126168 4.14828e-05 1.4995e-05 0.0440688 0.0100151 0.000280758 0.0271615 0.110242 0.000656187 0.0837893 5.52543e-05 9.498e-05 0.167991 0.454154 1.00943e-09 
1.64066e-06 0.0105351 0.879486 1.29479e-05 3.81512e-05 1.02421e-05 7.91439e-06 4.32953e-05 0.000101838 0.0034124 8.43219e-06 0.000370899 0.0553295 0.000280668 0.00143688 3.66023e-06 2.5043e-06 0.000428022 0.00148286 0.0470076 
6.21883e-06 1.96948e-05 0.00194488 5.74388e-05 0.000769325 7.61345e-05 0.00110593 1.56091e-05 0.000343653 8.14974e-06 9.97502e-05 0.0238867 0.0725925 3.05785e-05 0.000183116 2.77486e-05 1.58497e-05 0.869352 0.0294605 4.45913e-06 
1.04709e-11 0.00252251 0.0791052 8.26352e-11 0.00118843 2.461e-07 0.00155835 1.00741e-11 0.0395507 7.21557e-05 1.50254e-07 0.024892 0.100874 0.000158341 0.602685 0.000670431 2.61156e-05 0.146697 2.31865e-07 9.154e-11 
4.73026e-08 0.0382905 0.00740195 7.36422e-06 3.98866e-06 2.95295e-07 5.99552e-05 0.00636898 0.000211809 0.212517 2.43113e-07 0.0446054 7.22451e-08 1.71212e-05 0.152607 0.0228773 7.22027e-08 0.507202 0.00774687 8.23141e-05 
1.46138e-08 0.00584962 0.046954 5.10285e-12 0.000132531 0.00108634 0.00139541 9.08256e-07 0.0150097 0.00316039 7.74171e-06 0.0194038 0.38783 0.000512569 0.429054 0.000636341 0.000174263 0.0780759 0.0107169 5.65274e-12 
2.15936e-05 0.0191952 0.204947 5.4453e-05 7.04926e-07 0.000245099 0.000371785 0.018277 0.000375141 0.322552 0.0542538 0.00555587 0.30556 0.0320823 0.0200215 0.000888494 0.000108373 0.000638942 0.01485 3.00601e-08 
1.28199e-07 2.44313e-05 0.126446 0.000188384 0.000225285 0.000444371 0.00121602 1.23341e-07 1.47752e-07 0.0027241 0.00243522 0.00296183 0.790933 5.39607e-07 0.0144484 2.86005e-07 1.95682e-07 0.0516178 0.00633287 1.12075e-06 
8.58226e-12 3.73421e-07 0.201648 1.45067e-05 1.64119e-07 0.0129721 1.01342e-08 2.03717e-07 0.00278955 0.0336124 0.000943745 2.74845e-06 0.581177 0.00100822 0.0612336 0.00229942 0.000772416 0.0303058 0.0712189 3.46041e-08 
4.23007e-08 0.00284805 0.091771 3.74649e-10 0.000718335 0.000354724 3.80823e-07 0.0124213 0.00504891 0.145171 0.113378 0.0047807 0.588343 0.000940963 0.0186638 0.00355784 0.000687159 0.00336483 0.00795003 4.15022e-10 
5.29571e-06 0.00104749 0.0479084 3.64749e-07 1.43798e-05 0.0142869 0.000265232 0.00577853 0.0146925 0.14862 0.0250376 0.00904305 0.528204 8.10643e-05 0.00109966 0.0158613 0.00131289 0.0440604 0.142681 2.20218e-08 
4.29826e-07 7.70515e-07 0.997315 3.39213e-06 6.28463e-07 2.68326e-06 2.07344e-06 4.13538e-07 4.95383e-07 0.000358116 2.2091e-06 2.39714e-07 0.000263245 1.8092e-06 0.0014955 9.58922e-07 6.56086e-07 0.0004178 0.000130258 3.75767e-06 
9.7826e-05 0.00491809 0.361149 5.51185e-07 0.00038076 0.000223975 0.000108794 0.00397415 0.00451478 0.0312129 0.12133 0.0096253 0.0068401 0.000120744 0.11334 0.0435438 0.000186153 0.29031 0.0081223 1.33001e-08 
3.85546e-11 1.95599e-06 0.0291318 3.04268e-10 1.3248e-06 7.70431e-07 1.85984e-10 1.22042e-06 2.62171e-06 0.000204657 1.98152e-10 4.82506e-06 5.12353e-07 1.52561e-06 0.0803499 8.60136e-11 5.30236e-08 0.871212 0.0190873 3.37056e-10 
6.46255e-13 0.00158512 0.00104948 5.10015e-12 9.4813e-05 4.03436e-12 1.30002e-07 0.462628 1.56487e-09 0.493835 3.32143e-12 3.60416e-13 2.81312e-08 1.25155e-08 5.35236e-13 0.0404915 1.31666e-05 0.000303067 3.79222e-09 5.64975e-12 
6.86053e-08 0.00569513 0.0247002 1.45407e-10 0.000107698 0.00070885 6.17882e-07 4.26293e-06 0.0100968 0.0494817 0.0945255 0.00143835 0.760615 0.000225392 0.0373258 8.53126e-07 0.00137391 0.00672905 0.00697089 1.61076e-10 
1.71559e-09 4.71016e-06 0.0123884 0.00080576 8.32585e-06 0.0122103 1.18047e-05 6.42524e-06 0.00438256 0.000860241 0.00011065 7.70312e-06 0.937709 1.25783e-05 0.0100138 1.17647e-05 0.000143494 0.0125157 0.00879725 1.49982e-08 
1.943e-11 2.43762e-07 0.0716908 1.53339e-10 0.0318655 1.32908e-08 0.00831689 6.56438e-08 0.0578605 0.00193917 0.000308428 0.142026 0.00402408 1.82975e-07 0.1076 0.000754694 0.000578181 0.573034 9.96188e-07 1.69863e-10 
1.18024e-08 0.00113063 0.00281913 9.09494e-07 0.00193898 9.92284e-10 0.000130367 0.836497 0.000126414 0.146864 4.44029e-08 6.04063e-06 5.03112e-07 7.22719e-06 2.37484e-08 0.00605124 1.97505e-05 0.00437479 3.27846e-05 6.35981e-10 
6.85963e-08 0.0171212 0.0166214 2.39525e-11 0.000298122 0.00156324 6.17865e-07 4.26331e-06 1.02702e-06 0.507364 0.134491 1.69606e-06 0.272978 0.0039181 6.52609e-06 0.013481 0.000962253 0.0164212 0.0147666 2.65337e-11 
1.06826e-12 0.000333039 0.0163484 8.43057e-12 0.000333845 0.000209815 5.15319e-12 5.55104e-09 0.00217272 0.000591721 5.49034e-12 5.95769e-13 0.0270201 3.0425e-05 0.354861 1.12148e-05 5.66994e-05 0.0594273 0.538604 9.33906e-12 
3.12228e-11 0.00030874 0.264773 1.00109e-07 0.00139773 0.000130033 1.50616e-10 0.00997954 0.147795 0.0488405 2.98237e-07 0.00190923 0.0385974 0.000123526 0.0938546 1.28455e-06 0.000503678 0.246636 0.145149 2.72959e-10 
1.02127e-13 0.00326501 0.055609 4.52552e-06 4.24091e-09 2.12946e-08 9.43759e-05 0.000865654 0.00221709 0.0032934 5.63727e-08 0.0103438 0.00769198 4.74065e-05 0.456874 0.0151962 3.87139e-05 0.39645 0.0480085 8.92822e-13 
3.10283e-09 0.0042641 0.148116 1.16883e-05 0.0185243 1.937e-08 1.49678e-08 2.057e-07 3.57608e-09 6.88629e-06 1.59471e-08 4.26569e-05 0.723863 1.30603e-08 3.50446e-06 3.76741e-06 4.73616e-09 0.102324 0.000204303 0.00263549 
9.58819e-11 3.30027e-06 0.118746 7.56687e-10 1.40332e-07 5.98559e-10 4.62525e-10 0.000612196 3.53729e-07 0.830311 4.92786e-10 7.64722e-07 0.050296 4.03581e-10 9.84771e-07 3.01633e-06 1.46354e-10 4.90263e-11 2.69514e-05 8.38229e-10 
1.37837e-07 0.0308194 0.226417 9.0136e-06 0.000121695 2.97855e-05 0.000398136 0.0129953 0.00826885 0.061986 0.00902267 0.0464119 0.0858101 3.37464e-06 0.439509 0.0316981 5.20949e-06 0.043013 0.00348057 1.05521e-06 
1.18024e-08 0.00113063 0.00281913 9.09494e-07 0.00193898 9.92284e-10 0.000130367 0.836497 0.000126414 0.146864 4.44029e-08 6.04063e-06 5.03112e-07 7.22719e-06 2.37484e-08 0.00605124 1.97505e-05 0.00437479 3.27846e-05 6.35981e-10 
1.33006e-05 0.0582169 0.0785285 1.35211e-07 6.11709e-05 5.28888e-05 6.69057e-05 0.0525584 0.0219303 0.20726 0.0172355 0.0101582 0.346044 0.000116642 0.127482 0.0186438 4.23215e-05 0.0315 0.030089 2.0799e-09 
3.18155e-06 0.0044191 0.0443671 0.000303802 3.02514e-06 3.79191e-05 0.00109422 0.000195383 4.71025e-05 0.0105067 0.76076 7.77351e-05 0.146622 1.59086e-05 0.021916 3.91782e-05 0.00121212 0.00237044 0.00600809 3.37409e-07 
1.56106e-07 4.43939e-05 0.0477246 1.50275e-05 1.73692e-05 0.00168104 0.000478689 1.39938e-05 0.00604713 5.34102e-05 0.00828083 0.000145811 0.130772 5.78564e-05 0.0743713 9.85002e-05 0.000172725 0.568057 0.161968 5.8216e-11 
5.00369e-05 0.0139516 0.0463131 5.71503e-05 0.0001923 0.000231248 0.000597569 0.0372962 0.0823759 0.0706225 0.0514482 0.0324639 0.0628293 0.000135218 0.372281 0.0624006 5.63315e-05 0.151381 0.0153166 4.51673e-08 
1.85088e-07 0.00113989 0.0162299 8.03979e-07 0.0139395 0.000434347 0.267754 0.00125596 0.0428224 0.00743407 0.000464479 0.0764628 0.0863802 3.20442e-05 0.0595198 0.000162414 0.000109608 0.419599 0.00625849 2.63344e-07 
1.42493e-08 2.00323e-08 0.0071638 4.01316e-08 0.0912926 8.77766e-06 0.000531018 0.000145686 0.0152209 0.000199751 2.24889e-08 0.0488013 0.00290111 2.23996e-08 3.84392e-08 0.000240256 0.000126222 0.719995 0.113373 5.16873e-12 
3.95275e-07 0.00192363 0.938355 1.02747e-05 2.11176e-06 7.65043e-09 0.00163769 0.00224315 6.73432e-07 0.0202644 0.000731043 1.049e-06 0.000135 5.99122e-07 1.87996e-05 0.0193329 4.31871e-05 0.00563487 0.00966523 1.07137e-08 
1.18024e-08 0.00113063 0.00281913 9.09494e-07 0.00193898 9.92284e-10 0.000130367 0.836497 0.000126414 0.146864 4.44029e-08 6.04063e-06 5.03112e-07 7.22719e-06 2.37484e-08 0.00605124 1.97505e-05 0.00437479 3.27846e-05 6.35981e-10 
2.24769e-08 0.00332012 0.0591559 2.72136e-05 8.30061e-05 1.94341e-12 1.63028e-06 6.799e-08 0.023346 0.0367866 6.19209e-08 0.0740926 0.00344448 0.000300633 0.681465 0.0120188 1.83006e-05 0.0727054 0.0332346 2.72157e-12 
1.51264e-11 6.91484e-07 0.0689503 1.19376e-10 2.12344e-07 0.00351393 7.7354e-07 1.45532e-11 0.000240388 0.000410869 3.42144e-07 4.53023e-07 0.836746 4.45747e-07 0.0336392 0.000319113 7.46603e-05 0.026529 0.0295738 1.3224e-10 
5.79047e-12 1.13767e-06 5.66627e-06 4.56976e-11 8.46644e-12 1.19325e-07 2.79327e-11 1.82229e-06 8.85991e-06 2.91053e-06 7.41058e-07 0.00602419 3.05119e-07 3.70492e-07 0.172523 0.00386587 5.83433e-08 0.817564 7.39396e-07 5.0622e-11 
5.79047e-12 1.13767e-06 5.66627e-06 4.56976e-11 8.46644e-12 1.19325e-07 2.79327e-11 1.82229e-06 8.85991e-06 2.91053e-06 7.41058e-07 0.00602419 3.05119e-07 3.70492e-07 0.172523 0.00386587 5.83433e-08 0.817564 7.39396e-07 5.0622e-11 
4.70321e-11 8.43107e-11 2.6678e-06 3.71171e-10 6.13095e-08 5.56578e-08 0.00146462 0.139547 0.108737 0.522959 2.58531e-07 0.000478758 0.00676748 3.98378e-07 2.33007e-06 0.21048 7.17898e-11 0.00955897 2.84491e-11 4.11169e-10 
9.17482e-09 0.00701057 0.0121635 2.14123e-09 1.45673e-05 1.1217e-06 0.000241705 0.00382332 0.112507 0.152445 9.63373e-09 0.0346645 0.000249259 2.55773e-05 0.434443 0.0201221 1.43453e-06 0.21875 0.00353733 2.15615e-13 
4.57093e-05 0.0066673 0.0647965 2.0531e-12 7.53e-05 8.62443e-05 0.000413541 0.00353563 0.0111766 0.193142 0.221343 0.0675488 0.00889062 0.000194543 0.369843 0.00426244 8.10827e-05 0.032932 0.0149651 2.27434e-12 
5.94225e-09 0.00014028 0.0218023 2.07188e-09 0.00454217 9.65779e-05 9.08395e-09 1.82443e-05 0.00462909 0.000480061 0.000809429 0.00486913 0.00336674 9.68031e-09 0.122283 9.05615e-09 6.57308e-09 0.373614 0.463349 1.34929e-12 
3.37676e-08 0.000121125 0.00140555 2.66489e-07 0.000794953 2.108e-07 0.000228211 0.000263185 0.000167385 0.000332463 0.0004514 0.000129961 0.00216612 1.42133e-07 0.000615296 7.53338e-08 5.15428e-08 0.884809 0.108514 2.95206e-07 
3.50618e-10 1.89185e-07 0.228494 3.3232e-06 0.15485 1.8607e-05 1.69135e-09 1.65326e-06 1.37432e-06 9.34256e-06 1.802e-09 1.27121e-06 0.615763 8.86955e-07 1.44906e-05 2.1981e-05 5.35182e-10 0.000288907 0.000531248 3.0652e-09 
1.89125e-10 7.80107e-07 0.186041 1.49255e-09 2.76527e-10 0.00372707 1.36858e-05 8.3719e-07 7.63117e-07 0.0656557 7.29106e-06 6.22411e-07 0.744543 7.96057e-10 1.56652e-06 3.41806e-06 1.87671e-06 9.67036e-11 1.80762e-06 1.65339e-09 
7.85587e-11 0.000113148 0.0732651 6.19974e-10 0.000114158 7.28115e-05 3.7896e-10 2.23349e-07 0.0103563 0.000198697 1.80906e-06 4.38122e-11 0.51881 1.12695e-05 0.195983 0.000214843 0.00145041 0.0198239 0.17958 3.69251e-06 
1.62694e-06 0.000107312 0.0287533 4.15735e-06 0.0110327 3.12506e-06 3.95219e-05 1.04866e-06 0.0192851 0.0320301 0.00150388 0.00309331 0.82938 0.00029905 0.0557073 0.000210332 7.19914e-05 0.0180021 0.000414157 5.93886e-05 
4.39585e-07 7.8801e-07 0.000702348 3.46915e-06 6.42733e-07 0.949999 2.12052e-06 7.64033e-07 4.68197e-06 2.15313e-07 5.61371e-06 2.45157e-07 0.0449944 4.99738e-06 2.38701e-06 3.35359e-06 3.95641e-05 7.17537e-06 0.00422344 4.12476e-06 
3.85546e-11 1.95599e-06 0.0291318 3.04268e-10 1.3248e-06 7.70431e-07 1.85984e-10 1.22042e-06 2.62171e-06 0.000204657 1.98152e-10 4.82506e-06 5.12353e-07 1.52561e-06 0.0803499 8.60136e-11 5.30236e-08 0.871212 0.0190873 3.37056e-10 
5.95553e-10 1.39866e-05 0.000472098 0.00240641 2.47309e-05 0.00012418 3.50522e-05 9.51211e-06 9.69184e-05 1.08518e-05 0.000328738 2.28848e-05 0.99415 3.73533e-05 0.000618332 3.49449e-05 2.53635e-05 0.00117094 0.000417916 5.2065e-09 
1.91061e-08 0.00309663 0.108195 5.54698e-05 0.000834377 0.000180477 3.45645e-05 0.000157592 0.00740191 0.0523689 0.000852918 0.0383691 0.0684161 0.000124415 0.190374 0.0114294 4.15637e-05 0.258788 0.25928 1.43967e-11 
6.66121e-10 3.27983e-08 0.0779388 1.7575e-06 0.00136288 6.49133e-05 0.000248051 0.00228357 0.000337122 0.0107347 1.69356e-06 2.23667e-06 0.50678 2.97541e-06 0.000249878 0.000110231 4.17324e-05 0.132805 0.267034 5.82343e-09 
1.2036e-07 0.00157656 0.0818302 0.00020442 0.003418 0.00401549 0.00146728 0.00199812 0.0169944 0.00447804 0.012915 0.00829376 0.101103 0.00179222 0.15089 0.00316474 0.00335779 0.46286 0.139642 1.20154e-07 
1.2036e-07 0.00157656 0.0818302 0.00020442 0.003418 0.00401549 0.00146728 0.00199812 0.0169944 0.00447804 0.012915 0.00829376 0.101103 0.00179222 0.15089 0.00316474 0.00335779 0.46286 0.139642 1.20154e-07 
2.33574e-09 4.1871e-09 8.85091e-05 1.84334e-08 3.41517e-09 1.02215e-05 3.38135e-05 2.24723e-09 2.69199e-09 4.80622e-06 1.20046e-08 1.30394e-06 0.999844 9.83148e-09 1.93449e-09 5.21093e-09 7.13413e-06 2.50925e-06 7.20696e-06 2.04198e-08 
4.40315e-09 9.63679e-07 0.00476212 5.80795e-07 0.00171584 0.000161535 7.92955e-05 6.54263e-07 0.000521575 7.43758e-07 0.00129261 1.5664e-06 0.836554 2.57112e-06 4.2261e-05 8.07306e-05 0.0002537 0.0233597 0.13117 3.84937e-08 
1.92303e-08 0.00652029 0.196901 6.71485e-12 0.000154417 2.3053e-07 1.73212e-07 0.0151799 0.000892824 0.179063 0.193569 0.0148828 0.270784 0.000549248 0.0532408 0.00619495 0.000903371 0.0513409 0.00982263 7.43845e-12 
1.26131e-08 0.000169151 0.00435775 1.0978e-05 8.20484e-08 0.000247248 0.000401691 4.55085e-09 0.00973972 0.000185599 3.93159e-08 0.00102355 0.00945897 0.00041126 0.0459347 1.35489e-08 2.13026e-08 0.860562 0.0674976 2.55243e-12 
8.71487e-11 1.87626e-07 0.011045 4.13348e-07 1.65777e-07 4.90182e-07 6.31017e-07 8.46847e-09 4.01864e-07 7.98273e-07 1.29936e-06 4.86028e-11 0.988948 3.7049e-08 7.21776e-11 1.94425e-10 9.57904e-07 3.07515e-07 1.39173e-06 7.6188e-10 
3.94451e-12 0.00110732 0.0104801 1.01455e-08 0.00130547 0.00334456 5.01916e-05 1.17178e-08 0.000725231 5.94013e-05 0.00128245 0.000540485 0.509293 1.6603e-11 0.00174784 0.000193676 0.000102743 0.0285541 0.441214 3.53776e-08 
1.05025e-07 1.8827e-07 0.000421395 1.38934e-05 0.000301637 0.844872 0.000282667 2.70662e-05 0.0378241 2.75302e-05 1.48958e-06 0.000298101 0.0704404 5.57453e-05 0.000764937 0.000246979 0.00182299 0.0134319 0.0291663 9.97946e-07 
1.82523e-07 1.79011e-06 0.37249 2.60848e-06 0.00440836 1.06867e-06 0.000156961 5.55658e-07 0.00549455 0.28928 0.00195069 0.00567699 0.308562 4.93287e-09 0.0019638 0.00219963 0.00107828 2.18988e-06 0.00673069 1.02455e-08 
1.26126e-09 4.88388e-05 0.547433 9.95368e-09 0.369991 7.87362e-09 6.08419e-09 1.54122e-05 4.50769e-06 0.000167603 0.000123169 0.081486 0.00049622 3.02655e-05 3.03985e-05 7.28805e-05 1.29007e-05 5.61075e-05 3.20433e-05 1.10263e-08 
5.9874e-08 0.0101374 0.430379 4.72517e-07 0.00848434 0.000959869 4.72696e-06 1.62824e-05 0.043968 0.045056 0.0108865 0.00646259 0.0112344 2.54878e-06 0.0120077 3.49633e-07 1.35388e-06 0.365572 0.0547032 0.000123288 
2.47578e-06 9.60909e-05 0.000159009 0.000423032 0.000134937 1.54555e-05 0.000302947 9.16534e-05 0.000141906 0.00056726 1.27243e-05 0.00026736 0.000135166 6.39372e-05 0.00149599 0.993621 9.55987e-06 0.00157633 0.000861547 2.1644e-05 
2.05939e-09 0.000777231 0.00598926 1.82498e-06 0.00833898 0.0169707 4.00648e-06 0.00315416 4.14181e-07 0.0859968 5.07752e-05 3.6114e-06 0.760586 0.00549967 0.0035496 0.00851818 0.000376803 0.0371259 0.0630558 5.93775e-08 
3.75779e-05 0.0159476 0.0353347 1.98702e-05 0.0100714 0.00616455 0.000116005 0.00551121 0.00323505 0.0102264 0.000859276 0.00792228 0.0241851 7.87911e-05 0.0445247 0.00148052 3.49852e-05 0.749108 0.0850058 0.00013639 
2.24823e-13 1.21309e-10 0.00260557 1.91994e-06 0.00794491 0.00026727 3.4489e-08 1.38884e-05 0.00102717 0.00018272 1.15548e-12 4.0751e-09 0.0117239 2.61674e-06 0.00139283 0.000572256 1.64755e-09 0.372786 0.601479 1.96547e-12 
2.19883e-09 0.0055206 0.010708 1.3918e-06 0.0003147 3.851e-07 3.19443e-05 0.00069224 0.031314 0.034131 9.48931e-13 0.0919607 2.51416e-05 3.7621e-06 0.637282 0.000747051 2.43229e-07 0.177473 0.00979397 1.61413e-12 
2.73121e-10 4.89603e-10 8.02735e-05 2.15544e-09 0.115203 0.000113226 0.000127288 2.62771e-10 3.14777e-10 5.89958e-07 0.000196953 0.00527103 0.874749 1.14961e-09 0.00010874 6.0932e-10 0.00012851 0.00402096 1.65207e-10 2.38771e-09 
1.19825e-12 0.87117 0.000320672 1.84016e-10 5.31304e-09 6.14915e-09 5.38381e-09 2.92989e-05 0.000118328 0.0954078 6.15843e-12 2.41085e-06 1.73394e-08 1.56585e-07 0.000150453 0.0309229 2.08779e-07 0.00175882 0.00011901 7.913e-10 
3.79892e-06 0.0106813 0.181297 1.09259e-06 0.00558476 0.000142276 4.23399e-06 0.0111409 0.0623871 0.0420305 0.00438701 0.0101516 0.377261 0.000103809 0.04324 0.000105749 0.000699154 0.166476 0.0823607 0.00194149 
2.70443e-05 0.000732689 0.00599663 0.000145794 0.0566466 0.000133321 0.000197779 6.3033e-06 0.00372643 0.0156367 3.76591e-05 0.00485634 0.329619 0.00105207 0.00946887 0.0115241 3.96182e-05 0.320462 0.239691 1.27505e-11 
1.62972e-07 0.00571238 0.0213211 1.28616e-06 2.19247e-06 0.000112207 0.000231047 2.11622e-06 0.00484505 0.00167973 0.000561583 9.08896e-08 0.0646509 0.00125324 2.65958e-05 0.000335049 4.03745e-06 0.00319859 7.07411e-05 0.895992 
1.19582e-10 2.14366e-10 3.03991e-07 9.43729e-10 5.21994e-06 7.46514e-10 5.76855e-10 1.15051e-10 0.172691 0.00135401 6.14596e-10 0.0111242 1.82638e-10 1.33468e-07 0.00350753 1.95181e-05 2.14718e-07 0.790989 0.0203087 1.04543e-09 
9.37182e-08 0.0241938 0.0573248 4.18255e-07 0.00306494 0.0428237 0.000451626 0.0454986 0.000742707 0.0586343 0.00127571 0.0220139 0.402713 0.000852932 0.00478679 0.0248099 0.000397574 0.0324233 0.277991 1.27957e-06 
2.39593e-10 6.0138e-09 0.0670089 3.78905e-07 0.000799763 0.00311872 4.92927e-05 2.4854e-05 0.0748909 0.023691 0.000306733 2.22287e-07 0.474077 5.25726e-07 0.00184763 0.00174961 0.000205165 0.149462 0.202767 2.0946e-09 
1.77651e-07 0.00754901 0.186598 0.000213033 0.00406796 0.000550256 1.77501e-07 0.00767474 0.00488539 0.198423 0.000976363 0.178645 0.00817116 0.00195296 0.151453 0.00969727 0.00117254 0.166619 0.0713507 1.77346e-07 
7.67585e-11 3.69345e-05 0.0161505 3.00418e-07 0.00163057 2.7923e-05 0.00107888 1.49619e-06 0.0483889 0.148534 3.94502e-10 0.0182363 0.0179376 3.94304e-05 0.0294317 0.000989172 4.35962e-08 0.577188 0.140328 6.71046e-10 
5.27238e-07 0.00519411 0.0511516 2.12907e-06 0.00930545 1.67279e-06 0.000133952 0.000196612 0.00834184 0.08893 2.52363e-06 0.0356206 0.410002 2.83284e-07 0.0861021 0.0120623 2.49144e-05 0.0674376 0.225489 2.49059e-09 
3.35703e-11 0.14331 8.99682e-07 2.7427e-07 1.6485e-07 2.65536e-07 7.23541e-08 0.0129073 8.13187e-08 0.742864 3.00626e-07 0.00429801 0.000224027 1.5355e-05 0.000821715 0.0916537 2.21574e-08 0.00172083 0.00218248 2.93481e-10 
2.95493e-06 0.0120938 0.0590141 0.00316586 0.00714661 0.000192636 1.59246e-05 1.00886e-05 0.000546895 0.0700326 0.000171218 0.0121659 0.612257 1.57129e-05 0.00169177 0.000370233 2.19472e-05 0.0938697 0.127215 6.61371e-09 
1.04709e-11 0.00252251 0.0791052 8.26352e-11 0.00118843 2.461e-07 0.00155835 1.00741e-11 0.0395507 7.21557e-05 1.50254e-07 0.024892 0.100874 0.000158341 0.602685 0.000670431 2.61156e-05 0.146697 2.31865e-07 9.154e-11 
3.11472e-11 0.00568291 0.108145 2.4581e-10 2.45969e-07 1.05018e-06 1.50251e-10 4.67514e-07 0.00184604 0.0359035 0.00713396 1.73708e-11 0.829495 5.25723e-08 0.00145041 0.00340338 0.000494761 1.59262e-11 0.00644249 2.72299e-10 
9.01089e-10 9.85502e-06 0.150818 7.11838e-06 3.16334e-06 5.62521e-09 2.13035e-05 1.00574e-05 2.02523e-05 0.0227832 0.0225283 4.12132e-06 0.8036 0.000177128 3.06056e-06 2.0123e-06 1.37542e-09 6.35876e-06 5.99616e-06 7.8776e-09 
6.08884e-07 2.41322e-06 0.00899393 1.44723e-06 0.0222182 3.82174e-06 0.00528652 0.00340475 8.52018e-05 0.540629 1.03052e-09 4.06101e-06 0.0500527 0.000162415 0.00683585 0.0182584 0.000400343 0.208797 0.134863 4.74904e-07 
1.77651e-07 0.00754901 0.186598 0.000213033 0.00406796 0.000550256 1.77501e-07 0.00767474 0.00488539 0.198423 0.000976363 0.178645 0.00817116 0.00195296 0.151453 0.00969727 0.00117254 0.166619 0.0713507 1.77346e-07 
9.50441e-07 2.85218e-05 0.000162846 7.50075e-06 2.22693e-05 0.000107815 4.58484e-06 2.185e-05 0.000105331 3.37729e-05 4.8848e-06 5.30061e-07 0.000543588 6.98324e-05 0.00028351 2.12039e-06 4.19313e-05 0.000125311 0.000755361 0.997677 
8.15281e-07 0.000151556 0.0212738 2.86222e-06 0.00785093 0.00934321 6.70467e-05 0.0288167 0.00515633 0.106497 0.0256532 0.000751799 0.217939 5.65992e-05 0.122555 0.030887 3.22375e-05 0.30007 0.122896 2.45408e-10 
8.50976e-13 0.986055 6.10593e-09 1.79088e-10 1.24424e-12 5.31236e-12 5.32175e-09 1.54259e-09 1.15838e-05 0.0126616 4.3736e-12 5.32859e-08 1.29969e-12 3.58188e-12 3.32824e-05 0.00104207 1.41518e-10 0.000196586 5.14744e-13 7.43949e-12 
2.81202e-09 0.000587024 0.178107 2.21921e-08 6.73259e-05 0.0212416 0.000511703 0.0809456 0.000279209 0.358152 1.44524e-08 1.56826e-09 0.35075 4.24322e-06 2.79893e-07 0.00783662 0.000186304 0.00101005 0.000320954 2.45835e-08 
7.66259e-08 0.00237862 0.183425 2.54605e-08 0.00143351 3.9547e-07 0.000859656 0.000178758 0.0366681 0.00706739 1.04692e-06 0.000765314 0.238732 0.000880404 0.123076 0.00786815 8.0774e-08 0.151776 0.24489 1.65809e-11 
8.74739e-09 0.00058171 0.106399 4.72285e-06 0.000113727 0.00016392 6.4814e-05 0.00450947 0.00621826 0.0501642 0.00170929 0.0116948 0.0288809 0.000134799 0.24902 0.00790299 5.70272e-05 0.488914 0.0434672 1.06632e-12 
1.74437e-07 0.073957 0.053091 3.39582e-08 0.0309593 3.20224e-06 0.00113903 1.79698e-07 0.111664 0.042707 3.55082e-05 0.131159 0.103279 0.0357755 0.00327237 0.00755875 0.00165574 0.334655 0.0690874 2.57914e-10 
9.44117e-13 0.000971693 0.0037704 2.98778e-09 0.0175369 9.76499e-05 0.00084942 1.81759e-09 0.00757932 0.00439774 4.69055e-05 0.0412548 0.0149673 2.04661e-07 0.0539409 0.000507261 4.7102e-05 0.605001 0.249032 8.25375e-12 
8.50976e-13 0.986055 6.10593e-09 1.79088e-10 1.24424e-12 5.31236e-12 5.32175e-09 1.54259e-09 1.15838e-05 0.0126616 4.3736e-12 5.32859e-08 1.29969e-12 3.58188e-12 3.32824e-05 0.00104207 1.41518e-10 0.000196586 5.14744e-13 7.43949e-12 
8.57853e-10 4.55411e-05 0.000148804 6.77006e-09 0.973404 5.35529e-09 7.7076e-05 0.00105223 0.000261298 0.000158595 4.40895e-09 0.00872606 2.06898e-05 3.61083e-09 0.00274289 0.000295819 1.30943e-09 0.0115089 0.00155827 7.49961e-09 
6.0977e-10 8.07801e-05 9.16407e-05 2.79157e-05 2.67559e-06 2.70307e-05 7.35663e-06 0.000104133 1.33596e-06 0.997954 3.13392e-09 3.09466e-05 2.84987e-05 0.00156409 9.04035e-06 3.30584e-05 9.30752e-10 1.64004e-05 2.08398e-05 5.33079e-09 
3.55338e-07 0.0146243 0.420543 2.80428e-06 5.19552e-07 2.1586e-05 0.00290804 0.000296209 0.00143891 0.15801 0.00012214 0.0329411 0.00475526 6.16449e-05 0.2348 0.0076034 1.00136e-05 0.121666 0.000191519 3.10647e-06 
2.3167e-08 4.15296e-08 0.000178906 1.8283e-07 3.38732e-08 0.00253573 1.11755e-07 2.2289e-08 0.00706884 8.58532e-06 0.00247562 3.09348e-05 0.984588 0.00210214 1.91871e-08 5.47082e-05 0.000850502 8.58291e-06 9.71779e-05 2.02533e-07 
4.86327e-09 0.000955501 0.956548 3.83803e-08 7.11076e-09 0.000100218 2.346e-08 0.0015305 0.00744123 0.00244448 0.000622397 0.00266153 0.000256262 0.000311167 0.0120738 0.00231752 4.90011e-05 0.0120675 0.000621001 4.25162e-08 
2.31281e-12 0.00169054 0.119874 1.82524e-11 0.000444749 6.66617e-05 0.000111752 0.00032974 0.0304074 0.0200401 0.00199341 0.0607213 0.00186928 0.000109675 0.625571 0.000803958 1.5777e-07 0.115393 0.0205735 2.02193e-11 
4.16456e-10 1.72084e-06 4.02751e-05 3.28661e-09 1.03371e-06 2.23528e-06 7.17358e-07 1.57819e-06 0.0404857 0.0450795 0.0936785 1.10775e-05 0.00273067 0.00570713 0.119924 2.02486e-06 1.39506e-08 4.04783e-06 0.69233 3.64078e-09 
1.81111e-08 4.60451e-06 4.97301e-05 0.200551 0.140334 1.13062e-07 8.73662e-08 0.00132317 2.08734e-08 0.284296 0.362882 0.00133441 2.7661e-08 5.57409e-05 1.49998e-08 0.00914812 2.76447e-08 1.9994e-05 8.56278e-07 1.58333e-07 
1.40768e-08 0.000247323 0.0014919 1.11093e-07 2.05822e-08 8.78771e-08 0.456135 5.82501e-05 0.00026122 0.00127764 0.000499273 7.85065e-09 0.46244 0.000651825 0.000420889 0.00124366 8.59689e-05 0.0749437 0.000243534 1.23064e-07 
6.92189e-08 0.000219302 0.0798772 5.46266e-07 0.000978085 0.000129202 3.33906e-07 6.65959e-08 5.10227e-05 0.0296795 0.000108741 0.000128393 0.877432 0.000285568 5.73279e-08 0.00158219 7.89293e-05 0.00016773 0.00928021 6.05133e-07 
5.26214e-09 0.000908663 0.0573713 1.83744e-12 4.02663e-05 0.0002587 8.06231e-05 0.00614879 0.00671251 0.0608463 0.630567 0.0296257 0.0102403 0.000131841 0.192441 0.000680729 3.72584e-06 1.61479e-07 0.00394214 2.03544e-12 
2.67422e-12 6.28043e-08 0.0752575 3.58989e-08 1.1105e-07 0.000279361 3.16364e-05 4.27123e-08 0.00557091 4.87279e-08 0.00265852 0.00326787 0.0820099 1.67728e-07 0.12911 1.56913e-07 1.1389e-07 0.63463 0.0671833 2.33788e-11 
5.47605e-11 0.000155669 0.134374 4.32162e-10 0.000211361 3.41852e-10 4.27965e-06 5.21637e-07 5.53503e-06 0.0255707 2.81442e-10 0.360786 2.64296e-06 2.30495e-10 0.0708936 0.0574954 8.35864e-11 0.215743 0.134757 4.78733e-10 
1.14796e-06 2.05786e-06 0.00120678 9.05955e-06 1.67847e-06 0.0238881 5.53765e-06 1.35385e-05 0.00205682 0.917106 5.89996e-06 6.40217e-07 0.0218324 4.83193e-06 0.000525429 0.0016056 0.000317382 0.000212049 0.0311953 1.00358e-05 
2.26069e-05 0.00170903 0.227644 4.04822e-06 0.0516409 0.0444068 0.000237356 0.000112966 0.00963707 0.01795 0.00547315 0.0288865 0.555044 0.000199801 0.0232375 0.000403468 0.00049821 0.0068898 0.0260029 1.3045e-07 
3.66249e-07 0.000172886 0.0019291 2.89039e-06 5.5816e-05 2.28638e-06 1.76675e-06 5.47014e-05 1.6314e-05 0.000591253 0.000436234 7.78488e-05 0.995824 0.000108259 0.000107504 0.000257831 4.60483e-05 0.000198056 0.000113224 3.20186e-06 
2.04826e-07 3.67176e-07 0.00604213 1.61646e-06 0.00404333 1.27866e-06 9.88063e-07 1.97064e-07 2.36066e-07 0.00133443 1.05271e-06 0.0069911 0.957387 8.62144e-07 0.00590363 4.56958e-07 3.12647e-07 0.00168629 0.0166023 1.79065e-06 
6.33918e-10 8.02635e-07 7.20682e-06 2.28817e-06 0.244912 3.95735e-09 0.00501814 0.0050141 7.30603e-10 0.0190082 0.000132202 0.679614 0.0443998 2.66826e-09 5.25019e-10 0.00185695 9.67612e-10 1.1458e-05 1.88523e-05 3.68439e-06 
4.08229e-06 0.0354058 0.292709 4.91718e-05 0.00113908 1.93028e-05 4.08064e-08 0.000455001 0.00436168 0.22214 0.0001223 0.0782074 0.00370894 0.000155475 0.0246988 0.00319801 2.11874e-05 0.328084 0.00551839 1.86007e-06 
3.50618e-10 1.89185e-07 0.228494 3.3232e-06 0.15485 1.8607e-05 1.69135e-09 1.65326e-06 1.37432e-06 9.34256e-06 1.802e-09 1.27121e-06 0.615763 8.86955e-07 1.44906e-05 2.1981e-05 5.35182e-10 0.000288907 0.000531248 3.0652e-09 
4.56773e-08 0.00384451 0.00665471 0.000678555 4.31515e-08 1.19939e-05 4.11382e-07 0.027757 0.00572591 0.784388 0.00382104 0.00698585 0.000545421 0.000347496 0.0820909 0.000766587 1.36663e-05 0.075442 0.000871265 5.43127e-05 
3.59627e-09 6.62358e-05 0.0176363 1.72286e-05 0.00488335 0.000245827 0.000157213 6.29206e-05 0.00282656 3.29016e-05 8.23655e-08 0.0021089 0.0297141 8.4239e-05 1.54923e-07 0.000101572 4.83031e-05 0.80028 0.141734 1.30449e-12 
3.74356e-05 0.0138623 0.126988 2.82527e-07 0.000401131 5.69289e-05 0.0162005 0.0135769 0.0193322 0.336289 0.0964874 0.0451741 0.0773057 0.00362182 0.0521108 0.0106078 0.000316146 0.0776147 0.109998 1.86428e-05 
1.70255e-07 3.05202e-07 0.00260058 1.34363e-06 2.48935e-07 1.06284e-06 8.21293e-07 1.63803e-07 9.83072e-05 0.993035 8.75026e-07 9.59008e-06 0.00231452 7.16627e-07 1.41007e-07 3.7983e-07 2.59877e-07 0.00141908 0.000515024 1.48842e-06 
6.34312e-10 0.00248361 0.0447028 0.00093186 0.000614957 8.10615e-07 3.32696e-06 1.8986e-06 0.0400208 0.0225633 3.26006e-09 0.0262203 0.727137 2.66991e-09 0.00728925 0.00879704 2.52197e-06 0.0418107 0.0774129 7.42548e-06 
6.24036e-10 1.11866e-09 0.0336313 4.92481e-09 9.12424e-10 3.50999e-06 7.82977e-06 3.00253e-06 0.0145096 3.05658e-10 0.319326 3.48025e-10 0.632471 2.62666e-09 5.73738e-06 1.81125e-06 1.26696e-05 3.5131e-07 2.80464e-05 5.45551e-09 
5.17011e-08 1.97018e-06 0.00728684 6.97264e-06 0.00417571 0.000100582 4.20818e-05 0.00045697 0.0206191 0.000556706 7.52774e-09 0.00261176 0.00436489 3.11485e-05 0.0222497 0.000628919 4.69902e-06 0.316444 0.620418 1.25909e-12 
3.15431e-08 0.906452 3.67766e-08 2.48934e-07 4.61203e-08 1.96914e-07 0.000516265 1.3024e-05 4.58369e-05 0.0223208 1.62116e-07 1.75916e-08 7.04658e-06 1.3277e-07 4.17998e-05 0.0705978 4.81474e-08 1.61286e-08 3.71721e-06 2.7576e-07 
0.000406738 0.00600045 0.0137249 0.00493097 0.00436037 0.0210641 0.00251539 0.000979141 0.000447341 0.0271067 0.0151568 0.0638443 0.574949 8.38204e-05 0.0887799 0.00194465 0.000567182 0.0492851 0.123853 4.00634e-08 
3.06535e-06 0.00334769 0.223597 6.8148e-06 3.45093e-06 0.00368329 0.00811257 2.67723e-05 9.84686e-06 0.189429 3.50886e-09 1.57761e-05 0.412434 0.00355409 0.0379692 0.00225131 2.03271e-05 0.0415528 0.0739829 5.96856e-09 
3.06878e-08 1.96746e-07 0.00261797 2.73809e-06 8.31262e-05 1.41764e-05 2.73699e-05 1.27199e-06 0.00144525 0.000384513 9.44301e-06 8.21629e-06 0.924483 7.94766e-07 1.09175e-05 1.65905e-05 2.08691e-06 0.040149 0.0307117 3.18569e-05 
9.94958e-06 9.07442e-05 0.0024727 0.000120174 0.000143468 0.000709457 0.000230712 5.91573e-05 0.000516711 6.14435e-05 0.00176487 0.000124848 0.00399876 0.000236594 0.980728 0.000204362 0.000147405 0.00610932 0.00218466 8.69822e-05 
6.69205e-08 0.00123574 0.00891037 5.28128e-07 9.78468e-08 0.000961274 3.22818e-07 0.000148149 0.00191284 0.00603451 0.00257989 0.00126897 0.024162 2.81678e-07 0.936529 0.0126605 1.02147e-07 0.00247741 0.00111727 5.8504e-07 
7.76198e-11 3.54828e-06 0.0813318 6.12565e-10 0.0293119 3.00473e-06 3.96934e-06 7.46784e-11 6.13693e-06 0.00138966 3.98928e-10 0.0172047 0.4605 2.28731e-06 0.3591 6.06255e-07 2.01532e-07 0.0511396 2.8312e-06 6.78575e-10 
8.21462e-07 6.37211e-06 0.692979 0.000525885 3.92436e-06 0.0965297 0.00777334 2.45484e-05 0.000574489 0.00437226 0.00203217 0.0141965 0.178921 2.7237e-05 9.57884e-05 8.17511e-05 7.59005e-05 6.00693e-05 0.00171464 4.6348e-06 
1.47593e-09 0.0354324 0.00537639 1.16479e-08 2.15801e-09 9.21377e-09 7.11977e-09 1.42e-09 1.168e-05 0.000196849 0.000778433 8.46568e-07 0.957565 0.000149241 1.32199e-06 3.29274e-09 2.73787e-06 0.000476367 9.0488e-06 1.29031e-08 
1.943e-11 2.43762e-07 0.0716908 1.53339e-10 0.0318655 1.32908e-08 0.00831689 6.56438e-08 0.0578605 0.00193917 0.000308428 0.142026 0.00402408 1.82975e-07 0.1076 0.000754694 0.000578181 0.573034 9.96188e-07 1.69863e-10 
6.4617e-09 0.0170439 0.047778 4.91017e-05 6.10653e-09 3.88789e-05 0.0005512 0.0181505 0.0306816 0.035373 0.012523 0.0489222 0.0213419 3.49561e-06 0.629536 0.0442947 0.000119271 0.0887346 0.00485827 5.18377e-11 
1.1203e-07 0.000207394 0.0233299 3.15779e-07 0.376937 0.000179892 0.0128825 1.18066e-07 0.00139135 0.000268441 4.06704e-06 0.179283 0.020015 1.76243e-07 4.61138e-11 1.20365e-07 1.63098e-05 0.0881266 0.297358 4.8676e-10 
1.37489e-06 2.15813e-05 3.78534e-05 4.80087e-10 0.000910389 1.64821e-05 1.2384e-05 8.54507e-05 2.05848e-05 4.71888e-05 0.510577 0.346779 0.0827458 6.88813e-06 0.000130804 1.71003e-05 9.63851e-06 4.21912e-05 0.0585389 5.31822e-10 
0.000170369 0.00228804 0.0348576 0.000323111 0.00595922 3.599e-05 0.000952148 0.0459956 0.0033735 0.160215 0.0082384 0.0218923 0.0328843 0.000584041 0.612998 0.00796706 0.000130241 0.0212229 0.0368173 0.00309472 
1.32082e-08 0.000603795 0.00179715 1.04237e-07 0.000185416 0.000511301 0.000675445 1.27077e-08 0.00104429 4.07642e-05 6.78838e-08 0.000395574 0.989186 0.000389221 0.00337585 0.000103164 3.42937e-05 0.00117581 0.000481773 1.1547e-07 
2.24769e-08 0.00332012 0.0591559 2.72136e-05 8.30061e-05 1.94341e-12 1.63028e-06 6.799e-08 0.023346 0.0367866 6.19209e-08 0.0740926 0.00344448 0.000300633 0.681465 0.0120188 1.83006e-05 0.0727054 0.0332346 2.72157e-12 
3.61328e-10 4.51092e-07 0.0682491 2.60193e-07 7.97029e-07 0.00146753 0.000641603 3.06693e-07 3.12192e-06 0.000545997 0.000864572 7.37259e-07 0.889101 0.00114684 0.00483603 0.000364933 0.0041533 3.77134e-05 0.028586 3.15884e-09 
5.49705e-14 0.00374984 0.018203 4.33819e-13 1.73616e-09 3.17293e-06 7.87588e-09 0.000396175 0.151902 0.0412412 7.03506e-09 0.0553122 4.2293e-05 1.7941e-05 0.392824 0.00253312 8.86747e-07 0.331278 0.00249676 4.80568e-13 
1.55678e-08 2.81863e-06 0.000747829 1.22859e-07 0.00132023 0.000311089 6.76629e-05 1.49779e-08 0.000113054 3.88964e-05 8.00111e-08 9.98539e-05 0.995063 0.000235963 0.000190836 3.47311e-08 5.70544e-05 0.00045533 0.00129575 1.36099e-07 
1.62229e-05 0.000962481 0.534717 3.71846e-06 0.0630094 0.000154321 2.53079e-05 7.89559e-06 0.00188361 0.00271108 0.00100614 0.00826433 0.0592186 2.94459e-05 0.0525961 0.00103742 0.000104409 0.202193 0.0720417 1.7467e-05 
7.29375e-09 0.000613786 0.0519477 1.32901e-09 0.000253642 0.000628581 1.89503e-05 0.00101932 0.0087197 0.00749931 0.0754335 0.00882375 0.00106784 7.19071e-05 0.133039 0.0849117 0.000267274 0.598437 0.0272465 1.33741e-12 
1.27322e-08 0.00370944 0.145743 1.00481e-07 7.45031e-05 7.94827e-08 0.000262345 0.000100876 1.10381e-05 0.216467 0.00113743 0.000318942 0.619405 0.000107668 0.000411799 0.00316266 5.13985e-05 0.00842604 0.000610559 1.11308e-07 
5.86028e-07 0.000910823 0.359199 1.49464e-07 1.1712e-05 0.00295776 0.000407013 0.00154661 0.00033558 0.0323653 0.0906612 0.00541153 0.440158 0.00428826 0.00894151 0.00103027 0.000140387 0.0483664 0.00326774 1.6557e-07 
5.26214e-09 0.000908663 0.0573713 1.83744e-12 4.02663e-05 0.0002587 8.06231e-05 0.00614879 0.00671251 0.0608463 0.630567 0.0296257 0.0102403 0.000131841 0.192441 0.000680729 3.72584e-06 1.61479e-07 0.00394214 2.03544e-12 
4.52238e-06 7.09865e-05 0.00012451 1.57913e-09 0.0316153 5.42138e-05 4.07343e-05 0.00028107 6.77088e-05 0.000155216 0.00239575 0.000111817 0.964343 2.26568e-05 0.000430248 5.62474e-05 3.17035e-05 0.000138778 5.49983e-05 1.7493e-09 
3.59627e-09 6.62358e-05 0.0176363 1.72286e-05 0.00488335 0.000245827 0.000157213 6.29206e-05 0.00282656 3.29016e-05 8.23655e-08 0.0021089 0.0297141 8.4239e-05 1.54923e-07 0.000101572 4.83031e-05 0.80028 0.141734 1.30449e-12 
6.62202e-13 0.97883 5.3561e-09 1.54792e-10 9.68229e-13 4.13391e-12 4.6679e-09 1.3531e-09 5.70122e-05 0.0147265 3.4034e-12 3.61377e-06 1.01138e-12 1.36017e-07 0.000225661 0.00578328 3.09506e-07 0.000373827 3.5436e-09 6.84058e-10 
7.1516e-07 2.62148e-05 0.00259082 8.86753e-06 0.00785791 0.000106261 3.81396e-05 0.000333833 0.0512421 0.000377906 3.67558e-06 1.75128e-05 0.00410088 4.3918e-05 0.00216513 5.94296e-05 0.000467467 0.0608021 0.869751 6.25215e-06 
1.18024e-08 0.00113063 0.00281913 9.09494e-07 0.00193898 9.92284e-10 0.000130367 0.836497 0.000126414 0.146864 4.44029e-08 6.04063e-06 5.03112e-07 7.22719e-06 2.37484e-08 0.00605124 1.97505e-05 0.00437479 3.27846e-05 6.35981e-10 
5.5221e-09 0.0198851 0.0412021 7.37079e-06 5.21752e-09 7.0242e-05 1.98449e-05 0.0349246 0.0244159 0.0642495 0.0193296 0.0305524 0.0337293 2.06892e-05 0.50569 0.076384 1.7198e-05 0.145671 0.00383113 2.64371e-11 
1.943e-11 2.43762e-07 0.0716908 1.53339e-10 0.0318655 1.32908e-08 0.00831689 6.56438e-08 0.0578605 0.00193917 0.000308428 0.142026 0.00402408 1.82975e-07 0.1076 0.000754694 0.000578181 0.573034 9.96188e-07 1.69863e-10 
1.74437e-07 0.073957 0.053091 3.39582e-08 0.0309593 3.20224e-06 0.00113903 1.79698e-07 0.111664 0.042707 3.55082e-05 0.131159 0.103279 0.0357755 0.00327237 0.00755875 0.00165574 0.334655 0.0690874 2.57914e-10 
7.9501e-06 0.0250993 0.0376562 2.84019e-05 0.00701595 1.52599e-05 0.000612955 0.00154863 0.00283756 0.0725329 2.29811e-05 0.0017958 0.829308 5.06463e-08 0.000534537 0.00353792 0.000117354 0.00342131 0.0138477 5.93471e-05 
