0.0236058 0.673265 0.0384892 3.75293e-06 0.00257804 7.97314e-06 0.00238729 0.000227332 0.0240961 0.0614922 0.000237954 0.0363644 0.0361257 0.0178446 0.0128524 0.00360017 0.000411336 0.0646992 0.0017114 5.52712e-09 
0.023314 0.598252 0.00408555 4.05081e-07 0.000272855 5.46078e-06 0.000863918 0.0156414 0.0973427 0.0348383 0.000253536 0.0578241 0.00389955 0.112266 0.0130736 0.0023521 0.00236569 0.0318656 0.00148355 3.97948e-09 
0.0128089 0.81316 0.00704652 6.01714e-11 0.00245074 3.16552e-06 0.0359622 7.73144e-06 0.00206298 0.0440634 4.8599e-05 0.00572948 0.004143 0.0205494 0.000901848 0.0453456 0.000547159 0.00330889 0.00186093 6.66556e-11 
0.0383038 0.527591 0.00173476 6.06145e-07 0.00834277 4.68532e-09 0.00010205 0.00116074 0.000788712 0.131765 1.2091e-06 0.0311145 0.00447924 1.15835e-06 0.165459 0.0445214 6.18028e-07 0.0331868 0.0114472 6.56137e-09 
0.00370741 0.397708 0.146326 4.0527e-11 0.000906053 3.0888e-09 3.18899e-07 7.88873e-05 0.0470018 0.138856 1.23338e-07 0.026341 0.0184521 9.53631e-08 0.0301086 0.00139358 4.16026e-05 0.177362 0.0117169 4.48943e-11 
0.0377716 0.659186 0.0288856 0.000900911 2.32544e-07 1.35023e-08 0.000201047 0.00107313 0.0191496 0.0953215 0.000500275 0.0181983 0.00494461 0.000562924 0.0123846 0.00192448 4.45328e-05 0.0904107 0.0285397 1.14628e-11 
0.045027 0.492254 0.0139897 8.50417e-07 0.00184876 1.74497e-08 2.72022e-05 0.00105672 0.00312919 0.143191 0.000262306 0.0582046 0.0330078 0.00028867 0.00353118 0.119099 1.82314e-07 0.074438 0.0106429 3.04649e-10 
0.0501364 0.261651 0.0143711 0.000799346 0.00233563 1.99451e-06 0.159856 0.00365653 0.151448 0.0702392 0.0127979 0.0640399 0.00280599 0.000899071 0.0604614 0.00501478 0.00154299 0.0410966 0.0968465 1.27416e-07 
0.0670125 0.484218 0.194028 0.000132222 0.00141985 2.29084e-09 0.00355244 0.00175257 0.000805445 0.117124 5.57895e-07 0.0159687 0.0644823 0.0015858 0.0124665 0.00506056 0.000129228 0.0210267 0.00921874 1.64192e-05 
0.0182812 0.313232 0.0508501 1.50868e-06 0.00117475 1.61418e-05 0.00374301 0.00291017 0.00391341 0.205132 0.0015883 0.0362539 0.123372 0.000145576 0.116808 0.0516192 9.16763e-06 0.0545974 0.0162879 6.42319e-05 
0.0104283 0.887962 0.00692545 4.70445e-06 4.57359e-08 9.68975e-11 3.99559e-05 3.76779e-07 0.000762781 0.0629657 6.56283e-05 0.00411475 0.000458282 7.65477e-07 0.000812983 6.66926e-05 1.77143e-08 0.0240468 0.00134504 3.42968e-08 
0.00536444 0.231183 0.0996362 1.45748e-06 0.0241426 0.000763577 0.102699 0.0388743 0.00421152 0.203401 2.6614e-05 0.0123799 0.00382929 4.04476e-05 0.000717127 0.18166 9.56614e-07 0.0737177 0.0173512 8.10344e-10 
0.000225229 0.303224 0.141429 7.31333e-08 0.000914545 1.36445e-06 0.195096 0.00188475 0.0111077 0.117728 4.86944e-06 0.0426207 0.0907843 3.65891e-05 0.012409 0.00857008 9.66504e-08 0.0333762 0.0405525 3.52642e-05 
0.000783842 0.402059 0.0368114 0.000224355 2.85349e-06 5.28954e-06 3.89026e-05 0.00689537 0.0221835 0.0158228 0.000117024 0.157131 0.000351146 0.000679618 0.164717 0.0160258 1.26732e-05 0.15721 0.0189276 6.08148e-09 
7.33272e-06 0.651203 0.112633 4.87929e-10 3.48851e-05 3.85965e-10 2.98247e-10 0.00505319 9.33533e-07 0.0912627 3.1776e-10 0.0541671 9.44278e-11 7.02902e-07 5.12057e-11 1.189e-05 9.53161e-09 0.0564556 0.0291658 3.7841e-06 
1.82605e-09 0.935637 1.81732e-07 2.39783e-11 4.44248e-12 1.89674e-11 1.58307e-07 4.58974e-08 1.56883e-07 0.0634888 1.56157e-11 0.000275773 4.64046e-12 1.27889e-11 1.69105e-07 0.000596886 4.1786e-09 4.11388e-07 1.83786e-12 2.65622e-11 
0.0465679 0.18116 0.160367 5.20612e-06 0.0133365 7.82161e-06 0.0145579 0.00253516 0.00284121 0.15948 0.000177416 0.171316 0.134292 0.00343591 0.0507985 0.0202882 9.6904e-06 0.0303732 0.00845006 4.57178e-08 
1.82605e-09 0.935637 1.81732e-07 2.39783e-11 4.44248e-12 1.89674e-11 1.58307e-07 4.58974e-08 1.56883e-07 0.0634888 1.56157e-11 0.000275773 4.64046e-12 1.27889e-11 1.69105e-07 0.000596886 4.1786e-09 4.11388e-07 1.83786e-12 2.65622e-11 
0.0123462 0.528378 0.0477626 3.25217e-05 0.00860181 1.54477e-08 4.69609e-05 0.000271683 0.00212243 0.328962 1.63586e-05 0.01809 0.00361995 5.4438e-05 8.60707e-08 0.000215506 1.02535e-05 0.0457004 0.00376891 5.66347e-10 
0.0140974 0.322917 0.0382455 0.000123504 0.00834281 2.82275e-05 0.000172538 0.0212954 0.0549193 0.0510101 0.0010789 0.162127 0.00634619 0.00208966 0.0274091 0.0067319 0.00433307 0.253833 0.0248984 1.0688e-06 
0.0750166 0.362869 0.0389602 2.50835e-06 0.00536494 1.33992e-06 0.00111374 0.00881482 0.00200555 0.186492 0.000503355 0.0264671 0.164881 0.000594711 0.0437852 0.0607436 9.03206e-06 0.0136781 0.00869785 1.44066e-07 
0.00509327 0.691374 0.00339615 6.632e-09 0.00897059 4.82447e-06 0.000202984 0.00210742 0.000892462 0.167076 0.00701687 0.00295836 0.0578455 0.000456551 0.0160337 0.00860969 0.000186482 0.0242083 0.00268434 0.000882415 
0.00128996 0.562327 0.0247647 0.000130705 0.00550657 8.28551e-08 7.03231e-05 0.00117593 0.0445362 0.0351815 6.82136e-08 0.144827 0.000100879 0.000104539 0.0560228 0.00092122 2.96124e-05 0.121324 0.00168678 1.16031e-07 
0.063609 0.386865 0.0449767 0.000670333 0.287375 3.22997e-06 0.0010166 0.016995 0.000391785 0.0461046 0.029511 0.00305364 0.0177452 0.000249446 0.00586918 0.00980979 2.96696e-06 0.0670054 0.0180952 0.000651447 
0.000438467 0.446387 0.033367 2.64469e-11 0.0112734 6.03831e-09 5.3954e-08 0.000908628 0.000140727 0.261532 3.63282e-08 0.00415828 1.95013e-05 5.68154e-08 0.0053452 0.221238 3.71644e-09 0.0112906 0.00390091 2.92968e-11 
0.00466195 0.629345 0.00226145 6.4468e-05 0.000656683 2.5398e-06 0.000128568 0.00181944 0.00387601 0.195711 2.80519e-05 0.0204807 0.000647129 0.00202495 0.0300251 0.0660248 5.57072e-06 0.036291 0.00594544 2.795e-07 
0.000190476 0.404483 0.0119863 4.77424e-05 0.00189602 1.56935e-06 9.57176e-06 0.00013908 0.000426594 0.0591134 0.351555 0.100807 0.00174439 5.91911e-05 0.0260393 0.0108192 7.79725e-05 0.014016 0.0144666 0.00212146 
0.0739546 0.329552 0.111016 0.00011909 0.0164889 1.11883e-05 0.00247181 0.0497736 0.0446595 0.195771 0.00240187 0.0343262 0.0127724 0.0049286 0.00769831 0.00534412 7.39962e-05 0.0621861 0.0464389 1.15851e-05 
0.0332997 0.631778 0.0251492 5.99796e-05 0.00381148 0.000266732 0.000161303 0.0136165 0.00564613 0.0958268 0.00525559 0.0537885 0.0120081 0.000641227 0.0459591 0.00392546 1.58571e-05 0.0392813 0.0295058 3.57681e-06 
0.00174892 0.473573 0.00431055 4.92201e-08 0.000865973 4.03743e-06 0.000145607 0.0157911 0.00432393 0.223561 6.93383e-06 0.0168784 0.000645094 4.41926e-05 0.0813581 0.113315 2.35464e-07 0.0621173 0.00131001 2.10886e-08 
3.20355e-05 0.259474 3.20343e-05 3.19866e-05 3.20322e-05 3.19982e-05 0.147271 3.20357e-05 0.182628 3.20391e-05 3.20061e-05 0.169837 0.0608923 3.20128e-05 3.20366e-05 3.20267e-05 3.20317e-05 0.179449 3.20381e-05 3.19805e-05 
0.0406416 0.338988 0.283441 2.29261e-07 0.000175624 4.35731e-10 6.6349e-07 0.000349166 0.0407672 0.0814503 5.77048e-07 2.83303e-06 0.0499553 1.57043e-06 0.100088 0.00201087 0.000310871 0.032408 0.0294081 6.10201e-10 
0.000227764 0.309949 0.104838 2.48945e-08 6.8694e-06 3.18743e-10 3.78482e-06 0.000264036 0.0743884 0.0142085 1.06608e-07 0.0365417 0.00252456 9.73696e-05 0.145786 0.0979939 6.08567e-06 0.210495 0.00266934 7.5164e-09 
0.000575853 0.657112 0.00221258 4.94953e-08 0.00029886 1.20418e-06 0.000854201 0.0204488 0.000672178 0.193607 0.000316576 0.00064809 0.0314196 0.00163251 0.00396412 0.0808754 1.05767e-06 0.00468162 0.000678568 5.67737e-10 
0.0207462 0.541796 0.0329209 0.00230314 0.0340693 1.1296e-05 0.000272758 0.000399001 4.99872e-05 0.147265 3.7195e-05 0.0187063 0.0317727 2.38758e-05 0.000311459 0.0271521 5.50614e-05 0.11975 0.0222367 0.000120123 
0.0428776 0.430915 0.0449148 8.25558e-08 0.00483136 6.53038e-08 5.04623e-08 3.37471e-06 0.00279317 0.130882 5.37638e-08 1.72182e-07 3.07527e-06 2.29939e-05 8.66382e-09 0.00553951 7.17688e-07 0.335623 0.00159371 9.14521e-08 
0.0208629 0.832334 0.0703667 1.17722e-05 1.84707e-06 1.07295e-07 1.5299e-07 6.18337e-08 0.00970833 0.0168823 0.00689376 0.00859789 0.00342667 0.000111855 0.00132921 0.000289328 5.21932e-05 0.0235692 0.00556188 1.5984e-10 
0.00113884 0.340865 0.0599644 4.0348e-06 0.0323769 3.19163e-06 5.19769e-05 0.0211462 0.00099067 0.208105 2.62763e-06 0.161534 0.134097 0.000187114 0.00885701 0.000660419 7.80387e-07 0.0282164 0.00179409 4.46959e-06 
0.0918456 0.225418 0.112356 2.56986e-05 0.00449532 0.000148393 0.0226622 0.0240334 0.00477761 0.192793 0.00108756 0.0509874 0.13671 5.15761e-05 0.0301483 0.0191168 0.000462535 0.0377658 0.0447065 0.000408664 
3.83674e-05 0.964184 0.00105632 1.33972e-08 3.62411e-05 0.000459943 0.000345585 0.00238456 0.000574433 0.00131684 0.0203253 0.000948642 0.00209725 0.000192218 0.00365018 0.000477196 0.000268969 0.00117737 0.000466599 1.48408e-08 
0.143874 0.495997 0.0115176 0.00274077 0.00538128 1.0906e-07 0.000241922 0.00199868 0.0111841 0.00672606 3.60286e-05 0.0847319 0.00713546 0.000450319 0.0345924 0.000786877 4.64252e-06 0.118604 0.0739938 2.16192e-06 
0.125383 0.349289 0.0136442 0.000114484 0.0140081 5.28248e-08 0.000932428 0.000454997 0.0288184 0.0210981 0.00677552 0.00845952 0.0272365 0.2376 0.00898193 0.000192374 0.0807121 0.0289368 0.0473627 9.95381e-09 
0.00126376 0.376694 0.00743793 5.59088e-08 0.00186521 6.88369e-05 0.000152683 0.00130832 0.00802374 0.293036 9.49829e-05 0.0647107 0.035494 1.26287e-05 0.146375 0.0377124 6.18426e-07 0.0193357 0.00641287 5.14008e-09 
0.00291431 0.949762 0.00379934 2.41224e-06 0.0010527 1.90815e-06 0.000202692 3.20454e-05 7.61406e-05 0.00270629 1.57095e-06 0.00044696 0.0203682 8.10729e-05 0.00340976 8.74458e-05 3.65006e-06 0.000276988 0.014772 2.67219e-06 
0.0765562 0.305653 0.0271966 0.00947826 0.00155011 1.77481e-05 2.40912e-05 0.125029 0.00640449 0.0628778 0.000189871 0.142474 0.0420433 0.00301425 0.0386537 0.000180885 0.0504871 0.0341543 0.012089 0.0619265 
0.028117 0.627573 0.0377175 0.000370562 0.00955522 0.0280392 9.43942e-05 0.000333218 0.0012494 0.0590356 0.0129561 0.0399859 0.0292225 0.00406708 0.00607319 0.0036412 3.16095e-05 0.0825953 0.028699 0.00064278 
0.0941741 0.366725 0.00687183 0.0132118 0.000192608 7.23858e-10 5.04761e-05 0.00211513 0.00581618 0.0255141 2.7424e-05 0.142698 0.00355042 9.28099e-05 0.100431 0.0157687 9.23162e-06 0.211221 0.0115301 1.0137e-09 
0.00239376 0.643884 0.0149962 7.8628e-05 3.63141e-05 6.25441e-07 5.51602e-06 0.00132179 1.03321e-05 0.22194 0.000108772 0.0079106 0.0254608 0.00010066 0.0126519 0.0551923 1.05567e-06 0.012133 0.00177254 8.75874e-07 
0.0121825 0.359125 0.0231981 0.0026898 0.0137699 1.15848e-06 0.000116391 0.00111347 0.0107683 0.0806348 3.98393e-05 0.0470967 0.0937538 0.000948169 0.0617886 0.00747094 2.16578e-05 0.0825073 0.202771 3.24126e-06 
0.00534179 0.422795 0.0193256 9.93043e-05 0.000121026 2.64413e-07 0.000430391 0.00472304 0.0201009 0.0206045 2.3887e-05 0.107224 0.000667847 0.00173111 0.102478 0.104424 6.53402e-05 0.164698 0.0251464 6.74216e-08 
0.000949332 0.669244 0.0243151 1.17117e-06 2.65447e-07 2.04127e-05 3.11974e-06 0.00862443 0.00258932 0.180868 2.18977e-05 0.0180428 0.0189394 0.0007165 1.81389e-05 0.0631778 3.12506e-07 0.00892751 0.00352236 1.82505e-05 
0.0244733 0.438439 0.0239814 1.22912e-09 0.000308954 6.05881e-08 8.63615e-08 0.00778428 0.00041953 0.267022 1.06467e-05 0.127322 0.00411231 1.50417e-07 0.00740334 0.00313659 2.45321e-08 0.0954723 0.000114308 1.36157e-09 
0.0123462 0.528378 0.0477626 3.25217e-05 0.00860181 1.54477e-08 4.69609e-05 0.000271683 0.00212243 0.328962 1.63586e-05 0.01809 0.00361995 5.4438e-05 8.60707e-08 0.000215506 1.02535e-05 0.0457004 0.00376891 5.66347e-10 
0.136557 0.430082 0.0439317 0.000200388 0.00292414 7.17755e-06 0.00156186 0.00243219 0.0206701 0.139796 7.21588e-05 0.0795136 0.0609746 0.00598417 0.0235874 0.00305582 5.08373e-05 0.0272891 0.0213102 2.10796e-08 
0.00200617 0.836487 0.00697955 4.91041e-06 1.45382e-07 1.10719e-07 0.000557927 1.24176e-10 0.000703859 0.0717621 7.16121e-07 0.00546015 0.0249188 0.000947432 3.47547e-07 1.06242e-06 2.5497e-07 0.0404312 0.00973831 1.12834e-09 
0.011749 0.481638 0.0957926 8.9725e-06 0.000342787 1.0862e-05 0.000846508 0.000668025 0.00275691 0.147521 0.000149206 0.00687938 0.0659662 0.000523462 0.0620529 0.100847 3.16611e-05 0.0100219 0.0121933 2.15892e-08 
0.00789112 0.305899 0.177362 2.4665e-07 0.00284759 2.50523e-06 0.00219907 0.00151905 0.0248548 0.237989 0.000492549 0.0557051 0.0077848 1.00742e-05 0.00439971 0.0235557 1.03187e-05 0.135189 0.0122888 3.34612e-09 
0.0159859 0.494236 0.060852 1.89452e-06 0.013111 2.87906e-07 0.000153374 7.47846e-07 0.125581 0.0548085 3.05136e-05 0.112418 0.000586445 0.00266368 0.00356593 0.00500185 0.000273103 0.0965106 0.0142189 2.12807e-08 
0.0228075 0.494467 0.0312106 1.80187e-05 0.00243776 8.39298e-06 0.00765506 2.88493e-05 0.0197609 0.112942 0.000180039 0.0953431 0.106807 0.00215337 0.0250518 0.00494626 0.000100618 0.0677536 0.00632864 2.47134e-07 
0.0464224 0.258787 0.0763314 0.00201664 0.00877047 4.20588e-05 0.0105079 0.0160103 0.0369172 0.0469139 0.000850823 0.147379 0.0467141 0.00242799 0.0837505 0.0107882 7.10669e-05 0.17154 0.0337582 1.58205e-09 
0.00215653 0.376068 0.00203738 0.0131927 0.000779592 0.000134254 0.000549378 0.0729849 0.000863543 0.313136 0.000146447 0.0248897 0.00139328 9.71483e-05 0.154595 0.011624 1.16861e-06 0.00589673 0.0194541 8.49098e-11 
0.0043121 0.802642 0.000343453 8.81285e-07 0.0020163 2.53601e-10 0.000368393 0.00611746 2.97816e-05 0.158497 3.64329e-07 0.00187562 0.00124951 1.70991e-10 0.000138844 0.00549027 8.2096e-06 0.0168547 5.5469e-05 3.55145e-10 
0.015782 0.623365 0.0538087 1.88514e-06 0.00805011 6.04241e-08 7.22766e-05 0.0164255 0.00153697 0.0960016 0.000736314 0.0275035 0.00534612 0.000774417 0.0755034 0.00525387 1.97064e-05 0.0673524 0.00246509 1.12187e-06 
0.166814 0.278959 0.00766306 0.00912948 0.000224966 8.56856e-07 0.002821 0.00191909 0.0446567 0.0477313 0.000201322 0.0949068 0.00756929 0.00552776 0.00598857 0.0129891 0.00551124 0.0996993 0.207687 1.8904e-08 
0.102626 0.717446 0.0407146 0.000182807 0.00339247 0.000408419 3.37114e-05 0.000354413 0.00498727 0.0318014 0.000193371 0.0356908 0.0150866 8.48752e-05 0.00842344 0.00249254 1.70369e-05 0.0341303 0.0016398 0.000294747 
0.0144138 0.259252 0.0291214 9.40837e-05 0.00643188 4.89061e-06 8.38627e-06 0.0492951 0.0209238 0.0363185 6.06974e-11 0.256497 0.00875323 8.4674e-05 0.236261 0.0023689 3.21028e-07 0.00711586 0.0730551 1.03246e-10 
0.0230721 0.409243 0.283928 8.10675e-07 0.0467377 3.51526e-10 2.71635e-10 9.96333e-05 0.0198267 0.0513097 2.73072e-07 0.0132392 0.0262397 0.000387265 0.0156479 0.00145317 7.18517e-06 0.0930962 0.0157107 4.92281e-10 
0.184764 0.486244 0.00346258 1.20988e-06 0.00100782 9.57048e-07 0.0878107 2.98172e-05 1.9778e-05 0.0691417 0.00108059 0.0511723 0.0210209 0.000267524 0.000696154 0.000449389 2.34008e-07 0.0926457 5.20371e-06 0.000179587 
0.0358646 0.682883 0.00419677 1.31287e-05 0.000369215 0.000117924 0.00793506 5.57012e-10 0.000424819 0.0430724 1.91558e-06 0.0610256 0.123185 0.000576017 1.29057e-06 2.88156e-06 6.91776e-07 0.024268 0.016062 5.06137e-09 
0.00806373 0.348725 0.0452008 3.10487e-07 0.000349976 1.58782e-08 1.71653e-05 0.0153429 0.0148207 0.265655 8.69127e-06 0.0644304 0.0311173 5.63321e-06 0.0581461 0.00490975 8.72832e-06 0.122541 0.0206432 1.3244e-05 
0.0117027 0.387308 0.0205637 2.48152e-09 0.00139193 2.13196e-06 0.0875521 0.00137059 0.0519323 0.0827629 0.00481308 0.0430106 0.00190795 0.002514 0.0702242 0.000234258 3.36093e-05 0.21939 0.0130827 0.000202944 
0.021848 0.487698 0.0121178 4.82205e-05 0.000254365 3.73199e-09 0.000129129 0.00775644 0.0262403 0.100809 2.76164e-06 0.0437012 0.0108056 0.000835406 0.0165806 0.055076 0.00823808 0.0658084 0.142049 1.5701e-06 
3.9438e-08 0.518058 0.00185084 2.24654e-11 0.00922066 1.77708e-11 1.3732e-11 0.000541067 2.62928e-05 0.202845 4.92295e-08 0.00109365 1.53305e-08 1.1982e-11 0.00227462 0.258087 5.11005e-09 0.00156673 0.0044357 2.48864e-11 
0.00855017 0.327834 0.0929774 7.64613e-10 0.00157045 1.92329e-06 0.000669626 0.0040786 0.000989063 0.299528 0.0171757 0.181546 0.000148712 0.000100849 0.0224162 0.027893 1.95558e-09 0.0016457 0.0128733 8.47008e-10 
0.0382604 0.448547 0.0275195 4.66662e-06 0.00379625 6.09756e-07 0.0130161 0.00948648 0.0874656 0.0629384 0.000257316 0.0661755 0.0128466 0.00487546 0.0396562 0.0782104 0.00625039 0.0784332 0.02226 5.39783e-09 
0.0001382 0.630593 0.0106137 8.71372e-10 4.40968e-05 6.89279e-10 0.0149908 7.90648e-05 0.012902 0.297635 0.000246378 0.00091734 0.00449956 0.000122639 0.0155486 0.00289791 3.20513e-05 1.54812e-05 0.00872369 9.65273e-10 
0.0343962 0.237081 0.0381401 1.1608e-08 0.00709507 3.31671e-07 0.00012253 0.0056718 0.0298444 0.16621 4.76439e-10 0.185389 0.00298236 5.29954e-05 0.158214 0.0105716 5.35706e-06 0.111892 0.0123312 1.66845e-07 
0.128468 0.446798 0.101823 0.000532841 0.0133981 0.000994653 6.43268e-06 0.000107086 0.0686743 0.0209931 0.00210249 0.0706627 0.00103326 1.36617e-05 0.000940632 0.00457759 2.09603e-05 0.137203 0.00164973 9.58866e-07 
7.33272e-06 0.651203 0.112633 4.87929e-10 3.48851e-05 3.85965e-10 2.98247e-10 0.00505319 9.33533e-07 0.0912627 3.1776e-10 0.0541671 9.44278e-11 7.02902e-07 5.12057e-11 1.189e-05 9.53161e-09 0.0564556 0.0291658 3.7841e-06 
0.0512347 0.382688 0.13289 0.000515306 0.00873329 1.58104e-06 0.00298086 0.000570539 0.0126346 0.240721 1.42597e-06 0.0299123 0.0211398 0.00147322 0.0343163 0.00951313 4.43956e-06 0.0565172 0.0116104 0.00254173 
0.00134302 0.637063 0.0175705 1.05642e-10 1.95724e-11 6.00387e-07 4.1141e-05 3.86278e-05 0.00549285 0.0160352 1.03735e-07 0.0496045 0.000131815 3.84625e-05 0.0621316 0.00140537 3.5379e-08 0.207735 0.00136827 7.31871e-09 
0.0608248 0.574737 0.00658415 8.41355e-06 0.0665251 0.00252588 0.00117298 3.31484e-05 0.000177319 0.0800369 0.000137998 0.0886642 0.0262609 2.92037e-05 2.10221e-05 0.000300999 5.70666e-06 0.0602453 0.0317077 1.42245e-06 
3.8952e-05 0.563299 0.00564293 0.000177121 0.00491009 7.90143e-06 0.162769 0.0421487 0.0475553 0.112498 0.0267549 0.00135086 7.38693e-07 2.329e-05 1.07855e-06 0.0106752 6.35135e-05 0.0206874 0.00139603 1.50233e-10 
0.127211 0.236734 0.0629748 0.0243863 0.00416524 7.89825e-09 0.0211357 0.00664885 0.0156741 0.224021 0.000598616 0.0362859 0.0200208 0.00537075 0.0450586 0.0211906 0.000492468 0.112035 0.035996 1.21568e-06 
1.64976e-06 0.62503 0.0171814 9.38725e-09 2.17057e-09 2.91831e-08 2.72335e-08 0.00487009 0.00587321 0.137495 1.81166e-07 0.00915452 0.000567286 2.4071e-06 0.116458 0.0134561 1.10811e-05 0.0682468 0.00165275 1.12084e-08 
0.00893055 0.77666 0.00154834 3.75068e-05 0.037452 1.29478e-05 9.46767e-05 0.0258261 0.0280331 0.0513655 0.000551658 0.0538939 0.000121056 2.71174e-06 0.00309094 0.000249325 0.000877681 0.0107985 0.000453051 1.90369e-07 
0.179915 0.560222 0.0173689 0.000545371 0.00224907 5.24208e-06 0.00261882 0.000832242 0.00942937 0.036014 0.000307236 0.112342 0.00555064 0.0051547 0.0095121 0.00164114 0.00105905 0.0388546 0.0163761 3.43477e-06 
0.000136273 0.548644 0.0105959 7.67348e-11 4.28254e-05 1.5776e-08 0.0148812 7.76507e-05 0.0156917 0.311483 0.000240173 0.000902838 0.00448255 0.00420725 0.0155095 0.0397852 3.09323e-05 0.0245786 0.00871071 8.50038e-11 
0.0021591 0.351173 0.0312803 8.77592e-07 1.78262e-05 2.06361e-06 6.21572e-05 0.000261564 0.00807176 0.201629 1.63043e-07 0.00813978 0.00403071 0.000485406 0.0187121 0.283543 4.95059e-07 0.0734898 0.0169407 1.75637e-09 
0.0310333 0.546987 0.0557243 4.17579e-06 0.000782512 4.67836e-07 0.000870853 0.00295066 0.000412494 0.204814 0.00135213 0.00707293 0.0912918 0.0376196 0.00290955 0.00408531 2.9206e-05 0.0120584 7.42987e-07 1.76895e-07 
0.014544 0.53456 0.00881013 0.000360828 0.000415352 4.05893e-09 0.000480137 0.0139998 0.0107625 0.124592 0.000274353 0.0501378 0.0115463 0.00715903 0.0859186 0.0777734 0.000133185 0.0343998 0.0241327 2.25405e-11 
0.118215 0.515707 0.009383 3.54842e-07 0.0100241 1.83305e-05 6.23688e-05 0.000148678 0.0655048 0.0513639 0.000141081 0.159496 0.000147571 0.0123402 0.00105111 0.000218728 7.84073e-05 0.0368792 0.0192197 7.0902e-10 
0.10622 0.337058 0.0240602 6.75113e-05 0.00226573 6.60806e-05 0.0111562 0.00102028 3.90569e-08 0.0971071 4.75882e-05 0.0240996 0.236442 1.42641e-07 0.160243 7.56032e-08 0.000137776 1.73278e-08 9.3125e-06 2.96262e-07 
0.0117153 0.635304 0.0342954 9.69586e-05 0.00886913 2.49367e-06 0.00011806 0.00067984 0.0125936 0.0437037 0.000779088 0.0771928 0.00538971 0.000667825 0.0494641 0.0182115 2.22879e-05 0.0814275 0.0194665 1.25695e-08 
0.0258275 0.711978 0.000555096 0.00195199 0.000100645 2.19422e-06 0.000243564 0.000223395 0.000492313 0.00286086 3.53331e-05 0.0937817 0.000282476 0.000213159 0.0131952 0.000790579 2.18967e-05 0.0141302 0.132848 0.000465598 
0.0173576 0.307564 0.00124673 3.30635e-08 0.00324624 2.61541e-08 5.18321e-05 0.000443088 0.0337636 0.149007 0.000183395 0.204317 0.268775 1.67147e-05 1.24088e-05 2.81709e-05 6.39495e-09 0.0139754 1.25762e-05 3.66264e-08 
0.0590503 0.400406 0.030998 8.3019e-07 0.0106616 6.56702e-07 2.55929e-05 0.00129166 0.00262919 0.223093 4.74444e-05 0.120263 0.01385 0.000465142 0.011087 0.0294183 3.20984e-05 0.0591917 0.0374875 9.19652e-07 
0.0125455 0.354969 0.00677572 0.000662002 0.000882668 9.62385e-07 0.00112913 0.0336409 0.0178055 0.287583 2.20163e-05 0.0148687 0.00436385 0.001133 0.000912802 0.19921 5.9769e-05 0.0600821 0.00335394 8.43493e-08 
0.00228229 0.269059 0.0978551 6.19867e-06 0.0193228 5.87635e-06 0.000524387 0.00537594 0.0147319 0.0722666 4.53921e-05 0.0982155 0.00790085 6.35763e-05 0.241392 0.00578597 1.73872e-05 0.14045 0.0240143 0.00068455 
1.19825e-12 0.87117 0.000320672 1.84016e-10 5.31304e-09 6.14915e-09 5.38381e-09 2.92989e-05 0.000118328 0.0954078 6.15843e-12 2.41085e-06 1.73394e-08 1.56585e-07 0.000150453 0.0309229 2.08779e-07 0.00175882 0.00011901 7.913e-10 
0.0259472 0.649243 0.0310027 0.000138822 0.006769 1.25957e-05 0.00372902 0.0117048 0.0105937 0.0769102 0.000395968 0.0448416 0.0195719 0.00336937 0.0436419 0.0143129 6.70636e-05 0.0277222 0.0297513 0.000275254 
0.0794482 0.405876 0.00526051 1.34205e-09 0.000812701 1.06159e-09 0.00148139 0.0026287 0.00177811 0.0204059 2.00889e-07 0.0348064 0.00535122 8.05611e-05 0.216823 0.00507897 6.63695e-08 0.203821 0.016344 2.79262e-06 
0.00315168 0.32654 0.100619 0.0898274 0.000148174 5.80866e-05 0.000965095 0.00030351 0.00567124 0.251657 0.00166854 0.0209655 0.0673514 5.36652e-05 0.00484618 0.00703884 0.0218715 0.0830449 0.0142105 7.33897e-06 
0.00267723 0.606651 0.0230965 0.000123428 0.00863415 0.000255128 0.00186185 0.00602794 0.0262714 0.0988973 0.00118048 0.0258442 0.0591551 0.0272086 0.0207734 0.0088749 7.50203e-05 0.0411208 0.0412688 3.20352e-06 
0.038095 0.340478 0.0227106 9.24853e-06 0.0154886 0.0562716 0.00575095 0.00427988 0.00837446 0.154652 0.000535166 0.0139793 0.195679 0.000208545 0.00515376 0.0301686 0.000162477 0.0794317 0.0281326 0.000439265 
0.0256488 0.748084 0.0371898 0.00259838 4.74841e-07 2.76052e-08 7.45583e-05 0.00109686 0.00749366 0.0546215 0.000679409 0.0153515 0.00514159 0.000633049 0.0215024 0.0087881 1.54171e-05 0.0581043 0.0129764 7.22006e-11 
0.0202372 0.725034 0.0166525 0.00655648 0.000143515 1.22651e-07 0.000124388 0.000488421 0.0031409 0.0465138 9.55886e-05 0.0518425 0.00441757 0.000617178 0.0266541 0.00143286 7.45884e-06 0.0810388 0.0150027 2.34017e-09 
0.000227764 0.309949 0.104838 2.48945e-08 6.8694e-06 3.18743e-10 3.78482e-06 0.000264036 0.0743884 0.0142085 1.06608e-07 0.0365417 0.00252456 9.73696e-05 0.145786 0.0979939 6.08567e-06 0.210495 0.00266934 7.5164e-09 
0.0702889 0.40317 0.176762 4.18071e-07 0.0385132 3.30705e-07 2.55546e-07 0.00057778 0.000282366 0.0594958 0.186032 0.0183184 0.0289091 0.000159599 0.00329908 5.31508e-05 0.000735469 0.00671247 0.00668667 2.50623e-06 
0.00054252 0.690354 0.00605566 6.71363e-05 0.000537085 0.000132544 8.33463e-05 0.00588921 0.000281602 0.0202428 0.000321199 0.0255797 0.0829341 3.71716e-05 0.100978 0.00033808 6.65313e-05 0.00948499 0.0560724 1.29367e-06 
0.0186185 0.711644 0.0167417 3.90318e-05 0.00258867 8.99972e-06 0.0247423 0.00647954 0.0116024 0.0163051 2.46651e-05 0.0320351 0.00507779 0.00254231 0.0339463 0.000770872 0.000151104 0.112906 0.00377626 3.95269e-09 
0.0250672 0.423055 0.055743 9.09026e-05 0.00643559 2.20403e-05 0.00202276 0.015535 0.00288225 0.180178 0.00597022 0.0289522 0.0440681 0.000743905 0.133423 0.0117683 7.11138e-05 0.0493925 0.0145783 7.89698e-08 
0.00272339 0.676923 0.00233741 2.11518e-10 2.18927e-05 1.67317e-10 1.99245e-05 0.000114254 0.000110248 0.0793251 1.3775e-10 0.149609 8.38068e-05 2.58502e-06 0.0605365 0.00865321 1.72038e-06 0.0119973 0.00753983 6.03483e-08 
0.00805348 0.917018 0.00308223 2.93863e-06 0.00563769 0.00507571 2.77305e-05 0.000959563 0.000490249 0.0202766 9.69976e-05 0.00905356 0.00337488 2.19737e-05 0.000595523 0.000230872 2.05171e-05 0.0240735 0.0010633 0.000844352 
0.00950001 0.837881 0.00101154 3.45696e-06 0.0225916 7.27061e-07 5.61822e-07 9.39709e-07 0.0271284 0.00625433 5.9858e-07 0.0649391 0.00010994 5.97785e-06 0.0018515 5.00455e-05 9.93359e-07 0.0285465 0.000121908 1.01818e-06 
0.229301 0.442458 0.0216997 2.24967e-07 0.000844648 0.000538491 0.0145677 6.53137e-05 0.0445041 0.0557692 4.16515e-05 0.13365 0.0205726 0.00051357 0.00912743 0.00132402 9.76966e-05 0.0227202 0.00220317 7.79544e-09 
0.0115483 0.633155 0.00348603 0.00161648 0.00012321 5.31735e-07 1.82893e-05 0.00760106 0.00256712 0.206649 1.01225e-05 0.00681568 0.00033939 0.00246898 0.0287435 0.0398658 6.1563e-06 0.0439823 0.0109993 3.45612e-06 
8.50976e-13 0.986055 6.10593e-09 1.79088e-10 1.24424e-12 5.31236e-12 5.32175e-09 1.54259e-09 1.15838e-05 0.0126616 4.3736e-12 5.32859e-08 1.29969e-12 3.58188e-12 3.32824e-05 0.00104207 1.41518e-10 0.000196586 5.14744e-13 7.43949e-12 
0.000185184 0.81605 0.000702716 4.42471e-08 5.08317e-07 6.65279e-10 5.66246e-06 6.68944e-05 0.00214732 0.0322027 4.5708e-07 0.0204494 7.87848e-05 3.43564e-06 0.0342051 0.0167384 2.60869e-06 0.0768213 0.00033905 9.31663e-10 
0.0583493 0.673356 0.0244375 1.99747e-07 0.00829844 1.16469e-05 0.0054411 0.000953162 0.0119816 0.0409726 0.0301792 0.0299519 0.0691207 0.0319536 0.00750161 0.00403626 0.000352666 0.00309593 2.39197e-06 4.58311e-06 
0.00634789 0.212688 0.0762152 4.35967e-06 0.0211371 9.69439e-06 0.000375762 0.000992423 0.00601598 0.116142 0.000582794 0.0295441 0.0208176 0.000169739 0.129033 0.0171268 4.62055e-05 0.186809 0.175941 4.67339e-11 
1.75097e-05 0.591106 0.0219288 8.01089e-09 1.04401e-08 1.87763e-08 2.31776e-08 0.00205159 0.0235006 0.0764479 1.16419e-07 0.0199102 0.000536267 2.43509e-05 0.0888226 0.00765876 3.20399e-06 0.166845 0.00114672 3.91702e-07 
0.00959059 0.727375 0.0456196 0.00139272 0.00446263 1.83568e-07 8.53613e-05 0.00150624 0.0433776 0.0360149 0.000320111 0.0460779 0.00300574 0.000391305 0.0215803 0.00529851 2.86851e-05 0.0498793 0.00399306 5.06425e-08 
8.50976e-13 0.986055 6.10593e-09 1.79088e-10 1.24424e-12 5.31236e-12 5.32175e-09 1.54259e-09 1.15838e-05 0.0126616 4.3736e-12 5.32859e-08 1.29969e-12 3.58188e-12 3.32824e-05 0.00104207 1.41518e-10 0.000196586 5.14744e-13 7.43949e-12 
0.170479 0.201392 0.0182481 0.000206854 0.098572 0.00169646 0.0043072 0.00225171 0.0321825 0.0836971 0.163494 0.0214278 0.0411853 0.00010728 0.0184656 0.000709785 0.000209173 0.11546 0.0258659 4.29255e-05 
0.00855017 0.327834 0.0929774 7.64613e-10 0.00157045 1.92329e-06 0.000669626 0.0040786 0.000989063 0.299528 0.0171757 0.181546 0.000148712 0.000100849 0.0224162 0.027893 1.95558e-09 0.0016457 0.0128733 8.47008e-10 
0.0156617 0.664257 0.00210576 0.000520201 0.000236536 2.08986e-06 0.000300722 0.00160077 0.000528564 0.231006 0.000836068 0.00182884 0.0119687 0.000452361 0.00161034 0.00404938 5.16084e-06 0.017751 0.0115247 0.0337539 
0.0218028 0.544012 0.00653363 8.11603e-07 0.000128015 3.07019e-08 0.00233181 0.000474346 0.0065956 0.0853958 0.000579189 0.0743492 0.212423 4.48917e-05 0.0187959 0.00250777 3.51871e-05 0.0175083 0.00509847 0.00138336 
0.0409514 0.432523 0.0177229 0.0296574 0.000887826 4.30735e-08 0.000620959 0.0360311 0.0123318 0.280689 0.00682726 0.0207454 0.00502643 0.00563204 0.0396366 0.00143581 0.00475891 0.0248875 0.0396352 1.34927e-10 
0.0163922 0.57482 0.0441186 1.35513e-09 0.00529666 4.40663e-07 3.47114e-06 0.0139176 0.000379674 0.214572 0.000762432 0.0103185 0.0561112 0.00609495 0.0381892 0.00210231 2.50078e-08 0.0112185 0.00566613 3.54667e-05 
0.0324371 0.667157 0.00586847 8.42406e-06 0.0019974 3.45948e-09 0.0020619 0.000391228 0.00966723 0.121712 0.00952674 0.01752 0.015755 0.000138317 0.000388347 0.00064911 0.000306588 0.0746011 0.0398142 4.84469e-09 
0.020251 0.321801 0.0188913 5.60226e-09 0.00226682 4.87279e-05 0.0022422 1.76962e-06 0.00784838 0.0985604 5.45259e-07 0.301617 0.00281119 0.00450476 0.056176 0.00874323 2.86159e-06 0.142687 0.0115452 6.20597e-09 
0.134091 0.319471 0.0062425 0.00715567 0.00481795 3.63459e-06 0.00189771 0.00191189 0.0190697 0.0610246 0.000247045 0.182568 0.00509234 0.00170264 0.00684294 0.00244919 0.00314801 0.0867713 0.155494 8.45297e-09 
0.0395235 0.737159 0.00243823 1.15311e-06 0.00548986 4.09922e-07 0.000282686 0.000907718 0.00374089 0.0660101 1.63751e-10 0.0866253 0.0297049 3.96477e-06 0.0142963 7.04785e-05 8.37692e-07 0.0115719 0.00207727 9.58859e-05 
0.0105568 0.820128 0.0228137 0.000673275 0.0483496 4.39475e-08 0.000911783 6.48774e-06 0.000242695 0.0464761 3.61814e-08 0.00994604 0.01199 1.70671e-06 0.000738151 0.000687242 1.07456e-08 0.0219798 0.00449828 6.15445e-08 
0.0190768 0.796621 0.00265877 8.52701e-11 0.00061246 2.57378e-06 0.00224398 0.000635045 0.000766722 0.096919 1.68667e-08 0.0215188 0.00192036 0.00167353 0.00473818 0.03817 1.67501e-07 0.00998324 0.00243242 2.73552e-05 
0.00412412 0.496903 0.015006 2.97887e-06 0.000616049 1.00977e-05 0.00439743 0.015019 0.000714512 0.346987 0.00236971 0.0184312 0.0128603 5.73634e-05 0.0337866 0.027239 3.30875e-05 0.0154081 0.00602982 4.02113e-06 
0.0911316 0.508753 0.0186634 2.54357e-06 0.000855565 9.82561e-07 1.89569e-06 0.0397677 2.8513e-06 0.270145 1.73628e-09 0.0602634 1.86745e-05 1.12524e-06 6.46804e-06 0.00384416 8.39572e-07 0.00225707 0.00423453 4.92949e-05 
0.00855017 0.327834 0.0929774 7.64613e-10 0.00157045 1.92329e-06 0.000669626 0.0040786 0.000989063 0.299528 0.0171757 0.181546 0.000148712 0.000100849 0.0224162 0.027893 1.95558e-09 0.0016457 0.0128733 8.47008e-10 
0.00126564 0.850948 0.00414681 1.82404e-05 0.00341193 6.56791e-07 1.82465e-05 0.0369466 0.000462952 0.0415953 6.30895e-07 0.0136313 0.000694819 0.000253454 0.033554 0.003643 5.1287e-07 0.00818806 0.00121987 8.69269e-10 
0.0626093 0.765641 0.00394462 2.80151e-06 0.00239558 1.1759e-07 0.00966242 6.1539e-08 0.00288704 0.0286126 1.52672e-06 0.00284297 0.0803377 0.00049115 1.76821e-06 0.00351266 6.53703e-05 0.00171021 0.0352815 6.93505e-10 
0.0795256 0.578246 0.00991712 0.000353225 0.000285148 3.36554e-09 2.48046e-05 0.000180702 0.0201284 0.0434329 7.19879e-08 0.0327339 0.000290914 0.00162672 0.00382257 0.00162762 4.96845e-06 0.225558 0.00224112 1.27369e-10 
0.00126564 0.850948 0.00414681 1.82404e-05 0.00341193 6.56791e-07 1.82465e-05 0.0369466 0.000462952 0.0415953 6.30895e-07 0.0136313 0.000694819 0.000253454 0.033554 0.003643 5.1287e-07 0.00818806 0.00121987 8.69269e-10 
0.104889 0.493007 0.14406 0.00156333 0.00072502 0.000121984 0.00123063 0.024323 0.00284932 0.035903 0.00119547 0.0632604 0.00335997 0.00104222 0.00787743 0.00192485 0.000505865 0.00764529 0.104516 3.01003e-07 
0.0453169 0.456951 0.0411213 0.00215809 0.00168122 0.000104123 0.003065 0.00191541 0.0168832 0.174819 8.65418e-05 0.0207433 0.070704 0.0487477 0.0183847 0.0152511 0.00732649 0.0635998 0.0107932 0.000347349 
0.0411797 0.4373 0.00664178 3.14281e-06 0.00134403 6.65836e-08 0.000192366 2.00923e-05 0.0188327 0.053635 5.15717e-10 0.0557968 7.98676e-05 0.000128125 0.00544841 0.00372231 1.3553e-06 0.373126 0.00254874 8.77234e-10 
0.00271785 0.633011 0.00259455 1.09071e-07 0.000205711 3.61083e-05 9.05327e-05 0.00642355 3.09887e-06 0.285713 4.80836e-07 0.00122648 0.00840303 2.98874e-05 0.00488501 0.0411196 1.10844e-06 0.0132607 0.00027806 2.85802e-09 
0.0079734 0.277481 0.180625 0.000127691 0.00239609 1.4557e-06 0.0163955 6.59761e-05 0.0823754 0.0459722 0.00312798 0.0124666 0.243292 0.0376162 0.00187209 0.00159567 0.00256935 0.00123354 0.082811 8.9471e-07 
0.0171692 0.441785 0.0672764 0.00727777 6.556e-05 2.40398e-06 0.000283294 0.00306323 0.00407891 0.0835013 0.000149712 0.0457138 0.00209283 0.00368401 0.0114949 0.00346059 3.03076e-06 0.291649 0.0172443 4.18032e-06 
0.0134924 0.694044 0.0152461 0.00461047 0.000696335 8.74743e-08 7.21612e-05 0.00137112 0.0180894 0.156506 0.0022084 0.00650563 0.00176747 0.000201841 0.00516066 0.0156797 1.60139e-05 0.0541375 0.0101946 1.59296e-10 
0.00296129 0.701871 0.00248575 7.02198e-07 3.93878e-05 5.14845e-07 0.000165771 0.000172201 0.0187573 0.0673861 1.1041e-05 0.0376637 0.160712 0.000349327 0.00414548 0.00110569 2.54975e-06 0.00113305 0.00103651 2.114e-09 
0.00544179 0.37254 0.299888 3.50539e-09 1.30539e-07 2.77286e-09 2.14267e-09 4.27346e-10 5.11924e-10 0.117589 2.28286e-09 2.47718e-10 0.20453 2.61932e-06 3.49517e-06 9.90941e-10 1.42446e-06 2.15784e-06 8.86902e-07 3.88314e-09 
0.00475803 0.458249 0.000995929 0.000548977 4.11116e-05 1.16542e-09 0.00121775 0.00138377 0.00195456 0.371978 3.77566e-08 0.0109888 0.000229275 0.000390819 0.00147243 0.121741 7.7309e-07 0.0201674 0.003883 9.20147e-08 
0.0759426 0.294831 0.039838 3.45113e-05 0.0150529 0.000284195 0.000153737 0.00113303 0.00185342 0.126453 0.000223901 0.126798 0.0475974 0.000219012 0.0176578 0.118491 0.0150448 0.0586081 0.0597845 5.64599e-07 
0.00227064 0.337897 0.0240433 8.87812e-06 0.0485747 0.000166968 0.0878015 4.58002e-06 0.114399 0.01548 7.94931e-05 0.033188 0.00456412 0.000576346 0.0206327 0.000192514 7.0378e-06 0.178463 0.131636 1.43082e-05 
3.70445e-05 0.709224 0.00284989 5.24664e-08 0.00680729 2.17925e-06 0.00110119 0.000307095 0.00402008 0.051004 5.38918e-07 0.0103757 0.116325 2.65334e-06 0.0650445 0.00460335 2.16875e-06 0.0275634 0.000729312 5.81202e-08 
0.0390235 0.788962 0.00322382 0.00122475 0.000230496 3.73934e-06 0.00190757 3.65334e-05 0.00784233 0.0174692 0.00253223 0.0370195 0.0332721 0.00729833 0.000240761 0.000774256 0.00072505 0.0526621 0.00555092 2.55576e-07 
0.0314916 0.742709 0.00992972 4.56453e-05 0.00757519 6.41874e-07 0.000247295 0.00624841 0.00539565 0.0543764 2.17463e-05 0.0269367 0.0670542 0.000427096 0.00132428 0.00263451 0.000145396 0.0413692 0.00196301 0.00010482 
0.0263664 0.296732 0.27213 1.05847e-06 7.0092e-05 2.02516e-07 0.0105186 0.020213 0.00170488 0.183199 6.21939e-05 0.000669214 0.0828448 0.00431829 0.0420573 0.0166395 1.69711e-05 0.0387105 0.00373253 1.38503e-05 
0.0106724 0.320359 0.0279821 0.00231919 0.0046096 0.000702897 0.00235893 0.245402 0.0136694 0.207963 0.00171187 0.0390052 0.0088201 0.00116503 0.0394244 0.0183806 0.000300051 0.0356345 0.0195156 4.33864e-06 
0.0142242 0.570096 0.000547098 1.00307e-10 0.0111762 7.93458e-11 0.000896174 0.00952939 0.0762296 0.11872 6.53244e-11 0.0934467 0.00246522 7.771e-06 0.00436403 0.00882811 1.98896e-05 0.0639908 0.0254581 1.11117e-10 
0.170179 0.261536 0.0281658 9.90832e-09 0.00399217 7.83774e-09 0.000872081 0.000332314 0.03074 0.0986609 2.0068e-05 0.179268 0.0723901 0.0233664 0.00178931 0.00712102 1.4286e-05 0.0979933 0.0235587 1.09761e-08 
0.000506677 0.947242 0.0198441 8.00644e-06 3.87614e-08 8.77534e-10 4.99398e-05 2.18099e-05 0.000135449 0.0140317 0.00334745 0.00286686 0.00405648 0.000187582 0.00314889 0.000813566 4.92507e-06 0.00373376 2.47018e-07 1.22891e-09 
0.011677 0.370797 0.0532538 9.0583e-07 0.00514051 5.52925e-06 0.0130159 0.000315611 0.0397853 0.0510957 6.76631e-05 0.0737016 0.00383794 0.00699682 0.216696 0.0314878 0.000193373 0.104801 0.0171299 4.56465e-10 
0.0976607 0.565451 0.0109523 0.000494451 0.000304163 4.64002e-09 3.47229e-05 0.000163803 0.00769667 0.0484063 9.91366e-08 0.0341472 0.000142388 0.00178844 0.00259408 0.00189087 2.4256e-06 0.226111 0.0021595 1.68536e-10 
0.0128089 0.81316 0.00704652 6.01714e-11 0.00245074 3.16552e-06 0.0359622 7.73144e-06 0.00206298 0.0440634 4.8599e-05 0.00572948 0.004143 0.0205494 0.000901848 0.0453456 0.000547159 0.00330889 0.00186093 6.66556e-11 
0.109678 0.594846 0.0146484 0.000106861 0.00062668 1.11705e-06 0.000401002 9.26362e-07 0.00418612 0.0809685 0.000667847 0.0618728 0.0508042 7.91339e-05 8.03367e-05 0.000108119 3.37201e-05 0.0311232 0.0497671 2.20109e-08 
0.0919992 0.569753 0.0434074 0.000181303 0.000560111 5.94176e-07 1.81414e-05 0.00646731 0.000320655 0.0680033 8.20712e-05 0.0138859 0.00472576 7.95166e-05 0.0178288 0.0327113 9.2858e-05 0.140658 0.00922476 1.66531e-09 
0.0006004 0.485146 0.00466971 0.00499846 0.00456949 6.47557e-06 0.00170569 0.204963 0.00228137 0.168524 8.32857e-05 8.94024e-05 0.000159038 0.000349372 0.0201521 0.0780274 2.52711e-05 0.00377708 0.0198713 1.17648e-06 
0.239445 0.438956 0.0362217 0.000347487 0.0138741 6.12184e-07 0.00565986 0.000170884 0.0518779 0.020909 0.000557551 0.0711863 0.0244216 0.00118241 0.00562174 0.00136107 7.37205e-05 0.0514316 0.0366997 1.51181e-06 
0.0391787 0.460938 0.0936414 0.000259762 0.00714844 2.67692e-05 0.00120491 0.00562301 0.0252596 0.0338129 0.0141713 0.169748 0.00956995 0.000272563 0.0716504 0.000342131 1.16506e-05 0.025711 0.041418 1.15731e-05 
0.0352857 0.372106 0.0764881 0.000405819 0.0149297 4.09999e-06 0.00768948 0.0114579 0.0207447 0.275216 0.000355561 0.0393878 0.0201134 0.0160276 0.00705618 0.0125005 0.00302825 0.0721473 0.0150547 1.72302e-06 
0.053591 0.698913 0.00816866 0.00323968 0.0101716 1.26465e-07 0.00996058 0.0126916 0.00916347 0.0432274 6.7456e-05 0.0622725 0.00720319 0.00056137 0.0119978 0.000561748 1.78779e-05 0.0595553 0.00863562 5.37235e-10 
0.002945 0.90626 0.00155771 4.8927e-05 0.00043637 6.26414e-06 3.28486e-05 0.000318906 7.66807e-06 0.0669232 2.05125e-05 0.00422943 0.00505462 0.00909017 0.000427481 0.00135076 2.54693e-06 0.00112244 0.000164841 1.15983e-09 
0.0511677 0.457009 0.0306502 0.00714868 0.000659029 6.77667e-11 1.79159e-05 0.00254836 0.0393712 0.134842 7.63991e-08 0.157021 0.00768642 0.00401472 0.00559023 0.00500016 1.2132e-05 0.0718262 0.0254356 9.49011e-11 
0.00721086 0.853475 0.00356232 1.03862e-11 0.00110032 1.34646e-05 0.00348678 0.000266878 0.00102928 0.064807 0.000473823 0.0144327 0.0189995 0.00044029 0.0128939 0.00495895 2.13927e-07 0.0122456 0.000603068 1.15054e-11 
0.0350176 0.894206 0.0260512 0.000165277 0.0010809 4.06757e-05 1.08274e-05 0.000370627 0.000475773 0.0128862 2.31052e-06 0.00047765 0.0176822 0.00123184 0.00430721 9.61767e-05 5.13838e-05 0.00113279 0.00177173 0.00294192 
0.229301 0.442458 0.0216997 2.24967e-07 0.000844648 0.000538491 0.0145677 6.53137e-05 0.0445041 0.0557692 4.16515e-05 0.13365 0.0205726 0.00051357 0.00912743 0.00132402 9.76966e-05 0.0227202 0.00220317 7.79544e-09 
6.62202e-13 0.97883 5.3561e-09 1.54792e-10 9.68229e-13 4.13391e-12 4.6679e-09 1.3531e-09 5.70122e-05 0.0147265 3.4034e-12 3.61377e-06 1.01138e-12 1.36017e-07 0.000225661 0.00578328 3.09506e-07 0.000373827 3.5436e-09 6.84058e-10 
0.00509532 0.834938 0.00420286 1.24603e-08 0.00135696 6.64402e-07 0.00806162 7.24336e-05 0.00268429 0.0446421 9.2823e-05 0.0140502 0.0012043 0.00368137 0.0124888 0.0368298 0.00013929 0.0291526 0.00130627 4.14125e-10 
0.000160798 0.804009 0.000160792 0.000160553 0.000160782 0.000160611 0.000160662 0.0001608 0.000160793 0.000160816 0.000160651 0.000160814 0.0162387 0.000160685 0.128804 0.000160754 0.00016078 0.0323239 0.000160812 0.0162128 
0.00500668 0.741815 0.0387719 1.11532e-05 0.00268739 7.54628e-06 0.00016211 0.0109566 0.0010023 0.0220661 8.2777e-05 0.0349494 0.0866541 0.00110575 0.0209598 0.00049228 2.21673e-05 0.00273895 0.0305072 3.32334e-07 
0.00167072 0.654947 0.00165674 5.39984e-09 0.000844303 3.26506e-06 0.00010851 0.000769545 0.0020357 0.198444 8.11342e-06 0.0157558 0.000742398 0.000508282 0.031389 0.0721176 2.41056e-06 0.0174706 0.00152511 3.59016e-07 
0.000506677 0.947242 0.0198441 8.00644e-06 3.87614e-08 8.77534e-10 4.99398e-05 2.18099e-05 0.000135449 0.0140317 0.00334745 0.00286686 0.00405648 0.000187582 0.00314889 0.000813566 4.92507e-06 0.00373376 2.47018e-07 1.22891e-09 
