0.0924991 0.497799 0.0084062 0.0136095 0.00121785 2.5619e-07 2.5221e-05 0.000398706 0.0194329 0.0487641 7.2123e-05 0.20988 0.00532378 7.91474e-05 0.0235489 0.00194562 4.23604e-05 0.0203252 0.0566188 1.14851e-05 
0.0236058 0.673265 0.0384892 3.75293e-06 0.00257804 7.97314e-06 0.00238729 0.000227332 0.0240961 0.0614922 0.000237954 0.0363644 0.0361257 0.0178446 0.0128524 0.00360017 0.000411336 0.0646992 0.0017114 5.52712e-09 
0.0128089 0.81316 0.00704652 6.01714e-11 0.00245074 3.16552e-06 0.0359622 7.73144e-06 0.00206298 0.0440634 4.8599e-05 0.00572948 0.004143 0.0205494 0.000901848 0.0453456 0.000547159 0.00330889 0.00186093 6.66556e-11 
0.00851161 0.42934 0.0238901 3.75341e-05 0.00287294 0.000115701 0.000521003 0.0106721 0.0932156 0.0384323 0.00597692 0.0611045 0.00981461 0.00151842 0.137724 0.0200262 0.000133013 0.129499 0.0265483 4.57565e-05 
0.0383038 0.527591 0.00173476 6.06145e-07 0.00834277 4.68532e-09 0.00010205 0.00116074 0.000788712 0.131765 1.2091e-06 0.0311145 0.00447924 1.15835e-06 0.165459 0.0445214 6.18028e-07 0.0331868 0.0114472 6.56137e-09 
0.00365503 0.973924 0.000183977 1.3497e-07 0.000438626 7.40139e-08 2.91435e-05 0.000377368 1.23769e-05 0.00684224 6.09348e-08 0.00321337 0.000830444 4.71777e-06 0.00209956 0.00368402 1.80972e-08 0.00468105 2.37773e-05 1.0365e-07 
0.0377716 0.659186 0.0288856 0.000900911 2.32544e-07 1.35023e-08 0.000201047 0.00107313 0.0191496 0.0953215 0.000500275 0.0181983 0.00494461 0.000562924 0.0123846 0.00192448 4.45328e-05 0.0904107 0.0285397 1.14628e-11 
0.031021 0.43763 0.132955 0.0041372 0.0123157 1.5706e-06 0.0127296 0.000778266 0.0247133 0.0768756 0.00344653 0.0895093 0.0889276 0.000587782 0.0256339 0.00147436 0.00551212 0.0383454 0.0134039 1.94044e-06 
0.045027 0.492254 0.0139897 8.50417e-07 0.00184876 1.74497e-08 2.72022e-05 0.00105672 0.00312919 0.143191 0.000262306 0.0582046 0.0330078 0.00028867 0.00353118 0.119099 1.82314e-07 0.074438 0.0106429 3.04649e-10 
0.0588744 0.64643 0.00719269 0.000268474 0.000163207 1.51861e-07 3.15088e-05 0.000343272 0.00875279 0.0452323 8.26148e-06 0.0364548 0.000234416 0.000970917 0.00464241 0.00377052 1.32434e-06 0.185306 0.0013228 6.15752e-10 
0.0501364 0.261651 0.0143711 0.000799346 0.00233563 1.99451e-06 0.159856 0.00365653 0.151448 0.0702392 0.0127979 0.0640399 0.00280599 0.000899071 0.0604614 0.00501478 0.00154299 0.0410966 0.0968465 1.27416e-07 
0.0670125 0.484218 0.194028 0.000132222 0.00141985 2.29084e-09 0.00355244 0.00175257 0.000805445 0.117124 5.57895e-07 0.0159687 0.0644823 0.0015858 0.0124665 0.00506056 0.000129228 0.0210267 0.00921874 1.64192e-05 
0.0182812 0.313232 0.0508501 1.50868e-06 0.00117475 1.61418e-05 0.00374301 0.00291017 0.00391341 0.205132 0.0015883 0.0362539 0.123372 0.000145576 0.116808 0.0516192 9.16763e-06 0.0545974 0.0162879 6.42319e-05 
0.1388 0.355755 0.00927457 2.02466e-07 0.121677 5.19951e-08 3.78169e-10 0.0246595 0.0454091 0.026442 0.00124959 0.0279656 0.00871612 0.000233739 0.100435 2.6647e-07 7.78722e-05 0.0991312 0.0401732 6.85351e-10 
2.99585e-06 0.976884 3.49291e-06 2.36429e-05 0.000880451 1.87021e-05 1.44517e-05 2.88233e-06 3.45278e-06 0.000294946 1.53972e-05 1.67079e-06 0.000919686 1.261e-05 2.4812e-06 6.68361e-06 4.57287e-06 0.0176178 0.00326368 2.61907e-05 
0.0478144 0.73198 0.0119022 0.000349111 0.000647963 0.000978854 0.00112486 0.00708541 0.0264567 0.0378357 6.72214e-06 0.0463459 0.00205293 0.000441029 0.00593128 0.00248504 4.0299e-05 0.058891 0.0176305 1.92871e-08 
0.000225229 0.303224 0.141429 7.31333e-08 0.000914545 1.36445e-06 0.195096 0.00188475 0.0111077 0.117728 4.86944e-06 0.0426207 0.0907843 3.65891e-05 0.012409 0.00857008 9.66504e-08 0.0333762 0.0405525 3.52642e-05 
0.0465679 0.18116 0.160367 5.20612e-06 0.0133365 7.82161e-06 0.0145579 0.00253516 0.00284121 0.15948 0.000177416 0.171316 0.134292 0.00343591 0.0507985 0.0202882 9.6904e-06 0.0303732 0.00845006 4.57178e-08 
1.82605e-09 0.935637 1.81732e-07 2.39783e-11 4.44248e-12 1.89674e-11 1.58307e-07 4.58974e-08 1.56883e-07 0.0634888 1.56157e-11 0.000275773 4.64046e-12 1.27889e-11 1.69105e-07 0.000596886 4.1786e-09 4.11388e-07 1.83786e-12 2.65622e-11 
0.0121871 0.360401 0.00612686 1.487e-05 0.00419224 7.18337e-05 0.000259989 0.00687519 0.0150549 0.045377 0.01239 0.085752 0.0108385 0.000629364 0.257253 0.00726014 0.000112624 0.170337 0.00486553 6.3247e-07 
0.00296129 0.701871 0.00248575 7.02198e-07 3.93878e-05 5.14845e-07 0.000165771 0.000172201 0.0187573 0.0673861 1.1041e-05 0.0376637 0.160712 0.000349327 0.00414548 0.00110569 2.54975e-06 0.00113305 0.00103651 2.114e-09 
0.0141503 0.465932 0.00446869 0.00013847 8.70561e-05 2.23029e-08 0.000112625 0.00211645 0.0400635 0.0902732 0.000150991 0.138121 0.000447869 6.87059e-05 0.0642898 0.018157 1.58669e-05 0.150653 0.0107532 9.62804e-11 
0.019026 0.723993 0.01966 0.000687196 0.00635148 2.95428e-07 0.000310042 0.012271 0.00109755 0.0855744 0.000161475 0.0321737 0.0276229 0.00150744 0.0197624 0.0043337 9.57464e-05 0.0373572 0.00698467 0.00102969 
0.0123462 0.528378 0.0477626 3.25217e-05 0.00860181 1.54477e-08 4.69609e-05 0.000271683 0.00212243 0.328962 1.63586e-05 0.01809 0.00361995 5.4438e-05 8.60707e-08 0.000215506 1.02535e-05 0.0457004 0.00376891 5.66347e-10 
0.00509327 0.691374 0.00339615 6.632e-09 0.00897059 4.82447e-06 0.000202984 0.00210742 0.000892462 0.167076 0.00701687 0.00295836 0.0578455 0.000456551 0.0160337 0.00860969 0.000186482 0.0242083 0.00268434 0.000882415 
0.000272311 0.470272 0.0211895 2.10236e-11 8.54823e-05 1.66302e-11 0.0297449 0.000155109 0.00748834 0.405048 0.000479458 0.00180426 0.00896254 0.000237565 0.0310151 0.00576223 6.1713e-05 7.41516e-07 0.0174199 2.32892e-11 
0.00128996 0.562327 0.0247647 0.000130705 0.00550657 8.28551e-08 7.03231e-05 0.00117593 0.0445362 0.0351815 6.82136e-08 0.144827 0.000100879 0.000104539 0.0560228 0.00092122 2.96124e-05 0.121324 0.00168678 1.16031e-07 
8.72008e-05 0.595516 0.00104213 2.5565e-06 1.05741e-08 6.32004e-09 0.000220478 0.00636222 0.00309867 0.288203 8.92462e-06 0.00020767 0.000694525 7.85707e-08 0.0095334 0.0785292 2.68533e-06 0.0164522 3.91739e-05 6.98417e-11 
0.00531077 0.453563 0.0218604 4.23889e-10 0.00196712 5.21529e-06 0.000926004 0.000241007 0.210504 0.0578 6.59467e-09 0.0197587 0.00553924 8.14814e-05 0.0707094 0.00626657 2.16538e-05 0.137734 0.00771149 4.18171e-11 
0.063609 0.386865 0.0449767 0.000670333 0.287375 3.22997e-06 0.0010166 0.016995 0.000391785 0.0461046 0.029511 0.00305364 0.0177452 0.000249446 0.00586918 0.00980979 2.96696e-06 0.0670054 0.0180952 0.000651447 
0.0315568 0.384972 0.0281408 1.55533e-05 0.000297288 2.54503e-07 0.0126851 0.000525914 0.00360981 0.217399 0.00153525 0.0136168 0.218556 0.00268372 0.0338101 0.00648467 0.000238303 0.0290106 0.0148623 3.56408e-07 
0.00466195 0.629345 0.00226145 6.4468e-05 0.000656683 2.5398e-06 0.000128568 0.00181944 0.00387601 0.195711 2.80519e-05 0.0204807 0.000647129 0.00202495 0.0300251 0.0660248 5.57072e-06 0.036291 0.00594544 2.795e-07 
0.123268 0.458521 0.0263076 4.00961e-10 0.0046124 0.000414702 4.65613e-06 0.000523011 0.00375594 0.0404868 0.000673858 0.0175038 0.113947 0.00154515 0.00376283 0.00289652 1.92767e-07 0.151154 0.0506071 1.58971e-05 
0.000190476 0.404483 0.0119863 4.77424e-05 0.00189602 1.56935e-06 9.57176e-06 0.00013908 0.000426594 0.0591134 0.351555 0.100807 0.00174439 5.91911e-05 0.0260393 0.0108192 7.79725e-05 0.014016 0.0144666 0.00212146 
0.0094098 0.342501 0.02091 8.35894e-10 0.0065449 1.08463e-07 0.0320383 0.0409932 0.00188938 0.291247 5.4437e-10 0.00645759 0.1261 0.000477109 0.116011 0.000967647 3.12786e-05 0.00405186 0.000369711 4.86228e-08 
0.0739546 0.329552 0.111016 0.00011909 0.0164889 1.11883e-05 0.00247181 0.0497736 0.0446595 0.195771 0.00240187 0.0343262 0.0127724 0.0049286 0.00769831 0.00534412 7.39962e-05 0.0621861 0.0464389 1.15851e-05 
0.0332997 0.631778 0.0251492 5.99796e-05 0.00381148 0.000266732 0.000161303 0.0136165 0.00564613 0.0958268 0.00525559 0.0537885 0.0120081 0.000641227 0.0459591 0.00392546 1.58571e-05 0.0392813 0.0295058 3.57681e-06 
0.000575853 0.657112 0.00221258 4.94953e-08 0.00029886 1.20418e-06 0.000854201 0.0204488 0.000672178 0.193607 0.000316576 0.00064809 0.0314196 0.00163251 0.00396412 0.0808754 1.05767e-06 0.00468162 0.000678568 5.67737e-10 
0.0379921 0.280092 0.0115825 0.000798583 0.000964306 2.06191e-06 0.0874914 0.00136967 0.0632996 0.129312 0.000813421 0.0442435 0.00205177 0.00503203 0.113462 0.000233974 1.24893e-05 0.194526 0.026519 0.000202538 
0.0207462 0.541796 0.0329209 0.00230314 0.0340693 1.1296e-05 0.000272758 0.000399001 4.99872e-05 0.147265 3.7195e-05 0.0187063 0.0317727 2.38758e-05 0.000311459 0.0271521 5.50614e-05 0.11975 0.0222367 0.000120123 
0.000785612 0.730177 0.000176434 8.68691e-05 5.86142e-05 3.18997e-05 0.0217652 0.000263376 0.0192827 0.0506388 0.000319137 0.00288125 0.00232974 2.06525e-05 2.14531e-08 0.000409741 0.00290419 0.167776 9.23967e-05 2.26451e-07 
0.0428776 0.430915 0.0449148 8.25558e-08 0.00483136 6.53038e-08 5.04623e-08 3.37471e-06 0.00279317 0.130882 5.37638e-08 1.72182e-07 3.07527e-06 2.29939e-05 8.66382e-09 0.00553951 7.17688e-07 0.335623 0.00159371 9.14521e-08 
0.0208629 0.832334 0.0703667 1.17722e-05 1.84707e-06 1.07295e-07 1.5299e-07 6.18337e-08 0.00970833 0.0168823 0.00689376 0.00859789 0.00342667 0.000111855 0.00132921 0.000289328 5.21932e-05 0.0235692 0.00556188 1.5984e-10 
5.0086e-06 0.792206 0.0297019 1.49718e-09 2.77384e-10 1.18431e-09 5.50007e-07 1.82523e-10 2.18647e-10 0.154769 3.99858e-06 0.0109148 2.89746e-10 7.98525e-10 1.85419e-06 8.71915e-06 2.89576e-10 1.04774e-06 0.0123867 1.65852e-09 
0.00113884 0.340865 0.0599644 4.0348e-06 0.0323769 3.19163e-06 5.19769e-05 0.0211462 0.00099067 0.208105 2.62763e-06 0.161534 0.134097 0.000187114 0.00885701 0.000660419 7.80387e-07 0.0282164 0.00179409 4.46959e-06 
0.143874 0.495997 0.0115176 0.00274077 0.00538128 1.0906e-07 0.000241922 0.00199868 0.0111841 0.00672606 3.60286e-05 0.0847319 0.00713546 0.000450319 0.0345924 0.000786877 4.64252e-06 0.118604 0.0739938 2.16192e-06 
0.0046097 0.248072 0.132892 1.36631e-10 0.00577726 0.000168807 0.00872938 0.00394172 0.00616955 0.111735 0.0262784 0.0366419 0.147537 0.00514422 0.0961927 0.0788948 0.000532308 0.0782857 0.00839794 1.51355e-10 
0.00126376 0.376694 0.00743793 5.59088e-08 0.00186521 6.88369e-05 0.000152683 0.00130832 0.00802374 0.293036 9.49829e-05 0.0647107 0.035494 1.26287e-05 0.146375 0.0377124 6.18426e-07 0.0193357 0.00641287 5.14008e-09 
0.258952 0.275978 0.0303851 1.28243e-05 0.00114334 1.78046e-06 0.00104572 4.81597e-05 2.41533e-05 0.00485913 0.00584851 0.0203223 0.0714122 0.000291943 0.000727998 1.34177e-06 0.0443144 0.0173825 0.267249 2.91969e-09 
0.00239376 0.643884 0.0149962 7.8628e-05 3.63141e-05 6.25441e-07 5.51602e-06 0.00132179 1.03321e-05 0.22194 0.000108772 0.0079106 0.0254608 0.00010066 0.0126519 0.0551923 1.05567e-06 0.012133 0.00177254 8.75874e-07 
0.0121825 0.359125 0.0231981 0.0026898 0.0137699 1.15848e-06 0.000116391 0.00111347 0.0107683 0.0806348 3.98393e-05 0.0470967 0.0937538 0.000948169 0.0617886 0.00747094 2.16578e-05 0.0825073 0.202771 3.24126e-06 
0.00167072 0.654947 0.00165674 5.39984e-09 0.000844303 3.26506e-06 0.00010851 0.000769545 0.0020357 0.198444 8.11342e-06 0.0157558 0.000742398 0.000508282 0.031389 0.0721176 2.41056e-06 0.0174706 0.00152511 3.59016e-07 
0.011749 0.481638 0.0957926 8.9725e-06 0.000342787 1.0862e-05 0.000846508 0.000668025 0.00275691 0.147521 0.000149206 0.00687938 0.0659662 0.000523462 0.0620529 0.100847 3.16611e-05 0.0100219 0.0121933 2.15892e-08 
0.00789112 0.305899 0.177362 2.4665e-07 0.00284759 2.50523e-06 0.00219907 0.00151905 0.0248548 0.237989 0.000492549 0.0557051 0.0077848 1.00742e-05 0.00439971 0.0235557 1.03187e-05 0.135189 0.0122888 3.34612e-09 
0.0228075 0.494467 0.0312106 1.80187e-05 0.00243776 8.39298e-06 0.00765506 2.88493e-05 0.0197609 0.112942 0.000180039 0.0953431 0.106807 0.00215337 0.0250518 0.00494626 0.000100618 0.0677536 0.00632864 2.47134e-07 
0.0464224 0.258787 0.0763314 0.00201664 0.00877047 4.20588e-05 0.0105079 0.0160103 0.0369172 0.0469139 0.000850823 0.147379 0.0467141 0.00242799 0.0837505 0.0107882 7.10669e-05 0.17154 0.0337582 1.58205e-09 
0.0043121 0.802642 0.000343453 8.81285e-07 0.0020163 2.53601e-10 0.000368393 0.00611746 2.97816e-05 0.158497 3.64329e-07 0.00187562 0.00124951 1.70991e-10 0.000138844 0.00549027 8.2096e-06 0.0168547 5.5469e-05 3.55145e-10 
0.015782 0.623365 0.0538087 1.88514e-06 0.00805011 6.04241e-08 7.22766e-05 0.0164255 0.00153697 0.0960016 0.000736314 0.0275035 0.00534612 0.000774417 0.0755034 0.00525387 1.97064e-05 0.0673524 0.00246509 1.12187e-06 
0.166814 0.278959 0.00766306 0.00912948 0.000224966 8.56856e-07 0.002821 0.00191909 0.0446567 0.0477313 0.000201322 0.0949068 0.00756929 0.00552776 0.00598857 0.0129891 0.00551124 0.0996993 0.207687 1.8904e-08 
0.0743531 0.522146 0.00234206 4.81687e-05 0.00250881 4.74179e-08 0.00098381 0.0327597 0.006562 0.23788 9.00978e-06 0.00538355 0.00292973 0.021519 0.000717466 0.0227417 0.000265323 0.0660266 0.000787788 3.62404e-05 
0.102626 0.717446 0.0407146 0.000182807 0.00339247 0.000408419 3.37114e-05 0.000354413 0.00498727 0.0318014 0.000193371 0.0356908 0.0150866 8.48752e-05 0.00842344 0.00249254 1.70369e-05 0.0341303 0.0016398 0.000294747 
0.0358646 0.682883 0.00419677 1.31287e-05 0.000369215 0.000117924 0.00793506 5.57012e-10 0.000424819 0.0430724 1.91558e-06 0.0610256 0.123185 0.000576017 1.29057e-06 2.88156e-06 6.91776e-07 0.024268 0.016062 5.06137e-09 
0.0117027 0.387308 0.0205637 2.48152e-09 0.00139193 2.13196e-06 0.0875521 0.00137059 0.0519323 0.0827629 0.00481308 0.0430106 0.00190795 0.002514 0.0702242 0.000234258 3.36093e-05 0.21939 0.0130827 0.000202944 
0.0001382 0.630593 0.0106137 8.71372e-10 4.40968e-05 6.89279e-10 0.0149908 7.90648e-05 0.012902 0.297635 0.000246378 0.00091734 0.00449956 0.000122639 0.0155486 0.00289791 3.20513e-05 1.54812e-05 0.00872369 9.65273e-10 
0.0343962 0.237081 0.0381401 1.1608e-08 0.00709507 3.31671e-07 0.00012253 0.0056718 0.0298444 0.16621 4.76439e-10 0.185389 0.00298236 5.29954e-05 0.158214 0.0105716 5.35706e-06 0.111892 0.0123312 1.66845e-07 
0.128468 0.446798 0.101823 0.000532841 0.0133981 0.000994653 6.43268e-06 0.000107086 0.0686743 0.0209931 0.00210249 0.0706627 0.00103326 1.36617e-05 0.000940632 0.00457759 2.09603e-05 0.137203 0.00164973 9.58866e-07 
7.33272e-06 0.651203 0.112633 4.87929e-10 3.48851e-05 3.85965e-10 2.98247e-10 0.00505319 9.33533e-07 0.0912627 3.1776e-10 0.0541671 9.44278e-11 7.02902e-07 5.12057e-11 1.189e-05 9.53161e-09 0.0564556 0.0291658 3.7841e-06 
0.00134302 0.637063 0.0175705 1.05642e-10 1.95724e-11 6.00387e-07 4.1141e-05 3.86278e-05 0.00549285 0.0160352 1.03735e-07 0.0496045 0.000131815 3.84625e-05 0.0621316 0.00140537 3.5379e-08 0.207735 0.00136827 7.31871e-09 
0.000409151 0.914415 0.000123575 1.56152e-07 0.000185371 3.12781e-11 4.86904e-08 5.73964e-06 0.000446473 0.0347864 2.57508e-11 4.25265e-05 0.0390146 0.000360852 0.000268114 0.00308047 2.71184e-05 0.00033532 0.00649886 3.11372e-07 
0.0608248 0.574737 0.00658415 8.41355e-06 0.0665251 0.00252588 0.00117298 3.31484e-05 0.000177319 0.0800369 0.000137998 0.0886642 0.0262609 2.92037e-05 2.10221e-05 0.000300999 5.70666e-06 0.0602453 0.0317077 1.42245e-06 
0.0867357 0.163497 0.0138454 0.000474265 0.00726137 7.4025e-05 0.107292 0.00244349 0.0536991 0.155126 0.0180012 0.0637691 0.0407301 0.0146118 0.0366108 0.0341155 0.0200449 0.148879 0.0327886 3.46116e-07 
1.64976e-06 0.62503 0.0171814 9.38725e-09 2.17057e-09 2.91831e-08 2.72335e-08 0.00487009 0.00587321 0.137495 1.81166e-07 0.00915452 0.000567286 2.4071e-06 0.116458 0.0134561 1.10811e-05 0.0682468 0.00165275 1.12084e-08 
0.00950425 0.433921 0.0198333 2.17473e-05 0.0019059 1.57983e-05 0.00711666 0.0121364 0.0470822 0.0929249 0.00145882 0.0454658 0.00504277 0.00427628 0.108989 0.0553692 0.000141161 0.141627 0.0131668 7.41343e-07 
0.179915 0.560222 0.0173689 0.000545371 0.00224907 5.24208e-06 0.00261882 0.000832242 0.00942937 0.036014 0.000307236 0.112342 0.00555064 0.0051547 0.0095121 0.00164114 0.00105905 0.0388546 0.0163761 3.43477e-06 
0.005546 0.790468 0.0154239 9.60927e-05 0.00384583 8.33467e-09 2.88703e-05 0.00502567 0.0321896 0.0638241 0.0560493 0.00787453 2.02206e-06 1.38596e-06 0.00307388 0.000852999 0.000176791 0.0130443 0.00247644 1.16719e-08 
0.000136273 0.548644 0.0105959 7.67348e-11 4.28254e-05 1.5776e-08 0.0148812 7.76507e-05 0.0156917 0.311483 0.000240173 0.000902838 0.00448255 0.00420725 0.0155095 0.0397852 3.09323e-05 0.0245786 0.00871071 8.50038e-11 
0.0021591 0.351173 0.0312803 8.77592e-07 1.78262e-05 2.06361e-06 6.21572e-05 0.000261564 0.00807176 0.201629 1.63043e-07 0.00813978 0.00403071 0.000485406 0.0187121 0.283543 4.95059e-07 0.0734898 0.0169407 1.75637e-09 
0.0310333 0.546987 0.0557243 4.17579e-06 0.000782512 4.67836e-07 0.000870853 0.00295066 0.000412494 0.204814 0.00135213 0.00707293 0.0912918 0.0376196 0.00290955 0.00408531 2.9206e-05 0.0120584 7.42987e-07 1.76895e-07 
0.014544 0.53456 0.00881013 0.000360828 0.000415352 4.05893e-09 0.000480137 0.0139998 0.0107625 0.124592 0.000274353 0.0501378 0.0115463 0.00715903 0.0859186 0.0777734 0.000133185 0.0343998 0.0241327 2.25405e-11 
0.118215 0.515707 0.009383 3.54842e-07 0.0100241 1.83305e-05 6.23688e-05 0.000148678 0.0655048 0.0513639 0.000141081 0.159496 0.000147571 0.0123402 0.00105111 0.000218728 7.84073e-05 0.0368792 0.0192197 7.0902e-10 
0.0117153 0.635304 0.0342954 9.69586e-05 0.00886913 2.49367e-06 0.00011806 0.00067984 0.0125936 0.0437037 0.000779088 0.0771928 0.00538971 0.000667825 0.0494641 0.0182115 2.22879e-05 0.0814275 0.0194665 1.25695e-08 
0.0258275 0.711978 0.000555096 0.00195199 0.000100645 2.19422e-06 0.000243564 0.000223395 0.000492313 0.00286086 3.53331e-05 0.0937817 0.000282476 0.000213159 0.0131952 0.000790579 2.18967e-05 0.0141302 0.132848 0.000465598 
0.0173576 0.307564 0.00124673 3.30635e-08 0.00324624 2.61541e-08 5.18321e-05 0.000443088 0.0337636 0.149007 0.000183395 0.204317 0.268775 1.67147e-05 1.24088e-05 2.81709e-05 6.39495e-09 0.0139754 1.25762e-05 3.66264e-08 
0.0590503 0.400406 0.030998 8.3019e-07 0.0106616 6.56702e-07 2.55929e-05 0.00129166 0.00262919 0.223093 4.74444e-05 0.120263 0.01385 0.000465142 0.011087 0.0294183 3.20984e-05 0.0591917 0.0374875 9.19652e-07 
0.00228229 0.269059 0.0978551 6.19867e-06 0.0193228 5.87635e-06 0.000524387 0.00537594 0.0147319 0.0722666 4.53921e-05 0.0982155 0.00790085 6.35763e-05 0.241392 0.00578597 1.73872e-05 0.14045 0.0240143 0.00068455 
1.19825e-12 0.87117 0.000320672 1.84016e-10 5.31304e-09 6.14915e-09 5.38381e-09 2.92989e-05 0.000118328 0.0954078 6.15843e-12 2.41085e-06 1.73394e-08 1.56585e-07 0.000150453 0.0309229 2.08779e-07 0.00175882 0.00011901 7.913e-10 
0.0259472 0.649243 0.0310027 0.000138822 0.006769 1.25957e-05 0.00372902 0.0117048 0.0105937 0.0769102 0.000395968 0.0448416 0.0195719 0.00336937 0.0436419 0.0143129 6.70636e-05 0.0277222 0.0297513 0.000275254 
0.0794482 0.405876 0.00526051 1.34205e-09 0.000812701 1.06159e-09 0.00148139 0.0026287 0.00177811 0.0204059 2.00889e-07 0.0348064 0.00535122 8.05611e-05 0.216823 0.00507897 6.63695e-08 0.203821 0.016344 2.79262e-06 
0.00315168 0.32654 0.100619 0.0898274 0.000148174 5.80866e-05 0.000965095 0.00030351 0.00567124 0.251657 0.00166854 0.0209655 0.0673514 5.36652e-05 0.00484618 0.00703884 0.0218715 0.0830449 0.0142105 7.33897e-06 
0.00322395 0.363156 0.00961404 3.67869e-05 0.161496 9.88355e-07 0.00349805 0.169131 0.00885401 0.146967 0.000900495 0.00295188 9.12609e-05 0.00019022 0.0276143 0.00257931 7.71902e-06 0.00575771 0.0939218 7.00299e-06 
0.038095 0.340478 0.0227106 9.24853e-06 0.0154886 0.0562716 0.00575095 0.00427988 0.00837446 0.154652 0.000535166 0.0139793 0.195679 0.000208545 0.00515376 0.0301686 0.000162477 0.0794317 0.0281326 0.000439265 
0.0202372 0.725034 0.0166525 0.00655648 0.000143515 1.22651e-07 0.000124388 0.000488421 0.0031409 0.0465138 9.55886e-05 0.0518425 0.00441757 0.000617178 0.0266541 0.00143286 7.45884e-06 0.0810388 0.0150027 2.34017e-09 
0.0371979 0.413752 0.0105898 0.0016014 0.00128317 8.05519e-09 3.82004e-05 0.0427367 0.0299727 0.0297464 2.37895e-08 0.28443 0.000536915 0.000148623 0.0272131 0.00957511 6.38046e-06 0.0701946 0.0409762 3.27361e-11 
0.0147817 0.580336 0.0425997 6.54505e-05 0.0168084 2.31258e-08 0.00363278 7.9706e-05 7.50085e-06 0.237574 1.90392e-08 0.0549547 0.0245049 5.37038e-06 9.33695e-06 0.000224823 8.8262e-07 0.00812448 0.0162886 1.82919e-06 
0.0702889 0.40317 0.176762 4.18071e-07 0.0385132 3.30705e-07 2.55546e-07 0.00057778 0.000282366 0.0594958 0.186032 0.0183184 0.0289091 0.000159599 0.00329908 5.31508e-05 0.000735469 0.00671247 0.00668667 2.50623e-06 
0.00131399 0.306071 0.0461903 2.81313e-05 0.00012102 1.68916e-05 0.000110768 4.74672e-05 0.0926 0.0607849 4.88084e-05 0.0746715 0.00426158 7.01262e-05 0.128183 0.023908 0.00375378 0.238726 0.0189713 0.000120933 
0.000506677 0.947242 0.0198441 8.00644e-06 3.87614e-08 8.77534e-10 4.99398e-05 2.18099e-05 0.000135449 0.0140317 0.00334745 0.00286686 0.00405648 0.000187582 0.00314889 0.000813566 4.92507e-06 0.00373376 2.47018e-07 1.22891e-09 
0.0926288 0.377826 0.0277567 2.38985e-06 0.00522699 1.33597e-05 0.00130621 0.000476178 0.00718796 0.0913609 0.000869026 0.129922 0.00670987 0.00408559 0.0352511 0.0029901 1.66149e-05 0.211012 0.00535822 1.6279e-09 
0.0794482 0.405876 0.00526051 1.34205e-09 0.000812701 1.06159e-09 0.00148139 0.0026287 0.00177811 0.0204059 2.00889e-07 0.0348064 0.00535122 8.05611e-05 0.216823 0.00507897 6.63695e-08 0.203821 0.016344 2.79262e-06 
0.0114269 0.807079 0.00724824 2.63139e-05 0.000363703 1.48625e-08 0.000210117 3.24464e-05 0.00532604 0.0491159 2.95125e-11 0.00278887 0.0862396 0.00113786 9.6794e-08 0.00240921 6.47984e-05 0.00188472 0.0246467 5.02006e-11 
0.0189844 0.258293 0.00988446 4.74448e-06 2.88302e-08 2.8325e-10 0.00165067 0.00498882 0.0201838 0.216071 1.74129e-05 0.148497 0.0019885 0.000482107 0.019705 0.0556113 4.36119e-05 0.231896 0.0116976 3.96666e-10 
0.229301 0.442458 0.0216997 2.24967e-07 0.000844648 0.000538491 0.0145677 6.53137e-05 0.0445041 0.0557692 4.16515e-05 0.13365 0.0205726 0.00051357 0.00912743 0.00132402 9.76966e-05 0.0227202 0.00220317 7.79544e-09 
0.0115483 0.633155 0.00348603 0.00161648 0.00012321 5.31735e-07 1.82893e-05 0.00760106 0.00256712 0.206649 1.01225e-05 0.00681568 0.00033939 0.00246898 0.0287435 0.0398658 6.1563e-06 0.0439823 0.0109993 3.45612e-06 
0.0518811 0.708445 0.0136052 0.00179565 0.00237834 3.47564e-06 0.00351326 0.00103862 0.00681105 0.0457759 0.000147152 0.108678 0.0114293 0.003083 0.00799971 0.0029137 0.000996458 0.0174592 0.0120445 8.73714e-07 
8.50976e-13 0.986055 6.10593e-09 1.79088e-10 1.24424e-12 5.31236e-12 5.32175e-09 1.54259e-09 1.15838e-05 0.0126616 4.3736e-12 5.32859e-08 1.29969e-12 3.58188e-12 3.32824e-05 0.00104207 1.41518e-10 0.000196586 5.14744e-13 7.43949e-12 
0.0278334 0.425376 0.0506228 0.00121334 0.00579445 5.7968e-05 0.00186802 0.0226749 0.0097205 0.261638 0.00272715 0.0581043 0.0271938 0.0014181 0.0304711 0.0123756 0.000625577 0.035035 0.0240876 0.00116226 
0.227243 0.30735 0.00899575 4.81487e-06 0.0045738 0.000104193 0.000153766 0.000154287 0.094892 0.0373126 9.43928e-06 0.188187 0.00320816 0.00820204 0.00533498 0.000201789 0.0166235 0.0625073 0.0349413 8.17324e-10 
0.00634789 0.212688 0.0762152 4.35967e-06 0.0211371 9.69439e-06 0.000375762 0.000992423 0.00601598 0.116142 0.000582794 0.0295441 0.0208176 0.000169739 0.129033 0.0171268 4.62055e-05 0.186809 0.175941 4.67339e-11 
1.75097e-05 0.591106 0.0219288 8.01089e-09 1.04401e-08 1.87763e-08 2.31776e-08 0.00205159 0.0235006 0.0764479 1.16419e-07 0.0199102 0.000536267 2.43509e-05 0.0888226 0.00765876 3.20399e-06 0.166845 0.00114672 3.91702e-07 
0.00959059 0.727375 0.0456196 0.00139272 0.00446263 1.83568e-07 8.53613e-05 0.00150624 0.0433776 0.0360149 0.000320111 0.0460779 0.00300574 0.000391305 0.0215803 0.00529851 2.86851e-05 0.0498793 0.00399306 5.06425e-08 
0.00692211 0.701756 0.0056284 0.000362128 0.000149447 0.000151883 0.00013123 9.49955e-06 0.00310247 0.00306333 0.000138957 0.140093 0.0032132 2.1884e-06 0.000468624 0.00131582 0.00342208 0.129979 8.54772e-05 5.81936e-06 
0.0156617 0.664257 0.00210576 0.000520201 0.000236536 2.08986e-06 0.000300722 0.00160077 0.000528564 0.231006 0.000836068 0.00182884 0.0119687 0.000452361 0.00161034 0.00404938 5.16084e-06 0.017751 0.0115247 0.0337539 
0.0218028 0.544012 0.00653363 8.11603e-07 0.000128015 3.07019e-08 0.00233181 0.000474346 0.0065956 0.0853958 0.000579189 0.0743492 0.212423 4.48917e-05 0.0187959 0.00250777 3.51871e-05 0.0175083 0.00509847 0.00138336 
0.0163922 0.57482 0.0441186 1.35513e-09 0.00529666 4.40663e-07 3.47114e-06 0.0139176 0.000379674 0.214572 0.000762432 0.0103185 0.0561112 0.00609495 0.0381892 0.00210231 2.50078e-08 0.0112185 0.00566613 3.54667e-05 
5.53396e-05 0.575098 0.0169618 1.04388e-06 4.69404e-07 8.01354e-08 9.17513e-05 0.0217582 0.0071517 0.284476 3.67551e-06 0.00017832 0.0027568 0.000643312 0.0113945 0.0676796 3.65884e-06 0.0111983 0.000546845 1.49095e-09 
0.020251 0.321801 0.0188913 5.60226e-09 0.00226682 4.87279e-05 0.0022422 1.76962e-06 0.00784838 0.0985604 5.45259e-07 0.301617 0.00281119 0.00450476 0.056176 0.00874323 2.86159e-06 0.142687 0.0115452 6.20597e-09 
0.0166537 0.827058 0.000716816 3.98524e-07 0.00266803 3.15243e-07 2.43598e-07 4.85845e-08 0.00476323 0.0190432 2.59536e-07 0.0868925 0.0142611 0.000372128 0.000701426 0.00025202 7.70802e-08 0.0130707 3.05456e-08 0.0135461 
0.000410318 0.446158 0.00469878 1.08912e-07 0.000190753 5.50424e-06 9.01346e-07 0.0125468 0.00791889 0.344572 0.000244812 0.00665268 0.00817468 3.05713e-05 0.0454114 0.0336488 2.71844e-05 0.0200932 0.0692141 8.20089e-10 
0.0395235 0.737159 0.00243823 1.15311e-06 0.00548986 4.09922e-07 0.000282686 0.000907718 0.00374089 0.0660101 1.63751e-10 0.0866253 0.0297049 3.96477e-06 0.0142963 7.04785e-05 8.37692e-07 0.0115719 0.00207727 9.58859e-05 
0.0105568 0.820128 0.0228137 0.000673275 0.0483496 4.39475e-08 0.000911783 6.48774e-06 0.000242695 0.0464761 3.61814e-08 0.00994604 0.01199 1.70671e-06 0.000738151 0.000687242 1.07456e-08 0.0219798 0.00449828 6.15445e-08 
0.0190768 0.796621 0.00265877 8.52701e-11 0.00061246 2.57378e-06 0.00224398 0.000635045 0.000766722 0.096919 1.68667e-08 0.0215188 0.00192036 0.00167353 0.00473818 0.03817 1.67501e-07 0.00998324 0.00243242 2.73552e-05 
0.00412412 0.496903 0.015006 2.97887e-06 0.000616049 1.00977e-05 0.00439743 0.015019 0.000714512 0.346987 0.00236971 0.0184312 0.0128603 5.73634e-05 0.0337866 0.027239 3.30875e-05 0.0154081 0.00602982 4.02113e-06 
0.0911316 0.508753 0.0186634 2.54357e-06 0.000855565 9.82561e-07 1.89569e-06 0.0397677 2.8513e-06 0.270145 1.73628e-09 0.0602634 1.86745e-05 1.12524e-06 6.46804e-06 0.00384416 8.39572e-07 0.00225707 0.00423453 4.92949e-05 
0.00126564 0.850948 0.00414681 1.82404e-05 0.00341193 6.56791e-07 1.82465e-05 0.0369466 0.000462952 0.0415953 6.30895e-07 0.0136313 0.000694819 0.000253454 0.033554 0.003643 5.1287e-07 0.00818806 0.00121987 8.69269e-10 
0.0626093 0.765641 0.00394462 2.80151e-06 0.00239558 1.1759e-07 0.00966242 6.1539e-08 0.00288704 0.0286126 1.52672e-06 0.00284297 0.0803377 0.00049115 1.76821e-06 0.00351266 6.53703e-05 0.00171021 0.0352815 6.93505e-10 
0.00126564 0.850948 0.00414681 1.82404e-05 0.00341193 6.56791e-07 1.82465e-05 0.0369466 0.000462952 0.0415953 6.30895e-07 0.0136313 0.000694819 0.000253454 0.033554 0.003643 5.1287e-07 0.00818806 0.00121987 8.69269e-10 
1.18158e-06 0.456616 0.00440202 4.65489e-05 3.43577e-07 1.67711e-10 2.03571e-05 0.00597079 0.00419352 0.152007 4.15061e-07 0.0504909 0.00623734 6.39195e-06 0.0299683 0.216196 6.40943e-07 0.0718022 0.00204003 2.34865e-10 
0.0453169 0.456951 0.0411213 0.00215809 0.00168122 0.000104123 0.003065 0.00191541 0.0168832 0.174819 8.65418e-05 0.0207433 0.070704 0.0487477 0.0183847 0.0152511 0.00732649 0.0635998 0.0107932 0.000347349 
0.0546492 0.234072 0.00413555 6.18349e-08 0.0188405 9.1212e-10 2.51418e-09 0.00182453 0.00206821 0.023856 3.73767e-07 0.195568 8.98466e-07 1.17444e-07 0.12947 0.148285 4.60236e-05 0.187177 1.40017e-06 5.20098e-06 
0.00271785 0.633011 0.00259455 1.09071e-07 0.000205711 3.61083e-05 9.05327e-05 0.00642355 3.09887e-06 0.285713 4.80836e-07 0.00122648 0.00840303 2.98874e-05 0.00488501 0.0411196 1.10844e-06 0.0132607 0.00027806 2.85802e-09 
0.0079734 0.277481 0.180625 0.000127691 0.00239609 1.4557e-06 0.0163955 6.59761e-05 0.0823754 0.0459722 0.00312798 0.0124666 0.243292 0.0376162 0.00187209 0.00159567 0.00256935 0.00123354 0.082811 8.9471e-07 
0.00855017 0.327834 0.0929774 7.64613e-10 0.00157045 1.92329e-06 0.000669626 0.0040786 0.000989063 0.299528 0.0171757 0.181546 0.000148712 0.000100849 0.0224162 0.027893 1.95558e-09 0.0016457 0.0128733 8.47008e-10 
0.0171692 0.441785 0.0672764 0.00727777 6.556e-05 2.40398e-06 0.000283294 0.00306323 0.00407891 0.0835013 0.000149712 0.0457138 0.00209283 0.00368401 0.0114949 0.00346059 3.03076e-06 0.291649 0.0172443 4.18032e-06 
0.00296129 0.701871 0.00248575 7.02198e-07 3.93878e-05 5.14845e-07 0.000165771 0.000172201 0.0187573 0.0673861 1.1041e-05 0.0376637 0.160712 0.000349327 0.00414548 0.00110569 2.54975e-06 0.00113305 0.00103651 2.114e-09 
0.062838 0.473137 0.285258 4.19673e-07 0.00142522 9.78578e-09 0.00304514 0.00175811 0.000368717 0.0585176 8.05651e-09 0.0096803 0.0634818 0.00159132 0.0124841 0.00507439 0.000130772 0.0119656 0.00922458 1.87154e-05 
0.00475803 0.458249 0.000995929 0.000548977 4.11116e-05 1.16542e-09 0.00121775 0.00138377 0.00195456 0.371978 3.77566e-08 0.0109888 0.000229275 0.000390819 0.00147243 0.121741 7.7309e-07 0.0201674 0.003883 9.20147e-08 
0.0730744 0.553762 0.0562787 1.86706e-09 0.00691649 1.71516e-05 0.00033547 0.000293868 0.00303427 0.0188158 7.62647e-06 0.0774314 0.0196856 0.00186576 0.107106 0.000967866 0.000102778 0.0410016 0.0393031 2.06826e-09 
0.0734351 0.415327 0.0903038 0.00869416 0.00158442 6.65107e-07 0.00015725 0.00696644 0.00485932 0.0585395 0.000511127 0.0937746 0.0110579 0.0065266 0.0846635 0.00201152 0.000286399 0.097958 0.0433249 1.83102e-05 
3.70445e-05 0.709224 0.00284989 5.24664e-08 0.00680729 2.17925e-06 0.00110119 0.000307095 0.00402008 0.051004 5.38918e-07 0.0103757 0.116325 2.65334e-06 0.0650445 0.00460335 2.16875e-06 0.0275634 0.000729312 5.81202e-08 
0.0390235 0.788962 0.00322382 0.00122475 0.000230496 3.73934e-06 0.00190757 3.65334e-05 0.00784233 0.0174692 0.00253223 0.0370195 0.0332721 0.00729833 0.000240761 0.000774256 0.00072505 0.0526621 0.00555092 2.55576e-07 
0.0189844 0.258293 0.00988446 4.74448e-06 2.88302e-08 2.8325e-10 0.00165067 0.00498882 0.0201838 0.216071 1.74129e-05 0.148497 0.0019885 0.000482107 0.019705 0.0556113 4.36119e-05 0.231896 0.0116976 3.96666e-10 
0.121452 0.475319 0.0244035 5.25239e-06 0.0117674 1.83351e-09 1.53941e-06 0.000338971 0.124638 0.0112502 2.41e-07 0.108896 3.31493e-05 7.27974e-05 0.00663375 6.40035e-05 2.43054e-05 0.106852 0.00824818 2.56767e-09 
0.0106724 0.320359 0.0279821 0.00231919 0.0046096 0.000702897 0.00235893 0.245402 0.0136694 0.207963 0.00171187 0.0390052 0.0088201 0.00116503 0.0394244 0.0183806 0.000300051 0.0356345 0.0195156 4.33864e-06 
0.00138209 0.590745 0.00203821 5.54001e-08 2.56347e-06 1.1709e-05 0.0017902 0.00413979 0.00110475 0.0435725 0.00105731 0.0182271 0.0012809 3.78721e-06 0.289032 0.0289963 3.35599e-05 0.0146365 0.00194629 1.77064e-09 
0.011677 0.370797 0.0532538 9.0583e-07 0.00514051 5.52925e-06 0.0130159 0.000315611 0.0397853 0.0510957 6.76631e-05 0.0737016 0.00383794 0.00699682 0.216696 0.0314878 0.000193373 0.104801 0.0171299 4.56465e-10 
0.00636074 0.451546 0.0244226 8.85598e-05 0.000123121 6.85767e-06 2.27848e-05 0.00704939 0.00288153 0.262444 5.23016e-05 0.0269769 0.0807975 0.000331586 0.0104926 0.0600403 6.52757e-06 0.0337433 0.00664043 0.0259726 
0.109678 0.594846 0.0146484 0.000106861 0.00062668 1.11705e-06 0.000401002 9.26362e-07 0.00418612 0.0809685 0.000667847 0.0618728 0.0508042 7.91339e-05 8.03367e-05 0.000108119 3.37201e-05 0.0311232 0.0497671 2.20109e-08 
0.0208905 0.538979 0.0745774 2.37369e-06 0.00291473 6.00326e-06 5.04784e-05 0.000144026 0.0609417 0.0614032 0.00173841 0.0477894 0.000807442 7.86771e-05 0.0384673 0.0146598 0.000175223 0.132205 0.00416884 3.16265e-09 
0.0468956 0.644967 0.00318189 0.00200263 0.00438474 1.03408e-05 0.000828471 0.00630887 0.0031511 0.0507859 0.0005464 0.0649714 0.0202772 0.00144899 0.0774522 0.00216532 5.93392e-05 0.0398336 0.030729 4.23754e-10 
0.020163 0.26664 0.0760085 0.000132022 0.00443663 1.20404e-05 0.00237776 0.00513781 0.125986 0.0905955 0.00170705 0.17672 0.0108518 0.00269119 0.0370874 0.0204405 0.0126388 0.116372 0.0300008 3.27347e-07 
0.0238704 0.370428 0.191498 0.00420042 1.92748e-07 4.24953e-09 0.00161887 0.00266358 0.0112596 0.209177 0.00248309 0.0281774 0.000116376 0.00133412 0.00398316 0.0123864 2.04488e-08 0.124441 0.0123629 3.65978e-11 
0.000378158 0.708931 0.00145188 1.88385e-07 0.000196975 9.54117e-07 0.000561864 0.0141875 0.000444722 0.167277 0.000209534 0.00292069 0.043285 0.00107159 0.0026058 0.0529604 7.93298e-07 0.00307109 0.000445203 4.13368e-09 
0.0112882 0.494384 0.0432596 3.02086e-05 0.000116117 2.25413e-05 0.00260647 0.0443427 0.0262786 0.115116 2.16513e-05 0.00368541 0.0263023 0.0127519 0.0460413 0.151372 0.000649367 0.015015 0.00519461 0.0015229 
0.0350176 0.894206 0.0260512 0.000165277 0.0010809 4.06757e-05 1.08274e-05 0.000370627 0.000475773 0.0128862 2.31052e-06 0.00047765 0.0176822 0.00123184 0.00430721 9.61767e-05 5.13838e-05 0.00113279 0.00177173 0.00294192 
0.229301 0.442458 0.0216997 2.24967e-07 0.000844648 0.000538491 0.0145677 6.53137e-05 0.0445041 0.0557692 4.16515e-05 0.13365 0.0205726 0.00051357 0.00912743 0.00132402 9.76966e-05 0.0227202 0.00220317 7.79544e-09 
0.0159652 0.559474 0.0771635 5.06389e-06 0.000204696 6.7564e-05 0.00116905 0.0100754 0.0162557 0.165982 0.0132843 0.0276132 0.0082794 0.000673196 0.0237002 0.01848 0.000537229 0.0357112 0.0253592 3.53244e-08 
6.62202e-13 0.97883 5.3561e-09 1.54792e-10 9.68229e-13 4.13391e-12 4.6679e-09 1.3531e-09 5.70122e-05 0.0147265 3.4034e-12 3.61377e-06 1.01138e-12 1.36017e-07 0.000225661 0.00578328 3.09506e-07 0.000373827 3.5436e-09 6.84058e-10 
0.00677792 0.319136 0.0230479 0.00224311 0.00022669 5.99848e-07 0.00107206 0.00335093 0.00667858 0.264502 0.00482121 0.0593163 0.00862156 0.00201496 0.0413554 0.0178064 1.54102e-11 0.0504722 0.188556 8.82603e-11 
0.010653 0.38515 0.0127256 4.03983e-08 0.00489689 1.11658e-05 0.00052091 0.00891901 0.0162882 0.0460329 0.00144209 0.0594844 0.0172926 0.00399526 0.278831 0.00279235 0.000130406 0.132478 0.0183323 2.42798e-05 
0.000160798 0.804009 0.000160792 0.000160553 0.000160782 0.000160611 0.000160662 0.0001608 0.000160793 0.000160816 0.000160651 0.000160814 0.0162387 0.000160685 0.128804 0.000160754 0.00016078 0.0323239 0.000160812 0.0162128 
0.00500668 0.741815 0.0387719 1.11532e-05 0.00268739 7.54628e-06 0.00016211 0.0109566 0.0010023 0.0220661 8.2777e-05 0.0349494 0.0866541 0.00110575 0.0209598 0.00049228 2.21673e-05 0.00273895 0.0305072 3.32334e-07 
0.00167072 0.654947 0.00165674 5.39984e-09 0.000844303 3.26506e-06 0.00010851 0.000769545 0.0020357 0.198444 8.11342e-06 0.0157558 0.000742398 0.000508282 0.031389 0.0721176 2.41056e-06 0.0174706 0.00152511 3.59016e-07 
0.000506677 0.947242 0.0198441 8.00644e-06 3.87614e-08 8.77534e-10 4.99398e-05 2.18099e-05 0.000135449 0.0140317 0.00334745 0.00286686 0.00405648 0.000187582 0.00314889 0.000813566 4.92507e-06 0.00373376 2.47018e-07 1.22891e-09 
0.0698677 0.306274 0.045185 0.000353331 0.00102336 0.00102222 0.0024396 0.0311195 0.0185863 0.106108 0.0119574 0.0197779 0.163551 0.00768794 0.0823819 0.0310607 0.000194796 0.0750942 0.026299 1.60972e-05 
0.00584853 0.306436 0.0147972 0.00331326 0.132426 2.08528e-08 5.78801e-08 0.00101499 0.00695266 0.124022 0.000201199 0.126013 0.00252617 0.00716973 0.056047 0.0125838 1.44548e-08 0.172809 0.0278394 1.78939e-10 
0.0191926 0.269154 0.0306624 0.00289989 0.0235617 7.98111e-06 0.0023084 0.0233948 0.0473118 0.102886 0.000120095 0.169341 0.0257005 0.00176278 0.0363307 0.015515 0.00541091 0.179445 0.0449942 1.50672e-08 
0.084872 0.478914 0.151448 4.24498e-07 0.000181091 4.34067e-06 4.39973e-05 0.000758841 0.000871862 0.0758429 9.14915e-05 0.0337011 0.0566757 0.000111493 0.0383005 0.0134802 3.72839e-05 0.0628064 0.00185761 4.70242e-07 
0.125672 0.782043 0.000118045 0.000582822 9.3664e-06 1.2956e-06 1.17499e-06 3.95522e-05 6.17717e-05 0.000302974 3.69057e-05 0.0298895 0.00102163 1.20984e-05 0.0103005 0.000156435 2.43458e-06 6.93538e-05 0.0496779 1.81437e-06 
0.0723111 0.538312 0.00892248 0.000126394 0.0179871 0.000429926 0.000156543 0.000112449 0.00297738 0.130812 0.00110299 0.00579393 0.0450232 0.000715169 0.000195339 0.00186306 0.0021784 0.151853 0.0191138 1.45026e-05 
0.00596405 0.749986 0.00162487 0.000204655 8.31457e-08 4.81532e-07 0.00480671 0.000651825 0.00435743 0.0203494 9.26499e-06 0.0964197 0.000957452 0.000262085 0.0306024 0.00148664 2.09291e-05 0.081596 0.000699125 4.9714e-07 
0.0789874 0.385884 0.0153291 0.00211127 0.00641534 1.21225e-06 9.0205e-05 0.00652574 0.0146641 0.25163 0.00895166 0.0706077 0.0351628 0.00213218 0.0358187 0.0150903 0.000175573 0.050063 0.0203577 1.41416e-06 
2.4676e-05 0.320344 1.73154e-05 4.88724e-08 9.05463e-09 0.25604 4.97101e-06 1.10129e-05 6.75777e-06 6.28231e-05 6.26014e-06 3.0119e-05 0.141569 0.000817135 7.31177e-05 4.44944e-05 9.45261e-09 0.269355 0.0115927 5.41389e-08 
0.0258444 0.766155 0.0194212 0.000600761 7.60219e-05 1.14484e-08 0.000134042 0.000839752 0.0135051 0.0654145 0.000333574 0.0124601 0.00329645 0.000375315 0.0104975 0.00128301 3.9793e-05 0.0606973 0.0190265 1.10436e-11 
0.00694463 0.736578 0.00374168 3.44846e-10 7.56389e-06 4.42433e-08 1.95136e-06 0.0450533 2.67457e-05 0.169125 0.000164116 0.00102199 0.00531912 0.00072326 0.00147466 0.0191882 3.52342e-07 0.0105896 3.97252e-05 3.6861e-08 
0.0124225 0.287481 0.103677 5.07676e-10 0.0134831 0.000310375 3.10317e-10 0.00102866 5.63267e-07 0.247184 1.44657e-08 0.0142099 0.0251227 4.85186e-07 0.0031573 0.186211 9.81917e-11 0.0826738 0.0230366 5.62384e-10 
0.0139142 0.681811 0.047224 0.000359934 0.00199601 2.6018e-05 0.00277352 0.000647947 0.0100516 0.0606304 4.56041e-06 0.0508909 0.00317124 0.00189084 0.00950494 0.00649623 3.02588e-05 0.0873654 0.0212114 1.02819e-08 
0.00129951 0.548309 0.022 5.10839e-09 0.00151062 2.54693e-06 8.44282e-05 0.00103612 0.00181803 0.263664 0.000182706 0.0157334 0.0118706 0.00148825 0.0304131 0.0722062 4.72704e-05 0.0254854 0.00284815 2.86783e-07 
0.017252 0.390573 0.0318384 0.000216938 0.153223 3.28471e-05 0.000144031 0.0003884 0.00354392 0.259697 0.000804822 0.0127698 0.0364179 2.16565e-05 8.2218e-05 0.0018993 1.16058e-05 0.049339 0.0417448 1.05359e-08 
0.0754975 0.272462 0.0046713 3.44527e-06 0.00675025 5.98511e-08 0.000107173 0.00939251 0.00513184 0.00972909 0.000304138 0.136182 0.00148605 0.00094146 0.205196 9.17113e-05 0.000195469 0.16871 0.103148 2.88359e-09 
0.0226395 0.193461 0.164085 9.06394e-09 0.00756174 2.6234e-09 0.00380781 0.0010545 0.00266927 0.066261 1.04467e-07 0.170248 0.00943013 9.80695e-05 0.1433 0.0560455 3.09559e-06 0.131606 0.0277291 4.82933e-11 
0.0471439 0.199332 0.0880191 8.82604e-06 0.000143954 1.03974e-06 0.0146129 0.00140656 0.0287586 0.128323 1.85078e-05 0.138491 0.0148812 0.000396883 0.196013 0.0202661 8.17326e-05 0.0799334 0.042168 1.66549e-09 
0.0140431 0.840967 0.00451235 0.000780046 0.00816976 1.0079e-08 0.000584535 3.31452e-05 0.00299268 0.00614145 0.000586577 0.00523656 0.0957607 7.53031e-05 0.000332626 0.000195478 7.26812e-05 0.0125951 0.00689613 2.45736e-05 
0.00404926 0.483463 0.0659073 0.000490892 0.00180319 0.000161451 0.000211852 0.000251723 0.00202466 0.187887 0.00023311 0.0329429 0.0722527 4.32357e-05 0.0124317 0.0140322 8.64374e-05 0.0183248 0.0828059 0.0205971 
0.00134302 0.637063 0.0175705 1.05642e-10 1.95724e-11 6.00387e-07 4.1141e-05 3.86278e-05 0.00549285 0.0160352 1.03735e-07 0.0496045 0.000131815 3.84625e-05 0.0621316 0.00140537 3.5379e-08 0.207735 0.00136827 7.31871e-09 
