0.00215107 0.00275656 0.224544 0.000145821 0.0144446 0.000372406 0.00194627 8.18361e-05 0.0493624 0.00690602 6.09545e-11 0.322926 0.000102131 1.68989e-05 0.264842 0.000584892 2.08731e-06 0.0950565 0.0137582 5.93997e-08 
0.00592606 0.0115689 0.0238102 5.79678e-10 0.00118413 1.32992e-07 4.07332e-05 2.10073e-07 0.40953 0.0218235 3.77511e-10 0.0155052 0.000152274 0.000444672 0.0141948 7.73067e-07 4.04238e-05 0.495777 1.17267e-06 6.42145e-10 
5.45434e-05 0.00145495 0.00186127 1.52358e-05 2.2656e-06 1.32711e-09 3.06728e-05 0.742027 0.000542629 0.00861195 1.21025e-12 0.00321587 0.000287135 0.000743178 0.000496519 0.238613 1.3685e-08 0.00147347 0.000570409 2.05864e-12 
0.0638715 0.0280026 0.166403 3.90408e-07 0.0122521 2.56991e-08 0.00197407 0.000226226 0.00809435 0.0399028 1.81355e-08 0.211959 0.0131671 0.00017676 0.00494018 0.00593783 0.0480704 0.376868 0.0163175 0.00183663 
0.000377356 2.27833e-05 0.00212754 8.45119e-13 0.000747046 1.1867e-05 0.000226417 4.6646e-05 0.911153 0.00121582 5.50377e-13 0.00480878 0.000192674 8.6187e-05 0.0190169 0.000230477 2.26925e-05 0.0439826 0.0157311 9.3619e-13 
0.00743864 0.0181498 0.0303239 0.00291625 0.00593417 1.1875e-05 0.00144803 0.0914901 0.0211596 0.357814 3.18633e-11 0.19985 0.00190348 5.93449e-06 0.137504 0.0118353 3.38898e-07 0.10334 0.00884544 2.90703e-05 
0.0026514 0.000740652 0.00752822 0.000119927 0.00946826 2.96954e-05 0.00278243 0.00806056 0.796008 0.020888 1.69144e-08 0.00717676 0.00117982 0.0447066 3.97268e-08 0.00027668 0.000557213 0.0132616 0.0845635 1.24102e-07 
0.00554696 0.00366043 0.00564527 5.36694e-06 0.0039311 1.90836e-05 0.00139281 0.00353196 0.703252 0.0298463 2.18869e-09 0.0405321 0.00282946 0.000322943 0.102154 0.000292149 2.48116e-05 0.0743472 0.0226667 3.61442e-09 
0.000188152 0.0630942 0.0139668 3.98559e-07 0.00271367 1.75498e-05 0.000284101 0.0248608 0.0033147 0.730237 2.03211e-07 0.00407144 0.000208772 0.00110293 0.00432013 0.0568165 2.01639e-06 0.0488259 0.0459237 5.11606e-05 
0.000229341 0.000333494 0.000513745 6.62276e-05 0.0137477 1.33919e-05 4.28117e-05 0.00854183 0.00280916 0.00883672 2.67857e-06 0.00288891 0.00106714 8.915e-05 0.0129839 0.0115013 2.95948e-05 0.922456 0.0137671 7.99742e-05 
0.0343588 0.00561094 0.0575616 3.73955e-05 0.117284 9.81067e-06 0.000184135 0.00211173 0.0274871 0.0294436 1.60352e-06 0.148052 0.00309828 0.000265196 0.184896 0.00725199 6.01659e-06 0.235993 0.146291 5.53866e-05 
0.274239 0.00152521 0.0161161 0.00271281 0.0186383 0.00370464 0.000950432 0.00925319 0.0478698 0.020317 0.000486592 0.0619597 0.0113757 0.00536586 0.0659485 0.000677212 0.0903081 0.0875624 0.279463 0.00152606 
2.9128e-05 0.191903 0.383268 4.5825e-05 1.15388e-05 2.00259e-09 2.63083e-05 0.000594798 0.000629553 9.64593e-05 1.6487e-09 0.421448 2.77801e-05 0.000531594 4.93374e-05 0.00107594 6.88949e-05 7.71417e-05 0.000115707 2.80444e-09 
0.0225715 0.107207 0.073589 2.27316e-05 0.00620555 0.00115753 0.00826832 0.035149 0.0410162 0.455101 1.27188e-09 0.171761 0.000155231 1.9602e-07 0.0168037 0.0308713 3.02428e-06 0.0269328 0.00318435 2.16346e-09 
0.008804 0.0264781 0.00575384 7.1742e-05 0.00485322 1.80553e-06 3.74376e-05 0.00670019 0.280467 0.0676948 1.07338e-07 0.0985956 5.4803e-06 1.90173e-05 0.0627219 0.0102678 1.20593e-05 0.415872 0.0116442 2.7951e-07 
1.23783e-08 2.45448e-08 0.00465241 2.72863e-12 0.00101588 1.64062e-08 0.000325623 6.98598e-09 0.32025 0.000117373 1.777e-12 0.0229562 3.2635e-08 1.54278e-08 0.472504 0.00110452 2.58653e-09 0.135288 0.0417861 3.02267e-12 
0.131079 0.0138512 0.124875 0.00187538 0.0390906 0.000861345 0.00111108 0.0024996 0.12603 0.0339942 0.00061954 0.151744 0.00396479 0.00231329 0.0720391 0.00165958 0.00247783 0.182536 0.105705 0.00167256 
5.45434e-05 0.00145495 0.00186127 1.52358e-05 2.2656e-06 1.32711e-09 3.06728e-05 0.742027 0.000542629 0.00861195 1.21025e-12 0.00321587 0.000287135 0.000743178 0.000496519 0.238613 1.3685e-08 0.00147347 0.000570409 2.05864e-12 
0.000867392 0.00021031 0.00385423 5.85383e-06 0.672604 0.000571708 6.31953e-05 0.00278664 0.00350907 0.00441281 1.12574e-08 0.0217648 0.000188223 9.18722e-05 0.0032274 2.1426e-05 2.90709e-06 0.201859 0.0839576 1.23143e-06 
0.00128996 0.562327 0.0247647 0.000130705 0.00550657 8.28551e-08 7.03231e-05 0.00117593 0.0445362 0.0351815 6.82136e-08 0.144827 0.000100879 0.000104539 0.0560228 0.00092122 2.96124e-05 0.121324 0.00168678 1.16031e-07 
0.00148319 0.061289 0.481759 1.6953e-07 9.38604e-06 7.2157e-06 4.10354e-05 5.6822e-06 4.2123e-05 0.270912 1.10405e-07 0.0379909 0.104137 0.000201968 0.000139273 0.0310461 6.21561e-05 8.5723e-06 0.0108643 1.87799e-07 
0.0037127 0.000217887 0.00710419 2.77516e-05 0.843213 2.04457e-05 3.24303e-05 9.28755e-06 0.000493223 0.000200112 2.83426e-06 0.0245666 0.000730342 8.53802e-05 0.000138294 0.000126501 1.56507e-05 0.0430506 0.076248 4.82106e-06 
0.0591918 0.00452201 0.33894 0.000635835 0.000467072 4.03945e-10 0.0113434 7.02526e-06 0.202357 0.0216196 3.32563e-10 0.0682717 0.072443 0.00474004 0.0959143 0.0348227 0.00059389 0.0787497 0.00538025 5.65689e-10 
0.00508235 0.00287604 0.00474572 1.34536e-05 0.00375852 2.46925e-05 0.00132754 0.00337709 0.760039 0.0238628 1.74892e-06 0.0325796 0.00288666 0.00025496 0.0887253 0.000220486 1.58149e-05 0.0541486 0.0160565 2.98582e-06 
0.384344 0.0188896 0.0105738 0.0120482 0.00423678 8.71794e-06 0.000401096 0.000544545 0.000247038 0.0631787 3.84288e-06 0.0471409 0.223128 0.000179148 0.00697432 0.00102726 0.000133538 0.11716 0.0958453 0.0139357 
0.00652469 0.0511055 0.0162267 2.18783e-07 0.0449668 1.44042e-08 0.00149986 0.0598254 0.0272577 0.0456906 8.72506e-09 0.319858 0.00206337 0.000122294 0.0508637 0.00897274 0.0244841 0.270908 0.0696306 2.37729e-08 
0.106538 0.00292479 0.0174602 2.71631e-05 0.0239776 7.79938e-07 0.032371 0.0169569 0.0334816 0.0507844 2.05343e-07 0.0426629 0.00343923 0.00352424 0.556802 0.000671988 0.000221226 0.0588296 0.0491354 0.000190854 
0.000326378 7.13197e-05 0.00394074 3.52046e-06 0.0015052 5.05811e-05 0.000337282 0.0208501 0.796726 0.00163607 9.87462e-13 0.00367359 0.00163904 0.00117455 0.0127804 0.00843986 8.85936e-05 0.0784663 0.0682903 1.67967e-12 
0.00598219 0.0188372 0.00607566 0.00553285 6.19578e-05 1.07182e-08 0.000275763 0.504554 0.000387992 0.0766547 1.77169e-11 0.0171042 0.0197428 0.000502549 0.00425455 0.323075 3.00557e-05 0.00725341 0.00967527 3.01365e-11 
4.86781e-06 0.127444 0.00152321 1.06585e-09 0.000362993 3.93464e-06 0.00183666 0.000280325 0.0694293 0.0710996 6.94124e-10 0.0889555 0.0389397 4.60847e-07 0.367125 0.000222033 2.24574e-06 0.108231 0.12454 2.37118e-07 
0.0743888 0.0428882 0.0160118 0.00214843 0.00464558 0.00015083 0.00119354 0.0488025 0.0901705 0.0821921 1.55213e-07 0.0632349 0.0672673 0.00234458 0.0292009 0.125616 0.0732771 0.208175 0.0682519 4.06336e-05 
0.0249944 0.010721 0.0916427 6.69275e-05 0.049671 0.0011772 0.00133057 0.00136927 0.00947722 0.075482 1.49188e-06 0.0871522 0.00568997 0.000155045 0.0800736 0.000642236 5.51504e-05 0.177457 0.327301 0.0555406 
0.0094098 0.342501 0.02091 8.35894e-10 0.0065449 1.08463e-07 0.0320383 0.0409932 0.00188938 0.291247 5.4437e-10 0.00645759 0.1261 0.000477109 0.116011 0.000967647 3.12786e-05 0.00405186 0.000369711 4.86228e-08 
5.68897e-05 0.00114328 0.00164857 2.02132e-05 2.95685e-07 2.05142e-10 1.99062e-05 0.14337 0.00128266 0.114489 1.6889e-10 0.00262578 6.53875e-05 0.00041942 0.000748411 0.727281 1.76527e-06 0.00211475 0.00471247 2.87282e-10 
0.0510368 0.0192028 0.0347605 0.00123191 0.25999 0.000891888 0.000248261 0.00116557 0.0867591 0.0333754 0.000235248 0.0534722 0.00939283 0.000260491 0.0305978 0.00121185 0.000339429 0.103483 0.301597 0.0107478 
0.00703957 0.00394472 0.00657162 7.51226e-06 0.00518752 2.30378e-05 0.00177122 0.00464069 0.665522 0.0332838 2.76369e-09 0.0454684 0.00396123 0.000323416 0.123929 0.00028459 1.78054e-05 0.0756419 0.0223827 4.52429e-09 
0.00561243 0.00303623 0.00473795 1.6014e-05 0.00410353 2.42066e-05 0.00155597 0.00522767 0.750769 0.0259543 1.25577e-06 0.0331109 0.00350741 0.000272217 0.090297 0.000230451 1.47945e-05 0.0548687 0.0166572 2.44894e-06 
0.165266 0.0128333 0.0188065 1.57456e-05 0.0436256 0.000344899 0.000707408 0.0256553 0.25153 0.0252413 1.02553e-07 0.0210298 0.084875 1.26639e-06 0.0207792 3.42799e-05 0.00344378 0.277581 0.0482282 1.74443e-07 
0.0163223 0.00698754 0.517672 0.000196327 0.0102878 3.1213e-05 0.000663698 5.1307e-05 0.00359179 0.0122765 1.22933e-09 0.25801 0.0163134 0.00145353 0.0160819 0.00142416 0.011142 0.11838 0.0091126 1.86835e-06 
0.00805716 0.00315762 0.000154523 0.000447611 0.0036609 1.86326e-12 6.68414e-05 9.08165e-05 0.0054722 0.0081284 1.53399e-12 0.00170867 0.914454 5.15211e-09 1.21968e-07 0.00138034 6.10882e-06 0.00134443 0.0518705 2.60932e-12 
0.00291431 0.949762 0.00379934 2.41224e-06 0.0010527 1.90815e-06 0.000202692 3.20454e-05 7.61406e-05 0.00270629 1.57095e-06 0.00044696 0.0203682 8.10729e-05 0.00340976 8.74458e-05 3.65006e-06 0.000276988 0.014772 2.67219e-06 
0.00124835 0.00125736 0.00816015 2.92014e-07 0.0049808 1.12168e-10 5.0844e-05 0.0077276 0.200424 0.00810826 9.23466e-11 0.208793 0.000113216 3.38613e-06 0.0945239 0.0214342 4.3886e-07 0.435529 0.00764508 1.57081e-10 
1.23783e-08 2.45448e-08 0.00465241 2.72863e-12 0.00101588 1.64062e-08 0.000325623 6.98598e-09 0.32025 0.000117373 1.777e-12 0.0229562 3.2635e-08 1.54278e-08 0.472504 0.00110452 2.58653e-09 0.135288 0.0417861 3.02267e-12 
0.000209808 0.00824135 0.00502128 0.000126537 0.0180186 2.07684e-05 4.26622e-05 0.0041367 0.000351156 0.00606858 1.98424e-05 0.954546 0.000641369 2.20934e-05 0.00143219 8.09544e-05 4.80512e-05 0.000767349 0.000175869 2.90842e-05 
0.28513 0.183409 0.00429415 1.04251e-06 2.85345e-05 1.8192e-07 0.000148584 1.01217e-05 0.0372676 0.0101079 6.40413e-09 0.363364 0.00675348 0.000293232 0.0288186 0.000399607 2.95189e-05 0.0182345 0.0617074 3.27108e-06 
0.00360428 0.00159877 0.110286 0.00126497 0.000579057 1.26914e-08 4.9309e-05 6.89362e-05 0.346315 0.000875806 3.28041e-09 0.0399632 3.9654e-05 7.73033e-05 0.0034538 0.079079 0.0637348 0.346556 0.00245334 2.09437e-08 
0.00277122 0.00431235 0.392778 0.29389 0.00175605 0.00295632 0.000856895 0.000158688 0.0110123 0.113413 1.20602e-10 0.0287544 0.000154236 4.3246e-06 0.00346364 0.000724914 0.0212799 0.121715 1.56617e-07 1.27609e-07 
0.0684016 0.0167785 0.0316262 0.000665338 0.0441548 0.000824398 0.0011527 0.00270183 0.0458357 0.0300761 0.000164053 0.132625 0.0144143 0.000287011 0.1616 0.0034108 0.00083113 0.364218 0.0793854 0.000847807 
0.00178084 0.00141334 0.0172108 2.20421e-06 0.0316486 2.62136e-06 2.60789e-08 0.0611592 0.0318211 0.028797 1.31987e-12 0.0563204 0.000124175 4.18116e-05 0.0893195 0.000664058 2.18658e-06 0.474456 0.205236 2.47516e-09 
0.0823801 0.013559 0.00925566 3.06829e-09 0.00641418 2.4271e-09 2.0878e-06 9.04969e-05 0.0163012 0.0291174 1.9982e-09 0.154485 3.76848e-06 1.15258e-06 0.0013364 0.000464857 9.83281e-07 0.66838 0.0182066 5.79362e-07 
0.0837943 0.00678178 0.00723371 0.00185822 0.00139 5.87956e-05 0.00284333 0.00149481 0.0443566 0.0465746 2.7939e-05 0.113706 0.0713879 0.024925 0.104187 0.00422605 0.000166749 0.0279551 0.452838 0.00419451 
8.18143e-05 0.00209776 0.00275765 1.8295e-05 3.39814e-06 1.88191e-09 4.6008e-05 0.618434 0.000813931 0.011412 1.61738e-12 0.0047943 0.000428143 0.00105451 0.000744776 0.354373 1.92679e-08 0.00213559 0.00080487 2.75116e-12 
0.0233106 0.0074532 0.0192943 0.000968006 0.0537928 5.96906e-11 0.00014234 5.83719e-05 0.0554718 0.0188444 4.91425e-11 0.452395 0.00558361 2.23493e-09 0.0126954 2.68333e-07 9.53335e-05 0.241756 0.108139 8.35913e-11 
0.000380091 0.000136528 0.0024795 9.72701e-06 0.0502251 7.21425e-06 8.08035e-05 0.0320841 0.420271 0.00207628 1.63627e-09 0.0775441 0.0451551 0.00117215 0.00371656 0.0527649 8.0982e-05 0.0153537 0.296462 2.78329e-09 
5.17852e-08 0.017737 1.17016e-07 0.000143356 1.41283e-07 1.16808e-08 1.54641e-08 6.62586e-08 0.000669078 0.815788 1.37184e-11 2.18084e-07 0.000699336 5.10185e-06 8.7766e-08 0.16191 2.67505e-05 0.00302049 6.53917e-08 2.3335e-11 
0.0144138 0.259252 0.0291214 9.40837e-05 0.00643188 4.89061e-06 8.38627e-06 0.0492951 0.0209238 0.0363185 6.06974e-11 0.256497 0.00875323 8.4674e-05 0.236261 0.0023689 3.21028e-07 0.00711586 0.0730551 1.03246e-10 
0.0105206 0.0466402 0.305556 2.13917e-08 0.00719866 4.45954e-05 7.428e-08 6.08587e-05 3.64556e-06 0.0866137 1.533e-10 0.122712 0.0359534 1.43688e-08 0.0515188 0.000216103 5.53144e-06 0.275399 0.0575571 2.60764e-10 
0.00703957 0.00394472 0.00657162 7.51226e-06 0.00518752 2.30378e-05 0.00177122 0.00464069 0.665522 0.0332838 2.76369e-09 0.0454684 0.00396123 0.000323416 0.123929 0.00028459 1.78054e-05 0.0756419 0.0223827 4.52429e-09 
0.0328022 0.0236641 0.00280449 2.29314e-07 0.0251625 4.49743e-08 0.00222459 1.8492e-05 0.00396934 0.00460783 2.68553e-09 0.73505 0.00526344 2.22508e-07 0.0117104 1.82531e-07 8.09664e-05 0.144264 0.00837661 4.56807e-09 
0.0017809 0.000938025 0.000177613 0.000323129 0.000655793 2.17041e-12 4.41766e-05 1.51595e-05 0.00348856 0.0100249 1.78687e-12 0.000284824 0.95256 6.57278e-06 7.64834e-08 0.0131156 8.48318e-06 0.000255175 0.0163214 3.03946e-12 
0.0070978 0.00146656 0.0234373 0.00010718 0.0450562 4.95002e-06 8.09309e-06 0.0300077 0.0175197 0.0781852 2.35741e-09 0.00767113 0.000519585 4.08871e-05 0.000575326 0.000173269 2.15117e-05 0.674878 0.113222 8.30202e-06 
0.207197 0.00499954 0.00290261 0.00020634 0.0816073 2.56236e-06 0.00230849 0.0273665 0.0279932 0.00954363 7.31638e-08 0.518806 0.0131328 0.000374026 0.0276702 2.71415e-05 4.17538e-06 0.0172289 0.0584825 0.000147309 
0.00543839 0.0164555 0.001073 6.49931e-08 0.00210159 3.82338e-12 0.000158901 0.00114807 0.0166797 0.00226181 3.14774e-12 0.58756 5.41689e-09 3.16727e-08 0.00558883 3.89824e-05 0.000122645 0.359941 0.00143168 5.35431e-12 
0.00547278 0.00890113 0.00385393 0.00027353 0.0118888 4.68279e-08 2.41959e-06 0.000104976 2.39035e-05 0.767239 3.85528e-08 2.00488e-05 1.33356e-05 9.89466e-06 6.37682e-06 0.000306246 3.5882e-06 0.0364275 1.17443e-05 0.16544 
5.45434e-05 0.00145495 0.00186127 1.52358e-05 2.2656e-06 1.32711e-09 3.06728e-05 0.742027 0.000542629 0.00861195 1.21025e-12 0.00321587 0.000287135 0.000743178 0.000496519 0.238613 1.3685e-08 0.00147347 0.000570409 2.05864e-12 
0.0134176 0.230385 0.0131115 0.000152729 0.00621225 7.79721e-07 9.18248e-06 0.107289 0.0349781 0.0865999 1.82659e-11 0.156572 1.06867e-05 3.50079e-06 0.0801868 0.00413451 1.38649e-05 0.24962 0.0173029 3.10702e-11 
0.00756421 0.321933 0.0163959 4.60731e-10 8.4316e-07 3.6445e-10 8.7878e-05 0.000747214 6.03512e-07 0.0153408 3.00047e-10 0.0341529 0.581683 0.0075536 5.84485e-07 0.00870021 0.000214843 0.00562261 1.5577e-06 5.1038e-10 
0.170728 0.362568 0.002719 9.89439e-07 4.46343e-05 2.9091e-09 0.000210349 0.00139752 0.0545912 0.0186274 2.39502e-09 0.240887 0.0101597 8.65205e-05 0.017245 0.000879886 2.87249e-05 0.0326003 0.0872195 6.46141e-06 
0.00278504 0.0143803 0.0349019 0.000622193 0.00341321 2.26838e-06 0.0001109 2.79118e-05 0.128112 0.0142092 1.61803e-07 0.103803 0.000273661 0.000111911 0.0143536 0.00101071 0.00846873 0.650755 0.0225498 0.000108658 
0.0553121 0.0800111 0.192402 0.000312845 0.00748568 0.00215486 6.00057e-05 1.93793e-05 0.0611234 0.137649 4.20526e-09 0.0478634 0.0711989 0.00628513 0.10381 0.00596796 0.000107652 0.0871672 0.14107 5.88734e-07 
0.00107505 0.00635316 0.0144994 7.09795e-05 0.00165851 0.00434538 0.0276471 0.216262 2.50836e-05 0.207351 2.66561e-06 0.177868 0.00165597 4.49942e-05 0.0164751 0.279456 9.14437e-06 0.00686966 0.0383241 6.66714e-06 
0.0124163 0.047795 0.100625 6.01636e-07 0.00925292 5.39806e-09 1.85961e-07 0.0698279 0.00258455 0.247152 4.44415e-09 0.0316273 0.34798 0.000187669 0.0147539 0.0010423 9.58627e-06 0.0991995 0.0155453 7.55949e-09 
0.01301 1.31054e-05 0.0279566 0.000248423 0.000424722 0.000674462 0.000107835 0.00258942 0.445029 0.00080741 6.32171e-12 0.0263079 0.0059749 0.00461978 0.064554 0.00480707 0.000650075 0.095001 0.307224 1.07532e-11 
0.000409151 0.914415 0.000123575 1.56152e-07 0.000185371 3.12781e-11 4.86904e-08 5.73964e-06 0.000446473 0.0347864 2.57508e-11 4.25265e-05 0.0390146 0.000360852 0.000268114 0.00308047 2.71184e-05 0.00033532 0.00649886 3.11372e-07 
0.0114882 0.000478064 7.80315e-05 0.000113834 0.000114482 1.07912e-05 0.000111418 0.000108528 0.000233045 0.00121389 2.80928e-06 0.0241843 0.00117921 3.66183e-06 0.00144054 3.61071e-05 9.30219e-06 0.000696898 0.958492 4.77858e-06 
0.0116109 4.51666e-05 0.000521043 0.0796641 0.000521066 1.47852e-07 0.000154398 3.20243e-07 0.060838 3.76165e-06 4.27142e-10 0.00939352 0.000901944 1.95402e-05 0.0161702 6.83451e-06 5.76521e-07 0.17413 0.646019 7.26568e-10 
6.70601e-05 0.0105241 0.00491102 6.93762e-09 0.00138723 1.31417e-08 0.000682855 0.657313 3.27188e-05 0.119 2.29473e-11 0.00255636 0.000151449 1.73775e-05 0.00089214 0.198735 5.42522e-09 0.00354653 0.000183409 3.90334e-11 
2.10792e-09 0.00166363 0.00572839 6.54106e-10 0.00011677 7.05397e-10 2.90552e-09 1.56052e-07 0.00971692 0.00418589 3.86904e-13 0.0374071 8.88771e-09 3.80271e-09 0.778937 0.00181892 7.81489e-10 0.140572 0.0198541 6.58123e-13 
0.548811 0.00247264 0.0350273 5.16925e-05 0.0989558 9.54575e-05 0.00438741 3.07625e-05 0.0540812 0.0201796 2.84829e-06 0.0938078 0.0115931 0.00044455 0.00854108 0.000134789 0.00198633 0.0998723 0.0195179 6.41135e-06 
0.0205764 0.00184797 0.032152 0.00238209 0.00332865 0.000376805 0.00428768 0.000592458 0.0328022 0.0298616 4.61177e-08 0.102915 0.414238 0.000788419 0.0805889 0.000316763 0.000196964 0.0117045 0.261044 6.42833e-08 
0.00076222 0.0551929 0.00143779 5.67882e-07 0.00466649 0.000427619 1.58556e-05 0.00266053 0.00986074 0.00586484 3.69829e-07 0.094815 0.621783 3.28242e-06 0.000182756 0.00299753 7.31317e-06 0.0837898 0.115531 6.29078e-07 
0.00339204 0.0001414 0.0785514 2.09951e-08 0.0603605 1.8337e-08 4.59737e-08 0.00525219 0.0190796 0.0293385 4.96717e-12 0.0339728 1.6925e-08 3.66945e-08 0.00593692 0.000144596 4.29004e-06 0.577695 0.186131 4.36764e-09 
0.067251 5.56018e-05 0.0139772 1.03942e-06 0.000102978 8.22206e-07 0.000159563 3.82343e-06 4.86282e-06 0.0330123 6.76912e-07 3.72584e-05 0.881631 2.53299e-05 6.81214e-06 0.00105152 1.82325e-06 0.000605805 0.00206921 1.15143e-06 
0.0184067 0.00217706 0.00800803 6.77039e-05 0.00299484 1.19875e-05 0.0154241 0.115648 0.0739516 0.0421069 1.97203e-06 0.0424514 0.0388483 0.107433 0.223364 0.00658694 0.000326886 0.0561927 0.232371 0.0136274 
0.00137345 0.0254284 0.0122687 0.00585078 0.0772386 7.48589e-08 0.000145433 0.0168999 0.0233731 0.0109757 9.37235e-11 0.0999765 0.00544208 0.00147918 5.30188e-07 0.133587 0.000166751 0.493189 0.0926048 1.59423e-10 
0.000344391 0.000224298 0.00400191 5.81341e-06 0.000978221 2.70423e-05 6.54498e-05 0.0196011 0.907801 0.00156463 2.17834e-09 0.00518147 0.0030858 0.00160405 0.0147189 0.00323667 3.99015e-05 0.0127456 0.0247735 3.70535e-09 
0.000344391 0.000224298 0.00400191 5.81341e-06 0.000978221 2.70423e-05 6.54498e-05 0.0196011 0.907801 0.00156463 2.17834e-09 0.00518147 0.0030858 0.00160405 0.0147189 0.00323667 3.99015e-05 0.0127456 0.0247735 3.70535e-09 
0.0768692 0.000101707 0.000483788 1.93951e-06 0.878239 3.81021e-09 0.000560258 2.52919e-06 0.00043098 0.000529177 3.1369e-09 0.0258648 4.07718e-05 5.36089e-07 7.09301e-05 4.9359e-07 6.87378e-07 0.0167473 5.40219e-05 1.43811e-06 
0.0205712 0.000710168 0.00267826 1.21261e-05 0.0388177 1.05902e-05 5.52868e-05 0.0157402 0.0261497 0.0048348 8.32542e-09 0.0153432 9.77027e-06 0.00058954 0.00162342 6.20149e-05 2.72578e-05 0.782319 0.0904031 4.31327e-05 
0.426562 0.0417857 0.0739096 0.00953769 0.0432164 0.000196145 0.00041936 0.00927222 0.000393995 0.100888 4.59721e-07 0.123956 0.0047672 4.40933e-05 0.0457876 0.000114973 9.06675e-06 0.0279792 0.0911588 7.81984e-07 
0.612529 0.0108434 0.00235797 1.05561e-06 0.000416454 8.35016e-07 0.000260583 5.08823e-05 0.0819886 0.00188399 6.87458e-07 0.0994497 0.132634 0.000133896 0.026481 8.05266e-05 6.4211e-05 0.0293443 0.0014787 1.16936e-06 
0.00446759 0.170332 0.00540796 1.86818e-05 0.000919302 0.00151601 0.112367 0.0352902 0.01222 0.530526 4.42339e-08 0.0354194 0.00190101 0.00723586 0.0046092 0.0546734 0.000106364 0.00200888 0.0209816 2.00129e-07 
0.0812424 0.00371068 0.082014 0.0017643 0.124732 5.54605e-05 0.00115208 0.00383759 0.320169 0.0189528 6.10431e-06 0.0570768 0.0147772 0.047023 0.0204437 0.000861961 0.0184828 0.028165 0.175526 6.9219e-06 
0.00935254 0.0269774 0.106071 1.08133e-05 0.0179445 5.22946e-10 0.000179393 0.207065 0.00103807 0.10999 4.30535e-10 0.282816 0.00730447 0.000201773 0.0158157 0.128875 1.0646e-06 0.0586025 0.0277543 7.32339e-10 
0.00379529 0.00309656 0.0934018 0.0240338 0.00635463 7.09999e-05 1.1459e-07 1.4905e-05 0.1486 0.0100528 3.70356e-08 0.014875 0.000458893 1.70852e-05 0.0105425 0.0049483 0.0308233 0.629295 0.0196191 4.41967e-08 
0.00274351 0.001234 0.0163672 1.2209e-11 0.000338747 3.7397e-08 0.000108649 1.59229e-08 0.300178 0.000373712 7.95104e-12 0.062553 0.00094627 3.51657e-08 0.246222 0.000368298 5.89628e-09 0.349053 0.0195142 1.35247e-11 
0.00274351 0.001234 0.0163672 1.2209e-11 0.000338747 3.7397e-08 0.000108649 1.59229e-08 0.300178 0.000373712 7.95104e-12 0.062553 0.00094627 3.51657e-08 0.246222 0.000368298 5.89628e-09 0.349053 0.0195142 1.35247e-11 
0.016968 0.00160267 0.000596815 2.52608e-05 0.00553047 2.69304e-05 0.759225 0.00280758 0.0603522 0.0106291 2.18779e-09 0.0188674 0.00341618 0.00019346 0.0066925 6.78569e-05 0.000196081 0.00238731 0.110415 2.03038e-08 
0.0303694 0.0178173 0.0385981 0.000464759 0.0201594 3.08912e-08 0.000143703 0.000230031 0.211334 0.040588 8.20844e-11 0.0418779 0.00418068 6.59819e-05 0.0284159 0.00408983 0.000199975 0.551768 0.00969352 3.56532e-06 
0.000618699 0.000165472 0.00362416 3.20836e-06 0.0818644 1.03887e-05 7.65594e-05 0.0133861 0.567508 0.00109295 5.919e-10 0.0021542 0.00117143 0.0011007 0.0327631 0.00499175 0.000308574 0.261458 0.0277018 1.00682e-09 
0.5738 0.0429902 0.0118558 0.000541477 0.0300255 0.00022017 0.000248544 5.10722e-06 0.0520034 0.0177622 2.13609e-06 0.0362805 0.000484442 1.928e-05 0.00476866 0.0030383 0.00169979 0.211491 0.0127598 3.73095e-06 
0.0226853 0.000881066 0.0128568 2.85775e-06 0.00661969 0.000722677 0.00470482 2.4447e-05 0.195213 0.00845029 5.13471e-08 0.130038 0.000181539 2.06519e-05 0.0415396 0.000203462 0.091153 0.465516 0.0191853 7.44405e-08 
5.17852e-08 0.017737 1.17016e-07 0.000143356 1.41283e-07 1.16808e-08 1.54641e-08 6.62586e-08 0.000669078 0.815788 1.37184e-11 2.18084e-07 0.000699336 5.10185e-06 8.7766e-08 0.16191 2.67505e-05 0.00302049 6.53917e-08 2.3335e-11 
0.00361252 0.138545 0.00042938 3.03608e-09 1.08355e-06 6.28333e-08 0.000176071 3.17179e-05 4.30534e-05 0.266731 1.97722e-09 0.0423899 0.000292819 0.542519 5.42873e-05 0.000143424 2.05507e-06 0.00484137 0.000186653 3.36325e-09 
5.17852e-08 0.017737 1.17016e-07 0.000143356 1.41283e-07 1.16808e-08 1.54641e-08 6.62586e-08 0.000669078 0.815788 1.37184e-11 2.18084e-07 0.000699336 5.10185e-06 8.7766e-08 0.16191 2.67505e-05 0.00302049 6.53917e-08 2.3335e-11 
0.000377356 2.27833e-05 0.00212754 8.45119e-13 0.000747046 1.1867e-05 0.000226417 4.6646e-05 0.911153 0.00121582 5.50377e-13 0.00480878 0.000192674 8.6187e-05 0.0190169 0.000230477 2.26925e-05 0.0439826 0.0157311 9.3619e-13 
0.0245663 0.00518647 0.0350948 0.000322455 0.038038 0.00245375 0.000540821 0.0198929 0.0955763 0.0399809 0.00015126 0.199208 0.0146521 0.0036623 0.230079 0.0050698 0.000246237 0.141305 0.143532 0.00044207 
0.0322556 0.00474191 0.0843011 2.92903e-07 0.0484349 8.26912e-05 3.57413e-06 0.000696584 0.00738142 0.0996397 1.64774e-09 0.221583 0.0240995 0.000257257 0.0928561 0.000451645 0.0299332 0.194919 0.158363 2.8028e-09 
0.00403922 0.00108879 0.00818248 6.08017e-06 0.00181305 1.45347e-05 0.000457542 0.0091115 0.839605 0.00872361 2.7332e-08 0.0126862 0.00164955 0.000652562 0.0501347 0.00214981 0.000105203 0.040206 0.0193741 4.79653e-08 
0.0147817 0.580336 0.0425997 6.54505e-05 0.0168084 2.31258e-08 0.00363278 7.9706e-05 7.50085e-06 0.237574 1.90392e-08 0.0549547 0.0245049 5.37038e-06 9.33695e-06 0.000224823 8.8262e-07 0.00812448 0.0162886 1.82919e-06 
1.23783e-08 2.45448e-08 0.00465241 2.72863e-12 0.00101588 1.64062e-08 0.000325623 6.98598e-09 0.32025 0.000117373 1.777e-12 0.0229562 3.2635e-08 1.54278e-08 0.472504 0.00110452 2.58653e-09 0.135288 0.0417861 3.02267e-12 
5.17852e-08 0.017737 1.17016e-07 0.000143356 1.41283e-07 1.16808e-08 1.54641e-08 6.62586e-08 0.000669078 0.815788 1.37184e-11 2.18084e-07 0.000699336 5.10185e-06 8.7766e-08 0.16191 2.67505e-05 0.00302049 6.53917e-08 2.3335e-11 
5.17852e-08 0.017737 1.17016e-07 0.000143356 1.41283e-07 1.16808e-08 1.54641e-08 6.62586e-08 0.000669078 0.815788 1.37184e-11 2.18084e-07 0.000699336 5.10185e-06 8.7766e-08 0.16191 2.67505e-05 0.00302049 6.53917e-08 2.3335e-11 
0.0114269 0.807079 0.00724824 2.63139e-05 0.000363703 1.48625e-08 0.000210117 3.24464e-05 0.00532604 0.0491159 2.95125e-11 0.00278887 0.0862396 0.00113786 9.6794e-08 0.00240921 6.47984e-05 0.00188472 0.0246467 5.02006e-11 
0.0953388 0.000844787 0.000111375 1.58769e-05 9.65634e-06 9.09169e-07 0.000200121 1.03948e-05 0.000899084 0.0045499 2.90539e-12 0.370772 0.000602164 6.38511e-06 0.0131782 1.85092e-05 1.01945e-05 0.0103028 0.503129 4.94206e-12 
0.591872 5.50348e-05 0.00016336 0.000174675 0.000802148 7.50539e-06 0.0580251 1.97644e-05 0.00108275 2.80272e-05 9.30249e-07 0.0135065 0.0988344 0.000318737 0.0158897 2.8341e-06 5.01667e-05 0.0100654 0.209057 4.4438e-05 
0.0783959 0.000274456 2.85358e-05 3.17202e-05 1.93002e-05 1.64044e-09 0.000400141 5.66579e-06 0.000147772 0.000342401 1.03188e-12 0.135422 0.000482611 1.47448e-09 0.00944088 1.51416e-09 2.03769e-05 0.000625384 0.774363 1.75522e-12 
6.08884e-07 2.41322e-06 0.00899393 1.44723e-06 0.0222182 3.82174e-06 0.00528652 0.00340475 8.52018e-05 0.540629 1.03052e-09 4.06101e-06 0.0500527 0.000162415 0.00683585 0.0182584 0.000400343 0.208797 0.134863 4.74904e-07 
0.000771435 4.34632e-05 0.00617533 1.8133e-08 0.000888289 7.12143e-06 0.000359106 0.00445429 0.889989 0.00269097 9.00974e-13 0.0073974 0.000756425 0.00195376 0.0152188 0.0113427 0.000193828 0.0346968 0.0230615 1.53255e-12 
0.000902636 0.00223951 0.0126836 3.75798e-06 0.172505 1.02216e-05 5.00247e-06 0.0215314 0.16819 0.00692793 5.39563e-08 0.0287026 0.000131943 9.63779e-05 0.0610433 0.00125176 4.04992e-05 0.411018 0.112716 5.61356e-07 
0.0149233 0.0778192 0.0437257 0.00881715 0.0258253 4.2362e-08 0.00318131 8.78387e-05 0.0154551 0.0826549 3.11365e-12 0.172263 0.00116828 6.50575e-05 0.00794326 0.0125565 1.11587e-05 0.533072 0.000171954 0.000258761 
0.00360428 0.00159877 0.110286 0.00126497 0.000579057 1.26914e-08 4.9309e-05 6.89362e-05 0.346315 0.000875806 3.28041e-09 0.0399632 3.9654e-05 7.73033e-05 0.0034538 0.079079 0.0637348 0.346556 0.00245334 2.09437e-08 
0.00072804 0.0372947 0.106866 5.63705e-05 0.000567076 9.34072e-06 3.27062e-05 0.00903322 0.0120391 0.568676 1.20239e-07 0.0646513 0.0270647 0.00102533 0.0718009 0.064837 4.65984e-06 0.0328255 0.00248763 3.52571e-07 
0.0299774 0.0308388 0.0779245 1.96443e-09 0.00180577 2.90048e-11 8.9927e-05 0.00532684 0.00696945 0.0574613 2.38793e-11 0.427644 0.0304426 1.03707e-05 0.126038 0.000489826 1.34417e-08 0.0275293 0.177453 4.06186e-11 
0.322628 0.00907273 0.0264044 0.00119776 0.00344532 0.000123256 0.0102392 0.00906756 0.0747068 0.0229541 0.000114393 0.29277 0.0444542 0.00043607 0.0248063 0.00825988 0.0016287 0.0947548 0.0523344 0.000602124 
0.0163853 0.0364202 0.0664601 0.00139502 0.0105667 0.00090737 0.0526469 0.00877514 0.0330848 0.508514 0.000331269 0.0269298 0.0796764 0.00041638 0.00812503 0.0102136 0.0138203 0.0870669 0.0347076 0.00355664 
0.00360428 0.00159877 0.110286 0.00126497 0.000579057 1.26914e-08 4.9309e-05 6.89362e-05 0.346315 0.000875806 3.28041e-09 0.0399632 3.9654e-05 7.73033e-05 0.0034538 0.079079 0.0637348 0.346556 0.00245334 2.09437e-08 
0.00360428 0.00159877 0.110286 0.00126497 0.000579057 1.26914e-08 4.9309e-05 6.89362e-05 0.346315 0.000875806 3.28041e-09 0.0399632 3.9654e-05 7.73033e-05 0.0034538 0.079079 0.0637348 0.346556 0.00245334 2.09437e-08 
0.00414202 0.00792779 0.0738108 4.98967e-11 0.00168929 2.14966e-07 2.83974e-07 2.62436e-08 0.0340116 0.000869285 3.24948e-11 0.0659415 0.153669 1.63639e-07 0.187499 4.33737e-08 0.000128347 4.94336e-07 0.47031 5.52736e-11 
0.00840654 0.0912081 0.0134458 3.51526e-08 0.0189739 1.18122e-05 0.00078285 0.000214998 0.00147958 0.0615491 2.28928e-08 0.270113 0.0939846 4.21154e-05 3.19823e-05 0.347148 7.07129e-05 1.20274e-05 0.0925246 3.89406e-08 
0.00360428 0.00159877 0.110286 0.00126497 0.000579057 1.26914e-08 4.9309e-05 6.89362e-05 0.346315 0.000875806 3.28041e-09 0.0399632 3.9654e-05 7.73033e-05 0.0034538 0.079079 0.0637348 0.346556 0.00245334 2.09437e-08 
0.204022 0.0362485 0.112114 0.0216872 0.0467805 5.96695e-07 2.53839e-06 2.01632e-07 0.0211879 0.00801621 5.20978e-09 0.115961 0.00754706 0.0891772 0.00912633 8.97647e-06 0.000155527 0.326774 0.00118908 9.83252e-07 
0.676708 0.0369842 0.0617771 0.00134499 0.0073817 0.00155827 0.00543096 5.07434e-05 0.0271103 0.013485 4.36858e-07 0.0545859 0.106032 1.21756e-05 0.000218517 0.000117534 3.94589e-05 0.0049774 0.00186294 0.000322872 
0.0395235 0.737159 0.00243823 1.15311e-06 0.00548986 4.09922e-07 0.000282686 0.000907718 0.00374089 0.0660101 1.63751e-10 0.0866253 0.0297049 3.96477e-06 0.0142963 7.04785e-05 8.37692e-07 0.0115719 0.00207727 9.58859e-05 
0.0222443 0.0169533 0.0135836 1.49857e-05 0.0309844 3.78711e-05 0.000259894 0.00185055 0.0344881 0.0355498 3.21805e-06 0.0958745 0.00463843 0.000175414 0.0594149 0.00194333 0.000220006 0.23432 0.447059 0.000384652 
5.17852e-08 0.017737 1.17016e-07 0.000143356 1.41283e-07 1.16808e-08 1.54641e-08 6.62586e-08 0.000669078 0.815788 1.37184e-11 2.18084e-07 0.000699336 5.10185e-06 8.7766e-08 0.16191 2.67505e-05 0.00302049 6.53917e-08 2.3335e-11 
0.0017809 0.000938025 0.000177613 0.000323129 0.000655793 2.17041e-12 4.41766e-05 1.51595e-05 0.00348856 0.0100249 1.78687e-12 0.000284824 0.95256 6.57278e-06 7.64834e-08 0.0131156 8.48318e-06 0.000255175 0.0163214 3.03946e-12 
0.0911316 0.508753 0.0186634 2.54357e-06 0.000855565 9.82561e-07 1.89569e-06 0.0397677 2.8513e-06 0.270145 1.73628e-09 0.0602634 1.86745e-05 1.12524e-06 6.46804e-06 0.00384416 8.39572e-07 0.00225707 0.00423453 4.92949e-05 
0.00481819 0.00326277 0.0506866 3.91388e-08 0.0247783 0.0133481 0.00042402 0.204022 0.106636 0.037761 8.69014e-11 0.0937246 0.0451266 0.000246074 0.0311733 0.00209132 5.61983e-05 0.217691 0.164155 8.24942e-09 
8.69572e-07 0.00873056 0.0121527 1.21594e-05 0.00048475 0.000181206 2.67503e-08 2.1702e-08 0.00972005 0.000911666 3.49151e-11 0.0394097 0.00889206 3.11228e-05 0.0253421 4.5438e-06 2.11091e-08 0.414406 0.47972 5.93905e-11 
0.0453169 0.456951 0.0411213 0.00215809 0.00168122 0.000104123 0.003065 0.00191541 0.0168832 0.174819 8.65418e-05 0.0207433 0.070704 0.0487477 0.0183847 0.0152511 0.00732649 0.0635998 0.0107932 0.000347349 
0.00137691 0.000818478 0.00745823 1.73306e-06 0.416532 9.69248e-06 0.000247537 0.00076658 0.0217854 0.00220258 9.64311e-10 0.0871738 0.0011266 3.23353e-05 0.0130228 0.000142128 3.03425e-06 0.279778 0.167315 0.000206403 
0.0528456 0.00436566 0.0180824 0.00274848 0.0616913 0.000457047 0.00289241 0.0106378 0.058448 0.0317127 0.000415004 0.308736 0.00825974 0.00238471 0.0791265 0.00210794 0.0030013 0.102913 0.248636 0.000538727 
0.131965 0.0015781 0.0140365 2.60336e-10 0.021517 0.000283227 0.00120818 0.00277761 0.351415 0.000855682 1.69542e-10 0.117422 6.80633e-05 4.81429e-08 0.0035405 9.92427e-05 9.67002e-06 0.322466 0.0307574 2.8839e-10 
0.0485256 0.00013724 3.87744e-05 1.5868e-05 0.00179936 1.56478e-09 0.000333142 2.83411e-06 0.000382824 0.000171207 1.64183e-12 0.261977 0.000241318 4.0284e-07 0.00472048 1.84412e-09 1.01913e-05 0.00129627 0.680348 2.79275e-12 
0.062838 0.473137 0.285258 4.19673e-07 0.00142522 9.78578e-09 0.00304514 0.00175811 0.000368717 0.0585176 8.05651e-09 0.0096803 0.0634818 0.00159132 0.0124841 0.00507439 0.000130772 0.0119656 0.00922458 1.87154e-05 
5.17852e-08 0.017737 1.17016e-07 0.000143356 1.41283e-07 1.16808e-08 1.54641e-08 6.62586e-08 0.000669078 0.815788 1.37184e-11 2.18084e-07 0.000699336 5.10185e-06 8.7766e-08 0.16191 2.67505e-05 0.00302049 6.53917e-08 2.3335e-11 
0.299976 0.211119 0.0112349 0.00100471 9.85997e-05 6.897e-06 0.000162457 2.84406e-05 0.0426087 0.00611608 3.88476e-07 0.053501 1.30726e-05 7.84173e-05 0.027671 0.0305448 2.47983e-05 0.312584 0.00322565 6.60797e-07 
0.00147839 2.28398e-05 0.00410658 1.03e-05 0.0057732 0.178252 0.000603273 0.0339731 0.276018 0.10788 1.44643e-06 0.000739096 0.107317 0.00278677 0.000273428 8.45681e-05 0.000200597 0.219345 0.0611318 2.83547e-06 
0.000719642 0.000237698 0.00485003 1.72026e-08 0.000653706 3.85976e-06 0.000119526 0.0637892 0.838981 0.00408557 8.88317e-13 0.00449228 0.000981328 0.00209736 0.00731062 0.00889983 0.000128724 0.0305034 0.0321463 1.51103e-12 
0.00628485 0.0129246 0.0903975 0.00597366 0.00073623 3.95423e-07 3.2639e-05 0.00699509 0.00125344 0.288009 1.60253e-09 0.034464 0.00504865 0.0411558 0.0288425 0.00389007 0.000103538 0.471765 0.00212263 2.20789e-07 
0.0395412 0.00130414 0.0332359 5.72455e-05 0.0309233 8.087e-06 1.94654e-05 0.000316546 0.175515 0.0613078 1.00713e-06 0.0879843 0.00123687 0.000112392 0.120825 0.000852921 6.79816e-06 0.412949 0.0329888 0.000814052 
2.44564e-06 1.5307e-06 0.0233902 7.57659e-07 2.89753e-06 1.2496e-07 1.05155e-06 2.71291e-07 0.289591 3.18719e-06 1.02775e-10 8.8014e-06 0.0121335 2.02092e-07 1.23865e-05 5.79072e-06 4.88405e-07 0.674823 2.19104e-05 1.74819e-10 
0.00121221 0.00636122 0.00446843 7.68259e-06 0.0143117 4.08644e-05 0.054297 0.00340175 0.685154 0.011051 3.03283e-12 0.0234654 0.000979784 0.000324906 0.060531 0.000913799 2.19359e-05 0.0806741 0.0527835 6.96089e-09 
0.00360428 0.00159877 0.110286 0.00126497 0.000579057 1.26914e-08 4.9309e-05 6.89362e-05 0.346315 0.000875806 3.28041e-09 0.0399632 3.9654e-05 7.73033e-05 0.0034538 0.079079 0.0637348 0.346556 0.00245334 2.09437e-08 
0.00913646 0.00136662 0.0209575 1.57686e-05 0.166163 0.00010232 0.00366551 0.00486468 0.093585 0.00442362 5.84996e-08 0.092179 0.173857 0.000710499 0.0865977 4.94492e-05 7.41283e-06 0.195139 0.147179 2.14937e-07 
2.78557e-08 9.68038e-09 0.00347803 1.38159e-08 0.319124 2.20876e-08 0.000522898 5.85419e-06 0.0820189 0.000642747 4.59539e-09 0.0190493 0.000228383 2.53947e-08 0.0154982 1.63677e-08 6.25328e-09 0.316979 0.242452 9.12227e-07 
0.00703957 0.00394472 0.00657162 7.51226e-06 0.00518752 2.30378e-05 0.00177122 0.00464069 0.665522 0.0332838 2.76369e-09 0.0454684 0.00396123 0.000323416 0.123929 0.00028459 1.78054e-05 0.0756419 0.0223827 4.52429e-09 
5.17852e-08 0.017737 1.17016e-07 0.000143356 1.41283e-07 1.16808e-08 1.54641e-08 6.62586e-08 0.000669078 0.815788 1.37184e-11 2.18084e-07 0.000699336 5.10185e-06 8.7766e-08 0.16191 2.67505e-05 0.00302049 6.53917e-08 2.3335e-11 
0.499525 0.0024942 0.00356867 3.25125e-07 0.00797307 8.06444e-06 0.0227255 0.00308744 0.00170828 0.0187391 8.43727e-08 0.359645 0.00750647 1.44742e-06 0.00897375 0.000386565 7.64299e-07 0.0318874 0.0317678 1.43065e-06 
1.23783e-08 2.45448e-08 0.00465241 2.72863e-12 0.00101588 1.64062e-08 0.000325623 6.98598e-09 0.32025 0.000117373 1.777e-12 0.0229562 3.2635e-08 1.54278e-08 0.472504 0.00110452 2.58653e-09 0.135288 0.0417861 3.02267e-12 
0.00371095 4.49715e-05 0.00163715 3.61391e-05 0.867125 1.66499e-11 0.00536348 6.0641e-05 0.00568419 0.00107461 1.37076e-11 0.0509745 7.72141e-09 0.000125444 0.00360414 3.1093e-05 1.49773e-05 0.0507819 0.00973026 2.33167e-11 
0.036531 0.000843914 0.00922693 0.000145938 0.000963541 0.000150097 0.000640879 6.37257e-05 0.00677343 0.0211039 9.44343e-06 7.65699e-05 0.922441 0.00011055 0.00041913 0.000142199 5.75007e-05 2.53518e-05 0.000171416 0.000103424 
0.0911316 0.508753 0.0186634 2.54357e-06 0.000855565 9.82561e-07 1.89569e-06 0.0397677 2.8513e-06 0.270145 1.73628e-09 0.0602634 1.86745e-05 1.12524e-06 6.46804e-06 0.00384416 8.39572e-07 0.00225707 0.00423453 4.92949e-05 
0.0017257 0.0131617 0.029636 7.69444e-06 0.18816 0.000182386 1.99904e-07 0.000599965 0.0135525 0.290472 1.92381e-08 0.0030629 4.33292e-05 9.33255e-05 5.80441e-07 0.147054 2.56672e-08 0.247705 0.0633037 0.00123873 
5.09385e-05 0.0149298 0.000223007 0.00013665 0.000259233 4.22659e-07 9.5131e-07 0.000258279 0.000585073 0.719906 1.19129e-11 0.00161892 0.00061066 0.117386 0.000176602 0.140943 2.2883e-05 0.00275834 0.000134231 2.02638e-11 
0.00365121 0.496015 0.0665351 2.57593e-05 0.00239029 4.1568e-07 0.000165584 0.00323648 0.00520895 0.237821 6.78465e-09 0.0820785 0.000943849 4.00554e-06 0.000479753 0.0169249 0.0255258 0.0577089 0.00128453 6.84011e-07 
0.00072804 0.0372947 0.106866 5.63705e-05 0.000567076 9.34072e-06 3.27062e-05 0.00903322 0.0120391 0.568676 1.20239e-07 0.0646513 0.0270647 0.00102533 0.0718009 0.064837 4.65984e-06 0.0328255 0.00248763 3.52571e-07 
0.00277122 0.00431235 0.392778 0.29389 0.00175605 0.00295632 0.000856895 0.000158688 0.0110123 0.113413 1.20602e-10 0.0287544 0.000154236 4.3246e-06 0.00346364 0.000724914 0.0212799 0.121715 1.56617e-07 1.27609e-07 
0.00703957 0.00394472 0.00657162 7.51226e-06 0.00518752 2.30378e-05 0.00177122 0.00464069 0.665522 0.0332838 2.76369e-09 0.0454684 0.00396123 0.000323416 0.123929 0.00028459 1.78054e-05 0.0756419 0.0223827 4.52429e-09 
5.17852e-08 0.017737 1.17016e-07 0.000143356 1.41283e-07 1.16808e-08 1.54641e-08 6.62586e-08 0.000669078 0.815788 1.37184e-11 2.18084e-07 0.000699336 5.10185e-06 8.7766e-08 0.16191 2.67505e-05 0.00302049 6.53917e-08 2.3335e-11 
0.16802 0.00779241 0.014863 0.0010248 0.0110274 0.000684977 0.186309 0.00834779 0.0400446 0.0564773 0.000246452 0.0648595 0.00690959 0.00534169 0.0296654 0.235818 0.00473991 0.0387031 0.118649 0.000476084 
0.00274351 0.001234 0.0163672 1.2209e-11 0.000338747 3.7397e-08 0.000108649 1.59229e-08 0.300178 0.000373712 7.95104e-12 0.062553 0.00094627 3.51657e-08 0.246222 0.000368298 5.89628e-09 0.349053 0.0195142 1.35247e-11 
0.0207796 0.000551472 0.00689354 6.04497e-05 0.0311286 0.0649694 0.00012101 0.0012953 0.0380731 0.00396702 5.43078e-05 0.0203175 0.00701867 0.0575571 0.00397886 0.000104041 0.000265449 0.617994 0.122506 0.00236463 
0.00805716 0.00315762 0.000154523 0.000447611 0.0036609 1.86326e-12 6.68414e-05 9.08165e-05 0.0054722 0.0081284 1.53399e-12 0.00170867 0.914454 5.15211e-09 1.21968e-07 0.00138034 6.10882e-06 0.00134443 0.0518705 2.60932e-12 
0.129969 0.00316262 0.00402345 5.62098e-05 0.00293255 6.99672e-05 3.58759e-05 0.01221 0.0143962 0.00917048 1.4598e-07 0.720103 0.00552664 5.77183e-06 0.00634415 0.000120119 1.3657e-05 0.00926465 0.0825952 1.80509e-07 
0.00861437 0.0624826 0.0392295 0.0166942 0.00179339 3.74552e-05 3.42504e-05 0.00855201 0.0326078 0.180091 2.43755e-05 0.0989946 0.0125568 0.000397095 0.155427 0.200741 3.48123e-05 0.0925624 0.0733864 0.0157391 
0.0112882 0.494384 0.0432596 3.02086e-05 0.000116117 2.25413e-05 0.00260647 0.0443427 0.0262786 0.115116 2.16513e-05 0.00368541 0.0263023 0.0127519 0.0460413 0.151372 0.000649367 0.015015 0.00519461 0.0015229 
5.17852e-08 0.017737 1.17016e-07 0.000143356 1.41283e-07 1.16808e-08 1.54641e-08 6.62586e-08 0.000669078 0.815788 1.37184e-11 2.18084e-07 0.000699336 5.10185e-06 8.7766e-08 0.16191 2.67505e-05 0.00302049 6.53917e-08 2.3335e-11 
0.00538716 0.00337176 0.0171686 3.47625e-07 0.64464 0.000275256 0.0023163 0.00059759 0.11389 0.00702062 2.26388e-07 0.0193874 0.0121432 0.00044516 0.0272846 0.0127556 0.00107584 0.0839767 0.0482634 3.85085e-07 
0.000255883 5.53321e-05 0.00597773 6.08471e-06 0.0467944 3.35333e-05 0.000625876 0.0106234 0.5961 0.0020502 5.44248e-10 0.0114074 0.00151463 0.000743022 0.0216573 0.00446361 5.87911e-05 0.162718 0.134915 1.07529e-07 
0.0602744 0.125927 0.0684314 0.00353564 0.000384442 5.14138e-06 0.000147277 1.16821e-05 0.0176985 0.594831 3.77097e-08 0.0833125 0.0112065 0.000168845 0.0116036 0.00806744 0.00013006 0.0139623 0.000302291 6.41442e-08 
