0.000300698 0.00236969 0.00231846 3.96426e-06 0.0027963 8.94899e-08 0.000321873 0.829522 0.00342785 0.0287772 9.36649e-09 0.0108713 0.000313438 0.00161399 0.0253269 0.0774168 3.79678e-05 0.0101978 0.00438341 1.79349e-12 
0.000723115 0.0354224 0.036207 4.93438e-05 0.00651961 4.18035e-09 3.395e-08 2.21883e-05 0.0158078 0.0117987 3.48227e-11 0.554055 4.21673e-05 2.12431e-05 0.145359 0.00181656 5.31094e-09 0.189142 0.00301298 5.92334e-11 
0.0253846 0.0463963 0.0112321 9.7459e-06 0.0724658 5.94845e-06 0.0168007 0.036795 0.0489065 0.078916 3.2799e-05 0.0324662 0.0456251 8.12555e-05 0.0794705 0.00592468 0.00767505 0.486455 0.00521833 0.000138119 
0.297389 0.000977619 0.0104526 0.00365055 0.00505417 1.0268e-06 0.00109404 0.0140284 0.159484 0.126407 0.000137188 0.0697539 0.0121818 0.00989922 0.0383701 0.0025529 0.0649312 0.0439724 0.139663 1.41501e-10 
0.0103709 0.191879 0.0118091 0.000157484 0.00292774 0.000667209 0.000455721 0.2485 0.00665784 0.158608 6.5709e-11 0.00837715 0.0838219 0.0245295 0.000300032 0.193048 5.37495e-05 0.011313 0.0465244 1.11771e-10 
0.0343881 0.765056 0.0369494 1.94292e-07 6.96381e-05 1.5369e-07 3.1914e-05 7.69241e-05 0.00218613 0.113548 1.26531e-07 0.0335946 0.0130082 0.000358344 0.000160974 0.000493056 3.75789e-08 5.88042e-05 1.92403e-05 2.15229e-07 
0.0604034 0.00768514 0.0114559 0.000176605 0.0155174 5.97939e-06 0.000649667 0.000548053 0.064099 0.0428344 1.91524e-05 0.444283 0.222816 0.000130431 0.00675447 0.0275466 0.000267651 0.0108307 0.0839733 3.42241e-06 
0.0219652 0.0345278 0.134841 0.000204329 0.0241345 0.000998396 0.00124555 0.000296437 0.0147933 0.0474104 0.000192288 0.0427698 0.476996 0.000582495 0.0230913 0.00195139 0.00183176 0.0293812 0.142787 7.8561e-08 
0.0249863 0.00561159 0.0123653 9.76787e-05 0.00390532 0.000742248 0.00626411 0.0706514 0.00176257 0.0502914 6.95959e-05 0.367383 0.0112079 9.52504e-05 0.0749632 0.00568146 0.0287727 0.0203193 0.31483 3.64769e-08 
0.00703957 0.00394472 0.00657162 7.51226e-06 0.00518752 2.30378e-05 0.00177122 0.00464069 0.665522 0.0332838 2.76369e-09 0.0454684 0.00396123 0.000323416 0.123929 0.00028459 1.78054e-05 0.0756419 0.0223827 4.52429e-09 
0.00798902 0.137546 0.113113 0.0693134 0.00330268 1.59218e-05 0.00168377 0.0260394 0.0475352 0.360437 0.00014127 0.0150744 0.000480349 0.000914671 0.0477601 0.00387773 0.000453595 0.12135 0.0429719 2.41437e-07 
0.601407 0.0122735 0.00791284 0.00746987 0.0354862 9.67967e-06 1.32666e-05 0.000291097 0.00670592 0.0327656 1.13459e-05 0.111732 0.00103512 0.000320955 0.00269124 0.00105652 0.118811 0.0155967 0.0443331 7.81303e-05 
0.00156147 0.00163254 0.0182179 2.57903e-05 0.000614573 6.72215e-06 0.000303283 0.00306672 0.302249 0.0123978 1.03363e-05 0.0224739 0.000451729 0.000516135 0.390937 0.00657056 1.94157e-05 0.21436 0.0245851 3.607e-10 
0.0232464 0.000271786 0.00561469 0.000956217 0.00167389 0.477943 0.000107865 0.00338241 0.258421 0.00853453 0.000254783 0.00758465 0.0139567 0.00873021 0.00320571 0.000654671 0.12804 0.02499 0.0324282 2.6262e-06 
0.00295485 7.2102e-05 0.0977937 2.47294e-08 0.000587101 7.10438e-12 3.41681e-08 0.000115993 0.577021 1.97726e-08 5.32552e-09 0.0530088 1.33846e-08 0.000177475 0.00960818 0.0795655 0.000620947 0.176445 0.00202956 9.94904e-12 
0.00029917 0.000789634 0.00247684 4.55113e-05 0.571906 4.0215e-07 0.00803955 0.0665559 0.026233 0.0090609 4.48313e-08 0.0265521 4.2508e-05 5.33196e-05 0.00624175 0.00206782 1.60737e-05 0.25242 0.0271993 1.13806e-09 
0.0341564 0.00195437 0.00594786 0.000508488 0.0082763 7.60324e-06 0.00135142 0.00863278 0.695202 0.022308 8.56673e-05 0.058386 0.00145503 0.00174399 0.0404643 0.000370984 0.000164021 0.062384 0.0566012 2.99044e-08 
0.0175293 0.153694 0.057778 2.14065e-06 0.00264977 8.58054e-07 1.93889e-05 0.000918091 0.0434745 0.0477588 2.43506e-08 0.219891 0.000979081 0.00054266 0.103344 0.00507438 2.4068e-05 0.270082 0.0762381 2.50013e-10 
0.000208902 0.000228956 0.0351649 1.48332e-06 0.639527 0.00216679 0.00298477 6.37092e-06 0.00345262 0.0333819 8.01114e-07 0.00241848 0.0616014 2.19061e-06 5.62704e-05 0.00263461 4.42708e-07 0.147702 0.0684589 1.40486e-06 
0.00029917 0.000789634 0.00247684 4.55113e-05 0.571906 4.0215e-07 0.00803955 0.0665559 0.026233 0.0090609 4.48313e-08 0.0265521 4.2508e-05 5.33196e-05 0.00624175 0.00206782 1.60737e-05 0.25242 0.0271993 1.13806e-09 
0.347772 4.34438e-05 0.000149581 7.43891e-06 0.000189545 1.03391e-06 9.27085e-05 1.43886e-06 0.14038 0.000136861 9.96444e-08 0.141041 7.79645e-05 1.32317e-06 0.00235624 1.82692e-06 4.79184e-06 0.00385704 0.363869 1.76895e-05 
0.429292 0.0228706 0.0123578 5.46774e-05 0.0304005 0.000307359 0.00130525 0.000356422 0.00903314 0.0115027 3.52119e-07 0.0865625 0.023104 1.16146e-05 0.0550749 1.45523e-05 6.25052e-06 0.0338659 0.283879 4.08819e-07 
0.176147 0.0278752 0.0068657 0.000159608 0.0234746 1.27653e-06 5.08036e-07 0.00381797 0.0236649 0.0295538 1.25759e-05 0.173544 4.813e-05 0.00054157 0.104322 0.00132935 1.91156e-05 0.342724 0.0857823 0.000115847 
0.0508147 0.0604921 0.0556626 0.00149991 0.0158951 2.99615e-06 0.00234001 0.0268592 0.0141431 0.357968 0.000716619 0.16165 0.037859 0.00217956 0.0560007 0.023625 0.00189495 0.0953847 0.033798 0.00121429 
0.00184219 0.00676448 0.00523586 1.27444e-06 0.000677683 3.80563e-05 0.186597 0.0385886 0.641694 0.0081481 5.91287e-07 0.00355197 0.00221509 0.00123021 0.0045646 0.0126031 0.000481074 0.0355352 0.0502303 6.76196e-12 
0.060585 0.0017787 0.0240529 9.32204e-05 0.00264464 0.000159165 0.000115202 0.000457875 0.542164 0.0658314 2.92057e-05 0.0500653 0.0530622 0.000530779 0.0284035 0.105966 0.000931132 0.0037044 0.059425 2.24145e-07 
0.0141563 0.0203487 0.00888462 0.0215101 0.00844971 1.95717e-05 0.000485876 0.0945424 0.067816 0.379286 7.54312e-06 0.0482618 0.00276569 0.00733737 0.00954975 0.165589 0.00335932 0.124869 0.0225725 0.000188145 
0.00986036 0.0136487 0.0871832 0.00013521 0.000867302 0.000209321 0.000177587 0.0109106 0.0094364 0.0585828 7.72858e-05 0.0556488 0.643729 0.000257121 0.0606836 0.0019048 8.44575e-05 0.0123497 0.0342532 1.69114e-07 
0.00311637 0.000104366 0.003678 5.53453e-05 0.00129693 1.02959e-05 2.33389e-05 0.00971604 0.718465 0.00938938 7.17763e-12 0.0119978 0.00813406 3.2712e-05 0.139426 0.00155023 3.00398e-07 0.0557934 0.0372109 1.22091e-11 
0.36565 0.0305675 0.0214441 2.37886e-06 0.0233065 0.000157709 0.0021503 0.0300685 0.00199926 0.0385694 5.03869e-06 0.225547 0.0765558 0.000490716 0.126353 0.0173748 0.000166912 0.0161896 0.0183749 0.00502641 
0.0517028 0.0104407 0.033244 0.0793798 0.00939587 0.00376058 0.00054495 0.00718053 0.183161 0.0377043 0.00319004 0.106539 0.00551884 0.00380186 0.0777404 0.0068513 0.00322616 0.254493 0.122118 5.47597e-06 
0.0182327 0.00400624 0.0231537 0.000328695 0.0154718 3.12635e-05 0.000759175 0.0165039 0.0379448 0.0237462 0.000263678 0.103141 0.00321544 0.000721676 0.177271 0.00249562 0.00537018 0.166173 0.401168 1.22292e-06 
0.0304111 0.0161501 0.0131975 0.00333371 0.0210578 0.000976043 0.00166886 0.00765838 0.0203917 0.0469466 0.000453306 0.558721 0.0303438 0.00152604 0.104253 0.00354691 0.00428551 0.0654245 0.0693647 0.000289626 
0.00029917 0.000789634 0.00247684 4.55113e-05 0.571906 4.0215e-07 0.00803955 0.0665559 0.026233 0.0090609 4.48313e-08 0.0265521 4.2508e-05 5.33196e-05 0.00624175 0.00206782 1.60737e-05 0.25242 0.0271993 1.13806e-09 
0.00029917 0.000789634 0.00247684 4.55113e-05 0.571906 4.0215e-07 0.00803955 0.0665559 0.026233 0.0090609 4.48313e-08 0.0265521 4.2508e-05 5.33196e-05 0.00624175 0.00206782 1.60737e-05 0.25242 0.0271993 1.13806e-09 
0.053544 0.00457754 0.049952 9.26859e-05 0.0523419 2.79689e-05 0.00105784 0.00187399 0.00401815 0.0896305 9.11948e-07 0.0233987 0.592942 0.0601942 0.00255908 0.00144991 0.000305959 0.00498039 0.057027 2.57965e-05 
0.00207706 0.00537165 0.00906583 0.000207198 0.0164388 7.67345e-06 0.00141483 0.0809962 0.693087 0.0414589 0.000171127 0.0210524 0.000314895 0.0211056 0.000560646 0.000694341 0.000418385 0.0724955 0.0330617 3.72501e-08 
0.00703957 0.00394472 0.00657162 7.51226e-06 0.00518752 2.30378e-05 0.00177122 0.00464069 0.665522 0.0332838 2.76369e-09 0.0454684 0.00396123 0.000323416 0.123929 0.00028459 1.78054e-05 0.0756419 0.0223827 4.52429e-09 
0.0005995 0.0286317 0.0128465 7.5725e-06 0.00255437 6.74719e-09 5.27206e-06 2.22169e-05 0.00847745 0.0242137 9.9024e-11 0.242487 4.23017e-05 1.44677e-05 0.227334 0.00209646 5.91335e-09 0.441325 0.00934319 1.6844e-10 
0.00481475 0.00105626 0.00211906 8.94452e-06 0.602761 9.43265e-06 9.5977e-05 0.0499433 0.00548698 0.00503296 6.21121e-08 0.0440391 8.72048e-05 0.000106852 0.00412675 0.000346961 8.21242e-05 0.19461 0.0852655 6.42502e-06 
0.00184239 0.007009 0.0117556 0.000225533 0.0221543 1.2633e-05 0.00175124 0.116546 0.627329 0.0538729 0.000114583 0.0216507 0.000387824 0.0154933 0.000243962 0.000769103 0.000258463 0.0786962 0.0398866 3.64398e-08 
0.0428776 0.430915 0.0449148 8.25558e-08 0.00483136 6.53038e-08 5.04623e-08 3.37471e-06 0.00279317 0.130882 5.37638e-08 1.72182e-07 3.07527e-06 2.29939e-05 8.66382e-09 0.00553951 7.17688e-07 0.335623 0.00159371 9.14521e-08 
0.165266 0.0128333 0.0188065 1.57456e-05 0.0436256 0.000344899 0.000707408 0.0256553 0.25153 0.0252413 1.02553e-07 0.0210298 0.084875 1.26639e-06 0.0207792 3.42799e-05 0.00344378 0.277581 0.0482282 1.74443e-07 
0.00139959 0.00424318 0.103038 1.68003e-10 0.00160956 0.0102479 0.00146433 0.00930049 0.162254 0.0189309 1.76223e-05 0.0466053 0.206581 0.000236227 0.134198 0.016972 7.25768e-05 0.190089 0.0749948 0.0177466 
0.0577285 0.00586083 0.00771241 0.000679331 0.0022216 2.2937e-06 0.000412633 0.00348195 0.0252097 0.00910306 0.000163144 0.170055 0.00306575 0.000746297 0.113483 0.00480163 0.00262851 0.119563 0.47308 4.08654e-12 
0.125742 0.00286262 0.0184146 0.00125451 0.157188 1.54966e-05 0.00014999 0.00185199 0.0680713 0.00868335 0.000108056 0.192659 0.00427036 0.00328474 0.0280373 0.00432898 0.0280683 0.112667 0.242336 6.73481e-06 
0.0164243 0.0360385 0.0255014 0.0240244 0.00392769 3.04404e-05 0.00121106 0.0579243 0.025651 0.244029 0.000280679 0.0346525 0.03027 0.00905198 0.0630399 0.310655 0.00156296 0.0897441 0.0242401 0.00174122 
0.000189194 0.0122082 0.0139403 2.26464e-05 0.00243891 2.41044e-09 0.000116062 0.0106756 0.0630771 0.0732935 9.35401e-06 0.114207 0.00226038 0.000335348 0.55669 0.0199824 4.53933e-05 0.0976924 0.0328166 4.20525e-11 
0.00262508 0.000244271 0.0101679 2.10243e-05 0.0141441 0.000107527 0.000490213 0.00682577 0.560078 0.00319839 4.47078e-05 0.0219268 0.0067764 0.000158498 0.0347919 0.000556951 5.31585e-05 0.168764 0.169025 4.01374e-09 
0.0252414 0.0123786 0.0222257 0.00216473 0.00796873 0.000107274 0.00175548 0.0177881 0.0256101 0.0460572 0.000961679 0.240479 0.013775 0.00531728 0.123212 0.00754916 0.010957 0.24359 0.192861 2.44309e-08 
0.0153563 0.0205967 0.227546 0.000252306 0.00053232 1.76262e-05 0.0462814 0.000101192 0.00137697 0.225669 4.59923e-07 0.023818 0.00607173 9.10998e-06 0.0443934 0.101979 4.4762e-11 0.281424 0.00457462 2.5637e-10 
0.0101317 0.0021753 0.0182195 0.000992718 0.00488594 0.00317731 0.624457 0.00137081 0.0298418 0.0124909 0.000933953 0.0466136 0.0524984 0.00197901 0.0335547 0.000501124 0.000504783 0.0055125 0.148522 0.00163745 
0.0143278 0.000800625 0.00165635 0.0134202 0.00135001 1.69921e-12 0.000207571 3.66765e-05 0.0496679 0.0235082 9.47698e-08 0.000218204 0.710267 0.00235254 1.38499e-07 0.0261652 0.0122402 0.00139968 0.142381 1.00018e-10 
0.0303272 0.022852 0.0793179 0.263544 0.0254175 5.14753e-07 0.000166679 0.00195722 0.0123682 0.0889107 9.88105e-05 0.02956 0.2064 0.00122499 0.00538901 0.012529 0.00290912 0.0445608 0.172467 2.34667e-09 
0.0424311 0.00149106 0.00838382 0.000568295 0.0515342 2.12336e-05 0.000161783 0.00584455 0.0795704 0.0450513 1.3331e-05 0.0589278 0.00344185 0.000167807 0.0121712 0.00404799 2.75893e-05 0.236214 0.44993 1.28512e-07 
0.0161222 0.000523134 0.00696236 0.0086978 0.000788968 2.04807e-06 0.000901495 0.01323 0.756613 0.0388203 0.000152086 0.00459696 0.0048019 0.0254886 0.00126388 0.0429023 0.0298362 0.00608172 0.0422151 9.63052e-10 
0.0672148 0.010751 0.0668306 0.00276161 0.0206066 0.00150978 0.00127435 0.00207427 0.0436482 0.0230585 0.00107271 0.196945 0.00629126 0.00131361 0.166371 0.000942248 0.00339718 0.152269 0.231668 6.8e-09 
0.000209808 0.00824135 0.00502128 0.000126537 0.0180186 2.07684e-05 4.26622e-05 0.0041367 0.000351156 0.00606858 1.98424e-05 0.954546 0.000641369 2.20934e-05 0.00143219 8.09544e-05 4.80512e-05 0.000767349 0.000175869 2.90842e-05 
0.205048 0.302935 0.0879086 0.000385028 0.0110603 1.3222e-06 0.0443818 0.00110604 0.0893817 0.099915 0.00023185 0.00818305 0.0139627 0.0538839 0.00354246 0.000553209 0.00907715 0.048893 0.0194957 5.41243e-05 
3.20035e-09 0.000660338 0.00706467 1.0051e-09 0.000159751 2.35523e-05 8.18697e-12 0.00553881 0.00118584 0.0129231 8.72261e-12 0.00534825 0.00341389 1.1631e-05 0.779041 8.05691e-05 8.85147e-06 0.0498183 0.134721 1.48371e-11 
0.0459263 0.00224438 0.0999615 0.000113135 0.00183138 0.0597986 0.0122434 0.0342204 0.128436 0.0364309 0.000623106 0.0631991 0.0197483 0.014648 0.0912202 0.0281288 0.00709767 0.253504 0.100624 1.10019e-10 
0.0826332 0.00679798 0.00581504 0.0114489 0.0636762 0.00120845 0.0012793 0.0198872 0.0109501 0.0162077 0.000291206 0.120995 0.0218997 0.000713369 0.0217133 0.0122046 0.00345043 0.0645018 0.534327 2.63385e-08 
0.0684016 0.0167785 0.0316262 0.000665338 0.0441548 0.000824398 0.0011527 0.00270183 0.0458357 0.0300761 0.000164053 0.132625 0.0144143 0.000287011 0.1616 0.0034108 0.00083113 0.364218 0.0793854 0.000847807 
0.0683055 0.0051411 0.032009 0.000530833 0.004958 5.63072e-06 0.0181828 0.00400475 0.188838 0.0319121 6.1712e-05 0.117452 0.0166079 0.000929784 0.209779 0.0459876 0.00433592 0.0948865 0.155648 0.000423301 
0.0367888 0.0208913 0.1114 0.0040546 0.0474849 0.000265881 0.00124548 0.00133834 0.0773499 0.0822731 0.000864279 0.273775 0.0208972 0.000528968 0.0126678 0.00239972 0.00695884 0.230802 0.0665554 0.00145838 
0.00984092 0.00174092 0.0169465 0.000121416 0.0514962 7.51278e-06 0.000251261 0.00636115 0.0654914 0.0220943 5.79324e-07 0.193677 0.00486394 0.000182937 0.0797937 0.00011537 7.65338e-06 0.403215 0.143791 6.2311e-07 
0.000310138 8.08779e-05 0.00384814 1.02834e-09 0.00132731 2.41697e-05 0.000526195 3.8519e-05 0.777006 0.000915903 6.26219e-09 0.00854114 0.00134105 0.000173738 0.0308907 0.000181285 5.35014e-05 0.120413 0.0543288 8.74625e-13 
0.0413224 0.0621567 0.0308869 8.93812e-05 0.0128318 7.02636e-05 0.000819245 0.000697701 0.01269 0.0428828 2.92042e-05 0.0686831 0.0832939 0.000731408 0.339947 0.00476054 0.000179146 0.214527 0.0834014 2.02894e-08 
0.0343131 0.00922338 0.00641562 2.28713e-06 0.0886616 3.87446e-05 0.000141759 0.00380756 0.0235608 0.0150922 6.8775e-06 0.0758662 0.0218195 0.000498868 0.0103877 9.74705e-05 4.82712e-05 0.482538 0.227276 0.000204909 
0.707454 0.024129 0.00475044 0.00249158 1.60724e-06 6.46661e-06 5.47744e-05 1.40783e-05 0.0881255 0.00465881 4.53867e-06 0.0827831 0.011497 0.00111762 9.29428e-06 0.00216291 0.00223475 0.0656262 0.00287493 3.83546e-06 
0.0233106 0.0074532 0.0192943 0.000968006 0.0537928 5.96906e-11 0.00014234 5.83719e-05 0.0554718 0.0188444 4.91425e-11 0.452395 0.00558361 2.23493e-09 0.0126954 2.68333e-07 9.53335e-05 0.241756 0.108139 8.35913e-11 
0.227466 0.000853067 0.0591519 0.00519328 0.00643656 0.0110744 0.00102224 0.000799091 0.0166647 0.0258036 0.000378108 0.21428 0.0157677 0.000962649 0.0299894 0.000554744 0.00211715 0.185185 0.1963 4.64636e-10 
2.42846e-05 0.0371712 0.0848893 8.98975e-06 0.00292813 2.36342e-05 0.0488296 8.13116e-09 0.000815284 0.0445211 4.34363e-08 0.111508 0.300709 9.55383e-06 0.000801709 0.0103355 1.29003e-08 0.357282 0.000139355 2.99435e-06 
0.00939482 0.000208868 0.00215354 0.000281219 0.00186093 9.17801e-06 0.000149801 0.00671753 0.0308582 0.0121857 3.05108e-08 0.00198692 0.000555902 0.915806 0.000381031 0.000873305 0.00268095 0.00269551 0.0112009 3.85641e-11 
0.356314 0.00997505 0.0499882 0.000257125 0.00421553 1.1221e-05 0.0163287 0.0501175 0.109836 0.0849586 0.000101468 0.129258 0.00329935 0.0656286 0.0236156 0.00359522 0.000115314 0.029313 0.0615737 0.00149803 
0.00335254 0.000232107 0.0242468 6.13145e-05 0.00435502 3.84887e-05 0.00226068 0.0198576 0.537386 0.00473948 6.93968e-06 0.0184908 0.0490082 0.000205928 0.0321772 0.00718662 0.00104932 0.123371 0.171971 2.97283e-06 
0.0412461 0.0379142 0.034635 0.00590225 0.0271841 1.36427e-05 0.00192151 0.0119629 0.0868782 0.0517957 0.00174468 0.178071 0.00434565 0.00177198 0.131909 0.0103665 0.00319824 0.320883 0.0482355 2.19109e-05 
0.0136418 0.00618739 0.00661366 0.000111964 0.290403 4.59624e-06 0.002238 0.0231953 0.0264703 0.0219691 6.73707e-05 0.179086 0.0164939 0.00149618 0.0266598 0.00117251 0.00065261 0.246643 0.136894 1.14881e-08 
0.0164679 0.0158334 0.00575265 1.27663e-06 0.891077 1.00985e-06 0.0021077 1.55636e-07 0.00956445 0.0157835 8.31397e-07 0.00448385 0.01601 0.00776287 1.33976e-07 0.00779563 0.000271858 0.00390419 0.00318021 1.4142e-06 
0.0232921 0.0107658 0.0263002 0.00279324 0.0346464 1.56152e-05 0.011399 0.0278039 0.096216 0.265029 0.000362037 0.0275557 0.0278309 0.0112767 0.110727 0.0230494 0.00931797 0.138314 0.153131 0.000174237 
0.00355999 0.00949077 0.00981401 2.11895e-06 0.00314975 6.46597e-07 1.05685e-05 0.0339142 0.0811333 0.0696819 5.36422e-08 0.0581443 0.000661547 3.23212e-06 0.179088 0.00523639 1.83814e-05 0.537729 0.00836111 2.19911e-11 
0.00501924 0.000350245 0.00510167 0.000551148 0.00230048 1.03717e-06 0.000356468 0.00368292 0.907202 0.00863941 0.000184119 0.00831199 0.000683517 0.00384489 0.00127999 0.000402137 0.0120296 0.0281305 0.0119283 8.86278e-09 
0.00029917 0.000789634 0.00247684 4.55113e-05 0.571906 4.0215e-07 0.00803955 0.0665559 0.026233 0.0090609 4.48313e-08 0.0265521 4.2508e-05 5.33196e-05 0.00624175 0.00206782 1.60737e-05 0.25242 0.0271993 1.13806e-09 
0.00866847 0.00155316 0.00576794 0.000268616 0.00207337 6.60281e-06 0.00103143 0.00269827 0.855036 0.0153544 7.80226e-05 0.0226294 0.00204694 0.00298811 0.0251849 0.000445551 0.00321295 0.0274385 0.0235172 2.06119e-08 
4.01919e-06 1.74157e-06 0.0823426 8.07691e-09 0.0197856 1.95504e-06 6.02969e-06 0.00605702 4.40028e-05 0.00769788 5.26003e-09 0.00869851 0.875285 2.27373e-06 2.4509e-05 2.28326e-09 1.24903e-06 3.07149e-05 1.67776e-05 8.94729e-09 
0.085815 0.000315921 0.00529934 2.29883e-08 0.04593 2.00781e-08 1.77341e-05 0.00258708 0.0872954 0.00772964 4.12265e-12 0.048716 1.85331e-08 0.000395092 0.00618125 3.22602e-08 3.70543e-09 0.414027 0.29568 1.01533e-05 
0.0531686 0.0361107 0.157549 0.00330321 0.0200729 4.46321e-06 0.0176869 0.0291255 0.0309921 0.0725199 0.000206615 0.211417 0.0194129 0.00149554 0.157656 0.0017649 0.00130445 0.113436 0.0727729 1.43873e-07 
0.0827135 0.0120758 0.0535032 0.00407345 0.00467564 0.000215887 0.00300976 0.0184802 0.12118 0.0453657 0.0015026 0.0761679 0.0408644 0.00200264 0.0844433 0.00839313 0.0195239 0.325635 0.0961686 5.07574e-06 
0.00132497 0.000132525 0.010629 1.54492e-05 0.0382911 2.79796e-05 0.000275755 0.000474994 0.162845 0.000899976 1.15864e-06 0.00909812 0.00251879 0.00109473 0.00591501 5.07319e-05 1.45918e-05 0.553716 0.212653 2.2036e-05 
0.0363831 0.0161514 0.0566635 0.0010749 0.00371912 5.1102e-06 0.000427606 0.0109544 0.0527795 0.0324054 0.000256179 0.0897359 0.032045 0.001207 0.0465368 0.0046751 0.117535 0.290438 0.207 7.38822e-06 
0.0512347 0.382688 0.13289 0.000515306 0.00873329 1.58104e-06 0.00298086 0.000570539 0.0126346 0.240721 1.42597e-06 0.0299123 0.0211398 0.00147322 0.0343163 0.00951313 4.43956e-06 0.0565172 0.0116104 0.00254173 
0.0124163 0.047795 0.100625 6.01636e-07 0.00925292 5.39806e-09 1.85961e-07 0.0698279 0.00258455 0.247152 4.44415e-09 0.0316273 0.34798 0.000187669 0.0147539 0.0010423 9.58627e-06 0.0991995 0.0155453 7.55949e-09 
0.00029917 0.000789634 0.00247684 4.55113e-05 0.571906 4.0215e-07 0.00803955 0.0665559 0.026233 0.0090609 4.48313e-08 0.0265521 4.2508e-05 5.33196e-05 0.00624175 0.00206782 1.60737e-05 0.25242 0.0271993 1.13806e-09 
0.15715 0.011747 0.0294512 0.0215514 0.0416386 0.000108447 0.0253176 0.000757279 0.187052 0.0878584 4.9621e-05 0.0984791 0.0098038 0.00673207 0.0458506 0.00260269 0.00901102 0.0652171 0.199622 7.95625e-07 
0.0129777 0.00121189 0.0152696 2.17226e-05 0.00227088 6.88803e-07 9.90001e-05 0.0090238 0.121897 0.0312712 1.99282e-05 0.05407 0.00444454 0.000370211 0.593216 0.001185 5.09099e-05 0.127803 0.0247919 4.75195e-06 
0.000843096 0.00173405 0.0251133 9.87377e-06 0.000308924 1.81893e-09 4.54257e-05 0.000158421 0.298531 0.00166587 6.27053e-06 0.0358981 5.27461e-05 9.7589e-05 0.268385 0.0320473 1.57347e-05 0.330348 0.00473858 7.89767e-12 
0.0589053 0.345348 0.0113828 2.61949e-05 0.0018513 0.000360191 0.000469839 3.0709e-05 0.00347255 0.122196 3.40225e-06 0.362968 0.00538218 0.00114315 0.00508781 0.0011799 0.0386219 0.0238846 0.0176857 9.86702e-08 
0.0116109 4.51666e-05 0.000521043 0.0796641 0.000521066 1.47852e-07 0.000154398 3.20243e-07 0.060838 3.76165e-06 4.27142e-10 0.00939352 0.000901944 1.95402e-05 0.0161702 6.83451e-06 5.76521e-07 0.17413 0.646019 7.26568e-10 
0.0077875 0.0014407 0.0477672 0.000113425 0.0403014 0.000308487 4.31349e-05 0.000486049 0.0245167 0.0368951 6.18587e-08 0.059317 0.0434159 0.000707744 0.120997 0.00196121 2.63565e-06 0.168934 0.445005 3.00293e-10 
0.0312466 0.00397459 0.0521447 9.85883e-05 0.0294009 1.30414e-05 4.47398e-05 0.000231162 0.0143921 0.0513707 9.06121e-07 0.10846 0.0229166 0.000122419 0.0640876 0.000116575 2.01404e-05 0.57143 0.0498953 3.38145e-05 
0.0122661 0.0296116 0.036015 5.98946e-06 0.000585819 8.81744e-10 6.4372e-05 0.0320045 0.0137774 0.0751723 1.60957e-06 0.438891 0.00396669 0.000137332 0.132832 0.0714056 2.7197e-06 0.0984955 0.0547639 4.93599e-12 
0.00186043 0.000547913 0.0817191 0.000159351 0.00142581 9.16724e-08 0.000283294 0.00576836 0.388973 0.012139 6.15461e-05 0.0853162 0.00422373 0.00263744 0.120794 0.0247672 0.000292013 0.14878 0.120252 1.02813e-11 
0.00703957 0.00394472 0.00657162 7.51226e-06 0.00518752 2.30378e-05 0.00177122 0.00464069 0.665522 0.0332838 2.76369e-09 0.0454684 0.00396123 0.000323416 0.123929 0.00028459 1.78054e-05 0.0756419 0.0223827 4.52429e-09 
0.0131407 0.000669182 0.240931 1.9407e-06 2.70796e-06 4.66301e-10 0.039282 7.18652e-11 0.00824635 0.109957 3.839e-10 0.116259 0.422827 4.21884e-07 0.00669994 6.61548e-07 5.57059e-08 0.021005 0.0209771 6.53013e-10 
0.0035696 0.000108923 0.0207092 3.26136e-06 0.0157728 9.96605e-09 6.26971e-05 0.00190734 0.00282842 0.0172325 4.19399e-07 0.785371 6.87802e-05 2.40816e-06 0.0212379 0.000476913 4.4473e-06 0.0727002 0.0579429 2.53415e-11 
0.0666745 0.00412492 0.0678655 0.0017539 0.0255974 1.58354e-06 0.000675961 0.00692594 0.041659 0.00945677 1.71991e-05 0.12209 0.00264163 0.000461915 0.133912 0.00058678 0.00248762 0.151115 0.361951 6.48962e-07 
0.433451 0.000102764 0.0261939 0.00229223 0.00726589 0.000804986 0.000530343 0.00273289 0.0141748 0.119154 0.000154526 0.0491728 0.0123261 0.00680155 0.00653823 0.00110778 0.000534599 0.015502 0.30116 1.19013e-08 
0.00939482 0.000208868 0.00215354 0.000281219 0.00186093 9.17801e-06 0.000149801 0.00671753 0.0308582 0.0121857 3.05108e-08 0.00198692 0.000555902 0.915806 0.000381031 0.000873305 0.00268095 0.00269551 0.0112009 3.85641e-11 
0.0847329 0.238354 0.0332638 0.000185895 0.011591 8.14813e-07 0.00241265 0.00337465 0.00502798 0.0225299 1.35371e-06 0.114895 0.137598 0.00175969 0.0225245 0.00479006 0.0260445 0.290236 0.000668335 9.11049e-06 
0.00360428 0.00159877 0.110286 0.00126497 0.000579057 1.26914e-08 4.9309e-05 6.89362e-05 0.346315 0.000875806 3.28041e-09 0.0399632 3.9654e-05 7.73033e-05 0.0034538 0.079079 0.0637348 0.346556 0.00245334 2.09437e-08 
0.0210001 0.000577961 0.0150646 3.32356e-05 0.00617475 9.87066e-08 0.00097138 0.00764291 0.114863 0.00701624 3.21488e-06 0.129775 0.00047456 0.000642515 0.407029 1.96249e-05 0.044867 0.148774 0.0950709 5.20321e-12 
0.0810767 0.172917 0.0254312 0.000211931 0.0114686 2.92336e-06 0.00773602 0.000866756 0.258846 0.0529402 5.07362e-05 0.134545 0.002638 0.00338478 0.039118 0.0142469 0.000678967 0.142624 0.0512098 6.10831e-06 
0.000776512 8.62398e-05 0.010155 1.49192e-05 0.0564486 8.66962e-05 4.67553e-08 1.67546e-05 0.0231601 0.0010723 8.67516e-06 0.0600457 0.000363967 1.98944e-05 0.0408921 8.15897e-05 2.08287e-05 0.148039 0.65871 8.72763e-07 
0.0122439 0.00815392 0.0995087 0.00222422 0.000576034 1.94013e-05 0.000248251 0.00787766 0.00242826 0.207095 1.14566e-06 0.047527 0.356638 0.0190391 0.0397767 0.0132477 0.000542275 0.181125 0.00172757 1.60544e-07 
0.00703957 0.00394472 0.00657162 7.51226e-06 0.00518752 2.30378e-05 0.00177122 0.00464069 0.665522 0.0332838 2.76369e-09 0.0454684 0.00396123 0.000323416 0.123929 0.00028459 1.78054e-05 0.0756419 0.0223827 4.52429e-09 
0.00764021 0.00106723 0.0217447 0.000226492 0.0363555 9.99698e-06 0.000256778 0.000742227 0.228828 0.0160183 3.62934e-05 0.0625768 0.00561829 0.0044173 0.0346356 0.00087475 0.00507665 0.258636 0.315239 2.03092e-09 
0.129001 0.0766205 0.0358866 0.00708183 0.000402744 4.47547e-07 0.00240851 1.6665e-05 0.00271464 0.100357 5.51376e-06 0.00624591 0.158855 0.000555081 0.000195653 0.00259843 0.0145711 0.437624 0.024859 7.29126e-07 
0.00029917 0.000789634 0.00247684 4.55113e-05 0.571906 4.0215e-07 0.00803955 0.0665559 0.026233 0.0090609 4.48313e-08 0.0265521 4.2508e-05 5.33196e-05 0.00624175 0.00206782 1.60737e-05 0.25242 0.0271993 1.13806e-09 
0.00029917 0.000789634 0.00247684 4.55113e-05 0.571906 4.0215e-07 0.00803955 0.0665559 0.026233 0.0090609 4.48313e-08 0.0265521 4.2508e-05 5.33196e-05 0.00624175 0.00206782 1.60737e-05 0.25242 0.0271993 1.13806e-09 
0.0106447 0.0153615 0.00583097 0.00138371 0.00554721 1.90415e-05 0.00635672 0.00578068 0.129209 0.360661 6.89699e-05 0.0213989 0.0105599 0.237695 0.0326278 0.00357153 0.000822012 0.115214 0.0368281 0.000419442 
0.0287271 0.00266501 0.0193821 8.72696e-05 0.0128688 0.000303591 1.49506e-06 0.00130538 0.146812 0.177044 9.48902e-06 0.0421551 0.116263 2.55667e-05 0.0449504 0.000294045 2.47289e-05 0.189122 0.217958 1.32914e-06 
0.00624127 0.00487813 0.00260715 0.000135583 0.000100331 2.80028e-07 0.000119824 0.131258 0.00281513 0.499955 9.73959e-06 0.00530307 0.00205944 0.00368151 0.018435 0.287676 8.91186e-05 0.0195408 0.0150945 1.75975e-09 
0.108947 0.0674408 0.055298 0.0129724 0.0249538 0.000132829 0.00167819 0.00183407 0.23933 0.0612885 7.35292e-05 0.127036 0.0143138 0.00350275 0.0347844 0.0435063 0.0156038 0.120702 0.0665715 3.0509e-05 
0.000747482 0.000112509 0.00698658 1.7233e-07 0.0229855 0.00027622 0.00721868 0.154309 0.0331576 0.201584 8.66902e-05 0.00217918 0.095401 0.000936621 0.0275392 0.0270743 0.00160662 0.176556 0.241243 1.63051e-10 
0.0482885 0.00465821 0.0279368 0.000800542 0.0368635 4.14993e-05 0.000543646 0.00838273 0.0567467 0.0348106 0.000431948 0.220879 0.00180631 0.00235111 0.111947 0.00476356 0.0127316 0.154311 0.271067 0.000638496 
0.0021663 0.000109344 0.0246518 1.59371e-05 0.00444121 3.90412e-06 3.91028e-05 0.000197118 0.0371782 0.00151005 1.01239e-05 0.0748529 3.51095e-05 0.000103181 0.0554543 0.000139979 1.1697e-05 0.304033 0.495047 9.47922e-08 
0.043848 0.00584856 0.0328529 0.000859052 0.0108717 6.7513e-05 0.0048408 0.00899968 0.0226699 0.0163851 9.44438e-05 0.180543 0.004534 0.000200419 0.177042 0.00126682 0.00404634 0.197871 0.287147 1.25336e-05 
0.00939482 0.000208868 0.00215354 0.000281219 0.00186093 9.17801e-06 0.000149801 0.00671753 0.0308582 0.0121857 3.05108e-08 0.00198692 0.000555902 0.915806 0.000381031 0.000873305 0.00268095 0.00269551 0.0112009 3.85641e-11 
0.0894173 0.000930526 0.283788 0.00161182 0.0610814 2.63685e-05 1.12786e-06 2.8116e-07 0.0111134 0.0112388 2.60904e-07 0.126454 0.110887 1.76221e-06 0.0208748 3.06326e-09 2.09586e-09 0.272794 0.00976102 1.89773e-05 
0.000244206 6.88878e-05 0.00113018 7.11946e-12 8.52024e-05 2.43837e-07 0.98965 3.51136e-05 0.00413426 0.000313437 1.9983e-07 0.00231122 0.000545443 1.14214e-06 0.000275935 4.97181e-07 3.64716e-05 0.00075606 0.000411638 1.31545e-09 
0.0255958 0.182683 0.00588968 0.00844404 7.54939e-07 7.5414e-07 7.54379e-07 7.55023e-07 7.54991e-07 0.658449 7.54326e-07 0.0157822 7.54928e-07 7.54484e-07 7.55044e-07 7.54811e-07 0.000529205 0.0992206 0.00339861 7.53721e-07 
5.17852e-08 0.017737 1.17016e-07 0.000143356 1.41283e-07 1.16808e-08 1.54641e-08 6.62586e-08 0.000669078 0.815788 1.37184e-11 2.18084e-07 0.000699336 5.10185e-06 8.7766e-08 0.16191 2.67505e-05 0.00302049 6.53917e-08 2.3335e-11 
0.0125131 0.0173657 0.0493023 0.000994827 0.00451316 3.109e-07 3.10999e-07 0.00656799 0.0303784 0.0781358 3.10977e-07 0.426907 0.00192991 0.00149331 0.166282 0.00809092 6.25561e-05 0.167072 0.0283897 3.10728e-07 
0.0229149 0.00043877 0.019849 0.000778001 0.0420467 6.00894e-05 0.00159879 0.0095523 0.101134 0.00627734 4.15597e-05 0.158002 0.0223651 0.00141264 0.0302972 0.00412852 0.00257033 0.226777 0.349757 8.46659e-10 
0.058882 0.0192717 0.0342464 0.00221332 0.0212352 9.23267e-05 0.00961585 0.0548042 0.0547836 0.122903 0.00144631 0.0750865 0.0235165 0.00347904 0.0381202 0.0147078 0.00401913 0.150026 0.311551 2.76052e-07 
0.00029917 0.000789634 0.00247684 4.55113e-05 0.571906 4.0215e-07 0.00803955 0.0665559 0.026233 0.0090609 4.48313e-08 0.0265521 4.2508e-05 5.33196e-05 0.00624175 0.00206782 1.60737e-05 0.25242 0.0271993 1.13806e-09 
0.00707441 0.00616804 0.0648688 8.93794e-05 0.00986456 1.70022e-05 0.00469554 0.0216189 0.0473202 0.052346 3.08092e-06 0.34254 0.00287062 0.000126524 0.165799 0.00361317 3.86689e-06 0.236476 0.0345041 5.02414e-08 
0.0247136 0.0141178 0.0352201 0.0347394 0.00619643 3.53245e-06 0.00140734 0.0142198 0.125458 0.0587503 0.00117767 0.185265 0.00771941 0.00318468 0.132572 0.0125614 0.00549127 0.278447 0.0587557 1.26947e-07 
0.000716154 0.000304081 0.00609839 1.56351e-08 0.00144981 1.47821e-05 8.76865e-05 0.00975462 0.786855 0.00258329 4.25364e-08 0.00731782 0.00154185 0.00160172 0.0479323 0.00869922 0.000252415 0.0805094 0.0442815 1.20171e-08 
0.000425897 0.000220443 0.00403437 1.60223e-07 4.25939e-05 3.68903e-05 0.000196981 8.90879e-05 0.00014794 0.00146182 3.50069e-07 0.00471624 0.984762 2.50865e-05 0.00232355 0.000301611 3.35936e-05 0.00103868 0.000142235 1.65819e-10 
0.142839 0.00134573 0.021182 8.38584e-05 0.022371 9.01277e-07 5.7437e-05 0.00283875 0.0652845 0.00840019 1.93942e-05 0.533305 0.000281449 0.000161305 0.00430831 0.0003653 3.93696e-06 0.186973 0.0101563 2.29466e-05 
0.0538094 0.00287409 0.0076043 0.0143024 0.000387764 7.53862e-12 0.000174294 0.0146268 0.011065 0.0348613 5.56145e-05 0.0059032 0.00115425 0.766156 0.00355007 0.0039756 0.0129505 0.0220845 0.0444654 5.29493e-11 
0.227243 0.30735 0.00899575 4.81487e-06 0.0045738 0.000104193 0.000153766 0.000154287 0.094892 0.0373126 9.43928e-06 0.188187 0.00320816 0.00820204 0.00533498 0.000201789 0.0166235 0.0625073 0.0349413 8.17324e-10 
0.000109682 0.000109662 0.000109678 0.000109514 0.00010967 0.186352 0.000109589 0.000109682 0.000109678 0.000109694 0.000109581 0.000109692 0.723922 0.000109604 0.000109686 0.000109652 0.000109669 0.000109693 0.0878621 0.000109493 
0.472639 0.0122161 0.031197 0.00553064 0.010104 0.00103054 0.00309804 0.00989983 0.0299591 0.0403006 0.00247966 0.0900395 0.0290734 0.052373 0.0327212 0.00325943 0.0211294 0.0279433 0.124371 0.000635295 
0.0633029 0.0863647 0.141319 0.00356812 0.00604676 0.00128043 0.00327642 0.0120316 0.0863826 0.0619115 0.00273007 0.138315 0.00833374 0.0293664 0.102726 0.00552788 0.0656099 0.114327 0.0672153 0.000365729 
0.0124185 0.34481 0.0399282 0.000103686 0.00466383 4.0187e-08 0.000393411 0.029387 0.0021488 0.467876 5.46887e-05 0.0195232 0.00761273 0.00214797 0.019633 0.00154804 6.62367e-05 0.0386113 0.00907388 7.58997e-10 
0.0036039 0.000906078 0.0869496 0.029812 0.0123511 5.74787e-05 1.3886e-10 1.57978e-07 0.165014 0.00779582 7.84777e-08 0.00971937 1.20392e-06 1.82919e-05 0.0248149 0.00166703 0.000166271 0.630274 0.0268487 2.51655e-10 
0.00360428 0.00159877 0.110286 0.00126497 0.000579057 1.26914e-08 4.9309e-05 6.89362e-05 0.346315 0.000875806 3.28041e-09 0.0399632 3.9654e-05 7.73033e-05 0.0034538 0.079079 0.0637348 0.346556 0.00245334 2.09437e-08 
0.00430687 0.000582367 0.00909723 2.16642e-05 0.0303751 0.336024 9.6868e-05 0.00277962 0.00851634 0.017746 5.81269e-05 0.000416047 0.0678932 0.000166461 0.00634501 7.1018e-05 0.000906372 0.143304 0.363473 0.00782211 
0.00414202 0.00792779 0.0738108 4.98967e-11 0.00168929 2.14966e-07 2.83974e-07 2.62436e-08 0.0340116 0.000869285 3.24948e-11 0.0659415 0.153669 1.63639e-07 0.187499 4.33737e-08 0.000128347 4.94336e-07 0.47031 5.52736e-11 
0.00876651 4.70063e-05 0.0467377 0.000158651 0.0975521 2.27156e-05 0.000239005 0.000208 0.663077 0.00225747 2.93492e-07 0.0116549 0.00377329 0.0971999 0.0039425 3.06145e-07 0.00107293 0.00434166 0.0589478 8.5518e-10 
0.0248332 0.00909781 0.0203927 2.86604e-10 0.0177781 0.148949 5.0275e-05 0.000333095 0.0090309 0.0702234 2.68909e-05 0.00779708 0.0558929 0.512109 0.000503975 0.000863719 0.00118317 0.0476759 0.0309202 0.0423386 
0.0344674 0.0341477 0.0152329 0.00355248 0.00403597 0.000121161 0.0547011 0.0190388 0.00661965 0.27287 0.000365927 0.470536 0.0166978 0.00291452 0.00248599 0.0235099 0.000635593 0.0124712 0.0255869 8.60781e-06 
0.00580867 0.000743156 0.0123502 9.43537e-06 0.0027867 5.95306e-06 0.000264993 0.00992985 0.0433132 0.0117433 8.82374e-07 0.0610122 0.00242675 0.000252923 0.594755 7.21511e-05 0.0155175 0.112546 0.126462 1.09122e-11 
0.0222443 0.0169533 0.0135836 1.49857e-05 0.0309844 3.78711e-05 0.000259894 0.00185055 0.0344881 0.0355498 3.21805e-06 0.0958745 0.00463843 0.000175414 0.0594149 0.00194333 0.000220006 0.23432 0.447059 0.000384652 
0.027721 0.0186997 0.00801506 1.42693e-07 0.00776907 2.18151e-05 0.000118536 0.00105897 0.10287 0.137827 6.78174e-07 0.0568469 0.0573004 4.7871e-05 0.179936 0.136146 7.39165e-05 0.261038 0.00450959 1.70964e-09 
0.00029917 0.000789634 0.00247684 4.55113e-05 0.571906 4.0215e-07 0.00803955 0.0665559 0.026233 0.0090609 4.48313e-08 0.0265521 4.2508e-05 5.33196e-05 0.00624175 0.00206782 1.60737e-05 0.25242 0.0271993 1.13806e-09 
0.000843096 0.00173405 0.0251133 9.87377e-06 0.000308924 1.81893e-09 4.54257e-05 0.000158421 0.298531 0.00166587 6.27053e-06 0.0358981 5.27461e-05 9.7589e-05 0.268385 0.0320473 1.57347e-05 0.330348 0.00473858 7.89767e-12 
0.00029917 0.000789634 0.00247684 4.55113e-05 0.571906 4.0215e-07 0.00803955 0.0665559 0.026233 0.0090609 4.48313e-08 0.0265521 4.2508e-05 5.33196e-05 0.00624175 0.00206782 1.60737e-05 0.25242 0.0271993 1.13806e-09 
0.00326247 0.0283495 0.0663327 0.000200994 0.00457445 0.000880285 0.000187095 0.00079185 0.000730709 0.676789 9.10511e-08 0.0116987 0.0519183 6.15539e-07 0.00727483 0.0059093 2.67023e-06 0.122936 0.0181493 1.15188e-05 
0.00974598 0.000169853 0.00354373 0.000145688 0.00011033 6.94619e-06 0.000679608 0.26149 0.444782 0.0152488 6.83046e-05 0.00221215 0.000906725 0.204293 0.00240874 0.00102886 0.0421227 0.000149565 0.0108861 1.16846e-09 
0.0188253 0.0385755 0.0862206 0.0260249 0.00793558 0.000124942 0.013161 0.0156073 0.00107743 0.526693 0.000286266 0.0641638 0.169195 0.00975175 0.000371385 0.00375792 0.00110401 0.0062526 0.0108602 1.11036e-05 
0.0116327 0.0469173 0.0978502 3.97819e-07 0.0553381 1.10242e-07 1.45949e-07 2.42371e-11 7.60717e-07 0.227161 1.29473e-10 0.177836 0.00985094 4.81509e-05 0.0756273 9.17219e-06 1.57694e-07 0.222866 0.0748623 2.20234e-10 
0.00650058 4.10291e-05 0.00303905 0.000115769 0.00104592 2.41096e-05 0.000720318 0.00104622 0.931688 0.0162917 6.09428e-06 0.0122398 0.000127307 0.00366729 0.00014875 0.000310572 0.000270358 0.00216909 0.0205484 8.79049e-12 
0.0204543 0.00155294 0.0440098 1.45665e-05 0.0307997 1.70228e-05 0.000734718 0.0299598 0.154224 0.0361507 9.53966e-06 0.114168 0.00169109 0.000383798 0.214145 4.98508e-05 0.0306413 0.241847 0.0791474 4.65177e-09 
0.00273396 0.00765742 0.0465913 2.41629e-06 0.0015179 1.52157e-06 9.86626e-06 0.0111953 0.00404549 0.0257388 8.27955e-08 0.427173 0.000162036 4.65062e-06 0.284421 0.00516515 0.00377604 0.099574 0.0802306 2.93779e-10 
0.00411337 0.000102247 0.000785451 0.000187453 0.000163403 0.646017 5.99713e-06 0.000384808 0.00118878 0.00194274 5.58172e-05 0.00105453 0.00154325 0.00110166 0.000522497 0.000216972 0.329898 0.00570542 0.00465831 0.000352742 
0.0411797 0.4373 0.00664178 3.14281e-06 0.00134403 6.65836e-08 0.000192366 2.00923e-05 0.0188327 0.053635 5.15717e-10 0.0557968 7.98676e-05 0.000128125 0.00544841 0.00372231 1.3553e-06 0.373126 0.00254874 8.77234e-10 
0.105388 0.0162489 0.0222791 0.000178377 0.0845818 3.24072e-07 0.00145536 0.0149327 0.0531153 0.024167 9.9394e-05 0.285641 0.00730106 0.0833653 0.0398602 0.000104648 9.33951e-05 0.0878517 0.173158 0.00017876 
4.41325e-07 0.000227645 0.00280866 3.55817e-08 0.248894 5.30277e-06 0.0514441 0.000611063 0.0603185 0.0133034 8.30599e-08 0.185334 0.000831269 0.000165398 0.00595139 0.000548579 4.04242e-05 0.21957 0.209945 2.45569e-11 
0.00029917 0.000789634 0.00247684 4.55113e-05 0.571906 4.0215e-07 0.00803955 0.0665559 0.026233 0.0090609 4.48313e-08 0.0265521 4.2508e-05 5.33196e-05 0.00624175 0.00206782 1.60737e-05 0.25242 0.0271993 1.13806e-09 
1.98946e-05 4.84453e-08 1.4548e-05 4.54818e-10 1.90686e-05 0.999602 1.646e-12 6.5824e-07 3.95819e-06 4.15192e-07 6.11146e-09 9.63382e-07 2.68667e-05 3.68883e-06 2.25616e-06 1.26574e-06 7.18088e-05 8.97183e-05 0.00014251 1.85274e-07 
0.0363227 0.00060432 0.000295897 0.00542211 0.0497761 3.81426e-06 4.56933e-05 5.48979e-09 0.000659103 2.12038e-06 2.93262e-08 0.723758 9.1368e-06 5.09862e-06 0.00142325 1.33472e-06 3.83637e-06 0.0382671 0.143401 4.98837e-08 
0.17684 0.0227085 0.0760976 6.20267e-05 0.00445368 2.42129e-08 0.000241038 0.0196358 0.0123946 0.255279 4.26368e-05 0.0355432 0.0341153 0.00263222 0.20195 0.0149909 2.76666e-06 0.0906531 0.0522833 7.45055e-05 
0.185502 0.0130034 0.0655772 0.00160182 0.0173693 4.41581e-05 0.00376752 0.00563724 0.00221842 0.139493 0.00061405 0.0171857 0.283593 0.0469441 0.048313 0.00910622 0.00534887 0.04385 0.110742 8.93939e-05 
0.0538094 0.00287409 0.0076043 0.0143024 0.000387764 7.53862e-12 0.000174294 0.0146268 0.011065 0.0348613 5.56145e-05 0.0059032 0.00115425 0.766156 0.00355007 0.0039756 0.0129505 0.0220845 0.0444654 5.29493e-11 
0.0615683 0.00155346 0.00515958 0.00961864 0.0522187 0.00716654 0.0266897 0.00112207 0.520566 0.0549069 0.00030456 0.109782 0.00410497 0.000516518 0.0111599 0.00976016 0.00140597 0.0442505 0.0781456 4.69765e-08 
0.00029917 0.000789634 0.00247684 4.55113e-05 0.571906 4.0215e-07 0.00803955 0.0665559 0.026233 0.0090609 4.48313e-08 0.0265521 4.2508e-05 5.33196e-05 0.00624175 0.00206782 1.60737e-05 0.25242 0.0271993 1.13806e-09 
0.0344174 0.00575121 0.151279 0.00513598 0.00435261 0.00107809 0.00227205 0.00998441 0.108552 0.0425223 0.000744379 0.0928121 0.0283618 0.00235622 0.0616719 0.0114401 0.00247969 0.34505 0.089739 1.30537e-10 
0.0118415 0.0185789 0.191611 0.00109379 0.000905901 9.78362e-07 0.000462393 0.0210008 0.0437212 0.102996 0.000190977 0.092388 0.00526925 0.00179434 0.256827 0.00731018 0.017416 0.129798 0.096794 4.75872e-08 
0.0718961 0.024962 0.0874495 0.00109783 0.195241 0.00622688 0.00379868 0.00125634 0.00809916 0.0538886 0.00131234 0.0379411 0.0605548 0.00265838 0.0248624 0.0177663 0.0171192 0.0802482 0.0161724 0.287449 
0.115707 0.0102731 0.0409055 9.84721e-07 0.00686663 1.40347e-11 2.25946e-05 5.34476e-07 2.92276e-07 0.0177838 1.15546e-11 0.746912 6.66163e-08 9.46295e-12 1.52887e-06 5.14106e-07 3.43163e-12 0.0615244 8.34434e-07 3.95052e-09 
0.00939482 0.000208868 0.00215354 0.000281219 0.00186093 9.17801e-06 0.000149801 0.00671753 0.0308582 0.0121857 3.05108e-08 0.00198692 0.000555902 0.915806 0.000381031 0.000873305 0.00268095 0.00269551 0.0112009 3.85641e-11 
0.0268096 0.0241954 0.0528892 0.000377111 0.0232539 2.57666e-06 0.0137596 0.0544827 0.00508563 0.0926526 0.000268426 0.0676216 0.57956 0.00108499 0.00635732 0.00154221 0.000442889 0.0285068 0.0207335 0.000373816 
