0.0103709 0.191879 0.0118091 0.000157484 0.00292774 0.000667209 0.000455721 0.2485 0.00665784 0.158608 6.5709e-11 0.00837715 0.0838219 0.0245295 0.000300032 0.193048 5.37495e-05 0.011313 0.0465244 1.11771e-10 
5.17852e-08 0.017737 1.17016e-07 0.000143356 1.41283e-07 1.16808e-08 1.54641e-08 6.62586e-08 0.000669078 0.815788 1.37184e-11 2.18084e-07 0.000699336 5.10185e-06 8.7766e-08 0.16191 2.67505e-05 0.00302049 6.53917e-08 2.3335e-11 
5.45434e-05 0.00145495 0.00186127 1.52358e-05 2.2656e-06 1.32711e-09 3.06728e-05 0.742027 0.000542629 0.00861195 1.21025e-12 0.00321587 0.000287135 0.000743178 0.000496519 0.238613 1.3685e-08 0.00147347 0.000570409 2.05864e-12 
0.000377356 2.27833e-05 0.00212754 8.45119e-13 0.000747046 1.1867e-05 0.000226417 4.6646e-05 0.911153 0.00121582 5.50377e-13 0.00480878 0.000192674 8.6187e-05 0.0190169 0.000230477 2.26925e-05 0.0439826 0.0157311 9.3619e-13 
0.00360428 0.00159877 0.110286 0.00126497 0.000579057 1.26914e-08 4.9309e-05 6.89362e-05 0.346315 0.000875806 3.28041e-09 0.0399632 3.9654e-05 7.73033e-05 0.0034538 0.079079 0.0637348 0.346556 0.00245334 2.09437e-08 
0.0126371 0.00476582 0.0186442 0.00273714 0.00444983 6.02794e-07 0.00324266 0.00154515 0.176477 0.466677 2.12825e-08 0.0195671 7.12081e-07 3.78785e-05 0.0128335 0.00431724 1.38728e-07 0.121879 0.150188 3.62014e-08 
0.00489004 0.0333039 0.0158695 0.00403867 0.0256666 2.13957e-06 6.34732e-05 0.00164512 0.00150016 0.149044 1.23122e-06 0.0979296 0.00201816 8.75915e-05 0.0141941 0.00136318 0.00757912 0.622703 0.0135594 0.00454107 
0.00985078 0.00238549 0.00503403 2.13645e-06 0.0243249 8.20878e-06 1.94124e-05 0.040561 0.0977132 0.00948463 7.61854e-10 0.0626784 0.102178 0.000107017 0.104512 0.000399289 0.0101659 0.300027 0.23054 8.94827e-06 
0.00554696 0.00366043 0.00564527 5.36694e-06 0.0039311 1.90836e-05 0.00139281 0.00353196 0.703252 0.0298463 2.18869e-09 0.0405321 0.00282946 0.000322943 0.102154 0.000292149 2.48116e-05 0.0743472 0.0226667 3.61442e-09 
0.0141604 0.00653834 0.26255 0.000459791 0.00602836 0.0014513 0.00546473 0.00377721 0.063534 0.0194945 9.1323e-05 0.065155 0.0710381 0.0015189 0.0334988 0.0156046 0.0120121 0.19347 0.224027 0.000125347 
1.23783e-08 2.45448e-08 0.00465241 2.72863e-12 0.00101588 1.64062e-08 0.000325623 6.98598e-09 0.32025 0.000117373 1.777e-12 0.0229562 3.2635e-08 1.54278e-08 0.472504 0.00110452 2.58653e-09 0.135288 0.0417861 3.02267e-12 
0.00145711 0.00167939 0.256785 8.92604e-06 0.000293125 1.23172e-07 0.000818646 0.00433992 0.0171321 0.228283 3.29483e-08 0.00631879 0.00412262 1.16318e-05 0.0045254 0.428942 0.000744733 0.0346367 0.00990119 2.03233e-07 
0.000229341 0.000333494 0.000513745 6.62276e-05 0.0137477 1.33919e-05 4.28117e-05 0.00854183 0.00280916 0.00883672 2.67857e-06 0.00288891 0.00106714 8.915e-05 0.0129839 0.0115013 2.95948e-05 0.922456 0.0137671 7.99742e-05 
0.274239 0.00152521 0.0161161 0.00271281 0.0186383 0.00370464 0.000950432 0.00925319 0.0478698 0.020317 0.000486592 0.0619597 0.0113757 0.00536586 0.0659485 0.000677212 0.0903081 0.0875624 0.279463 0.00152606 
0.00360428 0.00159877 0.110286 0.00126497 0.000579057 1.26914e-08 4.9309e-05 6.89362e-05 0.346315 0.000875806 3.28041e-09 0.0399632 3.9654e-05 7.73033e-05 0.0034538 0.079079 0.0637348 0.346556 0.00245334 2.09437e-08 
0.0141563 0.0203487 0.00888462 0.0215101 0.00844971 1.95717e-05 0.000485876 0.0945424 0.067816 0.379286 7.54312e-06 0.0482618 0.00276569 0.00733737 0.00954975 0.165589 0.00335932 0.124869 0.0225725 0.000188145 
0.0225715 0.107207 0.073589 2.27316e-05 0.00620555 0.00115753 0.00826832 0.035149 0.0410162 0.455101 1.27188e-09 0.171761 0.000155231 1.9602e-07 0.0168037 0.0308713 3.02428e-06 0.0269328 0.00318435 2.16346e-09 
0.0818301 0.00211298 0.00435074 9.30043e-06 0.0286876 0.000113273 0.000566159 0.000157186 0.00904323 0.0125836 7.28402e-06 0.80292 0.0055788 9.24295e-06 0.0018206 1.11956e-05 9.54011e-06 0.0196571 0.00231953 0.0282126 
0.131079 0.0138512 0.124875 0.00187538 0.0390906 0.000861345 0.00111108 0.0024996 0.12603 0.0339942 0.00061954 0.151744 0.00396479 0.00231329 0.0720391 0.00165958 0.00247783 0.182536 0.105705 0.00167256 
0.0403782 0.00404854 0.0580349 0.0032642 0.0364167 2.74965e-05 0.00137044 0.00864573 0.037861 0.0141116 2.29468e-05 0.0917602 0.0812096 0.00176724 0.125715 0.0203621 0.00332469 0.114314 0.345528 0.0118367 
0.00748597 0.00172809 0.0522198 3.5052e-05 0.011556 3.26456e-05 0.000198676 0.000259113 0.0322617 0.0118625 6.73421e-09 0.218238 0.00687189 6.00262e-06 0.0318582 0.0157547 0.0762554 0.240069 0.293248 5.89602e-05 
0.000867392 0.00021031 0.00385423 5.85383e-06 0.672604 0.000571708 6.31953e-05 0.00278664 0.00350907 0.00441281 1.12574e-08 0.0217648 0.000188223 9.18722e-05 0.0032274 2.1426e-05 2.90709e-06 0.201859 0.0839576 1.23143e-06 
0.00128996 0.562327 0.0247647 0.000130705 0.00550657 8.28551e-08 7.03231e-05 0.00117593 0.0445362 0.0351815 6.82136e-08 0.144827 0.000100879 0.000104539 0.0560228 0.00092122 2.96124e-05 0.121324 0.00168678 1.16031e-07 
0.00652469 0.0511055 0.0162267 2.18783e-07 0.0449668 1.44042e-08 0.00149986 0.0598254 0.0272577 0.0456906 8.72506e-09 0.319858 0.00206337 0.000122294 0.0508637 0.00897274 0.0244841 0.270908 0.0696306 2.37729e-08 
0.106538 0.00292479 0.0174602 2.71631e-05 0.0239776 7.79938e-07 0.032371 0.0169569 0.0334816 0.0507844 2.05343e-07 0.0426629 0.00343923 0.00352424 0.556802 0.000671988 0.000221226 0.0588296 0.0491354 0.000190854 
0.000326378 7.13197e-05 0.00394074 3.52046e-06 0.0015052 5.05811e-05 0.000337282 0.0208501 0.796726 0.00163607 9.87462e-13 0.00367359 0.00163904 0.00117455 0.0127804 0.00843986 8.85936e-05 0.0784663 0.0682903 1.67967e-12 
0.000318504 0.0447726 0.00441891 9.65748e-05 0.0046418 6.91093e-06 4.23756e-08 0.0370559 0.000429652 0.817468 5.30261e-10 0.00328373 0.000914655 1.38281e-05 0.00127896 0.0145318 1.01643e-06 0.0654491 0.00529227 2.54777e-05 
4.86781e-06 0.127444 0.00152321 1.06585e-09 0.000362993 3.93464e-06 0.00183666 0.000280325 0.0694293 0.0710996 6.94124e-10 0.0889555 0.0389397 4.60847e-07 0.367125 0.000222033 2.24574e-06 0.108231 0.12454 2.37118e-07 
0.0743888 0.0428882 0.0160118 0.00214843 0.00464558 0.00015083 0.00119354 0.0488025 0.0901705 0.0821921 1.55213e-07 0.0632349 0.0672673 0.00234458 0.0292009 0.125616 0.0732771 0.208175 0.0682519 4.06336e-05 
0.227796 0.00154516 0.0057983 0.000116075 0.31184 1.41939e-06 6.98873e-05 0.000203853 0.00310531 0.0543633 2.28252e-07 0.219274 0.0720863 1.03927e-05 0.00631783 0.000796297 4.0164e-05 0.0467452 0.0498881 1.6109e-06 
5.68897e-05 0.00114328 0.00164857 2.02132e-05 2.95685e-07 2.05142e-10 1.99062e-05 0.14337 0.00128266 0.114489 1.6889e-10 0.00262578 6.53875e-05 0.00041942 0.000748411 0.727281 1.76527e-06 0.00211475 0.00471247 2.87282e-10 
0.0510368 0.0192028 0.0347605 0.00123191 0.25999 0.000891888 0.000248261 0.00116557 0.0867591 0.0333754 0.000235248 0.0534722 0.00939283 0.000260491 0.0305978 0.00121185 0.000339429 0.103483 0.301597 0.0107478 
0.0139775 0.00112299 0.0528328 0.00185466 0.00323415 0.0333519 0.000865165 0.0241523 0.0233165 0.0435693 0.000356356 0.00809849 0.15959 0.519253 0.0189972 0.0130552 0.000378914 0.0506713 0.0282446 0.00307706 
0.00121019 0.00209319 0.00774994 0.00152982 0.168474 2.4863e-05 8.19435e-05 0.00555669 0.0150606 0.00891224 3.78348e-08 0.0544542 0.000244236 0.00115154 0.00767233 0.000427403 1.73835e-06 0.538378 0.186976 5.28862e-07 
0.0005995 0.0286317 0.0128465 7.5725e-06 0.00255437 6.74719e-09 5.27206e-06 2.22169e-05 0.00847745 0.0242137 9.9024e-11 0.242487 4.23017e-05 1.44677e-05 0.227334 0.00209646 5.91335e-09 0.441325 0.00934319 1.6844e-10 
0.0407061 0.000376382 0.0355897 1.35827e-06 0.0126169 1.18583e-06 8.75921e-06 1.90409e-05 0.0120288 0.0914762 4.04789e-09 0.0292638 0.0131843 2.36698e-06 0.371843 0.000344252 2.19124e-07 0.0653495 0.327187 2.87713e-07 
0.00481475 0.00105626 0.00211906 8.94452e-06 0.602761 9.43265e-06 9.5977e-05 0.0499433 0.00548698 0.00503296 6.21121e-08 0.0440391 8.72048e-05 0.000106852 0.00412675 0.000346961 8.21242e-05 0.19461 0.0852655 6.42502e-06 
0.00561243 0.00303623 0.00473795 1.6014e-05 0.00410353 2.42066e-05 0.00155597 0.00522767 0.750769 0.0259543 1.25577e-06 0.0331109 0.00350741 0.000272217 0.090297 0.000230451 1.47945e-05 0.0548687 0.0166572 2.44894e-06 
0.000359135 0.0139021 0.302848 0.00108395 0.0017463 5.5898e-05 7.16485e-07 0.00217724 0.0290176 0.282954 1.87151e-10 0.0295687 0.0188326 0.000108836 0.143962 0.00702465 2.10855e-05 0.018951 0.147385 3.18344e-10 
0.0124588 0.0434101 0.0208706 0.000378188 0.000207435 5.60028e-07 3.54315e-07 0.181686 0.0155207 0.376489 3.06385e-11 0.0348764 0.002275 1.05618e-05 0.0930829 0.0235774 3.43264e-06 0.157383 0.0377684 5.2116e-11 
0.00274351 0.001234 0.0163672 1.2209e-11 0.000338747 3.7397e-08 0.000108649 1.59229e-08 0.300178 0.000373712 7.95104e-12 0.062553 0.00094627 3.51657e-08 0.246222 0.000368298 5.89628e-09 0.349053 0.0195142 1.35247e-11 
0.00181449 0.000521539 0.0135862 1.34408e-06 0.0272804 1.40519e-05 0.000120988 0.000984208 0.140509 0.0159134 8.29846e-07 0.061816 0.000643687 7.57767e-05 0.042404 0.00420457 1.21563e-05 0.617387 0.072709 1.57234e-06 
0.00535957 0.00848204 0.00912509 0.000475924 0.029385 4.13174e-06 5.50507e-05 0.00368657 0.24434 0.031847 3.24526e-11 0.0618873 0.000307582 5.47551e-06 0.0697218 0.0207318 0.000119866 0.480917 0.033548 4.95547e-09 
0.0234896 0.00163596 0.432684 1.90133e-05 0.0126442 7.06001e-05 0.000106724 0.00368792 0.00936954 0.00969924 9.24081e-11 0.196137 0.0451039 0.000251916 0.0103793 0.00428279 3.75555e-05 0.0227655 0.227635 1.57186e-10 
0.00124835 0.00125736 0.00816015 2.92014e-07 0.0049808 1.12168e-10 5.0844e-05 0.0077276 0.200424 0.00810826 9.23466e-11 0.208793 0.000113216 3.38613e-06 0.0945239 0.0214342 4.3886e-07 0.435529 0.00764508 1.57081e-10 
0.000390954 5.42189e-05 0.0178375 1.0882e-05 0.0201021 0.000103663 0.000337122 0.0010622 0.00529883 0.00717765 1.95028e-06 0.0287089 8.76287e-06 1.90002e-05 0.00153584 0.000544367 5.47087e-06 0.876114 0.0406846 2.27791e-06 
1.23783e-08 2.45448e-08 0.00465241 2.72863e-12 0.00101588 1.64062e-08 0.000325623 6.98598e-09 0.32025 0.000117373 1.777e-12 0.0229562 3.2635e-08 1.54278e-08 0.472504 0.00110452 2.58653e-09 0.135288 0.0417861 3.02267e-12 
0.00499283 0.00456165 0.0149961 1.99959e-05 0.0296435 5.76607e-06 2.92891e-05 0.000141898 0.0034553 0.0158693 4.04187e-06 0.0166201 0.00119388 6.9149e-06 0.00392574 0.0193284 0.0159797 0.784133 0.0847253 0.000367155 
0.000209808 0.00824135 0.00502128 0.000126537 0.0180186 2.07684e-05 4.26622e-05 0.0041367 0.000351156 0.00606858 1.98424e-05 0.954546 0.000641369 2.20934e-05 0.00143219 8.09544e-05 4.80512e-05 0.000767349 0.000175869 2.90842e-05 
0.00396848 0.0047675 0.135331 0.000212985 0.00364146 9.06509e-05 0.000421544 0.000514593 0.0113383 0.0392184 1.09001e-05 0.0138203 0.72639 0.0009565 0.0156959 0.000253032 5.68905e-05 0.00465663 0.0385569 9.79919e-05 
0.28513 0.183409 0.00429415 1.04251e-06 2.85345e-05 1.8192e-07 0.000148584 1.01217e-05 0.0372676 0.0101079 6.40413e-09 0.363364 0.00675348 0.000293232 0.0288186 0.000399607 2.95189e-05 0.0182345 0.0617074 3.27108e-06 
0.00984092 0.00174092 0.0169465 0.000121416 0.0514962 7.51278e-06 0.000251261 0.00636115 0.0654914 0.0220943 5.79324e-07 0.193677 0.00486394 0.000182937 0.0797937 0.00011537 7.65338e-06 0.403215 0.143791 6.2311e-07 
0.021362 0.0021718 0.0306437 4.8538e-05 0.0678416 2.58315e-06 0.00102789 8.0014e-05 0.110787 0.022681 2.08354e-11 0.533249 0.000229444 5.78938e-05 0.0851186 0.000389033 3.01317e-06 0.113498 0.0108093 3.5441e-11 
0.0823801 0.013559 0.00925566 3.06829e-09 0.00641418 2.4271e-09 2.0878e-06 9.04969e-05 0.0163012 0.0291174 1.9982e-09 0.154485 3.76848e-06 1.15258e-06 0.0013364 0.000464857 9.83281e-07 0.66838 0.0182066 5.79362e-07 
5.17852e-08 0.017737 1.17016e-07 0.000143356 1.41283e-07 1.16808e-08 1.54641e-08 6.62586e-08 0.000669078 0.815788 1.37184e-11 2.18084e-07 0.000699336 5.10185e-06 8.7766e-08 0.16191 2.67505e-05 0.00302049 6.53917e-08 2.3335e-11 
0.0675341 0.00290586 0.138785 0.00493152 0.0261211 6.59645e-05 0.000245936 0.00922769 0.0886975 0.0674061 6.18047e-05 0.138406 0.00514966 0.0139311 0.029798 0.0145642 0.00258315 0.218362 0.17108 0.000142722 
0.0987757 0.0230901 0.0191842 0.00137743 0.00677697 0.0106093 0.000106603 0.00260755 0.0609164 0.110793 4.17774e-05 0.0919237 0.314313 0.00286856 0.0581216 0.00260941 0.000168933 0.175959 0.0196947 6.13453e-05 
0.0233106 0.0074532 0.0192943 0.000968006 0.0537928 5.96906e-11 0.00014234 5.83719e-05 0.0554718 0.0188444 4.91425e-11 0.452395 0.00558361 2.23493e-09 0.0126954 2.68333e-07 9.53335e-05 0.241756 0.108139 8.35913e-11 
5.17852e-08 0.017737 1.17016e-07 0.000143356 1.41283e-07 1.16808e-08 1.54641e-08 6.62586e-08 0.000669078 0.815788 1.37184e-11 2.18084e-07 0.000699336 5.10185e-06 8.7766e-08 0.16191 2.67505e-05 0.00302049 6.53917e-08 2.3335e-11 
0.0111329 0.00840348 0.0269704 0.000836362 0.102629 0.000923815 0.00299886 0.0967533 0.065911 0.0780555 5.81122e-08 0.0427035 0.00348958 0.00274353 0.0195386 0.00415776 0.000697963 0.294087 0.237812 0.000156835 
5.17852e-08 0.017737 1.17016e-07 0.000143356 1.41283e-07 1.16808e-08 1.54641e-08 6.62586e-08 0.000669078 0.815788 1.37184e-11 2.18084e-07 0.000699336 5.10185e-06 8.7766e-08 0.16191 2.67505e-05 0.00302049 6.53917e-08 2.3335e-11 
0.00703957 0.00394472 0.00657162 7.51226e-06 0.00518752 2.30378e-05 0.00177122 0.00464069 0.665522 0.0332838 2.76369e-09 0.0454684 0.00396123 0.000323416 0.123929 0.00028459 1.78054e-05 0.0756419 0.0223827 4.52429e-09 
0.00492407 0.0242255 0.000394474 0.000609192 0.00222045 6.0662e-08 0.000178882 4.84288e-08 0.00788599 0.018073 3.5503e-09 0.865216 7.11821e-05 0.000142488 0.00111896 0.000196243 2.6528e-08 0.0746365 0.000106542 6.03905e-09 
0.00274351 0.001234 0.0163672 1.2209e-11 0.000338747 3.7397e-08 0.000108649 1.59229e-08 0.300178 0.000373712 7.95104e-12 0.062553 0.00094627 3.51657e-08 0.246222 0.000368298 5.89628e-09 0.349053 0.0195142 1.35247e-11 
5.17852e-08 0.017737 1.17016e-07 0.000143356 1.41283e-07 1.16808e-08 1.54641e-08 6.62586e-08 0.000669078 0.815788 1.37184e-11 2.18084e-07 0.000699336 5.10185e-06 8.7766e-08 0.16191 2.67505e-05 0.00302049 6.53917e-08 2.3335e-11 
0.00229811 0.215442 0.0109039 1.12982e-05 0.0227118 1.06085e-05 7.07908e-05 0.0231644 0.00739595 0.293577 1.86586e-07 0.0429271 0.0114445 5.21552e-05 0.0536151 0.00078005 1.60245e-06 0.103992 0.2116 9.73942e-07 
0.207197 0.00499954 0.00290261 0.00020634 0.0816073 2.56236e-06 0.00230849 0.0273665 0.0279932 0.00954363 7.31638e-08 0.518806 0.0131328 0.000374026 0.0276702 2.71415e-05 4.17538e-06 0.0172289 0.0584825 0.000147309 
0.00543839 0.0164555 0.001073 6.49931e-08 0.00210159 3.82338e-12 0.000158901 0.00114807 0.0166797 0.00226181 3.14774e-12 0.58756 5.41689e-09 3.16727e-08 0.00558883 3.89824e-05 0.000122645 0.359941 0.00143168 5.35431e-12 
5.45434e-05 0.00145495 0.00186127 1.52358e-05 2.2656e-06 1.32711e-09 3.06728e-05 0.742027 0.000542629 0.00861195 1.21025e-12 0.00321587 0.000287135 0.000743178 0.000496519 0.238613 1.3685e-08 0.00147347 0.000570409 2.05864e-12 
0.010587 0.00538781 0.00281342 2.8043e-07 0.00150287 7.34791e-07 0.000458713 0.00101706 0.0706388 0.0924238 2.11052e-11 0.102279 0.000479938 6.30943e-05 0.523133 0.00913947 1.78148e-05 0.0985784 0.0814797 3.58999e-11 
8.18143e-05 0.00209776 0.00275765 1.8295e-05 3.39814e-06 1.88191e-09 4.6008e-05 0.618434 0.000813931 0.011412 1.61738e-12 0.0047943 0.000428143 0.00105451 0.000744776 0.354373 1.92679e-08 0.00213559 0.00080487 2.75116e-12 
0.170728 0.362568 0.002719 9.89439e-07 4.46343e-05 2.9091e-09 0.000210349 0.00139752 0.0545912 0.0186274 2.39502e-09 0.240887 0.0101597 8.65205e-05 0.017245 0.000879886 2.87249e-05 0.0326003 0.0872195 6.46141e-06 
0.00278504 0.0143803 0.0349019 0.000622193 0.00341321 2.26838e-06 0.0001109 2.79118e-05 0.128112 0.0142092 1.61803e-07 0.103803 0.000273661 0.000111911 0.0143536 0.00101071 0.00846873 0.650755 0.0225498 0.000108658 
0.0343962 0.237081 0.0381401 1.1608e-08 0.00709507 3.31671e-07 0.00012253 0.0056718 0.0298444 0.16621 4.76439e-10 0.185389 0.00298236 5.29954e-05 0.158214 0.0105716 5.35706e-06 0.111892 0.0123312 1.66845e-07 
0.00132497 0.000132525 0.010629 1.54492e-05 0.0382911 2.79796e-05 0.000275755 0.000474994 0.162845 0.000899976 1.15864e-06 0.00909812 0.00251879 0.00109473 0.00591501 5.07319e-05 1.45918e-05 0.553716 0.212653 2.2036e-05 
0.0799191 0.00026276 0.0222498 1.6467e-07 0.717621 6.13817e-05 5.54104e-07 0.00144238 0.00521075 0.0149766 5.78544e-08 0.0289872 0.000325134 1.20144e-06 0.00114107 3.63297e-05 2.71078e-06 0.0985574 0.0287692 0.000434766 
0.0361796 0.00130546 0.0121523 0.000519711 0.064523 3.96385e-05 0.00087326 0.00116861 0.00724418 0.0153445 5.09578e-06 0.189708 0.407165 0.000573082 0.0903694 0.00209853 2.48606e-05 0.140928 0.0292301 0.000547293 
0.00703957 0.00394472 0.00657162 7.51226e-06 0.00518752 2.30378e-05 0.00177122 0.00464069 0.665522 0.0332838 2.76369e-09 0.0454684 0.00396123 0.000323416 0.123929 0.00028459 1.78054e-05 0.0756419 0.0223827 4.52429e-09 
0.01301 1.31054e-05 0.0279566 0.000248423 0.000424722 0.000674462 0.000107835 0.00258942 0.445029 0.00080741 6.32171e-12 0.0263079 0.0059749 0.00461978 0.064554 0.00480707 0.000650075 0.095001 0.307224 1.07532e-11 
0.00105156 0.0149684 0.0562626 7.86232e-05 0.0257712 0.0271428 0.00189131 0.000874558 0.0247324 0.0198435 1.30853e-11 0.131089 0.04486 4.62106e-05 0.0877844 0.0377128 6.89994e-06 0.284618 0.241266 5.52973e-08 
5.17852e-08 0.017737 1.17016e-07 0.000143356 1.41283e-07 1.16808e-08 1.54641e-08 6.62586e-08 0.000669078 0.815788 1.37184e-11 2.18084e-07 0.000699336 5.10185e-06 8.7766e-08 0.16191 2.67505e-05 0.00302049 6.53917e-08 2.3335e-11 
0.000579325 4.34414e-05 0.0292508 2.80758e-08 0.0327881 7.15053e-05 0.00038246 0.00150148 0.00849793 0.0117492 3.04402e-09 0.0473561 2.26278e-08 4.90595e-08 0.00242598 0.000786387 2.41507e-06 0.797398 0.067167 5.84846e-09 
0.000148064 2.72465e-06 0.00201537 7.98094e-10 0.0020721 8.42927e-05 0.000324888 0.000875181 0.812636 0.000289617 9.51367e-13 0.00139339 0.00177214 5.72344e-05 0.0145284 0.000352508 5.43342e-06 0.0941778 0.0692653 1.61827e-12 
0.00076222 0.0551929 0.00143779 5.67882e-07 0.00466649 0.000427619 1.58556e-05 0.00266053 0.00986074 0.00586484 3.69829e-07 0.094815 0.621783 3.28242e-06 0.000182756 0.00299753 7.31317e-06 0.0837898 0.115531 6.29078e-07 
0.0320885 0.24207 0.50375 2.02667e-05 0.00347917 1.4483e-05 0.000105254 4.88714e-07 0.0425171 0.0138057 1.63261e-08 0.0392067 0.00106316 0.00341599 0.0251449 0.00277503 0.000481312 0.0402589 0.049804 2.77707e-08 
0.00137345 0.0254284 0.0122687 0.00585078 0.0772386 7.48589e-08 0.000145433 0.0168999 0.0233731 0.0109757 9.37235e-11 0.0999765 0.00544208 0.00147918 5.30188e-07 0.133587 0.000166751 0.493189 0.0926048 1.59423e-10 
0.0258462 0.150093 0.0395827 0.000114428 0.0406524 2.46098e-06 3.12981e-08 0.000150955 0.000151558 0.331627 5.08384e-11 0.00798184 8.66451e-05 3.97855e-06 3.99521e-05 0.00215442 7.05237e-06 0.40033 0.00117514 8.6476e-11 
0.000344391 0.000224298 0.00400191 5.81341e-06 0.000978221 2.70423e-05 6.54498e-05 0.0196011 0.907801 0.00156463 2.17834e-09 0.00518147 0.0030858 0.00160405 0.0147189 0.00323667 3.99015e-05 0.0127456 0.0247735 3.70535e-09 
0.046957 0.0125656 0.00129862 1.51669e-05 0.0004745 2.97633e-07 3.37485e-05 4.58993e-06 0.002859 0.0118167 1.70844e-09 0.864144 0.000139432 0.000282405 0.000887024 0.000150689 5.8074e-07 0.0532711 0.00509948 2.90606e-09 
0.00360428 0.00159877 0.110286 0.00126497 0.000579057 1.26914e-08 4.9309e-05 6.89362e-05 0.346315 0.000875806 3.28041e-09 0.0399632 3.9654e-05 7.73033e-05 0.0034538 0.079079 0.0637348 0.346556 0.00245334 2.09437e-08 
0.00628485 0.0129246 0.0903975 0.00597366 0.00073623 3.95423e-07 3.2639e-05 0.00699509 0.00125344 0.288009 1.60253e-09 0.034464 0.00504865 0.0411558 0.0288425 0.00389007 0.000103538 0.471765 0.00212263 2.20789e-07 
0.000201936 1.95294e-05 3.74752e-05 1.15326e-05 5.56341e-05 1.98273e-09 1.17988e-05 5.40896e-06 1.68753e-05 0.0257837 1.63236e-09 7.09585e-05 0.0540662 1.51079e-05 6.01331e-05 3.6067e-05 1.02297e-05 0.221015 0.698582 2.77664e-09 
0.00360428 0.00159877 0.110286 0.00126497 0.000579057 1.26914e-08 4.9309e-05 6.89362e-05 0.346315 0.000875806 3.28041e-09 0.0399632 3.9654e-05 7.73033e-05 0.0034538 0.079079 0.0637348 0.346556 0.00245334 2.09437e-08 
0.0696754 0.00143147 0.0756573 4.61638e-05 0.00696567 6.06809e-07 0.000107718 1.12122e-05 0.369817 0.0012558 8.50364e-08 0.205751 1.31042e-06 3.12437e-05 0.00173709 0.0003985 0.0247315 0.240856 0.00152438 9.99244e-07 
0.000385726 2.17409e-05 0.00528912 5.86344e-06 0.00167382 5.87589e-05 0.000562124 0.00334991 0.786419 0.00183969 1.07169e-12 0.0043727 0.00155053 0.00133713 0.013027 0.0120462 0.00014765 0.0951125 0.0728006 1.82295e-12 
0.00446759 0.170332 0.00540796 1.86818e-05 0.000919302 0.00151601 0.112367 0.0352902 0.01222 0.530526 4.42339e-08 0.0354194 0.00190101 0.00723586 0.0046092 0.0546734 0.000106364 0.00200888 0.0209816 2.00129e-07 
0.000518535 0.0123996 0.00305555 2.65661e-05 0.000504811 6.29247e-08 1.06991e-06 0.498091 0.00258789 0.157659 1.40264e-11 0.00324475 0.000481697 0.000172565 0.000290092 0.319965 3.46561e-08 0.00091479 8.73111e-05 2.38589e-11 
0.0812424 0.00371068 0.082014 0.0017643 0.124732 5.54605e-05 0.00115208 0.00383759 0.320169 0.0189528 6.10431e-06 0.0570768 0.0147772 0.047023 0.0204437 0.000861961 0.0184828 0.028165 0.175526 6.9219e-06 
0.0221035 0.0835472 0.0221614 4.53866e-05 0.113218 1.30634e-05 0.0102892 0.0128651 0.0122077 0.152302 2.64945e-06 0.0306893 0.000649799 4.91399e-05 0.0609138 0.0012511 0.0243233 0.333783 0.0121363 0.107448 
0.00360428 0.00159877 0.110286 0.00126497 0.000579057 1.26914e-08 4.9309e-05 6.89362e-05 0.346315 0.000875806 3.28041e-09 0.0399632 3.9654e-05 7.73033e-05 0.0034538 0.079079 0.0637348 0.346556 0.00245334 2.09437e-08 
0.00274351 0.001234 0.0163672 1.2209e-11 0.000338747 3.7397e-08 0.000108649 1.59229e-08 0.300178 0.000373712 7.95104e-12 0.062553 0.00094627 3.51657e-08 0.246222 0.000368298 5.89628e-09 0.349053 0.0195142 1.35247e-11 
0.00467444 0.0413023 0.170575 2.08917e-05 6.74513e-06 0.000128166 0.000524953 1.02519e-05 1.16736e-05 0.557228 7.4801e-08 0.0029119 0.128196 0.000448153 0.00448358 0.0884878 7.1126e-05 0.0009023 1.57017e-05 6.62265e-07 
0.00703957 0.00394472 0.00657162 7.51226e-06 0.00518752 2.30378e-05 0.00177122 0.00464069 0.665522 0.0332838 2.76369e-09 0.0454684 0.00396123 0.000323416 0.123929 0.00028459 1.78054e-05 0.0756419 0.0223827 4.52429e-09 
0.016968 0.00160267 0.000596815 2.52608e-05 0.00553047 2.69304e-05 0.759225 0.00280758 0.0603522 0.0106291 2.18779e-09 0.0188674 0.00341618 0.00019346 0.0066925 6.78569e-05 0.000196081 0.00238731 0.110415 2.03038e-08 
0.0134168 0.0061355 0.0386999 3.32661e-07 0.00593057 6.43209e-05 0.0169423 0.00162191 0.0132069 0.0712808 2.35457e-07 0.232622 0.0209784 4.46293e-05 0.268194 0.0035865 3.29854e-05 0.164668 0.142574 5.33882e-07 
2.19883e-09 0.0055206 0.010708 1.3918e-06 0.0003147 3.851e-07 3.19443e-05 0.00069224 0.031314 0.034131 9.48931e-13 0.0919607 2.51416e-05 3.7621e-06 0.637282 0.000747051 2.43229e-07 0.177473 0.00979397 1.61413e-12 
0.000377356 2.27833e-05 0.00212754 8.45119e-13 0.000747046 1.1867e-05 0.000226417 4.6646e-05 0.911153 0.00121582 5.50377e-13 0.00480878 0.000192674 8.6187e-05 0.0190169 0.000230477 2.26925e-05 0.0439826 0.0157311 9.3619e-13 
0.021362 0.0021718 0.0306437 4.8538e-05 0.0678416 2.58315e-06 0.00102789 8.0014e-05 0.110787 0.022681 2.08354e-11 0.533249 0.000229444 5.78938e-05 0.0851186 0.000389033 3.01317e-06 0.113498 0.0108093 3.5441e-11 
0.00703957 0.00394472 0.00657162 7.51226e-06 0.00518752 2.30378e-05 0.00177122 0.00464069 0.665522 0.0332838 2.76369e-09 0.0454684 0.00396123 0.000323416 0.123929 0.00028459 1.78054e-05 0.0756419 0.0223827 4.52429e-09 
0.0322556 0.00474191 0.0843011 2.92903e-07 0.0484349 8.26912e-05 3.57413e-06 0.000696584 0.00738142 0.0996397 1.64774e-09 0.221583 0.0240995 0.000257257 0.0928561 0.000451645 0.0299332 0.194919 0.158363 2.8028e-09 
0.00403922 0.00108879 0.00818248 6.08017e-06 0.00181305 1.45347e-05 0.000457542 0.0091115 0.839605 0.00872361 2.7332e-08 0.0126862 0.00164955 0.000652562 0.0501347 0.00214981 0.000105203 0.040206 0.0193741 4.79653e-08 
0.113176 0.00433687 0.0237912 0.000102434 0.222298 2.56487e-06 0.0351743 0.00991765 0.183732 0.00856507 1.49151e-06 0.0583861 0.0735156 0.00017823 0.00421611 0.000154863 0.00280799 0.206484 0.0486976 0.00446225 
0.00327699 5.3158e-07 0.020406 1.12295e-11 1.50212e-06 3.70421e-07 5.42327e-08 9.58572e-07 3.61443e-07 1.14232e-07 7.3131e-12 1.14344e-06 1.17573e-07 0.00090863 0.00606655 6.50797e-08 0.000157676 0.840566 0.128613 1.24396e-11 
2.24815e-07 0.0161285 0.00105953 1.29932e-07 0.0013372 0.00979381 0.727613 0.0502951 0.000150979 0.0855171 5.45331e-11 0.0601642 0.00603803 7.33736e-05 0.00703354 2.39017e-07 1.4734e-08 0.00238372 0.0324117 9.27607e-11 
0.00137691 0.000818478 0.00745823 1.73306e-06 0.416532 9.69248e-06 0.000247537 0.00076658 0.0217854 0.00220258 9.64311e-10 0.0871738 0.0011266 3.23353e-05 0.0130228 0.000142128 3.03425e-06 0.279778 0.167315 0.000206403 
0.0105497 0.000613175 0.00414068 1.87685e-05 0.00340786 4.59163e-05 0.00297475 0.00877157 0.76637 0.00459111 4.66896e-09 0.027045 0.00872889 0.000746735 0.0901713 2.02785e-05 1.71621e-05 0.0370945 0.0346925 6.94544e-09 
0.0953388 0.000844787 0.000111375 1.58769e-05 9.65634e-06 9.09169e-07 0.000200121 1.03948e-05 0.000899084 0.0045499 2.90539e-12 0.370772 0.000602164 6.38511e-06 0.0131782 1.85092e-05 1.01945e-05 0.0103028 0.503129 4.94206e-12 
0.00427663 0.00614033 0.0824251 7.47036e-09 0.00207431 1.61307e-06 2.12782e-06 1.14853e-06 0.00177132 0.254548 4.86501e-09 0.00308251 0.573494 1.22744e-06 0.063549 0.000776701 1.09194e-07 0.0078289 2.70062e-05 8.27537e-09 
0.00703957 0.00394472 0.00657162 7.51226e-06 0.00518752 2.30378e-05 0.00177122 0.00464069 0.665522 0.0332838 2.76369e-09 0.0454684 0.00396123 0.000323416 0.123929 0.00028459 1.78054e-05 0.0756419 0.0223827 4.52429e-09 
0.00274351 0.001234 0.0163672 1.2209e-11 0.000338747 3.7397e-08 0.000108649 1.59229e-08 0.300178 0.000373712 7.95104e-12 0.062553 0.00094627 3.51657e-08 0.246222 0.000368298 5.89628e-09 0.349053 0.0195142 1.35247e-11 
0.00240765 0.00384 0.017362 1.529e-11 0.0142402 5.0608e-08 0.000108686 0.000311377 0.258156 0.00225107 9.95749e-12 0.0842711 1.00659e-07 0.000250478 0.327338 0.000368329 7.97912e-09 0.220986 0.0681089 1.69377e-11 
0.191409 0.00449117 0.00323074 1.49652e-07 0.0111409 6.15777e-08 4.75829e-08 1.37828e-05 0.00454693 0.182651 6.79132e-11 0.0598684 0.000700144 5.16402e-08 0.00654537 6.35174e-08 1.55077e-07 0.501769 0.0315 0.00213299 
0.00307361 9.60482e-05 0.00752853 2.31705e-06 0.026008 5.36226e-05 8.21749e-05 0.000867798 0.0757994 0.00329528 1.79151e-12 0.0477203 0.00150454 9.26375e-06 0.0559142 0.000158429 7.63123e-07 0.468354 0.309531 1.27461e-09 
0.0783959 0.000274456 2.85358e-05 3.17202e-05 1.93002e-05 1.64044e-09 0.000400141 5.66579e-06 0.000147772 0.000342401 1.03188e-12 0.135422 0.000482611 1.47448e-09 0.00944088 1.51416e-09 2.03769e-05 0.000625384 0.774363 1.75522e-12 
0.00396848 0.0047675 0.135331 0.000212985 0.00364146 9.06509e-05 0.000421544 0.000514593 0.0113383 0.0392184 1.09001e-05 0.0138203 0.72639 0.0009565 0.0156959 0.000253032 5.68905e-05 0.00465663 0.0385569 9.79919e-05 
0.000771435 4.34632e-05 0.00617533 1.8133e-08 0.000888289 7.12143e-06 0.000359106 0.00445429 0.889989 0.00269097 9.00974e-13 0.0073974 0.000756425 0.00195376 0.0152188 0.0113427 0.000193828 0.0346968 0.0230615 1.53255e-12 
5.09385e-05 0.0149298 0.000223007 0.00013665 0.000259233 4.22659e-07 9.5131e-07 0.000258279 0.000585073 0.719906 1.19129e-11 0.00161892 0.00061066 0.117386 0.000176602 0.140943 2.2883e-05 0.00275834 0.000134231 2.02638e-11 
0.00360428 0.00159877 0.110286 0.00126497 0.000579057 1.26914e-08 4.9309e-05 6.89362e-05 0.346315 0.000875806 3.28041e-09 0.0399632 3.9654e-05 7.73033e-05 0.0034538 0.079079 0.0637348 0.346556 0.00245334 2.09437e-08 
0.0149233 0.0778192 0.0437257 0.00881715 0.0258253 4.2362e-08 0.00318131 8.78387e-05 0.0154551 0.0826549 3.11365e-12 0.172263 0.00116828 6.50575e-05 0.00794326 0.0125565 1.11587e-05 0.533072 0.000171954 0.000258761 
0.00360428 0.00159877 0.110286 0.00126497 0.000579057 1.26914e-08 4.9309e-05 6.89362e-05 0.346315 0.000875806 3.28041e-09 0.0399632 3.9654e-05 7.73033e-05 0.0034538 0.079079 0.0637348 0.346556 0.00245334 2.09437e-08 
0.00360428 0.00159877 0.110286 0.00126497 0.000579057 1.26914e-08 4.9309e-05 6.89362e-05 0.346315 0.000875806 3.28041e-09 0.0399632 3.9654e-05 7.73033e-05 0.0034538 0.079079 0.0637348 0.346556 0.00245334 2.09437e-08 
0.00214759 0.0268431 0.00044126 1.26976e-05 0.0086658 1.38579e-07 0.0104002 0.0173681 0.00139524 0.555605 6.68086e-09 0.00574532 0.000748555 0.0966405 0.00380881 0.0453688 0.130845 0.093065 0.000899517 2.28587e-07 
0.00630074 0.000106398 0.00404582 1.24926e-07 0.00106667 4.3769e-05 0.00103019 0.0343258 0.455623 0.00845028 1.43635e-11 0.0202792 0.0113823 0.169962 0.0952886 0.00188959 0.000460863 0.0135748 0.151006 0.0251644 
0.00360428 0.00159877 0.110286 0.00126497 0.000579057 1.26914e-08 4.9309e-05 6.89362e-05 0.346315 0.000875806 3.28041e-09 0.0399632 3.9654e-05 7.73033e-05 0.0034538 0.079079 0.0637348 0.346556 0.00245334 2.09437e-08 
0.0212061 0.0579202 0.00701105 0.000186455 0.0281429 0.000142133 0.00108333 0.00173635 0.00832485 0.0533926 1.72715e-05 0.0138183 0.571257 0.000157916 0.0097067 0.00150043 3.64952e-05 0.0982878 0.123944 0.00212818 
0.00360428 0.00159877 0.110286 0.00126497 0.000579057 1.26914e-08 4.9309e-05 6.89362e-05 0.346315 0.000875806 3.28041e-09 0.0399632 3.9654e-05 7.73033e-05 0.0034538 0.079079 0.0637348 0.346556 0.00245334 2.09437e-08 
0.00414202 0.00792779 0.0738108 4.98967e-11 0.00168929 2.14966e-07 2.83974e-07 2.62436e-08 0.0340116 0.000869285 3.24948e-11 0.0659415 0.153669 1.63639e-07 0.187499 4.33737e-08 0.000128347 4.94336e-07 0.47031 5.52736e-11 
0.338624 0.0195851 0.0174815 2.93319e-05 0.00435058 1.83375e-07 1.92877e-07 0.165107 0.000525174 0.0652938 7.47577e-11 0.0777146 0.156434 1.21161e-07 0.00141357 0.00133247 6.48938e-08 0.0811006 0.0710067 2.768e-07 
0.00411199 0.00796095 0.00590279 0.000428896 0.0236773 0.000394624 0.00208146 1.64014e-05 0.00504721 0.121371 1.37585e-05 0.440673 0.013327 0.00037439 0.00724402 0.00496533 0.00860557 0.271087 0.0824918 0.000225373 
5.17852e-08 0.017737 1.17016e-07 0.000143356 1.41283e-07 1.16808e-08 1.54641e-08 6.62586e-08 0.000669078 0.815788 1.37184e-11 2.18084e-07 0.000699336 5.10185e-06 8.7766e-08 0.16191 2.67505e-05 0.00302049 6.53917e-08 2.3335e-11 
0.0940773 0.00738429 0.0224057 2.69431e-07 0.0311158 5.18053e-06 0.00223685 0.00262288 0.0295492 0.0435409 9.70435e-08 0.441566 0.0091884 0.000197354 0.0978289 0.00236883 6.45022e-05 0.151531 0.0642806 3.64762e-05 
0.204022 0.0362485 0.112114 0.0216872 0.0467805 5.96695e-07 2.53839e-06 2.01632e-07 0.0211879 0.00801621 5.20978e-09 0.115961 0.00754706 0.0891772 0.00912633 8.97647e-06 0.000155527 0.326774 0.00118908 9.83252e-07 
0.000638536 0.077394 0.0797467 1.60234e-09 0.0221352 3.29507e-05 0.141488 0.0784935 0.0212344 0.177301 1.04351e-09 0.25682 0.0256473 2.76132e-07 0.0150635 0.00212704 4.78463e-08 0.0273271 0.0745506 1.77501e-09 
0.00277122 0.00431235 0.392778 0.29389 0.00175605 0.00295632 0.000856895 0.000158688 0.0110123 0.113413 1.20602e-10 0.0287544 0.000154236 4.3246e-06 0.00346364 0.000724914 0.0212799 0.121715 1.56617e-07 1.27609e-07 
0.0395235 0.737159 0.00243823 1.15311e-06 0.00548986 4.09922e-07 0.000282686 0.000907718 0.00374089 0.0660101 1.63751e-10 0.0866253 0.0297049 3.96477e-06 0.0142963 7.04785e-05 8.37692e-07 0.0115719 0.00207727 9.58859e-05 
0.0222443 0.0169533 0.0135836 1.49857e-05 0.0309844 3.78711e-05 0.000259894 0.00185055 0.0344881 0.0355498 3.21805e-06 0.0958745 0.00463843 0.000175414 0.0594149 0.00194333 0.000220006 0.23432 0.447059 0.000384652 
0.00703957 0.00394472 0.00657162 7.51226e-06 0.00518752 2.30378e-05 0.00177122 0.00464069 0.665522 0.0332838 2.76369e-09 0.0454684 0.00396123 0.000323416 0.123929 0.00028459 1.78054e-05 0.0756419 0.0223827 4.52429e-09 
0.065578 0.00296912 0.253817 3.48709e-05 0.0100846 2.29936e-08 0.00290272 0.00047151 0.00790991 0.0173167 2.94691e-10 0.394938 2.25049e-05 0.000394252 0.193666 0.00119405 2.82149e-05 0.035471 0.0132013 5.01268e-10 
5.17852e-08 0.017737 1.17016e-07 0.000143356 1.41283e-07 1.16808e-08 1.54641e-08 6.62586e-08 0.000669078 0.815788 1.37184e-11 2.18084e-07 0.000699336 5.10185e-06 8.7766e-08 0.16191 2.67505e-05 0.00302049 6.53917e-08 2.3335e-11 
0.0479814 0.0332976 0.165241 0.000541404 0.0357937 0.000176782 0.00393828 1.19925e-07 2.31533e-06 0.0213722 2.59355e-11 0.189485 0.0976152 2.16675e-07 2.6874e-07 5.36335e-06 0.0651564 0.30761 0.0317819 5.82377e-07 
0.0911316 0.508753 0.0186634 2.54357e-06 0.000855565 9.82561e-07 1.89569e-06 0.0397677 2.8513e-06 0.270145 1.73628e-09 0.0602634 1.86745e-05 1.12524e-06 6.46804e-06 0.00384416 8.39572e-07 0.00225707 0.00423453 4.92949e-05 
0.00326247 0.0283495 0.0663327 0.000200994 0.00457445 0.000880285 0.000187095 0.00079185 0.000730709 0.676789 9.10511e-08 0.0116987 0.0519183 6.15539e-07 0.00727483 0.0059093 2.67023e-06 0.122936 0.0181493 1.15188e-05 
0.00481819 0.00326277 0.0506866 3.91388e-08 0.0247783 0.0133481 0.00042402 0.204022 0.106636 0.037761 8.69014e-11 0.0937246 0.0451266 0.000246074 0.0311733 0.00209132 5.61983e-05 0.217691 0.164155 8.24942e-09 
0.0536814 0.00251687 0.0269061 0.000162691 0.000139362 2.89218e-05 0.00015293 0.000153199 0.00174137 0.0114542 2.16692e-11 0.568922 0.00617624 0.00010702 0.0992197 4.62551e-05 0.0091948 0.0554937 0.163904 3.68592e-11 
0.00941248 0.0226274 0.0054967 0.0017613 0.0275045 3.45191e-06 0.00544299 0.00214414 0.00424181 0.199475 8.66504e-08 0.00469554 0.664571 1.42367e-05 0.000131302 0.0290702 3.93572e-05 0.00949375 0.0138664 8.96542e-06 
0.0453169 0.456951 0.0411213 0.00215809 0.00168122 0.000104123 0.003065 0.00191541 0.0168832 0.174819 8.65418e-05 0.0207433 0.070704 0.0487477 0.0183847 0.0152511 0.00732649 0.0635998 0.0107932 0.000347349 
0.0131398 0.000560075 0.046134 0.000125459 0.0244865 1.47184e-05 0.000319016 0.0238799 0.615236 0.0424808 1.18712e-05 0.00780999 0.0116908 0.000119982 0.0153437 0.00158797 3.85632e-05 0.140682 0.0560845 0.00025398 
0.0208485 0.0173243 0.0353091 2.11767e-05 0.0129917 5.20602e-06 0.00619379 0.0415784 0.0344066 0.0986934 2.47762e-10 0.277567 0.00914175 0.000210974 0.040611 0.00174434 0.0174436 0.366583 0.0193257 4.86224e-07 
0.0485256 0.00013724 3.87744e-05 1.5868e-05 0.00179936 1.56478e-09 0.000333142 2.83411e-06 0.000382824 0.000171207 1.64183e-12 0.261977 0.000241318 4.0284e-07 0.00472048 1.84412e-09 1.01913e-05 0.00129627 0.680348 2.79275e-12 
0.062838 0.473137 0.285258 4.19673e-07 0.00142522 9.78578e-09 0.00304514 0.00175811 0.000368717 0.0585176 8.05651e-09 0.0096803 0.0634818 0.00159132 0.0124841 0.00507439 0.000130772 0.0119656 0.00922458 1.87154e-05 
5.17852e-08 0.017737 1.17016e-07 0.000143356 1.41283e-07 1.16808e-08 1.54641e-08 6.62586e-08 0.000669078 0.815788 1.37184e-11 2.18084e-07 0.000699336 5.10185e-06 8.7766e-08 0.16191 2.67505e-05 0.00302049 6.53917e-08 2.3335e-11 
0.00703957 0.00394472 0.00657162 7.51226e-06 0.00518752 2.30378e-05 0.00177122 0.00464069 0.665522 0.0332838 2.76369e-09 0.0454684 0.00396123 0.000323416 0.123929 0.00028459 1.78054e-05 0.0756419 0.0223827 4.52429e-09 
0.000127239 0.00301682 0.00804384 2.35795e-05 0.00103729 1.39701e-06 1.24748e-08 0.713035 0.0162435 0.0112211 5.4693e-13 0.122619 5.40366e-05 2.79579e-05 0.00808092 0.00175928 3.5362e-06 0.0915251 0.0231802 9.30327e-13 
0.00147839 2.28398e-05 0.00410658 1.03e-05 0.0057732 0.178252 0.000603273 0.0339731 0.276018 0.10788 1.44643e-06 0.000739096 0.107317 0.00278677 0.000273428 8.45681e-05 0.000200597 0.219345 0.0611318 2.83547e-06 
0.0395412 0.00130414 0.0332359 5.72455e-05 0.0309233 8.087e-06 1.94654e-05 0.000316546 0.175515 0.0613078 1.00713e-06 0.0879843 0.00123687 0.000112392 0.120825 0.000852921 6.79816e-06 0.412949 0.0329888 0.000814052 
2.44564e-06 1.5307e-06 0.0233902 7.57659e-07 2.89753e-06 1.2496e-07 1.05155e-06 2.71291e-07 0.289591 3.18719e-06 1.02775e-10 8.8014e-06 0.0121335 2.02092e-07 1.23865e-05 5.79072e-06 4.88405e-07 0.674823 2.19104e-05 1.74819e-10 
0.00360428 0.00159877 0.110286 0.00126497 0.000579057 1.26914e-08 4.9309e-05 6.89362e-05 0.346315 0.000875806 3.28041e-09 0.0399632 3.9654e-05 7.73033e-05 0.0034538 0.079079 0.0637348 0.346556 0.00245334 2.09437e-08 
0.0142242 0.570096 0.000547098 1.00307e-10 0.0111762 7.93458e-11 0.000896174 0.00952939 0.0762296 0.11872 6.53244e-11 0.0934467 0.00246522 7.771e-06 0.00436403 0.00882811 1.98896e-05 0.0639908 0.0254581 1.11117e-10 
3.96298e-06 5.36423e-06 0.467797 2.36769e-06 0.0790104 2.06669e-06 0.0344554 3.3121e-05 0.00648954 0.0291911 1.03419e-08 0.00477026 0.146527 4.11992e-06 0.0172168 0.00123439 3.82132e-07 0.132396 0.0808605 5.06073e-07 
0.0911316 0.508753 0.0186634 2.54357e-06 0.000855565 9.82561e-07 1.89569e-06 0.0397677 2.8513e-06 0.270145 1.73628e-09 0.0602634 1.86745e-05 1.12524e-06 6.46804e-06 0.00384416 8.39572e-07 0.00225707 0.00423453 4.92949e-05 
0.0017257 0.0131617 0.029636 7.69444e-06 0.18816 0.000182386 1.99904e-07 0.000599965 0.0135525 0.290472 1.92381e-08 0.0030629 4.33292e-05 9.33255e-05 5.80441e-07 0.147054 2.56672e-08 0.247705 0.0633037 0.00123873 
0.00101178 3.58528e-05 0.00380507 0.000230796 0.225624 2.30201e-05 0.000306426 0.00549854 0.00918317 0.00285803 7.2552e-06 0.0522408 0.00115419 0.000210726 0.048141 0.000911484 0.00031165 0.213598 0.434793 5.53067e-05 
0.00178084 0.00141334 0.0172108 2.20421e-06 0.0316486 2.62136e-06 2.60789e-08 0.0611592 0.0318211 0.028797 1.31987e-12 0.0563204 0.000124175 4.18116e-05 0.0893195 0.000664058 2.18658e-06 0.474456 0.205236 2.47516e-09 
5.45434e-05 0.00145495 0.00186127 1.52358e-05 2.2656e-06 1.32711e-09 3.06728e-05 0.742027 0.000542629 0.00861195 1.21025e-12 0.00321587 0.000287135 0.000743178 0.000496519 0.238613 1.3685e-08 0.00147347 0.000570409 2.05864e-12 
0.0948952 0.0469184 0.259125 0.0118703 0.0229631 0.00528071 0.00680864 0.0171648 0.020685 0.150329 0.000605078 0.111751 0.0107853 0.00119882 0.0354706 0.00251715 0.00269894 0.0978289 0.0972915 0.00381227 
0.00365121 0.496015 0.0665351 2.57593e-05 0.00239029 4.1568e-07 0.000165584 0.00323648 0.00520895 0.237821 6.78465e-09 0.0820785 0.000943849 4.00554e-06 0.000479753 0.0169249 0.0255258 0.0577089 0.00128453 6.84011e-07 
0.340828 0.00638807 0.00100624 0.00154334 0.00711541 6.07167e-07 0.000536913 1.89668e-06 0.0207607 0.007527 1.65861e-09 0.470177 0.0417364 1.89811e-05 0.078436 4.69338e-05 2.20345e-05 0.003458 0.0203965 2.8213e-09 
0.00703957 0.00394472 0.00657162 7.51226e-06 0.00518752 2.30378e-05 0.00177122 0.00464069 0.665522 0.0332838 2.76369e-09 0.0454684 0.00396123 0.000323416 0.123929 0.00028459 1.78054e-05 0.0756419 0.0223827 4.52429e-09 
0.00703957 0.00394472 0.00657162 7.51226e-06 0.00518752 2.30378e-05 0.00177122 0.00464069 0.665522 0.0332838 2.76369e-09 0.0454684 0.00396123 0.000323416 0.123929 0.00028459 1.78054e-05 0.0756419 0.0223827 4.52429e-09 
0.00277122 0.00431235 0.392778 0.29389 0.00175605 0.00295632 0.000856895 0.000158688 0.0110123 0.113413 1.20602e-10 0.0287544 0.000154236 4.3246e-06 0.00346364 0.000724914 0.0212799 0.121715 1.56617e-07 1.27609e-07 
0.00703957 0.00394472 0.00657162 7.51226e-06 0.00518752 2.30378e-05 0.00177122 0.00464069 0.665522 0.0332838 2.76369e-09 0.0454684 0.00396123 0.000323416 0.123929 0.00028459 1.78054e-05 0.0756419 0.0223827 4.52429e-09 
0.000579325 4.34414e-05 0.0292508 2.80758e-08 0.0327881 7.15053e-05 0.00038246 0.00150148 0.00849793 0.0117492 3.04402e-09 0.0473561 2.26278e-08 4.90595e-08 0.00242598 0.000786387 2.41507e-06 0.797398 0.067167 5.84846e-09 
0.0207796 0.000551472 0.00689354 6.04497e-05 0.0311286 0.0649694 0.00012101 0.0012953 0.0380731 0.00396702 5.43078e-05 0.0203175 0.00701867 0.0575571 0.00397886 0.000104041 0.000265449 0.617994 0.122506 0.00236463 
