0.0176364 0.00935366 0.0181314 3.03944e-08 0.021616 2.12148e-09 0.00200046 0.015124 0.242064 0.0173322 6.00633e-07 0.244204 0.00597195 0.000197879 0.0686007 0.00390026 9.81979e-05 0.113413 0.220355 4.96784e-11 
0.190264 0.00970268 0.0251232 0.000263024 0.00648431 0.00285724 0.0266667 0.000380473 0.0257709 0.0152239 1.27729e-05 0.491169 0.0281412 4.83574e-06 0.0543223 0.000542041 5.29543e-06 0.0244707 0.0985957 9.50004e-10 
0.168596 0.269698 0.0271771 1.91823e-06 0.00399563 1.33093e-06 0.0041083 4.14545e-10 4.9659e-10 0.0103013 5.01727e-06 0.318532 0.00464558 1.81361e-09 0.00189733 0.000458346 6.57684e-10 0.027452 0.163126 4.12418e-06 
0.0347825 0.00128083 0.00398448 0.000653615 0.000506763 4.88175e-06 0.0584113 0.014056 0.0203872 0.0436154 4.98156e-06 0.564523 0.0257277 0.0145153 0.0223127 0.0013037 0.034277 0.0881803 0.0714727 2.92313e-09 
0.0604034 0.00768514 0.0114559 0.000176605 0.0155174 5.97939e-06 0.000649667 0.000548053 0.064099 0.0428344 1.91524e-05 0.444283 0.222816 0.000130431 0.00675447 0.0275466 0.000267651 0.0108307 0.0839733 3.42241e-06 
0.0449337 0.00209251 0.0223937 0.000768798 0.014641 0.000272454 0.00161059 0.0178639 0.0137975 0.039753 0.000437768 0.434175 0.0194687 0.000163124 0.0559021 0.000783035 0.00125162 0.0304688 0.299223 1.28404e-08 
0.207508 0.00579149 0.0418131 0.000310703 0.0194248 0.00751529 0.0681148 7.8704e-05 0.0115266 0.00606437 0.00390876 0.451157 0.0236467 0.00051861 0.0159645 0.000606052 0.000311146 0.0320435 0.103694 2.13137e-06 
0.223371 0.0284356 0.024631 1.7138e-05 0.0616105 2.71781e-05 0.0814704 0.0388688 0.00154644 0.0272763 0.00364131 0.418471 0.034011 7.34552e-05 0.00467063 0.000364244 0.000258079 0.00554078 0.0457066 8.26903e-06 
0.0138383 0.00264382 0.0344942 0.000351191 0.0088656 1.22158e-06 0.000668021 0.00764587 0.127436 0.0411259 0.000152978 0.235907 0.00463277 0.000880016 0.205734 0.00719889 6.70581e-05 0.203691 0.103322 0.00134438 
0.109296 0.020804 0.0230719 0.00023314 0.0889882 0.000101776 0.00180837 3.64183e-05 0.0163747 0.0651189 0.000389109 0.425147 0.0145639 0.0199244 0.000105278 1.75214e-05 0.0578106 0.0181 0.138109 6.60893e-10 
0.0732604 0.0090768 0.0643938 9.40282e-05 0.038716 9.36877e-05 0.00219295 0.0119881 0.0304453 0.0589875 6.76587e-05 0.446937 0.054385 0.000510699 0.113058 0.0150677 3.29636e-05 0.0704675 0.0102241 1.98759e-07 
0.107494 0.00203471 0.262577 0.000564762 0.0395804 3.27264e-08 1.07227e-06 0.000203491 0.0121245 0.00377215 3.399e-07 0.44107 3.79762e-08 1.24972e-07 0.0151693 0.000171046 2.00803e-09 0.0742253 0.041012 5.76936e-11 
0.0427024 0.00382913 0.162567 0.000365771 0.0262767 4.6072e-08 5.67911e-08 0.00183778 0.00186196 0.0898601 4.92185e-08 0.372949 0.000640413 1.84894e-12 0.0445775 0.00146616 7.47083e-06 0.0269828 0.224076 3.84022e-12 
0.185685 0.00383003 0.00980152 7.96359e-05 0.00843513 0.00150922 0.00124798 0.00026943 0.00683023 0.0249073 0.00172593 0.373044 0.00114512 8.28518e-05 0.0182013 0.00143207 3.42296e-05 0.0152246 0.346514 3.67488e-12 
0.00870574 0.000151259 0.00045591 5.35839e-05 0.00135977 9.87847e-06 0.000185213 0.0134745 0.000111401 0.00160183 0.000159706 0.899686 0.0118585 1.46065e-05 0.00836509 2.07384e-05 1.21725e-05 0.00120102 0.0525678 5.70302e-06 
0.022049 0.0010654 0.0231694 1.99959e-10 0.0465007 2.04614e-07 0.000242599 3.05495e-06 1.1278e-07 0.0026291 4.31921e-07 0.547818 0.0619989 0.0148565 0.00725314 0.000305991 0.00512166 0.000437641 0.266548 2.21507e-10 
0.0621249 0.00803036 0.107304 0.000104084 0.00615543 2.24385e-07 0.000155346 0.000242612 0.00908891 0.00215051 0.0086105 0.317223 0.000838485 0.00165592 0.0985775 1.53345e-05 2.15374e-05 0.161941 0.21576 9.51817e-11 
0.0370229 0.00254549 0.0619987 1.01645e-06 4.37129e-08 2.25812e-05 7.30598e-05 5.57699e-08 0.000853472 0.00520559 7.49104e-11 0.580355 0.0204483 0.000254761 0.160782 3.2517e-11 1.07675e-05 0.0750632 0.0553632 1.27422e-10 
0.0880724 0.030937 0.00482452 0.00815872 0.00124728 3.23691e-06 0.00073972 0.000676403 0.00843736 0.0651303 1.9525e-05 0.437073 0.0239871 0.000178161 0.0392669 0.0173488 1.62039e-05 0.107618 0.166265 4.86861e-08 
0.0212601 0.0109989 0.0139766 0.000124542 0.0265482 9.40847e-07 0.000558619 0.00411313 0.249963 0.0302256 5.46743e-07 0.375959 0.00214283 0.000663453 0.0453142 0.00149743 1.56867e-05 0.150449 0.0661875 2.13067e-09 
0.00201715 0.00369532 0.0161968 6.91663e-07 0.000203011 6.90972e-10 1.31587e-10 0.00234592 0.00106261 0.0283373 1.4831e-05 0.451735 6.54467e-05 3.11574e-06 0.325464 0.000203166 2.31807e-06 0.0648896 0.103764 6.09879e-12 
0.0766076 0.0229781 0.214647 0.000287067 0.0161275 5.78388e-12 0.000598463 0.00616582 0.0166764 0.0950113 0.000144685 0.242992 0.0273691 6.35153e-05 0.108938 0.00919863 0.000121096 0.06682 0.0906553 0.00459893 
0.00185053 0.0948228 0.0308174 3.46135e-08 0.000935017 7.51057e-06 6.64335e-05 0.000173054 0.0147794 0.0188327 0.000288086 0.507934 0.000586818 0.0708572 0.0283394 0.00019716 0.0007805 0.00234595 0.226386 7.71299e-11 
0.0578948 0.00955305 0.0855208 3.35849e-06 0.0170264 4.52317e-05 0.00164199 0.0145471 0.100215 0.113253 0.00320731 0.355669 0.000914387 0.000705321 0.069225 0.0366227 1.02887e-05 0.091883 0.0418658 0.000195869 
0.0781051 0.0142297 0.000247075 2.15072e-05 0.000104824 2.06503e-06 2.4191e-05 7.09484e-06 1.84498e-05 8.17539e-05 2.12823e-05 0.854293 0.0281833 1.39236e-06 3.13089e-05 2.30023e-05 5.04922e-07 0.00736215 0.0172394 2.89189e-06 
0.118898 0.00217279 0.00837027 1.25474e-05 0.0166546 0.000320117 0.000312144 0.00428978 0.0630313 0.0237233 0.000239973 0.585842 0.00301281 0.000914954 0.0103297 0.00102012 0.00859326 0.0931225 0.0590527 8.69039e-05 
0.256676 0.0154127 0.0302046 1.38291e-05 0.00832622 1.79234e-07 5.71318e-05 0.00466338 0.00939456 0.0288595 0.000190911 0.258975 0.189788 3.81606e-05 0.0299547 0.000222698 0.0041354 0.102699 0.0536494 0.00673872 
0.146127 0.0022087 0.0286016 0.00137311 0.0382456 2.53459e-07 0.000115256 0.00242203 0.0810664 0.0113037 5.0978e-05 0.306618 0.000401903 0.00148008 0.0690317 0.00903677 0.0103934 0.141713 0.14981 1.26228e-09 
0.21938 0.0197174 0.0388989 9.41442e-06 0.0117566 2.42296e-06 5.28028e-05 0.0233729 0.053554 0.177674 4.71091e-05 0.358698 0.0114905 5.56194e-05 0.0121522 0.019734 2.87363e-05 0.0362108 0.0102316 0.0069326 
0.0232631 0.00588698 0.0367799 0.000132208 0.00854823 6.91031e-06 0.000459407 0.0168267 0.0516302 0.0643927 0.00220794 0.487174 0.00242306 0.00195137 0.0711986 0.00218675 3.37331e-05 0.189477 0.0354217 6.35455e-08 
0.0904068 0.0354088 0.0535022 2.99791e-05 0.0281559 0.00163618 0.000761987 0.0060859 0.0167845 0.0667894 0.000801755 0.383843 0.010529 0.00114168 0.125555 0.0032371 0.00920435 0.0849784 0.0811055 4.27556e-05 
0.241335 0.0459818 0.0514589 0.000736691 0.00464696 7.32878e-08 0.000786064 0.0196201 0.00406042 0.0473642 5.79065e-05 0.330349 0.00192777 0.000239925 0.0297946 0.000781809 2.09483e-08 0.213488 0.00737077 9.23525e-10 
0.024395 0.114051 0.0195768 0.00163034 0.000567834 2.02639e-07 0.000351404 0.00799168 0.179736 0.033427 3.36924e-05 0.304293 0.00119766 0.000743404 0.0131825 0.00209278 1.93196e-05 0.258471 0.0382385 1.40507e-11 
0.0116973 0.00313875 0.131474 1.65945e-07 0.0353822 1.53768e-07 0.000560843 0.049386 0.0114934 0.0990422 0.000330556 0.358883 0.014891 0.0236374 0.170486 0.00950146 0.00094783 0.0525498 0.0265839 1.28261e-05 
0.0662032 0.139003 0.0815076 1.55121e-06 0.0228772 0.019873 1.83169e-07 0.00144759 0.0222156 0.0288036 4.59145e-07 0.267557 0.0111321 0.000107756 0.127758 0.00229216 0.00104362 0.138203 0.0699682 6.36802e-06 
6.24655e-06 9.04186e-07 0.229316 3.6516e-10 0.00672473 2.88851e-10 1.54033e-06 0.000900087 6.98645e-07 8.72572e-07 2.37808e-10 0.489629 7.06686e-11 1.96706e-08 4.1273e-06 4.0879e-06 7.06271e-11 0.00575936 0.267653 4.0451e-10 
0.048468 0.00043926 0.0222924 0.00034419 0.0564135 7.65868e-06 0.000834402 0.000444398 0.00219298 0.058172 0.000485546 0.632838 0.000628898 3.91249e-05 0.0097998 0.000903845 0.00337962 0.0590594 0.101526 0.00173091 
0.0427024 0.00382913 0.162567 0.000365771 0.0262767 4.6072e-08 5.67911e-08 0.00183778 0.00186196 0.0898601 4.92185e-08 0.372949 0.000640413 1.84894e-12 0.0445775 0.00146616 7.47083e-06 0.0269828 0.224076 3.84022e-12 
0.00392284 0.00582799 0.0698815 2.44622e-06 0.000702368 0.0114423 0.000151752 0.00268457 0.0134144 0.0453573 1.04504e-05 0.481464 0.00185718 0.000771145 0.222034 0.00481595 0.000328979 0.0615883 0.073742 2.35553e-11 
0.0890979 0.00328737 0.266267 0.000434006 0.0101405 0.00108726 0.00118704 0.00179537 0.00568253 0.0408165 0.000416436 0.271 0.00508425 0.00149939 0.111272 0.00263926 4.01571e-05 0.0644071 0.122218 0.00162829 
0.02491 0.0108562 0.201597 0.000136717 0.0322135 0.0778133 4.16669e-05 0.00810935 0.0449345 0.0533926 1.87929e-07 0.320015 0.001548 0.000275371 0.0563374 0.0102033 0.000299669 0.0600254 0.0972914 7.6701e-11 
0.00475467 0.000565849 0.00754754 2.15004e-05 0.238133 1.41613e-08 0.00144589 0.0235918 0.00162818 0.00543706 6.55146e-06 0.519385 0.000773613 1.33204e-06 0.0796106 0.00147409 3.22943e-07 0.0339791 0.0816438 1.7527e-11 
0.0543285 0.0287766 0.0438414 1.38906e-10 0.00206839 7.74714e-05 1.50276e-05 0.00327208 0.00112274 0.0589662 1.47776e-05 0.49947 0.164171 0.000146017 0.0208337 0.00148804 9.69426e-05 0.0108691 0.110261 0.000180691 
0.0460845 0.00245162 0.0217243 0.00221393 0.0118018 9.59984e-06 0.00184633 0.0264324 0.19119 0.0258381 0.00101954 0.338125 0.0162496 0.0054603 0.146369 0.000587877 0.00577123 0.0441428 0.112678 2.92491e-06 
0.0710796 0.00680371 0.0439022 0.000365134 0.0325078 0.000104082 0.000387641 0.00714691 0.0102706 0.0766239 0.000537542 0.318532 0.0409322 0.00011517 0.0841282 0.0148815 5.43176e-05 0.0904433 0.201184 1.54543e-07 
0.104915 1.98714e-06 0.000282482 7.62564e-08 0.00617098 6.01881e-07 2.83648e-06 8.1611e-07 1.11364e-08 2.52589e-06 1.33737e-06 0.884852 0.000749369 8.47752e-06 0.000594378 2.15569e-08 1.47491e-08 8.39876e-05 0.00233341 8.44739e-08 
0.142707 0.177497 0.0197649 0.00429193 0.018346 6.91198e-06 0.00255125 0.0030877 0.0702695 0.0512563 0.00513126 0.189469 0.00455652 0.00260689 0.0630775 0.0024717 0.00762419 0.188678 0.0387778 0.00782857 
0.186208 2.14514e-06 0.0142292 9.64442e-07 0.00480206 1.16899e-07 0.000532056 7.89702e-06 5.3631e-06 0.0123936 1.19953e-06 0.42482 3.63188e-07 1.81182e-06 0.0958527 2.0213e-06 3.02481e-07 0.261109 3.15077e-05 9.6241e-11 
0.0358973 0.0124231 0.0541014 0.000706901 0.0176295 0.000283901 0.00293365 0.0140901 0.0551496 0.0520942 0.00175531 0.207222 0.0141889 0.0018211 0.191763 0.0091379 0.00276564 0.185516 0.140178 0.000341874 
0.133724 0.00629679 0.0254542 0.000783582 0.0590767 0.00150152 0.0154427 0.0102814 0.0257563 0.0378404 0.0105072 0.416431 0.0261539 0.00232753 0.0366318 0.00200247 0.00106692 0.0388852 0.149614 0.000222376 
0.0288322 0.0184964 0.04125 8.45902e-05 0.00750194 0.000371338 0.00235199 0.0156734 0.0343969 0.0766107 0.0006506 0.349902 0.0104925 0.000682502 0.161766 0.0124034 4.99383e-05 0.171021 0.067442 2.02824e-05 
0.00132878 0.00650604 0.00203641 9.63299e-09 0.0843768 3.72628e-08 0.00451557 0.00370617 0.0636795 0.00324743 5.86647e-08 0.400518 0.0156958 0.000191794 0.0189511 0.000650551 0.000227263 0.210976 0.183393 7.41947e-12 
0.0242766 0.00390359 0.0325955 0.000841245 0.00057648 2.53193e-05 0.000271874 0.0779925 0.117312 0.0110051 0.000418485 0.277348 0.00994054 0.00672685 0.148058 0.0114339 0.00548468 0.186437 0.0853524 1.19367e-10 
0.00457804 0.00647502 0.00531385 8.11989e-05 0.119188 5.70228e-08 0.00150767 0.0248339 0.0161023 0.00650076 2.49381e-06 0.631539 0.00464571 4.97303e-05 0.0185274 0.000703516 4.65531e-05 0.0793552 0.0805498 3.45053e-11 
0.0966455 0.0222955 0.113417 9.98422e-10 0.0197411 1.26444e-06 0.000708909 7.53804e-05 1.45808e-10 1.72274e-06 0.00509715 0.445115 0.217159 5.32511e-10 3.18217e-05 2.82244e-10 3.47789e-07 0.0796898 2.12054e-05 1.10601e-09 
0.069499 0.00771995 0.0509472 3.33379e-06 0.00960118 4.304e-08 1.94915e-07 0.000204479 0.0367342 0.0357297 0.0004115 0.303363 0.0111179 3.90901e-05 0.135762 6.54353e-05 5.12139e-07 0.2283 0.0992425 0.0112585 
0.0182955 0.0302911 0.0358039 0.00202974 0.013707 1.04354e-05 0.00011613 0.00330221 0.0350811 0.0180188 0.000341509 0.424121 0.00147548 0.0016473 0.0511091 0.00463436 0.0137771 0.221806 0.124401 3.13143e-05 
0.0295344 0.0163022 0.0740327 7.73587e-07 0.00744125 5.0277e-06 0.00355226 0.00181828 0.00628643 0.0558989 2.18482e-05 0.431757 0.0134309 0.000599978 0.0886703 0.0134807 2.32562e-05 0.0403797 0.216764 1.41208e-07 
0.0306673 0.0127733 0.189219 0.00016904 0.0238095 0.000117633 0.00118505 0.0181594 0.0213947 0.106853 0.00293067 0.194769 0.031431 0.00187447 0.122907 0.00331215 0.00316808 0.139107 0.0959 0.000252743 
0.0204373 0.0128592 0.0829048 3.96279e-05 0.0189021 0.000317102 0.000672759 0.019784 0.0329158 0.0664815 0.00375223 0.2897 0.016226 0.000673824 0.210454 0.00336367 0.00414169 0.111112 0.105263 5.97176e-08 
0.017948 0.00859407 0.00352572 0.00235622 0.0158869 9.48688e-09 5.3193e-05 0.00106758 0.0716011 0.00554436 2.37886e-06 0.764206 0.000107419 4.87408e-06 0.00593941 4.89016e-05 3.11505e-06 0.0262243 0.0768861 1.32855e-08 
0.186302 0.00150936 0.125887 2.36348e-06 0.0150396 2.43177e-05 9.55301e-06 0.000740183 0.0265845 0.0164801 1.66963e-05 0.264379 0.00274568 5.84647e-05 0.063417 0.00393432 0.0006513 0.0792842 0.212934 5.48408e-09 
0.068025 0.00929023 0.0551135 0.0009525 0.0298722 0.000591604 0.00231521 0.0347649 0.0298277 0.048546 0.000948269 0.248522 0.0226858 0.00207798 0.0952677 0.00251515 0.00584139 0.232074 0.110728 4.09105e-05 
0.0562242 0.00125369 0.138231 0.000106887 0.00269968 3.74692e-08 0.0361487 0.00209027 0.0855886 0.00712018 4.1338e-07 0.52629 8.92112e-05 0.00767705 0.0895282 0.0002015 4.74396e-05 0.0410951 0.00560791 5.24722e-08 
0.285403 0.0187156 0.0210582 2.09567e-05 0.0168992 0.00361289 0.000148704 3.81815e-05 0.0469482 0.0130486 8.02321e-05 0.328843 0.00199427 1.03918e-06 0.0215947 0.000273716 3.0438e-05 0.193464 0.047825 6.44674e-10 
0.00759921 0.000341924 0.0454012 7.01173e-08 0.0034055 2.79542e-08 0.0031495 0.000357167 0.00924289 0.0020346 0.0061461 0.716747 0.017529 0.00186379 0.0876568 3.69042e-05 4.40211e-06 0.00941224 0.0890716 6.21453e-10 
0.0756514 0.00888209 0.00836027 0.00422358 0.0126027 2.75878e-05 0.00117155 0.000181049 0.0748137 0.0224282 5.35849e-05 0.482449 0.00283164 0.000207324 0.0564985 0.000837775 0.0315842 0.193825 0.023353 1.73856e-05 
0.0816194 0.176445 0.0183138 0.00247122 4.0094e-05 9.11002e-09 0.0011372 0.115909 0.00371252 0.0364317 9.96603e-05 0.346152 0.0426963 0.00151912 0.0465151 0.00535028 6.46576e-06 0.0693961 0.052185 6.41261e-10 
0.00288443 0.00602649 0.0018393 1.11706e-07 0.00184242 1.12206e-07 6.29342e-05 1.21132e-05 0.0215476 0.00196538 7.84275e-12 0.599887 9.31063e-09 6.42304e-12 0.00865129 9.95508e-09 5.63087e-06 0.35382 0.00145523 1.33405e-11 
0.0933062 0.00564503 0.0446004 0.00164359 0.0857642 0.000468243 0.00114004 0.00777667 0.0393776 0.0289106 0.00223346 0.267936 0.00933853 0.00184742 0.095408 0.00550217 0.0044784 0.127823 0.176521 0.00027835 
0.0789457 0.00764782 0.0719352 0.000314808 0.0665442 0.000117838 0.00152964 0.0260789 0.025935 0.0440924 0.00255647 0.216545 0.00339014 0.00153611 0.19589 0.00302585 0.00697298 0.188371 0.0585697 9.20194e-07 
0.02491 0.0108562 0.201597 0.000136717 0.0322135 0.0778133 4.16669e-05 0.00810935 0.0449345 0.0533926 1.87929e-07 0.320015 0.001548 0.000275371 0.0563374 0.0102033 0.000299669 0.0600254 0.0972914 7.6701e-11 
0.0800979 0.0055747 0.0471939 2.01361e-05 0.0338392 1.02938e-05 0.000121955 0.00465307 0.0295375 0.0331507 0.0185556 0.368616 0.0650333 0.000142544 0.0733842 0.0115678 8.9254e-05 0.112636 0.113402 0.00237376 
0.00463075 0.00216283 0.0237051 0.000676748 0.0773019 1.73281e-05 0.000427761 0.000492069 0.00432172 0.0181584 0.000157296 0.606236 0.00905817 0.000257326 0.0594487 0.000222511 4.33279e-05 0.0110148 0.181667 7.7424e-08 
0.0729477 0.00118716 0.0212943 0.000204685 0.222118 0.000975048 0.0271772 0.076139 0.0280625 0.00547836 0.000180066 0.222534 0.0102105 1.35159e-05 0.0371966 0.000398215 3.2163e-05 0.147792 0.126059 6.67077e-11 
0.0444211 0.102105 0.0702534 2.26956e-05 0.0211131 9.03116e-08 0.00310101 0.00348765 0.00447387 0.0792372 1.02988e-06 0.342404 0.000887344 6.69073e-06 0.0520643 0.0241029 3.41636e-05 0.223359 0.0289258 1.44629e-09 
0.00719293 0.00566642 0.0546839 0.00437084 0.00458158 2.36402e-05 0.000171127 0.0843717 0.0399556 0.16181 0.00628152 0.44419 0.0023842 1.88949e-05 0.111771 0.00204848 1.28087e-06 0.0328985 0.0375776 1.13002e-09 
0.111822 0.0040881 0.00901392 2.00016e-06 0.0304703 4.27201e-07 0.000862867 6.7487e-06 0.0907208 0.00269808 0.000397334 0.595083 0.00439665 9.00611e-07 0.0264453 0.00014713 3.37331e-07 0.0829158 0.0409283 5.45185e-09 
0.226518 0.0130963 0.0411278 8.5937e-05 0.0244463 0.000515526 0.000151414 0.00960495 0.120847 0.0264326 5.04023e-05 0.333514 0.0131351 0.000797286 0.0680652 0.0217921 0.000213624 0.0832488 0.0163575 2.64734e-08 
0.222383 0.0935431 0.0186915 0.0024488 0.000531508 2.77175e-07 3.93872e-06 0.000124423 0.00280821 0.0102703 0.194646 0.252088 0.0373161 0.000165427 0.0398561 2.21922e-05 7.09728e-05 0.119119 0.00591098 7.17553e-08 
0.0379796 0.113344 0.158694 0.000269325 0.0517831 7.70296e-06 0.00943474 0.000278846 0.00778814 0.054975 0.00044984 0.375711 0.0077284 0.00209914 0.0148403 0.00283249 1.00356e-05 0.143169 0.0182655 0.00033963 
0.0262657 0.0129364 0.0196845 0.0341541 0.0420551 1.45427e-05 0.0714282 0.0189215 0.28186 0.0282359 0.00377001 0.349121 0.00631571 0.00352868 0.0110916 0.00143222 0.000573887 0.0439978 0.0446124 6.53081e-08 
0.0596816 0.0136993 0.0108433 1.36291e-07 0.00108889 2.60218e-06 0.00270602 0.0683423 0.0203981 0.169451 0.000348208 0.237695 0.00706934 8.73971e-05 0.154774 0.0264477 2.17694e-05 0.147949 0.0793936 4.68749e-11 
0.0418121 0.00249365 0.023971 1.23768e-05 0.00524671 4.88883e-07 0.000661362 0.000143519 0.0126761 0.0274027 9.03758e-06 0.670105 0.0411534 0.00147036 0.0673819 6.89248e-05 0.000122798 0.0718579 0.0333999 1.10687e-05 
0.000106274 0.00931174 0.0565579 5.11386e-08 0.00183023 9.5585e-06 5.02148e-11 0.000199545 0.0020176 0.00701043 0.001138 0.460231 0.00428612 0.00132136 0.127638 2.32232e-11 2.82845e-05 0.217749 0.110564 9.10036e-11 
0.0345412 0.00481371 0.012954 0.0001295 0.0672014 0.0012813 0.000130791 0.00444404 0.0211831 0.0519702 0.000710038 0.291122 0.0123126 5.20038e-05 0.119273 0.00762494 1.57452e-05 0.264532 0.104585 0.00112309 
0.000879774 0.00341797 0.00548269 1.78416e-05 8.56523e-05 2.63157e-08 2.03349e-08 1.1402e-05 0.000280882 6.03317e-05 0.000562985 0.849979 0.00264748 0.00117106 0.0316632 4.13322e-05 2.7705e-05 0.103245 0.000374169 5.18213e-05 
0.0209643 0.00225676 0.037675 0.000996173 0.00297887 8.08634e-06 6.69425e-05 0.0186562 0.0465755 0.157095 0.000407768 0.415401 0.134887 1.63206e-05 0.0429522 0.0469089 7.7988e-06 0.0648842 0.00726101 9.18381e-07 
0.0179636 0.00959188 0.0170195 1.71022e-07 0.139548 2.98819e-06 9.59719e-05 0.0178796 0.00885543 0.0845915 3.34471e-05 0.439727 0.00102469 8.16556e-05 0.0881043 0.00632169 5.3519e-08 0.10945 0.0597066 1.52128e-06 
0.0114173 0.00262767 0.0256166 1.62876e-05 0.0175082 1.59055e-06 0.000300737 0.0112014 0.00588725 0.0190124 9.59221e-05 0.471973 0.00659929 0.00132827 0.205221 9.19913e-05 5.51215e-05 0.0302465 0.1908 3.95444e-08 
0.0177407 0.00782454 0.005759 9.47369e-05 0.00763567 4.10068e-05 0.01182 0.0292462 0.00134403 0.0512641 1.7668e-05 0.456886 0.000768887 5.20076e-05 0.178187 0.00167018 5.39402e-07 0.0644065 0.165241 4.24139e-12 
0.00259995 0.0108245 0.00429121 7.0092e-12 0.0678832 5.54446e-12 0.000944114 0.115672 0.025384 0.0178658 1.51437e-08 0.474854 0.00119433 0.000143625 0.090214 0.00228347 5.13188e-05 0.070514 0.115281 7.76452e-12 
0.1117 0.000476902 0.0224713 0.000175831 0.0374759 0.00158779 0.000614888 9.81163e-05 0.00811405 0.00734392 0.000198401 0.412749 0.000744575 0.000772962 0.0425719 0.000120299 0.000591521 0.0409683 0.311225 7.82311e-11 
0.0700028 0.0153507 0.00673902 1.85376e-05 0.058334 2.10527e-08 0.00409064 0.0013484 0.00642873 0.0312417 0.00042356 0.75548 0.0218487 0.00018978 0.0126454 0.000329897 0.000413844 0.00593663 0.00917805 3.33365e-08 
0.0154959 0.000989561 0.0104326 2.88647e-05 0.00766593 3.0923e-07 2.48997e-07 0.0110469 0.0049001 0.00571006 4.51196e-06 0.670065 0.00172288 8.0657e-06 0.0151246 7.15593e-07 7.14511e-07 0.0460607 0.210742 4.46226e-08 
0.00923275 0.000618605 0.0180972 1.69768e-06 0.00120619 6.84081e-08 5.11017e-09 0.00643431 0.000356945 0.00458849 7.37664e-06 0.395074 6.42992e-06 7.46442e-06 0.137804 6.13849e-05 3.69398e-06 0.0877253 0.338774 6.9731e-12 
0.0265503 0.0178826 0.259378 3.58694e-06 0.0305896 4.33409e-05 0.00257949 0.00484707 0.0335696 0.0466048 1.28183e-05 0.311611 0.00627986 6.26387e-05 0.139231 0.000581339 4.27867e-06 0.11389 0.00627695 1.46753e-06 
0.153345 0.0200637 0.103986 0.00293472 0.00159 4.48762e-07 6.80954e-05 0.00237603 0.0284755 0.126209 1.21118e-05 0.393127 0.0179342 0.000121883 0.0499969 0.00837576 8.10636e-05 0.0813461 0.00995644 5.32455e-08 
0.193561 0.00437591 0.0279805 1.1497e-06 0.0234884 0.000346187 0.00230212 0.0033404 1.15142e-06 0.0204994 1.1504e-06 0.604691 0.0702318 1.15064e-06 1.1515e-06 1.15114e-06 1.15132e-06 0.0222267 0.0269475 1.14948e-06 
0.091372 0.00150797 0.00588493 0.113358 0.0462505 1.65456e-06 0.0023011 0.00114501 0.00576709 0.0113003 8.40217e-05 0.411858 0.000370581 4.93264e-05 0.00499116 0.000166724 0.00759509 0.011407 0.28459 1.642e-09 
0.0898366 0.000785122 0.0129677 9.20581e-05 0.000494877 5.16693e-05 0.000433685 0.00128581 0.00173061 0.00304556 6.42517e-05 0.626773 0.00198989 2.06314e-05 0.0208614 8.03173e-05 4.80258e-06 0.00326112 0.236221 2.35173e-08 
0.00496099 0.0160288 7.70807e-09 5.21745e-08 9.43254e-06 2.49971e-06 3.18917e-08 6.36065e-09 0.00223057 0.107488 3.39783e-08 0.635803 0.00269574 1.42463e-05 0.196594 0.00695925 1.74836e-05 4.86284e-05 0.0256354 0.00151229 
0.00935254 0.0269774 0.106071 1.08133e-05 0.0179445 5.22946e-10 0.000179393 0.207065 0.00103807 0.10999 4.30535e-10 0.282816 0.00730447 0.000201773 0.0158157 0.128875 1.0646e-06 0.0586025 0.0277543 7.32339e-10 
0.182619 0.0433923 0.0116884 0.000394497 0.00775016 5.84568e-09 0.0825763 0.00302123 0.0154685 0.0549354 9.77053e-05 0.263757 0.0327321 6.6899e-05 0.147288 0.0197822 9.65535e-05 0.0327288 0.101605 9.95421e-11 
0.0841412 0.00332223 0.041824 0.000163035 0.0251952 3.39105e-06 0.00210182 0.00352756 0.192379 0.0339744 0.00140078 0.225725 0.00464658 0.000102396 0.0794921 0.000970484 0.00179283 0.216351 0.0828864 5.83476e-09 
0.0992003 0.0168975 0.0196375 1.12087e-08 0.0470077 8.8664e-09 6.85134e-09 1.36647e-09 7.59571e-05 0.0391223 1.45348e-06 0.448165 0.234272 0.000191755 0.0261316 0.000589604 2.16793e-09 0.0139595 0.00494076 0.0498065 
0.0116432 0.00459239 0.00405444 2.28705e-06 0.241425 4.59284e-06 0.00241566 0.0532005 0.0102549 0.0262564 0.000128106 0.403069 0.0420924 0.000576529 0.0177081 0.00302292 4.71462e-05 0.0693218 0.110184 1.50835e-09 
0.0220124 0.0205837 0.0923201 3.02734e-07 0.00524507 3.02845e-07 3.02941e-07 0.00494245 0.0539675 0.168051 3.02919e-07 0.218536 0.0237075 0.00154551 0.139688 0.00769942 3.03162e-07 0.0404208 0.201279 3.02677e-07 
0.167859 0.0414932 0.0485933 0.000278826 0.00618765 1.93328e-05 1.68663e-07 3.25689e-06 2.21185e-06 0.0291158 4.94711e-07 0.386257 1.49786e-07 7.47231e-07 0.114332 8.33624e-07 2.50745e-05 0.0277953 0.178036 3.96917e-11 
0.00367522 0.00194441 0.00347087 0.000190836 0.00256775 1.61696e-11 2.85809e-06 2.49202e-12 0.0223791 0.0048832 1.51796e-07 0.933876 2.8696e-05 1.17497e-05 0.00391143 7.82294e-05 1.29878e-09 0.0215459 0.00143322 2.98512e-10 
0.0565665 0.0052264 0.0216114 8.77319e-05 0.0348294 1.16866e-05 0.00161836 0.00348544 0.00690287 0.021969 0.00171804 0.472211 0.0116668 0.00479165 0.0516709 0.00155152 4.96082e-05 0.051458 0.252421 0.000152361 
0.0276932 0.0151104 0.0547719 6.84452e-05 0.0244529 0.000956579 0.167952 0.0374269 0.126106 0.0899532 0.000460725 0.239971 0.020462 0.000299665 0.0226752 0.00728406 0.000184945 0.11365 0.0497277 0.000793772 
0.02491 0.0108562 0.201597 0.000136717 0.0322135 0.0778133 4.16669e-05 0.00810935 0.0449345 0.0533926 1.87929e-07 0.320015 0.001548 0.000275371 0.0563374 0.0102033 0.000299669 0.0600254 0.0972914 7.6701e-11 
0.021943 0.0200706 0.223225 0.000207302 0.00614346 9.43585e-05 0.0039417 0.0244249 0.0168479 0.0585744 0.000162736 0.394703 0.00561881 0.000122811 0.0593505 0.00589737 6.46837e-05 0.0976543 0.0609466 5.95278e-06 
0.22462 0.0126231 0.0116741 0.0195114 0.0476445 3.15037e-05 0.00382122 0.000306969 0.0037834 0.0181471 9.32743e-05 0.457592 0.00192829 3.00346e-05 0.0157628 0.0255462 2.52645e-05 0.0301155 0.126736 7.94457e-06 
0.0273704 0.00434532 0.0135471 0.00359184 0.0120718 2.77288e-06 0.00166281 0.000641196 0.0597829 0.0207613 5.00646e-06 0.297636 0.00114666 0.000489854 0.0296917 0.00168084 0.00788096 0.296744 0.220947 8.85763e-08 
0.0567325 0.0101226 0.0965853 4.19293e-05 0.00898466 7.71725e-08 0.0015479 0.0342809 0.0129115 0.133491 0.0001045 0.185684 0.155923 0.000382459 0.125498 0.0498714 0.000272512 0.00753282 0.120029 3.86961e-06 
0.0295344 0.0163022 0.0740327 7.73587e-07 0.00744125 5.0277e-06 0.00355226 0.00181828 0.00628643 0.0558989 2.18482e-05 0.431757 0.0134309 0.000599978 0.0886703 0.0134807 2.32562e-05 0.0403797 0.216764 1.41208e-07 
0.0435754 0.00553843 0.0252023 8.07227e-05 0.0121564 2.16522e-05 0.00173736 0.0177175 0.0428723 0.0383691 0.00503749 0.436763 0.0136298 0.000418443 0.0887705 0.00853983 0.00499919 0.0757465 0.178824 5.23938e-07 
0.0288841 0.00815551 0.0336425 0.00721996 0.000371786 3.39459e-07 2.27868e-05 0.0417818 0.0684609 0.0696117 0.000249646 0.286804 0.00108168 0.000273552 0.152448 0.0504927 1.85429e-06 0.197803 0.0526923 1.93738e-06 
0.284419 0.00836622 0.0728778 0.000249407 0.0096069 2.79843e-05 0.000359775 0.00116178 0.0493542 0.0543693 4.05408e-05 0.290771 0.0546857 0.000108194 0.082326 9.18608e-05 0.0280823 0.0362612 0.0268405 4.06246e-11 
0.00465262 6.54059e-06 0.364035 1.59879e-10 4.20648e-07 1.26469e-10 0.00928636 2.25513e-06 0.0541331 6.7049e-06 1.3016e-06 0.435892 0.0523065 3.02724e-06 6.09214e-05 5.82806e-05 0.000256487 9.12605e-06 0.0792897 1.77108e-10 
0.0115632 0.00926195 0.0203357 1.94379e-06 0.0149355 1.14554e-05 0.000341649 0.00571974 0.00160576 0.0301904 0.000763169 0.407964 0.0407185 0.00401779 0.165188 0.00229079 0.0013145 0.00683155 0.276945 5.73832e-11 
0.0330426 0.12194 0.103032 2.22234e-05 0.00890343 4.19455e-06 0.00168963 0.0031593 0.091811 0.0538161 0.00120827 0.25297 0.00955771 0.00185212 0.0701044 0.0116164 8.9759e-05 0.180007 0.0551704 3.81213e-06 
0.0587006 0.102159 0.096358 2.69725e-06 0.00951961 3.11642e-07 0.00024889 0.00148498 0.00625866 0.0798475 0.00298114 0.372181 0.00774497 5.813e-05 0.159336 0.000789244 3.40292e-05 0.0974904 0.00480332 1.97986e-06 
0.15859 0.015743 0.00709485 0.000680565 0.0806998 1.795e-05 0.000115052 0.044665 0.00642712 0.0207532 0.000203373 0.552431 0.00219053 0.000223694 0.00583855 0.00434422 2.64354e-06 0.0400322 0.0599479 8.81518e-08 
0.00082324 0.000308853 0.00899076 1.29535e-07 0.0462787 6.54702e-09 1.49598e-07 1.58254e-05 0.00175731 0.00362298 1.70107e-08 0.337785 4.13726e-05 2.18437e-11 0.103859 1.15777e-11 2.79939e-07 0.22445 0.272066 4.5369e-11 
0.242563 0.00750063 0.00728002 8.36517e-05 0.0893355 4.51827e-05 9.19461e-06 0.00186113 0.00996676 0.0324575 0.000570718 0.53555 0.000536696 0.00035665 0.00492517 0.0154314 1.59933e-05 0.048772 0.00273882 4.80548e-07 
0.019655 0.0480763 0.0108944 6.04709e-06 0.000786405 3.29834e-07 0.000838937 0.0300235 0.00114782 0.0628205 1.1968e-05 0.516498 0.00708687 0.000681174 0.130218 0.0215634 5.06013e-05 0.0612182 0.0884222 2.35167e-07 
0.0220124 0.0205837 0.0923201 3.02734e-07 0.00524507 3.02845e-07 3.02941e-07 0.00494245 0.0539675 0.168051 3.02919e-07 0.218536 0.0237075 0.00154551 0.139688 0.00769942 3.03162e-07 0.0404208 0.201279 3.02677e-07 
0.192371 0.00310196 0.0310324 0.0306779 0.0650261 0.00902654 0.00317704 0.000849437 0.0403577 0.0195598 0.000681435 0.258516 0.008147 0.00041817 0.0308161 0.00232139 2.22251e-06 0.188788 0.115124 6.87035e-06 
0.0645691 0.00335258 0.0186501 2.69859e-06 0.0038677 5.37175e-08 0.000211756 1.50563e-05 0.120277 0.00576767 0.0118335 0.412646 0.000264156 0.000154914 0.212749 0.000998755 2.04266e-05 0.130343 0.0142763 7.96508e-08 
0.0689978 0.00209802 0.0344227 0.000604092 0.0148056 1.09365e-05 0.0163954 0.0271092 0.0708443 0.00546867 0.00154641 0.41967 0.0313863 0.000916564 0.0376057 0.000999338 0.0123659 0.0316329 0.22312 1.68225e-08 
0.009145 0.0125172 0.0346736 1.51941e-05 0.0535514 1.77997e-10 4.32833e-08 9.70385e-06 0.00751945 0.0270808 8.26494e-05 0.325924 0.000863499 2.91217e-06 0.32554 1.7951e-05 4.35222e-11 0.186087 0.0169685 2.49269e-10 
0.026291 0.0306486 0.032453 9.69554e-05 0.019651 2.05241e-05 0.000360403 0.0222556 0.0190148 0.05419 0.00114703 0.390947 0.0368959 0.00250198 0.0862576 0.00434367 9.67175e-05 0.184816 0.0880111 1.37224e-06 
0.0825803 0.00119017 0.0218116 9.61563e-07 0.000749751 0.000217458 0.00139012 0.00017409 0.000804967 0.00692711 0.00127507 0.481035 0.321295 2.60983e-06 0.00487936 8.82909e-07 0.0038951 0.0174112 0.0543591 3.1044e-09 
0.200737 0.00354302 0.0321936 0.00494337 0.0172295 5.46567e-08 0.000156834 0.0105972 0.166112 0.00963413 0.00242187 0.208144 0.00687696 0.00967166 0.0193823 0.00103369 0.00484325 0.133731 0.16875 4.41758e-08 
0.28435 0.00484011 0.0684363 0.0423902 0.013567 2.34116e-05 0.00360587 0.000170223 0.0059943 0.0212822 0.00559083 0.407813 0.0070684 5.87608e-06 0.00782167 0.000199344 7.82457e-06 0.0893236 0.0375103 1.82073e-08 
0.169628 0.00433305 0.00701287 0.000129647 0.0394036 2.88018e-05 0.00115835 0.000729554 0.00226206 0.00340642 0.00247608 0.383313 0.0169878 4.27461e-05 0.035401 0.00259868 0.00714728 0.0606374 0.263256 4.82556e-05 
0.0641623 0.0181437 0.0845978 5.26355e-06 0.00467329 9.23723e-05 5.49664e-05 0.0314332 0.0271477 0.125422 1.84737e-05 0.145576 0.0788225 0.000433114 0.136834 0.0500289 6.56677e-05 0.13747 0.0949933 2.58873e-05 
0.0456044 0.0145457 0.0402604 8.38388e-07 0.00265627 2.73449e-07 0.000225401 0.00140187 0.00664944 0.045067 9.09504e-06 0.611458 0.000904888 0.000100884 0.0606627 0.000507299 1.13844e-05 0.0975721 0.0723617 5.21042e-11 
0.05926 0.286944 0.0594833 3.9466e-05 0.00233872 2.45664e-06 0.000168205 0.00286339 0.0190322 0.0579826 1.6439e-07 0.377931 0.0212961 0.000401493 0.0199009 0.00105821 1.51216e-05 0.0706217 0.0206607 4.63157e-09 
5.47605e-11 0.000155669 0.134374 4.32162e-10 0.000211361 3.41852e-10 4.27965e-06 5.21637e-07 5.53503e-06 0.0255707 2.81442e-10 0.360786 2.64296e-06 2.30495e-10 0.0708936 0.0574954 8.35864e-11 0.215743 0.134757 4.78733e-10 
0.0197568 0.0226519 0.00888637 0.000687046 0.0252708 4.12843e-09 0.000216398 0.00948233 0.00851381 0.0308501 8.21611e-07 0.678355 0.000168459 0.000706769 0.017569 0.00259754 1.21352e-06 0.0880646 0.0862215 8.53537e-11 
0.0377379 0.0963941 0.0114097 1.75549e-05 0.00975829 1.06031e-05 0.000528714 0.098244 0.00496894 0.104592 3.78246e-11 0.358454 0.00275405 1.31421e-05 0.054206 0.00125321 0.0306124 0.160141 0.028903 1.79588e-06 
0.00759921 0.000341924 0.0454012 7.01173e-08 0.0034055 2.79542e-08 0.0031495 0.000357167 0.00924289 0.0020346 0.0061461 0.716747 0.017529 0.00186379 0.0876568 3.69042e-05 4.40211e-06 0.00941224 0.0890716 6.21453e-10 
0.101993 0.00116941 0.00350489 0.000460439 0.00578465 7.07475e-09 0.0100354 9.89588e-05 0.00644467 0.0068577 0.00011613 0.617504 0.00428174 0.034363 0.00273038 6.45325e-05 9.47449e-05 0.0061104 0.198376 9.96231e-06 
2.07607e-06 0.00177755 0.0191079 0.00023571 4.6535e-07 1.58345e-08 1.22236e-11 0.180373 1.87787e-07 0.0141532 1.41967e-07 0.45988 6.46345e-08 0.000179181 3.58556e-06 1.85429e-07 5.03205e-09 0.122665 0.201622 2.21526e-11 
0.00273396 0.00765742 0.0465913 2.41629e-06 0.0015179 1.52157e-06 9.86626e-06 0.0111953 0.00404549 0.0257388 8.27955e-08 0.427173 0.000162036 4.65062e-06 0.284421 0.00516515 0.00377604 0.099574 0.0802306 2.93779e-10 
0.0116432 0.00459239 0.00405444 2.28705e-06 0.241425 4.59284e-06 0.00241566 0.0532005 0.0102549 0.0262564 0.000128106 0.403069 0.0420924 0.000576529 0.0177081 0.00302292 4.71462e-05 0.0693218 0.110184 1.50835e-09 
0.0507776 0.0135468 0.00576577 0.00768411 0.0288741 1.86233e-05 0.0280205 0.0281428 0.243468 0.0232457 0.000638591 0.416064 0.0201512 0.000837763 0.0136078 0.00106571 0.0256187 0.0585983 0.0338744 3.56118e-08 
0.0756898 0.0035606 0.117401 6.0726e-05 0.040303 3.00879e-05 4.55482e-05 0.00043513 0.00526602 0.043481 0.000905482 0.243567 0.0458143 0.000427568 0.237317 0.00139507 4.29326e-05 0.112843 0.0714132 9.34446e-07 
0.197147 0.00311339 0.0631647 0.000469021 0.00812028 2.92688e-06 0.000267814 0.00866026 0.0129587 0.0671432 0.000721199 0.313214 0.00194365 0.000232126 0.0848193 0.0035247 1.21259e-05 0.0470491 0.187426 1.1641e-05 
0.105388 0.0162489 0.0222791 0.000178377 0.0845818 3.24072e-07 0.00145536 0.0149327 0.0531153 0.024167 9.9394e-05 0.285641 0.00730106 0.0833653 0.0398602 0.000104648 9.33951e-05 0.0878517 0.173158 0.00017876 
0.0390776 0.00874041 0.0279293 0.000210542 0.0286843 6.43384e-05 0.00175932 0.00747671 0.0343754 0.0455975 0.00175456 0.383869 0.00255862 0.00208841 0.0851164 0.00214042 0.00555459 0.123894 0.198951 0.000157686 
0.0686619 0.00309609 0.0117915 8.64526e-05 0.0168095 1.80484e-06 1.07155e-05 0.0125124 0.209588 0.190171 0.000166312 0.22216 0.00223958 0.0019396 0.0185362 0.00195571 3.92962e-05 0.195479 0.0447548 3.61209e-07 
0.0827376 0.0133486 0.121676 3.00011e-05 0.00479631 5.4404e-05 0.00160697 0.0338793 0.00433178 0.0556616 0.000645917 0.467722 0.0125223 0.000922505 0.0740086 0.00867988 1.37515e-05 0.0301301 0.0801047 0.00712719 
0.12212 0.0322396 0.0305077 0.000986884 0.00604197 1.41015e-07 0.00231352 0.00523791 0.0101506 0.036852 0.00981717 0.295107 0.0629726 0.00483915 0.118129 0.00499652 0.00958509 0.114381 0.133722 1.40937e-07 
0.120287 0.00949639 0.0109189 2.59429e-12 0.00214663 2.05215e-12 0.000169381 0.000124677 0.00181484 0.00502224 1.35178e-08 0.561862 0.000142304 0.000663109 0.0277904 0.000620731 6.0263e-10 0.00757511 0.251366 2.87386e-12 
0.173223 0.0100931 0.117937 3.83263e-06 0.00824348 5.11616e-05 0.135066 8.39958e-05 0.0073577 0.0195762 3.21259e-05 0.287717 0.061647 8.87988e-08 0.0146043 0.0023537 1.80912e-05 0.0135009 0.148491 3.80451e-10 
0.0013481 0.00248461 0.00618924 4.95139e-05 0.000505788 1.37764e-05 0.000108494 0.0416932 0.000233045 0.015353 2.89239e-05 0.884141 0.00047316 8.94998e-06 0.0164679 0.000282369 2.85302e-06 0.0114468 0.019157 1.25179e-05 
0.0197568 0.0226519 0.00888637 0.000687046 0.0252708 4.12843e-09 0.000216398 0.00948233 0.00851381 0.0308501 8.21611e-07 0.678355 0.000168459 0.000706769 0.017569 0.00259754 1.21352e-06 0.0880646 0.0862215 8.53537e-11 
0.0278925 0.0145506 0.0209762 3.15435e-05 0.00523462 9.9083e-06 2.01357e-05 8.62364e-05 0.0285145 0.0140673 0.000284336 0.650623 0.00113373 0.000288588 0.0372615 0.000128746 2.89913e-07 0.186596 0.0122998 1.05388e-08 
0.0310852 0.0443929 0.116188 8.31574e-08 0.0448066 1.12852e-05 7.31942e-07 0.00406258 0.000529769 0.0740123 0.00074631 0.422112 0.023739 2.71934e-06 0.0265691 0.00134831 4.43515e-11 0.0217598 0.188633 2.54019e-10 
0.092381 0.0101027 0.0587891 0.0030029 0.00890068 0.138652 0.0077523 0.00264666 0.018945 0.0275192 0.010636 0.292509 0.0225215 0.00177329 0.0758446 0.00402885 0.000721944 0.0144063 0.208868 3.00203e-07 
0.238904 0.00822052 0.00672895 0.000219817 0.00498546 1.28916e-06 0.00391843 0.00722028 0.0297765 0.0589657 0.000274929 0.4001 0.0282256 0.00130633 0.0191415 0.00550453 0.00254989 0.0512453 0.132071 0.000640837 
0.00422489 0.00246205 0.00309276 4.27057e-06 0.0166024 1.56374e-06 0.0349912 0.000114492 0.0271293 0.00603234 9.47377e-06 0.829845 0.00112846 4.8335e-06 0.0216683 0.000120557 4.00906e-07 0.0518582 0.000709893 1.01397e-08 
0.0195005 0.0492592 0.0993654 0.000160206 0.0078256 5.32896e-08 0.00107559 0.000138137 0.00496382 0.043438 0.00138778 0.173447 0.171151 0.00116831 0.13599 0.0230043 6.45702e-05 0.084781 0.126119 0.0571605 
0.0821568 0.00294347 0.01338 0.00212081 0.0196741 1.393e-05 0.012579 0.0357149 0.161298 0.0296191 0.000191307 0.235138 0.0124646 0.0133462 0.107589 0.00507849 0.0127353 0.0373544 0.216602 4.93851e-07 
0.0336991 0.00423473 0.0899149 0.000143314 0.0247925 2.26191e-05 0.0897313 0.0218227 0.00292498 0.0436971 0.0369151 0.482032 0.029608 0.000604494 0.0476519 0.0532905 0.000225544 0.0268785 0.011574 0.000237108 
0.0212481 0.00129957 0.00758982 2.24788e-05 0.00111181 1.95573e-09 1.64607e-08 3.51172e-07 0.000694107 0.00309697 1.74998e-08 0.615249 8.62819e-05 9.59982e-09 0.0338435 2.21844e-12 2.11462e-07 0.303135 0.0126224 8.69326e-12 
0.078726 0.100725 0.045864 2.55003e-07 0.110957 3.66921e-11 0.00191298 0.000102156 0.0275095 0.022237 0.00371244 0.319091 0.0156747 0.000160012 0.0766917 0.00131448 9.37894e-05 0.156257 0.0291491 0.00982269 
0.0834535 0.00183882 0.0247608 4.62721e-05 0.0828749 2.55565e-05 0.000155871 0.00491232 0.0743345 0.0178966 0.000499837 0.531927 0.0234927 2.29456e-05 0.0061096 0.000163802 8.81203e-05 0.0371388 0.110236 2.15964e-05 
0.0648321 0.0657899 0.125001 0.000130948 0.0391539 2.2219e-05 0.0001977 1.72101e-06 0.101173 0.121901 0.000117772 0.152603 0.0905951 7.44749e-05 0.000286856 0.149175 2.00702e-05 0.0792964 0.00962741 3.41956e-07 
0.0759605 0.0066707 0.00546492 1.33179e-06 0.0156658 1.64468e-06 0.00676323 0.000280099 0.0752959 0.041812 6.33939e-05 0.515954 0.00175926 0.00297159 0.0818807 0.000507541 1.34148e-05 0.144593 0.0243402 3.81222e-08 
0.0142125 0.0230678 0.180671 0.000521797 0.00397042 0.000122468 0.0194684 0.0915867 0.00354226 0.0404299 0.0200526 0.374533 0.0347135 0.000305181 0.0230901 0.00128334 0.0359558 0.127212 0.00521242 4.83833e-05 
0.0485391 0.0257825 0.16947 0.00017368 0.0140983 1.04345e-10 0.000533176 0.0125854 0.0011827 0.0882065 5.60229e-05 0.424837 0.0255027 0.000110838 0.0854561 0.00875433 2.62119e-06 0.0471254 0.0475833 5.28642e-08 
0.0488755 0.0272696 0.0724749 0.00195092 0.0796887 1.03877e-06 0.000422113 0.000641228 0.00124404 0.208299 2.23553e-05 0.314429 0.0569668 0.000996659 0.0116316 0.0146406 1.63204e-05 0.0671103 0.0932349 8.39027e-05 
0.00785025 0.0350984 3.3141e-06 9.35019e-06 5.50642e-06 5.75689e-09 0.0510301 0.000590313 0.00114876 0.140755 0.000244321 0.524333 0.223374 0.00290327 0.00151325 6.88828e-07 0.000563853 0.0105662 1.06334e-05 8.062e-09 
0.0289758 0.000952439 0.0124685 2.23129e-08 0.00161531 1.57336e-11 5.77227e-06 2.03593e-05 0.00126838 0.00086147 1.03624e-08 0.749668 5.1079e-05 8.8514e-08 0.0280083 0.000188496 3.84704e-12 0.0783578 0.0975577 2.20336e-11 
0.0604965 0.0216546 0.156127 0.000841978 0.0111943 2.50666e-05 0.00177735 0.0186401 0.00524396 0.117342 8.39062e-05 0.329253 0.0112646 0.000584268 0.0851522 0.00337981 0.00429841 0.065204 0.107436 1.05437e-07 
0.0434782 0.0281208 0.062529 7.35706e-05 0.0111006 1.42547e-05 0.000144183 0.00541897 0.0527325 0.0924983 0.000689371 0.282214 0.00702975 0.000934015 0.11483 0.0134068 0.000567054 0.181499 0.102296 0.000423605 
0.040359 0.000974385 0.0822436 5.16251e-06 0.0039155 4.2036e-06 0.000531503 0.000131718 0.0104612 0.00241666 0.00456599 0.34407 0.00453073 0.00208645 0.252757 0.00878184 6.24978e-06 0.0341572 0.208001 2.55649e-11 
0.096196 0.000413699 0.00321023 0.000383088 0.0230924 1.77259e-06 1.75346e-05 0.0031374 0.002467 0.030967 1.18144e-06 0.695569 0.000781594 6.90615e-06 0.00212302 0.000803206 0.00801395 0.00178847 0.131025 1.20502e-06 
7.18543e-07 5.83192e-06 0.000163506 9.94955e-06 2.04155e-06 1.94707e-06 6.53873e-10 2.00847e-06 0.127183 1.70636e-06 6.96653e-10 0.53551 2.07022e-10 9.70493e-07 3.92932e-06 3.02402e-10 2.06901e-10 0.337084 3.07633e-05 1.185e-09 
0.0877064 0.170496 0.0111428 9.43132e-08 0.00214933 0.000227239 9.86613e-05 1.14978e-08 0.0012905 0.121791 6.14207e-08 0.407354 0.000812252 8.9321e-06 0.00213121 7.01043e-05 0.142378 0.0504198 0.00190207 2.10789e-05 
