4.61269e-05 1.72452e-05 0.171876 3.95477e-08 7.32704e-09 4.64852e-06 1.63535e-05 4.8213e-09 5.7755e-09 1.0931e-05 2.47342e-05 2.79474e-09 0.636593 3.20799e-05 0.115808 0.00324137 3.58268e-06 0.0265269 0.0457998 4.38094e-08 
5.09532e-10 7.31632e-07 0.0151548 4.02116e-09 7.45005e-10 3.18084e-09 2.45794e-09 4.90224e-10 5.69687e-06 0.0434346 1.23107e-05 2.84166e-10 0.576391 2.57577e-06 4.22001e-10 3.29769e-06 3.89653e-07 0.191372 0.173623 4.45449e-09 
0.00367895 5.62342e-06 0.0412045 9.55818e-10 1.77085e-10 7.56077e-10 5.84244e-10 1.16525e-10 1.39587e-10 0.0315184 3.92218e-06 6.75454e-11 0.923569 3.1102e-06 5.31643e-06 8.18735e-06 1.84869e-10 6.19346e-07 2.01473e-06 1.05882e-09 
1.94785e-06 0.00346386 6.35953e-05 9.37322e-07 1.73659e-07 7.41446e-07 5.72938e-07 0.000682332 8.51506e-06 0.994942 5.68934e-05 6.62384e-08 1.81398e-07 3.06621e-06 9.83672e-08 6.73855e-05 2.29312e-06 0.000704323 7.18427e-08 1.03833e-06 
0.000954683 2.13656e-06 0.00194684 9.40603e-06 1.74266e-06 7.44042e-06 0.98776 1.1467e-06 1.37365e-06 5.83785e-07 6.1256e-06 6.64702e-07 0.0092855 5.01673e-06 9.87116e-07 2.65899e-06 1.81926e-06 6.09424e-07 7.20942e-07 1.04196e-05 
0.0141008 0.000203344 0.0614688 0.0009069 0.000813936 0.000417148 0.00720345 5.34611e-05 0.000249727 0.0438802 0.0118585 4.36844e-08 0.765535 0.000274984 0.030817 0.000752545 0.000256733 0.024478 0.0365409 0.00018848 
2.78977e-10 5.00099e-10 0.0758485 2.20165e-09 2.45149e-07 4.56307e-05 6.74227e-07 2.68405e-10 5.72349e-06 0.0155944 1.43381e-09 1.55585e-10 0.908498 1.17425e-09 4.55196e-06 2.24121e-06 4.2583e-10 1.42646e-10 1.70436e-08 2.4389e-09 
1.02404e-05 1.03672e-05 0.0011713 1.23177e-07 3.50865e-05 1.16782e-05 2.04679e-05 0.065693 0.0112641 0.0340789 2.56048e-05 3.18769e-06 0.79351 0.000519369 0.00595168 6.62896e-06 0.000107304 0.000182542 0.0873986 1.36451e-07 
1.22601e-08 3.07908e-05 0.798167 9.67549e-08 1.79259e-08 0.175252 5.91415e-08 5.19118e-05 0.000426739 6.00509e-09 0.000510451 6.83744e-09 0.0208313 0.000154865 1.01539e-08 0.00036107 0.00129875 0.00105756 0.00181469 4.29796e-05 
4.25043e-08 0.0232287 0.294298 3.04355e-10 1.57095e-07 0.00015586 3.50257e-07 3.8594e-06 0.0191438 0.129506 0.0260756 4.07738e-08 0.478601 2.27029e-07 0.00622889 0.0145586 3.58917e-07 0.00686678 0.00133157 3.37153e-10 
2.99585e-06 0.976884 3.49291e-06 2.36429e-05 0.000880451 1.87021e-05 1.44517e-05 2.88233e-06 3.45278e-06 0.000294946 1.53972e-05 1.67079e-06 0.000919686 1.261e-05 2.4812e-06 6.68361e-06 4.57287e-06 0.0176178 0.00326368 2.61907e-05 
0.0864934 2.12628e-06 1.37381e-05 0.0016493 1.96255e-09 3.31023e-05 1.46853e-06 0.0127905 0.00832442 0.00854381 4.83809e-05 1.08869e-06 0.0508558 0.000269195 0.000515453 0.00666829 0.000187906 0.152661 0.670941 1.17344e-08 
0.00742672 0.000798325 0.0706068 6.79131e-07 0.00136401 0.241726 7.51105e-06 0.0002293 0.00195055 0.0081895 0.00684977 1.55001e-06 0.57164 0.000924954 0.0042661 0.000596851 0.000512587 0.0570384 0.0256836 0.0001863 
7.90805e-12 0.0331531 9.22011e-12 6.24093e-11 1.15626e-11 4.93674e-11 4.20007e-08 0.701394 8.29482e-08 0.264816 4.06436e-11 4.41032e-12 5.49065e-06 8.99057e-08 6.54954e-12 0.000630424 1.20708e-11 4.04355e-12 4.78347e-12 6.91346e-11 
0.0193043 0.000202781 0.00668472 0.00179464 0.0046211 2.67108e-09 0.00356523 0.00297104 0.0302429 0.00216648 0.0047977 1.16748e-06 0.650859 0.0370136 2.17063e-06 0.000350336 0.0134306 0.0832189 0.138757 1.67742e-05 
0.000516574 0.0101152 0.00156695 4.25667e-08 0.059114 1.12396e-08 2.71511e-11 0.00151792 1.60776e-08 0.575531 3.59182e-07 3.13899e-12 0.000467946 2.55254e-05 2.00943e-08 0.343461 2.45313e-06 0.00614225 0.00153873 9.58375e-09 
4.91142e-06 0.996677 5.72629e-06 3.87603e-05 7.18116e-06 3.06604e-05 2.36922e-05 4.7253e-06 5.66051e-06 2.40565e-06 2.52423e-05 2.7391e-06 0.00129448 0.0017284 8.16113e-05 1.09571e-05 7.49679e-06 2.51131e-06 2.97085e-06 4.29371e-05 
0.000293668 0.000166454 0.000254593 8.89786e-05 0.000355978 7.03844e-05 5.43882e-05 0.00046568 1.29943e-05 0.995937 0.00034822 6.28791e-06 0.000831893 0.000461277 9.33786e-06 0.000118488 1.72097e-05 0.000191873 0.00021686 9.85671e-05 
0.000720531 0.0346829 0.00179769 1.09828e-05 5.6563e-09 8.01102e-07 2.97984e-07 2.77474e-06 0.00110485 0.00585127 0.000495605 1.56222e-07 0.00649142 0.936697 1.03217e-06 0.00942476 9.541e-07 0.00269718 1.96704e-05 3.38198e-08 
9.52552e-11 1.70756e-10 0.0148174 5.2697e-07 1.39276e-10 1.36828e-06 4.59502e-10 9.16455e-11 1.06501e-06 4.85277e-07 0.00467394 5.31238e-11 0.977446 4.00943e-10 0.00156321 7.22747e-07 0.00149457 4.87059e-11 6.97241e-07 8.3275e-10 
0.000107645 1.28795e-05 1.04579e-08 7.07877e-08 1.31149e-08 5.59949e-08 4.3269e-08 8.6298e-09 1.03378e-08 5.14076e-05 4.60999e-08 5.0024e-09 0.999828 3.77548e-08 7.42882e-09 2.0011e-08 1.36914e-08 4.58639e-09 5.42565e-09 7.84159e-08 
0.00613521 0.000347468 0.0263776 2.57476e-07 0.0184887 1.53869e-06 4.38391e-11 0.000111329 0.0151312 0.00506992 0.891722 1.91935e-08 0.00122928 0.00595443 3.50835e-07 0.000519294 0.00121716 0.000770708 0.0269233 7.9449e-11 
0.00613521 0.000347468 0.0263776 2.57476e-07 0.0184887 1.53869e-06 4.38391e-11 0.000111329 0.0151312 0.00506992 0.891722 1.91935e-08 0.00122928 0.00595443 3.50835e-07 0.000519294 0.00121716 0.000770708 0.0269233 7.9449e-11 
0.00613521 0.000347468 0.0263776 2.57476e-07 0.0184887 1.53869e-06 4.38391e-11 0.000111329 0.0151312 0.00506992 0.891722 1.91935e-08 0.00122928 0.00595443 3.50835e-07 0.000519294 0.00121716 0.000770708 0.0269233 7.9449e-11 
0.000357007 2.53596e-05 0.0796496 5.66199e-05 2.23834e-05 2.37213e-05 2.98999e-05 1.31256e-06 0.0742471 0.000106535 6.06183e-05 1.12782e-07 0.837897 5.74238e-06 1.67487e-07 4.51159e-07 0.00731434 1.42065e-05 0.000185688 1.76793e-06 
0.00613521 0.000347468 0.0263776 2.57476e-07 0.0184887 1.53869e-06 4.38391e-11 0.000111329 0.0151312 0.00506992 0.891722 1.91935e-08 0.00122928 0.00595443 3.50835e-07 0.000519294 0.00121716 0.000770708 0.0269233 7.9449e-11 
0.00357093 3.22282e-07 0.00970991 1.63963e-08 1.20834e-05 0.786707 3.45486e-08 5.3017e-06 2.47509e-05 0.000843296 0.00177421 8.65855e-08 0.180583 0.000581203 8.66683e-08 1.54348e-05 0.00143374 0.000541541 0.0141772 1.99068e-05 
0.00181692 4.58678e-05 0.0244991 8.66428e-06 0.931373 0.000103549 0.000249182 1.89302e-05 2.92073e-07 0.00480849 8.85944e-05 1.41333e-07 0.0347773 1.06669e-06 1.20396e-05 5.65372e-07 3.86822e-07 9.93022e-05 2.4161e-06 0.00209426 
0.00613521 0.000347468 0.0263776 2.57476e-07 0.0184887 1.53869e-06 4.38391e-11 0.000111329 0.0151312 0.00506992 0.891722 1.91935e-08 0.00122928 0.00595443 3.50835e-07 0.000519294 0.00121716 0.000770708 0.0269233 7.9449e-11 
2.44712e-07 4.38676e-07 2.85313e-07 1.93124e-06 3.57802e-07 1.52766e-06 1.18047e-06 2.35439e-07 0.0456054 1.19862e-07 0.000127028 1.36476e-07 0.954257 1.03003e-06 2.02674e-07 5.45941e-07 3.73528e-07 1.25126e-07 1.48023e-07 2.13935e-06 
0.011485 0.0200848 0.00470086 2.05885e-06 0.00324804 9.96299e-08 1.46166e-06 0.00449788 1.77594e-08 0.862653 1.02574e-06 8.8115e-11 0.0586594 1.06483e-06 8.58344e-07 0.0269614 4.63818e-05 0.00671034 4.27074e-08 0.000945908 
0.00613521 0.000347468 0.0263776 2.57476e-07 0.0184887 1.53869e-06 4.38391e-11 0.000111329 0.0151312 0.00506992 0.891722 1.91935e-08 0.00122928 0.00595443 3.50835e-07 0.000519294 0.00121716 0.000770708 0.0269233 7.9449e-11 
0.00613521 0.000347468 0.0263776 2.57476e-07 0.0184887 1.53869e-06 4.38391e-11 0.000111329 0.0151312 0.00506992 0.891722 1.91935e-08 0.00122928 0.00595443 3.50835e-07 0.000519294 0.00121716 0.000770708 0.0269233 7.9449e-11 
0.00613521 0.000347468 0.0263776 2.57476e-07 0.0184887 1.53869e-06 4.38391e-11 0.000111329 0.0151312 0.00506992 0.891722 1.91935e-08 0.00122928 0.00595443 3.50835e-07 0.000519294 0.00121716 0.000770708 0.0269233 7.9449e-11 
0.00613521 0.000347468 0.0263776 2.57476e-07 0.0184887 1.53869e-06 4.38391e-11 0.000111329 0.0151312 0.00506992 0.891722 1.91935e-08 0.00122928 0.00595443 3.50835e-07 0.000519294 0.00121716 0.000770708 0.0269233 7.9449e-11 
3.87888e-07 0.00326877 0.97752 3.06116e-06 5.67144e-07 2.42146e-06 1.87113e-06 3.73189e-07 4.47048e-07 0.00119713 1.99355e-06 2.16325e-07 0.0134485 1.63268e-06 0.00160659 0.00173159 5.92071e-07 0.00121004 2.34628e-07 3.39103e-06 
0.00751306 0.000527361 0.0314398 3.22343e-05 0.0353947 0.00124799 5.62911e-11 0.000116058 0.0147921 0.0251414 0.843819 2.53395e-06 0.00287596 0.00602551 0.00048884 0.000695899 0.00119619 0.000869536 0.0278217 1.02016e-10 
6.01789e-06 1.07878e-05 7.01635e-06 4.74924e-05 8.79897e-06 3.75677e-05 2.90298e-05 5.78984e-06 6.93574e-06 2.94761e-06 3.09291e-05 3.35618e-06 0.999691 2.53302e-05 4.98409e-06 1.34256e-05 9.18571e-06 3.07707e-06 3.64014e-06 5.26102e-05 
1.54426e-08 0.0355001 0.000113448 1.21871e-07 2.25791e-08 9.64029e-08 4.47706e-05 1.48574e-08 1.95954e-05 2.57248e-05 7.93673e-08 8.61232e-09 0.964274 6.5e-08 1.27897e-08 3.44516e-08 2.35715e-08 7.89609e-09 2.14936e-05 1.35004e-07 
2.22175e-06 0.00225751 2.06833e-05 5.47682e-06 7.77942e-05 4.28045e-07 0.968652 0.000209932 0.000203191 0.0222149 0.00585001 1.57374e-07 0.000256951 2.69363e-06 4.16012e-08 0.000165072 4.22388e-06 6.74948e-05 8.89935e-06 4.39127e-07 
0.0636287 0.00961164 0.000931231 1.50081e-06 0.0195789 1.18718e-06 0.747712 0.00719987 0.0247537 0.000643667 9.7739e-07 1.06059e-07 0.0507381 8.0046e-07 1.57502e-07 4.24264e-07 0.000231734 9.72386e-08 0.0749338 3.16054e-05 
4.29826e-07 7.70515e-07 0.997315 3.39213e-06 6.28463e-07 2.68326e-06 2.07344e-06 4.13538e-07 4.95383e-07 0.000358116 2.2091e-06 2.39714e-07 0.000263245 1.8092e-06 0.0014955 9.58922e-07 6.56086e-07 0.0004178 0.000130258 3.75767e-06 
6.46255e-13 0.00158512 0.00104948 5.10015e-12 9.4813e-05 4.03436e-12 1.30002e-07 0.462628 1.56487e-09 0.493835 3.32143e-12 3.60416e-13 2.81312e-08 1.25155e-08 5.35236e-13 0.0404915 1.31666e-05 0.000303067 3.79222e-09 5.64975e-12 
2.32633e-05 4.17023e-05 2.7123e-05 0.000183591 3.40141e-05 0.000145225 0.00011222 2.23818e-05 2.68114e-05 1.13946e-05 0.000119562 1.2974e-05 3.553e-05 0.998868 1.9267e-05 5.18994e-05 3.55091e-05 1.1895e-05 1.40717e-05 0.000203375 
8.05173e-07 2.7086e-06 0.004006 1.68149e-09 3.11531e-10 2.96531e-05 1.02781e-09 1.56437e-08 2.55245e-06 0.0155033 0.000853958 1.18827e-10 0.972518 0.0018934 0.00123618 3.9435e-06 3.92227e-07 9.43568e-05 0.00385484 1.86269e-09 
3.16288e-07 5.66984e-07 0.00637999 0.00574352 0.0011566 1.97448e-06 1.52574e-06 3.04302e-07 3.64528e-07 0.00082123 0.00211486 1.76394e-07 0.0184053 1.3313e-06 2.61953e-07 7.05623e-07 0.000531542 0.000598543 0.964238 2.76508e-06 
0.970911 1.32455e-05 8.61486e-06 5.83124e-05 1.08036e-05 0.0231095 3.56435e-05 7.10893e-06 8.51588e-06 3.61916e-06 3.79755e-05 4.12081e-06 0.00565383 3.11011e-05 6.1196e-06 1.64844e-05 1.12785e-05 3.77811e-06 4.46946e-06 6.45962e-05 
0.0001791 3.73801e-06 0.246883 1.74467e-07 3.23236e-08 1.38008e-07 1.06643e-07 2.12694e-08 4.78104e-06 0.00697545 0.668926 1.23292e-08 0.0769825 9.30522e-08 8.0042e-06 1.75275e-05 3.37443e-08 1.13038e-08 1.8969e-05 1.93267e-07 
7.60925e-07 1.36405e-06 0.00807416 6.00512e-06 0.00600902 4.75021e-06 3.67063e-06 7.3209e-07 0.00649053 0.0190084 3.91078e-06 4.24368e-07 0.0436982 3.20284e-06 6.30207e-07 0.00628278 0.00395018 0.00455259 0.901902 6.65224e-06 
1.06826e-12 0.000333039 0.0163484 8.43057e-12 0.000333845 0.000209815 5.15319e-12 5.55104e-09 0.00217272 0.000591721 5.49034e-12 5.95769e-13 0.0270201 3.0425e-05 0.354861 1.12148e-05 5.66994e-05 0.0594273 0.538604 9.33906e-12 
1.74816e-06 3.13379e-06 2.03821e-06 1.37963e-05 2.55605e-06 0.993115 8.43297e-06 1.68191e-06 2.01479e-06 0.000514616 0.00629826 9.74949e-07 2.66996e-06 7.35826e-06 1.44785e-06 3.90006e-06 2.66839e-06 8.9387e-07 1.05744e-06 1.5283e-05 
0.0144198 3.75346e-09 0.0677638 0.214078 0.0675875 1.30712e-08 1.37926e-05 2.01449e-09 2.41319e-09 4.61042e-06 1.07613e-08 1.16773e-09 0.00311035 8.81328e-09 1.73414e-09 4.81413e-06 1.69262e-05 0.632984 1.64566e-05 1.8305e-08 
0.000806691 6.18151e-07 0.000170956 0.25647 0.00166986 2.15267e-06 1.66343e-06 3.31763e-07 3.97424e-07 1.68901e-07 7.45535e-05 1.92312e-07 0.738827 1.45144e-06 2.85593e-07 0.000167925 0.000588698 0.000642343 0.000572123 3.01461e-06 
2.73629e-10 4.90514e-10 0.00666012 2.15945e-09 4.00083e-10 1.70818e-09 1.31996e-09 2.6326e-10 0.0167829 0.000684162 1.19551e-05 1.52603e-10 0.975798 5.58607e-05 2.26623e-10 6.10454e-10 4.13533e-06 1.39912e-10 2.58219e-06 2.39215e-09 
0.00613521 0.000347468 0.0263776 2.57476e-07 0.0184887 1.53869e-06 4.38391e-11 0.000111329 0.0151312 0.00506992 0.891722 1.91935e-08 0.00122928 0.00595443 3.50835e-07 0.000519294 0.00121716 0.000770708 0.0269233 7.9449e-11 
1.99603e-11 3.57812e-11 2.35046e-09 1.73434e-07 2.91846e-11 1.24605e-10 6.74967e-08 1.13881e-06 6.92438e-09 2.23203e-06 1.02586e-10 1.11318e-11 0.999996 8.40156e-11 1.65313e-11 4.45304e-11 3.04673e-11 1.02061e-11 7.48689e-08 1.74499e-10 
3.23609e-06 5.80108e-06 0.986639 2.55388e-05 4.73159e-06 2.02018e-05 1.56106e-05 3.11346e-06 0.0108197 0.00237918 1.66319e-05 1.80477e-06 4.94246e-06 1.36212e-05 2.68017e-06 7.21956e-06 4.93956e-06 1.65468e-06 1.95747e-06 2.82909e-05 
0.0152203 0.000645017 6.30496e-08 1.49718e-05 7.90684e-08 3.37588e-07 3.92635e-05 0.000240086 5.26576e-06 0.00676099 2.77932e-07 3.0159e-08 0.974491 2.2762e-07 5.67229e-05 0.000324804 8.25437e-08 0.00220049 3.27107e-08 4.72761e-07 
0.000182912 0.00127648 0.00217828 0.000209909 0.0333031 3.56323e-06 0.0867673 0.046986 0.000701349 0.397884 2.83625e-05 1.73004e-08 7.24829e-05 4.74693e-06 3.28003e-06 0.423133 3.42544e-06 0.00694687 0.000314012 5.28864e-11 
0.00751306 0.000527361 0.0314398 3.22343e-05 0.0353947 0.00124799 5.62911e-11 0.000116058 0.0147921 0.0251414 0.843819 2.53395e-06 0.00287596 0.00602551 0.00048884 0.000695899 0.00119619 0.000869536 0.0278217 1.02016e-10 
9.52552e-11 1.70756e-10 0.0148174 5.2697e-07 1.39276e-10 1.36828e-06 4.59502e-10 9.16455e-11 1.06501e-06 4.85277e-07 0.00467394 5.31238e-11 0.977446 4.00943e-10 0.00156321 7.22747e-07 0.00149457 4.87059e-11 6.97241e-07 8.3275e-10 
0.00533082 0.00134026 0.325994 4.93498e-06 9.82561e-06 0.000513961 7.16579e-05 6.27675e-06 0.000521095 0.00522 0.000239275 2.14969e-08 0.618952 5.9923e-05 0.000372292 0.00141604 2.62179e-06 0.000627726 0.00553251 0.0337856 
2.66219e-05 3.57978e-05 0.987415 9.96605e-08 0.00646765 7.88341e-08 6.09176e-08 1.21497e-08 1.55538e-05 0.000670572 0.000205971 7.04278e-09 1.92871e-08 5.31542e-08 1.04589e-08 7.72085e-06 1.92758e-08 5.81715e-06 0.00514846 1.104e-07 
0.000164179 4.26477e-08 0.00110122 1.87753e-07 0.000125261 0.000742738 1.14764e-07 2.28891e-08 0.160029 0.832226 0.00324034 1.32681e-08 0.000272552 1.00138e-07 1.97037e-08 0.00133226 0.000192501 5.11037e-05 8.4919e-05 0.000436977 
3.69372e-06 6.62145e-06 4.30656e-06 0.0087375 0.991009 2.30587e-05 1.78182e-05 3.55375e-06 4.25709e-06 1.80922e-06 1.89839e-05 2.05999e-06 5.64141e-06 1.55474e-05 3.05919e-06 8.24052e-06 5.6381e-06 9.44916e-05 2.23428e-06 3.22917e-05 
0.00157347 1.44665e-05 0.0547063 4.01049e-07 0.00746632 2.23301e-06 6.72262e-06 0.000207275 5.17057e-05 0.00685878 2.72973e-06 2.07167e-10 0.0103945 3.46168e-05 0.0083804 0.621141 1.01325e-06 3.46399e-05 0.289123 3.24748e-09 
1.67099e-07 2.99545e-07 0.00111007 1.31872e-06 2.44321e-07 0.00013023 8.06069e-07 1.60767e-07 1.92585e-07 7.44138e-05 8.58807e-07 9.3191e-08 0.998673 7.03344e-07 1.38393e-07 3.7279e-07 2.5506e-07 5.59639e-06 1.01076e-07 1.46083e-06 
7.93621e-10 1.42266e-09 3.51704e-06 6.26315e-09 1.16038e-09 4.95431e-09 3.82835e-09 7.63546e-10 9.14663e-10 3.88722e-10 7.34596e-06 4.42602e-10 0.998409 3.34047e-09 9.86588e-07 1.77053e-09 0.00157758 4.05794e-10 1.1526e-06 6.93807e-09 
7.85587e-11 0.000113148 0.0732651 6.19974e-10 0.000114158 7.28115e-05 3.7896e-10 2.23349e-07 0.0103563 0.000198697 1.80906e-06 4.38122e-11 0.51881 1.12695e-05 0.195983 0.000214843 0.00145041 0.0198239 0.17958 3.69251e-06 
0.000379815 2.26201e-06 0.906555 9.95832e-06 1.84499e-06 7.87729e-06 6.08703e-06 1.21403e-06 1.4543e-06 6.18063e-07 6.48528e-06 7.03731e-07 0.0643707 5.31129e-06 1.04508e-06 0.00985574 1.92608e-06 0.00290408 0.0158768 1.10314e-05 
0.00502354 0.000706913 0.00208454 2.77566e-10 0.0448514 2.19562e-10 1.69663e-10 3.38384e-11 4.05355e-11 0.313995 1.80763e-10 1.9615e-11 5.37168e-11 1.48041e-10 2.91292e-11 7.84653e-11 5.36853e-11 0.605801 2.12746e-11 0.0275376 
3.34706e-06 0.00306653 0.0362501 2.07172e-09 0.670364 6.99316e-06 2.10559e-06 1.35819e-05 0.0220043 0.0161386 1.34919e-09 1.46404e-10 0.107254 3.02112e-07 2.42955e-05 0.000269212 5.68018e-07 0.00297991 0.141622 2.29497e-09 
0.00215403 0.000140976 0.0402849 4.59732e-05 4.31742e-06 1.37036e-06 0.000694941 0.00602751 0.00175637 0.00159956 6.74734e-06 1.22423e-07 0.940107 6.52834e-05 7.61962e-05 3.58557e-06 0.000176472 0.00597083 0.000881543 1.91906e-06 
4.39585e-07 7.8801e-07 0.000702348 3.46915e-06 6.42733e-07 0.949999 2.12052e-06 7.64033e-07 4.68197e-06 2.15313e-07 5.61371e-06 2.45157e-07 0.0449944 4.99738e-06 2.38701e-06 3.35359e-06 3.95641e-05 7.17537e-06 0.00422344 4.12476e-06 
3.16656e-07 1.11426e-05 0.0414761 5.49842e-07 2.20343e-07 0.000324379 1.44827e-06 1.1348e-08 2.53121e-10 0.00894537 0.00430281 1.22484e-10 0.923713 4.96468e-08 0.000138361 0.000941415 0.000232244 1.12298e-10 0.0199122 1.92002e-09 
3.44576e-08 6.17694e-08 0.00018886 2.71935e-07 5.03816e-08 0.000516474 0.000482204 3.31518e-08 3.9713e-08 1.01435e-05 0.00062001 1.9217e-08 0.997689 1.45037e-07 0.000185527 7.68732e-08 0.000273552 3.34935e-05 2.08429e-08 3.01239e-07 
9.52552e-11 1.70756e-10 0.0148174 5.2697e-07 1.39276e-10 1.36828e-06 4.59502e-10 9.16455e-11 1.06501e-06 4.85277e-07 0.00467394 5.31238e-11 0.977446 4.00943e-10 0.00156321 7.22747e-07 0.00149457 4.87059e-11 6.97241e-07 8.3275e-10 
0.00613521 0.000347468 0.0263776 2.57476e-07 0.0184887 1.53869e-06 4.38391e-11 0.000111329 0.0151312 0.00506992 0.891722 1.91935e-08 0.00122928 0.00595443 3.50835e-07 0.000519294 0.00121716 0.000770708 0.0269233 7.9449e-11 
0.00218891 0.00031609 0.874265 6.25687e-08 0.0353303 0.000796789 3.82451e-08 2.28162e-05 0.000345001 0.00258487 0.0320877 4.42158e-09 0.0061821 3.44313e-06 7.69693e-05 0.00108082 1.89066e-06 0.000793256 0.0439236 6.93111e-08 
0.000198952 5.75184e-05 0.00174666 1.78511e-06 0.0163606 5.28923e-05 3.12177e-05 2.06473e-06 0.00383412 0.0737082 1.27132e-07 1.37954e-08 0.568987 1.40818e-05 0.0359182 6.2484e-06 1.33147e-05 0.199841 0.0992259 2.16251e-07 
0.00613521 0.000347468 0.0263776 2.57476e-07 0.0184887 1.53869e-06 4.38391e-11 0.000111329 0.0151312 0.00506992 0.891722 1.91935e-08 0.00122928 0.00595443 3.50835e-07 0.000519294 0.00121716 0.000770708 0.0269233 7.9449e-11 
1.9822e-07 3.55333e-07 0.000309205 1.56433e-06 2.89824e-07 4.91895e-05 9.56195e-07 1.90708e-07 9.76102e-05 0.0788156 1.01875e-06 1.10547e-07 0.879258 8.34337e-07 1.64168e-07 4.42219e-07 3.02563e-07 1.01354e-07 0.0414626 1.7329e-06 
0.000516574 0.0101152 0.00156695 4.25667e-08 0.059114 1.12396e-08 2.71511e-11 0.00151792 1.60776e-08 0.575531 3.59182e-07 3.13899e-12 0.000467946 2.55254e-05 2.00943e-08 0.343461 2.45313e-06 0.00614225 0.00153873 9.58375e-09 
3.57879e-12 0.000119385 4.17256e-12 8.1934e-08 2.40755e-08 2.23412e-11 1.72637e-11 1.06053e-07 6.11096e-05 1.8556e-05 0.999628 1.99589e-12 5.46586e-12 1.50636e-11 2.96399e-12 6.38809e-08 4.92185e-09 0.000172197 2.16476e-12 3.12868e-11 
7.12556e-09 1.27734e-08 2.57625e-05 5.6234e-08 2.91823e-05 5.34236e-05 3.43731e-08 6.85554e-09 8.21235e-09 0.000131234 9.89158e-05 3.97393e-09 0.999609 2.99925e-08 5.90148e-09 5.24754e-05 1.08765e-08 3.64344e-09 4.31016e-09 6.22938e-08 
0.000333727 0.00757512 0.0960806 3.82275e-05 1.90884e-05 8.67726e-06 0.000278753 0.000114086 0.0105471 0.0272688 0.0195449 1.67299e-05 0.794499 2.1291e-05 0.00643247 0.000572828 0.000995764 0.012518 0.0231353 4.6353e-09 
1.38945e-09 2.49076e-09 0.0217495 1.09653e-08 2.03156e-09 8.67388e-09 6.70257e-09 1.3368e-09 2.24207e-05 1.15764e-06 6.07064e-05 7.74896e-10 0.977842 0.000283652 1.15076e-09 6.82266e-06 2.09986e-05 7.10453e-10 1.3112e-05 1.2147e-08 
0.00149928 3.46549e-05 3.98512e-06 2.10723e-09 3.90408e-10 1.66687e-09 1.95795e-05 2.36368e-06 3.07737e-10 0.998336 1.37231e-09 1.48913e-10 3.50755e-06 5.17102e-06 2.21143e-10 9.54899e-05 4.11643e-08 1.36529e-10 1.61512e-10 2.3343e-09 
1.33806e-07 2.39864e-07 1.56007e-07 1.05598e-06 1.95643e-07 8.35309e-07 6.45469e-07 1.28736e-07 0.839682 6.55395e-08 6.877e-07 7.46238e-08 2.04362e-07 5.6321e-07 1.1082e-07 2.98516e-07 2.04242e-07 0.160311 8.09376e-08 1.16978e-06 
0.0643226 0.00109974 0.0179394 1.11223e-05 0.0977892 0.00025965 0.00053778 0.0267877 0.00306421 0.0191426 0.509694 4.9511e-05 0.0468267 0.0168613 0.00406324 0.0780928 0.000351504 0.0137931 0.0993141 2.32013e-07 
0.00613521 0.000347468 0.0263776 2.57476e-07 0.0184887 1.53869e-06 4.38391e-11 0.000111329 0.0151312 0.00506992 0.891722 1.91935e-08 0.00122928 0.00595443 3.50835e-07 0.000519294 0.00121716 0.000770708 0.0269233 7.9449e-11 
8.71487e-11 1.87626e-07 0.011045 4.13348e-07 1.65777e-07 4.90182e-07 6.31017e-07 8.46847e-09 4.01864e-07 7.98273e-07 1.29936e-06 4.86028e-11 0.988948 3.7049e-08 7.21776e-11 1.94425e-10 9.57904e-07 3.07515e-07 1.39173e-06 7.6188e-10 
2.03018e-05 3.63934e-05 2.36701e-05 0.000160219 2.96839e-05 0.000126737 0.999025 1.95324e-05 2.33982e-05 9.94398e-06 0.000104341 1.13223e-05 3.10068e-05 8.54531e-05 1.68142e-05 4.52923e-05 3.09886e-05 1.03807e-05 1.22803e-05 0.000177484 
0.00613521 0.000347468 0.0263776 2.57476e-07 0.0184887 1.53869e-06 4.38391e-11 0.000111329 0.0151312 0.00506992 0.891722 1.91935e-08 0.00122928 0.00595443 3.50835e-07 0.000519294 0.00121716 0.000770708 0.0269233 7.9449e-11 
8.00018e-09 0.000137691 0.000637079 6.31363e-08 1.16973e-08 0.000269739 3.85921e-08 7.69701e-09 8.94467e-05 0.00010698 0.0004071 4.4617e-09 0.998067 3.36739e-08 4.83753e-05 6.07012e-05 4.8858e-05 4.09065e-09 0.000126308 6.994e-08 
5.01573e-06 1.68744e-05 3.16955e-05 2.86816e-09 5.31387e-10 2.26879e-09 3.15745e-06 3.4966e-10 4.18863e-10 0.11924 0.0729822 2.02686e-10 0.786848 9.3329e-06 1.59532e-05 2.45681e-05 5.54743e-10 0.0208171 6.04568e-06 3.17724e-09 
0.00613521 0.000347468 0.0263776 2.57476e-07 0.0184887 1.53869e-06 4.38391e-11 0.000111329 0.0151312 0.00506992 0.891722 1.91935e-08 0.00122928 0.00595443 3.50835e-07 0.000519294 0.00121716 0.000770708 0.0269233 7.9449e-11 
0.00613521 0.000347468 0.0263776 2.57476e-07 0.0184887 1.53869e-06 4.38391e-11 0.000111329 0.0151312 0.00506992 0.891722 1.91935e-08 0.00122928 0.00595443 3.50835e-07 0.000519294 0.00121716 0.000770708 0.0269233 7.9449e-11 
0.00613521 0.000347468 0.0263776 2.57476e-07 0.0184887 1.53869e-06 4.38391e-11 0.000111329 0.0151312 0.00506992 0.891722 1.91935e-08 0.00122928 0.00595443 3.50835e-07 0.000519294 0.00121716 0.000770708 0.0269233 7.9449e-11 
0.0647018 8.67013e-05 0.0319622 7.15152e-05 0.00678934 0.358115 9.2155e-08 6.22995e-05 0.00297271 0.0016872 0.00289768 1.79317e-07 0.0598864 0.000902294 9.5515e-08 0.00093663 0.00227913 0.043614 0.351031 0.0720041 
0.000143113 0.00102695 0.0107765 5.17264e-05 0.000283609 2.23958e-05 0.00128565 8.44601e-05 0.000213315 0.938633 0.00354153 1.52325e-08 0.0426305 0.000610415 0.000191212 0.000238411 4.16906e-08 7.31343e-05 0.00017081 2.35822e-05 
0.00613521 0.000347468 0.0263776 2.57476e-07 0.0184887 1.53869e-06 4.38391e-11 0.000111329 0.0151312 0.00506992 0.891722 1.91935e-08 0.00122928 0.00595443 3.50835e-07 0.000519294 0.00121716 0.000770708 0.0269233 7.9449e-11 
0.00645763 0.000328441 0.517364 1.126e-05 2.21714e-05 3.57163e-08 7.48398e-06 0.0215921 6.59393e-09 0.397458 0.0211962 3.19078e-09 0.000735621 2.40818e-08 0.0299637 0.00301567 2.37628e-07 0.00184678 7.12836e-07 8.36321e-08 
0.000679257 1.33607e-05 0.055082 2.90986e-06 5.10643e-06 0.261477 5.87757e-09 0.00229058 5.47645e-06 0.0341095 0.0264058 6.79516e-10 0.560595 0.0139187 4.20135e-06 0.00220631 0.00523928 0.00119989 0.0367509 1.50143e-05 
7.51358e-12 1.29316e-07 0.012027 5.92961e-11 1.09859e-11 0.00663759 1.81587e-08 7.22885e-12 0.00149539 0.00163782 3.82339e-07 4.19032e-12 0.977101 3.16257e-11 0.000895076 0.00020529 4.58863e-08 3.84184e-12 1.18625e-07 6.5686e-11 
5.16905e-07 0.0156297 0.122706 8.92761e-07 1.18914e-09 5.07709e-09 1.41255e-06 7.82469e-10 9.3733e-10 0.04118 0.000452164 4.53571e-10 0.783424 9.6364e-07 0.00291573 0.0304099 8.75543e-07 0.000416565 0.00286103 7.11001e-09 
1.54285e-05 1.47856e-05 0.00251649 3.7019e-06 0.000173111 2.9283e-06 1.86198e-05 9.27875e-06 2.28391e-05 0.00212084 9.46722e-05 2.61605e-07 0.994537 6.57805e-05 0.000355422 2.59657e-05 7.16e-07 2.39849e-07 1.814e-05 4.10082e-06 
6.42139e-06 3.83936e-06 1.58989e-06 1.53519e-08 2.84426e-09 8.51279e-06 9.38386e-09 1.87157e-09 2.24198e-09 9.52816e-10 0.0224251 1.08488e-09 0.958574 8.18798e-09 1.61272e-06 4.33983e-09 0.00758115 9.94662e-10 0.0113979 1.70062e-08 
0.00180068 0.00199139 0.000302419 4.11285e-08 1.60082e-05 5.73405e-05 2.81871e-07 5.01401e-09 6.00636e-09 0.00271023 0.00018486 2.90645e-09 0.991426 3.52637e-05 0.000182092 8.83145e-06 3.17583e-05 0.000442416 0.00081005 4.55605e-08 
1.21471e-05 0.000100443 0.014633 2.37383e-07 9.42553e-08 0.650323 3.08374e-05 5.74013e-07 0.00030344 0.00203774 0.00982195 4.39693e-08 0.291904 3.6719e-05 0.00365101 3.38351e-05 0.00316137 0.00191635 0.0220334 7.75744e-08 
0.00613521 0.000347468 0.0263776 2.57476e-07 0.0184887 1.53869e-06 4.38391e-11 0.000111329 0.0151312 0.00506992 0.891722 1.91935e-08 0.00122928 0.00595443 3.50835e-07 0.000519294 0.00121716 0.000770708 0.0269233 7.9449e-11 
1.62972e-07 0.00571238 0.0213211 1.28616e-06 2.19247e-06 0.000112207 0.000231047 2.11622e-06 0.00484505 0.00167973 0.000561583 9.08896e-08 0.0646509 0.00125324 2.65958e-05 0.000335049 4.03745e-06 0.00319859 7.07411e-05 0.895992 
2.57905e-05 1.79467e-06 0.00949362 1.16173e-09 0.034194 9.18956e-10 3.97731e-06 2.5507e-07 4.41279e-07 0.865601 0.000159938 8.20965e-11 0.0336854 9.35671e-06 0.0567665 3.28409e-10 1.29202e-05 8.58145e-07 4.4272e-05 1.28692e-09 
7.93621e-10 1.42266e-09 3.51704e-06 6.26315e-09 1.16038e-09 4.95431e-09 3.82835e-09 7.63546e-10 9.14663e-10 3.88722e-10 7.34596e-06 4.42602e-10 0.998409 3.34047e-09 9.86588e-07 1.77053e-09 0.00157758 4.05794e-10 1.1526e-06 6.93807e-09 
0.0265306 0.24689 0.00454761 3.52598e-10 1.29281e-07 0.000204155 0.00212382 0.020223 0.00071208 0.315353 9.86257e-07 1.13894e-07 0.349087 0.00452208 0.0131695 0.00855811 0.00023318 3.28589e-07 0.00783024 1.47597e-05 
7.20193e-07 1.29103e-06 8.39683e-07 5.68366e-06 1.05302e-06 4.49593e-06 3.47414e-06 6.92901e-07 8.30036e-07 3.52756e-07 3.70144e-06 4.01651e-07 0.999963 3.0314e-06 5.96472e-07 1.60672e-06 1.0993e-06 3.68249e-07 4.35635e-07 6.29614e-06 
7.8116e-05 0.000136955 0.000342259 0.000128769 0.000144336 0.000209025 6.62889e-05 8.25797e-09 4.25469e-05 0.000172374 0.0014602 4.78687e-09 0.996592 3.61281e-08 7.10873e-09 1.91488e-08 0.000170332 0.000134301 0.00032242 7.50372e-08 
3.11472e-11 0.00568291 0.108145 2.4581e-10 2.45969e-07 1.05018e-06 1.50251e-10 4.67514e-07 0.00184604 0.0359035 0.00713396 1.73708e-11 0.829495 5.25723e-08 0.00145041 0.00340338 0.000494761 1.59262e-11 0.00644249 2.72299e-10 
0.749734 7.9858e-07 0.00330898 3.51568e-06 0.0523597 0.00152316 2.14896e-06 4.286e-07 5.13426e-07 0.000159273 2.28956e-06 2.48445e-07 0.00347735 1.8751e-06 3.68953e-07 0.000487969 6.79983e-07 0.183956 0.00497638 3.89454e-06 
0.000201423 4.89982e-05 0.371854 0.00222729 1.25539e-06 4.16319e-06 4.22245e-08 9.0238e-07 0.0167993 0.127596 0.0289039 4.88165e-09 0.336743 0.0762755 0.0350043 2.87297e-06 0.00140208 0.000677647 0.00225454 2.25231e-06 
0.00316369 6.2315e-07 0.888322 2.74337e-06 5.08266e-07 0.0132397 1.67688e-06 0.000134113 4.00638e-07 0.00338848 0.0534209 1.93867e-07 0.00743341 1.46318e-06 0.00446279 0.0105479 5.30606e-07 1.77745e-07 0.0158756 3.039e-06 
0.000248042 1.12826e-10 0.000590995 4.57782e-07 0.000944947 0.897088 2.50685e-05 5.41705e-06 0.00681208 1.49679e-05 1.89532e-06 9.14861e-09 0.0103021 6.94116e-05 0.000412226 0.000106871 0.000266428 0.0395101 0.0435977 2.9892e-06 
4.148e-06 3.98459e-05 1.36199e-06 5.38306e-09 1.91403e-05 9.50439e-06 1.43387e-07 6.56254e-10 1.19237e-06 0.0442664 3.50568e-09 3.80409e-10 0.94901 2.87107e-09 0.00411817 4.6802e-07 0.00251809 1.18294e-05 4.12595e-10 5.96315e-09 
0.00613521 0.000347468 0.0263776 2.57476e-07 0.0184887 1.53869e-06 4.38391e-11 0.000111329 0.0151312 0.00506992 0.891722 1.91935e-08 0.00122928 0.00595443 3.50835e-07 0.000519294 0.00121716 0.000770708 0.0269233 7.9449e-11 
0.991061 4.33502e-06 2.81948e-06 1.90846e-05 3.53582e-06 1.50964e-05 0.00113615 2.32662e-06 2.78709e-06 0.000177045 1.24287e-05 1.34866e-06 0.000243601 1.01788e-05 2.00283e-06 5.39502e-06 0.00356184 0.00369621 2.18232e-05 2.11412e-05 
9.50441e-07 2.85218e-05 0.000162846 7.50075e-06 2.22693e-05 0.000107815 4.58484e-06 2.185e-05 0.000105331 3.37729e-05 4.8848e-06 5.30061e-07 0.000543588 6.98324e-05 0.00028351 2.12039e-06 4.19313e-05 0.000125311 0.000755361 0.997677 
0.00613521 0.000347468 0.0263776 2.57476e-07 0.0184887 1.53869e-06 4.38391e-11 0.000111329 0.0151312 0.00506992 0.891722 1.91935e-08 0.00122928 0.00595443 3.50835e-07 0.000519294 0.00121716 0.000770708 0.0269233 7.9449e-11 
1.02404e-05 1.03672e-05 0.0011713 1.23177e-07 3.50865e-05 1.16782e-05 2.04679e-05 0.065693 0.0112641 0.0340789 2.56048e-05 3.18769e-06 0.79351 0.000519369 0.00595168 6.62896e-06 0.000107304 0.000182542 0.0873986 1.36451e-07 
1.54507e-08 2.76973e-08 0.000362104 1.21935e-07 2.2591e-08 0.00252719 3.73411e-05 1.48652e-08 0.000316987 0.000123364 7.94093e-08 8.61687e-09 0.996256 6.50344e-08 0.000252104 0.000124126 2.3584e-08 7.90027e-09 9.34594e-09 1.35075e-07 
3.45322e-08 0.000101339 4.02616e-08 2.72524e-07 5.04907e-08 2.15573e-07 0.995575 3.32236e-08 0.00416682 1.69142e-08 1.77479e-07 1.92586e-08 5.27409e-08 1.45351e-07 0.000140403 7.70397e-08 5.27099e-08 1.50896e-05 2.08881e-08 3.01891e-07 
2.81202e-09 0.000587024 0.178107 2.21921e-08 6.73259e-05 0.0212416 0.000511703 0.0809456 0.000279209 0.358152 1.44524e-08 1.56826e-09 0.35075 4.24322e-06 2.79893e-07 0.00783662 0.000186304 0.00101005 0.000320954 2.45835e-08 
3.37084e-08 6.04263e-08 0.000149383 2.66022e-07 4.92862e-08 2.1043e-07 1.62606e-07 3.2431e-08 3.88496e-08 1.65106e-08 0.000312013 1.87992e-08 0.999428 1.41883e-07 4.19045e-05 7.52018e-08 6.69396e-05 1.72358e-08 2.03897e-08 2.94689e-07 
0.00131185 0.000484031 0.0146743 8.15446e-10 7.76161e-08 0.00116674 0.000336924 0.00898869 0.00506931 0.0790365 0.00103502 2.68124e-08 0.864769 0.00683115 0.0055751 0.000133299 0.00328887 0.00394389 0.00335565 9.03319e-10 
0.00751306 0.000527361 0.0314398 3.22343e-05 0.0353947 0.00124799 5.62911e-11 0.000116058 0.0147921 0.0251414 0.843819 2.53395e-06 0.00287596 0.00602551 0.00048884 0.000695899 0.00119619 0.000869536 0.0278217 1.02016e-10 
1.17066e-05 0.000158011 0.016923 1.18925e-05 1.9638e-06 5.22769e-05 0.000171169 3.76902e-06 0.000100211 0.00381541 0.00248882 8.64028e-08 0.967481 2.5212e-05 0.00740134 7.74207e-05 0.00022821 0.000151755 0.000895228 1.35442e-06 
0.00613521 0.000347468 0.0263776 2.57476e-07 0.0184887 1.53869e-06 4.38391e-11 0.000111329 0.0151312 0.00506992 0.891722 1.91935e-08 0.00122928 0.00595443 3.50835e-07 0.000519294 0.00121716 0.000770708 0.0269233 7.9449e-11 
0.010478 0.0044459 0.0975872 0.000159327 0.0186468 5.11088e-06 8.73313e-07 0.00175939 0.0180658 0.150927 0.00470244 3.7267e-06 0.197967 0.00541148 0.0515125 0.000523667 0.00091181 0.0343837 0.402508 1.78325e-09 
5.43147e-06 0.000300967 6.94711e-05 4.28645e-05 7.94154e-06 3.39069e-05 2.62009e-05 5.22565e-06 6.25988e-06 0.00010876 2.79151e-05 3.02913e-06 0.999083 2.28619e-05 0.000139051 1.21174e-05 8.2906e-06 2.77722e-06 4.62786e-05 4.74836e-05 
0.00236589 8.036e-07 5.22659e-07 3.53778e-06 0.0162571 2.79848e-06 2.16247e-06 7.78397e-05 0.00069907 0.00850272 0.0769875 2.50007e-07 0.100936 0.2201 0.000693383 1.0001e-06 6.84258e-07 2.29216e-07 0.573365 3.91902e-06 
1.24308e-07 1.44864e-07 0.104957 2.45195e-10 5.91012e-08 1.02816e-06 1.49875e-10 2.98919e-11 3.00823e-07 0.0507336 0.14561 1.73273e-11 0.698695 1.4125e-06 3.0881e-07 7.14008e-07 1.85001e-07 1.9383e-07 2.61247e-07 2.71617e-10 
1.40768e-08 0.000247323 0.0014919 1.11093e-07 2.05822e-08 8.78771e-08 0.456135 5.82501e-05 0.00026122 0.00127764 0.000499273 7.85065e-09 0.46244 0.000651825 0.000420889 0.00124366 8.59689e-05 0.0749437 0.000243534 1.23064e-07 
0.00801868 9.87319e-07 0.271252 1.60385e-10 0.014306 4.14874e-06 9.80353e-11 1.64262e-07 0.012926 0.202074 0.0553455 1.1334e-11 0.329418 0.0260894 0.026204 1.1426e-06 0.00171892 0.000392049 0.0522498 1.77668e-10 
0.00613521 0.000347468 0.0263776 2.57476e-07 0.0184887 1.53869e-06 4.38391e-11 0.000111329 0.0151312 0.00506992 0.891722 1.91935e-08 0.00122928 0.00595443 3.50835e-07 0.000519294 0.00121716 0.000770708 0.0269233 7.9449e-11 
0.000516574 0.0101152 0.00156695 4.25667e-08 0.059114 1.12396e-08 2.71511e-11 0.00151792 1.60776e-08 0.575531 3.59182e-07 3.13899e-12 0.000467946 2.55254e-05 2.00943e-08 0.343461 2.45313e-06 0.00614225 0.00153873 9.58375e-09 
5.59921e-07 4.99893e-06 0.000613016 7.58642e-06 4.78914e-07 6.59385e-10 5.09527e-10 1.01623e-10 6.20863e-06 0.150609 5.42864e-10 5.89073e-11 0.848601 1.86773e-06 8.74802e-11 0.000147561 1.61227e-10 5.40084e-11 7.31562e-06 9.2341e-10 
0.00613521 0.000347468 0.0263776 2.57476e-07 0.0184887 1.53869e-06 4.38391e-11 0.000111329 0.0151312 0.00506992 0.891722 1.91935e-08 0.00122928 0.00595443 3.50835e-07 0.000519294 0.00121716 0.000770708 0.0269233 7.9449e-11 
1.27435e-07 2.10154e-07 6.29236e-07 9.50117e-10 1.51598e-06 0.000125259 5.80759e-10 1.1583e-10 0.000759268 0.042601 0.00813896 6.71426e-11 0.946888 5.06747e-10 9.77625e-06 2.97828e-07 2.28072e-05 1.36714e-06 0.00145118 1.0525e-09 
0.00613521 0.000347468 0.0263776 2.57476e-07 0.0184887 1.53869e-06 4.38391e-11 0.000111329 0.0151312 0.00506992 0.891722 1.91935e-08 0.00122928 0.00595443 3.50835e-07 0.000519294 0.00121716 0.000770708 0.0269233 7.9449e-11 
1.14796e-06 2.05786e-06 0.00120678 9.05955e-06 1.67847e-06 0.0238881 5.53765e-06 1.35385e-05 0.00205682 0.917106 5.89996e-06 6.40217e-07 0.0218324 4.83193e-06 0.000525429 0.0016056 0.000317382 0.000212049 0.0311953 1.00358e-05 
5.83272e-06 1.9605e-05 0.00953836 9.37437e-08 1.7368e-08 0.00016513 5.73009e-08 1.14284e-08 1.36902e-08 0.104002 1.37185e-05 6.62465e-09 0.867695 1.088e-05 1.85249e-05 2.85394e-05 1.81314e-08 2.16283e-06 0.0185002 1.03846e-07 
0.00121413 0.00226292 0.0150991 1.21485e-09 2.25077e-10 9.60982e-10 7.01083e-08 1.48104e-10 3.15058e-07 0.00734521 1.07823e-06 8.5851e-11 0.97158 8.55024e-07 0.00213889 2.24971e-06 2.3497e-10 1.70225e-07 0.000355003 1.34577e-09 
4.5477e-07 8.1523e-07 0.000159597 3.58898e-06 6.64934e-07 2.83898e-06 2.19377e-06 4.37536e-07 5.24131e-07 2.2275e-07 0.00187217 2.53625e-07 0.996223 1.91419e-06 3.76646e-07 1.01457e-06 0.000625438 2.32533e-07 0.00110061 3.97573e-06 
0.00544179 0.37254 0.299888 3.50539e-09 1.30539e-07 2.77286e-09 2.14267e-09 4.27346e-10 5.11924e-10 0.117589 2.28286e-09 2.47718e-10 0.20453 2.61932e-06 3.49517e-06 9.90941e-10 1.42446e-06 2.15784e-06 8.86902e-07 3.88314e-09 
0.00613521 0.000347468 0.0263776 2.57476e-07 0.0184887 1.53869e-06 4.38391e-11 0.000111329 0.0151312 0.00506992 0.891722 1.91935e-08 0.00122928 0.00595443 3.50835e-07 0.000519294 0.00121716 0.000770708 0.0269233 7.9449e-11 
3.59663e-05 7.92065e-05 2.87582e-05 8.10743e-08 1.50207e-08 6.41319e-08 4.95567e-08 1.18705e-05 4.97399e-05 1.15783e-05 0.997242 5.72933e-09 1.88438e-05 0.000259489 8.50834e-09 2.29189e-08 1.56809e-08 0.0022183 4.35048e-05 8.9811e-08 
0.00613521 0.000347468 0.0263776 2.57476e-07 0.0184887 1.53869e-06 4.38391e-11 0.000111329 0.0151312 0.00506992 0.891722 1.91935e-08 0.00122928 0.00595443 3.50835e-07 0.000519294 0.00121716 0.000770708 0.0269233 7.9449e-11 
6.24036e-10 1.11866e-09 0.0336313 4.92481e-09 9.12424e-10 3.50999e-06 7.82977e-06 3.00253e-06 0.0145096 3.05658e-10 0.319326 3.48025e-10 0.632471 2.62666e-09 5.73738e-06 1.81125e-06 1.26696e-05 3.5131e-07 2.80464e-05 5.45551e-09 
0.0315432 0.000439021 0.0271664 2.97464e-07 0.0203229 0.000177356 0.000684804 0.000201601 0.0259153 0.00450841 0.00832664 2.10211e-08 0.766739 1.58653e-07 0.0268705 8.10942e-06 2.05421e-06 0.0726473 0.014447 3.29519e-07 
1.56208e-10 2.80021e-10 0.00119949 1.23277e-09 2.28396e-10 2.34135e-06 2.18599e-06 1.50288e-10 6.84302e-07 0.000137997 2.81071e-06 8.71169e-11 0.998652 6.575e-10 8.41055e-07 3.48492e-10 1.2401e-06 1.51837e-07 9.44878e-11 1.36561e-09 
0.00613521 0.000347468 0.0263776 2.57476e-07 0.0184887 1.53869e-06 4.38391e-11 0.000111329 0.0151312 0.00506992 0.891722 1.91935e-08 0.00122928 0.00595443 3.50835e-07 0.000519294 0.00121716 0.000770708 0.0269233 7.9449e-11 
7.38498e-07 0.00760711 0.00365839 2.69808e-10 3.34968e-07 2.13426e-10 7.91782e-07 1.00326e-06 1.67464e-06 0.915006 1.75711e-10 1.90667e-11 0.0523913 1.10663e-05 2.83151e-11 0.0029376 9.0807e-07 0.0183805 2.91176e-06 2.98883e-10 
2.29885e-06 1.64166e-05 1.45715e-08 9.86321e-08 1.82737e-08 0.00072324 3.68241e-05 1.20243e-08 5.79857e-05 0.181186 0.00988704 6.97011e-09 0.808032 5.26057e-08 2.18908e-05 2.78823e-08 1.90769e-08 2.51813e-05 1.06104e-05 1.09261e-07 
3.15431e-08 0.906452 3.67766e-08 2.48934e-07 4.61203e-08 1.96914e-07 0.000516265 1.3024e-05 4.58369e-05 0.0223208 1.62116e-07 1.75916e-08 7.04658e-06 1.3277e-07 4.17998e-05 0.0705978 4.81474e-08 1.61286e-08 3.71721e-06 2.7576e-07 
3.15818e-08 0.000543553 0.00251496 2.4924e-07 4.61769e-08 0.00106483 1.52348e-07 3.0385e-08 0.000353104 0.00042232 0.00160709 1.76132e-08 0.992371 1.32933e-07 0.000190968 0.000239626 0.000192874 1.61484e-08 0.000498617 2.76098e-07 
0.00613521 0.000347468 0.0263776 2.57476e-07 0.0184887 1.53869e-06 4.38391e-11 0.000111329 0.0151312 0.00506992 0.891722 1.91935e-08 0.00122928 0.00595443 3.50835e-07 0.000519294 0.00121716 0.000770708 0.0269233 7.9449e-11 
2.62012e-06 1.23569e-09 0.0603155 5.44003e-09 1.00788e-09 9.9017e-06 3.35848e-07 6.632e-10 0.00770382 8.57628e-06 4.25488e-06 3.84435e-10 0.93195 2.90146e-09 5.70904e-10 1.53784e-09 1.68455e-06 3.52464e-10 2.96083e-06 6.02626e-09 
1.02404e-05 1.03672e-05 0.0011713 1.23177e-07 3.50865e-05 1.16782e-05 2.04679e-05 0.065693 0.0112641 0.0340789 2.56048e-05 3.18769e-06 0.79351 0.000519369 0.00595168 6.62896e-06 0.000107304 0.000182542 0.0873986 1.36451e-07 
0.00613521 0.000347468 0.0263776 2.57476e-07 0.0184887 1.53869e-06 4.38391e-11 0.000111329 0.0151312 0.00506992 0.891722 1.91935e-08 0.00122928 0.00595443 3.50835e-07 0.000519294 0.00121716 0.000770708 0.0269233 7.9449e-11 
0.00613521 0.000347468 0.0263776 2.57476e-07 0.0184887 1.53869e-06 4.38391e-11 0.000111329 0.0151312 0.00506992 0.891722 1.91935e-08 0.00122928 0.00595443 3.50835e-07 0.000519294 0.00121716 0.000770708 0.0269233 7.9449e-11 
4.19912e-07 0.00678241 0.00424827 2.4012e-10 4.44872e-11 1.89941e-10 1.46773e-10 2.92732e-11 3.50668e-11 0.0220266 9.85326e-07 1.69687e-11 0.959463 7.81341e-07 0.00641217 2.05682e-06 4.64425e-11 1.55591e-07 0.0010634 2.65995e-10 
0.0474244 0.00263439 2.62377e-09 1.77598e-08 3.29038e-09 1.40485e-08 0.0536835 0.00148567 4.98966e-06 3.04179e-06 1.79922e-05 1.25505e-09 0.869496 9.47224e-09 1.8638e-09 5.02052e-09 3.435e-09 0.0242226 0.00102695 1.96736e-08 
0.0497173 0.00260047 0.000889325 1.43495e-07 1.58224e-05 1.45264e-06 0.364923 0.00122259 0.015907 0.180726 1.00046e-05 1.01404e-08 0.338523 0.0010967 0.000126428 0.0182819 0.000236593 5.11419e-06 0.0257174 1.58958e-07 
9.52552e-11 1.70756e-10 0.0148174 5.2697e-07 1.39276e-10 1.36828e-06 4.59502e-10 9.16455e-11 1.06501e-06 4.85277e-07 0.00467394 5.31238e-11 0.977446 4.00943e-10 0.00156321 7.22747e-07 0.00149457 4.87059e-11 6.97241e-07 8.3275e-10 
0.00613521 0.000347468 0.0263776 2.57476e-07 0.0184887 1.53869e-06 4.38391e-11 0.000111329 0.0151312 0.00506992 0.891722 1.91935e-08 0.00122928 0.00595443 3.50835e-07 0.000519294 0.00121716 0.000770708 0.0269233 7.9449e-11 
0.00273935 0.249314 0.000292266 9.16819e-07 1.6986e-07 8.66181e-05 2.54499e-05 1.1177e-07 1.33891e-07 0.0657769 5.97071e-07 6.47895e-08 0.681761 4.88988e-07 9.62156e-08 2.59176e-07 1.77326e-07 5.94014e-08 7.02712e-08 1.01562e-06 
