4.61269e-05 1.72452e-05 0.171876 3.95477e-08 7.32704e-09 4.64852e-06 1.63535e-05 4.8213e-09 5.7755e-09 1.0931e-05 2.47342e-05 2.79474e-09 0.636593 3.20799e-05 0.115808 0.00324137 3.58268e-06 0.0265269 0.0457998 4.38094e-08 
5.09532e-10 7.31632e-07 0.0151548 4.02116e-09 7.45005e-10 3.18084e-09 2.45794e-09 4.90224e-10 5.69687e-06 0.0434346 1.23107e-05 2.84166e-10 0.576391 2.57577e-06 4.22001e-10 3.29769e-06 3.89653e-07 0.191372 0.173623 4.45449e-09 
0.00367895 5.62342e-06 0.0412045 9.55818e-10 1.77085e-10 7.56077e-10 5.84244e-10 1.16525e-10 1.39587e-10 0.0315184 3.92218e-06 6.75454e-11 0.923569 3.1102e-06 5.31643e-06 8.18735e-06 1.84869e-10 6.19346e-07 2.01473e-06 1.05882e-09 
1.94785e-06 0.00346386 6.35953e-05 9.37322e-07 1.73659e-07 7.41446e-07 5.72938e-07 0.000682332 8.51506e-06 0.994942 5.68934e-05 6.62384e-08 1.81398e-07 3.06621e-06 9.83672e-08 6.73855e-05 2.29312e-06 0.000704323 7.18427e-08 1.03833e-06 
0.0141008 0.000203344 0.0614688 0.0009069 0.000813936 0.000417148 0.00720345 5.34611e-05 0.000249727 0.0438802 0.0118585 4.36844e-08 0.765535 0.000274984 0.030817 0.000752545 0.000256733 0.024478 0.0365409 0.00018848 
2.99585e-06 0.976884 3.49291e-06 2.36429e-05 0.000880451 1.87021e-05 1.44517e-05 2.88233e-06 3.45278e-06 0.000294946 1.53972e-05 1.67079e-06 0.000919686 1.261e-05 2.4812e-06 6.68361e-06 4.57287e-06 0.0176178 0.00326368 2.61907e-05 
0.000516574 0.0101152 0.00156695 4.25667e-08 0.059114 1.12396e-08 2.71511e-11 0.00151792 1.60776e-08 0.575531 3.59182e-07 3.13899e-12 0.000467946 2.55254e-05 2.00943e-08 0.343461 2.45313e-06 0.00614225 0.00153873 9.58375e-09 
0.000293668 0.000166454 0.000254593 8.89786e-05 0.000355978 7.03844e-05 5.43882e-05 0.00046568 1.29943e-05 0.995937 0.00034822 6.28791e-06 0.000831893 0.000461277 9.33786e-06 0.000118488 1.72097e-05 0.000191873 0.00021686 9.85671e-05 
0.000357007 2.53596e-05 0.0796496 5.66199e-05 2.23834e-05 2.37213e-05 2.98999e-05 1.31256e-06 0.0742471 0.000106535 6.06183e-05 1.12782e-07 0.837897 5.74238e-06 1.67487e-07 4.51159e-07 0.00731434 1.42065e-05 0.000185688 1.76793e-06 
0.00181692 4.58678e-05 0.0244991 8.66428e-06 0.931373 0.000103549 0.000249182 1.89302e-05 2.92073e-07 0.00480849 8.85944e-05 1.41333e-07 0.0347773 1.06669e-06 1.20396e-05 5.65372e-07 3.86822e-07 9.93022e-05 2.4161e-06 0.00209426 
0.011485 0.0200848 0.00470086 2.05885e-06 0.00324804 9.96299e-08 1.46166e-06 0.00449788 1.77594e-08 0.862653 1.02574e-06 8.8115e-11 0.0586594 1.06483e-06 8.58344e-07 0.0269614 4.63818e-05 0.00671034 4.27074e-08 0.000945908 
3.87888e-07 0.00326877 0.97752 3.06116e-06 5.67144e-07 2.42146e-06 1.87113e-06 3.73189e-07 4.47048e-07 0.00119713 1.99355e-06 2.16325e-07 0.0134485 1.63268e-06 0.00160659 0.00173159 5.92071e-07 0.00121004 2.34628e-07 3.39103e-06 
4.29826e-07 7.70515e-07 0.997315 3.39213e-06 6.28463e-07 2.68326e-06 2.07344e-06 4.13538e-07 4.95383e-07 0.000358116 2.2091e-06 2.39714e-07 0.000263245 1.8092e-06 0.0014955 9.58922e-07 6.56086e-07 0.0004178 0.000130258 3.75767e-06 
6.46255e-13 0.00158512 0.00104948 5.10015e-12 9.4813e-05 4.03436e-12 1.30002e-07 0.462628 1.56487e-09 0.493835 3.32143e-12 3.60416e-13 2.81312e-08 1.25155e-08 5.35236e-13 0.0404915 1.31666e-05 0.000303067 3.79222e-09 5.64975e-12 
8.05173e-07 2.7086e-06 0.004006 1.68149e-09 3.11531e-10 2.96531e-05 1.02781e-09 1.56437e-08 2.55245e-06 0.0155033 0.000853958 1.18827e-10 0.972518 0.0018934 0.00123618 3.9435e-06 3.92227e-07 9.43568e-05 0.00385484 1.86269e-09 
3.16288e-07 5.66984e-07 0.00637999 0.00574352 0.0011566 1.97448e-06 1.52574e-06 3.04302e-07 3.64528e-07 0.00082123 0.00211486 1.76394e-07 0.0184053 1.3313e-06 2.61953e-07 7.05623e-07 0.000531542 0.000598543 0.964238 2.76508e-06 
7.60925e-07 1.36405e-06 0.00807416 6.00512e-06 0.00600902 4.75021e-06 3.67063e-06 7.3209e-07 0.00649053 0.0190084 3.91078e-06 4.24368e-07 0.0436982 3.20284e-06 6.30207e-07 0.00628278 0.00395018 0.00455259 0.901902 6.65224e-06 
1.06826e-12 0.000333039 0.0163484 8.43057e-12 0.000333845 0.000209815 5.15319e-12 5.55104e-09 0.00217272 0.000591721 5.49034e-12 5.95769e-13 0.0270201 3.0425e-05 0.354861 1.12148e-05 5.66994e-05 0.0594273 0.538604 9.33906e-12 
0.0144198 3.75346e-09 0.0677638 0.214078 0.0675875 1.30712e-08 1.37926e-05 2.01449e-09 2.41319e-09 4.61042e-06 1.07613e-08 1.16773e-09 0.00311035 8.81328e-09 1.73414e-09 4.81413e-06 1.69262e-05 0.632984 1.64566e-05 1.8305e-08 
0.0152203 0.000645017 6.30496e-08 1.49718e-05 7.90684e-08 3.37588e-07 3.92635e-05 0.000240086 5.26576e-06 0.00676099 2.77932e-07 3.0159e-08 0.974491 2.2762e-07 5.67229e-05 0.000324804 8.25437e-08 0.00220049 3.27107e-08 4.72761e-07 
0.00533082 0.00134026 0.325994 4.93498e-06 9.82561e-06 0.000513961 7.16579e-05 6.27675e-06 0.000521095 0.00522 0.000239275 2.14969e-08 0.618952 5.9923e-05 0.000372292 0.00141604 2.62179e-06 0.000627726 0.00553251 0.0337856 
2.66219e-05 3.57978e-05 0.987415 9.96605e-08 0.00646765 7.88341e-08 6.09176e-08 1.21497e-08 1.55538e-05 0.000670572 0.000205971 7.04278e-09 1.92871e-08 5.31542e-08 1.04589e-08 7.72085e-06 1.92758e-08 5.81715e-06 0.00514846 1.104e-07 
0.000164179 4.26477e-08 0.00110122 1.87753e-07 0.000125261 0.000742738 1.14764e-07 2.28891e-08 0.160029 0.832226 0.00324034 1.32681e-08 0.000272552 1.00138e-07 1.97037e-08 0.00133226 0.000192501 5.11037e-05 8.4919e-05 0.000436977 
0.00157347 1.44665e-05 0.0547063 4.01049e-07 0.00746632 2.23301e-06 6.72262e-06 0.000207275 5.17057e-05 0.00685878 2.72973e-06 2.07167e-10 0.0103945 3.46168e-05 0.0083804 0.621141 1.01325e-06 3.46399e-05 0.289123 3.24748e-09 
1.67099e-07 2.99545e-07 0.00111007 1.31872e-06 2.44321e-07 0.00013023 8.06069e-07 1.60767e-07 1.92585e-07 7.44138e-05 8.58807e-07 9.3191e-08 0.998673 7.03344e-07 1.38393e-07 3.7279e-07 2.5506e-07 5.59639e-06 1.01076e-07 1.46083e-06 
7.85587e-11 0.000113148 0.0732651 6.19974e-10 0.000114158 7.28115e-05 3.7896e-10 2.23349e-07 0.0103563 0.000198697 1.80906e-06 4.38122e-11 0.51881 1.12695e-05 0.195983 0.000214843 0.00145041 0.0198239 0.17958 3.69251e-06 
0.00502354 0.000706913 0.00208454 2.77566e-10 0.0448514 2.19562e-10 1.69663e-10 3.38384e-11 4.05355e-11 0.313995 1.80763e-10 1.9615e-11 5.37168e-11 1.48041e-10 2.91292e-11 7.84653e-11 5.36853e-11 0.605801 2.12746e-11 0.0275376 
3.34706e-06 0.00306653 0.0362501 2.07172e-09 0.670364 6.99316e-06 2.10559e-06 1.35819e-05 0.0220043 0.0161386 1.34919e-09 1.46404e-10 0.107254 3.02112e-07 2.42955e-05 0.000269212 5.68018e-07 0.00297991 0.141622 2.29497e-09 
0.00215403 0.000140976 0.0402849 4.59732e-05 4.31742e-06 1.37036e-06 0.000694941 0.00602751 0.00175637 0.00159956 6.74734e-06 1.22423e-07 0.940107 6.52834e-05 7.61962e-05 3.58557e-06 0.000176472 0.00597083 0.000881543 1.91906e-06 
3.44576e-08 6.17694e-08 0.00018886 2.71935e-07 5.03816e-08 0.000516474 0.000482204 3.31518e-08 3.9713e-08 1.01435e-05 0.00062001 1.9217e-08 0.997689 1.45037e-07 0.000185527 7.68732e-08 0.000273552 3.34935e-05 2.08429e-08 3.01239e-07 
0.00218891 0.00031609 0.874265 6.25687e-08 0.0353303 0.000796789 3.82451e-08 2.28162e-05 0.000345001 0.00258487 0.0320877 4.42158e-09 0.0061821 3.44313e-06 7.69693e-05 0.00108082 1.89066e-06 0.000793256 0.0439236 6.93111e-08 
0.000198952 5.75184e-05 0.00174666 1.78511e-06 0.0163606 5.28923e-05 3.12177e-05 2.06473e-06 0.00383412 0.0737082 1.27132e-07 1.37954e-08 0.568987 1.40818e-05 0.0359182 6.2484e-06 1.33147e-05 0.199841 0.0992259 2.16251e-07 
0.000516574 0.0101152 0.00156695 4.25667e-08 0.059114 1.12396e-08 2.71511e-11 0.00151792 1.60776e-08 0.575531 3.59182e-07 3.13899e-12 0.000467946 2.55254e-05 2.00943e-08 0.343461 2.45313e-06 0.00614225 0.00153873 9.58375e-09 
3.57879e-12 0.000119385 4.17256e-12 8.1934e-08 2.40755e-08 2.23412e-11 1.72637e-11 1.06053e-07 6.11096e-05 1.8556e-05 0.999628 1.99589e-12 5.46586e-12 1.50636e-11 2.96399e-12 6.38809e-08 4.92185e-09 0.000172197 2.16476e-12 3.12868e-11 
8.71487e-11 1.87626e-07 0.011045 4.13348e-07 1.65777e-07 4.90182e-07 6.31017e-07 8.46847e-09 4.01864e-07 7.98273e-07 1.29936e-06 4.86028e-11 0.988948 3.7049e-08 7.21776e-11 1.94425e-10 9.57904e-07 3.07515e-07 1.39173e-06 7.6188e-10 
5.01573e-06 1.68744e-05 3.16955e-05 2.86816e-09 5.31387e-10 2.26879e-09 3.15745e-06 3.4966e-10 4.18863e-10 0.11924 0.0729822 2.02686e-10 0.786848 9.3329e-06 1.59532e-05 2.45681e-05 5.54743e-10 0.0208171 6.04568e-06 3.17724e-09 
0.000143113 0.00102695 0.0107765 5.17264e-05 0.000283609 2.23958e-05 0.00128565 8.44601e-05 0.000213315 0.938633 0.00354153 1.52325e-08 0.0426305 0.000610415 0.000191212 0.000238411 4.16906e-08 7.31343e-05 0.00017081 2.35822e-05 
0.00645763 0.000328441 0.517364 1.126e-05 2.21714e-05 3.57163e-08 7.48398e-06 0.0215921 6.59393e-09 0.397458 0.0211962 3.19078e-09 0.000735621 2.40818e-08 0.0299637 0.00301567 2.37628e-07 0.00184678 7.12836e-07 8.36321e-08 
0.000679257 1.33607e-05 0.055082 2.90986e-06 5.10643e-06 0.261477 5.87757e-09 0.00229058 5.47645e-06 0.0341095 0.0264058 6.79516e-10 0.560595 0.0139187 4.20135e-06 0.00220631 0.00523928 0.00119989 0.0367509 1.50143e-05 
5.16905e-07 0.0156297 0.122706 8.92761e-07 1.18914e-09 5.07709e-09 1.41255e-06 7.82469e-10 9.3733e-10 0.04118 0.000452164 4.53571e-10 0.783424 9.6364e-07 0.00291573 0.0304099 8.75543e-07 0.000416565 0.00286103 7.11001e-09 
0.00180068 0.00199139 0.000302419 4.11285e-08 1.60082e-05 5.73405e-05 2.81871e-07 5.01401e-09 6.00636e-09 0.00271023 0.00018486 2.90645e-09 0.991426 3.52637e-05 0.000182092 8.83145e-06 3.17583e-05 0.000442416 0.00081005 4.55605e-08 
1.21471e-05 0.000100443 0.014633 2.37383e-07 9.42553e-08 0.650323 3.08374e-05 5.74013e-07 0.00030344 0.00203774 0.00982195 4.39693e-08 0.291904 3.6719e-05 0.00365101 3.38351e-05 0.00316137 0.00191635 0.0220334 7.75744e-08 
1.62972e-07 0.00571238 0.0213211 1.28616e-06 2.19247e-06 0.000112207 0.000231047 2.11622e-06 0.00484505 0.00167973 0.000561583 9.08896e-08 0.0646509 0.00125324 2.65958e-05 0.000335049 4.03745e-06 0.00319859 7.07411e-05 0.895992 
2.57905e-05 1.79467e-06 0.00949362 1.16173e-09 0.034194 9.18956e-10 3.97731e-06 2.5507e-07 4.41279e-07 0.865601 0.000159938 8.20965e-11 0.0336854 9.35671e-06 0.0567665 3.28409e-10 1.29202e-05 8.58145e-07 4.4272e-05 1.28692e-09 
7.8116e-05 0.000136955 0.000342259 0.000128769 0.000144336 0.000209025 6.62889e-05 8.25797e-09 4.25469e-05 0.000172374 0.0014602 4.78687e-09 0.996592 3.61281e-08 7.10873e-09 1.91488e-08 0.000170332 0.000134301 0.00032242 7.50372e-08 
0.749734 7.9858e-07 0.00330898 3.51568e-06 0.0523597 0.00152316 2.14896e-06 4.286e-07 5.13426e-07 0.000159273 2.28956e-06 2.48445e-07 0.00347735 1.8751e-06 3.68953e-07 0.000487969 6.79983e-07 0.183956 0.00497638 3.89454e-06 
0.000201423 4.89982e-05 0.371854 0.00222729 1.25539e-06 4.16319e-06 4.22245e-08 9.0238e-07 0.0167993 0.127596 0.0289039 4.88165e-09 0.336743 0.0762755 0.0350043 2.87297e-06 0.00140208 0.000677647 0.00225454 2.25231e-06 
4.148e-06 3.98459e-05 1.36199e-06 5.38306e-09 1.91403e-05 9.50439e-06 1.43387e-07 6.56254e-10 1.19237e-06 0.0442664 3.50568e-09 3.80409e-10 0.94901 2.87107e-09 0.00411817 4.6802e-07 0.00251809 1.18294e-05 4.12595e-10 5.96315e-09 
0.991061 4.33502e-06 2.81948e-06 1.90846e-05 3.53582e-06 1.50964e-05 0.00113615 2.32662e-06 2.78709e-06 0.000177045 1.24287e-05 1.34866e-06 0.000243601 1.01788e-05 2.00283e-06 5.39502e-06 0.00356184 0.00369621 2.18232e-05 2.11412e-05 
9.50441e-07 2.85218e-05 0.000162846 7.50075e-06 2.22693e-05 0.000107815 4.58484e-06 2.185e-05 0.000105331 3.37729e-05 4.8848e-06 5.30061e-07 0.000543588 6.98324e-05 0.00028351 2.12039e-06 4.19313e-05 0.000125311 0.000755361 0.997677 
2.81202e-09 0.000587024 0.178107 2.21921e-08 6.73259e-05 0.0212416 0.000511703 0.0809456 0.000279209 0.358152 1.44524e-08 1.56826e-09 0.35075 4.24322e-06 2.79893e-07 0.00783662 0.000186304 0.00101005 0.000320954 2.45835e-08 
1.17066e-05 0.000158011 0.016923 1.18925e-05 1.9638e-06 5.22769e-05 0.000171169 3.76902e-06 0.000100211 0.00381541 0.00248882 8.64028e-08 0.967481 2.5212e-05 0.00740134 7.74207e-05 0.00022821 0.000151755 0.000895228 1.35442e-06 
1.24308e-07 1.44864e-07 0.104957 2.45195e-10 5.91012e-08 1.02816e-06 1.49875e-10 2.98919e-11 3.00823e-07 0.0507336 0.14561 1.73273e-11 0.698695 1.4125e-06 3.0881e-07 7.14008e-07 1.85001e-07 1.9383e-07 2.61247e-07 2.71617e-10 
1.40768e-08 0.000247323 0.0014919 1.11093e-07 2.05822e-08 8.78771e-08 0.456135 5.82501e-05 0.00026122 0.00127764 0.000499273 7.85065e-09 0.46244 0.000651825 0.000420889 0.00124366 8.59689e-05 0.0749437 0.000243534 1.23064e-07 
0.00801868 9.87319e-07 0.271252 1.60385e-10 0.014306 4.14874e-06 9.80353e-11 1.64262e-07 0.012926 0.202074 0.0553455 1.1334e-11 0.329418 0.0260894 0.026204 1.1426e-06 0.00171892 0.000392049 0.0522498 1.77668e-10 
0.000516574 0.0101152 0.00156695 4.25667e-08 0.059114 1.12396e-08 2.71511e-11 0.00151792 1.60776e-08 0.575531 3.59182e-07 3.13899e-12 0.000467946 2.55254e-05 2.00943e-08 0.343461 2.45313e-06 0.00614225 0.00153873 9.58375e-09 
1.27435e-07 2.10154e-07 6.29236e-07 9.50117e-10 1.51598e-06 0.000125259 5.80759e-10 1.1583e-10 0.000759268 0.042601 0.00813896 6.71426e-11 0.946888 5.06747e-10 9.77625e-06 2.97828e-07 2.28072e-05 1.36714e-06 0.00145118 1.0525e-09 
1.14796e-06 2.05786e-06 0.00120678 9.05955e-06 1.67847e-06 0.0238881 5.53765e-06 1.35385e-05 0.00205682 0.917106 5.89996e-06 6.40217e-07 0.0218324 4.83193e-06 0.000525429 0.0016056 0.000317382 0.000212049 0.0311953 1.00358e-05 
5.83272e-06 1.9605e-05 0.00953836 9.37437e-08 1.7368e-08 0.00016513 5.73009e-08 1.14284e-08 1.36902e-08 0.104002 1.37185e-05 6.62465e-09 0.867695 1.088e-05 1.85249e-05 2.85394e-05 1.81314e-08 2.16283e-06 0.0185002 1.03846e-07 
0.00121413 0.00226292 0.0150991 1.21485e-09 2.25077e-10 9.60982e-10 7.01083e-08 1.48104e-10 3.15058e-07 0.00734521 1.07823e-06 8.5851e-11 0.97158 8.55024e-07 0.00213889 2.24971e-06 2.3497e-10 1.70225e-07 0.000355003 1.34577e-09 
0.00544179 0.37254 0.299888 3.50539e-09 1.30539e-07 2.77286e-09 2.14267e-09 4.27346e-10 5.11924e-10 0.117589 2.28286e-09 2.47718e-10 0.20453 2.61932e-06 3.49517e-06 9.90941e-10 1.42446e-06 2.15784e-06 8.86902e-07 3.88314e-09 
3.59663e-05 7.92065e-05 2.87582e-05 8.10743e-08 1.50207e-08 6.41319e-08 4.95567e-08 1.18705e-05 4.97399e-05 1.15783e-05 0.997242 5.72933e-09 1.88438e-05 0.000259489 8.50834e-09 2.29189e-08 1.56809e-08 0.0022183 4.35048e-05 8.9811e-08 
0.0315432 0.000439021 0.0271664 2.97464e-07 0.0203229 0.000177356 0.000684804 0.000201601 0.0259153 0.00450841 0.00832664 2.10211e-08 0.766739 1.58653e-07 0.0268705 8.10942e-06 2.05421e-06 0.0726473 0.014447 3.29519e-07 
1.56208e-10 2.80021e-10 0.00119949 1.23277e-09 2.28396e-10 2.34135e-06 2.18599e-06 1.50288e-10 6.84302e-07 0.000137997 2.81071e-06 8.71169e-11 0.998652 6.575e-10 8.41055e-07 3.48492e-10 1.2401e-06 1.51837e-07 9.44878e-11 1.36561e-09 
7.38498e-07 0.00760711 0.00365839 2.69808e-10 3.34968e-07 2.13426e-10 7.91782e-07 1.00326e-06 1.67464e-06 0.915006 1.75711e-10 1.90667e-11 0.0523913 1.10663e-05 2.83151e-11 0.0029376 9.0807e-07 0.0183805 2.91176e-06 2.98883e-10 
2.29885e-06 1.64166e-05 1.45715e-08 9.86321e-08 1.82737e-08 0.00072324 3.68241e-05 1.20243e-08 5.79857e-05 0.181186 0.00988704 6.97011e-09 0.808032 5.26057e-08 2.18908e-05 2.78823e-08 1.90769e-08 2.51813e-05 1.06104e-05 1.09261e-07 
4.19912e-07 0.00678241 0.00424827 2.4012e-10 4.44872e-11 1.89941e-10 1.46773e-10 2.92732e-11 3.50668e-11 0.0220266 9.85326e-07 1.69687e-11 0.959463 7.81341e-07 0.00641217 2.05682e-06 4.64425e-11 1.55591e-07 0.0010634 2.65995e-10 
0.0474244 0.00263439 2.62377e-09 1.77598e-08 3.29038e-09 1.40485e-08 0.0536835 0.00148567 4.98966e-06 3.04179e-06 1.79922e-05 1.25505e-09 0.869496 9.47224e-09 1.8638e-09 5.02052e-09 3.435e-09 0.0242226 0.00102695 1.96736e-08 
0.0497173 0.00260047 0.000889325 1.43495e-07 1.58224e-05 1.45264e-06 0.364923 0.00122259 0.015907 0.180726 1.00046e-05 1.01404e-08 0.338523 0.0010967 0.000126428 0.0182819 0.000236593 5.11419e-06 0.0257174 1.58958e-07 
0.000327915 9.87928e-09 5.2695e-05 4.34927e-08 8.05794e-09 3.4748e-06 0.000654017 0.890115 0.000324575 0.00253552 0.000818599 3.07353e-09 0.0041715 0.100278 0.000220919 0.000211486 0.000132078 1.69358e-06 0.000152681 4.81795e-08 
0.16923 0.0181015 0.0125065 1.45828e-06 0.0552723 0.0277283 0.000156868 6.21143e-07 0.0167266 0.0823129 0.0034454 4.81212e-07 0.0672031 0.329093 1.79415e-06 7.29859e-07 0.208141 0.00178452 0.00700761 0.00128529 
1.65236e-06 0.202129 0.0942782 1.27966e-07 2.37084e-08 1.01224e-07 9.05019e-05 0.000148711 8.49468e-05 0.511969 8.33368e-08 9.04305e-09 0.166986 0.00011955 0.0241707 7.00601e-06 2.47504e-08 4.64172e-06 9.64011e-06 1.41756e-07 
2.15437e-07 2.74017e-06 0.0118238 1.04839e-09 2.2825e-05 0.0058658 8.01851e-07 2.13667e-07 1.53106e-10 0.0194204 0.00325564 7.40873e-11 0.366054 1.24341e-06 1.10023e-10 8.94356e-07 5.07247e-07 7.81596e-07 0.59355 1.16137e-09 
0.00109807 1.18844e-07 0.0033793 3.47291e-06 0.0072962 0.573755 5.51701e-09 5.28897e-06 7.3703e-05 0.000169939 8.83935e-06 3.91338e-13 0.0921342 1.87071e-05 2.83856e-08 0.000373746 5.89396e-05 0.136002 0.185608 1.38344e-05 
0.000674643 0.00522096 0.000431994 1.37205e-07 0.0794688 2.23563e-05 6.72061e-11 0.000267059 4.0768e-08 0.364267 7.45869e-07 7.76981e-12 0.000401469 9.54015e-08 1.15385e-11 0.542377 1.83892e-08 0.0054122 0.00145511 1.21797e-10 
1.58122e-10 1.42009e-07 0.00719412 1.24787e-09 2.31195e-10 2.37003e-06 2.21278e-06 1.52129e-10 1.82238e-10 4.65471e-08 0.00199445 8.81844e-11 0.983691 6.65557e-10 0.00246979 3.52762e-10 0.00464585 1.53697e-07 9.56455e-11 1.38235e-09 
0.795867 1.91972e-06 0.0273393 8.45139e-06 0.0330038 6.68527e-06 5.16592e-06 0.00062985 3.82288e-05 0.0171744 5.5039e-06 5.9724e-07 0.109536 4.50757e-06 8.86931e-07 2.38912e-06 1.63462e-06 0.0161314 6.5919e-05 0.000176538 
0.00837832 2.19536e-06 0.0283539 1.34021e-08 4.74479e-07 1.06014e-08 8.19202e-09 1.63386e-09 0.000768932 0.0359655 8.72799e-09 9.47093e-10 0.80951 7.14802e-09 0.103009 3.6047e-06 6.40823e-06 0.00173424 0.0122673 1.48463e-08 
0.00726723 1.65695e-07 0.00243016 1.30237e-10 2.41291e-11 1.03021e-10 1.95842e-06 1.32607e-05 0.00320832 0.597536 2.45126e-06 9.20354e-12 0.336031 0.0312198 0.0207066 6.33285e-07 0.0015824 1.34175e-07 4.57195e-07 1.44271e-10 
5.54397e-06 0.000564043 3.49704e-05 9.99261e-08 1.85134e-08 3.59154e-05 6.10799e-08 1.21821e-08 1.45931e-08 0.0960189 0.00784268 7.06155e-09 0.893977 1.03446e-05 8.29004e-05 2.71229e-05 1.40391e-05 2.05596e-06 0.00138444 1.10694e-07 
1.89227e-07 0.000916214 0.962641 1.49336e-06 2.76676e-07 1.18128e-06 9.12815e-07 0.00555291 2.18088e-07 0.0111594 0.0041829 1.05532e-07 0.0049134 0.00302744 1.5672e-07 0.00620615 2.88836e-07 0.00076447 0.00062965 1.65428e-06 
0.00337235 0.00427659 0.112871 0.000157347 0.00056963 0.0950063 0.000583758 0.00110778 0.00263037 0.0125959 0.201075 6.88083e-07 0.325658 0.000300472 0.0213331 0.00108942 0.007677 0.108862 0.100769 6.53838e-05 
1.01428e-06 3.41234e-06 0.114735 5.79999e-10 1.07457e-10 5.96892e-07 3.54524e-10 7.07082e-11 3.30423e-07 0.0581913 2.38001e-06 4.09872e-11 0.791818 1.8873e-06 0.0283926 4.96816e-06 1.68382e-07 3.75824e-07 0.00684755 6.425e-10 
5.08868e-08 3.79289e-05 1.15056e-05 4.01592e-07 9.76363e-06 2.17682e-05 2.45473e-07 4.89585e-08 0.000451788 0.0215437 2.17057e-05 2.83796e-08 0.977792 2.1419e-07 1.89465e-05 5.5011e-05 9.44352e-06 2.51903e-05 3.07807e-08 4.44868e-07 
7.76533e-07 2.61262e-06 0.00891481 7.70415e-09 2.03417e-06 0.0244839 2.12596e-07 2.03913e-06 0.0016013 0.000367063 0.000195212 5.44434e-10 0.790033 0.00292239 0.00557401 5.73904e-05 0.000667701 0.0071095 0.156087 0.00197905 
0.158653 4.11864e-09 0.246737 1.58997e-06 1.25256e-05 0.00624358 0.00180056 2.21049e-09 0.0192944 0.00231129 2.89918e-06 1.28134e-09 0.504771 1.59382e-05 1.39777e-06 0.000732637 0.0360432 3.41688e-05 0.0233445 2.00859e-08 
1.82527e-11 9.84877e-09 0.00303894 1.73002e-07 5.75396e-06 9.68656e-07 8.80495e-11 8.60665e-08 0.000336335 4.86363e-07 9.38102e-11 1.01796e-11 0.961443 4.61739e-08 0.00354625 1.1443e-06 2.7861e-11 0.0315995 2.76561e-05 1.59571e-10 
2.16132e-11 0.000111495 0.0178899 1.70568e-10 0.000489614 0.000899788 1.0426e-10 7.76607e-08 0.0119164 0.00019768 8.75117e-08 1.20537e-11 0.074893 1.04976e-05 0.167442 0.000289316 0.000261927 0.11195 0.613648 1.88949e-10 
0.000337009 5.80839e-08 0.000117148 2.55709e-07 0.000260613 2.02273e-07 1.56303e-07 5.92614e-05 0.000153146 0.000185702 0.000299918 1.80704e-08 0.998443 1.36383e-07 2.68354e-08 7.22865e-08 4.94578e-08 1.32707e-05 0.000129375 2.83265e-07 
6.07394e-07 1.08883e-06 7.08169e-07 4.79347e-06 8.88091e-07 3.79176e-06 2.93001e-06 5.84376e-07 7.00033e-07 0.000982068 3.12171e-06 3.38743e-07 0.993256 2.55661e-06 5.03051e-07 0.00393105 9.27125e-07 0.00180164 3.67404e-07 5.31002e-06 
1.99275e-07 1.273e-07 0.082672 9.20797e-11 1.70597e-11 0.207297 5.69059e-07 1.37116e-08 9.41044e-05 0.00624811 0.00228883 6.50706e-12 0.638132 0.000100808 0.00354177 0.00581281 0.00152929 0.0390703 0.0132107 1.09049e-06 
7.25146e-06 0.00230715 0.00146588 2.47135e-08 4.57869e-09 1.9549e-08 1.51061e-08 3.01284e-09 3.60913e-09 0.00740864 1.70229e-05 1.74644e-09 0.981453 1.34991e-05 0.00217037 3.55123e-05 4.77994e-09 2.68728e-06 0.0051187 2.73766e-08 
0.00329991 0.0111019 0.0208529 1.887e-06 3.49606e-07 1.49267e-06 1.15343e-06 2.30046e-07 2.75575e-07 0.0270423 0.782068 1.3335e-07 0.117627 0.00614023 0.0104958 0.0161637 3.64972e-07 0.00122273 0.00397753 2.09034e-06 
0.33312 3.05902e-07 0.00137618 1.34671e-06 0.00175847 1.06528e-06 8.23175e-07 1.64178e-07 0.330806 0.000265623 8.77032e-07 9.51687e-08 0.331524 7.1827e-07 1.4133e-07 0.00020506 7.66456e-05 0.000861546 1.03221e-07 1.49183e-06 
9.93652e-05 1.63177e-06 0.000535241 7.18373e-06 1.33094e-06 5.68252e-06 4.39106e-06 8.75775e-07 0.0176193 0.0652504 4.67835e-06 5.07657e-07 0.914254 0.00193562 0.000121185 2.03077e-06 5.6878e-05 1.23993e-06 9.03397e-05 7.95785e-06 
3.4125e-07 0.00356016 0.0239385 1.95138e-10 3.61534e-11 1.54359e-10 1.55181e-07 2.37895e-11 2.84978e-11 2.7965e-06 0.0213006 1.379e-11 0.932993 0.00114358 0.00249749 1.67151e-06 4.9103e-08 1.26445e-07 0.0145613 2.16166e-10 
0.0270803 0.264999 0.330362 1.37914e-05 0.000314609 0.000111175 1.72993e-07 3.49706e-06 0.00428152 0.216785 0.000532465 2e-08 0.101957 1.50946e-07 0.000654092 0.000518745 5.76252e-05 0.046814 0.00133346 0.00418164 
0.000275259 0.000926055 0.00173942 1.57402e-07 2.91621e-08 1.24509e-07 9.62123e-08 1.91891e-08 2.29869e-08 0.00225571 0.000645898 1.11233e-08 0.990987 0.000512182 0.000875501 0.00134828 3.04439e-08 0.000101993 0.000331782 1.74364e-07 
0.0111473 1.29276e-05 0.0340193 2.19732e-09 4.071e-10 1.73814e-09 1.34311e-09 2.67877e-10 3.20894e-10 0.251948 9.01666e-06 1.5528e-10 0.657599 7.15001e-06 1.22219e-05 0.0395447 4.24993e-10 0.00569667 4.63165e-06 2.43411e-09 
1.26514e-08 0.00653677 1.30347e-07 3.99213e-11 9.32004e-08 3.15788e-11 2.44019e-11 0.00222864 5.83007e-12 0.569501 2.59984e-11 2.82115e-12 4.86808e-08 4.89931e-08 3.56153e-08 0.420182 5.41267e-09 0.0015507 8.44546e-08 2.65782e-08 
1.24184e-07 1.41177e-07 8.83967e-07 3.10798e-07 9.15321e-08 0.00130641 4.86993e-11 7.9655e-08 0.000308694 2.14408e-06 0.002485 5.63021e-12 0.990552 4.24931e-11 2.93485e-07 2.04977e-07 0.0030297 1.36282e-07 0.00231349 3.5391e-08 
0.0193085 0.091283 0.615756 0.000840661 0.00891429 2.76797e-07 8.63994e-05 0.0541873 5.11021e-08 0.151163 0.00864854 2.47281e-08 0.017348 0.00126345 0.000374509 0.0147619 2.13555e-05 0.0036255 0.0124096 6.82767e-06 
0.00118321 2.36148e-07 0.00116084 1.03962e-06 0.000407075 8.22367e-07 6.35468e-07 1.26741e-07 0.00971451 5.8474e-05 0.00010406 7.34676e-08 0.000599279 5.54484e-07 1.09103e-07 0.000202237 2.01077e-07 0.00021348 0.986352 1.15165e-06 
0.000443884 0.000975478 0.000160631 3.52615e-06 0.0133134 2.78928e-06 2.15536e-06 4.29876e-07 1.71904e-05 0.0324588 4.66527e-05 2.49185e-07 0.946962 0.000103382 0.00377859 9.96807e-07 0.0011762 0.000507788 4.15731e-05 3.90613e-06 
0.00404768 0.0238652 0.0432806 8.76273e-10 1.62348e-10 7.27764e-07 8.94355e-07 1.06827e-10 1.2797e-10 0.0826989 5.00785e-07 6.19242e-11 0.676492 3.97123e-07 0.00106949 0.168366 1.69484e-10 7.90494e-08 0.000177513 9.70701e-10 
2.59199e-05 0.0246286 3.29991e-05 1.17554e-08 1.52674e-06 9.29886e-09 7.18552e-09 4.38549e-05 0.643957 0.000362102 3.13957e-05 8.3073e-10 0.329862 0.000199385 1.23367e-09 0.000837436 7.50539e-06 7.69262e-08 1.04527e-05 1.30222e-08 
0.00920057 2.2962e-05 0.0275971 2.21102e-05 0.000803175 2.29262e-05 5.63851e-07 0.0076308 0.0101115 0.0278839 9.22827e-06 2.66086e-08 0.86041 0.000243183 0.00511051 9.03605e-05 2.00104e-05 0.0485878 0.00223292 4.17107e-07 
0.000226835 7.91153e-08 0.0188047 3.48298e-07 2.29071e-05 0.000949319 2.12898e-07 9.63352e-06 2.43793e-05 0.00283139 0.00383004 2.46134e-08 0.882765 7.60608e-05 0.00574031 0.00075626 2.20796e-05 2.81627e-05 0.0839122 3.85831e-07 
3.70004e-07 6.63277e-07 8.8637e-06 2.92002e-06 5.40996e-07 0.000216583 2.33116e-05 3.55983e-07 5.96189e-06 6.33463e-07 0.000244296 2.06351e-07 0.998733 1.5574e-06 8.5904e-06 8.25461e-07 0.000741643 1.68415e-06 4.41075e-06 3.23469e-06 
9.47064e-08 3.55377e-05 0.0198271 9.39639e-10 3.6355e-05 0.00357946 4.52642e-06 4.29247e-05 0.00210765 0.00161229 1.05622e-06 6.64021e-11 0.784594 0.000221262 0.084834 5.15637e-05 0.000166199 0.00595816 0.0969278 1.0409e-09 
1.08744e-08 1.94937e-08 1.26787e-08 8.58196e-08 7.63353e-05 6.78856e-08 5.24573e-08 1.04624e-08 1.2533e-08 1.75824e-05 0.000251558 6.06467e-09 0.885059 9.61671e-05 4.05377e-05 2.42604e-08 0.0697927 0.0444389 0.00022694 9.50676e-08 
0.000214755 0.00534895 0.000381697 1.10022e-05 0.0603126 8.70303e-06 6.7251e-06 6.45495e-05 0.000234711 0.924119 7.16509e-06 7.775e-07 2.12923e-06 0.000208564 1.15463e-06 1.86989e-05 2.12798e-06 0.00296447 0.00608002 1.21878e-05 
0.000692434 2.26162e-06 0.000429265 0.000616028 0.000663094 0.940757 6.08598e-06 0.000272131 0.000493177 0.000299727 6.48416e-06 7.03611e-07 0.0017613 5.31038e-06 1.0449e-06 0.0006691 1.92575e-06 0.000240616 0.053071 1.10295e-05 
1.71884e-07 9.41385e-11 0.00414834 4.14437e-10 5.38061e-07 0.575811 5.8745e-07 5.05244e-11 6.05239e-11 0.000253148 0.00237546 2.92873e-11 0.410007 3.14684e-07 0.000175519 1.17157e-10 0.00343296 0.000544613 0.00324992 2.33232e-07 
1.47611e-08 0.00414924 2.37399e-05 1.16492e-07 3.08407e-06 1.50355e-05 7.1206e-08 3.0849e-06 1.53056e-05 4.89254e-06 0.0915724 8.23225e-09 0.0425411 9.71792e-06 0.000595184 7.99021e-05 5.95996e-06 0.670153 0.190343 0.000484935 
7.68225e-09 2.48022e-05 0.000180041 6.06273e-08 2.25773e-06 0.00125654 1.85663e-05 7.39113e-09 0.000157609 0.0123289 3.9483e-08 4.28439e-09 0.98579 3.23357e-08 0.000125348 6.17166e-05 1.17262e-08 4.51771e-05 8.36904e-06 6.71605e-08 
3.09176e-06 0.00434052 0.00147037 1.20116e-06 2.22541e-07 9.50152e-07 7.34212e-07 0.00233812 3.23248e-05 0.989727 0.000301697 8.48835e-08 2.32459e-07 3.4822e-06 1.26056e-07 0.000885686 3.24059e-06 0.00088972 9.20653e-08 1.3306e-06 
0.000261249 3.71654e-08 2.41722e-08 1.63617e-07 1.82185e-05 1.29426e-07 1.00011e-07 7.3823e-05 6.21497e-05 0.999527 1.06555e-07 1.15625e-08 3.16645e-08 8.72658e-08 1.71708e-08 4.6253e-08 3.16459e-08 5.31104e-06 5.14297e-05 1.81249e-07 
0.00597408 0.00885952 0.00476052 8.5112e-06 0.000291376 3.64985e-08 0.000100676 0.000328088 3.62425e-05 0.924791 8.34383e-06 3.26066e-09 3.72629e-05 3.45046e-05 4.84224e-09 0.00331972 2.31956e-06 0.0420063 3.53654e-09 0.00944177 
0.000499411 2.36836e-06 0.0186211 0.0415206 0.000130395 0.102125 0.00252583 2.74622e-06 0.0137325 4.82808e-05 0.000110996 1.19734e-08 0.745777 0.0131695 0.000497908 2.90437e-05 9.14368e-05 0.000556823 0.000745733 0.0598126 
7.52289e-10 1.34857e-09 0.007426 5.93696e-09 1.09995e-09 1.12758e-05 1.05276e-05 7.23781e-10 8.67028e-10 0.000265968 1.35363e-05 4.19552e-10 0.992262 3.16649e-09 4.05048e-06 1.67832e-09 5.97227e-06 7.3124e-07 4.55049e-10 6.57674e-09 
6.51146e-08 0.000318991 0.00340118 0.938744 2.5569e-06 1.01478e-05 0.000282445 2.3109e-05 0.00213603 0.0466542 3.34657e-07 3.63144e-08 9.94492e-08 1.77206e-06 1.50502e-06 5.61147e-06 0.000307595 0.00781083 0.000298782 5.69251e-07 
1.98675e-05 4.45728e-09 0.00348143 0.000550032 6.21986e-05 0.276739 1.19945e-08 2.39224e-09 3.75051e-06 1.70886e-06 9.14418e-06 1.3867e-09 0.710228 3.63647e-05 0.000361034 2.54832e-06 0.00306999 7.59611e-05 0.00535946 2.17374e-08 
0.00254623 2.39157e-06 0.00443457 0.000149858 0.00149103 0.183892 0.000538626 6.92329e-05 0.000847825 0.0168374 0.00177053 4.75791e-11 0.769693 0.000327063 0.00173584 0.00365577 0.0041444 0.00189599 0.00596617 2.50829e-06 
5.53509e-09 9.92232e-09 0.127583 4.36822e-08 8.09304e-09 5.18653e-05 2.67008e-08 2.668e-06 2.67994e-05 0.090965 2.84477e-08 3.08692e-09 0.773844 0.00749727 4.58423e-09 1.23485e-08 8.44876e-09 5.38022e-06 2.34401e-05 4.83894e-08 
7.55132e-09 0.000105599 8.80419e-09 5.9594e-08 1.1041e-08 2.83315e-05 3.64269e-08 7.26516e-09 8.70304e-09 6.69502e-05 0.000151398 4.21137e-09 0.999515 3.17846e-08 3.12767e-05 4.88721e-05 2.19116e-05 3.0893e-05 4.56769e-09 6.60159e-08 
0.00046525 3.08781e-07 8.05331e-05 1.35939e-06 2.51855e-07 0.000861326 8.30925e-07 1.65724e-07 1.98523e-07 0.000346002 8.85289e-07 9.60646e-08 0.995519 7.25031e-07 1.42661e-07 3.84285e-07 0.000105433 0.00261594 1.04193e-07 1.50587e-06 
1.82629e-07 4.68406e-05 1.42837e-05 1.44128e-06 1.21778e-05 2.75088e-05 8.80985e-07 1.75708e-07 0.000241947 0.010846 2.72995e-05 1.01852e-07 0.988343 7.68712e-07 2.33901e-05 8.56389e-05 1.1792e-05 3.91624e-05 0.00027584 1.5966e-06 
0.000116985 0.000316114 4.27426e-06 2.89317e-05 5.36021e-06 2.28857e-05 1.76845e-05 0.000122935 4.22516e-06 0.00055684 1.88415e-05 2.04454e-06 0.998455 1.54308e-05 0.000154987 8.17871e-06 5.5958e-06 0.000109481 2.21752e-06 3.20494e-05 
8.15847e-05 0.000220562 0.000430328 3.17653e-05 4.89001e-05 0.00017539 6.51521e-06 1.28656e-08 1.54119e-08 0.000349769 6.87274e-08 7.45776e-09 0.57654 5.62862e-08 1.10751e-08 2.98331e-08 2.04116e-08 0.000214023 0.421901 1.16905e-07 
8.71487e-11 1.87626e-07 0.011045 4.13348e-07 1.65777e-07 4.90182e-07 6.31017e-07 8.46847e-09 4.01864e-07 7.98273e-07 1.29936e-06 4.86028e-11 0.988948 3.7049e-08 7.21776e-11 1.94425e-10 9.57904e-07 3.07515e-07 1.39173e-06 7.6188e-10 
1.48302e-07 8.10242e-10 0.000896903 3.56703e-09 6.60867e-10 0.000717076 0.00194644 4.3486e-10 3.14509e-07 6.50891e-06 0.000523763 2.52073e-10 0.993427 8.55371e-07 2.93012e-07 1.00836e-09 0.00246431 1.59899e-05 6.44185e-07 3.95141e-09 
5.55045e-05 0.0042485 6.00711e-06 9.12396e-07 1.44893e-05 0.816214 2.32279e-10 2.82641e-07 3.3409e-06 0.00622864 0.00124478 2.68542e-11 0.0567135 4.15509e-06 3.98798e-11 3.22284e-06 5.86527e-06 0.108325 0.00655774 0.000373726 
4.63046e-05 3.58655e-07 0.011512 1.38907e-06 1.21834e-05 0.944446 3.84799e-07 6.24126e-07 1.34432e-05 0.0014608 2.14748e-05 4.44872e-08 0.0162679 5.49962e-06 0.000125479 8.02402e-06 4.59977e-05 0.000409611 0.0252976 0.000325303 
2.60827e-07 9.6511e-05 0.0132454 1.80323e-07 2.3415e-10 0.000196955 7.72512e-10 1.54074e-10 3.62544e-07 0.000380545 0.00590672 8.93114e-11 0.978986 3.93585e-07 0.000418138 0.000273557 0.000249506 2.73205e-07 0.000245297 1.40001e-09 
1.73212e-06 0.0142574 0.00142735 6.07186e-09 1.12494e-09 4.803e-09 3.71143e-09 7.40226e-10 8.86728e-10 0.0495282 0.00149918 4.29084e-10 0.930772 3.22451e-06 0.00214501 8.48257e-06 1.17438e-09 6.41898e-07 0.000357202 6.72617e-09 
0.0122817 0.0168441 0.0672113 4.25186e-05 0.00405148 0.210509 1.55229e-07 3.23648e-08 0.000349607 0.0266786 0.0129504 3.90642e-09 0.393766 4.75605e-07 6.76397e-07 0.00496884 0.00429569 0.108538 0.137469 4.27709e-05 
0.000275259 0.000926055 0.00173942 1.57402e-07 2.91621e-08 1.24509e-07 9.62123e-08 1.91891e-08 2.29869e-08 0.00225571 0.000645898 1.11233e-08 0.990987 0.000512182 0.000875501 0.00134828 3.04439e-08 0.000101993 0.000331782 1.74364e-07 
0.00233427 5.25408e-07 4.3691e-05 2.34174e-06 8.28994e-05 0.995401 1.53206e-06 5.73147e-07 1.72553e-05 2.358e-06 2.49873e-05 1.28187e-10 0.000162185 1.90151e-05 1.90363e-10 1.00276e-05 3.83115e-05 0.000758375 0.000342657 0.000757685 
1.06826e-12 0.000333039 0.0163484 8.43057e-12 0.000333845 0.000209815 5.15319e-12 5.55104e-09 0.00217272 0.000591721 5.49034e-12 5.95769e-13 0.0270201 3.0425e-05 0.354861 1.12148e-05 5.66994e-05 0.0594273 0.538604 9.33906e-12 
0.000516574 0.0101152 0.00156695 4.25667e-08 0.059114 1.12396e-08 2.71511e-11 0.00151792 1.60776e-08 0.575531 3.59182e-07 3.13899e-12 0.000467946 2.55254e-05 2.00943e-08 0.343461 2.45313e-06 0.00614225 0.00153873 9.58375e-09 
1.56208e-10 2.80021e-10 0.00119949 1.23277e-09 2.28396e-10 2.34135e-06 2.18599e-06 1.50288e-10 6.84302e-07 0.000137997 2.81071e-06 8.71169e-11 0.998652 6.575e-10 8.41055e-07 3.48492e-10 1.2401e-06 1.51837e-07 9.44878e-11 1.36561e-09 
6.67647e-06 2.24617e-05 4.21901e-05 3.81783e-09 7.07333e-10 3.02e-09 2.33365e-09 4.65435e-10 5.57551e-10 5.47128e-05 1.56664e-05 2.69797e-10 0.999781 1.24231e-05 2.12355e-05 3.27028e-05 7.38422e-10 2.47386e-06 8.04745e-06 4.22924e-09 
0.00329991 0.0111019 0.0208529 1.887e-06 3.49606e-07 1.49267e-06 1.15343e-06 2.30046e-07 2.75575e-07 0.0270423 0.782068 1.3335e-07 0.117627 0.00614023 0.0104958 0.0161637 3.64972e-07 0.00122273 0.00397753 2.09034e-06 
0.00221723 0.109331 0.569308 3.54517e-06 6.56817e-07 2.80432e-06 0.000207627 4.32195e-07 5.17733e-07 0.0135729 0.000758816 2.50529e-07 0.294601 0.00060178 0.00729972 0.00158037 6.85686e-07 0.000119696 0.000388919 3.9272e-06 
3.71749e-06 0.00119958 0.0349583 1.01131e-08 1.87366e-09 7.99971e-09 6.18162e-09 1.2329e-09 5.9091e-06 0.963721 6.58606e-09 7.14668e-10 9.39634e-06 3.39866e-05 1.48595e-05 6.00649e-06 1.95601e-09 2.6216e-06 7.75135e-10 4.48227e-05 
0.00597408 0.00885952 0.00476052 8.5112e-06 0.000291376 3.64985e-08 0.000100676 0.000328088 3.62425e-05 0.924791 8.34383e-06 3.26066e-09 3.72629e-05 3.45046e-05 4.84224e-09 0.00331972 2.31956e-06 0.0420063 3.53654e-09 0.00944177 
2.44692e-10 4.3864e-10 2.8529e-10 1.93107e-09 3.57772e-10 2.44558e-06 1.18037e-09 2.35419e-10 1.43854e-06 0.00372703 4.65436e-06 1.36465e-10 0.996261 1.02994e-09 2.02657e-10 5.45896e-10 4.48571e-07 4.88078e-07 2.1167e-06 2.13917e-09 
9.76205e-06 2.03322e-06 0.00627012 3.49503e-05 0.00115397 0.00019446 1.74017e-07 1.72913e-05 1.43854e-05 9.75529e-05 1.85403e-07 2.01184e-08 0.750648 9.39631e-06 0.000151309 0.00191811 5.50632e-08 0.0273484 0.212129 3.15369e-07 
5.4376e-07 9.74756e-07 3.61121e-05 4.29128e-06 7.9505e-07 3.39452e-06 2.62305e-06 5.23154e-07 6.26694e-07 7.93072e-06 0.00645441 3.03255e-07 0.992246 2.28877e-06 1.03986e-05 0.000303761 0.000850742 6.96202e-05 3.28913e-07 4.75372e-06 
2.63632e-05 8.09419e-11 0.000592201 6.20996e-08 7.34014e-06 0.746224 2.26661e-07 4.34418e-11 2.8634e-07 1.06363e-07 3.25032e-07 2.51817e-11 0.245236 2.63523e-06 8.48663e-08 1.61552e-07 0.00302056 6.04723e-05 0.00482923 3.9474e-10 
0.0111447 0.000629094 0.00122725 9.10805e-05 0.000139541 0.000500555 1.88821e-05 9.70268e-08 1.1623e-07 0.189539 0.00126126 5.62432e-08 0.793403 0.000397546 8.35239e-08 0.000547487 0.000124964 0.000610364 0.000364517 8.81648e-07 
2.80003e-05 9.42015e-05 0.00017694 1.60115e-08 2.96647e-09 1.26655e-08 9.78705e-09 1.95198e-09 2.3383e-09 0.000229459 6.5703e-05 1.1315e-09 0.999083 5.21009e-05 8.9059e-05 0.000137152 3.09685e-09 1.03751e-05 3.375e-05 1.77369e-08 
0.0129987 0.0109594 0.0493334 8.37525e-08 1.55169e-08 5.17178e-05 6.35487e-05 5.41351e-05 1.22311e-08 0.098218 0.000374317 5.91859e-09 0.69425 1.32198e-05 0.00114899 0.132523 1.61989e-08 2.62921e-06 8.54212e-06 9.27777e-08 
0.00148597 0.0285312 0.0604589 1.77813e-07 0.226138 8.53949e-08 8.33598e-11 0.000534202 0.0014342 0.590632 8.88137e-11 9.63737e-12 0.00873949 7.27364e-11 1.4312e-11 0.0485355 2.6377e-11 0.0270348 0.00647534 1.51072e-10 
0.00395339 0.000492463 0.151309 3.52124e-07 6.52384e-08 0.000212925 2.23615e-06 4.29278e-08 1.75374e-06 0.00174314 0.000205013 2.48838e-08 0.814722 6.68992e-05 0.00469978 0.000610568 8.93018e-05 0.0218409 4.97842e-05 3.90069e-07 
1.51623e-06 2.65829e-06 0.0777324 2.49941e-06 0.123271 4.05716e-06 1.28667e-06 2.45255e-06 8.25834e-07 0.0123827 2.83425e-05 9.29129e-11 0.613064 7.01244e-10 1.43513e-06 3.71677e-10 0.00297882 0.0578733 0.112653 1.45647e-09 
3.25224e-06 4.49115e-09 0.848171 1.97719e-08 3.66316e-09 1.56401e-08 1.20856e-08 5.65687e-06 2.55294e-06 0.00390258 0.00613242 1.39723e-09 0.131682 1.05454e-08 0.00757532 0.00168497 3.82417e-09 4.0629e-06 0.000836632 2.19025e-08 
0.000516574 0.0101152 0.00156695 4.25667e-08 0.059114 1.12396e-08 2.71511e-11 0.00151792 1.60776e-08 0.575531 3.59182e-07 3.13899e-12 0.000467946 2.55254e-05 2.00943e-08 0.343461 2.45313e-06 0.00614225 0.00153873 9.58375e-09 
4.83599e-07 4.30215e-08 0.00505826 1.577e-10 8.18376e-08 0.00229119 4.82937e-08 1.92254e-11 4.09964e-07 0.00395696 1.84965e-07 1.11443e-11 0.988692 8.41099e-11 3.26049e-07 1.60534e-07 3.05015e-11 1.60426e-07 1.7165e-07 1.74694e-10 
0.0567154 2.40791e-09 0.0500931 1.13966e-06 0.00812117 0.130369 0.000178751 0.00018482 0.00135868 0.00518355 0.000123081 3.5339e-11 0.586061 5.78334e-06 0.00357001 6.5174e-05 0.00118777 0.0739932 0.0827882 5.53961e-10 
0.000291911 0.00411869 0.928542 7.36421e-07 8.90666e-05 4.68866e-05 4.50138e-07 0.000156508 0.0196719 0.0425341 6.90983e-05 5.20412e-08 0.00382016 9.58758e-06 3.2095e-05 5.07688e-06 1.42434e-07 0.000505114 1.01869e-05 9.59212e-05 
0.000188726 2.27045e-05 0.000397126 1.42265e-07 4.768e-06 1.12536e-07 2.66813e-05 0.000800134 3.62752e-05 0.00345602 0.000150097 1.00536e-08 0.994693 0.000103816 3.25138e-05 4.05556e-05 2.75162e-08 1.8194e-05 2.90428e-05 1.57596e-07 
5.58407e-06 9.3483e-06 0.800727 4.41557e-09 0.00404669 7.58091e-06 0.00202412 4.71071e-06 0.0121441 0.035139 5.61742e-06 3.12038e-10 0.072558 1.53508e-06 0.00128598 1.12844e-05 5.56681e-07 0.0688245 0.00320417 4.8914e-09 
0.000232686 1.096e-06 2.51889e-05 3.86922e-06 0.0141301 0.00341825 2.8094e-08 1.19027e-06 1.40118e-05 0.000266638 0.0113697 3.248e-09 0.453368 0.00182735 2.09942e-05 1.3523e-05 0.00419579 0.05944 0.151834 0.299837 
5.45846e-08 3.26491e-05 4.70449e-05 4.30774e-07 8.4153e-06 1.87943e-05 2.63311e-07 5.25161e-08 0.000182608 0.00248408 1.87286e-05 3.04418e-08 0.996657 2.29754e-07 0.000248608 1.21776e-07 0.000298747 1.67446e-06 3.30174e-08 4.77195e-07 
0.0142869 0.00904449 0.506631 2.32182e-07 5.66524e-05 1.83662e-07 0.00132521 2.74469e-06 7.32489e-05 0.118633 8.3062e-05 1.64078e-08 0.206691 1.23835e-07 1.81466e-05 2.01171e-05 4.49073e-08 0.0365045 0.10663 2.57202e-07 
1.06086e-06 0.0171863 0.0299918 1.03391e-06 2.90005e-08 1.26099e-09 1.64159e-06 1.94341e-10 2.32804e-10 0.162181 0.455428 1.12653e-10 0.287734 0.0256025 0.00224509 0.0178117 1.0186e-06 8.46925e-05 0.00172931 1.76591e-09 
8.00716e-11 0.00633193 0.981551 6.31914e-10 1.17075e-10 0.00171138 2.70767e-07 7.70372e-11 0.000628059 0.00566436 6.17705e-07 4.46559e-11 0.00397347 6.06996e-07 5.31193e-08 1.78636e-10 1.22221e-10 0.00013782 4.84342e-11 7.0001e-10 
9.5858e-08 1.71837e-07 0.00207274 7.56498e-07 1.40157e-07 5.9841e-07 0.000263814 9.22254e-08 0.000569553 0.000838046 4.92663e-07 5.346e-08 0.994318 4.0348e-07 7.93907e-08 2.13855e-07 1.46318e-07 0.000104685 0.00182946 8.38019e-07 
0.000516574 0.0101152 0.00156695 4.25667e-08 0.059114 1.12396e-08 2.71511e-11 0.00151792 1.60776e-08 0.575531 3.59182e-07 3.13899e-12 0.000467946 2.55254e-05 2.00943e-08 0.343461 2.45313e-06 0.00614225 0.00153873 9.58375e-09 
0.00625795 3.17212e-06 0.00355724 1.2329e-08 0.0146786 9.75256e-09 3.45037e-05 1.50304e-09 4.23064e-06 0.0576761 0.00301532 8.71262e-10 0.796119 0.00787522 0.0102777 0.00478538 1.25712e-06 0.090576 0.00513796 1.36576e-08 
0.000190602 0.000739073 0.42163 0.000169265 0.00252667 3.28552e-06 0.257033 0.0231828 0.00857801 0.10474 0.00564924 2.93518e-07 0.128811 0.00356979 0.00153643 0.0412059 7.73588e-05 0.000229965 0.000122846 4.60108e-06 
0.350193 6.48028e-08 0.013582 6.50212e-06 0.000346349 1.63838e-05 1.74383e-07 3.47799e-08 0.0465206 0.187883 0.000636201 2.01607e-08 0.38948 0.000263832 0.00781733 8.61678e-06 0.00204435 0.00018606 0.00101411 3.16032e-07 
0.00211228 1.23201e-05 0.338113 7.48959e-09 1.3876e-09 0.000933178 1.10312e-06 1.43081e-06 0.000180603 0.204481 2.5363e-05 5.29272e-10 0.448274 8.21975e-06 0.000201819 8.91856e-05 1.07733e-06 0.00138787 0.00417742 8.29668e-09 
