0.190264 0.00970268 0.0251232 0.000263024 0.00648431 0.00285724 0.0266667 0.000380473 0.0257709 0.0152239 1.27729e-05 0.491169 0.0281412 4.83574e-06 0.0543223 0.000542041 5.29543e-06 0.0244707 0.0985957 9.50004e-10 
0.0643364 0.00321226 0.0119621 5.49882e-05 0.0102636 5.6877e-06 4.40699e-05 0.000692187 0.100623 0.0521829 3.74278e-05 0.369605 0.000294764 0.0108591 0.0434158 0.00323234 0.00933854 0.198358 0.121482 1.0643e-06 
0.0892474 0.0133385 0.042433 0.000739107 0.0660611 0.000330807 0.000966025 0.012298 0.0385521 0.0537038 0.00195915 0.226375 0.00941942 0.00238789 0.0733065 0.00377564 0.00371516 0.166633 0.194616 0.000142277 
0.0043435 0.0536394 0.0148502 7.93646e-08 1.17436e-06 7.09129e-10 3.89179e-05 0.00116866 0.000147107 0.0167223 3.24963e-07 0.509002 0.000252755 3.29786e-07 0.233776 0.00757524 1.89359e-05 0.0360099 0.122453 9.93072e-10 
0.0535773 0.0054502 0.0225297 0.000173158 0.0284446 0.00911968 0.000465563 0.0068084 0.0238981 0.0115832 0.00271992 0.529398 0.0340667 0.00167302 0.0296693 0.000477661 6.3793e-05 0.0922545 0.147401 0.000225421 
0.207508 0.00579149 0.0418131 0.000310703 0.0194248 0.00751529 0.0681148 7.8704e-05 0.0115266 0.00606437 0.00390876 0.451157 0.0236467 0.00051861 0.0159645 0.000606052 0.000311146 0.0320435 0.103694 2.13137e-06 
0.223371 0.0284356 0.024631 1.7138e-05 0.0616105 2.71781e-05 0.0814704 0.0388688 0.00154644 0.0272763 0.00364131 0.418471 0.034011 7.34552e-05 0.00467063 0.000364244 0.000258079 0.00554078 0.0457066 8.26903e-06 
0.00465262 6.54059e-06 0.364035 1.59879e-10 4.20648e-07 1.26469e-10 0.00928636 2.25513e-06 0.0541331 6.7049e-06 1.3016e-06 0.435892 0.0523065 3.02724e-06 6.09214e-05 5.82806e-05 0.000256487 9.12605e-06 0.0792897 1.77108e-10 
0.0114507 0.00151489 0.0284043 6.74416e-05 0.00435517 2.78409e-06 0.00202901 0.00831688 0.037253 0.00385438 0.000451466 0.553653 0.00103179 0.0001056 0.206742 0.00011807 7.09504e-05 0.137612 0.00296715 9.41161e-10 
0.02334 0.00211264 0.014195 0.000138681 0.0897392 1.82222e-06 0.000313277 0.00805608 0.0239826 0.0329786 4.56061e-05 0.268666 0.00273843 0.00177491 0.172403 0.0203822 0.000923453 0.170962 0.167247 4.35159e-07 
0.0232205 0.0141291 0.226616 1.30398e-05 0.00359809 7.72584e-10 0.0006318 0.00274991 0.00632461 0.042374 0.000102613 0.340218 0.00877527 0.000229794 0.184817 0.0213994 6.77293e-06 0.0154637 0.10933 1.08193e-09 
0.0128156 0.00255539 0.174458 0.00239621 0.00284158 0.000137923 0.000542554 0.0121661 0.00546204 0.00738997 3.74618e-05 0.341173 0.00103435 2.11656e-05 0.194003 0.000493182 2.03044e-05 0.042225 0.200227 1.14252e-10 
0.00287915 0.00432098 0.0765462 9.00189e-05 0.00116767 3.29812e-07 5.43808e-05 0.0375483 0.0240088 0.0224265 1.2492e-07 0.427504 0.00190835 2.89987e-07 0.0737695 0.00758031 0.0284139 0.0236892 0.268092 6.37743e-10 
0.0427024 0.00382913 0.162567 0.000365771 0.0262767 4.6072e-08 5.67911e-08 0.00183778 0.00186196 0.0898601 4.92185e-08 0.372949 0.000640413 1.84894e-12 0.0445775 0.00146616 7.47083e-06 0.0269828 0.224076 3.84022e-12 
0.027579 0.0175636 0.00471081 7.40316e-07 0.157323 1.35399e-06 0.00693433 0.00413217 0.000237749 0.109051 0.000323633 0.475499 0.0788788 1.73333e-05 0.00860051 1.05277e-05 7.42048e-06 0.0502577 0.0588714 8.20093e-07 
0.0500374 0.0135504 0.0251945 0.000145155 0.017421 1.56047e-05 0.000268148 0.00684066 0.039995 0.020527 8.12896e-05 0.301952 0.00388161 7.73852e-05 0.254003 0.00141845 0.0161272 0.0811452 0.167315 4.19788e-06 
0.0264469 0.00263622 0.137054 3.84664e-06 0.170978 2.19801e-06 0.000221835 0.0299196 0.00110677 0.0732036 0.000276781 0.400951 0.00593869 0.000902746 0.000606777 0.00356222 5.10032e-05 0.0776696 0.0684103 5.84794e-05 
0.00104434 5.93505e-05 0.000413682 0.000147235 0.000252361 9.99929e-05 7.12056e-05 0.00142732 0.00011014 5.86877e-05 0.000146263 0.991195 2.25444e-05 0.000100744 0.0017904 3.2931e-05 2.50247e-05 0.00106365 0.00181053 0.000129045 
0.0749368 0.0758646 0.00210774 8.71812e-05 0.0109272 3.25529e-06 0.00207535 0.0404064 0.0589937 0.0582172 3.51023e-06 0.497628 0.132332 2.6797e-05 0.00569642 0.000940668 6.60224e-05 0.0019671 0.0377156 4.38082e-06 
0.109303 0.0129522 0.0182298 1.65586e-08 0.00576765 3.53616e-08 1.82227e-08 3.63455e-12 0.0224444 0.0513474 0.00223926 0.513424 0.00658317 0.000168907 0.0274103 1.6913e-06 8.24229e-08 0.0683448 0.161784 3.30259e-11 
0.0406396 0.0372803 0.118716 1.53922e-07 0.00682073 5.31331e-10 0.000430287 0.000779617 0.135849 0.0243885 3.77338e-05 0.361232 0.142761 0.00426197 0.0117149 0.000148262 0.000141383 0.0573112 0.057487 7.44081e-10 
0.00465262 6.54059e-06 0.364035 1.59879e-10 4.20648e-07 1.26469e-10 0.00928636 2.25513e-06 0.0541331 6.7049e-06 1.3016e-06 0.435892 0.0523065 3.02724e-06 6.09214e-05 5.82806e-05 0.000256487 9.12605e-06 0.0792897 1.77108e-10 
0.0531376 0.0127097 0.0408855 0.000957275 0.161329 2.7666e-05 0.00485193 0.0142578 0.0379948 0.0425494 0.00110556 0.17991 0.00366577 0.00102294 0.140583 0.00992701 3.08645e-05 0.147194 0.145976 0.00188377 
0.047792 0.0727748 0.0666764 0.0137428 0.000946572 2.53436e-07 0.0005494 0.0571669 0.0027337 0.160024 0.0137567 0.177137 0.15496 0.00226176 0.0664527 0.000721949 3.77708e-05 0.0729722 0.0892892 4.57872e-06 
0.256676 0.0154127 0.0302046 1.38291e-05 0.00832622 1.79234e-07 5.71318e-05 0.00466338 0.00939456 0.0288595 0.000190911 0.258975 0.189788 3.81606e-05 0.0299547 0.000222698 0.0041354 0.102699 0.0536494 0.00673872 
0.00759921 0.000341924 0.0454012 7.01173e-08 0.0034055 2.79542e-08 0.0031495 0.000357167 0.00924289 0.0020346 0.0061461 0.716747 0.017529 0.00186379 0.0876568 3.69042e-05 4.40211e-06 0.00941224 0.0890716 6.21453e-10 
0.0232631 0.00588698 0.0367799 0.000132208 0.00854823 6.91031e-06 0.000459407 0.0168267 0.0516302 0.0643927 0.00220794 0.487174 0.00242306 0.00195137 0.0711986 0.00218675 3.37331e-05 0.189477 0.0354217 6.35455e-08 
0.00193451 0.00912412 0.0280249 0.0002106 0.00143835 2.45742e-07 1.4302e-05 0.0014675 0.00303177 0.0375268 0.000270914 0.438641 0.000246918 5.75567e-06 0.400638 0.00304408 1.28758e-06 0.0202783 0.0541002 1.39113e-10 
0.173638 0.00890436 0.0204706 1.30153e-09 4.44142e-07 1.02954e-09 1.94383e-06 2.27044e-08 1.05263e-07 0.00217223 0.227934 0.402638 0.0333406 7.6115e-06 4.72559e-06 6.03915e-07 7.65624e-07 0.070248 0.0606365 1.66189e-06 
0.0305212 0.200669 0.0150492 5.83527e-07 0.00636959 9.07277e-08 0.000741081 0.00111556 0.034301 0.0755593 0.035204 0.267882 0.0461286 0.000158488 0.0750926 0.0063581 8.91915e-05 0.186592 0.0181685 8.03888e-10 
0.12212 0.0322396 0.0305077 0.000986884 0.00604197 1.41015e-07 0.00231352 0.00523791 0.0101506 0.036852 0.00981717 0.295107 0.0629726 0.00483915 0.118129 0.00499652 0.00958509 0.114381 0.133722 1.40937e-07 
0.0780937 0.0883082 0.0893758 1.02497e-05 0.0387151 2.51907e-07 0.000199899 0.00195888 0.0536073 0.0297958 0.000156119 0.288258 0.0217064 0.00143239 0.0779852 0.000351365 0.00968503 0.113465 0.106895 8.49131e-10 
0.014565 0.0156384 0.0146113 4.27756e-06 0.0046572 1.13634e-06 7.28464e-05 0.0171413 0.00285028 0.0206341 7.41342e-06 0.806233 0.00120385 2.72109e-05 0.0265023 0.01755 0.00137759 0.0468249 0.0100977 1.43138e-07 
0.0427024 0.00382913 0.162567 0.000365771 0.0262767 4.6072e-08 5.67911e-08 0.00183778 0.00186196 0.0898601 4.92185e-08 0.372949 0.000640413 1.84894e-12 0.0445775 0.00146616 7.47083e-06 0.0269828 0.224076 3.84022e-12 
0.0208329 0.00484342 0.0232029 0.00282472 0.0291576 7.75818e-05 0.000261695 0.0358821 0.0218398 0.0792115 0.00416496 0.628513 0.00226159 7.53063e-05 0.0691247 0.00249954 2.05083e-06 0.0229079 0.0523155 7.48215e-07 
1.53083e-05 1.53056e-05 0.185239 1.52849e-05 1.53067e-05 1.52905e-05 1.52954e-05 1.53084e-05 1.53078e-05 0.0474763 1.52943e-05 0.46084 1.53065e-05 1.52975e-05 0.202092 1.53041e-05 1.53065e-05 0.104123 1.53096e-05 1.5282e-05 
0.0460845 0.00245162 0.0217243 0.00221393 0.0118018 9.59984e-06 0.00184633 0.0264324 0.19119 0.0258381 0.00101954 0.338125 0.0162496 0.0054603 0.146369 0.000587877 0.00577123 0.0441428 0.112678 2.92491e-06 
0.010608 0.00561253 0.0621869 1.38908e-06 0.0666428 8.84598e-07 5.26172e-05 0.000249025 0.00201263 0.00519973 0.000580592 0.397213 0.000520796 0.000419481 0.00791737 0.000448644 2.07663e-05 0.34542 0.0948925 4.57377e-08 
0.0695894 0.00137548 0.0595001 1.231e-06 0.15957 3.38894e-08 1.39579e-06 0.0215267 0.032696 0.00358305 0.000176594 0.289456 0.00239406 7.65491e-06 0.0673854 1.77367e-05 2.1849e-05 0.139181 0.153516 4.31078e-07 
0.0403233 0.00300001 0.025184 7.17138e-07 0.00018652 3.3631e-07 0.000153557 0.000746067 0.00769365 0.00696817 2.53344e-05 0.604678 0.000446612 0.00012324 0.175245 6.61343e-05 2.83007e-06 0.0846977 0.0504589 6.13189e-10 
0.0358207 0.00271406 0.0207835 0.00986266 0.0958898 3.53625e-05 0.00044712 0.00170574 0.00951208 0.0104374 0.00198918 0.635505 0.0120703 0.000279046 0.0230966 0.00075004 0.00272489 0.0458944 0.0904819 3.3442e-07 
0.0111039 0.0039092 0.0474788 4.96009e-06 0.0531999 1.02998e-07 0.00072588 0.0227817 0.00354991 0.0360031 0.00193475 0.431131 0.0112926 0.000557872 0.162751 0.00343035 5.48802e-05 0.0953811 0.114708 6.6965e-09 
0.0270757 0.014658 0.0136296 0.000151425 0.0333761 3.74359e-05 0.00324541 2.98473e-05 0.00678134 0.0145215 1.43229e-06 0.65686 0.000838313 2.61053e-05 0.171442 0.000299626 1.82578e-05 0.0396274 0.0173801 6.96168e-08 
0.072127 0.00733921 0.016163 1.68725e-06 0.00476368 7.8495e-06 0.00137325 0.0152616 0.0729728 0.0412299 5.28419e-05 0.334873 0.00672118 0.00169221 0.13531 0.000603791 6.79334e-05 0.0594589 0.22998 7.93816e-10 
3.95738e-06 7.09408e-06 4.61396e-06 3.12311e-05 5.78622e-06 2.47046e-05 0.0162311 3.80741e-06 4.56095e-06 1.93836e-06 2.0339e-05 0.973919 0.00966794 1.66572e-05 3.27755e-06 8.82872e-06 6.04054e-06 2.02349e-06 2.39376e-06 3.45966e-05 
0.0288322 0.0184964 0.04125 8.45902e-05 0.00750194 0.000371338 0.00235199 0.0156734 0.0343969 0.0766107 0.0006506 0.349902 0.0104925 0.000682502 0.161766 0.0124034 4.99383e-05 0.171021 0.067442 2.02824e-05 
0.123615 0.00603405 0.0632798 0.00186905 0.0515855 2.57864e-08 3.82176e-05 0.000385345 0.0368433 0.00449316 0.0105295 0.329039 0.000849778 0.0113995 0.0160893 0.0012095 9.26034e-06 0.139305 0.203426 6.72837e-08 
0.0210182 0.0248273 0.0970667 0.000492734 0.0168247 1.95576e-05 0.00174626 0.00155907 0.0179406 0.123028 0.000676481 0.392889 0.0039536 0.00084019 0.103664 0.0033038 4.12666e-05 0.124591 0.0655179 1.66453e-09 
0.017713 0.199525 0.0325633 1.03331e-08 0.000926625 1.99311e-12 5.6035e-06 0.000725251 0.00585498 0.187026 6.35047e-08 0.348821 0.00333379 0.00144407 0.062318 0.0222755 4.50734e-06 0.0586387 0.0588257 2.79118e-12 
0.000969879 0.0629139 0.0734268 3.57313e-06 0.00218539 2.20231e-06 0.000379445 0.000415026 0.0442193 0.0229728 0.000261926 0.407209 0.00114199 0.0234783 0.13685 0.0146322 0.000439757 0.0586705 0.149829 2.26932e-10 
0.208405 0.056008 0.0360912 2.61948e-05 0.00462892 0.00100258 0.00902896 6.4465e-05 0.016126 0.067331 0.00198081 0.402842 0.0122082 0.000710638 0.0058557 0.00285716 9.81581e-05 0.0721104 0.102623 1.5211e-06 
0.110892 0.0132001 0.016868 0.00239772 0.0288699 2.16968e-06 0.00147421 0.00763623 0.0988349 0.0285415 0.00632507 0.391255 0.00261631 0.000679342 0.0305645 0.00304273 4.20455e-05 0.152511 0.104244 2.76409e-06 
0.181076 0.00999327 0.0247146 0.00864839 0.0102093 1.02261e-06 0.0012073 0.00307318 0.00795854 0.0259789 0.00125917 0.346736 0.0255814 0.00195692 0.0347599 0.00245837 0.00579823 0.0464121 0.261319 0.000857711 
0.0749236 0.00483339 0.0575278 0.0014462 0.0408737 0.000105907 0.000949964 0.0183056 0.0520195 0.0363359 0.00165639 0.215912 0.0102222 0.00183922 0.141187 0.0180718 0.00254999 0.161852 0.157162 0.00222559 
0.03907 0.00608053 0.116684 0.000256227 0.0229274 1.35487e-05 0.000627802 0.00855663 0.068657 0.117155 0.00208409 0.258231 0.0102348 0.00193499 0.107279 0.00360595 0.00051365 0.199704 0.0363584 2.52781e-05 
0.0143009 2.46949e-05 0.00343763 2.77912e-08 0.0994349 7.12805e-09 4.16743e-11 0.00202115 0.0578505 4.64058e-08 6.35262e-08 0.304306 1.31945e-11 4.70082e-05 0.173551 1.92735e-11 2.26178e-09 0.185779 0.159246 7.55258e-11 
0.0858476 0.0165093 0.034957 8.90296e-05 0.0194095 3.3875e-07 0.000571337 0.00099818 0.129047 0.0776963 8.58214e-05 0.396402 0.0122747 0.00262872 0.0391859 0.00314642 0.000180686 0.0979346 0.064832 0.018204 
0.0222339 0.00636996 0.171332 0.00124842 0.00867197 2.86625e-05 0.000246392 0.00950487 0.12092 0.0758709 0.00776543 0.190753 0.00497136 0.00342676 0.124474 0.0165047 0.0095776 0.171224 0.0548728 2.31266e-06 
0.069218 0.0182403 0.0340392 0.0011492 0.0174773 0.00110216 0.000882644 0.00979225 0.100045 0.053064 0.000496765 0.356061 0.00511339 0.00247109 0.0869776 0.00575979 0.00477898 0.153448 0.0797942 8.86702e-05 
0.0562242 0.00125369 0.138231 0.000106887 0.00269968 3.74692e-08 0.0361487 0.00209027 0.0855886 0.00712018 4.1338e-07 0.52629 8.92112e-05 0.00767705 0.0895282 0.0002015 4.74396e-05 0.0410951 0.00560791 5.24722e-08 
0.173223 0.0100931 0.117937 3.83263e-06 0.00824348 5.11616e-05 0.135066 8.39958e-05 0.0073577 0.0195762 3.21259e-05 0.287717 0.061647 8.87988e-08 0.0146043 0.0023537 1.80912e-05 0.0135009 0.148491 3.80451e-10 
0.0243739 0.00816425 0.0958348 4.13412e-05 0.00874035 3.41769e-05 0.00125351 0.032502 0.0349833 0.0442229 0.00216361 0.509419 0.00853412 6.09845e-05 0.0483674 0.000630508 0.00249579 0.14271 0.0354673 3.99421e-07 
0.0206251 0.0574883 0.0865717 0.000257173 0.00125769 6.23444e-07 0.00330852 0.00111587 0.00100572 0.078242 0.00171463 0.297709 0.050764 1.13063e-05 0.256778 0.00127967 7.46382e-05 0.0444173 0.0973785 4.36285e-10 
0.207197 0.00499954 0.00290261 0.00020634 0.0816073 2.56236e-06 0.00230849 0.0273665 0.0279932 0.00954363 7.31638e-08 0.518806 0.0131328 0.000374026 0.0276702 2.71415e-05 4.17538e-06 0.0172289 0.0584825 0.000147309 
0.0555081 0.0048334 0.0158283 0.000877169 0.0042887 2.49326e-09 4.00974e-05 0.011886 0.0324919 0.0368027 1.97019e-06 0.595062 0.00467368 0.000311039 0.0212186 0.000160086 1.7674e-06 0.165538 0.0504762 1.7975e-08 
0.00899992 0.00157003 0.0372696 0.000598713 0.0524885 7.18602e-07 0.000210993 0.00162438 0.120175 0.018855 1.47778e-06 0.590414 0.00418612 2.71506e-05 0.00138322 0.000140469 1.92075e-05 0.124472 0.0375636 2.59887e-08 
0.0788767 0.00678129 0.106319 0.000347792 0.0241521 9.02793e-05 0.00593612 0.0184221 0.0627463 0.0683663 0.00117556 0.252613 0.011017 0.0100702 0.0578532 0.00262241 0.00919267 0.0848222 0.198589 6.78629e-06 
0.045772 0.0217673 0.106165 0.000141808 0.211653 2.39314e-05 0.00572649 0.00559667 0.0492841 0.041984 0.00614518 0.362778 0.00779873 6.99271e-05 0.0463746 0.000540988 0.000141235 0.0669675 0.021068 1.16622e-06 
0.0729477 0.00118716 0.0212943 0.000204685 0.222118 0.000975048 0.0271772 0.076139 0.0280625 0.00547836 0.000180066 0.222534 0.0102105 1.35159e-05 0.0371966 0.000398215 3.2163e-05 0.147792 0.126059 6.67077e-11 
0.0137339 0.00862191 0.204917 0.000148648 0.00650177 1.1002e-06 0.00681984 0.00677794 0.0135436 0.0284457 2.13117e-05 0.637837 0.0163336 2.89429e-05 0.0207686 0.00059197 9.46967e-06 0.0231108 0.0117728 1.45509e-05 
0.0589053 0.345348 0.0113828 2.61949e-05 0.0018513 0.000360191 0.000469839 3.0709e-05 0.00347255 0.122196 3.40225e-06 0.362968 0.00538218 0.00114315 0.00508781 0.0011799 0.0386219 0.0238846 0.0176857 9.86702e-08 
0.10564 0.000615771 0.00324853 0.000197672 0.0515592 2.37024e-06 0.000100543 2.80465e-05 0.186908 0.0215261 4.8211e-06 0.373181 1.49407e-06 0.00269899 0.00717466 0.000329973 1.97856e-08 0.0725553 0.174225 2.46554e-06 
0.0357021 0.00794237 0.17261 0.000101197 0.0385049 4.58128e-09 0.000478676 0.227074 0.014639 0.131288 0.00387771 0.290422 0.00109642 0.000107202 0.00164304 0.000777847 3.29692e-05 0.0558445 0.0178572 2.34823e-08 
0.0144548 0.0108588 0.0859607 0.00108501 0.0215746 1.94481e-05 0.000299125 0.00717255 0.00656743 0.116019 0.000482863 0.302783 0.0153211 0.000220752 0.108289 0.00115218 0.00149878 0.188187 0.118054 3.24778e-07 
0.0370423 0.00219698 0.0343734 6.72459e-06 0.271188 1.69556e-06 0.000437729 0.00446107 0.0162408 0.0204436 0.000196021 0.320876 0.00743513 0.000881083 0.117022 0.00293154 9.57772e-05 0.101618 0.0621876 0.000364804 
0.064864 0.0122661 0.0365757 0.000563767 0.00313962 6.07524e-06 0.00499626 0.035633 0.0644192 0.060955 0.000865137 0.4463 0.014366 0.00132468 0.093693 0.0049943 0.00131594 0.111011 0.0427111 9.13686e-11 
0.152517 0.0238175 0.0162256 0.00631664 0.0205902 1.62588e-06 0.000792693 0.000171749 0.00203065 0.051084 0.02004 0.354755 0.000921138 3.66633e-05 0.00480197 0.0217229 0.000825514 0.213544 0.109805 7.54678e-08 
0.0412925 0.0317913 0.0229699 3.29856e-05 0.132125 0.000364964 0.0148198 0.00497491 0.0583357 0.0192536 0.00148851 0.331856 0.00560325 0.000338883 0.0312578 0.00378119 8.59962e-05 0.268461 0.0306569 0.000509927 
0.00830756 0.010477 0.000412938 4.39639e-07 0.000355202 0.00153267 8.90952e-05 1.35198e-05 1.19956e-05 0.00197003 2.12326e-08 0.971655 0.000505514 6.81038e-07 0.000558916 0.000101244 1.12263e-08 0.00367757 0.000330938 4.25622e-08 
0.000634251 0.000996418 0.096696 9.0999e-08 0.00848713 8.36599e-05 4.23565e-05 0.000202362 0.310074 0.033958 1.65787e-06 0.333386 7.75395e-08 0.000203245 0.118075 0.000230894 9.5538e-07 0.0440616 0.0528663 1.64619e-11 
0.0557522 0.0100144 0.202945 9.67824e-05 0.0388727 0.0182372 0.000121437 0.00311446 0.154966 0.036546 0.00385365 0.209894 0.0192028 0.000145553 0.0337835 0.0146457 0.000602353 0.146938 0.0502681 3.45698e-09 
0.0517879 0.00332507 0.0381815 2.06226e-05 0.0787459 3.01698e-07 0.000473793 0.0016063 0.0652104 0.027124 0.000441987 0.415195 0.000558106 0.000155963 0.127176 0.00689158 5.07841e-05 0.119825 0.0632308 7.2391e-09 
0.0986486 0.000792161 0.0706932 0.00033335 0.00349954 1.52506e-05 7.77394e-05 0.00017291 0.00383905 0.00327395 0.000706629 0.358527 0.129896 0.000137226 0.16947 8.62719e-08 4.92522e-05 0.0325378 0.127331 1.26739e-10 
0.00935254 0.0269774 0.106071 1.08133e-05 0.0179445 5.22946e-10 0.000179393 0.207065 0.00103807 0.10999 4.30535e-10 0.282816 0.00730447 0.000201773 0.0158157 0.128875 1.0646e-06 0.0586025 0.0277543 7.32339e-10 
0.147298 0.0053374 0.125985 0.000178789 0.00220795 0.000476741 0.00124336 0.000865515 0.0245015 0.0241965 0.0122663 0.527455 0.00886512 9.58263e-06 0.0138004 6.69574e-05 8.40265e-05 0.0316599 0.0735022 1.8788e-11 
0.000969783 0.00557117 0.280378 4.70736e-05 0.000120997 6.15418e-11 0.00287468 0.000261939 0.0120741 0.0119964 2.49831e-06 0.335636 0.00303631 0.000255028 0.208948 0.0321909 1.68486e-05 0.0479319 0.0576882 8.61837e-11 
0.151119 0.0190642 0.0666826 4.62525e-07 0.0213995 2.30463e-05 0.0370616 0.00389641 0.101748 0.0347674 0.00187482 0.201712 0.0781294 3.25578e-06 0.0178148 0.00532207 0.0032526 0.102879 0.153251 1.1388e-08 
0.184349 0.203647 0.054511 0.00334877 0.0010514 7.89071e-10 0.000257149 0.00583272 0.0143992 0.044123 0.000579507 0.29196 0.016261 0.00141491 0.028375 0.0030257 2.98657e-06 0.110756 0.0361059 4.72792e-08 
3.57869e-05 0.00319268 0.00838132 6.94044e-06 0.00423456 2.19997e-09 4.91826e-05 0.000424628 0.00301116 0.000125127 8.59522e-09 0.827321 2.09183e-08 5.86715e-05 8.32625e-07 1.32e-06 8.439e-06 0.0245234 0.128625 3.63499e-12 
0.109941 0.0112935 0.0276566 0.00137353 0.0230807 0.000164014 0.00300264 0.014329 0.0382316 0.0355378 0.00449259 0.384946 0.0162726 0.00232962 0.0835086 0.00248605 0.00117483 0.0905454 0.149316 0.000317389 
0.0443888 0.012049 0.0353438 0.000776437 0.0130292 0.000171479 0.00218638 0.0121476 0.0312435 0.0439145 0.00235303 0.337276 0.0167865 0.00307412 0.201122 0.0048496 0.00146139 0.103915 0.133385 0.000525945 
0.110794 0.0216795 0.00611475 0.0440702 0.0011633 9.1834e-10 3.0563e-05 0.000188106 0.0050386 0.00934804 0.000573605 0.458166 9.27964e-05 0.0111902 0.033635 0.000832147 3.79001e-05 0.192946 0.104097 2.15958e-06 
0.02491 0.0108562 0.201597 0.000136717 0.0322135 0.0778133 4.16669e-05 0.00810935 0.0449345 0.0533926 1.87929e-07 0.320015 0.001548 0.000275371 0.0563374 0.0102033 0.000299669 0.0600254 0.0972914 7.6701e-11 
0.00550159 4.1087e-05 0.0146493 9.22186e-11 0.0988583 7.26933e-08 0.000566563 1.12425e-11 0.00455981 0.00225058 2.93475e-07 0.719945 0.000482774 6.03687e-09 0.00426704 2.60693e-11 1.78364e-11 0.126396 0.0224809 5.58878e-07 
0.0405302 0.0104784 0.018095 0.00249053 0.0766857 6.97863e-08 0.0010821 0.242833 0.00476488 0.116475 0.000104775 0.386992 0.00717462 0.000377088 0.0175864 0.00646805 0.000237592 0.011201 0.0564226 6.97476e-08 
0.0183792 0.0141879 0.0443682 0.000141956 0.0940359 4.04076e-09 3.09866e-05 0.000765963 0.000798659 0.112506 1.03547e-06 0.474452 0.00370183 7.33126e-05 0.0530037 0.0233415 1.67497e-05 0.107861 0.0523345 5.65872e-09 
0.21501 0.02624 0.0195972 0.000506223 0.00492647 3.84378e-06 0.00157389 0.000741936 0.0620151 0.0279987 0.000184989 0.262262 0.0274507 0.000422506 0.100863 0.000361242 0.000126585 0.0281607 0.221556 1.62572e-08 
0.143765 0.0112246 0.155263 6.46419e-05 0.0148894 0.000236156 0.00142054 0.0165779 0.0969917 0.0476102 0.00047429 0.202284 0.0038816 0.00088812 0.0452091 0.0225512 0.034323 0.152621 0.0497246 1.04558e-07 
0.190727 0.00850189 0.0222042 0.000419629 0.0161887 1.72875e-05 0.083524 0.000143505 0.0875128 0.0340899 0.000505934 0.29746 0.0313197 0.000478437 0.0382975 0.0025728 0.00047093 0.0687278 0.116838 4.40298e-11 
0.065578 0.00296912 0.253817 3.48709e-05 0.0100846 2.29936e-08 0.00290272 0.00047151 0.00790991 0.0173167 2.94691e-10 0.394938 2.25049e-05 0.000394252 0.193666 0.00119405 2.82149e-05 0.035471 0.0132013 5.01268e-10 
1.75141e-07 0.0145832 0.0117199 1.76522e-11 8.40538e-08 1.39634e-11 0.00114848 8.17781e-08 0.00735536 0.0503503 2.60967e-07 0.614217 4.62897e-07 2.27848e-07 0.136993 1.84834e-06 6.62385e-08 0.163628 1.42767e-06 1.95544e-11 
0.00082324 0.000308853 0.00899076 1.29535e-07 0.0462787 6.54702e-09 1.49598e-07 1.58254e-05 0.00175731 0.00362298 1.70107e-08 0.337785 4.13726e-05 2.18437e-11 0.103859 1.15777e-11 2.79939e-07 0.22445 0.272066 4.5369e-11 
0.064356 0.00470048 0.236893 9.3349e-08 0.0401128 1.0917e-11 0.00756439 0.00037071 0.00158452 0.0337122 0.000156652 0.47977 0.015686 4.86114e-08 0.0267443 0.000281884 1.11761e-08 0.0470291 0.0410383 3.90293e-07 
0.242563 0.00750063 0.00728002 8.36517e-05 0.0893355 4.51827e-05 9.19461e-06 0.00186113 0.00996676 0.0324575 0.000570718 0.53555 0.000536696 0.00035665 0.00492517 0.0154314 1.59933e-05 0.048772 0.00273882 4.80548e-07 
0.0220124 0.0205837 0.0923201 3.02734e-07 0.00524507 3.02845e-07 3.02941e-07 0.00494245 0.0539675 0.168051 3.02919e-07 0.218536 0.0237075 0.00154551 0.139688 0.00769942 3.03162e-07 0.0404208 0.201279 3.02677e-07 
0.0299774 0.0308388 0.0779245 1.96443e-09 0.00180577 2.90048e-11 8.9927e-05 0.00532684 0.00696945 0.0574613 2.38793e-11 0.427644 0.0304426 1.03707e-05 0.126038 0.000489826 1.34417e-08 0.0275293 0.177453 4.06186e-11 
0.0404025 0.0834301 0.103332 1.81576e-08 0.126 1.68164e-07 0.00166343 0.000143572 0.00899329 0.00576971 0.036505 0.376768 0.033806 5.98673e-05 0.000166987 0.013972 1.05071e-07 0.109638 0.0592952 5.419e-05 
0.016569 0.00585009 0.025671 1.62781e-05 0.0247459 4.69126e-07 2.02639e-05 0.00392834 0.0255777 0.0203406 0.000888232 0.729401 0.00086999 3.39246e-06 0.0341427 1.34005e-05 1.97882e-07 0.0934527 0.0176156 0.000892714 
0.107494 0.00203471 0.262577 0.000564762 0.0395804 3.27264e-08 1.07227e-06 0.000203491 0.0121245 0.00377215 3.399e-07 0.44107 3.79762e-08 1.24972e-07 0.0151693 0.000171046 2.00803e-09 0.0742253 0.041012 5.76936e-11 
0.0126234 0.00121003 0.00895034 3.27681e-05 0.0304442 5.34576e-07 0.000505044 7.20061e-08 0.0260819 0.000229169 3.9254e-08 0.562318 2.19472e-07 2.60462e-07 0.0123984 1.1336e-07 0.000133906 0.341155 0.00391722 5.2191e-10 
0.0177406 0.0239052 0.0115845 0.000135189 0.0226378 1.58137e-06 0.00137936 0.142536 0.00249208 0.0636552 0.000510026 0.282705 0.0765504 0.000782635 0.0367365 0.00352264 0.000235965 0.278224 0.0346653 8.69297e-09 
0.145234 0.0357122 0.0176801 4.80931e-07 0.0133737 6.28922e-05 0.00085186 0.000715101 0.00698442 0.0402581 3.72699e-05 0.292276 0.0335213 0.00633751 0.0701779 0.00215661 0.000141879 0.138244 0.196234 1.88298e-09 
0.0169832 0.0146195 0.0280039 4.27862e-11 0.00123856 1.46891e-06 1.10369e-06 7.61551e-06 1.83455e-06 0.0147236 6.49124e-05 0.699552 0.125258 6.13882e-07 0.0478075 1.52401e-06 8.59e-07 0.0424935 0.00924053 4.73969e-11 
0.0860929 0.000961525 0.0097031 0.00037978 0.0151953 1.35942e-08 0.0342058 0.0115868 0.00458112 0.0297026 0.00171937 0.490275 0.000392893 0.000172059 0.0940313 0.00123618 0.0458994 0.0363827 0.137482 3.49344e-07 
0.10763 0.00996717 0.138863 0.000323886 0.0020571 3.13684e-07 0.00264545 0.00183252 0.0143216 0.0457413 0.000215644 0.297078 0.0241554 0.000553463 0.0594266 0.00339642 2.97805e-05 0.037185 0.254578 1.66982e-09 
0.144979 0.000704433 0.0560893 0.000282234 0.0168509 0.0362105 5.15601e-05 0.00111406 0.0705165 0.0372475 9.58336e-07 0.255445 0.00274671 0.00355954 0.0768222 0.00063442 0.000285013 0.0979465 0.198481 3.36078e-05 
0.1541 0.00656168 0.00404605 7.75922e-06 0.024283 1.18813e-06 2.12766e-06 0.0279536 0.00511192 0.0526537 0.000179395 0.517886 0.0110832 1.59487e-06 0.0328298 0.0222533 1.42215e-07 0.13386 0.00717933 6.09094e-06 
0.0940773 0.00738429 0.0224057 2.69431e-07 0.0311158 5.18053e-06 0.00223685 0.00262288 0.0295492 0.0435409 9.70435e-08 0.441566 0.0091884 0.000197354 0.0978289 0.00236883 6.45022e-05 0.151531 0.0642806 3.64762e-05 
0.0677586 0.00503986 0.0242225 0.000109952 0.0127217 0.00154027 0.0024044 0.00432183 0.0193297 0.0710355 0.00532668 0.528408 0.0238332 7.18392e-05 0.114947 0.00646394 0.00770636 0.0865219 0.0182369 1.50295e-07 
0.00435881 0.0690611 0.0133117 8.94534e-06 0.00275735 5.26853e-07 0.000486391 1.76549e-07 0.049746 0.0579648 6.97635e-05 0.544698 1.1119e-05 6.3878e-07 0.0462289 0.0083794 5.89455e-07 0.201697 0.00121892 3.2147e-09 
0.160225 0.0303118 0.0455084 9.69239e-05 0.00714599 0.00014137 0.000547618 0.0100042 0.0427064 0.0467876 0.00140704 0.378676 0.0176727 0.00151287 0.0725798 0.00722879 0.00318985 0.134456 0.0396936 0.000108181 
1.09136e-07 0.0495333 0.17524 6.45135e-05 1.07905e-07 1.12835e-12 0.000366902 0.00371928 0.00249274 0.149335 2.02521e-08 0.297395 0.0012575 5.63062e-09 0.138292 0.0583901 2.45572e-09 0.0659282 0.0579851 1.58015e-12 
6.52863e-05 0.002381 0.197448 3.14627e-07 0.0221542 1.11527e-07 0.0130831 0.00132841 0.110105 0.0628033 0.00254663 0.228334 0.10634 0.013904 0.0295273 0.000818935 0.00038232 0.125083 0.0836963 1.56776e-08 
0.28435 0.00484011 0.0684363 0.0423902 0.013567 2.34116e-05 0.00360587 0.000170223 0.0059943 0.0212822 0.00559083 0.407813 0.0070684 5.87608e-06 0.00782167 0.000199344 7.82457e-06 0.0893236 0.0375103 1.82073e-08 
0.00227306 0.000256425 0.00906503 3.95398e-06 0.0602868 7.41847e-08 0.000253298 0.00273628 0.00908978 0.00073148 9.38388e-06 0.346861 2.89476e-06 0.000308594 0.128982 0.000129356 1.46697e-05 0.181558 0.257438 1.25992e-12 
0.0135339 0.00430454 0.0780855 2.54037e-05 0.0097329 1.93385e-05 0.000386948 0.000472051 0.00220389 0.0527155 0.000216307 0.385309 0.0136689 0.000353555 0.256007 0.000242596 0.0185659 0.0226774 0.14148 1.03492e-11 
0.0489235 0.00998391 0.0756508 0.00102864 0.00721389 1.78277e-05 0.000454133 0.0154596 0.0116508 0.0674209 0.0157825 0.42375 0.0164452 0.00697736 0.129591 0.0189711 0.00457736 0.0665108 0.0760839 0.00350667 
0.0926397 0.0136187 0.0170066 5.07809e-05 0.0347507 0.00017238 0.00292685 0.00358624 0.022276 0.112061 0.00102483 0.225558 0.0115464 0.000308636 0.0242044 0.00583286 0.00976572 0.22062 0.202049 1.845e-06 
0.0398493 0.00484914 0.0537001 0.000272489 0.0751909 1.84182e-05 0.00102457 0.0195933 0.0845596 0.0453854 0.00102807 0.386072 0.0111057 0.00199593 0.0480946 0.00735386 0.000193435 0.0780031 0.140436 0.00127385 
0.016889 0.000860036 0.000485095 4.48715e-07 0.00119231 1.13883e-07 9.87737e-06 0.000116005 0.000523599 0.00330829 1.25204e-06 0.901438 5.47879e-05 7.85734e-06 0.0116742 4.31419e-06 8.18197e-09 0.0344428 0.0289921 8.7773e-09 
0.0377379 0.0963941 0.0114097 1.75549e-05 0.00975829 1.06031e-05 0.000528714 0.098244 0.00496894 0.104592 3.78246e-11 0.358454 0.00275405 1.31421e-05 0.054206 0.00125321 0.0306124 0.160141 0.028903 1.79588e-06 
0.0967944 0.000672476 0.00999349 0.000211156 0.0684236 7.99081e-05 2.29784e-05 1.19931e-05 0.0182301 0.00140164 4.1927e-06 0.511964 1.51839e-05 0.000782049 0.0409115 3.43281e-07 9.34747e-06 0.0298202 0.220652 2.55801e-07 
0.195982 0.0119291 0.00987647 2.01764e-05 0.0648332 2.40633e-08 1.31473e-05 0.00034374 0.230462 0.0122488 4.54905e-08 0.261286 0.00957403 8.28744e-05 0.0815399 0.000242008 0.00436834 0.0866624 0.0305353 1.51201e-09 
0.0512621 0.00959679 0.0392623 1.07962e-05 0.0232816 1.38158e-05 0.00560046 0.167385 0.0210698 0.0519902 0.00340236 0.351597 0.0716301 6.33893e-05 0.121617 0.00389043 9.70842e-05 0.0567044 0.0215241 3.16381e-07 
0.105388 0.0162489 0.0222791 0.000178377 0.0845818 3.24072e-07 0.00145536 0.0149327 0.0531153 0.024167 9.9394e-05 0.285641 0.00730106 0.0833653 0.0398602 0.000104648 9.33951e-05 0.0878517 0.173158 0.00017876 
0.0204735 0.00830993 0.165757 0.000105232 0.0367132 2.9612e-06 0.000312749 0.0443102 0.0334889 0.0706445 0.0108771 0.315594 0.0223416 0.00121141 0.0238956 0.00329141 0.00155651 0.146939 0.0941691 5.70435e-06 
0.02689 0.00420795 0.0103443 0.000393334 0.00142879 8.77632e-06 2.48552e-05 0.000515862 0.237663 0.0242438 0.000144674 0.404843 0.00251932 0.0159219 0.021878 0.000319667 0.00591969 0.0871416 0.155591 3.48752e-09 
0.0013481 0.00248461 0.00618924 4.95139e-05 0.000505788 1.37764e-05 0.000108494 0.0416932 0.000233045 0.015353 2.89239e-05 0.884141 0.00047316 8.94998e-06 0.0164679 0.000282369 2.85302e-06 0.0114468 0.019157 1.25179e-05 
0.0540634 0.000252298 0.0708138 1.75345e-05 0.0362007 0.00421647 1.34833e-06 1.3732e-11 3.58412e-07 0.00453751 3.8559e-07 0.588823 0.00253094 0.000119576 0.0289992 3.532e-08 2.46634e-08 0.0530985 0.156325 1.24777e-10 
0.00877911 0.00282418 0.0228034 1.81694e-05 0.0118192 4.50703e-05 0.0327422 0.0329112 0.00112804 0.015819 1.38823e-05 0.730591 0.00234432 0.00201549 0.0600675 0.0197947 0.00215615 0.0180885 0.0360391 4.77521e-08 
0.0278925 0.0145506 0.0209762 3.15435e-05 0.00523462 9.9083e-06 2.01357e-05 8.62364e-05 0.0285145 0.0140673 0.000284336 0.650623 0.00113373 0.000288588 0.0372615 0.000128746 2.89913e-07 0.186596 0.0122998 1.05388e-08 
0.092381 0.0101027 0.0587891 0.0030029 0.00890068 0.138652 0.0077523 0.00264666 0.018945 0.0275192 0.010636 0.292509 0.0225215 0.00177329 0.0758446 0.00402885 0.000721944 0.0144063 0.208868 3.00203e-07 
0.00422489 0.00246205 0.00309276 4.27057e-06 0.0166024 1.56374e-06 0.0349912 0.000114492 0.0271293 0.00603234 9.47377e-06 0.829845 0.00112846 4.8335e-06 0.0216683 0.000120557 4.00906e-07 0.0518582 0.000709893 1.01397e-08 
0.107994 0.00459659 0.13414 0.00015733 0.00628843 2.10111e-07 0.000302893 0.00768126 0.029082 0.0114195 1.47479e-06 0.237242 0.000656776 0.000729655 0.0996968 0.00549043 2.99373e-06 0.143001 0.211516 5.13436e-08 
0.00318782 0.014837 0.00736712 5.40356e-05 0.0234122 5.42398e-05 0.000503333 0.00495017 0.0040942 0.0448752 0.000568501 0.395823 0.019923 8.59028e-05 0.298541 0.00292465 0.00487145 0.105761 0.0681658 1.00633e-07 
1.09829e-08 0.00749666 0.0443061 5.20651e-07 8.53089e-06 1.46657e-11 0.000366512 0.053601 0.00363849 0.083054 7.11682e-05 0.268143 9.37391e-08 5.21157e-05 0.201371 0.223551 4.13391e-09 0.110799 0.00353953 2.05379e-11 
0.0344624 0.00152043 0.0399435 0.00141865 0.000842678 4.07797e-06 0.0281466 0.0271349 0.0265147 0.0406634 1.14483e-05 0.506479 0.0182348 0.0110576 0.0367744 0.00212432 0.0330571 0.0778466 0.113763 5.89262e-09 
0.280205 0.000968452 0.0209315 7.45205e-06 0.0692422 3.4985e-09 3.34208e-08 2.39454e-06 0.00838432 0.00113342 0.000543442 0.341119 0.000241148 0.000892285 0.00208777 3.69453e-07 2.55062e-05 0.223075 0.0295473 0.0215931 
0.0214374 0.00712559 0.0206533 8.87333e-05 0.0210367 1.92147e-05 0.00189687 0.00787642 0.0265894 0.027803 0.000947972 0.417436 0.0112555 0.000583833 0.2115 0.00543897 0.00493377 0.0803266 0.133024 2.77393e-05 
0.0281733 0.0151618 0.0848985 0.0768186 0.0134616 0.00776946 8.73804e-06 0.0045694 0.0211984 0.058357 0.242346 0.34841 0.00272058 0.00335974 0.013949 0.00217807 0.000456099 0.0381841 0.0379796 5.85752e-08 
0.0972502 0.0744195 0.0600862 0.00467298 0.00947793 0.000379762 0.00884977 0.0362462 0.0415376 0.0687889 0.000300132 0.160472 0.0778955 0.000641486 0.0958688 0.0344614 0.00235686 0.110714 0.115579 1.66672e-06 
0.0682927 0.0444906 0.0442471 8.51041e-05 0.041187 0.000508405 0.0019842 0.0076858 0.0398421 0.0466705 0.00128406 0.286184 0.00472071 7.8858e-05 0.0774231 0.00600619 0.0351122 0.281749 0.0124458 2.12041e-06 
0.0522983 0.0225478 0.0306939 8.32111e-06 0.00600423 0.00145602 0.000337352 0.000421545 0.0362692 0.122995 0.0997846 0.513108 0.00142371 1.13081e-05 0.00773577 0.0034339 0.000168756 0.067349 0.0339532 2.35763e-08 
4.99389e-06 0.0152621 0.178953 2.58937e-05 8.68918e-07 1.28108e-10 0.010049 0.000460617 0.0013882 0.0195578 1.45544e-07 0.695173 0.00365437 2.47538e-05 0.0149345 0.0207393 6.46018e-06 0.00927324 0.030492 1.79404e-10 
0.0754691 0.0154996 0.130222 0.000648998 0.00564234 4.21689e-07 0.000349008 0.024211 0.0750617 0.0830405 0.000134065 0.253092 0.0396926 0.000110361 0.0379675 0.0036497 2.23765e-05 0.0787251 0.176458 2.88711e-06 
0.0933568 0.119377 0.0302639 6.0922e-05 0.000580813 1.01635e-05 0.0180091 0.0129863 0.00190213 0.105336 0.00143473 0.316287 0.176428 4.95028e-06 0.0788219 0.00104309 1.18735e-07 0.0399457 0.00415106 1.83282e-10 
0.00475467 0.000565849 0.00754754 2.15004e-05 0.238133 1.41613e-08 0.00144589 0.0235918 0.00162818 0.00543706 6.55146e-06 0.519385 0.000773613 1.33204e-06 0.0796106 0.00147409 3.22943e-07 0.0339791 0.0816438 1.7527e-11 
0.0100425 0.0339789 0.00704688 1.01604e-05 0.016766 1.41901e-07 0.0015203 0.00605383 0.00376783 0.0187803 2.8769e-05 0.396953 0.00482439 3.97191e-05 0.21 7.28121e-05 8.34873e-06 0.120615 0.169491 9.62434e-08 
0.00515362 0.00213069 0.0283891 3.5821e-05 5.51673e-07 4.34182e-06 1.5039e-07 2.90404e-06 1.97222e-06 6.90446e-07 0.000618002 0.386431 1.33558e-07 6.66277e-07 0.23408 7.4331e-07 1.11234e-07 0.262032 0.0811179 3.53915e-11 
0.0077266 0.0673338 0.125606 1.6088e-06 0.00296955 0.000102099 1.40095e-07 0.0116618 0.0205994 0.181786 6.13587e-05 0.253219 0.0660786 0.000752543 0.17781 0.00384545 2.96309e-05 0.039024 0.0413931 9.5756e-11 
0.0431796 0.00382351 0.0315206 0.000152512 0.0839882 0.000504104 0.000847201 0.00203214 0.0785323 0.0351721 0.000160178 0.296078 0.00387515 0.000345755 0.0903515 0.000689478 0.00274869 0.182265 0.143689 4.46844e-05 
0.00907462 0.113651 0.127523 0.00024635 0.0348046 3.59995e-08 2.60161e-05 0.0135487 0.00393109 0.169159 0.000342514 0.228889 0.0530408 2.65604e-05 0.0207794 0.0862204 4.9674e-05 0.116323 0.0223638 1.01426e-07 
0.228746 0.00225158 0.00901431 0.000182371 0.100629 1.06901e-05 6.89386e-06 3.74313e-05 0.0322326 0.0234985 1.10983e-05 0.301762 1.43686e-05 0.000409665 0.00175255 0.00788555 4.70862e-06 0.128925 0.162619 7.26821e-06 
0.0540634 0.000252298 0.0708138 1.75345e-05 0.0362007 0.00421647 1.34833e-06 1.3732e-11 3.58412e-07 0.00453751 3.8559e-07 0.588823 0.00253094 0.000119576 0.0289992 3.532e-08 2.46634e-08 0.0530985 0.156325 1.24777e-10 
0.0812788 0.0261488 0.0604047 0.000706217 0.00780231 1.44448e-07 0.00205269 0.0196265 0.0386375 0.0846022 0.0032714 0.187172 0.0173617 0.151654 0.092865 0.00102017 0.00765627 0.156432 0.0613072 5.1459e-09 
0.0919597 0.00956622 0.0277595 0.000233842 0.0293696 6.02098e-05 0.00331322 0.00435996 0.0264249 0.0317504 0.000214772 0.352702 0.0116403 0.00121129 0.11869 0.00241834 0.00138777 0.062239 0.224446 0.000253023 
0.120503 0.0797384 0.0186188 0.000196938 0.0322739 0.00012782 0.00340288 0.020918 0.00672675 0.114843 4.47993e-08 0.525999 0.0314715 0.000108795 0.0120653 0.000894672 2.54153e-06 0.00708807 0.0249764 4.42209e-05 
0.0190812 0.00503474 0.00215817 4.71896e-05 9.23906e-05 4.9635e-07 1.60894e-05 1.32174e-07 0.00889512 0.00597018 0.000113004 0.882502 0.00123309 0.000229558 0.0172232 4.74916e-05 7.82174e-06 0.0482414 0.00910701 3.2285e-10 
0.000735207 0.000417761 0.0310932 0.000221678 0.0409983 2.87868e-07 2.91198e-09 4.7177e-05 0.0207339 0.00233852 9.208e-06 0.481069 4.98683e-06 1.07687e-05 0.118626 0.000128477 2.15307e-09 0.0963038 0.207262 3.82118e-12 
0.0406106 0.00769738 0.056855 0.000471327 0.0483142 8.6572e-09 0.00647728 0.00192246 0.0102715 0.173839 0.0144479 0.201155 0.0306367 0.000354215 0.147785 0.0540184 2.18758e-05 0.0346137 0.170508 1.10237e-11 
0.180285 0.0171072 0.00481763 2.52302e-08 0.00294064 4.32016e-06 0.114322 0.000347559 0.000536595 0.0260558 6.02454e-05 0.447384 0.137322 5.40091e-06 0.0199687 0.000530419 0.000636742 0.0149582 0.0327165 1.02575e-06 
1.79292e-06 0.00699293 0.0901821 1.79018e-06 0.0849772 1.79083e-06 1.7914e-06 1.79293e-06 1.79286e-06 0.110995 1.79127e-06 0.364538 0.0328082 1.79165e-06 0.0545085 1.79243e-06 1.79271e-06 0.0473399 0.207638 1.78984e-06 
0.0587359 0.000944676 0.00490745 9.78771e-06 0.0127233 5.42145e-06 6.97403e-06 0.000210444 0.254283 0.079886 4.69784e-05 0.285012 1.90299e-05 0.0187577 0.00950994 0.000893935 9.5198e-06 0.194916 0.0791229 2.41092e-11 
0.0406387 0.00809923 0.0233681 3.17395e-08 0.000699528 8.22959e-09 7.96179e-07 0.000840828 0.000185488 0.013917 7.22797e-08 0.504167 2.53082e-05 5.98323e-05 0.147458 0.000233256 1.12055e-06 0.0383158 0.22199 2.69936e-10 
0.0122706 9.7329e-05 0.00232199 2.90983e-06 0.0645837 1.24947e-07 0.17975 0.00939813 0.0476984 0.010034 1.19396e-06 0.464181 1.63261e-05 6.36233e-05 0.0117175 1.78157e-05 5.31553e-05 0.0487201 0.149072 1.69235e-09 
0.046126 0.0127887 0.03297 3.20059e-05 0.00280281 1.65174e-06 0.00855368 0.0237783 0.0237809 0.0278263 0.00176496 0.678789 0.00524585 4.90283e-05 0.00443881 0.000360915 0.000211404 0.0970694 0.0334095 4.03007e-07 
0.303481 0.0725469 0.0335811 1.78091e-05 0.0138796 3.09143e-08 0.000249643 4.91376e-06 0.000227848 0.100401 0.000101098 0.357246 0.0770129 0.000576569 0.00640954 0.00155978 3.55529e-06 0.0181046 0.0145958 4.32927e-08 
0.0727228 0.0116731 0.0250498 1.78068e-06 0.0477386 4.7501e-06 4.7888e-07 2.09203e-05 0.00339638 0.0138744 0.000450519 0.433389 0.356346 3.4887e-05 0.000815616 0.00189839 3.59911e-08 0.000739183 0.0318426 2.01937e-08 
0.0602889 0.0077281 0.0358419 0.000199179 0.0547912 7.08685e-05 0.00106737 0.0219953 0.00967788 0.0463629 0.000345365 0.577369 0.00359164 0.000135614 0.0227429 0.00213027 0.00301647 0.0789372 0.0733128 0.000395333 
0.00185053 0.0948228 0.0308174 3.46135e-08 0.000935017 7.51057e-06 6.64335e-05 0.000173054 0.0147794 0.0188327 0.000288086 0.507934 0.000586818 0.0708572 0.0283394 0.00019716 0.0007805 0.00234595 0.226386 7.71299e-11 
0.0288717 0.0448452 0.013125 1.61012e-06 0.000430239 2.48173e-11 0.000261606 0.0674237 0.0228013 0.133698 3.34898e-08 0.365587 0.00490992 5.55626e-05 0.041308 0.00201248 1.20373e-06 0.253717 0.0209493 3.47544e-11 
0.0206439 0.00658252 0.0817382 3.91048e-06 0.00109085 8.01338e-08 1.76606e-05 0.0243493 0.131044 0.0234861 6.37331e-06 0.314938 0.0112415 0.000680476 0.202512 0.000311466 2.8306e-05 0.106653 0.0746726 3.13172e-09 
0.0207794 0.0557703 0.0172813 0.000159558 0.0300216 0.00714029 0.0093369 0.00566058 0.0104986 0.0383432 0.000672592 0.605805 0.00920975 5.46302e-05 0.130055 0.00264012 0.000298814 0.0335809 0.0226876 3.59347e-06 
0.0854669 0.005803 0.00139625 5.12357e-05 0.0152769 5.19152e-05 0.000287632 3.03845e-05 0.00256308 0.000542407 1.53115e-11 0.387684 0.010228 3.53188e-06 0.00394575 5.75024e-05 8.45897e-06 0.132887 0.353716 2.60448e-11 
0.21759 0.027298 0.0317302 0.000722589 0.0111189 0.000318266 0.00507915 0.00631992 0.0193925 0.048247 0.00300246 0.35442 0.0268961 0.00246329 0.0550287 0.00403683 0.000296642 0.0351414 0.150695 0.000204093 
0.101705 0.0551922 0.0624283 0.000120838 0.00159255 0.000979053 0.00354905 0.0257738 0.00580588 0.0669249 0.000237251 0.26123 0.0519596 7.79577e-05 0.133513 0.0208417 0.0180889 0.0953389 0.0933403 0.0013017 
