0.000373846 0.0440325 0.030727 0.0001258 4.7448e-05 9.87121e-08 0.00109113 0.017352 8.58173e-05 0.0886387 0.000231156 0.0256513 0.468642 0.00202758 0.235692 0.0623659 1.72191e-05 0.0139251 0.00897424 2.20843e-10 
0.234014 0.0277628 0.0143887 3.35666e-05 0.00189095 0.000247945 7.77713e-05 8.92001e-06 0.0016493 0.001634 0.0188336 0.0246394 0.445167 0.000230566 0.0735897 0.0160162 6.6524e-06 0.114888 0.0249185 1.59684e-06 
0.0454776 5.11968e-05 0.000141172 2.2801e-06 0.000696868 1.80362e-06 0.00330422 2.7797e-07 2.96947e-05 0.000144909 1.4849e-06 0.0602792 0.888622 4.80933e-05 2.39285e-07 6.44563e-07 4.41004e-07 0.00115157 4.36533e-05 2.52581e-06 
0.00101218 0.000718283 0.000846476 1.71178e-05 0.000337467 7.31387e-05 4.11654e-05 2.08684e-06 0.00185297 0.00292041 0.000128152 0.000856922 0.984853 0.000319269 0.00111828 0.00285722 0.000142309 0.000626694 0.0012574 1.89624e-05 
0.0219652 0.0345278 0.134841 0.000204329 0.0241345 0.000998396 0.00124555 0.000296437 0.0147933 0.0474104 0.000192288 0.0427698 0.476996 0.000582495 0.0230913 0.00195139 0.00183176 0.0293812 0.142787 7.8561e-08 
0.124846 0.0251086 0.145952 0.00116008 0.000770363 6.51047e-06 0.000974343 0.0528117 0.0410815 0.0799028 0.00926019 0.00567402 0.204882 0.200244 0.0186759 0.000348772 0.0174197 0.034199 0.036683 6.43968e-07 
0.0016736 0.00227337 0.00035774 0.000621398 0.00351715 5.63023e-07 0.000231672 6.21654e-05 0.00438624 0.0363103 7.59148e-05 0.00444707 0.615896 2.27626e-05 0.0434017 0.0217457 6.8913e-06 0.00135664 0.263613 5.55619e-12 
0.00320431 0.00146066 0.0887178 2.59793e-05 0.00360022 0.000114952 0.000676762 0.00721429 0.0155565 0.0664165 0.00139096 0.0197136 0.527742 0.00151905 0.0375408 0.0691286 0.000196923 0.057979 0.0977307 7.06525e-05 
0.0172398 0.00845434 0.0635165 9.80822e-06 0.0035832 3.37181e-05 0.00148791 0.0205291 0.00178698 0.182651 0.0739174 0.119206 0.188994 0.0120272 0.165649 0.0570639 0.00075239 0.0244766 0.0584089 0.000212458 
0.0350967 0.035015 0.139557 1.8138e-05 0.00384472 0.0162175 0.00210467 0.00763958 0.0207805 0.170733 0.0413866 0.0609168 0.326224 0.00695423 0.0704876 0.00188177 0.00042601 0.0243282 0.0363886 1.32036e-08 
0.0455756 0.0178186 0.106322 1.3585e-05 0.0372135 3.31198e-06 3.81146e-06 0.00125833 0.0394387 0.0432402 0.0030299 0.0632003 0.406517 4.14571e-05 0.000593668 8.76324e-05 3.86252e-06 0.0693696 0.166223 4.58686e-05 
0.0197604 0.0968233 0.0751189 1.5146e-10 3.32812e-07 0.000260726 0.000759693 0.000403364 0.0108305 0.0408861 0.0101659 0.0147791 0.539035 0.0885835 0.0635373 0.0141234 0.00508429 0.0094445 0.0104036 1.55738e-07 
0.0288548 0.0135498 0.0780419 5.45774e-05 0.0149518 4.49593e-05 0.00195751 0.00487054 0.0186733 0.1235 0.00404794 0.0403153 0.502537 0.00246399 0.0375919 0.00208817 0.000788712 0.0348408 0.0908266 3.46896e-08 
0.029379 0.010413 0.0433049 0.00149274 0.0097778 5.82013e-05 0.000134244 0.00441755 0.00642882 0.0861895 0.00244514 0.0495779 0.381486 0.00083056 0.100747 0.0110185 7.82064e-05 0.174207 0.0880132 3.92872e-08 
0.00195497 0.00118898 0.0014426 1.17643e-08 0.000217972 2.31456e-05 0.0054676 0.0152912 0.00326521 0.0530173 0.00352596 0.000313688 0.903461 0.00419674 0.000793631 0.0010591 0.00328891 0.000212609 0.001279 1.15182e-10 
0.0110616 0.00601011 0.103722 0.000146572 0.00147348 0.0802059 5.76699e-06 0.00109606 0.0037643 0.0587971 0.0242316 0.0317277 0.606719 0.000136548 0.0158634 0.00518692 0.00172715 0.0322895 0.0158343 1.3196e-06 
0.0106649 0.00400103 0.0468193 4.27605e-07 0.000462507 1.85017e-06 1.6187e-06 0.00311484 0.00914645 0.316926 0.0139257 0.00915709 0.417544 0.00493426 0.0176135 0.0542165 4.37441e-05 0.0472005 0.0442257 2.28352e-09 
0.0387138 0.00394635 0.0278424 2.59586e-05 0.000287076 1.11084e-06 0.0475149 0.00377874 0.0372836 0.0447869 0.000748833 0.0137855 0.379823 0.00387834 0.286479 0.00515782 0.000924643 0.0121676 0.0928544 7.44464e-11 
6.11058e-05 1.15361e-08 0.000548232 6.93098e-11 1.61034e-07 0.00195528 1.65869e-05 2.03089e-06 0.000161707 2.32527e-08 0.00318332 0.00205415 0.937635 2.48407e-07 7.27372e-12 2.02222e-08 0.036865 6.90749e-05 0.0174475 7.67787e-11 
0.0196502 0.00426081 0.0281138 1.36842e-07 0.00596613 1.19844e-05 2.5664e-06 0.00049876 0.0282103 0.337158 0.00134526 0.00797057 0.508025 1.71005e-07 0.00291469 0.0108064 0.000324464 0.0204471 0.0242933 4.21616e-10 
0.0337044 0.0112041 0.0906118 2.66928e-06 0.0020182 0.0284458 4.30801e-05 0.00389086 0.00550658 0.0630945 0.105907 0.0368746 0.533768 0.000698655 0.0514433 0.00322735 0.00141375 0.0159144 0.0122279 3.505e-06 
0.0132963 0.00541139 0.0553392 0.000314354 0.0148671 0.00726519 0.000448896 0.0033678 0.0124143 0.0882703 0.000488042 0.0613972 0.356741 0.00279683 0.102112 0.002755 0.000343694 0.0408042 0.231567 8.99281e-11 
0.0189841 0.00102838 0.0564271 1.45783e-07 0.00231748 1.70871e-06 8.16342e-07 0.0298371 0.0290329 0.270603 0.00047581 0.0887517 0.420687 0.0004108 0.0136894 0.0180337 2.61269e-05 0.0138908 0.0357949 7.55365e-06 
0.122061 0.0705015 0.00273777 8.73763e-07 0.00118054 1.27929e-07 0.00890548 0.000245919 0.10595 0.0509869 0.000470672 0.0894896 0.365758 0.000959248 7.50779e-06 0.000604655 0.00545459 0.0400435 0.0493118 0.0853302 
0.00351958 0.0016104 0.0769567 4.16313e-05 0.00910722 6.3812e-05 0.000311684 0.00485251 0.00494775 0.0274655 0.00914072 0.040997 0.358607 0.00135927 0.0387875 0.00569628 0.000112176 0.133217 0.283206 1.95181e-07 
0.064917 0.00587478 0.0679212 1.29773e-06 0.00240483 7.08325e-05 3.45876e-06 4.22627e-06 0.00650742 0.0516131 0.0032667 0.0320388 0.479466 6.59158e-09 0.0493268 0.0783988 2.82634e-05 0.0919995 0.0661565 1.36906e-08 
0.0167383 0.0178023 0.0172532 4.58618e-05 0.0553433 0.00087115 0.0642935 0.0152195 0.00510648 0.00494294 0.00457521 0.0443735 0.583155 0.0013384 0.0233812 0.0191162 0.000955186 0.0984006 0.0270869 1.4923e-06 
0.000368608 0.0108587 0.0550044 9.32621e-12 2.52287e-08 3.20182e-07 2.40573e-07 1.65997e-06 3.99882e-07 0.211666 0.0891537 6.60382e-07 0.470258 0.000816367 0.134676 0.0100658 1.87238e-07 0.00819695 0.00893274 1.03312e-11 
0.092758 0.039094 0.111293 7.47093e-05 1.21295e-06 0.0425447 0.00203408 0.00115609 0.00316055 0.160328 0.00037365 0.0970094 0.425194 1.81664e-05 0.00130042 0.00410142 4.36914e-05 0.00267258 0.016842 1.28313e-08 
0.0928571 0.00787658 0.0170498 1.33724e-07 0.0448472 6.39013e-11 0.0031831 0.0270847 0.00307326 0.0482216 0.000327907 0.238232 0.331146 0.000370149 0.07312 0.00842175 0.000155232 0.003051 0.100982 8.9488e-11 
0.018023 0.00298394 0.0987868 0.000751559 0.00559308 0.0118316 0.000238555 0.0183972 0.0286635 0.0238328 0.00118151 0.0506684 0.283308 0.00238128 0.0954925 0.0109753 0.00269448 0.104618 0.239578 2.70074e-08 
0.0464278 0.00996758 0.0899992 2.80456e-05 0.000568038 2.98852e-05 0.0124267 0.0243079 0.0219319 0.0229729 0.00291114 0.0502523 0.491029 0.000322567 0.0195103 0.017117 0.000192184 0.0720958 0.117901 8.74018e-06 
0.18857 2.08989e-05 0.0212612 1.93812e-05 0.0226842 4.10871e-05 0.0229547 0.000200064 3.01914e-07 0.0187887 3.60491e-05 0.133597 0.357671 1.97568e-07 0.000762209 1.62553e-05 3.18032e-07 0.117537 0.115832 7.44701e-06 
0.0623058 0.00281419 0.0714305 7.68607e-07 6.72249e-06 0.00864626 0.0114064 7.49584e-07 0.00337154 0.220591 0.0474268 3.89689e-05 0.51691 2.24902e-06 0.0244681 0.000575976 0.000247649 0.0142164 0.0155403 1.10928e-08 
0.000512312 0.000139844 0.0469838 5.19729e-05 0.00949084 0.000986966 0.00192715 0.000312193 0.00952112 0.01667 0.00230602 0.0043794 0.40145 0.00231808 0.0106159 0.0142658 0.00050715 0.243123 0.234439 8.92162e-11 
0.0716875 0.0139473 0.129441 3.06879e-06 0.00491349 1.15363e-05 0.000103477 0.00169244 0.0193881 0.07623 0.035114 0.169275 0.331213 6.69784e-05 0.0248876 0.00244059 0.00115063 0.0966054 0.0218188 9.98973e-06 
3.72686e-07 1.88601e-06 0.0231389 8.64804e-10 1.60223e-10 9.58401e-07 6.34863e-07 2.74221e-07 0.0606881 0.0266974 0.107433 0.289069 0.298815 7.97999e-06 2.80804e-05 2.44472e-10 0.0029525 0.0324655 0.1587 9.57997e-10 
0.0424179 0.00549526 0.0473764 0.000283873 0.128812 5.82854e-05 0.00114844 0.0024571 0.00196108 0.0418867 0.0126186 0.0251262 0.416275 0.00123796 0.0429 0.00880272 0.000311728 0.131519 0.0893114 5.73245e-08 
0.0220238 0.102262 0.0898485 8.63826e-08 0.00162049 7.79807e-07 0.0330222 0.0025077 0.00330474 0.0688074 0.0357948 0.00729097 0.535186 0.000138193 0.0252566 0.00405758 0.000158294 0.0620622 0.00665827 3.12881e-09 
0.0148029 0.00105881 0.00147114 0.0138768 0.00123218 1.65532e-12 0.000179745 0.00015806 0.0473428 0.0207458 1.45256e-05 0.000262346 0.702098 0.00318473 0.000191604 0.0308242 0.034311 0.00226807 0.125978 9.14003e-11 
0.0406335 0.000735841 0.00281516 0.293515 0.00244637 3.01289e-11 7.95008e-05 7.39272e-05 0.0193106 0.00435028 6.3023e-07 0.000436793 0.448166 0.00109733 9.21012e-07 0.00176628 0.00473568 0.00224361 0.177593 6.91483e-10 
0.00805716 0.00315762 0.000154523 0.000447611 0.0036609 1.86326e-12 6.68414e-05 9.08165e-05 0.0054722 0.0081284 1.53399e-12 0.00170867 0.914454 5.15211e-09 1.21968e-07 0.00138034 6.10882e-06 0.00134443 0.0518705 2.60932e-12 
0.00240203 0.00173943 0.0406037 1.78022e-06 0.00077819 0.00128669 0.0092054 4.40116e-08 0.00925796 0.00188935 0.00130959 0.00317368 0.659775 0.00114664 0.016417 2.96154e-05 0.000446727 0.055026 0.195511 1.53001e-07 
0.218576 0.0386087 0.111649 0.000252575 0.0482626 3.58504e-05 0.000162867 0.00251284 0.00212131 0.0658454 0.0212017 0.0611035 0.272998 2.84213e-05 0.0198351 0.00217449 7.53753e-07 0.0871223 0.0475094 3.20023e-08 
0.000425897 0.000220443 0.00403437 1.60223e-07 4.25939e-05 3.68903e-05 0.000196981 8.90879e-05 0.00014794 0.00146182 3.50069e-07 0.00471624 0.984762 2.50865e-05 0.00232355 0.000301611 3.35936e-05 0.00103868 0.000142235 1.65819e-10 
3.2558e-05 0.00132418 0.0429745 3.84931e-10 3.26792e-07 0.000742915 8.13784e-06 0.00382793 0.000642514 0.0317665 0.265351 0.0016273 0.618724 0.000132304 0.0267937 0.00160186 0.000713985 0.000887497 0.00284865 4.26412e-10 
0.0143278 0.000800625 0.00165635 0.0134202 0.00135001 1.69921e-12 0.000207571 3.66765e-05 0.0496679 0.0235082 9.47698e-08 0.000218204 0.710267 0.00235254 1.38499e-07 0.0261652 0.0122402 0.00139968 0.142381 1.00018e-10 
0.111473 0.101788 0.00833747 1.95721e-06 0.00154794 1.00062e-06 2.23304e-06 6.73232e-07 2.75998e-09 0.0426065 4.25007e-06 0.0419789 0.687155 1.00798e-08 9.42727e-06 3.15389e-06 3.18302e-07 0.00214393 0.00294561 2.09355e-08 
0.000711114 0.00036923 0.00571584 9.34164e-09 5.83461e-05 0.0246341 1.52427e-05 3.98229e-06 0.000317951 0.00416429 0.00888546 0.000879669 0.887546 0.00843244 0.00405435 7.16368e-05 0.0119103 0.00559812 0.0364642 0.000167806 
0.0423518 0.0146171 0.165905 0.000115898 0.00327392 2.85719e-06 0.00136994 0.00778574 0.00093858 0.104601 0.00117462 0.0492791 0.231115 0.001454 0.0567628 0.127265 0.000110013 0.0239206 0.167954 2.50212e-06 
0.0194959 0.00874358 0.0620313 4.816e-05 0.00851797 0.00986476 0.00745852 0.00795973 0.0349443 0.0335795 0.0102925 0.0270337 0.376346 0.0014816 0.0529924 0.000803438 0.00110095 0.215519 0.12177 1.59284e-05 
0.0670588 0.046067 0.0198402 1.41194e-05 0.0166362 3.01047e-05 0.00884238 0.000266356 5.6232e-06 0.168904 0.00100665 0.196461 0.259133 0.000442874 0.0131816 0.00121535 6.23712e-05 0.0198771 0.167946 0.0130098 
0.0330211 0.0184363 0.184223 0.0107215 0.0117164 3.97097e-06 0.000338611 0.0300551 0.00279517 0.0683683 0.020763 0.0875726 0.327336 0.000870007 0.0813496 0.000410694 0.00020872 0.0294684 0.092334 7.5441e-06 
0.0987757 0.0230901 0.0191842 0.00137743 0.00677697 0.0106093 0.000106603 0.00260755 0.0609164 0.110793 4.17774e-05 0.0919237 0.314313 0.00286856 0.0581216 0.00260941 0.000168933 0.175959 0.0196947 6.13453e-05 
0.00166989 0.00598178 0.00358753 4.88466e-06 0.0117836 8.8335e-09 0.00298873 0.283049 0.00287308 0.132007 7.56883e-05 0.0129415 0.378513 0.000653324 0.0683994 0.0323556 0.000113271 0.0519347 0.00856226 0.00250629 
0.00315353 0.0126529 0.031659 0.000233047 0.00041486 0.013944 0.000182008 0.0164218 0.00029669 0.0104428 0.000212662 0.055305 0.405511 4.09091e-05 0.0255715 0.37424 1.15106e-05 0.0230584 0.0266485 3.48532e-10 
0.0646988 0.000732833 0.0661724 5.97015e-07 0.00101484 0.000236534 4.77349e-05 0.00627425 7.70313e-06 0.0129778 0.00186015 0.0673996 0.651968 3.24328e-05 0.0138404 0.000371327 6.66524e-06 0.00318917 0.109169 3.41858e-09 
0.0280895 0.0102253 0.150768 6.4297e-07 0.00163542 0.00023676 0.00114126 0.00265879 0.000333413 0.114592 0.0859027 0.140603 0.210451 0.000120148 0.0760876 0.103128 0.000493544 0.0383883 0.0351453 8.13594e-09 
0.0998651 0.0133911 0.0214117 5.96454e-08 0.00435305 4.71811e-08 0.0210485 6.374e-06 0.000184851 0.0345101 0.000143678 0.000356379 0.710445 6.10482e-06 2.96823e-05 0.00608509 1.15363e-08 0.0164844 0.0716792 6.60728e-08 
5.57735e-06 5.57636e-06 0.0423918 5.56883e-06 5.57677e-06 0.00501936 0.00836453 5.57739e-06 0.0223142 5.57798e-06 0.0161651 5.57789e-06 0.827027 5.57341e-06 5.57755e-06 5.57582e-06 0.0401578 0.0384934 5.57781e-06 5.56778e-06 
0.000102334 0.00475486 0.0254575 7.6444e-07 0.0019762 0.136323 1.60129e-05 1.30588e-05 0.0177031 0.0458807 0.00209514 0.0399124 0.59173 0.000128702 0.0303881 0.00143737 0.00887921 0.0300603 0.0631417 7.32342e-08 
0.00136668 0.00139285 0.00605693 7.38695e-07 0.00329844 5.84328e-07 0.00221294 9.00551e-08 0.00633255 0.00120124 0.00255016 0.00902577 0.916877 3.93985e-07 0.025846 2.08822e-07 0.000643077 0.00459467 0.0184351 0.000164478 
1.51264e-11 6.91484e-07 0.0689503 1.19376e-10 2.12344e-07 0.00351393 7.7354e-07 1.45532e-11 0.000240388 0.000410869 3.42144e-07 4.53023e-07 0.836746 4.45747e-07 0.0336392 0.000319113 7.46603e-05 0.026529 0.0295738 1.3224e-10 
0.0316686 0.0079647 0.0418604 1.69316e-08 0.00203654 1.93321e-06 0.000344014 0.000453949 0.0037873 0.0595891 0.000302998 0.0804334 0.72139 0.000118169 0.011765 0.0024316 0.000205326 0.0208401 0.0148023 4.79848e-06 
4.01919e-06 1.74157e-06 0.0823426 8.07691e-09 0.0197856 1.95504e-06 6.02969e-06 0.00605702 4.40028e-05 0.00769788 5.26003e-09 0.00869851 0.875285 2.27373e-06 2.4509e-05 2.28326e-09 1.24903e-06 3.07149e-05 1.67776e-05 8.94729e-09 
0.000385347 0.0039976 0.00186357 1.16897e-05 0.000288485 1.02555e-10 0.000114859 0.00171132 0.00135759 0.0469443 5.51677e-05 0.00369396 0.86037 6.55607e-05 0.026108 0.0146349 3.04076e-05 0.0283987 0.00334419 0.00662385 
0.0712133 0.0269095 0.0328885 0.0595112 0.0115413 7.52382e-06 2.71946e-05 0.00149559 0.00142032 0.0477937 0.000257038 0.139145 0.395971 0.0207156 0.0221079 0.000397201 0.0137256 0.0409515 0.113921 1.07672e-07 
7.85587e-11 0.000113148 0.0732651 6.19974e-10 0.000114158 7.28115e-05 3.7896e-10 2.23349e-07 0.0103563 0.000198697 1.80906e-06 4.38122e-11 0.51881 1.12695e-05 0.195983 0.000214843 0.00145041 0.0198239 0.17958 3.69251e-06 
0.252376 0.0150767 0.0213374 4.41253e-07 0.00967025 0.00470264 0.000362824 8.03207e-05 0.00611612 0.0394039 0.000131439 0.0711423 0.325331 0.000312573 0.00331964 6.83876e-07 0.00108051 0.204567 0.0449882 1.56017e-08 
0.0427195 0.00780911 0.014055 2.46571e-07 0.00775808 6.89852e-09 0.000221997 0.0196007 1.76679e-07 0.0362676 0.0137914 0.100848 0.688536 1.93094e-08 0.0443276 0.00277985 1.09701e-05 0.00864191 0.012632 5.27339e-10 
0.00727891 0.0065661 0.00553428 4.62315e-08 0.00055125 6.23478e-05 2.44016e-05 0.000684665 0.0112587 0.0658518 0.00330116 0.0344005 0.616384 2.46577e-08 0.159836 0.00214108 2.92083e-05 0.0788853 0.00720971 5.12134e-08 
0.0900455 0.148426 0.0148101 1.68146e-09 0.037235 1.33008e-09 2.77608e-06 4.10183e-07 2.3085e-06 0.0511063 1.09504e-09 0.143764 0.462396 8.96813e-10 1.76461e-10 4.75334e-10 3.25219e-10 1.78668e-05 0.052194 1.86266e-09 
0.006552 0.00324016 0.0724011 1.36539e-06 0.0172971 0.0282212 0.000242493 0.0141404 0.0285963 0.0526719 0.0169484 0.122445 0.50202 0.000436493 0.0405828 0.00326354 0.00111338 0.0480782 0.0417441 4.24335e-06 
0.0144062 0.00239005 0.071428 1.78675e-07 3.31033e-08 1.41337e-07 8.71497e-06 2.17825e-08 3.81134e-05 0.0202188 5.90586e-05 0.0195757 0.841837 9.74978e-06 0.00393389 0.000857433 6.50115e-06 0.0172585 0.007972 1.97929e-07 
0.00311693 0.00404584 0.18472 7.369e-08 0.00195492 1.81196e-05 0.000276106 0.000100613 8.88783e-07 0.00343773 0.000840409 0.0281776 0.556729 2.25577e-05 0.114224 0.000356351 7.8892e-05 0.0116793 0.0902209 4.68079e-10 
0.0900727 0.0272061 0.093191 8.1119e-05 0.0156264 0.00381246 0.000329184 0.00164307 0.0434359 0.05075 0.0167515 0.137804 0.252247 0.000579136 0.0571382 0.0497601 0.0012074 0.0677032 0.0906579 4.03647e-06 
0.0362363 0.00530086 0.0073556 6.59922e-05 0.000273296 6.51374e-05 0.000355051 0.0521768 0.000209852 0.0171362 0.00129879 0.169323 0.428088 0.000112637 0.0139982 0.000664244 9.52809e-05 0.0536006 0.213643 8.72135e-07 
0.00195497 0.00118898 0.0014426 1.17643e-08 0.000217972 2.31456e-05 0.0054676 0.0152912 0.00326521 0.0530173 0.00352596 0.000313688 0.903461 0.00419674 0.000793631 0.0010591 0.00328891 0.000212609 0.001279 1.15182e-10 
0.00658504 0.00370638 0.00189903 0.00023116 0.00207034 4.23661e-12 0.000600435 0.00536937 0.00317262 0.0279783 3.20559e-05 0.0157555 0.879721 0.000112075 0.00249589 0.0139079 2.98512e-05 0.000982206 0.0353509 5.93299e-12 
0.00304704 0.000403865 0.00825563 9.70022e-07 3.17817e-05 8.06001e-05 1.38426e-06 0.000609184 0.000360325 0.068725 0.00796811 0.00127714 0.883179 0.00332371 0.0114229 0.000271921 0.0002259 0.00104387 0.00977216 6.58949e-09 
0.0871942 0.000354763 0.00890397 0.000461934 0.0299074 0.00068619 0.00781975 2.32206e-05 0.0158163 0.0418118 0.0543581 0.161939 0.456455 3.19026e-05 0.011214 0.000114343 6.2976e-06 0.0146013 0.108301 3.02891e-08 
0.00603046 0.00337723 0.00170526 0.000239086 0.00190965 4.05963e-12 0.000531766 0.004758 0.00320381 0.0255249 2.81939e-05 0.0142281 0.88811 0.000112212 0.00243037 0.0138443 3.01272e-05 0.000950531 0.0329857 5.68515e-12 
0.000333727 0.00757512 0.0960806 3.82275e-05 1.90884e-05 8.67726e-06 0.000278753 0.000114086 0.0105471 0.0272688 0.0195449 1.67299e-05 0.794499 2.1291e-05 0.00643247 0.000572828 0.000995764 0.012518 0.0231353 4.6353e-09 
0.0872725 5.06092e-05 0.0327074 4.62306e-07 0.325857 0.00230782 0.000122699 0.000437712 8.08443e-06 0.0643743 0.000270061 0.055291 0.355554 2.46572e-07 2.69719e-05 2.7041e-06 1.6367e-06 0.058923 0.016791 5.12125e-07 
0.0642613 0.0251325 0.0828489 0.000572434 0.000495694 0.014844 0.00264263 0.000667997 0.0286351 0.14986 0.00120539 0.0121843 0.483829 0.00174678 0.0359723 0.0197352 0.000772666 0.0388157 0.034896 0.000882162 
0.000425897 0.000220443 0.00403437 1.60223e-07 4.25939e-05 3.68903e-05 0.000196981 8.90879e-05 0.00014794 0.00146182 3.50069e-07 0.00471624 0.984762 2.50865e-05 0.00232355 0.000301611 3.35936e-05 0.00103868 0.000142235 1.65819e-10 
0.00974921 0.00601412 0.072924 8.54783e-07 9.10565e-06 2.65651e-05 0.0046948 0.00391635 0.0119365 0.1888 0.00332037 0.000167635 0.624612 0.000512546 0.0106583 0.00797332 0.000209941 3.58561e-05 0.0544378 9.66261e-07 
0.0536257 0.00500801 0.0837755 7.06575e-05 0.00806473 1.86092e-05 0.0037012 0.000308593 0.030349 0.114591 0.0129082 0.0206076 0.512449 0.00135316 0.0129125 0.000141374 0.00067603 0.0486119 0.0908267 8.50639e-07 
0.00195497 0.00118898 0.0014426 1.17643e-08 0.000217972 2.31456e-05 0.0054676 0.0152912 0.00326521 0.0530173 0.00352596 0.000313688 0.903461 0.00419674 0.000793631 0.0010591 0.00328891 0.000212609 0.001279 1.15182e-10 
0.00315353 0.0126529 0.031659 0.000233047 0.00041486 0.013944 0.000182008 0.0164218 0.00029669 0.0104428 0.000212662 0.055305 0.405511 4.09091e-05 0.0255715 0.37424 1.15106e-05 0.0230584 0.0266485 3.48532e-10 
1.83656e-05 0.00138778 0.0247576 2.47197e-09 3.25918e-06 0.000126949 1.32503e-05 3.05126e-07 3.98896e-07 0.00534399 0.00125581 3.19945e-05 0.956579 4.66015e-07 4.14237e-05 1.56723e-07 0.000204791 0.00270613 0.00752815 2.73835e-09 
0.0520243 0.00549638 0.000669349 2.84298e-06 0.00246275 4.18038e-09 0.0253857 0.000454891 0.00611459 0.2922 0.00556428 0.000365532 0.592872 0.000203987 0.000154264 0.00468196 8.74206e-05 0.000876515 0.0103831 5.85424e-09 
0.00573154 0.00704905 0.0760993 3.87912e-06 0.000365282 1.11399e-05 0.000957405 1.64043e-05 0.00799334 0.0676893 0.000195772 0.0191202 0.683575 0.00264377 0.0120664 0.0306892 0.000140864 0.0744514 0.0112003 1.61038e-07 
0.00827054 0.0851303 0.0176518 0.00158795 0.000952795 0.000282096 0.0470202 0.00399661 0.00600146 0.0604182 0.203046 0.00406723 0.487149 0.0135207 0.0339779 0.00362537 0.000265477 0.00927829 0.0137581 1.50433e-07 
0.0136794 0.00709801 0.00630357 2.6532e-05 0.00107098 1.06507e-06 0.00389076 0.00618823 0.016043 0.0698491 0.207656 0.0238568 0.467138 0.00279399 0.113923 0.000285056 3.25243e-05 0.0374199 0.022744 7.91058e-09 
4.67059e-06 4.66977e-06 0.156464 4.66346e-06 4.6701e-06 0.0279956 4.66664e-06 4.67063e-06 0.000938757 0.0411105 0.0205364 4.67104e-06 0.348389 4.66729e-06 0.0406403 0.0126118 0.00887776 0.0920251 0.250369 4.66257e-06 
0.023462 0.009571 0.0733166 1.03942e-08 0.000269493 0.000265038 0.000553029 3.00076e-05 0.00682809 0.0308925 0.00285504 0.0222372 0.78713 4.84986e-06 0.00644951 0.00703186 0.000231338 0.0198332 0.00902374 1.50034e-05 
0.167339 0.0640922 0.112079 3.83096e-05 0.050496 7.96419e-05 0.000524647 0.00278052 0.0231231 0.105365 0.00933168 0.028014 0.271913 0.018654 0.0759242 0.010788 0.0111807 0.0233171 0.0249597 7.85745e-08 
0.0695882 0.0381177 0.0677288 1.03541e-09 9.5503e-05 1.88206e-07 0.00473568 0.0855635 0.0290752 0.265417 0.0422523 0.0199759 0.28473 0.00212322 0.0256131 0.0156757 1.95593e-05 0.00272189 0.0465516 1.45391e-05 
0.00763985 0.0114169 0.0920654 6.55971e-08 0.00765716 2.43158e-05 0.0528039 2.64761e-05 0.0027924 0.0664708 0.00325707 0.0326233 0.645059 0.00116871 0.0509693 0.0127235 0.000133072 0.00473322 0.00843528 4.78161e-10 
0.00173728 0.00280335 0.046627 1.2173e-06 0.00350715 3.58797e-06 0.0121873 0.000496429 0.00504145 0.0183384 0.000175572 0.00310525 0.572321 1.38982e-05 0.0310857 0.000950133 3.17014e-05 0.256494 0.0450792 4.08928e-07 
0.00732105 0.0887074 0.138819 2.53897e-07 0.0116156 7.46168e-11 0.000194939 0.000665469 0.0107993 0.062675 1.08422e-06 0.152279 0.221304 0.000571676 0.143684 0.021805 0.000356427 0.0213213 0.11788 1.04494e-10 
0.00121063 0.00642687 0.0579342 1.53714e-11 4.15816e-08 5.2772e-07 3.9651e-07 0.122847 6.59082e-07 0.204878 0.19125 1.08843e-06 0.31595 2.20543e-07 0.091723 0.0077753 3.08604e-07 1.35087e-06 5.35357e-07 1.70278e-11 
0.0211913 0.00825582 0.069762 3.10801e-05 0.0298971 8.52114e-06 0.000486984 0.000816204 0.10311 0.0143784 0.00677121 0.0600724 0.625637 0.000600935 0.00898782 0.000453102 0.000238072 0.0188299 0.0304715 2.39917e-07 
0.0592613 0.123752 0.0101137 0.00333231 0.0308736 9.52633e-06 0.00227025 0.000343808 0.00416223 0.116334 0.000485678 0.00435725 0.530797 0.0771422 1.30734e-10 0.00413671 0.00343617 0.0181992 0.0109936 1.37998e-09 
0.000679257 1.33607e-05 0.055082 2.90986e-06 5.10643e-06 0.261477 5.87757e-09 0.00229058 5.47645e-06 0.0341095 0.0264058 6.79516e-10 0.560595 0.0139187 4.20135e-06 0.00220631 0.00523928 0.00119989 0.0367509 1.50143e-05 
0.0558374 0.0217426 0.0851799 2.29475e-05 0.0106161 0.00746419 0.00116456 0.0127668 0.033831 0.232825 0.0752292 0.0221445 0.250089 0.000516586 0.0411519 0.0786359 0.00298614 0.0154719 0.0523236 8.68194e-07 
0.0016736 0.00227337 0.00035774 0.000621398 0.00351715 5.63023e-07 0.000231672 6.21654e-05 0.00438624 0.0363103 7.59148e-05 0.00444707 0.615896 2.27626e-05 0.0434017 0.0217457 6.8913e-06 0.00135664 0.263613 5.55619e-12 
6.11058e-05 1.15361e-08 0.000548232 6.93098e-11 1.61034e-07 0.00195528 1.65869e-05 2.03089e-06 0.000161707 2.32527e-08 0.00318332 0.00205415 0.937635 2.48407e-07 7.27372e-12 2.02222e-08 0.036865 6.90749e-05 0.0174475 7.67787e-11 
0.0171053 0.00275841 0.0389625 1.4444e-07 0.00357713 9.65465e-06 0.00516895 0.00020402 0.000272318 0.0163998 0.00328516 0.00242666 0.836782 0.00309037 0.0406245 0.000917679 0.000128298 0.00382641 0.0244605 1.60005e-07 
0.00846863 0.00166853 0.0715687 6.15871e-08 0.0906464 0.000394655 0.000314914 0.007327 0.00432527 0.101999 0.0605073 0.00404926 0.59221 0.00240387 0.0108983 0.0161374 0.000313527 0.00508406 0.0216828 6.82238e-08 
0.103618 0.00106417 0.332718 0.000131866 0.00101381 0.000674907 0.00246143 0.0100145 0.0573499 0.0248906 0.0392539 0.0180228 0.346124 0.00158475 0.00098206 0.000681426 0.00185973 0.0169565 0.0405719 2.60187e-05 
0.00119214 0.00322624 0.00978137 1.3715e-05 0.00527177 0.001157 0.00096145 0.00122031 0.126773 0.0176063 0.000742185 0.0244833 0.434003 0.000406978 0.0129437 0.0128357 0.010976 0.0842472 0.252155 3.73393e-06 
0.00512263 0.0100567 0.035218 0.000260055 6.76462e-08 2.46094e-05 0.0100852 0.0468535 0.000960351 0.0331952 0.0342111 0.0266496 0.388542 1.53966e-05 0.234782 0.13746 0.000354931 0.015816 0.0203916 1.3424e-09 
0.00990837 0.00727737 0.0636003 1.90926e-05 0.0184601 0.000654346 0.0211738 0.0108253 0.00837906 0.138269 0.00139053 0.0613958 0.509495 0.00181198 0.0207818 0.00138016 3.66966e-05 0.0228423 0.0963478 0.00595112 
0.00682677 0.0321699 0.153828 3.34861e-05 0.00206724 0.000205458 0.00898432 0.0162186 0.0210429 0.210634 0.0106054 0.0174332 0.326016 0.00356877 0.0753448 0.00509911 0.000402377 0.0433424 0.0661757 2.38747e-06 
0.0150036 0.00424958 0.149155 1.23873e-10 0.00244328 7.84898e-08 0.114946 0.0129275 0.00566026 0.171096 0.0104002 0.0831606 0.236141 0.0367099 0.0959225 0.000419754 0.000547577 0.0169731 0.0442433 2.02582e-08 
0.222365 0.010773 0.0200332 8.59694e-06 0.00933167 5.93161e-05 0.00184671 0.000252415 0.00821205 0.0304975 0.00286894 0.0908278 0.399008 0.000402868 0.039519 0.000834014 2.14782e-05 0.052273 0.110223 0.000641687 
0.0427195 0.00780911 0.014055 2.46571e-07 0.00775808 6.89852e-09 0.000221997 0.0196007 1.76679e-07 0.0362676 0.0137914 0.100848 0.688536 1.93094e-08 0.0443276 0.00277985 1.09701e-05 0.00864191 0.012632 5.27339e-10 
0.0225678 0.0281645 0.0271046 0.00277217 0.00592981 3.09214e-05 0.00269782 0.00106193 0.0243723 0.151836 0.00209885 0.0519164 0.536799 0.00608049 0.029595 0.000112659 7.47078e-06 0.0911048 0.0154973 0.000249621 
9.37182e-08 0.0241938 0.0573248 4.18255e-07 0.00306494 0.0428237 0.000451626 0.0454986 0.000742707 0.0586343 0.00127571 0.0220139 0.402713 0.000852932 0.00478679 0.0248099 0.000397574 0.0324233 0.277991 1.27957e-06 
0.00238628 0.0362572 0.0535292 0.000112718 0.005154 1.02823e-05 0.000288991 0.00432907 0.0298253 0.153146 0.00064044 0.0356643 0.393862 0.000644454 0.0980532 0.0594246 4.95548e-05 0.0282609 0.098261 0.000100413 
2.39593e-10 6.0138e-09 0.0670089 3.78905e-07 0.000799763 0.00311872 4.92927e-05 2.4854e-05 0.0748909 0.023691 0.000306733 2.22287e-07 0.474077 5.25726e-07 0.00184763 0.00174961 0.000205165 0.149462 0.202767 2.0946e-09 
0.00709374 8.10258e-05 0.0116001 1.39047e-07 0.0334232 3.29882e-05 0.000124979 8.95596e-06 0.000183994 0.0428673 0.000479517 0.210234 0.581894 7.41612e-08 0.0110806 0.0005717 0.000105396 0.00010056 0.100117 1.54031e-07 
0.00822499 0.000308673 0.000583387 8.9877e-05 1.83041e-05 2.745e-08 0.000544187 1.16053e-05 0.000516793 0.0154459 4.1426e-08 9.50436e-05 0.901071 7.6989e-05 3.72165e-08 0.0119312 9.72419e-05 1.50506e-06 0.060983 1.2078e-11 
0.0369179 0.00807621 0.138112 1.72996e-05 0.018652 0.000134329 0.0120186 0.0326822 0.0282237 0.0835326 0.00299736 0.248673 0.257165 0.00284927 0.00936967 0.00899148 0.00315705 0.0558494 0.0525804 6.34527e-09 
0.0137439 0.00719165 0.00971411 7.83109e-05 0.000122149 0.000258657 0.00572322 2.30781e-05 0.0120216 0.0671959 0.000303181 0.00434665 0.640821 0.000994501 0.0677493 0.0340534 0.00211843 0.0605595 0.0729816 1.43017e-07 
0.042164 0.0325309 0.0613821 0.00145068 0.00617632 0.000226446 0.00132863 0.0157804 0.0133614 0.113231 0.0127607 0.00858303 0.300679 0.00387615 0.13235 0.0132382 0.00069175 0.0588531 0.181277 5.9336e-05 
0.00314052 6.60505e-07 1.03429e-06 1.13196e-07 5.22993e-11 4.02155e-07 1.7429e-06 8.56932e-07 4.12246e-11 0.0266689 1.83836e-10 1.01757e-07 0.970121 1.50557e-10 6.42109e-05 7.97992e-11 5.4598e-11 1.82895e-11 5.08473e-07 3.12704e-10 
3.11472e-11 0.00568291 0.108145 2.4581e-10 2.45969e-07 1.05018e-06 1.50251e-10 4.67514e-07 0.00184604 0.0359035 0.00713396 1.73708e-11 0.829495 5.25723e-08 0.00145041 0.00340338 0.000494761 1.59262e-11 0.00644249 2.72299e-10 
6.11058e-05 1.15361e-08 0.000548232 6.93098e-11 1.61034e-07 0.00195528 1.65869e-05 2.03089e-06 0.000161707 2.32527e-08 0.00318332 0.00205415 0.937635 2.48407e-07 7.27372e-12 2.02222e-08 0.036865 6.90749e-05 0.0174475 7.67787e-11 
0.00146603 0.004603 0.00250368 6.14014e-07 6.12358e-05 0.00118038 0.00493258 0.000488968 2.96479e-05 0.0500052 0.00134175 0.00159174 0.798191 0.126751 3.14166e-05 0.00047004 0.00393205 9.21935e-06 0.00241046 7.13964e-09 
0.0491507 0.0120673 0.0450234 1.55501e-05 0.0134947 1.76491e-05 0.00506172 2.08077e-05 0.0418812 0.0809656 0.000472632 0.0748214 0.588136 0.000354426 0.0492117 0.00199956 0.000310367 0.00741936 0.0294392 0.000136555 
0.150827 4.31191e-05 0.0039706 8.63777e-05 0.149087 5.25469e-07 4.06046e-07 4.14556e-05 0.00562674 0.0278163 0.000115964 5.87708e-05 0.591887 0.00045674 6.97136e-08 3.47894e-05 3.75766e-05 0.0697887 0.000120136 7.35872e-07 
0.0136444 0.168176 0.117639 1.96955e-06 0.00943943 0.000624881 0.0319714 0.00699227 0.0023898 0.0283166 0.0128867 0.0406514 0.431722 0.00686155 0.028318 0.00177461 0.000104745 0.0063181 0.0921668 5.00872e-09 
0.0971417 0.0397877 0.100506 3.19688e-05 0.00990698 9.39422e-07 0.000157969 0.00478952 0.0131053 0.0898971 0.0084578 0.0722226 0.339119 0.000500519 0.031014 0.124005 6.91255e-07 0.0492063 0.0201495 4.00911e-08 
1.54507e-08 2.76973e-08 0.000362104 1.21935e-07 2.2591e-08 0.00252719 3.73411e-05 1.48652e-08 0.000316987 0.000123364 7.94093e-08 8.61687e-09 0.996256 6.50344e-08 0.000252104 0.000124126 2.3584e-08 7.90027e-09 9.34594e-09 1.35075e-07 
0.0231707 0.0355391 0.0134782 0.0159556 0.00179904 0.0128731 0.000299959 0.00208164 0.00270303 0.0368381 0.0144849 0.0423665 0.632297 0.0144984 0.00963953 0.000600761 0.00502398 0.0901474 0.0462029 1.26424e-07 
0.0331499 0.220226 0.0552021 6.17145e-06 0.00475933 0.000108785 9.52836e-05 0.0238439 0.0108721 0.12445 0.000857639 0.0544117 0.279021 0.00926735 0.0184676 0.0242609 0.0004297 0.114972 0.0254392 0.000158278 
0.000321477 1.75066e-05 0.0410488 1.97021e-07 3.65022e-08 7.16919e-05 1.20429e-07 2.4019e-08 2.87727e-08 0.00432324 0.000298809 4.34743e-05 0.953526 1.05082e-07 2.06763e-08 5.56958e-08 3.81066e-08 8.87396e-05 0.000238161 2.15079e-05 
0.000678524 0.00126954 0.000117178 5.32284e-08 0.00040631 4.21051e-08 8.78794e-05 1.29847e-05 7.77342e-09 0.000359437 3.46646e-08 0.00105812 0.994693 2.83895e-08 5.58605e-09 1.50471e-08 1.02951e-08 0.000565592 0.000750683 5.89643e-08 
0.00362581 0.00207582 0.102731 8.20149e-06 0.000740375 6.15544e-06 8.16736e-07 0.000252333 2.39354e-06 0.0632339 0.00239022 5.60281e-05 0.765545 0.00016795 0.0239251 5.4048e-06 1.70812e-06 0.00381597 0.0314153 9.45035e-07 
0.0427195 0.00780911 0.014055 2.46571e-07 0.00775808 6.89852e-09 0.000221997 0.0196007 1.76679e-07 0.0362676 0.0137914 0.100848 0.688536 1.93094e-08 0.0443276 0.00277985 1.09701e-05 0.00864191 0.012632 5.27339e-10 
0.0252374 0.0134676 0.0384385 4.79349e-06 0.0103479 0.000154054 5.84281e-05 0.000722469 0.0185355 0.0355218 0.000289851 0.105089 0.413765 0.000916038 0.0273482 0.00141499 0.000179068 0.125552 0.182955 3.00893e-06 
0.0143278 0.000800625 0.00165635 0.0134202 0.00135001 1.69921e-12 0.000207571 3.66765e-05 0.0496679 0.0235082 9.47698e-08 0.000218204 0.710267 0.00235254 1.38499e-07 0.0261652 0.0122402 0.00139968 0.142381 1.00018e-10 
0.00322208 0.00663754 0.0111771 1.05911e-05 0.000530665 1.1608e-08 0.000281188 0.0168749 0.0049636 0.202909 9.20759e-05 0.0194032 0.528578 0.000296891 0.0496732 0.0632481 3.51465e-05 0.0800203 0.0057129 0.00633321 
0.00699756 0.000671882 0.0597494 0.00013992 0.00144993 0.00186909 0.000364156 9.66649e-06 0.141136 0.00946378 0.0216993 0.0207454 0.509832 0.000513679 0.00904995 2.77956e-06 0.00401163 0.0979063 0.114369 1.80479e-05 
8.56991e-09 0.000127525 0.000194849 6.76326e-08 1.25304e-08 4.2853e-05 4.13405e-08 8.24516e-09 5.23579e-05 3.7363e-05 0.000546204 1.09975e-05 0.998724 3.6072e-08 9.58261e-05 7.07597e-05 9.68132e-05 4.38197e-09 5.18382e-09 7.49208e-08 
0.0568918 0.0118842 0.00269604 0.000280786 0.00600962 2.98081e-06 0.00172818 0.022794 0.0022355 0.0628457 1.72347e-05 0.254587 0.328886 1.39576e-05 0.0254736 0.0730625 9.65526e-06 0.0555487 0.0950269 6.01763e-06 
0.00455189 0.00176875 0.290443 1.22813e-05 0.00292169 1.32485e-05 2.767e-05 0.000288573 0.0773305 0.0169129 0.000184162 0.129157 0.311136 0.0342081 0.0472543 0.00624653 0.00111346 0.024122 0.0523058 2.05755e-06 
0.00197446 0.00290503 0.0310909 6.66275e-11 3.58551e-07 0.000108513 6.75757e-05 5.38883e-08 1.98467e-06 0.145111 0.00789726 0.00345257 0.783361 0.000547791 0.0138122 0.00773338 0.00103356 0.000900926 1.34718e-06 7.38074e-11 
0.000262179 1.98983e-07 0.00370065 0.000171941 0.00248018 6.92943e-07 0.00115938 9.1156e-05 0.00177879 0.00025678 0.045421 0.00196099 0.935205 4.67219e-07 9.19323e-08 2.47638e-07 0.00114467 0.00321607 0.00314847 9.70404e-07 
0.0387138 0.00394635 0.0278424 2.59586e-05 0.000287076 1.11084e-06 0.0475149 0.00377874 0.0372836 0.0447869 0.000748833 0.0137855 0.379823 0.00387834 0.286479 0.00515782 0.000924643 0.0121676 0.0928544 7.44464e-11 
0.0751815 0.0187327 0.0352875 2.99323e-06 0.0282441 0.00228965 0.0126814 0.00400032 0.0115005 0.0740501 0.000900534 0.055403 0.290971 0.000825838 0.0474319 0.00106485 0.000153696 0.0628248 0.278417 3.65286e-05 
0.116023 0.0273982 0.0380248 0.0144623 0.00751919 0.000155007 0.0072876 1.91026e-05 0.0118867 0.0655406 0.0130329 0.0607246 0.512276 4.44519e-05 0.0134443 0.00235541 7.29529e-05 0.0878107 0.0218899 3.18348e-05 
0.0172571 0.0029571 0.0932499 5.59729e-05 0.000307552 5.35909e-05 0.00734138 0.00627877 0.0147756 0.0898189 0.0516692 0.036089 0.519793 0.000252553 0.0120032 0.000743155 0.00070085 0.0636943 0.0829492 9.54898e-06 
0.0295811 0.0306719 0.095033 2.34085e-05 0.000602574 0.00399953 0.00395131 0.000421796 0.0069452 0.230264 0.000839833 0.064531 0.405349 0.0115114 0.0222814 0.00666006 0.00163768 0.0271004 0.058596 2.6244e-09 
0.000425897 0.000220443 0.00403437 1.60223e-07 4.25939e-05 3.68903e-05 0.000196981 8.90879e-05 0.00014794 0.00146182 3.50069e-07 0.00471624 0.984762 2.50865e-05 0.00232355 0.000301611 3.35936e-05 0.00103868 0.000142235 1.65819e-10 
0.00126309 0.00659179 0.235715 9.10045e-07 0.000458091 0.00379121 0.000998631 0.000248118 0.00107504 0.0407919 0.000722103 0.0973495 0.278979 1.34337e-06 0.126284 0.00213126 0.000219028 0.120981 0.0823971 2.47568e-06 
0.0115942 0.0328599 0.146334 0.000838259 0.011444 0.000599976 0.000156178 0.0510792 0.00411734 0.0906575 0.0170073 0.0325491 0.486764 0.000248709 0.00789089 0.0014575 0.000558467 0.0201033 0.0837399 1.22278e-07 
0.00195497 0.00118898 0.0014426 1.17643e-08 0.000217972 2.31456e-05 0.0054676 0.0152912 0.00326521 0.0530173 0.00352596 0.000313688 0.903461 0.00419674 0.000793631 0.0010591 0.00328891 0.000212609 0.001279 1.15182e-10 
0.00157347 0.00219079 0.0467855 3.36315e-08 0.00278234 0.000579154 0.000205325 0.00303817 0.000399502 0.132961 0.0153348 0.0279805 0.517449 0.00140143 0.0112473 3.22328e-05 5.08009e-05 0.158962 0.0770261 3.72556e-08 
5.83272e-06 1.9605e-05 0.00953836 9.37437e-08 1.7368e-08 0.00016513 5.73009e-08 1.14284e-08 1.36902e-08 0.104002 1.37185e-05 6.62465e-09 0.867695 1.088e-05 1.85249e-05 2.85394e-05 1.81314e-08 2.16283e-06 0.0185002 1.03846e-07 
0.206644 0.0417836 0.0930958 0.000129285 0.0067493 9.15248e-05 0.000632707 0.00592699 0.00295969 0.114909 0.000342469 0.0855488 0.271885 4.34352e-07 0.142162 0.00239778 0.000292025 0.0120007 0.0124482 6.35038e-07 
0.00215513 0.00232249 0.0191236 5.39789e-09 9.01873e-08 0.306357 0.000199428 5.00711e-08 0.00231874 0.00773983 0.000105614 1.59077e-05 0.590227 0.000126126 0.0172401 0.00117006 0.0134788 0.00463963 0.0327328 4.78838e-05 
0.0329045 0.00138961 0.0302366 1.24014e-05 0.0174619 0.000191303 0.00109704 0.00531954 0.00100538 0.0927114 0.00126007 0.009368 0.678948 0.000841734 0.00306131 0.00483792 8.18937e-05 0.0202942 0.098936 4.12316e-05 
0.00199878 0.00362206 0.0808346 2.27932e-10 8.87103e-08 1.12554e-06 8.4569e-07 5.83452e-06 1.40554e-06 0.148259 0.16263 0.0226932 0.513136 0.000273183 0.0449012 0.00335799 6.58146e-07 0.00273505 0.0155483 1.74587e-07 
0.021785 0.0141886 0.0389585 0.00103686 0.00192916 1.73978e-05 0.109564 0.00307744 0.0164215 0.0710046 0.000415905 0.0122913 0.425645 0.000446694 0.093188 0.0102593 0.00481049 0.149931 0.0250279 1.75215e-06 
0.0190278 0.114637 0.146854 3.39141e-05 0.0084522 0.000407103 0.00139749 1.55852e-05 0.00214603 0.0685918 0.00117118 0.06993 0.413312 9.78095e-05 0.00762388 5.79951e-05 0.000105375 0.0139473 0.12299 0.00920053 
0.0016736 0.00227337 0.00035774 0.000621398 0.00351715 5.63023e-07 0.000231672 6.21654e-05 0.00438624 0.0363103 7.59148e-05 0.00444707 0.615896 2.27626e-05 0.0434017 0.0217457 6.8913e-06 0.00135664 0.263613 5.55619e-12 
0.0223228 0.0468073 0.171259 0.000109134 0.00581188 0.00048823 0.0461783 0.0527467 0.0241169 0.179365 0.0109757 0.0140253 0.348147 0.000434245 0.0139196 0.00195103 0.000976593 0.0235311 0.0368342 1.23688e-10 
6.34312e-10 0.00248361 0.0447028 0.00093186 0.000614957 8.10615e-07 3.32696e-06 1.8986e-06 0.0400208 0.0225633 3.26006e-09 0.0262203 0.727137 2.66991e-09 0.00728925 0.00879704 2.52197e-06 0.0418107 0.0774129 7.42548e-06 
0.00801181 0.00474338 0.0432004 1.72788e-05 0.00112634 0.000390212 0.000156892 0.000128189 0.00103494 0.0945972 0.00251463 0.0114977 0.513533 0.00113032 0.0432933 0.00143781 0.000111076 0.190781 0.0822954 1.77651e-08 
0.153869 0.00951283 0.101578 0.00554804 0.0064389 2.22353e-06 0.00743803 0.0277098 7.39885e-05 0.109422 0.00105701 0.021495 0.363624 6.18701e-05 1.07069e-05 0.0147883 0.00597557 0.165942 0.00545336 3.67952e-08 
0.014443 0.0201041 0.0386006 6.75562e-06 0.00287337 0.00010125 0.000365967 0.00717354 0.0955405 0.0828463 0.00484506 0.108713 0.490137 0.000273995 0.0681469 0.00318295 3.61643e-06 0.029368 0.0332735 1.64898e-07 
0.0186801 0.0214109 0.0742804 3.86815e-11 0.00819016 1.83895e-08 0.000760768 0.000224353 5.64901e-12 0.016558 2.82165e-07 0.142104 0.670039 5.36609e-08 0.00689768 0.000862886 1.01757e-07 0.000525277 0.0394654 4.28499e-11 
0.0510463 0.0419042 0.0257714 6.02048e-06 0.0045533 2.60652e-05 0.0014412 0.000706652 0.00038408 0.0328667 9.54433e-05 0.045125 0.739487 0.000135444 0.0101971 0.00553367 0.0011273 0.00133465 0.0382422 1.61185e-05 
0.065941 0.000995613 0.0715396 4.4992e-10 1.08637e-06 1.58536e-07 2.57573e-07 0.00196436 0.00485473 0.0153967 0.0126144 0.0153413 0.769742 1.92817e-07 0.00539673 0.00130198 5.71643e-07 0.00264296 0.0322657 5.79263e-07 
0.0865369 0.0208727 0.0512201 2.83506e-08 0.00131827 3.45505e-09 0.00110139 7.23095e-05 1.60582e-07 0.0164023 0.000800558 0.247304 0.531161 0.000506118 0.0177232 0.00192854 0.00022179 0.00268033 0.0201508 8.05071e-12 
0.0025848 0.000715939 0.0738903 1.58669e-06 0.00478601 0.0212587 3.0801e-07 6.65499e-05 0.016557 0.0267662 6.62187e-05 0.00070243 0.641446 1.69136e-05 0.00663267 0.00115702 0.000261958 0.179819 0.0232701 3.75395e-07 
0.0900455 0.148426 0.0148101 1.68146e-09 0.037235 1.33008e-09 2.77608e-06 4.10183e-07 2.3085e-06 0.0511063 1.09504e-09 0.143764 0.462396 8.96813e-10 1.76461e-10 4.75334e-10 3.25219e-10 1.78668e-05 0.052194 1.86266e-09 
0.00606681 0.0172992 0.0972125 1.70956e-06 0.000460608 7.6906e-07 0.000244826 0.000903583 0.000884116 0.0233105 0.00159214 0.0341825 0.440741 2.13687e-05 0.0519501 0.00223941 3.638e-06 0.30106 0.0218256 1.33261e-07 
0.186935 0.000365013 0.0296329 2.32952e-07 0.00692422 7.93406e-06 0.00123259 5.66714e-06 0.0161072 0.0181291 0.00231119 0.0861141 0.417353 0.000162268 0.0158662 0.00505647 0.000865902 0.153716 0.0592155 2.58055e-07 
0.0103252 0.000171675 0.127259 5.75096e-05 0.00105259 0.000365374 0.00016593 0.135419 0.000317072 0.000483357 7.05494e-07 0.000584581 0.331466 0.000109672 0.0118878 0.32483 2.09527e-07 0.0544406 0.00106346 1.20004e-06 
