0.0223063 0.00209396 0.0685146 3.28731e-05 0.000893006 0.000269554 0.00133638 0.000842588 0.00117484 0.0486777 0.0549251 0.0564936 0.64855 0.000126918 0.0789589 0.00143081 0.000230969 0.0066894 0.00645278 2.92735e-10 
0.00195497 0.00118898 0.0014426 1.17643e-08 0.000217972 2.31456e-05 0.0054676 0.0152912 0.00326521 0.0530173 0.00352596 0.000313688 0.903461 0.00419674 0.000793631 0.0010591 0.00328891 0.000212609 0.001279 1.15182e-10 
0.0270197 0.00618641 0.0233923 7.70847e-07 0.00633719 0.000306191 0.029935 0.0114142 0.117034 0.112445 0.000539287 0.0444306 0.469563 0.105184 0.0102952 0.00284996 0.00181034 0.000434253 0.0308227 4.34881e-10 
0.0149753 0.0237155 0.0125915 1.13298e-06 0.00148217 0.000468996 0.000408827 0.0394691 0.0115988 0.0178485 0.000152666 0.00432662 0.682171 2.58421e-06 0.0448858 0.00209096 1.21261e-06 0.132599 0.0112108 4.23377e-08 
1.08216e-07 4.03592e-07 0.0090199 1.37724e-10 2.55162e-11 2.61573e-07 2.44217e-07 1.42732e-07 2.0113e-11 0.000801418 0.0168313 1.24587e-07 0.970558 4.11423e-07 0.00203907 3.34865e-07 0.00074827 1.69631e-08 1.05561e-11 1.52565e-10 
0.104903 0.000837026 0.0051769 1.67794e-05 0.00464171 1.14185e-05 0.104158 0.00031265 5.53088e-06 0.0649832 0.00104278 0.0965808 0.529398 1.66897e-05 0.0252055 0.00060075 0.000287439 0.0117823 0.050023 1.70062e-05 
0.0838872 0.0104226 0.00393508 0.000252422 0.00134171 5.7121e-06 0.000832482 4.87668e-05 0.0203854 0.0520924 0.000579076 0.0204664 0.715516 0.00012493 0.0314121 0.000344731 0.00610497 0.0496724 0.00256174 1.41152e-05 
4.1814e-05 0.0118179 0.0172402 5.77042e-10 2.94333e-07 3.73471e-06 2.80613e-06 0.00352478 4.66397e-06 0.0355382 0.18857 0.00210787 0.71422 0.000189097 0.0257564 0.000714671 0.000253832 9.55929e-06 3.78842e-06 6.39225e-10 
0.00876329 0.00258475 0.00913273 1.63033e-07 0.00477956 1.28963e-07 9.96539e-08 0.00303139 0.00343406 0.137741 0.0034826 2.0697e-05 0.802614 9.38657e-05 0.0146311 0.00205991 1.04469e-05 0.000111353 0.00750807 1.80601e-07 
0.00169098 0.00233349 0.0995656 3.69669e-05 5.93297e-05 0.000176676 0.00120765 0.0579039 0.00109234 0.219865 0.150584 0.0251978 0.338994 3.32002e-05 0.0545158 0.000691975 2.24227e-05 0.0109738 0.0350557 4.55892e-08 
0.0674029 0.0204056 0.121977 1.24191e-05 0.00618186 1.62171e-06 0.0059953 0.00170534 0.00103932 0.0273995 0.0336684 0.233194 0.31906 0.000293055 0.0658121 0.00266338 0.000575066 0.039362 0.0471264 0.00612502 
0.0332911 0.0020344 0.140884 1.11658e-06 0.00653372 0.013716 4.93572e-05 0.000838356 0.0010124 0.0323189 8.35724e-05 0.0534472 0.649604 5.91467e-05 0.0208248 0.000531251 6.34836e-05 0.0239619 0.0207444 2.33044e-07 
0.0427195 0.00780911 0.014055 2.46571e-07 0.00775808 6.89852e-09 0.000221997 0.0196007 1.76679e-07 0.0362676 0.0137914 0.100848 0.688536 1.93094e-08 0.0443276 0.00277985 1.09701e-05 0.00864191 0.012632 5.27339e-10 
0.0135713 0.000394759 0.0759167 5.32103e-05 0.00449966 0.000109818 3.14643e-05 7.99433e-05 0.0370523 0.0233985 0.000932189 0.0101865 0.50507 0.00255683 0.0573513 0.003779 0.0212986 0.0963202 0.147398 3.35023e-09 
0.070896 0.00154683 0.0298428 3.41997e-05 0.0208006 0.000174346 0.0146943 0.0483147 0.0557269 0.0398007 0.013871 0.0375926 0.533604 0.0019906 0.0407122 0.00148862 0.00125811 0.00678688 0.0808647 1.10963e-07 
0.0609458 0.00214473 0.030334 0.00216653 0.127872 3.67366e-05 0.0225216 0.0462835 0.00799046 0.0325598 0.000715824 0.0964529 0.397201 0.00190248 0.0273161 0.00356251 0.00748024 0.0917627 0.0407513 2.20038e-07 
0.0191831 0.00200833 0.0508386 0.00295405 0.000353245 0.00618322 0.015046 0.0097048 0.000208745 0.0571694 0.00751989 0.0265821 0.77752 0.000172742 0.00212875 0.000600037 7.48545e-05 0.0144322 0.00731979 3.72374e-07 
0.00290577 0.00232446 0.00766615 5.47534e-07 4.32053e-07 3.15389e-08 8.25856e-05 9.15268e-06 1.93632e-07 0.00539967 4.78052e-07 0.0101922 0.966474 9.11231e-08 0.000278317 0.00406886 6.12635e-06 0.000418541 0.000168647 4.17503e-06 
0.00294415 0.0273676 0.0491455 1.40289e-07 0.0010256 9.23757e-05 0.00105112 0.00653787 0.00829003 0.212294 0.106612 0.00255393 0.368849 0.00628311 0.0442919 0.0439468 0.00304615 0.0347891 0.0808795 1.90515e-09 
0.0581149 0.0644073 2.27029e-05 1.2254e-05 1.75632e-05 1.79021e-06 0.0178679 0.000306266 0.000635243 0.0107663 3.25344e-05 2.60309e-05 0.787512 8.6465e-05 3.48122e-10 0.0287239 0.0236784 2.14923e-10 0.00773765 5.1172e-05 
0.0385587 0.0210079 0.0706997 3.02599e-06 0.000455005 9.71543e-10 0.000269644 2.52453e-07 0.0065382 0.0613296 0.00026245 0.0467068 0.574873 0.00101942 0.00502385 0.00379877 7.01154e-05 0.0533244 0.116058 7.10903e-07 
0.225249 0.000775314 0.00923246 0.000117999 0.00329116 0.00651829 0.0229098 0.00176127 0.0180614 0.0198979 0.0164909 0.0711609 0.310571 0.000674795 0.11658 0.000478254 0.000116837 0.0318495 0.144263 2.54884e-08 
0.0281412 0.00854317 0.0220411 0.00105374 0.00208229 1.27511e-05 0.00470058 0.00112259 0.00927202 0.140736 0.000292247 0.0464034 0.632931 0.0115839 0.024255 0.000213697 1.39133e-05 0.0482347 0.0179075 0.00045904 
0.00132517 0.000139218 0.00339296 3.95685e-06 4.64088e-05 0.00031269 0.000998418 0.00608452 0.00093875 0.188495 0.0175531 0.00569089 0.7466 0.000167451 0.0137313 0.000797412 0.000310217 0.000270669 0.0131375 4.38325e-06 
0.0406335 0.000735841 0.00281516 0.293515 0.00244637 3.01289e-11 7.95008e-05 7.39272e-05 0.0193106 0.00435028 6.3023e-07 0.000436793 0.448166 0.00109733 9.21012e-07 0.00176628 0.00473568 0.00224361 0.177593 6.91483e-10 
0.10007 1.96084e-06 3.04919e-06 2.42114e-09 1.33517e-06 2.96999e-06 0.0825155 2.95163e-10 4.97586e-06 0.00368079 1.80982e-06 0.0474959 0.671161 2.66426e-06 1.16582e-06 1.0826e-06 4.68282e-10 0.0156693 0.0793873 2.68204e-09 
7.13974e-06 6.45127e-06 0.0462906 2.45956e-08 5.49019e-05 5.03182e-06 1.50341e-08 7.7549e-07 9.98162e-06 0.0840673 1.34723e-05 0.016004 0.748178 1.31181e-08 0.0662053 6.60505e-05 4.75715e-09 0.00820334 0.0308875 2.72461e-08 
0.000582603 9.33062e-07 0.155477 6.85171e-08 5.6149e-08 0.000927092 5.3542e-07 3.69444e-06 0.0189574 0.150365 3.14903e-05 0.0586443 0.2528 2.97807e-07 0.218865 0.00214479 4.16718e-07 0.110909 0.0302905 2.29932e-11 
0.209949 0.0428276 0.0282195 8.30216e-10 0.00740868 6.56722e-10 0.0689726 0.000153342 0.0171232 0.0262615 0.00140916 0.0627865 0.345651 0.00336928 0.019725 0.00012608 0.0014558 0.00182491 0.162737 9.19681e-10 
1.84731e-06 0.000301479 0.0155105 8.2291e-09 7.57245e-07 2.59539e-05 2.1078e-05 4.0999e-07 0.00103404 0.00702673 0.000450049 0.000326508 0.970959 0.000291883 0.00218658 0.000738387 0.000233892 1.93151e-06 0.000888876 9.11587e-09 
0.0343131 0.085762 0.0387731 7.1402e-07 0.0106281 6.22135e-08 0.000483341 0.00164758 0.0153963 0.20063 0.000260965 0.0635047 0.445252 5.88514e-05 0.0211802 0.00434302 1.36227e-05 0.0475345 0.0301411 7.7052e-05 
0.0178139 0.00349859 0.0147565 0.00605714 0.000717824 2.86836e-05 0.000190007 0.00305898 0.0287761 0.0347554 0.0257269 0.00831474 0.692579 0.00648358 0.0152996 0.0191122 0.0240873 0.0120513 0.0866919 1.12956e-10 
0.0539197 0.00482707 0.0587853 8.41594e-06 0.0130427 0.000605316 0.00604783 0.0105829 0.011965 0.105813 0.0387121 0.099377 0.36703 0.00116832 0.0919543 0.00166671 0.00131453 0.0233581 0.109798 2.35657e-05 
0.00090954 0.0179434 0.0476542 2.79306e-07 3.86423e-07 3.86349e-07 0.0128434 0.00239334 0.0139779 0.112401 2.45382e-06 0.000401015 0.660417 0.000678284 0.00262398 0.00254319 9.27573e-05 0.00443547 0.120681 5.49875e-10 
0.000425897 0.000220443 0.00403437 1.60223e-07 4.25939e-05 3.68903e-05 0.000196981 8.90879e-05 0.00014794 0.00146182 3.50069e-07 0.00471624 0.984762 2.50865e-05 0.00232355 0.000301611 3.35936e-05 0.00103868 0.000142235 1.65819e-10 
0.000711114 0.00036923 0.00571584 9.34164e-09 5.83461e-05 0.0246341 1.52427e-05 3.98229e-06 0.000317951 0.00416429 0.00888546 0.000879669 0.887546 0.00843244 0.00405435 7.16368e-05 0.0119103 0.00559812 0.0364642 0.000167806 
0.0038205 0.0225704 0.125594 2.18182e-11 0.00152095 2.35635e-06 0.0574841 0.0113296 0.0781333 0.0478862 0.0043808 0.094705 0.169736 2.96587e-05 0.106525 0.00305647 0.000112694 0.118558 0.154555 2.41694e-11 
0.0151687 0.00905834 0.0239028 3.5557e-07 0.0164516 0.000236663 3.4713e-06 8.82863e-07 0.0235972 0.0352626 2.47355e-06 0.0149205 0.779354 0.000466993 0.00403469 0.000346268 3.12035e-05 0.0415783 0.0355759 7.12598e-06 
0.00441237 0.0365128 0.104293 8.98148e-08 0.000738001 0.00353031 0.0390267 4.83261e-06 0.0136492 0.156241 6.30082e-07 0.0439341 0.334779 0.00166817 2.49069e-05 0.00179522 0.00109384 0.0806632 0.177627 5.93315e-06 
0.0443778 0.00521654 0.154693 4.18067e-05 0.00558193 1.83678e-05 0.0351352 0.0289729 0.025423 0.0939073 0.00401891 0.093939 0.317224 0.000532698 0.0401624 0.00257027 0.000527135 0.045035 0.102623 2.47256e-11 
0.0220649 0.0187212 0.10653 0.000232148 0.00961968 0.00377948 0.0168886 0.000628071 0.0251236 0.0731897 0.00281087 0.0518494 0.614174 0.000387724 0.00274582 0.00110383 0.000231533 0.0417447 0.00771305 0.00046164 
0.0219948 1.37162e-05 0.0138984 3.07154e-06 0.0450684 1.76245e-05 0.0572815 0.000226088 0.0345418 0.00865116 0.000335872 0.322676 0.422637 0.00112404 6.239e-05 0.0244381 0.00337272 4.26604e-05 0.0436116 3.40254e-06 
0.000609338 0.000184319 0.230428 3.75365e-05 6.04204e-05 0.000295683 0.00817044 0.00245388 0.00292044 0.137513 0.0396624 0.00920059 0.552008 1.37532e-06 0.00129723 0.00393559 0.000270781 0.000392614 0.0105574 1.86466e-07 
0.142895 0.00323009 0.103929 9.67772e-08 0.0078852 1.97447e-05 0.0189995 1.78439e-05 0.00260054 0.0204034 0.00920759 0.0996866 0.527901 0.0223325 0.0112646 0.000373007 0.00113176 0.0119929 0.0114599 0.00467055 
0.157481 0.153701 0.025208 2.94098e-07 0.000720296 0.000554975 0.00928257 0.000236717 0.00291169 0.0420646 0.000512362 0.0961455 0.39791 0.000290146 0.00726347 0.00137041 2.12218e-05 0.0124003 0.0919243 1.09727e-06 
0.142876 0.000848923 0.0380319 1.72441e-06 0.0111072 0.0754046 0.00143095 0.0528562 0.00254573 0.0398573 0.000495808 0.0278538 0.354525 0.00683467 0.0763075 0.000437506 0.00382858 0.0592128 0.0659691 0.0395739 
0.0318581 0.0127671 0.043201 4.50336e-07 0.00245233 1.60693e-05 0.00962436 0.0102443 0.0276325 0.0635538 0.00384254 0.0049634 0.681675 0.00116634 0.0379718 0.00258833 0.00395957 0.00536019 0.0571233 1.26264e-10 
0.0336734 0.00173827 6.35102e-06 6.27476e-06 2.38236e-06 0.0117713 7.17782e-06 2.16622e-06 3.73307e-09 9.19933e-06 0.0020192 0.0438091 0.906619 1.36337e-08 1.06954e-06 7.22618e-09 1.01938e-06 3.05282e-06 0.000331384 2.83168e-08 
0.0824374 0.00218012 0.0105629 0.0130706 0.102063 0.00127209 0.00415059 0.00600589 0.0433974 0.0631948 0.000553484 0.0760174 0.34642 0.0011827 0.0251352 0.00173458 0.000297858 0.0119371 0.208387 1.82531e-08 
0.0250081 0.00854179 0.0366255 8.01045e-05 0.000921475 0.00193094 0.000417103 0.0283705 0.0171125 0.153419 0.000776679 0.0266815 0.543264 0.000384224 0.0935602 0.00387493 2.85153e-05 0.0283935 0.0303857 0.000223913 
0.000385347 0.0039976 0.00186357 1.16897e-05 0.000288485 1.02555e-10 0.000114859 0.00171132 0.00135759 0.0469443 5.51677e-05 0.00369396 0.86037 6.55607e-05 0.026108 0.0146349 3.04076e-05 0.0283987 0.00334419 0.00662385 
6.11058e-05 1.15361e-08 0.000548232 6.93098e-11 1.61034e-07 0.00195528 1.65869e-05 2.03089e-06 0.000161707 2.32527e-08 0.00318332 0.00205415 0.937635 2.48407e-07 7.27372e-12 2.02222e-08 0.036865 6.90749e-05 0.0174475 7.67787e-11 
0.0016736 0.00227337 0.00035774 0.000621398 0.00351715 5.63023e-07 0.000231672 6.21654e-05 0.00438624 0.0363103 7.59148e-05 0.00444707 0.615896 2.27626e-05 0.0434017 0.0217457 6.8913e-06 0.00135664 0.263613 5.55619e-12 
0.00623363 0.00768424 0.00703714 1.15789e-07 0.0013381 1.46264e-05 0.00227281 0.000350783 0.0150753 0.106705 0.00792292 0.00151983 0.757586 0.0441852 0.00312817 0.00670485 0.00357048 0.00694822 0.0217232 9.17804e-10 
0.00537557 0.000801727 0.0832893 0.000141313 0.0276974 0.011964 0.000156657 0.0141926 0.0985416 0.0166886 0.00146856 0.00816147 0.428111 0.00792934 0.0491351 0.00555349 0.00183347 0.0762353 0.162721 2.42176e-06 
0.000678524 0.00126954 0.000117178 5.32284e-08 0.00040631 4.21051e-08 8.78794e-05 1.29847e-05 7.77342e-09 0.000359437 3.46646e-08 0.00105812 0.994693 2.83895e-08 5.58605e-09 1.50471e-08 1.02951e-08 0.000565592 0.000750683 5.89643e-08 
0.0181719 0.0467408 0.0806292 2.69791e-05 0.00013359 1.73504e-07 0.0146318 0.00441583 0.00398359 0.0427909 0.1291 0.0490468 0.450061 0.0289423 0.107279 0.00098698 0.000117451 0.00543468 0.0138436 0.00366275 
0.0900727 0.0272061 0.093191 8.1119e-05 0.0156264 0.00381246 0.000329184 0.00164307 0.0434359 0.05075 0.0167515 0.137804 0.252247 0.000579136 0.0571382 0.0497601 0.0012074 0.0677032 0.0906579 4.03647e-06 
0.0721105 0.00325684 0.181947 0.000990194 0.105653 8.86348e-05 0.00359675 0.0343419 0.0248368 0.0183176 0.00127132 0.0348713 0.229725 0.00143321 0.0088515 3.81518e-07 0.0162463 0.0579705 0.204491 1.29765e-09 
9.7666e-06 0.0415975 0.12965 3.65362e-08 0.00283025 1.17807e-05 2.23328e-08 9.14402e-05 0.00691763 0.186226 8.67637e-05 0.0149876 0.403658 0.000160188 0.0908903 0.000138464 2.93408e-06 0.120953 0.00178814 4.04734e-08 
0.0080083 0.00775795 0.064483 8.71578e-05 0.000684359 0.000567514 0.00811777 0.100706 0.14741 0.109914 0.131044 0.0428556 0.159451 0.00241233 0.105801 0.00585001 0.00344713 0.00512503 0.0962601 1.83839e-05 
2.33574e-09 4.1871e-09 8.85091e-05 1.84334e-08 3.41517e-09 1.02215e-05 3.38135e-05 2.24723e-09 2.69199e-09 4.80622e-06 1.20046e-08 1.30394e-06 0.999844 9.83148e-09 1.93449e-09 5.21093e-09 7.13413e-06 2.50925e-06 7.20696e-06 2.04198e-08 
0.0175464 3.52058e-07 0.147778 0.000364212 0.0562116 1.1897e-09 9.19317e-10 3.02852e-05 5.9411e-07 0.0210516 6.27479e-07 0.0642808 0.530772 6.96223e-08 0.042739 4.25164e-10 2.90894e-10 1.44783e-06 0.119223 1.66607e-09 
0.0300725 0.00610767 0.0545638 0.000150383 0.0073457 0.000342243 0.0196375 0.0344115 0.0954248 0.0259371 0.0186715 0.0605374 0.398014 0.00058109 0.0942315 0.00933889 0.000654979 0.0636648 0.0803107 2.07692e-06 
0.0513042 0.00904464 0.105763 7.14879e-07 0.00663934 4.52164e-05 0.000203221 0.000543732 0.00347453 0.0598807 0.0104374 0.0498843 0.463572 0.00631624 0.0700878 0.000759493 0.00376035 0.0106743 0.147608 1.29805e-06 
0.0367109 0.00546 0.0741887 5.4248e-08 0.0919396 5.26741e-05 3.77559e-05 0.00216416 0.00176836 0.130786 4.15014e-07 0.108208 0.24333 0.000882456 0.0326118 0.0037565 0.00020316 0.0699527 0.197947 1.41969e-10 
0.0692146 0.0269975 0.00915453 0.0116943 0.0183893 1.36576e-05 0.00779331 0.0713379 0.039534 0.202796 0.0331626 0.0195924 0.384217 0.00196702 0.0222953 0.00046576 0.000557614 0.00594443 0.0748723 1.12072e-07 
0.00974921 0.00601412 0.072924 8.54783e-07 9.10565e-06 2.65651e-05 0.0046948 0.00391635 0.0119365 0.1888 0.00332037 0.000167635 0.624612 0.000512546 0.0106583 0.00797332 0.000209941 3.58561e-05 0.0544378 9.66261e-07 
0.00851368 0.000268038 0.303421 3.92751e-07 3.15128e-06 0.00738994 0.0895541 4.61308e-09 4.49829e-06 0.0963445 0.0016638 1.82341e-05 0.468084 0.00580956 0.00228604 0.000446364 0.00872997 0.00297129 0.00446358 2.85758e-05 
0.0314779 0.00936989 0.0237923 7.04914e-06 0.00488074 3.00036e-06 0.000883603 0.0247981 0.00171475 0.0628284 0.00414681 0.128276 0.557388 0.000128412 0.109622 5.74879e-05 0.000115615 0.00780234 0.0327081 6.09324e-08 
8.00018e-09 0.000137691 0.000637079 6.31363e-08 1.16973e-08 0.000269739 3.85921e-08 7.69701e-09 8.94467e-05 0.00010698 0.0004071 4.4617e-09 0.998067 3.36739e-08 4.83753e-05 6.07012e-05 4.8858e-05 4.09065e-09 0.000126308 6.994e-08 
0.167339 0.0640922 0.112079 3.83096e-05 0.050496 7.96419e-05 0.000524647 0.00278052 0.0231231 0.105365 0.00933168 0.028014 0.271913 0.018654 0.0759242 0.010788 0.0111807 0.0233171 0.0249597 7.85745e-08 
0.0104183 0.159363 0.0849554 3.48702e-05 1.69166e-05 0.000211021 0.00184463 0.0259917 0.0859735 0.077718 0.0236867 0.0415111 0.256231 0.0473054 0.0919929 0.0377023 0.000777366 0.0214919 0.0327732 2.29784e-09 
0.189492 0.0292439 0.0759078 6.01843e-08 0.00769672 7.22042e-07 0.0548682 0.00348033 0.0031826 0.133633 0.00256266 0.0263773 0.399259 0.0105028 0.0230541 0.00402361 0.000474593 0.018695 0.0174216 0.000122978 
1.18203e-05 0.000414941 0.0811527 1.80971e-06 0.0753687 0.0186792 1.6344e-06 1.64623e-05 1.50374e-09 0.0143794 6.70572e-09 0.012829 0.672924 1.65445e-07 0.0085006 1.02343e-06 1.99155e-09 1.2871e-06 0.115717 1.14064e-08 
0.000385347 0.0039976 0.00186357 1.16897e-05 0.000288485 1.02555e-10 0.000114859 0.00171132 0.00135759 0.0469443 5.51677e-05 0.00369396 0.86037 6.55607e-05 0.026108 0.0146349 3.04076e-05 0.0283987 0.00334419 0.00662385 
0.00121063 0.00642687 0.0579342 1.53714e-11 4.15816e-08 5.2772e-07 3.9651e-07 0.122847 6.59082e-07 0.204878 0.19125 1.08843e-06 0.31595 2.20543e-07 0.091723 0.0077753 3.08604e-07 1.35087e-06 5.35357e-07 1.70278e-11 
0.10125 0.081498 0.0743275 0.000816948 0.0104477 1.76185e-06 0.0420539 1.05309e-05 0.00455669 0.112581 3.93828e-05 0.0906183 0.185505 8.11936e-05 2.29911e-06 0.0512447 6.52309e-06 0.135077 0.109881 4.12855e-08 
0.000657386 0.0010147 0.0530389 4.36144e-06 0.000772474 0.00130285 1.83629e-05 0.00783876 0.0428247 0.0305293 0.00169316 0.0234648 0.438869 1.49848e-06 0.295069 0.00122252 0.000134163 0.0498007 0.0517438 2.41712e-08 
0.000425897 0.000220443 0.00403437 1.60223e-07 4.25939e-05 3.68903e-05 0.000196981 8.90879e-05 0.00014794 0.00146182 3.50069e-07 0.00471624 0.984762 2.50865e-05 0.00232355 0.000301611 3.35936e-05 0.00103868 0.000142235 1.65819e-10 
9.32889e-05 9.32724e-05 9.32855e-05 9.31465e-05 9.32792e-05 9.31805e-05 9.321e-05 9.32897e-05 9.32857e-05 9.32994e-05 9.32034e-05 9.32979e-05 0.597071 9.3223e-05 0.40125 9.32634e-05 9.3278e-05 9.32987e-05 9.32967e-05 9.31288e-05 
0.0116722 0.0126988 0.0815758 2.03121e-05 0.000282663 6.72393e-05 0.000213403 0.00229137 0.00946155 0.0888379 0.0229242 0.0399364 0.565648 0.00045763 0.106914 0.0023047 0.000160332 0.0427474 0.0117866 1.80111e-08 
0.0443947 0.00087754 0.00103751 5.15686e-06 2.19478e-07 1.12613e-05 7.24107e-07 3.75342e-05 8.21153e-06 3.73635e-06 0.000374259 0.000236085 0.947701 6.31827e-07 0.00505043 5.78902e-06 0.000117572 0.00013108 5.35357e-06 1.31229e-06 
0.0801738 0.0150693 0.0447918 0.000195799 0.0441637 6.24518e-05 0.000847987 0.037413 0.0027675 0.0629675 5.24703e-05 0.0856723 0.260398 3.68614e-06 0.0163319 0.0156828 3.87407e-06 0.220727 0.112661 1.38542e-05 
0.0155936 0.00610187 0.00533489 2.58573e-07 0.00173341 5.25405e-06 0.00536879 0.00500437 0.00312898 0.0195794 7.28289e-05 0.00429253 0.9067 3.87176e-05 0.0133048 0.0006466 0.000262493 0.00106191 0.0117691 1.28247e-08 
0.0155936 0.00610187 0.00533489 2.58573e-07 0.00173341 5.25405e-06 0.00536879 0.00500437 0.00312898 0.0195794 7.28289e-05 0.00429253 0.9067 3.87176e-05 0.0133048 0.0006466 0.000262493 0.00106191 0.0117691 1.28247e-08 
0.0852455 0.0246442 0.0338688 3.69016e-06 0.000634549 0.000960463 0.000382154 2.90754e-06 0.000125629 0.0298125 0.00854505 0.0178792 0.732794 0.000282322 0.00469991 1.64508e-05 0.000384783 0.0293614 0.030356 4.66896e-07 
0.0316237 0.00750524 0.0419812 4.85748e-07 0.00522383 2.11035e-07 0.00106998 0.000629636 0.00695179 0.0329291 0.000361317 0.102647 0.547208 0.00113448 0.0590538 0.131156 0.000370678 0.00249089 0.0276523 9.89149e-06 
0.259698 0.00971807 0.00540794 2.99019e-07 0.0278898 4.0665e-06 0.0207582 0.00243364 0.00218418 0.00564995 0.0322712 0.144481 0.349258 0.00142159 0.0412491 0.000513329 0.000317859 0.0103575 0.0863861 8.49717e-09 
0.0523938 0.0193122 0.0138653 5.03407e-05 0.00188656 1.96572e-10 0.00207146 0.00999427 0.0165433 0.0672471 0.0121264 0.160872 0.224433 0.0011136 0.126952 0.00897411 0.000730008 0.115565 0.165869 2.75281e-10 
0.00273925 0.00263768 0.0317855 1.15306e-10 0.00018084 3.01018e-05 0.00173809 0.0324391 0.000249482 0.0893844 0.224998 0.0103676 0.556715 0.000119727 0.041215 0.00253858 0.000192298 0.00235613 0.00031326 1.27732e-10 
0.00129989 0.00542677 0.122898 9.93207e-05 0.00442204 0.00246586 0.0736056 0.00142244 2.8965e-05 0.119549 1.952e-05 0.00120335 0.657938 0.000301899 0.000499501 0.000827248 7.17665e-08 0.00171406 0.00627832 4.11036e-07 
0.00178072 0.00124439 0.0580176 3.28497e-07 5.90007e-05 0.00411131 0.000681824 5.32649e-07 0.00253438 0.00544325 0.00315374 0.0173534 0.756023 0.00120462 0.0547349 0.000587995 0.0024262 0.0834024 0.00724021 1.45939e-09 
0.000385347 0.0039976 0.00186357 1.16897e-05 0.000288485 1.02555e-10 0.000114859 0.00171132 0.00135759 0.0469443 5.51677e-05 0.00369396 0.86037 6.55607e-05 0.026108 0.0146349 3.04076e-05 0.0283987 0.00334419 0.00662385 
0.000425897 0.000220443 0.00403437 1.60223e-07 4.25939e-05 3.68903e-05 0.000196981 8.90879e-05 0.00014794 0.00146182 3.50069e-07 0.00471624 0.984762 2.50865e-05 0.00232355 0.000301611 3.35936e-05 0.00103868 0.000142235 1.65819e-10 
0.0199193 0.000704963 0.0113818 7.09351e-06 0.000126569 0.00221234 0.0133916 0.00112449 0.0759802 0.0535702 0.0497209 0.0303517 0.45174 7.38067e-06 0.155598 0.0118003 0.000274732 0.0135596 0.108527 1.45862e-06 
0.136005 0.026153 0.0876567 2.21496e-05 0.0194691 3.3074e-06 0.0034003 0.00643582 0.0432028 0.132108 0.00486051 0.0161777 0.272866 0.0626605 0.024564 0.00443122 0.00198774 0.0191306 0.138864 4.15106e-09 
9.01089e-10 9.85502e-06 0.150818 7.11838e-06 3.16334e-06 5.62521e-09 2.13035e-05 1.00574e-05 2.02523e-05 0.0227832 0.0225283 4.12132e-06 0.8036 0.000177128 3.06056e-06 2.0123e-06 1.37542e-09 6.35876e-06 5.99616e-06 7.8776e-09 
0.0621255 0.0127171 0.0713572 1.22613e-07 0.0182499 0.000124749 0.0027045 0.0378162 0.00460901 0.116365 0.000333236 0.0781865 0.38145 0.000416676 0.0694456 0.00180757 0.000151112 0.0339552 0.10818 5.56142e-06 
0.000324285 0.00796766 0.0121195 1.81222e-05 0.000866654 1.52149e-05 3.49267e-06 1.30754e-07 2.16637e-05 0.00110564 0.000149075 0.0145297 0.425382 0.000487903 0.0462418 0.000110652 6.11545e-07 0.250889 0.239767 1.59614e-09 
0.0176593 0.00303536 0.157982 3.89571e-10 0.000391869 5.25343e-08 4.59253e-05 0.0491351 0.000876581 0.105025 0.0391233 0.0204007 0.571565 0.00876638 0.00029624 0.000497656 0.000647804 0.00488154 0.0196703 4.31551e-10 
0.024537 0.0689637 0.0530354 0.000699917 0.0494347 1.96622e-05 0.017029 0.00832125 0.00242586 0.0724998 0.00422744 0.0379652 0.440254 0.000261161 0.0188771 0.00457959 0.00370599 0.0488432 0.139577 0.00474319 
0.00513538 7.57352e-07 4.92579e-07 0.00022899 6.17727e-07 7.69355e-05 0.000174275 0.000985155 4.8692e-07 0.00323995 2.17136e-06 0.000196043 0.989552 1.77829e-06 9.1528e-05 0.00030629 2.69211e-06 2.16024e-07 2.55554e-07 3.69348e-06 
0.054151 0.0183265 0.00956375 2.04399e-06 0.00201968 0.000232163 0.00571352 0.0025843 0.00095661 0.0823882 0.0381637 0.00791961 0.717903 0.0295465 0.000525518 0.00893369 3.13218e-05 0.00714709 0.0138685 2.28636e-05 
1.02404e-05 1.03672e-05 0.0011713 1.23177e-07 3.50865e-05 1.16782e-05 2.04679e-05 0.065693 0.0112641 0.0340789 2.56048e-05 3.18769e-06 0.79351 0.000519369 0.00595168 6.62896e-06 0.000107304 0.000182542 0.0873986 1.36451e-07 
0.0797609 0.0275487 0.0718705 0.00125002 0.00361521 1.28909e-05 0.0178484 0.00795022 0.15198 0.123747 0.00258098 0.0447812 0.22411 0.00100637 0.00828353 0.0115206 0.00093638 0.0351192 0.185161 0.000917032 
0.00265895 0.00260833 0.019323 2.62951e-06 2.33541e-05 6.19491e-05 0.00169515 0.0229885 0.000441381 0.0448048 0.0476799 0.00307062 0.822039 6.30159e-05 0.0189074 0.00113859 0.000774827 0.00445347 0.00726475 3.84141e-09 
0.0411345 0.0399126 0.0666964 0.000879551 0.000665312 0.000228604 0.00361398 0.0802 0.0125846 0.0690735 0.00113664 0.0336387 0.476648 0.0020471 0.0389242 0.0188838 5.31254e-05 0.0988549 0.014661 0.000163325 
1.72511e-05 0.0109749 0.010683 7.38586e-09 0.288219 5.84241e-09 0.0334031 0.000671348 0.00338174 0.0247973 0.00283707 0.00239075 0.560729 5.31272e-05 0.0200551 3.87591e-05 0.000242385 0.0078039 0.0337016 8.18176e-09 
0.0463811 0.00418654 0.157568 0.00327658 0.0339467 0.070572 0.00711151 0.0045416 0.00935842 0.0113523 0.00174557 0.0570329 0.482251 0.00309392 0.0331442 0.000640134 0.000833383 0.0482731 0.0246736 1.81093e-05 
0.120879 0.00896366 0.0140321 6.48755e-07 3.4089e-05 0.0011639 0.00072504 0.000914491 0.000787319 0.0592159 0.104442 0.0468094 0.420178 1.79267e-05 0.063303 2.11606e-06 0.00142926 0.00346606 0.153635 1.11462e-06 
0.021541 0.0968886 0.255671 3.49011e-05 1.91364e-05 9.69129e-05 0.000916221 3.74789e-05 0.0166073 0.10186 0.0494696 0.00656721 0.312343 0.00117418 0.00163881 0.0543348 0.000484564 0.00850368 0.0718113 1.03792e-06 
0.00559019 0.0249324 3.1501e-05 0.000752389 1.73508e-05 8.26313e-07 0.00120728 6.63576e-06 4.32628e-06 0.050848 2.57297e-06 0.0122366 0.901816 3.02903e-05 7.25655e-06 0.00110833 4.95054e-05 0.000167987 0.0011909 1.35907e-07 
0.0143278 0.000800625 0.00165635 0.0134202 0.00135001 1.69921e-12 0.000207571 3.66765e-05 0.0496679 0.0235082 9.47698e-08 0.000218204 0.710267 0.00235254 1.38499e-07 0.0261652 0.0122402 0.00139968 0.142381 1.00018e-10 
0.0318775 0.0145352 0.0524485 8.9029e-05 0.000119749 0.000174575 0.0103251 0.0120632 0.0112386 0.119913 0.00548376 0.0176363 0.583589 0.00331704 0.0438048 0.0282114 0.00376314 0.0176464 0.0437498 1.44129e-05 
0.0262937 0.0179822 0.012876 6.35e-06 0.0503585 2.5589e-06 0.000401579 0.0136392 0.000128257 0.0815017 1.41866e-05 0.0186694 0.749631 3.38678e-06 0.0122016 1.53951e-07 1.39697e-05 0.0125539 0.00372218 6.03277e-07 
0.0421367 0.0194276 0.0421314 0.0106622 0.097803 0.00117085 0.0371574 0.00104287 0.0219418 0.124797 0.0012289 0.0418864 0.409367 0.00402605 0.00422772 0.00605209 0.00042882 0.0204851 0.114027 1.06184e-07 
1.40768e-08 0.000247323 0.0014919 1.11093e-07 2.05822e-08 8.78771e-08 0.456135 5.82501e-05 0.00026122 0.00127764 0.000499273 7.85065e-09 0.46244 0.000651825 0.000420889 0.00124366 8.59689e-05 0.0749437 0.000243534 1.23064e-07 
0.0316039 3.30335e-06 0.108683 9.42535e-07 0.241976 4.46905e-10 1.28208e-06 1.95946e-07 0.0497151 0.0670691 5.00218e-07 0.00551981 0.350863 1.07512e-06 0.0304352 5.44292e-06 1.09273e-10 0.0123497 0.101772 6.25851e-10 
0.15049 1.91733e-06 0.0180646 0.000161135 0.000848731 2.59977e-05 0.00589961 0.000707113 1.56909e-10 0.0656802 0.00632889 0.0819607 0.595464 0.000291434 0.0206929 0.000892011 0.000577109 0.00396151 0.0479497 2.38474e-06 
0.0730377 0.00155852 0.0111725 0.00540704 0.0220816 0.0217924 0.00111636 0.00911628 0.0520641 0.02502 0.00118508 0.0561522 0.438435 0.0011722 0.0132619 0.00273844 0.0385986 0.119281 0.106808 8.23398e-10 
0.00517966 0.00387677 0.0255563 1.51476e-05 0.00922901 0.000281578 0.000142063 0.0191489 0.0146166 0.10512 0.233957 0.00170994 0.368902 0.0163132 0.0402667 0.00108833 0.00200846 0.0243196 0.0731085 0.055161 
0.0406335 0.000735841 0.00281516 0.293515 0.00244637 3.01289e-11 7.95008e-05 7.39272e-05 0.0193106 0.00435028 6.3023e-07 0.000436793 0.448166 0.00109733 9.21012e-07 0.00176628 0.00473568 0.00224361 0.177593 6.91483e-10 
0.0468572 0.0300363 0.0563381 0.000497075 0.0238536 0.000553372 0.0121636 0.0132281 0.0291398 0.082952 0.0114456 0.0762125 0.413082 0.00718006 0.0743228 0.0137741 0.000669129 0.0314939 0.0703771 0.0058236 
0.0930579 0.00590281 0.0381692 0.00162285 0.0056852 9.82993e-06 0.000339822 0.00254977 0.0126928 0.0155937 0.00326275 0.0212899 0.420682 0.250338 0.00723816 0.0003761 0.00477787 0.0040992 0.112312 2.23908e-08 
0.00178496 0.00218548 0.13124 5.03911e-06 0.00656061 0.000579159 0.000122467 0.000279461 0.00489597 0.034693 5.48724e-05 0.0375459 0.380693 0.000332587 0.058857 0.00115892 6.14804e-05 0.0447941 0.294156 2.56928e-07 
0.0303694 0.000390535 0.0343941 0.000104653 0.00725649 8.57257e-05 0.000313679 0.00243405 0.000414392 0.101874 1.43901e-05 0.111615 0.613877 3.75852e-06 0.00356073 0.00016825 4.62254e-05 0.0504408 0.0426209 1.56939e-05 
0.00579143 0.0692562 0.0448755 1.94407e-06 0.00821561 7.11509e-06 0.00130492 0.000140375 1.37666e-05 0.0611053 7.84943e-05 0.013608 0.736845 3.58695e-05 0.0202066 0.000528854 1.14164e-05 0.0341535 0.00278095 0.0010395 
0.00535848 0.00126352 0.0579364 1.25714e-07 0.0295766 0.00115216 8.6756e-05 0.00406863 0.0228752 0.0506376 0.124541 0.0117267 0.552818 0.0533492 0.000915567 0.00125191 0.000795042 0.060824 0.0208232 1.39261e-07 
0.0358419 0.00364462 0.0473447 4.69459e-05 0.0111223 1.71899e-05 0.00678215 0.00633571 0.0865795 0.0528474 0.00898154 0.0916156 0.422828 0.0114199 0.00961451 0.00188053 0.00746127 0.139993 0.0556096 3.37744e-05 
0.013925 0.000734202 0.023503 2.15142e-05 0.0530918 7.74816e-05 0.0033363 0.0155392 0.00967128 0.0334362 0.030763 0.0216716 0.683459 0.000288283 0.0630518 0.000116453 0.000381987 0.0183534 0.0285786 1.32657e-08 
0.00121413 0.00226292 0.0150991 1.21485e-09 2.25077e-10 9.60982e-10 7.01083e-08 1.48104e-10 3.15058e-07 0.00734521 1.07823e-06 8.5851e-11 0.97158 8.55024e-07 0.00213889 2.24971e-06 2.3497e-10 1.70225e-07 0.000355003 1.34577e-09 
5.6399e-06 0.000217064 0.00159429 8.49602e-07 0.00166452 3.16058e-07 7.02955e-05 5.43742e-06 1.12264e-06 8.28165e-07 0.00259707 2.99214e-06 0.691518 8.4079e-05 0.000666133 4.32456e-07 5.90518e-05 2.29366e-06 0.301509 7.19578e-10 
0.0156751 0.0769453 0.100442 0.000226208 0.000252168 0.000124212 0.00614843 0.00172053 0.0784882 0.208379 0.00206697 0.0133558 0.348942 0.00770095 0.00890958 0.00900509 0.0711016 0.0458544 0.00466177 8.96227e-07 
0.000800807 0.00111437 0.0101622 8.30509e-06 0.000987598 0.0909639 8.81477e-05 0.000317772 0.0017829 0.00317792 0.0229769 0.0674359 0.704831 0.000123004 0.0409567 0.000693191 0.000503779 0.0279867 0.0250857 2.72144e-06 
0.00302719 0.00391315 0.000393505 2.21059e-08 2.46596e-08 2.04233e-05 0.0010101 0.000140098 0.000676451 0.00437748 0.00204694 2.59168e-06 0.963352 2.68043e-05 0.000379944 0.000256322 0.00186921 0.000472156 0.018036 1.53192e-10 
0.0702268 3.44563e-06 0.0137757 0.0154266 2.68465e-05 7.01133e-08 1.12845e-05 0.000309891 0.0175543 0.0163508 0.000199284 0.000473841 0.704357 0.000192914 0.000948959 2.38625e-05 0.00577913 0.00905456 0.145272 1.27528e-05 
6.34312e-10 0.00248361 0.0447028 0.00093186 0.000614957 8.10615e-07 3.32696e-06 1.8986e-06 0.0400208 0.0225633 3.26006e-09 0.0262203 0.727137 2.66991e-09 0.00728925 0.00879704 2.52197e-06 0.0418107 0.0774129 7.42548e-06 
6.24036e-10 1.11866e-09 0.0336313 4.92481e-09 9.12424e-10 3.50999e-06 7.82977e-06 3.00253e-06 0.0145096 3.05658e-10 0.319326 3.48025e-10 0.632471 2.62666e-09 5.73738e-06 1.81125e-06 1.26696e-05 3.5131e-07 2.80464e-05 5.45551e-09 
1.56208e-10 2.80021e-10 0.00119949 1.23277e-09 2.28396e-10 2.34135e-06 2.18599e-06 1.50288e-10 6.84302e-07 0.000137997 2.81071e-06 8.71169e-11 0.998652 6.575e-10 8.41055e-07 3.48492e-10 1.2401e-06 1.51837e-07 9.44878e-11 1.36561e-09 
0.00386093 0.0110137 0.0290182 6.65182e-05 0.0100418 3.39824e-05 0.000739526 0.000158518 0.0155444 0.110023 0.00700119 0.0780943 0.706822 3.62408e-06 0.00659567 0.000669308 1.05453e-06 0.00159893 0.0187038 9.47997e-06 
0.061777 0.000536256 0.00742752 2.2701e-08 1.78259e-05 1.79571e-08 4.35407e-06 4.89044e-05 6.56364e-05 0.000839165 0.00236144 0.00610421 0.815123 0.00373375 0.0409656 0.000973178 8.06635e-05 0.0340225 0.0250024 0.000916562 
0.00219157 0.25815 0.179848 0.000211867 0.00303602 1.43514e-06 0.0273087 0.000109751 0.0471335 0.0766175 0.000605604 0.020776 0.286732 0.00486804 0.00311908 0.00265842 0.00177441 0.00201472 0.0828418 8.81863e-07 
0.086615 0.011024 0.0673636 9.96347e-06 0.0136393 3.28722e-06 0.000925671 0.0104581 0.024682 0.0261969 0.000300312 0.0904879 0.573099 3.2609e-06 0.0159202 0.000863269 0.000273165 0.036042 0.042093 2.34693e-08 
3.42771e-06 2.91427e-06 0.0133401 2.7982e-09 1.21118e-06 2.21345e-09 1.41544e-06 2.30172e-06 9.37031e-07 0.0681515 3.54813e-06 1.4946e-06 0.907372 1.49413e-05 0.00417484 0.000281253 6.0907e-07 1.81298e-10 0.00664788 3.09974e-09 
9.64434e-07 0.00145416 0.117974 7.51268e-10 2.3276e-06 0.00226225 1.56171e-06 9.15878e-11 0.0276211 0.0316788 0.00635274 6.36908e-06 0.65725 4.00691e-10 0.0205164 2.98416e-07 0.00117916 3.24226e-06 0.133696 1.16319e-07 
0.0228857 0.0065097 0.0174187 1.07229e-05 0.0330329 0.00444249 0.000114682 0.0109847 0.0399146 0.046226 0.00228893 0.116999 0.41847 0.00248837 0.0593307 0.00117488 0.000141132 0.0742049 0.142916 0.000445235 
0.0546485 0.0374083 0.0380774 2.61682e-05 0.0280543 0.0281532 0.00148369 0.0135059 0.0026261 0.0378529 0.0256758 0.0469168 0.414308 0.000868819 0.0678406 0.0220055 0.000384477 0.0391431 0.133039 0.00798166 
0.000425897 0.000220443 0.00403437 1.60223e-07 4.25939e-05 3.68903e-05 0.000196981 8.90879e-05 0.00014794 0.00146182 3.50069e-07 0.00471624 0.984762 2.50865e-05 0.00232355 0.000301611 3.35936e-05 0.00103868 0.000142235 1.65819e-10 
0.186877 0.0125206 0.0923369 0.0396566 0.00386843 0.0012972 0.00304103 0.00146446 0.00541112 0.108066 0.0102671 0.111284 0.203349 0.0473547 0.0209002 0.00430046 0.0417738 0.00840158 0.0978294 1.64372e-08 
0.018402 0.0173793 0.0863801 1.60366e-06 0.0191477 2.88574e-07 0.000776849 0.0236727 0.00876849 0.10191 0.000131642 0.015159 0.419978 0.000824738 0.235528 0.000430564 2.89957e-05 0.0170381 0.0344414 1.86239e-08 
0.0474244 0.00263439 2.62377e-09 1.77598e-08 3.29038e-09 1.40485e-08 0.0536835 0.00148567 4.98966e-06 3.04179e-06 1.79922e-05 1.25505e-09 0.869496 9.47224e-09 1.8638e-09 5.02052e-09 3.435e-09 0.0242226 0.00102695 1.96736e-08 
0.0654128 0.0132377 0.0284071 0.000100264 0.00177778 2.68461e-05 8.63358e-06 0.027273 0.00704532 0.0569388 0.00103745 0.0399322 0.640671 0.00191464 0.0314902 0.00616064 7.32442e-06 0.0622399 0.0163109 7.00439e-06 
0.0584081 0.0107443 0.0207348 0.100294 0.00119903 7.17728e-06 0.000152804 0.00813625 0.0476732 0.0778681 0.0135962 0.0400471 0.308506 0.00186241 0.0204822 0.237086 0.00513015 0.0132505 0.0347809 4.11896e-05 
0.00195497 0.00118898 0.0014426 1.17643e-08 0.000217972 2.31456e-05 0.0054676 0.0152912 0.00326521 0.0530173 0.00352596 0.000313688 0.903461 0.00419674 0.000793631 0.0010591 0.00328891 0.000212609 0.001279 1.15182e-10 
0.0900455 0.148426 0.0148101 1.68146e-09 0.037235 1.33008e-09 2.77608e-06 4.10183e-07 2.3085e-06 0.0511063 1.09504e-09 0.143764 0.462396 8.96813e-10 1.76461e-10 4.75334e-10 3.25219e-10 1.78668e-05 0.052194 1.86266e-09 
0.0358061 0.0093723 0.0171892 3.3389e-05 0.00162078 0.00259765 0.0381767 0.233381 0.00164897 0.0906855 0.00400509 0.0573576 0.42401 0.000623453 0.0441792 0.00139667 7.19481e-05 0.00357358 0.0342708 7.5319e-09 
0.213266 0.00924423 0.0579307 5.89825e-06 0.00143012 1.20323e-07 0.00890434 0.0106776 0.0247478 0.169346 0.00127052 0.0742538 0.352105 1.00011e-06 0.0170902 0.00065436 0.000583569 0.045695 0.0127936 2.80681e-09 
0.0923415 0.0320519 0.0964293 2.43482e-06 0.0120047 3.5825e-05 0.0152676 0.0112296 0.00167031 0.0620942 0.0323085 0.199712 0.259757 0.00130722 0.0310009 0.00310922 0.000380695 0.0882396 0.0610576 4.90951e-09 
1.50129e-06 3.65497e-08 0.00855895 1.37932e-07 1.63177e-06 3.21144e-07 1.56829e-06 8.59069e-08 0.000826954 0.00179791 0.00367786 2.8631e-07 0.972198 0.000838704 9.64562e-08 0.00176208 0.000705033 6.05423e-08 0.00962887 8.48392e-11 
0.0410668 0.00700938 0.00321675 0.000421941 0.00248786 0.000173513 0.0123517 9.6728e-07 0.00052341 0.0871675 0.00610987 0.0558456 0.649756 2.21725e-05 0.0128319 2.47303e-06 1.15808e-05 0.119803 0.00117071 2.72468e-05 
0.000425897 0.000220443 0.00403437 1.60223e-07 4.25939e-05 3.68903e-05 0.000196981 8.90879e-05 0.00014794 0.00146182 3.50069e-07 0.00471624 0.984762 2.50865e-05 0.00232355 0.000301611 3.35936e-05 0.00103868 0.000142235 1.65819e-10 
0.012023 0.0232157 0.032413 0.00478645 3.15961e-05 0.0126475 0.000740268 0.00320806 0.0194663 0.0653841 0.00423458 0.0139953 0.729787 0.00333809 0.0113673 0.00241416 0.000715813 0.0222786 0.0379481 4.57605e-06 
0.0808744 0.00168044 0.286317 1.25634e-08 0.0181608 6.52826e-05 7.67936e-09 0.00484849 0.000430534 0.0364189 0.00102206 0.0289063 0.429708 6.7007e-09 0.0160682 0.00169374 0.000158867 0.0849784 0.0086664 1.51752e-06 
0.00416135 0.00792141 0.123513 0.000107106 0.000896108 0.0032059 0.00803415 0.0716789 0.0033518 0.0476188 0.00250146 0.067726 0.522756 0.00107772 0.0406691 0.00768847 0.000171911 0.0537418 0.0331725 6.7733e-06 
0.000385347 0.0039976 0.00186357 1.16897e-05 0.000288485 1.02555e-10 0.000114859 0.00171132 0.00135759 0.0469443 5.51677e-05 0.00369396 0.86037 6.55607e-05 0.026108 0.0146349 3.04076e-05 0.0283987 0.00334419 0.00662385 
0.00626783 0.000892235 0.0742305 1.00636e-05 0.0182992 5.59193e-05 9.31877e-05 0.00199452 0.0224664 0.0337954 0.00224227 0.0558277 0.621296 0.00162721 0.0557871 0.000395572 0.000147937 0.0426807 0.0618857 4.3044e-06 
0.0402266 0.00475712 0.0426538 0.000191452 0.0532255 0.00238334 0.000400731 0.000759783 0.00735911 0.0191254 0.00148234 0.0118293 0.403294 0.00197345 0.0161567 0.00268121 0.000257447 0.0767702 0.281087 0.0333862 
0.0209092 0.000312945 0.00183121 7.95619e-07 0.0141841 6.29356e-07 0.000581459 2.39807e-05 0.00819634 0.0222868 7.46468e-05 0.00422736 0.894086 4.24345e-07 8.34963e-08 7.38937e-05 8.01823e-06 0.0162272 0.0169745 8.81356e-07 
0.0329973 0.0559033 0.0848892 1.83156e-07 0.00487095 2.03246e-06 0.0305831 1.10665e-05 0.000147867 0.0289924 0.00140059 0.109154 0.621651 4.76078e-07 0.011604 5.05582e-06 4.00994e-05 0.0161876 0.00151564 4.43515e-05 
1.26859e-06 2.385e-07 0.0015341 3.21342e-07 1.22249e-07 0.000392384 0.00106832 1.11217e-07 8.37861e-12 0.000284202 0.00245934 2.00085e-06 0.993688 3.05997e-11 3.91423e-08 1.62186e-11 0.000271312 0.000298211 6.5086e-08 6.3555e-11 
3.93687e-05 5.76432e-06 0.00426904 7.96976e-07 3.79517e-05 0.00076702 1.76245e-05 2.65382e-05 1.91234e-05 0.00165353 0.000664979 7.27996e-05 0.794377 5.67109e-06 0.00940627 0.000555803 0.000154056 0.0157426 0.172184 3.16271e-08 
0.00030075 0.0317961 0.109747 2.71271e-07 5.54443e-07 9.04578e-07 0.00265172 0.00222115 0.00139526 0.148636 0.000802761 0.0465918 0.559009 1.04602e-05 0.0239341 0.0314265 1.35582e-07 0.0357596 0.00571613 1.99848e-08 
0.0305361 0.0446893 0.00478722 1.2036e-07 0.000259101 9.8485e-07 0.00791756 0.0967987 0.0021886 0.152108 1.92735e-06 0.0242196 0.358766 0.130295 0.0416939 0.0182802 2.2857e-06 0.0120905 0.0753654 7.52836e-09 
0.040481 0.0299542 0.00557812 0.000118964 0.000275671 1.21715e-07 9.40526e-08 0.001154 0.0002867 0.0609147 0.000401982 0.0175499 0.759146 8.20665e-08 0.0274017 3.26499e-05 0.00012123 0.0560669 0.000516356 1.7045e-07 
0.0188378 0.00152605 0.0415859 0.000200727 0.00168396 0.0335571 0.000196101 0.0203765 0.0394504 0.0461177 0.00967391 0.0169423 0.322763 0.000995318 0.0962512 0.00693798 0.000476924 0.125453 0.216974 2.74919e-07 
0.0356455 0.00598163 0.0171057 6.61316e-05 0.00157924 1.48471e-05 0.000250103 0.0100807 0.00285067 0.139838 0.00685783 0.0557569 0.565927 0.00356558 0.0765912 0.00597583 9.6035e-05 0.00820928 0.0636073 9.45549e-08 
9.16513e-10 0.0038171 0.146623 7.23299e-09 0.00743642 1.24768e-05 4.42117e-09 2.85105e-06 0.00400955 1.1693e-05 3.0913e-05 0.0507924 0.669053 3.85774e-09 9.78562e-05 1.32202e-05 3.78714e-06 9.01856e-06 0.118076 1.11504e-05 
3.35236e-06 7.54265e-06 4.37577e-06 2.15237e-06 1.12302e-06 1.85418e-07 7.87628e-07 1.85647e-07 0.00574794 0.0567438 3.52883e-07 2.02171e-06 0.923609 7.8088e-11 7.86701e-07 4.201e-06 0.000687029 2.5138e-06 0.0131758 6.66606e-06 
0.00206858 0.0224724 0.0472281 9.27161e-09 0.00041266 0.00491684 0.000640329 0.0095392 0.00536973 0.108368 4.00853e-06 0.150906 0.478102 0.000435133 0.121955 0.00515708 3.76296e-05 0.00704826 0.0353385 1.02707e-08 
0.0366177 0.0204018 0.0156343 1.69582e-09 0.00253819 7.58504e-06 0.000131215 0.000201213 1.17761e-06 0.121682 0.00363229 0.0632633 0.543338 0.016784 0.0428842 0.00262685 0.00047212 0.0350913 0.0946924 1.07924e-06 
6.11058e-05 1.15361e-08 0.000548232 6.93098e-11 1.61034e-07 0.00195528 1.65869e-05 2.03089e-06 0.000161707 2.32527e-08 0.00318332 0.00205415 0.937635 2.48407e-07 7.27372e-12 2.02222e-08 0.036865 6.90749e-05 0.0174475 7.67787e-11 
0.00868578 0.00359408 0.00445412 4.84854e-09 0.000228169 3.83532e-09 0.000606023 0.000114709 1.92858e-07 0.00296442 0.00339342 0.000824294 0.935349 2.58598e-09 0.000308972 0.000183945 1.99739e-05 0.00705553 0.0322149 2.11316e-06 
0.016682 0.00326679 0.0718822 0.000111449 0.000231588 4.77935e-05 0.0719339 0.00200685 0.0107031 0.242355 0.000486564 0.0163352 0.531324 0.000539692 0.0035263 0.00557883 0.000862831 0.0064226 0.0157031 2.88079e-07 
