0.801242 0.00010663 0.0220065 0.000340378 0.0474913 0.00081263 0.00026812 0.000248671 0.00392011 0.0379996 6.04459e-05 0.0154823 0.000126419 3.16353e-10 0.00194962 0.000613037 5.52633e-07 0.0398819 0.02745 6.57059e-10 
8.56696e-06 0.0609433 0.0164955 2.15557e-05 0.000855039 0.000191401 0.0013221 0.000256335 0.000698295 0.221824 3.01051e-05 0.00575411 0.50252 9.27156e-08 0.00259876 0.157913 0.000159674 0.0135442 0.0148611 2.62191e-06 
0.0754558 0.0139369 0.0534522 7.29172e-09 0.00568448 5.76794e-09 0.00236159 2.06726e-06 0.00023894 0.163793 0.122094 0.0640854 0.488574 3.88906e-09 0.00335045 0.00101592 0.000129506 1.50212e-06 0.00582443 8.07748e-09 
0.0546113 0.0356303 0.0134049 0.000638722 0.0189417 0.000165843 0.000789641 0.0463118 0.036686 0.0303335 0.000488572 0.120271 0.00379212 0.000142102 0.0365645 0.00104421 0.00438255 0.515178 0.0795562 0.0010668 
0.0529374 0.0135224 0.0184512 0.00216024 0.0169021 0.0104748 0.00269985 0.0167229 0.183278 0.0384738 0.00746886 0.0600776 0.0349796 0.000643907 0.0608104 0.00967494 0.00202132 0.296882 0.169475 0.00234325 
0.752019 2.53077e-05 2.45915e-05 0.000316783 3.23004e-05 5.9511e-07 0.00031676 2.33654e-06 0.000397629 4.16804e-05 2.01497e-06 0.0294369 0.00633093 4.01255e-07 0.000678916 5.47585e-06 0.000253543 0.0189628 0.191151 8.33397e-07 
0.170998 0.00216733 0.000486788 5.89738e-06 0.00182223 9.32637e-09 0.00114852 2.11539e-06 0.000282702 0.012926 2.79739e-06 0.173344 0.401026 6.28834e-09 0.00646926 2.73172e-05 7.3546e-07 0.00997137 0.219319 1.30607e-08 
0.0230885 9.28045e-06 0.000621044 1.29217e-05 0.000424652 9.76585e-06 9.7406e-05 0.00019509 0.000314273 7.76022e-05 1.68544e-05 2.30933e-05 0.959402 9.0182e-07 1.07851e-05 7.88602e-06 6.64998e-06 0.003205 0.0124728 3.14907e-06 
0.0485073 0.00622172 0.105089 1.54237e-05 0.0673873 4.59231e-05 8.76014e-05 0.0117009 0.00620414 0.069906 0.00115032 0.344921 0.0190713 1.56536e-06 0.059653 0.00331381 5.06867e-05 0.207971 0.0486994 2.73678e-06 
0.0427024 0.00382913 0.162567 0.000365771 0.0262767 4.6072e-08 5.67911e-08 0.00183778 0.00186196 0.0898601 4.92185e-08 0.372949 0.000640413 1.84894e-12 0.0445775 0.00146616 7.47083e-06 0.0269828 0.224076 3.84022e-12 
0.0283567 0.00272086 0.229712 0.00268862 0.129993 0.0115861 0.00104332 0.00694082 0.0367724 0.0709528 0.000663587 0.107452 0.0363619 0.00028372 0.0390777 0.00230103 0.000390799 0.16191 0.128247 0.00254579 
0.0163627 0.0707545 0.0673301 0.000100985 0.00141607 2.15154e-05 0.0420046 0.000954976 0.00198889 0.510322 0.00100636 0.00751296 0.158049 9.0731e-06 0.0098597 0.00651609 7.65572e-05 0.0757605 0.000581414 0.0293716 
0.0456599 0.0104166 0.0670951 1.4401e-05 0.00253461 3.30957e-09 1.56935e-05 0.0300887 0.00602302 0.683975 0.000420842 0.0279315 0.00902742 2.23149e-09 0.0801783 0.00102627 2.56949e-05 0.0353142 0.000253095 4.63475e-09 
0.00439655 0.00125089 0.000534086 1.0173e-07 0.0118789 0.000104577 3.25707e-05 1.1119e-05 0.00621763 0.000963127 6.6251e-08 0.744432 3.06774e-05 5.42581e-08 0.00190455 6.26648e-06 8.24917e-06 0.228123 0.000104935 1.12693e-07 
0.00245941 0.0118319 0.00123842 6.12085e-10 2.80841e-05 4.84176e-10 4.48841e-06 0.0421231 1.3696e-07 0.938214 2.66618e-08 1.25993e-06 0.000205997 3.26457e-10 5.61892e-06 0.00128152 1.16624e-08 0.00246041 0.00014307 2.53377e-06 
0.0310349 0.00533024 0.118781 3.72023e-07 0.00258515 3.43263e-10 2.6525e-10 0.00158312 0.0332743 0.102372 0.0139673 0.205312 0.000541784 2.31446e-10 0.000921585 0.00113086 1.83959e-05 0.467464 0.0156827 4.80709e-10 
1.8444e-05 4.92171e-05 7.1e-05 3.60939e-08 7.05317e-05 2.85512e-08 2.20624e-08 0.0992255 1.05176e-05 4.59267e-05 2.35059e-08 1.81007e-05 0.747857 1.92508e-08 0.0480124 0.00086772 4.06191e-06 2.20288e-05 0.103665 6.16573e-05 
0.0398613 2.63773e-06 2.62457e-06 0.000292735 1.84575e-05 4.04175e-09 3.47689e-05 8.03272e-07 0.000158798 1.87889e-05 1.72849e-06 0.0358222 3.59792e-06 2.72516e-09 0.00211199 5.59179e-06 8.05256e-07 3.68794e-06 0.921659 5.6601e-09 
0.014016 0.000344505 0.0810094 0.00280263 4.94216e-07 9.13365e-11 2.03006e-05 0.0050618 0.161043 0.0605614 0.311543 0.0214849 0.00589931 6.1584e-11 0.105205 0.0231442 0.000359671 0.207504 5.42133e-07 1.27908e-10 
5.13708e-07 0.00184421 0.00584732 2.1612e-10 0.193787 1.5257e-08 4.04257e-07 7.5202e-08 0.0212948 0.00997818 3.06504e-07 0.218656 2.54711e-07 1.15268e-10 0.016471 2.82208e-07 0.00036079 0.505993 0.0257655 2.39409e-10 
0.00662746 0.000183806 0.00129442 2.10408e-05 0.809408 5.97097e-07 9.45621e-06 3.77695e-05 0.0724949 0.00631448 9.50915e-07 0.0258441 0.0428358 1.64159e-09 0.00989501 7.16226e-06 9.2783e-08 0.01418 0.0108448 3.40955e-09 
0.283766 0.000629031 0.00921623 5.30386e-05 0.273425 5.51744e-06 4.87799e-06 0.00640972 0.0459214 0.00207728 0.00150538 0.0413293 0.00051268 8.77477e-08 0.0247288 5.22856e-07 2.03362e-05 0.295614 0.0147795 7.4764e-07 
0.000986162 0.00236947 0.056706 0.00146711 0.726388 1.29332e-06 2.58106e-05 2.40647e-06 0.000186724 0.0292042 1.06478e-06 0.0240449 0.0048987 8.72029e-07 0.00799289 0.00297359 4.83508e-05 0.00902641 0.133674 1.81118e-06 
0.00813457 0.077473 0.00461362 2.90014e-05 0.000319371 4.72692e-09 7.11998e-06 0.000926499 0.00907313 0.0345881 3.89161e-09 0.538501 0.00032836 3.18714e-09 0.0011913 0.00340395 3.36201e-07 0.321294 0.000116173 6.61962e-09 
0.00245941 0.0118319 0.00123842 6.12085e-10 2.80841e-05 4.84176e-10 4.48841e-06 0.0421231 1.3696e-07 0.938214 2.66618e-08 1.25993e-06 0.000205997 3.26457e-10 5.61892e-06 0.00128152 1.16624e-08 0.00246041 0.00014307 2.53377e-06 
0.00267392 0.00798598 7.99814e-05 0.000681571 1.37855e-05 2.00701e-06 4.07985e-05 0.000589259 1.66204e-05 0.000671685 1.65234e-06 0.0388435 0.914779 1.35323e-06 0.0134263 3.15537e-05 6.53539e-05 0.00208954 0.0170933 0.000912977 
0.0138625 0.00968131 0.0306099 0.000171265 0.00639374 1.80624e-08 3.47548e-06 0.0245173 0.020189 0.745435 8.13624e-05 0.0486629 0.00279286 1.21786e-08 0.0402599 0.00331889 2.74437e-06 0.0468406 0.00716906 8.68133e-06 
2.81001e-06 0.0124508 0.0464457 2.16523e-09 0.024103 3.15272e-05 1.0921e-06 3.53888e-07 0.00940931 0.309868 0.0016155 1.09114e-05 1.34345e-06 1.15483e-09 0.015966 0.000718449 0.00493099 0.546724 0.0277114 8.98047e-06 
0.0482875 0.00326907 0.015597 2.65743e-06 0.000289247 2.12915e-08 1.49433e-11 0.21463 4.8984e-07 0.466652 5.73315e-08 0.0119838 0.028552 1.30389e-11 0.105104 0.00670291 0.000647627 0.0142026 0.0840798 2.70816e-11 
0.0340015 0.0154324 0.759452 8.19638e-07 0.000357013 1.92937e-09 0.00208647 0.0049951 3.17323e-05 0.0593716 0.00018282 0.0873839 0.0300267 1.30088e-09 0.000195164 3.40945e-05 9.6473e-06 0.000242568 0.00619658 2.70191e-09 
0.150122 3.66492e-05 0.0404135 0.00199933 0.0210423 8.28796e-05 0.000477909 3.14846e-08 0.0248414 0.00486883 0.260118 0.109371 0.00403724 2.88779e-08 0.0010468 0.000141677 0.000921664 0.00512133 0.375354 4.07907e-06 
0.0427024 0.00382913 0.162567 0.000365771 0.0262767 4.6072e-08 5.67911e-08 0.00183778 0.00186196 0.0898601 4.92185e-08 0.372949 0.000640413 1.84894e-12 0.0445775 0.00146616 7.47083e-06 0.0269828 0.224076 3.84022e-12 
0.110471 0.00557757 0.0294067 1.04898e-10 0.00337963 4.42233e-07 6.4119e-11 2.83942e-07 0.00452986 0.0579228 0.00142485 0.0514662 0.277221 5.59477e-11 0.0938438 0.00750974 7.39903e-08 0.00529983 0.351947 2.52939e-07 
0.016124 0.217673 0.046509 4.7306e-05 0.00343301 4.48553e-05 0.00123487 0.0122959 0.000130484 0.188772 0.00620512 0.0287958 0.258972 9.50869e-08 0.0209122 0.0465018 0.0811027 0.0428582 0.0270993 0.00128848 
0.18857 2.08989e-05 0.0212612 1.93812e-05 0.0226842 4.10871e-05 0.0229547 0.000200064 3.01914e-07 0.0187887 3.60491e-05 0.133597 0.357671 1.97568e-07 0.000762209 1.62553e-05 3.18032e-07 0.117537 0.115832 7.44701e-06 
0.00245941 0.0118319 0.00123842 6.12085e-10 2.80841e-05 4.84176e-10 4.48841e-06 0.0421231 1.3696e-07 0.938214 2.66618e-08 1.25993e-06 0.000205997 3.26457e-10 5.61892e-06 0.00128152 1.16624e-08 0.00246041 0.00014307 2.53377e-06 
0.0216719 0.00466283 0.0950648 4.73495e-09 0.108378 3.74547e-09 1.64355e-06 0.00012654 0.0380473 0.0846894 0.021494 0.0880168 0.126016 2.5254e-09 0.00235117 2.16661e-06 0.000318194 0.245429 0.16373 5.2452e-09 
0.0131661 0.0117384 0.00654041 1.05137e-06 0.0025653 7.30047e-05 3.07594e-05 0.00889482 0.00279329 0.0186015 0.000558052 0.00685676 0.827555 5.60751e-07 0.00532865 0.000350276 3.70923e-05 0.00431324 0.0905943 1.16467e-06 
0.307972 0.0104251 0.0117242 0.000608961 0.0506641 2.14291e-05 6.22106e-05 0.0205768 0.0600016 0.0433914 2.0129e-05 0.158186 6.20569e-05 5.31174e-06 0.0310751 0.00426206 0.0253097 0.255085 0.0205065 4.07399e-05 
0.0280722 0.0326642 0.0265978 7.92447e-05 0.0102062 1.81399e-05 0.0243282 0.00481941 0.0121735 0.0507743 0.0166899 0.253282 0.419814 1.78083e-05 0.0516647 0.000678617 2.11753e-05 0.0355652 0.032473 6.06536e-05 
0.00265569 0.00618901 0.0186764 2.72723e-06 0.0195283 5.32302e-05 0.00665005 0.00123762 0.00157111 0.117771 0.000206675 0.161326 0.47238 1.22516e-09 0.0393171 0.000536648 0.0332699 0.0208169 0.0978117 2.54463e-09 
0.0128223 8.67119e-05 0.0299767 1.25645e-05 0.00015373 3.65134e-06 0.000883138 0.000124562 0.00342807 0.0651756 0.00288581 0.0128959 0.812659 6.1659e-07 0.00310461 0.000363686 7.25009e-06 0.000798728 0.054616 1.28064e-06 
0.150649 6.41631e-05 0.00683996 0.000197501 0.740011 1.73637e-08 2.02945e-06 3.97662e-06 0.00103879 0.00810263 0.000113158 0.0570596 0.00259694 1.17076e-08 0.0159601 7.05105e-06 2.96624e-07 0.016655 0.000698633 2.43164e-08 
0.035059 0.00436995 0.537217 7.56936e-06 0.000486047 1.29802e-05 7.61604e-06 0.000547033 0.0363304 0.0270712 4.3865e-06 0.193817 0.0110073 4.76769e-08 0.0193963 7.22011e-06 0.00209349 0.099726 0.0326826 0.000156855 
0.00193536 0.0149928 0.252951 1.76709e-07 0.00627789 1.89608e-07 0.000920167 3.96339e-05 0.00603902 0.057102 0.000726454 1.91034e-07 0.565365 1.04472e-09 0.0377808 0.000287985 0.000941545 0.0411369 0.0135028 2.16986e-09 
0.00245941 0.0118319 0.00123842 6.12085e-10 2.80841e-05 4.84176e-10 4.48841e-06 0.0421231 1.3696e-07 0.938214 2.66618e-08 1.25993e-06 0.000205997 3.26457e-10 5.61892e-06 0.00128152 1.16624e-08 0.00246041 0.00014307 2.53377e-06 
0.0244533 0.00150226 0.17446 1.21243e-09 1.52848e-06 6.88853e-07 3.40082e-06 0.000750454 0.0356582 1.92329e-06 5.21663e-05 2.19947e-06 0.610439 6.46654e-10 0.0236395 0.000118732 0.00251141 0.000698413 0.125707 1.34309e-09 
0.00664057 0.0774983 0.0445371 7.32167e-06 0.0186859 5.98528e-10 0.000328741 0.0423755 0.00314149 0.0923384 7.59164e-07 0.00355921 0.305042 4.0356e-10 0.0258944 5.0518e-07 5.26422e-07 0.00878406 0.371054 0.000111717 
0.000412007 0.00158161 0.00430763 3.34521e-11 0.0161784 2.64615e-11 2.04476e-11 0.00203596 0.000349696 0.178444 2.16881e-08 0.00703241 6.3221e-08 1.78418e-11 1.39034e-07 0.000111289 5.85624e-09 0.76638 0.0231668 2.2015e-07 
0.0340015 0.0154324 0.759452 8.19638e-07 0.000357013 1.92937e-09 0.00208647 0.0049951 3.17323e-05 0.0593716 0.00018282 0.0873839 0.0300267 1.30088e-09 0.000195164 3.40945e-05 9.6473e-06 0.000242568 0.00619658 2.70191e-09 
0.0340015 0.0154324 0.759452 8.19638e-07 0.000357013 1.92937e-09 0.00208647 0.0049951 3.17323e-05 0.0593716 0.00018282 0.0873839 0.0300267 1.30088e-09 0.000195164 3.40945e-05 9.6473e-06 0.000242568 0.00619658 2.70191e-09 
1.7436e-06 2.09115e-06 0.0246567 8.34045e-10 0.00994637 6.59751e-10 5.0981e-10 1.2444e-06 0.00039249 0.590958 5.02026e-06 0.00574336 2.86792e-06 4.4484e-10 6.35813e-09 1.73485e-05 6.40846e-09 0.366732 0.00154099 9.23923e-10 
0.00868578 0.00359408 0.00445412 4.84854e-09 0.000228169 3.83532e-09 0.000606023 0.000114709 1.92858e-07 0.00296442 0.00339342 0.000824294 0.935349 2.58598e-09 0.000308972 0.000183945 1.99739e-05 0.00705553 0.0322149 2.11316e-06 
0.00357078 0.027915 0.229618 1.58728e-06 0.00529004 8.30126e-10 7.48768e-07 7.21311e-07 7.98065e-07 0.0659074 8.42405e-07 0.178381 0.187022 5.59716e-10 0.215625 0.000448811 1.5515e-07 0.055258 0.0309584 1.16252e-09 
0.00165988 0.0017754 0.0268952 0.00012687 0.0176335 5.4492e-05 2.21728e-07 2.22143e-05 6.00967e-05 0.00772818 2.36234e-07 0.00195809 0.883579 1.93471e-07 1.11017e-05 6.34319e-05 1.08967e-06 2.17475e-05 0.0259571 0.0324523 
0.0499898 0.0297271 0.0411067 3.49782e-06 0.0201538 3.1302e-09 0.000198801 0.000296283 0.015025 0.204251 0.000308195 0.0854 0.431883 2.11055e-09 0.0518933 0.00221575 0.00192264 0.03096 0.0346653 4.38357e-09 
0.0043121 0.802642 0.000343453 8.81285e-07 0.0020163 2.53601e-10 0.000368393 0.00611746 2.97816e-05 0.158497 3.64329e-07 0.00187562 0.00124951 1.70991e-10 0.000138844 0.00549027 8.2096e-06 0.0168547 5.5469e-05 3.55145e-10 
0.000139436 0.00206354 0.360889 6.8298e-07 0.000962251 0.000960607 9.1354e-07 0.0100143 0.00223002 0.13723 0.0689223 0.0190173 0.255011 5.08251e-07 0.101152 0.00233537 9.61719e-05 3.11099e-06 0.0388899 8.18002e-05 
1.88413e-08 0.000155385 0.029747 6.16369e-12 0.548093 4.87564e-12 2.33321e-05 0.0186788 0.00111878 0.0196755 4.01405e-12 0.0699386 1.86381e-08 3.28742e-12 0.0122875 0.00119357 2.75098e-09 0.282744 0.0163443 6.8279e-12 
0.130888 5.17052e-05 0.00392714 2.22785e-08 0.110578 0.0588454 0.000290687 4.33759e-05 0.00130414 0.0308271 1.45087e-08 0.209154 0.185061 1.18823e-08 0.000249748 0.00714177 6.13441e-06 0.257989 0.00364396 2.46793e-08 
0.107788 4.88451e-06 0.00900651 1.07865e-08 0.0713939 2.6619e-07 1.79848e-06 0.00159026 0.0158672 0.150681 0.000886379 0.018539 0.618934 5.75299e-09 1.42131e-06 6.17029e-06 1.2338e-06 7.015e-06 0.00529167 1.19488e-08 
0.451585 0.00297684 0.00170018 3.82905e-07 0.0110043 8.94177e-09 0.00030105 3.67937e-07 0.000151266 0.00244955 1.84938e-07 0.315838 0.131573 6.02902e-09 0.000804539 1.74184e-06 4.84774e-08 0.0573967 0.0242174 1.25221e-08 
0.488549 0.0249991 0.0109264 0.0390704 0.0486493 0.00181308 0.011527 7.88888e-06 0.00171114 0.028843 0.102299 0.13023 0.0432835 6.9952e-06 0.0332312 9.16937e-05 0.000165961 0.0321946 0.000744613 0.0016564 
9.85672e-07 0.00983981 0.0135197 1.75194e-10 1.14578e-05 8.32889e-08 1.07088e-10 0.00942021 3.32633e-07 0.104201 1.14094e-10 3.42955e-07 1.83121e-07 9.34404e-11 1.34235e-07 3.66541e-07 2.03649e-08 0.863005 1.0286e-06 1.94074e-10 
0.171976 0.0337201 0.298606 0.000300766 0.0983391 1.91277e-05 5.98838e-05 1.45612e-05 0.00355681 0.012869 0.000157576 0.00106497 0.216379 7.96409e-08 0.132569 8.77668e-06 2.26403e-05 0.0273119 0.00302529 1.65412e-07 
0.000444675 0.000526982 0.147676 8.24736e-08 0.501211 6.52388e-08 5.0412e-08 0.000177231 6.64652e-05 0.103867 0.000301847 0.0211787 0.00614548 4.39875e-08 0.00655323 0.000116429 1.72677e-05 0.207114 0.00460308 9.13611e-08 
0.00245941 0.0118319 0.00123842 6.12085e-10 2.80841e-05 4.84176e-10 4.48841e-06 0.0421231 1.3696e-07 0.938214 2.66618e-08 1.25993e-06 0.000205997 3.26457e-10 5.61892e-06 0.00128152 1.16624e-08 0.00246041 0.00014307 2.53377e-06 
0.0141175 0.00213027 0.0128176 4.10737e-05 0.0116788 0.000146762 0.00128775 0.0159523 0.00566263 0.0890367 0.00249139 0.0990426 0.549542 2.40321e-08 0.0292073 0.00116269 0.0176948 0.000746854 0.147239 2.01381e-06 
0.0499044 0.018075 0.032147 8.25726e-08 0.00599074 7.51484e-11 8.6883e-08 0.000706737 0.00590372 0.806632 9.16164e-07 0.0498314 2.22519e-07 5.06691e-11 9.71615e-08 0.0177811 5.85823e-07 0.0130157 1.04959e-05 1.05239e-10 
0.00956123 0.00429794 0.0217249 6.61512e-07 7.06326e-05 2.1371e-09 2.4597e-07 6.45822e-08 0.440843 0.00832411 1.75945e-09 0.399419 1.02521e-07 1.44095e-09 0.00226399 0.00169627 2.70631e-06 0.111471 0.000324555 2.99282e-09 
0.00382899 0.025123 0.0217126 4.03276e-07 0.270243 1.87512e-06 2.40369e-05 6.40731e-07 0.00108558 0.0165054 5.24854e-05 0.0458033 0.178127 2.15088e-07 0.0172263 8.25108e-05 9.39239e-05 0.35211 0.0679762 2.20653e-06 
1.51669e-05 0.0181717 3.54543e-05 0.00131909 0.0574675 1.64256e-10 3.24752e-06 0.00501437 0.00860896 0.036447 0.822806 1.56801e-05 2.97709e-06 1.10751e-10 4.46037e-06 0.00428146 7.44596e-09 0.0457947 1.20292e-05 2.30026e-10 
0.137307 0.0100552 0.0163661 8.20681e-05 0.317977 3.14111e-05 0.0141347 0.0461485 0.00444115 0.0605577 0.00412899 0.0850087 0.00682569 1.50575e-05 0.000827918 0.00073431 1.92904e-05 0.214383 0.0806623 0.000293983 
3.9438e-08 0.518058 0.00185084 2.24654e-11 0.00922066 1.77708e-11 1.3732e-11 0.000541067 2.62928e-05 0.202845 4.92295e-08 0.00109365 1.53305e-08 1.1982e-11 0.00227462 0.258087 5.11005e-09 0.00156673 0.0044357 2.48864e-11 
0.122879 0.00442763 0.0275475 6.29212e-10 0.578862 3.62822e-07 3.84606e-10 1.2962e-05 0.0840228 0.0204355 4.09769e-10 0.015949 0.00190917 3.35592e-10 9.30816e-07 0.000902743 1.08636e-07 0.14277 0.000277916 2.28401e-06 
0.00288443 0.00602649 0.0018393 1.11706e-07 0.00184242 1.12206e-07 6.29342e-05 1.21132e-05 0.0215476 0.00196538 7.84275e-12 0.599887 9.31063e-09 6.42304e-12 0.00865129 9.95508e-09 5.63087e-06 0.35382 0.00145523 1.33405e-11 
0.00926433 0.0173066 0.442117 2.27671e-07 0.0706768 5.9375e-11 2.72189e-07 0.178022 0.00666251 0.131994 2.35902e-07 0.0744468 0.00128317 4.00338e-11 3.73801e-07 0.0048034 6.38515e-09 0.0378653 0.0255567 8.31493e-11 
0.031075 0.0445535 0.11402 0.000155438 0.152871 0.000772092 0.000116569 1.91306e-05 0.00476133 0.0327348 0.0514207 0.0119405 0.215801 3.77941e-06 0.000704515 0.0314643 0.000346913 0.108911 0.198318 1.14249e-05 
0.122381 0.00481746 0.0260144 1.93949e-05 0.00165269 2.39785e-06 2.04375e-10 0.0222344 0.00127999 0.682151 2.17747e-10 0.00933893 1.0637e-07 1.7833e-10 1.16358e-07 0.0472169 4.63858e-06 0.077384 0.00550245 3.70387e-10 
0.0166395 0.0333357 0.149058 6.04664e-07 0.0101552 0.000105562 7.21087e-07 0.00684493 0.0969233 0.135604 0.000987669 0.0952847 0.0255412 3.5413e-10 0.0341183 0.00870118 7.3794e-05 0.0703686 0.316257 1.15307e-07 
0.0033728 0.0996608 0.356279 9.8278e-06 1.18634e-05 3.09874e-06 3.88874e-06 7.7559e-07 0.00365981 0.0535211 4.92217e-08 0.00958504 0.44106 4.03115e-08 0.00175681 0.000512772 3.34505e-06 0.00971142 0.0208472 8.37261e-08 
0.0587309 0.00503128 0.000236347 6.30022e-09 0.0148086 1.40124e-06 6.60772e-07 2.57472e-05 0.00312161 0.00259321 5.40246e-06 0.584028 0.000243543 3.36024e-09 0.000493144 2.33462e-05 1.18232e-06 0.330654 1.4025e-06 6.97913e-09 
0.00937387 0.00241047 0.0916226 0.000428449 0.0261722 1.15582e-05 8.03177e-07 2.40783e-07 6.41718e-07 0.053277 6.96271e-07 0.31299 0.101905 8.60619e-10 0.00993473 7.90899e-07 5.72864e-07 0.00273172 0.389138 1.78749e-09 
9.14737e-08 0.000254201 0.000175342 1.21165e-06 0.00615153 1.19218e-10 0.00321981 0.834392 0.00187746 0.138491 3.03702e-07 0.00170745 4.82002e-05 8.03832e-11 0.000281418 0.0124294 2.12537e-06 0.00091287 5.61326e-05 1.66954e-10 
0.00727891 0.0065661 0.00553428 4.62315e-08 0.00055125 6.23478e-05 2.44016e-05 0.000684665 0.0112587 0.0658518 0.00330116 0.0344005 0.616384 2.46577e-08 0.159836 0.00214108 2.92083e-05 0.0788853 0.00720971 5.12134e-08 
0.0599638 0.00525707 0.171415 0.00164264 0.0254277 0.00237672 0.00698382 0.0150936 0.00584905 0.0711922 0.00796741 0.132479 0.217568 0.000144537 0.0705026 0.0100625 0.000323459 0.121704 0.0718974 0.00214991 
0.0285008 0.00818986 0.0611294 9.72668e-10 0.00391501 7.69406e-10 0.0012899 1.5856e-06 0.00501045 0.0406479 0.000370513 0.000829772 0.00339305 5.18775e-10 3.74475e-07 0.000127382 1.74418e-05 0.842485 0.00409177 1.07748e-09 
0.0158075 0.00290222 0.0953847 1.10379e-10 0.00876162 9.95456e-07 6.74693e-11 6.39194e-07 0.0140783 0.232207 0.00102513 0.015635 0.114159 5.8871e-11 0.0308344 0.00429012 1.66543e-07 0.024455 0.440459 1.22274e-10 
0.0649464 0.00523642 0.357243 0.000109195 0.0408128 0.0102743 0.00014925 0.00635086 0.0377434 0.0749552 0.0384494 0.0154737 0.0985511 9.51036e-05 0.0114335 0.00322753 0.000112831 0.0909275 0.137657 0.00625114 
0.00888812 5.42269e-05 0.0150338 3.57006e-07 0.00162058 1.82898e-07 1.24605e-06 6.64369e-07 0.00976637 0.00538568 2.74125e-07 0.10708 0.000249631 5.08474e-10 0.66623 4.34795e-07 7.20206e-06 0.101506 0.084175 1.05609e-09 
3.66967e-06 3.41974e-05 0.0488266 6.83397e-08 1.18592e-05 0.000279233 4.13591e-10 8.6614e-06 2.83796e-05 0.60944 4.4065e-10 1.64392e-05 0.038472 3.60883e-10 1.13544e-05 1.64517e-06 6.28306e-07 0.302849 1.65283e-05 7.49545e-10 
0.0308632 0.0241802 0.0738938 0.00644281 0.0141637 0.00304671 0.00145389 0.00451224 0.0416416 0.07329 0.00043166 0.0873805 0.0256197 0.000253874 0.0669413 0.00288234 0.000786235 0.47718 0.0631897 0.00184629 
0.0254913 0.00905627 0.0216561 1.89374e-06 0.00200447 2.88781e-09 8.63631e-05 0.00041436 0.0107724 0.110608 2.37749e-09 0.14091 0.000153157 1.94711e-09 0.00774619 1.99897e-06 8.25332e-06 0.555795 0.115294 4.04411e-09 
0.000434967 0.000524161 0.00370184 3.15758e-06 0.00475981 0.221202 1.2409e-06 0.000347634 0.165974 0.0049399 5.80903e-06 0.00693627 0.125525 6.4661e-07 0.00430593 0.000129727 0.182431 0.0401852 0.238568 2.3084e-05 
0.977719 4.01203e-06 0.00300655 2.29889e-05 1.31201e-05 9.66624e-09 5.64752e-06 6.8373e-07 2.10496e-05 1.75856e-06 1.60189e-07 0.00387458 1.31625e-06 6.5175e-09 7.29921e-05 9.89573e-08 4.5195e-08 0.000612859 0.0146427 1.35367e-08 
0.00245941 0.0118319 0.00123842 6.12085e-10 2.80841e-05 4.84176e-10 4.48841e-06 0.0421231 1.3696e-07 0.938214 2.66618e-08 1.25993e-06 0.000205997 3.26457e-10 5.61892e-06 0.00128152 1.16624e-08 0.00246041 0.00014307 2.53377e-06 
0.0307014 0.0426073 0.00594233 1.56229e-07 0.86047 7.19445e-10 8.35517e-06 0.000125369 3.45923e-06 0.00123929 5.9231e-10 0.0535929 2.42724e-05 4.85089e-10 1.33498e-05 6.56438e-06 2.23624e-08 2.53997e-05 0.00523977 1.00752e-09 
0.0872725 5.06092e-05 0.0327074 4.62306e-07 0.325857 0.00230782 0.000122699 0.000437712 8.08443e-06 0.0643743 0.000270061 0.055291 0.355554 2.46572e-07 2.69719e-05 2.7041e-06 1.6367e-06 0.058923 0.016791 5.12125e-07 
0.0353448 0.00628711 0.045564 0.205603 0.0925642 9.03891e-05 0.000538131 0.0111353 0.00731567 0.0707096 0.000197453 0.078526 0.00898672 7.28792e-05 0.00666942 0.00272118 0.00444544 0.381401 0.0415757 0.000252137 
5.02654e-05 6.10857e-05 0.00480135 1.66763e-07 0.000128592 8.30769e-05 1.44822e-05 2.80249e-06 0.00209576 1.601e-05 0.000246524 8.79672e-05 0.978677 8.89434e-08 0.00175403 0.00159708 0.000525012 3.361e-07 0.00985824 1.84733e-07 
0.133671 0.00817347 0.0337361 3.7361e-05 0.000691302 6.4889e-08 6.14585e-05 6.73038e-05 0.000207675 0.00830204 0.000150512 0.197973 0.419933 4.37517e-08 0.0383062 5.31665e-05 9.31587e-06 0.0493022 0.109324 9.08712e-08 
0.0188609 0.00284758 0.0285085 0.000150575 0.0123817 0.219573 4.92338e-05 0.00010912 0.00585186 0.016007 0.00151066 0.000200681 0.544868 1.52675e-06 0.00252778 0.00108104 0.00233038 0.0166575 0.12593 0.000553861 
0.340057 0.00620402 0.118958 0.000246668 0.0236261 7.67867e-07 2.45171e-07 0.00163359 0.00428428 0.122076 5.34179e-06 0.000810656 0.288353 2.5802e-09 8.3901e-06 0.00467576 0.000508205 0.0741826 0.0143687 5.35903e-09 
1.82523e-07 1.79011e-06 0.37249 2.60848e-06 0.00440836 1.06867e-06 0.000156961 5.55658e-07 0.00549455 0.28928 0.00195069 0.00567699 0.308562 4.93287e-09 0.0019638 0.00219963 0.00107828 2.18988e-06 0.00673069 1.02455e-08 
0.00909607 0.000916217 0.0182172 5.57895e-07 0.822956 3.27084e-07 2.24908e-05 0.000319747 0.00308896 0.0280079 1.75051e-06 0.0479222 0.000267358 2.20537e-07 0.00362479 0.00247847 9.69879e-06 0.0576412 0.00542829 4.58051e-07 
0.00540389 0.00178748 0.111284 0.00299117 0.00750549 0.000100168 0.0389846 0.000341631 0.0276975 0.0192433 0.00365466 0.0236386 0.0406372 2.04286e-05 0.123959 0.00103365 0.00197246 0.518498 0.0712132 3.33258e-05 
0.0530782 0.000934899 0.00855814 0.000125472 0.591335 9.26697e-05 0.000416335 0.00591745 0.0118941 0.0139723 0.000785461 0.0309626 0.00237767 9.08006e-05 0.00206974 0.000617655 0.00111797 0.108488 0.165115 0.00205047 
0.00909449 0.00355885 0.0306373 4.59716e-05 8.97649e-05 8.74831e-05 0.000178265 0.00120417 0.0029581 0.0102537 0.000118853 0.0126771 0.92152 4.55535e-05 0.00165085 0.0016691 0.000159703 0.00139486 0.00232523 0.000330634 
0.0340015 0.0154324 0.759452 8.19638e-07 0.000357013 1.92937e-09 0.00208647 0.0049951 3.17323e-05 0.0593716 0.00018282 0.0873839 0.0300267 1.30088e-09 0.000195164 3.40945e-05 9.6473e-06 0.000242568 0.00619658 2.70191e-09 
7.27309e-07 0.00361207 0.157711 2.74548e-07 6.61835e-07 0.00109022 2.17916e-11 0.00107908 0.00529425 0.178503 1.74153e-07 0.116508 0.0200634 1.90145e-11 0.357724 0.0223924 7.68298e-05 0.0556062 0.0803378 3.94927e-11 
0.0607243 0.00308827 0.0259136 0.000137757 0.453359 0.000341805 5.55442e-05 0.00646723 0.00608343 0.0123483 0.000123049 0.213727 0.00108612 3.03956e-06 0.0484328 0.00153637 8.77608e-06 0.114904 0.0513507 0.000308909 
0.0196856 0.0182154 0.105265 0.00187462 0.0121946 0.001117 0.0016191 0.0112072 0.106161 0.0424324 0.000873272 0.272043 0.0298526 0.000520992 0.182264 0.0163322 0.00253556 0.113044 0.0592818 0.00348031 
0.354323 0.000336145 0.0547395 0.00257174 0.00507922 0.000157347 0.000575399 0.0598498 0.0030806 0.0294562 0.000655335 0.0337808 0.0365532 8.63049e-05 0.00150448 0.000495701 0.000163912 0.000134196 0.318052 0.0984046 
0.00242175 0.00608792 0.00169933 0.0753825 4.71394e-05 0.000630768 0.893289 0.000697067 0.000721276 0.00475081 2.59793e-05 0.00558312 0.00266704 1.73384e-05 0.00145092 0.000288787 3.83758e-05 0.0025639 0.00156682 7.06992e-05 
0.0757687 0.000355032 0.642397 4.96722e-05 0.0195784 0.000923413 0.0130813 0.00962401 0.00315515 0.0137469 8.95994e-05 0.125327 0.0144235 3.96676e-05 0.0676458 0.000432877 0.000349924 0.00978006 0.00141377 0.001818 
0.0832807 0.0255911 0.0175231 0.000596866 0.0100568 9.4759e-08 2.23778e-05 0.000492757 0.00741488 0.772688 4.19379e-10 0.0190469 3.45121e-06 3.43462e-10 0.00612493 0.0160704 0.000391291 0.028874 0.0118221 7.13363e-10 
0.0801738 0.0150693 0.0447918 0.000195799 0.0441637 6.24518e-05 0.000847987 0.037413 0.0027675 0.0629675 5.24703e-05 0.0856723 0.260398 3.68614e-06 0.0163319 0.0156828 3.87407e-06 0.220727 0.112661 1.38542e-05 
0.466969 7.57915e-06 0.000489673 0.00523378 0.238364 3.46345e-07 1.87607e-05 3.84596e-05 0.15821 0.000396251 5.85014e-05 0.067392 2.77267e-08 1.12329e-09 8.28391e-07 0.000368849 1.6312e-06 0.0470055 0.015445 2.33305e-09 
0.00245941 0.0118319 0.00123842 6.12085e-10 2.80841e-05 4.84176e-10 4.48841e-06 0.0421231 1.3696e-07 0.938214 2.66618e-08 1.25993e-06 0.000205997 3.26457e-10 5.61892e-06 0.00128152 1.16624e-08 0.00246041 0.00014307 2.53377e-06 
0.0434536 0.00187542 0.180574 1.45277e-05 0.00341796 0.000481382 0.0153628 7.50106e-05 7.73844e-05 0.0459707 0.0378834 0.114185 0.458434 1.07591e-06 0.000140306 0.000942078 1.56762e-05 0.0879673 0.00912688 1.4095e-06 
0.00245941 0.0118319 0.00123842 6.12085e-10 2.80841e-05 4.84176e-10 4.48841e-06 0.0421231 1.3696e-07 0.938214 2.66618e-08 1.25993e-06 0.000205997 3.26457e-10 5.61892e-06 0.00128152 1.16624e-08 0.00246041 0.00014307 2.53377e-06 
0.00245941 0.0118319 0.00123842 6.12085e-10 2.80841e-05 4.84176e-10 4.48841e-06 0.0421231 1.3696e-07 0.938214 2.66618e-08 1.25993e-06 0.000205997 3.26457e-10 5.61892e-06 0.00128152 1.16624e-08 0.00246041 0.00014307 2.53377e-06 
0.509763 0.00554138 0.0294932 0.00240805 0.0170265 0.00951435 0.00987836 0.0055033 0.0351541 0.0286268 0.00430488 0.0785368 0.0217718 0.00194426 0.036942 0.00451165 0.00934692 0.0717761 0.114829 0.00312814 
0.0218888 0.00151942 0.0411792 0.000375629 0.000901737 3.52152e-06 0.688255 0.0103156 5.9966e-05 0.0204194 8.61984e-05 0.0375185 0.163069 2.44029e-08 0.00184333 6.81912e-05 0.00104435 0.00309967 0.00835254 5.06842e-08 
0.613338 0.00153263 0.00350579 0.000759651 0.00388845 0.00360858 7.35355e-05 0.00253283 0.00565023 0.00763221 0.0025871 0.00453624 0.0157677 2.14105e-07 0.00437203 0.00283332 0.000603726 0.00286293 0.323914 4.44691e-07 
0.00289879 0.0141165 0.136123 0.00076835 8.41247e-05 4.50925e-08 1.47446e-05 0.000384754 0.0185001 0.0387652 0.0674142 0.00714817 0.488686 3.04038e-08 0.0124916 0.0173446 0.0696869 0.0417662 0.00124819 0.0825589 
0.00709374 8.10258e-05 0.0116001 1.39047e-07 0.0334232 3.29882e-05 0.000124979 8.95596e-06 0.000183994 0.0428673 0.000479517 0.210234 0.581894 7.41612e-08 0.0110806 0.0005717 0.000105396 0.00010056 0.100117 1.54031e-07 
0.012706 0.00364135 0.261012 2.08122e-09 0.00995747 1.6463e-09 0.034881 0.0425195 0.0621044 0.241116 0.000660214 0.115041 0.0672246 1.11002e-09 0.0153491 0.00125869 0.000198587 0.0447288 0.087601 2.3055e-09 
0.275482 0.0476903 0.0138971 4.26619e-06 0.0176608 2.18142e-07 0.0367813 0.000331257 0.01859 0.0317189 1.79594e-07 0.0833052 0.435026 1.47083e-07 0.00469059 0.0020874 0.00358608 0.0237474 0.00538905 1.17623e-05 
0.295838 0.00947808 0.021457 0.00120788 0.401505 6.62443e-05 0.00194105 8.2728e-05 0.00184021 0.0257923 0.000101978 0.0783351 0.00164207 8.82214e-06 0.0130851 0.00112675 9.87949e-06 0.080568 0.0502382 0.0156757 
0.0428526 0.0141387 0.0211456 0.000114928 0.00382354 5.87786e-06 2.31008e-05 6.30799e-06 0.000515283 0.0582061 6.43694e-05 0.0692201 0.719238 2.41833e-08 0.0352488 4.97182e-06 8.90665e-06 0.00176733 0.0335877 2.75116e-05 
0.0470915 0.0225345 0.407221 0.0152466 0.0168138 0.000739926 0.00298562 0.0112321 0.0159642 0.0443213 0.00348799 0.138338 0.0309888 0.000718029 0.0476953 0.00364071 0.0033597 0.147296 0.0371294 0.00319462 
0.0340015 0.0154324 0.759452 8.19638e-07 0.000357013 1.92937e-09 0.00208647 0.0049951 3.17323e-05 0.0593716 0.00018282 0.0873839 0.0300267 1.30088e-09 0.000195164 3.40945e-05 9.6473e-06 0.000242568 0.00619658 2.70191e-09 
0.136244 0.000216514 0.0171635 0.000305599 0.28169 8.03924e-05 0.000159334 0.00476968 0.0488763 0.00530968 0.0653265 0.036491 0.000309402 5.64821e-05 0.00457302 0.0303002 0.000141639 0.197249 0.168206 0.00253267 
0.0336782 0.0370026 0.0151338 3.95622e-05 4.07135e-05 2.74141e-05 0.000381406 1.56363e-05 0.0117011 0.0530944 0.0243804 0.000503369 0.708892 1.65005e-06 5.84524e-05 0.00158448 0.0836459 0.0256472 0.0041675 4.40135e-06 
0.0735136 0.00719656 0.0573122 3.17396e-05 0.0197659 1.00565e-05 0.000811736 0.00812105 0.0139838 0.0520806 0.000460212 0.00658799 0.705411 9.67852e-08 0.00241344 0.00028929 0.000111325 0.0511831 0.000611661 0.00010509 
1.41597e-06 0.0397045 0.0324682 8.16634e-11 0.000148561 8.07613e-06 0.00259324 0.0207866 0.00121114 0.708884 5.31826e-11 0.0152467 0.0086646 4.35554e-11 0.0526933 0.107046 0.000180258 0.00390406 0.00645926 9.04635e-11 
0.00994901 0.0332176 0.256034 0.0419109 0.000235784 0.226384 0.0070372 0.0017917 0.000631193 0.0585101 0.00209736 0.0267304 0.227325 0.000183215 0.0150128 0.0811151 0.000249258 0.00554352 0.00465671 0.00138543 
0.0340015 0.0154324 0.759452 8.19638e-07 0.000357013 1.92937e-09 0.00208647 0.0049951 3.17323e-05 0.0593716 0.00018282 0.0873839 0.0300267 1.30088e-09 0.000195164 3.40945e-05 9.6473e-06 0.000242568 0.00619658 2.70191e-09 
0.120293 0.105309 0.0619191 1.39951e-08 0.00640059 2.66665e-07 0.000207665 3.71586e-05 1.15028e-06 0.00207158 5.81378e-07 0.230629 0.0183667 7.46433e-09 0.410012 0.0139972 2.28816e-06 0.0245528 0.00618808 1.16824e-05 
0.0120414 0.00839181 0.00529469 1.10996e-08 0.192147 9.77111e-06 0.000106557 0.0215966 0.00143119 0.00875965 7.22855e-09 0.691149 0.0229326 5.92002e-09 0.0283095 0.000257925 4.37813e-06 0.00489188 0.00267618 1.55881e-08 
0.01188 0.00895422 0.000909973 2.52813e-05 0.00117363 1.218e-06 4.84425e-06 0.000228967 0.0342363 0.00697609 5.89619e-05 0.288595 0.000131688 2.3532e-07 0.0720191 0.066694 1.81065e-06 0.507534 0.000574316 4.88754e-07 
0.00868578 0.00359408 0.00445412 4.84854e-09 0.000228169 3.83532e-09 0.000606023 0.000114709 1.92858e-07 0.00296442 0.00339342 0.000824294 0.935349 2.58598e-09 0.000308972 0.000183945 1.99739e-05 0.00705553 0.0322149 2.11316e-06 
0.0680276 6.35558e-05 0.011651 0.000129963 0.797393 4.97951e-06 4.68961e-05 0.000262153 0.00889241 0.00372483 0.00206283 0.026723 4.35967e-05 1.00343e-09 0.0100783 2.06048e-05 2.77474e-05 0.0506149 0.0202325 2.58614e-07 
0.738503 0.00405745 0.033201 1.25217e-05 0.0028723 5.71237e-09 0.0102062 3.26921e-06 0.000249262 0.0361298 1.21731e-05 0.112652 0.00278055 3.85159e-09 0.00500772 0.00461296 4.16574e-07 0.0256821 0.0240182 7.99966e-09 
0.0211697 0.0492168 0.259187 4.41928e-06 0.0122217 2.19091e-07 0.00173537 0.00987785 0.0575858 0.342166 0.000428026 0.110816 0.000271096 4.35015e-10 0.00935802 0.0100144 7.01334e-08 0.100603 0.015344 1.11799e-08 
0.0777023 0.0302803 0.102983 0.000516208 0.449208 0.00282269 0.000316034 0.0053003 0.00642874 0.0639307 0.000161507 0.125206 0.0327205 6.30187e-05 0.00753556 0.00374861 0.000206227 0.0313909 0.0593651 0.000114874 
0.170334 0.0683092 0.0400191 7.76326e-05 0.150401 0.000176522 0.00165937 0.000657066 0.00926199 0.332559 8.24307e-05 0.0596687 0.074292 1.73985e-05 0.000767897 0.00336583 0.000247844 0.0689998 0.0185019 0.000601184 
0.0459787 0.00481579 0.00541743 8.20007e-06 0.786966 1.64404e-09 1.2704e-09 4.40402e-06 0.00281323 0.00956447 0.00017834 0.0180683 0.0186842 1.1085e-09 0.000131047 1.68017e-05 2.67055e-05 0.102983 0.00434319 2.30233e-09 
0.00158563 0.000803284 0.894125 3.10858e-06 0.0010424 4.19458e-07 0.00092063 0.000454969 0.0010019 0.00364489 3.58322e-07 0.018675 0.000501001 2.10489e-07 0.0739434 3.57617e-05 9.42149e-06 0.00325105 9.3703e-07 6.81233e-07 
0.00333213 1.69906e-06 0.453348 3.97544e-09 0.000121475 1.66638e-06 0.304589 6.27077e-07 0.00138591 0.00851221 0.000337394 0.0514809 0.175255 2.12031e-09 0.00161943 4.15975e-06 2.71195e-06 7.20289e-06 8.46501e-07 4.40384e-09 
0.0149931 0.00747595 0.00197171 7.76557e-08 0.0063617 6.14277e-08 0.00836938 0.00208255 0.0246796 0.0298133 5.05727e-08 0.00984836 0.87104 4.14179e-08 0.00384517 0.00185468 0.000154332 0.000451322 0.0170581 8.6024e-08 
0.0087924 0.00228592 0.16058 3.6952e-07 0.0169852 1.98083e-09 2.16944e-08 0.215689 0.00680788 0.484531 0.000772436 0.00859878 3.25183e-07 1.33558e-09 4.19008e-05 0.000446862 8.32158e-08 0.0885605 0.00590684 2.77398e-09 
0.0313111 0.00205843 0.00343978 0.0185839 0.015471 1.46021e-08 6.49926e-06 0.00284938 0.0218507 0.0669077 1.70065e-05 0.156263 1.86914e-05 7.64732e-11 0.0332936 0.000356133 1.20025e-08 0.345658 0.301914 2.05861e-07 
3.56357e-06 1.35341e-06 0.0538672 3.54639e-10 1.18274e-06 8.30395e-06 2.66653e-06 0.000163318 0.396125 0.0935895 5.10436e-06 3.42844e-06 0.422816 1.89148e-10 0.00906566 2.76709e-06 0.00135085 4.4204e-05 0.0229495 3.92856e-10 
0.027609 0.00468666 0.0282019 0.00060919 0.0337433 0.00631296 0.000389567 0.00355152 0.00658803 0.486454 0.000251829 0.0190479 0.00229824 0.000196618 0.00523477 0.0160165 0.000408046 0.20492 0.0193097 0.13417 
0.00868578 0.00359408 0.00445412 4.84854e-09 0.000228169 3.83532e-09 0.000606023 0.000114709 1.92858e-07 0.00296442 0.00339342 0.000824294 0.935349 2.58598e-09 0.000308972 0.000183945 1.99739e-05 0.00705553 0.0322149 2.11316e-06 
0.0122924 0.000229847 0.013409 0.000136921 0.734578 2.33672e-05 4.09432e-06 0.0013418 0.003402 0.013111 0.015676 0.00899193 0.0129505 1.07897e-06 0.00280348 7.51262e-05 1.0357e-05 0.116199 0.0647098 5.42428e-05 
0.00692211 0.701756 0.0056284 0.000362128 0.000149447 0.000151883 0.00013123 9.49955e-06 0.00310247 0.00306333 0.000138957 0.140093 0.0032132 2.1884e-06 0.000468624 0.00131582 0.00342208 0.129979 8.54772e-05 5.81936e-06 
0.0224394 0.0210137 0.112179 0.000170836 0.00831562 1.64563e-06 0.00212731 0.0039517 0.0294184 0.421977 9.89998e-05 0.0389931 0.223571 3.05371e-07 0.0565295 0.00192556 0.00199345 0.0498749 0.00541549 3.24419e-06 
0.493174 0.0104632 0.0227855 0.000782429 0.0194805 0.00212896 0.00108428 0.000619898 0.0633487 0.0160918 0.000990988 0.120562 0.0122764 0.000436886 0.0562964 0.00104329 0.00529787 0.0773076 0.094557 0.00127237 
0.0541199 0.0122904 0.0316343 0.00650286 0.00514219 1.38897e-07 0.00848795 0.000118087 0.00746781 0.0142129 1.39723e-07 0.584779 0.0802887 8.52979e-08 0.0546805 0.000464273 0.0404205 0.078332 0.0210579 2.29212e-07 
0.0141856 0.258186 0.00518298 3.08686e-08 0.00411261 1.30322e-08 3.97534e-08 0.0243158 0.00207495 0.63358 7.9572e-07 0.0118723 6.02417e-05 2.81654e-11 9.73864e-05 0.0251504 1.55402e-06 0.0206939 0.000485036 3.81889e-08 
0.0634691 0.00705497 0.00680927 0.000292768 0.0110278 0.000152006 1.83316e-06 0.00149838 0.538725 0.0749707 1.90285e-05 0.04638 0.013591 2.88287e-08 0.00589018 0.00185329 0.0635334 0.0566255 0.108106 5.98766e-08 
0.920085 0.00240192 1.55375e-07 3.33888e-06 0.00655873 4.52869e-12 0.001354 7.13441e-05 7.72126e-07 4.08275e-08 0.000153346 0.0354532 0.000658548 3.05349e-12 3.45953e-07 6.40913e-08 1.55134e-09 2.18369e-07 0.0332586 6.34203e-12 
0.0484953 0.0838635 0.0173887 2.59521e-07 0.0944922 5.78283e-05 8.5766e-05 0.000914967 0.0655533 0.179759 6.38446e-05 0.117512 0.0053947 1.01252e-07 0.0613875 0.00451207 3.54009e-05 0.140569 0.179912 1.89378e-06 
0.00623839 0.0616787 0.036366 0.00239369 0.00281416 8.58603e-12 5.83919e-08 0.000170677 8.35388e-08 0.227492 7.06877e-12 1.49882e-07 3.59625e-07 5.78916e-12 5.83231e-08 0.018002 4.24095e-08 0.0333222 6.83037e-08 0.611521 
0.0407439 0.0561669 0.459081 0.0299692 0.00919027 0.03289 0.000342997 0.000347411 0.00141163 0.178914 0.000753145 0.0331321 0.00302853 0.00015901 0.00333055 0.0163905 0.000171833 0.0667801 0.0605201 0.00667652 
0.199439 7.04053e-05 0.00064146 0.0113989 0.00722001 6.13185e-10 0.000447426 4.03254e-05 0.00965585 0.00100739 0.000184024 0.04459 0.000299661 2.24542e-13 0.000460591 0.000232746 5.04834e-10 0.00243737 0.721875 4.66369e-13 
0.0303694 0.000390535 0.0343941 0.000104653 0.00725649 8.57257e-05 0.000313679 0.00243405 0.000414392 0.101874 1.43901e-05 0.111615 0.613877 3.75852e-06 0.00356073 0.00016825 4.62254e-05 0.0504408 0.0426209 1.56939e-05 
0.0481157 2.12433e-05 0.349606 5.83214e-09 1.30595e-06 4.61337e-09 1.63632e-05 0.00675458 0.00441638 1.29684e-05 5.48415e-06 3.09141e-05 0.48825 3.11059e-09 0.0171959 8.62932e-06 0.000822597 0.0847405 1.53309e-06 6.46062e-09 
0.543904 0.0171704 0.0129752 0.000135946 0.00240598 3.18029e-06 0.000571634 0.0170426 0.08553 0.0248685 0.00391388 0.133733 0.0183511 1.13893e-06 0.0653517 0.00464896 0.000229252 0.0673386 0.00181922 5.43665e-06 
0.0455055 0.0256383 0.191976 2.95791e-09 0.00130799 1.54096e-05 0.00099768 3.19355e-06 0.0774753 0.00198807 0.000502279 0.242912 0.0125751 1.57761e-09 0.0395872 7.44218e-07 0.00270778 0.120841 0.235966 3.27666e-09 
0.199067 0.0265086 0.0464976 0.000915559 0.0126928 0.0111632 0.00280564 0.0199583 0.0247436 0.0298033 0.00182796 0.231768 0.115038 0.000529175 0.0358857 0.00278113 0.0128389 0.122595 0.099246 0.00333407 
0.0170715 0.00486515 0.019081 9.33797e-06 5.41442e-05 0.000152694 0.00246957 0.0194296 0.00018425 0.00795164 0.0751088 0.0339988 0.81728 1.03968e-06 2.6576e-06 0.000116301 0.000500869 0.000220508 0.00149781 4.04862e-06 
0.0182427 0.00546442 0.817646 3.9462e-05 0.00130397 5.1958e-10 1.63638e-06 0.000551515 0.00838783 0.0153942 0.00573094 0.0590228 0.0228344 3.50329e-10 1.02104e-06 0.000429552 8.65421e-05 0.0273273 0.0175359 7.27625e-10 
0.0595641 0.145933 0.0187547 8.43027e-07 4.39846e-07 7.68443e-11 0.00385133 1.48714e-05 0.00123006 0.0393453 1.02488e-05 0.00926622 0.0469061 5.18126e-11 0.0054131 0.00587908 0.00112993 0.0117017 3.60845e-07 0.650998 
7.79386e-07 0.0209418 0.525654 7.84583e-06 0.0033049 1.78822e-07 3.09818e-10 0.000571218 4.74407e-07 0.405723 0.00087459 0.000737884 0.0111532 2.70335e-10 0.00282711 0.00442279 7.701e-05 0.010469 0.0132341 5.61479e-10 
0.0774582 0.0126655 0.0721941 1.90589e-05 0.034637 1.44881e-08 4.70613e-06 3.98818e-07 3.03852e-05 0.0230524 0.0203764 0.176744 0.424605 9.76863e-09 0.0172885 2.09985e-06 4.3904e-06 0.113224 0.027694 2.02892e-08 
0.576905 0.032739 0.0230831 1.95344e-07 2.74792e-05 0.000153127 0.000472061 0.000698058 5.9241e-05 0.117807 4.46935e-06 0.011502 0.0128852 1.04187e-07 0.00574253 6.07048e-06 0.000157948 0.193326 0.0243086 0.000123181 
0.0179676 0.0107608 0.0205576 6.47406e-06 5.35242e-06 9.77125e-06 7.30063e-05 0.000970042 0.0046932 0.0173148 0.00187181 0.0376676 0.855943 5.10278e-08 0.00781413 0.00074955 0.000112347 0.0234295 1.87386e-05 3.47008e-05 
0.0109252 0.00688639 0.056491 0.000519547 0.00250272 0.00316987 1.41395e-05 0.000293968 0.00418002 0.197156 0.00530419 0.128284 0.00523066 4.89996e-06 0.00216347 0.509888 0.00125088 0.0620815 0.00364847 5.45686e-06 
