0.113197 0.00458538 0.0143963 0.00126831 0.533564 2.54974e-05 0.000632754 0.00450688 0.00600762 0.0326955 0.00797772 0.112071 0.00625506 5.34944e-05 0.0129764 0.00142526 9.40012e-05 0.0754922 0.0559838 0.0167918 
0.0072862 0.0112416 0.00888944 0.000666557 0.00603254 1.46542e-05 1.52829e-05 0.00164468 0.790767 0.0272777 2.40171e-06 0.0353391 0.00145634 4.71535e-08 0.0124476 0.0102585 0.00201019 0.0720926 0.0125574 8.15243e-11 
0.00386354 0.00179087 0.0260054 6.57393e-07 0.00698581 6.62283e-05 3.90045e-05 0.000101551 0.0450118 0.0146685 0.000582395 0.0159714 0.527076 9.12129e-06 0.00976205 0.000717427 5.75886e-05 0.0767277 0.270563 2.69249e-09 
0.212839 0.00343494 0.00893094 0.00227514 0.255491 2.3962e-08 0.000135829 0.000646841 0.0473043 0.0180542 2.26475e-06 0.0392688 0.000323472 1.39229e-06 0.00220035 0.00256004 1.51702e-05 0.182279 0.224237 1.31449e-10 
0.0272853 0.0221348 0.0907865 0.00230002 0.0158298 0.00110344 0.0246124 0.0775722 0.0569276 0.318745 0.00710136 0.046881 0.0487282 0.0022626 0.0575985 0.0871392 0.0071901 0.066277 0.0285953 0.0109292 
0.123336 0.000560369 0.0039349 0.00139355 0.0426603 4.01453e-06 0.000404975 1.62154e-05 0.0131369 0.00258914 0.00130205 0.113332 0.00712239 5.22042e-06 0.00396901 0.000826288 3.04775e-05 0.0213565 0.664017 2.26898e-06 
0.130933 0.0253821 0.00742955 1.9777e-06 6.47366e-07 4.91465e-11 0.000635646 0.00159877 4.57344e-07 0.0020104 6.05496e-08 0.601733 0.00233718 3.31372e-11 0.0120279 0.000122344 1.20168e-11 0.00182365 0.213963 2.45856e-07 
0.0506542 1.76455e-05 0.0181036 4.86592e-06 5.16799e-05 0.000508903 3.07085e-06 4.46215e-06 1.56411e-06 0.0122762 4.94368e-07 0.0193926 0.881629 4.04876e-07 0.000713508 3.81243e-05 1.46824e-07 0.0164979 0.000101034 1.01589e-06 
0.000114185 3.58337e-06 0.00258045 1.29501e-05 0.0251174 7.56614e-06 0.93697 6.4468e-05 0.00303075 0.00233021 9.30596e-06 0.00497898 0.00344953 1.20378e-08 5.80651e-05 4.45887e-05 5.0002e-06 0.0202469 0.000976325 8.08305e-11 
0.0374325 1.1852e-06 0.0577303 1.11977e-06 0.738986 3.30131e-07 0.000347124 0.00234643 0.0021905 0.00527246 0.000157973 0.0582714 0.0055919 5.30159e-07 0.00104504 6.03652e-05 0.000103793 0.0125261 0.0778971 3.81022e-05 
0.0257302 0.0754592 0.262329 0.00220015 0.0199055 1.82819e-07 0.000175548 0.0113292 0.000698202 0.279009 0.00157011 0.0963998 0.0436085 2.59493e-06 0.0627868 0.00144597 7.56255e-06 0.0813717 0.0359703 9.50691e-10 
0.00802177 0.025176 0.0370204 0.00016124 0.00723735 1.36536e-05 9.16953e-05 0.0167917 0.0083909 0.692978 3.1261e-05 0.0103122 0.00900358 1.00381e-06 0.005168 0.0457788 1.40077e-05 0.124954 0.00885499 3.52034e-10 
2.85491e-06 4.16325e-05 3.34216e-10 1.13316e-06 1.60409e-06 1.7895e-09 2.48006e-06 1.46453e-06 2.14661e-05 6.62347e-06 0.999854 1.08274e-06 4.83988e-06 1.20658e-09 2.37412e-10 8.82552e-07 6.83196e-08 5.88502e-05 9.32604e-07 2.50603e-09 
0.0674029 0.0204056 0.121977 1.24191e-05 0.00618186 1.62171e-06 0.0059953 0.00170534 0.00103932 0.0273995 0.0336684 0.233194 0.31906 0.000293055 0.0658121 0.00266338 0.000575066 0.039362 0.0471264 0.00612502 
0.0452907 0.000442781 0.0149571 0.036221 0.0139048 0.00356289 0.000440151 0.062484 0.00497701 0.0477754 0.199651 0.00602088 0.0232906 0.000364832 0.00462545 0.0161112 0.00124028 0.026955 0.491685 8.40694e-08 
0.144385 0.00675854 0.0189847 5.03348e-06 0.00164624 3.82993e-05 0.00031252 2.30309e-05 0.0649647 0.0318398 2.38157e-05 0.685336 0.00181714 5.00365e-06 0.00120366 5.20508e-05 2.46714e-05 0.0210846 0.0214953 1.44376e-07 
0.00192651 0.00339634 0.0195232 0.000542242 0.000528091 3.10143e-07 0.000531119 0.0079231 0.042447 0.333371 0.0166152 0.0236394 0.188477 0.000440461 0.251142 0.0096328 0.00553267 0.0574613 0.0368631 7.85668e-06 
0.0818301 0.00211298 0.00435074 9.30043e-06 0.0286876 0.000113273 0.000566159 0.000157186 0.00904323 0.0125836 7.28402e-06 0.80292 0.0055788 9.24295e-06 0.0018206 1.11956e-05 9.54011e-06 0.0196571 0.00231953 0.0282126 
0.00280946 0.00536669 0.00108751 6.59118e-07 0.000337471 8.82732e-10 0.0495722 0.0464085 0.00232384 0.857941 2.93543e-06 0.0020924 0.0006852 1.08287e-08 0.00155543 0.0185732 1.45347e-05 0.0087844 0.00244405 2.69402e-11 
0.0133173 0.0373804 0.399329 8.09001e-05 0.00399616 9.91269e-06 0.00119195 0.00092609 0.124552 0.16881 0.000229474 0.0477217 0.0557547 4.09423e-05 0.0103753 0.0195794 0.00358878 0.0314851 0.0816306 8.82791e-10 
0.0163184 0.0031516 0.112624 0.00028151 0.0125893 0.0255382 0.000186826 0.000887691 0.0127542 0.0530795 0.00618472 0.0338456 0.288337 0.000397966 0.0127352 0.00161781 0.00046754 0.290937 0.12695 0.00111478 
0.0342308 0.00345971 0.0921658 8.47203e-06 3.56366e-05 0.0402111 7.70323e-05 0.00209857 0.0025856 0.0252309 0.00173123 0.0133 0.718079 2.9414e-05 0.0402486 0.000114628 0.000528549 0.0180087 0.00785567 6.15296e-08 
0.0280322 0.000339826 0.00214095 0.000509021 0.0238413 6.03498e-06 0.000148122 0.000972763 0.019162 0.00724555 0.000378727 0.0228763 0.0010768 0.000146209 0.0043723 0.000252952 0.00443421 0.0330537 0.851011 3.58211e-09 
0.00245941 0.0118319 0.00123842 6.12085e-10 2.80841e-05 4.84176e-10 4.48841e-06 0.0421231 1.3696e-07 0.938214 2.66618e-08 1.25993e-06 0.000205997 3.26457e-10 5.61892e-06 0.00128152 1.16624e-08 0.00246041 0.00014307 2.53377e-06 
0.00290577 0.00232446 0.00766615 5.47534e-07 4.32053e-07 3.15389e-08 8.25856e-05 9.15268e-06 1.93632e-07 0.00539967 4.78052e-07 0.0101922 0.966474 9.11231e-08 0.000278317 0.00406886 6.12635e-06 0.000418541 0.000168647 4.17503e-06 
1.22397e-05 0.672443 0.0458715 2.63578e-07 1.46949e-05 3.23839e-05 0.0128562 0.000443909 0.00345823 0.00554213 7.49927e-05 0.0285536 0.0389064 1.20128e-05 0.00920008 0.0525899 8.80259e-06 0.11066 0.0192954 2.46527e-05 
0.0407283 0.00954009 0.00463767 1.5374e-08 0.00192014 1.24183e-07 0.600146 0.00472705 0.0120742 0.0668213 0.000332908 0.0109846 0.00109344 3.59847e-08 0.116872 0.076155 5.8741e-06 0.052164 0.00179633 1.2102e-11 
0.0482875 0.00326907 0.015597 2.65743e-06 0.000289247 2.12915e-08 1.49433e-11 0.21463 4.8984e-07 0.466652 5.73315e-08 0.0119838 0.028552 1.30389e-11 0.105104 0.00670291 0.000647627 0.0142026 0.0840798 2.70816e-11 
0.0845396 2.00824e-05 0.000597022 0.000676891 0.0042784 1.10058e-09 2.57126e-05 8.79028e-05 0.00185759 0.00012985 7.52219e-05 0.0992248 1.91386e-05 1.70148e-08 0.0205041 0.000189531 1.63232e-05 0.00451628 0.783242 4.98789e-12 
0.0846925 0.00120068 0.0311785 0.000134385 0.109721 0.00026516 0.0302975 0.0152828 0.0259216 0.0430594 0.0191093 0.0504703 0.157441 0.000236957 0.0457257 0.00843625 0.00116323 0.0296743 0.34599 4.76873e-08 
0.000656048 0.00177005 0.00553851 0.000110224 0.0714012 1.08836e-05 0.000216964 0.0104316 0.0608385 0.00281768 1.39619e-05 0.0351984 0.000934875 5.31728e-06 0.0113037 0.000973149 3.92782e-06 0.768974 0.0288004 2.69026e-07 
0.278415 0.0280488 0.141066 5.84192e-06 0.000107521 1.07974e-06 0.00049163 2.80796e-06 3.50867e-05 0.127593 0.00534703 0.196533 0.00140942 1.86282e-06 0.029453 0.00164945 0.161343 0.0255025 0.00299476 3.87375e-09 
0.129712 0.00272683 0.0346642 9.73762e-05 0.0385906 3.46419e-05 0.0305441 0.000197141 0.058923 0.0205345 0.00112467 0.286764 0.0405921 3.72033e-05 0.0412542 0.000220974 8.02267e-05 0.0846847 0.229217 1.75523e-09 
0.150122 3.66492e-05 0.0404135 0.00199933 0.0210423 8.28796e-05 0.000477909 3.14846e-08 0.0248414 0.00486883 0.260118 0.109371 0.00403724 2.88779e-08 0.0010468 0.000141677 0.000921664 0.00512133 0.375354 4.07907e-06 
0.0887708 0.00298656 0.0168923 0.000522128 0.00237108 2.90883e-05 2.70684e-07 0.000261126 0.319783 0.0251215 0.00962533 0.0283546 0.00602129 5.5633e-08 0.0415447 0.101265 7.04784e-08 0.34703 0.00942108 1.4019e-10 
0.00303605 0.0626683 0.150349 0.000324292 5.79249e-05 7.40402e-07 8.20446e-05 0.0707079 0.000773004 0.28684 0.00139286 0.0529223 0.192256 3.24656e-05 0.0697754 0.00652487 3.76323e-05 0.00936323 0.0928568 2.10556e-09 
0.00381072 0.0725855 0.232769 0.00014525 0.00527712 2.25255e-05 3.36352e-05 0.00322659 0.0193641 0.34382 0.00571987 0.0426548 0.102842 1.37374e-05 0.0908267 0.0118794 8.26818e-05 0.0207301 0.0441958 3.50866e-08 
0.0210833 0.0108738 0.0408623 3.72858e-07 0.00640696 7.3194e-05 0.000220916 0.00121654 0.0487314 0.00424337 2.46069e-05 0.236976 0.0301682 3.19909e-06 0.18819 4.67282e-06 0.000102891 0.13264 0.272518 0.00565995 
0.031711 0.00118333 0.0282533 0.000898963 0.0447212 0.00357362 0.000175652 0.0442573 0.0128608 0.011224 0.00106782 0.0747821 0.00551891 0.00017801 0.0781846 0.00145437 0.000200898 0.194629 0.462717 0.00240786 
0.00265569 0.00618901 0.0186764 2.72723e-06 0.0195283 5.32302e-05 0.00665005 0.00123762 0.00157111 0.117771 0.000206675 0.161326 0.47238 1.22516e-09 0.0393171 0.000536648 0.0332699 0.0208169 0.0978117 2.54463e-09 
0.0204571 0.007531 0.243624 8.09224e-06 0.00369236 8.07038e-06 0.000221161 0.0061173 0.0481196 0.0157365 0.000328868 0.309862 0.0409468 7.85778e-05 0.075395 0.00166965 0.00174272 0.20897 0.0146612 0.000829523 
0.0013804 0.00399687 0.0182109 1.81854e-06 0.0273232 0.397941 0.00164824 0.022959 0.0972795 0.00449577 0.000954044 0.00297182 0.0617683 0.000715358 0.00224754 0.00152597 0.00188803 0.282061 0.0706315 2.01161e-07 
0.0114749 0.00380478 0.0112701 1.14837e-05 0.0012893 0.00157513 0.000468638 0.00463723 0.0206381 0.0149757 0.00194855 0.0994848 0.0112344 8.57213e-05 0.556612 0.00111961 0.00228739 0.15971 0.0973718 1.1557e-07 
0.119359 0.0125157 0.0263337 0.00382522 0.00786586 0.00246022 0.00717661 0.0108764 6.83976e-07 0.0908459 0.0128481 0.337589 0.326093 6.83516e-07 6.84024e-07 6.83812e-07 0.00321511 0.0288686 0.0101247 6.82826e-07 
0.0232352 0.00422982 0.0109339 1.2327e-05 0.0100103 0.176338 2.09469e-06 8.95878e-05 0.00115514 0.0171472 0.000417597 0.000838013 0.0516067 3.33883e-05 0.000732522 0.000798121 0.000451321 0.0149168 0.686834 0.000218271 
0.514937 0.00210337 0.00357361 6.78551e-05 0.0414412 2.04023e-09 5.6135e-05 0.000131561 0.00274309 0.0484674 0.00188552 0.0465265 0.000101482 1.76495e-05 0.00219561 0.000617498 6.29627e-06 0.24632 0.0884346 0.000373776 
0.0407283 0.00954009 0.00463767 1.5374e-08 0.00192014 1.24183e-07 0.600146 0.00472705 0.0120742 0.0668213 0.000332908 0.0109846 0.00109344 3.59847e-08 0.116872 0.076155 5.8741e-06 0.052164 0.00179633 1.2102e-11 
0.0407283 0.00954009 0.00463767 1.5374e-08 0.00192014 1.24183e-07 0.600146 0.00472705 0.0120742 0.0668213 0.000332908 0.0109846 0.00109344 3.59847e-08 0.116872 0.076155 5.8741e-06 0.052164 0.00179633 1.2102e-11 
0.016567 0.026898 0.060737 1.25316e-05 0.000792538 1.92128e-08 0.00253217 3.56088e-05 0.0102718 0.0114365 6.12121e-06 0.632426 0.000524939 2.74084e-07 0.0271775 0.00404273 4.83199e-07 0.189843 0.0166961 5.76078e-09 
0.149707 0.0111476 1.58791e-06 1.09924e-07 0.0179691 4.82801e-11 1.15691e-07 3.31867e-07 4.41751e-06 0.649343 1.22031e-06 0.111816 1.18119e-11 3.2553e-11 6.40529e-12 0.0209652 7.80321e-07 0.0390436 2.47009e-07 6.76119e-11 
0.00886428 0.0092448 0.28186 7.72436e-05 0.00676832 0.000208359 0.000417325 0.00253077 0.00751583 0.00618031 0.000587703 0.426248 0.00851284 1.68452e-05 0.00491757 0.0107486 0.000258904 0.0847307 0.140312 5.83168e-10 
0.0273518 0.0175348 0.000972547 0.000308609 0.0177131 1.32704e-06 0.00072202 0.00158117 0.00145837 0.0108982 0.0022581 0.857684 0.0217726 1.30394e-05 0.0167465 0.000104054 2.93964e-05 0.0157443 0.00710296 3.1457e-06 
0.0213494 0.0372992 0.0749674 7.62354e-06 0.000585668 2.69247e-11 3.20337e-05 0.000116722 0.0380712 0.105599 0.0104199 0.297147 0.00169352 2.88011e-08 0.0583117 0.00292439 2.85173e-05 0.339414 0.0120325 3.77056e-11 
0.0917693 0.000108841 0.00165271 8.82117e-06 0.00507911 0.00210844 2.54903e-05 1.34277e-05 0.0127211 0.00136428 6.85203e-06 0.092038 0.179055 7.40002e-06 0.00737408 0.000296146 2.85661e-05 0.360762 0.245581 9.08043e-10 
0.00512263 0.0100567 0.035218 0.000260055 6.76462e-08 2.46094e-05 0.0100852 0.0468535 0.000960351 0.0331952 0.0342111 0.0266496 0.388542 1.53966e-05 0.234782 0.13746 0.000354931 0.015816 0.0203916 1.3424e-09 
0.0168767 0.00544583 0.00315406 6.75058e-05 0.00260875 3.84128e-07 6.28422e-05 0.000351895 0.0135577 0.0194428 1.2769e-10 0.799266 0.000510101 1.70417e-07 0.00442129 0.00025606 3.02448e-07 0.120156 0.0138222 9.55333e-10 
0.000748018 0.00216829 0.0791498 0.000173433 0.00591727 0.000832064 0.000262811 0.00231826 0.00567725 0.0270046 0.00236326 0.0107369 0.128962 5.4199e-05 0.0366148 0.0312433 4.99993e-05 0.111931 0.55377 2.29097e-05 
0.00625489 0.0752127 0.0217231 0.000570556 0.0054882 5.05737e-08 0.000501447 0.00173265 0.000362607 0.686956 1.32417e-05 0.000774984 0.00663456 5.20037e-06 0.000769084 0.0986469 0.0169228 0.0763317 0.000477219 0.000621949 
0.0285391 0.0246946 0.098851 0.00182037 0.00947173 0.000284926 0.000304786 0.00614953 0.00173506 0.547664 0.00763114 0.0745326 0.0688004 0.000109446 0.0425184 0.00196234 0.000121504 0.0528641 0.0318511 9.418e-05 
0.0476679 0.053287 0.109113 0.000211416 0.00494756 5.42757e-05 0.000362704 0.0347354 0.0021482 0.493365 9.32281e-06 0.038871 0.0287616 5.67829e-06 0.046979 0.094905 1.62432e-05 0.0323641 0.012195 9.11437e-09 
0.00686735 0.000248258 0.00146866 5.15779e-05 0.709177 5.7516e-09 3.93496e-05 0.0152005 0.000295472 0.0156042 8.80898e-06 0.19614 2.08487e-05 2.32128e-06 0.00206931 0.0185624 6.38697e-05 0.0207046 0.0134749 4.35536e-07 
0.286468 0.00752291 0.0480287 3.29363e-05 0.022293 6.38593e-09 0.000964666 0.0168225 0.00136533 0.144719 0.000119848 0.151564 0.147236 1.16761e-05 0.0140218 8.75231e-07 1.44641e-05 0.136886 0.0218772 5.00718e-05 
0.0289329 0.0195129 0.0333635 0.000880484 0.0175858 4.16935e-06 0.00287655 0.0256748 0.201254 0.0862724 0.000176301 0.0711474 0.0261685 0.000737278 0.0333148 0.00927592 0.0474931 0.358465 0.0251943 0.0116696 
0.0407283 0.00954009 0.00463767 1.5374e-08 0.00192014 1.24183e-07 0.600146 0.00472705 0.0120742 0.0668213 0.000332908 0.0109846 0.00109344 3.59847e-08 0.116872 0.076155 5.8741e-06 0.052164 0.00179633 1.2102e-11 
0.0829363 0.00346174 0.0321975 0.000505722 0.0400316 0.00156393 0.0165741 0.00040334 0.0117437 0.0118924 0.000481796 0.15133 0.0190762 2.51052e-05 0.0171974 0.000881653 4.21493e-05 0.0642318 0.545399 2.45814e-05 
0.0499044 0.018075 0.032147 8.25726e-08 0.00599074 7.51484e-11 8.6883e-08 0.000706737 0.00590372 0.806632 9.16164e-07 0.0498314 2.22519e-07 5.06691e-11 9.71615e-08 0.0177811 5.85823e-07 0.0130157 1.04959e-05 1.05239e-10 
0.00584848 0.0033519 0.178092 3.45565e-06 0.0233794 0.000331866 0.0014619 0.00190682 0.00111451 0.0161677 0.00116026 0.000101955 0.763816 9.71634e-06 0.0029415 9.41227e-08 7.93874e-05 0.000171315 5.13322e-05 1.04319e-05 
0.173223 0.0100931 0.117937 3.83263e-06 0.00824348 5.11616e-05 0.135066 8.39958e-05 0.0073577 0.0195762 3.21259e-05 0.287717 0.061647 8.87988e-08 0.0146043 0.0023537 1.80912e-05 0.0135009 0.148491 3.80451e-10 
7.86253e-05 0.000624731 0.00057165 5.24396e-08 0.000409723 3.06158e-06 0.976834 0.00158797 0.00249995 0.00514636 6.68979e-07 0.00340928 0.00839557 2.27643e-07 9.16904e-05 4.38111e-05 0.000178993 9.64373e-05 2.71962e-05 1.27134e-10 
0.00523608 0.00175412 0.00951974 3.91721e-05 0.064936 3.10523e-09 8.85564e-05 0.0414753 0.000477103 0.00784405 5.73729e-05 0.73331 0.000123328 1.73085e-05 0.00622802 0.000146093 2.20815e-05 0.118253 0.0104732 4.34859e-09 
1.3832e-05 1.46132e-09 0.0149402 0.00013518 8.76061e-06 5.08894e-09 0.100547 1.04523e-06 4.49586e-06 0.0866428 4.18966e-09 0.155826 0.611153 3.43124e-09 0.0307118 4.03832e-06 1.2443e-09 4.70835e-06 7.63718e-06 7.1266e-09 
0.549784 0.0010657 0.0240701 0.00415729 0.0561985 3.72945e-06 0.00108354 0.000108053 0.00473534 0.028428 0.0271823 0.0830751 0.00879958 3.79267e-05 0.0121342 0.00165195 0.000664643 0.0554974 0.141309 1.35121e-05 
0.0217614 0.0170106 0.0110367 0.00216559 0.00115555 8.08216e-07 0.000719446 0.0347512 0.0181626 0.794522 0.00305834 0.0293813 0.00469243 0.000551714 0.00651579 0.017203 0.00168761 0.0203597 0.0152642 1.90503e-07 
0.0505847 0.00766351 0.076601 0.000100326 0.0801969 0.000139944 0.0074405 0.0158553 0.00511762 0.077011 0.000296889 0.0205628 0.511563 0.000108174 0.0020163 0.107585 0.000167349 0.0147235 0.0222573 8.916e-06 
0.0127698 0.00897585 0.0371318 0.000152675 0.0153053 1.1732e-05 0.000678799 0.000429758 0.0181187 0.0571322 0.00396121 0.0428839 0.7364 0.000120173 0.0244371 0.00159374 0.000128972 0.0292461 0.0104962 2.56043e-05 
0.295486 0.0150086 0.0203404 5.37131e-06 0.00203458 8.23082e-05 0.015524 0.0169431 0.00063056 0.0303162 0.0110075 0.173251 0.0781526 2.06983e-05 0.0111255 0.000206707 0.000766733 0.0408601 0.288238 8.56578e-10 
0.0398266 0.00653025 0.365457 0.00120863 0.12667 0.000188577 0.000461724 0.0410609 0.0284429 0.0440548 0.00843599 0.0633524 0.028457 0.000100695 0.0708809 0.000313675 5.41709e-05 0.124148 0.0501022 0.00025347 
0.164977 0.000656054 0.00458552 0.000120418 0.00223445 8.28851e-06 0.000117557 9.97387e-06 0.000279379 0.00203832 5.89036e-06 0.153206 0.00192489 2.34261e-06 0.0126017 0.000107161 2.91957e-06 0.00212375 0.654998 4.1248e-08 
0.584527 0.00418335 0.00143232 4.55143e-05 0.000489595 1.33289e-05 0.000433695 2.01761e-10 0.0806155 0.000401988 0.000341263 0.050195 0.213441 8.31547e-07 0.00205121 0.00022511 0.000105554 0.000319083 0.0611777 1.83333e-09 
0.0649464 0.00523642 0.357243 0.000109195 0.0408128 0.0102743 0.00014925 0.00635086 0.0377434 0.0749552 0.0384494 0.0154737 0.0985511 9.51036e-05 0.0114335 0.00322753 0.000112831 0.0909275 0.137657 0.00625114 
0.00888812 5.42269e-05 0.0150338 3.57006e-07 0.00162058 1.82898e-07 1.24605e-06 6.64369e-07 0.00976637 0.00538568 2.74125e-07 0.10708 0.000249631 5.08474e-10 0.66623 4.34795e-07 7.20206e-06 0.101506 0.084175 1.05609e-09 
0.00177371 0.00182343 0.014491 1.01488e-10 4.73847e-07 8.02796e-11 3.72828e-08 2.17768e-07 0.000546342 9.46092e-07 7.337e-07 0.809067 0.00874526 5.41288e-11 0.0448433 0.00582089 6.6759e-08 0.00166199 0.111224 1.12424e-10 
0.0700224 0.00660645 0.0187726 0.00122262 0.00661323 0.000275892 0.000362754 0.00125586 0.0199188 0.0184137 0.000905301 0.190827 0.0186757 0.000161941 0.0574476 0.00235566 0.00159845 0.0563212 0.528241 1.61507e-06 
0.000211294 0.00075733 0.038081 2.81709e-06 0.00129642 0.000136481 6.76139e-05 0.0336404 0.0338466 0.0212814 0.031857 0.00684427 0.00181414 4.33221e-05 0.0953767 0.0793917 0.000164564 0.645214 0.00997306 1.82513e-12 
0.020709 0.00181025 3.61724e-05 1.22685e-06 8.2469e-05 9.70474e-07 0.000431662 1.49567e-07 0.0393015 0.000360169 7.16607e-05 0.312595 0.0003686 6.54346e-07 3.60627e-05 6.63768e-06 2.19846e-05 0.623984 3.34892e-05 0.000148735 
0.00268133 0.00345656 0.032566 1.24945e-09 0.300855 0.00114462 4.63259e-05 0.000614737 0.000518991 0.0280823 0.0347107 0.0321596 0.0101642 1.03666e-05 0.0144028 0.0482144 2.96194e-05 0.154742 0.3356 1.87825e-07 
0.0407283 0.00954009 0.00463767 1.5374e-08 0.00192014 1.24183e-07 0.600146 0.00472705 0.0120742 0.0668213 0.000332908 0.0109846 0.00109344 3.59847e-08 0.116872 0.076155 5.8741e-06 0.052164 0.00179633 1.2102e-11 
0.0256345 0.00354277 0.036622 0.00054889 0.0645393 2.71355e-06 0.000213051 0.00911861 0.0148665 0.0362267 0.000246809 0.120521 0.0014459 9.28819e-05 0.0777936 0.00638729 0.00809492 0.250009 0.344093 7.90616e-07 
0.0340049 0.00790501 0.00851818 1.01934e-06 0.0033421 8.06325e-07 0.00679183 1.24269e-07 1.27815e-05 0.0387862 0.00260328 0.0959892 0.175683 5.43667e-07 7.86631e-06 0.000287705 1.97155e-07 0.625791 0.000273141 1.12918e-06 
0.0185193 0.00410964 0.0339851 0.000111361 0.016507 0.0005202 0.000451329 0.0263103 0.0248158 0.0596739 0.00761767 0.0981564 0.0147303 0.000371574 0.205654 0.0122515 0.00576458 0.125231 0.345219 1.83723e-09 
0.0407283 0.00954009 0.00463767 1.5374e-08 0.00192014 1.24183e-07 0.600146 0.00472705 0.0120742 0.0668213 0.000332908 0.0109846 0.00109344 3.59847e-08 0.116872 0.076155 5.8741e-06 0.052164 0.00179633 1.2102e-11 
0.00825477 0.0210017 0.0295444 2.46236e-05 0.00377065 6.98196e-07 8.78479e-06 0.000520773 0.00214372 0.487505 0.0026761 0.0626499 0.325014 1.24616e-05 0.000143352 0.000405324 1.26497e-05 0.0483525 0.00757005 0.000388621 
0.0599887 0.00099265 0.0553324 9.37256e-06 0.0203415 0.000281693 0.00422601 0.000373785 0.237143 0.00665755 0.00112034 0.0783671 0.00189161 3.41219e-05 0.0409345 0.000648951 4.26854e-05 0.463749 0.0278654 6.35957e-12 
0.00433812 0.00379915 0.738752 0.000160899 0.0161315 1.2782e-05 0.000117522 0.0139968 0.00220907 0.115992 0.00140083 0.00521454 0.00452746 4.06715e-05 0.00283089 0.00697525 0.00018437 0.0757268 0.00758474 4.80356e-06 
0.311239 0.0167284 0.129828 5.73841e-08 0.0095716 3.5314e-08 4.60792e-06 2.19013e-06 0.00227948 0.209856 0.00460749 0.200979 0.0837399 6.45833e-08 0.0131922 0.00182172 6.98313e-08 0.00819466 0.0079555 1.11943e-07 
0.0345412 0.00481371 0.012954 0.0001295 0.0672014 0.0012813 0.000130791 0.00444404 0.0211831 0.0519702 0.000710038 0.291122 0.0123126 5.20038e-05 0.119273 0.00762494 1.57452e-05 0.264532 0.104585 0.00112309 
0.053985 0.00420791 0.107172 0.000134318 0.0329856 0.0149916 0.00110925 0.00504355 0.0211055 0.013773 0.000843918 0.339376 0.00995783 0.00024352 0.0388132 0.000288098 0.00523256 0.116013 0.234725 6.44906e-10 
5.02654e-05 6.10857e-05 0.00480135 1.66763e-07 0.000128592 8.30769e-05 1.44822e-05 2.80249e-06 0.00209576 1.601e-05 0.000246524 8.79672e-05 0.978677 8.89434e-08 0.00175403 0.00159708 0.000525012 3.361e-07 0.00985824 1.84733e-07 
0.00169669 0.00317243 0.0204634 2.95775e-07 7.82967e-05 0.294965 0.00143589 0.000134714 0.00013479 0.0147713 1.48348e-05 0.0483355 0.0409007 9.33859e-06 0.00523826 0.000474882 5.39022e-05 0.000120057 0.567999 8.04883e-07 
0.123836 0.0136126 0.530189 3.63668e-06 1.87915e-06 7.56828e-10 0.0530196 1.1664e-10 5.31095e-07 0.0570446 2.43066e-06 6.72076e-06 0.106891 5.10294e-10 2.07855e-06 8.81756e-06 2.9627e-07 0.115381 7.33331e-11 1.05987e-09 
1.82523e-07 1.79011e-06 0.37249 2.60848e-06 0.00440836 1.06867e-06 0.000156961 5.55658e-07 0.00549455 0.28928 0.00195069 0.00567699 0.308562 4.93287e-09 0.0019638 0.00219963 0.00107828 2.18988e-06 0.00673069 1.02455e-08 
0.00142821 0.000127016 0.00245384 3.99033e-05 0.00339156 4.3557e-06 9.18159e-05 1.58934e-05 0.0261845 0.0017346 4.46525e-05 0.107207 0.000716825 5.28455e-06 0.00680302 0.00011043 0.000136941 0.0137143 0.835766 2.33752e-05 
0.0407283 0.00954009 0.00463767 1.5374e-08 0.00192014 1.24183e-07 0.600146 0.00472705 0.0120742 0.0668213 0.000332908 0.0109846 0.00109344 3.59847e-08 0.116872 0.076155 5.8741e-06 0.052164 0.00179633 1.2102e-11 
0.00764221 0.0044856 0.0614908 3.49229e-11 0.00269825 0.000464233 0.000589523 0.0293074 0.00770078 0.33268 0.164173 0.0304953 0.000532392 9.3133e-05 0.00904327 0.267318 0.000399404 0.0594431 0.0214433 1.43708e-09 
0.00242175 0.00608792 0.00169933 0.0753825 4.71394e-05 0.000630768 0.893289 0.000697067 0.000721276 0.00475081 2.59793e-05 0.00558312 0.00266704 1.73384e-05 0.00145092 0.000288787 3.83758e-05 0.0025639 0.00156682 7.06992e-05 
0.0313832 0.0122557 0.154252 5.46251e-05 0.00336763 1.3131e-06 0.00194258 0.133174 0.000366673 0.538111 1.36384e-05 0.00818305 0.0655494 1.63386e-06 0.00418535 0.00144851 0.000241153 0.0319738 0.0131229 0.000372074 
0.964138 0.000218425 0.00770046 1.0906e-07 0.00803709 8.73641e-09 0.000274634 4.2588e-09 0.000878478 3.29383e-06 7.15056e-06 0.00344169 9.01946e-07 9.33308e-08 7.55455e-05 3.65605e-05 3.98353e-06 0.0135101 0.00167321 1.36904e-07 
0.836051 0.00261655 0.0476725 0.000264251 0.00199759 1.62665e-06 0.0565835 2.50696e-07 7.59595e-06 0.0078185 0.00100488 0.0106764 0.0273484 1.09678e-06 2.65979e-05 1.94951e-05 3.97734e-07 0.00280654 0.00440138 0.000701698 
0.00245941 0.0118319 0.00123842 6.12085e-10 2.80841e-05 4.84176e-10 4.48841e-06 0.0421231 1.3696e-07 0.938214 2.66618e-08 1.25993e-06 0.000205997 3.26457e-10 5.61892e-06 0.00128152 1.16624e-08 0.00246041 0.00014307 2.53377e-06 
0.00135727 0.000527804 0.0053555 0.00015937 0.000308264 0.000170133 0.000296075 1.61256e-06 0.000276549 0.00807344 0.388022 0.000374469 0.584131 7.83959e-05 0.00644885 0.000602522 0.00176837 0.000470631 0.00157705 2.4424e-07 
0.00133315 0.00364583 0.138935 2.28758e-08 0.000131853 4.32115e-07 0.0011738 1.78361e-06 0.0348085 0.137267 0.000504418 0.0324092 0.019825 5.35691e-08 0.290731 0.0117845 1.05394e-05 0.308112 0.0193259 2.30351e-12 
0.281843 0.0135671 0.0383687 0.00240098 0.30164 0.000567003 0.00621859 0.00047258 0.00297318 0.0796794 0.000227355 0.0454671 0.00706302 8.84538e-05 0.0250585 0.00537153 6.61341e-05 0.153754 0.0213606 0.0138133 
0.112888 0.0034995 0.06665 0.000168045 0.0936789 0.000157162 0.0082577 0.0094214 0.0168967 0.0225175 0.000770072 0.0493029 0.0173479 7.49158e-05 0.00155576 0.0003948 0.000123261 0.194722 0.401573 5.90701e-07 
0.016841 0.00677537 0.416931 0.00139086 0.0160458 0.0075176 0.000352906 0.0552437 0.00723302 0.0631902 0.00229789 0.100937 0.0181127 0.000892264 0.0806467 0.0137256 0.0087023 0.0865678 0.0965665 3.00953e-05 
0.00748985 0.0225205 0.0114738 0.000101462 8.76101e-05 2.82163e-07 0.0907428 0.0113421 0.0254619 0.465479 0.0303824 0.00640233 0.0192769 1.73524e-06 0.00244469 0.29963 5.48387e-05 0.000353783 0.00675357 2.67227e-09 
0.0364872 0.0208405 0.181797 1.3016e-05 0.00291215 8.85932e-06 0.000361128 0.00856854 0.0280121 0.0886739 0.00344624 0.0883686 0.069477 0.000139026 0.0992721 0.0233354 0.000319621 0.326068 0.0181172 0.00378209 
0.0470915 0.0225345 0.407221 0.0152466 0.0168138 0.000739926 0.00298562 0.0112321 0.0159642 0.0443213 0.00348799 0.138338 0.0309888 0.000718029 0.0476953 0.00364071 0.0033597 0.147296 0.0371294 0.00319462 
0.033639 0.000454373 0.103476 1.30583e-05 0.0016532 4.02508e-06 0.000155862 0.000206193 0.0359349 0.0280186 0.00554917 0.0673723 0.014477 8.7986e-06 0.00414203 0.00175999 0.000240215 0.69137 0.0115247 7.33488e-09 
0.00314365 0.0256876 0.0169689 0.00308695 0.00248183 0.108533 0.00471283 0.000250417 0.0153604 0.0321236 0.00113249 0.019516 0.0646343 0.000884114 0.0197249 0.0156766 0.00105348 0.58903 0.0759979 1.71441e-06 
0.0196502 0.00426081 0.0281138 1.36842e-07 0.00596613 1.19844e-05 2.5664e-06 0.00049876 0.0282103 0.337158 0.00134526 0.00797057 0.508025 1.71005e-07 0.00291469 0.0108064 0.000324464 0.0204471 0.0242933 4.21616e-10 
0.0563702 0.026217 0.0404893 0.00194918 0.015847 3.11498e-05 0.00150488 8.21264e-05 0.000672285 0.588684 9.7763e-06 0.0767477 0.0043515 1.52759e-06 0.00537007 0.0043038 0.00283905 0.17358 0.0009495 4.03446e-07 
0.0407283 0.00954009 0.00463767 1.5374e-08 0.00192014 1.24183e-07 0.600146 0.00472705 0.0120742 0.0668213 0.000332908 0.0109846 0.00109344 3.59847e-08 0.116872 0.076155 5.8741e-06 0.052164 0.00179633 1.2102e-11 
0.0066092 0.00467582 0.0155721 4.17322e-05 0.0637718 0.00126025 0.000358501 0.00999156 0.00471323 0.0174938 4.19599e-05 0.309703 0.0242168 2.16422e-05 0.0613957 0.00419984 0.000324448 0.19521 0.280396 2.20377e-06 
0.231975 0.00238108 1.28106e-05 1.16391e-09 0.597844 1.95401e-07 0.00173315 3.70345e-06 0.0269664 0.0093032 0.0395357 0.0481078 2.44515e-05 6.20775e-10 1.22147e-10 1.68183e-06 2.25117e-10 0.0416787 0.000431812 2.71971e-07 
0.00169669 0.00317243 0.0204634 2.95775e-07 7.82967e-05 0.294965 0.00143589 0.000134714 0.00013479 0.0147713 1.48348e-05 0.0483355 0.0409007 9.33859e-06 0.00523826 0.000474882 5.39022e-05 0.000120057 0.567999 8.04883e-07 
0.115999 0.000823049 0.0177062 0.00185782 1.77839e-05 0.00458696 0.00987434 3.71967e-06 0.00103211 0.00101555 0.0069858 0.125627 0.106035 3.85904e-07 0.00731398 2.22951e-05 1.63336e-05 0.0139349 0.587147 7.91478e-10 
0.0407283 0.00954009 0.00463767 1.5374e-08 0.00192014 1.24183e-07 0.600146 0.00472705 0.0120742 0.0668213 0.000332908 0.0109846 0.00109344 3.59847e-08 0.116872 0.076155 5.8741e-06 0.052164 0.00179633 1.2102e-11 
0.0196502 0.00426081 0.0281138 1.36842e-07 0.00596613 1.19844e-05 2.5664e-06 0.00049876 0.0282103 0.337158 0.00134526 0.00797057 0.508025 1.71005e-07 0.00291469 0.0108064 0.000324464 0.0204471 0.0242933 4.21616e-10 
0.0191458 0.0324824 1.75471e-05 3.66159e-06 0.000420149 2.89641e-06 0.384707 4.46388e-07 0.00657094 0.145511 1.62768e-05 0.00407173 0.406736 1.95292e-06 3.84265e-07 1.94674e-05 2.26515e-06 0.000264284 2.21529e-05 4.05616e-06 
0.0238509 0.356957 0.104132 0.000244659 0.0170394 0.000132369 2.09869e-05 0.00104989 9.39559e-05 0.0234037 0.000586651 0.419991 7.46896e-05 1.64178e-05 5.20559e-06 0.000867188 7.93836e-05 0.03377 0.0176116 7.31075e-05 
0.00527144 0.00938616 0.020922 0.000881298 0.00803592 0.00102421 0.00819169 0.0479116 0.00806571 0.0167611 0.000396096 0.0440899 0.000914499 0.000382606 0.017719 0.00100088 4.61319e-05 0.763304 0.0456957 4.04527e-08 
0.0187431 0.00363995 0.0597671 0.000154489 0.0762813 5.37611e-05 0.000229989 0.00169344 0.00775814 0.0522655 0.000482272 0.0842418 0.00212241 1.09677e-05 0.119303 0.000557023 7.25444e-06 0.523322 0.0493644 2.05248e-06 
0.0565369 0.00326491 0.0249259 0.00475923 0.0114314 0.00692822 0.00108759 0.144806 0.240932 0.0518654 0.00325736 0.12863 0.0223043 0.00218849 0.00338121 0.00654717 0.00587807 0.00347317 0.277803 1.04063e-09 
0.016569 0.00585009 0.025671 1.62781e-05 0.0247459 4.69126e-07 2.02639e-05 0.00392834 0.0255777 0.0203406 0.000888232 0.729401 0.00086999 3.39246e-06 0.0341427 1.34005e-05 1.97882e-07 0.0934527 0.0176156 0.000892714 
0.00419256 0.00754633 0.00225837 5.74931e-10 0.916176 1.73569e-07 4.80504e-06 0.0006723 0.00367236 0.0214261 8.84774e-06 0.00167876 5.6993e-08 3.06641e-10 0.000503059 0.00526835 1.112e-10 0.0360048 0.000586736 6.36886e-10 
0.10272 0.0166545 0.00447839 3.86936e-05 0.000849437 1.93675e-05 0.000243755 0.00011424 0.000873396 0.0082022 2.98682e-05 0.211496 0.0022575 2.50377e-06 0.224996 0.000773205 9.4227e-07 0.00710956 0.419125 1.53809e-05 
0.0723161 0.00252436 0.0445945 0.0164747 0.0115746 5.26011e-06 0.000421067 0.00319455 0.0224792 0.0134526 0.000484856 0.0773279 0.0106029 8.9399e-05 0.0323314 0.000298672 0.00473584 0.0649849 0.622107 1.47334e-08 
0.000646428 0.00538225 0.0128255 0.000481111 0.000111897 0.000256037 0.0053621 0.00290949 0.00112447 0.222959 0.0938412 0.00808217 0.527214 3.04112e-05 0.0747746 0.00153519 0.00139338 0.0213389 0.0197318 6.75045e-07 
0.0494314 0.000717904 0.000734916 2.75862e-05 0.48604 3.30098e-05 3.63611e-08 0.0088104 1.99019e-05 0.442602 0.000127234 0.000973669 0.00447832 3.17272e-08 6.2428e-09 1.68162e-08 0.000160338 0.00158819 0.00118555 0.00306993 
0.000829407 0.00402729 0.54848 3.47783e-05 0.0095902 8.09062e-09 9.89087e-08 0.0391218 0.0315462 0.0224832 3.60944e-07 0.104236 2.61159e-07 3.30453e-08 0.00372575 0.000158767 3.45364e-08 0.229362 0.00640405 5.71996e-11 
0.0890988 0.00941407 0.00927299 2.49686e-05 0.000436673 5.8735e-07 0.00762885 0.0210201 0.000587299 0.0163086 0.00028211 0.123924 0.0485105 2.08417e-05 0.0411151 0.00134581 7.24824e-05 0.00709245 0.623844 1.02632e-09 
0.0486418 0.0130183 0.0463093 1.81473e-06 0.00317334 0.000165614 0.0132762 0.0894227 0.00644405 0.582066 0.000355616 0.0834006 0.0501178 1.30723e-05 0.011293 0.0029158 2.43653e-05 0.0450054 0.00435197 3.5704e-06 
7.93576e-06 1.28474e-05 4.11527e-06 1.05745e-07 0.999723 1.37805e-06 6.46364e-08 4.63192e-05 2.82335e-06 1.84481e-05 6.88653e-08 0.000146224 6.72351e-06 5.63991e-08 1.10974e-08 2.28498e-06 8.66057e-06 9.46036e-06 7.50178e-07 8.27423e-06 
0.0957972 0.0119775 0.0767334 2.72493e-05 0.0174378 0.00171478 0.00536239 0.0130108 0.112528 0.0483873 0.000122364 0.201259 0.0184435 0.000118372 0.0621529 0.000591502 0.000180585 0.23801 0.0961406 4.83754e-06 
0.676708 0.0369842 0.0617771 0.00134499 0.0073817 0.00155827 0.00543096 5.07434e-05 0.0271103 0.013485 4.36858e-07 0.0545859 0.106032 1.21756e-05 0.000218517 0.000117534 3.94589e-05 0.0049774 0.00186294 0.000322872 
0.0407283 0.00954009 0.00463767 1.5374e-08 0.00192014 1.24183e-07 0.600146 0.00472705 0.0120742 0.0668213 0.000332908 0.0109846 0.00109344 3.59847e-08 0.116872 0.076155 5.8741e-06 0.052164 0.00179633 1.2102e-11 
0.0342389 0.0158628 0.0530394 0.0014231 0.0144577 2.67471e-05 0.0014611 0.013097 0.0201231 0.0223218 0.00370563 0.276074 0.0306528 0.00036911 0.255346 0.00173786 0.00923693 0.200354 0.046451 2.03255e-05 
0.169628 0.00433305 0.00701287 0.000129647 0.0394036 2.88018e-05 0.00115835 0.000729554 0.00226206 0.00340642 0.00247608 0.383313 0.0169878 4.27461e-05 0.035401 0.00259868 0.00714728 0.0606374 0.263256 4.82556e-05 
0.00127222 0.00982214 0.0184288 8.83425e-08 0.0751432 2.62356e-06 0.000653501 0.0031003 0.00118765 0.0142718 1.38984e-05 0.0464693 0.654302 8.79969e-06 0.028936 0.00407924 5.85027e-05 0.116998 0.0250533 0.000198726 
0.0869018 0.00700588 0.0600584 0.000729073 0.0461158 4.01905e-05 0.00112419 0.0220667 0.040197 0.029688 0.00578625 0.220739 0.00784907 0.000622178 0.0487266 0.0103087 0.00160749 0.222283 0.187762 0.000387866 
0.00326247 0.0283495 0.0663327 0.000200994 0.00457445 0.000880285 0.000187095 0.00079185 0.000730709 0.676789 9.10511e-08 0.0116987 0.0519183 6.15539e-07 0.00727483 0.0059093 2.67023e-06 0.122936 0.0181493 1.15188e-05 
0.0597305 0.029321 0.0318383 5.61887e-07 0.0214677 1.87139e-06 0.000149748 1.91866e-05 1.12845e-06 0.0641704 0.00104723 0.0462269 0.638627 7.50858e-08 0.0376006 0.000424218 2.02931e-05 0.0689961 0.000350265 7.2102e-06 
5.47605e-11 0.000155669 0.134374 4.32162e-10 0.000211361 3.41852e-10 4.27965e-06 5.21637e-07 5.53503e-06 0.0255707 2.81442e-10 0.360786 2.64296e-06 2.30495e-10 0.0708936 0.0574954 8.35864e-11 0.215743 0.134757 4.78733e-10 
0.0303694 0.000390535 0.0343941 0.000104653 0.00725649 8.57257e-05 0.000313679 0.00243405 0.000414392 0.101874 1.43901e-05 0.111615 0.613877 3.75852e-06 0.00356073 0.00016825 4.62254e-05 0.0504408 0.0426209 1.56939e-05 
0.00195039 0.00517319 0.0463113 0.00102447 0.00854802 1.63261e-05 0.000279279 0.000254887 0.127902 0.160703 3.06965e-11 0.216405 2.13836e-05 1.09934e-05 0.0624819 0.000959763 0.000251508 0.352356 0.01535 3.18993e-08 
0.0111116 0.0278808 0.0212064 0.000126179 0.0407481 8.44479e-07 0.000120996 0.0493436 0.0121745 0.446358 0.000693934 0.00783055 0.00235356 4.1673e-05 0.00649673 0.175027 0.00333254 0.18776 0.00739296 8.88895e-08 
0.00512263 0.0100567 0.035218 0.000260055 6.76462e-08 2.46094e-05 0.0100852 0.0468535 0.000960351 0.0331952 0.0342111 0.0266496 0.388542 1.53966e-05 0.234782 0.13746 0.000354931 0.015816 0.0203916 1.3424e-09 
0.0496444 0.0122238 0.0394641 9.52404e-07 0.27825 2.13457e-07 0.00122861 0.00155331 0.00148342 0.0350611 0.017404 0.149315 0.0766418 1.97226e-06 0.0347507 0.000575643 0.000653794 0.0105239 0.291162 6.10904e-05 
0.0602763 0.00580337 0.0346729 0.00161763 0.135071 2.88182e-05 0.00104138 0.0119077 0.0464511 0.043349 0.00614798 0.154284 0.00853887 0.000368199 0.171604 0.00659288 0.00087939 0.0827391 0.228525 0.000100396 
0.206644 0.0417836 0.0930958 0.000129285 0.0067493 9.15248e-05 0.000632707 0.00592699 0.00295969 0.114909 0.000342469 0.0855488 0.271885 4.34352e-07 0.142162 0.00239778 0.000292025 0.0120007 0.0124482 6.35038e-07 
0.0741308 0.0650793 0.0650095 3.81265e-05 0.018047 2.49006e-07 0.0136745 0.00283123 0.000116294 0.00757025 8.50411e-05 0.229971 0.018081 2.65828e-05 0.303488 0.000424764 4.44236e-05 0.101619 0.0997629 1.61179e-07 
0.942787 0.000178269 0.00681989 0.000172612 0.0152326 2.47192e-05 0.000163597 3.51724e-05 0.000563357 0.00267465 0.000805086 0.00934646 0.000400738 2.61476e-05 0.000155374 0.000152568 8.02097e-06 0.00181915 0.0158395 0.00279479 
6.34312e-10 0.00248361 0.0447028 0.00093186 0.000614957 8.10615e-07 3.32696e-06 1.8986e-06 0.0400208 0.0225633 3.26006e-09 0.0262203 0.727137 2.66991e-09 0.00728925 0.00879704 2.52197e-06 0.0418107 0.0774129 7.42548e-06 
0.0389223 0.0431089 0.313842 0.00017251 0.00444217 3.36236e-06 0.000685272 0.0105875 0.0273673 0.168176 0.00152886 0.152646 0.0168218 0.000107518 0.0452217 0.00233695 5.07263e-05 0.106954 0.0635962 0.00342873 
0.0407283 0.00954009 0.00463767 1.5374e-08 0.00192014 1.24183e-07 0.600146 0.00472705 0.0120742 0.0668213 0.000332908 0.0109846 0.00109344 3.59847e-08 0.116872 0.076155 5.8741e-06 0.052164 0.00179633 1.2102e-11 
0.0407283 0.00954009 0.00463767 1.5374e-08 0.00192014 1.24183e-07 0.600146 0.00472705 0.0120742 0.0668213 0.000332908 0.0109846 0.00109344 3.59847e-08 0.116872 0.076155 5.8741e-06 0.052164 0.00179633 1.2102e-11 
0.00386093 0.0110137 0.0290182 6.65182e-05 0.0100418 3.39824e-05 0.000739526 0.000158518 0.0155444 0.110023 0.00700119 0.0780943 0.706822 3.62408e-06 0.00659567 0.000669308 1.05453e-06 0.00159893 0.0187038 9.47997e-06 
0.0174233 0.00882359 0.306436 3.14373e-06 0.240406 4.00839e-05 2.6194e-06 0.00111254 0.0186189 0.207572 0.000637146 0.0716481 0.00672992 1.10267e-08 0.0186283 0.0133243 9.1006e-07 0.0734354 0.0151573 2.29023e-08 
0.0615683 0.00155346 0.00515958 0.00961864 0.0522187 0.00716654 0.0266897 0.00112207 0.520566 0.0549069 0.00030456 0.109782 0.00410497 0.000516518 0.0111599 0.00976016 0.00140597 0.0442505 0.0781456 4.69765e-08 
0.054933 0.011266 0.0063642 1.35282e-05 1.14223e-05 5.80287e-08 4.48406e-08 2.06868e-06 1.07132e-08 0.704056 4.77743e-08 0.0561757 0.103264 3.91261e-08 1.32014e-06 0.0638755 1.28161e-07 2.19387e-05 1.56281e-05 8.1264e-08 
0.0137508 1.0081e-05 0.000259888 9.47252e-08 0.0055105 7.49301e-08 1.00681e-05 9.41978e-05 3.50198e-06 0.000359486 2.99148e-05 7.25425e-06 0.96563 5.05219e-08 0.00675498 0.00114039 0.000548712 0.00585131 3.56932e-05 3.37004e-06 
0.00231938 0.0186926 0.0102066 6.9982e-05 0.000392453 0.00232561 8.68987e-05 0.0394311 0.0127481 0.069055 0.000141156 0.0342562 0.643073 4.64269e-05 0.0617646 0.026499 0.000124931 0.0551795 0.0235866 5.34454e-07 
0.167612 0.0598213 0.0488509 6.4806e-06 0.000563985 0.0203028 0.125113 0.00317377 0.00214092 0.0617452 0.00148756 0.0604125 0.147351 6.32847e-05 0.111356 9.17971e-05 0.000326354 0.0933928 0.096189 9.10476e-09 
0.0682927 0.0444906 0.0442471 8.51041e-05 0.041187 0.000508405 0.0019842 0.0076858 0.0398421 0.0466705 0.00128406 0.286184 0.00472071 7.8858e-05 0.0774231 0.00600619 0.0351122 0.281749 0.0124458 2.12041e-06 
0.00454536 0.00270519 0.0155494 0.00235039 0.000284627 4.77672e-05 0.000199205 0.00957211 0.001721 0.042578 0.0078727 0.00313288 0.81066 0.000145568 0.0320749 0.00221154 0.0113014 0.0332264 0.0198212 2.66985e-09 
0.0933568 0.119377 0.0302639 6.0922e-05 0.000580813 1.01635e-05 0.0180091 0.0129863 0.00190213 0.105336 0.00143473 0.316287 0.176428 4.95028e-06 0.0788219 0.00104309 1.18735e-07 0.0399457 0.00415106 1.83282e-10 
2.09012e-06 1.26783e-06 4.23525e-06 4.87983e-09 9.04091e-10 2.18091e-05 2.9828e-09 3.28289e-06 0.00144498 5.04687e-06 3.20535e-06 2.65001e-06 0.997567 2.60267e-09 1.37866e-06 0.000939317 2.17945e-06 3.16168e-10 1.07458e-06 5.40568e-09 
0.00979691 0.00134676 0.0900267 1.08573e-06 0.0192181 0.000556701 9.95149e-05 0.000362072 0.00164807 0.0307842 0.000518298 0.00431342 0.616934 7.28365e-05 0.00295313 0.000466496 0.000947702 0.0134118 0.206542 6.54096e-09 
0.512516 0.0801807 0.0335385 0.000386772 0.0634568 0.00234369 0.00191579 0.000114631 0.019944 0.04817 0.0737697 0.070458 0.0036967 0.00027009 0.00548394 0.00158302 0.000437346 0.0711176 0.000233484 0.0103832 
0.0281309 0.0233157 0.0163514 1.46679e-05 0.0208039 1.74153e-06 0.00308738 0.00515266 0.03905 0.0275373 1.83756e-05 0.730447 0.00539839 6.98123e-06 0.0117 0.001553 0.0099645 0.0540987 0.0233649 2.83127e-06 
0.00376815 0.00180331 0.140521 4.91317e-07 0.00580694 3.88644e-07 6.9956e-05 3.63326e-05 0.0203484 0.166974 0.00925976 0.000146022 0.622999 2.62045e-07 0.000402062 0.0119367 5.68139e-05 0.0149634 0.000835069 7.21036e-05 
0.0429374 0.0171354 0.0693642 6.83654e-07 0.00318794 0.0238264 0.000394356 0.00429278 0.0259651 0.173824 0.00168687 0.0513392 0.150605 3.92219e-05 0.177279 0.0276794 7.75571e-05 0.150953 0.0794097 1.80347e-06 
0.0210833 0.0108738 0.0408623 3.72858e-07 0.00640696 7.3194e-05 0.000220916 0.00121654 0.0487314 0.00424337 2.46069e-05 0.236976 0.0301682 3.19909e-06 0.18819 4.67282e-06 0.000102891 0.13264 0.272518 0.00565995 
0.0427195 0.00780911 0.014055 2.46571e-07 0.00775808 6.89852e-09 0.000221997 0.0196007 1.76679e-07 0.0362676 0.0137914 0.100848 0.688536 1.93094e-08 0.0443276 0.00277985 1.09701e-05 0.00864191 0.012632 5.27339e-10 
