0.00112389 0.000218278 0.00692133 3.15744e-07 2.38804e-08 1.27833e-05 0.000816642 5.78443e-05 0.000147936 0.000934367 0.00295739 0.0143586 0.029496 3.20371e-06 0.830865 0.0010145 2.60845e-06 0.0914181 0.0196507 1.58109e-08 
0.0652952 0.0137821 0.0116152 6.48026e-08 9.93851e-05 6.11555e-07 0.00289975 0.00526777 0.0341514 0.042034 1.56155e-05 0.104629 0.00149927 0.00049744 0.3735 0.000732066 0.0137117 0.257129 0.0731414 5.37764e-11 
0.0245939 0.00358875 0.0254222 0.000269968 0.0154749 3.30654e-05 0.00035559 0.0127033 0.0537431 0.042266 0.000199709 0.14576 0.00717321 0.00179072 0.312259 0.00250416 0.000989016 0.178323 0.172551 9.24236e-09 
0.0221848 0.10131 0.0247823 0.00371372 0.000915903 2.86379e-05 0.00151227 0.0615794 0.0457485 0.0511107 0.000267151 0.0820965 0.00899743 0.00922385 0.383543 0.00434658 0.00117846 0.13314 0.0607926 0.00352826 
0.001568 0.0174292 0.0347065 6.15599e-05 0.00291166 8.39558e-05 5.59509e-08 0.120655 0.0196715 0.115593 5.59469e-08 0.113251 0.0043282 0.000671559 0.320887 0.013296 0.0003808 0.188101 0.0464039 5.59021e-08 
0.0429105 0.00217957 0.0316619 6.65815e-11 0.00708981 5.26677e-11 5.61126e-07 0.0089411 0.0162723 0.0271784 0.00188073 0.0947628 0.00320916 0.00492822 0.443774 0.00765141 0.0178667 0.129009 0.160684 7.37564e-11 
0.0281412 0.116913 0.0171926 0.00033558 8.42572e-06 2.38626e-08 0.00118226 0.0298078 0.00877466 0.230309 0.000937794 0.0274576 0.0306398 0.0125432 0.329398 0.0359472 0.000188364 0.104163 0.0260592 7.28035e-07 
0.0128898 0.00533988 0.0159426 1.11583e-05 0.00126137 5.67675e-09 0.00038657 0.0253576 0.0065281 0.0728237 0.000696609 0.0477585 0.0116813 0.000455341 0.560617 0.00201617 4.49497e-05 0.0156776 0.220511 1.77683e-12 
0.0364593 0.00301085 0.0407193 0.000417774 0.00453723 1.07842e-05 0.000326852 0.00550182 0.0545048 0.00884215 0.0062416 0.106105 0.120681 2.35141e-05 0.435579 0.00149587 0.000288099 0.0475389 0.127717 2.82269e-08 
0.0263327 0.0110901 0.0371991 7.09068e-05 0.00657458 0.000216011 0.00060865 0.00547236 0.0463872 0.0137026 0.0454287 0.119227 0.0087925 0.00025723 0.311001 0.0146996 0.00477929 0.128653 0.219506 1.83248e-06 
6.92687e-05 0.000821904 0.0366133 4.7518e-12 0.000725278 9.07611e-06 0.000239009 8.07672e-05 0.191482 0.00261981 8.88219e-09 0.0381815 0.00344474 5.47456e-05 0.614461 0.0150595 3.92592e-06 0.0654919 0.0306418 5.26386e-12 
0.00494538 0.0727423 0.0250066 0.000280468 0.00235604 6.84152e-08 1.37558e-05 0.0155486 0.0202944 0.23508 0.00264839 0.150765 0.0214775 0.00101307 0.284703 0.0265688 0.000527417 0.0514864 0.0845433 6.83772e-08 
0.00680764 0.00807574 0.0943019 5.03976e-08 0.000470473 3.48511e-05 0.00817877 0.0166057 0.0143225 0.131406 0.000388041 0.0637755 0.070262 0.00314536 0.45054 0.00177467 0.000433079 0.0473677 0.0821101 3.34935e-11 
0.0913988 0.00237581 0.0524655 0.000213559 0.000508382 5.39865e-10 0.000842538 0.0428719 0.07073 0.0819821 0.000505322 0.0366557 0.00359199 0.0543511 0.332701 0.0109204 0.00469845 0.0274182 0.185769 1.20936e-09 
0.0204401 0.044615 0.0146797 0.000138426 0.0140068 1.26431e-06 0.000368867 0.00830032 0.0321418 0.0368071 0.000150859 0.0884514 0.000399622 0.000113656 0.512766 0.00472444 4.25244e-06 0.186701 0.0351888 1.20095e-08 
0.0481526 0.00117343 0.00304968 0.00013488 0.00181694 1.27581e-12 0.0397589 0.0167046 0.0277978 0.0272157 0.000353805 0.0413014 0.00406191 0.0104569 0.331081 0.000367889 0.125433 0.00506156 0.316078 1.71502e-11 
0.0503842 0.0031936 0.0977053 1.54245e-05 0.00581228 1.98705e-06 0.000156545 3.06238e-07 0.00188649 0.00422797 1.63591e-06 0.102701 0.0667528 7.04509e-05 0.651959 5.0831e-05 8.63559e-05 0.00262312 0.0123672 2.78268e-06 
0.00118757 0.00195895 0.0117577 2.41594e-06 8.83691e-05 1.40684e-07 5.24597e-06 0.0691157 0.0114605 0.0424215 2.87955e-05 0.0944662 0.00021928 5.66793e-05 0.614984 0.00692721 4.56663e-06 0.081815 0.0635006 4.24831e-12 
0.00258062 0.000868296 0.00241505 8.11123e-06 0.00226841 6.57946e-09 4.04479e-09 0.00036063 0.0093324 0.00549059 4.80344e-06 0.149207 0.000335814 1.5809e-06 0.657531 3.04396e-05 2.7954e-09 0.141482 0.0280831 8.15136e-12 
0.0154796 0.11468 0.0697731 0.000548724 0.0198855 9.09318e-07 0.00555835 0.0352685 0.00514162 0.166493 0.000870069 0.186963 0.0607127 0.00869928 0.211487 0.0141916 0.000413364 0.0381363 0.0456971 3.39774e-11 
0.00560225 0.0356721 0.0538436 2.35689e-05 0.000477148 2.18491e-07 2.18692e-07 0.00259082 0.0784987 0.104292 0.000550526 0.0885899 0.00078561 9.88446e-05 0.531511 0.00589527 6.60577e-07 0.0641666 0.0273993 8.39738e-07 
0.0015038 0.00219197 0.0180339 1.25454e-05 0.000406435 2.01989e-07 0.000222719 0.00156209 0.27998 0.0257545 6.98933e-06 0.0520951 0.00489575 1.13866e-05 0.384544 0.00119889 3.24397e-05 0.22181 0.0057375 3.04019e-11 
0.003563 0.00074231 0.108763 4.58405e-08 0.0338529 0.000473686 0.000371183 0.0018045 0.0140587 0.0224402 7.98575e-05 0.0333441 0.048267 0.00177953 0.271994 0.00710058 7.34232e-06 0.199786 0.251572 6.83835e-12 
7.59273e-07 0.00417459 0.0640891 6.74823e-08 0.0176541 1.21173e-07 0.001558 4.82742e-12 0.0759533 0.00389945 9.30087e-08 0.0656795 0.265586 0.000421699 0.446128 0.00256973 0.000471696 0.0370078 0.0148061 4.3865e-11 
0.0015038 0.00219197 0.0180339 1.25454e-05 0.000406435 2.01989e-07 0.000222719 0.00156209 0.27998 0.0257545 6.98933e-06 0.0520951 0.00489575 1.13866e-05 0.384544 0.00119889 3.24397e-05 0.22181 0.0057375 3.04019e-11 
0.0100517 0.00622288 0.0185494 4.39401e-11 6.80197e-05 2.74309e-08 1.44981e-05 1.9898e-08 0.00991507 0.135703 0.000889201 0.0916002 0.128546 6.91535e-05 0.372694 0.00834501 8.88164e-05 0.0277108 0.189532 4.86751e-11 
0.0165519 0.01141 0.0851572 9.93267e-05 0.0203722 3.43128e-05 0.0017739 0.000242791 0.0590605 0.0498423 0.000243889 0.220809 0.00686484 7.83194e-05 0.336 0.000769062 1.6285e-05 0.127757 0.0629174 1.72258e-11 
0.0144699 0.0263426 0.044183 0.000132985 0.00183764 9.65113e-06 0.00114701 0.00630692 0.0656339 0.174915 0.00013578 0.059436 0.0488788 0.00430572 0.429749 0.00539986 0.000814787 0.0933929 0.0229083 3.89126e-07 
0.00683572 0.00851892 0.105665 7.51288e-11 0.00048684 5.0392e-06 2.31174e-07 0.0286703 0.194979 0.0605796 0.000426372 0.0756217 0.0497329 0.000214568 0.287089 4.75686e-05 1.59461e-05 0.155568 0.0255435 8.32247e-11 
0.0140078 0.048715 0.0870807 0.000140533 2.89568e-05 1.07356e-08 0.000493141 0.0124202 0.00365629 0.101277 0.000390888 0.0306283 0.0150514 0.00570688 0.49053 0.0149785 7.85577e-05 0.0849428 0.0898719 1.13386e-06 
0.00295804 0.0088936 0.112261 8.21039e-10 0.00211933 2.1934e-05 0.000110245 0.00334392 0.109067 0.0826076 0.00010643 0.166196 0.0183008 0.000130714 0.229103 0.0331823 1.83209e-05 0.205692 0.0258885 9.09516e-10 
0.0066455 0.00486167 0.0313355 8.8881e-07 0.00573356 6.75047e-06 0.000292306 0.0104646 0.00250937 0.0362226 0.0194516 0.154386 0.00722565 0.000240085 0.448986 0.00113455 5.46794e-05 0.0772702 0.193179 6.33476e-11 
0.00610308 0.000319369 0.000835249 1.59142e-08 0.00136109 1.41293e-10 0.00453398 0.00188624 0.00915013 0.298985 8.61243e-07 0.00605011 0.0891711 6.36518e-05 0.457337 0.0692077 3.45477e-11 0.0351187 0.0198764 1.97869e-10 
0.0112002 0.00338703 0.0064536 0.000149629 0.00307268 4.43775e-06 0.0136474 0.0609237 0.0431545 0.118493 3.32948e-05 0.0346269 0.00587004 0.0396652 0.408599 0.00613481 0.000117829 0.102526 0.141939 1.63687e-06 
0.000145258 0.00930692 0.0332124 9.33901e-10 2.64633e-05 3.99358e-13 1.78146e-05 0.0141116 0.0116647 0.0244347 1.12095e-05 0.106485 0.000916499 9.41266e-05 0.609875 0.109408 8.61026e-06 0.0377366 0.0425443 5.59265e-13 
0.00160235 0.000816274 0.107309 2.11222e-06 0.000584017 4.67351e-07 0.000688801 0.000445095 0.0114946 0.0357012 5.19899e-05 0.0546974 0.0796431 4.57315e-05 0.377275 0.00306262 6.22224e-05 0.235449 0.0910693 7.38471e-09 
0.0200242 0.00837508 0.0261298 2.36019e-05 0.0025291 0.012155 0.00348073 0.0854724 0.0116414 0.196741 0.051456 0.0494961 0.0135633 0.00146372 0.411544 0.0107203 0.000111637 0.0272001 0.0678725 7.52066e-12 
0.00428579 0.00425704 0.00674948 8.01425e-06 0.000430364 2.11935e-09 5.92796e-05 0.000354708 0.00338369 0.00947819 0.000686607 0.200899 0.000652501 2.51012e-05 0.478306 0.00149821 2.34462e-06 0.0120101 0.276913 6.10744e-13 
0.00277481 0.00238095 0.018658 4.18477e-07 0.000144764 1.08898e-06 0.000274338 0.00270136 0.0124285 0.0149395 7.32391e-05 0.162325 0.00040881 0.000133742 0.583633 0.00201297 3.22544e-06 0.108395 0.0887114 1.35395e-11 
0.0111753 0.122671 0.0609226 6.0917e-05 0.00379995 4.56695e-06 5.35464e-07 0.00339476 0.00281954 0.133406 0.000209401 0.167492 0.00921664 5.54605e-05 0.25916 0.0165048 7.34635e-06 0.130821 0.0782786 7.00886e-11 
0.00801721 0.0269071 0.0773983 1.03824e-05 0.000201337 0.000168059 1.13614e-05 0.00834611 0.0172297 0.0832546 7.70194e-06 0.166656 0.0335053 0.00088633 0.505535 0.00176064 4.79699e-05 0.0393092 0.0307478 3.76192e-08 
0.00506817 0.022208 0.00215476 1.62346e-05 0.00166989 3.63429e-06 2.87421e-05 0.0630913 0.0160294 0.0865734 5.71506e-06 0.0784062 0.000825881 7.57747e-06 0.602716 0.00871834 3.49988e-06 0.0996155 0.0128577 2.3744e-10 
0.000341519 0.0175137 0.0125437 3.05541e-07 0.000945083 1.74014e-05 0.0012683 0.00013053 0.0123387 0.00460561 0.000153496 0.00337379 0.00804054 3.68878e-05 0.805759 0.00543571 9.72451e-05 0.100267 0.027132 6.04561e-12 
0.0112653 0.0257028 0.00497904 0.00522165 0.00036907 5.18543e-07 0.000221987 0.022048 0.00977131 0.0539955 5.45072e-05 0.097309 0.00106124 0.000257808 0.539965 0.0076368 1.31455e-05 0.148627 0.0715009 1.79859e-08 
6.92687e-05 0.000821904 0.0366133 4.7518e-12 0.000725278 9.07611e-06 0.000239009 8.07672e-05 0.191482 0.00261981 8.88219e-09 0.0381815 0.00344474 5.47456e-05 0.614461 0.0150595 3.92592e-06 0.0654919 0.0306418 5.26386e-12 
8.56528e-05 0.000471656 0.298986 7.52906e-09 4.46083e-05 2.59771e-12 4.83132e-05 1.78663e-08 0.0211328 0.00435606 1.03131e-08 0.0854232 0.00131603 0.00042685 0.451986 0.0125189 1.58529e-05 0.0878203 0.0353678 3.63785e-12 
7.59273e-07 0.00417459 0.0640891 6.74823e-08 0.0176541 1.21173e-07 0.001558 4.82742e-12 0.0759533 0.00389945 9.30087e-08 0.0656795 0.265586 0.000421699 0.446128 0.00256973 0.000471696 0.0370078 0.0148061 4.3865e-11 
8.56528e-05 0.000471656 0.298986 7.52906e-09 4.46083e-05 2.59771e-12 4.83132e-05 1.78663e-08 0.0211328 0.00435606 1.03131e-08 0.0854232 0.00131603 0.00042685 0.451986 0.0125189 1.58529e-05 0.0878203 0.0353678 3.63785e-12 
8.56528e-05 0.000471656 0.298986 7.52906e-09 4.46083e-05 2.59771e-12 4.83132e-05 1.78663e-08 0.0211328 0.00435606 1.03131e-08 0.0854232 0.00131603 0.00042685 0.451986 0.0125189 1.58529e-05 0.0878203 0.0353678 3.63785e-12 
0.0126755 0.00371468 0.022831 0.000231537 0.00528402 9.16797e-05 0.000744948 0.0416194 0.0548878 0.0679441 0.0103896 0.0765219 0.0143014 0.00201216 0.300153 0.00432236 0.0244621 0.112569 0.245228 1.6644e-05 
0.0759285 0.0147832 0.0755766 0.000220125 0.0798927 6.69861e-06 0.00801441 0.00658177 0.0128093 0.114479 0.00610729 0.106172 0.0922586 0.000761585 0.184919 0.00473307 2.2031e-05 0.171354 0.04538 8.50222e-08 
0.00907542 0.00559261 0.0289435 0.000107614 0.0178073 2.15124e-05 0.000330824 0.0198528 0.21721 0.0306121 0.000220523 0.0667694 0.00494317 0.000960767 0.315187 0.00558757 0.00281763 0.247016 0.0268905 5.36122e-05 
0.00284167 0.00483677 0.0720798 2.5515e-05 0.00634471 0.000282791 0.0021317 0.00214156 0.204339 0.00697232 1.35094e-05 0.0931201 0.0138141 0.000615122 0.275398 0.00991318 9.84989e-05 0.137547 0.167485 1.23097e-11 
0.0021793 0.0107241 0.0158026 3.60569e-06 0.00609985 0.000276272 0.000156186 0.105254 0.0303542 0.107902 0.00021305 0.0634424 0.00433961 3.75708e-05 0.414101 0.0125226 2.86517e-05 0.193484 0.0330789 1.80968e-09 
0.00223967 0.000241187 0.229472 1.17491e-05 0.0108636 2.69845e-11 2.03668e-07 0.000151381 0.00341043 0.00117307 2.2216e-11 0.133392 0.000200099 0.000163364 0.322669 4.01901e-06 7.68932e-07 0.268533 0.0274745 3.77893e-11 
0.0143981 0.0275 0.0335268 0.00340608 0.00247764 2.0988e-05 0.00270978 0.013845 0.0809048 0.0148329 0.000103038 0.0439672 0.00754164 0.000714628 0.375632 0.00121026 0.00333036 0.0713885 0.30249 1.11035e-09 
0.0508135 0.00782624 0.0576157 0.000270195 0.0111635 3.02571e-05 0.000946594 0.0254547 0.0687212 0.0387702 0.00390908 0.177783 0.00988016 0.00358035 0.283278 0.0054912 0.0135796 0.108164 0.132549 0.000173196 
0.00457772 0.0147195 0.095432 8.16186e-08 0.00116072 8.16484e-08 0.00155189 0.00945786 0.037895 0.0552402 0.00102094 0.17718 0.0255827 0.00289992 0.296814 0.105379 0.00112801 0.0720237 0.0979367 8.16031e-08 
0.0290855 0.00510036 0.0467407 0.00118054 0.0096103 0.000787354 0.00908911 0.00309804 0.028559 0.0167613 0.0128069 0.153827 0.00488176 0.000820529 0.321263 0.00692747 0.000952359 0.122769 0.225739 1.09279e-07 
0.0119423 0.00211007 0.00559191 1.87501e-05 0.00424651 8.93436e-10 7.81853e-05 0.00983076 0.0521061 0.0507295 1.97161e-05 0.0339462 0.000764447 1.7122e-05 0.739567 0.0012926 1.77567e-07 0.0690277 0.0187105 3.40059e-10 
0.0038788 0.000902158 0.00970918 0.000157668 0.00253855 2.91674e-06 0.000380245 0.0140299 0.268389 0.0101062 0.000179483 0.0429208 0.000514974 0.000327291 0.351829 0.000835953 0.00104779 0.253579 0.0386711 2.93807e-11 
3.84798e-09 0.00770231 0.0316512 5.4227e-13 3.08189e-05 1.20149e-09 0.000187061 0.000175166 0.0663051 0.0339437 4.41471e-09 0.152702 0.000479611 5.23749e-05 0.594765 0.0191152 2.31744e-06 0.0751764 0.0177113 6.00706e-13 
0.000200753 0.000555419 0.0234788 2.85901e-06 0.000128581 4.66481e-06 1.6299e-06 0.000379281 0.00250951 0.0334022 0.0053421 0.247711 0.000184712 5.31433e-06 0.371101 8.56356e-05 2.95662e-06 0.233948 0.0809562 3.97776e-09 
0.00347629 0.00233895 0.257567 1.79826e-10 0.0229309 0.00715278 0.000559625 0.00275461 0.0306912 0.0350787 0.000363403 0.0530751 0.1155 8.47867e-05 0.318727 0.00488675 5.3915e-05 0.109345 0.035415 1.99205e-10 
0.00363417 4.79719e-05 0.198563 4.06529e-10 1.93576e-06 3.21576e-10 1.4686e-05 1.88335e-06 2.19963e-05 9.50385e-05 6.01007e-06 4.82611e-05 1.06605e-05 5.24734e-06 0.631091 0.00855601 1.52547e-06 4.84355e-05 0.157853 4.50338e-10 
0.00533505 0.00161451 0.011996 1.60807e-06 0.00072816 1.08131e-05 4.34647e-05 0.0236802 0.0159947 0.0318167 7.13387e-05 0.116697 0.00147596 6.12118e-05 0.417602 0.00857898 3.42677e-05 0.0801283 0.284129 6.57574e-10 
0.00138635 0.000630387 0.00404789 4.43628e-06 0.000201344 1.04096e-07 3.42546e-05 0.0158262 0.00868998 0.039993 5.7179e-06 0.0465432 0.0126422 2.8753e-06 0.726565 0.00488028 0.000178026 0.0633054 0.075063 9.78862e-11 
0.00104777 0.000989893 0.0246003 1.22902e-05 0.000704469 2.02753e-05 0.00051506 2.44619e-05 0.0399289 0.00509481 0.000154082 0.0186993 0.0173428 6.19359e-05 0.836291 0.000436559 1.42025e-05 0.0425629 0.0114992 1.45949e-07 
0.000125265 0.00203868 0.0771731 5.1905e-12 1.36564e-08 5.75226e-09 6.02845e-08 7.32131e-08 0.00959405 0.00746648 0.00125929 0.182526 0.0225436 0.00170033 0.611942 1.89209e-06 0.000135794 0.0126217 0.0708718 5.74984e-12 
0.00594999 0.00657301 0.0244086 4.30734e-06 0.00586825 4.86646e-06 0.00033963 0.0332427 0.1252 0.106344 0.000103217 0.0585817 0.00778487 0.00018838 0.475781 0.00623088 5.1479e-05 0.122813 0.0205305 4.30539e-09 
0.0209319 0.00634799 0.0418631 0.000621219 0.00325188 0.000217928 0.00198596 0.00752594 0.172615 0.0463135 0.00185826 0.109574 0.010195 0.000250409 0.223396 0.0092138 5.81784e-05 0.192325 0.151455 4.7911e-08 
0.0223305 0.00792072 0.0965326 8.80711e-09 0.00120563 1.17762e-05 0.00018031 0.15488 0.00584192 0.0977875 0.000247662 0.029174 0.122317 4.6213e-05 0.28921 0.00710085 3.09738e-06 0.164158 0.00105259 1.82514e-09 
2.19883e-09 0.0055206 0.010708 1.3918e-06 0.0003147 3.851e-07 3.19443e-05 0.00069224 0.031314 0.034131 9.48931e-13 0.0919607 2.51416e-05 3.7621e-06 0.637282 0.000747051 2.43229e-07 0.177473 0.00979397 1.61413e-12 
0.00773803 0.060398 0.0172718 4.37678e-08 0.000718207 3.54587e-06 5.85848e-05 0.000248284 0.00305654 0.159604 0.00229374 0.200794 0.0154023 0.00597041 0.397405 0.00185982 0.000525642 0.018045 0.108607 2.94551e-11 
0.0245663 0.00518647 0.0350948 0.000322455 0.038038 0.00245375 0.000540821 0.0198929 0.0955763 0.0399809 0.00015126 0.199208 0.0146521 0.0036623 0.230079 0.0050698 0.000246237 0.141305 0.143532 0.00044207 
0.0371365 0.0128351 0.0394514 0.00024602 0.00634915 7.94969e-06 0.000217773 0.0167655 0.0287019 0.0415562 0.00686316 0.0867783 0.0116747 0.00438443 0.35623 0.00881992 6.34089e-05 0.133719 0.20818 1.97138e-05 
0.0556698 0.000709786 0.0070474 0.000135042 0.000974084 2.93583e-12 0.000584399 0.0149632 0.0436027 0.0278613 0.000190965 0.0432383 0.00136695 0.011287 0.364756 0.000397663 0.0894794 0.0141846 0.323551 2.89735e-11 
0.0148413 0.00714215 0.1211 1.78553e-05 0.00641704 0.00037644 0.000193552 0.00846311 0.0288695 0.0683365 0.003025 0.041078 0.201074 0.00122692 0.236627 1.73961e-05 0.00292992 0.0514763 0.194597 0.0121923 
1.04709e-11 0.00252251 0.0791052 8.26352e-11 0.00118843 2.461e-07 0.00155835 1.00741e-11 0.0395507 7.21557e-05 1.50254e-07 0.024892 0.100874 0.000158341 0.602685 0.000670431 2.61156e-05 0.146697 2.31865e-07 9.154e-11 
0.00944164 0.115615 0.0677786 0.000822173 9.50791e-05 0.000825549 5.64025e-05 0.0369844 0.0058601 0.131405 0.00204651 0.108018 0.105284 0.000752144 0.234047 0.0428936 4.19561e-07 0.124542 0.0135212 1.0507e-05 
0.0387239 0.0332724 0.0197573 2.18023e-07 0.0313947 8.33866e-06 0.0140454 0.0226946 0.0339378 0.0647043 4.39183e-05 0.140074 0.0217078 0.00113354 0.442658 0.00623226 2.93238e-05 0.118294 0.0112876 1.19746e-08 
0.00202127 0.000109259 0.00220196 2.50599e-08 5.29801e-08 6.3235e-10 1.313e-08 2.47277e-07 0.00365694 0.00612073 2.74574e-08 0.0912324 0.00038335 7.21424e-09 0.617847 2.7434e-08 3.03824e-05 0.0415755 0.23482 4.40572e-12 
0.00704726 0.0136914 0.0185148 5.35872e-06 0.00114954 1.20256e-05 0.00153107 0.00157333 0.0123771 0.00541916 0.000786489 0.0787577 0.0103797 0.000106904 0.668245 0.0108468 0.000156829 0.0967767 0.0726224 3.96678e-12 
0.0148033 0.00513277 0.067972 0.000238122 0.00180545 5.43011e-05 0.000600878 0.00138135 0.0858445 0.0231605 0.000392189 0.179679 0.0152379 2.19649e-05 0.432653 0.00105533 2.45039e-05 0.0824443 0.0874989 8.14266e-11 
0.000341519 0.0175137 0.0125437 3.05541e-07 0.000945083 1.74014e-05 0.0012683 0.00013053 0.0123387 0.00460561 0.000153496 0.00337379 0.00804054 3.68878e-05 0.805759 0.00543571 9.72451e-05 0.100267 0.027132 6.04561e-12 
0.0158482 0.0128271 0.052374 1.10346e-05 0.00470542 1.18655e-08 0.000162504 0.00395048 0.0179118 0.0417404 1.17149e-05 0.258356 0.0215659 0.000511677 0.286607 0.00336827 3.38697e-05 0.230589 0.0493669 5.90257e-05 
0.0141367 0.0714877 0.161286 2.14357e-06 0.0178025 2.95276e-06 0.00022522 0.00763877 0.0128707 0.0261817 2.63697e-05 0.186226 0.00712563 0.00026278 0.261459 0.0061592 9.61391e-06 0.0501953 0.176902 1.27607e-09 
0.0128925 0.0318546 0.00766191 0.00152463 0.00901972 2.71936e-06 0.000594919 0.00143679 0.0141094 0.0424787 2.7293e-05 0.211875 0.00130774 0.000269347 0.353551 0.00365836 1.97512e-06 0.164173 0.14356 1.3753e-08 
0.0034181 0.0024245 0.00482616 0.000163632 0.0156339 3.65336e-06 0.000369363 0.000589002 0.0139563 0.0247003 1.75742e-05 0.156337 0.00147291 1.49024e-05 0.484999 0.00150141 1.08491e-06 0.127354 0.162216 1.41867e-08 
0.000177745 0.0032604 0.0839115 1.80352e-06 0.0030669 2.0844e-09 0.000343081 0.000526728 0.0322423 0.0172009 8.19161e-05 0.185152 0.001359 8.42186e-05 0.347085 0.0448253 7.24421e-05 0.221518 0.0590911 1.68193e-11 
0.245715 0.0187521 0.0761152 2.15258e-06 0.000434196 2.84593e-05 0.00014809 0.0104067 0.0420812 0.0207588 1.43807e-05 0.170571 0.00314326 0.00562918 0.260411 0.00891358 7.25489e-05 0.08284 0.0539631 1.58399e-10 
0.00464841 0.0438837 0.022046 9.57536e-06 9.12274e-05 1.72553e-06 0.000220609 0.013769 0.00245912 0.052377 6.69491e-05 0.200918 0.00191453 0.000534084 0.324803 0.0142478 3.18106e-05 0.0241933 0.293784 3.93752e-11 
0.00244174 0.00369708 0.0293216 2.5215e-08 0.0044645 2.25209e-06 0.000378577 0.000249338 0.253742 0.0259967 5.57169e-05 0.0822902 0.000849246 9.83968e-05 0.381752 0.0132301 3.91697e-05 0.150759 0.0506324 1.25862e-11 
0.00284149 0.000797679 0.0299589 5.42213e-09 0.00441621 1.80952e-06 2.2815e-08 0.00224986 0.0356336 0.0139482 0.000106808 0.109673 0.0016237 0.000727429 0.557734 0.000356303 1.64144e-05 0.221779 0.0181356 5.21209e-08 
0.0817624 0.00160468 0.00925045 0.000501669 0.012369 1.35427e-06 0.0218197 0.0350088 0.158936 0.0446685 0.000332781 0.0333603 0.0152411 0.0614376 0.249784 0.000470923 0.0673405 0.0163181 0.189792 2.51752e-11 
0.00179736 0.0309381 0.0466552 0.0260959 0.0262918 0.000760554 0.000134092 0.00019229 0.0523507 0.00645445 0.0145293 0.0207464 0.0879869 5.26943e-07 0.433098 2.84424e-07 4.23454e-05 0.204666 0.0472594 3.26524e-10 
0.00173934 0.0152275 0.0410713 7.68408e-08 0.00112355 0.00333619 0.00324497 0.11236 0.0225943 0.121893 0.179118 0.07712 0.0622443 0.00206879 0.199807 0.00969417 0.00798742 0.104398 0.0349727 7.68263e-08 
0.000197873 0.140721 0.11807 0.000145961 0.00142165 8.01437e-08 7.17888e-05 0.0263444 0.0221041 0.155729 0.000143799 0.0995928 0.117806 5.32909e-05 0.193915 0.0374896 0.00101469 0.0202833 0.0648954 8.32619e-11 
0.0199098 0.00472287 0.0717589 6.3023e-05 0.0118326 3.29541e-05 0.0037041 0.0307118 0.169736 0.0417604 0.000427638 0.0205236 0.0173071 0.00509651 0.265081 0.00540369 0.0001966 0.129746 0.201986 1.97816e-09 
0.000177745 0.0032604 0.0839115 1.80352e-06 0.0030669 2.0844e-09 0.000343081 0.000526728 0.0322423 0.0172009 8.19161e-05 0.185152 0.001359 8.42186e-05 0.347085 0.0448253 7.24421e-05 0.221518 0.0590911 1.68193e-11 
0.0179485 0.0150995 0.0153559 2.69305e-05 0.00208629 7.88916e-05 0.00651987 0.00377375 0.0132251 0.0211475 0.000831781 0.166812 0.00395533 0.000174952 0.407966 0.00505708 0.000550264 0.0617168 0.257661 1.1782e-05 
0.0438269 2.91424e-07 0.00262087 5.2333e-07 0.118778 1.94554e-07 0.00400506 9.83835e-08 0.0309432 0.00754508 0.000595369 0.0465371 0.0414102 1.9338e-07 0.67079 2.6645e-07 0.000183116 0.032747 1.66593e-05 1.02197e-10 
0.0227217 0.00528758 0.0943281 3.16142e-05 0.0212173 1.45473e-05 0.00213029 0.000223052 0.0679802 0.027915 0.00534534 0.281237 0.000716068 0.000249199 0.345858 0.000748465 3.97857e-05 0.093345 0.0306115 4.48024e-11 
0.0240787 0.000658628 0.0030464 1.31306e-08 0.000900841 3.09553e-07 0.0133534 0.0733631 0.0138052 0.0176518 1.98791e-05 0.0512359 0.0026016 0.0320379 0.507793 3.25215e-05 9.93826e-05 0.00565472 0.253665 2.2445e-06 
0.00501981 0.0195098 0.0326936 5.53533e-06 0.000114053 8.20259e-07 0.000398397 0.000427442 0.00313935 0.0850227 0.00498893 0.114362 0.00553296 0.000605467 0.64531 0.0142676 1.47521e-05 0.0300496 0.0385371 3.9044e-07 
0.0712277 0.00132927 0.0272817 5.97314e-06 0.000824496 7.91052e-05 0.00210238 0.0214026 0.0867288 0.0309216 1.11958e-05 0.0957165 0.00787102 0.00602522 0.371095 0.000754431 0.000170454 0.0709282 0.205511 1.24534e-05 
0.0270268 0.00117572 0.00593729 2.48306e-08 0.00243284 3.0138e-09 0.000159828 0.0931661 0.0407697 0.0341927 8.26318e-05 0.0682839 0.00236428 0.0038899 0.501223 0.000164155 0.099692 0.0150345 0.104405 9.28057e-12 
0.0624945 0.00411437 0.104323 9.93196e-05 0.0089815 0.00014568 0.000311934 0.0236923 0.0352819 0.0567514 0.00113851 0.245319 0.00925293 0.00728646 0.250616 0.0127946 4.64408e-05 0.109803 0.0675371 1.05266e-05 
0.0595544 0.00499384 0.0708178 9.74046e-05 0.00918113 0.000933903 0.00144142 0.0389648 0.0513002 0.0409368 0.000613463 0.12031 0.0110603 0.000261868 0.375917 0.00331628 0.01409 0.0912538 0.104955 7.30815e-09 
9.05343e-05 0.0108932 0.0184612 7.14392e-07 0.00382473 7.85935e-10 0.000202565 0.00768604 0.0751385 0.086876 2.05858e-07 0.0872596 0.00393381 0.000515788 0.501727 0.100992 5.38338e-05 0.0936455 0.00869855 1.10063e-09 
0.00330958 0.00341298 0.0172397 9.71847e-12 0.00243841 6.21678e-06 0.000602434 0.00183367 0.173174 0.0583416 0.000312336 0.0705038 0.0210224 0.000253348 0.429242 0.0137767 4.04478e-05 0.172639 0.0318513 1.07657e-11 
0.0558766 0.00464808 6.3602e-07 6.03955e-08 8.46439e-05 7.32047e-09 0.00741411 4.94529e-07 3.35849e-07 0.00500886 0.000187869 0.0947404 0.000195618 1.1346e-07 0.636039 1.26578e-07 1.89421e-08 0.127533 0.0682706 6.02683e-12 
0.00199177 0.0194097 0.0102622 1.30911e-08 0.00019737 4.04267e-09 4.51062e-06 0.054709 1.3813e-07 0.0189017 0.0031378 0.313184 0.055815 2.51994e-08 0.422876 3.50131e-07 8.56317e-06 0.0158249 0.0836764 3.53616e-12 
0.0118415 0.0185789 0.191611 0.00109379 0.000905901 9.78362e-07 0.000462393 0.0210008 0.0437212 0.102996 0.000190977 0.092388 0.00526925 0.00179434 0.256827 0.00731018 0.017416 0.129798 0.096794 4.75872e-08 
1.23783e-08 2.45448e-08 0.00465241 2.72863e-12 0.00101588 1.64062e-08 0.000325623 6.98598e-09 0.32025 0.000117373 1.777e-12 0.0229562 3.2635e-08 1.54278e-08 0.472504 0.00110452 2.58653e-09 0.135288 0.0417861 3.02267e-12 
1.6327e-05 6.17855e-05 0.00210774 5.29846e-06 0.000482798 1.07695e-05 3.06821e-06 8.29412e-07 0.000844865 0.00012912 2.84046e-05 0.00167609 0.200239 3.26102e-06 0.712158 3.03498e-06 0.000109963 0.0600384 0.0220814 8.12677e-08 
0.063698 0.0156553 0.143722 0.000213483 0.0349958 1.99956e-06 0.000550682 0.00416034 0.0368346 0.0554675 0.00192466 0.143539 0.0192885 0.000571961 0.348327 0.00292247 4.38871e-05 0.0955015 0.0325663 1.4854e-05 
0.0226626 0.000704951 0.0834838 4.69748e-06 0.0835257 6.1899e-08 0.000749817 0.000314999 0.0234007 0.0107515 1.21746e-07 0.129554 0.00491914 6.23532e-05 0.361207 0.00010372 6.35828e-06 0.180093 0.0984556 1.4183e-10 
5.49705e-14 0.00374984 0.018203 4.33819e-13 1.73616e-09 3.17293e-06 7.87588e-09 0.000396175 0.151902 0.0412412 7.03506e-09 0.0553122 4.2293e-05 1.7941e-05 0.392824 0.00253312 8.86747e-07 0.331278 0.00249676 4.80568e-13 
0.00277996 0.00281993 0.0204486 1.24227e-06 0.0147348 2.01064e-06 0.00129736 0.0354906 0.041253 0.0750636 9.92506e-05 0.0554236 0.0025604 0.000488117 0.471037 0.0026679 9.385e-05 0.218068 0.0556701 5.11098e-07 
0.0321134 0.00771412 0.0116903 0.000207038 0.00584598 2.5301e-06 0.000259418 0.00588207 0.0444845 0.0597039 0.000306284 0.137453 0.00353561 8.16187e-05 0.37571 0.00363855 0.00354674 0.129209 0.173117 0.00549969 
0.0531435 0.00937235 0.0166329 2.90853e-06 0.00562134 0.00933187 0.000288799 0.000815158 0.0780967 0.0139602 1.41345e-07 0.233473 0.000376154 1.69052e-05 0.417108 0.00103657 1.17223e-06 0.115907 0.0448148 1.91055e-11 
0.0396708 0.016965 0.0553993 0.0107045 0.00160197 2.67287e-05 0.000369082 0.000912919 0.182039 0.0840086 0.00376276 0.0277786 0.0260961 0.14841 0.20836 0.021872 0.0120794 0.0558993 0.104044 3.0631e-08 
0.0531099 0.000150523 0.0704325 7.33765e-06 0.00226833 2.96992e-05 0.0107143 0.000317269 0.024319 0.0327367 1.24254e-07 0.105756 0.0148323 0.208723 0.436443 1.19258e-05 0.000147968 0.0210673 0.0188468 8.62917e-05 
0.00896563 0.0111528 0.0212093 0.000161585 0.00988838 6.85872e-05 0.00365843 0.0157407 0.0289238 0.0472668 0.0165993 0.130382 0.0117107 0.000572912 0.362537 0.0143547 0.00529911 0.228963 0.0790549 0.0034905 
0.00196709 0.0330709 0.0609534 3.02354e-05 0.00281856 1.78978e-05 9.66849e-08 0.00614338 0.00170824 0.133375 0.000199316 0.167495 0.00534955 7.89201e-05 0.279118 0.031977 0.0383658 0.127437 0.109895 1.96098e-12 
0.0383945 0.042669 0.0536638 0.000110555 0.0638696 0.000469135 0.00126337 0.0201916 0.0459145 0.0406186 0.0010696 0.0697338 0.0868669 0.00558315 0.192704 0.00626104 0.00788906 0.132984 0.189725 1.90721e-05 
0.00177904 0.00163907 0.02667 1.72236e-06 7.40924e-05 0.00184118 0.00998518 0.0035857 0.00403804 0.0194878 0.0138352 0.0730037 0.0611447 0.00106909 0.564563 0.00447184 0.000779216 0.0644779 0.14754 1.37417e-05 
0.00803126 0.12047 0.113956 5.95358e-08 0.0584728 1.6275e-08 0.00722773 0.0222061 0.0123981 0.0954091 0.0013381 0.157683 0.0107004 0.0106874 0.176629 0.00384794 0.00051734 0.115975 0.0844511 5.22643e-11 
0.0186175 0.0070528 0.0177017 7.99092e-06 0.0391118 7.69231e-05 0.012505 0.0599816 0.0164516 0.0564845 0.0357241 0.133882 0.0685787 0.00292833 0.363579 0.00112781 0.000577039 0.0862505 0.0793615 4.48524e-08 
0.0243439 0.00152773 0.013266 8.33612e-05 0.0419564 4.89468e-07 0.00174546 0.0931667 0.0219047 0.0502298 7.31102e-05 0.0858659 0.00123729 0.000724096 0.30192 0.00213291 1.37339e-05 0.203825 0.155984 9.10656e-10 
9.85802e-05 0.00225296 0.0550904 1.21869e-06 6.27304e-05 9.57385e-05 8.94676e-05 0.00227415 0.012972 0.0296985 0.0878614 0.173781 0.132806 0.00168723 0.481008 0.00448942 3.61901e-05 0.0104984 0.00519629 3.40622e-07 
9.35438e-05 0.0157522 0.0324203 4.42079e-10 0.00046538 3.49696e-10 8.2426e-05 0.00122392 0.0134733 0.0776859 1.32115e-05 0.120748 0.00042036 3.9837e-05 0.554199 0.00854372 3.90461e-06 0.156742 0.0180929 4.89718e-10 
0.0485087 0.00188741 0.0331971 6.92019e-08 0.00557037 2.96405e-07 0.0042004 0.0840115 0.0571879 0.0750205 0.000205634 0.0716911 0.0220143 0.0142465 0.388015 0.0298824 0.000800874 0.0405235 0.123036 1.58386e-11 
0.0279521 0.00530134 0.00886126 0.0482598 0.00486478 4.62822e-07 0.000333595 5.39954e-09 0.0677286 0.0173677 6.8546e-07 0.236405 0.000812421 0.000255811 0.409231 0.000662152 1.04261e-06 0.0908092 0.0811534 5.18821e-11 
0.00276391 0.00349628 0.0303532 1.59415e-06 0.00152194 6.72915e-06 4.39059e-05 0.00128078 0.00425162 0.00735383 5.31919e-05 0.156954 0.0013061 0.000157132 0.380443 0.0144759 1.03961e-05 0.0679392 0.327588 1.64653e-12 
0.000341519 0.0175137 0.0125437 3.05541e-07 0.000945083 1.74014e-05 0.0012683 0.00013053 0.0123387 0.00460561 0.000153496 0.00337379 0.00804054 3.68878e-05 0.805759 0.00543571 9.72451e-05 0.100267 0.027132 6.04561e-12 
0.0111753 0.122671 0.0609226 6.0917e-05 0.00379995 4.56695e-06 5.35464e-07 0.00339476 0.00281954 0.133406 0.000209401 0.167492 0.00921664 5.54605e-05 0.25916 0.0165048 7.34635e-06 0.130821 0.0782786 7.00886e-11 
0.000795572 0.00907697 0.0330249 1.15451e-06 0.00011721 4.20545e-05 6.29812e-05 0.0533636 0.00598584 0.116959 0.0652313 0.116902 0.0082648 9.03352e-05 0.44543 0.0114207 7.46594e-05 0.06781 0.0653466 6.78969e-13 
4.97076e-05 0.000349556 0.0390529 1.05176e-08 0.0024168 2.46647e-06 0.00062615 0.00168683 0.224775 0.023713 9.32886e-05 0.0415404 0.0040701 0.000141598 0.308851 0.0234177 1.33952e-06 0.308828 0.0203832 8.11391e-11 
0.0106717 0.000591206 0.10426 8.69055e-06 0.000735661 8.58164e-08 0.00499181 0.0309511 0.00365824 0.00501894 9.232e-05 0.0188242 0.0010474 0.00265045 0.440428 0.00017855 2.49642e-05 0.188284 0.187582 5.4747e-10 
0.00537569 0.00131967 0.0401134 3.87892e-05 0.00101833 1.11699e-05 0.000568495 0.000115202 0.109577 0.0235661 0.000444267 0.0445922 0.00522425 6.05693e-05 0.652106 0.000713972 1.35695e-05 0.0660015 0.0491397 1.44557e-11 
0.00210467 0.00222784 0.0481321 0.000261447 6.37789e-05 6.2753e-07 4.6446e-06 0.00125007 0.0026957 0.0123749 1.39824e-06 0.302955 0.00029269 9.15152e-06 0.535096 0.0130184 5.05463e-07 0.00829021 0.0712209 1.20671e-08 
0.00156147 0.00163254 0.0182179 2.57903e-05 0.000614573 6.72215e-06 0.000303283 0.00306672 0.302249 0.0123978 1.03363e-05 0.0224739 0.000451729 0.000516135 0.390937 0.00657056 1.94157e-05 0.21436 0.0245851 3.607e-10 
0.0173913 0.00152294 0.0155358 1.20062e-05 0.000967853 1.15624e-06 0.00161623 0.0450537 0.00871663 0.0607034 0.000347267 0.0872021 0.0118303 0.00045236 0.633794 0.00121025 6.93001e-05 0.0917035 0.0218696 4.73557e-07 
0.000234518 0.0133933 0.0219598 1.34544e-06 0.000423784 2.4138e-08 3.3117e-06 0.00105704 0.000712729 0.0636844 3.07068e-05 0.231777 0.000525507 2.62405e-05 0.474683 0.01304 2.59695e-06 0.0215709 0.156874 1.9267e-11 
0.0015038 0.00219197 0.0180339 1.25454e-05 0.000406435 2.01989e-07 0.000222719 0.00156209 0.27998 0.0257545 6.98933e-06 0.0520951 0.00489575 1.13866e-05 0.384544 0.00119889 3.24397e-05 0.22181 0.0057375 3.04019e-11 
0.000676269 0.002204 0.00719877 2.04036e-06 3.78524e-05 1.82072e-07 0.00355171 0.02347 0.00491738 0.0446754 3.36293e-05 0.274501 0.000265743 4.18898e-05 0.547121 0.00796819 5.0988e-06 0.0635617 0.0197681 3.79027e-09 
0.029719 0.0598042 0.205653 1.61114e-06 0.00659776 1.14237e-05 0.000619172 0.000405617 0.023098 0.0465555 3.19773e-05 0.0158752 0.00294903 0.000138605 0.360145 0.0119448 4.73699e-05 0.216674 0.0197179 1.0909e-05 
6.92687e-05 0.000821904 0.0366133 4.7518e-12 0.000725278 9.07611e-06 0.000239009 8.07672e-05 0.191482 0.00261981 8.88219e-09 0.0381815 0.00344474 5.47456e-05 0.614461 0.0150595 3.92592e-06 0.0654919 0.0306418 5.26386e-12 
0.0627818 0.00139702 0.113652 3.7047e-06 0.00182177 0.00892135 0.000998829 1.16112e-05 0.0206037 0.00955014 0.0040323 0.0399248 0.289493 4.01877e-05 0.292483 0.00325034 6.51364e-05 0.0307421 0.119725 0.000502339 
1.00641e-07 0.000577431 0.141001 8.55491e-06 0.00063615 0.000205929 0.000581106 0.000135822 0.00572713 0.00102427 0.000914327 0.0212526 0.0512028 0.00108468 0.330532 8.22432e-05 5.96932e-05 0.238137 0.206838 2.78427e-12 
0.0180539 0.0125197 0.0148938 6.23017e-05 0.00497802 4.62509e-05 0.00833431 0.00183875 0.0605266 0.0231512 0.000868847 0.0414241 0.0055233 0.00153182 0.55147 0.0103769 0.00156626 0.164938 0.0778898 6.03615e-06 
0.000614985 0.00155423 0.00808368 1.14945e-05 0.000182369 0.000124007 0.000125888 0.00150182 0.000235043 0.107639 3.8506e-05 0.0187159 0.37887 0.000106873 0.411296 0.000967539 2.2526e-05 0.0689607 0.000945351 3.80365e-06 
0.030326 0.0154487 0.0300011 0.00132048 0.0114582 3.41234e-05 0.0662256 0.00993039 0.0529063 0.0322978 0.00391844 0.122595 0.003172 0.000858316 0.252487 0.00402533 0.000365193 0.208477 0.154111 4.05886e-05 
0.000292115 0.00329327 0.00941001 2.54032e-06 0.000535041 1.46545e-05 8.48694e-05 0.000197865 0.0342916 0.117439 3.43599e-05 0.323256 0.00413282 4.36094e-06 0.363832 0.000326808 3.44312e-05 0.127991 0.0148266 2.18253e-09 
0.0577886 0.0490125 0.0451382 0.000839067 0.00233111 1.07164e-05 0.0013475 0.00501567 0.0113053 0.0951295 0.0109999 0.173528 0.0176273 0.00905324 0.240966 0.00192166 4.72183e-05 0.193545 0.0843934 6.97118e-07 
0.0210001 0.000577961 0.0150646 3.32356e-05 0.00617475 9.87066e-08 0.00097138 0.00764291 0.114863 0.00701624 3.21488e-06 0.129775 0.00047456 0.000642515 0.407029 1.96249e-05 0.044867 0.148774 0.0950709 5.20321e-12 
0.0210001 0.000577961 0.0150646 3.32356e-05 0.00617475 9.87066e-08 0.00097138 0.00764291 0.114863 0.00701624 3.21488e-06 0.129775 0.00047456 0.000642515 0.407029 1.96249e-05 0.044867 0.148774 0.0950709 5.20321e-12 
0.00322572 0.00154713 0.0217127 8.43762e-08 0.00883405 3.10056e-06 3.07355e-05 6.53696e-05 0.00767761 0.00430464 8.87745e-07 0.243901 0.000521039 9.41012e-06 0.300041 4.21786e-09 1.72212e-07 0.112523 0.295602 3.45669e-08 
1.17608e-07 0.00193011 0.0413471 2.1884e-08 2.0899e-07 1.47564e-08 0.00047895 0.000296515 0.000820915 0.0354539 6.03415e-08 0.194654 7.48328e-08 2.6071e-08 0.539341 0.00273753 1.13647e-08 0.138673 0.0442662 1.71006e-10 
0.00154982 0.00340883 0.00437694 8.31002e-07 0.0018242 9.02254e-10 0.00104866 0.00543211 0.0195934 0.037376 1.33658e-05 0.0532565 0.0016653 0.000137605 0.79199 0.000233284 4.80088e-06 0.0482273 0.0298611 2.04275e-12 
0.0214131 0.0325162 0.0119151 1.15402e-06 0.00368783 3.31318e-05 0.0565199 0.00802352 0.00832957 0.157313 5.29481e-05 0.114462 0.0333985 0.0125468 0.262857 0.014377 6.12012e-05 0.244094 0.0183978 4.74613e-07 
0.0235718 0.0293934 0.0183443 4.57827e-05 0.00299695 1.8052e-06 0.0016885 0.00121822 0.0213939 0.0167939 3.89098e-05 0.103082 0.00810064 0.000514489 0.654116 0.00231521 2.26839e-05 0.0624304 0.053931 1.40594e-10 
0.0290855 0.00510036 0.0467407 0.00118054 0.0096103 0.000787354 0.00908911 0.00309804 0.028559 0.0167613 0.0128069 0.153827 0.00488176 0.000820529 0.321263 0.00692747 0.000952359 0.122769 0.225739 1.09279e-07 
0.00565037 0.00116884 0.0269315 6.88224e-07 0.000675429 1.25726e-08 0.000817139 0.0740406 0.116776 0.0745258 0.0917292 0.0310113 0.0554312 0.00894543 0.149398 0.00517858 0.091334 0.148309 0.118078 4.09733e-11 
0.00815515 0.025348 0.0804707 0.00108864 0.000463655 4.2015e-11 6.11164e-10 0.0407343 0.00158205 0.174213 0.000218134 0.146933 0.107228 6.815e-05 0.20637 0.129194 7.06015e-09 0.0544028 0.0235299 5.88383e-11 
0.00173934 0.0152275 0.0410713 7.68408e-08 0.00112355 0.00333619 0.00324497 0.11236 0.0225943 0.121893 0.179118 0.07712 0.0622443 0.00206879 0.199807 0.00969417 0.00798742 0.104398 0.0349727 7.68263e-08 
0.00593069 0.00223951 0.00641244 1.14597e-07 1.44254e-05 2.02064e-07 5.21783e-05 0.0132683 0.0051552 0.00424187 2.61322e-05 0.066661 0.000523081 4.44595e-05 0.63068 0.000610224 1.04285e-06 0.0276527 0.236486 3.71226e-10 
0.0117696 0.0120337 0.0181023 0.000107796 0.000118813 0.00024992 0.000412718 0.000154851 0.036081 0.0284972 5.39569e-05 0.0804951 0.272816 0.000136554 0.355241 0.00263237 0.000102016 0.0128992 0.168096 1.80562e-08 
0.0144508 0.00269028 0.0320039 7.07233e-05 0.00555959 0.000164699 0.000544255 0.0268817 0.162811 0.0329804 0.00479334 0.140089 0.00589738 0.00238959 0.305956 0.0205757 0.00832712 0.127942 0.105872 3.86919e-08 
0.0125801 0.0222855 0.050516 6.81052e-05 0.0115004 1.23442e-05 0.000678626 0.021977 0.0395954 0.03231 0.000201312 0.131008 0.0126906 0.000529319 0.364731 0.00567918 2.33228e-05 0.166269 0.127345 6.16215e-09 
0.0146065 0.00328271 0.0243205 0.000228401 0.00803117 0.000128663 0.00405359 0.0229993 0.0576571 0.0491689 0.000635124 0.0845729 0.0135716 0.000112134 0.366254 0.0186471 2.28276e-05 0.296206 0.0354707 3.12195e-05 
0.000462806 0.00223292 0.0456841 1.17889e-08 0.00078009 4.43494e-12 3.76805e-05 0.000594806 0.00651214 0.0276889 0.00110271 0.266948 0.000683359 0.000407756 0.381318 0.0095822 7.24862e-06 0.0506975 0.205259 6.21073e-12 
0.0213483 0.0137785 0.0314554 0.00484634 0.000141129 7.49798e-08 5.11011e-05 0.0671157 0.0160345 0.0443478 0.000898048 0.162272 0.00106271 0.00416582 0.380601 0.0351963 3.56218e-05 0.114709 0.10194 1.36726e-07 
0.0151726 0.00220528 0.0104751 0.000128566 0.00415264 3.67872e-06 0.000307417 0.0249892 0.0155181 0.0185569 0.00640502 0.132275 0.00718685 0.000318985 0.584006 0.00215931 5.22219e-05 0.0697774 0.106309 1.52567e-06 
8.56079e-08 0.0297179 0.0289687 8.54772e-08 0.00184903 0.000239509 0.00254049 0.00196052 0.154603 0.127793 8.55295e-08 0.157414 0.00124982 0.000436375 0.246423 0.00827611 0.000137043 0.207938 0.0304532 8.5461e-08 
0.0115887 0.0396815 0.114191 2.35513e-06 0.000250237 0.000152651 1.69231e-07 0.0115614 0.0252036 0.124275 4.48919e-08 0.249048 0.0493807 0.00112833 0.266711 0.00249748 4.43604e-05 0.0585345 0.0457486 4.00232e-11 
0.000440863 0.000669352 0.128705 6.07435e-06 0.00372021 1.02538e-06 0.000203929 0.000161394 0.0128538 0.00978077 0.000531191 0.0917874 0.000693066 0.000504599 0.343013 0.00465468 1.67005e-05 0.10078 0.301477 3.05584e-12 
0.00126135 0.00969235 0.0303402 1.29535e-06 0.000121956 3.22705e-05 0.00018772 0.0282331 0.00546194 0.10384 0.0382265 0.150452 0.00805565 0.000195033 0.475761 0.00774 0.000188187 0.069276 0.0709332 3.95109e-11 
3.20035e-09 0.000660338 0.00706467 1.0051e-09 0.000159751 2.35523e-05 8.18697e-12 0.00553881 0.00118584 0.0129231 8.72261e-12 0.00534825 0.00341389 1.1631e-05 0.779041 8.05691e-05 8.85147e-06 0.0498183 0.134721 1.48371e-11 
0.023193 0.0260224 0.0569954 5.43982e-05 0.028167 0.00011682 0.00307335 0.0307894 0.12864 0.0591811 3.71218e-05 0.108508 0.019933 0.000780338 0.212038 0.0153286 3.27974e-05 0.119909 0.167172 2.77779e-05 
0.0205675 0.0113934 0.0595036 1.20918e-05 0.00235361 0.00424279 0.000920578 0.0160828 0.0178149 0.0399814 0.0223024 0.204443 0.226639 0.00623779 0.306132 0.000591091 0.000513454 0.0267321 0.033536 5.81231e-08 
0.00292067 0.0140063 0.144057 2.15273e-11 0.00336091 7.1142e-09 5.72868e-05 0.000143392 0.090858 0.136134 0.000304054 0.130057 0.00840341 0.000659391 0.234212 0.0207822 0.00072297 0.0293975 0.183922 2.38471e-11 
0.0757665 0.00911248 0.0604026 0.000962247 0.0064959 0.000470279 0.00161668 0.009014 0.192906 0.0678208 0.00381847 0.103014 0.0108414 0.00886109 0.204595 0.0246954 0.00168178 0.17972 0.03543 0.0027759 
0.0214131 0.0325162 0.0119151 1.15402e-06 0.00368783 3.31318e-05 0.0565199 0.00802352 0.00832957 0.157313 5.29481e-05 0.114462 0.0333985 0.0125468 0.262857 0.014377 6.12012e-05 0.244094 0.0183978 4.74613e-07 
