0.140301 0.013796 0.0395819 0.000369918 0.0112604 3.53149e-05 0.000317042 0.00216782 0.0164835 0.0717521 0.000590191 0.191175 0.00289717 7.9827e-05 0.265507 0.0177128 2.20178e-05 0.0416256 0.184325 5.53369e-07 
0.0127054 0.00666482 0.0104439 5.72774e-08 0.0111992 1.07106e-05 0.00149018 0.000582832 0.0122651 0.024813 0.000124612 0.146738 0.00383357 8.98348e-05 0.650724 0.000397542 2.71249e-05 0.0881887 0.0297017 3.33286e-07 
0.000145258 0.00930692 0.0332124 9.33901e-10 2.64633e-05 3.99358e-13 1.78146e-05 0.0141116 0.0116647 0.0244347 1.12095e-05 0.106485 0.000916499 9.41266e-05 0.609875 0.109408 8.61026e-06 0.0377366 0.0425443 5.59265e-13 
0.01197 0.000523199 0.0246145 0.000565268 0.0189643 2.5771e-05 0.00156247 0.0181829 0.00463945 0.0194415 0.0008903 0.0245058 0.00562433 0.00292907 0.530862 0.00033038 8.71497e-05 0.118867 0.215409 5.32371e-06 
0.000259976 0.0472793 0.0104463 8.25844e-07 5.90084e-05 2.8552e-13 0.000147964 0.000576156 0.00590422 0.291439 0.000210097 0.0940477 0.00317863 7.36265e-05 0.457267 0.0146328 1.2582e-05 0.0385963 0.0358688 3.99845e-13 
2.24769e-08 0.00332012 0.0591559 2.72136e-05 8.30061e-05 1.94341e-12 1.63028e-06 6.799e-08 0.023346 0.0367866 6.19209e-08 0.0740926 0.00344448 0.000300633 0.681465 0.0120188 1.83006e-05 0.0727054 0.0332346 2.72157e-12 
0.0615015 0.00188769 0.0237656 0.000796509 0.0169993 1.91552e-05 0.00327773 0.03059 0.21917 0.0191237 0.00156478 0.055099 0.0345622 0.0137762 0.2318 0.000137573 0.00115217 0.146013 0.138764 2.57227e-07 
0.000123502 0.00851952 0.00450344 3.16428e-05 0.00200293 7.97962e-05 3.59298e-05 6.43762e-05 0.0340414 0.0225613 0.000101016 0.0015827 0.0178595 4.40035e-05 0.780018 5.20354e-05 3.74559e-05 0.0339043 0.0944347 2.44069e-06 
0.00150761 0.0107539 0.00504283 4.80469e-06 0.000193009 2.8686e-10 5.72627e-08 0.0122599 0.00134815 0.0182178 3.13175e-05 0.17848 0.000133955 8.74009e-06 0.642235 0.00883452 2.7907e-06 0.0373356 0.0836099 9.46821e-13 
0.0083619 0.0023708 0.0159845 0.000937465 0.00266782 1.06081e-05 0.000306678 0.0338466 0.219698 0.0437448 0.000113259 0.0869039 0.0194528 0.00158412 0.309987 0.0127784 0.00128852 0.149267 0.0906952 7.59537e-11 
0.0608257 0.0433252 0.0584425 8.49687e-06 0.00350708 1.48269e-05 0.000103834 0.0220136 0.00686972 0.184818 0.00100205 0.215232 0.017101 0.000320072 0.240178 0.0362625 1.21697e-05 0.0494592 0.0605041 6.25715e-11 
1.23783e-08 2.45448e-08 0.00465241 2.72863e-12 0.00101588 1.64062e-08 0.000325623 6.98598e-09 0.32025 0.000117373 1.777e-12 0.0229562 3.2635e-08 1.54278e-08 0.472504 0.00110452 2.58653e-09 0.135288 0.0417861 3.02267e-12 
0.00880154 0.0321836 0.0132959 2.32834e-05 0.000915316 7.52e-06 0.00150645 0.000337593 0.0247514 0.0159893 7.0776e-05 0.0613997 0.0262993 0.00021737 0.592834 0.0112328 5.50208e-05 0.0815344 0.128545 2.79378e-11 
0.0126675 0.00851683 0.0353113 3.98157e-08 0.0149932 1.54271e-06 3.41418e-06 0.0348504 0.0438634 0.0440981 9.23897e-05 0.158599 0.000372918 7.41017e-05 0.317951 0.00481813 3.12624e-05 0.296526 0.0272276 1.56981e-06 
0.0221848 0.10131 0.0247823 0.00371372 0.000915903 2.86379e-05 0.00151227 0.0615794 0.0457485 0.0511107 0.000267151 0.0820965 0.00899743 0.00922385 0.383543 0.00434658 0.00117846 0.13314 0.0607926 0.00352826 
0.00226207 0.00865013 0.0302699 2.37784e-05 0.00382964 0.000274035 0.000190711 0.0631565 0.00618144 0.0918355 0.000875915 0.0588211 0.017897 7.95377e-05 0.471603 0.021332 5.04763e-05 0.108857 0.113811 2.62796e-09 
0.174045 0.0360057 0.0188473 0.000272935 0.00811922 4.1643e-07 0.00449247 0.068849 0.127146 0.0286984 0.00129136 0.0825343 0.0241291 0.00477387 0.23324 0.00218556 0.00319794 0.0300173 0.152153 6.15742e-07 
0.0622982 0.00918071 0.00802269 6.87413e-05 0.071403 5.29161e-07 0.00175816 0.00141968 0.00470227 0.0803342 0.000113483 0.139542 0.0112875 0.000482983 0.476175 0.00124969 6.73157e-05 0.0431669 0.0886539 7.32698e-05 
0.0182692 0.00163351 0.014207 1.53354e-06 0.0056287 1.12403e-06 0.000197724 0.0144141 0.091062 0.0452033 4.64646e-05 0.0637188 0.00373724 0.000194453 0.594026 0.0101517 0.00975928 0.087576 0.0401717 2.9987e-11 
0.0142425 0.000997565 0.0189996 5.58116e-06 0.00484231 1.33361e-05 0.000540083 0.0709326 0.144904 0.0864455 0.000420466 0.0383873 0.00385547 0.000235693 0.340582 0.00338849 0.0101687 0.210487 0.0505518 2.87073e-11 
0.0480611 0.00929248 0.173593 1.06105e-05 0.000640285 0.000181457 9.88822e-05 0.000265235 0.00444765 0.0105781 1.77725e-05 0.0589271 0.0284349 0.00299966 0.607694 6.53589e-06 0.000145129 0.00825938 0.0356582 0.0106887 
0.00330958 0.00341298 0.0172397 9.71847e-12 0.00243841 6.21678e-06 0.000602434 0.00183367 0.173174 0.0583416 0.000312336 0.0705038 0.0210224 0.000253348 0.429242 0.0137767 4.04478e-05 0.172639 0.0318513 1.07657e-11 
0.0197794 0.109727 0.092192 0.00536627 0.0013185 4.04066e-06 0.00258749 0.00305791 0.0349573 0.0955722 0.00207972 0.0885284 0.0468657 0.000174845 0.195279 0.126962 8.59534e-06 0.166065 0.00947425 5.62072e-10 
0.0112806 0.00305671 0.0499538 0.00117571 0.0344461 1.62427e-05 0.000690172 0.000972802 0.113794 0.0351202 5.10318e-05 0.186965 0.00171123 0.000530283 0.207975 0.0078717 6.49848e-05 0.141273 0.203051 1.18798e-06 
0.0127368 0.0023012 0.0401257 0.000116904 0.00517456 4.32121e-06 0.00106133 0.015328 0.00183195 0.0284112 0.00218766 0.0388239 0.0168033 0.00347924 0.692997 0.00499097 7.12834e-05 0.0660233 0.0675299 1.91028e-06 
0.0188026 0.00281119 0.0916975 7.3022e-06 0.00244533 0.000130346 0.000301278 0.000832539 0.0148665 0.0383419 0.000697711 0.253459 0.00731003 6.4257e-05 0.432125 0.00231852 0.00372849 0.0509506 0.0791092 7.56687e-07 
0.00878402 0.00315251 0.00636268 8.17078e-05 0.00607399 3.07157e-05 0.00147961 0.0940842 0.0172212 0.0905528 9.05653e-05 0.18513 0.0272857 0.00132484 0.312304 0.0404496 2.29818e-05 0.0306107 0.174958 2.84899e-10 
0.00216937 0.00356465 0.00618997 2.94255e-07 0.00947941 1.82216e-12 4.66828e-05 0.0086121 0.00422057 0.0215935 9.88483e-07 0.121954 0.000280601 1.96425e-05 0.604496 0.000206233 3.28952e-05 0.127685 0.0894479 2.55178e-12 
0.0372027 0.01028 0.104213 2.06187e-07 0.00748985 9.11247e-07 0.00159077 0.000431262 0.0133973 0.193127 0.000115414 0.0237973 0.133874 3.03985e-07 0.395648 0.00442242 0.000322289 0.0108349 0.0628203 0.000432418 
0.00533505 0.00161451 0.011996 1.60807e-06 0.00072816 1.08131e-05 4.34647e-05 0.0236802 0.0159947 0.0318167 7.13387e-05 0.116697 0.00147596 6.12118e-05 0.417602 0.00857898 3.42677e-05 0.0801283 0.284129 6.57574e-10 
0.00249978 0.00436939 0.0286719 1.38324e-05 0.0117398 0.000132528 0.000101021 0.0225196 0.00990654 0.0686389 0.0299151 0.0745184 0.006225 0.000592473 0.485958 0.02798 6.74267e-05 0.138733 0.0874178 1.10609e-07 
0.00176146 0.000770545 0.0233777 1.93232e-05 0.000873499 2.11273e-05 0.000311123 0.0061976 0.247372 0.0183796 2.02352e-05 0.0381645 0.00229054 0.000340382 0.340171 0.00378813 1.18208e-05 0.225267 0.0908628 3.0787e-11 
0.0110012 0.00695512 0.0452317 1.19136e-07 0.00540465 1.19179e-07 1.19217e-07 0.105645 0.069023 0.0691643 0.000739211 0.116824 0.00436663 0.00194362 0.31864 0.0106762 0.000823315 0.0877201 0.145842 1.19113e-07 
0.000168843 0.000500606 0.0481693 6.08957e-08 0.000330079 2.54932e-05 0.000290821 0.00160532 0.00599398 0.00644891 0.000301234 0.0613829 0.0884948 2.79387e-05 0.425291 0.000146502 0.000132836 0.0821322 0.278557 1.54112e-07 
0.000263072 0.00906549 0.20153 3.89904e-08 0.00373945 2.14739e-11 4.7536e-05 0.0877716 0.00451973 0.155244 0.00667588 0.0895256 0.0408508 0.000964372 0.204074 0.023901 7.65318e-05 0.0104665 0.161284 3.00723e-11 
0.036649 0.00655821 0.0395287 0.0028681 0.00672338 9.50007e-06 0.00341541 0.0118816 0.0273136 0.0251375 0.00272043 0.102769 0.00586538 0.00225296 0.31442 0.00863789 0.000779991 0.161253 0.240815 0.000401781 
0.0015038 0.00219197 0.0180339 1.25454e-05 0.000406435 2.01989e-07 0.000222719 0.00156209 0.27998 0.0257545 6.98933e-06 0.0520951 0.00489575 1.13866e-05 0.384544 0.00119889 3.24397e-05 0.22181 0.0057375 3.04019e-11 
0.0110679 0.00920283 0.138246 4.34294e-08 0.00309807 2.94206e-05 3.1972e-05 0.0180924 0.00397269 0.0302434 0.00784528 0.128695 0.0191017 9.0035e-06 0.525759 0.00779237 2.54153e-05 0.0826931 0.014057 3.70546e-05 
0.0203415 0.0164588 0.0346623 9.5495e-05 0.00596556 2.92781e-05 0.00113681 0.0198183 0.116877 0.0487595 0.000915921 0.138466 0.00628455 0.0225032 0.26012 0.00829531 0.0013552 0.230098 0.0677521 6.47499e-05 
0.0407061 0.000376382 0.0355897 1.35827e-06 0.0126169 1.18583e-06 8.75921e-06 1.90409e-05 0.0120288 0.0914762 4.04789e-09 0.0292638 0.0131843 2.36698e-06 0.371843 0.000344252 2.19124e-07 0.0653495 0.327187 2.87713e-07 
0.0727376 0.00396314 0.0184793 0.00118551 0.02033 2.84687e-06 0.00330062 0.0327581 0.134733 0.0268674 0.000447265 0.0307884 0.0293744 0.00483342 0.323493 0.0015499 0.0094272 0.210282 0.0754477 1.01724e-08 
0.0011231 0.00202682 0.00309037 2.63632e-08 1.01516e-05 5.98858e-11 0.000101599 1.53633e-05 0.000631779 0.00886183 1.73386e-05 0.00626021 0.00113827 0.000119166 0.967392 0.000471345 3.38621e-06 0.00309568 0.00564174 8.38647e-11 
0.0515706 9.12424e-05 0.0325009 0.000161599 0.00109198 2.98524e-07 0.000515522 0.000813312 0.0526383 0.000768123 0.000132024 0.043188 9.17272e-05 8.24387e-05 0.465801 0.000257226 0.00131038 0.0890352 0.259951 2.11569e-08 
0.00999294 0.00369601 0.0143651 6.50227e-06 0.00108211 1.4533e-05 0.000240182 0.0287542 0.00980816 0.0551915 0.000403112 0.0750559 0.00664799 0.000262171 0.497164 0.00491455 4.35795e-05 0.0386024 0.253755 2.70895e-10 
0.0144699 0.0263426 0.044183 0.000132985 0.00183764 9.65113e-06 0.00114701 0.00630692 0.0656339 0.174915 0.00013578 0.059436 0.0488788 0.00430572 0.429749 0.00539986 0.000814787 0.0933929 0.0229083 3.89126e-07 
0.00374996 0.00323243 0.0249832 2.4459e-07 0.000207919 6.5886e-05 0.00361702 0.138957 0.00848982 0.263047 0.0196477 0.00881086 0.177441 0.00129202 0.287567 0.0186198 0.000485688 0.0204306 0.0193545 1.52964e-11 
0.00755151 0.00408607 0.0564604 0.000109598 0.00497595 0.000146878 0.00187853 0.041458 0.0240094 0.0976393 0.00026141 0.0285974 0.0188201 0.000371338 0.286716 0.0789778 1.72061e-05 0.222839 0.125075 8.49935e-06 
0.0240018 0.00228866 0.036245 7.10418e-06 0.0458097 1.24902e-05 0.00190712 0.000312652 0.100028 0.0297806 8.83244e-05 0.242311 0.000911947 0.000615428 0.388198 0.0044102 1.53925e-05 0.115103 0.00795303 1.07498e-09 
0.00330958 0.00341298 0.0172397 9.71847e-12 0.00243841 6.21678e-06 0.000602434 0.00183367 0.173174 0.0583416 0.000312336 0.0705038 0.0210224 0.000253348 0.429242 0.0137767 4.04478e-05 0.172639 0.0318513 1.07657e-11 
0.00156147 0.00163254 0.0182179 2.57903e-05 0.000614573 6.72215e-06 0.000303283 0.00306672 0.302249 0.0123978 1.03363e-05 0.0224739 0.000451729 0.000516135 0.390937 0.00657056 1.94157e-05 0.21436 0.0245851 3.607e-10 
0.00665845 0.0225438 0.0870338 2.52422e-06 0.00165115 1.36772e-05 0.00820817 0.0108894 0.0139273 0.167882 0.00612244 0.0564701 0.195745 0.00438865 0.304142 0.034519 0.000122932 0.031895 0.0477848 1.55897e-07 
0.00338804 0.0214006 0.0605009 7.49014e-06 0.000348432 1.56713e-06 0.000668732 0.0333485 0.0298122 0.202222 0.013133 0.177774 0.0276844 1.43684e-05 0.245436 0.0142305 1.88854e-05 0.152368 0.0176427 5.98546e-10 
0.0761042 0.00683106 0.0205041 0.000789695 0.00436567 4.77724e-06 3.27696e-05 0.0427476 0.0630956 0.0269531 9.20309e-05 0.109209 0.00294619 0.000452852 0.296908 0.00215799 0.0252411 0.193536 0.128028 1.30758e-08 
9.05343e-05 0.0108932 0.0184612 7.14392e-07 0.00382473 7.85935e-10 0.000202565 0.00768604 0.0751385 0.086876 2.05858e-07 0.0872596 0.00393381 0.000515788 0.501727 0.100992 5.38338e-05 0.0936455 0.00869855 1.10063e-09 
0.0962232 0.0657445 0.0455272 1.91792e-06 0.000862692 5.32648e-07 0.000364221 0.00281623 0.0163998 0.0589437 3.52508e-05 0.161128 0.0336528 1.14654e-05 0.255566 0.00102528 6.16116e-06 0.244821 0.0168697 5.84625e-08 
0.0066455 0.00486167 0.0313355 8.8881e-07 0.00573356 6.75047e-06 0.000292306 0.0104646 0.00250937 0.0362226 0.0194516 0.154386 0.00722565 0.000240085 0.448986 0.00113455 5.46794e-05 0.0772702 0.193179 6.33476e-11 
0.0291169 0.00545281 0.020474 0.00098631 0.010272 4.70436e-05 0.00362553 0.0217308 0.0413329 0.0348723 0.00337096 0.107967 0.00400599 0.00172961 0.330609 0.008523 0.0159029 0.160259 0.199276 0.000446759 
3.20035e-09 0.000660338 0.00706467 1.0051e-09 0.000159751 2.35523e-05 8.18697e-12 0.00553881 0.00118584 0.0129231 8.72261e-12 0.00534825 0.00341389 1.1631e-05 0.779041 8.05691e-05 8.85147e-06 0.0498183 0.134721 1.48371e-11 
0.103692 0.00863466 0.0744456 4.38169e-06 0.183919 1.33552e-05 8.53249e-05 0.000252098 0.141165 0.0312714 0.000315983 0.114207 0.0733105 0.00168899 0.214383 0.000542923 1.75224e-05 0.0505889 0.00145239 9.86776e-06 
0.000162212 0.0175437 0.027809 9.84084e-09 6.61876e-05 2.83467e-11 3.3711e-05 0.000145623 0.00506472 0.0865394 5.60515e-08 0.267868 0.00069601 5.70989e-06 0.337803 0.0157077 1.99453e-06 0.230616 0.00993593 3.9697e-11 
0.0167471 0.00441556 0.151691 6.15899e-07 0.0159547 2.64237e-06 4.31754e-05 0.000398054 0.0760734 0.0391339 0.000390163 0.173973 0.0113691 0.000153588 0.264777 0.00173338 2.78754e-05 0.126902 0.116213 6.65415e-11 
0.129613 0.00927718 0.0146238 0.00014864 0.00532984 1.23914e-06 0.000460558 0.0107173 0.0172987 0.0450322 0.000953547 0.21607 0.0106483 0.00943153 0.247964 0.00649864 0.00193608 0.0611317 0.212863 3.31006e-07 
0.0437012 0.0712184 0.119766 1.12681e-05 0.00461078 0.00348474 0.000325767 0.0285295 0.0126424 0.186885 0.00327864 0.0391138 0.0454957 0.0202783 0.228756 0.014122 0.000991845 0.0693952 0.107376 1.78582e-05 
0.000639985 0.00127057 0.004576 1.58736e-07 0.00282202 5.09099e-07 2.49086e-05 0.013316 0.0111122 0.0231332 3.62246e-06 0.0474658 0.00081797 8.42689e-06 0.818296 0.00208056 3.78138e-06 0.0527169 0.0217118 2.0387e-11 
0.0112002 0.00338703 0.0064536 0.000149629 0.00307268 4.43775e-06 0.0136474 0.0609237 0.0431545 0.118493 3.32948e-05 0.0346269 0.00587004 0.0396652 0.408599 0.00613481 0.000117829 0.102526 0.141939 1.63687e-06 
0.0141467 0.0959145 0.0129541 2.53158e-07 0.00254577 2.07999e-09 3.93376e-05 0.0268314 0.00436057 0.364751 0.00272819 0.0241636 0.0353413 0.000299339 0.371955 0.00516874 4.40495e-06 0.0149251 0.0238703 1.36992e-10 
0.00494538 0.0727423 0.0250066 0.000280468 0.00235604 6.84152e-08 1.37558e-05 0.0155486 0.0202944 0.23508 0.00264839 0.150765 0.0214775 0.00101307 0.284703 0.0265688 0.000527417 0.0514864 0.0845433 6.83772e-08 
0.0413224 0.0621567 0.0308869 8.93812e-05 0.0128318 7.02636e-05 0.000819245 0.000697701 0.01269 0.0428828 2.92042e-05 0.0686831 0.0832939 0.000731408 0.339947 0.00476054 0.000179146 0.214527 0.0834014 2.02894e-08 
0.0011231 0.00202682 0.00309037 2.63632e-08 1.01516e-05 5.98858e-11 0.000101599 1.53633e-05 0.000631779 0.00886183 1.73386e-05 0.00626021 0.00113827 0.000119166 0.967392 0.000471345 3.38621e-06 0.00309568 0.00564174 8.38647e-11 
0.010425 0.00588104 0.122804 7.69359e-07 0.00219801 1.9986e-07 0.000291407 0.0266792 0.16677 0.0652786 6.59829e-05 0.0562812 0.026615 0.00196734 0.250567 0.0455938 0.000927626 0.202297 0.0153568 1.26207e-07 
0.00277279 0.00308058 0.0393004 0.00016489 0.0109778 2.06895e-05 0.000519658 0.0271124 0.0347767 0.0772337 0.000312517 0.156801 0.00155498 5.80603e-05 0.240665 0.00234317 1.11419e-05 0.189357 0.212663 0.000275271 
0.00658733 0.00136006 0.0465554 0.000280176 0.00169768 5.19162e-06 3.27547e-05 0.0114204 0.0180127 0.0837504 0.00336341 0.0938504 0.00141331 2.51703e-05 0.528158 0.00304392 2.64019e-05 0.164568 0.035847 1.97567e-06 
0.00313489 0.00740567 0.066532 1.55233e-05 0.000550191 0.0011125 6.17391e-05 0.0164865 0.0231845 0.0623572 0.000228605 0.0553013 0.027417 0.0128025 0.526117 0.00149808 3.41511e-06 0.0511174 0.144674 1.3329e-08 
0.00428579 0.00425704 0.00674948 8.01425e-06 0.000430364 2.11935e-09 5.92796e-05 0.000354708 0.00338369 0.00947819 0.000686607 0.200899 0.000652501 2.51012e-05 0.478306 0.00149821 2.34462e-06 0.0120101 0.276913 6.10744e-13 
0.00277481 0.00238095 0.018658 4.18477e-07 0.000144764 1.08898e-06 0.000274338 0.00270136 0.0124285 0.0149395 7.32391e-05 0.162325 0.00040881 0.000133742 0.583633 0.00201297 3.22544e-06 0.108395 0.0887114 1.35395e-11 
0.000613209 0.00367309 0.0124177 9.09408e-07 2.85652e-05 1.54587e-06 8.88936e-05 0.176254 0.00570197 0.0792782 7.70814e-05 0.0248749 0.0056893 5.59981e-05 0.560038 0.0271436 2.19779e-05 0.0982194 0.005822 2.73431e-10 
0.01422 0.00318745 0.0481738 3.44631e-05 0.0109476 2.55654e-05 0.000948058 0.0309008 0.0396999 0.0425393 0.00541636 0.148357 0.00676153 0.00319978 0.247735 0.013035 0.000312083 0.240797 0.14371 5.63476e-07 
0.00506817 0.022208 0.00215476 1.62346e-05 0.00166989 3.63429e-06 2.87421e-05 0.0630913 0.0160294 0.0865734 5.71506e-06 0.0784062 0.000825881 7.57747e-06 0.602716 0.00871834 3.49988e-06 0.0996155 0.0128577 2.3744e-10 
0.00551175 0.00778442 0.0903402 1.64513e-05 0.00511332 0.00036571 0.00317897 0.000100007 0.0153875 0.00783194 0.000726621 0.0393577 0.0173441 0.00013589 0.673273 0.00211085 6.91824e-05 0.0690291 0.0623232 3.74723e-08 
0.010587 0.00538781 0.00281342 2.8043e-07 0.00150287 7.34791e-07 0.000458713 0.00101706 0.0706388 0.0924238 2.11052e-11 0.102279 0.000479938 6.30943e-05 0.523133 0.00913947 1.78148e-05 0.0985784 0.0814797 3.58999e-11 
0.0192236 0.00185445 0.0598107 0.000257543 0.00843445 6.53187e-06 0.000141709 0.000308878 0.0398844 0.0237613 0.000616385 0.107957 0.0107063 2.28184e-05 0.329643 0.00276516 5.9285e-06 0.30064 0.0939602 4.50577e-09 
0.00483109 0.00684218 0.0286273 2.22942e-07 9.43299e-05 6.64404e-07 0.0036725 0.0317927 0.0431816 0.0381796 0.000170305 0.0839622 0.00110624 5.3591e-06 0.541437 0.00906573 5.46166e-07 0.20147 0.00556049 2.27759e-11 
0.0209321 0.0226405 0.15629 7.40759e-06 0.00799183 1.39234e-06 0.000283505 0.00038351 0.0118295 0.105052 4.01636e-05 0.199305 0.0102356 0.000180638 0.239173 0.000899545 2.56114e-05 0.170117 0.0546121 8.74723e-12 
7.4542e-05 7.13799e-12 0.159084 3.14244e-11 5.86788e-06 2.48575e-11 1.92082e-11 3.83098e-12 4.58918e-12 0.000126334 2.04649e-11 0.0189984 4.05972e-08 4.53289e-06 0.58188 8.88337e-12 6.07792e-12 0.0227502 0.217076 3.48107e-11 
0.00558466 0.00103615 0.056609 2.01268e-05 0.0002226 0.000183118 0.00125247 0.00856168 0.00258887 0.0290483 0.00203908 0.0445096 0.0370431 0.000164748 0.483763 0.0044468 0.000260656 0.275296 0.04737 8.56794e-09 
0.000376755 0.00876993 0.00561686 1.05304e-07 1.61969e-06 5.20356e-05 2.41776e-05 9.40583e-05 0.00223553 0.023395 8.67386e-07 0.0331374 0.000810813 5.88825e-06 0.672042 0.000447426 3.52953e-06 0.0923919 0.160594 3.80708e-11 
0.0443156 0.00774285 0.0601085 0.0025408 0.00711804 6.65985e-05 0.00988167 0.0219531 0.0662106 0.0536063 0.00844258 0.125867 0.00943774 0.0014065 0.257048 0.00277896 0.0160765 0.0966848 0.208714 6.43075e-09 
0.20287 0.00397009 0.0262796 0.00108613 0.00242355 3.93717e-07 4.9459e-05 0.022589 0.0726788 0.0386279 0.0453051 0.0432252 0.0153234 0.0569501 0.305823 0.00309172 0.00768061 0.0939635 0.0580516 1.09322e-05 
0.00775831 0.0310657 0.0686483 1.86368e-05 0.00648437 7.42593e-06 6.7011e-06 0.000678918 0.12288 0.0763898 0.00113364 0.131885 0.00117796 0.000283915 0.372982 0.00927234 1.95512e-05 0.1472 0.0199275 0.00217947 
0.0106335 0.0552934 0.0396094 5.31776e-06 0.0569356 4.88416e-06 0.000142239 0.0239054 0.0349524 0.0866657 0.000537325 0.072172 0.0106907 0.000341949 0.43323 0.0120731 2.89389e-05 0.118044 0.0446438 9.01018e-05 
0.0139394 0.00768426 0.0633389 0.00012237 0.0229774 2.84781e-07 0.000700303 0.00266327 0.0105842 0.0395344 0.00484458 0.179711 0.0178536 0.000690961 0.428952 0.00152994 1.26871e-05 0.185616 0.0192271 1.7328e-05 
9.05343e-05 0.0108932 0.0184612 7.14392e-07 0.00382473 7.85935e-10 0.000202565 0.00768604 0.0751385 0.086876 2.05858e-07 0.0872596 0.00393381 0.000515788 0.501727 0.100992 5.38338e-05 0.0936455 0.00869855 1.10063e-09 
0.0209321 0.0226405 0.15629 7.40759e-06 0.00799183 1.39234e-06 0.000283505 0.00038351 0.0118295 0.105052 4.01636e-05 0.199305 0.0102356 0.000180638 0.239173 0.000899545 2.56114e-05 0.170117 0.0546121 8.74723e-12 
0.00533505 0.00161451 0.011996 1.60807e-06 0.00072816 1.08131e-05 4.34647e-05 0.0236802 0.0159947 0.0318167 7.13387e-05 0.116697 0.00147596 6.12118e-05 0.417602 0.00857898 3.42677e-05 0.0801283 0.284129 6.57574e-10 
0.00223967 0.000241187 0.229472 1.17491e-05 0.0108636 2.69845e-11 2.03668e-07 0.000151381 0.00341043 0.00117307 2.2216e-11 0.133392 0.000200099 0.000163364 0.322669 4.01901e-06 7.68932e-07 0.268533 0.0274745 3.77893e-11 
6.92687e-05 0.000821904 0.0366133 4.7518e-12 0.000725278 9.07611e-06 0.000239009 8.07672e-05 0.191482 0.00261981 8.88219e-09 0.0381815 0.00344474 5.47456e-05 0.614461 0.0150595 3.92592e-06 0.0654919 0.0306418 5.26386e-12 
8.56528e-05 0.000471656 0.298986 7.52906e-09 4.46083e-05 2.59771e-12 4.83132e-05 1.78663e-08 0.0211328 0.00435606 1.03131e-08 0.0854232 0.00131603 0.00042685 0.451986 0.0125189 1.58529e-05 0.0878203 0.0353678 3.63785e-12 
5.19349e-05 0.0288272 0.051126 4.13009e-07 0.000523104 9.5057e-06 3.3507e-05 0.000217593 0.0853465 0.0614881 2.8803e-05 0.00957874 0.00342175 2.24575e-05 0.6808 0.0111955 0.000119083 0.0560544 0.0111548 4.57516e-07 
0.0038788 0.000902158 0.00970918 0.000157668 0.00253855 2.91674e-06 0.000380245 0.0140299 0.268389 0.0101062 0.000179483 0.0429208 0.000514974 0.000327291 0.351829 0.000835953 0.00104779 0.253579 0.0386711 2.93807e-11 
0.0111753 0.122671 0.0609226 6.0917e-05 0.00379995 4.56695e-06 5.35464e-07 0.00339476 0.00281954 0.133406 0.000209401 0.167492 0.00921664 5.54605e-05 0.25916 0.0165048 7.34635e-06 0.130821 0.0782786 7.00886e-11 
0.0427624 0.0098274 0.0237566 7.95749e-05 0.0526002 4.45191e-08 1.7057e-05 0.000484689 0.00569094 0.0259454 0.000234741 0.245212 0.000267362 0.0018108 0.301567 0.0307935 1.56304e-05 0.200442 0.0584728 1.96547e-05 
0.000200753 0.000555419 0.0234788 2.85901e-06 0.000128581 4.66481e-06 1.6299e-06 0.000379281 0.00250951 0.0334022 0.0053421 0.247711 0.000184712 5.31433e-06 0.371101 8.56356e-05 2.95662e-06 0.233948 0.0809562 3.97776e-09 
0.0277482 0.0053203 0.0219985 0.000314116 0.000630448 1.76683e-10 0.000178231 0.00395612 0.00984832 0.00782269 3.50005e-05 0.272651 0.000317084 5.72657e-05 0.290002 0.0532232 5.47808e-06 0.0457858 0.260106 3.70904e-13 
0.000195278 0.00183407 0.0986249 1.51686e-08 3.20919e-05 5.50146e-06 8.64421e-05 0.000142709 0.00737327 0.0264527 0.00218573 0.109093 0.0180129 0.000166031 0.699071 0.00245428 1.07548e-05 0.0145779 0.0196813 4.33968e-11 
0.00903533 0.00306175 0.0612722 8.77377e-06 0.0201974 7.38332e-05 0.000506639 0.0365213 0.0489911 0.0403448 0.000108743 0.0731394 0.0338668 0.00277906 0.388851 0.00555715 7.00153e-05 0.145446 0.130157 1.21132e-05 
0.00347321 0.0071489 0.0570699 1.11649e-08 6.08369e-05 2.08812e-09 4.24331e-08 0.0141903 0.0578197 0.29514 5.02325e-08 0.0708505 0.00696095 0.000133366 0.362568 0.0275603 4.67205e-09 0.0626033 0.0344207 1.12427e-12 
0.052836 0.00784879 0.0277915 0.000622982 0.00981762 4.01128e-05 0.0016451 0.0234725 0.0622962 0.0544892 0.00209482 0.146139 0.00979535 0.00712397 0.289938 0.00652549 0.00678054 0.11531 0.175431 2.36833e-06 
0.0128898 0.00533988 0.0159426 1.11583e-05 0.00126137 5.67675e-09 0.00038657 0.0253576 0.0065281 0.0728237 0.000696609 0.0477585 0.0116813 0.000455341 0.560617 0.00201617 4.49497e-05 0.0156776 0.220511 1.77683e-12 
0.0134168 0.0061355 0.0386999 3.32661e-07 0.00593057 6.43209e-05 0.0169423 0.00162191 0.0132069 0.0712808 2.35457e-07 0.232622 0.0209784 4.46293e-05 0.268194 0.0035865 3.29854e-05 0.164668 0.142574 5.33882e-07 
0.00327294 0.0236873 0.00395393 1.92135e-06 0.000380227 3.70907e-07 5.8163e-05 0.0172125 0.00515881 0.0914517 4.34254e-05 0.069289 0.00289975 4.94678e-05 0.659565 0.00931014 2.0556e-05 0.0340587 0.0795858 1.76216e-12 
0.00691736 0.0234638 0.0515547 8.77458e-07 0.000853391 1.71464e-08 0.000165695 0.155903 0.0047861 0.153551 5.40581e-05 0.223735 0.0103645 7.88516e-06 0.248124 0.0402735 0.000153281 0.0467878 0.0333046 1.74567e-11 
0.031756 0.0016625 0.0148807 1.07972e-05 0.0383233 6.31591e-06 0.0019423 0.107127 0.0756208 0.0168038 0.000819714 0.0214329 0.0143915 0.0122607 0.378497 0.000747782 0.000481241 0.0133045 0.269932 1.70614e-08 
0.0873549 0.00544296 0.0291856 0.0154222 0.0061687 5.02283e-07 0.00109804 0.00948441 0.0206173 0.0290838 0.000487132 0.157168 0.00235118 0.00187355 0.377037 0.00442866 0.00495523 0.145483 0.102352 5.89112e-06 
0.003563 0.00074231 0.108763 4.58405e-08 0.0338529 0.000473686 0.000371183 0.0018045 0.0140587 0.0224402 7.98575e-05 0.0333441 0.048267 0.00177953 0.271994 0.00710058 7.34232e-06 0.199786 0.251572 6.83835e-12 
0.00773803 0.060398 0.0172718 4.37678e-08 0.000718207 3.54587e-06 5.85848e-05 0.000248284 0.00305654 0.159604 0.00229374 0.200794 0.0154023 0.00597041 0.397405 0.00185982 0.000525642 0.018045 0.108607 2.94551e-11 
0.00666649 1.04782e-07 0.00365473 0.000152565 1.75091e-07 7.04631e-09 4.11996e-05 0.0382014 1.91573e-07 1.85752e-07 5.80112e-09 0.00373997 1.47702e-08 1.49927e-07 0.770288 1.19855e-12 9.39357e-06 0.027116 0.150129 4.69667e-12 
0.155418 0.000953621 0.00965195 4.63721e-07 0.000406635 7.23944e-08 0.00113014 0.201604 0.0851623 0.0599922 5.96013e-08 0.0296888 7.9697e-05 0.000586261 0.264023 6.43836e-07 0.000127137 0.0211247 0.17005 2.98937e-09 
0.000506591 0.0289909 0.0307095 3.61078e-06 6.53979e-05 1.01232e-06 0.00469377 0.0895449 0.00178524 0.167632 0.000333984 0.106174 0.00767793 0.000291157 0.270276 0.00161811 7.75517e-06 0.0465228 0.243165 2.01751e-10 
0.0412539 0.0249838 0.0354285 1.57933e-05 0.0379838 0.000154153 0.000479086 0.0572694 0.03513 0.190246 0.0026361 0.0559763 0.0913348 0.00108081 0.277526 0.0100798 0.000199616 0.074192 0.0640217 8.87364e-06 
0.0148413 0.00714215 0.1211 1.78553e-05 0.00641704 0.00037644 0.000193552 0.00846311 0.0288695 0.0683365 0.003025 0.041078 0.201074 0.00122692 0.236627 1.73961e-05 0.00292992 0.0514763 0.194597 0.0121923 
0.000341519 0.0175137 0.0125437 3.05541e-07 0.000945083 1.74014e-05 0.0012683 0.00013053 0.0123387 0.00460561 0.000153496 0.00337379 0.00804054 3.68878e-05 0.805759 0.00543571 9.72451e-05 0.100267 0.027132 6.04561e-12 
0.000607418 0.00737589 0.00527184 2.55805e-06 0.000384672 1.54295e-08 7.75334e-05 0.0229498 0.00591079 0.106322 5.78857e-05 0.0468805 0.00299162 2.67321e-05 0.70849 0.0100071 6.3181e-06 0.0418873 0.0407496 6.00799e-13 
0.00156147 0.00163254 0.0182179 2.57903e-05 0.000614573 6.72215e-06 0.000303283 0.00306672 0.302249 0.0123978 1.03363e-05 0.0224739 0.000451729 0.000516135 0.390937 0.00657056 1.94157e-05 0.21436 0.0245851 3.607e-10 
0.00196709 0.0330709 0.0609534 3.02354e-05 0.00281856 1.78978e-05 9.66849e-08 0.00614338 0.00170824 0.133375 0.000199316 0.167495 0.00534955 7.89201e-05 0.279118 0.031977 0.0383658 0.127437 0.109895 1.96098e-12 
0.0286721 0.00167364 0.0379888 0.000101559 0.00291005 2.94473e-06 0.000724023 0.0180241 0.218162 0.0492671 0.000713606 0.0396975 0.0102142 0.000267816 0.293206 0.00830056 6.19491e-05 0.252381 0.0376313 3.01117e-11 
0.00533505 0.00161451 0.011996 1.60807e-06 0.00072816 1.08131e-05 4.34647e-05 0.0236802 0.0159947 0.0318167 7.13387e-05 0.116697 0.00147596 6.12118e-05 0.417602 0.00857898 3.42677e-05 0.0801283 0.284129 6.57574e-10 
0.0100288 0.0235648 0.062832 7.42766e-06 0.000165119 3.93569e-07 0.00194269 0.0133412 0.00343242 0.0869147 0.0209508 0.0141474 0.127205 0.000363759 0.293719 0.00253985 0.000363669 0.0807745 0.257706 1.55061e-10 
0.000164914 0.00731908 0.0196503 9.8316e-09 0.00102122 4.64628e-06 0.00081477 0.0374481 0.0529114 0.104617 0.0152505 0.0934437 0.00129686 4.60286e-05 0.36492 0.00397669 8.21706e-05 0.282425 0.0146068 2.47807e-12 
0.00336275 0.00058382 0.0195024 7.73289e-06 0.00454429 7.70318e-05 4.26131e-05 0.00724535 0.11422 0.00760937 0.000184297 0.0156581 0.0314342 0.000117601 0.42937 0.000115387 8.8996e-05 0.084309 0.281527 9.23999e-12 
0.000816046 0.00242827 0.0665807 2.03363e-05 0.000348326 1.59143e-07 0.000387547 0.000383712 0.093467 0.0082167 8.97745e-06 0.160721 2.49568e-06 1.70827e-05 0.396379 0.000282876 1.87949e-05 0.256437 0.0134845 2.14733e-11 
0.0333389 0.00315085 0.161979 0.00625967 0.012531 3.49052e-05 8.11867e-05 0.00191456 0.103772 0.0465501 0.000624848 0.0755114 0.0218451 0.00145275 0.206767 0.00567286 0.000974211 0.187905 0.129634 4.91223e-10 
0.00015427 0.000283819 0.00606814 7.44239e-07 9.22089e-05 0.000230074 7.27154e-05 2.20061e-06 0.00862585 0.000387966 0.000990779 0.0168766 0.00466428 7.11549e-06 0.68373 0.000146082 2.86142e-05 0.0945452 0.183093 1.91635e-10 
0.0185376 0.0113332 0.0247504 0.000144122 0.00146772 4.44675e-07 0.000164286 0.0304361 0.0487283 0.0320731 0.000178194 0.247454 0.00204138 0.000198622 0.375313 0.00428828 1.46161e-05 0.140155 0.0627221 1.2209e-08 
0.000341519 0.0175137 0.0125437 3.05541e-07 0.000945083 1.74014e-05 0.0012683 0.00013053 0.0123387 0.00460561 0.000153496 0.00337379 0.00804054 3.68878e-05 0.805759 0.00543571 9.72451e-05 0.100267 0.027132 6.04561e-12 
0.0129625 0.00474707 0.059443 7.49656e-07 0.00724376 0.00122966 0.000920713 0.00901012 0.0123499 0.0307423 0.0113713 0.143066 0.016446 0.000151749 0.380367 0.00316832 7.54638e-05 0.245338 0.0613661 1.43746e-11 
0.103038 0.00934306 0.0927564 0.00615981 0.0109431 4.91885e-05 0.00415368 0.00979992 0.08539 0.0900165 0.000406697 0.0925512 0.0734867 0.0458819 0.195223 0.00495609 0.0148859 0.0458279 0.115131 1.90791e-07 
0.00533505 0.00161451 0.011996 1.60807e-06 0.00072816 1.08131e-05 4.34647e-05 0.0236802 0.0159947 0.0318167 7.13387e-05 0.116697 0.00147596 6.12118e-05 0.417602 0.00857898 3.42677e-05 0.0801283 0.284129 6.57574e-10 
0.0899252 0.0253434 0.106104 0.000344654 0.0268752 0.000528498 0.000925115 0.000649819 0.0676766 0.0828984 0.00538424 0.0438038 0.105718 0.125571 0.17453 0.0027031 0.00010659 0.131016 0.00989565 3.09327e-07 
0.0197005 0.000611194 0.0754859 1.78572e-05 0.00163786 0.000295966 1.60228e-05 2.3579e-05 0.00114587 0.0110883 1.14221e-05 0.272575 0.00279038 8.0336e-06 0.516213 3.02474e-06 5.76904e-06 0.0316279 0.0667381 3.90719e-06 
0.00179736 0.0309381 0.0466552 0.0260959 0.0262918 0.000760554 0.000134092 0.00019229 0.0523507 0.00645445 0.0145293 0.0207464 0.0879869 5.26943e-07 0.433098 2.84424e-07 4.23454e-05 0.204666 0.0472594 3.26524e-10 
0.00192553 0.00456345 0.00705564 1.69334e-06 0.00132651 1.16249e-08 6.89719e-05 0.0269 0.00703854 0.0437398 4.03692e-05 0.0569425 0.00576528 0.000338954 0.750555 0.0149963 3.45748e-05 0.0511015 0.0276058 1.08508e-08 
8.56528e-05 0.000471656 0.298986 7.52906e-09 4.46083e-05 2.59771e-12 4.83132e-05 1.78663e-08 0.0211328 0.00435606 1.03131e-08 0.0854232 0.00131603 0.00042685 0.451986 0.0125189 1.58529e-05 0.0878203 0.0353678 3.63785e-12 
0.101065 0.00959818 0.0555061 2.0694e-05 0.0120949 1.21602e-05 0.00119815 0.0667431 0.012971 0.0840175 0.00290553 0.068458 0.192085 0.000191692 0.324669 0.00155622 2.61937e-05 0.0507333 0.0158802 0.000269114 
0.0467234 0.0228064 0.0764527 0.00038224 0.0102929 0.00375305 0.00159755 0.0601387 0.0630215 0.11346 0.00041457 0.143829 0.0291684 0.020336 0.224007 0.0377228 0.000781464 0.0765152 0.0685964 5.28085e-08 
0.0270185 0.0186159 0.0104189 1.62865e-09 0.0103381 1.2883e-09 0.082772 0.0789188 0.00196325 0.257396 0.00883086 0.0236366 0.151714 0.0054512 0.282507 0.000185748 0.00141708 0.00184377 0.0369713 1.80415e-09 
0.00562319 0.0138063 0.193783 5.57581e-05 0.00902807 1.80747e-05 0.000118136 0.0224461 0.0407285 0.126436 0.000220323 0.0686701 0.00501804 0.000277667 0.21462 0.00347092 3.56956e-05 0.164172 0.131471 2.71638e-08 
0.000131216 0.0491374 0.00402775 7.03143e-06 1.2779e-05 2.3169e-08 1.14202e-06 0.004187 0.0245496 0.00721579 8.39814e-05 0.036855 0.0330636 0.000758998 0.518507 0.023157 2.0948e-05 0.0286413 0.184226 0.0854166 
0.0201633 0.00213808 0.018743 3.24558e-05 0.0467928 1.16049e-07 0.000111621 0.0223347 0.0381801 0.0581746 0.00027747 0.0295286 0.013642 0.00249854 0.589728 0.0016234 6.57331e-05 0.119816 0.0361491 7.18869e-08 
0.0899993 0.00876331 0.0221277 5.75691e-06 0.0140361 0.00192272 0.00781026 0.00998911 0.069879 0.0382088 0.000787195 0.121067 0.00728322 0.000760625 0.254688 0.00338741 4.84405e-05 0.241755 0.107379 0.000102226 
0.0316744 0.00710542 0.0229475 0.000645765 0.00399562 7.19102e-05 0.000511555 0.0510991 0.0530097 0.0603824 0.000866236 0.208685 0.00463677 0.000266342 0.242138 0.00519666 0.000429931 0.141443 0.164895 3.595e-07 
0.00449749 0.000177637 0.0316678 1.71035e-05 0.00620663 5.19071e-05 8.60061e-05 0.0338754 0.213456 0.00766229 1.31144e-08 0.0147612 0.0279448 0.002085 0.296283 7.74148e-05 0.00038614 0.114447 0.246311 5.99635e-06 
0.0595544 0.00499384 0.0708178 9.74046e-05 0.00918113 0.000933903 0.00144142 0.0389648 0.0513002 0.0409368 0.000613463 0.12031 0.0110603 0.000261868 0.375917 0.00331628 0.01409 0.0912538 0.104955 7.30815e-09 
0.0408893 0.000625656 0.0101653 0.00030594 0.0131978 1.13835e-09 1.83877e-05 0.00590342 0.0278374 0.0154794 0.0016149 0.0809928 0.00254803 0.000713726 0.482544 0.00215032 0.00760283 0.170764 0.136645 1.89136e-06 
0.00330958 0.00341298 0.0172397 9.71847e-12 0.00243841 6.21678e-06 0.000602434 0.00183367 0.173174 0.0583416 0.000312336 0.0705038 0.0210224 0.000253348 0.429242 0.0137767 4.04478e-05 0.172639 0.0318513 1.07657e-11 
0.0269548 0.00304938 0.0250887 2.59021e-05 0.000597919 1.50827e-06 0.000384312 0.00470103 0.00415918 0.00395988 0.0017288 0.337886 0.00770661 0.000217645 0.362256 0.010545 0.000105328 0.0603669 0.150265 9.26383e-13 
8.56528e-05 0.000471656 0.298986 7.52906e-09 4.46083e-05 2.59771e-12 4.83132e-05 1.78663e-08 0.0211328 0.00435606 1.03131e-08 0.0854232 0.00131603 0.00042685 0.451986 0.0125189 1.58529e-05 0.0878203 0.0353678 3.63785e-12 
0.0015038 0.00219197 0.0180339 1.25454e-05 0.000406435 2.01989e-07 0.000222719 0.00156209 0.27998 0.0257545 6.98933e-06 0.0520951 0.00489575 1.13866e-05 0.384544 0.00119889 3.24397e-05 0.22181 0.0057375 3.04019e-11 
6.4617e-09 0.0170439 0.047778 4.91017e-05 6.10653e-09 3.88789e-05 0.0005512 0.0181505 0.0306816 0.035373 0.012523 0.0489222 0.0213419 3.49561e-06 0.629536 0.0442947 0.000119271 0.0887346 0.00485827 5.18377e-11 
5.98773e-08 0.0814965 0.0411283 0.000197354 5.98711e-08 5.98077e-08 0.00093934 0.0317771 0.00798743 0.105983 5.98225e-08 0.15784 0.00351444 0.000442839 0.258009 0.151802 0.000532906 0.118235 0.0401152 5.97746e-08 
0.0168962 0.00218539 0.0196163 6.10241e-05 0.0039958 2.5152e-08 0.00168427 0.000440972 0.0231396 0.00904867 1.93777e-05 0.123462 0.00698049 0.000652945 0.666639 0.000724993 3.02404e-05 0.0490063 0.0754166 1.65496e-10 
0.0426047 0.000331646 0.0369825 7.24208e-05 0.00586357 2.40801e-05 0.000620421 6.59632e-05 0.015715 0.0090879 0.000353782 0.177156 0.0119603 1.38198e-05 0.498914 0.000410308 1.63772e-05 0.0740884 0.125719 5.04124e-08 
0.0118252 0.0147962 0.0294898 0.0271697 0.00761526 5.40204e-06 0.000889884 0.013458 0.0360735 0.0329238 0.00156057 0.216956 0.0133717 9.04412e-05 0.3033 0.0048459 3.70727e-05 0.213955 0.0716363 5.33617e-08 
0.0140714 0.0031624 0.0165219 1.75182e-05 0.0042648 4.86042e-07 0.000554884 0.00212988 0.237802 0.0196577 5.74366e-05 0.0681421 0.0083007 0.00609872 0.34514 0.000124908 0.0284812 0.0430659 0.202406 9.63463e-10 
0.108174 0.00861252 0.0830328 7.34135e-05 0.00614042 2.22349e-06 0.0037412 0.0441995 0.0511769 0.0903817 0.00865393 0.128234 0.0184513 0.00977127 0.182601 0.010151 0.000817328 0.0648047 0.180974 7.30031e-06 
0.013552 0.00691486 0.227474 2.56919e-05 0.00558895 4.41998e-06 0.0018602 0.0134049 0.0108581 0.0927114 0.00592541 0.089822 0.0171401 0.000274292 0.236884 0.00696896 2.51163e-05 0.180685 0.0898814 6.75873e-08 
0.0640899 0.0242653 0.122826 2.57229e-07 0.0165718 8.03535e-06 6.68505e-10 0.000229919 0.0531263 0.165199 3.40503e-07 0.13985 0.0507072 1.09347e-06 0.25221 0.00264377 2.92079e-07 0.049824 0.0584466 1.21152e-09 
0.0113288 0.00618692 0.00981627 0.000482167 0.0073153 1.21158e-05 0.00105994 0.00578354 0.0236662 0.00672923 0.000485367 0.0244966 0.00497164 0.000427634 0.510775 0.00368354 0.00270146 0.0819601 0.298118 2.7004e-11 
0.0500973 4.73894e-07 0.0428531 4.71301e-10 1.31968e-05 5.75898e-07 0.0533423 5.93845e-07 6.88283e-11 0.129242 0.00112856 4.98478e-07 0.287434 4.85312e-07 0.426996 0.00849098 0.000394761 1.12693e-06 4.40706e-06 5.22089e-10 
0.00108731 0.0015131 0.0175147 2.75222e-09 3.92674e-05 5.14735e-10 1.04601e-08 0.189997 0.0463219 0.0760883 7.67848e-05 0.0237246 0.000803116 0.000105059 0.518058 0.0239381 7.94782e-06 0.0851022 0.0156226 2.77139e-13 
0.0667612 0.00577238 0.0577496 2.88802e-06 0.0271764 0.000156622 0.0016317 0.042549 0.034497 0.0418204 0.000193976 0.0474731 0.0228978 0.00100909 0.341037 0.00249564 5.55685e-05 0.209873 0.0956447 0.00120281 
8.56528e-05 0.000471656 0.298986 7.52906e-09 4.46083e-05 2.59771e-12 4.83132e-05 1.78663e-08 0.0211328 0.00435606 1.03131e-08 0.0854232 0.00131603 0.00042685 0.451986 0.0125189 1.58529e-05 0.0878203 0.0353678 3.63785e-12 
0.000107292 0.000107273 0.000107288 0.000107128 0.000107281 0.000107167 0.000107201 0.000107293 0.000107288 0.332749 0.000107194 0.000107302 0.13957 0.000107216 0.515127 0.000107262 0.000107279 0.000107303 0.0108373 0.000107108 
0.0671411 0.00156169 0.0438939 0.00131893 0.0299706 1.08801e-05 0.000770148 0.00780932 0.0309035 0.0242657 3.22016e-05 0.176179 0.00666495 0.000326231 0.444954 0.0031578 3.83308e-05 0.0431978 0.117793 1.02867e-05 
0.0055324 0.0143692 0.162068 1.93143e-05 0.000125097 1.13406e-07 6.80379e-06 0.0398571 0.000881097 0.144894 0.000174251 0.0683799 0.00301406 0.00365682 0.411878 0.0153604 3.37839e-06 0.0420261 0.0877543 1.40045e-09 
0.0313739 0.01743 0.0411073 0.000592291 0.00452584 1.08278e-05 0.000576988 0.00792279 0.0267627 0.0414269 0.00122937 0.227266 0.00485248 0.000257212 0.319769 0.00665911 0.00303283 0.221358 0.043847 3.02818e-08 
0.0383945 0.042669 0.0536638 0.000110555 0.0638696 0.000469135 0.00126337 0.0201916 0.0459145 0.0406186 0.0010696 0.0697338 0.0868669 0.00558315 0.192704 0.00626104 0.00788906 0.132984 0.189725 1.90721e-05 
0.0203473 0.0124637 0.0641734 0.00028518 0.0241058 0.000162935 4.09117e-05 0.0944905 0.142667 0.0597103 0.00742658 0.0694672 0.0458573 0.0176249 0.260138 0.00617577 0.00314817 0.101006 0.070709 1.91138e-07 
0.000267256 0.158472 0.0198208 9.24961e-08 0.000512549 1.18394e-07 0.00104349 0.0233221 0.0323381 0.106164 0.0082254 0.149234 0.000338273 5.58732e-05 0.271323 0.0292762 4.91112e-06 0.190311 0.00929075 7.19869e-08 
6.92687e-05 0.000821904 0.0366133 4.7518e-12 0.000725278 9.07611e-06 0.000239009 8.07672e-05 0.191482 0.00261981 8.88219e-09 0.0381815 0.00344474 5.47456e-05 0.614461 0.0150595 3.92592e-06 0.0654919 0.0306418 5.26386e-12 
0.00494538 0.0727423 0.0250066 0.000280468 0.00235604 6.84152e-08 1.37558e-05 0.0155486 0.0202944 0.23508 0.00264839 0.150765 0.0214775 0.00101307 0.284703 0.0265688 0.000527417 0.0514864 0.0845433 6.83772e-08 
0.0330308 0.00115994 0.133581 3.95231e-05 0.00114187 3.62089e-06 0.000518117 0.00756175 0.00760973 0.0681936 0.00103748 0.0728499 0.00352411 0.00727393 0.485926 0.0116153 4.46704e-05 0.0705247 0.0943641 1.08686e-08 
0.00284149 0.000797679 0.0299589 5.42213e-09 0.00441621 1.80952e-06 2.2815e-08 0.00224986 0.0356336 0.0139482 0.000106808 0.109673 0.0016237 0.000727429 0.557734 0.000356303 1.64144e-05 0.221779 0.0181356 5.21209e-08 
0.00101545 0.0446308 0.120455 2.60318e-06 0.00145434 0.0100199 0.000294329 0.000555869 0.00577714 0.0665712 5.84491e-05 0.0628174 0.114601 0.000165096 0.280475 0.0470671 0.000233113 0.193432 0.0503742 1.18318e-10 
6.92687e-05 0.000821904 0.0366133 4.7518e-12 0.000725278 9.07611e-06 0.000239009 8.07672e-05 0.191482 0.00261981 8.88219e-09 0.0381815 0.00344474 5.47456e-05 0.614461 0.0150595 3.92592e-06 0.0654919 0.0306418 5.26386e-12 
3.59673e-08 0.00412192 0.0432749 1.25591e-11 3.39741e-08 4.31172e-07 3.23967e-07 2.2354e-06 0.00452394 0.0539474 0.0133567 0.0498907 0.121898 1.81996e-05 0.617647 4.47346e-07 0.000428896 0.0560705 0.0348183 1.39125e-11 
0.0111753 0.122671 0.0609226 6.0917e-05 0.00379995 4.56695e-06 5.35464e-07 0.00339476 0.00281954 0.133406 0.000209401 0.167492 0.00921664 5.54605e-05 0.25916 0.0165048 7.34635e-06 0.130821 0.0782786 7.00886e-11 
