0.16232 4.39986e-08 0.00288758 0.00545935 0.00101079 7.45075e-07 6.56895e-06 0.0266487 0.162431 0.00164781 0.000780543 0.000765159 0.000492255 1.52106e-05 0.00185183 1.10452e-10 0.000284591 0.00576616 0.627632 4.3282e-10 
0.0613337 0.000678822 0.00537967 2.4474e-05 0.00169004 1.50077e-06 1.16625e-05 0.149702 0.0377116 9.88163e-05 0.0198306 0.000211428 0.130438 2.64555e-05 9.33374e-06 1.24445e-09 0.0002958 0.0259984 0.566558 4.87656e-09 
5.79228e-05 3.06407e-05 0.787472 1.3796e-05 0.0478102 0.000839566 0.000119199 0.0651458 5.59365e-05 0.096252 0.00161175 3.2592e-05 4.36954e-06 4.39072e-05 0.000295108 8.85471e-08 3.48176e-06 7.91295e-05 0.00013231 3.46984e-07 
0.000371919 0.0277325 0.00137154 5.44643e-10 4.82162e-06 1.50323e-07 0.00450489 1.65072e-05 0.000195708 0.000779068 0.947629 0.00687492 0.00778984 0.000405863 6.23605e-08 1.53965e-10 2.73446e-05 0.000830478 0.00146524 6.03334e-10 
9.52595e-05 0.00277085 0.515179 1.16751e-06 0.0016109 9.23528e-07 0.0054999 8.37057e-07 0.00845841 0.00466838 0.387844 0.0111191 0.00513576 2.76229e-05 5.2992e-05 3.30042e-07 6.98518e-05 0.0505862 0.00687654 1.29332e-06 
0.000371919 0.0277325 0.00137154 5.44643e-10 4.82162e-06 1.50323e-07 0.00450489 1.65072e-05 0.000195708 0.000779068 0.947629 0.00687492 0.00778984 0.000405863 6.23605e-08 1.53965e-10 2.73446e-05 0.000830478 0.00146524 6.03334e-10 
0.0841772 0.000124857 0.00597379 9.10849e-05 0.00473764 3.15181e-09 5.81173e-05 0.000928194 0.0222729 0.00181042 2.25056e-05 0.0698507 6.60229e-09 0.00290858 0.211959 1.38308e-12 0.00889738 0.0272679 0.55892 5.41979e-12 
3.75877e-05 2.15709e-05 4.34479e-05 8.0297e-06 3.49703e-05 2.94431e-06 0.999277 0.000305321 1.47549e-05 1.56036e-05 1.91281e-05 6.24449e-05 6.8434e-05 4.28265e-06 4.24731e-05 5.53503e-10 6.36257e-06 1.12779e-05 2.48073e-05 2.16898e-09 
1.14268e-07 0.000677052 0.00687733 8.44933e-11 0.00719925 5.76484e-08 8.8076e-08 0.0493081 0.011362 0.0303585 1.05572e-07 0.00603755 1.18718e-05 1.14092e-07 1.17765e-06 2.38854e-11 3.97613e-09 0.856127 0.0320395 9.35984e-11 
0.0239391 0.00697984 0.304859 0.000809045 0.0154013 0.000420158 0.00408914 0.00395062 0.11375 0.0628045 0.00911503 0.179207 0.0514668 0.000417219 0.0304642 3.02975e-08 0.000121214 0.0241343 0.167966 0.00010549 
0.0541168 0.00309068 0.317368 4.82385e-07 5.32839e-07 7.06497e-11 2.93716e-06 1.07805e-07 0.0652157 0.0599039 5.8165e-11 0.0221254 0.433138 0.00328179 0.0323406 2.52482e-11 0.000153604 0.00859264 0.000668441 9.89386e-11 
0.000371919 0.0277325 0.00137154 5.44643e-10 4.82162e-06 1.50323e-07 0.00450489 1.65072e-05 0.000195708 0.000779068 0.947629 0.00687492 0.00778984 0.000405863 6.23605e-08 1.53965e-10 2.73446e-05 0.000830478 0.00146524 6.03334e-10 
0.025219 0.000294307 0.0124561 0.000233924 0.0295319 0.000312619 8.95739e-05 8.51929e-05 0.00713848 0.000650863 0.526494 0.019028 0.00253883 0.000188413 0.00276199 5.52476e-06 0.0445542 0.0579098 0.270474 3.28372e-05 
0.000401094 0.000160228 0.064818 1.49032e-08 0.000807366 3.42526e-08 1.66844e-07 0.00309136 0.0112013 0.0293559 1.23641e-11 0.0604719 0.0026335 3.98836e-08 0.199357 5.36699e-12 1.35546e-05 0.551075 0.0766137 2.10313e-11 
0.0239391 0.00697984 0.304859 0.000809045 0.0154013 0.000420158 0.00408914 0.00395062 0.11375 0.0628045 0.00911503 0.179207 0.0514668 0.000417219 0.0304642 3.02975e-08 0.000121214 0.0241343 0.167966 0.00010549 
0.0613337 0.000678822 0.00537967 2.4474e-05 0.00169004 1.50077e-06 1.16625e-05 0.149702 0.0377116 9.88163e-05 0.0198306 0.000211428 0.130438 2.64555e-05 9.33374e-06 1.24445e-09 0.0002958 0.0259984 0.566558 4.87656e-09 
0.0370229 0.00254549 0.0619987 1.01645e-06 4.37129e-08 2.25812e-05 7.30598e-05 5.57699e-08 0.000853472 0.00520559 7.49104e-11 0.580355 0.0204483 0.000254761 0.160782 3.2517e-11 1.07675e-05 0.0750632 0.0553632 1.27422e-10 
0.0177058 0.000485922 0.0113057 1.95716e-10 1.01565e-07 0.00013034 5.86312e-07 7.707e-07 2.40118e-07 0.0308794 0.016505 3.63764e-07 0.895025 9.18692e-07 5.34046e-07 5.53269e-11 2.34734e-07 0.00657045 0.0213882 2.16806e-10 
0.0480611 0.00929248 0.173593 1.06105e-05 0.000640285 0.000181457 9.88822e-05 0.000265235 0.00444765 0.0105781 1.77725e-05 0.0589271 0.0284349 0.00299966 0.607694 6.53589e-06 0.000145129 0.00825938 0.0356582 0.0106887 
0.038254 0.000665896 0.041856 1.36737e-10 0.0161769 1.08162e-10 4.42544e-05 0.000104084 0.307142 0.00306963 1.26555e-07 0.0757029 1.26966e-07 0.000839648 0.0959895 3.86541e-11 4.30212e-06 0.330526 0.0896244 1.51471e-10 
0.000603875 9.71646e-05 0.00231976 5.1538e-06 0.0014827 0.547863 2.53511e-06 0.00642288 0.000123691 0.000850537 0.000225461 0.000283454 0.0299595 0.00135687 9.90857e-05 3.88411e-10 0.011131 0.000123795 0.397049 1.52204e-09 
4.48806e-05 3.48426e-06 3.43324e-05 1.2889e-09 7.68946e-06 1.01955e-09 7.87841e-10 1.55575e-06 4.22013e-05 0.647379 8.39386e-10 1.36444e-05 0.299886 2.15175e-05 0.0413022 3.6436e-10 2.76739e-06 0.0112411 1.92543e-05 1.42779e-09 
0.0942853 3.88608e-05 0.215712 1.56085e-07 0.00993725 2.97154e-05 0.000123929 1.93103e-05 0.0338679 0.0302098 2.3944e-07 0.337765 0.000541115 0.000865217 0.0182673 6.23882e-10 4.19141e-05 0.128674 0.129622 2.44477e-09 
0.00200307 0.000376598 0.00051528 0.000507452 0.00676645 0.000258093 0.000581507 0.000175615 0.255567 0.0115019 0.00110922 0.385246 0.260089 0.0745115 9.02216e-05 4.3522e-08 8.23797e-05 0.000247698 0.000102773 0.00026819 
0.0833602 3.17929e-06 0.000536949 1.88048e-08 0.000322229 1.48751e-08 5.60961e-05 8.42195e-06 4.18199e-05 0.000129088 0.802458 0.0105388 0.00247591 0.0377185 0.000775344 5.31594e-09 0.00170537 0.0262203 0.0336494 2.08313e-08 
0.180712 1.63972e-05 0.0285525 5.02361e-05 0.0325731 1.477e-05 1.49212e-05 7.32177e-06 0.000198565 0.00541273 1.32486e-08 0.0397817 0.000306676 0.220345 0.0158859 5.75093e-09 1.30237e-05 0.45643 0.0196854 2.25358e-08 
3.75877e-05 2.15709e-05 4.34479e-05 8.0297e-06 3.49703e-05 2.94431e-06 0.999277 0.000305321 1.47549e-05 1.56036e-05 1.91281e-05 6.24449e-05 6.8434e-05 4.28265e-06 4.24731e-05 5.53503e-10 6.36257e-06 1.12779e-05 2.48073e-05 2.16898e-09 
0.00333054 0.00924934 0.331055 0.00144395 1.02075e-06 3.24503e-10 1.03588e-05 1.45025e-07 0.00418983 0.131139 0.166231 0.073399 0.175358 3.69822e-07 8.59522e-07 1.15968e-10 1.68669e-05 0.0592974 0.0452766 5.99495e-07 
0.138848 0.000946595 0.00951196 0.000394291 0.00790234 3.52132e-05 0.000252536 0.253169 0.00447509 0.0114176 0.00259256 0.0216201 0.0162912 0.00029581 1.68623e-05 8.89516e-08 0.000945186 0.00196537 0.52932 5.01546e-07 
0.000371919 0.0277325 0.00137154 5.44643e-10 4.82162e-06 1.50323e-07 0.00450489 1.65072e-05 0.000195708 0.000779068 0.947629 0.00687492 0.00778984 0.000405863 6.23605e-08 1.53965e-10 2.73446e-05 0.000830478 0.00146524 6.03334e-10 
0.0370229 0.00254549 0.0619987 1.01645e-06 4.37129e-08 2.25812e-05 7.30598e-05 5.57699e-08 0.000853472 0.00520559 7.49104e-11 0.580355 0.0204483 0.000254761 0.160782 3.2517e-11 1.07675e-05 0.0750632 0.0553632 1.27422e-10 
4.13145e-06 0.00170958 0.0216818 1.04652e-06 0.00083648 0.00127789 1.19932e-06 0.00115941 3.62942e-07 0.0154019 2.28775e-06 6.51622e-06 0.900004 2.29306e-07 9.84374e-07 5.28197e-11 0.000662734 0.0183413 0.0388962 1.15084e-05 
0.000371919 0.0277325 0.00137154 5.44643e-10 4.82162e-06 1.50323e-07 0.00450489 1.65072e-05 0.000195708 0.000779068 0.947629 0.00687492 0.00778984 0.000405863 6.23605e-08 1.53965e-10 2.73446e-05 0.000830478 0.00146524 6.03334e-10 
0.497215 0.00271545 0.0440651 0.000604821 0.0869317 0.00493038 0.00497453 0.00131615 0.0147637 0.0263879 0.00173591 0.0952887 0.0147264 0.000964752 0.028663 0.00058594 0.000982623 0.0641915 0.107231 0.00172593 
0.675237 0.000379779 0.00412271 3.56367e-06 0.00147201 1.70219e-07 4.3648e-07 0.000282733 0.0075244 0.000496464 0.00561363 0.0454681 7.88225e-05 0.0222883 0.0387576 1.27877e-08 0.017749 0.0741472 0.106377 1.27249e-06 
0.044226 0.00284044 0.0179603 5.28703e-06 0.00298975 4.18218e-06 0.000318266 3.91553e-05 0.000490732 0.00422022 0.000344375 0.0015303 0.902095 2.81985e-06 0.000224612 1.49459e-06 0.000173326 0.000248027 0.0222799 5.85676e-06 
0.0308076 0.00861181 0.207494 5.9577e-09 0.068595 6.33814e-07 5.48713e-06 0.00819158 4.62891e-05 0.0747889 0.00153684 0.0613694 0.195501 0.00232649 0.210621 1.68418e-09 0.000623577 0.0212551 0.108225 6.59971e-09 
0.000601423 0.00181674 0.0812299 1.85906e-06 0.0298593 0.11038 5.25366e-05 0.0898655 0.066304 0.0457138 0.00154227 0.00920294 0.148928 1.69859e-05 0.0041135 2.28717e-07 0.000325978 0.139577 0.262226 0.00824269 
0.432854 0.000410184 0.00817168 0.000253553 0.00716786 0.0128388 0.000127315 0.000178926 0.0136737 0.00206947 0.0159938 0.0423658 0.0190344 0.0509001 0.0514151 3.93513e-05 0.0137564 0.0758927 0.252242 0.000615089 
0.000371919 0.0277325 0.00137154 5.44643e-10 4.82162e-06 1.50323e-07 0.00450489 1.65072e-05 0.000195708 0.000779068 0.947629 0.00687492 0.00778984 0.000405863 6.23605e-08 1.53965e-10 2.73446e-05 0.000830478 0.00146524 6.03334e-10 
0.00354978 1.83397e-05 0.553484 3.88443e-08 1.72629e-05 0.0276089 6.15522e-05 2.41034e-06 0.000105592 1.89092e-05 2.52971e-08 0.0212012 0.0797895 1.66697e-05 1.74076e-05 1.09809e-08 2.53799e-05 0.128368 0.185715 4.30302e-08 
0.883301 0.000523783 0.00444056 0.00331611 0.028911 8.41789e-08 0.00175351 9.08449e-08 0.000411129 0.0063701 0.00147239 0.0217522 0.0124656 0.00015582 2.2908e-05 3.00831e-08 7.33303e-05 0.0113113 0.0237194 1.17885e-07 
0.0613337 0.000678822 0.00537967 2.4474e-05 0.00169004 1.50077e-06 1.16625e-05 0.149702 0.0377116 9.88163e-05 0.0198306 0.000211428 0.130438 2.64555e-05 9.33374e-06 1.24445e-09 0.0002958 0.0259984 0.566558 4.87656e-09 
0.373874 0.000422065 0.0588104 0.00376558 0.000644784 3.48493e-07 0.00417475 6.76831e-06 0.0248977 0.0130316 0.0734463 0.00446619 0.106183 0.0818003 0.0345444 1.67535e-10 0.00142762 0.0183572 0.200148 6.56511e-10 
0.0343162 2.14571e-05 0.366608 9.47392e-06 0.109418 1.45111e-06 0.019936 0.000154889 0.000827234 0.0035326 2.537e-05 0.00970307 0.164436 3.0704e-05 0.0499304 3.22377e-09 0.00053401 0.00622753 0.0859592 0.148328 
0.189716 0.021971 0.00539717 0.000877663 0.0690284 1.81351e-05 0.000635475 0.00184087 0.0511364 0.0257706 0.000846241 0.125769 0.0012213 0.000431315 0.0205843 3.50876e-08 0.00261119 0.017648 0.464492 5.30989e-06 
0.000371919 0.0277325 0.00137154 5.44643e-10 4.82162e-06 1.50323e-07 0.00450489 1.65072e-05 0.000195708 0.000779068 0.947629 0.00687492 0.00778984 0.000405863 6.23605e-08 1.53965e-10 2.73446e-05 0.000830478 0.00146524 6.03334e-10 
0.0831038 0.000642946 0.0011897 4.90948e-05 0.00031344 3.15502e-06 0.000184604 4.91846e-07 0.00157825 0.00292485 6.22916e-06 0.108629 0.610045 2.06543e-05 0.00920156 1.48376e-09 0.000276512 0.00624051 0.17559 5.81431e-09 
0.019617 0.0681113 0.790537 0.000289806 0.00822492 7.35909e-06 0.000265374 0.000424935 0.0147318 0.0097023 0.00408487 0.015178 0.0103336 0.0122778 0.0249051 5.92342e-07 2.60818e-05 0.0106193 0.0106536 9.09142e-06 
0.0933453 0.0121507 0.264061 9.96381e-08 0.00341997 7.91145e-06 0.000104383 6.86199e-05 0.0381977 0.0152142 0.161338 0.0371888 0.0591596 0.189939 0.0202001 7.81282e-11 0.00248485 0.0567273 0.0463928 1.81829e-07 
0.136856 0.0026248 0.001526 7.6327e-05 0.00126392 1.19811e-05 0.00124504 0.0141944 0.00125566 0.0067838 4.66347e-08 0.138964 0.00765248 2.80287e-05 0.0106515 4.39116e-08 0.000145903 0.00193364 0.674787 2.47591e-07 
0.0101317 0.0021753 0.0182195 0.000992718 0.00488594 0.00317731 0.624457 0.00137081 0.0298418 0.0124909 0.000933953 0.0466136 0.0524984 0.00197901 0.0335547 0.000501124 0.000504783 0.0055125 0.148522 0.00163745 
0.0159668 0.00207331 0.0791496 7.05007e-10 0.00249996 5.57679e-10 4.30936e-10 7.16664e-07 0.0119828 0.00106391 0.00178465 0.0375193 0.0769945 5.85478e-07 0.00461272 1.99298e-10 0.00035465 0.296177 0.469819 9.8455e-07 
0.000401094 0.000160228 0.064818 1.49032e-08 0.000807366 3.42526e-08 1.66844e-07 0.00309136 0.0112013 0.0293559 1.23641e-11 0.0604719 0.0026335 3.98836e-08 0.199357 5.36699e-12 1.35546e-05 0.551075 0.0766137 2.10313e-11 
0.269553 4.65321e-06 0.00837892 1.24727e-05 0.014102 3.41677e-09 2.2341e-05 0.00018132 0.00182591 0.000735822 5.56606e-05 0.319209 6.02351e-08 0.000475665 0.0479065 8.04144e-12 0.00151343 0.0126883 0.323334 3.15115e-11 
0.0120749 0.0119899 0.163484 1.37498e-07 0.0085858 1.07933e-07 4.29765e-07 0.00350707 0.0118937 0.114155 5.40303e-07 0.0273097 0.0164887 0.000137716 0.226871 6.9696e-09 8.38242e-06 0.361775 0.0417185 5.99432e-07 
4.13145e-06 0.00170958 0.0216818 1.04652e-06 0.00083648 0.00127789 1.19932e-06 0.00115941 3.62942e-07 0.0154019 2.28775e-06 6.51622e-06 0.900004 2.29306e-07 9.84374e-07 5.28197e-11 0.000662734 0.0183413 0.0388962 1.15084e-05 
0.0106165 0.00539337 0.0288129 9.74636e-06 0.00751222 5.70504e-07 0.000273443 0.0127882 0.0476108 0.0226395 0.000443725 0.0548921 0.407558 0.00152707 0.198882 3.22885e-08 0.000329681 0.0169695 0.183738 3.00051e-06 
0.000371919 0.0277325 0.00137154 5.44643e-10 4.82162e-06 1.50323e-07 0.00450489 1.65072e-05 0.000195708 0.000779068 0.947629 0.00687492 0.00778984 0.000405863 6.23605e-08 1.53965e-10 2.73446e-05 0.000830478 0.00146524 6.03334e-10 
0.10927 0.0102516 0.00562429 5.86761e-07 0.000167657 2.57557e-09 0.000548756 1.48697e-07 0.000690063 0.00214325 4.27365e-06 0.787982 0.00201371 3.69977e-07 0.0226197 9.20435e-10 7.50875e-06 0.0381708 0.0205048 3.60685e-09 
0.0428113 0.0234251 0.0123977 5.5527e-07 0.746874 6.3137e-06 0.0110543 0.000303955 0.0151176 0.0122904 2.03379e-05 0.0607777 0.0214961 0.000187361 0.0171638 1.56969e-07 6.51723e-05 0.0294599 0.00526236 0.00128556 
0.138848 0.000946595 0.00951196 0.000394291 0.00790234 3.52132e-05 0.000252536 0.253169 0.00447509 0.0114176 0.00259256 0.0216201 0.0162912 0.00029581 1.68623e-05 8.89516e-08 0.000945186 0.00196537 0.52932 5.01546e-07 
0.000344051 0.00190164 0.0290731 9.86329e-08 0.0035352 4.61369e-05 5.17195e-07 0.00464236 0.112495 0.00866593 9.22847e-12 0.0765644 0.00643821 0.0001599 0.137291 4.00588e-12 1.10865e-05 0.253881 0.36495 4.03742e-08 
0.0309673 0.00358722 0.0129388 4.86092e-06 0.132263 1.47439e-06 0.00103456 0.00440237 0.0260962 0.0181925 9.28544e-06 0.135156 0.000202749 0.000518806 0.0418515 3.4e-08 8.49825e-06 0.0669697 0.525796 6.76452e-08 
3.75877e-05 2.15709e-05 4.34479e-05 8.0297e-06 3.49703e-05 2.94431e-06 0.999277 0.000305321 1.47549e-05 1.56036e-05 1.91281e-05 6.24449e-05 6.8434e-05 4.28265e-06 4.24731e-05 5.53503e-10 6.36257e-06 1.12779e-05 2.48073e-05 2.16898e-09 
0.0841772 0.000124857 0.00597379 9.10849e-05 0.00473764 3.15181e-09 5.81173e-05 0.000928194 0.0222729 0.00181042 2.25056e-05 0.0698507 6.60229e-09 0.00290858 0.211959 1.38308e-12 0.00889738 0.0272679 0.55892 5.41979e-12 
0.00666649 1.04782e-07 0.00365473 0.000152565 1.75091e-07 7.04631e-09 4.11996e-05 0.0382014 1.91573e-07 1.85752e-07 5.80112e-09 0.00373997 1.47702e-08 1.49927e-07 0.770288 1.19855e-12 9.39357e-06 0.027116 0.150129 4.69667e-12 
0.782124 6.57564e-07 6.92343e-05 8.21594e-06 0.000591828 1.38889e-08 3.39647e-06 3.24947e-06 0.0438651 4.24329e-07 0.00102553 0.00481508 5.97881e-06 0.00362495 0.000427908 4.9635e-09 0.0161718 0.000377657 0.146885 1.94502e-08 
0.267498 0.0671517 0.00755962 0.00398501 0.010813 0.000112198 0.161989 0.00229845 0.0271307 0.0162199 0.160862 0.11092 0.0825449 0.000298421 0.0112863 1.18619e-07 0.00305904 9.58531e-05 0.0661726 3.57517e-06 
0.712139 0.00269233 0.0273261 0.000209 0.0491565 0.00437981 0.00473396 0.0133636 0.00103482 0.0152535 0.000468622 0.11993 0.0120807 0.00038482 0.000102613 2.32693e-05 0.0122403 0.00931659 0.0122052 0.00295991 
0.00741973 0.000963877 0.446847 2.90362e-07 0.00375212 5.47502e-06 1.77484e-07 2.46058e-06 0.00869639 0.192212 3.21846e-05 0.0111064 0.276576 0.00151538 0.0313829 8.20824e-08 5.01142e-06 4.94816e-05 0.0194326 3.21651e-07 
0.274454 0.000195479 0.00613719 0.000152871 0.0112179 1.12068e-06 1.57453e-05 0.0289805 0.00520972 0.00072334 0.00500655 0.0307198 0.000158299 0.00177224 0.00268467 2.24407e-12 0.0339628 0.0249361 0.573671 8.7937e-12 
0.0939507 0.00367978 0.015128 0.000113472 0.230714 6.45705e-05 0.201261 0.0135691 0.00727133 0.0405304 0.000479864 0.0668031 0.292962 0.00121743 0.00658133 5.36251e-05 0.0011345 0.0126059 0.0116143 0.000265824 
0.0115541 0.0330111 0.235207 1.32904e-07 0.00102878 2.48958e-06 4.92622e-05 0.00131232 0.00916838 0.100144 0.00115529 0.0381734 0.495138 3.55765e-05 0.0107445 2.88824e-09 0.0001152 0.0615358 0.00162412 4.06688e-07 
0.000344051 0.00190164 0.0290731 9.86329e-08 0.0035352 4.61369e-05 5.17195e-07 0.00464236 0.112495 0.00866593 9.22847e-12 0.0765644 0.00643821 0.0001599 0.137291 4.00588e-12 1.10865e-05 0.253881 0.36495 4.03742e-08 
0.0914358 0.00330881 0.0426847 6.5552e-11 0.0387673 1.70673e-08 4.00687e-11 2.29465e-07 0.0547478 0.00875486 4.26902e-11 0.0109074 1.76728e-07 3.22416e-05 0.000763982 1.85309e-11 8.11827e-10 0.737185 0.0114115 7.2616e-11 
0.362568 0.00195054 0.0659783 0.00406252 0.110422 9.05664e-07 1.55872e-07 0.000825363 0.0101959 0.0351105 0.000392957 0.0134325 0.0148284 1.36008e-07 0.00726922 7.20875e-08 3.4471e-05 0.168244 0.0134068 0.191277 
0.102221 0.000355561 0.00729965 0.00133574 0.0689554 0.000197384 0.00169255 0.000912735 0.0050395 0.00398601 0.000494333 0.00866026 0.0315488 0.000280655 0.0140862 6.11012e-05 0.000345531 0.0591398 0.68698 0.00640752 
0.00584848 0.0033519 0.178092 3.45565e-06 0.0233794 0.000331866 0.0014619 0.00190682 0.00111451 0.0161677 0.00116026 0.000101955 0.763816 9.71634e-06 0.0029415 9.41227e-08 7.93874e-05 0.000171315 5.13322e-05 1.04319e-05 
0.00308407 0.00373807 0.0136288 0.000126881 0.00131097 9.11591e-08 0.000725616 0.943756 0.00106197 0.00324792 0.00127593 0.00413791 0.0103461 0.000387287 0.00343713 3.25776e-08 0.000289784 0.00695366 0.0020828 0.000408639 
4.01919e-06 1.74157e-06 0.0823426 8.07691e-09 0.0197856 1.95504e-06 6.02969e-06 0.00605702 4.40028e-05 0.00769788 5.26003e-09 0.00869851 0.875285 2.27373e-06 2.4509e-05 2.28326e-09 1.24903e-06 3.07149e-05 1.67776e-05 8.94729e-09 
0.219351 0.00133293 0.242911 1.12552e-05 0.00829422 8.39785e-08 2.14055e-08 1.01416e-05 0.000173435 0.00699189 5.27828e-07 0.386433 7.30086e-05 8.2788e-06 0.0208973 9.8996e-09 1.35406e-06 0.101873 0.0116256 1.17841e-05 
0.486855 0.00438196 0.229992 9.82898e-05 8.56183e-05 6.09115e-08 8.91552e-06 0.000874353 0.0937495 0.000313008 0.00133913 3.13165e-05 0.0428891 0.0123495 0.00536337 2.1768e-08 0.000101482 0.00387238 0.117695 8.53011e-08 
0.16232 4.39986e-08 0.00288758 0.00545935 0.00101079 7.45075e-07 6.56895e-06 0.0266487 0.162431 0.00164781 0.000780543 0.000765159 0.000492255 1.52106e-05 0.00185183 1.10452e-10 0.000284591 0.00576616 0.627632 4.3282e-10 
0.0284777 5.88998e-07 0.0122242 3.78855e-06 0.000257225 0.0154058 0.0082233 0.000299159 0.000620911 6.52365e-07 2.68031e-06 0.00417211 0.498922 5.63709e-05 0.00674429 1.25727e-09 0.00026823 9.65362e-06 0.424311 4.92679e-09 
0.730379 0.000175339 0.00172102 0.00109491 0.000441411 3.69909e-05 0.001084 0.00166777 0.000236758 0.0745852 0.000155946 0.0366621 0.130965 6.26142e-05 0.000188711 3.17913e-07 1.17418e-05 0.0076512 0.0128788 1.24579e-06 
0.16232 4.39986e-08 0.00288758 0.00545935 0.00101079 7.45075e-07 6.56895e-06 0.0266487 0.162431 0.00164781 0.000780543 0.000765159 0.000492255 1.52106e-05 0.00185183 1.10452e-10 0.000284591 0.00576616 0.627632 4.3282e-10 
0.0312033 9.31575e-05 0.0363793 2.44502e-07 0.0119098 2.17385e-08 0.0139454 0.00407741 0.000672617 0.000679371 0.000184435 0.731973 0.000876818 7.07384e-07 0.0766117 7.40436e-12 8.7549e-09 0.0609637 0.030149 0.000280431 
0.102522 0.00104921 0.00455237 0.00072335 0.00361258 0.000183253 0.00340163 0.000352927 0.0207708 0.00362952 1.49884e-05 0.139323 0.0123596 0.000185426 0.0388884 1.16198e-05 3.95861e-05 0.00385521 0.664482 4.21764e-05 
0.16232 4.39986e-08 0.00288758 0.00545935 0.00101079 7.45075e-07 6.56895e-06 0.0266487 0.162431 0.00164781 0.000780543 0.000765159 0.000492255 1.52106e-05 0.00185183 1.10452e-10 0.000284591 0.00576616 0.627632 4.3282e-10 
0.0012973 0.00301952 0.00845989 1.80133e-05 0.865505 0.000111169 2.8873e-05 0.00324125 0.0125674 0.0163936 0.000196542 0.00481413 0.0196533 1.77185e-05 0.00586802 8.63387e-06 7.06985e-05 0.0471667 0.0115439 1.79478e-05 
4.01919e-06 1.74157e-06 0.0823426 8.07691e-09 0.0197856 1.95504e-06 6.02969e-06 0.00605702 4.40028e-05 0.00769788 5.26003e-09 0.00869851 0.875285 2.27373e-06 2.4509e-05 2.28326e-09 1.24903e-06 3.07149e-05 1.67776e-05 8.94729e-09 
3.75877e-05 2.15709e-05 4.34479e-05 8.0297e-06 3.49703e-05 2.94431e-06 0.999277 0.000305321 1.47549e-05 1.56036e-05 1.91281e-05 6.24449e-05 6.8434e-05 4.28265e-06 4.24731e-05 5.53503e-10 6.36257e-06 1.12779e-05 2.48073e-05 2.16898e-09 
0.0613337 0.000678822 0.00537967 2.4474e-05 0.00169004 1.50077e-06 1.16625e-05 0.149702 0.0377116 9.88163e-05 0.0198306 0.000211428 0.130438 2.64555e-05 9.33374e-06 1.24445e-09 0.0002958 0.0259984 0.566558 4.87656e-09 
0.432854 0.000410184 0.00817168 0.000253553 0.00716786 0.0128388 0.000127315 0.000178926 0.0136737 0.00206947 0.0159938 0.0423658 0.0190344 0.0509001 0.0514151 3.93513e-05 0.0137564 0.0758927 0.252242 0.000615089 
0.00771732 0.00101817 0.0165539 2.92973e-11 0.000215805 2.31982e-08 1.18211e-07 1.6076e-08 0.0234107 0.00290916 1.90796e-11 0.107994 2.01852e-07 0.00540152 0.120422 8.28206e-12 6.56194e-05 0.0272389 0.687052 6.49413e-08 
0.000106274 0.00931174 0.0565579 5.11386e-08 0.00183023 9.5585e-06 5.02148e-11 0.000199545 0.0020176 0.00701043 0.001138 0.460231 0.00428612 0.00132136 0.127638 2.32232e-11 2.82845e-05 0.217749 0.110564 9.10036e-11 
0.0631809 0.000125959 0.00333034 4.9098e-08 0.000404447 4.68972e-08 5.66143e-12 0.000303417 0.00678979 0.00168866 7.55793e-07 0.0594176 4.62473e-08 0.00398397 5.50935e-07 2.61829e-12 0.000315733 0.0162128 0.844245 1.87771e-07 
0.0309647 0.0132698 0.0751387 0.000206995 0.00303487 2.7108e-06 0.000204701 0.0635139 0.00344159 0.0297306 7.81951e-05 0.203795 0.00470154 4.59296e-05 0.0375301 1.11469e-07 0.0167868 0.474569 0.0429602 2.4471e-05 
0.00389146 0.00759969 0.107184 0.0140439 0.00217888 2.09456e-09 0.0927231 7.40219e-07 0.00372696 0.536325 1.72443e-09 0.103847 0.0355423 1.60328e-06 0.0116602 7.48537e-10 2.11748e-07 0.0811762 9.90069e-05 2.93325e-09 
0.0738236 0.00275743 0.0679516 0.000337018 0.000384573 0.000826467 0.000118278 0.000279683 1.08301e-05 0.000886876 0.144897 0.00103589 0.0290375 0.0420322 0.030132 1.84306e-07 7.83215e-05 0.52884 0.0764004 0.000170365 
0.0339701 0.0109629 0.269633 7.02181e-10 0.000926554 5.55444e-10 1.11704e-06 0.00010857 0.00523262 0.0147118 0.167321 0.026508 0.327947 0.133591 4.15813e-06 1.985e-10 0.00120279 0.00563587 0.00215452 8.93869e-05 
0.17307 2.76843e-05 0.0301221 9.22389e-06 0.0687084 1.64905e-06 5.44808e-05 1.59733e-05 0.000232103 0.00222935 0.00455986 0.0320177 0.000310606 0.00303022 0.0034838 5.89323e-07 0.00013104 0.000324846 0.681668 2.30935e-06 
0.10047 0.00372202 0.00924258 0.0015723 0.0249437 0.0470638 0.00254399 0.00219617 0.0529898 0.0120016 0.00678702 0.173397 0.0159905 0.0015011 0.0209672 0.00108648 0.0211689 0.152909 0.342007 0.00744085 
0.000176208 4.12935e-05 9.06383e-05 0.000354481 4.20272e-05 4.23103e-06 7.44051e-05 3.51296e-05 0.000449674 4.14952e-05 0.00143642 0.0757802 0.920758 2.85279e-06 4.08782e-05 1.51205e-06 2.52378e-05 0.000590954 4.86543e-05 5.92517e-06 
0.118493 0.00289234 0.0208992 0.00703464 0.00719224 0.000657736 0.00159271 0.00165933 0.00576784 0.139183 0.462203 0.0026057 0.138424 0.00192084 0.00198875 0.000491964 0.0314486 0.0227155 0.0316492 0.00118048 
0.00988344 3.07508e-08 0.0180601 6.5214e-05 0.00992286 0.00036985 6.0939e-12 3.95939e-06 0.00359444 0.00160085 8.34268e-06 0.0841738 0.00226065 7.45607e-09 0.248633 2.8183e-12 1.83435e-05 0.124291 0.497114 1.10439e-11 
0.687268 0.011613 0.00151948 1.5964e-05 0.00388039 3.77588e-07 4.39424e-05 3.94207e-05 0.00789204 0.000326618 0.0111331 0.0256201 0.026979 0.0317099 0.00209188 2.25371e-07 0.00385284 0.00495924 0.180986 6.90442e-05 
0.874417 0.000100582 0.000775343 1.65218e-05 1.02408e-05 1.30692e-05 1.0099e-05 0.000180708 0.000913581 0.00062773 1.07597e-05 0.0324712 0.00218563 8.81194e-06 0.0827186 4.67055e-06 0.000235551 0.00463104 0.000650381 1.83022e-05 
0.00666649 1.04782e-07 0.00365473 0.000152565 1.75091e-07 7.04631e-09 4.11996e-05 0.0382014 1.91573e-07 1.85752e-07 5.80112e-09 0.00373997 1.47702e-08 1.49927e-07 0.770288 1.19855e-12 9.39357e-06 0.027116 0.150129 4.69667e-12 
0.711537 0.0499796 0.0098798 0.000156012 0.00672692 0.000989659 0.000371949 0.0030521 0.0243937 0.0274118 0.000317992 0.0715848 0.00372777 0.000581254 0.0159951 0.00011405 0.000119204 0.0220597 0.0505471 0.000454204 
0.000603875 9.71646e-05 0.00231976 5.1538e-06 0.0014827 0.547863 2.53511e-06 0.00642288 0.000123691 0.000850537 0.000225461 0.000283454 0.0299595 0.00135687 9.90857e-05 3.88411e-10 0.011131 0.000123795 0.397049 1.52204e-09 
0.76738 0.0353683 0.00296244 8.2833e-08 0.0515873 6.55231e-08 1.69475e-06 1.20136e-05 0.00130404 0.0080475 0.000118584 0.0993866 0.0104837 1.66509e-05 0.0231878 2.34161e-08 4.43027e-07 0.000133544 8.60293e-06 9.17592e-08 
0.686181 0.00157253 0.003797 1.2289e-05 0.0309796 1.08201e-09 0.00200773 4.89911e-08 0.000105546 0.00116216 1.01558e-06 0.138459 0.0281458 8.82038e-08 7.8333e-07 3.86679e-10 0.000476264 0.0646247 0.0424743 1.51526e-09 
0.0148413 0.00714215 0.1211 1.78553e-05 0.00641704 0.00037644 0.000193552 0.00846311 0.0288695 0.0683365 0.003025 0.041078 0.201074 0.00122692 0.236627 1.73961e-05 0.00292992 0.0514763 0.194597 0.0121923 
0.00826486 0.00392626 0.0802512 3.62445e-11 3.01513e-07 3.44331e-08 1.08579e-07 0.010205 0.00649671 0.140721 0.449067 0.0263535 0.222852 1.70132e-07 0.00383741 1.0246e-11 0.000152189 0.0152669 0.0326055 4.01502e-11 
0.102789 0.00496975 0.00667687 1.72359e-06 0.0251297 6.15686e-06 0.000630015 0.000212381 0.00269328 0.0505869 0.000282659 0.1159 0.00334406 0.0215151 0.015333 1.41368e-06 0.0116485 0.119005 0.519083 0.000191503 
0.000106274 0.00931174 0.0565579 5.11386e-08 0.00183023 9.5585e-06 5.02148e-11 0.000199545 0.0020176 0.00701043 0.001138 0.460231 0.00428612 0.00132136 0.127638 2.32232e-11 2.82845e-05 0.217749 0.110564 9.10036e-11 
0.0117447 0.000275033 0.108302 2.48815e-09 0.0033246 4.566e-07 0.000109149 5.82517e-07 5.18686e-06 0.0364784 0.00351759 0.00888721 0.322498 2.51609e-06 0.0439252 7.03374e-10 0.000834439 0.0493883 0.410706 2.75627e-09 
0.827809 0.00046276 0.00197615 1.56325e-06 0.0112183 3.75105e-09 7.15987e-08 6.11709e-08 0.00106412 7.91289e-07 1.99724e-06 0.0144132 0.000228144 1.3373e-06 0.00169605 1.34052e-09 5.70442e-05 0.0894275 0.0516394 2.25838e-06 
0.308076 2.50232e-05 0.0042394 7.6848e-05 0.374868 5.01551e-06 3.14694e-06 0.00153577 0.00267644 0.000972359 0.00261949 0.0108973 6.26379e-05 9.57923e-05 0.000230843 3.93005e-09 0.00953731 0.00671474 0.27736 4.1697e-06 
0.000344051 0.00190164 0.0290731 9.86329e-08 0.0035352 4.61369e-05 5.17195e-07 0.00464236 0.112495 0.00866593 9.22847e-12 0.0765644 0.00643821 0.0001599 0.137291 4.00588e-12 1.10865e-05 0.253881 0.36495 4.03742e-08 
3.75877e-05 2.15709e-05 4.34479e-05 8.0297e-06 3.49703e-05 2.94431e-06 0.999277 0.000305321 1.47549e-05 1.56036e-05 1.91281e-05 6.24449e-05 6.8434e-05 4.28265e-06 4.24731e-05 5.53503e-10 6.36257e-06 1.12779e-05 2.48073e-05 2.16898e-09 
0.834929 0.0112486 0.00821449 1.77551e-05 0.000275599 8.28951e-07 4.82646e-05 0.000831644 0.0049835 0.0174777 0.0185829 0.00892177 0.00661545 0.00242 0.00018824 2.96243e-07 0.0113496 0.00286539 0.0710276 1.16087e-06 
0.00984143 0.0151483 0.0522826 1.67677e-10 6.14484e-06 0.000159457 0.0033158 6.60289e-07 0.00697405 0.0898186 7.85149e-06 0.0387697 0.35224 0.00354264 0.0316164 4.74007e-11 0.000261638 0.0538145 0.3422 3.71679e-07 
0.0914358 0.00330881 0.0426847 6.5552e-11 0.0387673 1.70673e-08 4.00687e-11 2.29465e-07 0.0547478 0.00875486 4.26902e-11 0.0109074 1.76728e-07 3.22416e-05 0.000763982 1.85309e-11 8.11827e-10 0.737185 0.0114115 7.2616e-11 
0.0282429 0.000810904 0.437431 1.43369e-08 0.00721421 0.000100782 0.000946034 8.22957e-05 0.0082262 0.00643939 0.000884189 0.0264846 0.431034 0.0075529 0.0060602 4.05291e-09 0.00033282 0.0126497 0.0255073 1.58819e-08 
0.406111 0.00294026 0.00180172 0.345378 6.88482e-05 3.83065e-10 0.000242936 4.5085e-07 0.0537364 0.000542399 0.000343006 0.013229 0.00296359 0.00900498 0.00333129 1.36897e-10 3.29497e-05 0.000473294 0.159799 1.35441e-06 
0.00082324 0.000308853 0.00899076 1.29535e-07 0.0462787 6.54702e-09 1.49598e-07 1.58254e-05 0.00175731 0.00362298 1.70107e-08 0.337785 4.13726e-05 2.18437e-11 0.103859 1.15777e-11 2.79939e-07 0.22445 0.272066 4.5369e-11 
0.169005 5.67781e-06 0.183227 5.18753e-09 1.25295e-05 4.10348e-09 0.325409 2.53526e-06 6.87616e-05 0.00252304 3.37834e-09 0.0529064 0.191716 3.50613e-05 0.0326677 1.46646e-09 4.50966e-06 6.31382e-06 0.0424111 5.74655e-09 
0.038254 0.000665896 0.041856 1.36737e-10 0.0161769 1.08162e-10 4.42544e-05 0.000104084 0.307142 0.00306963 1.26555e-07 0.0757029 1.26966e-07 0.000839648 0.0959895 3.86541e-11 4.30212e-06 0.330526 0.0896244 1.51471e-10 
0.0314733 0.000943195 0.0223363 4.50626e-05 0.0350373 0.000119133 0.0039255 0.05687 0.0145709 0.0017491 0.0025935 0.019236 0.0149908 0.00096465 0.00457365 4.81566e-12 0.0021448 0.0108822 0.777545 1.88708e-11 
0.000371919 0.0277325 0.00137154 5.44643e-10 4.82162e-06 1.50323e-07 0.00450489 1.65072e-05 0.000195708 0.000779068 0.947629 0.00687492 0.00778984 0.000405863 6.23605e-08 1.53965e-10 2.73446e-05 0.000830478 0.00146524 6.03334e-10 
0.0732538 0.00331675 0.239071 0.000258423 0.020142 0.0139795 0.00128017 0.00254293 0.0446876 0.0137075 0.0501258 0.0258376 0.20271 0.0264593 0.0555391 4.68007e-05 0.00350236 0.0702528 0.152129 0.00115706 
0.0166164 0.00240328 0.0225996 0.000231141 0.0247167 0.0697356 0.000285819 0.00164779 0.0330954 0.00408641 0.000970273 0.0114394 0.0690091 0.000655979 0.0794171 0.000197694 0.000286158 0.11635 0.54142 0.0048366 
0.235556 0.0256017 0.529876 3.11691e-05 0.00256919 0.000307308 0.00200649 0.000130362 6.86192e-05 0.0516811 0.00128915 0.0649599 0.0649104 3.36796e-05 2.22227e-05 1.18773e-06 0.000154259 0.0206084 0.000191192 1.68288e-06 
0.00307383 0.00292086 0.027243 1.69863e-06 0.000335447 0.000202342 2.95623e-05 0.00012016 0.00127829 0.00857222 0.000218039 5.32121e-05 0.951908 0.000294638 0.00289303 1.93969e-08 0.000734482 8.9418e-05 2.67869e-05 5.32886e-06 
0.686181 0.00157253 0.003797 1.2289e-05 0.0309796 1.08201e-09 0.00200773 4.89911e-08 0.000105546 0.00116216 1.01558e-06 0.138459 0.0281458 8.82038e-08 7.8333e-07 3.86679e-10 0.000476264 0.0646247 0.0424743 1.51526e-09 
0.00826486 0.00392626 0.0802512 3.62445e-11 3.01513e-07 3.44331e-08 1.08579e-07 0.010205 0.00649671 0.140721 0.449067 0.0263535 0.222852 1.70132e-07 0.00383741 1.0246e-11 0.000152189 0.0152669 0.0326055 4.01502e-11 
1.14268e-07 0.000677052 0.00687733 8.44933e-11 0.00719925 5.76484e-08 8.8076e-08 0.0493081 0.011362 0.0303585 1.05572e-07 0.00603755 1.18718e-05 1.14092e-07 1.17765e-06 2.38854e-11 3.97613e-09 0.856127 0.0320395 9.35984e-11 
0.0631278 0.00372444 0.0288363 0.0010492 0.00191762 0.0130422 0.00126933 0.00235364 0.0238284 0.0261068 0.0428625 0.0194718 0.173374 0.0333986 0.032156 0.000735421 0.448215 0.0424138 0.0412623 0.000854714 
0.686181 0.00157253 0.003797 1.2289e-05 0.0309796 1.08201e-09 0.00200773 4.89911e-08 0.000105546 0.00116216 1.01558e-06 0.138459 0.0281458 8.82038e-08 7.8333e-07 3.86679e-10 0.000476264 0.0646247 0.0424743 1.51526e-09 
0.00113171 0.00152573 0.0829617 0.00229784 0.000571005 5.21538e-06 1.66809e-05 0.0188353 0.0255736 0.0764808 0.0540209 0.00035929 0.411267 0.0244013 1.22653e-05 6.97126e-08 0.000442438 0.000561166 0.299444 9.24652e-05 
0.0412141 0.0235216 0.160099 3.84568e-05 0.00341599 3.4442e-06 0.478175 9.74171e-07 0.0415796 0.0019807 0.000708637 0.0168219 0.127678 9.79421e-07 0.101241 5.19118e-07 0.000396186 0.000399914 0.00272136 2.03424e-06 
0.134039 0.000282474 0.0216818 0.000107198 0.0387696 0.00258184 0.000376907 0.0181797 0.013255 0.005336 0.0228621 0.0455647 0.0399858 0.0361145 0.0264583 6.75356e-05 0.156108 0.0515601 0.378346 0.00832276 
0.000371919 0.0277325 0.00137154 5.44643e-10 4.82162e-06 1.50323e-07 0.00450489 1.65072e-05 0.000195708 0.000779068 0.947629 0.00687492 0.00778984 0.000405863 6.23605e-08 1.53965e-10 2.73446e-05 0.000830478 0.00146524 6.03334e-10 
0.0650626 0.000958686 0.00190917 0.000283252 0.0654739 2.62579e-05 0.00207185 0.00324706 0.018124 0.00972101 7.81945e-08 0.758995 0.0129382 4.53606e-05 0.0303161 3.03351e-11 2.95205e-05 0.0215373 0.00926057 1.18872e-10 
0.0262937 0.0179822 0.012876 6.35e-06 0.0503585 2.5589e-06 0.000401579 0.0136392 0.000128257 0.0815017 1.41866e-05 0.0186694 0.749631 3.38678e-06 0.0122016 1.53951e-07 1.39697e-05 0.0125539 0.00372218 6.03277e-07 
0.00699756 0.000671882 0.0597494 0.00013992 0.00144993 0.00186909 0.000364156 9.66649e-06 0.141136 0.00946378 0.0216993 0.0207454 0.509832 0.000513679 0.00904995 2.77956e-06 0.00401163 0.0979063 0.114369 1.80479e-05 
0.0339701 0.0109629 0.269633 7.02181e-10 0.000926554 5.55444e-10 1.11704e-06 0.00010857 0.00523262 0.0147118 0.167321 0.026508 0.327947 0.133591 4.15813e-06 1.985e-10 0.00120279 0.00563587 0.00215452 8.93869e-05 
1.98115e-07 0.00145972 0.169793 2.62768e-11 0.0384568 1.14342e-07 1.60617e-11 9.40532e-07 0.151533 0.0121472 1.71126e-11 0.00162571 0.0125628 1.33154e-07 0.0590963 7.42819e-12 0.000190367 0.537877 0.015257 2.91084e-11 
0.165496 0.00763745 0.000286044 3.21093e-06 9.81316e-05 8.88271e-07 4.70632e-05 0.000390373 0.00122153 0.00482263 1.77014e-05 0.504813 0.00184061 8.30975e-07 0.00291125 2.30373e-09 3.09324e-06 0.00635598 0.176229 0.127826 
0.0966531 0.000846081 0.0240164 4.41397e-05 0.0125357 5.78041e-05 0.000170448 0.0278884 0.0051683 0.00453388 0.0333984 0.0101964 0.0227929 0.0197874 0.00862165 3.04527e-06 0.000871895 0.0483005 0.684015 9.85504e-05 
0.0197005 0.000611194 0.0754859 1.78572e-05 0.00163786 0.000295966 1.60228e-05 2.3579e-05 0.00114587 0.0110883 1.14221e-05 0.272575 0.00279038 8.0336e-06 0.516213 3.02474e-06 5.76904e-06 0.0316279 0.0667381 3.90719e-06 
0.000371919 0.0277325 0.00137154 5.44643e-10 4.82162e-06 1.50323e-07 0.00450489 1.65072e-05 0.000195708 0.000779068 0.947629 0.00687492 0.00778984 0.000405863 6.23605e-08 1.53965e-10 2.73446e-05 0.000830478 0.00146524 6.03334e-10 
0.000371919 0.0277325 0.00137154 5.44643e-10 4.82162e-06 1.50323e-07 0.00450489 1.65072e-05 0.000195708 0.000779068 0.947629 0.00687492 0.00778984 0.000405863 6.23605e-08 1.53965e-10 2.73446e-05 0.000830478 0.00146524 6.03334e-10 
0.116464 0.000166791 0.00415814 2.55743e-05 0.00886552 8.03789e-12 0.000224049 3.50657e-05 0.00202847 9.11726e-09 1.06106e-07 0.161477 8.93096e-09 4.05522e-06 0.0153716 2.87251e-12 3.03502e-06 0.00397418 0.687202 1.12563e-11 
0.051405 0.000502651 0.00302324 0.00016997 0.00847184 0.000260386 8.19017e-05 0.0026478 0.0142725 0.01332 0.00285254 0.00831875 0.0188292 0.0179923 0.00297433 7.58041e-05 0.668042 0.0209867 0.16539 0.000383121 
0.418926 0.01613 0.0461849 0.0192495 0.152911 3.43533e-05 0.0131109 0.00363219 0.000919937 0.0178011 2.82826e-05 0.0381662 0.0137689 0.000720227 0.00485635 1.91713e-07 5.64361e-05 0.0338739 0.219629 7.51255e-07 
0.195625 0.00193095 0.00487567 5.04273e-06 1.94034e-05 2.64408e-08 0.000200826 5.70405e-06 0.00112893 0.000791552 1.77254e-11 0.202542 0.00416344 6.76024e-05 0.0230064 7.69423e-12 3.69801e-06 0.00966243 0.555971 3.01509e-11 
0.693042 0.00601632 0.00260282 0.00106608 0.00225948 0.00302969 0.000236309 0.00292513 0.00281301 0.0128399 0.00049431 0.0879986 0.00153562 0.00888986 0.00588006 0.00014613 0.00876322 0.0653418 0.0938843 0.000235769 
0.974024 0.00117758 0.000217396 0.000309008 0.00011255 4.14223e-08 0.000508964 7.85284e-05 0.000217193 0.000137155 3.41025e-08 0.00728821 0.000611098 2.79291e-08 0.00125957 1.48031e-08 3.84973e-05 0.00111827 0.0129018 5.80082e-08 
0.0106788 1.00078e-06 0.194443 1.69484e-06 1.30061e-06 4.5991e-07 1.45025e-06 1.90633e-06 0.0155023 0.024025 2.26682e-05 8.99773e-07 0.722734 2.2724e-06 0.0293268 1.36852e-10 0.00325203 1.0351e-06 3.72537e-06 5.36272e-10 
0.172504 0.00217629 0.0693693 1.49521e-06 0.00149173 1.5807e-08 4.90184e-05 6.83659e-06 5.60437e-06 0.0250332 0.0300865 0.00583806 8.68681e-05 3.54172e-05 4.19577e-05 5.64898e-09 0.00020469 0.352695 0.340373 2.21363e-08 
4.9518e-08 6.97638e-07 2.73358e-06 1.08522e-10 4.72512e-07 2.74787e-07 6.64007e-08 4.35282e-07 0.00673347 0.0151778 7.06742e-11 1.72094e-06 1.82739e-07 5.49576e-05 5.61814e-06 3.06782e-11 1.89117e-08 0.978019 2.43049e-06 1.20217e-10 
0.0272808 0.0187559 0.123221 2.06691e-08 0.00198632 1.485e-11 1.18204e-07 1.52217e-06 0.0101897 0.0353438 0.00110182 0.0816309 0.205452 0.00026504 0.00974307 5.30696e-12 0.000184151 0.396469 0.0881484 0.000226398 
0.038018 0.000695507 0.0206576 1.90409e-05 0.000313628 7.25869e-07 0.00149607 0.00176113 0.00352694 0.00184795 5.3125e-08 0.106807 0.00504636 0.000967234 0.0934713 3.59872e-11 2.88904e-05 0.00786049 0.717482 1.41021e-10 
0.000163615 6.21168e-08 0.00923517 1.7134e-11 0.102735 1.35534e-11 0.000374503 3.88492e-05 0.01271 0.00570217 1.11584e-11 0.101137 0.000159567 5.26272e-08 0.191814 4.84361e-12 2.69945e-09 0.482172 0.0937584 1.89804e-11 
0.0975534 0.000618176 8.55932e-05 1.48015e-05 5.78859e-05 1.54339e-09 0.000600246 1.69917e-05 0.000169096 0.000349532 6.04783e-13 0.172603 0.000830154 1.38734e-09 0.0124667 2.62523e-13 1.09243e-05 0.0018761 0.712748 1.02873e-12 
0.0212481 0.00129957 0.00758982 2.24788e-05 0.00111181 1.95573e-09 1.64607e-08 3.51172e-07 0.000694107 0.00309697 1.74998e-08 0.615249 8.62819e-05 9.59982e-09 0.0338435 2.21844e-12 2.11462e-07 0.303135 0.0126224 8.69326e-12 
0.0975534 0.000618176 8.55932e-05 1.48015e-05 5.78859e-05 1.54339e-09 0.000600246 1.69917e-05 0.000169096 0.000349532 6.04783e-13 0.172603 0.000830154 1.38734e-09 0.0124667 2.62523e-13 1.09243e-05 0.0018761 0.712748 1.02873e-12 
0.0642554 0.0147745 0.0379443 2.62807e-07 5.14086e-06 4.4107e-06 5.86457e-06 3.33908e-06 0.00397953 0.0145756 7.09139e-06 0.0026404 0.777626 1.40169e-07 0.00228805 7.42929e-08 5.26962e-05 0.0781606 0.00367617 2.91127e-07 
0.239999 0.0141813 0.0910128 1.4626e-08 8.05458e-06 1.15696e-08 2.86026e-05 8.43883e-06 0.389756 0.0451086 0.000166801 0.0710364 1.95216e-05 7.80083e-09 0.0594979 4.13464e-09 6.58066e-07 0.0891671 8.67375e-06 1.62022e-08 
0.000163143 0.000694183 0.0102926 6.67523e-05 0.0113546 1.54697e-08 5.8195e-08 5.05114e-05 0.00130299 5.19926e-05 0.00035639 0.867512 7.00557e-07 0.00371831 2.61643e-06 2.33025e-11 0.00013331 0.0054639 0.098836 9.13142e-11 
0.44846 0.00255378 0.0126453 6.52446e-09 0.00376811 5.16102e-09 0.00197481 0.000334252 0.0205854 0.0449155 0.00794931 0.0561154 0.197807 0.0223043 0.137524 1.8444e-09 0.000139477 0.0185034 0.02438 3.96448e-05 
0.259363 0.000293392 0.00409897 0.00199392 0.103971 0.000176849 0.000373169 0.000392124 0.0718406 0.00430625 0.000610909 0.0146614 0.00109525 0.000272633 0.0221323 1.74248e-05 0.0142057 0.0931258 0.40705 1.92058e-05 
0.000106274 0.00931174 0.0565579 5.11386e-08 0.00183023 9.5585e-06 5.02148e-11 0.000199545 0.0020176 0.00701043 0.001138 0.460231 0.00428612 0.00132136 0.127638 2.32232e-11 2.82845e-05 0.217749 0.110564 9.10036e-11 
3.75877e-05 2.15709e-05 4.34479e-05 8.0297e-06 3.49703e-05 2.94431e-06 0.999277 0.000305321 1.47549e-05 1.56036e-05 1.91281e-05 6.24449e-05 6.8434e-05 4.28265e-06 4.24731e-05 5.53503e-10 6.36257e-06 1.12779e-05 2.48073e-05 2.16898e-09 
0.046278 0.00382309 0.0601847 0.000288183 0.0616826 0.00638145 0.000687989 0.000639001 0.00847158 0.0762068 0.000656918 0.0326063 0.0746409 0.039935 0.0798955 7.62396e-05 0.000126003 0.224002 0.283193 0.000224551 
0.0394571 2.4524e-06 0.502511 8.32415e-08 0.0308775 5.98059e-11 4.76048e-07 6.13031e-06 6.96719e-07 0.0560431 0.00502335 0.0654275 0.0651686 2.54084e-07 0.000227751 2.13729e-11 1.90116e-07 0.167887 0.0673669 2.68092e-07 
1.98115e-07 0.00145972 0.169793 2.62768e-11 0.0384568 1.14342e-07 1.60617e-11 9.40532e-07 0.151533 0.0121472 1.71126e-11 0.00162571 0.0125628 1.33154e-07 0.0590963 7.42819e-12 0.000190367 0.537877 0.015257 2.91084e-11 
