0.0685745 0.0106841 0.185309 0.00045831 0.00205757 1.72195e-06 0.101873 0.127284 0.0168894 0.0694364 0.000623122 0.0290583 0.0192078 0.00152439 0.0430809 0.000157633 0.011663 0.0777753 0.23434 8.54998e-09 
0.00363306 5.36154e-05 0.0441798 2.6873e-05 0.0166611 2.38667e-06 0.0140444 0.0276652 0.0352406 0.0159799 6.1784e-05 0.0226919 0.00116672 0.00143707 0.207016 1.02174e-06 1.09425e-05 0.380342 0.229784 9.20114e-07 
0.201485 0.000849936 0.11715 0.00244293 0.00182897 8.56982e-05 0.000604785 0.0187207 0.0218873 0.0154573 0.00181946 0.0429567 0.00312233 0.1332 0.0241577 0.000515927 0.143538 0.013518 0.256659 2.38373e-11 
0.000113098 0.00115954 0.000457459 2.13868e-09 7.07322e-05 4.41028e-08 1.30727e-09 6.21206e-07 1.51931e-06 5.44039e-05 1.3928e-09 0.0010047 0.0336804 3.15693e-07 2.24444e-10 6.04584e-10 0.0045089 0.00295007 0.955998 2.36915e-09 
0.0621374 0.0654394 0.131346 1.13784e-05 0.0118853 0.0112812 0.000386541 0.00549707 0.00183747 0.0568139 0.020566 0.0447621 0.390616 0.000649115 0.0332203 0.000103314 0.000212299 0.0948365 0.0683987 2.44339e-07 
0.00243188 0.00547703 0.066028 1.90654e-06 0.000670775 5.9248e-05 0.00468249 4.20745e-05 0.0398148 0.00347996 0.00193107 0.0769948 0.362069 0.000875275 0.192141 2.4528e-05 3.30586e-05 0.197325 0.0459182 3.4616e-09 
1.14268e-07 0.000677052 0.00687733 8.44933e-11 0.00719925 5.76484e-08 8.8076e-08 0.0493081 0.011362 0.0303585 1.05572e-07 0.00603755 1.18718e-05 1.14092e-07 1.17765e-06 2.38854e-11 3.97613e-09 0.856127 0.0320395 9.35984e-11 
0.0491071 0.00592642 0.0217079 0.000888951 0.017108 0.00530669 0.0159691 0.000523773 0.0199565 0.0413102 0.00107068 0.134616 0.196481 0.0108812 0.187186 0.000701494 0.0234593 0.047423 0.220356 2.04051e-05 
0.693815 0.0176684 0.00159721 0.00130354 0.0139802 5.53042e-07 1.94827e-05 6.1871e-06 0.00631683 0.0768255 0.00200483 0.111618 0.0220046 1.06898e-05 0.0063385 5.68972e-07 0.011816 0.00965206 0.0250209 1.59653e-07 
0.038403 0.0082184 0.0202785 0.00294024 0.0158839 8.99619e-06 0.000275489 0.044564 0.128329 0.00478096 0.000808487 0.0580893 0.000730169 0.00281736 0.0185139 0.000221155 0.00255309 0.158198 0.494386 3.82424e-09 
0.894241 0.0023738 0.00241978 0.000452982 0.0111754 9.97925e-10 6.87207e-07 1.0771e-06 0.0023748 0.00255899 0.0582055 0.0163304 0.000294055 3.84627e-05 1.63913e-06 4.98597e-07 2.60799e-07 0.00608256 0.00344627 1.81696e-06 
0.00315673 0.034059 0.0230271 0.000265469 0.0067967 0.000582419 0.000169668 1.93825e-05 0.0319425 0.0126621 1.65231e-08 0.0488522 0.0231977 2.22089e-05 0.00358515 5.74502e-08 0.000674415 0.126318 0.684247 0.000422715 
0.0828417 0.000830572 0.0476524 0.00742673 0.00272772 0.40931 0.000480111 1.34121e-07 0.00605336 0.0320221 0.0178779 0.0368805 0.0279734 0.000256615 0.187558 1.29222e-06 0.000234179 0.105082 0.0347898 1.21871e-06 
0.0542228 0.00517814 0.0253042 0.00235991 0.0350202 0.00142391 0.000709148 0.0149659 0.00646482 0.0228218 0.00473363 0.220472 0.0146019 0.00212129 0.0435527 0.000652018 2.80238e-05 0.0265287 0.518839 8.50722e-10 
0.274239 0.00152521 0.0161161 0.00271281 0.0186383 0.00370464 0.000950432 0.00925319 0.0478698 0.020317 0.000486592 0.0619597 0.0113757 0.00536586 0.0659485 0.000677212 0.0903081 0.0875624 0.279463 0.00152606 
0.447013 0.000561946 0.0862069 7.52994e-10 0.00262084 5.95638e-10 5.23693e-07 1.85064e-08 0.0765425 4.67345e-11 8.19332e-06 2.44205e-06 0.00396749 0.210909 0.0255197 2.12864e-10 2.50562e-07 0.10979 0.0368565 8.34137e-10 
0.0610698 0.00156729 0.0195433 0.000164793 0.0150454 0.000533485 0.000713196 0.000590296 0.012482 0.0428095 0.0406439 0.141375 0.0132904 0.000539026 0.239828 0.00035134 0.0128297 0.0182182 0.378406 4.48101e-08 
0.00876651 4.70063e-05 0.0467377 0.000158651 0.0975521 2.27156e-05 0.000239005 0.000208 0.663077 0.00225747 2.93492e-07 0.0116549 0.00377329 0.0971999 0.0039425 3.06145e-07 0.00107293 0.00434166 0.0589478 8.5518e-10 
0.0434061 0.00497082 0.0120725 2.14848e-06 0.00382735 0.000959184 0.796746 0.00715697 0.0136369 0.0210228 0.00217541 0.0390746 0.0330842 0.00341132 0.00682642 0.000306951 0.00140593 0.00455337 0.00536145 4.18343e-12 
0.0480611 0.00929248 0.173593 1.06105e-05 0.000640285 0.000181457 9.88822e-05 0.000265235 0.00444765 0.0105781 1.77725e-05 0.0589271 0.0284349 0.00299966 0.607694 6.53589e-06 0.000145129 0.00825938 0.0356582 0.0106887 
0.000357007 2.53596e-05 0.0796496 5.66199e-05 2.23834e-05 2.37213e-05 2.98999e-05 1.31256e-06 0.0742471 0.000106535 6.06183e-05 1.12782e-07 0.837897 5.74238e-06 1.67487e-07 4.51159e-07 0.00731434 1.42065e-05 0.000185688 1.76793e-06 
0.152995 0.00940178 0.0180853 0.00319102 0.0287837 3.08831e-06 0.158078 0.0048808 0.210289 0.0145128 0.00135356 0.118964 0.00370481 0.00203235 0.0101995 0.000938684 0.0106881 0.0578841 0.194014 3.70153e-08 
0.484002 0.0270651 0.00253236 2.7538e-06 0.286586 9.81406e-07 1.4466e-08 0.000215476 1.28e-05 0.00168318 1.54124e-08 0.15153 5.59008e-06 0.00472665 0.0137961 6.69021e-09 4.57738e-09 0.00396764 0.0238735 2.62165e-08 
0.0368199 0.0101528 0.0465497 6.16724e-07 0.0057908 0.000964155 0.73188 0.0163307 0.0145504 0.0334977 0.00102338 0.0334037 0.039535 0.00115176 0.0143512 0.000343088 0.000463342 0.00764536 0.00554629 1.97527e-10 
0.835263 0.0288813 0.00935973 0.000207402 0.0180799 4.75679e-07 0.000203363 0.000357756 0.00338724 0.025692 0.00319561 0.0220035 0.013562 0.0183401 0.00492785 1.6808e-07 3.59668e-06 0.0122985 0.00423701 4.94676e-10 
0.120221 0.000201845 0.0101608 0.000114134 0.0296443 0.00080127 0.000101032 0.000561875 0.00549199 0.00149863 0.0362105 0.00428827 0.00770176 0.0162597 0.00659062 6.0844e-06 0.0122253 0.0272573 0.720662 9.12887e-07 
0.048373 0.00142376 0.0160591 0.00097284 0.0243866 0.000106912 0.000801455 0.00151699 0.0550718 0.00181403 0.00259131 0.0810005 0.0676648 0.00147346 0.0763184 0.000267204 0.00326753 0.0676204 0.549265 4.90042e-06 
0.0273736 0.000350652 0.00203179 2.44653e-10 8.6096e-05 1.9073e-09 0.00847611 0.00196512 0.00495424 0.00463572 0.00065424 0.000921236 0.00329203 0.881298 0.0153267 4.98377e-05 0.0329422 0.000833208 0.0105463 0.00426298 
0.0456052 6.36198e-05 6.69915e-06 0.000154458 0.0353148 0.000909058 0.00731671 0.0144287 0.000551452 0.000820916 0.0296085 0.0331894 0.751552 4.6399e-06 4.0664e-07 3.59701e-06 6.54167e-06 0.0390245 0.0233021 0.0181372 
0.000113098 0.00115954 0.000457459 2.13868e-09 7.07322e-05 4.41028e-08 1.30727e-09 6.21206e-07 1.51931e-06 5.44039e-05 1.3928e-09 0.0010047 0.0336804 3.15693e-07 2.24444e-10 6.04584e-10 0.0045089 0.00295007 0.955998 2.36915e-09 
0.0370229 0.00254549 0.0619987 1.01645e-06 4.37129e-08 2.25812e-05 7.30598e-05 5.57699e-08 0.000853472 0.00520559 7.49104e-11 0.580355 0.0204483 0.000254761 0.160782 3.2517e-11 1.07675e-05 0.0750632 0.0553632 1.27422e-10 
0.0340493 0.00243743 0.0183887 0.000183498 0.050005 0.000204012 0.00365702 0.0350585 0.0308922 0.0727865 0.00963944 0.0181165 0.232668 0.00339458 0.0426466 0.000827671 0.00290517 0.00478925 0.434829 0.00252148 
0.887083 0.00106828 0.00154763 0.00101579 0.000746185 3.78196e-07 1.51491e-05 1.35811e-06 6.60596e-05 0.000789804 6.71898e-05 0.0617242 0.0424964 1.82469e-06 0.000288171 1.35156e-07 9.24729e-08 0.000733596 0.00224858 0.0001056 
0.0545645 5.3599e-06 0.00146762 3.13226e-07 0.000891983 1.0182e-10 1.48372e-07 2.33908e-06 0.00822679 7.48927e-05 1.8652e-05 0.00841012 0.000308196 0.00494726 0.00410153 3.25683e-09 0.799078 0.0122855 0.0303436 0.0752727 
0.0610698 0.00156729 0.0195433 0.000164793 0.0150454 0.000533485 0.000713196 0.000590296 0.012482 0.0428095 0.0406439 0.141375 0.0132904 0.000539026 0.239828 0.00035134 0.0128297 0.0182182 0.378406 4.48101e-08 
0.0434619 0.00209311 0.0193433 0.000407516 0.00985758 1.4443e-05 0.000417987 0.00405861 0.0689507 0.0459527 0.000803554 0.0739469 0.00163016 0.00120448 0.185421 0.000113528 0.0241512 0.334855 0.183316 2.71452e-08 
0.649623 0.00332729 0.0149351 3.94673e-06 0.00410482 3.29e-05 0.00055818 0.00420119 0.00466081 0.00201307 0.000494162 0.111107 0.0182639 0.00297128 0.0760192 2.04776e-05 0.0128316 0.0262316 0.0657781 0.0028221 
0.0273736 0.000350652 0.00203179 2.44653e-10 8.6096e-05 1.9073e-09 0.00847611 0.00196512 0.00495424 0.00463572 0.00065424 0.000921236 0.00329203 0.881298 0.0153267 4.98377e-05 0.0329422 0.000833208 0.0105463 0.00426298 
0.418965 0.00459979 0.515756 4.59699e-09 0.0069917 3.63634e-09 3.56887e-05 5.60424e-10 1.24205e-05 0.0301386 3.86224e-05 0.0139413 6.32547e-05 2.45182e-09 4.82431e-10 1.29952e-09 1.06784e-06 2.80571e-05 0.00942889 5.09237e-09 
0.651005 0.00024538 0.0133298 0.0234718 0.00154495 3.787e-07 0.000524401 0.00100798 0.0705038 0.00748808 0.000264793 0.0433254 0.0329704 0.00434766 0.0261801 0.000172784 0.00549576 0.00104157 0.11708 4.66574e-09 
0.0226276 0.00244037 0.0305428 0.000123249 0.0225967 8.88799e-06 0.000111507 0.00255534 0.583566 0.00746783 0.161643 0.00953881 0.0020969 0.0097917 0.0092481 8.33341e-05 0.00039187 0.0389999 0.0961658 1.58978e-11 
0.694954 4.37764e-05 0.0819176 0.00020436 0.0291668 4.31486e-06 0.015366 0.00191709 0.00628702 0.00054074 0.00443207 0.0357794 0.0280692 0.00400525 0.000931402 2.88936e-05 0.000138588 0.000272501 0.0959409 3.06553e-07 
0.432854 0.000410184 0.00817168 0.000253553 0.00716786 0.0128388 0.000127315 0.000178926 0.0136737 0.00206947 0.0159938 0.0423658 0.0190344 0.0509001 0.0514151 3.93513e-05 0.0137564 0.0758927 0.252242 0.000615089 
0.00354978 1.83397e-05 0.553484 3.88443e-08 1.72629e-05 0.0276089 6.15522e-05 2.41034e-06 0.000105592 1.89092e-05 2.52971e-08 0.0212012 0.0797895 1.66697e-05 1.74076e-05 1.09809e-08 2.53799e-05 0.128368 0.185715 4.30302e-08 
0.00130924 6.33708e-05 0.0134672 3.11117e-05 0.889588 3.69688e-07 6.44919e-07 2.17018e-05 0.000580813 0.000431741 2.49766e-05 0.00363486 0.000527013 1.33908e-05 1.42067e-05 1.9359e-07 2.13484e-05 0.0492731 0.0409963 3.37331e-09 
5.6399e-06 0.000217064 0.00159429 8.49602e-07 0.00166452 3.16058e-07 7.02955e-05 5.43742e-06 1.12264e-06 8.28165e-07 0.00259707 2.99214e-06 0.691518 8.4079e-05 0.000666133 4.32456e-07 5.90518e-05 2.29366e-06 0.301509 7.19578e-10 
0.0838529 0.0142717 0.368973 0.000101401 0.0762558 9.44518e-05 0.00367622 0.0271282 0.0167035 0.0921713 0.00347585 0.0555355 0.131244 0.00559563 0.0516467 0.000959636 0.00130195 0.014502 0.0489143 0.00359642 
3.72686e-07 1.88601e-06 0.0231389 8.64804e-10 1.60223e-10 9.58401e-07 6.34863e-07 2.74221e-07 0.0606881 0.0266974 0.107433 0.289069 0.298815 7.97999e-06 2.80804e-05 2.44472e-10 0.0029525 0.0324655 0.1587 9.57997e-10 
0.0199938 0.0036746 0.036396 9.01724e-07 0.0047457 0.000723291 0.000542238 0.00625618 0.00267211 0.0335907 0.000216319 0.0234378 0.154869 0.00476726 0.149861 0.0002092 0.000217876 0.32979 0.228029 6.79865e-06 
0.017574 0.00380972 0.0041975 5.22379e-08 0.0054271 6.38188e-05 0.000196153 6.63183e-05 5.99719e-06 0.00084936 3.1294e-07 0.0121876 0.00450188 4.67148e-07 0.00331022 1.07901e-07 9.42094e-06 0.814686 0.133114 1.09624e-09 
3.85546e-11 1.95599e-06 0.0291318 3.04268e-10 1.3248e-06 7.70431e-07 1.85984e-10 1.22042e-06 2.62171e-06 0.000204657 1.98152e-10 4.82506e-06 5.12353e-07 1.52561e-06 0.0803499 8.60136e-11 5.30236e-08 0.871212 0.0190873 3.37056e-10 
5.6399e-06 0.000217064 0.00159429 8.49602e-07 0.00166452 3.16058e-07 7.02955e-05 5.43742e-06 1.12264e-06 8.28165e-07 0.00259707 2.99214e-06 0.691518 8.4079e-05 0.000666133 4.32456e-07 5.90518e-05 2.29366e-06 0.301509 7.19578e-10 
0.169624 0.00451587 0.0222606 0.000940328 0.0391678 6.13417e-05 0.00145275 0.000558189 0.00889821 0.0136331 0.00100657 0.0894595 0.00119804 0.000894638 0.0527722 0.000418514 0.00659581 0.0562685 0.53025 2.33523e-05 
0.0515989 0.000683774 0.0704558 0.0390484 0.0125875 0.00312774 0.00112939 5.2878e-05 0.109205 0.030253 0.00731437 0.175269 0.0527564 0.00821476 0.0232588 0.000502264 0.000229119 0.0338407 0.334148 0.0463244 
0.0506571 0.000900433 0.0424847 0.000572935 0.01279 1.20537e-06 0.000649315 0.139669 0.0118379 0.0325388 0.000723821 0.103366 0.00122763 0.000144232 0.0015064 0.000118744 0.000226352 0.0319961 0.568589 5.63408e-11 
0.0457817 0.000990617 0.0436986 0.000191377 0.581828 0.00145947 0.00290298 0.00193242 0.0851768 0.025053 0.00196675 0.0646458 0.0169999 0.00101832 0.00550485 0.000306563 0.000504091 0.0671189 0.0520262 0.000893399 
0.269553 4.65321e-06 0.00837892 1.24727e-05 0.014102 3.41677e-09 2.2341e-05 0.00018132 0.00182591 0.000735822 5.56606e-05 0.319209 6.02351e-08 0.000475665 0.0479065 8.04144e-12 0.00151343 0.0126883 0.323334 3.15115e-11 
0.285299 0.00189188 0.0891514 1.29063e-07 0.0619405 0.144805 0.000181374 2.3666e-05 0.00278174 0.0360856 0.0115099 0.117734 0.167917 5.86907e-07 2.45504e-07 4.55198e-07 0.000726635 0.0143033 0.0655937 5.27789e-05 
0.0120749 0.0119899 0.163484 1.37498e-07 0.0085858 1.07933e-07 4.29765e-07 0.00350707 0.0118937 0.114155 5.40303e-07 0.0273097 0.0164887 0.000137716 0.226871 6.9696e-09 8.38242e-06 0.361775 0.0417185 5.99432e-07 
0.109293 0.000214902 0.00681778 0.000338629 0.00741072 5.45597e-09 2.38781e-05 0.000268238 0.0196154 0.0145807 0.0912547 0.106548 0.000108239 0.00012801 0.205484 1.89484e-08 0.0162832 0.0244309 0.3972 4.25912e-12 
0.418965 0.00459979 0.515756 4.59699e-09 0.0069917 3.63634e-09 3.56887e-05 5.60424e-10 1.24205e-05 0.0301386 3.86224e-05 0.0139413 6.32547e-05 2.45182e-09 4.82431e-10 1.29952e-09 1.06784e-06 2.80571e-05 0.00942889 5.09237e-09 
4.13145e-06 0.00170958 0.0216818 1.04652e-06 0.00083648 0.00127789 1.19932e-06 0.00115941 3.62942e-07 0.0154019 2.28775e-06 6.51622e-06 0.900004 2.29306e-07 9.84374e-07 5.28197e-11 0.000662734 0.0183413 0.0388962 1.15084e-05 
0.258952 0.275978 0.0303851 1.28243e-05 0.00114334 1.78046e-06 0.00104572 4.81597e-05 2.41533e-05 0.00485913 0.00584851 0.0203223 0.0714122 0.000291943 0.000727998 1.34177e-06 0.0443144 0.0173825 0.267249 2.91969e-09 
0.0342481 0.00388349 0.070185 0.00324742 0.0173835 2.38355e-05 0.00213884 0.010121 0.017675 0.0380018 0.00438553 0.0902858 0.0206317 0.00159619 0.13008 0.00153787 0.00403323 0.0665152 0.483847 0.000178792 
0.10734 2.38877e-05 0.00129171 7.72893e-06 0.00730381 1.26545e-11 7.22344e-06 2.06743e-05 0.00446707 0.000245912 1.96289e-05 0.047256 2.6017e-06 0.000195124 0.029174 2.35738e-06 0.00187797 0.00666808 0.794096 5.9932e-08 
0.10927 0.0102516 0.00562429 5.86761e-07 0.000167657 2.57557e-09 0.000548756 1.48697e-07 0.000690063 0.00214325 4.27365e-06 0.787982 0.00201371 3.69977e-07 0.0226197 9.20435e-10 7.50875e-06 0.0381708 0.0205048 3.60685e-09 
0.0900455 0.148426 0.0148101 1.68146e-09 0.037235 1.33008e-09 2.77608e-06 4.10183e-07 2.3085e-06 0.0511063 1.09504e-09 0.143764 0.462396 8.96813e-10 1.76461e-10 4.75334e-10 3.25219e-10 1.78668e-05 0.052194 1.86266e-09 
0.132028 0.00160369 0.259768 7.16948e-07 0.1043 0.0519201 0.000911628 1.35136e-06 0.0212336 0.0121617 0.0337215 0.148747 0.0223088 0.000295388 0.0444203 1.54226e-05 0.000202566 0.0987497 0.0641568 0.00345243 
0.0212163 0.0477162 0.0085283 1.53847e-07 6.82213e-06 1.21697e-07 5.89033e-05 1.87557e-08 0.00302441 0.0288811 0.000171525 0.0282088 0.85354 1.08851e-05 1.25646e-05 4.34911e-08 1.67433e-06 0.00126648 0.00735538 1.70426e-07 
0.00122805 0.000103589 0.000266771 4.35261e-09 0.00040982 3.79653e-06 0.986277 0.00331687 0.00309375 0.000192498 2.26874e-05 0.00114231 0.00084808 2.21184e-05 0.000746076 1.93469e-06 0.000382068 0.000113033 0.00182968 3.71285e-12 
0.0444172 0.000422478 0.00334181 8.2236e-05 0.000774139 0.00401467 3.58976e-05 1.2502e-05 0.00293919 0.00170333 0.278667 0.00655886 0.00138881 0.00585843 0.0102152 2.94154e-06 0.0238308 0.00496576 0.610768 2.74903e-09 
0.121258 0.00677888 0.089972 2.69766e-06 0.0873418 0.0148924 0.00197951 0.00839789 0.278543 0.0239438 0.000183406 0.0211267 0.108111 0.0721492 0.0508901 6.70791e-05 0.00256108 0.0109617 0.100326 0.000514269 
3.34126e-05 1.06048e-09 4.78074e-06 1.26946e-12 1.75505e-08 2.89492e-07 0.996151 7.10261e-05 0.00341583 6.14784e-06 1.72807e-06 3.73206e-05 8.85067e-05 1.80282e-06 8.21834e-10 1.57822e-10 8.06791e-05 1.47691e-09 0.000107524 1.40625e-12 
3.75877e-05 2.15709e-05 4.34479e-05 8.0297e-06 3.49703e-05 2.94431e-06 0.999277 0.000305321 1.47549e-05 1.56036e-05 1.91281e-05 6.24449e-05 6.8434e-05 4.28265e-06 4.24731e-05 5.53503e-10 6.36257e-06 1.12779e-05 2.48073e-05 2.16898e-09 
0.147059 0.0121437 0.0382399 0.00135931 0.00317701 2.04863e-07 0.00984504 0.00876211 0.00749437 0.0424095 0.00606058 0.0185552 0.0766084 0.530506 0.0146224 0.00047317 0.0424119 0.00516317 0.0337991 0.00131006 
0.0841772 0.000124857 0.00597379 9.10849e-05 0.00473764 3.15181e-09 5.81173e-05 0.000928194 0.0222729 0.00181042 2.25056e-05 0.0698507 6.60229e-09 0.00290858 0.211959 1.38308e-12 0.00889738 0.0272679 0.55892 5.41979e-12 
0.00997752 5.54964e-05 0.00186355 4.59054e-06 0.00201367 4.98026e-07 2.11817e-05 7.62591e-05 0.00589444 0.000325286 0.00483273 0.00260119 0.000639018 0.00555842 0.0060484 2.01731e-08 8.94473e-06 0.00227551 0.957803 1.25531e-10 
0.0746559 0.000619402 0.0375168 1.90593e-05 0.622698 1.28934e-06 5.81356e-05 4.26698e-06 0.0662464 0.0112513 0.000506863 0.169055 5.83179e-05 8.01137e-06 2.56589e-06 2.31786e-06 0.000108867 0.0061753 0.0110103 1.80561e-06 
0.0434061 0.00497082 0.0120725 2.14848e-06 0.00382735 0.000959184 0.796746 0.00715697 0.0136369 0.0210228 0.00217541 0.0390746 0.0330842 0.00341132 0.00682642 0.000306951 0.00140593 0.00455337 0.00536145 4.18343e-12 
0.00741973 0.000963877 0.446847 2.90362e-07 0.00375212 5.47502e-06 1.77484e-07 2.46058e-06 0.00869639 0.192212 3.21846e-05 0.0111064 0.276576 0.00151538 0.0313829 8.20824e-08 5.01142e-06 4.94816e-05 0.0194326 3.21651e-07 
0.146826 0.0480862 0.21877 1.11006e-08 0.0733243 0.000552177 8.86095e-08 1.35328e-09 0.000499127 0.00077865 1.46663e-07 0.0382577 0.117277 0.000533591 0.000858176 3.13803e-09 2.61209e-05 0.218587 0.135623 1.22968e-08 
0.171976 0.0337201 0.298606 0.000300766 0.0983391 1.91277e-05 5.98838e-05 1.45612e-05 0.00355681 0.012869 0.000157576 0.00106497 0.216379 7.96409e-08 0.132569 8.77668e-06 2.26403e-05 0.0273119 0.00302529 1.65412e-07 
0.0362105 0.00141185 0.129067 3.99887e-07 0.0244984 0.000194633 0.4993 0.00971634 0.101414 0.0164148 0.00217761 0.0657238 0.0226066 0.000716315 0.0155071 0.00018167 0.000982175 0.00959221 0.0642843 4.42979e-07 
0.9394 0.00324803 0.000312006 1.48985e-05 0.00188985 1.17851e-05 9.1067e-06 1.81629e-06 5.70025e-05 1.72352e-05 9.70251e-06 0.0234725 0.00523393 0.000344595 1.56352e-06 4.21165e-06 0.000225501 0.0242859 0.00144397 1.65039e-05 
0.0147135 0.0035114 0.0488391 1.39774e-05 0.00098925 0.000161815 0.000783321 0.0140248 0.00379116 0.0373255 0.108156 0.0218542 0.691832 0.00050104 0.0211211 5.46017e-05 0.00255189 0.00642896 0.0233467 9.98385e-08 
0.102221 0.000355561 0.00729965 0.00133574 0.0689554 0.000197384 0.00169255 0.000912735 0.0050395 0.00398601 0.000494333 0.00866026 0.0315488 0.000280655 0.0140862 6.11012e-05 0.000345531 0.0591398 0.68698 0.00640752 
0.021621 0.00105985 0.159581 8.69285e-07 0.727335 1.561e-05 5.31351e-07 1.34965e-05 0.000104816 0.011007 0.000215561 0.00441083 0.0693321 4.63635e-07 0.0027064 2.45738e-07 1.68132e-07 1.80629e-06 0.00259255 9.6296e-07 
0.0273736 0.000350652 0.00203179 2.44653e-10 8.6096e-05 1.9073e-09 0.00847611 0.00196512 0.00495424 0.00463572 0.00065424 0.000921236 0.00329203 0.881298 0.0153267 4.98377e-05 0.0329422 0.000833208 0.0105463 0.00426298 
0.0583576 0.00299407 0.284123 0.0533564 0.00212526 3.32804e-06 0.000748497 0.00563408 0.0571926 0.0108666 0.0011702 0.149072 0.00312663 0.000293413 0.0654595 0.000171793 2.62629e-05 0.210937 0.0940569 0.000284273 
0.280999 0.104825 0.0137556 0.000276306 0.0368562 0.00099196 0.00475035 0.00182222 0.0442912 0.0453381 0.00402684 0.145738 0.0237436 0.00317011 0.0380785 0.000848738 0.0132552 0.0659304 0.171246 5.66731e-05 
0.108296 0.00587503 0.0131979 1.69255e-05 0.0131377 3.33711e-06 0.00870117 0.0334438 0.0384112 0.00709398 2.17989e-06 0.160775 0.00150784 0.00110212 0.000919758 2.00131e-07 1.61338e-05 0.0829676 0.524532 3.00025e-08 
0.16232 4.39986e-08 0.00288758 0.00545935 0.00101079 7.45075e-07 6.56895e-06 0.0266487 0.162431 0.00164781 0.000780543 0.000765159 0.000492255 1.52106e-05 0.00185183 1.10452e-10 0.000284591 0.00576616 0.627632 4.3282e-10 
0.000113098 0.00115954 0.000457459 2.13868e-09 7.07322e-05 4.41028e-08 1.30727e-09 6.21206e-07 1.51931e-06 5.44039e-05 1.3928e-09 0.0010047 0.0336804 3.15693e-07 2.24444e-10 6.04584e-10 0.0045089 0.00295007 0.955998 2.36915e-09 
0.0408316 0.00696633 0.00454218 0.000428647 0.00588186 5.49804e-06 0.000620776 0.00439941 0.00771569 0.00558676 0.000744339 0.0502213 0.29063 0.00333971 0.0927642 0.000118647 0.00148201 0.00197843 0.481743 1.84686e-07 
0.0392858 0.00137103 3.17681e-06 0.433858 0.0129129 5.48014e-09 0.000889118 0.00185254 0.0541394 0.10633 0.0043956 0.200114 0.00991618 2.09315e-05 0.0975359 2.58853e-06 5.53772e-05 0.0034005 0.0339161 1.02276e-08 
0.0312033 9.31575e-05 0.0363793 2.44502e-07 0.0119098 2.17385e-08 0.0139454 0.00407741 0.000672617 0.000679371 0.000184435 0.731973 0.000876818 7.07384e-07 0.0766117 7.40436e-12 8.7549e-09 0.0609637 0.030149 0.000280431 
0.0408316 0.00696633 0.00454218 0.000428647 0.00588186 5.49804e-06 0.000620776 0.00439941 0.00771569 0.00558676 0.000744339 0.0502213 0.29063 0.00333971 0.0927642 0.000118647 0.00148201 0.00197843 0.481743 1.84686e-07 
0.102522 0.00104921 0.00455237 0.00072335 0.00361258 0.000183253 0.00340163 0.000352927 0.0207708 0.00362952 1.49884e-05 0.139323 0.0123596 0.000185426 0.0388884 1.16198e-05 3.95861e-05 0.00385521 0.664482 4.21764e-05 
0.00424779 0.000299597 0.0232606 2.82601e-05 0.0431321 0.00159218 5.23037e-05 0.000334684 0.0513603 0.00797658 0.000145289 0.0465966 0.152791 0.000112674 0.0949058 4.26864e-05 0.0703943 0.115406 0.387243 7.71927e-05 
0.0306491 0.000193479 0.021359 9.79983e-05 0.00057962 0.000602116 1.78348e-05 0.00291438 0.37698 0.0124767 0.0370185 0.0404287 0.206649 0.183569 0.00391627 2.85421e-05 0.0337684 0.00905784 0.0396933 6.73193e-08 
0.394318 0.00992298 0.0147663 0.00138874 0.0615923 3.801e-05 0.00114372 0.00514546 0.0260222 0.072763 0.000442206 0.134249 0.0135151 0.000595494 0.0518899 0.000303224 0.00787737 0.102201 0.10076 0.00106582 
0.00122805 0.000103589 0.000266771 4.35261e-09 0.00040982 3.79653e-06 0.986277 0.00331687 0.00309375 0.000192498 2.26874e-05 0.00114231 0.00084808 2.21184e-05 0.000746076 1.93469e-06 0.000382068 0.000113033 0.00182968 3.71285e-12 
3.75877e-05 2.15709e-05 4.34479e-05 8.0297e-06 3.49703e-05 2.94431e-06 0.999277 0.000305321 1.47549e-05 1.56036e-05 1.91281e-05 6.24449e-05 6.8434e-05 4.28265e-06 4.24731e-05 5.53503e-10 6.36257e-06 1.12779e-05 2.48073e-05 2.16898e-09 
0.00122805 0.000103589 0.000266771 4.35261e-09 0.00040982 3.79653e-06 0.986277 0.00331687 0.00309375 0.000192498 2.26874e-05 0.00114231 0.00084808 2.21184e-05 0.000746076 1.93469e-06 0.000382068 0.000113033 0.00182968 3.71285e-12 
0.115652 0.00511724 0.127061 0.0020425 0.00102433 1.49308e-07 0.00746444 0.046474 0.173991 0.088358 0.00226485 0.013213 0.371886 0.00206741 0.0102867 0.000749971 0.0162378 0.00391253 0.0121968 3.68682e-07 
0.00122805 0.000103589 0.000266771 4.35261e-09 0.00040982 3.79653e-06 0.986277 0.00331687 0.00309375 0.000192498 2.26874e-05 0.00114231 0.00084808 2.21184e-05 0.000746076 1.93469e-06 0.000382068 0.000113033 0.00182968 3.71285e-12 
0.0434061 0.00497082 0.0120725 2.14848e-06 0.00382735 0.000959184 0.796746 0.00715697 0.0136369 0.0210228 0.00217541 0.0390746 0.0330842 0.00341132 0.00682642 0.000306951 0.00140593 0.00455337 0.00536145 4.18343e-12 
0.00518876 0.00651167 0.0587347 4.75328e-05 0.00430554 0.000978023 9.30332e-08 0.00830233 0.00481954 0.0169011 0.0194876 0.0669374 0.00127958 0.000492315 0.0111869 1.47014e-07 0.207139 0.0196311 0.568057 3.43303e-11 
0.319693 0.00615671 0.217715 0.00338572 0.0515038 0.0032475 6.60989e-05 0.000700309 0.0157482 0.0324742 0.0150305 0.0259068 0.00798125 0.0226365 0.0177186 0.0011174 0.0299987 0.0688274 0.153078 0.0070137 
0.0405634 0.00568958 0.0631291 0.0002009 0.0114093 0.000618297 0.000352842 0.00852147 0.00392247 0.0418073 0.0129811 0.0130336 0.137078 0.00180977 0.0313093 0.00030113 0.000710075 0.0281309 0.598425 6.56766e-06 
0.0455441 0.000128786 0.0022485 0.000565534 0.0051061 1.81422e-06 9.83985e-05 0.00255246 0.0805683 0.00660582 0.000159071 0.0211171 0.000472847 0.0263646 0.00882374 7.36303e-05 0.00349741 0.0108171 0.785255 4.76641e-09 
0.355219 0.0100389 0.0154197 0.00105445 0.0120393 0.000598783 0.000646909 8.58737e-05 0.00440362 0.00980803 0.000371298 0.295544 0.0110936 0.00312655 0.0146055 0.000302375 0.0323482 0.030492 0.202606 0.000196531 
0.447297 0.00364798 0.0301516 0.000609796 0.0210832 4.82045e-06 0.00585936 0.00127334 0.0156862 0.00730936 0.00204298 0.075869 0.00779187 0.0212163 0.020342 0.000355216 0.0241379 0.0946985 0.220436 0.000187864 
0.00284042 0.00216009 0.109683 0.0018762 0.018199 4.71815e-05 0.000210734 0.0317548 0.000539344 0.605131 0.0015139 0.0420217 0.127864 0.00160733 0.0416796 4.01531e-05 0.000134089 0.000649276 0.0120454 1.7926e-06 
0.634389 0.0316431 0.00823662 8.36033e-05 0.000733289 1.12429e-06 0.000138967 1.15139e-05 9.81606e-05 0.00488776 1.40275e-05 0.202915 0.033283 8.04471e-08 0.000448266 5.53802e-07 1.37822e-06 0.000140239 0.082974 1.07966e-09 
5.66905e-06 4.88861e-06 0.105917 2.83143e-09 5.24582e-10 2.23974e-09 1.73245e-06 3.45182e-10 1.90251e-06 0.571173 1.84395e-09 0.0644696 5.58974e-06 2.20496e-05 3.26889e-06 8.00418e-10 1.53394e-06 0.190814 0.0675791 3.13655e-09 
0.155637 0.00339192 0.0358503 0.00139748 0.34681 0.00664645 0.000286405 3.90829e-07 0.00512862 0.000676996 3.62172e-05 0.229322 0.00174553 8.98235e-05 0.00189088 3.29247e-05 1.07875e-05 0.199566 0.0110007 0.000479598 
0.0806603 0.00118686 0.00708786 0.00014452 0.00348458 3.59146e-06 0.00119462 0.000489032 0.056623 0.013757 0.00255246 0.0235471 0.589473 0.183688 0.00578802 0.000137304 0.000754347 0.00285264 0.0265741 1.00989e-06 
0.160984 0.00711315 0.025366 0.000194331 0.00112116 0.00149195 0.00941546 0.0131607 0.0893781 0.0900462 0.00241213 0.141251 0.0811429 0.0821795 0.134193 0.000915041 0.00282903 0.0248487 0.131958 1.21323e-07 
0.000113098 0.00115954 0.000457459 2.13868e-09 7.07322e-05 4.41028e-08 1.30727e-09 6.21206e-07 1.51931e-06 5.44039e-05 1.3928e-09 0.0010047 0.0336804 3.15693e-07 2.24444e-10 6.04584e-10 0.0045089 0.00295007 0.955998 2.36915e-09 
0.0273736 0.000350652 0.00203179 2.44653e-10 8.6096e-05 1.9073e-09 0.00847611 0.00196512 0.00495424 0.00463572 0.00065424 0.000921236 0.00329203 0.881298 0.0153267 4.98377e-05 0.0329422 0.000833208 0.0105463 0.00426298 
0.0157593 0.0115776 0.356266 0.00209967 0.00583944 0.000159124 0.00419797 0.0157767 0.0427347 0.0799928 0.0116871 0.10985 0.170532 0.0036658 0.0818348 0.00102826 0.0032466 0.0191368 0.0646159 2.06877e-08 
0.00666649 1.04782e-07 0.00365473 0.000152565 1.75091e-07 7.04631e-09 4.11996e-05 0.0382014 1.91573e-07 1.85752e-07 5.80112e-09 0.00373997 1.47702e-08 1.49927e-07 0.770288 1.19855e-12 9.39357e-06 0.027116 0.150129 4.69667e-12 
0.711537 0.0499796 0.0098798 0.000156012 0.00672692 0.000989659 0.000371949 0.0030521 0.0243937 0.0274118 0.000317992 0.0715848 0.00372777 0.000581254 0.0159951 0.00011405 0.000119204 0.0220597 0.0505471 0.000454204 
0.00122805 0.000103589 0.000266771 4.35261e-09 0.00040982 3.79653e-06 0.986277 0.00331687 0.00309375 0.000192498 2.26874e-05 0.00114231 0.00084808 2.21184e-05 0.000746076 1.93469e-06 0.000382068 0.000113033 0.00182968 3.71285e-12 
0.000113098 0.00115954 0.000457459 2.13868e-09 7.07322e-05 4.41028e-08 1.30727e-09 6.21206e-07 1.51931e-06 5.44039e-05 1.3928e-09 0.0010047 0.0336804 3.15693e-07 2.24444e-10 6.04584e-10 0.0045089 0.00295007 0.955998 2.36915e-09 
0.115799 0.000118322 0.00123967 5.42911e-05 0.0238515 1.37881e-07 0.000276584 0.000181583 0.0023928 0.000334622 0.000149597 0.205104 0.000131596 7.12214e-07 0.0239736 3.94334e-08 4.66326e-06 0.0187498 0.607638 1.89735e-10 
5.6399e-06 0.000217064 0.00159429 8.49602e-07 0.00166452 3.16058e-07 7.02955e-05 5.43742e-06 1.12264e-06 8.28165e-07 0.00259707 2.99214e-06 0.691518 8.4079e-05 0.000666133 4.32456e-07 5.90518e-05 2.29366e-06 0.301509 7.19578e-10 
0.680648 0.00724489 0.00292765 2.24281e-05 0.0339856 4.53719e-06 3.61693e-07 0.000366005 0.0383124 0.00735067 0.000165807 0.0263274 0.000824497 0.0139143 0.0249402 3.15425e-06 0.00776653 0.124425 0.0307696 6.9611e-07 
0.0619003 0.00305685 0.0930829 0.000323808 0.0114676 0.0108382 0.000207241 0.000629675 0.0457987 0.00358053 0.00745126 0.0983545 0.0529883 0.0802656 0.0186518 3.39933e-05 0.232199 0.171128 0.108023 1.96056e-05 
0.0705713 0.000474775 0.0434776 0.00141806 0.0116037 4.62805e-07 0.000299029 0.00866086 0.0457623 0.017626 0.000445644 0.0717287 0.00146496 0.00247907 0.11549 0.000154612 0.00218859 0.302607 0.303548 1.49573e-09 
0.766465 0.000254455 0.0038904 0.000186316 0.0573948 4.86578e-07 6.22463e-06 1.67988e-06 0.000414423 0.00734624 2.09759e-05 0.117887 8.05402e-05 7.91685e-06 0.0194925 1.07976e-06 0.000324435 0.00815416 0.0180712 6.81409e-07 
0.195553 0.0217964 0.0189862 0.000380769 0.00296891 1.37085e-05 0.0132275 0.00625465 0.0213675 0.0120822 0.00225794 0.192072 0.0287685 0.00482745 0.0297191 0.000696874 0.315256 0.0654919 0.0640842 0.00419563 
0.109293 0.000214902 0.00681778 0.000338629 0.00741072 5.45597e-09 2.38781e-05 0.000268238 0.0196154 0.0145807 0.0912547 0.106548 0.000108239 0.00012801 0.205484 1.89484e-08 0.0162832 0.0244309 0.3972 4.25912e-12 
0.00122805 0.000103589 0.000266771 4.35261e-09 0.00040982 3.79653e-06 0.986277 0.00331687 0.00309375 0.000192498 2.26874e-05 0.00114231 0.00084808 2.21184e-05 0.000746076 1.93469e-06 0.000382068 0.000113033 0.00182968 3.71285e-12 
0.308076 2.50232e-05 0.0042394 7.6848e-05 0.374868 5.01551e-06 3.14694e-06 0.00153577 0.00267644 0.000972359 0.00261949 0.0108973 6.26379e-05 9.57923e-05 0.000230843 3.93005e-09 0.00953731 0.00671474 0.27736 4.1697e-06 
0.0927919 0.0024311 0.0456249 0.000548565 0.0263371 0.000267351 0.00179662 0.00187226 0.0158746 0.0211455 0.0232807 0.0347746 0.579524 0.000354719 0.0102011 0.000209767 5.87288e-05 0.0691237 0.0737809 2.35566e-06 
0.0207312 0.00117612 0.0837704 1.97379e-05 0.716146 2.39506e-05 7.43264e-05 1.08251e-07 0.000645717 0.0109649 0.000188296 0.00564295 0.0059542 0.00119057 0.0101574 2.51015e-07 1.24396e-05 0.0698454 0.073455 9.83636e-07 
0.508803 0.00635744 0.0043287 0.000803952 0.00361818 1.22635e-06 0.000432558 0.00036393 0.0271879 0.00251293 0.00423759 0.0914884 0.0464599 0.0143557 0.0199348 4.88585e-05 0.0481708 0.0462535 0.17461 3.07462e-05 
0.120039 0.000734015 0.00483343 4.24552e-05 0.00792233 0.00061615 0.00167 0.00852451 0.00315166 0.00306487 0.414455 0.0113731 0.0270102 0.00444701 0.0111534 0.000150705 0.0434063 0.00966952 0.327736 3.49063e-11 
0.406111 0.00294026 0.00180172 0.345378 6.88482e-05 3.83065e-10 0.000242936 4.5085e-07 0.0537364 0.000542399 0.000343006 0.013229 0.00296359 0.00900498 0.00333129 1.36897e-10 3.29497e-05 0.000473294 0.159799 1.35441e-06 
0.0231707 0.0355391 0.0134782 0.0159556 0.00179904 0.0128731 0.000299959 0.00208164 0.00270303 0.0368381 0.0144849 0.0423665 0.632297 0.0144984 0.00963953 0.000600761 0.00502398 0.0901474 0.0462029 1.26424e-07 
0.00438611 0.00212586 0.342461 2.23747e-07 0.0015785 1.34276e-05 0.000354303 0.00187256 0.135723 0.0147311 2.16295e-05 0.0467414 0.189245 0.000507832 0.08771 6.39591e-06 0.000116221 0.0708535 0.101552 3.9561e-10 
0.00539548 9.15372e-06 0.000735277 6.80387e-06 0.000221542 1.92647e-06 3.33067e-07 0.0104532 5.42101e-05 3.60724e-05 1.80756e-05 0.0951487 1.05452e-07 9.15245e-06 0.0190758 1.54036e-07 5.85353e-07 0.0109067 0.857926 6.03613e-07 
0.0158023 0.000254888 0.0740567 0.00540064 0.00200347 2.83672e-05 0.000261563 0.0271897 0.136023 0.00725985 0.000318812 0.138256 0.00658218 0.00474285 0.0347534 0.000246209 0.0244749 0.0691553 0.45319 4.24442e-11 
0.596285 0.000392549 0.0215001 0.00132354 0.00780448 3.76567e-08 0.000331528 0.00159507 0.0321222 0.0198568 0.000238744 0.0596666 0.0332087 0.0111399 0.0854896 0.000117796 0.0068158 0.0464957 0.0756145 1.46274e-06 
0.0463811 0.00418654 0.157568 0.00327658 0.0339467 0.070572 0.00711151 0.0045416 0.00935842 0.0113523 0.00174557 0.0570329 0.482251 0.00309392 0.0331442 0.000640134 0.000833383 0.0482731 0.0246736 1.81093e-05 
0.0441427 1.96324e-06 0.341156 3.52339e-07 9.76314e-05 0.00053827 3.55449e-05 1.33527e-05 1.4749e-05 9.52843e-05 5.45999e-05 0.0179243 0.588512 0.00735738 3.69762e-08 9.96026e-08 2.27779e-05 2.28283e-08 3.30066e-05 3.90307e-07 
0.000371919 0.0277325 0.00137154 5.44643e-10 4.82162e-06 1.50323e-07 0.00450489 1.65072e-05 0.000195708 0.000779068 0.947629 0.00687492 0.00778984 0.000405863 6.23605e-08 1.53965e-10 2.73446e-05 0.000830478 0.00146524 6.03334e-10 
0.0518984 0.000266843 0.0129514 0.000178397 0.0012702 0.000485048 5.02291e-06 0.000465275 0.00508869 0.00498693 0.000890526 0.00341489 0.696936 0.00219558 0.00394576 1.0655e-05 0.0103072 2.83418e-05 0.204675 1.7746e-08 
0.0949433 0.0142253 0.0110069 0.0839975 0.0023975 3.23235e-06 1.78185e-05 3.50094e-05 0.00893793 0.00356535 0.000255439 0.00659023 0.00554863 0.609594 0.00223767 2.03358e-05 0.0829884 0.00206342 0.0262983 0.0452741 
0.0230579 0.0161182 0.0762253 3.14423e-07 0.0159408 0.00390477 0.0193949 0.0504257 0.0443811 0.217556 0.00117081 0.059388 0.0237357 0.00161301 0.154948 0.000227433 0.0150527 0.115291 0.161568 3.32381e-10 
0.451209 1.00759e-07 0.00676291 4.13527e-05 0.0584328 2.3778e-06 0.000142451 0.000645813 0.00449538 0.00213606 0.0777886 0.0705167 0.00100794 0.0402388 0.0101266 1.44533e-06 0.000197388 0.050802 0.189849 0.0356034 
0.00113171 0.00152573 0.0829617 0.00229784 0.000571005 5.21538e-06 1.66809e-05 0.0188353 0.0255736 0.0764808 0.0540209 0.00035929 0.411267 0.0244013 1.22653e-05 6.97126e-08 0.000442438 0.000561166 0.299444 9.24652e-05 
0.109293 0.000214902 0.00681778 0.000338629 0.00741072 5.45597e-09 2.38781e-05 0.000268238 0.0196154 0.0145807 0.0912547 0.106548 0.000108239 0.00012801 0.205484 1.89484e-08 0.0162832 0.0244309 0.3972 4.25912e-12 
0.0825803 0.00119017 0.0218116 9.61563e-07 0.000749751 0.000217458 0.00139012 0.00017409 0.000804967 0.00692711 0.00127507 0.481035 0.321295 2.60983e-06 0.00487936 8.82909e-07 0.0038951 0.0174112 0.0543591 3.1044e-09 
0.0433454 0.0293023 0.164284 0.000225617 0.0126003 2.04995e-07 0.00211232 0.136502 0.01295 0.0932069 0.00348598 0.10429 0.0951969 0.00129226 0.0583296 2.05178e-07 0.00266793 0.191155 0.0483983 0.000655825 
0.120039 0.000734015 0.00483343 4.24552e-05 0.00792233 0.00061615 0.00167 0.00852451 0.00315166 0.00306487 0.414455 0.0113731 0.0270102 0.00444701 0.0111534 0.000150705 0.0434063 0.00966952 0.327736 3.49063e-11 
0.0650626 0.000958686 0.00190917 0.000283252 0.0654739 2.62579e-05 0.00207185 0.00324706 0.018124 0.00972101 7.81945e-08 0.758995 0.0129382 4.53606e-05 0.0303161 3.03351e-11 2.95205e-05 0.0215373 0.00926057 1.18872e-10 
0.5556 0.0119821 0.0160084 0.00226602 0.0262281 0.000466827 0.00149111 0.000722239 0.0215595 0.0228162 0.000372613 0.18905 0.00597059 0.00261917 0.00872882 0.000159024 0.0176999 0.0388332 0.0773811 4.52555e-05 
0.0966531 0.000846081 0.0240164 4.41397e-05 0.0125357 5.78041e-05 0.000170448 0.0278884 0.0051683 0.00453388 0.0333984 0.0101964 0.0227929 0.0197874 0.00862165 3.04527e-06 0.000871895 0.0483005 0.684015 9.85504e-05 
0.0739081 9.7961e-05 0.0366932 0.00233727 0.0152967 1.4344e-05 0.000211067 0.0143765 0.367523 0.00450332 0.00195217 0.0180655 0.00122378 0.000652628 0.0138487 5.26022e-05 0.000811465 0.0290941 0.419337 3.38174e-09 
0.000371919 0.0277325 0.00137154 5.44643e-10 4.82162e-06 1.50323e-07 0.00450489 1.65072e-05 0.000195708 0.000779068 0.947629 0.00687492 0.00778984 0.000405863 6.23605e-08 1.53965e-10 2.73446e-05 0.000830478 0.00146524 6.03334e-10 
0.230979 0.00955429 0.0598007 0.00394227 0.026097 4.85365e-07 6.81407e-08 2.51418e-06 0.0697398 0.00210796 0.00489955 0.118099 0.010399 0.261906 0.0725487 4.6452e-07 0.05039 0.0207416 0.0587915 1.09612e-09 
0.000262179 1.98983e-07 0.00370065 0.000171941 0.00248018 6.92943e-07 0.00115938 9.1156e-05 0.00177879 0.00025678 0.045421 0.00196099 0.935205 4.67219e-07 9.19323e-08 2.47638e-07 0.00114467 0.00321607 0.00314847 9.70404e-07 
0.0392858 0.00137103 3.17681e-06 0.433858 0.0129129 5.48014e-09 0.000889118 0.00185254 0.0541394 0.10633 0.0043956 0.200114 0.00991618 2.09315e-05 0.0975359 2.58853e-06 5.53772e-05 0.0034005 0.0339161 1.02276e-08 
0.0833468 0.00844047 0.00818882 0.00763885 0.00115639 1.39851e-07 0.00209805 0.0072651 0.107126 0.0261262 0.0045621 0.0184442 0.00888166 0.397089 0.0947856 0.000769427 0.0747855 0.0292274 0.119551 0.000517378 
0.0273736 0.000350652 0.00203179 2.44653e-10 8.6096e-05 1.9073e-09 0.00847611 0.00196512 0.00495424 0.00463572 0.00065424 0.000921236 0.00329203 0.881298 0.0153267 4.98377e-05 0.0329422 0.000833208 0.0105463 0.00426298 
0.0306491 0.000193479 0.021359 9.79983e-05 0.00057962 0.000602116 1.78348e-05 0.00291438 0.37698 0.0124767 0.0370185 0.0404287 0.206649 0.183569 0.00391627 2.85421e-05 0.0337684 0.00905784 0.0396933 6.73193e-08 
0.483941 0.00516358 0.00481011 0.00361113 0.00421975 1.56487e-06 8.51764e-06 0.0058608 0.0232812 0.0533935 0.000554329 0.139624 0.00509017 0.000502731 0.0163381 0.00027327 0.0337043 0.113904 0.105211 0.000507216 
0.0204035 0.00698668 0.0219705 5.64253e-05 0.0064192 0.000684903 0.620892 0.0072246 0.00562761 0.00183117 0.0199028 0.142393 0.00936798 0.00016121 0.00932764 4.95628e-06 0.000110404 0.046782 0.0798522 8.97015e-07 
0.00742715 0.0101825 0.0540724 3.6361e-06 0.0240766 7.96772e-06 0.000212781 0.00556918 0.0520919 0.0237138 0.305068 0.0921392 0.0109981 0.00787991 0.00926897 5.64038e-05 0.000118463 0.263088 0.126585 0.00744008 
0.418926 0.01613 0.0461849 0.0192495 0.152911 3.43533e-05 0.0131109 0.00363219 0.000919937 0.0178011 2.82826e-05 0.0381662 0.0137689 0.000720227 0.00485635 1.91713e-07 5.64361e-05 0.0338739 0.219629 7.51255e-07 
0.133193 0.0440159 0.0783524 0.000395646 0.00901309 1.42528e-05 8.99609e-09 2.74464e-05 0.0341976 0.00995658 8.08271e-05 0.0719416 0.003267 0.138604 0.00392883 1.56851e-07 0.0931827 0.0746599 0.30517 3.66539e-10 
0.0537129 4.08717e-05 0.000568443 9.41302e-05 0.0716867 3.79936e-06 2.76956e-05 0.000292695 0.00272847 0.000323479 0.000340238 0.0627269 0.000463676 5.81863e-05 0.0020856 1.2458e-05 0.00681337 0.00622004 0.7918 7.15207e-13 
0.974024 0.00117758 0.000217396 0.000309008 0.00011255 4.14223e-08 0.000508964 7.85284e-05 0.000217193 0.000137155 3.41025e-08 0.00728821 0.000611098 2.79291e-08 0.00125957 1.48031e-08 3.84973e-05 0.00111827 0.0129018 5.80082e-08 
0.237038 0.00244347 0.0520674 7.30303e-05 0.00288936 5.91016e-07 0.0278528 0.00249158 0.00423791 0.0121451 0.106242 0.0146541 0.0846395 0.232354 0.0214488 1.9619e-06 0.0361913 0.031453 0.130053 0.00172238 
0.123553 0.00645598 0.0234988 0.000897413 0.0229543 2.03874e-05 0.000760081 0.0173046 0.00957472 0.0204115 0.00184914 0.493669 0.0165117 0.000262474 0.0250746 0.000239913 0.004476 0.0702267 0.162183 7.64e-05 
0.170551 0.000471993 0.000499148 3.16072e-06 1.03283e-05 0.000243231 0.0027047 8.34315e-05 0.00163936 0.000678282 5.59936e-06 0.0602644 0.0472848 1.47825e-07 0.00208523 1.88817e-07 0.00017559 0.000314827 0.712985 3.69795e-09 
0.0106788 1.00078e-06 0.194443 1.69484e-06 1.30061e-06 4.5991e-07 1.45025e-06 1.90633e-06 0.0155023 0.024025 2.26682e-05 8.99773e-07 0.722734 2.2724e-06 0.0293268 1.36852e-10 0.00325203 1.0351e-06 3.72537e-06 5.36272e-10 
0.109293 0.000214902 0.00681778 0.000338629 0.00741072 5.45597e-09 2.38781e-05 0.000268238 0.0196154 0.0145807 0.0912547 0.106548 0.000108239 0.00012801 0.205484 1.89484e-08 0.0162832 0.0244309 0.3972 4.25912e-12 
0.152617 0.0025992 0.0105542 0.000250307 0.0488222 2.16901e-05 0.00129824 0.0122877 0.0151663 0.0113807 0.000255301 0.552536 0.0268759 0.000455283 0.0208502 0.000221944 0.0147445 0.032388 0.0956886 0.000986219 
0.0242249 0.00514611 0.0364935 0.000386678 0.0035584 0.0001982 0.00327816 0.00084563 0.000991509 0.00914326 0.00453854 0.0143055 0.615195 0.00542476 0.152066 0.000375304 0.00057984 0.031744 0.0915046 1.44116e-07 
