0.0100211 0.0210307 0.0160508 0.000198044 0.00808825 0.000110856 0.00541447 0.0732601 0.0124227 0.526306 0.000950157 0.0211051 0.00238458 0.00257326 0.023234 0.216478 0.000104452 0.048942 0.0104343 0.000890996 
0.00817327 0.0544705 0.100571 0.000332902 0.0058323 2.91122e-05 0.000741271 0.00593109 0.0766219 0.0873691 0.000132773 0.088818 0.0072183 0.000425451 0.128705 0.00833018 1.37495e-05 0.318333 0.1054 0.00255179 
0.0343881 0.765056 0.0369494 1.94292e-07 6.96381e-05 1.5369e-07 3.1914e-05 7.69241e-05 0.00218613 0.113548 1.26531e-07 0.0335946 0.0130082 0.000358344 0.000160974 0.000493056 3.75789e-08 5.88042e-05 1.92403e-05 2.15229e-07 
0.0411083 0.110932 0.0291333 0.000326175 0.0375983 2.80335e-05 0.000195322 0.042984 0.0164619 0.526414 0.000943748 0.0521197 0.00617851 0.00173823 0.00886068 0.018815 5.33699e-06 0.0791099 0.0144145 0.0126333 
0.00754259 0.0141698 0.0499915 2.78522e-05 0.0139571 1.84344e-05 0.000290241 0.000688332 0.0180245 0.0368047 0.0047475 0.151579 0.0279979 0.000155297 0.421315 0.00656701 1.32505e-05 0.0807388 0.165214 0.000156811 
0.0110386 0.00893446 0.43242 0.00511118 0.00711394 3.3414e-05 0.00269433 0.00829675 0.0131192 0.0620934 0.000770898 0.0179655 0.00309464 8.14921e-05 0.00542101 0.011174 7.09165e-06 0.401482 0.00906442 8.32951e-05 
0.00370062 4.55783e-05 0.000280619 1.24517e-09 2.0405e-08 9.84964e-10 1.01495e-06 8.47794e-08 2.55488e-05 2.60955e-07 1.29433e-05 0.0124408 2.8616e-06 7.9878e-05 0.155094 3.51998e-10 2.40834e-10 0.00666643 0.82165 1.37935e-09 
0.147275 0.101778 0.13908 5.11715e-05 0.00157244 7.80218e-06 7.93148e-05 0.00347388 0.00599829 0.132632 0.00733817 0.132554 0.0311504 0.00217392 0.060044 0.00344525 6.18465e-09 0.18755 0.0437966 7.92889e-08 
0.029529 0.000923941 0.0193879 2.10825e-05 0.00414231 1.26584e-05 1.6199e-05 0.0041122 0.0278292 0.00355684 9.33787e-06 0.0278039 0.00105671 0.00132918 0.0780745 0.000230318 7.00387e-06 0.734599 0.0673484 1.07515e-05 
0.149536 0.00328157 0.022659 0.00017695 0.110612 8.61648e-05 0.00108572 0.00208476 0.262076 0.0233806 0.0048283 0.0947243 0.00167799 0.00181859 0.0320459 0.0014871 5.30499e-05 0.194109 0.0941944 8.20953e-05 
0.000103914 0.0407946 0.00648159 7.7311e-06 0.00134028 5.89275e-08 1.31525e-05 0.000501482 0.00717885 0.127107 1.64722e-06 0.0599754 2.08855e-07 1.36962e-05 0.155043 0.00799671 6.84996e-09 0.590266 0.00317445 3.13745e-07 
0.000208902 0.000228956 0.0351649 1.48332e-06 0.639527 0.00216679 0.00298477 6.37092e-06 0.00345262 0.0333819 8.01114e-07 0.00241848 0.0616014 2.19061e-06 5.62704e-05 0.00263461 4.42708e-07 0.147702 0.0684589 1.40486e-06 
0.00214106 0.0323687 0.777117 1.67991e-07 9.16243e-08 5.21939e-06 0.000550321 0.00302751 4.47928e-07 0.0837125 9.72998e-07 0.0277575 0.000603085 0.000696346 0.000104168 0.000178055 7.86254e-08 0.0325987 0.0391382 2.89898e-07 
0.92455 0.000371 0.0299907 0.001378 0.0013868 1.68623e-09 0.000994665 2.58079e-08 4.15336e-07 0.00757935 5.62994e-08 0.0173252 8.40878e-06 1.13694e-09 0.000615959 8.74681e-05 4.123e-10 0.00855238 0.00715915 2.36141e-09 
0.00909154 0.00823433 0.0101162 9.80008e-06 0.0128927 2.1525e-05 6.88821e-05 0.0015734 0.000339789 0.068651 0.000119833 0.0506488 0.00153542 3.97694e-05 0.0678864 0.000111796 9.3358e-07 0.621755 0.146714 0.000188875 
8.90425e-06 9.31992e-06 2.19349e-05 2.26674e-09 0.15395 6.81541e-06 2.35681e-06 0.000174039 0.000771733 1.23804e-05 1.4762e-09 2.14009e-05 0.609371 1.63223e-05 7.24117e-05 1.37775e-05 4.38419e-10 8.44027e-05 0.235463 2.511e-09 
0.00568447 0.00171792 0.0758502 4.11315e-10 0.0107482 1.23848e-05 2.51417e-10 4.09068e-05 0.0383455 0.0175486 0.00202798 0.0544528 0.0164089 0.00246261 0.0614096 0.0350932 7.95542e-11 0.0428849 0.635312 4.55639e-10 
0.00183563 0.000875236 0.00377606 2.27501e-05 0.000342258 2.68309e-05 0.00331098 0.00850593 0.0070099 0.00126436 8.69624e-05 0.0479226 0.807187 0.000115305 0.0547137 0.0248525 5.17078e-06 0.0210023 0.0168807 0.000264 
0.00376673 0.0354224 0.0302532 0.649282 0.0102426 7.67207e-05 3.5109e-05 7.18371e-05 0.000351062 0.0339555 0.000135796 0.0406525 0.14819 4.53252e-05 0.015778 2.64439e-07 1.80927e-07 0.0301515 0.00158857 1.03624e-06 
0.049285 0.094633 0.0227975 0.000299942 0.00351268 0.000103042 0.000140251 0.00169789 0.0649566 0.0992653 0.000357033 0.161815 0.0137126 0.000178943 0.211997 0.0421356 2.13619e-08 0.210796 0.0223175 2.32152e-08 
0.156209 0.00602649 0.0432336 0.000656764 0.00827367 0.0230757 0.0238947 0.0232954 0.0137291 0.123707 0.00165629 0.0282055 0.0154972 0.0811896 0.0783336 0.00920648 9.27129e-05 0.204836 0.158403 0.00047852 
0.00203986 0.00503594 0.101641 0.0031464 0.000279783 0.000137965 0.00111129 0.019254 0.00445013 0.162751 0.274963 0.00210245 0.192153 0.000171238 0.0512802 0.0664105 7.26373e-05 0.0389209 0.0474503 0.0266285 
0.484002 0.0270651 0.00253236 2.7538e-06 0.286586 9.81406e-07 1.4466e-08 0.000215476 1.28e-05 0.00168318 1.54124e-08 0.15153 5.59008e-06 0.00472665 0.0137961 6.69021e-09 4.57738e-09 0.00396764 0.0238735 2.62165e-08 
0.0553989 0.000644336 0.122565 0.635137 0.0123329 8.91713e-05 0.00130411 5.44071e-06 0.000688543 0.00272386 0.00178331 0.042086 0.00601087 2.05656e-06 0.000266179 0.001181 1.22272e-10 0.0059344 0.111847 7.003e-10 
0.637166 9.40511e-05 0.000519716 5.90734e-05 0.0109441 1.15789e-06 0.00111263 1.4765e-06 0.000944212 2.75345e-05 0.00151455 0.0865901 0.055819 7.80712e-07 6.63775e-06 4.51139e-05 2.83116e-07 0.0187828 0.186369 1.62152e-06 
0.0338194 0.061735 0.484106 9.79652e-05 0.0141689 4.47498e-06 0.00136887 0.00157255 0.00516194 0.161552 0.000896406 0.0353164 0.0366252 0.000495832 0.00047492 0.00325901 1.46881e-06 0.126823 0.0324833 3.74833e-05 
0.758704 0.00163957 0.000248786 0.000112978 0.0026718 1.121e-08 8.64548e-05 1.05985e-06 0.000401354 0.00162464 4.03344e-05 0.0525445 0.00180848 3.26483e-05 0.00037069 2.49114e-07 2.74097e-09 0.00859292 0.0131173 0.158003 
0.00592978 0.0356397 0.0269284 0.000105579 0.0112789 2.75835e-05 7.07768e-05 0.00826431 0.0398777 0.126955 0.002879 0.0865194 0.0247241 3.94548e-05 0.244488 0.0126273 2.1823e-05 0.202801 0.170766 5.6511e-05 
0.000353376 7.13974e-05 0.000262761 0.000100879 5.15322e-05 0.997052 0.000149009 1.09752e-05 8.47347e-05 5.20091e-05 0.000215301 0.000622356 0.000133117 3.40267e-05 0.000240469 3.72104e-05 6.21699e-06 2.87447e-05 0.000482233 1.15621e-05 
0.063609 0.386865 0.0449767 0.000670333 0.287375 3.22997e-06 0.0010166 0.016995 0.000391785 0.0461046 0.029511 0.00305364 0.0177452 0.000249446 0.00586918 0.00980979 2.96696e-06 0.0670054 0.0180952 0.000651447 
0.00402572 0.00655924 0.0191155 0.00010345 0.0174895 4.40959e-05 0.00147733 0.00300552 0.102353 0.0181574 0.000104699 0.0929905 0.00817082 0.000342068 0.238075 0.00192291 3.59738e-05 0.330594 0.155158 0.000275339 
0.0337929 0.000118723 0.00111122 0.0010881 0.139869 6.92528e-06 0.000178981 0.000477844 0.00875786 0.00134841 3.90114e-06 0.157478 4.14607e-06 1.68437e-05 0.000702165 2.77056e-05 1.64594e-09 0.081603 0.573414 2.12353e-09 
0.00675181 2.45789e-08 0.0989967 4.3636e-05 0.00255272 3.24208e-12 2.50526e-12 0.00102505 0.0192218 0.00284073 2.1356e-08 0.0262164 3.76773e-08 0.000265871 0.41591 2.12459e-05 7.92723e-13 0.401792 0.0243622 4.54025e-12 
0.285495 0.0210462 0.0748732 4.81239e-05 0.0123038 6.98771e-05 0.000442525 0.000326888 0.0653396 0.110887 0.000226368 0.124786 0.00967048 0.000147124 0.0585554 0.000517752 1.28122e-08 0.20632 0.0261961 0.00274882 
0.887083 0.00106828 0.00154763 0.00101579 0.000746185 3.78196e-07 1.51491e-05 1.35811e-06 6.60596e-05 0.000789804 6.71898e-05 0.0617242 0.0424964 1.82469e-06 0.000288171 1.35156e-07 9.24729e-08 0.000733596 0.00224858 0.0001056 
0.0126792 0.000775305 0.0280481 2.99759e-07 0.0131694 0.000351423 0.000568072 0.00806693 0.391703 0.0302207 0.000179048 0.024991 0.424208 0.000690402 0.0189212 0.000192923 1.01285e-07 0.0127929 0.0324424 1.99341e-07 
0.015497 0.0545159 0.021184 0.014799 0.00953389 0.00225249 0.000947672 0.0183865 0.00203958 0.474054 0.000354548 0.0811852 0.00758315 0.138651 0.0120808 0.0016085 2.43077e-06 0.103849 0.041472 3.10811e-06 
7.13974e-06 6.45127e-06 0.0462906 2.45956e-08 5.49019e-05 5.03182e-06 1.50341e-08 7.7549e-07 9.98162e-06 0.0840673 1.34723e-05 0.016004 0.748178 1.31181e-08 0.0662053 6.60505e-05 4.75715e-09 0.00820334 0.0308875 2.72461e-08 
0.0251115 0.00388594 0.00575693 0.00178188 0.704145 4.1239e-05 0.00340423 0.000972704 0.0116992 0.0738958 0.00148369 0.0307305 0.00198683 8.79909e-05 0.00177993 0.00673711 2.30672e-05 0.0850337 0.0390958 0.00234683 
0.0134445 0.000797292 0.0306347 0.0137181 0.0401412 0.000107442 0.00327746 0.00707031 0.119928 0.0340019 0.000309082 0.0465815 0.00317199 0.00016351 0.0783376 0.00864006 4.72342e-05 0.496414 0.102446 0.000768248 
0.0140396 0.002749 0.0277165 0.000286229 0.0119942 2.08494e-06 0.000944174 0.0106749 0.0206213 0.0803055 7.19624e-05 0.00607547 0.000567817 6.81781e-05 0.256042 0.0579558 1.371e-07 0.455853 0.0229618 0.0310696 
6.24655e-06 9.04186e-07 0.229316 3.6516e-10 0.00672473 2.88851e-10 1.54033e-06 0.000900087 6.98645e-07 8.72572e-07 2.37808e-10 0.489629 7.06686e-11 1.96706e-08 4.1273e-06 4.0879e-06 7.06271e-11 0.00575936 0.267653 4.0451e-10 
0.0951899 0.00630009 0.0325001 0.00832062 0.0250543 0.00060643 0.00338476 0.00856853 0.0287994 0.0978898 0.000943553 0.536317 0.0519104 0.00142787 0.00828905 0.00325022 0.000227993 0.0131004 0.0770483 0.000871267 
0.00087007 0.00534193 0.0123543 4.42132e-05 0.00474024 3.16374e-05 0.032291 0.000762237 0.0239455 0.0424249 3.3765e-05 0.626082 0.00269055 0.000281456 0.18303 0.00700364 1.31435e-05 0.0340876 0.0239529 1.81391e-05 
0.00145831 0.0108451 0.430844 0.000238858 7.90253e-07 1.07266e-08 0.000302176 0.000326775 0.00204366 0.331649 0.00770756 0.0308252 0.0392917 0.00820601 0.000580018 0.0183426 2.62276e-09 0.103157 0.0141809 6.44782e-08 
0.188559 0.00749583 0.00233138 0.473164 0.00230434 2.861e-08 0.000800844 2.52914e-06 0.000491598 0.000715404 7.37681e-05 0.275427 0.00241447 1.92904e-08 0.000894348 0.000158836 6.99545e-09 0.0235447 0.0215656 5.53848e-05 
0.0231226 0.0338044 0.0856813 5.13105e-08 0.0127947 8.46497e-05 3.13636e-08 0.145776 7.96078e-05 0.134163 3.34156e-08 0.00478027 0.0514544 2.73666e-08 0.00373091 0.439414 9.92418e-09 0.0620261 0.00285647 0.000231299 
0.0644656 0.00031273 0.000374296 0.00803627 0.00263011 2.56968e-06 0.00077741 0.00011475 0.00185814 9.8428e-05 0.860292 0.00526516 0.000716364 1.73262e-06 0.00083267 0.000155112 6.28314e-07 0.000525587 0.0535367 3.59861e-06 
0.0649458 0.00814172 0.00805176 0.000216888 0.66198 0.000183866 0.000570109 0.000290175 0.016247 0.0801713 0.00187889 0.0238677 0.0208125 0.0041645 0.00346977 8.70229e-05 1.18024e-05 0.0388922 0.0652746 0.000741871 
0.00977407 0.0249425 0.293491 1.54292e-07 0.0193249 8.62997e-07 1.92894e-10 0.0281324 6.37579e-08 0.213952 9.23073e-07 0.00421687 0.231573 6.17325e-05 0.00417598 1.01936e-06 6.10364e-11 0.036639 0.1337 1.39286e-05 
0.00221726 0.424478 0.00625454 0.00186825 3.29906e-08 3.8244e-05 0.000382243 0.000234033 0.000395761 0.503345 1.59169e-06 0.00312966 0.00219916 5.35209e-07 1.69434e-07 0.00901417 5.43149e-12 0.0346536 0.0117878 3.11083e-11 
0.0741432 0.000516574 0.00920078 7.13482e-05 0.251722 0.000374088 0.000738852 0.079265 0.12979 0.0406931 0.00187603 0.0448099 0.0113771 0.000613383 0.0356306 0.00592784 5.77554e-06 0.220935 0.0922547 5.46565e-05 
0.0181669 0.00559814 0.0112581 0.000467311 0.028586 3.6052e-05 0.00121212 0.00672261 0.0526419 0.0216348 5.88505e-06 0.103699 0.0019513 0.000216565 0.142064 0.00216708 1.22577e-06 0.103612 0.499956 2.91068e-06 
0.00299353 0.00918915 0.0246257 8.86717e-07 8.28969e-06 7.75896e-08 2.88548e-07 0.040706 1.11082e-07 0.325968 1.37537e-10 0.00491607 0.0311516 1.12639e-10 9.44654e-07 0.528517 4.08474e-11 0.0059836 0.0259387 2.3395e-10 
0.051447 0.000116181 0.00295536 0.000637435 0.0476092 1.90218e-06 0.000708955 5.24358e-05 0.000635284 0.00344862 2.17597e-05 0.0459947 0.836972 1.28255e-06 0.0019316 2.76684e-06 4.65103e-07 0.00422373 0.00323646 2.66383e-06 
0.0210767 0.0929058 0.0122921 5.0792e-06 0.0168133 2.21415e-06 0.00131983 0.0125474 0.016327 0.684882 0.000339664 0.0614142 0.000527735 6.10273e-05 0.0103064 0.0194137 5.24808e-07 0.0298039 0.0064677 0.0134935 
0.0755635 0.00113236 0.0218387 9.79835e-06 0.0054029 0.00665686 5.98925e-06 8.53516e-05 0.251824 0.00146289 0.000716437 0.00681664 0.550818 0.000604411 0.000676057 0.000183326 1.89514e-06 0.0712939 0.00489631 1.08542e-05 
0.0566328 0.00270309 0.00991863 6.33921e-05 0.865701 2.20358e-08 1.70278e-08 1.64435e-05 1.82226e-05 0.0068661 1.81418e-08 0.0255905 0.00337504 6.29979e-07 0.000106173 3.74001e-06 5.38799e-09 0.0234787 0.00437627 0.00114949 
0.0153563 0.0205967 0.227546 0.000252306 0.00053232 1.76262e-05 0.0462814 0.000101192 0.00137697 0.225669 4.59923e-07 0.023818 0.00607173 9.10998e-06 0.0443934 0.101979 4.4762e-11 0.281424 0.00457462 2.5637e-10 
0.0282968 0.154192 0.0433886 0.000235579 0.0031898 0.000125258 0.00136619 0.115552 0.0178955 0.304204 0.00120684 0.0670755 0.0550022 0.00389587 0.0717802 0.0450914 6.52672e-05 0.0490172 0.0378409 0.00057964 
0.000996189 0.00044352 0.00751836 0.000281114 0.00130858 5.85026e-08 4.52068e-08 0.000351644 0.00488517 0.00159188 0.000385363 0.00434003 1.43129e-08 0.000252491 0.00758921 0.000765223 1.43045e-08 0.967848 0.00144324 8.19276e-08 
0.00675181 2.45789e-08 0.0989967 4.3636e-05 0.00255272 3.24208e-12 2.50526e-12 0.00102505 0.0192218 0.00284073 2.1356e-08 0.0262164 3.76773e-08 0.000265871 0.41591 2.12459e-05 7.92723e-13 0.401792 0.0243622 4.54025e-12 
0.00083073 0.0117498 0.00215558 3.18502e-08 4.20952e-05 2.65306e-12 6.7019e-05 0.948225 9.74624e-05 0.0297212 2.18423e-12 0.00228183 0.000336891 7.05771e-10 0.000263852 0.000469456 6.487e-13 0.00219279 0.00156616 3.71536e-12 
0.0657615 0.00194 0.314475 0.0105317 0.0356844 0.000316328 0.0019961 1.22381e-06 8.92097e-05 0.0180799 0.00474401 0.0831629 0.326827 4.57991e-05 1.37721e-05 0.0150156 2.80962e-08 0.0870942 0.0342033 1.797e-05 
0.162098 0.00432466 0.0342875 6.0917e-05 0.0257602 1.74309e-05 3.56481e-05 0.00222741 0.0347618 0.0459449 0.000318786 0.0810436 0.0014997 0.000348628 0.197203 0.00507683 6.3361e-06 0.343568 0.0542733 0.00714316 
0.00083073 0.0117498 0.00215558 3.18502e-08 4.20952e-05 2.65306e-12 6.7019e-05 0.948225 9.74624e-05 0.0297212 2.18423e-12 0.00228183 0.000336891 7.05771e-10 0.000263852 0.000469456 6.487e-13 0.00219279 0.00156616 3.71536e-12 
0.00282423 4.94349e-05 0.0854994 1.71191e-05 0.131847 1.65695e-05 0.000287257 6.37196e-05 2.6788e-06 0.0743201 2.70306e-08 0.465317 0.158262 0.000957027 0.00531919 0.00140891 8.0279e-09 0.021349 0.052459 4.5979e-08 
0.13271 0.00666866 0.221429 1.92363e-07 0.0271125 4.87892e-07 8.64442e-05 2.90835e-05 0.00797551 0.0264055 0.00122602 0.143883 0.00551218 7.63214e-06 9.02467e-07 0.0896418 9.22096e-11 0.0894541 0.247857 5.28122e-10 
0.00229206 0.00199146 0.00695236 4.33905e-05 0.0119445 7.99898e-05 0.0525028 0.000175347 0.000553573 0.0256406 0.0004659 0.00518355 0.126914 0.0299935 0.0112327 0.000276317 1.28515e-05 0.684137 0.0395915 1.6773e-05 
0.00610308 0.000319369 0.000835249 1.59142e-08 0.00136109 1.41293e-10 0.00453398 0.00188624 0.00915013 0.298985 8.61243e-07 0.00605011 0.0891711 6.36518e-05 0.457337 0.0692077 3.45477e-11 0.0351187 0.0198764 1.97869e-10 
0.000895836 3.81206e-05 0.00428963 0.000308069 0.0123006 3.22441e-06 0.00058101 0.000813028 0.505832 0.00108385 2.53008e-06 0.00165242 0.000116191 0.000503355 0.00157533 1.05558e-05 6.89139e-07 0.203125 0.266457 0.000411073 
0.0500477 0.00233093 0.00943845 0.000974677 0.0230605 0.000131149 0.616799 0.00217933 0.00761509 0.00850261 0.00111243 0.129038 0.0623081 0.000186723 0.00488944 0.0042605 2.84853e-05 0.00942167 0.0553394 0.0123353 
0.00469417 0.000300518 0.0116955 9.10508e-05 0.00791145 3.27527e-06 0.00147407 0.000174759 0.0349563 0.0114535 0.000173457 0.00734879 0.00101104 0.00017072 0.522678 0.00588751 2.61809e-07 0.337302 0.0526728 6.70412e-07 
0.0438237 0.00210073 0.0232843 0.000524524 0.000529979 0.29409 0.000180316 0.0016377 0.14903 0.0316113 0.00498787 0.0149991 0.316544 0.000442192 0.0203706 0.00175449 0.000134611 0.0579738 0.035706 0.000274023 
0.0154662 0.000610529 0.272581 2.94884e-06 0.00642976 1.91983e-06 5.68991e-05 2.60994e-08 0.00199206 0.00873085 0.0109439 0.502167 7.82675e-06 0.000353122 0.0025875 2.10225e-06 9.60342e-11 0.157395 0.0206712 1.30302e-07 
0.00469417 0.000300518 0.0116955 9.10508e-05 0.00791145 3.27527e-06 0.00147407 0.000174759 0.0349563 0.0114535 0.000173457 0.00734879 0.00101104 0.00017072 0.522678 0.00588751 2.61809e-07 0.337302 0.0526728 6.70412e-07 
0.00370062 4.55783e-05 0.000280619 1.24517e-09 2.0405e-08 9.84964e-10 1.01495e-06 8.47794e-08 2.55488e-05 2.60955e-07 1.29433e-05 0.0124408 2.8616e-06 7.9878e-05 0.155094 3.51998e-10 2.40834e-10 0.00666643 0.82165 1.37935e-09 
0.00394505 0.0376536 0.0134602 9.97946e-05 0.00577055 9.45012e-05 0.00112799 0.0257481 0.00327822 0.721276 2.10976e-05 0.0408473 0.00401426 0.000145397 0.0187923 0.0940961 4.3295e-07 0.0222495 0.00710902 0.000271028 
0.00111811 0.00897993 0.00242666 1.29626e-08 0.000528073 2.24369e-08 9.53347e-09 0.00737885 1.41947e-05 0.97091 0.000171558 0.00103128 0.000170717 2.56455e-08 4.46618e-05 0.00228583 2.99471e-10 0.00172348 0.00026596 0.00295057 
3.75266e-07 0.00644924 0.13878 1.05896e-07 0.000246965 2.2038e-11 1.70295e-11 1.32465e-07 0.32039 5.99665e-07 1.45167e-07 0.0984228 5.39169e-12 9.51139e-08 2.85887e-06 2.88261e-07 5.38853e-12 0.435706 5.4367e-07 3.08623e-11 
0.000698043 0.00113135 0.00651582 0.0001357 0.0298772 1.17643e-05 0.000242133 0.000137199 0.000539489 0.00786354 7.7992e-05 0.0126508 0.00349547 0.000329101 0.00753864 4.4088e-05 4.01978e-06 0.0408769 0.887823 8.22007e-06 
0.0841144 0.0115501 0.418784 2.7642e-05 0.0244066 0.000474063 0.00736724 0.00219803 0.0202787 0.0265005 0.000174583 0.173745 0.00364962 0.00099775 0.0649376 0.00289408 8.45618e-06 0.0526041 0.101884 0.00340401 
0.0488789 3.31872e-05 0.0616295 0.000123068 0.000124406 0.000370922 3.33118e-07 0.0352766 3.06177e-06 0.0719775 0.038203 4.28445e-05 0.68212 2.90665e-07 5.51198e-05 0.0130498 1.05407e-07 0.000419916 0.047654 3.72875e-05 
0.00277279 0.00308058 0.0393004 0.00016489 0.0109778 2.06895e-05 0.000519658 0.0271124 0.0347767 0.0772337 0.000312517 0.156801 0.00155498 5.80603e-05 0.240665 0.00234317 1.11419e-05 0.189357 0.212663 0.000275271 
0.00469417 0.000300518 0.0116955 9.10508e-05 0.00791145 3.27527e-06 0.00147407 0.000174759 0.0349563 0.0114535 0.000173457 0.00734879 0.00101104 0.00017072 0.522678 0.00588751 2.61809e-07 0.337302 0.0526728 6.70412e-07 
0.00882569 0.00591684 0.0747247 6.32965e-06 0.0272305 2.6e-05 0.000220057 0.0176252 0.00395615 0.0343569 0.000913251 0.00904467 0.0373164 0.277704 0.00871386 0.0151416 1.19905e-06 0.320772 0.10756 0.0499446 
0.184764 0.486244 0.00346258 1.20988e-06 0.00100782 9.57048e-07 0.0878107 2.98172e-05 1.9778e-05 0.0691417 0.00108059 0.0511723 0.0210209 0.000267524 0.000696154 0.000449389 2.34008e-07 0.0926457 5.20371e-06 0.000179587 
0.00574474 0.00490882 0.0260332 2.49836e-05 0.00912471 4.01011e-05 5.12373e-05 0.00492112 0.0583544 0.186539 0.00988498 0.0167199 0.000544137 0.000397132 0.0243654 0.00390596 1.50127e-05 0.318725 0.329659 4.19354e-05 
0.0155292 0.0148612 0.404926 1.02676e-06 0.013768 1.0909e-10 0.000425801 0.000397512 0.000531699 0.10808 0.00106446 0.221899 0.00220663 1.59571e-07 0.0413996 0.000673962 2.66735e-11 0.127966 0.0462698 1.5277e-10 
0.0196605 0.0496621 0.256675 0.000213665 0.025086 0.00144611 0.00487679 0.0192375 0.0195063 0.130771 0.0167995 0.0437733 0.0532761 0.000852359 0.0628093 0.00846208 0.000161844 0.197571 0.0886688 0.000489843 
0.0250081 0.00854179 0.0366255 8.01045e-05 0.000921475 0.00193094 0.000417103 0.0283705 0.0171125 0.153419 0.000776679 0.0266815 0.543264 0.000384224 0.0935602 0.00387493 2.85153e-05 0.0283935 0.0303857 0.000223913 
0.155047 0.0120377 0.0125921 0.000240926 0.0865561 0.00108375 0.0161559 0.00955681 0.103589 0.04323 0.000177411 0.102908 0.0299122 0.000685194 0.00844726 0.0378877 0.00017089 0.101106 0.278158 0.000458499 
9.50574e-05 0.00519003 4.61403e-05 2.14653e-08 3.21639e-06 3.53165e-08 1.56636e-08 0.00105885 1.26529e-08 0.99055 2.70662e-05 0.000114274 1.55611e-07 4.10327e-08 1.33201e-08 0.0022874 6.65001e-10 0.000624774 4.36924e-08 2.94903e-06 
0.021621 0.00105985 0.159581 8.69285e-07 0.727335 1.561e-05 5.31351e-07 1.34965e-05 0.000104816 0.011007 0.000215561 0.00441083 0.0693321 4.63635e-07 0.0027064 2.45738e-07 1.68132e-07 1.80629e-06 0.00259255 9.6296e-07 
0.116492 0.00352047 0.00101757 0.00221983 0.00457225 4.96146e-08 0.00945695 0.000157715 0.0103947 0.0322203 3.90194e-05 0.0932179 2.67011e-05 3.34528e-08 0.15624 9.69029e-05 1.21313e-08 0.0381592 0.532168 6.94807e-08 
1.3832e-05 1.46132e-09 0.0149402 0.00013518 8.76061e-06 5.08894e-09 0.100547 1.04523e-06 4.49586e-06 0.0866428 4.18966e-09 0.155826 0.611153 3.43124e-09 0.0307118 4.03832e-06 1.2443e-09 4.70835e-06 7.63718e-06 7.1266e-09 
0.00675181 2.45789e-08 0.0989967 4.3636e-05 0.00255272 3.24208e-12 2.50526e-12 0.00102505 0.0192218 0.00284073 2.1356e-08 0.0262164 3.76773e-08 0.000265871 0.41591 2.12459e-05 7.92723e-13 0.401792 0.0243622 4.54025e-12 
3.75266e-07 0.00644924 0.13878 1.05896e-07 0.000246965 2.2038e-11 1.70295e-11 1.32465e-07 0.32039 5.99665e-07 1.45167e-07 0.0984228 5.39169e-12 9.51139e-08 2.85887e-06 2.88261e-07 5.38853e-12 0.435706 5.4367e-07 3.08623e-11 
0.0398266 0.00653025 0.365457 0.00120863 0.12667 0.000188577 0.000461724 0.0410609 0.0284429 0.0440548 0.00843599 0.0633524 0.028457 0.000100695 0.0708809 0.000313675 5.41709e-05 0.124148 0.0501022 0.00025347 
0.0126792 0.000775305 0.0280481 2.99759e-07 0.0131694 0.000351423 0.000568072 0.00806693 0.391703 0.0302207 0.000179048 0.024991 0.424208 0.000690402 0.0189212 0.000192923 1.01285e-07 0.0127929 0.0324424 1.99341e-07 
0.00177509 0.0175337 0.00256368 4.75168e-09 0.000533208 3.7587e-09 3.52248e-07 7.88124e-06 0.00118887 4.74166e-06 3.09449e-09 0.713316 3.02414e-06 2.53432e-09 0.250138 1.34325e-09 9.19042e-10 0.0103617 0.00257425 5.26373e-09 
0.218781 0.0174487 0.0164808 0.000130366 0.0383679 1.11943e-05 9.75371e-05 0.00332561 0.0328778 0.017246 8.46143e-06 0.554152 0.00483853 0.00061735 0.00473737 0.00219519 3.1519e-07 0.0548877 0.0334536 0.000343164 
0.000697829 0.034528 0.0418973 0.00666529 0.00342206 0.00108617 2.99725e-07 0.0037042 0.00172191 0.738955 2.19723e-07 2.39203e-07 0.00330635 0.00405524 0.00114054 0.00819931 4.98905e-08 0.141178 0.00944251 6.58139e-08 
0.00434475 0.00560041 0.790193 0.000222659 0.0119243 5.3198e-05 0.00200359 0.00082779 0.00126008 0.0687542 0.00805561 0.0218756 0.0232014 6.45675e-05 0.0193321 0.00481968 1.29794e-05 0.0256931 0.00975703 0.00200445 
0.037056 0.0277464 0.272203 0.00747649 0.0135234 0.000185593 0.000244138 0.0205992 0.0305781 0.0698498 0.00160974 0.126843 0.0209614 0.00355518 0.0669255 0.00564963 0.000116812 0.178549 0.116173 0.00015391 
0.0210912 0.0474761 0.0254198 6.39971e-05 0.0159092 0.000143542 0.00043646 0.0167716 0.00608451 0.544036 0.00049307 0.0290505 0.00381153 5.36867e-05 0.00159096 0.00999622 5.47382e-06 0.269424 0.00588787 0.00225459 
0.0126792 0.000775305 0.0280481 2.99759e-07 0.0131694 0.000351423 0.000568072 0.00806693 0.391703 0.0302207 0.000179048 0.024991 0.424208 0.000690402 0.0189212 0.000192923 1.01285e-07 0.0127929 0.0324424 1.99341e-07 
0.00302045 0.0027024 0.0263843 0.000559877 0.00955251 0.000238074 0.000113431 0.0212897 0.0112235 0.0280883 0.000197507 0.473924 0.0305356 0.000998059 0.157056 0.0563246 2.41427e-05 0.141727 0.036 4.08996e-05 
0.00139727 0.00172421 0.0950609 5.30184e-06 0.0100376 0.0014732 0.000926067 0.165408 0.00144328 0.54639 0.00153748 0.0556158 0.00479693 8.18985e-05 0.000111135 0.0565599 1.1854e-08 0.0274378 0.0299939 3.16612e-08 
3.75266e-07 0.00644924 0.13878 1.05896e-07 0.000246965 2.2038e-11 1.70295e-11 1.32465e-07 0.32039 5.99665e-07 1.45167e-07 0.0984228 5.39169e-12 9.51139e-08 2.85887e-06 2.88261e-07 5.38853e-12 0.435706 5.4367e-07 3.08623e-11 
0.145564 0.0179358 0.0908306 3.57837e-05 0.0237657 0.000107757 0.0175745 0.0568582 0.00666525 0.0333476 8.64455e-05 0.110395 0.337416 3.94577e-05 0.103911 0.00101338 2.77764e-05 0.0272434 0.0271329 5.00585e-05 
0.0206592 0.0187073 0.129056 0.000227945 0.0287682 9.20836e-05 3.63957e-05 0.00138864 0.019977 0.0925877 5.77188e-06 0.131959 0.0414619 6.11963e-05 0.0814012 0.00110845 5.57966e-06 0.15218 0.220916 0.0594004 
3.75266e-07 0.00644924 0.13878 1.05896e-07 0.000246965 2.2038e-11 1.70295e-11 1.32465e-07 0.32039 5.99665e-07 1.45167e-07 0.0984228 5.39169e-12 9.51139e-08 2.85887e-06 2.88261e-07 5.38853e-12 0.435706 5.4367e-07 3.08623e-11 
0.0267653 0.108094 0.205625 2.30283e-05 0.0224419 7.5371e-06 2.5595e-05 0.00213673 0.00100502 0.291268 0.0251535 0.196705 0.00683483 0.00176125 0.100384 1.07771e-05 3.25683e-09 0.00720703 0.00455184 1.86532e-08 
0.248783 0.00522518 0.031531 0.00015358 0.35497 0.000149955 1.24827e-05 0.00385723 0.00484056 0.0645345 6.45614e-05 0.0661675 0.0513945 0.000108424 0.0174866 0.000290661 5.36847e-07 0.0969958 0.0464058 0.00702749 
0.0138065 0.00572982 0.0338464 0.000720871 0.0114623 0.000651658 7.80848e-05 0.0106077 0.00427006 0.0525892 0.000117716 0.0194745 0.76561 0.000341197 0.0277292 0.00189838 1.96886e-05 0.0176259 0.0314508 0.00197007 
0.0345412 0.00481371 0.012954 0.0001295 0.0672014 0.0012813 0.000130791 0.00444404 0.0211831 0.0519702 0.000710038 0.291122 0.0123126 5.20038e-05 0.119273 0.00762494 1.57452e-05 0.264532 0.104585 0.00112309 
0.00561965 0.00085315 0.0716987 2.90171e-05 0.076033 1.12045e-05 0.00030007 3.79846e-05 0.0262313 0.0178617 1.77801e-05 0.0717466 0.00168495 0.000112498 0.016187 0.000185312 9.91309e-06 0.343285 0.368072 2.23753e-05 
0.00669731 0.0167111 0.0453352 0.00212004 0.00570093 1.4258e-05 0.000703128 0.11099 0.0127953 0.268433 8.89045e-06 0.194198 0.00424522 0.00011027 0.116558 0.0135001 7.4745e-06 0.158956 0.0429021 1.3598e-05 
0.0401105 0.00198862 0.00477946 2.4345e-06 0.0440412 1.92575e-06 0.714202 8.59511e-05 0.00154102 0.0159769 1.58545e-06 0.0577178 0.118075 1.29845e-06 7.51995e-05 0.000198097 4.70866e-07 0.00107096 0.000126583 2.69684e-06 
0.000596394 0.00840451 0.00154384 7.53422e-08 3.09343e-05 3.0226e-10 4.9529e-05 0.941952 7.04693e-05 0.0395271 2.48847e-10 0.00163442 0.000243398 3.42657e-08 0.000689524 0.00256493 7.39057e-11 0.00156969 0.00112323 4.23288e-10 
7.17861e-08 0.0482258 0.0468039 5.05777e-07 0.0445602 4.15995e-09 0.0533352 0.018442 5.43685e-05 0.660743 0.000242487 0.008554 0.000384948 9.64716e-08 0.000114035 0.0943209 7.31758e-11 0.0241683 5.001e-05 4.19107e-10 
0.0302155 0.0755313 0.0619639 5.54598e-05 0.0092583 3.59042e-05 0.00220415 0.0103573 0.0279709 0.549424 0.00179613 0.0497755 0.124243 0.000178017 0.0177654 0.00078694 2.06608e-05 0.013382 0.0249999 3.56976e-05 
0.0229858 0.0324865 0.0791416 0.00360025 0.000277584 9.63146e-06 0.000113776 0.0064262 0.00475782 0.557593 1.08929e-05 0.039516 0.00245185 0.000511192 0.0144628 0.006376 9.40875e-06 0.212477 0.00775228 0.00904074 
0.0534128 0.00342497 0.55698 1.7999e-05 0.000888748 1.05524e-05 8.52681e-05 0.00175097 0.0102487 0.00825027 0.000434983 0.167855 0.00711236 0.000277315 0.045669 3.69214e-05 1.05495e-05 0.109619 0.0329773 0.000938095 
0.0821819 3.38214e-06 0.026947 1.7998e-09 0.0790928 1.42369e-09 1.10013e-09 7.24622e-07 0.0317001 0.000622424 0.00529583 0.0183932 0.700364 9.59929e-10 3.20037e-06 0.00399598 3.48107e-10 3.83311e-06 0.0513956 1.99375e-09 
3.75266e-07 0.00644924 0.13878 1.05896e-07 0.000246965 2.2038e-11 1.70295e-11 1.32465e-07 0.32039 5.99665e-07 1.45167e-07 0.0984228 5.39169e-12 9.51139e-08 2.85887e-06 2.88261e-07 5.38853e-12 0.435706 5.4367e-07 3.08623e-11 
0.00739267 0.00184747 0.050681 0.000195772 0.034357 3.94947e-05 0.00145339 0.00655913 0.00422202 0.636303 0.00237358 0.0212715 0.0910295 0.0203453 0.000861779 0.0134503 9.2997e-06 0.0418976 0.0656945 1.53277e-05 
0.00221726 0.424478 0.00625454 0.00186825 3.29906e-08 3.8244e-05 0.000382243 0.000234033 0.000395761 0.503345 1.59169e-06 0.00312966 0.00219916 5.35209e-07 1.69434e-07 0.00901417 5.43149e-12 0.0346536 0.0117878 3.11083e-11 
0.0306467 0.011486 0.344218 1.81765e-05 0.0130561 0.000153053 0.000529668 2.92962e-05 3.64085e-05 0.0469382 0.000875596 0.0150825 0.340165 9.84074e-06 0.0678365 0.0143821 1.56476e-06 0.0562317 0.0583016 1.83272e-06 
0.000265664 0.00219975 0.0664164 0.00121106 0.00770677 1.27466e-11 3.34797e-06 1.4047e-07 0.0399109 0.00564199 1.04941e-11 0.608777 3.11852e-12 7.80896e-09 0.139876 0.000490509 3.11669e-12 0.116667 0.0108346 1.78505e-11 
0.0121117 0.0205576 0.0369403 0.000266276 0.00937877 6.75807e-05 0.000272024 0.000513361 0.0840948 0.0664481 0.000372395 0.061123 0.00826322 0.000127321 0.139325 0.00567707 2.39395e-05 0.402993 0.150828 0.000617133 
0.281843 0.0135671 0.0383687 0.00240098 0.30164 0.000567003 0.00621859 0.00047258 0.00297318 0.0796794 0.000227355 0.0454671 0.00706302 8.84538e-05 0.0250585 0.00537153 6.61341e-05 0.153754 0.0213606 0.0138133 
0.278792 0.00613325 0.0635415 0.000134772 0.000878882 7.85223e-08 0.00241809 0.00672525 0.00466285 0.0180845 0.00156066 0.496658 0.0188569 0.000128144 0.011695 0.000150178 5.14426e-10 0.0765735 0.0130057 2.94633e-09 
0.593889 0.16293 0.021384 0.000124184 0.00440218 0.00233565 0.000714131 6.42215e-08 0.00712879 0.0133972 0.00181872 0.0863764 0.00370107 0.00927337 0.00491822 0.000206989 3.1941e-08 0.0660258 0.0213742 1.75877e-07 
1.14016e-07 5.50705e-05 0.000551993 4.71979e-10 0.954999 3.73348e-10 7.26356e-06 0.000988325 0.00402383 3.10026e-05 3.07372e-10 0.00751834 6.91905e-05 2.51731e-10 0.00591856 5.29331e-05 9.12874e-11 0.0246564 0.00112754 5.2284e-10 
0.0114402 0.00618279 8.56445e-05 2.5365e-11 0.00101646 2.51594e-07 4.7116e-05 2.28169e-08 0.000321447 0.935523 3.2895e-06 0.0393218 0.000231151 8.89221e-10 0.000157412 0.000953509 4.90594e-12 0.00265406 0.00206207 5.99619e-10 
0.0264211 0.0079597 0.0282532 0.000171905 0.0292555 1.13543e-10 2.01776e-05 5.54487e-05 0.000161756 0.470583 0.0026952 0.00980085 5.31624e-05 3.46099e-07 0.00183631 0.00288422 2.77625e-11 0.403456 0.0163699 2.24387e-05 
0.00129989 0.00542677 0.122898 9.93207e-05 0.00442204 0.00246586 0.0736056 0.00142244 2.8965e-05 0.119549 1.952e-05 0.00120335 0.657938 0.000301899 0.000499501 0.000827248 7.17665e-08 0.00171406 0.00627832 4.11036e-07 
0.00113997 0.00296205 0.0842087 0.000118102 0.0101752 2.3548e-07 3.33372e-07 2.31881e-08 0.00103673 0.014927 9.66068e-11 0.52997 7.60033e-08 0.00078647 0.282463 0.000116388 2.86915e-11 0.0719031 0.000191716 1.27868e-07 
0.180917 0.00607504 0.051479 0.00343333 0.181695 0.000300019 0.000862563 0.00072436 0.0478721 0.00696845 2.09399e-06 0.271032 0.0173486 0.000313625 0.0469268 0.00119419 4.45813e-07 0.0786779 0.104165 1.28715e-05 
0.00944164 0.115615 0.0677786 0.000822173 9.50791e-05 0.000825549 5.64025e-05 0.0369844 0.0058601 0.131405 0.00204651 0.108018 0.105284 0.000752144 0.234047 0.0428936 4.19561e-07 0.124542 0.0135212 1.0507e-05 
0.179587 0.000300314 0.0164212 9.46213e-06 0.0110016 1.85796e-05 1.18801e-05 0.000275534 0.00683115 0.0358683 0.000131832 0.666448 2.00497e-05 0.000485653 0.00359185 0.00102042 8.36643e-06 0.0602714 0.0175632 0.000133942 
0.00670595 0.00793571 0.00271867 1.82928e-07 0.0103314 6.27096e-11 4.84576e-11 5.19987e-08 2.70189e-08 0.472664 2.36069e-06 0.000387707 1.53422e-11 3.02727e-08 1.57488e-07 0.000908208 1.53331e-11 0.493196 0.00515012 1.32313e-07 
0.724497 0.0016109 0.0143736 1.52547e-08 0.00224359 8.1935e-05 0.00735519 1.10712e-07 0.00176696 0.0068785 7.0718e-06 0.218657 0.000668643 2.65253e-05 0.00203426 8.54275e-06 1.3144e-08 0.018881 0.000900891 7.9906e-06 
0.0181125 0.00206156 0.601778 3.23957e-05 0.00195306 0.000152268 0.000532879 0.00409126 0.00413014 0.0263198 0.000205354 0.0544211 0.0156932 0.000188443 0.0226779 0.00109454 1.17104e-05 0.0832464 0.163249 4.85134e-05 
0.124933 0.00303791 0.0550754 0.000923902 0.00897892 0.0338434 0.0350444 0.0303098 0.0089287 0.141125 0.00088746 0.0187376 0.019891 0.0828767 0.0502201 0.0103414 8.7483e-05 0.202522 0.172144 9.23846e-05 
0.0610079 0.0152272 0.170854 0.00191497 0.0687245 0.00103034 0.000360039 0.00408987 0.0019693 0.460322 0.000172885 0.0514616 0.0350946 0.00406264 0.00100367 0.00660568 8.85042e-05 0.0863529 0.0228137 0.00684339 
3.75266e-07 0.00644924 0.13878 1.05896e-07 0.000246965 2.2038e-11 1.70295e-11 1.32465e-07 0.32039 5.99665e-07 1.45167e-07 0.0984228 5.39169e-12 9.51139e-08 2.85887e-06 2.88261e-07 5.38853e-12 0.435706 5.4367e-07 3.08623e-11 
0.705599 0.0237243 0.0525515 0.000724456 0.0166361 0.0199213 3.99307e-05 0.00319106 0.000430067 0.04157 0.000393579 0.0238552 0.0460733 0.000395707 0.011138 0.00121395 3.70298e-05 0.0335717 0.0146521 0.0042818 
0.094173 0.0325237 0.0352704 0.00352206 0.00367627 0.000152796 0.000239522 0.00164763 0.00882053 0.0331458 0.00211545 0.466564 0.0714994 0.00011494 0.0985365 0.0071628 4.2883e-05 0.0432618 0.0971025 0.000427964 
3.01309e-06 0.00112887 0.00060838 0.977731 0.00530852 1.70418e-06 1.32267e-05 4.71358e-07 0.000111721 2.72814e-06 2.31887e-06 6.42044e-06 0.000251887 1.14905e-06 1.38324e-06 0.00493481 4.16691e-07 0.00451407 2.5724e-06 0.00537561 
0.0328843 0.00825737 0.0551104 0.000152926 0.0737935 0.0125397 0.00283963 0.000645177 0.011564 0.0408484 0.00153801 0.126087 0.0140099 0.00246664 0.331483 0.0011365 0.000144783 0.144097 0.13992 0.000480486 
0.222942 0.202835 0.00672067 0.00128668 0.011998 9.84005e-06 0.00354411 0.00197534 0.0273443 0.0259651 0.0439514 0.299468 0.0159682 0.000939185 0.0337429 0.000263134 9.78486e-06 0.0748096 0.0261535 7.29614e-05 
0.0118797 0.0147965 0.226039 0.000231551 0.035149 0.00164098 0.00626481 0.0155177 0.0973683 0.0561978 0.00169245 0.0445549 0.0354725 0.00331561 0.0600596 0.00254048 6.16672e-06 0.245981 0.141255 3.76851e-05 
0.0836095 0.0207592 0.0638873 3.15302e-05 0.264333 5.15296e-06 1.07647e-05 0.00884528 0.0714229 0.0795282 0.000209493 0.131874 0.018147 0.000512694 0.00505716 0.0044309 1.43406e-06 0.157773 0.0895565 4.86703e-06 
0.10272 0.0166545 0.00447839 3.86936e-05 0.000849437 1.93675e-05 0.000243755 0.00011424 0.000873396 0.0082022 2.98682e-05 0.211496 0.0022575 2.50377e-06 0.224996 0.000773205 9.4227e-07 0.00710956 0.419125 1.53809e-05 
0.0851404 1.23075e-05 0.105432 3.67691e-05 6.81226e-06 2.07545e-05 7.91543e-07 2.10541e-07 1.97601e-06 0.0329122 0.131794 0.00117093 0.442641 3.27158e-06 0.0461656 1.6534e-05 1.35048e-09 1.56705e-05 0.154629 7.73477e-09 
0.000184841 0.00288906 0.000469263 0.000183836 4.65543e-05 3.56178e-09 0.00146214 0.22022 3.29361e-08 0.706373 1.35015e-05 0.000689633 0.0668478 8.91247e-08 2.57257e-05 0.00047462 2.36778e-11 1.07262e-05 0.000108925 1.35613e-10 
0.00382254 0.000863211 0.0346144 0.197125 0.0722356 0.00155491 1.63903e-07 0.0353958 0.0118106 0.227831 0.000365253 0.0246441 0.000427807 4.35204e-05 0.00186149 0.0154622 1.20753e-08 0.312057 0.0598855 1.56433e-08 
0.00819266 0.00103205 0.013616 6.92112e-09 0.00998706 4.46945e-08 0.000119581 0.0107086 0.00346601 0.00530336 1.502e-08 0.246748 7.25278e-09 8.8303e-05 0.015848 0.00427601 5.57536e-13 0.0128077 0.667807 3.19323e-12 
0.331557 0.0013325 0.0300896 0.00657082 0.00535217 0.504899 0.00396015 0.00265091 0.00904393 0.0134351 0.00339317 0.0130988 0.00642534 0.00285338 0.0110373 0.000508698 5.5667e-06 0.0200249 0.0336388 0.000122427 
0.0327631 0.00874523 0.0206025 3.65271e-05 0.000667036 2.1472e-05 0.00237597 0.00034097 0.00165199 0.103589 0.00916684 0.795486 0.00809905 0.000217939 0.00132465 0.000282279 1.03806e-05 0.00899237 0.00561314 1.34126e-05 
0.00697754 0.0314682 0.158403 5.10364e-05 0.0161603 5.92239e-07 0.00619258 4.98015e-07 0.00613356 0.218465 0.00528447 0.134454 0.346839 0.000459574 0.00160771 0.000575094 1.86919e-07 0.018534 0.0483926 1.63332e-06 
3.75266e-07 0.00644924 0.13878 1.05896e-07 0.000246965 2.2038e-11 1.70295e-11 1.32465e-07 0.32039 5.99665e-07 1.45167e-07 0.0984228 5.39169e-12 9.51139e-08 2.85887e-06 2.88261e-07 5.38853e-12 0.435706 5.4367e-07 3.08623e-11 
0.752491 0.000128697 0.042334 7.1751e-06 0.0979728 1.28154e-07 9.90286e-08 5.37915e-07 0.00109488 0.00146325 0.00110678 0.0754183 2.29935e-05 8.64084e-08 2.54678e-07 2.8694e-06 3.1335e-08 0.0271551 0.000800505 1.79468e-07 
0.000652681 0.000604718 0.00592443 7.28346e-05 0.0208237 2.69498e-05 0.000283915 0.000123284 0.000361843 0.0066642 4.17749e-05 0.0114794 0.00297501 0.000362216 0.0067809 5.03086e-05 8.27569e-06 0.0360088 0.906728 2.69033e-05 
0.865377 0.00610138 0.0117459 1.33538e-06 0.00100199 1.05632e-06 8.16253e-07 2.81251e-05 0.0356383 0.00972022 8.69657e-07 0.0524322 0.0054339 3.89881e-05 0.000680475 0.000101416 2.58282e-07 0.00264379 0.00905053 1.47928e-06 
0.000341099 0.00107053 0.162169 6.85532e-10 0.0455629 5.42274e-10 2.46006e-07 0.000138909 2.14706e-07 0.115849 4.46447e-10 0.022678 7.68225e-08 2.70428e-07 0.0122691 1.93793e-10 1.32592e-10 0.639813 0.000108212 7.59406e-10 
0.142876 0.00700974 0.0595354 5.49322e-05 0.0157716 6.74247e-05 2.26539e-05 0.00159516 0.0218945 0.0493675 0.00102509 0.468973 0.00159521 8.9407e-05 0.0666813 0.0173641 1.07625e-05 0.142694 0.00335047 2.1618e-05 
0.0105568 0.820128 0.0228137 0.000673275 0.0483496 4.39475e-08 0.000911783 6.48774e-06 0.000242695 0.0464761 3.61814e-08 0.00994604 0.01199 1.70671e-06 0.000738151 0.000687242 1.07456e-08 0.0219798 0.00449828 6.15445e-08 
0.0257669 0.00490017 0.0128902 0.000155512 0.57378 1.49861e-05 0.000133234 0.00706941 0.00147651 0.128306 0.00377354 0.0167479 0.00185604 6.9663e-06 0.000790079 0.000485626 5.13489e-06 0.180429 0.00875221 0.0326602 
0.0880744 0.000210773 0.0254126 0.000133695 0.216856 6.47675e-05 2.65956e-05 0.000762209 0.010057 0.0304367 0.000763536 0.0227063 0.00748661 0.000171295 0.0157315 0.000823417 6.89414e-06 0.25178 0.317839 0.0106573 
0.170535 3.13534e-06 0.0481188 2.52743e-05 0.00648857 1.61043e-09 1.24443e-09 0.000197917 0.130818 0.0409791 1.29012e-07 0.0852217 3.93644e-06 1.08584e-09 0.118622 5.13921e-07 3.93766e-10 0.396678 0.0023086 2.25526e-09 
0.0677409 0.0341987 0.0653634 0.00024646 0.0131231 0.000505325 0.000764883 0.0177265 0.0105752 0.179808 0.00179881 0.0649926 0.0116542 0.000190581 0.04239 0.0103449 3.82003e-05 0.447696 0.029631 0.00121093 
0.662807 4.97249e-07 0.0118409 0.000160804 0.156898 1.96835e-05 2.29192e-07 7.88072e-07 0.0187275 0.00111371 7.67147e-05 0.0605183 0.000188595 2.58508e-07 3.50409e-06 1.19057e-07 7.47556e-08 0.068749 0.0188574 3.61523e-05 
0.0105367 4.2727e-07 0.025763 5.41138e-10 3.31001e-07 0.00604354 3.30771e-10 0.0012025 0.0042946 0.0720152 0.000420201 0.24515 0.00256843 2.88617e-10 0.00444496 0.626678 1.04664e-10 0.000735912 0.000146533 5.99452e-10 
0.0595734 0.0135409 0.023521 3.10472e-05 0.000276069 0.00727006 6.41013e-05 0.000216167 0.00878302 0.056579 0.00532708 0.0064625 0.764751 0.0190502 0.00252329 0.0083508 1.9423e-05 0.0101241 0.0135005 3.61276e-05 
0.0114402 0.00618279 8.56445e-05 2.5365e-11 0.00101646 2.51594e-07 4.7116e-05 2.28169e-08 0.000321447 0.935523 3.2895e-06 0.0393218 0.000231151 8.89221e-10 0.000157412 0.000953509 4.90594e-12 0.00265406 0.00206207 5.99619e-10 
0.0186585 0.00855404 0.0414875 2.90323e-05 0.348474 0.000338298 0.000374111 0.00307467 0.0511857 0.0396109 0.00320024 0.0695384 0.0155427 0.0024496 0.0466712 0.00235784 1.68077e-05 0.247333 0.0974829 0.00362056 
0.000541371 3.13985e-07 0.00760303 1.37882e-09 0.98956 1.09068e-09 2.43447e-08 2.91239e-07 0.000101567 0.000148153 5.33885e-05 0.000878999 0.000311748 1.56959e-07 7.39058e-05 1.85269e-06 2.66684e-10 0.000462028 0.000263175 1.52741e-09 
0.00195701 0.0017233 4.14069e-07 9.10661e-11 4.69372e-07 7.20357e-11 5.56642e-11 0.00522662 1.80695e-07 0.0224379 1.26125e-07 0.000408186 0.967827 2.33471e-07 0.000418067 2.57435e-11 1.76135e-11 7.46531e-07 1.42572e-07 1.00879e-10 
0.000764481 0.0020182 0.0571693 1.29291e-07 0.0049978 6.80686e-10 9.71458e-08 7.16747e-06 5.47993e-05 0.478713 0.00143516 0.000449334 0.424467 3.43613e-05 0.00232328 0.0125005 1.66435e-10 0.013451 0.00161393 4.60598e-07 
