0.0242742 0.0142656 0.220074 0.0022996 0.0113234 0.001048 0.000921127 0.185485 0.155029 0.153148 0.00105305 0.0237376 0.0387916 0.00232323 0.0178594 0.0127264 0.00016064 0.0518964 0.0825351 0.00104896 
0.00607843 0.0147672 0.0684514 3.12285e-10 0.000824574 3.53696e-07 1.90885e-10 0.000202452 0.00120554 0.0369456 8.45571e-08 0.40194 0.0103985 6.61751e-05 0.0425472 0.00147472 6.04004e-11 0.414301 0.000795942 3.45938e-10 
0.0535773 0.0054502 0.0225297 0.000173158 0.0284446 0.00911968 0.000465563 0.0068084 0.0238981 0.0115832 0.00271992 0.529398 0.0340667 0.00167302 0.0296693 0.000477661 6.3793e-05 0.0922545 0.147401 0.000225421 
0.0534128 0.00342497 0.55698 1.7999e-05 0.000888748 1.05524e-05 8.52681e-05 0.00175097 0.0102487 0.00825027 0.000434983 0.167855 0.00711236 0.000277315 0.045669 3.69214e-05 1.05495e-05 0.109619 0.0329773 0.000938095 
0.0335172 0.00440364 0.037363 0.00848457 0.0226615 0.000179881 0.00055968 0.0230362 0.0272766 0.136771 0.0208364 0.147599 0.00430648 0.000862848 0.150658 0.013171 0.000131493 0.311067 0.0569644 0.000151023 
0.0447314 0.00178425 0.0724809 6.7904e-05 0.0142833 2.52869e-05 0.00045269 0.000905356 0.110911 0.0147209 2.2788e-05 0.072801 0.0529516 0.00309078 0.240499 0.000854008 2.22345e-06 0.262631 0.106642 0.000142022 
0.00386722 6.64744e-08 0.0545405 4.21332e-08 0.00194187 8.76833e-12 6.77556e-12 3.69456e-05 0.0395388 2.3859e-07 5.7758e-08 0.515183 2.14521e-12 3.78432e-08 0.193939 1.14691e-07 2.14395e-12 0.158419 0.0325334 1.22793e-11 
4.75784e-08 0.00826088 0.0112332 8.34219e-11 0.00957336 1.05648e-07 6.1241e-08 1.60697e-07 4.64533e-06 0.213425 0.193359 0.0110763 1.61445e-11 0.000860111 7.30151e-07 0.0439329 1.6135e-11 0.40616 0.102113 4.06703e-07 
0.130933 0.0253821 0.00742955 1.9777e-06 6.47366e-07 4.91465e-11 0.000635646 0.00159877 4.57344e-07 0.0020104 6.05496e-08 0.601733 0.00233718 3.31372e-11 0.0120279 0.000122344 1.20168e-11 0.00182365 0.213963 2.45856e-07 
0.758704 0.00163957 0.000248786 0.000112978 0.0026718 1.121e-08 8.64548e-05 1.05985e-06 0.000401354 0.00162464 4.03344e-05 0.0525445 0.00180848 3.26483e-05 0.00037069 2.49114e-07 2.74097e-09 0.00859292 0.0131173 0.158003 
0.0506542 1.76455e-05 0.0181036 4.86592e-06 5.16799e-05 0.000508903 3.07085e-06 4.46215e-06 1.56411e-06 0.0122762 4.94368e-07 0.0193926 0.881629 4.04876e-07 0.000713508 3.81243e-05 1.46824e-07 0.0164979 0.000101034 1.01589e-06 
0.00362451 0.974119 0.000170375 7.66369e-08 0.000422491 4.13429e-08 1.71297e-05 0.000371524 1.12802e-05 0.00682498 3.40371e-08 0.00319681 0.000815602 2.77553e-06 0.00208264 0.00365518 1.01088e-08 0.00466307 2.23595e-05 5.7897e-08 
0.00526863 0.0137935 0.218234 0.000127245 0.0082287 1.28972e-05 0.000276009 0.00141649 0.0167021 0.0662326 3.95571e-05 0.557834 0.00931702 1.64658e-05 0.0429848 0.00695207 4.42284e-06 0.0352493 0.0150308 0.00227921 
0.00370062 4.55783e-05 0.000280619 1.24517e-09 2.0405e-08 9.84964e-10 1.01495e-06 8.47794e-08 2.55488e-05 2.60955e-07 1.29433e-05 0.0124408 2.8616e-06 7.9878e-05 0.155094 3.51998e-10 2.40834e-10 0.00666643 0.82165 1.37935e-09 
0.0858816 0.00572921 0.023598 2.68944e-05 0.0914006 3.05296e-06 0.000769496 0.000602325 0.0155563 0.037227 0.00106772 0.154123 0.00231512 0.000248932 0.0398417 0.0154365 1.09688e-06 0.469948 0.0561289 9.52996e-05 
0.0134677 0.0324436 0.100602 6.33639e-06 0.00826331 9.24862e-05 6.45162e-05 0.00583119 0.00705681 0.0604658 0.000775271 0.0624295 0.0320437 0.150794 0.0322157 0.0101259 2.38464e-06 0.254206 0.163823 0.0652911 
0.029529 0.000923941 0.0193879 2.10825e-05 0.00414231 1.26584e-05 1.6199e-05 0.0041122 0.0278292 0.00355684 9.33787e-06 0.0278039 0.00105671 0.00132918 0.0780745 0.000230318 7.00387e-06 0.734599 0.0673484 1.07515e-05 
0.0964889 0.0258068 0.0105382 0.00324685 0.00201377 0.00200391 0.0321942 0.0147039 0.0593884 0.0624458 0.0118015 0.102463 0.0132959 0.0225068 0.0253099 0.00453774 0.000601056 0.406327 0.0853097 0.0190169 
0.0413394 0.21407 0.0596507 3.12979e-06 0.000711995 1.54157e-06 0.00586792 0.00409544 0.000116176 0.349005 0.000454323 0.0485204 0.180201 3.30926e-05 0.0223573 0.0344216 1.83842e-07 0.0147037 0.024447 6.45325e-07 
0.016442 0.018243 0.0264956 1.46371e-06 0.725851 9.1109e-05 3.82867e-05 0.015473 0.000894847 0.0468708 9.24592e-05 0.0218219 0.00473393 5.16483e-05 0.00403022 0.00459352 6.17826e-07 0.0813683 0.0328209 8.54565e-05 
0.00952365 0.00315775 0.0781399 5.29759e-06 0.00045061 6.61013e-05 8.84838e-05 4.38858e-05 0.00148636 0.0966483 0.00135259 0.0046565 0.731078 0.000291659 0.0356417 0.000930965 5.02911e-06 0.0054907 0.0309281 1.43183e-05 
8.07126e-08 0.00390326 0.00241871 5.94111e-10 0.0283979 2.3381e-12 0.000311672 0.711929 0.000804458 0.0187114 1.92493e-12 0.103551 9.23823e-08 1.57647e-12 0.0126518 0.00253843 5.71689e-13 0.0673914 0.0473908 3.2743e-12 
0.0157872 0.00606521 0.000130676 2.42272e-11 0.00121911 4.39668e-07 5.19642e-05 1.23533e-08 0.000418017 0.919019 8.37124e-06 0.0503575 0.000283177 8.79661e-09 0.000209086 0.000745223 4.68589e-12 0.00307803 0.00262709 6.80258e-10 
0.00214106 0.0323687 0.777117 1.67991e-07 9.16243e-08 5.21939e-06 0.000550321 0.00302751 4.47928e-07 0.0837125 9.72998e-07 0.0277575 0.000603085 0.000696346 0.000104168 0.000178055 7.86254e-08 0.0325987 0.0391382 2.89898e-07 
0.00909154 0.00823433 0.0101162 9.80008e-06 0.0128927 2.1525e-05 6.88821e-05 0.0015734 0.000339789 0.068651 0.000119833 0.0506488 0.00153542 3.97694e-05 0.0678864 0.000111796 9.3358e-07 0.621755 0.146714 0.000188875 
8.90425e-06 9.31992e-06 2.19349e-05 2.26674e-09 0.15395 6.81541e-06 2.35681e-06 0.000174039 0.000771733 1.23804e-05 1.4762e-09 2.14009e-05 0.609371 1.63223e-05 7.24117e-05 1.37775e-05 4.38419e-10 8.44027e-05 0.235463 2.511e-09 
0.00627581 0.00107853 0.0280302 0.000119338 0.00162044 0.00291891 0.036248 0.00225192 6.71219e-05 0.00688177 0.00114663 0.0176292 0.839544 6.97573e-05 0.0254726 0.000738044 4.38281e-07 0.00617535 0.0237298 2.51021e-06 
0.00376673 0.0354224 0.0302532 0.649282 0.0102426 7.67207e-05 3.5109e-05 7.18371e-05 0.000351062 0.0339555 0.000135796 0.0406525 0.14819 4.53252e-05 0.015778 2.64439e-07 1.80927e-07 0.0301515 0.00158857 1.03624e-06 
0.049285 0.094633 0.0227975 0.000299942 0.00351268 0.000103042 0.000140251 0.00169789 0.0649566 0.0992653 0.000357033 0.161815 0.0137126 0.000178943 0.211997 0.0421356 2.13619e-08 0.210796 0.0223175 2.32152e-08 
2.39544e-05 0.000959791 0.0267419 4.52965e-06 0.000198588 3.58307e-06 5.95005e-05 0.000470643 0.00186393 0.0174523 0.00075837 0.0916188 0.847783 2.4159e-06 0.00406327 1.28049e-06 8.76099e-07 2.04813e-05 0.00796745 5.01777e-06 
0.0781051 0.0142297 0.000247075 2.15072e-05 0.000104824 2.06503e-06 2.4191e-05 7.09484e-06 1.84498e-05 8.17539e-05 2.12823e-05 0.854293 0.0281833 1.39236e-06 3.13089e-05 2.30023e-05 5.04922e-07 0.00736215 0.0172394 2.89189e-06 
0.00471485 0.00818552 0.0259263 2.32366e-07 0.00130178 3.31179e-12 4.92169e-06 1.26121e-07 0.0065659 0.0354942 2.72655e-12 0.382998 8.10243e-13 2.23299e-12 0.306151 0.00148016 8.09767e-13 0.221427 0.00574975 4.63786e-12 
0.638547 0.000865624 0.0094401 1.13963e-09 0.0220193 9.01479e-10 0.000415611 0.000957209 7.75844e-05 0.0399133 0.0620351 0.0747899 0.00659199 0.000119922 0.00157168 0.051524 2.20421e-10 0.0910274 0.000104505 1.26244e-09 
1.05021e-06 0.000732315 0.10709 2.62976e-06 7.59561e-06 6.17285e-07 1.01406e-09 5.81658e-07 4.97769e-07 0.168163 2.89205e-06 0.350792 3.06336e-06 3.6429e-07 0.027918 4.6898e-10 3.20872e-10 0.290265 0.0550199 1.83776e-09 
0.0553989 0.000644336 0.122565 0.635137 0.0123329 8.91713e-05 0.00130411 5.44071e-06 0.000688543 0.00272386 0.00178331 0.042086 0.00601087 2.05656e-06 0.000266179 0.001181 1.22272e-10 0.0059344 0.111847 7.003e-10 
4.5664e-06 0.0101835 0.432408 0.000572697 0.011956 4.12647e-08 3.18865e-08 0.143628 0.022428 0.245177 3.59453e-05 0.00262983 1.18137e-06 1.47377e-07 2.76003e-07 1.47468e-08 1.00897e-08 0.130965 9.98311e-06 5.77875e-08 
0.0338194 0.061735 0.484106 9.79652e-05 0.0141689 4.47498e-06 0.00136887 0.00157255 0.00516194 0.161552 0.000896406 0.0353164 0.0366252 0.000495832 0.00047492 0.00325901 1.46881e-06 0.126823 0.0324833 3.74833e-05 
0.758704 0.00163957 0.000248786 0.000112978 0.0026718 1.121e-08 8.64548e-05 1.05985e-06 0.000401354 0.00162464 4.03344e-05 0.0525445 0.00180848 3.26483e-05 0.00037069 2.49114e-07 2.74097e-09 0.00859292 0.0131173 0.158003 
0.32535 0.00850152 0.00366841 8.66104e-06 0.0352307 7.11249e-05 5.29406e-06 0.00230041 0.000140692 0.614332 5.64043e-06 0.00183312 0.000334518 4.61939e-06 0.000242779 0.000143786 1.67517e-06 0.000469978 0.00527724 0.0020786 
0.000353376 7.13974e-05 0.000262761 0.000100879 5.15322e-05 0.997052 0.000149009 1.09752e-05 8.47347e-05 5.20091e-05 0.000215301 0.000622356 0.000133117 3.40267e-05 0.000240469 3.72104e-05 6.21699e-06 2.87447e-05 0.000482233 1.15621e-05 
0.063609 0.386865 0.0449767 0.000670333 0.287375 3.22997e-06 0.0010166 0.016995 0.000391785 0.0461046 0.029511 0.00305364 0.0177452 0.000249446 0.00586918 0.00980979 2.96696e-06 0.0670054 0.0180952 0.000651447 
0.00917211 0.0104259 0.0638821 1.84641e-06 0.0130501 2.34827e-05 0.00712329 0.000137101 0.00450502 0.129447 9.26002e-05 0.0160674 0.722479 9.84787e-07 0.0097125 5.92867e-05 3.57122e-07 0.0136261 0.000191818 2.04538e-06 
1.15068e-06 0.00366742 0.162622 2.87812e-07 4.00932e-07 9.89426e-11 7.6456e-11 2.4857e-07 3.2515e-06 0.0473301 8.14582e-11 0.157356 1.89299e-06 3.40298e-07 0.021777 8.98162e-07 2.41925e-11 0.00648281 0.600756 1.3856e-10 
0.0315734 0.000254676 0.00106682 0.886784 0.00074183 1.04419e-08 0.000424883 0.000483325 0.00072356 0.0133959 0.000212331 0.0149223 0.000156515 7.04052e-09 0.000288477 2.72937e-05 2.55316e-09 0.00245553 0.0464891 1.4623e-08 
0.887083 0.00106828 0.00154763 0.00101579 0.000746185 3.78196e-07 1.51491e-05 1.35811e-06 6.60596e-05 0.000789804 6.71898e-05 0.0617242 0.0424964 1.82469e-06 0.000288171 1.35156e-07 9.24729e-08 0.000733596 0.00224858 0.0001056 
0.0102575 0.00278012 0.639046 0.000100387 0.00549922 0.00121321 1.37094e-05 0.00188711 0.0344334 0.073513 0.00412437 0.0444965 0.0412579 0.000217241 0.0362633 0.00172683 7.52754e-06 0.0651424 0.0379796 4.119e-05 
0.0126792 0.000775305 0.0280481 2.99759e-07 0.0131694 0.000351423 0.000568072 0.00806693 0.391703 0.0302207 0.000179048 0.024991 0.424208 0.000690402 0.0189212 0.000192923 1.01285e-07 0.0127929 0.0324424 1.99341e-07 
0.00083073 0.0117498 0.00215558 3.18502e-08 4.20952e-05 2.65306e-12 6.7019e-05 0.948225 9.74624e-05 0.0297212 2.18423e-12 0.00228183 0.000336891 7.05771e-10 0.000263852 0.000469456 6.487e-13 0.00219279 0.00156616 3.71536e-12 
0.00104373 0.0462669 0.573311 0.00113042 0.00039045 5.73154e-05 0.000890764 0.00360896 0.00110213 0.0853708 0.00244971 0.0431323 0.173994 2.09616e-05 0.00106966 0.00101654 8.25765e-06 0.00800987 0.0570781 4.9078e-05 
0.015497 0.0545159 0.021184 0.014799 0.00953389 0.00225249 0.000947672 0.0183865 0.00203958 0.474054 0.000354548 0.0811852 0.00758315 0.138651 0.0120808 0.0016085 2.43077e-06 0.103849 0.041472 3.10811e-06 
0.00185252 0.00314985 0.868249 4.39811e-07 0.00131586 3.47902e-07 1.60578e-05 0.0026093 0.00022595 0.0952826 1.35669e-05 0.00706347 0.00010437 2.34575e-07 0.000604567 0.00117497 8.50658e-08 0.0156258 0.00271053 4.87206e-07 
0.0158354 0.00769325 0.0381045 0.0010658 0.0127637 2.70602e-05 0.000165949 0.0223006 0.0035194 0.0518018 7.27853e-05 0.0173446 0.758649 0.000623143 0.0366094 0.00218354 1.34469e-05 0.0116942 0.0171799 0.00235235 
0.00087007 0.00534193 0.0123543 4.42132e-05 0.00474024 3.16374e-05 0.032291 0.000762237 0.0239455 0.0424249 3.3765e-05 0.626082 0.00269055 0.000281456 0.18303 0.00700364 1.31435e-05 0.0340876 0.0239529 1.81391e-05 
0.0231226 0.0338044 0.0856813 5.13105e-08 0.0127947 8.46497e-05 3.13636e-08 0.145776 7.96078e-05 0.134163 3.34156e-08 0.00478027 0.0514544 2.73666e-08 0.00373091 0.439414 9.92418e-09 0.0620261 0.00285647 0.000231299 
0.0890979 0.00328737 0.266267 0.000434006 0.0101405 0.00108726 0.00118704 0.00179537 0.00568253 0.0408165 0.000416436 0.271 0.00508425 0.00149939 0.111272 0.00263926 4.01571e-05 0.0644071 0.122218 0.00162829 
0.00221726 0.424478 0.00625454 0.00186825 3.29906e-08 3.8244e-05 0.000382243 0.000234033 0.000395761 0.503345 1.59169e-06 0.00312966 0.00219916 5.35209e-07 1.69434e-07 0.00901417 5.43149e-12 0.0346536 0.0117878 3.11083e-11 
0.454009 0.0245911 0.0559002 2.17311e-06 0.0275058 8.18502e-06 0.135428 0.000688058 0.000363723 0.136299 1.50947e-05 0.063565 0.0100553 0.00148499 0.00305106 0.0346299 4.55086e-07 0.0477542 0.000867967 0.00377999 
0.0741432 0.000516574 0.00920078 7.13482e-05 0.251722 0.000374088 0.000738852 0.079265 0.12979 0.0406931 0.00187603 0.0448099 0.0113771 0.000613383 0.0356306 0.00592784 5.77554e-06 0.220935 0.0922547 5.46565e-05 
0.00113884 0.340865 0.0599644 4.0348e-06 0.0323769 3.19163e-06 5.19769e-05 0.0211462 0.00099067 0.208105 2.62763e-06 0.161534 0.134097 0.000187114 0.00885701 0.000660419 7.80387e-07 0.0282164 0.00179409 4.46959e-06 
0.00299353 0.00918915 0.0246257 8.86717e-07 8.28969e-06 7.75896e-08 2.88548e-07 0.040706 1.11082e-07 0.325968 1.37537e-10 0.00491607 0.0311516 1.12639e-10 9.44654e-07 0.528517 4.08474e-11 0.0059836 0.0259387 2.3395e-10 
0.0602338 0.0185919 0.133479 2.95812e-05 0.0141927 3.06966e-05 6.89467e-05 0.0139809 0.00331791 0.0980914 0.000264477 0.471474 0.00606709 4.63322e-05 0.0408819 0.000308754 2.11272e-06 0.108021 0.030376 0.000541204 
0.00261526 0.00932895 0.0599617 1.22632e-07 0.0272314 7.78711e-05 0.000403846 0.000240673 0.0976968 0.0669532 1.74957e-06 0.365341 0.000582995 0.00011552 0.263885 0.000897549 2.40439e-08 0.0815651 0.0231011 3.67014e-08 
0.051447 0.000116181 0.00295536 0.000637435 0.0476092 1.90218e-06 0.000708955 5.24358e-05 0.000635284 0.00344862 2.17597e-05 0.0459947 0.836972 1.28255e-06 0.0019316 2.76684e-06 4.65103e-07 0.00422373 0.00323646 2.66383e-06 
0.000954735 0.00112697 0.023551 6.49565e-09 0.018295 4.0795e-09 5.69546e-08 0.000343867 0.00376804 0.109732 1.18934e-05 0.0549662 6.19636e-05 5.83287e-09 0.0780051 0.000201109 1.4095e-09 0.560333 0.14865 3.67825e-08 
0.0707698 0.0122267 0.0307868 0.00112414 0.0190812 0.000468295 0.000679652 0.00209352 0.0135445 0.0504284 0.00458953 0.0591248 0.0685038 0.245699 0.0214638 0.00245146 6.27907e-05 0.229144 0.129508 0.0382496 
0.0566328 0.00270309 0.00991863 6.33921e-05 0.865701 2.20358e-08 1.70278e-08 1.64435e-05 1.82226e-05 0.0068661 1.81418e-08 0.0255905 0.00337504 6.29979e-07 0.000106173 3.74001e-06 5.38799e-09 0.0234787 0.00437627 0.00114949 
0.0153563 0.0205967 0.227546 0.000252306 0.00053232 1.76262e-05 0.0462814 0.000101192 0.00137697 0.225669 4.59923e-07 0.023818 0.00607173 9.10998e-06 0.0443934 0.101979 4.4762e-11 0.281424 0.00457462 2.5637e-10 
0.028117 0.627573 0.0377175 0.000370562 0.00955522 0.0280392 9.43942e-05 0.000333218 0.0012494 0.0590356 0.0129561 0.0399859 0.0292225 0.00406708 0.00607319 0.0036412 3.16095e-05 0.0825953 0.028699 0.00064278 
0.00675181 2.45789e-08 0.0989967 4.3636e-05 0.00255272 3.24208e-12 2.50526e-12 0.00102505 0.0192218 0.00284073 2.1356e-08 0.0262164 3.76773e-08 0.000265871 0.41591 2.12459e-05 7.92723e-13 0.401792 0.0243622 4.54025e-12 
0.0458158 0.0672795 0.0356755 0.000557671 0.0176492 0.000113845 0.00209266 0.0112869 0.00842912 0.5526 0.00610977 0.0609159 0.0216214 0.00986171 0.0129896 0.0353748 7.46126e-05 0.0717972 0.0391784 0.000576916 
0.00083073 0.0117498 0.00215558 3.18502e-08 4.20952e-05 2.65306e-12 6.7019e-05 0.948225 9.74624e-05 0.0297212 2.18423e-12 0.00228183 0.000336891 7.05771e-10 0.000263852 0.000469456 6.487e-13 0.00219279 0.00156616 3.71536e-12 
0.0276239 0.000979233 0.00586254 4.48935e-05 0.0116284 2.0926e-05 1.85389e-05 7.6914e-05 0.00147655 0.0757738 0.000419171 0.011082 0.00101107 1.60667e-05 0.0240714 0.00335331 3.7578e-06 0.774317 0.0621407 7.99151e-05 
0.162098 0.00432466 0.0342875 6.0917e-05 0.0257602 1.74309e-05 3.56481e-05 0.00222741 0.0347618 0.0459449 0.000318786 0.0810436 0.0014997 0.000348628 0.197203 0.00507683 6.3361e-06 0.343568 0.0542733 0.00714316 
0.00571668 0.00421341 0.00237383 8.72147e-09 0.00199239 8.62465e-10 3.6343e-05 0.00632675 0.00135374 0.151631 7.10057e-10 0.772285 0.00380879 5.8152e-10 0.0059873 0.00079616 2.10882e-10 0.0320809 0.0113979 1.69031e-07 
0.0600095 0.00701651 0.0510078 1.61668e-07 0.00616651 1.48946e-07 3.83638e-07 0.000258101 0.00207264 0.672346 0.00115318 0.0156122 0.129979 0.000376454 0.0156887 0.0272803 1.2268e-07 0.00805995 0.00297006 2.79785e-06 
0.082499 0.20443 0.272894 9.10613e-10 3.55996e-06 7.20319e-10 3.89684e-06 1.59871e-06 1.10246e-05 0.381355 0.000482133 8.43005e-06 5.37517e-06 2.57458e-06 0.0168222 1.44182e-06 1.76125e-10 0.0413634 1.49369e-06 0.000115401 
0.13271 0.00666866 0.221429 1.92363e-07 0.0271125 4.87892e-07 8.64442e-05 2.90835e-05 0.00797551 0.0264055 0.00122602 0.143883 0.00551218 7.63214e-06 9.02467e-07 0.0896418 9.22096e-11 0.0894541 0.247857 5.28122e-10 
0.00610308 0.000319369 0.000835249 1.59142e-08 0.00136109 1.41293e-10 0.00453398 0.00188624 0.00915013 0.298985 8.61243e-07 0.00605011 0.0891711 6.36518e-05 0.457337 0.0692077 3.45477e-11 0.0351187 0.0198764 1.97869e-10 
0.117285 0.0022555 0.0494594 3.67665e-06 0.64956 1.66988e-06 2.65031e-06 3.93034e-06 0.00294849 0.0430729 0.00135703 0.0633854 0.017203 0.00200963 0.00100228 0.0148103 5.78174e-07 0.0250999 0.00975415 0.000785368 
0.0438237 0.00210073 0.0232843 0.000524524 0.000529979 0.29409 0.000180316 0.0016377 0.14903 0.0316113 0.00498787 0.0149991 0.316544 0.000442192 0.0203706 0.00175449 0.000134611 0.0579738 0.035706 0.000274023 
0.0154662 0.000610529 0.272581 2.94884e-06 0.00642976 1.91983e-06 5.68991e-05 2.60994e-08 0.00199206 0.00873085 0.0109439 0.502167 7.82675e-06 0.000353122 0.0025875 2.10225e-06 9.60342e-11 0.157395 0.0206712 1.30302e-07 
0.00370062 4.55783e-05 0.000280619 1.24517e-09 2.0405e-08 9.84964e-10 1.01495e-06 8.47794e-08 2.55488e-05 2.60955e-07 1.29433e-05 0.0124408 2.8616e-06 7.9878e-05 0.155094 3.51998e-10 2.40834e-10 0.00666643 0.82165 1.37935e-09 
0.00394505 0.0376536 0.0134602 9.97946e-05 0.00577055 9.45012e-05 0.00112799 0.0257481 0.00327822 0.721276 2.10976e-05 0.0408473 0.00401426 0.000145397 0.0187923 0.0940961 4.3295e-07 0.0222495 0.00710902 0.000271028 
0.117922 0.000598114 0.0335738 0.000388111 0.364472 1.28076e-05 0.0175291 0.0712386 0.0124253 0.0122879 1.83057e-05 0.0647128 0.0160849 0.000442161 0.0127928 0.00341785 3.04997e-06 0.0933763 0.17368 0.00502325 
0.00111811 0.00897993 0.00242666 1.29626e-08 0.000528073 2.24369e-08 9.53347e-09 0.00737885 1.41947e-05 0.97091 0.000171558 0.00103128 0.000170717 2.56455e-08 4.46618e-05 0.00228583 2.99471e-10 0.00172348 0.00026596 0.00295057 
0.0615647 0.0107199 0.0281212 0.0059756 0.00421759 3.01904e-05 0.0155171 0.0171774 0.0295088 0.0662878 0.00588468 0.404339 0.0264107 0.000441564 0.206289 0.00139548 2.92285e-05 0.0369342 0.0708158 0.00833961 
0.000698043 0.00113135 0.00651582 0.0001357 0.0298772 1.17643e-05 0.000242133 0.000137199 0.000539489 0.00786354 7.7992e-05 0.0126508 0.00349547 0.000329101 0.00753864 4.4088e-05 4.01978e-06 0.0408769 0.887823 8.22007e-06 
0.0488789 3.31872e-05 0.0616295 0.000123068 0.000124406 0.000370922 3.33118e-07 0.0352766 3.06177e-06 0.0719775 0.038203 4.28445e-05 0.68212 2.90665e-07 5.51198e-05 0.0130498 1.05407e-07 0.000419916 0.047654 3.72875e-05 
0.00277279 0.00308058 0.0393004 0.00016489 0.0109778 2.06895e-05 0.000519658 0.0271124 0.0347767 0.0772337 0.000312517 0.156801 0.00155498 5.80603e-05 0.240665 0.00234317 1.11419e-05 0.189357 0.212663 0.000275271 
0.0139236 0.0172356 0.0325471 3.64117e-05 0.0429676 4.5639e-05 0.000295011 0.00529637 0.070907 0.039975 0.000417946 0.175836 0.00896997 0.00141774 0.0968286 0.00328005 3.42323e-05 0.374905 0.113736 0.00134526 
0.749431 0.0156982 0.000624277 0.000876085 0.0775609 1.00978e-06 1.72433e-05 5.77764e-07 0.0199617 0.0042704 0.000275972 0.0419328 0.00751784 0.00331637 0.000711647 6.52508e-05 4.58237e-07 0.00194999 0.0366366 0.0391516 
0.00469417 0.000300518 0.0116955 9.10508e-05 0.00791145 3.27527e-06 0.00147407 0.000174759 0.0349563 0.0114535 0.000173457 0.00734879 0.00101104 0.00017072 0.522678 0.00588751 2.61809e-07 0.337302 0.0526728 6.70412e-07 
0.0226294 0.0452948 0.0390296 0.00198772 0.00587807 0.0026889 0.00684935 0.0859529 0.0218222 0.514208 0.00720186 0.0349536 0.0191454 0.00999637 0.0489483 0.0515508 0.000496455 0.0509554 0.0276462 0.00276481 
0.0148845 0.0179717 0.39343 2.24933e-05 0.00701788 8.8889e-05 5.04223e-05 0.0102776 0.0167361 0.0499853 0.000358895 0.118606 0.0688943 0.000555708 0.0321074 0.000212632 1.71798e-05 0.147294 0.121446 4.22112e-05 
0.0361894 0.0320597 0.623048 0.0205089 0.0193846 0.000191079 3.83686e-05 0.00292905 0.0417656 0.0528675 0.000257463 0.007519 0.0560421 0.0131124 0.00113086 0.0177379 2.80336e-05 0.0547498 0.020331 0.000109554 
9.50574e-05 0.00519003 4.61403e-05 2.14653e-08 3.21639e-06 3.53165e-08 1.56636e-08 0.00105885 1.26529e-08 0.99055 2.70662e-05 0.000114274 1.55611e-07 4.10327e-08 1.33201e-08 0.0022874 6.65001e-10 0.000624774 4.36924e-08 2.94903e-06 
0.00638223 0.0227298 0.590005 0.000481438 0.00309821 0.000298705 0.00075259 0.0349849 0.00560686 0.201022 0.00199979 0.0402495 0.0114488 0.00708333 0.0053521 0.0084876 7.63926e-06 0.04514 0.0148529 1.69733e-05 
0.0126792 0.000775305 0.0280481 2.99759e-07 0.0131694 0.000351423 0.000568072 0.00806693 0.391703 0.0302207 0.000179048 0.024991 0.424208 0.000690402 0.0189212 0.000192923 1.01285e-07 0.0127929 0.0324424 1.99341e-07 
0.021621 0.00105985 0.159581 8.69285e-07 0.727335 1.561e-05 5.31351e-07 1.34965e-05 0.000104816 0.011007 0.000215561 0.00441083 0.0693321 4.63635e-07 0.0027064 2.45738e-07 1.68132e-07 1.80629e-06 0.00259255 9.6296e-07 
0.00819266 0.00103205 0.013616 6.92112e-09 0.00998706 4.46945e-08 0.000119581 0.0107086 0.00346601 0.00530336 1.502e-08 0.246748 7.25278e-09 8.8303e-05 0.015848 0.00427601 5.57536e-13 0.0128077 0.667807 3.19323e-12 
4.33168e-07 0.0640359 0.0831682 0.00080564 0.0550219 2.77705e-10 0.0537741 0.0202254 0.000582736 0.518749 0.000154121 0.0448966 1.25488e-07 8.9635e-08 0.000814073 0.112213 6.79019e-11 0.0449849 0.000573577 3.88902e-10 
0.179116 0.000113418 0.000199227 3.91407e-06 0.00490043 7.21273e-10 0.00114842 0.000109715 0.000771854 0.00269003 1.5842e-05 0.459068 0.000252214 4.86321e-10 4.05551e-07 2.9854e-05 1.76359e-10 2.04725e-05 0.35156 1.01008e-09 
0.0297115 0.0128622 0.468587 0.00172637 0.0620712 6.76723e-05 0.000840142 0.0134325 0.00893093 0.0325447 0.00321588 0.158935 0.00306 2.66743e-05 0.00107075 0.00390407 2.31636e-05 0.150654 0.0482676 6.88795e-05 
0.0116044 0.0886731 0.0824489 2.52505e-05 0.000767097 1.44333e-06 0.000115872 9.51231e-05 5.96824e-05 0.0877502 0.00055673 0.0844334 0.556734 0.000955983 0.0161026 0.0136411 2.66337e-07 0.0436405 0.0123915 3.10288e-06 
3.75266e-07 0.00644924 0.13878 1.05896e-07 0.000246965 2.2038e-11 1.70295e-11 1.32465e-07 0.32039 5.99665e-07 1.45167e-07 0.0984228 5.39169e-12 9.51139e-08 2.85887e-06 2.88261e-07 5.38853e-12 0.435706 5.4367e-07 3.08623e-11 
1.73834e-06 0.000149795 0.0271189 0.00144757 0.00920656 0.000238088 0.00127208 0.000864342 0.000164155 0.137113 2.77669e-07 0.10798 0.500643 1.26057e-06 0.000397989 0.00454892 2.05291e-07 0.0415886 0.167221 4.18671e-05 
0.0398266 0.00653025 0.365457 0.00120863 0.12667 0.000188577 0.000461724 0.0410609 0.0284429 0.0440548 0.00843599 0.0633524 0.028457 0.000100695 0.0708809 0.000313675 5.41709e-05 0.124148 0.0501022 0.00025347 
0.0126792 0.000775305 0.0280481 2.99759e-07 0.0131694 0.000351423 0.000568072 0.00806693 0.391703 0.0302207 0.000179048 0.024991 0.424208 0.000690402 0.0189212 0.000192923 1.01285e-07 0.0127929 0.0324424 1.99341e-07 
0.00177509 0.0175337 0.00256368 4.75168e-09 0.000533208 3.7587e-09 3.52248e-07 7.88124e-06 0.00118887 4.74166e-06 3.09449e-09 0.713316 3.02414e-06 2.53432e-09 0.250138 1.34325e-09 9.19042e-10 0.0103617 0.00257425 5.26373e-09 
0.0609716 0.000155408 0.0148969 8.84325e-05 0.0213093 0.00100009 0.000511764 0.00421199 0.270555 0.00600155 0.000314055 0.0598971 0.0168176 7.31404e-05 0.08587 0.000134212 5.41574e-05 0.180426 0.274893 0.00181956 
0.000697829 0.034528 0.0418973 0.00666529 0.00342206 0.00108617 2.99725e-07 0.0037042 0.00172191 0.738955 2.19723e-07 2.39203e-07 0.00330635 0.00405524 0.00114054 0.00819931 4.98905e-08 0.141178 0.00944251 6.58139e-08 
0.00434475 0.00560041 0.790193 0.000222659 0.0119243 5.3198e-05 0.00200359 0.00082779 0.00126008 0.0687542 0.00805561 0.0218756 0.0232014 6.45675e-05 0.0193321 0.00481968 1.29794e-05 0.0256931 0.00975703 0.00200445 
0.037056 0.0277464 0.272203 0.00747649 0.0135234 0.000185593 0.000244138 0.0205992 0.0305781 0.0698498 0.00160974 0.126843 0.0209614 0.00355518 0.0669255 0.00564963 0.000116812 0.178549 0.116173 0.00015391 
0.0210912 0.0474761 0.0254198 6.39971e-05 0.0159092 0.000143542 0.00043646 0.0167716 0.00608451 0.544036 0.00049307 0.0290505 0.00381153 5.36867e-05 0.00159096 0.00999622 5.47382e-06 0.269424 0.00588787 0.00225459 
0.0500477 0.00233093 0.00943845 0.000974677 0.0230605 0.000131149 0.616799 0.00217933 0.00761509 0.00850261 0.00111243 0.129038 0.0623081 0.000186723 0.00488944 0.0042605 2.84853e-05 0.00942167 0.0553394 0.0123353 
0.0534128 0.00342497 0.55698 1.7999e-05 0.000888748 1.05524e-05 8.52681e-05 0.00175097 0.0102487 0.00825027 0.000434983 0.167855 0.00711236 0.000277315 0.045669 3.69214e-05 1.05495e-05 0.109619 0.0329773 0.000938095 
0.145564 0.0179358 0.0908306 3.57837e-05 0.0237657 0.000107757 0.0175745 0.0568582 0.00666525 0.0333476 8.64455e-05 0.110395 0.337416 3.94577e-05 0.103911 0.00101338 2.77764e-05 0.0272434 0.0271329 5.00585e-05 
3.75266e-07 0.00644924 0.13878 1.05896e-07 0.000246965 2.2038e-11 1.70295e-11 1.32465e-07 0.32039 5.99665e-07 1.45167e-07 0.0984228 5.39169e-12 9.51139e-08 2.85887e-06 2.88261e-07 5.38853e-12 0.435706 5.4367e-07 3.08623e-11 
0.00670595 0.00793571 0.00271867 1.82928e-07 0.0103314 6.27096e-11 4.84576e-11 5.19987e-08 2.70189e-08 0.472664 2.36069e-06 0.000387707 1.53422e-11 3.02727e-08 1.57488e-07 0.000908208 1.53331e-11 0.493196 0.00515012 1.32313e-07 
0.0165764 0.0101806 0.0530285 0.0059727 0.00128348 0.000380007 0.00262337 0.00331894 0.0328255 0.0509687 0.000184643 0.0356166 0.0146639 0.00253724 0.0996894 0.000715628 6.41538e-05 0.020931 0.648299 0.000139961 
0.000895836 3.81206e-05 0.00428963 0.000308069 0.0123006 3.22441e-06 0.00058101 0.000813028 0.505832 0.00108385 2.53008e-06 0.00165242 0.000116191 0.000503355 0.00157533 1.05558e-05 6.89139e-07 0.203125 0.266457 0.000411073 
0.00830756 0.010477 0.000412938 4.39639e-07 0.000355202 0.00153267 8.90952e-05 1.35198e-05 1.19956e-05 0.00197003 2.12326e-08 0.971655 0.000505514 6.81038e-07 0.000558916 0.000101244 1.12263e-08 0.00367757 0.000330938 4.25622e-08 
0.043547 0.141583 0.174495 3.62553e-08 0.0200832 4.57614e-06 0.0372245 8.22069e-07 0.00178393 0.0704403 6.88736e-06 0.181501 0.188551 1.93368e-08 0.00299514 5.53325e-06 7.01228e-09 1.3104e-05 0.00767044 0.130094 
0.750848 0.00764011 0.00369868 6.87047e-08 0.0047884 1.10994e-06 5.15863e-06 0.000868375 0.00293245 0.00198122 4.93663e-05 0.119814 0.00240038 4.25193e-05 0.0400445 0.000387862 2.15395e-08 0.0625532 0.00138749 0.000557971 
0.0148423 0.00665913 0.750823 0.000106656 0.0168255 1.31189e-05 0.000208157 0.0409104 1.48702e-05 0.0943279 8.02449e-05 0.0281697 0.0135426 0.000157744 3.35633e-05 0.00283 6.65153e-08 0.0289065 0.00154854 3.8096e-07 
0.0229858 0.0324865 0.0791416 0.00360025 0.000277584 9.63146e-06 0.000113776 0.0064262 0.00475782 0.557593 1.08929e-05 0.039516 0.00245185 0.000511192 0.0144628 0.006376 9.40875e-06 0.212477 0.00775228 0.00904074 
0.0821819 3.38214e-06 0.026947 1.7998e-09 0.0790928 1.42369e-09 1.10013e-09 7.24622e-07 0.0317001 0.000622424 0.00529583 0.0183932 0.700364 9.59929e-10 3.20037e-06 0.00399598 3.48107e-10 3.83311e-06 0.0513956 1.99375e-09 
0.0254902 0.0626511 0.129829 0.000957058 0.00346295 3.27289e-06 0.0013742 0.0140222 0.00280945 0.64578 0.00641248 0.0212646 0.000886711 0.00263992 0.00211277 0.00335798 1.0496e-07 0.0641907 0.0127421 1.40715e-05 
3.75266e-07 0.00644924 0.13878 1.05896e-07 0.000246965 2.2038e-11 1.70295e-11 1.32465e-07 0.32039 5.99665e-07 1.45167e-07 0.0984228 5.39169e-12 9.51139e-08 2.85887e-06 2.88261e-07 5.38853e-12 0.435706 5.4367e-07 3.08623e-11 
0.000265664 0.00219975 0.0664164 0.00121106 0.00770677 1.27466e-11 3.34797e-06 1.4047e-07 0.0399109 0.00564199 1.04941e-11 0.608777 3.11852e-12 7.80896e-09 0.139876 0.000490509 3.11669e-12 0.116667 0.0108346 1.78505e-11 
0.00508738 6.93344e-05 0.0274739 0.0560676 0.0204777 5.73758e-05 0.000677379 1.46499e-05 0.0187278 0.00385035 4.71134e-06 0.00635399 0.142407 0.000597385 0.00658521 9.02497e-05 3.50835e-06 0.0623747 0.649055 2.50516e-05 
0.0160306 0.342767 0.040188 4.83948e-05 0.00190103 0.000138826 0.000105746 0.00153342 0.00143945 0.14694 1.9541e-06 0.00700107 0.0322998 0.000133388 0.00589611 0.380542 3.81368e-07 0.0212821 0.00175009 4.3554e-07 
0.0109584 7.30598e-05 0.0436389 0.0450662 0.018997 0.00099643 1.27143e-05 0.000720725 0.00569895 0.0569045 0.000252114 0.101643 0.000347171 0.00095621 0.0122806 0.0042763 3.74833e-06 0.0835713 0.613535 6.6941e-05 
0.0121117 0.0205576 0.0369403 0.000266276 0.00937877 6.75807e-05 0.000272024 0.000513361 0.0840948 0.0664481 0.000372395 0.061123 0.00826322 0.000127321 0.139325 0.00567707 2.39395e-05 0.402993 0.150828 0.000617133 
0.00469417 0.000300518 0.0116955 9.10508e-05 0.00791145 3.27527e-06 0.00147407 0.000174759 0.0349563 0.0114535 0.000173457 0.00734879 0.00101104 0.00017072 0.522678 0.00588751 2.61809e-07 0.337302 0.0526728 6.70412e-07 
1.14016e-07 5.50705e-05 0.000551993 4.71979e-10 0.954999 3.73348e-10 7.26356e-06 0.000988325 0.00402383 3.10026e-05 3.07372e-10 0.00751834 6.91905e-05 2.51731e-10 0.00591856 5.29331e-05 9.12874e-11 0.0246564 0.00112754 5.2284e-10 
0.83382 0.00497864 0.00113004 8.29569e-05 0.0113251 4.116e-05 9.79955e-05 7.29304e-05 0.000159738 4.71064e-05 7.98932e-05 0.0917892 0.000766207 7.81895e-07 6.4836e-05 0.000146906 1.18655e-08 0.0150698 0.0402876 3.85166e-05 
0.0264211 0.0079597 0.0282532 0.000171905 0.0292555 1.13543e-10 2.01776e-05 5.54487e-05 0.000161756 0.470583 0.0026952 0.00980085 5.31624e-05 3.46099e-07 0.00183631 0.00288422 2.77625e-11 0.403456 0.0163699 2.24387e-05 
0.00079813 0.00505003 0.0245203 3.71673e-08 0.000403554 1.04755e-06 2.67406e-08 8.19911e-05 7.51694e-05 0.910778 1.24698e-05 0.00347093 0.000776694 3.64532e-05 6.38763e-07 0.0165935 1.67385e-09 0.0368064 0.000594904 1.11633e-07 
0.00129989 0.00542677 0.122898 9.93207e-05 0.00442204 0.00246586 0.0736056 0.00142244 2.8965e-05 0.119549 1.952e-05 0.00120335 0.657938 0.000301899 0.000499501 0.000827248 7.17665e-08 0.00171406 0.00627832 4.11036e-07 
0.0894173 0.000930526 0.283788 0.00161182 0.0610814 2.63685e-05 1.12786e-06 2.8116e-07 0.0111134 0.0112388 2.60904e-07 0.126454 0.110887 1.76221e-06 0.0208748 3.06326e-09 2.09586e-09 0.272794 0.00976102 1.89773e-05 
0.677249 0.00519863 0.00462948 0.000633563 0.00512625 9.68387e-05 0.00607498 0.0102966 0.00158744 0.0161766 0.000231256 0.121448 0.00923435 0.000146585 0.00806488 0.00164867 3.03197e-06 0.0114454 0.0487636 0.0719446 
0.0219828 0.00984602 0.0163517 0.000568976 0.00942772 0.000232661 0.040286 9.15294e-05 8.71625e-08 0.0262445 0.000326816 0.0312871 0.555092 0.000297916 0.0033433 0.00230558 8.38939e-08 0.157621 0.123308 0.00138624 
0.00670595 0.00793571 0.00271867 1.82928e-07 0.0103314 6.27096e-11 4.84576e-11 5.19987e-08 2.70189e-08 0.472664 2.36069e-06 0.000387707 1.53422e-11 3.02727e-08 1.57488e-07 0.000908208 1.53331e-11 0.493196 0.00515012 1.32313e-07 
0.724497 0.0016109 0.0143736 1.52547e-08 0.00224359 8.1935e-05 0.00735519 1.10712e-07 0.00176696 0.0068785 7.0718e-06 0.218657 0.000668643 2.65253e-05 0.00203426 8.54275e-06 1.3144e-08 0.018881 0.000900891 7.9906e-06 
0.0610079 0.0152272 0.170854 0.00191497 0.0687245 0.00103034 0.000360039 0.00408987 0.0019693 0.460322 0.000172885 0.0514616 0.0350946 0.00406264 0.00100367 0.00660568 8.85042e-05 0.0863529 0.0228137 0.00684339 
0.705599 0.0237243 0.0525515 0.000724456 0.0166361 0.0199213 3.99307e-05 0.00319106 0.000430067 0.04157 0.000393579 0.0238552 0.0460733 0.000395707 0.011138 0.00121395 3.70298e-05 0.0335717 0.0146521 0.0042818 
0.628524 0.000133446 0.000484563 0.000399437 0.284025 5.25526e-05 7.20219e-06 1.76027e-06 0.0254214 0.000110581 9.84196e-07 0.0367504 4.26883e-07 1.30849e-08 0.000592378 7.69308e-07 4.74509e-09 0.0123397 0.0111453 9.64704e-06 
0.0154302 0.00059127 0.0510978 0.000188136 0.0110248 1.54663e-07 0.000269963 2.76512e-06 0.00160204 0.0447692 0.503439 0.0909923 0.0704105 7.7035e-08 0.00673353 9.08458e-06 7.33871e-08 0.0142244 0.189214 1.31662e-06 
0.0581906 0.00467283 0.0411692 6.23602e-08 0.00150563 4.93642e-08 6.69472e-05 3.4725e-06 0.146196 0.197866 6.04806e-07 0.0028231 0.00171543 0.00655649 0.0153167 3.9334e-06 2.65308e-11 0.509592 0.0142688 5.25683e-05 
3.01309e-06 0.00112887 0.00060838 0.977731 0.00530852 1.70418e-06 1.32267e-05 4.71358e-07 0.000111721 2.72814e-06 2.31887e-06 6.42044e-06 0.000251887 1.14905e-06 1.38324e-06 0.00493481 4.16691e-07 0.00451407 2.5724e-06 0.00537561 
0.0411345 0.0399126 0.0666964 0.000879551 0.000665312 0.000228604 0.00361398 0.0802 0.0125846 0.0690735 0.00113664 0.0336387 0.476648 0.0020471 0.0389242 0.0188838 5.31254e-05 0.0988549 0.014661 0.000163325 
0.222942 0.202835 0.00672067 0.00128668 0.011998 9.84005e-06 0.00354411 0.00197534 0.0273443 0.0259651 0.0439514 0.299468 0.0159682 0.000939185 0.0337429 0.000263134 9.78486e-06 0.0748096 0.0261535 7.29614e-05 
0.0313495 0.000724339 0.0102713 0.000206894 0.0952281 6.78732e-05 0.00516225 0.00521248 0.024566 0.0296717 0.000919867 0.0395255 0.0117881 0.000173537 0.00269302 0.00058529 4.58832e-06 0.126237 0.615543 6.95259e-05 
0.0836095 0.0207592 0.0638873 3.15302e-05 0.264333 5.15296e-06 1.07647e-05 0.00884528 0.0714229 0.0795282 0.000209493 0.131874 0.018147 0.000512694 0.00505716 0.0044309 1.43406e-06 0.157773 0.0895565 4.86703e-06 
0.10272 0.0166545 0.00447839 3.86936e-05 0.000849437 1.93675e-05 0.000243755 0.00011424 0.000873396 0.0082022 2.98682e-05 0.211496 0.0022575 2.50377e-06 0.224996 0.000773205 9.4227e-07 0.00710956 0.419125 1.53809e-05 
0.160222 0.0682693 0.0245896 0.000390199 0.017937 0.000103568 0.00404595 0.00386636 0.0141925 0.0298497 0.000510006 0.496622 0.0103881 0.000259219 0.0270958 0.00259041 6.97762e-05 0.0867255 0.0517122 0.000561296 
0.00156057 0.166494 0.251184 2.36894e-11 0.00546938 4.7035e-06 0.000487278 0.00180514 0.00113352 0.349853 1.54276e-11 0.0239067 0.000143823 0.000619278 0.0156736 0.0468048 4.58188e-12 0.133301 0.00155888 2.62422e-11 
0.000184841 0.00288906 0.000469263 0.000183836 4.65543e-05 3.56178e-09 0.00146214 0.22022 3.29361e-08 0.706373 1.35015e-05 0.000689633 0.0668478 8.91247e-08 2.57257e-05 0.00047462 2.36778e-11 1.07262e-05 0.000108925 1.35613e-10 
0.009145 0.0125172 0.0346736 1.51941e-05 0.0535514 1.77997e-10 4.32833e-08 9.70385e-06 0.00751945 0.0270808 8.26494e-05 0.325924 0.000863499 2.91217e-06 0.32554 1.7951e-05 4.35222e-11 0.186087 0.0169685 2.49269e-10 
0.1541 0.00656168 0.00404605 7.75922e-06 0.024283 1.18813e-06 2.12766e-06 0.0279536 0.00511192 0.0526537 0.000179395 0.517886 0.0110832 1.59487e-06 0.0328298 0.0222533 1.42215e-07 0.13386 0.00717933 6.09094e-06 
0.00819266 0.00103205 0.013616 6.92112e-09 0.00998706 4.46945e-08 0.000119581 0.0107086 0.00346601 0.00530336 1.502e-08 0.246748 7.25278e-09 8.8303e-05 0.015848 0.00427601 5.57536e-13 0.0128077 0.667807 3.19323e-12 
0.012477 0.0594271 0.128872 8.2453e-09 0.00244018 6.52225e-09 5.03994e-09 0.00152349 0.000163976 0.411447 5.36968e-09 0.060231 1.87047e-06 4.39765e-09 0.00131199 0.000288529 1.59476e-09 0.321815 4.05199e-07 9.13382e-09 
0.331557 0.0013325 0.0300896 0.00657082 0.00535217 0.504899 0.00396015 0.00265091 0.00904393 0.0134351 0.00339317 0.0130988 0.00642534 0.00285338 0.0110373 0.000508698 5.5667e-06 0.0200249 0.0336388 0.000122427 
0.00324369 0.0744243 0.640344 2.0418e-06 2.58797e-06 1.97706e-06 0.000250728 0.00511193 6.94495e-07 0.0781011 6.19633e-07 0.101338 0.0126318 0.0332666 0.00432123 0.000953741 1.36125e-07 0.033652 0.0123479 4.75223e-06 
0.00697754 0.0314682 0.158403 5.10364e-05 0.0161603 5.92239e-07 0.00619258 4.98015e-07 0.00613356 0.218465 0.00528447 0.134454 0.346839 0.000459574 0.00160771 0.000575094 1.86919e-07 0.018534 0.0483926 1.63332e-06 
3.75266e-07 0.00644924 0.13878 1.05896e-07 0.000246965 2.2038e-11 1.70295e-11 1.32465e-07 0.32039 5.99665e-07 1.45167e-07 0.0984228 5.39169e-12 9.51139e-08 2.85887e-06 2.88261e-07 5.38853e-12 0.435706 5.4367e-07 3.08623e-11 
0.000652681 0.000604718 0.00592443 7.28346e-05 0.0208237 2.69498e-05 0.000283915 0.000123284 0.000361843 0.0066642 4.17749e-05 0.0114794 0.00297501 0.000362216 0.0067809 5.03086e-05 8.27569e-06 0.0360088 0.906728 2.69033e-05 
0.854603 0.0113252 0.00235135 1.21235e-06 0.00124098 5.4967e-08 0.0530116 3.12404e-07 1.02116e-06 0.0111575 2.22457e-06 0.000459646 0.0439418 5.12054e-07 0.000294243 0.000312127 4.97968e-10 0.0193945 0.00190154 1.342e-06 
0.0316039 3.30335e-06 0.108683 9.42535e-07 0.241976 4.46905e-10 1.28208e-06 1.95946e-07 0.0497151 0.0670691 5.00218e-07 0.00551981 0.350863 1.07512e-06 0.0304352 5.44292e-06 1.09273e-10 0.0123497 0.101772 6.25851e-10 
0.0183293 0.000182045 0.202167 2.92332e-06 0.00268935 1.29522e-05 4.51337e-05 0.00368406 0.000112638 0.0397531 6.83107e-06 0.103937 0.0903791 7.83631e-06 0.00787261 0.000928204 4.02816e-07 0.529861 2.66688e-05 2.30709e-06 
0.727903 0.000902331 0.00633253 3.90085e-05 0.0190585 0.000207763 0.00147338 0.00975435 0.0004861 0.0416723 0.00310591 0.0144904 0.0164676 0.00724456 0.0296654 0.00314164 1.87889e-05 0.0997272 0.0177404 0.000568708 
0.0257669 0.00490017 0.0128902 0.000155512 0.57378 1.49861e-05 0.000133234 0.00706941 0.00147651 0.128306 0.00377354 0.0167479 0.00185604 6.9663e-06 0.000790079 0.000485626 5.13489e-06 0.180429 0.00875221 0.0326602 
0.643855 0.0109729 0.071637 1.11658e-05 0.00253265 9.59256e-06 0.00481987 0.00495748 0.0250949 0.133775 2.69528e-05 0.0527262 0.00157326 0.00010933 0.00259526 0.00170603 4.20397e-06 0.0203251 0.0232635 5.39584e-06 
0.0880744 0.000210773 0.0254126 0.000133695 0.216856 6.47675e-05 2.65956e-05 0.000762209 0.010057 0.0304367 0.000763536 0.0227063 0.00748661 0.000171295 0.0157315 0.000823417 6.89414e-06 0.25178 0.317839 0.0106573 
0.170535 3.13534e-06 0.0481188 2.52743e-05 0.00648857 1.61043e-09 1.24443e-09 0.000197917 0.130818 0.0409791 1.29012e-07 0.0852217 3.93644e-06 1.08584e-09 0.118622 5.13921e-07 3.93766e-10 0.396678 0.0023086 2.25526e-09 
0.00136286 0.00864149 0.0420074 9.27994e-09 0.000687387 2.58939e-07 6.88077e-09 0.000138022 0.000126794 0.916422 1.96261e-05 0.00594038 0.00132579 6.02421e-05 1.71304e-07 0.0055955 1.37965e-10 0.0166554 0.00101641 3.14495e-08 
0.0105367 4.2727e-07 0.025763 5.41138e-10 3.31001e-07 0.00604354 3.30771e-10 0.0012025 0.0042946 0.0720152 0.000420201 0.24515 0.00256843 2.88617e-10 0.00444496 0.626678 1.04664e-10 0.000735912 0.000146533 5.99452e-10 
0.0595734 0.0135409 0.023521 3.10472e-05 0.000276069 0.00727006 6.41013e-05 0.000216167 0.00878302 0.056579 0.00532708 0.0064625 0.764751 0.0190502 0.00252329 0.0083508 1.9423e-05 0.0101241 0.0135005 3.61276e-05 
0.0114402 0.00618279 8.56445e-05 2.5365e-11 0.00101646 2.51594e-07 4.7116e-05 2.28169e-08 0.000321447 0.935523 3.2895e-06 0.0393218 0.000231151 8.89221e-10 0.000157412 0.000953509 4.90594e-12 0.00265406 0.00206207 5.99619e-10 
0.0429686 0.00129937 0.0481157 0.000185272 0.0221713 0.000170687 0.0200485 0.017673 0.125542 0.00891583 0.0040437 0.170759 0.00401738 0.0126807 0.147167 0.00560388 0.000168397 0.162952 0.203893 0.00162442 
0.000828302 0.0862858 0.039385 1.48309e-05 0.00263569 2.51283e-05 1.12402e-05 0.0134 0.002171 0.812831 0.000385327 0.00511662 0.00528373 2.70137e-05 0.00114773 0.00106975 2.38386e-06 0.0174208 0.0116028 0.000355954 
0.0827376 0.0133486 0.121676 3.00011e-05 0.00479631 5.4404e-05 0.00160697 0.0338793 0.00433178 0.0556616 0.000645917 0.467722 0.0125223 0.000922505 0.0740086 0.00867988 1.37515e-05 0.0301301 0.0801047 0.00712719 
