0.0446686 0.00613937 0.57116 0.000406165 0.00150417 8.068e-09 0.00010614 0.00406316 0.00340331 0.0746854 0.000680156 0.0236119 0.0135701 0.00532533 0.103729 0.00834456 3.59955e-05 0.114837 0.0237036 2.56904e-05 
0.0431313 0.0548182 0.0324859 3.01559e-05 0.0133796 1.06959e-08 0.00143204 0.0624597 0.00332677 0.633561 5.81674e-05 0.0545953 0.0294354 2.92214e-05 0.0366113 0.00160356 2.17653e-05 0.0264397 0.00656478 1.58349e-05 
0.234089 0.0490023 0.0631289 2.14129e-06 0.0392852 8.13501e-07 5.2094e-10 0.00272951 0.000611643 0.0838864 0.000265688 0.0821951 0.189692 8.16085e-05 0.0498073 3.20314e-07 6.94302e-08 0.163488 0.041733 2.72592e-07 
0.0827714 0.00494281 0.310551 1.70586e-06 0.000400827 3.20954e-06 0.000280152 0.000111875 0.0433433 0.0207089 6.37553e-06 0.0127873 0.03628 0.000368491 0.317714 0.0449454 1.76436e-06 0.0635003 0.0612807 4.51682e-09 
0.0411083 0.110932 0.0291333 0.000326175 0.0375983 2.80335e-05 0.000195322 0.042984 0.0164619 0.526414 0.000943748 0.0521197 0.00617851 0.00173823 0.00886068 0.018815 5.33699e-06 0.0791099 0.0144145 0.0126333 
0.0734932 0.149772 0.0323636 9.26912e-05 0.00681373 6.1247e-05 0.00372066 9.32127e-05 0.0435715 0.603073 5.54644e-05 0.014195 0.00277864 0.000673534 0.00295923 0.021086 3.54e-07 0.0410632 0.0041333 3.17463e-08 
0.124838 0.00245676 0.0267187 0.000148596 0.0111397 1.77629e-05 0.00237291 0.00106694 0.0314884 0.008393 0.0278905 0.0276036 0.00459395 0.543577 0.133978 5.00614e-05 1.11153e-05 0.0227154 0.0309384 1.83281e-07 
0.0367904 0.0277623 0.0235013 0.021498 0.00596723 0.000136815 0.0156234 0.00226274 0.186455 0.0790416 0.240456 0.0413898 0.0278933 0.0439151 0.0870414 0.000988248 0.000315571 0.0703753 0.0885762 9.70323e-06 
0.00746691 0.0511008 0.523578 2.9637e-07 0.0317389 1.91315e-06 0.000164287 0.172482 0.0113124 0.0636937 1.91699e-06 3.06744e-06 0.0325878 0.00438325 0.00127894 1.74293e-05 1.41629e-08 0.0490619 0.0511259 4.58368e-07 
0.0704322 0.00451795 0.00639927 7.23554e-07 0.00211561 1.9815e-06 0.000394708 0.00682098 0.00189213 0.0308764 4.74115e-05 0.095634 0.759951 0.000329392 0.00600593 3.28356e-05 2.24056e-05 0.0023796 0.00653689 0.00560858 
0.00817472 0.045185 0.248381 9.15598e-09 0.0140023 9.93504e-05 0.00114958 0.000906615 0.00447222 0.581212 0.000421909 0.00648233 0.0502448 0.000274618 0.00571263 0.0236311 0.000165402 0.00595922 0.00329424 0.000230675 
0.000188152 0.0630942 0.0139668 3.98559e-07 0.00271367 1.75498e-05 0.000284101 0.0248608 0.0033147 0.730237 2.03211e-07 0.00407144 0.000208772 0.00110293 0.00432013 0.0568165 2.01639e-06 0.0488259 0.0459237 5.11606e-05 
0.003563 0.00074231 0.108763 4.58405e-08 0.0338529 0.000473686 0.000371183 0.0018045 0.0140587 0.0224402 7.98575e-05 0.0333441 0.048267 0.00177953 0.271994 0.00710058 7.34232e-06 0.199786 0.251572 6.83835e-12 
5.25653e-05 0.000154166 0.00566426 5.00643e-06 0.00213269 4.01037e-05 0.000136248 0.0344975 0.082884 0.0393842 0.00224211 0.00950402 0.0237716 9.80319e-05 0.288899 0.0228105 3.99178e-05 0.464658 0.0230259 5.30023e-08 
0.000103914 0.0407946 0.00648159 7.7311e-06 0.00134028 5.89275e-08 1.31525e-05 0.000501482 0.00717885 0.127107 1.64722e-06 0.0599754 2.08855e-07 1.36962e-05 0.155043 0.00799671 6.84996e-09 0.590266 0.00317445 3.13745e-07 
0.00572996 0.0318903 0.0122192 1.55149e-06 5.41996e-05 0.000239346 0.000142557 0.00119279 4.88464e-05 0.124552 0.000417975 0.00262547 0.805218 0.000362854 0.00297237 0.000320799 4.98678e-06 0.00895061 0.00120201 0.00185434 
0.000602364 0.00414878 0.140921 2.73962e-06 3.13239e-05 6.06186e-08 0.00638266 0.0963336 0.0029307 0.413381 4.75572e-05 0.0023938 0.021147 8.49256e-06 0.00650969 0.295149 2.57049e-07 0.00155358 0.00845602 1.10109e-09 
0.0147817 0.0869302 0.1102 0.00575839 0.00126747 2.45274e-05 0.00140639 0.0806553 0.0114945 0.464214 0.000247723 0.0544947 0.0200859 0.00270294 0.0489812 0.0139092 5.69961e-05 0.055029 0.0277592 1.42495e-07 
0.000217808 3.90424e-05 0.253655 1.14167e-08 1.66458e-07 3.43192e-10 2.2292e-06 0.00554832 0.0101775 0.213864 4.87153e-08 0.00247746 0.00354798 2.3454e-07 0.00577724 0.492941 5.51173e-09 0.00276536 0.00898657 4.8061e-10 
0.0622982 0.00918071 0.00802269 6.87413e-05 0.071403 5.29161e-07 0.00175816 0.00141968 0.00470227 0.0803342 0.000113483 0.139542 0.0112875 0.000482983 0.476175 0.00124969 6.73157e-05 0.0431669 0.0886539 7.32698e-05 
0.0154721 0.0164103 0.0388418 0.000143116 0.00256445 0.00427531 0.0022083 0.0152391 0.00743091 0.714627 0.00202302 0.0302144 0.0366677 0.0129388 0.0345563 0.00814619 8.40836e-05 0.0228959 0.0351944 6.69375e-05 
0.0302038 0.0087157 0.275789 1.91924e-08 0.025633 2.62897e-07 0.00075234 0.00160415 0.0251862 0.207124 1.7123e-05 0.0409754 0.111643 5.39945e-05 0.14512 0.000282189 1.07594e-06 0.0719536 0.0200856 0.0348596 
0.00986036 0.0136487 0.0871832 0.00013521 0.000867302 0.000209321 0.000177587 0.0109106 0.0094364 0.0585828 7.72858e-05 0.0556488 0.643729 0.000257121 0.0606836 0.0019048 8.44575e-05 0.0123497 0.0342532 1.69114e-07 
0.0570373 0.00324165 0.0857103 0.00140532 0.11006 0.000548485 0.00347474 0.00469006 0.00564194 0.0294966 0.155297 0.0200949 0.209805 0.0178801 0.0170783 0.00140115 0.000557556 0.0448349 0.231744 2.60981e-10 
0.0758275 0.00186166 0.00743093 0.00287919 0.00205256 0.000228859 0.00185946 0.00373223 0.0103994 0.0076473 0.00251667 0.116674 0.00259952 0.000215603 0.0542298 0.00215506 2.77787e-05 0.0257993 0.681864 4.67603e-11 
0.057224 0.0905559 0.0420751 0.00218738 0.000726358 0.0050455 5.85781e-05 0.000976544 0.00228715 0.198453 0.015819 0.132201 0.269675 0.000288486 0.00833405 0.00142703 3.7828e-05 0.0288844 0.143734 9.88653e-06 
0.0396855 0.00714048 0.0790698 4.95094e-10 0.0250064 8.42921e-07 0.181197 6.03574e-11 0.0180639 0.0132944 0.00029978 0.418143 0.000277913 2.6406e-10 0.0255786 0.000172565 9.57582e-11 0.183169 0.00890038 5.48446e-10 
0.00172158 0.0002137 0.0247032 1.55614e-05 0.0016677 0.000209571 7.50273e-05 0.000946827 0.0182496 0.00150703 1.69921e-05 0.0720222 0.00320903 0.000165812 0.252253 0.000153256 1.52591e-05 0.300326 0.322529 5.10148e-11 
0.000100638 0.000453341 0.0412234 0.140993 0.000331488 2.01646e-06 7.88837e-06 0.0189738 0.00499164 0.106208 0.652744 0.00122212 0.00220612 7.80699e-06 0.00156321 0.0211064 1.42795e-06 0.00724247 0.000621429 3.13013e-08 
0.275824 0.0106566 0.0338672 0.287772 0.0045241 9.80461e-11 0.000895181 0.000774161 0.00721971 0.0619961 1.327e-05 0.0789143 0.00114028 0.000663559 0.000258009 0.00646323 5.07719e-06 0.173475 0.0555395 1.37305e-10 
0.000422147 0.0322351 0.607412 5.72129e-05 0.00252476 2.72145e-05 5.90248e-05 0.000435551 0.00114517 0.0454911 1.23817e-05 0.0153389 0.141906 6.41573e-05 0.00035145 0.00563262 1.26396e-05 0.076209 0.0706629 1.07656e-07 
2.78557e-08 9.68038e-09 0.00347803 1.38159e-08 0.319124 2.20876e-08 0.000522898 5.85419e-06 0.0820189 0.000642747 4.59539e-09 0.0190493 0.000228383 2.53947e-08 0.0154982 1.63677e-08 6.25328e-09 0.316979 0.242452 9.12227e-07 
0.00651199 0.0114427 0.120009 6.81799e-05 0.00222762 1.1085e-06 7.24647e-05 0.0277247 0.0334551 0.0449896 0.000328123 0.525163 0.00247607 6.79691e-05 0.0883428 0.00658303 2.59106e-05 0.0860622 0.0444478 5.37999e-10 
0.0478285 0.00185987 0.00248172 1.14667e-06 0.2557 0.000167485 0.0655074 0.00042292 0.0825555 8.21578e-06 3.62488e-09 0.00588505 1.7187e-06 1.32163e-06 1.04015e-05 1.25605e-06 1.96677e-07 0.49843 0.0391374 6.16592e-09 
0.0370304 0.000261205 0.0345215 3.08962e-08 0.000735348 3.74489e-09 1.31011e-08 2.52983e-07 0.150315 0.000330872 3.84274e-08 0.0202145 0.000415376 0.00468987 0.0890183 6.47529e-08 9.69008e-09 0.529534 0.132933 3.08311e-12 
0.0527238 0.0437426 0.00946946 0.00179925 0.0420273 4.08665e-09 0.000950407 0.000952537 0.000736027 0.615022 1.30798e-05 0.0716162 0.0199943 3.87011e-07 0.000248135 0.000121349 2.32043e-07 0.13122 0.00936252 9.56523e-07 
0.000229024 0.0215567 0.012273 0.000158796 0.0078193 1.44171e-06 0.000994425 0.000202305 0.0412359 0.00284074 0.000898348 0.0388092 0.00422946 0.000573321 0.0363956 0.0481684 0.000136299 0.749184 0.0342935 3.51685e-08 
0.0297205 0.0237173 0.0198514 1.89634e-05 0.000234286 9.69997e-12 7.99202e-05 8.73784e-06 0.00646316 0.0514992 3.25864e-08 0.320563 0.000241735 2.84505e-08 0.12815 0.00205139 8.27134e-09 0.401555 0.0158458 1.35839e-11 
0.0557473 0.0539021 0.00570677 0.000970596 0.0545829 3.23375e-05 0.000847663 0.0077737 0.0115716 0.0767745 0.00585836 0.0836116 0.0118591 0.000584144 0.0149548 0.00743629 0.000221721 0.0804947 0.52707 1.3949e-10 
0.024395 0.114051 0.0195768 0.00163034 0.000567834 2.02639e-07 0.000351404 0.00799168 0.179736 0.033427 3.36924e-05 0.304293 0.00119766 0.000743404 0.0131825 0.00209278 1.93196e-05 0.258471 0.0382385 1.40507e-11 
0.00185252 0.00314985 0.868249 4.39811e-07 0.00131586 3.47902e-07 1.60578e-05 0.0026093 0.00022595 0.0952826 1.35669e-05 0.00706347 0.00010437 2.34575e-07 0.000604567 0.00117497 8.50658e-08 0.0156258 0.00271053 4.87206e-07 
0.0188285 0.00522359 0.0399966 4.01783e-06 0.000604088 0.000141825 8.71077e-05 0.00934521 0.0037814 0.588964 0.00105612 0.169458 0.0398744 0.000461563 0.0224775 0.0159842 5.08981e-06 0.0152818 0.0684249 2.39523e-07 
0.0887708 0.00298656 0.0168923 0.000522128 0.00237108 2.90883e-05 2.70684e-07 0.000261126 0.319783 0.0251215 0.00962533 0.0283546 0.00602129 5.5633e-08 0.0415447 0.101265 7.04784e-08 0.34703 0.00942108 1.4019e-10 
0.0140396 0.002749 0.0277165 0.000286229 0.0119942 2.08494e-06 0.000944174 0.0106749 0.0206213 0.0803055 7.19624e-05 0.00607547 0.000567817 6.81781e-05 0.256042 0.0579558 1.371e-07 0.455853 0.0229618 0.0310696 
0.00560225 0.0356721 0.0538436 2.35689e-05 0.000477148 2.18491e-07 2.18692e-07 0.00259082 0.0784987 0.104292 0.000550526 0.0885899 0.00078561 9.88446e-05 0.531511 0.00589527 6.60577e-07 0.0641666 0.0273993 8.39738e-07 
0.0850408 0.000691214 0.00464746 0.00157921 0.101491 1.76788e-05 0.000414715 0.000392603 0.0181125 0.00664238 0.000850669 0.0589237 0.00518993 2.78863e-05 0.000620357 0.000736924 2.6445e-05 0.107877 0.606558 0.0001602 
0.0110679 0.00920283 0.138246 4.34294e-08 0.00309807 2.94206e-05 3.1972e-05 0.0180924 0.00397269 0.0302434 0.00784528 0.128695 0.0191017 9.0035e-06 0.525759 0.00779237 2.54153e-05 0.0826931 0.014057 3.70546e-05 
0.0005995 0.0286317 0.0128465 7.5725e-06 0.00255437 6.74719e-09 5.27206e-06 2.22169e-05 0.00847745 0.0242137 9.9024e-11 0.242487 4.23017e-05 1.44677e-05 0.227334 0.00209646 5.91335e-09 0.441325 0.00934319 1.6844e-10 
0.832299 0.000116042 0.00246173 3.48428e-05 0.00522404 6.56132e-09 0.000117108 3.97148e-06 0.00102762 4.97302e-06 0.000342254 0.0881227 0.000631696 5.24427e-06 0.00479183 3.57425e-05 3.03949e-06 0.00595198 0.0588266 9.35496e-11 
0.0343131 0.085762 0.0387731 7.1402e-07 0.0106281 6.22135e-08 0.000483341 0.00164758 0.0153963 0.20063 0.000260965 0.0635047 0.445252 5.88514e-05 0.0211802 0.00434302 1.36227e-05 0.0475345 0.0301411 7.7052e-05 
0.0085647 0.0474666 0.0321641 0.00543484 0.00691596 1.48386e-05 0.00262678 0.0987206 0.0135176 0.4434 0.0480367 0.0148168 0.0090883 0.00231282 0.0211988 0.146263 9.48558e-05 0.0676078 0.0317548 3.17351e-07 
0.0220503 0.0168981 0.0431306 0.00298623 0.0177635 1.69233e-05 0.00181943 0.0074143 0.051148 0.0530536 0.00423207 0.236671 0.00979314 0.000957196 0.249835 0.00225999 8.7271e-05 0.246142 0.0337272 1.40759e-05 
0.0965009 0.00456308 0.080215 1.56626e-05 0.101134 2.88373e-06 5.31426e-05 0.000219342 0.0272165 0.210269 0.00189112 0.0451837 0.0559757 0.000251257 0.166465 0.00683672 3.96864e-08 0.187376 0.0158307 3.5726e-10 
0.00423134 0.000559361 0.0300654 2.17965e-05 0.209427 7.54167e-08 0.000961366 0.0019488 0.0015743 0.0110885 7.37433e-06 0.526123 0.000774352 7.71907e-05 0.0981124 0.00081415 5.76598e-07 0.061062 0.053152 2.69081e-10 
0.00523155 0.00222226 0.0210926 0.00230733 0.00348836 0.00045797 0.000123211 0.0017635 0.0183278 0.0113236 0.00165502 0.00991617 0.00998947 0.0017739 0.0852539 0.00109157 4.97854e-05 0.326746 0.497186 3.13355e-12 
0.300248 0.000913715 0.0519363 0.00771223 0.0167463 5.23646e-05 0.00204687 0.0078725 0.369731 0.0177432 0.000977026 0.0315708 0.00666029 0.00546126 0.049698 0.00374618 0.000199955 0.0970969 0.0295854 9.1536e-07 
0.0387937 0.00695999 0.0308825 0.000171136 0.122478 0.00235114 0.0230422 0.0148864 0.023757 0.0568303 0.00125458 0.0896309 0.115959 0.00471027 0.0670438 0.00430557 0.00047961 0.196772 0.199226 0.000466427 
0.049237 0.0100576 0.00756869 0.00148874 0.00591523 6.60244e-06 0.000565245 0.00219245 0.00771562 0.0371567 2.47383e-05 0.241152 0.000944289 0.000778264 0.0483523 0.00105545 1.9478e-05 0.130468 0.455302 9.25993e-10 
0.0021096 0.00587698 0.0724695 0.000136494 0.0307092 7.93663e-07 3.36346e-05 0.174494 0.00365961 0.414494 0.000394559 0.0155302 0.0104831 0.000115366 0.0622901 0.144103 2.62634e-05 0.048592 0.00936122 0.00512042 
0.0144204 0.0297717 0.0196854 0.00387457 0.00103463 1.54864e-05 0.00245974 0.142466 0.00376595 0.184154 0.00847037 0.0173146 0.0196145 0.0196077 0.0620317 0.417912 0.000392744 0.0397679 0.00989877 0.00334186 
0.0539867 0.0128355 0.0955587 0.273717 0.0110043 4.40906e-07 0.00020137 0.00355421 0.00502433 0.143457 5.6211e-05 0.0765501 0.0025578 0.00497053 0.0622137 0.0043618 2.44542e-05 0.186055 0.0638698 1.78645e-07 
0.0281733 0.0151618 0.0848985 0.0768186 0.0134616 0.00776946 8.73804e-06 0.0045694 0.0211984 0.058357 0.242346 0.34841 0.00272058 0.00335974 0.013949 0.00217807 0.000456099 0.0381841 0.0379796 5.85752e-08 
0.185096 0.0287332 0.0443264 0.000435503 0.0265528 6.09755e-09 0.000795599 0.0031885 0.0127685 0.0753616 0.000341515 0.191687 0.00295198 0.000398368 0.00790198 0.000617348 7.69889e-06 0.0028299 0.393367 0.0226388 
0.162098 0.00432466 0.0342875 6.0917e-05 0.0257602 1.74309e-05 3.56481e-05 0.00222741 0.0347618 0.0459449 0.000318786 0.0810436 0.0014997 0.000348628 0.197203 0.00507683 6.3361e-06 0.343568 0.0542733 0.00714316 
0.0151467 0.00031405 0.0262788 9.35277e-05 0.0383652 9.85575e-07 4.43806e-05 0.00566007 0.000453693 0.00745215 0.000425583 0.0638486 0.00501594 0.00134487 0.759407 0.000560936 1.19684e-05 0.018937 0.0168399 0.039799 
0.00396848 0.0047675 0.135331 0.000212985 0.00364146 9.06509e-05 0.000421544 0.000514593 0.0113383 0.0392184 1.09001e-05 0.0138203 0.72639 0.0009565 0.0156959 0.000253032 5.68905e-05 0.00465663 0.0385569 9.79919e-05 
0.413073 0.00740545 0.0152433 0.00422366 0.00413287 9.87889e-07 0.00339135 0.00136193 0.0146781 0.0125155 0.00106384 0.0942633 0.0110517 0.137785 0.0890687 0.000683983 0.000187109 0.0934658 0.0961889 0.000216117 
0.0200801 0.0092752 0.00351402 9.48205e-05 0.00782186 1.06869e-08 0.0024193 0.241409 0.000777487 0.397128 5.80971e-05 0.00659501 0.000490215 2.72783e-05 0.0134401 0.278582 4.97759e-06 0.0170904 0.00119248 4.01715e-10 
0.00954878 0.00353178 0.0328412 0.00202363 0.163114 0.000155135 0.000746141 0.00537279 0.00793117 0.0223971 0.00180548 0.176096 0.0145113 4.37327e-05 0.0557785 0.0048792 0.000123898 0.215395 0.283706 3.19766e-08 
0.0225835 0.00329074 0.0699973 6.10499e-05 0.00429989 0.00078993 1.17523e-05 0.00151879 0.0079162 0.0136551 0.000165418 0.0329841 0.0152563 0.000249814 0.0853903 0.0022262 1.61576e-05 0.251784 0.487803 6.19551e-07 
0.0257631 0.00179063 0.0580648 0.000576982 0.0110136 2.41972e-05 0.000438111 0.00750932 0.00597066 0.0290026 0.00109005 0.117202 0.0129502 0.000841334 0.57189 0.00821537 5.8914e-05 0.0445739 0.103024 3.19453e-07 
0.062078 0.0292105 0.0281473 0.000335144 0.0219192 4.28712e-05 0.00131554 0.0254288 0.0127267 0.0672714 0.000518824 0.0805246 0.0274312 0.000568289 0.300238 0.00676015 6.4837e-05 0.045248 0.29016 1.04825e-05 
0.0103346 0.000925234 0.045867 0.000476229 0.0152244 8.45483e-05 0.000728238 0.0131374 0.202052 0.0146142 0.000254284 0.0543449 0.00613116 0.000894275 0.0731147 0.0126788 5.44227e-05 0.163605 0.385471 8.16002e-06 
0.0049562 0.049607 0.00929792 2.8405e-05 0.000970552 2.8883e-10 4.3769e-05 0.0138247 0.0147449 0.697938 9.2082e-06 0.0490307 0.00203424 0.00128494 0.0122912 0.00276695 9.99699e-08 0.112368 0.0288014 2.22634e-06 
0.174836 0.0139764 0.145357 0.000112015 0.0394391 0.000155565 4.56977e-05 0.00315674 0.0413618 0.108282 0.0017054 0.165115 0.00439176 0.000202229 0.167594 0.0462941 2.37987e-05 0.0811234 0.00682625 1.16792e-06 
0.0421927 0.0513214 0.159046 0.000463734 0.0463873 8.41085e-06 0.0023395 0.000890994 0.0050149 0.181801 0.000300027 0.105527 0.0622534 0.0081131 0.107186 0.00108983 0.000267199 0.0988149 0.126982 3.45011e-07 
0.0016736 0.00227337 0.00035774 0.000621398 0.00351715 5.63023e-07 0.000231672 6.21654e-05 0.00438624 0.0363103 7.59148e-05 0.00444707 0.615896 2.27626e-05 0.0434017 0.0217457 6.8913e-06 0.00135664 0.263613 5.55619e-12 
0.102843 0.0224067 0.0114318 0.00192802 0.0279904 1.72411e-05 0.00128602 0.0118059 0.0544641 0.017533 0.000334567 0.576304 0.0218293 0.00109147 0.0121187 0.000475182 0.000112586 0.0660157 0.0700123 4.98456e-07 
0.756255 0.00502867 0.013377 1.7411e-07 0.00357812 9.35398e-06 4.75843e-05 0.000845868 0.000324243 0.0250709 0.000529068 0.171588 0.0225201 0.000209473 0.000241529 0.000256445 3.36753e-08 4.85751e-05 6.96681e-05 1.92872e-07 
0.030964 0.00240419 0.023009 0.086429 0.019444 0.000353005 0.00123191 0.00127282 0.054696 0.0325132 0.00310626 0.218141 0.000349624 4.77254e-05 0.142145 0.00619109 1.54653e-05 0.273324 0.104362 1.82464e-11 
0.0595037 0.000636901 0.0517959 7.95421e-06 0.000479555 9.53808e-05 0.000774558 1.70569e-05 0.316074 0.00255073 0.000113136 0.0650292 0.324582 0.000174318 0.0380166 0.00086219 7.22145e-06 0.0472189 0.0919682 9.30677e-05 
0.0219767 0.00383991 0.0322987 7.10813e-05 0.00359878 1.3855e-05 8.74008e-05 2.54474e-05 0.00525836 0.00193318 0.000300468 0.397325 0.00443283 7.24571e-05 0.178591 6.87448e-05 4.0067e-06 0.304739 0.0453625 4.26754e-11 
0.00172788 0.00224711 0.000360351 0.000596417 0.00367727 4.00194e-07 0.000240048 6.36178e-05 0.00447857 0.0378457 5.37876e-05 0.00455478 0.62385 2.33677e-05 0.0307431 0.0193948 6.5303e-06 0.00139537 0.268741 5.80085e-12 
0.0311645 0.000495775 0.0153175 0.000470782 0.00219381 0.000823557 0.00528914 0.0034058 0.00801566 0.0326345 0.725594 0.0233474 0.0803054 0.00104312 0.0186366 0.00140357 0.000214041 0.00129164 0.0483504 3.11152e-06 
0.0144138 0.259252 0.0291214 9.40837e-05 0.00643188 4.89061e-06 8.38627e-06 0.0492951 0.0209238 0.0363185 6.06974e-11 0.256497 0.00875323 8.4674e-05 0.236261 0.0023689 3.21028e-07 0.00711586 0.0730551 1.03246e-10 
1.64827e-06 0.0144521 2.75435e-06 4.1562e-09 0.00246234 3.28767e-09 0.0258739 5.1506e-07 9.51915e-07 0.582437 3.68353e-07 0.000806786 3.40756e-07 0.000639482 9.89627e-06 1.8529e-06 8.03869e-10 0.371975 0.00133535 4.60408e-09 
0.758704 0.00163957 0.000248786 0.000112978 0.0026718 1.121e-08 8.64548e-05 1.05985e-06 0.000401354 0.00162464 4.03344e-05 0.0525445 0.00180848 3.26483e-05 0.00037069 2.49114e-07 2.74097e-09 0.00859292 0.0131173 0.158003 
0.0998651 0.0133911 0.0214117 5.96454e-08 0.00435305 4.71811e-08 0.0210485 6.374e-06 0.000184851 0.0345101 0.000143678 0.000356379 0.710445 6.10482e-06 2.96823e-05 0.00608509 1.15363e-08 0.0164844 0.0716792 6.60728e-08 
0.00551175 0.00778442 0.0903402 1.64513e-05 0.00511332 0.00036571 0.00317897 0.000100007 0.0153875 0.00783194 0.000726621 0.0393577 0.0173441 0.00013589 0.673273 0.00211085 6.91824e-05 0.0690291 0.0623232 3.74723e-08 
0.0358646 0.682883 0.00419677 1.31287e-05 0.000369215 0.000117924 0.00793506 5.57012e-10 0.000424819 0.0430724 1.91558e-06 0.0610256 0.123185 0.000576017 1.29057e-06 2.88156e-06 6.91776e-07 0.024268 0.016062 5.06137e-09 
0.066763 0.00273055 0.641737 0.000160168 0.00259358 0.000709233 0.000495088 5.4869e-05 0.00798088 0.167888 0.000312639 0.0544831 0.0101812 0.000236494 0.00986653 0.00112499 0.000153435 0.017044 0.0150504 0.000435823 
0.00497014 0.00635137 0.0410013 7.41696e-06 0.00382787 4.55697e-05 0.00551197 0.00944229 0.0806789 0.0450637 6.22823e-05 0.114389 0.00766871 7.45334e-05 0.178442 0.00734217 4.49133e-05 0.446797 0.0482604 1.76557e-05 
0.00293591 0.00130149 0.0738291 3.72505e-06 0.056523 0.00093054 0.000471342 0.0244505 0.0291964 0.0160326 9.66122e-05 0.0553552 0.00383539 0.000278562 0.0108835 0.006748 3.45636e-05 0.59431 0.122784 1.04905e-09 
0.0361894 0.0320597 0.623048 0.0205089 0.0193846 0.000191079 3.83686e-05 0.00292905 0.0417656 0.0528675 0.000257463 0.007519 0.0560421 0.0131124 0.00113086 0.0177379 2.80336e-05 0.0547498 0.020331 0.000109554 
0.155047 0.0120377 0.0125921 0.000240926 0.0865561 0.00108375 0.0161559 0.00955681 0.103589 0.04323 0.000177411 0.102908 0.0299122 0.000685194 0.00844726 0.0378877 0.00017089 0.101106 0.278158 0.000458499 
0.0195366 0.0110423 0.0285498 0.00108923 0.000365176 1.88911e-09 0.00247075 0.000823072 0.237951 0.00343612 0.000262207 0.0539217 0.0002034 0.000624339 0.196272 0.0395652 2.239e-05 0.390209 0.0136552 1.07967e-11 
0.0816194 0.176445 0.0183138 0.00247122 4.0094e-05 9.11002e-09 0.0011372 0.115909 0.00371252 0.0364317 9.96603e-05 0.346152 0.0426963 0.00151912 0.0465151 0.00535028 6.46576e-06 0.0693961 0.052185 6.41261e-10 
0.0783648 0.00145909 0.155721 0.00135069 0.00161297 0.000256021 0.000176052 0.015169 0.00164889 0.0271701 0.00384794 0.00524807 0.627618 0.00280106 0.0125844 0.0194395 0.000464067 0.00347556 0.0407215 0.000871232 
0.01015 0.0140836 0.022818 0.000889844 0.013701 5.33807e-05 0.0135664 0.649857 0.00882785 0.128704 0.00943395 0.0182218 0.0116623 0.000538531 0.0382055 0.00314172 7.96357e-05 0.0345224 0.0215436 1.18215e-08 
0.0147086 0.0062751 0.000110103 2.31768e-11 0.00130684 3.221e-07 4.77009e-05 2.8255e-12 0.00041327 0.92028 4.22375e-06 0.0505563 0.000297168 9.62858e-10 0.000202377 0.000485769 4.48271e-12 0.00284753 0.00246475 6.11423e-10 
0.0555081 0.0048334 0.0158283 0.000877169 0.0042887 2.49326e-09 4.00974e-05 0.011886 0.0324919 0.0368027 1.97019e-06 0.595062 0.00467368 0.000311039 0.0212186 0.000160086 1.7674e-06 0.165538 0.0504762 1.7975e-08 
0.0495787 0.0273793 0.120573 1.65437e-05 0.00449535 0.000350201 0.000250484 0.000229094 9.62586e-05 0.0883309 3.61339e-06 0.0402719 0.48189 2.60843e-05 0.0159231 0.142136 6.1043e-06 0.0275538 0.000885786 3.30237e-06 
0.0729477 0.00118716 0.0212943 0.000204685 0.222118 0.000975048 0.0271772 0.076139 0.0280625 0.00547836 0.000180066 0.222534 0.0102105 1.35159e-05 0.0371966 0.000398215 3.2163e-05 0.147792 0.126059 6.67077e-11 
1.47394e-07 3.24374e-07 0.0224073 3.45223e-08 0.0031328 1.10444e-07 0.000395601 0.00305888 0.205502 0.046896 0.000230553 0.0278727 0.00194614 0.000172005 0.105824 0.0135767 1.44176e-08 0.563142 0.00584272 1.44228e-10 
0.00674927 0.0163718 0.0773807 0.00170379 0.00211109 0.00116788 6.7469e-05 0.00044717 0.00780236 0.0666293 0.00599825 0.00152122 0.783865 0.000598714 0.00440935 0.00687968 0.000447453 0.00426593 0.00850826 0.00307526 
0.0543616 0.004895 0.447262 5.29621e-09 0.0103407 0.000115947 0.000519393 5.08032e-07 0.00158108 0.0213612 0.0681595 0.0781597 0.27781 0.00229179 0.0116247 0.00335534 1.89867e-05 0.00377072 0.00589903 0.00847364 
0.0900455 0.148426 0.0148101 1.68146e-09 0.037235 1.33008e-09 2.77608e-06 4.10183e-07 2.3085e-06 0.0511063 1.09504e-09 0.143764 0.462396 8.96813e-10 1.76461e-10 4.75334e-10 3.25219e-10 1.78668e-05 0.052194 1.86266e-09 
0.00132497 0.000132525 0.010629 1.54492e-05 0.0382911 2.79796e-05 0.000275755 0.000474994 0.162845 0.000899976 1.15864e-06 0.00909812 0.00251879 0.00109473 0.00591501 5.07319e-05 1.45918e-05 0.553716 0.212653 2.2036e-05 
0.0540634 0.000252298 0.0708138 1.75345e-05 0.0362007 0.00421647 1.34833e-06 1.3732e-11 3.58412e-07 0.00453751 3.8559e-07 0.588823 0.00253094 0.000119576 0.0289992 3.532e-08 2.46634e-08 0.0530985 0.156325 1.24777e-10 
0.0608851 0.003002 0.258192 1.05436e-06 0.0069071 1.91962e-05 0.000298302 9.68169e-06 0.000387035 0.00147221 0.000617708 0.398809 0.0095265 0.000314188 0.179745 7.05943e-06 5.12023e-06 0.0531263 0.026675 8.76691e-09 
3.75266e-07 0.00644924 0.13878 1.05896e-07 0.000246965 2.2038e-11 1.70295e-11 1.32465e-07 0.32039 5.99665e-07 1.45167e-07 0.0984228 5.39169e-12 9.51139e-08 2.85887e-06 2.88261e-07 5.38853e-12 0.435706 5.4367e-07 3.08623e-11 
0.0101825 0.00279394 0.0569491 5.10651e-05 0.0184428 0.00562147 0.00135074 0.00672302 0.0229025 0.0186176 0.000832381 0.0755798 0.0317072 0.00148569 0.108553 0.0032806 0.00025789 0.266309 0.368243 0.000117056 
0.124838 0.00245676 0.0267187 0.000148596 0.0111397 1.77629e-05 0.00237291 0.00106694 0.0314884 0.008393 0.0278905 0.0276036 0.00459395 0.543577 0.133978 5.00614e-05 1.11153e-05 0.0227154 0.0309384 1.83281e-07 
0.0186697 0.00970271 0.0330243 0.000892016 0.00524731 8.14025e-05 0.000937795 0.0258144 0.0123771 0.0591485 0.00228548 0.139678 0.00755662 0.00101702 0.313716 0.00358488 0.000715566 0.085035 0.280513 2.99788e-06 
0.977479 0.00678277 0.000135438 2.97866e-07 0.000109762 4.31657e-09 3.33554e-09 6.65258e-10 0.00014721 3.68713e-07 7.01584e-06 2.99946e-05 0.00193685 2.91046e-09 5.72676e-10 9.92998e-07 1.05545e-09 0.0133688 5.14586e-07 1.1298e-06 
0.00120052 5.34541e-05 0.0159431 0.000205356 0.893739 2.43194e-06 0.000522916 0.000145921 0.00221177 0.00511407 0.00154199 0.00470343 0.0259878 8.47041e-07 0.000452437 2.73278e-05 1.45881e-06 0.0291946 0.0189519 2.45002e-08 
0.00596281 0.00564718 0.00955632 0.00142136 0.0018808 3.4367e-06 0.000754995 0.709846 0.0104103 0.0882847 0.00180879 0.0152313 0.00238128 0.00382662 0.0141724 0.10582 0.000308305 0.0112994 0.0113747 9.71295e-06 
0.027988 0.024548 0.0506961 7.38173e-05 0.0100685 2.96507e-05 0.000135163 0.0130145 0.156759 0.0575147 0.00172777 0.142475 0.012612 0.00144096 0.0489909 0.0100982 7.08181e-05 0.405001 0.0367541 9.90722e-07 
0.00149463 0.00671798 0.0554515 2.93315e-06 0.002148 0.00196881 0.00110846 0.0149246 0.251575 0.0333632 0.0143406 0.0392757 0.0122252 0.000469494 0.127296 0.00964398 0.000136335 0.402052 0.0257245 8.14921e-05 
0.000155508 0.00201913 0.00880901 1.2104e-05 0.000437702 0.000190674 1.43391e-05 0.00129836 0.000466624 0.0908975 0.00132481 0.00305617 0.872803 8.843e-06 0.00415372 0.00175639 6.95828e-06 0.0120041 0.000584697 3.02489e-07 
0.124314 0.0149454 0.0330454 0.00853356 0.00760326 9.15171e-07 0.000894024 0.00283883 0.0168798 0.0339801 0.00271846 0.229599 0.00879238 0.00106029 0.0203395 0.00177803 0.000671955 0.0413973 0.450607 1.89216e-08 
0.0214098 0.0233413 0.0287261 9.80745e-05 0.00108689 5.14557e-05 0.000235081 0.0316344 0.00296744 0.0379391 1.73691e-05 0.211855 0.00910121 5.75335e-05 0.305494 0.0263506 1.09554e-05 0.140505 0.159119 2.20453e-10 
0.0125026 0.010431 0.0366792 0.0453316 0.00365478 0.0201258 0.0009011 0.0309478 0.0768482 0.0377949 0.00307046 0.196316 0.0126199 0.00165186 0.113776 0.00946197 0.000208407 0.326568 0.0611113 8.76141e-08 
0.000518535 0.0123996 0.00305555 2.65661e-05 0.000504811 6.29247e-08 1.06991e-06 0.498091 0.00258789 0.157659 1.40264e-11 0.00324475 0.000481697 0.000172565 0.000290092 0.319965 3.46561e-08 0.00091479 8.73111e-05 2.38589e-11 
0.060267 0.0279326 0.146204 9.65246e-05 0.0498854 1.19574e-05 0.00694638 0.113654 0.00157059 0.248933 0.000221236 0.114123 0.0144686 0.000377068 0.112939 0.00758963 4.45431e-05 0.059715 0.0350208 2.19713e-10 
0.0112178 0.0072174 0.0139732 0.271781 0.00736482 0.00011212 0.00125499 0.25376 1.36107e-06 0.0302202 0.000110829 0.00798448 0.000349063 4.60103e-07 0.00550386 5.13111e-07 7.68762e-08 0.235505 0.153644 6.88858e-10 
3.92001e-08 8.54696e-06 0.00933376 3.401e-07 0.00265819 4.47557e-05 0.000246996 0.000203146 0.0532107 0.00582709 7.9851e-09 0.00127836 0.0098872 4.58659e-07 0.0108022 0.00211684 7.48221e-09 0.776282 0.1281 5.73219e-11 
0.00806002 0.00168653 0.0428225 3.58019e-06 0.00147636 0.000121349 0.00740621 0.00190916 0.0218748 0.0654342 0.00147987 0.0265198 0.502031 0.00690319 0.24236 0.00024631 1.06159e-05 0.0279733 0.0416811 3.74818e-07 
0.000885238 0.00917615 0.189045 7.7478e-05 0.00169829 0.00035314 0.000458436 0.00286342 0.121134 0.0340848 0.0155973 0.00498497 0.0454526 0.00816886 0.0213182 0.0920362 0.000276261 0.436523 0.0158654 7.44528e-10 
0.00224589 0.00753344 0.0257587 8.29124e-06 0.00653138 0.000455566 0.000157195 0.0295576 0.0170073 0.0627486 0.000485757 0.0763192 0.00820145 4.72535e-05 0.461898 0.0170281 2.57016e-05 0.224895 0.0590958 1.53684e-08 
5.99683e-06 3.92485e-06 6.104e-06 1.50237e-09 2.6724e-06 5.94329e-06 1.74574e-06 1.83156e-10 9.96121e-06 9.41866e-07 3.62109e-06 0.037727 0.962211 8.01295e-10 2.33363e-06 2.16643e-06 2.90581e-10 3.3194e-06 1.33808e-05 1.66427e-09 
0.0281726 0.0450654 0.0585742 2.55244e-05 0.00511681 3.7007e-05 0.000607222 0.0618834 0.00637578 0.248752 0.0140747 0.142037 0.023718 2.441e-05 0.223508 0.0112659 1.92693e-05 0.061036 0.0697077 1.60293e-11 
0.000550959 0.00466346 0.675744 9.28526e-05 0.000617312 1.05715e-05 0.000559515 0.00975797 0.0089715 0.137775 1.9975e-05 0.0192839 0.000147416 5.06124e-05 0.00361669 0.110441 4.03543e-06 0.0244889 0.00320459 4.7786e-08 
0.00336095 0.00339288 0.034875 3.11012e-07 0.0179533 0.00014467 8.82388e-05 0.00258307 0.0289486 0.0706088 0.00232885 0.183511 0.000433096 0.000176405 0.0407667 0.0167266 2.86515e-05 0.474707 0.119366 7.00989e-07 
0.259477 0.00816932 0.0781656 0.00138084 0.106579 0.0001052 0.000502882 0.00229606 0.00667768 0.0466704 0.00351802 0.114915 0.31466 1.87995e-05 0.00434295 0.00193182 3.41994e-05 0.0390148 0.0115388 1.46515e-06 
0.0109584 7.30598e-05 0.0436389 0.0450662 0.018997 0.00099643 1.27143e-05 0.000720725 0.00569895 0.0569045 0.000252114 0.101643 0.000347171 0.00095621 0.0122806 0.0042763 3.74833e-06 0.0835713 0.613535 6.6941e-05 
0.126412 0.00032723 0.0313675 1.61272e-05 0.00917329 0.00337734 0.000325031 1.36372e-05 0.0767224 0.0112175 0.000140874 0.00621208 0.01912 0.00760668 0.037462 0.000151182 6.89371e-05 0.305827 0.350965 0.0134938 
0.057228 0.00207251 0.0224514 0.000110095 0.00512392 9.80092e-05 0.00102654 0.00758424 0.131215 0.0244497 0.000110685 0.0157087 0.645772 0.000367123 0.039213 0.000404218 1.51941e-05 0.0206467 0.0264023 1.54118e-07 
0.0618613 0.0044341 0.0197429 0.00212851 0.179589 4.61425e-05 0.0042536 0.000107685 0.00673896 0.128004 0.000478721 0.155785 0.31748 7.37041e-05 0.00467024 0.0026931 2.80976e-05 0.017319 0.0945654 4.56805e-09 
0.245777 1.39292e-05 0.0169872 6.38717e-05 0.00462837 0.279847 8.73068e-05 5.90871e-09 0.0245961 8.23133e-05 0.000209688 6.22999e-07 0.348137 8.65878e-08 4.6334e-07 0.00015226 1.22104e-07 0.0154341 0.063975 7.7778e-06 
0.0014881 0.0182756 0.0540886 5.21829e-05 0.00172516 8.77751e-05 0.0636369 0.0387313 0.00679863 0.186881 7.78626e-06 0.0344672 0.0925617 4.42148e-05 0.0316699 0.393807 2.39141e-07 0.0523003 0.0233766 1.26563e-09 
0.00624765 0.0122303 0.0793747 5.91416e-05 0.00901798 1.25908e-05 7.68156e-06 0.0265913 0.20867 0.184597 0.00249898 0.0215784 0.0349482 0.000238766 0.0444358 0.105152 4.56793e-06 0.261064 0.00327156 1.33938e-09 
0.040744 0.00973384 0.0555531 1.40702e-05 0.00463591 0.000147287 0.00173228 0.000955623 0.0676909 0.015818 0.000222491 0.204449 0.057486 0.0112521 0.347696 0.000219163 8.57231e-05 0.0344699 0.143733 0.00336133 
0.00517746 0.0183229 0.0601752 0.000570625 0.000317313 0.000174056 0.0288899 0.039064 0.0137838 0.512917 0.00703158 0.0102536 0.00631627 0.213898 0.0413268 0.0077544 7.46908e-05 0.0250906 0.00886081 6.65486e-08 
0.00238628 0.0362572 0.0535292 0.000112718 0.005154 1.02823e-05 0.000288991 0.00432907 0.0298253 0.153146 0.00064044 0.0356643 0.393862 0.000644454 0.0980532 0.0594246 4.95548e-05 0.0282609 0.098261 0.000100413 
0.00129989 0.00542677 0.122898 9.93207e-05 0.00442204 0.00246586 0.0736056 0.00142244 2.8965e-05 0.119549 1.952e-05 0.00120335 0.657938 0.000301899 0.000499501 0.000827248 7.17665e-08 0.00171406 0.00627832 4.11036e-07 
0.0195366 0.0110423 0.0285498 0.00108923 0.000365176 1.88911e-09 0.00247075 0.000823072 0.237951 0.00343612 0.000262207 0.0539217 0.0002034 0.000624339 0.196272 0.0395652 2.239e-05 0.390209 0.0136552 1.07967e-11 
0.0167018 0.0185899 0.292219 0.00019772 0.0200557 6.32153e-07 0.000211538 0.0963394 0.010207 0.0929176 0.000824071 0.174516 0.0366498 0.00524988 0.00791884 0.00139346 5.12989e-05 0.154325 0.0716289 2.07019e-06 
0.0481783 0.0785986 0.138841 0.000725486 0.00111584 4.51686e-06 0.0151227 0.0136366 0.00415446 0.125493 0.0508272 0.119415 0.0146077 0.0185173 0.136115 0.0888341 1.65971e-05 0.111262 0.0110508 0.0234852 
0.00298422 0.00621363 0.0178843 0.00390499 0.0164823 1.15039e-08 0.0018751 0.00690959 0.0153235 0.406775 0.000376983 0.00783782 0.0134143 3.10137e-08 2.55313e-08 0.240938 9.47124e-09 0.0286796 0.2304 8.47454e-12 
0.00248131 0.00627973 0.0123793 0.00127129 0.00401822 2.11082e-05 0.00035906 0.0432056 0.00844658 0.299865 0.0231156 0.00368729 0.00227406 0.00240871 0.00798961 0.530857 0.000142062 0.0458402 0.00535736 7.30915e-07 
2.0189e-06 2.20719e-05 0.000510867 1.05452e-06 0.100304 2.06997e-05 3.56362e-06 1.90658e-07 6.11358e-05 0.000981216 3.68834e-07 1.28611e-05 0.255252 1.86425e-06 0.00091008 1.01649e-05 4.62582e-07 0.0204635 0.621376 6.59429e-05 
0.00460367 0.000564682 0.0341713 0.000224171 0.00898763 0.000135673 0.000797982 0.0254093 0.176416 0.0303415 3.29766e-05 0.0401059 0.0266835 0.000289357 0.108152 0.000559457 3.51297e-05 0.370393 0.172097 5.78154e-08 
0.012073 0.308651 0.015842 0.00334267 0.00459576 2.68421e-06 0.0045855 0.0278581 0.0459368 0.35099 0.00146523 0.0241246 0.0105901 0.00177158 0.0250776 0.0785766 7.6262e-05 0.0697884 0.0141159 0.00053627 
0.002057 0.000776375 0.0132174 0.000114337 0.000334416 7.39757e-08 1.85243e-05 0.0630795 0.314503 0.0149311 4.45939e-05 0.022931 0.000969841 0.000102972 0.176164 0.00951969 1.15919e-05 0.376986 0.00423858 7.82427e-12 
0.00820832 0.0207243 0.0382965 0.000173187 0.0216012 3.92252e-07 0.000311759 0.121062 0.0158413 0.31648 0.0829284 0.0591071 0.00049571 0.000398848 0.0501788 0.0469943 8.96254e-06 0.15081 0.0663792 8.4934e-09 
0.03156 0.000613484 0.772148 5.72273e-05 0.0171112 3.47662e-05 0.00156867 0.0165575 0.00160042 0.0129551 2.51217e-05 0.0087817 0.0902517 0.000190481 3.77076e-05 0.0110445 5.80707e-06 0.00578967 0.0296647 2.51282e-06 
0.00772926 0.0582757 0.478748 8.22117e-07 0.000530747 2.40919e-05 0.00107645 2.42291e-06 0.000342652 0.13018 4.77272e-05 0.0230274 0.108214 0.00049075 0.0115309 0.0230584 6.3032e-07 0.144693 0.012027 4.5227e-08 
0.0313495 0.000724339 0.0102713 0.000206894 0.0952281 6.78732e-05 0.00516225 0.00521248 0.024566 0.0296717 0.000919867 0.0395255 0.0117881 0.000173537 0.00269302 0.00058529 4.58832e-06 0.126237 0.615543 6.95259e-05 
0.00549854 0.00142435 0.0133049 6.78205e-05 0.101099 2.8475e-05 0.000595508 0.0166338 0.0272018 0.0270269 0.000226997 0.16955 0.0131184 6.10426e-05 0.109445 0.00888719 1.81576e-05 0.37346 0.132352 6.27037e-07 
1.99655e-05 0.00313594 0.066401 5.13721e-06 2.81421e-06 0.192834 0.00181819 5.51253e-07 4.71996e-06 0.00795043 1.18294e-05 0.0336825 0.000925896 0.00136874 0.0458765 0.000684324 2.39704e-07 0.278367 0.36691 9.32353e-09 
0.00382254 0.000863211 0.0346144 0.197125 0.0722356 0.00155491 1.63903e-07 0.0353958 0.0118106 0.227831 0.000365253 0.0246441 0.000427807 4.35204e-05 0.00186149 0.0154622 1.20753e-08 0.312057 0.0598855 1.56433e-08 
0.0168959 0.0095232 0.0278591 1.47928e-06 0.00264293 1.57541e-05 3.08578e-05 0.0715936 0.0302895 0.66276 0.0275038 0.0223825 0.00157725 0.00450617 0.0673469 0.00357663 3.73087e-07 0.0182572 0.0330176 0.00021911 
0.00309086 0.000473703 0.0149764 1.16476e-05 0.000528971 1.45391e-06 0.000340465 0.00449194 0.0270908 0.0171858 0.000567939 0.0541621 0.00038331 1.89385e-05 0.703519 0.00668511 3.92585e-06 0.146774 0.0196933 6.20769e-13 
0.0178825 0.000522861 0.0399044 7.09824e-09 0.0404619 0.000156822 0.000205228 0.000180677 0.00409431 0.00206018 0.000118354 0.195253 0.011893 0.000294825 0.0182165 0.000380607 2.91475e-06 0.0870658 0.581306 4.32411e-12 
0.676708 0.0369842 0.0617771 0.00134499 0.0073817 0.00155827 0.00543096 5.07434e-05 0.0271103 0.013485 4.36858e-07 0.0545859 0.106032 1.21756e-05 0.000218517 0.000117534 3.94589e-05 0.0049774 0.00186294 0.000322872 
0.0344319 0.000322143 0.00167734 7.67836e-05 0.00712439 6.74912e-10 1.48543e-05 0.001332 0.186056 0.0047384 8.86195e-06 0.239898 1.87257e-05 0.000394482 0.0545116 0.00199048 1.75342e-07 0.466861 0.000542976 9.45154e-10 
0.000652681 0.000604718 0.00592443 7.28346e-05 0.0208237 2.69498e-05 0.000283915 0.000123284 0.000361843 0.0066642 4.17749e-05 0.0114794 0.00297501 0.000362216 0.0067809 5.03086e-05 8.27569e-06 0.0360088 0.906728 2.69033e-05 
0.865377 0.00610138 0.0117459 1.33538e-06 0.00100199 1.05632e-06 8.16253e-07 2.81251e-05 0.0356383 0.00972022 8.69657e-07 0.0524322 0.0054339 3.89881e-05 0.000680475 0.000101416 2.58282e-07 0.00264379 0.00905053 1.47928e-06 
0.0316039 3.30335e-06 0.108683 9.42535e-07 0.241976 4.46905e-10 1.28208e-06 1.95946e-07 0.0497151 0.0670691 5.00218e-07 0.00551981 0.350863 1.07512e-06 0.0304352 5.44292e-06 1.09273e-10 0.0123497 0.101772 6.25851e-10 
0.00286424 0.00214143 0.0372412 5.40074e-05 0.00164645 1.86934e-11 2.37962e-05 0.00374622 0.00487364 0.0280302 4.41133e-06 0.161239 3.08775e-05 3.32319e-06 0.213775 0.00709594 3.07169e-06 0.101943 0.435284 2.61785e-11 
3.729e-07 0.145106 0.0194512 9.80791e-05 2.53858e-08 9.92492e-11 0.000624996 0.0145279 1.60762e-07 0.682761 5.71528e-07 1.5369e-06 0.0052806 3.26321e-08 0.0350443 0.0922744 1.42275e-08 0.00408642 0.000742243 1.3899e-10 
0.0016736 0.00227337 0.00035774 0.000621398 0.00351715 5.63023e-07 0.000231672 6.21654e-05 0.00438624 0.0363103 7.59148e-05 0.00444707 0.615896 2.27626e-05 0.0434017 0.0217457 6.8913e-06 0.00135664 0.263613 5.55619e-12 
0.0221357 0.00837861 0.0769782 0.000730016 0.0864102 0.000120133 0.000206782 4.11749e-05 0.0179151 0.0106142 0.000142813 0.102991 0.0275324 5.15417e-05 0.0143643 0.000788825 6.62994e-07 0.271108 0.359491 1.29249e-09 
0.189654 0.000429369 0.0410703 2.18906e-05 0.00441269 1.71583e-08 0.00106735 0.000199099 0.0916153 0.00647643 0.000144447 0.121522 0.00180684 6.03609e-05 0.0824858 8.00117e-05 1.66805e-06 0.447738 0.0112144 3.41629e-11 
0.0074107 0.00175652 0.0161036 1.46694e-05 0.00130845 6.15542e-07 0.000793596 0.0463191 0.00793583 0.0250888 0.000205673 0.158937 0.00331375 0.000816821 0.599913 0.00661525 1.2835e-05 0.0551849 0.0682686 1.55325e-12 
0.662807 4.97249e-07 0.0118409 0.000160804 0.156898 1.96835e-05 2.29192e-07 7.88072e-07 0.0187275 0.00111371 7.67147e-05 0.0605183 0.000188595 2.58508e-07 3.50409e-06 1.19057e-07 7.47556e-08 0.068749 0.0188574 3.61523e-05 
0.0130856 0.0170745 0.0234538 0.0016318 0.0219938 4.12912e-05 0.00129926 0.119741 0.0200991 0.568556 0.000970473 0.0579098 0.0286551 0.00157974 0.0682622 0.00427802 8.84681e-05 0.0286807 0.0225989 3.09221e-07 
6.45783e-07 4.89917e-05 0.0469602 2.52991e-06 0.123173 3.76674e-07 9.29645e-09 0.000126666 6.80428e-05 0.0577191 0.000715504 1.09764e-05 0.179342 2.66677e-06 0.042852 0.00512861 1.05315e-07 0.0475688 0.49628 1.2123e-09 
0.0207624 0.0159329 0.0120721 0.0204355 0.00616693 3.10899e-06 0.00118362 0.182388 0.00932831 0.252299 0.000258555 0.0698017 0.0357448 0.00736008 0.0383197 0.272026 8.69629e-05 0.030357 0.0254732 3.45777e-08 
0.332283 0.00942651 0.0812901 0.00101591 0.0170282 1.28586e-05 0.00592862 0.0218811 0.00636139 0.0653533 0.00771975 0.0816377 0.0497056 0.00505691 0.0618536 0.00554007 0.000120359 0.0828145 0.164526 0.000444008 
3.18089e-05 2.36709e-05 0.00449957 1.62399e-07 0.0169545 3.91225e-10 0.0070563 6.02945e-11 0.00201728 0.0499819 0.872806 0.0017129 3.62433e-06 1.28764e-08 5.3356e-06 3.82529e-06 9.56585e-11 0.0293922 0.0155113 5.47875e-10 
0.180221 0.0032425 0.00947029 1.79954e-05 0.348184 0.00023614 8.15314e-05 0.00135871 0.0108131 0.0829842 0.041169 0.0065774 0.0842624 0.00136477 0.0030094 0.000369009 0.000186931 0.100322 0.124442 0.00168772 
0.161222 0.0465577 0.105033 0.0270313 0.00219764 9.99113e-07 0.000247406 0.00103002 0.01433 0.116263 0.000243396 0.0896376 0.40429 0.000321879 0.00598507 0.000138934 1.08904e-05 0.00800687 0.013929 0.00352292 
0.00665618 0.0133506 0.0280736 9.54942e-05 0.000560124 2.79588e-09 5.74561e-06 0.000428533 0.0523528 0.00201265 0.000504412 0.06364 0.00118803 0.000293402 0.222122 0.00146797 5.55939e-06 0.601399 0.0058436 3.05176e-11 
