0.0033022 0.019102 0.0521982 3.66493e-05 0.00728022 1.39959e-06 9.48203e-05 0.00762333 0.123063 0.0357121 0.000100218 0.12043 0.00142597 0.0001384 0.22856 0.0132544 4.17521e-05 0.346466 0.0407484 0.000420415 
3.38849e-10 8.09258e-09 0.0187702 5.16321e-07 0.00132996 4.65082e-05 0.000569651 2.49086e-06 0.101466 0.000511081 1.73441e-07 0.000705784 0.0770135 6.42162e-07 0.00512001 9.70402e-05 8.78667e-05 0.612118 0.182161 2.96232e-09 
0.00796919 0.00310409 0.00706659 0.000132652 0.101807 1.77662e-06 0.00785156 0.0175846 0.0194734 0.025388 5.05325e-05 0.0986817 0.00020323 3.76032e-05 0.0607792 0.00525514 1.82201e-05 0.63435 0.010246 9.73316e-11 
4.2775e-07 7.33315e-05 0.0384313 1.13214e-06 5.3812e-06 4.24256e-06 2.76868e-05 0.000765615 0.0471629 0.0235596 0.00028486 0.00662513 0.0328215 2.0833e-05 0.112836 0.117046 6.99307e-06 0.61114 0.00918742 6.49959e-10 
0.0486048 0.0073183 0.0101418 0.00556832 0.017543 4.79896e-06 4.70967e-05 0.00209147 0.0501202 0.00450901 0.000110842 0.203878 2.71146e-05 0.0002985 0.0291312 4.67261e-05 2.74913e-05 0.593759 0.0267715 7.28923e-07 
0.0433473 0.00706545 0.0406048 0.00402977 0.0187404 0.110247 0.00379932 0.00652684 0.0557546 0.0564435 0.000914921 0.0664075 0.0362936 0.0202599 0.0697996 0.00463113 0.00124293 0.329692 0.120382 0.00381666 
0.014985 0.00627348 0.10643 2.69469e-05 8.92915e-05 1.08905e-08 0.000331674 1.07939e-05 0.000447838 0.0190921 2.1378e-05 0.0481394 0.102225 2.04249e-05 0.0121466 0.00368607 4.69639e-06 0.683293 0.00256669 0.000210114 
0.0223004 0.00219376 0.0292675 8.01818e-06 0.00254904 1.75901e-05 0.00121457 0.000101509 0.0835959 0.00869907 1.8746e-06 0.1916 0.000293538 1.50863e-05 0.176915 0.000104068 0.107304 0.341434 0.0323852 2.12636e-09 
0.176885 0.0204281 0.103763 0.000430237 0.0152268 1.26279e-05 0.00340532 0.0169368 0.0393518 0.12164 0.00124077 0.088569 0.0094791 0.00915862 0.0754045 0.00446085 0.000128026 0.26265 0.0507003 0.000128716 
0.0343131 0.00922338 0.00641562 2.28713e-06 0.0886616 3.87446e-05 0.000141759 0.00380756 0.0235608 0.0150922 6.8775e-06 0.0758662 0.0218195 0.000498868 0.0103877 9.74705e-05 4.82712e-05 0.482538 0.227276 0.000204909 
0.0156879 0.00315983 0.088989 0.000545914 0.0149881 7.35077e-05 3.54655e-05 0.00637282 0.0851821 0.128087 0.0011013 0.139998 0.000871929 5.10015e-05 0.173583 0.0282863 0.000117679 0.240692 0.0721592 1.78677e-05 
0.00348034 0.00180883 0.0723066 4.80228e-06 0.00810924 2.25656e-05 0.000488613 0.0586003 0.0143995 0.0335413 0.000682132 0.0189116 0.00898578 0.000113802 0.0333744 0.00931794 0.00015825 0.714611 0.0210828 3.77719e-11 
0.0151738 0.0261369 0.0505097 0.000267358 0.0192341 0.0342643 0.00116758 0.0108925 0.0675342 0.0276054 0.000321034 0.0806866 0.0488358 0.00114863 0.154538 0.0126693 0.00336595 0.344244 0.101405 2.56436e-08 
5.13708e-07 0.00184421 0.00584732 2.1612e-10 0.193787 1.5257e-08 4.04257e-07 7.5202e-08 0.0212948 0.00997818 3.06504e-07 0.218656 2.54711e-07 1.15268e-10 0.016471 2.82208e-07 0.00036079 0.505993 0.0257655 2.39409e-10 
0.0567707 0.0328175 0.0847265 2.39013e-05 0.0022709 0.00171995 0.000458985 0.0132877 0.0443112 0.113419 0.000628383 0.0333583 0.162416 0.00395011 0.0310603 0.00395749 0.00034271 0.232611 0.146478 0.0353909 
0.00959978 0.0229844 0.0371903 0.00772492 0.000758574 1.69756e-05 0.000200081 0.0158697 0.250666 0.0477514 0.000122772 0.0493686 0.00167832 0.00183599 0.0966448 0.0117675 0.0215006 0.401959 0.0223602 1.44293e-07 
0.038254 0.000665896 0.041856 1.36737e-10 0.0161769 1.08162e-10 4.42544e-05 0.000104084 0.307142 0.00306963 1.26555e-07 0.0757029 1.26966e-07 0.000839648 0.0959895 3.86541e-11 4.30212e-06 0.330526 0.0896244 1.51471e-10 
0.0345788 0.00714854 0.0177122 0.00208103 0.202038 6.57586e-06 0.000215104 0.00445695 0.0578932 0.0167834 0.000837755 0.262191 0.00261552 0.00641403 0.0323183 0.00362486 0.000255221 0.311339 0.0374013 8.99187e-05 
0.00219781 0.00163236 0.00558095 2.12062e-05 0.00101416 3.48303e-06 8.84902e-05 1.45292e-05 0.178026 0.00455179 2.9954e-06 0.0468721 2.44143e-05 2.79123e-05 0.0534637 0.000180329 5.34495e-05 0.705288 0.000955624 3.10505e-08 
0.000326914 0.0266884 0.0672637 1.13788e-06 0.000146373 1.19947e-06 8.78695e-06 0.00878212 0.0818538 0.016697 1.96644e-05 0.0513614 0.000125677 8.07313e-05 0.30294 0.0150336 5.36534e-06 0.418527 0.0101371 3.20773e-11 
0.0517028 0.0104407 0.033244 0.0793798 0.00939587 0.00376058 0.00054495 0.00718053 0.183161 0.0377043 0.00319004 0.106539 0.00551884 0.00380186 0.0777404 0.0068513 0.00322616 0.254493 0.122118 5.47597e-06 
0.00673153 0.00062886 0.0142164 8.14748e-07 0.0768461 0.000134634 0.000901736 4.67537e-06 0.0274404 0.00495324 0.000317419 0.0157747 0.0409432 0.000274596 0.0852764 0.000178311 4.23975e-05 0.663186 0.0621485 8.83175e-11 
0.206015 0.0112215 0.0377512 0.00117135 0.010619 2.3946e-05 4.66084e-05 0.0140319 0.0250857 0.0832769 0.0016915 0.140182 0.00515691 0.00357257 0.116117 0.00383793 0.000706982 0.303298 0.0361868 7.8078e-06 
0.00225656 0.153132 0.048533 5.2571e-09 0.000797732 2.80986e-06 0.000327315 0.00229765 0.138303 0.0844623 2.4066e-05 0.0404571 0.00253247 5.81344e-05 0.0646421 0.00659132 1.8499e-05 0.439363 0.016201 2.15939e-11 
0.00968382 0.00689472 0.225924 0.0416779 0.036665 7.62904e-05 0.000407647 0.000691283 0.0111727 0.0808516 0.07064 0.0460661 0.0272219 0.000560297 0.10167 0.00180127 0.00946568 0.31292 0.015611 3.37496e-08 
0.00775349 0.121566 0.0237142 0.00650766 0.000113957 1.97707e-05 0.00164045 0.00752273 0.0901042 0.098124 0.00160381 0.0681628 0.0132875 0.000882201 0.190579 0.0115476 0.000132319 0.233483 0.123256 3.62477e-11 
0.0616142 0.00439641 0.0426548 0.00119397 0.0115101 9.37911e-06 0.000359978 0.00250879 0.247781 0.0311103 0.000517114 0.0615506 0.0196948 0.00165147 0.00445508 0.0296161 0.033071 0.366835 0.0794204 4.91127e-05 
0.0650889 0.0244076 0.0387064 0.00153309 0.105716 0.000327358 0.00237025 0.0158871 0.109806 0.0332239 0.00545096 0.125224 0.00744474 0.00204348 0.0787415 0.0084548 0.00420735 0.281987 0.0881333 0.00124669 
0.0142762 0.000780159 0.0750016 3.5503e-06 0.0709606 0.000303616 4.57701e-05 0.000782106 0.0738929 0.0158754 0.000123297 0.100539 0.00885544 0.00180636 0.0328851 0.00133157 0.00159823 0.49256 0.0946758 0.013703 
0.00740421 0.00275376 0.116271 0.00100611 0.00784979 4.31821e-06 0.000961592 0.0412253 0.0598648 0.0523866 0.000623172 0.0201248 0.0103422 0.000534919 0.085368 0.0189888 0.000634208 0.522646 0.0510042 6.36571e-06 
0.017863 0.0189555 0.0604404 0.000176952 0.0049018 1.04197e-06 7.34296e-05 0.0202027 0.143691 0.03529 2.12709e-05 0.123687 0.00268646 0.000261769 0.189134 0.0128215 0.000452871 0.346003 0.023334 2.06613e-06 
3.92001e-08 8.54696e-06 0.00933376 3.401e-07 0.00265819 4.47557e-05 0.000246996 0.000203146 0.0532107 0.00582709 7.9851e-09 0.00127836 0.0098872 4.58659e-07 0.0108022 0.00211684 7.48221e-09 0.776282 0.1281 5.73219e-11 
0.0119575 0.000113498 0.022241 0.000121946 0.00239533 2.55975e-05 0.000345416 0.00711228 0.29202 0.010757 5.44245e-05 0.00960584 0.000812821 0.0140028 0.0131221 0.0119886 0.00591209 0.489596 0.107815 8.34375e-07 
0.0336329 0.00363047 0.0372548 0.000469265 0.0696329 6.42087e-05 0.000614995 0.0113395 0.16603 0.0151802 0.0102575 0.0536625 0.00163765 0.000733315 0.0531376 0.000230889 0.0158306 0.360466 0.166195 1.77928e-07 
0.0841561 0.018223 0.0748012 0.00665203 0.0138576 0.000112293 4.4949e-05 0.00584005 0.0207583 0.044831 0.0052266 0.0465848 0.00132859 0.000570875 0.0101013 0.00261547 4.03398e-05 0.512052 0.152204 1.95382e-09 
0.0959129 0.086756 0.033252 0.00255194 0.0110833 0.00146763 0.000287569 0.0211417 0.033722 0.135737 1.62005e-05 0.102068 0.00466045 0.00349081 0.100046 0.00623782 0.000234468 0.339213 0.0221202 7.42221e-08 
0.0188914 1.13777e-06 0.0462009 0.00295534 1.13785e-06 1.13665e-06 1.13701e-06 1.13798e-06 0.240559 0.00364305 1.13693e-06 0.248785 1.13783e-06 0.00102458 0.161485 1.13766e-06 1.13784e-06 0.249357 0.027087 1.13602e-06 
0.00556116 0.0111868 0.00621865 0.000553918 0.00635511 9.67629e-05 0.00362548 0.00307293 0.241598 0.0125745 0.0147075 0.104313 0.0105826 0.000122458 0.15281 0.000224016 7.45647e-05 0.356031 0.0702915 2.39386e-07 
0.000462055 0.000546236 0.0133035 1.28319e-05 0.0480814 7.33714e-05 0.000285655 0.00599897 0.042083 0.00133931 7.51723e-05 0.019718 0.00613349 0.00018456 0.0143605 0.000113318 8.90556e-05 0.644249 0.202876 1.46823e-05 
0.00269244 0.00232745 0.121968 1.03594e-06 0.00177068 1.29071e-06 0.00108294 0.0135688 0.00274879 0.0384546 7.10782e-05 0.0248643 0.00986236 7.88423e-05 0.0884713 2.37714e-05 8.38711e-06 0.677909 0.0140947 5.42181e-09 
0.00300457 0.00199645 0.0431402 2.79431e-06 0.0173636 4.40763e-06 0.000113778 0.0208075 0.0741109 0.0183441 2.11438e-05 0.0325324 0.0030857 1.97127e-05 0.0762812 8.36407e-05 4.01608e-05 0.680769 0.0282788 1.91519e-11 
0.0920138 0.015245 0.157301 0.000173961 0.0102191 1.45712e-05 0.00664202 0.0308568 0.0737971 0.0566354 0.000538545 0.111184 0.01386 0.00754303 0.0849615 0.00888614 0.0333437 0.225444 0.0713149 2.52439e-05 
0.0699936 0.00770369 0.00513481 1.56984e-07 0.0323138 2.13649e-06 0.000256823 0.000228903 0.014609 0.0101292 0.000109928 0.0711236 0.0122319 3.10514e-06 0.0298151 0.0029968 1.17252e-05 0.710973 0.0323624 4.04989e-09 
0.00621369 0.00673596 0.129923 0.000160283 0.0124438 3.13957e-06 0.00119917 0.0213537 0.0742196 0.0519342 0.0140346 0.0991034 0.00509567 0.000291378 0.127768 0.00317861 0.000235256 0.380723 0.0653644 1.78565e-05 
0.0200463 0.0118038 0.0303467 1.65282e-05 0.151909 0.000275478 6.33826e-05 0.000124463 0.00379495 0.0158612 4.91649e-07 0.123081 0.017665 2.1161e-05 0.0461361 1.8815e-05 8.29187e-07 0.444475 0.13436 2.18438e-08 
0.153921 0.013685 0.0117826 0.00267121 0.0475303 5.51025e-05 0.000143561 0.000481815 0.0192882 0.0305642 7.70814e-05 0.0310797 0.0270319 0.000725251 0.000763079 0.00195692 0.0460395 0.449286 0.150214 0.0127025 
0.0276239 0.000979233 0.00586254 4.48935e-05 0.0116284 2.0926e-05 1.85389e-05 7.6914e-05 0.00147655 0.0757738 0.000419171 0.011082 0.00101107 1.60667e-05 0.0240714 0.00335331 3.7578e-06 0.774317 0.0621407 7.99151e-05 
0.0163637 0.000285508 0.0188345 3.67475e-05 0.0760737 2.85889e-08 0.0031658 0.00416535 0.115379 0.00120746 2.81709e-06 0.286923 0.00256896 1.6427e-05 0.0461111 0.00071287 9.33668e-06 0.379087 0.0490574 2.81288e-10 
0.139245 0.0127934 0.118954 2.97874e-05 0.0344821 3.38931e-05 4.18221e-05 0.0121215 0.0498975 0.049725 0.0623583 0.0572276 0.0493151 0.00210366 0.0185326 0.000986854 0.000256434 0.338899 0.0520211 0.000974643 
0.0722345 0.037324 0.0435069 0.00202459 0.0413468 3.26197e-05 0.00880769 0.0137391 0.140926 0.0839917 0.00480934 0.0648539 0.0944226 0.00080659 0.0700335 0.00125233 0.000385087 0.225285 0.0942167 7.51591e-07 
0.0481911 0.180905 0.193316 0.000299313 0.0339822 6.87654e-07 4.45965e-05 0.00310757 0.0105306 0.144271 1.7363e-06 0.0707311 0.00376712 4.51861e-06 0.00195347 0.000107509 0.00333485 0.302574 0.00287253 6.5465e-06 
0.00422255 0.00177636 0.139231 5.28593e-06 0.00761531 6.08725e-07 0.00137863 0.0259016 0.160371 0.0362517 8.40946e-05 0.048259 0.000406962 0.000283535 0.165946 0.00100829 0.000144711 0.396925 0.0101883 5.40604e-11 
0.00418032 0.00045046 0.0328282 0.000369652 0.00320943 0.000122125 0.000105945 0.0241836 0.075039 0.0162302 0.03142 0.00478913 0.00441375 0.00173798 0.0350899 0.0926035 0.0106508 0.607819 0.054757 5.76531e-11 
0.000830216 0.0008773 0.0114469 3.58653e-06 0.00152339 2.86698e-05 9.73502e-05 0.0246413 0.0916536 0.030147 0.00160238 0.0233343 0.0202305 7.00424e-05 0.231992 0.0162934 2.85262e-05 0.527223 0.0179758 6.16346e-08 
0.0103238 0.00267315 0.0214762 7.91722e-05 0.0900234 6.03671e-06 0.000937393 0.129426 0.0414693 0.0124792 8.30395e-05 0.0149293 0.0080888 0.000831805 0.278848 0.00180273 4.39035e-06 0.351076 0.0354417 1.46078e-09 
0.000576693 0.000623918 0.0167432 2.19136e-06 0.000220594 2.24566e-06 1.859e-05 0.00207216 0.289364 0.0282799 1.23093e-05 0.0447591 0.000539633 0.000361097 0.0569889 0.0109651 1.07184e-05 0.54629 0.0021698 4.78778e-11 
3.75266e-07 0.00644924 0.13878 1.05896e-07 0.000246965 2.2038e-11 1.70295e-11 1.32465e-07 0.32039 5.99665e-07 1.45167e-07 0.0984228 5.39169e-12 9.51139e-08 2.85887e-06 2.88261e-07 5.38853e-12 0.435706 5.4367e-07 3.08623e-11 
0.0944554 0.00143281 0.0155226 1.48068e-06 0.247476 1.65528e-07 0.0181591 0.0043262 0.0330007 0.0301593 0.000442648 0.153081 0.00370296 0.00075817 0.0763753 0.000498719 0.000196664 0.284454 0.0359565 1.24883e-09 
0.0327279 0.00840958 0.0222098 5.62736e-05 0.0280834 3.56567e-05 0.0172001 9.50041e-05 0.128391 0.0724327 4.69879e-07 0.0391554 0.00979768 0.00160028 0.0137102 0.000318412 2.9348e-06 0.482991 0.142782 4.19868e-10 
0.00205879 0.0393601 0.116724 1.26708e-09 0.0025022 1.00229e-09 2.93418e-07 4.23952e-06 0.0114959 0.185124 0.00248211 0.189018 2.03868e-07 0.00113296 0.130709 2.16338e-05 8.5307e-08 0.273804 0.0455626 1.40362e-09 
0.127567 0.0403457 0.00754485 0.0029154 0.0042538 1.23874e-06 0.000235808 0.00277341 0.0580034 0.0314154 5.71112e-05 0.191781 0.00339076 0.000541418 0.108205 0.00620022 1.57631e-05 0.304193 0.11056 1.64779e-10 
0.00342839 0.0103853 0.0458589 1.43985e-07 0.0367369 1.2575e-07 0.000182729 0.0179169 0.0230296 0.0620479 0.000289775 0.182696 0.00355779 0.0329282 0.0671627 0.0404705 0.000227093 0.317762 0.155319 3.00199e-08 
0.0916764 0.0195892 0.119759 8.18894e-05 0.00883292 1.28656e-07 6.53536e-05 0.019406 0.0117232 0.173413 0.00514004 0.035015 0.065795 0.0926524 0.045074 0.000736961 0.0144873 0.173691 0.122828 3.4024e-05 
0.171158 0.00353013 0.118389 7.02365e-05 0.190794 0.00112486 3.05166e-05 0.00212391 0.0133398 0.0779647 0.00595896 0.0197284 0.015958 0.00571671 0.0175314 0.010476 0.000135777 0.311652 0.0343183 2.46047e-09 
0.00171785 0.00174699 0.0479142 2.88342e-07 0.00438711 6.24235e-05 0.000180338 0.000107131 0.299765 0.00968289 8.05911e-05 0.0418812 0.00286523 0.0002916 0.0769783 0.000140641 6.22227e-05 0.358263 0.145195 0.00867756 
9.85672e-07 0.00983981 0.0135197 1.75194e-10 1.14578e-05 8.32889e-08 1.07088e-10 0.00942021 3.32633e-07 0.104201 1.14094e-10 3.42955e-07 1.83121e-07 9.34404e-11 1.34235e-07 3.66541e-07 2.03649e-08 0.863005 1.0286e-06 1.94074e-10 
0.000695157 0.00498371 0.0237811 2.84185e-06 0.000218163 7.65757e-06 5.104e-05 0.0312702 0.0316906 0.0425133 0.000947143 0.00999281 0.00341884 2.75895e-05 0.0789776 0.00484917 3.00255e-05 0.76263 0.00391283 1.28795e-11 
0.00538966 0.00127253 0.0159925 2.77396e-06 0.00225339 7.51222e-06 0.0119649 0.014268 0.0216265 0.0557284 0.00447999 0.0320305 0.0245015 8.79141e-05 0.20278 0.079191 0.000107293 0.480515 0.0477838 1.6949e-05 
0.0412461 0.0379142 0.034635 0.00590225 0.0271841 1.36427e-05 0.00192151 0.0119629 0.0868782 0.0517957 0.00174468 0.178071 0.00434565 0.00177198 0.131909 0.0103665 0.00319824 0.320883 0.0482355 2.19109e-05 
0.00143741 0.0020843 0.0282968 1.42885e-06 0.0556359 7.51754e-06 0.000851877 0.00637839 0.186844 0.00684854 3.50509e-05 0.0540394 0.00281798 4.51683e-05 0.233563 0.0146818 7.87855e-06 0.347315 0.0591085 9.72165e-09 
0.00494239 0.00139054 0.0357777 3.57685e-05 0.0171702 4.4975e-07 0.000137635 0.00326693 0.386204 0.0277345 0.00163007 0.0530513 0.000680376 0.000241409 0.0052591 0.0060725 4.56763e-05 0.395631 0.0607278 2.31573e-07 
0.000258246 0.0002928 0.0257726 2.10149e-06 0.000763185 2.11437e-06 2.04505e-05 0.041568 0.381359 0.0326271 0.000132318 0.00489678 3.1125e-05 0.00012326 0.0656158 0.0181654 1.21389e-05 0.427888 0.000469576 2.49229e-12 
0.000258246 0.0002928 0.0257726 2.10149e-06 0.000763185 2.11437e-06 2.04505e-05 0.041568 0.381359 0.0326271 0.000132318 0.00489678 3.1125e-05 0.00012326 0.0656158 0.0181654 1.21389e-05 0.427888 0.000469576 2.49229e-12 
0.0606832 0.0153587 0.0168314 0.00855299 0.217563 4.44009e-05 6.49005e-05 0.00241987 0.0521603 0.0179695 0.00176399 0.218142 0.00676552 0.00231866 0.0236988 0.00165529 5.40211e-05 0.316021 0.0379331 6.05876e-08 
0.00360428 0.00159877 0.110286 0.00126497 0.000579057 1.26914e-08 4.9309e-05 6.89362e-05 0.346315 0.000875806 3.28041e-09 0.0399632 3.9654e-05 7.73033e-05 0.0034538 0.079079 0.0637348 0.346556 0.00245334 2.09437e-08 
0.00111045 0.0017722 0.0188713 7.90352e-06 0.0397259 3.09715e-06 0.000189643 0.0296036 0.0671526 0.0251289 0.000212444 0.0284579 0.00176433 4.97446e-05 0.00156809 0.000264594 6.97204e-05 0.750928 0.0330561 6.37711e-05 
0.0111465 0.0339795 0.00798103 0.0111583 0.0292297 2.16529e-07 0.000989928 0.0515323 0.118034 0.113644 1.46961e-05 0.162549 0.00686549 0.000428341 0.0494183 0.00774268 0.000150863 0.251805 0.14333 6.70232e-12 
0.00985624 0.0384072 0.12212 1.5936e-06 0.0103127 5.37243e-07 0.00333031 0.00126379 0.017396 0.114073 9.29135e-05 0.0490695 0.121973 0.00392712 0.171368 0.132896 0.000275963 0.188796 0.0148242 1.73517e-05 
0.0643584 0.0280017 0.0792696 3.89216e-05 0.0115691 0.000159254 0.00214782 0.00205073 0.0207039 0.126409 0.000131955 0.165067 0.0872724 0.000582486 0.0927091 0.00431915 0.00886663 0.188281 0.118007 5.475e-05 
0.0131141 0.0117284 0.0955552 3.3639e-08 0.0261334 2.11214e-05 0.000137344 0.0178728 0.00160052 0.0529664 0.000881416 0.0140154 0.0415587 0.282353 0.00682436 0.03074 7.54007e-07 0.291765 0.0784287 0.0343036 
0.04762 0.0211105 0.0565343 1.57098e-05 0.178753 1.69671e-06 0.00683989 0.00717584 0.0222388 0.017983 0.00670129 0.139174 0.00323549 0.000558623 0.0525003 0.000128152 9.70467e-05 0.336838 0.102494 9.77039e-11 
0.221537 0.0111355 0.01333 3.74454e-06 0.0107613 1.55756e-06 1.37221e-06 2.34871e-05 0.00569283 0.0935542 3.90593e-05 0.24038 0.00637787 0.000460603 0.004356 0.0013704 6.94476e-05 0.364578 0.0147544 0.0115722 
3.75266e-07 0.00644924 0.13878 1.05896e-07 0.000246965 2.2038e-11 1.70295e-11 1.32465e-07 0.32039 5.99665e-07 1.45167e-07 0.0984228 5.39169e-12 9.51139e-08 2.85887e-06 2.88261e-07 5.38853e-12 0.435706 5.4367e-07 3.08623e-11 
0.000211294 0.00075733 0.038081 2.81709e-06 0.00129642 0.000136481 6.76139e-05 0.0336404 0.0338466 0.0212814 0.031857 0.00684427 0.00181414 4.33221e-05 0.0953767 0.0793917 0.000164564 0.645214 0.00997306 1.82513e-12 
0.000258246 0.0002928 0.0257726 2.10149e-06 0.000763185 2.11437e-06 2.04505e-05 0.041568 0.381359 0.0326271 0.000132318 0.00489678 3.1125e-05 0.00012326 0.0656158 0.0181654 1.21389e-05 0.427888 0.000469576 2.49229e-12 
0.000579325 4.34414e-05 0.0292508 2.80758e-08 0.0327881 7.15053e-05 0.00038246 0.00150148 0.00849793 0.0117492 3.04402e-09 0.0473561 2.26278e-08 4.90595e-08 0.00242598 0.000786387 2.41507e-06 0.797398 0.067167 5.84846e-09 
0.0113299 0.0144168 0.17462 3.31649e-05 0.180305 0.000103834 0.0131369 0.0214541 0.0845238 0.0326723 6.54755e-05 0.0915747 0.00172803 0.00551424 0.0495159 0.0750986 3.80911e-05 0.22052 0.0233434 5.72575e-06 
0.031997 0.00998061 0.0775924 0.000637222 0.0461841 1.61315e-05 0.00198298 0.0173182 0.052549 0.0581092 0.00430988 0.204342 0.00730341 0.00157584 0.114887 0.00232852 0.00451962 0.295317 0.0687634 0.000287255 
0.102917 0.0443728 0.124139 3.92564e-10 0.00295386 6.17807e-08 0.000811484 2.82252e-08 0.000165683 0.125153 1.09319e-05 0.128989 0.0181874 5.17935e-05 0.200666 5.67609e-07 4.64667e-08 0.233627 0.0179536 4.34867e-10 
0.0328877 0.256531 0.00356937 0.0104402 0.00115353 2.94127e-05 0.00116142 0.000101982 0.0271603 0.00836011 0.00871825 0.171373 0.00197275 0.0184929 0.023423 0.00168567 1.48157e-05 0.291971 0.140953 7.68746e-10 
0.0105166 0.00380534 0.1282 0.000687033 0.0187929 0.000135361 0.00173054 0.0304916 0.0949593 0.119881 0.0020423 0.027914 0.0428409 0.000249652 0.0103746 0.00149271 0.00166293 0.36009 0.144132 9.7891e-07 
0.0137408 1.20502e-06 0.0988265 1.20339e-06 1.20511e-06 0.0502009 1.20421e-06 1.20524e-06 1.20519e-06 1.20537e-06 1.20413e-06 1.20535e-06 0.0651965 0.00770924 0.0409806 1.2049e-06 0.00156782 0.408257 0.313508 1.20316e-06 
0.0686625 0.00431695 0.0645684 0.000156076 0.00626627 0.000603804 0.000891705 0.0290537 0.0370916 0.0215527 0.0029848 0.134303 0.0340012 6.69682e-05 0.0775793 0.000826717 6.21834e-05 0.36963 0.147382 4.04191e-08 
0.0202216 0.00118685 0.0511225 0.000753719 0.021412 9.04116e-05 0.00043915 0.0077972 0.0937569 0.0287407 0.0419004 0.0526547 0.00486768 0.00152355 0.0458964 0.00983348 0.0148679 0.456611 0.146282 4.20714e-05 
0.0158449 0.0970979 0.0277208 0.000353606 0.0099009 1.35826e-05 0.0221382 0.00847874 0.203862 0.0669406 0.00154206 0.0772814 0.0173353 0.000374765 0.057247 0.00751881 0.00447302 0.313378 0.0684978 1.63956e-07 
0.00506615 0.223551 0.0463925 7.21815e-05 0.0453566 6.15655e-05 0.0115455 0.000189417 0.0198924 0.067313 8.80649e-05 0.0878821 0.0105296 0.000132341 0.0290352 0.0160801 6.77715e-05 0.41339 0.0233508 3.4068e-06 
0.000426797 0.000268835 0.0330644 1.61476e-05 0.00174142 5.40653e-05 1.4711e-08 0.00556859 0.294703 0.0333916 3.43843e-05 0.0298954 0.00155721 0.000241802 0.121874 0.0247086 4.67434e-06 0.432803 0.0196464 4.46603e-12 
0.00039156 3.9852e-05 0.019005 4.6098e-09 0.000928953 6.58194e-07 1.75045e-08 0.00260644 0.276151 0.0235539 1.24569e-05 0.0195222 3.11361e-05 0.00011761 0.100199 0.0139604 1.73081e-06 0.541298 0.00218011 5.82602e-12 
0.0561554 0.00664847 0.114306 0.00200106 0.00839713 7.27859e-06 0.000177856 0.0335559 0.175618 0.0441772 0.00025507 0.0393705 0.0243887 0.00666643 0.118169 0.0171358 0.00670285 0.282647 0.0632119 0.00040851 
0.0189051 2.7085e-06 0.0296012 7.99922e-06 0.0636663 0.000172215 0.00199961 1.04407e-05 0.0275968 0.000135602 0.00101979 0.0171258 0.142301 4.39802e-05 0.0200601 0.000128552 7.27935e-06 0.575711 0.101504 2.23e-07 
0.0281492 7.58433e-05 0.115986 4.83655e-06 0.0138794 2.98911e-11 1.36096e-07 0.000891813 0.0248029 0.0219934 2.76735e-07 0.0657166 4.8158e-07 0.00292496 0.0426967 0.0010873 0.000293066 0.610191 0.0713061 3.2695e-10 
0.0343131 0.00922338 0.00641562 2.28713e-06 0.0886616 3.87446e-05 0.000141759 0.00380756 0.0235608 0.0150922 6.8775e-06 0.0758662 0.0218195 0.000498868 0.0103877 9.74705e-05 4.82712e-05 0.482538 0.227276 0.000204909 
0.00562668 0.0766473 0.101092 7.96333e-06 0.054902 3.88589e-05 5.56456e-05 0.00172771 0.00416388 0.0475873 0.00378782 0.0422996 0.00164161 0.000307872 0.0218538 0.00123944 9.68571e-05 0.591991 0.0449331 1.61394e-07 
0.00133315 0.00364583 0.138935 2.28758e-08 0.000131853 4.32115e-07 0.0011738 1.78361e-06 0.0348085 0.137267 0.000504418 0.0324092 0.019825 5.35691e-08 0.290731 0.0117845 1.05394e-05 0.308112 0.0193259 2.30351e-12 
0.0030443 0.00924128 0.0676672 0.00200493 0.000308008 1.76421e-05 0.000549187 0.00421788 0.0169395 0.0216764 0.00745883 0.0311517 0.00209208 0.00022746 0.0943854 0.00204929 0.0126346 0.714932 0.00940231 8.72078e-08 
0.0116222 0.000397174 0.054564 0.000235639 0.00471613 7.81735e-07 0.00012541 0.0124612 0.0804253 0.0145103 0.000528333 0.0133778 0.00174515 0.000905275 0.0191226 0.00672874 0.00266542 0.750184 0.0256849 1.78841e-09 
0.0015218 0.000243895 0.00506019 1.74994e-05 0.00105589 0.000320893 0.000104112 0.000276229 0.0198396 0.00151301 1.72975e-05 0.0680224 0.00163425 0.000233407 0.240079 9.23459e-05 2.21486e-05 0.433076 0.22687 1.08826e-11 
0.0226964 0.00868542 0.194843 0.000237009 0.0375316 0.000198161 0.0013084 0.0131291 0.0448032 0.0524213 0.00142727 0.0864097 0.0109972 0.00118948 0.1509 0.000785335 0.000231377 0.317494 0.0547125 3.56683e-07 
0.00290504 0.00291265 0.0664906 0.000317979 0.000886708 3.05965e-06 6.97881e-05 2.35031e-05 0.131819 0.00409698 1.78677e-07 0.158442 0.000988198 2.52529e-05 0.276094 0.00431406 1.23022e-06 0.317361 0.0332491 1.02648e-09 
0.0500723 0.00904185 0.0362946 0.000135602 0.0623363 0.00014422 0.000879222 0.00676932 0.0547648 0.0354899 0.000538636 0.151216 0.00367267 0.00184695 0.15934 0.00276842 0.000702025 0.372031 0.0519128 4.39622e-05 
0.0544783 0.0246023 0.175652 0.000226226 0.0104512 0.00901392 0.00379779 0.0122331 0.0870037 0.0637065 0.00710857 0.0506931 0.158775 0.00413887 0.0242505 0.016518 0.00202204 0.248517 0.0468015 1.09553e-05 
0.0255039 0.000229993 0.0101405 7.28545e-07 0.0435521 2.08445e-10 1.53446e-06 0.000653171 0.0417782 0.00644707 0.00010118 0.140261 1.5095e-07 0.000384101 0.0150022 3.39398e-08 0.00445471 0.416452 0.295038 2.91908e-10 
0.0102284 0.0109527 0.0273812 3.34114e-05 0.00981445 6.55435e-07 0.000397892 0.0317298 0.125273 0.0755534 0.000475031 0.11326 0.00638481 0.000432664 0.227639 0.00980321 0.000103233 0.325868 0.0214415 0.00322757 
0.00722597 0.00424907 0.0527793 0.000116784 0.0054982 2.49261e-05 0.000126213 0.0121532 0.145393 0.0371289 0.0023517 0.134391 0.00170019 0.000199953 0.145169 0.0141507 0.000381312 0.373181 0.0637797 1.67399e-07 
0.00493933 0.0046567 0.0176335 1.11903e-05 0.0022227 7.3043e-10 1.78744e-05 0.00188551 0.228804 0.0121519 1.34349e-09 0.175902 0.000135979 3.79889e-05 0.145457 0.00094415 1.98964e-05 0.398325 0.0068551 8.75912e-13 
0.000843096 0.00173405 0.0251133 9.87377e-06 0.000308924 1.81893e-09 4.54257e-05 0.000158421 0.298531 0.00166587 6.27053e-06 0.0358981 5.27461e-05 9.7589e-05 0.268385 0.0320473 1.57347e-05 0.330348 0.00473858 7.89767e-12 
0.0301085 0.014252 0.0563073 5.87101e-09 0.00880129 1.56917e-06 4.8601e-05 1.3975e-06 0.0110607 0.272961 8.24528e-08 0.0553438 0.0145487 6.35663e-05 0.108841 0.0145125 1.61846e-05 0.377242 0.0358899 2.06083e-11 
0.00360428 0.00159877 0.110286 0.00126497 0.000579057 1.26914e-08 4.9309e-05 6.89362e-05 0.346315 0.000875806 3.28041e-09 0.0399632 3.9654e-05 7.73033e-05 0.0034538 0.079079 0.0637348 0.346556 0.00245334 2.09437e-08 
0.000895113 0.00156158 0.0186487 9.32128e-05 0.00112854 1.8767e-06 0.000195032 0.00352893 0.390922 0.0100045 4.91731e-05 0.0145891 0.000180926 2.94646e-05 0.0366238 0.00282697 0.00841567 0.503544 0.00676065 1.04129e-08 
0.0330028 0.0234416 0.058443 0.00965789 0.0420149 5.6175e-05 0.000358873 0.000781039 0.0696383 0.0456168 0.0112041 0.0892441 0.0143116 0.000824374 0.140362 0.00127497 0.00364065 0.284761 0.171362 4.11533e-06 
0.016488 0.0133588 0.101478 1.12704e-06 0.0048781 8.91518e-07 0.000512292 0.00017196 0.0102339 0.125276 0.000132162 0.000274124 0.0638488 6.01109e-07 1.18277e-07 0.00295791 2.17985e-07 0.656755 0.00363022 1.24849e-06 
0.00213429 0.000982314 0.00171572 9.52621e-07 0.0558561 2.60544e-05 0.000304125 0.000180939 0.0223062 0.00158363 3.30571e-08 0.0127981 0.00539922 1.78334e-07 4.6839e-05 0.00018918 1.42105e-06 0.635258 0.261072 0.000145596 
5.25653e-05 0.000154166 0.00566426 5.00643e-06 0.00213269 4.01037e-05 0.000136248 0.0344975 0.082884 0.0393842 0.00224211 0.00950402 0.0237716 9.80319e-05 0.288899 0.0228105 3.99178e-05 0.464658 0.0230259 5.30023e-08 
0.0216608 0.04006 0.0544214 0.000427471 0.00326527 1.9297e-08 0.000198053 0.00165772 0.0764004 0.0605191 0.000102746 0.0582105 0.0150005 0.00242815 0.0404872 0.0119956 4.64407e-05 0.313663 0.299456 3.12281e-12 
0.0995065 0.0598194 0.0304905 3.90739e-06 0.00102611 3.28147e-07 2.00626e-05 0.0370984 0.0308412 0.171957 4.82563e-05 0.0826892 8.7644e-05 0.000165733 0.0363135 0.0655044 2.69332e-06 0.382821 0.00159364 1.0773e-05 
0.000453654 0.0012291 0.0184771 4.35864e-05 0.00873825 1.19085e-05 0.00135466 5.50022e-06 0.0847099 0.0105778 1.5992e-08 0.0780901 0.00259651 0.00015226 0.204377 0.00153763 1.40362e-05 0.415102 0.172529 2.86446e-08 
0.00224083 0.00455517 0.0128257 6.31303e-06 0.00381408 6.5636e-08 0.000578425 0.000922296 0.000311438 0.0152428 5.40373e-08 0.0834665 0.000150284 7.49541e-06 0.0505134 0.0024889 3.26584e-06 0.808022 0.0148506 9.19173e-08 
1.52673e-05 1.15574e-07 0.00370368 1.24921e-05 0.0010962 8.82719e-08 6.63244e-08 0.0815506 0.00472587 0.0904396 0.00560434 0.00180207 0.0456998 9.52115e-05 0.153424 0.0412212 5.44565e-05 0.561753 0.00880256 7.7145e-08 
0.013027 0.0475639 0.058629 0.00612116 0.000617059 3.37542e-05 0.000475591 0.0027352 0.0110451 0.0453809 0.00857988 0.115085 0.0743788 0.000610043 0.134789 0.00176841 0.000319734 0.37704 0.1018 1.19448e-06 
0.00364752 0.00899732 0.0348229 6.16397e-05 0.00103053 1.65656e-05 0.000582047 0.0297256 0.130169 0.034746 0.000445496 0.0650512 0.0161928 0.000288232 0.241884 0.0259824 0.000101748 0.346295 0.0599602 8.22962e-12 
0.0276791 0.00891685 0.0281729 0.0135116 0.0115095 6.16206e-09 2.09333e-05 0.000275158 0.0846131 0.0244753 0.00163854 0.212563 0.000112838 0.000170381 0.0393433 0.000813108 6.71356e-06 0.537558 0.00862027 2.80723e-10 
0.0221775 0.000699353 0.0610318 5.65549e-08 0.0111823 7.79777e-09 6.47667e-05 0.000100183 0.0756495 0.0100591 0.000166022 0.0438214 0.000397995 0.0077774 0.178326 0.000444162 1.90285e-06 0.533405 0.0546957 8.58387e-11 
0.0126842 0.00418357 0.0368378 0.00129413 0.0763761 3.68759e-05 0.00827754 0.0212572 0.0544219 0.0217586 0.000603129 0.0666473 0.00998205 0.000377907 0.197641 0.00278896 7.93703e-05 0.364593 0.120159 1.17809e-09 
0.000258246 0.0002928 0.0257726 2.10149e-06 0.000763185 2.11437e-06 2.04505e-05 0.041568 0.381359 0.0326271 0.000132318 0.00489678 3.1125e-05 0.00012326 0.0656158 0.0181654 1.21389e-05 0.427888 0.000469576 2.49229e-12 
0.000258246 0.0002928 0.0257726 2.10149e-06 0.000763185 2.11437e-06 2.04505e-05 0.041568 0.381359 0.0326271 0.000132318 0.00489678 3.1125e-05 0.00012326 0.0656158 0.0181654 1.21389e-05 0.427888 0.000469576 2.49229e-12 
0.0134609 0.000546798 0.0183951 6.66805e-06 0.0385146 1.71345e-06 1.30966e-05 0.0390919 0.0265205 0.0198637 7.85077e-05 0.0351723 0.000410309 0.000138167 0.0853447 0.000963306 2.16053e-05 0.521025 0.200431 2.92363e-09 
0.0265001 0.0103103 0.0376858 1.57526e-05 0.018015 3.3496e-05 0.00142661 0.0408755 0.0637708 0.0710206 0.00268492 0.0567973 0.0417126 0.000448397 0.0513112 0.00872065 0.000168883 0.525986 0.042516 6.59158e-09 
0.00227926 0.223275 0.13445 1.76208e-05 0.000189031 3.93207e-08 7.65045e-05 0.00391387 0.0514304 0.0285522 1.08019e-05 0.0462076 0.00842397 9.518e-05 0.102278 0.0695087 0.00419087 0.31971 0.00538827 3.17616e-06 
2.36494e-05 0.000199991 0.0147253 9.13758e-05 8.48178e-05 4.46606e-06 3.49166e-06 0.000172382 0.00065831 0.000628281 1.17253e-05 0.00228435 2.71659e-05 1.36337e-06 0.0296364 0.00024353 9.14338e-07 0.936226 0.0149765 7.51023e-08 
0.0226418 0.0184659 0.111296 0.000485884 0.0172325 1.68078e-05 0.000110691 0.00269684 0.238038 0.0517847 0.000296721 0.0416611 0.00537505 0.000421445 0.0301445 0.00261939 0.00958765 0.401748 0.0453393 3.75938e-05 
0.0275588 0.00884062 0.0292399 0.000199563 0.0100557 4.07415e-05 0.00047132 0.0129732 0.190329 0.0154163 0.00698379 0.0577274 0.00265972 9.28213e-05 0.0459287 0.0311329 0.000158263 0.496364 0.0638267 1.42523e-07 
0.0224157 0.0014303 0.0431808 7.92556e-07 0.0859782 0.000152392 0.000199727 0.0057934 0.106167 0.0428281 0.00150869 0.0508676 0.0766626 0.00371429 0.0331138 0.00413184 0.000191804 0.295204 0.226458 2.74334e-11 
0.0457458 0.0231365 0.14185 0.000338444 0.00557431 4.34698e-05 0.00314977 0.00440291 0.0205282 0.0508578 0.00227755 0.111271 0.0129277 0.00466524 0.222326 0.00535712 0.00402546 0.295459 0.0460336 2.86476e-05 
0.0242185 0.000625964 0.0207415 0.0131612 0.286697 3.66515e-06 0.00162314 0.0117058 0.0177581 0.0113928 0.0174251 0.0134501 0.000398956 0.0026116 0.042456 0.00182008 1.44806e-05 0.332158 0.201738 1.25886e-10 
0.00792284 0.00164587 0.0160482 6.5292e-06 0.00376432 8.66526e-07 7.09986e-05 0.00985186 0.0779684 0.0425929 1.28468e-05 0.278787 0.010085 1.68794e-05 0.167295 0.00244724 0.000191231 0.354981 0.0262963 1.47432e-05 
0.002057 0.000776375 0.0132174 0.000114337 0.000334416 7.39757e-08 1.85243e-05 0.0630795 0.314503 0.0149311 4.45939e-05 0.022931 0.000969841 0.000102972 0.176164 0.00951969 1.15919e-05 0.376986 0.00423858 7.82427e-12 
0.0155692 0.0235935 0.034789 0.00918931 0.00660072 1.1334e-05 0.000115385 0.0183445 0.00273035 0.13411 9.8889e-05 0.0307862 0.025156 0.00104037 0.0254921 0.000767194 3.03266e-05 0.644822 0.0266882 6.60664e-05 
0.00600932 0.000878936 0.0277788 0.00127528 0.00483244 1.02835e-08 5.47526e-05 0.00417761 0.318568 0.0421938 0.00297833 0.0268694 0.000790159 0.00277536 0.00729945 0.0350266 0.00279259 0.433782 0.0819164 6.25357e-07 
0.00519614 0.0296845 0.0659081 1.35203e-05 0.00471225 2.79692e-05 0.000203177 0.0187581 0.0903903 0.0335522 4.57581e-07 0.07188 0.0427081 0.000396639 0.0606983 0.0391396 6.05875e-05 0.431946 0.104724 3.48435e-10 
0.0304192 0.0158977 0.125435 0.00107125 0.0688492 5.92817e-06 0.00263312 0.0069756 0.0931876 0.0781706 0.00583875 0.137937 0.0197225 0.00528494 0.0355442 0.0132715 0.00219117 0.24215 0.115415 9.87094e-08 
0.0365782 0.00626401 0.0584678 0.000492996 0.0211451 8.22294e-05 0.000466753 0.0176972 0.101521 0.0642797 0.000461578 0.116829 0.0267639 0.0015459 0.215609 0.0181862 0.00330828 0.215615 0.0946859 3.90665e-08 
0.059433 0.0143304 0.0518774 0.00203639 0.100295 4.89341e-05 0.00223072 0.00964769 0.0720349 0.128852 0.00310932 0.125635 0.0086363 0.0064174 0.0491344 0.00382663 0.0143063 0.283132 0.0646866 0.00032924 
0.0266006 0.219026 0.0750209 2.60773e-06 0.00248201 1.2961e-05 0.000230444 0.012647 0.183574 0.0832865 0.000106188 0.060896 0.00561197 0.000319948 0.0322839 0.0247826 0.000229309 0.240555 0.0323326 3.65353e-09 
0.0954671 0.000307652 0.251416 0.0112141 0.013019 2.43061e-06 1.81524e-07 0.00155475 0.027522 0.011632 3.35653e-06 0.0725907 4.46191e-05 0.00114401 0.0504895 9.31895e-05 1.33739e-08 0.371729 0.091768 2.34565e-06 
0.0365548 0.00527678 0.0460141 0.000155663 0.0103524 0.00626207 0.00333221 0.00109897 0.00989824 0.0694056 0.00210317 0.0799358 0.0375193 0.00475813 0.0793836 0.00128379 0.00023246 0.488251 0.118073 0.000108609 
0.0158934 6.60243e-07 0.00259126 0.000148717 0.00614595 7.22621e-09 6.32179e-06 1.11369e-09 2.69138e-06 0.00230306 5.94925e-09 0.169306 0.386036 4.8723e-09 2.34998e-06 0.000427848 1.76688e-09 0.405695 0.01144 1.26972e-06 
0.0300638 0.0837038 0.0782175 2.97531e-05 0.00289427 0.00020407 0.000283514 0.0272952 0.0222965 0.0509069 0.00320618 0.0687658 0.0475965 0.0003566 0.0698484 0.0087519 0.000294177 0.415034 0.0902412 1.02013e-05 
0.0358649 0.000602662 0.0162242 0.000349947 0.0282333 3.31204e-05 0.000525101 0.0111817 0.0341487 0.00685241 0.000286472 0.0544522 0.00901554 0.00160759 0.0172972 0.000938578 0.00689027 0.546148 0.229344 3.7722e-06 
0.00558995 0.00194938 0.0836197 0.000130847 0.000641072 3.44921e-08 2.54792e-05 0.000869246 0.00184149 0.0207988 0.000454406 0.0236076 0.00123287 0.00018507 0.0208694 0.000497662 3.07314e-05 0.807609 0.030047 8.80007e-12 
0.0130068 0.0279984 0.0510259 1.41903e-06 0.02941 3.15551e-06 0.000122404 0.00947923 0.0884624 0.0315809 0.000412174 0.117166 0.00492804 0.000391518 0.115924 0.00954556 1.69971e-05 0.47767 0.0228558 5.07888e-07 
0.0159592 0.00106787 0.152848 4.39914e-06 0.0297888 1.43717e-05 4.50408e-05 9.86767e-08 0.0692272 0.0103845 0.00520523 0.0392732 0.0528278 5.00929e-05 0.0268181 0.00146846 7.62349e-05 0.592631 0.00224651 6.39919e-05 
0.000475606 0.0004173 0.0348352 1.47244e-05 0.0373836 1.10086e-05 0.000197672 0.00167066 0.166774 0.00526127 0.000216987 0.0205746 0.0033318 3.86896e-05 0.00436402 0.000186376 3.39055e-05 0.660049 0.0594353 0.00472884 
0.0353145 0.0386815 0.0340919 0.000417389 0.03745 2.09758e-05 0.0391895 0.00665502 0.116639 0.044596 0.00104082 0.142708 0.0102234 0.00130705 0.0966131 0.00139393 0.0118984 0.233825 0.147934 7.53926e-08 
0.000175537 0.000699994 0.0390895 3.25823e-08 0.000108639 1.27775e-07 1.2343e-07 0.00452538 0.0865918 0.0331603 0.000523142 0.0252829 4.81784e-05 0.000826688 0.140003 0.0108135 1.35705e-05 0.655546 0.00259229 1.42962e-10 
0.196475 0.0083491 0.0861504 0.000549627 0.00313142 1.45453e-05 0.000672485 0.00306371 0.0545735 0.0614133 0.00109626 0.0682875 0.0129246 0.00137048 0.116179 0.0146892 0.0264597 0.280537 0.0640634 2.42944e-08 
0.0216318 0.00884302 0.079683 0.00585566 0.0202166 8.71382e-05 2.83996e-05 0.00109864 0.0601577 0.0278286 1.28055e-06 0.0359561 0.00665059 6.27167e-05 0.0919968 0.00274832 4.02636e-05 0.617915 0.0191979 1.9107e-10 
0.000178916 0.000451629 0.0175002 1.02699e-08 0.00106084 7.08083e-07 1.6455e-05 0.00818404 0.439462 0.00725814 0.000122909 0.0138055 0.000100494 9.70453e-06 0.053119 0.00161877 3.46484e-05 0.452128 0.00494786 2.34548e-12 
0.00039156 3.9852e-05 0.019005 4.6098e-09 0.000928953 6.58194e-07 1.75045e-08 0.00260644 0.276151 0.0235539 1.24569e-05 0.0195222 3.11361e-05 0.00011761 0.100199 0.0139604 1.73081e-06 0.541298 0.00218011 5.82602e-12 
0.00048777 0.00876699 0.112934 6.48602e-09 0.000327245 6.41902e-06 1.49162e-11 0.0108651 0.030699 0.16107 6.31625e-08 0.0314025 0.00531131 2.98699e-05 0.19433 0.133542 7.73057e-09 0.303176 0.00705243 2.70324e-11 
5.24432e-05 0.0256264 0.0117809 1.43145e-07 2.24822e-05 2.21227e-06 7.39523e-05 1.28435e-05 0.0156483 0.0833767 0.000261676 0.117605 0.0540494 0.000116288 0.213888 0.00699901 1.75205e-05 0.455399 0.0150678 9.3162e-10 
0.0110669 0.00922024 0.0332509 0.000120197 0.0182104 0.000179043 0.000519375 0.00719721 0.0486396 0.0371946 4.25337e-05 0.129432 0.00212573 0.000140042 0.241612 0.00267632 3.5383e-05 0.28566 0.172677 4.87334e-09 
0.0136887 0.0290557 0.0705908 0.000739258 0.0286535 6.80987e-06 6.92536e-05 0.027393 0.0863151 0.122781 5.01456e-05 0.052036 0.00996664 1.43749e-05 0.0180209 0.0199029 9.89412e-05 0.478907 0.0250291 0.0166814 
0.0121781 0.00741354 0.0133157 0.0008496 0.00195525 0.000773404 0.000660253 0.0127103 0.0407372 0.0150209 0.00641728 0.0855613 0.0258604 0.00393599 0.229995 0.0385794 0.000313061 0.347908 0.155801 1.47222e-05 
0.00159681 0.000741739 0.100191 4.17167e-05 0.00832242 0.000155496 5.02901e-08 0.00580551 0.0674217 0.0284449 1.18549e-05 0.0531811 0.0115151 0.000101369 0.187988 0.000528605 1.73661e-05 0.420441 0.113495 3.50207e-12 
0.0014686 0.107322 0.114541 1.86869e-06 0.000378341 9.62363e-09 4.65146e-12 0.000195342 0.0555728 0.0420658 1.16771e-05 0.0870748 0.000620706 0.00020754 0.1281 0.000740276 1.06684e-05 0.455632 0.00605682 6.54538e-10 
0.00405389 0.000734986 0.109125 0.00877962 0.00562039 1.6481e-05 3.64332e-08 0.000115553 0.336683 0.00275876 8.0959e-07 0.0300217 0.000137672 9.9086e-05 0.0216406 0.032114 0.000416106 0.431478 0.0162039 1.21054e-10 
1.52673e-05 1.15574e-07 0.00370368 1.24921e-05 0.0010962 8.82719e-08 6.63244e-08 0.0815506 0.00472587 0.0904396 0.00560434 0.00180207 0.0456998 9.52115e-05 0.153424 0.0412212 5.44565e-05 0.561753 0.00880256 7.7145e-08 
0.00273644 0.00414866 0.0482695 6.13665e-06 0.00138286 0.000121116 2.21829e-06 0.000584206 0.0132926 0.010879 0.000477481 0.0380081 0.00977747 3.81634e-05 0.251939 0.00724224 2.38884e-05 0.579767 0.0313039 3.72425e-10 
0.000150787 0.000390201 0.0565667 4.22454e-07 0.00353774 3.96465e-06 5.37406e-07 0.00592013 0.0225886 0.00477184 1.23669e-05 0.0538866 0.0160143 0.000812691 0.277754 0.000925849 8.29858e-06 0.482769 0.0738862 1.04833e-10 
0.0343131 0.00922338 0.00641562 2.28713e-06 0.0886616 3.87446e-05 0.000141759 0.00380756 0.0235608 0.0150922 6.8775e-06 0.0758662 0.0218195 0.000498868 0.0103877 9.74705e-05 4.82712e-05 0.482538 0.227276 0.000204909 
0.00974872 0.0016154 0.00681118 7.08992e-07 0.0868352 1.87576e-05 0.00146168 4.46798e-05 0.0701383 0.00199029 8.06284e-06 0.160743 0.0109893 0.000374295 0.00553505 7.10793e-05 0.000393297 0.389657 0.253564 2.30009e-07 
0.00906795 0.00223086 0.0318265 9.88287e-06 0.000511244 2.57431e-09 0.00225655 0.000124082 0.281047 0.000585998 0.000189312 0.046951 0.000215339 8.64115e-05 0.244207 0.0323418 1.45651e-05 0.344513 0.0038212 1.41726e-11 
0.032034 0.0123328 0.0216789 1.41796e-06 0.00244653 7.05574e-05 0.000968527 0.000125177 0.0110583 0.081727 0.00260931 0.144494 0.0880338 0.000129843 0.0971134 0.00195483 6.58129e-06 0.495644 0.00757101 6.28381e-10 
0.000283935 0.00062406 0.0252924 4.49351e-05 0.000677372 0.000166322 0.00143218 0.000348038 0.0294123 0.00467844 0.0143796 0.00763396 0.0538717 0.000129635 0.0418251 0.0179918 0.0143576 0.762142 0.0247083 1.05132e-07 
0.0072957 0.0134778 0.0920556 1.27704e-06 0.0044713 9.00007e-06 0.00516999 0.070737 0.169688 0.107479 0.00255038 0.0586008 0.0316022 0.000941498 0.186898 0.0131725 0.000192417 0.212239 0.0234171 2.16986e-06 
0.00649393 0.0100274 0.0964996 0.000213445 0.0162994 9.63934e-05 0.000163755 0.0756265 0.0145363 0.0749002 0.0241637 0.0542942 0.0205009 7.22861e-05 0.146989 0.00382089 0.000206626 0.356233 0.0988621 4.24349e-09 
