0.0882096 0.000369863 0.00960885 0.000114512 0.205404 3.31603e-05 6.18437e-05 8.68343e-08 0.144309 0.000137036 5.07856e-09 0.0386105 9.88815e-05 9.88875e-07 0.00131283 8.91966e-07 1.73593e-06 0.4076 0.102296 0.00183002 
0.00817327 0.0544705 0.100571 0.000332902 0.0058323 2.91122e-05 0.000741271 0.00593109 0.0766219 0.0873691 0.000132773 0.088818 0.0072183 0.000425451 0.128705 0.00833018 1.37495e-05 0.318333 0.1054 0.00255179 
0.108684 0.00746602 0.0119579 0.000201807 0.0413032 0.0500541 1.53242e-05 0.00101928 0.0234159 0.00336664 0.0119929 0.0231705 0.00509481 0.000847606 0.00349511 0.00179907 0.00318567 0.506985 0.195781 0.000163903 
0.0433454 0.0293023 0.164284 0.000225617 0.0126003 2.04995e-07 0.00211232 0.136502 0.01295 0.0932069 0.00348598 0.10429 0.0951969 0.00129226 0.0583296 2.05178e-07 0.00266793 0.191155 0.0483983 0.000655825 
4.2775e-07 7.33315e-05 0.0384313 1.13214e-06 5.3812e-06 4.24256e-06 2.76868e-05 0.000765615 0.0471629 0.0235596 0.00028486 0.00662513 0.0328215 2.0833e-05 0.112836 0.117046 6.99307e-06 0.61114 0.00918742 6.49959e-10 
0.0323887 0.0117709 0.013969 5.41672e-05 0.0415656 8.99962e-05 0.000533984 0.000881778 0.029691 0.298792 0.000569419 0.0208094 0.0586896 0.000888752 0.0218676 0.00441433 0.000138015 0.403852 0.0588777 0.000155943 
0.00144023 7.38221e-05 0.0314021 1.09952e-06 0.00207428 2.01649e-05 4.24498e-05 0.000471041 0.0125366 0.00137335 7.90243e-05 0.0156251 0.00170198 2.25763e-05 0.0429147 0.000367433 5.17788e-06 0.78704 0.102809 2.69868e-10 
0.100758 0.014728 0.0858531 0.000284025 0.0226029 6.99473e-06 0.0008442 0.000601935 0.0411929 0.198298 1.06435e-06 0.101512 0.010868 3.07102e-05 0.0690734 0.00498627 0.0082887 0.323055 0.014141 0.0028738 
0.00137116 0.000419825 0.00861878 4.06594e-05 0.00774477 5.56496e-05 0.000362068 0.0145607 0.276021 0.00258347 0.000186349 0.0108877 0.00841265 0.000411054 0.080403 0.000387289 3.29568e-05 0.450168 0.137332 7.69403e-08 
0.0244776 0.000448862 0.0213401 5.02844e-06 0.0667203 2.20122e-07 8.17439e-05 0.0817918 0.0535651 0.00763629 9.96843e-05 0.205866 0.000183696 6.15037e-06 0.0454035 2.61026e-07 1.17905e-06 0.461375 0.030997 1.68321e-10 
0.00466994 8.06127e-05 0.0777439 0.000919555 0.0247071 6.73396e-11 0.000112211 0.000102348 0.210684 0.00875874 0.000295555 0.266262 1.90083e-06 0.000348808 0.0420963 8.69428e-06 2.01521e-05 0.321704 0.0414845 9.4303e-11 
0.014985 0.00627348 0.10643 2.69469e-05 8.92915e-05 1.08905e-08 0.000331674 1.07939e-05 0.000447838 0.0190921 2.1378e-05 0.0481394 0.102225 2.04249e-05 0.0121466 0.00368607 4.69639e-06 0.683293 0.00256669 0.000210114 
0.0018655 0.00259512 0.0432013 9.55552e-05 0.00267926 6.46866e-05 0.000148559 0.0276013 0.184739 0.033689 0.0280892 0.0195883 0.00332514 0.000397407 0.164166 0.056202 0.00115823 0.404396 0.0259977 2.57493e-11 
0.000258246 0.0002928 0.0257726 2.10149e-06 0.000763185 2.11437e-06 2.04505e-05 0.041568 0.381359 0.0326271 0.000132318 0.00489678 3.1125e-05 0.00012326 0.0656158 0.0181654 1.21389e-05 0.427888 0.000469576 2.49229e-12 
0.000103914 0.0407946 0.00648159 7.7311e-06 0.00134028 5.89275e-08 1.31525e-05 0.000501482 0.00717885 0.127107 1.64722e-06 0.0599754 2.08855e-07 1.36962e-05 0.155043 0.00799671 6.84996e-09 0.590266 0.00317445 3.13745e-07 
0.000401094 0.000160228 0.064818 1.49032e-08 0.000807366 3.42526e-08 1.66844e-07 0.00309136 0.0112013 0.0293559 1.23641e-11 0.0604719 0.0026335 3.98836e-08 0.199357 5.36699e-12 1.35546e-05 0.551075 0.0766137 2.10313e-11 
0.027004 0.00922556 0.0610228 0.00421935 0.102531 0.000253413 0.00242818 0.0129664 0.0524738 0.0620964 0.00580753 0.024383 0.015754 0.00279568 0.0892194 0.00706748 0.000350028 0.471206 0.0490881 0.000107654 
0.0121566 0.0677219 0.0523287 0.000203272 0.000740165 9.6522e-06 0.000809111 3.91687e-05 0.043945 0.118436 0.000146748 0.126771 0.000580328 1.06314e-05 0.0101266 0.00250713 8.21693e-05 0.555697 0.00768841 1.90028e-09 
0.0156879 0.00315983 0.088989 0.000545914 0.0149881 7.35077e-05 3.54655e-05 0.00637282 0.0851821 0.128087 0.0011013 0.139998 0.000871929 5.10015e-05 0.173583 0.0282863 0.000117679 0.240692 0.0721592 1.78677e-05 
0.0283609 0.00893381 0.0074394 0.00168049 0.041503 2.27066e-05 0.00111983 0.00583374 0.0743688 0.0187018 0.000499474 0.0696828 0.00150591 8.86522e-05 0.0398267 0.0142785 4.40108e-05 0.664886 0.0205327 0.000691274 
0.0343588 0.00561094 0.0575616 3.73955e-05 0.117284 9.81067e-06 0.000184135 0.00211173 0.0274871 0.0294436 1.60352e-06 0.148052 0.00309828 0.000265196 0.184896 0.00725199 6.01659e-06 0.235993 0.146291 5.53866e-05 
0.00339777 0.00487477 0.0203879 4.60707e-05 0.00279309 1.93655e-08 0.000479095 4.78345e-05 0.170752 0.0049216 2.11766e-05 0.0510127 0.000803027 8.39076e-06 0.269251 1.88924e-05 4.95922e-05 0.445391 0.0257436 7.98094e-07 
0.0151738 0.0261369 0.0505097 0.000267358 0.0192341 0.0342643 0.00116758 0.0108925 0.0675342 0.0276054 0.000321034 0.0806866 0.0488358 0.00114863 0.154538 0.0126693 0.00336595 0.344244 0.101405 2.56436e-08 
0.0172386 0.00683322 0.130338 0.00722009 0.0888678 1.00428e-05 0.000890318 0.00770296 0.0528831 0.0644504 0.00168139 0.0507091 0.0423675 0.000739439 0.0502196 0.0261654 6.53139e-05 0.235861 0.21561 0.000147587 
0.00039156 3.9852e-05 0.019005 4.6098e-09 0.000928953 6.58194e-07 1.75045e-08 0.00260644 0.276151 0.0235539 1.24569e-05 0.0195222 3.11361e-05 0.00011761 0.100199 0.0139604 1.73081e-06 0.541298 0.00218011 5.82602e-12 
0.0586459 0.0165549 0.0113302 0.000255039 0.00482616 5.74785e-09 0.000337445 0.155101 0.0862982 0.0144202 0.00186997 0.0512378 0.00224262 0.000682729 0.043603 0.0108067 0.000994019 0.512437 0.028356 1.16671e-09 
0.00254754 0.0108396 0.0808098 2.61623e-05 0.00228992 2.01215e-07 0.00138565 1.20595e-05 0.00497245 0.0296343 0.0011889 0.205128 0.00653088 0.00143932 0.181587 0.000121777 0.00030507 0.468872 0.00230857 1.01461e-09 
0.0275972 0.000777053 0.029698 0.00101375 0.0044021 3.45651e-09 0.000350556 0.0287322 0.20545 0.0248232 5.43417e-05 0.0746717 0.000603256 0.0119618 0.0533124 0.0735566 0.0122122 0.229975 0.220808 5.65959e-07 
0.000229024 0.0215567 0.012273 0.000158796 0.0078193 1.44171e-06 0.000994425 0.000202305 0.0412359 0.00284074 0.000898348 0.0388092 0.00422946 0.000573321 0.0363956 0.0481684 0.000136299 0.749184 0.0342935 3.51685e-08 
0.0785617 0.00799433 0.0157638 9.58949e-06 0.00237774 3.57008e-08 1.44745e-07 7.68031e-07 0.00494231 0.0189911 2.47413e-07 0.0293533 2.0167e-05 0.000582886 0.00157776 9.64392e-07 3.6151e-08 0.819703 0.0201205 1.9841e-07 
0.0297205 0.0237173 0.0198514 1.89634e-05 0.000234286 9.69997e-12 7.99202e-05 8.73784e-06 0.00646316 0.0514992 3.25864e-08 0.320563 0.000241735 2.84505e-08 0.12815 0.00205139 8.27134e-09 0.401555 0.0158458 1.35839e-11 
0.0200506 0.0169472 0.0679294 0.000541973 0.0737377 1.23233e-06 0.000190857 0.00364274 0.0907353 0.0810606 0.00144009 0.097096 0.0723865 0.00686283 0.0975193 8.06077e-05 9.25221e-05 0.221229 0.148455 7.64911e-07 
0.121539 0.00364019 0.0255516 4.86943e-06 0.0136737 0.000325351 0.000208668 0.00342279 0.0163817 0.00473695 0.0130822 0.0314191 0.0108193 0.00433947 0.0307385 0.00898617 0.000304935 0.630607 0.0791618 0.00105667 
0.0018265 0.00613315 0.0704925 5.82944e-07 0.0164098 0.000522668 0.000329899 0.00587677 0.0107374 0.0747726 0.00560677 0.0276506 0.0684475 0.00104232 0.230331 0.00474895 4.85197e-05 0.239787 0.235235 2.84665e-10 
0.0226768 0.0142827 0.0415803 0.000336609 0.00248368 2.54133e-05 0.00333387 0.0194673 0.0996797 0.0760129 0.000382611 0.0664354 0.016402 0.000879386 0.147686 0.00294435 0.0271161 0.366392 0.0918642 1.79488e-05 
0.0568512 0.0320048 0.014516 0.000108886 0.0747312 8.41259e-06 0.010207 0.00700051 0.0845544 0.0557018 0.000921417 0.0885944 0.00104612 7.86805e-05 0.0112273 0.00705132 0.000210791 0.50097 0.0542155 5.84499e-09 
0.000258246 0.0002928 0.0257726 2.10149e-06 0.000763185 2.11437e-06 2.04505e-05 0.041568 0.381359 0.0326271 0.000132318 0.00489678 3.1125e-05 0.00012326 0.0656158 0.0181654 1.21389e-05 0.427888 0.000469576 2.49229e-12 
0.00331252 0.0110214 0.0835971 0.00035381 0.00113127 9.75894e-07 2.61612e-08 0.0438009 0.000861383 0.115576 0.000132624 0.149943 0.0111771 0.000832959 0.0371171 0.0132358 2.55798e-05 0.28168 0.246201 2.28327e-11 
0.00991129 0.0096783 0.0164124 0.0895371 0.00358249 5.23022e-08 0.00300552 0.0401069 0.155207 0.0129825 1.13987e-05 0.142578 0.000169281 1.00249e-05 0.0103687 0.00217844 6.30506e-06 0.377139 0.127113 2.15782e-06 
0.000375224 0.00305407 0.0455808 3.75436e-06 0.00101399 7.31267e-05 8.41556e-05 0.104986 0.0317123 0.0713186 0.0291039 0.0138671 0.00551761 0.000110614 0.163608 0.0686888 0.000120636 0.434417 0.0263648 3.43471e-12 
0.0360722 0.0318037 0.108732 0.000886597 0.013254 5.41417e-05 0.000778474 0.0137788 0.0606124 0.0584397 0.0020101 0.156255 0.0117053 0.00248651 0.0753818 0.00835439 0.00168452 0.320551 0.0970089 0.000150132 
0.0005995 0.0286317 0.0128465 7.5725e-06 0.00255437 6.74719e-09 5.27206e-06 2.22169e-05 0.00847745 0.0242137 9.9024e-11 0.242487 4.23017e-05 1.44677e-05 0.227334 0.00209646 5.91335e-09 0.441325 0.00934319 1.6844e-10 
0.0343131 0.00922338 0.00641562 2.28713e-06 0.0886616 3.87446e-05 0.000141759 0.00380756 0.0235608 0.0150922 6.8775e-06 0.0758662 0.0218195 0.000498868 0.0103877 9.74705e-05 4.82712e-05 0.482538 0.227276 0.000204909 
0.00547667 0.00912897 0.113972 1.62415e-05 0.0158242 5.87788e-05 0.00441135 0.00275535 0.0376198 0.151516 0.000136444 0.020511 0.207603 0.000310895 0.03049 0.000653234 0.000146732 0.268072 0.130274 0.00102356 
0.0343131 0.00922338 0.00641562 2.28713e-06 0.0886616 3.87446e-05 0.000141759 0.00380756 0.0235608 0.0150922 6.8775e-06 0.0758662 0.0218195 0.000498868 0.0103877 9.74705e-05 4.82712e-05 0.482538 0.227276 0.000204909 
0.0395412 0.00130414 0.0332359 5.72455e-05 0.0309233 8.087e-06 1.94654e-05 0.000316546 0.175515 0.0613078 1.00713e-06 0.0879843 0.00123687 0.000112392 0.120825 0.000852921 6.79816e-06 0.412949 0.0329888 0.000814052 
0.00127494 0.000856594 0.0236379 7.37702e-06 0.00854964 8.78485e-07 4.35143e-05 0.00280195 0.250133 0.00404653 0.000213426 0.0362341 1.66224e-05 0.000123008 0.0531054 0.00122886 1.63837e-05 0.600577 0.0171335 1.5146e-07 
0.0237107 0.0192932 0.179133 6.90356e-07 0.0131342 1.10042e-08 0.000401758 0.00679687 0.0356371 0.0493289 9.66373e-05 0.138023 0.00019567 2.14974e-05 0.0791134 0.000621767 1.03015e-05 0.431068 0.0234137 3.29598e-10 
0.150939 0.0171221 0.0342218 1.84383e-06 0.00181364 7.40771e-08 9.40436e-05 0.00889745 0.0393294 0.0690606 0.000289795 0.163588 0.0151205 4.07682e-05 0.0513464 0.00931427 1.35015e-05 0.430579 0.00817463 5.32287e-05 
0.0109353 1.0032e-07 0.016652 3.9681e-08 0.00961562 1.36467e-12 5.48362e-08 2.52544e-05 0.311052 0.000755366 8.53985e-09 0.109415 3.33872e-13 5.70493e-08 0.0196375 2.48241e-08 5.27212e-08 0.467981 0.0539309 1.9111e-12 
0.00244007 0.000596395 0.0187497 6.75097e-07 0.00426942 5.36136e-07 3.00878e-11 0.0038222 0.00447007 0.0581606 4.75466e-05 0.0679532 8.44245e-05 2.06996e-05 0.145747 0.00106321 2.03115e-06 0.648107 0.0444648 1.81023e-07 
0.00484046 0.00671914 0.116316 0.000828681 0.00236774 1.87997e-07 0.000333996 0.125931 0.215168 0.0831334 2.5663e-05 0.0248461 0.00193703 0.000405766 0.0123175 0.0640348 0.00592632 0.329517 0.00535079 3.64508e-08 
0.0419093 0.00424205 0.0420213 0.00402507 0.0373905 0.00645512 0.000988972 0.00829367 0.194541 0.0390809 0.00337719 0.107838 0.0172411 0.00549009 0.0741552 0.0265562 0.00751746 0.247738 0.131019 0.000120061 
0.00508347 0.00190457 0.0321591 5.44797e-05 0.00423991 9.22174e-06 2.08369e-05 0.032364 0.291847 0.0734925 0.000358373 0.00969329 0.00052547 0.000237437 0.0548133 0.0227337 2.74103e-05 0.469397 0.00103827 9.9052e-08 
0.16006 0.0254514 0.040054 0.000111704 0.0580922 7.0688e-05 0.00124769 0.00567537 0.0317408 0.0630656 0.00169887 0.0980488 0.0122424 0.0018315 0.076887 0.00471526 0.000733771 0.362423 0.0558491 6.60862e-07 
0.00147268 0.000431323 0.0460443 0.000101328 0.0281607 0.000676092 2.23803e-08 0.000292881 0.0486778 0.00314815 0.00810798 0.0182005 0.000839132 0.000233005 0.0434502 0.0423905 1.84243e-05 0.731891 0.0258638 3.99088e-11 
0.0198261 0.114343 0.0714266 8.04897e-05 0.0104539 6.48582e-05 0.00107639 0.000536011 0.116927 0.0286851 0.00687545 0.0478617 0.00834329 0.00062522 0.0759569 0.0332276 0.00160678 0.423571 0.0385073 5.48298e-06 
0.00026615 0.000164757 0.127995 5.60404e-09 0.000733888 2.16836e-08 1.05664e-07 3.9516e-09 0.064572 0.000633806 3.41388e-08 0.0687227 0.00104177 0.000392812 0.196433 1.17648e-08 3.14642e-05 0.344518 0.194494 2.21633e-12 
0.00286208 0.234948 0.151254 5.53144e-05 0.0115629 6.95735e-10 7.33638e-05 0.00380039 0.00859289 0.0734134 0.000135615 0.22041 0.00222191 0.000239046 0.0389537 0.00140199 2.08177e-07 0.243954 0.0061213 9.74314e-10 
0.0120749 0.0119899 0.163484 1.37498e-07 0.0085858 1.07933e-07 4.29765e-07 0.00350707 0.0118937 0.114155 5.40303e-07 0.0273097 0.0164887 0.000137716 0.226871 6.9696e-09 8.38242e-06 0.361775 0.0417185 5.99432e-07 
0.153921 0.013685 0.0117826 0.00267121 0.0475303 5.51025e-05 0.000143561 0.000481815 0.0192882 0.0305642 7.70814e-05 0.0310797 0.0270319 0.000725251 0.000763079 0.00195692 0.0460395 0.449286 0.150214 0.0127025 
0.00475659 0.313616 0.018728 2.53198e-05 8.9483e-05 3.93994e-06 7.11422e-05 0.000470209 0.0227779 0.135661 0.000712191 0.0335109 0.0012037 0.000443278 0.0167015 0.0045156 3.48643e-05 0.431291 0.0153882 3.25283e-09 
0.0355794 0.00157435 0.00742766 2.35247e-06 0.000367516 7.82215e-09 5.4228e-06 6.46885e-05 0.223014 0.00186238 3.92806e-05 0.0873126 1.57206e-05 1.09231e-05 0.0503415 0.000301459 4.40317e-06 0.59085 0.00122671 5.44159e-11 
0.00857634 0.000458909 0.0139279 1.08045e-06 0.00207366 5.57729e-09 4.13831e-05 0.209749 0.235351 0.0320814 0.000197635 0.00426145 0.000321666 0.00333609 0.0252492 0.0150664 0.00297557 0.399055 0.0472768 7.07944e-11 
0.0722345 0.037324 0.0435069 0.00202459 0.0413468 3.26197e-05 0.00880769 0.0137391 0.140926 0.0839917 0.00480934 0.0648539 0.0944226 0.00080659 0.0700335 0.00125233 0.000385087 0.225285 0.0942167 7.51591e-07 
0.0188914 1.13777e-06 0.0462009 0.00295534 1.13785e-06 1.13665e-06 1.13701e-06 1.13798e-06 0.240559 0.00364305 1.13693e-06 0.248785 1.13783e-06 0.00102458 0.161485 1.13766e-06 1.13784e-06 0.249357 0.027087 1.13602e-06 
0.0459263 0.00224438 0.0999615 0.000113135 0.00183138 0.0597986 0.0122434 0.0342204 0.128436 0.0364309 0.000623106 0.0631991 0.0197483 0.014648 0.0912202 0.0281288 0.00709767 0.253504 0.100624 1.10019e-10 
0.0481911 0.180905 0.193316 0.000299313 0.0339822 6.87654e-07 4.45965e-05 0.00310757 0.0105306 0.144271 1.7363e-06 0.0707311 0.00376712 4.51861e-06 0.00195347 0.000107509 0.00333485 0.302574 0.00287253 6.5465e-06 
0.111088 0.00203094 0.122564 1.32678e-05 0.00794569 7.81036e-06 0.000494176 0.00805813 0.00376477 0.0797151 0.0269073 0.0290132 0.0650203 0.009438 0.133642 0.00188715 0.000148148 0.214625 0.183637 1.21742e-11 
0.0267968 0.1154 0.0538536 8.57606e-05 0.000438657 0.000352453 2.93893e-05 0.0200157 0.00476413 0.0769834 0.000806102 0.109263 0.133517 1.40282e-05 0.112485 0.0719151 4.29417e-05 0.207238 0.0659991 3.1932e-08 
0.0917693 0.000108841 0.00165271 8.82117e-06 0.00507911 0.00210844 2.54903e-05 1.34277e-05 0.0127211 0.00136428 6.85203e-06 0.092038 0.179055 7.40002e-06 0.00737408 0.000296146 2.85661e-05 0.360762 0.245581 9.08043e-10 
0.0171764 0.00374404 0.0348899 0.000715624 0.00869728 0.000113529 0.00748271 0.0241444 0.288544 0.0376414 0.0655802 0.0325205 0.0306394 0.0146547 0.0491247 0.000934599 0.0189372 0.323836 0.0406232 3.17159e-07 
0.155734 0.0114007 0.00628345 0.00185033 0.00295512 1.88592e-06 0.000120869 0.00185945 0.167931 0.0553045 0.000236669 0.0757932 0.000649377 0.0269437 0.0165368 0.0854483 0.0225232 0.295116 0.0733047 7.40377e-06 
0.000576693 0.000623918 0.0167432 2.19136e-06 0.000220594 2.24566e-06 1.859e-05 0.00207216 0.289364 0.0282799 1.23093e-05 0.0447591 0.000539633 0.000361097 0.0569889 0.0109651 1.07184e-05 0.54629 0.0021698 4.78778e-11 
0.00718756 0.0014273 0.117841 4.88897e-06 0.117544 1.33293e-05 0.000201861 1.95356e-07 0.000145896 0.00430538 0.000291899 0.0192449 0.0720172 0.000117436 0.0217468 0.000120756 4.42419e-05 0.415891 0.221853 3.05801e-10 
0.0327937 0.0986082 0.143372 0.000268745 0.120873 5.23584e-10 5.01705e-05 4.45761e-05 0.0377784 0.0948276 3.58992e-05 0.0767617 0.00273267 6.96002e-05 0.007765 0.0130311 0.000171599 0.337592 0.0332235 7.12122e-09 
0.0327279 0.00840958 0.0222098 5.62736e-05 0.0280834 3.56567e-05 0.0172001 9.50041e-05 0.128391 0.0724327 4.69879e-07 0.0391554 0.00979768 0.00160028 0.0137102 0.000318412 2.9348e-06 0.482991 0.142782 4.19868e-10 
0.000575797 0.000357468 0.0264746 5.04954e-09 0.00301512 1.11248e-05 0.00031851 9.7932e-05 0.132844 0.00283402 2.60293e-05 0.0547529 0.0721815 3.22239e-05 0.284206 0.00885778 3.17414e-05 0.382225 0.0311578 5.59369e-09 
0.0281282 0.00119318 0.0245644 1.3242e-08 0.0212896 1.78689e-06 0.000789991 0.00158805 0.0097007 0.00567866 4.744e-05 0.290082 0.00210293 0.000535565 0.120156 3.59688e-05 1.25966e-05 0.394145 0.0999478 8.67983e-07 
0.0916764 0.0195892 0.119759 8.18894e-05 0.00883292 1.28656e-07 6.53536e-05 0.019406 0.0117232 0.173413 0.00514004 0.035015 0.065795 0.0926524 0.045074 0.000736961 0.0144873 0.173691 0.122828 3.4024e-05 
0.0206617 0.134722 0.0203298 6.80053e-08 0.0122086 6.25785e-06 2.18784e-06 0.00013875 0.191583 0.109281 2.26696e-05 0.0294082 0.00188005 0.000224146 0.0160691 8.02806e-05 3.6401e-05 0.437932 0.0254129 1.02458e-06 
2.42846e-05 0.0371712 0.0848893 8.98975e-06 0.00292813 2.36342e-05 0.0488296 8.13116e-09 0.000815284 0.0445211 4.34363e-08 0.111508 0.300709 9.55383e-06 0.000801709 0.0103355 1.29003e-08 0.357282 0.000139355 2.99435e-06 
0.000360881 5.18193e-05 0.0185822 0.000252028 0.00232247 4.71582e-08 5.31316e-05 4.00781e-06 0.413659 0.00107492 7.52187e-07 0.0598575 5.9557e-05 3.29521e-05 0.0187761 1.74332e-05 2.0687e-05 0.425235 0.0596374 1.94756e-06 
0.0451183 0.00362316 0.00873826 0.00238466 0.0122817 0.275761 9.30807e-06 0.000242459 0.0056434 0.0279243 1.18697e-05 0.0120217 0.0309054 0.00294194 0.0223388 0.0874566 2.58227e-06 0.313702 0.148892 2.6419e-09 
0.00991129 0.0096783 0.0164124 0.0895371 0.00358249 5.23022e-08 0.00300552 0.0401069 0.155207 0.0129825 1.13987e-05 0.142578 0.000169281 1.00249e-05 0.0103687 0.00217844 6.30506e-06 0.377139 0.127113 2.15782e-06 
0.0658709 0.035892 0.0327095 3.19358e-05 0.193257 5.1712e-06 0.00103573 0.00341808 0.0794313 0.0528403 0.0027453 0.125854 0.0158594 0.000115462 0.0131369 0.0100585 0.0166715 0.294288 0.0517724 0.00500674 
0.0412461 0.0379142 0.034635 0.00590225 0.0271841 1.36427e-05 0.00192151 0.0119629 0.0868782 0.0517957 0.00174468 0.178071 0.00434565 0.00177198 0.131909 0.0103665 0.00319824 0.320883 0.0482355 2.19109e-05 
0.0111256 0.00790973 0.0468358 4.48266e-05 0.00304046 1.06614e-06 7.84198e-05 0.0102379 0.122989 0.0101457 0.00179034 0.0733244 0.00476096 0.0014112 0.231487 0.011493 8.28044e-05 0.304425 0.158818 5.6578e-10 
0.00279192 0.00303393 0.0123551 3.42603e-06 0.000188859 1.13389e-07 6.95141e-05 0.0044407 0.0976286 0.0152846 0.000264815 0.205664 0.000584929 8.65321e-05 0.200256 0.00445688 4.87002e-07 0.448638 0.00425199 2.70658e-11 
0.0284915 0.000581401 0.00639851 2.96388e-05 0.0077989 4.12665e-05 6.96624e-05 0.000790824 0.00840252 0.00323429 0.00108596 0.0471976 0.000967134 0.0119696 0.00912168 0.000502353 6.26898e-05 0.867296 0.00595801 7.90071e-07 
0.00360428 0.00159877 0.110286 0.00126497 0.000579057 1.26914e-08 4.9309e-05 6.89362e-05 0.346315 0.000875806 3.28041e-09 0.0399632 3.9654e-05 7.73033e-05 0.0034538 0.079079 0.0637348 0.346556 0.00245334 2.09437e-08 
0.0511594 0.0037622 0.0484097 0.00037111 0.00349468 3.78476e-06 0.000208327 0.0134123 0.269371 0.0218105 0.000208164 0.0793581 0.00612265 0.00152723 0.0893071 0.0169051 0.0468547 0.292181 0.0554452 8.78735e-05 
5.25653e-05 0.000154166 0.00566426 5.00643e-06 0.00213269 4.01037e-05 0.000136248 0.0344975 0.082884 0.0393842 0.00224211 0.00950402 0.0237716 9.80319e-05 0.288899 0.0228105 3.99178e-05 0.464658 0.0230259 5.30023e-08 
0.000516911 0.000728554 0.0305145 4.89699e-06 0.00490297 2.87825e-05 0.000608195 0.000960615 0.231291 0.0136596 4.32323e-06 0.0384744 0.00272367 4.94103e-05 0.16169 0.00020136 1.93025e-05 0.404911 0.10871 7.85381e-08 
0.0802202 0.0276353 0.0391196 7.70924e-05 0.016819 7.62138e-06 0.000672862 0.0171498 0.111796 0.0344794 1.95836e-05 0.0709652 0.00852256 0.0308953 0.14953 0.00243759 0.000305192 0.364495 0.0448531 1.04552e-08 
0.0111465 0.0339795 0.00798103 0.0111583 0.0292297 2.16529e-07 0.000989928 0.0515323 0.118034 0.113644 1.46961e-05 0.162549 0.00686549 0.000428341 0.0494183 0.00774268 0.000150863 0.251805 0.14333 6.70232e-12 
0.085815 0.000315921 0.00529934 2.29883e-08 0.04593 2.00781e-08 1.77341e-05 0.00258708 0.0872954 0.00772964 4.12265e-12 0.048716 1.85331e-08 0.000395092 0.00618125 3.22602e-08 3.70543e-09 0.414027 0.29568 1.01533e-05 
0.00985624 0.0384072 0.12212 1.5936e-06 0.0103127 5.37243e-07 0.00333031 0.00126379 0.017396 0.114073 9.29135e-05 0.0490695 0.121973 0.00392712 0.171368 0.132896 0.000275963 0.188796 0.0148242 1.73517e-05 
0.00278504 0.0143803 0.0349019 0.000622193 0.00341321 2.26838e-06 0.0001109 2.79118e-05 0.128112 0.0142092 1.61803e-07 0.103803 0.000273661 0.000111911 0.0143536 0.00101071 0.00846873 0.650755 0.0225498 0.000108658 
0.0827135 0.0120758 0.0535032 0.00407345 0.00467564 0.000215887 0.00300976 0.0184802 0.12118 0.0453657 0.0015026 0.0761679 0.0408644 0.00200264 0.0844433 0.00839313 0.0195239 0.325635 0.0961686 5.07574e-06 
0.000313974 0.006329 0.0339484 3.17485e-10 0.0156024 8.43737e-06 0.000100332 0.000304068 0.0322054 0.136212 1.13217e-07 0.18655 0.00104567 0.000256433 0.0224939 0.00058691 1.08391e-06 0.507048 0.0569941 3.51697e-10 
0.0363831 0.0161514 0.0566635 0.0010749 0.00371912 5.1102e-06 0.000427606 0.0109544 0.0527795 0.0324054 0.000256179 0.0897359 0.032045 0.001207 0.0465368 0.0046751 0.117535 0.290438 0.207 7.38822e-06 
0.000843096 0.00173405 0.0251133 9.87377e-06 0.000308924 1.81893e-09 4.54257e-05 0.000158421 0.298531 0.00166587 6.27053e-06 0.0358981 5.27461e-05 9.7589e-05 0.268385 0.0320473 1.57347e-05 0.330348 0.00473858 7.89767e-12 
0.00632553 0.000136997 0.0612141 3.01149e-06 0.0249821 2.40401e-09 4.15941e-06 3.65885e-05 0.177291 0.00216739 6.49377e-07 0.0420753 9.82826e-06 6.22561e-05 0.0169216 0.181732 0.000197698 0.262048 0.224792 3.3666e-09 
0.00159681 0.000741739 0.100191 4.17167e-05 0.00832242 0.000155496 5.02901e-08 0.00580551 0.0674217 0.0284449 1.18549e-05 0.0531811 0.0115151 0.000101369 0.187988 0.000528605 1.73661e-05 0.420441 0.113495 3.50207e-12 
0.0042726 0.000677002 0.117832 9.54067e-06 0.00131899 0.000235062 0.000672299 0.0292893 0.212357 0.0324177 0.000386962 0.027733 0.000949015 0.000207911 0.141479 0.0192106 2.12117e-05 0.408248 0.00268283 2.79733e-11 
0.005026 0.0065845 0.124871 2.55238e-05 0.0178314 1.69889e-08 0.00190858 0.0471466 0.00826813 0.276326 0.000320463 0.0198485 7.56506e-08 9.33905e-05 0.0201447 0.00261563 7.48064e-05 0.468914 1.72628e-07 1.07357e-07 
0.00273644 0.00414866 0.0482695 6.13665e-06 0.00138286 0.000121116 2.21829e-06 0.000584206 0.0132926 0.010879 0.000477481 0.0380081 0.00977747 3.81634e-05 0.251939 0.00724224 2.38884e-05 0.579767 0.0313039 3.72425e-10 
0.0110784 0.00645058 0.0965181 0.000189222 0.0337038 2.59415e-05 0.000132366 0.00613602 0.0743536 0.0497166 0.000226459 0.0704919 0.0119337 0.000450015 0.0526098 0.0140687 8.32055e-05 0.321504 0.250328 7.97491e-08 
0.239577 0.0105051 0.0547615 0.00017993 0.00302557 1.88847e-06 1.99407e-05 0.00145677 0.0505196 0.0443213 0.00229146 0.100425 0.0188285 0.00207623 0.127252 0.00988866 0.000106587 0.287931 0.046727 0.000104512 
0.00213429 0.000982314 0.00171572 9.52621e-07 0.0558561 2.60544e-05 0.000304125 0.000180939 0.0223062 0.00158363 3.30571e-08 0.0127981 0.00539922 1.78334e-07 4.6839e-05 0.00018918 1.42105e-06 0.635258 0.261072 0.000145596 
0.0459263 0.00224438 0.0999615 0.000113135 0.00183138 0.0597986 0.0122434 0.0342204 0.128436 0.0364309 0.000623106 0.0631991 0.0197483 0.014648 0.0912202 0.0281288 0.00709767 0.253504 0.100624 1.10019e-10 
0.0032646 0.0239729 0.0905738 5.54578e-06 0.00306905 0.0490842 6.82674e-05 0.0349037 0.0218285 0.250107 9.507e-05 0.0341924 0.000764278 0.00268517 0.00819218 0.0441392 0.000390155 0.360477 0.0721877 5.39066e-10 
0.00741739 0.00200952 0.0196161 2.96199e-05 0.00323889 2.52418e-05 4.14393e-05 0.000422629 0.090171 0.00414653 9.59185e-07 0.0428614 0.00629269 0.000124024 0.097673 0.00187495 5.15608e-05 0.53725 0.186753 6.50624e-12 
0.0069411 0.00102545 0.281086 1.58035e-05 0.000185161 0.000100353 0.00173877 3.04788e-06 0.0501655 0.0214897 0.00031114 0.0571532 0.00294768 0.000236163 0.257845 0.0115101 2.22204e-05 0.300361 0.00686201 5.42555e-11 
0.0234621 0.00114585 0.0367987 5.40529e-09 0.0176074 1.53056e-05 0.000152443 0.00231075 0.0854043 0.0378578 1.0384e-07 0.0821293 0.00148722 0.000177211 0.0665562 0.00368041 0.000237677 0.566298 0.0746789 5.24027e-07 
0.0114325 0.00625131 0.0298736 3.64161e-05 0.000747451 5.84719e-05 0.00265369 0.000645531 0.158066 0.0429364 0.0416439 0.0836005 0.000353858 3.52906e-05 0.158525 0.0102069 0.000354218 0.436335 0.0162436 2.07983e-07 
0.000598205 5.05275e-05 0.0427908 1.22224e-09 0.000392891 6.83566e-07 5.66041e-06 5.26908e-08 0.000609688 0.00129161 0.000120435 0.00640899 0.000243593 7.67767e-06 0.0248126 4.92926e-05 2.8987e-06 0.919874 0.00274027 5.66467e-10 
7.70927e-08 0.00844793 0.0647015 7.69749e-08 7.70846e-08 0.000254187 7.70275e-08 0.0252173 0.102345 0.0791215 0.00191792 0.0756584 0.00265946 0.00117105 0.231102 0.0164626 0.000508829 0.374157 0.0162757 7.69603e-08 
0.0686625 0.00431695 0.0645684 0.000156076 0.00626627 0.000603804 0.000891705 0.0290537 0.0370916 0.0215527 0.0029848 0.134303 0.0340012 6.69682e-05 0.0775793 0.000826717 6.21834e-05 0.36963 0.147382 4.04191e-08 
0.0122225 0.0677253 0.0857798 4.87827e-05 0.000433955 2.59038e-06 1.36395e-07 0.00171151 0.0289013 0.0924601 0.000348349 0.045803 0.00218719 0.000101972 0.0525408 0.051778 0.00316135 0.551308 0.00348453 4.2836e-07 
0.0158449 0.0970979 0.0277208 0.000353606 0.0099009 1.35826e-05 0.0221382 0.00847874 0.203862 0.0669406 0.00154206 0.0772814 0.0173353 0.000374765 0.057247 0.00751881 0.00447302 0.313378 0.0684978 1.63956e-07 
0.0195366 0.0110423 0.0285498 0.00108923 0.000365176 1.88911e-09 0.00247075 0.000823072 0.237951 0.00343612 0.000262207 0.0539217 0.0002034 0.000624339 0.196272 0.0395652 2.239e-05 0.390209 0.0136552 1.07967e-11 
0.0120499 0.000675818 0.152092 9.27989e-06 0.00681997 2.57221e-05 0.000269947 0.0191631 0.0173334 0.0159409 0.000323343 0.0405276 0.00333296 0.000762659 0.160429 0.000686819 1.9839e-05 0.516102 0.0534363 3.79909e-08 
2.91039e-05 0.000192488 0.00482347 7.737e-07 4.8234e-05 2.55254e-06 3.49381e-08 6.46538e-05 0.362683 0.00197408 1.34969e-05 0.0813873 1.47241e-08 3.38856e-05 0.0919482 0.0473621 4.38991e-06 0.409186 0.000245685 5.27364e-11 
0.0561554 0.00664847 0.114306 0.00200106 0.00839713 7.27859e-06 0.000177856 0.0335559 0.175618 0.0441772 0.00025507 0.0393705 0.0243887 0.00666643 0.118169 0.0171358 0.00670285 0.282647 0.0632119 0.00040851 
0.054084 0.0029418 0.0473636 1.14088e-05 0.0666766 1.78136e-06 5.1078e-05 0.00121787 0.0192038 0.0421405 0.000849633 0.108927 0.000240946 6.65129e-05 0.0971201 0.0030073 6.24018e-06 0.489794 0.0651237 0.00117253 
0.000850713 0.00124095 0.0133194 7.51735e-06 0.000657779 9.43523e-08 7.08932e-08 0.0489309 0.0129538 0.0583958 0.00336445 0.019357 0.0339628 5.71591e-05 0.119274 0.0247332 3.27007e-05 0.656046 0.00681618 9.62125e-08 
3.90245e-08 0.00128953 0.00436391 9.60819e-12 0.0933814 1.43403e-06 0.00038663 0.000910466 0.0655502 0.0115204 3.38932e-08 0.22162 0.000532973 4.28474e-08 0.0249807 0.000249336 0.000130537 0.467293 0.107789 1.06436e-11 
0.00150989 0.0149282 0.0419462 2.04109e-08 0.00475314 3.94516e-06 0.000540865 0.000367063 0.0246749 0.028776 9.24999e-06 0.234242 0.00750431 0.000192459 0.199649 0.00932303 9.86749e-05 0.318565 0.112917 7.94969e-12 
0.00692288 0.0146941 0.0615078 0.000701271 0.000284476 9.29397e-06 0.00030141 0.00819731 0.0464901 0.0133486 0.0002441 0.0627935 0.00237943 0.00068849 0.295303 0.0118007 6.77986e-06 0.415799 0.0585282 1.04161e-10 
0.00274351 0.001234 0.0163672 1.2209e-11 0.000338747 3.7397e-08 0.000108649 1.59229e-08 0.300178 0.000373712 7.95104e-12 0.062553 0.00094627 3.51657e-08 0.246222 0.000368298 5.89628e-09 0.349053 0.0195142 1.35247e-11 
0.0343131 0.00922338 0.00641562 2.28713e-06 0.0886616 3.87446e-05 0.000141759 0.00380756 0.0235608 0.0150922 6.8775e-06 0.0758662 0.0218195 0.000498868 0.0103877 9.74705e-05 4.82712e-05 0.482538 0.227276 0.000204909 
0.002057 0.000776375 0.0132174 0.000114337 0.000334416 7.39757e-08 1.85243e-05 0.0630795 0.314503 0.0149311 4.45939e-05 0.022931 0.000969841 0.000102972 0.176164 0.00951969 1.15919e-05 0.376986 0.00423858 7.82427e-12 
0.00562668 0.0766473 0.101092 7.96333e-06 0.054902 3.88589e-05 5.56456e-05 0.00172771 0.00416388 0.0475873 0.00378782 0.0422996 0.00164161 0.000307872 0.0218538 0.00123944 9.68571e-05 0.591991 0.0449331 1.61394e-07 
0.0121117 0.0205576 0.0369403 0.000266276 0.00937877 6.75807e-05 0.000272024 0.000513361 0.0840948 0.0664481 0.000372395 0.061123 0.00826322 0.000127321 0.139325 0.00567707 2.39395e-05 0.402993 0.150828 0.000617133 
2.80728e-06 0.000348723 0.00555708 7.63948e-10 0.063641 9.90605e-08 0.000394247 0.000110191 0.270495 0.00869999 1.99991e-06 0.294049 7.71952e-05 1.91064e-06 0.0157548 0.000399561 8.54952e-05 0.305558 0.0348221 8.46272e-10 
0.144885 0.00300676 0.0927092 8.29356e-08 0.182699 1.35298e-05 3.07246e-06 0.00564332 0.00909765 0.0932324 0.00411009 0.0416292 0.00337943 5.86171e-05 0.15452 0.000536191 1.18624e-05 0.259094 0.00536771 3.46203e-06 
0.00573328 0.0203646 0.0241094 2.85138e-08 0.00406837 1.04699e-08 0.000220268 0.00163333 0.00422899 0.236705 0.000182188 0.238513 0.000374847 6.77835e-09 0.0614911 0.0178662 7.48133e-05 0.380353 0.00408124 7.21072e-11 
0.0277785 0.00456554 0.030839 0.000453001 0.0109276 7.65596e-05 0.000370728 0.0209667 0.0853502 0.044946 0.0102537 0.0547301 0.0707728 0.000740086 0.138042 0.0134163 0.00207152 0.263982 0.219717 5.12695e-09 
0.00300457 0.00199645 0.0431402 2.79431e-06 0.0173636 4.40763e-06 0.000113778 0.0208075 0.0741109 0.0183441 2.11438e-05 0.0325324 0.0030857 1.97127e-05 0.0762812 8.36407e-05 4.01608e-05 0.680769 0.0282788 1.91519e-11 
0.019639 0.0102655 0.041692 0.00255967 0.0131911 3.86211e-07 0.00021774 0.0166254 0.194727 0.021203 7.02932e-05 0.17294 0.000312052 0.000267968 0.0650812 0.00470922 3.9542e-05 0.399458 0.0370014 3.2529e-08 
0.0687741 0.00180748 0.0558843 0.000166817 0.0322868 1.59533e-05 6.42558e-05 0.000100787 0.273077 0.0101882 0.00155623 0.0822836 0.00212904 0.000109256 0.00441503 9.95091e-05 0.00711392 0.335539 0.124388 7.37914e-10 
0.03913 0.0233862 0.085915 0.0010167 0.00536557 2.12172e-06 0.0238516 0.0135062 0.209252 0.0677708 0.000101565 0.193794 0.0232358 0.00365018 0.0198315 0.00320425 0.000244778 0.241521 0.0452202 2.03969e-08 
0.284402 0.00163392 0.027869 0.000493951 0.0667067 4.53561e-06 0.00089998 0.0015906 0.0308418 0.0780493 0.000391148 0.0669126 0.00276877 0.00107726 0.090189 0.000514075 1.2318e-05 0.299601 0.0460414 7.65428e-08 
0.0178631 0.0127844 0.00714525 7.5257e-05 0.00274386 8.03943e-08 9.91984e-06 0.00179447 0.0793155 0.0708574 1.60052e-06 0.200317 0.00139817 0.000106725 0.012219 0.0241516 0.000133288 0.534326 0.0347576 6.02911e-10 
0.0284344 0.0268091 0.17851 9.60329e-05 0.00155748 4.57451e-05 0.00507998 0.000847802 0.00469844 0.0429821 0.00510649 0.0429794 0.0156598 5.67068e-05 0.0269024 0.000527416 0.00130561 0.549825 0.0685761 2.56687e-08 
0.000395157 0.00291876 0.0392025 2.51858e-07 0.000865466 4.58994e-05 0.000550827 0.00305742 0.0502808 0.0161676 0.0453069 0.1838 0.00368361 0.000149125 0.233222 0.00204346 3.32726e-05 0.350104 0.0681721 1.02099e-07 
0.0141313 0.0553289 0.0118085 0.00318519 0.000117252 1.24455e-07 0.0425015 1.91806e-08 0.0220938 0.0113222 0.000107641 0.10514 8.46511e-05 1.11713e-05 0.0951855 0.000156733 3.04305e-08 0.633019 0.00579964 5.99565e-06 
0.0976653 0.0101324 0.0232537 2.90573e-05 0.0517323 1.36974e-07 0.000708571 0.0142738 0.0087035 0.0433453 0.000281464 0.227487 0.00361574 0.00295223 0.0247314 0.00036677 0.00787095 0.279502 0.203348 1.45861e-09 
0.0036039 0.000906078 0.0869496 0.029812 0.0123511 5.74787e-05 1.3886e-10 1.57978e-07 0.165014 0.00779582 7.84777e-08 0.00971937 1.20392e-06 1.82919e-05 0.0248149 0.00166703 0.000166271 0.630274 0.0268487 2.51655e-10 
0.0728059 0.0202377 0.018684 0.000263371 0.0383553 6.54101e-05 0.000338168 0.00757166 0.129225 0.0399392 0.00322296 0.184532 0.013474 0.00209506 0.0699438 0.00276578 0.00035443 0.29564 0.100482 4.41808e-06 
0.0352069 0.00401855 0.0651502 0.000107456 0.00125881 1.1922e-05 0.000450642 0.00976872 0.0234319 0.132114 0.000717255 0.0625373 0.0125345 0.000137433 0.0282332 0.00465473 0.00845509 0.593421 0.0177904 1.00287e-07 
0.002057 0.000776375 0.0132174 0.000114337 0.000334416 7.39757e-08 1.85243e-05 0.0630795 0.314503 0.0149311 4.45939e-05 0.022931 0.000969841 0.000102972 0.176164 0.00951969 1.15919e-05 0.376986 0.00423858 7.82427e-12 
0.0221775 0.000699353 0.0610318 5.65549e-08 0.0111823 7.79777e-09 6.47667e-05 0.000100183 0.0756495 0.0100591 0.000166022 0.0438214 0.000397995 0.0077774 0.178326 0.000444162 1.90285e-06 0.533405 0.0546957 8.58387e-11 
0.00360428 0.00159877 0.110286 0.00126497 0.000579057 1.26914e-08 4.9309e-05 6.89362e-05 0.346315 0.000875806 3.28041e-09 0.0399632 3.9654e-05 7.73033e-05 0.0034538 0.079079 0.0637348 0.346556 0.00245334 2.09437e-08 
0.00425797 0.000325885 0.0458193 6.56056e-05 0.00933499 3.15381e-06 2.35265e-05 0.0203498 0.175965 0.0254556 0.000106581 0.0569882 0.000128182 9.20117e-05 0.139525 0.00497218 7.62627e-06 0.474867 0.0417126 7.34692e-11 
0.107319 0.00881557 0.0127982 0.00990285 0.00594632 0.0524597 0.000630938 0.00904097 0.137213 0.0555936 8.58106e-05 0.0620681 0.0244587 0.0159467 0.126102 0.00106196 0.0341766 0.216492 0.119888 1.24673e-10 
8.74739e-09 0.00058171 0.106399 4.72285e-06 0.000113727 0.00016392 6.4814e-05 0.00450947 0.00621826 0.0501642 0.00170929 0.0116948 0.0288809 0.000134799 0.24902 0.00790299 5.70272e-05 0.488914 0.0434672 1.06632e-12 
0.0036039 0.000906078 0.0869496 0.029812 0.0123511 5.74787e-05 1.3886e-10 1.57978e-07 0.165014 0.00779582 7.84777e-08 0.00971937 1.20392e-06 1.82919e-05 0.0248149 0.00166703 0.000166271 0.630274 0.0268487 2.51655e-10 
0.00213429 0.000982314 0.00171572 9.52621e-07 0.0558561 2.60544e-05 0.000304125 0.000180939 0.0223062 0.00158363 3.30571e-08 0.0127981 0.00539922 1.78334e-07 4.6839e-05 0.00018918 1.42105e-06 0.635258 0.261072 0.000145596 
0.0195366 0.0110423 0.0285498 0.00108923 0.000365176 1.88911e-09 0.00247075 0.000823072 0.237951 0.00343612 0.000262207 0.0539217 0.0002034 0.000624339 0.196272 0.0395652 2.239e-05 0.390209 0.0136552 1.07967e-11 
0.00360428 0.00159877 0.110286 0.00126497 0.000579057 1.26914e-08 4.9309e-05 6.89362e-05 0.346315 0.000875806 3.28041e-09 0.0399632 3.9654e-05 7.73033e-05 0.0034538 0.079079 0.0637348 0.346556 0.00245334 2.09437e-08 
0.00212805 0.000416152 0.0046568 3.77532e-07 0.0196308 2.12257e-05 7.46996e-06 0.00553334 0.00242675 0.0091454 1.40583e-06 0.00127669 0.0584204 1.42453e-05 0.00258993 1.74341e-05 1.07461e-06 0.787656 0.106056 1.8199e-08 
0.0137895 0.0175445 0.328097 0.000166941 0.0101292 3.21731e-05 0.00352562 0.000397905 0.00914179 0.0411399 0.000115086 0.0520977 0.00957138 0.000391404 0.0365382 0.00126764 4.37269e-05 0.33904 0.136971 4.67934e-08 
3.75266e-07 0.00644924 0.13878 1.05896e-07 0.000246965 2.2038e-11 1.70295e-11 1.32465e-07 0.32039 5.99665e-07 1.45167e-07 0.0984228 5.39169e-12 9.51139e-08 2.85887e-06 2.88261e-07 5.38853e-12 0.435706 5.4367e-07 3.08623e-11 
0.0344319 0.000322143 0.00167734 7.67836e-05 0.00712439 6.74912e-10 1.48543e-05 0.001332 0.186056 0.0047384 8.86195e-06 0.239898 1.87257e-05 0.000394482 0.0545116 0.00199048 1.75342e-07 0.466861 0.000542976 9.45154e-10 
0.0380782 0.00999786 0.0294438 0.00572182 0.0221551 3.41226e-05 0.000940301 0.0135687 0.19801 0.0333912 0.00418654 0.139938 0.00572332 0.00379674 0.156379 0.00414913 0.00319509 0.205828 0.124343 0.00112018 
0.0100543 0.000284457 0.165239 0.149979 0.0231075 4.37204e-08 1.87101e-07 1.48324e-08 0.00341096 0.00524115 0.00394519 0.0310988 0.000707764 5.99953e-05 0.0321802 0.000154168 0.00246456 0.570012 0.00206038 7.21227e-08 
0.0106051 0.0154348 0.0633642 0.000138524 0.00617161 0.00152457 0.000204 0.0137161 0.0195459 0.210487 0.00224403 0.0696491 0.106327 0.000143881 0.0621234 0.00895021 0.0149618 0.272985 0.121422 2.00304e-06 
0.0916061 0.00699832 0.042198 0.000469818 0.0287651 0.00010577 0.000358815 0.0115232 0.12241 0.0432678 0.000555068 0.137415 0.00387743 0.000103652 0.0920722 0.0065873 0.0110853 0.200852 0.19974 9.94657e-06 
0.0484651 0.0205057 0.0177667 0.000300268 0.00270862 0.237187 5.36762e-06 0.00967086 0.000338991 0.015418 0.000335528 0.102528 0.0715069 0.000319209 0.00948157 0.00455335 0.000138416 0.424192 0.0344585 0.000120446 
0.000998065 0.00141671 0.0356899 0.00014051 0.00378208 8.52685e-06 2.65846e-05 0.0283066 0.17386 0.0274477 0.000240111 0.00915442 0.00327578 0.000185928 0.0477921 0.00953164 2.64603e-05 0.654011 0.0041057 8.7695e-08 
0.00961568 0.00110888 0.0255495 3.24971e-05 0.220284 3.8956e-07 0.00477145 0.00854692 0.0429675 0.0767232 0.00014195 0.0403661 0.00239555 0.000440137 0.129471 0.000365112 6.52082e-05 0.362297 0.0747446 0.000112808 
0.00533064 0.00190807 0.0619153 7.41711e-05 0.00733314 2.74815e-05 0.000156645 0.0117172 0.135306 0.0298949 0.000852668 0.0713666 0.0025605 0.000191795 0.100278 0.0162782 0.00258652 0.50864 0.0435705 1.05513e-05 
0.0157212 0.0174377 0.0448163 0.132357 0.00565522 6.55493e-07 0.00108101 0.00432574 0.0643422 0.0694365 0.000501307 0.231096 0.00878466 3.05624e-05 0.0317293 0.00456674 3.59557e-05 0.333256 0.0348259 4.76762e-07 
0.00289145 0.0256798 0.02005 7.61526e-06 0.00919635 1.82465e-05 2.94203e-07 0.0104283 0.135001 0.0798716 0.00295752 0.174234 0.00975771 0.00131721 0.210146 0.00190542 4.90097e-05 0.275242 0.0412467 6.40859e-12 
0.0128599 0.0502201 0.0187512 0.000294977 0.0172129 5.4084e-06 0.000124652 0.0494498 0.0557741 0.101692 0.000193418 0.0564041 0.00113766 0.000342036 0.0814112 0.0113655 1.33735e-05 0.490002 0.0527447 1.97905e-07 
0.0566517 0.00460571 0.0444959 0.000175845 0.0580931 0.00116544 4.72236e-05 0.000244301 0.139536 0.15718 0.000302366 0.0476681 0.00574721 0.00136789 0.0364397 0.00283811 4.46913e-05 0.339669 0.103711 1.65152e-05 
0.000532246 7.44635e-06 0.0216867 2.92311e-05 0.0118006 7.42633e-09 6.11296e-12 3.1183e-05 0.00495844 0.000825724 1.93468e-08 0.091047 0.000100353 4.9947e-08 0.281603 6.99418e-10 1.15988e-09 0.416135 0.171242 1.10784e-11 
0.0058507 0.00694319 0.094527 2.64714e-05 0.0187203 2.03048e-05 0.000598447 0.00848577 0.130072 0.0390939 0.000128258 0.0702898 0.0243447 9.24147e-05 0.0401454 0.00874712 0.000106275 0.482145 0.0696623 9.24426e-07 
0.000141208 3.73638e-07 0.113716 2.72107e-07 0.000766752 3.23489e-06 9.39208e-07 2.51915e-07 0.00118159 0.000270956 0.00380916 0.00321933 0.00478967 0.000321932 1.58496e-05 0.00015118 6.62861e-07 0.831264 0.0403456 7.46528e-08 
0.0109479 0.00798758 0.115698 0.0367136 0.00800241 0.00681363 0.00139357 0.00702008 0.0781903 0.0705009 0.0175823 0.212678 0.00379677 9.30057e-05 0.120769 0.0144763 6.52974e-05 0.242062 0.0452091 1.89428e-11 
0.0153566 0.00100002 0.27736 1.64358e-05 0.000290702 0.00579645 0.00264048 0.00870708 0.0474368 0.0250808 0.00035961 0.0615428 0.0028886 0.000251556 0.24658 0.0158904 2.20044e-05 0.281973 0.00680631 1.09858e-10 
0.0275588 0.00884062 0.0292399 0.000199563 0.0100557 4.07415e-05 0.00047132 0.0129732 0.190329 0.0154163 0.00698379 0.0577274 0.00265972 9.28213e-05 0.0459287 0.0311329 0.000158263 0.496364 0.0638267 1.42523e-07 
0.0112614 0.00570643 0.164146 9.33749e-05 0.0138699 9.36286e-06 2.26722e-05 0.000424185 0.00183457 0.032691 1.1381e-06 0.121632 0.101015 9.62657e-05 0.0612588 0.000934166 3.87437e-05 0.303233 0.181732 5.43045e-09 
