4.77504e-07 1.47092e-05 2.12414e-07 2.18031e-07 4.03546e-11 1.72297e-10 1.31821e-06 2.65539e-11 2.29059e-07 0.999667 1.4185e-10 4.1715e-07 1.43362e-07 1.16172e-10 2.28585e-11 0.000314588 4.21283e-11 1.41123e-11 2.85496e-07 2.41286e-10 
0.000954683 2.13656e-06 0.00194684 9.40603e-06 1.74266e-06 7.44042e-06 0.98776 1.1467e-06 1.37365e-06 5.83785e-07 6.1256e-06 6.64702e-07 0.0092855 5.01673e-06 9.87116e-07 2.65899e-06 1.81926e-06 6.09424e-07 7.20942e-07 1.04196e-05 
0.000910472 0.000601687 0.000174875 0.000253871 0.000172323 2.22884e-07 0.996761 3.43503e-08 0.000214015 1.74878e-08 1.83498e-07 0.000185199 0.00058352 1.5028e-07 0.000141965 7.96524e-08 5.44975e-08 1.82558e-08 2.15964e-08 3.12129e-07 
2.78977e-10 5.00099e-10 0.0758485 2.20165e-09 2.45149e-07 4.56307e-05 6.74227e-07 2.68405e-10 5.72349e-06 0.0155944 1.43381e-09 1.55585e-10 0.908498 1.17425e-09 4.55196e-06 2.24121e-06 4.2583e-10 1.42646e-10 1.70436e-08 2.4389e-09 
0.995154 0.00103103 9.65155e-06 6.53296e-05 1.21037e-05 7.5428e-05 3.99328e-05 7.9644e-06 9.54067e-06 4.05468e-06 4.25454e-05 0.000656008 0.00266231 3.48437e-05 6.85602e-06 1.8468e-05 8.81299e-05 4.23276e-06 5.00731e-06 7.23696e-05 
1.30494e-09 3.97909e-06 0.0593556 1.02984e-08 0.0171837 8.14633e-09 3.78325e-06 9.16634e-06 1.50397e-09 0.367517 4.03076e-06 5.7501e-06 0.555869 3.84542e-05 1.08077e-09 1.01923e-05 1.99186e-09 6.67243e-10 7.89342e-10 1.14082e-08 
7.90805e-12 0.0331531 9.22011e-12 6.24093e-11 1.15626e-11 4.93674e-11 4.20007e-08 0.701394 8.29482e-08 0.264816 4.06436e-11 4.41032e-12 5.49065e-06 8.99057e-08 6.54954e-12 0.000630424 1.20708e-11 4.04355e-12 4.78347e-12 6.91346e-11 
3.49634e-06 6.65928e-07 0.00760848 4.88644e-07 8.36409e-07 7.62393e-08 7.04614e-07 5.93995e-07 0.491528 5.89127e-06 0.000405437 2.18384e-06 0.000479615 0.476559 4.33332e-07 5.69047e-07 0.0044451 2.22939e-12 0.018959 3.81171e-11 
0.0102638 0.0010762 0.0137756 2.11634e-08 1.15622e-08 2.10783e-08 0.821612 0.0931699 0.0218878 0.0195285 0.000299987 0.00208475 5.86494e-08 0.000496209 1.77652e-08 3.0191e-05 0.000503001 1.65954e-08 0.0152723 3.65545e-08 
3.49634e-06 6.65928e-07 0.00760848 4.88644e-07 8.36409e-07 7.62393e-08 7.04614e-07 5.93995e-07 0.491528 5.89127e-06 0.000405437 2.18384e-06 0.000479615 0.476559 4.33332e-07 5.69047e-07 0.0044451 2.22939e-12 0.018959 3.81171e-11 
4.91142e-06 0.996677 5.72629e-06 3.87603e-05 7.18116e-06 3.06604e-05 2.36922e-05 4.7253e-06 5.66051e-06 2.40565e-06 2.52423e-05 2.7391e-06 0.00129448 0.0017284 8.16113e-05 1.09571e-05 7.49679e-06 2.51131e-06 2.97085e-06 4.29371e-05 
9.52552e-11 1.70756e-10 0.0148174 5.2697e-07 1.39276e-10 1.36828e-06 4.59502e-10 9.16455e-11 1.06501e-06 4.85277e-07 0.00467394 5.31238e-11 0.977446 4.00943e-10 0.00156321 7.22747e-07 0.00149457 4.87059e-11 6.97241e-07 8.3275e-10 
0.000107645 1.28795e-05 1.04579e-08 7.07877e-08 1.31149e-08 5.59949e-08 4.3269e-08 8.6298e-09 1.03378e-08 5.14076e-05 4.60999e-08 5.0024e-09 0.999828 3.77548e-08 7.42882e-09 2.0011e-08 1.36914e-08 4.58639e-09 5.42565e-09 7.84159e-08 
7.71263e-07 0.000842922 0.142282 0.000381263 0.000283299 0.000958677 2.33753e-10 1.12851e-05 0.000644318 0.0457217 9.29958e-07 1.17332e-06 0.789726 1.6168e-08 9.03202e-08 5.1688e-07 0.00015272 2.47771e-11 0.018869 0.000123767 
3.49634e-06 6.65928e-07 0.00760848 4.88644e-07 8.36409e-07 7.62393e-08 7.04614e-07 5.93995e-07 0.491528 5.89127e-06 0.000405437 2.18384e-06 0.000479615 0.476559 4.33332e-07 5.69047e-07 0.0044451 2.22939e-12 0.018959 3.81171e-11 
0.0674108 6.86776e-08 0.000121494 0.000127812 5.60163e-08 2.81085e-05 0.000101191 3.68595e-08 4.34926e-05 3.84067e-05 1.96901e-07 0.000105897 0.921154 1.61258e-07 0.0108001 1.55783e-05 2.20158e-05 1.95893e-08 3.06277e-05 3.34929e-07 
0.00342985 1.27558e-07 0.005625 5.61564e-07 0.000874052 4.44212e-07 0.00175095 6.84608e-08 0.00114002 0.00108049 3.65714e-07 0.0058535 0.00593394 0.00251619 0.00472652 0.00241314 1.08614e-07 3.63841e-08 0.964654 6.22079e-07 
2.09012e-06 1.26783e-06 4.23525e-06 4.87983e-09 9.04091e-10 2.18091e-05 2.9828e-09 3.28289e-06 0.00144498 5.04687e-06 3.20535e-06 2.65001e-06 0.997567 2.60267e-09 1.37866e-06 0.000939317 2.17945e-06 3.16168e-10 1.07458e-06 5.40568e-09 
0.0014843 0.00621151 6.13155e-07 3.30901e-07 4.74339e-07 4.8305e-08 0.00461441 0.00276214 1.71568e-05 0.12425 0.00395484 0.00042253 1.08171e-06 0.00700802 3.40521e-08 0.847973 0.00129811 2.08128e-12 1.06118e-06 7.15254e-09 
2.44712e-07 4.38676e-07 2.85313e-07 1.93124e-06 3.57802e-07 1.52766e-06 1.18047e-06 2.35439e-07 0.0456054 1.19862e-07 0.000127028 1.36476e-07 0.954257 1.03003e-06 2.02674e-07 5.45941e-07 3.73528e-07 1.25126e-07 1.48023e-07 2.13935e-06 
0.0581149 0.0644073 2.27029e-05 1.2254e-05 1.75632e-05 1.79021e-06 0.0178679 0.000306266 0.000635243 0.0107663 3.25344e-05 2.60309e-05 0.787512 8.6465e-05 3.48122e-10 0.0287239 0.0236784 2.14923e-10 0.00773765 5.1172e-05 
2.00658e-05 1.04434e-05 2.7172e-05 1.71759e-07 0.00427839 2.09034e-05 0.000242055 3.16321e-06 2.50835e-08 0.00215959 0.0222317 0.00448039 0.961754 9.16082e-08 2.03638e-05 0.00463876 1.44856e-05 1.11284e-08 9.76855e-05 1.90268e-07 
3.49634e-06 6.65928e-07 0.00760848 4.88644e-07 8.36409e-07 7.62393e-08 7.04614e-07 5.93995e-07 0.491528 5.89127e-06 0.000405437 2.18384e-06 0.000479615 0.476559 4.33332e-07 5.69047e-07 0.0044451 2.22939e-12 0.018959 3.81171e-11 
1.58831e-05 0.0211224 0.390089 3.56668e-05 2.46244e-05 8.54691e-09 2.64839e-06 1.31723e-09 1.57793e-09 0.160873 1.26728e-05 2.20675e-05 0.374992 5.76279e-09 1.13391e-09 1.25262e-05 2.08981e-09 7.00054e-10 0.0527865 1.07842e-05 
3.49634e-06 6.65928e-07 0.00760848 4.88644e-07 8.36409e-07 7.62393e-08 7.04614e-07 5.93995e-07 0.491528 5.89127e-06 0.000405437 2.18384e-06 0.000479615 0.476559 4.33332e-07 5.69047e-07 0.0044451 2.22939e-12 0.018959 3.81171e-11 
0.0157149 0.00353224 0.00731857 6.71009e-07 0.000603689 0.000164289 0.000153603 1.18037e-05 0.0642132 0.0459845 0.000153212 0.00136315 0.0264854 0.752444 0.0422714 0.022278 0.00176035 5.44278e-06 0.0155411 5.87075e-08 
0.0150526 0.0328037 0.0013466 1.75938e-05 6.70082e-07 6.15822e-08 5.64791e-07 4.75868e-07 0.00235361 0.947398 2.03269e-07 1.74929e-06 0.000410195 1.50282e-05 0.000426145 0.00017003 5.65197e-07 1.17438e-07 1.82949e-06 7.51436e-10 
0.0918597 0.0121061 0.0800707 4.35213e-07 0.000210443 1.5781e-05 0.000412196 0.000487617 0.00722314 0.110515 0.000273838 0.0152741 0.61318 0.00539548 0.0191344 0.0298994 0.000324209 7.47142e-07 0.013404 0.000212009 
0.000353853 0.0167892 0.0729869 6.24725e-07 0.000398378 4.94174e-07 3.81863e-07 8.52037e-05 0.000670368 0.0653446 0.00153842 3.98991e-05 0.824411 0.000131932 0.00968231 0.00639104 0.000528823 4.04764e-08 0.000645732 6.92046e-07 
0.00200771 0.0212931 0.0457613 7.88807e-05 0.00134984 6.10917e-06 0.000781037 0.00568778 0.039678 0.105565 0.00230253 0.0551198 0.660636 0.00149117 0.00966808 0.00277914 0.00064205 5.93057e-05 0.0450926 1.04598e-06 
6.01789e-06 1.07878e-05 7.01635e-06 4.74924e-05 8.79897e-06 3.75677e-05 2.90298e-05 5.78984e-06 6.93574e-06 2.94761e-06 3.09291e-05 3.35618e-06 0.999691 2.53302e-05 4.98409e-06 1.34256e-05 9.18571e-06 3.07707e-06 3.64014e-06 5.26102e-05 
3.49634e-06 6.65928e-07 0.00760848 4.88644e-07 8.36409e-07 7.62393e-08 7.04614e-07 5.93995e-07 0.491528 5.89127e-06 0.000405437 2.18384e-06 0.000479615 0.476559 4.33332e-07 5.69047e-07 0.0044451 2.22939e-12 0.018959 3.81171e-11 
1.54426e-08 0.0355001 0.000113448 1.21871e-07 2.25791e-08 9.64029e-08 4.47706e-05 1.48574e-08 1.95954e-05 2.57248e-05 7.93673e-08 8.61232e-09 0.964274 6.5e-08 1.27897e-08 3.44516e-08 2.35715e-08 7.89609e-09 2.14936e-05 1.35004e-07 
0.0636287 0.00961164 0.000931231 1.50081e-06 0.0195789 1.18718e-06 0.747712 0.00719987 0.0247537 0.000643667 9.7739e-07 1.06059e-07 0.0507381 8.0046e-07 1.57502e-07 4.24264e-07 0.000231734 9.72386e-08 0.0749338 3.16054e-05 
2.32633e-05 4.17023e-05 2.7123e-05 0.000183591 3.40141e-05 0.000145225 0.00011222 2.23818e-05 2.68114e-05 1.13946e-05 0.000119562 1.2974e-05 3.553e-05 0.998868 1.9267e-05 5.18994e-05 3.55091e-05 1.1895e-05 1.40717e-05 0.000203375 
0.061694 0.0620995 0.0108919 0.000509381 0.000142347 7.45813e-08 0.00248055 0.00230734 0.379336 0.0515636 0.00166481 0.00237193 0.0230081 0.274479 0.000167809 0.000197541 0.019456 7.68969e-05 0.107554 5.93449e-10 
1.88951e-05 0.14295 0.0013745 1.96869e-08 0.0112479 4.0082e-07 1.20336e-08 0.000101758 2.87506e-09 0.763547 6.56822e-08 0.0754559 0.00529199 1.05001e-08 7.25123e-06 3.63104e-06 1.60802e-07 6.53461e-09 1.50894e-09 2.18084e-08 
0.970911 1.32455e-05 8.61486e-06 5.83124e-05 1.08036e-05 0.0231095 3.56435e-05 7.10893e-06 8.51588e-06 3.61916e-06 3.79755e-05 4.12081e-06 0.00565383 3.11011e-05 6.1196e-06 1.64844e-05 1.12785e-05 3.77811e-06 4.46946e-06 6.45962e-05 
0.0001791 3.73801e-06 0.246883 1.74467e-07 3.23236e-08 1.38008e-07 1.06643e-07 2.12694e-08 4.78104e-06 0.00697545 0.668926 1.23292e-08 0.0769825 9.30522e-08 8.0042e-06 1.75275e-05 3.37443e-08 1.13038e-08 1.8969e-05 1.93267e-07 
3.95738e-06 7.09408e-06 4.61396e-06 3.12311e-05 5.78622e-06 2.47046e-05 0.0162311 3.80741e-06 4.56095e-06 1.93836e-06 2.0339e-05 0.973919 0.00966794 1.66572e-05 3.27755e-06 8.82872e-06 6.04054e-06 2.02349e-06 2.39376e-06 3.45966e-05 
2.09012e-06 1.26783e-06 4.23525e-06 4.87983e-09 9.04091e-10 2.18091e-05 2.9828e-09 3.28289e-06 0.00144498 5.04687e-06 3.20535e-06 2.65001e-06 0.997567 2.60267e-09 1.37866e-06 0.000939317 2.17945e-06 3.16168e-10 1.07458e-06 5.40568e-09 
5.07608e-09 9.28237e-05 0.000222532 4.00597e-08 0.000111336 3.16883e-08 2.20623e-05 4.88372e-09 5.85028e-09 7.65807e-05 0.000232215 1.67054e-05 0.85923 2.1366e-08 4.20407e-09 2.27622e-06 1.86033e-05 2.5955e-09 0.139975 4.43766e-08 
1.74816e-06 3.13379e-06 2.03821e-06 1.37963e-05 2.55605e-06 0.993115 8.43297e-06 1.68191e-06 2.01479e-06 0.000514616 0.00629826 9.74949e-07 2.66996e-06 7.35826e-06 1.44785e-06 3.90006e-06 2.66839e-06 8.9387e-07 1.05744e-06 1.5283e-05 
0.000803563 0.000381417 0.446569 1.54483e-08 0.000169631 0.353657 1.60536e-05 0.00165474 2.18743e-05 0.00783637 9.0507e-05 1.9236e-07 0.0704338 0.00628195 1.9608e-05 0.000697183 0.000165365 6.06101e-08 0.111201 1.7113e-08 
0.0169976 0.00786743 0.000880825 4.94593e-06 0.001001 2.02586e-05 0.000717742 0.056284 0.0101606 0.868789 0.000722026 0.00630988 0.000617445 0.00242758 0.00984982 0.00425476 1.91554e-05 1.40241e-07 0.0130757 5.4478e-10 
2.73629e-10 4.90514e-10 0.00666012 2.15945e-09 4.00083e-10 1.70818e-09 1.31996e-09 2.6326e-10 0.0167829 0.000684162 1.19551e-05 1.52603e-10 0.975798 5.58607e-05 2.26623e-10 6.10454e-10 4.13533e-06 1.39912e-10 2.58219e-06 2.39215e-09 
9.58819e-11 3.30027e-06 0.118746 7.56687e-10 1.40332e-07 5.98559e-10 4.62525e-10 0.000612196 3.53729e-07 0.830311 4.92786e-10 7.64722e-07 0.050296 4.03581e-10 9.84771e-07 3.01633e-06 1.46354e-10 4.90263e-11 2.69514e-05 8.38229e-10 
0.156411 1.69458e-07 0.000685611 7.46026e-07 0.000671331 5.90126e-07 4.56009e-07 7.76787e-05 1.08949e-07 0.000138297 4.85844e-07 0.67191 0.169716 0.000302305 7.82917e-08 2.10894e-07 1.44292e-07 4.83356e-08 4.39581e-06 7.99041e-05 
1.43074e-07 0.00352916 0.0141438 1.61826e-07 0.000217792 5.70176e-11 4.40593e-11 0.089803 8.26889e-08 0.818632 5.8433e-07 0.00599116 0.00158316 1.94862e-07 7.56449e-12 0.0660815 1.39414e-11 4.67015e-12 1.73255e-05 7.9848e-11 
0.000137139 3.23891e-06 5.54217e-10 1.87608e-05 6.95026e-10 2.96746e-09 1.37606e-05 4.57337e-10 7.34174e-06 6.9153e-06 2.44307e-09 0.000140372 8.78533e-06 2.00082e-09 3.85034e-05 4.45509e-06 4.78951e-06 2.43056e-10 0.999616 4.15565e-09 
0.000364045 0.0213816 0.0768406 4.34882e-07 0.000218255 6.61939e-05 0.00218688 0.0104198 0.229752 0.428126 0.0643318 0.042556 0.0667762 0.00197706 0.0251011 0.0119404 0.0026458 7.41586e-07 0.0153156 9.40819e-09 
3.49634e-06 6.65928e-07 0.00760848 4.88644e-07 8.36409e-07 7.62393e-08 7.04614e-07 5.93995e-07 0.491528 5.89127e-06 0.000405437 2.18384e-06 0.000479615 0.476559 4.33332e-07 5.69047e-07 0.0044451 2.22939e-12 0.018959 3.81171e-11 
0.267498 0.0671517 0.00755962 0.00398501 0.010813 0.000112198 0.161989 0.00229845 0.0271307 0.0162199 0.160862 0.11092 0.0825449 0.000298421 0.0112863 1.18619e-07 0.00305904 9.58531e-05 0.0661726 3.57517e-06 
1.99603e-11 3.57812e-11 2.35046e-09 1.73434e-07 2.91846e-11 1.24605e-10 6.74967e-08 1.13881e-06 6.92438e-09 2.23203e-06 1.02586e-10 1.11318e-11 0.999996 8.40156e-11 1.65313e-11 4.45304e-11 3.04673e-11 1.02061e-11 7.48689e-08 1.74499e-10 
3.23609e-06 5.80108e-06 0.986639 2.55388e-05 4.73159e-06 2.02018e-05 1.56106e-05 3.11346e-06 0.0108197 0.00237918 1.66319e-05 1.80477e-06 4.94246e-06 1.36212e-05 2.68017e-06 7.21956e-06 4.93956e-06 1.65468e-06 1.95747e-06 2.82909e-05 
0.00296427 0.365653 0.460154 2.53002e-05 3.55385e-05 8.01917e-06 0.00294255 0.000684155 0.00182629 0.0651025 0.000683172 0.00673803 0.0109684 0.0404486 0.0296348 2.21424e-05 1.12148e-05 2.31884e-06 0.0120954 4.81806e-07 
0.00790449 0.00151217 0.0372719 0.000156156 0.000486975 0.000340195 0.00377365 0.00734201 0.0927862 0.0575216 0.0132445 0.00301418 0.644647 0.00340909 0.00728191 0.00547776 0.0654309 1.13495e-05 0.0483871 2.85369e-07 
0.000609001 0.000146873 0.00161417 3.33749e-08 0.000454549 4.87208e-09 0.00157869 1.48555e-05 0.981684 4.15652e-08 8.86222e-08 0.00398519 1.09103e-07 0.000848156 3.40018e-13 0.000112697 0.000335377 1.89138e-10 0.00861618 7.21411e-10 
2.3928e-07 4.28937e-07 2.78979e-07 1.88836e-06 3.49859e-07 0.000449618 0.000116581 2.30212e-07 2.75774e-07 1.17201e-07 1.22978e-06 0.000240337 0.999068 1.00716e-06 1.98174e-07 5.33821e-07 3.65236e-07 1.22348e-07 0.000115934 2.09185e-06 
0.241338 0.0414205 0.10167 1.78024e-05 0.0003097 4.92451e-07 6.16374e-05 0.000661265 0.00558416 0.0964526 3.49025e-05 0.0111135 0.244486 0.0103183 0.0622254 0.0002073 0.000470882 1.55084e-05 0.0111599 0.172453 
0.000120285 9.34246e-10 0.0222585 4.11294e-09 1.53164e-07 1.17157e-05 5.38029e-05 1.20846e-05 6.00649e-10 3.06325e-05 1.76809e-05 1.01441e-05 0.358507 9.87358e-06 1.58846e-05 1.593e-05 6.84211e-06 2.66481e-10 0.61893 4.55615e-09 
1.43074e-07 0.00352916 0.0141438 1.61826e-07 0.000217792 5.70176e-11 4.40593e-11 0.089803 8.26889e-08 0.818632 5.8433e-07 0.00599116 0.00158316 1.94862e-07 7.56449e-12 0.0660815 1.39414e-11 4.67015e-12 1.73255e-05 7.9848e-11 
3.49634e-06 6.65928e-07 0.00760848 4.88644e-07 8.36409e-07 7.62393e-08 7.04614e-07 5.93995e-07 0.491528 5.89127e-06 0.000405437 2.18384e-06 0.000479615 0.476559 4.33332e-07 5.69047e-07 0.0044451 2.22939e-12 0.018959 3.81171e-11 
0.0101617 0.00470253 1.98594e-07 4.11368e-05 1.00447e-07 2.19832e-05 0.00489108 0.00313167 0.0242754 0.909993 0.000146011 2.62265e-07 0.000410551 0.0358269 0.000150969 0.00624625 8.47212e-08 9.39782e-09 2.74287e-07 4.57762e-12 
3.49634e-06 6.65928e-07 0.00760848 4.88644e-07 8.36409e-07 7.62393e-08 7.04614e-07 5.93995e-07 0.491528 5.89127e-06 0.000405437 2.18384e-06 0.000479615 0.476559 4.33332e-07 5.69047e-07 0.0044451 2.22939e-12 0.018959 3.81171e-11 
0.0101908 0.0148892 0.0249014 3.82568e-08 1.88632e-06 1.6549e-07 0.559393 7.29812e-05 1.5943e-05 0.00579361 2.1031e-06 0.00775784 0.375767 4.15507e-07 9.13606e-05 0.000741146 0.00013601 3.14457e-07 1.18219e-06 0.00024314 
9.52552e-11 1.70756e-10 0.0148174 5.2697e-07 1.39276e-10 1.36828e-06 4.59502e-10 9.16455e-11 1.06501e-06 4.85277e-07 0.00467394 5.31238e-11 0.977446 4.00943e-10 0.00156321 7.22747e-07 0.00149457 4.87059e-11 6.97241e-07 8.3275e-10 
0.106799 2.25525e-06 0.330463 0.00133808 0.01123 5.97693e-11 2.75271e-06 0.0519736 1.19174e-06 0.369983 2.58835e-06 0.0333 0.0948983 1.69262e-06 3.74282e-07 5.29746e-07 2.08997e-07 4.89553e-12 3.06189e-06 7.70138e-07 
3.49634e-06 6.65928e-07 0.00760848 4.88644e-07 8.36409e-07 7.62393e-08 7.04614e-07 5.93995e-07 0.491528 5.89127e-06 0.000405437 2.18384e-06 0.000479615 0.476559 4.33332e-07 5.69047e-07 0.0044451 2.22939e-12 0.018959 3.81171e-11 
3.49634e-06 6.65928e-07 0.00760848 4.88644e-07 8.36409e-07 7.62393e-08 7.04614e-07 5.93995e-07 0.491528 5.89127e-06 0.000405437 2.18384e-06 0.000479615 0.476559 4.33332e-07 5.69047e-07 0.0044451 2.22939e-12 0.018959 3.81171e-11 
0.00117638 0.000320236 0.0159409 0.000221423 0.00681757 3.46466e-05 0.00108664 4.65858e-05 0.0564159 0.00838892 0.00202484 0.000463046 0.879237 0.0119215 8.76863e-05 0.000246109 0.00163558 1.79141e-06 0.0139244 8.69788e-06 
7.93621e-10 1.42266e-09 3.51704e-06 6.26315e-09 1.16038e-09 4.95431e-09 3.82835e-09 7.63546e-10 9.14663e-10 3.88722e-10 7.34596e-06 4.42602e-10 0.998409 3.34047e-09 9.86588e-07 1.77053e-09 0.00157758 4.05794e-10 1.1526e-06 6.93807e-09 
1.89125e-10 7.80107e-07 0.186041 1.49255e-09 2.76527e-10 0.00372707 1.36858e-05 8.3719e-07 7.63117e-07 0.0656557 7.29106e-06 6.22411e-07 0.744543 7.96057e-10 1.56652e-06 3.41806e-06 1.87671e-06 9.67036e-11 1.80762e-06 1.65339e-09 
1.56945e-05 1.08167e-08 7.59865e-05 4.76196e-08 0.000169402 3.76684e-08 2.91075e-08 5.80535e-09 0.000115449 1.48071e-06 4.65488e-05 7.23545e-05 0.999503 2.5398e-08 4.99744e-09 1.34616e-08 9.21031e-09 3.08531e-09 3.64989e-09 5.27512e-08 
0.204215 8.85622e-07 0.05947 0.000125656 3.94257e-06 0.00399113 0.0128261 7.87277e-05 0.026929 0.0160056 0.000461044 0.159905 0.0739893 4.36735e-05 0.0116471 0.000157558 1.25831e-05 3.59963e-07 0.430137 6.40956e-09 
0.00133367 1.51305e-07 0.000324845 6.66107e-07 1.2341e-07 5.26908e-07 4.07158e-07 8.12057e-08 0.861625 4.13419e-08 4.33797e-07 0.134448 1.2891e-07 3.5527e-07 0.00226497 1.88302e-07 1.28834e-07 4.31576e-08 5.10549e-08 7.37887e-07 
0.0058978 0.000156024 0.255333 0.000165038 1.81335e-06 0.00033231 0.0454302 0.000227931 0.0131561 0.0558636 7.62919e-05 0.00691563 0.141895 0.431506 0.0012703 0.000294306 0.0367086 4.28552e-06 0.00476517 5.3199e-07 
3.16656e-07 1.11426e-05 0.0414761 5.49842e-07 2.20343e-07 0.000324379 1.44827e-06 1.1348e-08 2.53121e-10 0.00894537 0.00430281 1.22484e-10 0.923713 4.96468e-08 0.000138361 0.000941415 0.000232244 1.12298e-10 0.0199122 1.92002e-09 
0.0109006 2.16443e-06 0.0357635 0.000936798 1.48088e-05 0.107082 0.00321816 0.00345878 0.000174207 0.0308767 0.000276464 0.00609051 0.780086 1.59653e-06 0.00157247 0.0069124 0.00125076 1.52494e-06 0.0113809 9.40427e-09 
0.0102638 0.0010762 0.0137756 2.11634e-08 1.15622e-08 2.10783e-08 0.821612 0.0931699 0.0218878 0.0195285 0.000299987 0.00208475 5.86494e-08 0.000496209 1.77652e-08 3.0191e-05 0.000503001 1.65954e-08 0.0152723 3.65545e-08 
9.52552e-11 1.70756e-10 0.0148174 5.2697e-07 1.39276e-10 1.36828e-06 4.59502e-10 9.16455e-11 1.06501e-06 4.85277e-07 0.00467394 5.31238e-11 0.977446 4.00943e-10 0.00156321 7.22747e-07 0.00149457 4.87059e-11 6.97241e-07 8.3275e-10 
0.0020894 0.00277742 0.205182 2.442e-06 0.00319066 0.00148016 1.49268e-06 2.97707e-07 0.0103514 0.00482631 1.59034e-06 0.000311457 0.762424 0.00538257 2.56276e-07 6.90331e-07 4.72318e-07 1.58219e-07 0.00197476 2.70516e-06 
1.9822e-07 3.55333e-07 0.000309205 1.56433e-06 2.89824e-07 4.91895e-05 9.56195e-07 1.90708e-07 9.76102e-05 0.0788156 1.01875e-06 1.10547e-07 0.879258 8.34337e-07 1.64168e-07 4.42219e-07 3.02563e-07 1.01354e-07 0.0414626 1.7329e-06 
0.0205271 0.0146225 0.0472801 1.31301e-05 0.000637267 1.61856e-06 0.000161122 0.0110682 0.0090668 0.761928 0.000396366 0.0309146 0.0405855 0.00300823 0.00325312 0.00589874 0.000216511 4.55211e-07 0.050414 6.50747e-06 
7.12556e-09 1.27734e-08 2.57625e-05 5.6234e-08 2.91823e-05 5.34236e-05 3.43731e-08 6.85554e-09 8.21235e-09 0.000131234 9.89158e-05 3.97393e-09 0.999609 2.99925e-08 5.90148e-09 5.24754e-05 1.08765e-08 3.64344e-09 4.31016e-09 6.22938e-08 
0.00242742 0.0104746 0.14688 6.6869e-10 0.00249452 5.28952e-10 0.14749 5.32464e-07 0.0165093 0.0646945 0.0125263 0.0106522 0.566369 0.000375541 0.00432648 0.00136993 0.000270976 4.3325e-11 0.0131377 7.40749e-10 
0.00222109 7.80258e-05 0.0458389 1.20231e-09 2.65099e-06 9.51061e-10 0.682672 3.25411e-06 1.61188e-05 3.40052e-05 1.68352e-05 3.73932e-07 0.269073 7.82396e-06 8.52969e-06 1.2406e-05 2.53497e-06 7.78988e-11 1.1851e-05 1.33188e-09 
1.38945e-09 2.49076e-09 0.0217495 1.09653e-08 2.03156e-09 8.67388e-09 6.70257e-09 1.3368e-09 2.24207e-05 1.15764e-06 6.07064e-05 7.74896e-10 0.977842 0.000283652 1.15076e-09 6.82266e-06 2.09986e-05 7.10453e-10 1.3112e-05 1.2147e-08 
0.0304377 0.0626519 0.094433 3.87092e-09 0.000149221 1.98551e-06 0.000274053 0.0221894 0.000209301 0.16737 0.00301819 0.0574 0.533765 2.82651e-05 0.00376445 0.00311811 0.0010093 9.07183e-07 0.0201785 4.28805e-09 
0.00149928 3.46549e-05 3.98512e-06 2.10723e-09 3.90408e-10 1.66687e-09 1.95795e-05 2.36368e-06 3.07737e-10 0.998336 1.37231e-09 1.48913e-10 3.50755e-06 5.17102e-06 2.21143e-10 9.54899e-05 4.11643e-08 1.36529e-10 1.61512e-10 2.3343e-09 
0.00294132 0.000464699 0.023487 5.43623e-08 1.49351e-05 0.849888 0.000634457 3.49988e-05 0.000240106 0.00150337 1.25318e-07 0.0569375 0.0145137 1.88356e-05 0.00477658 0.000531302 3.03165e-06 1.68699e-08 0.0440103 6.02145e-12 
2.03018e-05 3.63934e-05 2.36701e-05 0.000160219 2.96839e-05 0.000126737 0.999025 1.95324e-05 2.33982e-05 9.94398e-06 0.000104341 1.13223e-05 3.10068e-05 8.54531e-05 1.68142e-05 4.52923e-05 3.09886e-05 1.03807e-05 1.22803e-05 0.000177484 
2.43962e-05 7.43476e-05 8.16641e-09 4.52906e-12 8.39104e-13 1.42313e-09 0.147172 0.849137 3.05088e-05 0.00347356 1.37935e-08 7.32799e-05 8.765e-13 1.22537e-08 4.75303e-13 1.56613e-05 3.42243e-08 2.93442e-13 2.92979e-08 5.01712e-12 
0.0444182 0.424104 0.526889 4.04835e-06 3.63473e-08 1.55187e-07 1.19918e-07 2.3917e-08 2.86506e-08 1.21762e-08 2.77234e-05 6.81675e-05 3.79671e-08 0.00447263 1.52023e-05 5.54594e-08 3.79449e-08 1.27109e-08 1.50369e-08 2.17325e-07 
0.0429058 1.51174e-05 1.18126e-05 2.35161e-09 4.35685e-10 1.86019e-09 8.48222e-06 0.0108949 2.43867e-06 0.748147 4.60971e-07 3.05794e-06 0.197984 3.77525e-07 1.52765e-05 6.38255e-06 4.54835e-10 1.52363e-10 5.62377e-06 2.60502e-09 
0.10622 0.337058 0.0240602 6.75113e-05 0.00226573 6.60806e-05 0.0111562 0.00102028 3.90569e-08 0.0971071 4.75882e-05 0.0240996 0.236442 1.42641e-07 0.160243 7.56032e-08 0.000137776 1.73278e-08 9.3125e-06 2.96262e-07 
8.00018e-09 0.000137691 0.000637079 6.31363e-08 1.16973e-08 0.000269739 3.85921e-08 7.69701e-09 8.94467e-05 0.00010698 0.0004071 4.4617e-09 0.998067 3.36739e-08 4.83753e-05 6.07012e-05 4.8858e-05 4.09065e-09 0.000126308 6.994e-08 
0.810898 0.00639809 0.00142584 1.42372e-06 0.00458056 9.05612e-10 0.00952758 0.00124601 0.00220403 0.0162274 2.67916e-06 0.10045 0.00134282 0.00135171 0.00496733 2.27683e-06 4.51184e-07 1.1763e-07 0.039373 1.26823e-09 
0.354323 0.000336145 0.0547395 0.00257174 0.00507922 0.000157347 0.000575399 0.0598498 0.0030806 0.0294562 0.000655335 0.0337808 0.0365532 8.63049e-05 0.00150448 0.000495701 0.000163912 0.000134196 0.318052 0.0984046 
0.196021 0.000980827 0.0657015 0.00251263 7.68029e-05 2.00918e-08 3.36757e-05 0.0021128 0.377318 0.0615791 0.000164152 0.000678078 0.0315606 0.116906 0.00519132 0.00337285 0.0662929 5.88463e-06 0.0694695 2.28763e-05 
7.51358e-12 1.29316e-07 0.012027 5.92961e-11 1.09859e-11 0.00663759 1.81587e-08 7.22885e-12 0.00149539 0.00163782 3.82339e-07 4.19032e-12 0.977101 3.16257e-11 0.000895076 0.00020529 4.58863e-08 3.84184e-12 1.18625e-07 6.5686e-11 
1.54285e-05 1.47856e-05 0.00251649 3.7019e-06 0.000173111 2.9283e-06 1.86198e-05 9.27875e-06 2.28391e-05 0.00212084 9.46722e-05 2.61605e-07 0.994537 6.57805e-05 0.000355422 2.59657e-05 7.16e-07 2.39849e-07 1.814e-05 4.10082e-06 
6.42139e-06 3.83936e-06 1.58989e-06 1.53519e-08 2.84426e-09 8.51279e-06 9.38386e-09 1.87157e-09 2.24198e-09 9.52816e-10 0.0224251 1.08488e-09 0.958574 8.18798e-09 1.61272e-06 4.33983e-09 0.00758115 9.94662e-10 0.0113979 1.70062e-08 
0.00740072 4.65359e-06 0.0595168 3.50582e-09 7.32187e-08 5.57986e-06 0.00253467 0.00101865 5.11987e-10 0.0470767 0.00939275 0.00128457 0.845265 0.000553686 0.0241743 0.00136013 0.00036863 2.27145e-10 4.27062e-05 3.8776e-07 
0.00904876 0.0122285 0.181978 0.000195892 0.000185001 8.31434e-08 0.00380066 0.0239621 3.57162e-07 0.57222 0.000689718 0.0385098 0.0283891 5.07339e-07 0.00452273 0.036102 6.26699e-08 8.84799e-08 0.0881665 2.31014e-07 
0.0146352 6.73956e-05 0.000342116 4.30851e-05 0.0001965 3.06921e-09 0.000207597 7.20793e-05 0.00215867 0.000355789 7.22763e-05 0.000797594 0.00119042 0.935803 0.00016124 0.00022551 0.02066 2.78995e-05 0.022984 4.29815e-09 
0.0229515 0.000368723 0.00552388 3.99473e-06 0.00342016 0.000104531 3.93668e-06 2.64499e-05 0.00251018 0.00101589 2.60154e-06 0.000203715 0.940867 0.0207534 0.0012581 0.000209402 4.97754e-05 2.58822e-07 0.000722185 4.42521e-06 
0.00112214 6.83888e-07 0.995531 3.01076e-06 5.57806e-07 0.00019579 1.84033e-06 3.67045e-07 7.69546e-05 0.000208302 1.96073e-06 0.00121233 0.00084555 0.000430083 3.15964e-07 0.000188459 5.82324e-07 1.95069e-07 0.000176925 3.3352e-06 
7.93621e-10 1.42266e-09 3.51704e-06 6.26315e-09 1.16038e-09 4.95431e-09 3.82835e-09 7.63546e-10 9.14663e-10 3.88722e-10 7.34596e-06 4.42602e-10 0.998409 3.34047e-09 9.86588e-07 1.77053e-09 0.00157758 4.05794e-10 1.1526e-06 6.93807e-09 
0.0336514 0.000442393 0.0287211 3.15579e-08 5.84676e-09 0.000546705 1.06209e-05 6.90027e-07 6.30034e-07 2.83461e-06 0.00381916 0.00119312 0.926619 4.50599e-06 1.28742e-06 0.000521471 1.5444e-06 2.04466e-09 0.004463 3.49586e-08 
7.20193e-07 1.29103e-06 8.39683e-07 5.68366e-06 1.05302e-06 4.49593e-06 3.47414e-06 6.92901e-07 8.30036e-07 3.52756e-07 3.70144e-06 4.01651e-07 0.999963 3.0314e-06 5.96472e-07 1.60672e-06 1.0993e-06 3.68249e-07 4.35635e-07 6.29614e-06 
1.54918e-05 4.30227e-05 2.64135e-08 1.78788e-07 3.31243e-08 1.41426e-07 4.11513e-05 4.31823e-05 2.61101e-08 1.44072e-05 1.16434e-07 3.62466e-05 0.997163 9.53572e-08 1.87629e-08 0.00264235 3.45802e-08 1.15838e-08 1.37036e-08 1.98055e-07 
0.00314052 6.60505e-07 1.03429e-06 1.13196e-07 5.22993e-11 4.02155e-07 1.7429e-06 8.56932e-07 4.12246e-11 0.0266689 1.83836e-10 1.01757e-07 0.970121 1.50557e-10 6.42109e-05 7.97992e-11 5.4598e-11 1.82895e-11 5.08473e-07 3.12704e-10 
3.11472e-11 0.00568291 0.108145 2.4581e-10 2.45969e-07 1.05018e-06 1.50251e-10 4.67514e-07 0.00184604 0.0359035 0.00713396 1.73708e-11 0.829495 5.25723e-08 0.00145041 0.00340338 0.000494761 1.59262e-11 0.00644249 2.72299e-10 
1.43074e-07 0.00352916 0.0141438 1.61826e-07 0.000217792 5.70176e-11 4.40593e-11 0.089803 8.26889e-08 0.818632 5.8433e-07 0.00599116 0.00158316 1.94862e-07 7.56449e-12 0.0660815 1.39414e-11 4.67015e-12 1.73255e-05 7.9848e-11 
0.00146603 0.004603 0.00250368 6.14014e-07 6.12358e-05 0.00118038 0.00493258 0.000488968 2.96479e-05 0.0500052 0.00134175 0.00159174 0.798191 0.126751 3.14166e-05 0.00047004 0.00393205 9.21935e-06 0.00241046 7.13964e-09 
0.00316369 6.2315e-07 0.888322 2.74337e-06 5.08266e-07 0.0132397 1.67688e-06 0.000134113 4.00638e-07 0.00338848 0.0534209 1.93867e-07 0.00743341 1.46318e-06 0.00446279 0.0105479 5.30606e-07 1.77745e-07 0.0158756 3.039e-06 
0.00513538 7.57352e-07 4.92579e-07 0.00022899 6.17727e-07 7.69355e-05 0.000174275 0.000985155 4.8692e-07 0.00323995 2.17136e-06 0.000196043 0.989552 1.77829e-06 9.1528e-05 0.00030629 2.69211e-06 2.16024e-07 2.55554e-07 3.69348e-06 
2.57387e-05 2.61446e-05 0.400473 1.84156e-09 3.41188e-10 7.29819e-07 0.0101485 2.13304e-06 2.6894e-10 0.272773 1.1993e-09 0.154743 0.15988 5.40309e-06 1.93263e-10 6.24764e-06 3.56184e-10 1.19316e-10 2.49131e-05 0.00189109 
1.54507e-08 2.76973e-08 0.000362104 1.21935e-07 2.2591e-08 0.00252719 3.73411e-05 1.48652e-08 0.000316987 0.000123364 7.94093e-08 8.61687e-09 0.996256 6.50344e-08 0.000252104 0.000124126 2.3584e-08 7.90027e-09 9.34594e-09 1.35075e-07 
0.0126483 9.8239e-08 0.00194884 4.32489e-07 1.61057e-05 0.00123194 0.00565755 0.00127073 6.31603e-08 0.00322111 0.00185921 0.00106668 0.0134588 0.00103824 0.00167031 0.0016751 0.000719471 2.80213e-08 0.952516 4.79095e-07 
0.028854 0.0502995 0.489372 0.000654523 6.82681e-05 3.28794e-05 0.00961434 0.00243544 0.00191646 0.225087 0.00122426 0.00801372 0.145786 0.000186778 7.36189e-08 0.0321882 3.24843e-06 4.54507e-08 0.0042627 7.77094e-07 
0.0010901 0.00905244 0.0308482 3.11932e-08 0.000652879 0.000197631 0.00655372 0.00964834 0.474849 0.0615236 0.192958 0.0664068 0.0824839 0.00592188 8.25051e-07 0.00442241 0.00793384 2.66123e-07 0.0454559 6.74251e-10 
2.09012e-06 1.26783e-06 4.23525e-06 4.87983e-09 9.04091e-10 2.18091e-05 2.9828e-09 3.28289e-06 0.00144498 5.04687e-06 3.20535e-06 2.65001e-06 0.997567 2.60267e-09 1.37866e-06 0.000939317 2.17945e-06 3.16168e-10 1.07458e-06 5.40568e-09 
3.37084e-08 6.04263e-08 0.000149383 2.66022e-07 4.92862e-08 2.1043e-07 1.62606e-07 3.2431e-08 3.88496e-08 1.65106e-08 0.000312013 1.87992e-08 0.999428 1.41883e-07 4.19045e-05 7.52018e-08 6.69396e-05 1.72358e-08 2.03897e-08 2.94689e-07 
0.0441427 1.96324e-06 0.341156 3.52339e-07 9.76314e-05 0.00053827 3.55449e-05 1.33527e-05 1.4749e-05 9.52843e-05 5.45999e-05 0.0179243 0.588512 0.00735738 3.69762e-08 9.96026e-08 2.27779e-05 2.28283e-08 3.30066e-05 3.90307e-07 
0.00121325 0.0629759 0.0653492 1.92889e-05 0.00033749 1.02583e-06 0.000421725 0.0216865 0.000273801 0.184818 8.74616e-05 0.0202218 0.627467 0.00358393 7.27964e-05 0.0109045 0.000147814 5.44499e-06 7.92788e-06 0.00040473 
5.20688e-06 4.33451e-06 0.175144 7.33656e-09 1.35925e-09 2.90751e-06 6.72717e-05 8.94407e-10 1.07142e-09 0.190352 4.77788e-09 3.05943e-06 0.634412 3.91297e-09 6.00628e-06 3.94263e-06 1.419e-09 4.75341e-10 5.62324e-10 8.12716e-09 
5.43147e-06 0.000300967 6.94711e-05 4.28645e-05 7.94154e-06 3.39069e-05 2.62009e-05 5.22565e-06 6.25988e-06 0.00010876 2.79151e-05 3.02913e-06 0.999083 2.28619e-05 0.000139051 1.21174e-05 8.2906e-06 2.77722e-06 4.62786e-05 4.74836e-05 
0.00236589 8.036e-07 5.22659e-07 3.53778e-06 0.0162571 2.79848e-06 2.16247e-06 7.78397e-05 0.00069907 0.00850272 0.0769875 2.50007e-07 0.100936 0.2201 0.000693383 1.0001e-06 6.84258e-07 2.29216e-07 0.573365 3.91902e-06 
1.43074e-07 0.00352916 0.0141438 1.61826e-07 0.000217792 5.70176e-11 4.40593e-11 0.089803 8.26889e-08 0.818632 5.8433e-07 0.00599116 0.00158316 1.94862e-07 7.56449e-12 0.0660815 1.39414e-11 4.67015e-12 1.73255e-05 7.9848e-11 
0.15602 0.00311819 0.0168334 0.000687199 0.00260739 6.78473e-05 0.00186874 0.00250692 0.236216 0.228547 0.00117475 0.268869 0.0244016 0.0431619 0.000117115 7.50465e-05 0.000982043 2.30863e-08 0.0127456 9.43903e-12 
8.56991e-09 0.000127525 0.000194849 6.76326e-08 1.25304e-08 4.2853e-05 4.13405e-08 8.24516e-09 5.23579e-05 3.7363e-05 0.000546204 1.09975e-05 0.998724 3.6072e-08 9.58261e-05 7.07597e-05 9.68132e-05 4.38197e-09 5.18382e-09 7.49208e-08 
0.291608 1.02284e-07 6.65253e-08 4.50298e-07 0.000175281 3.56197e-07 2.75245e-07 5.48962e-08 6.5761e-08 5.03339e-05 0.000146919 0.707467 0.000209235 2.40167e-07 0.000340294 1.27295e-07 8.7094e-08 2.91751e-08 3.45139e-08 4.98822e-07 
5.59921e-07 4.99893e-06 0.000613016 7.58642e-06 4.78914e-07 6.59385e-10 5.09527e-10 1.01623e-10 6.20863e-06 0.150609 5.42864e-10 5.89073e-11 0.848601 1.86773e-06 8.74802e-11 0.000147561 1.61227e-10 5.40084e-11 7.31562e-06 9.2341e-10 
3.49634e-06 6.65928e-07 0.00760848 4.88644e-07 8.36409e-07 7.62393e-08 7.04614e-07 5.93995e-07 0.491528 5.89127e-06 0.000405437 2.18384e-06 0.000479615 0.476559 4.33332e-07 5.69047e-07 0.0044451 2.22939e-12 0.018959 3.81171e-11 
0.403911 0.00082744 0.00794878 0.00027388 0.0189133 3.11817e-05 0.0080003 0.0602156 0.00705981 0.035308 8.50243e-06 0.0276803 0.321476 0.0675881 0.000591584 0.0015986 0.000161764 2.48957e-05 0.0383791 1.91885e-06 
2.78462e-05 1.84812e-08 1.20201e-08 8.1362e-08 1.5074e-08 6.43595e-08 0.998575 9.91892e-09 0.000319638 0.000357525 5.29863e-08 5.98023e-05 0.000314932 4.33946e-08 8.53853e-09 0.000165625 2.99152e-05 5.2715e-09 0.00014905 9.01296e-08 
0.00115799 0.00162967 0.0481699 2.18407e-07 0.000660491 1.72766e-07 1.33501e-07 3.30511e-06 0.000209833 0.0191415 0.000102401 0.00125065 0.926845 0.000544641 2.29207e-08 4.68919e-06 5.6612e-07 1.41508e-08 0.000252368 2.61686e-05 
3.29137e-10 5.90019e-10 3.83746e-10 2.59751e-09 4.81243e-10 2.0547e-09 0.31124 3.16665e-10 3.79337e-10 1.61214e-10 0.00746707 0.0226206 0.633552 0.000500402 0.0174505 7.3429e-10 5.02395e-10 1.68295e-10 0.00716963 2.87742e-09 
4.5477e-07 8.1523e-07 0.000159597 3.58898e-06 6.64934e-07 2.83898e-06 2.19377e-06 4.37536e-07 5.24131e-07 2.2275e-07 0.00187217 2.53625e-07 0.996223 1.91419e-06 3.76646e-07 1.01457e-06 0.000625438 2.32533e-07 0.00110061 3.97573e-06 
3.7499e-05 0.0214441 3.04853e-05 2.71477e-08 5.02968e-09 2.14746e-08 0.0189587 3.3096e-09 3.96462e-09 0.0261299 1.76797e-08 0.924119 0.00921104 1.15979e-05 3.50458e-05 4.61232e-06 5.25075e-09 1.75892e-09 1.8313e-05 3.00732e-08 
6.95403e-07 7.49055e-10 0.00889678 4.6383e-07 6.1096e-10 1.19957e-06 2.01569e-09 4.0202e-10 9.32454e-07 0.0014212 0.00156248 3.66293e-07 0.987093 1.75881e-09 0.000522052 6.33275e-07 0.000499476 2.13657e-10 6.10409e-07 3.65301e-09 
0.000920622 0.00124405 0.00677164 0.000348688 2.13385e-07 1.94763e-08 1.79777e-07 0.0462671 0.0455704 0.873049 0.00032526 5.57128e-07 0.00130753 4.78631e-06 1.10552e-07 0.0178908 1.79979e-07 2.91166e-08 0.00629877 4.70894e-11 
2.94434e-05 0.00359704 6.29867e-07 5.85856e-06 1.83462e-07 7.78347e-09 6.01453e-09 0.073066 1.43698e-09 0.921487 7.80415e-07 0.000330861 0.00147187 3.88921e-07 4.21944e-06 2.6641e-06 2.59129e-06 6.37522e-10 7.54182e-10 1.09e-08 
3.49634e-06 6.65928e-07 0.00760848 4.88644e-07 8.36409e-07 7.62393e-08 7.04614e-07 5.93995e-07 0.491528 5.89127e-06 0.000405437 2.18384e-06 0.000479615 0.476559 4.33332e-07 5.69047e-07 0.0044451 2.22939e-12 0.018959 3.81171e-11 
3.15431e-08 0.906452 3.67766e-08 2.48934e-07 4.61203e-08 1.96914e-07 0.000516265 1.3024e-05 4.58369e-05 0.0223208 1.62116e-07 1.75916e-08 7.04658e-06 1.3277e-07 4.17998e-05 0.0705978 4.81474e-08 1.61286e-08 3.71721e-06 2.7576e-07 
3.15818e-08 0.000543553 0.00251496 2.4924e-07 4.61769e-08 0.00106483 1.52348e-07 3.0385e-08 0.000353104 0.00042232 0.00160709 1.76132e-08 0.992371 1.32933e-07 0.000190968 0.000239626 0.000192874 1.61484e-08 0.000498617 2.76098e-07 
3.42771e-06 2.91427e-06 0.0133401 2.7982e-09 1.21118e-06 2.21345e-09 1.41544e-06 2.30172e-06 9.37031e-07 0.0681515 3.54813e-06 1.4946e-06 0.907372 1.49413e-05 0.00417484 0.000281253 6.0907e-07 1.81298e-10 0.00664788 3.09974e-09 
0.00599197 0.000276753 0.0710776 1.8391e-07 0.00475048 1.45478e-07 0.004464 0.000383604 1.22677e-05 0.0550607 0.00684359 0.00736565 0.830638 9.80889e-08 0.00725414 0.00250951 6.31411e-05 1.19157e-08 0.00330814 2.03728e-07 
0.363908 3.07339e-05 0.585117 6.07626e-06 3.31966e-06 8.14519e-10 3.75132e-05 8.23487e-05 1.62408e-05 7.38205e-05 3.52733e-05 6.5759e-05 0.0505337 2.30666e-05 5.10062e-06 7.21923e-06 2.84816e-06 6.6715e-11 4.17266e-05 1.04952e-05 
2.62012e-06 1.23569e-09 0.0603155 5.44003e-09 1.00788e-09 9.9017e-06 3.35848e-07 6.632e-10 0.00770382 8.57628e-06 4.25488e-06 3.84435e-10 0.93195 2.90146e-09 5.70904e-10 1.53784e-09 1.68455e-06 3.52464e-10 2.96083e-06 6.02626e-09 
3.49634e-06 6.65928e-07 0.00760848 4.88644e-07 8.36409e-07 7.62393e-08 7.04614e-07 5.93995e-07 0.491528 5.89127e-06 0.000405437 2.18384e-06 0.000479615 0.476559 4.33332e-07 5.69047e-07 0.0044451 2.22939e-12 0.018959 3.81171e-11 
0.036531 0.000843914 0.00922693 0.000145938 0.000963541 0.000150097 0.000640879 6.37257e-05 0.00677343 0.0211039 9.44343e-06 7.65699e-05 0.922441 0.00011055 0.00041913 0.000142199 5.75007e-05 2.53518e-05 0.000171416 0.000103424 
3.49634e-06 6.65928e-07 0.00760848 4.88644e-07 8.36409e-07 7.62393e-08 7.04614e-07 5.93995e-07 0.491528 5.89127e-06 0.000405437 2.18384e-06 0.000479615 0.476559 4.33332e-07 5.69047e-07 0.0044451 2.22939e-12 0.018959 3.81171e-11 
0.00231104 0.00240876 0.0106151 1.27028e-06 0.00245125 0.000105975 0.00330678 0.000595363 1.71587e-07 0.0998048 0.00896588 3.52744e-06 0.853274 1.42955e-05 0.00463932 0.0033305 3.19485e-05 1.48109e-07 0.00813936 8.446e-07 
2.09012e-06 1.26783e-06 4.23525e-06 4.87983e-09 9.04091e-10 2.18091e-05 2.9828e-09 3.28289e-06 0.00144498 5.04687e-06 3.20535e-06 2.65001e-06 0.997567 2.60267e-09 1.37866e-06 0.000939317 2.17945e-06 3.16168e-10 1.07458e-06 5.40568e-09 
3.49634e-06 6.65928e-07 0.00760848 4.88644e-07 8.36409e-07 7.62393e-08 7.04614e-07 5.93995e-07 0.491528 5.89127e-06 0.000405437 2.18384e-06 0.000479615 0.476559 4.33332e-07 5.69047e-07 0.0044451 2.22939e-12 0.018959 3.81171e-11 
0.00146603 0.004603 0.00250368 6.14014e-07 6.12358e-05 0.00118038 0.00493258 0.000488968 2.96479e-05 0.0500052 0.00134175 0.00159174 0.798191 0.126751 3.14166e-05 0.00047004 0.00393205 9.21935e-06 0.00241046 7.13964e-09 
9.52552e-11 1.70756e-10 0.0148174 5.2697e-07 1.39276e-10 1.36828e-06 4.59502e-10 9.16455e-11 1.06501e-06 4.85277e-07 0.00467394 5.31238e-11 0.977446 4.00943e-10 0.00156321 7.22747e-07 0.00149457 4.87059e-11 6.97241e-07 8.3275e-10 
0.00235493 0.0171527 0.0227927 8.60493e-10 0.000853156 6.80673e-10 0.230363 0.000795884 0.00850315 0.0212146 0.00113648 5.68995e-06 0.641385 1.12363e-06 0.042536 0.0102156 0.000688322 5.5752e-11 1.70147e-06 9.53221e-10 
2.09012e-06 1.26783e-06 4.23525e-06 4.87983e-09 9.04091e-10 2.18091e-05 2.9828e-09 3.28289e-06 0.00144498 5.04687e-06 3.20535e-06 2.65001e-06 0.997567 2.60267e-09 1.37866e-06 0.000939317 2.17945e-06 3.16168e-10 1.07458e-06 5.40568e-09 
0.00412789 0.155546 0.0305095 5.52999e-06 0.00921878 8.79692e-07 0.000368897 0.00987478 0.0934843 0.560277 0.000172829 2.45975e-05 0.0758734 0.0391911 0.000423158 0.000205121 0.000229333 1.74863e-09 0.0204666 2.98973e-08 
0.00273935 0.249314 0.000292266 9.16819e-07 1.6986e-07 8.66181e-05 2.54499e-05 1.1177e-07 1.33891e-07 0.0657769 5.97071e-07 6.47895e-08 0.681761 4.88988e-07 9.62156e-08 2.59176e-07 1.77326e-07 5.94014e-08 7.02712e-08 1.01562e-06 
1.50129e-06 3.65497e-08 0.00855895 1.37932e-07 1.63177e-06 3.21144e-07 1.56829e-06 8.59069e-08 0.000826954 0.00179791 0.00367786 2.8631e-07 0.972198 0.000838704 9.64562e-08 0.00176208 0.000705033 6.05423e-08 0.00962887 8.48392e-11 
0.00333209 0.00180089 0.0356919 0.000202296 0.00168995 0.175479 0.00261009 0.00197618 0.140784 0.154791 0.172612 0.0349053 0.0286887 0.00499929 0.133403 0.00247628 0.00845047 0.00105313 0.094933 0.000121814 
0.000103362 4.91945e-06 0.139447 1.35275e-08 0.000377444 2.46221e-05 0.00764605 6.43334e-06 0.000376146 0.0172862 8.37007e-05 6.50062e-05 0.681092 3.31958e-05 1.41964e-09 3.82409e-09 9.26238e-05 8.76458e-10 0.153361 1.49852e-08 
1.33525e-07 2.39359e-07 1.55678e-07 1.05376e-06 1.95231e-07 8.3355e-07 6.4411e-07 1.28465e-07 1.5389e-07 6.54014e-08 6.86251e-07 8.74435e-05 0.999839 5.62024e-07 1.10587e-07 2.97887e-07 1.88363e-05 6.82738e-08 4.84817e-05 1.16731e-06 
0.00392031 0.000834167 0.00174869 3.90634e-07 0.000332989 3.09002e-07 0.971912 0.000223873 0.000285296 0.00362703 2.54397e-07 2.76052e-08 0.0129501 0.0015003 0.000405893 0.00101605 9.8296e-05 2.53095e-08 0.00114377 4.32729e-07 
3.77943e-07 0.00265478 0.021242 5.0702e-05 5.52603e-07 2.35937e-06 1.82316e-06 3.6362e-07 4.35586e-07 0.000191694 1.94244e-06 0.00755202 0.96803 1.59082e-06 6.0408e-05 0.000138318 5.28319e-05 1.9325e-07 2.28612e-07 1.73883e-05 
0.0051434 7.05284e-05 2.05879e-07 1.39356e-06 2.58186e-07 1.10234e-06 6.78945e-05 7.06733e-05 2.03514e-07 0.00287434 9.07544e-07 5.92873e-05 0.991607 7.43258e-07 3.66024e-06 9.62301e-05 2.69534e-07 9.02898e-08 1.06812e-07 1.54373e-06 
0.061694 0.0620995 0.0108919 0.000509381 0.000142347 7.45813e-08 0.00248055 0.00230734 0.379336 0.0515636 0.00166481 0.00237193 0.0230081 0.274479 0.000167809 0.000197541 0.019456 7.68969e-05 0.107554 5.93449e-10 
0.00101476 0.0014104 0.00419551 3.52775e-07 0.000614439 0.000139806 2.15634e-07 4.30071e-08 5.15188e-08 0.00207348 0.000758376 0.00246808 0.00557786 1.88153e-07 0.00554593 0.000708155 6.82316e-08 2.28565e-08 0.975492 3.9079e-07 
2.18615e-08 3.91894e-08 0.99982 1.74253e-05 3.19644e-08 1.36474e-07 1.05458e-07 2.1054e-05 2.51958e-08 5.35503e-05 1.12357e-07 1.21921e-08 8.68446e-05 9.20182e-08 1.81059e-08 4.87719e-08 3.33694e-08 1.11782e-08 1.32237e-08 1.9112e-07 
5.02753e-07 9.01246e-07 5.86167e-07 3.96766e-06 7.35092e-07 3.13852e-06 2.42523e-06 4.83701e-07 5.79433e-07 2.46253e-07 2.58391e-06 2.80385e-07 0.999974 2.11616e-06 4.16386e-07 1.12162e-06 7.67402e-07 2.57068e-07 3.04108e-07 4.39522e-06 
