4.77504e-07 1.47092e-05 2.12414e-07 2.18031e-07 4.03546e-11 1.72297e-10 1.31821e-06 2.65539e-11 2.29059e-07 0.999667 1.4185e-10 4.1715e-07 1.43362e-07 1.16172e-10 2.28585e-11 0.000314588 4.21283e-11 1.41123e-11 2.85496e-07 2.41286e-10 
2.78977e-10 5.00099e-10 0.0758485 2.20165e-09 2.45149e-07 4.56307e-05 6.74227e-07 2.68405e-10 5.72349e-06 0.0155944 1.43381e-09 1.55585e-10 0.908498 1.17425e-09 4.55196e-06 2.24121e-06 4.2583e-10 1.42646e-10 1.70436e-08 2.4389e-09 
1.30494e-09 3.97909e-06 0.0593556 1.02984e-08 0.0171837 8.14633e-09 3.78325e-06 9.16634e-06 1.50397e-09 0.367517 4.03076e-06 5.7501e-06 0.555869 3.84542e-05 1.08077e-09 1.01923e-05 1.99186e-09 6.67243e-10 7.89342e-10 1.14082e-08 
7.90805e-12 0.0331531 9.22011e-12 6.24093e-11 1.15626e-11 4.93674e-11 4.20007e-08 0.701394 8.29482e-08 0.264816 4.06436e-11 4.41032e-12 5.49065e-06 8.99057e-08 6.54954e-12 0.000630424 1.20708e-11 4.04355e-12 4.78347e-12 6.91346e-11 
3.49634e-06 6.65928e-07 0.00760848 4.88644e-07 8.36409e-07 7.62393e-08 7.04614e-07 5.93995e-07 0.491528 5.89127e-06 0.000405437 2.18384e-06 0.000479615 0.476559 4.33332e-07 5.69047e-07 0.0044451 2.22939e-12 0.018959 3.81171e-11 
3.49634e-06 6.65928e-07 0.00760848 4.88644e-07 8.36409e-07 7.62393e-08 7.04614e-07 5.93995e-07 0.491528 5.89127e-06 0.000405437 2.18384e-06 0.000479615 0.476559 4.33332e-07 5.69047e-07 0.0044451 2.22939e-12 0.018959 3.81171e-11 
9.52552e-11 1.70756e-10 0.0148174 5.2697e-07 1.39276e-10 1.36828e-06 4.59502e-10 9.16455e-11 1.06501e-06 4.85277e-07 0.00467394 5.31238e-11 0.977446 4.00943e-10 0.00156321 7.22747e-07 0.00149457 4.87059e-11 6.97241e-07 8.3275e-10 
0.000107645 1.28795e-05 1.04579e-08 7.07877e-08 1.31149e-08 5.59949e-08 4.3269e-08 8.6298e-09 1.03378e-08 5.14076e-05 4.60999e-08 5.0024e-09 0.999828 3.77548e-08 7.42882e-09 2.0011e-08 1.36914e-08 4.58639e-09 5.42565e-09 7.84159e-08 
7.71263e-07 0.000842922 0.142282 0.000381263 0.000283299 0.000958677 2.33753e-10 1.12851e-05 0.000644318 0.0457217 9.29958e-07 1.17332e-06 0.789726 1.6168e-08 9.03202e-08 5.1688e-07 0.00015272 2.47771e-11 0.018869 0.000123767 
3.49634e-06 6.65928e-07 0.00760848 4.88644e-07 8.36409e-07 7.62393e-08 7.04614e-07 5.93995e-07 0.491528 5.89127e-06 0.000405437 2.18384e-06 0.000479615 0.476559 4.33332e-07 5.69047e-07 0.0044451 2.22939e-12 0.018959 3.81171e-11 
0.0674108 6.86776e-08 0.000121494 0.000127812 5.60163e-08 2.81085e-05 0.000101191 3.68595e-08 4.34926e-05 3.84067e-05 1.96901e-07 0.000105897 0.921154 1.61258e-07 0.0108001 1.55783e-05 2.20158e-05 1.95893e-08 3.06277e-05 3.34929e-07 
0.00342985 1.27558e-07 0.005625 5.61564e-07 0.000874052 4.44212e-07 0.00175095 6.84608e-08 0.00114002 0.00108049 3.65714e-07 0.0058535 0.00593394 0.00251619 0.00472652 0.00241314 1.08614e-07 3.63841e-08 0.964654 6.22079e-07 
2.09012e-06 1.26783e-06 4.23525e-06 4.87983e-09 9.04091e-10 2.18091e-05 2.9828e-09 3.28289e-06 0.00144498 5.04687e-06 3.20535e-06 2.65001e-06 0.997567 2.60267e-09 1.37866e-06 0.000939317 2.17945e-06 3.16168e-10 1.07458e-06 5.40568e-09 
0.0014843 0.00621151 6.13155e-07 3.30901e-07 4.74339e-07 4.8305e-08 0.00461441 0.00276214 1.71568e-05 0.12425 0.00395484 0.00042253 1.08171e-06 0.00700802 3.40521e-08 0.847973 0.00129811 2.08128e-12 1.06118e-06 7.15254e-09 
0.0581149 0.0644073 2.27029e-05 1.2254e-05 1.75632e-05 1.79021e-06 0.0178679 0.000306266 0.000635243 0.0107663 3.25344e-05 2.60309e-05 0.787512 8.6465e-05 3.48122e-10 0.0287239 0.0236784 2.14923e-10 0.00773765 5.1172e-05 
2.00658e-05 1.04434e-05 2.7172e-05 1.71759e-07 0.00427839 2.09034e-05 0.000242055 3.16321e-06 2.50835e-08 0.00215959 0.0222317 0.00448039 0.961754 9.16082e-08 2.03638e-05 0.00463876 1.44856e-05 1.11284e-08 9.76855e-05 1.90268e-07 
3.49634e-06 6.65928e-07 0.00760848 4.88644e-07 8.36409e-07 7.62393e-08 7.04614e-07 5.93995e-07 0.491528 5.89127e-06 0.000405437 2.18384e-06 0.000479615 0.476559 4.33332e-07 5.69047e-07 0.0044451 2.22939e-12 0.018959 3.81171e-11 
1.58831e-05 0.0211224 0.390089 3.56668e-05 2.46244e-05 8.54691e-09 2.64839e-06 1.31723e-09 1.57793e-09 0.160873 1.26728e-05 2.20675e-05 0.374992 5.76279e-09 1.13391e-09 1.25262e-05 2.08981e-09 7.00054e-10 0.0527865 1.07842e-05 
3.49634e-06 6.65928e-07 0.00760848 4.88644e-07 8.36409e-07 7.62393e-08 7.04614e-07 5.93995e-07 0.491528 5.89127e-06 0.000405437 2.18384e-06 0.000479615 0.476559 4.33332e-07 5.69047e-07 0.0044451 2.22939e-12 0.018959 3.81171e-11 
0.000353853 0.0167892 0.0729869 6.24725e-07 0.000398378 4.94174e-07 3.81863e-07 8.52037e-05 0.000670368 0.0653446 0.00153842 3.98991e-05 0.824411 0.000131932 0.00968231 0.00639104 0.000528823 4.04764e-08 0.000645732 6.92046e-07 
3.49634e-06 6.65928e-07 0.00760848 4.88644e-07 8.36409e-07 7.62393e-08 7.04614e-07 5.93995e-07 0.491528 5.89127e-06 0.000405437 2.18384e-06 0.000479615 0.476559 4.33332e-07 5.69047e-07 0.0044451 2.22939e-12 0.018959 3.81171e-11 
1.54426e-08 0.0355001 0.000113448 1.21871e-07 2.25791e-08 9.64029e-08 4.47706e-05 1.48574e-08 1.95954e-05 2.57248e-05 7.93673e-08 8.61232e-09 0.964274 6.5e-08 1.27897e-08 3.44516e-08 2.35715e-08 7.89609e-09 2.14936e-05 1.35004e-07 
0.0636287 0.00961164 0.000931231 1.50081e-06 0.0195789 1.18718e-06 0.747712 0.00719987 0.0247537 0.000643667 9.7739e-07 1.06059e-07 0.0507381 8.0046e-07 1.57502e-07 4.24264e-07 0.000231734 9.72386e-08 0.0749338 3.16054e-05 
0.0001791 3.73801e-06 0.246883 1.74467e-07 3.23236e-08 1.38008e-07 1.06643e-07 2.12694e-08 4.78104e-06 0.00697545 0.668926 1.23292e-08 0.0769825 9.30522e-08 8.0042e-06 1.75275e-05 3.37443e-08 1.13038e-08 1.8969e-05 1.93267e-07 
2.09012e-06 1.26783e-06 4.23525e-06 4.87983e-09 9.04091e-10 2.18091e-05 2.9828e-09 3.28289e-06 0.00144498 5.04687e-06 3.20535e-06 2.65001e-06 0.997567 2.60267e-09 1.37866e-06 0.000939317 2.17945e-06 3.16168e-10 1.07458e-06 5.40568e-09 
5.07608e-09 9.28237e-05 0.000222532 4.00597e-08 0.000111336 3.16883e-08 2.20623e-05 4.88372e-09 5.85028e-09 7.65807e-05 0.000232215 1.67054e-05 0.85923 2.1366e-08 4.20407e-09 2.27622e-06 1.86033e-05 2.5955e-09 0.139975 4.43766e-08 
1.74816e-06 3.13379e-06 2.03821e-06 1.37963e-05 2.55605e-06 0.993115 8.43297e-06 1.68191e-06 2.01479e-06 0.000514616 0.00629826 9.74949e-07 2.66996e-06 7.35826e-06 1.44785e-06 3.90006e-06 2.66839e-06 8.9387e-07 1.05744e-06 1.5283e-05 
2.73629e-10 4.90514e-10 0.00666012 2.15945e-09 4.00083e-10 1.70818e-09 1.31996e-09 2.6326e-10 0.0167829 0.000684162 1.19551e-05 1.52603e-10 0.975798 5.58607e-05 2.26623e-10 6.10454e-10 4.13533e-06 1.39912e-10 2.58219e-06 2.39215e-09 
9.58819e-11 3.30027e-06 0.118746 7.56687e-10 1.40332e-07 5.98559e-10 4.62525e-10 0.000612196 3.53729e-07 0.830311 4.92786e-10 7.64722e-07 0.050296 4.03581e-10 9.84771e-07 3.01633e-06 1.46354e-10 4.90263e-11 2.69514e-05 8.38229e-10 
0.156411 1.69458e-07 0.000685611 7.46026e-07 0.000671331 5.90126e-07 4.56009e-07 7.76787e-05 1.08949e-07 0.000138297 4.85844e-07 0.67191 0.169716 0.000302305 7.82917e-08 2.10894e-07 1.44292e-07 4.83356e-08 4.39581e-06 7.99041e-05 
1.43074e-07 0.00352916 0.0141438 1.61826e-07 0.000217792 5.70176e-11 4.40593e-11 0.089803 8.26889e-08 0.818632 5.8433e-07 0.00599116 0.00158316 1.94862e-07 7.56449e-12 0.0660815 1.39414e-11 4.67015e-12 1.73255e-05 7.9848e-11 
0.000137139 3.23891e-06 5.54217e-10 1.87608e-05 6.95026e-10 2.96746e-09 1.37606e-05 4.57337e-10 7.34174e-06 6.9153e-06 2.44307e-09 0.000140372 8.78533e-06 2.00082e-09 3.85034e-05 4.45509e-06 4.78951e-06 2.43056e-10 0.999616 4.15565e-09 
3.49634e-06 6.65928e-07 0.00760848 4.88644e-07 8.36409e-07 7.62393e-08 7.04614e-07 5.93995e-07 0.491528 5.89127e-06 0.000405437 2.18384e-06 0.000479615 0.476559 4.33332e-07 5.69047e-07 0.0044451 2.22939e-12 0.018959 3.81171e-11 
1.99603e-11 3.57812e-11 2.35046e-09 1.73434e-07 2.91846e-11 1.24605e-10 6.74967e-08 1.13881e-06 6.92438e-09 2.23203e-06 1.02586e-10 1.11318e-11 0.999996 8.40156e-11 1.65313e-11 4.45304e-11 3.04673e-11 1.02061e-11 7.48689e-08 1.74499e-10 
3.23609e-06 5.80108e-06 0.986639 2.55388e-05 4.73159e-06 2.02018e-05 1.56106e-05 3.11346e-06 0.0108197 0.00237918 1.66319e-05 1.80477e-06 4.94246e-06 1.36212e-05 2.68017e-06 7.21956e-06 4.93956e-06 1.65468e-06 1.95747e-06 2.82909e-05 
0.000120285 9.34246e-10 0.0222585 4.11294e-09 1.53164e-07 1.17157e-05 5.38029e-05 1.20846e-05 6.00649e-10 3.06325e-05 1.76809e-05 1.01441e-05 0.358507 9.87358e-06 1.58846e-05 1.593e-05 6.84211e-06 2.66481e-10 0.61893 4.55615e-09 
1.43074e-07 0.00352916 0.0141438 1.61826e-07 0.000217792 5.70176e-11 4.40593e-11 0.089803 8.26889e-08 0.818632 5.8433e-07 0.00599116 0.00158316 1.94862e-07 7.56449e-12 0.0660815 1.39414e-11 4.67015e-12 1.73255e-05 7.9848e-11 
3.49634e-06 6.65928e-07 0.00760848 4.88644e-07 8.36409e-07 7.62393e-08 7.04614e-07 5.93995e-07 0.491528 5.89127e-06 0.000405437 2.18384e-06 0.000479615 0.476559 4.33332e-07 5.69047e-07 0.0044451 2.22939e-12 0.018959 3.81171e-11 
3.49634e-06 6.65928e-07 0.00760848 4.88644e-07 8.36409e-07 7.62393e-08 7.04614e-07 5.93995e-07 0.491528 5.89127e-06 0.000405437 2.18384e-06 0.000479615 0.476559 4.33332e-07 5.69047e-07 0.0044451 2.22939e-12 0.018959 3.81171e-11 
9.52552e-11 1.70756e-10 0.0148174 5.2697e-07 1.39276e-10 1.36828e-06 4.59502e-10 9.16455e-11 1.06501e-06 4.85277e-07 0.00467394 5.31238e-11 0.977446 4.00943e-10 0.00156321 7.22747e-07 0.00149457 4.87059e-11 6.97241e-07 8.3275e-10 
0.106799 2.25525e-06 0.330463 0.00133808 0.01123 5.97693e-11 2.75271e-06 0.0519736 1.19174e-06 0.369983 2.58835e-06 0.0333 0.0948983 1.69262e-06 3.74282e-07 5.29746e-07 2.08997e-07 4.89553e-12 3.06189e-06 7.70138e-07 
3.49634e-06 6.65928e-07 0.00760848 4.88644e-07 8.36409e-07 7.62393e-08 7.04614e-07 5.93995e-07 0.491528 5.89127e-06 0.000405437 2.18384e-06 0.000479615 0.476559 4.33332e-07 5.69047e-07 0.0044451 2.22939e-12 0.018959 3.81171e-11 
3.49634e-06 6.65928e-07 0.00760848 4.88644e-07 8.36409e-07 7.62393e-08 7.04614e-07 5.93995e-07 0.491528 5.89127e-06 0.000405437 2.18384e-06 0.000479615 0.476559 4.33332e-07 5.69047e-07 0.0044451 2.22939e-12 0.018959 3.81171e-11 
0.00117638 0.000320236 0.0159409 0.000221423 0.00681757 3.46466e-05 0.00108664 4.65858e-05 0.0564159 0.00838892 0.00202484 0.000463046 0.879237 0.0119215 8.76863e-05 0.000246109 0.00163558 1.79141e-06 0.0139244 8.69788e-06 
1.89125e-10 7.80107e-07 0.186041 1.49255e-09 2.76527e-10 0.00372707 1.36858e-05 8.3719e-07 7.63117e-07 0.0656557 7.29106e-06 6.22411e-07 0.744543 7.96057e-10 1.56652e-06 3.41806e-06 1.87671e-06 9.67036e-11 1.80762e-06 1.65339e-09 
1.56945e-05 1.08167e-08 7.59865e-05 4.76196e-08 0.000169402 3.76684e-08 2.91075e-08 5.80535e-09 0.000115449 1.48071e-06 4.65488e-05 7.23545e-05 0.999503 2.5398e-08 4.99744e-09 1.34616e-08 9.21031e-09 3.08531e-09 3.64989e-09 5.27512e-08 
3.16656e-07 1.11426e-05 0.0414761 5.49842e-07 2.20343e-07 0.000324379 1.44827e-06 1.1348e-08 2.53121e-10 0.00894537 0.00430281 1.22484e-10 0.923713 4.96468e-08 0.000138361 0.000941415 0.000232244 1.12298e-10 0.0199122 1.92002e-09 
9.52552e-11 1.70756e-10 0.0148174 5.2697e-07 1.39276e-10 1.36828e-06 4.59502e-10 9.16455e-11 1.06501e-06 4.85277e-07 0.00467394 5.31238e-11 0.977446 4.00943e-10 0.00156321 7.22747e-07 0.00149457 4.87059e-11 6.97241e-07 8.3275e-10 
0.0020894 0.00277742 0.205182 2.442e-06 0.00319066 0.00148016 1.49268e-06 2.97707e-07 0.0103514 0.00482631 1.59034e-06 0.000311457 0.762424 0.00538257 2.56276e-07 6.90331e-07 4.72318e-07 1.58219e-07 0.00197476 2.70516e-06 
1.9822e-07 3.55333e-07 0.000309205 1.56433e-06 2.89824e-07 4.91895e-05 9.56195e-07 1.90708e-07 9.76102e-05 0.0788156 1.01875e-06 1.10547e-07 0.879258 8.34337e-07 1.64168e-07 4.42219e-07 3.02563e-07 1.01354e-07 0.0414626 1.7329e-06 
0.0205271 0.0146225 0.0472801 1.31301e-05 0.000637267 1.61856e-06 0.000161122 0.0110682 0.0090668 0.761928 0.000396366 0.0309146 0.0405855 0.00300823 0.00325312 0.00589874 0.000216511 4.55211e-07 0.050414 6.50747e-06 
7.12556e-09 1.27734e-08 2.57625e-05 5.6234e-08 2.91823e-05 5.34236e-05 3.43731e-08 6.85554e-09 8.21235e-09 0.000131234 9.89158e-05 3.97393e-09 0.999609 2.99925e-08 5.90148e-09 5.24754e-05 1.08765e-08 3.64344e-09 4.31016e-09 6.22938e-08 
0.00242742 0.0104746 0.14688 6.6869e-10 0.00249452 5.28952e-10 0.14749 5.32464e-07 0.0165093 0.0646945 0.0125263 0.0106522 0.566369 0.000375541 0.00432648 0.00136993 0.000270976 4.3325e-11 0.0131377 7.40749e-10 
0.00222109 7.80258e-05 0.0458389 1.20231e-09 2.65099e-06 9.51061e-10 0.682672 3.25411e-06 1.61188e-05 3.40052e-05 1.68352e-05 3.73932e-07 0.269073 7.82396e-06 8.52969e-06 1.2406e-05 2.53497e-06 7.78988e-11 1.1851e-05 1.33188e-09 
1.38945e-09 2.49076e-09 0.0217495 1.09653e-08 2.03156e-09 8.67388e-09 6.70257e-09 1.3368e-09 2.24207e-05 1.15764e-06 6.07064e-05 7.74896e-10 0.977842 0.000283652 1.15076e-09 6.82266e-06 2.09986e-05 7.10453e-10 1.3112e-05 1.2147e-08 
0.00149928 3.46549e-05 3.98512e-06 2.10723e-09 3.90408e-10 1.66687e-09 1.95795e-05 2.36368e-06 3.07737e-10 0.998336 1.37231e-09 1.48913e-10 3.50755e-06 5.17102e-06 2.21143e-10 9.54899e-05 4.11643e-08 1.36529e-10 1.61512e-10 2.3343e-09 
2.43962e-05 7.43476e-05 8.16641e-09 4.52906e-12 8.39104e-13 1.42313e-09 0.147172 0.849137 3.05088e-05 0.00347356 1.37935e-08 7.32799e-05 8.765e-13 1.22537e-08 4.75303e-13 1.56613e-05 3.42243e-08 2.93442e-13 2.92979e-08 5.01712e-12 
0.0429058 1.51174e-05 1.18126e-05 2.35161e-09 4.35685e-10 1.86019e-09 8.48222e-06 0.0108949 2.43867e-06 0.748147 4.60971e-07 3.05794e-06 0.197984 3.77525e-07 1.52765e-05 6.38255e-06 4.54835e-10 1.52363e-10 5.62377e-06 2.60502e-09 
0.10622 0.337058 0.0240602 6.75113e-05 0.00226573 6.60806e-05 0.0111562 0.00102028 3.90569e-08 0.0971071 4.75882e-05 0.0240996 0.236442 1.42641e-07 0.160243 7.56032e-08 0.000137776 1.73278e-08 9.3125e-06 2.96262e-07 
8.00018e-09 0.000137691 0.000637079 6.31363e-08 1.16973e-08 0.000269739 3.85921e-08 7.69701e-09 8.94467e-05 0.00010698 0.0004071 4.4617e-09 0.998067 3.36739e-08 4.83753e-05 6.07012e-05 4.8858e-05 4.09065e-09 0.000126308 6.994e-08 
7.51358e-12 1.29316e-07 0.012027 5.92961e-11 1.09859e-11 0.00663759 1.81587e-08 7.22885e-12 0.00149539 0.00163782 3.82339e-07 4.19032e-12 0.977101 3.16257e-11 0.000895076 0.00020529 4.58863e-08 3.84184e-12 1.18625e-07 6.5686e-11 
1.54285e-05 1.47856e-05 0.00251649 3.7019e-06 0.000173111 2.9283e-06 1.86198e-05 9.27875e-06 2.28391e-05 0.00212084 9.46722e-05 2.61605e-07 0.994537 6.57805e-05 0.000355422 2.59657e-05 7.16e-07 2.39849e-07 1.814e-05 4.10082e-06 
0.00740072 4.65359e-06 0.0595168 3.50582e-09 7.32187e-08 5.57986e-06 0.00253467 0.00101865 5.11987e-10 0.0470767 0.00939275 0.00128457 0.845265 0.000553686 0.0241743 0.00136013 0.00036863 2.27145e-10 4.27062e-05 3.8776e-07 
0.0229515 0.000368723 0.00552388 3.99473e-06 0.00342016 0.000104531 3.93668e-06 2.64499e-05 0.00251018 0.00101589 2.60154e-06 0.000203715 0.940867 0.0207534 0.0012581 0.000209402 4.97754e-05 2.58822e-07 0.000722185 4.42521e-06 
0.00112214 6.83888e-07 0.995531 3.01076e-06 5.57806e-07 0.00019579 1.84033e-06 3.67045e-07 7.69546e-05 0.000208302 1.96073e-06 0.00121233 0.00084555 0.000430083 3.15964e-07 0.000188459 5.82324e-07 1.95069e-07 0.000176925 3.3352e-06 
0.0336514 0.000442393 0.0287211 3.15579e-08 5.84676e-09 0.000546705 1.06209e-05 6.90027e-07 6.30034e-07 2.83461e-06 0.00381916 0.00119312 0.926619 4.50599e-06 1.28742e-06 0.000521471 1.5444e-06 2.04466e-09 0.004463 3.49586e-08 
1.54918e-05 4.30227e-05 2.64135e-08 1.78788e-07 3.31243e-08 1.41426e-07 4.11513e-05 4.31823e-05 2.61101e-08 1.44072e-05 1.16434e-07 3.62466e-05 0.997163 9.53572e-08 1.87629e-08 0.00264235 3.45802e-08 1.15838e-08 1.37036e-08 1.98055e-07 
0.00314052 6.60505e-07 1.03429e-06 1.13196e-07 5.22993e-11 4.02155e-07 1.7429e-06 8.56932e-07 4.12246e-11 0.0266689 1.83836e-10 1.01757e-07 0.970121 1.50557e-10 6.42109e-05 7.97992e-11 5.4598e-11 1.82895e-11 5.08473e-07 3.12704e-10 
3.11472e-11 0.00568291 0.108145 2.4581e-10 2.45969e-07 1.05018e-06 1.50251e-10 4.67514e-07 0.00184604 0.0359035 0.00713396 1.73708e-11 0.829495 5.25723e-08 0.00145041 0.00340338 0.000494761 1.59262e-11 0.00644249 2.72299e-10 
1.43074e-07 0.00352916 0.0141438 1.61826e-07 0.000217792 5.70176e-11 4.40593e-11 0.089803 8.26889e-08 0.818632 5.8433e-07 0.00599116 0.00158316 1.94862e-07 7.56449e-12 0.0660815 1.39414e-11 4.67015e-12 1.73255e-05 7.9848e-11 
0.00316369 6.2315e-07 0.888322 2.74337e-06 5.08266e-07 0.0132397 1.67688e-06 0.000134113 4.00638e-07 0.00338848 0.0534209 1.93867e-07 0.00743341 1.46318e-06 0.00446279 0.0105479 5.30606e-07 1.77745e-07 0.0158756 3.039e-06 
0.00513538 7.57352e-07 4.92579e-07 0.00022899 6.17727e-07 7.69355e-05 0.000174275 0.000985155 4.8692e-07 0.00323995 2.17136e-06 0.000196043 0.989552 1.77829e-06 9.1528e-05 0.00030629 2.69211e-06 2.16024e-07 2.55554e-07 3.69348e-06 
2.57387e-05 2.61446e-05 0.400473 1.84156e-09 3.41188e-10 7.29819e-07 0.0101485 2.13304e-06 2.6894e-10 0.272773 1.1993e-09 0.154743 0.15988 5.40309e-06 1.93263e-10 6.24764e-06 3.56184e-10 1.19316e-10 2.49131e-05 0.00189109 
1.54507e-08 2.76973e-08 0.000362104 1.21935e-07 2.2591e-08 0.00252719 3.73411e-05 1.48652e-08 0.000316987 0.000123364 7.94093e-08 8.61687e-09 0.996256 6.50344e-08 0.000252104 0.000124126 2.3584e-08 7.90027e-09 9.34594e-09 1.35075e-07 
0.0126483 9.8239e-08 0.00194884 4.32489e-07 1.61057e-05 0.00123194 0.00565755 0.00127073 6.31603e-08 0.00322111 0.00185921 0.00106668 0.0134588 0.00103824 0.00167031 0.0016751 0.000719471 2.80213e-08 0.952516 4.79095e-07 
0.028854 0.0502995 0.489372 0.000654523 6.82681e-05 3.28794e-05 0.00961434 0.00243544 0.00191646 0.225087 0.00122426 0.00801372 0.145786 0.000186778 7.36189e-08 0.0321882 3.24843e-06 4.54507e-08 0.0042627 7.77094e-07 
2.09012e-06 1.26783e-06 4.23525e-06 4.87983e-09 9.04091e-10 2.18091e-05 2.9828e-09 3.28289e-06 0.00144498 5.04687e-06 3.20535e-06 2.65001e-06 0.997567 2.60267e-09 1.37866e-06 0.000939317 2.17945e-06 3.16168e-10 1.07458e-06 5.40568e-09 
0.0441427 1.96324e-06 0.341156 3.52339e-07 9.76314e-05 0.00053827 3.55449e-05 1.33527e-05 1.4749e-05 9.52843e-05 5.45999e-05 0.0179243 0.588512 0.00735738 3.69762e-08 9.96026e-08 2.27779e-05 2.28283e-08 3.30066e-05 3.90307e-07 
5.20688e-06 4.33451e-06 0.175144 7.33656e-09 1.35925e-09 2.90751e-06 6.72717e-05 8.94407e-10 1.07142e-09 0.190352 4.77788e-09 3.05943e-06 0.634412 3.91297e-09 6.00628e-06 3.94263e-06 1.419e-09 4.75341e-10 5.62324e-10 8.12716e-09 
5.43147e-06 0.000300967 6.94711e-05 4.28645e-05 7.94154e-06 3.39069e-05 2.62009e-05 5.22565e-06 6.25988e-06 0.00010876 2.79151e-05 3.02913e-06 0.999083 2.28619e-05 0.000139051 1.21174e-05 8.2906e-06 2.77722e-06 4.62786e-05 4.74836e-05 
0.00236589 8.036e-07 5.22659e-07 3.53778e-06 0.0162571 2.79848e-06 2.16247e-06 7.78397e-05 0.00069907 0.00850272 0.0769875 2.50007e-07 0.100936 0.2201 0.000693383 1.0001e-06 6.84258e-07 2.29216e-07 0.573365 3.91902e-06 
1.43074e-07 0.00352916 0.0141438 1.61826e-07 0.000217792 5.70176e-11 4.40593e-11 0.089803 8.26889e-08 0.818632 5.8433e-07 0.00599116 0.00158316 1.94862e-07 7.56449e-12 0.0660815 1.39414e-11 4.67015e-12 1.73255e-05 7.9848e-11 
8.56991e-09 0.000127525 0.000194849 6.76326e-08 1.25304e-08 4.2853e-05 4.13405e-08 8.24516e-09 5.23579e-05 3.7363e-05 0.000546204 1.09975e-05 0.998724 3.6072e-08 9.58261e-05 7.07597e-05 9.68132e-05 4.38197e-09 5.18382e-09 7.49208e-08 
0.291608 1.02284e-07 6.65253e-08 4.50298e-07 0.000175281 3.56197e-07 2.75245e-07 5.48962e-08 6.5761e-08 5.03339e-05 0.000146919 0.707467 0.000209235 2.40167e-07 0.000340294 1.27295e-07 8.7094e-08 2.91751e-08 3.45139e-08 4.98822e-07 
5.59921e-07 4.99893e-06 0.000613016 7.58642e-06 4.78914e-07 6.59385e-10 5.09527e-10 1.01623e-10 6.20863e-06 0.150609 5.42864e-10 5.89073e-11 0.848601 1.86773e-06 8.74802e-11 0.000147561 1.61227e-10 5.40084e-11 7.31562e-06 9.2341e-10 
3.49634e-06 6.65928e-07 0.00760848 4.88644e-07 8.36409e-07 7.62393e-08 7.04614e-07 5.93995e-07 0.491528 5.89127e-06 0.000405437 2.18384e-06 0.000479615 0.476559 4.33332e-07 5.69047e-07 0.0044451 2.22939e-12 0.018959 3.81171e-11 
2.78462e-05 1.84812e-08 1.20201e-08 8.1362e-08 1.5074e-08 6.43595e-08 0.998575 9.91892e-09 0.000319638 0.000357525 5.29863e-08 5.98023e-05 0.000314932 4.33946e-08 8.53853e-09 0.000165625 2.99152e-05 5.2715e-09 0.00014905 9.01296e-08 
0.00115799 0.00162967 0.0481699 2.18407e-07 0.000660491 1.72766e-07 1.33501e-07 3.30511e-06 0.000209833 0.0191415 0.000102401 0.00125065 0.926845 0.000544641 2.29207e-08 4.68919e-06 5.6612e-07 1.41508e-08 0.000252368 2.61686e-05 
3.7499e-05 0.0214441 3.04853e-05 2.71477e-08 5.02968e-09 2.14746e-08 0.0189587 3.3096e-09 3.96462e-09 0.0261299 1.76797e-08 0.924119 0.00921104 1.15979e-05 3.50458e-05 4.61232e-06 5.25075e-09 1.75892e-09 1.8313e-05 3.00732e-08 
6.95403e-07 7.49055e-10 0.00889678 4.6383e-07 6.1096e-10 1.19957e-06 2.01569e-09 4.0202e-10 9.32454e-07 0.0014212 0.00156248 3.66293e-07 0.987093 1.75881e-09 0.000522052 6.33275e-07 0.000499476 2.13657e-10 6.10409e-07 3.65301e-09 
2.94434e-05 0.00359704 6.29867e-07 5.85856e-06 1.83462e-07 7.78347e-09 6.01453e-09 0.073066 1.43698e-09 0.921487 7.80415e-07 0.000330861 0.00147187 3.88921e-07 4.21944e-06 2.6641e-06 2.59129e-06 6.37522e-10 7.54182e-10 1.09e-08 
3.49634e-06 6.65928e-07 0.00760848 4.88644e-07 8.36409e-07 7.62393e-08 7.04614e-07 5.93995e-07 0.491528 5.89127e-06 0.000405437 2.18384e-06 0.000479615 0.476559 4.33332e-07 5.69047e-07 0.0044451 2.22939e-12 0.018959 3.81171e-11 
3.15431e-08 0.906452 3.67766e-08 2.48934e-07 4.61203e-08 1.96914e-07 0.000516265 1.3024e-05 4.58369e-05 0.0223208 1.62116e-07 1.75916e-08 7.04658e-06 1.3277e-07 4.17998e-05 0.0705978 4.81474e-08 1.61286e-08 3.71721e-06 2.7576e-07 
3.15818e-08 0.000543553 0.00251496 2.4924e-07 4.61769e-08 0.00106483 1.52348e-07 3.0385e-08 0.000353104 0.00042232 0.00160709 1.76132e-08 0.992371 1.32933e-07 0.000190968 0.000239626 0.000192874 1.61484e-08 0.000498617 2.76098e-07 
3.42771e-06 2.91427e-06 0.0133401 2.7982e-09 1.21118e-06 2.21345e-09 1.41544e-06 2.30172e-06 9.37031e-07 0.0681515 3.54813e-06 1.4946e-06 0.907372 1.49413e-05 0.00417484 0.000281253 6.0907e-07 1.81298e-10 0.00664788 3.09974e-09 
0.00599197 0.000276753 0.0710776 1.8391e-07 0.00475048 1.45478e-07 0.004464 0.000383604 1.22677e-05 0.0550607 0.00684359 0.00736565 0.830638 9.80889e-08 0.00725414 0.00250951 6.31411e-05 1.19157e-08 0.00330814 2.03728e-07 
0.363908 3.07339e-05 0.585117 6.07626e-06 3.31966e-06 8.14519e-10 3.75132e-05 8.23487e-05 1.62408e-05 7.38205e-05 3.52733e-05 6.5759e-05 0.0505337 2.30666e-05 5.10062e-06 7.21923e-06 2.84816e-06 6.6715e-11 4.17266e-05 1.04952e-05 
2.62012e-06 1.23569e-09 0.0603155 5.44003e-09 1.00788e-09 9.9017e-06 3.35848e-07 6.632e-10 0.00770382 8.57628e-06 4.25488e-06 3.84435e-10 0.93195 2.90146e-09 5.70904e-10 1.53784e-09 1.68455e-06 3.52464e-10 2.96083e-06 6.02626e-09 
3.49634e-06 6.65928e-07 0.00760848 4.88644e-07 8.36409e-07 7.62393e-08 7.04614e-07 5.93995e-07 0.491528 5.89127e-06 0.000405437 2.18384e-06 0.000479615 0.476559 4.33332e-07 5.69047e-07 0.0044451 2.22939e-12 0.018959 3.81171e-11 
3.49634e-06 6.65928e-07 0.00760848 4.88644e-07 8.36409e-07 7.62393e-08 7.04614e-07 5.93995e-07 0.491528 5.89127e-06 0.000405437 2.18384e-06 0.000479615 0.476559 4.33332e-07 5.69047e-07 0.0044451 2.22939e-12 0.018959 3.81171e-11 
0.00231104 0.00240876 0.0106151 1.27028e-06 0.00245125 0.000105975 0.00330678 0.000595363 1.71587e-07 0.0998048 0.00896588 3.52744e-06 0.853274 1.42955e-05 0.00463932 0.0033305 3.19485e-05 1.48109e-07 0.00813936 8.446e-07 
2.09012e-06 1.26783e-06 4.23525e-06 4.87983e-09 9.04091e-10 2.18091e-05 2.9828e-09 3.28289e-06 0.00144498 5.04687e-06 3.20535e-06 2.65001e-06 0.997567 2.60267e-09 1.37866e-06 0.000939317 2.17945e-06 3.16168e-10 1.07458e-06 5.40568e-09 
3.49634e-06 6.65928e-07 0.00760848 4.88644e-07 8.36409e-07 7.62393e-08 7.04614e-07 5.93995e-07 0.491528 5.89127e-06 0.000405437 2.18384e-06 0.000479615 0.476559 4.33332e-07 5.69047e-07 0.0044451 2.22939e-12 0.018959 3.81171e-11 
9.52552e-11 1.70756e-10 0.0148174 5.2697e-07 1.39276e-10 1.36828e-06 4.59502e-10 9.16455e-11 1.06501e-06 4.85277e-07 0.00467394 5.31238e-11 0.977446 4.00943e-10 0.00156321 7.22747e-07 0.00149457 4.87059e-11 6.97241e-07 8.3275e-10 
0.00235493 0.0171527 0.0227927 8.60493e-10 0.000853156 6.80673e-10 0.230363 0.000795884 0.00850315 0.0212146 0.00113648 5.68995e-06 0.641385 1.12363e-06 0.042536 0.0102156 0.000688322 5.5752e-11 1.70147e-06 9.53221e-10 
2.09012e-06 1.26783e-06 4.23525e-06 4.87983e-09 9.04091e-10 2.18091e-05 2.9828e-09 3.28289e-06 0.00144498 5.04687e-06 3.20535e-06 2.65001e-06 0.997567 2.60267e-09 1.37866e-06 0.000939317 2.17945e-06 3.16168e-10 1.07458e-06 5.40568e-09 
0.00412789 0.155546 0.0305095 5.52999e-06 0.00921878 8.79692e-07 0.000368897 0.00987478 0.0934843 0.560277 0.000172829 2.45975e-05 0.0758734 0.0391911 0.000423158 0.000205121 0.000229333 1.74863e-09 0.0204666 2.98973e-08 
0.00273935 0.249314 0.000292266 9.16819e-07 1.6986e-07 8.66181e-05 2.54499e-05 1.1177e-07 1.33891e-07 0.0657769 5.97071e-07 6.47895e-08 0.681761 4.88988e-07 9.62156e-08 2.59176e-07 1.77326e-07 5.94014e-08 7.02712e-08 1.01562e-06 
0.000103362 4.91945e-06 0.139447 1.35275e-08 0.000377444 2.46221e-05 0.00764605 6.43334e-06 0.000376146 0.0172862 8.37007e-05 6.50062e-05 0.681092 3.31958e-05 1.41964e-09 3.82409e-09 9.26238e-05 8.76458e-10 0.153361 1.49852e-08 
0.00392031 0.000834167 0.00174869 3.90634e-07 0.000332989 3.09002e-07 0.971912 0.000223873 0.000285296 0.00362703 2.54397e-07 2.76052e-08 0.0129501 0.0015003 0.000405893 0.00101605 9.8296e-05 2.53095e-08 0.00114377 4.32729e-07 
3.77943e-07 0.00265478 0.021242 5.0702e-05 5.52603e-07 2.35937e-06 1.82316e-06 3.6362e-07 4.35586e-07 0.000191694 1.94244e-06 0.00755202 0.96803 1.59082e-06 6.0408e-05 0.000138318 5.28319e-05 1.9325e-07 2.28612e-07 1.73883e-05 
0.0051434 7.05284e-05 2.05879e-07 1.39356e-06 2.58186e-07 1.10234e-06 6.78945e-05 7.06733e-05 2.03514e-07 0.00287434 9.07544e-07 5.92873e-05 0.991607 7.43258e-07 3.66024e-06 9.62301e-05 2.69534e-07 9.02898e-08 1.06812e-07 1.54373e-06 
0.00101476 0.0014104 0.00419551 3.52775e-07 0.000614439 0.000139806 2.15634e-07 4.30071e-08 5.15188e-08 0.00207348 0.000758376 0.00246808 0.00557786 1.88153e-07 0.00554593 0.000708155 6.82316e-08 2.28565e-08 0.975492 3.9079e-07 
2.18615e-08 3.91894e-08 0.99982 1.74253e-05 3.19644e-08 1.36474e-07 1.05458e-07 2.1054e-05 2.51958e-08 5.35503e-05 1.12357e-07 1.21921e-08 8.68446e-05 9.20182e-08 1.81059e-08 4.87719e-08 3.33694e-08 1.11782e-08 1.32237e-08 1.9112e-07 
3.49634e-06 6.65928e-07 0.00760848 4.88644e-07 8.36409e-07 7.62393e-08 7.04614e-07 5.93995e-07 0.491528 5.89127e-06 0.000405437 2.18384e-06 0.000479615 0.476559 4.33332e-07 5.69047e-07 0.0044451 2.22939e-12 0.018959 3.81171e-11 
3.49634e-06 6.65928e-07 0.00760848 4.88644e-07 8.36409e-07 7.62393e-08 7.04614e-07 5.93995e-07 0.491528 5.89127e-06 0.000405437 2.18384e-06 0.000479615 0.476559 4.33332e-07 5.69047e-07 0.0044451 2.22939e-12 0.018959 3.81171e-11 
3.49634e-06 6.65928e-07 0.00760848 4.88644e-07 8.36409e-07 7.62393e-08 7.04614e-07 5.93995e-07 0.491528 5.89127e-06 0.000405437 2.18384e-06 0.000479615 0.476559 4.33332e-07 5.69047e-07 0.0044451 2.22939e-12 0.018959 3.81171e-11 
3.49634e-06 6.65928e-07 0.00760848 4.88644e-07 8.36409e-07 7.62393e-08 7.04614e-07 5.93995e-07 0.491528 5.89127e-06 0.000405437 2.18384e-06 0.000479615 0.476559 4.33332e-07 5.69047e-07 0.0044451 2.22939e-12 0.018959 3.81171e-11 
0.640165 0.00556117 0.011907 4.65296e-07 0.00191231 3.68061e-07 0.0046358 0.00166358 7.36908e-05 0.0327681 9.3129e-06 0.00127861 0.287707 5.4776e-05 0.00017124 0.000192989 0.000259365 3.01469e-08 0.0116385 5.15437e-07 
1.35885e-07 0.000244811 0.000654429 1.07239e-06 0.00010182 8.48288e-07 6.55498e-07 0.000193306 7.87759e-05 0.000543491 0.000298372 7.57833e-08 0.996239 2.22419e-05 8.21926e-05 0.000413788 5.12868e-05 6.94809e-08 0.00010207 0.000971355 
0.0188849 1.37457e-05 6.75904e-05 8.05132e-07 0.00476933 6.3688e-07 2.72133e-05 1.6303e-05 0.335231 0.00421442 5.16766e-05 0.308272 3.84673e-05 4.29419e-07 0.00972835 2.79577e-05 8.61093e-06 1.90329e-07 0.318645 8.91894e-07 
0.000122045 0.000295872 0.0213105 3.42841e-07 4.16261e-06 2.71196e-07 2.09562e-07 1.10326e-05 5.00682e-08 0.0355924 0.871069 9.6182e-06 0.0714911 3.18617e-05 2.419e-05 2.58825e-05 1.1144e-05 2.2213e-08 2.62777e-08 3.79786e-07 
3.49634e-06 6.65928e-07 0.00760848 4.88644e-07 8.36409e-07 7.62393e-08 7.04614e-07 5.93995e-07 0.491528 5.89127e-06 0.000405437 2.18384e-06 0.000479615 0.476559 4.33332e-07 5.69047e-07 0.0044451 2.22939e-12 0.018959 3.81171e-11 
5.6672e-07 0.000454887 0.0496784 1.94371e-09 5.40207e-06 1.69282e-06 1.18809e-09 2.36959e-10 2.83857e-10 0.00743514 0.0304325 1.37357e-10 0.905755 1.03668e-09 2.03982e-10 0.000320395 9.02635e-07 1.25934e-10 0.00591556 2.15316e-09 
3.08475e-06 5.52979e-06 3.59655e-06 2.43444e-05 4.51032e-06 1.92571e-05 1.48805e-05 2.96785e-06 3.55523e-06 0.997824 0.00203047 1.72036e-06 4.71133e-06 1.29842e-05 2.55483e-06 6.88193e-06 4.70856e-06 1.57729e-06 1.86592e-06 2.69678e-05 
0.0200817 3.77144e-09 0.00630372 1.66035e-08 1.08541e-05 1.31338e-08 1.01489e-08 4.44516e-06 8.83348e-06 0.0209949 1.7812e-05 2.88458e-05 0.766171 8.8555e-09 0.0148353 6.11792e-06 3.21135e-09 1.07575e-09 0.171537 1.83927e-08 
0.000218191 0.000813744 0.00386863 2.77686e-07 5.14472e-08 2.19657e-07 1.69736e-07 0.000287784 4.0553e-08 0.00268861 0.979018 0.0002512 0.0104256 0.000829533 0.000632406 0.000675172 0.000290079 1.79915e-08 2.12838e-08 3.0761e-07 
2.54756e-08 0.000379091 0.000579224 2.0105e-07 3.72488e-08 0.000127388 1.22892e-07 2.45102e-08 0.000155643 0.000111068 0.00162369 3.26921e-05 0.996207 1.07231e-07 0.000284861 0.000210346 0.000287795 1.30262e-08 1.54099e-08 2.22716e-07 
0.0175449 0.00459392 0.453639 2.38766e-06 5.3739e-06 5.72159e-10 4.42125e-10 8.81798e-11 1.2528e-05 0.138325 0.00330946 0.0629334 0.0711132 1.27346e-06 7.59081e-11 0.00494827 2.12661e-06 4.6864e-11 0.243568 7.21933e-07 
0.0523297 1.0432e-06 3.75274e-06 3.94903e-06 0.00375469 6.92609e-08 0.00362246 2.41676e-06 2.76975e-06 8.80399e-05 3.82915e-06 0.0275162 0.904945 0.00013589 9.18881e-09 4.81567e-06 5.07901e-06 5.67297e-09 0.00758026 9.69937e-08 
0.0292361 1.45036e-07 2.19334e-05 6.38509e-07 0.0862634 1.24583e-05 0.00371391 3.20158e-06 0.731566 0.000151325 4.10632e-05 0.00188723 0.146997 1.64596e-05 6.73932e-06 1.805e-07 4.51077e-05 4.13695e-08 3.55004e-05 7.07316e-07 
9.19381e-07 1.9321e-05 4.27966e-06 1.80939e-08 2.54806e-05 1.43127e-08 1.10599e-08 2.2279e-07 2.64241e-09 0.160392 1.17835e-08 6.90601e-06 0.839533 9.65041e-09 1.17749e-05 5.11496e-09 3.49961e-09 1.17232e-09 5.41004e-06 2.00437e-08 
0.0441427 1.96324e-06 0.341156 3.52339e-07 9.76314e-05 0.00053827 3.55449e-05 1.33527e-05 1.4749e-05 9.52843e-05 5.45999e-05 0.0179243 0.588512 0.00735738 3.69762e-08 9.96026e-08 2.27779e-05 2.28283e-08 3.30066e-05 3.90307e-07 
0.487414 6.84024e-10 0.179949 1.26283e-05 0.0101984 2.38206e-09 1.70249e-05 6.35719e-07 0.0222485 0.00860233 0.239079 3.30335e-06 0.0448811 0.000241742 3.40156e-06 8.51281e-10 0.000776672 1.95108e-10 0.00657237 3.33587e-09 
4.45245e-08 7.98156e-08 0.118587 3.51382e-07 6.51009e-08 2.77952e-07 2.14782e-07 4.28373e-08 5.13154e-08 4.14579e-05 0.000412131 2.48313e-08 0.880814 1.8741e-07 5.53506e-05 9.93322e-08 8.84188e-05 2.27663e-08 2.69323e-08 3.89247e-07 
1.54918e-05 4.30227e-05 2.64135e-08 1.78788e-07 3.31243e-08 1.41426e-07 4.11513e-05 4.31823e-05 2.61101e-08 1.44072e-05 1.16434e-07 3.62466e-05 0.997163 9.53572e-08 1.87629e-08 0.00264235 3.45802e-08 1.15838e-08 1.37036e-08 1.98055e-07 
2.09012e-06 1.26783e-06 4.23525e-06 4.87983e-09 9.04091e-10 2.18091e-05 2.9828e-09 3.28289e-06 0.00144498 5.04687e-06 3.20535e-06 2.65001e-06 0.997567 2.60267e-09 1.37866e-06 0.000939317 2.17945e-06 3.16168e-10 1.07458e-06 5.40568e-09 
0.105557 2.48024e-09 2.69972e-05 2.28547e-05 5.80184e-06 8.63726e-09 6.67428e-09 1.33115e-09 1.20891e-05 8.70029e-07 4.04341e-05 7.71624e-10 0.864158 0.000597321 1.1459e-09 3.08671e-09 2.23527e-05 7.07454e-10 0.0295562 1.20957e-08 
0.0261016 0.0133721 0.00478892 3.18783e-06 0.000624241 1.29603e-05 0.000311578 0.0345472 0.0159732 0.876688 0.000450127 0.00817957 0.00197677 0.00136027 0.00613151 0.00132865 1.20263e-05 1.43305e-07 0.00813722 6.62825e-07 
2.42895e-09 0.000981512 0.0349034 3.17512e-06 1.03441e-05 0.000215931 1.1717e-08 1.96589e-05 0.000922355 0.00883397 0.00260249 1.35462e-09 0.916704 2.21525e-06 0.000922911 0.00128894 0.00039002 1.24197e-09 0.0321993 2.12346e-08 
3.69927e-08 6.63139e-08 0.000333898 2.91941e-07 5.40883e-08 0.00139287 0.000690832 3.55909e-08 2.57747e-05 4.73133e-05 5.08931e-05 0.0161361 0.980952 1.55708e-07 2.71226e-05 8.2529e-08 5.64656e-08 1.89151e-08 0.000342408 3.23401e-07 
7.39038e-07 0.00418043 0.029665 2.79532e-09 5.77596e-07 0.00153329 3.12724e-05 3.40781e-10 0.000655012 0.0436029 0.0118143 9.43448e-08 0.901696 1.49089e-09 0.00044131 7.90211e-10 0.00637896 1.81111e-10 2.14353e-07 3.09655e-09 
0.00232718 0.0253533 0.398513 2.0721e-07 1.462e-06 1.67595e-09 1.50564e-06 0.00109947 1.13108e-06 0.16441 0.010679 6.56468e-07 0.389923 0.00393048 0.00119165 0.00238114 0.000185595 1.37273e-10 1.46704e-06 2.34702e-09 
0.000154051 0.000427388 7.71007e-07 5.21881e-06 0.00241007 4.12822e-06 0.0307025 0.000428609 7.6215e-07 0.0636044 3.39871e-06 0.090491 0.811174 2.78347e-06 5.47688e-07 0.000583224 1.00939e-06 3.38131e-07 4.00005e-07 5.7812e-06 
0.376386 0.00486408 0.0336414 1.62816e-07 0.00800469 1.28792e-07 0.00153369 0.0114798 0.00101978 0.322251 0.00175802 0.000764765 0.230304 0.00013799 0.00149487 0.00241194 0.000132518 1.0549e-08 0.00381522 1.80361e-07 
4.485e-05 0.00398198 0.000295996 6.27006e-06 1.07295e-05 9.79487e-07 0.000139868 0.0133684 0.00029462 0.70526 0.00107232 0.00035829 4.87294e-05 0.00215999 5.55883e-06 0.000768166 9.04974e-06 1.52964e-10 0.272175 2.61531e-09 
3.49634e-06 6.65928e-07 0.00760848 4.88644e-07 8.36409e-07 7.62393e-08 7.04614e-07 5.93995e-07 0.491528 5.89127e-06 0.000405437 2.18384e-06 0.000479615 0.476559 4.33332e-07 5.69047e-07 0.0044451 2.22939e-12 0.018959 3.81171e-11 
3.49634e-06 6.65928e-07 0.00760848 4.88644e-07 8.36409e-07 7.62393e-08 7.04614e-07 5.93995e-07 0.491528 5.89127e-06 0.000405437 2.18384e-06 0.000479615 0.476559 4.33332e-07 5.69047e-07 0.0044451 2.22939e-12 0.018959 3.81171e-11 
2.42895e-09 0.000981512 0.0349034 3.17512e-06 1.03441e-05 0.000215931 1.1717e-08 1.96589e-05 0.000922355 0.00883397 0.00260249 1.35462e-09 0.916704 2.21525e-06 0.000922911 0.00128894 0.00039002 1.24197e-09 0.0321993 2.12346e-08 
1.43074e-07 0.00352916 0.0141438 1.61826e-07 0.000217792 5.70176e-11 4.40593e-11 0.089803 8.26889e-08 0.818632 5.8433e-07 0.00599116 0.00158316 1.94862e-07 7.56449e-12 0.0660815 1.39414e-11 4.67015e-12 1.73255e-05 7.9848e-11 
3.68919e-07 6.61332e-07 0.0262812 2.91146e-06 0.000216303 2.30304e-06 1.77963e-06 3.54939e-07 4.25186e-07 0.000379649 1.89606e-06 2.05746e-07 0.000564011 0.972543 3.05543e-07 8.23041e-07 5.63117e-07 1.88636e-07 2.23154e-07 3.2252e-06 
9.52552e-11 1.70756e-10 0.0148174 5.2697e-07 1.39276e-10 1.36828e-06 4.59502e-10 9.16455e-11 1.06501e-06 4.85277e-07 0.00467394 5.31238e-11 0.977446 4.00943e-10 0.00156321 7.22747e-07 0.00149457 4.87059e-11 6.97241e-07 8.3275e-10 
2.09012e-06 1.26783e-06 4.23525e-06 4.87983e-09 9.04091e-10 2.18091e-05 2.9828e-09 3.28289e-06 0.00144498 5.04687e-06 3.20535e-06 2.65001e-06 0.997567 2.60267e-09 1.37866e-06 0.000939317 2.17945e-06 3.16168e-10 1.07458e-06 5.40568e-09 
0.00599492 2.02362e-05 0.00919979 1.45553e-05 1.21504e-06 9.70353e-07 0.00245974 2.05185e-05 0.000127404 0.000112566 2.61253e-05 0.000554462 0.980496 0.000359409 6.32622e-06 5.62181e-06 7.97111e-06 7.94789e-08 0.00059096 1.35889e-06 
4.78664e-08 0.00232259 0.00019795 3.47694e-05 6.99872e-08 2.98815e-07 2.12251e-05 4.60525e-08 5.5167e-08 0.962781 0.0345584 2.66951e-08 7.31062e-08 2.01477e-07 3.96436e-08 8.27454e-05 7.30633e-08 2.44751e-08 2.89538e-08 4.18463e-07 
0.000332013 8.71484e-07 3.03826e-06 3.14452e-10 1.77113e-06 1.74367e-07 3.94048e-06 1.8708e-06 0.001744 0.414782 2.04785e-10 2.54885e-06 0.343002 4.36223e-07 1.07584e-06 0.199388 0.00121218 2.03736e-11 0.0395242 3.48338e-10 
3.49634e-06 6.65928e-07 0.00760848 4.88644e-07 8.36409e-07 7.62393e-08 7.04614e-07 5.93995e-07 0.491528 5.89127e-06 0.000405437 2.18384e-06 0.000479615 0.476559 4.33332e-07 5.69047e-07 0.0044451 2.22939e-12 0.018959 3.81171e-11 
3.49634e-06 6.65928e-07 0.00760848 4.88644e-07 8.36409e-07 7.62393e-08 7.04614e-07 5.93995e-07 0.491528 5.89127e-06 0.000405437 2.18384e-06 0.000479615 0.476559 4.33332e-07 5.69047e-07 0.0044451 2.22939e-12 0.018959 3.81171e-11 
6.11506e-09 1.0962e-08 7.12963e-09 4.82592e-08 8.94104e-09 3.81743e-08 2.94985e-08 0.00039932 7.04773e-09 0.0029846 3.14284e-08 3.41037e-09 0.996616 2.57392e-08 5.06457e-09 1.36424e-08 9.33402e-09 3.12675e-09 3.69892e-09 5.34597e-08 
8.47814e-09 9.42827e-05 5.54994e-05 6.69083e-08 1.23962e-08 5.29263e-08 4.08978e-08 0.00881729 9.77122e-09 0.784284 4.35735e-08 4.72826e-09 1.28824e-05 2.03966e-05 7.0217e-09 0.206472 1.2941e-08 4.33504e-09 2.17605e-06 0.000241533 
9.52552e-11 1.70756e-10 0.0148174 5.2697e-07 1.39276e-10 1.36828e-06 4.59502e-10 9.16455e-11 1.06501e-06 4.85277e-07 0.00467394 5.31238e-11 0.977446 4.00943e-10 0.00156321 7.22747e-07 0.00149457 4.87059e-11 6.97241e-07 8.3275e-10 
0.00258242 0.00421041 0.152928 0.01196 2.05296e-05 2.56391e-05 3.57318e-08 1.04747e-05 4.268e-05 0.139886 3.80696e-08 6.7892e-05 0.678624 3.11781e-08 5.22982e-06 2.99174e-05 4.92668e-07 3.78747e-09 0.00244459 0.00716128 
5.59921e-07 4.99893e-06 0.000613016 7.58642e-06 4.78914e-07 6.59385e-10 5.09527e-10 1.01623e-10 6.20863e-06 0.150609 5.42864e-10 5.89073e-11 0.848601 1.86773e-06 8.74802e-11 0.000147561 1.61227e-10 5.40084e-11 7.31562e-06 9.2341e-10 
3.49634e-06 6.65928e-07 0.00760848 4.88644e-07 8.36409e-07 7.62393e-08 7.04614e-07 5.93995e-07 0.491528 5.89127e-06 0.000405437 2.18384e-06 0.000479615 0.476559 4.33332e-07 5.69047e-07 0.0044451 2.22939e-12 0.018959 3.81171e-11 
0.000969834 0.019617 0.01777 2.70026e-10 5.00279e-11 2.13597e-10 9.73978e-07 6.94626e-07 2.80023e-07 0.827328 1.75852e-10 3.5113e-07 0.132178 4.33496e-08 1.75414e-06 7.32882e-07 5.22268e-11 1.74952e-11 0.00213163 2.99124e-10 
6.35215e-10 0.000122153 0.0201603 0.000112905 0.0020537 0.000412819 2.65447e-05 0.000412718 0.000357014 0.0125435 0.000537758 3.98248e-06 0.95492 2.67371e-09 0.00591253 7.74139e-05 0.000105633 3.24798e-10 0.00224118 5.55324e-09 
9.52552e-11 1.70756e-10 0.0148174 5.2697e-07 1.39276e-10 1.36828e-06 4.59502e-10 9.16455e-11 1.06501e-06 4.85277e-07 0.00467394 5.31238e-11 0.977446 4.00943e-10 0.00156321 7.22747e-07 0.00149457 4.87059e-11 6.97241e-07 8.3275e-10 
0.00146766 0.00336209 0.00266033 4.58448e-06 8.49371e-07 0.00117793 0.0164337 5.58898e-07 0.000805922 0.300497 0.000324195 0.00327671 0.0591284 0.00294332 4.81118e-07 0.105876 0.000985328 2.97032e-07 0.501049 5.07851e-06 
0.0234624 0.00359003 9.69957e-06 8.15577e-10 0.0413385 3.23217e-07 4.98522e-10 9.94278e-11 1.19106e-10 0.0412301 1.75328e-06 0.0975773 0.198603 4.3499e-10 0.303885 1.63718e-06 1.57744e-10 5.28419e-11 0.2903 9.03465e-10 
7.71263e-07 0.000842922 0.142282 0.000381263 0.000283299 0.000958677 2.33753e-10 1.12851e-05 0.000644318 0.0457217 9.29958e-07 1.17332e-06 0.789726 1.6168e-08 9.03202e-08 5.1688e-07 0.00015272 2.47771e-11 0.018869 0.000123767 
3.49634e-06 6.65928e-07 0.00760848 4.88644e-07 8.36409e-07 7.62393e-08 7.04614e-07 5.93995e-07 0.491528 5.89127e-06 0.000405437 2.18384e-06 0.000479615 0.476559 4.33332e-07 5.69047e-07 0.0044451 2.22939e-12 0.018959 3.81171e-11 
1.0905e-07 0.000406785 0.00842087 8.60609e-07 1.59446e-07 0.00188765 5.26048e-07 1.04918e-07 1.25682e-07 0.0121187 0.00571688 1.58062e-05 0.971333 4.59008e-07 2.08376e-05 1.3961e-05 1.44186e-05 5.57595e-08 4.78663e-05 9.53349e-07 
6.97128e-08 1.24969e-07 8.12792e-08 5.50164e-07 1.01929e-07 4.35194e-07 3.36288e-07 6.70711e-08 8.03454e-08 0.00108246 0.0082052 0.000209985 0.652163 0.000616499 0.000121306 1.55526e-07 1.0641e-07 3.56456e-08 0.337599 6.09451e-07 
1.27057e-07 2.27764e-07 0.000903783 1.00271e-06 1.85774e-07 7.93173e-07 0.000736104 1.22242e-07 1.46435e-07 0.00103936 6.53009e-07 7.08595e-08 0.995668 0.000107494 0.00148385 5.69749e-05 1.93939e-07 6.49666e-08 7.68548e-08 1.11077e-06 
