4.25138e-05 4.25063e-05 4.25123e-05 4.24489e-05 4.25094e-05 4.24644e-05 4.24779e-05 4.25142e-05 4.25124e-05 4.25186e-05 4.24749e-05 4.25179e-05 4.25088e-05 4.24838e-05 0.148846 4.25022e-05 4.25089e-05 4.25183e-05 0.850389 4.24408e-05 
0.201485 0.000849936 0.11715 0.00244293 0.00182897 8.56982e-05 0.000604785 0.0187207 0.0218873 0.0154573 0.00181946 0.0429567 0.00312233 0.1332 0.0241577 0.000515927 0.143538 0.013518 0.256659 2.38373e-11 
0.0807131 0.0153683 0.045872 0.0110508 0.00923352 0.000950221 9.74072e-05 0.0037025 0.00713128 0.0365026 0.00910532 0.0426953 0.205394 0.0130478 0.0203984 0.00514547 0.0144467 0.0824406 0.396609 9.56175e-05 
0.215752 0.000475612 0.00427483 0.000281786 0.0498577 0.000222633 0.00650389 0.0370612 0.0153466 0.0274387 0.00154227 0.0779241 0.0492027 0.00783672 0.0666968 0.00285282 0.0104854 0.0244603 0.401781 2.82189e-06 
0.10827 6.98876e-05 0.000822345 0.000210871 0.0145456 1.65722e-08 1.42621e-05 7.58019e-05 0.00044009 0.00104682 7.72425e-06 0.0976331 0.00249597 2.14316e-05 0.00417691 7.30027e-06 2.87938e-05 0.0300022 0.740131 4.65061e-11 
0.296265 0.00313438 0.00797685 3.64101e-07 0.00973887 2.13386e-05 3.24564e-06 4.66627e-05 0.0348629 0.018034 0.0281816 0.0111201 0.0146323 0.000469541 0.0401947 3.44802e-05 0.0683963 0.0111753 0.455712 5.66002e-10 
0.00169669 0.00317243 0.0204634 2.95775e-07 7.82967e-05 0.294965 0.00143589 0.000134714 0.00013479 0.0147713 1.48348e-05 0.0483355 0.0409007 9.33859e-06 0.00523826 0.000474882 5.39022e-05 0.000120057 0.567999 8.04883e-07 
0.0260741 0.00123164 0.0529161 1.9896e-05 0.257155 0.000178704 0.000744141 0.0188904 0.0481407 0.103907 0.00635059 0.0259239 0.0862301 6.09589e-05 0.0332055 0.000920063 5.57879e-05 0.0402082 0.297787 9.71248e-10 
0.00887623 0.00786205 0.0778144 0.00185411 0.00173017 0.000182796 0.00238946 0.237012 0.0129411 0.0447093 0.00217849 0.124615 0.00922682 0.0023195 0.0891723 0.00808631 0.00209585 0.0186687 0.348265 1.40426e-07 
0.038403 0.0082184 0.0202785 0.00294024 0.0158839 8.99619e-06 0.000275489 0.044564 0.128329 0.00478096 0.000808487 0.0580893 0.000730169 0.00281736 0.0185139 0.000221155 0.00255309 0.158198 0.494386 3.82424e-09 
0.027353 0.000460681 0.00220101 4.22311e-05 0.000640691 1.05359e-06 0.000253241 0.000836044 0.000707338 0.00133144 1.01122e-05 0.103446 0.000486155 3.39517e-06 0.0236385 1.83237e-05 1.89795e-05 0.00457882 0.833973 1.60369e-12 
0.0468239 0.0239544 0.00738447 0.0231956 0.00513195 3.72708e-09 0.000428616 0.00440463 0.00632018 0.0131878 0.000416418 0.348561 7.44057e-05 0.000180606 0.0460063 0.000434316 2.65571e-05 0.0868596 0.386609 3.44305e-10 
0.0589519 0.00674059 0.103224 7.85841e-05 0.0253551 5.58437e-05 0.00155253 0.0155493 0.0421978 0.12233 0.0577164 0.0316819 0.11753 0.0786388 0.0149117 0.0185527 0.0870791 0.0155943 0.202259 6.33222e-07 
0.0398613 2.63773e-06 2.62457e-06 0.000292735 1.84575e-05 4.04175e-09 3.47689e-05 8.03272e-07 0.000158798 1.87889e-05 1.72849e-06 0.0358222 3.59792e-06 2.72516e-09 0.00211199 5.59179e-06 8.05256e-07 3.68794e-06 0.921659 5.6601e-09 
0.0612661 0.00262401 0.0309364 0.000688089 0.0359584 6.97097e-05 0.000213661 0.00984597 0.0503839 0.021597 0.0240744 0.0962699 0.00984706 0.000318374 0.0495456 0.00219611 0.00194591 0.142749 0.459444 2.6785e-05 
0.0158242 0.0106159 0.0850027 0.000203805 0.0169275 7.95572e-05 0.000651819 0.012543 0.0361933 0.066124 0.00239774 0.0913786 0.0471191 0.00142326 0.105307 0.00529703 0.000331961 0.147254 0.355326 6.12383e-09 
0.00169669 0.00317243 0.0204634 2.95775e-07 7.82967e-05 0.294965 0.00143589 0.000134714 0.00013479 0.0147713 1.48348e-05 0.0483355 0.0409007 9.33859e-06 0.00523826 0.000474882 5.39022e-05 0.000120057 0.567999 8.04883e-07 
0.0442461 0.0022 0.0160044 1.95026e-05 0.0114447 1.46912e-05 1.89532e-05 0.000246147 0.0216958 0.0376812 0.000131059 0.103454 0.0112964 0.0003276 0.0986586 0.00633662 0.000164139 0.0578631 0.588197 1.03417e-12 
0.00725905 0.000710055 0.0105839 6.62806e-05 0.317269 1.43882e-06 0.000197462 0.00411722 0.0015573 0.00240954 3.11421e-05 0.169803 0.00324197 2.63668e-06 0.0255365 0.000102392 9.2661e-07 0.0596526 0.397458 4.3326e-09 
0.0185625 0.00379464 0.0886757 4.3152e-05 0.0142089 4.25074e-05 2.33912e-05 0.00193367 0.022876 0.0258125 0.0378915 0.0561614 0.0156034 0.000253243 0.125128 0.00381303 0.00403359 0.179826 0.401317 1.11122e-06 
0.0755305 0.00498403 0.0578514 0.00534252 0.0139033 0.000186221 0.000236994 0.00501201 0.0369622 0.0417357 0.00357717 0.110414 0.0151164 0.00646835 0.107592 0.00149746 0.0119651 0.0469984 0.454539 8.73176e-05 
0.04421 0.00433685 0.0273169 0.000274468 0.0124394 1.34228e-05 0.000434382 0.0151723 0.0428056 0.0440565 0.00446039 0.165141 0.00859065 0.0031384 0.237912 0.00570883 0.0002165 0.0990707 0.284698 3.18049e-06 
0.00620967 0.00528577 0.0234457 1.83174e-06 0.00359691 2.85342e-07 4.43662e-05 0.00281673 0.00339748 0.00835975 9.19909e-06 0.223804 5.1893e-05 7.70029e-06 0.297597 0.00294031 1.07786e-05 0.121244 0.301177 1.85775e-12 
9.08626e-07 0.0148997 0.0137206 9.07238e-07 0.152179 0.00526483 9.07857e-07 9.08633e-07 9.08594e-07 0.0418023 9.07793e-07 9.08713e-07 0.00372584 9.07983e-07 9.08658e-07 0.00390693 9.08519e-07 0.0149039 0.749586 9.07066e-07 
0.0280322 0.000339826 0.00214095 0.000509021 0.0238413 6.03498e-06 0.000148122 0.000972763 0.019162 0.00724555 0.000378727 0.0228763 0.0010768 0.000146209 0.0043723 0.000252952 0.00443421 0.0330537 0.851011 3.58211e-09 
0.00887741 5.3927e-05 0.00192066 0.000208895 0.000450482 8.87563e-07 0.000124603 0.00176084 0.0259292 0.00183109 4.67769e-05 0.065402 0.00193037 0.000957401 0.12444 6.2979e-05 0.00176329 0.0817068 0.682532 7.69574e-09 
0.00169669 0.00317243 0.0204634 2.95775e-07 7.82967e-05 0.294965 0.00143589 0.000134714 0.00013479 0.0147713 1.48348e-05 0.0483355 0.0409007 9.33859e-06 0.00523826 0.000474882 5.39022e-05 0.000120057 0.567999 8.04883e-07 
0.0171367 0.000310006 0.0960006 0.000158626 0.0612012 0.0118478 1.43978e-05 0.000273123 0.00462596 0.0418678 0.00238618 0.039333 0.00789325 0.0136034 0.0946975 0.000560333 2.00428e-05 0.113094 0.465726 0.0292503 
0.138848 0.000946595 0.00951196 0.000394291 0.00790234 3.52132e-05 0.000252536 0.253169 0.00447509 0.0114176 0.00259256 0.0216201 0.0162912 0.00029581 1.68623e-05 8.89516e-08 0.000945186 0.00196537 0.52932 5.01546e-07 
0.191122 0.00183385 0.0604901 0.00213877 0.00221608 7.13311e-07 0.000960337 0.0113866 0.0239181 0.0357125 0.00251722 0.103622 0.0780862 0.100929 0.0829123 0.000746953 0.0113551 0.0522492 0.237804 2.83617e-10 
0.0450058 0.00639985 0.0254905 9.31802e-05 0.0198389 0.000719786 0.00113042 0.003487 0.017861 0.0031935 0.00115701 0.0836945 0.0305631 0.000117453 0.0361508 0.000156933 0.000419457 0.0297242 0.694797 6.19282e-11 
0.10657 0.00135487 0.00945252 3.4975e-07 0.00487804 1.47215e-13 0.00642069 0.115955 0.084893 0.0674438 0.0023072 0.0107251 0.0116767 0.10371 0.110714 0.00284267 0.0543746 0.0446304 0.262052 2.08223e-11 
0.0205571 0.0157077 0.0537689 6.42779e-06 0.0021624 1.09878e-07 1.81292e-07 0.00115941 0.0631115 0.0762787 7.54881e-05 0.0757741 0.035155 0.000245588 0.149838 0.067554 0.00509928 0.0770643 0.356441 7.92341e-07 
0.186675 0.0114508 0.0277781 0.000457638 0.0220556 0.000377008 0.0258253 0.0251584 0.0179477 0.0885552 0.0135626 0.142022 0.169621 0.0099288 0.0341454 0.00295987 0.00673237 0.0233651 0.190057 0.0013243 
0.00755055 0.00171378 0.0017206 0.000352911 0.250607 1.72025e-05 0.000581404 0.0124738 0.0827924 0.00465814 1.50407e-05 0.0789162 7.3302e-05 0.00089736 0.0369672 0.00199067 2.81437e-05 0.144216 0.374429 6.00117e-08 
0.00417624 0.00312814 0.0217391 0.00019929 0.00236836 0.000233133 0.000386603 4.93203e-07 0.00203267 0.0504019 0.00103399 0.060321 0.0108063 0.00213581 0.196101 0.000158638 3.54088e-06 0.231398 0.413376 1.57351e-08 
0.110471 0.00557757 0.0294067 1.04898e-10 0.00337963 4.42233e-07 6.4119e-11 2.83942e-07 0.00452986 0.0579228 0.00142485 0.0514662 0.277221 5.59477e-11 0.0938438 0.00750974 7.39903e-08 0.00529983 0.351947 2.52939e-07 
0.0705109 0.00017667 0.00966414 0.00718137 0.000977715 4.35191e-10 4.28151e-05 0.0317942 0.0967476 0.0144042 0.00030085 0.0871511 0.00901306 0.0151327 0.210096 0.000375123 0.0473445 0.0392721 0.359815 6.23181e-11 
0.00523155 0.00222226 0.0210926 0.00230733 0.00348836 0.00045797 0.000123211 0.0017635 0.0183278 0.0113236 0.00165502 0.00991617 0.00998947 0.0017739 0.0852539 0.00109157 4.97854e-05 0.326746 0.497186 3.13355e-12 
0.123971 0.00379726 0.0155272 0.00160334 0.00812994 2.18233e-06 0.000952803 0.00209554 0.0152178 0.0228194 7.0455e-05 0.174607 0.0137531 0.00155544 0.0335112 0.0017254 0.00141835 0.0260154 0.553224 2.54753e-06 
0.0506571 0.000900433 0.0424847 0.000572935 0.01279 1.20537e-06 0.000649315 0.139669 0.0118379 0.0325388 0.000723821 0.103366 0.00122763 0.000144232 0.0015064 0.000118744 0.000226352 0.0319961 0.568589 5.63408e-11 
0.136856 0.0026248 0.001526 7.6327e-05 0.00126392 1.19811e-05 0.00124504 0.0141944 0.00125566 0.0067838 4.66347e-08 0.138964 0.00765248 2.80287e-05 0.0106515 4.39116e-08 0.000145903 0.00193364 0.674787 2.47591e-07 
0.252787 0.00161826 0.0952467 0.000622559 0.0191739 0.000723159 0.00137454 0.000260924 0.00687504 0.0152299 0.00137931 0.162449 0.00900912 0.000206962 0.0268564 0.000496597 5.40771e-05 0.141766 0.26387 2.11107e-12 
0.0660486 7.7352e-06 0.00102238 5.37481e-08 0.0371564 2.71735e-12 6.09708e-06 4.84975e-06 0.0139084 3.55892e-09 6.87699e-08 0.246754 6.6481e-13 0.00189869 0.0130121 9.71102e-13 0.00902486 0.00700552 0.604151 3.8054e-12 
0.00280955 0.000896271 0.0528632 1.10399e-09 0.0151439 1.45122e-05 6.74817e-10 0.00154032 0.00197571 0.0426145 2.19363e-06 0.00185965 0.263449 7.99623e-05 0.204424 0.000912479 0.00294196 0.0107576 0.397716 1.22296e-09 
0.0860779 0.00221727 0.104202 8.53246e-06 0.00345316 0.000525446 2.55645e-05 0.000165775 0.0205443 0.0621241 0.156706 0.0215423 0.190782 0.00323576 0.0139641 0.011064 0.016547 0.103531 0.203285 1.59567e-07 
7.60925e-07 1.36405e-06 0.00807416 6.00512e-06 0.00600902 4.75021e-06 3.67063e-06 7.3209e-07 0.00649053 0.0190084 3.91078e-06 4.24368e-07 0.0436982 3.20284e-06 6.30207e-07 0.00628278 0.00395018 0.00455259 0.901902 6.65224e-06 
0.0740402 0.00238378 0.012987 0.00080906 0.0253886 0.00015211 0.00162707 0.00953109 0.0220042 0.021084 0.00593616 0.159646 0.00750515 0.00148574 0.132936 0.00603733 0.00579449 0.0515084 0.458924 0.000220283 
0.0280024 0.00243874 0.017392 2.1008e-05 0.0270112 0.000111148 9.57376e-05 0.00589855 0.0877434 0.0320316 0.00472992 0.185507 0.0140841 0.00327644 0.169475 0.00160105 0.000135267 0.13184 0.283178 0.00542665 
0.0440663 0.00879284 0.048308 0.000105585 0.123167 3.48211e-08 0.000177277 0.0155455 0.0141378 0.0175967 0.00132272 0.105316 0.00350601 0.00121419 0.029478 0.000373716 9.95506e-05 0.153027 0.433766 8.51872e-09 
5.40572e-05 0.000410638 0.00233651 2.76969e-09 0.0339069 9.12487e-05 3.29172e-05 5.04798e-06 0.000787934 0.000612989 3.30713e-06 0.0205826 0.00362678 0.000559751 0.069914 1.17214e-05 0.000115433 0.0399611 0.826987 5.59972e-11 
0.120067 0.00157907 0.0623497 0.0440302 0.00491376 1.79937e-06 2.20464e-05 0.00131539 0.0678618 0.00295429 0.000221957 0.0665462 0.00922802 0.000223151 0.0476204 9.2534e-05 0.000158115 0.0723748 0.498439 1.11149e-08 
0.0857745 0.00582535 0.0290929 0.000524324 0.0452751 7.1294e-05 0.000800919 0.00975039 0.00811507 0.0656587 0.000602974 0.111277 0.00693843 9.31133e-05 0.01396 0.00108445 0.0243576 0.0719451 0.518759 9.40592e-05 
0.00370062 4.55783e-05 0.000280619 1.24517e-09 2.0405e-08 9.84964e-10 1.01495e-06 8.47794e-08 2.55488e-05 2.60955e-07 1.29433e-05 0.0124408 2.8616e-06 7.9878e-05 0.155094 3.51998e-10 2.40834e-10 0.00666643 0.82165 1.37935e-09 
0.252564 0.000235596 0.00830879 0.000368312 0.00345975 9.75469e-11 4.32301e-05 0.00156849 0.0186826 0.00289816 0.0364362 0.00814985 0.0126343 0.174287 0.0104507 7.46551e-05 0.0942774 0.0215006 0.354061 1.10325e-07 
0.0196025 0.00645262 0.0988706 0.000478965 0.00931307 7.50779e-05 0.000738715 0.100476 0.0560611 0.0523262 0.0163352 0.105567 0.0100047 0.0192401 0.126649 0.0257031 0.000452667 0.0244758 0.32717 6.95675e-06 
0.00619628 6.61085e-06 0.0364156 0.000118685 0.00020291 0.000321899 5.20147e-05 0.00123647 0.267955 0.000385172 1.01454e-10 0.0291653 0.00738652 0.0022032 0.0592113 0.00229537 0.000310035 0.0506839 0.535854 1.72573e-10 
0.102479 0.00539202 0.00551101 0.000213847 0.0167229 4.70151e-07 0.00109545 0.0358781 0.00991781 0.0162624 1.86896e-07 0.104314 0.037341 0.00054109 0.0624745 0.00170264 5.62597e-05 0.0285152 0.571582 1.36144e-11 
0.166132 0.00796704 0.0182735 9.78817e-06 0.0144153 3.04403e-06 0.12013 0.0225117 0.0726805 0.0231866 0.000237609 0.152371 0.0262305 0.000210231 0.0385072 0.000203836 2.80787e-05 0.045554 0.291349 2.48819e-09 
0.0829363 0.00346174 0.0321975 0.000505722 0.0400316 0.00156393 0.0165741 0.00040334 0.0117437 0.0118924 0.000481796 0.15133 0.0190762 2.51052e-05 0.0171974 0.000881653 4.21493e-05 0.0642318 0.545399 2.45814e-05 
0.000113651 0.000191149 0.0137479 1.31205e-06 0.00233429 0.000186287 0.000224732 2.50672e-05 0.192676 0.000522919 1.16247e-06 0.00335595 0.00597631 4.81326e-05 0.0465216 0.000109843 2.59936e-05 0.258161 0.475776 1.39518e-07 
0.0841395 0.00864678 0.00149887 0.00146984 0.0011474 2.64277e-09 0.00187696 0.0483458 0.0307678 0.012617 0.00018858 0.124483 0.00403196 0.00886334 0.158174 0.000498059 0.00669973 0.00553078 0.501021 4.01942e-11 
0.0421009 0.0480918 0.00352799 0.000482937 0.00392429 2.60732e-08 0.00539904 0.00168004 0.157081 0.0263981 0.000118892 0.0319517 0.00627517 0.00266098 0.154891 0.00045831 0.00975915 0.0406695 0.46453 5.68336e-08 
0.157767 0.046543 0.0295358 0.00609419 0.0059473 1.0106e-05 0.00101652 0.0216302 0.0192439 0.0302084 0.000280175 0.105001 0.00943512 0.00983705 0.0883991 0.00187673 0.0206765 0.149292 0.297205 2.35748e-07 
0.0520717 0.00891157 0.075072 7.07521e-05 0.0478004 4.03433e-05 0.00312971 0.0159747 0.0272399 0.0335689 0.00033471 0.097664 0.108066 0.0106652 0.042875 0.00723049 0.000116024 0.0204318 0.44749 0.00124707 
0.0617406 2.76114e-05 0.000415252 6.2317e-05 0.00308294 8.49359e-10 1.21605e-05 0.000315111 0.00236807 7.81248e-05 0.000294346 0.0783032 3.17827e-05 3.56998e-05 0.0150203 1.47291e-06 0.00723952 0.00051766 0.830454 1.01334e-12 
0.0420851 0.0102559 0.0180727 0.00195904 6.93537e-05 8.6181e-06 0.000472884 0.00626585 0.0105671 0.0163538 0.00240453 0.225779 0.00833598 0.00214791 0.105754 0.000610827 0.000167649 0.0446519 0.504038 6.45492e-12 
0.0672392 0.00377137 0.00155243 9.65932e-05 0.0041649 0.000534116 0.000140977 0.00162035 0.00237252 0.00094561 0.000491016 0.0305508 0.0343528 4.07009e-05 0.00298385 0.000116651 0.000157414 0.0435443 0.805321 3.31251e-06 
0.000113098 0.00115954 0.000457459 2.13868e-09 7.07322e-05 4.41028e-08 1.30727e-09 6.21206e-07 1.51931e-06 5.44039e-05 1.3928e-09 0.0010047 0.0336804 3.15693e-07 2.24444e-10 6.04584e-10 0.0045089 0.00295007 0.955998 2.36915e-09 
0.0829242 0.002066 0.000181369 0.00564165 7.07913e-05 1.26509e-07 0.00020196 0.000123354 0.00143126 0.00178595 8.22003e-06 0.0820766 0.000128872 3.70004e-05 0.00714178 0.000116469 1.35315e-05 0.00494341 0.811107 1.60865e-09 
0.0609716 0.000155408 0.0148969 8.84325e-05 0.0213093 0.00100009 0.000511764 0.00421199 0.270555 0.00600155 0.000314055 0.0598971 0.0168176 7.31404e-05 0.08587 0.000134212 5.41574e-05 0.180426 0.274893 0.00181956 
0.0721774 2.74324e-05 0.00243457 0.000709635 0.0018881 3.98721e-09 0.000527016 2.64698e-05 0.00716534 0.000145671 0.000235429 0.133991 1.00208e-05 2.80039e-09 0.0835389 7.98357e-05 4.64677e-06 0.00481815 0.692221 9.15057e-13 
0.0114882 0.000478064 7.80315e-05 0.000113834 0.000114482 1.07912e-05 0.000111418 0.000108528 0.000233045 0.00121389 2.80928e-06 0.0241843 0.00117921 3.66183e-06 0.00144054 3.61071e-05 9.30219e-06 0.000696898 0.958492 4.77858e-06 
0.0158075 0.00290222 0.0953847 1.10379e-10 0.00876162 9.95456e-07 6.74693e-11 6.39194e-07 0.0140783 0.232207 0.00102513 0.015635 0.114159 5.8871e-11 0.0308344 0.00429012 1.66543e-07 0.024455 0.440459 1.22274e-10 
0.00173868 0.00130103 0.0126301 9.36526e-06 0.0544451 2.71609e-05 2.23093e-08 0.000606611 0.0175282 0.0100288 0.00106721 0.066983 0.00770208 8.89747e-05 0.0317534 0.000650628 1.08277e-06 0.113149 0.680289 3.15106e-11 
0.0871786 0.152243 0.0242115 1.01447e-05 0.00351058 0.00111419 0.00071342 0.00914777 0.00430316 0.0695832 0.00314654 0.103885 0.0444497 0.00121519 0.0276986 0.00380405 9.80531e-05 0.0723069 0.39138 4.09248e-08 
0.00416325 0.0156771 0.160188 3.02831e-08 0.00166446 0.00157674 1.7829e-07 0.00364462 0.016536 0.124853 0.00719919 0.0409915 0.0143946 0.00509829 0.0148279 0.148849 0.000316696 0.0952797 0.34474 1.17527e-10 
0.194233 0.00413886 0.0179119 0.00434931 0.00848105 3.06684e-06 2.13784e-05 0.00885786 0.0536152 0.00715992 0.0518093 0.0895976 0.00977784 0.00853776 0.0353268 0.000816337 0.00358288 0.0891071 0.412673 3.45084e-09 
0.0967729 0.000318515 0.00899616 0.00325526 0.00137962 9.95671e-12 0.000173297 0.00735384 0.0382319 0.00816736 8.74756e-05 0.100596 0.00744854 0.00354496 0.215105 0.00220806 0.00259082 0.0103709 0.4934 5.60206e-08 
0.00518876 0.00651167 0.0587347 4.75328e-05 0.00430554 0.000978023 9.30332e-08 0.00830233 0.00481954 0.0169011 0.0194876 0.0669374 0.00127958 0.000492315 0.0111869 1.47014e-07 0.207139 0.0196311 0.568057 3.43303e-11 
0.0408494 0.00018709 0.0602851 0.000366921 0.0537644 6.96549e-05 0.000396567 0.00405047 0.169898 0.0106649 0.000750672 0.0612256 0.0419135 0.004948 0.0504427 0.000224917 0.00576833 0.0737406 0.420453 6.71749e-10 
0.0192433 0.00704784 0.00224976 0.0155029 0.00656048 5.29402e-09 7.92076e-05 7.33377e-05 0.045794 0.0291249 1.76318e-07 0.00313216 0.254165 0.00109344 2.57668e-07 0.00209816 0.00472551 0.0145809 0.594528 1.94309e-10 
0.0397687 0.00397036 0.0230049 0.000509556 0.159425 2.14899e-05 0.000544462 0.0233925 0.0586585 0.0128912 0.0010128 0.180187 0.0175497 0.000311342 0.0931813 0.00297933 0.00235267 0.17887 0.201368 7.34813e-07 
0.178446 0.0010587 0.0136531 0.0169911 0.00724726 1.42844e-08 0.000620025 0.000757213 0.0423742 0.0232671 0.00759937 0.0741692 0.00654394 0.000870244 0.0660378 0.00113985 0.103023 0.129394 0.326808 1.47798e-07 
0.0964231 0.0162413 0.0140897 0.000242702 0.00305959 2.09829e-09 0.000100099 0.000376456 0.0201708 0.0210792 5.29384e-05 0.181739 0.00345263 0.000522767 0.000894614 2.80032e-07 0.0575812 0.0176182 0.566356 2.94737e-11 
0.0449074 0.00415454 0.0145051 0.000337583 0.00428794 4.44129e-05 0.000223091 0.0196562 0.0109083 0.0214856 0.00172786 0.220736 0.00211656 6.35005e-05 0.144415 0.0150299 3.87623e-05 0.0878119 0.407551 2.94396e-09 
0.159269 0.000100012 0.0206394 0.00012818 0.00363694 1.37872e-06 0.00110949 0.054845 0.00142355 0.0218235 0.0239174 0.00992116 0.0164025 0.00924569 0.0158555 0.00229708 0.00129596 0.00431163 0.653777 2.78204e-11 
0.00921034 0.000128262 0.0843384 0.00720081 0.00170364 2.63094e-05 0.000148799 0.0107702 0.0930136 0.00333921 0.000367821 0.129118 0.00284459 0.00478142 0.0219087 0.000328276 0.031304 0.0732859 0.526182 5.33802e-11 
0.0408316 0.00696633 0.00454218 0.000428647 0.00588186 5.49804e-06 0.000620776 0.00439941 0.00771569 0.00558676 0.000744339 0.0502213 0.29063 0.00333971 0.0927642 0.000118647 0.00148201 0.00197843 0.481743 1.84686e-07 
0.017653 0.000353629 0.179969 2.47108e-08 0.00441081 0.00310227 0.000261824 5.49117e-08 0.0024819 0.0202431 2.62043e-07 0.240558 0.12795 7.52387e-06 0.00580717 0.0216932 1.2637e-06 0.00895776 0.36655 5.60569e-10 
0.00169669 0.00317243 0.0204634 2.95775e-07 7.82967e-05 0.294965 0.00143589 0.000134714 0.00013479 0.0147713 1.48348e-05 0.0483355 0.0409007 9.33859e-06 0.00523826 0.000474882 5.39022e-05 0.000120057 0.567999 8.04883e-07 
0.0519636 0.00504473 0.0486558 0.00167528 0.0572057 0.000185034 0.00434267 0.0177801 0.144949 0.0362716 0.0231692 0.169381 0.00592792 0.00832696 0.0864546 0.00530071 0.0048946 0.13235 0.196065 5.68379e-05 
0.086844 0.000225093 0.00226738 0.0047897 0.0170693 1.35872e-05 0.000169191 0.00109854 0.0319109 0.008422 0.000520284 0.0526931 0.00300576 0.000230592 0.0881761 0.000673658 0.0256333 0.0293586 0.646899 7.68815e-11 
0.0639352 0.0842711 0.00306304 0.00148047 0.00696859 5.74066e-06 0.000455694 0.00767685 0.0077336 0.0895778 7.77078e-05 0.102988 0.00163826 0.000552067 0.015559 0.000472363 7.04709e-05 0.0932299 0.520244 5.31728e-07 
0.0482885 0.00465821 0.0279368 0.000800542 0.0368635 4.14993e-05 0.000543646 0.00838273 0.0567467 0.0348106 0.000431948 0.220879 0.00180631 0.00235111 0.111947 0.00476356 0.0127316 0.154311 0.271067 0.000638496 
0.00130128 0.000650968 0.0304762 5.49782e-07 0.00245356 0.000397015 3.06941e-05 5.15703e-05 0.0297372 0.00266262 5.35305e-05 0.00953594 0.0227136 8.41586e-05 0.0851181 9.16785e-05 3.63219e-05 0.133174 0.681431 1.63862e-07 
0.043848 0.00584856 0.0328529 0.000859052 0.0108717 6.7513e-05 0.0048408 0.00899968 0.0226699 0.0163851 9.44438e-05 0.180543 0.004534 0.000200419 0.177042 0.00126682 0.00404634 0.197871 0.287147 1.25336e-05 
0.0798454 6.65322e-05 0.000628558 2.84127e-05 0.000141409 1.07437e-09 6.28538e-05 4.40985e-06 0.0047565 0.000213816 2.57103e-08 0.109059 6.89596e-05 0.000278947 0.0409642 1.40332e-09 0.00333038 0.00360295 0.756947 4.04941e-12 
0.0574963 0.00618025 0.00360118 0.00246853 4.33275e-05 1.99105e-07 0.000318278 0.0119049 0.00225411 0.00667472 4.5492e-05 0.156278 0.000409592 0.000305929 0.0318899 0.00060189 2.68298e-05 0.0111914 0.708309 1.29725e-12 
0.00705874 0.000589562 0.00481781 8.50362e-07 0.010529 1.55021e-05 4.21771e-05 2.92498e-05 0.000947861 0.00152177 0.000230903 0.00805671 0.0549832 0.00101399 0.00523926 9.93604e-05 0.000117753 0.370965 0.533741 2.48786e-10 
0.00169669 0.00317243 0.0204634 2.95775e-07 7.82967e-05 0.294965 0.00143589 0.000134714 0.00013479 0.0147713 1.48348e-05 0.0483355 0.0409007 9.33859e-06 0.00523826 0.000474882 5.39022e-05 0.000120057 0.567999 8.04883e-07 
0.0209215 0.0104676 0.0378592 0.000218568 0.0539454 7.23563e-05 0.00081004 0.00659661 0.129825 0.0353566 0.000770284 0.0692606 0.0127668 0.0128436 0.0585998 0.00247879 0.000491901 0.191018 0.351974 0.00372356 
0.0109594 0.000195263 0.0158176 7.28277e-09 0.0044404 3.88436e-06 9.36025e-05 3.69535e-05 0.0714289 0.00129464 0.000108232 0.0756564 0.0003765 7.28954e-05 0.157564 0.000527337 2.21994e-05 0.127782 0.533619 1.69292e-12 
0.146232 0.000135549 0.00301403 0.000373395 0.0102073 0.0334906 4.2828e-05 0.000175775 0.0126716 0.00196524 0.276771 0.00312114 0.00481805 0.0518271 0.00894035 0.000283076 0.0458098 0.0200892 0.378979 0.00105235 
0.058882 0.0192717 0.0342464 0.00221332 0.0212352 9.23267e-05 0.00961585 0.0548042 0.0547836 0.122903 0.00144631 0.0750865 0.0235165 0.00347904 0.0381202 0.0147078 0.00401913 0.150026 0.311551 2.76052e-07 
0.0343564 0.0019671 0.0405137 3.35605e-05 0.0258261 0.000230829 8.68935e-05 0.0151471 0.031108 0.064803 0.00367271 0.150032 0.0328729 0.000339842 0.115935 0.00328234 9.12971e-05 0.117983 0.361718 2.01366e-07 
0.132274 0.0145107 0.210306 0.000454772 0.0224164 1.25833e-05 0.00359978 0.00530384 0.0197016 0.143474 0.034925 0.041487 0.0173026 0.0176411 0.0248289 0.0141783 0.00507729 0.0713774 0.219883 0.0012462 
0.00169669 0.00317243 0.0204634 2.95775e-07 7.82967e-05 0.294965 0.00143589 0.000134714 0.00013479 0.0147713 1.48348e-05 0.0483355 0.0409007 9.33859e-06 0.00523826 0.000474882 5.39022e-05 0.000120057 0.567999 8.04883e-07 
0.0947776 0.000743982 0.00931118 5.06077e-05 0.00801739 1.18997e-05 3.78361e-05 0.0054861 0.0187459 0.00276328 0.00453269 0.00825234 0.0354832 0.00554811 0.0140424 7.6921e-05 7.42168e-05 0.0327815 0.759262 1.25287e-06 
0.0783959 0.000274456 2.85358e-05 3.17202e-05 1.93002e-05 1.64044e-09 0.000400141 5.66579e-06 0.000147772 0.000342401 1.03188e-12 0.135422 0.000482611 1.47448e-09 0.00944088 1.51416e-09 2.03769e-05 0.000625384 0.774363 1.75522e-12 
0.0352786 0.0107228 0.0151969 0.000425933 0.00778889 1.90838e-05 0.000459086 0.00611969 0.0371607 0.0263818 0.000202396 0.0480487 0.0409462 0.000657726 0.213876 0.00930379 0.000844911 0.0425672 0.503992 7.98725e-06 
0.00169669 0.00317243 0.0204634 2.95775e-07 7.82967e-05 0.294965 0.00143589 0.000134714 0.00013479 0.0147713 1.48348e-05 0.0483355 0.0409007 9.33859e-06 0.00523826 0.000474882 5.39022e-05 0.000120057 0.567999 8.04883e-07 
0.0132368 0.00946054 0.0449344 0.000456715 0.00140223 6.94272e-05 0.000555413 0.0405948 0.000263536 0.132798 0.00568412 0.00041475 0.314247 3.72391e-07 0.0307877 0.0163033 0.000218039 0.00922934 0.379343 3.64684e-09 
0.0391755 0.00649546 0.103667 0.00352753 0.0667773 0.0245411 0.00149942 0.00725952 0.0265437 0.0207292 0.00828487 0.0516472 0.0419854 0.00226398 0.0550024 0.00545047 0.00155347 0.177729 0.355618 0.000249217 
0.0792644 0.00301316 0.164366 0.000899588 0.0158847 1.11308e-05 6.28651e-05 0.000257026 0.091187 0.0911393 0.00146477 0.0697771 0.010973 0.00726446 0.0296416 0.00798126 0.0118025 0.154052 0.260959 3.64201e-08 
0.0152484 0.00370472 0.0155946 4.28928e-06 0.02058 4.46836e-05 0.000303353 0.00027212 0.0169329 0.00914982 1.82654e-05 0.146226 0.005987 0.000638145 0.107866 0.000239996 7.85237e-05 0.143061 0.51405 1.92959e-07 
0.137755 1.23062e-05 0.0015577 0.000273071 0.00202969 1.03362e-11 7.57862e-06 2.11305e-05 0.00679217 9.83634e-06 3.82901e-05 0.121332 4.06224e-07 0.000195215 0.061103 7.51379e-06 0.00283537 0.00654058 0.659489 1.44749e-11 
0.00430687 0.000582367 0.00909723 2.16642e-05 0.0303751 0.336024 9.6868e-05 0.00277962 0.00851634 0.017746 5.81269e-05 0.000416047 0.0678932 0.000166461 0.00634501 7.1018e-05 0.000906372 0.143304 0.363473 0.00782211 
0.136017 0.00807912 0.000983154 2.84089e-06 0.00292409 7.28159e-08 0.000141227 4.82823e-06 0.0112326 0.000481852 4.11311e-05 0.351872 0.0255056 1.89825e-07 0.00753255 0.000158638 1.07845e-05 0.0130165 0.441996 1.49713e-09 
0.109293 0.000214902 0.00681778 0.000338629 0.00741072 5.45597e-09 2.38781e-05 0.000268238 0.0196154 0.0145807 0.0912547 0.106548 0.000108239 0.00012801 0.205484 1.89484e-08 0.0162832 0.0244309 0.3972 4.25912e-12 
0.109293 0.000214902 0.00681778 0.000338629 0.00741072 5.45597e-09 2.38781e-05 0.000268238 0.0196154 0.0145807 0.0912547 0.106548 0.000108239 0.00012801 0.205484 1.89484e-08 0.0162832 0.0244309 0.3972 4.25912e-12 
0.0768626 0.00605907 0.00388333 0.000941717 0.0976769 2.83995e-06 0.000116312 0.00168651 0.0691082 0.0237412 0.000601644 0.0958476 0.0482332 1.56188e-05 0.00704693 0.000568099 4.55228e-05 0.0299046 0.537658 2.36716e-07 
0.000766027 0.00213439 0.0245267 4.14506e-06 0.000618926 2.94335e-06 0.000150413 0.00745974 0.165044 0.0060676 9.50021e-08 0.00705149 0.0386058 0.00171539 0.00961771 0.000406244 0.00390088 0.0719587 0.659969 1.44209e-09 
0.0539892 0.00438886 0.0194713 0.00220433 0.00565789 0.000129027 0.000324956 0.000573095 0.0095541 0.0152306 0.0109707 0.207582 0.000377119 0.000928376 0.105608 0.0292546 0.0297126 0.0514676 0.452576 1.1145e-11 
0.0740503 0.00301254 0.00080242 4.9429e-06 0.000280431 2.44639e-09 0.000200139 7.51251e-05 5.6377e-05 0.00235551 1.6107e-12 0.245166 0.00284447 2.19887e-09 0.0375884 3.04003e-08 4.43718e-05 0.00359092 0.629928 2.73979e-12 
0.00283323 2.97111e-05 0.0058742 1.55745e-06 0.0029624 8.56892e-08 0.000239156 0.000393994 0.0237535 0.000125629 2.90741e-05 0.0484853 0.000889426 8.94766e-05 0.0955315 5.71761e-06 1.44198e-05 0.0337161 0.785026 5.68056e-11 
0.0880744 0.000210773 0.0254126 0.000133695 0.216856 6.47675e-05 2.65956e-05 0.000762209 0.010057 0.0304367 0.000763536 0.0227063 0.00748661 0.000171295 0.0157315 0.000823417 6.89414e-06 0.25178 0.317839 0.0106573 
0.194058 0.0020826 0.119322 0.000347021 0.00833936 3.35978e-11 0.000531184 0.0468456 0.00831591 0.140084 0.00857277 0.00753494 0.012315 0.0185504 0.0434217 0.000950632 0.000138557 0.00726423 0.381327 4.70507e-11 
0.000113098 0.00115954 0.000457459 2.13868e-09 7.07322e-05 4.41028e-08 1.30727e-09 6.21206e-07 1.51931e-06 5.44039e-05 1.3928e-09 0.0010047 0.0336804 3.15693e-07 2.24444e-10 6.04584e-10 0.0045089 0.00295007 0.955998 2.36915e-09 
0.0133789 0.0250906 0.0647145 2.80358e-05 0.00253667 5.65783e-05 0.000963715 0.00421812 0.0058071 0.0839853 0.193907 0.0511925 0.0469238 0.00109705 0.0352873 0.0539617 5.73724e-05 0.0522586 0.364535 2.17134e-07 
0.0519896 0.026375 0.0373723 0.00161392 0.01433 2.79422e-06 0.000513002 0.0133159 0.0684671 0.0488136 0.00215351 0.113259 0.00583634 0.00286175 0.151996 0.00509288 0.00288278 0.168114 0.28501 4.36052e-07 
0.111264 0.0011178 0.00990534 4.47101e-06 0.0370448 3.02426e-05 0.10717 0.000113263 7.25845e-05 0.0179833 0.0158983 0.272825 0.0404495 7.96724e-07 0.0368422 0.000484767 0.00173145 0.00167593 0.345385 4.3445e-10 
0.0267586 0.00303362 0.0404892 0.000189601 0.0137581 1.18927e-06 3.02846e-05 0.0766032 0.00506108 0.0263864 0.00785195 0.0488046 0.134957 0.00605179 0.00802296 0.0474157 0.000331422 0.0376472 0.516585 2.0958e-05 
0.167527 6.77862e-05 0.00643882 0.000229054 0.0133169 5.99973e-09 6.84382e-05 3.71322e-05 0.0136008 0.0018632 0.000529139 0.0290412 0.000309799 0.00318441 0.0229653 2.72249e-05 0.00351414 0.0275272 0.709668 8.43519e-05 
0.147487 0.0230351 0.0290109 2.35137e-05 0.000391499 4.29314e-09 0.000731329 0.0385591 0.0164574 0.134475 0.109138 0.0858737 0.0258797 0.000306114 0.0484147 0.00560159 0.00050744 0.00760255 0.326505 6.01215e-09 
0.0902935 0.0306858 0.0320491 0.0101636 0.0216575 1.69981e-05 0.00621999 0.0420482 0.0231307 0.150561 0.0170649 0.0990581 0.0177441 0.00542386 0.0139798 0.0127792 0.0281884 0.174098 0.224228 0.000608729 
0.00964267 0.00218007 0.0634044 3.0733e-06 0.00187705 8.01518e-06 4.88092e-07 0.000120678 0.000898018 0.0133994 0.00503965 0.108815 0.0908803 0.000467511 0.13138 0.000231565 0.0476726 0.0404306 0.483549 5.1852e-10 
9.94143e-08 0.00113655 0.039773 6.14305e-12 0.00124878 0.000361024 2.07833e-08 7.3873e-05 0.0099544 0.00512134 3.16933e-08 1.18611e-07 0.0875827 0.000262281 0.355684 0.000124328 0.000125703 0.0549658 0.443585 6.80504e-12 
0.000570114 0.00237845 0.0161674 8.72206e-06 0.00328061 0.000554703 0.000661727 0.00310922 0.0310754 0.0110021 0.0242977 0.0379678 0.0708788 0.000204785 0.0890081 0.0019893 0.000395269 0.346184 0.360266 2.96453e-12 
0.117358 0.000452527 0.00896144 0.000376356 0.0250628 2.4624e-05 0.0001564 0.0013435 0.00224413 0.000990806 0.00172177 0.391627 0.0163925 0.0104641 0.0094378 0.000249463 0.000756262 0.00764619 0.404713 2.11998e-05 
0.16344 0.00744104 0.0310218 0.000130166 0.0124436 4.84326e-08 0.000472431 0.00140429 0.178952 0.0223994 0.000100982 0.173143 0.0116058 0.00565606 0.0125794 0.000486274 0.00561526 0.169346 0.20375 1.16668e-05 
0.038018 0.000695507 0.0206576 1.90409e-05 0.000313628 7.25869e-07 0.00149607 0.00176113 0.00352694 0.00184795 5.3125e-08 0.106807 0.00504636 0.000967234 0.0934713 3.59872e-11 2.88904e-05 0.00786049 0.717482 1.41021e-10 
0.0528706 0.000137906 0.00542997 0.0237057 0.00492433 2.8496e-07 1.03917e-05 0.00323619 0.0309956 0.00232191 0.000432079 0.0415394 0.00520128 0.000905179 0.0411345 0.00101524 0.00110291 0.0982518 0.686785 2.67233e-11 
0.0746241 0.000165099 0.00442342 0.000370059 0.109816 0.000180481 4.09816e-06 0.00272469 0.00958263 0.00189441 0.00309621 0.0268516 0.00200399 0.000263949 0.00584591 8.56e-05 0.0120071 0.0284764 0.717584 1.43883e-08 
0.127391 0.0476016 0.0174625 0.00475547 0.00934887 0.00241872 0.00256751 0.0217182 0.0623666 0.0355025 0.00891277 0.0488543 0.0708745 0.017268 0.0367717 0.00241742 0.000783945 0.0939269 0.387285 0.00177287 
0.0272571 0.000372333 0.00844835 0.000191982 0.00142197 7.81282e-08 0.000284451 0.000608129 0.0141501 0.0172958 3.44345e-08 0.146472 0.187078 2.6047e-08 0.0730828 0.0011255 5.84056e-05 0.00485945 0.517294 4.79987e-08 
0.00462963 0.0170481 0.0470232 9.74474e-06 0.00856422 9.72581e-06 3.02396e-07 0.0010346 0.00128343 0.03989 0.00103296 0.225385 0.00561933 3.64193e-05 0.131856 0.00200633 1.3595e-05 0.148614 0.365944 6.96957e-11 
0.0157885 0.00661489 0.050852 0.0708125 0.0284244 8.59842e-05 0.000378035 0.00078086 0.0345228 0.0143161 6.72247e-05 0.0232456 0.0199633 0.00424701 0.019901 0.0013195 1.33226e-05 0.155414 0.552827 0.000425773 
0.00853142 0.00493153 0.0936367 1.25994e-11 0.00144618 9.98687e-05 7.85614e-08 8.32526e-08 8.39407e-07 0.0437885 0.000395474 0.0443911 0.191683 2.56034e-07 0.215008 0.000981347 6.14123e-08 3.93059e-07 0.395104 1.39571e-11 
0.259363 0.000293392 0.00409897 0.00199392 0.103971 0.000176849 0.000373169 0.000392124 0.0718406 0.00430625 0.000610909 0.0146614 0.00109525 0.000272633 0.0221323 1.74248e-05 0.0142057 0.0931258 0.40705 1.92058e-05 
0.00908922 0.00490267 0.128764 3.0316e-08 0.0022084 0.0017406 4.9309e-05 0.00605215 0.00748076 0.0635597 0.00258385 0.0198834 0.238205 0.0553977 0.0567167 0.0018685 0.00692914 0.02763 0.366938 3.87141e-08 
0.0284519 0.00117264 0.0165875 0.00163134 0.0359199 1.11612e-05 0.00027708 0.000275499 0.0222008 0.030338 9.05986e-05 0.363593 0.0323186 0.000334611 0.0416821 0.00131018 7.08003e-05 0.024997 0.393785 0.00495225 
0.0217448 0.0029719 0.0707635 0.000647605 0.0241745 8.99222e-05 0.00182974 0.00952593 0.0571864 0.0241775 0.00431468 0.149492 0.00564637 0.00151719 0.169435 0.00376186 0.00141085 0.08726 0.363469 0.000581706 
0.201765 0.000321783 0.0610537 1.79692e-07 0.00413428 1.17488e-05 0.000659333 0.000306012 0.00492359 0.047404 0.0438662 0.0107039 0.120592 0.0678583 0.012809 1.897e-05 0.00780271 0.000282361 0.415487 1.17958e-09 
0.0121333 0.0107225 0.0358152 3.07872e-05 0.0105964 9.10502e-05 6.07826e-06 0.00149467 0.00285685 0.0414366 0.00153479 0.0211643 0.0149587 0.000113744 0.0709043 0.000286236 4.04002e-06 0.195826 0.580024 6.03805e-07 
0.00994812 0.00114727 0.0864826 3.1754e-06 0.00278302 0.000678082 5.73128e-05 0.0073294 0.0240753 0.0920106 0.135759 0.0260591 0.101832 0.0171006 0.07334 0.00944286 3.0534e-05 0.046133 0.365788 6.41456e-10 
0.0272825 0.00458272 0.00713712 5.27033e-08 0.00176671 1.51177e-11 0.000511263 0.000435824 0.00333159 0.00612057 0.000268187 0.383923 0.01256 0.000971755 0.0238024 0.00012427 1.6202e-05 0.00178452 0.525381 2.11709e-11 
0.0272825 0.00458272 0.00713712 5.27033e-08 0.00176671 1.51177e-11 0.000511263 0.000435824 0.00333159 0.00612057 0.000268187 0.383923 0.01256 0.000971755 0.0238024 0.00012427 1.6202e-05 0.00178452 0.525381 2.11709e-11 
0.0287479 0.00194375 0.0611516 9.5226e-05 0.00375048 0.00042154 0.00654285 0.0718397 0.00396288 0.0682058 0.00211102 0.0459675 0.0327247 0.00172606 0.0941918 0.00123297 0.000224112 0.0194312 0.555729 3.60429e-08 
0.00410933 0.00100765 0.0686134 1.06181e-06 0.0137727 0.000221882 0.000163041 0.000161396 0.129961 0.0138003 6.58776e-05 0.030238 0.0677711 0.000514259 0.0820855 0.00030881 8.26167e-05 0.199207 0.383749 0.00416604 
0.145807 0.0863392 0.00275774 0.00141804 9.69531e-06 1.14546e-08 0.0171386 0.00149673 0.0104876 0.058205 6.31207e-08 0.187346 0.00988794 0.00227231 0.0097378 0.000761173 0.00010602 0.0174103 0.448818 1.51424e-11 
0.0541718 0.0059976 0.0110586 0.00509151 0.0211019 7.23964e-06 0.000300945 0.00523901 0.0434769 0.00614927 0.00166085 0.224229 0.00357988 0.00486148 0.0529924 0.000930048 0.00204022 0.15116 0.405935 1.60168e-05 
0.137755 1.23062e-05 0.0015577 0.000273071 0.00202969 1.03362e-11 7.57862e-06 2.11305e-05 0.00679217 9.83634e-06 3.82901e-05 0.121332 4.06224e-07 0.000195215 0.061103 7.51379e-06 0.00283537 0.00654058 0.659489 1.44749e-11 
0.200639 0.000301922 0.00163234 0.0040308 0.00465765 1.11902e-06 0.0022119 0.000200497 0.176442 0.00454719 3.75151e-05 0.079684 0.015191 0.00390877 0.053318 3.6349e-05 0.00324882 0.00370483 0.446206 1.91162e-08 
0.0229164 0.00013515 0.00261511 1.52315e-05 0.000201847 4.75023e-09 0.000196547 0.000692101 0.00436986 0.00155666 6.59027e-07 0.0559326 1.6849e-05 2.32441e-05 0.111762 1.19941e-05 1.5329e-05 0.00128176 0.798257 1.3155e-11 
0.0206127 0.0092188 0.0397273 0.00523757 0.0238194 0.00012562 0.00560369 0.00987999 0.151332 0.0282909 0.000349513 0.0664448 0.0220138 0.00196819 0.104533 0.00217322 0.00538045 0.12734 0.37592 2.96187e-05 
0.201485 0.000849936 0.11715 0.00244293 0.00182897 8.56982e-05 0.000604785 0.0187207 0.0218873 0.0154573 0.00181946 0.0429567 0.00312233 0.1332 0.0241577 0.000515927 0.143538 0.013518 0.256659 2.38373e-11 
0.0506469 0.00755454 0.00207321 0.000140445 0.000592391 5.50542e-09 0.000534148 0.000161979 0.00399518 0.0289683 4.68079e-05 0.167478 0.00135757 1.02712e-05 0.26322 0.00232801 1.16161e-05 0.0126374 0.458243 1.21199e-11 
0.0438098 0.0162097 0.0764922 3.80203e-08 0.000402969 0.00017296 0.000714504 0.0144875 0.00163905 0.0559982 0.0622386 0.136148 0.161816 0.000153828 0.17492 2.27784e-07 0.000501981 0.00346002 0.250834 7.27407e-11 
0.0213594 0.0101791 0.0287927 2.0324e-06 0.00273154 3.59885e-06 0.000314016 0.0267032 0.000739931 0.080202 0.00047246 0.211392 0.00749394 1.10784e-08 0.0733988 0.00489823 0.0319021 0.0161399 0.483276 2.30096e-08 
0.00705874 0.000589562 0.00481781 8.50362e-07 0.010529 1.55021e-05 4.21771e-05 2.92498e-05 0.000947861 0.00152177 0.000230903 0.00805671 0.0549832 0.00101399 0.00523926 9.93604e-05 0.000117753 0.370965 0.533741 2.48786e-10 
0.0329377 0.00229382 0.0124522 0.00113407 0.00173145 0.000175357 0.000216171 0.0306382 0.00185001 0.055709 0.000551462 0.159582 0.00520699 0.000117347 0.0999118 0.00528891 5.42722e-05 0.0149384 0.575211 2.13784e-11 
0.0209134 0.00203883 0.111912 0.00159224 0.00451155 0.00213188 0.0185098 0.00368423 0.0592923 0.0631037 0.011255 0.0497989 0.0487393 0.00156118 0.0347498 0.00757409 0.00447914 0.234002 0.320147 4.46017e-06 
0.0975534 0.000618176 8.55932e-05 1.48015e-05 5.78859e-05 1.54339e-09 0.000600246 1.69917e-05 0.000169096 0.000349532 6.04783e-13 0.172603 0.000830154 1.38734e-09 0.0124667 2.62523e-13 1.09243e-05 0.0018761 0.712748 1.02873e-12 
0.0408316 0.00696633 0.00454218 0.000428647 0.00588186 5.49804e-06 0.000620776 0.00439941 0.00771569 0.00558676 0.000744339 0.0502213 0.29063 0.00333971 0.0927642 0.000118647 0.00148201 0.00197843 0.481743 1.84686e-07 
0.0172746 0.00074747 0.0274865 0.000233296 0.0119797 5.52641e-05 0.0017594 0.0327393 0.0929649 0.0164444 0.000304467 0.00851953 0.024056 0.00157162 0.140824 0.000791363 0.00417038 0.162105 0.455972 2.55283e-07 
0.0842225 0.00262097 0.0401788 0.000456555 0.0618265 0.0002707 0.00138482 0.00612533 0.00196621 0.0751723 0.0040323 0.171531 0.00329108 0.000238783 0.00310329 0.000598232 0.0236626 0.195588 0.323709 2.12274e-05 
0.0891509 0.00799356 0.0501077 0.00220564 0.0112161 3.73222e-06 0.000230719 0.00626425 0.17224 0.0398435 0.000355615 0.111071 0.0150173 0.0033196 0.137162 0.00730903 0.0272803 0.145 0.174229 7.72737e-11 
0.0271277 0.0600334 0.234487 0.000129075 0.00849044 0.0723977 8.43901e-05 0.000160593 0.0016191 0.0392477 0.000747263 0.0200139 0.123882 0.00167927 0.00903822 0.000455428 7.44409e-05 0.0384206 0.360312 0.00159994 
0.0332812 0.00155097 0.0332282 7.14393e-05 0.00835049 2.09754e-05 0.000269797 0.00581188 0.0423412 0.00563919 0.000317205 0.0804644 0.00230926 0.000187095 0.249705 0.00197266 0.00176606 0.114245 0.418468 9.93741e-08 
0.14363 0.0102875 0.157124 6.32049e-07 3.44713e-07 1.38938e-09 0.00012473 0.0162066 0.00671511 0.0958333 0.163544 0.0708114 0.0139193 0.0433434 5.29352e-07 0.000469109 2.9581e-07 2.28026e-08 0.224324 0.0536656 
0.0424606 0.00517396 0.0436009 1.53014e-11 0.0115646 7.65998e-05 7.31063e-06 0.010187 0.0310203 0.0479182 0.00295894 0.117455 0.0170708 0.000511221 0.202022 0.0073437 3.18191e-05 0.195227 0.26537 3.73316e-08 
0.035065 0.0193783 0.0414493 7.87026e-05 0.0235339 0.000209937 0.00342354 0.0277445 0.0428793 0.0592807 0.000728071 0.119428 0.0133264 0.000237622 0.137887 0.00256368 0.0026847 0.11205 0.358005 4.62091e-05 
0.0832644 0.00121736 0.0855664 0.0038901 0.168853 0.0413088 0.000581713 0.00664151 0.0152128 0.0303412 0.0222082 0.0361547 0.0196617 0.00353054 0.0201715 0.0465937 0.00125764 0.0945662 0.318484 0.000494473 
0.189768 0.0142225 0.0195326 8.26668e-06 0.00322836 0.000116343 0.0214166 0.0289457 0.0164658 0.291428 0.0204316 0.00458197 0.0220552 0.000436818 0.0192454 0.00153805 0.000206046 0.0353419 0.311029 1.85174e-06 
