0.0107866 2.55599e-06 0.091227 9.18841e-06 0.0337184 1.09163e-09 8.43534e-10 0.0040934 0.818421 0.0364665 8.98722e-10 4.18009e-07 5.21343e-07 7.36033e-10 1.44825e-10 1.21419e-05 2.52279e-05 0.00523617 1.05774e-10 7.31976e-07 
1.08216e-07 4.03592e-07 0.0090199 1.37724e-10 2.55162e-11 2.61573e-07 2.44217e-07 1.42732e-07 2.0113e-11 0.000801418 0.0168313 1.24587e-07 0.970558 4.11423e-07 0.00203907 3.34865e-07 0.00074827 1.69631e-08 1.05561e-11 1.52565e-10 
2.1702e-07 3.89034e-07 0.0194749 0.000146274 0.000884157 0.00194534 0.333309 2.08796e-07 0.0193173 0.00334672 0.000942558 0.247817 0.000134897 0.00115744 0.329184 0.00474095 3.31258e-07 0.0375962 1.31272e-07 1.89725e-06 
0.00234712 0.00168998 0.00515195 5.32573e-06 0.0010787 4.2128e-06 0.000571313 6.49265e-07 0.00022195 0.000361359 3.46834e-06 0.00127251 0.00267217 2.84049e-06 0.00194031 1.50553e-06 1.03007e-06 0.000557868 4.082e-07 0.982115 
1.82605e-09 0.935637 1.81732e-07 2.39783e-11 4.44248e-12 1.89674e-11 1.58307e-07 4.58974e-08 1.56883e-07 0.0634888 1.56157e-11 0.000275773 4.64046e-12 1.27889e-11 1.69105e-07 0.000596886 4.1786e-09 4.11388e-07 1.83786e-12 2.65622e-11 
0.0509101 0.115809 0.0448926 4.88731e-09 0.131456 3.86599e-09 2.98737e-09 5.95817e-10 7.13738e-10 0.0557019 3.18282e-09 0.336453 4.71279e-06 0.00159785 5.20587e-07 6.88408e-06 8.25033e-07 0.263166 3.74597e-10 5.41397e-09 
1.82605e-09 0.935637 1.81732e-07 2.39783e-11 4.44248e-12 1.89674e-11 1.58307e-07 4.58974e-08 1.56883e-07 0.0634888 1.56157e-11 0.000275773 4.64046e-12 1.27889e-11 1.69105e-07 0.000596886 4.1786e-09 4.11388e-07 1.83786e-12 2.65622e-11 
0.632892 0.0119959 0.0460532 2.47064e-08 0.00111792 1.95434e-08 7.59069e-05 1.61232e-05 2.86198e-07 0.0959527 0.000894286 2.17174e-05 0.0276019 1.31772e-08 2.59281e-09 1.86025e-05 4.77857e-09 0.181282 1.89367e-09 0.00207678 
0.324714 0.0226314 0.48553 5.95385e-08 1.10308e-08 9.07756e-06 3.22158e-05 1.4827e-05 1.58327e-06 0.0980771 6.23432e-06 9.46356e-05 0.0381721 0.00146111 0.00150349 0.000140993 1.15156e-08 0.0276112 4.56344e-09 6.59545e-08 
0.0107866 2.55599e-06 0.091227 9.18841e-06 0.0337184 1.09163e-09 8.43534e-10 0.0040934 0.818421 0.0364665 8.98722e-10 4.18009e-07 5.21343e-07 7.36033e-10 1.44825e-10 1.21419e-05 2.52279e-05 0.00523617 1.05774e-10 7.31976e-07 
0.0107866 2.55599e-06 0.091227 9.18841e-06 0.0337184 1.09163e-09 8.43534e-10 0.0040934 0.818421 0.0364665 8.98722e-10 4.18009e-07 5.21343e-07 7.36033e-10 1.44825e-10 1.21419e-05 2.52279e-05 0.00523617 1.05774e-10 7.31976e-07 
0.13244 4.80349e-05 0.000451333 6.66626e-08 0.000500048 5.27319e-08 3.92705e-06 2.94673e-05 6.23507e-08 0.016936 0.793962 0.0320762 0.00031415 3.55547e-08 6.99591e-09 0.000133644 1.28935e-08 0.023105 5.10947e-09 7.38462e-08 
0.61067 0.000160489 0.000815737 1.33003e-06 0.0991384 4.58751e-05 6.30401e-05 4.24813e-05 0.00607666 0.0105503 3.82097e-07 0.195749 0.00369852 5.98267e-05 6.15734e-08 0.0657707 0.00617463 0.000982121 4.49702e-08 6.49946e-07 
0.0413707 0.000730275 0.00382973 5.29914e-07 2.5327e-05 4.19176e-07 0.00042933 6.46024e-08 7.73881e-08 0.000792644 0.819181 0.0537524 0.0789713 3.4371e-05 0.000144258 1.56243e-05 3.03683e-05 0.000672469 4.06162e-08 1.86525e-05 
1.88951e-05 0.14295 0.0013745 1.96869e-08 0.0112479 4.0082e-07 1.20336e-08 0.000101758 2.87506e-09 0.763547 6.56822e-08 0.0754559 0.00529199 1.05001e-08 7.25123e-06 3.63104e-06 1.60802e-07 6.53461e-09 1.50894e-09 2.18084e-08 
0.00996708 0.0230119 0.0219323 7.97138e-05 0.92413 2.38149e-08 1.84025e-08 8.03417e-06 1.10987e-07 0.000263897 1.96065e-08 6.86209e-06 3.8196e-06 1.60573e-08 3.22022e-06 8.68079e-05 5.82299e-09 0.0132244 2.30755e-09 0.00728176 
5.14249e-06 0.0518623 7.99435e-06 1.16038e-08 0.0641039 9.1789e-09 1.23188e-06 1.41463e-09 1.6946e-09 0.0710392 6.53213e-06 9.39358e-06 0.750497 6.18891e-09 0.00265838 3.28027e-09 0.00251972 0.0572887 8.89393e-10 1.28542e-08 
0.000190867 2.61558e-07 0.887885 1.15149e-06 0.0656646 0.000122749 7.03846e-07 6.00034e-06 3.28862e-05 0.0011621 0.00100382 3.53235e-05 0.00122235 6.14148e-07 6.37399e-05 3.25514e-07 2.22714e-07 0.0426056 8.82577e-08 1.27557e-06 
1.53163e-05 0.0554233 0.676047 2.32447e-09 4.30657e-10 1.83872e-09 1.42083e-09 2.83378e-10 2.34263e-06 2.37467e-05 7.97785e-05 0.0896402 0.154562 0.0013775 1.30268e-05 0.0228082 9.44576e-07 4.02129e-06 1.78163e-10 2.06254e-06 
3.99109e-05 3.89834e-08 0.0629367 1.71621e-07 3.17965e-08 1.35757e-07 1.04904e-07 0.00010199 2.50634e-08 0.0343528 0.0247872 1.52047e-05 0.875686 9.15347e-08 1.80108e-08 0.00202971 1.78538e-05 3.18492e-05 1.31542e-08 1.90115e-07 
0.0107866 2.55599e-06 0.091227 9.18841e-06 0.0337184 1.09163e-09 8.43534e-10 0.0040934 0.818421 0.0364665 8.98722e-10 4.18009e-07 5.21343e-07 7.36033e-10 1.44825e-10 1.21419e-05 2.52279e-05 0.00523617 1.05774e-10 7.31976e-07 
4.70321e-11 8.43107e-11 2.6678e-06 3.71171e-10 6.13095e-08 5.56578e-08 0.00146462 0.139547 0.108737 0.522959 2.58531e-07 0.000478758 0.00676748 3.98378e-07 2.33007e-06 0.21048 7.17898e-11 0.00955897 2.84491e-11 4.11169e-10 
0.712085 5.86984e-05 3.37822e-09 2.28665e-08 4.23651e-09 1.8088e-08 7.68885e-05 3.54063e-05 3.33941e-09 9.3811e-05 1.48917e-08 0.00022607 0.28689 1.46473e-05 3.38386e-05 0.000336789 8.88963e-07 0.000147415 1.75265e-09 2.53307e-08 
0.0107866 2.55599e-06 0.091227 9.18841e-06 0.0337184 1.09163e-09 8.43534e-10 0.0040934 0.818421 0.0364665 8.98722e-10 4.18009e-07 5.21343e-07 7.36033e-10 1.44825e-10 1.21419e-05 2.52279e-05 0.00523617 1.05774e-10 7.31976e-07 
0.123836 0.0136126 0.530189 3.63668e-06 1.87915e-06 7.56828e-10 0.0530196 1.1664e-10 5.31095e-07 0.0570446 2.43066e-06 6.72076e-06 0.106891 5.10294e-10 2.07855e-06 8.81756e-06 2.9627e-07 0.115381 7.33331e-11 1.05987e-09 
0.150113 6.9702e-05 0.0103266 0.000143469 0.0511919 4.44304e-06 8.9711e-06 0.00387237 8.20272e-07 0.0857319 0.000123136 0.0148659 1.08701e-06 2.99574e-06 0.000272969 0.00217408 1.08637e-06 0.681089 4.3051e-07 6.22208e-06 
2.73121e-10 4.89603e-10 8.02735e-05 2.15544e-09 0.115203 0.000113226 0.000127288 2.62771e-10 3.14777e-10 5.89958e-07 0.000196953 0.00527103 0.874749 1.14961e-09 0.00010874 6.0932e-10 0.00012851 0.00402096 1.65207e-10 2.38771e-09 
0.00888911 0.2534 0.386702 0.000588793 1.88686e-09 8.05605e-09 1.76681e-06 6.75998e-07 0.000173835 0.326785 2.50766e-06 0.00720958 3.33104e-05 2.28225e-07 9.85365e-06 6.51238e-06 1.96979e-09 0.0161968 7.80594e-10 1.12818e-08 
0.000573017 0.0478493 0.843945 0.000414241 0.00348636 3.06944e-10 0.000113289 4.75881e-05 0.000978365 0.0871997 2.97421e-08 0.00628126 7.37587e-05 9.92457e-08 1.74143e-05 0.00151674 7.50511e-11 0.007504 2.97415e-11 4.29848e-10 
0.0335976 0.00287837 0.000601796 4.53944e-08 3.75216e-06 3.59081e-08 0.0358623 4.17685e-06 4.47024e-05 0.00297695 0.905162 0.0175745 0.000699472 4.95475e-06 4.76391e-09 1.28325e-08 0.000175891 0.000411176 3.47933e-09 2.49022e-06 
0.000573017 0.0478493 0.843945 0.000414241 0.00348636 3.06944e-10 0.000113289 4.75881e-05 0.000978365 0.0871997 2.97421e-08 0.00628126 7.37587e-05 9.92457e-08 1.74143e-05 0.00151674 7.50511e-11 0.007504 2.97415e-11 4.29848e-10 
8.50976e-13 0.986055 6.10593e-09 1.79088e-10 1.24424e-12 5.31236e-12 5.32175e-09 1.54259e-09 1.15838e-05 0.0126616 4.3736e-12 5.32859e-08 1.29969e-12 3.58188e-12 3.32824e-05 0.00104207 1.41518e-10 0.000196586 5.14744e-13 7.43949e-12 
0.0613896 2.11564e-06 0.0773776 1.45507e-09 7.01186e-07 1.151e-09 0.445183 1.77389e-10 4.73892e-06 0.0781398 0.0197105 3.69158e-06 0.17523 7.76067e-10 5.95557e-06 3.62016e-06 2.81432e-10 0.142949 1.11527e-10 1.61187e-09 
8.50976e-13 0.986055 6.10593e-09 1.79088e-10 1.24424e-12 5.31236e-12 5.32175e-09 1.54259e-09 1.15838e-05 0.0126616 4.3736e-12 5.32859e-08 1.29969e-12 3.58188e-12 3.32824e-05 0.00104207 1.41518e-10 0.000196586 5.14744e-13 7.43949e-12 
0.809903 0.00168467 0.000835913 7.93389e-06 0.0250171 6.33249e-07 5.90415e-05 1.15271e-05 0.000829904 0.00437595 5.21346e-07 0.0612446 0.0951777 5.67997e-05 4.28618e-05 0.000266254 0.000466451 1.85058e-05 6.13589e-08 8.86809e-07 
0.0166537 0.827058 0.000716816 3.98524e-07 0.00266803 3.15243e-07 2.43598e-07 4.85845e-08 0.00476323 0.0190432 2.59536e-07 0.0868925 0.0142611 0.000372128 0.000701426 0.00025202 7.70802e-08 0.0130707 3.05456e-08 0.0135461 
0.066538 0.0112216 0.427274 6.97206e-06 0.00993263 1.84997e-09 1.42953e-09 0.00587595 0.0120243 0.326495 1.52305e-09 0.000159316 0.0741757 1.24735e-09 2.45434e-10 0.0111812 4.52336e-10 0.0544788 1.79253e-10 0.000636917 
8.75517e-06 1.29698e-09 2.68257e-05 5.70983e-09 1.05787e-09 4.56181e-07 3.49014e-09 5.77825e-06 8.33858e-10 0.297093 7.44068e-06 2.34071e-06 0.686038 1.03572e-05 0.0136133 2.79259e-05 1.2159e-06 0.00316411 4.37641e-10 6.32513e-09 
0.000689358 0.000751736 0.387137 0.00330945 0.00396883 1.27694e-07 0.000394793 1.96799e-08 2.35749e-08 0.000150296 1.05129e-07 0.000613752 0.602775 8.60985e-08 1.69411e-08 4.56343e-08 3.12226e-08 0.000209193 1.2373e-08 1.78825e-07 
0.000144394 0.00446066 0.902397 2.45402e-06 5.47848e-06 0.00178611 2.78107e-05 3.73955e-05 0.0108301 0.00121354 0.00231848 0.00479983 0.0713214 0.000171965 0.000178237 8.83041e-05 5.71929e-06 0.000208173 1.88093e-07 2.71847e-06 
0.0874052 0.00642396 0.0641159 6.37153e-05 0.00877255 1.94027e-06 1.4993e-06 2.67958e-05 3.58211e-07 0.00263148 0.000657796 9.57709e-05 0.82298 1.30823e-06 5.78785e-05 5.14363e-05 4.74415e-07 0.00670944 1.88003e-07 2.71717e-06 
0.0107866 2.55599e-06 0.091227 9.18841e-06 0.0337184 1.09163e-09 8.43534e-10 0.0040934 0.818421 0.0364665 8.98722e-10 4.18009e-07 5.21343e-07 7.36033e-10 1.44825e-10 1.21419e-05 2.52279e-05 0.00523617 1.05774e-10 7.31976e-07 
0.00133327 0.133364 0.0187962 9.39497e-09 0.0172657 7.43167e-09 5.74268e-09 1.37495e-06 1.15237e-06 0.687097 6.1184e-09 0.0130898 0.026093 0.000265517 2.23573e-06 9.89585e-06 1.81712e-09 0.102674 7.20094e-10 5.9901e-06 
6.34378e-06 0.311062 5.12243e-06 1.62016e-09 2.07146e-06 1.28159e-09 9.90321e-10 1.97515e-10 3.71495e-06 0.0173611 1.90026e-06 9.38853e-06 0.649148 8.64114e-10 0.0191327 9.16463e-07 5.01693e-07 0.00326684 1.2418e-10 1.79474e-09 
0.898942 1.63898e-07 0.000309242 7.14405e-09 0.00323816 5.65113e-09 4.3668e-09 8.70938e-10 7.51287e-06 2.91757e-05 4.6525e-09 9.13837e-06 0.0010397 3.8103e-09 7.94791e-06 1.0118e-06 1.38176e-09 0.0964155 5.47568e-10 7.9139e-09 
1.08216e-07 4.03592e-07 0.0090199 1.37724e-10 2.55162e-11 2.61573e-07 2.44217e-07 1.42732e-07 2.0113e-11 0.000801418 0.0168313 1.24587e-07 0.970558 4.11423e-07 0.00203907 3.34865e-07 0.00074827 1.69631e-08 1.05561e-11 1.52565e-10 
7.52386e-05 0.171794 0.363799 1.81023e-08 1.37541e-05 1.43194e-08 0.000221312 6.64264e-07 2.64364e-09 0.172575 3.06631e-05 0.291353 9.31911e-05 9.65489e-09 1.89974e-09 4.61072e-06 3.50124e-09 3.92921e-05 1.38748e-09 2.0053e-08 
0.518107 0.0177297 0.0271071 0.00192837 0.0565319 1.05553e-08 0.000534739 9.9852e-05 0.00149522 0.0279 7.82757e-06 0.00850688 5.93774e-07 7.11694e-09 1.40036e-09 0.00104276 2.58088e-09 0.232252 1.02276e-09 0.106756 
1.49128e-05 3.95614e-05 2.18179e-05 2.40305e-05 5.8589e-05 4.37045e-05 1.87626e-05 1.30453e-06 0.242123 1.7537e-05 2.05715e-06 0.341925 0.357578 2.33958e-06 4.53171e-05 0.0183807 6.10959e-07 0.0396962 2.68999e-07 7.19077e-06 
6.70153e-07 0.110199 0.014533 5.23588e-10 1.22237e-06 1.66083e-07 3.20043e-10 3.76667e-07 1.56759e-06 9.41426e-06 3.40982e-10 6.77151e-07 6.38472e-07 2.79257e-10 0.00588609 0.75523 7.09898e-08 0.114137 4.01313e-11 5.8001e-10 
1.72522e-05 0.0053831 0.919586 6.54442e-07 0.000219805 2.14737e-10 0.000884856 3.30948e-11 2.80062e-05 0.0676302 1.76791e-10 0.000377317 0.000785037 1.44788e-10 1.83357e-08 8.8446e-08 5.25056e-11 0.00508746 2.08071e-11 3.00721e-10 
9.59468e-09 0.0868578 3.19957e-06 7.57199e-08 1.30039e-05 5.98965e-08 0.000968469 3.44102e-06 6.35394e-06 2.99271e-05 4.9312e-08 2.52657e-06 7.16213e-05 6.74655e-06 7.94643e-09 0.911968 5.95405e-07 6.82961e-05 5.80369e-09 8.38796e-08 
1.90346e-05 0.0888748 0.0600206 4.05735e-05 1.30197e-07 9.92412e-05 0.00515007 1.26931e-05 0.000328838 0.107399 9.45827e-05 1.06156e-05 0.71186 3.74808e-07 0.0122436 0.0126223 1.3592e-07 0.00122272 5.38627e-08 7.78468e-07 
0.0401483 0.0205125 0.00297 8.78851e-07 0.00022492 5.6677e-06 0.00201828 3.36448e-08 0.000851477 0.023589 8.74467e-06 0.0348728 0.791727 2.15134e-06 0.00229008 2.06023e-05 0.000864956 0.0798437 2.11528e-08 4.8724e-05 
6.74765e-06 2.94316e-05 0.103466 5.92995e-10 1.09865e-10 4.69075e-10 2.00087e-05 6.51356e-08 6.9289e-07 0.1284 1.5065e-06 0.000815062 0.679248 3.16276e-10 4.83549e-06 2.64879e-06 0.00281611 0.0234984 4.54512e-11 0.0616901 
0.0107866 2.55599e-06 0.091227 9.18841e-06 0.0337184 1.09163e-09 8.43534e-10 0.0040934 0.818421 0.0364665 8.98722e-10 4.18009e-07 5.21343e-07 7.36033e-10 1.44825e-10 1.21419e-05 2.52279e-05 0.00523617 1.05774e-10 7.31976e-07 
0.285819 0.00124543 0.341099 2.50932e-08 2.04605e-05 1.98494e-08 0.000846689 2.75629e-06 3.66459e-09 0.000180505 6.37492e-05 1.27694e-05 0.000530306 1.33835e-08 0.368519 0.000112086 0.000108235 6.58471e-05 1.92332e-09 0.00137322 
1.09948e-06 1.97095e-06 0.000732776 8.67693e-06 1.60758e-06 6.86368e-06 5.30378e-06 0.000109785 1.26717e-06 0.998363 5.65078e-06 3.97326e-05 0.000382588 4.62786e-06 9.106e-07 2.45288e-06 1.35746e-05 0.000307417 6.65059e-07 9.61196e-06 
9.59468e-09 0.0868578 3.19957e-06 7.57199e-08 1.30039e-05 5.98965e-08 0.000968469 3.44102e-06 6.35394e-06 2.99271e-05 4.9312e-08 2.52657e-06 7.16213e-05 6.74655e-06 7.94643e-09 0.911968 5.95405e-07 6.82961e-05 5.80369e-09 8.38796e-08 
0.00346211 0.41651 9.98611e-05 9.16831e-07 1.69862e-07 1.72396e-05 5.60413e-07 0.000124209 1.33893e-07 0.245382 3.68531e-05 0.000233659 0.332529 4.88994e-07 9.62168e-08 2.59179e-07 0.000820524 0.000780504 7.02721e-08 1.01563e-06 
8.50976e-13 0.986055 6.10593e-09 1.79088e-10 1.24424e-12 5.31236e-12 5.32175e-09 1.54259e-09 1.15838e-05 0.0126616 4.3736e-12 5.32859e-08 1.29969e-12 3.58188e-12 3.32824e-05 0.00104207 1.41518e-10 0.000196586 5.14744e-13 7.43949e-12 
0.533947 0.0012496 7.07793e-10 4.79092e-09 8.87619e-10 3.78975e-09 0.000804961 0.000846213 6.99661e-10 0.0310668 3.12005e-09 0.307848 0.0631103 3.58563e-05 0.000897117 0.0328021 9.26632e-10 0.0273922 3.67209e-10 5.3072e-09 
0.173942 0.484985 0.0684114 4.58617e-08 1.16604e-10 4.97846e-10 5.40562e-06 7.67268e-11 0.0113813 0.00252467 4.09871e-10 0.0189655 0.00219251 3.35675e-10 0.00846868 1.77916e-10 2.59845e-06 0.229117 4.8239e-11 3.63343e-06 
0.0513793 0.000340564 0.0183621 1.29195e-09 3.82519e-07 4.95648e-07 0.00291363 0.000424837 5.77737e-07 0.281297 0.0584308 0.00836586 0.247134 0.000406385 0.0884566 0.242486 1.66049e-07 1.71962e-06 9.90242e-11 1.43118e-09 
2.89809e-05 0.0325479 0.08465 5.77544e-09 4.537e-05 1.83198e-06 4.94586e-06 7.0409e-10 8.43439e-10 4.40933e-06 7.56002e-07 0.109047 0.0578672 3.08035e-09 0.252505 0.00206124 8.94759e-07 0.461234 4.42669e-10 6.39781e-09 
0.000548734 1.63673e-06 0.0052172 7.20555e-06 1.33498e-06 5.69978e-06 4.4044e-06 8.78435e-07 1.05229e-06 0.000492379 0.00516651 0.0030048 1.39447e-06 3.8431e-06 7.56186e-07 2.03694e-06 1.39366e-06 0.98553 5.52282e-07 7.98203e-06 
4.09331e-05 0.000160507 0.00732782 2.24317e-08 4.16009e-06 1.7744e-08 1.37114e-08 2.98106e-05 3.2759e-09 0.942267 6.13701e-05 1.72802e-05 0.0500394 1.1964e-08 4.23972e-06 6.34121e-09 4.3386e-09 4.72359e-05 1.71931e-09 2.48489e-08 
0.000280706 0.00548832 9.67486e-05 5.03362e-07 0.00124976 3.98173e-07 3.0768e-07 6.13654e-08 0.000669019 0.00118095 3.27811e-07 0.00184264 0.00133468 0.00123523 5.28253e-08 1.42296e-07 9.73574e-08 0.986619 3.85811e-08 5.57605e-07 
0.0107866 2.55599e-06 0.091227 9.18841e-06 0.0337184 1.09163e-09 8.43534e-10 0.0040934 0.818421 0.0364665 8.98722e-10 4.18009e-07 5.21343e-07 7.36033e-10 1.44825e-10 1.21419e-05 2.52279e-05 0.00523617 1.05774e-10 7.31976e-07 
0.0107866 2.55599e-06 0.091227 9.18841e-06 0.0337184 1.09163e-09 8.43534e-10 0.0040934 0.818421 0.0364665 8.98722e-10 4.18009e-07 5.21343e-07 7.36033e-10 1.44825e-10 1.21419e-05 2.52279e-05 0.00523617 1.05774e-10 7.31976e-07 
0.000654415 0.0699247 0.0312464 5.50256e-07 3.16072e-06 4.35267e-07 9.41148e-06 1.83986e-07 0.0453141 0.000117293 0.649887 0.173499 0.00805256 6.05823e-06 0.000419939 1.55552e-07 3.55234e-06 0.0208561 4.21753e-08 5.87251e-06 
0.898942 1.63898e-07 0.000309242 7.14405e-09 0.00323816 5.65113e-09 4.3668e-09 8.70938e-10 7.51287e-06 2.91757e-05 4.6525e-09 9.13837e-06 0.0010397 3.8103e-09 7.94791e-06 1.0118e-06 1.38176e-09 0.0964155 5.47568e-10 7.9139e-09 
0.0107866 2.55599e-06 0.091227 9.18841e-06 0.0337184 1.09163e-09 8.43534e-10 0.0040934 0.818421 0.0364665 8.98722e-10 4.18009e-07 5.21343e-07 7.36033e-10 1.44825e-10 1.21419e-05 2.52279e-05 0.00523617 1.05774e-10 7.31976e-07 
1.72522e-05 0.0053831 0.919586 6.54442e-07 0.000219805 2.14737e-10 0.000884856 3.30948e-11 2.80062e-05 0.0676302 1.76791e-10 0.000377317 0.000785037 1.44788e-10 1.83357e-08 8.8446e-08 5.25056e-11 0.00508746 2.08071e-11 3.00721e-10 
1.27618e-09 0.293018 1.43032e-06 1.00714e-08 1.86594e-09 7.96676e-09 0.000376861 0.000895991 1.47082e-09 0.703848 6.55893e-09 3.03672e-07 2.42703e-06 3.01065e-06 1.05694e-09 0.00185346 2.62207e-07 5.27936e-07 7.71942e-10 1.11567e-08 
0.0107866 2.55599e-06 0.091227 9.18841e-06 0.0337184 1.09163e-09 8.43534e-10 0.0040934 0.818421 0.0364665 8.98722e-10 4.18009e-07 5.21343e-07 7.36033e-10 1.44825e-10 1.21419e-05 2.52279e-05 0.00523617 1.05774e-10 7.31976e-07 
2.54474e-05 0.00657279 0.0131394 1.02204e-06 0.0201081 8.08458e-07 0.000296878 1.24597e-07 2.37172e-05 0.131285 3.82007e-05 6.43181e-06 0.824822 0.00011706 1.07258e-07 1.55124e-05 0.000171638 0.00337411 7.83358e-08 1.13217e-06 
0.0100431 0.187383 0.0572894 3.34434e-09 0.0217557 2.64546e-09 0.0235775 4.07711e-10 2.05178e-06 0.219421 2.17797e-09 0.373198 0.10732 2.67734e-06 4.14181e-06 9.45411e-10 6.46842e-10 3.40214e-06 2.56333e-10 3.70472e-09 
0.95147 0.0133572 0.00229385 0.00021336 0.00115997 3.2611e-06 2.51995e-06 8.09435e-06 6.02063e-07 9.30667e-05 2.68482e-06 0.00167061 0.0255093 0.000831298 4.32649e-07 5.15566e-06 7.97374e-07 0.00334319 3.15986e-07 3.4037e-05 
5.51271e-11 9.62116e-05 6.42735e-11 4.35056e-10 8.06032e-11 3.44141e-10 2.65928e-10 1.18599e-05 6.35351e-11 0.159613 2.83327e-10 1.84193e-08 8.41954e-11 0.840278 4.10075e-08 1.22986e-10 8.4146e-11 2.22973e-07 3.33456e-11 4.81938e-10 
0.0107866 2.55599e-06 0.091227 9.18841e-06 0.0337184 1.09163e-09 8.43534e-10 0.0040934 0.818421 0.0364665 8.98722e-10 4.18009e-07 5.21343e-07 7.36033e-10 1.44825e-10 1.21419e-05 2.52279e-05 0.00523617 1.05774e-10 7.31976e-07 
5.81605e-08 0.129567 0.00398789 1.35574e-10 0.00107624 2.21125e-08 8.28695e-11 0.000533984 3.67605e-08 0.860353 1.34569e-06 0.00011364 2.62373e-11 7.23086e-11 1.42278e-11 0.000362598 2.62219e-11 0.0040043 1.03913e-11 1.50183e-10 
0.0140085 0.183287 0.0466806 6.8322e-06 0.421079 6.3535e-07 0.000142478 9.79185e-08 9.43274e-05 0.00117426 0.000832545 0.000320156 0.0010903 4.28387e-07 0.000354765 0.16379 1.5535e-07 0.167136 6.15624e-08 8.8975e-07 
1.17095e-05 6.97143e-10 0.941606 3.06912e-09 5.68618e-10 2.42775e-09 0.0020375 3.74159e-10 0.0216871 0.000832365 1.99874e-09 1.40767e-07 2.99099e-06 1.80125e-06 0.0204758 0.00112247 5.93611e-10 0.0122224 2.35238e-10 3.39985e-09 
0.00237109 0.257922 0.000167031 3.8194e-07 9.43292e-05 3.02125e-07 0.000311212 4.65627e-08 8.24451e-05 0.017902 9.96075e-05 4.28581e-05 7.3916e-08 2.05345e-05 0.330789 0.332228 7.38726e-08 0.057969 2.92745e-08 4.23098e-07 
2.6738e-07 0.0029722 0.00595456 2.11013e-06 3.90945e-07 1.66917e-06 0.00116212 0.00208396 3.0816e-07 0.0060245 1.3742e-06 0.00204306 0.977549 1.12544e-06 0.00117389 5.96512e-07 4.08128e-07 0.00102551 1.61734e-07 2.33752e-06 
0.00184379 0.00109699 0.00893335 1.5883e-05 0.00111333 1.25638e-05 0.00375967 1.93631e-06 0.000898254 0.965509 0.00170067 0.00623014 0.00240502 8.47121e-06 1.66684e-06 0.000591476 0.000158239 0.00570037 1.21738e-06 1.75945e-05 
0.00553132 1.68665e-05 0.044411 9.53854e-10 0.398647 3.36185e-06 5.83044e-10 2.63144e-06 0.158252 0.0737362 0.000193841 0.0372807 0.1482 1.76638e-05 4.60031e-08 7.00734e-05 1.84489e-10 0.133637 7.31099e-11 1.05664e-09 
1.00398e-06 1.22324e-06 4.48447e-06 2.50414e-06 6.36088e-08 2.71311e-10 7.13019e-07 0.0968693 0.176129 0.294106 3.7213e-05 0.0114278 0.00254974 1.82932e-10 4.77293e-06 0.418863 8.95633e-07 2.45115e-06 2.62887e-11 3.79946e-10 
0.809544 0.000172184 0.001554 1.90367e-09 0.00145348 4.15635e-11 4.93263e-07 1.16594e-07 0.0120607 0.0216727 3.42187e-11 0.0250566 6.49193e-08 1.72358e-05 5.51421e-12 0.114159 0.0122965 0.00201345 4.02731e-12 5.8206e-11 
0.000236672 7.85527e-08 5.10904e-08 3.45822e-07 6.40707e-08 2.73554e-07 2.11384e-07 0.000640865 5.05034e-08 0.336509 2.25214e-07 0.46259 0.000328005 0.000590406 3.62923e-08 9.77604e-08 6.68868e-08 0.199103 2.65061e-08 3.83088e-07 
0.000337688 5.00245e-08 0.00103467 2.20229e-07 0.000261174 1.74207e-07 1.34615e-07 0.000222867 3.2162e-08 0.00357979 0.000286988 0.379273 0.00314969 0.00039948 0.000873652 0.0010771 4.25954e-08 0.609503 1.68798e-08 2.43961e-07 
0.101592 0.0605874 2.73248e-05 1.97784e-06 0.0120038 1.56452e-06 1.20896e-06 1.0349e-05 0.000292831 8.67172e-05 0.000239439 0.379868 0.00311642 3.46023e-05 0.0121801 0.00033274 3.82542e-07 0.429621 1.51595e-07 2.19097e-06 
1.08216e-07 4.03592e-07 0.0090199 1.37724e-10 2.55162e-11 2.61573e-07 2.44217e-07 1.42732e-07 2.0113e-11 0.000801418 0.0168313 1.24587e-07 0.970558 4.11423e-07 0.00203907 3.34865e-07 0.00074827 1.69631e-08 1.05561e-11 1.52565e-10 
0.00942523 0.00350078 0.00605076 0.00140812 0.0056976 0.000835537 0.00589337 6.87175e-05 1.02769e-07 0.00124917 4.58285e-07 0.00278988 0.959261 3.75325e-07 0.000782892 0.000736246 1.36107e-07 0.00128579 5.3937e-08 0.00101418 
5.01482e-08 8.98968e-08 5.84685e-08 3.95763e-07 0.000168944 0.000382022 2.4191e-07 4.82479e-08 5.77968e-08 4.54779e-05 2.57738e-07 1.72792e-05 0.999311 2.11081e-07 5.04507e-06 1.11878e-07 7.65462e-08 6.77658e-05 3.0334e-08 4.38411e-07 
0.0191296 0.00733063 0.882795 0.000158667 2.51744e-07 1.07484e-06 8.30558e-07 5.83595e-05 1.98436e-07 0.0895278 0.000182547 0.000386752 2.62963e-07 7.24712e-07 5.99154e-05 3.84115e-07 2.62808e-07 0.000365167 1.04147e-07 1.50521e-06 
0.540739 0.0302528 0.0136886 2.09341e-09 0.000801732 1.65595e-09 1.2796e-09 2.5521e-10 3.0572e-10 0.0150017 1.36332e-09 0.0862918 4.05134e-10 0.000381975 0.0180583 5.91788e-10 4.04896e-10 0.294784 1.60454e-10 2.319e-09 
1.82605e-09 0.935637 1.81732e-07 2.39783e-11 4.44248e-12 1.89674e-11 1.58307e-07 4.58974e-08 1.56883e-07 0.0634888 1.56157e-11 0.000275773 4.64046e-12 1.27889e-11 1.69105e-07 0.000596886 4.1786e-09 4.11388e-07 1.83786e-12 2.65622e-11 
6.73535e-07 0.00146182 7.85283e-07 0.000143483 9.84798e-07 4.20466e-06 3.24907e-06 6.48011e-07 0.129795 9.72314e-05 3.46164e-06 0.00151507 0.00128317 2.83501e-06 5.57829e-07 0.862427 1.02808e-06 0.0032528 4.07412e-07 5.88824e-06 
1.27618e-09 0.293018 1.43032e-06 1.00714e-08 1.86594e-09 7.96676e-09 0.000376861 0.000895991 1.47082e-09 0.703848 6.55893e-09 3.03672e-07 2.42703e-06 3.01065e-06 1.05694e-09 0.00185346 2.62207e-07 5.27936e-07 7.71942e-10 1.11567e-08 
1.9262e-05 0.0281967 0.0768192 4.05461e-05 2.34677e-09 0.000709407 0.000105306 1.28185e-05 1.84983e-09 2.15415e-05 0.124503 1.07424e-05 0.769459 8.11372e-06 3.74879e-05 4.61954e-05 2.44992e-09 1.0998e-05 9.70863e-10 1.40317e-08 
0.0657469 0.894556 0.00023413 2.10349e-06 0.00012719 1.66392e-06 0.000139668 2.56439e-07 3.07192e-07 0.000417633 0.000152433 0.0187173 0.0176452 1.1219e-06 0.00204043 0.000131741 4.06845e-07 8.32796e-05 1.61226e-07 2.33017e-06 
0.251525 2.41729e-06 0.000190395 5.46727e-07 0.684761 0.000268665 0.000776951 2.95052e-10 5.46848e-07 0.003137 1.57615e-09 2.00881e-05 0.00675929 1.29083e-09 4.70994e-08 6.73686e-07 4.68106e-10 0.0497008 1.85503e-10 0.00285617 
4.70321e-11 8.43107e-11 2.6678e-06 3.71171e-10 6.13095e-08 5.56578e-08 0.00146462 0.139547 0.108737 0.522959 2.58531e-07 0.000478758 0.00676748 3.98378e-07 2.33007e-06 0.21048 7.17898e-11 0.00955897 2.84491e-11 4.11169e-10 
0.0107866 2.55599e-06 0.091227 9.18841e-06 0.0337184 1.09163e-09 8.43534e-10 0.0040934 0.818421 0.0364665 8.98722e-10 4.18009e-07 5.21343e-07 7.36033e-10 1.44825e-10 1.21419e-05 2.52279e-05 0.00523617 1.05774e-10 7.31976e-07 
0.948586 7.38397e-07 4.80251e-07 0.000653398 0.0355344 0.000773998 1.98701e-06 3.963e-07 4.74734e-07 0.00181602 0.00148402 0.0056514 0.00188795 1.73379e-06 3.41148e-07 9.1895e-07 6.28738e-07 0.00360178 2.49158e-07 3.60104e-06 
0.000166697 0.467182 0.000267777 3.68142e-07 6.8206e-08 0.00124707 2.25027e-07 2.47836e-05 0.00151546 0.0254431 2.39749e-07 6.10499e-05 0.476551 1.96349e-07 3.86346e-08 0.000692484 0.011892 0.0149553 2.82169e-08 4.07813e-07 
0.00554968 6.80427e-07 4.42547e-07 2.99552e-06 0.000500291 2.36954e-06 1.83102e-06 3.65187e-07 0.000103261 0.0252262 0.000382979 0.0104196 0.957719 1.59767e-06 3.14365e-07 8.46805e-07 1.78415e-05 6.63724e-05 2.29597e-07 3.31833e-06 
7.02143e-06 0.0324827 5.12542e-06 1.13499e-08 2.10281e-09 1.40179e-05 0.0134281 1.38368e-09 1.65753e-09 0.000224202 1.68269e-05 0.191649 0.66071 6.0535e-09 4.9144e-05 0.040392 0.000137528 0.0608839 8.69934e-10 1.2573e-08 
0.0107866 2.55599e-06 0.091227 9.18841e-06 0.0337184 1.09163e-09 8.43534e-10 0.0040934 0.818421 0.0364665 8.98722e-10 4.18009e-07 5.21343e-07 7.36033e-10 1.44825e-10 1.21419e-05 2.52279e-05 0.00523617 1.05774e-10 7.31976e-07 
0.0107866 2.55599e-06 0.091227 9.18841e-06 0.0337184 1.09163e-09 8.43534e-10 0.0040934 0.818421 0.0364665 8.98722e-10 4.18009e-07 5.21343e-07 7.36033e-10 1.44825e-10 1.21419e-05 2.52279e-05 0.00523617 1.05774e-10 7.31976e-07 
0.00511386 0.0142042 3.53038e-07 0.00203072 5.00258e-12 8.56493e-09 1.65046e-11 0.302688 0.110079 0.271481 2.92959e-06 0.0272779 4.18095e-08 1.44013e-11 0.0665078 0.152758 7.05084e-08 0.0478558 2.06957e-12 2.99111e-11 
0.000353372 0.00690885 1.09184e-07 7.39044e-07 0.00157324 9.29675e-05 5.88592e-05 1.56222e-05 0.0039633 0.149967 0.000194082 0.00231956 0.832442 0.00155499 7.7559e-08 2.0892e-07 0.0002096 0.000344904 5.66454e-08 8.18684e-07 
1.72522e-05 0.0053831 0.919586 6.54442e-07 0.000219805 2.14737e-10 0.000884856 3.30948e-11 2.80062e-05 0.0676302 1.76791e-10 0.000377317 0.000785037 1.44788e-10 1.83357e-08 8.8446e-08 5.25056e-11 0.00508746 2.08071e-11 3.00721e-10 
0.285298 2.73306e-05 3.77081e-05 6.95457e-09 3.86673e-06 5.50124e-09 4.25098e-09 1.69652e-06 4.87607e-06 8.46047e-06 1.08744e-05 0.471251 0.0380913 1.52115e-05 1.27001e-05 1.96599e-09 2.70367e-07 0.205237 5.33045e-10 7.704e-09 
0.955898 0.000152567 0.000487172 7.68146e-06 0.0188693 6.07624e-06 4.6953e-06 9.36455e-07 5.1435e-05 0.000401264 0.000156877 0.0236778 0.00016999 4.09693e-06 4.55075e-05 2.17147e-06 1.4857e-06 5.33816e-05 5.8876e-07 8.50923e-06 
2.40662e-12 0.466688 0.000481596 1.89928e-11 3.51881e-12 1.50238e-11 1.16093e-11 0.0526549 0.00421898 0.433894 0.000104094 0.0199118 3.67563e-12 0.000415048 0.00027758 0.00885061 3.67347e-12 0.0125035 1.45573e-12 2.10394e-11 
2.23065e-05 0.033821 0.208551 5.71537e-09 3.27208e-05 4.52101e-09 3.49352e-09 6.96766e-10 5.3427e-06 1.41184e-05 7.44789e-06 0.240747 5.18764e-05 3.04831e-09 0.255686 1.63184e-07 1.11649e-07 0.261041 4.38065e-10 1.90001e-05 
4.70321e-11 8.43107e-11 2.6678e-06 3.71171e-10 6.13095e-08 5.56578e-08 0.00146462 0.139547 0.108737 0.522959 2.58531e-07 0.000478758 0.00676748 3.98378e-07 2.33007e-06 0.21048 7.17898e-11 0.00955897 2.84491e-11 4.11169e-10 
0.77456 0.021349 0.00067084 3.81679e-05 0.00632117 2.57814e-06 5.88493e-05 0.117177 0.00199757 0.03784 5.58149e-08 0.012068 0.0101661 4.57111e-08 0.00161726 0.00344713 1.65766e-08 0.0126861 6.56904e-09 9.4941e-08 
0.00018039 0.000218196 7.35078e-05 3.66629e-06 6.79257e-07 0.997069 2.24102e-06 4.46961e-07 5.35421e-07 0.00035466 0.000223519 0.000281661 0.00130302 1.95542e-06 3.84759e-07 1.03642e-06 7.09113e-07 0.000280237 2.81009e-07 4.06137e-06 
0.0171017 0.911725 1.01209e-06 6.85063e-06 1.26922e-06 5.41903e-06 4.18745e-06 8.35167e-07 1.00046e-06 0.0050176 0.0214193 0.00561626 0.00795605 0.0164457 0.000216401 1.93661e-06 1.32501e-06 0.0144702 5.25079e-07 7.58887e-06 
2.72997e-05 1.99434e-05 0.000117713 5.90797e-06 6.94338e-06 1.00429e-06 7.76047e-07 6.16042e-06 1.08963e-05 0.00101191 0.996412 4.33336e-05 2.45704e-07 6.77148e-07 1.33239e-07 0.00101391 5.23978e-07 0.0013189 9.73112e-08 1.40642e-06 
0.000443721 0.000185811 0.00450192 1.22518e-06 0.000405084 9.69151e-07 0.000105567 0.0013418 1.78924e-07 0.989262 7.9789e-07 0.000283197 0.0018328 2.83321e-05 1.28577e-07 0.000511577 2.36968e-07 0.00109341 9.39063e-08 1.35721e-06 
0.0289256 0.000650483 0.000304988 2.44785e-06 0.000140683 1.93632e-06 0.824612 2.9842e-07 0.000164852 0.0325164 1.59415e-06 0.111633 3.30461e-05 1.30557e-06 6.8857e-05 6.91984e-07 4.7345e-07 0.000937979 1.8762e-07 2.71164e-06 
0.000146103 0.0369594 1.11766e-08 1.45458e-11 3.69231e-08 1.15061e-11 0.00217612 0.00021702 1.78459e-08 0.938221 9.47285e-12 5.12944e-08 2.5338e-08 3.56947e-08 1.12977e-08 0.02228 2.81337e-12 4.684e-08 1.11489e-12 1.28923e-07 
1.08216e-07 4.03592e-07 0.0090199 1.37724e-10 2.55162e-11 2.61573e-07 2.44217e-07 1.42732e-07 2.0113e-11 0.000801418 0.0168313 1.24587e-07 0.970558 4.11423e-07 0.00203907 3.34865e-07 0.00074827 1.69631e-08 1.05561e-11 1.52565e-10 
0.77456 0.021349 0.00067084 3.81679e-05 0.00632117 2.57814e-06 5.88493e-05 0.117177 0.00199757 0.03784 5.58149e-08 0.012068 0.0101661 4.57111e-08 0.00161726 0.00344713 1.65766e-08 0.0126861 6.56904e-09 9.4941e-08 
2.80082e-05 0.0298587 0.000120879 3.51417e-08 6.51074e-09 2.7798e-08 0.0468793 4.28416e-09 5.13205e-09 0.049305 2.28857e-08 2.42598e-05 0.873726 3.76373e-05 3.68794e-09 7.55497e-07 6.7969e-09 1.92261e-05 2.6935e-09 3.89286e-08 
0.00996708 0.0230119 0.0219323 7.97138e-05 0.92413 2.38149e-08 1.84025e-08 8.03417e-06 1.10987e-07 0.000263897 1.96065e-08 6.86209e-06 3.8196e-06 1.60573e-08 3.22022e-06 8.68079e-05 5.82299e-09 0.0132244 2.30755e-09 0.00728176 
0.11365 0.733775 6.04893e-05 7.21409e-06 1.72412e-07 7.36125e-07 5.68826e-07 6.62252e-06 2.60248e-06 1.7075e-05 4.49747e-05 0.0122504 0.136919 0.000477275 9.76612e-08 0.00219057 1.7999e-07 0.000595792 7.13271e-08 1.03088e-06 
0.0253911 0.000899861 0.00472536 3.84142e-06 0.00050128 7.79679e-08 0.000603886 1.20162e-08 1.43944e-08 0.00142466 0.886052 0.00406483 0.0687246 1.45475e-05 3.74321e-05 2.78635e-08 1.32985e-05 0.00753543 7.55473e-09 7.24973e-06 
5.23564e-06 1.95237e-05 0.0230634 1.76322e-08 3.26673e-09 2.09286e-05 1.95391e-05 6.90507e-06 2.57499e-09 0.000331602 0.133839 6.02688e-06 0.841681 1.99058e-05 0.000702241 1.62e-05 0.00026737 1.35731e-06 1.35145e-09 1.95323e-08 
0.0049462 0.0506569 0.0226263 0.00013363 7.91222e-05 2.92002e-07 0.00326032 0.00316049 0.00097434 0.100717 0.0232513 0.0522375 0.69304 3.07039e-06 0.00193546 0.036419 6.84632e-05 0.00648994 2.82936e-08 4.08922e-07 
9.95655e-06 1.91492e-05 0.0806065 8.48984e-07 5.70769e-09 2.61594e-05 0.000159554 3.75574e-09 4.49906e-09 2.84388e-05 2.74468e-05 0.0744078 0.844325 4.38018e-06 0.000360167 1.36549e-05 5.88886e-06 4.98498e-06 2.36128e-09 3.41271e-08 
8.51249e-09 0.000235808 4.81574e-05 2.42081e-05 1.24464e-08 5.31407e-08 3.0783e-05 0.000153292 2.82139e-05 0.00241583 4.375e-08 0.0618306 0.933035 1.66524e-05 3.16754e-05 0.00212021 1.29934e-08 1.61545e-05 5.14909e-09 1.34456e-05 
1.27618e-09 0.293018 1.43032e-06 1.00714e-08 1.86594e-09 7.96676e-09 0.000376861 0.000895991 1.47082e-09 0.703848 6.55893e-09 3.03672e-07 2.42703e-06 3.01065e-06 1.05694e-09 0.00185346 2.62207e-07 5.27936e-07 7.71942e-10 1.11567e-08 
0.000116799 3.94973e-08 0.00019783 1.73884e-07 3.22156e-08 1.37547e-07 0.00012765 0.000103893 2.53938e-08 9.71397e-05 1.1324e-07 7.25115e-05 0.997885 0.000176301 0.000372282 0.000609575 0.000228728 1.12774e-05 1.33276e-08 1.92622e-07 
1.42436e-06 5.31216e-06 0.0454835 1.81275e-09 7.05623e-07 1.43393e-09 1.10804e-09 1.87867e-06 2.64732e-10 1.75514e-05 6.32781e-05 1.63984e-06 0.952894 5.41523e-06 4.12838e-06 4.40755e-06 0.00151682 1.29312e-07 1.38941e-10 2.00809e-09 
2.89809e-05 0.0325479 0.08465 5.77544e-09 4.537e-05 1.83198e-06 4.94586e-06 7.0409e-10 8.43439e-10 4.40933e-06 7.56002e-07 0.109047 0.0578672 3.08035e-09 0.252505 0.00206124 8.94759e-07 0.461234 4.42669e-10 6.39781e-09 
8.50976e-13 0.986055 6.10593e-09 1.79088e-10 1.24424e-12 5.31236e-12 5.32175e-09 1.54259e-09 1.15838e-05 0.0126616 4.3736e-12 5.32859e-08 1.29969e-12 3.58188e-12 3.32824e-05 0.00104207 1.41518e-10 0.000196586 5.14744e-13 7.43949e-12 
0.00540741 7.46506e-07 0.269631 3.28643e-06 5.09228e-05 0.000100244 2.00883e-06 6.10973e-05 0.000808874 8.90753e-05 7.44909e-05 0.00108173 0.660922 2.1504e-05 0.00822213 0.000146327 7.79818e-06 0.0533661 2.51895e-07 3.64058e-06 
2.23065e-05 0.033821 0.208551 5.71537e-09 3.27208e-05 4.52101e-09 3.49352e-09 6.96766e-10 5.3427e-06 1.41184e-05 7.44789e-06 0.240747 5.18764e-05 3.04831e-09 0.255686 1.63184e-07 1.11649e-07 0.261041 4.38065e-10 1.90001e-05 
1.75022e-05 3.00569e-07 1.95489e-07 1.32323e-06 0.000164387 1.04671e-06 8.08825e-07 2.6854e-06 3.39662e-05 2.83841e-05 0.000126013 9.53077e-06 0.999576 7.05748e-07 7.74375e-06 3.74064e-07 5.9258e-06 2.18225e-05 1.01421e-07 1.46582e-06 
0.340895 4.68135e-05 4.59799e-05 8.01877e-07 0.543303 6.34306e-07 4.90147e-07 9.77575e-08 1.17105e-07 5.54322e-05 5.22216e-07 0.0244657 1.55185e-07 4.27683e-07 8.41529e-08 2.26683e-07 1.55094e-07 0.0911263 6.14613e-08 5.79601e-05 
0.0224179 0.000110956 0.536609 8.10717e-09 1.14592e-05 6.41299e-09 2.73127e-06 9.88353e-10 3.40434e-06 0.140255 8.45242e-07 2.03003e-05 0.144371 2.43338e-07 0.15618 2.29182e-09 1.56804e-09 1.63763e-05 6.21389e-10 8.98081e-09 
0.0715467 1.93768e-07 0.00127286 6.99236e-09 0.000212275 5.53114e-09 0.000121984 8.22336e-09 5.31685e-07 0.000389906 0.92551 0.000549146 0.000302666 3.83945e-07 5.75634e-08 1.97667e-09 2.28629e-07 9.26114e-05 5.35942e-10 3.54867e-07 
0.518107 0.0177297 0.0271071 0.00192837 0.0565319 1.05553e-08 0.000534739 9.9852e-05 0.00149522 0.0279 7.82757e-06 0.00850688 5.93774e-07 7.11694e-09 1.40036e-09 0.00104276 2.58088e-09 0.232252 1.02276e-09 0.106756 
0.0107866 2.55599e-06 0.091227 9.18841e-06 0.0337184 1.09163e-09 8.43534e-10 0.0040934 0.818421 0.0364665 8.98722e-10 4.18009e-07 5.21343e-07 7.36033e-10 1.44825e-10 1.21419e-05 2.52279e-05 0.00523617 1.05774e-10 7.31976e-07 
3.21849e-08 0.018976 0.000491611 2.53998e-07 4.70586e-08 2.0092e-07 1.55257e-07 0.00466958 0.00144669 0.965993 0.000479867 0.00218627 4.91558e-08 0.000867148 0.000314566 0.00291527 4.91269e-08 0.00165886 1.94682e-08 2.8137e-07 
0.0699611 0.0201033 0.000178091 0.00010871 0.000727154 2.80214e-06 0.000222027 2.97373e-05 5.1733e-07 0.0148986 2.30697e-06 0.0583725 0.821423 0.000724842 3.71758e-07 1.0014e-06 6.85153e-07 0.0132393 2.71515e-07 3.92415e-06 
0.000259521 0.000410407 2.2334e-05 1.75445e-07 3.25049e-08 1.38782e-07 7.79841e-05 0.000499927 0.000974788 9.75359e-05 0.00098215 0.00442833 0.990673 0.000178144 4.44848e-05 0.000975661 5.71519e-05 0.000317931 1.34473e-08 1.94351e-07 
0.0125799 1.25976e-06 0.00475301 5.546e-06 0.00513859 4.38703e-06 3.38999e-06 6.76118e-07 0.000810741 0.00258193 3.61179e-06 0.000784239 0.97102 2.95797e-06 5.82024e-07 1.5678e-06 1.07267e-06 0.00230007 4.25083e-07 6.14364e-06 
5.434e-06 1.61274e-10 0.884166 7.09995e-10 1.31541e-10 5.61625e-10 0.00140333 8.65561e-11 0.0105192 0.00249306 4.62378e-10 6.52761e-08 1.38791e-06 7.19865e-07 0.0614018 0.0033575 1.37323e-10 0.0366518 5.44188e-11 7.86505e-10 
2.23065e-05 0.033821 0.208551 5.71537e-09 3.27208e-05 4.52101e-09 3.49352e-09 6.96766e-10 5.3427e-06 1.41184e-05 7.44789e-06 0.240747 5.18764e-05 3.04831e-09 0.255686 1.63184e-07 1.11649e-07 0.261041 4.38065e-10 1.90001e-05 
3.75115e-08 0.0175906 0.00947671 1.21828e-10 2.25712e-11 9.6369e-11 0.0209368 0.0112276 0.00112499 0.922839 1.15388e-06 1.87055e-07 8.40429e-08 5.26738e-08 1.27852e-11 0.00905772 0.000122361 0.00762231 9.33771e-12 1.34956e-10 
8.97166e-05 3.78409e-09 0.000107309 1.66591e-08 0.000364205 1.71444e-05 1.22297e-05 1.64526e-05 5.79049e-05 6.71045e-05 1.08491e-08 0.124882 0.571006 8.8852e-09 0.0261803 1.69585e-05 3.22212e-09 0.277183 1.27687e-09 1.84544e-08 
0.0494174 0.00197675 0.000704218 1.61998e-10 0.000148744 1.89644e-07 0.000216959 4.62574e-05 0.00191325 0.00854982 1.29636e-07 0.686112 0.00106456 1.79348e-05 0.0223652 0.00064252 3.13327e-11 0.226824 1.24166e-11 5.05029e-08 
0.809544 0.000172184 0.001554 1.90367e-09 0.00145348 4.15635e-11 4.93263e-07 1.16594e-07 0.0120607 0.0216727 3.42187e-11 0.0250566 6.49193e-08 1.72358e-05 5.51421e-12 0.114159 0.0122965 0.00201345 4.02731e-12 5.8206e-11 
4.92794e-11 0.00397378 0.0352236 3.88906e-10 7.20531e-11 0.000111504 0.0923857 4.74119e-11 5.67955e-11 0.0035634 0.00417281 5.75048e-06 0.858829 2.07424e-10 0.000789693 1.0994e-10 0.000938836 5.73251e-06 2.98084e-11 4.30815e-10 
0.0107866 2.55599e-06 0.091227 9.18841e-06 0.0337184 1.09163e-09 8.43534e-10 0.0040934 0.818421 0.0364665 8.98722e-10 4.18009e-07 5.21343e-07 7.36033e-10 1.44825e-10 1.21419e-05 2.52279e-05 0.00523617 1.05774e-10 7.31976e-07 
0.078435 0.0262923 7.20986e-05 4.20747e-05 0.117731 1.60559e-08 1.24069e-08 5.94429e-05 3.29707e-07 0.0652604 5.96045e-07 0.0015672 3.92814e-09 1.08257e-08 1.08622e-07 9.01869e-05 3.50117e-07 0.693813 1.55574e-09 0.0166352 
0.048408 0.0124344 0.0215815 4.98127e-07 8.43359e-06 3.94032e-07 0.646724 6.07272e-08 0.00644519 0.0784181 0.00209487 0.0818791 0.0790108 2.38135e-05 0.00842948 4.32179e-05 9.74842e-05 0.0144003 3.81798e-08 5.51806e-07 
0.489873 0.292516 0.0055071 0.000261382 0.00027032 1.0103e-05 0.000358396 1.73537e-07 0.140226 3.86955e-05 0.0265042 4.93419e-05 0.000136883 8.54976e-05 0.000113768 4.02402e-07 2.52979e-05 0.0440208 1.09105e-07 1.57687e-06 
0.300726 4.62068e-08 0.0918455 2.03422e-07 0.0190637 1.60912e-07 9.79773e-05 1.64367e-06 2.87955e-05 0.00030846 1.32477e-07 5.31907e-05 0.584708 0.000161037 9.45234e-05 5.75053e-08 4.17728e-06 0.00290567 1.55916e-08 2.25343e-07 
5.12571e-05 7.51255e-05 0.0118612 1.94635e-05 0.00333252 0.000394126 7.41735e-05 2.34569e-05 1.41279e-06 0.00766164 0.000820212 0.000391673 0.970553 4.86698e-05 0.00457983 2.73477e-06 3.7846e-05 6.02479e-05 7.41487e-07 1.07166e-05 
0.0107866 2.55599e-06 0.091227 9.18841e-06 0.0337184 1.09163e-09 8.43534e-10 0.0040934 0.818421 0.0364665 8.98722e-10 4.18009e-07 5.21343e-07 7.36033e-10 1.44825e-10 1.21419e-05 2.52279e-05 0.00523617 1.05774e-10 7.31976e-07 
0.0240203 0.000271977 0.00959529 8.44842e-06 0.000326726 8.2402e-05 5.1641e-06 1.02996e-06 0.000303014 0.00412612 0.000139769 9.42592e-05 0.960501 9.8759e-05 0.000144966 5.23449e-05 1.63404e-06 0.000216966 6.47544e-07 9.35883e-06 
0.77456 0.021349 0.00067084 3.81679e-05 0.00632117 2.57814e-06 5.88493e-05 0.117177 0.00199757 0.03784 5.58149e-08 0.012068 0.0101661 4.57111e-08 0.00161726 0.00344713 1.65766e-08 0.0126861 6.56904e-09 9.4941e-08 
0.489873 0.292516 0.0055071 0.000261382 0.00027032 1.0103e-05 0.000358396 1.73537e-07 0.140226 3.86955e-05 0.0265042 4.93419e-05 0.000136883 8.54976e-05 0.000113768 4.02402e-07 2.52979e-05 0.0440208 1.09105e-07 1.57687e-06 
1.27765e-05 0.000133266 4.82066e-10 3.26302e-09 0.00209015 3.61617e-06 1.99452e-09 3.97798e-10 7.48196e-06 5.54922e-06 3.82715e-06 1.89087e-05 0.996398 2.78627e-06 7.70519e-06 9.31647e-08 0.00131455 1.07842e-06 2.501e-10 3.61464e-09 
0.0604835 0.0581186 1.69104e-05 3.8116e-05 0.626475 8.09096e-06 3.12926e-07 6.24115e-08 7.47637e-08 0.0530349 3.33399e-07 7.74496e-05 9.90753e-08 2.73046e-07 5.37259e-08 1.44721e-07 9.90171e-08 0.201746 3.92388e-08 5.67111e-07 
0.017755 0.853624 4.72965e-05 1.43615e-06 0.0029445 1.10563e-06 8.54353e-07 1.70397e-07 0.00407725 0.000911914 0.014817 0.0148496 0.0823947 7.45474e-07 1.1268e-06 0.000200179 2.70338e-07 0.00837086 1.0713e-07 1.54833e-06 
3.309e-08 0.578914 0.00695257 4.92626e-11 2.37392e-08 2.34199e-08 2.71307e-08 0.109315 7.19426e-12 0.270001 3.24026e-09 2.29768e-07 1.05834e-07 2.62744e-11 0.0334815 0.0012985 9.53762e-09 3.72984e-05 3.77582e-12 5.45712e-11 
0.177492 0.648286 0.00226255 0.000210611 7.92874e-07 6.14496e-08 3.98077e-05 1.83205e-05 0.00377735 0.0165229 5.05907e-08 0.0564232 0.0645044 0.0217516 0.000393877 0.00335583 2.33828e-07 0.00496055 5.95419e-09 8.60547e-08 
