0.0107866 2.55599e-06 0.091227 9.18841e-06 0.0337184 1.09163e-09 8.43534e-10 0.0040934 0.818421 0.0364665 8.98722e-10 4.18009e-07 5.21343e-07 7.36033e-10 1.44825e-10 1.21419e-05 2.52279e-05 0.00523617 1.05774e-10 7.31976e-07 
1.94785e-06 0.00346386 6.35953e-05 9.37322e-07 1.73659e-07 7.41446e-07 5.72938e-07 0.000682332 8.51506e-06 0.994942 5.68934e-05 6.62384e-08 1.81398e-07 3.06621e-06 9.83672e-08 6.73855e-05 2.29312e-06 0.000704323 7.18427e-08 1.03833e-06 
0.000910472 0.000601687 0.000174875 0.000253871 0.000172323 2.22884e-07 0.996761 3.43503e-08 0.000214015 1.74878e-08 1.83498e-07 0.000185199 0.00058352 1.5028e-07 0.000141965 7.96524e-08 5.44975e-08 1.82558e-08 2.15964e-08 3.12129e-07 
0.995154 0.00103103 9.65155e-06 6.53296e-05 1.21037e-05 7.5428e-05 3.99328e-05 7.9644e-06 9.54067e-06 4.05468e-06 4.25454e-05 0.000656008 0.00266231 3.48437e-05 6.85602e-06 1.8468e-05 8.81299e-05 4.23276e-06 5.00731e-06 7.23696e-05 
1.08216e-07 4.03592e-07 0.0090199 1.37724e-10 2.55162e-11 2.61573e-07 2.44217e-07 1.42732e-07 2.0113e-11 0.000801418 0.0168313 1.24587e-07 0.970558 4.11423e-07 0.00203907 3.34865e-07 0.00074827 1.69631e-08 1.05561e-11 1.52565e-10 
1.30494e-09 3.97909e-06 0.0593556 1.02984e-08 0.0171837 8.14633e-09 3.78325e-06 9.16634e-06 1.50397e-09 0.367517 4.03076e-06 5.7501e-06 0.555869 3.84542e-05 1.08077e-09 1.01923e-05 1.99186e-09 6.67243e-10 7.89342e-10 1.14082e-08 
7.90805e-12 0.0331531 9.22011e-12 6.24093e-11 1.15626e-11 4.93674e-11 4.20007e-08 0.701394 8.29482e-08 0.264816 4.06436e-11 4.41032e-12 5.49065e-06 8.99057e-08 6.54954e-12 0.000630424 1.20708e-11 4.04355e-12 4.78347e-12 6.91346e-11 
2.1702e-07 3.89034e-07 0.0194749 0.000146274 0.000884157 0.00194534 0.333309 2.08796e-07 0.0193173 0.00334672 0.000942558 0.247817 0.000134897 0.00115744 0.329184 0.00474095 3.31258e-07 0.0375962 1.31272e-07 1.89725e-06 
0.00234712 0.00168998 0.00515195 5.32573e-06 0.0010787 4.2128e-06 0.000571313 6.49265e-07 0.00022195 0.000361359 3.46834e-06 0.00127251 0.00267217 2.84049e-06 0.00194031 1.50553e-06 1.03007e-06 0.000557868 4.082e-07 0.982115 
1.82605e-09 0.935637 1.81732e-07 2.39783e-11 4.44248e-12 1.89674e-11 1.58307e-07 4.58974e-08 1.56883e-07 0.0634888 1.56157e-11 0.000275773 4.64046e-12 1.27889e-11 1.69105e-07 0.000596886 4.1786e-09 4.11388e-07 1.83786e-12 2.65622e-11 
0.000107645 1.28795e-05 1.04579e-08 7.07877e-08 1.31149e-08 5.59949e-08 4.3269e-08 8.6298e-09 1.03378e-08 5.14076e-05 4.60999e-08 5.0024e-09 0.999828 3.77548e-08 7.42882e-09 2.0011e-08 1.36914e-08 4.58639e-09 5.42565e-09 7.84159e-08 
0.0509101 0.115809 0.0448926 4.88731e-09 0.131456 3.86599e-09 2.98737e-09 5.95817e-10 7.13738e-10 0.0557019 3.18282e-09 0.336453 4.71279e-06 0.00159785 5.20587e-07 6.88408e-06 8.25033e-07 0.263166 3.74597e-10 5.41397e-09 
1.82605e-09 0.935637 1.81732e-07 2.39783e-11 4.44248e-12 1.89674e-11 1.58307e-07 4.58974e-08 1.56883e-07 0.0634888 1.56157e-11 0.000275773 4.64046e-12 1.27889e-11 1.69105e-07 0.000596886 4.1786e-09 4.11388e-07 1.83786e-12 2.65622e-11 
0.00034245 0.101326 0.0205584 2.55359e-06 0.00119831 7.63639e-10 0.00116525 0.00135015 0.0656768 0.189253 0.000742668 0.0143706 0.000136113 8.89048e-06 0.00313743 0.00537382 3.34844e-05 0.595323 6.25529e-07 2.93733e-07 
0.632892 0.0119959 0.0460532 2.47064e-08 0.00111792 1.95434e-08 7.59069e-05 1.61232e-05 2.86198e-07 0.0959527 0.000894286 2.17174e-05 0.0276019 1.31772e-08 2.59281e-09 1.86025e-05 4.77857e-09 0.181282 1.89367e-09 0.00207678 
0.011485 0.0200848 0.00470086 2.05885e-06 0.00324804 9.96299e-08 1.46166e-06 0.00449788 1.77594e-08 0.862653 1.02574e-06 8.8115e-11 0.0586594 1.06483e-06 8.58344e-07 0.0269614 4.63818e-05 0.00671034 4.27074e-08 0.000945908 
0.00127194 0.0830175 0.100059 1.38056e-08 0.032281 1.98303e-06 1.24102e-06 3.46091e-06 0.00631566 0.325566 0.000609377 0.263814 0.0441467 0.0014792 0.00132856 0.127966 6.35519e-05 0.0120704 4.19002e-08 4.37615e-06 
0.324714 0.0226314 0.48553 5.95385e-08 1.10308e-08 9.07756e-06 3.22158e-05 1.4827e-05 1.58327e-06 0.0980771 6.23432e-06 9.46356e-05 0.0381721 0.00146111 0.00150349 0.000140993 1.15156e-08 0.0276112 4.56344e-09 6.59545e-08 
0.0107866 2.55599e-06 0.091227 9.18841e-06 0.0337184 1.09163e-09 8.43534e-10 0.0040934 0.818421 0.0364665 8.98722e-10 4.18009e-07 5.21343e-07 7.36033e-10 1.44825e-10 1.21419e-05 2.52279e-05 0.00523617 1.05774e-10 7.31976e-07 
3.87888e-07 0.00326877 0.97752 3.06116e-06 5.67144e-07 2.42146e-06 1.87113e-06 3.73189e-07 4.47048e-07 0.00119713 1.99355e-06 2.16325e-07 0.0134485 1.63268e-06 0.00160659 0.00173159 5.92071e-07 0.00121004 2.34628e-07 3.39103e-06 
0.0107866 2.55599e-06 0.091227 9.18841e-06 0.0337184 1.09163e-09 8.43534e-10 0.0040934 0.818421 0.0364665 8.98722e-10 4.18009e-07 5.21343e-07 7.36033e-10 1.44825e-10 1.21419e-05 2.52279e-05 0.00523617 1.05774e-10 7.31976e-07 
0.13244 4.80349e-05 0.000451333 6.66626e-08 0.000500048 5.27319e-08 3.92705e-06 2.94673e-05 6.23507e-08 0.016936 0.793962 0.0320762 0.00031415 3.55547e-08 6.99591e-09 0.000133644 1.28935e-08 0.023105 5.10947e-09 7.38462e-08 
0.61067 0.000160489 0.000815737 1.33003e-06 0.0991384 4.58751e-05 6.30401e-05 4.24813e-05 0.00607666 0.0105503 3.82097e-07 0.195749 0.00369852 5.98267e-05 6.15734e-08 0.0657707 0.00617463 0.000982121 4.49702e-08 6.49946e-07 
0.0413707 0.000730275 0.00382973 5.29914e-07 2.5327e-05 4.19176e-07 0.00042933 6.46024e-08 7.73881e-08 0.000792644 0.819181 0.0537524 0.0789713 3.4371e-05 0.000144258 1.56243e-05 3.03683e-05 0.000672469 4.06162e-08 1.86525e-05 
1.88951e-05 0.14295 0.0013745 1.96869e-08 0.0112479 4.0082e-07 1.20336e-08 0.000101758 2.87506e-09 0.763547 6.56822e-08 0.0754559 0.00529199 1.05001e-08 7.25123e-06 3.63104e-06 1.60802e-07 6.53461e-09 1.50894e-09 2.18084e-08 
0.00996708 0.0230119 0.0219323 7.97138e-05 0.92413 2.38149e-08 1.84025e-08 8.03417e-06 1.10987e-07 0.000263897 1.96065e-08 6.86209e-06 3.8196e-06 1.60573e-08 3.22022e-06 8.68079e-05 5.82299e-09 0.0132244 2.30755e-09 0.00728176 
3.95738e-06 7.09408e-06 4.61396e-06 3.12311e-05 5.78622e-06 2.47046e-05 0.0162311 3.80741e-06 4.56095e-06 1.93836e-06 2.0339e-05 0.973919 0.00966794 1.66572e-05 3.27755e-06 8.82872e-06 6.04054e-06 2.02349e-06 2.39376e-06 3.45966e-05 
1.74816e-06 3.13379e-06 2.03821e-06 1.37963e-05 2.55605e-06 0.993115 8.43297e-06 1.68191e-06 2.01479e-06 0.000514616 0.00629826 9.74949e-07 2.66996e-06 7.35826e-06 1.44785e-06 3.90006e-06 2.66839e-06 8.9387e-07 1.05744e-06 1.5283e-05 
0.00277122 0.00431235 0.392778 0.29389 0.00175605 0.00295632 0.000856895 0.000158688 0.0110123 0.113413 1.20602e-10 0.0287544 0.000154236 4.3246e-06 0.00346364 0.000724914 0.0212799 0.121715 1.56617e-07 1.27609e-07 
5.14249e-06 0.0518623 7.99435e-06 1.16038e-08 0.0641039 9.1789e-09 1.23188e-06 1.41463e-09 1.6946e-09 0.0710392 6.53213e-06 9.39358e-06 0.750497 6.18891e-09 0.00265838 3.28027e-09 0.00251972 0.0572887 8.89393e-10 1.28542e-08 
0.000190867 2.61558e-07 0.887885 1.15149e-06 0.0656646 0.000122749 7.03846e-07 6.00034e-06 3.28862e-05 0.0011621 0.00100382 3.53235e-05 0.00122235 6.14148e-07 6.37399e-05 3.25514e-07 2.22714e-07 0.0426056 8.82577e-08 1.27557e-06 
4.58537e-05 6.84416e-08 0.000222615 3.01309e-07 0.308471 2.38343e-07 1.84175e-07 3.67328e-08 0.000127652 1.87007e-08 1.96225e-07 8.51924e-05 0.690935 1.60704e-07 1.90041e-05 8.5177e-08 5.82774e-08 9.17728e-05 2.30943e-08 3.33778e-07 
1.53163e-05 0.0554233 0.676047 2.32447e-09 4.30657e-10 1.83872e-09 1.42083e-09 2.83378e-10 2.34263e-06 2.37467e-05 7.97785e-05 0.0896402 0.154562 0.0013775 1.30268e-05 0.0228082 9.44576e-07 4.02129e-06 1.78163e-10 2.06254e-06 
0.00736601 0.00738521 0.00270798 1.19403e-07 0.000147388 6.5697e-12 6.77996e-05 0.000358326 0.00274178 0.0581659 1.37245e-08 9.24344e-05 2.69102e-07 1.77813e-06 0.00024416 0.919633 0.00108725 1.39454e-07 5.11107e-08 3.69802e-07 
3.99109e-05 3.89834e-08 0.0629367 1.71621e-07 3.17965e-08 1.35757e-07 1.04904e-07 0.00010199 2.50634e-08 0.0343528 0.0247872 1.52047e-05 0.875686 9.15347e-08 1.80108e-08 0.00202971 1.78538e-05 3.18492e-05 1.31542e-08 1.90115e-07 
3.23609e-06 5.80108e-06 0.986639 2.55388e-05 4.73159e-06 2.02018e-05 1.56106e-05 3.11346e-06 0.0108197 0.00237918 1.66319e-05 1.80477e-06 4.94246e-06 1.36212e-05 2.68017e-06 7.21956e-06 4.93956e-06 1.65468e-06 1.95747e-06 2.82909e-05 
0.0152203 0.000645017 6.30496e-08 1.49718e-05 7.90684e-08 3.37588e-07 3.92635e-05 0.000240086 5.26576e-06 0.00676099 2.77932e-07 3.0159e-08 0.974491 2.2762e-07 5.67229e-05 0.000324804 8.25437e-08 0.00220049 3.27107e-08 4.72761e-07 
0.0107866 2.55599e-06 0.091227 9.18841e-06 0.0337184 1.09163e-09 8.43534e-10 0.0040934 0.818421 0.0364665 8.98722e-10 4.18009e-07 5.21343e-07 7.36033e-10 1.44825e-10 1.21419e-05 2.52279e-05 0.00523617 1.05774e-10 7.31976e-07 
4.70321e-11 8.43107e-11 2.6678e-06 3.71171e-10 6.13095e-08 5.56578e-08 0.00146462 0.139547 0.108737 0.522959 2.58531e-07 0.000478758 0.00676748 3.98378e-07 2.33007e-06 0.21048 7.17898e-11 0.00955897 2.84491e-11 4.11169e-10 
3.69372e-06 6.62145e-06 4.30656e-06 0.0087375 0.991009 2.30587e-05 1.78182e-05 3.55375e-06 4.25709e-06 1.80922e-06 1.89839e-05 2.05999e-06 5.64141e-06 1.55474e-05 3.05919e-06 8.24052e-06 5.6381e-06 9.44916e-05 2.23428e-06 3.22917e-05 
1.67099e-07 2.99545e-07 0.00111007 1.31872e-06 2.44321e-07 0.00013023 8.06069e-07 1.60767e-07 1.92585e-07 7.44138e-05 8.58807e-07 9.3191e-08 0.998673 7.03344e-07 1.38393e-07 3.7279e-07 2.5506e-07 5.59639e-06 1.01076e-07 1.46083e-06 
1.56945e-05 1.08167e-08 7.59865e-05 4.76196e-08 0.000169402 3.76684e-08 2.91075e-08 5.80535e-09 0.000115449 1.48071e-06 4.65488e-05 7.23545e-05 0.999503 2.5398e-08 4.99744e-09 1.34616e-08 9.21031e-09 3.08531e-09 3.64989e-09 5.27512e-08 
0.00502354 0.000706913 0.00208454 2.77566e-10 0.0448514 2.19562e-10 1.69663e-10 3.38384e-11 4.05355e-11 0.313995 1.80763e-10 1.9615e-11 5.37168e-11 1.48041e-10 2.91292e-11 7.84653e-11 5.36853e-11 0.605801 2.12746e-11 0.0275376 
0.00133367 1.51305e-07 0.000324845 6.66107e-07 1.2341e-07 5.26908e-07 4.07158e-07 8.12057e-08 0.861625 4.13419e-08 4.33797e-07 0.134448 1.2891e-07 3.5527e-07 0.00226497 1.88302e-07 1.28834e-07 4.31576e-08 5.10549e-08 7.37887e-07 
0.712085 5.86984e-05 3.37822e-09 2.28665e-08 4.23651e-09 1.8088e-08 7.68885e-05 3.54063e-05 3.33941e-09 9.3811e-05 1.48917e-08 0.00022607 0.28689 1.46473e-05 3.38386e-05 0.000336789 8.88963e-07 0.000147415 1.75265e-09 2.53307e-08 
3.44576e-08 6.17694e-08 0.00018886 2.71935e-07 5.03816e-08 0.000516474 0.000482204 3.31518e-08 3.9713e-08 1.01435e-05 0.00062001 1.9217e-08 0.997689 1.45037e-07 0.000185527 7.68732e-08 0.000273552 3.34935e-05 2.08429e-08 3.01239e-07 
3.57879e-12 0.000119385 4.17256e-12 8.1934e-08 2.40755e-08 2.23412e-11 1.72637e-11 1.06053e-07 6.11096e-05 1.8556e-05 0.999628 1.99589e-12 5.46586e-12 1.50636e-11 2.96399e-12 6.38809e-08 4.92185e-09 0.000172197 2.16476e-12 3.12868e-11 
7.12556e-09 1.27734e-08 2.57625e-05 5.6234e-08 2.91823e-05 5.34236e-05 3.43731e-08 6.85554e-09 8.21235e-09 0.000131234 9.89158e-05 3.97393e-09 0.999609 2.99925e-08 5.90148e-09 5.24754e-05 1.08765e-08 3.64344e-09 4.31016e-09 6.22938e-08 
0.00149928 3.46549e-05 3.98512e-06 2.10723e-09 3.90408e-10 1.66687e-09 1.95795e-05 2.36368e-06 3.07737e-10 0.998336 1.37231e-09 1.48913e-10 3.50755e-06 5.17102e-06 2.21143e-10 9.54899e-05 4.11643e-08 1.36529e-10 1.61512e-10 2.3343e-09 
0.0107866 2.55599e-06 0.091227 9.18841e-06 0.0337184 1.09163e-09 8.43534e-10 0.0040934 0.818421 0.0364665 8.98722e-10 4.18009e-07 5.21343e-07 7.36033e-10 1.44825e-10 1.21419e-05 2.52279e-05 0.00523617 1.05774e-10 7.31976e-07 
1.33806e-07 2.39864e-07 1.56007e-07 1.05598e-06 1.95643e-07 8.35309e-07 6.45469e-07 1.28736e-07 0.839682 6.55395e-08 6.877e-07 7.46238e-08 2.04362e-07 5.6321e-07 1.1082e-07 2.98516e-07 2.04242e-07 0.160311 8.09376e-08 1.16978e-06 
0.0310333 0.546987 0.0557243 4.17579e-06 0.000782512 4.67836e-07 0.000870853 0.00295066 0.000412494 0.204814 0.00135213 0.00707293 0.0912918 0.0376196 0.00290955 0.00408531 2.9206e-05 0.0120584 7.42987e-07 1.76895e-07 
0.0444182 0.424104 0.526889 4.04835e-06 3.63473e-08 1.55187e-07 1.19918e-07 2.3917e-08 2.86506e-08 1.21762e-08 2.77234e-05 6.81675e-05 3.79671e-08 0.00447263 1.52023e-05 5.54594e-08 3.79449e-08 1.27109e-08 1.50369e-08 2.17325e-07 
0.123836 0.0136126 0.530189 3.63668e-06 1.87915e-06 7.56828e-10 0.0530196 1.1664e-10 5.31095e-07 0.0570446 2.43066e-06 6.72076e-06 0.106891 5.10294e-10 2.07855e-06 8.81756e-06 2.9627e-07 0.115381 7.33331e-11 1.05987e-09 
0.150113 6.9702e-05 0.0103266 0.000143469 0.0511919 4.44304e-06 8.9711e-06 0.00387237 8.20272e-07 0.0857319 0.000123136 0.0148659 1.08701e-06 2.99574e-06 0.000272969 0.00217408 1.08637e-06 0.681089 4.3051e-07 6.22208e-06 
0.0257228 0.00108725 0.000630677 1.30911e-05 0.33915 1.69687e-05 0.00015133 0.00136161 9.89463e-06 0.17687 0.00265547 0.214844 0.207497 0.00392415 0.0051513 1.65155e-05 2.60234e-05 0.0208366 1.11067e-05 2.40429e-05 
2.73121e-10 4.89603e-10 8.02735e-05 2.15544e-09 0.115203 0.000113226 0.000127288 2.62771e-10 3.14777e-10 5.89958e-07 0.000196953 0.00527103 0.874749 1.14961e-09 0.00010874 6.0932e-10 0.00012851 0.00402096 1.65207e-10 2.38771e-09 
0.00888911 0.2534 0.386702 0.000588793 1.88686e-09 8.05605e-09 1.76681e-06 6.75998e-07 0.000173835 0.326785 2.50766e-06 0.00720958 3.33104e-05 2.28225e-07 9.85365e-06 6.51238e-06 1.96979e-09 0.0161968 7.80594e-10 1.12818e-08 
0.000573017 0.0478493 0.843945 0.000414241 0.00348636 3.06944e-10 0.000113289 4.75881e-05 0.000978365 0.0871997 2.97421e-08 0.00628126 7.37587e-05 9.92457e-08 1.74143e-05 0.00151674 7.50511e-11 0.007504 2.97415e-11 4.29848e-10 
1.54918e-05 4.30227e-05 2.64135e-08 1.78788e-07 3.31243e-08 1.41426e-07 4.11513e-05 4.31823e-05 2.61101e-08 1.44072e-05 1.16434e-07 3.62466e-05 0.997163 9.53572e-08 1.87629e-08 0.00264235 3.45802e-08 1.15838e-08 1.37036e-08 1.98055e-07 
0.0283362 0.0343149 0.81201 1.20741e-09 0.000401003 4.10448e-07 9.41074e-07 2.81992e-07 0.00028821 0.0441878 0.0143528 0.0205823 0.0274072 0.0007494 1.33323e-06 0.00180377 0.000162678 0.0153461 1.59821e-07 5.4817e-05 
0.310048 0.158495 0.136992 2.77532e-06 0.0103199 4.26262e-07 0.000703222 0.00021925 0.000844147 0.309089 1.53099e-06 0.0582349 2.40737e-06 9.75236e-07 1.49904e-06 4.05182e-06 2.21048e-07 6.94896e-06 9.50937e-07 0.0150331 
0.0335976 0.00287837 0.000601796 4.53944e-08 3.75216e-06 3.59081e-08 0.0358623 4.17685e-06 4.47024e-05 0.00297695 0.905162 0.0175745 0.000699472 4.95475e-06 4.76391e-09 1.28325e-08 0.000175891 0.000411176 3.47933e-09 2.49022e-06 
4.148e-06 3.98459e-05 1.36199e-06 5.38306e-09 1.91403e-05 9.50439e-06 1.43387e-07 6.56254e-10 1.19237e-06 0.0442664 3.50568e-09 3.80409e-10 0.94901 2.87107e-09 0.00411817 4.6802e-07 0.00251809 1.18294e-05 4.12595e-10 5.96315e-09 
0.00513538 7.57352e-07 4.92579e-07 0.00022899 6.17727e-07 7.69355e-05 0.000174275 0.000985155 4.8692e-07 0.00323995 2.17136e-06 0.000196043 0.989552 1.77829e-06 9.1528e-05 0.00030629 2.69211e-06 2.16024e-07 2.55554e-07 3.69348e-06 
1.54507e-08 2.76973e-08 0.000362104 1.21935e-07 2.2591e-08 0.00252719 3.73411e-05 1.48652e-08 0.000316987 0.000123364 7.94093e-08 8.61687e-09 0.996256 6.50344e-08 0.000252104 0.000124126 2.3584e-08 7.90027e-09 9.34594e-09 1.35075e-07 
3.45322e-08 0.000101339 4.02616e-08 2.72524e-07 5.04907e-08 2.15573e-07 0.995575 3.32236e-08 0.00416682 1.69142e-08 1.77479e-07 1.92586e-08 5.27409e-08 1.45351e-07 0.000140403 7.70397e-08 5.27099e-08 1.50896e-05 2.08881e-08 3.01891e-07 
0.000573017 0.0478493 0.843945 0.000414241 0.00348636 3.06944e-10 0.000113289 4.75881e-05 0.000978365 0.0871997 2.97421e-08 0.00628126 7.37587e-05 9.92457e-08 1.74143e-05 0.00151674 7.50511e-11 0.007504 2.97415e-11 4.29848e-10 
8.50976e-13 0.986055 6.10593e-09 1.79088e-10 1.24424e-12 5.31236e-12 5.32175e-09 1.54259e-09 1.15838e-05 0.0126616 4.3736e-12 5.32859e-08 1.29969e-12 3.58188e-12 3.32824e-05 0.00104207 1.41518e-10 0.000196586 5.14744e-13 7.43949e-12 
0.0583493 0.673356 0.0244375 1.99747e-07 0.00829844 1.16469e-05 0.0054411 0.000953162 0.0119816 0.0409726 0.0301792 0.0299519 0.0691207 0.0319536 0.00750161 0.00403626 0.000352666 0.00309593 2.39197e-06 4.58311e-06 
0.0613896 2.11564e-06 0.0773776 1.45507e-09 7.01186e-07 1.151e-09 0.445183 1.77389e-10 4.73892e-06 0.0781398 0.0197105 3.69158e-06 0.17523 7.76067e-10 5.95557e-06 3.62016e-06 2.81432e-10 0.142949 1.11527e-10 1.61187e-09 
0.00121325 0.0629759 0.0653492 1.92889e-05 0.00033749 1.02583e-06 0.000421725 0.0216865 0.000273801 0.184818 8.74616e-05 0.0202218 0.627467 0.00358393 7.27964e-05 0.0109045 0.000147814 5.44499e-06 7.92788e-06 0.00040473 
5.20688e-06 4.33451e-06 0.175144 7.33656e-09 1.35925e-09 2.90751e-06 6.72717e-05 8.94407e-10 1.07142e-09 0.190352 4.77788e-09 3.05943e-06 0.634412 3.91297e-09 6.00628e-06 3.94263e-06 1.419e-09 4.75341e-10 5.62324e-10 8.12716e-09 
0.811153 3.15952e-07 9.77946e-08 9.59214e-11 0.119846 3.87045e-07 5.8632e-11 4.68924e-09 0.0455872 5.95336e-12 6.24681e-11 0.0190131 1.85635e-11 5.11599e-11 2.80865e-07 2.7116e-11 1.85526e-11 0.00439949 7.35207e-12 1.70119e-07 
0.00372466 0.446717 0.027404 2.82214e-08 5.24718e-06 6.49081e-11 0.0112423 0.0029617 6.24928e-08 0.474773 0.000188953 0.000256838 0.014821 0.000310641 0.00292179 0.00803032 0.000125171 0.00311765 3.05806e-08 0.00339954 
8.50976e-13 0.986055 6.10593e-09 1.79088e-10 1.24424e-12 5.31236e-12 5.32175e-09 1.54259e-09 1.15838e-05 0.0126616 4.3736e-12 5.32859e-08 1.29969e-12 3.58188e-12 3.32824e-05 0.00104207 1.41518e-10 0.000196586 5.14744e-13 7.43949e-12 
0.809903 0.00168467 0.000835913 7.93389e-06 0.0250171 6.33249e-07 5.90415e-05 1.15271e-05 0.000829904 0.00437595 5.21346e-07 0.0612446 0.0951777 5.67997e-05 4.28618e-05 0.000266254 0.000466451 1.85058e-05 6.13589e-08 8.86809e-07 
0.0166537 0.827058 0.000716816 3.98524e-07 0.00266803 3.15243e-07 2.43598e-07 4.85845e-08 0.00476323 0.0190432 2.59536e-07 0.0868925 0.0142611 0.000372128 0.000701426 0.00025202 7.70802e-08 0.0130707 3.05456e-08 0.0135461 
0.00277122 0.00431235 0.392778 0.29389 0.00175605 0.00295632 0.000856895 0.000158688 0.0110123 0.113413 1.20602e-10 0.0287544 0.000154236 4.3246e-06 0.00346364 0.000724914 0.0212799 0.121715 1.56617e-07 1.27609e-07 
0.066538 0.0112216 0.427274 6.97206e-06 0.00993263 1.84997e-09 1.42953e-09 0.00587595 0.0120243 0.326495 1.52305e-09 0.000159316 0.0741757 1.24735e-09 2.45434e-10 0.0111812 4.52336e-10 0.0544788 1.79253e-10 0.000636917 
8.56991e-09 0.000127525 0.000194849 6.76326e-08 1.25304e-08 4.2853e-05 4.13405e-08 8.24516e-09 5.23579e-05 3.7363e-05 0.000546204 1.09975e-05 0.998724 3.6072e-08 9.58261e-05 7.07597e-05 9.68132e-05 4.38197e-09 5.18382e-09 7.49208e-08 
0.291608 1.02284e-07 6.65253e-08 4.50298e-07 0.000175281 3.56197e-07 2.75245e-07 5.48962e-08 6.5761e-08 5.03339e-05 0.000146919 0.707467 0.000209235 2.40167e-07 0.000340294 1.27295e-07 8.7094e-08 2.91751e-08 3.45139e-08 4.98822e-07 
8.75517e-06 1.29698e-09 2.68257e-05 5.70983e-09 1.05787e-09 4.56181e-07 3.49014e-09 5.77825e-06 8.33858e-10 0.297093 7.44068e-06 2.34071e-06 0.686038 1.03572e-05 0.0136133 2.79259e-05 1.2159e-06 0.00316411 4.37641e-10 6.32513e-09 
0.000689358 0.000751736 0.387137 0.00330945 0.00396883 1.27694e-07 0.000394793 1.96799e-08 2.35749e-08 0.000150296 1.05129e-07 0.000613752 0.602775 8.60985e-08 1.69411e-08 4.56343e-08 3.12226e-08 0.000209193 1.2373e-08 1.78825e-07 
0.0595641 0.145933 0.0187547 8.43027e-07 4.39846e-07 7.68443e-11 0.00385133 1.48714e-05 0.00123006 0.0393453 1.02488e-05 0.00926622 0.0469061 5.18126e-11 0.0054131 0.00587908 0.00112993 0.0117017 3.60845e-07 0.650998 
0.000144394 0.00446066 0.902397 2.45402e-06 5.47848e-06 0.00178611 2.78107e-05 3.73955e-05 0.0108301 0.00121354 0.00231848 0.00479983 0.0713214 0.000171965 0.000178237 8.83041e-05 5.71929e-06 0.000208173 1.88093e-07 2.71847e-06 
0.0874052 0.00642396 0.0641159 6.37153e-05 0.00877255 1.94027e-06 1.4993e-06 2.67958e-05 3.58211e-07 0.00263148 0.000657796 9.57709e-05 0.82298 1.30823e-06 5.78785e-05 5.14363e-05 4.74415e-07 0.00670944 1.88003e-07 2.71717e-06 
0.0107866 2.55599e-06 0.091227 9.18841e-06 0.0337184 1.09163e-09 8.43534e-10 0.0040934 0.818421 0.0364665 8.98722e-10 4.18009e-07 5.21343e-07 7.36033e-10 1.44825e-10 1.21419e-05 2.52279e-05 0.00523617 1.05774e-10 7.31976e-07 
0.117864 0.0199633 0.0110076 0.000235748 0.00079376 6.33295e-05 0.00605655 0.0373989 0.00790178 0.0510882 2.10219e-09 0.012311 0.323371 0.00025217 0.0555157 0.284215 6.24336e-10 0.0719606 6.99524e-07 8.07935e-07 
2.94434e-05 0.00359704 6.29867e-07 5.85856e-06 1.83462e-07 7.78347e-09 6.01453e-09 0.073066 1.43698e-09 0.921487 7.80415e-07 0.000330861 0.00147187 3.88921e-07 4.21944e-06 2.6641e-06 2.59129e-06 6.37522e-10 7.54182e-10 1.09e-08 
1.56208e-10 2.80021e-10 0.00119949 1.23277e-09 2.28396e-10 2.34135e-06 2.18599e-06 1.50288e-10 6.84302e-07 0.000137997 2.81071e-06 8.71169e-11 0.998652 6.575e-10 8.41055e-07 3.48492e-10 1.2401e-06 1.51837e-07 9.44878e-11 1.36561e-09 
0.00133327 0.133364 0.0187962 9.39497e-09 0.0172657 7.43167e-09 5.74268e-09 1.37495e-06 1.15237e-06 0.687097 6.1184e-09 0.0130898 0.026093 0.000265517 2.23573e-06 9.89585e-06 1.81712e-09 0.102674 7.20094e-10 5.9901e-06 
6.34378e-06 0.311062 5.12243e-06 1.62016e-09 2.07146e-06 1.28159e-09 9.90321e-10 1.97515e-10 3.71495e-06 0.0173611 1.90026e-06 9.38853e-06 0.649148 8.64114e-10 0.0191327 9.16463e-07 5.01693e-07 0.00326684 1.2418e-10 1.79474e-09 
0.257186 0.000553413 8.10638e-06 6.02908e-09 4.73625e-05 1.91244e-06 5.16307e-06 2.64678e-06 8.80481e-10 3.74195e-10 7.89204e-07 5.83747e-06 0.214993 3.21563e-09 0.527173 3.06956e-06 1.16611e-09 1.94927e-05 4.6211e-10 6.67878e-09 
0.512516 0.0801807 0.0335385 0.000386772 0.0634568 0.00234369 0.00191579 0.000114631 0.019944 0.04817 0.0737697 0.070458 0.0036967 0.00027009 0.00548394 0.00158302 0.000437346 0.0711176 0.000233484 0.0103832 
0.898942 1.63898e-07 0.000309242 7.14405e-09 0.00323816 5.65113e-09 4.3668e-09 8.70938e-10 7.51287e-06 2.91757e-05 4.6525e-09 9.13837e-06 0.0010397 3.8103e-09 7.94791e-06 1.0118e-06 1.38176e-09 0.0964155 5.47568e-10 7.9139e-09 
1.08216e-07 4.03592e-07 0.0090199 1.37724e-10 2.55162e-11 2.61573e-07 2.44217e-07 1.42732e-07 2.0113e-11 0.000801418 0.0168313 1.24587e-07 0.970558 4.11423e-07 0.00203907 3.34865e-07 0.00074827 1.69631e-08 1.05561e-11 1.52565e-10 
0.00277122 0.00431235 0.392778 0.29389 0.00175605 0.00295632 0.000856895 0.000158688 0.0110123 0.113413 1.20602e-10 0.0287544 0.000154236 4.3246e-06 0.00346364 0.000724914 0.0212799 0.121715 1.56617e-07 1.27609e-07 
0.0766023 0.0346295 0.212069 2.69219e-07 0.0266688 3.44884e-08 0.00227432 7.42136e-06 0.0256359 0.061848 0.127474 0.249813 0.0497883 0.00119122 8.25016e-07 8.42235e-07 0.000551473 0.131445 3.50935e-07 4.43375e-07 
7.52386e-05 0.171794 0.363799 1.81023e-08 1.37541e-05 1.43194e-08 0.000221312 6.64264e-07 2.64364e-09 0.172575 3.06631e-05 0.291353 9.31911e-05 9.65489e-09 1.89974e-09 4.61072e-06 3.50124e-09 3.92921e-05 1.38748e-09 2.0053e-08 
0.00273935 0.249314 0.000292266 9.16819e-07 1.6986e-07 8.66181e-05 2.54499e-05 1.1177e-07 1.33891e-07 0.0657769 5.97071e-07 6.47895e-08 0.681761 4.88988e-07 9.62156e-08 2.59176e-07 1.77326e-07 5.94014e-08 7.02712e-08 1.01562e-06 
2.30832e-05 1.2098e-05 1.13629e-05 4.13235e-08 0.999926 3.26879e-08 2.5259e-08 5.03778e-09 1.78748e-07 2.56474e-09 2.69116e-08 1.11184e-05 6.18763e-06 2.204e-08 5.21708e-06 1.16817e-08 7.99255e-09 4.29366e-06 3.16731e-09 4.57765e-08 
0.518107 0.0177297 0.0271071 0.00192837 0.0565319 1.05553e-08 0.000534739 9.9852e-05 0.00149522 0.0279 7.82757e-06 0.00850688 5.93774e-07 7.11694e-09 1.40036e-09 0.00104276 2.58088e-09 0.232252 1.02276e-09 0.106756 
1.49128e-05 3.95614e-05 2.18179e-05 2.40305e-05 5.8589e-05 4.37045e-05 1.87626e-05 1.30453e-06 0.242123 1.7537e-05 2.05715e-06 0.341925 0.357578 2.33958e-06 4.53171e-05 0.0183807 6.10959e-07 0.0396962 2.68999e-07 7.19077e-06 
3.77943e-07 0.00265478 0.021242 5.0702e-05 5.52603e-07 2.35937e-06 1.82316e-06 3.6362e-07 4.35586e-07 0.000191694 1.94244e-06 0.00755202 0.96803 1.59082e-06 6.0408e-05 0.000138318 5.28319e-05 1.9325e-07 2.28612e-07 1.73883e-05 
0.0051434 7.05284e-05 2.05879e-07 1.39356e-06 2.58186e-07 1.10234e-06 6.78945e-05 7.06733e-05 2.03514e-07 0.00287434 9.07544e-07 5.92873e-05 0.991607 7.43258e-07 3.66024e-06 9.62301e-05 2.69534e-07 9.02898e-08 1.06812e-07 1.54373e-06 
6.70153e-07 0.110199 0.014533 5.23588e-10 1.22237e-06 1.66083e-07 3.20043e-10 3.76667e-07 1.56759e-06 9.41426e-06 3.40982e-10 6.77151e-07 6.38472e-07 2.79257e-10 0.00588609 0.75523 7.09898e-08 0.114137 4.01313e-11 5.8001e-10 
8.28448e-06 0.00186063 0.0123145 1.30273e-10 2.15746e-05 0.00184638 0.000272791 0.000702519 0.00191814 0.0232989 0.0684178 0.000420579 0.8666 3.74754e-05 0.0191625 0.000291191 0.00113278 0.00169348 2.91069e-07 1.44311e-10 
2.18615e-08 3.91894e-08 0.99982 1.74253e-05 3.19644e-08 1.36474e-07 1.05458e-07 2.1054e-05 2.51958e-08 5.35503e-05 1.12357e-07 1.21921e-08 8.68446e-05 9.20182e-08 1.81059e-08 4.87719e-08 3.33694e-08 1.11782e-08 1.32237e-08 1.9112e-07 
1.72522e-05 0.0053831 0.919586 6.54442e-07 0.000219805 2.14737e-10 0.000884856 3.30948e-11 2.80062e-05 0.0676302 1.76791e-10 0.000377317 0.000785037 1.44788e-10 1.83357e-08 8.8446e-08 5.25056e-11 0.00508746 2.08071e-11 3.00721e-10 
9.2905e-05 0.0038379 0.00852204 2.55736e-05 0.000462191 4.24238e-08 0.00573193 0.686373 0.00260516 0.278177 0.000262955 0.000949588 4.2612e-05 0.000216461 7.20103e-05 0.00570567 5.43308e-05 0.0068487 1.96186e-05 2.08409e-09 
9.59468e-09 0.0868578 3.19957e-06 7.57199e-08 1.30039e-05 5.98965e-08 0.000968469 3.44102e-06 6.35394e-06 2.99271e-05 4.9312e-08 2.52657e-06 7.16213e-05 6.74655e-06 7.94643e-09 0.911968 5.95405e-07 6.82961e-05 5.80369e-09 8.38796e-08 
1.90346e-05 0.0888748 0.0600206 4.05735e-05 1.30197e-07 9.92412e-05 0.00515007 1.26931e-05 0.000328838 0.107399 9.45827e-05 1.06156e-05 0.71186 3.74808e-07 0.0122436 0.0126223 1.3592e-07 0.00122272 5.38627e-08 7.78468e-07 
1.58122e-10 1.42009e-07 0.00719412 1.24787e-09 2.31195e-10 2.37003e-06 2.21278e-06 1.52129e-10 1.82238e-10 4.65471e-08 0.00199445 8.81844e-11 0.983691 6.65557e-10 0.00246979 3.52762e-10 0.00464585 1.53697e-07 9.56455e-11 1.38235e-09 
0.000192115 0.244404 0.00570546 3.97194e-07 0.000387454 1.41607e-06 0.000990465 0.00120959 0.0274984 0.118213 0.000260558 0.00420462 0.00031545 2.25894e-05 0.0227384 0.00173166 1.9298e-05 0.571979 1.21405e-05 0.000113376 
0.0401483 0.0205125 0.00297 8.78851e-07 0.00022492 5.6677e-06 0.00201828 3.36448e-08 0.000851477 0.023589 8.74467e-06 0.0348728 0.791727 2.15134e-06 0.00229008 2.06023e-05 0.000864956 0.0798437 2.11528e-08 4.8724e-05 
0.000122045 0.000295872 0.0213105 3.42841e-07 4.16261e-06 2.71196e-07 2.09562e-07 1.10326e-05 5.00682e-08 0.0355924 0.871069 9.6182e-06 0.0714911 3.18617e-05 2.419e-05 2.58825e-05 1.1144e-05 2.2213e-08 2.62777e-08 3.79786e-07 
6.74765e-06 2.94316e-05 0.103466 5.92995e-10 1.09865e-10 4.69075e-10 2.00087e-05 6.51356e-08 6.9289e-07 0.1284 1.5065e-06 0.000815062 0.679248 3.16276e-10 4.83549e-06 2.64879e-06 0.00281611 0.0234984 4.54512e-11 0.0616901 
0.0107866 2.55599e-06 0.091227 9.18841e-06 0.0337184 1.09163e-09 8.43534e-10 0.0040934 0.818421 0.0364665 8.98722e-10 4.18009e-07 5.21343e-07 7.36033e-10 1.44825e-10 1.21419e-05 2.52279e-05 0.00523617 1.05774e-10 7.31976e-07 
0.285819 0.00124543 0.341099 2.50932e-08 2.04605e-05 1.98494e-08 0.000846689 2.75629e-06 3.66459e-09 0.000180505 6.37492e-05 1.27694e-05 0.000530306 1.33835e-08 0.368519 0.000112086 0.000108235 6.58471e-05 1.92332e-09 0.00137322 
3.08475e-06 5.52979e-06 3.59655e-06 2.43444e-05 4.51032e-06 1.92571e-05 1.48805e-05 2.96785e-06 3.55523e-06 0.997824 0.00203047 1.72036e-06 4.71133e-06 1.29842e-05 2.55483e-06 6.88193e-06 4.70856e-06 1.57729e-06 1.86592e-06 2.69678e-05 
0.00034245 0.101326 0.0205584 2.55359e-06 0.00119831 7.63639e-10 0.00116525 0.00135015 0.0656768 0.189253 0.000742668 0.0143706 0.000136113 8.89048e-06 0.00313743 0.00537382 3.34844e-05 0.595323 6.25529e-07 2.93733e-07 
1.09948e-06 1.97095e-06 0.000732776 8.67693e-06 1.60758e-06 6.86368e-06 5.30378e-06 0.000109785 1.26717e-06 0.998363 5.65078e-06 3.97326e-05 0.000382588 4.62786e-06 9.106e-07 2.45288e-06 1.35746e-05 0.000307417 6.65059e-07 9.61196e-06 
0.000218191 0.000813744 0.00386863 2.77686e-07 5.14472e-08 2.19657e-07 1.69736e-07 0.000287784 4.0553e-08 0.00268861 0.979018 0.0002512 0.0104256 0.000829533 0.000632406 0.000675172 0.000290079 1.79915e-08 2.12838e-08 3.0761e-07 
9.59468e-09 0.0868578 3.19957e-06 7.57199e-08 1.30039e-05 5.98965e-08 0.000968469 3.44102e-06 6.35394e-06 2.99271e-05 4.9312e-08 2.52657e-06 7.16213e-05 6.74655e-06 7.94643e-09 0.911968 5.95405e-07 6.82961e-05 5.80369e-09 8.38796e-08 
2.54756e-08 0.000379091 0.000579224 2.0105e-07 3.72488e-08 0.000127388 1.22892e-07 2.45102e-08 0.000155643 0.000111068 0.00162369 3.26921e-05 0.996207 1.07231e-07 0.000284861 0.000210346 0.000287795 1.30262e-08 1.54099e-08 2.22716e-07 
0.00346211 0.41651 9.98611e-05 9.16831e-07 1.69862e-07 1.72396e-05 5.60413e-07 0.000124209 1.33893e-07 0.245382 3.68531e-05 0.000233659 0.332529 4.88994e-07 9.62168e-08 2.59179e-07 0.000820524 0.000780504 7.02721e-08 1.01563e-06 
8.50976e-13 0.986055 6.10593e-09 1.79088e-10 1.24424e-12 5.31236e-12 5.32175e-09 1.54259e-09 1.15838e-05 0.0126616 4.3736e-12 5.32859e-08 1.29969e-12 3.58188e-12 3.32824e-05 0.00104207 1.41518e-10 0.000196586 5.14744e-13 7.43949e-12 
0.533947 0.0012496 7.07793e-10 4.79092e-09 8.87619e-10 3.78975e-09 0.000804961 0.000846213 6.99661e-10 0.0310668 3.12005e-09 0.307848 0.0631103 3.58563e-05 0.000897117 0.0328021 9.26632e-10 0.0273922 3.67209e-10 5.3072e-09 
0.173942 0.484985 0.0684114 4.58617e-08 1.16604e-10 4.97846e-10 5.40562e-06 7.67268e-11 0.0113813 0.00252467 4.09871e-10 0.0189655 0.00219251 3.35675e-10 0.00846868 1.77916e-10 2.59845e-06 0.229117 4.8239e-11 3.63343e-06 
0.0513793 0.000340564 0.0183621 1.29195e-09 3.82519e-07 4.95648e-07 0.00291363 0.000424837 5.77737e-07 0.281297 0.0584308 0.00836586 0.247134 0.000406385 0.0884566 0.242486 1.66049e-07 1.71962e-06 9.90242e-11 1.43118e-09 
2.89809e-05 0.0325479 0.08465 5.77544e-09 4.537e-05 1.83198e-06 4.94586e-06 7.0409e-10 8.43439e-10 4.40933e-06 7.56002e-07 0.109047 0.0578672 3.08035e-09 0.252505 0.00206124 8.94759e-07 0.461234 4.42669e-10 6.39781e-09 
0.000548734 1.63673e-06 0.0052172 7.20555e-06 1.33498e-06 5.69978e-06 4.4044e-06 8.78435e-07 1.05229e-06 0.000492379 0.00516651 0.0030048 1.39447e-06 3.8431e-06 7.56186e-07 2.03694e-06 1.39366e-06 0.98553 5.52282e-07 7.98203e-06 
0.000345219 9.22111e-05 5.40256e-09 3.65689e-08 9.96019e-05 2.8927e-08 7.37865e-05 4.45816e-09 5.34049e-09 2.26965e-09 2.38152e-08 0.425914 0.090001 1.95041e-08 3.83773e-09 1.03377e-08 7.07295e-09 0.483474 2.80289e-09 4.05097e-08 
0.000659565 0.0128429 4.52652e-05 0.000192508 0.0192869 0.0731492 0.000746446 0.000102167 0.00182762 0.193194 0.000870811 0.00925393 0.553078 8.27393e-06 0.000156386 0.0343394 0.000723471 0.0995037 1.99954e-05 8.17352e-08 
4.45245e-08 7.98156e-08 0.118587 3.51382e-07 6.51009e-08 2.77952e-07 2.14782e-07 4.28373e-08 5.13154e-08 4.14579e-05 0.000412131 2.48313e-08 0.880814 1.8741e-07 5.53506e-05 9.93322e-08 8.84188e-05 2.27663e-08 2.69323e-08 3.89247e-07 
1.54918e-05 4.30227e-05 2.64135e-08 1.78788e-07 3.31243e-08 1.41426e-07 4.11513e-05 4.31823e-05 2.61101e-08 1.44072e-05 1.16434e-07 3.62466e-05 0.997163 9.53572e-08 1.87629e-08 0.00264235 3.45802e-08 1.15838e-08 1.37036e-08 1.98055e-07 
4.09331e-05 0.000160507 0.00732782 2.24317e-08 4.16009e-06 1.7744e-08 1.37114e-08 2.98106e-05 3.2759e-09 0.942267 6.13701e-05 1.72802e-05 0.0500394 1.1964e-08 4.23972e-06 6.34121e-09 4.3386e-09 4.72359e-05 1.71931e-09 2.48489e-08 
7.13248e-05 2.55206e-07 1.65985e-07 1.12353e-06 2.08157e-07 8.88738e-07 6.86755e-07 1.3697e-07 1.64078e-07 6.97316e-08 7.31687e-07 0.000944903 0.998977 5.99235e-07 1.17908e-07 3.1761e-07 2.17306e-07 7.27941e-08 8.61146e-08 1.2446e-06 
0.000280706 0.00548832 9.67486e-05 5.03362e-07 0.00124976 3.98173e-07 3.0768e-07 6.13654e-08 0.000669019 0.00118095 3.27811e-07 0.00184264 0.00133468 0.00123523 5.28253e-08 1.42296e-07 9.73574e-08 0.986619 3.85811e-08 5.57605e-07 
0.0107866 2.55599e-06 0.091227 9.18841e-06 0.0337184 1.09163e-09 8.43534e-10 0.0040934 0.818421 0.0364665 8.98722e-10 4.18009e-07 5.21343e-07 7.36033e-10 1.44825e-10 1.21419e-05 2.52279e-05 0.00523617 1.05774e-10 7.31976e-07 
0.000154051 0.000427388 7.71007e-07 5.21881e-06 0.00241007 4.12822e-06 0.0307025 0.000428609 7.6215e-07 0.0636044 3.39871e-06 0.090491 0.811174 2.78347e-06 5.47688e-07 0.000583224 1.00939e-06 3.38131e-07 4.00005e-07 5.7812e-06 
0.0107866 2.55599e-06 0.091227 9.18841e-06 0.0337184 1.09163e-09 8.43534e-10 0.0040934 0.818421 0.0364665 8.98722e-10 4.18009e-07 5.21343e-07 7.36033e-10 1.44825e-10 1.21419e-05 2.52279e-05 0.00523617 1.05774e-10 7.31976e-07 
0.000654415 0.0699247 0.0312464 5.50256e-07 3.16072e-06 4.35267e-07 9.41148e-06 1.83986e-07 0.0453141 0.000117293 0.649887 0.173499 0.00805256 6.05823e-06 0.000419939 1.55552e-07 3.55234e-06 0.0208561 4.21753e-08 5.87251e-06 
5.08868e-08 3.79289e-05 1.15056e-05 4.01592e-07 9.76363e-06 2.17682e-05 2.45473e-07 4.89585e-08 0.000451788 0.0215437 2.17057e-05 2.83796e-08 0.977792 2.1419e-07 1.89465e-05 5.5011e-05 9.44352e-06 2.51903e-05 3.07807e-08 4.44868e-07 
8.28365e-06 0.0131776 0.160234 3.1468e-08 2.54905e-06 4.18577e-06 2.94867e-06 5.45343e-06 0.0202072 0.119906 0.0758781 5.82365e-07 0.457081 0.0879273 0.000650731 7.11335e-06 0.0288213 0.0357297 1.69572e-06 0.000354194 
3.68919e-07 6.61332e-07 0.0262812 2.91146e-06 0.000216303 2.30304e-06 1.77963e-06 3.54939e-07 4.25186e-07 0.000379649 1.89606e-06 2.05746e-07 0.000564011 0.972543 3.05543e-07 8.23041e-07 5.63117e-07 1.88636e-07 2.23154e-07 3.2252e-06 
6.07394e-07 1.08883e-06 7.08169e-07 4.79347e-06 8.88091e-07 3.79176e-06 2.93001e-06 5.84376e-07 7.00033e-07 0.000982068 3.12171e-06 3.38743e-07 0.993256 2.55661e-06 5.03051e-07 0.00393105 9.27125e-07 0.00180164 3.67404e-07 5.31002e-06 
0.898942 1.63898e-07 0.000309242 7.14405e-09 0.00323816 5.65113e-09 4.3668e-09 8.70938e-10 7.51287e-06 2.91757e-05 4.6525e-09 9.13837e-06 0.0010397 3.8103e-09 7.94791e-06 1.0118e-06 1.38176e-09 0.0964155 5.47568e-10 7.9139e-09 
0.0107866 2.55599e-06 0.091227 9.18841e-06 0.0337184 1.09163e-09 8.43534e-10 0.0040934 0.818421 0.0364665 8.98722e-10 4.18009e-07 5.21343e-07 7.36033e-10 1.44825e-10 1.21419e-05 2.52279e-05 0.00523617 1.05774e-10 7.31976e-07 
1.72522e-05 0.0053831 0.919586 6.54442e-07 0.000219805 2.14737e-10 0.000884856 3.30948e-11 2.80062e-05 0.0676302 1.76791e-10 0.000377317 0.000785037 1.44788e-10 1.83357e-08 8.8446e-08 5.25056e-11 0.00508746 2.08071e-11 3.00721e-10 
1.27618e-09 0.293018 1.43032e-06 1.00714e-08 1.86594e-09 7.96676e-09 0.000376861 0.000895991 1.47082e-09 0.703848 6.55893e-09 3.03672e-07 2.42703e-06 3.01065e-06 1.05694e-09 0.00185346 2.62207e-07 5.27936e-07 7.71942e-10 1.11567e-08 
0.0107866 2.55599e-06 0.091227 9.18841e-06 0.0337184 1.09163e-09 8.43534e-10 0.0040934 0.818421 0.0364665 8.98722e-10 4.18009e-07 5.21343e-07 7.36033e-10 1.44825e-10 1.21419e-05 2.52279e-05 0.00523617 1.05774e-10 7.31976e-07 
4.78664e-08 0.00232259 0.00019795 3.47694e-05 6.99872e-08 2.98815e-07 2.12251e-05 4.60525e-08 5.5167e-08 0.962781 0.0345584 2.66951e-08 7.31062e-08 2.01477e-07 3.96436e-08 8.27454e-05 7.30633e-08 2.44751e-08 2.89538e-08 4.18463e-07 
2.54474e-05 0.00657279 0.0131394 1.02204e-06 0.0201081 8.08458e-07 0.000296878 1.24597e-07 2.37172e-05 0.131285 3.82007e-05 6.43181e-06 0.824822 0.00011706 1.07258e-07 1.55124e-05 0.000171638 0.00337411 7.83358e-08 1.13217e-06 
0.0100431 0.187383 0.0572894 3.34434e-09 0.0217557 2.64546e-09 0.0235775 4.07711e-10 2.05178e-06 0.219421 2.17797e-09 0.373198 0.10732 2.67734e-06 4.14181e-06 9.45411e-10 6.46842e-10 3.40214e-06 2.56333e-10 3.70472e-09 
0.33312 3.05902e-07 0.00137618 1.34671e-06 0.00175847 1.06528e-06 8.23175e-07 1.64178e-07 0.330806 0.000265623 8.77032e-07 9.51687e-08 0.331524 7.1827e-07 1.4133e-07 0.00020506 7.66456e-05 0.000861546 1.03221e-07 1.49183e-06 
0.95147 0.0133572 0.00229385 0.00021336 0.00115997 3.2611e-06 2.51995e-06 8.09435e-06 6.02063e-07 9.30667e-05 2.68482e-06 0.00167061 0.0255093 0.000831298 4.32649e-07 5.15566e-06 7.97374e-07 0.00334319 3.15986e-07 3.4037e-05 
5.51271e-11 9.62116e-05 6.42735e-11 4.35056e-10 8.06032e-11 3.44141e-10 2.65928e-10 1.18599e-05 6.35351e-11 0.159613 2.83327e-10 1.84193e-08 8.41954e-11 0.840278 4.10075e-08 1.22986e-10 8.4146e-11 2.22973e-07 3.33456e-11 4.81938e-10 
6.11506e-09 1.0962e-08 7.12963e-09 4.82592e-08 8.94104e-09 3.81743e-08 2.94985e-08 0.00039932 7.04773e-09 0.0029846 3.14284e-08 3.41037e-09 0.996616 2.57392e-08 5.06457e-09 1.36424e-08 9.33402e-09 3.12675e-09 3.69892e-09 5.34597e-08 
0.0107866 2.55599e-06 0.091227 9.18841e-06 0.0337184 1.09163e-09 8.43534e-10 0.0040934 0.818421 0.0364665 8.98722e-10 4.18009e-07 5.21343e-07 7.36033e-10 1.44825e-10 1.21419e-05 2.52279e-05 0.00523617 1.05774e-10 7.31976e-07 
4.87829e-06 8.74491e-06 0.00967471 3.84988e-05 7.13271e-06 3.04535e-05 2.35324e-05 4.69342e-06 5.62232e-06 2.38943e-06 2.5072e-05 0.000274783 0.979014 2.05334e-05 4.04025e-06 0.00654083 7.44621e-06 2.49436e-06 2.95081e-06 0.00430739 
0.169177 0.303014 0.000324017 0.308 0.000585728 0.00154289 0.0020122 0.000391328 0.0299383 0.0136668 0.000330487 0.0604782 0.0469268 3.5555e-05 0.0451492 0.00689296 3.19777e-08 0.0115244 5.40761e-06 4.39601e-06 
5.43537e-07 9.74355e-07 6.33717e-07 4.28952e-06 0.00166972 3.39312e-06 2.62197e-06 5.22939e-07 6.26437e-07 2.66229e-07 2.79351e-06 3.0313e-07 0.997831 2.28783e-06 4.50164e-07 1.2126e-06 8.29654e-07 0.000472745 3.28778e-07 4.75176e-06 
5.81605e-08 0.129567 0.00398789 1.35574e-10 0.00107624 2.21125e-08 8.28695e-11 0.000533984 3.67605e-08 0.860353 1.34569e-06 0.00011364 2.62373e-11 7.23086e-11 1.42278e-11 0.000362598 2.62219e-11 0.0040043 1.03913e-11 1.50183e-10 
0.000109941 1.63619e-07 0.0772309 7.20319e-07 0.000633852 5.69791e-07 4.40295e-07 5.316e-05 1.05195e-07 4.47066e-08 4.69102e-07 0.653441 0.26828 3.84184e-07 7.60993e-05 2.03627e-07 1.3932e-07 0.00017163 5.52101e-08 7.97941e-07 
0.0140085 0.183287 0.0466806 6.8322e-06 0.421079 6.3535e-07 0.000142478 9.79185e-08 9.43274e-05 0.00117426 0.000832545 0.000320156 0.0010903 4.28387e-07 0.000354765 0.16379 1.5535e-07 0.167136 6.15624e-08 8.8975e-07 
1.27057e-07 2.27764e-07 0.000903783 1.00271e-06 1.85774e-07 7.93173e-07 0.000736104 1.22242e-07 1.46435e-07 0.00103936 6.53009e-07 7.08595e-08 0.995668 0.000107494 0.00148385 5.69749e-05 1.93939e-07 6.49666e-08 7.68548e-08 1.11077e-06 
0.965212 0.000393748 0.00113721 1.92391e-06 3.56445e-07 1.52186e-06 1.17599e-06 2.34546e-07 0.00890688 1.19407e-07 1.25293e-06 0.00694759 3.7233e-07 1.02612e-06 2.01905e-07 0.000326866 3.72111e-07 0.0170649 1.47461e-07 2.13123e-06 
1.17095e-05 6.97143e-10 0.941606 3.06912e-09 5.68618e-10 2.42775e-09 0.0020375 3.74159e-10 0.0216871 0.000832365 1.99874e-09 1.40767e-07 2.99099e-06 1.80125e-06 0.0204758 0.00112247 5.93611e-10 0.0122224 2.35238e-10 3.39985e-09 
7.90805e-12 0.0331531 9.22011e-12 6.24093e-11 1.15626e-11 4.93674e-11 4.20007e-08 0.701394 8.29482e-08 0.264816 4.06436e-11 4.41032e-12 5.49065e-06 8.99057e-08 6.54954e-12 0.000630424 1.20708e-11 4.04355e-12 4.78347e-12 6.91346e-11 
0.00277122 0.00431235 0.392778 0.29389 0.00175605 0.00295632 0.000856895 0.000158688 0.0110123 0.113413 1.20602e-10 0.0287544 0.000154236 4.3246e-06 0.00346364 0.000724914 0.0212799 0.121715 1.56617e-07 1.27609e-07 
0.00419629 0.0403004 0.279319 3.74186e-09 0.000207141 3.97108e-06 0.0279179 0.00213686 0.000463571 0.414229 0.000663669 0.0279817 0.134881 0.000713202 0.0055161 0.0594783 6.64728e-05 0.00192428 6.54289e-07 4.14509e-09 
0.00237109 0.257922 0.000167031 3.8194e-07 9.43292e-05 3.02125e-07 0.000311212 4.65627e-08 8.24451e-05 0.017902 9.96075e-05 4.28581e-05 7.3916e-08 2.05345e-05 0.330789 0.332228 7.38726e-08 0.057969 2.92745e-08 4.23098e-07 
2.6738e-07 0.0029722 0.00595456 2.11013e-06 3.90945e-07 1.66917e-06 0.00116212 0.00208396 3.0816e-07 0.0060245 1.3742e-06 0.00204306 0.977549 1.12544e-06 0.00117389 5.96512e-07 4.08128e-07 0.00102551 1.61734e-07 2.33752e-06 
