0.0931077 0.00374286 0.0204786 0.000804014 0.0332315 1.10428e-05 0.00203257 0.0138712 0.0205262 0.0272197 0.00413232 0.0888913 0.0161802 0.000737796 0.149875 0.00160761 0.00158541 0.0469313 0.474972 6.17598e-05 
0.116342 0.00128915 0.0482116 0.000736862 0.0190999 0.0226275 3.96667e-05 0.0148875 0.00728333 0.00701153 0.024537 0.020817 0.144957 0.0194315 0.0135204 0.000220306 0.00409238 0.0369884 0.497099 0.000807524 
0.0329204 0.00174151 0.0413905 0.000104488 0.00438713 0.000245807 0.00217338 0.00442696 0.00358228 0.0153222 0.00200628 0.187171 0.00695681 6.86295e-05 0.263132 0.00148539 0.00012539 0.103342 0.329112 0.000305956 
0.0115587 0.00199655 0.144924 6.083e-05 0.0103097 0.000883338 0.00027422 0.0131641 0.0477016 0.0599304 0.0456335 0.0405709 0.030239 0.00104231 0.130201 0.124735 0.000541891 0.115195 0.221038 3.08235e-08 
0.0545826 0.00179204 0.0156096 7.43618e-05 0.0365983 4.44657e-05 0.00775516 0.0407208 0.0446044 0.0225994 0.00223973 0.0463498 0.00809822 0.00177427 0.200821 0.00041242 0.0120325 0.0747743 0.429108 8.13732e-06 
0.0844787 7.73957e-06 0.00250196 8.86394e-08 1.42916e-05 4.74226e-12 3.91068e-09 4.8522e-06 0.0206656 0.000131103 1.13412e-07 0.0968467 1.16021e-12 0.00182215 0.0950862 1.69475e-12 0.00902614 0.0131238 0.67629 6.6411e-12 
0.123336 0.000560369 0.0039349 0.00139355 0.0426603 4.01453e-06 0.000404975 1.62154e-05 0.0131369 0.00258914 0.00130205 0.113332 0.00712239 5.22042e-06 0.00396901 0.000826288 3.04775e-05 0.0213565 0.664017 2.26898e-06 
0.0393641 0.0093837 0.0581684 1.92952e-06 0.0045241 1.13984e-05 0.00229192 0.0134842 0.016621 0.0754491 0.00189919 0.191201 0.0163973 0.107906 0.124124 0.0110422 0.0463092 0.03626 0.24556 9.96772e-07 
0.0366491 0.00942517 0.0292379 0.00140438 0.0345098 8.56974e-05 0.00200847 0.0151726 0.0375445 0.0379537 0.00368495 0.19795 0.0062564 0.00392493 0.194437 0.00755975 0.0082507 0.114046 0.259203 0.0006956 
0.0351768 0.000673285 0.0101956 0.0002522 0.000190795 3.5201e-05 0.00127349 0.00864181 0.00124637 0.013821 0.000185705 0.190355 0.00965017 8.24273e-05 0.086414 0.00256299 0.00015648 0.0116444 0.627442 9.99441e-08 
0.119356 0.00987348 0.0357948 0.00217978 0.0200435 3.78991e-05 0.00317593 0.00961586 0.0733184 0.0353493 0.0197404 0.10009 0.0190681 0.00195246 0.104492 0.00473657 0.00771629 0.0892603 0.344198 1.29968e-06 
0.00642784 0.00182885 0.0116105 0.00154754 0.00051227 0.000417753 9.90993e-05 0.00204059 0.118702 0.0033012 0.000126915 0.0328181 0.00422181 0.000344279 0.0350375 0.000180324 0.00062883 0.0955535 0.6846 3.79527e-07 
0.0137791 0.00333385 0.136275 0.0375022 0.00541131 0.000375981 0.0121482 0.0075685 0.0133419 0.0501558 0.00160868 0.194778 0.0706952 4.18439e-05 0.0332805 0.00120964 4.5212e-05 0.182019 0.236429 5.00874e-07 
0.0358956 0.0109628 0.0895893 0.00118605 0.0123777 5.33275e-05 0.00448827 0.0293454 0.0488113 0.108862 0.000840945 0.120981 0.0165179 0.00406544 0.0854371 0.0092951 0.00259843 0.178347 0.240345 2.54082e-07 
0.0689989 0.000111485 0.00744781 0.00157943 0.0108848 4.34409e-07 0.000378046 0.00315049 0.0267569 0.0048096 5.68332e-05 0.143143 0.00078377 0.00360189 0.155935 6.38291e-05 0.00174449 0.0321871 0.538366 5.32223e-11 
0.134904 0.00323258 0.0317009 9.02184e-06 0.00392561 5.13965e-05 0.000156597 6.01025e-05 0.00244542 0.00134184 0.000343997 0.187593 0.00579692 0.00424914 0.00833937 0.0001128 5.08868e-05 0.0156027 0.600084 1.75187e-11 
0.190072 0.0170196 0.0412148 0.0109235 0.00229729 3.91377e-10 0.00219665 0.00399974 0.00757311 0.0175024 0.000186462 0.216978 0.090203 0.00154887 0.0246655 0.000258868 0.00304717 0.00984275 0.356071 0.00439985 
0.274239 0.00152521 0.0161161 0.00271281 0.0186383 0.00370464 0.000950432 0.00925319 0.0478698 0.020317 0.000486592 0.0619597 0.0113757 0.00536586 0.0659485 0.000677212 0.0903081 0.0875624 0.279463 0.00152606 
0.0740675 0.0011516 0.00578756 0.00124476 0.0395815 7.10615e-06 0.00177545 0.065572 0.0484249 0.030441 0.00226348 0.0208126 0.0101534 0.00710069 0.149371 0.000412252 0.00706964 0.0178458 0.516857 6.06928e-05 
0.000658605 0.000155101 0.00673618 7.17899e-07 1.18907e-05 2.82193e-05 4.70545e-06 1.1883e-06 0.0294583 1.29777e-05 3.49402e-06 0.00324646 0.0412404 1.20261e-06 0.00220877 9.00129e-05 1.7025e-05 0.0264073 0.889708 9.03216e-06 
0.210551 0.000709244 0.00614287 3.49331e-05 0.0557482 4.67699e-05 0.0155171 0.00838668 0.0288247 0.0462089 0.000202283 0.086839 0.0547109 0.0168734 0.128513 0.000279421 0.000220614 0.0839503 0.256026 0.000215232 
0.000602737 0.000113189 0.0973366 0.000107611 0.00032103 4.2564e-05 2.39466e-05 0.000574202 0.00332749 0.00461091 4.51175e-05 0.183864 0.00240938 1.51277e-05 0.0715501 2.63166e-05 8.63766e-06 0.0210752 0.613945 2.96147e-07 
0.0158242 0.0106159 0.0850027 0.000203805 0.0169275 7.95572e-05 0.000651819 0.012543 0.0361933 0.066124 0.00239774 0.0913786 0.0471191 0.00142326 0.105307 0.00529703 0.000331961 0.147254 0.355326 6.12383e-09 
0.0825129 0.00690475 0.00267126 0.00311592 8.46026e-05 1.44115e-06 0.000982537 0.000426501 0.00424885 0.00568054 0.000280283 0.153567 0.000445365 0.000169021 0.0602126 0.000715427 3.06991e-05 0.0403481 0.637603 1.50512e-12 
0.198676 0.00349231 0.00394047 9.34858e-05 0.00361542 6.03523e-07 7.32105e-05 0.0140393 0.00153347 0.00642943 0.0277467 0.0107163 0.00406468 0.00636088 0.00533056 3.60957e-06 0.00142491 0.00261664 0.709842 3.27958e-09 
0.0197144 0.0098296 0.00939575 1.77594e-05 0.0376077 3.69262e-05 0.000118742 0.000701943 0.128135 0.019134 5.19925e-06 0.0817685 0.0042381 0.000151865 0.0264187 0.00016585 0.000276369 0.280927 0.379539 0.00181788 
0.0111654 0.00471419 0.0749887 1.27997e-05 0.0177263 0.00021561 0.000114554 0.0092948 0.0201219 0.0578476 0.00023667 0.0990022 0.0141357 0.000803956 0.157755 0.00186785 0.00332879 0.236829 0.289814 2.51682e-05 
0.0446281 0.013549 0.0415222 2.13114e-05 0.00251282 1.2052e-05 0.000504304 0.00421925 0.00746651 0.0334636 0.00264199 0.173468 0.0224841 0.000546081 0.240961 0.00330364 4.04965e-05 0.0862944 0.322358 2.58831e-06 
0.00636591 0.000318871 0.0150113 6.57363e-06 0.00297306 0.000123704 0.00119621 0.00208551 0.0871392 0.00403529 0.000129225 0.0471768 0.0114671 0.0166644 0.0736304 0.00239365 0.000206173 0.0997828 0.62329 0.0060036 
0.0954308 0.00366513 0.0879704 0.00590893 0.0395527 1.071e-06 0.000141627 0.00507061 0.0890523 0.0244998 0.117768 0.136855 0.00497482 0.0295172 0.0286557 0.0219092 0.00243263 0.0657409 0.240854 2.33987e-08 
0.000419442 0.00220111 0.0642852 1.04047e-07 0.000446292 0.00179732 0.000107433 0.0476491 0.0184938 0.018917 0.0024694 0.00224356 0.211581 0.000578341 0.16407 0.000585176 0.00121392 0.144554 0.318385 1.75312e-06 
0.0675884 0.00452336 0.0395671 0.000115459 0.0114668 0.000761272 0.000641547 0.00082654 0.0440079 0.019778 0.0513649 0.0222966 0.23673 0.00177765 0.0651188 0.00108555 0.00234976 0.138794 0.291207 1.79526e-10 
0.117677 0.00111069 0.0294886 0.00577904 0.00330519 2.84916e-05 0.000441518 0.00392422 0.0246226 0.0122243 0.000491427 0.217539 0.00113243 0.00102715 0.18829 0.000863128 0.0528417 0.0802597 0.258953 2.11986e-11 
0.0352863 0.0293121 0.0113177 3.32165e-07 0.000354444 1.14031e-08 0.00035205 0.000368737 0.0259718 0.0393738 1.97601e-08 0.253134 0.00284629 0.000178797 0.235219 0.00494407 1.46547e-06 0.0438921 0.317448 2.86695e-11 
0.000308914 0.000181384 0.0388377 5.76132e-06 0.0120984 0.000794204 5.24363e-05 0.000115168 0.000948678 0.00027004 0.00103581 0.0217574 0.0449534 6.47734e-05 0.027124 0.000256639 1.61124e-05 0.384449 0.46673 4.24389e-12 
0.0110756 0.00042746 0.0500628 0.0008481 0.0460681 0.000146067 0.000233214 0.01788 0.0368666 0.0209036 8.19398e-05 0.0139958 0.0427124 0.000106142 0.0679339 0.000403494 2.28805e-05 0.225278 0.46396 0.000994318 
0.0201098 0.00085791 0.022845 0.000653168 0.000947437 7.22295e-05 0.00252071 0.0564632 0.102795 0.0412144 0.00169623 0.13538 0.056791 0.0204259 0.0509103 0.0129187 0.139666 0.0581967 0.275536 1.091e-08 
0.132205 0.0460782 0.0268905 0.0005527 0.00701464 2.06211e-06 7.62765e-05 0.0003069 0.108483 0.0850589 0.00162084 0.0844131 0.0143809 0.128034 0.101772 0.0072117 0.0324663 0.0771638 0.146269 2.64482e-07 
0.0156449 0.0246671 0.0396247 2.91804e-05 0.0413749 0.0056162 0.00239204 0.00187365 0.00486216 0.004894 0.000505699 0.085714 0.0312674 9.43589e-05 0.0400807 0.00654152 1.62052e-05 0.184741 0.51005 1.04837e-05 
0.0267382 0.00260206 0.032081 3.70894e-05 0.0154776 0.000332488 0.000217958 0.012008 0.123747 0.0238091 0.0109225 0.0771945 0.0309908 0.000446277 0.104169 0.000720223 0.00378434 0.173341 0.361377 3.25233e-06 
0.14192 0.00158862 0.027818 0.00459507 0.00146511 1.27109e-06 0.000301131 0.0241197 0.091069 0.0734407 0.00236658 0.0114008 0.00744465 0.0116737 0.180981 0.00197934 0.0313727 0.0215578 0.364905 1.60442e-09 
0.000984622 0.000987491 0.00479305 7.08146e-05 0.0169512 1.13221e-05 0.00023316 0.00285242 0.00558946 0.0108904 7.89256e-09 0.0428895 0.000143168 0.000195836 0.153266 0.00179147 1.59242e-05 0.110333 0.648001 4.8801e-09 
0.00169669 0.00317243 0.0204634 2.95775e-07 7.82967e-05 0.294965 0.00143589 0.000134714 0.00013479 0.0147713 1.48348e-05 0.0483355 0.0409007 9.33859e-06 0.00523826 0.000474882 5.39022e-05 0.000120057 0.567999 8.04883e-07 
0.075261 0.00293703 0.0148188 0.000387084 0.0819267 0.000164267 8.09028e-06 0.00136786 0.0991223 0.0268816 0.000121058 0.0957323 0.00371002 0.000353184 0.0623337 0.000316481 0.00668996 0.0633773 0.464491 7.61974e-10 
0.00620967 0.00528577 0.0234457 1.83174e-06 0.00359691 2.85342e-07 4.43662e-05 0.00281673 0.00339748 0.00835975 9.19909e-06 0.223804 5.1893e-05 7.70029e-06 0.297597 0.00294031 1.07786e-05 0.121244 0.301177 1.85775e-12 
0.0167376 0.00784686 0.0582831 0.000595083 0.0127743 0.000281178 0.00149877 0.0230911 0.0379814 0.0369924 0.00236588 0.0663972 0.0262867 0.00117024 0.1704 0.00344831 0.00081395 0.10236 0.430586 9.11302e-05 
0.0118841 0.00133822 0.0291015 1.11879e-05 8.85427e-05 1.87389e-05 0.00038222 2.62569e-05 0.00342957 0.000286356 0.000172812 0.000554272 0.00432131 8.04227e-05 0.0367503 1.31758e-05 3.88362e-05 0.000291103 0.911199 1.23935e-05 
0.0236762 0.0128624 0.220264 8.93203e-05 0.0189507 0.0237395 0.0631581 0.0161847 0.0165882 0.12448 0.0229082 0.0391596 0.0701965 0.00298363 0.0195961 0.00325098 0.000191519 0.0202954 0.301424 1.18726e-10 
0.164977 0.000656054 0.00458552 0.000120418 0.00223445 8.28851e-06 0.000117557 9.97387e-06 0.000279379 0.00203832 5.89036e-06 0.153206 0.00192489 2.34261e-06 0.0126017 0.000107161 2.91957e-06 0.00212375 0.654998 4.1248e-08 
0.0133183 0.0018506 0.0551447 0.00033815 0.00414725 0.087736 0.000571009 0.000347066 0.000449863 0.0967295 0.00569497 0.0244946 0.217424 2.36667e-06 0.034758 0.00117441 0.00122941 0.0719345 0.382656 3.02059e-08 
0.0272825 0.00458272 0.00713712 5.27033e-08 0.00176671 1.51177e-11 0.000511263 0.000435824 0.00333159 0.00612057 0.000268187 0.383923 0.01256 0.000971755 0.0238024 0.00012427 1.6202e-05 0.00178452 0.525381 2.11709e-11 
3.16288e-07 5.66984e-07 0.00637999 0.00574352 0.0011566 1.97448e-06 1.52574e-06 3.04302e-07 3.64528e-07 0.00082123 0.00211486 1.76394e-07 0.0184053 1.3313e-06 2.61953e-07 7.05623e-07 0.000531542 0.000598543 0.964238 2.76508e-06 
0.138028 0.00262802 0.0172374 2.58982e-05 0.00153963 3.10655e-05 0.0887573 0.00857208 0.005112 0.182823 0.107772 0.0247639 0.132218 0.0504901 0.0124481 0.00244705 0.00126494 0.0194248 0.204416 8.2116e-07 
1.99655e-05 0.00313594 0.066401 5.13721e-06 2.81421e-06 0.192834 0.00181819 5.51253e-07 4.71996e-06 0.00795043 1.18294e-05 0.0336825 0.000925896 0.00136874 0.0458765 0.000684324 2.39704e-07 0.278367 0.36691 9.32353e-09 
0.185096 0.0287332 0.0443264 0.000435503 0.0265528 6.09755e-09 0.000795599 0.0031885 0.0127685 0.0753616 0.000341515 0.191687 0.00295198 0.000398368 0.00790198 0.000617348 7.69889e-06 0.0028299 0.393367 0.0226388 
0.0870019 0.00516862 0.0101157 0.00123726 0.00133885 0.000102293 0.00143203 0.0051576 0.0279555 0.0189082 0.000267407 0.20307 0.0260291 0.00467859 0.158136 0.000694536 0.0228067 0.016231 0.409668 1.90249e-11 
0.0672148 0.010751 0.0668306 0.00276161 0.0206066 0.00150978 0.00127435 0.00207427 0.0436482 0.0230585 0.00107271 0.196945 0.00629126 0.00131361 0.166371 0.000942248 0.00339718 0.152269 0.231668 6.8e-09 
0.109293 0.000214902 0.00681778 0.000338629 0.00741072 5.45597e-09 2.38781e-05 0.000268238 0.0196154 0.0145807 0.0912547 0.106548 0.000108239 0.00012801 0.205484 1.89484e-08 0.0162832 0.0244309 0.3972 4.25912e-12 
1.06826e-12 0.000333039 0.0163484 8.43057e-12 0.000333845 0.000209815 5.15319e-12 5.55104e-09 0.00217272 0.000591721 5.49034e-12 5.95769e-13 0.0270201 3.0425e-05 0.354861 1.12148e-05 5.66994e-05 0.0594273 0.538604 9.33906e-12 
0.153236 0.00600538 0.0118788 7.54657e-06 0.00176699 2.40472e-05 0.000137554 0.00106661 0.00310381 0.00587216 0.000400608 0.372065 0.00812296 0.00126701 0.00831006 3.44857e-05 2.19168e-05 0.014941 0.387102 0.0246355 
0.0846233 0.000194295 0.0233431 0.000123799 0.0120786 5.28127e-06 6.63362e-05 0.0258362 0.00897378 0.00247263 0.00833373 0.00331007 0.00384995 0.0089737 0.00111028 3.31979e-05 0.156745 0.0220663 0.637861 1.85738e-10 
0.0225835 0.00329074 0.0699973 6.10499e-05 0.00429989 0.00078993 1.17523e-05 0.00151879 0.0079162 0.0136551 0.000165418 0.0329841 0.0152563 0.000249814 0.0853903 0.0022262 1.61576e-05 0.251784 0.487803 6.19551e-07 
0.109969 0.0216522 0.187941 0.000891446 0.0137097 3.48766e-05 9.28252e-06 0.000898614 0.00702744 0.138194 0.0327167 0.060342 0.101386 0.00188573 0.0238753 0.00403731 6.82747e-07 0.0859727 0.209456 2.63235e-08 
0.0103346 0.000925234 0.045867 0.000476229 0.0152244 8.45483e-05 0.000728238 0.0131374 0.202052 0.0146142 0.000254284 0.0543449 0.00613116 0.000894275 0.0731147 0.0126788 5.44227e-05 0.163605 0.385471 8.16002e-06 
0.00169669 0.00317243 0.0204634 2.95775e-07 7.82967e-05 0.294965 0.00143589 0.000134714 0.00013479 0.0147713 1.48348e-05 0.0483355 0.0409007 9.33859e-06 0.00523826 0.000474882 5.39022e-05 0.000120057 0.567999 8.04883e-07 
0.0229164 0.00013515 0.00261511 1.52315e-05 0.000201847 4.75023e-09 0.000196547 0.000692101 0.00436986 0.00155666 6.59027e-07 0.0559326 1.6849e-05 2.32441e-05 0.111762 1.19941e-05 1.5329e-05 0.00128176 0.798257 1.3155e-11 
0.199692 0.0258507 0.0318926 0.00252256 0.00704224 1.38791e-05 0.00121718 0.0653413 0.0107723 0.0553665 0.0204446 0.0495974 0.0108887 0.0105639 0.0755664 0.000669088 0.00617318 0.0353675 0.391018 9.57825e-10 
0.0256299 0.00150313 0.00750521 2.00491e-05 0.00130966 5.29691e-08 0.000997369 0.00994101 0.00434091 0.00538511 7.96016e-05 0.151865 0.00210498 0.000379626 0.076571 0.00012247 4.302e-05 0.00370499 0.708497 2.04588e-11 
0.0679254 0.000673698 0.00532693 0.000326447 0.0164207 5.21211e-06 0.00604718 0.000744573 0.026122 0.00896495 0.000682294 0.0564874 0.00340797 0.000917499 0.119384 0.000313013 0.0936699 0.0212759 0.571209 9.52617e-05 
0.0032063 0.000575503 0.0148871 0.000134816 0.000737606 0.000125573 0.00557388 2.42978e-05 0.023642 0.0037408 0.000496393 0.022535 0.0206098 5.52994e-05 0.0857195 0.00279807 3.6008e-05 0.378678 0.43537 0.00105448 
0.00169669 0.00317243 0.0204634 2.95775e-07 7.82967e-05 0.294965 0.00143589 0.000134714 0.00013479 0.0147713 1.48348e-05 0.0483355 0.0409007 9.33859e-06 0.00523826 0.000474882 5.39022e-05 0.000120057 0.567999 8.04883e-07 
0.208047 0.00635392 0.0243678 0.00526385 0.00218827 9.18974e-06 0.00141988 0.00760926 0.148792 0.0111045 0.000815176 0.112238 0.0160697 0.00929881 0.0917455 0.000604277 0.00481671 0.0672612 0.281949 4.64323e-05 
0.017653 0.000353629 0.179969 2.47108e-08 0.00441081 0.00310227 0.000261824 5.49117e-08 0.0024819 0.0202431 2.62043e-07 0.240558 0.12795 7.52387e-06 0.00580717 0.0216932 1.2637e-06 0.00895776 0.36655 5.60569e-10 
0.0136374 4.11346e-05 0.0418191 8.78122e-07 0.00151767 0.000982096 1.84295e-10 3.15069e-05 0.0183093 0.00824051 4.00422e-05 0.115963 0.0227222 4.5439e-05 0.129574 0.00158984 3.90518e-05 0.227253 0.418194 3.33996e-10 
0.0227029 0.00195721 0.0252038 2.1917e-05 0.000494194 1.56149e-05 5.03402e-05 0.00316197 0.000598509 0.00527593 0.000463635 0.269788 0.0132937 0.000151056 0.0617853 0.000873704 4.63756e-05 0.0114195 0.582697 5.588e-12 
0.200515 3.2982e-05 0.0491363 4.69549e-10 0.000184095 3.71425e-10 0.00942074 0.000204448 0.0114319 0.00312095 0.0415062 0.00319369 0.216426 0.101146 0.0245214 1.80029e-07 0.00113843 0.0128936 0.325128 3.01085e-07 
0.017653 0.000353629 0.179969 2.47108e-08 0.00441081 0.00310227 0.000261824 5.49117e-08 0.0024819 0.0202431 2.62043e-07 0.240558 0.12795 7.52387e-06 0.00580717 0.0216932 1.2637e-06 0.00895776 0.36655 5.60569e-10 
0.0379891 0.0065654 0.168123 0.00441941 0.00552334 2.18226e-05 0.0150433 0.0429966 0.00961929 0.10469 0.0195825 0.11918 0.00641322 0.00428346 0.121686 0.00124035 3.72028e-05 0.142146 0.190441 1.04784e-07 
0.0158023 0.000254888 0.0740567 0.00540064 0.00200347 2.83672e-05 0.000261563 0.0271897 0.136023 0.00725985 0.000318812 0.138256 0.00658218 0.00474285 0.0347534 0.000246209 0.0244749 0.0691553 0.45319 4.24442e-11 
0.000113651 0.000191149 0.0137479 1.31205e-06 0.00233429 0.000186287 0.000224732 2.50672e-05 0.192676 0.000522919 1.16247e-06 0.00335595 0.00597631 4.81326e-05 0.0465216 0.000109843 2.59936e-05 0.258161 0.475776 1.39518e-07 
0.134273 0.000198674 0.00605388 0.000724166 0.0155207 0.000550184 3.97394e-05 0.000386336 0.0237594 0.00614704 0.12683 0.00980522 0.0138811 0.0223386 0.00623181 0.000496228 0.254687 0.0188257 0.359236 1.58365e-05 
0.0228648 0.00260059 0.106094 3.39187e-05 0.00537805 1.53187e-05 0.0231232 0.0649807 0.00306719 0.19296 0.00159215 0.0201668 0.202366 6.34057e-05 0.0742809 0.00129418 6.83397e-05 0.0537368 0.218978 0.00633581 
0.16232 4.39986e-08 0.00288758 0.00545935 0.00101079 7.45075e-07 6.56895e-06 0.0266487 0.162431 0.00164781 0.000780543 0.000765159 0.000492255 1.52106e-05 0.00185183 1.10452e-10 0.000284591 0.00576616 0.627632 4.3282e-10 
0.050635 0.00547179 0.0267001 3.15819e-05 0.00317109 1.34779e-06 0.0114351 0.0136575 0.0971452 0.122602 0.00129301 0.160547 0.0328165 0.0451893 0.160198 0.00101986 0.000561346 0.0164361 0.251088 1.89719e-07 
0.269135 0.00104848 0.0142578 0.000768488 0.0201508 6.31873e-07 0.000465134 0.0196048 0.0668773 0.0103367 0.00526084 0.102334 0.00588157 0.00488757 0.03938 0.000186751 0.0461721 0.0645056 0.328746 2.19117e-08 
0.0408316 0.00696633 0.00454218 0.000428647 0.00588186 5.49804e-06 0.000620776 0.00439941 0.00771569 0.00558676 0.000744339 0.0502213 0.29063 0.00333971 0.0927642 0.000118647 0.00148201 0.00197843 0.481743 1.84686e-07 
0.0520717 0.00891157 0.075072 7.07521e-05 0.0478004 4.03433e-05 0.00312971 0.0159747 0.0272399 0.0335689 0.00033471 0.097664 0.108066 0.0106652 0.042875 0.00723049 0.000116024 0.0204318 0.44749 0.00124707 
0.00937387 0.00241047 0.0916226 0.000428449 0.0261722 1.15582e-05 8.03177e-07 2.40783e-07 6.41718e-07 0.053277 6.96271e-07 0.31299 0.101905 8.60619e-10 0.00993473 7.90899e-07 5.72864e-07 0.00273172 0.389138 1.78749e-09 
0.00084754 0.0012707 0.00960565 5.21987e-05 0.000672483 0.207854 4.98721e-05 0.0048663 0.184642 0.00750587 0.000298125 0.00993133 0.0213217 0.00106061 0.0320321 0.000891292 0.00421073 0.225454 0.287434 9.37394e-09 
0.204215 8.85622e-07 0.05947 0.000125656 3.94257e-06 0.00399113 0.0128261 7.87277e-05 0.026929 0.0160056 0.000461044 0.159905 0.0739893 4.36735e-05 0.0116471 0.000157558 1.25831e-05 3.59963e-07 0.430137 6.40956e-09 
0.15715 0.011747 0.0294512 0.0215514 0.0416386 0.000108447 0.0253176 0.000757279 0.187052 0.0878584 4.9621e-05 0.0984791 0.0098038 0.00673207 0.0458506 0.00260269 0.00901102 0.0652171 0.199622 7.95625e-07 
0.0116109 4.51666e-05 0.000521043 0.0796641 0.000521066 1.47852e-07 0.000154398 3.20243e-07 0.060838 3.76165e-06 4.27142e-10 0.00939352 0.000901944 1.95402e-05 0.0161702 6.83451e-06 5.76521e-07 0.17413 0.646019 7.26568e-10 
0.00239711 1.11267e-06 0.00818375 5.01422e-07 7.78163e-07 1.50355e-06 2.12867e-07 4.09518e-06 0.00521363 9.73686e-07 6.22873e-07 0.387809 1.88585e-07 9.40222e-07 0.131159 1.04852e-06 1.57106e-07 8.73492e-06 0.465216 4.50671e-07 
0.0821103 0.00402034 0.0592573 9.54722e-06 0.034771 0.000416993 0.00120559 0.00696148 0.0241882 0.0397635 0.00115397 0.146862 0.0760287 0.00527562 0.0174179 0.0793034 9.34014e-05 0.152703 0.268458 1.04218e-10 
0.114664 7.34289e-05 0.00805969 0.00356085 0.0049112 4.68786e-07 0.000423872 0.00325993 0.0420904 0.00652665 8.37477e-05 0.0448248 0.00168536 0.00659761 0.122743 4.62719e-05 0.00353517 0.0210765 0.615837 8.67005e-11 
0.1618 0.000105114 0.00169245 0.000296572 0.010022 2.25607e-09 0.000204887 1.25716e-05 0.00119335 0.000296419 1.09662e-05 0.240899 0.000879813 4.83882e-06 0.010287 3.54081e-09 0.0013804 0.0131869 0.557728 1.36062e-11 
0.220505 0.00400923 0.0202503 0.013696 0.0109889 1.26782e-10 9.91437e-05 0.00314182 0.0620066 0.0148935 0.000118599 0.0696038 0.000588502 0.00173057 0.0617339 0.000310445 0.0386765 0.20204 0.275608 2.83368e-10 
0.00542578 0.0016158 0.0817627 5.15681e-10 0.00266753 4.07917e-10 3.78307e-07 2.16048e-05 0.0216446 0.0715679 0.00335955 0.23912 0.0206471 0.000185254 0.0762963 0.000581982 3.10923e-05 0.0342915 0.440781 5.71252e-10 
0.149706 0.000558582 0.00364606 0.00149442 0.00293114 2.65764e-11 0.0176754 0.0399658 0.0384861 0.0181776 0.00030071 0.0359706 0.00104345 0.0638728 0.08746 0.000799606 0.143732 0.00555367 0.388627 5.98085e-11 
0.0696249 0.00589746 0.0129248 0.00570779 0.00279253 8.17334e-06 0.00114125 0.0270146 0.00444353 0.0166119 0.000217814 0.0980965 0.000898286 0.00107889 0.054569 0.000588435 2.25948e-05 0.0351983 0.663163 1.5344e-12 
0.017653 0.000353629 0.179969 2.47108e-08 0.00441081 0.00310227 0.000261824 5.49117e-08 0.0024819 0.0202431 2.62043e-07 0.240558 0.12795 7.52387e-06 0.00580717 0.0216932 1.2637e-06 0.00895776 0.36655 5.60569e-10 
0.0145264 0.000186599 0.00123365 3.29471e-06 0.00143848 3.6046e-07 1.51598e-05 5.45574e-05 0.0281262 0.000392007 0.00345236 0.0183932 0.00164403 0.00397067 0.00415084 6.20809e-06 6.40021e-06 0.0019638 0.920436 1.61156e-10 
0.0114969 0.000655173 0.00524608 1.5135e-06 0.0121484 2.01258e-05 4.70516e-05 3.64702e-05 0.000999185 0.00192836 0.000279862 0.00838429 0.0537605 0.0010444 0.00619782 0.000106337 0.000119364 0.361526 0.536002 2.57115e-10 
0.0405634 0.00568958 0.0631291 0.0002009 0.0114093 0.000618297 0.000352842 0.00852147 0.00392247 0.0418073 0.0129811 0.0130336 0.137078 0.00180977 0.0313093 0.00030113 0.000710075 0.0281309 0.598425 6.56766e-06 
0.149706 0.000558582 0.00364606 0.00149442 0.00293114 2.65764e-11 0.0176754 0.0399658 0.0384861 0.0181776 0.00030071 0.0359706 0.00104345 0.0638728 0.08746 0.000799606 0.143732 0.00555367 0.388627 5.98085e-11 
0.00646324 0.00436342 0.0508412 0.000860533 0.00312687 0.0546956 0.000138027 0.0228263 0.106265 0.0247784 0.000330817 0.04681 0.0626023 0.0011183 0.0242966 0.00188248 0.00448694 0.282238 0.301849 2.77269e-05 
0.00298669 0.00491393 0.028344 1.982e-08 0.000334887 8.73125e-08 3.66863e-08 0.0368679 0.00562159 0.276103 0.00252061 0.0352966 0.0343221 0.00349548 0.100089 0.0519693 0.000497718 0.0613478 0.355289 1.80444e-11 
0.00553342 0.0456832 0.0605367 0.000131107 0.00182974 9.89457e-05 0.0730875 0.000816557 0.184479 0.100984 0.00541293 0.0812219 0.0716992 0.00264503 0.139968 0.00596484 0.00115 0.00711643 0.211639 2.68581e-06 
3.6002e-05 5.29394e-05 0.00481825 4.44554e-06 0.152738 6.96003e-07 4.47284e-05 0.000176458 0.0016952 0.00414755 0.00351944 0.228054 0.00106151 7.6142e-05 0.0195498 0.0410313 5.42842e-06 0.0331221 0.509866 2.60344e-07 
0.0929993 0.00032841 0.0013941 5.60685e-05 0.00448194 7.99927e-07 9.71287e-05 0.000236645 0.00221665 0.000501023 7.83848e-05 0.146674 0.000282836 7.02902e-05 0.0429701 2.11258e-05 0.00325172 0.0120998 0.692239 4.95466e-13 
0.200515 3.2982e-05 0.0491363 4.69549e-10 0.000184095 3.71425e-10 0.00942074 0.000204448 0.0114319 0.00312095 0.0415062 0.00319369 0.216426 0.101146 0.0245214 1.80029e-07 0.00113843 0.0128936 0.325128 3.01085e-07 
0.00415762 0.0523032 0.0614098 3.18329e-07 6.01013e-05 2.65775e-06 7.5949e-06 0.000167754 3.07082e-06 0.0416795 0.000191025 0.0277641 0.0242565 4.41806e-05 9.56644e-05 0.205317 7.85877e-05 0.00951494 0.572945 3.52632e-07 
0.00600136 0.000732168 0.0307604 7.91719e-06 0.014738 0.000122708 3.47635e-05 0.00043726 0.039278 0.00296248 3.28749e-06 0.0100667 0.00747499 0.000345029 0.0283302 8.90731e-05 3.17996e-05 0.13875 0.719834 4.1747e-08 
0.00887623 0.00786205 0.0778144 0.00185411 0.00173017 0.000182796 0.00238946 0.237012 0.0129411 0.0447093 0.00217849 0.124615 0.00922682 0.0023195 0.0891723 0.00808631 0.00209585 0.0186687 0.348265 1.40426e-07 
0.175393 0.00297961 0.129584 0.0112052 0.00601826 6.05593e-05 0.00113612 0.00160688 0.114833 0.0665419 0.000885109 0.111857 0.136076 0.000760644 0.00624678 0.000684283 0.00603257 0.0301355 0.197927 3.62378e-05 
0.00130128 0.000650968 0.0304762 5.49782e-07 0.00245356 0.000397015 3.06941e-05 5.15703e-05 0.0297372 0.00266262 5.35305e-05 0.00953594 0.0227136 8.41586e-05 0.0851181 9.16785e-05 3.63219e-05 0.133174 0.681431 1.63862e-07 
0.0272825 0.00458272 0.00713712 5.27033e-08 0.00176671 1.51177e-11 0.000511263 0.000435824 0.00333159 0.00612057 0.000268187 0.383923 0.01256 0.000971755 0.0238024 0.00012427 1.6202e-05 0.00178452 0.525381 2.11709e-11 
0.141373 0.00785213 0.0163941 0.0284676 0.0014468 1.05874e-08 0.000625827 0.0399174 0.0159307 0.137208 0.0070782 0.0803149 0.011668 0.00805238 0.00899662 0.00425402 0.00659704 0.0550533 0.42877 4.01326e-10 
0.0856677 1.83373e-05 0.00243989 0.000142489 0.107173 2.0252e-05 5.07014e-05 0.000379287 0.00337711 0.00177211 0.00482585 0.019381 0.00165203 6.4847e-05 0.000557756 2.49721e-05 0.000112493 0.00687177 0.765468 5.5708e-07 
0.113809 0.00189268 0.0187277 1.63781e-05 0.0132239 4.00816e-11 0.00968547 0.040633 0.0422066 0.0472673 0.00734978 0.00678518 0.0686752 0.065459 0.0381303 0.0347003 0.220315 0.0268569 0.244265 5.61307e-11 
0.0658401 0.00764131 0.012307 0.000149208 0.00972798 2.19462e-06 0.000229072 0.0394179 0.00972734 0.0191488 8.3324e-06 0.211501 0.000576804 0.000427796 0.103968 0.0045288 3.91966e-06 0.213734 0.30106 9.92252e-09 
0.0783959 0.000274456 2.85358e-05 3.17202e-05 1.93002e-05 1.64044e-09 0.000400141 5.66579e-06 0.000147772 0.000342401 1.03188e-12 0.135422 0.000482611 1.47448e-09 0.00944088 1.51416e-09 2.03769e-05 0.000625384 0.774363 1.75522e-12 
0.0600315 0.00418671 0.0223393 0.000795685 0.00328088 0.000329052 0.000554201 0.00374206 0.0760069 0.0129436 0.00021026 0.277175 0.0065224 0.00428203 0.0839986 0.00527705 0.00223048 0.0618125 0.374254 2.81923e-05 
0.0317648 0.0132016 0.211426 0.000290861 0.0376529 9.1228e-07 0.00297622 0.0259556 0.0216313 0.0663491 0.0223313 0.023371 0.0361044 0.0458003 0.0420996 0.000753445 0.121735 0.0448026 0.251753 3.59953e-08 
0.115999 0.000823049 0.0177062 0.00185782 1.77839e-05 0.00458696 0.00987434 3.71967e-06 0.00103211 0.00101555 0.0069858 0.125627 0.106035 3.85904e-07 0.00731398 2.22951e-05 1.63336e-05 0.0139349 0.587147 7.91478e-10 
2.0189e-06 2.20719e-05 0.000510867 1.05452e-06 0.100304 2.06997e-05 3.56362e-06 1.90658e-07 6.11358e-05 0.000981216 3.68834e-07 1.28611e-05 0.255252 1.86425e-06 0.00091008 1.01649e-05 4.62582e-07 0.0204635 0.621376 6.59429e-05 
0.0396308 0.00650479 0.142444 0.0011336 0.0784141 0.000179437 0.0192657 0.0130012 0.0103442 0.0437674 0.00671781 0.140324 0.0057384 5.87828e-05 0.0363258 0.00118464 8.10585e-05 0.153606 0.301279 3.20058e-09 
0.000113098 0.00115954 0.000457459 2.13868e-09 7.07322e-05 4.41028e-08 1.30727e-09 6.21206e-07 1.51931e-06 5.44039e-05 1.3928e-09 0.0010047 0.0336804 3.15693e-07 2.24444e-10 6.04584e-10 0.0045089 0.00295007 0.955998 2.36915e-09 
0.0246598 0.000133354 0.00771924 4.60965e-05 0.00460032 0.0285163 7.44105e-06 8.35729e-05 0.00196631 0.00146306 0.000543762 0.0120796 0.00351314 0.000263457 0.0131382 0.000325538 0.00011149 0.0477585 0.850537 0.00253385 
0.0555823 0.0013704 0.0228551 0.000749704 0.0146015 0.0161809 0.00624638 0.018197 0.2387 0.012178 0.000573941 0.0992585 0.0158769 0.0132772 0.0461877 0.000804457 0.00407515 0.11574 0.317545 2.37245e-09 
0.0748811 0.00350131 0.0110731 0.00142617 0.0909009 0.00067042 0.000997311 0.00220273 0.0129315 0.0224505 0.00170212 0.0712399 0.01552 0.000988849 0.0313715 0.00257199 0.00265842 0.0595636 0.593349 8.58927e-08 
0.156339 0.00269311 0.0182838 0.000387705 0.0106995 1.65505e-05 0.00101499 0.00233985 0.0150671 0.0350093 0.000361598 0.352224 0.0133335 0.00284555 0.0132282 0.000301591 5.56178e-05 0.0032092 0.369844 0.00274608 
0.0188298 0.0179202 0.0181322 1.94087e-05 0.0131345 0.00130671 0.00156874 0.00708626 0.00355818 0.0285265 0.00365183 0.00808261 0.0225798 0.000222169 0.0432251 0.00057095 0.000619998 0.0620172 0.748948 1.28089e-09 
0.0387744 0.00319246 0.0219154 3.18589e-06 0.0216656 8.89228e-05 0.000230037 0.00980028 0.0430934 0.0205593 3.79752e-05 0.217827 0.00695724 0.000260242 0.13017 0.00228954 0.000100242 0.18799 0.295036 9.0651e-06 
0.135861 0.0525514 0.0168611 0.00533665 0.00451219 5.28281e-05 0.0030505 0.0164533 0.0206996 0.0442879 0.000803879 0.22302 0.0243349 0.00232871 0.069887 0.0442981 0.00367593 0.0702713 0.261667 4.74662e-05 
0.0617997 0.00144686 0.0237872 0.00109943 0.00478071 0.00010716 0.00457544 0.0225199 0.251014 0.0238677 0.0117923 0.0467588 0.0317691 0.0102495 0.0381652 0.00374103 0.0173373 0.0182573 0.426926 5.42956e-06 
0.118478 0.00193233 0.0463144 8.90573e-05 0.0103068 0.00507824 0.000431818 0.0290431 0.0731039 0.0408126 0.0718038 0.101193 0.027975 0.000334803 0.0572024 0.00411318 0.00106024 0.0283836 0.382343 5.16965e-11 
0.0445713 0.00770608 0.195009 0.000849439 0.0047089 0.000165324 0.0042924 0.0237489 0.0415246 0.0499902 0.00305644 0.0923239 0.00953381 0.00768499 0.0816113 0.00899089 0.0075447 0.170092 0.246596 1.33045e-06 
0.0768626 0.00605907 0.00388333 0.000941717 0.0976769 2.83995e-06 0.000116312 0.00168651 0.0691082 0.0237412 0.000601644 0.0958476 0.0482332 1.56188e-05 0.00704693 0.000568099 4.55228e-05 0.0299046 0.537658 2.36716e-07 
0.0226095 0.00379383 0.0246046 1.45964e-07 0.0439219 0.0786093 9.64748e-06 0.00857052 0.0636351 0.0784609 0.18894 0.0247549 0.0729327 0.00284364 0.00689059 0.00173039 0.0110205 0.102083 0.264589 3.05813e-08 
0.0966531 0.000846081 0.0240164 4.41397e-05 0.0125357 5.78041e-05 0.000170448 0.0278884 0.0051683 0.00453388 0.0333984 0.0101964 0.0227929 0.0197874 0.00862165 3.04527e-06 0.000871895 0.0483005 0.684015 9.85504e-05 
0.175541 0.0220322 0.00550472 0.00868205 0.00284021 0.000227777 0.000220942 0.000833968 0.00361723 0.0124127 0.0267931 0.093603 0.00169692 0.020548 0.0370688 0.00162082 0.0685101 0.041853 0.476393 1.26786e-10 
0.00283323 2.97111e-05 0.0058742 1.55745e-06 0.0029624 8.56892e-08 0.000239156 0.000393994 0.0237535 0.000125629 2.90741e-05 0.0484853 0.000889426 8.94766e-05 0.0955315 5.71761e-06 1.44198e-05 0.0337161 0.785026 5.68056e-11 
0.067721 0.00447716 0.0202837 0.0016206 0.00748498 2.99806e-05 0.000826675 0.0141948 0.0153428 0.0190595 0.00413475 0.0329504 0.204697 0.00885486 0.0554924 0.00277303 0.00765033 0.0102373 0.522169 5.8619e-08 
0.0880744 0.000210773 0.0254126 0.000133695 0.216856 6.47675e-05 2.65956e-05 0.000762209 0.010057 0.0304367 0.000763536 0.0227063 0.00748661 0.000171295 0.0157315 0.000823417 6.89414e-06 0.25178 0.317839 0.0106573 
0.00997752 5.54964e-05 0.00186355 4.59054e-06 0.00201367 4.98026e-07 2.11817e-05 7.62591e-05 0.00589444 0.000325286 0.00483273 0.00260119 0.000639018 0.00555842 0.0060484 2.01731e-08 8.94473e-06 0.00227551 0.957803 1.25531e-10 
0.0724024 0.0304414 0.0183938 0.000477617 0.108331 5.98057e-05 9.22348e-05 0.00112843 0.0246925 0.0193335 0.0141349 0.0344043 0.0380975 0.00264885 0.0823933 0.00259415 0.00359872 0.068569 0.477802 0.000405002 
0.091194 0.00952529 0.0132282 0.00340132 0.00824928 0.000103091 0.000959357 0.00872512 0.0226102 0.0171691 0.00861883 0.134408 0.000905865 0.00952843 0.143377 0.001269 0.0204239 0.142891 0.363414 3.04971e-09 
0.00169669 0.00317243 0.0204634 2.95775e-07 7.82967e-05 0.294965 0.00143589 0.000134714 0.00013479 0.0147713 1.48348e-05 0.0483355 0.0409007 9.33859e-06 0.00523826 0.000474882 5.39022e-05 0.000120057 0.567999 8.04883e-07 
0.111121 0.00657359 0.0193001 0.00116334 0.00504097 1.60421e-05 0.000421164 0.00347917 0.0222903 0.0284722 7.65397e-05 0.200728 0.00197834 0.0100805 0.0386968 0.00274044 0.0107871 0.0199294 0.517105 5.36302e-10 
0.0519896 0.026375 0.0373723 0.00161392 0.01433 2.79422e-06 0.000513002 0.0133159 0.0684671 0.0488136 0.00215351 0.113259 0.00583634 0.00286175 0.151996 0.00509288 0.00288278 0.168114 0.28501 4.36052e-07 
0.00678331 0.103421 0.0499234 4.25171e-06 0.00586783 0.0197674 0.000965722 0.000478005 0.0343475 0.00479347 0.000328793 0.0263503 0.213055 0.000340371 0.0311257 0.00210793 0.000252537 0.189 0.310734 0.000354028 
0.0529427 0.00181167 0.00763317 3.98131e-06 0.0181168 2.08725e-06 0.003365 0.0317044 0.0309614 0.197388 0.000348322 0.0586543 0.024497 0.0478458 0.0767128 0.00940145 0.000868886 0.053244 0.384498 1.06002e-07 
0.0116265 0.00922993 0.00463185 0.00725523 0.0134783 4.9529e-06 0.000524263 0.00101882 0.244055 0.0293741 9.67375e-05 0.015967 0.110209 0.00231394 0.0279711 0.00112625 0.0135366 0.0986488 0.4089 3.11549e-05 
0.376952 0.000105217 0.000151191 8.11755e-06 1.06025e-05 1.64604e-09 0.0329688 5.04856e-06 4.59791e-05 6.34647e-05 0.0225313 0.000100525 0.000189798 5.57154e-05 0.000342856 3.42955e-05 4.66911e-06 4.54086e-05 0.566385 2.30514e-09 
0.0902935 0.0306858 0.0320491 0.0101636 0.0216575 1.69981e-05 0.00621999 0.0420482 0.0231307 0.150561 0.0170649 0.0990581 0.0177441 0.00542386 0.0139798 0.0127792 0.0281884 0.174098 0.224228 0.000608729 
0.0290587 0.00177305 0.0453336 2.92863e-06 0.00139358 0.0521244 8.74549e-05 0.00437551 0.00987715 0.0110798 0.00212298 0.0385011 0.11892 0.00161401 0.207297 0.0106851 0.00176985 0.0975928 0.365928 0.00046208 
0.000570114 0.00237845 0.0161674 8.72206e-06 0.00328061 0.000554703 0.000661727 0.00310922 0.0310754 0.0110021 0.0242977 0.0379678 0.0708788 0.000204785 0.0890081 0.0019893 0.000395269 0.346184 0.360266 2.96453e-12 
0.00841984 0.00184333 0.0397724 1.19524e-06 0.0128778 0.00597738 1.58557e-05 0.000765968 0.0728431 0.0486746 0.102361 0.00624247 0.167292 0.0225048 0.0397817 0.000122283 0.00543086 0.117662 0.347402 9.20643e-06 
5.17011e-08 1.97018e-06 0.00728684 6.97264e-06 0.00417571 0.000100582 4.20818e-05 0.00045697 0.0206191 0.000556706 7.52774e-09 0.00261176 0.00436489 3.11485e-05 0.0222497 0.000628919 4.69902e-06 0.316444 0.620418 1.25909e-12 
0.16344 0.00744104 0.0310218 0.000130166 0.0124436 4.84326e-08 0.000472431 0.00140429 0.178952 0.0223994 0.000100982 0.173143 0.0116058 0.00565606 0.0125794 0.000486274 0.00561526 0.169346 0.20375 1.16668e-05 
0.0341147 0.00169799 0.0105307 5.18518e-06 0.00172692 1.84515e-05 0.00252489 0.00790495 0.00127886 0.0163682 0.000327497 0.113987 0.0179961 0.00568991 0.0937069 0.000531341 0.000286586 0.00706086 0.684168 7.56022e-05 
0.113572 0.000558563 0.0249693 0.00338147 0.00745109 0.000232778 0.000615684 0.00833689 0.0339572 0.0225144 0.000931309 0.122683 0.00502596 0.00683543 0.132409 0.000206122 0.022022 0.0629588 0.431339 2.93379e-11 
0.0253214 0.00208707 0.0146942 2.26472e-05 0.0318102 4.74328e-06 0.00521635 0.0432839 0.027073 0.0218607 9.67042e-05 0.159669 0.00182133 0.000148736 0.127098 0.00238895 8.4669e-05 0.0873373 0.449981 1.75627e-07 
0.0387744 0.00319246 0.0219154 3.18589e-06 0.0216656 8.89228e-05 0.000230037 0.00980028 0.0430934 0.0205593 3.79752e-05 0.217827 0.00695724 0.000260242 0.13017 0.00228954 0.000100242 0.18799 0.295036 9.0651e-06 
0.00377183 0.00410932 0.0278275 4.31636e-07 6.52559e-05 0.000130512 3.88209e-05 0.00755242 0.00715783 0.0270087 3.29847e-06 0.150222 0.000167484 1.62266e-05 0.130194 0.000343128 2.0685e-06 0.0673591 0.57403 1.71428e-09 
0.239582 0.000120614 0.0169807 0.00199657 0.00786916 2.77589e-09 0.000632125 0.00232319 0.00947873 0.00798664 0.00037027 0.0747866 0.00442788 0.00855536 0.0248864 0.000428308 0.018189 0.0146258 0.566761 9.74661e-11 
0.00921034 0.000128262 0.0843384 0.00720081 0.00170364 2.63094e-05 0.000148799 0.0107702 0.0930136 0.00333921 0.000367821 0.129118 0.00284459 0.00478142 0.0219087 0.000328276 0.031304 0.0732859 0.526182 5.33802e-11 
0.0975534 0.000618176 8.55932e-05 1.48015e-05 5.78859e-05 1.54339e-09 0.000600246 1.69917e-05 0.000169096 0.000349532 6.04783e-13 0.172603 0.000830154 1.38734e-09 0.0124667 2.62523e-13 1.09243e-05 0.0018761 0.712748 1.02873e-12 
0.0355436 0.000133009 0.00131093 0.00139745 0.00631555 1.63713e-06 0.000179899 0.117216 0.0474418 0.000406203 0.000691873 0.177641 0.000107701 3.28365e-05 0.00255675 4.0222e-05 6.74474e-05 0.00373898 0.605177 3.43998e-10 
0.0783838 8.11759e-05 0.00687394 0.00203534 0.0192266 0.000609637 0.000157926 0.000202402 0.0320063 0.000555641 0.000383929 0.0791399 0.0140115 0.00209351 0.0562107 0.000157405 0.00279335 0.349202 0.355871 4.11724e-06 
0.0228296 0.00110465 0.0292929 5.24493e-06 0.0863607 3.16221e-06 5.14859e-05 0.00365845 0.00135514 0.00827179 0.000906183 0.299204 0.00307585 0.000188315 0.0263392 6.31338e-05 3.19816e-05 0.10534 0.411918 2.49299e-10 
0.0284519 0.00117264 0.0165875 0.00163134 0.0359199 1.11612e-05 0.00027708 0.000275499 0.0222008 0.030338 9.05986e-05 0.363593 0.0323186 0.000334611 0.0416821 0.00131018 7.08003e-05 0.024997 0.393785 0.00495225 
0.0406147 0.00868926 0.013102 9.54638e-06 0.059329 5.79682e-05 0.000435866 0.0107487 0.0144469 0.0162868 0.000104392 0.120982 0.0216625 0.000430674 0.0138246 0.00020417 4.14161e-05 0.282953 0.395969 0.000107365 
0.109293 0.000214902 0.00681778 0.000338629 0.00741072 5.45597e-09 2.38781e-05 0.000268238 0.0196154 0.0145807 0.0912547 0.106548 0.000108239 0.00012801 0.205484 1.89484e-08 0.0162832 0.0244309 0.3972 4.25912e-12 
0.110519 0.0230021 0.056932 0.000131278 0.0383564 2.45456e-07 0.000451553 0.0062269 0.00348189 0.015726 0.00176356 0.224215 0.0218685 0.000465085 0.118137 0.0048564 0.000308975 0.0317476 0.34181 4.83956e-07 
0.00994812 0.00114727 0.0864826 3.1754e-06 0.00278302 0.000678082 5.73128e-05 0.0073294 0.0240753 0.0920106 0.135759 0.0260591 0.101832 0.0171006 0.07334 0.00944286 3.0534e-05 0.046133 0.365788 6.41456e-10 
0.000441601 0.000303656 0.0377917 0.000816596 0.0443515 4.21853e-05 6.62591e-08 0.0169496 0.00659519 0.0175804 3.59003e-05 0.0323978 0.00978432 0.000234076 0.0429394 0.00183397 8.63417e-06 0.12868 0.659214 1.16752e-11 
0.0272825 0.00458272 0.00713712 5.27033e-08 0.00176671 1.51177e-11 0.000511263 0.000435824 0.00333159 0.00612057 0.000268187 0.383923 0.01256 0.000971755 0.0238024 0.00012427 1.6202e-05 0.00178452 0.525381 2.11709e-11 
0.381017 2.85571e-06 0.00220727 0.000907649 0.00470687 3.67832e-13 6.32852e-06 2.48959e-05 0.0193195 1.28318e-09 5.45836e-05 0.0815338 3.58758e-10 0.000560666 0.0116014 1.11075e-05 0.00625108 0.00495219 0.486842 5.15116e-13 
0.00410933 0.00100765 0.0686134 1.06181e-06 0.0137727 0.000221882 0.000163041 0.000161396 0.129961 0.0138003 6.58776e-05 0.030238 0.0677711 0.000514259 0.0820855 0.00030881 8.26167e-05 0.199207 0.383749 0.00416604 
0.11831 0.00739868 0.0187152 0.00204409 0.0766864 6.82729e-07 0.000999548 0.160946 0.0136308 0.0615867 0.00843709 0.11981 0.00372505 0.00666873 0.0213522 0.00277617 0.0543221 0.0291973 0.293393 5.34198e-08 
0.0856549 0.000926355 0.00101537 8.70618e-07 0.00142801 3.3471e-09 0.000376834 0.000808348 0.0010926 0.0163189 2.91957e-08 0.240007 0.000259186 1.60365e-08 0.0110509 3.86421e-07 7.3779e-06 0.0368182 0.604235 1.44409e-10 
0.020678 0.00554499 0.129569 0.00320382 0.00123561 8.40855e-06 0.000112384 0.0110626 0.0712921 0.0597363 0.000669297 0.118335 0.0867411 0.00492183 0.108062 0.00734211 0.011429 0.0629657 0.29709 2.48724e-09 
0.0135695 0.00176519 0.00595924 0.000247029 0.205817 5.12228e-06 0.000886336 0.0125545 0.0796718 0.025511 2.11434e-05 0.0332621 0.00202377 0.00613245 0.0582421 8.45765e-05 0.00174546 0.264733 0.287768 4.35039e-10 
0.00169669 0.00317243 0.0204634 2.95775e-07 7.82967e-05 0.294965 0.00143589 0.000134714 0.00013479 0.0147713 1.48348e-05 0.0483355 0.0409007 9.33859e-06 0.00523826 0.000474882 5.39022e-05 0.000120057 0.567999 8.04883e-07 
