0.00422659 0.00176081 0.530655 1.74324e-09 0.000125147 5.3612e-07 2.90437e-07 2.1252e-10 0.0343386 0.0282827 0.000918713 0.15252 0.0200944 8.28234e-06 0.0341262 0.000438127 2.6417e-06 0.185753 0.00674842 1.93109e-09 
0.0882229 0.00182023 0.00671762 0.00156831 0.00494412 2.67571e-07 0.00030011 0.0548982 0.0453158 0.0781639 0.000122086 0.0109347 0.0163207 0.00131107 0.258149 0.000517506 0.0127568 0.0713657 0.346571 3.39035e-10 
0.0272825 0.00458272 0.00713712 5.27033e-08 0.00176671 1.51177e-11 0.000511263 0.000435824 0.00333159 0.00612057 0.000268187 0.383923 0.01256 0.000971755 0.0238024 0.00012427 1.6202e-05 0.00178452 0.525381 2.11709e-11 
0.000304936 0.00803641 0.00791128 7.69169e-07 0.00851427 3.1715e-05 0.000362936 0.00371147 0.0084505 0.026814 8.10743e-05 0.026921 0.00667899 0.000186506 0.580894 0.00557968 8.87221e-05 0.0851387 0.230293 1.8368e-11 
0.117565 0.00919198 0.000414935 9.68447e-06 0.00307597 6.51734e-05 0.00270837 6.74926e-07 0.00867122 0.00347539 5.18811e-06 0.403238 0.376473 6.38099e-06 0.00500301 0.000921182 0.00013803 0.000202252 0.0688344 1.71735e-07 
0.0407283 0.00954009 0.00463767 1.5374e-08 0.00192014 1.24183e-07 0.600146 0.00472705 0.0120742 0.0668213 0.000332908 0.0109846 0.00109344 3.59847e-08 0.116872 0.076155 5.8741e-06 0.052164 0.00179633 1.2102e-11 
0.00511925 0.00523936 0.0119887 2.43503e-08 0.00206591 0.00346954 0.00874026 0.0322444 0.00287466 0.120832 0.0512028 0.030205 0.000413156 0.000166189 0.0111291 0.672492 0.000525971 0.0228272 0.0184652 3.2542e-10 
0.00351285 2.77008e-05 0.000208661 0.000214193 0.000125744 6.72341e-07 2.78864e-06 2.12127e-05 0.00168559 0.000312105 1.33664e-05 0.000880844 2.98179e-05 0.00141862 0.000378291 3.53778e-05 0.984929 0.00192785 0.00427566 8.30712e-09 
0.000341519 0.0175137 0.0125437 3.05541e-07 0.000945083 1.74014e-05 0.0012683 0.00013053 0.0123387 0.00460561 0.000153496 0.00337379 0.00804054 3.68878e-05 0.805759 0.00543571 9.72451e-05 0.100267 0.027132 6.04561e-12 
0.000716488 0.000308396 0.00598668 2.12426e-06 0.00144385 1.53022e-05 9.06868e-05 0.0125028 0.775466 0.00262152 0.00015996 0.00736627 0.00155719 0.00203055 0.0504948 0.0121938 0.00027101 0.0828608 0.0439042 7.51326e-06 
3.38849e-10 8.09258e-09 0.0187702 5.16321e-07 0.00132996 4.65082e-05 0.000569651 2.49086e-06 0.101466 0.000511081 1.73441e-07 0.000705784 0.0770135 6.42162e-07 0.00512001 9.70402e-05 8.78667e-05 0.612118 0.182161 2.96232e-09 
0.00351285 2.77008e-05 0.000208661 0.000214193 0.000125744 6.72341e-07 2.78864e-06 2.12127e-05 0.00168559 0.000312105 1.33664e-05 0.000880844 2.98179e-05 0.00141862 0.000378291 3.53778e-05 0.984929 0.00192785 0.00427566 8.30712e-09 
0.106177 0.00851823 0.352411 5.91277e-06 0.00132448 5.41108e-07 4.13507e-06 7.10465e-07 0.0305272 0.00863924 0.0967179 0.0583757 0.250863 0.00857506 2.28648e-05 9.56881e-06 1.87108e-07 0.00717693 0.0706507 9.30987e-09 
0.00351285 2.77008e-05 0.000208661 0.000214193 0.000125744 6.72341e-07 2.78864e-06 2.12127e-05 0.00168559 0.000312105 1.33664e-05 0.000880844 2.98179e-05 0.00141862 0.000378291 3.53778e-05 0.984929 0.00192785 0.00427566 8.30712e-09 
0.134904 0.00323258 0.0317009 9.02184e-06 0.00392561 5.13965e-05 0.000156597 6.01025e-05 0.00244542 0.00134184 0.000343997 0.187593 0.00579692 0.00424914 0.00833937 0.0001128 5.08868e-05 0.0156027 0.600084 1.75187e-11 
0.0182692 0.00163351 0.014207 1.53354e-06 0.0056287 1.12403e-06 0.000197724 0.0144141 0.091062 0.0452033 4.64646e-05 0.0637188 0.00373724 0.000194453 0.594026 0.0101517 0.00975928 0.087576 0.0401717 2.9987e-11 
0.00149684 0.000303376 0.0130765 4.3655e-06 0.000800144 9.26006e-07 4.82766e-05 0.00212445 0.627557 0.0189576 1.50326e-05 0.00969521 0.000345483 0.000508364 0.0314894 0.0100893 1.11711e-05 0.270886 0.0125899 2.93105e-07 
8.56528e-05 0.000471656 0.298986 7.52906e-09 4.46083e-05 2.59771e-12 4.83132e-05 1.78663e-08 0.0211328 0.00435606 1.03131e-08 0.0854232 0.00131603 0.00042685 0.451986 0.0125189 1.58529e-05 0.0878203 0.0353678 3.63785e-12 
0.00029917 0.000789634 0.00247684 4.55113e-05 0.571906 4.0215e-07 0.00803955 0.0665559 0.026233 0.0090609 4.48313e-08 0.0265521 4.2508e-05 5.33196e-05 0.00624175 0.00206782 1.60737e-05 0.25242 0.0271993 1.13806e-09 
0.0229593 0.00663549 0.0232504 1.11768e-05 0.00880635 4.09434e-05 0.000793395 0.0277107 0.053204 0.118145 0.00219142 0.0752009 0.00556866 0.00027125 0.117298 0.0153063 0.000218383 0.505149 0.0172386 1.32719e-06 
0.0127052 0.0159052 0.0427052 0.000124011 0.00374119 1.61803e-07 4.49639e-05 0.0023254 0.0170601 0.0114951 9.07965e-05 0.181829 0.00171492 0.000230426 0.327702 0.00155742 6.91725e-06 0.282173 0.098589 4.04859e-10 
0.535885 0.00470013 0.0048835 6.19769e-05 0.000497633 2.41016e-06 0.00608507 2.58983e-05 0.0133488 0.00511151 0.000340814 0.0856122 0.0388237 0.00421559 0.0213847 0.000158907 0.000167628 0.00445527 0.274239 2.05813e-08 
0.00972046 0.0263976 0.129087 3.14597e-06 0.00272354 0.000187506 0.000834039 0.0285302 0.00988736 0.532089 0.00129968 0.0208782 0.0591381 0.000755934 0.123729 0.00674789 9.22747e-05 0.0160313 0.0318583 9.63316e-06 
0.00473195 0.0904605 0.175895 2.93616e-10 2.60112e-06 0.0278123 0.00106135 0.00847046 0.00204246 0.116449 0.0331277 0.0599233 0.280171 3.00699e-05 0.100568 0.00428579 0.000302424 0.0399224 0.0547439 3.25257e-10 
0.00351285 2.77008e-05 0.000208661 0.000214193 0.000125744 6.72341e-07 2.78864e-06 2.12127e-05 0.00168559 0.000312105 1.33664e-05 0.000880844 2.98179e-05 0.00141862 0.000378291 3.53778e-05 0.984929 0.00192785 0.00427566 8.30712e-09 
0.0244392 0.0138268 0.0680701 0.000248386 0.292368 0.000200996 0.0202429 0.00653012 0.0409599 0.0812829 0.00695888 0.0721309 0.0415331 0.0019531 0.0821888 0.0187339 0.00137767 0.0984927 0.127561 0.000901316 
0.00234065 0.0123069 0.018284 7.48178e-06 0.0199054 1.01408e-07 0.00216521 0.0873888 0.0453766 0.574619 5.56739e-05 0.0121699 0.00170526 1.38859e-05 0.0191662 0.0911779 9.76803e-06 0.107649 0.0056583 9.43408e-10 
0.00351285 2.77008e-05 0.000208661 0.000214193 0.000125744 6.72341e-07 2.78864e-06 2.12127e-05 0.00168559 0.000312105 1.33664e-05 0.000880844 2.98179e-05 0.00141862 0.000378291 3.53778e-05 0.984929 0.00192785 0.00427566 8.30712e-09 
0.00598219 0.0188372 0.00607566 0.00553285 6.19578e-05 1.07182e-08 0.000275763 0.504554 0.000387992 0.0766547 1.77169e-11 0.0171042 0.0197428 0.000502549 0.00425455 0.323075 3.00557e-05 0.00725341 0.00967527 3.01365e-11 
0.000184024 0.000229037 0.000418801 4.91841e-06 0.00252821 2.87189e-07 0.990904 0.000230893 0.000673523 0.00124799 6.99428e-05 0.000237698 0.00116267 8.20341e-06 0.000548226 0.000141272 2.11935e-05 0.000911217 0.000477751 6.66446e-12 
0.00431994 6.06253e-06 0.304613 9.43959e-08 0.00710451 1.01798e-07 5.24065e-11 2.25204e-05 0.0338735 0.365746 1.39644e-07 1.22521e-05 0.0160339 0.00186639 0.211437 5.75629e-06 0.000259504 0.0149446 0.0397545 9.49756e-11 
0.00029917 0.000789634 0.00247684 4.55113e-05 0.571906 4.0215e-07 0.00803955 0.0665559 0.026233 0.0090609 4.48313e-08 0.0265521 4.2508e-05 5.33196e-05 0.00624175 0.00206782 1.60737e-05 0.25242 0.0271993 1.13806e-09 
0.00351285 2.77008e-05 0.000208661 0.000214193 0.000125744 6.72341e-07 2.78864e-06 2.12127e-05 0.00168559 0.000312105 1.33664e-05 0.000880844 2.98179e-05 0.00141862 0.000378291 3.53778e-05 0.984929 0.00192785 0.00427566 8.30712e-09 
0.0332997 0.631778 0.0251492 5.99796e-05 0.00381148 0.000266732 0.000161303 0.0136165 0.00564613 0.0958268 0.00525559 0.0537885 0.0120081 0.000641227 0.0459591 0.00392546 1.58571e-05 0.0392813 0.0295058 3.57681e-06 
0.0247386 0.00521345 0.0509351 3.24759e-05 0.0273627 6.52742e-11 8.7984e-06 0.144479 0.371641 0.0299184 1.38884e-05 0.0369172 0.00214872 2.60621e-05 0.0715528 0.00138336 0.000551248 0.209795 0.023282 9.14106e-11 
0.000894 0.0495974 0.0446799 0.000192391 0.00189753 6.68244e-07 3.43592e-05 0.0153615 0.0244633 0.14473 1.72962e-05 0.0449056 0.0148569 0.000359198 0.0711222 0.552402 0.000398458 0.0130393 0.0210489 7.28201e-10 
0.0344269 0.010106 0.0224181 0.0011095 0.0325168 0.000176628 9.25895e-05 0.0101254 0.0571254 0.0631519 0.0148807 0.0194619 0.109856 0.0297262 0.044153 4.40792e-05 0.0118124 0.0407976 0.498012 7.45976e-06 
0.0141383 0.00766832 0.0345878 0.00280382 0.0406321 1.95512e-07 0.0166924 0.0336826 0.0618405 0.276211 0.00101542 0.0582251 0.0164086 0.00178706 0.0742243 0.00448552 0.00760371 0.195573 0.152421 9.42225e-10 
0.0669952 0.0281544 0.551861 0.000186841 0.00139093 0.000447121 0.000180483 0.000914088 0.0297101 0.0441736 0.000647363 0.0116337 0.150887 8.6979e-05 0.0222728 0.00375757 0.000245685 0.0470336 0.0392842 0.000138017 
0.795631 0.00550353 0.00265736 6.39733e-05 0.0222168 2.06385e-08 0.00216306 3.21014e-08 0.001819 0.0324436 1.32534e-07 0.0790315 0.00346505 3.75368e-05 1.20109e-07 0.00790639 0.000843538 0.0462171 2.07449e-07 1.21603e-10 
0.0267992 0.00223262 0.436852 0.000186492 5.84253e-07 1.62584e-06 0.0050999 0.00664842 0.0052098 0.0497589 0.000319063 0.175637 0.241632 0.000429541 0.0105622 0.000166868 2.27323e-05 0.00905644 0.0293821 1.85832e-06 
0.00751306 0.000527361 0.0314398 3.22343e-05 0.0353947 0.00124799 5.62911e-11 0.000116058 0.0147921 0.0251414 0.843819 2.53395e-06 0.00287596 0.00602551 0.00048884 0.000695899 0.00119619 0.000869536 0.0278217 1.02016e-10 
0.0582699 1.31164e-05 0.512311 8.38533e-05 4.3814e-07 4.6005e-06 5.28654e-06 0.0103013 0.161485 0.0104724 6.2582e-06 0.140932 1.10894e-05 3.73921e-05 0.0210409 0.00013517 5.82116e-07 0.0700812 0.0148089 5.59414e-10 
0.00939482 0.000208868 0.00215354 0.000281219 0.00186093 9.17801e-06 0.000149801 0.00671753 0.0308582 0.0121857 3.05108e-08 0.00198692 0.000555902 0.915806 0.000381031 0.000873305 0.00268095 0.00269551 0.0112009 3.85641e-11 
0.0011231 0.00202682 0.00309037 2.63632e-08 1.01516e-05 5.98858e-11 0.000101599 1.53633e-05 0.000631779 0.00886183 1.73386e-05 0.00626021 0.00113827 0.000119166 0.967392 0.000471345 3.38621e-06 0.00309568 0.00564174 8.38647e-11 
0.0135636 0.0875148 0.0230033 2.47191e-05 0.0101752 2.7765e-08 0.000442641 0.0741267 0.00343343 0.586462 0.000252668 0.0129393 0.0264594 0.00136738 0.00161887 0.0834191 7.28081e-05 0.0417285 0.0333945 7.10667e-07 
0.00888992 0.00136036 0.128191 5.44726e-05 0.0213291 0.000798246 0.0007313 0.00919213 0.0310686 0.0435399 0.0140578 0.0361337 0.0406034 0.00157638 0.201381 0.0620749 0.000192494 0.159894 0.238931 1.67921e-08 
0.00666531 0.00121803 0.0608789 5.69626e-07 0.234405 1.15896e-06 4.83949e-05 0.0338047 0.00823901 0.031048 8.69553e-05 0.0957033 0.000349797 0.000308017 0.230169 0.00394448 3.78218e-06 0.151139 0.141987 1.19942e-09 
0.00258117 0.0167758 0.263074 1.05792e-05 0.00120258 2.62706e-08 0.000650787 0.000565523 0.2659 0.069065 8.88071e-05 0.109325 0.00429326 0.000691166 0.135597 0.0236491 0.000189099 0.0751209 0.0312206 4.06459e-09 
0.249785 0.000886652 0.00574739 9.3319e-05 0.00588523 8.63909e-06 0.0110354 0.00394621 0.00892261 0.0100513 0.000966008 0.140955 0.0116792 0.000336252 0.0308674 0.000103763 0.00954147 0.00576134 0.503428 3.61347e-12 
0.00039156 3.9852e-05 0.019005 4.6098e-09 0.000928953 6.58194e-07 1.75045e-08 0.00260644 0.276151 0.0235539 1.24569e-05 0.0195222 3.11361e-05 0.00011761 0.100199 0.0139604 1.73081e-06 0.541298 0.00218011 5.82602e-12 
0.120652 0.00241221 0.059602 0.00068913 0.000556914 4.50419e-05 0.002035 0.00565954 0.0234581 0.0562248 0.0363471 0.018229 0.191845 0.0951473 0.00981619 0.123475 0.00100468 0.0553474 0.197454 6.61611e-10 
0.00950076 0.0160601 0.0110029 0.000110431 0.000351308 1.35778e-06 3.12092e-06 0.00133055 6.38091e-05 0.259733 0.00990981 0.0260699 0.49202 5.33585e-05 0.0169537 0.00514562 0.0066964 0.119399 0.0255943 3.31366e-08 
0.00456921 0.000114211 0.171728 1.21034e-06 0.323041 0.000165134 8.69555e-05 6.11194e-05 0.00206359 0.0179463 4.01169e-05 0.0017737 0.372805 1.43345e-05 0.0638764 0.000651039 1.30388e-05 0.0238159 0.0172323 1.34077e-06 
0.0538094 0.00287409 0.0076043 0.0143024 0.000387764 7.53862e-12 0.000174294 0.0146268 0.011065 0.0348613 5.56145e-05 0.0059032 0.00115425 0.766156 0.00355007 0.0039756 0.0129505 0.0220845 0.0444654 5.29493e-11 
1.09971e-05 0.110077 0.0438096 1.69908e-07 0.000247879 6.50584e-07 1.03857e-07 2.45285e-07 0.000593432 0.0225568 1.45637e-06 0.0533247 0.0544753 4.85275e-05 0.121173 0.000329516 2.79364e-05 0.187391 0.405932 1.88218e-07 
0.0172322 0.020441 0.0559819 2.62875e-07 0.00876904 2.854e-07 1.05627e-05 0.00214141 0.0119254 0.419264 0.000237647 0.0395682 0.0240576 0.000916483 0.0205745 0.206352 0.000156356 0.0659401 0.106432 6.56819e-09 
0.000166269 4.0405e-06 0.988924 2.09468e-07 0.000207704 0.000164532 7.09753e-08 4.87006e-05 2.20446e-05 0.000476272 2.1233e-05 0.00068789 0.000284061 6.67874e-06 0.00179009 7.68796e-05 1.15482e-05 0.00156321 0.00554481 2.72337e-11 
0.00145584 0.00186315 0.00860739 4.58015e-06 0.000576279 9.49188e-08 0.00049012 0.000925006 0.0142351 0.0118737 8.50493e-07 0.165782 7.64527e-05 1.86381e-05 0.655185 0.000791859 1.70402e-06 0.129997 0.00811518 1.74457e-09 
0.000398457 0.00683134 0.0483351 1.02765e-07 0.00311361 0.00121212 0.000198481 0.000394934 0.0158652 0.0449447 0.00294702 0.000605069 0.422468 0.00225345 0.0387222 0.000327241 0.000584547 0.159395 0.251361 4.27583e-05 
0.0108491 0.000385013 0.00721863 2.35476e-05 0.0141388 3.29059e-11 6.9376e-08 0.000302996 0.000229616 0.00265993 0.774774 0.0321346 2.49224e-07 0.000170917 0.0183643 4.56876e-08 1.12759e-05 0.107954 0.0307824 4.60818e-11 
0.0388132 0.00646164 0.0260467 0.0016798 0.0147304 0.000115704 0.00143374 0.0111746 0.0274066 0.0223681 0.00138766 0.149267 0.0164297 0.00175507 0.233735 0.00572265 0.00318272 0.0988035 0.339415 7.17546e-05 
0.0013804 0.00399687 0.0182109 1.81854e-06 0.0273232 0.397941 0.00164824 0.022959 0.0972795 0.00449577 0.000954044 0.00297182 0.0617683 0.000715358 0.00224754 0.00152597 0.00188803 0.282061 0.0706315 2.01161e-07 
0.00199013 0.00931243 0.00672315 1.17267e-05 0.000893629 5.26496e-06 0.000230852 0.0833681 0.00787302 0.460908 2.73849e-05 0.0096642 0.000918433 0.00473553 0.00645239 0.371708 0.000102477 0.026491 0.00858392 1.37529e-09 
0.0275317 0.0243211 0.156254 5.08715e-05 0.0060703 0.000102992 0.000529222 0.0586722 0.0125676 0.340621 0.0053544 0.0645765 0.117018 0.00035882 0.0785159 0.0049814 6.29622e-05 0.0865923 0.0158119 7.04616e-06 
0.452711 3.42338e-05 0.0148998 3.74723e-05 0.00237113 1.61558e-05 0.00192508 0.070193 0.000874033 0.0192237 0.00469648 0.00593177 0.0123705 0.00679416 0.00781056 0.000726748 0.00039054 0.00178087 0.397213 1.70102e-09 
0.00577842 0.0224617 0.0209451 7.33242e-07 0.0217331 1.9579e-06 1.0041e-06 4.48998e-07 0.000303754 0.153057 4.53412e-07 0.130262 0.00411237 3.33332e-07 0.215066 0.0003664 7.63196e-06 0.196753 0.229148 6.38438e-10 
0.0973015 0.246402 0.0085549 0.17281 0.000265986 1.09613e-07 0.0109319 0.0333401 0.0040437 0.315566 0.000619966 0.019572 0.00428811 0.00161357 0.0079924 0.0196202 5.58263e-05 0.0229973 0.034025 1.53503e-07 
0.0216629 0.000610394 0.0252366 0.000423819 0.0514228 4.6747e-05 0.00239882 0.0599996 0.0121953 0.0287812 0.0270483 0.0375108 0.170815 0.00196145 0.0555554 0.000515091 0.000954211 0.0300346 0.472827 1.46153e-10 
0.0739388 0.183687 0.07857 9.92855e-05 0.00141663 2.23933e-09 2.21492e-05 9.62924e-05 0.00895391 0.134948 0.000116193 0.0827028 0.139844 0.000333809 0.0603501 0.00552885 4.16959e-05 0.197715 0.0316355 3.13598e-09 
0.0196025 0.00645262 0.0988706 0.000478965 0.00931307 7.50779e-05 0.000738715 0.100476 0.0560611 0.0523262 0.0163352 0.105567 0.0100047 0.0192401 0.126649 0.0257031 0.000452667 0.0244758 0.32717 6.95675e-06 
0.015782 0.623365 0.0538087 1.88514e-06 0.00805011 6.04241e-08 7.22766e-05 0.0164255 0.00153697 0.0960016 0.000736314 0.0275035 0.00534612 0.000774417 0.0755034 0.00525387 1.97064e-05 0.0673524 0.00246509 1.12187e-06 
0.0107297 0.0530267 0.035816 1.82544e-07 4.02795e-06 1.36616e-07 7.3179e-07 0.00178277 0.000804084 0.104079 0.0120637 0.181156 0.472516 1.25361e-05 0.0739596 0.00565439 1.0297e-06 0.0252256 0.0231688 1.2093e-09 
0.0115541 0.0330111 0.235207 1.32904e-07 0.00102878 2.48958e-06 4.92622e-05 0.00131232 0.00916838 0.100144 0.00115529 0.0381734 0.495138 3.55765e-05 0.0107445 2.88824e-09 0.0001152 0.0615358 0.00162412 4.06688e-07 
0.00351285 2.77008e-05 0.000208661 0.000214193 0.000125744 6.72341e-07 2.78864e-06 2.12127e-05 0.00168559 0.000312105 1.33664e-05 0.000880844 2.98179e-05 0.00141862 0.000378291 3.53778e-05 0.984929 0.00192785 0.00427566 8.30712e-09 
0.000683456 0.000183214 0.0160857 5.29252e-05 0.00275349 6.59418e-07 5.43933e-05 0.00184615 0.541077 0.00331701 2.62202e-05 0.0229262 8.15164e-05 2.45181e-05 0.040914 0.000387347 5.27709e-05 0.348706 0.0208271 3.56213e-07 
0.00351285 2.77008e-05 0.000208661 0.000214193 0.000125744 6.72341e-07 2.78864e-06 2.12127e-05 0.00168559 0.000312105 1.33664e-05 0.000880844 2.98179e-05 0.00141862 0.000378291 3.53778e-05 0.984929 0.00192785 0.00427566 8.30712e-09 
0.0193637 0.0201179 0.051682 0.000287826 0.00235421 5.24405e-06 0.00165277 0.0210371 0.0795927 0.0597311 0.000145048 0.0261298 0.0728564 0.288729 0.0245346 0.0468723 0.191495 0.0505184 0.0428924 2.24713e-06 
0.00259369 0.0234887 0.0261111 1.23034e-05 0.000353852 0.000189301 0.00182789 0.294173 0.00360089 0.142027 0.00415695 0.0332472 0.00988697 0.00229926 0.0357843 0.3935 0.000169368 0.0155188 0.0110602 2.3975e-09 
0.00693418 0.687622 0.000411747 1.82186e-06 0.00324296 9.48722e-08 0.000484376 0.00923475 0.000304457 0.234233 1.66535e-06 0.00267602 0.00201138 0.00293273 7.30756e-07 0.0176751 1.27689e-05 0.03213 9.01344e-05 3.17346e-09 
0.0358646 0.682883 0.00419677 1.31287e-05 0.000369215 0.000117924 0.00793506 5.57012e-10 0.000424819 0.0430724 1.91558e-06 0.0610256 0.123185 0.000576017 1.29057e-06 2.88156e-06 6.91776e-07 0.024268 0.016062 5.06137e-09 
0.00351285 2.77008e-05 0.000208661 0.000214193 0.000125744 6.72341e-07 2.78864e-06 2.12127e-05 0.00168559 0.000312105 1.33664e-05 0.000880844 2.98179e-05 0.00141862 0.000378291 3.53778e-05 0.984929 0.00192785 0.00427566 8.30712e-09 
0.00130458 0.00656521 0.00428424 2.91235e-05 7.0503e-09 4.18665e-09 0.00114864 0.0799401 0.0138728 0.702694 0.000131031 1.97105e-07 0.010405 5.24208e-08 0.0116781 0.167945 9.3674e-09 9.41618e-07 1.03967e-07 2.25414e-12 
0.0132638 0.00120127 0.0110239 6.76163e-05 0.0251287 2.62691e-08 0.000315998 0.0278276 0.0368797 0.00365325 0.633044 0.0121102 3.19372e-05 9.49553e-05 0.00885611 0.00104545 3.00533e-05 0.21175 0.0136741 9.51066e-07 
0.00509184 6.71667e-08 0.068781 8.64301e-09 0.0107527 5.90499e-09 2.40029e-12 0.000901322 0.00791961 0.0252632 6.62374e-08 0.0645431 1.63695e-07 4.67071e-08 0.253739 2.78665e-05 1.5039e-08 0.52945 0.0335305 4.35002e-12 
0.00351285 2.77008e-05 0.000208661 0.000214193 0.000125744 6.72341e-07 2.78864e-06 2.12127e-05 0.00168559 0.000312105 1.33664e-05 0.000880844 2.98179e-05 0.00141862 0.000378291 3.53778e-05 0.984929 0.00192785 0.00427566 8.30712e-09 
0.00118983 0.00128441 0.00023491 6.09683e-12 2.91635e-08 4.82275e-12 8.21786e-08 0.914453 0.00229435 0.0513828 2.01826e-07 2.40393e-07 3.95376e-05 0.0037093 0.0161215 0.00717548 8.20563e-05 0.000555589 0.00147647 6.75383e-12 
0.0418945 0.00396446 0.0515541 0.000643704 0.00477517 0.000116776 0.00108485 0.0130305 0.231262 0.0173187 0.119736 0.0585454 0.00460983 0.00302003 0.047075 0.00571317 0.00405636 0.309331 0.0820865 0.000181406 
0.355448 0.0250114 0.0045337 0.00401616 0.00531954 2.35009e-05 0.000535434 0.0133071 0.0155243 0.0712514 0.0012892 0.113823 0.006935 0.00785076 0.0293181 0.00123566 0.000386194 0.0972601 0.246456 0.000475678 
0.00351285 2.77008e-05 0.000208661 0.000214193 0.000125744 6.72341e-07 2.78864e-06 2.12127e-05 0.00168559 0.000312105 1.33664e-05 0.000880844 2.98179e-05 0.00141862 0.000378291 3.53778e-05 0.984929 0.00192785 0.00427566 8.30712e-09 
0.0531686 0.0361107 0.157549 0.00330321 0.0200729 4.46321e-06 0.0176869 0.0291255 0.0309921 0.0725199 0.000206615 0.211417 0.0194129 0.00149554 0.157656 0.0017649 0.00130445 0.113436 0.0727729 1.43873e-07 
0.0587309 0.00503128 0.000236347 6.30022e-09 0.0148086 1.40124e-06 6.60772e-07 2.57472e-05 0.00312161 0.00259321 5.40246e-06 0.584028 0.000243543 3.36024e-09 0.000493144 2.33462e-05 1.18232e-06 0.330654 1.4025e-06 6.97913e-09 
0.00939482 0.000208868 0.00215354 0.000281219 0.00186093 9.17801e-06 0.000149801 0.00671753 0.0308582 0.0121857 3.05108e-08 0.00198692 0.000555902 0.915806 0.000381031 0.000873305 0.00268095 0.00269551 0.0112009 3.85641e-11 
0.00719293 0.00566642 0.0546839 0.00437084 0.00458158 2.36402e-05 0.000171127 0.0843717 0.0399556 0.16181 0.00628152 0.44419 0.0023842 1.88949e-05 0.111771 0.00204848 1.28087e-06 0.0328985 0.0375776 1.13002e-09 
0.00547771 0.0407811 0.0561253 1.78962e-07 0.00564799 1.05116e-06 0.000181988 0.00124096 0.00848622 0.0393363 1.08175e-07 0.236169 0.000614478 5.05053e-05 0.189821 0.00614986 4.28245e-05 0.383487 0.0263854 2.92793e-10 
0.0374026 0.0295503 0.0947661 9.4203e-05 0.00191565 8.61891e-10 0.0095944 0.00111078 0.0158037 0.0699979 0.00088688 0.247805 0.0617616 0.00102835 0.152395 0.0490224 5.07227e-05 0.195993 0.030821 1.207e-09 
0.00351285 2.77008e-05 0.000208661 0.000214193 0.000125744 6.72341e-07 2.78864e-06 2.12127e-05 0.00168559 0.000312105 1.33664e-05 0.000880844 2.98179e-05 0.00141862 0.000378291 3.53778e-05 0.984929 0.00192785 0.00427566 8.30712e-09 
0.149833 0.0274407 0.041152 0.00052264 0.00797132 9.71921e-09 0.0605603 0.0712178 0.0151092 0.0556304 0.00103661 0.0927502 0.234832 0.00154343 0.0394381 0.0483876 0.000460288 0.0334193 0.118694 1.7877e-08 
0.0104843 0.018925 0.13986 1.27854e-08 3.67077e-05 0.000262734 0.000609672 1.2828e-06 0.00293375 0.0375765 0.0151444 0.13986 0.296213 1.89248e-05 0.0257894 7.38794e-05 4.20099e-06 0.0475817 0.264624 1.41632e-08 
0.441846 0.003038 0.00387804 0.00172739 0.00365323 1.05812e-06 0.000796853 0.0166591 0.0281037 0.0430445 0.000541975 0.146568 0.0101375 0.000150146 0.0539526 0.00101983 0.0246117 0.0105237 0.209747 2.3774e-10 
4.11618e-05 0.00466366 0.176717 2.26701e-11 5.15073e-05 1.56393e-07 1.17508e-07 0.00880377 0.000297715 0.142796 0.264931 0.00757378 0.335819 0.000677765 0.0326452 0.00391555 0.000679137 0.0171139 0.00327435 2.5113e-11 
0.0320885 0.24207 0.50375 2.02667e-05 0.00347917 1.4483e-05 0.000105254 4.88714e-07 0.0425171 0.0138057 1.63261e-08 0.0392067 0.00106316 0.00341599 0.0251449 0.00277503 0.000481312 0.0402589 0.049804 2.77707e-08 
0.0175671 0.00938799 0.0111049 0.00928299 0.00145125 1.90536e-06 0.000477901 0.078817 0.081188 0.643304 0.00200342 0.011797 0.00406614 0.00177211 0.00648348 0.0340223 0.0042586 0.0507396 0.0322748 1.61204e-10 
0.0349137 0.00512378 0.0586942 2.7338e-05 0.00776956 5.38704e-12 0.000992135 0.0168766 0.0602468 0.0496038 9.88213e-08 0.253787 0.0169828 0.000479403 0.194314 0.0012327 1.58933e-05 0.26565 0.0332914 7.11351e-09 
0.0290855 0.00510036 0.0467407 0.00118054 0.0096103 0.000787354 0.00908911 0.00309804 0.028559 0.0167613 0.0128069 0.153827 0.00488176 0.000820529 0.321263 0.00692747 0.000952359 0.122769 0.225739 1.09279e-07 
0.00351285 2.77008e-05 0.000208661 0.000214193 0.000125744 6.72341e-07 2.78864e-06 2.12127e-05 0.00168559 0.000312105 1.33664e-05 0.000880844 2.98179e-05 0.00141862 0.000378291 3.53778e-05 0.984929 0.00192785 0.00427566 8.30712e-09 
0.317655 0.141869 0.0632006 0.00370993 0.00692715 1.74722e-06 0.000546512 0.00088371 0.0645472 0.0486972 0.000250165 0.0542029 0.00284804 0.0300733 0.0104511 0.00171916 7.93282e-06 0.104937 0.147472 3.01655e-09 
0.00988996 0.00954784 0.00276879 0.00042352 0.0109674 1.03913e-06 0.000716517 0.000502457 0.759183 0.00479146 5.29547e-05 0.0709126 0.000864519 0.0169859 0.0025917 0.000167766 0.00873013 0.0273016 0.0736008 2.20581e-10 
0.00351285 2.77008e-05 0.000208661 0.000214193 0.000125744 6.72341e-07 2.78864e-06 2.12127e-05 0.00168559 0.000312105 1.33664e-05 0.000880844 2.98179e-05 0.00141862 0.000378291 3.53778e-05 0.984929 0.00192785 0.00427566 8.30712e-09 
0.0241698 0.106884 0.0616607 2.62078e-08 0.00165701 2.31338e-07 0.000168396 0.00506837 0.00210551 0.155871 0.0879534 0.0324396 0.354465 6.83073e-05 0.105955 2.39961e-07 0.000451393 0.05812 0.00296185 1.20393e-10 
0.0810767 0.172917 0.0254312 0.000211931 0.0114686 2.92336e-06 0.00773602 0.000866756 0.258846 0.0529402 5.07362e-05 0.134545 0.002638 0.00338478 0.039118 0.0142469 0.000678967 0.142624 0.0512098 6.10831e-06 
0.00510233 0.0053596 0.0017859 1.01685e-09 0.000670599 1.559e-07 0.0047035 0.63429 0.00271456 0.171189 0.00140061 0.00587234 0.00296536 0.0413107 0.0971283 0.0100041 0.000306491 0.00803223 0.00716486 1.68423e-12 
0.00692288 0.0146941 0.0615078 0.000701271 0.000284476 9.29397e-06 0.00030141 0.00819731 0.0464901 0.0133486 0.0002441 0.0627935 0.00237943 0.00068849 0.295303 0.0118007 6.77986e-06 0.415799 0.0585282 1.04161e-10 
0.00351285 2.77008e-05 0.000208661 0.000214193 0.000125744 6.72341e-07 2.78864e-06 2.12127e-05 0.00168559 0.000312105 1.33664e-05 0.000880844 2.98179e-05 0.00141862 0.000378291 3.53778e-05 0.984929 0.00192785 0.00427566 8.30712e-09 
0.000885238 0.00917615 0.189045 7.7478e-05 0.00169829 0.00035314 0.000458436 0.00286342 0.121134 0.0340848 0.0155973 0.00498497 0.0454526 0.00816886 0.0213182 0.0920362 0.000276261 0.436523 0.0158654 7.44528e-10 
0.00626171 0.0013494 0.0122029 8.63794e-05 0.0284393 6.9505e-09 0.000450787 0.0346142 0.0571626 0.0030633 0.596819 0.0038607 1.57044e-12 4.68786e-05 0.000320054 0.00181773 2.4118e-05 0.247141 0.00633987 8.85592e-09 
0.0181026 0.00449519 0.117177 0.000646308 0.0162618 1.70098e-07 1.70152e-07 0.00664177 0.0770224 0.0590655 0.00136129 0.141428 1.70276e-07 0.00108929 0.166522 0.00623131 1.70276e-07 0.340595 0.0433611 1.70004e-07 
0.0698995 0.00521121 0.0353309 0.00254466 0.0317203 1.71465e-05 0.000436628 0.000696087 0.27175 0.094265 0.00119552 0.127115 0.0145429 0.005534 0.0693129 0.0451089 0.0643281 0.0902171 0.0701601 0.000613933 
0.0174715 0.0172546 0.0176793 0.000109194 0.062652 2.56296e-06 0.000584065 0.0105759 0.164363 0.0383182 0.00203388 0.195868 0.0252517 0.00023435 0.018996 0.00015534 1.84925e-05 0.00756196 0.42087 8.47989e-07 
2.70443e-05 0.000732689 0.00599663 0.000145794 0.0566466 0.000133321 0.000197779 6.3033e-06 0.00372643 0.0156367 3.76591e-05 0.00485634 0.329619 0.00105207 0.00946887 0.0115241 3.96182e-05 0.320462 0.239691 1.27505e-11 
0.0285705 0.00733629 0.0519886 1.44525e-05 0.00450599 1.23136e-06 0.00037736 0.00160781 0.0133196 0.0459609 0.000137212 0.273397 0.000754096 0.00205984 0.284198 0.000348289 0.000102107 0.218592 0.0667284 9.60146e-08 
0.00322395 0.363156 0.00961404 3.67869e-05 0.161496 9.88355e-07 0.00349805 0.169131 0.00885401 0.146967 0.000900495 0.00295188 9.12609e-05 0.00019022 0.0276143 0.00257931 7.71902e-06 0.00575771 0.0939218 7.00299e-06 
0.00962354 0.00336321 0.0231784 0.000167348 0.0177895 2.46791e-05 0.000680667 0.0130733 0.0164189 0.0266315 7.80888e-05 0.190126 0.00779037 0.000210032 0.0448334 0.0069378 2.9624e-05 0.546649 0.0923929 1.33041e-06 
0.00464841 0.0438837 0.022046 9.57536e-06 9.12274e-05 1.72553e-06 0.000220609 0.013769 0.00245912 0.052377 6.69491e-05 0.200918 0.00191453 0.000534084 0.324803 0.0142478 3.18106e-05 0.0241933 0.293784 3.93752e-11 
0.00377711 0.000544214 0.0273502 0.000692074 0.0386276 0.0926705 3.41242e-06 0.00146694 0.0037781 0.0502453 0.0406916 0.075566 0.0701088 2.9608e-05 0.0423472 0.001999 2.86318e-05 0.0741505 0.475923 1.27526e-08 
0.00207533 7.11246e-05 0.000640541 9.47662e-05 0.000452495 2.22678e-07 7.0423e-06 0.00142242 0.000469237 0.0030173 0.00033319 0.00170023 0.000599618 0.533432 0.000102771 0.0011024 0.44622 0.00200241 0.0062565 1.22098e-08 
0.00143413 0.00140465 0.00500562 3.62787e-08 0.000105506 1.51713e-06 0.970848 9.16844e-05 0.00416075 0.00302388 2.78965e-05 0.00115954 0.00917631 7.83946e-05 0.0014945 4.11483e-05 0.000142501 0.000381774 0.00142243 9.63459e-12 
0.0595503 0.023856 0.166053 0.000230909 0.00761834 6.66141e-05 9.53482e-05 0.000232489 0.00198545 0.0970246 0.00246599 0.081692 0.370485 0.000756481 0.0438403 0.0141847 0.000380303 0.0669638 0.0625143 4.37476e-06 
0.058882 0.0192717 0.0342464 0.00221332 0.0212352 9.23267e-05 0.00961585 0.0548042 0.0547836 0.122903 0.00144631 0.0750865 0.0235165 0.00347904 0.0381202 0.0147078 0.00401913 0.150026 0.311551 2.76052e-07 
0.0454852 0.316407 0.074415 0.0124234 6.43128e-07 1.35175e-09 0.00341164 0.00423483 0.00189268 0.149004 0.00222123 0.18502 0.0164032 0.0181339 0.0111459 0.00933473 0.000186871 0.119793 0.0304856 1.893e-09 
0.00308757 0.0499906 0.697937 3.04856e-06 0.00521283 2.13759e-06 0.000104677 0.0354917 0.00426131 0.0183925 8.98921e-05 0.00882977 0.00211762 0.000107011 0.0108042 0.000582475 0.000147676 0.15451 0.00832804 5.6414e-07 
1.60621e-05 3.31684e-05 3.60679e-06 1.77227e-06 0.00515135 6.49173e-07 4.03154e-08 5.38451e-06 3.50785e-06 0.643516 7.43686e-06 0.00357435 2.15284e-06 4.20205e-07 3.44364e-11 8.37644e-06 4.15712e-06 0.335959 0.0117127 3.63498e-10 
0.0566577 0.026605 0.0664536 0.00206241 0.00696823 3.01338e-07 0.014632 0.0420278 0.216608 0.140545 4.78491e-05 0.140428 0.0248466 0.010671 0.0181856 0.0250655 0.000493128 0.169634 0.0380678 1.31635e-09 
0.00204139 0.00215759 0.0129989 2.33998e-06 0.000896792 3.27429e-07 3.5894e-05 0.000108921 0.253029 0.0105447 2.6934e-06 0.0667741 3.1503e-05 1.64581e-05 0.124994 0.000570092 3.67439e-05 0.524263 0.00149565 1.20876e-11 
0.0128028 0.000128855 0.0386959 2.18678e-07 0.000287547 9.62756e-06 0.895117 3.76892e-05 0.00159094 0.00386203 0.000618472 0.00111004 0.00904366 7.15054e-05 0.00147046 0.000167651 9.78138e-05 0.0109889 0.0238987 2.72187e-09 
0.00351285 2.77008e-05 0.000208661 0.000214193 0.000125744 6.72341e-07 2.78864e-06 2.12127e-05 0.00168559 0.000312105 1.33664e-05 0.000880844 2.98179e-05 0.00141862 0.000378291 3.53778e-05 0.984929 0.00192785 0.00427566 8.30712e-09 
0.000177903 1.39266e-05 0.000382294 1.91537e-08 0.25647 4.69835e-05 0.000250556 3.9698e-05 0.00611017 0.000141227 3.75457e-06 0.000144695 0.156585 8.17351e-05 0.577872 0.000120209 3.26041e-05 0.000908775 0.000617469 2.12177e-08 
0.222942 0.202835 0.00672067 0.00128668 0.011998 9.84005e-06 0.00354411 0.00197534 0.0273443 0.0259651 0.0439514 0.299468 0.0159682 0.000939185 0.0337429 0.000263134 9.78486e-06 0.0748096 0.0261535 7.29614e-05 
0.00524766 0.00473713 0.00917821 4.34548e-05 0.00787567 9.37448e-07 0.00367702 0.768522 0.00336811 0.125617 0.000757446 0.0169173 0.00341771 5.89882e-05 0.0153769 0.0154584 1.66007e-05 0.0174967 0.00223268 6.84501e-08 
0.0463811 0.00418654 0.157568 0.00327658 0.0339467 0.070572 0.00711151 0.0045416 0.00935842 0.0113523 0.00174557 0.0570329 0.482251 0.00309392 0.0331442 0.000640134 0.000833383 0.0482731 0.0246736 1.81093e-05 
0.0103805 0.00126705 0.00435054 2.31031e-06 0.000318752 1.5834e-07 2.7584e-05 0.000839952 0.0560362 0.0311901 3.43019e-06 0.175685 0.000124612 0.00109386 0.0756106 0.00184016 6.35709e-06 0.638779 0.00244406 1.89801e-10 
0.0107427 0.000276491 0.0129351 2.96643e-05 4.26823e-05 3.29468e-05 1.62483e-05 0.0306309 0.00660772 0.00137399 4.31235e-05 0.0506531 5.51244e-05 6.91809e-05 0.0759352 0.000268056 1.04631e-05 0.00514706 0.80513 3.20611e-11 
0.0620625 0.00314211 0.0229582 0.000160127 0.0572311 9.67547e-06 0.00937896 0.0210226 0.0183354 0.128112 0.00161072 0.0308142 0.469266 0.0043255 0.0625205 0.0206098 9.59579e-05 0.0717452 0.0165884 1.20548e-05 
0.00496961 0.014281 0.196058 1.11182e-05 0.00526382 0.0595974 0.000148925 0.0456787 0.00117298 0.0543977 0.000133402 0.132518 0.417386 0.00380818 0.029553 0.00559028 0.00848107 0.00532831 0.0156229 6.46999e-09 
0.00273464 0.000503377 0.00397053 8.27106e-05 0.00263357 3.91748e-07 0.000568011 0.00267517 0.924385 0.0101706 0.000181661 0.0129081 2.68595e-05 0.00322715 0.000892423 0.000437482 0.000851899 0.0279649 0.00578513 3.39587e-11 
0.0724971 0.00426013 0.0286637 4.48771e-07 0.00243558 4.40461e-06 3.10233e-05 8.00587e-05 0.0494765 0.00796141 0.00280327 0.022448 0.665222 0.0112709 0.0103317 0.00104024 0.000299797 0.0334998 0.0876648 8.65539e-06 
9.62858e-06 0.00158056 0.200865 1.34577e-06 0.00102301 1.72752e-06 0.000295585 0.0162697 0.000212226 0.464095 0.021821 0.00599537 0.127528 0.000100389 0.00355763 0.140601 0.000813082 0.00752098 0.00770752 4.14054e-08 
0.0224432 0.018114 0.0199665 0.000846232 0.0286733 2.50821e-05 0.000646605 0.0332391 0.0413245 0.080827 0.00491022 0.101533 0.0381805 0.00089056 0.0809407 0.00952609 0.00597068 0.430408 0.0814399 9.49096e-05 
0.0013804 0.00399687 0.0182109 1.81854e-06 0.0273232 0.397941 0.00164824 0.022959 0.0972795 0.00449577 0.000954044 0.00297182 0.0617683 0.000715358 0.00224754 0.00152597 0.00188803 0.282061 0.0706315 2.01161e-07 
0.0151434 1.0693e-10 0.000391108 4.39933e-09 0.0076695 0.000650167 0.203382 0.0718239 0.0187393 0.0149798 0.00247239 0.033718 0.0108871 0.0266645 0.00302588 2.61317e-05 0.583469 0.00135393 0.00559889 5.51147e-06 
0.309875 0.00307459 0.00351782 0.00220453 0.0161501 1.03956e-06 0.00160281 9.15074e-05 0.00361167 0.00462005 0.00018222 0.264824 0.00171908 3.65728e-05 0.0124051 0.000636209 0.0219192 0.0207618 0.332766 4.40919e-10 
0.28435 0.00484011 0.0684363 0.0423902 0.013567 2.34116e-05 0.00360587 0.000170223 0.0059943 0.0212822 0.00559083 0.407813 0.0070684 5.87608e-06 0.00782167 0.000199344 7.82457e-06 0.0893236 0.0375103 1.82073e-08 
0.00351285 2.77008e-05 0.000208661 0.000214193 0.000125744 6.72341e-07 2.78864e-06 2.12127e-05 0.00168559 0.000312105 1.33664e-05 0.000880844 2.98179e-05 0.00141862 0.000378291 3.53778e-05 0.984929 0.00192785 0.00427566 8.30712e-09 
0.0126709 4.59204e-07 0.0428932 1.92272e-09 0.000391666 0.000133581 0.000230703 9.8512e-07 0.000925581 0.00589413 0.000390646 0.0138933 0.895858 0.000533509 5.66575e-07 5.94889e-07 0.00239641 7.71245e-07 0.0237854 2.12991e-09 
0.597426 6.81819e-05 0.00137544 0.000520828 0.00139612 1.26824e-08 0.00103003 0.000852804 0.0148992 0.00104575 0.00212108 0.0410768 0.00427856 0.0278676 0.0325467 7.23587e-05 0.105626 0.0151465 0.15265 1.10068e-10 
0.666903 0.0310634 0.0061394 0.00320622 0.0536342 2.36514e-08 1.27873e-05 4.34492e-05 0.0138233 0.0183625 0.00237506 0.0853886 0.00108137 0.00028492 1.91649e-07 0.00136892 0.000598162 0.084732 0.0309759 6.83192e-06 
0.000140667 8.35996e-05 0.000770246 3.16985e-10 3.32429e-05 0.000420917 1.57915e-05 0.00154803 0.000201052 0.00205607 0.984699 0.000759299 0.00065455 1.66916e-05 0.00173605 0.00327123 0.000700803 0.00219054 0.000702606 7.22076e-13 
0.160601 0.000994012 0.0156629 1.76247e-05 0.0106795 0.00322218 4.85628e-05 0.000315848 0.0179788 0.00255284 0.147386 0.0468929 0.00907353 0.043372 0.0154181 0.00171964 0.176812 0.0445551 0.302696 1.3963e-06 
0.00472509 0.00100945 0.0129831 2.70775e-05 0.00692592 1.65214e-05 0.0013592 0.00488933 0.5567 0.0171128 3.92605e-06 0.0243309 0.022381 0.000182471 0.0546346 0.000203449 8.05088e-05 0.184571 0.107864 9.83662e-08 
0.00380066 0.0065878 0.0793221 0.00143581 0.00288349 1.02757e-06 4.46935e-05 0.057007 0.271311 0.0675725 0.00111902 0.0110193 7.30932e-05 0.000485699 0.033079 0.0161935 1.69351e-05 0.442736 0.00531191 2.6818e-12 
0.0227217 0.00528758 0.0943281 3.16142e-05 0.0212173 1.45473e-05 0.00213029 0.000223052 0.0679802 0.027915 0.00534534 0.281237 0.000716068 0.000249199 0.345858 0.000748465 3.97857e-05 0.093345 0.0306115 4.48024e-11 
0.00273464 0.000503377 0.00397053 8.27106e-05 0.00263357 3.91748e-07 0.000568011 0.00267517 0.924385 0.0101706 0.000181661 0.0129081 2.68595e-05 0.00322715 0.000892423 0.000437482 0.000851899 0.0279649 0.00578513 3.39587e-11 
0.159869 0.00355432 0.484734 0.00272447 0.0457055 1.11486e-06 2.13528e-05 0.0123148 0.00745782 0.0550434 0.00419745 0.0945461 0.0102648 3.08663e-05 0.0317774 6.17807e-05 5.37875e-05 0.00270845 0.0849319 1.56126e-06 
0.379732 1.15661e-07 0.000509069 3.80383e-05 0.335523 1.4097e-05 6.5752e-08 5.64478e-08 0.0101687 1.14021e-06 0.000349648 0.00729508 0.00863931 0.166988 0.00125711 2.69643e-05 0.0104908 0.00244462 0.0765217 4.10149e-09 
2.07226e-06 0.00450464 1.44718e-05 5.07041e-06 1.12042e-05 9.55293e-06 1.12698e-10 1.38011e-06 0.118077 2.84132e-06 0.000822115 0.0512369 0.700565 0.00514122 0.037224 0.0667737 0.000393942 0.0151877 2.75961e-05 2.04241e-10 
0.00945341 0.140036 0.00234435 1.44074e-06 0.000149694 0.000210752 0.000266884 0.000861335 0.519587 0.0929077 3.71425e-08 0.0165231 0.000710841 0.000655082 0.0113595 0.00468468 0.000120523 0.172245 0.0278837 2.70494e-11 
0.000713496 0.000180726 0.0145562 2.26251e-06 0.00129106 2.88927e-07 4.51108e-05 0.00401204 0.59684 0.00474289 4.92525e-05 0.0112753 4.02455e-05 1.73792e-05 0.0531473 0.000755875 5.65755e-05 0.307376 0.00489854 1.40048e-11 
0.0759426 0.294831 0.039838 3.45113e-05 0.0150529 0.000284195 0.000153737 0.00113303 0.00185342 0.126453 0.000223901 0.126798 0.0475974 0.000219012 0.0176578 0.118491 0.0150448 0.0586081 0.0597845 5.64599e-07 
0.172504 0.00217629 0.0693693 1.49521e-06 0.00149173 1.5807e-08 4.90184e-05 6.83659e-06 5.60437e-06 0.0250332 0.0300865 0.00583806 8.68681e-05 3.54172e-05 4.19577e-05 5.64898e-09 0.00020469 0.352695 0.340373 2.21363e-08 
0.0436442 0.0258646 0.0699233 0.000115056 0.00610208 1.28018e-05 0.000424008 0.0306714 0.127221 0.132331 0.000823556 0.106129 0.0482512 0.00149656 0.146223 0.00464663 0.000132682 0.120392 0.135596 5.66741e-11 
0.0119324 0.00544302 0.00549408 0.00476646 0.000213931 1.03201e-06 1.65203e-05 0.000384426 0.0219385 0.0211558 0.00089142 0.00210871 0.00780631 0.872509 0.00330266 0.00686993 0.00857993 0.00514279 0.0214432 6.3717e-09 
0.00392902 0.00059734 0.00531588 0.0008565 0.00369416 0.0608074 0.000201885 0.000441371 0.541004 0.0190064 9.70383e-05 0.0124459 0.0476485 0.000602709 0.00341656 0.00136048 0.125214 0.037676 0.135678 6.945e-06 
0.000194516 0.000475545 0.00176325 0.000140289 0.0101638 1.04023e-06 4.50705e-05 0.933331 0.00377643 0.00483424 3.30885e-05 0.0154516 1.04788e-05 3.78183e-05 4.98461e-05 0.000289411 4.37652e-07 0.0138372 0.0155645 1.15417e-09 
0.00496232 0.0361137 0.190812 1.02591e-08 0.0019461 4.33656e-05 4.25339e-08 0.000553914 0.0068058 0.22268 6.4225e-11 0.0178341 0.00658366 8.21276e-09 0.0129662 0.00392406 5.50926e-06 0.455082 0.0396875 1.09247e-10 
0.00351285 2.77008e-05 0.000208661 0.000214193 0.000125744 6.72341e-07 2.78864e-06 2.12127e-05 0.00168559 0.000312105 1.33664e-05 0.000880844 2.98179e-05 0.00141862 0.000378291 3.53778e-05 0.984929 0.00192785 0.00427566 8.30712e-09 
0.634389 0.0316431 0.00823662 8.36033e-05 0.000733289 1.12429e-06 0.000138967 1.15139e-05 9.81606e-05 0.00488776 1.40275e-05 0.202915 0.033283 8.04471e-08 0.000448266 5.53802e-07 1.37822e-06 0.000140239 0.082974 1.07966e-09 
0.000307164 0.00213284 0.0545113 4.7678e-05 0.00151529 1.64933e-07 0.00283344 6.69075e-08 0.0165409 0.00477396 3.48673e-07 0.0609987 0.00404233 0.000311053 0.383208 0.00583891 5.29366e-05 0.193928 0.268957 1.30485e-10 
0.112755 0.0138788 0.0170618 0.000306259 0.0281592 1.93651e-05 0.000367933 0.0242962 0.0463201 0.0244594 0.00495556 0.0943642 0.0102586 0.00178397 0.0418282 0.00148771 0.00723862 0.0838962 0.486563 3.02646e-08 
0.00351285 2.77008e-05 0.000208661 0.000214193 0.000125744 6.72341e-07 2.78864e-06 2.12127e-05 0.00168559 0.000312105 1.33664e-05 0.000880844 2.98179e-05 0.00141862 0.000378291 3.53778e-05 0.984929 0.00192785 0.00427566 8.30712e-09 
0.107329 0.0118522 0.103523 1.0604e-06 0.00367766 1.0256e-05 0.00026032 0.00148592 0.0515411 0.196218 0.0142729 0.0596363 0.0167173 0.0536393 0.0196149 0.00578409 0.004605 0.11881 0.231023 1.17664e-09 
0.0208905 0.538979 0.0745774 2.37369e-06 0.00291473 6.00326e-06 5.04784e-05 0.000144026 0.0609417 0.0614032 0.00173841 0.0477894 0.000807442 7.86771e-05 0.0384673 0.0146598 0.000175223 0.132205 0.00416884 3.16265e-09 
0.0651756 0.00282551 0.0176849 0.000697262 0.0117714 2.7039e-05 0.000216848 0.00226201 0.0514028 0.0138657 4.21814e-05 0.0380088 0.0199051 0.00111074 0.149193 0.000313239 0.0198929 0.0644552 0.541149 1.1144e-06 
0.0807489 0.000266854 0.00382482 0.000957724 0.00784856 0.00655178 3.97179e-05 0.00371605 0.00625429 0.0122467 0.00298734 0.011754 0.00441121 0.00532877 0.00141384 0.000547891 0.774814 0.015659 0.0601804 0.00044768 
