0.0377719 0.0254302 0.0274951 0.00261247 0.00826337 1.04969e-07 0.000422703 0.00896508 0.0194052 0.0227351 0.0163721 0.310259 0.00666272 0.000733071 0.136029 0.227532 1.34227e-05 0.145933 0.00336452 7.99973e-08 
0.000151313 0.00330386 0.0131642 4.62966e-09 0.000207706 5.03431e-10 3.81754e-05 0.00413534 0.00387381 0.0269993 2.7297e-06 0.00424899 0.00030455 0.000229473 0.00870558 0.928006 1.00756e-05 0.00401829 0.00260068 2.24406e-12 
0.106177 0.00851823 0.352411 5.91277e-06 0.00132448 5.41108e-07 4.13507e-06 7.10465e-07 0.0305272 0.00863924 0.0967179 0.0583757 0.250863 0.00857506 2.28648e-05 9.56881e-06 1.87108e-07 0.00717693 0.0706507 9.30987e-09 
0.0123167 0.0458835 0.00996712 3.35484e-07 0.000402285 1.59486e-06 2.60618e-05 9.44026e-05 0.000878449 0.0274773 2.03414e-06 0.0938207 0.000352203 3.85361e-05 0.456266 0.013016 2.28937e-05 0.246112 0.093321 3.37692e-09 
0.0788631 0.0328339 0.0133741 9.69907e-05 0.267999 2.0933e-06 0.00308451 0.00323532 0.00616095 0.0702526 0.00794142 0.234177 0.000757364 0.000426758 0.0060948 0.00207113 1.28656e-05 0.143531 0.129084 6.03699e-07 
0.0329944 0.00904641 0.0485878 0.000315307 0.00939666 0.000318454 0.000127225 0.00199522 0.650308 0.0472206 0.00123467 0.0430357 0.0463196 0.00722338 0.00239515 0.00693099 0.00980109 0.00994783 0.0728014 1.42847e-09 
0.00077437 0.00316144 0.0181403 0.000197788 8.53506e-05 1.18145e-06 1.63347e-05 0.0357029 0.00654898 0.0474257 0.000220855 0.076017 0.000249054 1.40249e-05 0.720585 0.0133585 2.33067e-06 0.0501437 0.027355 8.25924e-09 
0.225178 0.000441555 0.00536033 7.8394e-06 0.0379214 0.000280314 0.0273638 0.00125002 0.0261939 0.00626141 0.228283 0.0219617 0.0790143 0.00627649 0.00708982 0.000328928 0.163809 0.00308212 0.159895 4.28804e-07 
0.0186477 0.0162724 0.0238917 0.00832366 0.00496645 0.000545496 0.00306777 0.388391 0.0178869 0.271484 0.00611848 0.0347547 0.0162337 0.00272227 0.0327488 0.0819426 0.000782526 0.0340189 0.0367643 0.000436371 
0.00483109 0.00684218 0.0286273 2.22942e-07 9.43299e-05 6.64404e-07 0.0036725 0.0317927 0.0431816 0.0381796 0.000170305 0.0839622 0.00110624 5.3591e-06 0.541437 0.00906573 5.46166e-07 0.20147 0.00556049 2.27759e-11 
0.0299577 0.029303 0.0226721 4.23154e-05 0.000242842 2.05286e-05 1.14009e-05 0.00922222 0.0102508 0.133464 3.56257e-05 0.162671 0.00391907 7.99192e-05 0.237952 0.0078246 2.98337e-06 0.311417 0.0409094 7.2698e-07 
0.000527346 0.142712 0.00515255 8.5319e-06 3.2533e-06 4.79736e-06 5.17246e-05 0.291501 0.00053665 0.476884 0.000122109 0.00313758 0.0608813 1.46414e-06 0.00386162 0.0145823 2.63069e-07 2.61608e-05 5.74569e-06 1.62487e-08 
0.000602737 0.000113189 0.0973366 0.000107611 0.00032103 4.2564e-05 2.39466e-05 0.000574202 0.00332749 0.00461091 4.51175e-05 0.183864 0.00240938 1.51277e-05 0.0715501 2.63166e-05 8.63766e-06 0.0210752 0.613945 2.96147e-07 
0.0132749 0.0044083 0.0721905 0.000661735 0.0139293 0.00026084 0.000298893 0.00525137 0.0267438 0.0312845 0.000101863 0.0381341 0.0099642 0.000884398 0.0204222 0.0196123 4.59504e-05 0.430576 0.311953 1.85025e-06 
0.429014 4.00909e-05 0.00280161 5.38484e-05 0.0175713 0.000236538 0.00147743 0.00513751 0.0411648 0.0637641 5.6979e-05 0.0367059 0.119786 0.0211433 0.0329798 0.000677608 0.0379137 0.0873528 0.102112 1.10445e-05 
0.000140667 8.35996e-05 0.000770246 3.16985e-10 3.32429e-05 0.000420917 1.57915e-05 0.00154803 0.000201052 0.00205607 0.984699 0.000759299 0.00065455 1.66916e-05 0.00173605 0.00327123 0.000700803 0.00219054 0.000702606 7.22076e-13 
0.00351285 2.77008e-05 0.000208661 0.000214193 0.000125744 6.72341e-07 2.78864e-06 2.12127e-05 0.00168559 0.000312105 1.33664e-05 0.000880844 2.98179e-05 0.00141862 0.000378291 3.53778e-05 0.984929 0.00192785 0.00427566 8.30712e-09 
0.0196502 0.00426081 0.0281138 1.36842e-07 0.00596613 1.19844e-05 2.5664e-06 0.00049876 0.0282103 0.337158 0.00134526 0.00797057 0.508025 1.71005e-07 0.00291469 0.0108064 0.000324464 0.0204471 0.0242933 4.21616e-10 
0.0582983 0.00523821 0.00981681 0.000131876 0.0264565 0.00145519 0.0103655 0.0908472 0.02366 0.0610811 0.000165966 0.274251 0.0148005 0.000137648 0.0271151 0.00884219 3.62683e-05 0.0787955 0.308503 2.29283e-06 
0.00494538 0.0727423 0.0250066 0.000280468 0.00235604 6.84152e-08 1.37558e-05 0.0155486 0.0202944 0.23508 0.00264839 0.150765 0.0214775 0.00101307 0.284703 0.0265688 0.000527417 0.0514864 0.0845433 6.83772e-08 
0.00351285 2.77008e-05 0.000208661 0.000214193 0.000125744 6.72341e-07 2.78864e-06 2.12127e-05 0.00168559 0.000312105 1.33664e-05 0.000880844 2.98179e-05 0.00141862 0.000378291 3.53778e-05 0.984929 0.00192785 0.00427566 8.30712e-09 
0.334614 0.00401273 0.0242328 3.48389e-06 0.00207028 3.30453e-08 0.000357172 1.56741e-05 0.054058 0.000691944 0.000703329 0.0584895 0.00105513 0.382211 0.0128903 1.35664e-05 0.014526 0.0444303 0.065625 7.43415e-11 
0.063462 0.000919279 0.00397722 0.000213234 0.00447419 0.000362907 0.000847751 0.00441019 0.00413601 0.00391854 0.157253 0.0128834 0.0109049 0.00521822 0.00768216 0.000311813 0.533686 0.0139546 0.171384 6.37992e-09 
0.00088589 0.00054764 0.0327639 2.06972e-05 0.000135955 7.87463e-06 0.000171743 0.0163527 0.0124048 0.0151048 0.000323378 0.0211371 0.017656 0.000136966 0.166727 0.0260278 2.6978e-05 0.242472 0.447097 2.24597e-08 
0.000184024 0.000229037 0.000418801 4.91841e-06 0.00252821 2.87189e-07 0.990904 0.000230893 0.000673523 0.00124799 6.99428e-05 0.000237698 0.00116267 8.20341e-06 0.000548226 0.000141272 2.11935e-05 0.000911217 0.000477751 6.66446e-12 
0.0054995 0.152756 0.00420773 1.5761e-05 0.000597764 6.30747e-06 0.000117319 0.000146077 0.109262 0.0263124 1.73493e-05 0.00589282 0.000753593 0.60746 0.000265847 0.0758475 0.00131102 0.000855487 0.00866905 5.66119e-06 
0.0282509 0.00766109 0.0771643 1.02819e-05 7.49668e-05 0.0010227 0.733353 0.000165368 0.000922027 0.00542938 0.00125421 0.0157318 0.0615851 2.5904e-05 0.00527854 1.1024e-05 0.000355438 0.0408941 0.0208082 2.05913e-06 
0.139875 2.12449e-05 0.000962106 6.59525e-06 0.0043511 0.0032035 0.638414 0.00133852 0.0127563 0.000793198 0.00827599 0.00155853 0.0096528 0.109836 0.00141737 1.04415e-05 0.00232377 0.0548145 0.0103892 8.69965e-07 
0.058882 0.0192717 0.0342464 0.00221332 0.0212352 9.23267e-05 0.00961585 0.0548042 0.0547836 0.122903 0.00144631 0.0750865 0.0235165 0.00347904 0.0381202 0.0147078 0.00401913 0.150026 0.311551 2.76052e-07 
0.00885562 0.0105775 0.0430663 2.19056e-07 0.0143898 0.000109682 0.000370681 0.00490442 0.0203845 0.142375 0.015519 0.038497 0.556559 0.000173734 0.0652911 0.017858 0.000283786 0.0253157 0.0354692 2.47657e-09 
0.0461397 0.0403126 0.0432465 0.0579119 0.0434344 2.22398e-06 0.00421638 4.49188e-05 0.00606305 0.126476 0.000464633 0.0304276 0.0512917 2.85427e-06 0.0115242 0.0045275 7.98725e-05 0.480433 0.0534014 5.32849e-09 
0.0119575 0.000113498 0.022241 0.000121946 0.00239533 2.55975e-05 0.000345416 0.00711228 0.29202 0.010757 5.44245e-05 0.00960584 0.000812821 0.0140028 0.0131221 0.0119886 0.00591209 0.489596 0.107815 8.34375e-07 
0.0266948 0.191816 0.0577454 0.00247343 0.00252617 5.0905e-06 0.000663884 0.0126266 0.00943154 0.285027 0.000459175 0.12873 0.0161528 0.000527444 0.0546962 0.0101749 1.49349e-06 0.0652506 0.134997 1.65989e-11 
0.0196628 0.00628342 0.202244 8.02786e-06 0.00333997 0.000194015 2.9928e-05 0.0049777 0.0296965 0.0454599 0.0045967 0.0385681 0.00427262 0.00203681 0.111101 0.00545555 0.000434462 0.24919 0.272448 2.46798e-09 
0.000140667 8.35996e-05 0.000770246 3.16985e-10 3.32429e-05 0.000420917 1.57915e-05 0.00154803 0.000201052 0.00205607 0.984699 0.000759299 0.00065455 1.66916e-05 0.00173605 0.00327123 0.000700803 0.00219054 0.000702606 7.22076e-13 
0.014382 0.0204244 0.731988 8.22939e-05 0.00700823 2.96533e-05 0.000305301 0.00112615 0.0524402 0.0411523 0.0746285 0.0041915 0.00316862 0.0272402 0.00217255 0.000105961 0.000130664 0.00494808 0.0144749 3.76263e-08 
0.12256 0.0131482 0.0508499 6.92056e-05 0.00186235 3.56007e-05 0.000102086 0.00016119 0.057921 0.0418029 0.00387055 0.0475856 0.0370418 0.21258 0.0169675 0.000690159 0.32817 0.0251566 0.0394116 1.34124e-05 
0.121297 0.111933 0.0318829 8.09029e-07 0.00835007 3.04382e-06 0.038428 0.0120896 0.0291592 0.120976 0.00209826 0.0232432 0.219559 0.018324 0.137747 0.0322892 0.00127102 0.0239507 0.067399 1.07226e-07 
0.00262508 0.000244271 0.0101679 2.10243e-05 0.0141441 0.000107527 0.000490213 0.00682577 0.560078 0.00319839 4.47078e-05 0.0219268 0.0067764 0.000158498 0.0347919 0.000556951 5.31585e-05 0.168764 0.169025 4.01374e-09 
0.00344757 0.000137813 0.000924708 2.94076e-05 0.000214517 2.00827e-07 0.000362522 7.52094e-05 0.961118 0.00782961 3.32626e-09 0.00559067 2.45804e-08 0.00349298 0.00119959 0.000144484 0.000687272 0.0022173 0.0125277 2.40607e-12 
0.00970883 0.00958001 0.0127564 0.00346646 0.016495 3.71953e-06 0.00188026 0.00491772 0.344646 0.0245071 0.00024818 0.0842334 0.005587 0.000454572 0.13228 0.0035364 0.00144121 0.272375 0.0718819 6.26851e-07 
0.00921034 0.000128262 0.0843384 0.00720081 0.00170364 2.63094e-05 0.000148799 0.0107702 0.0930136 0.00333921 0.000367821 0.129118 0.00284459 0.00478142 0.0219087 0.000328276 0.031304 0.0732859 0.526182 5.33802e-11 
0.024664 0.00137482 0.0336711 4.2231e-06 0.0456515 0.000147216 0.000106089 0.0101378 0.036829 0.0158748 0.000289072 0.0358621 0.00287089 0.000211919 0.0260638 0.00282581 8.03637e-05 0.733623 0.0297102 2.08278e-06 
0.0796758 0.00555298 0.576207 0.000129332 0.00580615 1.5672e-06 6.15568e-07 4.97109e-08 0.0300263 0.0503658 0.00862492 0.0792824 0.00172135 3.82343e-08 2.8592e-07 0.00085561 1.12515e-08 0.147406 0.0143436 6.50863e-12 
0.00115982 0.00559782 0.488193 4.64983e-08 0.000768074 0.000194285 0.00303341 7.96115e-05 0.0148462 0.0347055 0.0196904 0.011411 0.264687 0.000207791 0.12315 0.00249582 0.000349159 0.00710491 0.0223269 3.31558e-10 
0.000205025 5.25442e-06 0.984743 0.000246781 0.000378261 0.000194989 3.20649e-07 5.50938e-05 7.25021e-05 0.000543181 2.34014e-05 0.000842317 0.000609176 1.35374e-05 0.00230623 9.65943e-05 1.32912e-05 0.00239329 0.00725795 2.72663e-11 
0.0508109 0.000843498 0.0179738 0.000177123 0.00474459 0.00131078 0.000629644 0.00451976 0.0253343 0.0065281 0.114877 0.0139469 0.0349176 0.00816111 0.0267185 0.000324564 0.477294 0.0422141 0.168674 1.0955e-08 
0.01142 0.00904385 0.0636959 3.54692e-07 7.97421e-07 1.86454e-05 0.000530134 0.000313446 0.00122335 0.0448103 0.0129763 0.00231737 0.816299 0.00324292 0.0213537 2.52446e-08 0.000747969 0.00280544 0.00920088 1.18235e-09 
0.000663962 0.006573 0.180853 5.71869e-05 0.00023157 0.000212952 0.00321157 0.0164728 0.0863794 0.0946009 0.179417 0.0205984 0.0702505 0.000642181 0.0644313 0.00586918 0.00252824 0.252953 0.0140542 1.35626e-07 
0.000301545 0.000273492 0.0762231 4.36063e-06 0.000642503 6.07449e-07 7.11688e-05 0.00492465 0.262032 0.023208 7.69529e-05 0.0102593 0.000421827 2.77484e-05 0.0371402 0.00113926 1.45948e-05 0.550994 0.0322446 3.5987e-10 
1.36404e-05 1.3638e-05 1.36399e-05 1.36195e-05 0.204598 0.0327125 1.36288e-05 0.0463914 1.36399e-05 1.36419e-05 1.36279e-05 0.0382104 0.527833 0.00410284 0.100956 1.36366e-05 0.00137752 0.0436675 1.36415e-05 1.36169e-05 
0.00501924 0.000350245 0.00510167 0.000551148 0.00230048 1.03717e-06 0.000356468 0.00368292 0.907202 0.00863941 0.000184119 0.00831199 0.000683517 0.00384489 0.00127999 0.000402137 0.0120296 0.0281305 0.0119283 8.86278e-09 
0.00351285 2.77008e-05 0.000208661 0.000214193 0.000125744 6.72341e-07 2.78864e-06 2.12127e-05 0.00168559 0.000312105 1.33664e-05 0.000880844 2.98179e-05 0.00141862 0.000378291 3.53778e-05 0.984929 0.00192785 0.00427566 8.30712e-09 
0.0166891 0.00121409 0.268763 3.93765e-05 3.61725e-07 4.91664e-06 0.000924058 0.00106655 0.0196428 0.0600645 1.66199e-06 0.000831917 0.127362 0.478096 2.65063e-06 0.00275674 0.00322108 2.02535e-06 0.0193168 1.75311e-09 
0.00145584 0.00186315 0.00860739 4.58015e-06 0.000576279 9.49188e-08 0.00049012 0.000925006 0.0142351 0.0118737 8.50493e-07 0.165782 7.64527e-05 1.86381e-05 0.655185 0.000791859 1.70402e-06 0.129997 0.00811518 1.74457e-09 
0.00291997 0.000772419 0.0399768 2.66152e-06 0.0057192 7.95627e-05 2.87529e-05 0.0104372 0.03969 0.00942952 0.00898328 0.0727405 4.81766e-05 0.000135864 0.182279 0.0576653 0.000149203 0.299304 0.269639 1.40093e-07 
0.062078 0.0292105 0.0281473 0.000335144 0.0219192 4.28712e-05 0.00131554 0.0254288 0.0127267 0.0672714 0.000518824 0.0805246 0.0274312 0.000568289 0.300238 0.00676015 6.4837e-05 0.045248 0.29016 1.04825e-05 
0.235618 0.00162658 0.0225163 2.07637e-05 0.00241966 5.57561e-07 1.33978e-05 0.000294202 0.0573694 0.0409404 0.429722 0.0173831 0.0910547 0.022426 0.014302 0.00773644 0.000490252 0.0176747 0.0383924 1.02983e-09 
0.0022735 0.134609 0.0751512 3.82319e-08 0.00254179 4.29276e-05 3.3517e-07 0.000119755 0.00723073 0.0312871 0.000683237 0.396396 0.00402981 0.00981026 0.0765833 5.60297e-07 0.00031797 0.15393 0.104992 8.70801e-11 
0.0387138 0.00394635 0.0278424 2.59586e-05 0.000287076 1.11084e-06 0.0475149 0.00377874 0.0372836 0.0447869 0.000748833 0.0137855 0.379823 0.00387834 0.286479 0.00515782 0.000924643 0.0121676 0.0928544 7.44464e-11 
0.00583247 0.000706831 0.0871436 2.26018e-06 0.00333929 1.91791e-05 3.22026e-05 9.10176e-05 0.0103469 0.0635207 0.000494784 0.273118 0.0122631 0.000555216 0.175104 0.00235891 2.75711e-05 0.182163 0.182882 4.67416e-11 
0.210797 0.00157258 0.0985321 0.000393107 0.0234878 0.000313675 0.00238676 0.0173757 0.044629 0.0954252 0.009462 0.0399668 0.0354431 0.00628181 0.189603 0.00177066 0.0076456 0.039392 0.175522 7.9644e-10 
0.427412 0.0035888 0.0233956 0.00242886 0.00934968 7.20664e-08 0.000327166 0.000888768 0.132829 0.0830527 0.001412 0.0661344 0.00856719 0.003874 0.0104229 0.00411427 0.120867 0.023606 0.07773 4.31047e-10 
0.000258246 0.0002928 0.0257726 2.10149e-06 0.000763185 2.11437e-06 2.04505e-05 0.041568 0.381359 0.0326271 0.000132318 0.00489678 3.1125e-05 0.00012326 0.0656158 0.0181654 1.21389e-05 0.427888 0.000469576 2.49229e-12 
0.261699 0.0035952 0.000919659 0.0527335 1.81688e-05 4.13305e-09 0.000272829 0.000952589 0.00502911 0.00238719 4.51566e-05 0.110753 0.00204266 0.000364436 0.0572374 2.03386e-07 4.8102e-06 0.0173396 0.484605 7.48538e-11 
0.00597632 0.000189065 0.0681518 1.9852e-07 0.00710046 4.34014e-06 1.33825e-05 0.0132891 0.0168543 0.0229897 0.000181049 0.176701 0.00173414 5.63044e-05 0.166636 0.000267266 2.63786e-05 0.443624 0.076204 9.6215e-10 
0.00351285 2.77008e-05 0.000208661 0.000214193 0.000125744 6.72341e-07 2.78864e-06 2.12127e-05 0.00168559 0.000312105 1.33664e-05 0.000880844 2.98179e-05 0.00141862 0.000378291 3.53778e-05 0.984929 0.00192785 0.00427566 8.30712e-09 
0.0581904 0.235114 0.258515 0.00235784 0.0103668 4.16061e-05 0.00245835 0.00303697 0.0154377 0.0889711 0.00369607 0.101496 0.0585151 0.00244899 0.0367202 0.000567352 0.00141107 0.104422 0.0162329 1.6281e-07 
0.0107297 0.0530267 0.035816 1.82544e-07 4.02795e-06 1.36616e-07 7.3179e-07 0.00178277 0.000804084 0.104079 0.0120637 0.181156 0.472516 1.25361e-05 0.0739596 0.00565439 1.0297e-06 0.0252256 0.0231688 1.2093e-09 
0.000308182 0.000132736 0.0289716 4.93386e-09 3.80239e-05 2.18308e-06 1.87477e-08 0.00868728 0.308912 0.070011 4.14605e-05 0.00370472 0.000103697 0.000143184 0.114839 0.0465334 5.76038e-06 0.416888 0.000678229 1.8323e-12 
0.0407283 0.00954009 0.00463767 1.5374e-08 0.00192014 1.24183e-07 0.600146 0.00472705 0.0120742 0.0668213 0.000332908 0.0109846 0.00109344 3.59847e-08 0.116872 0.076155 5.8741e-06 0.052164 0.00179633 1.2102e-11 
0.00029917 0.000789634 0.00247684 4.55113e-05 0.571906 4.0215e-07 0.00803955 0.0665559 0.026233 0.0090609 4.48313e-08 0.0265521 4.2508e-05 5.33196e-05 0.00624175 0.00206782 1.60737e-05 0.25242 0.0271993 1.13806e-09 
0.000695157 0.00498371 0.0237811 2.84185e-06 0.000218163 7.65757e-06 5.104e-05 0.0312702 0.0316906 0.0425133 0.000947143 0.00999281 0.00341884 2.75895e-05 0.0789776 0.00484917 3.00255e-05 0.76263 0.00391283 1.28795e-11 
0.000258246 0.0002928 0.0257726 2.10149e-06 0.000763185 2.11437e-06 2.04505e-05 0.041568 0.381359 0.0326271 0.000132318 0.00489678 3.1125e-05 0.00012326 0.0656158 0.0181654 1.21389e-05 0.427888 0.000469576 2.49229e-12 
0.00242062 0.000119479 0.00174192 1.77648e-06 0.000209796 0.778448 1.14921e-05 0.00373189 0.000604198 0.0043323 0.172961 0.00102689 0.0101267 0.000135066 0.0022387 0.00460288 0.00617972 0.00653948 0.00456756 7.42582e-07 
1.38846e-05 1.38821e-05 1.3884e-05 1.38633e-05 0.00140219 1.38684e-05 1.38728e-05 1.38847e-05 1.38841e-05 1.38861e-05 1.38718e-05 1.38859e-05 0.0138968 1.38747e-05 0.984465 1.38808e-05 1.38829e-05 1.3886e-05 1.38857e-05 1.38607e-05 
0.00029917 0.000789634 0.00247684 4.55113e-05 0.571906 4.0215e-07 0.00803955 0.0665559 0.026233 0.0090609 4.48313e-08 0.0265521 4.2508e-05 5.33196e-05 0.00624175 0.00206782 1.60737e-05 0.25242 0.0271993 1.13806e-09 
0.000883769 0.000477223 0.0415196 9.7465e-08 0.000100422 0.000211766 2.4277e-08 1.69776e-07 0.000817259 0.00405101 0.00203846 0.0616207 0.0333446 3.4273e-08 0.258337 0.000182784 2.24648e-05 0.0845371 0.511855 1.66252e-11 
0.00351285 2.77008e-05 0.000208661 0.000214193 0.000125744 6.72341e-07 2.78864e-06 2.12127e-05 0.00168559 0.000312105 1.33664e-05 0.000880844 2.98179e-05 0.00141862 0.000378291 3.53778e-05 0.984929 0.00192785 0.00427566 8.30712e-09 
0.00234731 0.000240534 0.00174829 3.88433e-05 0.0120086 5.52884e-07 0.00029522 5.76307e-05 0.879267 0.00357771 2.08103e-05 0.00908928 4.49204e-05 0.00396342 0.000253561 8.84393e-05 0.000518227 0.0819033 0.00453606 2.70759e-08 
0.00545739 0.0115502 0.110447 5.72711e-06 0.0038357 2.42718e-08 0.000171815 0.58532 0.0355856 0.163822 1.04363e-06 0.00340703 0.00330781 3.21426e-06 0.000308555 0.023317 1.32111e-05 0.0527405 0.000705713 1.41878e-09 
0.00510233 0.0053596 0.0017859 1.01685e-09 0.000670599 1.559e-07 0.0047035 0.63429 0.00271456 0.171189 0.00140061 0.00587234 0.00296536 0.0413107 0.0971283 0.0100041 0.000306491 0.00803223 0.00716486 1.68423e-12 
0.0159421 0.00530677 0.0411236 2.74533e-05 0.0460797 5.98626e-06 0.00205297 0.0246664 0.0206763 0.0809948 0.000171658 0.108978 0.00785752 0.00238221 0.0549425 0.00377449 8.38399e-05 0.131134 0.4538 2.38657e-09 
0.00029917 0.000789634 0.00247684 4.55113e-05 0.571906 4.0215e-07 0.00803955 0.0665559 0.026233 0.0090609 4.48313e-08 0.0265521 4.2508e-05 5.33196e-05 0.00624175 0.00206782 1.60737e-05 0.25242 0.0271993 1.13806e-09 
0.0314986 0.00380077 0.0252182 0.00347282 0.00509757 0.000684032 0.000313208 0.00117734 0.725034 0.044794 0.000744935 0.0300284 0.025251 0.00665153 0.00165141 0.0064446 0.0234945 0.00691163 0.0577318 1.97261e-09 
0.0109004 0.000162799 0.000831475 0.000107811 0.219894 0.0016807 0.00176119 8.17011e-06 7.12932e-05 9.79549e-05 0.000624509 0.0119018 0.748799 8.75411e-05 0.00052844 0.000645118 7.81664e-06 0.00172168 0.000164821 3.58213e-06 
0.00084754 0.0012707 0.00960565 5.21987e-05 0.000672483 0.207854 4.98721e-05 0.0048663 0.184642 0.00750587 0.000298125 0.00993133 0.0213217 0.00106061 0.0320321 0.000891292 0.00421073 0.225454 0.287434 9.37394e-09 
0.00820645 0.00866664 0.0107313 0.000228512 0.00530711 0.000551871 0.000199685 0.177948 0.0128088 0.645462 0.00584024 0.0126904 0.0449296 0.00118112 0.0305037 0.0204883 9.69566e-05 0.00463781 0.00952182 1.29351e-09 
2.23703e-05 2.23663e-05 2.23695e-05 2.23361e-05 2.2368e-05 2.23443e-05 2.23514e-05 2.23705e-05 2.23695e-05 0.476563 0.489483 2.23725e-05 0.0335739 2.23545e-05 2.23711e-05 2.23642e-05 2.23677e-05 2.23726e-05 2.23721e-05 2.23319e-05 
0.0397793 0.00229692 0.0143875 7.24479e-05 0.0311081 0.000111244 0.574286 0.0642507 0.0192654 0.104801 0.000430097 0.0104044 0.004467 0.0124688 0.0296975 0.00177714 0.000104691 0.0144688 0.0758237 2.50789e-11 
0.00950425 0.433921 0.0198333 2.17473e-05 0.0019059 1.57983e-05 0.00711666 0.0121364 0.0470822 0.0929249 0.00145882 0.0454658 0.00504277 0.00427628 0.108989 0.0553692 0.000141161 0.141627 0.0131668 7.41343e-07 
0.0412534 0.0292959 0.0351601 3.6184e-05 0.0188766 0.000484789 0.000237452 0.000622177 0.0924483 0.0145385 4.08271e-06 0.287083 0.00587883 6.79351e-05 0.113345 0.000450279 6.84876e-05 0.294264 0.0658856 4.95318e-09 
0.0211029 0.00342118 0.0301032 2.93989e-05 0.000400872 0.000149593 0.000118183 0.000200972 0.0883642 0.0320127 0.000266459 0.00924664 0.587003 0.00116866 0.0802426 0.00365696 0.00623575 0.0677061 0.0685689 1.66781e-06 
1.87217e-05 0.00130486 0.00163534 8.11361e-08 0.0135014 5.07009e-08 0.000421684 0.00280105 0.00505447 0.0074375 2.46154e-07 0.0126279 0.000230539 6.01843e-06 0.0161644 0.917955 4.7155e-06 0.0161514 0.00468432 2.67685e-09 
0.00518876 0.00651167 0.0587347 4.75328e-05 0.00430554 0.000978023 9.30332e-08 0.00830233 0.00481954 0.0169011 0.0194876 0.0669374 0.00127958 0.000492315 0.0111869 1.47014e-07 0.207139 0.0196311 0.568057 3.43303e-11 
7.70927e-08 0.00844793 0.0647015 7.69749e-08 7.70846e-08 0.000254187 7.70275e-08 0.0252173 0.102345 0.0791215 0.00191792 0.0756584 0.00265946 0.00117105 0.231102 0.0164626 0.000508829 0.374157 0.0162757 7.69603e-08 
0.00195497 0.00118898 0.0014426 1.17643e-08 0.000217972 2.31456e-05 0.0054676 0.0152912 0.00326521 0.0530173 0.00352596 0.000313688 0.903461 0.00419674 0.000793631 0.0010591 0.00328891 0.000212609 0.001279 1.15182e-10 
0.000318817 0.0043793 0.105044 6.74737e-05 0.0121407 3.9995e-08 0.000304679 0.00213641 0.0136991 0.034836 1.28848e-07 0.0234159 0.00637629 0.00111389 0.200143 0.0447748 3.39598e-06 0.213995 0.337251 9.63264e-09 
0.0017858 0.00322384 0.03779 2.68736e-06 0.00540462 1.4231e-05 0.00253316 0.0674826 0.00452904 0.0748953 0.00698988 4.84618e-05 0.708188 0.000124209 0.025701 0.00303016 0.000205862 0.0551511 0.00289939 8.61072e-07 
0.00877451 0.00162392 0.0256193 7.92303e-06 0.09545 2.59462e-07 0.000421814 0.0195565 0.0443347 0.02128 0.00357458 0.281887 0.00720482 4.72024e-05 0.275301 0.00101636 1.15087e-05 0.150807 0.0630807 1.59701e-09 
0.0561612 0.00368615 0.0722372 1.18387e-05 0.0262166 0.000962742 5.52895e-06 0.000639712 6.90511e-05 0.0551645 0.0114157 0.0446818 0.620459 0.00185995 0.00280479 4.83173e-05 0.000168165 0.0526704 0.0507375 9.7942e-08 
0.0930129 0.00985894 0.00894948 4.70662e-05 0.100617 2.47444e-05 1.41868e-05 3.03823e-06 0.00251459 0.0283235 9.47717e-06 0.500004 0.000288238 0.0159549 0.036794 0.00307709 0.00278036 0.14341 0.0543164 5.63903e-08 
0.565588 0.0593364 0.0777242 5.24345e-06 5.25093e-06 5.24537e-06 0.00210406 5.25151e-06 5.25129e-06 0.0199631 5.24666e-06 0.215337 5.25085e-06 5.24776e-06 5.25166e-06 5.25004e-06 5.25086e-06 0.0598784 5.25191e-06 5.24246e-06 
0.00351285 2.77008e-05 0.000208661 0.000214193 0.000125744 6.72341e-07 2.78864e-06 2.12127e-05 0.00168559 0.000312105 1.33664e-05 0.000880844 2.98179e-05 0.00141862 0.000378291 3.53778e-05 0.984929 0.00192785 0.00427566 8.30712e-09 
0.00222501 0.00868805 0.0603231 4.16312e-05 0.00497641 9.43577e-06 0.000255493 0.0251146 0.0226533 0.0369214 0.000389882 0.010424 0.00477812 6.73754e-05 0.0202247 0.00823689 0.0101003 0.769728 0.0148422 1.54483e-08 
0.242633 0.0920348 0.0310812 7.9573e-07 0.00105714 0.000406238 0.00321201 0.0117224 0.00694306 0.134139 0.0873981 0.027666 0.0261276 0.029762 0.0852805 0.0569699 0.000881958 0.107619 0.0550646 2.19839e-08 
0.023874 0.00267451 0.0247431 2.37513e-05 0.00059143 6.19325e-07 0.000318335 0.00289728 0.00402571 0.00385692 0.00156821 0.34188 0.00623556 0.000202193 0.366554 0.00481973 6.5275e-05 0.0620147 0.153655 9.45522e-13 
0.00185053 0.0948228 0.0308174 3.46135e-08 0.000935017 7.51057e-06 6.64335e-05 0.000173054 0.0147794 0.0188327 0.000288086 0.507934 0.000586818 0.0708572 0.0283394 0.00019716 0.0007805 0.00234595 0.226386 7.71299e-11 
0.00356532 0.000668111 0.0601724 4.02344e-06 0.0205384 0.000258299 0.000514965 7.00464e-05 0.0435364 0.0547396 0.00265663 0.05651 0.0431976 0.0130705 0.0203791 0.0193363 1.70507e-05 0.133133 0.527631 8.71446e-07 
0.00912493 0.014087 0.00349157 0.0022163 0.000327848 2.09697e-06 0.000670716 0.000298644 0.492081 0.0262795 0.000412659 0.0693813 0.000674307 0.000416785 0.213615 0.00126309 2.19397e-05 0.149768 0.0158676 2.48013e-08 
0.0133408 0.00485218 0.0393561 0.000313627 0.00231636 2.11903e-07 5.15023e-05 0.00228914 0.472685 0.0473285 0.00457533 0.0496942 0.0124965 0.000102196 0.221959 0.0495607 0.000319982 0.0493436 0.0294154 1.65223e-11 
0.00181477 0.000413462 0.0403021 0.000244118 0.0243577 0.000393386 0.01879 2.1336e-07 2.13057e-06 0.141047 0.00249482 0.0627215 0.494915 8.40009e-07 1.35602e-05 0.0265505 5.63706e-07 0.0252203 0.160719 4.3924e-08 
0.00194597 0.000459418 0.144861 4.60955e-05 0.0314974 1.65999e-05 2.87096e-06 9.85406e-05 0.674256 0.00510963 0.000253462 0.0794014 1.88508e-06 0.000538512 1.62975e-05 0.000489089 1.41299e-06 2.05783e-05 0.0609832 1.2639e-08 
0.0383944 0.00022184 0.0890666 0.00284039 0.000735022 6.03526e-06 0.000321399 0.00194392 0.050134 0.00974297 0.00020342 0.0840144 0.0202514 0.00377869 0.176291 0.00163655 0.00734282 0.100849 0.412226 1.89544e-07 
0.0328371 0.000453076 0.00771862 0.00853762 0.00655308 1.89365e-09 6.12049e-06 0.0191772 0.0140583 0.433533 7.07555e-06 0.00150628 0.00129232 0.01352 0.0700939 0.296773 9.52225e-05 0.0783346 0.0155037 7.18274e-11 
0.0139289 0.00231756 0.125953 2.23603e-05 0.0243734 1.763e-05 8.06762e-05 0.0179656 0.0483833 0.00323059 9.1006e-06 0.133859 0.000356057 7.48701e-05 0.0187056 0.0013864 9.51429e-05 0.0591141 0.550122 4.04569e-06 
0.0332731 0.00169904 0.119281 3.78282e-05 0.00414196 9.50911e-06 2.08864e-06 0.00681875 0.0102081 0.125431 0.0005931 0.0520997 0.0170641 0.000107922 0.201169 0.000670739 2.41318e-06 0.0665765 0.360815 3.72509e-10 
0.0102922 0.00305583 0.0405236 4.04747e-05 0.050761 4.19311e-07 0.00716967 0.0161176 0.0814617 0.0279056 0.000793928 0.0681704 0.00130707 7.06142e-05 0.0932443 0.000501697 2.11907e-05 0.571169 0.027394 4.1249e-11 
0.0398938 0.000469482 0.0274096 0.0202355 0.0247113 4.79485e-06 0.00329437 0.00103211 0.228913 0.0431805 0.0120478 0.0568058 0.00926259 0.000608689 0.158136 0.0017205 0.00342699 0.184762 0.184083 2.28543e-06 
1.77651e-07 0.00754901 0.186598 0.000213033 0.00406796 0.000550256 1.77501e-07 0.00767474 0.00488539 0.198423 0.000976363 0.178645 0.00817116 0.00195296 0.151453 0.00969727 0.00117254 0.166619 0.0713507 1.77346e-07 
0.0238463 0.0141636 0.00824621 0.00115547 0.00165227 0.000149427 0.210234 0.0167068 0.583829 0.0142191 0.000328731 0.00592547 0.00337143 0.0171419 0.00128943 0.00115493 0.0249039 0.0446163 0.0270658 1.87836e-08 
0.00300457 0.00199645 0.0431402 2.79431e-06 0.0173636 4.40763e-06 0.000113778 0.0208075 0.0741109 0.0183441 2.11438e-05 0.0325324 0.0030857 1.97127e-05 0.0762812 8.36407e-05 4.01608e-05 0.680769 0.0282788 1.91519e-11 
0.0588622 0.00242561 0.151784 0.000444133 0.00739387 1.81023e-05 0.000972381 0.0240511 0.0450765 0.0210337 0.00376163 0.0154564 0.18153 0.0458185 0.0541093 0.00289606 0.116834 0.0290733 0.238459 3.67966e-09 
0.0137436 0.00633928 0.0237298 0.00372816 0.0078018 7.11654e-05 0.00663585 0.00881998 0.19712 0.0204115 0.000975921 0.0541323 0.0205239 0.00192225 0.272743 0.0064853 0.00616889 0.227097 0.121549 4.75458e-08 
0.00158966 0.000833515 0.0212879 3.68201e-07 0.000141325 0.000154021 0.000140126 0.0699973 3.81812e-05 0.131945 0.659611 0.0146961 0.0295311 3.61276e-06 0.021868 0.00842166 6.25494e-05 0.000127421 0.0395507 7.42083e-08 
0.00391 0.00348985 0.0679825 8.74315e-05 0.00176583 0.000175511 0.000180259 0.00575655 0.0149859 0.0269032 0.000312583 0.0723518 0.0283424 0.000359387 0.154639 0.00216639 0.00721487 0.465755 0.143619 1.64602e-06 
0.0232083 0.0113509 0.042529 0.000325938 0.00408024 4.87264e-07 0.00366926 0.0147963 0.0203812 0.149797 0.00111998 0.0146612 0.57123 0.000557915 0.0609421 0.0265158 0.00127275 0.0148312 0.0387308 3.5817e-10 
0.0331579 0.0140523 0.229809 1.74457e-05 0.00608109 6.69674e-06 0.000752107 0.0377969 0.126979 0.071315 0.000572252 0.11383 0.0443315 0.00481733 0.0652397 0.00312937 0.000417955 0.19676 0.0509337 2.75443e-07 
0.00351285 2.77008e-05 0.000208661 0.000214193 0.000125744 6.72341e-07 2.78864e-06 2.12127e-05 0.00168559 0.000312105 1.33664e-05 0.000880844 2.98179e-05 0.00141862 0.000378291 3.53778e-05 0.984929 0.00192785 0.00427566 8.30712e-09 
0.00314365 0.0256876 0.0169689 0.00308695 0.00248183 0.108533 0.00471283 0.000250417 0.0153604 0.0321236 0.00113249 0.019516 0.0646343 0.000884114 0.0197249 0.0156766 0.00105348 0.58903 0.0759979 1.71441e-06 
0.732245 0.0330015 0.0261469 0.000127032 0.0325116 3.93093e-07 0.000326573 0.00088867 0.00111269 0.0132323 0.00149186 0.0618812 0.0638669 8.88813e-05 0.00152442 0.000938984 0.000119347 0.0246749 0.00582049 7.38754e-09 
0.000184024 0.000229037 0.000418801 4.91841e-06 0.00252821 2.87189e-07 0.990904 0.000230893 0.000673523 0.00124799 6.99428e-05 0.000237698 0.00116267 8.20341e-06 0.000548226 0.000141272 2.11935e-05 0.000911217 0.000477751 6.66446e-12 
0.0209321 0.0226405 0.15629 7.40759e-06 0.00799183 1.39234e-06 0.000283505 0.00038351 0.0118295 0.105052 4.01636e-05 0.199305 0.0102356 0.000180638 0.239173 0.000899545 2.56114e-05 0.170117 0.0546121 8.74723e-12 
0.0252303 0.00219642 0.0242402 4.35965e-05 0.000860264 4.67852e-05 0.00150197 0.00356737 0.720119 0.102179 0.0001852 0.0241042 0.00872444 0.014967 0.0161274 0.0060407 0.000220922 0.00802053 0.0416161 8.01661e-06 
0.0108923 0.0245169 0.313097 6.42701e-08 1.03264e-07 1.84232e-07 0.00293076 6.63188e-06 0.000120514 0.409239 0.00706461 0.0237592 0.111041 2.37569e-07 0.0240704 0.00985075 0.000322661 0.0268551 0.036233 8.32502e-11 
0.00438611 0.00212586 0.342461 2.23747e-07 0.0015785 1.34276e-05 0.000354303 0.00187256 0.135723 0.0147311 2.16295e-05 0.0467414 0.189245 0.000507832 0.08771 6.39591e-06 0.000116221 0.0708535 0.101552 3.9561e-10 
0.0953798 0.00336997 0.0104876 8.73182e-06 0.00472804 0.00247008 4.94751e-05 0.00140591 0.0216443 0.0195322 0.0350367 0.00595986 0.185632 0.0887312 0.0443216 0.00283114 0.396049 0.00603798 0.0763243 8.31113e-09 
0.000716154 0.000304081 0.00609839 1.56351e-08 0.00144981 1.47821e-05 8.76865e-05 0.00975462 0.786855 0.00258329 4.25364e-08 0.00731782 0.00154185 0.00160172 0.0479323 0.00869922 0.000252415 0.0805094 0.0442815 1.20171e-08 
0.100778 0.0018553 0.00955902 0.00106263 0.0116144 3.44589e-07 0.000344882 0.00526896 0.00944107 0.0100788 0.000599376 0.235466 0.00237702 0.000876392 0.0800952 0.00120938 0.000786236 0.0320656 0.496521 2.08376e-07 
0.00846765 0.00202719 0.127493 6.98626e-07 0.0923102 3.94457e-05 1.83018e-05 0.0084343 0.0156974 0.0306953 0.00167612 0.0239724 0.0019633 2.36962e-05 0.0385337 0.00145096 1.71829e-05 0.640057 0.00712169 1.12079e-08 
0.00701584 0.000881942 0.122625 4.29078e-09 0.00213105 2.3369e-05 0.000427598 0.000449228 0.00376601 0.00490648 0.00187318 0.0238238 0.0451325 0.000429738 0.0572478 0.000127644 3.80078e-05 0.715809 0.0132915 3.69582e-09 
0.00351285 2.77008e-05 0.000208661 0.000214193 0.000125744 6.72341e-07 2.78864e-06 2.12127e-05 0.00168559 0.000312105 1.33664e-05 0.000880844 2.98179e-05 0.00141862 0.000378291 3.53778e-05 0.984929 0.00192785 0.00427566 8.30712e-09 
0.0240274 0.0444413 0.0354701 4.65842e-06 0.000875572 7.78687e-06 0.00399097 0.0298642 0.0429592 0.172838 0.00408968 0.155354 0.00705316 0.000156656 0.172296 0.0138516 0.000109302 0.279378 0.0132308 1.08038e-07 
0.0255958 0.182683 0.00588968 0.00844404 7.54939e-07 7.5414e-07 7.54379e-07 7.55023e-07 7.54991e-07 0.658449 7.54326e-07 0.0157822 7.54928e-07 7.54484e-07 7.55044e-07 7.54811e-07 0.000529205 0.0992206 0.00339861 7.53721e-07 
0.00351285 2.77008e-05 0.000208661 0.000214193 0.000125744 6.72341e-07 2.78864e-06 2.12127e-05 0.00168559 0.000312105 1.33664e-05 0.000880844 2.98179e-05 0.00141862 0.000378291 3.53778e-05 0.984929 0.00192785 0.00427566 8.30712e-09 
0.000140667 8.35996e-05 0.000770246 3.16985e-10 3.32429e-05 0.000420917 1.57915e-05 0.00154803 0.000201052 0.00205607 0.984699 0.000759299 0.00065455 1.66916e-05 0.00173605 0.00327123 0.000700803 0.00219054 0.000702606 7.22076e-13 
0.00351285 2.77008e-05 0.000208661 0.000214193 0.000125744 6.72341e-07 2.78864e-06 2.12127e-05 0.00168559 0.000312105 1.33664e-05 0.000880844 2.98179e-05 0.00141862 0.000378291 3.53778e-05 0.984929 0.00192785 0.00427566 8.30712e-09 
0.00351285 2.77008e-05 0.000208661 0.000214193 0.000125744 6.72341e-07 2.78864e-06 2.12127e-05 0.00168559 0.000312105 1.33664e-05 0.000880844 2.98179e-05 0.00141862 0.000378291 3.53778e-05 0.984929 0.00192785 0.00427566 8.30712e-09 
0.00264717 0.000188129 0.01063 4.25858e-06 0.010044 1.81626e-05 0.000287048 0.000346121 0.278746 0.000936626 1.06452e-08 0.00598064 0.00237977 0.00247336 0.0110816 4.42945e-05 1.16913e-05 0.518237 0.155944 2.19617e-09 
0.239842 0.00142474 0.00332422 0.00758629 0.0090215 4.74287e-07 0.00716449 4.74843e-07 0.0595433 4.74893e-07 4.74404e-07 0.0539949 0.0082142 0.00427099 0.066053 4.74709e-07 4.74784e-07 4.74889e-07 0.539556 4.74024e-07 
0.000140667 8.35996e-05 0.000770246 3.16985e-10 3.32429e-05 0.000420917 1.57915e-05 0.00154803 0.000201052 0.00205607 0.984699 0.000759299 0.00065455 1.66916e-05 0.00173605 0.00327123 0.000700803 0.00219054 0.000702606 7.22076e-13 
0.00227306 0.000256425 0.00906503 3.95398e-06 0.0602868 7.41847e-08 0.000253298 0.00273628 0.00908978 0.00073148 9.38388e-06 0.346861 2.89476e-06 0.000308594 0.128982 0.000129356 1.46697e-05 0.181558 0.257438 1.25992e-12 
0.00183209 0.00220989 0.000350836 0.000546905 0.00393423 4.62844e-09 0.000244852 6.19598e-05 0.004636 0.0413234 4.88908e-08 0.00443537 0.652806 2.53542e-05 8.78803e-07 0.0139543 5.77117e-06 0.00138677 0.272245 6.36379e-12 
0.0157212 0.0174377 0.0448163 0.132357 0.00565522 6.55493e-07 0.00108101 0.00432574 0.0643422 0.0694365 0.000501307 0.231096 0.00878466 3.05624e-05 0.0317293 0.00456674 3.59557e-05 0.333256 0.0348259 4.76762e-07 
0.00536637 0.0062571 0.0303273 0.00243937 0.00597461 6.94876e-06 0.00245672 0.0295982 0.0973884 0.0118947 0.000216579 0.128538 0.00794148 0.000577568 0.364809 0.000624769 0.000105566 0.269779 0.0356978 2.31366e-07 
0.51383 0.0173399 0.00833359 2.24503e-05 0.0272413 1.38818e-07 0.0430562 0.0102179 0.00722689 0.082975 0.000353779 0.0858149 0.106713 0.00139935 0.0248885 0.0154407 2.19387e-05 0.0270762 0.0280484 3.52281e-09 
0.0741308 0.0650793 0.0650095 3.81265e-05 0.018047 2.49006e-07 0.0136745 0.00283123 0.000116294 0.00757025 8.50411e-05 0.229971 0.018081 2.65828e-05 0.303488 0.000424764 4.44236e-05 0.101619 0.0997629 1.61179e-07 
0.720195 0.00152789 0.00224509 3.66443e-06 0.00422879 4.32947e-07 0.000464331 0.00327414 0.00313957 0.00683069 0.000926623 0.0771507 0.00547214 0.0055676 0.0422748 4.89422e-05 0.00458914 0.0144006 0.10766 2.75996e-09 
0.00877911 0.00282418 0.0228034 1.81694e-05 0.0118192 4.50703e-05 0.0327422 0.0329112 0.00112804 0.015819 1.38823e-05 0.730591 0.00234432 0.00201549 0.0600675 0.0197947 0.00215615 0.0180885 0.0360391 4.77521e-08 
0.00351285 2.77008e-05 0.000208661 0.000214193 0.000125744 6.72341e-07 2.78864e-06 2.12127e-05 0.00168559 0.000312105 1.33664e-05 0.000880844 2.98179e-05 0.00141862 0.000378291 3.53778e-05 0.984929 0.00192785 0.00427566 8.30712e-09 
0.00351285 2.77008e-05 0.000208661 0.000214193 0.000125744 6.72341e-07 2.78864e-06 2.12127e-05 0.00168559 0.000312105 1.33664e-05 0.000880844 2.98179e-05 0.00141862 0.000378291 3.53778e-05 0.984929 0.00192785 0.00427566 8.30712e-09 
0.00634812 0.00304784 0.0386951 0.000101582 0.00200091 8.55603e-06 0.0312518 0.00586246 0.00228065 0.0564694 0.645889 0.0283735 0.138254 1.12766e-05 0.0104365 0.000112616 5.68285e-05 0.00570975 0.02509 4.52054e-07 
0.159269 0.000100012 0.0206394 0.00012818 0.00363694 1.37872e-06 0.00110949 0.054845 0.00142355 0.0218235 0.0239174 0.00992116 0.0164025 0.00924569 0.0158555 0.00229708 0.00129596 0.00431163 0.653777 2.78204e-11 
0.47335 0.00025386 0.00724023 0.000534725 0.0793403 1.48506e-05 5.20977e-05 0.000205638 0.0227172 0.00670706 0.0197515 0.0305584 0.00381599 3.9403e-05 0.00491503 0.0392388 0.000270397 0.0918962 0.219098 1.79065e-07 
0.00351285 2.77008e-05 0.000208661 0.000214193 0.000125744 6.72341e-07 2.78864e-06 2.12127e-05 0.00168559 0.000312105 1.33664e-05 0.000880844 2.98179e-05 0.00141862 0.000378291 3.53778e-05 0.984929 0.00192785 0.00427566 8.30712e-09 
0.0242185 0.000625964 0.0207415 0.0131612 0.286697 3.66515e-06 0.00162314 0.0117058 0.0177581 0.0113928 0.0174251 0.0134501 0.000398956 0.0026116 0.042456 0.00182008 1.44806e-05 0.332158 0.201738 1.25886e-10 
0.0343602 0.381917 0.0090251 3.62764e-06 0.0308738 4.29039e-06 0.00134821 0.000290577 0.0398408 0.0873935 6.31709e-08 0.134792 0.0235273 3.38998e-05 0.0263105 0.00284231 3.90503e-06 0.203092 0.0243418 8.18132e-10 
0.00138668 1.3505e-06 0.00180477 5.32818e-07 5.58916e-06 8.93527e-08 8.05983e-07 1.38145e-05 0.00837289 0.000871644 2.89132e-06 0.0242241 2.40781e-06 2.79682e-07 0.000293251 0.000141573 2.80796e-07 0.962876 6.55503e-07 3.54718e-08 
0.00239885 0.00306466 0.114781 1.04115e-05 0.0119126 0.000327496 2.57024e-05 0.160723 0.0031808 0.367505 1.21301e-05 0.0318895 0.0170973 0.091752 0.00505515 0.0125483 0.028388 0.0676121 0.0817154 1.89073e-10 
0.0414064 0.0263703 0.0336548 0.000281605 0.0351938 0.000246029 0.00232962 0.0109721 0.00307729 0.114977 0.000352081 0.264493 0.0663323 0.000410794 0.170827 0.000662752 0.000395546 0.0929302 0.135087 1.49363e-09 
0.00451261 0.00378085 0.0447288 0.00097975 0.00296139 1.34259e-05 0.00243814 0.0158571 0.127404 0.0722826 0.000569311 0.0487367 0.00149117 0.000427356 0.115099 0.00881783 3.054e-05 0.489642 0.0602268 9.41709e-11 
0.00126165 0.0048026 0.00105037 2.69681e-06 0.000148435 2.85972e-06 9.48979e-05 0.000311097 0.00153497 0.956834 2.25218e-05 0.00273149 0.000770489 3.85777e-05 0.00475565 0.0123123 3.66961e-05 0.0111448 0.00214239 1.69047e-06 
0.00351285 2.77008e-05 0.000208661 0.000214193 0.000125744 6.72341e-07 2.78864e-06 2.12127e-05 0.00168559 0.000312105 1.33664e-05 0.000880844 2.98179e-05 0.00141862 0.000378291 3.53778e-05 0.984929 0.00192785 0.00427566 8.30712e-09 
0.00351285 2.77008e-05 0.000208661 0.000214193 0.000125744 6.72341e-07 2.78864e-06 2.12127e-05 0.00168559 0.000312105 1.33664e-05 0.000880844 2.98179e-05 0.00141862 0.000378291 3.53778e-05 0.984929 0.00192785 0.00427566 8.30712e-09 
0.0281216 0.0134342 0.0371789 0.000870602 0.0105596 0.000805444 0.00120603 0.0145557 0.032213 0.0394944 0.00190316 0.134453 0.0139082 0.000648334 0.322376 0.00743605 0.00471644 0.18254 0.153563 1.7408e-05 
0.00864084 0.0162967 0.0886135 5.34432e-06 0.0326675 0.000176787 0.000207593 0.00220335 0.119288 0.0180925 0.00335616 0.0352622 0.0185869 0.000243723 0.0350271 0.000800858 5.30099e-05 0.579905 0.0405733 1.18974e-07 
0.0365782 0.00626401 0.0584678 0.000492996 0.0211451 8.22294e-05 0.000466753 0.0176972 0.101521 0.0642797 0.000461578 0.116829 0.0267639 0.0015459 0.215609 0.0181862 0.00330828 0.215615 0.0946859 3.90665e-08 
0.00396849 0.004932 0.00144343 1.38324e-06 0.000521581 1.21328e-07 0.00365829 0.675386 0.00211133 0.171862 0.00111388 0.00469781 0.00234661 0.0322016 0.0755442 0.00815268 0.000238383 0.0062473 0.00557267 1.55701e-12 
0.219354 0.00729943 0.0111726 0.000127604 0.00959025 5.80108e-06 0.000275716 0.0102385 0.0991124 0.115337 0.00573407 0.0274598 0.0289228 0.116195 0.0288494 0.00363303 0.0801026 0.00957351 0.227016 4.00338e-10 
0.0180485 0.00239764 0.0362913 0.000170213 0.0123782 0.000106708 0.00112418 0.0114532 0.0569059 0.0259227 0.00352857 0.232344 0.0108717 0.000578848 0.254015 0.0114272 0.00174746 0.108505 0.212183 8.97825e-08 
0.00351285 2.77008e-05 0.000208661 0.000214193 0.000125744 6.72341e-07 2.78864e-06 2.12127e-05 0.00168559 0.000312105 1.33664e-05 0.000880844 2.98179e-05 0.00141862 0.000378291 3.53778e-05 0.984929 0.00192785 0.00427566 8.30712e-09 
0.00351285 2.77008e-05 0.000208661 0.000214193 0.000125744 6.72341e-07 2.78864e-06 2.12127e-05 0.00168559 0.000312105 1.33664e-05 0.000880844 2.98179e-05 0.00141862 0.000378291 3.53778e-05 0.984929 0.00192785 0.00427566 8.30712e-09 
0.053591 0.698913 0.00816866 0.00323968 0.0101716 1.26465e-07 0.00996058 0.0126916 0.00916347 0.0432274 6.7456e-05 0.0622725 0.00720319 0.00056137 0.0119978 0.000561748 1.78779e-05 0.0595553 0.00863562 5.37235e-10 
