0.00273464 0.000503377 0.00397053 8.27106e-05 0.00263357 3.91748e-07 0.000568011 0.00267517 0.924385 0.0101706 0.000181661 0.0129081 2.68595e-05 0.00322715 0.000892423 0.000437482 0.000851899 0.0279649 0.00578513 3.39587e-11 
0.00911464 0.0111879 0.0306259 0.00026913 0.000458158 6.36547e-05 0.00167452 0.172389 0.0536959 0.207174 0.00186044 0.0335876 0.0111028 0.00118261 0.181049 0.092635 0.000583096 0.175012 0.0163342 2.44595e-08 
0.00732468 0.00191999 0.0307105 0.000256694 0.00296407 7.14004e-06 0.000136984 0.00570919 0.213165 0.0245806 7.9123e-06 0.184603 0.00890644 0.000222288 0.299858 0.00148443 0.000118002 0.164956 0.053069 1.62663e-09 
0.00351285 2.77008e-05 0.000208661 0.000214193 0.000125744 6.72341e-07 2.78864e-06 2.12127e-05 0.00168559 0.000312105 1.33664e-05 0.000880844 2.98179e-05 0.00141862 0.000378291 3.53778e-05 0.984929 0.00192785 0.00427566 8.30712e-09 
0.00351285 2.77008e-05 0.000208661 0.000214193 0.000125744 6.72341e-07 2.78864e-06 2.12127e-05 0.00168559 0.000312105 1.33664e-05 0.000880844 2.98179e-05 0.00141862 0.000378291 3.53778e-05 0.984929 0.00192785 0.00427566 8.30712e-09 
0.00351285 2.77008e-05 0.000208661 0.000214193 0.000125744 6.72341e-07 2.78864e-06 2.12127e-05 0.00168559 0.000312105 1.33664e-05 0.000880844 2.98179e-05 0.00141862 0.000378291 3.53778e-05 0.984929 0.00192785 0.00427566 8.30712e-09 
0.00273464 0.000503377 0.00397053 8.27106e-05 0.00263357 3.91748e-07 0.000568011 0.00267517 0.924385 0.0101706 0.000181661 0.0129081 2.68595e-05 0.00322715 0.000892423 0.000437482 0.000851899 0.0279649 0.00578513 3.39587e-11 
0.00351285 2.77008e-05 0.000208661 0.000214193 0.000125744 6.72341e-07 2.78864e-06 2.12127e-05 0.00168559 0.000312105 1.33664e-05 0.000880844 2.98179e-05 0.00141862 0.000378291 3.53778e-05 0.984929 0.00192785 0.00427566 8.30712e-09 
0.000140667 8.35996e-05 0.000770246 3.16985e-10 3.32429e-05 0.000420917 1.57915e-05 0.00154803 0.000201052 0.00205607 0.984699 0.000759299 0.00065455 1.66916e-05 0.00173605 0.00327123 0.000700803 0.00219054 0.000702606 7.22076e-13 
0.0791677 0.00637531 0.0774515 0.00242546 0.0149017 2.79547e-05 0.000156205 0.0114632 0.0274782 0.0210331 0.00505584 0.387859 0.00940835 0.00084362 0.0303332 0.000494863 0.051823 0.202192 0.0715107 4.14915e-08 
0.00351285 2.77008e-05 0.000208661 0.000214193 0.000125744 6.72341e-07 2.78864e-06 2.12127e-05 0.00168559 0.000312105 1.33664e-05 0.000880844 2.98179e-05 0.00141862 0.000378291 3.53778e-05 0.984929 0.00192785 0.00427566 8.30712e-09 
0.0281146 0.00303848 0.0208274 1.68545e-05 0.00233394 7.78131e-06 0.000784463 0.00368636 0.0003485 0.00809009 0.000158722 0.19284 0.00907081 0.000104347 0.00950602 0.000350502 6.66151e-06 0.00379245 0.716922 3.99956e-12 
0.00143413 0.00140465 0.00500562 3.62787e-08 0.000105506 1.51713e-06 0.970848 9.16844e-05 0.00416075 0.00302388 2.78965e-05 0.00115954 0.00917631 7.83946e-05 0.0014945 4.11483e-05 0.000142501 0.000381774 0.00142243 9.63459e-12 
0.000575286 0.000359743 0.0130055 3.09072e-06 0.00171115 8.62725e-06 7.29914e-05 0.0288547 0.633474 0.0121795 0.000192992 0.00663716 0.000842156 0.000909349 0.0657741 0.0174423 0.000122761 0.200502 0.0173325 7.39327e-09 
0.0626092 0.0177374 0.0746522 0.00233586 0.00531815 1.46269e-06 0.00026952 0.025139 0.0839678 0.0419028 0.00114086 0.0716844 0.00487383 0.00152493 0.0244094 0.0145067 0.0267936 0.0911818 0.449951 4.71116e-10 
0.00472509 0.00100945 0.0129831 2.70775e-05 0.00692592 1.65214e-05 0.0013592 0.00488933 0.5567 0.0171128 3.92605e-06 0.0243309 0.022381 0.000182471 0.0546346 0.000203449 8.05088e-05 0.184571 0.107864 9.83662e-08 
0.00258921 0.000259362 0.0695598 1.35256e-06 0.0212287 1.41974e-06 3.95477e-05 0.00234502 0.179438 0.0460112 0.000138982 0.0212032 9.67127e-05 9.17196e-05 0.0809261 0.0242772 1.58887e-05 0.546012 0.0057641 1.20512e-06 
0.0147817 0.0869302 0.1102 0.00575839 0.00126747 2.45274e-05 0.00140639 0.0806553 0.0114945 0.464214 0.000247723 0.0544947 0.0200859 0.00270294 0.0489812 0.0139092 5.69961e-05 0.055029 0.0277592 1.42495e-07 
0.000140667 8.35996e-05 0.000770246 3.16985e-10 3.32429e-05 0.000420917 1.57915e-05 0.00154803 0.000201052 0.00205607 0.984699 0.000759299 0.00065455 1.66916e-05 0.00173605 0.00327123 0.000700803 0.00219054 0.000702606 7.22076e-13 
0.0667567 0.00589553 0.156806 2.67422e-07 0.000260341 0.000507467 7.6302e-07 0.0156244 0.0785733 0.0915723 0.000248591 0.00595629 0.187631 0.00415642 0.0771973 0.000461651 3.47919e-05 0.174841 0.133476 5.99323e-09 
0.429014 4.00909e-05 0.00280161 5.38484e-05 0.0175713 0.000236538 0.00147743 0.00513751 0.0411648 0.0637641 5.6979e-05 0.0367059 0.119786 0.0211433 0.0329798 0.000677608 0.0379137 0.0873528 0.102112 1.10445e-05 
0.0114075 0.0028639 0.0654579 7.53089e-05 0.389626 8.32835e-05 0.0009997 1.85477e-05 0.114659 0.00334819 4.92949e-05 0.171214 0.012015 0.000539826 0.0152913 0.000221325 1.23398e-05 0.165686 0.0464304 1.54804e-06 
0.00351285 2.77008e-05 0.000208661 0.000214193 0.000125744 6.72341e-07 2.78864e-06 2.12127e-05 0.00168559 0.000312105 1.33664e-05 0.000880844 2.98179e-05 0.00141862 0.000378291 3.53778e-05 0.984929 0.00192785 0.00427566 8.30712e-09 
0.00258687 0.000171369 0.00127108 2.31609e-05 0.000207732 9.67918e-08 0.000384524 6.96894e-05 0.960144 0.00425972 4.05942e-07 0.00951605 1.32257e-08 0.00317309 0.00167923 9.07204e-05 0.000518151 0.00745472 0.00844944 8.97507e-10 
0.0284151 0.000535718 0.0254903 0.000161135 0.09646 0.000159377 4.1279e-05 0.00460872 0.0369988 0.0167738 0.0679599 0.0537118 0.0119822 0.00752914 0.0461721 0.0324093 0.000147515 0.414512 0.155931 9.9644e-07 
0.00157226 0.000994996 0.0335239 1.01818e-05 0.000465216 1.16046e-06 3.69021e-05 0.0242188 0.20818 0.041596 6.66879e-05 0.0148711 0.00121773 4.57331e-05 0.279516 0.0156907 4.25786e-06 0.37429 0.00369834 6.48802e-11 
0.00667161 0.0337328 0.0238766 6.9361e-06 0.000684323 2.18816e-06 0.000770706 0.010601 0.00450419 0.030042 0.0198538 0.173467 0.0105385 0.000103432 0.451779 0.00491159 9.99507e-05 0.0179677 0.210387 2.48867e-07 
0.0102493 0.00456704 0.36609 5.60114e-05 0.00154461 0.000257999 0.00171404 0.0218259 0.0115318 0.0588243 0.00457059 0.0840368 0.0445552 0.000264435 0.169331 0.0160828 4.5403e-05 0.147186 0.0572326 3.47176e-05 
0.00939482 0.000208868 0.00215354 0.000281219 0.00186093 9.17801e-06 0.000149801 0.00671753 0.0308582 0.0121857 3.05108e-08 0.00198692 0.000555902 0.915806 0.000381031 0.000873305 0.00268095 0.00269551 0.0112009 3.85641e-11 
0.00155812 0.0104973 0.00167406 8.73711e-06 0.000363339 8.64502e-07 8.45696e-05 0.000532535 0.0023282 0.908416 1.24701e-05 0.00587629 0.00136918 0.00233239 0.00635363 0.0402121 4.8473e-05 0.0154202 0.00291119 1.84996e-09 
0.00475467 0.000565849 0.00754754 2.15004e-05 0.238133 1.41613e-08 0.00144589 0.0235918 0.00162818 0.00543706 6.55146e-06 0.519385 0.000773613 1.33204e-06 0.0796106 0.00147409 3.22943e-07 0.0339791 0.0816438 1.7527e-11 
0.673702 0.00561779 0.0154005 0.000451777 0.00535252 4.35494e-05 0.000281402 0.00331605 0.00437088 0.0108739 0.00133534 0.124452 0.0319169 0.000794012 0.0177313 0.000611988 0.0262847 0.0255467 0.051916 1.01561e-08 
0.0259613 0.0109186 0.00452105 5.73843e-06 0.00606589 1.99513e-06 0.824805 0.0185802 0.0170646 0.01404 0.000542355 0.0170083 0.0339231 0.00184985 0.0123138 7.34925e-05 0.0032374 0.00152708 0.00756003 4.80828e-07 
0.00173934 0.0152275 0.0410713 7.68408e-08 0.00112355 0.00333619 0.00324497 0.11236 0.0225943 0.121893 0.179118 0.07712 0.0622443 0.00206879 0.199807 0.00969417 0.00798742 0.104398 0.0349727 7.68263e-08 
0.00212343 0.0194205 0.411914 4.49409e-08 0.00271368 1.05847e-06 0.00592385 0.0559682 0.0449794 0.287104 0.00294869 0.0337052 0.0792347 0.00759647 0.00190566 0.00585667 3.3753e-05 0.0238641 0.014706 9.0286e-10 
0.0395055 0.0279056 0.0786067 3.51606e-05 0.052645 4.97778e-05 0.00419285 0.00921726 0.141358 0.0759908 0.00141087 0.0292547 0.0928474 0.00396078 0.123754 0.0175555 0.000493703 0.16628 0.134936 1.01137e-06 
0.00351285 2.77008e-05 0.000208661 0.000214193 0.000125744 6.72341e-07 2.78864e-06 2.12127e-05 0.00168559 0.000312105 1.33664e-05 0.000880844 2.98179e-05 0.00141862 0.000378291 3.53778e-05 0.984929 0.00192785 0.00427566 8.30712e-09 
0.00201715 0.00369532 0.0161968 6.91663e-07 0.000203011 6.90972e-10 1.31587e-10 0.00234592 0.00106261 0.0283373 1.4831e-05 0.451735 6.54467e-05 3.11574e-06 0.325464 0.000203166 2.31807e-06 0.0648896 0.103764 6.09879e-12 
0.000184024 0.000229037 0.000418801 4.91841e-06 0.00252821 2.87189e-07 0.990904 0.000230893 0.000673523 0.00124799 6.99428e-05 0.000237698 0.00116267 8.20341e-06 0.000548226 0.000141272 2.11935e-05 0.000911217 0.000477751 6.66446e-12 
0.00045659 0.000397747 0.00527978 1.39739e-06 0.00354136 1.2038e-05 0.000282731 0.0180456 0.712543 0.00356889 7.47615e-05 0.00789895 0.00109513 0.000152086 0.016179 0.000353628 5.47025e-05 0.183325 0.0467375 6.6727e-13 
0.000607418 0.00737589 0.00527184 2.55805e-06 0.000384672 1.54295e-08 7.75334e-05 0.0229498 0.00591079 0.106322 5.78857e-05 0.0468805 0.00299162 2.67321e-05 0.70849 0.0100071 6.3181e-06 0.0418873 0.0407496 6.00799e-13 
0.00181729 0.00257553 0.148372 1.37109e-08 0.0101743 9.36918e-09 4.41236e-06 0.00259181 0.00335219 0.00818825 0.000217918 0.0501135 0.0020886 9.19645e-05 0.0707843 0.000302954 0.000127155 0.687279 0.0119182 2.48998e-11 
0.0585822 0.01763 0.0923422 1.6829e-05 0.0430947 2.68087e-05 0.21203 0.0588057 0.00716301 0.16103 0.00795123 0.15805 0.0304135 0.0284336 0.0349004 0.000483236 8.80396e-05 0.00587242 0.0830868 6.05078e-08 
0.0108535 0.0012799 0.301183 0.000362225 0.0879489 0.000163485 0.000283537 0.0423211 0.00239865 0.119665 0.0169622 0.0667874 0.0644301 0.00261747 0.0746549 0.00775626 5.56441e-05 0.114981 0.0852966 3.64846e-07 
0.00351285 2.77008e-05 0.000208661 0.000214193 0.000125744 6.72341e-07 2.78864e-06 2.12127e-05 0.00168559 0.000312105 1.33664e-05 0.000880844 2.98179e-05 0.00141862 0.000378291 3.53778e-05 0.984929 0.00192785 0.00427566 8.30712e-09 
0.0458249 0.0571043 0.0640173 1.47924e-07 0.0044963 1.04157e-07 1.13344e-06 0.000388144 0.124256 0.0421664 0.000399597 0.100394 0.503474 0.00124474 0.0262785 6.19524e-05 0.000468511 0.000231476 0.0291923 1.84266e-09 
0.00351285 2.77008e-05 0.000208661 0.000214193 0.000125744 6.72341e-07 2.78864e-06 2.12127e-05 0.00168559 0.000312105 1.33664e-05 0.000880844 2.98179e-05 0.00141862 0.000378291 3.53778e-05 0.984929 0.00192785 0.00427566 8.30712e-09 
0.0407283 0.00954009 0.00463767 1.5374e-08 0.00192014 1.24183e-07 0.600146 0.00472705 0.0120742 0.0668213 0.000332908 0.0109846 0.00109344 3.59847e-08 0.116872 0.076155 5.8741e-06 0.052164 0.00179633 1.2102e-11 
0.000146569 0.00330224 0.145442 1.08248e-07 0.000395978 0.000119472 9.67714e-08 0.00498481 0.00991222 0.0406275 0.00147553 0.0305841 0.32894 0.000122553 0.192204 0.00397188 0.000304374 0.10632 0.131146 8.77896e-11 
0.0440663 0.00879284 0.048308 0.000105585 0.123167 3.48211e-08 0.000177277 0.0155455 0.0141378 0.0175967 0.00132272 0.105316 0.00350601 0.00121419 0.029478 0.000373716 9.95506e-05 0.153027 0.433766 8.51872e-09 
0.00281703 0.0103355 0.00814861 0.000188011 0.000871065 3.77741e-08 5.08334e-05 0.110958 0.0787726 0.349419 2.96182e-05 0.0145574 0.00228369 4.37345e-05 0.066167 0.110096 2.75931e-09 0.215265 0.0299964 1.00001e-10 
0.00534179 0.422795 0.0193256 9.93043e-05 0.000121026 2.64413e-07 0.000430391 0.00472304 0.0201009 0.0206045 2.3887e-05 0.107224 0.000667847 0.00173111 0.102478 0.104424 6.53402e-05 0.164698 0.0251464 6.74216e-08 
0.00351285 2.77008e-05 0.000208661 0.000214193 0.000125744 6.72341e-07 2.78864e-06 2.12127e-05 0.00168559 0.000312105 1.33664e-05 0.000880844 2.98179e-05 0.00141862 0.000378291 3.53778e-05 0.984929 0.00192785 0.00427566 8.30712e-09 
0.00351285 2.77008e-05 0.000208661 0.000214193 0.000125744 6.72341e-07 2.78864e-06 2.12127e-05 0.00168559 0.000312105 1.33664e-05 0.000880844 2.98179e-05 0.00141862 0.000378291 3.53778e-05 0.984929 0.00192785 0.00427566 8.30712e-09 
0.0188298 0.0179202 0.0181322 1.94087e-05 0.0131345 0.00130671 0.00156874 0.00708626 0.00355818 0.0285265 0.00365183 0.00808261 0.0225798 0.000222169 0.0432251 0.00057095 0.000619998 0.0620172 0.748948 1.28089e-09 
0.000550367 0.000642781 0.0212203 3.53512e-05 0.072314 2.15136e-05 0.000205789 0.0115503 0.0953776 0.00720786 3.22022e-05 0.017825 0.00178835 0.000109212 0.002393 0.000239049 3.03541e-05 0.638853 0.129594 1.05431e-05 
0.0116432 0.00459239 0.00405444 2.28705e-06 0.241425 4.59284e-06 0.00241566 0.0532005 0.0102549 0.0262564 0.000128106 0.403069 0.0420924 0.000576529 0.0177081 0.00302292 4.71462e-05 0.0693218 0.110184 1.50835e-09 
0.00939482 0.000208868 0.00215354 0.000281219 0.00186093 9.17801e-06 0.000149801 0.00671753 0.0308582 0.0121857 3.05108e-08 0.00198692 0.000555902 0.915806 0.000381031 0.000873305 0.00268095 0.00269551 0.0112009 3.85641e-11 
0.0267554 0.0433815 0.480317 9.5039e-07 0.00063816 3.47701e-05 0.00828342 0.018261 0.0197879 0.081645 0.00923982 0.0555415 0.044301 0.0456231 0.124088 0.00183864 0.000260757 0.0140989 0.0259037 2.81052e-07 
0.00718756 0.0014273 0.117841 4.88897e-06 0.117544 1.33293e-05 0.000201861 1.95356e-07 0.000145896 0.00430538 0.000291899 0.0192449 0.0720172 0.000117436 0.0217468 0.000120756 4.42419e-05 0.415891 0.221853 3.05801e-10 
0.00029917 0.000789634 0.00247684 4.55113e-05 0.571906 4.0215e-07 0.00803955 0.0665559 0.026233 0.0090609 4.48313e-08 0.0265521 4.2508e-05 5.33196e-05 0.00624175 0.00206782 1.60737e-05 0.25242 0.0271993 1.13806e-09 
0.0575624 0.00830455 0.0640428 4.51269e-05 0.0533398 0.000109396 2.91555e-05 0.00209568 0.0505817 0.0691492 0.000114461 0.125508 0.198561 0.000513174 0.142058 0.0118227 0.000173932 0.0705169 0.145465 6.04026e-06 
0.000144916 0.00054987 0.128803 5.84462e-07 0.00031368 1.38029e-05 4.51904e-05 0.0200956 0.00381478 0.180756 0.000144197 0.00975395 0.00533527 9.20085e-05 0.345072 0.00410818 3.39064e-05 0.25562 0.0453022 5.2539e-11 
0.00351285 2.77008e-05 0.000208661 0.000214193 0.000125744 6.72341e-07 2.78864e-06 2.12127e-05 0.00168559 0.000312105 1.33664e-05 0.000880844 2.98179e-05 0.00141862 0.000378291 3.53778e-05 0.984929 0.00192785 0.00427566 8.30712e-09 
0.26094 0.00485336 0.00781184 0.00293337 0.0128332 0.000250104 0.0246108 0.00782917 0.0612966 0.0177416 0.000465009 0.158302 0.0384117 0.0066153 0.0267753 0.00131184 0.00480159 0.0186658 0.343548 3.38839e-06 
0.00179376 0.0353414 0.0381164 8.98016e-06 0.00101163 3.60768e-05 0.00260402 0.411776 0.00824343 0.273595 4.89323e-06 0.0501562 0.00218639 4.15632e-05 0.052633 0.0578338 1.84361e-05 0.031345 0.0332541 9.90911e-11 
0.502627 0.00688995 0.0310554 0.000692439 0.00889247 4.80147e-06 0.0201968 0.0145791 0.123321 0.0692501 0.0945259 0.0424614 0.0529199 0.00233712 0.00700562 0.000130717 0.000246606 0.0100429 0.0128215 1.21887e-09 
0.00693418 0.687622 0.000411747 1.82186e-06 0.00324296 9.48722e-08 0.000484376 0.00923475 0.000304457 0.234233 1.66535e-06 0.00267602 0.00201138 0.00293273 7.30756e-07 0.0176751 1.27689e-05 0.03213 9.01344e-05 3.17346e-09 
0.042709 0.00249798 0.16132 1.37703e-05 0.00786237 1.07852e-06 0.00036146 0.0415491 0.0762934 0.0663746 0.000917596 0.103998 0.00130996 0.00191733 0.0994226 0.00749952 4.66192e-05 0.356848 0.0290573 5.34869e-09 
0.124838 0.00245676 0.0267187 0.000148596 0.0111397 1.77629e-05 0.00237291 0.00106694 0.0314884 0.008393 0.0278905 0.0276036 0.00459395 0.543577 0.133978 5.00614e-05 1.11153e-05 0.0227154 0.0309384 1.83281e-07 
0.00906248 0.00464718 0.0463515 0.000667275 0.000614697 5.68546e-06 2.26867e-06 0.00242026 0.0728548 0.0467188 0.0807673 0.0231523 0.31655 7.25741e-06 0.0684312 0.0141963 0.000397014 0.0332597 0.279894 1.03863e-07 
0.00643314 0.00969808 0.0366726 5.60955e-05 0.00793817 9.80936e-06 0.000993329 1.99415e-05 0.155827 0.00931843 7.96125e-05 0.0612037 0.0359699 0.000105564 0.353491 0.000391776 0.000164418 0.287203 0.0344238 4.92483e-07 
0.0290563 0.0174026 0.0440848 0.00124992 0.00556809 0.000254953 0.000468794 0.00464784 0.077808 0.118544 0.000727854 0.00800205 0.047165 0.0125508 0.0253563 0.0143326 0.156048 0.0871813 0.349499 5.16286e-05 
0.000140667 8.35996e-05 0.000770246 3.16985e-10 3.32429e-05 0.000420917 1.57915e-05 0.00154803 0.000201052 0.00205607 0.984699 0.000759299 0.00065455 1.66916e-05 0.00173605 0.00327123 0.000700803 0.00219054 0.000702606 7.22076e-13 
0.00652481 0.0476772 0.030847 0.00262464 0.00683278 3.63527e-06 0.0003609 0.000524874 0.00870549 0.314509 4.30441e-05 0.0557838 0.132387 0.00912897 0.0531293 0.00403246 0.0002743 0.138488 0.188123 6.16799e-07 
0.363009 0.028453 0.00505069 7.17809e-07 0.000977572 7.2583e-06 0.0814982 0.000687863 0.00155948 0.0774051 0.000410133 0.21978 0.196003 0.000304925 0.00342172 0.000546333 3.28479e-05 0.000660953 0.0201911 4.76006e-08 
0.0558072 0.00515926 0.307883 0.00159761 0.0148754 0.0308692 0.000558946 0.00311414 0.0860165 0.112671 0.000356668 0.188303 0.0130721 0.00412734 0.0269995 0.00441993 0.00107484 0.040509 0.102585 8.34115e-09 
0.00201715 0.00369532 0.0161968 6.91663e-07 0.000203011 6.90972e-10 1.31587e-10 0.00234592 0.00106261 0.0283373 1.4831e-05 0.451735 6.54467e-05 3.11574e-06 0.325464 0.000203166 2.31807e-06 0.0648896 0.103764 6.09879e-12 
0.00351285 2.77008e-05 0.000208661 0.000214193 0.000125744 6.72341e-07 2.78864e-06 2.12127e-05 0.00168559 0.000312105 1.33664e-05 0.000880844 2.98179e-05 0.00141862 0.000378291 3.53778e-05 0.984929 0.00192785 0.00427566 8.30712e-09 
0.02491 0.0108562 0.201597 0.000136717 0.0322135 0.0778133 4.16669e-05 0.00810935 0.0449345 0.0533926 1.87929e-07 0.320015 0.001548 0.000275371 0.0563374 0.0102033 0.000299669 0.0600254 0.0972914 7.6701e-11 
0.027289 0.0068689 0.0578883 0.00516572 0.00655338 0.000747949 0.00464532 0.0140211 0.0187633 0.0306428 0.00290224 0.0245655 0.0335961 0.00255919 0.0947008 0.0165406 0.0198195 0.115589 0.517141 3.52957e-10 
0.0030292 0.0649541 0.518573 7.21919e-05 0.000694278 0.000298701 6.50933e-05 0.000306976 0.00603023 0.00666144 0.0291512 0.00719316 0.238707 0.0193684 0.0490314 2.94295e-06 0.00122303 0.0447953 0.0098427 6.69352e-08 
0.0355522 0.00184393 0.0317279 0.10672 0.0538086 0.0791836 0.0137305 7.30824e-05 0.00767593 0.0169249 0.00921093 0.0163693 0.0997223 0.00170288 0.147991 0.000194516 0.00764574 0.16539 0.204532 8.04264e-07 
0.000376755 0.00876993 0.00561686 1.05304e-07 1.61969e-06 5.20356e-05 2.41776e-05 9.40583e-05 0.00223553 0.023395 8.67386e-07 0.0331374 0.000810813 5.88825e-06 0.672042 0.000447426 3.52953e-06 0.0923919 0.160594 3.80708e-11 
0.0188298 0.0179202 0.0181322 1.94087e-05 0.0131345 0.00130671 0.00156874 0.00708626 0.00355818 0.0285265 0.00365183 0.00808261 0.0225798 0.000222169 0.0432251 0.00057095 0.000619998 0.0620172 0.748948 1.28089e-09 
0.00351285 2.77008e-05 0.000208661 0.000214193 0.000125744 6.72341e-07 2.78864e-06 2.12127e-05 0.00168559 0.000312105 1.33664e-05 0.000880844 2.98179e-05 0.00141862 0.000378291 3.53778e-05 0.984929 0.00192785 0.00427566 8.30712e-09 
0.0179195 0.00509004 0.0317156 0.000667211 0.00962596 2.88484e-05 0.000134033 0.0261521 0.200237 0.0973439 0.000564324 0.0876343 0.00652003 7.25822e-05 0.156586 0.00704218 0.000169902 0.123452 0.229044 1.06074e-11 
0.00114767 0.0117739 0.0238137 0.0286754 0.00280901 4.66429e-06 0.000713722 0.0675724 0.0130746 0.38922 0.00104729 0.0355359 0.00291717 0.000197494 0.0323421 0.331068 2.96278e-05 0.0482394 0.00981833 4.4073e-08 
0.0486496 0.00281534 0.315499 3.179e-08 0.00438945 0.0136243 0.000963518 4.39208e-05 0.00877578 0.104265 0.00788146 0.0850416 0.146219 0.00582002 0.00562688 0.00722666 0.000307746 0.228388 0.0144625 1.236e-10 
0.00351285 2.77008e-05 0.000208661 0.000214193 0.000125744 6.72341e-07 2.78864e-06 2.12127e-05 0.00168559 0.000312105 1.33664e-05 0.000880844 2.98179e-05 0.00141862 0.000378291 3.53778e-05 0.984929 0.00192785 0.00427566 8.30712e-09 
0.00351285 2.77008e-05 0.000208661 0.000214193 0.000125744 6.72341e-07 2.78864e-06 2.12127e-05 0.00168559 0.000312105 1.33664e-05 0.000880844 2.98179e-05 0.00141862 0.000378291 3.53778e-05 0.984929 0.00192785 0.00427566 8.30712e-09 
0.00254202 0.0297799 0.00629461 2.61061e-05 0.00242592 3.30439e-06 0.00461823 0.0935465 0.0018356 0.287084 0.00150434 0.00742469 0.00166236 0.00039967 0.0168824 0.5236 0.000110748 0.0183156 0.00194419 2.82089e-11 
1.34385e-05 0.0389782 1.3438e-05 1.3418e-05 1.34371e-05 1.34229e-05 1.34271e-05 1.34386e-05 1.3438e-05 0.279566 1.34262e-05 0.0215171 0.145132 1.3429e-05 0.122308 0.392311 1.34369e-05 1.34399e-05 1.34396e-05 1.34154e-05 
0.00351285 2.77008e-05 0.000208661 0.000214193 0.000125744 6.72341e-07 2.78864e-06 2.12127e-05 0.00168559 0.000312105 1.33664e-05 0.000880844 2.98179e-05 0.00141862 0.000378291 3.53778e-05 0.984929 0.00192785 0.00427566 8.30712e-09 
0.0201334 0.00623766 0.0153847 6.82511e-07 0.0022942 2.47142e-07 0.693158 0.0149018 0.0232575 0.0239986 8.31813e-06 0.123584 0.0042567 9.82068e-05 0.0163057 0.00261246 6.45269e-05 0.0388246 0.0148785 9.06602e-09 
0.00029917 0.000789634 0.00247684 4.55113e-05 0.571906 4.0215e-07 0.00803955 0.0665559 0.026233 0.0090609 4.48313e-08 0.0265521 4.2508e-05 5.33196e-05 0.00624175 0.00206782 1.60737e-05 0.25242 0.0271993 1.13806e-09 
0.00122805 0.000103589 0.000266771 4.35261e-09 0.00040982 3.79653e-06 0.986277 0.00331687 0.00309375 0.000192498 2.26874e-05 0.00114231 0.00084808 2.21184e-05 0.000746076 1.93469e-06 0.000382068 0.000113033 0.00182968 3.71285e-12 
0.0625888 0.0101065 0.00578612 0.000183539 0.00172153 5.64284e-05 0.000807146 0.000878047 0.231951 0.0534457 0.000180608 0.193014 0.00174977 0.000536753 0.0902926 0.117403 2.36505e-05 0.122717 0.106558 2.78238e-09 
0.0156817 0.0200915 0.0254724 4.18649e-05 0.0034309 7.18017e-06 0.000894757 0.0183655 0.231396 0.0706519 1.1269e-06 0.259089 0.00655854 0.00034442 0.142963 0.0270423 1.06007e-05 0.131738 0.04622 5.09357e-09 
0.00665105 0.00828588 0.133412 0.000176547 0.0303453 3.17164e-05 0.0421456 0.101048 0.0814568 0.0946536 0.0106173 0.128169 0.0167418 0.000409832 0.063328 0.00214414 0.000236831 0.19152 0.0886272 2.26572e-11 
0.00351285 2.77008e-05 0.000208661 0.000214193 0.000125744 6.72341e-07 2.78864e-06 2.12127e-05 0.00168559 0.000312105 1.33664e-05 0.000880844 2.98179e-05 0.00141862 0.000378291 3.53778e-05 0.984929 0.00192785 0.00427566 8.30712e-09 
0.00208869 0.00806269 0.00171942 2.39203e-07 0.000228111 5.34331e-07 0.000126814 0.000497165 0.0025213 0.927547 2.13638e-05 0.00458195 0.00121057 4.28404e-05 0.00795164 0.0208158 4.87111e-05 0.0189573 0.00357791 1.68225e-09 
0.0160222 0.0151815 0.115659 0.00309033 0.0149864 0.00484085 0.00028044 0.000682397 0.252244 0.0333468 0.00121776 0.0928495 0.00938656 0.000456643 0.0685216 0.00301695 0.000118171 0.317196 0.0509023 1.58658e-08 
0.060267 0.0279326 0.146204 9.65246e-05 0.0498854 1.19574e-05 0.00694638 0.113654 0.00157059 0.248933 0.000221236 0.114123 0.0144686 0.000377068 0.112939 0.00758963 4.45431e-05 0.059715 0.0350208 2.19713e-10 
0.00083794 0.00694546 0.0340029 1.05223e-06 0.000127979 3.40424e-05 6.20904e-05 0.0554572 0.00608498 0.114858 0.0406128 0.12493 0.00714362 9.40477e-05 0.457212 0.0103931 6.26724e-05 0.0741163 0.0670239 7.24143e-13 
0.000636545 0.000987215 0.00397646 2.91871e-06 0.000697937 7.97505e-07 5.83856e-05 0.015197 0.0260016 0.0255152 1.1896e-05 0.027411 0.00234694 1.00371e-05 0.748639 0.00425017 7.86232e-06 0.0881107 0.0561383 1.68866e-09 
0.000154359 0.00365546 0.0139967 1.10031e-06 0.000218574 1.83266e-08 4.13127e-05 0.00444102 0.00462987 0.0271951 2.98838e-06 0.00493667 0.000339918 0.000308252 0.0121432 0.920964 1.04974e-05 0.00420604 0.00275443 2.27432e-12 
0.00640676 0.058268 0.0151958 0.000536282 0.00475651 0.000707483 0.00590141 0.0383117 0.0629489 0.467793 0.000113448 0.0310574 0.000976629 0.112485 0.00682317 0.0912071 5.48455e-05 0.0760701 0.0203703 1.61783e-05 
0.00351285 2.77008e-05 0.000208661 0.000214193 0.000125744 6.72341e-07 2.78864e-06 2.12127e-05 0.00168559 0.000312105 1.33664e-05 0.000880844 2.98179e-05 0.00141862 0.000378291 3.53778e-05 0.984929 0.00192785 0.00427566 8.30712e-09 
0.00806002 0.00168653 0.0428225 3.58019e-06 0.00147636 0.000121349 0.00740621 0.00190916 0.0218748 0.0654342 0.00147987 0.0265198 0.502031 0.00690319 0.24236 0.00024631 1.06159e-05 0.0279733 0.0416811 3.74818e-07 
0.0344836 0.00796946 0.0864315 0.000169922 0.00273256 0.00023161 0.000582198 0.03495 0.00617029 0.053637 0.0860004 0.0433091 0.467751 4.25063e-05 0.111857 0.000532064 0.000468545 0.0169319 0.0457489 3.47485e-10 
5.53308e-05 0.0156549 0.952674 5.5153e-07 1.28703e-05 3.14039e-07 0.000254359 6.13421e-07 0.000127142 0.0238212 2.63066e-07 0.00011718 0.00171197 0.00395879 0.000145998 4.36661e-05 8.37543e-07 0.0012495 0.000170349 7.87496e-08 
0.475543 0.00124674 0.000712758 1.4281e-05 0.00172175 6.0759e-08 8.43335e-05 1.21933e-05 0.00110271 0.00246289 6.36937e-07 0.0627842 0.000761801 1.12384e-05 0.0335177 1.83797e-06 0.000789606 0.00471463 0.414517 7.24832e-09 
0.167859 0.0414932 0.0485933 0.000278826 0.00618765 1.93328e-05 1.68663e-07 3.25689e-06 2.21185e-06 0.0291158 4.94711e-07 0.386257 1.49786e-07 7.47231e-07 0.114332 8.33624e-07 2.50745e-05 0.0277953 0.178036 3.96917e-11 
0.00315168 0.32654 0.100619 0.0898274 0.000148174 5.80866e-05 0.000965095 0.00030351 0.00567124 0.251657 0.00166854 0.0209655 0.0673514 5.36652e-05 0.00484618 0.00703884 0.0218715 0.0830449 0.0142105 7.33897e-06 
0.00351285 2.77008e-05 0.000208661 0.000214193 0.000125744 6.72341e-07 2.78864e-06 2.12127e-05 0.00168559 0.000312105 1.33664e-05 0.000880844 2.98179e-05 0.00141862 0.000378291 3.53778e-05 0.984929 0.00192785 0.00427566 8.30712e-09 
0.0171113 0.013488 0.199057 0.000166834 0.00860629 5.098e-05 0.112737 0.0603582 0.0944337 0.141257 0.000287115 0.0442782 0.00743339 0.00635563 0.0317515 0.0338178 0.000552156 0.146921 0.0813374 4.51959e-09 
0.00351285 2.77008e-05 0.000208661 0.000214193 0.000125744 6.72341e-07 2.78864e-06 2.12127e-05 0.00168559 0.000312105 1.33664e-05 0.000880844 2.98179e-05 0.00141862 0.000378291 3.53778e-05 0.984929 0.00192785 0.00427566 8.30712e-09 
0.000184024 0.000229037 0.000418801 4.91841e-06 0.00252821 2.87189e-07 0.990904 0.000230893 0.000673523 0.00124799 6.99428e-05 0.000237698 0.00116267 8.20341e-06 0.000548226 0.000141272 2.11935e-05 0.000911217 0.000477751 6.66446e-12 
0.000140667 8.35996e-05 0.000770246 3.16985e-10 3.32429e-05 0.000420917 1.57915e-05 0.00154803 0.000201052 0.00205607 0.984699 0.000759299 0.00065455 1.66916e-05 0.00173605 0.00327123 0.000700803 0.00219054 0.000702606 7.22076e-13 
0.00212805 0.000416152 0.0046568 3.77532e-07 0.0196308 2.12257e-05 7.46996e-06 0.00553334 0.00242675 0.0091454 1.40583e-06 0.00127669 0.0584204 1.42453e-05 0.00258993 1.74341e-05 1.07461e-06 0.787656 0.106056 1.8199e-08 
0.00472059 0.00534731 0.103934 0.0012761 0.00154814 8.2319e-06 0.000680241 0.0641455 0.175238 0.0145563 0.000153748 0.126657 0.00221363 0.00016585 0.0833976 0.0513499 0.0257314 0.306913 0.0319632 8.91725e-09 
0.0918264 0.0331495 0.100859 1.19663e-05 0.0214097 0.000275822 0.033657 0.0171549 0.0152922 0.0224833 0.0815914 0.0252895 0.223314 0.0813237 0.0627888 0.0156198 0.0030693 0.0183914 0.152492 2.40596e-07 
0.227394 0.00187291 0.0200712 0.00249709 0.00202789 1.08113e-05 3.95578e-05 0.000112998 0.0216025 0.0110317 0.429618 0.0222556 0.00341186 0.0658629 0.0166799 0.00131615 0.0768309 0.0258445 0.0715133 5.86695e-06 
0.0860325 0.0345986 0.235292 0.00168322 0.00661377 9.32239e-06 0.000614182 0.00650947 0.0200011 0.172244 0.000638578 0.0848365 0.0142948 0.00430801 0.0209698 0.0110136 0.000105073 0.270225 0.0300075 2.21697e-06 
0.000258246 0.0002928 0.0257726 2.10149e-06 0.000763185 2.11437e-06 2.04505e-05 0.041568 0.381359 0.0326271 0.000132318 0.00489678 3.1125e-05 0.00012326 0.0656158 0.0181654 1.21389e-05 0.427888 0.000469576 2.49229e-12 
0.00351285 2.77008e-05 0.000208661 0.000214193 0.000125744 6.72341e-07 2.78864e-06 2.12127e-05 0.00168559 0.000312105 1.33664e-05 0.000880844 2.98179e-05 0.00141862 0.000378291 3.53778e-05 0.984929 0.00192785 0.00427566 8.30712e-09 
0.0099231 0.00694789 0.00865046 0.00441141 0.0360564 2.55636e-07 0.00607929 0.543599 0.00940319 0.160147 0.000476519 0.0293077 0.00540714 0.00108156 0.0388464 0.0276848 1.6337e-05 0.0754549 0.0365061 1.86072e-07 
0.00351285 2.77008e-05 0.000208661 0.000214193 0.000125744 6.72341e-07 2.78864e-06 2.12127e-05 0.00168559 0.000312105 1.33664e-05 0.000880844 2.98179e-05 0.00141862 0.000378291 3.53778e-05 0.984929 0.00192785 0.00427566 8.30712e-09 
0.105245 0.00367448 0.0676155 0.00478134 0.103872 0.000121307 0.000652761 0.0966287 0.0513295 0.290486 0.000990957 0.00557942 0.028591 0.024223 0.00207833 0.0108802 0.00420529 0.0284907 0.170554 3.80192e-07 
0.00156275 0.000928531 0.0102411 2.52966e-05 0.00027316 5.17317e-05 0.000194672 3.80676e-05 0.857066 0.00656779 1.28232e-05 0.00814494 0.0422524 0.00263079 0.0234602 5.82886e-05 0.000344247 0.0431254 0.00302177 1.11764e-08 
0.00351285 2.77008e-05 0.000208661 0.000214193 0.000125744 6.72341e-07 2.78864e-06 2.12127e-05 0.00168559 0.000312105 1.33664e-05 0.000880844 2.98179e-05 0.00141862 0.000378291 3.53778e-05 0.984929 0.00192785 0.00427566 8.30712e-09 
0.00351285 2.77008e-05 0.000208661 0.000214193 0.000125744 6.72341e-07 2.78864e-06 2.12127e-05 0.00168559 0.000312105 1.33664e-05 0.000880844 2.98179e-05 0.00141862 0.000378291 3.53778e-05 0.984929 0.00192785 0.00427566 8.30712e-09 
0.0312359 0.00132578 0.432908 0.00320148 0.00427023 2.3152e-06 0.00016252 0.00019939 0.127813 0.215722 0.000529601 0.0296437 0.00168302 0.0172841 0.00205358 0.000292205 0.00126029 0.0136282 0.116785 1.62954e-08 
0.00351285 2.77008e-05 0.000208661 0.000214193 0.000125744 6.72341e-07 2.78864e-06 2.12127e-05 0.00168559 0.000312105 1.33664e-05 0.000880844 2.98179e-05 0.00141862 0.000378291 3.53778e-05 0.984929 0.00192785 0.00427566 8.30712e-09 
1.47394e-07 3.24374e-07 0.0224073 3.45223e-08 0.0031328 1.10444e-07 0.000395601 0.00305888 0.205502 0.046896 0.000230553 0.0278727 0.00194614 0.000172005 0.105824 0.0135767 1.44176e-08 0.563142 0.00584272 1.44228e-10 
0.00559019 0.0249324 3.1501e-05 0.000752389 1.73508e-05 8.26313e-07 0.00120728 6.63576e-06 4.32628e-06 0.050848 2.57297e-06 0.0122366 0.901816 3.02903e-05 7.25655e-06 0.00110833 4.95054e-05 0.000167987 0.0011909 1.35907e-07 
0.00029917 0.000789634 0.00247684 4.55113e-05 0.571906 4.0215e-07 0.00803955 0.0665559 0.026233 0.0090609 4.48313e-08 0.0265521 4.2508e-05 5.33196e-05 0.00624175 0.00206782 1.60737e-05 0.25242 0.0271993 1.13806e-09 
0.000297941 0.00130656 0.000620527 4.49269e-10 0.00424233 6.71127e-08 0.0413302 0.866059 0.00405844 0.0291292 6.23906e-06 0.00745015 3.22074e-05 0.0001196 0.0316669 0.00165667 3.42714e-05 0.00728163 0.00470784 2.60049e-12 
0.00258921 0.000259362 0.0695598 1.35256e-06 0.0212287 1.41974e-06 3.95477e-05 0.00234502 0.179438 0.0460112 0.000138982 0.0212032 9.67127e-05 9.17196e-05 0.0809261 0.0242772 1.58887e-05 0.546012 0.0057641 1.20512e-06 
0.00351285 2.77008e-05 0.000208661 0.000214193 0.000125744 6.72341e-07 2.78864e-06 2.12127e-05 0.00168559 0.000312105 1.33664e-05 0.000880844 2.98179e-05 0.00141862 0.000378291 3.53778e-05 0.984929 0.00192785 0.00427566 8.30712e-09 
0.00135486 9.47468e-05 0.00187182 7.25884e-05 0.000483586 2.17348e-06 0.000351473 0.00550749 0.0787681 0.013508 0.000105613 0.00555407 0.00294762 0.869197 1.25842e-05 0.00639516 0.00159449 0.0022433 0.00993514 1.27381e-10 
0.0769153 0.00848209 0.0339952 0.000110228 0.00395696 5.78031e-05 0.0731356 0.00517927 0.0487438 0.0444859 0.0250721 0.0119855 0.0736711 0.281235 0.0176962 0.000293258 0.00138803 0.0233828 0.270213 1.72899e-06 
0.00956429 0.00116479 0.0119896 1.38191e-05 0.00070373 2.85282e-06 6.32835e-05 0.00317916 0.806365 0.00680237 0.000309542 0.0163439 0.00522839 0.000714182 0.0159845 0.0222235 0.0396716 0.0393235 0.0203519 2.27911e-08 
0.0147798 0.00894008 0.0855198 0.00139674 0.053479 6.12012e-07 0.000280341 2.06766e-07 0.00209453 0.0694868 0.355965 0.0314976 0.317143 0.00161741 0.0362985 0.00251651 0.000601752 0.00120164 0.017181 3.55319e-10 
0.00029917 0.000789634 0.00247684 4.55113e-05 0.571906 4.0215e-07 0.00803955 0.0665559 0.026233 0.0090609 4.48313e-08 0.0265521 4.2508e-05 5.33196e-05 0.00624175 0.00206782 1.60737e-05 0.25242 0.0271993 1.13806e-09 
0.00403448 0.0491908 0.0564272 0.0265603 0.000164674 9.814e-07 0.00743164 0.089516 0.00403803 0.374094 0.000481794 0.0215872 0.0610889 0.000764305 0.0334712 0.240346 0.000122896 0.0210575 0.00962155 5.08771e-09 
0.14031 0.00191856 0.0111153 0.00664238 0.00313507 2.28356e-06 0.110636 0.0111441 0.110586 0.106214 3.15743e-05 0.0776209 0.004331 0.0471345 0.00219536 0.0226726 0.104201 0.132784 0.107326 3.3821e-08 
0.125348 0.00723431 0.00388875 0.00101246 0.00177427 4.56604e-05 2.77408e-06 0.000210612 0.0137159 0.0102176 0.558933 0.0435347 0.00370597 0.0943008 0.00402878 0.00199737 0.0507525 0.0406158 0.0386809 1.37729e-08 
0.00974357 0.000690148 0.0221017 1.30918e-05 0.00714963 5.89176e-06 8.26376e-05 0.0258599 0.25241 0.0155073 0.00434634 0.0394334 0.00150368 0.00322776 0.0885642 0.00383974 5.18447e-05 0.163229 0.36224 1.80831e-10 
0.000425897 0.000220443 0.00403437 1.60223e-07 4.25939e-05 3.68903e-05 0.000196981 8.90879e-05 0.00014794 0.00146182 3.50069e-07 0.00471624 0.984762 2.50865e-05 0.00232355 0.000301611 3.35936e-05 0.00103868 0.000142235 1.65819e-10 
0.00351285 2.77008e-05 0.000208661 0.000214193 0.000125744 6.72341e-07 2.78864e-06 2.12127e-05 0.00168559 0.000312105 1.33664e-05 0.000880844 2.98179e-05 0.00141862 0.000378291 3.53778e-05 0.984929 0.00192785 0.00427566 8.30712e-09 
0.0646707 0.0288756 0.0261859 5.0217e-06 0.00224864 7.34373e-09 0.000693461 0.017838 0.0730282 0.404365 8.52443e-07 0.0178512 0.0242379 0.248769 0.00681541 0.0100616 0.0511095 0.011678 0.0115654 4.08917e-10 
0.566184 0.0165272 0.0577748 0.000578323 0.000915518 0.00488854 0.00756477 0.00352629 0.00793823 0.0325606 0.000243077 0.15108 0.00824274 0.000151807 0.0152682 0.000265333 3.35087e-06 0.0988955 0.0273913 4.67875e-08 
0.0353285 0.000393897 0.0078183 4.49419e-07 1.30188e-05 0.000289612 0.000800776 0.00618038 0.00115333 0.00741813 0.000950746 0.0100579 0.41404 0.0196723 0.00610839 0.000243264 0.441835 0.00966483 0.038031 7.90585e-08 
4.41325e-07 0.000227645 0.00280866 3.55817e-08 0.248894 5.30277e-06 0.0514441 0.000611063 0.0603185 0.0133034 8.30599e-08 0.185334 0.000831269 0.000165398 0.00595139 0.000548579 4.04242e-05 0.21957 0.209945 2.45569e-11 
0.000177745 0.0032604 0.0839115 1.80352e-06 0.0030669 2.0844e-09 0.000343081 0.000526728 0.0322423 0.0172009 8.19161e-05 0.185152 0.001359 8.42186e-05 0.347085 0.0448253 7.24421e-05 0.221518 0.0590911 1.68193e-11 
0.156328 0.00364663 0.128293 0.00029471 0.0175488 0.0352222 0.000265075 0.00148839 0.00811989 0.0605164 0.0112495 0.0564243 0.0542327 0.0236076 0.0225898 0.000592874 0.0011662 0.142883 0.27553 4.97361e-08 
0.0150782 0.00866769 0.160932 3.25791e-06 0.0146038 1.76019e-05 0.0244217 0.0232412 0.0886664 0.0469549 0.00152582 0.0286781 0.0899881 0.000294488 0.0259132 0.0100789 0.000523633 0.384939 0.0754718 1.87845e-09 
0.000140667 8.35996e-05 0.000770246 3.16985e-10 3.32429e-05 0.000420917 1.57915e-05 0.00154803 0.000201052 0.00205607 0.984699 0.000759299 0.00065455 1.66916e-05 0.00173605 0.00327123 0.000700803 0.00219054 0.000702606 7.22076e-13 
4.28293e-05 0.00069667 0.331429 2.87894e-06 7.59814e-05 3.88118e-09 2.41619e-05 0.000123195 0.0119195 0.0183714 9.06306e-06 0.107202 0.00143032 0.000358418 0.378249 0.0108929 1.82175e-05 0.10445 0.0347044 3.57107e-12 
0.0503776 0.00539773 0.0147574 0.00640881 0.00520638 1.35174e-05 0.000834551 0.00987338 0.281463 0.0400603 0.00236046 0.0293352 0.00501035 0.303954 0.0704016 0.00323936 0.0110051 0.0727687 0.0875304 1.72828e-06 
0.0227959 0.0019725 0.00162244 7.00936e-06 0.00471001 2.64969e-05 0.887349 0.00640522 0.0214606 0.00442901 0.000167504 0.0178631 0.0109412 0.000363002 0.010381 1.66352e-05 0.00018195 0.000538148 0.00876968 2.65272e-08 
0.000473704 0.00436123 0.0822065 6.43646e-06 0.00346691 0.000770247 4.72399e-05 0.0644915 0.0025838 0.0976116 0.0152108 0.0800249 0.204606 0.0010444 0.327141 0.0129373 7.54692e-05 0.0779995 0.0249414 8.55849e-09 
0.112755 0.0138788 0.0170618 0.000306259 0.0281592 1.93651e-05 0.000367933 0.0242962 0.0463201 0.0244594 0.00495556 0.0943642 0.0102586 0.00178397 0.0418282 0.00148771 0.00723862 0.0838962 0.486563 3.02646e-08 
0.165528 0.00492284 0.0355837 0.000616858 0.00682673 3.38373e-05 0.00149584 0.0370384 0.0192392 0.134344 5.90695e-05 0.0438218 0.00278941 0.00343843 0.296364 5.79975e-05 0.027806 0.154177 0.0658567 1.06111e-09 
0.00351285 2.77008e-05 0.000208661 0.000214193 0.000125744 6.72341e-07 2.78864e-06 2.12127e-05 0.00168559 0.000312105 1.33664e-05 0.000880844 2.98179e-05 0.00141862 0.000378291 3.53778e-05 0.984929 0.00192785 0.00427566 8.30712e-09 
0.311036 0.00415836 0.0283643 0.000207534 0.0173516 2.90807e-06 0.0458217 0.00918759 0.162322 0.0413918 0.0010556 0.0729113 0.0193866 0.0326203 0.10674 0.000873623 0.00201924 0.0349137 0.109636 6.31202e-08 
0.108821 0.0218758 0.0790096 9.53942e-07 9.55302e-07 9.5429e-07 9.54594e-07 9.55409e-07 0.0827358 0.0129959 9.54526e-07 0.182214 0.0142347 9.54726e-07 0.0472951 9.5514e-07 9.5529e-07 0.437335 0.0134732 9.53761e-07 
0.00472509 0.00100945 0.0129831 2.70775e-05 0.00692592 1.65214e-05 0.0013592 0.00488933 0.5567 0.0171128 3.92605e-06 0.0243309 0.022381 0.000182471 0.0546346 0.000203449 8.05088e-05 0.184571 0.107864 9.83662e-08 
0.00113119 0.00417529 0.183724 3.24612e-06 0.00169717 2.79681e-05 8.60986e-05 0.00562049 0.0315813 0.057575 5.37202e-05 0.152773 0.0238355 0.000441512 0.205522 0.00600835 2.17847e-05 0.21106 0.114663 1.26598e-11 
0.0407283 0.00954009 0.00463767 1.5374e-08 0.00192014 1.24183e-07 0.600146 0.00472705 0.0120742 0.0668213 0.000332908 0.0109846 0.00109344 3.59847e-08 0.116872 0.076155 5.8741e-06 0.052164 0.00179633 1.2102e-11 
0.00351285 2.77008e-05 0.000208661 0.000214193 0.000125744 6.72341e-07 2.78864e-06 2.12127e-05 0.00168559 0.000312105 1.33664e-05 0.000880844 2.98179e-05 0.00141862 0.000378291 3.53778e-05 0.984929 0.00192785 0.00427566 8.30712e-09 
0.00267777 0.000233075 0.0202182 2.11197e-06 0.0208037 3.05265e-07 2.04755e-05 0.0423036 0.143491 0.0521679 0.000132381 0.00843622 3.11587e-05 0.000471618 0.0288668 0.0168448 2.49201e-06 0.648948 0.0143492 9.42986e-12 
0.0281216 0.0134342 0.0371789 0.000870602 0.0105596 0.000805444 0.00120603 0.0145557 0.032213 0.0394944 0.00190316 0.134453 0.0139082 0.000648334 0.322376 0.00743605 0.00471644 0.18254 0.153563 1.7408e-05 
0.00351285 2.77008e-05 0.000208661 0.000214193 0.000125744 6.72341e-07 2.78864e-06 2.12127e-05 0.00168559 0.000312105 1.33664e-05 0.000880844 2.98179e-05 0.00141862 0.000378291 3.53778e-05 0.984929 0.00192785 0.00427566 8.30712e-09 
0.00273464 0.000503377 0.00397053 8.27106e-05 0.00263357 3.91748e-07 0.000568011 0.00267517 0.924385 0.0101706 0.000181661 0.0129081 2.68595e-05 0.00322715 0.000892423 0.000437482 0.000851899 0.0279649 0.00578513 3.39587e-11 
0.000166269 4.0405e-06 0.988924 2.09468e-07 0.000207704 0.000164532 7.09753e-08 4.87006e-05 2.20446e-05 0.000476272 2.1233e-05 0.00068789 0.000284061 6.67874e-06 0.00179009 7.68796e-05 1.15482e-05 0.00156321 0.00554481 2.72337e-11 
0.0172052 0.00156843 0.00428827 1.32616e-06 0.000428695 1.04942e-06 0.268044 0.0087081 0.537207 0.0177884 0.000227727 0.0054702 0.00121817 0.0504008 0.0147689 0.000284395 0.00305758 0.00509498 0.0642365 6.064e-09 
0.00351285 2.77008e-05 0.000208661 0.000214193 0.000125744 6.72341e-07 2.78864e-06 2.12127e-05 0.00168559 0.000312105 1.33664e-05 0.000880844 2.98179e-05 0.00141862 0.000378291 3.53778e-05 0.984929 0.00192785 0.00427566 8.30712e-09 
0.0407283 0.00954009 0.00463767 1.5374e-08 0.00192014 1.24183e-07 0.600146 0.00472705 0.0120742 0.0668213 0.000332908 0.0109846 0.00109344 3.59847e-08 0.116872 0.076155 5.8741e-06 0.052164 0.00179633 1.2102e-11 
3.69305e-06 3.69239e-06 3.69291e-06 3.68741e-06 3.69266e-06 0.0206607 3.68992e-06 3.69308e-06 0.0125596 3.69346e-06 0.0210347 3.6934e-06 0.754774 3.69044e-06 3.69318e-06 3.69203e-06 0.172818 3.69343e-06 0.0181011 3.68671e-06 
