0.00234712 0.00168998 0.00515195 5.32573e-06 0.0010787 4.2128e-06 0.000571313 6.49265e-07 0.00022195 0.000361359 3.46834e-06 0.00127251 0.00267217 2.84049e-06 0.00194031 1.50553e-06 1.03007e-06 0.000557868 4.082e-07 0.982115 
0.0650492 0.036853 0.0241791 5.88843e-07 5.89682e-07 5.89058e-07 0.000354136 0.00560319 5.89723e-07 0.0740806 5.89203e-07 0.118845 0.0148604 0.00324188 5.89764e-07 0.0070756 5.89674e-07 5.89805e-07 0.104099 0.545754 
0.00374344 0.00203694 0.00254074 4.391e-10 0.000603114 2.72548e-07 7.14499e-06 5.35312e-11 1.09693e-05 0.000282593 4.76681e-06 0.0100972 0.00248368 1.25244e-05 0.00043037 9.13123e-06 1.23519e-06 0.00128874 0.000370799 0.976076 
0.00195072 0.000179222 0.0877657 4.55819e-07 1.2491e-06 7.08715e-10 5.47646e-10 3.00177e-07 1.30843e-10 0.146322 2.63412e-05 0.0444062 0.0417538 0.000395564 0.00655036 3.21479e-06 2.0094e-07 0.112909 0.0804106 0.477325 
0.0439304 0.151933 0.0133704 4.92639e-05 0.0033618 3.18911e-05 4.46976e-05 1.87945e-07 0.109036 0.205024 0.0177943 0.000285712 0.11063 0.000127637 0.000323035 0.000220595 2.02007e-05 0.000958361 0.000402015 0.342456 
0.00142764 0.000298474 0.0977602 5.84894e-07 1.60296e-06 8.63382e-10 6.67162e-10 4.1029e-07 1.59397e-10 0.217622 3.38037e-05 0.0740086 0.0619391 4.70686e-06 0.0109168 2.93774e-07 2.86524e-07 0.132802 0.0840626 0.319121 
0.00142764 0.000298474 0.0977602 5.84894e-07 1.60296e-06 8.63382e-10 6.67162e-10 4.1029e-07 1.59397e-10 0.217622 3.38037e-05 0.0740086 0.0619391 4.70686e-06 0.0109168 2.93774e-07 2.86524e-07 0.132802 0.0840626 0.319121 
1.62972e-07 0.00571238 0.0213211 1.28616e-06 2.19247e-06 0.000112207 0.000231047 2.11622e-06 0.00484505 0.00167973 0.000561583 9.08896e-08 0.0646509 0.00125324 2.65958e-05 0.000335049 4.03745e-06 0.00319859 7.07411e-05 0.895992 
9.50441e-07 2.85218e-05 0.000162846 7.50075e-06 2.22693e-05 0.000107815 4.58484e-06 2.185e-05 0.000105331 3.37729e-05 4.8848e-06 5.30061e-07 0.000543588 6.98324e-05 0.00028351 2.12039e-06 4.19313e-05 0.000125311 0.000755361 0.997677 
0.00332066 0.000131976 0.0245835 6.94443e-05 0.0138788 1.35572e-05 0.000111 5.7722e-09 0.000263917 0.000101102 0.000134879 0.00126319 0.0520123 9.17315e-06 0.000500032 3.49826e-06 2.98805e-05 0.000920777 0.000524204 0.902128 
0.000748906 0.000295284 0.11793 4.58623e-07 0.000745078 3.62783e-07 0.00472484 0.00204427 0.000330239 0.000555442 0.000232068 0.000994753 0.211721 0.000371995 0.32478 0.000402135 2.43662e-05 0.000638103 0.000675525 0.332785 
0.0181901 0.000794249 0.00102322 6.56761e-08 0.00330641 3.0278e-07 1.11291e-06 8.00663e-09 6.73363e-07 0.0150302 9.45099e-07 0.00449687 0.00766885 1.3652e-06 0.000126319 8.59575e-07 2.62822e-07 0.000570232 0.00335069 0.945437 
0.00142764 0.000298474 0.0977602 5.84894e-07 1.60296e-06 8.63382e-10 6.67162e-10 4.1029e-07 1.59397e-10 0.217622 3.38037e-05 0.0740086 0.0619391 4.70686e-06 0.0109168 2.93774e-07 2.86524e-07 0.132802 0.0840626 0.319121 
0.00623839 0.0616787 0.036366 0.00239369 0.00281416 8.58603e-12 5.83919e-08 0.000170677 8.35388e-08 0.227492 7.06877e-12 1.49882e-07 3.59625e-07 5.78916e-12 5.83231e-08 0.018002 4.24095e-08 0.0333222 6.83037e-08 0.611521 
0.00364939 0.00194088 0.00253448 4.39262e-10 0.000610557 2.78168e-07 7.30815e-06 5.35509e-11 1.12224e-05 0.000277766 4.87513e-06 0.0101333 0.00246989 1.28119e-05 0.000440369 9.34112e-06 1.26321e-06 0.00125621 0.000379414 0.976261 
0.0595641 0.145933 0.0187547 8.43027e-07 4.39846e-07 7.68443e-11 0.00385133 1.48714e-05 0.00123006 0.0393453 1.02488e-05 0.00926622 0.0469061 5.18126e-11 0.0054131 0.00587908 0.00112993 0.0117017 3.60845e-07 0.650998 
0.0718961 0.024962 0.0874495 0.00109783 0.195241 0.00622688 0.00379868 0.00125634 0.00809916 0.0538886 0.00131234 0.0379411 0.0605548 0.00265838 0.0248624 0.0177663 0.0171192 0.0802482 0.0161724 0.287449 
0.121097 0.00551548 0.147812 3.40567e-05 0.015541 0.00196194 0.000213117 0.000603403 0.0462353 0.0861722 0.000664568 0.0930113 0.0898994 0.0667068 0.00412222 0.0170949 0.000425911 0.0415887 0.0964437 0.164857 
0.00366855 0.00196045 0.00253575 4.39229e-10 0.00060904 2.77024e-07 7.27491e-06 5.35469e-11 1.11709e-05 0.000278749 4.85307e-06 0.0101259 0.0024727 1.27533e-05 0.000438332 9.29837e-06 1.2575e-06 0.00126284 0.000377659 0.976223 
0.0313361 0.00426891 0.0112363 0.000180543 0.212518 3.77079e-05 0.00027856 0.000221098 0.00727847 0.0809679 0.00129584 0.0922626 0.0358972 5.07248e-05 0.0179208 0.000704102 5.94722e-05 0.0281923 0.0319617 0.443332 
0.0114178 0.027937 0.0752548 9.16228e-07 0.00181708 4.93002e-11 0.000737953 7.9027e-08 4.79672e-07 0.0404746 4.05882e-11 0.0282288 0.160654 3.32408e-11 0.00709992 1.7883e-06 2.43511e-07 0.0409855 0.0338858 0.571504 
0.00142764 0.000298474 0.0977602 5.84894e-07 1.60296e-06 8.63382e-10 6.67162e-10 4.1029e-07 1.59397e-10 0.217622 3.38037e-05 0.0740086 0.0619391 4.70686e-06 0.0109168 2.93774e-07 2.86524e-07 0.132802 0.0840626 0.319121 
0.000105896 2.99849e-05 0.00206373 6.12123e-06 0.00575412 1.80219e-06 1.60828e-06 7.64308e-08 0.00363806 0.00116232 1.75058e-08 0.000473606 0.000449615 5.0798e-07 0.000144842 3.94643e-07 8.69256e-08 0.0203494 0.037416 0.928402 
0.0117021 0.147826 0.0484368 0.000103803 0.000279446 0.000165757 0.000117028 0.001006 0.00728568 0.0276585 0.00013282 0.0249495 0.0291995 0.000127165 0.0508219 0.0497533 0.000783436 0.0441727 0.00820286 0.547276 
0.00142764 0.000298474 0.0977602 5.84894e-07 1.60296e-06 8.63382e-10 6.67162e-10 4.1029e-07 1.59397e-10 0.217622 3.38037e-05 0.0740086 0.0619391 4.70686e-06 0.0109168 2.93774e-07 2.86524e-07 0.132802 0.0840626 0.319121 
0.0409787 0.00940933 0.0160673 0.00387581 0.187592 5.29955e-05 0.00269605 0.00608908 0.0131289 0.0840041 0.00123274 0.0840924 0.0535062 0.0065667 0.0145336 0.00239801 0.00208617 0.109554 0.0445535 0.317582 
0.0296833 0.0105725 0.0254864 3.88742e-07 0.00885143 1.40259e-07 1.77228e-08 0.00318409 0.00257109 0.141724 1.87174e-10 3.92226e-07 0.0347737 0.00159532 1.08092e-06 0.0503426 3.82842e-06 0.294708 0.0325675 0.363935 
0.00438234 0.011713 0.251678 0.000676499 0.0791928 0.00568777 1.10182e-10 0.000264233 0.00586176 0.042724 4.57934e-07 0.0168263 0.257626 0.00126893 0.00125456 0.00157354 1.06334e-06 1.12758e-05 0.0440384 0.27522 
0.00142764 0.000298474 0.0977602 5.84894e-07 1.60296e-06 8.63382e-10 6.67162e-10 4.1029e-07 1.59397e-10 0.217622 3.38037e-05 0.0740086 0.0619391 4.70686e-06 0.0109168 2.93774e-07 2.86524e-07 0.132802 0.0840626 0.319121 
0.00142764 0.000298474 0.0977602 5.84894e-07 1.60296e-06 8.63382e-10 6.67162e-10 4.1029e-07 1.59397e-10 0.217622 3.38037e-05 0.0740086 0.0619391 4.70686e-06 0.0109168 2.93774e-07 2.86524e-07 0.132802 0.0840626 0.319121 
0.0650492 0.036853 0.0241791 5.88843e-07 5.89682e-07 5.89058e-07 0.000354136 0.00560319 5.89723e-07 0.0740806 5.89203e-07 0.118845 0.0148604 0.00324188 5.89764e-07 0.0070756 5.89674e-07 5.89805e-07 0.104099 0.545754 
0.00142764 0.000298474 0.0977602 5.84894e-07 1.60296e-06 8.63382e-10 6.67162e-10 4.1029e-07 1.59397e-10 0.217622 3.38037e-05 0.0740086 0.0619391 4.70686e-06 0.0109168 2.93774e-07 2.86524e-07 0.132802 0.0840626 0.319121 
0.0655136 0.0237488 0.0528012 0.000131838 0.056936 3.31831e-05 0.00315475 0.0181992 0.00898058 0.188378 0.000109186 0.0527182 0.102476 0.0375441 0.0370126 0.00556378 9.67686e-05 0.0454563 0.109778 0.191368 
0.00142764 0.000298474 0.0977602 5.84894e-07 1.60296e-06 8.63382e-10 6.67162e-10 4.1029e-07 1.59397e-10 0.217622 3.38037e-05 0.0740086 0.0619391 4.70686e-06 0.0109168 2.93774e-07 2.86524e-07 0.132802 0.0840626 0.319121 
0.124171 0.0120266 0.094825 1.5917e-05 0.0337222 1.02935e-05 5.18804e-05 5.21635e-08 0.0322619 0.171972 0.106709 0.00460071 0.0235664 9.63544e-05 0.000104839 0.000134306 2.39517e-05 0.00276985 0.00371375 0.389223 
0.019997 0.00165836 0.0213172 9.42161e-08 0.0184006 7.45275e-08 3.49894e-05 9.04975e-06 0.00691852 0.0365193 2.20204e-07 0.0152735 0.0525279 0.00011549 0.00655432 0.000700868 7.68456e-06 0.0424204 0.000863846 0.776681 
1.12077e-05 2.00912e-05 1.30672e-05 8.84497e-05 1.63872e-05 6.9966e-05 5.40649e-05 1.0783e-05 1.29171e-05 5.48963e-06 5.76022e-05 6.25054e-06 1.71175e-05 4.71749e-05 9.28235e-06 2.50039e-05 1.71074e-05 5.73072e-06 6.77939e-06 0.999506 
1.12077e-05 2.00912e-05 1.30672e-05 8.84497e-05 1.63872e-05 6.9966e-05 5.40649e-05 1.0783e-05 1.29171e-05 5.48963e-06 5.76022e-05 6.25054e-06 1.71175e-05 4.71749e-05 9.28235e-06 2.50039e-05 1.71074e-05 5.73072e-06 6.77939e-06 0.999506 
0.013078 0.0161717 0.00928833 1.73017e-05 0.000401106 4.41531e-06 0.000471142 0.188587 0.00593632 0.222416 2.01484e-05 0.0718471 0.00188868 4.48729e-05 0.0118742 0.141164 5.73261e-06 0.0228653 0.000431628 0.293487 
0.00872226 0.024928 0.0378555 2.68343e-06 0.0168443 2.46196e-05 0.0101721 7.93999e-05 0.00202272 0.0268958 0.000719463 0.00295666 0.0947627 0.0137827 0.169252 0.0112254 0.000784862 0.00186175 0.0050999 0.572007 
0.0383838 0.000866695 0.2693 4.24178e-07 0.00160508 3.00858e-05 0.0270629 9.09946e-06 0.000128562 0.000947892 1.70967e-06 1.82057e-05 0.322532 5.942e-06 0.0128412 1.66584e-05 0.000482921 0.00165879 3.27026e-05 0.324075 
0.0488254 0.012116 0.0537732 0.000147826 0.00815638 0.0004834 0.179543 0.00121975 0.0199566 0.0376836 0.136213 0.0819149 0.0560397 0.000115376 0.0144922 0.0624333 0.00199887 0.059186 0.00661216 0.219089 
0.0861998 0.00792828 0.0216668 2.36172e-06 0.0063099 6.55131e-07 0.00018376 0.00502626 0.00113339 0.0165364 9.10945e-06 0.000650504 0.0899003 4.36496e-06 0.00036433 1.46287e-06 8.82513e-05 0.00313925 0.000277146 0.760578 
0.00592758 0.000123966 0.0511781 0.00364353 0.000747019 1.78631e-08 1.77123e-05 2.03343e-06 3.29788e-09 0.209301 0.000193962 0.0474049 0.0870717 5.96966e-06 0.00438017 0.000301797 0.000209922 0.243037 0.0336573 0.312796 
0.0271731 0.0106431 0.0404464 0.000128727 0.00453996 6.776e-07 0.00243167 0.000314958 0.219859 0.0273321 5.5786e-07 0.0121881 0.0316088 0.000172289 0.00457927 0.0051108 4.93051e-05 0.0301963 0.227588 0.355638 
0.00459653 0.0237856 0.0672582 1.66012e-06 0.00171465 4.27538e-07 7.76405e-05 0.00260235 0.000124988 0.0363282 0.000365913 0.0141867 0.0325666 0.000103477 0.070401 0.368621 2.64776e-06 0.00204372 0.00235161 0.372867 
1.71585e-05 0.00545074 0.0328648 1.0107e-06 0.0126828 1.38318e-05 6.17791e-07 0.000333004 0.200674 0.100216 0.000406533 4.10042e-05 0.01773 0.00541049 0.0931645 2.66365e-05 1.95484e-07 0.000161501 0.000225148 0.53058 
0.182166 0.000367063 0.0141204 1.97459e-06 3.65835e-07 1.56196e-06 1.20697e-06 2.40725e-07 3.69502e-05 0.00151577 1.28594e-06 1.3954e-07 0.0825806 0.000936732 2.07224e-07 0.00303568 0.000163253 1.27935e-07 1.51346e-07 0.71507 
0.00142764 0.000298474 0.0977602 5.84894e-07 1.60296e-06 8.63382e-10 6.67162e-10 4.1029e-07 1.59397e-10 0.217622 3.38037e-05 0.0740086 0.0619391 4.70686e-06 0.0109168 2.93774e-07 2.86524e-07 0.132802 0.0840626 0.319121 
0.000754833 2.25146e-06 1.46434e-06 9.91188e-06 1.83638e-06 7.84056e-06 6.05864e-06 1.20837e-06 1.44752e-06 6.15181e-07 6.45503e-06 7.0045e-07 1.91823e-06 5.28653e-06 1.0402e-06 2.80199e-06 1.9171e-06 6.42198e-07 7.59714e-07 0.999191 
0.0650492 0.036853 0.0241791 5.88843e-07 5.89682e-07 5.89058e-07 0.000354136 0.00560319 5.89723e-07 0.0740806 5.89203e-07 0.118845 0.0148604 0.00324188 5.89764e-07 0.0070756 5.89674e-07 5.89805e-07 0.104099 0.545754 
2.83092e-06 5.07477e-06 3.30061e-06 2.23413e-05 4.13919e-06 1.76725e-05 1.36561e-05 2.72364e-06 3.26269e-06 1.38661e-06 1.45496e-05 1.5788e-06 4.32365e-06 1.19158e-05 2.3446e-06 6.31565e-06 4.32112e-06 1.44751e-06 1.71239e-06 0.999875 
0.00916128 0.00490454 0.000417725 0.00340285 0.0901305 0.000135183 3.0885e-07 0.00027241 0.000406049 0.0766193 6.35978e-05 0.00235053 0.075431 2.6949e-07 9.36081e-06 1.3406e-05 9.77276e-08 0.0555595 0.00116611 0.679956 
0.00863807 0.000578854 0.00215025 4.81182e-06 0.00241061 0.000798214 5.84488e-05 8.44708e-05 0.000428104 0.00342095 8.56844e-05 0.00347056 0.00190102 0.000749171 0.000667544 0.000133168 1.98541e-05 0.00323536 0.00297173 0.968193 
0.00142764 0.000298474 0.0977602 5.84894e-07 1.60296e-06 8.63382e-10 6.67162e-10 4.1029e-07 1.59397e-10 0.217622 3.38037e-05 0.0740086 0.0619391 4.70686e-06 0.0109168 2.93774e-07 2.86524e-07 0.132802 0.0840626 0.319121 
6.3139e-07 0.00234063 0.0331974 8.45292e-07 0.00162625 3.6225e-07 1.07621e-10 1.48126e-07 4.01141e-07 3.26188e-06 1.14662e-10 9.60549e-07 0.161657 9.39054e-11 7.39277e-08 4.23114e-07 6.91322e-07 1.14075e-11 0.0107464 0.790424 
0.0572607 0.0225038 0.0568833 7.84761e-06 0.0310884 0.000156078 0.000151023 0.0010897 0.00332555 0.109077 0.00280192 0.0296915 0.237691 0.00112411 0.0474083 0.0032916 1.02154e-05 0.0600745 0.00858019 0.327783 
0.0166743 0.000135397 0.00681543 3.16046e-06 0.000176547 0.00593559 7.45157e-05 3.18485e-07 1.07122e-05 0.00169987 0.012074 0.0466057 0.0219891 0.000652324 0.012416 1.40317e-06 1.06937e-05 0.000896716 0.0212932 0.852535 
1.71585e-05 0.00545074 0.0328648 1.0107e-06 0.0126828 1.38318e-05 6.17791e-07 0.000333004 0.200674 0.100216 0.000406533 4.10042e-05 0.01773 0.00541049 0.0931645 2.66365e-05 1.95484e-07 0.000161501 0.000225148 0.53058 
0.00772154 2.97972e-05 0.0150684 2.15322e-05 0.000633958 0.0104252 1.14179e-12 9.58786e-06 0.000256207 0.000564121 6.05826e-08 1.01908e-08 0.00458316 2.04247e-08 7.84327e-10 0.000134674 5.79505e-06 1.26751e-07 0.00617938 0.954366 
0.0588367 0.014026 0.0525816 0.0512452 0.212918 6.1304e-05 0.000245696 0.0069085 0.00518557 0.095498 0.00173494 0.00989172 0.0352355 6.2481e-06 0.000348428 0.00620984 0.0310297 0.188714 0.00416785 0.225155 
0.126734 0.0140374 0.0760975 6.24314e-08 0.00860878 1.57874e-11 1.80976e-07 0.000355063 0.0258868 0.0778295 0.000164045 0.192369 0.0282706 0.00182789 0.0368371 0.000972603 3.59082e-08 0.0946143 0.0305928 0.284802 
0.00142764 0.000298474 0.0977602 5.84894e-07 1.60296e-06 8.63382e-10 6.67162e-10 4.1029e-07 1.59397e-10 0.217622 3.38037e-05 0.0740086 0.0619391 4.70686e-06 0.0109168 2.93774e-07 2.86524e-07 0.132802 0.0840626 0.319121 
0.00513661 0.0129435 0.00448885 9.10491e-05 0.0168472 6.82818e-07 0.000259618 0.000207733 0.000137254 0.226951 3.58314e-07 0.000202266 0.00239397 1.20412e-05 9.43287e-05 0.00218125 1.59255e-06 0.353258 0.000193673 0.3746 
0.00142764 0.000298474 0.0977602 5.84894e-07 1.60296e-06 8.63382e-10 6.67162e-10 4.1029e-07 1.59397e-10 0.217622 3.38037e-05 0.0740086 0.0619391 4.70686e-06 0.0109168 2.93774e-07 2.86524e-07 0.132802 0.0840626 0.319121 
0.00475675 0.0010684 0.0796123 0.000356447 0.000165158 1.07407e-05 4.35684e-05 0.000114852 0.000248181 0.376877 0.000450771 0.013957 0.0263267 0.00149477 0.00681669 0.00287928 4.21764e-05 0.0484987 0.0211428 0.415137 
0.00394917 0.000249988 0.000388445 8.13741e-05 0.00258658 1.13798e-06 8.79353e-07 5.13367e-05 0.00126097 0.000270888 0.00252788 0.00093028 0.225261 0.00525715 0.000882028 0.000185891 0.000124608 0.000964916 0.00167962 0.753346 
0.0650492 0.036853 0.0241791 5.88843e-07 5.89682e-07 5.89058e-07 0.000354136 0.00560319 5.89723e-07 0.0740806 5.89203e-07 0.118845 0.0148604 0.00324188 5.89764e-07 0.0070756 5.89674e-07 5.89805e-07 0.104099 0.545754 
9.82955e-06 0.0575194 0.000198642 1.00566e-06 8.66045e-06 7.95507e-07 0.00020532 3.53975e-05 0.0163862 3.24391e-05 0.0036651 8.84064e-05 0.162826 0.000648902 1.05539e-07 0.000960028 1.9451e-07 2.93295e-05 0.0024498 0.754935 
0.241355 0.00066964 0.00505737 0.00033918 0.00313323 5.74176e-05 0.00183778 0.00216354 0.000721819 0.00461916 0.0153039 0.0316094 0.155836 1.38606e-05 0.00247967 0.00077938 9.57686e-06 0.00319679 0.0434308 0.487386 
0.134594 0.00187641 0.0110354 6.97453e-07 1.43538e-06 6.99422e-06 7.31482e-05 1.43375e-06 0.00549049 0.00224814 5.58568e-08 0.00857004 0.0615123 4.52127e-06 0.0211608 2.42462e-08 0.00275376 0.195512 5.13202e-05 0.555107 
0.0606811 0.000215021 0.0420885 3.50095e-05 0.0286139 9.65331e-05 0.00023257 3.99612e-05 0.00701225 0.07313 4.18956e-05 0.054464 0.011158 0.00035521 0.0440644 7.3432e-05 1.05466e-05 0.0170881 0.000869296 0.65973 
0.123763 0.00130044 0.0332681 1.06994e-07 0.00172576 8.46352e-08 5.32584e-05 1.33869e-05 3.41856e-05 0.00703083 6.96791e-08 0.000424379 0.00522713 7.24214e-06 0.201007 3.02462e-08 2.06942e-08 6.93223e-09 0.0693466 0.556798 
0.0433776 0.0190966 0.02242 0.00225809 0.0448154 1.90992e-05 0.000199292 0.000293985 0.0018303 0.111073 3.98948e-05 0.0165668 0.0091045 1.89812e-05 0.00297615 0.00709884 0.000253874 0.061752 0.236629 0.420177 
0.019997 0.00165836 0.0213172 9.42161e-08 0.0184006 7.45275e-08 3.49894e-05 9.04975e-06 0.00691852 0.0365193 2.20204e-07 0.0152735 0.0525279 0.00011549 0.00655432 0.000700868 7.68456e-06 0.0424204 0.000863846 0.776681 
0.0249589 0.0291865 0.0682208 0.273817 0.000697315 9.42019e-05 0.0013698 0.000263638 0.00410691 0.0528213 0.00115864 0.0182985 0.0308532 0.000199706 0.000458811 0.00697499 0.0768224 0.0239901 0.0116146 0.374093 
0.00142764 0.000298474 0.0977602 5.84894e-07 1.60296e-06 8.63382e-10 6.67162e-10 4.1029e-07 1.59397e-10 0.217622 3.38037e-05 0.0740086 0.0619391 4.70686e-06 0.0109168 2.93774e-07 2.86524e-07 0.132802 0.0840626 0.319121 
0.00142764 0.000298474 0.0977602 5.84894e-07 1.60296e-06 8.63382e-10 6.67162e-10 4.1029e-07 1.59397e-10 0.217622 3.38037e-05 0.0740086 0.0619391 4.70686e-06 0.0109168 2.93774e-07 2.86524e-07 0.132802 0.0840626 0.319121 
0.170714 0.0423182 0.0168748 0.000155055 0.081973 8.77087e-05 0.000607503 1.98452e-06 0.00625207 0.0152287 5.12692e-05 0.227121 0.0113697 1.07972e-06 0.00363086 8.2048e-05 7.87124e-07 0.0561064 0.00134008 0.366083 
0.00142764 0.000298474 0.0977602 5.84894e-07 1.60296e-06 8.63382e-10 6.67162e-10 4.1029e-07 1.59397e-10 0.217622 3.38037e-05 0.0740086 0.0619391 4.70686e-06 0.0109168 2.93774e-07 2.86524e-07 0.132802 0.0840626 0.319121 
0.0360445 0.00043538 0.0293112 1.6617e-06 8.24628e-05 1.31445e-06 0.000174817 0.00132223 0.000412577 0.00941764 0.101407 0.119078 0.19231 0.000149064 8.56839e-05 0.000130412 3.21397e-07 0.195655 0.000696731 0.313284 
0.00215296 0.00160183 0.00837691 2.83804e-06 2.51792e-06 2.24496e-06 0.00690396 3.45988e-07 0.001765 0.00343933 4.80482e-06 0.113997 0.00616436 0.000371246 1.68228e-05 0.00130551 5.48917e-07 0.0015235 6.68239e-06 0.852361 
0.00209258 0.00590638 0.0203242 4.49661e-10 6.18918e-08 3.55694e-10 1.48687e-06 2.04142e-07 0.0361114 0.000540837 0.00289951 0.0236319 0.00194217 1.61775e-06 0.247043 0.000506212 1.5025e-07 0.327189 0.00386006 0.327949 
