0.00777733 0.0233521 0.318147 0.00255246 0.0486185 4.3883e-07 0.000109461 0.0355939 0.000997736 0.268599 0.0132112 0.122702 0.0131694 1.33594e-05 0.00476217 0.0160431 7.2839e-06 0.0498332 0.03371 0.0408007 
5.79228e-05 3.06407e-05 0.787472 1.3796e-05 0.0478102 0.000839566 0.000119199 0.0651458 5.59365e-05 0.096252 0.00161175 3.2592e-05 4.36954e-06 4.39072e-05 0.000295108 8.85471e-08 3.48176e-06 7.91295e-05 0.00013231 3.46984e-07 
0.00656807 0.003441 0.580144 2.81281e-05 0.00132469 5.4938e-06 0.00186462 0.00677219 0.0849457 0.0566827 0.000120859 0.0249426 0.00155215 0.000172941 0.0344366 0.00459691 1.78202e-05 0.171689 0.020277 0.00041761 
0.0110386 0.00893446 0.43242 0.00511118 0.00711394 3.3414e-05 0.00269433 0.00829675 0.0131192 0.0620934 0.000770898 0.0179655 0.00309464 8.14921e-05 0.00542101 0.011174 7.09165e-06 0.401482 0.00906442 8.32951e-05 
0.0675616 0.043362 0.279482 0.00067583 0.0010184 0.000122661 2.05199e-06 0.000353899 0.00844907 0.232338 0.000246572 0.0809448 0.200914 2.78904e-05 0.0568923 0.00286097 4.43322e-06 0.0179792 0.00676389 5.70947e-07 
0.0239391 0.00697984 0.304859 0.000809045 0.0154013 0.000420158 0.00408914 0.00395062 0.11375 0.0628045 0.00911503 0.179207 0.0514668 0.000417219 0.0304642 3.02975e-08 0.000121214 0.0241343 0.167966 0.00010549 
0.0068906 0.0273864 0.263391 3.89276e-05 0.00722551 1.05341e-05 0.000341149 0.00487173 0.00545544 0.262435 0.00019008 0.0917902 0.0039887 0.00296575 0.115792 0.0226191 5.41554e-06 0.136915 0.0476878 1.11499e-10 
0.00315719 0.00367333 0.285372 3.74873e-06 0.00200831 1.64223e-08 8.91445e-12 0.00093412 0.00354807 0.181095 0.00015395 0.0972165 5.95794e-08 0.000264062 0.193487 0.0033386 8.54574e-09 0.195793 0.0299543 1.61555e-11 
0.00326849 0.00112883 0.959152 2.99808e-05 7.23626e-05 2.8922e-10 0.000725885 0.00133744 0.00579618 0.00456215 0.000101946 0.00980961 2.23731e-07 0.0097895 5.66133e-05 9.59888e-08 1.55637e-05 0.000215598 0.00393726 1.39793e-07 
0.174307 0.00239229 0.35594 5.10304e-06 0.0524891 9.53011e-06 0.0100095 1.3774e-06 0.000769674 0.0133388 0.0246592 0.106796 0.0535891 0.0192221 0.0972464 6.63989e-06 0.000192724 0.0812778 0.00501225 0.00273582 
0.00511876 0.000715945 0.624138 5.50297e-05 0.00652464 0.000218635 0.000945807 0.012495 0.163067 0.0115354 0.000104773 0.0239092 0.0106135 9.61968e-05 0.0451697 0.000946563 7.27015e-05 0.0517627 0.0425103 2.02417e-08 
0.00108525 0.0163786 0.722957 0.000233818 4.29202e-05 4.05817e-08 9.69962e-06 0.000531778 0.000167888 0.166744 4.2629e-05 0.0243628 0.00215087 6.94819e-05 0.0137041 0.000854556 8.87778e-06 0.0449615 0.00569418 1.33756e-10 
0.0706213 0.0516491 0.320099 3.44188e-07 0.121512 1.56188e-08 1.9846e-10 0.0868081 0.0116561 0.217184 6.59049e-05 0.0215698 0.00037239 0.000471917 0.000115138 0.00826549 4.46311e-07 0.0821079 0.00750096 3.59666e-10 
0.0283965 0.0365766 0.379237 0.0264179 0.000496254 7.93334e-06 0.000375591 0.00426907 0.0892699 0.00717657 0.000266497 0.0329264 0.0261644 0.0353396 0.0166011 0.000466296 0.0039265 0.201829 0.110257 4.15839e-10 
0.00503344 0.00585051 0.251481 5.39626e-07 0.000702117 2.77338e-05 0.000418088 0.0614694 0.00379699 0.0746472 0.0425444 0.080752 0.0551938 0.00198348 0.133748 0.00222478 0.000159809 0.170474 0.109493 9.92232e-11 
0.00388307 8.73531e-07 0.629826 2.58016e-10 5.62203e-08 2.04098e-10 0.00091816 3.01196e-07 0.0182643 0.00755517 1.7398e-07 0.00180625 0.00554178 0.000443006 0.252087 0.0333926 5.70394e-08 0.0462801 1.96057e-06 2.85821e-10 
0.000916085 0.00612577 0.625964 3.59518e-07 0.000700792 1.82628e-06 0.123871 0.00123589 0.0045245 0.0694863 4.08849e-05 0.000310276 0.000919094 3.0564e-05 1.80277e-08 0.0721888 0.0134184 0.0796224 0.000643017 3.91253e-08 
0.027687 0.0202168 0.275873 0.000276632 0.0144147 2.77941e-06 0.0357212 0.0164799 0.0278438 0.0549034 0.00674623 0.109089 0.0917837 0.000385854 0.0567471 0.000598969 0.000237353 0.131306 0.129635 5.17956e-05 
0.0133409 0.0579345 0.321595 4.25202e-11 0.00168631 2.21109e-05 0.000440426 0.00493149 0.00905425 0.107209 0.00943115 0.107887 0.013122 0.0015736 0.137476 0.00706177 0.000146635 0.184056 0.023031 4.71022e-11 
0.0526504 0.000148922 0.537617 6.24893e-05 0.0140459 0.0624311 2.35316e-06 0.000959782 0.0620536 0.00664179 0.212019 0.000861963 0.00525809 0.000683647 0.000250942 0.000606787 0.00234108 0.00333921 0.0344526 0.003573 
9.84533e-07 0.0179302 0.895668 7.84106e-07 7.36472e-07 6.20187e-11 4.79238e-11 6.63345e-07 0.0033638 0.0565365 2.50195e-06 6.61548e-07 0.00224448 4.18163e-11 8.22799e-12 1.17692e-06 1.51642e-11 0.0242493 7.055e-07 8.68516e-11 
0.0015646 0.000434194 0.324157 7.89025e-06 0.000708308 0.000142203 3.22753e-05 0.000127249 0.0633548 0.0333524 0.000769842 0.0318168 0.106648 0.00825122 0.173477 0.0117087 0.000409751 0.217917 0.0251212 5.23585e-11 
0.00747308 0.0028372 0.395621 8.04592e-06 0.00400506 3.78575e-06 0.00122364 0.0158756 0.160116 0.106804 0.000279866 0.0745038 0.00427991 1.21674e-05 0.0239059 0.00372065 0.000414941 0.158281 0.0406333 7.34198e-08 
0.000359135 0.0139021 0.302848 0.00108395 0.0017463 5.5898e-05 7.16485e-07 0.00217724 0.0290176 0.282954 1.87151e-10 0.0295687 0.0188326 0.000108836 0.143962 0.00702465 2.10855e-05 0.018951 0.147385 3.18344e-10 
0.0015646 0.000434194 0.324157 7.89025e-06 0.000708308 0.000142203 3.22753e-05 0.000127249 0.0633548 0.0333524 0.000769842 0.0318168 0.106648 0.00825122 0.173477 0.0117087 0.000409751 0.217917 0.0251212 5.23585e-11 
0.00656467 0.0012589 0.371338 3.15381e-05 0.0166282 0.00133686 0.000265312 0.00252821 0.0633137 0.0213554 0.00651904 0.0864431 0.0157979 0.00115022 0.117496 0.00279883 0.000129584 0.206439 0.0785099 9.52195e-05 
0.000325895 0.000394134 0.256074 6.281e-08 0.0057228 0.000310961 2.58118e-12 0.00239725 0.0814192 0.00801928 8.48059e-09 0.0329493 0.0142739 0.000285271 0.181531 8.27057e-08 2.56569e-05 0.242787 0.173484 4.67785e-12 
3.35756e-06 0.0261399 0.557218 7.49074e-08 0.00350448 3.83528e-07 8.65855e-07 2.45384e-07 5.44248e-11 0.170608 2.42701e-10 2.23068e-06 0.0608607 1.98766e-10 1.03486e-05 1.05351e-10 2.02619e-05 0.181631 5.42748e-07 4.12833e-10 
0.121499 0.0354438 0.145324 0.000397145 0.0120192 9.86704e-05 4.06507e-06 0.00580018 0.0507362 0.055958 0.0248885 0.0568963 0.0864504 0.119689 0.0606413 0.00536463 0.0275412 0.0554335 0.135815 4.77827e-08 
0.0699795 0.0122528 0.327733 0.000385484 0.0687284 4.46785e-08 0.00086713 0.000399371 0.00281145 0.147381 0.00179527 0.168808 0.0390482 2.15448e-05 0.000124126 0.0114755 4.44932e-05 0.132489 0.0156562 1.51713e-10 
4.29826e-07 7.70515e-07 0.997315 3.39213e-06 6.28463e-07 2.68326e-06 2.07344e-06 4.13538e-07 4.95383e-07 0.000358116 2.2091e-06 2.39714e-07 0.000263245 1.8092e-06 0.0014955 9.58922e-07 6.56086e-07 0.0004178 0.000130258 3.75767e-06 
0.0108535 0.0012799 0.301183 0.000362225 0.0879489 0.000163485 0.000283537 0.0423211 0.00239865 0.119665 0.0169622 0.0667874 0.0644301 0.00261747 0.0746549 0.00775626 5.56441e-05 0.114981 0.0852966 3.64846e-07 
0.0123511 0.0086392 0.596861 2.44241e-06 0.000190241 1.82741e-05 0.0159029 0.00217619 0.00368108 0.111107 0.000737439 0.00401111 0.166442 0.0275663 0.0198267 0.000674526 0.00385881 0.0198962 0.00604171 1.58407e-05 
0.105622 0.033531 0.312837 0.0056754 0.13785 3.19407e-06 5.10176e-05 0.000199886 0.0253237 0.146272 0.010471 0.0796658 0.0747782 0.000174615 0.00508739 0.000665427 6.16016e-06 0.047702 0.0140764 8.2147e-06 
0.00286865 0.00147842 0.222025 3.54163e-08 0.00891175 5.29689e-05 6.73553e-05 0.0827636 0.0935354 0.172003 0.00033647 0.0127944 0.0197133 0.000206738 0.0597039 0.00175959 3.66907e-05 0.205717 0.116025 2.29956e-11 
0.000166269 4.0405e-06 0.988924 2.09468e-07 0.000207704 0.000164532 7.09753e-08 4.87006e-05 2.20446e-05 0.000476272 2.1233e-05 0.00068789 0.000284061 6.67874e-06 0.00179009 7.68796e-05 1.15482e-05 0.00156321 0.00554481 2.72337e-11 
0.000166269 4.0405e-06 0.988924 2.09468e-07 0.000207704 0.000164532 7.09753e-08 4.87006e-05 2.20446e-05 0.000476272 2.1233e-05 0.00068789 0.000284061 6.67874e-06 0.00179009 7.68796e-05 1.15482e-05 0.00156321 0.00554481 2.72337e-11 
0.0113505 0.00238612 0.257272 0.000313005 0.0224506 1.13197e-05 0.000670085 0.0085457 0.0789799 0.0791752 0.00327718 0.0520409 0.072801 0.0877543 0.0525474 0.000884634 0.00566865 0.154822 0.109044 6.29934e-06 
0.0101202 0.00188804 0.58338 4.22124e-06 0.0049844 2.28284e-06 1.85763e-05 0.000815799 0.0216223 0.0302637 0.00367736 0.014708 0.00508033 8.72922e-06 0.00794539 0.000311141 2.28164e-05 0.314501 0.000645604 4.07873e-07 
0.00277122 0.00431235 0.392778 0.29389 0.00175605 0.00295632 0.000856895 0.000158688 0.0110123 0.113413 1.20602e-10 0.0287544 0.000154236 4.3246e-06 0.00346364 0.000724914 0.0212799 0.121715 1.56617e-07 1.27609e-07 
0.000126882 2.27933e-08 0.920972 4.17706e-07 0.0017239 1.22978e-06 2.60008e-06 4.22524e-11 6.16191e-05 7.88155e-05 7.6616e-05 0.00771276 0.000545923 0.000206569 0.0023298 3.42259e-08 2.95867e-05 0.0585475 0.00758394 3.83932e-10 
0.000166269 4.0405e-06 0.988924 2.09468e-07 0.000207704 0.000164532 7.09753e-08 4.87006e-05 2.20446e-05 0.000476272 2.1233e-05 0.00068789 0.000284061 6.67874e-06 0.00179009 7.68796e-05 1.15482e-05 0.00156321 0.00554481 2.72337e-11 
1.53163e-05 0.0554233 0.676047 2.32447e-09 4.30657e-10 1.83872e-09 1.42083e-09 2.83378e-10 2.34263e-06 2.37467e-05 7.97785e-05 0.0896402 0.154562 0.0013775 1.30268e-05 0.0228082 9.44576e-07 4.02129e-06 1.78163e-10 2.06254e-06 
0.00108814 0.0610654 0.672756 2.02419e-07 0.000243728 2.79483e-07 0.000443675 0.000370576 0.0118578 0.0657921 1.96465e-05 0.0247966 0.00421458 0.00357195 0.0718847 0.00319271 6.09947e-06 0.075284 0.00341135 3.23923e-07 
0.00337173 0.00216885 0.537234 0.00405336 0.00142128 0.000238403 0.000426799 0.0222811 0.0237643 0.067894 0.00015659 0.0336577 0.0045787 0.00223823 0.191619 0.00343611 0.000242746 0.0457443 0.0554733 8.44534e-10 
0.0134918 0.000494887 0.66856 3.33881e-08 0.0209117 0.000155431 1.1862e-05 3.91116e-05 0.0125813 0.0541253 0.0198255 0.00639179 0.141046 0.00103902 0.0429305 0.00244116 0.00032877 0.00504809 0.0105776 3.6986e-08 
0.0241649 0.0145093 0.323608 0.000996767 0.0186417 0.000151089 0.00331646 0.0240821 0.0471277 0.126875 0.00193634 0.107281 0.0199183 0.00425774 0.0808944 0.0129975 0.00227938 0.128162 0.058183 0.000617448 
0.0442437 0.144387 0.166108 2.17646e-05 0.000816143 9.51226e-06 3.67539e-05 0.00274032 0.0107285 0.120489 0.00352226 0.0228985 0.12025 0.00365014 0.101335 0.0120353 0.000157226 0.140214 0.106357 2.64851e-07 
0.000132321 2.55539e-05 0.979854 6.7448e-08 3.67594e-08 2.05415e-10 0.000949392 9.10757e-07 0.00108204 0.0122689 3.90263e-07 0.00535011 0.000164462 2.55235e-07 5.64358e-08 2.67773e-05 3.15469e-08 0.0001441 4.6149e-07 1.16346e-07 
0.0087126 3.82255e-05 0.284649 3.30378e-05 0.130126 0.154804 1.79134e-06 0.0246903 0.00205614 0.000305517 0.000487427 0.0243098 0.086523 0.000175515 1.14583e-05 0.000583144 0.000335844 0.0145908 0.267142 0.000424071 
0.00216661 0.00137855 0.942014 1.39341e-05 0.00019142 1.10222e-05 8.51721e-06 1.69872e-06 0.000207961 0.00235081 9.07445e-06 0.0353222 0.000979572 7.43177e-06 0.012527 3.93903e-06 2.69505e-06 0.000101533 0.00268698 1.54356e-05 
0.016441 0.0163014 0.367059 0.000150793 0.00372689 6.18639e-05 0.0137504 0.000240909 0.112656 0.0536413 0.000402012 0.10498 0.0297986 0.00202756 0.0303578 0.00452875 0.000123712 0.123605 0.120147 1.97082e-07 
0.0446686 0.00613937 0.57116 0.000406165 0.00150417 8.068e-09 0.00010614 0.00406316 0.00340331 0.0746854 0.000680156 0.0236119 0.0135701 0.00532533 0.103729 0.00834456 3.59955e-05 0.114837 0.0237036 2.56904e-05 
0.00783779 0.0653509 0.485805 2.24254e-05 0.00388504 0.00120914 7.64791e-05 0.0985159 0.00112236 0.188555 0.00255319 0.006044 0.0284162 0.000627285 0.0149403 0.0112946 0.000110634 0.0371308 0.0465021 4.74338e-10 
0.106955 0.0149092 0.367722 7.88441e-05 0.112511 2.53385e-06 0.0448435 0.000243981 0.0395372 0.0735459 4.56519e-05 0.0856397 0.0244986 0.000183384 0.0181504 0.0734996 0.000436423 0.0327199 0.00447587 1.32956e-06 
0.0105206 0.0466402 0.305556 2.13917e-08 0.00719866 4.45954e-05 7.428e-08 6.08587e-05 3.64556e-06 0.0866137 1.533e-10 0.122712 0.0359534 1.43688e-08 0.0515188 0.000216103 5.53144e-06 0.275399 0.0575571 2.60764e-10 
0.066763 0.00273055 0.641737 0.000160168 0.00259358 0.000709233 0.000495088 5.4869e-05 0.00798088 0.167888 0.000312639 0.0544831 0.0101812 0.000236494 0.00986653 0.00112499 0.000153435 0.017044 0.0150504 0.000435823 
0.0155292 0.0148612 0.404926 1.02676e-06 0.013768 1.0909e-10 0.000425801 0.000397512 0.000531699 0.10808 0.00106446 0.221899 0.00220663 1.59571e-07 0.0413996 0.000673962 2.66735e-11 0.127966 0.0462698 1.5277e-10 
0.000166269 4.0405e-06 0.988924 2.09468e-07 0.000207704 0.000164532 7.09753e-08 4.87006e-05 2.20446e-05 0.000476272 2.1233e-05 0.00068789 0.000284061 6.67874e-06 0.00179009 7.68796e-05 1.15482e-05 0.00156321 0.00554481 2.72337e-11 
0.0196605 0.0496621 0.256675 0.000213665 0.025086 0.00144611 0.00487679 0.0192375 0.0195063 0.130771 0.0167995 0.0437733 0.0532761 0.000852359 0.0628093 0.00846208 0.000161844 0.197571 0.0886688 0.000489843 
0.0805222 0.0302921 0.52261 0.00037718 8.24537e-05 1.27114e-05 0.000601849 0.0123822 0.00577361 0.061485 0.00367192 0.018924 0.0712372 0.0289767 0.00653529 0.0976762 0.000184944 0.0374619 0.0211847 7.46987e-06 
0.00863834 1.83761e-06 0.262656 4.4919e-11 0.0023047 3.55321e-11 5.21706e-07 6.33592e-07 0.025549 0.0122465 0.00168254 0.205023 0.207882 0.00161684 0.239644 1.63742e-05 0.000167984 0.0325656 4.12459e-06 4.97595e-11 
0.0583576 0.00299407 0.284123 0.0533564 0.00212526 3.32804e-06 0.000748497 0.00563408 0.0571926 0.0108666 0.0011702 0.149072 0.00312663 0.000293413 0.0654595 0.000171793 2.62629e-05 0.210937 0.0940569 0.000284273 
0.245697 0.000291945 0.278472 0.000260399 0.0954701 8.87231e-05 4.77563e-08 0.00138567 0.0373842 0.0118555 0.0926027 0.0412889 0.00773041 0.000560026 9.93308e-06 0.00010259 0.00025958 0.0126505 0.173883 7.72503e-06 
0.00121505 0.0345234 0.700564 1.97411e-10 6.56576e-07 1.25745e-06 1.14264e-07 0.00916944 0.0105235 0.0165238 0.0199439 7.48829e-07 0.00623569 0.00110283 0.0242749 3.44737e-05 7.47782e-05 0.170993 0.00481892 2.18685e-10 
0.00926433 0.0173066 0.442117 2.27671e-07 0.0706768 5.9375e-11 2.72189e-07 0.178022 0.00666251 0.131994 2.35902e-07 0.0744468 0.00128317 4.00338e-11 3.73801e-07 0.0048034 6.38515e-09 0.0378653 0.0255567 8.31493e-11 
0.0272153 0.00178178 0.893581 3.0423e-08 2.77954e-06 0.000185643 7.2598e-07 6.03048e-07 0.00299036 0.0501868 0.00195574 4.29223e-06 0.00619969 0.000495075 6.60041e-05 3.53171e-07 1.23048e-06 7.21183e-06 0.0153251 3.37014e-08 
0.0065843 0.00349489 0.296948 2.70534e-07 0.00279074 2.70632e-07 2.70718e-07 2.70949e-07 0.0266877 0.0190771 2.70699e-07 0.163452 0.00165285 0.00208508 0.22205 2.70873e-07 0.000460826 0.153644 0.101071 2.70482e-07 
0.0553121 0.0800111 0.192402 0.000312845 0.00748568 0.00215486 6.00057e-05 1.93793e-05 0.0611234 0.137649 4.20526e-09 0.0478634 0.0711989 0.00628513 0.10381 0.00596796 0.000107652 0.0871672 0.14107 5.88734e-07 
0.010468 0.0126655 0.529357 0.00216634 0.0117761 4.10665e-05 0.00169615 0.0473375 0.0260625 0.117999 0.00191245 0.0480998 0.0091212 0.00208117 0.0271307 0.0247993 0.000255739 0.0943546 0.0313964 0.00127911 
0.0272153 0.00178178 0.893581 3.0423e-08 2.77954e-06 0.000185643 7.2598e-07 6.03048e-07 0.00299036 0.0501868 0.00195574 4.29223e-06 0.00619969 0.000495075 6.60041e-05 3.53171e-07 1.23048e-06 7.21183e-06 0.0153251 3.37014e-08 
0.0543616 0.004895 0.447262 5.29621e-09 0.0103407 0.000115947 0.000519393 5.08032e-07 0.00158108 0.0213612 0.0681595 0.0781597 0.27781 0.00229179 0.0116247 0.00335534 1.89867e-05 0.00377072 0.00589903 0.00847364 
5.50231e-06 4.5595e-05 0.309502 5.45005e-06 0.00209126 0.0022565 7.1878e-08 0.0149311 9.85823e-06 0.27169 0.000108528 0.000731848 0.145861 0.00132933 4.32051e-06 0.0614383 4.81668e-06 0.024146 0.041705 0.124134 
0.225352 0.00422443 0.278206 0.0721708 0.0233207 8.352e-06 0.000231413 0.00131853 0.00539881 0.011871 0.00216504 0.137964 0.038675 0.000543453 0.0135508 0.00134659 0.034219 0.0240345 0.125399 1.73028e-08 
0.0038992 0.000531711 0.79457 3.82797e-05 0.00270854 2.85876e-06 2.34995e-05 0.00463096 0.0778412 0.0119993 0.000510241 0.0024327 1.8839e-06 8.26714e-06 0.000293766 0.000387835 1.11075e-05 0.0950401 0.00505267 1.60321e-05 
0.00229798 0.00904722 0.330653 6.03745e-06 1.34121e-05 0.000210797 0.000188071 0.107644 0.00212411 0.0223662 0.00339536 0.0225756 0.237386 0.000110634 0.126333 0.0167602 0.000355383 0.0695101 0.0490234 3.34407e-08 
0.0138944 0.00432373 0.282198 5.69297e-06 0.0168745 0.000130897 0.000510381 0.000509464 0.090129 0.0390472 5.36604e-06 0.0772287 0.100941 0.00175926 0.111107 0.00181079 8.38823e-05 0.192882 0.0665573 1.43559e-06 
0.00676233 0.00452389 0.364812 0.00198414 0.00284084 4.32159e-05 0.000414073 0.0152813 0.231749 0.0163192 0.000135049 0.0188778 0.00676587 0.00863026 0.0128121 0.0224432 0.0002116 0.162226 0.123168 4.16836e-09 
0.12052 0.0107306 0.284887 8.26604e-08 0.0047839 1.63059e-10 1.68854e-06 1.38241e-07 6.08126e-07 0.0234416 3.31597e-06 0.25662 0.0125342 1.09943e-10 9.34563e-07 0.000787294 3.98696e-11 0.277637 0.00805109 2.28349e-10 
0.05002 0.00112767 0.376773 1.34454e-05 0.000703144 5.50504e-08 4.25392e-08 0.000798301 1.01634e-08 0.3499 2.70603e-05 4.54394e-06 0.106075 3.7118e-08 5.46656e-06 0.00533109 3.36979e-07 0.109218 2.80019e-06 7.70932e-08 
0.0243728 2.61065e-05 0.833656 3.88411e-05 0.000628797 8.7538e-05 4.44866e-06 0.00020936 0.00890163 0.00229023 0.000175635 0.00137139 0.000714735 0.00291267 0.00134585 0.0251204 0.0835632 0.00456489 0.0100155 1.4878e-10 
2.13196e-06 0.00630952 0.930685 2.60879e-05 1.05698e-07 2.93286e-09 0.000315823 2.60554e-06 5.14313e-07 0.0615402 1.11826e-06 0.0010614 5.33411e-07 7.3167e-07 1.61743e-07 5.07445e-05 9.08121e-08 1.07247e-06 1.3203e-06 3.36087e-07 
0.0358788 0.0100688 0.255249 7.08549e-05 0.000934795 0.0260863 0.000945433 0.00147928 0.0117125 0.135 0.0269858 0.0582404 0.253547 0.00611049 0.0855941 0.00247283 0.00104053 0.0380235 0.0440351 0.006525 
0.0162633 0.00385345 0.578481 0.000877366 0.00218304 0.00646096 0.000287465 0.00485379 0.0417372 0.130182 0.0189484 0.00579155 0.0265094 0.00427261 0.0104933 0.0244523 0.00375824 0.107321 0.013233 4.04644e-05 
0.0104169 0.00765064 0.324155 1.47239e-06 0.00172977 2.80597e-05 6.13006e-05 0.0649187 0.00514681 0.311593 0.00181976 0.00266144 0.109684 0.0261089 0.0152443 0.00534678 1.70505e-05 0.0215501 0.0918668 1.24274e-07 
0.000351014 0.00100328 0.617006 6.64228e-07 1.02716e-06 9.85312e-05 2.20842e-08 0.000765138 0.000814819 0.0578677 0.000530678 0.017936 0.000771089 3.8e-05 0.0813758 0.00296841 5.45246e-05 0.209328 0.00908983 4.3417e-09 
0.0757687 0.000355032 0.642397 4.96722e-05 0.0195784 0.000923413 0.0130813 0.00962401 0.00315515 0.0137469 8.95994e-05 0.125327 0.0144235 3.96676e-05 0.0676458 0.000432877 0.000349924 0.00978006 0.00141377 0.001818 
0.0023194 0.0163329 0.693067 1.13701e-08 0.0104335 1.36439e-06 0.00077716 0.000449582 0.00866967 0.159921 5.97091e-05 0.0284808 0.00193616 7.78818e-05 0.0213526 0.0282872 0.000122963 0.00860733 0.019104 1.25954e-08 
0.0376807 0.0108003 0.269361 2.88513e-05 0.00393589 6.22087e-06 0.00116939 0.00413565 0.0288184 0.0791903 0.000775538 0.217374 0.0449211 0.00140323 0.153537 0.000990156 2.1132e-05 0.0947476 0.0445356 0.00656761 
5.53308e-05 0.0156549 0.952674 5.5153e-07 1.28703e-05 3.14039e-07 0.000254359 6.13421e-07 0.000127142 0.0238212 2.63066e-07 0.00011718 0.00171197 0.00395879 0.000145998 4.36661e-05 8.37543e-07 0.0012495 0.000170349 7.87496e-08 
0.0220396 0.0105384 0.388041 0.000103816 0.0328419 4.43743e-05 0.000682113 0.025582 0.0119146 0.145872 9.99006e-05 0.0290717 0.0723856 8.2083e-05 0.0674075 0.0146396 8.19784e-05 0.171774 0.00679801 2.50367e-08 
0.00112214 6.83888e-07 0.995531 3.01076e-06 5.57806e-07 0.00019579 1.84033e-06 3.67045e-07 7.69546e-05 0.000208302 1.96073e-06 0.00121233 0.00084555 0.000430083 3.15964e-07 0.000188459 5.82324e-07 1.95069e-07 0.000176925 3.3352e-06 
0.000604493 0.00361605 0.480461 0.00010079 0.000320063 2.34568e-05 1.13932e-05 0.000411964 8.37878e-08 0.114643 0.00931793 0.00031824 0.344431 0.000940677 0.0355345 0.00134221 0.000360333 0.00356392 0.00393129 6.70083e-05 
0.0565439 0.00525315 0.38369 3.8841e-07 0.0277652 5.09579e-08 0.00354225 0.00692505 0.0105637 0.0873603 0.0478113 0.0545354 6.01864e-05 9.06994e-06 0.000858117 0.0117696 2.88346e-06 0.267843 0.0354654 2.0362e-07 
1.5603e-05 0.00960417 0.595127 1.22292e-05 3.59476e-05 1.49507e-06 1.08947e-05 0.0449617 0.000244371 0.169216 0.000258893 0.0568787 0.00719417 5.32365e-05 0.0363768 0.0126211 0.000165609 0.0638662 0.00335383 2.09371e-06 
0.0470915 0.0225345 0.407221 0.0152466 0.0168138 0.000739926 0.00298562 0.0112321 0.0159642 0.0443213 0.00348799 0.138338 0.0309888 0.000718029 0.0476953 0.00364071 0.0033597 0.147296 0.0371294 0.00319462 
0.00775151 0.0555194 0.348417 6.67571e-05 0.00431972 3.99722e-05 0.00141603 9.89904e-06 0.00379459 0.0840906 0.00434642 0.00975916 0.315153 0.00125247 0.00476431 0.0129411 0.000105267 0.0253345 0.0802313 0.0406869 
0.0154172 0.00665765 0.449469 6.27698e-05 0.000207259 7.95191e-08 1.3545e-05 0.0185634 0.0456416 0.0140221 8.1467e-07 0.116778 0.0174786 0.00606171 0.0608087 0.00638454 2.89164e-05 0.037044 0.20536 2.58117e-10 
0.0331579 0.0140523 0.229809 1.74457e-05 0.00608109 6.69674e-06 0.000752107 0.0377969 0.126979 0.071315 0.000572252 0.11383 0.0443315 0.00481733 0.0652397 0.00312937 0.000417955 0.19676 0.0509337 2.75443e-07 
0.0134568 0.00372709 0.269746 2.18981e-05 0.0030766 4.68615e-07 0.000852303 0.0339534 0.101896 0.0215429 0.000178463 0.128318 0.0173585 0.000969818 0.0717883 0.0142419 0.000243027 0.098868 0.21976 8.68655e-09 
0.0125121 0.0548854 0.570306 4.03392e-05 0.00298401 8.68388e-06 0.000409177 0.0011671 0.0567967 0.140961 4.45072e-05 0.0291404 0.00661705 9.60488e-05 0.0188005 0.0224289 0.000104673 0.0577402 0.0249576 2.1729e-07 
0.000201423 4.89982e-05 0.371854 0.00222729 1.25539e-06 4.16319e-06 4.22245e-08 9.0238e-07 0.0167993 0.127596 0.0289039 4.88165e-09 0.336743 0.0762755 0.0350043 2.87297e-06 0.00140208 0.000677647 0.00225454 2.25231e-06 
0.0337683 0.00845427 0.318033 0.000303451 0.248989 5.5128e-05 0.00306598 0.00132714 0.00337399 0.139832 3.11268e-05 0.0240541 0.0679084 9.95331e-05 0.0337895 0.0187155 3.06079e-06 0.0886936 0.00950266 4.12489e-07 
0.020779 0.00195353 0.87634 4.67526e-08 0.000343783 1.20363e-10 0.00135961 0.00776305 0.00598249 0.0134815 0.00132461 0.0347407 0.00576176 0.00113907 0.0115686 7.72461e-05 3.19903e-06 0.0134628 0.00384685 7.19459e-05 
0.188896 0.0165102 0.395434 4.80031e-05 0.0315069 1.39341e-06 0.00190422 2.91797e-05 0.00163186 0.0725864 0.0295407 0.068948 0.0678566 0.000956532 0.0420369 0.000113104 2.72187e-06 0.0388511 0.0155206 0.0276248 
0.0443597 0.00625525 0.586299 5.52158e-05 0.00608089 0.00024263 0.0122519 1.8802e-05 0.0223679 0.000189901 0.00010711 0.237048 0.00086921 0.000794368 0.000175272 0.00252933 0.000335418 0.0352418 0.0446294 0.000149416 
0.0282429 0.000810904 0.437431 1.43369e-08 0.00721421 0.000100782 0.000946034 8.22957e-05 0.0082262 0.00643939 0.000884189 0.0264846 0.431034 0.0075529 0.0060602 4.05291e-09 0.00033282 0.0126497 0.0255073 1.58819e-08 
0.0526504 0.000148922 0.537617 6.24893e-05 0.0140459 0.0624311 2.35316e-06 0.000959782 0.0620536 0.00664179 0.212019 0.000861963 0.00525809 0.000683647 0.000250942 0.000606787 0.00234108 0.00333921 0.0344526 0.003573 
0.124529 0.00474575 0.209766 3.45321e-06 0.000220131 8.46541e-05 0.0471281 2.15359e-09 0.0102565 0.0571514 1.15044e-08 0.161575 0.00978354 0.000274914 0.0450519 2.84824e-06 9.22047e-07 0.168698 0.160727 1.144e-06 
0.00429036 0.0362779 0.376549 6.22441e-06 0.00129864 1.19067e-05 1.27237e-06 0.00241275 0.0022487 0.0992566 0.000644483 0.0354976 0.123495 0.000238737 0.131957 0.0111062 9.48678e-06 0.101395 0.073304 3.10864e-09 
0.000166269 4.0405e-06 0.988924 2.09468e-07 0.000207704 0.000164532 7.09753e-08 4.87006e-05 2.20446e-05 0.000476272 2.1233e-05 0.00068789 0.000284061 6.67874e-06 0.00179009 7.68796e-05 1.15482e-05 0.00156321 0.00554481 2.72337e-11 
0.139903 8.49838e-05 0.19981 3.98416e-05 0.19075 2.38783e-07 0.00055622 1.24734e-07 0.0217494 0.0080994 0.000299381 0.156183 0.0566161 0.120919 0.00590784 0.000209789 0.00543215 0.000531482 0.0929081 2.95483e-10 
0.00333213 1.69906e-06 0.453348 3.97544e-09 0.000121475 1.66638e-06 0.304589 6.27077e-07 0.00138591 0.00851221 0.000337394 0.0514809 0.175255 2.12031e-09 0.00161943 4.15975e-06 2.71195e-06 7.20289e-06 8.46501e-07 4.40384e-09 
0.00988307 0.0102512 0.395734 6.63809e-11 0.00108919 2.44667e-05 7.5382e-06 0.00383642 0.00338857 0.233112 0.0159987 0.0320524 0.134707 0.000799205 0.109941 0.00734831 0.000114133 0.0327468 0.00896456 7.35341e-11 
0.0688027 0.00466658 0.342592 0.000260066 0.000196419 1.72434e-05 0.00105948 0.00192315 0.0942197 0.0434711 0.000345702 0.143096 0.0467037 0.0440843 0.0474594 0.00251478 0.0475731 0.0323896 0.0786206 4.43406e-06 
0.00714091 0.00116865 0.823251 0.00121625 0.000155594 0.000553867 9.84737e-06 0.00121061 0.0042399 0.0350517 0.00600549 0.0261656 0.00136839 0.0173282 0.0180637 0.00151047 4.15162e-05 0.0485979 0.0069206 5.21218e-09 
0.00213428 4.05415e-06 0.51388 0.000136066 7.31684e-07 8.59993e-10 0.00423379 0.0289083 0.277937 0.00608606 4.31518e-07 0.00889865 0.00532073 3.37013e-05 0.00819025 6.82101e-05 0.000303936 0.056217 0.0876471 1.20434e-09 
0.000829407 0.00402729 0.54848 3.47783e-05 0.0095902 8.09062e-09 9.89087e-08 0.0391218 0.0315462 0.0224832 3.60944e-07 0.104236 2.61159e-07 3.30453e-08 0.00372575 0.000158767 3.45364e-08 0.229362 0.00640405 5.71996e-11 
0.00108216 0.00317246 0.47673 4.90216e-07 0.000314837 0.000448019 2.12687e-06 0.000703912 0.00591343 0.0714679 0.00918303 0.113671 0.0422913 0.000567893 0.226667 0.00990633 0.000134677 0.0131753 0.0245683 1.40291e-09 
0.00874803 0.0148633 0.331152 0.00267568 0.00998596 2.32293e-05 0.000138211 0.0424718 0.0144734 0.0494236 0.000922762 0.0491821 0.00229681 0.00142016 0.00346693 0.00258746 7.99267e-05 0.27218 0.193909 4.24868e-09 
0.010528 0.00854103 0.756308 2.68728e-07 0.00289078 9.60694e-06 0.00248703 0.00259043 0.000967865 0.0807489 0.00408549 0.0393236 0.027664 0.00128056 0.0135119 0.00273966 2.94199e-05 0.0138587 0.0297334 0.00270105 
0.0189389 0.0320953 0.29549 9.56707e-06 0.0234389 0.000341078 0.00870956 0.00364259 0.0567925 0.0499488 2.10017e-06 0.154828 0.0174168 0.000306271 0.132683 0.00421301 7.90775e-06 0.182477 0.0186587 2.76323e-09 
0.0442178 0.00788518 0.32329 0.0169077 0.0071528 9.0323e-08 7.3578e-05 0.0059173 0.0551856 0.0740942 0.00232713 0.0612683 0.0920736 0.000946372 0.0517824 0.00239468 0.02042 0.0852478 0.148816 1.34928e-10 
0.07025 0.0280583 0.27553 0.00208545 0.0145591 8.04334e-06 0.000908775 0.00441992 0.0219359 0.027077 0.000665086 0.122932 0.0118869 0.00183205 0.0230607 0.000487128 0.00729179 0.113282 0.273729 9.91033e-08 
0.000166269 4.0405e-06 0.988924 2.09468e-07 0.000207704 0.000164532 7.09753e-08 4.87006e-05 2.20446e-05 0.000476272 2.1233e-05 0.00068789 0.000284061 6.67874e-06 0.00179009 7.68796e-05 1.15482e-05 0.00156321 0.00554481 2.72337e-11 
7.30741e-07 0.00420047 0.929383 9.0377e-09 0.000532598 0.000454842 4.13574e-06 1.10179e-09 0.0120272 0.0405632 0.000619487 0.00122571 2.24359e-05 4.82028e-09 9.48462e-10 0.00268761 7.65701e-07 0.00122967 0.00704775 1.00116e-08 
0.139903 8.49838e-05 0.19981 3.98416e-05 0.19075 2.38783e-07 0.00055622 1.24734e-07 0.0217494 0.0080994 0.000299381 0.156183 0.0566161 0.120919 0.00590784 0.000209789 0.00543215 0.000531482 0.0929081 2.95483e-10 
0.0024806 0.0870892 0.594368 8.23521e-06 0.00381771 5.03255e-10 3.88881e-10 0.00728696 0.00169975 0.147331 4.14324e-10 0.00353459 0.0016043 0.000452885 3.63215e-06 1.95085e-05 1.14996e-05 0.14665 0.00364226 7.04763e-10 
0.0383302 0.00040857 0.812698 0.00028735 0.00142419 0.000173024 6.47879e-06 0.00086761 0.00232967 0.00281581 0.000201653 0.0129335 0.0287648 0.000387385 0.0265826 0.000938896 0.016893 0.00688756 0.0470674 1.97067e-06 
0.0157253 0.018085 0.516414 2.44531e-05 0.00426347 1.27792e-05 0.00128885 0.0058925 0.0609302 0.0435451 0.00118631 0.0720978 0.00815419 0.000189734 0.050606 0.00278493 1.9106e-05 0.175946 0.0209368 0.00189753 
0.00257058 0.00246509 0.516007 4.62273e-07 0.0111202 0.000100077 2.76104e-05 0.0100714 0.0193567 0.0110436 0.0763774 0.0206379 0.0129348 0.00160791 0.103646 0.0232486 0.000241541 0.13319 0.0553521 2.7315e-10 
0.000978599 3.74177e-05 0.879251 1.86496e-09 0.0128935 2.17687e-07 1.62531e-06 2.27359e-10 0.00190068 0.0733484 0.00561413 0.000450674 0.000542451 9.94681e-10 2.71127e-06 7.57581e-08 3.6071e-10 0.00778639 0.0171917 2.06593e-09 
0.000166269 4.0405e-06 0.988924 2.09468e-07 0.000207704 0.000164532 7.09753e-08 4.87006e-05 2.20446e-05 0.000476272 2.1233e-05 0.00068789 0.000284061 6.67874e-06 0.00179009 7.68796e-05 1.15482e-05 0.00156321 0.00554481 2.72337e-11 
0.00213028 0.00358636 0.538192 7.18125e-07 6.74474e-07 0.00104711 1.34657e-07 6.07502e-07 0.0060725 0.0582885 0.0207527 6.05854e-07 0.350453 2.08838e-07 4.32627e-08 0.00119301 0.000138428 2.52331e-06 0.0181405 1.16211e-10 
3.52617e-06 4.49048e-06 0.860924 2.80833e-06 2.63772e-06 2.88984e-07 1.71642e-10 2.37582e-06 0.0293554 0.0833849 8.96089e-06 2.36938e-06 0.012141 1.49768e-10 2.59358e-07 4.21521e-06 8.1522e-08 9.86821e-06 0.0141526 3.11065e-10 
0.00707956 0.0213431 0.475136 0.000132019 0.00918544 2.3424e-07 0.00133059 0.0276208 0.0127067 0.196046 0.000204967 0.0313053 0.000167909 0.00219715 0.0424792 0.00651379 4.25091e-06 0.161818 0.00472917 4.59699e-07 
0.01334 0.00619063 0.253664 7.18823e-08 0.0939016 6.60573e-06 8.10838e-07 0.0841728 0.0622118 0.114624 7.79965e-06 0.0792799 0.00283314 0.000998265 0.010852 0.0236234 2.52416e-05 0.223822 0.0304454 2.0241e-07 
0.00199435 0.0138399 0.546249 5.82523e-06 0.00221767 1.64405e-06 0.000760666 0.00185024 0.0280532 0.078519 0.00133607 0.0814972 0.0177823 0.000293831 0.0663586 0.00802506 1.60971e-06 0.143902 0.00731108 1.71162e-07 
0.000166269 4.0405e-06 0.988924 2.09468e-07 0.000207704 0.000164532 7.09753e-08 4.87006e-05 2.20446e-05 0.000476272 2.1233e-05 0.00068789 0.000284061 6.67874e-06 0.00179009 7.68796e-05 1.15482e-05 0.00156321 0.00554481 2.72337e-11 
0.0910998 0.00564917 0.426969 0.00037018 0.0609086 1.55991e-12 0.000865826 0.000390466 0.00231725 0.111181 0.000610384 0.174592 0.00229819 1.05178e-12 0.00951318 0.00181764 3.81414e-13 0.0166787 0.094738 2.18451e-12 
0.00973172 0.0371752 0.363199 1.2142e-06 0.00375139 0.000251083 1.01004e-05 0.00374738 0.0489517 0.0180953 0.000698495 0.162978 0.00389838 0.0237928 0.0420045 0.000363057 0.000431771 0.0533931 0.227491 3.51608e-05 
0.033166 0.0136611 0.336014 1.85085e-06 0.00855627 0.00060958 0.000552965 0.0086855 0.0118745 0.219662 0.001185 0.050233 0.14142 0.00203777 0.0321371 0.00700411 0.000197866 0.0342834 0.0987124 5.45123e-06 
0.0266707 0.00441246 0.615754 9.86579e-06 0.0320942 0.0143744 0.000332038 0.0499373 0.000855827 0.0306455 0.00306068 0.0124527 0.0163372 0.00176868 0.00636844 0.00254205 6.90223e-05 0.0641036 0.0903306 0.0278802 
0.0103437 0.000384973 0.872095 0.000141037 0.00365649 8.48385e-05 0.000316228 0.000283208 0.00130086 0.00558887 1.03358e-05 0.0524929 0.000404608 9.0441e-05 0.0321703 0.000526656 7.6791e-05 0.0107298 0.00930249 1.64719e-10 
0.0112363 0.0113109 0.489214 9.50879e-07 0.00958267 0.000299562 0.0078384 0.0389223 0.0034182 0.261205 0.00391509 0.0378688 0.0444165 0.00976482 0.000726569 0.0304582 0.000483453 0.0213721 0.0179658 4.80402e-08 
0.0266908 0.0105552 0.355677 0.00132082 0.0133901 2.1137e-07 0.000142279 0.0422265 0.156688 0.116167 0.000800544 0.0135816 0.00968824 0.000566833 0.0172156 0.0673461 0.0016859 0.142197 0.024059 1.27059e-06 
0.0190227 0.00218448 0.368996 0.000813516 0.0186061 2.89576e-05 0.000152708 0.00176544 0.0277378 0.0504937 0.0030089 0.0456783 0.0277228 0.00307188 0.0623012 0.0263076 0.00611357 0.190464 0.145531 6.6128e-08 
0.0776473 0.0479117 0.204956 0.00027222 0.000407835 1.02322e-06 0.000503677 0.00715706 0.0185188 0.045252 0.00448668 0.204085 0.0096453 0.0782257 0.0241606 0.0966024 0.000687154 0.0320035 0.147477 8.76393e-10 
0.00823598 0.000479535 0.403396 0.00125795 0.035627 7.92572e-05 0.000306689 0.00345575 0.0195073 0.0201976 0.0271099 0.0123611 0.0608748 0.000105941 0.00397998 0.000155247 9.25528e-06 0.206631 0.195016 0.00121417 
0.00676953 0.0023686 0.875501 0.000341404 0.00951428 6.30812e-08 3.64993e-08 0.000918377 0.00892175 0.0379856 4.31317e-07 0.03645 0.00462951 1.60782e-07 0.0032056 0.000487755 2.45396e-07 0.00821631 0.00467181 1.75921e-05 
0.0103939 0.00102216 0.869858 1.68752e-07 0.00262246 1.39871e-09 0.0154407 2.26366e-06 4.46649e-07 0.0192272 0.00309023 0.0358508 0.00472023 6.34938e-07 0.000158792 0.000108344 7.86212e-08 0.0294197 0.00808321 2.904e-07 
0.00025195 0.271426 0.581456 1.03694e-06 5.23522e-06 2.60751e-05 6.33827e-07 0.000805284 1.88015e-05 0.0953795 0.00209573 0.00503273 0.00012334 3.26429e-05 8.67805e-06 0.042675 1.46392e-05 0.000430066 0.000215809 1.14868e-06 
0.00642465 0.0488249 0.433507 0.000100839 0.000487443 0.0244537 4.10678e-05 0.000191205 0.00509153 0.083498 0.000465817 0.0462877 0.1563 0.000167922 0.0201599 0.0276715 6.68779e-06 0.122439 0.0238809 9.61393e-09 
0.000838411 0.0365044 0.727713 2.0037e-06 0.000341165 0.000201195 1.26233e-05 9.45746e-06 0.0113581 0.0907792 5.95564e-05 0.023403 0.0358415 8.59507e-05 0.0131919 0.00170324 0.000161148 0.0549628 0.00282924 2.21962e-06 
0.0425526 0.0505434 0.280714 0.0143306 0.0520931 3.35725e-07 0.0124597 0.00836967 0.0391901 0.147101 3.35808e-07 0.171638 0.0235593 0.00181408 0.0094119 0.0107867 0.00198319 0.0769791 0.0564725 3.35539e-07 
0.000460244 0.0040427 0.561974 1.11978e-07 0.000942687 1.23481e-10 0.000214659 0.0408922 0.002946 0.287611 0.000330419 9.43637e-08 0.00031173 6.88633e-08 0.000419983 0.00308319 5.2966e-06 0.0956968 0.00106871 2.1454e-09 
0.00709475 0.000939129 0.328065 5.50502e-05 0.00439768 0.0147545 6.36575e-05 0.0262953 0.00782908 0.0208576 0.0102888 0.0942578 0.0914155 0.000557342 0.0896291 0.001527 0.000483057 0.0987959 0.202667 2.70181e-05 
0.00417966 0.000618307 0.396651 1.02395e-05 0.000113322 8.81868e-05 0.00105528 1.387e-05 0.0301129 0.0704382 0.000190518 0.0343072 0.00177347 0.000143877 0.154735 0.0069233 1.37306e-05 0.294511 0.00412161 1.78068e-09 
0.000197584 3.79115e-05 0.992872 2.30048e-08 1.25592e-08 2.2925e-11 0.00142224 3.11437e-07 6.14244e-08 0.00459056 1.33416e-07 0.000420268 0.000203005 8.72486e-08 1.92926e-08 3.99283e-05 1.07763e-08 0.000215897 1.57807e-07 3.97196e-08 
0.0203226 0.0151843 0.673084 1.12431e-07 0.00361796 1.50713e-11 6.94116e-07 0.0402277 0.00910566 0.0803174 6.52672e-07 0.109388 0.00358344 4.26807e-07 9.43781e-08 0.00136265 2.64028e-05 7.12286e-08 0.0437775 1.94196e-07 
0.000153645 1.62605e-06 0.449451 0.000177356 6.75873e-06 0.000108355 9.52053e-07 0.00804568 0.0628011 0.0148018 3.47489e-06 0.0292362 1.38607e-07 1.72614e-05 0.0239104 1.89729e-06 3.3244e-07 0.335973 0.0753086 1.32915e-10 
0.010926 0.0370806 0.388836 2.58469e-06 0.000366235 0.00043987 1.81477e-05 7.74432e-05 0.00912177 0.0253846 9.08095e-05 0.0263538 0.0475843 0.000390356 0.164608 0.00248285 6.68859e-05 0.15028 0.135882 7.92264e-06 
0.00928689 0.00209752 0.217002 4.34104e-05 0.000252741 2.52995e-06 0.000353233 0.00107088 0.11166 0.0276672 0.000169673 0.161123 0.0175971 6.16385e-05 0.184031 0.00438371 2.67689e-05 0.116255 0.146917 3.24932e-10 
0.0047055 0.00677014 0.431406 2.76719e-05 0.000814719 2.18145e-06 0.099533 0.130748 0.00012617 0.182224 8.88896e-05 0.0588177 0.00307779 0.000179383 0.00111389 0.0489285 2.79804e-05 0.00539997 0.0260087 1.90962e-08 
0.00814521 0.00123482 0.352199 0.000257662 0.00114425 0.000840705 0.000497743 0.0862121 0.011705 0.0137515 0.00117171 0.0585174 0.0903773 1.64118e-05 0.0979586 0.000271024 3.02634e-05 0.0815704 0.194099 1.84062e-08 
0.000611821 0.000302282 0.730138 0.000279753 0.00121838 6.93869e-05 3.0346e-05 4.02205e-05 0.000124814 0.00304467 0.00163488 0.00111523 0.256386 1.27947e-05 1.12784e-06 0.000629004 2.07862e-06 0.00218639 0.00216136 1.19051e-05 
0.000916085 0.00612577 0.625964 3.59518e-07 0.000700792 1.82628e-06 0.123871 0.00123589 0.0045245 0.0694863 4.08849e-05 0.000310276 0.000919094 3.0564e-05 1.80277e-08 0.0721888 0.0134184 0.0796224 0.000643017 3.91253e-08 
0.0799573 0.00926167 0.137048 0.000244476 0.058514 7.20961e-05 0.00264653 0.0271804 0.106522 0.0865863 0.0189494 0.0323367 0.105537 0.0124115 0.0836657 0.0213129 0.00136138 0.113977 0.102403 1.29892e-05 
0.0073882 0.0173363 0.345567 0.000744704 0.00712465 1.88635e-06 0.0115007 0.0186086 0.0748728 0.139115 0.00321594 0.058619 0.00359202 0.000299372 0.0503359 0.0410552 0.00819443 0.196927 0.0154939 7.57319e-06 
0.0226993 0.0141425 0.357734 0.000850484 0.0168111 0.00065032 0.0015541 0.031856 0.0279613 0.146165 0.00302306 0.0719001 0.0299527 0.010582 0.0601507 0.00660585 0.000610139 0.130722 0.0657548 0.000274652 
0.00997204 0.000312795 0.63269 3.51166e-07 0.0212457 0.181518 1.03994e-05 2.14021e-05 0.0014198 0.0302972 0.0324107 0.0013056 0.00530328 0.000421269 0.00211094 0.000225922 0.000410848 0.000609488 0.0750167 0.0046973 
0.00266534 0.00485308 0.412565 4.14001e-08 0.000539857 1.77421e-08 3.22046e-08 0.00754446 0.0193935 0.102532 1.12533e-05 0.0958809 0.0203026 6.86258e-05 0.236608 0.0164531 7.08731e-06 0.0093162 0.0712535 4.96251e-06 
0.0093739 0.0103669 0.28194 0.000995532 0.00334695 6.65139e-05 8.93173e-05 0.00026893 0.223589 0.0349737 0.00155716 0.0582262 0.0878021 6.65007e-05 0.0220653 0.038537 0.0538203 0.164828 0.00803536 5.15774e-05 
4.56905e-05 0.0125471 0.926553 6.12883e-07 1.06251e-05 2.17462e-06 0.000206319 2.14328e-06 0.000102973 0.050584 9.21499e-07 9.51532e-05 0.0013731 0.00317766 0.000118438 0.000248363 7.58281e-07 0.00100211 0.00392873 2.7944e-07 
0.0150597 0.0154951 0.312765 0.000536662 0.00736128 4.05922e-06 0.00183553 0.00144294 0.00981273 0.255973 0.00139038 0.158549 0.0271824 9.33717e-05 0.0208303 0.104269 1.76885e-05 0.0192079 0.0481734 2.50009e-09 
0.0652453 0.0931287 0.34215 4.20678e-06 0.00864899 0.0897873 0.000205275 0.00675144 0.00960445 0.126046 0.0145075 0.0105713 0.0266126 0.00440153 0.0180245 0.00144058 0.000282928 0.0592947 0.106617 0.0166755 
0.0693294 0.00486424 0.303702 3.42181e-06 0.0151619 1.2824e-06 0.234377 0.0431593 0.010224 0.054038 0.000130498 0.0685058 0.101574 0.000464683 0.0044784 1.54053e-05 0.0002555 0.0343778 0.0531804 0.00215689 
0.095331 0.000887335 0.261292 3.96738e-05 1.27066e-05 6.0508e-07 7.59028e-05 0.226846 0.0394185 0.0232643 1.45335e-05 0.112801 0.0944673 0.000991096 0.0105614 0.115908 8.10827e-05 0.0157546 0.00225232 1.68311e-09 
0.00245451 0.019717 0.431045 8.52449e-11 0.000240662 9.50723e-05 1.92276e-05 0.00758476 0.0450168 0.19103 4.18111e-05 0.0316443 0.105651 0.00123434 0.0675668 0.000127469 3.6856e-05 0.0283468 0.0681478 9.4431e-11 
0.0217319 0.0245893 0.542287 2.10624e-06 0.0217567 4.25655e-10 0.00022492 0.00142849 0.00988164 0.182888 0.00916623 0.041797 0.0376541 0.000285831 0.000952124 0.0331968 0.000507971 0.0446142 0.0270353 5.96092e-10 
0.00431084 0.221178 0.24005 2.24432e-05 0.000526217 1.75204e-06 0.000171629 0.00252278 0.0364521 0.0114065 0.00514977 0.0933055 0.177092 1.4962e-05 0.000113083 2.76321e-05 4.89977e-06 0.0226247 0.185026 5.61723e-09 
0.0229384 0.00310831 0.346505 0.00137768 0.00684243 0.000844593 0.000766509 0.000142591 0.0728366 0.0210879 0.00922512 0.0331007 0.117883 0.0119411 0.12424 0.00158619 0.00377258 0.122231 0.0995706 8.23179e-07 
0.00276165 0.0094533 0.670021 3.3316e-08 2.43348e-05 5.55148e-06 2.03644e-08 5.26332e-05 4.86543e-09 0.0417774 3.00435e-05 0.0263494 0.00161118 1.77692e-08 0.0785532 0.000689636 6.44379e-09 0.000120538 0.16855 3.69062e-08 
0.0157383 0.000247821 0.298964 5.8259e-07 0.0345425 0.201786 1.33386e-07 0.108721 0.0316174 0.213372 4.29665e-07 0.00949104 0.00310581 0.000342058 0.00356152 0.00203888 3.6247e-05 0.0528548 0.0235794 2.54866e-07 
