0.102293 0.0323966 2.91072e-08 1.97021e-07 0.000858031 1.55849e-07 0.0035674 1.04893e-05 2.87728e-08 0.05035 1.28309e-07 9.32592e-05 0.769515 0.000581709 0.028863 6.62945e-05 3.81067e-08 3.10938e-05 3.3862e-05 0.0113389 
0.00542068 0.00307768 4.48426e-06 3.03532e-05 5.62356e-06 2.40102e-05 1.85534e-05 3.70038e-06 4.43274e-06 0.00699012 1.97673e-05 0.0363645 0.00679407 1.61889e-05 0.00134524 8.58054e-06 5.87073e-06 0.939717 0.000115813 3.36241e-05 
2.85491e-06 4.16325e-05 3.34216e-10 1.13316e-06 1.60409e-06 1.7895e-09 2.48006e-06 1.46453e-06 2.14661e-05 6.62347e-06 0.999854 1.08274e-06 4.83988e-06 1.20658e-09 2.37412e-10 8.82552e-07 6.83196e-08 5.88502e-05 9.32604e-07 2.50603e-09 
0.00117852 0.0024378 1.06531e-07 6.41542e-06 2.00004e-09 1.18911e-06 0.000172767 0.452302 0.00197722 0.374222 2.8288e-07 0.00080855 5.40956e-05 0.00121533 0.0127381 0.144702 3.13273e-05 0.00806295 8.89663e-05 8.6159e-12 
0.0232432 0.00136345 3.36046e-08 2.58587e-05 4.21425e-08 0.000588123 0.000504609 2.77303e-08 3.16379e-06 4.99063e-05 1.48134e-07 0.000614299 0.972443 1.21318e-07 9.43844e-06 6.43018e-08 0.000532934 0.000565295 5.58809e-05 2.51976e-07 
0.0232432 0.00136345 3.36046e-08 2.58587e-05 4.21425e-08 0.000588123 0.000504609 2.77303e-08 3.16379e-06 4.99063e-05 1.48134e-07 0.000614299 0.972443 1.21318e-07 9.43844e-06 6.43018e-08 0.000532934 0.000565295 5.58809e-05 2.51976e-07 
0.0145944 0.00389562 2.27731e-07 1.54147e-06 0.000122212 1.21934e-06 9.42223e-07 1.87922e-07 0.00726258 0.000162291 0.000112807 0.000552792 0.97008 8.22146e-07 0.000225371 4.35758e-07 2.98137e-05 0.00218862 0.000766478 1.70758e-06 
0.000137139 3.23891e-06 5.54217e-10 1.87608e-05 6.95026e-10 2.96746e-09 1.37606e-05 4.57337e-10 7.34174e-06 6.9153e-06 2.44307e-09 0.000140372 8.78533e-06 2.00082e-09 3.85034e-05 4.45509e-06 4.78951e-06 2.43056e-10 0.999616 4.15565e-09 
0.0152203 0.000645017 6.30496e-08 1.49718e-05 7.90684e-08 3.37588e-07 3.92635e-05 0.000240086 5.26576e-06 0.00676099 2.77932e-07 3.0159e-08 0.974491 2.2762e-07 5.67229e-05 0.000324804 8.25437e-08 0.00220049 3.27107e-08 4.72761e-07 
0.752684 4.01474e-08 2.61117e-08 1.76746e-07 0.00125747 1.3981e-07 1.08036e-07 2.15472e-08 0.000281373 0.239887 1.15104e-07 0.00104419 0.000916733 1.89477e-05 0.00264505 4.99642e-08 8.89153e-05 0.000832533 0.000342752 1.95792e-07 
0.712085 5.86984e-05 3.37822e-09 2.28665e-08 4.23651e-09 1.8088e-08 7.68885e-05 3.54063e-05 3.33941e-09 9.3811e-05 1.48917e-08 0.00022607 0.28689 1.46473e-05 3.38386e-05 0.000336789 8.88963e-07 0.000147415 1.75265e-09 2.53307e-08 
0.00496099 0.0160288 7.70807e-09 5.21745e-08 9.43254e-06 2.49971e-06 3.18917e-08 6.36065e-09 0.00223057 0.107488 3.39783e-08 0.635803 0.00269574 1.42463e-05 0.196594 0.00695925 1.74836e-05 4.86284e-05 0.0256354 0.00151229 
0.00251098 0.00794081 8.85546e-05 0.000221922 0.000555941 2.53877e-06 0.00277359 0.00610294 0.0690553 0.00666697 0.0130316 0.821556 0.00348005 0.000189026 0.000181605 0.0017814 0.00800574 0.0119902 0.0438613 3.55532e-06 
0.00236589 8.036e-07 5.22659e-07 3.53778e-06 0.0162571 2.79848e-06 2.16247e-06 7.78397e-05 0.00069907 0.00850272 0.0769875 2.50007e-07 0.100936 0.2201 0.000693383 1.0001e-06 6.84258e-07 2.29216e-07 0.573365 3.91902e-06 
0.0152546 3.01049e-05 7.20404e-06 0.00461989 0.000105063 7.3679e-10 0.798143 0.0160922 0.00344976 0.115806 0.000860943 0.0064176 0.0016631 0.00791932 0.0251592 0.00286886 6.25433e-05 8.66309e-05 0.00145421 1.03181e-09 
0.104512 0.00460579 0.000325923 0.00052241 8.62583e-05 4.88853e-06 0.00185437 0.00116172 0.618821 0.0150748 0.00420527 0.0172309 0.104795 0.00129709 0.0293537 0.0033143 0.0166058 0.00402239 0.0715262 0.000679643 
2.29885e-06 1.64166e-05 1.45715e-08 9.86321e-08 1.82737e-08 0.00072324 3.68241e-05 1.20243e-08 5.79857e-05 0.181186 0.00988704 6.97011e-09 0.808032 5.26057e-08 2.18908e-05 2.78823e-08 1.90769e-08 2.51813e-05 1.06104e-05 1.09261e-07 
2.85491e-06 4.16325e-05 3.34216e-10 1.13316e-06 1.60409e-06 1.7895e-09 2.48006e-06 1.46453e-06 2.14661e-05 6.62347e-06 0.999854 1.08274e-06 4.83988e-06 1.20658e-09 2.37412e-10 8.82552e-07 6.83196e-08 5.88502e-05 9.32604e-07 2.50603e-09 
0.0474244 0.00263439 2.62377e-09 1.77598e-08 3.29038e-09 1.40485e-08 0.0536835 0.00148567 4.98966e-06 3.04179e-06 1.79922e-05 1.25505e-09 0.869496 9.47224e-09 1.8638e-09 5.02052e-09 3.435e-09 0.0242226 0.00102695 1.96736e-08 
2.85491e-06 4.16325e-05 3.34216e-10 1.13316e-06 1.60409e-06 1.7895e-09 2.48006e-06 1.46453e-06 2.14661e-05 6.62347e-06 0.999854 1.08274e-06 4.83988e-06 1.20658e-09 2.37412e-10 8.82552e-07 6.83196e-08 5.88502e-05 9.32604e-07 2.50603e-09 
2.84693e-09 5.10347e-09 3.31928e-09 7.38192e-06 4.1626e-09 0.000126322 1.37333e-08 2.73905e-09 1.25877e-05 0.000227968 0.00861669 1.54189e-06 0.982389 1.37501e-05 1.13944e-05 0.00570077 0.0019908 0.000895121 6.48862e-06 2.48887e-08 
0.533947 0.0012496 7.07793e-10 4.79092e-09 8.87619e-10 3.78975e-09 0.000804961 0.000846213 6.99661e-10 0.0310668 3.12005e-09 0.307848 0.0631103 3.58563e-05 0.000897117 0.0328021 9.26632e-10 0.0273922 3.67209e-10 5.3072e-09 
0.0814477 3.74127e-05 2.08476e-07 1.41113e-06 0.0253037 1.11624e-06 0.789922 2.6023e-05 0.000191816 0.0324212 9.1899e-07 0.0185029 0.048368 0.000183089 0.00170031 0.00173583 2.72933e-07 9.14285e-08 0.000154755 1.5632e-06 
5.36588e-13 2.38275e-09 6.25616e-13 2.36814e-08 3.62216e-07 3.34975e-12 0.998877 7.84268e-05 0.000790061 3.01465e-08 2.7578e-12 2.23824e-05 1.54635e-08 4.51235e-09 3.00639e-09 6.77949e-08 6.5831e-06 0.00021805 7.22702e-06 4.69102e-12 
2.10969e-05 0.00024239 8.38706e-08 0.00209894 1.05179e-07 5.31027e-06 0.000359754 4.90939e-05 2.88019e-05 0.000207299 3.69713e-07 3.13112e-05 0.99543 0.000224107 1.99437e-06 1.60485e-07 6.05286e-06 0.00124387 4.8287e-05 6.28882e-07 
0.000261249 3.71654e-08 2.41722e-08 1.63617e-07 1.82185e-05 1.29426e-07 1.00011e-07 7.3823e-05 6.21497e-05 0.999527 1.06555e-07 1.15625e-08 3.16645e-08 8.72658e-08 1.71708e-08 4.6253e-08 3.16459e-08 5.31104e-06 5.14297e-05 1.81249e-07 
2.11532e-06 1.92312e-05 2.6538e-09 0.00356006 3.32804e-09 5.02769e-07 0.000396661 3.89307e-06 2.88894e-06 1.64507e-05 1.16983e-08 1.45954e-06 0.995876 1.7772e-05 1.96335e-07 5.07799e-09 6.00763e-07 9.87183e-05 3.83025e-06 1.98988e-08 
0.000265892 5.53665e-05 1.26792e-09 8.58232e-09 9.04759e-05 0.00023558 5.24595e-09 1.93572e-05 8.17198e-05 0.000184088 0.99827 0.000116265 1.66092e-09 6.31727e-05 5.12491e-05 0.000216657 0.000183924 4.87666e-05 0.000117419 9.50717e-09 
0.0164457 2.86471e-06 4.73777e-08 9.13396e-06 5.91991e-07 6.36755e-10 0.813061 0.00637771 0.00364354 0.125892 0.000577864 0.0025373 0.0015468 7.40996e-05 0.025583 0.00284668 3.87112e-06 3.18151e-07 0.00139692 8.91718e-10 
2.11532e-06 1.92312e-05 2.6538e-09 0.00356006 3.32804e-09 5.02769e-07 0.000396661 3.89307e-06 2.88894e-06 1.64507e-05 1.16983e-08 1.45954e-06 0.995876 1.7772e-05 1.96335e-07 5.07799e-09 6.00763e-07 9.87183e-05 3.83025e-06 1.98988e-08 
0.000353372 0.00690885 1.09184e-07 7.39044e-07 0.00157324 9.29675e-05 5.88592e-05 1.56222e-05 0.0039633 0.149967 0.000194082 0.00231956 0.832442 0.00155499 7.7559e-08 2.0892e-07 0.0002096 0.000344904 5.66454e-08 8.18684e-07 
0.000103426 3.9327e-08 2.55782e-08 1.73134e-07 0.00755494 0.000128371 5.4975e-05 7.97994e-06 5.90169e-05 1.52989e-05 1.12752e-07 0.00122363 0.990762 9.23415e-08 4.37814e-05 4.89433e-08 3.34866e-08 2.27683e-05 2.31559e-05 1.91791e-07 
1.53796e-05 0.00366933 1.71309e-09 1.15956e-08 4.73293e-05 1.23964e-05 1.31685e-05 2.68277e-06 4.32968e-06 8.69406e-07 0.0013835 0.0193263 0.969328 4.72991e-06 1.18092e-06 9.63293e-06 0.000500495 0.00567655 4.35183e-06 1.28451e-08 
8.64479e-05 0.933005 2.95407e-07 2.05806e-06 8.35814e-06 1.58171e-06 1.22223e-06 2.43768e-07 0.000170085 0.0284909 0.000188484 7.52942e-05 0.0365233 3.05034e-05 9.05833e-05 0.000346181 3.86743e-07 0.000880575 9.67184e-05 2.21504e-06 
1.10908e-05 7.60787e-05 3.73253e-08 0.00188547 4.68085e-08 2.75677e-06 0.000245997 0.0269518 1.51427e-05 0.0455288 1.64535e-07 1.60434e-05 0.924786 7.03646e-05 1.04419e-06 7.14213e-08 3.17483e-06 0.000390329 1.51581e-05 2.79874e-07 
0.000101602 0.00173658 3.13974e-06 8.00414e-06 0.00125921 6.33149e-06 0.000255872 9.75793e-07 0.000424911 0.173524 5.21263e-06 0.0446904 0.00303346 0.50032 0.0003312 0.000536197 1.06727e-05 0.201949 0.0717951 8.86668e-06 
0.0422404 0.119795 2.95672e-05 0.00141426 0.0255883 4.36288e-07 0.00331571 0.00285356 0.011561 0.132816 0.00259138 0.022673 0.570952 8.2798e-05 0.01703 0.0143286 0.000274417 0.030571 0.00188246 1.5731e-07 
2.49929e-05 1.4875e-05 1.1797e-09 7.98515e-09 1.47942e-09 4.42785e-06 4.88093e-09 9.73478e-10 3.42858e-05 5.69986e-06 6.86487e-05 0.00683534 0.977975 4.2589e-09 1.27385e-05 2.25732e-09 3.09043e-06 0.0150015 1.89125e-05 8.84564e-09 
8.85027e-05 5.92786e-05 2.26779e-09 1.53503e-08 8.25036e-06 1.21425e-08 9.38287e-09 0.16432 2.24174e-09 9.52715e-10 9.99675e-09 6.83415e-05 0.482933 8.18711e-09 1.90107e-05 4.33937e-09 2.96896e-09 0.3525 3.64848e-06 1.70044e-08 
0.635501 0.0799781 0.000658816 0.0251876 0.00357852 3.95508e-07 0.00141469 0.00107082 0.00514973 0.0170679 0.000574537 0.0952493 0.0300411 0.0103713 0.00586601 0.000857392 0.0208563 0.0369531 0.0283093 0.00131411 
0.000297686 5.31975e-06 1.17681e-10 7.96564e-10 1.4758e-10 4.41703e-07 5.259e-06 9.71099e-11 3.02573e-07 0.293508 1.81616e-06 2.20105e-06 0.25573 1.10503e-06 8.35954e-11 0.449412 0.00103613 9.81107e-08 3.60279e-07 8.82403e-10 
0.0305713 1.02933e-05 1.93484e-10 1.30966e-09 2.1862e-07 1.03597e-09 0.718669 1.59661e-10 1.91261e-10 3.46277e-06 0.00234856 0.013533 0.0276878 6.98509e-10 4.07929e-05 3.70227e-10 2.7889e-07 0.147739 0.0593964 1.45079e-09 
1.75022e-05 3.00569e-07 1.95489e-07 1.32323e-06 0.000164387 1.04671e-06 8.08825e-07 2.6854e-06 3.39662e-05 2.83841e-05 0.000126013 9.53077e-06 0.999576 7.05748e-07 7.74375e-06 3.74064e-07 5.9258e-06 2.18225e-05 1.01421e-07 1.46582e-06 
0.0236095 9.52883e-05 1.75438e-10 8.60876e-08 2.20011e-10 9.39353e-10 0.000251935 0.000246147 1.73423e-10 0.00494387 7.73357e-10 0.022567 0.948285 1.71702e-07 2.92971e-07 3.35698e-10 6.84697e-08 4.24015e-07 2.69779e-07 1.31548e-09 
2.85491e-06 4.16325e-05 3.34216e-10 1.13316e-06 1.60409e-06 1.7895e-09 2.48006e-06 1.46453e-06 2.14661e-05 6.62347e-06 0.999854 1.08274e-06 4.83988e-06 1.20658e-09 2.37412e-10 8.82552e-07 6.83196e-08 5.88502e-05 9.32604e-07 2.50603e-09 
0.0164457 2.86471e-06 4.73777e-08 9.13396e-06 5.91991e-07 6.36755e-10 0.813061 0.00637771 0.00364354 0.125892 0.000577864 0.0025373 0.0015468 7.40996e-05 0.025583 0.00284668 3.87112e-06 3.18151e-07 0.00139692 8.91718e-10 
2.18413e-06 0.00827495 2.54651e-06 0.000305198 0.000651866 1.36348e-05 1.05361e-05 0.200269 0.000421544 0.0210105 0.00650681 1.21809e-06 0.75925 9.19333e-06 0.000433769 0.00233201 4.29739e-05 0.000309849 0.000133536 1.90943e-05 
0.00729734 6.54036e-07 4.25382e-07 2.87934e-06 0.0169111 2.27763e-06 0.00387375 0.000561987 0.00416332 1.78706e-07 1.87515e-06 0.924823 0.0394526 1.5357e-06 0.00126942 8.13961e-07 5.56905e-07 1.86555e-07 0.00163334 3.18962e-06 
0.0152546 3.01049e-05 7.20404e-06 0.00461989 0.000105063 7.3679e-10 0.798143 0.0160922 0.00344976 0.115806 0.000860943 0.0064176 0.0016631 0.00791932 0.0251592 0.00286886 6.25433e-05 8.66309e-05 0.00145421 1.03181e-09 
1.27765e-05 0.000133266 4.82066e-10 3.26302e-09 0.00209015 3.61617e-06 1.99452e-09 3.97798e-10 7.48196e-06 5.54922e-06 3.82715e-06 1.89087e-05 0.996398 2.78627e-06 7.70519e-06 9.31647e-08 0.00131455 1.07842e-06 2.501e-10 3.61464e-09 
0.930111 0.000235635 2.99323e-09 2.02606e-08 3.7537e-09 1.60267e-08 1.23843e-08 2.46999e-09 8.13708e-05 4.08692e-05 3.97156e-06 4.33841e-05 0.0694539 1.0806e-08 2.12625e-09 5.72748e-09 3.92261e-06 2.19234e-05 4.03912e-06 2.24439e-08 
0.940867 0.000120729 6.38946e-09 4.32491e-08 0.00130822 3.42112e-08 3.0022e-06 0.00104801 0.00493848 0.026282 2.81656e-08 0.000627513 0.000345085 4.05434e-05 4.53878e-09 0.0018803 8.365e-09 0.00340622 0.0190604 7.24112e-05 
0.533947 0.0012496 7.07793e-10 4.79092e-09 8.87619e-10 3.78975e-09 0.000804961 0.000846213 6.99661e-10 0.0310668 3.12005e-09 0.307848 0.0631103 3.58563e-05 0.000897117 0.0328021 9.26632e-10 0.0273922 3.67209e-10 5.3072e-09 
0.166819 4.00038e-06 2.75459e-06 9.62168e-06 0.0743089 0.608687 3.29576e-06 1.65742e-05 0.000650411 0.0479288 6.5109e-06 3.15096e-06 0.0256567 1.52214e-06 3.38708e-06 0.00219796 0.0693468 0.00308248 0.00126739 3.16146e-06 
0.894591 5.78777e-10 3.76434e-10 4.58233e-05 4.72074e-10 2.01555e-09 0.000123548 3.10631e-10 3.98816e-05 1.58143e-10 1.65938e-09 2.0322e-06 0.0442024 4.06141e-05 0.00758038 7.203e-10 1.16705e-06 1.64476e-08 0.0533735 2.8226e-09 
0.136612 1.21835e-06 7.92408e-07 5.36367e-06 0.000941274 4.2428e-06 0.00370189 6.5389e-07 0.000131682 0.024758 0.000995039 0.311105 0.37404 0.000102585 0.100875 1.51626e-06 1.03741e-06 0.000132674 0.046584 5.94166e-06 
0.930178 0.0045564 1.85101e-06 1.25292e-05 2.3213e-06 9.91092e-06 7.65847e-06 0.0036674 0.0122612 0.0124428 8.15954e-06 8.85409e-07 0.00703419 6.68248e-06 0.00473488 0.00283705 0.00460674 0.0176164 9.60322e-07 1.38794e-05 
0.0168425 0.0472996 2.48286e-07 1.6806e-06 6.50756e-05 1.3294e-06 8.69784e-05 2.04884e-07 0.00159844 0.00245667 2.45599e-05 0.000116116 0.924646 8.96354e-07 0.00631131 0.000178364 0.000258358 6.72339e-06 0.000103482 1.86171e-06 
2.85491e-06 4.16325e-05 3.34216e-10 1.13316e-06 1.60409e-06 1.7895e-09 2.48006e-06 1.46453e-06 2.14661e-05 6.62347e-06 0.999854 1.08274e-06 4.83988e-06 1.20658e-09 2.37412e-10 8.82552e-07 6.83196e-08 5.88502e-05 9.32604e-07 2.50603e-09 
0.156899 0.671129 1.70324e-08 8.41609e-06 6.11907e-05 9.1197e-08 0.000174119 1.40551e-08 0.00377763 0.00383647 0.00575321 0.0804006 0.0230547 0.000335607 0.0218715 1.04426e-05 2.14754e-05 0.017503 0.0151619 2.09364e-06 
0.0334905 0.00183052 7.18386e-08 5.36823e-06 3.47916e-07 3.05152e-10 0.843965 0.0365991 0.00721117 0.0401474 9.28395e-06 0.00274599 0.00753822 4.91736e-05 0.0141625 0.00933074 0.00177608 0.000427799 0.000710929 4.27338e-10 
0.930111 0.000235635 2.99323e-09 2.02606e-08 3.7537e-09 1.60267e-08 1.23843e-08 2.46999e-09 8.13708e-05 4.08692e-05 3.97156e-06 4.33841e-05 0.0694539 1.0806e-08 2.12625e-09 5.72748e-09 3.92261e-06 2.19234e-05 4.03912e-06 2.24439e-08 
2.85491e-06 4.16325e-05 3.34216e-10 1.13316e-06 1.60409e-06 1.7895e-09 2.48006e-06 1.46453e-06 2.14661e-05 6.62347e-06 0.999854 1.08274e-06 4.83988e-06 1.20658e-09 2.37412e-10 8.82552e-07 6.83196e-08 5.88502e-05 9.32604e-07 2.50603e-09 
0.930111 0.000235635 2.99323e-09 2.02606e-08 3.7537e-09 1.60267e-08 1.23843e-08 2.46999e-09 8.13708e-05 4.08692e-05 3.97156e-06 4.33841e-05 0.0694539 1.0806e-08 2.12625e-09 5.72748e-09 3.92261e-06 2.19234e-05 4.03912e-06 2.24439e-08 
0.262896 0.0773744 1.18209e-08 0.000398619 1.48242e-08 6.32929e-08 0.0174016 9.75454e-09 6.35207e-07 0.0837489 3.67138e-06 0.0227207 0.53026 2.12656e-06 8.39703e-09 5.09487e-06 8.75394e-07 0.00518672 9.04544e-07 8.8636e-08 
1.29017e-06 2.52252e-05 3.41793e-10 2.31353e-09 5.74409e-06 2.01491e-06 1.27415e-06 3.38736e-07 0.00922786 5.42782e-06 4.22018e-06 8.46905e-06 0.990707 5.6773e-06 2.42794e-10 6.54013e-10 4.56465e-06 1.25928e-06 1.77325e-10 2.56284e-09 
0.0753984 9.36001e-06 1.34305e-07 0.000118728 5.474e-05 7.1911e-07 0.00044684 1.82093e-05 0.000346751 0.0100932 0.00822108 0.00209707 0.890897 4.84862e-07 0.000122141 2.56989e-07 1.7583e-07 0.0121219 5.33985e-06 4.73234e-05 
1.10908e-05 7.60787e-05 3.73253e-08 0.00188547 4.68085e-08 2.75677e-06 0.000245997 0.0269518 1.51427e-05 0.0455288 1.64535e-07 1.60434e-05 0.924786 7.03646e-05 1.04419e-06 7.14213e-08 3.17483e-06 0.000390329 1.51581e-05 2.79874e-07 
0.930111 0.000235635 2.99323e-09 2.02606e-08 3.7537e-09 1.60267e-08 1.23843e-08 2.46999e-09 8.13708e-05 4.08692e-05 3.97156e-06 4.33841e-05 0.0694539 1.0806e-08 2.12625e-09 5.72748e-09 3.92261e-06 2.19234e-05 4.03912e-06 2.24439e-08 
0.999935 1.4643e-09 9.52372e-10 6.44644e-09 1.19434e-09 5.0993e-09 3.94039e-09 2.90859e-06 9.41431e-10 3.88135e-06 1.72168e-05 1.50793e-05 9.10847e-06 3.43823e-09 3.18033e-06 1.82235e-09 1.24683e-09 3.25825e-06 1.05742e-05 7.14112e-09 
0.00631932 0.0144541 9.76818e-12 6.61191e-11 1.11936e-07 5.23019e-11 6.98319e-07 0.719655 8.84051e-08 0.200445 9.68383e-10 4.67248e-12 0.000321345 6.95454e-06 4.35171e-06 0.0585101 3.63318e-07 0.000282591 3.69237e-08 7.32441e-11 
0.0870217 0.130468 4.03993e-06 2.15732e-06 0.00101579 9.19702e-06 0.00145528 0.106318 4.90597e-05 0.0416855 0.0221017 0.189662 0.185366 0.00210424 0.16304 0.00297891 0.000310392 0.00326316 0.0559031 0.00724206 
0.000800254 0.0179781 6.05018e-07 0.00115162 3.26493e-05 3.95486e-05 0.832288 4.99257e-07 0.000208402 0.0497254 0.000766398 0.0665262 0.020447 2.18422e-06 8.96055e-05 0.0089869 0.00022496 0.000560117 0.000166756 4.53657e-06 
1.29017e-06 2.52252e-05 3.41793e-10 2.31353e-09 5.74409e-06 2.01491e-06 1.27415e-06 3.38736e-07 0.00922786 5.42782e-06 4.22018e-06 8.46905e-06 0.990707 5.6773e-06 2.42794e-10 6.54013e-10 4.56465e-06 1.25928e-06 1.77325e-10 2.56284e-09 
