0.00260924 0.0238572 0.519864 1.54598e-09 0.000277812 1.22291e-09 0.189733 0.000110543 0.0109671 0.0566682 1.94854e-06 2.28208e-05 0.159282 0.000333867 0.00305441 0.005029 2.93537e-07 1.11802e-06 0.028187 1.71258e-09 
0.00710749 0.0991056 0.23403 0.0021032 0.00155174 4.94861e-05 3.55705e-05 0.00662419 0.00634992 0.134149 0.00036216 0.0296074 0.233113 0.000644138 0.148091 0.00144811 2.83937e-05 0.0353558 0.0602425 6.40443e-09 
0.00158257 0.00575121 0.746192 4.42886e-07 0.0161939 2.83458e-06 0.000234407 1.78973e-05 0.0121711 0.0240032 9.54797e-07 0.0806998 0.0113446 0.0014084 0.00035092 2.57939e-05 0.000460226 0.0421238 0.0574358 3.32416e-07 
0.00777733 0.0233521 0.318147 0.00255246 0.0486185 4.3883e-07 0.000109461 0.0355939 0.000997736 0.268599 0.0132112 0.122702 0.0131694 1.33594e-05 0.00476217 0.0160431 7.2839e-06 0.0498332 0.03371 0.0408007 
0.0242742 0.0142656 0.220074 0.0022996 0.0113234 0.001048 0.000921127 0.185485 0.155029 0.153148 0.00105305 0.0237376 0.0387916 0.00232323 0.0178594 0.0127264 0.00016064 0.0518964 0.0825351 0.00104896 
0.00848617 0.0530959 0.285879 0.00249051 0.00544356 0.00212199 0.000195912 0.0534803 0.0371934 0.211442 0.020248 0.0147461 0.149536 0.015449 0.0395162 0.0116781 0.00805694 0.0434867 0.037452 1.58585e-06 
0.000437703 0.000310132 0.343969 6.60703e-07 0.000148964 1.52044e-06 3.35389e-05 6.3493e-07 0.0210993 0.00432597 9.1386e-07 0.150573 0.0048329 0.000463024 0.27745 0.000471022 3.06243e-05 0.0512325 0.144618 4.92511e-10 
0.0119243 0.00643104 0.293159 1.31643e-05 0.019162 1.56357e-05 0.00410315 0.0236534 0.0538785 0.103346 0.000334475 0.0890511 0.0261548 0.00304724 0.146849 0.0219466 0.0243949 0.113544 0.0589852 6.38732e-06 
0.000166269 4.0405e-06 0.988924 2.09468e-07 0.000207704 0.000164532 7.09753e-08 4.87006e-05 2.20446e-05 0.000476272 2.1233e-05 0.00068789 0.000284061 6.67874e-06 0.00179009 7.68796e-05 1.15482e-05 0.00156321 0.00554481 2.72337e-11 
0.0675616 0.043362 0.279482 0.00067583 0.0010184 0.000122661 2.05199e-06 0.000353899 0.00844907 0.232338 0.000246572 0.0809448 0.200914 2.78904e-05 0.0568923 0.00286097 4.43322e-06 0.0179792 0.00676389 5.70947e-07 
0.0068906 0.0273864 0.263391 3.89276e-05 0.00722551 1.05341e-05 0.000341149 0.00487173 0.00545544 0.262435 0.00019008 0.0917902 0.0039887 0.00296575 0.115792 0.0226191 5.41554e-06 0.136915 0.0476878 1.11499e-10 
0.0550282 0.00261952 0.45935 3.97958e-06 0.00105724 0.000226864 0.000119683 0.000157617 0.0184028 0.0249949 0.0119966 0.00197696 0.0103759 0.00550078 0.0041028 1.1673e-05 2.48749e-05 0.00455338 0.399496 2.32264e-08 
0.00452726 0.00420828 0.544351 0.000226814 0.000199819 6.26081e-06 0.000374948 0.0300981 0.00353863 0.148608 4.6213e-05 0.0916869 0.0842457 0.000205213 0.0200661 0.026111 1.66631e-05 0.0181712 0.023309 2.57045e-06 
0.0220403 0.0301054 0.339868 9.87398e-06 0.00445858 1.76791e-05 0.0017815 0.00656574 0.0503111 0.190892 0.0282556 0.135525 0.0270015 0.0161571 0.0498014 0.00518562 0.000306535 0.0361132 0.0553654 0.000238037 
1.62426e-06 0.00290909 0.588363 5.23394e-08 0.00111398 7.11905e-06 3.05436e-10 0.000210013 0.000914518 0.0758541 1.5506e-07 0.0266801 0.0599255 2.53714e-07 0.107321 0.000747183 3.69526e-06 0.110596 0.0253524 5.53537e-10 
0.000166269 4.0405e-06 0.988924 2.09468e-07 0.000207704 0.000164532 7.09753e-08 4.87006e-05 2.20446e-05 0.000476272 2.1233e-05 0.00068789 0.000284061 6.67874e-06 0.00179009 7.68796e-05 1.15482e-05 0.00156321 0.00554481 2.72337e-11 
0.0160232 0.00393619 0.711167 1.81093e-06 0.00202162 2.50884e-05 0.012528 0.000353976 0.00230206 0.0433142 0.00443063 0.00567648 0.00598479 2.53984e-08 0.164838 0.00370175 8.9775e-06 0.0111186 0.012568 7.71426e-11 
0.139903 8.49838e-05 0.19981 3.98416e-05 0.19075 2.38783e-07 0.00055622 1.24734e-07 0.0217494 0.0080994 0.000299381 0.156183 0.0566161 0.120919 0.00590784 0.000209789 0.00543215 0.000531482 0.0929081 2.95483e-10 
8.1293e-07 0.00103513 0.419832 1.09818e-07 0.000123891 4.31217e-07 6.45689e-05 1.80087e-07 0.0516704 0.00492578 2.59172e-07 0.0131733 0.0385506 0.00302451 0.258676 0.00093458 4.66902e-05 0.161718 0.0462232 7.3105e-11 
0.0239391 0.00697984 0.304859 0.000809045 0.0154013 0.000420158 0.00408914 0.00395062 0.11375 0.0628045 0.00911503 0.179207 0.0514668 0.000417219 0.0304642 3.02975e-08 0.000121214 0.0241343 0.167966 0.00010549 
0.00511876 0.000715945 0.624138 5.50297e-05 0.00652464 0.000218635 0.000945807 0.012495 0.163067 0.0115354 0.000104773 0.0239092 0.0106135 9.61968e-05 0.0451697 0.000946563 7.27015e-05 0.0517627 0.0425103 2.02417e-08 
0.00127002 0.000148254 0.778067 4.60107e-09 0.000302014 1.6536e-12 1.27778e-12 1.44501e-08 0.00626384 0.00230818 1.36138e-12 0.0618062 2.46821e-09 6.01114e-05 0.104581 2.08611e-08 6.87748e-10 0.0386436 0.00655019 2.31571e-12 
0.118175 0.00687143 0.314492 2.10916e-05 0.000645503 1.39391e-05 0.00258891 0.00219122 0.0280601 0.141726 0.0315712 0.0541927 0.00779437 0.0823213 0.0394907 0.0841356 0.000255096 0.017614 0.0678387 7.13627e-07 
0.00760714 0.0253902 0.63263 2.45671e-05 0.00371463 1.0091e-06 0.000435361 0.0492118 0.0293364 0.0409189 0.00019829 0.0613311 0.0227049 0.000148554 0.0498843 0.00081406 4.31149e-05 0.0420321 0.0335721 1.77298e-06 
0.0526504 0.000148922 0.537617 6.24893e-05 0.0140459 0.0624311 2.35316e-06 0.000959782 0.0620536 0.00664179 0.212019 0.000861963 0.00525809 0.000683647 0.000250942 0.000606787 0.00234108 0.00333921 0.0344526 0.003573 
0.00148319 0.061289 0.481759 1.6953e-07 9.38604e-06 7.2157e-06 4.10354e-05 5.6822e-06 4.2123e-05 0.270912 1.10405e-07 0.0379909 0.104137 0.000201968 0.000139273 0.0310461 6.21561e-05 8.5723e-06 0.0108643 1.87799e-07 
0.00198048 0.00352621 0.679411 2.04555e-07 0.00153711 5.33057e-06 4.01385e-05 0.000901344 0.000270087 0.0793811 6.40159e-06 0.0722789 0.0172927 0.00361282 0.0698022 0.00142463 0.000743039 0.0649705 0.00281536 9.39837e-09 
0.00405701 9.04352e-06 0.455801 5.66078e-06 5.3125e-06 4.75788e-07 3.90431e-09 4.78474e-06 1.51537e-05 0.19912 1.80478e-05 4.77148e-06 0.333495 3.40675e-09 1.37994e-06 8.48955e-06 1.23542e-09 1.98714e-05 0.00743392 7.07574e-09 
0.00140621 0.00639533 0.451923 1.34387e-08 0.0506977 1.06304e-08 1.97636e-06 0.133924 0.000733976 0.266385 1.31937e-07 0.00494666 7.95989e-05 1.67446e-06 1.41032e-09 0.0406262 2.59923e-09 0.0428758 2.77243e-06 1.48869e-08 
0.0312359 0.00132578 0.432908 0.00320148 0.00427023 2.3152e-06 0.00016252 0.00019939 0.127813 0.215722 0.000529601 0.0296437 0.00168302 0.0172841 0.00205358 0.000292205 0.00126029 0.0136282 0.116785 1.62954e-08 
0.000916085 0.00612577 0.625964 3.59518e-07 0.000700792 1.82628e-06 0.123871 0.00123589 0.0045245 0.0694863 4.08849e-05 0.000310276 0.000919094 3.0564e-05 1.80277e-08 0.0721888 0.0134184 0.0796224 0.000643017 3.91253e-08 
0.0989522 0.0184009 0.198388 0.00224192 0.0669064 1.63692e-07 0.00438849 0.00660466 0.0146999 0.156213 0.00356952 0.183451 0.0127159 1.63766e-07 0.0351378 0.00935528 1.63863e-07 0.0592171 0.129756 1.63601e-07 
0.418965 0.00459979 0.515756 4.59699e-09 0.0069917 3.63634e-09 3.56887e-05 5.60424e-10 1.24205e-05 0.0301386 3.86224e-05 0.0139413 6.32547e-05 2.45182e-09 4.82431e-10 1.29952e-09 1.06784e-06 2.80571e-05 0.00942889 5.09237e-09 
0.0143073 0.0250224 0.152779 0.00156768 0.00361011 9.13632e-05 0.000166764 0.0689368 0.11352 0.0976985 0.0327262 0.054197 0.059087 0.00315624 0.14434 0.0161963 0.00396875 0.125675 0.0829535 2.32093e-07 
0.0124526 0.0179763 0.397388 1.42469e-05 0.00160432 0.000816334 0.000298933 0.00500535 0.159809 0.0631187 0.00329715 0.0438433 0.0427981 0.00155792 0.0981808 0.00152012 0.000209795 0.0924558 0.0575786 7.45396e-05 
0.00977407 0.0249425 0.293491 1.54292e-07 0.0193249 8.62997e-07 1.92894e-10 0.0281324 6.37579e-08 0.213952 9.23073e-07 0.00421687 0.231573 6.17325e-05 0.00417598 1.01936e-06 6.10364e-11 0.036639 0.1337 1.39286e-05 
0.00124559 0.00365585 0.92672 0.000217101 0.00412252 8.54391e-07 6.60215e-07 1.31677e-07 0.00219271 0.00236646 0.00204059 0.00373254 0.0244359 5.76077e-07 0.0102925 3.05335e-07 0.000564259 0.00235843 0.0160524 1.1965e-06 
0.0157953 0.0107315 0.727068 1.66391e-05 0.00709589 5.23496e-07 0.00128222 0.0042841 0.00832809 0.0828669 0.00464016 0.0423804 0.00964811 0.000535113 0.0153609 0.00337277 2.6374e-05 0.0487696 0.017796 1.296e-06 
0.0343162 2.14571e-05 0.366608 9.47392e-06 0.109418 1.45111e-06 0.019936 0.000154889 0.000827234 0.0035326 2.537e-05 0.00970307 0.164436 3.0704e-05 0.0499304 3.22377e-09 0.00053401 0.00622753 0.0859592 0.148328 
0.00418537 0.0036008 0.297869 0.000175937 0.0667798 1.06213e-05 4.21596e-07 0.193066 0.00421592 0.0129815 0.00045265 0.150814 9.48734e-05 0.000187947 0.0623257 0.0767084 6.04959e-07 0.0574034 0.0691263 2.38611e-09 
0.0572463 0.0948013 0.243287 0.00193572 0.00419965 3.22683e-07 0.000968681 0.0240684 0.0173803 0.228494 3.22763e-07 0.0336664 0.0644431 0.00490734 0.0543731 0.0230282 0.00287521 0.0673006 0.0770239 3.22504e-07 
0.000403652 0.014332 0.38852 2.84305e-10 5.48408e-05 1.35058e-06 4.12146e-07 6.18906e-05 0.000176952 0.19103 0.000652233 0.0133673 0.317551 0.000602464 0.00394445 0.0655163 1.72914e-05 0.00287779 0.00089005 3.14942e-10 
0.0699795 0.0122528 0.327733 0.000385484 0.0687284 4.46785e-08 0.00086713 0.000399371 0.00281145 0.147381 0.00179527 0.168808 0.0390482 2.15448e-05 0.000124126 0.0114755 4.44932e-05 0.132489 0.0156562 1.51713e-10 
0.00212343 0.0194205 0.411914 4.49409e-08 0.00271368 1.05847e-06 0.00592385 0.0559682 0.0449794 0.287104 0.00294869 0.0337052 0.0792347 0.00759647 0.00190566 0.00585667 3.3753e-05 0.0238641 0.014706 9.0286e-10 
0.00388307 8.73531e-07 0.629826 2.58016e-10 5.62203e-08 2.04098e-10 0.00091816 3.01196e-07 0.0182643 0.00755517 1.7398e-07 0.00180625 0.00554178 0.000443006 0.252087 0.0333926 5.70394e-08 0.0462801 1.96057e-06 2.85821e-10 
0.00342026 0.012194 0.810636 0.000243413 0.000637482 4.5899e-07 0.00393229 0.00152071 0.00102073 0.0521548 5.07745e-05 0.0811759 0.00176641 3.55428e-05 0.00352882 0.00012851 1.24187e-06 0.00947251 0.0180805 2.43248e-08 
0.0346382 0.0546659 0.20417 9.0807e-06 0.0114406 0.000152282 0.00253745 0.0088279 0.00775604 0.100977 9.45197e-05 0.161975 0.0146438 0.000219014 0.144091 0.0369612 0.0267277 0.108465 0.0816425 6.37594e-06 
0.0211654 0.0132979 0.333529 2.32677e-05 0.00446598 0.000147752 7.27324e-05 0.00128009 0.199059 0.0922562 0.000234428 0.0457776 0.0359544 0.000513864 0.0516612 0.0118203 0.000180282 0.141973 0.0465785 8.80927e-06 
0.0796758 0.00555298 0.576207 0.000129332 0.00580615 1.5672e-06 6.15568e-07 4.97109e-08 0.0300263 0.0503658 0.00862492 0.0792824 0.00172135 3.82343e-08 2.8592e-07 0.00085561 1.12515e-08 0.147406 0.0143436 6.50863e-12 
0.0108535 0.0012799 0.301183 0.000362225 0.0879489 0.000163485 0.000283537 0.0423211 0.00239865 0.119665 0.0169622 0.0667874 0.0644301 0.00261747 0.0746549 0.00775626 5.56441e-05 0.114981 0.0852966 3.64846e-07 
0.056635 0.0105063 0.677038 1.95637e-05 0.00676277 3.32041e-05 0.000272552 0.000467227 1.85612e-05 0.0189045 2.02044e-05 0.0732822 0.0329435 0.000115071 0.0367661 2.28897e-05 2.52209e-06 0.0470126 0.0391767 1.98682e-07 
0.418965 0.00459979 0.515756 4.59699e-09 0.0069917 3.63634e-09 3.56887e-05 5.60424e-10 1.24205e-05 0.0301386 3.86224e-05 0.0139413 6.32547e-05 2.45182e-09 4.82431e-10 1.29952e-09 1.06784e-06 2.80571e-05 0.00942889 5.09237e-09 
0.00655048 0.0171877 0.573508 1.07238e-05 0.00353365 4.61892e-06 7.69538e-05 8.31811e-05 0.000763353 0.0874238 0.000198916 0.112757 0.0610545 2.75159e-05 0.0855905 0.000906379 8.65933e-06 0.00498601 0.0440496 0.00127783 
0.000166269 4.0405e-06 0.988924 2.09468e-07 0.000207704 0.000164532 7.09753e-08 4.87006e-05 2.20446e-05 0.000476272 2.1233e-05 0.00068789 0.000284061 6.67874e-06 0.00179009 7.68796e-05 1.15482e-05 0.00156321 0.00554481 2.72337e-11 
0.0905259 0.0089909 0.251588 0.00386382 0.0578484 2.63226e-05 0.00327298 0.00364216 0.135619 0.116768 0.0121515 0.0779231 0.0337148 0.00580129 0.0879445 0.0386488 0.00101466 0.0421052 0.028551 2.54071e-08 
0.0270748 0.0430967 0.392503 1.47319e-05 0.00224331 7.90226e-07 0.206667 0.0302837 0.0247448 0.115806 0.0012315 0.0362414 0.00695504 0.0208173 0.04732 0.00404454 0.000712776 0.0099606 0.0302663 1.53781e-05 
3.12228e-11 0.00030874 0.264773 1.00109e-07 0.00139773 0.000130033 1.50616e-10 0.00997954 0.147795 0.0488405 2.98237e-07 0.00190923 0.0385974 0.000123526 0.0938546 1.28455e-06 0.000503678 0.246636 0.145149 2.72959e-10 
0.0458638 0.00987735 0.198871 0.000126464 0.00624983 0.000921545 0.0491199 0.0159359 0.0969541 0.0422229 0.0344794 0.047163 0.0291239 0.0887881 0.0926252 0.0078846 0.0512237 0.0803965 0.102172 4.17686e-07 
0.0101202 0.00188804 0.58338 4.22124e-06 0.0049844 2.28284e-06 1.85763e-05 0.000815799 0.0216223 0.0302637 0.00367736 0.014708 0.00508033 8.72922e-06 0.00794539 0.000311141 2.28164e-05 0.314501 0.000645604 4.07873e-07 
0.168337 0.00136307 0.454449 0.00745855 0.00568892 0.0804474 1.52686e-05 0.000240655 0.0339414 0.0038591 0.0921113 0.00214981 0.0691775 0.0031258 0.00599371 3.18477e-05 0.022372 0.00247027 0.0467666 6.44079e-07 
0.00357078 0.027915 0.229618 1.58728e-06 0.00529004 8.30126e-10 7.48768e-07 7.21311e-07 7.98065e-07 0.0659074 8.42405e-07 0.178381 0.187022 5.59716e-10 0.215625 0.000448811 1.5515e-07 0.055258 0.0309584 1.16252e-09 
0.147315 7.86486e-06 0.447833 1.46088e-05 1.65422e-06 2.13959e-09 8.89506e-05 3.29748e-10 8.80916e-06 1.47732e-05 1.7615e-09 0.0541275 0.135591 3.17522e-06 0.0568382 7.64629e-10 4.19045e-07 0.158155 1.03865e-07 2.99631e-09 
0.0455859 0.00797925 0.494397 0.000509667 0.000481837 6.39478e-07 0.0564362 0.00985531 0.0102913 0.0774482 0.00214312 0.00533472 0.00657531 0.00600102 0.00183996 0.157265 0.0112743 0.0945239 0.0120568 2.23916e-08 
0.0430759 0.0328403 0.354046 5.78229e-05 0.00255424 0.0062978 0.00132269 2.01167e-05 0.0186073 0.100538 0.0744199 0.0282562 0.24971 0.000952459 0.00357473 8.84823e-05 0.000209876 0.0573667 0.0260609 1.76431e-07 
0.00108814 0.0610654 0.672756 2.02419e-07 0.000243728 2.79483e-07 0.000443675 0.000370576 0.0118578 0.0657921 1.96465e-05 0.0247966 0.00421458 0.00357195 0.0718847 0.00319271 6.09947e-06 0.075284 0.00341135 3.23923e-07 
0.00955637 0.00313564 0.341493 3.56179e-05 0.0189134 0.000383343 0.00241936 0.0105384 0.0174467 0.0272891 0.0244346 0.258423 0.00701057 0.00344453 0.0627198 0.00492608 0.00342698 0.0976951 0.106414 0.000294118 
0.0267554 0.0433815 0.480317 9.5039e-07 0.00063816 3.47701e-05 0.00828342 0.018261 0.0197879 0.081645 0.00923982 0.0555415 0.044301 0.0456231 0.124088 0.00183864 0.000260757 0.0140989 0.0259037 2.81052e-07 
0.0800921 0.00352931 0.595516 6.55919e-05 0.00560937 2.33004e-06 0.0174361 3.46404e-05 0.00128239 0.0281366 0.00535544 0.0437535 0.102488 0.00186974 0.0276923 1.44519e-05 5.67473e-07 0.0289569 0.0581646 1.97311e-08 
0.00343576 0.0543691 0.279243 8.61041e-07 0.0123761 4.5603e-06 0.0995897 0.0262404 0.0880548 0.198603 0.00526841 0.0548968 0.0242135 0.0067617 0.00895203 0.00569119 0.0013746 0.0960942 0.0348305 7.7486e-10 
3.23609e-06 5.80108e-06 0.986639 2.55388e-05 4.73159e-06 2.02018e-05 1.56106e-05 3.11346e-06 0.0108197 0.00237918 1.66319e-05 1.80477e-06 4.94246e-06 1.36212e-05 2.68017e-06 7.21956e-06 4.93956e-06 1.65468e-06 1.95747e-06 2.82909e-05 
0.146826 0.0480862 0.21877 1.11006e-08 0.0733243 0.000552177 8.86095e-08 1.35328e-09 0.000499127 0.00077865 1.46663e-07 0.0382577 0.117277 0.000533591 0.000858176 3.13803e-09 2.61209e-05 0.218587 0.135623 1.22968e-08 
0.0208993 0.00804651 0.529803 0.000344219 0.00336042 4.49422e-05 0.00352828 0.0271773 0.00203124 0.0349548 7.48683e-05 0.0474557 0.00115906 0.000321969 0.178108 0.00363722 5.17423e-05 0.0607627 0.078238 5.12918e-08 
0.00783779 0.0653509 0.485805 2.24254e-05 0.00388504 0.00120914 7.64791e-05 0.0985159 0.00112236 0.188555 0.00255319 0.006044 0.0284162 0.000627285 0.0149403 0.0112946 0.000110634 0.0371308 0.0465021 4.74338e-10 
0.066763 0.00273055 0.641737 0.000160168 0.00259358 0.000709233 0.000495088 5.4869e-05 0.00798088 0.167888 0.000312639 0.0544831 0.0101812 0.000236494 0.00986653 0.00112499 0.000153435 0.017044 0.0150504 0.000435823 
0.00593768 0.0458046 0.390015 7.53862e-07 0.00613378 0.000267281 8.60508e-05 0.000550072 0.00393609 0.0163152 0.000750821 0.0329413 0.107867 0.000170904 0.0930587 0.00215311 5.23894e-06 0.278015 0.0159919 1.36992e-08 
0.0155292 0.0148612 0.404926 1.02676e-06 0.013768 1.0909e-10 0.000425801 0.000397512 0.000531699 0.10808 0.00106446 0.221899 0.00220663 1.59571e-07 0.0413996 0.000673962 2.66735e-11 0.127966 0.0462698 1.5277e-10 
0.135356 0.116902 0.269408 4.81428e-05 0.0106295 0.0015407 0.00346152 0.00101415 0.00742735 0.0446728 0.00413701 0.0570922 0.0118723 0.000590904 0.0411535 0.00628631 2.60736e-05 0.245784 0.042594 2.68173e-06 
0.000845655 0.0340912 0.564701 5.24029e-06 0.000331647 7.47335e-09 0.000295464 9.0612e-05 0.0827653 0.0411998 0.00270739 0.0414626 0.000514557 0.00781003 0.125495 0.004657 5.27106e-06 0.0891898 0.00383243 1.04658e-08 
0.0142665 0.207795 0.227585 0.000181219 7.56269e-07 4.79657e-08 0.000130048 0.0210986 0.00175291 0.117587 0.00279908 0.0359624 0.208293 0.0022064 0.00400112 0.0113408 5.88909e-06 0.138648 0.00634725 2.40628e-07 
0.0227859 0.205424 0.259956 9.70385e-09 0.00176042 1.58398e-05 0.000256694 0.0133816 0.0246487 0.0304865 0.000735728 0.077582 0.141815 5.64358e-05 0.144469 0.000330063 3.15629e-07 0.0471932 0.0290285 7.38315e-05 
0.00863834 1.83761e-06 0.262656 4.4919e-11 0.0023047 3.55321e-11 5.21706e-07 6.33592e-07 0.025549 0.0122465 0.00168254 0.205023 0.207882 0.00161684 0.239644 1.63742e-05 0.000167984 0.0325656 4.12459e-06 4.97595e-11 
0.0087126 3.82255e-05 0.284649 3.30378e-05 0.130126 0.154804 1.79134e-06 0.0246903 0.00205614 0.000305517 0.000487427 0.0243098 0.086523 0.000175515 1.14583e-05 0.000583144 0.000335844 0.0145908 0.267142 0.000424071 
0.00683964 0.00645346 0.43359 1.51061e-07 0.00271959 0.000305425 2.36806e-05 3.10466e-06 0.0156152 0.0471228 8.56687e-05 0.00586466 0.354535 0.00727539 0.0466223 7.92927e-05 0.000982288 0.0423838 0.0256024 0.00389585 
0.0583576 0.00299407 0.284123 0.0533564 0.00212526 3.32804e-06 0.000748497 0.00563408 0.0571926 0.0108666 0.0011702 0.149072 0.00312663 0.000293413 0.0654595 0.000171793 2.62629e-05 0.210937 0.0940569 0.000284273 
0.033166 0.0136611 0.336014 1.85085e-06 0.00855627 0.00060958 0.000552965 0.0086855 0.0118745 0.219662 0.001185 0.050233 0.14142 0.00203777 0.0321371 0.00700411 0.000197866 0.0342834 0.0987124 5.45123e-06 
0.0145243 0.00193906 0.279414 0.00022611 0.0184691 0.001471 0.000381564 8.94288e-05 0.126333 0.0325895 0.000325086 0.0276848 0.0787705 0.0327673 0.00119659 0.000958054 0.000298761 0.142065 0.240459 3.79346e-05 
0.00450467 0.00285309 0.772688 0.00103648 0.0109431 5.84008e-10 4.92761e-07 3.88062e-05 0.00341224 0.164999 4.27142e-07 0.0176843 0.00379228 2.54851e-07 0.00498359 4.85309e-07 5.51185e-07 0.00739731 0.00566433 8.17851e-10 
0.00586978 0.00314372 0.475916 7.31441e-07 0.00344311 0.000134308 4.66094e-05 0.00494553 0.00897165 0.0808214 0.0155892 0.0408463 0.0630182 0.000305964 0.145169 0.0016901 0.000191287 0.0854875 0.0644093 3.22001e-09 
0.0466158 3.83105e-06 0.515431 0.000774503 5.56094e-06 7.60884e-05 0.0719461 9.49973e-06 7.94486e-06 0.0748274 8.55034e-06 3.22354e-05 8.19347e-06 0.0325664 0.0597647 0.073439 5.4783e-07 0.124477 5.93187e-06 9.53246e-09 
0.00281477 0.00123625 0.72947 0.00113078 0.000503983 0.00410312 0.00124315 0.0153017 0.0487025 0.118502 0.00959466 0.00467892 0.0272374 0.000270675 0.00172308 0.0104599 0.000514402 0.00233971 0.0201731 1.00769e-07 
0.0289921 0.00797287 0.303674 1.44756e-07 0.0016239 3.72958e-07 7.91569e-05 0.00126722 0.237528 0.0388446 0.000153252 0.0398167 0.00550244 0.0010982 0.0122017 0.00374873 0.000865327 0.201225 0.11537 3.66027e-05 
0.0753561 0.00496845 0.244313 0.00771456 0.00785765 5.02176e-05 0.00182448 0.00397898 0.117444 0.147819 0.000543945 0.0641884 0.0452044 0.0377426 0.0713811 0.00215523 0.00982133 0.0315546 0.126072 1.06397e-05 
0.0543616 0.004895 0.447262 5.29621e-09 0.0103407 0.000115947 0.000519393 5.08032e-07 0.00158108 0.0213612 0.0681595 0.0781597 0.27781 0.00229179 0.0116247 0.00335534 1.89867e-05 0.00377072 0.00589903 0.00847364 
5.50231e-06 4.5595e-05 0.309502 5.45005e-06 0.00209126 0.0022565 7.1878e-08 0.0149311 9.85823e-06 0.27169 0.000108528 0.000731848 0.145861 0.00132933 4.32051e-06 0.0614383 4.81668e-06 0.024146 0.041705 0.124134 
0.225352 0.00422443 0.278206 0.0721708 0.0233207 8.352e-06 0.000231413 0.00131853 0.00539881 0.011871 0.00216504 0.137964 0.038675 0.000543453 0.0135508 0.00134659 0.034219 0.0240345 0.125399 1.73028e-08 
0.0262486 0.000574619 0.409992 1.68202e-08 0.0123183 2.03841e-06 8.00651e-07 2.98137e-08 0.00310751 0.036656 2.28938e-07 0.180762 2.19479e-07 4.97302e-08 0.0182228 0.000194926 3.51375e-05 0.293069 0.0188153 8.46558e-12 
0.000944007 0.00140664 0.90659 2.517e-10 7.10397e-05 1.99101e-10 0.000874456 0.0190294 0.000116249 0.0227393 0.0305955 0.00667805 0.000634419 0.000112554 2.11832e-07 0.00440235 0.000222239 0.0054264 0.000124101 3.33829e-05 
0.00306861 0.0290977 0.450243 3.91875e-08 0.0963644 7.89869e-08 0.0056078 0.0107811 0.000771299 0.126708 5.32916e-05 0.0149665 0.0174363 1.87791e-07 0.0191969 0.00141154 3.51492e-06 0.195735 0.0285543 1.00772e-08 
0.0328203 0.00192093 0.581205 1.30062e-06 2.01556e-06 1.61332e-07 5.52542e-07 0.0100802 0.00149824 0.031686 0.00140425 0.0388891 0.000305622 0.0110733 0.126868 2.7159e-06 4.07257e-07 0.144499 0.0177434 6.22365e-09 
0.000698999 0.0121514 0.329352 6.98594e-08 0.00841273 9.01199e-09 0.000449494 0.218212 0.0112365 0.287761 3.99799e-07 0.00578125 5.61623e-07 1.31274e-05 0.0019728 0.0192865 2.89346e-06 0.102333 0.0023353 1.35294e-10 
0.0304553 0.00680961 0.249937 0.00350491 0.00741278 9.02607e-05 0.00699148 0.0125655 0.0554843 0.0648079 0.00310495 0.0998851 0.0117087 0.0148782 0.156995 0.0141318 0.00373982 0.163389 0.0937498 0.000359065 
0.000166269 4.0405e-06 0.988924 2.09468e-07 0.000207704 0.000164532 7.09753e-08 4.87006e-05 2.20446e-05 0.000476272 2.1233e-05 0.00068789 0.000284061 6.67874e-06 0.00179009 7.68796e-05 1.15482e-05 0.00156321 0.00554481 2.72337e-11 
0.0465577 0.00991234 0.473371 9.19699e-05 0.0485895 0.000250021 0.000860199 0.000100605 0.0217711 0.216758 0.0471159 0.0114666 0.0919863 0.0108564 0.00236505 0.00458737 0.00140373 0.00947281 0.00231746 0.000165655 
0.012916 0.00631773 0.469155 1.6901e-06 0.008072 1.10616e-05 0.00277439 0.018404 0.0189813 0.0881425 0.0109658 0.0355629 0.0154439 0.000106172 0.0312179 0.0181852 4.82918e-05 0.254425 0.00926899 1.00525e-08 
0.0896631 0.00858256 0.267049 0.000354587 0.0111134 1.9627e-10 0.00134854 0.00474254 0.00347977 0.0701289 0.00111429 0.189928 0.00520893 0.000205012 0.0219568 0.048894 2.22011e-05 0.258243 0.0179654 2.74859e-10 
0.0550794 0.00934045 0.342783 3.6561e-06 0.0184441 3.90819e-05 0.0401515 0.0472616 7.88896e-06 0.081196 0.0204765 0.135451 0.095504 0.00199793 0.0238064 0.0127498 3.0286e-05 0.0292229 0.0864541 2.66827e-09 
0.12052 0.0107306 0.284887 8.26604e-08 0.0047839 1.63059e-10 1.68854e-06 1.38241e-07 6.08126e-07 0.0234416 3.31597e-06 0.25662 0.0125342 1.09943e-10 9.34563e-07 0.000787294 3.98696e-11 0.277637 0.00805109 2.28349e-10 
0.000917642 0.00554666 0.965519 5.67491e-07 0.00451763 1.3086e-10 0.000371259 0.000236171 0.00071466 0.0130671 1.43822e-08 0.00209571 0.000450948 3.83542e-08 3.90585e-08 0.00065899 1.51936e-08 0.00590294 1.71096e-07 1.83257e-10 
0.00705432 0.0102804 0.516178 2.99716e-05 0.000364497 0.000163743 0.00607399 0.000144387 0.0120473 0.010908 0.000733074 0.171442 0.0244262 0.000115527 0.065885 0.000240338 8.67285e-05 0.141994 0.0318324 2.99507e-07 
0.123836 0.0136126 0.530189 3.63668e-06 1.87915e-06 7.56828e-10 0.0530196 1.1664e-10 5.31095e-07 0.0570446 2.43066e-06 6.72076e-06 0.106891 5.10294e-10 2.07855e-06 8.81756e-06 2.9627e-07 0.115381 7.33331e-11 1.05987e-09 
0.000166269 4.0405e-06 0.988924 2.09468e-07 0.000207704 0.000164532 7.09753e-08 4.87006e-05 2.20446e-05 0.000476272 2.1233e-05 0.00068789 0.000284061 6.67874e-06 0.00179009 7.68796e-05 1.15482e-05 0.00156321 0.00554481 2.72337e-11 
0.0793334 0.0108063 0.322229 0.00173292 0.0227018 5.77184e-06 0.00129745 0.0248717 0.0516129 0.0487752 0.0716554 0.0666687 0.0337438 0.00833179 0.106964 0.001831 0.00314025 0.0507458 0.0935521 5.08026e-07 
0.00335224 0.0154002 0.91791 6.37235e-05 0.000187325 9.74752e-07 0.00151712 5.28415e-07 0.000334599 0.0418858 5.22999e-07 0.0023594 0.0129757 0.000103062 0.000874894 1.17271e-06 2.7695e-06 0.00301194 1.84431e-05 3.16784e-09 
0.00645763 0.000328441 0.517364 1.126e-05 2.21714e-05 3.57163e-08 7.48398e-06 0.0215921 6.59393e-09 0.397458 0.0211962 3.19078e-09 0.000735621 2.40818e-08 0.0299637 0.00301567 2.37628e-07 0.00184678 7.12836e-07 8.36321e-08 
0.0673641 0.00301512 0.266931 0.00365797 0.0318114 0.000611549 0.000554686 0.122779 0.0289621 0.171818 0.000950224 0.0176336 0.0895468 0.00106471 0.00855088 0.0128171 0.00825477 0.0871913 0.0764843 1.74264e-06 
0.00315719 0.00367333 0.285372 3.74873e-06 0.00200831 1.64223e-08 8.91445e-12 0.00093412 0.00354807 0.181095 0.00015395 0.0972165 5.95794e-08 0.000264062 0.193487 0.0033386 8.54574e-09 0.195793 0.0299543 1.61555e-11 
0.00326849 0.00112883 0.959152 2.99808e-05 7.23626e-05 2.8922e-10 0.000725885 0.00133744 0.00579618 0.00456215 0.000101946 0.00980961 2.23731e-07 0.0097895 5.66133e-05 9.59888e-08 1.55637e-05 0.000215598 0.00393726 1.39793e-07 
0.00085241 0.00628507 0.367069 2.32042e-05 0.000216771 3.36394e-05 0.00316166 0.00728373 0.00223548 0.210153 0.0274609 0.0217149 0.149278 0.000190987 0.150075 0.0284425 0.000104385 0.0142085 0.0112055 5.59352e-06 
0.0617285 0.00563546 0.259133 0.00187685 0.0356773 0.000176259 0.000772155 0.0676146 0.0187424 0.123726 0.000817893 0.148327 0.0322138 0.00311719 0.0364534 0.00640737 0.00233267 0.121754 0.073491 2.90664e-06 
0.202184 0.0142349 0.324536 9.40765e-06 0.00050787 1.80899e-10 7.68222e-07 0.000968034 0.0376055 0.00233986 3.47308e-06 0.135682 6.6149e-06 0.000596952 0.182643 0.000306351 7.13484e-05 0.0250639 0.07324 2.53333e-10 
0.0220396 0.0105384 0.388041 0.000103816 0.0328419 4.43743e-05 0.000682113 0.025582 0.0119146 0.145872 9.99006e-05 0.0290717 0.0723856 8.2083e-05 0.0674075 0.0146396 8.19784e-05 0.171774 0.00679801 2.50367e-08 
0.0111137 0.00511798 0.304248 0.000217892 0.00292687 0.000326945 0.000252189 0.00450918 0.0255394 0.0805325 0.0136574 0.139863 0.0837476 0.0015264 0.172631 0.00626641 0.000262908 0.0628797 0.0843801 1.70133e-06 
0.00781597 0.0364408 0.288887 1.14837e-05 0.0022221 2.07356e-07 9.52071e-05 0.00529604 0.00479735 0.120562 0.0189188 0.217912 0.0226422 0.00025796 0.12129 0.00145536 1.30476e-05 0.117294 0.0340877 3.63189e-09 
0.00112214 6.83888e-07 0.995531 3.01076e-06 5.57806e-07 0.00019579 1.84033e-06 3.67045e-07 7.69546e-05 0.000208302 1.96073e-06 0.00121233 0.00084555 0.000430083 3.15964e-07 0.000188459 5.82324e-07 1.95069e-07 0.000176925 3.3352e-06 
5.42717e-05 0.000451737 0.353721 3.01534e-11 2.17533e-05 0.000630498 1.09446e-07 7.5508e-07 0.00766711 0.0192248 0.143466 0.0332545 0.150021 0.00177229 0.211902 0.00127099 0.000331114 0.0541223 0.0220884 3.34028e-11 
0.000573017 0.0478493 0.843945 0.000414241 0.00348636 3.06944e-10 0.000113289 4.75881e-05 0.000978365 0.0871997 2.97421e-08 0.00628126 7.37587e-05 9.92457e-08 1.74143e-05 0.00151674 7.50511e-11 0.007504 2.97415e-11 4.29848e-10 
0.0391968 0.0410767 0.331363 0.000118313 0.00313971 2.83399e-07 0.000478839 0.0105047 0.027224 0.0879981 0.00493343 0.256315 0.00719882 0.000488822 0.0281494 0.0139809 0.000117208 0.135852 0.0115966 0.000268421 
0.012706 0.00364135 0.261012 2.08122e-09 0.00995747 1.6463e-09 0.034881 0.0425195 0.0621044 0.241116 0.000660214 0.115041 0.0672246 1.11002e-09 0.0153491 0.00125869 0.000198587 0.0447288 0.087601 2.3055e-09 
0.0171113 0.013488 0.199057 0.000166834 0.00860629 5.098e-05 0.112737 0.0603582 0.0944337 0.141257 0.000287115 0.0442782 0.00743339 0.00635563 0.0317515 0.0338178 0.000552156 0.146921 0.0813374 4.51959e-09 
1.5603e-05 0.00960417 0.595127 1.22292e-05 3.59476e-05 1.49507e-06 1.08947e-05 0.0449617 0.000244371 0.169216 0.000258893 0.0568787 0.00719417 5.32365e-05 0.0363768 0.0126211 0.000165609 0.0638662 0.00335383 2.09371e-06 
0.000166269 4.0405e-06 0.988924 2.09468e-07 0.000207704 0.000164532 7.09753e-08 4.87006e-05 2.20446e-05 0.000476272 2.1233e-05 0.00068789 0.000284061 6.67874e-06 0.00179009 7.68796e-05 1.15482e-05 0.00156321 0.00554481 2.72337e-11 
0.0285473 0.0041495 0.272255 0.00169701 0.00644013 2.14246e-06 0.000877802 0.00657744 0.0594697 0.0786252 0.000555609 0.0205687 0.0132569 0.265756 0.00549087 0.00309905 0.167826 0.0175067 0.0472908 7.7222e-06 
0.0355588 0.0142843 0.632714 3.89169e-09 0.0634725 0.0004246 0.000311188 0.00235161 0.00680791 0.0583667 2.94598e-05 0.0510981 0.00941583 0.010364 0.0288555 6.55776e-05 0.00023173 0.0211819 0.0644662 4.31107e-09 
0.000917642 0.00554666 0.965519 5.67491e-07 0.00451763 1.3086e-10 0.000371259 0.000236171 0.00071466 0.0130671 1.43822e-08 0.00209571 0.000450948 3.83542e-08 3.90585e-08 0.00065899 1.51936e-08 0.00590294 1.71096e-07 1.83257e-10 
0.045105 0.015026 0.250224 0.000207145 0.00225065 0.00146318 0.00226807 0.000425741 0.08742 0.070546 0.000395377 0.188815 0.0387592 0.0660484 0.0749523 0.0112808 0.00457652 0.0560388 0.0839986 0.000199065 
0.0283362 0.0343149 0.81201 1.20741e-09 0.000401003 4.10448e-07 9.41074e-07 2.81992e-07 0.00028821 0.0441878 0.0143528 0.0205823 0.0274072 0.0007494 1.33323e-06 0.00180377 0.000162678 0.0153461 1.59821e-07 5.4817e-05 
0.0331579 0.0140523 0.229809 1.74457e-05 0.00608109 6.69674e-06 0.000752107 0.0377969 0.126979 0.071315 0.000572252 0.11383 0.0443315 0.00481733 0.0652397 0.00312937 0.000417955 0.19676 0.0509337 2.75443e-07 
0.000429673 0.0011801 0.408478 2.00697e-11 5.23828e-05 0.350735 1.82764e-07 0.0540782 0.00439864 0.0620224 0.0213966 0.0184938 0.00591704 0.000509239 0.0426015 0.00456193 0.00358435 0.0106726 0.0108879 2.22324e-11 
0.0481783 0.0785986 0.138841 0.000725486 0.00111584 4.51686e-06 0.0151227 0.0136366 0.00415446 0.125493 0.0508272 0.119415 0.0146077 0.0185173 0.136115 0.0888341 1.65971e-05 0.111262 0.0110508 0.0234852 
0.020779 0.00195353 0.87634 4.67526e-08 0.000343783 1.20363e-10 0.00135961 0.00776305 0.00598249 0.0134815 0.00132461 0.0347407 0.00576176 0.00113907 0.0115686 7.72461e-05 3.19903e-06 0.0134628 0.00384685 7.19459e-05 
0.00994901 0.0332176 0.256034 0.0419109 0.000235784 0.226384 0.0070372 0.0017917 0.000631193 0.0585101 0.00209736 0.0267304 0.227325 0.000183215 0.0150128 0.0811151 0.000249258 0.00554352 0.00465671 0.00138543 
0.0340015 0.0154324 0.759452 8.19638e-07 0.000357013 1.92937e-09 0.00208647 0.0049951 3.17323e-05 0.0593716 0.00018282 0.0873839 0.0300267 1.30088e-09 0.000195164 3.40945e-05 9.6473e-06 0.000242568 0.00619658 2.70191e-09 
2.01145e-05 5.14404e-06 0.813549 4.19677e-08 6.48003e-06 6.53372e-05 2.38911e-05 1.84399e-06 2.77356e-06 0.0365855 2.29093e-05 0.0815214 3.15774e-06 1.55768e-06 0.0573776 0.00835891 1.59874e-05 0.000255666 0.00217157 1.08355e-05 
2.57387e-05 2.61446e-05 0.400473 1.84156e-09 3.41188e-10 7.29819e-07 0.0101485 2.13304e-06 2.6894e-10 0.272773 1.1993e-09 0.154743 0.15988 5.40309e-06 1.93263e-10 6.24764e-06 3.56184e-10 1.19316e-10 2.49131e-05 0.00189109 
0.0526504 0.000148922 0.537617 6.24893e-05 0.0140459 0.0624311 2.35316e-06 0.000959782 0.0620536 0.00664179 0.212019 0.000861963 0.00525809 0.000683647 0.000250942 0.000606787 0.00234108 0.00333921 0.0344526 0.003573 
0.00429036 0.0362779 0.376549 6.22441e-06 0.00129864 1.19067e-05 1.27237e-06 0.00241275 0.0022487 0.0992566 0.000644483 0.0354976 0.123495 0.000238737 0.131957 0.0111062 9.48678e-06 0.101395 0.073304 3.10864e-09 
0.0344552 0.00822583 0.569289 0.000100218 0.00374838 0.000237387 0.00139064 0.00399391 0.0230342 0.0575673 0.000768406 0.0308952 0.0306394 0.00220457 0.0744423 0.00355669 2.51478e-05 0.122765 0.0326614 1.06274e-09 
0.0305144 0.104559 0.298666 0.000286118 0.00346744 8.07599e-05 0.000182288 0.00097831 0.196569 0.122405 0.00142594 0.052561 0.015468 0.0020085 0.0230421 0.0154919 0.000110229 0.091033 0.0411496 6.79269e-07 
0.0150332 0.0102409 0.411798 8.23814e-06 0.0297431 6.6013e-06 0.000121883 0.000949782 0.0183473 0.0721356 9.03147e-05 0.00698341 0.334662 0.000384361 0.00364675 0.00500492 0.000361494 0.0740091 0.0164722 1.05106e-07 
0.0612311 0.000517539 0.343987 0.000910607 0.0486549 0.13822 1.28431e-07 0.0105343 0.00347078 0.0794685 0.0695509 0.0132227 0.0405963 5.94878e-05 0.00740581 0.00174259 0.000936574 0.0308069 0.148684 7.43366e-10 
0.00988307 0.0102512 0.395734 6.63809e-11 0.00108919 2.44667e-05 7.5382e-06 0.00383642 0.00338857 0.233112 0.0159987 0.0320524 0.134707 0.000799205 0.109941 0.00734831 0.000114133 0.0327468 0.00896456 7.35341e-11 
0.0324595 0.0102323 0.289308 0.000549806 0.00210966 4.16372e-05 0.00354746 0.00673228 0.0587556 0.154431 0.0017038 0.0945936 0.019218 0.000760335 0.0350256 0.00866381 0.0147685 0.231546 0.0355492 3.79437e-06 
0.0312359 0.00132578 0.432908 0.00320148 0.00427023 2.3152e-06 0.00016252 0.00019939 0.127813 0.215722 0.000529601 0.0296437 0.00168302 0.0172841 0.00205358 0.000292205 0.00126029 0.0136282 0.116785 1.62954e-08 
0.0688027 0.00466658 0.342592 0.000260066 0.000196419 1.72434e-05 0.00105948 0.00192315 0.0942197 0.0434711 0.000345702 0.143096 0.0467037 0.0440843 0.0474594 0.00251478 0.0475731 0.0323896 0.0786206 4.43406e-06 
0.00800759 4.1278e-05 0.631982 3.19067e-06 0.00219667 5.51505e-09 9.23549e-06 1.9813e-06 0.00112823 0.00903868 0.00839211 0.116355 0.139919 2.18604e-05 0.0481464 0.00113029 1.83288e-06 0.0061531 0.0274721 7.72333e-09 
0.00213428 4.05415e-06 0.51388 0.000136066 7.31684e-07 8.59993e-10 0.00423379 0.0289083 0.277937 0.00608606 4.31518e-07 0.00889865 0.00532073 3.37013e-05 0.00819025 6.82101e-05 0.000303936 0.056217 0.0876471 1.20434e-09 
0.00949344 0.00345336 0.344804 0.000543459 0.00566468 4.8963e-07 4.70717e-05 0.0201206 0.323948 0.0979663 0.000347012 0.022036 0.00111055 0.00221356 0.0042986 0.0186871 0.00337758 0.11636 0.0255151 1.20708e-05 
0.000230142 0.00602255 0.655976 1.28829e-08 0.0113669 1.01907e-08 1.70178e-06 0.000833264 2.87582e-07 0.0371356 1.00319e-06 0.0308443 0.197682 3.15528e-06 0.00513843 0.00957884 9.04504e-06 0.0152526 0.0299236 1.42712e-08 
0.0178487 0.0153614 0.384128 0.000119215 0.014139 0.00012871 0.000341107 0.0261336 0.00668012 0.151398 0.000471542 0.022319 0.193337 0.00573397 0.0485541 0.00489741 0.000128939 0.0591865 0.0490784 1.47992e-05 
0.0270453 0.210269 0.270514 4.40276e-05 0.0246821 8.32083e-06 0.00399658 0.00495617 0.00949692 0.0720776 0.00691804 0.0416584 0.0880873 0.0229288 0.0886644 0.00281986 9.35661e-05 0.0449233 0.0808109 5.56622e-06 
0.00455928 0.00645822 0.277038 1.10118e-06 0.120224 1.24675e-06 1.71418e-06 0.000152127 0.016382 0.109157 3.52872e-06 0.0194898 0.188312 0.00369502 1.50962e-05 0.0155676 0.000164531 0.0436884 0.195089 1.6458e-09 
0.0434404 0.0917378 0.390958 2.94305e-10 8.78968e-06 2.32803e-10 1.79894e-10 3.5879e-11 2.96604e-07 0.0502133 1.01009e-05 0.358787 0.0549662 1.72681e-06 1.64934e-06 0.0079372 1.19594e-07 0.00193525 1.29708e-06 2.61141e-07 
0.139574 0.000375163 0.349087 0.0014261 0.0196426 2.30569e-05 3.46316e-05 0.0278084 0.0195643 0.119534 0.00454075 0.0152362 0.0726938 4.69742e-05 0.0888176 0.00149404 8.14997e-05 0.11953 0.0204892 4.5466e-08 
0.00277122 0.00431235 0.392778 0.29389 0.00175605 0.00295632 0.000856895 0.000158688 0.0110123 0.113413 1.20602e-10 0.0287544 0.000154236 4.3246e-06 0.00346364 0.000724914 0.0212799 0.121715 1.56617e-07 1.27609e-07 
0.000698999 0.0121514 0.329352 6.98594e-08 0.00841273 9.01199e-09 0.000449494 0.218212 0.0112365 0.287761 3.99799e-07 0.00578125 5.61623e-07 1.31274e-05 0.0019728 0.0192865 2.89346e-06 0.102333 0.0023353 1.35294e-10 
0.0489973 0.0204856 0.471393 5.6149e-05 0.00455617 8.0223e-05 0.00205988 0.0372265 0.0159916 0.177905 0.000732266 0.00382962 0.12691 0.0173088 0.0102551 0.002546 0.0372086 0.010882 0.0115606 1.43764e-05 
0.000810925 0.000274219 0.858807 8.43489e-09 0.000142101 0.000809214 1.2042e-05 0.000309471 0.00108889 0.00328843 0.00408103 0.0330117 0.00175302 4.60946e-05 0.0585595 0.000384129 1.52943e-05 0.0015523 0.0350549 5.2829e-11 
0.0407439 0.0561669 0.459081 0.0299692 0.00919027 0.03289 0.000342997 0.000347411 0.00141163 0.178914 0.000753145 0.0331321 0.00302853 0.00015901 0.00333055 0.0163905 0.000171833 0.0667801 0.0605201 0.00667652 
0.010528 0.00854103 0.756308 2.68728e-07 0.00289078 9.60694e-06 0.00248703 0.00259043 0.000967865 0.0807489 0.00408549 0.0393236 0.027664 0.00128056 0.0135119 0.00273966 2.94199e-05 0.0138587 0.0297334 0.00270105 
0.0801059 0.00882478 0.277328 0.000921922 0.0128738 1.34603e-05 0.00100299 0.0135929 0.0274551 0.0368838 0.0701404 0.0595164 0.048524 0.01649 0.0549323 0.0248558 0.00183804 0.10249 0.162206 3.23934e-06 
0.07025 0.0280583 0.27553 0.00208545 0.0145591 8.04334e-06 0.000908775 0.00441992 0.0219359 0.027077 0.000665086 0.122932 0.0118869 0.00183205 0.0230607 0.000487128 0.00729179 0.113282 0.273729 9.91033e-08 
0.000166269 4.0405e-06 0.988924 2.09468e-07 0.000207704 0.000164532 7.09753e-08 4.87006e-05 2.20446e-05 0.000476272 2.1233e-05 0.00068789 0.000284061 6.67874e-06 0.00179009 7.68796e-05 1.15482e-05 0.00156321 0.00554481 2.72337e-11 
0.00792301 4.52023e-06 0.533174 0.00301178 0.122797 1.40028e-05 3.18497e-05 4.95162e-07 0.20975 0.00715055 9.04855e-05 0.00114933 0.000970673 0.000869572 0.000747454 0.00177106 1.60944e-06 0.0622389 0.0483028 1.31575e-07 
0.00956955 0.0477044 0.358886 5.62275e-06 6.71337e-05 1.0093e-10 2.30129e-05 0.0592527 0.0224447 0.167962 4.6475e-08 0.095489 0.00168967 0.000228406 0.0619566 0.00762032 1.17998e-08 0.158618 0.00848226 1.41344e-10 
0.0147017 0.0251328 0.392329 6.83579e-09 0.0107136 2.53803e-05 1.18596e-05 7.25868e-05 9.98292e-10 0.283276 4.45175e-09 0.0184725 0.195848 0.0423332 6.31256e-06 0.000949561 6.42003e-07 0.016089 1.57467e-05 2.10877e-05 
0.0417747 0.00875348 0.228295 0.000113448 0.00191392 0.00036498 1.90329e-05 0.00957374 0.011654 0.0536229 0.000409808 0.0418638 0.079666 0.0109733 0.1763 0.00308655 0.000219893 0.226262 0.105132 9.6259e-07 
0.0024806 0.0870892 0.594368 8.23521e-06 0.00381771 5.03255e-10 3.88881e-10 0.00728696 0.00169975 0.147331 4.14324e-10 0.00353459 0.0016043 0.000452885 3.63215e-06 1.95085e-05 1.14996e-05 0.14665 0.00364226 7.04763e-10 
0.00826447 0.109615 0.329492 1.49885e-05 0.0713101 1.09835e-05 0.000327084 0.000522466 0.00422063 0.0736217 0.000351327 0.0918718 0.257129 0.00128925 0.0132011 0.00836531 0.000129677 0.021909 0.00835447 1.3374e-07 
0.000342898 0.0188056 0.596629 2.60882e-11 0.00107702 4.45143e-06 0.00277251 0.000561705 0.00337451 0.208798 6.15064e-06 0.00367338 0.00396093 3.20824e-06 6.55263e-07 0.0682315 4.67563e-05 0.0825236 0.00918762 2.88995e-11 
0.070277 0.0261059 0.289087 3.55454e-06 0.0842961 0.000177119 1.37005e-05 0.00976997 0.000484415 0.0492091 0.0190584 0.0134188 0.232193 0.00452032 0.0259321 0.000146963 0.00155332 0.0970357 0.0767166 1.51884e-07 
0.0406818 0.0239876 0.181915 0.000204071 0.00285267 6.71178e-05 0.00280958 0.0216056 0.0290001 0.0879352 0.00173949 0.142529 0.0393148 0.00349988 0.150874 0.011915 0.000918256 0.174851 0.0831293 0.000170552 
0.000978599 3.74177e-05 0.879251 1.86496e-09 0.0128935 2.17687e-07 1.62531e-06 2.27359e-10 0.00190068 0.0733484 0.00561413 0.000450674 0.000542451 9.94681e-10 2.71127e-06 7.57581e-08 3.6071e-10 0.00778639 0.0171917 2.06593e-09 
0.0223567 0.0107824 0.23074 9.6669e-05 0.0186434 1.70261e-05 0.00163455 0.137238 0.0849853 0.153119 0.00556523 0.0888505 0.0156471 0.0692811 0.0476782 0.0208182 9.77706e-05 0.063479 0.0286258 0.000344448 
0.00550925 0.00762574 0.35202 2.31929e-08 0.00246462 6.06011e-09 6.29195e-08 0.0202736 0.00230996 0.0555953 0.000208226 0.25562 0.020011 3.87826e-06 0.11036 0.00885496 1.56683e-06 0.103288 0.0558527 2.93428e-10 
0.00106205 0.00432145 0.544436 4.48682e-07 0.00136514 0.000609311 0.00019791 1.77309e-07 0.156034 0.0175483 7.91427e-05 0.00247486 0.00744568 0.000739003 2.67541e-06 0.00183485 1.97563e-05 0.260133 0.00169598 4.25249e-09 
