3.11952e-07 0.0124217 0.316732 1.3144e-11 0.00391663 0.000248908 6.42821e-08 0.00479199 0.00454098 0.349653 2.07159e-07 3.55846e-07 0.0199531 3.16175e-07 3.11332e-07 0.0950071 4.57856e-09 0.0982777 0.0944551 1.45604e-11 
0.00143534 0.0017443 0.0152822 7.55097e-08 0.000143338 8.45534e-07 0.000507314 0.00083703 0.000304135 0.102977 0.000866494 0.00388186 0.8587 0.000160216 0.008307 0.00151557 9.77746e-05 0.00120397 0.00203493 8.36467e-08 
0.00670485 0.0263598 0.508046 5.98118e-09 0.00196368 0.000260408 2.66649e-05 8.60104e-05 0.00977981 0.116189 0.0570273 0.0182073 0.116716 0.00129585 0.009843 0.056068 0.000439349 0.0596768 0.0113102 6.62572e-09 
0.00851161 0.42934 0.0238901 3.75341e-05 0.00287294 0.000115701 0.000521003 0.0106721 0.0932156 0.0384323 0.00597692 0.0611045 0.00981461 0.00151842 0.137724 0.0200262 0.000133013 0.129499 0.0265483 4.57565e-05 
0.0211305 0.000250916 0.0439328 8.14575e-07 0.00547356 0.0811926 1.44823e-05 6.48291e-05 0.00389027 0.00285527 0.00200959 0.0137727 0.572632 0.000187059 0.0515246 0.000253502 0.000201008 0.0799678 0.120576 6.93832e-05 
0.0273736 0.000350652 0.00203179 2.44653e-10 8.6096e-05 1.9073e-09 0.00847611 0.00196512 0.00495424 0.00463572 0.00065424 0.000921236 0.00329203 0.881298 0.0153267 4.98377e-05 0.0329422 0.000833208 0.0105463 0.00426298 
0.0323887 0.0117709 0.013969 5.41672e-05 0.0415656 8.99962e-05 0.000533984 0.000881778 0.029691 0.298792 0.000569419 0.0208094 0.0586896 0.000888752 0.0218676 0.00441433 0.000138015 0.403852 0.0588777 0.000155943 
0.0343131 0.00922338 0.00641562 2.28713e-06 0.0886616 3.87446e-05 0.000141759 0.00380756 0.0235608 0.0150922 6.8775e-06 0.0758662 0.0218195 0.000498868 0.0103877 9.74705e-05 4.82712e-05 0.482538 0.227276 0.000204909 
0.0458236 0.0259237 0.360409 1.85618e-06 0.0187735 6.74193e-05 0.00513362 0.000602481 0.0073056 0.0367405 0.0493238 0.149526 0.127884 1.4781e-05 0.0592614 3.4763e-05 0.0152924 0.0867009 0.01118 2.0562e-06 
0.000372693 1.76835e-05 6.6297e-05 3.47144e-12 1.53332e-09 8.97373e-07 0.995726 7.89273e-05 0.00325083 9.23077e-05 1.39769e-09 8.92787e-06 5.96445e-05 2.98208e-06 1.97496e-06 6.95585e-06 0.000201117 7.40499e-05 3.89509e-05 3.84552e-12 
8.88507e-05 0.00212977 0.0737663 8.35719e-11 0.00311207 0.0705722 8.24192e-07 0.00504475 0.0206296 0.0114531 0.000138328 0.000214308 0.383849 0.00201578 0.108219 0.000303367 0.00159635 0.0920038 0.224862 2.86093e-09 
6.92687e-05 0.000821904 0.0366133 4.7518e-12 0.000725278 9.07611e-06 0.000239009 8.07672e-05 0.191482 0.00261981 8.88219e-09 0.0381815 0.00344474 5.47456e-05 0.614461 0.0150595 3.92592e-06 0.0654919 0.0306418 5.26386e-12 
0.000110409 0.00030035 0.000238858 2.56482e-12 6.54656e-05 6.91982e-07 0.995114 0.000118655 0.00171284 0.000169549 2.54689e-05 0.00021299 0.00135624 9.85906e-06 0.000152823 1.26409e-05 4.16935e-05 1.95518e-05 0.000338205 2.8412e-12 
0.00284149 0.000797679 0.0299589 5.42213e-09 0.00441621 1.80952e-06 2.2815e-08 0.00224986 0.0356336 0.0139482 0.000106808 0.109673 0.0016237 0.000727429 0.557734 0.000356303 1.64144e-05 0.221779 0.0181356 5.21209e-08 
0.0272347 0.0137784 0.00700348 2.41967e-06 0.00585305 0.000271115 0.00456559 0.00463432 0.00305408 0.0784944 0.00134745 0.051898 0.603591 0.0782294 0.0489667 0.0169448 0.00254385 0.0432497 0.00825977 7.75456e-05 
0.00181839 0.00639991 0.0214571 3.85424e-06 0.000101027 0.306649 0.00198862 0.000144324 0.000195411 0.0189821 3.45172e-05 0.0510759 0.0462462 2.31629e-05 0.00735249 0.000656003 6.87564e-05 0.00021904 0.53656 2.47521e-05 
0.00742747 0.365501 0.012278 1.29958e-06 0.0068032 2.51229e-06 0.00249101 0.0489107 0.00368018 0.40884 0.00200503 0.0179384 0.00204058 0.000160434 0.0387286 0.0394557 9.39641e-06 0.0353139 0.00841026 2.14837e-06 
0.00586272 0.00189934 0.000983391 7.06462e-13 0.000261489 1.036e-07 0.901703 0.0237347 0.0126361 0.00641888 0.000118569 0.000909099 0.00120895 0.00204972 0.0166825 0.000321 0.000623238 0.00155639 0.023031 7.82591e-13 
0.00838663 0.00183207 0.0103199 2.75754e-05 0.0118027 0.000357029 0.185164 0.0288809 0.263085 0.0156909 0.00648478 0.0540458 0.0217493 0.00110318 0.115041 0.00047644 0.000704575 0.184489 0.0902416 0.000117661 
0.00267356 0.0464206 0.0206385 1.84639e-05 0.12897 3.51985e-05 3.23045e-05 0.000100489 0.0127608 0.372902 0.0056916 0.0361156 0.0463764 0.000162267 0.000218717 0.00324196 3.22355e-05 0.263796 0.0578585 0.00195466 
0.0126654 0.00649354 0.0432892 1.32674e-06 0.0926264 0.00269648 5.32008e-06 0.00767456 0.173939 0.065461 0.000101201 0.0924849 0.051935 0.00112979 0.0131684 0.000572999 7.41295e-05 0.414577 0.0211015 3.00603e-06 
0.0012061 0.000759823 0.00154726 9.94153e-10 0.00542857 5.59256e-08 0.000768072 6.96217e-08 0.284911 0.00699982 0.000283238 0.0769766 0.00355184 6.82465e-08 0.545055 7.58804e-05 4.62273e-06 0.069991 0.00244071 1.10128e-09 
0.0208713 0.00130972 0.0376299 2.0548e-05 0.0666105 0.468054 4.68722e-05 5.27288e-05 0.00658796 0.0307518 0.000213751 0.0127666 0.0448656 0.00326153 0.0223072 0.00232358 0.00136407 0.0750696 0.17661 0.0292835 
0.000783209 0.00404413 0.00165719 8.97633e-08 1.12067e-06 0.000895355 0.000549105 7.26581e-05 1.75135e-05 0.0268832 0.000619281 0.0385392 0.893559 9.60152e-05 0.0148769 1.45634e-05 0.000145686 0.00422704 0.0130182 9.94363e-08 
0.00169137 0.0158225 0.0528817 5.71969e-11 0.00106456 2.19481e-08 3.50632e-07 0.00279753 0.0659025 0.0743646 9.07036e-05 0.130455 0.0558392 0.0006028 0.326439 0.0355721 2.77887e-05 0.232936 0.00351147 8.01016e-07 
0.00341824 0.00169146 0.0272216 1.11667e-07 0.000683168 4.87402e-05 0.000789522 0.0410862 0.0247316 0.0371314 0.370898 0.184378 0.0982188 0.00246101 0.102235 0.000134728 0.00231414 0.0957909 0.0067657 1.50854e-06 
0.123268 0.458521 0.0263076 4.00961e-10 0.0046124 0.000414702 4.65613e-06 0.000523011 0.00375594 0.0404868 0.000673858 0.0175038 0.113947 0.00154515 0.00376283 0.00289652 1.92767e-07 0.151154 0.0506071 1.58971e-05 
0.135268 0.00744766 0.0248938 1.05583e-05 0.0727897 1.56864e-05 0.0275035 0.0431232 0.00241288 0.278525 0.00450407 0.0724677 0.128201 0.000706483 0.0911291 0.00941795 0.00035193 0.0491442 0.0520759 1.08766e-05 
0.0268973 0.0244446 0.0723455 2.20695e-06 0.0167771 4.48212e-06 0.00549515 0.00346745 0.010672 0.304923 0.00126321 0.00832069 0.472171 0.00764306 0.00945787 0.0111254 0.000981353 0.017079 0.00630083 0.000628171 
0.00052606 0.00872864 0.068314 1.77083e-12 3.96724e-05 5.61299e-05 0.000733721 0.115866 0.00538042 0.066003 0.0204246 0.11071 0.0947327 0.000429556 0.387981 0.0406353 0.000545222 0.0457814 0.0331121 1.96166e-12 
0.0257302 0.0100491 0.0144783 5.01108e-06 0.00543285 0.000336078 0.00028643 0.00155856 0.00583988 0.0168248 0.000342889 0.557507 0.0256842 0.00205465 0.206868 0.000573844 3.73767e-05 0.0303596 0.0949367 0.00109539 
0.0561399 0.00758079 0.110811 2.00065e-05 0.0400432 0.0139271 0.000977282 0.000458773 0.0252979 0.0281467 0.0118074 0.0761723 0.281901 0.00141195 0.0305705 0.000492883 0.000330967 0.0807665 0.233105 3.90763e-05 
0.0110679 0.00920283 0.138246 4.34294e-08 0.00309807 2.94206e-05 3.1972e-05 0.0180924 0.00397269 0.0302434 0.00784528 0.128695 0.0191017 9.0035e-06 0.525759 0.00779237 2.54153e-05 0.0826931 0.014057 3.70546e-05 
2.39143e-05 0.00810829 0.109244 4.23965e-08 9.02109e-07 0.000354988 4.08456e-06 0.00422229 0.19865 0.0105163 2.62813e-07 0.00200512 0.0418752 0.544314 0.0303959 4.30062e-07 0.00270433 0.0298464 0.0177329 1.8843e-07 
0.0210833 0.0108738 0.0408623 3.72858e-07 0.00640696 7.3194e-05 0.000220916 0.00121654 0.0487314 0.00424337 2.46069e-05 0.236976 0.0301682 3.19909e-06 0.18819 4.67282e-06 0.000102891 0.13264 0.272518 0.00565995 
2.6667e-05 0.0007132 0.034317 8.88104e-07 1.66036e-06 1.96871e-05 1.48072e-05 0.00185681 2.38405e-05 0.503548 0.182572 0.00109416 0.261448 0.000118218 0.011942 0.000388405 0.000142708 4.86559e-05 0.00172147 9.83807e-07 
0.0728033 0.00303401 0.0486167 1.30096e-07 0.0136817 1.00913e-05 0.00900721 0.00283811 0.000556695 0.217946 0.00330005 0.00410596 0.58949 0.00277499 3.50743e-05 2.51724e-05 0.000616548 3.8814e-05 0.0172063 0.0139131 
0.0605259 0.00640869 0.0264706 3.52385e-05 0.0100415 0.000369986 0.0111403 0.0157861 0.047632 0.0343004 0.00382071 0.278962 0.00699404 0.000859306 0.199703 0.00602878 0.00291205 0.191808 0.0960166 0.00018492 
0.0277428 0.0124515 0.144092 1.9125e-05 0.016965 2.1349e-05 0.000457659 0.00896684 0.00568659 0.610132 0.00156882 0.0259319 0.0462845 0.00337321 0.00687811 0.00880299 0.000147354 0.0563763 0.0240066 9.57121e-05 
0.00380547 0.000166635 0.000204152 3.27785e-10 0.00909439 7.23472e-08 0.89076 0.016256 0.00562174 0.00135462 8.39183e-05 0.00060953 0.0441803 0.00093353 0.011147 6.03275e-06 0.000349215 0.000426301 0.0150012 3.63107e-10 
0.0206625 0.0202363 0.0296162 3.46033e-05 0.00561738 6.20199e-05 0.00151904 0.0146782 0.00511458 0.211061 0.00793597 0.00838911 0.044066 0.000394837 0.0336466 0.528825 0.000175109 0.0388361 0.0207921 0.00833674 
0.0118841 0.00133822 0.0291015 1.11879e-05 8.85427e-05 1.87389e-05 0.00038222 2.62569e-05 0.00342957 0.000286356 0.000172812 0.000554272 0.00432131 8.04227e-05 0.0367503 1.31758e-05 3.88362e-05 0.000291103 0.911199 1.23935e-05 
0.243469 0.0402953 0.0705377 6.87338e-07 0.00447508 1.18838e-05 0.000438504 0.0208113 0.000777871 0.143182 0.00019212 0.0844488 0.135725 0.00990046 0.0955133 0.0128876 0.00134245 0.129659 0.00633041 1.08158e-06 
0.059768 9.21913e-05 0.132256 7.73196e-10 0.000565186 2.70743e-05 0.0017038 0.0121248 0.0338463 0.0215216 0.283659 0.0351601 0.0893658 0.0447573 0.0192558 0.00355157 0.00205311 0.00569462 0.254598 8.56516e-10 
0.0686917 0.017339 0.0155387 0.000268107 0.0997258 0.000852221 0.000510482 0.00627545 0.126821 0.0431297 0.00113756 0.0506768 0.00297974 0.000984057 0.0253432 0.00536337 0.00256558 0.474391 0.0570312 0.000375612 
0.00683572 0.00851892 0.105665 7.51288e-11 0.00048684 5.0392e-06 2.31174e-07 0.0286703 0.194979 0.0605796 0.000426372 0.0756217 0.0497329 0.000214568 0.287089 4.75686e-05 1.59461e-05 0.155568 0.0255435 8.32247e-11 
0.0313258 0.0941784 0.0984382 1.15208e-08 0.000206286 1.71851e-06 0.000184782 0.00348683 0.000724503 0.148325 0.00049147 0.20083 0.0346972 0.000345672 0.282634 0.0261031 2.81421e-05 0.0618948 0.0161025 6.342e-07 
0.0117048 0.000263566 0.0255727 3.23551e-07 3.58292e-07 8.73824e-05 0.752567 0.00301053 0.0144722 0.00631924 0.000129398 0.0969974 0.0167526 0.000208598 1.03733e-06 6.87018e-05 0.0010734 0.00192348 0.0688464 8.80889e-07 
0.00187469 0.00108828 0.000513616 7.12861e-13 8.99789e-05 2.16626e-07 0.955042 0.0131664 0.00915266 0.0035094 3.96969e-05 0.000331309 0.000335834 0.000832631 0.00463409 0.000197096 0.000330105 0.000906981 0.00795477 7.8968e-13 
0.00696606 0.00344523 0.109984 2.80124e-11 0.000210127 1.62312e-07 1.21956e-07 0.0079924 0.0231742 0.0923056 0.188397 0.0308252 0.3974 0.00344604 0.107891 0.000709883 0.00105848 0.00983031 0.0163636 3.10311e-11 
0.00456921 0.000114211 0.171728 1.21034e-06 0.323041 0.000165134 8.69555e-05 6.11194e-05 0.00206359 0.0179463 4.01169e-05 0.0017737 0.372805 1.43345e-05 0.0638764 0.000651039 1.30388e-05 0.0238159 0.0172323 1.34077e-06 
0.00405664 0.00837522 0.0456923 7.88112e-09 0.0226123 0.000402593 3.01319e-05 0.00185973 0.0153698 0.0595633 0.00522833 0.0644377 0.0217526 0.000135621 0.106758 0.000485962 6.20866e-05 0.201096 0.442048 3.38309e-05 
0.147928 0.159645 0.0553501 7.331e-07 0.0115317 1.6965e-05 0.00348315 0.00132166 0.00785289 0.110548 7.99493e-05 0.0967172 0.309849 6.80523e-05 0.00642892 0.00267615 0.00117505 0.0159239 0.0693838 2.07181e-05 
0.0437012 0.0712184 0.119766 1.12681e-05 0.00461078 0.00348474 0.000325767 0.0285295 0.0126424 0.186885 0.00327864 0.0391138 0.0454957 0.0202783 0.228756 0.014122 0.000991845 0.0693952 0.107376 1.78582e-05 
0.0343131 0.00922338 0.00641562 2.28713e-06 0.0886616 3.87446e-05 0.000141759 0.00380756 0.0235608 0.0150922 6.8775e-06 0.0758662 0.0218195 0.000498868 0.0103877 9.74705e-05 4.82712e-05 0.482538 0.227276 0.000204909 
1.46191e-06 0.000899454 9.26957e-05 8.87536e-12 1.1567e-09 5.79132e-08 0.992359 4.21165e-05 0.00548973 7.13872e-05 6.47043e-07 0.000109074 0.000125879 8.88674e-07 1.27378e-07 2.877e-05 5.64377e-05 0.000692948 2.93515e-05 9.83178e-12 
0.00160821 0.00780948 0.0931341 1.45668e-07 0.00247317 2.18129e-06 6.78957e-05 0.00804446 0.00354757 0.0656161 0.0187786 0.0121117 0.000539084 0.00103928 0.043415 0.0227391 0.000136707 0.704334 0.0146031 1.79696e-07 
0.247247 0.0033434 0.0208199 0.000168889 0.00329388 0.00454404 0.0106851 0.00182741 0.0235328 0.0159745 0.0120297 0.0426058 0.1597 0.0319502 0.153371 0.001552 0.0173798 0.0560855 0.193672 0.000216977 
0.00207095 0.000151321 0.0109647 4.44669e-09 0.00100356 0.545553 6.81749e-05 5.79678e-05 0.233518 0.0189862 0.000412438 0.00401547 0.12128 8.32102e-05 0.0165382 0.000925848 3.89076e-05 0.0316295 0.0127002 1.62232e-06 
0.0274334 0.0257275 0.02759 9.6751e-06 0.0311629 4.62535e-05 0.000308688 0.0690532 0.0401109 0.10364 0.000425663 0.0660388 0.11116 0.00151255 0.338123 0.00803815 0.000117618 0.0906516 0.0588375 1.23334e-05 
0.0475659 0.00133985 0.0242167 9.85429e-07 0.0141255 0.321627 0.00127868 0.0440224 0.00784803 0.0702679 6.26197e-06 0.0132343 0.210943 0.00072569 0.00821668 0.0132281 0.000252057 0.050732 0.157062 0.0133081 
0.0352462 0.00469224 0.109719 7.74912e-06 0.00935401 0.106767 0.00129659 0.000866981 0.0740613 0.0881737 0.000810161 0.0252026 0.159753 0.00374993 0.0460492 0.125211 0.000322157 0.0907785 0.116785 0.00115352 
0.0673419 0.0149611 0.00441454 0.000634696 0.00155702 0.148607 0.0104554 0.00090819 0.154927 0.0125167 0.00108954 0.0160646 0.10184 0.00382053 0.0499121 0.00467493 0.107102 0.18185 0.116605 0.000717773 
0.646815 0.00942436 0.00350514 2.21899e-08 0.00157163 0.00559423 0.00548622 0.000202075 0.0490841 0.0199539 0.000235983 0.0984154 0.00865849 0.00034417 0.0316271 0.00305772 5.84468e-05 0.0748363 0.040008 0.00112182 
0.0700282 0.00579107 0.028549 9.80467e-06 0.0550147 1.49573e-05 0.00108427 0.0200322 0.034487 0.016542 0.00163369 0.0442696 0.0296798 0.0326207 0.0239964 0.000339722 0.0830804 0.202279 0.350482 6.46258e-05 
0.0281282 0.00119318 0.0245644 1.3242e-08 0.0212896 1.78689e-06 0.000789991 0.00158805 0.0097007 0.00567866 4.744e-05 0.290082 0.00210293 0.000535565 0.120156 3.59688e-05 1.25966e-05 0.394145 0.0999478 8.67983e-07 
0.000110409 0.00030035 0.000238858 2.56482e-12 6.54656e-05 6.91982e-07 0.995114 0.000118655 0.00171284 0.000169549 2.54689e-05 0.00021299 0.00135624 9.85906e-06 0.000152823 1.26409e-05 4.16935e-05 1.95518e-05 0.000338205 2.8412e-12 
0.00672097 0.00101878 0.00928239 1.88695e-05 0.00285302 0.784091 0.000497216 0.00587331 0.00439188 0.0303204 0.000543003 0.00396941 0.0643529 0.00144842 0.00459159 0.000827939 0.0038291 0.0466334 0.0286329 0.000103322 
0.0962403 0.00691752 0.0891477 9.47851e-10 0.00284208 1.04604e-05 0.0122844 0.00932492 0.00227015 0.243268 0.0318322 0.0037635 0.215288 0.0434393 0.192148 7.99172e-05 0.000919227 0.0128009 0.037423 1.04999e-09 
0.0177273 0.00386526 0.0575788 8.55687e-07 0.0159795 5.25717e-05 2.31783e-05 0.00630943 0.0232599 0.0316295 8.18389e-05 0.0630171 0.0327162 0.00019955 0.653484 0.00152708 0.000101263 0.054364 0.0380814 9.17445e-07 
0.0488453 0.0078061 0.0775833 2.72373e-10 0.00653471 3.88262e-07 0.563855 6.56701e-08 0.0457835 0.0032144 1.61261e-06 0.0429037 0.176157 0.000664894 0.0179324 3.41504e-07 0.00263734 0.00191513 0.00416431 3.01725e-10 
0.0197339 0.101117 0.0441077 1.63101e-06 0.0239392 0.000148207 0.00134644 0.0192021 0.00728348 0.397001 0.0154582 0.07187 0.0462859 0.0249602 0.0561337 0.0389653 0.000884747 0.116834 0.0143755 0.000352114 
1.46191e-06 0.000899454 9.26957e-05 8.87536e-12 1.1567e-09 5.79132e-08 0.992359 4.21165e-05 0.00548973 7.13872e-05 6.47043e-07 0.000109074 0.000125879 8.88674e-07 1.27378e-07 2.877e-05 5.64377e-05 0.000692948 2.93515e-05 9.83178e-12 
0.0316686 0.0079647 0.0418604 1.69316e-08 0.00203654 1.93321e-06 0.000344014 0.000453949 0.0037873 0.0595891 0.000302998 0.0804334 0.72139 0.000118169 0.011765 0.0024316 0.000205326 0.0208401 0.0148023 4.79848e-06 
0.00847124 0.171311 0.0338353 1.38493e-05 0.0102712 1.49206e-05 0.0013623 0.0416844 0.0678713 0.15862 0.00701372 0.0549264 0.0143463 0.00566218 0.0937293 0.070324 0.000188705 0.246703 0.0136291 2.2136e-05 
0.0122364 0.0110075 0.00948718 1.03426e-05 0.00138164 0.000239748 0.836301 0.0106134 0.0146362 0.0362205 0.000124597 0.0171824 0.00846711 0.00428615 0.00742461 0.00676072 0.000128371 0.0155883 0.00776286 0.000140791 
0.0204642 0.0133521 0.0516215 8.98406e-06 0.0416739 0.000301889 0.000438428 0.0133068 0.0518879 0.0722861 0.00132267 0.229788 0.0028578 0.00147374 0.107541 0.00359572 4.0316e-05 0.192656 0.192383 0.00299996 
0.033166 0.0136611 0.336014 1.85085e-06 0.00855627 0.00060958 0.000552965 0.0086855 0.0118745 0.219662 0.001185 0.050233 0.14142 0.00203777 0.0321371 0.00700411 0.000197866 0.0342834 0.0987124 5.45123e-06 
0.018033 0.098842 0.193602 2.5045e-05 0.0294451 0.000220709 0.000126051 0.0216353 0.00100791 0.0469948 9.95174e-05 0.453993 0.0111268 0.0170969 0.0522222 0.000144668 0.00021439 0.00554929 0.0495264 9.50099e-05 
0.0618323 0.112078 0.0138342 7.75544e-07 0.0224969 6.08935e-05 0.000412924 0.0104082 0.00477654 0.459562 0.00309864 0.146496 0.0267848 0.000212925 0.0660455 0.00607175 0.000183029 0.0385639 0.0270756 5.245e-06 
3.50207e-06 1.17831e-05 6.82562e-06 1.28863e-12 6.29896e-10 1.35441e-07 0.995973 5.47636e-05 0.00374881 3.61189e-05 5.92597e-10 6.83003e-06 2.98656e-06 2.12033e-06 6.90283e-10 9.09889e-07 5.18711e-05 3.012e-05 7.04234e-05 1.42749e-12 
0.00586272 0.00189934 0.000983391 7.06462e-13 0.000261489 1.036e-07 0.901703 0.0237347 0.0126361 0.00641888 0.000118569 0.000909099 0.00120895 0.00204972 0.0166825 0.000321 0.000623238 0.00155639 0.023031 7.82591e-13 
1.84731e-06 0.000301479 0.0155105 8.2291e-09 7.57245e-07 2.59539e-05 2.1078e-05 4.0999e-07 0.00103404 0.00702673 0.000450049 0.000326508 0.970959 0.000291883 0.00218658 0.000738387 0.000233892 1.93151e-06 0.000888876 9.11587e-09 
0.0131141 0.0117284 0.0955552 3.3639e-08 0.0261334 2.11214e-05 0.000137344 0.0178728 0.00160052 0.0529664 0.000881416 0.0140154 0.0415587 0.282353 0.00682436 0.03074 7.54007e-07 0.291765 0.0784287 0.0343036 
0.100466 0.00716002 0.037916 3.42856e-07 0.00359655 6.12057e-05 1.69923e-05 0.000152867 0.00505534 0.0527523 0.00255683 0.675661 2.78028e-05 0.000189879 0.0653601 0.00893971 0.00382566 0.0318544 0.00440743 3.79803e-07 
0.018479 0.0270272 0.202224 1.60711e-05 0.00406958 0.000134012 0.00205843 0.000252812 0.00441148 0.0264823 0.201784 0.101187 0.0813108 0.00218385 0.0352728 0.00975518 0.00128541 0.111521 0.170526 1.8109e-05 
0.0100607 0.0324762 0.0359221 7.76786e-08 0.00583914 1.93314e-07 0.0140427 0.0240139 0.00375437 0.488577 0.0028197 0.0264242 0.00429464 0.000422137 0.00806861 0.24725 2.26201e-05 0.0640922 0.0318208 9.86577e-05 
0.0378506 0.00153687 0.108435 1.38682e-08 0.0859946 0.264396 0.00481525 0.000137567 0.00645984 0.0101906 0.00011961 0.0401581 0.244578 0.000109362 0.0143191 0.000210596 0.000362901 0.116558 0.0637585 9.3716e-06 
0.00348351 0.00161701 0.0358056 2.17299e-09 0.0292019 7.53512e-06 0.000149756 0.00675541 0.655079 0.0444986 6.89594e-09 0.0393288 0.000664269 3.88399e-05 0.0341368 0.000200116 9.96496e-05 0.135997 0.0129358 6.27159e-09 
0.0102404 0.0122574 0.00053688 3.69698e-09 0.00124251 5.83956e-07 1.47492e-06 0.000843205 0.0112195 0.900391 4.25018e-06 0.0105232 0.00544733 2.15717e-06 0.00370865 0.00281079 1.02411e-05 0.0382744 0.00247509 1.04902e-05 
0.00586272 0.00189934 0.000983391 7.06462e-13 0.000261489 1.036e-07 0.901703 0.0237347 0.0126361 0.00641888 0.000118569 0.000909099 0.00120895 0.00204972 0.0166825 0.000321 0.000623238 0.00155639 0.023031 7.82591e-13 
0.0101825 0.00279394 0.0569491 5.10651e-05 0.0184428 0.00562147 0.00135074 0.00672302 0.0229025 0.0186176 0.000832381 0.0755798 0.0317072 0.00148569 0.108553 0.0032806 0.00025789 0.266309 0.368243 0.000117056 
0.0330406 0.000116158 0.0778549 1.38217e-08 0.0029202 1.55862e-06 0.0066401 2.21762e-05 0.00413713 0.10541 0.000499123 0.0382092 0.650138 0.000238365 1.42427e-05 0.0078208 1.18128e-07 0.0285767 0.0443605 1.53112e-08 
0.0151081 0.00713682 0.0414369 2.1416e-05 0.00579138 0.276916 0.00374565 0.0243278 0.0428357 0.0432369 0.000796128 0.0938229 0.0711711 0.0158043 0.125341 0.0102992 0.00184973 0.0613702 0.157859 0.00112985 
0.119725 0.00270986 0.00752903 8.9552e-05 0.00459832 0.0056677 0.000450387 0.0012189 0.0168055 0.0135426 0.0532812 0.0299973 0.00870597 0.0607791 0.0179164 0.000344032 0.531878 0.0175491 0.102927 0.00428426 
5.68884e-06 8.89663e-05 0.000155999 1.89115e-07 5.38586e-06 0.0245882 5.11417e-05 0.000352115 0.0139336 0.000194449 0.372639 0.00578775 0.577091 2.84817e-05 0.000538986 0.00141369 0.000768458 0.00228741 6.891e-05 2.09494e-07 
4.11618e-05 0.00466366 0.176717 2.26701e-11 5.15073e-05 1.56393e-07 1.17508e-07 0.00880377 0.000297715 0.142796 0.264931 0.00757378 0.335819 0.000677765 0.0326452 0.00391555 0.000679137 0.0171139 0.00327435 2.5113e-11 
0.0234621 0.00114585 0.0367987 5.40529e-09 0.0176074 1.53056e-05 0.000152443 0.00231075 0.0854043 0.0378578 1.0384e-07 0.0821293 0.00148722 0.000177211 0.0665562 0.00368041 0.000237677 0.566298 0.0746789 5.24027e-07 
0.0482879 0.000942068 0.0170745 1.33733e-07 6.42844e-07 0.000333059 2.00832e-05 0.000685076 0.0329074 0.0184398 0.0753059 0.0101406 0.660365 0.0191797 0.0320717 0.000840182 0.000319716 0.0131974 0.0698882 3.88753e-07 
0.0304377 0.0626519 0.094433 3.87092e-09 0.000149221 1.98551e-06 0.000274053 0.0221894 0.000209301 0.16737 0.00301819 0.0574 0.533765 2.82651e-05 0.00376445 0.00311811 0.0010093 9.07183e-07 0.0201785 4.28805e-09 
0.0488334 0.0224043 0.101624 1.06132e-05 4.31507e-05 0.0651876 0.00688241 0.0446584 0.00511624 0.18701 0.226579 0.00816068 0.15323 0.0662921 0.020091 0.00122073 0.00717663 0.00870041 0.0267625 1.61897e-05 
0.00338984 0.0020262 0.110101 5.59672e-10 0.00409507 3.786e-05 0.000185698 0.00136515 0.448636 0.0279679 0.000127962 0.0297134 0.0681803 0.000488172 0.130146 0.00578451 0.000142167 0.119525 0.0480887 6.19983e-10 
0.000125265 0.00203868 0.0771731 5.1905e-12 1.36564e-08 5.75226e-09 6.02845e-08 7.32131e-08 0.00959405 0.00746648 0.00125929 0.182526 0.0225436 0.00170033 0.611942 1.89209e-06 0.000135794 0.0126217 0.0708718 5.74984e-12 
0.00743499 0.0606084 0.447654 7.99857e-06 0.000147255 0.00015784 9.17382e-05 2.09848e-05 0.00235649 0.0802209 0.00181625 0.00553466 0.206722 0.000110714 0.0173255 0.00100427 5.60998e-05 0.00764977 0.160853 0.000226644 
0.0228584 0.00882295 0.101966 6.48085e-08 0.00161869 0.000265584 0.00165325 1.94721e-05 0.00131073 0.0958137 0.000255919 0.00939216 0.657405 0.00121606 0.0121652 0.00233579 0.000110808 0.0145966 0.0681849 8.81425e-06 
4.11618e-05 0.00466366 0.176717 2.26701e-11 5.15073e-05 1.56393e-07 1.17508e-07 0.00880377 0.000297715 0.142796 0.264931 0.00757378 0.335819 0.000677765 0.0326452 0.00391555 0.000679137 0.0171139 0.00327435 2.5113e-11 
0.00322004 0.000112863 5.94501e-05 1.77124e-09 1.33917e-06 1.82582e-08 0.968732 0.000182265 0.000239724 0.00608734 3.36566e-08 0.00993748 1.39885e-06 2.95442e-07 0.00297094 1.72042e-05 5.5616e-06 6.52526e-08 0.00843161 1.96211e-09 
0.0358788 0.0100688 0.255249 7.08549e-05 0.000934795 0.0260863 0.000945433 0.00147928 0.0117125 0.135 0.0269858 0.0582404 0.253547 0.00611049 0.0855941 0.00247283 0.00104053 0.0380235 0.0440351 0.006525 
0.00586272 0.00189934 0.000983391 7.06462e-13 0.000261489 1.036e-07 0.901703 0.0237347 0.0126361 0.00641888 0.000118569 0.000909099 0.00120895 0.00204972 0.0166825 0.000321 0.000623238 0.00155639 0.023031 7.82591e-13 
0.0120746 0.00343805 0.0136702 2.71087e-08 0.00274348 2.24974e-06 0.000289766 0.0158789 0.0406493 0.0549464 0.000129148 0.0898995 0.0364968 0.00300106 0.573688 0.00802061 0.000141689 0.107584 0.0373465 8.39367e-08 
0.0122136 0.00207669 0.136522 1.21108e-05 0.00386591 0.000276652 0.00594863 0.000135768 0.0162898 0.0384624 0.007289 0.00767168 0.692361 0.00085224 0.00819236 0.0199583 0.000548627 0.00397543 0.0379729 0.00537427 
0.0343131 0.00922338 0.00641562 2.28713e-06 0.0886616 3.87446e-05 0.000141759 0.00380756 0.0235608 0.0150922 6.8775e-06 0.0758662 0.0218195 0.000498868 0.0103877 9.74705e-05 4.82712e-05 0.482538 0.227276 0.000204909 
0.00336095 0.00339288 0.034875 3.11012e-07 0.0179533 0.00014467 8.82388e-05 0.00258307 0.0289486 0.0706088 0.00232885 0.183511 0.000433096 0.000176405 0.0407667 0.0167266 2.86515e-05 0.474707 0.119366 7.00989e-07 
0.0455128 0.027255 0.0479506 9.90243e-06 0.0157873 0.00814175 0.000365129 0.00404582 0.0340392 0.0400638 0.311795 0.00829954 0.0838956 0.203272 0.0183113 0.00127324 0.0452751 0.0316476 0.0729954 6.46767e-05 
0.0394166 0.00130946 0.00586977 1.13679e-09 0.00338812 2.79999e-05 0.707243 0.0212793 0.0376178 0.00913867 9.75687e-05 0.0267253 0.00271988 0.106299 0.0161708 0.000219407 0.0020753 0.00107107 0.0193303 1.25929e-09 
5.3191e-05 9.83817e-05 0.000133932 8.49691e-13 8.90763e-06 2.3498e-06 2.72127e-05 0.000157284 0.000107981 0.00371011 0.000234093 2.29049e-05 9.14968e-07 9.22589e-06 4.68185e-05 0.99512 3.64701e-05 0.000117368 0.000112657 9.41255e-13 
5.42717e-05 0.000451737 0.353721 3.01534e-11 2.17533e-05 0.000630498 1.09446e-07 7.5508e-07 0.00766711 0.0192248 0.143466 0.0332545 0.150021 0.00177229 0.211902 0.00127099 0.000331114 0.0541223 0.0220884 3.34028e-11 
0.0130394 0.000235296 0.0122166 2.18242e-11 0.00182405 0.000313993 0.00102172 0.00413185 0.334052 0.0128318 6.34283e-08 0.022465 0.064317 0.0680163 0.198577 0.000128767 0.000136468 0.0213444 0.220184 0.0251646 
0.0081302 1.91365e-08 0.00160499 3.97424e-10 0.00454781 1.29016e-07 0.907893 0.000668512 0.00631783 0.00273591 6.38903e-05 0.0306388 1.45502e-07 1.16764e-06 0.00188391 2.44138e-05 0.000117442 0.00543786 0.0299336 4.40251e-10 
0.000244206 6.88878e-05 0.00113018 7.11946e-12 8.52024e-05 2.43837e-07 0.98965 3.51136e-05 0.00413426 0.000313437 1.9983e-07 0.00231122 0.000545443 1.14214e-06 0.000275935 4.97181e-07 3.64716e-05 0.00075606 0.000411638 1.31545e-09 
0.15435 0.19427 0.216188 5.46484e-06 0.0164234 5.46684e-06 0.0350043 0.00164744 0.00219468 0.234832 5.46818e-06 0.128638 5.47255e-06 5.46933e-06 5.4734e-06 5.4717e-06 5.47256e-06 5.47377e-06 5.47365e-06 0.0163969 
4.57369e-05 2.54145e-05 0.000187394 3.4595e-12 6.37034e-06 1.69136e-06 2.40336e-06 0.000101541 7.71466e-05 0.00406343 0.00022154 1.63691e-05 2.75679e-05 9.76119e-06 4.87807e-05 0.994973 2.78777e-05 8.38706e-05 8.04859e-05 3.8323e-12 
0.0273736 0.000350652 0.00203179 2.44653e-10 8.6096e-05 1.9073e-09 0.00847611 0.00196512 0.00495424 0.00463572 0.00065424 0.000921236 0.00329203 0.881298 0.0153267 4.98377e-05 0.0329422 0.000833208 0.0105463 0.00426298 
0.00806804 0.00293128 0.00975704 1.47412e-06 0.00132401 1.75375e-05 0.000360945 0.00619219 0.00154564 0.114105 0.0375581 0.0956055 0.413655 0.000108878 0.177467 0.0394752 2.9293e-05 0.0907735 0.00102289 1.63297e-06 
0.229412 0.00793412 0.378545 2.77581e-05 0.0143089 0.000384384 0.00165192 0.0161023 0.0254977 0.0570417 0.000497146 0.119719 0.00805915 5.75367e-05 0.0673805 0.015002 9.51622e-05 0.0529994 0.00448566 0.000799139 
0.0845873 0.0185614 0.0593993 1.01744e-06 0.000394831 5.38354e-06 8.06891e-06 0.0780592 0.0165774 0.418163 0.000210737 0.0284697 0.00250986 0.000327194 0.071066 0.0275669 5.94269e-05 0.188854 0.00516324 1.63394e-05 
0.000471952 0.0067899 0.00347636 1.14703e-09 5.59219e-05 3.34522e-09 0.000103334 0.00711191 0.00584167 0.523201 6.72378e-05 0.00474933 0.000224601 0.000230589 0.00909538 0.410636 8.8687e-06 0.0205316 0.00740419 4.1015e-09 
0.125817 0.0559994 0.155057 6.42427e-06 0.0146057 7.52847e-06 0.000161177 0.00222126 0.00776607 0.0516765 0.00875911 0.0630794 0.160208 0.000235928 0.0823265 0.0122308 0.000272726 0.0465511 0.199273 0.0137463 
0.0728803 0.00218464 0.0489418 5.13578e-06 0.00188126 0.000131171 9.22159e-05 0.000280823 0.612776 0.0461144 0.00150182 0.0502119 0.0171123 0.0782143 0.0133865 0.000400547 0.000247171 0.00827557 0.0453533 8.78768e-06 
0.00583465 0.00286898 0.184018 3.24631e-05 0.017369 0.132966 0.00498572 0.000490152 0.0079958 0.0187989 0.00157464 0.0247565 0.164891 0.00212462 0.0239628 0.000922549 0.00128086 0.172318 0.232765 4.42347e-05 
8.88507e-05 0.00212977 0.0737663 8.35719e-11 0.00311207 0.0705722 8.24192e-07 0.00504475 0.0206296 0.0114531 0.000138328 0.000214308 0.383849 0.00201578 0.108219 0.000303367 0.00159635 0.0920038 0.224862 2.86093e-09 
0.0055406 0.0155169 0.00188073 1.31734e-10 0.000244175 2.51713e-06 5.83088e-09 0.0153559 0.00121776 0.765788 0.000218886 0.00716985 0.00882295 1.5502e-05 0.0519606 0.071612 4.38085e-06 0.0140327 0.0406168 1.18757e-08 
0.00169669 0.00317243 0.0204634 2.95775e-07 7.82967e-05 0.294965 0.00143589 0.000134714 0.00013479 0.0147713 1.48348e-05 0.0483355 0.0409007 9.33859e-06 0.00523826 0.000474882 5.39022e-05 0.000120057 0.567999 8.04883e-07 
0.00169669 0.00317243 0.0204634 2.95775e-07 7.82967e-05 0.294965 0.00143589 0.000134714 0.00013479 0.0147713 1.48348e-05 0.0483355 0.0409007 9.33859e-06 0.00523826 0.000474882 5.39022e-05 0.000120057 0.567999 8.04883e-07 
0.00769681 0.0402108 0.010748 4.28934e-07 0.00027217 7.31071e-07 9.59171e-05 0.0186799 0.0127181 0.685742 1.07389e-05 0.0630733 0.00621491 0.000801205 0.0675633 0.0186479 3.49552e-05 0.0385971 0.0212247 0.00766699 
1.06524e-05 0.000167208 0.000293281 3.71962e-09 1.00621e-05 0.0001277 9.5949e-05 0.000662055 0.000159487 0.000365609 0.00564316 0.000263383 0.990471 5.33679e-05 0.00101344 0.00013249 7.46772e-05 0.000326889 0.000129548 4.12045e-09 
2.07838e-05 0.00233366 0.227641 2.9997e-10 2.59356e-05 7.47576e-07 5.61706e-07 0.0153972 0.000149731 0.293634 0.132503 0.00690421 0.258585 0.000339971 0.0163286 0.00195953 0.000478881 0.0420596 0.00163812 3.32296e-10 
9.49923e-05 0.000102163 0.0532748 9.05714e-07 0.0010119 0.000157137 5.31466e-06 4.42876e-06 0.00859091 0.000234943 5.20756e-06 0.00216704 0.00196572 7.39945e-06 0.0253867 1.01197e-05 6.98595e-06 0.447847 0.459117 9.23908e-06 
0.0220104 0.00279233 0.016497 4.26938e-06 0.0301802 0.00042739 0.000263781 0.0141491 0.0546774 0.0170706 2.34516e-05 0.173624 0.00335213 0.000223716 0.128448 0.00136299 6.86365e-05 0.23276 0.302056 9.34623e-06 
0.0171975 0.00584545 0.00294473 1.40661e-12 0.000871612 1.74539e-09 0.783155 0.0063155 0.0243619 0.0160206 0.000315101 0.00282099 0.00402981 0.00602653 0.0556081 0.00104665 0.00135249 0.00374052 0.0683478 1.55819e-12 
0.0331499 0.220226 0.0552021 6.17145e-06 0.00475933 0.000108785 9.52836e-05 0.0238439 0.0108721 0.12445 0.000857639 0.0544117 0.279021 0.00926735 0.0184676 0.0242609 0.0004297 0.114972 0.0254392 0.000158278 
0.161904 0.0434438 0.133239 4.48206e-07 0.0131864 9.98798e-05 0.0406568 1.76121e-05 0.0557884 0.0876848 0.00141552 0.0310574 0.20274 0.0068008 0.018821 0.00151829 0.0349296 0.134802 0.0269266 0.00496832 
0.0387744 0.00319246 0.0219154 3.18589e-06 0.0216656 8.89228e-05 0.000230037 0.00980028 0.0430934 0.0205593 3.79752e-05 0.217827 0.00695724 0.000260242 0.13017 0.00228954 0.000100242 0.18799 0.295036 9.0651e-06 
0.0126061 0.00150314 0.00193279 1.16134e-10 3.67638e-07 4.06685e-06 0.798688 0.00189421 0.000401843 0.00519457 0.00020674 0.0120194 0.158186 8.48199e-05 8.65811e-08 6.35249e-05 0.00127017 0.000654918 0.00528952 1.28649e-10 
0.120879 0.00896366 0.0140321 6.48755e-07 3.4089e-05 0.0011639 0.00072504 0.000914491 0.000787319 0.0592159 0.104442 0.0468094 0.420178 1.79267e-05 0.063303 2.11606e-06 0.00142926 0.00346606 0.153635 1.11462e-06 
0.0112973 0.0532661 0.00899769 7.85619e-11 0.00250358 6.55962e-05 0.00255763 0.00808899 0.135812 0.0569167 0.00696874 0.106821 0.0109678 0.00099889 0.29542 0.00501835 0.000393946 0.288901 0.00500447 2.40491e-07 
0.0104152 0.0107791 0.00505159 1.92907e-07 0.00275931 1.72691e-05 0.00149263 0.0431924 0.0060756 0.259474 0.0034032 0.01988 0.00414838 0.00430379 0.0355912 0.563024 0.000655003 0.0216515 0.00675723 0.00132837 
4.4939e-08 0.00362588 0.0109168 4.20855e-12 0.0651684 3.98115e-07 0.000685419 0.000155085 0.193696 0.0380093 1.44016e-08 0.206928 0.000117921 1.45353e-05 0.081329 0.000986632 8.80957e-05 0.358512 0.0397667 4.66207e-12 
0.00294657 0.00018709 0.128741 2.07073e-11 0.0452147 5.79424e-08 0.00120494 0.0110208 0.00747079 0.0396683 9.96981e-05 0.0584036 0.00167776 0.000241612 0.0114865 0.00454065 5.86574e-06 0.600827 0.0862638 2.29387e-11 
0.009072 0.000829132 0.0590258 1.78337e-08 0.00272281 1.48715e-07 6.77666e-05 0.0228971 0.0128918 0.0155892 0.000171759 0.00981013 0.000117143 0.00127662 0.188893 0.000721699 2.80274e-06 0.668181 0.00772958 4.13515e-08 
0.0117309 0.00137272 0.0139989 2.9198e-06 0.010714 7.79064e-05 0.000186335 0.0326891 0.327355 0.00843659 8.84304e-05 0.0370326 0.0226942 0.00115782 0.281943 0.000262756 3.32023e-05 0.105577 0.144643 3.76053e-06 
0.00158032 5.49012e-06 0.00130784 1.30564e-08 1.17324e-05 0.935516 1.1375e-05 4.88996e-05 0.000585135 6.16565e-05 0.000709762 0.000132588 0.0327143 0.000244284 4.93018e-05 2.04207e-05 0.000737116 0.00192234 0.0241458 0.000195511 
0.00284149 0.000797679 0.0299589 5.42213e-09 0.00441621 1.80952e-06 2.2815e-08 0.00224986 0.0356336 0.0139482 0.000106808 0.109673 0.0016237 0.000727429 0.557734 0.000356303 1.64144e-05 0.221779 0.0181356 5.21209e-08 
0.0273736 0.000350652 0.00203179 2.44653e-10 8.6096e-05 1.9073e-09 0.00847611 0.00196512 0.00495424 0.00463572 0.00065424 0.000921236 0.00329203 0.881298 0.0153267 4.98377e-05 0.0329422 0.000833208 0.0105463 0.00426298 
0.020251 0.321801 0.0188913 5.60226e-09 0.00226682 4.87279e-05 0.0022422 1.76962e-06 0.00784838 0.0985604 5.45259e-07 0.301617 0.00281119 0.00450476 0.056176 0.00874323 2.86159e-06 0.142687 0.0115452 6.20597e-09 
0.00235288 0.00354009 0.00723171 4.35992e-06 0.00520754 7.91189e-05 0.000230756 0.0203104 0.0030966 0.869763 3.8874e-05 0.0048682 8.59316e-05 0.0042387 0.00135167 0.0456846 1.8598e-05 0.018032 0.0138605 4.82975e-06 
0.160225 0.0303118 0.0455084 9.69239e-05 0.00714599 0.00014137 0.000547618 0.0100042 0.0427064 0.0467876 0.00140704 0.378676 0.0176727 0.00151287 0.0725798 0.00722879 0.00318985 0.134456 0.0396936 0.000108181 
0.0190768 0.796621 0.00265877 8.52701e-11 0.00061246 2.57378e-06 0.00224398 0.000635045 0.000766722 0.096919 1.68667e-08 0.0215188 0.00192036 0.00167353 0.00473818 0.03817 1.67501e-07 0.00998324 0.00243242 2.73552e-05 
0.00412412 0.496903 0.015006 2.97887e-06 0.000616049 1.00977e-05 0.00439743 0.015019 0.000714512 0.346987 0.00236971 0.0184312 0.0128603 5.73634e-05 0.0337866 0.027239 3.30875e-05 0.0154081 0.00602982 4.02113e-06 
0.000821028 0.303736 0.000554128 2.50996e-08 0.00266612 1.15074e-06 0.000406479 0.00562701 0.00245662 0.431584 0.00222491 0.0100312 0.00754561 0.00082319 0.00468662 0.203798 2.63251e-06 0.0219583 0.00107671 6.35879e-08 
0.00169669 0.00317243 0.0204634 2.95775e-07 7.82967e-05 0.294965 0.00143589 0.000134714 0.00013479 0.0147713 1.48348e-05 0.0483355 0.0409007 9.33859e-06 0.00523826 0.000474882 5.39022e-05 0.000120057 0.567999 8.04883e-07 
0.0133249 0.00555862 0.0732565 4.23866e-05 0.177582 0.0107911 0.00163812 0.0107223 0.0750912 0.0401069 0.000358248 0.0684437 0.0668988 0.000988103 0.206294 0.0054042 0.000273431 0.119601 0.112168 0.011457 
0.043779 0.000960931 0.0354704 4.09519e-08 0.00503768 0.000186298 0.0285818 0.0045411 0.000160746 0.0197482 0.0319399 0.180682 0.588175 0.000262567 0.040524 0.000536636 7.98742e-05 0.00942495 0.00990856 4.53649e-08 
0.0240787 0.000658628 0.0030464 1.31306e-08 0.000900841 3.09553e-07 0.0133534 0.0733631 0.0138052 0.0176518 1.98791e-05 0.0512359 0.0026016 0.0320379 0.507793 3.25215e-05 9.93826e-05 0.00565472 0.253665 2.2445e-06 
0.399471 0.0339069 0.0113989 2.25607e-06 0.0173271 8.03782e-06 0.0291327 0.00215925 0.0509184 0.0296621 0.000191717 0.146391 0.0757169 0.00166613 0.0628904 0.000134612 0.000144588 0.0656401 0.0732332 5.30547e-06 
0.586595 0.0253752 0.0285587 3.3456e-07 0.00891311 3.58334e-05 0.000975504 0.000268695 0.006773 0.0547487 2.85896e-06 0.194658 0.0138436 2.3575e-05 0.00823309 4.16179e-05 0.000177625 0.0627479 0.00792764 0.000100147 
1.36024e-07 9.68083e-08 0.00591106 5.39413e-11 4.4982e-08 0.00123089 7.93069e-05 2.56532e-08 0.00079944 0.00075317 2.17834e-07 1.1703e-07 0.988354 2.18678e-07 0.00284399 2.75102e-05 1.566e-08 4.33404e-08 1.07086e-07 5.97541e-11 
0.0712277 0.00132927 0.0272817 5.97314e-06 0.000824496 7.91052e-05 0.00210238 0.0214026 0.0867288 0.0309216 1.11958e-05 0.0957165 0.00787102 0.00602522 0.371095 0.000754431 0.000170454 0.0709282 0.205511 1.24534e-05 
0.0578948 0.00955305 0.0855208 3.35849e-06 0.0170264 4.52317e-05 0.00164199 0.0145471 0.100215 0.113253 0.00320731 0.355669 0.000914387 0.000705321 0.069225 0.0366227 1.02887e-05 0.091883 0.0418658 0.000195869 
0.690611 0.117127 0.0141938 1.62512e-08 3.36636e-06 3.26121e-07 4.6222e-07 1.0095e-06 0.00526414 0.0804978 0.000212018 0.0177956 0.007413 0.000150403 0.0158524 0.00170555 2.78416e-05 0.046092 0.00304664 6.13246e-06 
0.0926742 0.00891582 0.0118392 1.77567e-06 0.00523253 2.10907e-06 0.001361 2.47166e-06 0.0194143 0.0111475 8.73694e-05 0.0424349 0.353609 0.00116983 0.0160054 7.21687e-05 2.36292e-05 0.392103 0.0438874 1.65079e-05 
3.42213e-06 0.197343 0.0224583 1.66823e-09 3.93539e-05 5.13828e-08 4.11359e-07 2.634e-05 0.0130006 0.606561 7.63789e-07 0.106161 0.00204887 1.10869e-05 0.0258288 6.18353e-07 7.3175e-09 0.0261568 0.000359503 1.84801e-09 
0.0013831 0.00148842 0.0145433 9.0376e-12 0.0052839 2.11352e-08 1.87668e-05 0.00011214 0.0229098 0.0438309 2.41872e-08 0.21814 1.79937e-07 6.98499e-05 0.17218 1.08283e-06 7.93034e-09 0.181897 0.338141 1.00115e-11 
0.283486 0.00223825 0.0065921 6.52641e-06 0.0905264 0.000582028 0.0135585 0.0097415 0.0320775 0.0131203 8.21409e-05 0.354689 0.0157452 5.85795e-05 0.0150375 0.000833119 0.000226932 0.0779822 0.083128 0.000288664 
0.0510463 0.0419042 0.0257714 6.02048e-06 0.0045533 2.60652e-05 0.0014412 0.000706652 0.00038408 0.0328667 9.54433e-05 0.045125 0.739487 0.000135444 0.0101971 0.00553367 0.0011273 0.00133465 0.0382422 1.61185e-05 
0.0331444 0.00284154 0.141261 1.31603e-10 0.0339699 0.000546914 1.70671e-07 1.80808e-07 0.122211 0.0122446 0.00019409 0.0552131 0.0404196 0.0117479 0.0193701 0.000359891 5.37976e-05 0.508115 0.018306 1.45785e-10 
0.00908922 0.00490267 0.128764 3.0316e-08 0.0022084 0.0017406 4.9309e-05 0.00605215 0.00748076 0.0635597 0.00258385 0.0198834 0.238205 0.0553977 0.0567167 0.0018685 0.00692914 0.02763 0.366938 3.87141e-08 
0.139422 0.0252501 0.0406599 8.31261e-09 0.00713402 6.45684e-05 3.11773e-07 0.0105476 0.000140338 0.0339515 0.597039 0.00281155 0.0285385 0.0381969 0.000679282 0.000590319 0.000122789 0.0113149 0.0635356 9.20839e-09 
0.0153489 0.000247178 0.0484412 3.77964e-08 0.00209304 1.00315e-05 0.00126982 0.00099977 0.00405774 0.0169967 0.00483324 0.0189571 0.663132 0.000197799 0.0534593 0.000244059 0.000875916 0.0625943 0.106242 4.18694e-08 
0.0101108 0.0135962 0.0104049 3.64777e-07 0.00351999 5.40071e-06 0.683489 0.0259595 0.0223368 0.0244848 4.32941e-05 0.0794099 0.00215337 0.000139387 0.0505171 0.00113772 0.000132697 0.0299805 0.0425763 2.14067e-06 
0.0297634 0.511089 0.00685862 2.5922e-08 0.000223912 1.49853e-05 0.000383642 0.000241455 0.000721894 0.0326218 2.7251e-05 0.0405008 0.330821 0.000877921 0.00648362 0.00589468 4.86633e-06 0.0323343 0.00113616 2.87153e-08 
0.103452 0.00114325 0.0432121 5.13651e-09 0.00102911 2.55563e-08 0.020386 0.00212944 0.00863943 0.00477644 0.0300499 0.0291773 0.0332422 0.643513 0.0214641 8.75593e-05 0.0312329 0.00287443 0.0158449 0.0077454 
0.000232109 0.00109133 0.0143954 5.08054e-08 0.900039 8.77857e-05 0.000403426 5.31532e-05 0.000942919 0.000548115 0.000295053 0.0384732 1.66971e-05 1.49293e-05 0.000214931 0.000269877 9.43692e-07 0.0394083 0.00351253 5.62802e-08 
0.00168583 2.00253e-08 0.00352795 1.14966e-08 3.5396e-08 1.91726e-05 0.00108045 1.36171e-08 1.3868e-07 5.32555e-05 0.00443605 0.00457635 0.0420293 5.34763e-08 0.839815 5.00158e-08 3.63015e-08 0.0818901 0.0208863 2.3148e-08 
