0.0223063 0.00209396 0.0685146 3.28731e-05 0.000893006 0.000269554 0.00133638 0.000842588 0.00117484 0.0486777 0.0549251 0.0564936 0.64855 0.000126918 0.0789589 0.00143081 0.000230969 0.0066894 0.00645278 2.92735e-10 
0.0407283 0.00954009 0.00463767 1.5374e-08 0.00192014 1.24183e-07 0.600146 0.00472705 0.0120742 0.0668213 0.000332908 0.0109846 0.00109344 3.59847e-08 0.116872 0.076155 5.8741e-06 0.052164 0.00179633 1.2102e-11 
0.120039 0.000734015 0.00483343 4.24552e-05 0.00792233 0.00061615 0.00167 0.00852451 0.00315166 0.00306487 0.414455 0.0113731 0.0270102 0.00444701 0.0111534 0.000150705 0.0434063 0.00966952 0.327736 3.49063e-11 
0.0827714 0.00494281 0.310551 1.70586e-06 0.000400827 3.20954e-06 0.000280152 0.000111875 0.0433433 0.0207089 6.37553e-06 0.0127873 0.03628 0.000368491 0.317714 0.0449454 1.76436e-06 0.0635003 0.0612807 4.51682e-09 
0.000136724 0.00121436 0.00202342 9.09945e-08 1.08145e-05 1.21889e-06 2.50031e-05 0.01186 0.0023036 0.0193515 0.000664929 0.00211746 0.000102259 3.50746e-05 0.0167773 0.925738 2.49944e-05 0.0164226 0.00119033 5.31958e-13 
0.0458236 0.0259237 0.360409 1.85618e-06 0.0187735 6.74193e-05 0.00513362 0.000602481 0.0073056 0.0367405 0.0493238 0.149526 0.127884 1.4781e-05 0.0592614 3.4763e-05 0.0152924 0.0867009 0.01118 2.0562e-06 
0.0621374 0.0654394 0.131346 1.13784e-05 0.0118853 0.0112812 0.000386541 0.00549707 0.00183747 0.0568139 0.020566 0.0447621 0.390616 0.000649115 0.0332203 0.000103314 0.000212299 0.0948365 0.0683987 2.44339e-07 
0.0219087 0.059718 0.354829 2.79695e-08 0.00109018 5.20691e-07 8.54399e-07 0.000827502 0.00454754 0.133772 3.99606e-05 0.0618731 0.0350988 0.000130862 0.040183 0.005536 1.31219e-05 0.213978 0.0664531 1.08271e-09 
0.0312646 0.00987533 0.0513829 0.00010902 0.027705 2.07579e-05 0.000442426 0.0123477 0.0251207 0.082448 0.000975101 0.315909 0.010839 0.00256083 0.170625 0.00438234 0.00592323 0.183219 0.0648494 3.54412e-08 
0.000598205 5.05275e-05 0.0427908 1.22224e-09 0.000392891 6.83566e-07 5.66041e-06 5.26908e-08 0.000609688 0.00129161 0.000120435 0.00640899 0.000243593 7.67767e-06 0.0248126 4.92926e-05 2.8987e-06 0.919874 0.00274027 5.66467e-10 
0.0272347 0.0137784 0.00700348 2.41967e-06 0.00585305 0.000271115 0.00456559 0.00463432 0.00305408 0.0784944 0.00134745 0.051898 0.603591 0.0782294 0.0489667 0.0169448 0.00254385 0.0432497 0.00825977 7.75456e-05 
0.106368 0.0316714 0.000599934 1.07895e-06 7.41529e-05 3.87638e-06 1.77675e-06 1.41955e-05 1.1249e-06 0.00999618 2.22439e-06 0.0461348 0.222384 6.75515e-05 0.0270144 1.30136e-06 1.34445e-07 0.00303097 0.552633 6.12715e-10 
0.114734 4.23282e-06 0.143517 4.22711e-06 0.0825504 4.22865e-06 4.22999e-06 4.23361e-06 0.035565 0.0275256 0.0194607 0.126177 0.323411 0.00804232 0.0592764 4.23241e-06 0.00593054 0.0537764 4.23392e-06 4.22631e-06 
0.003563 0.00074231 0.108763 4.58405e-08 0.0338529 0.000473686 0.000371183 0.0018045 0.0140587 0.0224402 7.98575e-05 0.0333441 0.048267 0.00177953 0.271994 0.00710058 7.34232e-06 0.199786 0.251572 6.83835e-12 
0.0147864 0.0690604 0.103567 1.29273e-05 0.0174562 4.5785e-05 0.00206771 0.00759973 0.00933229 0.139688 0.00168212 0.0376433 0.435278 0.000231622 0.0496103 0.0273151 0.000184141 0.0244123 0.0600278 5.75219e-10 
0.0944582 0.00327339 0.0126156 4.03548e-05 0.575084 5.84372e-06 0.000368207 0.00041153 0.00714231 0.022624 5.94528e-05 0.0146822 0.00121896 7.18316e-05 0.00257764 0.000821327 0.00279043 0.183811 0.0779346 9.11595e-06 
0.00740219 0.00637662 0.00423031 3.82416e-05 0.0138395 5.79165e-12 0.0385625 0.111881 0.00884991 0.369004 0.000108262 0.015097 0.000156438 0.0014228 0.168577 0.0856309 6.80618e-05 0.118454 0.0503007 3.92121e-09 
0.0165198 0.00254024 0.0124837 1.28185e-05 0.000534132 2.845e-06 0.0141872 0.000520373 0.772877 0.0226024 0.000305087 0.0386074 0.000551292 0.00323359 0.0374997 0.00116185 0.000307502 0.0673319 0.00872137 1.48072e-10 
0.00586272 0.00189934 0.000983391 7.06462e-13 0.000261489 1.036e-07 0.901703 0.0237347 0.0126361 0.00641888 0.000118569 0.000909099 0.00120895 0.00204972 0.0166825 0.000321 0.000623238 0.00155639 0.023031 7.82591e-13 
0.000140667 8.35996e-05 0.000770246 3.16985e-10 3.32429e-05 0.000420917 1.57915e-05 0.00154803 0.000201052 0.00205607 0.984699 0.000759299 0.00065455 1.66916e-05 0.00173605 0.00327123 0.000700803 0.00219054 0.000702606 7.22076e-13 
0.00014391 3.93268e-07 1.8515e-05 1.27558e-07 5.51484e-06 0.998898 3.16701e-08 1.48679e-05 6.81408e-06 1.33082e-05 2.3968e-06 2.47458e-06 0.000474941 2.76748e-06 3.61171e-06 5.7241e-06 0.000133441 0.00012537 0.000146593 1.05328e-06 
0.00329354 0.010816 0.0908218 1.83116e-05 0.00764727 0.000243368 0.0478169 0.0278622 0.0577138 0.0855481 0.00206442 0.0667774 0.103555 0.00335761 0.338001 0.0156689 0.000470331 0.0716996 0.0666243 1.93893e-07 
0.0796736 0.00519544 0.00500748 9.37363e-05 0.0724618 9.57964e-05 0.0118361 0.0289074 0.0417134 0.40279 0.0284488 0.0301867 0.0701042 0.0148481 0.0157409 0.000878317 0.00594956 0.0734096 0.112659 5.82901e-08 
0.000243483 0.00281259 0.0116776 7.29228e-09 0.000322392 7.61018e-10 5.26731e-05 0.00310203 0.00330007 0.0181294 9.58664e-06 0.00534887 0.000282136 0.000150238 0.00618248 0.941171 6.59888e-06 0.00518499 0.00202433 7.04136e-12 
0.332107 0.0012146 0.0253988 0.000204822 0.0135626 0.000765545 0.0043511 0.009723 0.122888 0.0352763 0.00101799 0.158296 0.0478941 0.00116721 0.0191599 0.00125045 0.000225907 0.0603238 0.1649 0.000272447 
0.0922744 0.0422088 0.275279 6.51034e-07 0.0027728 8.47621e-06 6.53089e-05 0.000306174 0.00428631 0.0912374 0.00047674 0.0199885 0.0740361 0.0165319 0.100728 0.155201 3.06741e-05 0.124271 0.00029538 3.79332e-07 
0.0167522 0.0371937 0.0811841 0.000330865 0.0354213 0.000299083 0.00223729 0.0724745 0.0207995 0.411123 0.0177642 0.0394922 0.0435933 0.00584404 0.0277759 0.0414756 0.000447178 0.0711826 0.0742169 0.000392287 
0.00119692 0.000106263 0.0191918 1.5957e-05 0.000782675 0.00108717 0.000660913 6.17093e-05 0.252986 0.000824192 0.0012272 0.00342472 0.0231343 0.00026032 0.0811654 0.000358641 0.00041807 0.293708 0.31939 3.79862e-12 
0.0054995 0.152756 0.00420773 1.5761e-05 0.000597764 6.30747e-06 0.000117319 0.000146077 0.109262 0.0263124 1.73493e-05 0.00589282 0.000753593 0.60746 0.000265847 0.0758475 0.00131102 0.000855487 0.00866905 5.66119e-06 
0.497215 0.00271545 0.0440651 0.000604821 0.0869317 0.00493038 0.00497453 0.00131615 0.0147637 0.0263879 0.00173591 0.0952887 0.0147264 0.000964752 0.028663 0.00058594 0.000982623 0.0641915 0.107231 0.00172593 
0.0161487 0.00377052 0.0457756 9.5265e-08 0.0001817 0.000280617 0.000275392 0.043597 0.00320986 0.194428 1.61483e-06 0.185851 0.157131 2.40633e-05 0.203233 0.0043855 4.09283e-06 0.0225678 0.119134 6.13374e-09 
0.000184024 0.000229037 0.000418801 4.91841e-06 0.00252821 2.87189e-07 0.990904 0.000230893 0.000673523 0.00124799 6.99428e-05 0.000237698 0.00116267 8.20341e-06 0.000548226 0.000141272 2.11935e-05 0.000911217 0.000477751 6.66446e-12 
0.0406416 0.338988 0.283441 2.29261e-07 0.000175624 4.35731e-10 6.6349e-07 0.000349166 0.0407672 0.0814503 5.77048e-07 2.83303e-06 0.0499553 1.57043e-06 0.100088 0.00201087 0.000310871 0.032408 0.0294081 6.10201e-10 
0.0315051 0.00136038 0.0134095 7.48376e-06 3.75205e-05 8.31395e-06 0.00506974 0.0422 0.0154971 0.0232328 0.00111271 0.0262999 0.00875581 0.100976 0.0970121 0.000749598 0.453206 0.00254403 0.177016 7.51677e-12 
0.0126675 0.00851683 0.0353113 3.98157e-08 0.0149932 1.54271e-06 3.41418e-06 0.0348504 0.0438634 0.0440981 9.23897e-05 0.158599 0.000372918 7.41017e-05 0.317951 0.00481813 3.12624e-05 0.296526 0.0272276 1.56981e-06 
0.221074 0.00911913 0.0239564 0.00010797 0.298832 6.42753e-06 0.00389902 0.0206178 0.00873284 0.0599861 0.0195517 0.185141 0.0268111 0.000111921 0.00193667 0.000897095 2.09803e-05 0.0738407 0.0444353 0.00092223 
0.0343131 0.00922338 0.00641562 2.28713e-06 0.0886616 3.87446e-05 0.000141759 0.00380756 0.0235608 0.0150922 6.8775e-06 0.0758662 0.0218195 0.000498868 0.0103877 9.74705e-05 4.82712e-05 0.482538 0.227276 0.000204909 
0.00409368 0.00596894 0.00261676 2.23729e-06 0.000249893 3.71532e-07 0.00222623 0.811296 0.00380491 0.0787001 0.000403687 0.00234853 0.00165697 0.000848979 0.067579 0.00505852 3.62927e-05 0.00444277 0.00866653 2.27163e-12 
0.000512312 0.000139844 0.0469838 5.19729e-05 0.00949084 0.000986966 0.00192715 0.000312193 0.00952112 0.01667 0.00230602 0.0043794 0.40145 0.00231808 0.0106159 0.0142658 0.00050715 0.243123 0.234439 8.92162e-11 
0.20074 0.00375243 0.0449369 5.01942e-06 0.00299153 5.23076e-07 0.00150385 0.00609786 0.158827 0.027062 0.00169283 0.197345 0.0328631 0.00753979 0.120924 0.00152737 8.53591e-05 0.123909 0.068194 1.60488e-06 
0.0407283 0.00954009 0.00463767 1.5374e-08 0.00192014 1.24183e-07 0.600146 0.00472705 0.0120742 0.0668213 0.000332908 0.0109846 0.00109344 3.59847e-08 0.116872 0.076155 5.8741e-06 0.052164 0.00179633 1.2102e-11 
0.00258117 0.0167758 0.263074 1.05792e-05 0.00120258 2.62706e-08 0.000650787 0.000565523 0.2659 0.069065 8.88071e-05 0.109325 0.00429326 0.000691166 0.135597 0.0236491 0.000189099 0.0751209 0.0312206 4.06459e-09 
0.0144699 0.0263426 0.044183 0.000132985 0.00183764 9.65113e-06 0.00114701 0.00630692 0.0656339 0.174915 0.00013578 0.059436 0.0488788 0.00430572 0.429749 0.00539986 0.000814787 0.0933929 0.0229083 3.89126e-07 
0.249785 0.000886652 0.00574739 9.3319e-05 0.00588523 8.63909e-06 0.0110354 0.00394621 0.00892261 0.0100513 0.000966008 0.140955 0.0116792 0.000336252 0.0308674 0.000103763 0.00954147 0.00576134 0.503428 3.61347e-12 
0.0357996 0.0144543 0.0103025 6.34446e-06 0.0157734 2.10675e-06 3.2021e-05 0.00125872 0.208006 0.0109898 2.79028e-05 0.130444 0.000963658 7.37584e-05 0.00427104 0.000273527 4.86703e-05 0.551605 0.0156593 8.35455e-06 
0.000261973 0.000574301 0.0167415 9.56886e-10 2.42292e-08 7.13454e-08 0.904519 5.23874e-06 0.00241817 0.0202979 7.15392e-07 0.0124051 0.0344774 0.00365717 1.0042e-10 0.000579222 1.74749e-05 0.00033711 0.00370798 1.06e-09 
0.285299 0.00189188 0.0891514 1.29063e-07 0.0619405 0.144805 0.000181374 2.3666e-05 0.00278174 0.0360856 0.0115099 0.117734 0.167917 5.86907e-07 2.45504e-07 4.55198e-07 0.000726635 0.0143033 0.0655937 5.27789e-05 
0.352534 0.000252517 0.0311857 3.17954e-08 0.22373 6.87239e-07 0.00608183 3.24408e-05 0.00358244 0.0343643 0.107783 0.176207 0.00945577 0.00279696 0.00284918 7.76364e-07 0.000186606 0.0412557 0.00253953 0.00516105 
0.00812393 0.000551893 0.0206914 7.46919e-08 0.0024924 0.000120899 0.0018181 0.00173154 0.122564 0.0125508 2.69557e-05 0.0500131 0.0202745 0.0133135 0.209194 0.00202792 5.14111e-05 0.118908 0.412799 0.00274714 
0.0175405 0.00283706 0.0527782 0.000179963 0.00612402 0.000100682 0.0109667 0.000175728 0.033662 0.0168538 0.000583189 0.00510578 0.0504905 0.00989083 0.0190308 0.000880362 0.716202 0.0219896 0.034335 0.000273336 
0.0766876 0.0823994 0.100153 0.00154687 0.0354601 0.000723237 0.00441483 0.00955286 0.055849 0.10073 0.0185653 0.065039 0.217907 0.00392609 0.041424 0.00291789 0.00241666 0.0767378 0.103536 1.27039e-05 
6.85963e-08 0.0171212 0.0166214 2.39525e-11 0.000298122 0.00156324 6.17865e-07 4.26331e-06 1.02702e-06 0.507364 0.134491 1.69606e-06 0.272978 0.0039181 6.52609e-06 0.013481 0.000962253 0.0164212 0.0147666 2.65337e-11 
0.0599368 0.00626721 0.0456047 0.000100003 0.0202098 0.000535826 0.000440425 0.00858136 0.0952481 0.0294844 0.000314676 0.183687 0.0171117 0.00106166 0.0962767 0.00300289 0.000402477 0.16265 0.269084 5.5537e-07 
0.0618073 0.119836 0.0457047 9.76507e-07 0.00618475 0.0779533 2.61487e-05 9.74689e-05 0.0226523 0.0560921 0.00065569 0.0614614 0.307964 4.11709e-05 0.0147094 0.000413765 0.000117419 0.0809154 0.143365 1.21774e-06 
0.28513 0.183409 0.00429415 1.04251e-06 2.85345e-05 1.8192e-07 0.000148584 1.01217e-05 0.0372676 0.0101079 6.40413e-09 0.363364 0.00675348 0.000293232 0.0288186 0.000399607 2.95189e-05 0.0182345 0.0617074 3.27108e-06 
0.0407283 0.00954009 0.00463767 1.5374e-08 0.00192014 1.24183e-07 0.600146 0.00472705 0.0120742 0.0668213 0.000332908 0.0109846 0.00109344 3.59847e-08 0.116872 0.076155 5.8741e-06 0.052164 0.00179633 1.2102e-11 
0.00813136 0.000919901 0.0232255 3.98294e-06 0.00629104 0.00225778 0.000444389 0.00102397 0.00879265 0.0246546 0.586855 0.0265381 0.0347915 0.000179368 0.0494634 0.00783362 0.00262227 0.0917633 0.124208 1.15053e-10 
0.0125099 0.00307901 0.0139602 3.49874e-05 0.0107396 4.30792e-05 0.00284845 0.0171372 0.100894 0.0675705 0.00040099 0.0556044 0.014347 0.00833503 0.321573 0.00957972 5.80663e-05 0.247699 0.110418 0.00316844 
0.000310138 8.08779e-05 0.00384814 1.02834e-09 0.00132731 2.41697e-05 0.000526195 3.8519e-05 0.777006 0.000915903 6.26219e-09 0.00854114 0.00134105 0.000173738 0.0308907 0.000181285 5.35014e-05 0.120413 0.0543288 8.74625e-13 
0.0256665 0.137523 0.0108786 3.74225e-06 0.00175933 2.27191e-07 0.00499736 0.0310287 0.064265 0.441195 2.52305e-05 0.0138334 0.000222397 0.01135 0.0337463 0.0815937 2.83849e-05 0.138055 0.00382846 4.1966e-10 
0.000166269 4.0405e-06 0.988924 2.09468e-07 0.000207704 0.000164532 7.09753e-08 4.87006e-05 2.20446e-05 0.000476272 2.1233e-05 0.00068789 0.000284061 6.67874e-06 0.00179009 7.68796e-05 1.15482e-05 0.00156321 0.00554481 2.72337e-11 
0.0387138 0.00394635 0.0278424 2.59586e-05 0.000287076 1.11084e-06 0.0475149 0.00377874 0.0372836 0.0447869 0.000748833 0.0137855 0.379823 0.00387834 0.286479 0.00515782 0.000924643 0.0121676 0.0928544 7.44464e-11 
0.0240524 0.00156881 0.0158018 3.59892e-06 0.0224397 1.72392e-05 0.000353811 0.00468628 0.476123 0.0548501 0.000485686 0.0276815 0.00116995 1.93654e-05 0.00921559 0.0148176 0.000298447 0.288547 0.0578682 5.46427e-09 
0.0126792 0.000775305 0.0280481 2.99759e-07 0.0131694 0.000351423 0.000568072 0.00806693 0.391703 0.0302207 0.000179048 0.024991 0.424208 0.000690402 0.0189212 0.000192923 1.01285e-07 0.0127929 0.0324424 1.99341e-07 
0.0575624 0.00830455 0.0640428 4.51269e-05 0.0533398 0.000109396 2.91555e-05 0.00209568 0.0505817 0.0691492 0.000114461 0.125508 0.198561 0.000513174 0.142058 0.0118227 0.000173932 0.0705169 0.145465 6.04026e-06 
0.00169669 0.00317243 0.0204634 2.95775e-07 7.82967e-05 0.294965 0.00143589 0.000134714 0.00013479 0.0147713 1.48348e-05 0.0483355 0.0409007 9.33859e-06 0.00523826 0.000474882 5.39022e-05 0.000120057 0.567999 8.04883e-07 
0.000139436 0.00206354 0.360889 6.8298e-07 0.000962251 0.000960607 9.1354e-07 0.0100143 0.00223002 0.13723 0.0689223 0.0190173 0.255011 5.08251e-07 0.101152 0.00233537 9.61719e-05 3.11099e-06 0.0388899 8.18002e-05 
0.00466643 0.00849094 0.031363 3.62197e-05 0.00713477 1.85059e-05 0.00239538 0.0186284 0.243583 0.0778775 9.31262e-05 0.0373408 0.00926662 0.00169177 0.0453283 0.330843 0.000222617 0.0792071 0.101808 4.03008e-06 
0.0115587 0.00199655 0.144924 6.083e-05 0.0103097 0.000883338 0.00027422 0.0131641 0.0477016 0.0599304 0.0456335 0.0405709 0.030239 0.00104231 0.130201 0.124735 0.000541891 0.115195 0.221038 3.08235e-08 
0.147709 0.00189406 0.02489 0.000149167 0.0289856 4.94093e-05 0.00127151 0.00774018 0.130498 0.352933 0.00148629 0.0178427 0.0112718 0.00115807 0.0570454 0.0101267 0.056672 0.0502242 0.0980517 3.1867e-07 
0.0068427 0.00475663 0.20569 1.13313e-07 0.00543277 0.00047011 0.000111509 0.00296135 0.0283239 0.0996644 0.00821986 0.00483118 0.0541339 0.00743943 0.0582415 1.84253e-07 6.20432e-06 0.280227 0.232648 1.80977e-11 
0.0488453 0.0078061 0.0775833 2.72373e-10 0.00653471 3.88262e-07 0.563855 6.56701e-08 0.0457835 0.0032144 1.61261e-06 0.0429037 0.176157 0.000664894 0.0179324 3.41504e-07 0.00263734 0.00191513 0.00416431 3.01725e-10 
0.000166269 4.0405e-06 0.988924 2.09468e-07 0.000207704 0.000164532 7.09753e-08 4.87006e-05 2.20446e-05 0.000476272 2.1233e-05 0.00068789 0.000284061 6.67874e-06 0.00179009 7.68796e-05 1.15482e-05 0.00156321 0.00554481 2.72337e-11 
0.207543 0.0524355 0.0727984 0.000219843 0.0020305 2.95012e-05 2.19053e-05 0.0019416 0.0145412 0.209286 0.00300229 0.0254597 0.0737176 0.0105715 0.0573718 0.0607252 0.000386414 0.154803 0.0506818 0.00243313 
0.0297285 0.0427585 0.0352592 0.000140457 0.000921709 0.022022 8.03546e-05 0.00210586 0.00482759 0.0889931 0.000236787 0.0316405 0.189535 0.00900335 0.00815341 0.00206347 0.463716 0.0440555 0.0247403 1.88002e-05 
0.000874849 0.0136828 0.130222 1.68072e-07 0.00390759 0.00311639 0.00100356 0.00404288 0.0857826 0.0460816 0.000362186 0.108192 0.00365517 4.50249e-05 0.486803 0.000895168 1.47208e-05 0.0605855 0.050733 1.86184e-07 
0.000385347 0.0039976 0.00186357 1.16897e-05 0.000288485 1.02555e-10 0.000114859 0.00171132 0.00135759 0.0469443 5.51677e-05 0.00369396 0.86037 6.55607e-05 0.026108 0.0146349 3.04076e-05 0.0283987 0.00334419 0.00662385 
0.0117027 0.387308 0.0205637 2.48152e-09 0.00139193 2.13196e-06 0.0875521 0.00137059 0.0519323 0.0827629 0.00481308 0.0430106 0.00190795 0.002514 0.0702242 0.000234258 3.36093e-05 0.21939 0.0130827 0.000202944 
5.41966e-06 0.117591 5.41946e-06 5.41139e-06 5.4191e-06 5.41336e-06 5.41508e-06 0.0303558 5.41947e-06 0.561545 5.41469e-06 5.42019e-06 0.0103016 5.41583e-06 5.41985e-06 0.280125 5.41903e-06 5.42023e-06 5.42011e-06 5.41036e-06 
8.56528e-05 0.000471656 0.298986 7.52906e-09 4.46083e-05 2.59771e-12 4.83132e-05 1.78663e-08 0.0211328 0.00435606 1.03131e-08 0.0854232 0.00131603 0.00042685 0.451986 0.0125189 1.58529e-05 0.0878203 0.0353678 3.63785e-12 
0.00473307 0.00359948 0.017123 1.41068e-05 0.0333599 4.19538e-05 0.000545173 0.0587442 0.0650385 0.0155366 0.000259646 0.0512943 0.033494 0.000283954 0.0291752 0.000664353 0.00013142 0.558313 0.127643 5.1677e-06 
0.0268541 0.009926 0.0492292 8.12837e-05 0.00112117 0.00269267 0.000569292 0.00140061 0.0305733 0.209226 0.00148112 0.0338388 0.100996 0.00173197 0.0994603 0.00436381 0.000124301 0.352678 0.0736525 1.44729e-10 
0.0042726 0.000677002 0.117832 9.54067e-06 0.00131899 0.000235062 0.000672299 0.0292893 0.212357 0.0324177 0.000386962 0.027733 0.000949015 0.000207911 0.141479 0.0192106 2.12117e-05 0.408248 0.00268283 2.79733e-11 
0.00762231 0.00122776 0.00320536 4.63766e-08 0.000531937 5.82712e-05 0.000549607 6.9546e-07 0.00637079 0.000382762 0.000249068 0.0363699 0.938766 1.93849e-06 0.000200821 0.000205671 3.63915e-06 0.000321159 0.00393195 5.13742e-08 
0.0465577 0.00991234 0.473371 9.19699e-05 0.0485895 0.000250021 0.000860199 0.000100605 0.0217711 0.216758 0.0471159 0.0114666 0.0919863 0.0108564 0.00236505 0.00458737 0.00140373 0.00947281 0.00231746 0.000165655 
0.0433454 0.0293023 0.164284 0.000225617 0.0126003 2.04995e-07 0.00211232 0.136502 0.01295 0.0932069 0.00348598 0.10429 0.0951969 0.00129226 0.0583296 2.05178e-07 0.00266793 0.191155 0.0483983 0.000655825 
8.56528e-05 0.000471656 0.298986 7.52906e-09 4.46083e-05 2.59771e-12 4.83132e-05 1.78663e-08 0.0211328 0.00435606 1.03131e-08 0.0854232 0.00131603 0.00042685 0.451986 0.0125189 1.58529e-05 0.0878203 0.0353678 3.63785e-12 
0.119725 0.00270986 0.00752903 8.9552e-05 0.00459832 0.0056677 0.000450387 0.0012189 0.0168055 0.0135426 0.0532812 0.0299973 0.00870597 0.0607791 0.0179164 0.000344032 0.531878 0.0175491 0.102927 0.00428426 
0.0269097 0.01807 0.0511289 1.88602e-05 0.116144 0.00203519 0.00915199 0.160535 0.0181952 0.200199 0.00195695 0.111206 0.0147075 0.000402463 0.0131056 0.00323879 4.27934e-05 0.0841012 0.168852 6.33507e-09 
0.156032 0.00462092 0.0415982 0.000238734 0.00247729 3.87274e-05 0.0396282 0.00329059 0.0592726 0.0141715 0.0822268 0.0769931 0.0286201 0.0277077 0.0781047 0.00154829 0.000510249 0.158868 0.224051 6.73071e-08 
0.334614 0.00401273 0.0242328 3.48389e-06 0.00207028 3.30453e-08 0.000357172 1.56741e-05 0.054058 0.000691944 0.000703329 0.0584895 0.00105513 0.382211 0.0128903 1.35664e-05 0.014526 0.0444303 0.065625 7.43415e-11 
0.0105103 0.0184699 0.0448178 0.00030999 0.00705423 0.000394502 0.00042028 0.018713 0.0238801 0.549019 0.000513026 0.024549 0.0373683 0.0632449 0.0062631 0.105181 0.000739488 0.0516526 0.0367314 0.000168205 
0.000211294 0.00075733 0.038081 2.81709e-06 0.00129642 0.000136481 6.76139e-05 0.0336404 0.0338466 0.0212814 0.031857 0.00684427 0.00181414 4.33221e-05 0.0953767 0.0793917 0.000164564 0.645214 0.00997306 1.82513e-12 
0.0038788 0.000902158 0.00970918 0.000157668 0.00253855 2.91674e-06 0.000380245 0.0140299 0.268389 0.0101062 0.000179483 0.0429208 0.000514974 0.000327291 0.351829 0.000835953 0.00104779 0.253579 0.0386711 2.93807e-11 
0.0028683 0.00698255 0.113824 1.70164e-06 0.000120986 7.97426e-05 3.91613e-05 0.00660255 0.00944388 0.0583115 0.0018142 0.0285607 0.0499314 0.000153367 0.162547 0.0167023 0.000116293 0.518725 0.023175 1.39984e-11 
0.0415647 0.0380785 0.056187 1.04518e-09 0.00156098 3.11463e-09 0.000593484 0.0109483 0.000116982 0.0773064 4.77779e-08 0.506617 0.110237 9.08661e-09 0.0359419 0.00116225 6.5317e-05 0.0586816 0.0609385 8.44263e-12 
0.00322004 0.000112863 5.94501e-05 1.77124e-09 1.33917e-06 1.82582e-08 0.968732 0.000182265 0.000239724 0.00608734 3.36566e-08 0.00993748 1.39885e-06 2.95442e-07 0.00297094 1.72042e-05 5.5616e-06 6.52526e-08 0.00843161 1.96211e-09 
0.216191 0.00025421 0.0067666 0.000197741 0.00242765 0.00229398 0.00266603 6.24039e-05 0.00348487 0.000588903 0.00172672 0.0782147 0.0216331 0.000102113 0.0987543 0.000770912 0.000203901 0.0912841 0.467361 0.0050155 
0.00329874 0.000346274 0.0478526 6.23988e-06 0.00229958 4.93591e-06 0.000101716 0.000119663 0.00547177 0.00260596 0.479665 0.0365638 0.0429021 0.000963005 0.0439201 0.326564 0.000193501 0.00633972 0.000774523 6.9123e-06 
0.00014391 3.93268e-07 1.8515e-05 1.27558e-07 5.51484e-06 0.998898 3.16701e-08 1.48679e-05 6.81408e-06 1.33082e-05 2.3968e-06 2.47458e-06 0.000474941 2.76748e-06 3.61171e-06 5.7241e-06 0.000133441 0.00012537 0.000146593 1.05328e-06 
0.00692068 0.00125263 0.0052718 1.22496e-05 0.022134 2.49972e-05 0.000533829 0.0158717 0.452017 0.00621495 8.20499e-06 0.0581951 0.00297517 0.000362287 0.100474 0.000108739 1.31833e-05 0.0941145 0.233495 3.7712e-09 
0.0122136 0.00207669 0.136522 1.21108e-05 0.00386591 0.000276652 0.00594863 0.000135768 0.0162898 0.0384624 0.007289 0.00767168 0.692361 0.00085224 0.00819236 0.0199583 0.000548627 0.00397543 0.0379729 0.00537427 
0.00101774 0.0328549 0.209931 1.79927e-05 0.00578181 4.26238e-06 0.00139593 0.00181559 0.0055319 0.230413 0.00450568 0.0415923 0.297146 0.000973888 0.0259378 0.0460251 0.000200269 0.0619664 0.0328853 2.95422e-06 
0.691214 0.00547226 0.00451892 0.000179881 0.000368725 2.84666e-07 0.00840433 0.000676883 0.0108897 0.00402278 0.000216608 0.0269756 0.010073 0.108648 0.0275276 5.11223e-05 0.009531 0.0362807 0.0473993 0.00754947 
0.000140667 8.35996e-05 0.000770246 3.16985e-10 3.32429e-05 0.000420917 1.57915e-05 0.00154803 0.000201052 0.00205607 0.984699 0.000759299 0.00065455 1.66916e-05 0.00173605 0.00327123 0.000700803 0.00219054 0.000702606 7.22076e-13 
0.0357313 0.0165087 0.14568 0.000115759 0.0628383 0.000929898 6.4293e-05 0.00193998 0.00122979 0.500171 0.000141343 0.0874929 0.0366883 0.0035943 0.00139147 0.00204007 2.58529e-05 0.0582441 0.0279947 0.0171786 
0.0220124 0.0205837 0.0923201 3.02734e-07 0.00524507 3.02845e-07 3.02941e-07 0.00494245 0.0539675 0.168051 3.02919e-07 0.218536 0.0237075 0.00154551 0.139688 0.00769942 3.03162e-07 0.0404208 0.201279 3.02677e-07 
0.302446 0.00932124 0.007584 2.10376e-05 0.00343062 7.66567e-05 0.0179181 0.00162166 0.00166421 0.0332681 0.00104655 0.0855279 0.472482 2.21704e-06 0.0210377 0.000727156 6.91344e-05 0.00877773 0.0329774 6.87592e-09 
0.0131226 0.00128387 0.0164218 7.1219e-06 0.00216125 1.59028e-07 0.000365861 0.00553654 0.135949 0.0320113 0.050314 0.0130911 0.0423423 0.460918 0.0156855 7.38407e-05 0.123415 0.00438889 0.0829115 7.94204e-07 
0.00280208 0.00139125 0.0282031 1.93717e-05 0.000877718 0.000126386 0.00382128 0.00109858 0.284015 0.0265975 0.0823081 0.0217058 0.000324471 4.551e-05 0.150369 0.0134823 0.000661173 0.371377 0.0107737 3.53323e-07 
0.00937275 0.000666974 0.0145654 6.06925e-05 0.00251834 0.000237197 6.41732e-05 0.00101866 0.00388753 0.00809665 0.236778 0.0107936 0.00524538 0.0381653 0.00546161 0.00464343 0.568432 0.0399668 0.0500255 3.08969e-07 
0.000385347 0.0039976 0.00186357 1.16897e-05 0.000288485 1.02555e-10 0.000114859 0.00171132 0.00135759 0.0469443 5.51677e-05 0.00369396 0.86037 6.55607e-05 0.026108 0.0146349 3.04076e-05 0.0283987 0.00334419 0.00662385 
8.7522e-06 2.94427e-05 1.66085e-05 5.45999e-13 5.87916e-10 1.72132e-07 0.995262 6.8917e-05 0.00426764 9.02891e-05 6.26736e-10 1.86777e-06 1.05666e-13 4.95887e-06 5.72998e-14 2.2657e-06 6.29689e-05 7.52933e-05 0.000109304 6.04836e-13 
0.0567325 0.0101226 0.0965853 4.19293e-05 0.00898466 7.71725e-08 0.0015479 0.0342809 0.0129115 0.133491 0.0001045 0.185684 0.155923 0.000382459 0.125498 0.0498714 0.000272512 0.00753282 0.120029 3.86961e-06 
0.000524237 0.0452261 0.0181947 5.93001e-07 0.00213135 1.06037e-05 0.000284868 0.0348134 0.00259601 0.789736 2.94829e-07 0.00407288 6.74119e-05 0.00110423 0.00432247 0.0273184 2.0708e-06 0.0332326 0.0363094 5.21186e-05 
0.00705874 0.000589562 0.00481781 8.50362e-07 0.010529 1.55021e-05 4.21771e-05 2.92498e-05 0.000947861 0.00152177 0.000230903 0.00805671 0.0549832 0.00101399 0.00523926 9.93604e-05 0.000117753 0.370965 0.533741 2.48786e-10 
0.00152457 0.00546669 0.212775 2.33738e-08 0.000233812 0.0305251 0.000360793 0.0103438 0.00104613 0.112144 0.112916 0.0432564 0.299962 0.00074461 0.0558912 0.00676185 0.000470986 0.0518564 0.0537217 3.39643e-11 
0.120293 0.105309 0.0619191 1.39951e-08 0.00640059 2.66665e-07 0.000207665 3.71586e-05 1.15028e-06 0.00207158 5.81378e-07 0.230629 0.0183667 7.46433e-09 0.410012 0.0139972 2.28816e-06 0.0245528 0.00618808 1.16824e-05 
2.01145e-05 5.14404e-06 0.813549 4.19677e-08 6.48003e-06 6.53372e-05 2.38911e-05 1.84399e-06 2.77356e-06 0.0365855 2.29093e-05 0.0815214 3.15774e-06 1.55768e-06 0.0573776 0.00835891 1.59874e-05 0.000255666 0.00217157 1.08355e-05 
0.000401979 0.00207603 0.00103988 3.436e-10 0.0101811 3.70316e-10 0.000473166 0.814642 0.00128436 0.0498282 1.43794e-08 0.0150014 7.72733e-05 0.000196542 0.076 0.00359539 9.34619e-06 0.0174757 0.00771821 1.22321e-12 
0.012677 0.00772494 0.0444474 1.54243e-05 0.00170465 0.000255532 0.000477879 0.000422297 0.00605039 0.176559 0.0315759 0.0421629 0.551543 0.00395795 0.0748315 0.0035322 0.000390005 0.0166985 0.0249741 2.17957e-08 
0.0328843 0.00825737 0.0551104 0.000152926 0.0737935 0.0125397 0.00283963 0.000645177 0.011564 0.0408484 0.00153801 0.126087 0.0140099 0.00246664 0.331483 0.0011365 0.000144783 0.144097 0.13992 0.000480486 
0.00284534 0.0912068 0.0745738 6.65839e-08 8.03244e-05 1.83654e-08 7.08293e-07 0.000408153 0.000709325 0.178325 1.40395e-06 0.0319611 0.000360478 0.574846 0.019787 1.25589e-06 5.32974e-05 0.0146038 0.0102359 1.43505e-09 
0.0330426 0.12194 0.103032 2.22234e-05 0.00890343 4.19455e-06 0.00168963 0.0031593 0.091811 0.0538161 0.00120827 0.25297 0.00955771 0.00185212 0.0701044 0.0116164 8.9759e-05 0.180007 0.0551704 3.81213e-06 
0.000166269 4.0405e-06 0.988924 2.09468e-07 0.000207704 0.000164532 7.09753e-08 4.87006e-05 2.20446e-05 0.000476272 2.1233e-05 0.00068789 0.000284061 6.67874e-06 0.00179009 7.68796e-05 1.15482e-05 0.00156321 0.00554481 2.72337e-11 
0.0204076 0.0589323 0.0270577 5.39366e-05 0.00101718 6.40536e-06 0.010255 0.00750027 0.0148983 0.721049 0.0231074 0.0131232 0.015893 0.00898147 0.0271404 0.0158545 0.000230497 0.00724216 0.0272426 7.43503e-06 
0.00593835 0.165683 0.0225625 1.72297e-08 0.00137064 6.74118e-06 0.0033349 0.000516537 0.0225361 0.0775843 0.000169228 0.181763 0.00866838 0.00382182 0.340338 0.00944845 1.63502e-05 0.127771 0.0284709 1.11051e-11 
0.000177745 0.0032604 0.0839115 1.80352e-06 0.0030669 2.0844e-09 0.000343081 0.000526728 0.0322423 0.0172009 8.19161e-05 0.185152 0.001359 8.42186e-05 0.347085 0.0448253 7.24421e-05 0.221518 0.0590911 1.68193e-11 
0.00396849 0.004932 0.00144343 1.38324e-06 0.000521581 1.21328e-07 0.00365829 0.675386 0.00211133 0.171862 0.00111388 0.00469781 0.00234661 0.0322016 0.0755442 0.00815268 0.000238383 0.0062473 0.00557267 1.55701e-12 
0.143514 0.0793274 0.0852554 8.16709e-06 0.0244327 5.98166e-08 0.205431 0.00211639 0.00254484 0.140194 0.0621946 0.177586 0.036552 0.000702061 0.00318319 0.000845667 0.000123876 0.0180313 0.0179348 2.23543e-05 
0.0220124 0.0205837 0.0923201 3.02734e-07 0.00524507 3.02845e-07 3.02941e-07 0.00494245 0.0539675 0.168051 3.02919e-07 0.218536 0.0237075 0.00154551 0.139688 0.00769942 3.03162e-07 0.0404208 0.201279 3.02677e-07 
0.000720344 0.000268932 0.0199236 4.84785e-06 0.00115332 5.37669e-06 0.000274883 0.00576573 0.439134 0.0183104 2.41536e-05 0.0133275 0.000446219 0.000102264 0.111725 0.00703587 1.35777e-05 0.346015 0.0357489 8.87411e-08 
0.0211029 0.00342118 0.0301032 2.93989e-05 0.000400872 0.000149593 0.000118183 0.000200972 0.0883642 0.0320127 0.000266459 0.00924664 0.587003 0.00116866 0.0802426 0.00365696 0.00623575 0.0677061 0.0685689 1.66781e-06 
0.0272825 0.00458272 0.00713712 5.27033e-08 0.00176671 1.51177e-11 0.000511263 0.000435824 0.00333159 0.00612057 0.000268187 0.383923 0.01256 0.000971755 0.0238024 0.00012427 1.6202e-05 0.00178452 0.525381 2.11709e-11 
0.0212065 0.00518792 0.0226646 8.77938e-05 0.000850914 0.000225604 0.00640556 0.000508601 0.713622 0.024714 0.000689 0.0417559 0.0304195 0.00654832 0.00239098 0.00122967 0.00372829 0.00224543 0.11552 1.30829e-09 
0.0127043 0.00912289 0.071751 2.49044e-07 0.000129719 9.83349e-05 0.000109021 0.00130321 0.0457056 0.0618774 0.065471 0.0329657 0.389136 0.00349479 0.216652 0.000441075 0.00252697 0.0141159 0.0723947 6.32664e-11 
0.0157812 0.232401 0.00632555 9.66143e-05 0.000300285 3.92098e-06 0.000161607 0.000195871 0.105538 0.014242 0.000253356 0.0247494 0.00432724 0.327458 0.00936659 0.0554309 0.162627 0.0216094 0.0191318 2.35524e-09 
0.00956429 0.00116479 0.0119896 1.38191e-05 0.00070373 2.85282e-06 6.32835e-05 0.00317916 0.806365 0.00680237 0.000309542 0.0163439 0.00522839 0.000714182 0.0159845 0.0222235 0.0396716 0.0393235 0.0203519 2.27911e-08 
0.00166249 0.00704652 0.0613407 2.86982e-06 0.00139638 1.63733e-05 0.000202885 0.00878598 0.250174 0.0213093 0.000297326 0.0662597 0.00321113 0.000444693 0.136008 0.0387227 3.91097e-05 0.355523 0.0455141 0.00204267 
0.0162849 0.0751229 0.0186667 4.27707e-05 0.00360461 3.81824e-05 0.00387278 0.0825923 0.0111865 0.397478 0.00389718 0.0161068 0.00729462 0.00339132 0.0262877 0.290224 0.00889539 0.0225494 0.00845672 0.00400665 
0.000385347 0.0039976 0.00186357 1.16897e-05 0.000288485 1.02555e-10 0.000114859 0.00171132 0.00135759 0.0469443 5.51677e-05 0.00369396 0.86037 6.55607e-05 0.026108 0.0146349 3.04076e-05 0.0283987 0.00334419 0.00662385 
0.00614101 0.00185125 0.0150979 3.88805e-06 0.00290988 2.58492e-05 0.000402201 0.00454719 0.0070002 0.015853 0.00767462 0.0373648 0.0273708 0.000164224 0.708579 0.00321365 1.02184e-05 0.0745244 0.0872658 4.33518e-10 
0.00476018 0.000652027 0.00375031 0.000114905 0.000489472 0.000410036 7.70345e-05 0.00179199 0.00438895 0.00733606 0.200925 0.00888463 0.00141856 0.00208748 0.00898803 0.00490465 0.721418 0.0154023 0.0122004 6.19353e-09 
0.000425897 0.000220443 0.00403437 1.60223e-07 4.25939e-05 3.68903e-05 0.000196981 8.90879e-05 0.00014794 0.00146182 3.50069e-07 0.00471624 0.984762 2.50865e-05 0.00232355 0.000301611 3.35936e-05 0.00103868 0.000142235 1.65819e-10 
0.00896674 0.00246127 0.00496238 0.000114615 0.000535012 4.03731e-07 0.000942168 0.0178612 0.0225521 0.021297 0.000194468 0.0066103 0.0105847 0.542741 0.00719346 0.0066256 0.332555 0.00280433 0.0109937 4.51361e-06 
0.0586661 0.00194419 0.00822689 2.53069e-06 0.000449831 1.89702e-05 0.757041 0.0251018 0.00258045 0.0140077 0.00238027 0.0368743 0.00995932 0.0010871 0.0455041 0.000545315 0.00101788 0.0121218 0.0224704 2.28322e-11 
1.18249e-05 0.000333423 0.0226277 6.93229e-10 1.60775e-05 5.48363e-10 4.54831e-05 0.00106811 0.000165494 0.0108991 6.71266e-06 0.00119771 0.278563 1.16375e-05 0.00363564 0.629723 0.000219192 0.000960778 0.0505152 7.67933e-10 
0.0531867 0.00787133 0.0123148 8.88678e-07 0.014339 8.24654e-06 0.000801027 0.000560179 0.0663381 0.0403543 0.00016991 0.262137 0.00274238 0.000229216 0.266931 0.011292 1.57887e-05 0.188245 0.0724631 6.49814e-11 
0.000140667 8.35996e-05 0.000770246 3.16985e-10 3.32429e-05 0.000420917 1.57915e-05 0.00154803 0.000201052 0.00205607 0.984699 0.000759299 0.00065455 1.66916e-05 0.00173605 0.00327123 0.000700803 0.00219054 0.000702606 7.22076e-13 
0.0358419 0.00364462 0.0473447 4.69459e-05 0.0111223 1.71899e-05 0.00678215 0.00633571 0.0865795 0.0528474 0.00898154 0.0916156 0.422828 0.0114199 0.00961451 0.00188053 0.00746127 0.139993 0.0556096 3.37744e-05 
0.000162212 0.0175437 0.027809 9.84084e-09 6.61876e-05 2.83467e-11 3.3711e-05 0.000145623 0.00506472 0.0865394 5.60515e-08 0.267868 0.00069601 5.70989e-06 0.337803 0.0157077 1.99453e-06 0.230616 0.00993593 3.9697e-11 
0.00768332 0.090369 0.109691 5.60691e-06 0.00346868 4.94032e-05 2.76609e-05 0.0368574 0.00712644 0.13779 0.0057586 0.181973 0.0265725 0.000351387 0.19491 0.0191828 0.0139819 0.101629 0.0625729 3.57105e-09 
0.0295577 0.0911354 0.0181807 4.34143e-05 0.00395596 4.47671e-06 8.75998e-05 0.0253293 0.0158788 0.571378 0.00177237 0.0280732 0.0271284 0.000657054 0.0323765 0.033908 0.026567 0.0287126 0.0652024 5.14676e-05 
0.08392 0.0120072 0.0710922 6.13789e-05 0.0488457 1.11015e-05 0.00200447 0.0206914 0.0479452 0.0542514 0.00144795 0.150714 0.00572917 0.00187551 0.0343788 0.0138932 8.8642e-05 0.431986 0.0178474 0.00120928 
7.70927e-08 0.00844793 0.0647015 7.69749e-08 7.70846e-08 0.000254187 7.70275e-08 0.0252173 0.102345 0.0791215 0.00191792 0.0756584 0.00265946 0.00117105 0.231102 0.0164626 0.000508829 0.374157 0.0162757 7.69603e-08 
0.000177745 0.0032604 0.0839115 1.80352e-06 0.0030669 2.0844e-09 0.000343081 0.000526728 0.0322423 0.0172009 8.19161e-05 0.185152 0.001359 8.42186e-05 0.347085 0.0448253 7.24421e-05 0.221518 0.0590911 1.68193e-11 
0.203034 0.00104003 0.0114135 9.12672e-11 0.0138118 3.09639e-08 0.000173467 1.11265e-11 0.2769 2.4576e-08 5.94371e-11 0.109471 4.10497e-08 1.23997e-08 0.00213302 9.92e-09 3.42215e-08 0.339453 0.0425705 1.01102e-10 
0.952688 4.23671e-06 0.00025647 2.1189e-06 0.00187084 0.00263356 0.00069619 0.000292665 0.000160989 0.00450176 0.000108649 0.00770723 0.00643992 2.9979e-05 0.00109828 8.20056e-05 0.00310763 0.00306828 0.0152512 2.4712e-09 
0.211698 0.000425478 0.165708 4.45005e-07 0.027943 1.17018e-07 3.99558e-05 2.01579e-05 1.32934e-06 0.0253044 0.00057733 4.67412e-05 7.23347e-05 5.54236e-07 0.0751429 5.84822e-05 1.01414e-05 0.374001 0.11895 7.16384e-09 
0.156328 0.00364663 0.128293 0.00029471 0.0175488 0.0352222 0.000265075 0.00148839 0.00811989 0.0605164 0.0112495 0.0564243 0.0542327 0.0236076 0.0225898 0.000592874 0.0011662 0.142883 0.27553 4.97361e-08 
0.00368027 0.000476727 0.00442891 3.01773e-08 0.000882294 1.48831e-05 3.90593e-05 0.000188328 0.00242641 0.00175569 1.96527e-08 0.0160655 5.39822e-05 2.94464e-05 0.110308 8.05966e-07 4.9514e-06 0.85245 0.0071945 3.34292e-08 
0.455934 2.83477e-10 0.0948091 1.24798e-09 0.0519726 9.87188e-10 2.13635e-06 0.000185166 0.0118353 0.00803339 4.45931e-06 0.036423 0.00236973 0.229408 0.0172779 1.93809e-07 1.98783e-07 1.08431e-06 0.0917434 1.38247e-09 
0.079133 0.0347689 0.0737389 1.35573e-07 0.00722686 0.0115541 2.73042e-06 6.94842e-05 0.0133518 0.00858293 0.00013212 0.264891 0.0240585 0.000153255 0.0497698 0.000353782 6.39591e-06 0.152603 0.279603 4.98561e-10 
0.00813996 0.00643274 0.0322295 2.51796e-07 4.5466e-07 8.93592e-07 3.87175e-06 1.19249e-10 0.00709164 0.0132078 0.0016376 0.00527167 0.860082 0.000553065 0.0036888 1.59531e-06 0.000790064 0.00193926 0.0589278 9.94537e-07 
0.0110973 0.00613342 0.148827 4.6982e-05 0.0107968 6.63007e-05 1.86371e-05 0.000268369 0.00799061 0.183226 0.00755172 0.101989 0.137202 0.000102479 0.0888758 0.00509079 9.06082e-05 0.0175492 0.273078 1.03482e-07 
0.0546485 0.0374083 0.0380774 2.61682e-05 0.0280543 0.0281532 0.00148369 0.0135059 0.0026261 0.0378529 0.0256758 0.0469168 0.414308 0.000868819 0.0678406 0.0220055 0.000384477 0.0391431 0.133039 0.00798166 
0.0296584 0.0674406 0.166598 7.39122e-06 0.00043166 1.25491e-05 3.50625e-05 7.83993e-05 0.001772 0.0483251 0.000506352 0.285705 0.0532554 0.002165 0.00868657 0.00336325 3.84502e-05 0.0944082 0.237512 3.64513e-10 
0.0503664 0.00365508 0.0173651 0.000840397 0.0088217 0.00016843 0.00540087 0.0419278 0.0500367 0.0221546 0.0050369 0.0721282 0.00692373 0.052481 0.137248 0.00687991 0.0426152 0.0891734 0.384653 0.00212378 
0.00853142 0.00493153 0.0936367 1.25994e-11 0.00144618 9.98687e-05 7.85614e-08 8.32526e-08 8.39407e-07 0.0437885 0.000395474 0.0443911 0.191683 2.56034e-07 0.215008 0.000981347 6.14123e-08 3.93059e-07 0.395104 1.39571e-11 
0.0384133 0.0021667 0.1641 1.49729e-05 0.00114889 7.78345e-07 0.00137081 0.0236723 0.112566 0.0678854 0.00057647 0.0212548 0.0208258 0.00847773 0.230192 0.00430632 0.000338461 0.168831 0.133858 6.90161e-11 
0.0927054 0.0316251 0.0324384 0.000235528 0.0664205 8.86471e-05 0.00554692 0.00801968 0.056085 0.0365324 0.00156164 0.236961 0.00864203 0.00698814 0.0695875 0.00471515 0.00295822 0.142963 0.19574 0.000185462 
0.0394571 2.4524e-06 0.502511 8.32415e-08 0.0308775 5.98059e-11 4.76048e-07 6.13031e-06 6.96719e-07 0.0560431 0.00502335 0.0654275 0.0651686 2.54084e-07 0.000227751 2.13729e-11 1.90116e-07 0.167887 0.0673669 2.68092e-07 
0.108937 0.00218102 0.075674 0.000373011 0.00714685 2.17859e-05 0.000695741 0.00405894 0.0141984 0.0511818 0.00975242 0.0181493 0.0583837 0.0656465 0.0135538 0.0107533 0.460234 0.0162616 0.0827965 6.57909e-08 
0.00166582 0.0476547 0.0132051 6.6996e-10 0.00090373 2.40231e-05 0.0266705 0.000417745 0.0656451 0.0207268 0.615254 0.0720952 0.011188 0.0017017 0.00205783 2.61491e-05 0.000480514 0.058443 0.0618402 7.42156e-10 
0.000755369 0.00227734 0.00335343 2.16479e-06 4.99701e-05 1.2461e-06 6.58818e-05 8.34024e-05 0.807323 0.00414477 4.74425e-06 0.0272051 9.73545e-06 0.00165676 0.0283039 0.000936438 2.304e-05 0.119877 0.00392614 8.32278e-08 
0.000401979 0.00207603 0.00103988 3.436e-10 0.0101811 3.70316e-10 0.000473166 0.814642 0.00128436 0.0498282 1.43794e-08 0.0150014 7.72733e-05 0.000196542 0.076 0.00359539 9.34619e-06 0.0174757 0.00771821 1.22321e-12 
0.0424601 0.0249933 0.050521 5.03958e-07 0.0116689 2.55592e-05 0.00396825 0.0556261 0.0411853 0.193276 6.56779e-06 0.0640706 0.00957795 1.63261e-05 0.00342933 0.00302016 1.72157e-07 0.255347 0.240281 0.000525934 
0.0272825 0.00458272 0.00713712 5.27033e-08 0.00176671 1.51177e-11 0.000511263 0.000435824 0.00333159 0.00612057 0.000268187 0.383923 0.01256 0.000971755 0.0238024 0.00012427 1.6202e-05 0.00178452 0.525381 2.11709e-11 
0.00348534 0.000702471 0.167131 1.36584e-07 0.000228529 0.00910225 8.34871e-08 0.000218926 0.00913899 0.0130758 0.00206679 0.000278915 0.769097 0.00763503 1.0838e-05 0.0134386 1.09568e-05 4.75537e-05 0.00433066 1.51303e-07 
0.0300638 0.0837038 0.0782175 2.97531e-05 0.00289427 0.00020407 0.000283514 0.0272952 0.0222965 0.0509069 0.00320618 0.0687658 0.0475965 0.0003566 0.0698484 0.0087519 0.000294177 0.415034 0.0902412 1.02013e-05 
0.0659605 0.00688434 0.0277586 0.00053029 0.0978394 0.000440848 0.000569853 0.00854754 0.0223329 0.0308317 0.00250049 0.39116 0.00929936 0.00273039 0.0410976 0.00264411 0.000702446 0.157442 0.130068 0.000659113 
0.0153588 0.0496118 0.0293626 5.52294e-09 0.0231986 0.00165096 0.000127427 0.00708367 0.00183671 0.161469 0.0102134 0.0210346 0.392652 1.41846e-05 0.169241 1.96992e-06 0.00125872 0.0613975 0.0544837 3.97147e-06 
0.00320979 0.000312516 0.864444 1.75859e-07 0.00203821 0.000590308 1.54489e-05 0.00415149 0.00142414 0.0108883 0.000284811 0.00937272 0.0167443 0.000642889 0.0419087 0.000600869 0.000259212 0.00787261 0.0352391 1.3424e-07 
0.0976739 0.0143134 0.0626811 1.1534e-05 0.000807973 4.46984e-06 0.00846222 0.0434633 0.00578358 0.0348577 0.0249652 0.191103 0.0796281 0.241795 0.0499547 0.00158414 0.00156496 0.0196649 0.121681 6.77242e-10 
0.0751368 0.00141161 0.00040851 1.02837e-06 4.6663e-05 8.34364e-06 0.00550979 0.242019 0.00889436 0.0295443 0.108675 0.0268113 0.467931 0.00073887 0.00321626 0.000379172 0.000158244 0.000295096 0.0288137 2.19202e-09 
