0.0127054 0.00666482 0.0104439 5.72774e-08 0.0111992 1.07106e-05 0.00149018 0.000582832 0.0122651 0.024813 0.000124612 0.146738 0.00383357 8.98348e-05 0.650724 0.000397542 2.71249e-05 0.0881887 0.0297017 3.33286e-07 
0.0128089 0.81316 0.00704652 6.01714e-11 0.00245074 3.16552e-06 0.0359622 7.73144e-06 0.00206298 0.0440634 4.8599e-05 0.00572948 0.004143 0.0205494 0.000901848 0.0453456 0.000547159 0.00330889 0.00186093 6.66556e-11 
0.00670485 0.0263598 0.508046 5.98118e-09 0.00196368 0.000260408 2.66649e-05 8.60104e-05 0.00977981 0.116189 0.0570273 0.0182073 0.116716 0.00129585 0.009843 0.056068 0.000439349 0.0596768 0.0113102 6.62572e-09 
0.0335459 0.00254316 0.031943 2.349e-05 0.00335072 0.0658749 0.00290785 0.0661108 0.00339884 0.25751 0.0736056 0.0514597 0.148927 0.000171251 0.0999813 0.00539599 0.000746117 0.0642294 0.0877338 0.000541804 
0.0211305 0.000250916 0.0439328 8.14575e-07 0.00547356 0.0811926 1.44823e-05 6.48291e-05 0.00389027 0.00285527 0.00200959 0.0137727 0.572632 0.000187059 0.0515246 0.000253502 0.000201008 0.0799678 0.120576 6.93832e-05 
0.0343131 0.00922338 0.00641562 2.28713e-06 0.0886616 3.87446e-05 0.000141759 0.00380756 0.0235608 0.0150922 6.8775e-06 0.0758662 0.0218195 0.000498868 0.0103877 9.74705e-05 4.82712e-05 0.482538 0.227276 0.000204909 
0.000223788 0.00146952 0.0677337 1.16625e-06 0.00176455 0.00035745 0.000408301 0.000244709 0.0262543 0.037736 2.02842e-06 0.1788 0.00964488 0.000515363 0.238051 0.00286641 4.68023e-05 0.119329 0.314548 1.87864e-06 
0.0734842 0.00534251 0.0523183 4.40306e-05 0.189798 0.000553839 0.0186326 0.00808092 0.0581411 0.0671213 0.0232939 0.0468482 0.0216469 0.00131324 0.0256677 0.000530309 0.000482827 0.236568 0.167149 0.00298367 
0.012533 0.0551321 0.0448413 4.22695e-09 0.0017761 1.69181e-05 0.00024591 0.0129882 0.0075728 0.488912 0.0295978 0.0540175 0.0228948 0.000439013 0.200361 0.00142479 3.81321e-05 0.0396213 0.0275878 2.75896e-08 
0.00742672 0.000798325 0.0706068 6.79131e-07 0.00136401 0.241726 7.51105e-06 0.0002293 0.00195055 0.0081895 0.00684977 1.55001e-06 0.57164 0.000924954 0.0042661 0.000596851 0.000512587 0.0570384 0.0256836 0.0001863 
0.018971 0.00902151 0.150907 2.03719e-05 0.0396566 8.42554e-05 0.0369136 0.00344176 0.0341479 0.0482831 0.00094254 0.0325092 0.35428 0.000307861 0.0541466 0.0256015 0.000265578 0.103108 0.0848468 0.00254457 
0.00817472 0.045185 0.248381 9.15598e-09 0.0140023 9.93504e-05 0.00114958 0.000906615 0.00447222 0.581212 0.000421909 0.00648233 0.0502448 0.000274618 0.00571263 0.0236311 0.000165402 0.00595922 0.00329424 0.000230675 
0.00838663 0.00183207 0.0103199 2.75754e-05 0.0118027 0.000357029 0.185164 0.0288809 0.263085 0.0156909 0.00648478 0.0540458 0.0217493 0.00110318 0.115041 0.00047644 0.000704575 0.184489 0.0902416 0.000117661 
0.00158032 5.49012e-06 0.00130784 1.30564e-08 1.17324e-05 0.935516 1.1375e-05 4.88996e-05 0.000585135 6.16565e-05 0.000709762 0.000132588 0.0327143 0.000244284 4.93018e-05 2.04207e-05 0.000737116 0.00192234 0.0241458 0.000195511 
0.00586272 0.00189934 0.000983391 7.06462e-13 0.000261489 1.036e-07 0.901703 0.0237347 0.0126361 0.00641888 0.000118569 0.000909099 0.00120895 0.00204972 0.0166825 0.000321 0.000623238 0.00155639 0.023031 7.82591e-13 
0.00169669 0.00317243 0.0204634 2.95775e-07 7.82967e-05 0.294965 0.00143589 0.000134714 0.00013479 0.0147713 1.48348e-05 0.0483355 0.0409007 9.33859e-06 0.00523826 0.000474882 5.39022e-05 0.000120057 0.567999 8.04883e-07 
0.00753333 0.00861167 0.0406404 4.91799e-10 0.00472043 5.99557e-06 0.0018833 0.00650527 0.0683576 0.0384269 0.000831983 0.14427 0.00871574 0.00422268 0.373544 0.000926261 0.000224955 0.111538 0.179042 5.44796e-10 
0.0163916 0.012708 0.0373184 4.88327e-05 0.00954085 7.85209e-05 0.000816686 0.039694 0.169884 0.0337462 0.00173942 0.103395 0.00325475 0.000208434 0.169207 0.0134747 0.000155656 0.347096 0.0396879 0.00155406 
0.118898 0.00217279 0.00837027 1.25474e-05 0.0166546 0.000320117 0.000312144 0.00428978 0.0630313 0.0237233 0.000239973 0.585842 0.00301281 0.000914954 0.0103297 0.00102012 0.00859326 0.0931225 0.0590527 8.69039e-05 
0.00411103 0.00128872 0.00811406 1.66801e-12 0.00196216 2.36726e-05 0.00015559 2.33262e-05 0.771626 0.034234 7.54421e-09 0.0181577 0.00600117 0.00031557 0.0442892 0.00568645 0.000119397 0.0571513 0.0467402 1.84776e-12 
0.0120746 0.00343805 0.0136702 2.71087e-08 0.00274348 2.24974e-06 0.000289766 0.0158789 0.0406493 0.0549464 0.000129148 0.0898995 0.0364968 0.00300106 0.573688 0.00802061 0.000141689 0.107584 0.0373465 8.39367e-08 
5.65013e-07 0.0140235 0.0742081 5.82766e-08 0.00269507 6.73102e-06 5.05843e-06 3.46657e-05 8.35763e-06 0.30517 0.000295457 1.37922e-05 0.566522 0.00111092 5.30599e-05 0.00219044 0.000545065 0.0269538 0.00616358 6.45566e-08 
0.0554198 0.00123545 0.023099 1.40468e-05 0.000259911 0.00111188 0.0067179 0.00997241 0.0137963 0.00594683 0.00115075 0.0476261 0.00554957 0.449343 0.0772815 0.000269652 0.0204253 0.00157363 0.277379 0.00182755 
0.0534099 0.0400502 0.0452886 5.34166e-05 0.00269579 0.000256085 0.000598528 0.000124941 0.00288341 0.0693653 0.00187646 0.0675602 0.504408 0.00040735 0.169464 0.00200376 0.000349823 0.0300872 0.00901231 0.000104796 
0.0372027 0.01028 0.104213 2.06187e-07 0.00748985 9.11247e-07 0.00159077 0.000431262 0.0133973 0.193127 0.000115414 0.0237973 0.133874 3.03985e-07 0.395648 0.00442242 0.000322289 0.0108349 0.0628203 0.000432418 
0.0164703 0.0358574 0.0855261 1.60941e-06 0.00543978 6.02443e-06 0.000112074 0.0373634 0.0914339 0.0165893 0.00010177 0.218639 0.00765759 0.0003351 0.201671 0.0047012 2.17573e-05 0.230014 0.047746 0.000313017 
0.0343131 0.00922338 0.00641562 2.28713e-06 0.0886616 3.87446e-05 0.000141759 0.00380756 0.0235608 0.0150922 6.8775e-06 0.0758662 0.0218195 0.000498868 0.0103877 9.74705e-05 4.82712e-05 0.482538 0.227276 0.000204909 
0.347718 0.0100277 0.0638282 9.61382e-06 0.00248148 0.000548587 0.045619 0.000299153 0.00309943 0.0874753 0.00592883 0.0590696 0.29038 0.00686409 0.0402413 0.00346741 0.00102072 0.00740221 0.0243879 0.000132009 
0.00127194 0.0830175 0.100059 1.38056e-08 0.032281 1.98303e-06 1.24102e-06 3.46091e-06 0.00631566 0.325566 0.000609377 0.263814 0.0441467 0.0014792 0.00132856 0.127966 6.35519e-05 0.0120704 4.19002e-08 4.37615e-06 
0.0358975 0.0108566 0.128857 0.000112557 0.0198853 0.000454072 0.00378149 0.0138249 0.0240233 0.0456404 0.0104814 0.351704 0.0233942 0.00331155 0.124985 0.00234712 0.00175543 0.139632 0.0588762 0.000179842 
0.0650492 0.036853 0.0241791 5.88843e-07 5.89682e-07 5.89058e-07 0.000354136 0.00560319 5.89723e-07 0.0740806 5.89203e-07 0.118845 0.0148604 0.00324188 5.89764e-07 0.0070756 5.89674e-07 5.89805e-07 0.104099 0.545754 
0.0340493 0.00243743 0.0183887 0.000183498 0.050005 0.000204012 0.00365702 0.0350585 0.0308922 0.0727865 0.00963944 0.0181165 0.232668 0.00339458 0.0426466 0.000827671 0.00290517 0.00478925 0.434829 0.00252148 
0.000280924 0.000227459 0.0720074 1.1324e-09 0.0103196 0.119249 1.21232e-07 1.27305e-05 0.00331766 0.0229792 0.00113654 0.00143852 0.640079 0.000150247 0.000759557 0.000910064 0.00747033 0.0242022 0.0954591 1.12804e-08 
0.0862212 0.0752645 0.126008 9.67826e-06 0.000885625 3.19382e-05 0.00242541 0.0380292 0.0139201 0.127696 0.0138689 0.0343748 0.353633 0.0289458 0.00354994 0.0433557 0.000944605 0.0381995 0.0125327 0.000103258 
1.84731e-06 0.000301479 0.0155105 8.2291e-09 7.57245e-07 2.59539e-05 2.1078e-05 4.0999e-07 0.00103404 0.00702673 0.000450049 0.000326508 0.970959 0.000291883 0.00218658 0.000738387 0.000233892 1.93151e-06 0.000888876 9.11587e-09 
0.135268 0.00744766 0.0248938 1.05583e-05 0.0727897 1.56864e-05 0.0275035 0.0431232 0.00241288 0.278525 0.00450407 0.0724677 0.128201 0.000706483 0.0911291 0.00941795 0.00035193 0.0491442 0.0520759 1.08766e-05 
0.375353 0.0415371 0.0129456 3.60075e-06 0.0581911 7.77053e-05 0.00050972 0.0125385 0.0842353 0.145845 0.00151186 0.0449951 0.0256081 0.0618991 0.0299826 0.0143539 0.00190238 0.0389388 0.0495599 1.19149e-05 
0.00182737 0.111685 0.0117349 3.28403e-11 0.00012064 1.1807e-05 0.000609937 0.0328216 0.000561091 0.545516 1.34569e-07 0.0651903 0.0636948 0.000186337 0.0070199 0.1078 7.6891e-08 0.0465176 0.00470137 1.12995e-08 
0.000110409 0.00030035 0.000238858 2.56482e-12 6.54656e-05 6.91982e-07 0.995114 0.000118655 0.00171284 0.000169549 2.54689e-05 0.00021299 0.00135624 9.85906e-06 0.000152823 1.26409e-05 4.16935e-05 1.95518e-05 0.000338205 2.8412e-12 
0.0543559 0.000524899 0.00985719 7.5915e-07 0.000947937 0.000127803 0.000521579 9.54632e-05 0.0655458 0.0319739 0.000124416 0.0489028 0.0870612 0.0292852 0.123961 0.00366828 0.000202257 0.0187147 0.514063 0.0100668 
0.116874 0.101365 0.0235129 1.80132e-07 2.40207e-05 2.39264e-05 0.00213147 0.000691807 0.00294304 0.184728 0.000976859 0.0291173 0.424095 0.0133027 0.00475635 0.0139308 0.000751708 0.0749651 0.00520852 0.000600907 
5.91145e-05 0.00106701 5.70968e-05 1.53305e-12 6.93214e-10 1.35549e-07 0.992635 3.51625e-05 0.00547257 0.000312698 1.07745e-06 2.60844e-05 5.3767e-05 2.12071e-06 7.75911e-10 3.4858e-05 4.63483e-05 1.73465e-05 0.000179729 1.69825e-12 
0.00052606 0.00872864 0.068314 1.77083e-12 3.96724e-05 5.61299e-05 0.000733721 0.115866 0.00538042 0.066003 0.0204246 0.11071 0.0947327 0.000429556 0.387981 0.0406353 0.000545222 0.0457814 0.0331121 1.96166e-12 
0.000907205 0.000441062 0.038294 1.79369e-07 0.000497095 0.0022576 0.000253177 0.0337445 0.000420685 0.0517542 0.0755669 0.000694707 0.753414 0.000412596 0.00953121 0.00751211 0.000492875 0.0234645 0.000341706 1.98698e-07 
0.000368608 0.0108587 0.0550044 9.32621e-12 2.52287e-08 3.20182e-07 2.40573e-07 1.65997e-06 3.99882e-07 0.211666 0.0891537 6.60382e-07 0.470258 0.000816367 0.134676 0.0100658 1.87238e-07 0.00819695 0.00893274 1.03312e-11 
0.0273736 0.000350652 0.00203179 2.44653e-10 8.6096e-05 1.9073e-09 0.00847611 0.00196512 0.00495424 0.00463572 0.00065424 0.000921236 0.00329203 0.881298 0.0153267 4.98377e-05 0.0329422 0.000833208 0.0105463 0.00426298 
0.0488453 0.0078061 0.0775833 2.72373e-10 0.00653471 3.88262e-07 0.563855 6.56701e-08 0.0457835 0.0032144 1.61261e-06 0.0429037 0.176157 0.000664894 0.0179324 3.41504e-07 0.00263734 0.00191513 0.00416431 3.01725e-10 
0.0343131 0.00922338 0.00641562 2.28713e-06 0.0886616 3.87446e-05 0.000141759 0.00380756 0.0235608 0.0150922 6.8775e-06 0.0758662 0.0218195 0.000498868 0.0103877 9.74705e-05 4.82712e-05 0.482538 0.227276 0.000204909 
0.00656467 0.0012589 0.371338 3.15381e-05 0.0166282 0.00133686 0.000265312 0.00252821 0.0633137 0.0213554 0.00651904 0.0864431 0.0157979 0.00115022 0.117496 0.00279883 0.000129584 0.206439 0.0785099 9.52195e-05 
0.00411103 0.00128872 0.00811406 1.66801e-12 0.00196216 2.36726e-05 0.00015559 2.33262e-05 0.771626 0.034234 7.54421e-09 0.0181577 0.00600117 0.00031557 0.0442892 0.00568645 0.000119397 0.0571513 0.0467402 1.84776e-12 
0.0010966 0.067013 0.0288893 1.21991e-10 7.2481e-05 7.12165e-06 0.000366184 0.0248215 0.00221047 0.340896 7.27821e-05 0.123413 0.0402491 0.000597192 0.0394697 0.100372 7.57692e-08 0.227632 0.00282109 4.59247e-08 
0.00586272 0.00189934 0.000983391 7.06462e-13 0.000261489 1.036e-07 0.901703 0.0237347 0.0126361 0.00641888 0.000118569 0.000909099 0.00120895 0.00204972 0.0166825 0.000321 0.000623238 0.00155639 0.023031 7.82591e-13 
0.0500983 0.0363369 0.00575358 1.89495e-08 0.00116358 6.82792e-08 0.175362 0.0351386 0.00473868 0.532964 0.000105576 0.013642 0.00165386 3.67128e-08 0.0345972 0.062771 6.57344e-06 0.0440831 0.00156606 1.83059e-05 
3.83674e-05 0.964184 0.00105632 1.33972e-08 3.62411e-05 0.000459943 0.000345585 0.00238456 0.000574433 0.00131684 0.0203253 0.000948642 0.00209725 0.000192218 0.00365018 0.000477196 0.000268969 0.00117737 0.000466599 1.48408e-08 
7.27197e-06 7.27069e-06 0.177436 7.26087e-06 7.27122e-06 7.26352e-06 7.26583e-06 7.27203e-06 0.0581811 0.218918 7.26531e-06 0.0196435 0.394102 7.26683e-06 7.27223e-06 7.26998e-06 0.00800551 0.109826 7.27258e-06 0.0138003 
0.0175475 0.129805 0.00730006 2.97819e-06 0.00527271 5.22646e-06 0.0361369 0.00474047 0.0178167 0.171653 7.7377e-06 0.0219423 0.00190081 0.000171379 0.121471 0.000618778 6.40239e-05 0.431714 0.0301919 0.00163813 
0.0129611 0.00273317 0.0104929 3.46505e-07 0.00519376 2.26529e-05 2.70896e-06 0.0144228 0.00647842 0.0809712 0.0488137 1.72958e-05 0.252403 0.370454 0.000305047 9.21936e-05 1.50846e-05 0.0221229 0.159552 0.0129454 
0.0179189 0.0939744 0.0168138 1.01504e-07 0.00178223 0.000167869 0.00337263 0.00137958 0.017105 0.189557 0.00108296 0.119937 0.0306161 7.72438e-05 0.214996 0.0139541 0.000129604 0.087601 0.189449 8.4942e-05 
0.000110409 0.00030035 0.000238858 2.56482e-12 6.54656e-05 6.91982e-07 0.995114 0.000118655 0.00171284 0.000169549 2.54689e-05 0.00021299 0.00135624 9.85906e-06 0.000152823 1.26409e-05 4.16935e-05 1.95518e-05 0.000338205 2.8412e-12 
0.0046097 0.248072 0.132892 1.36631e-10 0.00577726 0.000168807 0.00872938 0.00394172 0.00616955 0.111735 0.0262784 0.0366419 0.147537 0.00514422 0.0961927 0.0788948 0.000532308 0.0782857 0.00839794 1.51355e-10 
0.0118841 0.00133822 0.0291015 1.11879e-05 8.85427e-05 1.87389e-05 0.00038222 2.62569e-05 0.00342957 0.000286356 0.000172812 0.000554272 0.00432131 8.04227e-05 0.0367503 1.31758e-05 3.88362e-05 0.000291103 0.911199 1.23935e-05 
0.0120746 0.00343805 0.0136702 2.71087e-08 0.00274348 2.24974e-06 0.000289766 0.0158789 0.0406493 0.0549464 0.000129148 0.0898995 0.0364968 0.00300106 0.573688 0.00802061 0.000141689 0.107584 0.0373465 8.39367e-08 
0.000123424 0.0040306 0.0516759 6.95004e-12 1.88008e-08 2.38605e-07 1.79279e-07 0.010516 2.97999e-07 0.10657 0.565178 0.00629972 0.211071 0.000558514 0.0410931 0.00212922 0.000753618 6.10786e-07 2.42058e-07 7.69898e-12 
0.027779 0.0030284 0.08108 9.37455e-11 0.000292722 0.000229752 2.44938e-05 0.0331461 0.0122666 0.0292035 0.132653 0.0631945 0.576324 8.98791e-06 0.0100563 5.4305e-08 0.000557276 0.0147693 0.0153868 1.03848e-10 
0.000110409 0.00030035 0.000238858 2.56482e-12 6.54656e-05 6.91982e-07 0.995114 0.000118655 0.00171284 0.000169549 2.54689e-05 0.00021299 0.00135624 9.85906e-06 0.000152823 1.26409e-05 4.16935e-05 1.95518e-05 0.000338205 2.8412e-12 
0.00330958 0.00341298 0.0172397 9.71847e-12 0.00243841 6.21678e-06 0.000602434 0.00183367 0.173174 0.0583416 0.000312336 0.0705038 0.0210224 0.000253348 0.429242 0.0137767 4.04478e-05 0.172639 0.0318513 1.07657e-11 
0.00665657 0.000542922 0.0252136 1.50065e-07 0.00458003 0.000238791 1.91478e-07 0.0085428 0.0735689 0.0166898 0.00032092 0.00716326 0.0628292 0.000134148 0.204735 7.44937e-05 0.000662552 0.138149 0.449895 3.91151e-06 
0.285299 0.00189188 0.0891514 1.29063e-07 0.0619405 0.144805 0.000181374 2.3666e-05 0.00278174 0.0360856 0.0115099 0.117734 0.167917 5.86907e-07 2.45504e-07 4.55198e-07 0.000726635 0.0143033 0.0655937 5.27789e-05 
0.00284149 0.000797679 0.0299589 5.42213e-09 0.00441621 1.80952e-06 2.2815e-08 0.00224986 0.0356336 0.0139482 0.000106808 0.109673 0.0016237 0.000727429 0.557734 0.000356303 1.64144e-05 0.221779 0.0181356 5.21209e-08 
0.0273736 0.000350652 0.00203179 2.44653e-10 8.6096e-05 1.9073e-09 0.00847611 0.00196512 0.00495424 0.00463572 0.00065424 0.000921236 0.00329203 0.881298 0.0153267 4.98377e-05 0.0329422 0.000833208 0.0105463 0.00426298 
0.00586272 0.00189934 0.000983391 7.06462e-13 0.000261489 1.036e-07 0.901703 0.0237347 0.0126361 0.00641888 0.000118569 0.000909099 0.00120895 0.00204972 0.0166825 0.000321 0.000623238 0.00155639 0.023031 7.82591e-13 
3.50207e-06 1.17831e-05 6.82562e-06 1.28863e-12 6.29896e-10 1.35441e-07 0.995973 5.47636e-05 0.00374881 3.61189e-05 5.92597e-10 6.83003e-06 2.98656e-06 2.12033e-06 6.90283e-10 9.09889e-07 5.18711e-05 3.012e-05 7.04234e-05 1.42749e-12 
0.0043792 0.00192233 0.0157324 1.07581e-10 0.00287016 4.92861e-05 3.60127e-05 0.289669 0.0020563 0.0904862 0.384483 0.0223811 0.0830057 0.000639964 0.0679069 0.000995162 0.000497535 0.00745079 0.0254391 1.19174e-10 
5.3191e-05 9.83817e-05 0.000133932 8.49691e-13 8.90763e-06 2.3498e-06 2.72127e-05 0.000157284 0.000107981 0.00371011 0.000234093 2.29049e-05 9.14968e-07 9.22589e-06 4.68185e-05 0.99512 3.64701e-05 0.000117368 0.000112657 9.41255e-13 
0.147928 0.159645 0.0553501 7.331e-07 0.0115317 1.6965e-05 0.00348315 0.00132166 0.00785289 0.110548 7.99493e-05 0.0967172 0.309849 6.80523e-05 0.00642892 0.00267615 0.00117505 0.0159239 0.0693838 2.07181e-05 
0.0244733 0.438439 0.0239814 1.22912e-09 0.000308954 6.05881e-08 8.63615e-08 0.00778428 0.00041953 0.267022 1.06467e-05 0.127322 0.00411231 1.50417e-07 0.00740334 0.00313659 2.45321e-08 0.0954723 0.000114308 1.36157e-09 
0.0393149 0.000986949 0.0115342 3.20602e-06 0.0127047 5.14493e-06 2.0013e-05 3.79529e-05 0.512268 0.0479365 5.55387e-05 0.142399 6.69707e-05 0.098317 0.00486887 0.000542678 0.000626573 0.0579983 0.0702424 7.13235e-05 
0.0343131 0.00922338 0.00641562 2.28713e-06 0.0886616 3.87446e-05 0.000141759 0.00380756 0.0235608 0.0150922 6.8775e-06 0.0758662 0.0218195 0.000498868 0.0103877 9.74705e-05 4.82712e-05 0.482538 0.227276 0.000204909 
5.3191e-05 9.83817e-05 0.000133932 8.49691e-13 8.90763e-06 2.3498e-06 2.72127e-05 0.000157284 0.000107981 0.00371011 0.000234093 2.29049e-05 9.14968e-07 9.22589e-06 4.68185e-05 0.99512 3.64701e-05 0.000117368 0.000112657 9.41255e-13 
0.00160821 0.00780948 0.0931341 1.45668e-07 0.00247317 2.18129e-06 6.78957e-05 0.00804446 0.00354757 0.0656161 0.0187786 0.0121117 0.000539084 0.00103928 0.043415 0.0227391 0.000136707 0.704334 0.0146031 1.79696e-07 
0.0349847 8.44978e-05 0.00929017 5.93392e-05 0.0807893 6.90011e-05 0.000183492 0.00538493 0.250931 0.0554465 0.0156169 0.0120273 0.301815 0.00384533 0.0710207 0.0105404 0.000476136 0.105067 0.0420399 0.000328166 
0.00169669 0.00317243 0.0204634 2.95775e-07 7.82967e-05 0.294965 0.00143589 0.000134714 0.00013479 0.0147713 1.48348e-05 0.0483355 0.0409007 9.33859e-06 0.00523826 0.000474882 5.39022e-05 0.000120057 0.567999 8.04883e-07 
0.832959 0.00186233 0.00578773 2.16961e-06 0.000368638 0.000150105 5.01564e-05 1.78473e-05 0.000865178 0.0020616 0.000419484 0.00986894 0.000116264 0.00859942 0.000582442 0.00216241 2.18125e-05 0.130673 0.00342838 2.40341e-06 
0.00742567 0.000230663 0.0172033 7.0455e-06 0.00732127 0.348293 6.59071e-05 0.00298439 0.0091611 0.00123341 0.000708594 0.0060675 0.114181 0.00444625 0.0371587 4.35862e-05 0.00340821 0.151157 0.28759 0.00131357 
0.0276131 0.00932126 0.0643079 0.000217842 0.00658897 0.0172625 0.00477113 0.00886229 0.0165196 0.251166 0.0103988 0.0526618 0.0325385 0.000758546 0.062795 0.00655626 0.0040798 0.369613 0.0525544 0.00141374 
0.000813126 0.00479721 0.00945842 1.87409e-06 0.0143562 0.00235872 0.000336297 0.000174826 0.0123126 0.00107042 0.00744789 0.00875688 0.360672 3.99413e-05 0.0595088 3.16914e-05 0.00412389 0.0814432 0.432212 8.46851e-05 
0.0494071 0.0376914 0.0608731 0.000261096 0.0366397 0.000361975 0.00615731 0.0139599 0.0811546 0.258192 0.00498932 0.0571581 0.0698049 0.000821815 0.0217073 0.00715485 0.00163271 0.220253 0.0693615 0.00241831 
0.000244206 6.88878e-05 0.00113018 7.11946e-12 8.52024e-05 2.43837e-07 0.98965 3.51136e-05 0.00413426 0.000313437 1.9983e-07 0.00231122 0.000545443 1.14214e-06 0.000275935 4.97181e-07 3.64716e-05 0.00075606 0.000411638 1.31545e-09 
0.0362105 0.00141185 0.129067 3.99887e-07 0.0244984 0.000194633 0.4993 0.00971634 0.101414 0.0164148 0.00217761 0.0657238 0.0226066 0.000716315 0.0155071 0.00018167 0.000982175 0.00959221 0.0642843 4.42979e-07 
0.0104415 0.0125771 0.466447 9.64852e-07 0.00627904 6.79412e-05 0.00697774 0.0240864 0.0323567 0.0293621 0.00626778 0.0510811 0.00982674 0.000582386 0.11163 0.0103374 0.000139071 0.17389 0.0476451 5.10332e-06 
0.0101908 0.0148892 0.0249014 3.82568e-08 1.88632e-06 1.6549e-07 0.559393 7.29812e-05 1.5943e-05 0.00579361 2.1031e-06 0.00775784 0.375767 4.15507e-07 9.13606e-05 0.000741146 0.00013601 3.14457e-07 1.18219e-06 0.00024314 
3.21838e-05 0.022601 0.000114965 1.53637e-09 0.000132146 4.6053e-06 0.960152 4.50849e-07 0.00525203 2.37007e-05 5.86519e-06 0.0113871 1.06029e-05 2.01893e-05 1.51536e-06 9.09026e-06 0.000110318 4.26215e-06 0.00013799 1.70193e-09 
0.0344519 0.000795765 0.0192226 2.00249e-09 0.0105474 0.000177727 0.0077875 0.0401172 0.0299709 0.0271883 0.00235867 0.0220142 0.385052 0.0344375 0.299168 0.000124548 0.000788819 0.00929002 0.0764889 1.76824e-05 
0.000842045 0.00427996 0.0159792 3.96154e-12 0.00235607 4.00234e-05 0.000459939 0.0507751 0.0351392 0.0396778 0.00407356 0.110669 0.0163247 0.000998902 0.626457 0.00457672 0.00020157 0.0601795 0.0269697 4.09454e-08 
0.036974 0.00467467 0.00571124 5.61119e-09 0.610479 1.84595e-06 3.48496e-05 5.77333e-05 0.00762244 0.000381641 5.28464e-05 0.15894 0.0309111 2.36832e-06 0.0246127 0.00150232 5.68424e-07 0.0282415 0.0897991 6.21586e-09 
0.0263965 0.00872046 0.172818 1.38147e-05 0.0901347 0.174265 0.00326046 0.000326824 0.0056295 0.0292812 0.0016036 0.0497459 0.287031 8.36714e-05 0.00835317 0.00123977 0.000211951 0.0731006 0.0677668 1.61519e-05 
0.033166 0.0136611 0.336014 1.85085e-06 0.00855627 0.00060958 0.000552965 0.0086855 0.0118745 0.219662 0.001185 0.050233 0.14142 0.00203777 0.0321371 0.00700411 0.000197866 0.0342834 0.0987124 5.45123e-06 
0.033166 0.0136611 0.336014 1.85085e-06 0.00855627 0.00060958 0.000552965 0.0086855 0.0118745 0.219662 0.001185 0.050233 0.14142 0.00203777 0.0321371 0.00700411 0.000197866 0.0342834 0.0987124 5.45123e-06 
0.0127475 0.0793612 0.214804 3.24013e-08 0.000844629 0.0784597 1.32336e-05 5.90676e-05 0.00908539 0.154594 3.39143e-05 0.0164433 0.158078 0.0537147 0.00558814 7.24559e-05 0.00168617 0.0941043 0.120311 3.5893e-08 
0.157481 0.153701 0.025208 2.94098e-07 0.000720296 0.000554975 0.00928257 0.000236717 0.00291169 0.0420646 0.000512362 0.0961455 0.39791 0.000290146 0.00726347 0.00137041 2.12218e-05 0.0124003 0.0919243 1.09727e-06 
0.0254102 0.00109609 0.0204223 1.89024e-06 0.00237993 0.000343431 0.0129094 0.0435554 0.0864077 0.0311552 0.0124788 0.018411 0.0205335 0.177747 0.230603 0.0106929 0.117884 0.0399018 0.137165 0.0109012 
0.0106193 0.118341 0.0230991 3.90721e-05 0.0051216 0.00442036 0.000882461 0.381871 0.00237274 0.185983 0.0251465 0.0464299 0.037186 0.00191263 0.0409892 0.0617524 0.000132847 0.0150443 0.0382303 0.000426703 
0.00731217 0.0294148 0.117296 4.45183e-05 0.000606626 0.00010938 0.0099671 0.0127939 0.00607392 0.306905 0.0252578 0.0555461 0.231744 0.000369934 0.103813 0.0038616 0.000462568 0.0406111 0.047226 0.000584034 
0.0148389 0.0189924 0.084791 9.76594e-06 0.000115052 2.23562e-05 0.00227539 0.00614711 0.00237738 0.172677 0.0280102 0.0442687 0.519707 0.000277868 0.0527051 0.0151579 0.000271412 0.0198919 0.0171772 0.000286087 
5.3191e-05 9.83817e-05 0.000133932 8.49691e-13 8.90763e-06 2.3498e-06 2.72127e-05 0.000157284 0.000107981 0.00371011 0.000234093 2.29049e-05 9.14968e-07 9.22589e-06 4.68185e-05 0.99512 3.64701e-05 0.000117368 0.000112657 9.41255e-13 
0.0102404 0.0122574 0.00053688 3.69698e-09 0.00124251 5.83956e-07 1.47492e-06 0.000843205 0.0112195 0.900391 4.25018e-06 0.0105232 0.00544733 2.15717e-06 0.00370865 0.00281079 1.02411e-05 0.0382744 0.00247509 1.04902e-05 
3.79982e-05 7.02808e-05 0.000796757 2.15443e-12 6.36593e-06 1.22359e-05 1.94487e-05 0.000278993 0.000134394 0.00684236 0.000785262 1.63643e-05 1.09982e-06 6.59382e-06 3.34479e-05 0.99072 2.60554e-05 8.38497e-05 0.000128514 2.3866e-12 
0.0101825 0.00279394 0.0569491 5.10651e-05 0.0184428 0.00562147 0.00135074 0.00672302 0.0229025 0.0186176 0.000832381 0.0755798 0.0317072 0.00148569 0.108553 0.0032806 0.00025789 0.266309 0.368243 0.000117056 
6.92687e-05 0.000821904 0.0366133 4.7518e-12 0.000725278 9.07611e-06 0.000239009 8.07672e-05 0.191482 0.00261981 8.88219e-09 0.0381815 0.00344474 5.47456e-05 0.614461 0.0150595 3.92592e-06 0.0654919 0.0306418 5.26386e-12 
0.0246434 0.00520678 0.0321372 5.47452e-07 0.00157909 5.3811e-06 1.8416e-05 4.1598e-05 0.0516515 0.00910593 7.77362e-05 0.0268689 0.732249 0.00147416 0.00935824 0.00127138 2.91927e-05 0.0383339 0.0659374 1.05619e-05 
0.000110409 0.00030035 0.000238858 2.56482e-12 6.54656e-05 6.91982e-07 0.995114 0.000118655 0.00171284 0.000169549 2.54689e-05 0.00021299 0.00135624 9.85906e-06 0.000152823 1.26409e-05 4.16935e-05 1.95518e-05 0.000338205 2.8412e-12 
0.0404289 0.000748148 0.0182765 1.74963e-06 0.00116798 7.37187e-05 0.0676008 3.92314e-05 4.68653e-05 0.067142 0.00527572 0.0109419 0.0920274 0.640202 0.00363617 0.00012133 2.47527e-06 0.0225332 0.0297326 1.93817e-06 
0.119725 0.00270986 0.00752903 8.9552e-05 0.00459832 0.0056677 0.000450387 0.0012189 0.0168055 0.0135426 0.0532812 0.0299973 0.00870597 0.0607791 0.0179164 0.000344032 0.531878 0.0175491 0.102927 0.00428426 
0.00511615 9.25128e-05 0.00982228 1.81265e-07 0.000901779 0.000836175 0.00577472 0.0122715 0.0394805 0.052412 0.355188 0.0380176 0.062364 0.000185186 0.0702378 0.000301616 6.18241e-05 0.333371 0.0135656 2.00798e-07 
0.222536 0.00409444 0.0258713 3.58966e-07 0.298955 7.84558e-06 0.0013244 7.55378e-05 0.0737304 0.015949 0.00155373 0.201632 0.000455392 0.000185751 0.0206084 0.000416975 3.80029e-06 0.123714 0.00737649 0.00150899 
1.83656e-05 0.00138778 0.0247576 2.47197e-09 3.25918e-06 0.000126949 1.32503e-05 3.05126e-07 3.98896e-07 0.00534399 0.00125581 3.19945e-05 0.956579 4.66015e-07 4.14237e-05 1.56723e-07 0.000204791 0.00270613 0.00752815 2.73835e-09 
0.000683147 0.00207341 0.000470757 3.51403e-09 0.00066594 3.59999e-05 0.98499 0.000679699 0.00430178 0.00185149 2.28545e-07 0.00214186 0.000290097 3.48635e-06 0.000226732 5.53462e-05 7.84108e-05 0.00107405 0.000377338 3.89271e-09 
0.00586272 0.00189934 0.000983391 7.06462e-13 0.000261489 1.036e-07 0.901703 0.0237347 0.0126361 0.00641888 0.000118569 0.000909099 0.00120895 0.00204972 0.0166825 0.000321 0.000623238 0.00155639 0.023031 7.82591e-13 
0.00583496 0.0153922 0.00290318 6.0109e-10 0.000368049 8.50411e-08 0.923781 0.00143552 0.00378841 0.0101211 4.15632e-07 0.00451677 0.0299966 3.35975e-05 3.16944e-08 1.72552e-05 8.70083e-05 0.0011414 0.000581978 6.65864e-10 
0.023462 0.009571 0.0733166 1.03942e-08 0.000269493 0.000265038 0.000553029 3.00076e-05 0.00682809 0.0308925 0.00285504 0.0222372 0.78713 4.84986e-06 0.00644951 0.00703186 0.000231338 0.0198332 0.00902374 1.50034e-05 
0.0273736 0.000350652 0.00203179 2.44653e-10 8.6096e-05 1.9073e-09 0.00847611 0.00196512 0.00495424 0.00463572 0.00065424 0.000921236 0.00329203 0.881298 0.0153267 4.98377e-05 0.0329422 0.000833208 0.0105463 0.00426298 
1.46191e-06 0.000899454 9.26957e-05 8.87536e-12 1.1567e-09 5.79132e-08 0.992359 4.21165e-05 0.00548973 7.13872e-05 6.47043e-07 0.000109074 0.000125879 8.88674e-07 1.27378e-07 2.877e-05 5.64377e-05 0.000692948 2.93515e-05 9.83178e-12 
0.000244206 6.88878e-05 0.00113018 7.11946e-12 8.52024e-05 2.43837e-07 0.98965 3.51136e-05 0.00413426 0.000313437 1.9983e-07 0.00231122 0.000545443 1.14214e-06 0.000275935 4.97181e-07 3.64716e-05 0.00075606 0.000411638 1.31545e-09 
0.0228101 0.00206918 0.00920726 1.22139e-06 0.00385644 0.0981657 1.89259e-05 0.000639449 0.563395 0.00283843 0.000132695 0.031702 0.0626944 0.000329608 2.4677e-05 0.000288192 0.0037038 0.151684 0.0463408 9.82395e-05 
0.029143 0.000635109 0.0994699 5.74308e-07 0.00299147 7.26532e-05 0.00415326 0.000207822 0.0146019 0.0122793 0.000251128 0.143854 0.0435911 0.0269955 0.228217 0.000253153 0.000145479 0.251781 0.141355 1.43333e-06 
0.0343131 0.00922338 0.00641562 2.28713e-06 0.0886616 3.87446e-05 0.000141759 0.00380756 0.0235608 0.0150922 6.8775e-06 0.0758662 0.0218195 0.000498868 0.0103877 9.74705e-05 4.82712e-05 0.482538 0.227276 0.000204909 
0.0120503 0.0410691 0.0110684 6.32127e-08 0.00182818 2.26645e-06 1.83192e-06 0.0219272 0.0010864 0.831255 0.00556816 0.00180956 0.0505381 0.000702533 0.000578969 0.00410681 1.30854e-05 0.0070902 0.00930335 6.30363e-07 
0.0514716 0.01663 0.038411 2.6552e-05 0.0352243 0.000274982 0.00156048 0.00941688 0.0331809 0.06005 0.000501372 0.0776468 0.133615 0.00434856 0.117385 0.00147659 0.000406137 0.188851 0.229188 0.000334241 
0.0753853 0.00755021 0.0490849 0.000148002 0.00900451 0.000735192 0.0162125 0.0226917 0.0563705 0.160164 0.0189002 0.0579564 0.359723 0.0158399 0.0579098 0.00294717 0.000660001 0.0200397 0.0680546 0.000621759 
0.0273736 0.000350652 0.00203179 2.44653e-10 8.6096e-05 1.9073e-09 0.00847611 0.00196512 0.00495424 0.00463572 0.00065424 0.000921236 0.00329203 0.881298 0.0153267 4.98377e-05 0.0329422 0.000833208 0.0105463 0.00426298 
0.00230845 0.00318645 0.0726329 4.62405e-09 0.102687 1.20961e-05 1.9537e-08 0.0107647 0.0572791 0.0587289 2.6986e-05 0.089608 0.000508923 1.56286e-05 0.0739144 2.17766e-08 4.12018e-05 0.405865 0.12242 8.45994e-09 
0.000110409 0.00030035 0.000238858 2.56482e-12 6.54656e-05 6.91982e-07 0.995114 0.000118655 0.00171284 0.000169549 2.54689e-05 0.00021299 0.00135624 9.85906e-06 0.000152823 1.26409e-05 4.16935e-05 1.95518e-05 0.000338205 2.8412e-12 
0.00203601 0.000154891 0.125797 3.30551e-05 0.0196181 0.0224492 0.000269526 0.000589349 0.0148172 0.0816883 0.00107738 0.030136 0.540621 0.00021666 0.000380943 0.000218428 0.00031498 0.0524728 0.0723013 0.0348072 
0.0387744 0.00319246 0.0219154 3.18589e-06 0.0216656 8.89228e-05 0.000230037 0.00980028 0.0430934 0.0205593 3.79752e-05 0.217827 0.00695724 0.000260242 0.13017 0.00228954 0.000100242 0.18799 0.295036 9.0651e-06 
0.0837119 0.0524198 0.157299 2.71879e-08 0.0437511 7.20277e-08 7.25696e-05 0.000191011 0.00263593 0.00411148 1.08713e-05 0.388443 5.95929e-05 0.00137413 0.050985 0.000118426 5.64771e-07 0.213743 0.00106425 8.42074e-06 
0.000372693 1.76835e-05 6.6297e-05 3.47144e-12 1.53332e-09 8.97373e-07 0.995726 7.89273e-05 0.00325083 9.23077e-05 1.39769e-09 8.92787e-06 5.96445e-05 2.98208e-06 1.97496e-06 6.95585e-06 0.000201117 7.40499e-05 3.89509e-05 3.84552e-12 
0.00586272 0.00189934 0.000983391 7.06462e-13 0.000261489 1.036e-07 0.901703 0.0237347 0.0126361 0.00641888 0.000118569 0.000909099 0.00120895 0.00204972 0.0166825 0.000321 0.000623238 0.00155639 0.023031 7.82591e-13 
0.0284177 0.00827941 0.0188355 9.54328e-06 0.000254593 3.16396e-05 0.00216195 0.00889466 0.000668011 0.0638733 0.198667 0.0903894 0.467355 0.000632168 0.0685808 0.000997912 0.00105481 0.0161403 0.0247261 3.094e-05 
0.0084319 0.00831028 0.0711382 1.11243e-08 0.00199426 4.25179e-07 0.000320997 0.0503271 0.0523323 0.130405 0.000126762 0.0266263 0.054757 0.00181295 0.40345 0.006822 0.000345011 0.16547 0.0173303 1.94709e-07 
0.00169669 0.00317243 0.0204634 2.95775e-07 7.82967e-05 0.294965 0.00143589 0.000134714 0.00013479 0.0147713 1.48348e-05 0.0483355 0.0409007 9.33859e-06 0.00523826 0.000474882 5.39022e-05 0.000120057 0.567999 8.04883e-07 
0.0355588 0.0142843 0.632714 3.89169e-09 0.0634725 0.0004246 0.000311188 0.00235161 0.00680791 0.0583667 2.94598e-05 0.0510981 0.00941583 0.010364 0.0288555 6.55776e-05 0.00023173 0.0211819 0.0644662 4.31107e-09 
0.0488453 0.0078061 0.0775833 2.72373e-10 0.00653471 3.88262e-07 0.563855 6.56701e-08 0.0457835 0.0032144 1.61261e-06 0.0429037 0.176157 0.000664894 0.0179324 3.41504e-07 0.00263734 0.00191513 0.00416431 3.01725e-10 
0.0845873 0.0185614 0.0593993 1.01744e-06 0.000394831 5.38354e-06 8.06891e-06 0.0780592 0.0165774 0.418163 0.000210737 0.0284697 0.00250986 0.000327194 0.071066 0.0275669 5.94269e-05 0.188854 0.00516324 1.63394e-05 
0.000530779 0.00190123 0.150602 3.44233e-10 8.98281e-06 8.8025e-05 0.000573398 0.005187 0.000404385 0.0675353 0.000984189 0.0288842 0.530665 0.000948211 0.142207 0.0144107 0.000335275 0.00673108 0.048003 3.81328e-10 
0.0713578 0.00249529 0.0206608 7.48018e-05 0.0892022 0.0175043 0.00154574 0.00950312 0.207571 0.0176297 0.00449317 0.0616155 0.00923405 0.000468738 0.0895472 0.00704764 0.00710573 0.268246 0.112489 0.0022077 
0.00589493 0.00579633 0.0828009 6.4133e-11 0.000725403 7.04144e-08 0.00228923 0.223173 0.0173488 0.10386 0.00341237 0.00330406 0.313945 0.00261078 0.1908 0.0205838 0.000678859 0.00826769 0.0145099 7.10441e-11 
0.0153136 0.000787336 0.0242719 1.91799e-06 0.0486506 5.63844e-06 4.91575e-05 0.00104607 0.229066 0.018286 8.25225e-06 0.188047 5.85637e-05 0.000566987 0.0788279 0.00174881 9.59186e-06 0.224456 0.160519 0.00827894 
0.00634473 0.000433036 0.0408815 1.30168e-09 0.0042068 7.80435e-05 3.88768e-06 7.55869e-05 0.000922259 0.0093563 0.608587 0.00700157 0.0168423 0.128848 9.21417e-05 0.00672331 0.0176045 0.0665098 0.0854898 3.82661e-08 
0.0336504 0.00975154 0.170393 2.69488e-10 0.0254505 0.000309518 0.0176054 0.00330525 0.0020769 0.0716052 0.019297 0.0695688 0.0230845 0.000704902 0.18053 0.00052189 0.000403729 0.256054 0.115687 2.98528e-10 
0.0176593 0.00303536 0.157982 3.89571e-10 0.000391869 5.25343e-08 4.59253e-05 0.0491351 0.000876581 0.105025 0.0391233 0.0204007 0.571565 0.00876638 0.00029624 0.000497656 0.000647804 0.00488154 0.0196703 4.31551e-10 
0.0353135 0.0553096 0.047875 1.90802e-06 0.0109426 0.000107194 0.000110547 0.000182763 0.0418419 0.0634919 5.72683e-05 0.49104 0.0871091 0.000447822 0.0277481 9.58847e-05 9.82768e-05 0.0353362 0.102889 2.2921e-06 
0.0055406 0.0155169 0.00188073 1.31734e-10 0.000244175 2.51713e-06 5.83088e-09 0.0153559 0.00121776 0.765788 0.000218886 0.00716985 0.00882295 1.5502e-05 0.0519606 0.071612 4.38085e-06 0.0140327 0.0406168 1.18757e-08 
0.00946203 0.00812561 0.0389585 1.81136e-07 0.0261672 7.96962e-07 0.000257623 0.0137722 0.00143341 0.261012 2.69184e-05 0.0971712 0.0175132 0.000260695 0.17649 0.000848475 7.87182e-05 0.199295 0.149125 3.33733e-07 
0.00169669 0.00317243 0.0204634 2.95775e-07 7.82967e-05 0.294965 0.00143589 0.000134714 0.00013479 0.0147713 1.48348e-05 0.0483355 0.0409007 9.33859e-06 0.00523826 0.000474882 5.39022e-05 0.000120057 0.567999 8.04883e-07 
0.0273736 0.000350652 0.00203179 2.44653e-10 8.6096e-05 1.9073e-09 0.00847611 0.00196512 0.00495424 0.00463572 0.00065424 0.000921236 0.00329203 0.881298 0.0153267 4.98377e-05 0.0329422 0.000833208 0.0105463 0.00426298 
0.000114527 6.45024e-05 0.00631806 6.4468e-10 0.000179893 1.26548e-06 2.13971e-06 0.747999 0.000625343 0.207732 0.000898964 0.000624832 7.45622e-05 7.00808e-06 0.000188524 0.00903732 3.22594e-07 0.021741 0.00439163 7.14151e-10 
0.116334 0.0248136 0.00656408 1.51022e-08 0.0615758 5.2024e-07 4.43971e-06 2.33446e-05 0.0868723 0.0843001 8.38408e-07 0.464495 0.020147 4.61417e-06 0.0305656 4.30164e-07 6.39249e-07 0.0673562 0.0369413 1.67296e-08 
0.095919 0.00986016 0.0707707 2.56973e-07 0.0395214 3.92995e-06 6.76871e-05 0.0260656 0.0017505 0.412844 0.00109959 0.0257567 0.0549984 0.00227552 0.0358924 0.00308701 7.13659e-05 0.0507013 0.169191 0.000123643 
0.00169669 0.00317243 0.0204634 2.95775e-07 7.82967e-05 0.294965 0.00143589 0.000134714 0.00013479 0.0147713 1.48348e-05 0.0483355 0.0409007 9.33859e-06 0.00523826 0.000474882 5.39022e-05 0.000120057 0.567999 8.04883e-07 
0.0273736 0.000350652 0.00203179 2.44653e-10 8.6096e-05 1.9073e-09 0.00847611 0.00196512 0.00495424 0.00463572 0.00065424 0.000921236 0.00329203 0.881298 0.0153267 4.98377e-05 0.0329422 0.000833208 0.0105463 0.00426298 
1.75097e-05 0.591106 0.0219288 8.01089e-09 1.04401e-08 1.87763e-08 2.31776e-08 0.00205159 0.0235006 0.0764479 1.16419e-07 0.0199102 0.000536267 2.43509e-05 0.0888226 0.00765876 3.20399e-06 0.166845 0.00114672 3.91702e-07 
1.46191e-06 0.000899454 9.26957e-05 8.87536e-12 1.1567e-09 5.79132e-08 0.992359 4.21165e-05 0.00548973 7.13872e-05 6.47043e-07 0.000109074 0.000125879 8.88674e-07 1.27378e-07 2.877e-05 5.64377e-05 0.000692948 2.93515e-05 9.83178e-12 
0.00488564 0.0104028 0.0540602 2.48541e-06 0.00387325 0.160219 1.30116e-05 0.00609371 0.0529968 0.0128158 0.000949205 0.015566 0.510542 0.00283223 0.0343085 6.01985e-05 0.00107504 0.0260404 0.103255 8.41934e-06 
0.0889078 0.0493913 0.03233 5.23115e-06 0.0112484 1.23729e-05 0.018428 0.00251639 0.0121271 0.0909924 0.0165065 0.0624799 0.492771 0.0509516 0.00863171 0.00128258 0.000498644 0.0456544 0.0146678 0.000597089 
0.0138705 0.00548298 0.0182823 1.62078e-06 0.000402051 0.00169951 9.68732e-05 0.000135426 0.00155004 0.0157689 0.00212117 0.00118818 0.882941 0.0119925 0.0185624 0.00018975 0.000797465 0.00619047 0.0179789 0.000748057 
0.0043109 0.0310645 0.017215 4.45924e-10 0.00375191 2.11465e-06 9.99451e-09 0.0119447 0.000947623 0.755816 0.000170514 0.00557794 0.0305504 1.21844e-05 0.0404184 0.0557059 3.44078e-06 0.0109155 0.0315927 2.29578e-08 
0.0381699 0.00271861 0.0554295 0.000210838 0.0929629 0.00177104 0.00184932 0.010386 0.0476134 0.0308739 0.00121851 0.12112 0.00270945 0.000755406 0.095193 0.00154328 0.000466657 0.37767 0.116415 0.000923653 
0.0532882 0.00136049 0.190837 7.57088e-05 0.0260305 0.0442117 0.000172017 0.00128639 0.00368834 0.133175 0.038119 0.0170358 0.294451 8.40883e-05 0.00801878 0.000688625 0.000509995 0.0664196 0.120422 0.000125459 
0.0417015 0.0173636 0.0227111 4.02232e-06 0.00216349 0.000183134 0.173731 0.0114405 0.00328918 0.120095 0.0286936 0.0651125 0.335934 0.000171067 0.103616 0.00516964 0.000422817 0.0244201 0.0437122 6.6027e-05 
1.46191e-06 0.000899454 9.26957e-05 8.87536e-12 1.1567e-09 5.79132e-08 0.992359 4.21165e-05 0.00548973 7.13872e-05 6.47043e-07 0.000109074 0.000125879 8.88674e-07 1.27378e-07 2.877e-05 5.64377e-05 0.000692948 2.93515e-05 9.83178e-12 
0.0273736 0.000350652 0.00203179 2.44653e-10 8.6096e-05 1.9073e-09 0.00847611 0.00196512 0.00495424 0.00463572 0.00065424 0.000921236 0.00329203 0.881298 0.0153267 4.98377e-05 0.0329422 0.000833208 0.0105463 0.00426298 
0.00292067 0.0140063 0.144057 2.15273e-11 0.00336091 7.1142e-09 5.72868e-05 0.000143392 0.090858 0.136134 0.000304054 0.130057 0.00840341 0.000659391 0.234212 0.0207822 0.00072297 0.0293975 0.183922 2.38471e-11 
0.020251 0.321801 0.0188913 5.60226e-09 0.00226682 4.87279e-05 0.0022422 1.76962e-06 0.00784838 0.0985604 5.45259e-07 0.301617 0.00281119 0.00450476 0.056176 0.00874323 2.86159e-06 0.142687 0.0115452 6.20597e-09 
0.027088 3.08765e-06 0.0295055 1.17727e-08 0.00650039 5.03937e-07 4.31854e-06 0.0161518 0.00622033 0.0487437 0.00604615 0.00891688 0.815201 0.000762153 0.0158005 1.33835e-06 3.28611e-05 0.00223321 0.0167883 1.30413e-08 
0.00235288 0.00354009 0.00723171 4.35992e-06 0.00520754 7.91189e-05 0.000230756 0.0203104 0.0030966 0.869763 3.8874e-05 0.0048682 8.59316e-05 0.0042387 0.00135167 0.0456846 1.8598e-05 0.018032 0.0138605 4.82975e-06 
0.0670962 0.00658919 0.0182339 4.71971e-06 0.179386 7.22889e-05 0.00326885 0.00123591 0.000142292 0.428378 0.00120894 0.0257223 0.0160763 3.80329e-05 0.00253944 0.00207815 0.000111854 0.245297 0.00219199 0.000328672 
1.09632e-05 0.0471445 0.370554 1.09465e-05 1.09621e-05 1.09505e-05 1.0954e-05 1.09633e-05 0.0899064 0.0954017 1.09532e-05 1.09643e-05 0.39464 1.09555e-05 1.09636e-05 1.09602e-05 1.0962e-05 1.09644e-05 1.09641e-05 0.00219983 
0.0117048 0.000263566 0.0255727 3.23551e-07 3.58292e-07 8.73824e-05 0.752567 0.00301053 0.0144722 0.00631924 0.000129398 0.0969974 0.0167526 0.000208598 1.03733e-06 6.87018e-05 0.0010734 0.00192348 0.0688464 8.80889e-07 
0.344107 0.0523821 0.0516055 3.73669e-08 0.00045866 3.97138e-07 3.7473e-05 6.87893e-05 0.00265619 0.0183921 7.85879e-05 0.277612 0.0115151 6.30715e-06 0.00977714 0.000721856 3.24962e-05 0.178025 0.052467 5.63369e-05 
0.00665657 0.000542922 0.0252136 1.50065e-07 0.00458003 0.000238791 1.91478e-07 0.0085428 0.0735689 0.0166898 0.00032092 0.00716326 0.0628292 0.000134148 0.204735 7.44937e-05 0.000662552 0.138149 0.449895 3.91151e-06 
0.0190768 0.796621 0.00265877 8.52701e-11 0.00061246 2.57378e-06 0.00224398 0.000635045 0.000766722 0.096919 1.68667e-08 0.0215188 0.00192036 0.00167353 0.00473818 0.03817 1.67501e-07 0.00998324 0.00243242 2.73552e-05 
0.0100034 0.000646193 0.0243154 1.61082e-06 0.0192098 1.3095e-05 0.000203859 0.00417512 0.637314 0.019731 4.23213e-05 0.0331553 0.0198948 0.000733945 0.083965 0.0106915 0.000226672 0.0502289 0.0854059 4.18093e-05 
0.00949595 0.0186266 0.0174893 5.64443e-09 0.0228322 6.03223e-08 0.000130312 0.00143852 0.00158938 0.0756164 2.26059e-05 0.187023 0.00052356 0.000338953 0.0400843 4.72699e-05 5.1548e-06 0.40863 0.216106 1.11594e-07 
