0.0303847 0.000971974 0.000582778 7.35981e-10 1.36356e-10 1.83693e-08 1.69921e-05 0.00743398 1.7135e-07 0.132362 7.65967e-07 0.000618664 0.0137881 1.72876e-05 8.82855e-05 0.797104 1.24917e-06 0.0166284 7.86272e-08 4.64428e-07 
1.51724e-05 0.00203335 0.184679 1.67981e-06 5.36495e-11 5.27068e-07 2.12579e-07 0.000325002 0.0251725 3.30873e-06 1.41455e-06 0.19955 1.3248e-05 1.54445e-10 0.46368 6.94178e-06 5.60075e-11 0.0590905 0.0654262 3.20778e-10 
0.00248655 0.0195301 0.0131526 1.3914e-05 3.82715e-09 1.63402e-08 1.26266e-08 0.0656768 2.8647e-05 0.0164305 1.34527e-08 0.000152965 0.165096 0.000678183 0.000124452 0.547632 3.99536e-09 0.118665 0.0503331 2.2883e-08 
0.0864934 2.12628e-06 1.37381e-05 0.0016493 1.96255e-09 3.31023e-05 1.46853e-06 0.0127905 0.00832442 0.00854381 4.83809e-05 1.08869e-06 0.0508558 0.000269195 0.000515453 0.00666829 0.000187906 0.152661 0.670941 1.17344e-08 
0.0102638 0.0010762 0.0137756 2.11634e-08 1.15622e-08 2.10783e-08 0.821612 0.0931699 0.0218878 0.0195285 0.000299987 0.00208475 5.86494e-08 0.000496209 1.77652e-08 3.0191e-05 0.000503001 1.65954e-08 0.0152723 3.65545e-08 
2.66778e-06 1.10822e-09 3.56613e-07 1.38478e-12 2.5656e-13 2.71714e-08 0.997745 8.21423e-05 0.00205771 4.17037e-06 7.72124e-10 1.02446e-05 4.47891e-06 2.92389e-07 8.69121e-10 1.6494e-10 3.56418e-05 5.58227e-06 5.13717e-05 1.53401e-12 
0.000720531 0.0346829 0.00179769 1.09828e-05 5.6563e-09 8.01102e-07 2.97984e-07 2.77474e-06 0.00110485 0.00585127 0.000495605 1.56222e-07 0.00649142 0.936697 1.03217e-06 0.00942476 9.541e-07 0.00269718 1.96704e-05 3.38198e-08 
5.93568e-06 2.90712e-05 4.67896e-06 6.59676e-09 1.22219e-09 5.21821e-09 6.05245e-06 4.02188e-06 2.69844e-06 3.81591e-05 4.29609e-09 7.46352e-07 0.925286 3.5184e-09 1.39152e-07 3.45015e-05 1.27591e-09 0.0745838 3.9949e-06 7.30764e-09 
1.87404e-07 6.33737e-11 0.452071 2.59495e-06 5.16901e-11 5.07818e-07 1.70537e-10 5.23831e-07 4.48193e-06 4.45037e-07 1.81695e-10 0.402054 2.16029e-07 2.53115e-07 1.02481e-06 7.88698e-11 5.39621e-11 0.0439594 0.101905 3.09062e-10 
0.00435706 0.00156192 0.00558333 4.83188e-08 1.03555e-11 0.000235665 0.684033 0.0355535 0.0233514 0.0169039 0.00994993 0.000876317 0.0741077 0.00161223 0.0061666 3.07718e-08 0.00152328 0.0868123 0.0473719 6.1917e-11 
0.00248655 0.0195301 0.0131526 1.3914e-05 3.82715e-09 1.63402e-08 1.26266e-08 0.0656768 2.8647e-05 0.0164305 1.34527e-08 0.000152965 0.165096 0.000678183 0.000124452 0.547632 3.99536e-09 0.118665 0.0503331 2.2883e-08 
0.00975801 4.23509e-08 0.00292531 3.21381e-06 6.20074e-13 2.64745e-12 1.143e-08 0.00152587 0.00368002 0.00453619 0.00422678 0.000107417 0.00217151 0.253407 0.000289686 0.000175669 0.705425 0.00101222 0.0107561 3.70751e-12 
0.00312075 0.316465 0.00838146 8.12602e-06 2.92312e-11 1.24804e-10 1.8008e-05 0.0551866 0.032204 0.507396 2.09503e-07 0.0312565 0.0011993 1.32219e-06 0.00473189 0.00827485 3.05878e-08 0.030917 0.000839781 1.74777e-10 
4.42475e-07 0.012549 0.106834 1.50688e-07 4.38697e-10 7.85222e-05 4.32773e-07 2.90817e-06 0.00105879 0.0742109 0.00211316 0.000612736 0.473071 0.00288553 0.0303149 0.277394 0.000114387 0.015941 0.0028176 2.62303e-09 
0.0267992 0.00223262 0.436852 0.000186492 5.84253e-07 1.62584e-06 0.0050999 0.00664842 0.0052098 0.0497589 0.000319063 0.175637 0.241632 0.000429541 0.0105622 0.000166868 2.27323e-05 0.00905644 0.0293821 1.85832e-06 
0.00893604 0.00228605 0.0630397 0.000135915 1.12575e-07 9.31648e-05 4.29251e-06 8.34695e-05 0.000203382 0.0925727 0.00307675 0.00733738 0.803788 0.0117747 0.00219602 0.000488354 0.000338033 0.00106921 0.00257665 3.43209e-07 
0.0250033 0.0272456 0.0149966 0.0580633 2.71188e-12 1.15786e-11 1.62074e-05 0.00228511 0.199139 0.013134 4.44244e-05 0.165595 8.36859e-06 0.00298097 0.0659613 0.00155384 3.19614e-06 0.385725 0.0382453 1.62147e-11 
3.72686e-07 1.88601e-06 0.0231389 8.64804e-10 1.60223e-10 9.58401e-07 6.34863e-07 2.74221e-07 0.0606881 0.0266974 0.107433 0.289069 0.298815 7.97999e-06 2.80804e-05 2.44472e-10 0.0029525 0.0324655 0.1587 9.57997e-10 
3.51749e-08 0.0126343 0.000278698 5.03054e-09 4.90276e-13 2.09327e-12 1.77944e-08 0.402334 8.11602e-09 0.552633 0.02336 0.000139608 0.000524003 0.0017232 1.41081e-08 0.00637231 2.45681e-08 1.20877e-08 3.23511e-08 2.93143e-12 
0.0189153 0.0014777 0.124403 7.5812e-05 4.50544e-08 2.8765e-06 0.00150964 2.92534e-06 0.000507362 0.0260672 2.9406e-06 0.0201445 0.783497 0.000290691 0.01249 0.000219291 7.68943e-06 0.00553048 0.00485506 2.69387e-07 
0.000949332 0.669244 0.0243151 1.17117e-06 2.65447e-07 2.04127e-05 3.11974e-06 0.00862443 0.00258932 0.180868 2.18977e-05 0.0180428 0.0189394 0.0007165 1.81389e-05 0.0631778 3.12506e-07 0.00892751 0.00352236 1.82505e-05 
3.66316e-07 0.0452929 0.0890498 1.3363e-08 2.47578e-09 0.00645956 8.16817e-09 0.0495673 0.00410963 0.38461 0.000605399 1.90503e-06 0.317294 6.55902e-05 0.00755829 0.0651583 0.0010219 0.0198405 0.0093642 1.48031e-08 
8.51733e-08 0.00193836 1.17719e-06 9.49389e-12 1.75894e-12 2.47903e-08 5.80314e-12 3.7859e-07 0.0688437 0.0018751 0.00030807 0.0252161 6.33898e-08 7.69714e-08 0.208768 5.7327e-07 1.21211e-08 0.691343 0.00170526 1.0517e-11 
5.24959e-07 0.0506569 0.00778752 3.40648e-06 2.37428e-11 1.01371e-10 4.11547e-05 0.0497688 2.36444e-05 0.243612 6.94677e-06 0.0137759 0.00188166 2.62021e-05 0.0647707 0.0382841 2.32436e-06 0.500662 0.028696 1.41962e-10 
0.041262 7.3448e-06 0.0293151 0.000289895 2.62135e-08 0.000199111 0.00985016 0.00295771 0.0114197 0.118319 0.00600435 0.0106225 0.493825 0.0460458 1.55329e-06 0.00272322 6.78102e-07 0.035713 0.191444 6.79952e-08 
0.0303847 0.000971974 0.000582778 7.35981e-10 1.36356e-10 1.83693e-08 1.69921e-05 0.00743398 1.7135e-07 0.132362 7.65967e-07 0.000618664 0.0137881 1.72876e-05 8.82855e-05 0.797104 1.24917e-06 0.0166284 7.86272e-08 4.64428e-07 
0.707454 0.024129 0.00475044 0.00249158 1.60724e-06 6.46661e-06 5.47744e-05 1.40783e-05 0.0881255 0.00465881 4.53867e-06 0.0827831 0.011497 0.00111762 9.29428e-06 0.00216291 0.00223475 0.0656262 0.00287493 3.83546e-06 
0.0194279 0.0220526 0.00176444 5.52502e-08 1.02363e-08 0.0036427 0.00238726 6.98518e-05 0.00513441 0.0199101 0.00300588 0.00349606 0.908231 2.16943e-06 0.00067282 0.000126614 0.000650695 0.00328876 0.0061363 6.1204e-08 
0.0187941 0.134433 0.799644 3.12263e-07 2.35695e-09 3.79414e-07 0.000195798 7.56868e-07 0.00029048 0.00956992 2.1541e-06 1.62325e-06 0.0022198 0.0316862 0.00301299 2.11552e-06 4.37602e-05 1.44695e-06 0.000101474 1.40925e-08 
3.5783e-07 7.73092e-06 0.0023725 2.37249e-07 1.37318e-11 5.86288e-11 0.000999693 2.45022e-05 4.54717e-08 0.995265 4.73517e-06 1.366e-06 2.2104e-06 8.77618e-07 3.92957e-06 3.94532e-06 6.45234e-08 9.90204e-07 0.00131136 8.21043e-11 
3.51749e-08 0.0126343 0.000278698 5.03054e-09 4.90276e-13 2.09327e-12 1.77944e-08 0.402334 8.11602e-09 0.552633 0.02336 0.000139608 0.000524003 0.0017232 1.41081e-08 0.00637231 2.45681e-08 1.20877e-08 3.23511e-08 2.93143e-12 
0.000339047 1.50705e-07 0.783645 1.63639e-06 1.1787e-10 0.000184524 3.88879e-10 1.91074e-07 0.000148026 0.146104 0.00261992 1.39769e-06 0.00264055 6.75245e-07 0.062259 9.15465e-05 2.32535e-07 0.00196273 1.59193e-06 7.04761e-10 
2.01567e-05 4.95328e-05 0.439469 1.8843e-08 3.49106e-09 1.49053e-08 2.33506e-05 1.06335e-06 0.0374197 0.155671 1.22713e-08 0.0135598 0.153504 1.005e-08 1.17071e-06 0.0269712 5.39047e-06 0.1599 0.0134047 2.08735e-08 
0.0012541 8.88383e-05 0.00340671 2.34877e-07 4.35159e-08 0.000339148 8.404e-05 0.000110329 3.43961e-05 0.00181556 0.01769 5.20768e-05 0.971763 0.000131594 7.64549e-05 0.000169759 3.36353e-05 5.99056e-05 0.00289026 2.60187e-07 
0.00134302 0.637063 0.0175705 1.05642e-10 1.95724e-11 6.00387e-07 4.1141e-05 3.86278e-05 0.00549285 0.0160352 1.03735e-07 0.0496045 0.000131815 3.84625e-05 0.0621316 0.00140537 3.5379e-08 0.207735 0.00136827 7.31871e-09 
3.51749e-08 0.0126343 0.000278698 5.03054e-09 4.90276e-13 2.09327e-12 1.77944e-08 0.402334 8.11602e-09 0.552633 0.02336 0.000139608 0.000524003 0.0017232 1.41081e-08 0.00637231 2.45681e-08 1.20877e-08 3.23511e-08 2.93143e-12 
0.0102638 0.0010762 0.0137756 2.11634e-08 1.15622e-08 2.10783e-08 0.821612 0.0931699 0.0218878 0.0195285 0.000299987 0.00208475 5.86494e-08 0.000496209 1.77652e-08 3.0191e-05 0.000503001 1.65954e-08 0.0152723 3.65545e-08 
1.64976e-06 0.62503 0.0171814 9.38725e-09 2.17057e-09 2.91831e-08 2.72335e-08 0.00487009 0.00587321 0.137495 1.81166e-07 0.00915452 0.000567286 2.4071e-06 0.116458 0.0134561 1.10811e-05 0.0682468 0.00165275 1.12084e-08 
2.47813e-06 0.01773 0.00139104 3.00381e-10 5.5652e-11 2.29539e-07 1.01852e-06 4.79396e-05 2.20762e-06 0.814835 5.20024e-07 4.92938e-07 2.39307e-07 3.97704e-06 4.58194e-06 0.165979 2.09234e-07 3.20963e-07 1.01292e-06 3.32751e-10 
0.0303847 0.000971974 0.000582778 7.35981e-10 1.36356e-10 1.83693e-08 1.69921e-05 0.00743398 1.7135e-07 0.132362 7.65967e-07 0.000618664 0.0137881 1.72876e-05 8.82855e-05 0.797104 1.24917e-06 0.0166284 7.86272e-08 4.64428e-07 
0.00215221 1.19533e-11 0.000585095 5.26234e-11 9.74959e-12 2.47677e-05 0.00148037 0.0746674 0.000673615 0.0838093 0.00706144 5.42316e-06 0.824976 0.00143488 0.000129101 0.000803702 0.000896257 1.19974e-08 0.00130053 5.82941e-11 
0.0642613 0.0251325 0.0828489 0.000572434 0.000495694 0.014844 0.00264263 0.000667997 0.0286351 0.14986 0.00120539 0.0121843 0.483829 0.00174678 0.0359723 0.0197352 0.000772666 0.0388157 0.034896 0.000882162 
0.000103449 0.0302492 7.69918e-05 4.91129e-06 1.92908e-10 1.4996e-05 0.000235134 0.0150362 5.22993e-05 0.923929 0.00244779 0.000338703 0.00369424 0.00633961 5.98924e-06 0.0166106 1.69124e-07 0.000860497 4.04851e-07 1.15342e-09 
2.66778e-06 1.10822e-09 3.56613e-07 1.38478e-12 2.5656e-13 2.71714e-08 0.997745 8.21423e-05 0.00205771 4.17037e-06 7.72124e-10 1.02446e-05 4.47891e-06 2.92389e-07 8.69121e-10 1.6494e-10 3.56418e-05 5.58227e-06 5.13717e-05 1.53401e-12 
0.0325046 0.000818591 0.0149209 5.3579e-06 7.34938e-08 3.92886e-06 6.42727e-05 3.96478e-06 0.000728779 0.057481 0.00018567 0.000481398 0.879049 7.00589e-05 1.5636e-05 5.24185e-06 2.97668e-05 0.0128696 0.000760816 1.68236e-06 
0.000172021 0.00692715 0.0283138 2.84847e-05 1.75512e-05 3.76555e-05 0.000154396 0.00305993 0.00289709 0.0705215 0.0283225 0.046425 0.626764 0.000147404 0.111846 0.0613034 0.000325068 0.00864343 0.00392646 0.000167088 
0.0443947 0.00087754 0.00103751 5.15686e-06 2.19478e-07 1.12613e-05 7.24107e-07 3.75342e-05 8.21153e-06 3.73635e-06 0.000374259 0.000236085 0.947701 6.31827e-07 0.00505043 5.78902e-06 0.000117572 0.00013108 5.35357e-06 1.31229e-06 
0.000105113 5.81829e-05 0.000150374 3.67952e-07 6.81709e-08 2.69715e-05 8.44102e-05 0.000110724 3.45338e-05 0.000178833 0.00131635 5.22654e-05 0.995602 0.000132118 0.00123664 1.04017e-07 0.000633699 6.01203e-05 0.000216324 4.07603e-07 
0.00280278 0.00765141 0.00387327 1.06687e-07 1.9766e-08 0.000139488 0.000378401 9.77991e-06 0.000523939 0.0195313 0.000360424 0.00541425 0.956411 4.27866e-05 2.92931e-05 0.000393782 0.00125223 3.56718e-05 0.0011504 1.18183e-07 
0.000268902 0.000304465 0.0283812 0.000356296 2.11273e-08 0.0199521 1.01077e-05 1.83755e-06 0.000733146 0.00171529 0.000208062 0.000876768 0.88263 7.60565e-05 0.00281445 7.92575e-05 1.67668e-05 0.0044044 0.0571707 1.26323e-07 
0.361154 0.000247718 0.0798486 0.000180108 1.21161e-05 1.51099e-05 3.91596e-05 0.000122772 0.0223701 0.0465583 0.0330178 0.00463885 0.243592 0.0558536 0.0174231 0.00100208 0.019006 0.0201468 0.0946718 0.000100072 
0.04496 0.00755217 0.0961393 0.138475 4.29404e-08 1.83337e-07 4.60396e-06 0.008347 0.00947378 0.192238 0.0120484 0.00450004 0.322838 0.032383 0.0351914 0.00369124 4.30857e-05 0.0608379 0.0312556 2.12137e-05 
0.00118949 9.36393e-05 3.76247e-05 0.0109968 2.19509e-08 1.32883e-05 7.24211e-08 1.82766e-05 1.02908e-05 0.00570389 0.0101881 8.90726e-06 0.63557 6.31917e-08 1.00589e-05 0.0132626 1.11043e-05 0.00054294 0.32233 1.2896e-05 
1.93846e-08 5.69739e-08 0.0158782 7.84135e-09 9.62708e-13 5.97795e-09 3.79055e-08 9.12588e-08 0.594101 0.000494199 3.71133e-08 0.0101721 1.52806e-08 3.80845e-05 0.090556 0.000265457 1.49747e-05 0.286914 0.00156573 5.75616e-12 
0.000567087 0.00535451 0.078653 4.84882e-10 8.98345e-11 3.83554e-10 2.96384e-10 5.74401e-07 7.12708e-05 0.0502651 0.000524873 5.6041e-08 0.822912 0.000177193 0.0230877 1.34085e-06 0.000462771 0.00457267 0.0133499 5.37133e-10 
0.000166762 0.00032873 4.25987e-07 1.27761e-09 5.5526e-13 2.37072e-12 6.26431e-08 0.982087 1.79397e-05 0.0145652 8.49609e-11 1.67113e-10 2.06404e-07 0.000185244 2.1006e-05 0.00262199 3.25921e-08 1.77765e-06 3.36409e-06 3.31998e-12 
8.45141e-06 0.00180426 0.0699341 7.93448e-10 1.47003e-10 0.0028109 0.167859 0.0632124 0.252368 0.128631 0.00889127 0.000334346 0.138787 0.0180567 5.40751e-07 0.00670384 0.0446303 0.0398831 0.0560846 8.78951e-10 
6.72641e-06 0.0174401 0.0020762 3.23848e-06 1.59819e-08 1.19325e-06 7.8814e-05 0.00192968 6.98297e-05 0.965635 8.31284e-06 0.000174381 0.000251876 0.0040767 0.00121373 0.00318566 2.02403e-07 0.00357904 0.000157366 0.000112219 
1.78873e-07 0.0160504 0.131745 2.05977e-06 2.70923e-11 2.10866e-08 0.0104657 0.000140746 0.0247216 0.203073 0.000303117 0.0847208 6.63097e-05 6.52062e-08 0.180888 0.00017327 1.02835e-08 0.344344 0.0033052 1.61989e-10 
5.81566e-06 1.89134e-05 1.14636e-05 4.46459e-10 8.27159e-11 3.53161e-10 1.17374e-06 6.87212e-05 1.07587e-06 6.82487e-06 2.90753e-10 1.40401e-06 0.999831 2.3812e-10 3.40631e-06 1.2621e-10 4.44885e-05 3.65056e-06 1.91975e-06 4.9457e-10 
7.33749e-07 0.138054 1.19699e-06 5.65309e-11 1.04735e-11 1.31619e-08 5.35217e-07 0.000143857 2.4363e-07 0.209818 3.68153e-11 1.59676e-06 1.38647e-07 0.64829 3.56061e-07 9.49743e-07 1.09339e-11 0.00368791 2.16835e-07 6.26228e-11 
0.505389 0.00514918 0.0300093 4.67236e-10 8.65652e-11 3.69596e-10 2.85598e-10 8.51813e-05 0.0018486 0.00301228 0.0462824 1.37991e-06 0.00681691 0.354668 0.00157302 1.32083e-10 0.00444029 0.00800683 0.0327181 5.17586e-10 
0.000166762 0.00032873 4.25987e-07 1.27761e-09 5.5526e-13 2.37072e-12 6.26431e-08 0.982087 1.79397e-05 0.0145652 8.49609e-11 1.67113e-10 2.06404e-07 0.000185244 2.1006e-05 0.00262199 3.25921e-08 1.77765e-06 3.36409e-06 3.31998e-12 
0.0205187 0.55668 0.0605959 1.31944e-09 2.44454e-10 4.35205e-07 5.5591e-05 0.0139407 8.56579e-07 0.189764 0.00129091 0.000262765 0.0251391 7.80245e-06 9.27521e-06 0.00321788 2.55198e-10 0.127081 0.00143545 1.46162e-09 
2.3786e-05 6.86437e-06 0.00346018 1.36244e-07 2.52421e-08 0.00975962 0.000574071 7.56739e-06 0.00017496 0.00208689 0.00328084 2.25195e-05 0.969586 7.26662e-08 2.74592e-06 3.85149e-08 0.00394187 5.01787e-07 0.00705609 1.4745e-05 
1.48329e-07 0.00011308 3.7111e-05 1.20717e-06 6.77532e-11 2.89276e-10 3.50969e-06 0.108859 7.12443e-06 0.783338 2.38158e-10 6.81171e-05 0.00415857 1.44353e-06 0.000165364 0.000262159 6.29578e-07 0.102966 1.8777e-05 4.05106e-10 
0.00530924 0.038795 0.34556 6.42263e-06 5.2334e-07 0.000147412 0.000295999 4.23564e-05 0.0152875 0.0680209 8.21568e-05 0.0109555 0.0936454 0.383457 0.0110131 0.00097858 0.00172447 0.0096672 0.0149628 4.8995e-05 
0.265621 0.00454681 0.027255 0.00950893 1.9959e-07 0.000427156 2.31076e-05 0.000480678 0.00470433 0.00105387 0.000192622 0.00782058 0.192014 0.463002 2.69396e-07 0.00557165 3.51228e-05 0.017146 0.000594722 1.19337e-06 
0.0018073 0.00088636 0.187917 1.11652e-05 7.41916e-09 1.58515e-06 2.44774e-08 0.000206127 3.37647e-06 0.0865846 0.00110272 0.0218077 0.646345 1.67905e-07 0.0165256 3.91871e-06 8.96512e-05 0.0159083 0.020796 3.40545e-06 
0.000166762 0.00032873 4.25987e-07 1.27761e-09 5.5526e-13 2.37072e-12 6.26431e-08 0.982087 1.79397e-05 0.0145652 8.49609e-11 1.67113e-10 2.06404e-07 0.000185244 2.1006e-05 0.00262199 3.25921e-08 1.77765e-06 3.36409e-06 3.31998e-12 
0.00216384 0.00227246 0.000642626 8.48779e-05 3.39867e-11 0.0671687 2.41174e-05 0.343039 0.000445244 0.557966 0.0113532 0.000490073 0.00487834 0.00121587 0.00027902 0.00467356 0.000326691 0.00265566 0.000321075 2.03211e-10 
0.000631634 0.00138196 0.0782181 9.85369e-08 6.08811e-11 0.000381986 0.00141154 0.00220693 0.00524165 0.0320413 0.00366407 0.0108022 0.827843 0.0113841 0.000789192 0.000498545 0.000135174 0.0033836 0.0199846 3.64016e-10 
4.56773e-08 0.00384451 0.00665471 0.000678555 4.31515e-08 1.19939e-05 4.11382e-07 0.027757 0.00572591 0.784388 0.00382104 0.00698585 0.000545421 0.000347496 0.0820909 0.000766587 1.36663e-05 0.075442 0.000871265 5.43127e-05 
0.00215221 1.19533e-11 0.000585095 5.26234e-11 9.74959e-12 2.47677e-05 0.00148037 0.0746674 0.000673615 0.0838093 0.00706144 5.42316e-06 0.824976 0.00143488 0.000129101 0.000803702 0.000896257 1.19974e-08 0.00130053 5.82941e-11 
0.0173889 0.00497544 0.00737229 1.56486e-05 5.79487e-09 6.30018e-07 1.92896e-06 0.00273033 0.0145338 0.115938 0.0133 0.0091486 0.674874 3.00948e-06 0.0946775 0.000190834 7.70697e-07 0.0150324 0.0298165 3.46483e-08 
2.48478e-05 0.0484751 0.00622973 1.17805e-06 1.41334e-07 5.02625e-05 6.36765e-05 0.000221377 0.000545085 0.0187529 1.40742e-05 0.00106001 0.0193175 4.06868e-07 0.00237542 0.902089 1.47546e-07 0.000771961 5.939e-06 8.45056e-07 
3.51749e-08 0.0126343 0.000278698 5.03054e-09 4.90276e-13 2.09327e-12 1.77944e-08 0.402334 8.11602e-09 0.552633 0.02336 0.000139608 0.000524003 0.0017232 1.41081e-08 0.00637231 2.45681e-08 1.20877e-08 3.23511e-08 2.93143e-12 
1.2479e-07 4.65352e-07 0.252967 3.73029e-10 6.91114e-11 0.000540111 2.28014e-10 0.000380484 0.00383823 0.0748326 0.0264493 0.0214703 0.373688 0.000896834 0.231018 0.000695845 0.000113362 0.0131097 2.57844e-07 4.13227e-10 
0.0077142 0.00457714 0.0295444 2.1709e-08 3.98222e-11 2.04198e-07 0.0205412 8.46404e-07 2.63704e-07 0.0765753 1.00646e-05 0.0084697 0.847233 0.00100994 5.86504e-07 3.58554e-07 2.57791e-07 0.0043205 1.65405e-06 2.38102e-10 
0.00530924 0.038795 0.34556 6.42263e-06 5.2334e-07 0.000147412 0.000295999 4.23564e-05 0.0152875 0.0680209 8.21568e-05 0.0109555 0.0936454 0.383457 0.0110131 0.00097858 0.00172447 0.0096672 0.0149628 4.8995e-05 
0.00596405 0.749986 0.00162487 0.000204655 8.31457e-08 4.81532e-07 0.00480671 0.000651825 0.00435743 0.0203494 9.26499e-06 0.0964197 0.000957452 0.000262085 0.0306024 0.00148664 2.09291e-05 0.081596 0.000699125 4.9714e-07 
5.55408e-07 1.47626e-06 1.33973e-06 2.51894e-10 4.66686e-11 1.99255e-10 1.3089e-06 1.10582e-07 1.03038e-07 1.55245e-06 2.18194e-06 4.78859e-07 0.968311 1.34348e-10 2.6541e-06 5.83977e-07 1.22292e-06 0.000190769 0.031485 2.79038e-10 
2.4676e-05 0.320344 1.73154e-05 4.88724e-08 9.05463e-09 0.25604 4.97101e-06 1.10129e-05 6.75777e-06 6.28231e-05 6.26014e-06 3.0119e-05 0.141569 0.000817135 7.31177e-05 4.44944e-05 9.45261e-09 0.269355 0.0115927 5.41389e-08 
0.0146489 0.0754248 0.0538097 9.40205e-08 2.04313e-09 8.72327e-09 2.48089e-07 0.000759333 0.00188059 0.279898 0.0393448 0.224489 0.00103021 0.00028273 0.0103013 0.184832 5.50712e-05 0.111365 0.00187816 1.22162e-08 
0.0292547 0.130549 0.0033155 0.000292961 1.51452e-09 6.46633e-09 0.0270541 0.00211689 0.0141852 0.0844 7.5546e-06 0.37082 0.0807438 0.0043147 0.0397108 0.0015594 4.96868e-05 0.0729124 0.138713 9.05551e-09 
0.00134302 0.637063 0.0175705 1.05642e-10 1.95724e-11 6.00387e-07 4.1141e-05 3.86278e-05 0.00549285 0.0160352 1.03735e-07 0.0496045 0.000131815 3.84625e-05 0.0621316 0.00140537 3.5379e-08 0.207735 0.00136827 7.31871e-09 
2.4676e-05 0.320344 1.73154e-05 4.88724e-08 9.05463e-09 0.25604 4.97101e-06 1.10129e-05 6.75777e-06 6.28231e-05 6.26014e-06 3.0119e-05 0.141569 0.000817135 7.31177e-05 4.44944e-05 9.45261e-09 0.269355 0.0115927 5.41389e-08 
0.0303847 0.000971974 0.000582778 7.35981e-10 1.36356e-10 1.83693e-08 1.69921e-05 0.00743398 1.7135e-07 0.132362 7.65967e-07 0.000618664 0.0137881 1.72876e-05 8.82855e-05 0.797104 1.24917e-06 0.0166284 7.86272e-08 4.64428e-07 
8.48279e-07 3.10272e-10 0.123724 1.36595e-09 2.53071e-10 0.021404 8.34936e-10 2.16648e-07 4.00958e-08 7.46127e-07 3.91496e-06 1.67969e-06 1.97207e-05 7.28532e-10 0.0397897 1.04297e-06 5.02232e-07 0.0894465 0.725607 1.51314e-09 
0.00153451 0.499715 0.000551914 1.58035e-05 1.55222e-10 0.0214396 3.71325e-05 0.0389849 0.000421212 0.362107 0.0015314 0.000569911 0.00205924 6.63369e-05 0.00121672 0.066178 0.000344043 0.0029014 0.000325995 9.28095e-10 
0.18274 1.36542e-06 0.00161865 5.10045e-08 2.58548e-09 1.10389e-08 3.22735e-07 5.05517e-08 0.0573846 1.70257e-07 0.019719 4.01596e-05 0.0642268 0.0525885 0.000668606 5.10633e-08 0.369582 0.0230624 0.228364 2.92925e-06 
0.00301455 0.037826 0.0544643 0.000172448 1.6084e-05 0.00765172 0.00756056 0.00427955 0.0636287 0.576632 2.7112e-05 0.0866764 0.0462942 0.0517899 0.000585398 0.013696 0.00407076 0.0209031 0.0205929 0.000118802 
0.00134302 0.637063 0.0175705 1.05642e-10 1.95724e-11 6.00387e-07 4.1141e-05 3.86278e-05 0.00549285 0.0160352 1.03735e-07 0.0496045 0.000131815 3.84625e-05 0.0621316 0.00140537 3.5379e-08 0.207735 0.00136827 7.31871e-09 
0.000461229 0.0204646 0.0486261 8.86068e-06 4.68045e-09 1.99835e-08 0.000673654 0.000834043 0.0109989 0.18422 7.64081e-06 0.0081056 0.319355 3.16311e-05 0.0413754 0.192451 2.32725e-07 0.172041 0.000345645 1.67189e-07 
7.33749e-07 0.138054 1.19699e-06 5.65309e-11 1.04735e-11 1.31619e-08 5.35217e-07 0.000143857 2.4363e-07 0.209818 3.68153e-11 1.59676e-06 1.38647e-07 0.64829 3.56061e-07 9.49743e-07 1.09339e-11 0.00368791 2.16835e-07 6.26228e-11 
0.000166762 0.00032873 4.25987e-07 1.27761e-09 5.5526e-13 2.37072e-12 6.26431e-08 0.982087 1.79397e-05 0.0145652 8.49609e-11 1.67113e-10 2.06404e-07 0.000185244 2.1006e-05 0.00262199 3.25921e-08 1.77765e-06 3.36409e-06 3.31998e-12 
0.000105769 0.00554997 1.60629e-05 6.72581e-10 1.2461e-10 1.88374e-08 0.798495 0.00170373 0.000239832 0.192327 3.59886e-08 1.44321e-08 1.95268e-07 6.52893e-05 0.000232457 0.000261002 2.76871e-05 0.000965889 1.00185e-05 7.45059e-10 
7.33749e-07 0.138054 1.19699e-06 5.65309e-11 1.04735e-11 1.31619e-08 5.35217e-07 0.000143857 2.4363e-07 0.209818 3.68153e-11 1.59676e-06 1.38647e-07 0.64829 3.56061e-07 9.49743e-07 1.09339e-11 0.00368791 2.16835e-07 6.26228e-11 
0.0577252 0.0363991 0.183947 6.51339e-06 6.2033e-09 1.44744e-05 0.00111067 7.77538e-08 0.000861804 0.0201733 0.000546626 0.00552833 0.646209 1.78579e-08 0.0130867 0.00165683 3.09384e-05 0.0325886 0.000111886 2.71481e-06 
1.65327e-06 1.9706e-07 3.17894e-07 4.52156e-09 8.37713e-10 1.01721e-07 0.998907 4.27423e-05 0.00098887 2.33931e-06 1.39405e-07 5.4168e-06 3.22341e-06 3.87684e-07 1.94723e-07 3.03936e-08 1.83373e-05 3.07226e-06 2.55232e-05 5.0088e-09 
0.0108451 0.229639 0.299047 1.79448e-09 3.32465e-10 0.000180136 1.26193e-06 2.80886e-06 0.000811133 0.064386 0.00080661 0.0437302 0.219586 1.55908e-07 0.0582447 0.00107737 3.29996e-07 0.0655756 0.00606662 1.98786e-09 
5.69964e-07 0.00141736 0.00462733 4.57761e-10 8.48099e-11 3.62101e-10 1.57351e-06 1.25876e-07 0.000299594 0.992325 2.98113e-10 0.00114533 1.71153e-07 2.44148e-10 1.00113e-05 0.000161562 8.85375e-11 1.83125e-06 9.67331e-06 5.0709e-10 
0.000166762 0.00032873 4.25987e-07 1.27761e-09 5.5526e-13 2.37072e-12 6.26431e-08 0.982087 1.79397e-05 0.0145652 8.49609e-11 1.67113e-10 2.06404e-07 0.000185244 2.1006e-05 0.00262199 3.25921e-08 1.77765e-06 3.36409e-06 3.31998e-12 
5.9894e-08 0.207819 0.00570186 3.97111e-08 2.29844e-12 9.81335e-12 0.00176147 0.0615221 7.61111e-09 0.672895 7.92579e-07 2.28643e-07 0.00551305 0.000984352 6.57736e-07 0.0437835 1.72909e-05 1.65742e-07 3.13122e-07 1.37427e-11 
0.101273 0.664943 0.0236211 1.35717e-07 2.51444e-08 1.9254e-05 1.34548e-05 0.000164313 0.000117294 0.0543693 2.05362e-05 0.0119082 0.0473713 0.0801765 0.000491399 0.0146121 0.000294922 4.86819e-06 0.000585557 1.38477e-05 
0.000105769 0.00554997 1.60629e-05 6.72581e-10 1.2461e-10 1.88374e-08 0.798495 0.00170373 0.000239832 0.192327 3.59886e-08 1.44321e-08 1.95268e-07 6.52893e-05 0.000232457 0.000261002 2.76871e-05 0.000965889 1.00185e-05 7.45059e-10 
0.00372148 0.000711872 0.00122869 6.6156e-10 1.22568e-10 0.00448648 0.00155618 0.00236776 0.0057476 0.194252 0.000956183 5.50163e-08 0.776252 0.00320725 0.00207214 1.92266e-07 0.00219057 0.000483144 0.000765668 7.3285e-10 
0.0151083 3.04448e-05 0.0211685 1.30687e-05 1.00854e-08 0.0077592 3.32741e-08 0.00080663 0.000514374 0.070814 0.00182639 0.00237493 0.847794 0.000580951 0.000423257 0.0059933 0.00128064 0.00665743 0.0168539 1.45861e-07 
7.33749e-07 0.138054 1.19699e-06 5.65309e-11 1.04735e-11 1.31619e-08 5.35217e-07 0.000143857 2.4363e-07 0.209818 3.68153e-11 1.59676e-06 1.38647e-07 0.64829 3.56061e-07 9.49743e-07 1.09339e-11 0.00368791 2.16835e-07 6.26228e-11 
0.0129407 0.0555303 0.0232474 0.000807398 3.97136e-05 0.000117936 0.00179585 0.0164877 0.00647202 0.133674 0.0138118 0.0510082 0.032538 0.00526698 0.48149 0.0149613 0.000393313 0.0844105 0.0589529 0.00605381 
0.0501671 0.04607 0.0989822 5.73918e-06 3.9896e-07 1.70339e-06 0.00109605 0.0689876 1.00179e-06 0.602608 0.00165749 0.053893 0.0376684 1.44164e-05 0.00347025 0.00259563 1.39179e-06 0.00114284 0.0316349 2.38544e-06 
0.0727638 2.28707e-05 4.41967e-05 5.3774e-06 3.83036e-10 1.6354e-09 3.41331e-06 3.27908e-07 1.90243e-06 3.24895e-05 1.3464e-09 8.09414e-06 0.812915 1.10267e-09 1.04797e-05 0.114176 3.60284e-07 1.38105e-05 1.74324e-06 2.31313e-07 
0.00405302 0.0022414 0.00579869 1.08423e-06 2.00877e-07 0.00103005 0.00324807 0.00426955 0.00133021 0.00689759 0.0507692 0.00201519 0.0639772 0.00508941 0.00295853 3.06502e-07 0.00130039 0.00231827 0.8427 1.20107e-06 
0.18274 1.36542e-06 0.00161865 5.10045e-08 2.58548e-09 1.10389e-08 3.22735e-07 5.05517e-08 0.0573846 1.70257e-07 0.019719 4.01596e-05 0.0642268 0.0525885 0.000668606 5.10633e-08 0.369582 0.0230624 0.228364 2.92925e-06 
0.00125801 6.91941e-06 0.00245696 2.32322e-07 3.73935e-09 1.59654e-08 7.06186e-05 0.0253788 4.9711e-05 0.953708 0.00434039 0.00671297 0.00345248 7.95705e-07 3.51688e-06 3.53454e-06 6.16031e-08 0.00034527 0.00221152 2.23581e-08 
0.00114465 5.20297e-06 0.0717431 5.63308e-07 2.89159e-07 0.000676137 9.36758e-06 1.52784e-06 0.00129118 0.00127001 3.6685e-07 0.237876 0.472654 7.6229e-05 0.197554 1.47086e-05 1.84631e-05 0.0139708 0.00169328 6.24011e-07 
0.00150227 0.000451608 0.0616445 7.05559e-10 1.3072e-10 2.54416e-06 4.31274e-10 2.86317e-07 2.60992e-07 0.0708393 0.0101086 5.13159e-07 0.841571 7.43486e-07 0.00185155 0.00231048 6.41817e-07 1.48033e-07 0.0097149 5.22107e-07 
2.39945e-07 0.0372868 0.00800887 7.12714e-05 1.94418e-10 6.38472e-07 4.46977e-07 0.0128393 1.75387e-05 0.884466 3.17417e-06 0.00592679 1.48161e-06 6.65717e-05 0.0204878 0.0162312 4.3437e-08 0.0118522 0.00273941 1.16245e-09 
0.000166762 0.00032873 4.25987e-07 1.27761e-09 5.5526e-13 2.37072e-12 6.26431e-08 0.982087 1.79397e-05 0.0145652 8.49609e-11 1.67113e-10 2.06404e-07 0.000185244 2.1006e-05 0.00262199 3.25921e-08 1.77765e-06 3.36409e-06 3.31998e-12 
8.79202e-07 0.0126218 0.223635 2.38967e-06 3.93842e-08 1.34692e-05 5.95158e-07 1.72647e-07 9.07316e-07 0.00409464 1.96881e-05 4.42801e-07 0.298015 8.40278e-07 0.0466175 8.20642e-07 1.58508e-06 0.414903 1.97093e-05 5.1724e-05 
0.000339047 1.50705e-07 0.783645 1.63639e-06 1.1787e-10 0.000184524 3.88879e-10 1.91074e-07 0.000148026 0.146104 0.00261992 1.39769e-06 0.00264055 6.75245e-07 0.062259 9.15465e-05 2.32535e-07 0.00196273 1.59193e-06 7.04761e-10 
0.0286449 0.00495138 0.15313 0.000199644 8.50208e-08 5.90628e-06 0.00982885 1.7997e-06 0.0116415 0.162889 2.98855e-07 0.424084 0.165412 0.0030451 0.00347723 5.23728e-06 2.17251e-06 0.000357283 0.00958838 0.0227356 
2.66778e-06 1.10822e-09 3.56613e-07 1.38478e-12 2.5656e-13 2.71714e-08 0.997745 8.21423e-05 0.00205771 4.17037e-06 7.72124e-10 1.02446e-05 4.47891e-06 2.92389e-07 8.69121e-10 1.6494e-10 3.56418e-05 5.58227e-06 5.13717e-05 1.53401e-12 
0.000132304 0.00892501 0.010529 1.09514e-07 6.33857e-12 2.70629e-11 3.07432e-07 0.0124525 3.36044e-05 0.963603 2.18575e-06 6.30543e-07 0.000715242 4.05107e-07 1.81388e-06 1.82116e-06 2.97839e-08 0.00265151 0.000950731 3.78992e-11 
0.000141882 0.000600105 0.0178366 7.82998e-07 1.45067e-07 3.64784e-05 4.78608e-07 0.000121964 5.56895e-05 0.0232738 5.36498e-05 0.00122748 0.951741 4.17614e-07 0.000281428 0.00336488 1.33033e-05 0.000962802 0.000286515 8.67374e-07 
0.542286 6.34332e-05 4.87049e-05 9.71342e-06 4.24997e-08 1.75128e-05 0.00352335 0.00052665 0.00216565 0.058702 0.000210472 0.00436492 0.313806 0.0109685 0.000367283 0.000145406 0.00103624 0.0435859 0.0181718 2.54112e-07 
0.0201534 0.0089145 0.0632485 0.00515474 3.2677e-08 1.39517e-07 0.297208 0.000398871 0.1076 0.0362483 1.14862e-07 0.0415715 0.198847 0.000117576 0.00618103 0.00212055 1.13544e-05 0.000446971 0.00174485 0.210032 
0.0102638 0.0010762 0.0137756 2.11634e-08 1.15622e-08 2.10783e-08 0.821612 0.0931699 0.0218878 0.0195285 0.000299987 0.00208475 5.86494e-08 0.000496209 1.77652e-08 3.0191e-05 0.000503001 1.65954e-08 0.0152723 3.65545e-08 
0.0187941 0.134433 0.799644 3.12263e-07 2.35695e-09 3.79414e-07 0.000195798 7.56868e-07 0.00029048 0.00956992 2.1541e-06 1.62325e-06 0.0022198 0.0316862 0.00301299 2.11552e-06 4.37602e-05 1.44695e-06 0.000101474 1.40925e-08 
0.00134302 0.637063 0.0175705 1.05642e-10 1.95724e-11 6.00387e-07 4.1141e-05 3.86278e-05 0.00549285 0.0160352 1.03735e-07 0.0496045 0.000131815 3.84625e-05 0.0621316 0.00140537 3.5379e-08 0.207735 0.00136827 7.31871e-09 
0.000166762 0.00032873 4.25987e-07 1.27761e-09 5.5526e-13 2.37072e-12 6.26431e-08 0.982087 1.79397e-05 0.0145652 8.49609e-11 1.67113e-10 2.06404e-07 0.000185244 2.1006e-05 0.00262199 3.25921e-08 1.77765e-06 3.36409e-06 3.31998e-12 
0.104253 0.3397 0.0258326 1.30137e-05 1.08062e-05 9.04152e-05 0.000148573 6.61938e-05 0.0100536 0.147076 0.237469 4.80577e-05 0.0684398 0.0315629 0.00105602 0.00092021 0.0106233 0.0116155 0.000136608 0.0108845 
0.017196 4.0263e-05 0.00588428 2.14415e-05 2.80365e-06 0.0112033 0.0037596 4.23078e-05 0.00236171 0.000304577 0.00163101 0.00530074 0.101475 0.000748967 0.0155731 3.65781e-05 0.000539591 0.00563241 0.828236 1.01628e-05 
0.000800014 4.22235e-06 0.0217744 0.000284882 1.29082e-08 0.0605824 0.000445505 5.12631e-07 0.0159706 0.00310366 0.00221545 0.00260615 0.825385 4.61199e-06 0.0234818 0.00115143 0.000388393 0.000187208 0.0416139 7.71798e-08 
0.00126894 0.118533 0.361024 4.03807e-09 7.48138e-10 0.000582594 6.28488e-07 0.000113647 0.000117994 0.0395753 0.0175825 0.000717347 0.455776 0.00158163 0.00171376 7.33141e-07 0.000101384 0.000142082 0.00116879 4.47322e-09 
0.000112028 8.61867e-09 8.24072e-05 3.7943e-08 7.02974e-09 3.00139e-08 0.000115987 7.40569e-06 2.05078e-05 1.53094e-05 4.69738e-05 2.17216e-05 0.000134384 0.999387 5.1805e-06 1.07261e-08 3.6767e-06 3.14694e-05 1.62889e-05 4.20318e-08 
7.33749e-07 0.138054 1.19699e-06 5.65309e-11 1.04735e-11 1.31619e-08 5.35217e-07 0.000143857 2.4363e-07 0.209818 3.68153e-11 1.59676e-06 1.38647e-07 0.64829 3.56061e-07 9.49743e-07 1.09339e-11 0.00368791 2.16835e-07 6.26228e-11 
0.00530924 0.038795 0.34556 6.42263e-06 5.2334e-07 0.000147412 0.000295999 4.23564e-05 0.0152875 0.0680209 8.21568e-05 0.0109555 0.0936454 0.383457 0.0110131 0.00097858 0.00172447 0.0096672 0.0149628 4.8995e-05 
1.14647e-07 0.0113965 0.0240104 0.000205313 4.39961e-12 1.50464e-08 2.13389e-07 0.0384747 5.1006e-05 0.802705 1.51713e-06 0.0177694 7.08202e-07 0.00019711 0.0614415 1.26407e-06 2.0673e-08 0.0355332 0.00821192 2.63059e-11 
0.00073116 0.000569483 0.00920242 4.55193e-07 5.46515e-10 2.97238e-05 0.00148098 1.66213e-06 0.00166365 0.0124263 0.00667981 0.000821012 0.960936 0.000530254 0.000466367 0.000154459 0.000123621 0.00131477 0.00286754 3.26769e-09 
6.35745e-06 0.0287625 0.00742206 0.0060155 1.73863e-11 3.82747e-07 3.94934e-05 0.014653 0.0143245 0.672715 9.94248e-07 0.0094235 0.000192807 0.189078 0.00562371 0.0283812 1.45098e-07 0.0136823 0.00967798 1.03955e-10 
1.61785e-07 0.0033043 1.24878e-06 1.93423e-10 3.58357e-11 1.53003e-10 1.1823e-10 5.87174e-07 2.37305e-07 0.0528825 8.83015e-08 0.00391162 0.938795 1.04194e-08 0.00110285 5.46788e-11 6.36355e-08 6.36641e-07 1.1801e-06 2.14267e-10 
4.64866e-06 2.36383e-05 0.00808423 1.88366e-06 8.58967e-10 2.48214e-06 9.09142e-06 3.78624e-05 0.795834 0.000308273 1.53994e-05 0.00516712 6.3402e-06 3.082e-05 0.045622 0.00019202 1.08201e-05 0.143839 0.000810319 5.13588e-09 
0.041747 0.0265812 0.0614463 5.1798e-06 4.45842e-11 1.90355e-10 0.000899342 0.0239819 0.0169361 0.249247 0.0155153 0.00559275 0.0449799 0.289821 0.0169747 0.000366911 0.156099 0.00641331 0.043393 2.66575e-10 
0.0111398 3.09955e-07 0.00409261 2.54628e-10 4.71751e-11 1.00448e-07 0.000961174 0.0052712 0.00219499 0.211002 0.00157593 8.0619e-08 0.74131 0.0106825 0.0069029 2.64655e-07 0.00273133 0.00160914 0.000525713 2.82067e-10 
2.4676e-05 0.320344 1.73154e-05 4.88724e-08 9.05463e-09 0.25604 4.97101e-06 1.10129e-05 6.75777e-06 6.28231e-05 6.26014e-06 3.0119e-05 0.141569 0.000817135 7.31177e-05 4.44944e-05 9.45261e-09 0.269355 0.0115927 5.41389e-08 
8.51733e-08 0.00193836 1.17719e-06 9.49389e-12 1.75894e-12 2.47903e-08 5.80314e-12 3.7859e-07 0.0688437 0.0018751 0.00030807 0.0252161 6.33898e-08 7.69714e-08 0.208768 5.7327e-07 1.21211e-08 0.691343 0.00170526 1.0517e-11 
2.66778e-06 1.10822e-09 3.56613e-07 1.38478e-12 2.5656e-13 2.71714e-08 0.997745 8.21423e-05 0.00205771 4.17037e-06 7.72124e-10 1.02446e-05 4.47891e-06 2.92389e-07 8.69121e-10 1.6494e-10 3.56418e-05 5.58227e-06 5.13717e-05 1.53401e-12 
0.00134302 0.637063 0.0175705 1.05642e-10 1.95724e-11 6.00387e-07 4.1141e-05 3.86278e-05 0.00549285 0.0160352 1.03735e-07 0.0496045 0.000131815 3.84625e-05 0.0621316 0.00140537 3.5379e-08 0.207735 0.00136827 7.31871e-09 
0.0396 0.278496 0.393676 0.00734485 2.84432e-07 1.2144e-06 0.000111563 0.000588305 0.0390788 0.000916269 0.000190234 0.0470115 0.000750314 0.0011956 0.000388412 0.000738868 2.79115e-05 0.136735 0.0531472 1.70066e-06 
4.64866e-06 2.36383e-05 0.00808423 1.88366e-06 8.58967e-10 2.48214e-06 9.09142e-06 3.78624e-05 0.795834 0.000308273 1.53994e-05 0.00516712 6.3402e-06 3.082e-05 0.045622 0.00019202 1.08201e-05 0.143839 0.000810319 5.13588e-09 
4.0588e-06 0.000246254 0.00439439 9.74323e-08 1.80514e-08 7.27538e-05 5.95555e-08 0.000185441 7.46844e-06 0.496483 0.000592457 9.81065e-05 0.478157 0.0103255 0.000953059 0.00120692 1.83532e-05 1.50562e-06 0.00725357 1.07932e-07 
5.66147e-05 0.00018412 0.000111596 4.34622e-09 8.05229e-10 3.43797e-09 0.00572452 0.00331847 1.04735e-05 6.64392e-05 2.83044e-09 0.00138046 0.989056 2.31807e-09 3.316e-05 1.22863e-09 4.28801e-06 3.55377e-05 1.86885e-05 4.81457e-09 
0.0160445 0.723639 0.0438477 1.54233e-10 2.85749e-11 4.63732e-07 6.69445e-07 1.49107e-06 9.14496e-07 0.124253 8.43818e-07 4.07961e-06 0.0272419 8.23425e-08 9.9042e-06 6.0256e-06 2.98308e-11 0.064949 2.75451e-07 1.70853e-10 
3.53164e-06 1.95307e-06 0.0434587 9.44757e-10 1.75036e-10 8.97541e-07 0.00481424 3.72032e-06 0.0103171 6.01029e-06 4.42383e-05 1.75596e-06 0.752642 4.43471e-06 2.57794e-06 2.67074e-10 1.13311e-06 0.0927225 0.0959749 1.04657e-09 
0.00134504 0.183596 0.0605467 3.56575e-07 2.06382e-11 8.81163e-11 0.000601597 3.68256e-05 0.000751829 0.564481 7.11674e-06 2.05303e-06 0.0548183 1.31902e-06 0.0868237 0.031433 8.7375e-05 1.48823e-06 0.0154666 1.23399e-10 
0.0348346 1.6861e-06 0.0132793 1.43574e-10 2.66001e-11 1.13571e-10 1.93159e-07 2.74818e-07 0.224927 0.127009 0.00206731 0.0310849 0.00196661 7.65755e-11 0.420817 8.92955e-07 2.77692e-11 0.0870416 0.0569686 1.59046e-10 
3.51749e-08 0.0126343 0.000278698 5.03054e-09 4.90276e-13 2.09327e-12 1.77944e-08 0.402334 8.11602e-09 0.552633 0.02336 0.000139608 0.000524003 0.0017232 1.41081e-08 0.00637231 2.45681e-08 1.20877e-08 3.23511e-08 2.93143e-12 
2.66778e-06 1.10822e-09 3.56613e-07 1.38478e-12 2.5656e-13 2.71714e-08 0.997745 8.21423e-05 0.00205771 4.17037e-06 7.72124e-10 1.02446e-05 4.47891e-06 2.92389e-07 8.69121e-10 1.6494e-10 3.56418e-05 5.58227e-06 5.13717e-05 1.53401e-12 
0.206925 3.28791e-06 0.350795 1.5173e-08 2.81112e-09 0.000320595 0.0357764 5.72512e-05 0.000862225 0.0583145 0.000540773 0.0010333 0.223669 8.09258e-09 0.0308947 0.00887752 1.61235e-07 0.0207738 0.0611566 1.68081e-08 
0.0303847 0.000971974 0.000582778 7.35981e-10 1.36356e-10 1.83693e-08 1.69921e-05 0.00743398 1.7135e-07 0.132362 7.65967e-07 0.000618664 0.0137881 1.72876e-05 8.82855e-05 0.797104 1.24917e-06 0.0166284 7.86272e-08 4.64428e-07 
0.0303847 0.000971974 0.000582778 7.35981e-10 1.36356e-10 1.83693e-08 1.69921e-05 0.00743398 1.7135e-07 0.132362 7.65967e-07 0.000618664 0.0137881 1.72876e-05 8.82855e-05 0.797104 1.24917e-06 0.0166284 7.86272e-08 4.64428e-07 
0.00170939 0.00336224 0.0063389 1.18959e-07 1.34699e-09 5.75107e-09 0.856376 4.08423e-05 0.0006436 0.00698833 2.00692e-05 0.000332806 0.00274744 3.50091e-06 3.60636e-05 0.121178 1.62621e-05 1.01936e-06 0.000205324 8.05386e-09 
8.09996e-07 0.0031368 0.296849 6.46253e-07 2.62315e-10 1.11997e-09 0.00522022 5.75719e-05 0.000913687 0.0144565 9.22057e-10 0.301361 4.30477e-07 1.56164e-06 0.143935 0.000122478 2.73844e-10 0.233944 7.0536e-07 1.56842e-09 
0.00134302 0.637063 0.0175705 1.05642e-10 1.95724e-11 6.00387e-07 4.1141e-05 3.86278e-05 0.00549285 0.0160352 1.03735e-07 0.0496045 0.000131815 3.84625e-05 0.0621316 0.00140537 3.5379e-08 0.207735 0.00136827 7.31871e-09 
0.000720531 0.0346829 0.00179769 1.09828e-05 5.6563e-09 8.01102e-07 2.97984e-07 2.77474e-06 0.00110485 0.00585127 0.000495605 1.56222e-07 0.00649142 0.936697 1.03217e-06 0.00942476 9.541e-07 0.00269718 1.96704e-05 3.38198e-08 
0.000258969 0.0587226 0.0116514 1.18762e-06 5.31319e-12 2.2685e-11 0.0136277 0.268147 7.72347e-05 0.595905 0.00155232 0.000266206 0.00106195 0.000413957 0.000515947 0.0448972 7.67187e-05 0.00169897 0.00112506 8.02144e-07 
0.00130014 0.927846 0.0144025 3.18364e-06 8.87246e-11 5.35484e-08 7.70579e-08 0.00021424 0.00350725 0.0067599 0.00932731 4.67907e-07 0.00221983 0.0235376 0.00828107 0.000158029 0.000185713 0.00173247 0.00052459 5.30497e-10 
0.00147154 0.00060252 0.154681 8.48445e-06 1.28033e-09 0.000769981 0.00368001 5.47381e-06 0.0257417 0.0126087 6.50847e-05 0.000983343 0.79421 0.000240608 0.00284236 1.95356e-09 2.34878e-05 0.00196868 9.72954e-05 7.65529e-09 
0.00635355 7.93546e-07 0.000529888 0.000115162 6.47249e-07 2.76347e-06 8.10814e-05 0.000535001 0.000498789 0.0157183 0.000101088 5.39083e-05 0.959788 0.00554866 0.00197615 2.65155e-05 1.66184e-05 2.53583e-05 0.00859868 2.86105e-05 
0.00442439 0.028034 0.0738342 3.84502e-06 1.67591e-06 5.74928e-06 0.245608 0.0325972 0.054451 0.226404 0.00672835 0.0293545 0.104016 0.000182488 0.0525375 0.0492373 0.000242138 0.035105 0.019782 0.0374504 
0.00180297 5.15422e-06 1.32546e-05 1.83794e-07 3.40517e-08 2.49314e-06 7.52026e-06 9.7617e-06 3.06093e-06 0.0164521 0.000115932 0.0104623 0.9702 1.17065e-05 0.000885622 5.19568e-08 3.00148e-06 5.30012e-06 1.90471e-05 2.036e-07 
0.00134302 0.637063 0.0175705 1.05642e-10 1.95724e-11 6.00387e-07 4.1141e-05 3.86278e-05 0.00549285 0.0160352 1.03735e-07 0.0496045 0.000131815 3.84625e-05 0.0621316 0.00140537 3.5379e-08 0.207735 0.00136827 7.31871e-09 
0.0117689 0.0173275 0.0761279 3.66215e-06 5.30606e-07 8.31266e-05 0.00200597 0.0387244 0.00269089 0.0399248 0.0152625 0.022243 0.379535 0.0251784 0.266986 0.00729146 0.00165942 0.0405395 0.0526448 3.11859e-06 
0.354792 3.24876e-06 0.233891 2.17822e-08 4.03562e-09 0.000218689 0.0238881 0.00159797 0.000577986 0.109091 0.0003649 0.000691298 0.149153 1.16176e-08 0.0651707 0.00592963 1.71133e-07 0.0138526 0.040778 2.41295e-08 
0.00134302 0.637063 0.0175705 1.05642e-10 1.95724e-11 6.00387e-07 4.1141e-05 3.86278e-05 0.00549285 0.0160352 1.03735e-07 0.0496045 0.000131815 3.84625e-05 0.0621316 0.00140537 3.5379e-08 0.207735 0.00136827 7.31871e-09 
0.0303847 0.000971974 0.000582778 7.35981e-10 1.36356e-10 1.83693e-08 1.69921e-05 0.00743398 1.7135e-07 0.132362 7.65967e-07 0.000618664 0.0137881 1.72876e-05 8.82855e-05 0.797104 1.24917e-06 0.0166284 7.86272e-08 4.64428e-07 
1.67551e-06 0.00695033 0.0630475 4.48218e-10 8.30418e-11 4.25817e-07 1.34274e-06 1.76502e-06 5.49906e-07 0.153125 2.09878e-05 8.33073e-07 0.737926 0.0033684 1.22304e-06 6.71673e-07 0.00107569 0.00412194 0.0303565 4.96518e-10 
