0.000448386 0.00206391 0.160635 1.8288e-05 1.04879e-06 0.000490227 6.39549e-11 0.00144598 0.00103936 0.085119 0.019359 0.00142066 0.688085 0.000402846 0.0129982 0.0045396 0.00144211 3.62477e-06 0.0204875 1.15905e-10 
0.0377716 0.659186 0.0288856 0.000900911 2.32544e-07 1.35023e-08 0.000201047 0.00107313 0.0191496 0.0953215 0.000500275 0.0181983 0.00494461 0.000562924 0.0123846 0.00192448 4.45328e-05 0.0904107 0.0285397 1.14628e-11 
0.0249661 3.80435e-05 6.6728e-05 8.46297e-10 2.28935e-06 0.0232728 0.00220489 0.000150632 3.62869e-05 0.357776 0.00128395 0.497444 0.000132483 1.21424e-05 0.0924633 3.01444e-05 1.69908e-05 7.43747e-05 2.9475e-05 9.37495e-10 
0.0154689 0.0276701 0.167435 0.000320157 2.02173e-06 9.32538e-10 2.55629e-06 0.00453519 0.188564 0.037614 0.0461567 0.0866832 0.173793 4.66434e-06 0.154328 0.0317754 0.00108682 0.0392531 0.0253074 1.30594e-09 
0.013266 0.0985565 0.0190319 9.77595e-06 7.95839e-09 4.75225e-09 0.0217398 0.0280907 0.00462489 0.515714 0.000483694 0.0011277 0.0666236 5.91401e-08 0.103632 0.0966328 0.000166133 0.0302981 1.17255e-07 2.20585e-06 
0.00130458 0.00656521 0.00428424 2.91235e-05 7.0503e-09 4.18665e-09 0.00114864 0.0799401 0.0138728 0.702694 0.000131031 1.97105e-07 0.010405 5.24208e-08 0.0116781 0.167945 9.3674e-09 9.41618e-07 1.03967e-07 2.25414e-12 
0.212114 0.00326987 0.238433 0.000633836 0.000148789 6.42335e-11 0.000657744 0.0175451 0.00650381 0.0492444 0.00706677 0.0215844 0.0165494 0.0294851 0.0109704 0.269092 0.000225111 0.0687215 0.047755 8.99533e-11 
0.0964889 0.0258068 0.0105382 0.00324685 0.00201377 0.00200391 0.0321942 0.0147039 0.0593884 0.0624458 0.0118015 0.102463 0.0132959 0.0225068 0.0253099 0.00453774 0.000601056 0.406327 0.0853097 0.0190169 
0.0102638 0.0010762 0.0137756 2.11634e-08 1.15622e-08 2.10783e-08 0.821612 0.0931699 0.0218878 0.0195285 0.000299987 0.00208475 5.86494e-08 0.000496209 1.77652e-08 3.0191e-05 0.000503001 1.65954e-08 0.0152723 3.65545e-08 
0.0368397 0.00243049 0.00236521 0.00981673 4.98744e-05 2.40896e-06 0.00024657 0.00367291 0.563863 0.00910772 6.76818e-05 0.00404006 0.000373964 0.284813 0.00203686 0.000541316 0.00413467 0.0201532 0.0554446 2.56731e-09 
0.0197604 0.0968233 0.0751189 1.5146e-10 3.32812e-07 0.000260726 0.000759693 0.000403364 0.0108305 0.0408861 0.0101659 0.0147791 0.539035 0.0885835 0.0635373 0.0141234 0.00508429 0.0094445 0.0104036 1.55738e-07 
2.66778e-06 1.10822e-09 3.56613e-07 1.38478e-12 2.5656e-13 2.71714e-08 0.997745 8.21423e-05 0.00205771 4.17037e-06 7.72124e-10 1.02446e-05 4.47891e-06 2.92389e-07 8.69121e-10 1.6494e-10 3.56418e-05 5.58227e-06 5.13717e-05 1.53401e-12 
0.00214106 0.0323687 0.777117 1.67991e-07 9.16243e-08 5.21939e-06 0.000550321 0.00302751 4.47928e-07 0.0837125 9.72998e-07 0.0277575 0.000603085 0.000696346 0.000104168 0.000178055 7.86254e-08 0.0325987 0.0391382 2.89898e-07 
0.000783842 0.402059 0.0368114 0.000224355 2.85349e-06 5.28954e-06 3.89026e-05 0.00689537 0.0221835 0.0158228 0.000117024 0.157131 0.000351146 0.000679618 0.164717 0.0160258 1.26732e-05 0.15721 0.0189276 6.08148e-09 
0.000151334 0.00349917 0.0538801 1.8401e-11 1.31274e-06 4.92082e-05 3.59542e-05 0.0156861 0.000414603 0.0969161 0.518828 0.00669445 0.244921 0.000614855 0.0513593 0.00185445 0.000648505 0.00392442 0.000521125 2.03839e-11 
1.82605e-09 0.935637 1.81732e-07 2.39783e-11 4.44248e-12 1.89674e-11 1.58307e-07 4.58974e-08 1.56883e-07 0.0634888 1.56157e-11 0.000275773 4.64046e-12 1.27889e-11 1.69105e-07 0.000596886 4.1786e-09 4.11388e-07 1.83786e-12 2.65622e-11 
0.106922 0.00650673 0.00351479 0.000320065 1.63488e-05 0.00130295 0.004609 0.165833 0.00872556 0.264059 0.00477984 0.0529559 0.0332482 0.00140222 0.0644579 0.0674881 0.00150494 0.0171023 0.195251 3.86591e-09 
0.110633 0.0238179 0.0364482 0.000357554 0.000190162 1.73542e-05 0.0730562 0.0212035 0.0127671 0.151847 0.0830921 0.0252585 0.276482 0.0227816 0.0462512 0.00428296 0.0704527 0.00916579 0.0318951 1.74819e-09 
0.0554198 0.00123545 0.023099 1.40468e-05 0.000259911 0.00111188 0.0067179 0.00997241 0.0137963 0.00594683 0.00115075 0.0476261 0.00554957 0.449343 0.0772815 0.000269652 0.0204253 0.00157363 0.277379 0.00182755 
2.09012e-06 1.26783e-06 4.23525e-06 4.87983e-09 9.04091e-10 2.18091e-05 2.9828e-09 3.28289e-06 0.00144498 5.04687e-06 3.20535e-06 2.65001e-06 0.997567 2.60267e-09 1.37866e-06 0.000939317 2.17945e-06 3.16168e-10 1.07458e-06 5.40568e-09 
0.00161199 0.0039401 0.0116187 0.000152791 5.35632e-06 0.0176614 1.37159e-05 0.26743 0.000749353 0.646531 0.00544519 0.00107877 0.0282741 0.00610209 0.000592437 0.00300263 7.85187e-05 0.00475171 0.000960489 1.234e-10 
0.324714 0.0226314 0.48553 5.95385e-08 1.10308e-08 9.07756e-06 3.22158e-05 1.4827e-05 1.58327e-06 0.0980771 6.23432e-06 9.46356e-05 0.0381721 0.00146111 0.00150349 0.000140993 1.15156e-08 0.0276112 4.56344e-09 6.59545e-08 
0.00132517 0.000139218 0.00339296 3.95685e-06 4.64088e-05 0.00031269 0.000998418 0.00608452 0.00093875 0.188495 0.0175531 0.00569089 0.7466 0.000167451 0.0137313 0.000797412 0.000310217 0.000270669 0.0131375 4.38325e-06 
0.00475343 0.000534526 0.000153065 2.92084e-08 1.92771e-08 2.02513e-08 0.949645 0.00136465 0.016148 0.00351943 9.48425e-06 0.00357963 2.24072e-08 8.0137e-05 1.3656e-08 4.65345e-05 0.000153815 0.00111232 0.0188997 2.9317e-12 
5.91145e-05 0.00106701 5.70968e-05 1.53305e-12 6.93214e-10 1.35549e-07 0.992635 3.51625e-05 0.00547257 0.000312698 1.07745e-06 2.60844e-05 5.3767e-05 2.12071e-06 7.75911e-10 3.4858e-05 4.63483e-05 1.73465e-05 0.000179729 1.69825e-12 
0.092758 0.039094 0.111293 7.47093e-05 1.21295e-06 0.0425447 0.00203408 0.00115609 0.00316055 0.160328 0.00037365 0.0970094 0.425194 1.81664e-05 0.00130042 0.00410142 4.36914e-05 0.00267258 0.016842 1.28313e-08 
0.00120895 0.00325925 0.917068 2.71676e-05 9.33135e-09 1.78686e-11 0.000685437 0.0147408 0.00127724 0.0539934 9.91251e-08 0.00397638 0.00190116 5.11975e-05 0.000466099 3.99175e-05 8.00667e-09 0.000595617 0.000708996 2.95117e-08 
4.42475e-07 0.012549 0.106834 1.50688e-07 4.38697e-10 7.85222e-05 4.32773e-07 2.90817e-06 0.00105879 0.0742109 0.00211316 0.000612736 0.473071 0.00288553 0.0303149 0.277394 0.000114387 0.015941 0.0028176 2.62303e-09 
0.00117852 0.0024378 1.06531e-07 6.41542e-06 2.00004e-09 1.18911e-06 0.000172767 0.452302 0.00197722 0.374222 2.8288e-07 0.00080855 5.40956e-05 0.00121533 0.0127381 0.144702 3.13273e-05 0.00806295 8.89663e-05 8.6159e-12 
0.00893604 0.00228605 0.0630397 0.000135915 1.12575e-07 9.31648e-05 4.29251e-06 8.34695e-05 0.000203382 0.0925727 0.00307675 0.00733738 0.803788 0.0117747 0.00219602 0.000488354 0.000338033 0.00106921 0.00257665 3.43209e-07 
0.0267868 0.000571831 0.0375724 3.48413e-06 8.60979e-08 0.0280865 0.571772 0.00182306 0.000641151 0.0513085 0.00355684 0.00312908 0.247505 5.96988e-06 0.000397142 2.12342e-07 0.0171317 0.00706398 0.00264445 6.79605e-08 
0.0354135 0.00458247 0.309991 0.000294101 3.15282e-05 1.04105e-07 0.00656118 0.0197879 0.0416379 0.0337777 0.263915 0.00130353 0.0902521 0.0358576 0.0403079 0.00861496 0.00971709 0.0584496 0.039504 1.63118e-07 
4.32133e-05 8.77232e-07 0.0169 0.000117399 7.15506e-07 0.000179143 2.36061e-06 4.70813e-07 0.000107586 0.00415806 0.000180304 9.72833e-05 0.972846 2.05978e-06 0.00152936 0.000109205 1.31888e-05 0.000135783 0.00357263 4.27811e-06 
0.00371848 0.00141137 0.00158719 0.000240819 2.53417e-05 3.88375e-07 0.00144579 0.803872 0.00114069 0.122581 0.000270265 0.00808349 0.0136112 7.28504e-05 0.0310639 0.00369858 3.31678e-05 0.00526783 0.00187475 4.58618e-11 
0.00449454 0.00405938 0.00139556 3.12505e-05 0.000157971 0.0122652 0.0014341 0.554181 0.00182264 0.343394 0.00524687 0.00299539 0.00574493 0.0167679 0.0276477 0.00797785 0.000394422 0.00687198 0.00311766 5.13858e-11 
0.0319164 0.108577 0.00533555 0.00148596 4.90552e-07 3.82362e-08 0.00159029 0.00788716 0.0214607 0.0154415 7.30354e-05 0.0546774 1.76208e-05 0.000843713 0.130092 0.0129246 9.111e-06 0.503893 0.103775 4.67771e-11 
0.0130272 0.00430773 0.0102499 2.03873e-07 2.04164e-07 0.000693624 0.000836654 0.0264219 0.0362009 0.121606 2.06037e-05 0.0108435 0.00296053 0.00463191 0.0103323 0.713534 0.000816847 0.0118646 0.0316515 2.03834e-07 
3.51749e-08 0.0126343 0.000278698 5.03054e-09 4.90276e-13 2.09327e-12 1.77944e-08 0.402334 8.11602e-09 0.552633 0.02336 0.000139608 0.000524003 0.0017232 1.41081e-08 0.00637231 2.45681e-08 1.20877e-08 3.23511e-08 2.93143e-12 
0.00130458 0.00656521 0.00428424 2.91235e-05 7.0503e-09 4.18665e-09 0.00114864 0.0799401 0.0138728 0.702694 0.000131031 1.97105e-07 0.010405 5.24208e-08 0.0116781 0.167945 9.3674e-09 9.41618e-07 1.03967e-07 2.25414e-12 
0.0189153 0.0014777 0.124403 7.5812e-05 4.50544e-08 2.8765e-06 0.00150964 2.92534e-06 0.000507362 0.0260672 2.9406e-06 0.0201445 0.783497 0.000290691 0.01249 0.000219291 7.68943e-06 0.00553048 0.00485506 2.69387e-07 
1.2528e-05 8.32614e-06 0.320506 2.81328e-05 1.57897e-09 6.74151e-09 5.20937e-09 4.88426e-06 1.24461e-09 0.482131 9.9959e-06 1.74061e-05 8.21388e-05 4.54549e-09 8.94392e-10 0.08498 4.96159e-07 4.25232e-06 0.112206 8.50623e-06 
1.58217e-05 0.329595 0.0159245 1.59981e-07 2.96399e-08 1.26549e-07 9.77887e-08 1.95035e-08 6.72798e-05 0.00566144 0.000155291 0.567916 1.89077e-05 8.83679e-05 0.000791973 6.91538e-05 3.09427e-08 0.0793725 0.000323756 1.77221e-07 
0.000574692 0.0323218 0.0633577 1.21007e-10 7.16477e-06 0.00198038 0.000311621 0.00069083 0.0183176 0.138939 0.00352309 0.092621 0.390579 0.000567237 0.192371 0.00674529 3.99135e-05 0.0500419 0.00701044 1.34047e-10 
0.00846581 0.00863144 0.0109916 0.00296204 0.000271389 8.8334e-07 0.000456688 0.125154 0.0279729 0.623948 0.000589752 0.00802313 0.00323564 0.00520343 0.0297857 0.0879414 0.0017303 0.034529 0.0201062 1.51281e-10 
0.212114 0.00326987 0.238433 0.000633836 0.000148789 6.42335e-11 0.000657744 0.0175451 0.00650381 0.0492444 0.00706677 0.0215844 0.0165494 0.0294851 0.0109704 0.269092 0.000225111 0.0687215 0.047755 8.99533e-11 
0.0187018 0.00213772 0.0177112 9.71183e-05 9.12062e-05 1.97836e-06 0.003537 0.298465 0.0909728 0.420969 0.000221621 0.00803164 0.00158235 0.0275822 0.0172496 0.0580765 0.000212461 0.0296693 0.00468929 5.07855e-11 
0.212114 0.00326987 0.238433 0.000633836 0.000148789 6.42335e-11 0.000657744 0.0175451 0.00650381 0.0492444 0.00706677 0.0215844 0.0165494 0.0294851 0.0109704 0.269092 0.000225111 0.0687215 0.047755 8.99533e-11 
1.02127e-13 0.00326501 0.055609 4.52552e-06 4.24091e-09 2.12946e-08 9.43759e-05 0.000865654 0.00221709 0.0032934 5.63727e-08 0.0103438 0.00769198 4.74065e-05 0.456874 0.0151962 3.87139e-05 0.39645 0.0480085 8.92822e-13 
0.00130458 0.00656521 0.00428424 2.91235e-05 7.0503e-09 4.18665e-09 0.00114864 0.0799401 0.0138728 0.702694 0.000131031 1.97105e-07 0.010405 5.24208e-08 0.0116781 0.167945 9.3674e-09 9.41618e-07 1.03967e-07 2.25414e-12 
0.00512263 0.0100567 0.035218 0.000260055 6.76462e-08 2.46094e-05 0.0100852 0.0468535 0.000960351 0.0331952 0.0342111 0.0266496 0.388542 1.53966e-05 0.234782 0.13746 0.000354931 0.015816 0.0203916 1.3424e-09 
0.0422143 0.00997426 0.0589475 2.30285e-05 2.1002e-05 0.0372874 0.0036444 0.00151421 0.0040196 0.151479 0.00792797 0.109209 0.445556 0.00050874 0.0389488 0.0269455 0.000405298 0.0333428 0.0280311 2.50136e-07 
0.107786 0.0275253 0.0812672 0.00138928 5.72308e-08 1.50161e-11 0.000457912 0.124988 0.00443644 0.23693 0.00140801 0.0488922 0.00928864 0.000990121 0.222799 0.0416439 1.91534e-05 0.0516975 0.0384819 2.10287e-11 
0.157275 0.0528505 0.0107732 0.097274 7.46467e-07 3.91443e-06 3.79784e-05 0.0500427 0.224316 0.145918 1.41742e-05 0.171289 6.88437e-05 0.000737106 0.0148598 0.000374987 8.79117e-07 0.00826394 0.0659 4.45011e-08 
0.00279935 0.0155488 0.0193221 1.12765e-05 8.7119e-05 0.0198351 0.000550691 0.00876347 0.00197348 0.0517107 0.029209 0.00671906 0.799679 9.45413e-05 0.0136801 0.00479175 0.000153784 0.0181983 0.00687251 8.50456e-08 
3.18155e-06 0.0044191 0.0443671 0.000303802 3.02514e-06 3.79191e-05 0.00109422 0.000195383 4.71025e-05 0.0105067 0.76076 7.77351e-05 0.146622 1.59086e-05 0.021916 3.91782e-05 0.00121212 0.00237044 0.00600809 3.37409e-07 
0.00116946 0.0449165 0.0346597 6.04802e-07 6.06237e-05 6.62191e-05 0.217912 0.169646 0.0245627 0.165884 0.00538546 0.009395 0.0261771 9.46809e-05 0.00242419 0.0558919 0.159478 0.077869 0.00440588 6.57436e-08 
0.0194279 0.0220526 0.00176444 5.52502e-08 1.02363e-08 0.0036427 0.00238726 6.98518e-05 0.00513441 0.0199101 0.00300588 0.00349606 0.908231 2.16943e-06 0.00067282 0.000126614 0.000650695 0.00328876 0.0061363 6.1204e-08 
0.00318 0.00291715 0.079576 2.06096e-07 6.49098e-08 4.24383e-05 0.000549082 0.0032299 0.0431778 0.593773 9.27256e-07 0.0192375 0.026949 4.82622e-07 1.45273e-05 2.00285e-05 8.62426e-08 0.211537 0.0157946 2.07531e-11 
0.00735528 0.00177129 0.129278 4.34378e-05 0.000195336 0.000921038 0.00285206 0.00642247 0.002721 0.057175 0.117328 0.0536974 0.308093 0.00088216 0.201325 0.000389307 0.000584066 0.0403852 0.0685804 1.11224e-08 
0.0157774 0.000657349 0.0106213 2.88489e-06 0.00011276 0.000202252 0.00043586 0.0206067 0.0293893 0.0308161 0.541183 0.00841356 0.0924675 0.00745878 0.0340405 0.000906561 0.0975191 0.0344566 0.0749324 1.76202e-10 
4.8195e-05 1.8939e-08 0.770641 8.33775e-08 1.54474e-08 0.000538796 5.09645e-08 1.01646e-08 1.85129e-05 0.00291829 6.67157e-05 1.16037e-05 0.0158289 0.00019734 2.60667e-05 1.3489e-05 0.00363664 0.06352 0.14252 1.46872e-05 
0.00455142 0.0758931 0.0196616 5.64486e-05 4.28012e-08 7.40458e-09 0.00993321 0.130078 0.00525616 0.515038 0.00201895 0.0491807 0.00101596 0.00277448 0.0148704 0.126969 0.000135397 0.0391961 0.00337022 1.8919e-07 
0.00422739 0.011194 0.00727849 5.55784e-07 1.15012e-06 3.70815e-06 4.57257e-05 0.0434961 0.0037286 0.872672 0.0031532 0.00959054 0.0142534 0.000216628 0.0145658 0.00123961 9.97523e-05 0.000873642 0.0133595 1.96996e-09 
0.0237582 0.136281 0.0239401 0.000172974 2.82759e-06 1.47514e-07 0.000541607 0.00108086 0.00881183 0.245719 0.000394496 0.0872509 0.00291206 0.312383 0.0323081 0.00132667 1.18128e-05 0.0484077 0.0746951 1.8028e-06 
0.0805222 0.0302921 0.52261 0.00037718 8.24537e-05 1.27114e-05 0.000601849 0.0123822 0.00577361 0.061485 0.00367192 0.018924 0.0712372 0.0289767 0.00653529 0.0976762 0.000184944 0.0374619 0.0211847 7.46987e-06 
5.79047e-12 1.13767e-06 5.66627e-06 4.56976e-11 8.46644e-12 1.19325e-07 2.79327e-11 1.82229e-06 8.85991e-06 2.91053e-06 7.41058e-07 0.00602419 3.05119e-07 3.70492e-07 0.172523 0.00386587 5.83433e-08 0.817564 7.39396e-07 5.0622e-11 
1.46191e-06 0.000899454 9.26957e-05 8.87536e-12 1.1567e-09 5.79132e-08 0.992359 4.21165e-05 0.00548973 7.13872e-05 6.47043e-07 0.000109074 0.000125879 8.88674e-07 1.27378e-07 2.877e-05 5.64377e-05 0.000692948 2.93515e-05 9.83178e-12 
6.71961e-06 1.93281e-06 6.35642e-06 5.00238e-09 9.26796e-10 6.13378e-05 0.0181857 2.13507e-06 6.06423e-06 0.00321601 8.79921e-06 6.36348e-06 0.779194 2.66803e-09 5.24975e-10 1.41412e-09 5.51589e-06 5.8372e-07 0.199299 5.54144e-09 
3.51749e-08 0.0126343 0.000278698 5.03054e-09 4.90276e-13 2.09327e-12 1.77944e-08 0.402334 8.11602e-09 0.552633 0.02336 0.000139608 0.000524003 0.0017232 1.41081e-08 0.00637231 2.45681e-08 1.20877e-08 3.23511e-08 2.93143e-12 
0.00777073 0.0172621 0.0334419 0.000267988 4.61089e-07 6.11766e-05 0.000371313 0.00578402 1.73965e-07 0.571957 5.09939e-07 0.082009 0.15776 0.0153066 0.000503468 0.0986794 0.000436263 0.00131203 0.00707621 8.47361e-11 
0.000339047 1.50705e-07 0.783645 1.63639e-06 1.1787e-10 0.000184524 3.88879e-10 1.91074e-07 0.000148026 0.146104 0.00261992 1.39769e-06 0.00264055 6.75245e-07 0.062259 9.15465e-05 2.32535e-07 0.00196273 1.59193e-06 7.04761e-10 
0.000263516 6.09034e-07 0.171469 0.00199885 1.10069e-07 0.00187924 5.00667e-07 9.83348e-06 0.00264007 0.00137028 0.00115484 0.0814315 0.000797996 0.000214245 0.0223613 7.79608e-07 1.51339e-05 0.00165473 0.712737 5.87039e-09 
0.00281477 0.00123625 0.72947 0.00113078 0.000503983 0.00410312 0.00124315 0.0153017 0.0487025 0.118502 0.00959466 0.00467892 0.0272374 0.000270675 0.00172308 0.0104599 0.000514402 0.00233971 0.0201731 1.00769e-07 
0.0420851 0.0102559 0.0180727 0.00195904 6.93537e-05 8.6181e-06 0.000472884 0.00626585 0.0105671 0.0163538 0.00240453 0.225779 0.00833598 0.00214791 0.105754 0.000610827 0.000167649 0.0446519 0.504038 6.45492e-12 
2.01567e-05 4.95328e-05 0.439469 1.8843e-08 3.49106e-09 1.49053e-08 2.33506e-05 1.06335e-06 0.0374197 0.155671 1.22713e-08 0.0135598 0.153504 1.005e-08 1.17071e-06 0.0269712 5.39047e-06 0.1599 0.0134047 2.08735e-08 
1.89125e-10 7.80107e-07 0.186041 1.49255e-09 2.76527e-10 0.00372707 1.36858e-05 8.3719e-07 7.63117e-07 0.0656557 7.29106e-06 6.22411e-07 0.744543 7.96057e-10 1.56652e-06 3.41806e-06 1.87671e-06 9.67036e-11 1.80762e-06 1.65339e-09 
0.00451743 1.3901e-05 2.43822e-05 3.09235e-10 8.36522e-07 1.06165e-05 7.97682e-06 5.50407e-05 1.32591e-05 3.03953e-05 0.00046915 2.18967e-05 0.22273 4.4368e-06 8.42537e-05 1.10147e-05 0.00559374 0.766401 1.07701e-05 3.42558e-10 
0.0144062 0.00239005 0.071428 1.78675e-07 3.31033e-08 1.41337e-07 8.71497e-06 2.17825e-08 3.81134e-05 0.0202188 5.90586e-05 0.0195757 0.841837 9.74978e-06 0.00393389 0.000857433 6.50115e-06 0.0172585 0.007972 1.97929e-07 
0.00229798 0.00904722 0.330653 6.03745e-06 1.34121e-05 0.000210797 0.000188071 0.107644 0.00212411 0.0223662 0.00339536 0.0225756 0.237386 0.000110634 0.126333 0.0167602 0.000355383 0.0695101 0.0490234 3.34407e-08 
5.68884e-06 8.89663e-05 0.000155999 1.89115e-07 5.38586e-06 0.0245882 5.11417e-05 0.000352115 0.0139336 0.000194449 0.372639 0.00578775 0.577091 2.84817e-05 0.000538986 0.00141369 0.000768458 0.00228741 6.891e-05 2.09494e-07 
0.00215221 1.19533e-11 0.000585095 5.26234e-11 9.74959e-12 2.47677e-05 0.00148037 0.0746674 0.000673615 0.0838093 0.00706144 5.42316e-06 0.824976 0.00143488 0.000129101 0.000803702 0.000896257 1.19974e-08 0.00130053 5.82941e-11 
2.13196e-06 0.00630952 0.930685 2.60879e-05 1.05698e-07 2.93286e-09 0.000315823 2.60554e-06 5.14313e-07 0.0615402 1.11826e-06 0.0010614 5.33411e-07 7.3167e-07 1.61743e-07 5.07445e-05 9.08121e-08 1.07247e-06 1.3203e-06 3.36087e-07 
0.0171201 0.0185846 0.125156 6.23214e-07 8.01172e-07 1.11043e-06 5.37381e-05 0.0600859 0.000388642 0.603752 0.000236466 0.0491193 0.0770554 3.71701e-05 0.0233784 0.0137585 9.21646e-06 0.00997029 0.00129174 6.18485e-08 
0.0429058 1.51174e-05 1.18126e-05 2.35161e-09 4.35685e-10 1.86019e-09 8.48222e-06 0.0108949 2.43867e-06 0.748147 4.60971e-07 3.05794e-06 0.197984 3.77525e-07 1.52765e-05 6.38255e-06 4.54835e-10 1.52363e-10 5.62377e-06 2.60502e-09 
2.19546e-05 0.000491522 0.0189252 4.37168e-06 4.1586e-06 0.000515761 0.000252261 0.00133174 0.000920229 0.0143645 0.0936743 0.000744685 0.848231 9.77079e-05 0.017283 0.000631704 0.00100645 0.000583189 0.00091603 2.3522e-08 
0.0104183 0.159363 0.0849554 3.48702e-05 1.69166e-05 0.000211021 0.00184463 0.0259917 0.0859735 0.077718 0.0236867 0.0415111 0.256231 0.0473054 0.0919929 0.0377023 0.000777366 0.0214919 0.0327732 2.29784e-09 
0.00127451 0.00200466 0.000410174 0.000933576 6.14942e-07 6.9475e-07 0.000111716 0.341824 0.0015444 0.478587 2.41036e-06 0.00124246 0.000219994 0.00682789 0.0258347 0.128987 8.36858e-05 0.0087435 0.00136694 1.2432e-11 
0.00663507 0.223621 0.0103913 0.00228703 2.43332e-09 3.02003e-13 1.68869e-06 0.0101387 0.0175051 0.238768 0.000556184 0.123291 0.00106588 0.00134298 0.122552 0.0217588 1.61506e-05 0.105732 0.114336 4.22928e-13 
0.00228672 0.00735915 6.52345e-05 1.47002e-05 4.01085e-08 2.36527e-09 0.00036548 0.348922 0.000941377 0.322935 2.65766e-07 0.0068016 7.47273e-05 3.20388e-06 0.298494 0.00525615 8.15891e-05 0.00268345 0.00371571 1.71537e-11 
2.66778e-06 1.10822e-09 3.56613e-07 1.38478e-12 2.5656e-13 2.71714e-08 0.997745 8.21423e-05 0.00205771 4.17037e-06 7.72124e-10 1.02446e-05 4.47891e-06 2.92389e-07 8.69121e-10 1.6494e-10 3.56418e-05 5.58227e-06 5.13717e-05 1.53401e-12 
5.66905e-06 4.88861e-06 0.105917 2.83143e-09 5.24582e-10 2.23974e-09 1.73245e-06 3.45182e-10 1.90251e-06 0.571173 1.84395e-09 0.0644696 5.58974e-06 2.20496e-05 3.26889e-06 8.00418e-10 1.53394e-06 0.190814 0.0675791 3.13655e-09 
0.00683334 0.000290848 0.00469435 3.75642e-07 1.64856e-10 5.62862e-08 1.1602e-06 1.08478e-10 0.0123513 0.00230481 0.00022364 0.055085 0.908858 0.00197164 0.00151077 0.00204816 0.000847401 0.00297853 5.87105e-07 9.85696e-10 
5.29474e-06 8.01348e-05 0.00389057 1.69039e-06 5.11206e-06 6.22434e-05 4.6796e-05 0.000315979 0.000994181 0.000223226 0.00269266 0.11636 0.521855 2.6355e-05 0.337 6.36697e-05 3.59446e-05 0.00973237 0.00660675 1.87255e-06 
0.0325046 0.000818591 0.0149209 5.3579e-06 7.34938e-08 3.92886e-06 6.42727e-05 3.96478e-06 0.000728779 0.057481 0.00018567 0.000481398 0.879049 7.00589e-05 1.5636e-05 5.24185e-06 2.97668e-05 0.0128696 0.000760816 1.68236e-06 
0.00221726 0.424478 0.00625454 0.00186825 3.29906e-08 3.8244e-05 0.000382243 0.000234033 0.000395761 0.503345 1.59169e-06 0.00312966 0.00219916 5.35209e-07 1.69434e-07 0.00901417 5.43149e-12 0.0346536 0.0117878 3.11083e-11 
0.00350135 0.00779796 0.0314721 7.80668e-05 0.000380275 0.00781822 0.00474863 0.0178608 0.0238218 0.076914 0.00968412 0.0597793 0.573165 0.000523114 0.0231273 0.000948871 0.00111423 0.0172994 0.139961 4.76129e-06 
0.000172021 0.00692715 0.0283138 2.84847e-05 1.75512e-05 3.76555e-05 0.000154396 0.00305993 0.00289709 0.0705215 0.0283225 0.046425 0.626764 0.000147404 0.111846 0.0613034 0.000325068 0.00864343 0.00392646 0.000167088 
0.0335571 0.000554217 0.0118988 3.33024e-06 5.58504e-06 0.000145731 0.000710786 0.00262282 0.00975955 0.00667122 0.00086864 0.0304042 0.578172 0.0218618 0.00500409 0.00115305 0.26865 0.00804254 0.0199141 5.37595e-08 
0.00683334 0.000290848 0.00469435 3.75642e-07 1.64856e-10 5.62862e-08 1.1602e-06 1.08478e-10 0.0123513 0.00230481 0.00022364 0.055085 0.908858 0.00197164 0.00151077 0.00204816 0.000847401 0.00297853 5.87105e-07 9.85696e-10 
0.000105113 5.81829e-05 0.000150374 3.67952e-07 6.81709e-08 2.69715e-05 8.44102e-05 0.000110724 3.45338e-05 0.000178833 0.00131635 5.22654e-05 0.995602 0.000132118 0.00123664 1.04017e-07 0.000633699 6.01203e-05 0.000216324 4.07603e-07 
0.0131803 0.00482079 0.0491928 0.00267972 0.000134017 5.66134e-06 0.0129522 0.00431907 0.00221836 0.0848407 0.0428721 0.00547921 0.677094 0.0175748 0.0180096 0.0119801 0.000536885 0.0479175 0.0041924 2.09765e-09 
0.000268902 0.000304465 0.0283812 0.000356296 2.11273e-08 0.0199521 1.01077e-05 1.83755e-06 0.000733146 0.00171529 0.000208062 0.000876768 0.88263 7.60565e-05 0.00281445 7.92575e-05 1.67668e-05 0.0044044 0.0571707 1.26323e-07 
0.0212018 0.00442352 0.00168162 0.00217979 0.000128023 9.51319e-12 0.00095795 0.0143906 0.00842948 0.0324856 0.000677165 0.00135127 0.00811818 0.850598 0.00107664 0.00166996 0.0437666 0.00333678 0.00352744 1.06728e-10 
0.00683334 0.000290848 0.00469435 3.75642e-07 1.64856e-10 5.62862e-08 1.1602e-06 1.08478e-10 0.0123513 0.00230481 0.00022364 0.055085 0.908858 0.00197164 0.00151077 0.00204816 0.000847401 0.00297853 5.87105e-07 9.85696e-10 
0.0120311 0.0175139 0.0461485 0.000735151 0.000176901 0.000216224 0.000229269 0.00166366 0.00702471 0.0316885 0.000678704 0.072695 0.00594411 8.81321e-05 0.397755 0.000970242 0.00470673 0.155113 0.244621 5.82665e-07 
0.00168104 0.00268102 0.00681011 1.21705e-06 1.04218e-06 2.89861e-09 0.000229376 0.205055 0.00259994 0.601243 0.000839124 0.00453563 0.0133819 0.132808 0.0102587 0.0143735 0.0010141 0.00153322 0.000953911 1.04328e-10 
0.000127184 0.00355368 0.068009 2.0504e-10 1.07664e-07 1.74287e-07 0.0009845 0.0655244 0.000873617 0.499896 0.000602459 2.6834e-06 0.000310633 2.91856e-07 6.87896e-06 0.349787 1.00354e-05 0.00739784 0.00291345 8.57888e-09 
0.0255903 6.84795e-05 0.0103395 0.000115401 3.04673e-05 0.00022761 8.71659e-05 0.000464977 0.625482 0.064559 0.0191287 0.00859573 0.154549 0.00757035 0.000398569 0.0188965 0.00995693 0.0235372 0.0304009 3.22227e-07 
1.46191e-06 0.000899454 9.26957e-05 8.87536e-12 1.1567e-09 5.79132e-08 0.992359 4.21165e-05 0.00548973 7.13872e-05 6.47043e-07 0.000109074 0.000125879 8.88674e-07 1.27378e-07 2.877e-05 5.64377e-05 0.000692948 2.93515e-05 9.83178e-12 
1.46191e-06 0.000899454 9.26957e-05 8.87536e-12 1.1567e-09 5.79132e-08 0.992359 4.21165e-05 0.00548973 7.13872e-05 6.47043e-07 0.000109074 0.000125879 8.88674e-07 1.27378e-07 2.877e-05 5.64377e-05 0.000692948 2.93515e-05 9.83178e-12 
0.271921 0.0551764 0.168166 1.16498e-05 2.47117e-05 1.93756e-08 0.0019727 0.00797531 0.00608853 0.129171 0.0220494 0.0200686 0.170968 0.0312909 0.00338661 0.0958873 0.000547309 0.0119341 0.0032971 6.22515e-05 
0.00196438 0.00135899 0.0172636 1.53573e-09 7.11967e-07 9.03372e-06 6.78763e-06 0.00355308 1.12813e-05 0.0355612 0.188833 0.00211952 0.68182 0.000948056 0.0655382 0.000722124 0.000257771 2.31223e-05 9.16353e-06 1.70123e-09 
0.361154 0.000247718 0.0798486 0.000180108 1.21161e-05 1.51099e-05 3.91596e-05 0.000122772 0.0223701 0.0465583 0.0330178 0.00463885 0.243592 0.0558536 0.0174231 0.00100208 0.019006 0.0201468 0.0946718 0.000100072 
0.0852231 0.0620984 0.0117898 0.000509115 0.000142317 7.0421e-08 0.00247983 0.00234658 0.338509 0.0460077 0.0042053 0.0023718 0.0262638 0.328798 0.000655249 0.000197498 0.0208418 0.00175995 0.0658002 4.43378e-10 
0.0189844 0.258293 0.00988446 4.74448e-06 2.88302e-08 2.8325e-10 0.00165067 0.00498882 0.0201838 0.216071 1.74129e-05 0.148497 0.0019885 0.000482107 0.019705 0.0556113 4.36119e-05 0.231896 0.0116976 3.96666e-10 
0.04496 0.00755217 0.0961393 0.138475 4.29404e-08 1.83337e-07 4.60396e-06 0.008347 0.00947378 0.192238 0.0120484 0.00450004 0.322838 0.032383 0.0351914 0.00369124 4.30857e-05 0.0608379 0.0312556 2.12137e-05 
0.0108923 0.0245169 0.313097 6.42701e-08 1.03264e-07 1.84232e-07 0.00293076 6.63188e-06 0.000120514 0.409239 0.00706461 0.0237592 0.111041 2.37569e-07 0.0240704 0.00985075 0.000322661 0.0268551 0.036233 8.32502e-11 
0.00512263 0.0100567 0.035218 0.000260055 6.76462e-08 2.46094e-05 0.0100852 0.0468535 0.000960351 0.0331952 0.0342111 0.0266496 0.388542 1.53966e-05 0.234782 0.13746 0.000354931 0.015816 0.0203916 1.3424e-09 
0.0259156 0.00952577 0.00406281 0.00355002 1.82175e-08 1.13896e-08 1.42429e-05 0.0508722 0.00471014 0.705018 2.68633e-05 0.00432463 0.000131144 0.000107943 0.00522046 0.139311 8.40611e-06 0.0430341 0.00416591 1.73048e-07 
0.00994901 0.0332176 0.256034 0.0419109 0.000235784 0.226384 0.0070372 0.0017917 0.000631193 0.0585101 0.00209736 0.0267304 0.227325 0.000183215 0.0150128 0.0811151 0.000249258 0.00554352 0.00465671 0.00138543 
0.00388349 0.0108808 0.323277 1.50094e-06 3.79282e-06 0.00044424 0.232447 0.0311748 0.0504559 0.0810553 0.000548991 0.0148882 0.183266 6.85698e-06 0.0211077 0.00299858 0.00383938 0.0224962 0.0172234 8.89811e-09 
0.0670762 0.00997248 0.0127562 0.0109624 1.81203e-08 4.00737e-08 2.14318e-07 0.00136604 0.0310759 0.0307996 0.000150913 0.0152262 0.000623314 0.00493542 0.00825927 0.00319199 4.191e-05 0.758447 0.0451149 1.25037e-09 
5.16884e-07 0.0250895 0.0712988 1.81672e-09 3.36585e-10 1.43707e-09 1.11047e-09 2.21478e-10 2.65311e-10 0.0638264 1.21341e-06 2.82401e-07 0.836656 9.62233e-07 0.00213936 2.5313e-06 4.37019e-07 0.00062878 0.000355164 2.01249e-09 
1.06524e-05 0.000167208 0.000293281 3.71962e-09 1.00621e-05 0.0001277 9.5949e-05 0.000662055 0.000159487 0.000365609 0.00564316 0.000263383 0.990471 5.33679e-05 0.00101344 0.00013249 7.46772e-05 0.000326889 0.000129548 4.12045e-09 
8.50976e-13 0.986055 6.10593e-09 1.79088e-10 1.24424e-12 5.31236e-12 5.32175e-09 1.54259e-09 1.15838e-05 0.0126616 4.3736e-12 5.32859e-08 1.29969e-12 3.58188e-12 3.32824e-05 0.00104207 1.41518e-10 0.000196586 5.14744e-13 7.43949e-12 
0.0250351 0.00165951 0.00907538 8.23198e-05 5.76403e-05 4.91616e-07 0.792314 0.0509576 0.00299396 0.0466338 0.000457974 0.00330955 0.000938841 0.0102205 0.0294921 0.000164356 0.000191034 0.00258843 0.0238275 8.01044e-11 
0.0231365 0.0223439 0.155337 1.82976e-10 6.7999e-06 6.94887e-05 1.36492e-05 0.112981 0.00293261 0.0747387 0.157861 0.124422 0.0637493 0.000143375 0.220148 0.00199256 7.48172e-07 0.0370556 0.00297652 9.17332e-05 
0.000712328 0.00224152 0.00329298 9.35358e-08 0.000131721 0.000177649 0.0012979 0.0095204 0.000184422 0.00290963 0.00096251 0.00283371 0.965517 0.000608677 0.00339051 0.00237449 0.00054999 0.00162416 0.00166972 1.03615e-07 
0.00768684 0.0501578 0.131725 4.9399e-05 0.000217494 4.92725e-05 0.00154084 0.0120526 0.0105928 0.109368 0.0898023 0.057706 0.355434 0.0253275 0.0985524 0.00143236 0.000219541 0.00981507 0.0356255 0.00264583 
0.0212018 0.00442352 0.00168162 0.00217979 0.000128023 9.51319e-12 0.00095795 0.0143906 0.00842948 0.0324856 0.000677165 0.00135127 0.00811818 0.850598 0.00107664 0.00166996 0.0437666 0.00333678 0.00352744 1.06728e-10 
2.09012e-06 1.26783e-06 4.23525e-06 4.87983e-09 9.04091e-10 2.18091e-05 2.9828e-09 3.28289e-06 0.00144498 5.04687e-06 3.20535e-06 2.65001e-06 0.997567 2.60267e-09 1.37866e-06 0.000939317 2.17945e-06 3.16168e-10 1.07458e-06 5.40568e-09 
0.00683334 0.000290848 0.00469435 3.75642e-07 1.64856e-10 5.62862e-08 1.1602e-06 1.08478e-10 0.0123513 0.00230481 0.00022364 0.055085 0.908858 0.00197164 0.00151077 0.00204816 0.000847401 0.00297853 5.87105e-07 9.85696e-10 
1.46191e-06 0.000899454 9.26957e-05 8.87536e-12 1.1567e-09 5.79132e-08 0.992359 4.21165e-05 0.00548973 7.13872e-05 6.47043e-07 0.000109074 0.000125879 8.88674e-07 1.27378e-07 2.877e-05 5.64377e-05 0.000692948 2.93515e-05 9.83178e-12 
0.00112389 0.000218278 0.00692133 3.15744e-07 2.38804e-08 1.27833e-05 0.000816642 5.78443e-05 0.000147936 0.000934367 0.00295739 0.0143586 0.029496 3.20371e-06 0.830865 0.0010145 2.60845e-06 0.0914181 0.0196507 1.58109e-08 
3.92136e-06 0.040504 0.0142605 2.27664e-07 3.71889e-06 4.68441e-05 3.52008e-05 0.000241961 5.83141e-05 0.0912071 0.00206232 0.0151182 0.835825 1.96228e-05 0.000370364 4.84795e-05 2.73329e-05 0.000119469 4.73577e-05 2.52197e-07 
8.50976e-13 0.986055 6.10593e-09 1.79088e-10 1.24424e-12 5.31236e-12 5.32175e-09 1.54259e-09 1.15838e-05 0.0126616 4.3736e-12 5.32859e-08 1.29969e-12 3.58188e-12 3.32824e-05 0.00104207 1.41518e-10 0.000196586 5.14744e-13 7.43949e-12 
0.00173934 0.0152275 0.0410713 7.68408e-08 0.00112355 0.00333619 0.00324497 0.11236 0.0225943 0.121893 0.179118 0.07712 0.0622443 0.00206879 0.199807 0.00969417 0.00798742 0.104398 0.0349727 7.68263e-08 
0.212114 0.00326987 0.238433 0.000633836 0.000148789 6.42335e-11 0.000657744 0.0175451 0.00650381 0.0492444 0.00706677 0.0215844 0.0165494 0.0294851 0.0109704 0.269092 0.000225111 0.0687215 0.047755 8.99533e-11 
3.55338e-07 0.0146243 0.420543 2.80428e-06 5.19552e-07 2.1586e-05 0.00290804 0.000296209 0.00143891 0.15801 0.00012214 0.0329411 0.00475526 6.16449e-05 0.2348 0.0076034 1.00136e-05 0.121666 0.000191519 3.10647e-06 
0.000646428 0.00538225 0.0128255 0.000481111 0.000111897 0.000256037 0.0053621 0.00290949 0.00112447 0.222959 0.0938412 0.00808217 0.527214 3.04112e-05 0.0747746 0.00153519 0.00139338 0.0213389 0.0197318 6.75045e-07 
1.46191e-06 0.000899454 9.26957e-05 8.87536e-12 1.1567e-09 5.79132e-08 0.992359 4.21165e-05 0.00548973 7.13872e-05 6.47043e-07 0.000109074 0.000125879 8.88674e-07 1.27378e-07 2.877e-05 5.64377e-05 0.000692948 2.93515e-05 9.83178e-12 
5.53396e-05 0.575098 0.0169618 1.04388e-06 4.69404e-07 8.01354e-08 9.17513e-05 0.0217582 0.0071517 0.284476 3.67551e-06 0.00017832 0.0027568 0.000643312 0.0113945 0.0676796 3.65884e-06 0.0111983 0.000546845 1.49095e-09 
0.0213833 0.0122819 0.01988 0.00579283 0.00125004 1.63264e-06 0.00355351 0.0538271 0.0131834 0.0781831 0.00198756 0.195177 0.00406502 0.0092317 0.339251 0.00143696 0.005131 0.0950842 0.139298 1.80515e-10 
0.00422739 0.011194 0.00727849 5.55784e-07 1.15012e-06 3.70815e-06 4.57257e-05 0.0434961 0.0037286 0.872672 0.0031532 0.00959054 0.0142534 0.000216628 0.0145658 0.00123961 9.97523e-05 0.000873642 0.0133595 1.96996e-09 
0.0022033 0.00824515 0.00499786 4.50117e-05 5.90144e-06 8.97218e-07 6.94153e-05 0.080591 0.0374225 0.789529 1.82024e-05 0.00532638 0.000442278 0.0425613 0.0207238 0.00291515 1.47736e-05 0.00182567 0.00306269 2.55518e-09 
0.100756 0.00180376 0.0729181 0.00479606 0.000681838 9.3735e-06 0.00306557 0.0035813 0.0499128 0.101498 0.0176941 0.0249346 0.0842793 0.221843 0.0317078 0.0143886 0.124318 0.0233312 0.118481 1.80183e-09 
1.78873e-07 0.0160504 0.131745 2.05977e-06 2.70923e-11 2.10866e-08 0.0104657 0.000140746 0.0247216 0.203073 0.000303117 0.0847208 6.63097e-05 6.52062e-08 0.180888 0.00017327 1.02835e-08 0.344344 0.0033052 1.61989e-10 
0.0295504 2.21191e-06 0.123445 1.56708e-06 9.77789e-07 7.40636e-06 0.000334405 0.00194884 0.0146593 0.0125816 0.697988 0.0592845 0.0463044 0.000780549 3.30327e-06 1.51313e-06 0.000312763 0.011563 0.00122936 8.64056e-07 
0.0117048 0.000263566 0.0255727 3.23551e-07 3.58292e-07 8.73824e-05 0.752567 0.00301053 0.0144722 0.00631924 0.000129398 0.0969974 0.0167526 0.000208598 1.03733e-06 6.87018e-05 0.0010734 0.00192348 0.0688464 8.80889e-07 
5.15225e-07 0.0163108 0.201047 0.000404049 2.8752e-11 1.22758e-10 0.000666414 1.89192e-11 1.42803e-07 0.0290239 8.18731e-07 6.07573e-07 0.740059 8.27703e-11 0.00708058 3.72464e-06 1.5311e-07 0.00300736 0.00239475 1.73631e-08 
0.505389 0.00514918 0.0300093 4.67236e-10 8.65652e-11 3.69596e-10 2.85598e-10 8.51813e-05 0.0018486 0.00301228 0.0462824 1.37991e-06 0.00681691 0.354668 0.00157302 1.32083e-10 0.00444029 0.00800683 0.0327181 5.17586e-10 
0.000530248 0.0010168 0.324384 3.69372e-05 1.68272e-05 6.37219e-06 0.000101144 0.0548575 0.00895655 0.186155 0.10793 0.00523344 0.00187843 0.000137483 0.0691555 0.178694 4.15111e-05 0.051615 0.00925376 6.70179e-08 
0.0131617 0.0127581 0.209801 2.72337e-07 2.62537e-06 0.000467693 0.000408712 0.00258091 0.00214292 0.25434 0.00132062 0.00322933 0.294709 8.13598e-05 0.000543248 0.1355 0.00281822 9.01773e-06 0.0661253 1.07915e-07 
0.0212018 0.00442352 0.00168162 0.00217979 0.000128023 9.51319e-12 0.00095795 0.0143906 0.00842948 0.0324856 0.000677165 0.00135127 0.00811818 0.850598 0.00107664 0.00166996 0.0437666 0.00333678 0.00352744 1.06728e-10 
1.48329e-07 0.00011308 3.7111e-05 1.20717e-06 6.77532e-11 2.89276e-10 3.50969e-06 0.108859 7.12443e-06 0.783338 2.38158e-10 6.81171e-05 0.00415857 1.44353e-06 0.000165364 0.000262159 6.29578e-07 0.102966 1.8777e-05 4.05106e-10 
0.00601859 0.0553653 0.0787999 3.20853e-05 0.000191576 7.12524e-08 0.001674 0.00323654 0.00967361 0.0921798 0.128877 0.0691507 0.221431 0.0730583 0.203351 0.00310604 0.000240184 0.00564728 0.0366921 0.0112748 
0.000166762 0.00032873 4.25987e-07 1.27761e-09 5.5526e-13 2.37072e-12 6.26431e-08 0.982087 1.79397e-05 0.0145652 8.49609e-11 1.67113e-10 2.06404e-07 0.000185244 2.1006e-05 0.00262199 3.25921e-08 1.77765e-06 3.36409e-06 3.31998e-12 
0.00381697 0.00372157 0.44447 5.40133e-08 3.33597e-06 0.000117213 0.00165676 0.0121734 0.00766607 0.311651 0.00971223 0.00180077 0.171904 0.00808322 0.000387389 0.0162322 4.5456e-05 0.00132713 0.00523118 5.98339e-08 
0.00121413 0.00226292 0.0150991 1.21485e-09 2.25077e-10 9.60982e-10 7.01083e-08 1.48104e-10 3.15058e-07 0.00734521 1.07823e-06 8.5851e-11 0.97158 8.55024e-07 0.00213889 2.24971e-06 2.3497e-10 1.70225e-07 0.000355003 1.34577e-09 
0.0353285 0.000393897 0.0078183 4.49419e-07 1.30188e-05 0.000289612 0.000800776 0.00618038 0.00115333 0.00741813 0.000950746 0.0100579 0.41404 0.0196723 0.00610839 0.000243264 0.441835 0.00966483 0.038031 7.90585e-08 
0.00719757 0.00125441 0.019599 2.86258e-07 4.99089e-07 9.29018e-05 8.84527e-07 7.42749e-07 0.00738214 0.0662024 0.000862185 0.0099277 0.829383 6.6024e-05 0.00399861 0.00705895 0.000327161 0.0016309 0.045015 5.73758e-10 
0.000223105 0.000399272 0.000599154 2.87998e-09 2.58674e-05 0.00032776 0.000106778 0.00615063 0.000156432 0.0278383 0.840265 0.000613599 0.00050921 0.00011854 0.00218867 0.11732 0.000907137 0.00170379 0.000546519 2.17275e-11 
6.95403e-07 7.49055e-10 0.00889678 4.6383e-07 6.1096e-10 1.19957e-06 2.01569e-09 4.0202e-10 9.32454e-07 0.0014212 0.00156248 3.66293e-07 0.987093 1.75881e-09 0.000522052 6.33275e-07 0.000499476 2.13657e-10 6.10409e-07 3.65301e-09 
0.0212018 0.00442352 0.00168162 0.00217979 0.000128023 9.51319e-12 0.00095795 0.0143906 0.00842948 0.0324856 0.000677165 0.00135127 0.00811818 0.850598 0.00107664 0.00166996 0.0437666 0.00333678 0.00352744 1.06728e-10 
0.0212018 0.00442352 0.00168162 0.00217979 0.000128023 9.51319e-12 0.00095795 0.0143906 0.00842948 0.0324856 0.000677165 0.00135127 0.00811818 0.850598 0.00107664 0.00166996 0.0437666 0.00333678 0.00352744 1.06728e-10 
0.0179676 0.0107608 0.0205576 6.47406e-06 5.35242e-06 9.77125e-06 7.30063e-05 0.000970042 0.0046932 0.0173148 0.00187181 0.0376676 0.855943 5.10278e-08 0.00781413 0.00074955 0.000112347 0.0234295 1.87386e-05 3.47008e-05 
8.95743e-05 0.00136473 0.0122643 6.76956e-05 4.34011e-05 7.89994e-05 0.000154035 0.091122 0.00163921 0.0152784 0.00583778 0.459378 0.00223624 0.000119723 0.367846 0.00108843 9.68661e-05 0.0151292 0.0261581 7.37623e-06 
2.48478e-05 0.0484751 0.00622973 1.17805e-06 1.41334e-07 5.02625e-05 6.36765e-05 0.000221377 0.000545085 0.0187529 1.40742e-05 0.00106001 0.0193175 4.06868e-07 0.00237542 0.902089 1.47546e-07 0.000771961 5.939e-06 8.45056e-07 
0.00130458 0.00656521 0.00428424 2.91235e-05 7.0503e-09 4.18665e-09 0.00114864 0.0799401 0.0138728 0.702694 0.000131031 1.97105e-07 0.010405 5.24208e-08 0.0116781 0.167945 9.3674e-09 9.41618e-07 1.03967e-07 2.25414e-12 
0.0189844 0.258293 0.00988446 4.74448e-06 2.88302e-08 2.8325e-10 0.00165067 0.00498882 0.0201838 0.216071 1.74129e-05 0.148497 0.0019885 0.000482107 0.019705 0.0556113 4.36119e-05 0.231896 0.0116976 3.96666e-10 
0.00813996 0.00643274 0.0322295 2.51796e-07 4.5466e-07 8.93592e-07 3.87175e-06 1.19249e-10 0.00709164 0.0132078 0.0016376 0.00527167 0.860082 0.000553065 0.0036888 1.59531e-06 0.000790064 0.00193926 0.0589278 9.94537e-07 
6.69205e-08 0.00123574 0.00891037 5.28128e-07 9.78468e-08 0.000961274 3.22818e-07 0.000148149 0.00191284 0.00603451 0.00257989 0.00126897 0.024162 2.81678e-07 0.936529 0.0126605 1.02147e-07 0.00247741 0.00111727 5.8504e-07 
0.000506677 0.947242 0.0198441 8.00644e-06 3.87614e-08 8.77534e-10 4.99398e-05 2.18099e-05 0.000135449 0.0140317 0.00334745 0.00286686 0.00405648 0.000187582 0.00314889 0.000813566 4.92507e-06 0.00373376 2.47018e-07 1.22891e-09 
0.129667 0.0547608 0.0243568 0.00901009 0.00223728 3.36622e-05 0.00333388 0.0250376 0.0631396 0.0910111 0.0109242 0.0290963 0.296095 0.0335288 0.00301249 0.0605826 0.00227736 0.0358967 0.125999 1.38189e-07 
0.0353285 0.000393897 0.0078183 4.49419e-07 1.30188e-05 0.000289612 0.000800776 0.00618038 0.00115333 0.00741813 0.000950746 0.0100579 0.41404 0.0196723 0.00610839 0.000243264 0.441835 0.00966483 0.038031 7.90585e-08 
0.000490144 0.00108075 0.078314 9.68849e-08 1.0537e-06 0.000110308 0.000130446 0.00646608 0.0121048 0.0675861 0.0468595 0.0228153 0.262952 0.00116992 0.0091518 0.00122902 0.000901971 0.012755 0.475882 1.49912e-10 
0.397692 0.00944756 0.0577515 1.72941e-06 0.000956428 0.00192951 0.00211694 0.0387461 0.00561744 0.0539163 0.0378479 0.041146 0.214714 0.0506609 0.0226859 0.00410568 0.00201882 0.0078659 0.0507799 4.82807e-10 
6.4617e-09 0.0170439 0.047778 4.91017e-05 6.10653e-09 3.88789e-05 0.0005512 0.0181505 0.0306816 0.035373 0.012523 0.0489222 0.0213419 3.49561e-06 0.629536 0.0442947 0.000119271 0.0887346 0.00485827 5.18377e-11 
2.09012e-06 1.26783e-06 4.23525e-06 4.87983e-09 9.04091e-10 2.18091e-05 2.9828e-09 3.28289e-06 0.00144498 5.04687e-06 3.20535e-06 2.65001e-06 0.997567 2.60267e-09 1.37866e-06 0.000939317 2.17945e-06 3.16168e-10 1.07458e-06 5.40568e-09 
0.0332678 0.0373697 0.333715 0.0132741 0.000589762 1.98161e-05 0.0176388 0.0127619 0.168535 0.0285233 0.00265755 0.0276455 0.0129738 0.0270582 0.0202823 0.00169823 0.0189186 0.111158 0.131913 4.58664e-08 
0.0342069 0.0252576 0.0900183 0.000357448 0.000340136 3.31717e-05 0.00107371 0.113463 0.262251 0.115289 0.0109195 0.00507697 0.0011465 0.145378 0.000512074 0.134066 0.00172115 0.0323053 0.0265839 1.15768e-07 
