0.170487 0.00516033 0.0832443 4.84372e-05 0.0013234 1.82737e-06 0.00256013 0.00363641 0.0203217 0.0746305 0.0917973 0.0147265 0.00901057 0.208788 0.0274556 0.118536 0.000415463 0.0277003 0.140155 8.42417e-08 
0.0383038 0.527591 0.00173476 6.06145e-07 0.00834277 4.68532e-09 0.00010205 0.00116074 0.000788712 0.131765 1.2091e-06 0.0311145 0.00447924 1.15835e-06 0.165459 0.0445214 6.18028e-07 0.0331868 0.0114472 6.56137e-09 
0.00351285 2.77008e-05 0.000208661 0.000214193 0.000125744 6.72341e-07 2.78864e-06 2.12127e-05 0.00168559 0.000312105 1.33664e-05 0.000880844 2.98179e-05 0.00141862 0.000378291 3.53778e-05 0.984929 0.00192785 0.00427566 8.30712e-09 
0.0845436 0.0296262 0.0168763 0.000616351 0.437339 1.32401e-05 0.00115471 0.0014073 0.00281317 0.299918 1.77607e-05 0.0148371 0.0122131 2.7493e-05 0.0128014 0.00157121 0.000110832 0.0452669 0.0337929 0.00505294 
0.0107065 0.0120601 0.0290345 6.49024e-05 0.000413234 1.22486e-06 0.0203248 0.00150025 0.0558361 0.0151728 0.000340905 0.012162 0.000348185 0.00182025 0.00846243 0.007218 6.79485e-05 0.793342 0.0311237 3.89315e-08 
0.0220124 0.0205837 0.0923201 3.02734e-07 0.00524507 3.02845e-07 3.02941e-07 0.00494245 0.0539675 0.168051 3.02919e-07 0.218536 0.0237075 0.00154551 0.139688 0.00769942 3.03162e-07 0.0404208 0.201279 3.02677e-07 
1.31029e-09 1.74901e-05 9.24675e-06 1.33881e-09 1.16046e-06 2.42067e-12 1.21295e-06 0.000149222 3.06603e-11 0.000294797 2.81861e-05 9.24513e-06 1.61502e-05 0.999285 3.21149e-13 0.000128307 2.887e-05 1.1021e-05 2.01215e-05 3.38993e-12 
0.01123 0.00063532 0.00468314 0.00244669 0.00243496 2.88543e-06 0.000816499 0.044459 0.80207 0.00790656 9.59254e-05 0.0380453 0.000639549 0.0107941 0.00117098 0.000526072 0.0128169 0.0227147 0.0365111 2.86002e-10 
0.149536 0.00328157 0.022659 0.00017695 0.110612 8.61648e-05 0.00108572 0.00208476 0.262076 0.0233806 0.0048283 0.0947243 0.00167799 0.00181859 0.0320459 0.0014871 5.30499e-05 0.194109 0.0941944 8.20953e-05 
0.0163627 0.0707545 0.0673301 0.000100985 0.00141607 2.15154e-05 0.0420046 0.000954976 0.00198889 0.510322 0.00100636 0.00751296 0.158049 9.0731e-06 0.0098597 0.00651609 7.65572e-05 0.0757605 0.000581414 0.0293716 
0.292585 0.00303965 0.00623591 0.00400123 0.0062625 2.59956e-07 4.19426e-06 0.00400034 0.0958226 0.110907 2.33376e-05 0.0603612 0.00255107 0.00218668 0.0291553 0.000379493 0.00124136 0.195763 0.185481 6.03581e-08 
0.0316043 0.00561391 0.0639529 3.31347e-08 0.00310861 0.000123131 0.00154158 0.0545122 0.0167782 0.0657402 0.323531 0.0214082 0.0246652 0.212489 0.0621138 0.000352679 0.000791743 0.0683946 0.0432786 3.67054e-08 
0.0699655 0.0723501 0.195582 0.000161618 0.0378488 2.71786e-06 0.00019128 0.0413389 0.037494 0.189463 7.09962e-05 0.110595 0.0123792 0.00588029 0.113148 0.00145545 0.00809447 0.0742882 0.0283322 0.00135829 
0.0569167 0.00168847 0.0527575 0.00206258 0.013744 0.000223049 0.000166921 0.0122755 0.0378807 0.016636 0.000982924 0.0676867 0.018683 0.00315566 0.117639 0.00150409 0.00378364 0.185202 0.407012 5.24878e-09 
0.0181783 0.00693118 0.00845053 1.95439e-05 0.00757041 6.91872e-06 0.00246514 0.00800315 0.705324 0.0317083 0.000164982 0.0256721 0.00468685 0.00116597 0.0408471 0.00023029 6.03159e-05 0.129083 0.00943192 4.39287e-08 
0.0130287 0.0879851 0.0103949 2.52107e-05 0.0032403 4.82382e-06 0.000481153 0.0276408 0.0119212 0.582074 0.00263476 0.00489175 0.0094149 0.151035 0.0257599 0.0155659 9.66992e-06 0.0396113 0.01428 1.20947e-07 
0.0256186 0.00720174 0.0221364 0.000699495 0.000411655 6.47082e-05 0.000100599 0.0778357 0.000878945 0.120282 0.0218957 0.0692152 0.410082 0.000203056 0.163511 0.00795775 0.000451673 0.0466448 0.0248094 2.26646e-09 
0.00331252 0.0110214 0.0835971 0.00035381 0.00113127 9.75894e-07 2.61612e-08 0.0438009 0.000861383 0.115576 0.000132624 0.149943 0.0111771 0.000832959 0.0371171 0.0132358 2.55798e-05 0.28168 0.246201 2.28327e-11 
0.00195497 0.00118898 0.0014426 1.17643e-08 0.000217972 2.31456e-05 0.0054676 0.0152912 0.00326521 0.0530173 0.00352596 0.000313688 0.903461 0.00419674 0.000793631 0.0010591 0.00328891 0.000212609 0.001279 1.15182e-10 
0.298813 0.0137301 0.0602145 2.01608e-05 0.0989214 5.11118e-06 0.0169997 0.000827282 0.0258193 0.049161 0.000600133 0.0972325 0.0144885 0.00239697 0.0269973 0.00148989 0.00140261 0.0951747 0.195622 8.36317e-05 
0.0112806 0.00305671 0.0499538 0.00117571 0.0344461 1.62427e-05 0.000690172 0.000972802 0.113794 0.0351202 5.10318e-05 0.186965 0.00171123 0.000530283 0.207975 0.0078717 6.49848e-05 0.141273 0.203051 1.18798e-06 
0.0184927 0.0182182 0.0246685 5.60019e-05 0.0093017 3.80561e-07 0.00062566 0.00149719 0.0217067 0.0551313 0.00187837 0.446991 0.0105045 0.00294292 0.082511 0.0122941 0.000429928 0.234406 0.0583438 2.11053e-07 
0.0641893 0.00411274 0.0181293 0.00166393 0.00221134 1.49792e-05 0.00134686 0.0143523 0.0902843 0.0452348 0.00700154 0.156562 0.00643078 0.00211836 0.129995 0.00249016 0.00183045 0.0956848 0.356347 4.84132e-11 
0.0403948 0.0111994 0.23725 0.000231383 0.0151294 0.00031451 0.00327478 0.00877587 0.00914597 0.13789 0.199239 0.0928948 0.151107 0.0015596 0.0369131 0.002275 0.000635843 0.0198941 0.0318724 3.25212e-06 
0.00351285 2.77008e-05 0.000208661 0.000214193 0.000125744 6.72341e-07 2.78864e-06 2.12127e-05 0.00168559 0.000312105 1.33664e-05 0.000880844 2.98179e-05 0.00141862 0.000378291 3.53778e-05 0.984929 0.00192785 0.00427566 8.30712e-09 
0.00887741 5.3927e-05 0.00192066 0.000208895 0.000450482 8.87563e-07 0.000124603 0.00176084 0.0259292 0.00183109 4.67769e-05 0.065402 0.00193037 0.000957401 0.12444 6.2979e-05 0.00176329 0.0817068 0.682532 7.69574e-09 
0.0581149 0.0644073 2.27029e-05 1.2254e-05 1.75632e-05 1.79021e-06 0.0178679 0.000306266 0.000635243 0.0107663 3.25344e-05 2.60309e-05 0.787512 8.6465e-05 3.48122e-10 0.0287239 0.0236784 2.14923e-10 0.00773765 5.1172e-05 
0.00088589 0.00054764 0.0327639 2.06972e-05 0.000135955 7.87463e-06 0.000171743 0.0163527 0.0124048 0.0151048 0.000323378 0.0211371 0.017656 0.000136966 0.166727 0.0260278 2.6978e-05 0.242472 0.447097 2.24597e-08 
0.0232631 0.00588698 0.0367799 0.000132208 0.00854823 6.91031e-06 0.000459407 0.0168267 0.0516302 0.0643927 0.00220794 0.487174 0.00242306 0.00195137 0.0711986 0.00218675 3.37331e-05 0.189477 0.0354217 6.35455e-08 
0.0785617 0.00799433 0.0157638 9.58949e-06 0.00237774 3.57008e-08 1.44745e-07 7.68031e-07 0.00494231 0.0189911 2.47413e-07 0.0293533 2.0167e-05 0.000582886 0.00157776 9.64392e-07 3.6151e-08 0.819703 0.0201205 1.9841e-07 
0.0226768 0.0142827 0.0415803 0.000336609 0.00248368 2.54133e-05 0.00333387 0.0194673 0.0996797 0.0760129 0.000382611 0.0664354 0.016402 0.000879386 0.147686 0.00294435 0.0271161 0.366392 0.0918642 1.79488e-05 
0.173638 0.00890436 0.0204706 1.30153e-09 4.44142e-07 1.02954e-09 1.94383e-06 2.27044e-08 1.05263e-07 0.00217223 0.227934 0.402638 0.0333406 7.6115e-06 4.72559e-06 6.03915e-07 7.65624e-07 0.070248 0.0606365 1.66189e-06 
0.278415 0.0280488 0.141066 5.84192e-06 0.000107521 1.07974e-06 0.00049163 2.80796e-06 3.50867e-05 0.127593 0.00534703 0.196533 0.00140942 1.86282e-06 0.029453 0.00164945 0.161343 0.0255025 0.00299476 3.87375e-09 
0.0338208 0.000732932 0.0121429 0.000814339 0.279822 1.33744e-05 0.00165082 0.00623865 0.00918877 0.146674 2.31313e-05 0.0478876 0.00119311 0.000476454 0.020618 0.00659018 0.00117446 0.415445 0.0154934 1.67804e-07 
0.000261105 0.00556189 0.00435792 1.68597e-06 3.68847e-05 3.33952e-08 0.000110709 0.895735 0.000137122 0.0636781 2.30457e-05 0.000251984 0.000253579 2.08204e-06 1.33235e-07 0.0204395 3.95522e-07 0.00902767 0.000120861 1.26916e-10 
0.0134445 0.000797292 0.0306347 0.0137181 0.0401412 0.000107442 0.00327746 0.00707031 0.119928 0.0340019 0.000309082 0.0465815 0.00317199 0.00016351 0.0783376 0.00864006 4.72342e-05 0.496414 0.102446 0.000768248 
0.188559 0.00749583 0.00233138 0.473164 0.00230434 2.861e-08 0.000800844 2.52914e-06 0.000491598 0.000715404 7.37681e-05 0.275427 0.00241447 1.92904e-08 0.000894348 0.000158836 6.99545e-09 0.0235447 0.0215656 5.53848e-05 
0.013429 0.00347466 0.280605 0.000156478 0.00169922 8.51564e-06 0.000110843 0.0176676 0.128218 0.0406037 0.000618702 0.0499829 0.00649925 0.000219135 0.0473505 0.00658539 0.00203652 0.388242 0.0121822 0.000309943 
1.31029e-09 1.74901e-05 9.24675e-06 1.33881e-09 1.16046e-06 2.42067e-12 1.21295e-06 0.000149222 3.06603e-11 0.000294797 2.81861e-05 9.24513e-06 1.61502e-05 0.999285 3.21149e-13 0.000128307 2.887e-05 1.1021e-05 2.01215e-05 3.38993e-12 
5.6399e-06 0.000217064 0.00159429 8.49602e-07 0.00166452 3.16058e-07 7.02955e-05 5.43742e-06 1.12264e-06 8.28165e-07 0.00259707 2.99214e-06 0.691518 8.4079e-05 0.000666133 4.32456e-07 5.90518e-05 2.29366e-06 0.301509 7.19578e-10 
0.832299 0.000116042 0.00246173 3.48428e-05 0.00522404 6.56132e-09 0.000117108 3.97148e-06 0.00102762 4.97302e-06 0.000342254 0.0881227 0.000631696 5.24427e-06 0.00479183 3.57425e-05 3.03949e-06 0.00595198 0.0588266 9.35496e-11 
0.0128599 0.0502201 0.0187512 0.000294977 0.0172129 5.4084e-06 0.000124652 0.0494498 0.0557741 0.101692 0.000193418 0.0564041 0.00113766 0.000342036 0.0814112 0.0113655 1.33735e-05 0.490002 0.0527447 1.97905e-07 
3.45233e-05 0.0469531 0.0454253 0.000120403 0.00226892 1.54472e-06 0.00103921 0.00525137 0.0128934 0.258467 4.06822e-05 0.0320808 0.00516278 2.57773e-05 0.0395173 0.303475 4.85265e-06 0.231126 0.016112 3.58965e-11 
0.00351285 2.77008e-05 0.000208661 0.000214193 0.000125744 6.72341e-07 2.78864e-06 2.12127e-05 0.00168559 0.000312105 1.33664e-05 0.000880844 2.98179e-05 0.00141862 0.000378291 3.53778e-05 0.984929 0.00192785 0.00427566 8.30712e-09 
0.00129567 0.00324542 0.0118225 2.81358e-05 0.00136506 4.64679e-12 4.68211e-06 0.125149 0.0093921 0.0852059 3.79299e-05 0.0111779 0.0136716 0.00140569 0.000490063 0.712461 1.41797e-05 0.0133912 0.00984222 6.50741e-12 
0.180819 0.0126645 0.0243903 3.56821e-05 0.0692208 1.45013e-06 0.0809413 0.00286337 0.0244745 0.0505798 0.00621395 0.187028 0.0215762 0.000590934 0.0713264 0.00471921 0.000180082 0.0801221 0.182252 1.16996e-08 
0.437615 0.000134112 0.0129535 0.000339565 0.00405883 4.1138e-09 5.19668e-05 0.000738166 0.213261 0.0156217 0.000702281 0.0257487 0.0283586 0.180022 0.00559491 8.33791e-05 0.0167219 0.00353243 0.0544627 7.10532e-11 
0.0699936 0.00770369 0.00513481 1.56984e-07 0.0323138 2.13649e-06 0.000256823 0.000228903 0.014609 0.0101292 0.000109928 0.0711236 0.0122319 3.10514e-06 0.0298151 0.0029968 1.17252e-05 0.710973 0.0323624 4.04989e-09 
0.0579822 0.00948607 0.0371313 0.0216464 0.0120842 1.73221e-05 0.00125255 0.00150989 0.00554368 0.0472721 0.00143556 0.199264 0.00757895 0.00143479 0.0637763 0.00894994 0.00590142 0.178195 0.339533 6.34846e-06 
0.0679127 0.00656721 0.0101292 0.034342 0.000393953 5.20567e-11 2.23491e-05 0.00775468 0.0414896 0.0312787 0.00134467 0.0111476 0.132453 0.531652 0.0104333 0.00281034 0.0257086 0.0161313 0.0684286 1.81329e-10 
0.00201715 0.00369532 0.0161968 6.91663e-07 0.000203011 6.90972e-10 1.31587e-10 0.00234592 0.00106261 0.0283373 1.4831e-05 0.451735 6.54467e-05 3.11574e-06 0.325464 0.000203166 2.31807e-06 0.0648896 0.103764 6.09879e-12 
0.00351285 2.77008e-05 0.000208661 0.000214193 0.000125744 6.72341e-07 2.78864e-06 2.12127e-05 0.00168559 0.000312105 1.33664e-05 0.000880844 2.98179e-05 0.00141862 0.000378291 3.53778e-05 0.984929 0.00192785 0.00427566 8.30712e-09 
0.0114173 0.00262767 0.0256166 1.62876e-05 0.0175082 1.59055e-06 0.000300737 0.0112014 0.00588725 0.0190124 9.59221e-05 0.471973 0.00659929 0.00132827 0.205221 9.19913e-05 5.51215e-05 0.0302465 0.1908 3.95444e-08 
0.0195999 0.00545539 0.411772 3.43058e-06 0.0109603 0.000168026 0.000807489 0.00304564 0.0498144 0.0354292 0.0258013 0.134936 0.00941088 0.000212898 0.12281 0.00204224 0.000256315 0.114473 0.0523132 0.000687568 
0.00351285 2.77008e-05 0.000208661 0.000214193 0.000125744 6.72341e-07 2.78864e-06 2.12127e-05 0.00168559 0.000312105 1.33664e-05 0.000880844 2.98179e-05 0.00141862 0.000378291 3.53778e-05 0.984929 0.00192785 0.00427566 8.30712e-09 
0.0215396 0.0404954 0.0823217 0.00182024 0.0111436 0.00025278 0.0111602 0.00456761 0.00674016 0.101957 0.0435581 0.0713429 0.250686 0.0504916 0.161688 0.00148288 0.00328147 0.0354276 0.0981142 0.00192936 
1.31029e-09 1.74901e-05 9.24675e-06 1.33881e-09 1.16046e-06 2.42067e-12 1.21295e-06 0.000149222 3.06603e-11 0.000294797 2.81861e-05 9.24513e-06 1.61502e-05 0.999285 3.21149e-13 0.000128307 2.887e-05 1.1021e-05 2.01215e-05 3.38993e-12 
0.0941741 0.366725 0.00687183 0.0132118 0.000192608 7.23858e-10 5.04761e-05 0.00211513 0.00581618 0.0255141 2.7424e-05 0.142698 0.00355042 9.28099e-05 0.100431 0.0157687 9.23162e-06 0.211221 0.0115301 1.0137e-09 
0.252829 0.00140168 0.0231534 7.46549e-05 0.0515526 4.7958e-06 2.2925e-05 4.13612e-05 0.042108 0.00514507 0.000271482 0.148414 0.00233334 0.000124788 0.0491645 3.4912e-05 0.00200496 0.210417 0.210901 1.37891e-10 
0.00511953 0.0149832 0.00504734 4.23728e-06 0.00105386 7.53313e-07 0.00246425 0.360021 0.0027676 0.366204 0.000713204 0.0342127 0.00768981 0.0722145 0.0708146 0.0367455 0.000219904 0.00899759 0.0107271 1.72199e-11 
0.0188914 1.13777e-06 0.0462009 0.00295534 1.13785e-06 1.13665e-06 1.13701e-06 1.13798e-06 0.240559 0.00364305 1.13693e-06 0.248785 1.13783e-06 0.00102458 0.161485 1.13766e-06 1.13784e-06 0.249357 0.027087 1.13602e-06 
0.0270748 0.0430967 0.392503 1.47319e-05 0.00224331 7.90226e-07 0.206667 0.0302837 0.0247448 0.115806 0.0012315 0.0362414 0.00695504 0.0208173 0.04732 0.00404454 0.000712776 0.0099606 0.0302663 1.53781e-05 
0.00929309 0.017814 0.080164 0.000143845 0.00891271 7.99479e-05 0.000378536 0.0240659 0.0375846 0.036202 0.000704742 0.238056 0.00920309 0.000186322 0.389798 0.00559579 0.00442318 0.0742725 0.0630802 4.16852e-05 
0.0393149 0.000986949 0.0115342 3.20602e-06 0.0127047 5.14493e-06 2.0013e-05 3.79529e-05 0.512268 0.0479365 5.55387e-05 0.142399 6.69707e-05 0.098317 0.00486887 0.000542678 0.000626573 0.0579983 0.0702424 7.13235e-05 
0.0525471 0.00503026 0.0152501 0.000446935 0.0736097 9.59663e-05 0.000126678 0.00828999 0.100708 0.0254543 0.000983648 0.258372 0.00361095 0.00262036 0.096296 0.00395464 0.0016159 0.136345 0.21439 0.00025175 
0.0295344 0.0163022 0.0740327 7.73587e-07 0.00744125 5.0277e-06 0.00355226 0.00181828 0.00628643 0.0558989 2.18482e-05 0.431757 0.0134309 0.000599978 0.0886703 0.0134807 2.32562e-05 0.0403797 0.216764 1.41208e-07 
0.00352857 0.0167426 0.0254088 5.74635e-06 0.00032463 1.55615e-12 0.000166486 0.000245552 0.602635 0.00937226 2.78884e-05 0.0720993 0.00119612 0.00035026 0.136151 0.00546 0.000216796 0.107218 0.0188513 2.17924e-12 
0.0213494 0.0372992 0.0749674 7.62354e-06 0.000585668 2.69247e-11 3.20337e-05 0.000116722 0.0380712 0.105599 0.0104199 0.297147 0.00169352 2.88011e-08 0.0583117 0.00292439 2.85173e-05 0.339414 0.0120325 3.77056e-11 
0.019837 0.00456957 0.00947109 5.32316e-05 0.000565238 2.10365e-09 8.44353e-05 0.203735 0.00206745 0.0488438 1.31689e-05 0.0139036 0.000756174 0.00546496 0.0106866 0.588397 1.99932e-05 0.0305565 0.0609757 1.15655e-10 
0.749431 0.0156982 0.000624277 0.000876085 0.0775609 1.00978e-06 1.72433e-05 5.77764e-07 0.0199617 0.0042704 0.000275972 0.0419328 0.00751784 0.00331637 0.000711647 6.52508e-05 4.58237e-07 0.00194999 0.0366366 0.0391516 
0.00971147 0.0141196 0.0668822 0.00349662 0.0103966 5.86579e-06 0.00186142 0.064429 0.21629 0.190162 3.2409e-05 0.0444828 0.00867934 0.0543236 0.00886861 0.0039863 0.000763852 0.279059 0.0224489 4.99045e-07 
0.00931801 2.39543e-08 0.033919 6.84629e-05 0.00129581 1.28903e-08 1.14949e-07 0.000410692 0.00612192 0.000692424 1.72576e-07 0.0244928 0.000927834 0.000172023 0.689219 2.0288e-05 3.80834e-09 0.1244 0.108941 2.50683e-12 
0.0400157 0.0260105 0.0133386 4.22235e-05 0.00370052 0.000554477 0.00313486 0.0142223 0.0299219 0.0590369 0.0109934 0.122243 0.00955171 0.000687402 0.165166 0.00247389 0.00402766 0.450668 0.0442056 4.73922e-06 
0.00351285 2.77008e-05 0.000208661 0.000214193 0.000125744 6.72341e-07 2.78864e-06 2.12127e-05 0.00168559 0.000312105 1.33664e-05 0.000880844 2.98179e-05 0.00141862 0.000378291 3.53778e-05 0.984929 0.00192785 0.00427566 8.30712e-09 
0.0105837 0.000208112 0.00278353 0.000245308 0.00901566 1.11336e-06 4.24252e-05 0.727603 0.0016446 0.00288084 0.000528217 0.0834971 0.000227979 4.91961e-05 0.00212132 8.17474e-05 5.3166e-05 0.00473212 0.153701 1.2059e-12 
0.0596343 0.00326959 0.0186447 0.00284837 0.0297335 0.00201373 0.000283734 0.0138619 0.133483 0.0219936 0.0039049 0.0294519 0.0844674 0.16111 0.0338517 0.00352793 0.00809154 0.0785147 0.311313 5.63747e-07 
0.0210346 0.00136606 0.0512438 0.000182748 0.0554977 1.83261e-05 0.00046091 0.0131267 0.198839 0.0258678 0.000687583 0.132141 0.00153705 0.00162293 0.162055 0.00539304 0.00080297 0.263999 0.0641228 1.42557e-06 
0.0699723 0.00564909 0.0549393 5.17518e-07 0.0190723 5.17707e-07 0.00357382 0.00243659 0.00679014 5.18368e-07 5.17835e-07 0.552521 5.18248e-07 5.23122e-05 0.0558246 5.18168e-07 5.18249e-07 0.0406921 0.188472 5.1742e-07 
0.0751113 0.00196268 0.198269 0.00112592 0.00584865 3.87642e-05 0.00524747 0.000318043 0.0344276 0.0161302 0.0483332 0.0230962 0.0802557 0.0204195 0.0683252 0.0012876 0.000336696 0.0217995 0.397667 1.28469e-09 
0.0511594 0.0037622 0.0484097 0.00037111 0.00349468 3.78476e-06 0.000208327 0.0134123 0.269371 0.0218105 0.000208164 0.0793581 0.00612265 0.00152723 0.0893071 0.0169051 0.0468547 0.292181 0.0554452 8.78735e-05 
0.000318817 0.0043793 0.105044 6.74737e-05 0.0121407 3.9995e-08 0.000304679 0.00213641 0.0136991 0.034836 1.28848e-07 0.0234159 0.00637629 0.00111389 0.200143 0.0447748 3.39598e-06 0.213995 0.337251 9.63264e-09 
0.00358177 0.0007043 0.00551131 6.7503e-05 0.00325113 5.87114e-07 0.000495758 0.00378602 0.900798 0.0126652 0.000272479 0.0160829 4.02857e-05 0.00430304 0.00133862 0.000399222 0.000673874 0.0396793 0.00634854 2.97637e-11 
0.0308022 0.0218779 0.360316 0.00310372 0.0157571 3.10455e-07 3.10554e-07 0.0215711 0.0570332 0.212437 0.0152163 0.0371154 0.00317026 3.10597e-07 3.10828e-07 0.0165002 3.1078e-07 0.168605 0.0364931 3.10283e-07 
0.0219173 0.00490674 0.0239483 9.98477e-05 0.0157867 3.82485e-06 0.000266246 0.0383464 0.128192 0.021192 0.000322259 0.139347 0.00425033 0.000526396 0.0800319 0.00836971 0.000240871 0.228517 0.283734 2.53731e-09 
0.00183296 0.00242294 0.286969 3.40682e-10 1.31512e-06 1.52529e-07 0.000394591 0.00202522 0.0041635 0.193207 0.0508893 0.00085064 0.32782 0.00617522 0.029336 0.0102962 0.000573917 0.0279911 0.0550502 3.77394e-10 
0.363009 0.028453 0.00505069 7.17809e-07 0.000977572 7.2583e-06 0.0814982 0.000687863 0.00155948 0.0774051 0.000410133 0.21978 0.196003 0.000304925 0.00342172 0.000546333 3.28479e-05 0.000660953 0.0201911 4.76006e-08 
0.00351285 2.77008e-05 0.000208661 0.000214193 0.000125744 6.72341e-07 2.78864e-06 2.12127e-05 0.00168559 0.000312105 1.33664e-05 0.000880844 2.98179e-05 0.00141862 0.000378291 3.53778e-05 0.984929 0.00192785 0.00427566 8.30712e-09 
0.014115 0.00660241 0.463452 0.102438 0.0241226 8.07792e-06 0.000294354 0.00444346 0.03643 0.103443 0.00156348 0.0122897 0.00457512 0.000441707 0.00808374 0.00651209 0.0246302 0.0356276 0.150924 3.95596e-06 
0.035786 0.0013313 0.0659088 0.00405978 0.00535919 1.65764e-06 0.000780689 0.00115634 0.0711517 0.00793074 0.0250134 0.243443 0.00347997 0.0022101 0.292946 0.0178966 0.000391959 0.203971 0.0167506 0.00043202 
0.00260369 0.282563 0.000431367 0.00127387 0.000169009 4.13984e-09 0.000689208 0.00157314 0.00206419 0.511216 3.58107e-08 0.00645574 0.000365323 0.00791312 0.00108413 0.163236 4.82565e-06 0.0151573 0.00319947 8.67857e-08 
0.0025799 0.0479514 0.81011 3.17467e-10 0.00032956 2.51125e-10 0.000874446 0.0190293 9.23307e-08 0.060049 0.0305961 0.0150271 0.00172525 9.46405e-05 3.33166e-11 0.00637056 0.000227626 0.00487774 0.000124102 3.33992e-05 
0.0724348 0.00534643 0.00557717 6.80646e-05 0.00289994 8.17517e-05 0.129575 0.0167683 0.00186501 0.359892 0.107363 0.0434171 0.0890868 0.00705368 0.00390723 0.00535767 0.000855451 0.0116487 0.136803 4.2173e-09 
0.222383 0.0935431 0.0186915 0.0024488 0.000531508 2.77175e-07 3.93872e-06 0.000124423 0.00280821 0.0102703 0.194646 0.252088 0.0373161 0.000165427 0.0398561 2.21922e-05 7.09728e-05 0.119119 0.00591098 7.17553e-08 
0.0287431 0.0225285 0.0363403 0.0165216 0.0109319 0.000257406 0.000353716 0.00646094 0.203497 0.0803695 0.00043732 0.0621414 0.0125866 0.00588937 0.0666816 0.00549155 0.00718298 0.279353 0.154232 6.54305e-07 
0.000111977 0.00140814 0.00165607 9.15715e-08 8.88836e-06 1.04486e-06 2.05658e-05 0.00970504 0.00188542 0.0158342 0.000545591 0.00173295 8.3816e-05 6.40456e-05 0.0137286 0.938781 2.05058e-05 0.0134378 0.000974187 1.76579e-11 
0.0423506 0.00430716 0.0444987 0.000932808 0.0172543 1.57327e-06 0.00171747 0.0158467 0.0839127 0.0501538 0.000519236 0.151046 0.00336721 0.00027564 0.103145 0.00267639 0.00316015 0.266124 0.208709 8.61442e-07 
0.00353543 0.000472198 0.0086675 0.000295163 0.00263976 5.70886e-06 0.00244286 0.00446129 0.820387 0.00839083 7.50469e-05 0.01706 0.00768393 0.00192579 0.0192757 0.000321434 0.00041214 0.0738961 0.0280519 1.18903e-10 
0.0432745 0.00147376 0.0116449 0.000168728 0.00657206 4.23907e-05 5.0861e-05 0.00997374 0.0505941 0.0242564 0.000372904 0.0312385 0.000941076 0.0228064 0.0464948 0.00255694 0.574419 0.0785553 0.0945574 6.72475e-06 
8.56528e-05 0.000471656 0.298986 7.52906e-09 4.46083e-05 2.59771e-12 4.83132e-05 1.78663e-08 0.0211328 0.00435606 1.03131e-08 0.0854232 0.00131603 0.00042685 0.451986 0.0125189 1.58529e-05 0.0878203 0.0353678 3.63785e-12 
0.0950049 0.0299247 0.00866357 0.00351274 0.00990791 1.0577e-05 0.000602477 0.000435676 0.0121538 0.0187198 3.15598e-05 0.134149 0.00489314 0.000780494 0.0121931 0.000962127 0.000652449 0.0507653 0.616637 1.05641e-09 
2.45614e-05 2.4557e-05 0.0933542 2.45239e-05 2.45588e-05 2.45328e-05 2.45406e-05 2.45616e-05 2.45605e-05 2.45642e-05 0.0441945 2.45638e-05 0.793264 2.4544e-05 0.036868 2.45547e-05 0.0319506 2.4564e-05 2.45634e-05 2.45192e-05 
0.00105171 0.108571 0.00464808 3.68227e-08 0.0188178 8.45641e-06 0.0103485 0.0138631 0.292682 0.143685 0.000179847 0.0259188 0.011575 0.0407071 0.00406294 0.0015188 0.000383605 0.152227 0.16975 1.92286e-09 
0.0111753 0.122671 0.0609226 6.0917e-05 0.00379995 4.56695e-06 5.35464e-07 0.00339476 0.00281954 0.133406 0.000209401 0.167492 0.00921664 5.54605e-05 0.25916 0.0165048 7.34635e-06 0.130821 0.0782786 7.00886e-11 
0.046957 0.0125656 0.00129862 1.51669e-05 0.0004745 2.97633e-07 3.37485e-05 4.58993e-06 0.002859 0.0118167 1.70844e-09 0.864144 0.000139432 0.000282405 0.000887024 0.000150689 5.8074e-07 0.0532711 0.00509948 2.90606e-09 
0.189312 0.0133054 0.0623581 0.000891849 0.0145524 0.000542377 0.000208278 0.00145893 0.268338 0.020761 0.00342639 0.0619141 0.0286188 0.00596175 0.0409255 0.00468391 0.0471271 0.0594787 0.176135 1.69813e-09 
0.013611 0.00457813 0.032276 6.09864e-05 0.0164367 1.29316e-05 0.767893 0.013768 0.0136139 0.0238336 2.46203e-05 0.0394781 0.0305668 3.29831e-05 0.00113774 0.000625227 0.000231627 0.00638812 0.0354309 6.01937e-11 
0.0310333 0.546987 0.0557243 4.17579e-06 0.000782512 4.67836e-07 0.000870853 0.00295066 0.000412494 0.204814 0.00135213 0.00707293 0.0912918 0.0376196 0.00290955 0.00408531 2.9206e-05 0.0120584 7.42987e-07 1.76895e-07 
0.00351285 2.77008e-05 0.000208661 0.000214193 0.000125744 6.72341e-07 2.78864e-06 2.12127e-05 0.00168559 0.000312105 1.33664e-05 0.000880844 2.98179e-05 0.00141862 0.000378291 3.53778e-05 0.984929 0.00192785 0.00427566 8.30712e-09 
0.00351285 2.77008e-05 0.000208661 0.000214193 0.000125744 6.72341e-07 2.78864e-06 2.12127e-05 0.00168559 0.000312105 1.33664e-05 0.000880844 2.98179e-05 0.00141862 0.000378291 3.53778e-05 0.984929 0.00192785 0.00427566 8.30712e-09 
0.0243563 0.00711615 0.0432319 6.52393e-05 0.0120851 2.69029e-05 0.0011771 0.0117449 0.0521132 0.0374905 0.000873149 0.249257 0.00325628 0.00110735 0.288041 0.00622465 0.00213878 0.107679 0.152003 1.1603e-05 
0.0302155 0.0755313 0.0619639 5.54598e-05 0.0092583 3.59042e-05 0.00220415 0.0103573 0.0279709 0.549424 0.00179613 0.0497755 0.124243 0.000178017 0.0177654 0.00078694 2.06608e-05 0.013382 0.0249999 3.56976e-05 
0.0302789 0.00189864 0.126283 7.8904e-05 0.00245666 3.56509e-05 0.000104212 0.00395398 5.40317e-08 0.189547 0.00251958 0.00136804 0.633498 0.000392766 0.00409699 5.27547e-05 5.30037e-05 0.000956467 0.00235788 6.70153e-05 
0.0986486 0.000792161 0.0706932 0.00033335 0.00349954 1.52506e-05 7.77394e-05 0.00017291 0.00383905 0.00327395 0.000706629 0.358527 0.129896 0.000137226 0.16947 8.62719e-08 4.92522e-05 0.0325378 0.127331 1.26739e-10 
0.054084 0.0029418 0.0473636 1.14088e-05 0.0666766 1.78136e-06 5.1078e-05 0.00121787 0.0192038 0.0421405 0.000849633 0.108927 0.000240946 6.65129e-05 0.0971201 0.0030073 6.24018e-06 0.489794 0.0651237 0.00117253 
0.0287756 0.0422638 0.0449706 1.61407e-05 1.41111e-05 1.75916e-07 0.00716877 6.72667e-06 6.10505e-05 0.0760605 0.109205 0.0149601 0.646575 0.00247745 0.00603075 0.0038735 6.23881e-06 0.00172843 0.0158055 2.46355e-07 
0.00083073 0.0117498 0.00215558 3.18502e-08 4.20952e-05 2.65306e-12 6.7019e-05 0.948225 9.74624e-05 0.0297212 2.18423e-12 0.00228183 0.000336891 7.05771e-10 0.000263852 0.000469456 6.487e-13 0.00219279 0.00156616 3.71536e-12 
0.000545175 0.016325 0.00202392 2.59395e-06 1.49107e-05 3.7864e-07 0.00827048 0.085276 0.0437645 0.767176 3.19455e-09 0.00414738 4.51912e-05 0.00584339 0.0209251 0.0127716 0.000351655 0.029535 0.00298154 1.26472e-09 
0.00085241 0.00628507 0.367069 2.32042e-05 0.000216771 3.36394e-05 0.00316166 0.00728373 0.00223548 0.210153 0.0274609 0.0217149 0.149278 0.000190987 0.150075 0.0284425 0.000104385 0.0142085 0.0112055 5.59352e-06 
0.0075676 0.0185133 0.0354159 0.00846271 0.039953 5.84489e-05 0.000252308 0.0399658 0.01331 0.668378 0.000630834 0.0221528 0.00232299 0.000639365 0.0299045 0.0178831 0.000269754 0.0592889 0.0350204 1.06091e-05 
0.968596 0.000660137 0.000786298 0.000126666 0.0042685 2.68159e-08 4.22945e-07 3.98294e-07 0.000660451 0.000726031 0.0161816 0.00457228 8.20569e-05 1.09687e-05 0.000218216 1.65892e-05 1.61635e-07 0.00170165 0.00139111 6.16686e-07 
0.00351285 2.77008e-05 0.000208661 0.000214193 0.000125744 6.72341e-07 2.78864e-06 2.12127e-05 0.00168559 0.000312105 1.33664e-05 0.000880844 2.98179e-05 0.00141862 0.000378291 3.53778e-05 0.984929 0.00192785 0.00427566 8.30712e-09 
0.000713496 0.000180726 0.0145562 2.26251e-06 0.00129106 2.88927e-07 4.51108e-05 0.00401204 0.59684 0.00474289 4.92525e-05 0.0112753 4.02455e-05 1.73792e-05 0.0531473 0.000755875 5.65755e-05 0.307376 0.00489854 1.40048e-11 
0.103618 0.00106417 0.332718 0.000131866 0.00101381 0.000674907 0.00246143 0.0100145 0.0573499 0.0248906 0.0392539 0.0180228 0.346124 0.00158475 0.00098206 0.000681426 0.00185973 0.0169565 0.0405719 2.60187e-05 
0.821071 0.000980403 0.00230733 0.00175413 0.0040743 4.00339e-05 0.00012318 0.000763019 0.00123715 0.0461487 0.0160064 7.59227e-05 0.0490563 0.00257474 0.000111465 0.00843677 4.92325e-05 0.00956245 0.0356259 1.84524e-06 
0.0364944 0.31202 0.0688378 9.19723e-06 0.00440754 8.628e-07 0.0191139 0.00177183 0.00721654 0.218879 0.000223987 0.158183 0.0208651 0.00054932 0.0613362 0.0405587 0.00066339 0.0478199 0.00104908 4.52474e-07 
0.00273464 0.000503377 0.00397053 8.27106e-05 0.00263357 3.91748e-07 0.000568011 0.00267517 0.924385 0.0101706 0.000181661 0.0129081 2.68595e-05 0.00322715 0.000892423 0.000437482 0.000851899 0.0279649 0.00578513 3.39587e-11 
0.000411239 0.000419647 0.00417776 8.95339e-06 0.000506966 4.36357e-08 1.36413e-05 0.854627 0.0327317 0.0274725 0.000838661 0.0024088 0.000336483 1.19618e-05 0.01151 0.00150095 2.42541e-06 0.0622891 0.000732729 4.00878e-12 
0.00351285 2.77008e-05 0.000208661 0.000214193 0.000125744 6.72341e-07 2.78864e-06 2.12127e-05 0.00168559 0.000312105 1.33664e-05 0.000880844 2.98179e-05 0.00141862 0.000378291 3.53778e-05 0.984929 0.00192785 0.00427566 8.30712e-09 
0.00494538 0.0727423 0.0250066 0.000280468 0.00235604 6.84152e-08 1.37558e-05 0.0155486 0.0202944 0.23508 0.00264839 0.150765 0.0214775 0.00101307 0.284703 0.0265688 0.000527417 0.0514864 0.0845433 6.83772e-08 
0.0109154 0.012575 0.00286726 0.00718524 0.000899714 2.44501e-07 8.78889e-05 0.170469 0.00642994 0.475525 1.15137e-05 0.0135784 0.00135352 0.00816063 0.0856148 0.156499 0.000807567 0.0392206 0.00779888 4.73696e-10 
0.00195497 0.00118898 0.0014426 1.17643e-08 0.000217972 2.31456e-05 0.0054676 0.0152912 0.00326521 0.0530173 0.00352596 0.000313688 0.903461 0.00419674 0.000793631 0.0010591 0.00328891 0.000212609 0.001279 1.15182e-10 
1.31029e-09 1.74901e-05 9.24675e-06 1.33881e-09 1.16046e-06 2.42067e-12 1.21295e-06 0.000149222 3.06603e-11 0.000294797 2.81861e-05 9.24513e-06 1.61502e-05 0.999285 3.21149e-13 0.000128307 2.887e-05 1.1021e-05 2.01215e-05 3.38993e-12 
0.00618101 0.1057 0.0297853 8.88292e-06 0.000962803 1.13706e-05 0.0003504 0.115479 0.0103597 0.162875 7.45862e-05 0.0707574 0.00633162 0.0322971 0.0419861 0.20969 0.000355019 0.190246 0.0165487 4.63176e-09 
0.0983281 0.0372291 0.113467 0.0131397 0.00708557 1.06082e-05 0.00264689 0.011191 0.0322426 0.363464 0.0181113 0.0271957 0.0952816 0.0334788 0.026472 0.0162917 0.00200807 0.046167 0.0561895 9.02965e-08 
0.102789 0.00496975 0.00667687 1.72359e-06 0.0251297 6.15686e-06 0.000630015 0.000212381 0.00269328 0.0505869 0.000282659 0.1159 0.00334406 0.0215151 0.015333 1.41368e-06 0.0116485 0.119005 0.519083 0.000191503 
0.0370553 0.0172205 0.0370203 0.00269887 0.00329907 2.41553e-05 0.00114675 0.0104012 0.0594783 0.0343407 0.000433314 0.165555 0.0106274 0.00339836 0.12353 0.00260945 0.00531583 0.0454193 0.440426 6.636e-08 
0.00137764 0.011993 0.079831 9.12765e-06 0.00151222 3.50067e-09 1.40553e-07 0.00611021 0.0102542 0.174339 0.000419436 0.182922 0.00931426 0.00026765 0.187659 0.0429941 2.09294e-05 0.233226 0.0577502 6.34352e-12 
0.0201705 0.00466186 0.152448 0.000147604 0.00607339 1.7483e-07 0.00037071 0.00351156 0.488795 0.141838 0.000202048 0.0603808 0.031265 0.00190167 0.0105327 0.0077211 0.00475727 0.00282463 0.0623985 1.07236e-08 
0.0054995 0.152756 0.00420773 1.5761e-05 0.000597764 6.30747e-06 0.000117319 0.000146077 0.109262 0.0263124 1.73493e-05 0.00589282 0.000753593 0.60746 0.000265847 0.0758475 0.00131102 0.000855487 0.00866905 5.66119e-06 
0.000136724 0.00121436 0.00202342 9.09945e-08 1.08145e-05 1.21889e-06 2.50031e-05 0.01186 0.0023036 0.0193515 0.000664929 0.00211746 0.000102259 3.50746e-05 0.0167773 0.925738 2.49944e-05 0.0164226 0.00119033 5.31958e-13 
0.0130115 0.0508212 0.0455044 0.0723069 0.00141482 0.000106199 0.0215463 2.20864e-05 0.00725189 0.0853504 0.000499116 0.0170761 0.51356 0.00888773 0.000521013 0.00449389 0.0169636 0.113401 0.0272553 6.63247e-06 
0.039428 0.0137075 0.00837356 3.61153e-06 0.0542285 2.05243e-06 7.62095e-05 0.00192207 0.0955061 0.0546324 3.51649e-05 0.225759 0.00348629 0.00132259 0.0803063 0.00535274 9.6699e-05 0.207451 0.20831 7.17588e-09 
0.0396687 0.0093116 0.00868599 4.51347e-06 0.0587159 2.0326e-05 0.000400706 0.00313522 0.0196658 0.015432 0.000157209 0.154791 0.0230387 0.000758798 0.01863 0.000142724 7.26384e-05 0.285058 0.362203 0.00010745 
0.131107 0.0266775 0.0307185 0.000965242 0.0224687 4.80024e-06 0.000115333 0.0064391 0.0324569 0.0642983 0.00272126 0.12459 0.00916261 0.00164135 0.221536 0.00281597 0.00597577 0.188273 0.125783 0.00224967 
0.391852 0.0577002 0.057422 0.000191436 9.53777e-07 9.52767e-07 0.0372659 9.53883e-07 0.0442592 0.0566675 9.53002e-07 9.53968e-07 0.0956634 9.53202e-07 9.5391e-07 9.53615e-07 0.0566546 0.188507 9.53955e-07 0.0138084 
0.0641019 0.00752225 0.0177316 0.00044519 0.00311056 0.000107046 0.00435437 0.0590923 0.117396 0.369005 0.000387375 0.0368226 0.00703851 0.00211621 0.0450937 0.0904989 4.16347e-05 0.154058 0.0210243 5.26554e-05 
0.0137541 0.011558 0.0576019 0.00012917 0.00117768 2.36918e-06 0.00107173 0.0143564 0.171566 0.0543164 0.000341253 0.0420929 0.00848644 0.270917 0.0624918 0.0149991 0.190113 0.0558893 0.0291337 1.87633e-06 
0.00351285 2.77008e-05 0.000208661 0.000214193 0.000125744 6.72341e-07 2.78864e-06 2.12127e-05 0.00168559 0.000312105 1.33664e-05 0.000880844 2.98179e-05 0.00141862 0.000378291 3.53778e-05 0.984929 0.00192785 0.00427566 8.30712e-09 
5.6399e-06 0.000217064 0.00159429 8.49602e-07 0.00166452 3.16058e-07 7.02955e-05 5.43742e-06 1.12264e-06 8.28165e-07 0.00259707 2.99214e-06 0.691518 8.4079e-05 0.000666133 4.32456e-07 5.90518e-05 2.29366e-06 0.301509 7.19578e-10 
0.00029917 0.000789634 0.00247684 4.55113e-05 0.571906 4.0215e-07 0.00803955 0.0665559 0.026233 0.0090609 4.48313e-08 0.0265521 4.2508e-05 5.33196e-05 0.00624175 0.00206782 1.60737e-05 0.25242 0.0271993 1.13806e-09 
0.0305144 0.104559 0.298666 0.000286118 0.00346744 8.07599e-05 0.000182288 0.00097831 0.196569 0.122405 0.00142594 0.052561 0.015468 0.0020085 0.0230421 0.0154919 0.000110229 0.091033 0.0411496 6.79269e-07 
0.00351285 2.77008e-05 0.000208661 0.000214193 0.000125744 6.72341e-07 2.78864e-06 2.12127e-05 0.00168559 0.000312105 1.33664e-05 0.000880844 2.98179e-05 0.00141862 0.000378291 3.53778e-05 0.984929 0.00192785 0.00427566 8.30712e-09 
0.0363724 0.0992671 0.173129 0.000172845 0.00356784 5.63446e-05 0.000160141 0.0063168 0.00226193 0.0520183 0.0108351 0.0630383 0.00873864 0.00282733 0.0456775 0.00125104 6.73027e-06 0.449889 0.0444114 2.15229e-06 
0.0275566 0.012093 0.165201 0.000734676 0.0192507 4.54728e-06 0.000642998 0.00791173 0.0729448 0.0652902 0.000563179 0.0832692 0.00641446 0.00404958 0.0399785 0.0479446 2.97833e-05 0.427176 0.0189442 2.11324e-08 
0.451209 1.00759e-07 0.00676291 4.13527e-05 0.0584328 2.3778e-06 0.000142451 0.000645813 0.00449538 0.00213606 0.0777886 0.0705167 0.00100794 0.0402388 0.0101266 1.44533e-06 0.000197388 0.050802 0.189849 0.0356034 
0.00855811 0.0656506 0.0304036 0.000667833 0.0329194 6.38944e-05 0.00172316 0.00035589 0.0568329 0.076126 0.000385739 0.182161 0.0118296 0.000869865 0.0497882 0.0076428 6.44045e-05 0.387632 0.0863244 1.02647e-06 
0.00244174 0.00369708 0.0293216 2.5215e-08 0.0044645 2.25209e-06 0.000378577 0.000249338 0.253742 0.0259967 5.57169e-05 0.0822902 0.000849246 9.83968e-05 0.381752 0.0132301 3.91697e-05 0.150759 0.0506324 1.25862e-11 
0.0346894 7.2014e-06 0.00412433 0.000791711 0.000440151 1.47379e-06 2.33608e-05 5.84281e-05 0.00562589 0.000292342 4.64028e-05 0.0045569 0.000617078 0.000835397 0.0133236 4.76949e-05 0.00101018 0.00873164 0.924775 2.11047e-06 
0.00911464 0.0111879 0.0306259 0.00026913 0.000458158 6.36547e-05 0.00167452 0.172389 0.0536959 0.207174 0.00186044 0.0335876 0.0111028 0.00118261 0.181049 0.092635 0.000583096 0.175012 0.0163342 2.44595e-08 
0.000692058 0.00062034 0.00593739 2.42055e-06 0.00246834 1.05675e-05 0.000328795 0.0149792 0.0161865 0.91688 4.38306e-05 0.00301145 0.0108971 0.0138434 0.00343512 0.00585891 2.95088e-05 0.00282847 0.00194617 6.39853e-08 
0.0157812 0.232401 0.00632555 9.66143e-05 0.000300285 3.92098e-06 0.000161607 0.000195871 0.105538 0.014242 0.000253356 0.0247494 0.00432724 0.327458 0.00936659 0.0554309 0.162627 0.0216094 0.0191318 2.35524e-09 
0.0255321 0.0474495 0.141002 0.00253073 9.74372e-07 9.73341e-07 0.00262983 9.74481e-07 0.00613994 0.246765 9.73581e-07 0.0539921 0.232873 9.73785e-07 0.0470697 0.0827113 9.7436e-07 0.10048 0.0107211 9.82529e-05 
0.0380782 0.00999786 0.0294438 0.00572182 0.0221551 3.41226e-05 0.000940301 0.0135687 0.19801 0.0333912 0.00418654 0.139938 0.00572332 0.00379674 0.156379 0.00414913 0.00319509 0.205828 0.124343 0.00112018 
0.00351285 2.77008e-05 0.000208661 0.000214193 0.000125744 6.72341e-07 2.78864e-06 2.12127e-05 0.00168559 0.000312105 1.33664e-05 0.000880844 2.98179e-05 0.00141862 0.000378291 3.53778e-05 0.984929 0.00192785 0.00427566 8.30712e-09 
0.00465262 6.54059e-06 0.364035 1.59879e-10 4.20648e-07 1.26469e-10 0.00928636 2.25513e-06 0.0541331 6.7049e-06 1.3016e-06 0.435892 0.0523065 3.02724e-06 6.09214e-05 5.82806e-05 0.000256487 9.12605e-06 0.0792897 1.77108e-10 
8.56528e-05 0.000471656 0.298986 7.52906e-09 4.46083e-05 2.59771e-12 4.83132e-05 1.78663e-08 0.0211328 0.00435606 1.03131e-08 0.0854232 0.00131603 0.00042685 0.451986 0.0125189 1.58529e-05 0.0878203 0.0353678 3.63785e-12 
0.00949595 0.0186266 0.0174893 5.64443e-09 0.0228322 6.03223e-08 0.000130312 0.00143852 0.00158938 0.0756164 2.26059e-05 0.187023 0.00052356 0.000338953 0.0400843 4.72699e-05 5.1548e-06 0.40863 0.216106 1.11594e-07 
0.000530248 0.0010168 0.324384 3.69372e-05 1.68272e-05 6.37219e-06 0.000101144 0.0548575 0.00895655 0.186155 0.10793 0.00523344 0.00187843 0.000137483 0.0691555 0.178694 4.15111e-05 0.051615 0.00925376 6.70179e-08 
0.000720344 0.000268932 0.0199236 4.84785e-06 0.00115332 5.37669e-06 0.000274883 0.00576573 0.439134 0.0183104 2.41536e-05 0.0133275 0.000446219 0.000102264 0.111725 0.00703587 1.35777e-05 0.346015 0.0357489 8.87411e-08 
0.227914 0.0784689 0.00608289 5.69708e-05 0.0242554 1.93657e-09 9.02711e-05 0.00189762 0.0585692 0.138365 6.60484e-06 0.324651 0.0042419 1.30574e-09 1.98554e-06 0.00169426 3.83328e-07 0.0628083 0.0708959 2.71199e-09 
0.00974357 0.000690148 0.0221017 1.30918e-05 0.00714963 5.89176e-06 8.26376e-05 0.0258599 0.25241 0.0155073 0.00434634 0.0394334 0.00150368 0.00322776 0.0885642 0.00383974 5.18447e-05 0.163229 0.36224 1.80831e-10 
0.0930102 0.00302972 0.0389895 0.000240519 0.0310657 1.16377e-06 0.00570338 0.00102772 0.276366 0.00952232 0.354525 0.0100406 0.00408694 0.0227629 0.00775918 2.02051e-05 0.00194045 0.00219744 0.137712 3.82209e-11 
0.0756898 0.0035606 0.117401 6.0726e-05 0.040303 3.00879e-05 4.55482e-05 0.00043513 0.00526602 0.043481 0.000905482 0.243567 0.0458143 0.000427568 0.237317 0.00139507 4.29326e-05 0.112843 0.0714132 9.34446e-07 
0.0163088 0.00691798 0.0051631 1.64794e-05 0.233965 6.44107e-07 0.244185 0.045926 0.0332343 0.0411555 0.00025884 0.0387632 0.000635753 2.37475e-05 0.0771558 0.0321767 8.23205e-05 0.204319 0.0197116 4.19249e-09 
0.120535 0.0117896 0.0394885 0.00327773 0.0222055 0.000332505 0.0154496 0.00778476 0.0431319 0.053474 0.00234187 0.309077 0.0237805 0.00296762 0.0619073 0.00448152 0.0064794 0.0983089 0.173041 0.000145999 
0.00351285 2.77008e-05 0.000208661 0.000214193 0.000125744 6.72341e-07 2.78864e-06 2.12127e-05 0.00168559 0.000312105 1.33664e-05 0.000880844 2.98179e-05 0.00141862 0.000378291 3.53778e-05 0.984929 0.00192785 0.00427566 8.30712e-09 
0.373289 0.00422195 0.00527865 5.14224e-06 0.00138066 8.06548e-09 0.00188168 0.000153459 0.0470851 0.0799712 0.00020703 0.00300548 0.00156503 0.00104685 4.40171e-09 0.00401166 0.428948 0.0469389 0.00101084 1.13004e-07 
0.0229287 0.0103703 0.0304791 0.00117879 0.0327189 3.46712e-05 0.000913266 0.0183747 0.0876464 0.0511829 0.00177999 0.0888139 0.00358397 0.00149731 0.0955343 0.00713281 0.00236575 0.464556 0.0789021 6.55983e-06 
0.0389223 0.0431089 0.313842 0.00017251 0.00444217 3.36236e-06 0.000685272 0.0105875 0.0273673 0.168176 0.00152886 0.152646 0.0168218 0.000107518 0.0452217 0.00233695 5.07263e-05 0.106954 0.0635962 0.00342873 
0.00248835 0.00283942 0.0214172 0.000172346 0.00348386 5.38682e-05 0.000128765 0.0147744 0.404448 0.0518214 0.00024986 0.03144 0.00757247 0.000354715 0.11055 0.00960387 0.00451435 0.262286 0.0714994 0.000301704 
0.175075 1.04058e-06 0.00685709 1.59919e-05 0.00153356 2.77372e-10 0.000903185 0.00036752 0.0391873 0.00492018 9.15151e-07 0.0115303 0.0271217 0.689183 0.0056536 9.55085e-07 0.0111945 0.00537581 0.0205225 0.000555738 
0.000245987 0.00024288 0.0150607 1.82111e-05 5.88719e-05 1.15805e-05 6.9188e-05 0.00578523 0.645411 0.0360272 0.000112755 0.00205483 0.000201209 0.000149179 0.0589473 0.0252622 1.4559e-05 0.209887 0.000440727 1.04989e-08 
0.00351285 2.77008e-05 0.000208661 0.000214193 0.000125744 6.72341e-07 2.78864e-06 2.12127e-05 0.00168559 0.000312105 1.33664e-05 0.000880844 2.98179e-05 0.00141862 0.000378291 3.53778e-05 0.984929 0.00192785 0.00427566 8.30712e-09 
0.00351285 2.77008e-05 0.000208661 0.000214193 0.000125744 6.72341e-07 2.78864e-06 2.12127e-05 0.00168559 0.000312105 1.33664e-05 0.000880844 2.98179e-05 0.00141862 0.000378291 3.53778e-05 0.984929 0.00192785 0.00427566 8.30712e-09 
