0.154336 0.00654004 0.0113584 0.0101212 0.00445098 2.71553e-07 0.000179275 0.00121113 0.0661826 0.0136022 0.00393205 0.021089 0.00586763 0.337215 0.0210851 0.000518735 0.107968 0.0290161 0.205323 2.56382e-06 
0.0253846 0.0463963 0.0112321 9.7459e-06 0.0724658 5.94845e-06 0.0168007 0.036795 0.0489065 0.078916 3.2799e-05 0.0324662 0.0456251 8.12555e-05 0.0794705 0.00592468 0.00767505 0.486455 0.00521833 0.000138119 
0.0272825 0.00458272 0.00713712 5.27033e-08 0.00176671 1.51177e-11 0.000511263 0.000435824 0.00333159 0.00612057 0.000268187 0.383923 0.01256 0.000971755 0.0238024 0.00012427 1.6202e-05 0.00178452 0.525381 2.11709e-11 
0.0431313 0.0548182 0.0324859 3.01559e-05 0.0133796 1.06959e-08 0.00143204 0.0624597 0.00332677 0.633561 5.81674e-05 0.0545953 0.0294354 2.92214e-05 0.0366113 0.00160356 2.17653e-05 0.0264397 0.00656478 1.58349e-05 
0.00419329 0.0278978 0.0727277 0.000104124 0.00320064 3.53278e-06 0.000757677 0.103052 0.240142 0.370545 0.0015504 0.0178015 0.00292938 0.000492856 0.049302 0.0216032 9.49588e-05 0.0717014 0.0117726 0.000127504 
0.0131226 0.00128387 0.0164218 7.1219e-06 0.00216125 1.59028e-07 0.000365861 0.00553654 0.135949 0.0320113 0.050314 0.0130911 0.0423423 0.460918 0.0156855 7.38407e-05 0.123415 0.00438889 0.0829115 7.94204e-07 
0.00510255 0.00302353 0.00476987 0.065932 0.0202391 7.80903e-09 0.00108043 0.00577556 0.0308362 0.539902 0.000293017 0.00136273 0.0054516 0.0147593 0.00430136 0.199572 0.00228506 0.0304284 0.0648853 1.6744e-08 
0.0232324 0.00229239 0.0153891 0.000452003 0.0113242 4.15635e-08 5.4168e-05 0.00228905 0.0064413 0.00604228 0.00702248 0.0711489 0.00316691 0.745354 0.00279937 0.00753915 0.00029235 0.0317961 0.0633636 5.12279e-08 
0.00451465 0.0125898 0.00365245 8.42856e-06 0.00035424 4.93101e-07 0.000162359 0.000836794 0.0037717 0.754416 2.00772e-05 0.00630137 0.00388064 4.67828e-05 0.00946314 0.176178 0.000242963 0.0195008 0.00405126 8.13735e-06 
0.00656807 0.003441 0.580144 2.81281e-05 0.00132469 5.4938e-06 0.00186462 0.00677219 0.0849457 0.0566827 0.000120859 0.0249426 0.00155215 0.000172941 0.0344366 0.00459691 1.78202e-05 0.171689 0.020277 0.00041761 
0.0451824 0.0162482 0.0268177 6.98437e-06 0.00308403 3.94043e-07 9.55764e-05 0.00198767 0.0106576 0.182149 0.0867022 0.0644119 0.375832 0.00417155 0.0402467 0.0415557 8.58004e-05 0.0951894 0.00556828 6.7201e-06 
0.0488563 0.00334017 0.0885119 5.49448e-06 0.0693632 4.63348e-06 0.000270207 0.00191202 0.0248036 0.0253758 0.000610631 0.509483 0.00333504 4.33542e-05 0.153649 0.00905481 3.51121e-05 0.0506843 0.0104171 0.000244117 
0.15328 0.317393 0.092408 5.41681e-07 0.00238721 1.92445e-07 0.0302299 1.07887e-05 0.0574273 0.126185 5.06851e-05 0.0443695 0.107064 2.05414e-06 0.0123463 0.00241454 0.000162885 0.0359034 0.0183555 9.65013e-06 
1.72511e-05 0.0109749 0.010683 7.38586e-09 0.288219 5.84241e-09 0.0334031 0.000671348 0.00338174 0.0247973 0.00283707 0.00239075 0.560729 5.31272e-05 0.0200551 3.87591e-05 0.000242385 0.0078039 0.0337016 8.18176e-09 
0.0364803 0.020911 0.0397723 2.38049e-06 0.00963831 2.33734e-06 0.00595053 0.00330713 0.215289 0.0428835 0.000901479 0.135542 0.00564523 0.000308298 0.0784187 0.0331829 6.21605e-05 0.359448 0.0122486 5.21502e-06 
0.0670125 0.484218 0.194028 0.000132222 0.00141985 2.29084e-09 0.00355244 0.00175257 0.000805445 0.117124 5.57895e-07 0.0159687 0.0644823 0.0015858 0.0124665 0.00506056 0.000129228 0.0210267 0.00921874 1.64192e-05 
0.0833468 0.00844047 0.00818882 0.00763885 0.00115639 1.39851e-07 0.00209805 0.0072651 0.107126 0.0261262 0.0045621 0.0184442 0.00888166 0.397089 0.0947856 0.000769427 0.0747855 0.0292274 0.119551 0.000517378 
0.171582 0.0510728 0.120865 0.00161973 0.0268348 3.08513e-09 0.000668392 0.0231728 0.0159566 0.0561843 0.0129604 0.106729 0.00185672 0.00472733 0.0178549 0.000460883 0.0116745 0.259329 0.116451 4.32044e-09 
0.00295485 7.2102e-05 0.0977937 2.47294e-08 0.000587101 7.10438e-12 3.41681e-08 0.000115993 0.577021 1.97726e-08 5.32552e-09 0.0530088 1.33846e-08 0.000177475 0.00960818 0.0795655 0.000620947 0.176445 0.00202956 9.94904e-12 
0.0415658 0.00224992 0.0361606 6.3771e-07 0.00646568 7.79022e-08 4.83266e-05 0.0234512 0.0015517 0.0440834 0.00810454 0.0111801 0.80794 0.000189431 0.00094957 0.000135194 6.42219e-05 0.0110862 0.00476785 5.7619e-06 
0.0508147 0.0604921 0.0556626 0.00149991 0.0158951 2.99615e-06 0.00234001 0.0268592 0.0141431 0.357968 0.000716619 0.16165 0.037859 0.00217956 0.0560007 0.023625 0.00189495 0.0953847 0.033798 0.00121429 
0.0231159 0.00874034 0.0439018 6.79218e-05 0.00744035 1.43853e-05 0.00111391 0.0374338 0.0653577 0.0775918 7.4837e-05 0.146728 0.0168119 0.00111257 0.25183 0.00234498 0.010421 0.262411 0.0429998 0.000487833 
0.0130289 0.0048552 0.0228477 0.000957058 0.00890234 7.15678e-05 0.00117716 0.0524755 0.0339 0.0689261 0.000881585 0.394224 0.00591725 0.00458752 0.140747 0.0186384 0.00893137 0.119048 0.0993321 0.000550979 
0.0400615 0.0566188 0.0262058 0.000186568 0.0433784 1.85847e-05 0.000256839 0.417585 0.0190263 0.0936339 0.0164018 0.0194685 0.0239801 0.00298308 0.0162043 0.161417 0.0182993 0.0262104 0.0172525 0.000811378 
0.103826 0.00136804 0.0179737 0.0361613 0.0131378 1.92489e-08 0.00166558 0.0218905 0.143314 0.0399038 0.0031788 0.0230489 0.0186312 0.0327862 0.028856 0.00764865 0.23937 0.0888154 0.178423 1.94306e-06 
0.0090493 0.00256582 0.0181158 8.48824e-05 0.00344394 1.03126e-05 0.00150706 0.0110172 0.137638 0.0231205 0.000303632 0.0298007 0.00974795 0.313495 0.0283327 0.00554545 0.325483 0.0362233 0.0443097 0.000205923 
0.00216937 0.00356465 0.00618997 2.94255e-07 0.00947941 1.82216e-12 4.66828e-05 0.0086121 0.00422057 0.0215935 9.88483e-07 0.121954 0.000280601 1.96425e-05 0.604496 0.000206233 3.28952e-05 0.127685 0.0894479 2.55178e-12 
0.121555 0.00443916 0.227642 2.44748e-05 0.0108139 4.68611e-10 0.251224 0.0734521 0.00855818 0.0820372 0.00441694 0.0555465 0.00797977 0.0015863 0.0330045 0.000778584 4.97976e-05 0.021978 0.0949144 1.61456e-07 
6.42461e-06 0.020938 0.0753043 5.27695e-09 0.000585396 4.1742e-09 4.78744e-06 1.58373e-06 0.00722839 0.000320872 0.0468169 0.176487 2.47966e-06 1.18486e-05 1.494e-06 0.000132757 3.65069e-07 0.672155 2.25006e-06 5.8456e-09 
0.356314 0.00997505 0.0499882 0.000257125 0.00421553 1.1221e-05 0.0163287 0.0501175 0.109836 0.0849586 0.000101468 0.129258 0.00329935 0.0656286 0.0236156 0.00359522 0.000115314 0.029313 0.0615737 0.00149803 
0.0304046 0.00818888 0.00533255 0.000630265 0.0694085 1.44267e-05 0.253733 0.0251092 0.00946217 0.201475 0.000124581 0.0795593 0.0290573 0.0964218 0.0726184 0.00449611 0.000113946 0.0861103 0.0275378 0.000202429 
0.0116188 0.000726317 0.0348345 5.78041e-05 0.0171877 8.4915e-07 0.000149109 0.0247938 0.374083 0.0533462 0.0015261 0.273631 0.0071229 0.00146395 0.0232901 0.00603253 5.66881e-05 0.129296 0.0407767 5.97099e-06 
0.00129567 0.00324542 0.0118225 2.81358e-05 0.00136506 4.64679e-12 4.68211e-06 0.125149 0.0093921 0.0852059 3.79299e-05 0.0111779 0.0136716 0.00140569 0.000490063 0.712461 1.41797e-05 0.0133912 0.00984222 6.50741e-12 
0.0068649 0.035675 0.00570462 0.000195713 0.024194 4.13967e-06 0.0018123 0.00244477 0.185595 0.0116251 1.64581e-05 0.159653 0.0132141 8.92441e-05 0.0361285 0.00375323 0.0153978 0.396649 0.100977 6.27076e-06 
0.0164799 0.00263756 0.0412199 1.32122e-05 0.00771963 6.19391e-06 0.000864642 0.00967004 0.00832236 0.0466941 0.00449677 0.0663504 0.751091 0.000161222 0.0158592 0.00232588 0.000457782 0.00882619 0.0167865 1.75092e-05 
0.214331 0.00875665 0.0353343 0.000202473 0.0080028 4.7273e-06 0.00659513 0.0233036 0.0586868 0.037422 6.57112e-05 0.434213 0.0033691 0.0611367 0.0203991 0.00148696 5.63261e-05 0.0381618 0.0471015 0.00137063 
0.036649 0.00655821 0.0395287 0.0028681 0.00672338 9.50007e-06 0.00341541 0.0118816 0.0273136 0.0251375 0.00272043 0.102769 0.00586538 0.00225296 0.31442 0.00863789 0.000779991 0.161253 0.240815 0.000401781 
0.0211084 0.00205187 0.00151272 0.621103 0.00184202 5.42892e-08 0.000203567 8.76965e-05 0.0103925 0.00255347 3.16336e-05 0.000302189 0.240129 0.000916909 4.61726e-05 0.00118641 0.0031284 0.00128761 0.092116 1.08573e-07 
0.0613584 0.00400527 0.0267738 0.00064816 0.0241926 4.99445e-06 0.000415269 0.00728744 0.104875 0.0717771 0.00770421 0.0721732 0.00182834 0.00171925 0.0466815 0.0110338 0.00727361 0.479995 0.0701871 6.63472e-05 
0.046287 0.1549 0.0858168 0.000227717 0.00329362 4.31298e-06 0.000269793 0.000163029 0.0157512 0.519472 0.000182634 0.050661 0.012619 0.00197798 0.00894315 0.0172611 0.000122024 0.07747 0.00456982 8.2183e-06 
0.0360722 0.0318037 0.108732 0.000886597 0.013254 5.41417e-05 0.000778474 0.0137788 0.0606124 0.0584397 0.0020101 0.156255 0.0117053 0.00248651 0.0753818 0.00835439 0.00168452 0.320551 0.0970089 0.000150132 
0.0545645 5.3599e-06 0.00146762 3.13226e-07 0.000891983 1.0182e-10 1.48372e-07 2.33908e-06 0.00822679 7.48927e-05 1.8652e-05 0.00841012 0.000308196 0.00494726 0.00410153 3.25683e-09 0.799078 0.0122855 0.0303436 0.0752727 
0.00166882 0.0483651 0.0175901 1.21617e-05 2.79098e-05 1.90726e-10 0.000154485 0.000868932 0.00173687 0.05405 3.64848e-05 0.21459 0.00433032 2.70647e-05 0.0835426 0.0855847 1.915e-08 0.484447 0.00296708 2.67094e-10 
0.0291042 0.004151 0.0414503 0.00374886 0.0217872 1.50773e-05 7.63268e-05 0.0127226 0.0673599 0.0665026 0.0291162 0.126872 0.0121891 7.14329e-05 0.137446 0.00202357 0.000256604 0.315228 0.129861 1.77099e-05 
0.167192 0.0108321 0.0340595 1.84449e-05 0.00689198 1.11066e-05 0.0200587 0.00878645 0.246198 0.0260173 4.54355e-05 0.104136 0.00152536 0.00021514 0.0793524 0.0347691 7.90731e-05 0.15384 0.105924 4.73534e-05 
0.028633 0.0324727 0.0394908 0.00112032 0.0193852 2.39716e-05 0.00863425 0.0326906 0.0159151 0.201255 0.00107933 0.134315 0.0142289 0.00276769 0.0900964 0.00282693 0.00583402 0.246651 0.12255 3.01763e-05 
0.074591 0.010611 0.022739 0.00129913 0.000317153 1.54434e-06 0.000472244 0.00415441 0.0308461 0.01157 0.000780573 0.11636 0.00763035 0.00193609 0.0296309 0.000801282 0.0131116 0.141368 0.531778 1.65014e-06 
0.0181649 0.000983963 0.0154175 4.28394e-05 0.00146309 2.55746e-07 0.0140131 0.000311516 0.00201381 0.00432281 0.00484605 0.0237362 0.0490204 7.11669e-06 0.758347 0.0100066 1.67136e-06 0.0588356 0.0384326 3.25887e-05 
0.00103654 0.00316259 0.0107352 2.25105e-05 0.00130004 4.3493e-12 7.8143e-06 0.131396 0.0075137 0.0804596 9.85348e-05 0.0094902 0.0109658 0.00840461 0.000392053 0.715238 1.13447e-05 0.0117026 0.00806253 6.0908e-12 
0.0679127 0.00656721 0.0101292 0.034342 0.000393953 5.20567e-11 2.23491e-05 0.00775468 0.0414896 0.0312787 0.00134467 0.0111476 0.132453 0.531652 0.0104333 0.00281034 0.0257086 0.0161313 0.0684286 1.81329e-10 
0.140457 0.0397535 0.0467253 0.00142219 0.00624729 9.91408e-05 0.00725568 0.000104899 0.0464676 0.0337569 0.101444 0.00827108 0.394665 0.0333619 0.00605135 0.00129231 0.0307192 0.0431418 0.0583839 0.00038064 
0.113159 0.0276674 0.0225356 0.000202372 0.00828723 1.1169e-05 0.00215256 0.0174413 0.00388137 0.164922 0.0149077 0.149344 0.136804 0.00169074 0.0453971 0.00455228 0.00025537 0.072061 0.214716 1.13387e-05 
0.018421 0.145902 0.0265832 6.09118e-06 0.0220578 4.04607e-07 0.00784182 0.108452 0.0845898 0.0373431 0.000643337 0.071752 0.0075381 0.0072786 0.395298 0.0282844 0.00014015 0.0222809 0.0155855 5.66616e-07 
0.00321407 0.0107562 0.0272656 1.28328e-05 0.0145659 5.71788e-07 0.000163885 0.0644841 0.0230982 0.608649 0.000202541 0.0114702 0.000369178 0.00923697 0.00440894 0.0109596 0.000165832 0.189575 0.0214003 1.15959e-06 
0.113809 0.00189268 0.0187277 1.63781e-05 0.0132239 4.00816e-11 0.00968547 0.040633 0.0422066 0.0472673 0.00734978 0.00678518 0.0686752 0.065459 0.0381303 0.0347003 0.220315 0.0268569 0.244265 5.61307e-11 
0.633474 0.00444703 0.02758 0.00332165 0.00353025 3.08256e-05 0.000517143 0.00324193 0.0241062 0.0250576 0.000352642 0.0782413 0.0109523 0.00250832 0.0212423 0.00148483 0.0100449 0.0355303 0.113961 0.000376428 
0.0066608 0.0844712 0.0123305 0.000341339 0.000890943 2.49993e-07 0.000743006 0.193727 0.0029785 0.529207 0.000410734 0.0155975 0.00785409 0.00824875 0.0385657 0.0523989 1.27119e-05 0.0274574 0.0181038 3.50326e-07 
0.153921 0.013685 0.0117826 0.00267121 0.0475303 5.51025e-05 0.000143561 0.000481815 0.0192882 0.0305642 7.70814e-05 0.0310797 0.0270319 0.000725251 0.000763079 0.00195692 0.0460395 0.449286 0.150214 0.0127025 
0.599918 0.0162092 0.00433963 0.000231371 0.00297304 2.32739e-07 0.00290525 0.0032751 0.00166634 0.0177166 5.70625e-05 0.111919 0.078716 0.0202418 0.00648739 0.0004106 0.000579182 0.00728995 0.107005 0.0180588 
0.0272609 0.00150445 0.0227762 6.0852e-06 0.000417782 6.53344e-09 0.000129033 0.000901876 0.0355414 0.0321585 0.00027279 0.0110754 0.011415 0.0779624 0.0212256 0.00972436 0.355658 0.228965 0.163006 9.1495e-09 
0.212114 0.00326987 0.238433 0.000633836 0.000148789 6.42335e-11 0.000657744 0.0175451 0.00650381 0.0492444 0.00706677 0.0215844 0.0165494 0.0294851 0.0109704 0.269092 0.000225111 0.0687215 0.047755 8.99533e-11 
0.000385347 0.0039976 0.00186357 1.16897e-05 0.000288485 1.02555e-10 0.000114859 0.00171132 0.00135759 0.0469443 5.51677e-05 0.00369396 0.86037 6.55607e-05 0.026108 0.0146349 3.04076e-05 0.0283987 0.00334419 0.00662385 
0.0151467 0.00031405 0.0262788 9.35277e-05 0.0383652 9.85575e-07 4.43806e-05 0.00566007 0.000453693 0.00745215 0.000425583 0.0638486 0.00501594 0.00134487 0.759407 0.000560936 1.19684e-05 0.018937 0.0168399 0.039799 
0.0313987 0.0296679 0.334501 7.64732e-08 0.000398954 6.27045e-10 1.90343e-06 0.0865665 0.00397179 0.240244 0.0226911 0.0681396 0.0807189 0.00369925 0.0179742 0.00622955 3.12428e-05 0.00494525 0.0688199 8.7812e-10 
1.75141e-07 0.0145832 0.0117199 1.76522e-11 8.40538e-08 1.39634e-11 0.00114848 8.17781e-08 0.00735536 0.0503503 2.60967e-07 0.614217 4.62897e-07 2.27848e-07 0.136993 1.84834e-06 6.62385e-08 0.163628 1.42767e-06 1.95544e-11 
0.532233 0.0953533 0.00729535 7.7817e-05 0.000165131 1.55319e-06 2.30454e-05 0.0274576 0.00755213 0.0691731 0.000220646 0.0129795 0.0938703 7.51324e-05 0.00110651 0.00622631 0.0249284 0.115074 0.00618477 2.5241e-06 
0.299775 0.0132769 0.0112025 0.000223891 0.0114071 6.37419e-06 0.00100647 0.0131676 0.0195072 0.0194411 0.0124928 0.0469595 0.0513115 0.0624404 0.00126645 0.000150539 0.246043 0.0284109 0.161876 3.44107e-05 
0.0481911 0.180905 0.193316 0.000299313 0.0339822 6.87654e-07 4.45965e-05 0.00310757 0.0105306 0.144271 1.7363e-06 0.0707311 0.00376712 4.51861e-06 0.00195347 0.000107509 0.00333485 0.302574 0.00287253 6.5465e-06 
0.0134695 0.00216647 0.0952459 0.00016127 0.0155798 1.72133e-08 3.03042e-05 9.3255e-05 0.0415497 0.0544848 2.55631e-06 0.364578 0.00038638 0.000266201 0.198243 0.00178518 5.09084e-06 0.187342 0.0245834 2.77886e-05 
0.000217808 3.90424e-05 0.253655 1.14167e-08 1.66458e-07 3.43192e-10 2.2292e-06 0.00554832 0.0101775 0.213864 4.87153e-08 0.00247746 0.00354798 2.3454e-07 0.00577724 0.492941 5.51173e-09 0.00276536 0.00898657 4.8061e-10 
0.0182322 0.000347719 0.00292098 8.06264e-05 0.000918715 2.92396e-06 0.00241738 0.00353443 0.0168715 0.00990105 0.000399318 0.00155356 0.00182957 0.899659 0.00524287 0.00051111 0.0202088 0.00191093 0.0125116 0.000945323 
0.00100645 0.00323376 0.0103687 9.25669e-06 0.00150119 4.96602e-12 3.38798e-06 0.111909 0.00133325 0.0895459 0.000123164 0.00842276 0.0121532 0.00402291 0.00023684 0.738358 2.08797e-09 0.0113355 0.00643652 6.95446e-12 
0.00639437 1.38976e-06 0.18796 0.000399364 2.50775e-07 4.35224e-11 0.00360269 0.0866225 0.44058 0.0182404 2.51178e-08 0.0266779 0.0127397 1.15532e-05 0.0245558 2.33835e-05 0.000899878 0.0771223 0.114168 6.09493e-11 
0.113809 0.00189268 0.0187277 1.63781e-05 0.0132239 4.00816e-11 0.00968547 0.040633 0.0422066 0.0472673 0.00734978 0.00678518 0.0686752 0.065459 0.0381303 0.0347003 0.220315 0.0268569 0.244265 5.61307e-11 
0.0178901 0.208904 0.00957508 4.9648e-10 0.000766048 3.92728e-10 0.000335162 0.0509071 0.000157955 0.635421 1.15828e-05 3.59129e-07 0.000165377 4.4143e-06 4.01991e-06 0.0374496 6.13358e-06 0.0383122 8.98543e-05 5.49981e-10 
0.0151076 0.0185907 0.0228673 0.000326249 0.00828525 2.01464e-05 0.00198662 0.0700131 0.0414678 0.336941 0.00420621 0.024006 0.00483761 0.00695688 0.0280585 0.27376 0.000223762 0.1049 0.0368223 0.000623435 
0.000673301 0.000734074 0.00202279 7.07038e-06 0.0114226 2.70108e-09 2.43255e-06 0.821899 0.000254725 0.145673 9.67552e-06 0.0105405 0.000162224 2.93006e-06 0.000273676 0.000815017 1.50656e-06 0.00540965 9.05319e-05 5.33973e-06 
0.00639437 1.38976e-06 0.18796 0.000399364 2.50775e-07 4.35224e-11 0.00360269 0.0866225 0.44058 0.0182404 2.51178e-08 0.0266779 0.0127397 1.15532e-05 0.0245558 2.33835e-05 0.000899878 0.0771223 0.114168 6.09493e-11 
0.025911 0.0160818 0.0592231 0.000189475 0.00538821 1.33624e-07 0.0180644 0.00113916 0.00812806 0.0494824 6.97338e-05 0.0702603 0.550972 0.000247089 0.115809 0.0198969 0.00175677 0.0127676 0.044613 1.87129e-07 
0.549784 0.0010657 0.0240701 0.00415729 0.0561985 3.72945e-06 0.00108354 0.000108053 0.00473534 0.028428 0.0271823 0.0830751 0.00879958 3.79267e-05 0.0121342 0.00165195 0.000664643 0.0554974 0.141309 1.35121e-05 
8.56528e-05 0.000471656 0.298986 7.52906e-09 4.46083e-05 2.59771e-12 4.83132e-05 1.78663e-08 0.0211328 0.00435606 1.03131e-08 0.0854232 0.00131603 0.00042685 0.451986 0.0125189 1.58529e-05 0.0878203 0.0353678 3.63785e-12 
0.0189071 0.102054 0.0380209 0.000522598 0.00812709 0.000177583 0.00551115 0.01644 0.0149244 0.620256 0.00275241 0.0322252 0.0164816 0.0056235 0.0192565 0.0291032 0.000743097 0.0524962 0.0159517 0.000425469 
0.154177 0.0783367 0.00520292 1.85998e-08 0.00107816 1.4713e-08 0.331957 2.18215e-06 0.180899 0.0277183 5.56854e-07 0.184955 0.0158625 0.000440283 0.0010465 0.000841764 1.47211e-06 0.0107861 0.00669395 2.06042e-08 
0.0996431 0.000832899 0.0117441 0.00974429 0.00391023 1.16153e-12 0.000224744 0.00739198 0.294708 0.0133428 9.98704e-05 0.0756947 0.000840325 0.00284246 0.0528167 0.0153785 0.00376642 0.268165 0.138854 2.39172e-11 
0.500439 0.0474488 0.00246967 0.0708387 0.00398353 5.58565e-08 0.00193601 5.23108e-06 0.0148158 0.125172 5.23128e-05 0.111098 0.00461909 0.000207708 0.00320488 0.000391239 9.34197e-05 0.110783 0.00244216 7.8222e-08 
0.0513616 0.0260413 0.0119779 0.00175874 0.0171343 3.15886e-05 0.000465353 0.000654849 0.0282794 0.332004 0.00144626 0.0602418 0.0245457 0.013003 0.0089027 0.0351778 0.0212169 0.213366 0.151323 0.00106752 
0.217034 0.0281287 0.0323667 0.00771855 0.0133553 6.10524e-08 7.81862e-06 0.000651515 0.105805 0.0462011 0.000397217 0.0924002 0.00242541 0.0164806 0.0242876 0.0050469 0.011065 0.317248 0.079346 3.34114e-05 
0.00896674 0.00246127 0.00496238 0.000114615 0.000535012 4.03731e-07 0.000942168 0.0178612 0.0225521 0.021297 0.000194468 0.0066103 0.0105847 0.542741 0.00719346 0.0066256 0.332555 0.00280433 0.0109937 4.51361e-06 
0.0011231 0.00202682 0.00309037 2.63632e-08 1.01516e-05 5.98858e-11 0.000101599 1.53633e-05 0.000631779 0.00886183 1.73386e-05 0.00626021 0.00113827 0.000119166 0.967392 0.000471345 3.38621e-06 0.00309568 0.00564174 8.38647e-11 
0.0604089 0.0125633 0.185931 2.15107e-07 0.0101931 3.13713e-08 3.00763e-06 0.22787 0.112272 0.200433 4.78821e-05 0.00224537 0.000205916 1.12848e-07 0.000367231 0.000380979 1.17763e-06 0.18653 0.000546708 6.62119e-08 
0.0108138 0.0130732 0.00239971 3.30178e-05 0.00164273 8.64234e-06 0.00876607 0.00967524 0.00880004 0.0318916 0.000118645 0.0124386 0.840137 0.0347606 0.0128079 0.000243044 5.27284e-05 0.00613529 0.00554079 0.000660928 
0.113691 0.0184592 0.311461 3.04592e-05 0.00729664 6.46411e-08 0.00143446 0.00616911 0.0451852 0.100145 1.55371e-05 0.176718 0.000495913 2.85368e-05 0.00969888 0.0412063 0.00165512 0.164393 0.00191346 2.27696e-06 
0.234606 0.0170178 0.0225331 3.87939e-05 0.00165208 3.62981e-10 0.0356965 0.00034373 0.0193858 0.139897 0.000374452 0.13743 0.134698 5.56014e-05 0.15317 0.00724565 3.19838e-05 0.0756868 0.0201364 5.08323e-10 
0.0967729 0.000318515 0.00899616 0.00325526 0.00137962 9.95671e-12 0.000173297 0.00735384 0.0382319 0.00816736 8.74756e-05 0.100596 0.00744854 0.00354496 0.215105 0.00220806 0.00259082 0.0103709 0.4934 5.60206e-08 
0.046112 0.00398269 0.00433422 4.25337e-05 0.0685512 1.88621e-06 0.000802575 0.00784517 0.0380352 0.0404625 0.00140663 0.560583 0.00875004 0.000683259 0.0676173 0.00111174 3.07322e-05 0.0360023 0.109039 0.00460609 
0.0103267 0.0096619 0.412174 7.42382e-07 0.00188736 9.55802e-08 1.5114e-06 3.80204e-05 0.00534676 0.0467714 0.138076 0.304212 0.0158443 0.00248884 1.05146e-05 0.000261865 8.16543e-05 0.052291 0.000524024 1.3278e-06 
0.00596281 0.00564718 0.00955632 0.00142136 0.0018808 3.4367e-06 0.000754995 0.709846 0.0104103 0.0882847 0.00180879 0.0152313 0.00238128 0.00382662 0.0141724 0.10582 0.000308305 0.0112994 0.0113747 9.71295e-06 
0.000887277 0.0109059 0.0156195 4.16916e-09 0.114523 3.29792e-09 3.74343e-06 0.0113354 0.00303394 0.145096 2.12129e-05 0.0132558 2.89752e-06 1.75626e-06 0.0582214 0.00112951 3.40627e-07 0.61781 0.00815216 4.61844e-09 
0.0223212 0.0945352 0.0218195 0.00879876 0.00860289 3.26303e-05 0.0019731 0.0427514 0.0177567 0.532926 0.0010635 0.0312641 0.0047334 0.0120921 0.0143898 0.0722393 0.00386335 0.0869369 0.018842 0.0030581 
0.144867 0.00386889 0.0197304 4.3138e-05 0.0131777 5.89686e-08 1.78442e-05 4.15201e-05 0.00667432 0.0208865 0.000348386 0.595515 0.00111065 0.0027806 0.02008 0.00291825 1.71531e-05 0.133665 0.03421 4.79047e-05 
0.0510127 0.0527071 0.0540371 4.78128e-06 0.020236 5.76564e-09 7.25384e-05 0.123313 0.00297411 0.113388 0.00309639 0.196934 0.0259784 0.00592195 0.113019 0.00145121 0.000145064 0.162812 0.0728962 2.64077e-08 
0.0736265 0.143631 0.0775338 0.000886544 0.0025814 2.09247e-10 0.010214 0.000119119 0.0116677 0.0772634 0.0322474 0.0333012 0.178525 0.315521 0.00726131 0.000437378 0.000774868 0.0089864 0.0254045 1.80809e-05 
0.00259995 0.0108245 0.00429121 7.0092e-12 0.0678832 5.54446e-12 0.000944114 0.115672 0.025384 0.0178658 1.51437e-08 0.474854 0.00119433 0.000143625 0.090214 0.00228347 5.13188e-05 0.070514 0.115281 7.76452e-12 
0.0736265 0.143631 0.0775338 0.000886544 0.0025814 2.09247e-10 0.010214 0.000119119 0.0116677 0.0772634 0.0322474 0.0333012 0.178525 0.315521 0.00726131 0.000437378 0.000774868 0.0089864 0.0254045 1.80809e-05 
0.300403 0.0022237 0.0161741 0.000547283 0.0111497 1.54385e-11 4.19063e-05 8.64569e-05 0.00231176 0.00293533 0.000438356 0.238951 0.000197037 0.000120818 0.0284207 5.1517e-05 0.00104285 0.133335 0.26157 4.93384e-08 
0.00114245 0.057273 0.00699342 0.0680671 0.13408 6.43521e-08 0.0027065 0.134968 0.00786943 0.17944 2.57528e-06 0.0339238 8.20469e-05 2.39816e-07 0.00210401 0.0317475 3.2652e-05 0.32418 0.0153862 4.44223e-07 
0.137268 0.0594435 0.0631861 3.29898e-05 0.000744308 3.50775e-11 0.000146453 0.0257773 0.0414675 0.0519961 7.75603e-05 0.211991 0.00479589 2.81428e-06 0.125569 0.0459494 8.04334e-05 0.112722 0.11875 4.91229e-11 
0.0411387 0.255559 0.0211587 2.63918e-05 0.00978691 2.24656e-09 2.66574e-05 0.0105605 0.0825714 0.0124227 0.0131841 0.354424 0.0146337 0.00123605 0.0241202 0.000208066 0.000223867 0.144223 0.0144961 3.14611e-09 
0.00227277 0.00899966 0.00225637 2.24868e-06 0.00250946 1.51346e-08 2.0818e-05 0.0222887 0.00173004 0.517833 0.000312064 0.0428816 2.62542e-05 2.46848e-05 0.000119748 0.372785 2.58093e-07 0.0250819 0.000855515 5.07973e-08 
0.206727 0.0623617 0.02215 7.61428e-05 0.00149079 4.07482e-05 0.0253205 0.00170213 0.0063439 0.0562843 0.000815945 0.0521846 0.484421 0.000219123 0.0392366 0.0101074 0.000192232 0.014172 0.0161055 4.75952e-05 
0.0189605 0.00291069 0.00352717 2.1229e-06 0.00552244 1.98384e-12 0.000353154 0.0506641 0.0169192 0.0285632 0.00014535 0.0322934 0.00640803 0.253297 0.0126807 0.00148595 0.511513 0.033152 0.0216026 8.18675e-08 
0.0651397 0.00233199 0.00732031 0.159252 0.0024623 1.93289e-08 2.48459e-05 0.00174017 0.0259503 0.00620308 0.0134964 0.0183091 0.00611909 0.458577 0.0236025 0.000268803 0.134855 0.0122892 0.0620575 3.2212e-07 
0.435682 0.0221683 0.0213654 2.64199e-08 0.0229503 2.08989e-08 0.000490124 0.000290404 0.000198787 0.10161 0.00234369 0.101884 0.281612 1.79113e-06 0.00561231 2.85509e-05 2.35988e-06 0.00125623 0.00250459 2.9267e-08 
0.691214 0.00547226 0.00451892 0.000179881 0.000368725 2.84666e-07 0.00840433 0.000676883 0.0108897 0.00402278 0.000216608 0.0269756 0.010073 0.108648 0.0275276 5.11223e-05 0.009531 0.0362807 0.0473993 0.00754947 
0.0141835 0.00859174 0.348674 1.10589e-05 0.0186088 6.51863e-08 0.00756253 0.101147 0.00624975 0.223658 0.0191311 0.0349477 0.14501 9.26496e-05 0.0511754 0.00902097 0.000162465 0.0042655 0.00750849 1.17477e-07 
0.00405596 0.177196 0.0519939 2.22077e-06 0.00412462 5.98457e-07 3.41488e-06 0.144875 0.0303428 0.095025 0.00139638 0.00568283 0.430395 5.97843e-05 0.015744 0.00211633 4.00368e-05 0.014311 0.0225867 4.90372e-05 
0.0177392 0.00497955 0.622794 0.000725387 0.00155678 1.38408e-06 0.00242117 0.0105113 0.0139098 0.0836965 0.000725006 0.024399 0.00367396 0.000211164 0.0233822 0.0303326 6.90971e-05 0.149173 0.00969412 4.74709e-06 
0.00186411 0.0159512 0.00150112 8.33843e-09 0.000513498 3.15299e-09 0.000786488 0.0727012 0.00160466 0.822099 2.4955e-05 0.00535719 0.000590502 1.66637e-05 0.0106094 0.0335479 8.5558e-06 0.0250032 0.00782047 3.06021e-08 
0.25746 0.00230881 0.236403 4.69275e-06 0.0287328 8.17397e-12 0.000307473 0.00116473 0.0217557 0.018633 0.000335414 0.182412 0.0181819 0.00330392 0.0270387 0.000554116 0.00554413 0.0945251 0.101332 1.94892e-06 
0.144368 0.0104602 0.184948 4.10816e-06 0.00697698 6.42639e-08 0.00343195 0.0472661 0.0663354 0.243419 0.000290069 0.00698404 0.00331928 0.00266737 0.000597708 0.0242884 0.141773 0.104845 0.00802586 3.51921e-07 
0.0212018 0.00442352 0.00168162 0.00217979 0.000128023 9.51319e-12 0.00095795 0.0143906 0.00842948 0.0324856 0.000677165 0.00135127 0.00811818 0.850598 0.00107664 0.00166996 0.0437666 0.00333678 0.00352744 1.06728e-10 
0.0200213 0.0391093 0.0192675 0.000162557 0.000648973 2.11515e-05 0.00109445 0.0624713 0.000229484 0.506766 0.0377788 0.0876948 0.0500871 0.0505135 0.0142718 0.037183 0.000237378 0.0295201 0.0184953 0.0244262 
0.00211706 0.0027018 0.00287524 0.000319059 0.000364348 6.05764e-12 5.14856e-05 6.09065e-06 0.00238071 0.0192621 1.95414e-10 0.00340296 0.930823 3.75799e-05 0.00224695 0.0204098 1.76829e-05 0.00231805 0.0106665 5.98707e-10 
0.202851 0.000697844 0.0203097 0.00020585 0.0137495 4.52841e-08 0.00015125 0.000739292 0.027344 0.00928501 0.000273676 0.490619 0.00067432 0.00069309 0.0351026 0.000216459 0.00733771 0.0468113 0.142938 1.49532e-07 
0.00238628 0.0362572 0.0535292 0.000112718 0.005154 1.02823e-05 0.000288991 0.00432907 0.0298253 0.153146 0.00064044 0.0356643 0.393862 0.000644454 0.0980532 0.0594246 4.95548e-05 0.0282609 0.098261 0.000100413 
0.013542 0.00821651 0.0191134 0.000969964 0.00311884 9.04852e-06 0.000239908 0.0109426 0.0179018 0.0319575 0.041951 0.198466 0.0143491 0.00966728 0.417163 0.00169306 0.0196479 0.166552 0.0244824 1.59426e-05 
0.0582899 0.0185576 0.0266894 0.000280272 0.00813829 0.000122144 0.00507422 0.00412062 0.00682973 0.0499203 0.00148088 0.0680774 0.670138 0.00308391 0.0318077 0.00253338 0.000682441 0.022327 0.0213268 0.000519754 
0.0338074 0.0414284 0.304946 3.06756e-06 0.0100412 4.41741e-09 0.00816371 8.4134e-05 0.022669 0.13294 7.79701e-06 0.082321 0.125243 6.6832e-07 0.0703397 0.00160867 9.61744e-06 0.0485542 0.117833 6.18619e-09 
0.0288841 0.00815551 0.0336425 0.00721996 0.000371786 3.39459e-07 2.27868e-05 0.0417818 0.0684609 0.0696117 0.000249646 0.286804 0.00108168 0.000273552 0.152448 0.0504927 1.85429e-06 0.197803 0.0526923 1.93738e-06 
0.0154473 0.0535558 0.0490351 2.03656e-05 0.00011953 1.10357e-07 0.00125871 0.00201578 0.00672864 0.0690499 0.251326 0.0586582 0.219527 0.0458732 0.191925 0.00193432 0.000149675 0.00351513 0.0228335 0.0070258 
0.0558088 0.0144555 0.0893701 0.00104975 0.0535946 0.000262328 0.00178193 0.014645 0.075062 0.0585627 0.000939025 0.129201 0.0146009 0.00135827 0.0987001 0.0052364 0.00119369 0.301801 0.0815147 0.000862279 
0.0212018 0.00442352 0.00168162 0.00217979 0.000128023 9.51319e-12 0.00095795 0.0143906 0.00842948 0.0324856 0.000677165 0.00135127 0.00811818 0.850598 0.00107664 0.00166996 0.0437666 0.00333678 0.00352744 1.06728e-10 
0.0306377 0.000982762 0.00379222 1.93646e-06 6.00064e-05 1.09762e-09 2.0119e-05 0.000174709 0.00440943 0.0103486 0.000623944 0.0164008 0.0196887 0.542246 0.0078902 0.000134626 0.280291 0.0105795 0.0717175 1.53711e-09 
0.0237163 0.0037462 0.000431574 1.78106e-07 0.000866968 1.74133e-07 0.502261 0.0276876 0.00106051 0.0554454 5.59564e-05 0.128446 0.11727 0.000255731 0.131992 0.00023287 1.79464e-05 0.000773693 0.00573836 9.77656e-07 
0.390573 0.00887767 0.037094 2.88111e-06 0.0511748 2.68174e-07 7.12588e-05 0.000658471 0.151178 0.0110275 7.68376e-07 0.13784 0.00311939 7.20181e-05 0.0135766 0.000221817 8.87355e-05 0.111437 0.0829583 2.69101e-05 
0.0389025 0.00627969 0.0236991 0.000529845 0.0037333 2.2796e-06 0.000132539 0.207116 0.0111063 0.219054 0.00152039 0.0566893 0.159336 0.000347918 0.133744 0.0537439 2.07356e-05 0.0624377 0.021582 2.34499e-05 
0.0339442 0.0873791 0.0263075 0.000904544 0.000471172 1.69768e-06 0.00255137 0.0142383 0.00294664 0.371709 0.000575949 0.0875407 0.0166767 0.0100262 0.0883622 0.0586996 2.42913e-05 0.150308 0.0470734 0.00025931 
0.0783035 0.00240893 0.415644 7.29749e-05 0.001585 2.13857e-07 0.000400524 0.00283643 0.12382 0.0503162 0.000197012 0.123846 0.0134206 0.000144303 0.0775924 0.000245288 0.000215588 0.0377537 0.0711971 6.18301e-07 
0.0189762 0.00643907 0.0707517 0.000119934 0.00217391 2.59914e-06 0.000151798 0.038971 0.118929 0.0883023 0.000677808 0.0566133 0.0283639 0.00138538 0.168199 0.0143341 0.0111664 0.356101 0.0183148 2.61585e-05 
0.0364486 0.0123812 0.0425479 0.000525948 0.0110716 0.000105937 0.00089964 0.0125501 0.077905 0.0566247 0.00200285 0.0829637 0.0149541 0.00184158 0.10454 0.0090524 0.00294876 0.139359 0.390248 0.00102855 
0.087424 0.00452124 0.041738 0.000103697 0.0264788 9.26088e-11 0.000131873 6.68589e-06 0.055531 0.000784965 0.0207004 0.299636 2.76868e-08 0.000258978 0.00999033 5.21313e-08 1.1067e-07 0.442416 0.0102778 1.2969e-10 
0.0344319 0.000322143 0.00167734 7.67836e-05 0.00712439 6.74912e-10 1.48543e-05 0.001332 0.186056 0.0047384 8.86195e-06 0.239898 1.87257e-05 0.000394482 0.0545116 0.00199048 1.75342e-07 0.466861 0.000542976 9.45154e-10 
0.00166882 0.0483651 0.0175901 1.21617e-05 2.79098e-05 1.90726e-10 0.000154485 0.000868932 0.00173687 0.05405 3.64848e-05 0.21459 0.00433032 2.70647e-05 0.0835426 0.0855847 1.915e-08 0.484447 0.00296708 2.67094e-10 
0.0373002 0.12719 0.0232456 0.000472736 0.00409403 1.01382e-06 0.000618344 0.000533527 0.0239108 0.405388 2.29923e-05 0.13499 0.0191846 0.156867 0.00364789 0.000855539 0.00160503 0.0581001 0.00197233 1.0788e-06 
0.0665106 0.0013583 0.0360065 0.00567121 0.0440655 4.77224e-09 0.000146547 0.00438681 0.256834 0.0166069 0.00013475 0.0764633 0.000139281 0.00218299 0.0107741 0.036111 0.00196954 0.224368 0.216271 3.98137e-07 
0.00616003 0.0447183 0.117415 4.63076e-05 0.00031636 5.4991e-06 0.0007245 0.0134224 0.000138491 0.789822 0.00117939 0.00278187 0.00277817 1.99714e-05 7.48816e-05 0.00515816 0.000120017 0.0105914 0.000316981 0.00421005 
1.18249e-05 0.000333423 0.0226277 6.93229e-10 1.60775e-05 5.48363e-10 4.54831e-05 0.00106811 0.000165494 0.0108991 6.71266e-06 0.00119771 0.278563 1.16375e-05 0.00363564 0.629723 0.000219192 0.000960778 0.0505152 7.67933e-10 
0.123791 0.00494503 0.0410756 6.94012e-07 0.000991506 5.13519e-08 0.000347402 4.63795e-05 9.969e-05 0.0231875 0.000541228 0.00916988 0.785117 3.20286e-05 0.00214019 4.30835e-06 1.45054e-06 0.00654776 0.00195854 2.09921e-06 
0.0103634 0.00495355 0.00499902 0.0216095 0.00100355 1.57295e-07 6.70354e-05 0.0478551 0.039576 0.323811 0.000627827 0.00201594 0.00433684 0.00559516 0.0149293 0.387331 0.00441859 0.112105 0.0143648 3.77278e-05 
0.0308209 0.015256 0.075764 0.000347762 0.0120577 2.6478e-05 0.0031055 0.0107223 0.105818 0.0361577 0.00174231 0.164478 0.00779693 0.00153471 0.114918 0.00404001 0.00474667 0.26099 0.149571 0.000105491 
0.0138704 0.00136032 0.140292 0.000193651 0.00876054 3.04823e-06 5.7701e-05 0.0188503 0.13507 0.014643 0.000174077 0.261249 0.00115201 0.000129537 0.137727 0.00203053 7.48418e-06 0.207443 0.0569122 7.36429e-05 
1.18158e-06 0.456616 0.00440202 4.65489e-05 3.43577e-07 1.67711e-10 2.03571e-05 0.00597079 0.00419352 0.152007 4.15061e-07 0.0504909 0.00623734 6.39195e-06 0.0299683 0.216196 6.40943e-07 0.0718022 0.00204003 2.34865e-10 
0.103006 0.00227066 0.0466351 0.000934741 0.155318 4.88657e-10 0.00241926 0.00496816 0.00625614 0.0882724 7.6555e-05 0.214039 0.00212767 0.000421291 0.0168026 0.0568573 3.61913e-06 0.0145736 0.285017 6.8432e-10 
0.197147 0.00311339 0.0631647 0.000469021 0.00812028 2.92688e-06 0.000267814 0.00866026 0.0129587 0.0671432 0.000721199 0.313214 0.00194365 0.000232126 0.0848193 0.0035247 1.21259e-05 0.0470491 0.187426 1.1641e-05 
0.837425 0.0589597 0.00113958 1.16725e-05 0.00164591 4.66284e-07 0.00531589 5.02756e-07 0.0105584 5.06348e-05 1.45649e-05 0.0287798 8.30533e-05 0.000145579 9.24744e-06 2.66237e-05 0.000405766 0.00168367 0.0537435 6.52989e-07 
0.0152665 0.230348 0.165455 0.00100765 0.0265 4.58267e-05 0.000389636 0.00215394 0.0259636 0.142568 0.0033329 0.0262648 0.143522 0.0106632 0.0540881 0.0171435 0.00485917 0.0796502 0.0501523 0.000626339 
0.109847 0.0674125 0.0766461 0.00013292 0.0118176 1.57121e-06 0.00136617 0.000428319 0.00313673 0.0145718 4.51914e-05 0.025427 0.535293 0.00405978 0.00772923 1.02534e-05 0.000194996 0.132952 0.00892614 2.20034e-06 
0.00295485 7.2102e-05 0.0977937 2.47294e-08 0.000587101 7.10438e-12 3.41681e-08 0.000115993 0.577021 1.97726e-08 5.32552e-09 0.0530088 1.33846e-08 0.000177475 0.00960818 0.0795655 0.000620947 0.176445 0.00202956 9.94904e-12 
0.0998539 0.00268915 0.292141 0.000732252 0.000680762 1.5777e-06 0.0100722 0.000114479 0.0057913 0.0683233 0.000903744 0.0765341 0.00192247 0.000553083 0.106554 0.00604662 0.00149739 0.0627108 0.262876 2.23173e-06 
0.195778 0.0117451 0.0177482 0.142246 0.0333367 1.04244e-07 0.0153798 0.000312118 0.0371071 0.246604 0.0086206 0.132009 0.114096 0.00503535 0.0162859 0.000691662 5.07319e-05 0.0014886 0.0214438 2.18447e-05 
0.0151619 0.00536805 0.0337751 0.000536331 0.00567767 1.65307e-05 0.000531959 0.471582 0.00839908 0.168411 0.00119496 0.013298 0.0165764 0.0378338 0.0118646 0.0510731 0.000833987 0.033715 0.121339 0.0028119 
0.0191474 0.0223209 0.139788 4.49617e-05 0.0120355 1.97414e-06 0.00594937 0.0304444 0.0223146 0.0994005 0.00112908 0.265631 0.0672212 0.0105919 0.0849545 0.0147811 0.000105986 0.0641812 0.132236 0.00772051 
0.039885 0.0178215 0.0988738 1.17797e-05 0.000132288 2.43978e-07 0.000304433 0.0508524 0.00075563 0.0503185 0.000218741 0.0581508 0.642761 9.48031e-05 0.0176657 0.00731561 2.13374e-05 0.00754585 0.00720443 6.62906e-05 
0.00695723 0.000875354 0.0200668 0.000539571 0.00315287 2.82449e-06 0.000611534 0.00198237 0.628552 0.0262105 0.000446394 0.0117816 0.00420885 0.00184618 0.0110474 0.0279579 0.00155645 0.167167 0.0850154 2.14684e-05 
0.271606 0.00768132 0.00411517 5.98778e-06 0.000982855 2.46491e-08 2.82065e-05 7.35346e-05 0.00358077 0.0180286 0.000319204 0.0352961 1.0388e-06 0.000259843 0.00755798 0.00209871 0.396238 0.245969 0.0061583 3.45188e-08 
0.00896674 0.00246127 0.00496238 0.000114615 0.000535012 4.03731e-07 0.000942168 0.0178612 0.0225521 0.021297 0.000194468 0.0066103 0.0105847 0.542741 0.00719346 0.0066256 0.332555 0.00280433 0.0109937 4.51361e-06 
0.073518 0.0099705 0.0318583 0.000977019 0.013186 5.03747e-05 0.00114887 0.0188895 0.0368722 0.0336167 0.00461932 0.127948 0.0710134 0.0494679 0.0515658 0.00185488 0.0350685 0.0660813 0.372194 9.90243e-05 
0.203101 0.0178811 0.0423938 0.000247271 0.0268633 7.4757e-06 0.00369423 0.0125585 0.310088 0.0165888 0.000304539 0.111441 0.0743065 0.00339061 0.0443431 0.00202118 0.00826818 0.0573917 0.0624972 0.00261313 
0.328771 0.000135923 0.0249538 9.8386e-05 0.0010261 9.3864e-12 0.000803059 0.00165816 0.0234769 0.00750082 0.00386553 0.00435933 0.0050219 0.186436 0.00669984 0.00037689 0.189303 0.00827022 0.207243 1.31448e-11 
0.258657 0.0100771 0.0252759 0.00113572 0.058228 0.000544304 0.01411 0.00228384 0.207846 0.0207968 0.000865558 0.133746 0.00788292 0.00156501 0.00955213 0.000797642 0.00283609 0.0498844 0.192449 0.00146685 
0.0736265 0.143631 0.0775338 0.000886544 0.0025814 2.09247e-10 0.010214 0.000119119 0.0116677 0.0772634 0.0322474 0.0333012 0.178525 0.315521 0.00726131 0.000437378 0.000774868 0.0089864 0.0254045 1.80809e-05 
0.490978 0.00353971 0.131944 0.000131253 0.020223 7.13847e-07 0.000194541 0.000188855 0.0139118 0.00906764 0.00615702 0.0400487 0.00138175 0.0248778 0.00693539 0.000160774 0.0163041 0.0817465 0.152185 2.30397e-05 
0.0511677 0.457009 0.0306502 0.00714868 0.000659029 6.77667e-11 1.79159e-05 0.00254836 0.0393712 0.134842 7.63991e-08 0.157021 0.00768642 0.00401472 0.00559023 0.00500016 1.2132e-05 0.0718262 0.0254356 9.49011e-11 
0.00785025 0.0350984 3.3141e-06 9.35019e-06 5.50642e-06 5.75689e-09 0.0510301 0.000590313 0.00114876 0.140755 0.000244321 0.524333 0.223374 0.00290327 0.00151325 6.88828e-07 0.000563853 0.0105662 1.06334e-05 8.062e-09 
0.140843 0.000355499 0.0261869 7.6203e-05 0.000467203 1.24783e-11 5.96333e-06 0.000557575 0.0726564 0.00780187 2.13995e-06 0.00767467 1.38344e-06 0.00629039 0.0030375 0.179319 0.519734 0.00967487 0.0253158 1.74747e-11 
0.0234315 0.0106042 0.0810581 0.000186559 0.0660726 7.2446e-05 0.00232515 0.00622162 0.140641 0.063608 0.00107077 0.149356 0.0368444 0.00410386 0.124278 0.0182454 0.00160503 0.194617 0.0747764 0.000881592 
0.213823 0.0172774 0.0945091 3.62066e-05 0.241056 3.97996e-07 0.0172041 2.10812e-05 0.000834151 0.050912 0.000912114 0.157619 0.0361162 0.000504951 0.00735589 4.07185e-05 5.00947e-06 0.123822 0.0379495 1.66563e-06 
0.0205724 0.0245361 0.0217592 0.00100418 0.00127217 7.76931e-06 0.0197585 0.0096926 0.00214282 0.0138515 0.000140029 0.147134 0.609592 0.000402163 0.00505792 5.34143e-05 9.63891e-05 0.0560181 0.0668944 1.37346e-05 
0.577046 0.0184732 0.018939 0.000167648 0.0108819 7.82339e-05 0.000288508 0.0087823 0.00410451 0.0363605 0.00561527 0.138303 0.0170487 0.0011274 0.032689 0.0025737 0.0046644 0.0310938 0.089417 0.00234596 
9.05343e-05 0.0108932 0.0184612 7.14392e-07 0.00382473 7.85935e-10 0.000202565 0.00768604 0.0751385 0.086876 2.05858e-07 0.0872596 0.00393381 0.000515788 0.501727 0.100992 5.38338e-05 0.0936455 0.00869855 1.10063e-09 
0.0484717 0.0297571 0.0116988 0.116567 0.00363711 1.08914e-07 4.66429e-05 0.0147456 0.0395766 0.209264 0.000277512 0.00930843 0.00679948 0.00489557 0.0110704 0.327393 0.00387928 0.128059 0.0345505 1.49358e-06 
0.101993 0.00116941 0.00350489 0.000460439 0.00578465 7.07475e-09 0.0100354 9.89588e-05 0.00644467 0.0068577 0.00011613 0.617504 0.00428174 0.034363 0.00273038 6.45325e-05 9.47449e-05 0.0061104 0.198376 9.96231e-06 
0.0545645 5.3599e-06 0.00146762 3.13226e-07 0.000891983 1.0182e-10 1.48372e-07 2.33908e-06 0.00822679 7.48927e-05 1.8652e-05 0.00841012 0.000308196 0.00494726 0.00410153 3.25683e-09 0.799078 0.0122855 0.0303436 0.0752727 
0.523255 0.00455556 0.00843133 0.000443398 0.156281 1.06935e-08 0.00346731 0.00446729 0.0136917 0.0311808 8.88334e-05 0.0900608 0.0197902 0.00563226 0.0042533 0.000332446 0.00307539 0.00825167 0.0748964 0.0478456 
0.0492576 0.00269346 0.0663601 0.00804305 0.00114764 5.12012e-11 0.000323549 0.0119818 0.132076 0.0233973 3.43321e-05 0.0293502 0.000862883 0.47694 0.0101599 0.0527468 0.0124781 0.0865505 0.0355965 1.00746e-10 
0.232903 0.00212075 0.0194278 0.000670972 0.0784163 3.58102e-07 0.000301314 0.000478087 0.0136252 0.0201886 0.000232416 0.341555 0.0015695 0.000200604 0.0407766 0.000737634 0.0141142 0.075782 0.156869 3.10272e-05 
0.614371 0.0294169 0.0864196 2.93583e-05 0.0231184 9.8054e-07 0.000923319 0.00995962 8.02582e-06 0.0222608 1.57668e-06 0.0640794 0.0267889 2.32053e-05 0.000319085 0.0006115 0.000281245 0.0205027 0.100499 0.000386005 
