0.000360881 5.18193e-05 0.0185822 0.000252028 0.00232247 4.71582e-08 5.31316e-05 4.00781e-06 0.413659 0.00107492 7.52187e-07 0.0598575 5.9557e-05 3.29521e-05 0.0187761 1.74332e-05 2.0687e-05 0.425235 0.0596374 1.94756e-06 
0.0306377 0.000982762 0.00379222 1.93646e-06 6.00064e-05 1.09762e-09 2.0119e-05 0.000174709 0.00440943 0.0103486 0.000623944 0.0164008 0.0196887 0.542246 0.0078902 0.000134626 0.280291 0.0105795 0.0717175 1.53711e-09 
0.129859 0.00678742 0.00683851 0.000147031 0.00360007 5.63467e-07 2.09658e-05 0.00235663 0.418527 0.00514022 0.000876227 0.061067 0.000427043 0.000258205 0.0545221 0.000519951 0.000258665 0.25751 0.0510493 0.000233949 
0.0272825 0.00458272 0.00713712 5.27033e-08 0.00176671 1.51177e-11 0.000511263 0.000435824 0.00333159 0.00612057 0.000268187 0.383923 0.01256 0.000971755 0.0238024 0.00012427 1.6202e-05 0.00178452 0.525381 2.11709e-11 
0.00319608 0.0115386 0.0220348 6.39196e-10 0.00708966 5.05621e-10 5.10078e-08 1.61914e-06 0.2985 0.0279108 1.23334e-07 0.0139472 0.000563699 9.32627e-07 0.0018852 0.000560539 0.00010554 0.610267 0.00239856 7.08076e-10 
0.0125171 0.00190889 0.00962229 2.30391e-05 0.00367221 4.168e-13 5.3611e-05 4.81777e-09 0.495691 0.00118354 2.60826e-09 0.14725 1.78461e-09 1.74241e-08 0.0150708 0.000125108 1.61022e-08 0.311156 0.00172671 5.83691e-13 
0.0364803 0.020911 0.0397723 2.38049e-06 0.00963831 2.33734e-06 0.00595053 0.00330713 0.215289 0.0428835 0.000901479 0.135542 0.00564523 0.000308298 0.0784187 0.0331829 6.21605e-05 0.359448 0.0122486 5.21502e-06 
0.0104283 0.887962 0.00692545 4.70445e-06 4.57359e-08 9.68975e-11 3.99559e-05 3.76779e-07 0.000762781 0.0629657 6.56283e-05 0.00411475 0.000458282 7.65477e-07 0.000812983 6.66926e-05 1.77143e-08 0.0240468 0.00134504 3.42968e-08 
0.1942 0.00432992 0.00850645 2.83443e-06 0.00179362 1.19725e-10 0.000462508 0.0165549 0.0685082 0.096896 0.000320533 0.0313102 0.0210997 0.396509 0.0207767 0.00779613 0.0390155 0.00779806 0.0841194 3.34732e-10 
0.414303 0.00194775 0.0297806 0.00355853 0.198006 7.08547e-06 0.00238794 0.00707685 0.0156223 0.0239057 2.19609e-05 0.149051 0.00124902 4.81694e-05 0.0248379 0.000323977 0.000101108 0.05331 0.0743008 0.000161174 
8.56528e-05 0.000471656 0.298986 7.52906e-09 4.46083e-05 2.59771e-12 4.83132e-05 1.78663e-08 0.0211328 0.00435606 1.03131e-08 0.0854232 0.00131603 0.00042685 0.451986 0.0125189 1.58529e-05 0.0878203 0.0353678 3.63785e-12 
0.00129567 0.00324542 0.0118225 2.81358e-05 0.00136506 4.64679e-12 4.68211e-06 0.125149 0.0093921 0.0852059 3.79299e-05 0.0111779 0.0136716 0.00140569 0.000490063 0.712461 1.41797e-05 0.0133912 0.00984222 6.50741e-12 
0.0432035 0.00530403 0.048734 8.48338e-05 0.218926 5.78202e-05 0.000522845 0.00801393 0.0325592 0.0490345 0.00270131 0.0479743 0.0341102 0.00382138 0.149315 0.000411542 0.000232836 0.0876622 0.264076 0.00325443 
0.0429105 0.00217957 0.0316619 6.65815e-11 0.00708981 5.26677e-11 5.61126e-07 0.0089411 0.0162723 0.0271784 0.00188073 0.0947628 0.00320916 0.00492822 0.443774 0.00765141 0.0178667 0.129009 0.160684 7.37564e-11 
0.0406335 0.000735841 0.00281516 0.293515 0.00244637 3.01289e-11 7.95008e-05 7.39272e-05 0.0193106 0.00435028 6.3023e-07 0.000436793 0.448166 0.00109733 9.21012e-07 0.00176628 0.00473568 0.00224361 0.177593 6.91483e-10 
0.0774756 0.00975497 0.0221919 0.0015549 0.00730102 2.92293e-05 0.0012106 0.00388055 0.301299 0.04423 0.0165771 0.13189 0.0033151 0.00109404 0.109143 0.000512861 0.00371923 0.115952 0.148428 0.000441087 
0.413073 0.00740545 0.0152433 0.00422366 0.00413287 9.87889e-07 0.00339135 0.00136193 0.0146781 0.0125155 0.00106384 0.0942633 0.0110517 0.137785 0.0890687 0.000683983 0.000187109 0.0934658 0.0961889 0.000216117 
0.557124 0.0403357 0.00989841 0.000248326 0.00180797 2.00966e-05 0.00323655 0.0116746 0.0245583 0.0406093 0.00166148 0.0692277 0.059988 0.0267678 0.0523538 0.00245989 0.000249869 0.0414308 0.0561148 0.00023264 
0.953143 0.000195376 0.00439801 4.2937e-05 0.0125714 2.34125e-10 0.000298317 2.04767e-07 0.000722862 0.000194845 9.08309e-06 0.00405083 0.00104106 2.01085e-06 5.34225e-05 1.5768e-05 0.00304224 0.0116933 0.0085202 5.11535e-06 
0.313803 0.00642212 0.107477 1.80454e-06 0.0010578 4.37394e-10 9.40969e-05 0.000270516 0.0148689 0.0378719 0.00292638 0.0782824 0.0268618 0.0786268 0.0931214 0.00705552 0.00367078 0.0910929 0.113687 0.0228085 
0.275824 0.0106566 0.0338672 0.287772 0.0045241 9.80461e-11 0.000895181 0.000774161 0.00721971 0.0619961 1.327e-05 0.0789143 0.00114028 0.000663559 0.000258009 0.00646323 5.07719e-06 0.173475 0.0555395 1.37305e-10 
0.0150517 0.0178817 0.313027 0.000514488 0.0230275 8.62809e-06 0.00114191 0.0345571 0.0597842 0.190243 0.00192439 0.072491 0.0200731 0.0017463 0.0673687 0.0238191 0.00086825 0.118636 0.0376098 0.000226683 
0.0658074 0.145006 0.00224763 4.97476e-06 0.172 1.48924e-07 0.235036 0.0224118 0.00478615 0.067115 0.024746 0.0268559 0.0819606 0.000235289 0.0894922 0.00258723 0.000377745 0.0168032 0.0425262 2.08555e-07 
0.0339291 0.0140275 0.0334938 0.000405431 0.00293081 0.000238351 0.22372 0.0108228 0.0764132 0.0404988 0.000999662 0.133204 0.0367744 0.00166078 0.10038 0.000700901 0.00807938 0.122194 0.151048 0.00847893 
0.136104 0.0077208 0.232209 0.00214645 0.000260972 1.08259e-10 0.000495905 0.00012503 0.0469912 0.225536 3.54299e-06 0.00590954 0.00886086 0.0646789 0.000586861 0.000876054 0.241888 0.0167391 0.00886813 1.51607e-10 
0.022209 0.00834581 0.00547719 0.00690767 0.0591843 3.52981e-06 7.55463e-05 0.1398 0.0716192 0.141776 0.00135454 0.016237 0.000419974 0.00126915 0.0437631 0.143307 0.000506138 0.24919 0.0885427 1.28931e-05 
0.0275972 0.000777053 0.029698 0.00101375 0.0044021 3.45651e-09 0.000350556 0.0287322 0.20545 0.0248232 5.43417e-05 0.0746717 0.000603256 0.0119618 0.0533124 0.0735566 0.0122122 0.229975 0.220808 5.65959e-07 
0.444237 0.00138571 0.00906674 0.00082089 0.00885096 1.85462e-11 1.1922e-05 8.16904e-06 0.00242831 0.000244084 0.000115814 0.265099 0.000152832 7.43621e-08 0.0181353 9.45078e-06 3.17743e-06 0.129004 0.120426 6.42622e-08 
0.0884679 0.00671115 0.00950209 0.0112323 0.00618219 6.96617e-07 0.000301132 0.00177232 0.092919 0.0193545 0.00144997 0.0165125 0.00978186 0.442405 0.0294376 0.000565936 0.0230877 0.022234 0.21808 1.78744e-06 
0.00851507 0.000201162 0.00171871 0.0234407 0.00157557 9.86653e-09 0.000659498 0.00172726 0.0135467 0.00160278 0.00134111 0.00105412 0.00233399 0.0113259 0.00195995 0.00139983 0.0299689 0.00372407 0.893903 1.39554e-06 
0.103467 0.006133 0.029706 0.000799761 0.04892 9.29189e-05 0.000254855 0.0119411 0.029686 0.0257601 0.00511203 0.122446 0.0138005 0.000986841 0.129612 0.00361949 0.000360279 0.117691 0.349501 0.000110126 
0.0116188 0.000726317 0.0348345 5.78041e-05 0.0171877 8.4915e-07 0.000149109 0.0247938 0.374083 0.0533462 0.0015261 0.273631 0.0071229 0.00146395 0.0232901 0.00603253 5.66881e-05 0.129296 0.0407767 5.97099e-06 
0.0616142 0.00439641 0.0426548 0.00119397 0.0115101 9.37911e-06 0.000359978 0.00250879 0.247781 0.0311103 0.000517114 0.0615506 0.0196948 0.00165147 0.00445508 0.0296161 0.033071 0.366835 0.0794204 4.91127e-05 
0.0650889 0.0244076 0.0387064 0.00153309 0.105716 0.000327358 0.00237025 0.0158871 0.109806 0.0332239 0.00545096 0.125224 0.00744474 0.00204348 0.0787415 0.0084548 0.00420735 0.281987 0.0881333 0.00124669 
0.000190476 0.404483 0.0119863 4.77424e-05 0.00189602 1.56935e-06 9.57176e-06 0.00013908 0.000426594 0.0591134 0.351555 0.100807 0.00174439 5.91911e-05 0.0260393 0.0108192 7.79725e-05 0.014016 0.0144666 0.00212146 
0.44332 0.00139758 0.0650704 5.58598e-05 0.0185237 1.08178e-10 0.00473348 0.0438161 0.00460824 0.068693 0.0120842 0.0236468 0.0149052 0.0504535 0.0146247 0.0022414 0.000936339 0.0169174 0.213972 1.18375e-07 
0.616166 0.00745404 0.00134206 1.10721e-05 0.000598343 1.46846e-08 0.00014752 9.8108e-06 0.00299033 0.0272353 0.00189438 0.0840201 0.0035058 0.030749 0.0310298 0.00127869 0.00674118 0.0277894 0.157038 3.04401e-08 
0.203184 0.127366 0.0718689 0.00638414 0.00120824 3.15935e-07 0.000857281 0.000598165 0.0203302 0.04289 8.93332e-05 0.0983473 0.121525 0.00396679 0.0119581 0.00342986 0.000230863 0.259839 0.0259259 4.77091e-07 
0.036649 0.00655821 0.0395287 0.0028681 0.00672338 9.50007e-06 0.00341541 0.0118816 0.0273136 0.0251375 0.00272043 0.102769 0.00586538 0.00225296 0.31442 0.00863789 0.000779991 0.161253 0.240815 0.000401781 
0.0349347 0.0595673 0.0271116 0.000105457 0.00020496 1.72202e-11 0.00991723 0.234198 0.00749193 0.363444 0.000103778 0.180358 0.00115631 0.000328314 0.000393679 0.00287338 2.42519e-05 0.00544444 0.0723423 3.6731e-08 
0.00600932 0.000878936 0.0277788 0.00127528 0.00483244 1.02835e-08 5.47526e-05 0.00417761 0.318568 0.0421938 0.00297833 0.0268694 0.000790159 0.00277536 0.00729945 0.0350266 0.00279259 0.433782 0.0819164 6.25357e-07 
0.013429 0.00347466 0.280605 0.000156478 0.00169922 8.51564e-06 0.000110843 0.0176676 0.128218 0.0406037 0.000618702 0.0499829 0.00649925 0.000219135 0.0473505 0.00658539 0.00203652 0.388242 0.0121822 0.000309943 
0.0411872 0.00554889 0.0183109 0.000378693 0.552825 2.51232e-06 0.00190755 0.00828461 0.0149136 0.0236587 0.00102961 0.137013 0.00453541 0.00027569 0.0400104 0.00116614 0.00426805 0.0880093 0.0566606 1.38079e-05 
0.0354135 0.00458247 0.309991 0.000294101 3.15282e-05 1.04105e-07 0.00656118 0.0197879 0.0416379 0.0337777 0.263915 0.00130353 0.0902521 0.0358576 0.0403079 0.00861496 0.00971709 0.0584496 0.039504 1.63118e-07 
0.139885 8.87497e-06 0.000566304 0.000441219 0.00122845 1.3296e-12 1.96464e-05 5.3817e-06 0.00721206 4.36602e-05 1.63942e-05 0.0860854 1.15992e-06 0.000546625 0.0212828 2.25901e-06 0.0049075 0.00142622 0.736321 1.86199e-12 
0.000385347 0.0039976 0.00186357 1.16897e-05 0.000288485 1.02555e-10 0.000114859 0.00171132 0.00135759 0.0469443 5.51677e-05 0.00369396 0.86037 6.55607e-05 0.026108 0.0146349 3.04076e-05 0.0283987 0.00334419 0.00662385 
0.0343131 0.085762 0.0387731 7.1402e-07 0.0106281 6.22135e-08 0.000483341 0.00164758 0.0153963 0.20063 0.000260965 0.0635047 0.445252 5.88514e-05 0.0211802 0.00434302 1.36227e-05 0.0475345 0.0301411 7.7052e-05 
0.0475907 0.00730758 0.0931402 0.00251324 0.0096172 5.03038e-06 0.0015823 0.0118111 0.0747602 0.0939547 0.0105185 0.118005 0.0320844 0.000858062 0.243228 0.00877277 0.00126873 0.144808 0.0980756 9.93479e-05 
0.0232664 0.00629477 0.0997549 1.51166e-05 0.0249022 1.01571e-07 0.00010846 0.0107373 0.0542424 0.101671 0.00116066 0.0487884 0.0102207 0.00528307 0.410287 0.00288541 3.0936e-05 0.147919 0.0524321 3.50898e-07 
0.132638 0.000426432 0.00239393 8.8246e-05 0.00946938 2.32385e-10 0.00167024 0.0136621 0.0177638 0.0372435 0.000107248 0.0184318 0.00445195 0.166323 0.0553358 0.00080575 0.469427 0.0037995 0.0659617 6.7628e-07 
0.0838529 0.0142717 0.368973 0.000101401 0.0762558 9.44518e-05 0.00367622 0.0271282 0.0167035 0.0921713 0.00347585 0.0555355 0.131244 0.00559563 0.0516467 0.000959636 0.00130195 0.014502 0.0489143 0.00359642 
0.20074 0.00375243 0.0449369 5.01942e-06 0.00299153 5.23076e-07 0.00150385 0.00609786 0.158827 0.027062 0.00169283 0.197345 0.0328631 0.00753979 0.120924 0.00152737 8.53591e-05 0.123909 0.068194 1.60488e-06 
0.0133741 0.0190284 0.0125506 4.33834e-05 0.00175558 1.81875e-12 2.17542e-06 0.00112629 0.00458664 0.0579329 5.79489e-08 0.143256 0.00777256 0.000205117 0.229266 0.0128367 7.22634e-05 0.0801561 0.416035 2.54699e-12 
0.0963184 0.00618035 0.0338669 0.00317775 0.00104036 7.32806e-08 0.00239501 0.00725977 0.0609737 0.0324136 0.00845672 0.0160735 0.0106939 0.411811 0.0392913 0.00110413 0.127918 0.0128987 0.127819 0.000307377 
0.0021096 0.00587698 0.0724695 0.000136494 0.0307092 7.93663e-07 3.36346e-05 0.174494 0.00365961 0.414494 0.000394559 0.0155302 0.0104831 0.000115366 0.0622901 0.144103 2.62634e-05 0.048592 0.00936122 0.00512042 
0.0695894 0.00137548 0.0595001 1.231e-06 0.15957 3.38894e-08 1.39579e-06 0.0215267 0.032696 0.00358305 0.000176594 0.289456 0.00239406 7.65491e-06 0.0673854 1.77367e-05 2.1849e-05 0.139181 0.153516 4.31078e-07 
0.018421 0.145902 0.0265832 6.09118e-06 0.0220578 4.04607e-07 0.00784182 0.108452 0.0845898 0.0373431 0.000643337 0.071752 0.0075381 0.0072786 0.395298 0.0282844 0.00014015 0.0222809 0.0155855 5.66616e-07 
0.0742089 0.00369541 0.0146945 9.6009e-05 0.0168027 1.61396e-06 2.0932e-05 0.0028273 0.0165478 0.00778993 3.58115e-05 0.398265 0.0584108 2.37528e-05 0.0382638 0.000814244 1.62394e-05 0.0393383 0.327931 0.000215918 
0.0621894 0.00131339 0.00791105 0.000718639 0.607736 6.66507e-05 0.00324149 0.00187899 0.0108901 0.0353501 0.00348093 0.0381883 0.0109559 0.00179578 0.00432209 0.00849947 0.00124885 0.0822436 0.116222 0.00174719 
0.0066608 0.0844712 0.0123305 0.000341339 0.000890943 2.49993e-07 0.000743006 0.193727 0.0029785 0.529207 0.000410734 0.0155975 0.00785409 0.00824875 0.0385657 0.0523989 1.27119e-05 0.0274574 0.0181038 3.50326e-07 
0.000217808 3.90424e-05 0.253655 1.14167e-08 1.66458e-07 3.43192e-10 2.2292e-06 0.00554832 0.0101775 0.213864 4.87153e-08 0.00247746 0.00354798 2.3454e-07 0.00577724 0.492941 5.51173e-09 0.00276536 0.00898657 4.8061e-10 
0.0500004 0.0087717 0.00860522 3.02355e-06 0.0795655 1.65812e-10 6.06654e-05 0.000391117 0.113468 0.018974 3.42949e-05 0.499139 0.00482275 5.15749e-05 0.0374586 0.000245935 6.05067e-05 0.166498 0.0118492 2.32205e-10 
0.00118983 0.00128441 0.00023491 6.09683e-12 2.91635e-08 4.82275e-12 8.21786e-08 0.914453 0.00229435 0.0513828 2.01826e-07 2.40393e-07 3.95376e-05 0.0037093 0.0161215 0.00717548 8.20563e-05 0.000555589 0.00147647 6.75383e-12 
0.0833468 0.00844047 0.00818882 0.00763885 0.00115639 1.39851e-07 0.00209805 0.0072651 0.107126 0.0261262 0.0045621 0.0184442 0.00888166 0.397089 0.0947856 0.000769427 0.0747855 0.0292274 0.119551 0.000517378 
0.202723 0.00606943 0.000206875 0.00104813 0.010114 1.94808e-11 2.73409e-06 0.00398341 0.00765772 0.0244689 0.115022 0.250953 0.0421895 0.0154949 0.0104476 1.31198e-06 0.271176 0.00274077 0.0357012 1.32228e-09 
0.205048 0.302935 0.0879086 0.000385028 0.0110603 1.3222e-06 0.0443818 0.00110604 0.0893817 0.099915 0.00023185 0.00818305 0.0139627 0.0538839 0.00354246 0.000553209 0.00907715 0.048893 0.0194957 5.41243e-05 
0.0496244 0.00873495 0.00958507 0.00025177 0.016958 1.11868e-05 0.00245865 0.000579264 0.0407992 0.0440235 0.00218801 0.39864 0.0382313 0.000415114 0.303484 0.000558962 3.81205e-05 0.00948971 0.0738185 0.000110259 
0.0025329 0.0797566 0.0218188 1.28249e-06 0.00035168 6.11435e-11 3.73646e-05 0.000131145 0.0068926 0.0642225 3.64908e-08 0.151942 0.000852192 6.1463e-05 0.165486 0.0169443 1.02602e-05 0.458183 0.0307746 1.86221e-09 
0.129859 0.00678742 0.00683851 0.000147031 0.00360007 5.63467e-07 2.09658e-05 0.00235663 0.418527 0.00514022 0.000876227 0.061067 0.000427043 0.000258205 0.0545221 0.000519951 0.000258665 0.25751 0.0510493 0.000233949 
0.000217808 3.90424e-05 0.253655 1.14167e-08 1.66458e-07 3.43192e-10 2.2292e-06 0.00554832 0.0101775 0.213864 4.87153e-08 0.00247746 0.00354798 2.3454e-07 0.00577724 0.492941 5.51173e-09 0.00276536 0.00898657 4.8061e-10 
0.0272825 0.00458272 0.00713712 5.27033e-08 0.00176671 1.51177e-11 0.000511263 0.000435824 0.00333159 0.00612057 0.000268187 0.383923 0.01256 0.000971755 0.0238024 0.00012427 1.6202e-05 0.00178452 0.525381 2.11709e-11 
0.0329568 0.0197671 0.0774919 0.000705762 0.0505871 3.68657e-05 0.00104045 0.0101497 0.0359683 0.104199 0.00121063 0.154987 0.00882996 0.00559174 0.0907786 0.0061146 0.000305776 0.336282 0.0624099 0.000585982 
0.155734 0.0114007 0.00628345 0.00185033 0.00295512 1.88592e-06 0.000120869 0.00185945 0.167931 0.0553045 0.000236669 0.0757932 0.000649377 0.0269437 0.0165368 0.0854483 0.0225232 0.295116 0.0733047 7.40377e-06 
0.260737 0.0122965 0.0567887 0.00245031 0.0286296 0.000120295 0.00112747 0.0013473 0.136821 0.124997 0.087663 0.0416553 0.00687287 0.115978 0.00682252 0.00251893 0.0109215 0.0274155 0.0728747 0.00196222 
0.0749236 0.00483339 0.0575278 0.0014462 0.0408737 0.000105907 0.000949964 0.0183056 0.0520195 0.0363359 0.00165639 0.215912 0.0102222 0.00183922 0.141187 0.0180718 0.00254999 0.161852 0.157162 0.00222559 
0.326332 0.0660999 0.0211368 0.0136098 0.0150815 1.74346e-07 1.06462e-06 0.000253411 0.0626354 0.100183 0.000526791 0.0822105 0.000212094 0.0237316 0.00308189 0.014926 0.00685911 0.192215 0.0708292 7.53389e-05 
0.00259995 0.0108245 0.00429121 7.0092e-12 0.0678832 5.54446e-12 0.000944114 0.115672 0.025384 0.0178658 1.51437e-08 0.474854 0.00119433 0.000143625 0.090214 0.00228347 5.13188e-05 0.070514 0.115281 7.76452e-12 
0.0152264 0.0223595 0.0465947 4.60619e-06 0.0208754 2.69269e-09 4.74269e-07 0.00198988 0.00252427 0.853549 0.00280943 0.00574591 0.0193121 8.1623e-08 3.2679e-06 0.00739505 1.18859e-05 0.0015964 1.32548e-06 3.77087e-09 
0.00535336 0.0702323 0.150738 8.69156e-05 0.00138218 1.89427e-08 0.000499046 0.00272563 0.00135442 0.358974 0.00280604 0.0391034 0.0934167 0.00065682 0.123399 0.0626619 2.66043e-05 0.0641919 0.0223919 2.65276e-08 
0.0189687 0.00192655 0.0215348 5.14203e-06 0.0143816 5.54622e-09 6.56458e-05 0.000150167 0.774621 0.00760332 8.59243e-07 0.0311585 0.000333824 3.07372e-05 0.014935 0.000807195 0.000156929 0.094867 0.0184534 1.2643e-08 
0.0514701 0.00297537 0.00243928 0.000346828 0.513546 1.22952e-06 1.74105e-05 0.0135827 0.00922211 0.0162858 1.02528e-05 0.0741086 0.00573807 1.00601e-05 0.0227396 0.000126847 4.60885e-06 0.177641 0.0920503 0.0176843 
0.00896674 0.00246127 0.00496238 0.000114615 0.000535012 4.03731e-07 0.000942168 0.0178612 0.0225521 0.021297 0.000194468 0.0066103 0.0105847 0.542741 0.00719346 0.0066256 0.332555 0.00280433 0.0109937 4.51361e-06 
0.00896674 0.00246127 0.00496238 0.000114615 0.000535012 4.03731e-07 0.000942168 0.0178612 0.0225521 0.021297 0.000194468 0.0066103 0.0105847 0.542741 0.00719346 0.0066256 0.332555 0.00280433 0.0109937 4.51361e-06 
0.0538094 0.00287409 0.0076043 0.0143024 0.000387764 7.53862e-12 0.000174294 0.0146268 0.011065 0.0348613 5.56145e-05 0.0059032 0.00115425 0.766156 0.00355007 0.0039756 0.0129505 0.0220845 0.0444654 5.29493e-11 
0.0492385 0.00384723 0.173193 2.62126e-06 0.0306649 2.36131e-07 1.72163e-05 0.00660206 0.0628526 0.0717445 0.000688097 0.101403 0.0280233 0.0023971 0.266325 0.00224171 2.91908e-05 0.172249 0.0284795 1.54441e-06 
0.0116487 0.0543812 0.275168 0.00471882 8.02499e-06 1.24169e-08 0.000145616 0.201448 0.0108445 0.371498 0.000141372 0.0164412 0.00510299 0.00109098 0.00287586 0.0088735 5.62164e-06 0.0187263 0.0168815 3.06854e-08 
0.00896674 0.00246127 0.00496238 0.000114615 0.000535012 4.03731e-07 0.000942168 0.0178612 0.0225521 0.021297 0.000194468 0.0066103 0.0105847 0.542741 0.00719346 0.0066256 0.332555 0.00280433 0.0109937 4.51361e-06 
0.00455142 0.0758931 0.0196616 5.64486e-05 4.28012e-08 7.40458e-09 0.00993321 0.130078 0.00525616 0.515038 0.00201895 0.0491807 0.00101596 0.00277448 0.0148704 0.126969 0.000135397 0.0391961 0.00337022 1.8919e-07 
0.0230012 0.0784615 0.116229 9.16965e-05 0.0241988 4.34859e-05 0.000279254 0.00741969 0.0580547 0.0492622 0.0366931 0.0307295 0.426134 0.00184401 0.0354338 0.0103429 5.20294e-05 0.050544 0.0510754 0.000110424 
1.18249e-05 0.000333423 0.0226277 6.93229e-10 1.60775e-05 5.48363e-10 4.54831e-05 0.00106811 0.000165494 0.0108991 6.71266e-06 0.00119771 0.278563 1.16375e-05 0.00363564 0.629723 0.000219192 0.000960778 0.0505152 7.67933e-10 
0.0573522 0.0146182 0.0250685 0.00616245 0.00194378 2.58838e-09 0.00147775 0.012339 0.328248 0.0912661 0.00165417 0.0196981 0.00665054 0.269165 0.00729463 0.00424746 0.0499979 0.0548388 0.0479773 5.12215e-09 
0.00227277 0.00899966 0.00225637 2.24868e-06 0.00250946 1.51346e-08 2.0818e-05 0.0222887 0.00173004 0.517833 0.000312064 0.0428816 2.62542e-05 2.46848e-05 0.000119748 0.372785 2.58093e-07 0.0250819 0.000855515 5.07973e-08 
0.000115233 0.000510042 0.0239363 7.26368e-06 7.11477e-05 4.32234e-11 4.36852e-05 0.000447299 0.000755278 0.00638741 0.000131597 0.00963328 0.0055071 0.899431 0.0149068 0.0148556 0.000369657 0.0104135 0.0124783 6.05305e-11 
0.184246 0.0740301 0.0322637 0.000127391 0.0014624 4.42947e-05 0.00362132 0.0119346 0.00073222 0.217454 0.00355219 0.060717 0.118657 0.000895029 0.138154 0.00690982 0.000335718 0.108686 0.0353958 0.000781846 
0.025911 0.0160818 0.0592231 0.000189475 0.00538821 1.33624e-07 0.0180644 0.00113916 0.00812806 0.0494824 6.97338e-05 0.0702603 0.550972 0.000247089 0.115809 0.0198969 0.00175677 0.0127676 0.044613 1.87129e-07 
0.00111045 0.0017722 0.0188713 7.90352e-06 0.0397259 3.09715e-06 0.000189643 0.0296036 0.0671526 0.0251289 0.000212444 0.0284579 0.00176433 4.97446e-05 0.00156809 0.000264594 6.97204e-05 0.750928 0.0330561 6.37711e-05 
0.000385347 0.0039976 0.00186357 1.16897e-05 0.000288485 1.02555e-10 0.000114859 0.00171132 0.00135759 0.0469443 5.51677e-05 0.00369396 0.86037 6.55607e-05 0.026108 0.0146349 3.04076e-05 0.0283987 0.00334419 0.00662385 
0.00465262 6.54059e-06 0.364035 1.59879e-10 4.20648e-07 1.26469e-10 0.00928636 2.25513e-06 0.0541331 6.7049e-06 1.3016e-06 0.435892 0.0523065 3.02724e-06 6.09214e-05 5.82806e-05 0.000256487 9.12605e-06 0.0792897 1.77108e-10 
8.56528e-05 0.000471656 0.298986 7.52906e-09 4.46083e-05 2.59771e-12 4.83132e-05 1.78663e-08 0.0211328 0.00435606 1.03131e-08 0.0854232 0.00131603 0.00042685 0.451986 0.0125189 1.58529e-05 0.0878203 0.0353678 3.63785e-12 
0.00985624 0.0384072 0.12212 1.5936e-06 0.0103127 5.37243e-07 0.00333031 0.00126379 0.017396 0.114073 9.29135e-05 0.0490695 0.121973 0.00392712 0.171368 0.132896 0.000275963 0.188796 0.0148242 1.73517e-05 
0.134626 0.000900361 0.00023794 0.00647214 0.0139814 8.77764e-13 0.000318659 1.65919e-05 0.00906928 0.000913204 1.98014e-08 0.00746546 0.00381104 2.42711e-09 6.70534e-08 0.000242249 1.43819e-09 0.00108356 0.820862 1.22923e-12 
0.0272825 0.00458272 0.00713712 5.27033e-08 0.00176671 1.51177e-11 0.000511263 0.000435824 0.00333159 0.00612057 0.000268187 0.383923 0.01256 0.000971755 0.0238024 0.00012427 1.6202e-05 0.00178452 0.525381 2.11709e-11 
0.0520717 0.00891157 0.075072 7.07521e-05 0.0478004 4.03433e-05 0.00312971 0.0159747 0.0272399 0.0335689 0.00033471 0.097664 0.108066 0.0106652 0.042875 0.00723049 0.000116024 0.0204318 0.44749 0.00124707 
8.56528e-05 0.000471656 0.298986 7.52906e-09 4.46083e-05 2.59771e-12 4.83132e-05 1.78663e-08 0.0211328 0.00435606 1.03131e-08 0.0854232 0.00131603 0.00042685 0.451986 0.0125189 1.58529e-05 0.0878203 0.0353678 3.63785e-12 
0.00176784 1.81343e-05 0.00931194 7.08926e-08 0.764685 1.11447e-11 7.00663e-06 0.00128918 0.0197629 0.000603268 2.05691e-06 0.0168538 2.80242e-05 2.51341e-05 0.00882971 5.23526e-05 1.27921e-08 0.154078 0.0226851 1.56072e-11 
0.183299 0.00235744 0.139038 0.000747081 0.0577099 7.61355e-11 0.000123985 3.33736e-08 0.0296424 0.111162 0.00112721 0.0537342 0.165354 0.00120716 0.0209589 0.00439982 0.000572148 0.0710786 0.0796207 0.0778673 
0.0278599 0.0960018 0.0487017 0.000523726 0.00444928 4.09738e-05 0.000616241 0.00460485 0.0408962 0.274658 0.00766776 0.023879 0.340086 0.00317035 0.0175594 0.00542315 0.00158564 0.0407062 0.0599568 0.00161335 
0.00907542 0.00559261 0.0289435 0.000107614 0.0178073 2.15124e-05 0.000330824 0.0198528 0.21721 0.0306121 0.000220523 0.0667694 0.00494317 0.000960767 0.315187 0.00558757 0.00281763 0.247016 0.0268905 5.36122e-05 
0.106091 0.00216203 0.0161307 1.17064e-06 0.00677185 2.30644e-07 0.00011783 0.00371777 0.00923518 0.0212429 1.63168e-06 0.291341 0.0061518 2.4741e-05 0.295577 0.00202217 9.47879e-05 0.165272 0.0740396 5.30505e-06 
0.0913988 0.00237581 0.0524655 0.000213559 0.000508382 5.39865e-10 0.000842538 0.0428719 0.07073 0.0819821 0.000505322 0.0366557 0.00359199 0.0543511 0.332701 0.0109204 0.00469845 0.0274182 0.185769 1.20936e-09 
0.000291726 0.268979 0.00451102 3.89984e-06 0.00202472 4.11973e-07 0.00121624 0.000734052 0.000151564 0.0290802 1.72157e-05 0.0120369 0.0768662 0.566096 0.000786952 0.0334886 1.17671e-05 5.61715e-05 0.00363856 9.16498e-06 
0.569254 0.00272855 0.0417069 1.41511e-05 0.0102889 2.35024e-06 0.000196642 0.00138667 0.00287891 0.00183831 0.00078713 0.0579437 0.00243511 0.0327409 0.0667134 6.88123e-05 0.0125753 0.0651513 0.13128 9.18651e-06 
0.014497 0.0135426 0.0486244 0.00100161 0.036047 1.56698e-06 0.00013105 0.0883485 0.00753556 0.342459 0.00272043 0.0332603 0.0106817 0.0079024 0.0117426 0.25335 0.00254544 0.0621682 0.0634337 6.86413e-06 
0.00326849 0.00112883 0.959152 2.99808e-05 7.23626e-05 2.8922e-10 0.000725885 0.00133744 0.00579618 0.00456215 0.000101946 0.00980961 2.23731e-07 0.0097895 5.66133e-05 9.59888e-08 1.55637e-05 0.000215598 0.00393726 1.39793e-07 
0.031997 0.00998061 0.0775924 0.000637222 0.0461841 1.61315e-05 0.00198298 0.0173182 0.052549 0.0581092 0.00430988 0.204342 0.00730341 0.00157584 0.114887 0.00232852 0.00451962 0.295317 0.0687634 0.000287255 
0.0863995 0.00510779 0.0255627 2.00853e-05 0.0140627 2.83953e-07 0.000367952 0.00361085 0.413697 0.0372913 0.00625012 0.0672721 0.0134647 0.00358427 0.0675031 0.00207856 0.000888401 0.0634349 0.189396 8.12458e-06 
0.046112 0.00398269 0.00433422 4.25337e-05 0.0685512 1.88621e-06 0.000802575 0.00784517 0.0380352 0.0404625 0.00140663 0.560583 0.00875004 0.000683259 0.0676173 0.00111174 3.07322e-05 0.0360023 0.109039 0.00460609 
8.56528e-05 0.000471656 0.298986 7.52906e-09 4.46083e-05 2.59771e-12 4.83132e-05 1.78663e-08 0.0211328 0.00435606 1.03131e-08 0.0854232 0.00131603 0.00042685 0.451986 0.0125189 1.58529e-05 0.0878203 0.0353678 3.63785e-12 
0.371289 0.0235807 0.0175274 0.00237594 0.0142765 8.57024e-11 2.00687e-05 0.00378417 0.00609274 0.0153215 0.00134166 0.201236 0.00844235 0.0550598 0.00591113 5.85034e-07 0.0112727 0.130449 0.132019 1.20019e-10 
0.0694926 0.0240443 0.170732 0.00555417 0.00845892 8.34334e-05 0.00521898 0.0248851 0.0357999 0.123475 0.0122156 0.0704586 0.150504 0.00427593 0.0378065 0.0114518 0.0101808 0.0615929 0.146061 0.027708 
0.062427 0.00291269 0.0139486 0.000624904 0.039699 8.20493e-06 0.00135209 0.0138021 0.108884 0.0262556 0.000373555 0.137833 0.00408148 0.00349718 0.278328 0.00147793 0.00867752 0.0542392 0.241517 6.01351e-05 
0.113809 0.00189268 0.0187277 1.63781e-05 0.0132239 4.00816e-11 0.00968547 0.040633 0.0422066 0.0472673 0.00734978 0.00678518 0.0686752 0.065459 0.0381303 0.0347003 0.220315 0.0268569 0.244265 5.61307e-11 
0.000707458 0.00160232 0.756312 1.61061e-08 0.000127657 4.77095e-12 0.00424505 0.0400119 0.00025232 0.138193 0.000177738 0.00329301 0.00117394 8.67802e-05 1.35176e-08 0.0476521 5.59406e-05 0.00194105 0.00416715 2.78172e-08 
0.00329874 0.000346274 0.0478526 6.23988e-06 0.00229958 4.93591e-06 0.000101716 0.000119663 0.00547177 0.00260596 0.479665 0.0365638 0.0429021 0.000963005 0.0439201 0.326564 0.000193501 0.00633972 0.000774523 6.9123e-06 
0.000181206 0.00585114 0.032119 0.00796051 0.0884497 3.86826e-07 3.64789e-05 0.132265 0.0665236 0.110174 4.48418e-06 0.000840149 0.0197528 4.33626e-06 0.00129619 0.120499 7.73724e-07 0.412174 0.00186616 5.41715e-07 
0.0411387 0.255559 0.0211587 2.63918e-05 0.00978691 2.24656e-09 2.66574e-05 0.0105605 0.0825714 0.0124227 0.0131841 0.354424 0.0146337 0.00123605 0.0241202 0.000208066 0.000223867 0.144223 0.0144961 3.14611e-09 
3.97976e-06 1.19946e-05 0.00191541 2.55352e-09 0.531821 2.01991e-09 1.77516e-05 0.102141 0.13488 0.00846559 1.41789e-05 0.010278 0.000103323 9.80393e-06 0.00767232 0.00125995 1.24295e-06 0.146502 0.0549027 2.8287e-09 
0.435682 0.0221683 0.0213654 2.64199e-08 0.0229503 2.08989e-08 0.000490124 0.000290404 0.000198787 0.10161 0.00234369 0.101884 0.281612 1.79113e-06 0.00561231 2.85509e-05 2.35988e-06 0.00125623 0.00250459 2.9267e-08 
0.070873 0.00855439 0.0457636 0.000720972 0.00384245 0.000263766 0.00540591 0.0133125 0.0190739 0.102588 0.00636226 0.146329 0.253142 0.000370741 0.219729 0.0105756 0.000900844 0.00433186 0.0648522 0.0230091 
0.00405596 0.177196 0.0519939 2.22077e-06 0.00412462 5.98457e-07 3.41488e-06 0.144875 0.0303428 0.095025 0.00139638 0.00568283 0.430395 5.97843e-05 0.015744 0.00211633 4.00368e-05 0.014311 0.0225867 4.90372e-05 
0.5308 0.0225375 0.00676604 2.12909e-06 0.0171879 1.04681e-07 0.000659357 0.000167815 0.0042695 0.093772 0.00670872 0.0482356 0.0106407 4.60765e-06 0.0343527 0.00150796 8.21357e-05 0.209491 0.0127995 1.45788e-05 
0.00896674 0.00246127 0.00496238 0.000114615 0.000535012 4.03731e-07 0.000942168 0.0178612 0.0225521 0.021297 0.000194468 0.0066103 0.0105847 0.542741 0.00719346 0.0066256 0.332555 0.00280433 0.0109937 4.51361e-06 
0.0341895 0.00454098 0.0172217 0.000269297 0.00702611 8.82758e-06 0.000534975 0.0118062 0.325092 0.0258541 0.00140295 0.050005 0.00901623 0.00913686 0.0572961 0.00624389 0.276721 0.118294 0.0453067 3.32999e-05 
0.0607796 0.00679212 0.0247242 0.000897398 0.053805 0.000247434 0.00598546 0.0185312 0.0494274 0.0357811 0.0025567 0.285619 0.00735673 0.00160229 0.102338 0.00632766 0.00359184 0.131501 0.201648 0.000487091 
0.141577 0.00139409 0.0113953 2.76069e-07 0.0157454 2.2388e-10 0.00530569 0.00169811 0.0186682 0.00867734 0.000537082 0.0230483 0.0158983 0.201062 0.063636 0.000413207 0.326212 0.0216065 0.143115 9.49486e-06 
0.0272825 0.00458272 0.00713712 5.27033e-08 0.00176671 1.51177e-11 0.000511263 0.000435824 0.00333159 0.00612057 0.000268187 0.383923 0.01256 0.000971755 0.0238024 0.00012427 1.6202e-05 0.00178452 0.525381 2.11709e-11 
0.345805 0.000356446 0.00192628 0.00428135 0.00575703 3.85393e-09 0.00258499 0.000177372 0.0498777 0.00748031 1.01517e-05 0.389882 0.00444952 0.000304312 0.0128875 0.00322733 0.00189619 0.0753443 0.0937523 7.57951e-09 
0.0010075 0.202196 0.0167518 1.22795e-06 0.00767682 4.85547e-08 0.000237995 0.042852 0.00169554 0.590097 0.0033193 0.079114 5.31212e-05 2.6965e-06 0.0225945 0.00993689 1.37499e-06 0.0205109 0.00190331 4.76105e-05 
0.0442384 0.0109438 0.0153679 0.000864134 0.0142926 9.29142e-08 5.63548e-05 0.0408905 0.0052063 0.721028 7.41571e-05 0.0736341 0.000861152 0.00310702 0.0144292 0.0018617 0.00615346 0.0295129 0.0174782 1.30118e-07 
0.412364 0.000831613 0.0102972 0.000268455 0.128568 4.14729e-05 0.00474683 0.045025 0.0883708 0.0145203 0.0750816 0.0398589 0.0567025 0.000503609 0.00356846 0.00137816 0.000518012 0.0457423 0.07017 0.00144305 
0.0158482 0.0128271 0.052374 1.10346e-05 0.00470542 1.18655e-08 0.000162504 0.00395048 0.0179118 0.0417404 1.17149e-05 0.258356 0.0215659 0.000511677 0.286607 0.00336827 3.38697e-05 0.230589 0.0493669 5.90257e-05 
0.453276 0.025616 0.00963215 0.00034309 0.0261151 8.7501e-06 0.00627403 0.0093967 0.0300507 0.0386195 0.000452704 0.219503 0.00524273 0.00226707 0.0259529 0.00204108 0.000733877 0.0962782 0.0438715 0.00432498 
1.18249e-05 0.000333423 0.0226277 6.93229e-10 1.60775e-05 5.48363e-10 4.54831e-05 0.00106811 0.000165494 0.0108991 6.71266e-06 0.00119771 0.278563 1.16375e-05 0.00363564 0.629723 0.000219192 0.000960778 0.0505152 7.67933e-10 
0.423018 4.12546e-05 0.00432783 6.52712e-05 1.54809e-05 1.03803e-07 0.0189432 0.000220551 2.46799e-05 7.03826e-05 0.00529753 0.0548106 0.0378792 0.356601 0.022903 1.55059e-05 9.48145e-06 2.09316e-05 0.0757356 1.45367e-07 
0.276383 0.00263403 0.00782407 0.000230108 4.34495e-07 4.30611e-11 4.70093e-05 0.00758742 0.0035659 1.11574e-05 0.125284 0.0476223 0.0172685 0.0206775 0.0399479 2.81301e-06 0.0640869 0.0161149 0.370712 6.03032e-11 
1.18249e-05 0.000333423 0.0226277 6.93229e-10 1.60775e-05 5.48363e-10 4.54831e-05 0.00106811 0.000165494 0.0108991 6.71266e-06 0.00119771 0.278563 1.16375e-05 0.00363564 0.629723 0.000219192 0.000960778 0.0505152 7.67933e-10 
0.0538094 0.00287409 0.0076043 0.0143024 0.000387764 7.53862e-12 0.000174294 0.0146268 0.011065 0.0348613 5.56145e-05 0.0059032 0.00115425 0.766156 0.00355007 0.0039756 0.0129505 0.0220845 0.0444654 5.29493e-11 
0.826196 7.1099e-05 0.000845921 0.00345696 0.00241617 8.64044e-06 0.00136669 4.19125e-05 8.53557e-05 0.00145063 0.00186373 0.0208722 0.0509311 0.000114219 0.0136272 0.000193906 0.000138426 0.00203126 0.073996 0.000292108 
0.0204076 0.0589323 0.0270577 5.39366e-05 0.00101718 6.40536e-06 0.010255 0.00750027 0.0148983 0.721049 0.0231074 0.0131232 0.015893 0.00898147 0.0271404 0.0158545 0.000230497 0.00724216 0.0272426 7.43503e-06 
0.00388307 8.73531e-07 0.629826 2.58016e-10 5.62203e-08 2.04098e-10 0.00091816 3.01196e-07 0.0182643 0.00755517 1.7398e-07 0.00180625 0.00554178 0.000443006 0.252087 0.0333926 5.70394e-08 0.0462801 1.96057e-06 2.85821e-10 
0.596285 0.000392549 0.0215001 0.00132354 0.00780448 3.76567e-08 0.000331528 0.00159507 0.0321222 0.0198568 0.000238744 0.0596666 0.0332087 0.0111399 0.0854896 0.000117796 0.0068158 0.0464957 0.0756145 1.46274e-06 
0.0212018 0.00442352 0.00168162 0.00217979 0.000128023 9.51319e-12 0.00095795 0.0143906 0.00842948 0.0324856 0.000677165 0.00135127 0.00811818 0.850598 0.00107664 0.00166996 0.0437666 0.00333678 0.00352744 1.06728e-10 
0.028373 0.0206728 0.0641842 0.000223572 0.0457371 5.55502e-07 0.000322986 0.00550962 0.129767 0.09501 0.00023376 0.0809255 0.00950934 2.1135e-05 0.00374511 0.0067581 0.000313054 0.421066 0.00979397 0.0778333 
0.00896674 0.00246127 0.00496238 0.000114615 0.000535012 4.03731e-07 0.000942168 0.0178612 0.0225521 0.021297 0.000194468 0.0066103 0.0105847 0.542741 0.00719346 0.0066256 0.332555 0.00280433 0.0109937 4.51361e-06 
0.00121325 0.0629759 0.0653492 1.92889e-05 0.00033749 1.02583e-06 0.000421725 0.0216865 0.000273801 0.184818 8.74616e-05 0.0202218 0.627467 0.00358393 7.27964e-05 0.0109045 0.000147814 5.44499e-06 7.92788e-06 0.00040473 
0.255355 0.154185 0.112695 4.34968e-05 0.000553019 2.39699e-08 0.000538774 0.0014528 0.00206244 0.0402013 0.000492251 0.194421 0.00139693 0.00121356 0.0107831 0.000491791 0.00787206 0.00102813 0.199562 0.0156519 
0.413073 0.00740545 0.0152433 0.00422366 0.00413287 9.87889e-07 0.00339135 0.00136193 0.0146781 0.0125155 0.00106384 0.0942633 0.0110517 0.137785 0.0890687 0.000683983 0.000187109 0.0934658 0.0961889 0.000216117 
0.203254 0.000888182 0.00358847 0.000756973 0.0103982 2.01129e-08 0.000221248 0.0513687 0.0341923 0.0280116 0.000442002 0.393459 0.101652 0.00511712 0.0589552 9.53209e-05 0.000125639 0.0304689 0.0770055 2.81663e-08 
0.0143278 0.000800625 0.00165635 0.0134202 0.00135001 1.69921e-12 0.000207571 3.66765e-05 0.0496679 0.0235082 9.47698e-08 0.000218204 0.710267 0.00235254 1.38499e-07 0.0261652 0.0122402 0.00139968 0.142381 1.00018e-10 
0.00352857 0.0167426 0.0254088 5.74635e-06 0.00032463 1.55615e-12 0.000166486 0.000245552 0.602635 0.00937226 2.78884e-05 0.0720993 0.00119612 0.00035026 0.136151 0.00546 0.000216796 0.107218 0.0188513 2.17924e-12 
0.00166882 0.0483651 0.0175901 1.21617e-05 2.79098e-05 1.90726e-10 0.000154485 0.000868932 0.00173687 0.05405 3.64848e-05 0.21459 0.00433032 2.70647e-05 0.0835426 0.0855847 1.915e-08 0.484447 0.00296708 2.67094e-10 
0.164929 0.0653927 0.109581 0.000100222 0.0534232 2.21861e-05 0.00366288 0.00140731 0.00676052 0.249088 0.00509985 0.146548 0.0720705 0.0035381 0.0474669 0.00596462 0.00013815 0.0174149 0.0421051 0.00528698 
0.000385347 0.0039976 0.00186357 1.16897e-05 0.000288485 1.02555e-10 0.000114859 0.00171132 0.00135759 0.0469443 5.51677e-05 0.00369396 0.86037 6.55607e-05 0.026108 0.0146349 3.04076e-05 0.0283987 0.00334419 0.00662385 
0.0380782 0.00999786 0.0294438 0.00572182 0.0221551 3.41226e-05 0.000940301 0.0135687 0.19801 0.0333912 0.00418654 0.139938 0.00572332 0.00379674 0.156379 0.00414913 0.00319509 0.205828 0.124343 0.00112018 
0.0967729 0.000318515 0.00899616 0.00325526 0.00137962 9.95671e-12 0.000173297 0.00735384 0.0382319 0.00816736 8.74756e-05 0.100596 0.00744854 0.00354496 0.215105 0.00220806 0.00259082 0.0103709 0.4934 5.60206e-08 
0.229565 0.000888125 0.126327 0.00306218 0.00742007 7.59139e-07 0.000471543 0.000122446 0.267818 0.0199325 1.21015e-05 0.0724964 3.90268e-05 0.00694312 0.00760283 0.0132705 0.0379018 0.163234 0.0427841 0.000109178 
0.0419439 0.00457825 0.00608823 4.55354e-05 5.02812e-05 1.08637e-06 6.40828e-05 2.87017e-05 0.00187698 0.207393 0.0104317 0.000931935 0.601564 0.000116147 0.00484185 6.35227e-05 8.31191e-05 0.11912 0.000776235 1.52136e-06 
0.0278269 0.0846606 0.057405 0.00062446 0.028461 8.29032e-05 0.00246078 0.149144 0.0883166 0.10377 0.00121404 0.0711838 0.036963 0.00356524 0.106786 0.0441679 0.000890932 0.110931 0.0810811 0.000463465 
0.0272825 0.00458272 0.00713712 5.27033e-08 0.00176671 1.51177e-11 0.000511263 0.000435824 0.00333159 0.00612057 0.000268187 0.383923 0.01256 0.000971755 0.0238024 0.00012427 1.6202e-05 0.00178452 0.525381 2.11709e-11 
0.788762 0.0249778 0.00677913 0.00150237 0.00266145 5.0542e-07 0.000290697 0.000252834 0.0038749 0.0158576 9.7674e-06 0.0598818 0.0318695 2.32367e-05 0.00252174 0.00100628 0.00399229 0.0271102 0.0247362 0.00388986 
0.0384181 0.000318391 0.0824141 0.000435189 0.00525625 5.23675e-09 1.09075e-06 0.00199756 0.535564 0.0393286 2.50346e-06 0.00635188 0.153981 0.000142063 0.00248489 0.000152189 0.00176372 0.051395 0.0799906 2.73441e-06 
0.123725 0.00454161 0.137114 0.000270513 0.000288961 8.39995e-09 0.000822835 0.0144819 0.0748518 0.147267 4.8293e-05 0.0651807 0.00716984 0.000948464 0.0674377 0.00450743 0.000282377 0.301617 0.0494448 1.17634e-08 
0.027984 0.0806635 0.0769666 6.67373e-05 0.0294948 1.50472e-05 0.000303536 0.0135355 0.107665 0.107649 0.000369784 0.0855282 0.013896 0.157458 0.0938099 0.032793 0.000661454 0.0753062 0.0930069 0.00282685 
0.0438851 0.000170989 0.0520576 5.5917e-05 0.506062 1.10748e-05 0.000219531 0.000999009 0.0255508 0.00467963 0.00456599 0.0195595 0.00350243 0.00186167 0.0211028 0.000495785 1.9359e-05 0.212494 0.102658 4.96916e-05 
0.0182238 0.0199639 0.0333785 0.000419347 0.000584437 3.1588e-05 0.00190942 0.038141 0.0138297 0.308069 0.00484766 0.0463051 0.122507 0.0707731 0.0559052 0.0555798 0.00463388 0.116206 0.0797328 0.00895867 
0.101065 0.00959818 0.0555061 2.0694e-05 0.0120949 1.21602e-05 0.00119815 0.0667431 0.012971 0.0840175 0.00290553 0.068458 0.192085 0.000191692 0.324669 0.00155622 2.61937e-05 0.0507333 0.0158802 0.000269114 
0.0602763 0.00580337 0.0346729 0.00161763 0.135071 2.88182e-05 0.00104138 0.0119077 0.0464511 0.043349 0.00614798 0.154284 0.00853887 0.000368199 0.171604 0.00659288 0.00087939 0.0827391 0.228525 0.000100396 
0.0171361 0.0113651 0.0247715 0.000505161 0.0118015 9.25675e-05 0.000589691 0.000856866 0.0629633 0.0214678 0.00197773 0.00789057 0.32205 0.0187566 0.0292551 0.00113684 0.166918 0.0865671 0.213704 0.00019426 
0.0110332 0.133527 0.0306073 1.82644e-05 0.00913824 3.32179e-06 8.32792e-05 0.00101436 0.00698641 0.0506005 6.01941e-05 0.0986631 0.00668085 0.00059917 0.0274905 0.000249959 4.01469e-05 0.16666 0.456516 2.76404e-05 
0.0204735 0.00830993 0.165757 0.000105232 0.0367132 2.9612e-06 0.000312749 0.0443102 0.0334889 0.0706445 0.0108771 0.315594 0.0223416 0.00121141 0.0238956 0.00329141 0.00155651 0.146939 0.0941691 5.70435e-06 
0.00475803 0.458249 0.000995929 0.000548977 4.11116e-05 1.16542e-09 0.00121775 0.00138377 0.00195456 0.371978 3.77566e-08 0.0109888 0.000229275 0.000390819 0.00147243 0.121741 7.7309e-07 0.0201674 0.003883 9.20147e-08 
0.0189605 0.00291069 0.00352717 2.1229e-06 0.00552244 1.98384e-12 0.000353154 0.0506641 0.0169192 0.0285632 0.00014535 0.0322934 0.00640803 0.253297 0.0126807 0.00148595 0.511513 0.033152 0.0216026 8.18675e-08 
0.568779 0.000207303 0.00309428 1.17959e-05 0.0557446 3.82847e-07 0.000324092 0.0115583 0.00371632 0.0127075 0.00125401 0.00197155 0.009711 0.0137151 0.107056 3.58247e-05 0.000221169 0.136698 0.0731931 7.84535e-07 
0.00896674 0.00246127 0.00496238 0.000114615 0.000535012 4.03731e-07 0.000942168 0.0178612 0.0225521 0.021297 0.000194468 0.0066103 0.0105847 0.542741 0.00719346 0.0066256 0.332555 0.00280433 0.0109937 4.51361e-06 
0.283106 0.00410477 0.039195 0.000137024 0.0872407 2.587e-06 0.0039859 0.00594674 0.0670883 0.0521784 0.00248102 0.0522715 0.0542187 0.00630472 0.0924978 0.00225875 0.0144797 0.118396 0.113875 0.000231104 
0.00919917 0.0494414 0.0280841 2.33536e-05 0.000691144 4.39103e-07 0.00195768 0.00797576 0.000706038 0.10497 0.000485999 0.00843978 0.667708 0.0029805 0.0705621 0.00258463 8.9653e-05 0.00257555 0.0415244 6.14924e-07 
