0.168596 0.269698 0.0271771 1.91823e-06 0.00399563 1.33093e-06 0.0041083 4.14545e-10 4.9659e-10 0.0103013 5.01727e-06 0.318532 0.00464558 1.81361e-09 0.00189733 0.000458346 6.57684e-10 0.027452 0.163126 4.12418e-06 
0.031171 0.662183 0.00941974 0.000155858 0.00462142 7.36868e-07 5.69401e-07 1.13564e-07 0.00172936 0.0561653 0.000937486 0.145582 0.00612377 4.96836e-07 0.00724955 0.000713519 1.80172e-07 0.00471784 0.0692262 1.03192e-06 
0.000106167 6.95066e-05 0.000400764 1.76437e-07 4.73312e-05 0.000407378 1.07847e-07 2.15096e-08 0.000176342 1.6681e-05 0.000441196 7.02974e-05 0.989118 9.41033e-08 4.13226e-05 3.83897e-05 0.000178596 5.87654e-05 0.00882854 1.9545e-07 
0.00683334 0.000290848 0.00469435 3.75642e-07 1.64856e-10 5.62862e-08 1.1602e-06 1.08478e-10 0.0123513 0.00230481 0.00022364 0.055085 0.908858 0.00197164 0.00151077 0.00204816 0.000847401 0.00297853 5.87105e-07 9.85696e-10 
0.00342639 3.32854e-12 0.00526108 1.46536e-11 2.41653e-08 1.15914e-11 8.95703e-12 1.78644e-12 1.73984e-07 1.7834e-05 9.54305e-12 0.03637 2.41078e-08 1.17311e-08 0.131195 4.14243e-12 1.33237e-08 8.355e-08 0.823729 1.62327e-11 
0.000825801 0.00274923 0.00530924 0.00065792 2.30001e-06 9.82006e-06 0.00041733 1.51344e-06 0.000230234 0.00390232 8.08473e-06 0.000972859 0.0114858 6.62121e-06 0.00125975 0.00596214 2.40111e-06 0.957823 0.00833203 4.12547e-05 
0.0319921 0.00173968 0.0837193 0.000953471 0.0726249 0.00094908 0.000189627 4.30331e-06 0.0567455 0.0150054 0.000195388 0.107596 0.026444 3.89621e-05 0.0257329 0.000373253 9.85628e-05 0.10297 0.472338 0.000290138 
0.0126742 0.0340666 0.00434894 1.63703e-06 0.00424726 2.97998e-06 2.47862e-05 1.56428e-07 2.8823e-05 0.0114771 7.34222e-05 0.0319209 0.845915 4.79321e-05 0.000892157 0.00247565 0.000103 0.0480535 0.00360965 3.63202e-05 
0.285969 1.95721e-05 0.000699376 3.31275e-08 4.84929e-05 2.62047e-08 0.000427279 4.03861e-09 6.14462e-05 0.115462 4.74844e-05 0.237042 0.359962 1.76686e-08 1.74177e-06 9.37421e-06 2.11506e-05 3.71342e-05 0.000191452 3.66974e-08 
0.00353256 0.239294 0.386119 0.00396162 0.00169405 3.34595e-05 4.02339e-05 3.89883e-08 0.000295561 0.20218 0.000620488 0.0126343 0.00556901 0.0254067 0.0102872 0.0221566 7.57218e-05 0.0395183 0.0465812 3.54272e-07 
0.00542068 0.00307768 4.48426e-06 3.03532e-05 5.62356e-06 2.40102e-05 1.85534e-05 3.70038e-06 4.43274e-06 0.00699012 1.97673e-05 0.0363645 0.00679407 1.61889e-05 0.00134524 8.58054e-06 5.87073e-06 0.939717 0.000115813 3.36241e-05 
0.00313281 2.37749e-06 0.110932 7.58399e-10 0.036646 5.99914e-10 4.63572e-10 9.24572e-11 0.0960201 0.0244833 0.00613805 0.00633755 0.00484514 5.38017e-06 0.0909523 0.241683 1.46685e-10 0.225271 0.15355 8.40125e-10 
0.392851 0.179137 0.00621221 4.65208e-05 0.00260015 2.28259e-07 6.34819e-08 5.50194e-08 0.00126088 0.121688 0.0916717 0.0623087 0.0507009 1.20699e-06 0.00127787 0.000139904 0.0133042 0.0578579 0.0174152 0.00152575 
0.915635 1.7655e-07 0.0114969 0.000714452 0.0183825 0.00203061 0.000521099 1.18025e-10 6.67004e-07 0.00477834 1.64189e-07 0.00355867 3.69138e-07 5.1635e-10 0.000830948 1.43658e-07 1.87249e-10 0.00678799 0.0352616 1.07245e-09 
0.174307 0.00239229 0.35594 5.10304e-06 0.0524891 9.53011e-06 0.0100095 1.3774e-06 0.000769674 0.0133388 0.0246592 0.106796 0.0535891 0.0192221 0.0972464 6.63989e-06 0.000192724 0.0812778 0.00501225 0.00273582 
0.0828417 0.000830572 0.0476524 0.00742673 0.00272772 0.40931 0.000480111 1.34121e-07 0.00605336 0.0320221 0.0178779 0.0368805 0.0279734 0.000256615 0.187558 1.29222e-06 0.000234179 0.105082 0.0347898 1.21871e-06 
0.109303 0.0129522 0.0182298 1.65586e-08 0.00576765 3.53616e-08 1.82227e-08 3.63455e-12 0.0224444 0.0513474 0.00223926 0.513424 0.00658317 0.000168907 0.0274103 1.6913e-06 8.24229e-08 0.0683448 0.161784 3.30259e-11 
0.0189337 0.0280909 0.0924742 4.18896e-05 0.0171756 0.00358097 0.00015819 2.56562e-05 0.069161 0.0104264 0.00479141 0.0162324 0.593452 0.00408044 0.00368003 0.000368613 0.00055771 0.0390465 0.097054 0.000668768 
0.0396855 0.00714048 0.0790698 4.95094e-10 0.0250064 8.42921e-07 0.181197 6.03574e-11 0.0180639 0.0132944 0.00029978 0.418143 0.000277913 2.6406e-10 0.0255786 0.000172565 9.57582e-11 0.183169 0.00890038 5.48446e-10 
0.0356681 0.00686615 0.00121731 2.71675e-06 0.00893979 0.0110838 0.00185365 3.64923e-07 0.0279034 1.53515e-05 0.00406804 0.068938 0.449357 7.9759e-06 5.95542e-05 3.36259e-06 0.00130743 0.00268276 0.380023 2.49385e-06 
0.106411 0.284653 0.00669007 0.00486167 0.00202426 0.000102744 0.00303764 2.09697e-11 0.00371008 0.017377 0.0547589 0.067005 0.000832979 0.00324174 0.0404785 0.00179128 3.06548e-08 0.393021 0.0100026 1.90544e-10 
3.87909e-07 3.27421e-07 0.00433682 9.61731e-06 0.156477 0.000354116 0.0151088 2.22654e-07 2.26791e-06 9.4898e-05 7.69263e-06 0.000762241 0.476724 6.57738e-05 0.0341291 4.20636e-05 5.93609e-07 0.241267 0.0706161 9.20006e-07 
6.95783e-08 0.000441386 0.079463 2.14381e-07 0.00105119 0.00562125 0.0143945 3.14987e-11 0.000855894 0.00333918 0.00645405 0.00768399 0.576582 0.0013951 0.0356632 4.99048e-08 6.50729e-05 0.206066 0.0609232 2.86218e-10 
0.0481291 1.20715e-09 7.07145e-06 5.31438e-09 9.846e-10 3.79758e-05 3.24842e-09 6.47881e-10 0.00218061 0.00496892 4.70199e-06 0.142966 0.514211 1.39089e-05 0.0169822 0.00432707 3.234e-06 0.0155913 0.250576 1.03459e-06 
0.0168771 0.0108371 0.0150534 4.52466e-08 0.000315803 5.08449e-06 2.62851e-06 5.51606e-09 0.00355161 0.93314 9.41879e-05 0.00398304 0.00945572 2.62967e-05 0.00164275 0.000904865 1.17836e-05 0.00346618 0.000632426 5.01224e-08 
0.0123565 8.98265e-05 0.116673 4.5478e-05 0.0314401 0.0236041 0.000380729 2.0551e-05 0.24158 0.0418966 0.108272 0.0133192 0.00222476 3.0668e-05 0.0104922 0.273975 0.000540978 0.108771 0.0142537 3.29222e-05 
1.04709e-11 0.00252251 0.0791052 8.26352e-11 0.00118843 2.461e-07 0.00155835 1.00741e-11 0.0395507 7.21557e-05 1.50254e-07 0.024892 0.100874 0.000158341 0.602685 0.000670431 2.61156e-05 0.146697 2.31865e-07 9.154e-11 
0.0503842 0.0031936 0.0977053 1.54245e-05 0.00581228 1.98705e-06 0.000156545 3.06238e-07 0.00188649 0.00422797 1.63591e-06 0.102701 0.0667528 7.04509e-05 0.651959 5.0831e-05 8.63559e-05 0.00262312 0.0123672 2.78268e-06 
5.15084e-06 1.04807e-09 0.210343 0.604764 0.000119481 3.64982e-09 2.82033e-09 5.62501e-10 3.39946e-06 1.56377e-06 1.54597e-05 0.00256595 8.65475e-08 4.69414e-06 0.00284205 5.04564e-07 8.92419e-10 0.179332 2.01315e-06 5.11124e-09 
7.4542e-05 7.13799e-12 0.159084 3.14244e-11 5.86788e-06 2.48575e-11 1.92082e-11 3.83098e-12 4.58918e-12 0.000126334 2.04649e-11 0.0189984 4.05972e-08 4.53289e-06 0.58188 8.88337e-12 6.07792e-12 0.0227502 0.217076 3.48107e-11 
0.00308115 0.000354119 0.442005 2.37706e-07 0.00363392 4.30775e-05 0.000853112 2.8979e-08 0.00522952 0.00284718 0.00103462 0.0443101 0.488665 1.26781e-07 0.00389381 9.37286e-05 2.47298e-06 0.00385519 9.65985e-05 2.63321e-07 
0.00374344 0.00203694 0.00254074 4.391e-10 0.000603114 2.72548e-07 7.14499e-06 5.35312e-11 1.09693e-05 0.000282593 4.76681e-06 0.0100972 0.00248368 1.25244e-05 0.00043037 9.13123e-06 1.23519e-06 0.00128874 0.000370799 0.976076 
4.32133e-05 8.77232e-07 0.0169 0.000117399 7.15506e-07 0.000179143 2.36061e-06 4.70813e-07 0.000107586 0.00415806 0.000180304 9.72833e-05 0.972846 2.05978e-06 0.00152936 0.000109205 1.31888e-05 0.000135783 0.00357263 4.27811e-06 
1.34333e-06 0.00557354 0.0129623 1.05349e-06 2.96962e-10 1.2679e-09 6.68677e-07 1.95405e-10 0.00104906 0.026111 1.04384e-09 1.58401e-06 0.951547 8.54885e-10 0.0025539 9.71037e-06 3.10014e-10 2.70262e-06 0.000186202 4.65926e-08 
0.0232432 0.00136345 3.36046e-08 2.58587e-05 4.21425e-08 0.000588123 0.000504609 2.77303e-08 3.16379e-06 4.99063e-05 1.48134e-07 0.000614299 0.972443 1.21318e-07 9.43844e-06 6.43018e-08 0.000532934 0.000565295 5.58809e-05 2.51976e-07 
0.00124559 0.00365585 0.92672 0.000217101 0.00412252 8.54391e-07 6.60215e-07 1.31677e-07 0.00219271 0.00236646 0.00204059 0.00373254 0.0244359 5.76077e-07 0.0102925 3.05335e-07 0.000564259 0.00235843 0.0160524 1.1965e-06 
0.204572 0.000934213 0.00140739 8.96409e-06 0.0396532 1.04054e-07 2.47541e-07 3.60288e-11 0.00612527 0.00404509 4.50292e-06 0.0618174 0.0608652 0.00724497 4.43469e-07 1.44371e-07 0.000247107 0.439097 0.173977 3.27381e-10 
1.28199e-07 2.44313e-05 0.126446 0.000188384 0.000225285 0.000444371 0.00121602 1.23341e-07 1.47752e-07 0.0027241 0.00243522 0.00296183 0.790933 5.39607e-07 0.0144484 2.86005e-07 1.95682e-07 0.0516178 0.00633287 1.12075e-06 
7.59273e-07 0.00417459 0.0640891 6.74823e-08 0.0176541 1.21173e-07 0.001558 4.82742e-12 0.0759533 0.00389945 9.30087e-08 0.0656795 0.265586 0.000421699 0.446128 0.00256973 0.000471696 0.0370078 0.0148061 4.3865e-11 
7.31826e-06 0.00717005 0.591445 3.26747e-05 0.00310083 0.00181131 0.00560092 1.99839e-06 0.00974624 0.00261502 0.000130723 0.0312611 0.0846492 0.00341472 0.0525019 0.00155505 3.22406e-06 0.1025 0.10245 2.71114e-06 
0.666122 0.00111265 0.00468576 2.07434e-05 0.00280452 0.16757 4.59358e-05 1.7907e-06 0.00860343 5.40385e-05 0.00801757 0.00506168 0.00191092 0.0309841 0.000881584 8.97019e-06 0.018797 0.0297779 0.0535321 7.83794e-06 
0.000237982 1.17198e-08 0.000544253 0.000139359 0.000176854 4.08133e-08 3.15377e-08 6.29004e-09 7.00823e-05 0.000153392 7.39559e-05 0.000482021 0.99737 2.75185e-08 0.000446716 1.45855e-08 9.97927e-09 0.000170825 0.000134856 5.71553e-08 
0.0515989 0.000683774 0.0704558 0.0390484 0.0125875 0.00312774 0.00112939 5.2878e-05 0.109205 0.030253 0.00731437 0.175269 0.0527564 0.00821476 0.0232588 0.000502264 0.000229119 0.0338407 0.334148 0.0463244 
0.0067182 0.0594219 0.00613138 2.2094e-08 0.0109955 1.74769e-08 2.00118e-05 2.6935e-09 3.40244e-06 0.00149364 1.43885e-08 0.595832 0.000855106 1.17839e-08 0.00603316 6.24576e-09 4.2733e-09 0.312042 0.00045402 2.44749e-08 
0.0240968 0.00729518 0.000205497 2.29538e-11 0.00243934 5.97812e-09 8.90083e-05 2.79832e-12 0.00077139 0.860905 3.5409e-08 0.0943709 0.000554648 1.32982e-09 0.000377741 0.000341953 4.4396e-12 0.00425948 0.00429341 7.34849e-10 
0.0486135 0.0456513 0.00946344 2.55174e-05 0.00365754 3.40924e-06 0.387181 3.78133e-08 0.00130559 0.0223698 1.85685e-07 0.0376136 0.439249 2.44457e-05 1.62661e-07 0.000150918 0.000117441 0.000443901 0.00412894 3.83976e-08 
1.06855e-06 1.98425e-09 0.00235017 8.73548e-09 4.53755e-05 6.91e-09 5.33957e-09 1.06495e-09 1.27572e-09 0.00281848 4.33796e-06 0.0366545 0.948071 4.65909e-09 0.00397286 4.00357e-07 0.000264249 1.18608e-06 0.00581599 9.67683e-09 
0.000126882 2.27933e-08 0.920972 4.17706e-07 0.0017239 1.22978e-06 2.60008e-06 4.22524e-11 6.16191e-05 7.88155e-05 7.6616e-05 0.00771276 0.000545923 0.000206569 0.0023298 3.42259e-08 2.95867e-05 0.0585475 0.00758394 3.83932e-10 
1.15959e-05 0.00304899 0.0964341 1.07273e-06 0.00042732 8.48559e-07 6.55708e-07 1.30778e-07 1.56661e-07 0.705029 2.75871e-05 0.00169369 0.190532 0.000780328 0.000455222 0.000941142 2.53713e-06 0.000459934 0.000152598 1.18833e-06 
0.00375441 0.000290627 0.0840236 4.9844e-05 1.85592e-08 0.00050218 0.0105322 1.22122e-08 0.000239707 0.0209031 2.48773e-05 0.00423659 0.680696 2.37052e-06 0.118455 2.83179e-08 2.39349e-05 0.00319795 0.0730673 1.10968e-07 
0.0145944 0.00389562 2.27731e-07 1.54147e-06 0.000122212 1.21934e-06 9.42223e-07 1.87922e-07 0.00726258 0.000162291 0.000112807 0.000552792 0.97008 8.22146e-07 0.000225371 4.35758e-07 2.98137e-05 0.00218862 0.000766478 1.70758e-06 
0.11306 4.05364e-07 0.0230388 1.46202e-07 3.84765e-07 8.25477e-11 6.37872e-11 1.2722e-11 2.66714e-07 0.00233233 4.0505e-06 0.148614 0.00189857 5.56581e-11 0.0787914 2.95002e-11 2.01838e-11 0.0223567 0.609903 1.15601e-10 
0.0129372 0.047254 0.332984 2.21712e-05 0.0133874 4.40238e-05 3.4365e-05 4.29167e-08 0.0517467 0.0596299 0.000102097 0.00898761 0.145174 5.14934e-07 0.028256 0.00134051 2.14669e-05 0.0830564 0.214984 3.70052e-05 
0.0212163 0.0477162 0.0085283 1.53847e-07 6.82213e-06 1.21697e-07 5.89033e-05 1.87557e-08 0.00302441 0.0288811 0.000171525 0.0282088 0.85354 1.08851e-05 1.25646e-05 4.34911e-08 1.67433e-06 0.00126648 0.00735538 1.70426e-07 
6.26443e-08 5.59283e-07 0.000861075 8.48773e-07 5.35812e-08 7.37724e-11 1.36872e-07 1.13696e-11 0.00138995 2.8079e-06 6.07359e-11 3.09825e-08 0.946548 2.08963e-07 6.86094e-09 0.0511953 1.80381e-11 1.25086e-07 8.18476e-07 1.03312e-10 
0.00200617 0.836487 0.00697955 4.91041e-06 1.45382e-07 1.10719e-07 0.000557927 1.24176e-10 0.000703859 0.0717621 7.16121e-07 0.00546015 0.0249188 0.000947432 3.47547e-07 1.06242e-06 2.5497e-07 0.0404312 0.00973831 1.12834e-09 
0.474674 0.00984204 0.0273509 1.24879e-08 0.00254049 0.00020664 0.000253763 1.52241e-09 0.00865832 0.0322187 0.00451541 0.0230319 0.0420141 1.13124e-05 0.00260457 0.000998148 4.78562e-06 0.0205005 0.350572 2.64988e-06 
0.00683334 0.000290848 0.00469435 3.75642e-07 1.64856e-10 5.62862e-08 1.1602e-06 1.08478e-10 0.0123513 0.00230481 0.00022364 0.055085 0.908858 0.00197164 0.00151077 0.00204816 0.000847401 0.00297853 5.87105e-07 9.85696e-10 
0.00313281 2.37749e-06 0.110932 7.58399e-10 0.036646 5.99914e-10 4.63572e-10 9.24572e-11 0.0960201 0.0244833 0.00613805 0.00633755 0.00484514 5.38017e-06 0.0909523 0.241683 1.46685e-10 0.225271 0.15355 8.40125e-10 
0.0616481 0.00360057 0.0586799 6.78222e-08 0.0409184 0.000161691 0.0013769 1.14131e-09 0.189928 0.117287 0.0159058 0.0314875 0.00804814 4.01942e-06 0.0277442 0.00172345 0.000233643 0.27737 0.163882 1.03706e-08 
0.0660924 6.30605e-05 0.00926566 1.73006e-05 0.00102844 2.80746e-07 2.16941e-07 4.32678e-08 9.51639e-07 0.00620219 3.5558e-05 0.0206439 0.872083 0.00398094 8.20438e-05 3.25212e-05 0.000152481 0.0107647 0.00955347 3.93159e-07 
0.644203 0.000932075 0.00798622 7.14029e-05 0.00667104 3.42027e-08 1.09134e-05 1.99497e-11 0.0593791 0.000762352 9.37097e-08 0.0157359 0.000412754 3.1885e-07 0.00350654 0.00022367 3.16506e-11 0.244941 0.0151635 1.91046e-07 
0.00313281 2.37749e-06 0.110932 7.58399e-10 0.036646 5.99914e-10 4.63572e-10 9.24572e-11 0.0960201 0.0244833 0.00613805 0.00633755 0.00484514 5.38017e-06 0.0909523 0.241683 1.46685e-10 0.225271 0.15355 8.40125e-10 
0.0032063 0.000575503 0.0148871 0.000134816 0.000737606 0.000125573 0.00557388 2.42978e-05 0.023642 0.0037408 0.000496393 0.022535 0.0206098 5.52994e-05 0.0857195 0.00279807 3.6008e-05 0.378678 0.43537 0.00105448 
0.0135388 0.000594816 0.0364925 0.000151809 0.00970424 0.0665434 0.000353629 4.95441e-05 0.00236603 0.0174115 0.00386697 0.000668632 0.79969 0.0118296 0.00344079 0.000965009 0.000314534 0.0212663 0.0103845 0.000367093 
0.146826 0.0480862 0.21877 1.11006e-08 0.0733243 0.000552177 8.86095e-08 1.35328e-09 0.000499127 0.00077865 1.46663e-07 0.0382577 0.117277 0.000533591 0.000858176 3.13803e-09 2.61209e-05 0.218587 0.135623 1.22968e-08 
0.000554076 3.43209e-05 0.937606 2.10169e-07 0.00670011 1.19805e-05 0.000111821 2.56219e-08 0.00105464 0.0370121 0.00310624 0.000256812 0.000431962 1.12094e-07 0.00018646 3.0199e-06 4.06496e-08 0.00407572 0.00885439 2.32817e-07 
0.0239569 0.00930985 0.327442 7.3055e-10 0.0632309 7.00663e-07 0.000293553 8.9062e-11 0.0513121 0.0652301 0.00400041 0.118624 0.073378 9.77634e-07 0.088799 2.06519e-10 0.000133921 0.0174841 0.156804 6.28489e-08 
0.00216661 0.00137855 0.942014 1.39341e-05 0.00019142 1.10222e-05 8.51721e-06 1.69872e-06 0.000207961 0.00235081 9.07445e-06 0.0353222 0.000979572 7.43177e-06 0.012527 3.93903e-06 2.69505e-06 0.000101533 0.00268698 1.54356e-05 
0.000455814 0.042062 0.198774 2.57644e-05 0.522831 6.41807e-05 0.0546415 1.45336e-06 1.741e-06 0.0337796 7.76379e-06 0.000829417 0.00338855 6.35837e-06 0.00458507 3.37009e-06 2.10477e-05 0.138036 0.000472002 1.32062e-05 
2.42846e-05 0.0371712 0.0848893 8.98975e-06 0.00292813 2.36342e-05 0.0488296 8.13116e-09 0.000815284 0.0445211 4.34363e-08 0.111508 0.300709 9.55383e-06 0.000801709 0.0103355 1.29003e-08 0.357282 0.000139355 2.99435e-06 
0.010808 0.00957904 0.40744 6.06244e-05 0.0178549 0.000114673 0.000153898 1.32411e-07 0.00256505 0.0299356 0.0409738 0.0361188 0.215718 0.00312439 0.0491135 0.000126393 0.000192416 0.147207 0.0289085 6.0914e-06 
0.569744 0.0157964 0.00475676 1.05297e-07 0.0166876 3.07209e-05 1.43981e-10 2.87164e-11 0.00579539 0.00280597 4.59843e-07 0.315023 0.000496093 9.1878e-05 0.0191183 0.000380735 9.62842e-05 0.0153608 0.0338145 8.75686e-07 
0.113251 0.00257948 0.0171335 0.00074504 0.00200916 9.69147e-05 0.00355609 2.86445e-06 0.00300603 0.12477 5.44047e-05 0.166713 0.473354 0.00048393 0.0206948 1.22157e-05 8.79484e-05 0.040595 0.0308161 3.93422e-05 
0.0540634 0.000252298 0.0708138 1.75345e-05 0.0362007 0.00421647 1.34833e-06 1.3732e-11 3.58412e-07 0.00453751 3.8559e-07 0.588823 0.00253094 0.000119576 0.0289992 3.532e-08 2.46634e-08 0.0530985 0.156325 1.24777e-10 
4.8195e-05 1.8939e-08 0.770641 8.33775e-08 1.54474e-08 0.000538796 5.09645e-08 1.01646e-08 1.85129e-05 0.00291829 6.67157e-05 1.16037e-05 0.0158289 0.00019734 2.60667e-05 1.3489e-05 0.00363664 0.06352 0.14252 1.46872e-05 
9.3096e-07 9.03304e-08 0.0117326 6.64908e-05 0.00498007 3.68968e-08 0.000509867 1.57912e-12 0.0472108 0.0550453 0.000255231 0.0204129 0.066081 0.0566787 0.0505268 5.12678e-08 0.00111872 8.17675e-07 0.685379 1.43489e-11 
0.150667 0.024624 0.00886868 4.41782e-09 0.095974 3.29286e-07 0.00947532 5.38581e-10 6.89607e-07 0.047621 6.05758e-07 0.551143 0.0388628 2.35626e-09 0.0174719 0.00631617 1.04606e-06 0.0477917 0.00118201 4.89389e-09 
0.0358646 0.682883 0.00419677 1.31287e-05 0.000369215 0.000117924 0.00793506 5.57012e-10 0.000424819 0.0430724 1.91558e-06 0.0610256 0.123185 0.000576017 1.29057e-06 2.88156e-06 6.91776e-07 0.024268 0.016062 5.06137e-09 
0.184247 1.51477e-06 0.463861 1.96897e-08 0.00421648 2.0004e-05 1.20353e-08 2.40039e-09 0.0307984 0.0061454 0.0356312 2.19722e-05 0.00557432 2.12724e-06 0.0770705 5.56608e-09 9.54603e-05 0.181756 0.0105592 2.18115e-08 
0.066763 0.00273055 0.641737 0.000160168 0.00259358 0.000709233 0.000495088 5.4869e-05 0.00798088 0.167888 0.000312639 0.0544831 0.0101812 0.000236494 0.00986653 0.00112499 0.000153435 0.017044 0.0150504 0.000435823 
1.51264e-11 6.91484e-07 0.0689503 1.19376e-10 2.12344e-07 0.00351393 7.7354e-07 1.45532e-11 0.000240388 0.000410869 3.42144e-07 4.53023e-07 0.836746 4.45747e-07 0.0336392 0.000319113 7.46603e-05 0.026529 0.0295738 1.3224e-10 
0.0568372 0.0079881 0.0153004 0.00163494 0.0232693 6.42868e-07 7.4594e-06 1.8977e-07 2.27074e-07 0.000207551 0.483938 0.293523 0.104473 4.85629e-06 0.000154872 2.29742e-07 2.80097e-06 0.0115657 0.00108627 4.93814e-06 
0.752684 4.01474e-08 2.61117e-08 1.76746e-07 0.00125747 1.3981e-07 1.08036e-07 2.15472e-08 0.000281373 0.239887 1.15104e-07 0.00104419 0.000916733 1.89477e-05 0.00264505 4.99642e-08 8.89153e-05 0.000832533 0.000342752 1.95792e-07 
0.975551 0.000250963 0.00504964 9.21723e-10 0.0029249 7.29107e-10 4.61756e-07 1.12368e-10 4.34253e-07 0.000571107 2.9308e-08 0.000244374 1.78379e-10 5.11595e-08 1.74436e-08 7.25098e-06 1.78274e-10 0.0154 8.66539e-08 1.02105e-09 
0.00733836 0.0161799 0.0434639 0.00056049 0.000749467 5.18006e-07 1.03021e-05 7.98337e-08 0.000489449 0.139711 0.000187585 0.0197652 0.626979 3.49267e-07 0.00692692 0.00373933 1.26658e-07 0.117923 0.0159738 1.39005e-06 
0.0439304 0.151933 0.0133704 4.92639e-05 0.0033618 3.18911e-05 4.46976e-05 1.87945e-07 0.109036 0.205024 0.0177943 0.000285712 0.11063 0.000127637 0.000323035 0.000220595 2.02007e-05 0.000958361 0.000402015 0.342456 
7.59273e-07 0.00417459 0.0640891 6.74823e-08 0.0176541 1.21173e-07 0.001558 4.82742e-12 0.0759533 0.00389945 9.30087e-08 0.0656795 0.265586 0.000421699 0.446128 0.00256973 0.000471696 0.0370078 0.0148061 4.3865e-11 
0.772752 6.26447e-05 0.00139172 0.00254307 0.00227505 0.0115841 8.95363e-05 3.89223e-05 0.0588231 0.000998118 0.000966877 0.00718156 0.00176082 0.00829827 0.00437763 0.000915678 0.0081264 0.0244251 0.0932559 0.000133001 
0.837833 0.0216311 0.00498247 1.19648e-09 0.0104835 9.46449e-10 0.00166534 1.45864e-10 9.85491e-07 0.00277907 1.19027e-07 0.0279477 0.0114061 6.38147e-10 1.192e-06 1.29239e-06 3.61845e-07 0.0420271 0.0376813 0.00155892 
0.444239 0.112311 0.0144 6.71868e-06 0.0510143 1.21039e-05 0.000800381 7.35023e-07 0.0183812 0.00513334 0.00987916 0.0502967 0.0773306 0.000789327 0.0325662 8.03664e-05 0.000514514 0.179154 0.00308343 7.33597e-06 
0.117333 0.0481953 0.120912 0.000368431 0.00284542 0.000448355 2.8266e-05 2.69569e-06 0.0460561 0.0156677 0.00104357 0.0637492 0.263996 0.0373339 0.0393563 0.000544601 0.0669851 0.0828244 0.0922586 5.05055e-05 
0.00391788 0.0188303 0.210034 8.28338e-07 0.00359022 4.39719e-05 0.115509 7.01455e-11 0.00446284 0.0530579 9.50371e-07 0.0664923 0.378186 6.45981e-07 0.0387683 0.000511283 0.000347458 0.0345953 0.071649 5.96661e-07 
2.0189e-06 2.20719e-05 0.000510867 1.05452e-06 0.100304 2.06997e-05 3.56362e-06 1.90658e-07 6.11358e-05 0.000981216 3.68834e-07 1.28611e-05 0.255252 1.86425e-06 0.00091008 1.01649e-05 4.62582e-07 0.0204635 0.621376 6.59429e-05 
0.0356648 0.00072703 0.0100237 0.00831805 0.116482 4.94767e-05 7.25316e-05 1.20202e-05 0.0354569 0.0123702 0.000121663 0.257791 0.00506829 0.000136473 0.00824365 0.000633216 0.040906 0.242557 0.225351 1.49969e-05 
0.00252162 0.324642 0.159153 0.476742 0.000938587 9.51071e-07 7.36294e-05 1.46577e-07 0.000290626 0.00730079 9.47307e-05 0.0166569 4.50862e-05 6.41263e-07 7.34003e-05 8.81628e-05 4.04257e-05 0.00264103 0.00869526 1.33189e-06 
1.62694e-06 0.000107312 0.0287533 4.15735e-06 0.0110327 3.12506e-06 3.95219e-05 1.04866e-06 0.0192851 0.0320301 0.00150388 0.00309331 0.82938 0.00029905 0.0557073 0.000210332 7.19914e-05 0.0180021 0.000414157 5.93886e-05 
9.99623e-07 6.5424e-07 0.0047832 2.50434e-10 4.45468e-07 0.00237867 4.44078e-07 3.05306e-11 1.66045e-06 9.43581e-05 0.00211323 6.61908e-07 0.987042 1.33569e-10 0.00252887 3.61126e-07 2.51923e-07 0.00105186 2.23047e-06 2.77421e-10 
0.0878322 0.0513428 0.466885 1.98512e-07 1.73652e-06 0.00618924 9.33339e-06 3.11501e-10 2.48096e-06 0.0505712 0.00149648 0.168305 0.159986 0.000885343 4.33474e-06 0.00133486 7.71536e-05 0.00507474 1.85236e-06 2.8305e-09 
0.0144062 0.00239005 0.071428 1.78675e-07 3.31033e-08 1.41337e-07 8.71497e-06 2.17825e-08 3.81134e-05 0.0202188 5.90586e-05 0.0195757 0.841837 9.74978e-06 0.00393389 0.000857433 6.50115e-06 0.0172585 0.007972 1.97929e-07 
0.0540634 0.000252298 0.0708138 1.75345e-05 0.0362007 0.00421647 1.34833e-06 1.3732e-11 3.58412e-07 0.00453751 3.8559e-07 0.588823 0.00253094 0.000119576 0.0289992 3.532e-08 2.46634e-08 0.0530985 0.156325 1.24777e-10 
0.00877837 0.00136481 0.510451 9.67814e-06 1.74508e-06 1.08387e-06 6.31544e-09 1.25958e-09 8.70375e-06 0.00698266 3.49867e-06 8.65864e-06 0.389082 2.27177e-06 0.00223086 1.08882e-06 0.000101069 2.29426e-05 0.0809451 3.82186e-06 
0.62201 0.0110779 0.0126033 5.1649e-05 0.0130424 3.74867e-05 1.42006e-05 1.17558e-05 0.00250216 0.00514425 0.00109874 0.140642 0.0112231 0.0027667 0.0123933 0.000799133 1.66637e-05 0.0686484 0.0771168 0.0187995 
0.235844 0.00020843 0.000798887 1.28731e-08 2.67504e-06 7.12065e-06 0.00339687 1.56938e-09 1.87998e-09 0.00199664 8.38352e-09 0.0229171 0.726891 6.86592e-09 0.0015657 3.58424e-06 9.61339e-07 1.30032e-05 0.00635384 1.42604e-08 
0.00683334 0.000290848 0.00469435 3.75642e-07 1.64856e-10 5.62862e-08 1.1602e-06 1.08478e-10 0.0123513 0.00230481 0.00022364 0.055085 0.908858 0.00197164 0.00151077 0.00204816 0.000847401 0.00297853 5.87105e-07 9.85696e-10 
0.0340049 0.00790501 0.00851818 1.01934e-06 0.0033421 8.06325e-07 0.00679183 1.24269e-07 1.27815e-05 0.0387862 0.00260328 0.0959892 0.175683 5.43667e-07 7.86631e-06 0.000287705 1.97155e-07 0.625791 0.000273141 1.12918e-06 
0.0131407 0.000669182 0.240931 1.9407e-06 2.70796e-06 4.66301e-10 0.039282 7.18652e-11 0.00824635 0.109957 3.839e-10 0.116259 0.422827 4.21884e-07 0.00669994 6.61548e-07 5.57059e-08 0.021005 0.0209771 6.53013e-10 
7.59273e-07 0.00417459 0.0640891 6.74823e-08 0.0176541 1.21173e-07 0.001558 4.82742e-12 0.0759533 0.00389945 9.30087e-08 0.0656795 0.265586 0.000421699 0.446128 0.00256973 0.000471696 0.0370078 0.0148061 4.3865e-11 
0.0641672 0.0127901 0.0314242 0.195481 0.00443031 2.42635e-05 4.13761e-07 3.2782e-08 0.0115464 0.0711955 0.0234454 0.0637379 0.00429631 0.00271283 0.0109357 0.00433887 0.0529212 0.197722 0.24883 1.59272e-07 
0.0289456 0.000140733 6.20271e-05 6.9804e-07 1.29327e-07 5.52168e-07 4.26677e-07 8.50987e-08 1.01941e-07 0.00039783 5.50486e-05 0.000811469 0.960215 2.40429e-05 5.24832e-06 1.97329e-07 1.35011e-07 0.00909999 0.000240277 7.73262e-07 
0.0878322 0.0513428 0.466885 1.98512e-07 1.73652e-06 0.00618924 9.33339e-06 3.11501e-10 2.48096e-06 0.0505712 0.00149648 0.168305 0.159986 0.000885343 4.33474e-06 0.00133486 7.71536e-05 0.00507474 1.85236e-06 2.8305e-09 
0.0145954 0.0151806 0.0161757 4.48593e-06 0.00810946 0.0174312 0.00390735 6.02844e-07 7.41086e-05 0.0173723 0.852172 0.0294407 0.0208913 3.90209e-05 0.000773148 2.82914e-06 0.000157467 0.00339413 0.000274353 3.53445e-06 
0.216191 0.00025421 0.0067666 0.000197741 0.00242765 0.00229398 0.00266603 6.24039e-05 0.00348487 0.000588903 0.00172672 0.0782147 0.0216331 0.000102113 0.0987543 0.000770912 0.000203901 0.0912841 0.467361 0.0050155 
0.00683334 0.000290848 0.00469435 3.75642e-07 1.64856e-10 5.62862e-08 1.1602e-06 1.08478e-10 0.0123513 0.00230481 0.00022364 0.055085 0.908858 0.00197164 0.00151077 0.00204816 0.000847401 0.00297853 5.87105e-07 9.85696e-10 
0.00075341 1.31471e-07 0.050016 0.000146282 1.30295e-06 1.34419e-10 1.0387e-10 2.07164e-11 0.140754 0.00183828 1.10666e-10 0.538782 5.25474e-07 9.40867e-06 0.11274 4.80376e-11 3.28669e-11 0.12268 0.0322786 1.88242e-10 
0.165692 0.00739615 0.00839442 1.05187e-06 0.00850077 0.00150103 0.356004 1.28234e-07 0.129633 0.0208343 0.00019052 0.0484265 0.245472 5.61017e-07 0.00097828 0.00649826 1.80799e-05 0.000299024 0.000159548 1.16522e-06 
0.00496099 0.0160288 7.70807e-09 5.21745e-08 9.43254e-06 2.49971e-06 3.18917e-08 6.36065e-09 0.00223057 0.107488 3.39783e-08 0.635803 0.00269574 1.42463e-05 0.196594 0.00695925 1.74836e-05 4.86284e-05 0.0256354 0.00151229 
0.355219 0.0100389 0.0154197 0.00105445 0.0120393 0.000598783 0.000646909 8.58737e-05 0.00440362 0.00980803 0.000371298 0.295544 0.0110936 0.00312655 0.0146055 0.000302375 0.0323482 0.030492 0.202606 0.000196531 
0.0283571 1.59394e-05 0.0515769 1.06147e-07 0.0257519 8.39649e-08 0.00724082 1.29405e-08 0.00015704 0.0176503 0.00121403 0.00279638 0.645982 2.40789e-05 0.00324555 0.00222372 0.000845219 0.197091 0.015828 1.17585e-07 
0.155637 0.00339192 0.0358503 0.00139748 0.34681 0.00664645 0.000286405 3.90829e-07 0.00512862 0.000676996 3.62172e-05 0.229322 0.00174553 8.98235e-05 0.00189088 3.29247e-05 1.07875e-05 0.199566 0.0110007 0.000479598 
0.103957 0.00234706 0.0420143 0.0485566 0.000773856 1.78849e-07 0.000784152 7.2984e-11 2.55999e-06 0.0419275 0.0173975 0.157932 0.437431 0.00176425 0.0578827 1.69237e-10 0.000198178 0.038676 0.048356 6.63179e-10 
0.126412 0.00032723 0.0313675 1.61272e-05 0.00917329 0.00337734 0.000325031 1.36372e-05 0.0767224 0.0112175 0.000140874 0.00621208 0.01912 0.00760668 0.037462 0.000151182 6.89371e-05 0.305827 0.350965 0.0134938 
0.00598388 0.0118608 1.36966e-05 7.56256e-08 0.00560786 5.98218e-08 0.000807538 9.21959e-09 0.000129412 0.251597 4.92506e-08 0.000234248 0.670447 4.03351e-08 0.0393924 0.000178776 0.00269041 0.0107373 0.000319511 8.37751e-08 
0.003591 0.000217058 0.00807375 1.80827e-05 0.000989325 0.000321795 5.98296e-06 1.10672e-06 0.0153953 0.00592154 0.000209448 0.00147388 0.436475 2.87877e-06 0.0208128 5.74338e-06 1.81122e-05 0.0807399 0.422365 0.00336142 
0.0280151 0.0451221 0.197073 0.510889 0.000511455 9.65269e-08 7.45893e-08 1.48765e-08 0.0282314 0.00775996 7.94694e-08 0.00133389 0.0940296 0.000231666 3.83381e-05 3.97044e-05 2.13007e-05 0.0853752 0.00132758 1.35177e-07 
0.245777 1.39292e-05 0.0169872 6.38717e-05 0.00462837 0.279847 8.73068e-05 5.90871e-09 0.0245961 8.23133e-05 0.000209688 6.22999e-07 0.348137 8.65878e-08 4.6334e-07 0.00015226 1.22104e-07 0.0154341 0.063975 7.7778e-06 
1.19582e-10 2.14366e-10 3.03991e-07 9.43729e-10 5.21994e-06 7.46514e-10 5.76855e-10 1.15051e-10 0.172691 0.00135401 6.14596e-10 0.0111242 1.82638e-10 1.33468e-07 0.00350753 1.95181e-05 2.14718e-07 0.790989 0.0203087 1.04543e-09 
0.00069166 6.36946e-06 0.00517484 3.54856e-05 0.000112701 0.00022052 4.91415e-05 1.70166e-06 4.54452e-05 0.000979718 0.00638478 0.000290846 0.981574 0.000456969 0.00269096 0.000159991 0.00010988 0.000237626 0.000753283 2.36866e-05 
0.00367522 0.00194441 0.00347087 0.000190836 0.00256775 1.61696e-11 2.85809e-06 2.49202e-12 0.0223791 0.0048832 1.51796e-07 0.933876 2.8696e-05 1.17497e-05 0.00391143 7.82294e-05 1.29878e-09 0.0215459 0.00143322 2.98512e-10 
0.512576 0.00726279 0.0211191 0.000535213 0.0372986 0.000975878 0.0445072 0.00018732 0.0289166 0.0268224 0.000398918 0.0639984 0.0120151 0.00466884 0.0532089 0.000510699 0.00244755 0.126474 0.0550202 0.00105659 
0.00683334 0.000290848 0.00469435 3.75642e-07 1.64856e-10 5.62862e-08 1.1602e-06 1.08478e-10 0.0123513 0.00230481 0.00022364 0.055085 0.908858 0.00197164 0.00151077 0.00204816 0.000847401 0.00297853 5.87105e-07 9.85696e-10 
1.40413e-05 9.28777e-10 2.04787e-05 4.08886e-09 1.4773e-05 3.56108e-06 2.49932e-09 4.98477e-10 5.01651e-06 0.00231136 1.22517e-05 8.61103e-06 0.997595 4.14571e-06 6.00791e-06 1.15588e-09 1.10797e-06 3.36477e-06 7.52468e-07 4.52948e-09 
0.00775151 0.0555194 0.348417 6.67571e-05 0.00431972 3.99722e-05 0.00141603 9.89904e-06 0.00379459 0.0840906 0.00434642 0.00975916 0.315153 0.00125247 0.00476431 0.0129411 0.000105267 0.0253345 0.0802313 0.0406869 
6.26443e-08 5.59283e-07 0.000861075 8.48773e-07 5.35812e-08 7.37724e-11 1.36872e-07 1.13696e-11 0.00138995 2.8079e-06 6.07359e-11 3.09825e-08 0.946548 2.08963e-07 6.86094e-09 0.0511953 1.80381e-11 1.25086e-07 8.18476e-07 1.03312e-10 
0.127962 0.00155988 0.0131407 7.18132e-11 0.0171238 5.68061e-11 0.000176779 8.75481e-12 0.344083 2.80477e-08 4.67678e-11 0.0912617 3.9344e-08 1.34736e-08 0.00310009 1.06651e-08 3.68126e-08 0.349176 0.0524155 7.95519e-11 
0.167473 0.114798 0.109197 2.89285e-05 0.0251999 2.41474e-05 0.0275074 1.6865e-09 0.000634021 0.131702 0.00351872 0.0886568 0.0436564 2.56003e-07 0.0080133 0.000925965 2.08629e-05 0.186584 0.0920591 1.53246e-08 
0.0524647 0.0181243 0.0639805 3.55586e-07 0.00163099 8.74757e-07 0.0138698 2.20582e-09 0.0425924 0.102746 1.70103e-06 0.00766257 0.586893 0.00513736 0.0223376 0.00713905 2.01027e-06 0.0554933 0.0199234 2.00435e-08 
0.0443597 0.00625525 0.586299 5.52158e-05 0.00608089 0.00024263 0.0122519 1.8802e-05 0.0223679 0.000189901 0.00010711 0.237048 0.00086921 0.000794368 0.000175272 0.00252933 0.000335418 0.0352418 0.0446294 0.000149416 
5.16884e-07 0.0250895 0.0712988 1.81672e-09 3.36585e-10 1.43707e-09 1.11047e-09 2.21478e-10 2.65311e-10 0.0638264 1.21341e-06 2.82401e-07 0.836656 9.62233e-07 0.00213936 2.5313e-06 4.37019e-07 0.00062878 0.000355164 2.01249e-09 
0.0207312 0.00117612 0.0837704 1.97379e-05 0.716146 2.39506e-05 7.43264e-05 1.08251e-07 0.000645717 0.0109649 0.000188296 0.00564295 0.0059542 0.00119057 0.0101574 2.51015e-07 1.24396e-05 0.0698454 0.073455 9.83636e-07 
0.904524 0.000174203 0.043793 2.95174e-09 0.00135326 4.96297e-07 0.000266981 3.59849e-10 0.00195826 0.0102721 0.000154181 0.000807919 0.0242233 1.00074e-06 0.0024739 2.06998e-05 9.66801e-07 0.0094071 0.000568934 3.26982e-09 
2.0189e-06 2.20719e-05 0.000510867 1.05452e-06 0.100304 2.06997e-05 3.56362e-06 1.90658e-07 6.11358e-05 0.000981216 3.68834e-07 1.28611e-05 0.255252 1.86425e-06 0.00091008 1.01649e-05 4.62582e-07 0.0204635 0.621376 6.59429e-05 
0.00135064 8.87255e-07 0.00235932 3.90607e-06 0.00026447 3.0898e-06 0.0118782 4.76193e-07 5.70438e-07 0.00247112 2.5438e-06 0.00125374 0.883338 0.000146702 0.0803424 5.85933e-05 7.55489e-07 0.0110867 0.00543339 4.32699e-06 
0.124529 0.00474575 0.209766 3.45321e-06 0.000220131 8.46541e-05 0.0471281 2.15359e-09 0.0102565 0.0571514 1.15044e-08 0.161575 0.00978354 0.000274914 0.0450519 2.84824e-06 9.22047e-07 0.168698 0.160727 1.144e-06 
0.000330341 9.44818e-05 0.0491879 1.40839e-08 5.04331e-05 1.11407e-08 8.60878e-09 1.71698e-09 0.00507395 0.00425693 1.35359e-05 0.00174089 0.929134 4.71568e-06 7.79687e-05 9.92999e-05 2.61398e-06 0.00233132 0.00757491 2.68847e-05 
0.00748241 1.60066e-09 0.552321 7.04677e-09 0.058307 5.57418e-09 4.30734e-09 8.59078e-10 0.0284724 0.187433 5.24921e-06 0.0020865 0.14124 3.75841e-09 4.15136e-06 2.58211e-06 1.36295e-09 2.4702e-06 0.0226425 7.80614e-09 
0.158956 0.000844692 0.070462 0.000949797 0.000542746 0.00484897 0.000475338 5.89908e-06 0.000381788 0.0789005 0.580196 0.0804405 0.00409712 0.000104593 0.0011616 1.85489e-05 4.15236e-05 0.0152558 0.00224169 7.50279e-05 
0.0133424 0.00303551 0.000833993 1.08025e-07 2.00139e-08 0.000104429 6.60303e-08 1.31694e-08 1.57758e-08 0.0128891 0.000288623 0.0045464 0.949854 5.76154e-08 0.0102426 0.000330856 0.000275804 0.00421475 4.07092e-05 1.19666e-07 
5.20159e-06 1.74753e-05 0.0512124 1.25755e-07 8.23374e-05 9.94759e-08 0.000114807 1.5331e-08 1.83652e-08 0.00989089 1.2249e-05 3.00742e-05 0.897354 9.71528e-06 0.0130524 2.5437e-05 2.43229e-08 1.92956e-06 0.0281905 1.39307e-07 
0.00750198 2.32254e-05 0.0254567 5.12281e-05 0.000388975 0.0316579 3.22628e-05 1.31666e-06 0.000995677 0.0067751 0.000780156 0.00203032 0.890492 6.01021e-05 0.00240923 0.000463806 0.000785989 0.0140682 0.0134556 0.00257038 
0.0319559 0.00166692 0.0477066 0.0664767 0.032109 0.0327181 7.83662e-06 5.29103e-08 0.00776654 0.167818 0.000980718 5.07146e-05 0.478439 2.11518e-05 0.000103326 2.76116e-05 1.91501e-05 0.130497 0.00163494 4.80776e-07 
0.0181901 0.000794249 0.00102322 6.56761e-08 0.00330641 3.0278e-07 1.11291e-06 8.00663e-09 6.73363e-07 0.0150302 9.45099e-07 0.00449687 0.00766885 1.3652e-06 0.000126319 8.59575e-07 2.62822e-07 0.000570232 0.00335069 0.945437 
3.09436e-08 6.2676e-07 0.018136 8.11308e-10 3.04534e-05 1.92594e-06 2.92637e-06 9.89073e-11 1.18483e-10 1.20854e-06 5.28358e-10 2.64313e-06 0.317285 5.06316e-06 4.52117e-06 0.00208848 2.66917e-07 0.0820521 0.580388 8.98735e-10 
0.0619903 0.649184 0.047046 0.000843197 0.00365009 1.3793e-05 0.0129448 1.74449e-07 0.00167454 0.123903 0.0011842 0.0384291 0.0359218 0.000205606 0.000428014 0.0176274 0.000165988 0.00458969 0.000197074 1.58516e-06 
0.00615213 0.00294002 0.00416105 1.14989e-05 0.0261408 1.22097e-05 3.59514e-05 2.14172e-08 0.000482146 0.0477973 1.94673e-05 0.0450874 0.799387 0.000299693 0.00381969 0.000491279 1.27235e-05 0.0202458 0.0429036 1.94611e-07 
0.00313281 2.37749e-06 0.110932 7.58399e-10 0.036646 5.99914e-10 4.63572e-10 9.24572e-11 0.0960201 0.0244833 0.00613805 0.00633755 0.00484514 5.38017e-06 0.0909523 0.241683 1.46685e-10 0.225271 0.15355 8.40125e-10 
0.0434404 0.0917378 0.390958 2.94305e-10 8.78968e-06 2.32803e-10 1.79894e-10 3.5879e-11 2.96604e-07 0.0502133 1.01009e-05 0.358787 0.0549662 1.72681e-06 1.64934e-06 0.0079372 1.19594e-07 0.00193525 1.29708e-06 2.61141e-07 
0.0403887 0.00519532 0.0103449 0.000136855 0.00515116 1.50025e-10 2.09442e-06 2.31214e-11 0.020227 0.00323467 3.70865e-07 0.888716 2.05992e-05 0.0026701 0.00279477 5.60665e-05 2.91782e-06 0.0181003 0.00295855 1.08767e-09 
6.28672e-08 6.19481e-07 0.0691029 3.44601e-10 1.26309e-06 0.00159635 0.000254132 4.20106e-11 0.000958331 0.0269141 0.021602 3.28493e-07 0.874252 8.08007e-07 0.0027899 4.08445e-07 0.000450272 5.22987e-05 0.002024 3.81736e-10 
0.210127 3.05206e-07 0.0564623 9.06963e-05 0.103901 3.64031e-05 0.17435 3.09626e-08 0.00127881 0.0270671 0.351657 0.0136496 0.00627798 4.7792e-05 0.000123037 2.19426e-05 6.73616e-05 0.0148749 0.0331471 0.00681913 
4.23346e-06 2.64297e-08 0.730535 4.61961e-07 2.64683e-06 0.000731217 9.08458e-06 1.40444e-10 0.0220815 0.0168263 0.221955 4.55097e-06 1.40014e-05 0.00763067 1.22472e-05 2.05203e-06 1.67136e-06 0.000160425 2.89268e-05 1.27617e-09 
5.15225e-07 0.0163108 0.201047 0.000404049 2.8752e-11 1.22758e-10 0.000666414 1.89192e-11 1.42803e-07 0.0290239 8.18731e-07 6.07573e-07 0.740059 8.27703e-11 0.00708058 3.72464e-06 1.5311e-07 0.00300736 0.00239475 1.73631e-08 
0.00750896 0.00426275 2.30893e-05 1.42598e-10 2.72145e-07 1.12799e-10 8.71631e-11 1.73843e-11 0.00882251 6.23071e-07 9.28658e-11 0.559229 5.06785e-05 5.85698e-07 1.22638e-05 4.0311e-11 4.69142e-08 0.309605 0.110484 1.57965e-10 
0.215907 0.21318 0.0371519 7.88123e-07 0.00652402 1.27045e-08 0.025079 1.95799e-09 0.0138729 0.0891979 0.0521067 0.0349044 0.00215352 0.000254991 0.00635251 0.000172669 3.01221e-06 0.30307 6.44461e-05 4.6136e-06 
0.116023 0.0273982 0.0380248 0.0144623 0.00751919 0.000155007 0.0072876 1.91026e-05 0.0118867 0.0655406 0.0130329 0.0607246 0.512276 4.44519e-05 0.0134443 0.00235541 7.29529e-05 0.0878107 0.0218899 3.18348e-05 
0.0116327 0.0469173 0.0978502 3.97819e-07 0.0553381 1.10242e-07 1.45949e-07 2.42371e-11 7.60717e-07 0.227161 1.29473e-10 0.177836 0.00985094 4.81509e-05 0.0756273 9.17219e-06 1.57694e-07 0.222866 0.0748623 2.20234e-10 
0.972068 8.60485e-08 3.01836e-05 4.90095e-07 0.0122122 0.000239042 4.45092e-08 5.95376e-11 0.00918657 2.06283e-06 8.00313e-08 0.000164718 1.79909e-07 2.60473e-10 9.47502e-08 6.39108e-08 9.44575e-11 0.00502216 0.00107307 7.05495e-07 
0.00364939 0.00194088 0.00253448 4.39262e-10 0.000610557 2.78168e-07 7.30815e-06 5.35509e-11 1.12224e-05 0.000277766 4.87513e-06 0.0101333 0.00246989 1.28119e-05 0.000440369 9.34112e-06 1.26321e-06 0.00125621 0.000379414 0.976261 
0.623304 0.000460125 0.0753543 4.35963e-06 0.00179778 0.00164631 0.00120681 4.12483e-08 0.000877527 0.00129196 0.00359046 0.166157 0.00723287 1.20741e-05 0.00582898 1.92944e-05 3.56542e-06 0.100251 0.0109609 3.74808e-07 
0.0270912 0.0419466 0.000385883 0.00342999 0.00152678 0.00424758 0.000263784 1.15044e-08 0.0154635 0.117517 0.0393314 0.0138663 0.648103 5.03308e-08 0.0215708 8.17254e-05 0.000133813 0.0650379 2.30272e-06 1.04536e-07 
2.04826e-07 3.67176e-07 0.00604213 1.61646e-06 0.00404333 1.27866e-06 9.88063e-07 1.97064e-07 2.36066e-07 0.00133443 1.05271e-06 0.0069911 0.957387 8.62144e-07 0.00590363 4.56958e-07 3.12647e-07 0.00168629 0.0166023 1.79065e-06 
0.229644 0.11767 0.0720351 1.00601e-05 0.0071944 1.84759e-05 2.82798e-05 2.67254e-06 0.0147579 0.0981372 0.0644569 0.0272236 0.242866 0.00284301 2.14471e-05 0.00118696 3.56486e-05 0.105828 0.0159394 0.000101708 
0.78745 0.00781032 0.00921035 6.9841e-06 0.126744 2.42375e-06 0.000119874 1.97039e-08 9.60644e-05 0.0116417 0.000191304 0.00674176 0.000766506 3.83988e-06 1.23822e-06 4.35318e-05 2.01061e-06 0.0491287 1.19876e-05 2.68061e-05 
0.000978599 3.74177e-05 0.879251 1.86496e-09 0.0128935 2.17687e-07 1.62531e-06 2.27359e-10 0.00190068 0.0733484 0.00561413 0.000450674 0.000542451 9.94681e-10 2.71127e-06 7.57581e-08 3.6071e-10 0.00778639 0.0171917 2.06593e-09 
0.0133325 3.76994e-06 0.0672492 4.89661e-06 9.66588e-06 0.0125992 3.42745e-06 4.5315e-10 5.42835e-10 1.93511e-06 2.4207e-09 0.0694367 0.540426 0.00282357 0.0439012 1.05078e-09 7.18931e-10 0.119277 0.130931 4.11761e-09 
0.0251216 0.00607472 6.89343e-05 2.73689e-09 0.000814697 2.80033e-07 3.02883e-05 3.33657e-10 0.000257985 0.890742 3.09373e-06 0.0709711 0.000185626 1.65645e-08 0.000126387 0.000833628 5.29353e-10 0.00318792 0.00158124 5.81713e-09 
0.00227064 0.337897 0.0240433 8.87812e-06 0.0485747 0.000166968 0.0878015 4.58002e-06 0.114399 0.01548 7.94931e-05 0.033188 0.00456412 0.000576346 0.0206327 0.000192514 7.0378e-06 0.178463 0.131636 1.43082e-05 
0.0190278 0.114637 0.146854 3.39141e-05 0.0084522 0.000407103 0.00139749 1.55852e-05 0.00214603 0.0685918 0.00117118 0.06993 0.413312 9.78095e-05 0.00762388 5.79951e-05 0.000105375 0.0139473 0.12299 0.00920053 
0.0363227 0.00060432 0.000295897 0.00542211 0.0497761 3.81426e-06 4.56933e-05 5.48979e-09 0.000659103 2.12038e-06 2.93262e-08 0.723758 9.1368e-06 5.09862e-06 0.00142325 1.33472e-06 3.83637e-06 0.0382671 0.143401 4.98837e-08 
0.000255338 0.00460818 0.00983734 7.4798e-06 0.0107896 5.91672e-06 9.85014e-06 9.1187e-07 0.0361957 1.86411e-05 4.87116e-06 0.828063 0.00219579 0.00191902 0.000131428 2.11447e-06 1.4467e-06 0.0252519 0.0806934 8.28584e-06 
