0.00118983 0.00128441 0.00023491 6.09683e-12 2.91635e-08 4.82275e-12 8.21786e-08 0.914453 0.00229435 0.0513828 2.01826e-07 2.40393e-07 3.95376e-05 0.0037093 0.0161215 0.00717548 8.20563e-05 0.000555589 0.00147647 6.75383e-12 
0.0103709 0.191879 0.0118091 0.000157484 0.00292774 0.000667209 0.000455721 0.2485 0.00665784 0.158608 6.5709e-11 0.00837715 0.0838219 0.0245295 0.000300032 0.193048 5.37495e-05 0.011313 0.0465244 1.11771e-10 
5.45434e-05 0.00145495 0.00186127 1.52358e-05 2.2656e-06 1.32711e-09 3.06728e-05 0.742027 0.000542629 0.00861195 1.21025e-12 0.00321587 0.000287135 0.000743178 0.000496519 0.238613 1.3685e-08 0.00147347 0.000570409 2.05864e-12 
0.00598525 0.0144392 0.00476073 0.00544551 6.22775e-05 5.65112e-08 0.000253484 0.445122 0.000183266 0.107893 2.79968e-10 0.010317 0.0197511 0.000400724 0.00256356 0.368701 3.03176e-05 0.00481314 0.00927804 4.76225e-10 
0.00212738 0.0232974 0.14851 0.000365104 3.17592e-05 2.11575e-07 1.00937e-05 0.283017 0.0112036 0.215761 0.000177589 0.00229436 0.0268413 5.73093e-05 9.16329e-05 0.243334 0.0291395 0.0110921 0.00264913 3.48755e-07 
0.000602962 0.00311403 0.00155982 4.14068e-10 0.0152716 4.46301e-10 0.00070973 0.734612 0.00192653 0.0624477 1.8212e-08 0.022502 0.000115906 0.000294798 0.114 0.00503803 1.4018e-05 0.0262135 0.0115773 1.32586e-12 
0.00821914 0.00230368 0.00376994 0.000104425 0.00441634 8.62643e-07 0.000999102 0.749074 0.00338339 0.053845 0.00197373 0.0379757 0.00120059 0.00765255 0.0357811 0.00265899 0.000251935 0.009088 0.0773018 1.61969e-12 
0.0175911 0.0182606 0.0172216 0.00117113 0.0020501 0.00544516 0.000523118 0.662592 0.00198015 0.166021 0.00981381 0.00876769 0.00830643 0.00275075 0.0219345 0.0100264 0.000179257 0.0247809 0.0205847 3.47088e-07 
0.000602962 0.00311403 0.00155982 4.14068e-10 0.0152716 4.46301e-10 0.00070973 0.734612 0.00192653 0.0624477 1.8212e-08 0.022502 0.000115906 0.000294798 0.114 0.00503803 1.4018e-05 0.0262135 0.0115773 1.32586e-12 
0.00475526 0.0178294 0.00781198 7.88598e-08 0.00550156 3.8739e-09 8.34942e-05 0.552111 0.00100024 0.31608 3.96906e-05 0.0126735 0.000264317 0.000588294 0.000630009 0.0514473 3.78288e-07 0.023065 0.00611623 2.52738e-06 
0.0181575 0.0151237 0.00327076 7.73304e-10 0.0436248 8.31107e-10 0.00194066 0.418308 0.00109223 0.158089 5.76326e-08 0.239436 0.00118779 0.000140608 0.0645486 0.00413937 6.6941e-06 0.01713 0.0138042 3.68476e-10 
5.45434e-05 0.00145495 0.00186127 1.52358e-05 2.2656e-06 1.32711e-09 3.06728e-05 0.742027 0.000542629 0.00861195 1.21025e-12 0.00321587 0.000287135 0.000743178 0.000496519 0.238613 1.3685e-08 0.00147347 0.000570409 2.05864e-12 
0.000401979 0.00207603 0.00103988 3.436e-10 0.0101811 3.70316e-10 0.000473166 0.814642 0.00128436 0.0498282 1.43794e-08 0.0150014 7.72733e-05 0.000196542 0.076 0.00359539 9.34619e-06 0.0174757 0.00771821 1.22321e-12 
0.00396849 0.004932 0.00144343 1.38324e-06 0.000521581 1.21328e-07 0.00365829 0.675386 0.00211133 0.171862 0.00111388 0.00469781 0.00234661 0.0322016 0.0755442 0.00815268 0.000238383 0.0062473 0.00557267 1.55701e-12 
0.00739887 0.0115876 0.0208067 0.000153344 0.00573459 1.24404e-05 0.000192718 0.524493 0.000663288 0.233264 0.000206383 0.0240608 0.00238759 0.0026044 0.0155834 0.113014 8.52577e-05 0.0266476 0.0111025 1.12944e-06 
0.0023246 0.00390066 0.0101096 0.00263255 0.00175188 8.94836e-07 0.000329012 0.803328 0.00817889 0.0789771 0.000162231 0.00951083 0.00145501 0.00182054 0.00955571 0.0292183 5.59631e-05 0.0309249 0.00576034 2.59048e-06 
0.00726668 0.010767 0.0793735 6.74395e-06 0.0051072 5.14343e-09 0.000226209 0.548693 0.0207859 0.218405 2.28053e-07 0.00453879 0.00440554 3.97662e-06 0.000409947 0.028749 1.71785e-05 0.0703063 0.000937871 8.1197e-11 
0.00489302 0.0242509 0.034519 3.705e-08 0.00291591 8.92766e-05 0.00161526 0.287039 0.00123125 0.169813 0.0100722 0.171803 0.172697 0.000164657 0.0570556 0.0188397 0.000434971 0.0248246 0.0177419 1.12635e-11 
0.00598219 0.0188372 0.00607566 0.00553285 6.19578e-05 1.07182e-08 0.000275763 0.504554 0.000387992 0.0766547 1.77169e-11 0.0171042 0.0197428 0.000502549 0.00425455 0.323075 3.00557e-05 0.00725341 0.00967527 3.01365e-11 
0.00215444 0.00595051 0.0108607 5.86981e-05 0.00202241 2.12513e-06 0.00526927 0.703836 0.00753967 0.140122 0.00158478 0.012032 0.0124155 0.00935975 0.0292661 0.0306359 1.85193e-05 0.0182915 0.00857983 1.44807e-10 
0.0103551 0.176051 0.0099103 0.000220393 0.00033887 5.36214e-10 0.00010488 0.400029 0.00095016 0.272649 0.000679658 0.0140309 0.0179332 0.000237205 0.0226102 0.00319155 8.14311e-06 0.0424571 0.0282432 7.50919e-10 
0.00118983 0.00128441 0.00023491 6.09683e-12 2.91635e-08 4.82275e-12 8.21786e-08 0.914453 0.00229435 0.0513828 2.01826e-07 2.40393e-07 3.95376e-05 0.0037093 0.0161215 0.00717548 8.20563e-05 0.000555589 0.00147647 6.75383e-12 
0.0317441 0.00320213 0.0084276 5.63563e-05 0.181172 5.38229e-07 0.00624018 0.406888 0.00202382 0.189342 7.09027e-07 0.0167662 1.68214e-05 1.51104e-06 0.0298303 0.00199627 3.2753e-06 0.109977 0.0123127 1.47925e-08 
0.000601634 0.00387773 0.00106794 0.00054614 0.000152159 9.17091e-09 8.88924e-06 0.844443 0.000496665 0.119462 7.6882e-07 0.0105679 3.89207e-07 3.70363e-06 0.0118618 0.00365328 6.2641e-07 0.000775641 0.00248025 1.2843e-08 
0.00298428 0.00822158 0.0021117 7.45209e-07 0.000358283 4.19623e-08 0.00165808 0.813077 0.00108032 0.105809 0.000381938 0.00528641 0.0017018 0.0110677 0.0301524 0.00428296 8.17392e-05 0.00599367 0.00575023 2.40062e-12 
0.00573114 0.00823444 0.00363123 1.78984e-06 0.000349849 5.20031e-07 0.00311672 0.740491 0.00532686 0.106516 0.000565157 0.00327029 0.00231474 0.00115338 0.0946106 0.00652668 5.08091e-05 0.00610191 0.0120075 2.92801e-12 
0.000602962 0.00311403 0.00155982 4.14068e-10 0.0152716 4.46301e-10 0.00070973 0.734612 0.00192653 0.0624477 1.8212e-08 0.022502 0.000115906 0.000294798 0.114 0.00503803 1.4018e-05 0.0262135 0.0115773 1.32586e-12 
0.0151669 0.00235054 0.0442524 0.00229218 0.00099786 1.231e-05 0.00106135 0.331209 0.0864616 0.0471781 0.000152797 0.0761648 0.00335439 0.032937 0.0499416 0.0037441 0.0162269 0.0487205 0.237775 1.4193e-10 
0.000261105 0.00556189 0.00435792 1.68597e-06 3.68847e-05 3.33952e-08 0.000110709 0.895735 0.000137122 0.0636781 2.30457e-05 0.000251984 0.000253579 2.08204e-06 1.33235e-07 0.0204395 3.95522e-07 0.00902767 0.000120861 1.26916e-10 
0.00145506 0.00447312 0.00464632 0.00288955 0.00552637 2.22932e-09 0.000416742 0.837918 0.000701669 0.017866 2.47598e-07 0.121008 0.000459575 4.80188e-06 3.23581e-05 0.00017172 2.91616e-06 0.000280691 0.00214622 8.56021e-12 
0.0003419 0.00058978 0.00158531 2.79234e-06 0.000246581 1.20758e-08 8.15183e-05 0.825627 0.00920723 0.0586813 4.95445e-05 0.000667331 3.82866e-05 0.00112038 0.00492904 0.0533936 4.03363e-05 0.0421351 0.00126323 2.48542e-12 
0.000602962 0.00311403 0.00155982 4.14068e-10 0.0152716 4.46301e-10 0.00070973 0.734612 0.00192653 0.0624477 1.8212e-08 0.022502 0.000115906 0.000294798 0.114 0.00503803 1.4018e-05 0.0262135 0.0115773 1.32586e-12 
0.00342129 0.00293331 0.00435661 1.66764e-05 0.00432636 6.61316e-07 0.00278528 0.811475 0.0109488 0.0887042 0.000188295 0.00919757 0.00171748 0.00026172 0.033214 0.00344294 2.08832e-05 0.0173574 0.00563112 1.09323e-07 
0.00411878 0.083745 0.010819 7.7213e-07 0.00285479 3.45742e-06 0.00150072 0.279572 0.00513543 0.191222 0.00208579 0.0153686 0.0081456 0.0513591 0.0584004 0.257855 0.000463635 0.0197003 0.00764986 2.40511e-08 
0.00301362 0.00376551 0.00669279 2.68767e-05 0.00282444 4.21035e-08 0.00195144 0.712896 0.00123568 0.150002 0.000482246 0.0128927 0.00137866 0.0114978 0.0280755 0.0500123 9.17622e-05 0.00703233 0.00612841 3.31761e-12 
0.00449454 0.00405938 0.00139556 3.12505e-05 0.000157971 0.0122652 0.0014341 0.554181 0.00182264 0.343394 0.00524687 0.00299539 0.00574493 0.0167679 0.0276477 0.00797785 0.000394422 0.00687198 0.00311766 5.13858e-11 
0.00409368 0.00596894 0.00261676 2.23729e-06 0.000249893 3.71532e-07 0.00222623 0.811296 0.00380491 0.0787001 0.000403687 0.00234853 0.00165697 0.000848979 0.067579 0.00505852 3.62927e-05 0.00444277 0.00866653 2.27163e-12 
0.0162472 0.00372704 0.0339952 0.00323578 0.0293256 1.47828e-05 0.000983334 0.285132 0.0307747 0.166999 0.000352085 0.12434 0.014272 0.000792628 0.00958011 0.081513 0.000535173 0.0710321 0.127149 1.68567e-07 
0.0139744 0.0439892 0.0115292 5.72088e-06 0.00139321 3.92072e-07 0.00241746 0.322623 0.0164528 0.25579 0.000213934 0.00236956 0.0230115 0.00860167 0.112092 0.072012 0.0779078 0.0313166 0.00429918 6.42875e-07 
0.015166 0.0075309 0.230978 9.26717e-08 0.000157943 4.45236e-06 3.5129e-09 0.400978 1.4785e-06 0.0827284 3.29938e-06 0.000269421 0.0127229 1.36461e-05 0.000503532 0.238019 3.27372e-07 0.0108784 3.63882e-05 7.21605e-06 
0.00083073 0.0117498 0.00215558 3.18502e-08 4.20952e-05 2.65306e-12 6.7019e-05 0.948225 9.74624e-05 0.0297212 2.18423e-12 0.00228183 0.000336891 7.05771e-10 0.000263852 0.000469456 6.487e-13 0.00219279 0.00156616 3.71536e-12 
1.18024e-08 0.00113063 0.00281913 9.09494e-07 0.00193898 9.92284e-10 0.000130367 0.836497 0.000126414 0.146864 4.44029e-08 6.04063e-06 5.03112e-07 7.22719e-06 2.37484e-08 0.00605124 1.97505e-05 0.00437479 3.27846e-05 6.35981e-10 
0.0320296 0.00150017 0.00612306 0.00210085 9.96298e-05 1.44214e-12 1.9747e-07 0.438135 3.97776e-08 0.429405 2.22856e-07 0.00221442 0.00537748 1.09975e-07 0.0250564 0.0132316 0.000146329 0.00181163 0.0427687 2.01959e-12 
0.00083073 0.0117498 0.00215558 3.18502e-08 4.20952e-05 2.65306e-12 6.7019e-05 0.948225 9.74624e-05 0.0297212 2.18423e-12 0.00228183 0.000336891 7.05771e-10 0.000263852 0.000469456 6.487e-13 0.00219279 0.00156616 3.71536e-12 
0.00237518 0.00860313 0.000434825 2.97288e-05 7.61851e-05 5.0816e-07 0.000638045 0.623114 0.0009491 0.311028 4.30981e-05 0.00240574 0.000246256 0.00878089 0.0268878 0.00361431 0.000213069 0.00867095 0.00188909 3.90888e-10 
0.00238121 0.00382416 0.00309592 0.0999565 0.000488079 2.25399e-09 0.00127538 0.287729 0.0025862 0.229181 2.85365e-06 0.00825549 0.0292562 9.22826e-05 0.0166014 0.241629 2.78384e-06 0.0697647 0.0038779 1.18065e-10 
1.18024e-08 0.00113063 0.00281913 9.09494e-07 0.00193898 9.92284e-10 0.000130367 0.836497 0.000126414 0.146864 4.44029e-08 6.04063e-06 5.03112e-07 7.22719e-06 2.37484e-08 0.00605124 1.97505e-05 0.00437479 3.27846e-05 6.35981e-10 
0.00154127 0.0193169 0.027991 2.9477e-06 0.00826741 9.6221e-09 0.000137333 0.325644 0.0193383 0.11355 9.02447e-05 0.0421494 0.00164294 0.00775786 0.0608603 0.233548 8.67793e-05 0.0987511 0.0393198 3.82491e-06 
0.000351812 0.00734095 0.0362009 6.3789e-11 0.000186515 5.04588e-11 3.89911e-11 0.636235 1.08102e-07 0.290674 2.6251e-08 2.2081e-07 1.2345e-11 3.07443e-07 7.32284e-08 0.000229035 2.07574e-08 0.0287805 7.1891e-08 8.55748e-09 
0.00577566 0.0798736 0.0791206 1.99907e-06 0.0130744 0.000792238 0.0070884 0.615387 0.00528444 0.0605224 1.30188e-06 0.0168819 0.00216689 0.00746448 0.0166577 0.0472444 3.86648e-07 0.0381701 0.00448956 2.21449e-06 
0.000379055 0.00860153 0.00687356 6.59984e-05 4.64436e-05 3.5477e-08 2.94656e-05 0.712959 0.000402363 0.123792 0.000187647 0.000983299 0.000267801 0.0121577 0.000766826 0.125502 3.02041e-05 0.0062038 0.000750453 1.46167e-10 
0.00103454 0.000338693 0.00124339 8.80258e-05 0.00472591 6.03687e-07 0.0108039 0.912383 0.00440957 0.00470218 6.75939e-05 0.0363568 1.18526e-05 2.47811e-05 0.000618065 0.00016456 6.1846e-06 0.00788138 0.015139 6.08212e-10 
0.000382676 0.00929721 0.00597523 0.0116867 0.000104172 1.57438e-06 3.49853e-05 0.837411 0.000257199 0.0720433 2.69987e-05 0.0163483 0.00061466 6.50745e-06 0.015899 0.0124967 1.51196e-05 0.00387268 0.0135263 1.38972e-11 
0.0166144 0.00917998 0.0224868 4.61408e-05 0.0042248 3.84847e-08 0.000436949 0.779584 0.00156482 0.051558 0.000118556 0.0695238 0.0130328 0.0023239 0.00654679 0.00161415 0.000145086 0.0014496 0.0195094 4.02376e-05 
0.000673301 0.000734074 0.00202279 7.07038e-06 0.0114226 2.70108e-09 2.43255e-06 0.821899 0.000254725 0.145673 9.67552e-06 0.0105405 0.000162224 2.93006e-06 0.000273676 0.000815017 1.50656e-06 0.00540965 9.05319e-05 5.33973e-06 
0.00158104 0.00239312 0.00317172 8.98665e-07 0.000387888 6.12683e-06 0.0180019 0.794034 0.00354195 0.0568247 0.0568859 0.0111653 0.00575725 0.00117912 0.0235242 0.00151549 0.000247763 0.00206055 0.0177209 8.45621e-12 
0.00179376 0.0353414 0.0381164 8.98016e-06 0.00101163 3.60768e-05 0.00260402 0.411776 0.00824343 0.273595 4.89323e-06 0.0501562 0.00218639 4.15632e-05 0.052633 0.0578338 1.84361e-05 0.031345 0.0332541 9.90911e-11 
0.00118983 0.00128441 0.00023491 6.09683e-12 2.91635e-08 4.82275e-12 8.21786e-08 0.914453 0.00229435 0.0513828 2.01826e-07 2.40393e-07 3.95376e-05 0.0037093 0.0161215 0.00717548 8.20563e-05 0.000555589 0.00147647 6.75383e-12 
1.18024e-08 0.00113063 0.00281913 9.09494e-07 0.00193898 9.92284e-10 0.000130367 0.836497 0.000126414 0.146864 4.44029e-08 6.04063e-06 5.03112e-07 7.22719e-06 2.37484e-08 0.00605124 1.97505e-05 0.00437479 3.27846e-05 6.35981e-10 
0.051561 0.020911 0.0571155 0.00157041 0.0340825 3.86632e-07 0.000394806 0.282876 0.0154037 0.0824397 0.00114192 0.142283 0.0169931 0.000651702 0.0176437 0.00145109 9.6936e-06 0.0130567 0.256595 0.00382033 
0.00612783 0.0047458 0.0128649 0.00120064 0.000682121 0.000845029 0.00171647 0.479168 0.00115872 0.0528606 0.0362544 0.155038 0.107488 6.65717e-05 0.0979334 0.000764457 0.000369261 0.0365726 0.00414268 2.40821e-07 
0.00118983 0.00128441 0.00023491 6.09683e-12 2.91635e-08 4.82275e-12 8.21786e-08 0.914453 0.00229435 0.0513828 2.01826e-07 2.40393e-07 3.95376e-05 0.0037093 0.0161215 0.00717548 8.20563e-05 0.000555589 0.00147647 6.75383e-12 
0.0437875 0.00770342 0.00830141 0.00328611 0.0361945 4.34543e-07 0.00113015 0.291579 0.120097 0.111139 0.000115653 0.0583719 0.0245103 0.000841613 0.0754251 0.0142128 0.00249382 0.179817 0.0209928 8.13724e-11 
0.00396849 0.004932 0.00144343 1.38324e-06 0.000521581 1.21328e-07 0.00365829 0.675386 0.00211133 0.171862 0.00111388 0.00469781 0.00234661 0.0322016 0.0755442 0.00815268 0.000238383 0.0062473 0.00557267 1.55701e-12 
0.01015 0.0140836 0.022818 0.000889844 0.013701 5.33807e-05 0.0135664 0.649857 0.00882785 0.128704 0.00943395 0.0182218 0.0116623 0.000538531 0.0382055 0.00314172 7.96357e-05 0.0345224 0.0215436 1.18215e-08 
0.000145311 0.00062903 0.00221332 9.15475e-12 7.57741e-05 4.92392e-08 1.79144e-08 0.96562 5.63811e-05 0.0302924 5.23189e-08 0.000300967 5.87388e-05 5.77838e-05 5.06218e-05 0.000368513 7.19623e-08 0.000121159 9.96082e-06 1.01413e-11 
0.00545739 0.0115502 0.110447 5.72711e-06 0.0038357 2.42718e-08 0.000171815 0.58532 0.0355856 0.163822 1.04363e-06 0.00340703 0.00330781 3.21426e-06 0.000308555 0.023317 1.32111e-05 0.0527405 0.000705713 1.41878e-09 
5.45434e-05 0.00145495 0.00186127 1.52358e-05 2.2656e-06 1.32711e-09 3.06728e-05 0.742027 0.000542629 0.00861195 1.21025e-12 0.00321587 0.000287135 0.000743178 0.000496519 0.238613 1.3685e-08 0.00147347 0.000570409 2.05864e-12 
0.0074254 0.00917209 0.0286944 0.0151958 0.000954571 3.83527e-05 0.0125446 0.579286 0.0296119 0.0568017 0.000270477 0.0433191 0.00557146 0.00199107 0.052062 0.00874916 0.0036264 0.0331554 0.11153 6.11151e-11 
8.18143e-05 0.00209776 0.00275765 1.8295e-05 3.39814e-06 1.88191e-09 4.6008e-05 0.618434 0.000813931 0.011412 1.61738e-12 0.0047943 0.000428143 0.00105451 0.000744776 0.354373 1.92679e-08 0.00213559 0.00080487 2.75116e-12 
0.000334131 0.0292199 0.0151978 8.53804e-07 0.00184153 6.48764e-09 1.62774e-06 0.442993 0.00982563 0.434285 0.000421122 0.000195937 4.34316e-07 0.000281125 1.53237e-07 0.00541665 8.58755e-05 0.056833 0.00306645 1.26658e-08 
0.00263747 0.00423968 0.0258442 0.000187833 0.00179851 1.74607e-05 0.001765 0.324641 0.0140209 0.0245444 0.000835762 0.159697 0.00539514 8.96024e-05 0.251355 0.0039105 5.8471e-05 0.0879245 0.091038 2.48701e-12 
0.000366073 0.00573009 0.00391863 2.02881e-05 0.0069939 1.4262e-05 0.000162099 0.653664 0.00565051 0.0587309 2.2552e-05 0.0116124 0.00284446 0.00391891 0.00229954 0.164228 3.53919e-05 0.0619848 0.0178039 1.24389e-08 
0.0106193 0.118341 0.0230991 3.90721e-05 0.0051216 0.00442036 0.000882461 0.381871 0.00237274 0.185983 0.0251465 0.0464299 0.037186 0.00191263 0.0409892 0.0617524 0.000132847 0.0150443 0.0382303 0.000426703 
9.14737e-08 0.000254201 0.000175342 1.21165e-06 0.00615153 1.19218e-10 0.00321981 0.834392 0.00187746 0.138491 3.03702e-07 0.00170745 4.82002e-05 8.03832e-11 0.000281418 0.0124294 2.12537e-06 0.00091287 5.61326e-05 1.66954e-10 
0.00318337 0.000631641 0.00325594 8.62475e-05 0.00776627 4.51613e-07 0.000111113 0.849307 0.0034505 0.0429652 0.00137045 0.0337258 0.000133014 2.99712e-05 0.00118459 0.00161714 5.78514e-05 0.0101189 0.0410048 2.48678e-10 
0.00317198 0.00444305 0.00838842 3.20893e-05 0.00244012 1.01049e-07 0.00118392 0.786245 0.00176039 0.0957113 0.000185131 0.0102811 0.000885236 0.000325 0.0202634 0.0514987 1.41094e-05 0.00574373 0.00742741 4.31997e-12 
0.00703211 0.00553796 0.00534164 2.49169e-08 0.000503014 9.6807e-07 5.46782e-05 0.457746 0.0390797 0.392803 0.000138232 0.00684015 0.000779963 0.0123278 0.0324635 0.0105808 0.000278524 0.0142089 0.0142826 3.39189e-11 
6.70601e-05 0.0105241 0.00491102 6.93762e-09 0.00138723 1.31417e-08 0.000682855 0.657313 3.27188e-05 0.119 2.29473e-11 0.00255636 0.000151449 1.73775e-05 0.00089214 0.198735 5.42522e-09 0.00354653 0.000183409 3.90334e-11 
0.00588897 0.00668107 0.0115689 0.000124311 0.00724809 0.000248899 0.00122281 0.685587 0.0205475 0.0978624 0.00179502 0.0238095 0.00276074 0.00624053 0.0194314 0.0344882 0.00545087 0.0460425 0.023 1.35127e-06 
0.00184761 0.0019918 0.00221439 4.04811e-06 0.000391628 1.38953e-07 0.000702535 0.882067 0.00970875 0.0472276 0.000501454 0.00160669 0.00063466 0.00201002 0.0245781 0.00588284 4.69047e-05 0.0158611 0.00272264 3.30191e-12 
0.00083073 0.0117498 0.00215558 3.18502e-08 4.20952e-05 2.65306e-12 6.7019e-05 0.948225 9.74624e-05 0.0297212 2.18423e-12 0.00228183 0.000336891 7.05771e-10 0.000263852 0.000469456 6.487e-13 0.00219279 0.00156616 3.71536e-12 
0.00028727 0.000519507 0.00399604 6.08568e-06 0.000645745 3.08204e-08 2.69237e-05 0.674345 0.0220495 0.0740886 0.00012912 0.00173133 7.34069e-05 4.80374e-05 0.0103121 0.0999577 9.33603e-06 0.108794 0.00298019 1.68045e-12 
0.00861298 0.00047027 0.00544011 0.000296196 0.00856402 1.17903e-06 5.34693e-05 0.698658 0.00313225 0.00413116 0.000557268 0.07826 0.000262853 9.64855e-05 0.0038527 0.000310218 6.89521e-05 0.00767364 0.179558 1.25947e-12 
0.00248609 0.00133126 0.00309288 4.45601e-05 0.00181694 3.18201e-07 0.000287764 0.889578 0.00121166 0.024216 0.000545143 0.0246453 0.000441314 0.000151948 0.012891 0.00105127 2.1147e-05 0.00241144 0.0337766 3.01283e-12 
0.0462215 0.0196962 0.143933 0.000177503 0.00433152 0.0101658 0.0414268 0.278212 0.00110498 0.0996574 0.000149022 0.241604 0.0065297 0.000825221 0.0134058 0.000861046 2.56461e-05 0.000843578 0.0908224 7.77979e-06 
0.01493 0.0354289 0.041872 4.75411e-05 0.00327286 8.19327e-05 0.00228599 0.381657 0.00616865 0.359399 0.00182705 0.0281504 0.0198283 0.00104032 0.0088171 0.0366489 0.00936884 0.024235 0.0249394 8.749e-07 
0.000145311 0.00062903 0.00221332 9.15475e-12 7.57741e-05 4.92392e-08 1.79144e-08 0.96562 5.63811e-05 0.0302924 5.23189e-08 0.000300967 5.87388e-05 5.77838e-05 5.06218e-05 0.000368513 7.19623e-08 0.000121159 9.96082e-06 1.01413e-11 
0.00903863 0.0165484 0.000656233 6.8856e-11 0.0014966 5.44669e-11 0.00011135 0.660673 0.00295128 0.188409 9.97579e-07 0.00209169 0.00176402 0.015808 0.0360118 0.0506231 0.00016575 0.00884746 0.00480318 7.6276e-11 
0.000518535 0.0123996 0.00305555 2.65661e-05 0.000504811 6.29247e-08 1.06991e-06 0.498091 0.00258789 0.157659 1.40264e-11 0.00324475 0.000481697 0.000172565 0.000290092 0.319965 3.46561e-08 0.00091479 8.73111e-05 2.38589e-11 
0.00228672 0.00735915 6.52345e-05 1.47002e-05 4.01085e-08 2.36527e-09 0.00036548 0.348922 0.000941377 0.322935 2.65766e-07 0.0068016 7.47273e-05 3.20388e-06 0.298494 0.00525615 8.15891e-05 0.00268345 0.00371571 1.71537e-11 
0.00510233 0.0053596 0.0017859 1.01685e-09 0.000670599 1.559e-07 0.0047035 0.63429 0.00271456 0.171189 0.00140061 0.00587234 0.00296536 0.0413107 0.0971283 0.0100041 0.000306491 0.00803223 0.00716486 1.68423e-12 
0.000145311 0.00062903 0.00221332 9.15475e-12 7.57741e-05 4.92392e-08 1.79144e-08 0.96562 5.63811e-05 0.0302924 5.23189e-08 0.000300967 5.87388e-05 5.77838e-05 5.06218e-05 0.000368513 7.19623e-08 0.000121159 9.96082e-06 1.01413e-11 
0.000194516 0.000475545 0.00176325 0.000140289 0.0101638 1.04023e-06 4.50705e-05 0.933331 0.00377643 0.00483424 3.30885e-05 0.0154516 1.04788e-05 3.78183e-05 4.98461e-05 0.000289411 4.37652e-07 0.0138372 0.0155645 1.15417e-09 
0.00083073 0.0117498 0.00215558 3.18502e-08 4.20952e-05 2.65306e-12 6.7019e-05 0.948225 9.74624e-05 0.0297212 2.18423e-12 0.00228183 0.000336891 7.05771e-10 0.000263852 0.000469456 6.487e-13 0.00219279 0.00156616 3.71536e-12 
0.00415607 0.00645558 0.01618 0.00606968 0.00253111 8.94149e-05 0.000966498 0.526464 0.0329828 0.220612 0.00237373 0.0172325 0.00814822 0.00767247 0.029456 0.0293714 0.00158759 0.059551 0.0280992 9.02997e-09 
0.00726668 0.010767 0.0793735 6.74395e-06 0.0051072 5.14343e-09 0.000226209 0.548693 0.0207859 0.218405 2.28053e-07 0.00453879 0.00440554 3.97662e-06 0.000409947 0.028749 1.71785e-05 0.0703063 0.000937871 8.1197e-11 
0.00118958 0.00231198 0.00452915 1.29216e-05 0.00208694 9.87106e-07 0.00116343 0.733628 0.0106949 0.0336021 1.07011e-05 0.00978131 0.000832957 0.00754284 0.0233657 0.151723 7.39621e-05 0.0101573 0.0072925 3.70278e-12 
0.000155429 0.00323206 0.00481441 0.0705031 3.96116e-05 3.20755e-06 2.59359e-08 0.849088 0.000272851 0.0602517 2.51955e-08 0.00121878 0.000366838 2.19652e-08 0.00146357 0.00293552 1.32626e-06 0.00126506 0.00438829 1.73564e-11 
0.00505014 0.0283317 0.0194174 3.25709e-06 0.0152832 6.50063e-05 0.00324893 0.385179 0.0395337 0.141849 0.00315222 0.00385311 0.133013 0.00946348 0.115543 0.00963158 0.00148314 0.0329497 0.0529489 4.22647e-07 
0.00409368 0.00596894 0.00261676 2.23729e-06 0.000249893 3.71532e-07 0.00222623 0.811296 0.00380491 0.0787001 0.000403687 0.00234853 0.00165697 0.000848979 0.067579 0.00505852 3.62927e-05 0.00444277 0.00866653 2.27163e-12 
0.000238 0.000347818 0.00164476 2.79001e-05 0.000128438 1.02975e-09 8.27825e-06 0.957399 4.70278e-05 0.0124753 7.87377e-07 0.0184718 0.000114163 4.48377e-06 0.000859112 0.000139168 9.50787e-07 8.17425e-05 0.00801122 3.34127e-12 
0.00316698 0.0117177 0.0268378 3.69196e-05 0.00510418 1.85916e-06 0.000571035 0.435093 0.0216031 0.168913 0.000152639 0.0639107 0.0119632 0.00247451 0.0195295 0.184593 4.32999e-05 0.0235287 0.0207589 3.003e-08 
0.0126313 0.0191591 0.0973003 0.000185698 0.0408575 1.52773e-08 0.000901398 0.577988 0.0124655 0.114938 0.0128861 0.0107329 0.00259022 4.2231e-05 0.00114741 0.0197072 7.41541e-06 0.0482183 0.0282414 1.30704e-09 
0.00325339 0.00740307 0.0149543 0.000253361 0.00493145 7.3311e-05 0.00190732 0.612942 0.0098295 0.158948 0.00172433 0.0560343 0.00450737 0.00749722 0.0394743 0.0481039 0.000106885 0.0172077 0.0108465 2.12644e-06 
5.45434e-05 0.00145495 0.00186127 1.52358e-05 2.2656e-06 1.32711e-09 3.06728e-05 0.742027 0.000542629 0.00861195 1.21025e-12 0.00321587 0.000287135 0.000743178 0.000496519 0.238613 1.3685e-08 0.00147347 0.000570409 2.05864e-12 
0.000401979 0.00207603 0.00103988 3.436e-10 0.0101811 3.70316e-10 0.000473166 0.814642 0.00128436 0.0498282 1.43794e-08 0.0150014 7.72733e-05 0.000196542 0.076 0.00359539 9.34619e-06 0.0174757 0.00771821 1.22321e-12 
0.000553551 0.0120621 0.0168626 2.8003e-09 0.00374931 5.26757e-10 0.000445149 0.485881 0.00749654 0.380887 0.000426898 2.4613e-08 0.000990931 3.11754e-06 0.04122 0.0289969 1.96378e-05 0.0185473 0.00185777 3.11531e-10 
0.00699072 0.00831534 0.0171239 0.00416848 0.020986 0.000229096 0.00397504 0.529176 0.0617179 0.0170774 1.63563e-07 0.167282 0.000704049 0.000850866 0.00261968 0.00510663 0.000523986 0.0819965 0.0711559 1.63432e-07 
0.000261105 0.00556189 0.00435792 1.68597e-06 3.68847e-05 3.33952e-08 0.000110709 0.895735 0.000137122 0.0636781 2.30457e-05 0.000251984 0.000253579 2.08204e-06 1.33235e-07 0.0204395 3.95522e-07 0.00902767 0.000120861 1.26916e-10 
0.0181575 0.0151237 0.00327076 7.73304e-10 0.0436248 8.31107e-10 0.00194066 0.418308 0.00109223 0.158089 5.76326e-08 0.239436 0.00118779 0.000140608 0.0645486 0.00413937 6.6941e-06 0.01713 0.0138042 3.68476e-10 
0.000401979 0.00207603 0.00103988 3.436e-10 0.0101811 3.70316e-10 0.000473166 0.814642 0.00128436 0.0498282 1.43794e-08 0.0150014 7.72733e-05 0.000196542 0.076 0.00359539 9.34619e-06 0.0174757 0.00771821 1.22321e-12 
0.00218476 0.00221605 0.00354581 2.19452e-06 0.00111627 3.88139e-06 0.00102029 0.795045 0.00291535 0.0826908 0.0219665 0.00762067 0.0045044 0.00853821 0.0312112 0.0108331 0.000116389 0.0140609 0.0104083 4.98486e-12 
0.000166762 0.00032873 4.25987e-07 1.27761e-09 5.5526e-13 2.37072e-12 6.26431e-08 0.982087 1.79397e-05 0.0145652 8.49609e-11 1.67113e-10 2.06404e-07 0.000185244 2.1006e-05 0.00262199 3.25921e-08 1.77765e-06 3.36409e-06 3.31998e-12 
0.00655922 0.00037453 0.00416403 0.00024703 0.00649948 3.42254e-06 5.01075e-05 0.772489 0.00240455 0.0031294 0.000475956 0.0589198 0.00021158 9.13444e-05 0.0031135 0.000251335 6.27891e-05 0.00587108 0.135082 1.7938e-09 
0.000716049 0.00875172 0.0028148 2.4132e-06 4.25847e-05 6.05984e-10 7.636e-05 0.917197 0.000839115 0.0247643 1.97961e-12 0.00520048 0.000590523 8.41129e-05 0.000656244 0.0319128 6.85839e-09 0.00326288 0.00308833 3.36732e-12 
0.00137278 0.00317391 0.000673964 3.63048e-07 0.00202097 1.11404e-07 0.00128679 0.823665 0.000992514 0.102938 0.000402365 0.00400758 0.000731205 0.00818496 0.0376997 0.00425344 7.06732e-05 0.00551868 0.00300719 3.39529e-12 
0.000402394 0.0079658 0.00216748 4.906e-09 0.0101934 5.2762e-09 0.000474587 0.547048 0.00320851 0.291985 2.39561e-07 0.0150034 7.75292e-05 0.000197593 0.0760046 0.0191753 9.43266e-06 0.0183665 0.00771956 6.07929e-11 
0.00263747 0.00423968 0.0258442 0.000187833 0.00179851 1.74607e-05 0.001765 0.324641 0.0140209 0.0245444 0.000835762 0.159697 0.00539514 8.96024e-05 0.251355 0.0039105 5.8471e-05 0.0879245 0.091038 2.48701e-12 
0.00144589 0.00573912 0.00651165 0.000265804 0.00659099 2.95287e-07 0.00120619 0.420477 0.00635102 0.0613321 0.000954021 0.0255011 0.357199 0.000261615 0.0130645 0.0165091 5.11969e-05 0.0583982 0.0154935 0.00264841 
0.00717802 0.000145022 0.00231775 0.000194446 0.00572054 1.11381e-06 2.61389e-05 0.77259 0.00145379 0.00110542 0.00393305 0.0606109 7.01352e-05 4.526e-05 0.00113462 4.30574e-05 4.84342e-05 0.0053612 0.138021 1.50447e-12 
0.000602962 0.00311403 0.00155982 4.14068e-10 0.0152716 4.46301e-10 0.00070973 0.734612 0.00192653 0.0624477 1.8212e-08 0.022502 0.000115906 0.000294798 0.114 0.00503803 1.4018e-05 0.0262135 0.0115773 1.32586e-12 
0.000166762 0.00032873 4.25987e-07 1.27761e-09 5.5526e-13 2.37072e-12 6.26431e-08 0.982087 1.79397e-05 0.0145652 8.49609e-11 1.67113e-10 2.06404e-07 0.000185244 2.1006e-05 0.00262199 3.25921e-08 1.77765e-06 3.36409e-06 3.31998e-12 
5.9186e-05 0.00080447 7.29711e-06 8.28656e-12 0.000121717 8.3608e-08 1.27403e-08 0.955723 1.42212e-05 0.0425604 6.02576e-08 0.00015251 1.88786e-05 7.41254e-09 0.000105784 0.000320227 1.58493e-07 6.27883e-05 4.91702e-05 9.17952e-12 
0.000766585 0.00199972 0.00647074 5.91307e-06 0.000330605 1.21299e-08 0.00014373 0.560575 0.00732099 0.0368936 9.7321e-06 0.00742625 8.78157e-05 0.0214041 0.00882001 0.328948 8.64486e-05 0.00858419 0.0101263 4.37666e-12 
0.00153064 0.00129676 0.00362975 5.06854e-06 0.000876065 4.02381e-07 0.00245116 0.851122 0.00836352 0.0752951 1.84904e-05 0.00428907 0.000818368 0.0011539 0.0280322 0.00588318 4.98756e-05 0.0111411 0.00404307 3.0986e-10 
0.00083073 0.0117498 0.00215558 3.18502e-08 4.20952e-05 2.65306e-12 6.7019e-05 0.948225 9.74624e-05 0.0297212 2.18423e-12 0.00228183 0.000336891 7.05771e-10 0.000263852 0.000469456 6.487e-13 0.00219279 0.00156616 3.71536e-12 
0.000230166 0.00588591 0.0158734 2.49536e-06 0.0905174 4.28568e-09 6.17292e-08 0.465314 0.000756612 0.2159 5.9599e-08 0.0353046 0.000859814 2.3011e-08 0.0691045 0.0348781 8.03734e-06 0.049807 0.0155577 3.14707e-11 
0.00752507 0.0132367 0.0208682 0.000425174 0.00188564 2.00405e-05 0.000312693 0.746148 0.00624838 0.109601 0.000556135 0.0122666 0.00969885 0.00377483 0.00603016 0.0200382 0.000504637 0.017994 0.0228659 2.61036e-07 
0.00908094 0.058693 0.0149324 0.00116414 0.00968054 2.35376e-05 0.00121526 0.367468 0.00733753 0.345033 0.000876967 0.023961 0.0144164 0.00121072 0.0184999 0.0749882 0.000190248 0.0382613 0.0129331 3.36345e-05 
0.0339241 0.0102878 0.0335492 0.00149188 0.00711192 1.40768e-05 0.000443245 0.34122 0.0533495 0.0309746 0.000355907 0.128375 0.00376854 0.00831717 0.0639368 0.023323 0.0226761 0.0630656 0.173808 7.27196e-06 
0.000194516 0.000475545 0.00176325 0.000140289 0.0101638 1.04023e-06 4.50705e-05 0.933331 0.00377643 0.00483424 3.30885e-05 0.0154516 1.04788e-05 3.78183e-05 4.98461e-05 0.000289411 4.37652e-07 0.0138372 0.0155645 1.15417e-09 
0.0151619 0.00536805 0.0337751 0.000536331 0.00567767 1.65307e-05 0.000531959 0.471582 0.00839908 0.168411 0.00119496 0.013298 0.0165764 0.0378338 0.0118646 0.0510731 0.000833987 0.033715 0.121339 0.0028119 
0.00953937 0.00244031 0.0177935 4.36155e-05 0.011469 2.20364e-05 0.000684261 0.461186 0.0148334 0.0386354 0.0157194 0.112792 0.00873436 0.00923712 0.0838134 0.00216493 0.0215828 0.0391969 0.150111 2.31896e-07 
0.000191785 0.0160854 0.0102673 1.50594e-06 0.000681601 4.95295e-06 1.44273e-05 0.480261 0.00847991 0.433779 0.00186102 0.000235884 0.000378711 0.000712789 0.000565497 0.00737855 4.51962e-05 0.0375791 0.00147541 7.55425e-07 
0.00258263 0.00430791 0.00546428 4.23346e-05 0.00195989 4.95004e-07 0.00170755 0.685396 0.00798498 0.0882168 0.000150174 0.00852081 0.0972485 0.000511138 0.0222737 0.0493003 3.89051e-05 0.0179313 0.00577554 0.000587232 
0.00331573 0.00388861 0.008173 1.40232e-05 2.32331e-09 1.37964e-09 2.8036e-08 0.497744 0.00450719 0.339793 0.00214737 0.00489752 0.00462858 0.00314741 0.0264152 0.0738389 0.000148173 0.0218762 0.00546458 7.42814e-13 
4.37038e-05 0.000420963 0.00302649 1.26431e-08 0.00163588 1.61954e-09 1.9849e-08 0.960517 0.00385167 0.00562753 6.43124e-05 0.000288674 9.37359e-13 4.55887e-07 3.87451e-08 0.000143905 1.63451e-07 0.0242362 0.000142465 5.36548e-12 
0.000194516 0.000475545 0.00176325 0.000140289 0.0101638 1.04023e-06 4.50705e-05 0.933331 0.00377643 0.00483424 3.30885e-05 0.0154516 1.04788e-05 3.78183e-05 4.98461e-05 0.000289411 4.37652e-07 0.0138372 0.0155645 1.15417e-09 
5.45434e-05 0.00145495 0.00186127 1.52358e-05 2.2656e-06 1.32711e-09 3.06728e-05 0.742027 0.000542629 0.00861195 1.21025e-12 0.00321587 0.000287135 0.000743178 0.000496519 0.238613 1.3685e-08 0.00147347 0.000570409 2.05864e-12 
0.00132866 0.00164699 0.00213502 0.000170605 1.44566e-05 3.8541e-06 0.000768299 0.844024 0.00265345 0.0580402 6.23706e-05 0.00677022 0.00500727 0.0006309 0.0117367 0.0587272 5.11933e-05 0.00465506 0.00157358 1.84355e-11 
0.00793571 0.0115628 0.0230986 0.000236999 0.00647181 1.13803e-05 0.000234592 0.682407 0.0334002 0.0817246 0.0121444 0.0248464 0.00550156 0.0011778 0.00452568 0.0468987 2.08519e-05 0.0423512 0.0154499 7.8731e-08 
0.000155429 0.00323206 0.00481441 0.0705031 3.96116e-05 3.20755e-06 2.59359e-08 0.849088 0.000272851 0.0602517 2.51955e-08 0.00121878 0.000366838 2.19652e-08 0.00146357 0.00293552 1.32626e-06 0.00126506 0.00438829 1.73564e-11 
0.000327915 9.87928e-09 5.2695e-05 4.34927e-08 8.05794e-09 3.4748e-06 0.000654017 0.890115 0.000324575 0.00253552 0.000818599 3.07353e-09 0.0041715 0.100278 0.000220919 0.000211486 0.000132078 1.69358e-06 0.000152681 4.81795e-08 
0.164371 0.0391065 0.0385805 0.00145 0.0153508 2.44714e-07 0.00470344 0.20365 0.00844344 0.144086 0.000490537 0.144644 0.0369372 0.0205338 0.0077846 0.00234525 0.000103978 0.0205981 0.146677 0.000144392 
0.00494114 0.0017371 0.0182793 5.78174e-08 0.00288525 1.01465e-07 0.0029505 0.410387 0.00636269 0.0941649 0.000184048 0.00166439 0.00129045 0.028906 7.18516e-08 0.398136 1.72971e-08 0.00985069 0.0182594 1.16359e-11 
0.000401979 0.00207603 0.00103988 3.436e-10 0.0101811 3.70316e-10 0.000473166 0.814642 0.00128436 0.0498282 1.43794e-08 0.0150014 7.72733e-05 0.000196542 0.076 0.00359539 9.34619e-06 0.0174757 0.00771821 1.22321e-12 
0.00240338 0.0133201 0.0102759 1.95013e-05 5.15343e-05 0.00058289 0.00302405 0.715109 0.00020941 0.123974 0.0154761 0.0392913 0.0218917 0.000937767 0.0281922 0.00467652 0.000204642 0.00918924 0.011171 7.36996e-10 
0.0478951 0.00789601 0.0299192 4.37811e-08 0.0219185 3.52539e-11 6.04693e-08 0.319322 0.0928796 0.162108 3.89855e-06 0.097093 1.60072e-05 0.000340934 0.0065755 0.00248712 3.55038e-05 0.202943 0.00856636 4.93699e-11 
0.000125225 0.00492402 0.0017897 5.28131e-06 0.00139211 2.74325e-05 0.000432272 0.75995 0.0040084 0.134554 4.9223e-05 0.00287936 9.24669e-07 0.0674223 0.000589161 0.000185679 1.05023e-06 0.020816 0.000847969 3.89908e-09 
0.000194516 0.000475545 0.00176325 0.000140289 0.0101638 1.04023e-06 4.50705e-05 0.933331 0.00377643 0.00483424 3.30885e-05 0.0154516 1.04788e-05 3.78183e-05 4.98461e-05 0.000289411 4.37652e-07 0.0138372 0.0155645 1.15417e-09 
0.00726668 0.010767 0.0793735 6.74395e-06 0.0051072 5.14343e-09 0.000226209 0.548693 0.0207859 0.218405 2.28053e-07 0.00453879 0.00440554 3.97662e-06 0.000409947 0.028749 1.71785e-05 0.0703063 0.000937871 8.1197e-11 
0.0022011 0.00233585 0.00928334 1.46673e-05 0.0030797 3.88552e-07 9.49407e-06 0.897166 0.00162723 0.0473246 4.6259e-05 0.021447 8.4708e-05 0.000118924 0.00140889 0.000740535 8.05406e-07 0.0111689 0.00194119 1.36469e-08 
1.18024e-08 0.00113063 0.00281913 9.09494e-07 0.00193898 9.92284e-10 0.000130367 0.836497 0.000126414 0.146864 4.44029e-08 6.04063e-06 5.03112e-07 7.22719e-06 2.37484e-08 0.00605124 1.97505e-05 0.00437479 3.27846e-05 6.35981e-10 
0.00140366 0.00599399 0.00791883 6.5672e-06 0.00248881 5.80654e-05 0.0129081 0.70534 0.0161733 0.120116 0.000325758 0.0108862 0.000283376 0.000132339 0.0127138 0.0407998 2.15207e-05 0.0559071 0.00652275 6.45887e-09 
0.000602962 0.00311403 0.00155982 4.14068e-10 0.0152716 4.46301e-10 0.00070973 0.734612 0.00192653 0.0624477 1.8212e-08 0.022502 0.000115906 0.000294798 0.114 0.00503803 1.4018e-05 0.0262135 0.0115773 1.32586e-12 
0.000261105 0.00556189 0.00435792 1.68597e-06 3.68847e-05 3.33952e-08 0.000110709 0.895735 0.000137122 0.0636781 2.30457e-05 0.000251984 0.000253579 2.08204e-06 1.33235e-07 0.0204395 3.95522e-07 0.00902767 0.000120861 1.26916e-10 
0.000367117 0.0026626 0.0113302 1.15793e-05 0.00867531 3.28449e-06 0.000303542 0.565215 0.00195084 0.297606 1.10746e-07 0.0073295 7.02038e-05 3.94198e-06 0.00262161 0.00642179 0.0758445 0.0169678 0.00261457 2.26943e-09 
0.0181575 0.0151237 0.00327076 7.73304e-10 0.0436248 8.31107e-10 0.00194066 0.418308 0.00109223 0.158089 5.76326e-08 0.239436 0.00118779 0.000140608 0.0645486 0.00413937 6.6941e-06 0.01713 0.0138042 3.68476e-10 
9.2905e-05 0.0038379 0.00852204 2.55736e-05 0.000462191 4.24238e-08 0.00573193 0.686373 0.00260516 0.278177 0.000262955 0.000949588 4.2612e-05 0.000216461 7.20103e-05 0.00570567 5.43308e-05 0.0068487 1.96186e-05 2.08409e-09 
0.00574655 0.00558234 0.014128 6.584e-05 0.00160569 3.02799e-07 0.000229247 0.716398 0.00105539 0.155499 0.000960511 0.0238337 0.00775726 0.000241639 0.0127729 0.00652028 2.47069e-05 0.010887 0.0366899 1.28529e-06 
0.00409368 0.00596894 0.00261676 2.23729e-06 0.000249893 3.71532e-07 0.00222623 0.811296 0.00380491 0.0787001 0.000403687 0.00234853 0.00165697 0.000848979 0.067579 0.00505852 3.62927e-05 0.00444277 0.00866653 2.27163e-12 
0.00726668 0.010767 0.0793735 6.74395e-06 0.0051072 5.14343e-09 0.000226209 0.548693 0.0207859 0.218405 2.28053e-07 0.00453879 0.00440554 3.97662e-06 0.000409947 0.028749 1.71785e-05 0.0703063 0.000937871 8.1197e-11 
0.000338174 0.00151826 0.00316896 4.83049e-05 0.000327123 3.13449e-06 0.000125733 0.636192 0.01069 0.0233131 1.46678e-09 0.00392842 0.000114693 0.000533786 0.00117202 0.286482 2.29101e-05 0.020967 0.0110535 7.47469e-07 
0.00169864 0.000396701 0.0109929 1.87875e-08 0.0030573 4.94919e-05 5.07359e-08 0.495002 0.00170287 0.0908312 0.168292 0.00440416 0.191672 3.26816e-05 0.0138761 0.0043334 0.000515618 0.00592982 0.00721293 1.67168e-10 
0.00409368 0.00596894 0.00261676 2.23729e-06 0.000249893 3.71532e-07 0.00222623 0.811296 0.00380491 0.0787001 0.000403687 0.00234853 0.00165697 0.000848979 0.067579 0.00505852 3.62927e-05 0.00444277 0.00866653 2.27163e-12 
0.0119797 0.00607267 0.00294123 0.000159288 0.0147048 9.77644e-10 0.000271419 0.533122 0.00967003 0.226 0.00261395 0.0254998 0.00237316 0.00736602 0.0676171 0.0351085 4.94603e-05 0.0289415 0.0255096 1.0069e-07 
5.45434e-05 0.00145495 0.00186127 1.52358e-05 2.2656e-06 1.32711e-09 3.06728e-05 0.742027 0.000542629 0.00861195 1.21025e-12 0.00321587 0.000287135 0.000743178 0.000496519 0.238613 1.3685e-08 0.00147347 0.000570409 2.05864e-12 
0.0151009 0.0163189 0.0452996 6.41582e-07 0.00475511 6.41816e-07 6.4202e-07 0.577091 0.014008 0.0852139 6.41974e-07 0.0269909 6.42487e-07 6.42109e-07 6.42586e-07 0.00770931 6.42488e-07 0.192662 0.014845 6.4146e-07 
0.0181575 0.0151237 0.00327076 7.73304e-10 0.0436248 8.31107e-10 0.00194066 0.418308 0.00109223 0.158089 5.76326e-08 0.239436 0.00118779 0.000140608 0.0645486 0.00413937 6.6941e-06 0.01713 0.0138042 3.68476e-10 
0.0115705 0.0502864 0.026006 3.16795e-06 0.00782938 7.53119e-07 0.00061423 0.380962 0.00765415 0.310766 0.00444037 0.0486006 0.00145399 3.91599e-05 0.0472563 0.0342656 1.67558e-05 0.0461948 0.0220383 1.95418e-06 
0.000782648 0.0128338 0.00329677 9.7392e-06 2.93822e-05 0.000269213 0.00143392 0.80531 0.00016475 0.11721 0.00622461 0.0182086 0.0116585 0.000415007 0.0101212 0.00287251 9.44755e-05 0.00213438 0.00693034 1.38917e-11 
0.00210183 0.00473927 0.0175634 3.164e-06 0.0025722 1.04479e-05 0.000805561 0.572177 0.191448 0.0426154 1.72332e-08 0.00983757 0.00288022 6.44254e-05 0.0104069 0.00552885 2.64112e-06 0.0909149 0.0463277 3.98007e-11 
0.0254909 0.0249009 0.0206413 0.000767053 0.00150022 0.000131144 0.0524374 0.4081 0.0610279 0.221695 0.0019155 0.0336119 0.0396403 0.0306127 0.00335258 0.00561057 0.00608479 0.00567436 0.0568054 2.5179e-07 
0.00083073 0.0117498 0.00215558 3.18502e-08 4.20952e-05 2.65306e-12 6.7019e-05 0.948225 9.74624e-05 0.0297212 2.18423e-12 0.00228183 0.000336891 7.05771e-10 0.000263852 0.000469456 6.487e-13 0.00219279 0.00156616 3.71536e-12 
0.000553551 0.0120621 0.0168626 2.8003e-09 0.00374931 5.26757e-10 0.000445149 0.485881 0.00749654 0.380887 0.000426898 2.4613e-08 0.000990931 3.11754e-06 0.04122 0.0289969 1.96378e-05 0.0185473 0.00185777 3.11531e-10 
0.00194501 0.000227072 0.00164372 0.000133997 0.00179233 7.83355e-08 8.28558e-06 0.876702 0.000399871 0.00254736 3.76275e-06 0.0951734 9.4082e-06 1.13947e-05 0.00147671 0.000155777 1.5413e-07 0.00450548 0.0132641 8.09589e-13 
0.000654595 0.00105083 0.00205907 1.6585e-05 0.011334 4.97237e-12 6.16128e-07 0.775724 0.000240052 0.191443 2.63068e-06 0.0107309 0.000163725 9.97177e-07 0.000259159 0.0008729 5.29083e-07 0.00536332 8.19977e-05 8.87189e-07 
0.000167146 0.00293422 0.00439597 0.00684176 0.000253527 5.92284e-07 0.000207247 0.895996 0.000704972 0.0719511 3.33506e-05 0.000474799 0.000177947 5.94035e-05 0.00142116 0.00809244 5.11943e-06 0.00546583 0.000817037 1.30654e-09 
0.00605268 0.00489171 0.0192821 1.52532e-05 0.00965818 1.64521e-06 0.00211684 0.677566 0.00712053 0.134828 0.000293329 0.0150082 0.00271397 0.00508177 0.0728206 0.0224454 6.25134e-05 0.0118847 0.00815621 2.42353e-08 
0.00450068 0.00149925 0.00454588 1.93443e-05 0.000842095 1.95203e-06 0.0062922 0.836994 0.014367 0.0334493 3.37511e-05 0.0099377 0.00306647 0.000147747 0.0598395 0.00233692 1.78135e-05 0.0141564 0.00795236 6.08175e-12 
0.0047987 0.00545041 0.0370701 5.61778e-05 0.00241515 1.65257e-06 0.00468018 0.59229 0.00255702 0.175772 0.00478277 0.0169763 0.0108946 0.0208342 0.0742146 0.00707338 0.000404864 0.030867 0.00886101 1.93989e-10 
