0.000300698 0.00236969 0.00231846 3.96426e-06 0.0027963 8.94899e-08 0.000321873 0.829522 0.00342785 0.0287772 9.36649e-09 0.0108713 0.000313438 0.00161399 0.0253269 0.0774168 3.79678e-05 0.0101978 0.00438341 1.79349e-12 
5.45434e-05 0.00145495 0.00186127 1.52358e-05 2.2656e-06 1.32711e-09 3.06728e-05 0.742027 0.000542629 0.00861195 1.21025e-12 0.00321587 0.000287135 0.000743178 0.000496519 0.238613 1.3685e-08 0.00147347 0.000570409 2.05864e-12 
0.00598525 0.0144392 0.00476073 0.00544551 6.22775e-05 5.65112e-08 0.000253484 0.445122 0.000183266 0.107893 2.79968e-10 0.010317 0.0197511 0.000400724 0.00256356 0.368701 3.03176e-05 0.00481314 0.00927804 4.76225e-10 
0.00212738 0.0232974 0.14851 0.000365104 3.17592e-05 2.11575e-07 1.00937e-05 0.283017 0.0112036 0.215761 0.000177589 0.00229436 0.0268413 5.73093e-05 9.16329e-05 0.243334 0.0291395 0.0110921 0.00264913 3.48755e-07 
0.000602962 0.00311403 0.00155982 4.14068e-10 0.0152716 4.46301e-10 0.00070973 0.734612 0.00192653 0.0624477 1.8212e-08 0.022502 0.000115906 0.000294798 0.114 0.00503803 1.4018e-05 0.0262135 0.0115773 1.32586e-12 
7.90805e-12 0.0331531 9.22011e-12 6.24093e-11 1.15626e-11 4.93674e-11 4.20007e-08 0.701394 8.29482e-08 0.264816 4.06436e-11 4.41032e-12 5.49065e-06 8.99057e-08 6.54954e-12 0.000630424 1.20708e-11 4.04355e-12 4.78347e-12 6.91346e-11 
0.0175911 0.0182606 0.0172216 0.00117113 0.0020501 0.00544516 0.000523118 0.662592 0.00198015 0.166021 0.00981381 0.00876769 0.00830643 0.00275075 0.0219345 0.0100264 0.000179257 0.0247809 0.0205847 3.47088e-07 
0.000602962 0.00311403 0.00155982 4.14068e-10 0.0152716 4.46301e-10 0.00070973 0.734612 0.00192653 0.0624477 1.8212e-08 0.022502 0.000115906 0.000294798 0.114 0.00503803 1.4018e-05 0.0262135 0.0115773 1.32586e-12 
0.000602962 0.00311403 0.00155982 4.14068e-10 0.0152716 4.46301e-10 0.00070973 0.734612 0.00192653 0.0624477 1.8212e-08 0.022502 0.000115906 0.000294798 0.114 0.00503803 1.4018e-05 0.0262135 0.0115773 1.32586e-12 
0.0186477 0.0162724 0.0238917 0.00832366 0.00496645 0.000545496 0.00306777 0.388391 0.0178869 0.271484 0.00611848 0.0347547 0.0162337 0.00272227 0.0327488 0.0819426 0.000782526 0.0340189 0.0367643 0.000436371 
0.00699072 0.00831534 0.0171239 0.00416848 0.020986 0.000229096 0.00397504 0.529176 0.0617179 0.0170774 1.63563e-07 0.167282 0.000704049 0.000850866 0.00261968 0.00510663 0.000523986 0.0819965 0.0711559 1.63432e-07 
0.0400615 0.0566188 0.0262058 0.000186568 0.0433784 1.85847e-05 0.000256839 0.417585 0.0190263 0.0936339 0.0164018 0.0194685 0.0239801 0.00298308 0.0162043 0.161417 0.0182993 0.0262104 0.0172525 0.000811378 
5.45434e-05 0.00145495 0.00186127 1.52358e-05 2.2656e-06 1.32711e-09 3.06728e-05 0.742027 0.000542629 0.00861195 1.21025e-12 0.00321587 0.000287135 0.000743178 0.000496519 0.238613 1.3685e-08 0.00147347 0.000570409 2.05864e-12 
0.000401979 0.00207603 0.00103988 3.436e-10 0.0101811 3.70316e-10 0.000473166 0.814642 0.00128436 0.0498282 1.43794e-08 0.0150014 7.72733e-05 0.000196542 0.076 0.00359539 9.34619e-06 0.0174757 0.00771821 1.22321e-12 
0.00726668 0.010767 0.0793735 6.74395e-06 0.0051072 5.14343e-09 0.000226209 0.548693 0.0207859 0.218405 2.28053e-07 0.00453879 0.00440554 3.97662e-06 0.000409947 0.028749 1.71785e-05 0.0703063 0.000937871 8.1197e-11 
0.00409368 0.00596894 0.00261676 2.23729e-06 0.000249893 3.71532e-07 0.00222623 0.811296 0.00380491 0.0787001 0.000403687 0.00234853 0.00165697 0.000848979 0.067579 0.00505852 3.62927e-05 0.00444277 0.00866653 2.27163e-12 
0.00396849 0.004932 0.00144343 1.38324e-06 0.000521581 1.21328e-07 0.00365829 0.675386 0.00211133 0.171862 0.00111388 0.00469781 0.00234661 0.0322016 0.0755442 0.00815268 0.000238383 0.0062473 0.00557267 1.55701e-12 
0.00739887 0.0115876 0.0208067 0.000153344 0.00573459 1.24404e-05 0.000192718 0.524493 0.000663288 0.233264 0.000206383 0.0240608 0.00238759 0.0026044 0.0155834 0.113014 8.52577e-05 0.0266476 0.0111025 1.12944e-06 
0.0023246 0.00390066 0.0101096 0.00263255 0.00175188 8.94836e-07 0.000329012 0.803328 0.00817889 0.0789771 0.000162231 0.00951083 0.00145501 0.00182054 0.00955571 0.0292183 5.59631e-05 0.0309249 0.00576034 2.59048e-06 
0.00953395 0.00560926 0.00491398 7.57503e-06 0.000803087 5.21379e-07 0.00544292 0.502352 0.00358335 0.273682 0.000377871 0.0257129 0.0194826 0.000912403 0.0828007 0.00191345 2.61075e-05 0.0613264 0.00151861 1.66332e-11 
0.00238214 0.00377568 0.0131286 1.88339e-05 0.00447036 2.3818e-07 0.000350332 0.780803 0.00780116 0.10904 0.000669742 0.0101303 0.000238475 0.000415691 0.0116055 0.0146814 2.85371e-05 0.0273873 0.013073 9.62559e-10 
0.00489302 0.0242509 0.034519 3.705e-08 0.00291591 8.92766e-05 0.00161526 0.287039 0.00123125 0.169813 0.0100722 0.171803 0.172697 0.000164657 0.0570556 0.0188397 0.000434971 0.0248246 0.0177419 1.12635e-11 
0.00598219 0.0188372 0.00607566 0.00553285 6.19578e-05 1.07182e-08 0.000275763 0.504554 0.000387992 0.0766547 1.77169e-11 0.0171042 0.0197428 0.000502549 0.00425455 0.323075 3.00557e-05 0.00725341 0.00967527 3.01365e-11 
0.00482132 0.030685 0.0397011 2.94716e-06 0.00664128 7.85923e-07 0.000328523 0.285713 0.00326524 0.281258 0.000118673 0.0771239 0.00393237 1.83301e-06 0.120824 0.0514184 0.0260276 0.0266087 0.0415278 3.20261e-10 
0.0103551 0.176051 0.0099103 0.000220393 0.00033887 5.36214e-10 0.00010488 0.400029 0.00095016 0.272649 0.000679658 0.0140309 0.0179332 0.000237205 0.0226102 0.00319155 8.14311e-06 0.0424571 0.0282432 7.50919e-10 
0.00298428 0.00822158 0.0021117 7.45209e-07 0.000358283 4.19623e-08 0.00165808 0.813077 0.00108032 0.105809 0.000381938 0.00528641 0.0017018 0.0110677 0.0301524 0.00428296 8.17392e-05 0.00599367 0.00575023 2.40062e-12 
0.0101134 0.00902082 0.0170119 0.000556157 0.0050522 0.000104479 0.000507316 0.624793 0.00913328 0.0788282 0.0711669 0.0422783 0.0341689 0.00446634 0.0186069 0.00234526 0.00203293 0.0119641 0.0578492 2.67524e-07 
0.00396849 0.004932 0.00144343 1.38324e-06 0.000521581 1.21328e-07 0.00365829 0.675386 0.00211133 0.171862 0.00111388 0.00469781 0.00234661 0.0322016 0.0755442 0.00815268 0.000238383 0.0062473 0.00557267 1.55701e-12 
0.000194516 0.000475545 0.00176325 0.000140289 0.0101638 1.04023e-06 4.50705e-05 0.933331 0.00377643 0.00483424 3.30885e-05 0.0154516 1.04788e-05 3.78183e-05 4.98461e-05 0.000289411 4.37652e-07 0.0138372 0.0155645 1.15417e-09 
0.00409368 0.00596894 0.00261676 2.23729e-06 0.000249893 3.71532e-07 0.00222623 0.811296 0.00380491 0.0787001 0.000403687 0.00234853 0.00165697 0.000848979 0.067579 0.00505852 3.62927e-05 0.00444277 0.00866653 2.27163e-12 
0.000401979 0.00207603 0.00103988 3.436e-10 0.0101811 3.70316e-10 0.000473166 0.814642 0.00128436 0.0498282 1.43794e-08 0.0150014 7.72733e-05 0.000196542 0.076 0.00359539 9.34619e-06 0.0174757 0.00771821 1.22321e-12 
0.00145506 0.00447312 0.00464632 0.00288955 0.00552637 2.22932e-09 0.000416742 0.837918 0.000701669 0.017866 2.47598e-07 0.121008 0.000459575 4.80188e-06 3.23581e-05 0.00017172 2.91616e-06 0.000280691 0.00214622 8.56021e-12 
0.00117852 0.0024378 1.06531e-07 6.41542e-06 2.00004e-09 1.18911e-06 0.000172767 0.452302 0.00197722 0.374222 2.8288e-07 0.00080855 5.40956e-05 0.00121533 0.0127381 0.144702 3.13273e-05 0.00806295 8.89663e-05 8.6159e-12 
0.000602962 0.00311403 0.00155982 4.14068e-10 0.0152716 4.46301e-10 0.00070973 0.734612 0.00192653 0.0624477 1.8212e-08 0.022502 0.000115906 0.000294798 0.114 0.00503803 1.4018e-05 0.0262135 0.0115773 1.32586e-12 
0.00411878 0.083745 0.010819 7.7213e-07 0.00285479 3.45742e-06 0.00150072 0.279572 0.00513543 0.191222 0.00208579 0.0153686 0.0081456 0.0513591 0.0584004 0.257855 0.000463635 0.0197003 0.00764986 2.40511e-08 
0.00409368 0.00596894 0.00261676 2.23729e-06 0.000249893 3.71532e-07 0.00222623 0.811296 0.00380491 0.0787001 0.000403687 0.00234853 0.00165697 0.000848979 0.067579 0.00505852 3.62927e-05 0.00444277 0.00866653 2.27163e-12 
0.00409368 0.00596894 0.00261676 2.23729e-06 0.000249893 3.71532e-07 0.00222623 0.811296 0.00380491 0.0787001 0.000403687 0.00234853 0.00165697 0.000848979 0.067579 0.00505852 3.62927e-05 0.00444277 0.00866653 2.27163e-12 
0.0167953 0.0106697 0.0204161 0.00186496 0.00324514 3.0367e-06 0.00054492 0.615175 0.0567446 0.0804743 0.000834657 0.0482628 0.00827934 0.00674493 0.0156065 0.0433723 0.00127286 0.0377178 0.0319701 5.17134e-06 
0.0139744 0.0439892 0.0115292 5.72088e-06 0.00139321 3.92072e-07 0.00241746 0.322623 0.0164528 0.25579 0.000213934 0.00236956 0.0230115 0.00860167 0.112092 0.072012 0.0779078 0.0313166 0.00429918 6.42875e-07 
0.00279209 0.000417946 0.00343633 2.73414e-06 6.22924e-06 2.76164e-09 0.000170269 0.632343 0.00109591 0.303413 0.00048014 0.000758463 0.00200285 0.000139258 0.011877 0.0329314 5.38674e-06 0.00550114 0.00262624 7.85599e-11 
0.00879681 0.0340578 0.107014 0.00135827 0.0125775 2.94803e-08 0.000128171 0.504869 0.0148982 0.154925 0.00833758 0.0197986 0.00876266 0.00287082 0.00714493 0.00469095 4.45144e-05 0.0941666 0.015549 9.5127e-06 
0.015166 0.0075309 0.230978 9.26717e-08 0.000157943 4.45236e-06 3.5129e-09 0.400978 1.4785e-06 0.0827284 3.29938e-06 0.000269421 0.0127229 1.36461e-05 0.000503532 0.238019 3.27372e-07 0.0108784 3.63882e-05 7.21605e-06 
0.0013142 0.00651308 0.00412321 4.55323e-05 0.0015822 7.36516e-06 0.00431648 0.838564 0.00243721 0.0615236 0.000305093 0.00695151 0.00150007 0.00181866 0.0139888 0.0432879 3.88647e-05 0.00719586 0.00448666 1.20013e-09 
0.00118983 0.00128441 0.00023491 6.09683e-12 2.91635e-08 4.82275e-12 8.21786e-08 0.914453 0.00229435 0.0513828 2.01826e-07 2.40393e-07 3.95376e-05 0.0037093 0.0161215 0.00717548 8.20563e-05 0.000555589 0.00147647 6.75383e-12 
0.00083073 0.0117498 0.00215558 3.18502e-08 4.20952e-05 2.65306e-12 6.7019e-05 0.948225 9.74624e-05 0.0297212 2.18423e-12 0.00228183 0.000336891 7.05771e-10 0.000263852 0.000469456 6.487e-13 0.00219279 0.00156616 3.71536e-12 
1.18024e-08 0.00113063 0.00281913 9.09494e-07 0.00193898 9.92284e-10 0.000130367 0.836497 0.000126414 0.146864 4.44029e-08 6.04063e-06 5.03112e-07 7.22719e-06 2.37484e-08 0.00605124 1.97505e-05 0.00437479 3.27846e-05 6.35981e-10 
0.0320296 0.00150017 0.00612306 0.00210085 9.96298e-05 1.44214e-12 1.9747e-07 0.438135 3.97776e-08 0.429405 2.22856e-07 0.00221442 0.00537748 1.09975e-07 0.0250564 0.0132316 0.000146329 0.00181163 0.0427687 2.01959e-12 
0.000401979 0.00207603 0.00103988 3.436e-10 0.0101811 3.70316e-10 0.000473166 0.814642 0.00128436 0.0498282 1.43794e-08 0.0150014 7.72733e-05 0.000196542 0.076 0.00359539 9.34619e-06 0.0174757 0.00771821 1.22321e-12 
0.000145311 0.00062903 0.00221332 9.15475e-12 7.57741e-05 4.92392e-08 1.79144e-08 0.96562 5.63811e-05 0.0302924 5.23189e-08 0.000300967 5.87388e-05 5.77838e-05 5.06218e-05 0.000368513 7.19623e-08 0.000121159 9.96082e-06 1.01413e-11 
0.0103498 0.0374662 0.00995689 0.00049922 0.000334796 2.41858e-12 0.000103797 0.725516 0.000947617 0.115849 0.000676877 0.0140959 0.00304934 0.000314301 0.00557987 0.00370782 7.89917e-06 0.042984 0.0285609 3.387e-12 
0.00238121 0.00382416 0.00309592 0.0999565 0.000488079 2.25399e-09 0.00127538 0.287729 0.0025862 0.229181 2.85365e-06 0.00825549 0.0292562 9.22826e-05 0.0166014 0.241629 2.78384e-06 0.0697647 0.0038779 1.18065e-10 
0.0014283 0.0240346 0.00789774 1.42502e-06 8.22606e-05 4.05484e-10 0.000144708 0.853524 0.000242238 0.0472009 3.94965e-09 0.024547 0.00107291 1.8865e-06 0.00991791 0.0088781 5.75396e-06 0.00663916 0.0143812 4.76786e-12 
0.00153545 0.00219384 0.00247576 7.75308e-05 0.00285737 1.09714e-06 5.27584e-05 0.896664 0.0022313 0.00850208 0.000778305 0.0218197 0.000284513 0.000177968 0.00125366 0.0186453 3.58206e-05 0.0063473 0.0340667 2.61955e-10 
0.000133253 0.000150855 0.00158991 6.67312e-05 9.63536e-06 9.27047e-12 7.16358e-12 0.911825 0.000648272 0.0202736 0.000279101 0.0161714 9.91112e-05 1.51914e-06 0.033542 8.12884e-05 2.1855e-06 0.00227569 0.01285 1.29825e-11 
0.00154127 0.0193169 0.027991 2.9477e-06 0.00826741 9.6221e-09 0.000137333 0.325644 0.0193383 0.11355 9.02447e-05 0.0421494 0.00164294 0.00775786 0.0608603 0.233548 8.67793e-05 0.0987511 0.0393198 3.82491e-06 
0.000351812 0.00734095 0.0362009 6.3789e-11 0.000186515 5.04588e-11 3.89911e-11 0.636235 1.08102e-07 0.290674 2.6251e-08 2.2081e-07 1.2345e-11 3.07443e-07 7.32284e-08 0.000229035 2.07574e-08 0.0287805 7.1891e-08 8.55748e-09 
0.00103454 0.000338693 0.00124339 8.80258e-05 0.00472591 6.03687e-07 0.0108039 0.912383 0.00440957 0.00470218 6.75939e-05 0.0363568 1.18526e-05 2.47811e-05 0.000618065 0.00016456 6.1846e-06 0.00788138 0.015139 6.08212e-10 
0.0166144 0.00917998 0.0224868 4.61408e-05 0.0042248 3.84847e-08 0.000436949 0.779584 0.00156482 0.051558 0.000118556 0.0695238 0.0130328 0.0023239 0.00654679 0.00161415 0.000145086 0.0014496 0.0195094 4.02376e-05 
0.00158104 0.00239312 0.00317172 8.98665e-07 0.000387888 6.12683e-06 0.0180019 0.794034 0.00354195 0.0568247 0.0568859 0.0111653 0.00575725 0.00117912 0.0235242 0.00151549 0.000247763 0.00206055 0.0177209 8.45621e-12 
0.00179376 0.0353414 0.0381164 8.98016e-06 0.00101163 3.60768e-05 0.00260402 0.411776 0.00824343 0.273595 4.89323e-06 0.0501562 0.00218639 4.15632e-05 0.052633 0.0578338 1.84361e-05 0.031345 0.0332541 9.90911e-11 
0.00477241 0.0029244 0.00158736 0.000161642 0.00748343 6.03363e-07 2.91876e-05 0.830474 0.00156615 0.0120503 0.00252653 0.0557611 0.000243265 6.89699e-05 0.000678326 0.000830571 3.94829e-05 0.00290742 0.0758949 2.19339e-11 
0.00118983 0.00128441 0.00023491 6.09683e-12 2.91635e-08 4.82275e-12 8.21786e-08 0.914453 0.00229435 0.0513828 2.01826e-07 2.40393e-07 3.95376e-05 0.0037093 0.0161215 0.00717548 8.20563e-05 0.000555589 0.00147647 6.75383e-12 
0.00308407 0.00373807 0.0136288 0.000126881 0.00131097 9.11591e-08 0.000725616 0.943756 0.00106197 0.00324792 0.00127593 0.00413791 0.0103461 0.000387287 0.00343713 3.25776e-08 0.000289784 0.00695366 0.0020828 0.000408639 
0.00612783 0.0047458 0.0128649 0.00120064 0.000682121 0.000845029 0.00171647 0.479168 0.00115872 0.0528606 0.0362544 0.155038 0.107488 6.65717e-05 0.0979334 0.000764457 0.000369261 0.0365726 0.00414268 2.40821e-07 
0.00396849 0.004932 0.00144343 1.38324e-06 0.000521581 1.21328e-07 0.00365829 0.675386 0.00211133 0.171862 0.00111388 0.00469781 0.00234661 0.0322016 0.0755442 0.00815268 0.000238383 0.0062473 0.00557267 1.55701e-12 
0.00118983 0.00128441 0.00023491 6.09683e-12 2.91635e-08 4.82275e-12 8.21786e-08 0.914453 0.00229435 0.0513828 2.01826e-07 2.40393e-07 3.95376e-05 0.0037093 0.0161215 0.00717548 8.20563e-05 0.000555589 0.00147647 6.75383e-12 
0.01015 0.0140836 0.022818 0.000889844 0.013701 5.33807e-05 0.0135664 0.649857 0.00882785 0.128704 0.00943395 0.0182218 0.0116623 0.000538531 0.0382055 0.00314172 7.96357e-05 0.0345224 0.0215436 1.18215e-08 
0.0104592 0.015163 0.029869 7.45432e-05 0.0117185 0.00422685 0.00153962 0.441347 0.00223881 0.296614 0.00198221 0.0203531 0.00955361 0.000498765 0.0350687 0.054346 6.28907e-05 0.0322411 0.032643 5.16458e-08 
0.0074254 0.00917209 0.0286944 0.0151958 0.000954571 3.83527e-05 0.0125446 0.579286 0.0296119 0.0568017 0.000270477 0.0433191 0.00557146 0.00199107 0.052062 0.00874916 0.0036264 0.0331554 0.11153 6.11151e-11 
0.0111956 0.000377709 0.00407957 0.00609754 0.0193056 7.93596e-07 1.19625e-05 0.509927 0.124304 0.01689 1.07837e-07 0.0087101 0.00148262 0.000889335 0.00996756 0.000456302 0.00382132 0.243743 0.0387397 1.23375e-10 
8.18143e-05 0.00209776 0.00275765 1.8295e-05 3.39814e-06 1.88191e-09 4.6008e-05 0.618434 0.000813931 0.011412 1.61738e-12 0.0047943 0.000428143 0.00105451 0.000744776 0.354373 1.92679e-08 0.00213559 0.00080487 2.75116e-12 
5.75653e-07 0.0146196 0.021299 5.74774e-07 0.00155468 0.00097805 0.00684505 0.64347 0.00333925 0.0828465 5.75126e-07 0.0341401 0.0301612 0.00414235 5.75674e-07 0.13858 5.75586e-07 5.75713e-07 0.01802 5.74665e-07 
0.000334131 0.0292199 0.0151978 8.53804e-07 0.00184153 6.48764e-09 1.62774e-06 0.442993 0.00982563 0.434285 0.000421122 0.000195937 4.34316e-07 0.000281125 1.53237e-07 0.00541665 8.58755e-05 0.056833 0.00306645 1.26658e-08 
0.00263747 0.00423968 0.0258442 0.000187833 0.00179851 1.74607e-05 0.001765 0.324641 0.0140209 0.0245444 0.000835762 0.159697 0.00539514 8.96024e-05 0.251355 0.0039105 5.8471e-05 0.0879245 0.091038 2.48701e-12 
0.00280574 0.0173706 0.0349562 6.23411e-05 0.000529368 2.65596e-05 1.91116e-07 0.219316 0.0500293 0.118554 0.0188563 0.0234053 0.119248 5.70823e-07 0.132883 0.0529833 0.000870389 0.0601186 0.147984 1.99454e-10 
0.000386743 0.00142105 0.00137237 8.59591e-07 0.00264703 7.11118e-08 0.000160217 0.83892 0.00490284 0.0691931 0.000121885 0.00389508 0.000128911 0.000149027 0.0232812 0.0225636 9.20299e-06 0.0276448 0.00320232 3.67421e-12 
0.00861298 0.00047027 0.00544011 0.000296196 0.00856402 1.17903e-06 5.34693e-05 0.698658 0.00313225 0.00413116 0.000557268 0.07826 0.000262853 9.64855e-05 0.0038527 0.000310218 6.89521e-05 0.00767364 0.179558 1.25947e-12 
0.000366073 0.00573009 0.00391863 2.02881e-05 0.0069939 1.4262e-05 0.000162099 0.653664 0.00565051 0.0587309 2.2552e-05 0.0116124 0.00284446 0.00391891 0.00229954 0.164228 3.53919e-05 0.0619848 0.0178039 1.24389e-08 
0.0106193 0.118341 0.0230991 3.90721e-05 0.0051216 0.00442036 0.000882461 0.381871 0.00237274 0.185983 0.0251465 0.0464299 0.037186 0.00191263 0.0409892 0.0617524 0.000132847 0.0150443 0.0382303 0.000426703 
9.14737e-08 0.000254201 0.000175342 1.21165e-06 0.00615153 1.19218e-10 0.00321981 0.834392 0.00187746 0.138491 3.03702e-07 0.00170745 4.82002e-05 8.03832e-11 0.000281418 0.0124294 2.12537e-06 0.00091287 5.61326e-05 1.66954e-10 
0.056749 0.0288251 0.014149 0.00602752 0.00104875 5.75168e-07 0.00627598 0.206727 0.0791106 0.177545 0.00225925 0.0237358 0.0250361 0.107263 0.0525058 0.0986374 0.0192901 0.0503243 0.0422804 0.0022095 
0.00318337 0.000631641 0.00325594 8.62475e-05 0.00776627 4.51613e-07 0.000111113 0.849307 0.0034505 0.0429652 0.00137045 0.0337258 0.000133014 2.99712e-05 0.00118459 0.00161714 5.78514e-05 0.0101189 0.0410048 2.48678e-10 
0.000553551 0.0120621 0.0168626 2.8003e-09 0.00374931 5.26757e-10 0.000445149 0.485881 0.00749654 0.380887 0.000426898 2.4613e-08 0.000990931 3.11754e-06 0.04122 0.0289969 1.96378e-05 0.0185473 0.00185777 3.11531e-10 
0.00317198 0.00444305 0.00838842 3.20893e-05 0.00244012 1.01049e-07 0.00118392 0.786245 0.00176039 0.0957113 0.000185131 0.0102811 0.000885236 0.000325 0.0202634 0.0514987 1.41094e-05 0.00574373 0.00742741 4.31997e-12 
0.00703211 0.00553796 0.00534164 2.49169e-08 0.000503014 9.6807e-07 5.46782e-05 0.457746 0.0390797 0.392803 0.000138232 0.00684015 0.000779963 0.0123278 0.0324635 0.0105808 0.000278524 0.0142089 0.0142826 3.39189e-11 
0.0604089 0.0125633 0.185931 2.15107e-07 0.0101931 3.13713e-08 3.00763e-06 0.22787 0.112272 0.200433 4.78821e-05 0.00224537 0.000205916 1.12848e-07 0.000367231 0.000380979 1.17763e-06 0.18653 0.000546708 6.62119e-08 
0.000287408 0.000528401 0.00405988 6.6327e-06 0.000937655 4.04108e-08 2.85813e-05 0.662315 0.0240813 0.0735537 0.000147249 0.00180684 8.77042e-05 5.22048e-05 0.0124623 0.103856 9.64838e-06 0.112696 0.00308308 1.70166e-12 
0.00118983 0.00128441 0.00023491 6.09683e-12 2.91635e-08 4.82275e-12 8.21786e-08 0.914453 0.00229435 0.0513828 2.01826e-07 2.40393e-07 3.95376e-05 0.0037093 0.0161215 0.00717548 8.20563e-05 0.000555589 0.00147647 6.75383e-12 
6.70601e-05 0.0105241 0.00491102 6.93762e-09 0.00138723 1.31417e-08 0.000682855 0.657313 3.27188e-05 0.119 2.29473e-11 0.00255636 0.000151449 1.73775e-05 0.00089214 0.198735 5.42522e-09 0.00354653 0.000183409 3.90334e-11 
0.00588897 0.00668107 0.0115689 0.000124311 0.00724809 0.000248899 0.00122281 0.685587 0.0205475 0.0978624 0.00179502 0.0238095 0.00276074 0.00624053 0.0194314 0.0344882 0.00545087 0.0460425 0.023 1.35127e-06 
0.000602962 0.00311403 0.00155982 4.14068e-10 0.0152716 4.46301e-10 0.00070973 0.734612 0.00192653 0.0624477 1.8212e-08 0.022502 0.000115906 0.000294798 0.114 0.00503803 1.4018e-05 0.0262135 0.0115773 1.32586e-12 
0.00184761 0.0019918 0.00221439 4.04811e-06 0.000391628 1.38953e-07 0.000702535 0.882067 0.00970875 0.0472276 0.000501454 0.00160669 0.00063466 0.00201002 0.0245781 0.00588284 4.69047e-05 0.0158611 0.00272264 3.30191e-12 
5.45434e-05 0.00145495 0.00186127 1.52358e-05 2.2656e-06 1.32711e-09 3.06728e-05 0.742027 0.000542629 0.00861195 1.21025e-12 0.00321587 0.000287135 0.000743178 0.000496519 0.238613 1.3685e-08 0.00147347 0.000570409 2.05864e-12 
0.00120723 0.014474 0.0481824 7.31478e-06 0.00183267 1.13727e-08 0.000365887 0.456212 0.000784297 0.295181 3.44533e-07 0.00473068 0.000264974 9.33463e-06 0.000477973 0.162541 3.61199e-09 0.0127036 0.00102497 4.77733e-11 
0.00596281 0.00564718 0.00955632 0.00142136 0.0018808 3.4367e-06 0.000754995 0.709846 0.0104103 0.0882847 0.00180879 0.0152313 0.00238128 0.00382662 0.0141724 0.10582 0.000308305 0.0112994 0.0113747 9.71295e-06 
5.9186e-05 0.00080447 7.29711e-06 8.28656e-12 0.000121717 8.3608e-08 1.27403e-08 0.955723 1.42212e-05 0.0425604 6.02576e-08 0.00015251 1.88786e-05 7.41254e-09 0.000105784 0.000320227 1.58493e-07 6.27883e-05 4.91702e-05 9.17952e-12 
0.00510233 0.0053596 0.0017859 1.01685e-09 0.000670599 1.559e-07 0.0047035 0.63429 0.00271456 0.171189 0.00140061 0.00587234 0.00296536 0.0413107 0.0971283 0.0100041 0.000306491 0.00803223 0.00716486 1.68423e-12 
2.43962e-05 7.43476e-05 8.16641e-09 4.52906e-12 8.39104e-13 1.42313e-09 0.147172 0.849137 3.05088e-05 0.00347356 1.37935e-08 7.32799e-05 8.765e-13 1.22537e-08 4.75303e-13 1.56613e-05 3.42243e-08 2.93442e-13 2.92979e-08 5.01712e-12 
0.000596394 0.00840451 0.00154384 7.53422e-08 3.09343e-05 3.0226e-10 4.9529e-05 0.941952 7.04693e-05 0.0395271 2.48847e-10 0.00163442 0.000243398 3.42657e-08 0.000689524 0.00256493 7.39057e-11 0.00156969 0.00112323 4.23288e-10 
0.00248609 0.00133126 0.00309288 4.45601e-05 0.00181694 3.18201e-07 0.000287764 0.889578 0.00121166 0.024216 0.000545143 0.0246453 0.000441314 0.000151948 0.012891 0.00105127 2.1147e-05 0.00241144 0.0337766 3.01283e-12 
0.00126849 0.00488817 0.00353315 2.48464e-05 0.00174405 1.47139e-06 0.00631032 0.770509 0.00125135 0.13463 0.00209638 0.00664821 0.00434527 0.000167474 0.0368054 0.00749851 3.13344e-05 0.0159557 0.00229124 1.03109e-10 
0.000518535 0.0123996 0.00305555 2.65661e-05 0.000504811 6.29247e-08 1.06991e-06 0.498091 0.00258789 0.157659 1.40264e-11 0.00324475 0.000481697 0.000172565 0.000290092 0.319965 3.46561e-08 0.00091479 8.73111e-05 2.38589e-11 
0.00228672 0.00735915 6.52345e-05 1.47002e-05 4.01085e-08 2.36527e-09 0.00036548 0.348922 0.000941377 0.322935 2.65766e-07 0.0068016 7.47273e-05 3.20388e-06 0.298494 0.00525615 8.15891e-05 0.00268345 0.00371571 1.71537e-11 
0.00510233 0.0053596 0.0017859 1.01685e-09 0.000670599 1.559e-07 0.0047035 0.63429 0.00271456 0.171189 0.00140061 0.00587234 0.00296536 0.0413107 0.0971283 0.0100041 0.000306491 0.00803223 0.00716486 1.68423e-12 
0.000194516 0.000475545 0.00176325 0.000140289 0.0101638 1.04023e-06 4.50705e-05 0.933331 0.00377643 0.00483424 3.30885e-05 0.0154516 1.04788e-05 3.78183e-05 4.98461e-05 0.000289411 4.37652e-07 0.0138372 0.0155645 1.15417e-09 
0.00083073 0.0117498 0.00215558 3.18502e-08 4.20952e-05 2.65306e-12 6.7019e-05 0.948225 9.74624e-05 0.0297212 2.18423e-12 0.00228183 0.000336891 7.05771e-10 0.000263852 0.000469456 6.487e-13 0.00219279 0.00156616 3.71536e-12 
0.00415607 0.00645558 0.01618 0.00606968 0.00253111 8.94149e-05 0.000966498 0.526464 0.0329828 0.220612 0.00237373 0.0172325 0.00814822 0.00767247 0.029456 0.0293714 0.00158759 0.059551 0.0280992 9.02997e-09 
0.0126084 0.0040956 0.0354168 0.000345385 0.0202487 0.000266626 0.00242333 0.549842 0.0235427 0.0176578 0.000654015 0.20334 0.00309821 0.00329878 0.0344348 0.000657709 0.000118778 0.0612 0.0267497 1.20437e-07 
0.00726668 0.010767 0.0793735 6.74395e-06 0.0051072 5.14343e-09 0.000226209 0.548693 0.0207859 0.218405 2.28053e-07 0.00453879 0.00440554 3.97662e-06 0.000409947 0.028749 1.71785e-05 0.0703063 0.000937871 8.1197e-11 
0.000602962 0.00311403 0.00155982 4.14068e-10 0.0152716 4.46301e-10 0.00070973 0.734612 0.00192653 0.0624477 1.8212e-08 0.022502 0.000115906 0.000294798 0.114 0.00503803 1.4018e-05 0.0262135 0.0115773 1.32586e-12 
0.00114932 0.00201681 0.00304956 0.00542747 0.00509348 8.66804e-07 0.00101388 0.855919 0.000774174 0.0701868 0.000102758 0.00748235 0.00180887 0.00132989 0.0296943 0.00266028 1.30621e-05 0.00732811 0.00494916 6.69077e-12 
0.000155429 0.00323206 0.00481441 0.0705031 3.96116e-05 3.20755e-06 2.59359e-08 0.849088 0.000272851 0.0602517 2.51955e-08 0.00121878 0.000366838 2.19652e-08 0.00146357 0.00293552 1.32626e-06 0.00126506 0.00438829 1.73564e-11 
0.000411239 0.000419647 0.00417776 8.95339e-06 0.000506966 4.36357e-08 1.36413e-05 0.854627 0.0327317 0.0274725 0.000838661 0.0024088 0.000336483 1.19618e-05 0.01151 0.00150095 2.42541e-06 0.0622891 0.000732729 4.00878e-12 
0.00409368 0.00596894 0.00261676 2.23729e-06 0.000249893 3.71532e-07 0.00222623 0.811296 0.00380491 0.0787001 0.000403687 0.00234853 0.00165697 0.000848979 0.067579 0.00505852 3.62927e-05 0.00444277 0.00866653 2.27163e-12 
0.00316698 0.0117177 0.0268378 3.69196e-05 0.00510418 1.85916e-06 0.000571035 0.435093 0.0216031 0.168913 0.000152639 0.0639107 0.0119632 0.00247451 0.0195295 0.184593 4.32999e-05 0.0235287 0.0207589 3.003e-08 
0.0126313 0.0191591 0.0973003 0.000185698 0.0408575 1.52773e-08 0.000901398 0.577988 0.0124655 0.114938 0.0128861 0.0107329 0.00259022 4.2231e-05 0.00114741 0.0197072 7.41541e-06 0.0482183 0.0282414 1.30704e-09 
0.0182898 0.00629995 0.0164627 8.92254e-05 0.001091 6.95958e-05 7.28433e-05 0.23287 0.146266 0.0946657 0.000161009 0.00984789 0.228375 0.016232 0.00460507 0.00137751 0.00023631 0.205448 0.0175398 1.59615e-06 
0.00325339 0.00740307 0.0149543 0.000253361 0.00493145 7.3311e-05 0.00190732 0.612942 0.0098295 0.158948 0.00172433 0.0560343 0.00450737 0.00749722 0.0394743 0.0481039 0.000106885 0.0172077 0.0108465 2.12644e-06 
5.45434e-05 0.00145495 0.00186127 1.52358e-05 2.2656e-06 1.32711e-09 3.06728e-05 0.742027 0.000542629 0.00861195 1.21025e-12 0.00321587 0.000287135 0.000743178 0.000496519 0.238613 1.3685e-08 0.00147347 0.000570409 2.05864e-12 
0.000401979 0.00207603 0.00103988 3.436e-10 0.0101811 3.70316e-10 0.000473166 0.814642 0.00128436 0.0498282 1.43794e-08 0.0150014 7.72733e-05 0.000196542 0.076 0.00359539 9.34619e-06 0.0174757 0.00771821 1.22321e-12 
0.00132025 0.00268091 0.00341103 4.3701e-05 0.0019735 0.000765114 0.00787594 0.828435 0.00580046 0.0675471 0.00166811 0.0088731 0.00351943 0.00301213 0.0195474 0.015791 0.000126092 0.0174719 0.0101374 5.7831e-09 
0.000553551 0.0120621 0.0168626 2.8003e-09 0.00374931 5.26757e-10 0.000445149 0.485881 0.00749654 0.380887 0.000426898 2.4613e-08 0.000990931 3.11754e-06 0.04122 0.0289969 1.96378e-05 0.0185473 0.00185777 3.11531e-10 
0.00699072 0.00831534 0.0171239 0.00416848 0.020986 0.000229096 0.00397504 0.529176 0.0617179 0.0170774 1.63563e-07 0.167282 0.000704049 0.000850866 0.00261968 0.00510663 0.000523986 0.0819965 0.0711559 1.63432e-07 
0.0181575 0.0151237 0.00327076 7.73304e-10 0.0436248 8.31107e-10 0.00194066 0.418308 0.00109223 0.158089 5.76326e-08 0.239436 0.00118779 0.000140608 0.0645486 0.00413937 6.6941e-06 0.01713 0.0138042 3.68476e-10 
0.000401979 0.00207603 0.00103988 3.436e-10 0.0101811 3.70316e-10 0.000473166 0.814642 0.00128436 0.0498282 1.43794e-08 0.0150014 7.72733e-05 0.000196542 0.076 0.00359539 9.34619e-06 0.0174757 0.00771821 1.22321e-12 
0.0099231 0.00694789 0.00865046 0.00441141 0.0360564 2.55636e-07 0.00607929 0.543599 0.00940319 0.160147 0.000476519 0.0293077 0.00540714 0.00108156 0.0388464 0.0276848 1.6337e-05 0.0754549 0.0365061 1.86072e-07 
0.00218476 0.00221605 0.00354581 2.19452e-06 0.00111627 3.88139e-06 0.00102029 0.795045 0.00291535 0.0826908 0.0219665 0.00762067 0.0045044 0.00853821 0.0312112 0.0108331 0.000116389 0.0140609 0.0104083 4.98486e-12 
0.0220961 0.000759218 0.0131976 3.08319e-07 0.189236 2.43889e-07 3.63668e-05 0.20922 0.00637049 0.149926 7.95883e-06 0.0690534 0.000965577 0.000413574 0.188664 0.0366667 1.43438e-05 0.0880164 0.0253549 3.41544e-07 
0.000166762 0.00032873 4.25987e-07 1.27761e-09 5.5526e-13 2.37072e-12 6.26431e-08 0.982087 1.79397e-05 0.0145652 8.49609e-11 1.67113e-10 2.06404e-07 0.000185244 2.1006e-05 0.00262199 3.25921e-08 1.77765e-06 3.36409e-06 3.31998e-12 
0.00524766 0.00473713 0.00917821 4.34548e-05 0.00787567 9.37448e-07 0.00367702 0.768522 0.00336811 0.125617 0.000757446 0.0169173 0.00341771 5.89882e-05 0.0153769 0.0154584 1.66007e-05 0.0174967 0.00223268 6.84501e-08 
5.45434e-05 0.00145495 0.00186127 1.52358e-05 2.2656e-06 1.32711e-09 3.06728e-05 0.742027 0.000542629 0.00861195 1.21025e-12 0.00321587 0.000287135 0.000743178 0.000496519 0.238613 1.3685e-08 0.00147347 0.000570409 2.05864e-12 
0.00699072 0.00831534 0.0171239 0.00416848 0.020986 0.000229096 0.00397504 0.529176 0.0617179 0.0170774 1.63563e-07 0.167282 0.000704049 0.000850866 0.00261968 0.00510663 0.000523986 0.0819965 0.0711559 1.63432e-07 
0.00655922 0.00037453 0.00416403 0.00024703 0.00649948 3.42254e-06 5.01075e-05 0.772489 0.00240455 0.0031294 0.000475956 0.0589198 0.00021158 9.13444e-05 0.0031135 0.000251335 6.27891e-05 0.00587108 0.135082 1.7938e-09 
0.00726668 0.010767 0.0793735 6.74395e-06 0.0051072 5.14343e-09 0.000226209 0.548693 0.0207859 0.218405 2.28053e-07 0.00453879 0.00440554 3.97662e-06 0.000409947 0.028749 1.71785e-05 0.0703063 0.000937871 8.1197e-11 
0.000215371 0.00422524 0.00354986 6.1835e-07 0.00545476 5.83908e-10 0.000253567 0.622462 0.000688092 0.298559 4.42235e-06 0.00822539 5.08014e-05 0.000117796 0.0407146 0.00197637 5.01221e-06 0.00936212 0.00413484 5.95566e-12 
0.000716049 0.00875172 0.0028148 2.4132e-06 4.25847e-05 6.05984e-10 7.636e-05 0.917197 0.000839115 0.0247643 1.97961e-12 0.00520048 0.000590523 8.41129e-05 0.000656244 0.0319128 6.85839e-09 0.00326288 0.00308833 3.36732e-12 
0.000297941 0.00130656 0.000620527 4.49269e-10 0.00424233 6.71127e-08 0.0413302 0.866059 0.00405844 0.0291292 6.23906e-06 0.00745015 3.22074e-05 0.0001196 0.0316669 0.00165667 3.42714e-05 0.00728163 0.00470784 2.60049e-12 
0.000402394 0.0079658 0.00216748 4.906e-09 0.0101934 5.2762e-09 0.000474587 0.547048 0.00320851 0.291985 2.39561e-07 0.0150034 7.75292e-05 0.000197593 0.0760046 0.0191753 9.43266e-06 0.0183665 0.00771956 6.07929e-11 
0.00460172 0.00342498 0.00592045 0.000718522 0.00367971 1.4357e-06 6.73217e-05 0.753222 0.00545354 0.0529852 0.000856025 0.0318005 0.000532633 0.00202513 0.0142319 0.0427143 3.64207e-05 0.0253445 0.052384 4.43222e-08 
0.00144589 0.00573912 0.00651165 0.000265804 0.00659099 2.95287e-07 0.00120619 0.420477 0.00635102 0.0613321 0.000954021 0.0255011 0.357199 0.000261615 0.0130645 0.0165091 5.11969e-05 0.0583982 0.0154935 0.00264841 
0.0278269 0.0846606 0.057405 0.00062446 0.028461 8.29032e-05 0.00246078 0.149144 0.0883166 0.10377 0.00121404 0.0711838 0.036963 0.00356524 0.106786 0.0441679 0.000890932 0.110931 0.0810811 0.000463465 
0.00475288 0.00275347 0.00491535 0.000446023 0.00694367 1.07492e-05 0.000323104 0.718398 0.0159221 0.0825228 0.000368014 0.0231445 0.010609 0.000230009 0.00384165 0.0794102 3.24189e-05 0.036606 0.00875896 1.07763e-05 
0.00028727 0.000519507 0.00399604 6.08568e-06 0.000645745 3.08204e-08 2.69237e-05 0.674345 0.0220495 0.0740886 0.00012912 0.00173133 7.34069e-05 4.80374e-05 0.0103121 0.0999577 9.33603e-06 0.108794 0.00298019 1.68045e-12 
0.000766585 0.00199972 0.00647074 5.91307e-06 0.000330605 1.21299e-08 0.00014373 0.560575 0.00732099 0.0368936 9.7321e-06 0.00742625 8.78157e-05 0.0214041 0.00882001 0.328948 8.64486e-05 0.00858419 0.0101263 4.37666e-12 
1.22014e-05 0.00258922 2.61394e-05 1.71249e-09 7.3696e-13 9.674e-10 0.0962071 0.866684 1.52906e-05 0.0334361 0.000720907 6.94905e-05 3.36494e-07 2.62664e-05 4.17444e-13 0.000182213 2.32477e-08 7.39316e-10 3.07827e-05 4.40638e-12 
0.00396849 0.004932 0.00144343 1.38324e-06 0.000521581 1.21328e-07 0.00365829 0.675386 0.00211133 0.171862 0.00111388 0.00469781 0.00234661 0.0322016 0.0755442 0.00815268 0.000238383 0.0062473 0.00557267 1.55701e-12 
0.00153064 0.00129676 0.00362975 5.06854e-06 0.000876065 4.02381e-07 0.00245116 0.851122 0.00836352 0.0752951 1.84904e-05 0.00428907 0.000818368 0.0011539 0.0280322 0.00588318 4.98756e-05 0.0111411 0.00404307 3.0986e-10 
2.67418e-07 0.00636368 2.67408e-07 2.67009e-07 2.6739e-07 2.67107e-07 2.67191e-07 0.788247 0.00342309 0.162074 2.67172e-07 0.00139097 2.67386e-07 2.67229e-07 2.67427e-07 0.0384978 2.67386e-07 2.67445e-07 2.6744e-07 2.66958e-07 
0.000166762 0.00032873 4.25987e-07 1.27761e-09 5.5526e-13 2.37072e-12 6.26431e-08 0.982087 1.79397e-05 0.0145652 8.49609e-11 1.67113e-10 2.06404e-07 0.000185244 2.1006e-05 0.00262199 3.25921e-08 1.77765e-06 3.36409e-06 3.31998e-12 
0.00083073 0.0117498 0.00215558 3.18502e-08 4.20952e-05 2.65306e-12 6.7019e-05 0.948225 9.74624e-05 0.0297212 2.18423e-12 0.00228183 0.000336891 7.05771e-10 0.000263852 0.000469456 6.487e-13 0.00219279 0.00156616 3.71536e-12 
0.00138858 0.00328101 0.00355856 0.000659502 0.0016016 7.08339e-10 0.000459656 0.8914 0.0022797 0.0335232 1.07724e-06 0.0490485 0.000282302 0.000740795 0.00404004 0.00163537 4.19227e-05 0.0013472 0.00471093 9.48269e-12 
0.000230166 0.00588591 0.0158734 2.49536e-06 0.0905174 4.28568e-09 6.17292e-08 0.465314 0.000756612 0.2159 5.9599e-08 0.0353046 0.000859814 2.3011e-08 0.0691045 0.0348781 8.03734e-06 0.049807 0.0155577 3.14707e-11 
0.00141958 0.00655137 0.0291237 0.000142344 0.000293584 2.67331e-06 2.70721e-05 0.564495 0.00481748 0.0567277 1.11067e-05 0.0443677 0.00467334 0.00182827 0.0149332 0.171731 8.25066e-05 0.0579941 0.0407782 1.42133e-11 
0.00450068 0.00149925 0.00454588 1.93443e-05 0.000842095 1.95203e-06 0.0062922 0.836994 0.014367 0.0334493 3.37511e-05 0.0099377 0.00306647 0.000147747 0.0598395 0.00233692 1.78135e-05 0.0141564 0.00795236 6.08175e-12 
0.00120723 0.014474 0.0481824 7.31478e-06 0.00183267 1.13727e-08 0.000365887 0.456212 0.000784297 0.295181 3.44533e-07 0.00473068 0.000264974 9.33463e-06 0.000477973 0.162541 3.61199e-09 0.0127036 0.00102497 4.77733e-11 
0.00752507 0.0132367 0.0208682 0.000425174 0.00188564 2.00405e-05 0.000312693 0.746148 0.00624838 0.109601 0.000556135 0.0122666 0.00969885 0.00377483 0.00603016 0.0200382 0.000504637 0.017994 0.0228659 2.61036e-07 
0.000367117 0.0026626 0.0113302 1.15793e-05 0.00867531 3.28449e-06 0.000303542 0.565215 0.00195084 0.297606 1.10746e-07 0.0073295 7.02038e-05 3.94198e-06 0.00262161 0.00642179 0.0758445 0.0169678 0.00261457 2.26943e-09 
0.0352572 0.0169733 0.166097 0.000307207 0.00307825 6.14684e-07 0.000487837 0.368128 0.0399013 0.197773 0.000152078 0.0408461 0.00860862 6.92541e-05 0.0303166 0.0124988 6.61513e-05 0.0571403 0.0222975 1.66929e-07 
0.00908094 0.058693 0.0149324 0.00116414 0.00968054 2.35376e-05 0.00121526 0.367468 0.00733753 0.345033 0.000876967 0.023961 0.0144164 0.00121072 0.0184999 0.0749882 0.000190248 0.0382613 0.0129331 3.36345e-05 
0.123003 0.100566 0.0304892 0.00167352 0.0851222 7.34665e-07 5.95445e-07 0.254289 0.00185341 0.175888 0.000408556 0.025535 0.00650952 4.81137e-05 0.018716 0.0518223 1.1992e-05 0.0318342 0.0922289 1.3295e-08 
0.000602962 0.00311403 0.00155982 4.14068e-10 0.0152716 4.46301e-10 0.00070973 0.734612 0.00192653 0.0624477 1.8212e-08 0.022502 0.000115906 0.000294798 0.114 0.00503803 1.4018e-05 0.0262135 0.0115773 1.32586e-12 
0.00133458 0.00318916 0.00354448 2.32783e-05 0.00232761 5.81082e-07 0.00110985 0.859673 0.00245863 0.0662451 0.000709073 0.00596071 0.000727651 0.00589152 0.0176854 0.00679162 4.84454e-05 0.0149762 0.00730352 4.32308e-09 
0.000194516 0.000475545 0.00176325 0.000140289 0.0101638 1.04023e-06 4.50705e-05 0.933331 0.00377643 0.00483424 3.30885e-05 0.0154516 1.04788e-05 3.78183e-05 4.98461e-05 0.000289411 4.37652e-07 0.0138372 0.0155645 1.15417e-09 
0.00169563 0.0086001 0.00711739 1.95003e-05 6.36245e-05 0.000582883 0.00302403 0.728007 0.000294863 0.125629 0.013485 0.0394118 0.024935 0.000814718 0.0219287 0.00467651 0.000204642 0.00456663 0.0149422 6.49247e-12 
0.00953937 0.00244031 0.0177935 4.36155e-05 0.011469 2.20364e-05 0.000684261 0.461186 0.0148334 0.0386354 0.0157194 0.112792 0.00873436 0.00923712 0.0838134 0.00216493 0.0215828 0.0391969 0.150111 2.31896e-07 
0.000127239 0.00301682 0.00804384 2.35795e-05 0.00103729 1.39701e-06 1.24748e-08 0.713035 0.0162435 0.0112211 5.4693e-13 0.122619 5.40366e-05 2.79579e-05 0.00808092 0.00175928 3.5362e-06 0.0915251 0.0231802 9.30327e-13 
0.0299889 0.0116283 0.0263707 0.000316123 0.000395442 3.15648e-05 0.0104081 0.282563 0.00959223 0.121595 0.000678629 0.0895272 0.18767 0.0282842 0.00216135 0.117779 0.000300716 0.00221391 0.078496 1.53173e-10 
0.00988639 0.0211076 0.0306995 0.00224509 0.00402139 0.000119432 0.00172105 0.493 0.0241442 0.151917 0.00155391 0.0616548 0.00183681 0.00119929 0.0227028 0.0297287 0.000623552 0.0917242 0.0501146 2.43146e-09 
0.00331573 0.00388861 0.008173 1.40232e-05 2.32331e-09 1.37964e-09 2.8036e-08 0.497744 0.00450719 0.339793 0.00214737 0.00489752 0.00462858 0.00314741 0.0264152 0.0738389 0.000148173 0.0218762 0.00546458 7.42814e-13 
0.00861298 0.00047027 0.00544011 0.000296196 0.00856402 1.17903e-06 5.34693e-05 0.698658 0.00313225 0.00413116 0.000557268 0.07826 0.000262853 9.64855e-05 0.0038527 0.000310218 6.89521e-05 0.00767364 0.179558 1.25947e-12 
4.37038e-05 0.000420963 0.00302649 1.26431e-08 0.00163588 1.61954e-09 1.9849e-08 0.960517 0.00385167 0.00562753 6.43124e-05 0.000288674 9.37359e-13 4.55887e-07 3.87451e-08 0.000143905 1.63451e-07 0.0242362 0.000142465 5.36548e-12 
5.9186e-05 0.00080447 7.29711e-06 8.28656e-12 0.000121717 8.3608e-08 1.27403e-08 0.955723 1.42212e-05 0.0425604 6.02576e-08 0.00015251 1.88786e-05 7.41254e-09 0.000105784 0.000320227 1.58493e-07 6.27883e-05 4.91702e-05 9.17952e-12 
0.00396849 0.004932 0.00144343 1.38324e-06 0.000521581 1.21328e-07 0.00365829 0.675386 0.00211133 0.171862 0.00111388 0.00469781 0.00234661 0.0322016 0.0755442 0.00815268 0.000238383 0.0062473 0.00557267 1.55701e-12 
0.0109278 0.0403507 0.0517784 0.00013585 0.00281321 3.61278e-05 0.00598597 0.282587 0.00473496 0.240239 0.0198902 0.0138813 0.122707 0.00220585 0.0379056 0.0934029 0.00014677 0.0519365 0.0179452 0.000389484 
0.0167453 0.00191721 0.0308848 0.00264192 0.0351793 6.89296e-05 0.00160375 0.304102 0.0124504 0.0609905 0.00514976 0.0484005 0.00468208 0.242289 0.0135576 0.00523635 0.00150064 0.0606209 0.151979 9.2943e-08 
0.00396849 0.004932 0.00144343 1.38324e-06 0.000521581 1.21328e-07 0.00365829 0.675386 0.00211133 0.171862 0.00111388 0.00469781 0.00234661 0.0322016 0.0755442 0.00815268 0.000238383 0.0062473 0.00557267 1.55701e-12 
0.00132866 0.00164699 0.00213502 0.000170605 1.44566e-05 3.8541e-06 0.000768299 0.844024 0.00265345 0.0580402 6.23706e-05 0.00677022 0.00500727 0.0006309 0.0117367 0.0587272 5.11933e-05 0.00465506 0.00157358 1.84355e-11 
0.00784407 0.0102631 0.0131283 0.00143751 0.00527566 7.61083e-06 0.000289575 0.531783 0.0183337 0.331684 9.31453e-05 0.00203446 0.00425598 0.00049797 0.00176628 0.00654672 0.00272802 0.0470364 0.0149943 5.08397e-07 
0.00793571 0.0115628 0.0230986 0.000236999 0.00647181 1.13803e-05 0.000234592 0.682407 0.0334002 0.0817246 0.0121444 0.0248464 0.00550156 0.0011778 0.00452568 0.0468987 2.08519e-05 0.0423512 0.0154499 7.8731e-08 
0.00384168 0.0118678 0.00796425 0.000103317 0.00346013 2.1507e-07 0.005202 0.805846 0.014399 0.0747542 0.000184264 0.0120709 0.0016373 0.00123436 0.0186684 0.00625573 0.000224471 0.0184625 0.0138223 8.27755e-07 
0.000327915 9.87928e-09 5.2695e-05 4.34927e-08 8.05794e-09 3.4748e-06 0.000654017 0.890115 0.000324575 0.00253552 0.000818599 3.07353e-09 0.0041715 0.100278 0.000220919 0.000211486 0.000132078 1.69358e-06 0.000152681 4.81795e-08 
0.0123111 0.0224121 0.0198219 6.0296e-05 0.00958124 2.91665e-05 0.000428813 0.393719 0.0039347 0.337961 0.000228903 0.0355358 0.0155836 0.00170659 0.0197324 0.0542626 0.0102124 0.0269346 0.0354701 7.32664e-05 
0.00973819 0.00408923 0.0556819 0.000628108 0.0517839 2.92761e-06 2.18838e-08 0.660843 0.0129167 0.0282746 0.0670867 0.0424431 0.000130289 0.000774925 0.000131083 0.000334856 7.97452e-05 0.0182278 0.0468334 1.06245e-07 
