4.61269e-05 1.72452e-05 0.171876 3.95477e-08 7.32704e-09 4.64852e-06 1.63535e-05 4.8213e-09 5.7755e-09 1.0931e-05 2.47342e-05 2.79474e-09 0.636593 3.20799e-05 0.115808 0.00324137 3.58268e-06 0.0265269 0.0457998 4.38094e-08 
0.00683334 0.000290848 0.00469435 3.75642e-07 1.64856e-10 5.62862e-08 1.1602e-06 1.08478e-10 0.0123513 0.00230481 0.00022364 0.055085 0.908858 0.00197164 0.00151077 0.00204816 0.000847401 0.00297853 5.87105e-07 9.85696e-10 
0.0185329 0.0056791 0.00748433 2.10352e-08 0.000890737 0.000268376 0.000112323 4.09439e-07 0.0127371 0.0424747 3.86445e-05 1.30562e-05 0.0413121 0.743694 0.0749615 0.0405144 0.00117112 9.545e-06 0.0101053 9.58153e-08 
0.0384205 0.000255464 0.00211754 8.45037e-05 0.00581621 9.91444e-07 0.000165559 9.33372e-06 0.032373 0.00102873 2.57154e-05 0.0526181 0.000715709 2.18798e-05 0.116592 0.000286591 0.00382825 0.067661 0.677979 2.41318e-11 
0.014985 0.00627348 0.10643 2.69469e-05 8.92915e-05 1.08905e-08 0.000331674 1.07939e-05 0.000447838 0.0190921 2.1378e-05 0.0481394 0.102225 2.04249e-05 0.0121466 0.00368607 4.69639e-06 0.683293 0.00256669 0.000210114 
0.025219 0.000294307 0.0124561 0.000233924 0.0295319 0.000312619 8.95739e-05 8.51929e-05 0.00713848 0.000650863 0.526494 0.019028 0.00253883 0.000188413 0.00276199 5.52476e-06 0.0445542 0.0579098 0.270474 3.28372e-05 
5.75444e-07 3.81303e-07 0.00146189 2.19637e-08 0.134428 3.76275e-05 3.71029e-07 3.82426e-08 0.00135935 0.00152735 3.02103e-05 0.00782398 0.00204128 0.000958959 0.00713279 2.16417e-07 3.23926e-05 0.0933764 0.749788 1.03229e-10 
5.05403e-06 0.0168858 0.154396 5.37364e-07 3.69884e-07 5.11298e-08 0.0131274 9.41867e-08 0.123116 0.324285 0.00343145 0.142281 0.00339743 1.05391e-06 0.0878665 0.00984998 1.39007e-07 0.09522 0.0261364 2.69984e-10 
0.135579 0.0248023 0.123558 0.0236472 0.00448031 1.01428e-05 0.000367463 0.000129188 0.034397 0.183192 0.118378 0.0188749 0.0765396 0.0483198 0.0127201 0.0403039 0.0259275 0.0187506 0.110017 5.3084e-06 
0.0828417 0.000830572 0.0476524 0.00742673 0.00272772 0.40931 0.000480111 1.34121e-07 0.00605336 0.0320221 0.0178779 0.0368805 0.0279734 0.000256615 0.187558 1.29222e-06 0.000234179 0.105082 0.0347898 1.21871e-06 
0.953143 0.000195376 0.00439801 4.2937e-05 0.0125714 2.34125e-10 0.000298317 2.04767e-07 0.000722862 0.000194845 9.08309e-06 0.00405083 0.00104106 2.01085e-06 5.34225e-05 1.5768e-05 0.00304224 0.0116933 0.0085202 5.11535e-06 
0.000135511 6.69992e-06 0.00103792 0.00089396 0.00114298 1.13646e-05 0.0179566 5.21224e-05 0.13306 0.00796274 0.000170375 0.00046278 0.71148 0.000323507 0.00212234 0.000231234 0.00117187 0.0974261 0.0241192 0.000232823 
0.00342985 1.27558e-07 0.005625 5.61564e-07 0.000874052 4.44212e-07 0.00175095 6.84608e-08 0.00114002 0.00108049 3.65714e-07 0.0058535 0.00593394 0.00251619 0.00472652 0.00241314 1.08614e-07 3.63841e-08 0.964654 6.22079e-07 
0.106411 0.284653 0.00669007 0.00486167 0.00202426 0.000102744 0.00303764 2.09697e-11 0.00371008 0.017377 0.0547589 0.067005 0.000832979 0.00324174 0.0404785 0.00179128 3.06548e-08 0.393021 0.0100026 1.90544e-10 
3.87909e-07 3.27421e-07 0.00433682 9.61731e-06 0.156477 0.000354116 0.0151088 2.22654e-07 2.26791e-06 9.4898e-05 7.69263e-06 0.000762241 0.476724 6.57738e-05 0.0341291 4.20636e-05 5.93609e-07 0.241267 0.0706161 9.20006e-07 
0.359513 0.00198928 0.0124663 0.000142702 0.00622087 0.00136331 0.00332818 8.40011e-05 0.0249117 0.0106695 0.0707437 0.0714196 0.0422699 0.0402136 0.0252461 0.000544469 0.0271983 0.0628211 0.238853 1.25387e-06 
0.178728 0.0255567 0.0350239 0.00083493 0.0211456 4.50844e-07 0.0307871 0.000301842 0.0300043 0.135666 0.000643104 0.099319 0.1093 0.0125436 0.0832423 0.0037709 0.000936617 0.0857231 0.146472 2.77016e-07 
0.143732 0.00219487 0.0127624 1.94889e-05 0.0151178 0.00114408 1.61975e-05 3.22501e-06 0.00894321 0.000625294 0.0028439 0.0267007 0.00696983 0.00357677 0.0301705 0.000111906 0.00431115 0.269372 0.464871 0.00651348 
0.286903 0.062628 0.0127879 0.000523807 0.00317535 7.40133e-05 0.00359407 0.000136601 0.040754 0.0243871 0.26654 0.0318119 0.0622894 0.0094979 0.0117418 0.00199291 0.0253471 0.0588396 0.0969762 7.89103e-10 
0.347718 0.0100277 0.0638282 9.61382e-06 0.00248148 0.000548587 0.045619 0.000299153 0.00309943 0.0874753 0.00592883 0.0590696 0.29038 0.00686409 0.0402413 0.00346741 0.00102072 0.00740221 0.0243879 0.000132009 
0.00333054 0.00924934 0.331055 0.00144395 1.02075e-06 3.24503e-10 1.03588e-05 1.45025e-07 0.00418983 0.131139 0.166231 0.073399 0.175358 3.69822e-07 8.59522e-07 1.15968e-10 1.68669e-05 0.0592974 0.0452766 5.99495e-07 
0.522705 0.0536159 0.0113167 0.0042864 0.0392731 4.02288e-05 0.000504111 0.000121405 0.0108275 0.0858047 0.00220153 0.0527169 0.023015 0.0531657 0.0206185 0.00363505 0.00430029 0.063679 0.0480562 0.000116999 
0.00255075 3.65694e-05 0.000956005 8.88813e-05 0.000512536 0.000344673 2.06085e-05 2.4374e-05 0.00158231 0.000320287 0.000762514 0.0040094 0.116316 0.00215245 0.000156545 4.7004e-05 0.847232 0.00194159 0.020946 8.59553e-09 
0.10007 1.96084e-06 3.04919e-06 2.42114e-09 1.33517e-06 2.96999e-06 0.0825155 2.95163e-10 4.97586e-06 0.00368079 1.80982e-06 0.0474959 0.671161 2.66426e-06 1.16582e-06 1.0826e-06 4.68282e-10 0.0156693 0.0793873 2.68204e-09 
0.000141208 3.73638e-07 0.113716 2.72107e-07 0.000766752 3.23489e-06 9.39208e-07 2.51915e-07 0.00118159 0.000270956 0.00380916 0.00321933 0.00478967 0.000321932 1.58496e-05 0.00015118 6.62861e-07 0.831264 0.0403456 7.46528e-08 
0.130735 5.77402e-07 0.00572144 1.67224e-10 0.0360495 1.32278e-10 1.02216e-10 2.03864e-11 0.00110511 0.00391749 2.50586e-07 4.74703e-06 3.23625e-11 2.05224e-07 5.73879e-07 4.77502e-07 3.23434e-11 0.822358 8.12621e-07 0.000105256 
0.874273 9.7168e-05 0.0029973 2.41577e-05 0.0307337 3.63345e-05 1.16096e-05 1.34317e-08 0.0269077 0.000393815 4.92214e-06 0.00585372 0.000398383 1.80582e-05 0.00105314 7.65466e-05 1.22661e-05 0.0484263 0.00868187 1.93631e-07 
0.689711 0.00108714 0.00511812 0.000471278 0.0244029 0.000852934 6.368e-06 1.12718e-05 0.0218653 0.00161883 0.00139972 0.00319132 0.00148886 0.060533 0.00310695 2.88307e-05 0.00014919 0.052687 0.126064 0.00620546 
0.0123565 8.98265e-05 0.116673 4.5478e-05 0.0314401 0.0236041 0.000380729 2.0551e-05 0.24158 0.0418966 0.108272 0.0133192 0.00222476 3.0668e-05 0.0104922 0.273975 0.000540978 0.108771 0.0142537 3.29222e-05 
1.04709e-11 0.00252251 0.0791052 8.26352e-11 0.00118843 2.461e-07 0.00155835 1.00741e-11 0.0395507 7.21557e-05 1.50254e-07 0.024892 0.100874 0.000158341 0.602685 0.000670431 2.61156e-05 0.146697 2.31865e-07 9.154e-11 
0.000879774 0.00341797 0.00548269 1.78416e-05 8.56523e-05 2.63157e-08 2.03349e-08 1.1402e-05 0.000280882 6.03317e-05 0.000562985 0.849979 0.00264748 0.00117106 0.0316632 4.13322e-05 2.7705e-05 0.103245 0.000374169 5.18213e-05 
0.00149014 0.00093171 0.157788 1.76609e-08 2.31278e-06 1.60628e-06 0.1865 1.434e-06 0.00193248 0.11409 4.14818e-05 0.372648 0.0427407 0.000607643 0.0548033 0.00219779 1.9501e-06 0.00554786 0.0586742 1.95641e-08 
5.15084e-06 1.04807e-09 0.210343 0.604764 0.000119481 3.64982e-09 2.82033e-09 5.62501e-10 3.39946e-06 1.56377e-06 1.54597e-05 0.00256595 8.65475e-08 4.69414e-06 0.00284205 5.04564e-07 8.92419e-10 0.179332 2.01315e-06 5.11124e-09 
0.0557489 9.65911e-05 0.0164334 9.81476e-05 0.00323874 0.457961 0.000583211 2.43209e-05 0.00399015 0.000642688 0.00885222 0.00108448 0.0131186 0.000265018 0.0644053 0.000770919 0.000728733 0.140693 0.231264 1.08916e-06 
0.00308115 0.000354119 0.442005 2.37706e-07 0.00363392 4.30775e-05 0.000853112 2.8979e-08 0.00522952 0.00284718 0.00103462 0.0443101 0.488665 1.26781e-07 0.00389381 9.37286e-05 2.47298e-06 0.00385519 9.65985e-05 2.63321e-07 
0.00374344 0.00203694 0.00254074 4.391e-10 0.000603114 2.72548e-07 7.14499e-06 5.35312e-11 1.09693e-05 0.000282593 4.76681e-06 0.0100972 0.00248368 1.25244e-05 0.00043037 9.13123e-06 1.23519e-06 0.00128874 0.000370799 0.976076 
4.32133e-05 8.77232e-07 0.0169 0.000117399 7.15506e-07 0.000179143 2.36061e-06 4.70813e-07 0.000107586 0.00415806 0.000180304 9.72833e-05 0.972846 2.05978e-06 0.00152936 0.000109205 1.31888e-05 0.000135783 0.00357263 4.27811e-06 
0.379732 1.15661e-07 0.000509069 3.80383e-05 0.335523 1.4097e-05 6.5752e-08 5.64478e-08 0.0101687 1.14021e-06 0.000349648 0.00729508 0.00863931 0.166988 0.00125711 2.69643e-05 0.0104908 0.00244462 0.0765217 4.10149e-09 
0.915635 1.7655e-07 0.0114969 0.000714452 0.0183825 0.00203061 0.000521099 1.18025e-10 6.67004e-07 0.00477834 1.64189e-07 0.00355867 3.69138e-07 5.1635e-10 0.000830948 1.43658e-07 1.87249e-10 0.00678799 0.0352616 1.07245e-09 
0.028117 0.627573 0.0377175 0.000370562 0.00955522 0.0280392 9.43942e-05 0.000333218 0.0012494 0.0590356 0.0129561 0.0399859 0.0292225 0.00406708 0.00607319 0.0036412 3.16095e-05 0.0825953 0.028699 0.00064278 
0.00100318 0.407337 0.00297382 0.000127708 0.000605819 1.0452e-11 7.50642e-07 9.57825e-08 0.00232341 0.537637 0.00252009 0.018781 0.00273432 0.000151095 1.5097e-06 0.00312754 6.13684e-06 0.00926618 0.0114034 1.46371e-11 
0.000126882 2.27933e-08 0.920972 4.17706e-07 0.0017239 1.22978e-06 2.60008e-06 4.22524e-11 6.16191e-05 7.88155e-05 7.6616e-05 0.00771276 0.000545923 0.000206569 0.0023298 3.42259e-08 2.95867e-05 0.0585475 0.00758394 3.83932e-10 
0.0657615 0.00194 0.314475 0.0105317 0.0356844 0.000316328 0.0019961 1.22381e-06 8.92097e-05 0.0180799 0.00474401 0.0831629 0.326827 4.57991e-05 1.37721e-05 0.0150156 2.80962e-08 0.0870942 0.0342033 1.797e-05 
0.0001791 3.73801e-06 0.246883 1.74467e-07 3.23236e-08 1.38008e-07 1.06643e-07 2.12694e-08 4.78104e-06 0.00697545 0.668926 1.23292e-08 0.0769825 9.30522e-08 8.0042e-06 1.75275e-05 3.37443e-08 1.13038e-08 1.8969e-05 1.93267e-07 
0.00375441 0.000290627 0.0840236 4.9844e-05 1.85592e-08 0.00050218 0.0105322 1.22122e-08 0.000239707 0.0209031 2.48773e-05 0.00423659 0.680696 2.37052e-06 0.118455 2.83179e-08 2.39349e-05 0.00319795 0.0730673 1.10968e-07 
0.0151687 0.00905834 0.0239028 3.5557e-07 0.0164516 0.000236663 3.4713e-06 8.82863e-07 0.0235972 0.0352626 2.47355e-06 0.0149205 0.779354 0.000466993 0.00403469 0.000346268 3.12035e-05 0.0415783 0.0355759 7.12598e-06 
0.327671 0.0049851 0.0241686 0.00159115 0.0306239 0.0105144 1.0905e-06 0.000141331 0.00376189 0.0086331 0.00274316 0.0143958 0.00979533 0.0107023 0.00862494 0.00321852 0.0162241 0.0653779 0.418047 0.0387795 
0.132028 0.00160369 0.259768 7.16948e-07 0.1043 0.0519201 0.000911628 1.35136e-06 0.0212336 0.0121617 0.0337215 0.148747 0.0223088 0.000295388 0.0444203 1.54226e-05 0.000202566 0.0987497 0.0641568 0.00345243 
5.14249e-06 0.0518623 7.99435e-06 1.16038e-08 0.0641039 9.1789e-09 1.23188e-06 1.41463e-09 1.6946e-09 0.0710392 6.53213e-06 9.39358e-06 0.750497 6.18891e-09 0.00265838 3.28027e-09 0.00251972 0.0572887 8.89393e-10 1.28542e-08 
0.0154662 0.000610529 0.272581 2.94884e-06 0.00642976 1.91983e-06 5.68991e-05 2.60994e-08 0.00199206 0.00873085 0.0109439 0.502167 7.82675e-06 0.000353122 0.0025875 2.10225e-06 9.60342e-11 0.157395 0.0206712 1.30302e-07 
1.53163e-05 0.0554233 0.676047 2.32447e-09 4.30657e-10 1.83872e-09 1.42083e-09 2.83378e-10 2.34263e-06 2.37467e-05 7.97785e-05 0.0896402 0.154562 0.0013775 1.30268e-05 0.0228082 9.44576e-07 4.02129e-06 1.78163e-10 2.06254e-06 
0.115651 0.0710536 0.0068376 2.95049e-07 6.00295e-05 1.50938e-09 0.00519669 4.16934e-05 0.0015189 0.0345918 0.000991254 0.00169945 0.0543089 0.000386845 0.00353499 0.108842 0.545546 0.00936911 0.0367489 0.00362105 
0.370715 0.294459 0.00956139 0.0023474 0.00115276 1.52077e-10 0.0135676 1.71997e-05 6.11653e-05 0.0229953 0.000574717 0.159855 0.0695756 0.000476322 0.00785162 0.00130264 0.000720164 0.00773054 0.0327528 0.00428314 
0.0032063 0.000575503 0.0148871 0.000134816 0.000737606 0.000125573 0.00557388 2.42978e-05 0.023642 0.0037408 0.000496393 0.022535 0.0206098 5.52994e-05 0.0857195 0.00279807 3.6008e-05 0.378678 0.43537 0.00105448 
0.646815 0.00942436 0.00350514 2.21899e-08 0.00157163 0.00559423 0.00548622 0.000202075 0.0490841 0.0199539 0.000235983 0.0984154 0.00865849 0.00034417 0.0316271 0.00305772 5.84468e-05 0.0748363 0.040008 0.00112182 
0.379732 1.15661e-07 0.000509069 3.80383e-05 0.335523 1.4097e-05 6.5752e-08 5.64478e-08 0.0101687 1.14021e-06 0.000349648 0.00729508 0.00863931 0.166988 0.00125711 2.69643e-05 0.0104908 0.00244462 0.0765217 4.10149e-09 
0.807957 0.000118448 0.00194705 3.4353e-05 0.0414965 2.47265e-07 5.39127e-07 1.68087e-07 0.00494094 0.00160781 2.00159e-07 0.0295112 0.000132247 4.62903e-05 0.00599257 1.52129e-05 0.00389164 0.0601065 0.0388062 0.00339459 
0.0239569 0.00930985 0.327442 7.3055e-10 0.0632309 7.00663e-07 0.000293553 8.9062e-11 0.0513121 0.0652301 0.00400041 0.118624 0.073378 9.77634e-07 0.088799 2.06519e-10 0.000133921 0.0174841 0.156804 6.28489e-08 
0.0304436 0.000240457 0.00493756 3.10371e-05 0.000479606 1.33404e-06 2.27908e-09 1.26549e-06 0.00875545 0.00363837 0.00286826 0.00576445 0.879939 0.018493 2.1806e-05 0.000243348 0.00040687 0.00112606 0.0426024 5.75158e-06 
0.000455814 0.042062 0.198774 2.57644e-05 0.522831 6.41807e-05 0.0546415 1.45336e-06 1.741e-06 0.0337796 7.76379e-06 0.000829417 0.00338855 6.35837e-06 0.00458507 3.37009e-06 2.10477e-05 0.138036 0.000472002 1.32062e-05 
0.097366 0.00338187 0.0341631 2.94019e-08 3.79216e-07 2.32577e-08 0.00897827 3.58442e-09 0.00158043 0.138618 4.20713e-05 0.0289303 0.648944 0.000676377 0.0242774 4.68757e-06 2.2414e-06 0.00476215 0.00827282 3.25703e-08 
0.0452353 0.00750163 0.135743 0.00111536 0.000360569 7.43691e-07 0.000386303 9.68065e-05 0.00090625 0.0412282 0.00348077 0.222005 0.280041 0.000385782 0.02039 0.00191772 0.000495175 0.00860768 0.22971 0.000393037 
0.180153 0.0098577 0.0955198 0.000366618 0.0175482 0.0561878 0.0285695 1.66825e-07 0.0318122 0.033719 0.00766699 0.266811 0.024754 0.00203397 0.0773591 0.00161792 0.00165153 0.119108 0.0452631 1.66537e-07 
0.9394 0.00324803 0.000312006 1.48985e-05 0.00188985 1.17851e-05 9.1067e-06 1.81629e-06 5.70025e-05 1.72352e-05 9.70251e-06 0.0234725 0.00523393 0.000344595 1.56352e-06 4.21165e-06 0.000225501 0.0242859 0.00144397 1.65039e-05 
0.113251 0.00257948 0.0171335 0.00074504 0.00200916 9.69147e-05 0.00355609 2.86445e-06 0.00300603 0.12477 5.44047e-05 0.166713 0.473354 0.00048393 0.0206948 1.22157e-05 8.79484e-05 0.040595 0.0308161 3.93422e-05 
0.0128667 1.07725e-06 0.0282026 1.75165e-06 0.00558514 1.06782e-07 1.97802e-07 3.28482e-11 3.93494e-11 0.0331008 0.0101951 1.88508e-06 0.624992 2.87561e-07 0.131741 0.00281311 1.09492e-07 2.04271e-07 0.150496 1.16437e-06 
4.8195e-05 1.8939e-08 0.770641 8.33775e-08 1.54474e-08 0.000538796 5.09645e-08 1.01646e-08 1.85129e-05 0.00291829 6.67157e-05 1.16037e-05 0.0158289 0.00019734 2.60667e-05 1.3489e-05 0.00363664 0.06352 0.14252 1.46872e-05 
0.150667 0.024624 0.00886868 4.41782e-09 0.095974 3.29286e-07 0.00947532 5.38581e-10 6.89607e-07 0.047621 6.05758e-07 0.551143 0.0388628 2.35626e-09 0.0174719 0.00631617 1.04606e-06 0.0477917 0.00118201 4.89389e-09 
0.0437264 0.0514244 0.195527 0.000376591 0.00350993 1.44766e-10 0.00357771 0.000364065 0.227053 0.0260264 0.0093953 0.0897972 0.0541971 0.114916 0.0211177 0.0374 0.00181107 0.100394 0.0193785 7.40505e-06 
0.115651 0.0710536 0.0068376 2.95049e-07 6.00295e-05 1.50938e-09 0.00519669 4.16934e-05 0.0015189 0.0345918 0.000991254 0.00169945 0.0543089 0.000386845 0.00353499 0.108842 0.545546 0.00936911 0.0367489 0.00362105 
0.0141105 0.000434417 0.025657 0.000126083 0.010305 0.52118 3.04413e-07 3.69421e-05 0.00654706 0.0210737 0.00191407 0.00163621 0.199919 0.00156797 0.00167666 0.0700633 0.000159581 0.0417684 0.0818223 2.30115e-06 
0.0119995 0.0400455 0.00602786 4.98964e-11 0.0056975 8.17189e-06 1.26514e-08 4.0928e-08 0.00846735 0.232943 4.81299e-08 0.0289093 0.00181428 0.000970014 0.00265778 0.47636 5.54603e-06 0.0113271 0.0128602 0.159906 
0.0147086 0.0062751 0.000110103 2.31768e-11 0.00130684 3.221e-07 4.77009e-05 2.8255e-12 0.00041327 0.92028 4.22375e-06 0.0505563 0.000297168 9.62858e-10 0.000202377 0.000485769 4.48271e-12 0.00284753 0.00246475 6.11423e-10 
0.444239 0.112311 0.0144 6.71868e-06 0.0510143 1.21039e-05 0.000800381 7.35023e-07 0.0183812 0.00513334 0.00987916 0.0502967 0.0773306 0.000789327 0.0325662 8.03664e-05 0.000514514 0.179154 0.00308343 7.33597e-06 
0.00306713 0.000135692 0.0482815 0.00034358 0.000278856 0.000267522 1.09652e-05 2.77667e-05 0.00171834 0.00699916 0.00208789 0.00104459 0.0156587 0.00152289 0.00644999 0.000599946 0.866791 0.0132656 0.0314489 3.06004e-08 
0.0433516 0.000420723 5.85044e-05 4.10934e-07 0.000387279 6.60452e-06 2.5726e-05 4.64703e-06 1.19429e-05 0.0174657 1.87928e-05 0.00506757 0.739812 0.000154762 9.69313e-06 6.84847e-06 0.000512836 0.0598832 0.1328 4.55216e-07 
0.0553121 0.0800111 0.192402 0.000312845 0.00748568 0.00215486 6.00057e-05 1.93793e-05 0.0611234 0.137649 4.20526e-09 0.0478634 0.0711989 0.00628513 0.10381 0.00596796 0.000107652 0.0871672 0.14107 5.88734e-07 
0.0147798 0.00894008 0.0855198 0.00139674 0.053479 6.12012e-07 0.000280341 2.06766e-07 0.00209453 0.0694868 0.355965 0.0314976 0.317143 0.00161741 0.0362985 0.00251651 0.000601752 0.00120164 0.017181 3.55319e-10 
0.00937387 0.00241047 0.0916226 0.000428449 0.0261722 1.15582e-05 8.03177e-07 2.40783e-07 6.41718e-07 0.053277 6.96271e-07 0.31299 0.101905 8.60619e-10 0.00993473 7.90899e-07 5.72864e-07 0.00273172 0.389138 1.78749e-09 
0.0110622 0.000975976 0.0213399 0.000129994 0.0250021 0.000110303 0.00403238 8.64487e-06 0.0046278 0.0200191 0.000154413 0.0699774 0.178359 1.69013e-05 0.125892 0.000154378 0.000100436 0.364641 0.173394 1.47454e-06 
0.00252162 0.324642 0.159153 0.476742 0.000938587 9.51071e-07 7.36294e-05 1.46577e-07 0.000290626 0.00730079 9.47307e-05 0.0166569 4.50862e-05 6.41263e-07 7.34003e-05 8.81628e-05 4.04257e-05 0.00264103 0.00869526 1.33189e-06 
0.000204748 1.44334e-05 0.00169114 2.61592e-05 0.000298391 0.000116908 2.49471e-05 4.48681e-08 0.00461779 0.00122846 0.00012795 0.0234897 0.90181 0.000293769 0.00253843 1.02119e-05 1.25445e-05 0.00806768 0.0554176 8.849e-06 
0.0141105 0.000434417 0.025657 0.000126083 0.010305 0.52118 3.04413e-07 3.69421e-05 0.00654706 0.0210737 0.00191407 0.00163621 0.199919 0.00156797 0.00167666 0.0700633 0.000159581 0.0417684 0.0818223 2.30115e-06 
0.0331366 0.00208169 0.00579034 0.000151112 0.00129335 1.74863e-05 0.000101319 4.4998e-05 0.0135241 0.0158102 0.000230878 0.0376404 0.0194154 0.004089 0.00582192 0.00214043 0.827133 0.00824793 0.02333 7.89762e-09 
2.33574e-09 4.1871e-09 8.85091e-05 1.84334e-08 3.41517e-09 1.02215e-05 3.38135e-05 2.24723e-09 2.69199e-09 4.80622e-06 1.20046e-08 1.30394e-06 0.999844 9.83148e-09 1.93449e-09 5.21093e-09 7.13413e-06 2.50925e-06 7.20696e-06 2.04198e-08 
0.0366302 0.0179589 0.0494585 0.00058738 0.00113213 0.0662811 0.000481738 7.95583e-05 0.00336135 0.0344522 0.0796046 0.029294 0.409517 9.40005e-05 0.0209831 0.00591027 0.00457965 0.0588998 0.143249 0.037446 
0.0600123 0.0146477 0.00595411 5.02425e-07 0.00374403 3.97432e-07 3.07108e-07 6.12511e-08 0.0113865 0.00229961 3.272e-07 0.0228652 0.651159 2.6797e-07 5.2727e-08 0.00207172 9.71762e-08 0.216887 0.00897066 5.56567e-07 
0.0195657 0.00157832 0.0279552 0.000512844 0.00213053 0.000375413 0.000100985 0.000156819 0.00282492 0.00738199 0.0016724 0.0270185 0.110147 0.00749484 0.00724443 0.000253829 0.644705 0.0299515 0.108929 1.21795e-06 
0.000598205 5.05275e-05 0.0427908 1.22224e-09 0.000392891 6.83566e-07 5.66041e-06 5.26908e-08 0.000609688 0.00129161 0.000120435 0.00640899 0.000243593 7.67767e-06 0.0248126 4.92926e-05 2.8987e-06 0.919874 0.00274027 5.66467e-10 
0.0145954 0.0151806 0.0161757 4.48593e-06 0.00810946 0.0174312 0.00390735 6.02844e-07 7.41086e-05 0.0173723 0.852172 0.0294407 0.0208913 3.90209e-05 0.000773148 2.82914e-06 0.000157467 0.00339413 0.000274353 3.53445e-06 
0.00180789 0.00158961 0.545263 2.94219e-05 0.000250729 9.15642e-05 0.000114293 1.08062e-08 1.50015e-05 0.00335424 0.00469554 0.122664 0.00784926 1.64919e-05 0.013971 0.000253288 0.000113964 0.293392 0.00452802 9.81917e-08 
0.00683334 0.000290848 0.00469435 3.75642e-07 1.64856e-10 5.62862e-08 1.1602e-06 1.08478e-10 0.0123513 0.00230481 0.00022364 0.055085 0.908858 0.00197164 0.00151077 0.00204816 0.000847401 0.00297853 5.87105e-07 9.85696e-10 
0.0120368 0.0137957 0.0961245 6.01914e-05 0.0419912 0.0052179 1.86278e-07 3.21842e-06 0.00227946 0.0109507 0.00776994 0.026001 0.121914 4.70418e-05 0.0257924 7.7743e-05 5.60958e-05 0.33009 0.30579 1.6459e-06 
7.51358e-12 1.29316e-07 0.012027 5.92961e-11 1.09859e-11 0.00663759 1.81587e-08 7.22885e-12 0.00149539 0.00163782 3.82339e-07 4.19032e-12 0.977101 3.16257e-11 0.000895076 0.00020529 4.58863e-08 3.84184e-12 1.18625e-07 6.5686e-11 
5.66905e-06 4.88861e-06 0.105917 2.83143e-09 5.24582e-10 2.23974e-09 1.73245e-06 3.45182e-10 1.90251e-06 0.571173 1.84395e-09 0.0644696 5.58974e-06 2.20496e-05 3.26889e-06 8.00418e-10 1.53394e-06 0.190814 0.0675791 3.13655e-09 
0.00683334 0.000290848 0.00469435 3.75642e-07 1.64856e-10 5.62862e-08 1.1602e-06 1.08478e-10 0.0123513 0.00230481 0.00022364 0.055085 0.908858 0.00197164 0.00151077 0.00204816 0.000847401 0.00297853 5.87105e-07 9.85696e-10 
0.0992003 0.0168975 0.0196375 1.12087e-08 0.0470077 8.8664e-09 6.85134e-09 1.36647e-09 7.59571e-05 0.0391223 1.45348e-06 0.448165 0.234272 0.000191755 0.0261316 0.000589604 2.16793e-09 0.0139595 0.00494076 0.0498065 
5.16905e-07 0.0156297 0.122706 8.92761e-07 1.18914e-09 5.07709e-09 1.41255e-06 7.82469e-10 9.3733e-10 0.04118 0.000452164 4.53571e-10 0.783424 9.6364e-07 0.00291573 0.0304099 8.75543e-07 0.000416565 0.00286103 7.11001e-09 
0.00508738 6.93344e-05 0.0274739 0.0560676 0.0204777 5.73758e-05 0.000677379 1.46499e-05 0.0187278 0.00385035 4.71134e-06 0.00635399 0.142407 0.000597385 0.00658521 9.02497e-05 3.50835e-06 0.0623747 0.649055 2.50516e-05 
0.229662 0.000153805 0.0458381 0.000201086 0.0183607 2.12586e-08 2.10084e-05 4.35901e-06 0.105704 0.00882615 0.00217406 0.0124567 0.041402 0.0990762 0.0207297 5.36389e-05 0.290904 0.0695778 0.0548548 1.36088e-07 
0.894725 0.000241556 0.0758657 1.77124e-06 0.000188833 4.83982e-06 2.50548e-06 2.66254e-10 0.00757279 0.000682826 0.000276953 0.0075485 0.00609189 6.28448e-07 0.000131333 0.000351736 2.2506e-06 0.00600869 0.000302016 2.41936e-09 
0.0280151 0.0451221 0.197073 0.510889 0.000511455 9.65269e-08 7.45893e-08 1.48765e-08 0.0282314 0.00775996 7.94694e-08 0.00133389 0.0940296 0.000231666 3.83381e-05 3.97044e-05 2.13007e-05 0.0853752 0.00132758 1.35177e-07 
0.000268902 0.000304465 0.0283812 0.000356296 2.11273e-08 0.0199521 1.01077e-05 1.83755e-06 0.000733146 0.00171529 0.000208062 0.000876768 0.88263 7.60565e-05 0.00281445 7.92575e-05 1.67668e-05 0.0044044 0.0571707 1.26323e-07 
0.000141208 3.73638e-07 0.113716 2.72107e-07 0.000766752 3.23489e-06 9.39208e-07 2.51915e-07 0.00118159 0.000270956 0.00380916 0.00321933 0.00478967 0.000321932 1.58496e-05 0.00015118 6.62861e-07 0.831264 0.0403456 7.46528e-08 
0.0069411 0.00102545 0.281086 1.58035e-05 0.000185161 0.000100353 0.00173877 3.04788e-06 0.0501655 0.0214897 0.00031114 0.0571532 0.00294768 0.000236163 0.257845 0.0115101 2.22204e-05 0.300361 0.00686201 5.42555e-11 
0.00683334 0.000290848 0.00469435 3.75642e-07 1.64856e-10 5.62862e-08 1.1602e-06 1.08478e-10 0.0123513 0.00230481 0.00022364 0.055085 0.908858 0.00197164 0.00151077 0.00204816 0.000847401 0.00297853 5.87105e-07 9.85696e-10 
0.00550159 4.1087e-05 0.0146493 9.22186e-11 0.0988583 7.26933e-08 0.000566563 1.12425e-11 0.00455981 0.00225058 2.93475e-07 0.719945 0.000482774 6.03687e-09 0.00426704 2.60693e-11 1.78364e-11 0.126396 0.0224809 5.58878e-07 
0.00131399 0.306071 0.0461903 2.81313e-05 0.00012102 1.68916e-05 0.000110768 4.74672e-05 0.0926 0.0607849 4.88084e-05 0.0746715 0.00426158 7.01262e-05 0.128183 0.023908 0.00375378 0.238726 0.0189713 0.000120933 
0.00775151 0.0555194 0.348417 6.67571e-05 0.00431972 3.99722e-05 0.00141603 9.89904e-06 0.00379459 0.0840906 0.00434642 0.00975916 0.315153 0.00125247 0.00476431 0.0129411 0.000105267 0.0253345 0.0802313 0.0406869 
0.0488453 0.0078061 0.0775833 2.72373e-10 0.00653471 3.88262e-07 0.563855 6.56701e-08 0.0457835 0.0032144 1.61261e-06 0.0429037 0.176157 0.000664894 0.0179324 3.41504e-07 0.00263734 0.00191513 0.00416431 3.01725e-10 
0.00314365 0.0256876 0.0169689 0.00308695 0.00248183 0.108533 0.00471283 0.000250417 0.0153604 0.0321236 0.00113249 0.019516 0.0646343 0.000884114 0.0197249 0.0156766 0.00105348 0.58903 0.0759979 1.71441e-06 
0.419718 0.00189116 0.0147598 8.0276e-05 0.00271144 0.00198293 0.0108321 0.00178861 0.0107899 0.0175065 0.00232874 0.0943613 0.0274528 0.00997148 0.0878101 0.00173906 0.0141786 0.0214784 0.256702 0.00191672 
0.139903 8.49838e-05 0.19981 3.98416e-05 0.19075 2.38783e-07 0.00055622 1.24734e-07 0.0217494 0.0080994 0.000299381 0.156183 0.0566161 0.120919 0.00590784 0.000209789 0.00543215 0.000531482 0.0929081 2.95483e-10 
0.0126234 0.00121003 0.00895034 3.27681e-05 0.0304442 5.34576e-07 0.000505044 7.20061e-08 0.0260819 0.000229169 3.9254e-08 0.562318 2.19472e-07 2.60462e-07 0.0123984 1.1336e-07 0.000133906 0.341155 0.00391722 5.2191e-10 
1.67612e-06 8.6368e-06 0.0449835 4.74094e-10 1.33519e-06 4.12898e-07 2.26065e-06 5.77972e-11 0.0122151 0.01462 2.62468e-06 4.62012e-06 0.915494 1.22639e-05 4.97538e-11 8.60433e-06 9.07887e-07 1.32086e-06 0.0126425 5.25183e-10 
0.190727 0.00850189 0.0222042 0.000419629 0.0161887 1.72875e-05 0.083524 0.000143505 0.0875128 0.0340899 0.000505934 0.29746 0.0313197 0.000478437 0.0382975 0.0025728 0.00047093 0.0687278 0.116838 4.40298e-11 
4.148e-06 3.98459e-05 1.36199e-06 5.38306e-09 1.91403e-05 9.50439e-06 1.43387e-07 6.56254e-10 1.19237e-06 0.0442664 3.50568e-09 3.80409e-10 0.94901 2.87107e-09 0.00411817 4.6802e-07 0.00251809 1.18294e-05 4.12595e-10 5.96315e-09 
0.0130086 0.0193383 0.0777004 6.23007e-08 0.00489301 1.14217e-05 5.23863e-05 2.94963e-07 0.00740447 0.163051 0.0014717 0.0345505 0.536672 0.0296213 0.0376342 0.0318094 0.000751833 0.0294244 0.0126013 3.90363e-06 
0.00019978 0.00100385 0.000354983 6.01341e-05 0.000164211 9.48633e-05 0.000295907 7.331e-06 0.000108799 0.99475 3.91618e-05 0.000533941 0.00101411 3.20727e-05 6.31077e-06 0.00100347 1.16308e-05 0.000155329 9.75134e-05 6.66142e-05 
0.0141313 0.0553289 0.0118085 0.00318519 0.000117252 1.24455e-07 0.0425015 1.91806e-08 0.0220938 0.0113222 0.000107641 0.10514 8.46511e-05 1.11713e-05 0.0951855 0.000156733 3.04305e-08 0.633019 0.00579964 5.99565e-06 
5.16884e-07 0.0250895 0.0712988 1.81672e-09 3.36585e-10 1.43707e-09 1.11047e-09 2.21478e-10 2.65311e-10 0.0638264 1.21341e-06 2.82401e-07 0.836656 9.62233e-07 0.00213936 2.5313e-06 4.37019e-07 0.00062878 0.000355164 2.01249e-09 
2.01145e-05 5.14404e-06 0.813549 4.19677e-08 6.48003e-06 6.53372e-05 2.38911e-05 1.84399e-06 2.77356e-06 0.0365855 2.29093e-05 0.0815214 3.15774e-06 1.55768e-06 0.0573776 0.00835891 1.59874e-05 0.000255666 0.00217157 1.08355e-05 
0.247917 0.00103173 0.00644732 2.45925e-05 0.000795523 1.76722e-05 0.000162531 2.43272e-05 0.0223436 0.00190692 0.0067282 0.0199418 0.00861102 0.0693475 0.0286416 7.85272e-05 0.363271 0.00278597 0.219923 1.04668e-07 
0.0753653 0.000923255 0.0769988 0.031021 0.00296101 0.165289 0.0222478 0.00024221 0.113796 0.00869749 0.00524932 0.0511454 0.0322138 0.031775 0.0648064 0.000235938 0.00692286 0.18356 0.12655 1.86716e-10 
0.00748241 1.60066e-09 0.552321 7.04677e-09 0.058307 5.57418e-09 4.30734e-09 8.59078e-10 0.0284724 0.187433 5.24921e-06 0.0020865 0.14124 3.75841e-09 4.15136e-06 2.58211e-06 1.36295e-09 2.4702e-06 0.0226425 7.80614e-09 
0.0147798 0.00894008 0.0855198 0.00139674 0.053479 6.12012e-07 0.000280341 2.06766e-07 0.00209453 0.0694868 0.355965 0.0314976 0.317143 0.00161741 0.0362985 0.00251651 0.000601752 0.00120164 0.017181 3.55319e-10 
0.139903 8.49838e-05 0.19981 3.98416e-05 0.19075 2.38783e-07 0.00055622 1.24734e-07 0.0217494 0.0080994 0.000299381 0.156183 0.0566161 0.120919 0.00590784 0.000209789 0.00543215 0.000531482 0.0929081 2.95483e-10 
0.000323824 0.0021119 0.0320479 5.6167e-09 0.0137251 8.32645e-07 0.000338928 4.97516e-07 0.00178695 0.070369 0.0172371 0.00417236 0.694266 0.00688127 0.0821779 0.00292518 0.00398053 0.00480651 0.0628479 1.09252e-07 
0.0613896 2.11564e-06 0.0773776 1.45507e-09 7.01186e-07 1.151e-09 0.445183 1.77389e-10 4.73892e-06 0.0781398 0.0197105 3.69158e-06 0.17523 7.76067e-10 5.95557e-06 3.62016e-06 2.81432e-10 0.142949 1.11527e-10 1.61187e-09 
0.0133424 0.00303551 0.000833993 1.08025e-07 2.00139e-08 0.000104429 6.60303e-08 1.31694e-08 1.57758e-08 0.0128891 0.000288623 0.0045464 0.949854 5.76154e-08 0.0102426 0.000330856 0.000275804 0.00421475 4.07092e-05 1.19666e-07 
0.0954776 0.0242844 0.00626499 0.0879392 0.01615 3.54776e-09 0.00192677 8.06585e-07 0.0386144 0.0255492 0.000132403 0.483959 0.0124318 0.000204425 0.0193541 0.000218351 0.000146846 0.185733 0.00161273 4.96832e-09 
0.0256003 0.00358088 0.168812 0.000512226 0.0388202 3.35042e-06 0.00041774 0.000177191 0.180607 0.0177837 0.00100372 0.162891 0.0116583 0.000541329 0.0339838 0.0133903 0.012443 0.207157 0.120593 2.30953e-05 
2.02592e-06 2.36339e-06 2.15864e-05 1.04919e-06 1.31701e-05 4.01826e-06 1.95374e-05 7.31984e-07 0.000121162 0.00168909 6.31839e-06 2.10578e-05 0.61342 0.00133441 4.43031e-05 2.1782e-06 3.42137e-06 0.234921 0.148372 1.52899e-08 
0.139903 8.49838e-05 0.19981 3.98416e-05 0.19075 2.38783e-07 0.00055622 1.24734e-07 0.0217494 0.0080994 0.000299381 0.156183 0.0566161 0.120919 0.00590784 0.000209789 0.00543215 0.000531482 0.0929081 2.95483e-10 
0.0319559 0.00166692 0.0477066 0.0664767 0.032109 0.0327181 7.83662e-06 5.29103e-08 0.00776654 0.167818 0.000980718 5.07146e-05 0.478439 2.11518e-05 0.000103326 2.76116e-05 1.91501e-05 0.130497 0.00163494 4.80776e-07 
0.0736265 0.143631 0.0775338 0.000886544 0.0025814 2.09247e-10 0.010214 0.000119119 0.0116677 0.0772634 0.0322474 0.0333012 0.178525 0.315521 0.00726131 0.000437378 0.000774868 0.0089864 0.0254045 1.80809e-05 
2.3167e-08 4.15296e-08 0.000178906 1.8283e-07 3.38732e-08 0.00253573 1.11755e-07 2.2289e-08 0.00706884 8.58532e-06 0.00247562 3.09348e-05 0.984588 0.00210214 1.91871e-08 5.47082e-05 0.000850502 8.58291e-06 9.71779e-05 2.02533e-07 
0.0065529 0.00109526 0.029915 4.57692e-05 0.0434322 9.69894e-07 2.80749e-06 1.24391e-08 0.00671197 0.0288325 0.00348741 0.144801 0.00517684 6.05375e-08 0.234783 0.000255039 1.14145e-07 0.192531 0.302376 8.4349e-11 
0.0619903 0.649184 0.047046 0.000843197 0.00365009 1.3793e-05 0.0129448 1.74449e-07 0.00167454 0.123903 0.0011842 0.0384291 0.0359218 0.000205606 0.000428014 0.0176274 0.000165988 0.00458969 0.000197074 1.58516e-06 
0.0987506 0.0137299 0.190847 0.00406929 0.000228854 0.00188945 0.00143865 0.000173058 0.0550986 0.0383159 0.00224051 0.115026 0.326426 0.000808916 0.00274378 0.00217704 0.000121604 0.10852 0.0373929 1.58844e-06 
0.0434404 0.0917378 0.390958 2.94305e-10 8.78968e-06 2.32803e-10 1.79894e-10 3.5879e-11 2.96604e-07 0.0502133 1.01009e-05 0.358787 0.0549662 1.72681e-06 1.64934e-06 0.0079372 1.19594e-07 0.00193525 1.29708e-06 2.61141e-07 
6.28672e-08 6.19481e-07 0.0691029 3.44601e-10 1.26309e-06 0.00159635 0.000254132 4.20106e-11 0.000958331 0.0269141 0.021602 3.28493e-07 0.874252 8.08007e-07 0.0027899 4.08445e-07 0.000450272 5.22987e-05 0.002024 3.81736e-10 
0.0421367 0.0194276 0.0421314 0.0106622 0.097803 0.00117085 0.0371574 0.00104287 0.0219418 0.124797 0.0012289 0.0418864 0.409367 0.00402605 0.00422772 0.00605209 0.00042882 0.0204851 0.114027 1.06184e-07 
0.000427772 0.00126571 0.106503 1.14326e-07 0.00472798 0.000125554 0.000127603 3.18218e-06 0.00430168 0.00207571 0.000694405 0.0152326 0.230777 0.000239309 0.538604 0.000103881 0.000175117 0.0636214 0.030994 1.26646e-07 
5.15225e-07 0.0163108 0.201047 0.000404049 2.8752e-11 1.22758e-10 0.000666414 1.89192e-11 1.42803e-07 0.0290239 8.18731e-07 6.07573e-07 0.740059 8.27703e-11 0.00708058 3.72464e-06 1.5311e-07 0.00300736 0.00239475 1.73631e-08 
0.0147768 0.041154 0.0585483 0.00303107 0.0013681 0.00511215 0.00371881 0.000825552 0.0359412 0.0414719 0.413717 0.0110194 0.148903 0.0371381 0.0539801 0.00627281 0.0242334 0.0280026 0.0707856 1.88568e-09 
0.0144362 0.0509693 0.123619 2.37347e-05 0.000394102 2.11385e-06 0.00096078 1.14665e-05 0.00755385 0.179085 3.45225e-05 0.0213329 0.485026 4.53286e-05 0.0321644 0.0349737 0.000332982 0.0293549 0.019429 0.000250281 
0.0295811 0.0306719 0.095033 2.34085e-05 0.000602574 0.00399953 0.00395131 0.000421796 0.0069452 0.230264 0.000839833 0.064531 0.405349 0.0115114 0.0222814 0.00666006 0.00163768 0.0271004 0.058596 2.6244e-09 
2.78462e-05 1.84812e-08 1.20201e-08 8.1362e-08 1.5074e-08 6.43595e-08 0.998575 9.91892e-09 0.000319638 0.000357525 5.29863e-08 5.98023e-05 0.000314932 4.33946e-08 8.53853e-09 0.000165625 2.99152e-05 5.2715e-09 0.00014905 9.01296e-08 
0.0589319 0.00414581 0.00250081 0.000192109 0.00319701 0.00107586 2.38868e-06 4.92266e-06 0.015044 0.0313542 0.132633 0.0117923 0.000624188 0.303144 0.00130489 0.00684429 0.378355 0.00339438 0.0454595 5.30475e-11 
0.229644 0.11767 0.0720351 1.00601e-05 0.0071944 1.84759e-05 2.82798e-05 2.67254e-06 0.0147579 0.0981372 0.0644569 0.0272236 0.242866 0.00284301 2.14471e-05 0.00118696 3.56486e-05 0.105828 0.0159394 0.000101708 
0.0174986 0.0379742 0.00760716 0.000373401 0.00651157 6.24479e-05 0.00481356 5.2484e-07 0.00465304 0.0479977 0.0136784 0.0830984 0.678795 0.00074428 0.0663525 0.000662917 3.05005e-05 0.0267845 0.00236037 1.0672e-06 
0.0673419 0.0149611 0.00441454 0.000634696 0.00155702 0.148607 0.0104554 0.00090819 0.154927 0.0125167 0.00108954 0.0160646 0.10184 0.00382053 0.0499121 0.00467493 0.107102 0.18185 0.116605 0.000717773 
0.15638 1.75986e-09 0.00521457 7.74766e-09 0.621334 0.0136269 1.13489e-06 9.44525e-10 0.000978369 0.00155287 5.0456e-09 0.00307167 0.0077101 4.13223e-09 1.72022e-06 2.26824e-05 7.06189e-08 0.190002 0.000104248 8.58256e-09 
0.00215513 0.00232249 0.0191236 5.39789e-09 9.01873e-08 0.306357 0.000199428 5.00711e-08 0.00231874 0.00773983 0.000105614 1.59077e-05 0.590227 0.000126126 0.0172401 0.00117006 0.0134788 0.00463963 0.0327328 4.78838e-05 
0.000978599 3.74177e-05 0.879251 1.86496e-09 0.0128935 2.17687e-07 1.62531e-06 2.27359e-10 0.00190068 0.0733484 0.00561413 0.000450674 0.000542451 9.94681e-10 2.71127e-06 7.57581e-08 3.6071e-10 0.00778639 0.0171917 2.06593e-09 
0.551396 0.000912264 0.0190775 0.000583073 0.00981734 1.37884e-05 0.000146315 5.61158e-06 0.0859307 0.00709745 4.81875e-05 0.0451037 0.0112938 0.000125254 0.0481633 0.000258408 0.00780279 0.114458 0.0977657 5.37795e-07 
0.0251216 0.00607472 6.89343e-05 2.73689e-09 0.000814697 2.80033e-07 3.02883e-05 3.33657e-10 0.000257985 0.890742 3.09373e-06 0.0709711 0.000185626 1.65645e-08 0.000126387 0.000833628 5.29353e-10 0.00318792 0.00158124 5.81713e-09 
0.00842842 0.0307401 0.0175701 0.000119597 0.00206611 7.82272e-06 0.000329903 0.000191087 0.0814813 0.0500812 0.00222713 0.120678 0.027426 0.000255538 0.158593 0.0243626 0.0129668 0.432448 0.0268155 0.00321291 
2.29885e-06 1.64166e-05 1.45715e-08 9.86321e-08 1.82737e-08 0.00072324 3.68241e-05 1.20243e-08 5.79857e-05 0.181186 0.00988704 6.97011e-09 0.808032 5.26057e-08 2.18908e-05 2.78823e-08 1.90769e-08 2.51813e-05 1.06104e-05 1.09261e-07 
0.204726 0.00629277 0.0115921 0.00163556 0.0494987 9.01358e-09 0.000680325 2.0805e-06 0.0188391 0.0164372 2.75519e-05 0.468133 0.000267306 4.71264e-05 0.011197 0.00413417 7.03982e-06 0.0371647 0.169318 1.1968e-11 
3.15818e-08 0.000543553 0.00251496 2.4924e-07 4.61769e-08 0.00106483 1.52348e-07 3.0385e-08 0.000353104 0.00042232 0.00160709 1.76132e-08 0.992371 1.32933e-07 0.000190968 0.000239626 0.000192874 1.61484e-08 0.000498617 2.76098e-07 
0.0718961 0.024962 0.0874495 0.00109783 0.195241 0.00622688 0.00379868 0.00125634 0.00809916 0.0538886 0.00131234 0.0379411 0.0605548 0.00265838 0.0248624 0.0177663 0.0171192 0.0802482 0.0161724 0.287449 
0.0288845 0.00344737 0.118432 0.000213169 0.0408093 0.00220628 0.000519761 5.05762e-05 0.0166168 0.0946532 0.000718913 0.0029609 0.593103 0.0129072 0.000743328 0.00407559 4.4498e-05 0.0437011 0.0359122 3.5915e-07 
0.111023 0.0155531 0.10758 0.000649258 0.000510262 0.00291317 0.00490703 0.000329358 0.00504516 0.113008 0.0197329 0.0301499 0.311573 0.0138086 0.0368705 0.0113015 0.000910275 0.0978094 0.11612 0.000204612 
0.0207423 0.00160123 0.0601362 6.75832e-07 1.9902e-07 5.072e-07 8.7749e-07 1.73189e-07 0.0160789 0.615779 9.47726e-07 0.0543362 0.0143107 1.75646e-10 0.0390082 0.00458423 3.83609e-05 0.173381 1.02624e-06 7.71131e-08 
0.0192567 0.00920755 0.0907628 0.00140342 0.012221 0.000458317 0.347429 0.000248035 0.00408847 0.0797419 0.00139834 0.0871995 0.216518 3.89704e-05 0.0131369 0.00238368 0.0012326 0.00799289 0.105281 2.83847e-07 
0.0736265 0.143631 0.0775338 0.000886544 0.0025814 2.09247e-10 0.010214 0.000119119 0.0116677 0.0772634 0.0322474 0.0333012 0.178525 0.315521 0.00726131 0.000437378 0.000774868 0.0089864 0.0254045 1.80809e-05 
0.0985702 0.013336 0.0290688 0.000122657 0.00136183 4.49102e-05 0.000204991 6.2726e-07 0.074119 0.0336455 0.0353152 0.00567719 0.09301 0.333704 0.0538005 0.00818075 0.0677189 0.0651258 0.0869933 5.59053e-10 
0.109678 0.594846 0.0146484 0.000106861 0.00062668 1.11705e-06 0.000401002 9.26362e-07 0.00418612 0.0809685 0.000667847 0.0618728 0.0508042 7.91339e-05 8.03367e-05 0.000108119 3.37201e-05 0.0311232 0.0497671 2.20109e-08 
0.248831 0.00137041 0.025474 0.000521997 0.0343826 3.355e-05 0.000579615 1.29731e-06 0.0154554 0.00605175 0.000206774 0.244705 0.064029 2.95195e-06 0.0139196 0.000265028 6.83794e-07 0.0589386 0.28523 4.87372e-10 
0.0191736 7.18895e-07 0.0931932 0.308283 1.0437e-06 0.0186242 0.0352261 3.83427e-07 0.0147777 0.0381398 0.00515063 6.05139e-06 0.430644 3.48576e-07 0.019756 0.00851341 0.000690176 2.47676e-06 0.00781693 3.24875e-10 
0.000638534 0.000112041 0.00686641 2.87253e-05 0.00159619 0.381988 0.000113342 1.1818e-05 0.024884 0.000180211 0.00190127 0.00206311 0.166464 0.000857602 0.0145171 0.000428552 0.000474066 0.126137 0.270738 7.3785e-08 
0.0638543 0.0147529 0.0197493 3.36596e-06 0.00985167 0.00205154 0.0100413 2.87079e-07 0.00941654 0.0314886 1.47063e-05 0.0278998 0.778691 0.000350673 0.00489981 2.7617e-05 0.000465527 0.0175039 0.00893658 5.35668e-07 
1.55678e-08 2.81863e-06 0.000747829 1.22859e-07 0.00132023 0.000311089 6.76629e-05 1.49779e-08 0.000113054 3.88964e-05 8.00111e-08 9.98539e-05 0.995063 0.000235963 0.000190836 3.47311e-08 5.70544e-05 0.00045533 0.00129575 1.36099e-07 
0.00430885 0.0130242 0.248794 5.93704e-05 0.312767 0.000138075 0.00338242 5.21895e-05 0.0106446 0.0167891 0.00319439 0.22143 0.00372999 0.000126899 0.0262844 0.000407043 2.07723e-06 0.0813009 0.0257383 0.0278261 
1.62229e-05 0.000962481 0.534717 3.71846e-06 0.0630094 0.000154321 2.53079e-05 7.89559e-06 0.00188361 0.00271108 0.00100614 0.00826433 0.0592186 2.94459e-05 0.0525961 0.00103742 0.000104409 0.202193 0.0720417 1.7467e-05 
0.000701982 0.000746673 0.00284964 2.53283e-08 0.142274 1.27831e-05 0.00412733 3.0878e-09 1.81889e-05 0.000230857 1.64949e-08 6.83803e-07 0.580569 1.32965e-06 0.00013395 5.43768e-07 1.62032e-06 0.17304 0.09529 9.99959e-07 
0.000598205 5.05275e-05 0.0427908 1.22224e-09 0.000392891 6.83566e-07 5.66041e-06 5.26908e-08 0.000609688 0.00129161 0.000120435 0.00640899 0.000243593 7.67767e-06 0.0248126 4.92926e-05 2.8987e-06 0.919874 0.00274027 5.66467e-10 
0.00287073 0.0117123 0.0766062 4.41868e-08 0.00255449 0.000179594 0.000662204 1.44088e-05 0.156184 0.14521 0.000465334 0.0695963 0.0085383 0.00326714 0.0773974 0.0359805 0.00011778 0.397043 0.0115996 7.56261e-11 
0.00334333 0.000575236 0.012151 0.000307759 6.68708e-05 0.000168392 5.77795e-05 3.6299e-05 0.00338411 0.00663073 0.00296775 0.00158449 0.086245 0.000748443 0.00836722 0.000614158 0.836683 0.0011094 0.0349587 5.60443e-08 
0.141324 0.00835607 0.0774949 0.00156113 0.0315146 1.56192e-05 0.00333955 0.000561443 0.0509036 0.0810578 0.0026676 0.0669047 0.0569807 0.0450227 0.021323 0.00210112 0.00687939 0.197847 0.204145 9.61656e-08 
