0.00323093 0.00445361 0.0295967 0.000106109 5.82948e-08 2.90175e-05 0.0045324 0.00903082 1.16776e-07 0.0785382 0.273056 0.00262694 0.569496 0.000214669 0.0152377 0.00648182 3.85357e-07 0.00145872 0.00190971 7.60289e-11 
0.000393545 0.00122069 0.000211718 0.000227337 0.000380865 0.00566405 0.980972 0.00326759 3.60831e-09 0.00100567 1.60908e-08 0.00276435 0.00042366 0.000133111 0.00114739 0.000418389 4.77885e-09 0.000180897 0.0015885 2.73704e-08 
4.61269e-05 1.72452e-05 0.171876 3.95477e-08 7.32704e-09 4.64852e-06 1.63535e-05 4.8213e-09 5.7755e-09 1.0931e-05 2.47342e-05 2.79474e-09 0.636593 3.20799e-05 0.115808 0.00324137 3.58268e-06 0.0265269 0.0457998 4.38094e-08 
0.00105142 1.82973e-07 0.00116636 8.05521e-07 1.4924e-07 6.37189e-07 4.92375e-07 9.82019e-08 1.17637e-07 0.000335014 5.24589e-07 0.00075146 0.995098 0.000773757 8.45355e-08 2.27713e-07 0.000171535 0.0005063 0.000142065 8.92325e-07 
0.00584521 0.0968365 0.0637691 6.12021e-08 0.000184277 1.37395e-06 0.00110264 0.00574187 3.53289e-06 0.786529 0.00033926 0.00147926 0.013322 7.60642e-06 0.0116514 0.00262454 2.26637e-05 0.000844755 0.00941877 0.000276248 
0.00367895 5.62342e-06 0.0412045 9.55818e-10 1.77085e-10 7.56077e-10 5.84244e-10 1.16525e-10 1.39587e-10 0.0315184 3.92218e-06 6.75454e-11 0.923569 3.1102e-06 5.31643e-06 8.18735e-06 1.84869e-10 6.19346e-07 2.01473e-06 1.05882e-09 
0.102293 0.0323966 2.91072e-08 1.97021e-07 0.000858031 1.55849e-07 0.0035674 1.04893e-05 2.87728e-08 0.05035 1.28309e-07 9.32592e-05 0.769515 0.000581709 0.028863 6.62945e-05 3.81067e-08 3.10938e-05 3.3862e-05 0.0113389 
1.08216e-07 4.03592e-07 0.0090199 1.37724e-10 2.55162e-11 2.61573e-07 2.44217e-07 1.42732e-07 2.0113e-11 0.000801418 0.0168313 1.24587e-07 0.970558 4.11423e-07 0.00203907 3.34865e-07 0.00074827 1.69631e-08 1.05561e-11 1.52565e-10 
0.104903 0.000837026 0.0051769 1.67794e-05 0.00464171 1.14185e-05 0.104158 0.00031265 5.53088e-06 0.0649832 0.00104278 0.0965808 0.529398 1.66897e-05 0.0252055 0.00060075 0.000287439 0.0117823 0.050023 1.70062e-05 
0.00542068 0.00307768 4.48426e-06 3.03532e-05 5.62356e-06 2.40102e-05 1.85534e-05 3.70038e-06 4.43274e-06 0.00699012 1.97673e-05 0.0363645 0.00679407 1.61889e-05 0.00134524 8.58054e-06 5.87073e-06 0.939717 0.000115813 3.36241e-05 
9.1831e-05 0.000718447 0.0259777 1.71164e-09 5.19055e-06 0.000223745 0.000202792 0.00106383 2.89507e-06 0.0468505 0.167978 0.00769109 0.737206 5.77638e-05 0.00907709 0.000216078 0.000431892 0.000453334 0.00175188 1.89608e-09 
2.57641e-07 3.66306e-05 0.000800861 1.45076e-09 2.68783e-10 0.00826253 0.000181646 1.65427e-06 2.11867e-10 0.0662827 0.00812919 7.39197e-07 0.914505 1.48695e-06 6.19302e-07 3.31657e-06 0.00179176 1.11828e-07 1.12138e-06 1.60709e-09 
0.0387927 0.227753 0.0398185 1.78204e-09 0.02763 1.40964e-09 1.76256e-07 2.81477e-05 2.60248e-10 0.263792 1.16054e-09 0.182239 3.44875e-10 7.04621e-07 0.012659 8.11239e-05 3.44673e-10 0.207197 9.02362e-06 1.97408e-09 
0.553258 0.127242 0.0115656 1.91649e-09 0.000680782 1.516e-09 0.00985279 6.10347e-06 1.45343e-06 0.0375818 0.000543645 0.0642322 0.168751 0.000138249 0.00235211 0.00183343 0.000880331 0.0104504 0.00320122 0.00742943 
0.00572996 0.0318903 0.0122192 1.55149e-06 5.41996e-05 0.000239346 0.000142557 0.00119279 4.88464e-05 0.124552 0.000417975 0.00262547 0.805218 0.000362854 0.00297237 0.000320799 4.98678e-06 0.00895061 0.00120201 0.00185434 
0.022049 0.0010654 0.0231694 1.99959e-10 0.0465007 2.04614e-07 0.000242599 3.05495e-06 1.1278e-07 0.0026291 4.31921e-07 0.547818 0.0619989 0.0148565 0.00725314 0.000305991 0.00512166 0.000437641 0.266548 2.21507e-10 
0.0278301 2.18374e-05 0.148105 1.82421e-09 0.0501058 1.443e-09 1.11505e-09 0.000203866 2.66405e-10 2.03796e-05 1.188e-09 8.03137e-06 0.185011 9.72946e-10 1.77277e-05 0.000427143 1.79978e-06 9.77459e-06 0.588237 2.02079e-09 
0.0680464 0.000621563 0.587512 2.45659e-05 0.0667351 0.000441243 0.00104986 4.85142e-06 1.04727e-06 0.0484678 0.0013712 0.00972819 0.0651585 7.58185e-05 0.0098969 0.00528591 0.000417137 0.00689848 0.12776 0.000503836 
0.000293668 0.000166454 0.000254593 8.89786e-05 0.000355978 7.03844e-05 5.43882e-05 0.00046568 1.29943e-05 0.995937 0.00034822 6.28791e-06 0.000831893 0.000461277 9.33786e-06 0.000118488 1.72097e-05 0.000191873 0.00021686 9.85671e-05 
0.453748 0.00467364 0.00620854 3.74469e-08 1.07836e-07 0.000168759 1.52489e-06 0.0020232 5.76197e-08 0.0397378 3.41868e-07 0.435582 0.04036 8.20464e-08 0.0029853 0.00144547 0.00010455 0.01296 7.04228e-07 1.16267e-08 
0.00627581 0.00107853 0.0280302 0.000119338 0.00162044 0.00291891 0.036248 0.00225192 6.71219e-05 0.00688177 0.00114663 0.0176292 0.839544 6.97573e-05 0.0254726 0.000738044 4.38281e-07 0.00617535 0.0237298 2.51021e-06 
0.0255409 0.0145012 0.109125 1.71374e-07 0.0118901 0.000161064 0.00541246 0.140436 3.09831e-07 0.14723 4.03049e-07 0.263079 0.110072 5.1517e-05 0.0380855 5.37731e-05 0.000127984 0.0120382 0.122194 3.369e-09 
0.169355 0.0168437 0.0990967 0.00411585 0.000394466 6.17732e-06 0.000128435 0.000346346 8.19327e-05 0.112429 0.0188315 0.075765 0.379036 1.32773e-05 0.0140041 0.0280995 0.00116581 0.0477131 0.0321069 0.000467874 
0.0509101 0.115809 0.0448926 4.88731e-09 0.131456 3.86599e-09 2.98737e-09 5.95817e-10 7.13738e-10 0.0557019 3.18282e-09 0.336453 4.71279e-06 0.00159785 5.20587e-07 6.88408e-06 8.25033e-07 0.263166 3.74597e-10 5.41397e-09 
0.00181692 4.58678e-05 0.0244991 8.66428e-06 0.931373 0.000103549 0.000249182 1.89302e-05 2.92073e-07 0.00480849 8.85944e-05 1.41333e-07 0.0347773 1.06669e-06 1.20396e-05 5.65372e-07 3.86822e-07 9.93022e-05 2.4161e-06 0.00209426 
0.00290577 0.00232446 0.00766615 5.47534e-07 4.32053e-07 3.15389e-08 8.25856e-05 9.15268e-06 1.93632e-07 0.00539967 4.78052e-07 0.0101922 0.966474 9.11231e-08 0.000278317 0.00406886 6.12635e-06 0.000418541 0.000168647 4.17503e-06 
0.109453 0.000666914 0.0235759 0.000450065 0.0525703 0.100404 0.00100623 0.000368726 0.000245181 0.0484664 0.000536377 0.00546419 0.316525 9.31514e-05 0.0843102 0.00917854 0.00074173 0.221987 0.0238699 8.71333e-05 
0.011485 0.0200848 0.00470086 2.05885e-06 0.00324804 9.96299e-08 1.46166e-06 0.00449788 1.77594e-08 0.862653 1.02574e-06 8.8115e-11 0.0586594 1.06483e-06 8.58344e-07 0.0269614 4.63818e-05 0.00671034 4.27074e-08 0.000945908 
0.037814 0.24194 0.0674856 0.00011789 0.0331088 0.0109345 0.00234574 6.62051e-07 2.07601e-06 0.0229668 0.409463 0.105061 0.0444878 4.62625e-05 0.000568237 8.63497e-07 2.33109e-05 0.0134352 0.0101892 8.15601e-06 
0.109937 0.0263768 0.0450509 4.63746e-07 0.0165333 0.000278814 0.0062189 0.00190474 4.64439e-07 0.0343739 0.0051976 0.327194 0.372124 0.00120719 0.00687465 0.00747616 0.00631631 0.0078506 0.0250831 4.63658e-07 
0.000772023 6.60926e-05 0.0525597 0.596099 0.0217495 1.35397e-10 0.000362425 0.00229897 3.94446e-06 0.0596512 0.0093836 0.000501727 0.00116425 0.000400494 0.00221367 0.235626 1.92792e-05 0.0071073 0.0100214 1.89611e-10 
4.13145e-06 0.00170958 0.0216818 1.04652e-06 0.00083648 0.00127789 1.19932e-06 0.00115941 3.62942e-07 0.0154019 2.28775e-06 6.51622e-06 0.900004 2.29306e-07 9.84374e-07 5.28197e-11 0.000662734 0.0183413 0.0388962 1.15084e-05 
2.00658e-05 1.04434e-05 2.7172e-05 1.71759e-07 0.00427839 2.09034e-05 0.000242055 3.16321e-06 2.50835e-08 0.00215959 0.0222317 0.00448039 0.961754 9.16082e-08 2.03638e-05 0.00463876 1.44856e-05 1.11284e-08 9.76855e-05 1.90268e-07 
0.000772023 6.60926e-05 0.0525597 0.596099 0.0217495 1.35397e-10 0.000362425 0.00229897 3.94446e-06 0.0596512 0.0093836 0.000501727 0.00116425 0.000400494 0.00221367 0.235626 1.92792e-05 0.0071073 0.0100214 1.89611e-10 
7.4542e-05 7.13799e-12 0.159084 3.14244e-11 5.86788e-06 2.48575e-11 1.92082e-11 3.83098e-12 4.58918e-12 0.000126334 2.04649e-11 0.0189984 4.05972e-08 4.53289e-06 0.58188 8.88337e-12 6.07792e-12 0.0227502 0.217076 3.48107e-11 
0.18857 2.08989e-05 0.0212612 1.93812e-05 0.0226842 4.10871e-05 0.0229547 0.000200064 3.01914e-07 0.0187887 3.60491e-05 0.133597 0.357671 1.97568e-07 0.000762209 1.62553e-05 3.18032e-07 0.117537 0.115832 7.44701e-06 
0.00977407 0.0249425 0.293491 1.54292e-07 0.0193249 8.62997e-07 1.92894e-10 0.0281324 6.37579e-08 0.213952 9.23073e-07 0.00421687 0.231573 6.17325e-05 0.00417598 1.01936e-06 6.10364e-11 0.036639 0.1337 1.39286e-05 
0.000772023 6.60926e-05 0.0525597 0.596099 0.0217495 1.35397e-10 0.000362425 0.00229897 3.94446e-06 0.0596512 0.0093836 0.000501727 0.00116425 0.000400494 0.00221367 0.235626 1.92792e-05 0.0071073 0.0100214 1.89611e-10 
1.28199e-07 2.44313e-05 0.126446 0.000188384 0.000225285 0.000444371 0.00121602 1.23341e-07 1.47752e-07 0.0027241 0.00243522 0.00296183 0.790933 5.39607e-07 0.0144484 2.86005e-07 1.95682e-07 0.0516178 0.00633287 1.12075e-06 
0.000159922 0.000103272 9.48036e-05 2.36783e-08 0.854531 1.68759e-05 1.44734e-08 0.00606889 3.45796e-09 0.000424127 1.54203e-08 0.0536131 0.0846907 1.26289e-08 2.48492e-09 0.000155299 4.57973e-09 9.25104e-05 4.93662e-05 2.623e-08 
5.0086e-06 0.792206 0.0297019 1.49718e-09 2.77384e-10 1.18431e-09 5.50007e-07 1.82523e-10 2.18647e-10 0.154769 3.99858e-06 0.0109148 2.89746e-10 7.98525e-10 1.85419e-06 8.71915e-06 2.89576e-10 1.04774e-06 0.0123867 1.65852e-09 
0.0454653 0.156061 0.232485 2.09035e-09 0.0971117 1.65352e-09 0.0226006 0.127326 3.05272e-10 0.164204 0.000969356 0.0296435 0.108038 1.37794e-06 0.000137325 0.00411737 6.86018e-05 0.01067 0.00105346 4.71336e-05 
3.35756e-06 0.0261399 0.557218 7.49074e-08 0.00350448 3.83528e-07 8.65855e-07 2.45384e-07 5.44248e-11 0.170608 2.42701e-10 2.23068e-06 0.0608607 1.98766e-10 1.03486e-05 1.05351e-10 2.02619e-05 0.181631 5.42748e-07 4.12833e-10 
0.00812227 0.00450842 0.0935067 1.74318e-05 7.27159e-05 0.00160773 2.18286e-05 3.54372e-06 3.41351e-06 0.0359025 1.18961e-05 5.11461e-05 0.828076 0.00010077 0.00212489 0.0228191 1.46965e-05 0.00151486 0.0015198 6.61704e-07 
0.000321893 0.000281692 0.0213348 4.49587e-08 8.32955e-09 3.55635e-08 2.39073e-06 9.73796e-07 6.56572e-09 0.0936268 0.00356553 0.00875377 0.86113 1.06559e-05 0.00521797 2.72814e-05 8.69566e-09 3.15689e-07 0.00572603 4.98035e-08 
0.000772023 6.60926e-05 0.0525597 0.596099 0.0217495 1.35397e-10 0.000362425 0.00229897 3.94446e-06 0.0596512 0.0093836 0.000501727 0.00116425 0.000400494 0.00221367 0.235626 1.92792e-05 0.0071073 0.0100214 1.89611e-10 
0.104915 1.98714e-06 0.000282482 7.62564e-08 0.00617098 6.01881e-07 2.83648e-06 8.1611e-07 1.11364e-08 2.52589e-06 1.33737e-06 0.884852 0.000749369 8.47752e-06 0.000594378 2.15569e-08 1.47491e-08 8.39876e-05 0.00233341 8.44739e-08 
1.16395e-07 0.00549492 0.104449 3.06227e-07 9.78023e-12 2.96519e-07 0.000831292 1.14231e-06 7.70921e-12 0.847615 1.34109e-07 3.39476e-07 0.0184138 1.71577e-05 0.00205292 0.0118225 1.63464e-08 0.00930138 2.28607e-07 5.84773e-11 
0.00481048 0.000880398 8.15386e-05 2.23087e-06 0.000282015 1.76467e-06 6.22492e-05 9.26702e-06 3.25793e-07 0.000249257 1.45283e-06 0.0242262 0.968245 1.18984e-06 0.000230658 6.30644e-07 4.31481e-07 0.000392147 0.000520457 2.47127e-06 
0.0413707 0.000730275 0.00382973 5.29914e-07 2.5327e-05 4.19176e-07 0.00042933 6.46024e-08 7.73881e-08 0.000792644 0.819181 0.0537524 0.0789713 3.4371e-05 0.000144258 1.56243e-05 3.03683e-05 0.000672469 4.06162e-08 1.86525e-05 
0.00908809 9.55386e-07 1.46958e-06 1.66899e-10 2.9997e-07 2.11366e-07 1.1733e-06 0.250768 1.7086e-08 0.0263502 0.0360363 0.0922621 0.567647 1.7812e-07 5.3194e-06 7.78529e-07 5.81372e-08 0.0178345 3.54474e-06 1.84884e-10 
1.2528e-05 8.32614e-06 0.320506 2.81328e-05 1.57897e-09 6.74151e-09 5.20937e-09 4.88426e-06 1.24461e-09 0.482131 9.9959e-06 1.74061e-05 8.21388e-05 4.54549e-09 8.94392e-10 0.08498 4.96159e-07 4.25232e-06 0.112206 8.50623e-06 
0.0417759 1.46923e-06 0.0317603 6.46815e-06 0.00594599 5.11648e-06 9.03194e-05 2.94169e-06 9.44601e-07 0.0008313 0.0010969 0.000404846 0.916666 0.000257787 6.788e-07 1.82848e-06 1.25103e-06 0.000502775 0.000640124 7.16516e-06 
0.056635 0.0105063 0.677038 1.95637e-05 0.00676277 3.32041e-05 0.000272552 0.000467227 1.85612e-05 0.0189045 2.02044e-05 0.0732822 0.0329435 0.000115071 0.0367661 2.28897e-05 2.52209e-06 0.0470126 0.0391767 1.98682e-07 
0.000772023 6.60926e-05 0.0525597 0.596099 0.0217495 1.35397e-10 0.000362425 0.00229897 3.94446e-06 0.0596512 0.0093836 0.000501727 0.00116425 0.000400494 0.00221367 0.235626 1.92792e-05 0.0071073 0.0100214 1.89611e-10 
1.88951e-05 0.14295 0.0013745 1.96869e-08 0.0112479 4.0082e-07 1.20336e-08 0.000101758 2.87506e-09 0.763547 6.56822e-08 0.0754559 0.00529199 1.05001e-08 7.25123e-06 3.63104e-06 1.60802e-07 6.53461e-09 1.50894e-09 2.18084e-08 
0.0893499 2.44313e-06 0.0230751 3.38609e-09 1.47218e-05 2.32795e-06 0.0109999 0.00343075 1.26609e-06 0.00931957 3.51188e-06 0.0195196 0.384877 1.96158e-06 0.0144436 0.00130015 1.35886e-06 1.19452e-05 0.443645 3.75098e-09 
4.13145e-06 0.00170958 0.0216818 1.04652e-06 0.00083648 0.00127789 1.19932e-06 0.00115941 3.62942e-07 0.0154019 2.28775e-06 6.51622e-06 0.900004 2.29306e-07 9.84374e-07 5.28197e-11 0.000662734 0.0183413 0.0388962 1.15084e-05 
1.06855e-06 1.98425e-09 0.00235017 8.73548e-09 4.53755e-05 6.91e-09 5.33957e-09 1.06495e-09 1.27572e-09 0.00281848 4.33796e-06 0.0366545 0.948071 4.65909e-09 0.00397286 4.00357e-07 0.000264249 1.18608e-06 0.00581599 9.67683e-09 
0.111473 0.101788 0.00833747 1.95721e-06 0.00154794 1.00062e-06 2.23304e-06 6.73232e-07 2.75998e-09 0.0426065 4.25007e-06 0.0419789 0.687155 1.00798e-08 9.42727e-06 3.15389e-06 3.18302e-07 0.00214393 0.00294561 2.09355e-08 
0.00265627 3.27619e-07 0.0162542 2.79771e-06 0.0295871 1.19523e-06 5.90509e-07 0.000283083 1.69289e-09 0.0356551 0.399118 0.0588037 0.055196 1.03857e-07 0.0673993 0.000651838 7.78029e-09 0.0206259 0.313765 1.62085e-10 
1.15959e-05 0.00304899 0.0964341 1.07273e-06 0.00042732 8.48559e-07 6.55708e-07 1.30778e-07 1.56661e-07 0.705029 2.75871e-05 0.00169369 0.190532 0.000780328 0.000455222 0.000941142 2.53713e-06 0.000459934 0.000152598 1.18833e-06 
0.0320296 0.00150017 0.00612306 0.00210085 9.96298e-05 1.44214e-12 1.9747e-07 0.438135 3.97776e-08 0.429405 2.22856e-07 0.00221442 0.00537748 1.09975e-07 0.0250564 0.0132316 0.000146329 0.00181163 0.0427687 2.01959e-12 
0.0211654 0.0024888 0.669329 3.56427e-06 0.00319559 0.000660523 1.66016e-06 0.000106384 1.43043e-06 0.00942984 2.28208e-06 0.0507513 0.0612574 3.67002e-07 0.0537609 2.09059e-05 4.09559e-08 0.0248745 0.102916 3.4736e-05 
0.00195072 0.000179222 0.0877657 4.55819e-07 1.2491e-06 7.08715e-10 5.47646e-10 3.00177e-07 1.30843e-10 0.146322 2.63412e-05 0.0444062 0.0417538 0.000395564 0.00655036 3.21479e-06 2.0094e-07 0.112909 0.0804106 0.477325 
3.10283e-09 0.0042641 0.148116 1.16883e-05 0.0185243 1.937e-08 1.49678e-08 2.057e-07 3.57608e-09 6.88629e-06 1.59471e-08 4.26569e-05 0.723863 1.30603e-08 3.50446e-06 3.76741e-06 4.73616e-09 0.102324 0.000204303 0.00263549 
0.0966455 0.0222955 0.113417 9.98422e-10 0.0197411 1.26444e-06 0.000708909 7.53804e-05 1.45808e-10 1.72274e-06 0.00509715 0.445115 0.217159 5.32511e-10 3.18217e-05 2.82244e-10 3.47789e-07 0.0796898 2.12054e-05 1.10601e-09 
5.14249e-06 0.0518623 7.99435e-06 1.16038e-08 0.0641039 9.1789e-09 1.23188e-06 1.41463e-09 1.6946e-09 0.0710392 6.53213e-06 9.39358e-06 0.750497 6.18891e-09 0.00265838 3.28027e-09 0.00251972 0.0572887 8.89393e-10 1.28542e-08 
0.00243546 0.354285 0.0156002 0.00296013 0.0289149 8.80641e-07 0.0116968 9.75354e-06 0.000175891 0.0928045 0.388752 0.00891539 0.0436291 0.00408297 0.0302615 0.00110447 0.000298645 0.00127281 0.011712 0.00108775 
0.156411 1.69458e-07 0.000685611 7.46026e-07 0.000671331 5.90126e-07 4.56009e-07 7.76787e-05 1.08949e-07 0.000138297 4.85844e-07 0.67191 0.169716 0.000302305 7.82917e-08 2.10894e-07 1.44292e-07 4.83356e-08 4.39581e-06 7.99041e-05 
0.0670588 0.046067 0.0198402 1.41194e-05 0.0166362 3.01047e-05 0.00884238 0.000266356 5.6232e-06 0.168904 0.00100665 0.196461 0.259133 0.000442874 0.0131816 0.00121535 6.23712e-05 0.0198771 0.167946 0.0130098 
0.370715 0.294459 0.00956139 0.0023474 0.00115276 1.52077e-10 0.0135676 1.71997e-05 6.11653e-05 0.0229953 0.000574717 0.159855 0.0695756 0.000476322 0.00785162 0.00130264 0.000720164 0.00773054 0.0327528 0.00428314 
3.99109e-05 3.89834e-08 0.0629367 1.71621e-07 3.17965e-08 1.35757e-07 1.04904e-07 0.00010199 2.50634e-08 0.0343528 0.0247872 1.52047e-05 0.875686 9.15347e-08 1.80108e-08 0.00202971 1.78538e-05 3.18492e-05 1.31542e-08 1.90115e-07 
0.111457 0.064046 0.00833164 1.26849e-06 0.00154535 0.000169142 1.44785e-06 4.36576e-07 1.62741e-09 0.0343108 2.75621e-06 0.0670402 0.707382 5.9435e-09 6.18953e-06 0.000620592 2.0626e-07 0.00214145 0.00294329 1.23445e-08 
0.0132048 0.0318059 0.0099541 0.00318319 5.33043e-07 1.86584e-07 0.000177143 0.000114611 7.26265e-08 0.884728 0.00691586 0.0192265 0.000780881 0.000617711 0.00377758 4.84101e-07 7.19567e-11 0.022121 0.003347 4.49571e-05 
0.00800425 0.000192075 0.00278913 2.88544e-06 0.00316591 3.71028e-06 4.847e-05 1.85225e-05 4.21386e-07 0.000966483 4.00941e-05 0.00752331 0.975772 6.29441e-06 9.6172e-06 2.9355e-05 1.56683e-05 7.23738e-06 0.00140112 3.19637e-06 
0.00524477 0.0910854 0.125874 0.00189684 1.09788e-07 4.11143e-11 4.67055e-07 1.71825e-05 3.18877e-08 0.538823 3.32061e-06 0.0294094 0.068515 0.00116996 0.0427158 2.76672e-06 4.5248e-08 0.0520804 0.0431616 5.75769e-11 
0.00146995 0.000594364 0.723307 0.00113573 0.0269585 0.00176104 0.000976816 0.0015328 1.2871e-06 0.0118475 0.000577753 0.0163791 0.0333928 0.000507579 0.00617789 0.0144581 5.15625e-06 0.0165647 0.142352 4.06419e-11 
0.000120285 9.34246e-10 0.0222585 4.11294e-09 1.53164e-07 1.17157e-05 5.38029e-05 1.20846e-05 6.00649e-10 3.06325e-05 1.76809e-05 1.01441e-05 0.358507 9.87358e-06 1.58846e-05 1.593e-05 6.84211e-06 2.66481e-10 0.61893 4.55615e-09 
0.0128667 1.07725e-06 0.0282026 1.75165e-06 0.00558514 1.06782e-07 1.97802e-07 3.28482e-11 3.93494e-11 0.0331008 0.0101951 1.88508e-06 0.624992 2.87561e-07 0.131741 0.00281311 1.09492e-07 2.04271e-07 0.150496 1.16437e-06 
0.000772023 6.60926e-05 0.0525597 0.596099 0.0217495 1.35397e-10 0.000362425 0.00229897 3.94446e-06 0.0596512 0.0093836 0.000501727 0.00116425 0.000400494 0.00221367 0.235626 1.92792e-05 0.0071073 0.0100214 1.89611e-10 
0.627156 0.0288301 0.0221382 1.77293e-09 0.0318972 1.40243e-09 1.0837e-09 2.16139e-10 2.58916e-10 4.78275e-06 1.1546e-09 0.0629931 0.151019 9.45595e-10 1.11035e-05 0.000935166 6.11763e-08 0.0433798 0.0316357 1.96398e-09 
0.000598613 0.000535191 0.000618016 1.20205e-07 0.000238316 9.50851e-08 7.34752e-08 6.15626e-05 1.75546e-08 0.000300666 0.400649 0.000598877 0.592073 0.00179518 0.00139901 3.39807e-08 2.32493e-08 0.000295958 0.000836577 1.33158e-07 
0.00139796 0.000220395 0.056416 0.000831067 0.00154659 1.03737e-06 0.000984746 0.00717014 1.91518e-07 0.24494 0.000397791 0.000393306 0.036627 6.99448e-07 0.000339644 0.0219315 0.00028198 0.626337 0.000180973 1.45274e-06 
0.0336734 0.00173827 6.35102e-06 6.27476e-06 2.38236e-06 0.0117713 7.17782e-06 2.16622e-06 3.73307e-09 9.19933e-06 0.0020192 0.0438091 0.906619 1.36337e-08 1.06954e-06 7.22618e-09 1.01938e-06 3.05282e-06 0.000331384 2.83168e-08 
0.175629 3.16625e-06 0.129166 4.478e-08 0.0208316 3.54222e-08 2.66962e-06 5.45917e-09 6.53962e-09 0.0660421 0.00722321 0.307195 0.222195 2.98812e-06 2.42862e-05 5.86073e-06 8.66109e-09 0.0269958 0.0446824 4.96055e-08 
9.50574e-05 0.00519003 4.61403e-05 2.14653e-08 3.21639e-06 3.53165e-08 1.56636e-08 0.00105885 1.26529e-08 0.99055 2.70662e-05 0.000114274 1.55611e-07 4.10327e-08 1.33201e-08 0.0022874 6.65001e-10 0.000624774 4.36924e-08 2.94903e-06 
0.00777073 0.0172621 0.0334419 0.000267988 4.61089e-07 6.11766e-05 0.000371313 0.00578402 1.73965e-07 0.571957 5.09939e-07 0.082009 0.15776 0.0153066 0.000503468 0.0986794 0.000436263 0.00131203 0.00707621 8.47361e-11 
0.0586018 1.25334e-05 0.373594 1.98859e-05 7.14356e-05 5.47646e-07 0.0526731 6.27384e-06 1.06861e-08 0.0118385 4.68207e-05 0.059643 0.225087 2.43033e-05 0.216088 2.25993e-05 1.27652e-06 0.00212073 0.000147982 8.10579e-08 
0.00484233 1.44395e-07 0.0383131 8.70164e-10 2.74592e-07 0.000182526 2.42828e-05 0.000405196 1.27078e-10 0.0308691 0.000395066 8.63733e-08 0.914983 5.91365e-05 4.43279e-07 7.259e-07 8.56974e-05 0.00576248 0.00407651 9.63934e-10 
0.0336734 0.00173827 6.35102e-06 6.27476e-06 2.38236e-06 0.0117713 7.17782e-06 2.16622e-06 3.73307e-09 9.19933e-06 0.0020192 0.0438091 0.906619 1.36337e-08 1.06954e-06 7.22618e-09 1.01938e-06 3.05282e-06 0.000331384 2.83168e-08 
0.000772023 6.60926e-05 0.0525597 0.596099 0.0217495 1.35397e-10 0.000362425 0.00229897 3.94446e-06 0.0596512 0.0093836 0.000501727 0.00116425 0.000400494 0.00221367 0.235626 1.92792e-05 0.0071073 0.0100214 1.89611e-10 
0.00755388 1.5075e-06 1.89412e-06 3.98867e-07 0.201861 0.4094 6.95891e-08 4.11681e-05 1.06069e-06 0.00172885 0.0012238 0.169531 0.127732 1.35919e-06 3.37874e-06 0.000287998 1.85499e-06 0.037123 0.0433893 0.000116921 
0.00323566 0.000369443 0.0158418 2.50871e-05 0.00574945 1.98445e-05 1.53345e-05 0.0033989 3.66369e-06 0.000341023 1.63377e-05 0.000135551 0.0199388 1.33802e-05 0.000297924 0.000140423 3.48256e-05 0.000164441 0.95023 2.77905e-05 
7.4542e-05 7.13799e-12 0.159084 3.14244e-11 5.86788e-06 2.48575e-11 1.92082e-11 3.83098e-12 4.58918e-12 0.000126334 2.04649e-11 0.0189984 4.05972e-08 4.53289e-06 0.58188 8.88337e-12 6.07792e-12 0.0227502 0.217076 3.48107e-11 
0.000772023 6.60926e-05 0.0525597 0.596099 0.0217495 1.35397e-10 0.000362425 0.00229897 3.94446e-06 0.0596512 0.0093836 0.000501727 0.00116425 0.000400494 0.00221367 0.235626 1.92792e-05 0.0071073 0.0100214 1.89611e-10 
0.000678524 0.00126954 0.000117178 5.32284e-08 0.00040631 4.21051e-08 8.78794e-05 1.29847e-05 7.77342e-09 0.000359437 3.46646e-08 0.00105812 0.994693 2.83895e-08 5.58605e-09 1.50471e-08 1.02951e-08 0.000565592 0.000750683 5.89643e-08 
0.00193105 0.000255823 0.00763157 3.02529e-05 0.000184968 0.000183262 0.00153818 0.000262845 7.31598e-05 0.0174341 0.00169276 0.0042734 0.835683 0.000117241 0.0304169 0.000118692 0.000311943 0.0693769 0.0284836 6.04364e-07 
0.712085 5.86984e-05 3.37822e-09 2.28665e-08 4.23651e-09 1.8088e-08 7.68885e-05 3.54063e-05 3.33941e-09 9.3811e-05 1.48917e-08 0.00022607 0.28689 1.46473e-05 3.38386e-05 0.000336789 8.88963e-07 0.000147415 1.75265e-09 2.53307e-08 
3.16656e-07 1.11426e-05 0.0414761 5.49842e-07 2.20343e-07 0.000324379 1.44827e-06 1.1348e-08 2.53121e-10 0.00894537 0.00430281 1.22484e-10 0.923713 4.96468e-08 0.000138361 0.000941415 0.000232244 1.12298e-10 0.0199122 1.92002e-09 
0.00641213 0.00518042 0.0244117 1.57138e-06 0.000139577 0.000111198 0.000461833 0.141326 7.09618e-05 0.0869291 0.000688158 0.0394567 0.559034 0.00110781 0.0272938 0.0303083 0.000564997 0.0613021 0.0151997 4.08194e-09 
0.00311693 0.00404584 0.18472 7.369e-08 0.00195492 1.81196e-05 0.000276106 0.000100613 8.88783e-07 0.00343773 0.000840409 0.0281776 0.556729 2.25577e-05 0.114224 0.000356351 7.8892e-05 0.0116793 0.0902209 4.68079e-10 
0.0775431 8.78161e-05 0.000196578 0.000764205 8.9877e-05 0.00200955 0.000156031 7.54853e-05 1.16331e-07 9.00564e-05 5.18763e-07 0.000140824 0.910371 4.24856e-07 0.00738766 2.25184e-07 0.000835301 0.000144652 0.000105552 8.82415e-07 
0.0114113 3.7934e-06 0.581423 3.01892e-06 6.48858e-06 5.34867e-09 7.50754e-07 8.24323e-10 9.87468e-10 0.165495 4.40349e-09 0.0413571 0.104944 7.81823e-06 1.40852e-05 1.91146e-09 1.3078e-09 0.0952697 5.64405e-06 5.81904e-05 
0.235844 0.00020843 0.000798887 1.28731e-08 2.67504e-06 7.12065e-06 0.00339687 1.56938e-09 1.87998e-09 0.00199664 8.38352e-09 0.0229171 0.726891 6.86592e-09 0.0015657 3.58424e-06 9.61339e-07 1.30032e-05 0.00635384 1.42604e-08 
0.0154874 0.00291169 0.00398401 0.00392306 0.00149247 0.00199515 0.00449584 0.00135778 1.02289e-07 0.00577309 0.866173 0.0244271 0.0646311 3.73573e-07 7.3506e-08 1.98003e-07 0.000636855 0.00191513 0.000794594 7.75903e-07 
0.057231 7.4438e-09 0.00117619 3.27707e-08 1.72242e-07 9.47736e-05 0.00240662 0.000607717 4.7858e-09 0.00758784 0.000252206 0.000735658 0.521042 9.81608e-05 0.0012141 0.0196994 0.000125766 1.98382e-05 0.387708 3.63021e-08 
0.0289456 0.000140733 6.20271e-05 6.9804e-07 1.29327e-07 5.52168e-07 4.26677e-07 8.50987e-08 1.01941e-07 0.00039783 5.50486e-05 0.000811469 0.960215 2.40429e-05 5.24832e-06 1.97329e-07 1.35011e-07 0.00909999 0.000240277 7.73262e-07 
0.0286626 0.000118679 0.175909 3.82631e-07 5.77502e-06 9.28727e-07 9.56454e-07 2.11331e-05 6.1461e-07 0.412709 8.4414e-06 0.0677199 0.0298224 1.94664e-05 0.00677907 0.00761584 1.86004e-06 0.051927 0.218677 2.26516e-09 
0.235844 0.00020843 0.000798887 1.28731e-08 2.67504e-06 7.12065e-06 0.00339687 1.56938e-09 1.87998e-09 0.00199664 8.38352e-09 0.0229171 0.726891 6.86592e-09 0.0015657 3.58424e-06 9.61339e-07 1.30032e-05 0.00635384 1.42604e-08 
0.05002 0.00112767 0.376773 1.34454e-05 0.000703144 5.50504e-08 4.25392e-08 0.000798301 1.01634e-08 0.3499 2.70603e-05 4.54394e-06 0.106075 3.7118e-08 5.46656e-06 0.00533109 3.36979e-07 0.109218 2.80019e-06 7.70932e-08 
0.0738236 0.00275743 0.0679516 0.000337018 0.000384573 0.000826467 0.000118278 0.000279683 1.08301e-05 0.000886876 0.144897 0.00103589 0.0290375 0.0420322 0.030132 1.84306e-07 7.83215e-05 0.52884 0.0764004 0.000170365 
0.00142764 0.000298474 0.0977602 5.84894e-07 1.60296e-06 8.63382e-10 6.67162e-10 4.1029e-07 1.59397e-10 0.217622 3.38037e-05 0.0740086 0.0619391 4.70686e-06 0.0109168 2.93774e-07 2.86524e-07 0.132802 0.0840626 0.319121 
0.00180789 0.00158961 0.545263 2.94219e-05 0.000250729 9.15642e-05 0.000114293 1.08062e-08 1.50015e-05 0.00335424 0.00469554 0.122664 0.00784926 1.64919e-05 0.013971 0.000253288 0.000113964 0.293392 0.00452802 9.81917e-08 
0.10622 0.337058 0.0240602 6.75113e-05 0.00226573 6.60806e-05 0.0111562 0.00102028 3.90569e-08 0.0971071 4.75882e-05 0.0240996 0.236442 1.42641e-07 0.160243 7.56032e-08 0.000137776 1.73278e-08 9.3125e-06 2.96262e-07 
0.0576008 0.00113573 0.00326922 0.000468319 0.000365841 0.000153127 0.00100622 0.000460156 2.18013e-12 0.0163403 0.00343651 0.25693 0.656797 7.9621e-12 1.56666e-12 4.22011e-12 6.38092e-05 0.00172257 0.000250661 1.65371e-11 
5.01573e-06 1.68744e-05 3.16955e-05 2.86816e-09 5.31387e-10 2.26879e-09 3.15745e-06 3.4966e-10 4.18863e-10 0.11924 0.0729822 2.02686e-10 0.786848 9.3329e-06 1.59532e-05 2.45681e-05 5.54743e-10 0.0208171 6.04568e-06 3.17724e-09 
0.150113 6.9702e-05 0.0103266 0.000143469 0.0511919 4.44304e-06 8.9711e-06 0.00387237 8.20272e-07 0.0857319 0.000123136 0.0148659 1.08701e-06 2.99574e-06 0.000272969 0.00217408 1.08637e-06 0.681089 4.3051e-07 6.22208e-06 
2.05939e-09 0.000777231 0.00598926 1.82498e-06 0.00833898 0.0169707 4.00648e-06 0.00315416 4.14181e-07 0.0859968 5.07752e-05 3.6114e-06 0.760586 0.00549967 0.0035496 0.00851818 0.000376803 0.0371259 0.0630558 5.93775e-08 
0.29881 1.77913e-07 0.00190139 7.83248e-07 1.45113e-07 0.376198 0.00027313 6.58848e-06 1.14385e-07 0.281386 5.10084e-07 6.78028e-05 0.00312054 4.17747e-07 7.80872e-07 2.21416e-07 0.000132347 0.0377382 0.000362871 8.67652e-07 
1.18203e-05 0.000414941 0.0811527 1.80971e-06 0.0753687 0.0186792 1.6344e-06 1.64623e-05 1.50374e-09 0.0143794 6.70572e-09 0.012829 0.672924 1.65445e-07 0.0085006 1.02343e-06 1.99155e-09 1.2871e-06 0.115717 1.14064e-08 
0.0302789 0.00189864 0.126283 7.8904e-05 0.00245666 3.56509e-05 0.000104212 0.00395398 5.40317e-08 0.189547 0.00251958 0.00136804 0.633498 0.000392766 0.00409699 5.27547e-05 5.30037e-05 0.000956467 0.00235788 6.70153e-05 
0.0722447 0.00213793 0.0527553 4.00857e-07 0.106765 0.000297213 0.000279631 9.26985e-06 3.52048e-05 0.0130896 0.383753 0.0712298 0.0392924 0.000224645 0.00646037 0.00522854 0.000228809 0.234296 0.0114737 0.000199236 
0.00645763 0.000328441 0.517364 1.126e-05 2.21714e-05 3.57163e-08 7.48398e-06 0.0215921 6.59393e-09 0.397458 0.0211962 3.19078e-09 0.000735621 2.40818e-08 0.0299637 0.00301567 2.37628e-07 0.00184678 7.12836e-07 8.36321e-08 
0.000772023 6.60926e-05 0.0525597 0.596099 0.0217495 1.35397e-10 0.000362425 0.00229897 3.94446e-06 0.0596512 0.0093836 0.000501727 0.00116425 0.000400494 0.00221367 0.235626 1.92792e-05 0.0071073 0.0100214 1.89611e-10 
0.0257228 0.00108725 0.000630677 1.30911e-05 0.33915 1.69687e-05 0.00015133 0.00136161 9.89463e-06 0.17687 0.00265547 0.214844 0.207497 0.00392415 0.0051513 1.65155e-05 2.60234e-05 0.0208366 1.11067e-05 2.40429e-05 
5.16905e-07 0.0156297 0.122706 8.92761e-07 1.18914e-09 5.07709e-09 1.41255e-06 7.82469e-10 9.3733e-10 0.04118 0.000452164 4.53571e-10 0.783424 9.6364e-07 0.00291573 0.0304099 8.75543e-07 0.000416565 0.00286103 7.11001e-09 
0.00180068 0.00199139 0.000302419 4.11285e-08 1.60082e-05 5.73405e-05 2.81871e-07 5.01401e-09 6.00636e-09 0.00271023 0.00018486 2.90645e-09 0.991426 3.52637e-05 0.000182092 8.83145e-06 3.17583e-05 0.000442416 0.00081005 4.55605e-08 
0.00740072 4.65359e-06 0.0595168 3.50582e-09 7.32187e-08 5.57986e-06 0.00253467 0.00101865 5.11987e-10 0.0470767 0.00939275 0.00128457 0.845265 0.000553686 0.0241743 0.00136013 0.00036863 2.27145e-10 4.27062e-05 3.8776e-07 
0.00142764 0.000298474 0.0977602 5.84894e-07 1.60296e-06 8.63382e-10 6.67162e-10 4.1029e-07 1.59397e-10 0.217622 3.38037e-05 0.0740086 0.0619391 4.70686e-06 0.0109168 2.93774e-07 2.86524e-07 0.132802 0.0840626 0.319121 
0.000772023 6.60926e-05 0.0525597 0.596099 0.0217495 1.35397e-10 0.000362425 0.00229897 3.94446e-06 0.0596512 0.0093836 0.000501727 0.00116425 0.000400494 0.00221367 0.235626 1.92792e-05 0.0071073 0.0100214 1.89611e-10 
0.0315567 0.0110087 0.0630216 0.000422306 0.00131887 0.0400441 0.0234472 0.0269449 0.000252575 0.123608 0.00193577 0.0960856 0.451469 0.00181343 0.0231985 0.00439493 6.58692e-05 0.00171871 0.0976724 2.10828e-05 
0.0200213 0.0391093 0.0192675 0.000162557 0.000648973 2.11515e-05 0.00109445 0.0624713 0.000229484 0.506766 0.0377788 0.0876948 0.0500871 0.0505135 0.0142718 0.037183 0.000237378 0.0295201 0.0184953 0.0244262 
0.000604493 0.00361605 0.480461 0.00010079 0.000320063 2.34568e-05 1.13932e-05 0.000411964 8.37878e-08 0.114643 0.00931793 0.00031824 0.344431 0.000940677 0.0355345 0.00134221 0.000360333 0.00356392 0.00393129 6.70083e-05 
0.00755388 1.5075e-06 1.89412e-06 3.98867e-07 0.201861 0.4094 6.95891e-08 4.11681e-05 1.06069e-06 0.00172885 0.0012238 0.169531 0.127732 1.35919e-06 3.37874e-06 0.000287998 1.85499e-06 0.037123 0.0433893 0.000116921 
0.00314052 6.60505e-07 1.03429e-06 1.13196e-07 5.22993e-11 4.02155e-07 1.7429e-06 8.56932e-07 4.12246e-11 0.0266689 1.83836e-10 1.01757e-07 0.970121 1.50557e-10 6.42109e-05 7.97992e-11 5.4598e-11 1.82895e-11 5.08473e-07 3.12704e-10 
0.0219828 0.00984602 0.0163517 0.000568976 0.00942772 0.000232661 0.040286 9.15294e-05 8.71625e-08 0.0262445 0.000326816 0.0312871 0.555092 0.000297916 0.0033433 0.00230558 8.38939e-08 0.157621 0.123308 0.00138624 
0.00316369 6.2315e-07 0.888322 2.74337e-06 5.08266e-07 0.0132397 1.67688e-06 0.000134113 4.00638e-07 0.00338848 0.0534209 1.93867e-07 0.00743341 1.46318e-06 0.00446279 0.0105479 5.30606e-07 1.77745e-07 0.0158756 3.039e-06 
0.00513538 7.57352e-07 4.92579e-07 0.00022899 6.17727e-07 7.69355e-05 0.000174275 0.000985155 4.8692e-07 0.00323995 2.17136e-06 0.000196043 0.989552 1.77829e-06 9.1528e-05 0.00030629 2.69211e-06 2.16024e-07 2.55554e-07 3.69348e-06 
5.16884e-07 0.0250895 0.0712988 1.81672e-09 3.36585e-10 1.43707e-09 1.11047e-09 2.21478e-10 2.65311e-10 0.0638264 1.21341e-06 2.82401e-07 0.836656 9.62233e-07 0.00213936 2.5313e-06 4.37019e-07 0.00062878 0.000355164 2.01249e-09 
2.57387e-05 2.61446e-05 0.400473 1.84156e-09 3.41188e-10 7.29819e-07 0.0101485 2.13304e-06 2.6894e-10 0.272773 1.1993e-09 0.154743 0.15988 5.40309e-06 1.93263e-10 6.24764e-06 3.56184e-10 1.19316e-10 2.49131e-05 0.00189109 
0.0126483 9.8239e-08 0.00194884 4.32489e-07 1.61057e-05 0.00123194 0.00565755 0.00127073 6.31603e-08 0.00322111 0.00185921 0.00106668 0.0134588 0.00103824 0.00167031 0.0016751 0.000719471 2.80213e-08 0.952516 4.79095e-07 
0.0440123 0.00258714 0.11257 0.000172561 0.000391604 0.0089821 0.00980809 0.000596824 0.00011771 0.0421068 0.0342918 0.0252582 0.704813 0.000905247 0.0027464 0.00377593 8.79323e-05 0.00017781 0.00652172 7.61065e-05 
0.383658 0.00532783 0.0335088 6.24173e-07 0.0177358 7.43131e-07 0.00295256 0.0144816 5.9658e-07 0.166624 0.000577199 0.186583 0.0148388 6.26281e-07 0.00546103 0.00898586 4.33988e-07 1.06602e-06 0.159262 3.32629e-10 
0.287451 0.00661297 0.00519518 1.72615e-06 0.000360911 2.2998e-07 7.96576e-11 0.0355568 1.90317e-11 0.570387 8.48693e-11 0.00109099 4.89985e-07 2.18012e-07 1.36763e-11 0.0666131 0.000128128 0.0249696 0.00163099 1.44362e-10 
0.0477717 7.1395e-07 0.00573842 2.13696e-10 0.000207058 2.99133e-07 0.0011921 0.000779434 3.12079e-11 0.0202622 0.00295799 0.00379482 0.757511 2.52085e-07 0.00525579 0.00114046 1.74669e-07 8.0918e-07 0.153387 2.06816e-08 
0.00326826 0.000614445 0.000840732 0.000827872 0.00031495 0.00042103 0.000948743 0.000286527 2.15858e-08 0.00121828 0.00180976 0.00515477 0.0136389 7.88339e-08 1.55117e-08 4.17839e-08 0.000134393 0.970353 0.000167681 1.63736e-07 
0.041067 9.612e-05 0.00636576 0.0240927 0.000499069 0.000643815 0.00992976 0.00121858 8.72708e-05 0.0399901 0.00780693 0.000533583 0.764629 0.00351337 0.00113433 0.0214367 9.74573e-06 0.0227131 0.0542309 1.80817e-06 
0.0435114 0.00810897 0.121423 9.48815e-11 2.07447e-07 0.000380914 2.20444e-07 6.24739e-08 1.38564e-11 0.059698 8.09521e-07 0.065312 0.366876 5.06053e-11 0.252147 9.28071e-07 5.22557e-05 0.0803183 0.00216959 1.05106e-10 
0.000321477 1.75066e-05 0.0410488 1.97021e-07 3.65022e-08 7.16919e-05 1.20429e-07 2.4019e-08 2.87727e-08 0.00432324 0.000298809 4.34743e-05 0.953526 1.05082e-07 2.06763e-08 5.56958e-08 3.81066e-08 8.87396e-05 0.000238161 2.15079e-05 
0.00361724 0.000112229 0.00978957 2.27598e-05 7.9364e-05 0.000489229 0.00690759 0.000114116 3.37908e-05 0.000710315 0.00211002 0.00176518 0.860919 0.000213608 0.0122207 5.17367e-05 0.000422004 0.0733256 0.0270941 1.5698e-06 
5.20159e-06 1.74753e-05 0.0512124 1.25755e-07 8.23374e-05 9.94759e-08 0.000114807 1.5331e-08 1.83652e-08 0.00989089 1.2249e-05 3.00742e-05 0.897354 9.71528e-06 0.0130524 2.5437e-05 2.43229e-08 1.92956e-06 0.0281905 1.39307e-07 
0.0140999 0.00184119 0.105493 4.58071e-05 0.00422766 0.00535786 0.00645886 0.000122324 3.54603e-05 0.0270066 0.00343275 0.0735253 0.703313 5.01746e-06 0.0386725 0.00107867 0.00013217 0.00512795 0.0100231 7.31083e-08 
0.000678524 0.00126954 0.000117178 5.32284e-08 0.00040631 4.21051e-08 8.78794e-05 1.29847e-05 7.77342e-09 0.000359437 3.46646e-08 0.00105812 0.994693 2.83895e-08 5.58605e-09 1.50471e-08 1.02951e-08 0.000565592 0.000750683 5.89643e-08 
3.09436e-08 6.2676e-07 0.018136 8.11308e-10 3.04534e-05 1.92594e-06 2.92637e-06 9.89073e-11 1.18483e-10 1.20854e-06 5.28358e-10 2.64313e-06 0.317285 5.06316e-06 4.52117e-06 0.00208848 2.66917e-07 0.0820521 0.580388 8.98735e-10 
0.00142764 0.000298474 0.0977602 5.84894e-07 1.60296e-06 8.63382e-10 6.67162e-10 4.1029e-07 1.59397e-10 0.217622 3.38037e-05 0.0740086 0.0619391 4.70686e-06 0.0109168 2.93774e-07 2.86524e-07 0.132802 0.0840626 0.319121 
0.821372 0.0545022 0.0215825 0.000480854 0.000269572 0.000519009 0.00113533 3.42775e-05 5.43709e-05 0.00852117 5.98996e-05 0.0523874 0.026509 0.000152091 0.00174477 0.000558238 0.000130583 0.00709149 0.00289212 3.17028e-06 
0.00324369 0.0744243 0.640344 2.0418e-06 2.58797e-06 1.97706e-06 0.000250728 0.00511193 6.94495e-07 0.0781011 6.19633e-07 0.101338 0.0126318 0.0332666 0.00432123 0.000953741 1.36125e-07 0.033652 0.0123479 4.75223e-06 
0.000772023 6.60926e-05 0.0525597 0.596099 0.0217495 1.35397e-10 0.000362425 0.00229897 3.94446e-06 0.0596512 0.0093836 0.000501727 0.00116425 0.000400494 0.00221367 0.235626 1.92792e-05 0.0071073 0.0100214 1.89611e-10 
1.81111e-08 4.60451e-06 4.97301e-05 0.200551 0.140334 1.13062e-07 8.73662e-08 0.00132317 2.08734e-08 0.284296 0.362882 0.00133441 2.7661e-08 5.57409e-05 1.49998e-08 0.00914812 2.76447e-08 1.9994e-05 8.56278e-07 1.58333e-07 
0.0200213 0.0391093 0.0192675 0.000162557 0.000648973 2.11515e-05 0.00109445 0.0624713 0.000229484 0.506766 0.0377788 0.0876948 0.0500871 0.0505135 0.0142718 0.037183 0.000237378 0.0295201 0.0184953 0.0244262 
0.15049 1.91733e-06 0.0180646 0.000161135 0.000848731 2.59977e-05 0.00589961 0.000707113 1.56909e-10 0.0656802 0.00632889 0.0819607 0.595464 0.000291434 0.0206929 0.000892011 0.000577109 0.00396151 0.0479497 2.38474e-06 
8.75517e-06 1.29698e-09 2.68257e-05 5.70983e-09 1.05787e-09 4.56181e-07 3.49014e-09 5.77825e-06 8.33858e-10 0.297093 7.44068e-06 2.34071e-06 0.686038 1.03572e-05 0.0136133 2.79259e-05 1.2159e-06 0.00316411 4.37641e-10 6.32513e-09 
0.0597305 0.029321 0.0318383 5.61887e-07 0.0214677 1.87139e-06 0.000149748 1.91866e-05 1.12845e-06 0.0641704 0.00104723 0.0462269 0.638627 7.50858e-08 0.0376006 0.000424218 2.02931e-05 0.0689961 0.000350265 7.2102e-06 
0.00641213 0.00518042 0.0244117 1.57138e-06 0.000139577 0.000111198 0.000461833 0.141326 7.09618e-05 0.0869291 0.000688158 0.0394567 0.559034 0.00110781 0.0272938 0.0303083 0.000564997 0.0613021 0.0151997 4.08194e-09 
0.0243359 0.00202577 0.233991 2.4212e-07 2.3812e-05 1.14391e-05 1.05519e-06 0.00202926 1.75214e-06 0.177861 0.140742 0.0248692 0.304705 0.000174055 0.0643215 0.0107005 0.000247488 0.00809237 0.00586323 3.67571e-06 
0.0236998 0.0250971 0.0503981 3.31853e-07 0.197859 3.34241e-05 2.02845e-07 1.13736e-05 4.84635e-08 0.0596202 0.000126343 0.0164817 0.514346 1.76995e-07 0.000322795 2.37767e-05 0.00116249 0.0146785 0.0185909 0.077548 
0.0119832 0.00900118 0.102456 4.65747e-05 0.0284126 0.00311241 0.00335963 0.00255113 1.69988e-05 0.118703 0.000378229 0.0414146 0.567352 0.000110997 0.0389112 0.000332434 4.95034e-05 0.00828397 0.0635207 2.86857e-06 
0.0131704 3.40244e-05 0.000513425 3.2592e-07 0.0172441 5.47475e-06 4.56631e-06 4.57339e-05 4.75969e-08 0.0335159 0.853268 0.00935032 0.00216922 2.94791e-06 6.28725e-05 0.000124008 1.72127e-06 0.0704774 6.84916e-06 2.89366e-06 
2.04826e-07 3.67176e-07 0.00604213 1.61646e-06 0.00404333 1.27866e-06 9.88063e-07 1.97064e-07 2.36066e-07 0.00133443 1.05271e-06 0.0069911 0.957387 8.62144e-07 0.00590363 4.56958e-07 3.12647e-07 0.00168629 0.0166023 1.79065e-06 
0.0120685 8.47632e-06 0.0456785 0.00150633 0.127275 1.56409e-10 3.15202e-05 2.41054e-11 2.88762e-11 0.0353061 0.00718767 0.000234542 0.190664 7.62331e-05 0.523543 0.000272597 3.04739e-05 0.020537 0.03498 0.000601117 
5.83272e-06 1.9605e-05 0.00953836 9.37437e-08 1.7368e-08 0.00016513 5.73009e-08 1.14284e-08 1.36902e-08 0.104002 1.37185e-05 6.62465e-09 0.867695 1.088e-05 1.85249e-05 2.85394e-05 1.81314e-08 2.16283e-06 0.0185002 1.03846e-07 
0.00855729 0.0119731 0.014096 1.44188e-08 0.00716806 7.69176e-10 9.28093e-07 0.000950699 9.20527e-09 0.738137 1.34098e-05 0.00145263 0.0164835 0.000501402 0.000540126 0.1469 5.4936e-08 0.0371775 0.0147068 0.0013411 
6.33918e-10 8.02635e-07 7.20682e-06 2.28817e-06 0.244912 3.95735e-09 0.00501814 0.0050141 7.30603e-10 0.0190082 0.000132202 0.679614 0.0443998 2.66826e-09 5.25019e-10 0.00185695 9.67612e-10 1.1458e-05 1.88523e-05 3.68439e-06 
5.51073e-06 1.70931e-05 2.96464e-06 3.18335e-06 5.33318e-06 7.93125e-05 0.000136003 4.57554e-05 5.05264e-11 0.928023 2.25316e-10 3.87086e-05 0.0272951 1.86392e-06 0.0369695 5.85861e-06 6.69173e-11 0.00734845 2.22434e-05 3.83262e-10 
0.00544179 0.37254 0.299888 3.50539e-09 1.30539e-07 2.77286e-09 2.14267e-09 4.27346e-10 5.11924e-10 0.117589 2.28286e-09 2.47718e-10 0.20453 2.61932e-06 3.49517e-06 9.90941e-10 1.42446e-06 2.15784e-06 8.86902e-07 3.88314e-09 
0.0133325 3.76994e-06 0.0672492 4.89661e-06 9.66588e-06 0.0125992 3.42745e-06 4.5315e-10 5.42835e-10 1.93511e-06 2.4207e-09 0.0694367 0.540426 0.00282357 0.0439012 1.05078e-09 7.18931e-10 0.119277 0.130931 4.11761e-09 
0.182701 0.000617956 0.000443586 1.66169e-06 4.94083e-05 1.31444e-06 0.561662 4.16967e-05 2.42671e-07 0.158978 1.08216e-06 0.0775484 0.00385738 8.86266e-07 0.0072408 0.000628478 9.85455e-05 0.00334965 0.000576917 0.00220097 
3.7499e-05 0.0214441 3.04853e-05 2.71477e-08 5.02968e-09 2.14746e-08 0.0189587 3.3096e-09 3.96462e-09 0.0261299 1.76797e-08 0.924119 0.00921104 1.15979e-05 3.50458e-05 4.61232e-06 5.25075e-09 1.75892e-09 1.8313e-05 3.00732e-08 
