0.000393545 0.00122069 0.000211718 0.000227337 0.000380865 0.00566405 0.980972 0.00326759 3.60831e-09 0.00100567 1.60908e-08 0.00276435 0.00042366 0.000133111 0.00114739 0.000418389 4.77885e-09 0.000180897 0.0015885 2.73704e-08 
0.102293 0.0323966 2.91072e-08 1.97021e-07 0.000858031 1.55849e-07 0.0035674 1.04893e-05 2.87728e-08 0.05035 1.28309e-07 9.32592e-05 0.769515 0.000581709 0.028863 6.62945e-05 3.81067e-08 3.10938e-05 3.3862e-05 0.0113389 
0.104903 0.000837026 0.0051769 1.67794e-05 0.00464171 1.14185e-05 0.104158 0.00031265 5.53088e-06 0.0649832 0.00104278 0.0965808 0.529398 1.66897e-05 0.0252055 0.00060075 0.000287439 0.0117823 0.050023 1.70062e-05 
2.57641e-07 3.66306e-05 0.000800861 1.45076e-09 2.68783e-10 0.00826253 0.000181646 1.65427e-06 2.11867e-10 0.0662827 0.00812919 7.39197e-07 0.914505 1.48695e-06 6.19302e-07 3.31657e-06 0.00179176 1.11828e-07 1.12138e-06 1.60709e-09 
0.0387927 0.227753 0.0398185 1.78204e-09 0.02763 1.40964e-09 1.76256e-07 2.81477e-05 2.60248e-10 0.263792 1.16054e-09 0.182239 3.44875e-10 7.04621e-07 0.012659 8.11239e-05 3.44673e-10 0.207197 9.02362e-06 1.97408e-09 
0.0278301 2.18374e-05 0.148105 1.82421e-09 0.0501058 1.443e-09 1.11505e-09 0.000203866 2.66405e-10 2.03796e-05 1.188e-09 8.03137e-06 0.185011 9.72946e-10 1.77277e-05 0.000427143 1.79978e-06 9.77459e-06 0.588237 2.02079e-09 
0.0680464 0.000621563 0.587512 2.45659e-05 0.0667351 0.000441243 0.00104986 4.85142e-06 1.04727e-06 0.0484678 0.0013712 0.00972819 0.0651585 7.58185e-05 0.0098969 0.00528591 0.000417137 0.00689848 0.12776 0.000503836 
0.0454653 0.156061 0.232485 2.09035e-09 0.0971117 1.65352e-09 0.0226006 0.127326 3.05272e-10 0.164204 0.000969356 0.0296435 0.108038 1.37794e-06 0.000137325 0.00411737 6.86018e-05 0.01067 0.00105346 4.71336e-05 
3.35756e-06 0.0261399 0.557218 7.49074e-08 0.00350448 3.83528e-07 8.65855e-07 2.45384e-07 5.44248e-11 0.170608 2.42701e-10 2.23068e-06 0.0608607 1.98766e-10 1.03486e-05 1.05351e-10 2.02619e-05 0.181631 5.42748e-07 4.12833e-10 
0.000321893 0.000281692 0.0213348 4.49587e-08 8.32955e-09 3.55635e-08 2.39073e-06 9.73796e-07 6.56572e-09 0.0936268 0.00356553 0.00875377 0.86113 1.06559e-05 0.00521797 2.72814e-05 8.69566e-09 3.15689e-07 0.00572603 4.98035e-08 
0.104915 1.98714e-06 0.000282482 7.62564e-08 0.00617098 6.01881e-07 2.83648e-06 8.1611e-07 1.11364e-08 2.52589e-06 1.33737e-06 0.884852 0.000749369 8.47752e-06 0.000594378 2.15569e-08 1.47491e-08 8.39876e-05 0.00233341 8.44739e-08 
1.16395e-07 0.00549492 0.104449 3.06227e-07 9.78023e-12 2.96519e-07 0.000831292 1.14231e-06 7.70921e-12 0.847615 1.34109e-07 3.39476e-07 0.0184138 1.71577e-05 0.00205292 0.0118225 1.63464e-08 0.00930138 2.28607e-07 5.84773e-11 
0.00481048 0.000880398 8.15386e-05 2.23087e-06 0.000282015 1.76467e-06 6.22492e-05 9.26702e-06 3.25793e-07 0.000249257 1.45283e-06 0.0242262 0.968245 1.18984e-06 0.000230658 6.30644e-07 4.31481e-07 0.000392147 0.000520457 2.47127e-06 
0.111473 0.101788 0.00833747 1.95721e-06 0.00154794 1.00062e-06 2.23304e-06 6.73232e-07 2.75998e-09 0.0426065 4.25007e-06 0.0419789 0.687155 1.00798e-08 9.42727e-06 3.15389e-06 3.18302e-07 0.00214393 0.00294561 2.09355e-08 
0.00195072 0.000179222 0.0877657 4.55819e-07 1.2491e-06 7.08715e-10 5.47646e-10 3.00177e-07 1.30843e-10 0.146322 2.63412e-05 0.0444062 0.0417538 0.000395564 0.00655036 3.21479e-06 2.0094e-07 0.112909 0.0804106 0.477325 
0.0966455 0.0222955 0.113417 9.98422e-10 0.0197411 1.26444e-06 0.000708909 7.53804e-05 1.45808e-10 1.72274e-06 0.00509715 0.445115 0.217159 5.32511e-10 3.18217e-05 2.82244e-10 3.47789e-07 0.0796898 2.12054e-05 1.10601e-09 
0.0670588 0.046067 0.0198402 1.41194e-05 0.0166362 3.01047e-05 0.00884238 0.000266356 5.6232e-06 0.168904 0.00100665 0.196461 0.259133 0.000442874 0.0131816 0.00121535 6.23712e-05 0.0198771 0.167946 0.0130098 
0.111457 0.064046 0.00833164 1.26849e-06 0.00154535 0.000169142 1.44785e-06 4.36576e-07 1.62741e-09 0.0343108 2.75621e-06 0.0670402 0.707382 5.9435e-09 6.18953e-06 0.000620592 2.0626e-07 0.00214145 0.00294329 1.23445e-08 
0.00800425 0.000192075 0.00278913 2.88544e-06 0.00316591 3.71028e-06 4.847e-05 1.85225e-05 4.21386e-07 0.000966483 4.00941e-05 0.00752331 0.975772 6.29441e-06 9.6172e-06 2.9355e-05 1.56683e-05 7.23738e-06 0.00140112 3.19637e-06 
0.000598613 0.000535191 0.000618016 1.20205e-07 0.000238316 9.50851e-08 7.34752e-08 6.15626e-05 1.75546e-08 0.000300666 0.400649 0.000598877 0.592073 0.00179518 0.00139901 3.39807e-08 2.32493e-08 0.000295958 0.000836577 1.33158e-07 
0.00139796 0.000220395 0.056416 0.000831067 0.00154659 1.03737e-06 0.000984746 0.00717014 1.91518e-07 0.24494 0.000397791 0.000393306 0.036627 6.99448e-07 0.000339644 0.0219315 0.00028198 0.626337 0.000180973 1.45274e-06 
0.0336734 0.00173827 6.35102e-06 6.27476e-06 2.38236e-06 0.0117713 7.17782e-06 2.16622e-06 3.73307e-09 9.19933e-06 0.0020192 0.0438091 0.906619 1.36337e-08 1.06954e-06 7.22618e-09 1.01938e-06 3.05282e-06 0.000331384 2.83168e-08 
0.0586018 1.25334e-05 0.373594 1.98859e-05 7.14356e-05 5.47646e-07 0.0526731 6.27384e-06 1.06861e-08 0.0118385 4.68207e-05 0.059643 0.225087 2.43033e-05 0.216088 2.25993e-05 1.27652e-06 0.00212073 0.000147982 8.10579e-08 
0.00484233 1.44395e-07 0.0383131 8.70164e-10 2.74592e-07 0.000182526 2.42828e-05 0.000405196 1.27078e-10 0.0308691 0.000395066 8.63733e-08 0.914983 5.91365e-05 4.43279e-07 7.259e-07 8.56974e-05 0.00576248 0.00407651 9.63934e-10 
0.0336734 0.00173827 6.35102e-06 6.27476e-06 2.38236e-06 0.0117713 7.17782e-06 2.16622e-06 3.73307e-09 9.19933e-06 0.0020192 0.0438091 0.906619 1.36337e-08 1.06954e-06 7.22618e-09 1.01938e-06 3.05282e-06 0.000331384 2.83168e-08 
0.00323566 0.000369443 0.0158418 2.50871e-05 0.00574945 1.98445e-05 1.53345e-05 0.0033989 3.66369e-06 0.000341023 1.63377e-05 0.000135551 0.0199388 1.33802e-05 0.000297924 0.000140423 3.48256e-05 0.000164441 0.95023 2.77905e-05 
0.0775431 8.78161e-05 0.000196578 0.000764205 8.9877e-05 0.00200955 0.000156031 7.54853e-05 1.16331e-07 9.00564e-05 5.18763e-07 0.000140824 0.910371 4.24856e-07 0.00738766 2.25184e-07 0.000835301 0.000144652 0.000105552 8.82415e-07 
0.057231 7.4438e-09 0.00117619 3.27707e-08 1.72242e-07 9.47736e-05 0.00240662 0.000607717 4.7858e-09 0.00758784 0.000252206 0.000735658 0.521042 9.81608e-05 0.0012141 0.0196994 0.000125766 1.98382e-05 0.387708 3.63021e-08 
0.05002 0.00112767 0.376773 1.34454e-05 0.000703144 5.50504e-08 4.25392e-08 0.000798301 1.01634e-08 0.3499 2.70603e-05 4.54394e-06 0.106075 3.7118e-08 5.46656e-06 0.00533109 3.36979e-07 0.109218 2.80019e-06 7.70932e-08 
0.00142764 0.000298474 0.0977602 5.84894e-07 1.60296e-06 8.63382e-10 6.67162e-10 4.1029e-07 1.59397e-10 0.217622 3.38037e-05 0.0740086 0.0619391 4.70686e-06 0.0109168 2.93774e-07 2.86524e-07 0.132802 0.0840626 0.319121 
0.29881 1.77913e-07 0.00190139 7.83248e-07 1.45113e-07 0.376198 0.00027313 6.58848e-06 1.14385e-07 0.281386 5.10084e-07 6.78028e-05 0.00312054 4.17747e-07 7.80872e-07 2.21416e-07 0.000132347 0.0377382 0.000362871 8.67652e-07 
1.18203e-05 0.000414941 0.0811527 1.80971e-06 0.0753687 0.0186792 1.6344e-06 1.64623e-05 1.50374e-09 0.0143794 6.70572e-09 0.012829 0.672924 1.65445e-07 0.0085006 1.02343e-06 1.99155e-09 1.2871e-06 0.115717 1.14064e-08 
0.0302789 0.00189864 0.126283 7.8904e-05 0.00245666 3.56509e-05 0.000104212 0.00395398 5.40317e-08 0.189547 0.00251958 0.00136804 0.633498 0.000392766 0.00409699 5.27547e-05 5.30037e-05 0.000956467 0.00235788 6.70153e-05 
0.0257228 0.00108725 0.000630677 1.30911e-05 0.33915 1.69687e-05 0.00015133 0.00136161 9.89463e-06 0.17687 0.00265547 0.214844 0.207497 0.00392415 0.0051513 1.65155e-05 2.60234e-05 0.0208366 1.11067e-05 2.40429e-05 
0.00142764 0.000298474 0.0977602 5.84894e-07 1.60296e-06 8.63382e-10 6.67162e-10 4.1029e-07 1.59397e-10 0.217622 3.38037e-05 0.0740086 0.0619391 4.70686e-06 0.0109168 2.93774e-07 2.86524e-07 0.132802 0.0840626 0.319121 
0.000604493 0.00361605 0.480461 0.00010079 0.000320063 2.34568e-05 1.13932e-05 0.000411964 8.37878e-08 0.114643 0.00931793 0.00031824 0.344431 0.000940677 0.0355345 0.00134221 0.000360333 0.00356392 0.00393129 6.70083e-05 
0.0477717 7.1395e-07 0.00573842 2.13696e-10 0.000207058 2.99133e-07 0.0011921 0.000779434 3.12079e-11 0.0202622 0.00295799 0.00379482 0.757511 2.52085e-07 0.00525579 0.00114046 1.74669e-07 8.0918e-07 0.153387 2.06816e-08 
0.0435114 0.00810897 0.121423 9.48815e-11 2.07447e-07 0.000380914 2.20444e-07 6.24739e-08 1.38564e-11 0.059698 8.09521e-07 0.065312 0.366876 5.06053e-11 0.252147 9.28071e-07 5.22557e-05 0.0803183 0.00216959 1.05106e-10 
0.00142764 0.000298474 0.0977602 5.84894e-07 1.60296e-06 8.63382e-10 6.67162e-10 4.1029e-07 1.59397e-10 0.217622 3.38037e-05 0.0740086 0.0619391 4.70686e-06 0.0109168 2.93774e-07 2.86524e-07 0.132802 0.0840626 0.319121 
0.15049 1.91733e-06 0.0180646 0.000161135 0.000848731 2.59977e-05 0.00589961 0.000707113 1.56909e-10 0.0656802 0.00632889 0.0819607 0.595464 0.000291434 0.0206929 0.000892011 0.000577109 0.00396151 0.0479497 2.38474e-06 
0.0236998 0.0250971 0.0503981 3.31853e-07 0.197859 3.34241e-05 2.02845e-07 1.13736e-05 4.84635e-08 0.0596202 0.000126343 0.0164817 0.514346 1.76995e-07 0.000322795 2.37767e-05 0.00116249 0.0146785 0.0185909 0.077548 
0.0131704 3.40244e-05 0.000513425 3.2592e-07 0.0172441 5.47475e-06 4.56631e-06 4.57339e-05 4.75969e-08 0.0335159 0.853268 0.00935032 0.00216922 2.94791e-06 6.28725e-05 0.000124008 1.72127e-06 0.0704774 6.84916e-06 2.89366e-06 
0.0147017 0.0251328 0.392329 6.83579e-09 0.0107136 2.53803e-05 1.18596e-05 7.25868e-05 9.98292e-10 0.283276 4.45175e-09 0.0184725 0.195848 0.0423332 6.31256e-06 0.000949561 6.42003e-07 0.016089 1.57467e-05 2.10877e-05 
5.51073e-06 1.70931e-05 2.96464e-06 3.18335e-06 5.33318e-06 7.93125e-05 0.000136003 4.57554e-05 5.05264e-11 0.928023 2.25316e-10 3.87086e-05 0.0272951 1.86392e-06 0.0369695 5.85861e-06 6.69173e-11 0.00734845 2.22434e-05 3.83262e-10 
0.182701 0.000617956 0.000443586 1.66169e-06 4.94083e-05 1.31444e-06 0.561662 4.16967e-05 2.42671e-07 0.158978 1.08216e-06 0.0775484 0.00385738 8.86266e-07 0.0072408 0.000628478 9.85455e-05 0.00334965 0.000576917 0.00220097 
0.0712262 0.0435726 0.00309432 7.17173e-07 0.000764931 5.67303e-07 0.000107231 0.000142793 1.04735e-07 0.286913 4.67053e-07 0.172587 0.413548 3.82506e-07 6.75486e-05 5.4531e-05 1.38711e-07 0.00457869 0.00331434 2.61462e-05 
6.52398e-05 6.99285e-05 0.1576 3.32812e-09 1.9177e-05 2.63263e-09 2.03432e-09 8.72369e-06 4.86035e-10 3.56111e-05 2.16741e-09 0.00017717 0.0915699 1.77506e-09 0.000126715 4.67601e-05 6.05148e-06 0.0628153 0.68746 3.68676e-09 
0.054933 0.011266 0.0063642 1.35282e-05 1.14223e-05 5.80287e-08 4.48406e-08 2.06868e-06 1.07132e-08 0.704056 4.77743e-08 0.0561757 0.103264 3.91261e-08 1.32014e-06 0.0638755 1.28161e-07 2.19387e-05 1.56281e-05 8.1264e-08 
0.104875 3.72398e-06 0.211962 9.1426e-09 4.90986e-06 2.00685e-07 5.58842e-09 6.55013e-06 1.33518e-09 0.211858 0.0402301 0.0188635 0.293614 0.0900544 1.0421e-05 0.0285046 1.76831e-09 2.72596e-06 1.42529e-06 8.67931e-06 
0.0186801 0.0214109 0.0742804 3.86815e-11 0.00819016 1.83895e-08 0.000760768 0.000224353 5.64901e-12 0.016558 2.82165e-07 0.142104 0.670039 5.36609e-08 0.00689768 0.000862886 1.01757e-07 0.000525277 0.0394654 4.28499e-11 
0.000334598 0.000116984 0.00280611 4.27556e-08 3.94917e-06 0.00194315 2.64224e-06 3.99311e-06 6.24398e-09 0.00147613 0.0373447 9.60195e-07 0.945538 0.00351162 0.00327969 1.17928e-06 0.0011846 3.1452e-05 0.00241967 4.7363e-08 
0.186778 0.173615 0.00130811 4.10364e-07 3.1752e-06 2.50723e-06 1.23731e-05 0.00013025 5.99291e-08 0.00021011 4.40672e-05 0.145852 0.482879 2.18868e-07 5.50065e-05 1.16006e-07 6.79751e-07 1.1401e-05 0.00909617 4.54585e-07 
6.27393e-06 0.0524604 4.59131e-06 3.20056e-10 1.8442e-06 1.52157e-07 1.95635e-10 8.38934e-07 4.67407e-11 0.0619891 8.13101e-07 1.70379e-05 0.793152 1.70703e-10 0.0609414 0.0130452 0.0011063 0.0172553 1.83592e-05 3.54546e-10 
7.97855e-05 0.000247477 0.699683 0.0415264 7.72149e-05 0.0011483 0.00196908 0.000662456 7.31532e-10 0.000203884 3.26217e-09 0.000560432 8.58909e-05 2.69863e-05 0.000232617 8.48223e-05 9.68842e-10 0.25309 0.000322045 5.54895e-09 
0.0500973 4.73894e-07 0.0428531 4.71301e-10 1.31968e-05 5.75898e-07 0.0533423 5.93845e-07 6.88283e-11 0.129242 0.00112856 4.98478e-07 0.287434 4.85312e-07 0.426996 0.00849098 0.000394761 1.12693e-06 4.40706e-06 5.22089e-10 
0.0204801 0.00146733 0.00187891 0.000228438 0.00065938 0.000318803 0.941864 0.00137037 1.96125e-08 0.000947711 0.00209037 0.00892007 0.00597515 0.000501461 0.00424225 0.000383479 0.00117409 0.00319161 0.00430677 1.48769e-07 
1.26859e-06 2.385e-07 0.0015341 3.21342e-07 1.22249e-07 0.000392384 0.00106832 1.11217e-07 8.37861e-12 0.000284202 0.00245934 2.00085e-06 0.993688 3.05997e-11 3.91423e-08 1.62186e-11 0.000271312 0.000298211 6.5086e-08 6.3555e-11 
0.00383874 4.06303e-08 0.0115071 4.39855e-08 3.4863e-05 2.67922e-11 1.90257e-07 1.12696e-07 4.94637e-12 0.00346495 2.20577e-11 0.0654196 0.00185657 1.88307e-07 0.562882 3.09253e-07 6.55098e-12 0.0812177 0.269777 3.75201e-11 
0.026827 0.0163025 0.127675 1.36809e-09 1.83449e-06 1.0822e-09 3.90381e-07 0.000310774 1.99794e-10 0.191963 8.90958e-10 0.133019 0.142362 3.11648e-06 0.0803867 0.00209831 5.79032e-07 2.14513e-06 0.277957 0.00109072 
5.75865e-05 0.0802184 0.0143536 9.21724e-07 0.000344923 8.79058e-05 5.63404e-07 0.0013111 1.34608e-07 0.323346 0.0116916 0.000112678 0.145456 0.353812 0.000285437 8.41379e-05 0.0247294 0.00226785 0.0418388 1.02105e-06 
7.99719e-05 0.0629007 8.25821e-05 1.07733e-06 3.1981e-05 8.52195e-07 6.58517e-07 8.34003e-06 1.57332e-07 0.0024949 0.0506594 7.99477e-05 0.832704 0.000239991 0.000186698 0.0209927 0.0042435 0.0251799 0.000111656 1.19342e-06 
0.159703 0.0195023 0.231372 4.59025e-10 0.00542306 3.63101e-10 0.00506765 2.40909e-05 6.70355e-11 5.01416e-06 6.57959e-07 0.537751 0.0324129 2.44822e-10 3.00119e-06 2.38775e-06 1.90003e-06 0.00872695 3.96162e-06 5.0849e-10 
0.00067144 0.000844628 0.00112524 4.78527e-06 0.176357 6.83788e-06 2.925e-06 0.000151314 6.98835e-07 0.708776 3.11637e-06 0.0829109 0.000483029 2.55223e-06 0.0181202 1.35275e-06 9.25538e-07 0.00243915 0.00759541 0.000502933 
0.0586018 1.25334e-05 0.373594 1.98859e-05 7.14356e-05 5.47646e-07 0.0526731 6.27384e-06 1.06861e-08 0.0118385 4.68207e-05 0.059643 0.225087 2.43033e-05 0.216088 2.25993e-05 1.27652e-06 0.00212073 0.000147982 8.10579e-08 
0.000239262 0.000279563 0.000360434 2.1669e-06 4.25805e-05 1.71407e-06 0.000280841 2.29941e-05 3.16452e-07 0.000300393 0.000161177 0.000308744 0.992949 0.000140374 0.000223288 9.54849e-05 1.29457e-05 4.66805e-05 0.000214223 0.00431798 
0.111473 0.101788 0.00833747 1.95721e-06 0.00154794 1.00062e-06 2.23304e-06 6.73232e-07 2.75998e-09 0.0426065 4.25007e-06 0.0419789 0.687155 1.00798e-08 9.42727e-06 3.15389e-06 3.18302e-07 0.00214393 0.00294561 2.09355e-08 
0.00142764 0.000298474 0.0977602 5.84894e-07 1.60296e-06 8.63382e-10 6.67162e-10 4.1029e-07 1.59397e-10 0.217622 3.38037e-05 0.0740086 0.0619391 4.70686e-06 0.0109168 2.93774e-07 2.86524e-07 0.132802 0.0840626 0.319121 
0.00276165 0.0094533 0.670021 3.3316e-08 2.43348e-05 5.55148e-06 2.03644e-08 5.26332e-05 4.86543e-09 0.0417774 3.00435e-05 0.0263494 0.00161118 1.77692e-08 0.0785532 0.000689636 6.44379e-09 0.000120538 0.16855 3.69062e-08 
0.0633042 0.00232989 0.533127 5.03474e-08 0.00615613 9.0158e-06 0.00100186 0.00517314 7.35267e-09 0.0392301 0.00155989 0.129272 0.123784 2.68529e-08 0.0270973 0.00344261 2.15437e-05 0.00551835 0.0589725 5.57728e-08 
0.0161458 1.14909e-06 0.147254 3.26862e-09 8.98487e-07 2.58556e-09 0.0149205 3.0856e-07 4.77345e-10 0.121453 0.0249388 0.0213445 0.616378 1.64992e-05 0.0125566 1.13751e-07 0.000134157 0.00154386 0.0233065 5.86661e-06 
0.0122202 0.0507186 0.00135107 0.000616652 1.24384e-06 2.64367e-08 7.01069e-05 2.16458e-05 4.88073e-09 0.0328618 2.1765e-08 0.0817567 0.000167297 1.7825e-08 0.027964 4.92928e-05 6.46405e-09 0.0297159 0.762468 1.69725e-05 
0.165902 0.0478231 0.0243063 0.163154 0.00573325 7.82492e-06 0.000540945 6.55969e-06 1.28258e-08 0.0843223 0.00958406 0.0176303 0.470459 8.51242e-06 0.000496961 0.00134835 1.99111e-06 0.00670647 0.00171282 0.000255537 
0.00537809 1.26477e-05 0.00567635 6.2294e-08 1.15413e-08 8.55439e-06 0.0278449 0.000528032 9.09734e-09 0.0627615 1.19701e-05 2.67784e-06 0.877756 3.32246e-08 4.68718e-06 1.76099e-08 0.00136304 0.0186438 7.36804e-06 6.90068e-08 
0.00819807 0.0190731 0.00959158 1.89988e-07 0.307366 0.00738884 8.11614e-06 0.0209612 5.69729e-12 0.118547 2.54064e-11 2.30998e-06 0.000390794 1.11241e-07 9.58799e-07 0.000404748 7.5455e-12 0.00720696 0.50086 4.32161e-11 
0.000783308 0.0019275 0.00267338 9.42617e-09 1.10283e-06 8.66899e-08 1.37314e-06 5.87577e-06 1.37659e-09 0.00449389 0.000263205 8.31074e-06 0.98741 1.74654e-05 0.00172142 0.00026336 4.40953e-07 2.10205e-05 0.000408294 1.04419e-08 
1.61335e-07 0.208579 0.010271 2.64917e-09 4.15711e-07 0.0104142 0.00282149 0.000294973 3.86882e-10 0.277894 2.17882e-05 1.6246e-06 0.331077 0.000296354 8.68801e-07 0.00147394 0.000849365 0.0245184 0.131486 9.43024e-08 
0.00617994 0.680108 0.0786575 9.11579e-10 7.60171e-07 7.21083e-10 1.17068e-06 1.18922e-06 1.33126e-10 0.115315 4.16154e-07 0.0530875 0.0129438 4.86193e-10 4.92687e-06 2.01028e-06 1.76312e-10 1.54158e-06 0.0536961 1.00981e-09 
0.00142764 0.000298474 0.0977602 5.84894e-07 1.60296e-06 8.63382e-10 6.67162e-10 4.1029e-07 1.59397e-10 0.217622 3.38037e-05 0.0740086 0.0619391 4.70686e-06 0.0109168 2.93774e-07 2.86524e-07 0.132802 0.0840626 0.319121 
0.48715 0.0167221 0.0503028 6.27555e-06 0.0138511 2.09708e-05 0.0552603 0.000152004 1.71312e-06 0.0412183 9.6544e-05 0.197662 0.0373883 0.000374813 0.00499924 6.47951e-06 0.021814 0.0197687 0.0531972 7.54587e-06 
0.00126378 0.000625297 0.975031 3.57463e-07 6.62276e-08 2.82763e-07 2.18499e-07 0.00117667 5.22035e-08 0.00512054 0.00577354 0.00097005 0.00354204 1.90654e-07 0.00116672 0.00114198 6.92076e-05 0.00352039 0.000597311 3.95984e-07 
0.0560453 1.03649e-05 0.00111462 0.00324209 0.000694476 0.000227925 0.00014039 8.90931e-06 1.41415e-08 0.00119736 8.00742e-05 1.66207e-05 0.920451 7.49793e-06 0.0137386 1.02889e-05 0.00058536 0.00102817 0.00137062 3.02655e-05 
7.40944e-06 0.0055734 1.90602e-06 1.87686e-06 7.1402e-07 9.54514e-07 2.15089e-06 6.49583e-07 4.89368e-11 2.76194e-06 0.00492758 0.308531 0.677191 1.78724e-10 4.81817e-07 9.47279e-11 3.04682e-07 0.00375748 3.80147e-07 3.71205e-10 
0.0404973 0.0849257 0.101646 8.70542e-08 0.00593568 4.51627e-05 5.08516e-06 7.6549e-07 1.27133e-08 0.632704 0.00142899 0.0616378 0.0035495 4.85375e-07 3.79392e-07 0.00156592 1.25997e-05 0.0568556 0.00918887 9.64352e-08 
0.00601471 0.116213 0.126825 1.00793e-07 0.0349248 0.000686915 6.16098e-08 3.28588e-05 1.47197e-08 0.174003 6.56406e-08 0.0935429 0.434243 5.37582e-08 1.80081e-05 0.00081584 1.94948e-08 0.0126616 1.84618e-05 1.11655e-07 
0.0824664 0.0648132 0.118697 2.44837e-06 0.0159884 1.29471e-05 0.000204403 2.69732e-07 1.87712e-08 0.0246529 5.96486e-06 0.000422467 0.58386 6.85549e-08 1.88951e-05 0.000887355 1.00121e-05 0.104167 0.00366437 0.000126858 
2.57641e-07 3.66306e-05 0.000800861 1.45076e-09 2.68783e-10 0.00826253 0.000181646 1.65427e-06 2.11867e-10 0.0662827 0.00812919 7.39197e-07 0.914505 1.48695e-06 6.19302e-07 3.31657e-06 0.00179176 1.11828e-07 1.12138e-06 1.60709e-09 
1.67041e-05 0.112791 0.268087 1.8437e-09 4.27015e-06 1.45842e-09 0.0150009 9.67627e-05 2.69252e-10 2.01397e-05 2.28252e-06 0.484927 0.0959343 9.83343e-10 1.20545e-05 9.59055e-06 0.00458657 0.0184948 1.59121e-05 2.04238e-09 
9.58838e-06 0.00028427 0.28842 5.42958e-07 1.49904e-05 3.47335e-06 3.06489e-05 5.57642e-07 7.9293e-08 7.49415e-06 2.77999e-05 0.000273428 0.600085 2.89588e-07 8.13351e-06 1.53489e-07 4.60598e-06 0.10688 0.0039491 6.01468e-07 
0.00142764 0.000298474 0.0977602 5.84894e-07 1.60296e-06 8.63382e-10 6.67162e-10 4.1029e-07 1.59397e-10 0.217622 3.38037e-05 0.0740086 0.0619391 4.70686e-06 0.0109168 2.93774e-07 2.86524e-07 0.132802 0.0840626 0.319121 
0.00181375 0.00308126 1.04912e-05 4.49319e-05 5.38838e-05 2.00046e-09 5.3602e-06 1.21843e-06 3.69325e-10 0.00723877 1.64696e-09 0.00124964 0.986498 1.34882e-09 1.28992e-08 7.14909e-10 4.89134e-10 2.84018e-06 3.79797e-08 2.80147e-09 
0.0302919 0.078775 0.0829281 1.88555e-09 0.0195581 1.73206e-06 1.59302e-05 0.000373302 2.75364e-10 0.04256 2.16084e-06 0.0171165 0.474677 1.00566e-09 0.0555176 0.00462385 3.64693e-10 0.0280968 0.165462 2.08874e-09 
0.0095321 0.00094081 0.28522 3.75563e-08 0.0190065 2.9708e-08 2.29563e-08 0.143769 5.48468e-09 0.00286617 2.44582e-08 0.000405098 0.32918 2.00307e-08 0.00130582 0.000179878 1.18914e-05 0.000645839 0.206937 4.16034e-08 
0.104903 0.000837026 0.0051769 1.67794e-05 0.00464171 1.14185e-05 0.104158 0.00031265 5.53088e-06 0.0649832 0.00104278 0.0965808 0.529398 1.66897e-05 0.0252055 0.00060075 0.000287439 0.0117823 0.050023 1.70062e-05 
0.00165454 0.00186285 0.0914477 5.0862e-10 0.0797423 4.02332e-10 6.91612e-07 0.0515021 7.42783e-11 0.0828028 3.68596e-07 1.01525e-06 0.166577 8.38049e-07 0.00533968 0.394702 7.51984e-05 0.00406508 0.120225 5.6343e-10 
0.00537809 1.26477e-05 0.00567635 6.2294e-08 1.15413e-08 8.55439e-06 0.0278449 0.000528032 9.09734e-09 0.0627615 1.19701e-05 2.67784e-06 0.877756 3.32246e-08 4.68718e-06 1.76099e-08 0.00136304 0.0186438 7.36804e-06 6.90068e-08 
0.000986884 2.75439e-05 0.0779402 4.06969e-09 2.20966e-05 0.000239115 0.000554877 0.00355975 5.94333e-10 0.061087 0.000421714 0.00238569 0.595564 0.000144689 0.00370702 0.0902787 0.00103049 0.0421723 0.119878 4.50824e-09 
0.00142764 0.000298474 0.0977602 5.84894e-07 1.60296e-06 8.63382e-10 6.67162e-10 4.1029e-07 1.59397e-10 0.217622 3.38037e-05 0.0740086 0.0619391 4.70686e-06 0.0109168 2.93774e-07 2.86524e-07 0.132802 0.0840626 0.319121 
0.0364036 0.00285864 0.00749409 0.000478428 0.112008 0.000243341 0.000548229 0.000511292 2.63622e-08 0.00621971 0.0259039 0.711765 0.070195 0.000111719 0.00491684 5.10297e-08 0.000290327 0.015422 0.0046291 1.99967e-07 
0.00414841 0.000545266 0.0706262 2.72135e-06 0.000476572 0.000294582 1.25792e-05 9.97891e-07 3.97424e-07 0.0400607 1.14928e-05 0.159152 0.661112 0.000641548 0.0363455 6.29993e-05 0.000284975 0.0257625 0.000454936 3.01461e-06 
0.000229341 0.000267808 0.000345577 1.88336e-08 4.04796e-05 1.48979e-08 0.000268242 2.18145e-05 2.75044e-09 0.000288137 0.000153327 0.000296133 0.993247 0.000133608 0.000214056 9.10472e-05 1.20245e-05 4.46622e-05 0.000205416 0.00414136 
0.0148532 0.0121681 0.0233454 2.35545e-06 0.0165084 0.000201377 5.30296e-05 0.000405428 1.57892e-08 0.0713504 0.00655648 0.0116103 0.783307 0.000574355 0.0392667 0.00218121 8.12572e-05 0.0153805 0.00215431 1.19767e-07 
0.104915 1.98714e-06 0.000282482 7.62564e-08 0.00617098 6.01881e-07 2.83648e-06 8.1611e-07 1.11364e-08 2.52589e-06 1.33737e-06 0.884852 0.000749369 8.47752e-06 0.000594378 2.15569e-08 1.47491e-08 8.39876e-05 0.00233341 8.44739e-08 
0.000260203 0.000232736 0.000290099 2.14936e-07 0.000153203 0.000175183 0.0020391 4.98703e-05 3.1389e-08 0.00194403 0.0106509 0.000167658 0.111319 1.14637e-07 0.000220218 0.000128342 0.000121835 0.000263751 0.871984 2.38098e-07 
0.611386 0.00175073 0.00441365 9.63852e-06 0.000433447 2.37316e-05 0.0262776 0.00284515 4.86487e-13 0.00267287 0.0012393 0.207964 0.0340743 8.70829e-05 0.0316741 9.60827e-05 0.0013164 0.0290388 0.0446973 3.69019e-12 
4.69298e-06 6.42883e-06 1.06329e-05 4.35942e-09 8.07675e-10 2.79801e-07 0.103777 1.0653e-06 6.36645e-10 9.75754e-06 0.00297181 0.0327571 0.852075 0.000167921 0.00581976 4.24793e-06 8.43174e-10 2.87496e-06 0.00239148 4.8292e-09 
3.32753e-06 0.0657156 0.0400063 3.62088e-06 1.38632e-06 1.1841e-06 0.00139724 1.63606e-06 7.04959e-11 0.795131 3.09341e-05 9.38135e-07 2.70927e-06 1.04016e-05 0.0181142 6.6594e-06 9.3365e-11 0.0795658 6.87074e-06 5.34739e-10 
0.045155 0.844818 0.00154837 2.5097e-07 0.0117715 1.98524e-07 3.38984e-07 0.00396417 3.66514e-08 0.0346256 1.2627e-05 0.033638 0.0140508 1.33855e-07 0.00372874 0.00206388 6.53187e-08 0.00423254 0.000389428 2.78015e-07 
0.000174387 0.00132663 0.0355323 3.30533e-06 0.104989 3.03199e-05 2.02039e-06 7.02283e-05 4.82707e-07 0.193787 0.000126179 0.000396656 0.630727 5.09177e-05 1.29819e-05 0.00107243 9.31879e-06 0.0295419 0.00214292 3.66152e-06 
0.000364353 0.000403326 0.000244744 4.22992e-07 0.000908538 2.5291e-05 0.00654186 0.0147688 6.17732e-08 0.0303343 1.04589e-05 3.62544e-05 0.942696 2.25604e-07 7.20753e-06 0.000424856 1.85893e-05 0.000488254 0.0027202 6.14507e-06 
0.00922363 0.0242395 0.00634648 3.48684e-08 2.57271e-05 2.75819e-08 0.000324626 2.11467e-06 5.09215e-09 0.0330453 0.00560583 4.18001e-05 0.899013 0.00633655 0.01385 0.00109484 5.64783e-07 3.08509e-07 0.000849046 1.74824e-07 
1.18203e-05 0.000414941 0.0811527 1.80971e-06 0.0753687 0.0186792 1.6344e-06 1.64623e-05 1.50374e-09 0.0143794 6.70572e-09 0.012829 0.672924 1.65445e-07 0.0085006 1.02343e-06 1.99155e-09 1.2871e-06 0.115717 1.14064e-08 
0.00142764 0.000298474 0.0977602 5.84894e-07 1.60296e-06 8.63382e-10 6.67162e-10 4.1029e-07 1.59397e-10 0.217622 3.38037e-05 0.0740086 0.0619391 4.70686e-06 0.0109168 2.93774e-07 2.86524e-07 0.132802 0.0840626 0.319121 
0.00418985 0.00636504 0.0541135 7.49334e-08 5.55299e-06 3.30369e-06 9.00137e-05 1.99918e-06 1.09432e-08 0.00336785 0.00109931 0.00750455 0.807528 3.8674e-05 0.109337 1.03077e-05 6.83788e-05 0.00623278 4.41379e-05 8.30083e-08 
0.000457583 0.00313894 0.118319 1.55025e-06 2.87216e-07 1.22629e-06 9.47589e-07 8.73103e-05 2.26396e-07 0.130605 0.00118923 0.000453583 0.701236 1.48803e-05 0.00137375 0.0417422 5.4191e-06 0.000982716 0.00038899 1.7173e-06 
5.67249e-05 0.000618118 0.00822779 2.14663e-08 0.0535187 7.18258e-06 1.31213e-08 1.10265e-06 3.13492e-09 0.000239302 0.000438562 4.74059e-05 0.0266873 1.14491e-08 0.909324 0.000534413 8.581e-06 0.000129329 0.000109062 5.19504e-05 
0.00142764 0.000298474 0.0977602 5.84894e-07 1.60296e-06 8.63382e-10 6.67162e-10 4.1029e-07 1.59397e-10 0.217622 3.38037e-05 0.0740086 0.0619391 4.70686e-06 0.0109168 2.93774e-07 2.86524e-07 0.132802 0.0840626 0.319121 
0.00158514 0.213682 0.00304583 8.32991e-10 0.0151379 1.04551e-06 5.09166e-10 0.00886439 1.21649e-10 0.0533281 0.623333 0.00414741 0.0153833 0.0214689 1.81878e-07 0.000385818 3.45243e-08 4.60828e-06 0.0396324 9.22755e-10 
0.046328 2.15427e-07 0.740838 9.48398e-07 0.0678079 0.00245637 0.00206437 1.93347e-05 1.38503e-07 0.0391975 0.004605 0.00120518 0.072735 3.60397e-05 2.48398e-05 0.000335061 1.83434e-07 0.0118951 0.0104493 1.0506e-06 
0.0114126 1.31133e-05 0.00203613 1.77118e-05 0.000847014 9.02543e-06 0.0125246 6.11597e-06 9.64076e-09 0.00220216 3.86223e-05 0.000109896 0.968145 3.52093e-08 0.00252139 1.86618e-08 0.000104445 8.6198e-06 3.57951e-06 7.31288e-08 
0.107674 0.120752 0.0466777 1.03157e-09 0.00440522 8.15997e-10 6.30546e-10 0.081782 1.50649e-10 0.358226 6.718e-10 0.17361 1.99637e-10 5.50189e-10 0.0916797 0.00421313 1.9952e-10 0.00884066 0.00213876 1.14273e-09 
0.00418985 0.00636504 0.0541135 7.49334e-08 5.55299e-06 3.30369e-06 9.00137e-05 1.99918e-06 1.09432e-08 0.00336785 0.00109931 0.00750455 0.807528 3.8674e-05 0.109337 1.03077e-05 6.83788e-05 0.00623278 4.41379e-05 8.30083e-08 
0.0560453 1.03649e-05 0.00111462 0.00324209 0.000694476 0.000227925 0.00014039 8.90931e-06 1.41415e-08 0.00119736 8.00742e-05 1.66207e-05 0.920451 7.49793e-06 0.0137386 1.02889e-05 0.00058536 0.00102817 0.00137062 3.02655e-05 
5.12932e-06 5.5928e-05 0.78093 3.28068e-09 0.00444304 2.5951e-09 1.14112e-05 1.79013e-06 4.79107e-10 0.0994154 3.14261e-06 6.63991e-06 0.0962282 1.74976e-09 1.15333e-05 0.0161547 0.00272683 5.42189e-06 8.52205e-07 3.63421e-09 
0.028593 0.017553 0.210293 6.44131e-07 8.00952e-05 0.000132595 1.74784e-05 5.82432e-05 9.40682e-08 0.00754285 0.0214701 0.0259866 0.641967 0.00158395 0.0177638 0.000932682 1.24584e-07 0.0134162 0.0124813 0.00012751 
0.00537809 1.26477e-05 0.00567635 6.2294e-08 1.15413e-08 8.55439e-06 0.0278449 0.000528032 9.09734e-09 0.0627615 1.19701e-05 2.67784e-06 0.877756 3.32246e-08 4.68718e-06 1.76099e-08 0.00136304 0.0186438 7.36804e-06 6.90068e-08 
0.213691 0.0178357 0.0269876 4.85475e-08 0.0587682 3.84023e-08 0.000710134 1.17553e-05 7.08982e-09 0.0742917 0.000220189 0.119799 0.00257476 2.58929e-08 0.000319774 0.0687227 2.70224e-05 0.413053 0.00123842 0.00174954 
0.0001217 9.4524e-10 1.87515e-05 4.16134e-09 1.54967e-07 1.18535e-05 5.4436e-05 1.22268e-05 6.07718e-10 3.0993e-05 1.7889e-05 1.02634e-05 0.556975 9.98978e-06 1.60715e-05 0.0161337 6.92263e-06 2.72313e-08 0.42658 4.60977e-09 
0.0586018 1.25334e-05 0.373594 1.98859e-05 7.14356e-05 5.47646e-07 0.0526731 6.27384e-06 1.06861e-08 0.0118385 4.68207e-05 0.059643 0.225087 2.43033e-05 0.216088 2.25993e-05 1.27652e-06 0.00212073 0.000147982 8.10579e-08 
0.00134587 0.015235 0.038904 3.53763e-08 0.937399 2.79836e-08 0.00025923 3.28401e-05 5.16632e-09 0.000922147 2.30385e-08 0.00192756 0.000108453 1.8868e-08 0.00253246 0.000765142 6.84228e-09 0.000555583 1.23003e-05 3.91885e-08 
0.104915 1.98714e-06 0.000282482 7.62564e-08 0.00617098 6.01881e-07 2.83648e-06 8.1611e-07 1.11364e-08 2.52589e-06 1.33737e-06 0.884852 0.000749369 8.47752e-06 0.000594378 2.15569e-08 1.47491e-08 8.39876e-05 0.00233341 8.44739e-08 
0.000787959 0.150125 0.0118837 2.93997e-07 5.44691e-08 2.32559e-07 0.00108295 0.000251493 4.2935e-08 0.0204828 0.492961 0.000938527 0.308478 0.000255871 0.00675932 0.0010722 0.00160208 2.1623e-05 0.00329689 3.25678e-07 
7.84511e-06 0.00164677 3.91795e-05 5.86157e-05 7.5926e-06 0.000112906 0.000193605 0.704089 6.60356e-10 0.292739 3.91526e-07 0.000836974 4.17757e-05 6.53131e-06 2.28716e-05 0.000161197 8.74577e-10 3.60612e-06 3.16641e-05 5.00906e-09 
0.000952295 0.000277338 0.899188 0.000749288 0.0124193 0.000401559 0.00581735 0.000600918 1.93509e-11 0.00558968 0.00488837 0.00455894 0.0326194 0.000160444 0.000125898 0.00699762 7.05451e-07 0.000934591 0.0237185 1.46784e-10 
0.0081109 0.0048357 0.156723 1.2381e-07 0.000536473 4.29502e-06 0.00154002 0.000152383 1.8081e-08 0.0827987 0.000628216 0.0448878 0.688149 1.33879e-05 0.00999565 3.49998e-08 4.64783e-06 1.83073e-05 0.00160094 1.37152e-07 
0.000321893 0.000281692 0.0213348 4.49587e-08 8.32955e-09 3.55635e-08 2.39073e-06 9.73796e-07 6.56572e-09 0.0936268 0.00356553 0.00875377 0.86113 1.06559e-05 0.00521797 2.72814e-05 8.69566e-09 3.15689e-07 0.00572603 4.98035e-08 
0.0679214 0.0122818 0.011692 0.000261129 0.00156275 0.000132933 0.000299007 0.0066117 7.45504e-08 0.0658849 0.000570128 0.821981 0.00429446 2.72268e-07 0.0014172 0.000498634 4.24051e-05 0.00370383 0.000843875 5.65494e-07 
0.00633041 7.1274e-07 0.108877 3.63125e-10 9.61015e-08 5.3315e-07 0.000484633 4.03251e-05 5.30303e-11 0.0196654 0.0100022 0.0174929 0.738575 7.26605e-07 0.00868558 5.91379e-07 0.00638709 0.000380843 0.0830758 4.02256e-10 
0.0278301 2.18374e-05 0.148105 1.82421e-09 0.0501058 1.443e-09 1.11505e-09 0.000203866 2.66405e-10 2.03796e-05 1.188e-09 8.03137e-06 0.185011 9.72946e-10 1.77277e-05 0.000427143 1.79978e-06 9.77459e-06 0.588237 2.02079e-09 
0.0178099 1.37947e-06 0.0103546 3.05949e-06 0.000346551 3.63759e-08 2.81088e-08 6.68358e-08 6.7157e-09 0.0140045 2.99478e-08 0.000769522 0.942831 2.92402e-07 1.04923e-05 0.000561506 8.89428e-09 5.75996e-07 0.0133065 5.09411e-08 
0.0173028 0.0349315 0.249826 4.74534e-08 0.00863232 4.16436e-08 2.13559e-07 8.93558e-05 4.08661e-11 0.194634 1.82237e-10 0.330392 0.0265004 1.49248e-10 0.0164503 2.69735e-07 3.19883e-08 0.0503161 0.0709247 3.09985e-10 
0.00592758 0.000123966 0.0511781 0.00364353 0.000747019 1.78631e-08 1.77123e-05 2.03343e-06 3.29788e-09 0.209301 0.000193962 0.0474049 0.0870717 5.96966e-06 0.00438017 0.000301797 0.000209922 0.243037 0.0336573 0.312796 
0.00537809 1.26477e-05 0.00567635 6.2294e-08 1.15413e-08 8.55439e-06 0.0278449 0.000528032 9.09734e-09 0.0627615 1.19701e-05 2.67784e-06 0.877756 3.32246e-08 4.68718e-06 1.76099e-08 0.00136304 0.0186438 7.36804e-06 6.90068e-08 
0.298699 4.18749e-06 0.0339444 1.36562e-07 0.447665 1.28797e-05 1.94927e-05 4.44014e-06 1.99433e-08 0.00180503 8.89347e-08 0.00609275 0.141565 3.36571e-05 3.00056e-05 3.99429e-06 1.796e-06 0.0699332 0.000185101 1.51278e-07 
0.00383874 4.06303e-08 0.0115071 4.39855e-08 3.4863e-05 2.67922e-11 1.90257e-07 1.12696e-07 4.94637e-12 0.00346495 2.20577e-11 0.0654196 0.00185657 1.88307e-07 0.562882 3.09253e-07 6.55098e-12 0.0812177 0.269777 3.75201e-11 
0.111457 0.064046 0.00833164 1.26849e-06 0.00154535 0.000169142 1.44785e-06 4.36576e-07 1.62741e-09 0.0343108 2.75621e-06 0.0670402 0.707382 5.9435e-09 6.18953e-06 0.000620592 2.0626e-07 0.00214145 0.00294329 1.23445e-08 
7.6331e-07 0.00188412 0.00200909 1.41093e-07 8.30415e-05 8.39962e-05 0.000225547 0.000110187 2.06051e-08 0.168006 0.337491 4.41737e-05 0.337417 7.52523e-08 4.6466e-05 0.15254 2.72894e-08 1.51312e-06 5.76249e-05 1.56297e-07 
0.00170114 0.00421169 0.0164738 1.72984e-07 1.58847e-07 1.34781e-10 1.05256e-06 0.147764 2.48832e-11 0.781612 0.000285348 0.0020729 0.0384712 0.000334298 0.00495831 0.00176273 4.71991e-08 0.00033405 8.05997e-07 1.62495e-05 
5.70631e-06 0.015467 0.0229048 1.90254e-10 0.00527176 4.53146e-05 0.00514441 0.000447152 2.77845e-11 0.0655364 0.00305459 9.47052e-06 0.86153 2.63929e-07 2.9552e-07 0.0124707 5.00487e-07 2.08334e-07 0.00811162 2.10756e-10 
0.000747456 0.985848 0.000700181 3.63789e-05 6.73996e-06 2.87767e-05 2.22366e-05 0.000226409 5.31274e-06 0.00287152 2.36915e-05 0.00173184 0.000117651 1.94028e-05 0.00343216 0.000515771 7.0362e-06 0.00051074 0.00310809 4.02992e-05 
0.0364509 5.21241e-06 0.160828 5.07437e-08 0.0113369 2.51859e-06 5.62921e-06 0.000452409 7.41056e-09 0.00736411 3.30465e-08 0.051613 0.615519 2.70643e-08 0.051319 1.43448e-08 1.96278e-07 0.0447577 0.0203445 5.62119e-08 
0.00142764 0.000298474 0.0977602 5.84894e-07 1.60296e-06 8.63382e-10 6.67162e-10 4.1029e-07 1.59397e-10 0.217622 3.38037e-05 0.0740086 0.0619391 4.70686e-06 0.0109168 2.93774e-07 2.86524e-07 0.132802 0.0840626 0.319121 
0.00844673 0.923519 0.00199081 3.57366e-07 0.00340465 2.82686e-07 1.95399e-05 0.000176853 5.21893e-08 0.0113923 0.00209573 0.0142773 0.0127572 0.00515704 0.00401893 1.01024e-07 6.91196e-08 0.0103391 0.00240324 3.95876e-07 
0.0387927 0.227753 0.0398185 1.78204e-09 0.02763 1.40964e-09 1.76256e-07 2.81477e-05 2.60248e-10 0.263792 1.16054e-09 0.182239 3.44875e-10 7.04621e-07 0.012659 8.11239e-05 3.44673e-10 0.207197 9.02362e-06 1.97408e-09 
0.013323 0.000903947 0.0172748 1.49489e-07 0.00225246 1.1825e-07 9.13752e-08 0.605223 2.18312e-08 0.0664525 0.000505585 0.000391539 0.011542 7.97303e-08 0.00127589 0.241971 8.87335e-06 0.0281099 0.0107646 1.65598e-07 
0.00690827 0.00512208 0.0533438 3.33424e-08 1.85343e-07 1.14578e-05 2.35017e-07 0.000847105 5.47669e-11 0.0500089 0.0299504 0.0288419 0.781143 8.3422e-05 0.0399013 0.000674329 0.000229371 0.00163202 0.00130106 7.97721e-07 
0.000985701 0.0415883 0.0426149 0.00209004 0.000217132 1.74539e-05 0.00027054 1.67085e-05 3.43503e-07 0.0372188 0.000241169 0.82243 0.0453784 4.68142e-05 5.12759e-05 0.000150196 8.68763e-05 0.00645626 0.000136162 2.6056e-06 
0.0586018 1.25334e-05 0.373594 1.98859e-05 7.14356e-05 5.47646e-07 0.0526731 6.27384e-06 1.06861e-08 0.0118385 4.68207e-05 0.059643 0.225087 2.43033e-05 0.216088 2.25993e-05 1.27652e-06 0.00212073 0.000147982 8.10579e-08 
2.15506e-06 1.4275e-06 0.0274495 2.49373e-10 4.48202e-07 0.000316131 1.75309e-06 1.88275e-05 3.64182e-11 0.00593836 0.0114072 1.11164e-05 0.9427 1.33004e-10 7.94802e-06 2.04507e-07 0.000130386 0.0120088 5.29641e-06 2.76246e-10 
0.0654595 0.00815421 4.19649e-05 0.000669962 1.04786e-05 5.19714e-06 0.00253663 2.17283e-05 2.75545e-08 0.00250189 0.000924274 0.160455 0.724273 8.04223e-06 0.011386 0.000118895 9.77261e-05 0.000489493 0.0228465 2.09011e-07 
0.0560453 1.03649e-05 0.00111462 0.00324209 0.000694476 0.000227925 0.00014039 8.90931e-06 1.41415e-08 0.00119736 8.00742e-05 1.66207e-05 0.920451 7.49793e-06 0.0137386 1.02889e-05 0.00058536 0.00102817 0.00137062 3.02655e-05 
0.170395 4.83873e-06 6.61123e-06 6.55987e-06 2.48423e-06 3.3526e-06 0.00319555 2.25732e-06 8.67501e-09 9.57125e-06 1.42508e-05 0.695803 0.122499 3.16822e-08 1.42258e-05 1.67924e-08 1.06671e-06 0.00390849 0.00412781 6.57195e-06 
0.0244597 0.0511821 1.1473e-06 4.01631e-10 0.00136674 2.16194e-07 2.73214e-07 0.00252186 5.86537e-11 0.794344 2.61559e-10 0.0993998 0.00149744 2.91324e-07 5.95168e-07 2.11539e-08 7.68546e-08 0.0252252 3.89128e-07 2.8848e-07 
0.076279 0.102932 0.000938796 1.45586e-06 0.000193674 1.23733e-06 0.000252708 0.0712704 5.21155e-07 0.130411 5.60042e-07 0.0935895 0.440955 9.15885e-05 0.0303225 2.39342e-05 4.49716e-05 0.0327633 0.0198787 4.9552e-05 
1.97639e-07 7.3703e-07 0.0485181 5.25355e-10 9.7333e-11 6.07499e-07 5.67164e-07 2.60665e-07 7.67222e-11 0.0288787 0.0126388 2.27519e-07 0.908305 7.51413e-07 0.000680345 6.11548e-07 0.000789189 0.000185637 1.80106e-07 5.81967e-10 
3.5152e-06 1.38398e-09 0.0519086 6.09287e-09 4.26391e-05 2.76811e-05 3.72427e-09 3.6302e-07 8.89797e-10 5.63932e-07 3.96794e-09 3.85431e-07 0.117586 3.24965e-09 0.0379928 1.7224e-09 1.17845e-09 8.52546e-06 0.792429 6.74945e-09 
4.73585e-05 1.03045e-08 0.119632 4.53647e-08 8.40476e-09 2.52031e-05 5.21038e-05 1.08527e-05 6.62501e-09 0.564995 7.95571e-06 7.31701e-05 0.302341 2.41954e-08 0.00416194 0.008609 1.72715e-05 2.69321e-06 2.45686e-05 5.02532e-08 
0.0072362 0.0334938 9.43971e-05 2.96432e-06 5.49203e-07 2.34486e-06 0.000915091 9.18138e-05 4.32906e-07 0.0274996 1.93049e-06 0.0108341 0.918121 1.58103e-06 6.71802e-06 8.37985e-07 5.73342e-07 0.00147164 4.43835e-05 0.00018007 
0.00244993 6.14166e-08 0.456663 2.70382e-07 0.264311 2.13879e-07 4.66579e-05 0.000231245 3.94862e-08 0.192483 0.000919887 9.36758e-05 0.0464546 0.000414509 0.027148 0.00111758 5.22957e-08 0.0075766 8.84402e-05 2.99518e-07 
4.81169e-06 4.85705e-06 0.397625 1.51707e-05 9.65831e-09 4.12367e-08 4.08824e-06 0.00415216 7.61311e-09 0.079636 2.78167e-05 0.298926 0.06629 4.5785e-06 0.0325117 8.9927e-06 0.000370498 0.1204 1.88601e-05 5.77483e-08 
0.000409077 0.00322797 0.0222449 0.000849407 3.89174e-07 1.6616e-06 1.28397e-06 0.0242656 3.06765e-07 0.00287158 1.36798e-06 0.000879887 0.896606 0.000621051 0.000962389 0.0450315 4.0628e-07 0.00157599 0.000446438 2.32693e-06 
0.0236095 9.52883e-05 1.75438e-10 8.60876e-08 2.20011e-10 9.39353e-10 0.000251935 0.000246147 1.73423e-10 0.00494387 7.73357e-10 0.022567 0.948285 1.71702e-07 2.92971e-07 3.35698e-10 6.84697e-08 4.24015e-07 2.69779e-07 1.31548e-09 
0.140896 4.50241e-05 5.75835e-05 7.4793e-06 2.02732e-05 1.01435e-05 0.000285738 4.2005e-05 7.17263e-08 0.00601694 6.43013e-05 0.707134 0.118245 1.5609e-05 0.0196734 1.18756e-05 7.81573e-05 0.00690447 0.000491131 5.44071e-07 
0.027672 0.000947832 0.00844859 6.09209e-10 0.210721 5.54239e-07 3.72379e-10 0.359436 8.89683e-11 0.33127 3.63044e-07 0.0515042 4.82112e-07 3.24923e-10 1.02864e-07 1.72217e-10 1.48693e-07 0.000959525 0.00903925 6.1457e-08 
0.138194 0.170705 0.0194929 2.65661e-07 0.00713277 8.21305e-06 0.0028536 6.05251e-05 3.87968e-08 0.073217 0.00027691 0.0285573 0.480182 0.00175133 0.0140281 1.12236e-05 2.86652e-05 0.0617059 0.00179451 2.94289e-07 
0.0589933 0.00148992 0.00137686 1.71513e-06 6.50394e-07 8.75298e-07 1.95979e-06 5.91197e-07 1.61436e-09 0.00178936 0.00059757 0.0840912 0.839479 1.55966e-06 3.40857e-07 3.12494e-09 2.78761e-07 0.0114197 0.000754729 1.22455e-08 
0.0817029 0.0876673 0.00523436 6.25115e-06 0.158613 0.000143047 0.00907319 0.00267614 7.69657e-08 0.0340574 3.43219e-07 0.519909 0.0219391 3.63273e-06 0.00568277 1.06846e-05 9.64141e-05 4.08221e-05 0.0728671 0.000276393 
0.000269389 9.22601e-06 0.00326816 6.16511e-05 3.77575e-05 2.7282e-07 8.32081e-06 7.27104e-07 5.03679e-08 0.0107001 1.37446e-05 0.0429012 0.905054 3.01536e-05 0.0147255 0.000717153 0.000402302 6.57486e-05 0.0217341 3.8206e-07 
0.0441255 0.0057147 0.0224316 0.000172519 0.0180878 5.37617e-05 0.00169449 0.000499572 8.19088e-06 0.0109689 0.00418115 0.0967662 0.494343 0.222945 0.00503152 0.000523538 0.00590195 0.036233 0.0302992 1.8682e-05 
