0.00184239 0.007009 0.0117556 0.000225533 0.0221543 1.2633e-05 0.00175124 0.116546 0.627329 0.0538729 0.000114583 0.0216507 0.000387824 0.0154933 0.000243962 0.000769103 0.000258463 0.0786962 0.0398866 3.64398e-08 
0.00814375 0.0144841 0.0178049 0.000290216 0.0464444 3.7643e-06 0.238686 0.0199324 0.281112 0.0680759 0.000377885 0.0257071 0.0659606 0.000208523 0.0425006 0.0268168 0.000211994 0.0821749 0.0610641 1.57304e-08 
0.027126 0.00795695 0.0575409 0.00830704 0.0171842 3.99382e-07 0.00137974 0.0331241 0.364046 0.116948 0.000149519 0.035763 0.00300047 0.00154696 0.0793463 0.0114074 0.0055744 0.134538 0.0950606 4.87066e-09 
0.00472652 7.69117e-05 0.0206256 7.27018e-09 0.000657126 3.28714e-09 3.41501e-05 0.000129758 0.761791 0.000140158 1.5659e-09 0.011598 0.000292108 0.000723839 0.0148033 0.00739157 5.97263e-05 0.170567 0.00638358 3.55505e-12 
0.00184239 0.007009 0.0117556 0.000225533 0.0221543 1.2633e-05 0.00175124 0.116546 0.627329 0.0538729 0.000114583 0.0216507 0.000387824 0.0154933 0.000243962 0.000769103 0.000258463 0.0786962 0.0398866 3.64398e-08 
0.0119055 0.00189143 0.0240302 0.000138603 0.00220016 4.66472e-09 4.11191e-05 0.000772862 0.541622 0.027245 0.00390911 0.0146931 0.011926 7.35464e-05 0.234062 0.0537739 0.000341441 0.0539617 0.0174126 2.21056e-11 
0.000716154 0.000304081 0.00609839 1.56351e-08 0.00144981 1.47821e-05 8.76865e-05 0.00975462 0.786855 0.00258329 4.25364e-08 0.00731782 0.00154185 0.00160172 0.0479323 0.00869922 0.000252415 0.0805094 0.0442815 1.20171e-08 
0.0154689 0.0276701 0.167435 0.000320157 2.02173e-06 9.32538e-10 2.55629e-06 0.00453519 0.188564 0.037614 0.0461567 0.0866832 0.173793 4.66434e-06 0.154328 0.0317754 0.00108682 0.0392531 0.0253074 1.30594e-09 
0.00463487 0.00182046 0.0114919 7.3008e-12 0.00305476 0.000275652 9.34274e-05 0.000680441 0.557269 0.06881 4.57859e-05 0.0135273 0.0310338 0.000189395 0.0459771 0.00731909 0.000216071 0.0550104 0.198551 8.08754e-12 
0.00383677 6.19407e-05 0.00601184 3.81381e-05 0.00571185 4.51829e-06 0.000763895 9.77964e-05 0.463665 0.00134774 5.88493e-05 0.0321032 0.013152 9.36673e-05 0.0856559 0.000254248 8.61211e-05 0.245306 0.141751 1.09591e-08 
0.0327271 0.00510658 0.182308 0.0002217 0.00699863 6.59124e-05 0.000546678 0.0215619 0.254613 0.0590423 0.0392505 0.127732 0.00662815 0.00367 0.149405 0.00436125 0.00222589 0.0605284 0.0430053 1.57727e-06 
0.000575286 0.000359743 0.0130055 3.09072e-06 0.00171115 8.62725e-06 7.29914e-05 0.0288547 0.633474 0.0121795 0.000192992 0.00663716 0.000842156 0.000909349 0.0657741 0.0174423 0.000122761 0.200502 0.0173325 7.39327e-09 
0.0158857 0.133733 0.0123933 0.00010038 0.00201991 2.32482e-05 0.000104752 0.00228695 0.383649 0.074141 0.0036557 0.086746 0.00301823 0.000550365 0.0268254 0.00526239 0.000247774 0.241241 0.00811548 2.57716e-10 
0.00149684 0.000303376 0.0130765 4.3655e-06 0.000800144 9.26006e-07 4.82766e-05 0.00212445 0.627557 0.0189576 1.50326e-05 0.00969521 0.000345483 0.000508364 0.0314894 0.0100893 1.11711e-05 0.270886 0.0125899 2.93105e-07 
0.00650058 4.10291e-05 0.00303905 0.000115769 0.00104592 2.41096e-05 0.000720318 0.00104622 0.931688 0.0162917 6.09428e-06 0.0122398 0.000127307 0.00366729 0.00014875 0.000310572 0.000270358 0.00216909 0.0205484 8.79049e-12 
0.117171 0.00364797 0.0285419 0.000360853 0.0110474 2.38302e-05 0.129472 0.0135091 0.281149 0.0402618 0.00277859 0.0625046 0.00697547 0.00392648 0.0158569 0.000910497 0.0335569 0.0723608 0.175943 1.78809e-06 
3.49634e-06 6.65928e-07 0.00760848 4.88644e-07 8.36409e-07 7.62393e-08 7.04614e-07 5.93995e-07 0.491528 5.89127e-06 0.000405437 2.18384e-06 0.000479615 0.476559 4.33332e-07 5.69047e-07 0.0044451 2.22939e-12 0.018959 3.81171e-11 
0.0166564 0.00146707 0.00927015 0.00363149 0.00232942 5.00871e-06 0.00070405 0.0146945 0.634196 0.144585 0.000166364 0.0198518 0.00203801 0.00494629 0.0212862 0.0616122 0.00287289 0.0422231 0.0174642 3.02776e-08 
0.151981 0.0191165 0.0236017 0.00123628 0.0132866 1.63701e-05 0.137685 0.00820683 0.156637 0.0608534 0.00153428 0.079312 0.048044 0.00122121 0.0515967 0.0061278 0.00372439 0.126281 0.109538 5.19037e-07 
0.169902 0.000880702 0.00635266 0.00796337 9.12473e-05 3.47648e-07 0.26237 0.00410198 0.375732 0.00109795 6.82215e-05 0.00347215 0.000488866 0.0112348 0.0354495 0.0189349 0.0236484 0.00480006 0.0734114 1.40087e-09 
0.0323884 3.61172e-05 0.00348898 0.00291605 0.000507424 2.292e-07 0.000540228 8.63584e-05 0.789061 0.00745604 0.000366904 0.00293374 0.00539336 0.0175155 0.00315282 0.000271443 0.020344 0.00049319 0.113048 4.22032e-08 
0.0272575 8.32295e-05 0.00250575 0.00695133 0.00079239 6.47793e-05 0.000615204 0.000200327 0.877699 0.0178337 0.000152313 0.00631677 0.00461805 0.00480494 2.16959e-05 0.00262655 0.0188501 0.000855973 0.0277507 1.82791e-09 
0.00344509 0.00268986 0.0202859 2.22325e-05 0.0366544 4.32123e-05 5.21094e-05 0.103853 0.387244 0.0284272 2.02313e-12 0.00808899 0.0056338 0.00309088 0.012701 0.00640373 0.000240479 0.241255 0.139841 2.69568e-05 
0.037267 0.013458 0.163211 0.00051567 0.0029089 2.46463e-05 0.000405506 0.00301882 0.392672 0.0197999 0.000692731 0.0536388 0.0581059 0.00447585 0.0659097 0.000295957 0.00566857 0.0921525 0.0857785 2.29506e-09 
0.0128349 0.00275326 0.0138391 0.000673997 0.00249565 4.34415e-06 7.72888e-05 0.0360314 0.368255 0.0562565 0.000290642 0.0134209 0.0212364 0.00179503 0.0518729 0.0267667 0.0548174 0.310167 0.0239119 0.00249917 
0.00138699 0.00191033 0.0296224 5.2043e-06 0.00109689 5.00292e-07 2.58854e-05 0.00168925 0.566805 0.0151438 1.82122e-05 0.0222608 0.000185118 0.000330986 0.0372126 0.00631383 5.99079e-06 0.305446 0.0105398 2.79182e-07 
0.00184219 0.00676448 0.00523586 1.27444e-06 0.000677683 3.80563e-05 0.186597 0.0385886 0.641694 0.0081481 5.91287e-07 0.00355197 0.00221509 0.00123021 0.0045646 0.0126031 0.000481074 0.0355352 0.0502303 6.76196e-12 
0.0534755 0.00147638 0.00375181 3.3051e-06 0.0475873 1.30197e-05 1.69226e-05 1.76624e-05 0.265514 0.0228545 7.82587e-05 0.0854034 2.22909e-05 0.000464714 0.0214636 0.00106598 0.0146078 0.217519 0.264664 6.13572e-10 
0.0150254 0.00120071 0.0748165 0.00134852 0.00374871 8.75929e-09 7.01563e-05 0.0145 0.517362 0.033369 0.000325037 0.0180022 0.000331865 0.00501212 0.00676205 0.0397115 0.00840666 0.205528 0.0544792 5.12526e-07 
0.00258687 0.000171369 0.00127108 2.31609e-05 0.000207732 9.67918e-08 0.000384524 6.96894e-05 0.960144 0.00425972 4.05942e-07 0.00951605 1.32257e-08 0.00317309 0.00167923 9.07204e-05 0.000518151 0.00745472 0.00844944 8.97507e-10 
0.00231398 0.000758053 0.00156468 2.48559e-05 0.000820381 7.09645e-08 0.000278829 0.00138114 0.866248 0.0196766 1.39777e-05 0.0245301 2.20913e-08 0.00175578 0.00488596 0.00173002 0.000547123 0.0614595 0.0120106 1.1604e-08 
0.000895836 3.81206e-05 0.00428963 0.000308069 0.0123006 3.22441e-06 0.00058101 0.000813028 0.505832 0.00108385 2.53008e-06 0.00165242 0.000116191 0.000503355 0.00157533 1.05558e-05 6.89139e-07 0.203125 0.266457 0.000411073 
0.000713496 0.000180726 0.0145562 2.26251e-06 0.00129106 2.88927e-07 4.51108e-05 0.00401204 0.59684 0.00474289 4.92525e-05 0.0112753 4.02455e-05 1.73792e-05 0.0531473 0.000755875 5.65755e-05 0.307376 0.00489854 1.40048e-11 
0.0152251 0.00032751 0.00506621 6.04387e-05 0.0170976 9.00333e-07 3.30423e-05 0.000263056 0.440348 0.00599265 8.55511e-05 0.0390956 0.000149302 0.000122816 0.17238 9.82461e-05 0.0536543 0.100018 0.149982 7.48852e-10 
0.0998043 0.0126241 0.015424 1.65787e-07 0.00791582 1.99594e-07 5.72514e-05 0.00107645 0.684976 0.0730413 1.82324e-06 0.0112801 0.00806243 1.69459e-06 0.0043737 0.00658682 6.98802e-05 0.051725 0.022979 1.9281e-09 
0.00977351 0.0003333 0.00423059 0.00546948 0.00049546 4.66542e-06 0.000575563 0.00807228 0.852182 0.0233784 0.000109886 0.00279097 0.0029293 0.0155207 0.000785948 0.0260064 0.0181972 0.00369824 0.0254466 6.78371e-08 
0.00463953 0.00123453 0.00320374 5.48585e-06 0.0280545 3.0964e-05 0.000660104 0.0122387 0.564906 0.00653748 4.51132e-06 0.0350531 0.00380227 0.000336166 0.0633035 3.09767e-05 9.49374e-06 0.0765437 0.199405 4.67531e-09 
0.00914156 0.00910422 0.0104192 7.89907e-06 0.00673781 2.91648e-05 0.0428701 0.000868608 0.543394 0.0890931 0.000621147 0.0239809 0.000316769 0.00265708 0.00253735 0.206819 0.000677015 0.0327891 0.0179358 2.97688e-10 
0.00650058 4.10291e-05 0.00303905 0.000115769 0.00104592 2.41096e-05 0.000720318 0.00104622 0.931688 0.0162917 6.09428e-06 0.0122398 0.000127307 0.00366729 0.00014875 0.000310572 0.000270358 0.00216909 0.0205484 8.79049e-12 
0.00501924 0.000350245 0.00510167 0.000551148 0.00230048 1.03717e-06 0.000356468 0.00368292 0.907202 0.00863941 0.000184119 0.00831199 0.000683517 0.00384489 0.00127999 0.000402137 0.0120296 0.0281305 0.0119283 8.86278e-09 
0.0399118 0.00279511 0.00533837 0.000122613 0.00174247 3.44264e-06 1.37683e-05 0.000584063 0.541993 0.0157246 0.00166527 0.00694533 0.000544894 0.00254261 0.0023779 0.0809112 0.268258 0.0196918 0.00883355 4.71703e-08 
0.0352326 0.00021529 0.0073117 9.00834e-06 0.00428534 8.48961e-08 7.43454e-05 0.000197866 0.776179 0.0170362 3.85362e-05 0.0488151 4.1208e-05 0.000830142 0.00191334 0.000990667 0.00078743 0.0916306 0.014412 4.10792e-12 
0.00940481 0.000125478 0.00290619 3.67787e-05 0.0059027 9.20625e-07 0.000139189 0.000137014 0.86602 0.0784664 2.84468e-05 0.012268 2.97278e-06 0.000656302 0.000119646 0.000481559 0.000983465 0.0192336 0.0030862 1.00045e-09 
0.00230325 0.000377088 0.00417848 1.0867e-05 0.00126557 6.93943e-06 0.00023653 0.0288312 0.539362 0.004245 2.60372e-05 0.0190656 0.00249161 0.00166738 0.08281 0.00201932 9.24143e-05 0.178112 0.132898 7.24048e-07 
0.0374719 0.000320505 0.0051359 0.03128 0.00848079 2.28991e-07 0.00111367 0.00207748 0.725168 0.00602456 0.00137463 0.0504119 2.59134e-05 0.00173147 0.00174579 0.00137275 0.000456854 0.0711947 0.054613 1.15802e-09 
0.00138699 0.00191033 0.0296224 5.2043e-06 0.00109689 5.00292e-07 2.58854e-05 0.00168925 0.566805 0.0151438 1.82122e-05 0.0222608 0.000185118 0.000330986 0.0372126 0.00631383 5.99079e-06 0.305446 0.0105398 2.79182e-07 
0.0247386 0.00521345 0.0509351 3.24759e-05 0.0273627 6.52742e-11 8.7984e-06 0.144479 0.371641 0.0299184 1.38884e-05 0.0369172 0.00214872 2.60621e-05 0.0715528 0.00138336 0.000551248 0.209795 0.023282 9.14106e-11 
0.00207706 0.00537165 0.00906583 0.000207198 0.0164388 7.67345e-06 0.00141483 0.0809962 0.693087 0.0414589 0.000171127 0.0210524 0.000314895 0.0211056 0.000560646 0.000694341 0.000418385 0.0724955 0.0330617 3.72501e-08 
0.0107866 2.55599e-06 0.091227 9.18841e-06 0.0337184 1.09163e-09 8.43534e-10 0.0040934 0.818421 0.0364665 8.98722e-10 4.18009e-07 5.21343e-07 7.36033e-10 1.44825e-10 1.21419e-05 2.52279e-05 0.00523617 1.05774e-10 7.31976e-07 
0.0107866 2.55599e-06 0.091227 9.18841e-06 0.0337184 1.09163e-09 8.43534e-10 0.0040934 0.818421 0.0364665 8.98722e-10 4.18009e-07 5.21343e-07 7.36033e-10 1.44825e-10 1.21419e-05 2.52279e-05 0.00523617 1.05774e-10 7.31976e-07 
0.0152251 0.00032751 0.00506621 6.04387e-05 0.0170976 9.00333e-07 3.30423e-05 0.000263056 0.440348 0.00599265 8.55511e-05 0.0390956 0.000149302 0.000122816 0.17238 9.82461e-05 0.0536543 0.100018 0.149982 7.48852e-10 
0.0262614 0.00244047 0.0644948 0.00149848 0.0101782 6.67958e-05 0.000274784 0.000434697 0.642949 0.0203784 0.00123827 0.0327216 0.00317083 0.000301203 0.0111119 0.00162406 0.00031411 0.159669 0.0208728 6.62296e-11 
0.0208987 0.00467226 0.0809971 2.84243e-05 0.0082589 2.64944e-08 0.00201587 0.0437341 0.309982 0.0597292 0.0811974 0.111158 0.000821883 0.00269093 0.0691127 0.000768289 0.000266459 0.182601 0.0210532 1.37192e-05 
3.05582e-06 4.13563e-06 0.0293558 1.81449e-06 4.11925e-05 1.58481e-06 0.00914441 0.0281312 0.467097 1.0493e-05 8.2055e-11 6.53641e-06 1.46307e-06 3.17196e-06 4.44157e-06 2.54675e-06 0.000234262 4.12705e-05 0.465915 3.76992e-07 
0.0600986 0.0620314 0.00492933 4.66556e-07 0.00433337 9.73302e-12 0.0352185 0.0788527 0.166773 0.0723603 0.00018808 0.0316949 0.00569647 0.0100675 0.155824 0.00121625 0.101358 0.0535636 0.155794 4.11309e-11 
0.000716154 0.000304081 0.00609839 1.56351e-08 0.00144981 1.47821e-05 8.76865e-05 0.00975462 0.786855 0.00258329 4.25364e-08 0.00731782 0.00154185 0.00160172 0.0479323 0.00869922 0.000252415 0.0805094 0.0442815 1.20171e-08 
0.0383136 0.00966044 0.00693004 0.00217908 0.00264839 0.000146643 0.0072235 0.000333561 0.469402 0.0516246 3.83818e-05 0.0674424 0.0121988 0.000128827 0.00512876 0.0580755 0.00066785 0.20648 0.061378 1.68931e-07 
0.0590625 7.64319e-05 0.0122303 0.000536269 0.010054 0.000126204 0.000424268 8.42665e-05 0.466808 0.0198108 0.00454811 0.0275995 0.0488922 0.0306772 0.012774 0.00208879 0.209027 0.0575721 0.0376064 1.39667e-06 
0.00146498 0.000823045 0.0051476 1.10451e-08 0.000517856 1.82833e-07 0.000746247 0.000115643 0.964908 0.00301304 0.000192806 0.00864766 0.000598021 0.00020787 0.000883404 0.000519229 0.000245229 4.28051e-05 0.0119262 2.47375e-10 
0.0147247 0.00476432 0.0109042 0.000101787 0.00678149 6.1422e-05 0.195546 0.0226661 0.440523 0.0307115 0.000176303 0.0761169 0.0217158 0.00141778 0.0258326 0.0281056 0.000437252 0.0459738 0.0734396 1.95923e-08 
0.0168674 0.000126337 0.00195435 0.00196424 0.000967895 1.80805e-06 0.000197867 0.000828196 0.886338 0.0035517 0.000125343 0.00678473 0.00112079 0.0113479 0.00106385 0.000194284 0.0358939 0.0122563 0.0184154 3.05584e-10 
0.0290345 0.00149513 0.0269923 0.00630789 0.00859452 3.96812e-07 0.00661603 0.0140938 0.557161 0.0803558 0.000283619 0.0328043 0.0238349 0.00803123 0.0582242 0.00409606 0.00923198 0.0619389 0.0709031 2.38952e-09 
0.00295485 7.2102e-05 0.0977937 2.47294e-08 0.000587101 7.10438e-12 3.41681e-08 0.000115993 0.577021 1.97726e-08 5.32552e-09 0.0530088 1.33846e-08 0.000177475 0.00960818 0.0795655 0.000620947 0.176445 0.00202956 9.94904e-12 
0.00841219 0.000444473 0.0225965 0.00178345 0.00503062 5.04321e-09 7.6534e-05 0.00584813 0.385611 0.0403054 0.00122804 0.0282817 0.0011059 0.00388436 0.0102187 0.0490342 0.00390725 0.331619 0.100613 4.90313e-07 
0.0150254 0.00120071 0.0748165 0.00134852 0.00374871 8.75929e-09 7.01563e-05 0.0145 0.517362 0.033369 0.000325037 0.0180022 0.000331865 0.00501212 0.00676205 0.0397115 0.00840666 0.205528 0.0544792 5.12526e-07 
0.162287 0.000213341 0.006804 0.00673471 0.00132713 8.12949e-07 0.000429904 0.001744 0.547615 0.0476379 0.000279869 0.00869624 0.0057229 0.0175471 0.00997984 0.000277006 0.0600386 0.0434278 0.0792367 1.18896e-07 
0.0161222 0.000523134 0.00696236 0.0086978 0.000788968 2.04807e-06 0.000901495 0.01323 0.756613 0.0388203 0.000152086 0.00459696 0.0048019 0.0254886 0.00126388 0.0429023 0.0298362 0.00608172 0.0422151 9.63052e-10 
0.00658778 0.00775464 0.0439375 4.54151e-06 0.00787892 0.00014911 0.000299534 0.0102341 0.295961 0.288009 0.0104494 0.0906745 0.000564095 0.000777906 0.0100285 0.0536509 0.000208759 0.159143 0.0136634 2.31266e-05 
0.00246559 0.00470821 0.0264819 1.00752e-06 0.00179053 3.99186e-06 0.000149683 0.0197946 0.496755 0.0697503 0.000256427 0.00833546 0.000984619 0.000245653 0.0516687 0.0331789 0.00011811 0.280402 0.00290864 6.78539e-12 
0.00914156 0.00910422 0.0104192 7.89907e-06 0.00673781 2.91648e-05 0.0428701 0.000868608 0.543394 0.0890931 0.000621147 0.0239809 0.000316769 0.00265708 0.00253735 0.206819 0.000677015 0.0327891 0.0179358 2.97688e-10 
0.00113299 0.000363885 0.0216333 5.66045e-05 0.00192929 0.000193564 0.000576566 5.89711e-05 0.574193 0.00355226 1.06028e-05 0.0176723 0.00627198 0.00103908 0.0442259 0.000601635 3.2971e-05 0.191053 0.135402 4.87698e-11 
0.00138699 0.00191033 0.0296224 5.2043e-06 0.00109689 5.00292e-07 2.58854e-05 0.00168925 0.566805 0.0151438 1.82122e-05 0.0222608 0.000185118 0.000330986 0.0372126 0.00631383 5.99079e-06 0.305446 0.0105398 2.79182e-07 
0.0393149 0.000986949 0.0115342 3.20602e-06 0.0127047 5.14493e-06 2.0013e-05 3.79529e-05 0.512268 0.0479365 5.55387e-05 0.142399 6.69707e-05 0.098317 0.00486887 0.000542678 0.000626573 0.0579983 0.0702424 7.13235e-05 
0.121258 0.00677888 0.089972 2.69766e-06 0.0873418 0.0148924 0.00197951 0.00839789 0.278543 0.0239438 0.000183406 0.0211267 0.108111 0.0721492 0.0508901 6.70791e-05 0.00256108 0.0109617 0.100326 0.000514269 
0.000713496 0.000180726 0.0145562 2.26251e-06 0.00129106 2.88927e-07 4.51108e-05 0.00401204 0.59684 0.00474289 4.92525e-05 0.0112753 4.02455e-05 1.73792e-05 0.0531473 0.000755875 5.65755e-05 0.307376 0.00489854 1.40048e-11 
0.0231745 0.007641 0.0127407 0.00116227 0.0176109 1.57686e-05 0.000149602 0.00953585 0.472452 0.055367 0.000662337 0.113746 0.00128426 0.00579743 0.0356714 0.0064213 0.000577302 0.156406 0.079581 2.68346e-06 
0.000310138 8.08779e-05 0.00384814 1.02834e-09 0.00132731 2.41697e-05 0.000526195 3.8519e-05 0.777006 0.000915903 6.26219e-09 0.00854114 0.00134105 0.000173738 0.0308907 0.000181285 5.35014e-05 0.120413 0.0543288 8.74625e-13 
0.165225 0.00699474 0.0226505 0.000859515 0.027734 4.51701e-05 0.000812272 0.0141849 0.256885 0.167033 0.0022377 0.0523453 0.00705738 0.00521668 0.0132385 0.0119321 0.014517 0.157707 0.0733237 1.14276e-07 
0.020722 0.000406154 0.00545755 0.00311045 0.00206351 4.22922e-06 0.000551837 0.01155 0.770303 0.00728664 0.00033088 0.00783115 0.00150441 0.0423816 0.00465713 0.00050885 0.0349634 0.0585541 0.0278134 2.39705e-11 
0.0506683 0.00218481 0.0451563 5.14742e-06 0.00188138 0.000131451 9.22472e-05 0.00026709 0.658034 0.0501762 0.00024432 0.0502122 0.0141705 0.042346 0.00796715 0.000400602 0.000140306 0.00432245 0.0715886 1.0758e-05 
0.0118275 0.00266344 0.0245332 2.52925e-05 0.00187644 1.69906e-07 6.39787e-05 0.000752058 0.597014 0.0309543 0.00350919 0.0176183 0.0119259 0.000132844 0.194837 0.0454608 0.000409671 0.0382728 0.0181228 1.80806e-11 
0.128337 0.00306809 0.011689 3.61655e-05 0.0203855 1.28816e-07 0.000663327 0.00438566 0.453944 0.0177564 0.00873354 0.0448073 0.00842598 0.00588691 0.0245013 0.00144125 0.00108769 0.0877606 0.17709 1.20621e-07 
0.0357661 0.00338896 0.017941 7.83042e-06 0.00986577 1.8111e-06 0.000637558 9.88745e-05 0.527409 0.0886282 0.00231607 0.196507 0.0111225 0.00168933 0.00222688 0.00189808 0.000525492 0.0578244 0.0421446 7.83024e-09 
0.00147484 0.000186341 0.0162048 2.82085e-05 0.019335 7.59935e-05 0.00286008 0.0160471 0.504451 0.00673671 0.000173778 0.0108484 0.0031629 0.000223004 0.0114103 0.000632451 7.38356e-05 0.278804 0.127271 9.97437e-08 
0.00149684 0.000303376 0.0130765 4.3655e-06 0.000800144 9.26006e-07 4.82766e-05 0.00212445 0.627557 0.0189576 1.50326e-05 0.00969521 0.000345483 0.000508364 0.0314894 0.0100893 1.11711e-05 0.270886 0.0125899 2.93105e-07 
0.00914156 0.00910422 0.0104192 7.89907e-06 0.00673781 2.91648e-05 0.0428701 0.000868608 0.543394 0.0890931 0.000621147 0.0239809 0.000316769 0.00265708 0.00253735 0.206819 0.000677015 0.0327891 0.0179358 2.97688e-10 
0.000683456 0.000183214 0.0160857 5.29252e-05 0.00275349 6.59418e-07 5.43933e-05 0.00184615 0.541077 0.00331701 2.62202e-05 0.0229262 8.15164e-05 2.45181e-05 0.040914 0.000387347 5.27709e-05 0.348706 0.0208271 3.56213e-07 
0.000380091 0.000136528 0.0024795 9.72701e-06 0.0502251 7.21425e-06 8.08035e-05 0.0320841 0.420271 0.00207628 1.63627e-09 0.0775441 0.0451551 0.00117215 0.00371656 0.0527649 8.0982e-05 0.0153537 0.296462 2.78329e-09 
0.00277183 0.000263582 0.00197119 7.50869e-05 0.000580496 1.60778e-07 0.000566694 6.53764e-05 0.961882 0.00533615 1.67364e-05 0.0116134 4.02882e-05 0.00442974 0.000250114 0.000189047 0.00104647 0.00237281 0.00652871 4.437e-11 
0.00574223 0.0102116 0.00811664 3.44405e-08 0.000636923 9.5237e-07 0.000213083 0.00214905 0.579671 0.0300905 9.41709e-05 0.078282 0.00129635 2.43938e-05 0.241719 0.00501254 7.75331e-05 0.0312542 0.00540756 3.70541e-10 
0.000313987 5.71282e-05 0.00392297 9.99335e-07 0.00530733 5.56191e-05 0.000326372 0.0184159 0.743396 0.00133635 2.3943e-08 0.00282699 0.00106329 5.39797e-05 0.0131352 0.000592094 1.43044e-05 0.16313 0.0460511 1.12676e-12 
0.00392838 0.0152048 0.0401177 0.000377386 0.00287868 3.77778e-07 0.00104396 0.000189281 0.572101 0.0367989 2.11835e-05 0.0693778 0.0171638 0.00019734 0.123653 0.000439032 0.000143038 0.0926979 0.0236659 3.36659e-07 
0.00335254 0.000232107 0.0242468 6.13145e-05 0.00435502 3.84887e-05 0.00226068 0.0198576 0.537386 0.00473948 6.93968e-06 0.0184908 0.0490082 0.000205928 0.0321772 0.00718662 0.00104932 0.123371 0.171971 2.97283e-06 
0.0012752 0.00084951 0.00248689 3.25545e-06 0.0103216 5.14886e-06 0.000849555 0.000343734 0.887664 0.00691701 5.98414e-06 0.0230381 0.000777985 4.63993e-06 0.0111973 0.000136177 3.55803e-05 0.0419012 0.0121862 1.36172e-06 
0.000360672 5.16801e-05 0.0261117 0.000124737 0.00232172 1.56341e-08 5.29933e-05 8.50338e-05 0.502076 0.00152824 2.04796e-05 0.0319401 1.10712e-08 0.000227241 0.00390376 1.73788e-05 2.06122e-05 0.390762 0.040395 6.45671e-07 
0.0153186 0.0120669 0.0875699 7.28147e-06 0.00359316 2.09806e-06 2.74904e-05 9.3118e-05 0.539312 0.0260788 0.00034907 0.0273154 0.00130666 0.00118304 0.0190115 0.000512694 0.000671822 0.21989 0.04569 1.88125e-10 
0.0105529 0.00390032 0.0431294 6.50146e-05 0.00104236 0.000438828 0.000383161 0.00985057 0.462307 0.175544 0.00045741 0.0447329 0.043611 0.00285284 0.0190717 0.0668957 0.000851574 0.0132118 0.101102 2.78648e-09 
0.00469108 0.00032412 0.005898 8.33252e-05 0.00609323 5.3105e-05 0.00316115 0.00179489 0.496856 0.00443785 9.41713e-06 0.0258832 0.0325676 0.000287155 0.0450416 6.35696e-05 7.11701e-05 0.172706 0.199977 1.74461e-07 
0.00138699 0.00191033 0.0296224 5.2043e-06 0.00109689 5.00292e-07 2.58854e-05 0.00168925 0.566805 0.0151438 1.82122e-05 0.0222608 0.000185118 0.000330986 0.0372126 0.00631383 5.99079e-06 0.305446 0.0105398 2.79182e-07 
0.0293742 0.00612969 0.0167489 0.00164892 0.0110212 1.66802e-05 0.000707083 0.0149464 0.421756 0.0422439 0.000759476 0.0789235 0.00449924 0.00271169 0.0411197 0.00203136 0.00857795 0.0760226 0.240761 6.14118e-09 
0.00352857 0.0167426 0.0254088 5.74635e-06 0.00032463 1.55615e-12 0.000166486 0.000245552 0.602635 0.00937226 2.78884e-05 0.0720993 0.00119612 0.00035026 0.136151 0.00546 0.000216796 0.107218 0.0188513 2.17924e-12 
0.0322983 0.00418482 0.0467876 0.000312423 0.00888039 4.19707e-06 0.0103118 0.0166274 0.43447 0.0478056 0.00390753 0.076159 0.0132267 0.0244204 0.0916718 0.00154582 0.00605938 0.0435649 0.137762 1.73182e-07 
0.00377015 0.043582 0.112981 2.41957e-05 0.00267789 8.71784e-08 0.000411485 0.0266801 0.417384 0.0951654 0.000544192 0.0387286 0.033608 0.000413218 0.0768217 0.0139671 0.000135833 0.107816 0.0252889 1.15793e-08 
0.0135359 2.17827e-05 0.0102873 0.000330254 0.000553652 9.41822e-06 0.000305995 0.00204021 0.37834 0.00190034 4.62405e-05 0.0580602 0.000814668 0.0525509 0.0926745 5.45559e-05 0.00939167 0.0296384 0.349444 3.29584e-09 
0.0224263 0.0573295 0.0143934 0.000137069 0.0280289 3.57643e-05 0.074434 0.018748 0.370658 0.0275282 0.000111712 0.0555086 0.0195101 0.00126255 0.0582715 0.012071 0.000230285 0.132312 0.106926 7.80795e-05 
0.00990144 0.000165482 0.00319831 0.00398865 0.000850165 8.2001e-07 0.000784131 0.000204305 0.907338 0.0119801 6.74853e-05 0.00633447 0.00144797 0.00288018 0.00098719 0.00179475 0.0165702 0.0117786 0.0197276 3.97857e-10 
0.00277183 0.000263582 0.00197119 7.50869e-05 0.000580496 1.60778e-07 0.000566694 6.53764e-05 0.961882 0.00533615 1.67364e-05 0.0116134 4.02882e-05 0.00442974 0.000250114 0.000189047 0.00104647 0.00237281 0.00652871 4.437e-11 
0.0996431 0.000832899 0.0117441 0.00974429 0.00391023 1.16153e-12 0.000224744 0.00739198 0.294708 0.0133428 9.98704e-05 0.0756947 0.000840325 0.00284246 0.0528167 0.0153785 0.00376642 0.268165 0.138854 2.39172e-11 
0.00578453 0.000352294 0.0291692 0.000438976 0.00284002 5.87882e-08 0.000115284 0.0052527 0.39971 0.0302816 6.37075e-05 0.0409374 0.000275621 0.00217018 0.0153303 0.0273821 0.00414402 0.339668 0.0960815 2.8511e-06 
0.0150793 0.065743 0.0817833 7.82425e-06 0.00765591 0.000174385 0.00040447 0.0127869 0.252156 0.0491668 0.00634987 0.053824 0.0387601 0.00641364 0.0546326 0.00123866 0.000195422 0.209391 0.144172 6.45073e-05 
0.00138699 0.00191033 0.0296224 5.2043e-06 0.00109689 5.00292e-07 2.58854e-05 0.00168925 0.566805 0.0151438 1.82122e-05 0.0222608 0.000185118 0.000330986 0.0372126 0.00631383 5.99079e-06 0.305446 0.0105398 2.79182e-07 
0.0719482 0.000124456 0.00573033 0.00443485 0.00347977 5.67201e-06 0.000356296 0.0221189 0.583559 0.00619563 0.00134871 0.00926965 0.00131695 0.00557758 0.00332764 8.1265e-05 0.0085097 0.0124886 0.260127 6.69794e-10 
0.0306491 0.000193479 0.021359 9.79983e-05 0.00057962 0.000602116 1.78348e-05 0.00291438 0.37698 0.0124767 0.0370185 0.0404287 0.206649 0.183569 0.00391627 2.85421e-05 0.0337684 0.00905784 0.0396933 6.73193e-08 
0.00974066 0.000113928 0.00256393 0.000783034 0.000834192 1.20005e-06 0.000785564 0.0021178 0.908927 0.0013951 0.000260697 0.00308628 0.00179688 0.00726317 6.29815e-05 0.000369471 0.0261178 0.000210939 0.0335697 9.42208e-10 
0.00232516 0.000371062 0.124862 3.22541e-05 0.00707425 6.78843e-05 4.58428e-05 0.0130678 0.487847 0.00854844 0.000109996 0.02904 0.00402349 0.0010156 0.0548539 0.0043529 0.000135029 0.158326 0.103902 1.49534e-07 
0.00130589 0.000824337 0.0160004 3.59776e-05 0.00828511 1.50419e-05 0.000395078 0.0134193 0.391035 0.00547349 0.000401424 0.0227488 0.0113881 1.7097e-05 0.100541 0.000776323 7.75749e-05 0.308808 0.118453 1.87363e-09 
0.00138699 0.00191033 0.0296224 5.2043e-06 0.00109689 5.00292e-07 2.58854e-05 0.00168925 0.566805 0.0151438 1.82122e-05 0.0222608 0.000185118 0.000330986 0.0372126 0.00631383 5.99079e-06 0.305446 0.0105398 2.79182e-07 
0.000713496 0.000180726 0.0145562 2.26251e-06 0.00129106 2.88927e-07 4.51108e-05 0.00401204 0.59684 0.00474289 4.92525e-05 0.0112753 4.02455e-05 1.73792e-05 0.0531473 0.000755875 5.65755e-05 0.307376 0.00489854 1.40048e-11 
0.00480581 0.00801168 0.0293027 3.31491e-06 0.0214969 1.364e-05 0.000410219 0.00724027 0.516884 0.0485156 0.00276398 0.0708189 0.00562607 0.000123535 0.0548918 0.000428426 4.27617e-05 0.134889 0.093731 6.78303e-09 
0.000713496 0.000180726 0.0145562 2.26251e-06 0.00129106 2.88927e-07 4.51108e-05 0.00401204 0.59684 0.00474289 4.92525e-05 0.0112753 4.02455e-05 1.73792e-05 0.0531473 0.000755875 5.65755e-05 0.307376 0.00489854 1.40048e-11 
0.00655797 0.00165268 0.0098221 0.00111074 0.000375233 3.55994e-06 2.54493e-05 8.63843e-05 0.914191 0.00533184 3.4889e-06 0.0156222 0.00064901 6.96779e-08 0.00492751 0.0147494 0.00284507 0.0197871 0.00225869 8.98689e-11 
0.0186204 0.00103943 0.0149779 1.15845e-06 0.00423819 5.13831e-06 6.61228e-05 0.000238526 0.644097 0.043962 0.000124071 0.0414812 0.00122668 0.00069923 0.0650756 0.0034559 0.000213403 0.135329 0.0251493 5.14422e-11 
0.00469108 0.00032412 0.005898 8.33252e-05 0.00609323 5.3105e-05 0.00316115 0.00179489 0.496856 0.00443785 9.41713e-06 0.0258832 0.0325676 0.000287155 0.0450416 6.35696e-05 7.11701e-05 0.172706 0.199977 1.74461e-07 
0.00147484 0.000186341 0.0162048 2.82085e-05 0.019335 7.59935e-05 0.00286008 0.0160471 0.504451 0.00673671 0.000173778 0.0108484 0.0031629 0.000223004 0.0114103 0.000632451 7.38356e-05 0.278804 0.127271 9.97437e-08 
0.000716154 0.000304081 0.00609839 1.56351e-08 0.00144981 1.47821e-05 8.76865e-05 0.00975462 0.786855 0.00258329 4.25364e-08 0.00731782 0.00154185 0.00160172 0.0479323 0.00869922 0.000252415 0.0805094 0.0442815 1.20171e-08 
0.0374847 0.0030816 0.0265967 0.000679397 0.0192954 6.81987e-06 0.00280077 0.006894 0.339032 0.0230525 0.000754697 0.13689 0.00658528 0.00226622 0.179514 0.00124115 0.00131454 0.0996216 0.112889 1.14869e-07 
0.00876651 4.70063e-05 0.0467377 0.000158651 0.0975521 2.27156e-05 0.000239005 0.000208 0.663077 0.00225747 2.93492e-07 0.0116549 0.00377329 0.0971999 0.0039425 3.06145e-07 0.00107293 0.00434166 0.0589478 8.5518e-10 
0.0696754 0.00143147 0.0756573 4.61638e-05 0.00696567 6.06809e-07 0.000107718 1.12122e-05 0.369817 0.0012558 8.50364e-08 0.205751 1.31042e-06 3.12437e-05 0.00173709 0.0003985 0.0247315 0.240856 0.00152438 9.99244e-07 
0.0118275 0.00266344 0.0245332 2.52925e-05 0.00187644 1.69906e-07 6.39787e-05 0.000752058 0.597014 0.0309543 0.00350919 0.0176183 0.0119259 0.000132844 0.194837 0.0454608 0.000409671 0.0382728 0.0181228 1.80806e-11 
0.00436798 0.000566444 0.00412964 2.78841e-05 0.0017328 4.11161e-07 0.000268021 0.00305941 0.889155 0.0114054 3.30284e-05 0.0154322 1.62337e-08 0.00264844 0.00428826 0.000250487 0.000397569 0.0521611 0.0100756 1.23684e-12 
0.01123 0.00063532 0.00468314 0.00244669 0.00243496 2.88543e-06 0.000816499 0.044459 0.80207 0.00790656 9.59254e-05 0.0380453 0.000639549 0.0107941 0.00117098 0.000526072 0.0128169 0.0227147 0.0365111 2.86002e-10 
0.00230325 0.000377088 0.00417848 1.0867e-05 0.00126557 6.93943e-06 0.00023653 0.0288312 0.539362 0.004245 2.60372e-05 0.0190656 0.00249161 0.00166738 0.08281 0.00201932 9.24143e-05 0.178112 0.132898 7.24048e-07 
0.00703957 0.00394472 0.00657162 7.51226e-06 0.00518752 2.30378e-05 0.00177122 0.00464069 0.665522 0.0332838 2.76369e-09 0.0454684 0.00396123 0.000323416 0.123929 0.00028459 1.78054e-05 0.0756419 0.0223827 4.52429e-09 
0.0155585 0.000422223 0.0224174 5.13305e-06 0.0118181 0.00155808 0.00240857 0.0175541 0.523757 0.00371576 0.000432598 0.0303905 0.00232741 7.19577e-05 0.0305801 0.000663473 2.83655e-05 0.2911 0.0451907 4.05222e-12 
0.0801078 0.00117209 0.0497676 0.00364223 0.0493014 6.27541e-06 0.000157388 0.0185547 0.241134 0.0278877 0.10813 0.0427511 0.00181205 0.00478061 0.0389896 0.0101632 0.015269 0.181368 0.125005 1.24519e-08 
0.00248676 0.0015595 0.0247545 0.00401282 0.00264557 9.43847e-06 0.000110003 0.0175319 0.655184 0.0127074 5.4869e-05 0.00559109 0.000365198 0.00183706 0.0324651 0.0061024 6.92381e-05 0.211531 0.0209831 1.216e-08 
0.00528536 0.000286056 0.194251 0.000258643 0.0459373 9.48437e-06 0.000362467 0.000389608 0.428222 0.00682533 1.28635e-05 0.0522111 0.00523487 0.056665 0.0873081 0.00259582 0.00135119 0.0308054 0.0819892 4.2418e-10 
0.00703957 0.00394472 0.00657162 7.51226e-06 0.00518752 2.30378e-05 0.00177122 0.00464069 0.665522 0.0332838 2.76369e-09 0.0454684 0.00396123 0.000323416 0.123929 0.00028459 1.78054e-05 0.0756419 0.0223827 4.52429e-09 
0.00258687 0.000171369 0.00127108 2.31609e-05 0.000207732 9.67918e-08 0.000384524 6.96894e-05 0.960144 0.00425972 4.05942e-07 0.00951605 1.32257e-08 0.00317309 0.00167923 9.07204e-05 0.000518151 0.00745472 0.00844944 8.97507e-10 
0.0586521 0.0380109 0.177657 9.82842e-05 0.0402857 8.45973e-05 0.000912643 0.0059948 0.314913 0.101866 0.0850762 0.0491678 0.00798244 0.00184154 0.00198963 0.000383049 4.53347e-06 0.1042 0.0108795 2.57512e-08 
0.00501924 0.000350245 0.00510167 0.000551148 0.00230048 1.03717e-06 0.000356468 0.00368292 0.907202 0.00863941 0.000184119 0.00831199 0.000683517 0.00384489 0.00127999 0.000402137 0.0120296 0.0281305 0.0119283 8.86278e-09 
0.0005446 0.000374527 0.00580965 9.32054e-07 0.00306663 8.79341e-06 0.000223911 0.0122536 0.663747 0.00368248 4.98437e-05 0.00981129 0.00144512 0.000106722 0.018309 0.000577981 4.9134e-05 0.22144 0.0584989 6.75056e-13 
0.000713496 0.000180726 0.0145562 2.26251e-06 0.00129106 2.88927e-07 4.51108e-05 0.00401204 0.59684 0.00474289 4.92525e-05 0.0112753 4.02455e-05 1.73792e-05 0.0531473 0.000755875 5.65755e-05 0.307376 0.00489854 1.40048e-11 
0.0159199 0.0148841 0.0231977 0.000407119 0.0167831 9.55e-06 0.000356293 0.0101475 0.392999 0.0535865 0.00254135 0.0913712 0.00436957 0.000532189 0.0494104 0.000817387 2.97057e-05 0.185486 0.137151 8.30804e-09 
0.00891664 0.00143214 0.0263208 1.90649e-10 0.00343818 5.81502e-06 1.0824e-05 0.000274855 0.413436 0.0478817 0.000162747 0.0309868 0.000280989 9.17777e-05 0.214433 0.00153301 5.46887e-06 0.229797 0.0209926 2.11194e-10 
0.0126456 0.00121827 0.0141696 3.93439e-06 0.00877699 9.24066e-08 0.00013629 9.22544e-05 0.840361 0.00625642 1.42066e-06 0.018574 0.00104278 0.00057128 0.0107301 0.000605135 0.00010126 0.0689956 0.0157166 8.09048e-07 
0.00117183 0.000567851 0.00704693 6.04455e-06 0.00231038 1.28585e-05 0.000418993 0.0122388 0.840234 0.00375312 0.000129291 0.00723671 0.00163658 0.000864111 0.0175714 0.00499643 0.000297886 0.0602403 0.0392669 5.92038e-11 
0.0105497 0.000613175 0.00414068 1.87685e-05 0.00340786 4.59163e-05 0.00297475 0.00877157 0.76637 0.00459111 4.66896e-09 0.027045 0.00872889 0.000746735 0.0901713 2.02785e-05 1.71621e-05 0.0370945 0.0346925 6.94544e-09 
0.000313987 5.71282e-05 0.00392297 9.99335e-07 0.00530733 5.56191e-05 0.000326372 0.0184159 0.743396 0.00133635 2.3943e-08 0.00282699 0.00106329 5.39797e-05 0.0131352 0.000592094 1.43044e-05 0.16313 0.0460511 1.12676e-12 
0.0255903 6.84795e-05 0.0103395 0.000115401 3.04673e-05 0.00022761 8.71659e-05 0.000464977 0.625482 0.064559 0.0191287 0.00859573 0.154549 0.00757035 0.000398569 0.0188965 0.00995693 0.0235372 0.0304009 3.22227e-07 
0.023461 0.00422178 0.121994 7.30377e-05 0.0189702 0.0134363 0.000299758 0.0137327 0.243118 0.03006 0.0029376 0.136547 0.0164726 0.000972628 0.0847606 0.0142709 0.000266295 0.141174 0.131959 0.00127131 
0.177414 0.0036909 0.0200343 0.00399013 0.0131132 0.000148792 5.73492e-05 0.00240418 0.239285 0.0184483 0.213141 0.0162193 0.00869279 0.0336858 0.00826887 0.000617912 0.0288393 0.0232163 0.18873 1.6433e-06 
0.0852231 0.0620984 0.0117898 0.000509115 0.000142317 7.0421e-08 0.00247983 0.00234658 0.338509 0.0460077 0.0042053 0.0023718 0.0262638 0.328798 0.000655249 0.000197498 0.0208418 0.00175995 0.0658002 4.43378e-10 
0.0887589 0.00130525 0.0425308 0.00220707 0.0293214 0.000246108 1.65002e-05 0.0030342 0.290592 0.00523948 0.00030961 0.0471344 0.000281386 0.00112607 0.0139506 0.0167275 0.142729 0.219259 0.0952309 4.28765e-08 
0.0116986 0.00238153 0.00767652 1.24503e-05 4.50328e-05 1.76912e-06 3.61956e-05 0.000391947 0.605785 0.00330933 2.33996e-06 0.0515585 0.000607108 0.000331154 0.0456555 0.00510445 4.44343e-06 0.258316 0.00708146 5.10165e-11 
0.00480581 0.00801168 0.0293027 3.31491e-06 0.0214969 1.364e-05 0.000410219 0.00724027 0.516884 0.0485156 0.00276398 0.0708189 0.00562607 0.000123535 0.0548918 0.000428426 4.27617e-05 0.134889 0.093731 6.78303e-09 
0.0566577 0.026605 0.0664536 0.00206241 0.00696823 3.01338e-07 0.014632 0.0420278 0.216608 0.140545 4.78491e-05 0.140428 0.0248466 0.010671 0.0181856 0.0250655 0.000493128 0.169634 0.0380678 1.31635e-09 
0.255917 5.64826e-06 5.64905e-06 0.011851 0.225387 5.64269e-06 5.64448e-06 5.64931e-06 0.302796 5.6499e-06 5.64408e-06 5.64981e-06 5.64859e-06 5.64527e-06 5.64946e-06 5.64771e-06 5.6486e-06 0.148032 0.0559378 5.63956e-06 
0.00258687 0.000171369 0.00127108 2.31609e-05 0.000207732 9.67918e-08 0.000384524 6.96894e-05 0.960144 0.00425972 4.05942e-07 0.00951605 1.32257e-08 0.00317309 0.00167923 9.07204e-05 0.000518151 0.00745472 0.00844944 8.97507e-10 
0.000771435 4.34632e-05 0.00617533 1.8133e-08 0.000888289 7.12143e-06 0.000359106 0.00445429 0.889989 0.00269097 9.00974e-13 0.0073974 0.000756425 0.00195376 0.0152188 0.0113427 0.000193828 0.0346968 0.0230615 1.53255e-12 
0.0010901 0.00905244 0.0308482 3.11932e-08 0.000652879 0.000197631 0.00655372 0.00964834 0.474849 0.0615236 0.192958 0.0664068 0.0824839 0.00592188 8.25051e-07 0.00442241 0.00793384 2.66123e-07 0.0454559 6.74251e-10 
0.0153186 0.0120669 0.0875699 7.28147e-06 0.00359316 2.09806e-06 2.74904e-05 9.3118e-05 0.539312 0.0260788 0.00034907 0.0273154 0.00130666 0.00118304 0.0190115 0.000512694 0.000671822 0.21989 0.04569 1.88125e-10 
0.0177574 0.000168136 0.00493673 3.54976e-07 0.00615998 2.671e-07 9.73741e-06 1.60839e-05 0.504221 0.0292697 8.66389e-08 0.196999 0.000178636 0.000341851 0.0547696 5.64816e-05 0.000188058 0.113894 0.0710193 1.39432e-05 
0.0452491 0.017632 0.0277355 0.00529438 0.0104619 0.000138844 0.0503299 0.0176 0.234612 0.049483 0.00339273 0.153579 0.0164476 0.00145464 0.100369 0.00616089 0.00965379 0.182177 0.0680601 0.000168683 
0.0225767 0.00836442 0.253808 8.32314e-05 0.0232109 0.000120232 0.00354282 3.5453e-07 0.322882 0.0175094 0.0508566 0.0977362 0.0688923 0.000445908 0.0145987 1.25025e-06 1.54903e-07 0.0976399 0.0177245 7.19157e-06 
0.00727265 0.0677625 0.00342825 9.81599e-07 0.000744925 2.40988e-06 0.000266736 0.00287598 0.50027 0.135857 2.53039e-08 0.0136274 0.00514028 0.0107392 0.0113589 0.00513606 0.000293113 0.162422 0.072802 1.49796e-11 
0.000713496 0.000180726 0.0145562 2.26251e-06 0.00129106 2.88927e-07 4.51108e-05 0.00401204 0.59684 0.00474289 4.92525e-05 0.0112753 4.02455e-05 1.73792e-05 0.0531473 0.000755875 5.65755e-05 0.307376 0.00489854 1.40048e-11 
0.0292858 0.000248645 0.00573779 4.83399e-06 0.00367923 1.57388e-07 5.53716e-05 0.00808997 0.721032 0.0249139 2.06663e-05 0.0446334 2.20864e-05 0.00173312 0.00247163 0.000669097 0.000485241 0.14087 0.0160476 8.57168e-12 
0.00956429 0.00116479 0.0119896 1.38191e-05 0.00070373 2.85282e-06 6.32835e-05 0.00317916 0.806365 0.00680237 0.000309542 0.0163439 0.00522839 0.000714182 0.0159845 0.0222235 0.0396716 0.0393235 0.0203519 2.27911e-08 
0.00169648 0.000441652 0.00330542 3.45111e-05 0.00152076 4.4614e-07 0.000304722 0.00132607 0.89842 0.00760531 7.5774e-05 0.0117793 0.000226719 0.00158103 0.00288097 0.000475836 0.000434754 0.0509434 0.0169463 1.54396e-10 
0.00703957 0.00394472 0.00657162 7.51226e-06 0.00518752 2.30378e-05 0.00177122 0.00464069 0.665522 0.0332838 2.76369e-09 0.0454684 0.00396123 0.000323416 0.123929 0.00028459 1.78054e-05 0.0756419 0.0223827 4.52429e-09 
0.091806 0.0143865 0.0153219 0.000648043 0.0191275 1.03054e-06 0.00483947 0.00426622 0.456453 0.0263382 7.25345e-05 0.141396 0.000341972 0.00117102 0.0282444 0.00147624 0.000635991 0.135864 0.0576106 1.36128e-10 
0.229565 0.000888125 0.126327 0.00306218 0.00742007 7.59139e-07 0.000471543 0.000122446 0.267818 0.0199325 1.21015e-05 0.0724964 3.90268e-05 0.00694312 0.00760283 0.0132705 0.0379018 0.163234 0.0427841 0.000109178 
0.000895836 3.81206e-05 0.00428963 0.000308069 0.0123006 3.22441e-06 0.00058101 0.000813028 0.505832 0.00108385 2.53008e-06 0.00165242 0.000116191 0.000503355 0.00157533 1.05558e-05 6.89139e-07 0.203125 0.266457 0.000411073 
0.0103539 7.58324e-05 0.00257249 0.00121874 0.000454706 3.31627e-09 0.000890747 0.000452979 0.876265 0.00334876 3.91583e-06 0.00681634 0.000254839 0.0428907 0.00207562 0.000179919 0.0139274 0.0134015 0.0248165 2.32575e-11 
0.0488101 0.0290107 0.0024688 2.72476e-06 0.0133715 1.68539e-05 0.000418847 0.00585584 0.507989 0.0280632 1.44797e-05 0.0747297 0.0139433 0.00016749 0.0606572 6.54096e-05 5.11126e-05 0.104647 0.109717 5.86545e-08 
0.001232 0.000273543 0.0826027 7.28245e-06 0.00142657 4.55324e-07 3.3717e-05 0.00427721 0.588898 0.00511982 3.85528e-05 0.0209328 3.04857e-05 3.59369e-05 0.0557082 0.000992177 1.42385e-05 0.232279 0.00609694 8.63156e-10 
0.0281651 0.000300206 0.00305537 1.71036e-05 0.00144116 6.4108e-09 4.20782e-07 0.00151006 0.497931 0.050079 1.40615e-06 0.0213499 3.43893e-06 1.52572e-05 0.0146711 0.0424731 1.74488e-06 0.335181 0.00380376 8.97775e-09 
0.00138699 0.00191033 0.0296224 5.2043e-06 0.00109689 5.00292e-07 2.58854e-05 0.00168925 0.566805 0.0151438 1.82122e-05 0.0222608 0.000185118 0.000330986 0.0372126 0.00631383 5.99079e-06 0.305446 0.0105398 2.79182e-07 
0.00149684 0.000303376 0.0130765 4.3655e-06 0.000800144 9.26006e-07 4.82766e-05 0.00212445 0.627557 0.0189576 1.50326e-05 0.00969521 0.000345483 0.000508364 0.0314894 0.0100893 1.11711e-05 0.270886 0.0125899 2.93105e-07 
0.143401 0.0158833 0.015786 0.00761013 0.0102584 1.35835e-06 0.000265215 0.0155823 0.305871 0.0587011 0.00248808 0.0935596 0.00674008 0.0380893 0.00972767 0.00447822 0.0129483 0.152695 0.105913 1.23243e-06 
0.0184288 0.0293014 0.0481944 0.00793885 0.00339693 0.00102619 0.212528 0.0169508 0.224896 0.0969833 0.00223584 0.0260986 0.0541118 0.0165656 0.0321784 0.00992478 0.00363955 0.0758926 0.117677 0.00203102 
0.00650058 4.10291e-05 0.00303905 0.000115769 0.00104592 2.41096e-05 0.000720318 0.00104622 0.931688 0.0162917 6.09428e-06 0.0122398 0.000127307 0.00366729 0.00014875 0.000310572 0.000270358 0.00216909 0.0205484 8.79049e-12 
0.00138699 0.00191033 0.0296224 5.2043e-06 0.00109689 5.00292e-07 2.58854e-05 0.00168925 0.566805 0.0151438 1.82122e-05 0.0222608 0.000185118 0.000330986 0.0372126 0.00631383 5.99079e-06 0.305446 0.0105398 2.79182e-07 
