0.011131 0.00260573 0.00678839 5.5155e-05 0.0015988 2.42853e-05 0.00106491 0.000498242 0.856583 0.0519801 5.03942e-05 0.0165308 0.003773 0.00294351 0.00143974 0.00575044 0.00042701 0.00902237 0.0277329 1.23209e-11 
0.0844358 0.00523998 0.0117123 0.000328133 0.0146003 0.00202661 0.000224021 0.0021875 0.332312 0.0116389 0.000154477 0.251204 0.00300033 0.000333184 0.0278792 0.00194615 0.000625701 0.098243 0.151811 9.71538e-05 
0.0327271 0.00510658 0.182308 0.0002217 0.00699863 6.59124e-05 0.000546678 0.0215619 0.254613 0.0590423 0.0392505 0.127732 0.00662815 0.00367 0.149405 0.00436125 0.00222589 0.0605284 0.0430053 1.57727e-06 
0.0158857 0.133733 0.0123933 0.00010038 0.00201991 2.32482e-05 0.000104752 0.00228695 0.383649 0.074141 0.0036557 0.086746 0.00301823 0.000550365 0.0268254 0.00526239 0.000247774 0.241241 0.00811548 2.57716e-10 
0.00149684 0.000303376 0.0130765 4.3655e-06 0.000800144 9.26006e-07 4.82766e-05 0.00212445 0.627557 0.0189576 1.50326e-05 0.00969521 0.000345483 0.000508364 0.0314894 0.0100893 1.11711e-05 0.270886 0.0125899 2.93105e-07 
0.00227065 0.00317613 0.0103679 9.13575e-06 0.000723657 4.58124e-06 0.00027951 0.0111948 0.670258 0.0174541 0.000133737 0.0358207 0.000951468 0.000352635 0.10247 0.00665641 4.3843e-05 0.127244 0.0105885 1.17933e-10 
0.0017255 0.0122089 0.00413039 2.19801e-09 0.00107088 2.5939e-05 0.278908 0.00710533 0.543406 0.0355235 3.0356e-07 0.00871843 0.00297532 6.92782e-05 0.0141743 0.00176472 0.000133117 0.0503902 0.0376697 1.42203e-11 
0.0798969 0.0121037 0.014973 0.000106529 0.0100651 3.8644e-06 2.86041e-05 0.014564 0.215948 0.179336 0.043809 0.00113992 0.0375709 0.00206579 0.0486981 0.0835245 0.00696599 0.170864 0.0783359 3.2181e-08 
0.00575491 0.0465412 0.0224342 1.00671e-05 0.00385707 2.93642e-05 0.00142495 0.00252815 0.310637 0.0392474 8.37401e-05 0.263995 0.00352781 0.0187835 0.115941 0.000896393 0.000308271 0.0364304 0.12757 2.01695e-08 
0.0166564 0.00146707 0.00927015 0.00363149 0.00232942 5.00871e-06 0.00070405 0.0146945 0.634196 0.144585 0.000166364 0.0198518 0.00203801 0.00494629 0.0212862 0.0616122 0.00287289 0.0422231 0.0174642 3.02776e-08 
0.00295485 7.2102e-05 0.0977937 2.47294e-08 0.000587101 7.10438e-12 3.41681e-08 0.000115993 0.577021 1.97726e-08 5.32552e-09 0.0530088 1.33846e-08 0.000177475 0.00960818 0.0795655 0.000620947 0.176445 0.00202956 9.94904e-12 
0.00703957 0.00394472 0.00657162 7.51226e-06 0.00518752 2.30378e-05 0.00177122 0.00464069 0.665522 0.0332838 2.76369e-09 0.0454684 0.00396123 0.000323416 0.123929 0.00028459 1.78054e-05 0.0756419 0.0223827 4.52429e-09 
0.00032127 0.000205817 0.00348616 6.66698e-07 0.00380941 4.15959e-05 0.000270895 0.0127082 0.769826 0.0024261 1.83255e-08 0.0040981 0.000708862 7.16932e-05 0.0135183 0.000532092 2.2479e-05 0.145445 0.0425078 9.98065e-13 
0.00231398 0.000758053 0.00156468 2.48559e-05 0.000820381 7.09645e-08 0.000278829 0.00138114 0.866248 0.0196766 1.39777e-05 0.0245301 2.20913e-08 0.00175578 0.00488596 0.00173002 0.000547123 0.0614595 0.0120106 1.1604e-08 
0.00276293 0.0179655 0.0477441 0.0002645 0.00208912 1.75112e-05 0.000122147 0.000765191 0.381362 0.0925502 0.0024921 0.0895939 0.00764297 0.000423882 0.0937382 0.00657819 0.000209646 0.083414 0.170264 1.48013e-10 
0.0103728 0.00210002 0.0229543 0.000301811 0.0166355 5.00172e-06 0.000467286 0.128151 0.462713 0.0352925 0.000133835 0.0382227 0.00806066 0.00308035 0.128106 0.0374927 0.00379478 0.0517901 0.050326 5.4873e-09 
0.00463953 0.00123453 0.00320374 5.48585e-06 0.0280545 3.0964e-05 0.000660104 0.0122387 0.564906 0.00653748 4.51132e-06 0.0350531 0.00380227 0.000336166 0.0633035 3.09767e-05 9.49374e-06 0.0765437 0.199405 4.67531e-09 
0.00184239 0.007009 0.0117556 0.000225533 0.0221543 1.2633e-05 0.00175124 0.116546 0.627329 0.0538729 0.000114583 0.0216507 0.000387824 0.0154933 0.000243962 0.000769103 0.000258463 0.0786962 0.0398866 3.64398e-08 
0.00650058 4.10291e-05 0.00303905 0.000115769 0.00104592 2.41096e-05 0.000720318 0.00104622 0.931688 0.0162917 6.09428e-06 0.0122398 0.000127307 0.00366729 0.00014875 0.000310572 0.000270358 0.00216909 0.0205484 8.79049e-12 
0.0809503 0.000780277 0.0361086 0.000244983 0.0176062 2.69333e-06 0.000508773 0.000223646 0.451113 0.0384071 0.000230386 0.0590905 0.0233352 0.00623374 0.112845 0.000754889 0.0294111 0.0819528 0.0602009 3.72502e-10 
0.00940481 0.000125478 0.00290619 3.67787e-05 0.0059027 9.20625e-07 0.000139189 0.000137014 0.86602 0.0784664 2.84468e-05 0.012268 2.97278e-06 0.000656302 0.000119646 0.000481559 0.000983465 0.0192336 0.0030862 1.00045e-09 
0.0374719 0.000320505 0.0051359 0.03128 0.00848079 2.28991e-07 0.00111367 0.00207748 0.725168 0.00602456 0.00137463 0.0504119 2.59134e-05 0.00173147 0.00174579 0.00137275 0.000456854 0.0711947 0.054613 1.15802e-09 
0.00087857 0.000241693 0.0161754 8.2235e-05 0.00575283 0.000139888 7.18437e-05 0.0864267 0.54263 0.0168286 1.14174e-05 0.0121292 0.00341987 0.00178854 0.0295871 0.0168887 8.12492e-05 0.17672 0.0901461 2.97112e-12 
0.00169648 0.000441652 0.00330542 3.45111e-05 0.00152076 4.4614e-07 0.000304722 0.00132607 0.89842 0.00760531 7.5774e-05 0.0117793 0.000226719 0.00158103 0.00288097 0.000475836 0.000434754 0.0509434 0.0169463 1.54396e-10 
0.0247386 0.00521345 0.0509351 3.24759e-05 0.0273627 6.52742e-11 8.7984e-06 0.144479 0.371641 0.0299184 1.38884e-05 0.0369172 0.00214872 2.60621e-05 0.0715528 0.00138336 0.000551248 0.209795 0.023282 9.14106e-11 
0.0491384 0.000906493 0.104035 0.0108689 0.0049797 2.85387e-05 0.00161243 0.0909935 0.199281 0.022817 0.00106518 0.0556788 0.119214 0.00118964 0.12809 0.00095652 0.00621617 0.0352379 0.16769 5.2618e-07 
0.0184087 0.000409464 0.00217465 0.00273377 0.00096927 2.38211e-06 0.0566425 0.00312689 0.799125 0.00846004 0.000107121 0.0243681 0.00128901 0.00654285 0.000999066 0.000696741 0.0287591 0.0126731 0.0325118 4.17937e-10 
0.00149684 0.000303376 0.0130765 4.3655e-06 0.000800144 9.26006e-07 4.82766e-05 0.00212445 0.627557 0.0189576 1.50326e-05 0.00969521 0.000345483 0.000508364 0.0314894 0.0100893 1.11711e-05 0.270886 0.0125899 2.93105e-07 
0.00703957 0.00394472 0.00657162 7.51226e-06 0.00518752 2.30378e-05 0.00177122 0.00464069 0.665522 0.0332838 2.76369e-09 0.0454684 0.00396123 0.000323416 0.123929 0.00028459 1.78054e-05 0.0756419 0.0223827 4.52429e-09 
0.0329944 0.00904641 0.0485878 0.000315307 0.00939666 0.000318454 0.000127225 0.00199522 0.650308 0.0472206 0.00123467 0.0430357 0.0463196 0.00722338 0.00239515 0.00693099 0.00980109 0.00994783 0.0728014 1.42847e-09 
0.145319 0.000504691 0.00774692 0.000298632 0.00533008 2.03519e-06 0.000200679 0.00138765 0.578256 0.0564238 2.29432e-05 0.0215924 0.000752012 0.0569015 0.00326558 0.000179227 0.00581082 0.0750677 0.0409382 1.05858e-07 
0.219451 3.45565e-05 7.5127e-05 0.00255223 0.0758832 3.68544e-06 1.39436e-08 2.51959e-05 0.628209 8.95931e-05 1.48559e-08 0.00193261 4.41468e-09 1.21666e-08 2.39396e-09 0.00287352 2.49431e-06 0.0688614 6.14898e-06 2.52698e-08 
0.000716154 0.000304081 0.00609839 1.56351e-08 0.00144981 1.47821e-05 8.76865e-05 0.00975462 0.786855 0.00258329 4.25364e-08 0.00731782 0.00154185 0.00160172 0.0479323 0.00869922 0.000252415 0.0805094 0.0442815 1.20171e-08 
0.000713496 0.000180726 0.0145562 2.26251e-06 0.00129106 2.88927e-07 4.51108e-05 0.00401204 0.59684 0.00474289 4.92525e-05 0.0112753 4.02455e-05 1.73792e-05 0.0531473 0.000755875 5.65755e-05 0.307376 0.00489854 1.40048e-11 
0.00892611 0.00148445 0.0211751 6.38206e-05 0.00405904 3.17719e-06 0.00080123 0.0127406 0.523387 0.0226748 0.000332346 0.0345416 0.00247311 0.000588203 0.153391 0.00133315 9.64036e-05 0.191498 0.0204314 8.00353e-09 
0.00411103 0.00128872 0.00811406 1.66801e-12 0.00196216 2.36726e-05 0.00015559 2.33262e-05 0.771626 0.034234 7.54421e-09 0.0181577 0.00600117 0.00031557 0.0442892 0.00568645 0.000119397 0.0571513 0.0467402 1.84776e-12 
0.0590625 7.64319e-05 0.0122303 0.000536269 0.010054 0.000126204 0.000424268 8.42665e-05 0.466808 0.0198108 0.00454811 0.0275995 0.0488922 0.0306772 0.012774 0.00208879 0.209027 0.0575721 0.0376064 1.39667e-06 
0.0538417 0.00418622 0.0243697 0.00390018 0.00351076 0.00137828 9.16193e-05 0.00181974 0.647337 0.0442861 0.00567699 0.0271916 0.00790761 0.0257414 0.00882851 0.00128376 0.0055243 0.0771757 0.055949 2.18496e-08 
0.0290345 0.00149513 0.0269923 0.00630789 0.00859452 3.96812e-07 0.00661603 0.0140938 0.557161 0.0803558 0.000283619 0.0328043 0.0238349 0.00803123 0.0582242 0.00409606 0.00923198 0.0619389 0.0709031 2.38952e-09 
0.204649 0.00560092 0.0180074 1.28449e-05 0.00776041 1.38591e-07 0.0016341 0.000271752 0.406845 0.0540528 9.08313e-05 0.019674 0.00207013 0.00255469 0.00356083 0.00301746 0.153478 0.104194 0.0125103 1.54509e-05 
0.00149684 0.000303376 0.0130765 4.3655e-06 0.000800144 9.26006e-07 4.82766e-05 0.00212445 0.627557 0.0189576 1.50326e-05 0.00969521 0.000345483 0.000508364 0.0314894 0.0100893 1.11711e-05 0.270886 0.0125899 2.93105e-07 
0.000713496 0.000180726 0.0145562 2.26251e-06 0.00129106 2.88927e-07 4.51108e-05 0.00401204 0.59684 0.00474289 4.92525e-05 0.0112753 4.02455e-05 1.73792e-05 0.0531473 0.000755875 5.65755e-05 0.307376 0.00489854 1.40048e-11 
0.000716154 0.000304081 0.00609839 1.56351e-08 0.00144981 1.47821e-05 8.76865e-05 0.00975462 0.786855 0.00258329 4.25364e-08 0.00731782 0.00154185 0.00160172 0.0479323 0.00869922 0.000252415 0.0805094 0.0442815 1.20171e-08 
0.00658778 0.00775464 0.0439375 4.54151e-06 0.00787892 0.00014911 0.000299534 0.0102341 0.295961 0.288009 0.0104494 0.0906745 0.000564095 0.000777906 0.0100285 0.0536509 0.000208759 0.159143 0.0136634 2.31266e-05 
0.0585208 0.00665594 0.0286472 0.00112277 0.0122137 6.09264e-05 0.00544645 0.00489723 0.399811 0.0331052 0.0213296 0.055795 0.0189574 0.00565364 0.0205755 0.001301 0.0335082 0.166046 0.126352 4.21178e-08 
0.00246559 0.00470821 0.0264819 1.00752e-06 0.00179053 3.99186e-06 0.000149683 0.0197946 0.496755 0.0697503 0.000256427 0.00833546 0.000984619 0.000245653 0.0516687 0.0331789 0.00011811 0.280402 0.00290864 6.78539e-12 
0.00258687 0.000171369 0.00127108 2.31609e-05 0.000207732 9.67918e-08 0.000384524 6.96894e-05 0.960144 0.00425972 4.05942e-07 0.00951605 1.32257e-08 0.00317309 0.00167923 9.07204e-05 0.000518151 0.00745472 0.00844944 8.97507e-10 
0.0352326 0.00021529 0.0073117 9.00834e-06 0.00428534 8.48961e-08 7.43454e-05 0.000197866 0.776179 0.0170362 3.85362e-05 0.0488151 4.1208e-05 0.000830142 0.00191334 0.000990667 0.00078743 0.0916306 0.014412 4.10792e-12 
0.000255883 5.53321e-05 0.00597773 6.08471e-06 0.0467944 3.35333e-05 0.000625876 0.0106234 0.5961 0.0020502 5.44248e-10 0.0114074 0.00151463 0.000743022 0.0216573 0.00446361 5.87911e-05 0.162718 0.134915 1.07529e-07 
0.0259667 0.0220165 0.0142604 3.35572e-06 0.00219915 6.24618e-07 0.000567367 0.00623971 0.608219 0.0173885 0.000156216 0.0623501 0.000827166 0.00012009 0.0212148 0.00486788 7.031e-05 0.200573 0.0129593 1.36352e-08 
0.00650058 4.10291e-05 0.00303905 0.000115769 0.00104592 2.41096e-05 0.000720318 0.00104622 0.931688 0.0162917 6.09428e-06 0.0122398 0.000127307 0.00366729 0.00014875 0.000310572 0.000270358 0.00216909 0.0205484 8.79049e-12 
0.0166945 0.00662112 0.0194695 6.85588e-06 0.00852554 5.65911e-06 0.201419 0.0132044 0.329989 0.0576376 0.000810371 0.116511 0.0161093 0.0035104 0.07827 0.00541189 0.000927959 0.0722071 0.0526639 4.55599e-06 
0.0329934 0.00026333 0.0326021 0.00182199 0.0020217 4.43083e-05 0.000793408 0.000519573 0.512197 0.0192414 5.1068e-05 0.0223064 0.047017 0.00274312 0.0473438 0.0283281 0.00706065 0.156868 0.0857842 1.86286e-10 
0.00352857 0.0167426 0.0254088 5.74635e-06 0.00032463 1.55615e-12 0.000166486 0.000245552 0.602635 0.00937226 2.78884e-05 0.0720993 0.00119612 0.00035026 0.136151 0.00546 0.000216796 0.107218 0.0188513 2.17924e-12 
0.0076025 0.000415736 0.0110351 0.000433008 0.00363365 4.60505e-07 7.22395e-05 0.0676567 0.539993 0.0229114 0.000610063 0.0085599 0.000806455 0.00211507 0.0610826 0.0165848 0.00260943 0.208299 0.0455786 1.81175e-11 
0.128337 0.00306809 0.011689 3.61655e-05 0.0203855 1.28816e-07 0.000663327 0.00438566 0.453944 0.0177564 0.00873354 0.0448073 0.00842598 0.00588691 0.0245013 0.00144125 0.00108769 0.0877606 0.17709 1.20621e-07 
0.00914156 0.00910422 0.0104192 7.89907e-06 0.00673781 2.91648e-05 0.0428701 0.000868608 0.543394 0.0890931 0.000621147 0.0239809 0.000316769 0.00265708 0.00253735 0.206819 0.000677015 0.0327891 0.0179358 2.97688e-10 
3.49634e-06 6.65928e-07 0.00760848 4.88644e-07 8.36409e-07 7.62393e-08 7.04614e-07 5.93995e-07 0.491528 5.89127e-06 0.000405437 2.18384e-06 0.000479615 0.476559 4.33332e-07 5.69047e-07 0.0044451 2.22939e-12 0.018959 3.81171e-11 
0.00138699 0.00191033 0.0296224 5.2043e-06 0.00109689 5.00292e-07 2.58854e-05 0.00168925 0.566805 0.0151438 1.82122e-05 0.0222608 0.000185118 0.000330986 0.0372126 0.00631383 5.99079e-06 0.305446 0.0105398 2.79182e-07 
0.000313987 5.71282e-05 0.00392297 9.99335e-07 0.00530733 5.56191e-05 0.000326372 0.0184159 0.743396 0.00133635 2.3943e-08 0.00282699 0.00106329 5.39797e-05 0.0131352 0.000592094 1.43044e-05 0.16313 0.0460511 1.12676e-12 
0.0040412 0.000287468 0.0139655 1.98286e-05 0.00834293 0.000753843 0.00168529 0.00452381 0.345081 0.0062443 0.0131864 0.0570656 0.279412 0.00772313 0.000204344 0.000408003 0.0889913 0.0346885 0.133375 1.35689e-09 
0.02169 0.00460919 0.0231642 3.85877e-05 0.03442 4.39818e-05 0.00046967 0.0119784 0.336678 0.0324487 8.93674e-05 0.0479673 0.0403035 0.000422215 0.0472135 0.00110925 5.08347e-05 0.135718 0.261579 6.42399e-06 
0.00703957 0.00394472 0.00657162 7.51226e-06 0.00518752 2.30378e-05 0.00177122 0.00464069 0.665522 0.0332838 2.76369e-09 0.0454684 0.00396123 0.000323416 0.123929 0.00028459 1.78054e-05 0.0756419 0.0223827 4.52429e-09 
0.0105529 0.00390032 0.0431294 6.50146e-05 0.00104236 0.000438828 0.000383161 0.00985057 0.462307 0.175544 0.00045741 0.0447329 0.043611 0.00285284 0.0190717 0.0668957 0.000851574 0.0132118 0.101102 2.78648e-09 
0.000313987 5.71282e-05 0.00392297 9.99335e-07 0.00530733 5.56191e-05 0.000326372 0.0184159 0.743396 0.00133635 2.3943e-08 0.00282699 0.00106329 5.39797e-05 0.0131352 0.000592094 1.43044e-05 0.16313 0.0460511 1.12676e-12 
0.035597 0.00903594 0.0765326 0.000494256 0.00395343 2.88931e-05 0.000360497 0.00575263 0.504147 0.139341 0.00142162 0.0177496 0.00505036 0.0350443 0.0116452 0.00604292 0.00307408 0.0211568 0.123572 5.76439e-10 
0.0322983 0.00418482 0.0467876 0.000312423 0.00888039 4.19707e-06 0.0103118 0.0166274 0.43447 0.0478056 0.00390753 0.076159 0.0132267 0.0244204 0.0916718 0.00154582 0.00605938 0.0435649 0.137762 1.73182e-07 
0.0142617 0.00142718 0.0157511 1.69549e-05 0.00101131 3.8808e-06 7.53745e-05 0.00249461 0.774121 0.00699352 0.000470195 0.0135668 0.00788471 0.00109058 0.0161089 0.0332954 0.064506 0.0179101 0.0290106 3.6936e-08 
0.0118364 0.00115154 0.0128894 0.00124464 0.00490152 2.22124e-10 0.000212601 0.0556875 0.44605 0.0306069 0.000571076 0.024061 0.000321565 0.0035953 0.0235286 0.0253902 0.00893029 0.310834 0.0381871 7.97715e-12 
0.0534221 0.0407867 0.0214092 0.000561215 0.0392071 0.000112403 0.00362407 0.00335226 0.352839 0.0792815 0.00205136 0.192077 0.00240484 0.014093 0.0132279 0.00332038 0.00314421 0.0775082 0.0944074 0.00316968 
0.000713496 0.000180726 0.0145562 2.26251e-06 0.00129106 2.88927e-07 4.51108e-05 0.00401204 0.59684 0.00474289 4.92525e-05 0.0112753 4.02455e-05 1.73792e-05 0.0531473 0.000755875 5.65755e-05 0.307376 0.00489854 1.40048e-11 
0.000313987 5.71282e-05 0.00392297 9.99335e-07 0.00530733 5.56191e-05 0.000326372 0.0184159 0.743396 0.00133635 2.3943e-08 0.00282699 0.00106329 5.39797e-05 0.0131352 0.000592094 1.43044e-05 0.16313 0.0460511 1.12676e-12 
0.0996431 0.000832899 0.0117441 0.00974429 0.00391023 1.16153e-12 0.000224744 0.00739198 0.294708 0.0133428 9.98704e-05 0.0756947 0.000840325 0.00284246 0.0528167 0.0153785 0.00376642 0.268165 0.138854 2.39172e-11 
0.0473434 0.00690156 0.0239865 0.00124329 0.0242437 0.00586943 0.00221638 0.0198559 0.322668 0.0589303 0.131086 0.0283214 0.0152213 0.0509601 0.0221768 0.00488629 0.0220997 0.0841308 0.127843 1.65039e-05 
0.0868644 0.00853946 0.0233178 0.0102287 0.00534941 1.70581e-06 5.70672e-05 0.000744403 0.620502 0.0722272 0.00328382 0.030348 0.00581702 0.00124704 0.0143026 0.00448672 5.93055e-05 0.0783767 0.0342463 2.92686e-08 
0.00472652 7.69117e-05 0.0206256 7.27018e-09 0.000657126 3.28714e-09 3.41501e-05 0.000129758 0.761791 0.000140158 1.5659e-09 0.011598 0.000292108 0.000723839 0.0148033 0.00739157 5.97263e-05 0.170567 0.00638358 3.55505e-12 
0.00149684 0.000303376 0.0130765 4.3655e-06 0.000800144 9.26006e-07 4.82766e-05 0.00212445 0.627557 0.0189576 1.50326e-05 0.00969521 0.000345483 0.000508364 0.0314894 0.0100893 1.11711e-05 0.270886 0.0125899 2.93105e-07 
0.00849366 0.000333493 0.00501518 0.00311345 0.00280564 1.45555e-06 0.000741199 0.00459569 0.87485 0.0162039 0.000255044 0.00775174 0.00103427 0.0021995 0.00162044 0.00222742 0.0126863 0.0397977 0.0162741 2.87816e-10 
0.0168674 0.000126337 0.00195435 0.00196424 0.000967895 1.80805e-06 0.000197867 0.000828196 0.886338 0.0035517 0.000125343 0.00678473 0.00112079 0.0113479 0.00106385 0.000194284 0.0358939 0.0122563 0.0184154 3.05584e-10 
0.00353543 0.000472198 0.0086675 0.000295163 0.00263976 5.70886e-06 0.00244286 0.00446129 0.820387 0.00839083 7.50469e-05 0.01706 0.00768393 0.00192579 0.0192757 0.000321434 0.00041214 0.0738961 0.0280519 1.18903e-10 
0.00258687 0.000171369 0.00127108 2.31609e-05 0.000207732 9.67918e-08 0.000384524 6.96894e-05 0.960144 0.00425972 4.05942e-07 0.00951605 1.32257e-08 0.00317309 0.00167923 9.07204e-05 0.000518151 0.00745472 0.00844944 8.97507e-10 
0.00138699 0.00191033 0.0296224 5.2043e-06 0.00109689 5.00292e-07 2.58854e-05 0.00168925 0.566805 0.0151438 1.82122e-05 0.0222608 0.000185118 0.000330986 0.0372126 0.00631383 5.99079e-06 0.305446 0.0105398 2.79182e-07 
0.000344391 0.000224298 0.00400191 5.81341e-06 0.000978221 2.70423e-05 6.54498e-05 0.0196011 0.907801 0.00156463 2.17834e-09 0.00518147 0.0030858 0.00160405 0.0147189 0.00323667 3.99015e-05 0.0127456 0.0247735 3.70535e-09 
0.00273464 0.000503377 0.00397053 8.27106e-05 0.00263357 3.91748e-07 0.000568011 0.00267517 0.924385 0.0101706 0.000181661 0.0129081 2.68595e-05 0.00322715 0.000892423 0.000437482 0.000851899 0.0279649 0.00578513 3.39587e-11 
0.00988996 0.00954784 0.00276879 0.00042352 0.0109674 1.03913e-06 0.000716517 0.000502457 0.759183 0.00479146 5.29547e-05 0.0709126 0.000864519 0.0169859 0.0025917 0.000167766 0.00873013 0.0273016 0.0736008 2.20581e-10 
0.000157206 0.000206397 0.0614773 6.33583e-06 0.00111029 2.30365e-05 4.80024e-05 0.000178759 0.762846 0.000921069 3.34974e-08 0.0011079 0.000483468 1.67802e-05 0.02384 6.44703e-05 1.53298e-05 0.12088 0.0266177 7.94302e-08 
0.00727265 0.0677625 0.00342825 9.81599e-07 0.000744925 2.40988e-06 0.000266736 0.00287598 0.50027 0.135857 2.53039e-08 0.0136274 0.00514028 0.0107392 0.0113589 0.00513606 0.000293113 0.162422 0.072802 1.49796e-11 
0.00536981 0.00052317 0.0755466 0.00531643 0.000622821 2.25222e-12 0.000334808 0.0231179 0.392702 0.0170529 5.71142e-08 0.0272817 0.00342784 0.0447624 0.0756506 0.0607418 0.0349405 0.135711 0.0968974 6.19959e-11 
0.0118275 0.00266344 0.0245332 2.52925e-05 0.00187644 1.69906e-07 6.39787e-05 0.000752058 0.597014 0.0309543 0.00350919 0.0176183 0.0119259 0.000132844 0.194837 0.0454608 0.000409671 0.0382728 0.0181228 1.80806e-11 
0.00273464 0.000503377 0.00397053 8.27106e-05 0.00263357 3.91748e-07 0.000568011 0.00267517 0.924385 0.0101706 0.000181661 0.0129081 2.68595e-05 0.00322715 0.000892423 0.000437482 0.000851899 0.0279649 0.00578513 3.39587e-11 
0.0118275 0.00266344 0.0245332 2.52925e-05 0.00187644 1.69906e-07 6.39787e-05 0.000752058 0.597014 0.0309543 0.00350919 0.0176183 0.0119259 0.000132844 0.194837 0.0454608 0.000409671 0.0382728 0.0181228 1.80806e-11 
0.0790878 0.00323938 0.0269956 0.00137474 0.00149017 3.76398e-05 0.000575458 0.000478346 0.430584 0.0407671 0.0724698 0.0288177 0.00472998 0.119048 0.02645 0.000241339 0.0292 0.0320745 0.102338 1.82787e-09 
0.00480581 0.00801168 0.0293027 3.31491e-06 0.0214969 1.364e-05 0.000410219 0.00724027 0.516884 0.0485156 0.00276398 0.0708189 0.00562607 0.000123535 0.0548918 0.000428426 4.27617e-05 0.134889 0.093731 6.78303e-09 
0.00436798 0.000566444 0.00412964 2.78841e-05 0.0017328 4.11161e-07 0.000268021 0.00305941 0.889155 0.0114054 3.30284e-05 0.0154322 1.62337e-08 0.00264844 0.00428826 0.000250487 0.000397569 0.0521611 0.0100756 1.23684e-12 
0.00703957 0.00394472 0.00657162 7.51226e-06 0.00518752 2.30378e-05 0.00177122 0.00464069 0.665522 0.0332838 2.76369e-09 0.0454684 0.00396123 0.000323416 0.123929 0.00028459 1.78054e-05 0.0756419 0.0223827 4.52429e-09 
0.00258687 0.000171369 0.00127108 2.31609e-05 0.000207732 9.67918e-08 0.000384524 6.96894e-05 0.960144 0.00425972 4.05942e-07 0.00951605 1.32257e-08 0.00317309 0.00167923 9.07204e-05 0.000518151 0.00745472 0.00844944 8.97507e-10 
0.00109019 0.000752948 0.00308147 1.10865e-05 0.00718426 2.85566e-05 0.000324095 0.00377033 0.815174 0.00793077 3.49838e-05 0.0185844 0.000429645 0.00167507 0.0197525 0.000295317 0.000119036 0.0934838 0.0262774 1.45653e-10 
0.0381428 0.00248864 4.64908e-07 0.00064264 0.000514254 2.03672e-07 0.000938996 3.1808e-08 0.390399 0.00124182 0.000176446 0.276049 1.93065e-11 1.15047e-07 0.0196689 5.00656e-08 1.0629e-07 0.269616 0.000120474 1.10511e-10 
0.000713496 0.000180726 0.0145562 2.26251e-06 0.00129106 2.88927e-07 4.51108e-05 0.00401204 0.59684 0.00474289 4.92525e-05 0.0112753 4.02455e-05 1.73792e-05 0.0531473 0.000755875 5.65755e-05 0.307376 0.00489854 1.40048e-11 
0.0885675 0.000922978 0.00527673 0.000810321 0.0532133 9.14594e-08 6.22655e-05 0.00806599 0.260221 0.00372172 0.0009965 0.033734 0.000638475 0.000551564 0.00877462 0.000795964 0.0858246 0.237492 0.210331 2.36985e-10 
0.000713496 0.000180726 0.0145562 2.26251e-06 0.00129106 2.88927e-07 4.51108e-05 0.00401204 0.59684 0.00474289 4.92525e-05 0.0112753 4.02455e-05 1.73792e-05 0.0531473 0.000755875 5.65755e-05 0.307376 0.00489854 1.40048e-11 
0.00650058 4.10291e-05 0.00303905 0.000115769 0.00104592 2.41096e-05 0.000720318 0.00104622 0.931688 0.0162917 6.09428e-06 0.0122398 0.000127307 0.00366729 0.00014875 0.000310572 0.000270358 0.00216909 0.0205484 8.79049e-12 
0.0108953 0.002627 0.083667 0.000133727 0.00148515 0.00423668 0.000168186 0.00805528 0.561737 0.0263112 0.0055797 0.0969415 0.00250141 0.000265034 0.0303132 0.00506057 1.77233e-05 0.132474 0.0275302 9.66527e-11 
0.00273464 0.000503377 0.00397053 8.27106e-05 0.00263357 3.91748e-07 0.000568011 0.00267517 0.924385 0.0101706 0.000181661 0.0129081 2.68595e-05 0.00322715 0.000892423 0.000437482 0.000851899 0.0279649 0.00578513 3.39587e-11 
0.023461 0.00422178 0.121994 7.30377e-05 0.0189702 0.0134363 0.000299758 0.0137327 0.243118 0.03006 0.0029376 0.136547 0.0164726 0.000972628 0.0847606 0.0142709 0.000266295 0.141174 0.131959 0.00127131 
0.0118275 0.00266344 0.0245332 2.52925e-05 0.00187644 1.69906e-07 6.39787e-05 0.000752058 0.597014 0.0309543 0.00350919 0.0176183 0.0119259 0.000132844 0.194837 0.0454608 0.000409671 0.0382728 0.0181228 1.80806e-11 
0.0887589 0.00130525 0.0425308 0.00220707 0.0293214 0.000246108 1.65002e-05 0.0030342 0.290592 0.00523948 0.00030961 0.0471344 0.000281386 0.00112607 0.0139506 0.0167275 0.142729 0.219259 0.0952309 4.28765e-08 
0.00480581 0.00801168 0.0293027 3.31491e-06 0.0214969 1.364e-05 0.000410219 0.00724027 0.516884 0.0485156 0.00276398 0.0708189 0.00562607 0.000123535 0.0548918 0.000428426 4.27617e-05 0.134889 0.093731 6.78303e-09 
0.00914156 0.00910422 0.0104192 7.89907e-06 0.00673781 2.91648e-05 0.0428701 0.000868608 0.543394 0.0890931 0.000621147 0.0239809 0.000316769 0.00265708 0.00253735 0.206819 0.000677015 0.0327891 0.0179358 2.97688e-10 
0.0566577 0.026605 0.0664536 0.00206241 0.00696823 3.01338e-07 0.014632 0.0420278 0.216608 0.140545 4.78491e-05 0.140428 0.0248466 0.010671 0.0181856 0.0250655 0.000493128 0.169634 0.0380678 1.31635e-09 
0.0119067 0.0487193 0.018819 9.0919e-06 0.0212868 5.26626e-06 0.148766 0.0149123 0.335562 0.0623038 0.000822995 0.0688821 0.00663763 0.0158476 0.0869751 0.00313359 0.000932144 0.10401 0.0504691 4.32373e-10 
0.00149684 0.000303376 0.0130765 4.3655e-06 0.000800144 9.26006e-07 4.82766e-05 0.00212445 0.627557 0.0189576 1.50326e-05 0.00969521 0.000345483 0.000508364 0.0314894 0.0100893 1.11711e-05 0.270886 0.0125899 2.93105e-07 
0.00149684 0.000303376 0.0130765 4.3655e-06 0.000800144 9.26006e-07 4.82766e-05 0.00212445 0.627557 0.0189576 1.50326e-05 0.00969521 0.000345483 0.000508364 0.0314894 0.0100893 1.11711e-05 0.270886 0.0125899 2.93105e-07 
0.000313987 5.71282e-05 0.00392297 9.99335e-07 0.00530733 5.56191e-05 0.000326372 0.0184159 0.743396 0.00133635 2.3943e-08 0.00282699 0.00106329 5.39797e-05 0.0131352 0.000592094 1.43044e-05 0.16313 0.0460511 1.12676e-12 
0.0513484 0.00874543 0.0429882 0.000559548 0.0168689 0.0484879 0.174935 0.00787409 0.221501 0.021758 0.000996497 0.030318 0.161533 0.00232756 0.0199178 0.00567211 0.00811949 0.0641903 0.105374 0.00648412 
0.0241848 0.0251789 0.00833686 6.62215e-05 0.0101812 4.53125e-05 0.000350565 0.0205833 0.389618 0.0157481 0.00391358 0.0806064 0.00489972 0.000136076 0.0604755 0.00167337 0.00489208 0.242391 0.106719 7.49138e-09 
0.00273464 0.000503377 0.00397053 8.27106e-05 0.00263357 3.91748e-07 0.000568011 0.00267517 0.924385 0.0101706 0.000181661 0.0129081 2.68595e-05 0.00322715 0.000892423 0.000437482 0.000851899 0.0279649 0.00578513 3.39587e-11 
0.117862 0.00349118 0.013531 0.000548336 0.00873902 4.29277e-07 0.000155553 0.00188236 0.682432 0.0264605 0.00276637 0.0495911 0.000556547 0.00371504 0.0070886 0.00027406 0.0332133 0.0192902 0.0284025 6.47839e-07 
0.0220564 0.0161536 0.0306669 0.00085636 0.0265138 0.000174904 0.0210883 0.0223692 0.209302 0.0631129 0.00513056 0.0595958 0.0266055 0.00248561 0.0731957 0.0201783 0.00381764 0.198826 0.197691 0.00017925 
0.00911622 0.00313072 0.0375368 0.0026437 0.00110886 7.97384e-12 4.18115e-05 0.00934695 0.327641 0.0488687 0.0170273 0.0673689 0.00309976 0.0239946 0.141381 0.0367741 0.0181867 0.21072 0.0420132 4.6845e-11 
0.0205539 0.00136921 0.0121198 5.33467e-05 0.000638138 2.46237e-06 1.85891e-05 0.00357221 0.728082 0.00592528 0.000598502 0.0197041 0.00694165 0.00230376 0.0128618 0.0447366 0.0641984 0.0703162 0.00600369 3.98008e-10 
0.00352857 0.0167426 0.0254088 5.74635e-06 0.00032463 1.55615e-12 0.000166486 0.000245552 0.602635 0.00937226 2.78884e-05 0.0720993 0.00119612 0.00035026 0.136151 0.00546 0.000216796 0.107218 0.0188513 2.17924e-12 
0.00650058 4.10291e-05 0.00303905 0.000115769 0.00104592 2.41096e-05 0.000720318 0.00104622 0.931688 0.0162917 6.09428e-06 0.0122398 0.000127307 0.00366729 0.00014875 0.000310572 0.000270358 0.00216909 0.0205484 8.79049e-12 
0.00876651 4.70063e-05 0.0467377 0.000158651 0.0975521 2.27156e-05 0.000239005 0.000208 0.663077 0.00225747 2.93492e-07 0.0116549 0.00377329 0.0971999 0.0039425 3.06145e-07 0.00107293 0.00434166 0.0589478 8.5518e-10 
0.0764365 0.0120921 0.028977 0.000164971 0.0262729 2.70621e-05 0.0983442 0.0134267 0.287907 0.120288 0.000942973 0.0898642 0.0073544 0.00245921 0.0294899 0.00569539 0.0061453 0.149171 0.0449231 1.84388e-05 
0.0103539 7.58324e-05 0.00257249 0.00121874 0.000454706 3.31627e-09 0.000890747 0.000452979 0.876265 0.00334876 3.91583e-06 0.00681634 0.000254839 0.0428907 0.00207562 0.000179919 0.0139274 0.0134015 0.0248165 2.32575e-11 
0.088943 0.00529877 0.0100978 0.00900607 0.0381551 6.04724e-06 0.000749485 0.0251694 0.264068 0.0787422 0.000453268 0.0332727 0.0696663 0.00288143 0.0142531 0.00207861 0.036797 0.174817 0.145545 2.36515e-08 
0.0065367 0.00367928 0.0162593 0.00230406 0.00565749 3.74113e-05 0.000531267 0.0193352 0.415466 0.0288046 0.000222537 0.0234146 0.0154609 0.000939789 0.0410402 0.000877038 5.95476e-05 0.296866 0.122434 7.40402e-05 
0.0488101 0.0290107 0.0024688 2.72476e-06 0.0133715 1.68539e-05 0.000418847 0.00585584 0.507989 0.0280632 1.44797e-05 0.0747297 0.0139433 0.00016749 0.0606572 6.54096e-05 5.11126e-05 0.104647 0.109717 5.86545e-08 
0.00974598 0.000169853 0.00354373 0.000145688 0.00011033 6.94619e-06 0.000679608 0.26149 0.444782 0.0152488 6.83046e-05 0.00221215 0.000906725 0.204293 0.00240874 0.00102886 0.0421227 0.000149565 0.0108861 1.16846e-09 
0.267799 0.00150712 0.0245974 0.000917675 0.00651535 7.07239e-11 7.70327e-05 0.00428921 0.344458 0.0113385 0.000448531 0.0741127 0.00174403 0.0108018 0.00712312 0.00896082 0.0947028 0.0147715 0.125835 1.80229e-10 
0.0633494 0.000154196 0.00522477 6.58066e-06 0.00306294 3.75481e-06 0.00117708 0.00896754 0.554465 0.156496 2.76732e-05 0.117439 0.00171429 0.000594692 0.00641287 0.00458502 0.000563594 0.0654567 0.0102978 4.06767e-10 
0.0464319 0.00161939 0.00679103 0.00274052 0.0161644 3.22242e-05 0.182694 0.0188054 0.428001 0.00891033 5.16648e-05 0.0192878 0.00302551 0.00336719 0.00653961 0.000248451 0.0282172 0.051834 0.175238 3.07342e-09 
0.00737194 0.00306377 0.0253507 2.31516e-05 0.00634724 0.000299784 0.211365 0.0204402 0.327662 0.0352444 0.000226481 0.0464523 0.00341314 0.0163381 0.11796 0.00820106 0.000407041 0.134999 0.034834 2.75817e-08 
0.00137128 0.000191438 0.0380819 2.90812e-06 0.00120261 1.2166e-07 3.20025e-05 0.00281795 0.603829 0.00223148 2.38741e-05 0.02244 4.29134e-05 5.53722e-05 0.0373548 0.0176887 0.000198659 0.268051 0.00438411 1.81068e-11 
0.0155556 0.000294998 0.0152692 2.56926e-07 0.027565 0.000517363 0.0714011 0.0606081 0.361379 0.0484052 0.000945908 0.0634589 0.00824962 0.0122273 0.0295347 0.000898209 0.212053 0.0485224 0.0230569 5.69984e-05 
0.00223057 0.00722311 0.042532 2.45368e-06 0.00173694 2.33507e-06 8.73477e-05 0.0123545 0.472184 0.0498783 0.000189973 0.0198171 0.000574514 0.000168346 0.0534602 0.0207162 6.89143e-05 0.313235 0.00353745 1.34628e-11 
0.112915 3.90945e-05 0.00593516 0.00972957 0.000485275 1.22142e-06 0.000334741 0.00248833 0.620336 0.00771854 0.000596335 0.00180409 0.0115523 0.0283251 0.00795151 0.000293143 0.094515 0.00263996 0.0923398 6.14135e-11 
0.0196147 0.000452103 0.00812361 4.4493e-06 0.0018168 6.84094e-06 0.000287822 0.00726845 0.716154 0.0043233 0.000198789 0.00459473 0.00133626 0.00944573 0.00992192 0.0551418 0.0872258 0.0415865 0.0324963 8.76421e-11 
0.0143261 0.000866764 0.00388884 2.92481e-05 0.00442375 7.69854e-07 0.000449431 0.000286969 0.872007 0.0294968 3.19884e-05 0.032867 1.01892e-08 0.00312984 0.00204919 0.00176262 0.000486139 0.0231517 0.0107459 1.10654e-09 
0.0148982 0.0442585 0.0158574 0.000503282 0.0099198 1.12868e-05 0.0962052 0.0248157 0.500389 0.0283986 0.000445947 0.0305866 0.0102305 0.00149377 0.0320607 0.00527933 0.00522707 0.14169 0.0377288 6.02003e-11 
0.00469108 0.00032412 0.005898 8.33252e-05 0.00609323 5.3105e-05 0.00316115 0.00179489 0.496856 0.00443785 9.41713e-06 0.0258832 0.0325676 0.000287155 0.0450416 6.35696e-05 7.11701e-05 0.172706 0.199977 1.74461e-07 
0.00472509 0.00100945 0.0129831 2.70775e-05 0.00692592 1.65214e-05 0.0013592 0.00488933 0.5567 0.0171128 3.92605e-06 0.0243309 0.022381 0.000182471 0.0546346 0.000203449 8.05088e-05 0.184571 0.107864 9.83662e-08 
0.000720344 0.000268932 0.0199236 4.84785e-06 0.00115332 5.37669e-06 0.000274883 0.00576573 0.439134 0.0183104 2.41536e-05 0.0133275 0.000446219 0.000102264 0.111725 0.00703587 1.35777e-05 0.346015 0.0357489 8.87411e-08 
0.0327461 0.0111738 0.0142887 0.00115809 0.0211618 9.31621e-05 0.17369 0.0133081 0.220565 0.0225752 0.0383421 0.075234 0.00410357 0.000680766 0.122833 0.00190037 0.00330823 0.0730433 0.169795 1.58585e-10 
0.00347965 0.00223545 0.00396466 4.11534e-06 0.0214785 2.65295e-05 0.000671184 0.00940743 0.542565 0.0117216 3.38396e-06 0.0463929 0.00295063 0.00026811 0.0974731 0.000104456 7.64533e-06 0.0965646 0.160681 3.84087e-09 
0.0160433 0.0103699 0.0491538 3.60653e-05 0.0191516 3.68758e-05 0.0118345 0.00944359 0.29018 0.059846 0.0038471 0.0540824 0.0205516 0.00128053 0.213439 0.00179087 0.000159483 0.165187 0.0735668 1.47129e-08 
0.00273464 0.000503377 0.00397053 8.27106e-05 0.00263357 3.91748e-07 0.000568011 0.00267517 0.924385 0.0101706 0.000181661 0.0129081 2.68595e-05 0.00322715 0.000892423 0.000437482 0.000851899 0.0279649 0.00578513 3.39587e-11 
0.00149684 0.000303376 0.0130765 4.3655e-06 0.000800144 9.26006e-07 4.82766e-05 0.00212445 0.627557 0.0189576 1.50326e-05 0.00969521 0.000345483 0.000508364 0.0314894 0.0100893 1.11711e-05 0.270886 0.0125899 2.93105e-07 
0.00273464 0.000503377 0.00397053 8.27106e-05 0.00263357 3.91748e-07 0.000568011 0.00267517 0.924385 0.0101706 0.000181661 0.0129081 2.68595e-05 0.00322715 0.000892423 0.000437482 0.000851899 0.0279649 0.00578513 3.39587e-11 
0.0032764 0.00210747 0.00378734 1.739e-05 5.97559e-05 2.43628e-06 5.06305e-05 0.000548402 0.701426 0.00463285 3.25565e-06 0.0298063 0.000849841 0.000463315 0.0269885 0.00714574 6.20819e-06 0.212699 0.00612877 1.95575e-11 
0.0707657 0.00570457 0.00631301 0.0120999 0.010667 0.000249938 0.00286298 0.0107356 0.546795 0.0209658 0.000164061 0.0210031 0.00177017 0.00415476 0.011454 0.00107903 0.00509162 0.0762373 0.191886 2.32137e-08 
0.0705505 0.00551062 0.0289702 0.0265323 0.0168563 2.05247e-06 0.00154873 0.0302714 0.256082 0.121644 0.00528104 0.087631 0.00704268 0.00675173 0.0846523 0.0106171 0.00305289 0.0912336 0.14577 7.31598e-09 
0.000298847 0.000270986 0.0145869 3.3708e-06 0.000636522 4.25533e-07 6.75987e-05 0.00491047 0.531398 0.00449005 7.37562e-05 0.0126095 6.0302e-05 2.60301e-05 0.0529598 0.00113359 2.86959e-05 0.369098 0.0073475 2.73977e-12 
0.00306341 0.00448504 0.0213847 4.26861e-06 0.0171236 2.14249e-05 0.000388489 0.0118568 0.587357 0.0292565 0.00200642 0.0428553 0.00402148 0.00010011 0.0418849 0.00052513 3.52956e-05 0.149975 0.0836557 3.69505e-09 
0.000110452 4.87426e-05 0.0147856 2.00531e-07 0.000950309 3.64076e-05 0.000385648 2.18045e-05 0.687873 0.00395684 1.16573e-07 0.00606921 0.0121018 8.62716e-05 0.00931366 0.000163809 3.33045e-05 0.125746 0.138317 4.09173e-11 
0.0202564 0.00520711 0.0240286 0.00279353 0.0216304 1.94543e-05 0.00525596 0.0177214 0.558022 0.0709712 0.00196201 0.0470251 0.00558877 0.00700641 0.0544932 0.00546751 0.00562486 0.0897452 0.0571811 1.15486e-08 
0.00363566 0.000214311 0.00356695 0.00100187 0.0022995 1.98085e-05 0.000543872 0.00488567 0.857267 0.0079565 8.11588e-05 0.00564583 0.00120892 0.00102355 0.00588228 0.00131532 0.00450273 0.0638899 0.0350594 1.09341e-10 
0.00974598 0.000169853 0.00354373 0.000145688 0.00011033 6.94619e-06 0.000679608 0.26149 0.444782 0.0152488 6.83046e-05 0.00221215 0.000906725 0.204293 0.00240874 0.00102886 0.0421227 0.000149565 0.0108861 1.16846e-09 
0.0396472 0.00124828 0.0411603 0.00377425 0.0268347 3.64871e-05 0.000185429 0.00187531 0.507181 0.00472024 0.000190984 0.0191551 0.000380798 0.00692129 0.00439096 0.0416224 0.121394 0.162206 0.0170757 1.10498e-08 
0.000716154 0.000304081 0.00609839 1.56351e-08 0.00144981 1.47821e-05 8.76865e-05 0.00975462 0.786855 0.00258329 4.25364e-08 0.00731782 0.00154185 0.00160172 0.0479323 0.00869922 0.000252415 0.0805094 0.0442815 1.20171e-08 
0.00273464 0.000503377 0.00397053 8.27106e-05 0.00263357 3.91748e-07 0.000568011 0.00267517 0.924385 0.0101706 0.000181661 0.0129081 2.68595e-05 0.00322715 0.000892423 0.000437482 0.000851899 0.0279649 0.00578513 3.39587e-11 
0.0500323 0.0192933 0.0176823 0.0242429 0.00561877 0.000114105 0.0035285 0.0252469 0.215133 0.0849304 0.00964613 0.119674 0.0179348 0.00176551 0.0602019 0.00187391 0.00256401 0.19099 0.149528 5.83892e-08 
0.0783569 0.000304894 0.0332713 0.000778402 0.0041063 0.000857715 0.000300343 0.000685933 0.293457 0.00759056 0.0145471 0.00757655 0.111774 0.0225371 0.0731098 0.00105932 0.0112742 0.103375 0.235038 3.41294e-07 
0.00228046 0.00832651 0.01042 4.00107e-06 0.229249 1.57678e-05 2.60474e-05 0.0181869 0.330743 0.0223668 0.00483383 0.0385523 0.000704331 0.000397434 0.0165836 0.00162933 9.69425e-06 0.279977 0.0356943 3.20791e-07 
0.00703957 0.00394472 0.00657162 7.51226e-06 0.00518752 2.30378e-05 0.00177122 0.00464069 0.665522 0.0332838 2.76369e-09 0.0454684 0.00396123 0.000323416 0.123929 0.00028459 1.78054e-05 0.0756419 0.0223827 4.52429e-09 
0.00358471 0.0110054 0.00490171 4.16163e-06 0.0508948 7.91595e-06 0.00939504 0.0224859 0.41057 0.011356 1.86476e-08 0.201508 0.00246833 0.000183246 0.106432 0.00181385 1.62815e-05 0.0844425 0.07893 1.99559e-08 
0.0422475 0.004613 0.0160708 4.90812e-05 0.00570947 1.32497e-06 0.00231716 0.00130455 0.325374 0.0166628 0.0233736 0.175268 0.00679489 0.00124641 0.0482606 0.000602811 0.0110642 0.0114118 0.307628 3.73887e-10 
0.000326652 0.0130025 0.28434 2.93111e-07 0.00102399 2.71595e-07 2.19293e-09 0.00028446 0.306573 0.0483379 3.99283e-07 0.101496 0.000603737 2.61986e-07 0.00923976 5.14646e-05 2.4333e-07 0.231214 0.00350538 3.97422e-09 
0.0581805 0.0014408 0.00612481 2.22933e-08 0.0248258 5.91833e-06 1.15775e-05 2.70922e-08 0.358304 0.0520379 1.15544e-08 0.281942 9.50789e-09 0.00647969 0.00953254 0.000657497 3.21764e-08 0.144979 0.0554733 4.96589e-06 
0.0298002 0.00590097 0.0294673 0.000787193 0.0953224 1.14497e-06 0.0199608 0.0148564 0.439883 0.0980784 0.000842348 0.056822 0.0319882 0.00365138 0.061873 0.0062028 0.00349784 0.0221829 0.0788822 7.61831e-08 
0.00122322 0.00116902 0.0076503 2.28688e-05 0.00090319 5.70065e-07 0.000209638 0.00254508 0.826646 0.0127657 0.000125504 0.0141785 0.000178964 0.00159643 0.0194051 0.000483224 0.00023872 0.106893 0.00376465 1.23716e-10 
0.00258687 0.000171369 0.00127108 2.31609e-05 0.000207732 9.67918e-08 0.000384524 6.96894e-05 0.960144 0.00425972 4.05942e-07 0.00951605 1.32257e-08 0.00317309 0.00167923 9.07204e-05 0.000518151 0.00745472 0.00844944 8.97507e-10 
0.000716154 0.000304081 0.00609839 1.56351e-08 0.00144981 1.47821e-05 8.76865e-05 0.00975462 0.786855 0.00258329 4.25364e-08 0.00731782 0.00154185 0.00160172 0.0479323 0.00869922 0.000252415 0.0805094 0.0442815 1.20171e-08 
0.0150254 0.00120071 0.0748165 0.00134852 0.00374871 8.75929e-09 7.01563e-05 0.0145 0.517362 0.033369 0.000325037 0.0180022 0.000331865 0.00501212 0.00676205 0.0397115 0.00840666 0.205528 0.0544792 5.12526e-07 
0.0410459 0.035525 0.00342249 7.60604e-05 0.00570715 1.46562e-10 0.0547764 0.00914132 0.318348 0.0303938 0.000167284 0.0306278 0.0045527 0.00842689 0.227038 0.000343789 0.00842749 0.0327841 0.189196 4.36646e-10 
0.0152251 0.00032751 0.00506621 6.04387e-05 0.0170976 9.00333e-07 3.30423e-05 0.000263056 0.440348 0.00599265 8.55511e-05 0.0390956 0.000149302 0.000122816 0.17238 9.82461e-05 0.0536543 0.100018 0.149982 7.48852e-10 
0.0602006 0.0283508 0.0527256 0.000849733 0.000537302 0.000113055 0.00337008 0.00646855 0.325181 0.0650598 0.0586868 0.0407399 0.018516 0.186708 0.0164003 0.000491346 0.03169 0.0217982 0.0821123 2.10595e-08 
0.00184239 0.007009 0.0117556 0.000225533 0.0221543 1.2633e-05 0.00175124 0.116546 0.627329 0.0538729 0.000114583 0.0216507 0.000387824 0.0154933 0.000243962 0.000769103 0.000258463 0.0786962 0.0398866 3.64398e-08 
0.000713496 0.000180726 0.0145562 2.26251e-06 0.00129106 2.88927e-07 4.51108e-05 0.00401204 0.59684 0.00474289 4.92525e-05 0.0112753 4.02455e-05 1.73792e-05 0.0531473 0.000755875 5.65755e-05 0.307376 0.00489854 1.40048e-11 
0.0148065 0.000269119 0.0102942 0.00151265 0.0217398 2.61307e-05 0.000425557 0.00695519 0.460158 0.0116336 4.39552e-05 0.0228139 0.027282 0.000659732 0.0823948 0.00108417 0.00308167 0.175397 0.159422 5.12739e-07 
0.151516 0.0576913 0.0127195 0.00785724 0.000375329 0.000921545 0.00197592 0.0030352 0.466088 0.120358 2.32432e-05 0.0670721 0.00994999 0.0152135 0.00627544 0.00314264 0.000144197 0.0385874 0.0370539 8.87014e-10 
0.00472509 0.00100945 0.0129831 2.70775e-05 0.00692592 1.65214e-05 0.0013592 0.00488933 0.5567 0.0171128 3.92605e-06 0.0243309 0.022381 0.000182471 0.0546346 0.000203449 8.05088e-05 0.184571 0.107864 9.83662e-08 
0.00138699 0.00191033 0.0296224 5.2043e-06 0.00109689 5.00292e-07 2.58854e-05 0.00168925 0.566805 0.0151438 1.82122e-05 0.0222608 0.000185118 0.000330986 0.0372126 0.00631383 5.99079e-06 0.305446 0.0105398 2.79182e-07 
