0.0100211 0.0210307 0.0160508 0.000198044 0.00808825 0.000110856 0.00541447 0.0732601 0.0124227 0.526306 0.000950157 0.0211051 0.00238458 0.00257326 0.023234 0.216478 0.000104452 0.048942 0.0104343 0.000890996 
0.0431313 0.0548182 0.0324859 3.01559e-05 0.0133796 1.06959e-08 0.00143204 0.0624597 0.00332677 0.633561 5.81674e-05 0.0545953 0.0294354 2.92214e-05 0.0366113 0.00160356 2.17653e-05 0.0264397 0.00656478 1.58349e-05 
0.00077172 0.00581816 0.04577 3.15937e-06 0.0106381 3.5292e-05 0.000107154 0.0409099 0.0186905 0.570229 0.0110843 0.0159235 0.00649957 0.00171405 0.0370573 0.0843658 0.000136531 0.101213 0.0490318 8.41941e-07 
0.116085 0.00851621 0.0461322 1.68407e-09 0.0218779 2.0853e-06 0.0143897 0.069263 0.0107684 0.287742 0.0121942 0.0812806 0.158569 0.000162342 0.137044 0.0054517 1.61605e-07 0.0178828 0.0126378 1.86555e-09 
0.00251172 0.0618677 0.025973 0.000157014 0.000305279 8.64179e-06 5.03731e-05 0.0105289 0.00718002 0.680157 0.000233492 0.00220596 0.00223562 0.00236368 0.0119244 0.178797 5.83745e-05 0.0111899 0.00225226 9.38834e-11 
0.0655478 0.151877 0.0905849 5.05849e-07 0.0292575 2.00767e-06 0.00540843 0.000170664 0.00226694 0.366403 0.00465196 0.0383728 0.198198 0.00678216 0.0101283 0.00403444 0.000526093 0.0188192 0.00567036 0.00129753 
0.0163627 0.0707545 0.0673301 0.000100985 0.00141607 2.15154e-05 0.0420046 0.000954976 0.00198889 0.510322 0.00100636 0.00751296 0.158049 9.0731e-06 0.0098597 0.00651609 7.65572e-05 0.0757605 0.000581414 0.0293716 
0.0257302 0.0754592 0.262329 0.00220015 0.0199055 1.82819e-07 0.000175548 0.0113292 0.000698202 0.279009 0.00157011 0.0963998 0.0436085 2.59493e-06 0.0627868 0.00144597 7.56255e-06 0.0813717 0.0359703 9.50691e-10 
0.00746248 0.0233726 0.00786528 6.10142e-05 0.00719533 9.22557e-06 0.000256577 0.305509 0.00657621 0.495919 0.00157021 0.0132167 0.00152831 0.0023208 0.0466392 0.009118 6.45315e-05 0.0503696 0.0209458 3.54305e-09 
0.0275608 0.00751852 0.0607759 0.000629409 0.00562202 1.87426e-07 0.000524412 0.0986392 0.0549948 0.502082 0.00256474 0.0119312 0.00135737 0.000239608 0.0311023 0.0295237 0.000734545 0.121194 0.0430054 1.39034e-08 
0.00208869 0.00806269 0.00171942 2.39203e-07 0.000228111 5.34331e-07 0.000126814 0.000497165 0.0025213 0.927547 2.13638e-05 0.00458195 0.00121057 4.28404e-05 0.00795164 0.0208158 4.87111e-05 0.0189573 0.00357791 1.68225e-09 
0.0141563 0.0203487 0.00888462 0.0215101 0.00844971 1.95717e-05 0.000485876 0.0945424 0.067816 0.379286 7.54312e-06 0.0482618 0.00276569 0.00733737 0.00954975 0.165589 0.00335932 0.124869 0.0225725 0.000188145 
0.0131123 0.0149075 0.0136633 0.00507168 0.00591751 0.000153091 0.00497146 0.244399 0.00653631 0.489773 0.000142153 0.0373135 0.00265536 0.00534322 0.0421734 0.0415409 7.46624e-05 0.0644935 0.0077575 4.45539e-07 
0.0213589 0.025915 0.10555 0.00289871 0.00900951 0.000260204 0.00427289 0.0545402 0.0114791 0.399638 0.00590748 0.0528117 0.104403 0.00528078 0.0581473 0.0209321 0.000938874 0.0456922 0.0707257 0.000238212 
0.00267356 0.0464206 0.0206385 1.84639e-05 0.12897 3.51985e-05 3.23045e-05 0.000100489 0.0127608 0.372902 0.0056916 0.0361156 0.0463764 0.000162267 0.000218717 0.00324196 3.22355e-05 0.263796 0.0578585 0.00195466 
0.00123698 0.00201295 0.000277787 0.000258973 4.59432e-07 4.78079e-07 6.9148e-05 0.341781 0.00120303 0.489016 1.1931e-07 0.00120695 0.000185747 0.00161673 0.0237315 0.128868 4.68113e-05 0.00723238 0.00125566 1.16104e-11 
0.192811 0.0048683 0.0541847 0.0182369 0.00258375 0.00125303 0.00143337 0.00314266 0.0266189 0.234544 0.00190237 0.203304 0.0515198 0.00265812 0.0192722 0.00947185 0.00719192 0.0499561 0.115047 2.90637e-10 
0.00311462 0.00483525 0.00118114 5.39559e-07 0.000276118 3.97798e-08 0.041317 0.0419262 0.00318994 0.791378 2.43819e-06 0.00207351 0.000630251 2.51724e-06 0.00150522 0.0973725 1.60626e-05 0.0077758 0.00340272 2.59826e-11 
0.00123698 0.00201295 0.000277787 0.000258973 4.59432e-07 4.78079e-07 6.9148e-05 0.341781 0.00120303 0.489016 1.1931e-07 0.00120695 0.000185747 0.00161673 0.0237315 0.128868 4.68113e-05 0.00723238 0.00125566 1.16104e-11 
0.00161199 0.0039401 0.0116187 0.000152791 5.35632e-06 0.0176614 1.37159e-05 0.26743 0.000749353 0.646531 0.00544519 0.00107877 0.0282741 0.00610209 0.000592437 0.00300263 7.85187e-05 0.00475171 0.000960489 1.234e-10 
0.0144678 0.0161774 0.198128 0.000187442 0.0530008 1.46292e-05 0.000107756 0.0503247 0.0685863 0.284453 9.17534e-05 0.0127317 0.061111 0.0041431 0.0674306 0.00321644 0.000232909 0.142821 0.0227727 3.70434e-10 
0.00350477 0.00827589 0.00596849 9.4267e-09 0.000357534 3.68205e-08 0.00115549 0.00157079 0.00855566 0.877449 4.95582e-05 0.0171246 0.00836821 0.0174741 0.0281178 0.00139695 0.000112085 0.0192653 0.00125411 3.04769e-08 
0.00208869 0.00806269 0.00171942 2.39203e-07 0.000228111 5.34331e-07 0.000126814 0.000497165 0.0025213 0.927547 2.13638e-05 0.00458195 0.00121057 4.28404e-05 0.00795164 0.0208158 4.87111e-05 0.0189573 0.00357791 1.68225e-09 
0.0247579 0.00217301 0.0852261 0.272863 0.00154953 9.63796e-06 8.78935e-05 0.0904304 0.00277966 0.442615 0.00343929 0.0191391 0.0044277 8.78837e-05 0.0156128 0.000955994 7.77991e-06 0.0238716 0.00996577 1.01402e-07 
0.0101477 0.0111567 0.020288 0.00390121 0.00227251 1.28628e-06 0.000971924 0.19834 0.00348522 0.573702 0.00112563 0.0347253 0.0795795 0.0020839 0.0124251 0.00285971 1.75927e-05 0.0341446 0.00873023 4.19747e-05 
0.184383 0.12984 0.0588496 1.3288e-10 6.08433e-07 2.13593e-08 8.67254e-07 4.33498e-05 0.00680429 0.296881 9.03645e-07 0.063312 0.00575381 0.0113554 0.0461479 0.000839465 1.00543e-07 0.194573 0.00121395 1.472e-10 
0.00303605 0.0626683 0.150349 0.000324292 5.79249e-05 7.40402e-07 8.20446e-05 0.0707079 0.000773004 0.28684 0.00139286 0.0529223 0.192256 3.24656e-05 0.0697754 0.00652487 3.76323e-05 0.00936323 0.0928568 2.10556e-09 
0.00208869 0.00806269 0.00171942 2.39203e-07 0.000228111 5.34331e-07 0.000126814 0.000497165 0.0025213 0.927547 2.13638e-05 0.00458195 0.00121057 4.28404e-05 0.00795164 0.0208158 4.87111e-05 0.0189573 0.00357791 1.68225e-09 
0.000671393 0.00130563 0.0111822 9.34796e-09 0.000327992 9.85983e-08 3.54581e-08 0.0489598 0.0618895 0.678075 5.21346e-05 0.000934176 0.000136223 0.00017109 0.0201121 0.0299577 1.19671e-05 0.14348 0.00273362 2.51188e-11 
0.046287 0.1549 0.0858168 0.000227717 0.00329362 4.31298e-06 0.000269793 0.000163029 0.0157512 0.519472 0.000182634 0.050661 0.012619 0.00197798 0.00894315 0.0172611 0.000122024 0.07747 0.00456982 8.2183e-06 
5.05403e-06 0.0168858 0.154396 5.37364e-07 3.69884e-07 5.11298e-08 0.0131274 9.41867e-08 0.123116 0.324285 0.00343145 0.142281 0.00339743 1.05391e-06 0.0878665 0.00984998 1.39007e-07 0.09522 0.0261364 2.69984e-10 
2.6667e-05 0.0007132 0.034317 8.88104e-07 1.66036e-06 1.96871e-05 1.48072e-05 0.00185681 2.38405e-05 0.503548 0.182572 0.00109416 0.261448 0.000118218 0.011942 0.000388405 0.000142708 4.86559e-05 0.00172147 9.83807e-07 
0.0085647 0.0474666 0.0321641 0.00543484 0.00691596 1.48386e-05 0.00262678 0.0987206 0.0135176 0.4434 0.0480367 0.0148168 0.0090883 0.00231282 0.0211988 0.146263 9.48558e-05 0.0676078 0.0317548 3.17351e-07 
2.15936e-05 0.0191952 0.204947 5.4453e-05 7.04926e-07 0.000245099 0.000371785 0.018277 0.000375141 0.322552 0.0542538 0.00555587 0.30556 0.0320823 0.0200215 0.000888494 0.000108373 0.000638942 0.01485 3.00601e-08 
0.0125103 0.103881 0.0425013 0.00277315 0.00723386 0.000157368 0.0030235 0.0477897 0.019741 0.490184 0.00236292 0.0404898 0.0210422 0.00200104 0.0197166 0.096078 0.00232286 0.0695767 0.016607 7.82993e-06 
0.030355 0.0836257 0.13262 2.71213e-05 0.00147781 1.60584e-07 2.99455e-05 0.00281556 0.065257 0.508151 2.95138e-07 0.017864 0.0537684 0.000231972 0.00758399 0.00405065 4.07469e-05 0.0814678 0.0106333 1.09615e-07 
0.030211 0.0249401 0.0551025 0.00283383 0.0160267 4.19818e-05 0.00280672 0.160714 0.0211854 0.426735 0.00507264 0.0407895 0.00994855 0.00239741 0.0146661 0.0848354 0.00115886 0.0588809 0.0399589 0.00169391 
0.00286865 0.0164559 0.0205816 4.02197e-07 0.000320971 1.0543e-08 4.69233e-05 0.0023355 0.00835143 0.485408 0.00010622 0.0832108 0.014269 9.40563e-06 0.300249 0.0033914 1.08648e-06 0.0246418 0.0377518 1.31011e-10 
0.00130458 0.00656521 0.00428424 2.91235e-05 7.0503e-09 4.18665e-09 0.00114864 0.0799401 0.0138728 0.702694 0.000131031 1.97105e-07 0.010405 5.24208e-08 0.0116781 0.167945 9.3674e-09 9.41618e-07 1.03967e-07 2.25414e-12 
0.061404 0.0341946 0.00677894 2.21652e-06 0.0187913 1.29221e-07 0.000358516 0.0538258 0.00723193 0.653841 0.00436375 0.0271558 0.0638793 0.0267231 0.00429995 0.0133446 0.000153327 0.0181368 0.00551405 1.23434e-06 
0.00707244 0.00533697 0.167624 5.03729e-06 0.00533731 3.49577e-07 0.148748 0.0285138 0.040967 0.239799 0.0122479 0.0759142 0.0145143 7.75399e-05 0.0190211 0.000966275 0.000510117 0.0519382 0.181402 4.31941e-06 
0.000292096 0.133418 0.00804512 5.98414e-09 0.00031606 1.52074e-07 0.00136163 0.0126941 0.0188665 0.646316 0.00118213 0.0672565 0.00381222 0.000334442 0.0563767 0.0139685 1.54485e-05 0.0263879 0.00935655 6.629e-09 
0.0282968 0.154192 0.0433886 0.000235579 0.0031898 0.000125258 0.00136619 0.115552 0.0178955 0.304204 0.00120684 0.0670755 0.0550022 0.00389587 0.0717802 0.0450914 6.52672e-05 0.0490172 0.0378409 0.00057964 
0.000610327 0.0408412 0.156599 1.20862e-06 0.00106672 1.32508e-09 3.68389e-09 0.00980406 9.4176e-07 0.430899 9.83107e-05 0.0219374 0.250181 0.000196594 0.0331116 0.00649614 0.000109929 0.0191004 0.0289466 1.85565e-09 
0.0218595 0.107636 0.0462084 1.94689e-07 0.000609925 1.34661e-08 3.72349e-05 0.00223008 0.00193812 0.304973 0.000182025 0.109921 0.00239711 2.48143e-05 0.285854 0.0254321 2.23968e-06 0.0389547 0.0517395 1.09027e-07 
0.00214259 0.0393589 0.0877042 8.19342e-07 0.0377407 1.49214e-10 4.35156e-07 0.133681 0.00722514 0.540866 8.10048e-06 0.0263871 0.000758594 5.53522e-08 0.0137623 0.0100129 3.1375e-05 0.100168 0.00015136 2.08961e-10 
0.0031423 0.0477595 0.0172252 5.97691e-05 0.000991356 7.14846e-09 0.000114038 0.0407853 0.00348096 0.792541 3.76896e-05 0.00392878 0.00218162 5.77405e-05 0.0163026 0.0241528 2.66528e-06 0.043293 0.00394354 3.41292e-10 
0.00788781 0.0464263 0.0122111 2.66764e-05 0.0155332 3.76709e-06 1.74141e-05 0.00106376 0.0127442 0.582125 0.000754088 0.137898 0.00102957 0.0153799 0.0359562 0.0803306 3.23354e-05 0.0368072 0.0137725 4.62094e-12 
0.0117368 0.0927682 0.00410853 0.00503688 2.52508e-08 0.000203977 0.00134426 0.101356 0.00240986 0.57738 0.0705063 0.0277544 0.0111668 0.000563202 0.00469819 0.0389143 0.000177097 0.034349 0.0155267 3.20751e-11 
0.072361 0.126076 0.00809511 4.26523e-05 1.697e-05 2.63869e-06 0.000219213 0.0056947 0.00276286 0.711612 4.53778e-05 0.00472499 0.00194372 0.000173439 0.00778098 0.0486506 4.33022e-05 0.00923937 0.000514336 1.15258e-08 
0.149707 0.0111476 1.58791e-06 1.09924e-07 0.0179691 4.82801e-11 1.15691e-07 3.31867e-07 4.41751e-06 0.649343 1.22031e-06 0.111816 1.18119e-11 3.2553e-11 6.40529e-12 0.0209652 7.80321e-07 0.0390436 2.47009e-07 6.76119e-11 
0.0281396 0.0477436 0.0152499 0.00028175 0.00786739 0.000251798 0.0173609 0.0223543 0.0656131 0.574373 0.000447025 0.0358804 0.0390026 0.00104904 0.0388481 0.0191857 0.000282903 0.0629487 0.0226242 0.000496176 
0.0191722 0.029879 0.0134605 7.01086e-07 0.00445681 4.51572e-07 0.00344734 0.000808247 0.0125048 0.612337 0.00625466 0.0424894 0.0982166 0.000362105 0.0453306 0.0306163 4.49705e-05 0.0420795 0.0385388 3.59947e-07 
0.00208869 0.00806269 0.00171942 2.39203e-07 0.000228111 5.34331e-07 0.000126814 0.000497165 0.0025213 0.927547 2.13638e-05 0.00458195 0.00121057 4.28404e-05 0.00795164 0.0208158 4.87111e-05 0.0189573 0.00357791 1.68225e-09 
0.00926152 0.0348602 0.0136654 5.39406e-08 0.00797219 3.44119e-08 0.000743171 0.0354245 0.00291269 0.471866 0.0331205 0.016002 0.00476897 0.00279805 0.267587 0.000726313 0.00038225 0.046521 0.0513876 3.04631e-10 
0.00411672 0.0274597 0.0203168 0.000308859 0.00367435 8.79403e-07 0.000112271 0.204446 0.00768105 0.479134 0.000120404 0.0306737 0.0022851 9.94021e-06 0.0658407 0.0796772 0.010635 0.0401461 0.0233607 3.17827e-10 
0.0248897 0.0298236 0.121576 5.6486e-06 0.00332897 2.90086e-06 0.000708786 0.00597981 0.00965809 0.481618 7.37467e-05 0.0122335 0.00429241 0.00109305 0.0260619 0.0953971 0.065765 0.0143805 0.103112 1.77171e-10 
0.0119058 0.0133741 0.0297069 0.000115865 0.00664804 5.01647e-06 0.00233877 0.0112074 0.00131043 0.64312 0.000268874 0.0522222 0.00375255 0.000101651 0.00422869 0.178301 6.77579e-06 0.0141556 0.0272303 1.18268e-08 
0.0476679 0.053287 0.109113 0.000211416 0.00494756 5.42757e-05 0.000362704 0.0347354 0.0021482 0.493365 9.32281e-06 0.038871 0.0287616 5.67829e-06 0.046979 0.094905 1.62432e-05 0.0323641 0.012195 9.11437e-09 
0.0232421 0.0717226 0.169646 0.000224395 0.00243142 7.93558e-06 0.000620568 0.0249563 0.0236542 0.255936 0.00210989 0.0500175 0.0426116 0.00628889 0.111818 0.0812363 0.000340303 0.0982481 0.0348877 2.11336e-07 
0.0306286 0.21804 0.0918378 0.00149422 0.0120647 0.000714525 0.00140136 0.0131913 0.00815396 0.519358 0.00250722 0.0110087 0.0205136 0.000336353 0.000519518 0.0129722 0.000214886 0.0323183 0.0226645 6.03401e-05 
0.00208869 0.00806269 0.00171942 2.39203e-07 0.000228111 5.34331e-07 0.000126814 0.000497165 0.0025213 0.927547 2.13638e-05 0.00458195 0.00121057 4.28404e-05 0.00795164 0.0208158 4.87111e-05 0.0189573 0.00357791 1.68225e-09 
0.00110215 0.00762479 0.00368117 5.67572e-07 0.00481091 7.36542e-05 0.00113269 0.0653292 0.00602733 0.409608 0.000206282 0.0178734 0.0563294 0.25813 0.0261427 0.0413318 0.00260482 0.0651007 0.0328902 3.16058e-11 
0.106799 2.25525e-06 0.330463 0.00133808 0.01123 5.97693e-11 2.75271e-06 0.0519736 1.19174e-06 0.369983 2.58835e-06 0.0333 0.0948983 1.69262e-06 3.74282e-07 5.29746e-07 2.08997e-07 4.89553e-12 3.06189e-06 7.70138e-07 
0.0140854 0.113101 0.0261648 1.00841e-06 0.00522564 6.41168e-06 0.000496441 0.0477728 0.0181581 0.545757 0.000154469 0.0510073 0.0108272 8.30546e-05 0.0297598 0.0243437 7.85352e-06 0.102464 0.010584 3.85352e-10 
0.0536212 0.00374451 0.0401778 0.00172358 0.0660472 0.000303613 0.000635043 0.0433712 0.0404581 0.290685 0.0370433 0.00764447 0.0425944 0.00375679 0.0428812 0.0238231 0.000235738 0.0843784 0.216875 1.17559e-08 
0.0153049 0.015596 0.0644537 0.00587211 0.0043801 8.10182e-07 0.000398098 0.0760909 0.0356841 0.333014 0.000549111 0.0254443 0.0110249 0.00250802 0.0523639 0.0526051 0.00140684 0.181275 0.122028 1.0089e-08 
0.00547278 0.00890113 0.00385393 0.00027353 0.0118888 4.68279e-08 2.41959e-06 0.000104976 2.39035e-05 0.767239 3.85528e-08 2.00488e-05 1.33356e-05 9.89466e-06 6.37682e-06 0.000306246 3.5882e-06 0.0364275 1.17443e-05 0.16544 
0.0160204 0.0400524 0.017549 7.68342e-05 0.00469721 9.01219e-07 0.000242559 0.0799284 0.0126808 0.381846 0.000406297 0.0202395 0.00211935 0.00482257 0.0205801 0.359374 2.72572e-05 0.0250849 0.014249 2.38294e-06 
0.0113051 0.0462131 0.143414 0.000632436 0.00186433 2.28711e-07 9.76122e-05 0.0190395 0.000298212 0.336357 0.000992133 0.0342953 0.163553 0.00138659 0.0990226 0.00219507 2.33853e-05 0.0555296 0.0837806 3.5205e-11 
0.0618323 0.112078 0.0138342 7.75544e-07 0.0224969 6.08935e-05 0.000412924 0.0104082 0.00477654 0.459562 0.00309864 0.146496 0.0267848 0.000212925 0.0660455 0.00607175 0.000183029 0.0385639 0.0270756 5.245e-06 
0.00186187 0.00722865 0.0180749 1.34864e-08 0.00150367 3.91346e-07 0.000463053 0.326995 0.0359335 0.448371 0.00315373 0.0163489 0.000618714 0.00607834 0.026053 0.0344244 2.76406e-05 0.0451466 0.0277168 2.35983e-10 
0.00234221 0.014853 0.126894 5.90143e-05 0.00041352 8.3637e-08 1.10301e-07 0.14589 0.0228266 0.379927 0.000357622 0.0295336 0.00317261 8.89436e-05 0.174691 0.0337306 1.00336e-06 0.06226 0.00295928 1.80632e-11 
0.0124407 0.00615875 0.0782937 1.92955e-05 0.0044424 4.28065e-07 0.000156078 0.00121636 0.00153191 0.619719 0.000332724 0.0823037 0.105364 0.0126897 0.00466108 0.00242333 0.00140277 0.0508751 0.0159686 9.47255e-09 
0.0100607 0.0324762 0.0359221 7.76786e-08 0.00583914 1.93314e-07 0.0140427 0.0240139 0.00375437 0.488577 0.0028197 0.0264242 0.00429464 0.000422137 0.00806861 0.24725 2.26201e-05 0.0640922 0.0318208 9.86577e-05 
0.00499996 0.00803368 0.106906 3.11466e-05 0.000595125 0.00024137 0.00254554 0.00508707 0.0113466 0.2326 0.000121278 0.132765 0.0997951 0.00046495 0.109306 0.00428894 0.000166183 0.0903405 0.190366 1.30799e-07 
0.00521019 0.0141586 0.220697 0.00175529 0.000277461 0.000489262 0.000640342 0.000624137 0.0539361 0.626556 6.10146e-05 0.00378605 0.00258892 4.50373e-05 0.0377695 0.0225662 0.000124263 0.00500013 0.00371463 3.98703e-10 
0.0102404 0.0122574 0.00053688 3.69698e-09 0.00124251 5.83956e-07 1.47492e-06 0.000843205 0.0112195 0.900391 4.25018e-06 0.0105232 0.00544733 2.15717e-06 0.00370865 0.00281079 1.02411e-05 0.0382744 0.00247509 1.04902e-05 
0.00582438 0.034946 0.0645325 2.40866e-07 0.00177846 3.69059e-08 3.3726e-05 0.0245049 0.00354916 0.78581 0.00769466 0.00676577 0.0280794 0.000380917 0.00383402 0.00916721 1.69966e-05 0.00864531 0.0144355 7.46747e-07 
0.0106373 0.0139708 0.13718 1.17209e-07 0.00772008 4.03809e-07 0.000835077 0.102711 0.000885846 0.331883 0.000621629 0.0180685 0.0423943 0.000187546 0.0750526 0.0800349 9.5845e-05 0.135258 0.0424624 1.47817e-10 
5.17852e-08 0.017737 1.17016e-07 0.000143356 1.41283e-07 1.16808e-08 1.54641e-08 6.62586e-08 0.000669078 0.815788 1.37184e-11 2.18084e-07 0.000699336 5.10185e-06 8.7766e-08 0.16191 2.67505e-05 0.00302049 6.53917e-08 2.3335e-11 
0.00446678 0.0434702 0.106894 0.000449984 0.00934949 1.96086e-05 0.00341643 0.00297265 0.0467627 0.321489 0.000148666 0.0582066 0.0205727 0.00544795 0.0390209 0.0190907 7.89749e-05 0.287457 0.0306868 2.18485e-08 
0.0190222 0.0652497 0.0356378 0.00197529 0.0215861 0.00027058 0.00105375 0.210712 0.0109046 0.460462 0.00207496 0.0394214 0.00670922 0.00231319 0.0195959 0.0312172 0.00536477 0.0458436 0.0205855 4.73775e-07 
0.0125607 0.0224108 0.00494965 0.00274751 0.00171536 1.54601e-05 0.000832594 0.00578023 0.0195583 0.814591 3.83587e-05 0.0111198 0.00157962 0.00440716 0.00390928 0.0264919 0.00366425 0.0566994 0.00659885 0.000329452 
0.17562 0.039776 0.0475134 0.00560894 0.0375655 0.00108946 0.000363488 0.0120939 0.0291757 0.23499 0.00475406 0.0709821 0.0251755 0.00369845 0.0289134 0.0290036 0.00231302 0.217112 0.0251145 0.00913737 
0.00979502 0.0117381 0.142849 0.000224679 0.0126119 1.849e-05 0.000609672 0.0099715 0.0481272 0.309981 0.00371606 0.0282189 0.1283 0.00397233 0.0459589 0.00677722 0.00343945 0.118812 0.114774 0.000104219 
0.0183695 0.0286733 0.019104 0.000500542 0.0141138 6.80189e-05 0.00204492 0.0555648 0.028711 0.479326 0.000238058 0.0324738 0.0186626 0.0340967 0.0257661 0.137457 0.00266676 0.0708034 0.0312727 8.75067e-05 
0.0149518 0.0512329 0.0406045 0.000741027 0.00597948 8.42615e-05 0.00139145 0.0336675 0.0120075 0.668418 0.00841341 0.0315112 0.0161624 0.0018073 0.0284232 0.0162221 0.000584284 0.0428617 0.0220618 0.00287446 
0.0401313 0.103136 0.164012 0.00389477 0.0259209 0.000275096 6.91284e-05 0.000460841 0.0169269 0.254294 8.48142e-05 0.058847 0.0240827 0.000444981 0.0620679 0.0144013 0.000115631 0.133301 0.0974646 6.83528e-05 
0.0840426 0.0157486 0.128644 0.00557254 0.00870554 0.000111727 0.00197643 0.0104512 0.110005 0.2211 0.181565 0.025498 0.0109631 0.00103956 0.0136606 0.00109878 0.0878164 0.0333579 0.0586435 1.86721e-07 
0.0230177 0.0176633 0.0730398 0.0576507 0.102279 2.25187e-06 3.67513e-05 0.000785984 0.00585498 0.214651 0.00161456 0.0950297 0.0931697 0.163856 0.0392473 0.001166 0.000223741 0.0283273 0.082384 2.32052e-08 
0.0171201 0.0185846 0.125156 6.23214e-07 8.01172e-07 1.11043e-06 5.37381e-05 0.0600859 0.000388642 0.603752 0.000236466 0.0491193 0.0770554 3.71701e-05 0.0233784 0.0137585 9.21646e-06 0.00997029 0.00129174 6.18485e-08 
0.0115839 0.0265992 0.00155717 1.25514e-06 0.00118385 6.22644e-06 2.95012e-05 0.228367 0.0333261 0.584771 0.000541823 0.00954105 0.00308622 1.99422e-05 0.0366186 0.00756462 2.82141e-05 0.0491265 0.00604779 9.61248e-12 
0.0293722 0.00806967 0.215794 0.0201678 0.00138942 2.1074e-05 0.00784977 0.0459849 0.0398677 0.235776 0.0330973 0.0294213 0.0360434 0.0066424 0.0953579 0.0490897 0.000244026 0.0544346 0.0913769 2.42845e-07 
0.00443162 0.0612296 0.0105471 0.000118589 0.00321853 5.9736e-06 9.86108e-06 0.00835684 0.00753393 0.748956 0.00383236 0.00569737 0.00913787 0.0500859 0.000596962 0.0536206 0.00054028 0.0245745 0.00749998 5.75881e-06 
0.00736134 0.0123984 0.0261364 0.000899246 0.0013425 4.54611e-06 0.0010843 0.0354125 0.0112339 0.417248 0.00100594 0.0292167 0.0167605 0.00283974 0.0391689 0.34396 0.00147479 0.0358423 0.0165904 1.9966e-05 
0.00631235 0.0780649 0.00495542 0.00146579 0.0105749 3.17233e-06 0.000172581 0.0809233 0.0129692 0.473123 4.63669e-05 0.0217145 0.000395806 0.000663077 0.00290899 0.178812 4.77721e-05 0.115654 0.0111932 1.77593e-10 
0.0987193 0.0042755 0.0602888 2.94697e-05 0.150422 7.3335e-07 0.000223528 0.00488498 0.0685569 0.187342 0.000768125 0.0830831 0.0831463 7.84338e-07 0.0134248 0.0030231 3.96828e-05 0.0905061 0.151265 2.3548e-08 
0.00227277 0.00899966 0.00225637 2.24868e-06 0.00250946 1.51346e-08 2.0818e-05 0.0222887 0.00173004 0.517833 0.000312064 0.0428816 2.62542e-05 2.46848e-05 0.000119748 0.372785 2.58093e-07 0.0250819 0.000855515 5.07973e-08 
0.0771844 0.0142008 0.0127632 0.000198987 0.0440951 0.00910689 0.0029336 0.0405737 0.0126132 0.444427 0.0250798 0.0403864 0.134789 0.000204961 0.0446818 0.035531 0.000499352 0.0273848 0.030454 0.00289214 
0.012419 0.00968452 0.0587803 9.55389e-06 0.154175 0.00145999 0.00856674 0.0549257 0.0215164 0.250925 0.0272904 0.0664555 0.0068699 0.000183954 0.0124515 0.000970544 1.54126e-05 0.203959 0.109341 1.45287e-08 
0.00865496 0.0145652 0.141622 0.000804273 0.0442496 0.00119101 0.00249831 0.0798182 0.0725193 0.252194 0.00416811 0.0522747 0.0263478 0.162924 0.00408143 0.00836781 0.000536735 0.105672 0.0175099 2.28725e-09 
0.0111095 0.0438442 0.111911 0.00105858 0.0496921 4.74052e-06 0.000191257 0.0311511 0.0128194 0.359145 0.000852346 0.0348217 0.00892875 1.11361e-05 0.00345111 0.00830626 1.58417e-05 0.25609 0.0665965 9.7751e-08 
0.000761058 0.0148053 0.00282669 3.10164e-06 1.96939e-05 2.2449e-07 0.0115573 0.119361 0.0611942 0.694473 6.28927e-10 0.00579473 6.24846e-05 0.00815689 0.0292643 0.00573732 0.000490299 0.041328 0.00416386 9.57816e-11 
0.00626858 0.000369232 0.0187 7.43387e-07 0.000149576 5.8075e-08 0.000783518 0.227917 0.0141802 0.321347 5.68454e-07 0.0757407 0.00527265 4.95577e-07 0.0716078 0.165736 0.000173697 0.0148566 0.0768952 2.51557e-10 
0.0177135 0.0325806 0.0280038 1.16328e-05 0.0195719 0.000561064 0.0155915 0.0276399 0.0137129 0.549069 0.0103189 0.0138995 0.162392 0.00295892 0.0233638 0.0302143 0.000330209 0.0130999 0.0389648 2.42115e-06 
0.0193566 0.00474632 0.0188663 5.71052e-05 0.000167666 2.27375e-05 0.000406685 0.00258677 0.0254509 0.807573 7.43107e-05 0.00422642 0.00594317 0.04046 0.0256521 0.00216424 0.000297406 0.0274305 0.0145178 3.40815e-10 
0.0273063 0.0242249 0.041432 0.020677 0.00246013 7.70306e-06 0.00163037 0.0615248 0.03401 0.562202 0.00680304 0.0198165 0.0267743 0.00119392 0.0459757 0.0244824 0.00102292 0.0578762 0.0405794 3.89652e-07 
0.0896482 0.0556504 0.239949 3.91923e-09 0.0464366 3.10021e-09 0.000500136 0.000316774 0.0178562 0.271424 0.0010238 0.170296 0.0195998 0.00406023 0.0023295 0.00264516 1.0171e-05 0.061083 0.0147048 0.00246659 
0.0103479 0.0620953 0.173604 1.49972e-05 0.0151544 0.000118557 0.000287288 0.0631796 0.0042769 0.455004 0.000130966 0.0137339 0.038399 0.000237419 0.00327342 0.110461 7.46986e-06 0.0185236 0.0311502 6.22378e-10 
0.00196295 0.0648917 0.0155978 5.15164e-09 0.00241472 9.93681e-13 1.6207e-06 0.00149488 0.0804925 0.406041 3.16607e-08 0.112656 0.00120465 9.91656e-09 0.217919 0.00836367 2.43259e-05 0.0651064 0.0218296 1.39156e-12 
0.0637499 0.00360802 0.0362089 0.000213993 0.00553733 4.15334e-05 0.000137148 0.00118946 0.0462549 0.237061 0.176666 0.00128746 0.119953 0.185604 0.00349467 0.000397472 0.000165522 0.00112508 0.117304 6.48416e-09 
0.00245941 0.0118319 0.00123842 6.12085e-10 2.80841e-05 4.84176e-10 4.48841e-06 0.0421231 1.3696e-07 0.938214 2.66618e-08 1.25993e-06 0.000205997 3.26457e-10 5.61892e-06 0.00128152 1.16624e-08 0.00246041 0.00014307 2.53377e-06 
0.00380313 0.000630713 0.120701 3.4894e-06 0.257595 5.55322e-07 0.000187079 0.0403063 0.00340158 0.427399 0.00697962 0.00585256 5.05825e-05 0.000234495 0.0677256 2.25034e-06 4.90183e-06 0.02573 0.0393932 4.08291e-08 
0.0513804 0.0567878 0.0866226 2.63833e-06 0.0174738 6.44111e-06 0.000164205 0.0269534 0.019233 0.381623 0.0164299 0.09777 0.0171922 0.000262644 0.0144157 0.0800876 0.000376849 0.0981455 0.0350727 2.77167e-10 
0.0108057 0.029366 0.0370192 0.000558565 0.0101496 1.71479e-05 0.00200559 0.198208 0.00834991 0.540232 0.00383584 0.0316649 0.0120647 0.00159431 0.021983 0.0205576 0.00418995 0.0545046 0.0127947 9.90524e-05 
0.00251905 0.00316906 0.0550027 1.55667e-06 0.000521382 1.1939e-05 0.0058293 0.024167 0.007025 0.714331 0.0226256 0.0171211 0.051282 0.00046473 0.0640593 0.00231016 0.00016549 0.0200698 0.00932286 5.86559e-07 
0.0109154 0.012575 0.00286726 0.00718524 0.000899714 2.44501e-07 8.78889e-05 0.170469 0.00642994 0.475525 1.15137e-05 0.0135784 0.00135352 0.00816063 0.0856148 0.156499 0.000807567 0.0392206 0.00779888 4.73696e-10 
0.0229831 0.0107373 0.0474869 0.000615748 0.00400611 1.62082e-05 0.00130563 0.0658843 0.00212615 0.629229 0.00139744 0.0278153 0.0296211 0.0608241 0.0149784 0.011243 0.000603867 0.0463542 0.0227636 8.68666e-06 
0.0335958 0.0202585 0.0851859 0.00345214 0.0322465 5.35533e-05 0.00349071 0.0295861 0.0377437 0.394982 0.00156201 0.0755965 0.0295134 0.00412217 0.0873862 0.0356044 0.000473572 0.0671367 0.0580079 1.70332e-06 
0.00820656 0.00250235 0.00353546 7.50549e-05 0.0477309 3.17174e-07 0.0390764 0.113577 0.0121268 0.628786 0.00270124 0.00293697 0.0102036 0.0084711 0.00766157 0.0952237 0.000162328 0.00642334 0.0105992 2.17265e-10 
0.0635121 0.188693 0.13726 0.00116875 0.0284226 0.00189485 0.000461781 0.000668192 0.0455173 0.216446 8.47343e-05 0.0710685 0.0601009 0.0490521 0.0195292 0.00393695 0.000103663 0.0575767 0.0545031 4.51949e-09 
7.01851e-07 0.0059653 0.140167 9.216e-11 1.29784e-07 1.75036e-07 1.27881e-06 0.286111 1.81709e-07 0.345169 0.00407888 2.79203e-06 0.160132 0.00227955 3.34064e-06 0.034394 5.419e-07 0.0126438 0.00905001 1.02091e-10 
0.0262822 0.00660323 0.218377 1.69735e-05 0.0129668 3.52339e-09 8.78975e-06 0.0387015 0.00262978 0.485834 6.89938e-05 0.0100586 0.00090686 6.20551e-06 0.0126026 0.156094 3.11092e-05 0.0165206 0.0122905 7.70362e-07 
0.00911464 0.0111879 0.0306259 0.00026913 0.000458158 6.36547e-05 0.00167452 0.172389 0.0536959 0.207174 0.00186044 0.0335876 0.0111028 0.00118261 0.181049 0.092635 0.000583096 0.175012 0.0163342 2.44595e-08 
0.00298422 0.00621363 0.0178843 0.00390499 0.0164823 1.15039e-08 0.0018751 0.00690959 0.0153235 0.406775 0.000376983 0.00783782 0.0134143 3.10137e-08 2.55313e-08 0.240938 9.47124e-09 0.0286796 0.2304 8.47454e-12 
0.0500182 0.0500094 0.0500164 0.0499419 0.050013 0.0499601 0.049976 0.0500186 0.0500165 0.0500239 0.0499724 0.0500231 0.0500123 0.0499829 0.05002 0.0500046 0.0500124 0.0500235 0.0500224 0.0499324 
0.149707 0.0111476 1.58791e-06 1.09924e-07 0.0179691 4.82801e-11 1.15691e-07 3.31867e-07 4.41751e-06 0.649343 1.22031e-06 0.111816 1.18119e-11 3.2553e-11 6.40529e-12 0.0209652 7.80321e-07 0.0390436 2.47009e-07 6.76119e-11 
0.00769681 0.0402108 0.010748 4.28934e-07 0.00027217 7.31071e-07 9.59171e-05 0.0186799 0.0127181 0.685742 1.07389e-05 0.0630733 0.00621491 0.000801205 0.0675633 0.0186479 3.49552e-05 0.0385971 0.0212247 0.00766699 
0.0389025 0.00627969 0.0236991 0.000529845 0.0037333 2.2796e-06 0.000132539 0.207116 0.0111063 0.219054 0.00152039 0.0566893 0.159336 0.000347918 0.133744 0.0537439 2.07356e-05 0.0624377 0.021582 2.34499e-05 
2.07838e-05 0.00233366 0.227641 2.9997e-10 2.59356e-05 7.47576e-07 5.61706e-07 0.0153972 0.000149731 0.293634 0.132503 0.00690421 0.258585 0.000339971 0.0163286 0.00195953 0.000478881 0.0420596 0.00163812 3.32296e-10 
0.0214483 0.0440527 0.0772782 0.00153761 0.0103392 9.88758e-05 0.000871375 0.0763953 0.0459707 0.444263 0.0093167 0.0352353 0.0111156 0.00954331 0.0470891 0.0493488 0.00874804 0.0673234 0.040024 6.47348e-09 
0.287451 0.00661297 0.00519518 1.72615e-06 0.000360911 2.2998e-07 7.96576e-11 0.0355568 1.90317e-11 0.570387 8.48693e-11 0.00109099 4.89985e-07 2.18012e-07 1.36763e-11 0.0666131 0.000128128 0.0249696 0.00163099 1.44362e-10 
0.095919 0.00986016 0.0707707 2.56973e-07 0.0395214 3.92995e-06 6.76871e-05 0.0260656 0.0017505 0.412844 0.00109959 0.0257567 0.0549984 0.00227552 0.0358924 0.00308701 7.13659e-05 0.0507013 0.169191 0.000123643 
0.0204076 0.0589323 0.0270577 5.39366e-05 0.00101718 6.40536e-06 0.010255 0.00750027 0.0148983 0.721049 0.0231074 0.0131232 0.015893 0.00898147 0.0271404 0.0158545 0.000230497 0.00724216 0.0272426 7.43503e-06 
0.0102376 0.198565 0.0659719 2.87065e-07 0.00249297 5.36896e-07 0.00244306 0.013948 2.51638e-05 0.552983 0.00064107 0.0363612 0.0683202 0.000382921 0.01346 0.0260691 2.65267e-05 0.00688613 0.00118338 1.8692e-06 
0.0175326 0.0385588 0.0194244 0.0145578 0.00098531 2.82588e-06 0.000684478 0.0600708 0.0522338 0.551436 0.0011916 0.0130439 0.00648457 0.00200689 0.00484791 0.0620348 0.0370103 0.0894485 0.0284452 2.36914e-08 
0.015703 0.238965 0.0127082 0.000115167 0.00489649 1.29455e-06 0.0016006 0.0139964 0.0283951 0.515976 0.000310895 0.0277639 0.00527717 0.00017144 0.0119302 0.0124711 2.84324e-05 0.0909532 0.0187027 3.39832e-05 
0.00965006 0.0212173 0.0581406 2.09767e-08 0.00536316 2.51e-07 2.54561e-06 0.0452571 0.00154423 0.641604 0.0102574 0.0235962 0.0179699 0.0185987 0.0246002 0.0377714 0.000455698 0.0372674 0.0467037 2.48593e-07 
0.0506942 0.0655746 0.0456915 1.99346e-06 0.000935438 3.54653e-08 0.000234459 0.089052 0.0540978 0.428378 0.00135039 0.0181827 0.043681 0.017647 0.0273284 0.0648686 8.86971e-05 0.0258283 0.0663646 6.62395e-08 
0.00309395 0.00501167 0.00269555 5.08918e-05 0.000287827 3.07724e-06 5.97096e-05 0.000232672 0.00117777 0.810798 3.9411e-05 0.0151404 0.0342111 2.02513e-05 0.0140774 0.0983274 2.29322e-05 0.00884892 0.00590054 3.03562e-08 
0.0255958 0.182683 0.00588968 0.00844404 7.54939e-07 7.5414e-07 7.54379e-07 7.55023e-07 7.54991e-07 0.658449 7.54326e-07 0.0157822 7.54928e-07 7.54484e-07 7.55044e-07 7.54811e-07 0.000529205 0.0992206 0.00339861 7.53721e-07 
0.00372466 0.446717 0.027404 2.82214e-08 5.24718e-06 6.49081e-11 0.0112423 0.0029617 6.24928e-08 0.474773 0.000188953 0.000256838 0.014821 0.000310641 0.00292179 0.00803032 0.000125171 0.00311765 3.05806e-08 0.00339954 
0.00130458 0.00656521 0.00428424 2.91235e-05 7.0503e-09 4.18665e-09 0.00114864 0.0799401 0.0138728 0.702694 0.000131031 1.97105e-07 0.010405 5.24208e-08 0.0116781 0.167945 9.3674e-09 9.41618e-07 1.03967e-07 2.25414e-12 
0.0558953 0.0183203 0.0130634 9.44528e-05 0.0134552 1.3264e-05 0.0191346 0.102172 0.00414945 0.342908 0.00184731 0.0583466 0.144894 0.000937976 0.125656 0.00444547 0.000223016 0.008133 0.086057 0.000254074 
0.00644635 0.0157758 0.0150947 0.00371336 0.000843478 2.64959e-07 2.44706e-05 0.0176797 0.00470684 0.663785 0.000234657 0.0246902 0.000865439 0.000243863 0.0201023 0.0411133 2.73547e-05 0.17221 0.0124432 1.37965e-09 
0.0264902 0.0347671 0.0640257 0.00139667 0.0125986 0.000142356 0.00449983 0.0396465 0.0190954 0.485129 0.0226465 0.0501109 0.0645965 0.0106516 0.0470533 0.0239072 0.00195529 0.049956 0.0407265 0.000604593 
0.00156057 0.166494 0.251184 2.36894e-11 0.00546938 4.7035e-06 0.000487278 0.00180514 0.00113352 0.349853 1.54276e-11 0.0239067 0.000143823 0.000619278 0.0156736 0.0468048 4.58188e-12 0.133301 0.00155888 2.62422e-11 
0.000184841 0.00288906 0.000469263 0.000183836 4.65543e-05 3.56178e-09 0.00146214 0.22022 3.29361e-08 0.706373 1.35015e-05 0.000689633 0.0668478 8.91247e-08 2.57257e-05 0.00047462 2.36778e-11 1.07262e-05 0.000108925 1.35613e-10 
0.000692058 0.00062034 0.00593739 2.42055e-06 0.00246834 1.05675e-05 0.000328795 0.0149792 0.0161865 0.91688 4.38306e-05 0.00301145 0.0108971 0.0138434 0.00343512 0.00585891 2.95088e-05 0.00282847 0.00194617 6.39853e-08 
0.00248573 0.0187802 0.137938 3.21502e-07 0.00301328 0.000136193 0.0002063 0.00151703 0.000233768 0.450025 0.0662797 6.75021e-06 0.251591 1.48853e-06 0.0131771 0.0126643 0.000176618 0.0403409 0.00142584 3.84223e-08 
0.000112077 0.0536624 0.129279 3.12578e-07 9.02593e-05 2.24397e-08 0.001712 0.0073248 0.012594 0.402514 0.00668272 0.00581373 0.107199 0.00124197 0.149149 0.0711461 1.45444e-05 0.045651 0.0058136 4.02623e-08 
0.018375 0.0334598 0.0339998 1.09348e-06 0.00137431 6.29274e-06 0.00250245 0.122573 0.0390069 0.653107 0.00341791 0.0391502 0.0039442 0.00156655 0.0153426 0.00937423 0.000359871 0.00868965 0.0137455 3.81701e-06 
0.0670962 0.00658919 0.0182339 4.71971e-06 0.179386 7.22889e-05 0.00326885 0.00123591 0.000142292 0.428378 0.00120894 0.0257223 0.0160763 3.80329e-05 0.00253944 0.00207815 0.000111854 0.245297 0.00219199 0.000328672 
0.0373002 0.12719 0.0232456 0.000472736 0.00409403 1.01382e-06 0.000618344 0.000533527 0.0239108 0.405388 2.29923e-05 0.13499 0.0191846 0.156867 0.00364789 0.000855539 0.00160503 0.0581001 0.00197233 1.0788e-06 
0.000516574 0.0101152 0.00156695 4.25667e-08 0.059114 1.12396e-08 2.71511e-11 0.00151792 1.60776e-08 0.575531 3.59182e-07 3.13899e-12 0.000467946 2.55254e-05 2.00943e-08 0.343461 2.45313e-06 0.00614225 0.00153873 9.58375e-09 
0.00110215 0.00762479 0.00368117 5.67572e-07 0.00481091 7.36542e-05 0.00113269 0.0653292 0.00602733 0.409608 0.000206282 0.0178734 0.0563294 0.25813 0.0261427 0.0413318 0.00260482 0.0651007 0.0328902 3.16058e-11 
0.0228338 0.0188439 0.0462469 0.000343885 0.00791281 0.000565883 0.00415756 0.0285767 0.0980124 0.327885 0.000211617 0.0870552 0.0691511 0.0682268 0.104205 0.0307399 0.000255006 0.028086 0.0566797 1.17995e-05 
0.0116327 0.0469173 0.0978502 3.97819e-07 0.0553381 1.10242e-07 1.45949e-07 2.42371e-11 7.60717e-07 0.227161 1.29473e-10 0.177836 0.00985094 4.81509e-05 0.0756273 9.17219e-06 1.57694e-07 0.222866 0.0748623 2.20234e-10 
0.000322335 0.00791148 0.00250886 1.194e-06 2.09817e-06 7.93136e-08 3.10791e-05 0.139437 4.53486e-05 0.791361 0.00125626 0.00084863 0.0059665 1.92434e-05 0.0274677 0.0186562 6.99947e-07 0.00320533 0.000959012 5.51546e-12 
0.00652481 0.0476772 0.030847 0.00262464 0.00683278 3.63527e-06 0.0003609 0.000524874 0.00870549 0.314509 4.30441e-05 0.0557838 0.132387 0.00912897 0.0531293 0.00403246 0.0002743 0.138488 0.188123 6.16799e-07 
0.00130458 0.00656521 0.00428424 2.91235e-05 7.0503e-09 4.18665e-09 0.00114864 0.0799401 0.0138728 0.702694 0.000131031 1.97105e-07 0.010405 5.24208e-08 0.0116781 0.167945 9.3674e-09 9.41618e-07 1.03967e-07 2.25414e-12 
2.73637e-06 0.00642684 4.0655e-06 1.28222e-08 0.0169476 1.01427e-08 0.000199885 0.246018 0.0060268 0.289429 0.00934029 0.259225 0.122599 6.10084e-06 1.33367e-06 1.49214e-05 1.32236e-07 0.0394724 0.00428589 1.4204e-08 
0.00589078 0.0291133 0.0330329 7.94286e-05 0.0052804 6.30462e-08 0.000168224 0.046885 0.00521024 0.441175 0.000107952 0.0605363 0.00320186 0.00439942 0.0514086 0.232162 1.51939e-05 0.0545056 0.0267781 5.04726e-05 
0.0153466 0.0392735 0.0827121 0.000130528 0.00602457 1.85269e-11 0.00021627 0.0140986 0.0334408 0.366756 0.000821131 0.0500742 5.97752e-05 0.000496614 0.0834004 0.0381422 2.16201e-06 0.26751 0.00149507 2.59452e-11 
0.0193584 0.0575548 0.0660801 0.00041818 3.06383e-05 8.0283e-05 6.42941e-06 0.0192803 1.36528e-05 0.430557 0.000113286 0.032955 0.290268 0.00041389 1.65581e-05 0.022757 1.4119e-06 0.034698 0.025397 1.63242e-07 
0.00970897 0.0062645 0.00272641 0.000863712 4.76973e-05 2.97111e-06 0.000348052 0.227103 0.00496219 0.553224 6.15027e-05 0.00342628 0.00237271 0.00225219 0.0306013 0.122026 7.44077e-05 0.0323541 0.00158016 1.19686e-07 
0.00353112 0.0748551 0.0760043 1.31586e-07 3.85534e-05 9.14814e-08 0.00201336 0.00189431 0.00981073 0.331451 2.63851e-07 0.0283829 0.083204 1.12228e-07 0.248401 7.96823e-05 1.43244e-05 0.0899668 0.0503524 3.03862e-10 
0.0421561 0.050846 0.087433 8.56613e-05 0.00939621 4.7969e-07 0.00653435 0.0106249 0.030619 0.443737 0.000744069 0.0990312 0.00879694 0.00862616 0.0544774 0.0572588 0.000186833 0.0670384 0.0224073 1.62815e-07 
0.0105655 0.00297291 0.00633377 1.34384e-05 0.00937001 0.000483608 2.01185e-06 0.00242577 0.00144394 0.351469 2.84421e-07 0.123779 0.00011318 1.06481e-05 0.132675 0.00404953 4.83481e-05 0.168325 0.185919 3.07506e-09 
0.014422 0.00325921 0.086951 0.000618877 0.0474679 1.56482e-07 0.00220925 0.0346071 0.0815467 0.26979 5.11327e-05 0.0112067 0.142065 0.107085 0.0127009 0.118283 0.00167279 0.0392304 0.0268324 8.36701e-08 
0.00658526 0.00365668 0.0972221 2.14123e-06 0.0098302 1.24061e-06 0.000162137 0.0396475 0.0107472 0.230881 0.111973 0.0306982 0.16549 0.000724426 0.111312 0.0215273 0.000314664 0.139434 0.0197915 2.52423e-10 
0.00421214 0.00689186 0.00900085 1.62347e-07 0.0193019 8.9888e-09 1.85818e-05 0.123199 0.00137102 0.579875 0.000208094 0.00972677 2.15264e-07 0.00308744 0.000181519 0.204614 1.97298e-06 0.0351337 0.0031618 1.31148e-05 
0.00200142 0.00989323 0.169501 2.33511e-05 0.0085147 9.39573e-05 0.000561521 0.0612035 0.0112778 0.235956 0.0127359 0.0235247 0.104551 0.000240163 0.0981522 0.124837 0.000225524 0.0383318 0.0983745 1.95334e-11 
0.00485152 0.288089 0.00422827 0.000116152 4.30583e-05 8.79006e-07 0.000845124 0.00175157 0.000192575 0.554095 2.61309e-05 0.0262656 0.0265677 6.17086e-05 0.0394953 0.0353882 2.74943e-06 0.0101045 0.00787286 1.98189e-06 
0.0116828 0.053271 0.0159887 0.000320955 0.00639615 2.46369e-05 0.00539467 0.201485 0.0136487 0.554121 0.000661535 0.0186174 0.0323054 0.0144697 0.0174976 0.00542409 0.000535628 0.0187411 0.0287547 0.0006585 
0.019628 0.0577342 0.157674 0.00275843 0.0144556 0.000151454 0.00248429 0.0747624 0.0230017 0.38164 0.00301266 0.0538085 0.0162695 0.00322036 0.0623766 0.0228866 0.00179609 0.0645024 0.0370107 0.000826523 
0.00546971 0.102076 0.202976 0.00131538 0.000369005 0.000134777 0.000986293 0.000552441 0.0557379 0.54191 4.56173e-05 0.0087294 0.00294993 0.00069625 0.0283211 0.0367855 0.00030806 0.00492397 0.00571312 9.16644e-11 
5.17852e-08 0.017737 1.17016e-07 0.000143356 1.41283e-07 1.16808e-08 1.54641e-08 6.62586e-08 0.000669078 0.815788 1.37184e-11 2.18084e-07 0.000699336 5.10185e-06 8.7766e-08 0.16191 2.67505e-05 0.00302049 6.53917e-08 2.3335e-11 
0.00256155 0.0214729 0.0996463 4.30707e-06 1.25876e-05 3.47825e-06 3.51689e-05 0.0031476 0.060021 0.712532 0.000385455 0.00568046 0.0041502 0.000110318 0.0269286 0.0098258 3.22979e-06 0.0496019 0.00387487 2.59026e-06 
0.0128936 0.1139 0.0258867 0.004808 0.00354289 0.00207167 0.00164719 0.0608005 0.039591 0.421765 0.00509037 0.0202863 0.00950349 0.00226071 0.0211255 0.180185 0.00357691 0.0568582 0.0136378 0.000569086 
0.0107156 0.012425 0.0641246 0.000457541 0.00901219 4.53786e-06 0.0017463 0.120408 0.0127169 0.546673 0.000395583 0.00918223 0.00553776 0.0118001 0.00800058 0.135033 0.000431211 0.0402135 0.0101999 0.000922486 
0.00466773 0.0104281 0.00523602 3.81487e-07 0.00207794 1.71983e-06 0.000943715 0.00660855 0.001479 0.729709 7.88998e-05 0.131122 0.0151181 0.000116869 0.0188573 0.0132977 8.81197e-05 0.0435023 0.0166668 1.99697e-07 
0.0172775 0.00597395 0.011791 0.000386973 0.0180156 1.77031e-05 3.70737e-05 0.00523681 0.0123722 0.314908 0.00618872 0.0336295 0.00639141 0.000182627 0.18294 0.012742 0.115595 0.148975 0.10733 8.01452e-06 
0.00352154 0.123953 0.188448 3.76906e-10 1.47303e-06 2.98143e-10 8.61705e-06 6.22018e-05 0.001192 0.260374 0.000548652 0.111815 0.00160556 2.58983e-05 0.10105 0.180284 1.45396e-06 0.00866094 0.0184468 4.17522e-10 
0.0250781 0.0459821 0.0469252 0.00456076 0.0254688 0.000304457 0.00278624 0.0107324 0.0669737 0.386894 0.000220138 0.0574123 0.004214 0.00307002 0.0139015 0.0283111 0.00011127 0.21854 0.0585139 3.52104e-09 
