0.0100211 0.0210307 0.0160508 0.000198044 0.00808825 0.000110856 0.00541447 0.0732601 0.0124227 0.526306 0.000950157 0.0211051 0.00238458 0.00257326 0.023234 0.216478 0.000104452 0.048942 0.0104343 0.000890996 
0.0431313 0.0548182 0.0324859 3.01559e-05 0.0133796 1.06959e-08 0.00143204 0.0624597 0.00332677 0.633561 5.81674e-05 0.0545953 0.0294354 2.92214e-05 0.0366113 0.00160356 2.17653e-05 0.0264397 0.00656478 1.58349e-05 
0.0467408 0.228133 0.114998 0.00103602 0.0198885 1.25877e-05 0.00208997 0.0193505 0.00708415 0.372904 0.000261869 0.0468193 0.00788509 0.000303049 0.0464099 0.0288858 6.29482e-05 0.0447369 0.0096808 0.00271725 
0.0411083 0.110932 0.0291333 0.000326175 0.0375983 2.80335e-05 0.000195322 0.042984 0.0164619 0.526414 0.000943748 0.0521197 0.00617851 0.00173823 0.00886068 0.018815 5.33699e-06 0.0791099 0.0144145 0.0126333 
0.0150015 0.17796 0.0514039 0.000559756 0.00272351 1.30024e-06 0.00309804 0.136283 0.00376084 0.410664 0.00909473 0.0285723 0.0151916 0.0152313 0.0730093 0.015723 0.000290466 0.0238018 0.0176308 4.63885e-10 
0.00405634 0.0445129 0.0278743 1.67309e-06 0.0547994 0.000293498 3.62202e-05 0.0616886 0.00208709 0.49333 0.00438707 0.00885118 0.00921879 5.6173e-05 0.024706 0.123152 6.71009e-05 0.101078 0.0398012 2.67489e-06 
0.0126371 0.00476582 0.0186442 0.00273714 0.00444983 6.02794e-07 0.00324266 0.00154515 0.176477 0.466677 2.12825e-08 0.0195671 7.12081e-07 3.78785e-05 0.0128335 0.00431724 1.38728e-07 0.121879 0.150188 3.62014e-08 
0.00817472 0.045185 0.248381 9.15598e-09 0.0140023 9.93504e-05 0.00114958 0.000906615 0.00447222 0.581212 0.000421909 0.00648233 0.0502448 0.000274618 0.00571263 0.0236311 0.000165402 0.00595922 0.00329424 0.000230675 
0.0163627 0.0707545 0.0673301 0.000100985 0.00141607 2.15154e-05 0.0420046 0.000954976 0.00198889 0.510322 0.00100636 0.00751296 0.158049 9.0731e-06 0.0098597 0.00651609 7.65572e-05 0.0757605 0.000581414 0.0293716 
0.00802177 0.025176 0.0370204 0.00016124 0.00723735 1.36536e-05 9.16953e-05 0.0167917 0.0083909 0.692978 3.1261e-05 0.0103122 0.00900358 1.00381e-06 0.005168 0.0457788 1.40077e-05 0.124954 0.00885499 3.52034e-10 
5.05403e-06 0.0168858 0.154396 5.37364e-07 3.69884e-07 5.11298e-08 0.0131274 9.41867e-08 0.123116 0.324285 0.00343145 0.142281 0.00339743 1.05391e-06 0.0878665 0.00984998 1.39007e-07 0.09522 0.0261364 2.69984e-10 
0.000602364 0.00414878 0.140921 2.73962e-06 3.13239e-05 6.06186e-08 0.00638266 0.0963336 0.0029307 0.413381 4.75572e-05 0.0023938 0.021147 8.49256e-06 0.00650969 0.295149 2.57049e-07 0.00155358 0.00845602 1.10109e-09 
0.0275608 0.00751852 0.0607759 0.000629409 0.00562202 1.87426e-07 0.000524412 0.0986392 0.0549948 0.502082 0.00256474 0.0119312 0.00135737 0.000239608 0.0311023 0.0295237 0.000734545 0.121194 0.0430054 1.39034e-08 
0.0228612 0.0090697 0.0117775 0.00607463 0.0118531 1.8923e-06 0.000627185 0.077937 0.0591656 0.611031 0.00128305 0.0165887 0.00499018 0.0060862 0.0119436 0.0613509 0.00610806 0.0439967 0.0372543 1.60237e-10 
0.000396009 0.0769878 0.00886282 1.47466e-06 7.71931e-06 0.000330002 0.000414584 0.0392912 0.00800563 0.626262 0.0440339 0.00708722 0.00226295 0.0088212 0.00520394 0.157409 6.59155e-05 0.0112945 0.00326194 1.55184e-09 
0.0400629 0.0880921 0.0564885 1.08025e-06 2.29114e-05 2.6156e-08 3.06549e-06 0.00420261 0.0318867 0.402108 1.16628e-06 0.082009 0.00577981 6.62458e-05 0.0490826 0.00367679 5.52639e-07 0.197886 0.0378872 0.000742571 
0.00210362 0.00549859 0.0596823 3.89167e-10 5.00113e-06 2.02652e-07 0.0110299 0.00634345 2.61553e-07 0.385669 9.98162e-06 0.0105538 0.215356 0.00288948 0.0759446 0.00820515 2.55697e-07 0.12581 0.0908989 4.31104e-10 
0.0040119 0.0236867 0.108628 6.73753e-07 0.0214901 0.000204973 0.000273099 0.02825 0.00369718 0.595786 0.00899955 0.00882574 0.0019268 3.8199e-05 0.00304806 0.000836583 5.33967e-06 0.0147836 0.175508 1.56988e-07 
0.0803459 0.0797185 0.0581767 0.00100256 0.000454141 3.21303e-05 0.000220871 0.0171649 0.0257382 0.445037 0.000238994 0.0527573 0.0743616 0.000437603 0.0282897 0.0252523 8.58682e-05 0.0671148 0.0251321 0.0184385 
0.062188 0.00475054 0.180781 3.41278e-07 0.0217494 2.05815e-05 0.000284474 0.00142272 0.00221139 0.270712 0.00219055 0.232188 0.10348 2.6355e-05 0.0659404 0.000116339 2.10583e-05 0.0482172 0.00370035 1.78997e-09 
0.00161199 0.0039401 0.0116187 0.000152791 5.35632e-06 0.0176614 1.37159e-05 0.26743 0.000749353 0.646531 0.00544519 0.00107877 0.0282741 0.00610209 0.000592437 0.00300263 7.85187e-05 0.00475171 0.000960489 1.234e-10 
0.00234065 0.0123069 0.018284 7.48178e-06 0.0199054 1.01408e-07 0.00216521 0.0873888 0.0453766 0.574619 5.56739e-05 0.0121699 0.00170526 1.38859e-05 0.0191662 0.0911779 9.76803e-06 0.107649 0.0056583 9.43408e-10 
0.0500182 0.0500094 0.0500164 0.0499419 0.050013 0.0499601 0.049976 0.0500186 0.0500165 0.0500239 0.0499724 0.0500231 0.0500123 0.0499829 0.05002 0.0500046 0.0500124 0.0500235 0.0500224 0.0499324 
0.00521019 0.0141586 0.220697 0.00175529 0.000277461 0.000489262 0.000640342 0.000624137 0.0539361 0.626556 6.10146e-05 0.00378605 0.00258892 4.50373e-05 0.0377695 0.0225662 0.000124263 0.00500013 0.00371463 3.98703e-10 
0.00731538 0.024206 0.0338852 0.00486995 0.011234 2.55949e-05 0.00828781 0.188589 0.1081 0.469197 0.00170149 0.0167735 0.00476922 0.00176366 0.0214413 0.0195622 0.00254144 0.0608242 0.0149134 7.76828e-08 
0.0105015 0.0266016 0.0581302 1.2234e-07 0.000747147 1.60514e-08 3.27255e-07 0.0859162 0.0213343 0.603564 0.000328001 0.0368836 0.000115586 0.00458229 0.0221327 0.0297444 0.000104045 0.0977097 0.00160372 2.47929e-11 
0.0349347 0.0595673 0.0271116 0.000105457 0.00020496 1.72202e-11 0.00991723 0.234198 0.00749193 0.363444 0.000103778 0.180358 0.00115631 0.000328314 0.000393679 0.00287338 2.42519e-05 0.00544444 0.0723423 3.6731e-08 
0.0141627 0.0662602 0.0508392 5.48395e-08 0.00498944 1.79461e-06 7.84106e-05 0.0036593 0.000650187 0.58618 0.000908149 0.00976252 0.187788 0.00114209 0.0202432 0.0125203 1.02902e-05 0.0334007 0.00734868 5.49031e-05 
0.000671393 0.00130563 0.0111822 9.34796e-09 0.000327992 9.85983e-08 3.54581e-08 0.0489598 0.0618895 0.678075 5.21346e-05 0.000934176 0.000136223 0.00017109 0.0201121 0.0299577 1.19671e-05 0.14348 0.00273362 2.51188e-11 
0.00245941 0.0118319 0.00123842 6.12085e-10 2.80841e-05 4.84176e-10 4.48841e-06 0.0421231 1.3696e-07 0.938214 2.66618e-08 1.25993e-06 0.000205997 3.26457e-10 5.61892e-06 0.00128152 1.16624e-08 0.00246041 0.00014307 2.53377e-06 
0.00360718 0.16854 0.0103426 1.85473e-07 0.00078309 5.79039e-07 0.000975837 0.0533756 0.0013857 0.631242 0.00424239 0.00543174 0.0010403 0.0120632 0.0934662 0.00204771 7.64262e-05 0.0040836 0.00729581 2.7806e-08 
0.030355 0.0836257 0.13262 2.71213e-05 0.00147781 1.60584e-07 2.99455e-05 0.00281556 0.065257 0.508151 2.95138e-07 0.017864 0.0537684 0.000231972 0.00758399 0.00405065 4.07469e-05 0.0814678 0.0106333 1.09615e-07 
0.101781 0.0341121 0.105127 1.43747e-05 0.147808 6.98415e-06 7.6149e-06 0.000727988 0.00768685 0.383621 0.0232601 0.0567053 0.0307137 0.000405365 0.00109674 0.00701602 3.28922e-05 0.0948954 0.00495379 2.77788e-05 
0.00675493 0.0123405 0.031619 0.000441492 0.019121 4.28931e-08 0.00264229 0.0532936 0.067774 0.47796 2.23268e-06 0.0538168 0.010972 0.000221431 0.0226699 0.178406 2.61751e-06 0.0373401 0.0246223 2.45481e-08 
0.00752313 0.118125 0.0144941 0.00161682 0.00360862 0.000118776 0.000465762 0.06416 0.0129555 0.446476 0.00522772 0.0271729 0.037505 0.0301886 0.0932613 0.0543747 0.000321202 0.0517738 0.0306195 1.19448e-05 
0.122442 0.0251035 0.0357086 4.03011e-05 0.00102162 2.65177e-11 0.00211075 0.0813083 0.0170603 0.200759 0.00555232 0.0696164 0.0275374 0.0389827 0.0732713 0.0301196 0.140077 0.0228296 0.106458 3.71356e-11 
0.0308648 0.0116474 0.0477442 0.194195 0.00666274 3.23118e-05 0.00229161 0.041345 0.00640685 0.217048 0.0177053 0.0093544 0.158374 0.000934094 0.125815 0.0171102 0.000305625 0.0534503 0.0587134 1.06658e-07 
0.00459183 0.0396243 0.0548969 9.23136e-05 0.00365704 1.28786e-05 7.11537e-05 0.0171157 0.0124527 0.654639 0.000231426 0.0236469 0.0209 0.00130377 0.0185795 0.0689219 1.28044e-05 0.0744959 0.00475331 1.48537e-07 
0.0491268 0.011206 0.139023 0.000345769 0.0411133 1.8686e-05 0.021847 0.072833 0.00128602 0.434541 0.00524412 0.064614 0.105928 0.000526981 0.00503887 0.0230428 0.000292727 0.00747622 0.0164959 5.88334e-08 
0.00707244 0.00533697 0.167624 5.03729e-06 0.00533731 3.49577e-07 0.148748 0.0285138 0.040967 0.239799 0.0122479 0.0759142 0.0145143 7.75399e-05 0.0190211 0.000966275 0.000510117 0.0519382 0.181402 4.31941e-06 
0.0281951 0.0740927 0.0203439 0.00273357 0.00331177 4.1507e-11 0.0069261 0.00172203 0.00123688 0.813205 0.000640687 0.00340427 0.000884981 0.000125793 0.00883529 0.0116753 1.9336e-05 0.018938 0.00370887 5.79431e-09 
0.0240968 0.00729518 0.000205497 2.29538e-11 0.00243934 5.97812e-09 8.90083e-05 2.79832e-12 0.00077139 0.860905 3.5409e-08 0.0943709 0.000554648 1.32982e-09 0.000377741 0.000341953 4.4396e-12 0.00425948 0.00429341 7.34849e-10 
0.0114627 0.0812747 0.0301958 6.2349e-06 0.00109996 3.67154e-10 0.00011943 0.00254431 0.000260693 0.539368 9.87669e-08 0.0716516 0.0113605 1.44973e-06 0.0408954 0.0642933 2.00796e-08 0.141328 0.00410131 3.67312e-05 
0.00214259 0.0393589 0.0877042 8.19342e-07 0.0377407 1.49214e-10 4.35156e-07 0.133681 0.00722514 0.540866 8.10048e-06 0.0263871 0.000758594 5.53522e-08 0.0137623 0.0100129 3.1375e-05 0.100168 0.00015136 2.08961e-10 
0.0447863 0.0136401 0.0926289 0.000442631 0.00882304 1.97412e-05 0.00162386 0.124829 0.0176227 0.498976 0.00125135 0.0606547 0.0177609 0.0102015 0.0232558 0.0133866 0.000167714 0.0460435 0.0238848 9.58882e-07 
0.0196169 0.0229262 0.0117608 0.000113979 0.0207657 1.19023e-10 0.0250858 0.00193902 0.0123451 0.651959 0.00640583 0.0351577 0.00991582 0.00075027 0.0678293 0.00610073 0.000120986 0.021671 0.0855357 4.03899e-07 
0.0281396 0.0477436 0.0152499 0.00028175 0.00786739 0.000251798 0.0173609 0.0223543 0.0656131 0.574373 0.000447025 0.0358804 0.0390026 0.00104904 0.0388481 0.0191857 0.000282903 0.0629487 0.0226242 0.000496176 
0.00208869 0.00806269 0.00171942 2.39203e-07 0.000228111 5.34331e-07 0.000126814 0.000497165 0.0025213 0.927547 2.13638e-05 0.00458195 0.00121057 4.28404e-05 0.00795164 0.0208158 4.87111e-05 0.0189573 0.00357791 1.68225e-09 
0.0131012 0.0525919 0.014124 8.51483e-11 0.0102439 2.93528e-05 0.000174538 0.0196949 0.00471884 0.389097 1.40217e-07 0.117895 0.0198407 0.000100714 0.0104269 0.075871 8.01088e-08 0.261984 0.010106 1.39492e-08 
0.0395382 0.0225802 0.158173 2.30602e-09 0.00280826 1.46745e-07 0.000339625 0.00151433 0.00356039 0.454527 0.0128878 0.0332364 0.0717599 1.60378e-05 0.0704363 0.0791169 4.38899e-05 0.0194598 0.00842461 0.0215776 
0.0973015 0.246402 0.0085549 0.17281 0.000265986 1.09613e-07 0.0109319 0.0333401 0.0040437 0.315566 0.000619966 0.019572 0.00428811 0.00161357 0.0079924 0.0196202 5.58263e-05 0.0229973 0.034025 1.53503e-07 
0.0104314 0.177538 0.0493206 1.48244e-05 8.83367e-05 1.46474e-06 0.000152757 0.0638778 0.00596972 0.362275 0.00212713 0.0442608 0.0368369 0.0108503 0.129741 0.0179393 0.000150271 0.0337788 0.0546459 3.24702e-11 
0.0124767 0.0110368 0.0170229 9.70157e-06 0.00296728 0.000138755 0.000336395 0.0751508 0.00321098 0.324987 9.4356e-05 0.324476 0.0545019 7.53286e-05 0.0269739 0.00355864 4.04707e-05 0.0130741 0.129841 2.6371e-05 
0.0132048 0.0318059 0.0099541 0.00318319 5.33043e-07 1.86584e-07 0.000177143 0.000114611 7.26265e-08 0.884728 0.00691586 0.0192265 0.000780881 0.000617711 0.00377758 4.84101e-07 7.19567e-11 0.022121 0.003347 4.49571e-05 
0.00245941 0.0118319 0.00123842 6.12085e-10 2.80841e-05 4.84176e-10 4.48841e-06 0.0421231 1.3696e-07 0.938214 2.66618e-08 1.25993e-06 0.000205997 3.26457e-10 5.61892e-06 0.00128152 1.16624e-08 0.00246041 0.00014307 2.53377e-06 
0.0110668 0.0241794 0.0205429 0.000175509 0.00614563 1.02939e-05 0.00214244 0.0913821 0.0146177 0.389385 9.69282e-05 0.0289184 0.0968257 0.000189673 0.0229947 0.153351 3.15572e-05 0.108371 0.0295273 4.65893e-05 
0.00993681 0.015307 0.00987304 8.26012e-05 0.0063121 5.9796e-05 0.000515007 0.145308 0.0033445 0.571051 0.0261765 0.0323294 0.0126127 0.022082 0.0421372 0.0511825 0.000125719 0.0177617 0.0338018 5.63795e-08 
5.17852e-08 0.017737 1.17016e-07 0.000143356 1.41283e-07 1.16808e-08 1.54641e-08 6.62586e-08 0.000669078 0.815788 1.37184e-11 2.18084e-07 0.000699336 5.10185e-06 8.7766e-08 0.16191 2.67505e-05 0.00302049 6.53917e-08 2.3335e-11 
0.207543 0.0524355 0.0727984 0.000219843 0.0020305 2.95012e-05 2.19053e-05 0.0019416 0.0145412 0.209286 0.00300229 0.0254597 0.0737176 0.0105715 0.0573718 0.0607252 0.000386414 0.154803 0.0506818 0.00243313 
0.00422739 0.011194 0.00727849 5.55784e-07 1.15012e-06 3.70815e-06 4.57257e-05 0.0434961 0.0037286 0.872672 0.0031532 0.00959054 0.0142534 0.000216628 0.0145658 0.00123961 9.97523e-05 0.000873642 0.0133595 1.96996e-09 
0.00227277 0.00899966 0.00225637 2.24868e-06 0.00250946 1.51346e-08 2.0818e-05 0.0222887 0.00173004 0.517833 0.000312064 0.0428816 2.62542e-05 2.46848e-05 0.000119748 0.372785 2.58093e-07 0.0250819 0.000855515 5.07973e-08 
0.0969061 0.0141012 0.134652 0.0105075 0.0757214 1.68211e-05 0.000356571 0.00516375 0.0175391 0.316149 0.000129835 0.0721276 0.0371192 0.00809944 0.00976598 0.00494721 0.0074101 0.082091 0.107197 4.61675e-08 
0.0208187 0.103984 0.0289835 0.00093914 0.00916168 7.30466e-05 0.00312052 0.0640399 0.0269049 0.587066 0.00122098 0.0391515 0.0154635 0.00126033 0.0219908 0.0165078 0.000864483 0.0397163 0.0175359 0.00119669 
0.0428021 0.0464213 0.032435 5.62262e-05 0.00268384 2.42204e-07 0.000773855 0.0803733 0.00416159 0.423641 0.0176358 0.0161852 0.00365659 0.00114632 0.036679 0.00125835 8.21894e-05 0.0504196 0.239588 1.66561e-10 
0.0213753 0.0562241 0.0694448 0.00244719 0.0148695 0.000118029 0.00026729 0.0706575 0.0228887 0.501761 0.000236625 0.0230571 0.0211461 0.0549304 0.0187529 0.051608 0.000560164 0.0615781 0.00806935 7.9799e-06 
0.0119381 0.058328 0.0453241 0.0015732 0.0102067 0.000203018 0.0020553 0.0701797 0.0152481 0.469589 0.0174366 0.0392554 0.0092741 0.00185357 0.0299825 0.151356 0.000506991 0.0501631 0.0154882 3.87574e-05 
0.0138539 0.13963 0.0249941 0.00489345 0.00069358 4.01627e-08 1.30112e-07 0.0134239 0.0622599 0.367657 0.00158384 0.0210696 4.60272e-07 0.000390673 0.0435382 0.0066184 0.00492586 0.273399 0.0210675 3.87525e-10 
5.17852e-08 0.017737 1.17016e-07 0.000143356 1.41283e-07 1.16808e-08 1.54641e-08 6.62586e-08 0.000669078 0.815788 1.37184e-11 2.18084e-07 0.000699336 5.10185e-06 8.7766e-08 0.16191 2.67505e-05 0.00302049 6.53917e-08 2.3335e-11 
0.00348931 0.296366 0.00312189 1.30252e-07 0.000262696 1.02683e-07 9.34672e-05 0.159608 0.000649339 0.46468 1.48958e-07 0.00436291 0.00033855 4.95021e-07 0.0229621 0.0194219 4.99564e-07 0.0216968 0.0029459 2.80036e-09 
0.149707 0.0111476 1.58791e-06 1.09924e-07 0.0179691 4.82801e-11 1.15691e-07 3.31867e-07 4.41751e-06 0.649343 1.22031e-06 0.111816 1.18119e-11 3.2553e-11 6.40529e-12 0.0209652 7.80321e-07 0.0390436 2.47009e-07 6.76119e-11 
0.0120733 0.0860135 0.0220917 0.000197893 0.00801382 0.00171276 0.00205199 0.116397 0.0172781 0.531595 0.00552679 0.0298409 0.00627047 0.00165253 0.0410884 0.0545567 0.001184 0.041879 0.0162993 0.00427631 
0.00208869 0.00806269 0.00171942 2.39203e-07 0.000228111 5.34331e-07 0.000126814 0.000497165 0.0025213 0.927547 2.13638e-05 0.00458195 0.00121057 4.28404e-05 0.00795164 0.0208158 4.87111e-05 0.0189573 0.00357791 1.68225e-09 
0.0369644 0.194608 0.105099 0.000117655 0.0120888 0.000411884 0.007539 0.0859711 0.0152995 0.326165 0.00891695 0.0515295 0.0302555 0.002295 0.029791 0.0312619 0.0003463 0.0378651 0.0233192 0.000154322 
0.0115839 0.0265992 0.00155717 1.25514e-06 0.00118385 6.22644e-06 2.95012e-05 0.228367 0.0333261 0.584771 0.000541823 0.00954105 0.00308622 1.99422e-05 0.0366186 0.00756462 2.82141e-05 0.0491265 0.00604779 9.61248e-12 
0.00699148 0.0472094 0.0258059 0.000563321 0.00486036 3.22047e-06 0.000631154 0.000224967 0.0168856 0.539025 3.56422e-06 0.00950231 0.00880284 1.32669e-05 0.000588729 0.0209873 0.0440376 0.268939 0.00492472 5.06425e-07 
0.0149641 0.00793367 0.0236864 2.2043e-05 0.0314418 7.7828e-10 8.4884e-05 0.0305135 0.0159297 0.538775 0.000598323 0.0113783 0.000267785 1.72995e-05 0.00373777 0.252121 5.10363e-05 0.0669853 0.00149161 1.28804e-09 
0.0302155 0.0755313 0.0619639 5.54598e-05 0.0092583 3.59042e-05 0.00220415 0.0103573 0.0279709 0.549424 0.00179613 0.0497755 0.124243 0.000178017 0.0177654 0.00078694 2.06608e-05 0.013382 0.0249999 3.56976e-05 
0.00605303 0.0493268 0.141244 0.000500866 0.000470492 3.74712e-07 0.000436031 0.0197389 0.0117572 0.510582 0.00976067 0.0101543 0.050604 0.00195569 0.0828557 0.0437998 0.00566745 0.0290726 0.0260198 5.59478e-08 
0.00764221 0.0044856 0.0614908 3.49229e-11 0.00269825 0.000464233 0.000589523 0.0293074 0.00770078 0.33268 0.164173 0.0304953 0.000532392 9.3133e-05 0.00904327 0.267318 0.000399404 0.0594431 0.0214433 1.43708e-09 
0.00284042 0.00216009 0.109683 0.0018762 0.018199 4.71815e-05 0.000210734 0.0317548 0.000539344 0.605131 0.0015139 0.0420217 0.127864 0.00160733 0.0416796 4.01531e-05 0.000134089 0.000649276 0.0120454 1.7926e-06 
0.0313832 0.0122557 0.154252 5.46251e-05 0.00336763 1.3131e-06 0.00194258 0.133174 0.000366673 0.538111 1.36384e-05 0.00818305 0.0655494 1.63386e-06 0.00418535 0.00144851 0.000241153 0.0319738 0.0131229 0.000372074 
0.00324945 0.0982093 0.193482 6.60573e-05 0.00374146 1.46347e-07 3.06437e-05 0.00176668 0.00473043 0.253463 0.00121387 0.143283 0.0359333 3.13293e-05 0.105579 0.0411954 5.30861e-05 0.0914616 0.0225097 1.32018e-07 
0.00347822 0.0289429 0.0378842 6.20113e-08 0.000421889 4.3405e-06 0.0003558 0.0142835 0.00102073 0.360503 0.000101421 0.123673 0.0623986 8.70187e-05 0.1171 0.0121043 0.000434052 0.160347 0.0768609 2.53591e-11 
0.00699846 0.0105321 0.0658665 4.64138e-05 0.00133631 3.06385e-06 0.00120165 0.0598686 0.00696639 0.533836 0.00414291 0.0130378 0.00984398 0.000174246 0.0140234 0.210772 3.05744e-05 0.0423418 0.0189785 2.1861e-08 
0.00477443 0.0674431 0.0038809 0.000124205 0.00779513 4.37031e-06 0.000212565 0.135623 0.00275341 0.459654 6.95778e-06 0.0265997 0.000780576 6.65786e-06 0.0017679 0.209121 3.82422e-05 0.0704542 0.00896019 8.41604e-11 
0.0357313 0.0165087 0.14568 0.000115759 0.0628383 0.000929898 6.4293e-05 0.00193998 0.00122979 0.500171 0.000141343 0.0874929 0.0366883 0.0035943 0.00139147 0.00204007 2.58529e-05 0.0582441 0.0279947 0.0171786 
0.0317011 0.0496024 0.0746373 0.000454009 0.00757301 1.18519e-05 0.00209309 0.0978234 0.0329343 0.376755 0.00139183 0.108188 0.0168588 0.010604 0.040799 0.0386023 0.000706406 0.0824504 0.0254971 0.00131696 
0.0129286 0.0459581 0.0469693 0.000542417 0.00698345 0.000209469 0.00257756 0.0986688 0.0153055 0.465639 0.00289693 0.0437021 0.0176344 0.00313328 0.0505944 0.0878087 0.00142064 0.0767387 0.0202872 1.64559e-06 
0.0114402 0.00618279 8.56445e-05 2.5365e-11 0.00101646 2.51594e-07 4.7116e-05 2.28169e-08 0.000321447 0.935523 3.2895e-06 0.0393218 0.000231151 8.89221e-10 0.000157412 0.000953509 4.90594e-12 0.00265406 0.00206207 5.99619e-10 
0.00873205 0.0451795 0.0319148 0.00165473 0.00488493 2.75758e-05 0.000238155 0.000793422 0.00696145 0.301307 0.000181535 0.0340202 0.122288 0.0053935 0.0551786 0.00340425 0.000428538 0.243011 0.134401 3.33202e-07 
1.5356e-05 1.53533e-05 1.53554e-05 1.53326e-05 1.53544e-05 1.53382e-05 1.5343e-05 1.53561e-05 1.53555e-05 0.492998 1.53419e-05 1.53575e-05 0.386941 1.53451e-05 0.0568348 1.53518e-05 1.53542e-05 1.53576e-05 0.0629802 1.53296e-05 
0.00262319 0.0165713 0.00768867 9.4002e-05 0.000232199 1.08593e-08 0.00475611 0.0201557 0.00629321 0.846274 0.00329721 0.00508648 0.0112237 0.000160956 0.0313468 0.0232058 5.52505e-05 0.00765653 0.0132789 3.61841e-08 
0.0010075 0.202196 0.0167518 1.22795e-06 0.00767682 4.85547e-08 0.000237995 0.042852 0.00169554 0.590097 0.0033193 0.079114 5.31212e-05 2.6965e-06 0.0225945 0.00993689 1.37499e-06 0.0205109 0.00190331 4.76105e-05 
0.0845873 0.0185614 0.0593993 1.01744e-06 0.000394831 5.38354e-06 8.06891e-06 0.0780592 0.0165774 0.418163 0.000210737 0.0284697 0.00250986 0.000327194 0.071066 0.0275669 5.94269e-05 0.188854 0.00516324 1.63394e-05 
0.0167713 0.00893853 0.0100353 2.02958e-08 0.00978413 3.17228e-11 2.13479e-08 0.0210477 0.00102512 0.696297 2.25012e-07 0.0233632 7.76111e-12 2.13892e-11 1.30535e-07 0.00544331 1.43876e-07 0.202656 0.00463727 9.35851e-08 
0.00261389 0.0352541 0.207814 8.20631e-06 0.00725742 3.89312e-07 0.000465064 0.0850901 0.211393 0.219839 0.000867949 0.00922837 0.0968605 0.000232588 0.0135142 0.0107462 2.59286e-05 0.0770144 0.021775 2.29839e-08 
0.0262822 0.00660323 0.218377 1.69735e-05 0.0129668 3.52339e-09 8.78975e-06 0.0387015 0.00262978 0.485834 6.89938e-05 0.0100586 0.00090686 6.20551e-06 0.0126026 0.156094 3.11092e-05 0.0165206 0.0122905 7.70362e-07 
0.0107642 0.0386996 0.0434357 4.46723e-06 0.00363102 2.48464e-06 0.000617365 0.012872 0.000555286 0.334429 0.00410653 0.101833 0.30742 0.000117065 0.00727275 0.00360767 0.000181589 0.118646 0.0118041 7.61218e-11 
5.17852e-08 0.017737 1.17016e-07 0.000143356 1.41283e-07 1.16808e-08 1.54641e-08 6.62586e-08 0.000669078 0.815788 1.37184e-11 2.18084e-07 0.000699336 5.10185e-06 8.7766e-08 0.16191 2.67505e-05 0.00302049 6.53917e-08 2.3335e-11 
0.0326498 0.0924036 0.0439745 5.35246e-09 0.00888505 1.3121e-07 0.000244367 0.0253734 0.0844822 0.30781 9.72389e-05 0.0380244 0.00447228 0.00430538 0.134135 0.0378725 4.54448e-06 0.163898 0.0213675 1.89676e-08 
0.149707 0.0111476 1.58791e-06 1.09924e-07 0.0179691 4.82801e-11 1.15691e-07 3.31867e-07 4.41751e-06 0.649343 1.22031e-06 0.111816 1.18119e-11 3.2553e-11 6.40529e-12 0.0209652 7.80321e-07 0.0390436 2.47009e-07 6.76119e-11 
0.0085177 0.169494 0.0232002 0.00586428 0.000876956 3.25719e-05 2.67979e-05 0.0299814 0.0169667 0.512097 0.0431198 0.0097536 0.00733406 0.00197862 0.0437454 0.0724397 0.000333602 0.0370292 0.0172083 4.47063e-10 
0.00130458 0.00656521 0.00428424 2.91235e-05 7.0503e-09 4.18665e-09 0.00114864 0.0799401 0.0138728 0.702694 0.000131031 1.97105e-07 0.010405 5.24208e-08 0.0116781 0.167945 9.3674e-09 9.41618e-07 1.03967e-07 2.25414e-12 
0.017132 0.0903224 0.0197107 0.00111361 0.0054529 1.87544e-05 0.00262838 0.0655078 0.0220581 0.604254 0.00121597 0.0304584 0.0135653 0.00228057 0.027819 0.0430934 0.00114697 0.0324467 0.0176898 0.00208538 
0.105245 0.00367448 0.0676155 0.00478134 0.103872 0.000121307 0.000652761 0.0966287 0.0513295 0.290486 0.000990957 0.00557942 0.028591 0.024223 0.00207833 0.0108802 0.00420529 0.0284907 0.170554 3.80192e-07 
0.00820832 0.0207243 0.0382965 0.000173187 0.0216012 3.92252e-07 0.000311759 0.121062 0.0158413 0.31648 0.0829284 0.0591071 0.00049571 0.000398848 0.0501788 0.0469943 8.96254e-06 0.15081 0.0663792 8.4934e-09 
0.000691556 0.195229 0.0176429 1.28728e-08 2.65131e-06 7.926e-06 0.00650222 0.261357 0.0011834 0.425851 0.0122135 0.00383169 0.00490091 0.00020936 0.043723 0.00481581 0.00014619 0.0190386 0.0026532 6.15407e-11 
0.00214759 0.0268431 0.00044126 1.26976e-05 0.0086658 1.38579e-07 0.0104002 0.0173681 0.00139524 0.555605 6.68086e-09 0.00574532 0.000748555 0.0966405 0.00380881 0.0453688 0.130845 0.093065 0.000899517 2.28587e-07 
0.027609 0.00468666 0.0282019 0.00060919 0.0337433 0.00631296 0.000389567 0.00355152 0.00658803 0.486454 0.000251829 0.0190479 0.00229824 0.000196618 0.00523477 0.0160165 0.000408046 0.20492 0.0193097 0.13417 
0.0100861 0.0142386 0.017046 3.61828e-08 0.00260395 1.8984e-06 0.000191729 0.142256 0.0443944 0.683184 0.00110644 0.00535351 0.0073035 0.0016232 0.0131236 0.0072951 0.000102885 0.0338985 0.0161907 5.73092e-11 
0.0113618 0.00843018 0.0207871 0.000268204 0.0164017 4.15332e-08 0.000448767 0.0392967 0.08385 0.296513 0.0124424 0.0377064 0.00419702 0.00038911 0.0805919 0.0132046 3.54845e-05 0.290368 0.0837075 3.74882e-11 
6.72641e-06 0.0174401 0.0020762 3.23848e-06 1.59819e-08 1.19325e-06 7.8814e-05 0.00192968 6.98297e-05 0.965635 8.31284e-06 0.000174381 0.000251876 0.0040767 0.00121373 0.00318566 2.02403e-07 0.00357904 0.000157366 0.000112219 
0.109615 0.020603 0.0369778 0.000337205 0.113021 0.000393527 0.00132121 0.0128142 0.057429 0.260064 0.00996367 0.167006 1.40642e-07 0.00253019 0.00942458 0.0503421 0.00133624 0.121035 0.0257849 1.40417e-07 
0.0255321 0.0474495 0.141002 0.00253073 9.74372e-07 9.73341e-07 0.00262983 9.74481e-07 0.00613994 0.246765 9.73581e-07 0.0539921 0.232873 9.73785e-07 0.0470697 0.0827113 9.7436e-07 0.10048 0.0107211 9.82529e-05 
0.00557558 0.126183 0.0679445 1.04284e-05 0.00031914 1.25304e-05 0.000312958 0.0078676 0.00196135 0.630446 0.00129784 0.0181593 0.00554695 8.46375e-05 0.0452653 0.00347446 0.000125294 0.0837123 0.00170106 2.40675e-07 
0.0372739 0.244473 0.0298851 7.4456e-06 0.00154337 0.000234296 0.0220734 0.0137063 0.0184683 0.453176 0.000930918 0.0251382 0.041578 0.000995324 0.026763 0.0182209 8.31491e-05 0.0555005 0.00809732 0.00185155 
0.0162849 0.0751229 0.0186667 4.27707e-05 0.00360461 3.81824e-05 0.00387278 0.0825923 0.0111865 0.397478 0.00389718 0.0161068 0.00729462 0.00339132 0.0262877 0.290224 0.00889539 0.0225494 0.00845672 0.00400665 
0.0964595 0.0576875 0.0884263 0.00346541 0.0156628 9.90199e-07 0.00109056 0.0343021 0.0343006 0.175193 0.00594365 0.0886366 0.0996201 9.90651e-07 0.0441178 0.0275531 0.00188434 0.0927022 0.132952 9.8965e-07 
0.0366964 0.0104295 0.00482988 5.32997e-05 0.000271693 0.013573 0.000333179 0.251025 0.00200195 0.545206 0.00821419 0.0283487 0.0422188 0.00293727 0.00739867 0.0225439 0.000372615 0.0145459 0.00900073 3.11345e-08 
0.0129096 0.0879955 0.0291145 0.000698628 0.0059793 0.000176078 0.00207174 0.0900921 0.0134914 0.578344 0.00382469 0.0372942 0.0173726 0.00290231 0.0305163 0.0288746 0.00162237 0.0424556 0.0131798 0.00108424 
0.0182238 0.0199639 0.0333785 0.000419347 0.000584437 3.1588e-05 0.00190942 0.038141 0.0138297 0.308069 0.00484766 0.0463051 0.122507 0.0707731 0.0559052 0.0555798 0.00463388 0.116206 0.0797328 0.00895867 
0.143542 0.060668 0.183134 6.19735e-05 0.0114584 0.000117548 0.000524393 0.0144867 0.0188362 0.24495 0.00359761 0.0312134 0.0255187 0.0557 0.0368989 0.0594305 0.028715 0.0129121 0.0555969 0.0126375 
5.17852e-08 0.017737 1.17016e-07 0.000143356 1.41283e-07 1.16808e-08 1.54641e-08 6.62586e-08 0.000669078 0.815788 1.37184e-11 2.18084e-07 0.000699336 5.10185e-06 8.7766e-08 0.16191 2.67505e-05 0.00302049 6.53917e-08 2.3335e-11 
0.00513398 0.0301881 0.0289123 0.00186883 0.0250283 0.00587624 0.000686893 0.0870162 0.0284656 0.414432 0.00601306 0.0822516 0.0170548 0.000531621 0.0564903 0.0323364 6.82068e-05 0.125445 0.052177 2.37514e-05 
0.0177121 0.00990161 0.117492 0.0681886 0.00259451 0.000398217 0.000977214 0.0212367 0.0684762 0.487592 0.00246085 0.00337588 0.120683 0.000551089 0.0110784 0.0200451 0.000706595 0.00416062 0.0423699 5.07017e-08 
0.0166154 0.0258435 0.0127733 0.00986281 0.000191816 0.100177 0.000577624 0.0356678 0.0129175 0.343785 0.0269392 0.0180941 0.0293405 0.000769204 0.0147187 0.0981233 0.154854 0.0815556 0.0171937 2.56793e-07 
0.00650036 0.0222951 0.101518 1.86198e-06 0.00933069 1.9015e-07 0.0321386 0.00240741 0.0765872 0.273971 0.0110702 0.134942 0.0213119 0.000173761 0.0577459 0.154569 8.6873e-05 0.00658322 0.0887668 9.56105e-10 
0.00109854 0.0123757 0.129914 2.34968e-05 0.00508157 2.67235e-05 9.01528e-06 0.0123804 0.00195375 0.475536 0.000895332 0.0510967 0.150995 0.00112088 0.0653561 0.0229902 9.58163e-05 0.0466009 0.0207713 0.00167986 
0.00130458 0.00656521 0.00428424 2.91235e-05 7.0503e-09 4.18665e-09 0.00114864 0.0799401 0.0138728 0.702694 0.000131031 1.97105e-07 0.010405 5.24208e-08 0.0116781 0.167945 9.3674e-09 9.41618e-07 1.03967e-07 2.25414e-12 
0.00662136 0.0114221 0.0370708 5.42676e-07 0.00108652 0.0860228 0.00198061 0.0658139 0.00119623 0.362213 2.48273e-06 0.145049 0.103941 2.45297e-06 0.00695687 0.00176535 1.52258e-07 0.00877546 0.160077 1.72628e-06 
0.0624887 0.0202807 0.0355387 3.39722e-06 0.0150102 4.95299e-06 0.0162439 0.00371873 0.000181343 0.734912 0.00618157 0.00323022 0.0537254 0.00577349 0.0128766 0.0140825 4.39263e-05 0.00739017 0.00831306 3.83237e-07 
0.0500182 0.0500094 0.0500164 0.0499419 0.050013 0.0499601 0.049976 0.0500186 0.0500165 0.0500239 0.0499724 0.0500231 0.0500123 0.0499829 0.05002 0.0500046 0.0500124 0.0500235 0.0500224 0.0499324 
0.0267523 0.0700197 0.122324 3.00095e-06 0.0504908 3.00204e-06 0.0171201 3.00556e-06 3.00543e-06 0.405496 0.0210225 3.00583e-06 0.077837 3.00341e-06 3.00564e-06 0.0117214 3.00518e-06 0.159314 0.0378759 3.00038e-06 
0.0247021 0.0369072 0.143967 1.66976e-05 0.000982986 0.00175711 0.00164551 0.0816221 0.0528103 0.205445 0.00616974 0.051671 0.0700586 0.138847 0.0290982 0.0267288 0.0068508 0.0271172 0.0935996 2.63075e-06 
0.0516301 0.0753787 0.157303 0.000526166 0.026752 3.4381e-05 0.00158745 0.0104083 0.0275612 0.293112 0.000642214 0.105471 0.0191203 0.001212 0.0404954 0.0386246 0.000180969 0.0965452 0.0534152 4.65223e-07 
0.00965975 0.00996933 0.0267236 2.30938e-05 0.0026717 1.18481e-09 0.00341588 0.164692 0.012088 0.304683 0.000811719 0.0497375 0.0243931 0.0126201 0.0423096 0.276081 0.000349393 0.0216277 0.0381423 2.49511e-10 
0.0312918 0.0392154 0.0575349 2.88787e-07 0.00099406 2.60023e-05 0.00735111 0.0353686 0.00198111 0.315055 0.0163713 0.0949438 0.220804 0.00639329 0.10066 0.0108354 0.000363314 0.012824 0.0455141 0.00247285 
0.0147086 0.0062751 0.000110103 2.31768e-11 0.00130684 3.221e-07 4.77009e-05 2.8255e-12 0.00041327 0.92028 4.22375e-06 0.0505563 0.000297168 9.62858e-10 0.000202377 0.000485769 4.48271e-12 0.00284753 0.00246475 6.11423e-10 
0.0348574 0.118915 0.0763034 0.00132986 0.00591446 5.26712e-08 0.013666 0.123675 0.00968941 0.293363 0.00880735 0.0404472 0.090843 0.000224755 0.0483593 0.0928172 0.000420468 0.0197759 0.0178828 0.00270784 
0.0668536 0.0200173 0.0417829 0.00149269 0.0213324 0.000799 0.0129287 0.0191413 0.0461461 0.217586 0.0160759 0.0858111 0.0313988 0.00304589 0.0798018 0.0068385 0.00335977 0.137634 0.187042 0.000912322 
0.0115839 0.0265992 0.00155717 1.25514e-06 0.00118385 6.22644e-06 2.95012e-05 0.228367 0.0333261 0.584771 0.000541823 0.00954105 0.00308622 1.99422e-05 0.0366186 0.00756462 2.82141e-05 0.0491265 0.00604779 9.61248e-12 
0.0266766 0.00372293 0.0633679 0.00373872 0.0351282 0.000118765 0.00083935 0.0478253 0.140229 0.217505 0.000896483 0.0231595 0.0156472 0.00396514 0.0551486 0.0528757 0.022354 0.113347 0.173455 2.21867e-09 
0.0188689 0.0419674 0.0266888 5.28546e-06 0.0290931 3.38167e-05 0.0040364 0.00357759 0.00109683 0.682158 0.0112444 0.0244991 0.0231204 0.0980802 0.004922 0.00827373 4.71618e-05 0.0164201 0.00586714 1.83222e-09 
0.0346244 0.0225153 0.0361317 0.00869755 0.00170787 7.99908e-05 0.000301627 0.0226143 0.00625153 0.379372 0.00230143 0.0336498 0.0488701 0.00348712 0.0236517 0.330896 0.000103721 0.029442 0.0152972 4.85617e-06 
0.0139194 0.00518702 0.0572012 3.87576e-05 0.00103604 2.49808e-06 0.0486893 0.280338 0.0542639 0.286678 0.00315287 0.0135517 0.00453075 0.00533018 0.139596 0.00234262 0.000210384 0.00224333 0.0816878 1.90253e-08 
5.05403e-06 0.0168858 0.154396 5.37364e-07 3.69884e-07 5.11298e-08 0.0131274 9.41867e-08 0.123116 0.324285 0.00343145 0.142281 0.00339743 1.05391e-06 0.0878665 0.00984998 1.39007e-07 0.09522 0.0261364 2.69984e-10 
0.00530565 0.00549158 0.0238352 0.000755157 0.000965913 0.00279956 0.102666 0.0437081 0.064231 0.552819 1.18436e-07 0.0400312 0.00374778 9.61673e-05 0.037825 0.0178093 6.99975e-08 0.0479883 0.0499257 4.36712e-08 
0.00725684 0.0779773 0.311321 0.00190134 0.00107074 1.30938e-06 0.00304406 0.00726388 0.00141112 0.373533 0.00111655 0.0353339 0.061124 0.000412957 0.00384376 0.066634 3.61588e-05 0.0193949 0.0273234 3.41412e-08 
0.0250781 0.0459821 0.0469252 0.00456076 0.0254688 0.000304457 0.00278624 0.0107324 0.0669737 0.386894 0.000220138 0.0574123 0.004214 0.00307002 0.0139015 0.0283111 0.00011127 0.21854 0.0585139 3.52104e-09 
0.0173365 0.0890816 0.0496342 0.00134621 0.0148612 4.41581e-05 0.00374961 0.0582975 0.0101531 0.460068 0.00610974 0.0425564 0.0181394 0.00671997 0.0225869 0.0291951 0.00151152 0.125954 0.0420696 0.000585126 
0.0174795 0.00137293 0.0645414 0.00421967 0.0935382 7.74056e-07 0.00114867 0.125165 0.0399451 0.427232 0.0292939 0.0237775 0.00389906 0.00180692 0.0505468 0.0247629 9.09367e-05 0.038533 0.0526466 1.15751e-08 
0.00575232 0.301124 0.0115838 0.000109751 0.000672563 8.88961e-06 0.00461708 0.0613909 0.00702155 0.327716 0.00334606 0.00735744 0.00615597 0.00389121 0.0200237 0.211797 0.000129847 0.0210721 0.00622996 1.21851e-07 
0.00208869 0.00806269 0.00171942 2.39203e-07 0.000228111 5.34331e-07 0.000126814 0.000497165 0.0025213 0.927547 2.13638e-05 0.00458195 0.00121057 4.28404e-05 0.00795164 0.0208158 4.87111e-05 0.0189573 0.00357791 1.68225e-09 
0.035964 0.218281 0.120651 1.49998e-07 0.0020263 8.53471e-09 0.00032255 0.0354915 0.0218616 0.330987 0.00319333 0.044756 0.0870418 0.000919439 0.0618726 0.00470978 5.85922e-05 0.00995421 0.0219091 1.19521e-08 
0.00438423 0.00363612 0.0273585 0.026231 0.0468419 5.41034e-05 6.49469e-05 0.0325993 0.024443 0.578309 0.00294106 0.0147176 0.0122881 0.000146768 0.0260539 0.0109876 5.43211e-06 0.0597381 0.129196 3.30885e-06 
0.0525117 0.0415133 0.0469602 0.000571884 0.00733047 6.24599e-11 0.00103917 0.279445 0.00250821 0.329867 0.000768088 0.0753632 0.0132228 2.55424e-07 0.033641 0.010655 1.95108e-05 0.02762 0.076963 2.95246e-07 
0.00130458 0.00656521 0.00428424 2.91235e-05 7.0503e-09 4.18665e-09 0.00114864 0.0799401 0.0138728 0.702694 0.000131031 1.97105e-07 0.010405 5.24208e-08 0.0116781 0.167945 9.3674e-09 9.41618e-07 1.03967e-07 2.25414e-12 
0.00234065 0.0123069 0.018284 7.48178e-06 0.0199054 1.01408e-07 0.00216521 0.0873888 0.0453766 0.574619 5.56739e-05 0.0121699 0.00170526 1.38859e-05 0.0191662 0.0911779 9.76803e-06 0.107649 0.0056583 9.43408e-10 
7.23835e-07 0.101992 8.08051e-07 1.68618e-07 6.3879e-07 2.57072e-08 0.0849786 0.092179 6.9892e-07 0.720176 2.11644e-08 4.0729e-07 0.000662856 5.46982e-07 3.68994e-06 9.5325e-07 4.2785e-08 9.89268e-07 1.65424e-06 1.7135e-11 
0.00863648 0.143112 0.0325123 6.63576e-06 0.00916067 4.94397e-06 0.0103115 0.153202 0.00521587 0.490198 0.000920803 0.0323388 0.0067526 0.0051102 0.022473 0.0284783 0.000126432 0.032724 0.0187152 5.23551e-07 
0.0231969 0.013168 0.00617675 7.10892e-08 0.0135686 0.0215115 0.00618889 0.0147896 0.0100559 0.237175 0.141208 0.225161 0.00159193 0.000370888 0.0573627 0.0410559 0.000361988 0.0869178 0.100139 1.55685e-11 
0.0112405 0.0463652 0.208308 5.68708e-05 0.0161853 0.00131484 0.00120285 0.00293878 0.00210603 0.26798 0.0032747 0.0300932 0.186352 0.000243003 0.0563534 0.00572111 0.000182859 0.108255 0.05181 1.60066e-05 
0.0195481 0.0465269 0.00135352 2.15519e-06 0.000223459 1.02055e-05 0.000562876 0.00583311 0.00185463 0.84941 0.000965728 0.00792903 0.000781171 0.000315486 0.0349946 0.00379906 2.12698e-05 0.0249781 0.000877398 1.34237e-05 
0.00151853 0.0449167 0.0666212 0.000259302 0.0063252 5.26449e-06 0.0310095 0.071236 0.0098747 0.412824 0.000610579 0.0623587 0.0745264 0.000204073 0.0303533 0.132191 0.000104825 0.0420595 0.0130014 1.80005e-07 
0.0101409 0.00394042 0.00230455 0.00248622 0.00286137 5.9254e-07 0.000381412 0.0267786 0.035959 0.778063 0.00313487 0.00623084 0.0106061 0.00127293 0.00648578 0.0441634 0.000862221 0.04445 0.0198776 4.86992e-08 
0.210363 3.59579e-05 0.0101052 0.00760768 1.42962e-05 2.09747e-09 0.000154948 0.00326153 2.08723e-05 0.472582 1.19168e-05 8.15488e-05 5.13155e-10 1.41423e-09 1.50547e-05 2.29378e-05 5.12853e-10 0.295692 3.13187e-05 2.93732e-09 
0.00176646 0.00434756 0.0067942 4.47592e-06 0.00137005 7.31679e-10 0.00369108 0.0336209 0.00141451 0.850096 9.08807e-05 0.00190487 0.00340468 8.05345e-06 0.0823023 0.00286932 5.71228e-06 1.28039e-06 0.00630757 1.02465e-09 
0.000671393 0.00130563 0.0111822 9.34796e-09 0.000327992 9.85983e-08 3.54581e-08 0.0489598 0.0618895 0.678075 5.21346e-05 0.000934176 0.000136223 0.00017109 0.0201121 0.0299577 1.19671e-05 0.14348 0.00273362 2.51188e-11 
0.00744869 0.128296 0.039823 0.00110159 0.012782 3.73232e-06 0.00288222 0.13259 0.0459776 0.439195 0.000237321 0.0143048 0.00396569 0.000244979 0.0191541 0.0365706 2.37227e-05 0.101259 0.0140926 4.6792e-05 
0.00748985 0.0225205 0.0114738 0.000101462 8.76101e-05 2.82163e-07 0.0907428 0.0113421 0.0254619 0.465479 0.0303824 0.00640233 0.0192769 1.73524e-06 0.00244469 0.29963 5.48387e-05 0.000353783 0.00675357 2.67227e-09 
0.00245941 0.0118319 0.00123842 6.12085e-10 2.80841e-05 4.84176e-10 4.48841e-06 0.0421231 1.3696e-07 0.938214 2.66618e-08 1.25993e-06 0.000205997 3.26457e-10 5.61892e-06 0.00128152 1.16624e-08 0.00246041 0.00014307 2.53377e-06 
0.0996821 0.115717 0.104848 7.05384e-11 0.0254394 0.000825517 0.00138976 0.000612417 0.0653067 0.236973 0.0325341 0.0373879 0.0981562 0.00212592 0.0402953 0.00883891 0.000706754 0.0907981 0.0383605 2.26674e-06 
0.0142868 0.0586888 0.0326375 1.39463e-05 0.00592555 8.79898e-06 0.000412713 0.0184566 0.0069687 0.350071 0.00786377 0.033199 0.0193326 0.00620839 0.0448853 0.347494 0.00067089 0.040743 0.0121307 2.61628e-06 
0.00220648 0.0114851 0.0450412 6.68414e-05 1.04648e-05 8.78157e-09 0.000644171 0.0902375 0.00452576 0.702223 0.00137653 0.00126443 0.0342344 0.00136342 0.0182328 0.0553821 0.000266006 0.0110741 0.0203654 1.07228e-10 
0.0188921 0.0480676 0.152052 0.000799405 0.00315707 0.00115751 0.0068686 0.0205741 0.0397213 0.31054 0.00508028 0.0679809 0.124199 0.000311478 0.00262085 0.0591416 0.000144569 0.0438837 0.0948073 1.33892e-07 
0.00764221 0.0044856 0.0614908 3.49229e-11 0.00269825 0.000464233 0.000589523 0.0293074 0.00770078 0.33268 0.164173 0.0304953 0.000532392 9.3133e-05 0.00904327 0.267318 0.000399404 0.0594431 0.0214433 1.43708e-09 
0.01341 0.0692079 0.0751153 2.02695e-06 0.00201829 2.64234e-06 2.04182e-06 0.00197876 0.0172 0.425527 1.79532e-07 0.124503 0.212766 0.012037 0.00380686 0.00137876 1.53149e-05 0.00579694 0.035232 3.05384e-07 
0.00526291 0.0405596 0.00702596 0.000455198 0.000828186 2.9717e-07 0.0115045 0.00843132 0.0106198 0.436526 0.000107275 0.00836163 0.00107511 0.00010265 0.0118694 0.43401 1.10765e-05 0.0219471 0.00130191 2.79071e-10 
0.0118359 0.0412482 0.0059632 1.18247e-05 0.0100958 2.4088e-05 0.000170945 0.0136791 0.00692517 0.563754 7.23024e-05 0.0397862 0.01025 0.14955 0.0105625 0.00368858 0.000277402 0.0814347 0.0506534 1.62727e-05 
0.00305207 0.00695374 0.00576365 0.00058289 0.12048 2.84545e-05 3.2192e-05 0.0469487 0.0244854 0.291968 0.000203701 0.00990785 0.00471787 4.93606e-05 0.168899 0.00440855 6.07921e-05 0.0393051 0.272153 2.88494e-09 
0.00373877 0.00270924 0.016171 0.000236165 0.00162841 0.000177247 2.09558e-07 0.000630389 6.89286e-05 0.699438 0.008313 0.00105372 0.205864 1.82852e-07 0.00645929 0.00169486 4.91864e-05 0.00613259 0.0456073 2.71731e-05 
0.0361637 0.011832 0.0318555 2.0364e-06 0.000175845 1.06814e-05 1.84064e-05 0.0596579 0.00246825 0.625716 0.00366566 0.0106435 0.079589 0.000676532 0.00512137 0.0980364 0.000630106 0.0119571 0.0217796 8.59479e-09 
1.09948e-06 1.97095e-06 0.000732776 8.67693e-06 1.60758e-06 6.86368e-06 5.30378e-06 0.000109785 1.26717e-06 0.998363 5.65078e-06 3.97326e-05 0.000382588 4.62786e-06 9.106e-07 2.45288e-06 1.35746e-05 0.000307417 6.65059e-07 9.61196e-06 
0.149707 0.0111476 1.58791e-06 1.09924e-07 0.0179691 4.82801e-11 1.15691e-07 3.31867e-07 4.41751e-06 0.649343 1.22031e-06 0.111816 1.18119e-11 3.2553e-11 6.40529e-12 0.0209652 7.80321e-07 0.0390436 2.47009e-07 6.76119e-11 
0.0201579 0.0517507 0.0140776 0.00771282 0.00976492 4.56386e-05 0.00440563 0.0299955 0.00146761 0.745024 0.00164848 0.0349269 0.0263637 0.000221636 0.0113343 0.00747888 0.000100365 0.0260529 0.00747043 4.05895e-08 
0.100391 0.129487 0.120883 7.50525e-07 0.0267719 9.861e-06 0.000273873 0.000358963 0.0268012 0.219796 0.000855509 0.13331 0.0433524 0.000281448 0.0429293 0.00569447 0.000161837 0.0360046 0.0488104 0.0638261 
0.00707496 0.0373734 0.0588385 5.51157e-05 0.000932975 7.45177e-07 0.000390161 0.110067 0.00512718 0.51045 0.000708154 0.0950946 0.00173786 4.56126e-06 0.0181738 0.000398754 0.120829 0.0279492 0.00479368 1.63382e-09 
