0.0597718 0.121527 0.817742 0.000233919 0.000725245 
0.0678049 0.43903 0.492402 0.000168836 0.000594135 
0.000739478 0.746795 0.185713 0.0128671 0.0538849 
3.8704e-05 0.00459207 0.995187 0.000147017 3.51291e-05 
0.00356877 0.132874 0.862521 0.000445168 0.000591337 
1.69148e-05 0.000483692 0.0114414 0.987997 6.08271e-05 
0.0175017 3.05921e-06 0.0358782 0.946616 8.82035e-07 
0.015713 0.0875209 0.880036 0.00387198 0.0128582 
0.000173484 0.0457338 0.940273 0.000181655 0.0136382 
0.00206564 0.0761529 0.838667 0.0532185 0.0298964 
0.0096744 0.41276 0.577205 0.000198924 0.000162493 
0.00100369 0.105611 0.86866 0.0163368 0.00838837 
0.00124506 0.196175 0.78407 0.00152225 0.0169875 
0.00278781 0.0949501 0.829963 0.0689755 0.00332327 
0.000777388 0.0718094 0.878546 0.000117857 0.0487489 
4.11036e-05 0.00919118 0.0610644 0.929373 0.000330387 
0.000730434 0.112229 0.791962 0.00751423 0.0875647 
0.00782645 0.0659139 0.908152 0.00124017 0.0168676 
1.00672e-05 0.100202 0.777911 0.121564 0.000313634 
2.65028e-05 0.920124 0.0367296 0.000102363 0.0430173 
8.39323e-05 0.935829 0.0505876 5.00372e-05 0.0134495 
0.0285926 0.483216 0.487834 2.62344e-05 0.00033061 
0.199987 0.200015 0.200022 0.199981 0.199995 
1.69148e-05 0.000483692 0.0114414 0.987997 6.08271e-05 
0.00147538 0.908843 0.0861961 0.00268059 0.000805099 
0.0200393 0.0408887 0.89575 0.0424718 0.000850106 
1.69148e-05 0.000483692 0.0114414 0.987997 6.08271e-05 
0.207099 0.268787 0.51525 0.00744968 0.00141356 
0.00532892 0.0361867 0.913367 0.0129554 0.032162 
0.000508756 0.516467 0.119336 0.000956828 0.362732 
0.00577064 0.641403 0.18315 0.00540633 0.16427 
0.0693651 0.761274 0.117516 3.57592e-05 0.0518092 
0.00106542 0.0235645 0.52274 0.441313 0.0113173 
0.0431633 0.00667988 0.625395 2.53716e-05 0.324737 
0.00161594 0.286102 0.711214 0.000124512 0.000943417 
0.0295749 0.612781 0.327508 5.73835e-05 0.0300794 
0.119193 0.127559 0.748581 0.00050839 0.0041593 
0.0105535 0.0266186 0.95091 0.00303962 0.00887805 
0.000298241 0.0737726 0.924323 2.07753e-08 0.00160579 
0.000110793 0.207032 0.785934 2.65502e-06 0.00692041 
0.011503 0.0166777 0.959837 0.000234584 0.0117473 
0.0031554 0.519457 0.144988 0.000170795 0.33223 
1.69148e-05 0.000483692 0.0114414 0.987997 6.08271e-05 
1.69148e-05 0.000483692 0.0114414 0.987997 6.08271e-05 
0.0238313 0.216838 0.624866 5.45334e-05 0.13441 
0.00108624 0.181264 0.741487 0.000259484 0.0759024 
0.0096744 0.41276 0.577205 0.000198924 0.000162493 
0.0103381 0.0367526 0.880129 0.0365166 0.0362633 
0.0172652 0.020259 0.917629 0.0416778 0.00316926 
0.00963794 0.0633597 0.901355 0.00642102 0.0192261 
0.0436775 0.109986 0.84073 0.00105465 0.00455244 
0.286512 0.389095 0.315653 0.00873304 7.27197e-06 
0.0114189 0.121243 0.770234 0.0514605 0.0456439 
0.0063122 0.830484 0.0986461 0.00404953 0.0605086 
0.0147395 0.462835 0.50685 8.09218e-05 0.0154948 
0.0256877 0.651994 0.322198 2.55988e-05 9.45784e-05 
0.00323367 0.0978976 0.85891 0.000620082 0.0393382 
0.00138498 0.0489866 0.887997 0.0609068 0.000724253 
0.0041049 0.425147 0.567345 0.00061543 0.00278767 
0.00583873 0.0591062 0.934577 8.0118e-05 0.000397666 
0.150443 0.365106 0.444131 0.0119594 0.028361 
0.00919113 0.480324 0.279831 0.00327937 0.227374 
0.0883751 0.432135 0.466657 0.000375496 0.0124567 
0.00309534 0.183078 0.212341 0.548801 0.0526842 
0.016956 0.348184 0.620437 0.00802781 0.00639455 
0.00423324 0.0887234 0.864647 0.00603813 0.0363582 
0.0431633 0.00667988 0.625395 2.53716e-05 0.324737 
0.00193186 0.125921 0.868943 0.00173309 0.00147112 
0.000897263 0.220224 0.712596 0.0633227 0.00295995 
0.00124197 0.0122765 0.984902 0.00096666 0.000612776 
0.000258327 0.94293 0.0440202 8.83248e-05 0.0127035 
0.00473236 0.950608 0.0205998 0.0164199 0.00763987 
0.0165258 0.426502 0.515956 0.000768206 0.0402481 
0.00378192 0.165534 0.151432 0.676981 0.00227171 
0.0309122 0.0366764 0.931857 5.0348e-05 0.000504165 
9.67652e-07 0.133486 0.660913 0.205596 4.29114e-06 
1.69148e-05 0.000483692 0.0114414 0.987997 6.08271e-05 
0.00473236 0.950608 0.0205998 0.0164199 0.00763987 
1.69148e-05 0.000483692 0.0114414 0.987997 6.08271e-05 
2.67495e-05 0.557042 0.0682503 0.000120288 0.374561 
1.69148e-05 0.000483692 0.0114414 0.987997 6.08271e-05 
0.20085 0.443337 0.355799 3.6548e-06 9.6827e-06 
1.69148e-05 0.000483692 0.0114414 0.987997 6.08271e-05 
7.68424e-05 0.939239 0.0514039 3.27701e-05 0.0092474 
1.69148e-05 0.000483692 0.0114414 0.987997 6.08271e-05 
0.00471533 0.134001 0.82759 0.00530051 0.0283929 
0.0237259 0.0317844 0.942334 0.00189547 0.000260506 
0.0431633 0.00667988 0.625395 2.53716e-05 0.324737 
0.00209084 0.924601 0.0709876 0.00145373 0.000867061 
0.0127394 0.0235555 0.962059 3.88867e-05 0.0016075 
0.0162404 0.792275 0.190704 1.61625e-05 0.000765073 
0.0656978 0.587116 0.34398 0.000101439 0.00310388 
0.0782621 0.187892 0.73206 0.000868843 0.000917743 
0.00126452 0.00567541 0.89224 0.000516631 0.100303 
1.69148e-05 0.000483692 0.0114414 0.987997 6.08271e-05 
0.0238198 0.0371292 0.251912 0.687038 0.000101812 
0.000669307 0.000781665 0.998465 5.31092e-05 3.06597e-05 
0.000111593 0.293772 0.11469 1.12613e-07 0.591426 
4.03824e-06 0.061536 0.792858 6.62411e-06 0.145595 
0.065053 0.452067 0.416281 0.00380788 0.0627915 
0.0535879 0.0806482 0.856471 0.000212303 0.00908019 
1.69148e-05 0.000483692 0.0114414 0.987997 6.08271e-05 
0.000775391 0.177085 0.814745 0.00151825 0.00587642 
6.22897e-05 0.0315477 0.937684 0.0030812 0.0276243 
0.0214023 0.0276771 0.947315 0.00356695 3.86113e-05 
0.0261743 0.0136855 0.723768 0.00787909 0.228493 
8.48158e-05 0.114409 0.821827 0.00020477 0.0634749 
0.001892 0.0469662 0.942572 0.00729502 0.00127508 
0.0774552 0.752484 0.164846 0.000133993 0.00508137 
0.00147538 0.908843 0.0861961 0.00268059 0.000805099 
1.69148e-05 0.000483692 0.0114414 0.987997 6.08271e-05 
0.0222591 0.0481507 0.559795 0.36637 0.00342589 
0.00122101 0.1144 0.0846857 0.00629154 0.793402 
0.190974 0.59151 0.198701 0.00581624 0.0129978 
0.040364 0.0513765 0.900011 0.000321402 0.00792726 
0.00842721 0.187831 0.785268 0.000109146 0.0183647 
0.174072 0.604447 0.217968 0.00270184 0.000811841 
0.0808614 0.765238 0.148577 0.00398446 0.0013397 
0.125354 0.727571 0.135762 0.00337699 0.00793594 
0.000343592 0.00405538 0.995512 1.23835e-08 8.91503e-05 
0.00284005 0.0240896 0.972797 2.11092e-07 0.000273442 
0.0165472 0.116756 0.855295 0.00329902 0.00810315 
0.00188902 0.00637926 0.869398 0.122031 0.000302707 
0.000518367 0.00787056 0.960935 0.0306181 5.81128e-05 
0.0590227 0.0211713 0.56117 0.342412 0.0162241 
1.69148e-05 0.000483692 0.0114414 0.987997 6.08271e-05 
0.00617139 0.0307179 0.962624 0.000305843 0.000181098 
0.0989594 0.564478 0.256216 0.0325266 0.047821 
1.69148e-05 0.000483692 0.0114414 0.987997 6.08271e-05 
0.000433298 0.00469353 0.9234 0.0705387 0.000934433 
1.69148e-05 0.000483692 0.0114414 0.987997 6.08271e-05 
1.37746e-05 0.982382 0.0128298 0.00120157 0.0035731 
1.00672e-05 0.100202 0.777911 0.121564 0.000313634 
0.066027 0.219529 0.705738 0.00524844 0.00345753 
0.0228029 0.0350426 0.790559 0.149612 0.0019837 
0.0259787 0.341111 0.622108 0.00091887 0.00988372 
0.0201782 0.762694 0.211167 0.000204587 0.00575597 
0.0365117 0.0887527 0.816696 0.00831967 0.0497194 
1.69148e-05 0.000483692 0.0114414 0.987997 6.08271e-05 
9.43134e-05 0.0420325 0.956825 0.000522835 0.000525557 
0.0136267 0.191373 0.783312 0.000125741 0.0115634 
0.00071671 0.0277899 0.0581859 0.873936 0.039372 
0.0171243 0.271072 0.708405 6.01669e-08 0.00339922 
0.128095 0.00390806 0.588612 0.279015 0.00036982 
9.2197e-07 0.166369 0.728423 1.06468e-09 0.105208 
0.0035709 0.0437173 0.931199 1.18292e-05 0.021501 
0.0224923 0.779054 0.142925 0.000569685 0.0549592 
0.0126086 0.0630831 0.900403 0.00822904 0.0156766 
0.00122863 0.352866 0.637568 2.72396e-05 0.00830977 
0.000185128 0.766593 0.00825746 2.1243e-08 0.224964 
0.115329 0.339585 0.542451 0.00166995 0.000965378 
0.0761061 0.278548 0.600689 0.0320681 0.0125886 
0.00803411 0.217974 0.755497 0.000970396 0.0175238 
5.2153e-05 0.111978 0.885451 8.12808e-05 0.00243701 
0.00953813 0.165953 0.72213 0.000597984 0.101781 
0.0866914 0.0753413 0.576748 0.261061 0.000157766 
0.00284404 0.104392 0.892467 9.20409e-05 0.000204868 
0.219848 0.385765 0.391378 4.20216e-07 0.00300906 
1.69148e-05 0.000483692 0.0114414 0.987997 6.08271e-05 
1.69148e-05 0.000483692 0.0114414 0.987997 6.08271e-05 
0.00211032 0.273005 0.721464 3.6366e-07 0.00342007 
1.63426e-06 0.00438788 0.99556 5.07521e-05 1.98878e-07 
0.0113278 0.37774 0.607008 2.16955e-05 0.00390267 
1.59264e-05 0.0731113 0.821723 7.06732e-05 0.105079 
1.15955e-05 0.0563182 0.920936 8.14502e-06 0.0227259 
0.00249032 0.00769479 0.952161 2.91684e-05 0.0376247 
0.00451891 0.00857902 0.894691 0.0257563 0.0664545 
9.28382e-06 0.870983 0.12885 4.38121e-06 0.00015378 
1.69148e-05 0.000483692 0.0114414 0.987997 6.08271e-05 
0.00293401 0.00417284 0.97999 0.0127925 0.000110327 
0.0197133 0.0812883 0.876832 0.00897501 0.0131915 
0.000972459 0.016947 0.923253 0.0464467 0.0123806 
0.000154048 0.1209 0.87584 0.0029982 0.000107531 
0.163825 0.350484 0.414394 0.000590537 0.070707 
0.00396965 0.0471464 0.820853 0.120056 0.00797536 
0.011971 0.767993 0.214567 2.90098e-06 0.00546581 
0.00366079 0.163641 0.82188 0.00227205 0.00854636 
0.01701 0.132443 0.826505 0.00488151 0.01916 
0.00178161 0.715437 0.222345 0.0521877 0.00824813 
0.00280353 0.109427 0.887353 0.000412995 3.11141e-06 
0.000647612 0.458646 0.535842 0.000113797 0.00475055 
0.152035 0.159559 0.667891 0.00811876 0.0123957 
0.00018586 0.0442727 0.95455 7.40879e-06 0.00098376 
0.0128803 0.0405752 0.917623 0.00029128 0.0286303 
0.00572602 0.105808 0.856345 0.000121857 0.0319993 
0.00598844 0.297566 0.466013 4.32018e-05 0.230389 
0.0187746 0.119493 0.794567 0.00045481 0.0667104 
0.000397604 0.41708 0.57185 0.00500495 0.00566731 
0.10986 0.165004 0.606602 0.0924308 0.0261025 
0.000134816 0.766288 0.231923 0.0016147 3.8848e-05 
0.00524038 0.429355 0.350046 0.0460312 0.169327 
0.0044285 0.049462 0.902533 1.92888e-05 0.0435571 
0.0100384 0.00588418 0.941668 0.0187126 0.0236965 
0.00288064 0.119184 0.295942 0.579074 0.00291883 
0.0027682 0.00536858 0.991265 0.000312054 0.000285977 
0.175461 0.198777 0.315856 2.03035e-06 0.309904 
2.33037e-05 0.1637 0.812815 1.51774e-05 0.023447 
0.0603378 0.118898 0.804019 0.00867065 0.00807457 
0.000412271 0.687645 0.217516 0.0156068 0.0788199 
1.69148e-05 0.000483692 0.0114414 0.987997 6.08271e-05 
1.69148e-05 0.000483692 0.0114414 0.987997 6.08271e-05 
0.0375652 0.512038 0.215632 0.00366317 0.231101 
0.0153854 0.0517324 0.769371 0.105761 0.0577503 
7.06589e-09 0.077395 0.919307 0.00304779 0.000250244 
0.00154899 0.184787 0.806218 0.00145847 0.00598782 
6.05754e-05 0.0956008 0.874985 0.000283795 0.0290701 
0.0838989 0.114501 0.204645 0.596453 0.000502044 
0.022838 0.917665 0.0477228 0.000321073 0.0114529 
1.69148e-05 0.000483692 0.0114414 0.987997 6.08271e-05 
1.69148e-05 0.000483692 0.0114414 0.987997 6.08271e-05 
0.000340487 0.171139 0.759451 0.000954234 0.0681151 
0.00773095 0.00911659 0.982646 0.000459691 4.63628e-05 
0.0154552 0.0559536 0.909084 0.00367797 0.0158289 
0.00106559 0.154607 0.843426 1.03794e-09 0.00090155 
0.0096744 0.41276 0.577205 0.000198924 0.000162493 
0.000140876 0.887308 0.0524394 0.0160618 0.0440503 
0.000358595 0.0570066 0.897223 0.0454061 6.0008e-06 
0.00588749 0.104644 0.857938 0.00113181 0.030398 
1.69148e-05 0.000483692 0.0114414 0.987997 6.08271e-05 
0.115685 0.677619 0.177452 0.029188 5.58767e-05 
1.69148e-05 0.000483692 0.0114414 0.987997 6.08271e-05 
1.69148e-05 0.000483692 0.0114414 0.987997 6.08271e-05 
0.0037995 0.0540054 0.751093 0.188975 0.00212642 
0.00538544 0.0210736 0.932836 0.000202445 0.0405027 
0.0268773 0.756363 0.179743 8.40988e-05 0.0369326 
0.0367851 0.397426 0.543555 0.000621091 0.0216129 
0.000246548 0.0785511 0.766869 0.152288 0.00204533 
0.0114944 0.00613878 0.96483 0.00023625 0.0173003 
0.0935976 0.22672 0.637294 0.00173578 0.0406527 
0.000173484 0.0457338 0.940273 0.000181655 0.0136382 
2.51293e-05 0.189132 0.810012 1.27071e-05 0.000817926 
0.000132787 0.0578995 0.939594 0.00170659 0.000666794 
0.0071767 0.0792182 0.866942 0.0203402 0.0263228 
0.0067573 0.00876185 0.97202 6.28921e-06 0.0124551 
0.00158948 0.000246359 0.132108 0.866048 8.10929e-06 
0.00719268 0.0248523 0.958044 0.000119058 0.00979156 
1.69148e-05 0.000483692 0.0114414 0.987997 6.08271e-05 
0.147444 0.626309 0.226135 0.000100336 1.20227e-05 
0.0014865 0.0162237 0.71554 0.237266 0.0294842 
0.00208198 0.420905 0.463434 0.0126408 0.100938 
0.0553163 0.601467 0.291018 0.00591996 0.0462787 
1.69148e-05 0.000483692 0.0114414 0.987997 6.08271e-05 
0.00497258 0.0526092 0.882036 0.0115242 0.0488576 
2.07552e-05 0.400462 0.59938 6.25133e-08 0.000137004 
0.011419 0.171812 0.255718 0.560019 0.00103105 
1.69148e-05 0.000483692 0.0114414 0.987997 6.08271e-05 
4.59392e-05 0.989885 5.79104e-05 0.00963108 0.000380049 
0.234424 0.466899 0.27426 0.00143131 0.0229858 
0.110761 0.422351 0.466878 5.05719e-06 5.05754e-06 
0.0292859 0.777581 0.129568 0.0438998 0.0196646 
0.000492983 0.0940236 0.183271 0.673625 0.0485874 
9.29674e-05 0.0484846 0.94206 9.73427e-05 0.00926537 
0.000377996 0.697228 0.0719643 0.000371835 0.230058 
1.69148e-05 0.000483692 0.0114414 0.987997 6.08271e-05 
0.0080571 0.141503 0.0726681 0.00040492 0.777367 
0.00344402 0.899288 0.0965396 0.000121619 0.000607089 
0.0131211 0.358679 0.613752 4.64469e-05 0.0144014 
1.69148e-05 0.000483692 0.0114414 0.987997 6.08271e-05 
0.0257631 0.0679586 0.885397 0.00465571 0.0162257 
1.00672e-05 0.100202 0.777911 0.121564 0.000313634 
0.0670841 0.0748286 0.822606 0.033261 0.00222028 
0.00329243 0.901071 0.0953797 4.95037e-05 0.000206906 
0.000258327 0.94293 0.0440202 8.83248e-05 0.0127035 
1.69148e-05 0.000483692 0.0114414 0.987997 6.08271e-05 
0.00102428 0.0389245 0.922294 0.0231887 0.0145685 
9.24528e-05 0.000127307 0.993762 0.00584759 0.000170358 
0.00186833 0.848825 0.134098 0.00503602 0.010173 
0.0068688 0.102213 0.786352 0.000169825 0.104396 
0.0121477 0.67961 0.267696 0.000354099 0.0401921 
0.00141476 0.102824 0.881117 0.00061143 0.0140327 
0.155064 0.624436 0.210694 0.00279068 0.0070153 
0.00352257 0.00441137 0.949268 0.000160082 0.0426375 
0.0261253 0.0281883 0.944976 0.000115293 0.000595074 
0.00113939 0.0121672 0.713841 0.269997 0.00285508 
0.0717132 0.467563 0.446281 0.000317864 0.014125 
0.000577652 0.277774 0.6136 9.22231e-05 0.107956 
0.0848521 0.116658 0.671779 0.0997037 0.0270079 
0.0411727 0.281321 0.668515 0.000105442 0.00888618 
0.021846 0.0740023 0.779768 0.00749177 0.116892 
0.000549451 0.76951 0.185283 0.00762013 0.0370382 
1.69148e-05 0.000483692 0.0114414 0.987997 6.08271e-05 
0.00205491 0.0541459 0.856869 0.000206772 0.0867235 
1.69148e-05 0.000483692 0.0114414 0.987997 6.08271e-05 
1.69148e-05 0.000483692 0.0114414 0.987997 6.08271e-05 
0.215258 0.241614 0.536705 0.00527382 0.00114965 
0.0982408 0.161856 0.733799 0.000146465 0.00595772 
0.00516069 0.0403105 0.891146 0.016333 0.0470495 
0.00463882 0.117001 0.807456 4.47456e-05 0.0708594 
0.106856 0.37069 0.522452 1.82003e-06 1.92023e-07 
0.00105405 0.0221163 0.106908 2.80062e-05 0.869893 
0.00553406 0.137731 0.75747 6.2628e-05 0.0992026 
1.69148e-05 0.000483692 0.0114414 0.987997 6.08271e-05 
1.69148e-05 0.000483692 0.0114414 0.987997 6.08271e-05 
0.00473236 0.950608 0.0205998 0.0164199 0.00763987 
0.013921 0.207656 0.759159 0.000193543 0.0190709 
0.00095986 0.0678319 0.0473324 6.50276e-06 0.883869 
1.69148e-05 0.000483692 0.0114414 0.987997 6.08271e-05 
0.0039705 0.806149 0.185168 0.000136027 0.00457638 
0.000212956 0.932764 0.0610593 0.0012728 0.00469141 
4.59392e-05 0.989885 5.79104e-05 0.00963108 0.000380049 
0.0431633 0.00667988 0.625395 2.53716e-05 0.324737 
0.011971 0.767993 0.214567 2.90098e-06 0.00546581 
0.000101226 0.196358 0.802779 4.77281e-07 0.000761284 
0.000173484 0.0457338 0.940273 0.000181655 0.0136382 
0.00553406 0.137731 0.75747 6.2628e-05 0.0992026 
0.0250733 0.0326277 0.777877 4.51488e-08 0.164422 
3.75062e-05 0.0116337 0.975868 0.00016005 0.0123011 
0.000744928 0.383676 0.257064 0.358242 0.000272644 
0.00118251 0.79175 0.0832173 0.0036883 0.120161 
0.000134069 0.74428 0.203556 0.000360696 0.0516686 
0.00473236 0.950608 0.0205998 0.0164199 0.00763987 
4.59392e-05 0.989885 5.79104e-05 0.00963108 0.000380049 
0.0299609 0.524298 0.383935 0.00206951 0.0597364 
0.0156924 0.509102 0.456214 4.51449e-05 0.0189464 
0.0029477 0.0206608 0.929979 0.038762 0.0076507 
2.65028e-05 0.920124 0.0367296 0.000102363 0.0430173 
0.0720093 0.5071 0.39452 1.52328e-05 0.0263558 
1.69148e-05 0.000483692 0.0114414 0.987997 6.08271e-05 
0.000419865 0.00866693 0.985593 5.28222e-05 0.00526758 
1.69148e-05 0.000483692 0.0114414 0.987997 6.08271e-05 
0.145394 0.68476 0.158862 0.00630965 0.00467422 
1.69148e-05 0.000483692 0.0114414 0.987997 6.08271e-05 
0.0690142 0.347761 0.518109 4.11845e-06 0.0651117 
0.0288391 0.0534368 0.861977 0.000261487 0.0554854 
0.00780293 0.0914485 0.873831 0.000898736 0.0260191 
0.011212 0.858618 0.046001 0.000153812 0.084015 
0.00020446 0.0662357 0.843978 0.00527199 0.0843095 
0.00456919 0.141048 0.847277 0.000386093 0.00671977 
3.86331e-05 0.0626196 0.936963 2.61457e-05 0.000352173 
0.000315739 0.437993 0.0775668 0.000623857 0.483501 
0.00172296 0.0350156 0.960692 0.000128166 0.00244154 
0.0213026 0.166624 0.607167 0.202035 0.00287084 
0.00436516 0.0439721 0.934799 0.000437546 0.0164267 
0.000266394 0.965724 0.00430108 0.00193004 0.0277783 
0.0360469 0.789415 0.174371 0.000166186 1.08072e-06 
0.035529 0.0953936 0.843491 0.00678424 0.0188017 
0.0760543 0.261753 0.634883 0.0252902 0.00201947 
0.00827576 0.7832 0.136594 0.000512537 0.0714174 
0.0314116 0.293429 0.614138 0.00254603 0.0584758 
0.0222591 0.0481507 0.559795 0.36637 0.00342589 
0.000407956 0.0500843 0.901281 7.01759e-05 0.0481566 
1.69148e-05 0.000483692 0.0114414 0.987997 6.08271e-05 
1.28065e-06 0.257271 0.338555 0.000488758 0.403683 
0.000809514 0.0908151 0.908147 0.000228644 1.58928e-07 
0.00178839 0.0381624 0.949037 0.00598956 0.00502237 
0.0243574 0.272863 0.578373 0.000300301 0.124107 
0.0278286 0.647873 0.196655 0.00262797 0.125015 
0.00429888 0.457572 0.268788 0.269307 3.45356e-05 
0.00162362 0.0862274 0.877988 0.0163366 0.017824 
0.000492983 0.0940236 0.183271 0.673625 0.0485874 
0.0961528 0.215 0.264699 0.410416 0.0137321 
0.00547401 0.0830655 0.878351 3.92726e-08 0.0331098 
0.0317381 0.115046 0.84816 0.00292286 0.00213329 
0.00328438 0.178936 0.81232 0.000107658 0.00535239 
1.69148e-05 0.000483692 0.0114414 0.987997 6.08271e-05 
6.57192e-06 0.0227899 0.974995 0.00127952 0.000928677 
0.0426791 0.0894309 0.804415 0.0245328 0.0389419 
0.0014865 0.0162237 0.71554 0.237266 0.0294842 
0.00895585 0.172092 0.650133 0.0364597 0.132359 
0.000727755 0.0390935 0.853652 0.0815229 0.0250039 
0.00153764 0.472269 0.15139 0.000263582 0.374539 
0.000260503 0.430463 0.163583 0.00204008 0.403653 
0.0121398 0.0651438 0.904594 0.000196806 0.0179259 
0.0292498 0.163043 0.799176 0.0073655 0.0011663 
0.014109 0.14386 0.764189 0.0670883 0.0107538 
0.0192269 0.190251 0.776906 0.000887 0.0127284 
0.00395995 0.228477 0.415437 0.352087 3.85183e-05 
0.00735513 0.366682 0.562208 0.00628902 0.0574662 
1.00672e-05 0.100202 0.777911 0.121564 0.000313634 
0.0138624 0.238661 0.378002 0.36113 0.00834495 
0.00473236 0.950608 0.0205998 0.0164199 0.00763987 
0.00167167 0.862481 0.0679804 1.40874e-07 0.067867 
0.000358045 0.72505 0.27458 1.264e-05 1.09064e-08 
1.69148e-05 0.000483692 0.0114414 0.987997 6.08271e-05 
0.000213718 0.844133 0.0604943 0.0293377 0.0658214 
0.00504895 0.915491 0.0770852 7.66319e-05 0.00229828 
0.00669906 0.102246 0.884176 8.60007e-05 0.00679287 
1.69148e-05 0.000483692 0.0114414 0.987997 6.08271e-05 
0.000354722 0.744369 0.197119 0.000397165 0.0577594 
0.00240075 0.733624 0.163411 0.000256458 0.100308 
1.69148e-05 0.000483692 0.0114414 0.987997 6.08271e-05 
0.000243298 0.999388 0.000275422 8.23841e-05 1.05189e-05 
0.0431633 0.00667988 0.625395 2.53716e-05 0.324737 
0.199987 0.200015 0.200022 0.199981 0.199995 
1.69148e-05 0.000483692 0.0114414 0.987997 6.08271e-05 
0.0239173 0.422597 0.519429 7.95943e-07 0.0340557 
2.65028e-05 0.920124 0.0367296 0.000102363 0.0430173 
0.000177029 0.163299 0.0630516 0.772571 0.000901913 
0.012072 0.0493266 0.923474 0.00649429 0.00863315 
0.145547 0.635975 0.193296 2.3977e-06 0.02518 
0.00119208 0.062725 0.871759 0.0470794 0.0172444 
0.00473236 0.950608 0.0205998 0.0164199 0.00763987 
1.69148e-05 0.000483692 0.0114414 0.987997 6.08271e-05 
4.59392e-05 0.989885 5.79104e-05 0.00963108 0.000380049 
0.0683397 0.678005 0.191597 3.48528e-07 0.0620573 
1.08328e-06 0.091653 0.908334 1.25452e-06 1.10259e-05 
0.000701388 0.123643 0.841609 0.0118952 0.0221508 
0.00141369 0.619654 0.375755 0.000324906 0.0028521 
1.69148e-05 0.000483692 0.0114414 0.987997 6.08271e-05 
0.00473236 0.950608 0.0205998 0.0164199 0.00763987 
0.0101009 0.74543 0.190001 0.0237572 0.0307104 
0.00431048 0.13345 0.859072 0.000536597 0.00263068 
1.69148e-05 0.000483692 0.0114414 0.987997 6.08271e-05 
0.0117728 0.0679545 0.825573 0.00093936 0.0937604 
1.30877e-07 0.0335716 0.966427 7.064e-08 8.55949e-07 
0.0064865 0.308931 0.648999 0.000277718 0.0353061 
0.000152918 0.0109789 0.986597 0.00167867 0.000592562 
0.00323447 0.0178288 0.275214 0.703135 0.000587923 
1.69148e-05 0.000483692 0.0114414 0.987997 6.08271e-05 
0.00383617 0.250179 0.68184 0.00784019 0.0563047 
0.000403625 0.937799 0.0606163 9.44902e-11 0.00118072 
0.00152538 0.10275 0.632189 0.263335 0.000200464 
0.00473236 0.950608 0.0205998 0.0164199 0.00763987 
0.00764373 0.0767293 0.846801 0.0227559 0.0460696 
0.00625754 0.561708 0.33416 0.00673979 0.0911347 
0.0100388 0.00824152 0.673753 0.3074 0.000566117 
0.00824873 0.203761 0.738463 0.0118913 0.0376362 
1.69148e-05 0.000483692 0.0114414 0.987997 6.08271e-05 
0.00301089 0.0884043 0.908131 9.71413e-05 0.000356817 
0.00042991 0.915796 0.0789588 1.69397e-07 0.00481533 
0.15168 0.182545 0.665194 0.000281015 0.000298813 
0.0969946 0.171805 0.722673 0.00081097 0.00771673 
0.00399532 0.0344095 0.958498 0.000171893 0.00292547 
0.0133675 0.0859848 0.876079 0.00130308 0.0232652 
0.20208 0.517851 0.277944 0.00106718 0.0010576 
0.00409059 0.070415 0.073853 0.800879 0.0507622 
0.0175017 3.05921e-06 0.0358782 0.946616 8.82035e-07 
0.00473236 0.950608 0.0205998 0.0164199 0.00763987 
0.00253798 0.807627 0.18842 7.43461e-05 0.0013404 
8.80327e-05 0.0776787 0.914851 0.000116305 0.0072663 
4.59392e-05 0.989885 5.79104e-05 0.00963108 0.000380049 
0.00473236 0.950608 0.0205998 0.0164199 0.00763987 
2.64052e-06 0.0437056 0.949548 4.00435e-07 0.00674329 
0.000230756 0.0293181 0.962295 0.000166789 0.00798886 
0.00318977 0.0597807 0.868326 0.0051894 0.0635141 
0.00473236 0.950608 0.0205998 0.0164199 0.00763987 
0.011419 0.171812 0.255718 0.560019 0.00103105 
0.0220393 0.131573 0.834823 0.00932416 0.00224071 
0.00323926 0.159444 0.0313203 0.752057 0.0539395 
0.00251794 0.0720462 0.920121 0.00517785 0.000137369 
0.0529401 0.0603938 0.752096 0.000252227 0.134318 
0.00927795 0.0833791 0.880859 0.00578856 0.0206955 
0.0381365 0.475168 0.480872 1.71744e-05 0.00580646 
0.00960608 0.366449 0.611959 0.0108868 0.00109948 
0.0391629 0.23214 0.709656 0.00126185 0.0177797 
0.0413518 0.605767 0.311527 0.000106324 0.0412479 
0.00473236 0.950608 0.0205998 0.0164199 0.00763987 
0.00219428 0.0166134 0.981192 1.24912e-08 5.39234e-12 
0.00715514 0.37035 0.6154 3.14912e-05 0.00706368 
0.0136267 0.191373 0.783312 0.000125741 0.0115634 
1.69148e-05 0.000483692 0.0114414 0.987997 6.08271e-05 
1.28065e-06 0.257271 0.338555 0.000488758 0.403683 
0.00392439 0.336104 0.0622413 0.00133418 0.596396 
1.91828e-07 0.958806 0.0225069 2.59988e-08 0.0186873 
0.000977498 0.228164 0.349186 0.401871 0.0198017 
0.000258327 0.94293 0.0440202 8.83248e-05 0.0127035 
0.00274494 0.722789 0.231267 0.00124534 0.0419534 
0.00361236 0.139951 0.819204 0.000456651 0.0367765 
0.00449068 0.138721 0.846645 0.000366715 0.00977738 
0.000902029 0.0125773 0.984729 9.65653e-05 0.00169509 
0.0139755 0.0406068 0.92144 7.88979e-05 0.0238992 
0.00274867 0.0472673 0.202342 0.715327 0.0323146 
0.00103691 0.0851549 0.821715 3.47495e-05 0.0920582 
0.0489047 0.0770809 0.516508 0.000686077 0.35682 
0.0190385 0.440831 0.468365 0.022739 0.0490265 
1.69148e-05 0.000483692 0.0114414 0.987997 6.08271e-05 
0.00617854 0.12241 0.81211 0.0572288 0.00207289 
0.000468215 0.0168564 0.37536 0.597638 0.00967786 
0.000109222 0.000677005 0.996092 0.000427397 0.00269469 
0.00342137 0.0918719 0.877926 0.000249247 0.0265313 
0.00103759 0.111767 0.777698 0.000276889 0.10922 
0.000128484 0.0815359 0.91669 2.58687e-05 0.00161994 
0.053044 0.54424 0.183726 0.00101611 0.217974 
0.00622598 0.0867655 0.870747 0.0120186 0.0242432 
0.0012761 0.00353728 0.995019 0.000132703 3.47249e-05 
0.00351285 0.0231015 0.0987838 7.01637e-05 0.874532 
4.59392e-05 0.989885 5.79104e-05 0.00963108 0.000380049 
1.59264e-05 0.0731113 0.821723 7.06732e-05 0.105079 
0.000876924 0.723652 0.137674 0.135766 0.00203008 
1.69148e-05 0.000483692 0.0114414 0.987997 6.08271e-05 
0.000785443 0.0969321 0.89129 0.000641448 0.0103508 
0.0540892 0.286276 0.463504 0.000298528 0.195832 
0.000959417 0.0374004 0.942003 0.018361 0.00127663 
0.000926818 0.174803 0.820729 6.24641e-07 0.00354095 
0.0117524 0.127422 0.819447 0.00298365 0.038395 
0.0451492 0.102152 0.352162 0.0024077 0.49813 
0.0194514 0.020187 0.959977 0.000184255 0.000200244 
0.0273285 0.243206 0.72293 3.96393e-05 0.00649623 
0.0231408 0.160352 0.683451 0.115892 0.0171639 
0.186888 0.190447 0.583334 0.000166861 0.0391643 
1.69148e-05 0.000483692 0.0114414 0.987997 6.08271e-05 
0.000300169 0.82599 0.00892085 8.88876e-09 0.164789 
0.000275607 0.0497766 0.0362275 0.000123301 0.913597 
0.00172013 0.119899 0.608066 0.26765 0.00266498 
0.00699817 0.202747 0.787367 0.00110066 0.00178744 
0.0020525 0.00287856 0.994377 0.000542998 0.0001486 
1.69148e-05 0.000483692 0.0114414 0.987997 6.08271e-05 
0.000395411 0.0510379 0.751811 0.00034401 0.196412 
0.00634147 0.123455 0.797974 0.0190339 0.0531959 
1.60797e-07 0.988953 0.000782924 6.67969e-07 0.0102637 
1.69148e-05 0.000483692 0.0114414 0.987997 6.08271e-05 
0.00463882 0.117001 0.807456 4.47456e-05 0.0708594 
0.001225 0.000935576 0.991564 0.000432738 0.00584307 
0.0131399 0.794964 0.178085 5.01192e-05 0.0137607 
0.0367312 0.228214 0.707888 0.000535431 0.026631 
0.0054054 0.0380157 0.947829 0.00697052 0.00177977 
0.000456577 0.137389 0.846249 0.000971443 0.0149348 
9.67652e-07 0.133486 0.660913 0.205596 4.29114e-06 
0.0295028 0.0753593 0.878711 0.000743959 0.0156826 
1.69148e-05 0.000483692 0.0114414 0.987997 6.08271e-05 
1.06187e-05 0.0907304 0.811693 0.000104364 0.0974615 
0.156868 0.569475 0.21882 0.035513 0.0193241 
0.00586379 0.210793 0.686025 0.000471355 0.0968465 
0.00736412 0.0855686 0.815367 0.0691781 0.0225225 
0.0033718 0.512194 0.462618 0.000614156 0.0212015 
0.0276095 0.182426 0.787083 0.000766661 0.00211524 
1.69148e-05 0.000483692 0.0114414 0.987997 6.08271e-05 
0.00473236 0.950608 0.0205998 0.0164199 0.00763987 
0.000707578 0.223858 0.743041 0.000677315 0.0317168 
0.00271381 0.721783 0.0329726 6.25735e-05 0.242468 
0.013893 0.0397338 0.932433 1.90493e-05 0.0139215 
0.00329532 0.0411536 0.948384 0.00495464 0.00221222 
0.00212014 0.172897 0.775134 0.0253707 0.0244783 
0.0431633 0.00667988 0.625395 2.53716e-05 0.324737 
1.69148e-05 0.000483692 0.0114414 0.987997 6.08271e-05 
1.69148e-05 0.000483692 0.0114414 0.987997 6.08271e-05 
0.00113124 0.318734 0.676916 0.000764061 0.00245473 
0.0431633 0.00667988 0.625395 2.53716e-05 0.324737 
0.0183388 0.0743764 0.886418 0.00115149 0.0197157 
0.0541974 0.520977 0.391173 0.000381492 0.0332709 
0.012631 0.741804 0.153916 0.00671079 0.0849379 
0.049989 0.26835 0.675028 0.000401437 0.00623147 
5.2153e-05 0.111978 0.885451 8.12808e-05 0.00243701 
0.01248 0.00709731 0.851338 0.122272 0.00681228 
0.0121965 0.0706294 0.139646 0.729362 0.0481665 
0.00935921 0.069156 0.499632 0.409641 0.0122115 
0.0109921 0.115918 0.85829 0.00393967 0.0108596 
1.69148e-05 0.000483692 0.0114414 0.987997 6.08271e-05 
1.69148e-05 0.000483692 0.0114414 0.987997 6.08271e-05 
0.00071671 0.0277899 0.0581859 0.873936 0.039372 
0.0150286 0.585304 0.274352 3.119e-05 0.125284 
8.55043e-07 0.0110061 0.987759 0.0012343 8.42283e-11 
0.0374318 0.0948557 0.698667 0.0543171 0.114728 
0.012327 0.0444006 0.940186 0.00113084 0.00195552 
0.00294608 0.833063 0.163985 3.28674e-07 4.6302e-06 
0.00121675 0.0460636 0.188749 0.000291658 0.763679 
0.000629937 0.412117 0.281363 0.30589 1.11994e-06 
0.0136481 0.279514 0.190169 0.512585 0.00408372 
0.0514458 0.310694 0.587899 0.00753408 0.0424272 
0.000762479 0.161325 0.83037 0.000424998 0.00711741 
0.0028374 0.00229789 0.971777 0.0217154 0.00137228 
0.000899969 0.724786 0.141515 0.13077 0.00202924 
0.0923456 0.241569 0.632216 0.0323784 0.00149024 
0.00220484 0.0614133 0.930968 0.000158971 0.00525445 
0.111037 0.669137 0.164515 0.00599837 0.0493133 
0.011419 0.171812 0.255718 0.560019 0.00103105 
0.00234347 0.077765 0.912172 0.0015589 0.00616057 
1.69148e-05 0.000483692 0.0114414 0.987997 6.08271e-05 
1.69148e-05 0.000483692 0.0114414 0.987997 6.08271e-05 
0.00215995 0.557013 0.188829 1.08614e-05 0.251987 
1.69148e-05 0.000483692 0.0114414 0.987997 6.08271e-05 
1.69148e-05 0.000483692 0.0114414 0.987997 6.08271e-05 
0.00739228 0.021235 0.544366 0.418805 0.0082015 
0.025997 0.301733 0.66078 0.0028428 0.00864722 
0.000287284 0.0575473 0.938584 2.78072e-05 0.00355377 
0.00643741 0.0527691 0.939545 0.000218521 0.00102948 
1.69148e-05 0.000483692 0.0114414 0.987997 6.08271e-05 
1.69148e-05 0.000483692 0.0114414 0.987997 6.08271e-05 
0.130679 0.589023 0.279091 0.00105439 0.000151901 
0.0175231 0.845372 0.0246372 2.6785e-05 0.112441 
0.00849614 0.787293 0.1481 0.00100926 0.0551008 
1.57537e-05 0.000489696 0.0115691 0.98785 7.51608e-05 
0.0541512 0.107803 0.738071 0.0798157 0.0201598 
0.00494985 0.914639 0.0287657 6.20445e-06 0.0516397 
0.0118878 0.194651 0.754472 0.000362299 0.0386271 
0.00518251 0.346172 0.648356 6.16596e-07 0.000289413 
0.00620809 0.159085 0.833185 0.00135811 0.00016365 
0.0165665 0.395221 0.526419 0.0534583 0.00833487 
0.00572195 0.17986 0.774585 0.00987843 0.0299552 
0.0158745 0.0213545 0.949606 4.49241e-06 0.0131604 
0.0271069 0.081071 0.882275 0.000256382 0.00929073 
0.0135719 0.437624 0.521672 0.000259304 0.0268726 
3.54642e-05 0.028098 0.971555 1.37015e-06 0.000310347 
0.00473236 0.950608 0.0205998 0.0164199 0.00763987 
0.0110454 0.847758 0.128405 1.83928e-05 0.012774 
0.0152582 0.0758211 0.904859 2.56671e-05 0.0040357 
0.10293 0.110032 0.779268 0.0045011 0.00326874 
1.69148e-05 0.000483692 0.0114414 0.987997 6.08271e-05 
0.0213026 0.166624 0.607167 0.202035 0.00287084 
9.75272e-05 0.0043238 0.995509 5.88236e-05 1.09865e-05 
0.000915279 0.0351218 0.916413 0.0369885 0.0105618 
2.78607e-05 0.230433 0.768362 0.000699379 0.000478038 
0.000478919 0.0250769 0.936849 0.0369955 0.000599295 
1.69148e-05 0.000483692 0.0114414 0.987997 6.08271e-05 
0.00473236 0.950608 0.0205998 0.0164199 0.00763987 
6.0949e-05 0.610232 0.386902 2.65155e-06 0.00280231 
0.178541 0.324686 0.460559 0.025098 0.011116 
1.69148e-05 0.000483692 0.0114414 0.987997 6.08271e-05 
0.041359 0.181126 0.0497529 0.00382901 0.723934 
8.43202e-05 0.993327 0.0018467 0.000223096 0.00451903 
0.000237926 0.0369473 0.960513 0.000283924 0.00201754 
1.69148e-05 0.000483692 0.0114414 0.987997 6.08271e-05 
0.0783657 0.529427 0.34348 0.0377157 0.0110114 
0.000702861 0.718567 0.280346 0.000368922 1.50113e-05 
0.0431633 0.00667988 0.625395 2.53716e-05 0.324737 
0.00141476 0.102824 0.881117 0.00061143 0.0140327 
0.00183447 0.0851618 0.885 0.00478105 0.0232228 
0.000236777 0.00427862 0.990666 0.00422395 0.000594882 
0.0216742 0.4433 0.528364 0.00073347 0.00592758 
0.0523956 0.164867 0.397849 0.185215 0.199673 
0.000369357 0.824234 0.0428253 0.000297596 0.132274 
0.00156065 0.909899 0.0850268 0.00266917 0.000844653 
0.0122566 0.0469017 0.93558 0.00124656 0.00401483 
1.69148e-05 0.000483692 0.0114414 0.987997 6.08271e-05 
0.0204914 0.79673 0.170004 7.81224e-05 0.0126966 
2.73393e-07 0.0642838 0.930685 2.73386e-07 0.00503092 
0.000212956 0.932764 0.0610593 0.0012728 0.00469141 
0.012779 0.0451745 0.906418 0.000541317 0.0350873 
0.0370262 0.0802189 0.0390173 0.00738695 0.836351 
0.000457941 0.0235402 0.970397 0.000124127 0.0054807 
4.80492e-05 0.0171153 0.958956 8.49162e-05 0.0237956 
2.07552e-05 0.400462 0.59938 6.25133e-08 0.000137004 
0.0209425 0.0265695 0.920252 0.00315856 0.0290771 
0.000163826 0.841308 0.146125 0.00236055 0.0100419 
2.65028e-05 0.920124 0.0367296 0.000102363 0.0430173 
0.000871348 0.0474828 0.950909 5.31952e-05 0.000683668 
0.0020664 0.0328 0.92108 8.91403e-05 0.0439649 
0.011971 0.767993 0.214567 2.90098e-06 0.00546581 
1.69148e-05 0.000483692 0.0114414 0.987997 6.08271e-05 
1.69148e-05 0.000483692 0.0114414 0.987997 6.08271e-05 
4.14779e-05 4.14837e-05 0.999834 4.14768e-05 4.14796e-05 
0.00242443 0.0516613 0.920924 0.00020605 0.0247843 
0.000899969 0.724786 0.141515 0.13077 0.00202924 
0.000550132 0.386144 0.151915 0.000394882 0.460996 
2.65028e-05 0.920124 0.0367296 0.000102363 0.0430173 
2.64085e-05 0.0135672 0.986326 1.74262e-05 6.25792e-05 
0.00408264 0.0586367 0.935053 0.000834146 0.00139339 
0.032137 0.0521121 0.848595 0.0556546 0.0115016 
1.69148e-05 0.000483692 0.0114414 0.987997 6.08271e-05 
0.00326085 0.0316566 0.954468 8.84287e-05 0.010526 
0.00881701 0.0692718 0.899625 0.00251017 0.0197755 
0.000452201 0.159319 0.345871 0.49007 0.00428851 
0.00473236 0.950608 0.0205998 0.0164199 0.00763987 
0.00432544 0.28609 0.61678 0.000549799 0.0922543 
1.69148e-05 0.000483692 0.0114414 0.987997 6.08271e-05 
0.0138417 0.557994 0.0862231 8.83102e-10 0.341941 
0.0020783 0.0105592 0.70216 0.252164 0.0330387 
0.00922226 0.173019 0.739993 0.0289935 0.0487722 
0.118471 0.312864 0.537837 0.00577701 0.0250508 
0.000611725 0.194687 0.755035 1.25952e-05 0.0496534 
1.69148e-05 0.000483692 0.0114414 0.987997 6.08271e-05 
1.69148e-05 0.000483692 0.0114414 0.987997 6.08271e-05 
0.043658 0.0500892 0.899566 1.38924e-05 0.00667323 
0.00334229 0.320634 0.642558 0.00225838 0.0312073 
0.00328087 0.0104582 0.916088 0.00152908 0.0686434 
0.0936268 0.100177 0.7933 0.00205582 0.0108411 
0.0223076 0.0753922 0.850341 0.0153749 0.0365841 
0.000230707 0.109156 0.885957 0.00449546 0.000160872 
3.86331e-05 0.0626196 0.936963 2.61457e-05 0.000352173 
1.1006e-05 0.110638 0.880004 0.00449246 0.00485413 
0.0796647 0.105049 0.790364 0.0158459 0.00907643 
0.00695315 0.0643988 0.926533 1.00259e-05 0.00210547 
0.079912 0.161688 0.735521 0.000851827 0.0220275 
0.000500608 0.70463 0.271763 0.0181039 0.00500323 
0.0206044 0.273091 0.473825 0.231293 0.00118621 
0.0191525 0.911778 0.0677791 0.000180525 0.00111017 
0.163405 0.222813 0.610793 0.000222832 0.00276709 
0.000173484 0.0457338 0.940273 0.000181655 0.0136382 
0.00114961 0.137643 0.792777 0.00973006 0.0586998 
0.0214425 0.385199 0.443349 0.00911684 0.140893 
0.0015661 0.657356 0.198641 0.142275 0.000161945 
0.00473236 0.950608 0.0205998 0.0164199 0.00763987 
0.00473236 0.950608 0.0205998 0.0164199 0.00763987 
0.0296717 0.141362 0.743626 0.0100112 0.0753295 
0.0544562 0.671848 0.194146 0.00603232 0.0735173 
1.69148e-05 0.000483692 0.0114414 0.987997 6.08271e-05 
0.00489476 0.249852 0.737612 6.84356e-05 0.00757259 
0.0904898 0.154143 0.43602 0.318518 0.00082925 
0.00241033 0.35871 0.59019 4.24039e-08 0.0486895 
1.69148e-05 0.000483692 0.0114414 0.987997 6.08271e-05 
1.69148e-05 0.000483692 0.0114414 0.987997 6.08271e-05 
0.00323926 0.159444 0.0313203 0.752057 0.0539395 
0.000176272 0.882054 0.117741 2.01893e-07 2.84623e-05 
0.00387863 0.514394 0.469899 0.0118282 1.47139e-11 
0.00173661 0.0023115 0.99551 0.000231222 0.000210548 
1.69148e-05 0.000483692 0.0114414 0.987997 6.08271e-05 
0.011971 0.767993 0.214567 2.90098e-06 0.00546581 
0.00422596 0.00348788 0.976973 0.00893648 0.00637702 
0.0124198 0.0610321 0.924406 0.000406985 0.00173471 
0.000391754 0.00611221 0.91186 0.0809193 0.000716722 
0.00960608 0.366449 0.611959 0.0108868 0.00109948 
1.69148e-05 0.000483692 0.0114414 0.987997 6.08271e-05 
0.0396251 0.184472 0.74143 0.00704405 0.0274286 
0.00576004 0.0356074 0.92414 0.00432533 0.0301676 
0.00736377 0.0752931 0.893389 0.01342 0.0105342 
0.00603895 0.0768507 0.91269 0.000873802 0.00354691 
0.0029945 0.0235112 0.948689 0.00139946 0.0234056 
0.000180704 0.960655 0.0151274 7.97921e-12 0.0240368 
0.0417588 0.119246 0.616938 1.46476e-05 0.222043 
0.0316404 0.180371 0.785699 0.000117485 0.00217249 
0.0165977 0.0652848 0.855527 0.00132343 0.0612666 
0.0167589 0.106461 0.635498 4.86051e-05 0.241233 
0.00879816 0.378321 0.118053 0.000756593 0.494071 
1.69148e-05 0.000483692 0.0114414 0.987997 6.08271e-05 
0.00553406 0.137731 0.75747 6.2628e-05 0.0992026 
0.29611 0.30399 0.388532 0.0111303 0.000237371 
0.000372826 0.173337 0.819265 7.87712e-07 0.00702408 
0.00232911 0.196567 0.31244 0.419241 0.0694219 
0.00552089 0.501231 0.479664 0.000598205 0.0129856 
4.59392e-05 0.989885 5.79104e-05 0.00963108 0.000380049 
0.0347331 0.643412 0.319634 0.000422755 0.00179828 
0.000381462 0.333487 0.664874 0.000467321 0.000790648 
0.0022697 0.132377 0.849825 0.00423438 0.0112942 
0.000258327 0.94293 0.0440202 8.83248e-05 0.0127035 
0.00312034 0.173984 0.759014 0.000860009 0.063021 
0.0208543 0.528495 0.346382 0.00239733 0.101871 
0.00259302 0.0176745 0.978393 0.000139541 0.00119981 
4.59392e-05 0.989885 5.79104e-05 0.00963108 0.000380049 
0.0234444 0.106732 0.867421 0.00112385 0.00127846 
0.00551836 0.935825 0.0577618 0.000894385 1.75863e-07 
1.69148e-05 0.000483692 0.0114414 0.987997 6.08271e-05 
0.0245001 0.217077 0.740854 0.015794 0.00177459 
1.69148e-05 0.000483692 0.0114414 0.987997 6.08271e-05 
0.00371531 0.0812668 0.903631 0.00389772 0.00748874 
1.69148e-05 0.000483692 0.0114414 0.987997 6.08271e-05 
0.0660002 0.397404 0.536576 1.14832e-05 8.09625e-06 
0.0168459 0.0237223 0.950044 0.000145307 0.00924205 
0.000391583 0.0779593 0.791688 0.00402799 0.125933 
1.69148e-05 0.000483692 0.0114414 0.987997 6.08271e-05 
0.000245195 0.0341572 0.940378 2.38823e-05 0.0251953 
0.00924137 0.0212954 0.968936 0.000510456 1.64344e-05 
0.0396643 0.172911 0.713797 0.000205098 0.0734234 
0.0671092 0.0887594 0.81279 0.0282558 0.00308542 
1.69148e-05 0.000483692 0.0114414 0.987997 6.08271e-05 
1.69148e-05 0.000483692 0.0114414 0.987997 6.08271e-05 
0.000181542 0.0987429 0.0407735 1.66476e-06 0.8603 
0.011971 0.767993 0.214567 2.90098e-06 0.00546581 
0.000488218 0.00917862 0.983101 2.11398e-05 0.00721141 
0.00222333 0.0159295 0.801208 0.168248 0.0123912 
1.69148e-05 0.000483692 0.0114414 0.987997 6.08271e-05 
0.0276485 0.689915 0.244897 0.000594087 0.0369458 
0.020611 0.0540617 0.768403 0.0627933 0.0941311 
0.000567818 0.0177211 0.920298 0.0407474 0.0206658 
0.00162073 0.146255 0.770864 0.00132196 0.0799389 
0.00233266 0.0052963 0.991504 3.49259e-05 0.000832162 
0.000551099 0.0585534 0.939754 1.8771e-06 0.00113932 
0.000173484 0.0457338 0.940273 0.000181655 0.0136382 
1.17719e-05 0.0328742 0.800931 0.000200055 0.165983 
1.69148e-05 0.000483692 0.0114414 0.987997 6.08271e-05 
0.0259382 0.0103909 0.78998 0.0197323 0.153959 
0.00473236 0.950608 0.0205998 0.0164199 0.00763987 
1.69148e-05 0.000483692 0.0114414 0.987997 6.08271e-05 
0.000155836 0.910557 0.0816638 0.000211263 0.00741192 
0.0289489 0.320111 0.638554 0.000461245 0.0119251 
0.00909733 0.189314 0.772354 0.00118598 0.0280485 
3.77206e-07 0.684719 0.229805 0.000278552 0.0851966 
1.83331e-05 0.0794887 0.894709 2.18068e-05 0.0257624 
0.0217597 0.178098 0.798195 5.4019e-05 0.00189354 
0.044974 0.00371944 0.718148 0.231707 0.0014521 
0.00368294 0.115436 0.87043 0.000561816 0.00988877 
0.00837586 0.424975 0.517749 0.0267586 0.0221414 
0.00172572 0.144201 0.84248 0.00288575 0.00870818 
1.69148e-05 0.000483692 0.0114414 0.987997 6.08271e-05 
0.00259611 0.934643 0.0625009 4.90478e-12 0.000259697 
0.0140648 0.0255928 0.953407 0.00390688 0.00302844 
0.0051837 0.0851562 0.886376 6.54547e-05 0.0232183 
