0.283436 0.392938 0.322593 0.000121768 0.000911524 
0.00150378 0.629529 0.330733 0.0280246 0.0102102 
3.02186e-07 0.990817 0.00651623 3.76362e-11 0.00266644 
0.00966128 0.631416 0.31446 1.76687e-09 0.0444624 
0.000254319 0.613904 0.235199 0.000126578 0.150517 
0.0408362 0.635933 0.204395 8.08298e-05 0.118755 
0.00473236 0.950608 0.0205998 0.0164199 0.00763987 
0.000492658 0.458534 0.139985 6.29995e-05 0.400926 
0.136937 0.711165 0.111076 0.0350276 0.00579432 
0.00473236 0.950608 0.0205998 0.0164199 0.00763987 
0.000396987 0.475458 0.098543 0.0374582 0.388144 
0.256283 0.683498 0.0593545 0.000148196 0.000716284 
2.1207e-05 0.976103 0.0208668 0.00300848 7.81068e-07 
0.0253424 0.496897 0.419912 0.000123164 0.057726 
0.0175231 0.845372 0.0246372 2.6785e-05 0.112441 
0.0366635 0.725132 0.225121 2.18196e-05 0.013061 
0.149797 0.471353 0.35209 0.00222446 0.0245357 
0.0198903 0.652788 0.272916 0.00016191 0.054244 
0.00238584 0.568112 0.42884 0.000166032 0.000496047 
0.0607453 0.694101 0.12149 0.0152022 0.108461 
0.011971 0.767993 0.214567 2.90098e-06 0.00546581 
0.00293503 0.627465 0.36788 0.000703023 0.00101745 
0.000527363 0.603181 0.393856 5.33278e-05 0.00238274 
2.65028e-05 0.920124 0.0367296 0.000102363 0.0430173 
0.000149498 0.721176 0.0609034 0.000555254 0.217216 
0.0246483 0.746385 0.217249 0.00120444 0.0105141 
0.0830807 0.60264 0.302095 0.00936829 0.00281602 
0.19291 0.515437 0.29097 0.000529935 0.000152702 
0.00235712 0.971763 0.0151312 5.08171e-05 0.0106976 
0.0547554 0.445063 0.262291 0.00164069 0.23625 
4.59392e-05 0.989885 5.79104e-05 0.00963108 0.000380049 
0.03231 0.538597 0.399249 1.96912e-07 0.0298445 
0.00303677 0.56878 0.363736 0.00796009 0.0564874 
0.0705525 0.702302 0.181277 0.000272486 0.0455952 
0.0950654 0.576911 0.310309 0.0042086 0.0135063 
8.39323e-05 0.935829 0.0505876 5.00372e-05 0.0134495 
0.0193182 0.655209 0.310134 0.000319802 0.0150192 
0.0429934 0.574454 0.352631 0.026992 0.00292908 
0.0684213 0.516565 0.200167 0.00230089 0.212545 
0.011971 0.767993 0.214567 2.90098e-06 0.00546581 
0.000842954 0.709695 0.232523 0.00116258 0.0557766 
0.000872388 0.838881 0.0873533 0.00025824 0.0726347 
8.3936e-05 0.995651 0.0011552 0.000185051 0.00292456 
0.0606351 0.714846 0.217526 3.13114e-05 0.00696205 
4.59392e-05 0.989885 5.79104e-05 0.00963108 0.000380049 
0.111681 0.850956 0.0292327 4.1941e-05 0.00808819 
0.033368 0.573475 0.37966 0.00637856 0.00711827 
0.000191729 0.511537 0.077888 0.00121585 0.409167 
0.000115184 0.99397 0.00288255 0.00170097 0.00133086 
0.00514621 0.476298 0.331464 0.00928015 0.177811 
0.0344453 0.674815 0.28867 0.000375752 0.00169443 
0.00686837 0.499949 0.484866 0.00194571 0.00637094 
1.43279e-07 0.729563 0.229141 2.08553e-08 0.0412954 
0.0426144 0.576522 0.206043 0.000293739 0.174527 
0.0148844 0.632919 0.350971 8.64497e-05 0.00113878 
0.00655889 0.584999 0.405738 0.000156319 0.00254779 
0.000873825 0.836864 0.0773775 0.0154328 0.0694519 
0.000276001 0.946972 0.0435512 0.00692255 0.00227802 
0.000851292 0.791655 0.120252 0.00478408 0.0824578 
0.00293503 0.627465 0.36788 0.000703023 0.00101745 
0.0519115 0.825373 0.106863 0.00114431 0.0147081 
0.0551839 0.576685 0.347052 0.000376354 0.0207023 
0.00105913 0.776376 0.112805 1.88862e-05 0.109741 
0.00594017 0.864766 0.0943388 0.0100585 0.0248969 
0.0421768 0.650191 0.298236 0.00444279 0.00495301 
0.0164626 0.669382 0.175762 0.00154561 0.136848 
4.80902e-05 0.798534 0.0463853 0.000153134 0.154879 
0.00797965 0.901354 0.0835644 1.47228e-05 0.00708722 
5.99649e-05 0.993091 0.00121728 0.000132199 0.00549934 
0.115864 0.657666 0.215807 0.0061885 0.00447455 
0.00473236 0.950608 0.0205998 0.0164199 0.00763987 
0.0018207 0.488122 0.0955284 0.00104331 0.413486 
0.0371394 0.810231 0.136138 0.00411438 0.0123767 
0.0228915 0.795033 0.105048 1.61192e-05 0.0770115 
0.00010153 0.961509 0.026025 1.02488e-05 0.0123546 
0.0424433 0.85084 0.104605 0.00172334 0.000388381 
0.00741059 0.700744 0.287533 4.55823e-05 0.00426642 
0.195162 0.736397 0.0666312 0.000335955 0.00147388 
0.190385 0.392588 0.293519 0.121708 0.00180034 
0.011971 0.767993 0.214567 2.90098e-06 0.00546581 
0.0242308 0.869445 0.0940292 0.00709064 0.00520397 
0.011971 0.767993 0.214567 2.90098e-06 0.00546581 
2.65028e-05 0.920124 0.0367296 0.000102363 0.0430173 
4.59392e-05 0.989885 5.79104e-05 0.00963108 0.000380049 
0.00115897 0.670827 0.310739 1.45569e-07 0.0172756 
0.00335334 0.771673 0.185572 0.0057682 0.0336334 
0.00164704 0.795822 0.146245 0.000747309 0.0555386 
0.000113476 0.912431 0.0514948 0.000112107 0.0358486 
0.0234836 0.679466 0.263594 1.17424e-05 0.0334452 
2.29482e-05 0.970182 0.0295993 0.000180086 1.57066e-05 
0.00652015 0.41046 0.366899 0.214783 0.00133885 
0.00473236 0.950608 0.0205998 0.0164199 0.00763987 
0.0378694 0.652259 0.171307 0.0149276 0.123637 
0.000129668 0.519758 0.455105 1.67455e-06 0.0250058 
0.011971 0.767993 0.214567 2.90098e-06 0.00546581 
0.00473236 0.950608 0.0205998 0.0164199 0.00763987 
0.00674953 0.560535 0.42834 0.000986594 0.00338942 
0.00473236 0.950608 0.0205998 0.0164199 0.00763987 
0.102242 0.680147 0.207805 0.00931804 0.000487866 
0.00208442 0.539464 0.421655 0.0122825 0.0245131 
0.000713166 0.574907 0.422756 0.0010247 0.000598679 
0.00176735 0.594257 0.262951 0.0198237 0.121201 
0.0221074 0.822136 0.135398 1.21154e-06 0.0203574 
0.211673 0.428072 0.343832 0.0002245 0.0161982 
0.0209318 0.478675 0.388633 0.000173358 0.111587 
0.12032 0.599741 0.236211 0.0227041 0.0210246 
0.00473236 0.950608 0.0205998 0.0164199 0.00763987 
0.0662589 0.475974 0.441749 0.0141701 0.00184815 
0.000575503 0.773433 0.207548 3.90176e-12 0.0184437 
0.091037 0.705834 0.201085 0.000160445 0.00188337 
0.0413236 0.632378 0.263579 0.0171903 0.045529 
0.0105643 0.449147 0.41633 0.00532831 0.11863 
0.113132 0.553805 0.317278 0.000233058 0.0155516 
0.0600776 0.632085 0.3025 0.000114047 0.00522342 
0.00209084 0.924601 0.0709876 0.00145373 0.000867061 
0.000629937 0.412117 0.281363 0.30589 1.11994e-06 
0.00473236 0.950608 0.0205998 0.0164199 0.00763987 
3.31273e-05 0.903469 0.0459084 0.000124107 0.0504651 
0.00969676 0.506465 0.387383 0.0177431 0.0787119 
0.0120916 0.734011 0.174716 0.000433349 0.0787478 
3.61171e-08 0.537989 0.0110744 3.08679e-06 0.450933 
7.68424e-05 0.939239 0.0514039 3.27701e-05 0.0092474 
0.00039961 0.392021 0.312445 0.000229003 0.294905 
0.161508 0.616477 0.199203 0.00205248 0.0207593 
0.00473236 0.950608 0.0205998 0.0164199 0.00763987 
0.0199305 0.913511 0.0631768 6.17901e-06 0.00337555 
0.00524038 0.429355 0.350046 0.0460312 0.169327 
0.000102876 0.657645 0.304018 0.000428109 0.0378059 
0.00473236 0.950608 0.0205998 0.0164199 0.00763987 
4.59392e-05 0.989885 5.79104e-05 0.00963108 0.000380049 
0.0040962 0.602792 0.359998 5.61185e-05 0.0330581 
0.0325423 0.962845 0.00290618 0.00170642 1.87173e-07 
0.216655 0.486974 0.280324 0.00286456 0.0131821 
0.00317963 0.512673 0.365593 0.000183221 0.118371 
2.65028e-05 0.920124 0.0367296 0.000102363 0.0430173 
0.00014278 0.526839 0.472239 0.000393365 0.000385948 
0.022838 0.917665 0.0477228 0.000321073 0.0114529 
0.00190269 0.978219 0.0184764 0.000297552 0.00110467 
0.000207826 0.819663 0.168867 1.02874e-05 0.0112523 
6.7759e-05 0.974804 0.0123137 0.000106971 0.012708 
0.00551836 0.935825 0.0577618 0.000894385 1.75863e-07 
0.26187 0.504787 0.214492 0.017 0.00185083 
0.00181605 0.820841 0.16156 0.00114574 0.0146374 
0.000161138 0.999355 0.000161166 0.000161134 0.000161145 
0.0293731 0.855352 0.0552264 0.00208835 0.0579599 
0.00473236 0.950608 0.0205998 0.0164199 0.00763987 
0.0464854 0.601196 0.331205 7.15144e-05 0.0210418 
0.217356 0.78221 0.000144832 0.000144803 0.000144813 
0.0127197 0.624588 0.356125 1.22373e-09 0.00656731 
0.0583655 0.644097 0.263073 0.0155948 0.0188691 
0.110566 0.482494 0.347741 0.0368242 0.022374 
0.0477574 0.655731 0.188695 9.72185e-05 0.10772 
0.0623493 0.490407 0.387542 0.00287075 0.0568306 
0.0248777 0.478058 0.472214 0.0174123 0.00743817 
0.0292859 0.777581 0.129568 0.0438998 0.0196646 
0.033046 0.749709 0.0921764 6.69018e-05 0.125002 
0.011971 0.767993 0.214567 2.90098e-06 0.00546581 
0.000592582 0.682569 0.0675267 0.00914845 0.240163 
0.00220928 0.677615 0.108622 0.000135674 0.211418 
0.00021769 0.751679 0.0258785 1.32172e-05 0.222211 
0.000258327 0.94293 0.0440202 8.83248e-05 0.0127035 
0.0370749 0.712532 0.0628271 7.68899e-07 0.187566 
0.0239502 0.697435 0.227745 0.00432399 0.0465459 
0.0389731 0.825801 0.129606 5.19389e-06 0.0056145 
0.00473236 0.950608 0.0205998 0.0164199 0.00763987 
0.00120051 0.516909 0.187512 0.0559202 0.238458 
0.0104343 0.638131 0.332808 6.57792e-10 0.0186266 
0.0303093 0.63286 0.257729 0.00146613 0.0776357 
0.147444 0.626309 0.226135 0.000100336 1.20227e-05 
0.00872885 0.529567 0.438338 0.0131123 0.0102539 
3.41477e-07 0.671859 0.322752 1.0536e-06 0.00538787 
3.41477e-07 0.671859 0.322752 1.0536e-06 0.00538787 
0.0601607 0.450849 0.202203 0.00525006 0.281537 
0.100053 0.842029 0.031248 0.0218584 0.00481148 
0.000777239 0.951359 0.0471674 0.000205133 0.000491719 
0.000258327 0.94293 0.0440202 8.83248e-05 0.0127035 
0.00483019 0.461802 0.223821 0.00192692 0.307621 
0.000258327 0.94293 0.0440202 8.83248e-05 0.0127035 
0.191961 0.391907 0.369576 0.0158323 0.0307238 
2.65028e-05 0.920124 0.0367296 0.000102363 0.0430173 
0.0429655 0.715846 0.236716 1.72529e-06 0.00447038 
0.00473236 0.950608 0.0205998 0.0164199 0.00763987 
2.65028e-05 0.920124 0.0367296 0.000102363 0.0430173 
0.161078 0.699938 0.13754 0.000114853 0.00132908 
0.0121903 0.727255 0.230864 0.0111155 0.0185757 
0.438412 0.520466 0.041121 1.72753e-06 3.65323e-09 
0.000266394 0.965724 0.00430108 0.00193004 0.0277783 
0.0693253 0.709688 0.179093 0.0417217 0.00017178 
0.0975347 0.623524 0.277285 6.65992e-05 0.00159003 
0.0571207 0.889991 0.0441526 0.00871386 2.23424e-05 
0.175737 0.632619 0.143347 0.000888383 0.0474087 
0.202816 0.509459 0.239233 0.0018512 0.0466402 
0.00204314 0.951666 0.0452673 2.17039e-05 0.00100142 
0.190385 0.392588 0.293519 0.121708 0.00180034 
0.00473236 0.950608 0.0205998 0.0164199 0.00763987 
1.81329e-07 0.846177 0.153386 6.23563e-09 0.000437457 
2.65028e-05 0.920124 0.0367296 0.000102363 0.0430173 
0.162491 0.760564 0.0756344 6.44625e-06 0.00130371 
0.00221879 0.819107 0.0703898 3.3643e-05 0.10825 
0.0312984 0.837439 0.126218 0.00117632 0.00386786 
0.000266394 0.965724 0.00430108 0.00193004 0.0277783 
1.67327e-08 0.75249 0.243437 3.81974e-08 0.00407268 
0.0203212 0.908863 0.00439393 2.55806e-05 0.0663962 
4.94153e-06 0.665328 0.283117 1.74498e-06 0.0515483 
0.00225245 0.822052 0.151388 0.0109586 0.0133494 
3.09339e-05 0.909258 0.0413847 0.00013401 0.0491922 
4.23992e-05 0.961771 0.0200429 0.000232653 0.0179109 
0.011971 0.767993 0.214567 2.90098e-06 0.00546581 
0.0662241 0.475978 0.454057 1.80376e-05 0.00372243 
0.293051 0.335671 0.33516 0.0104317 0.0256862 
0.011971 0.767993 0.214567 2.90098e-06 0.00546581 
0.101002 0.47663 0.377364 0.000861862 0.0441422 
0.0564628 0.477468 0.354593 0.000209993 0.111267 
0.0593879 0.624863 0.218572 6.23489e-06 0.0971707 
0.00202618 0.878367 0.109193 1.96789e-05 0.0103948 
0.00379874 0.934547 0.0491566 0.00419073 0.0083072 
0.319377 0.389441 0.29118 1.08929e-06 6.52704e-07 
0.0460319 0.907564 0.032907 0.00161577 0.0118815 
0.0148256 0.448737 0.427705 9.48487e-05 0.108638 
0.00208442 0.539464 0.421655 0.0122825 0.0245131 
1.99133e-05 0.850403 0.057565 7.9418e-05 0.0919325 
0.00473236 0.950608 0.0205998 0.0164199 0.00763987 
0.000350298 0.591616 0.0530406 0.00674095 0.348252 
0.0276885 0.824585 0.145107 1.32215e-05 0.00260653 
0.0185233 0.947094 2.04809e-06 0.00247119 0.0319091 
4.59392e-05 0.989885 5.79104e-05 0.00963108 0.000380049 
0.00473236 0.950608 0.0205998 0.0164199 0.00763987 
0.0487276 0.445531 0.424608 0.00186008 0.0792725 
0.0924792 0.597768 0.257386 0.000902435 0.0514649 
0.0942598 0.671422 0.224262 0.00107833 0.00897814 
0.283436 0.392938 0.322593 0.000121768 0.000911524 
0.000125944 0.782336 0.174877 3.96128e-08 0.0426614 
4.59392e-05 0.989885 5.79104e-05 0.00963108 0.000380049 
0.0318114 0.534633 0.427468 5.07064e-06 0.00608309 
0.159093 0.577992 0.261095 0.00121417 0.000606386 
0.0116286 0.649309 0.218768 0.0149746 0.10532 
7.68424e-05 0.939239 0.0514039 3.27701e-05 0.0092474 
0.245273 0.485905 0.262177 2.80687e-05 0.00661699 
0.0118142 0.778185 0.205587 1.17764e-05 0.00440258 
0.00473236 0.950608 0.0205998 0.0164199 0.00763987 
0.0284757 0.638514 0.261929 0.00540264 0.0656792 
0.00429888 0.457572 0.268788 0.269307 3.45356e-05 
0.00163805 0.678061 0.131732 1.77766e-05 0.188551 
0.0475883 0.765258 0.0684696 0.117021 0.0016625 
0.148858 0.542808 0.0827488 0.204575 0.0210103 
4.59392e-05 0.989885 5.79104e-05 0.00963108 0.000380049 
0.238818 0.463001 0.293172 0.00402583 0.000982311 
0.00473236 0.950608 0.0205998 0.0164199 0.00763987 
0.0866906 0.533436 0.376082 0.000696438 0.00309572 
3.09339e-05 0.909258 0.0413847 0.00013401 0.0491922 
0.00146914 0.715836 0.163443 1.03796e-05 0.119241 
0.0887256 0.551121 0.301391 0.0329613 0.025802 
0.0222402 0.529976 0.395257 0.000700858 0.0518253 
0.00473236 0.950608 0.0205998 0.0164199 0.00763987 
0.107594 0.757442 0.121093 7.14184e-05 0.0137995 
0.00133438 0.962977 0.0271184 2.50997e-05 0.00854488 
0.00810792 0.855151 0.136271 3.10292e-05 0.000439183 
0.00127832 0.68815 0.128608 0.000208013 0.181756 
0.0163434 0.838901 0.144565 8.60006e-05 0.000103808 
0.00473236 0.950608 0.0205998 0.0164199 0.00763987 
0.0295629 0.434936 0.397749 0.000556105 0.137196 
0.0195442 0.977732 0.000337594 0.00210692 0.000279418 
0.011971 0.767993 0.214567 2.90098e-06 0.00546581 
0.0312055 0.603151 0.329539 0.0350015 0.00110304 
0.180462 0.655551 0.121768 0.00181875 0.0403998 
0.0040012 0.906212 0.0225547 0.00148033 0.0657515 
0.0613614 0.381208 0.258504 0.298914 1.30534e-05 
0.000911313 0.582951 0.395389 3.37691e-05 0.0207149 
0.0574203 0.522791 0.361465 0.0301046 0.0282192 
0.291939 0.556614 0.14325 0.000224828 0.0079724 
0.0205567 0.695699 0.115324 0.000967608 0.167453 
0.0233751 0.461227 0.455847 0.0144632 0.0450868 
0.126344 0.626187 0.19981 0.00922358 0.0384364 
0.000974872 0.726846 0.150264 0.119747 0.00216811 
0.115685 0.677619 0.177452 0.029188 5.58767e-05 
0.000959183 0.885402 0.0838156 0.000664343 0.0291585 
0.00473236 0.950608 0.0205998 0.0164199 0.00763987 
0.00954692 0.685274 0.100658 0.000425251 0.204096 
4.59392e-05 0.989885 5.79104e-05 0.00963108 0.000380049 
0.000266394 0.965724 0.00430108 0.00193004 0.0277783 
0.00473236 0.950608 0.0205998 0.0164199 0.00763987 
0.00220012 0.744576 0.234696 5.36623e-05 0.0184748 
0.00077465 0.644527 0.112624 0.00666112 0.235413 
0.0499479 0.67895 0.0900819 0.00383214 0.177188 
0.0181221 0.508122 0.162819 0.000256386 0.31068 
0.289247 0.468234 0.238882 0.0034881 0.000148375 
0.00795508 0.533659 0.379955 7.58062e-08 0.0784317 
0.0134093 0.509858 0.140967 0.011005 0.324761 
0.011971 0.767993 0.214567 2.90098e-06 0.00546581 
0.141334 0.587259 0.20002 0.0660824 0.00530457 
3.31273e-05 0.903469 0.0459084 0.000124107 0.0504651 
0.0771491 0.757373 0.164955 0.000244121 0.000278902 
0.00150038 0.908497 0.0865221 0.00266414 0.000815907 
0.0356238 0.41984 0.41256 0.000777906 0.131198 
0.0270808 0.718462 0.165731 5.00898e-05 0.088676 
0.0969849 0.417251 0.0732802 0.411266 0.00121823 
2.89856e-05 0.556193 0.221005 5.29069e-05 0.222719 
0.0642693 0.70167 0.205252 0.00637705 0.0224323 
0.00312799 0.636 0.00550553 0.000125072 0.355242 
0.24992 0.618025 0.130495 0.00121123 0.000349124 
0.0193248 0.774816 0.187154 0.000235858 0.0184691 
0.0401413 0.582292 0.35882 0.00369773 0.0150491 
0.00592038 0.689365 0.213211 0.000283283 0.0912203 
0.00663571 0.586224 0.390804 0.000749027 0.0155876 
0.0243613 0.869861 0.0758973 1.65293e-05 0.0298634 
0.0410015 0.748451 0.146779 0.0098241 0.0539445 
0.000461044 0.820421 0.0999413 5.51159e-05 0.0791215 
0.00808254 0.761666 0.194671 3.22367e-05 0.035548 
0.00429888 0.457572 0.268788 0.269307 3.45356e-05 
0.0147747 0.664977 0.316338 4.44888e-05 0.00386502 
0.00607156 0.600753 0.388994 6.17659e-07 0.00418058 
0.0293246 0.570345 0.174327 0.0147884 0.211214 
2.08172e-06 0.978042 1.91973e-05 2.09903e-07 0.0219365 
0.153223 0.46815 0.375154 0.00235288 0.00112013 
0.00473236 0.950608 0.0205998 0.0164199 0.00763987 
8.80399e-09 0.584216 0.25094 0.000449924 0.164394 
0.000526615 0.930896 0.0685761 6.97532e-08 9.18771e-07 
0.0852208 0.476842 0.43769 0.000239561 8.05772e-06 
0.00128959 0.877879 0.0308358 0.00759238 0.0824037 
0.157842 0.585842 0.240813 0.00185349 0.0136495 
0.334055 0.453046 0.193452 0.00188058 0.0175659 
0.00190805 0.737759 0.0871071 0.00355973 0.169667 
0.0685051 0.498933 0.408657 0.0134412 0.0104631 
0.000300169 0.82599 0.00892085 8.88876e-09 0.164789 
0.0100032 0.631565 0.356943 4.18835e-05 0.00144651 
0.027455 0.616266 0.257502 0.094706 0.00407133 
0.0583337 0.759369 0.181219 0.000801843 0.000276443 
0.364992 0.561742 0.0396229 0.00189557 0.0317478 
2.65028e-05 0.920124 0.0367296 0.000102363 0.0430173 
4.59392e-05 0.989885 5.79104e-05 0.00963108 0.000380049 
2.65028e-05 0.920124 0.0367296 0.000102363 0.0430173 
0.000899969 0.724786 0.141515 0.13077 0.00202924 
0.24526 0.425143 0.299785 0.00707302 0.0227393 
0.00045822 0.772606 0.0936635 0.000691859 0.13258 
0.281794 0.321962 0.181158 3.74794e-06 0.215084 
0.00237481 0.875534 0.0792357 0.000106031 0.0427499 
0.0958166 0.551828 0.27896 0.000399673 0.072996 
0.0140569 0.903984 0.04287 7.45637e-05 0.0390143 
0.0427314 0.833781 0.100452 0.00169175 0.0213435 
0.0970471 0.592216 0.299379 0.00310522 0.00825257 
3.16676e-06 0.553646 0.0402592 2.55824e-09 0.406092 
0.10929 0.632534 0.248308 0.00572766 0.00414057 
0.00186962 0.591211 0.22919 0.000782064 0.176947 
6.49881e-06 0.420535 0.420138 5.55133e-07 0.15932 
0.0831077 0.627661 0.288861 0.000359566 1.09253e-05 
0.011971 0.767993 0.214567 2.90098e-06 0.00546581 
0.00652995 0.653391 0.194946 0.000445673 0.144687 
0.0152702 0.971129 0.0120912 0.000497736 0.00101155 
3.45128e-05 0.869273 0.0783211 0.00018883 0.0521824 
0.00765778 0.655176 0.32875 0.00558527 0.0028312 
0.013709 0.697672 0.234018 0.00411877 0.0504814 
0.011971 0.767993 0.214567 2.90098e-06 0.00546581 
0.00607156 0.600753 0.388994 6.17659e-07 0.00418058 
0.130495 0.671005 0.191544 0.00015293 0.0068027 
0.306583 0.350538 0.342862 1.55867e-05 2.67603e-06 
0.000316775 0.787098 0.130748 0.0139369 0.0679008 
7.58655e-07 0.917266 0.0827255 6.45688e-08 7.53784e-06 
0.302732 0.341524 0.24747 0.0064741 0.1018 
0.0216144 0.454008 0.294672 0.000816515 0.228889 
0.0541651 0.600018 0.24307 7.95358e-06 0.102739 
0.000264426 0.748589 0.0840896 0.000457884 0.166599 
0.00473236 0.950608 0.0205998 0.0164199 0.00763987 
0.0336946 0.508537 0.454745 0.000287376 0.00273623 
0.00473236 0.950608 0.0205998 0.0164199 0.00763987 
0.0453841 0.564498 0.383602 8.71277e-06 0.00650731 
0.00108153 0.505734 0.382987 0.0662121 0.043985 
0.00662093 0.627697 0.345675 0.00747229 0.0125352 
0.0141641 0.718424 0.163518 0.00116186 0.102733 
0.00127814 0.585883 0.412181 0.00058317 7.48881e-05 
0.00578636 0.87818 0.102068 0.000245265 0.0137211 
4.33669e-05 0.806787 0.192753 6.41228e-05 0.000353307 
0.000435377 0.899506 0.0842555 4.68984e-07 0.0158029 
2.65028e-05 0.920124 0.0367296 0.000102363 0.0430173 
0.00473236 0.950608 0.0205998 0.0164199 0.00763987 
0.0683397 0.678005 0.191597 3.48528e-07 0.0620573 
0.00977618 0.719947 0.199142 2.99492e-08 0.0711346 
0.000383682 0.77595 0.107132 0.00354978 0.112984 
3.41477e-07 0.671859 0.322752 1.0536e-06 0.00538787 
0.00567294 0.855467 0.137229 0.000108531 0.00152268 
0.154723 0.790416 0.0541631 0.000674593 2.25232e-05 
0.000807975 0.83462 0.162616 1.30627e-05 0.00194358 
0.000266394 0.965724 0.00430108 0.00193004 0.0277783 
0.011971 0.767993 0.214567 2.90098e-06 0.00546581 
0.00473236 0.950608 0.0205998 0.0164199 0.00763987 
0.0985245 0.492244 0.391739 0.000613255 0.0168801 
0.150085 0.440466 0.401773 6.89293e-05 0.0076064 
0.0246483 0.746385 0.217249 0.00120444 0.0105141 
0.00471337 0.554969 0.42314 9.29978e-05 0.0170846 
0.0408422 0.617245 0.34028 0.00159304 3.99263e-05 
0.00473236 0.950608 0.0205998 0.0164199 0.00763987 
0.00285553 0.940026 0.0504714 0.000413777 0.00623351 
0.365678 0.411037 0.216712 0.00024173 0.00633136 
0.0405071 0.5106 0.439489 0.00273353 0.00666975 
0.00596591 0.450007 0.429217 0.0322294 0.0825811 
0.046131 0.689247 0.232352 0.0314201 0.000849635 
0.386837 0.573062 0.0345897 0.00403841 0.00147244 
0.00187608 0.462267 0.291616 0.000788581 0.243452 
0.00473236 0.950608 0.0205998 0.0164199 0.00763987 
0.000280888 0.878702 0.0687657 0.00209351 0.0501578 
0.00826994 0.746526 0.244839 4.10738e-08 0.000365108 
2.18829e-05 0.999665 4.30466e-05 1.95833e-06 0.000267824 
0.119359 0.461612 0.413385 0.00557234 7.08264e-05 
0.00473236 0.950608 0.0205998 0.0164199 0.00763987 
8.39323e-05 0.935829 0.0505876 5.00372e-05 0.0134495 
0.000951795 0.495176 0.476157 0.00205286 0.025663 
0.00208442 0.539464 0.421655 0.0122825 0.0245131 
2.76081e-07 0.978625 7.73865e-05 2.54158e-09 0.021297 
0.00429888 0.457572 0.268788 0.269307 3.45356e-05 
8.39323e-05 0.935829 0.0505876 5.00372e-05 0.0134495 
0.0220406 0.584486 0.154109 0.000935358 0.238428 
0.00929652 0.812815 0.15542 5.53831e-06 0.0224632 
0.233488 0.496652 0.128929 0.140017 0.000914708 
0.00473236 0.950608 0.0205998 0.0164199 0.00763987 
0.11171 0.610923 0.273373 0.0036412 0.000353169 
0.0182507 0.877239 0.0598723 2.79617e-05 0.0446101 
0.112087 0.599642 0.282381 0.00588977 5.50612e-08 
0.00021769 0.751679 0.0258785 1.32172e-05 0.222211 
0.00555394 0.854984 0.0586982 4.84616e-10 0.0807637 
0.00895957 0.609232 0.0867429 0.020094 0.274972 
0.000255673 0.604313 0.392201 6.29938e-08 0.00323067 
0.00473236 0.950608 0.0205998 0.0164199 0.00763987 
0.00405601 0.920018 0.0519144 4.35432e-05 0.0239684 
0.011971 0.767993 0.214567 2.90098e-06 0.00546581 
0.000396506 0.930893 0.0571485 0.00069984 0.0108621 
0.000526615 0.930896 0.0685761 6.97532e-08 9.18771e-07 
0.00473236 0.950608 0.0205998 0.0164199 0.00763987 
0.23838 0.457273 0.192332 0.00166736 0.110347 
0.0110553 0.667922 0.170551 7.69295e-06 0.150464 
0.0894122 0.456144 0.450493 0.00344785 0.000502641 
0.00397818 0.67334 0.313864 0.00275162 0.00606621 
0.0375128 0.616921 0.288541 0.00187889 0.0551468 
0.0471434 0.74825 0.20054 0.000128262 0.00393828 
7.22887e-05 0.708928 0.0323604 0.00343659 0.255202 
0.00473236 0.950608 0.0205998 0.0164199 0.00763987 
0.180976 0.402997 0.361227 0.0249107 0.02989 
4.59392e-05 0.989885 5.79104e-05 0.00963108 0.000380049 
0.0519115 0.825373 0.106863 0.00114431 0.0147081 
0.107874 0.491703 0.393539 0.00687154 1.25168e-05 
0.00102787 0.578102 0.340533 2.24232e-06 0.0803349 
0.00473236 0.950608 0.0205998 0.0164199 0.00763987 
0.0533139 0.488517 0.44455 0.000896203 0.0127228 
0.00420205 0.716549 0.058493 0.00032618 0.22043 
0.00551836 0.935825 0.0577618 0.000894385 1.75863e-07 
0.0174878 0.469788 0.463474 0.00136278 0.0478877 
0.0122535 0.722171 0.222947 0.000666692 0.041962 
0.00473236 0.950608 0.0205998 0.0164199 0.00763987 
0.0348016 0.624388 0.327635 0.0126484 0.000526763 
0.000654706 0.899019 0.0319261 0.000539831 0.0678601 
0.00284535 0.714285 0.222187 0.000265715 0.0604168 
0.00473236 0.950608 0.0205998 0.0164199 0.00763987 
0.000300084 0.946623 0.0110489 5.27986e-05 0.0419756 
0.00984502 0.766418 0.128195 0.000332018 0.0952105 
0.00237676 0.68894 0.219469 0.0739613 0.015253 
0.462817 0.482 0.047924 0.000565419 0.00669384 
0.00359765 0.506557 0.0630731 0.000478443 0.426294 
0.000258327 0.94293 0.0440202 8.83248e-05 0.0127035 
0.0076451 0.671104 0.218574 0.00968666 0.0929908 
0.00131995 0.559372 0.262666 0.0094399 0.167202 
0.00615099 0.791625 0.172071 0.000125091 0.0300277 
0.0123049 0.789763 0.167255 0.000104593 0.0305716 
2.08172e-06 0.978042 1.91973e-05 2.09903e-07 0.0219365 
0.0092464 0.6646 0.149667 0.00536251 0.171124 
7.55904e-05 0.836492 0.0112479 3.51183e-06 0.152181 
0.030843 0.527433 0.265707 0.000938439 0.175078 
0.0773976 0.476779 0.4274 0.000492931 0.0179305 
0.00208442 0.539464 0.421655 0.0122825 0.0245131 
0.0334246 0.563181 0.20036 0.00549216 0.197542 
0.285271 0.714647 5.04313e-06 1.27365e-06 7.59163e-05 
0.00675537 0.718514 0.269803 0.00488826 3.97863e-05 
0.0023357 0.835129 0.140378 0.00272022 0.0194368 
0.00352997 0.864358 0.131843 0.000265601 3.63598e-06 
2.65028e-05 0.920124 0.0367296 0.000102363 0.0430173 
0.00642542 0.515011 0.300419 0.177035 0.0011102 
0.198543 0.54138 0.102959 0.104059 0.0530594 
0.00726629 0.68296 0.095914 0.00412701 0.209733 
0.000258327 0.94293 0.0440202 8.83248e-05 0.0127035 
0.0689952 0.611233 0.293984 0.000376666 0.025411 
0.00473236 0.950608 0.0205998 0.0164199 0.00763987 
8.92137e-07 0.769144 0.162601 2.00896e-06 0.0682518 
0.0417786 0.922937 0.0352537 6.3609e-06 2.47384e-05 
0.000258327 0.94293 0.0440202 8.83248e-05 0.0127035 
0.011971 0.767993 0.214567 2.90098e-06 0.00546581 
0.0571998 0.664027 0.239396 0.000704931 0.0386723 
0.000266394 0.965724 0.00430108 0.00193004 0.0277783 
0.011971 0.767993 0.214567 2.90098e-06 0.00546581 
0.00473236 0.950608 0.0205998 0.0164199 0.00763987 
0.0205239 0.806344 0.0524338 0.00138339 0.119314 
0.00473236 0.950608 0.0205998 0.0164199 0.00763987 
0.00237676 0.68894 0.219469 0.0739613 0.015253 
0.000300169 0.82599 0.00892085 8.88876e-09 0.164789 
0.00473236 0.950608 0.0205998 0.0164199 0.00763987 
0.0603532 0.909759 0.0294164 6.81539e-05 0.00040352 
0.0871001 0.596098 0.283393 0.000327703 0.0330812 
0.0204914 0.79673 0.170004 7.81224e-05 0.0126966 
0.000266394 0.965724 0.00430108 0.00193004 0.0277783 
2.65028e-05 0.920124 0.0367296 0.000102363 0.0430173 
0.00473236 0.950608 0.0205998 0.0164199 0.00763987 
0.0306122 0.836914 0.116325 1.99321e-08 0.0161487 
0.00473236 0.950608 0.0205998 0.0164199 0.00763987 
0.00192846 0.767823 0.229559 0.000686093 2.78529e-06 
0.00038981 0.554212 0.0834781 0.000223975 0.361696 
4.59392e-05 0.989885 5.79104e-05 0.00963108 0.000380049 
0.00104545 0.481053 0.463498 0.0469023 0.00750049 
0.00473236 0.950608 0.0205998 0.0164199 0.00763987 
0.254262 0.424218 0.298027 5.10653e-07 0.0234922 
0.00019121 0.64862 0.339358 1.9586e-05 0.0118112 
0.0111334 0.555478 0.426318 0.0010154 0.00605509 
0.356447 0.443104 0.193873 0.00456006 0.00201593 
3.45128e-05 0.869273 0.0783211 0.00018883 0.0521824 
0.0334563 0.540352 0.391141 0.034883 0.000168273 
1.68737e-07 0.971065 0.0264888 8.8336e-09 0.002446 
0.150789 0.433946 0.376352 3.52435e-10 0.038913 
0.00473236 0.950608 0.0205998 0.0164199 0.00763987 
0.0866473 0.776233 0.128215 0.00121091 0.00769402 
0.0370578 0.658372 0.303665 0.000881768 2.31341e-05 
4.49769e-05 0.954237 0.0391203 3.13329e-05 0.00656634 
0.011584 0.615872 0.326629 0.00130547 0.0446098 
0.00473236 0.950608 0.0205998 0.0164199 0.00763987 
0.0138631 0.568946 0.354308 0.00103761 0.0618446 
0.00473236 0.950608 0.0205998 0.0164199 0.00763987 
0.00505178 0.791216 0.095993 0.00208033 0.105659 
0.0127371 0.486393 0.41532 0.000961495 0.084589 
0.214827 0.740878 0.0374163 4.91228e-06 0.00687438 
0.000511038 0.821574 0.0861636 3.37631e-05 0.0917174 
0.00125263 0.622912 0.113376 3.21498e-05 0.262427 
0.011971 0.767993 0.214567 2.90098e-06 0.00546581 
0.000266394 0.965724 0.00430108 0.00193004 0.0277783 
0.00429888 0.457572 0.268788 0.269307 3.45356e-05 
0.0800152 0.664754 0.22379 0.00136527 0.0300753 
0.0144273 0.646124 0.295578 0.000411657 0.0434589 
0.0611851 0.474251 0.432975 0.000325489 0.0312628 
0.0405327 0.959064 3.22719e-05 0.000326313 4.46955e-05 
0.050875 0.470772 0.447738 0.00927001 0.0213448 
0.00473236 0.950608 0.0205998 0.0164199 0.00763987 
0.00118767 0.509123 0.378009 0.00021247 0.111468 
0.0158728 0.694164 0.156776 0.000748083 0.13244 
9.73244e-08 0.614617 0.385381 2.12866e-08 2.48751e-06 
0.00956729 0.406626 0.294773 0.259336 0.0296981 
0.011971 0.767993 0.214567 2.90098e-06 0.00546581 
0.000452032 0.62089 0.324019 0.00834196 0.0462965 
0.000211773 0.885037 0.0572574 3.88463e-05 0.0574553 
0.0130623 0.630227 0.348823 0.00248277 0.00540494 
5.90583e-05 0.817323 0.0416992 7.70613e-05 0.140842 
0.0152884 0.521403 0.416965 0.000417287 0.0459267 
0.0040155 0.552233 0.442569 1.03676e-07 0.00118308 
0.0233172 0.481064 0.384035 0.0564039 0.0551794 
0.115957 0.844201 0.0383402 0.000374142 0.00112796 
0.169784 0.300989 0.27896 0.189241 0.0610257 
4.59392e-05 0.989885 5.79104e-05 0.00963108 0.000380049 
0.000258327 0.94293 0.0440202 8.83248e-05 0.0127035 
0.00110139 0.786688 0.175717 4.88661e-05 0.036445 
0.370838 0.415074 0.209086 0.000289612 0.00471269 
0.0205024 0.968596 0.0108729 1.47697e-05 1.35784e-05 
0.00403384 0.943915 0.0236478 1.29669e-05 0.0283905 
0.000633413 0.85885 0.128002 0.000130095 0.0123848 
0.0459848 0.682154 0.267918 7.10269e-06 0.00393586 
0.0350887 0.65146 0.273276 0.000460889 0.0397143 
0.00209084 0.924601 0.0709876 0.00145373 0.000867061 
0.000300169 0.82599 0.00892085 8.88876e-09 0.164789 
0.003845 0.502564 0.413791 0.0750368 0.00476303 
4.59392e-05 0.989885 5.79104e-05 0.00963108 0.000380049 
0.0130321 0.547066 0.388363 0.0116863 0.0398532 
7.68424e-05 0.939239 0.0514039 3.27701e-05 0.0092474 
0.294158 0.407866 0.289515 0.00657371 0.00188787 
2.9808e-05 0.711892 0.222534 0.000856584 0.0646872 
3.51642e-07 0.9656 4.05347e-06 2.68464e-10 0.0343956 
0.00228055 0.630225 0.31677 1.34846e-06 0.0507232 
3.22181e-05 0.909797 0.0413115 0.000136449 0.0487224 
0.00775382 0.579661 0.208203 2.58329e-05 0.204357 
0.0015661 0.657356 0.198641 0.142275 0.000161945 
0.266323 0.557734 0.170242 0.000139942 0.00556059 
0.000258327 0.94293 0.0440202 8.83248e-05 0.0127035 
0.00108395 0.642117 0.251539 0.0620704 0.0431896 
0.00243985 0.743491 0.247636 2.38208e-05 0.00640957 
0.00399696 0.832358 0.159247 0.000860046 0.00353798 
0.0018277 0.703205 0.274328 5.19614e-05 0.0205872 
0.011971 0.767993 0.214567 2.90098e-06 0.00546581 
0.0662589 0.475974 0.441749 0.0141701 0.00184815 
2.65028e-05 0.920124 0.0367296 0.000102363 0.0430173 
0.272025 0.462141 0.260065 0.002866 0.00290314 
3.98504e-09 0.622531 0.259801 7.17798e-06 0.11766 
0.00209084 0.924601 0.0709876 0.00145373 0.000867061 
8.3936e-05 0.995651 0.0011552 0.000185051 0.00292456 
0.258029 0.431102 0.309985 1.04241e-06 0.000882322 
0.00104665 0.565897 0.403159 4.7403e-05 0.0298498 
0.0750718 0.559033 0.349146 0.00982976 0.00691959 
0.00473236 0.950608 0.0205998 0.0164199 0.00763987 
0.000791429 0.516245 0.327299 8.15286e-05 0.155584 
0.0208543 0.528495 0.346382 0.00239733 0.101871 
0.122379 0.652075 0.159167 0.000223569 0.066155 
0.00292187 0.901391 0.0944311 1.74175e-05 0.00123895 
0.00562001 0.628213 0.136115 0.00290635 0.227145 
0.128903 0.556126 0.257898 0.0381748 0.018898 
0.0076512 0.644606 0.347742 2.81987e-10 1.19073e-06 
0.00473236 0.950608 0.0205998 0.0164199 0.00763987 
0.000371318 0.619708 0.199892 7.88042e-05 0.17995 
0.00701639 0.831041 0.155825 0.00131084 0.00480727 
0.00473236 0.950608 0.0205998 0.0164199 0.00763987 
0.012169 0.404964 0.319352 0.263279 0.000235705 
0.00496879 0.501906 0.35616 0.00020225 0.136764 
0.00021769 0.751679 0.0258785 1.32172e-05 0.222211 
0.0111478 0.720512 0.256172 0.0108984 0.00126935 
1.82328e-05 0.780168 0.216957 2.81826e-05 0.00282826 
0.0364441 0.708194 0.254436 0.000489431 0.000436977 
0.0598475 0.624793 0.281163 0.0261934 0.00800326 
0.000556973 0.670852 0.10715 0.000271445 0.221169 
0.0336781 0.787258 0.0697524 4.97173e-05 0.109261 
3.65399e-05 0.991821 0.00742716 0.000177613 0.000537393 
0.180526 0.59184 0.213007 0.00455961 0.0100666 
0.0074423 0.838619 0.139455 0.00436883 0.0101141 
0.000782357 0.904767 0.0869472 4.99912e-05 0.00745343 
7.68424e-05 0.939239 0.0514039 3.27701e-05 0.0092474 
0.000698864 0.924446 0.0673399 5.75993e-05 0.00745722 
0.00473236 0.950608 0.0205998 0.0164199 0.00763987 
0.00473236 0.950608 0.0205998 0.0164199 0.00763987 
0.00602434 0.612052 0.261842 0.116958 0.00312418 
0.112693 0.887183 4.32007e-06 7.95077e-10 0.000120013 
4.59392e-05 0.989885 5.79104e-05 0.00963108 0.000380049 
0.072297 0.485249 0.382674 0.00141721 0.0583628 
0.114864 0.631805 0.231496 0.00762185 0.0142137 
8.3936e-05 0.995651 0.0011552 0.000185051 0.00292456 
0.0182394 0.672287 0.24824 0.0543782 0.006856 
0.00578857 0.498401 0.192517 1.66797e-06 0.303291 
0.00402341 0.873042 0.0985958 4.03419e-05 0.0242982 
0.000961845 0.484133 0.157273 0.00186133 0.355771 
4.59392e-05 0.989885 5.79104e-05 0.00963108 0.000380049 
0.000877514 0.726924 0.135217 0.134886 0.00209595 
0.000174662 0.909405 0.0829719 8.04418e-05 0.00736849 
0.000680425 0.581445 0.412633 6.02811e-09 0.00524202 
0.00473236 0.950608 0.0205998 0.0164199 0.00763987 
0.0015661 0.657356 0.198641 0.142275 0.000161945 
2.15438e-05 0.868563 0.127681 0.000261037 0.00347306 
0.000167182 0.793103 0.204689 2.09108e-05 0.00201995 
0.00925844 0.502332 0.488407 2.84395e-07 2.49954e-06 
0.000730102 0.630596 0.171866 0.0198944 0.176913 
0.0147007 0.55348 0.360611 0.00192822 0.0692805 
0.0153288 0.78569 0.168604 6.83789e-05 0.0303092 
0.0224154 0.561351 0.246268 0.0154107 0.154555 
0.000809867 0.998591 0.000345098 1.21156e-08 0.000253727 
0.152865 0.578311 0.18713 0.0084766 0.0732171 
0.00382085 0.609185 0.0802042 0.00392418 0.302865 
0.0113157 0.894543 0.0731889 6.36268e-05 0.0208882 
0.00250472 0.509005 0.385756 0.00881201 0.0939221 
0.00394704 0.704842 0.121607 0.0019371 0.167667 
0.00473236 0.950608 0.0205998 0.0164199 0.00763987 
0.011971 0.767993 0.214567 2.90098e-06 0.00546581 
0.00305864 0.507324 0.18596 0.000511968 0.303145 
0.00492346 0.587988 0.311686 0.00535386 0.0900487 
0.0252125 0.597659 0.351085 0.00455816 0.0214852 
0.220086 0.432366 0.341439 0.00229816 0.00381011 
6.45072e-06 0.671598 0.206841 1.33031e-06 0.121554 
0.00473236 0.950608 0.0205998 0.0164199 0.00763987 
0.354994 0.466676 0.177531 3.13626e-05 0.000767557 
0.000236088 0.968067 0.019374 0.00186929 0.0104534 
0.00156343 0.519568 0.40463 0.0247701 0.0494677 
0.20428 0.450979 0.342417 0.00128487 0.00103889 
0.0823703 0.675785 0.155236 0.00010089 0.0865078 
0.00228005 0.922339 0.0719721 7.19431e-05 0.0033366 
0.0282508 0.727533 0.242132 0.00140818 0.000675915 
0.078799 0.435688 0.409356 0.015446 0.0607113 
0.00597407 0.917449 0.0739209 0.000268424 0.00238733 
0.0213036 0.569269 0.148135 0.00137041 0.259922 
0.0314765 0.555616 0.375208 0.0219347 0.015765 
0.00240826 0.926575 0.0689696 0.00169979 0.000346882 
0.334276 0.420021 0.245702 1.87413e-07 5.14694e-07 
0.00423022 0.715679 0.276896 0.00125968 0.00193489 
0.0158751 0.958075 0.0240827 0.000230845 0.0017364 
0.000810092 0.776563 0.216137 1.0836e-06 0.00648883 
3.197e-08 0.999846 9.50217e-05 2.51178e-08 5.86724e-05 
0.00649551 0.554419 0.438226 0.000223295 0.000635575 
9.95472e-05 0.963386 0.0317508 0.000125111 0.00463901 
0.000705075 0.743037 0.230919 0.000230616 0.0251087 
0.00473236 0.950608 0.0205998 0.0164199 0.00763987 
0.00473236 0.950608 0.0205998 0.0164199 0.00763987 
0.00473236 0.950608 0.0205998 0.0164199 0.00763987 
0.00487118 0.789463 0.177667 1.16861e-05 0.0279867 
0.00410896 0.588493 0.407378 2.03298e-05 9.3841e-08 
0.00671149 0.74394 0.0570398 0.00107968 0.191229 
0.011971 0.767993 0.214567 2.90098e-06 0.00546581 
0.000597987 0.796963 0.118904 0.00804699 0.0754879 
0.000573283 0.5493 0.437637 0.00901288 0.00347617 
0.00630533 0.730861 0.256003 9.42792e-05 0.00673618 
0.00473236 0.950608 0.0205998 0.0164199 0.00763987 
0.0527263 0.482793 0.45182 0.00238845 0.0102728 
0.000609522 0.824199 0.160876 0.011216 0.00309986 
0.0453652 0.880369 0.0738019 0.000344112 0.00011927 
0.00263951 0.637866 0.227992 0.00959492 0.121907 
0.000597987 0.796963 0.118904 0.00804699 0.0754879 
6.45072e-06 0.671598 0.206841 1.33031e-06 0.121554 
0.0104383 0.917406 0.0711482 3.9211e-07 0.00100683 
0.0550468 0.603449 0.27987 0.0602722 0.00136205 
0.000258327 0.94293 0.0440202 8.83248e-05 0.0127035 
0.00473236 0.950608 0.0205998 0.0164199 0.00763987 
0.000620591 0.710078 0.272316 0.0026911 0.0142945 
4.59392e-05 0.989885 5.79104e-05 0.00963108 0.000380049 
0.0245106 0.749999 0.211513 0.000860531 0.0131163 
2.31561e-05 0.896583 0.0966492 2.96515e-06 0.00674136 
0.0120904 0.531831 0.316413 2.03176e-06 0.139664 
0.00096984 0.769277 0.184092 0.00010279 0.0455584 
0.0606597 0.572093 0.260389 0.00191323 0.104946 
0.00473236 0.950608 0.0205998 0.0164199 0.00763987 
0.017304 0.79991 0.159672 0.00010536 0.0230087 
0.35378 0.484659 0.160546 0.000223966 0.000790867 
4.59392e-05 0.989885 5.79104e-05 0.00963108 0.000380049 
0.00277192 0.395948 0.218067 0.367827 0.0153856 
0.000402204 0.577538 0.347818 0.00448998 0.0697516 
2.65028e-05 0.920124 0.0367296 0.000102363 0.0430173 
0.000225059 0.766149 0.232646 5.21931e-06 0.000974568 
0.00364227 0.508021 0.474431 0.0138897 1.5748e-05 
0.0272803 0.502853 0.298088 0.000120242 0.171658 
0.0170388 0.594515 0.37711 0.00280717 0.00852868 
0.000629937 0.412117 0.281363 0.30589 1.11994e-06 
0.0124459 0.576121 0.131474 0.00191905 0.278039 
0.032615 0.519556 0.393764 0.0214003 0.0326652 
0.00985545 0.894922 0.010848 5.08485e-05 0.0843239 
0.152865 0.578311 0.18713 0.0084766 0.0732171 
0.00929652 0.812815 0.15542 5.53831e-06 0.0224632 
0.0211644 0.570744 0.349194 0.00133992 0.0575581 
0.0132488 0.515868 0.449046 0.00102462 0.0208122 
0.0191057 0.417895 0.417309 0.000440586 0.14525 
0.00473236 0.950608 0.0205998 0.0164199 0.00763987 
0.00375022 0.600256 0.260513 0.00110673 0.134374 
0.000258327 0.94293 0.0440202 8.83248e-05 0.0127035 
0.0135051 0.739524 0.186045 0.00142258 0.059503 
3.05733e-05 0.993183 0.00619003 0.000148369 0.000448241 
0.0517207 0.537092 0.369358 0.00195857 0.0398714 
0.00551836 0.935825 0.0577618 0.000894385 1.75863e-07 
0.00984468 0.502981 0.458443 0.000423954 0.0283073 
0.00429888 0.457572 0.268788 0.269307 3.45356e-05 
0.00473236 0.950608 0.0205998 0.0164199 0.00763987 
0.0183485 0.928625 0.0428329 0.00867777 0.00151607 
4.59392e-05 0.989885 5.79104e-05 0.00963108 0.000380049 
0.0135015 0.492291 0.490042 0.000245341 0.00392016 
0.00473236 0.950608 0.0205998 0.0164199 0.00763987 
0.00021769 0.751679 0.0258785 1.32172e-05 0.222211 
0.031945 0.765744 0.197285 0.00154796 0.00347775 
0.0396928 0.645425 0.289018 0.00855502 0.0173093 
1.51769e-05 0.921541 0.0365891 9.98441e-05 0.0417552 
0.00473236 0.950608 0.0205998 0.0164199 0.00763987 
0.29261 0.368789 0.327462 0.00989889 0.00123946 
0.0192803 0.530816 0.318243 0.130497 0.00116311 
0.011971 0.767993 0.214567 2.90098e-06 0.00546581 
0.00208442 0.539464 0.421655 0.0122825 0.0245131 
0.0154423 0.494581 0.169675 0.00958819 0.310713 
0.0015661 0.657356 0.198641 0.142275 0.000161945 
0.011971 0.767993 0.214567 2.90098e-06 0.00546581 
0.000714422 0.639643 0.286515 0.00249111 0.070636 
0.0357642 0.765778 0.108353 0.000966323 0.0891381 
0.00715591 0.810086 0.178795 0.000145882 0.00381769 
0.00988576 0.515899 0.0790975 7.10736e-07 0.395117 
0.00221229 0.656176 0.155352 0.000343652 0.185916 
0.0918483 0.570681 0.308588 0.0177794 0.011103 
0.0222802 0.897218 0.0749564 7.00232e-07 0.00554491 
0.173473 0.386745 0.370893 0.0110279 0.0578606 
0.035702 0.702467 0.260323 7.04505e-05 0.00143741 
0.0384106 0.568434 0.392679 2.31428e-05 0.00045255 
0.000107196 0.913104 0.0757509 8.29176e-05 0.0109554 
0.315676 0.367738 0.316175 1.24119e-06 0.00040957 
0.00737825 0.61917 0.225129 0.000876513 0.147447 
0.00327729 0.699604 0.171289 0.000181798 0.125648 
0.0751395 0.532 0.391838 0.000233307 0.000788924 
0.0015661 0.657356 0.198641 0.142275 0.000161945 
0.0182394 0.672287 0.24824 0.0543782 0.006856 
0.0171824 0.943067 0.0374814 2.32639e-05 0.00224546 
0.00473236 0.950608 0.0205998 0.0164199 0.00763987 
0.354887 0.567349 0.0677331 0.0028608 0.00717007 
0.0558094 0.883944 0.0602415 2.51115e-06 2.56966e-06 
0.011971 0.767993 0.214567 2.90098e-06 0.00546581 
0.0176226 0.576414 0.2327 0.000169064 0.173094 
0.00648192 0.390176 0.219701 0.000754002 0.382886 
0.00421261 0.644463 0.0787785 1.37423e-07 0.272545 
1.80579e-11 0.893011 0.102204 2.06935e-11 0.00478523 
0.0478684 0.386594 0.36322 0.200439 0.00187816 
0.0044834 0.622432 0.273618 0.000395253 0.0990706 
0.106636 0.596875 0.28603 0.00818617 0.00227191 
0.00034902 0.747517 0.0694402 0.00033589 0.182358 
0.00473236 0.950608 0.0205998 0.0164199 0.00763987 
