0.0972417 0.851396 0.0363251 0.000607559 0.0144296 
0.190519 0.355773 0.344317 0.000936277 0.108455 
0.0132707 0.920293 0.0409038 2.81265e-05 0.0255043 
0.00713706 0.603781 0.294092 0.020146 0.0748441 
0.338566 0.372897 0.277977 0.000239454 0.0103201 
0.022425 0.467378 0.354737 0.00494105 0.15052 
0.273176 0.316047 0.24526 0.136187 0.02933 
0.0472277 0.732982 0.192074 6.29601e-06 0.0277107 
3.45e-05 0.853127 0.0721424 0.000188799 0.0745075 
0.011971 0.767993 0.214567 2.90098e-06 0.00546581 
0.00191664 0.806654 0.0998128 0.000140596 0.0914761 
0.0529334 0.804171 0.142548 8.12519e-05 0.000265962 
0.0217902 0.681033 0.209684 3.22884e-05 0.0874606 
0.011971 0.767993 0.214567 2.90098e-06 0.00546581 
0.0303329 0.725095 0.158204 0.000388903 0.0859786 
0.0375675 0.815235 0.0994851 0.00157327 0.0461389 
0.000258327 0.94293 0.0440202 8.83248e-05 0.0127035 
0.011971 0.767993 0.214567 2.90098e-06 0.00546581 
0.0863406 0.472499 0.252198 0.000471177 0.188492 
0.000974872 0.726846 0.150264 0.119747 0.00216811 
0.00473236 0.950608 0.0205998 0.0164199 0.00763987 
0.00131001 0.746105 0.245765 0.00223497 0.00458491 
0.108837 0.763345 0.112576 0.000501886 0.0147406 
0.182434 0.577701 0.203954 0.0274278 0.00848319 
9.84877e-06 0.393211 0.35364 1.96607e-08 0.253139 
0.0341507 0.543326 0.368624 0.016002 0.0378971 
0.0286224 0.696753 0.267345 8.85631e-07 0.00727807 
8.39323e-05 0.935829 0.0505876 5.00372e-05 0.0134495 
0.00021769 0.751679 0.0258785 1.32172e-05 0.222211 
0.000258327 0.94293 0.0440202 8.83248e-05 0.0127035 
0.000258327 0.94293 0.0440202 8.83248e-05 0.0127035 
0.0546052 0.535996 0.378186 0.0032338 0.0279787 
0.103858 0.693384 0.202757 1.28437e-06 4.9288e-10 
0.011971 0.767993 0.214567 2.90098e-06 0.00546581 
0.00256175 0.867895 0.120683 0.000148316 0.00871166 
0.0031554 0.519457 0.144988 0.000170795 0.33223 
0.028068 0.746193 0.186705 0.00317301 0.0358608 
0.00970282 0.675529 0.302058 0.000437246 0.012273 
0.0752181 0.612831 0.30684 0.000148933 0.0049614 
0.0215121 0.694008 0.200616 0.0789974 0.00486555 
0.00473236 0.950608 0.0205998 0.0164199 0.00763987 
9.89889e-05 0.943259 0.0397239 3.27611e-05 0.016885 
0.0200155 0.531964 0.254701 0.000427729 0.192892 
4.59392e-05 0.989885 5.79104e-05 0.00963108 0.000380049 
0.00808254 0.761666 0.194671 3.22367e-05 0.035548 
0.03231 0.538597 0.399249 1.96912e-07 0.0298445 
0.000489528 0.848332 0.150725 4.53002e-12 0.000453789 
0.00351389 0.804021 0.134167 2.34096e-06 0.0582963 
0.011971 0.767993 0.214567 2.90098e-06 0.00546581 
0.000203367 0.82021 0.0577508 0.00494885 0.116887 
0.011971 0.767993 0.214567 2.90098e-06 0.00546581 
0.00473236 0.950608 0.0205998 0.0164199 0.00763987 
0.00293503 0.627465 0.36788 0.000703023 0.00101745 
0.0262846 0.66713 0.295331 0.00030843 0.010946 
0.00124671 0.58493 0.412557 0.00121619 4.98871e-05 
0.0685728 0.467669 0.461575 0.000198576 0.00198523 
0.00218316 0.917607 0.0764903 0.00258575 0.0011334 
0.000994807 0.414583 0.215098 0.369135 0.000189407 
2.65028e-05 0.920124 0.0367296 0.000102363 0.0430173 
0.180012 0.430415 0.340901 0.0407136 0.00795834 
0.00327567 0.759983 0.214949 8.87727e-05 0.0217042 
0.252741 0.377425 0.36963 2.21796e-05 0.000182186 
0.201271 0.6134 0.154764 0.000911879 0.0296527 
0.0259988 0.898984 0.0670526 0.000578729 0.00738601 
0.0102301 0.597012 0.225951 0.00669475 0.160112 
0.000694399 0.590058 0.146655 0.0201301 0.242462 
0.0010232 0.716471 0.198936 0.0363935 0.0471764 
0.000241204 0.738727 0.252541 0.00696442 0.00152694 
0.121374 0.557947 0.281125 0.00284285 0.0367114 
0.00473236 0.950608 0.0205998 0.0164199 0.00763987 
0.00216861 0.575216 0.417639 0.00271783 0.00225829 
0.241036 0.530969 0.220077 0.00369538 0.00422217 
0.0519115 0.825373 0.106863 0.00114431 0.0147081 
1.35658e-05 0.554833 0.00977605 0.00024815 0.435129 
2.65028e-05 0.920124 0.0367296 0.000102363 0.0430173 
0.0203624 0.725443 0.182373 0.00527361 0.0665482 
5.72547e-06 0.620414 0.344919 1.90753e-07 0.034661 
0.073285 0.320168 0.285303 0.31243 0.00881538 
0.0508981 0.820071 0.105354 0.000766845 0.02291 
0.0214265 0.464392 0.405147 0.0904486 0.0185853 
0.0493308 0.868317 0.0619558 1.35309e-05 0.0203832 
8.39323e-05 0.935829 0.0505876 5.00372e-05 0.0134495 
0.180688 0.450634 0.368158 0.000519393 9.48965e-07 
2.18054e-05 0.93464 0.0300533 8.40165e-05 0.0352011 
0.00783925 0.511996 0.430296 6.02956e-07 0.0498685 
0.361138 0.577226 0.0550632 0.00265485 0.00391734 
0.0127367 0.681209 0.30604 7.40047e-07 1.33939e-05 
0.00656068 0.60925 0.364646 0.000420767 0.0191229 
0.00316042 0.851079 0.120681 0.00473151 0.020348 
0.00125272 0.738341 0.121167 2.62803e-05 0.139212 
0.0416729 0.446234 0.166681 1.34382e-05 0.345399 
0.139214 0.618338 0.238981 0.000495801 0.00297161 
0.0102102 0.6642 0.325576 2.47713e-07 1.38665e-05 
0.0443578 0.798885 0.153705 0.00014396 0.00290866 
0.00473236 0.950608 0.0205998 0.0164199 0.00763987 
0.00956139 0.917807 0.0445166 3.93222e-10 0.0281149 
0.00473236 0.950608 0.0205998 0.0164199 0.00763987 
8.04905e-05 0.934494 0.055056 4.10807e-05 0.0103289 
0.000459998 0.855755 0.0770568 7.72121e-05 0.066651 
4.59392e-05 0.989885 5.79104e-05 0.00963108 0.000380049 
0.00123457 0.885858 0.0783351 0.00425984 0.0303123 
0.0520965 0.646758 0.13122 2.78633e-07 0.169924 
0.000113073 0.679659 0.174856 0.00032644 0.145045 
8.35296e-05 0.929462 0.0560763 5.80768e-05 0.01432 
0.00118929 0.637038 0.104344 0.00596771 0.251461 
0.0186407 0.451485 0.272095 0.00466806 0.253111 
0.217332 0.437629 0.342278 0.000434384 0.00232735 
0.302264 0.404212 0.141553 7.40537e-05 0.151897 
0.0162252 0.656214 0.153428 5.98021e-05 0.174073 
4.59392e-05 0.989885 5.79104e-05 0.00963108 0.000380049 
0.128008 0.512854 0.353186 0.00251764 0.00343496 
2.64485e-05 0.621651 0.11113 2.64478e-05 0.267167 
0.0245928 0.413476 0.231821 0.00193471 0.328175 
0.00096919 0.962246 0.0359177 0.000254976 0.000611691 
2.05964e-07 0.994781 8.98092e-05 1.14152e-05 0.0051173 
0.0150506 0.604141 0.245896 0.00511057 0.129802 
0.0394075 0.532005 0.428029 0.000552706 5.47271e-06 
0.251184 0.460869 0.287152 0.000794311 2.74733e-07 
0.000210156 0.744514 0.144518 2.43266e-08 0.110758 
0.0449885 0.591239 0.290166 0.0575919 0.0160145 
0.0269131 0.61133 0.31406 0.0245484 0.023148 
0.0106235 0.720944 0.249719 9.65208e-05 0.0186169 
0.000429403 0.756172 0.120065 8.92958e-06 0.123325 
0.0220297 0.457665 0.406445 0.000577541 0.113283 
0.0112272 0.677667 0.298048 0.00972205 0.00333549 
0.011971 0.767993 0.214567 2.90098e-06 0.00546581 
0.136894 0.65887 0.186132 0.000390088 0.017715 
0.147088 0.552452 0.291589 0.000288961 0.00858221 
0.011971 0.767993 0.214567 2.90098e-06 0.00546581 
0.208052 0.483324 0.274475 0.0283952 0.00575352 
0.190385 0.392588 0.293519 0.121708 0.00180034 
0.0024493 0.866791 0.118536 0.000242174 0.0119818 
0.329749 0.341783 0.30577 0.0105835 0.0121139 
0.00746035 0.755457 0.230517 6.92991e-06 0.00655858 
0.00473236 0.950608 0.0205998 0.0164199 0.00763987 
0.369282 0.593483 0.0372345 1.16372e-09 8.04293e-10 
0.112087 0.599642 0.282381 0.00588977 5.50612e-08 
0.00248887 0.545954 0.0842353 1.3674e-05 0.367308 
0.00380681 0.681232 0.139198 0.00108389 0.174679 
0.000575503 0.773433 0.207548 3.90176e-12 0.0184437 
0.00156418 0.769205 0.170049 0.000340627 0.0588416 
0.0413236 0.632378 0.263579 0.0171903 0.045529 
0.000974872 0.726846 0.150264 0.119747 0.00216811 
0.0357815 0.583746 0.375887 4.04156e-05 0.00454542 
0.0520601 0.55534 0.220473 7.85773e-05 0.172048 
0.0171802 0.76711 0.207519 0.00726151 0.000928725 
0.00297638 0.654619 0.152321 0.00019857 0.189884 
0.0219734 0.95007 0.0131418 1.03021e-08 0.0148147 
0.000629937 0.412117 0.281363 0.30589 1.11994e-06 
0.00752701 0.683444 0.10709 0.00775735 0.194181 
0.00473236 0.950608 0.0205998 0.0164199 0.00763987 
0.00360481 0.436514 0.282723 0.27705 0.000108251 
0.0565653 0.73738 0.200016 0.000648079 0.0053906 
0.000206058 0.930187 0.068228 5.15801e-12 0.00137879 
0.11562 0.481302 0.338231 0.000995046 0.063852 
3.8213e-05 0.996599 0.000859621 0.000137528 0.00236526 
0.0989594 0.564478 0.256216 0.0325266 0.047821 
0.00919964 0.774432 0.0774314 0.133753 0.00518371 
0.164764 0.761056 0.0391768 0.000583091 0.0344198 
0.0158305 0.64965 0.295588 9.02385e-05 0.0388412 
0.00141286 0.828467 0.109041 7.959e-08 0.0610796 
4.59392e-05 0.989885 5.79104e-05 0.00963108 0.000380049 
0.0694082 0.773173 0.155879 9.4994e-05 0.0014449 
0.00118931 0.90771 0.0454826 9.80123e-06 0.0456085 
0.0222701 0.341717 0.331797 0.00898245 0.295234 
0.00278458 0.789006 0.0676465 0.138697 0.00186557 
0.246964 0.590836 0.149181 0.00131355 0.0117059 
0.000365137 0.879483 0.102704 0.000681654 0.0167665 
0.00293503 0.627465 0.36788 0.000703023 0.00101745 
3.41477e-07 0.671859 0.322752 1.0536e-06 0.00538787 
0.00703939 0.643867 0.246835 0.00983047 0.0924274 
0.0466298 0.792608 0.148303 2.62716e-06 0.0124564 
0.0663302 0.503957 0.429347 0.000358947 6.365e-06 
0.293821 0.358804 0.310841 0.00771977 0.0288134 
0.00219787 0.758618 0.235801 5.66938e-07 0.00338278 
0.00473236 0.950608 0.0205998 0.0164199 0.00763987 
0.00574572 0.78279 0.19119 0.000305489 0.019969 
0.000211217 0.902838 0.0298577 3.02582e-06 0.0670898 
0.199542 0.492277 0.303228 0.0032725 0.00168093 
0.0113584 0.762812 0.142508 1.25007e-05 0.0833093 
0.145005 0.51517 0.106065 0.00956008 0.2242 
0.0798779 0.538446 0.270329 0.0552168 0.0561306 
0.00473236 0.950608 0.0205998 0.0164199 0.00763987 
0.00551836 0.935825 0.0577618 0.000894385 1.75863e-07 
0.0148138 0.606798 0.109252 0.00207902 0.267057 
8.39323e-05 0.935829 0.0505876 5.00372e-05 0.0134495 
0.000578305 0.776896 0.174623 1.58461e-05 0.0478869 
0.000492658 0.458534 0.139985 6.29995e-05 0.400926 
0.123393 0.530755 0.341771 0.000116088 0.00396493 
0.334276 0.420021 0.245702 1.87413e-07 5.14694e-07 
0.000848457 0.705416 0.196913 0.0224468 0.0743753 
0.0464854 0.601196 0.331205 7.15144e-05 0.0210418 
0.00954405 0.360494 0.314873 0.000350999 0.314738 
0.0502592 0.515855 0.425655 0.000302743 0.00792801 
0.0215004 0.69676 0.159032 0.000590837 0.122117 
0.000713166 0.574907 0.422756 0.0010247 0.000598679 
0.00324074 0.951693 0.0450665 1.56341e-08 5.47757e-11 
0.135356 0.549518 0.293317 0.0189544 0.0028544 
2.65028e-05 0.920124 0.0367296 0.000102363 0.0430173 
0.0837941 0.792204 0.123259 1.18916e-07 0.000742559 
0.000230009 0.876666 0.063093 0.0106582 0.0493527 
0.000592582 0.682569 0.0675267 0.00914845 0.240163 
4.59392e-05 0.989885 5.79104e-05 0.00963108 0.000380049 
0.00411123 0.754758 0.136599 0.000982908 0.103549 
0.0169364 0.677033 0.288614 6.57773e-05 0.0173508 
8.3936e-05 0.995651 0.0011552 0.000185051 0.00292456 
0.195252 0.666961 0.0461406 0.0853521 0.00629409 
0.00119302 0.774954 0.164005 8.88756e-05 0.0597584 
0.000974872 0.726846 0.150264 0.119747 0.00216811 
0.0896851 0.468472 0.27742 0.000142711 0.16428 
4.61866e-05 0.528574 0.462648 2.31449e-06 0.00872917 
0.11598 0.46034 0.418641 0.00154951 0.00348903 
0.35378 0.484659 0.160546 0.000223966 0.000790867 
0.011971 0.767993 0.214567 2.90098e-06 0.00546581 
0.253494 0.583715 0.161398 2.06821e-05 0.00137192 
0.00473236 0.950608 0.0205998 0.0164199 0.00763987 
0.2541 0.377 0.357162 0.00639897 0.00533975 
0.147444 0.626309 0.226135 0.000100336 1.20227e-05 
0.0244014 0.763995 0.182706 0.000176874 0.028721 
0.011971 0.767993 0.214567 2.90098e-06 0.00546581 
0.00312058 0.914547 0.00426788 0.000736403 0.077328 
0.162145 0.428585 0.386529 0.00279379 0.0199476 
0.0520965 0.646758 0.13122 2.78633e-07 0.169924 
0.0596228 0.768176 0.170219 0.000173813 0.00180862 
0.00699785 0.759705 0.230595 3.06156e-05 0.00267153 
0.000285086 0.953969 0.0439434 7.84634e-05 0.00172412 
0.0228185 0.719916 0.161673 0.000969697 0.0946227 
0.00506494 0.791029 0.0250748 0.00190555 0.176926 
0.00473236 0.950608 0.0205998 0.0164199 0.00763987 
0.00473236 0.950608 0.0205998 0.0164199 0.00763987 
0.027265 0.771811 0.197496 0.00247748 0.00094974 
4.59392e-05 0.989885 5.79104e-05 0.00963108 0.000380049 
0.371169 0.446637 0.13121 0.0340729 0.016912 
0.0638387 0.584135 0.0549746 0.000559595 0.296492 
0.00994834 0.460658 0.151536 0.00300127 0.374856 
0.0166444 0.602573 0.17094 0.000233277 0.209608 
3.77206e-07 0.684719 0.229805 0.000278552 0.0851966 
0.0613614 0.381208 0.258504 0.298914 1.30534e-05 
0.0250054 0.758659 0.155695 0.00146207 0.0591776 
0.0975347 0.623524 0.277285 6.65992e-05 0.00159003 
0.0130058 0.703019 0.254523 0.000108649 0.0293438 
0.000259563 0.99958 4.87232e-05 1.17687e-07 0.000111709 
0.0139554 0.423632 0.321838 2.17311e-05 0.240553 
0.00329243 0.901071 0.0953797 4.95037e-05 0.000206906 
0.000660531 0.618926 0.00543491 0.189658 0.18532 
0.0447885 0.770924 0.0319499 0.0018925 0.150445 
0.00359053 0.947783 0.0458134 4.05195e-10 0.00281314 
4.59392e-05 0.989885 5.79104e-05 0.00963108 0.000380049 
0.0230736 0.946271 0.0273481 0.00330628 8.78545e-07 
8.04905e-05 0.934494 0.055056 4.10807e-05 0.0103289 
3.35567e-05 0.791117 0.0407916 0.000458345 0.1676 
0.0167019 0.812443 0.135809 0.0285219 0.00652397 
0.111552 0.693443 0.140245 0.00101745 0.0537428 
0.0115814 0.478737 0.474679 0.00286231 0.0321398 
0.00473236 0.950608 0.0205998 0.0164199 0.00763987 
0.011971 0.767993 0.214567 2.90098e-06 0.00546581 
0.077153 0.70686 0.210616 0.00274542 0.00262599 
0.000974872 0.726846 0.150264 0.119747 0.00216811 
0.135975 0.486814 0.33025 0.000672107 0.0462888 
0.00641794 0.501747 0.240996 0.066725 0.184114 
0.0856203 0.649035 0.257728 0.000250295 0.00736675 
0.155064 0.624436 0.210694 0.00279068 0.0070153 
0.192444 0.610888 0.195776 0.000728765 0.000163169 
0.017909 0.829201 0.145874 0.00676123 0.000254909 
0.0130794 0.855152 0.0707523 0.000781748 0.0602343 
0.00473236 0.950608 0.0205998 0.0164199 0.00763987 
4.59392e-05 0.989885 5.79104e-05 0.00963108 0.000380049 
0.0281664 0.619134 0.304803 0.00085788 0.0470388 
0.0313854 0.698796 0.269451 7.75732e-08 0.000367661 
2.48449e-07 0.800881 0.0298328 6.98991e-05 0.169216 
0.0174451 0.667451 0.290058 0.000415792 0.0246301 
4.59392e-05 0.989885 5.79104e-05 0.00963108 0.000380049 
0.0291658 0.538002 0.245544 0.000151503 0.187137 
0.208458 0.549691 0.229025 0.000648771 0.0121771 
0.0358185 0.738674 0.167401 9.93072e-05 0.0580071 
0.00473236 0.950608 0.0205998 0.0164199 0.00763987 
0.0787837 0.699487 0.204218 0.00745586 0.0100547 
0.00641794 0.501747 0.240996 0.066725 0.184114 
0.100106 0.490961 0.391567 0.000821023 0.0165443 
0.124649 0.498377 0.352822 5.80825e-06 0.0241461 
0.0308924 0.65872 0.276658 0.00631246 0.0274168 
0.144765 0.400693 0.347585 0.0921738 0.014783 
0.0039705 0.806149 0.185168 0.000136027 0.00457638 
0.00261838 0.684437 0.311204 0.000166505 0.00157493 
0.209715 0.400537 0.372062 0.0165509 0.00113629 
0.00685573 0.449204 0.108042 0.00212211 0.433776 
0.099106 0.478406 0.395492 0.000490473 0.0265053 
3.65399e-05 0.991821 0.00742716 0.000177613 0.000537393 
0.0236178 0.709067 0.16379 0.0056204 0.0979051 
0.00809498 0.903048 0.0639948 5.41592e-06 0.0248566 
0.00473236 0.950608 0.0205998 0.0164199 0.00763987 
0.0033219 0.450203 0.279684 9.8074e-05 0.266693 
0.0056522 0.843542 0.111542 0.0202009 0.0190628 
0.0011809 0.467191 0.334027 3.66169e-05 0.197564 
0.0414884 0.713575 0.130686 7.56244e-05 0.114174 
0.279519 0.660377 0.0599783 1.07232e-05 0.000114525 
0.370008 0.388099 0.233374 0.00837536 0.000144059 
0.00473236 0.950608 0.0205998 0.0164199 0.00763987 
0.0597223 0.632325 0.302189 0.00378762 0.00197558 
0.0747066 0.594389 0.243791 0.000184524 0.0869289 
0.00473236 0.950608 0.0205998 0.0164199 0.00763987 
0.0014865 0.622943 0.256153 0.0480923 0.0713251 
0.00445967 0.441754 0.208752 0.00813158 0.336902 
0.00473236 0.950608 0.0205998 0.0164199 0.00763987 
0.011971 0.767993 0.214567 2.90098e-06 0.00546581 
0.011971 0.767993 0.214567 2.90098e-06 0.00546581 
0.0613614 0.381208 0.258504 0.298914 1.30534e-05 
0.0442521 0.482555 0.357644 0.0222195 0.0933296 
0.00296694 0.464597 0.402605 0.00576691 0.124064 
0.000440433 0.802849 0.0984408 0.000525136 0.097745 
0.00021769 0.751679 0.0258785 1.32172e-05 0.222211 
0.0475883 0.765258 0.0684696 0.117021 0.0016625 
0.0639561 0.676025 0.203923 0.000588314 0.0555072 
0.00473236 0.950608 0.0205998 0.0164199 0.00763987 
0.036388 0.775217 0.187324 0.00106742 3.81058e-06 
2.41606e-05 0.970484 0.00101911 7.467e-12 0.0284728 
0.00167167 0.862481 0.0679804 1.40874e-07 0.067867 
0.0500036 0.640339 0.284167 8.53379e-06 0.0254821 
0.000300169 0.82599 0.00892085 8.88876e-09 0.164789 
0.21731 0.533311 0.157654 0.000172402 0.0915527 
0.0428818 0.692815 0.25391 0.000107384 0.0102864 
1.83837e-05 0.81059 0.171824 8.03655e-06 0.0175598 
0.207367 0.60992 0.16503 0.00031803 0.017365 
0.0491912 0.635671 0.295426 1.59358e-06 0.0197097 
0.021878 0.628434 0.262049 0.004207 0.0834321 
0.0356662 0.642263 0.0619119 0.000383354 0.259775 
9.80933e-05 0.71038 0.000287928 1.74637e-05 0.289216 
0.000355187 0.904082 0.0461595 3.6703e-05 0.0493667 
0.00473236 0.950608 0.0205998 0.0164199 0.00763987 
0.000849032 0.701866 0.017194 7.92744e-06 0.280083 
5.98833e-06 0.998101 8.94557e-07 2.24226e-06 0.00188979 
0.00826364 0.564661 0.41063 0.00187144 0.0145741 
8.08313e-05 0.933567 0.0540258 4.87907e-05 0.0122776 
0.00127832 0.68815 0.128608 0.000208013 0.181756 
0.0400684 0.551393 0.354526 0.00111789 0.0528951 
0.00473236 0.950608 0.0205998 0.0164199 0.00763987 
7.7821e-08 0.794661 0.18962 1.54276e-08 0.0157184 
0.0654594 0.475219 0.453099 0.00357173 0.00265057 
0.0195442 0.977732 0.000337594 0.00210692 0.000279418 
0.000597987 0.796963 0.118904 0.00804699 0.0754879 
0.0159522 0.57327 0.260112 0.00850757 0.142158 
0.0430305 0.856487 0.0539007 1.44288e-05 0.0465674 
4.59392e-05 0.989885 5.79104e-05 0.00963108 0.000380049 
0.0312055 0.603151 0.329539 0.0350015 0.00110304 
0.430847 0.446649 0.0926232 0.0128939 0.0169875 
0.0613614 0.381208 0.258504 0.298914 1.30534e-05 
0.00473236 0.950608 0.0205998 0.0164199 0.00763987 
0.275834 0.599996 0.118185 0.000166864 0.00581782 
0.00473236 0.950608 0.0205998 0.0164199 0.00763987 
0.018572 0.51135 0.453119 0.00287294 0.0140865 
0.000432944 0.82719 0.165481 0.000801043 0.00609432 
0.011971 0.767993 0.214567 2.90098e-06 0.00546581 
0.0299398 0.543554 0.320159 0.0200929 0.0862541 
0.00473236 0.950608 0.0205998 0.0164199 0.00763987 
0.00473236 0.950608 0.0205998 0.0164199 0.00763987 
0.00473236 0.950608 0.0205998 0.0164199 0.00763987 
0.0680386 0.510715 0.413341 0.000301774 0.00760396 
1.22548e-06 0.865278 0.133641 4.78147e-07 0.00107941 
0.00458851 0.505128 0.488179 0.00121742 0.000886899 
0.0022027 0.595688 0.310737 0.000419728 0.0909529 
0.0344364 0.715847 0.248716 0.000425705 0.000574524 
0.000146979 0.794901 0.0487481 2.0571e-05 0.156183 
0.0492827 0.607743 0.329896 0.000285772 0.0127921 
4.33669e-05 0.806787 0.192753 6.41228e-05 0.000353307 
0.00473236 0.950608 0.0205998 0.0164199 0.00763987 
0.151928 0.603017 0.224072 0.00046831 0.020514 
0.00473236 0.950608 0.0205998 0.0164199 0.00763987 
0.0665075 0.82314 0.0690557 0.00121618 0.0400803 
0.0528812 0.799131 0.0993632 0.0390616 0.0095626 
0.000555749 0.998831 0.000334672 3.00675e-05 0.000248156 
4.59392e-05 0.989885 5.79104e-05 0.00963108 0.000380049 
5.72547e-06 0.620414 0.344919 1.90753e-07 0.034661 
0.011971 0.767993 0.214567 2.90098e-06 0.00546581 
0.00182771 0.867259 0.130428 6.64155e-07 0.000484874 
0.00588194 0.838849 0.142021 0.000117976 0.0131305 
0.000225059 0.766149 0.232646 5.21931e-06 0.000974568 
0.00504895 0.915491 0.0770852 7.66319e-05 0.00229828 
3.61171e-08 0.537989 0.0110744 3.08679e-06 0.450933 
0.00374004 0.723881 0.240805 0.0108558 0.020718 
0.0071468 0.486804 0.465073 0.000236667 0.04074 
0.0390803 0.730206 0.227588 1.10586e-05 0.00311459 
2.65028e-05 0.920124 0.0367296 0.000102363 0.0430173 
0.125619 0.547427 0.299672 0.0236231 0.00365907 
0.00961049 0.443351 0.114927 0.421025 0.0110861 
0.0283761 0.776987 0.117301 0.0294631 0.0478723 
0.00331414 0.722848 0.203102 0.000526987 0.0702079 
4.59392e-05 0.989885 5.79104e-05 0.00963108 0.000380049 
0.0205703 0.848983 0.12009 0.00186878 0.00848737 
0.00473236 0.950608 0.0205998 0.0164199 0.00763987 
0.00218648 0.598171 0.324792 0.00979893 0.0650523 
0.20767 0.40868 0.364893 0.0175209 0.00123593 
4.59392e-05 0.989885 5.79104e-05 0.00963108 0.000380049 
0.00429888 0.457572 0.268788 0.269307 3.45356e-05 
0.0147747 0.664977 0.316338 4.44888e-05 0.00386502 
0.00307766 0.424979 0.411702 0.000438476 0.159803 
6.38346e-12 0.998075 0.00192484 8.7855e-09 1.87115e-08 
0.234832 0.580128 0.178011 0.000681717 0.00634701 
0.00494985 0.914639 0.0287657 6.20445e-06 0.0516397 
0.00177831 0.818795 0.177938 0.000750785 0.00073738 
0.132318 0.690484 0.141485 0.0155272 0.0201863 
0.00429888 0.457572 0.268788 0.269307 3.45356e-05 
0.00473236 0.950608 0.0205998 0.0164199 0.00763987 
0.0429466 0.534263 0.389499 8.25799e-05 0.0332084 
0.011971 0.767993 0.214567 2.90098e-06 0.00546581 
1.54031e-10 0.542342 0.338134 1.76512e-10 0.119524 
0.0447885 0.770924 0.0319499 0.0018925 0.150445 
0.000619435 0.748565 0.112543 0.000316566 0.137956 
3.12712e-05 0.52979 0.464437 0.00206341 0.00367804 
0.00153608 0.832104 0.150404 0.000436414 0.0155194 
0.00429888 0.457572 0.268788 0.269307 3.45356e-05 
0.00487198 0.765798 0.204999 0.000329159 0.0240021 
0.110631 0.40265 0.402466 0.00487614 0.0793772 
0.0115558 0.852782 0.112734 9.77674e-10 0.0229272 
0.011971 0.767993 0.214567 2.90098e-06 0.00546581 
0.011971 0.767993 0.214567 2.90098e-06 0.00546581 
0.077153 0.70686 0.210616 0.00274542 0.00262599 
0.191961 0.391907 0.369576 0.0158323 0.0307238 
0.0159891 0.820315 0.144371 0.00159592 0.017729 
0.00822007 0.446039 0.391441 0.154078 0.000222841 
8.84507e-05 0.944274 0.0556377 1.46261e-09 1.01086e-09 
0.00782946 0.665148 0.309965 0.000117412 0.0169406 
0.0201256 0.505953 0.245711 0.00268238 0.225528 
0.157842 0.585842 0.240813 0.00185349 0.0136495 
0.00562104 0.822034 0.124723 0.000731004 0.0468904 
0.0244464 0.34177 0.300512 0.0155271 0.317744 
0.0938172 0.808738 0.0740459 0.0007977 0.0226014 
0.0231435 0.838126 0.0924615 0.00126531 0.0450035 
0.121144 0.503455 0.365536 0.00086338 0.0090014 
0.0011355 0.618334 0.36268 4.12822e-06 0.0178457 
0.0978504 0.575891 0.3019 0.018559 0.0057996 
0.311279 0.340935 0.301265 0.0142526 0.0322684 
0.011971 0.767993 0.214567 2.90098e-06 0.00546581 
0.0375721 0.745574 0.196476 4.52609e-06 0.0203733 
0.092856 0.62452 0.28074 0.000231925 0.00165268 
0.0868591 0.487094 0.396539 0.00038899 0.0291196 
0.00473236 0.950608 0.0205998 0.0164199 0.00763987 
0.00123234 0.75649 0.0636759 0.0295782 0.149023 
2.65028e-05 0.920124 0.0367296 0.000102363 0.0430173 
0.0231478 0.68261 0.138967 0.000179028 0.155097 
0.00491275 0.619504 0.217132 0.00379053 0.154661 
0.0815978 0.718795 0.19957 6.21226e-07 3.66812e-05 
0.0141261 0.551706 0.346021 0.00687326 0.0812743 
0.00250226 0.854862 0.0975644 6.73276e-05 0.045004 
0.010301 0.665548 0.227047 0.0066767 0.0904273 
0.00661363 0.67064 0.322089 7.83481e-06 0.000649719 
0.281794 0.321962 0.181158 3.74794e-06 0.215084 
0.289267 0.519197 0.180616 0.00257904 0.00834087 
0.000316915 0.52577 0.466404 1.20793e-05 0.00749745 
0.00473236 0.950608 0.0205998 0.0164199 0.00763987 
0.0143027 0.702392 0.206711 0.000248204 0.0763466 
3.45e-05 0.853127 0.0721424 0.000188799 0.0745075 
0.00035909 0.826429 0.0737839 0.00347617 0.0959522 
0.0239752 0.925356 0.0454386 0.00515185 7.82797e-05 
0.0483497 0.590935 0.360659 2.1893e-05 3.50685e-05 
0.0702311 0.737526 0.176388 0.000712867 0.0151416 
0.0831077 0.627661 0.288861 0.000359566 1.09253e-05 
0.359125 0.423797 0.214419 0.00061753 0.00204137 
0.00473236 0.950608 0.0205998 0.0164199 0.00763987 
0.126429 0.663614 0.209001 9.5899e-05 0.000860243 
0.000176986 0.514916 0.0128561 5.08807e-06 0.472046 
3.31273e-05 0.903469 0.0459084 0.000124107 0.0504651 
2.15438e-05 0.868563 0.127681 0.000261037 0.00347306 
0.00310557 0.481436 0.411574 0.00043733 0.103447 
0.0235788 0.557993 0.301086 0.00399022 0.113352 
1.153e-07 0.44422 0.163916 0.000369064 0.391495 
0.315051 0.506871 0.16228 0.00284417 0.012954 
0.148858 0.542808 0.0827488 0.204575 0.0210103 
0.0533504 0.498086 0.430684 0.00055508 0.0173246 
0.0230375 0.474886 0.164285 0.00358519 0.334207 
1.08598e-05 0.890477 0.0531298 0.00128539 0.0550972 
0.00473236 0.950608 0.0205998 0.0164199 0.00763987 
0.107958 0.668032 0.218194 0.00189098 0.00392532 
0.00588662 0.691834 0.189388 0.00359399 0.109297 
0.000258327 0.94293 0.0440202 8.83248e-05 0.0127035 
0.182434 0.577701 0.203954 0.0274278 0.00848319 
1.3833e-06 0.636788 0.358118 4.49561e-06 0.00508755 
0.0788469 0.541419 0.331685 3.06423e-05 0.0480184 
0.000756078 0.572386 0.426374 5.75181e-08 0.000484237 
4.33669e-05 0.806787 0.192753 6.41228e-05 0.000353307 
0.00473236 0.950608 0.0205998 0.0164199 0.00763987 
0.0568958 0.930313 0.0123084 3.44443e-06 0.000479205 
0.0290313 0.834191 0.13081 4.49833e-05 0.00592274 
0.0874423 0.757965 0.144656 0.00145244 0.0084842 
7.35084e-05 0.64743 0.352478 1.54306e-05 3.44844e-06 
0.00150038 0.908497 0.0865221 0.00266414 0.000815907 
0.00849614 0.787293 0.1481 0.00100926 0.0551008 
0.0167528 0.733809 0.218643 0.000183715 0.0306114 
0.0033563 0.725704 0.257245 0.0124179 0.00127628 
0.00943641 0.349444 0.33439 0.000171771 0.306558 
0.00864453 0.703587 0.286111 1.74877e-05 0.00163973 
0.00354609 0.709452 0.166814 0.00314593 0.117043 
4.59392e-05 0.989885 5.79104e-05 0.00963108 0.000380049 
0.00473236 0.950608 0.0205998 0.0164199 0.00763987 
0.0607717 0.489192 0.372889 3.67292e-05 0.0771113 
0.132318 0.690484 0.141485 0.0155272 0.0201863 
0.000974872 0.726846 0.150264 0.119747 0.00216811 
0.00011079 0.971876 0.0277683 0.000245141 1.45505e-07 
3.2537e-05 0.991185 4.0852e-05 0.00847287 0.000268478 
0.0167226 0.665971 0.214217 0.0027468 0.100342 
0.011971 0.767993 0.214567 2.90098e-06 0.00546581 
0.0193248 0.774816 0.187154 0.000235858 0.0184691 
0.210684 0.484883 0.296201 0.00139036 0.00684131 
0.00575139 0.691831 0.214579 0.0295134 0.058326 
0.33815 0.612179 0.0484303 0.00122965 1.15671e-05 
0.0405071 0.5106 0.439489 0.00273353 0.00666975 
0.00208251 0.958154 0.0397636 2.63403e-08 1.82048e-08 
0.00135488 0.728918 0.179557 0.0120046 0.0781649 
0.124401 0.49316 0.352327 8.71885e-05 0.0300246 
0.000899969 0.724786 0.141515 0.13077 0.00202924 
0.011971 0.767993 0.214567 2.90098e-06 0.00546581 
0.0226369 0.488514 0.240315 4.2709e-05 0.248491 
0.121629 0.69652 0.17548 0.00262353 0.00374761 
0.00280025 0.825631 0.119681 1.04377e-05 0.0518775 
0.011971 0.767993 0.214567 2.90098e-06 0.00546581 
0.00888099 0.491856 0.305941 0.000103451 0.193218 
0.011971 0.767993 0.214567 2.90098e-06 0.00546581 
0.142115 0.491651 0.347374 0.000285349 0.0185756 
0.00473236 0.950608 0.0205998 0.0164199 0.00763987 
4.59392e-05 0.989885 5.79104e-05 0.00963108 0.000380049 
0.0682527 0.525021 0.176471 0.0268883 0.203367 
0.011971 0.767993 0.214567 2.90098e-06 0.00546581 
0.0131399 0.794964 0.178085 5.01192e-05 0.0137607 
0.000690092 0.683266 0.183836 0.000140632 0.132067 
0.011971 0.767993 0.214567 2.90098e-06 0.00546581 
0.0772945 0.798646 0.119128 0.00058142 0.00435006 
0.000663188 0.834239 0.141675 0.00368263 0.0197402 
0.0185796 0.488372 0.0107528 3.17031e-06 0.482292 
0.0670572 0.696991 0.096252 0.00147651 0.138223 
7.68424e-05 0.939239 0.0514039 3.27701e-05 0.0092474 
2.65028e-05 0.920124 0.0367296 0.000102363 0.0430173 
0.352615 0.473162 0.110208 0.00717476 0.0568399 
0.0281424 0.847262 0.120855 0.002239 0.00150103 
0.0948852 0.755928 0.123919 0.000144904 0.0251233 
0.0147741 0.689445 0.284268 8.77207e-05 0.0114251 
0.00137789 0.882823 0.115645 1.13567e-05 0.000142757 
0.00271381 0.721783 0.0329726 6.25735e-05 0.242468 
4.59392e-05 0.989885 5.79104e-05 0.00963108 0.000380049 
0.0776686 0.685604 0.217757 0.000196807 0.0187732 
0.048375 0.857572 0.0868683 0.00325749 0.00392748 
0.0719329 0.542854 0.351571 0.000670477 0.0329712 
0.00473236 0.950608 0.0205998 0.0164199 0.00763987 
2.89452e-05 0.782219 0.168276 0.0011155 0.0483608 
0.00652015 0.41046 0.366899 0.214783 0.00133885 
0.00019075 0.740441 0.246629 6.80828e-05 0.0126712 
0.00473236 0.950608 0.0205998 0.0164199 0.00763987 
0.00473236 0.950608 0.0205998 0.0164199 0.00763987 
0.23838 0.457273 0.192332 0.00166736 0.110347 
2.65028e-05 0.920124 0.0367296 0.000102363 0.0430173 
0.025217 0.497133 0.283949 0.013107 0.180593 
0.011971 0.767993 0.214567 2.90098e-06 0.00546581 
0.00239849 0.615628 0.155147 0.00958439 0.217242 
0.00420205 0.716549 0.058493 0.00032618 0.22043 
0.00146819 0.9513 0.0464397 0.000748318 4.38957e-05 
0.0313648 0.859778 0.104703 0.00415292 8.55627e-07 
0.0174878 0.469788 0.463474 0.00136278 0.0478877 
0.00110454 0.590502 0.0499965 0.00874117 0.349655 
0.00295708 0.928877 0.0608697 2.74283e-05 0.00726926 
0.00473236 0.950608 0.0205998 0.0164199 0.00763987 
0.00167221 0.581644 0.28957 0.0121625 0.114951 
0.16383 0.537495 0.262221 0.00215367 0.0343003 
5.99168e-06 0.924867 0.0681267 1.16656e-05 0.00698885 
8.3936e-05 0.995651 0.0011552 0.000185051 0.00292456 
0.00215995 0.557013 0.188829 1.08614e-05 0.251987 
0.00473236 0.950608 0.0205998 0.0164199 0.00763987 
0.00473236 0.950608 0.0205998 0.0164199 0.00763987 
0.00615099 0.791625 0.172071 0.000125091 0.0300277 
0.00880641 0.567875 0.27347 0.0062903 0.143558 
7.13262e-12 0.999591 0.000409079 1.93848e-09 4.11916e-09 
0.00927921 0.768627 0.101718 0.00167088 0.118704 
0.000300169 0.82599 0.00892085 8.88876e-09 0.164789 
0.00473236 0.950608 0.0205998 0.0164199 0.00763987 
7.55904e-05 0.836492 0.0112479 3.51183e-06 0.152181 
0.000975765 0.830258 0.143465 6.24647e-08 0.0253015 
8.3936e-05 0.995651 0.0011552 0.000185051 0.00292456 
0.00473236 0.950608 0.0205998 0.0164199 0.00763987 
0.0430746 0.698295 0.258056 0.00057259 2.45899e-06 
0.011971 0.767993 0.214567 2.90098e-06 0.00546581 
0.0940601 0.533207 0.365908 4.78555e-05 0.00677669 
7.68424e-05 0.939239 0.0514039 3.27701e-05 0.0092474 
7.79196e-05 0.966409 0.0316067 5.22181e-07 0.00190576 
0.00473236 0.950608 0.0205998 0.0164199 0.00763987 
0.000266394 0.965724 0.00430108 0.00193004 0.0277783 
0.000932962 0.873654 0.124543 0.000411833 0.000458771 
0.000955897 0.353488 0.285542 0.013409 0.346605 
0.0219734 0.95007 0.0131418 1.03021e-08 0.0148147 
0.000166502 0.533046 0.466455 0.000166498 0.000166509 
0.0985709 0.707112 0.155689 1.01547e-05 0.0386173 
0.00484864 0.808055 0.187068 8.59172e-06 1.99512e-05 
0.012195 0.574311 0.32767 0.000255705 0.0855684 
0.00775727 0.793887 0.198354 8.16703e-10 2.18691e-06 
2.65028e-05 0.920124 0.0367296 0.000102363 0.0430173 
0.0279852 0.775362 0.174557 0.000929768 0.0211659 
0.00401212 0.869272 0.0483875 1.33392e-07 0.0783281 
2.65028e-05 0.920124 0.0367296 0.000102363 0.0430173 
0.0958166 0.551828 0.27896 0.000399673 0.072996 
0.000191729 0.511537 0.077888 0.00121585 0.409167 
0.0028418 0.833541 0.0649305 0.000776728 0.0979096 
0.00473236 0.950608 0.0205998 0.0164199 0.00763987 
0.0541922 0.393722 0.32878 0.067435 0.15587 
0.011971 0.767993 0.214567 2.90098e-06 0.00546581 
0.00457881 0.790272 0.205074 7.45314e-05 5.32941e-08 
0.000266394 0.965724 0.00430108 0.00193004 0.0277783 
0.0140683 0.536506 0.431702 0.000286803 0.0174371 
0.011971 0.767993 0.214567 2.90098e-06 0.00546581 
0.149247 0.504162 0.338737 0.000890686 0.00696301 
0.00343697 0.804641 0.1744 0.000168921 0.0173529 
0.022589 0.602442 0.281494 0.0022116 0.0912638 
0.00284535 0.714285 0.222187 0.000265715 0.0604168 
0.000679268 0.454998 0.14991 7.60573e-06 0.394405 
0.365299 0.427649 0.162303 0.000608813 0.0441397 
0.00289649 0.625451 0.369934 0.000695917 0.00102217 
0.0227803 0.848479 0.119687 0.00815589 0.000898209 
0.00206161 0.592765 0.35444 0.0128282 0.0379045 
0.0183072 0.485792 0.256097 4.92576e-08 0.239804 
5.41925e-06 0.843898 5.4202e-06 5.4191e-06 0.156086 
0.00473236 0.950608 0.0205998 0.0164199 0.00763987 
0.361139 0.483747 0.152839 0.00211208 0.000162777 
0.132029 0.671542 0.124533 0.00111676 0.0707789 
1.38783e-06 0.776425 0.132078 8.64015e-07 0.0914947 
4.59392e-05 0.989885 5.79104e-05 0.00963108 0.000380049 
0.0724168 0.701578 0.154907 0.000101467 0.0709965 
0.0419386 0.89535 0.0561086 1.83047e-05 0.00658403 
0.0662589 0.475974 0.441749 0.0141701 0.00184815 
0.000448082 0.881348 0.117463 6.47321e-05 0.000676618 
0.110827 0.6762 0.212763 0.000114318 9.62726e-05 
0.0175822 0.882767 0.0986698 1.30435e-06 0.000979903 
0.0515011 0.507111 0.437402 0.00398225 4.012e-06 
0.00473236 0.950608 0.0205998 0.0164199 0.00763987 
2.73692e-06 0.594846 0.400256 0.000284239 0.00461029 
0.00038981 0.554212 0.0834781 0.000223975 0.361696 
4.59392e-05 0.989885 5.79104e-05 0.00963108 0.000380049 
0.011971 0.767993 0.214567 2.90098e-06 0.00546581 
0.00287475 0.927736 0.066508 0.000537396 0.00234379 
0.0633308 0.474171 0.385029 0.0264622 0.0510069 
0.111313 0.556147 0.267636 0.022761 0.0421428 
0.00144415 0.837089 0.063921 0.00031764 0.0972284 
0.00477825 0.548948 0.368069 0.000400192 0.0778043 
0.242577 0.540725 0.19461 0.00119798 0.0208898 
0.0187358 0.532627 0.443754 0.00385697 0.00102623 
4.70155e-05 0.969847 0.000886775 6.23288e-11 0.0292192 
0.124028 0.675094 0.200383 0.000495728 2.88907e-07 
0.258714 0.462644 0.277197 0.000127941 0.00131684 
5.99649e-05 0.993091 0.00121728 0.000132199 0.00549934 
0.00372344 0.555709 0.35065 0.0493345 0.0405826 
4.59392e-05 0.989885 5.79104e-05 0.00963108 0.000380049 
0.124744 0.603233 0.269082 0.00280961 0.000131533 
2.53342e-06 0.999992 3.0335e-07 2.90318e-06 2.0065e-06 
0.108088 0.450331 0.402015 9.46364e-05 0.0394706 
0.103433 0.504621 0.164237 0.225742 0.00196806 
0.00485194 0.863142 0.112886 4.12006e-05 0.0190786 
0.00473236 0.950608 0.0205998 0.0164199 0.00763987 
0.0142382 0.733891 0.187532 5.50192e-07 0.0643382 
0.0658064 0.677056 0.232029 0.00981973 0.0152891 
0.0180316 0.842153 0.0861473 0.000252555 0.0534154 
0.400847 0.424507 0.17157 0.000992319 0.00208354 
0.422486 0.56941 0.00548714 0.0026148 1.72383e-06 
0.00473236 0.950608 0.0205998 0.0164199 0.00763987 
0.111984 0.719389 0.108013 0.00675618 0.0538581 
0.0958166 0.551828 0.27896 0.000399673 0.072996 
0.00473236 0.950608 0.0205998 0.0164199 0.00763987 
0.00290636 0.885687 0.1077 9.22073e-06 0.00369683 
0.0210036 0.462524 0.439866 0.0361946 0.040412 
0.0233172 0.481064 0.384035 0.0564039 0.0551794 
0.0272686 0.64161 0.176319 0.000149643 0.154653 
0.348397 0.492918 0.13083 1.25922e-06 0.0278536 
0.000429779 0.914842 0.0798944 1.89426e-05 0.00481506 
0.0211073 0.826231 0.138273 1.11571e-05 0.0143773 
1.3833e-06 0.636788 0.358118 4.49561e-06 0.00508755 
0.425334 0.496015 0.0773004 4.64663e-06 0.00134558 
0.00387308 0.768646 0.0363824 0.00624138 0.184857 
0.000190499 0.548273 0.113335 0.0124987 0.325703 
8.39323e-05 0.935829 0.0505876 5.00372e-05 0.0134495 
0.0164169 0.589769 0.33646 2.07776e-06 0.0573523 
0.12866 0.752017 0.11135 2.88821e-06 0.00797026 
4.59392e-05 0.989885 5.79104e-05 0.00963108 0.000380049 
0.0613614 0.381208 0.258504 0.298914 1.30534e-05 
0.00420811 0.644591 0.287203 0.000187721 0.0638097 
0.00473236 0.950608 0.0205998 0.0164199 0.00763987 
7.79196e-05 0.966409 0.0316067 5.22181e-07 0.00190576 
0.165148 0.672322 0.15645 0.00608036 2.06819e-07 
0.0236157 0.469926 0.41943 0.0330654 0.0539635 
0.00473236 0.950608 0.0205998 0.0164199 0.00763987 
0.000781219 0.783029 0.117762 0.00890968 0.0895184 
0.0258717 0.644744 0.201405 0.00764675 0.120332 
0.00716469 0.720516 0.267088 2.50092e-05 0.00520686 
0.000129751 0.987023 0.00358336 0.00255789 0.00670602 
0.00927057 0.951566 0.0276125 6.7356e-08 0.0115507 
0.000300169 0.82599 0.00892085 8.88876e-09 0.164789 
0.132449 0.564029 0.295512 0.00480333 0.00320742 
0.0269523 0.628051 0.343686 0.000528911 0.000781714 
0.135158 0.592898 0.25873 0.00832887 0.00488484 
8.39323e-05 0.935829 0.0505876 5.00372e-05 0.0134495 
2.65028e-05 0.920124 0.0367296 0.000102363 0.0430173 
0.0130651 0.522616 0.404854 0.00368418 0.0557804 
0.0344529 0.636304 0.319305 0.00793849 0.00199955 
0.011971 0.767993 0.214567 2.90098e-06 0.00546581 
0.00473236 0.950608 0.0205998 0.0164199 0.00763987 
0.011971 0.767993 0.214567 2.90098e-06 0.00546581 
0.165481 0.69676 0.0950908 0.000459863 0.0422083 
0.000597987 0.796963 0.118904 0.00804699 0.0754879 
0.103164 0.896341 0.00044893 1.47758e-05 3.12725e-05 
0.0613614 0.381208 0.258504 0.298914 1.30534e-05 
0.00473236 0.950608 0.0205998 0.0164199 0.00763987 
0.00956537 0.881505 0.0346375 0.0020798 0.0722121 
0.180628 0.549009 0.248431 0.00752734 0.014405 
7.7821e-08 0.794661 0.18962 1.54276e-08 0.0157184 
0.00182457 0.715159 0.172683 0.002311 0.108022 
0.040407 0.692446 0.263361 0.000618073 0.00316784 
0.00473236 0.950608 0.0205998 0.0164199 0.00763987 
0.0838782 0.605393 0.310557 0.000108933 6.30149e-05 
0.0736084 0.697129 0.219924 0.000664702 0.00867381 
0.00232138 0.956346 0.0356575 6.85795e-05 0.00560626 
2.94145e-05 0.989541 3.20211e-05 0.0102783 0.000119746 
0.000142279 0.636846 0.129718 1.31111e-05 0.233281 
0.252823 0.335014 0.113678 0.298376 0.000109188 
0.121169 0.567967 0.249239 0.0192309 0.0423948 
0.032162 0.553733 0.388775 0.00885683 0.0164733 
6.44111e-06 0.908738 0.0546511 0.00154297 0.0350614 
0.0843481 0.676422 0.239153 3.24389e-05 4.43217e-05 
0.00473236 0.950608 0.0205998 0.0164199 0.00763987 
0.00403384 0.943915 0.0236478 1.29669e-05 0.0283905 
0.0146661 0.370261 0.31984 0.228813 0.0664194 
0.0266968 0.490563 0.460953 0.0207408 0.00104635 
4.33669e-05 0.806787 0.192753 6.41228e-05 0.000353307 
0.206562 0.620709 0.146967 0.00689758 0.018865 
0.047692 0.739946 0.18239 0.000917347 0.0290551 
0.168171 0.630966 0.193471 0.00428876 0.00310345 
0.00473236 0.950608 0.0205998 0.0164199 0.00763987 
0.0012434 0.745872 0.207003 0.00081721 0.0450646 
0.000824314 0.731236 0.0089668 0.000120797 0.258852 
0.0144115 0.59533 0.319967 0.0031405 0.0671509 
1.65641e-05 0.994935 0.00332401 0.000741935 0.000982396 
0.00155888 0.650014 0.331091 0.00139802 0.0159383 
0.114339 0.838062 0.0454559 0.000209142 0.00193347 
0.011971 0.767993 0.214567 2.90098e-06 0.00546581 
0.000388666 0.846613 0.121794 0.00968515 0.0215191 
0.0167936 0.483983 0.44859 0.0356059 0.0150276 
0.00473236 0.950608 0.0205998 0.0164199 0.00763987 
0.137119 0.455211 0.401794 0.00143726 0.0044385 
0.0104885 0.38593 0.202927 0.0296717 0.370983 
8.39323e-05 0.935829 0.0505876 5.00372e-05 0.0134495 
0.0074423 0.838619 0.139455 0.00436883 0.0101141 
0.0227803 0.848479 0.119687 0.00815589 0.000898209 
0.00524608 0.600374 0.376471 3.69462e-06 0.017906 
8.95539e-05 0.806269 0.180929 6.11227e-08 0.0127124 
0.00473236 0.950608 0.0205998 0.0164199 0.00763987 
0.00228005 0.922339 0.0719721 7.19431e-05 0.0033366 
0.00473236 0.950608 0.0205998 0.0164199 0.00763987 
0.000337382 0.512724 0.0801213 0.0024592 0.404358 
0.203138 0.500634 0.189104 0.00128844 0.105836 
0.0063788 0.869346 0.0847036 4.44606e-06 0.0395676 
0.141389 0.608172 0.243617 0.000789672 0.00603216 
2.65028e-05 0.920124 0.0367296 0.000102363 0.0430173 
0.220228 0.433166 0.345958 0.000634 1.37639e-05 
0.00011282 0.721796 0.265715 2.00365e-05 0.0123553 
0.0100243 0.743795 0.210356 0.000341406 0.0354829 
0.0407556 0.72183 0.233133 0.00101039 0.00327099 
0.401364 0.466233 0.131965 2.38685e-05 0.000413869 
0.000894444 0.473716 0.199699 0.000142336 0.325548 
0.011971 0.767993 0.214567 2.90098e-06 0.00546581 
7.54953e-07 0.856383 0.118776 0.00347344 0.0213668 
0.000357303 0.84624 0.0593398 0.000147679 0.0939152 
0.000681589 0.70296 0.265773 0.0118189 0.0187668 
0.00125368 0.635982 0.044758 0.290738 0.0272682 
9.08152e-05 0.834493 0.0688675 0.0413724 0.055176 
4.59392e-05 0.989885 5.79104e-05 0.00963108 0.000380049 
0.141829 0.546616 0.259044 0.0351106 0.0174002 
0.00665299 0.503812 0.48303 0.000242292 0.00626212 
0.0913666 0.508642 0.382408 0.000159057 0.0174237 
0.0558094 0.883944 0.0602415 2.51115e-06 2.56966e-06 
0.000849525 0.603737 0.162739 0.00496224 0.227712 
0.103455 0.685087 0.204123 8.85555e-05 0.00724658 
0.28695 0.44729 0.203661 0.0267144 0.0353852 
0.00473236 0.950608 0.0205998 0.0164199 0.00763987 
0.0208836 0.573427 0.369962 6.53728e-05 0.0356614 
0.0155304 0.671933 0.136474 0.000589036 0.175473 
0.14728 0.533143 0.313712 0.00585133 1.38843e-05 
0.190385 0.392588 0.293519 0.121708 0.00180034 
0.131106 0.457966 0.328185 0.00112837 0.0816154 
0.0104219 0.704755 0.151027 0.000704971 0.133091 
