0.0107314 0.158977 0.823218 4.92869e-05 0.00702445 
5.9085e-05 0.00801545 0.989659 1.81731e-09 0.00226659 
0.018637 0.359404 0.613367 0.00253962 0.00605293 
0.00106477 0.0476408 0.945731 2.40439e-06 0.00556133 
2.44372e-06 0.107997 0.891823 5.75307e-09 0.000177533 
0.227872 0.0556785 0.715958 0.00045331 3.83826e-05 
0.198563 0.239955 0.561206 0.000274942 1.5308e-06 
0.431254 0.0586353 0.471631 0.0380513 0.000428196 
0.000664443 0.0358728 0.892965 0.000963688 0.0695342 
0.0318463 0.140551 0.818409 8.01574e-05 0.00911418 
0.00763216 0.30437 0.651713 0.0151651 0.0211193 
0.0437584 0.289282 0.629328 4.38492e-05 0.0375883 
0.00165014 0.015777 0.946012 0.00225584 0.0343048 
5.43537e-06 0.0918333 0.906143 7.61764e-07 0.0020179 
0.157451 0.115483 0.721303 0.00195989 0.00380315 
5.19863e-05 1.46853e-05 0.999823 0.000105636 4.25176e-06 
0.00535208 0.0513059 0.814727 0.127096 0.00151866 
0.000517067 0.00704058 0.992157 1.07304e-06 0.000284717 
0.00865278 0.328269 0.518121 1.2746e-05 0.144945 
0.0587526 0.0866973 0.837868 0.0132692 0.00341302 
0.00260714 0.0639944 0.931997 0.00129219 0.000109552 
0.00415975 0.0347607 0.876753 0.0157774 0.0685497 
0.00246936 0.231072 0.759049 0.00307205 0.00433751 
0.0146276 0.104032 0.869041 0.000280452 0.0120187 
0.00545597 0.0368277 0.948822 0.00289483 0.00599965 
0.0159475 0.00653263 0.944014 0.0326444 0.000861789 
0.253014 0.0967255 0.616611 6.67625e-05 0.0335831 
1.21394e-05 0.0581621 0.939735 3.8314e-09 0.00209107 
0.00948646 0.117767 0.862443 0.00105833 0.0092444 
0.00915486 0.089805 0.881375 0.000629838 0.0190349 
0.0160661 0.0456099 0.9323 0.000716128 0.00530784 
0.0196797 0.0625537 0.874834 0.0367892 0.00614344 
0.000892242 0.0100046 0.958769 0.000448305 0.0298857 
0.00380486 0.373777 0.603502 0.00124412 0.0176717 
0.0160946 0.018609 0.963038 7.969e-05 0.00217861 
0.0041391 0.105009 0.838417 0.0210819 0.0313528 
0.0127795 0.0292858 0.950205 0.00483714 0.00289215 
0.00430154 0.239274 0.753218 0.00224771 0.000959681 
0.236991 0.284577 0.467005 0.000587788 0.0108399 
0.00399039 0.0326563 0.93051 0.00570051 0.0271424 
3.75062e-05 0.0116337 0.975868 0.00016005 0.0123011 
0.0388108 0.439216 0.476183 0.0432209 0.00256929 
3.64609e-08 0.00165973 0.998073 6.41527e-09 0.000267361 
0.00153592 0.0354378 0.836589 0.0715059 0.054931 
0.169457 0.385728 0.443645 1.20126e-05 0.00115799 
3.01617e-05 0.146394 0.8359 6.05647e-06 0.0176704 
0.000574472 0.0127615 0.986618 4.54915e-05 1.61514e-07 
0.000578382 0.0158202 0.935521 0.0468831 0.00119713 
0.0507393 0.100655 0.832784 0.0132417 0.00258063 
0.0108598 0.269982 0.669845 0.000650718 0.0486631 
0.00237817 0.138903 0.832734 0.00041044 0.0255743 
0.0105886 0.110438 0.843613 0.0264473 0.00891398 
0.0953382 0.24009 0.66263 7.89386e-08 0.00194237 
0.00426263 0.179871 0.808559 0.00109165 0.00621507 
0.0431633 0.00667988 0.625395 2.53716e-05 0.324737 
0.0088746 0.0646591 0.895419 0.00815062 0.0228965 
0.00145302 0.00635684 0.827636 0.161188 0.00336624 
0.00463882 0.117001 0.807456 4.47456e-05 0.0708594 
0.172894 0.371618 0.45272 0.00044722 0.00232068 
0.0358627 0.0315985 0.88551 0.0423542 0.00467493 
0.00222603 0.124805 0.851618 3.40707e-05 0.0213164 
0.00426385 0.00359953 0.98384 0.00197443 0.00632242 
0.0212719 0.366317 0.51667 0.00138116 0.0943601 
1.65871e-05 0.179176 0.820357 0.000447909 2.17812e-06 
0.0175211 0.0341492 0.940083 0.00655491 0.00169137 
0.00250837 0.0382028 0.823423 0.100152 0.0357139 
0.214365 0.111896 0.672531 0.000488494 0.0007194 
0.00439691 0.0271566 0.958066 0.00124397 0.0091362 
0.00471533 0.134001 0.82759 0.00530051 0.0283929 
0.0433681 0.0822899 0.527905 0.000219471 0.346218 
0.0124192 0.129519 0.776092 0.0596401 0.0223303 
0.0271787 0.204761 0.764094 9.60255e-05 0.0038709 
2.44372e-06 0.107997 0.891823 5.75307e-09 0.000177533 
0.24358 0.327228 0.36494 0.00161209 0.0626407 
0.0102932 0.365312 0.616629 0.0016214 0.00614419 
0.00280353 0.109427 0.887353 0.000412995 3.11141e-06 
0.000778834 0.00698284 0.984685 0.00570717 0.00184598 
0.00329931 0.0892129 0.832683 0.067899 0.0069062 
0.000809544 0.0109296 0.974042 0.0125073 0.00171131 
6.22897e-05 0.0315477 0.937684 0.0030812 0.0276243 
0.0194239 0.171035 0.808685 0.000635149 0.00022139 
0.0104059 0.0229848 0.966512 8.4961e-05 1.20083e-05 
0.00814199 0.124842 0.838549 0.0255283 0.00293838 
0.00760846 0.113857 0.84157 0.0232058 0.0137584 
5.8808e-10 0.0179592 0.974006 1.64329e-13 0.00803483 
0.0675337 0.164413 0.615862 0.1429 0.00929095 
0.0432136 0.329364 0.588899 0.00716931 0.0313543 
0.119786 0.0441174 0.835321 0.000775454 2.57947e-08 
0.0898103 0.0644119 0.639363 0.0355007 0.170914 
0.000276986 0.0515296 0.899603 0.000153519 0.0484373 
4.97044e-05 0.320867 0.607116 0.000352313 0.0716148 
0.339852 0.277425 0.349965 0.0031097 0.0296492 
0.00659898 0.097793 0.893497 0.00164806 0.000462536 
0.000811523 0.00646331 0.959076 0.0286739 0.00497498 
0.00147153 0.347338 0.56496 0.0849488 0.00128186 
0.0158797 0.0259202 0.946897 0.00810296 0.00320028 
0.00761615 0.0835627 0.891982 0.000324387 0.0165145 
0.0268975 0.0458147 0.910037 0.0167518 0.000499517 
0.2169 0.136516 0.64455 0.00102722 0.00100643 
0.0109406 0.0331152 0.913596 0.028398 0.0139499 
0.437438 0.0380694 0.524448 4.1379e-05 3.20418e-06 
0.0199932 0.0219211 0.948016 0.00821729 0.00185217 
0.000915279 0.0351218 0.916413 0.0369885 0.0105618 
0.000407956 0.0500843 0.901281 7.01759e-05 0.0481566 
0.0114618 0.428143 0.559969 0.000259662 0.000166127 
0.000209246 0.100965 0.886857 0.0110991 0.000870282 
0.0560991 0.348001 0.439414 0.0335147 0.122972 
0.280274 0.0535051 0.639074 0.0244139 0.00273311 
0.231579 0.0443624 0.71535 0.00206846 0.00664012 
0.00391222 0.124014 0.87152 4.89523e-08 0.000552982 
0.0118919 0.259362 0.697266 0.00012433 0.0313563 
0.0431633 0.00667988 0.625395 2.53716e-05 0.324737 
0.000691 0.0294636 0.876894 0.0847628 0.00818885 
0.0129047 0.0273706 0.958116 0.000729831 0.000878554 
0.0512133 0.0801491 0.833893 0.0333115 0.00143287 
0.0508772 0.0690274 0.875871 0.00181742 0.00240739 
0.00803418 0.057796 0.877025 0.00181834 0.0553269 
1.00672e-05 0.100202 0.777911 0.121564 0.000313634 
0.000635444 0.12664 0.85391 0.00729334 0.0115214 
0.365107 0.108044 0.430251 0.00156121 0.095037 
0.0199776 0.0141635 0.965772 8.59124e-06 7.7914e-05 
1.59264e-05 0.0731113 0.821723 7.06732e-05 0.105079 
0.00839049 0.137848 0.570512 0.104865 0.178384 
0.149096 0.218618 0.620137 0.00926103 0.00288882 
0.0210438 0.0609247 0.915818 0.000452958 0.00176071 
0.0634018 0.00535186 0.929427 0.00181538 4.46488e-06 
0.0120149 0.0269555 0.90311 0.00623801 0.0516811 
0.0013869 0.238543 0.756725 0.000292618 0.00305213 
0.243315 0.00994975 0.643981 0.0989981 0.00375602 
9.92207e-05 0.288779 0.705902 1.86702e-10 0.00521997 
1.34353e-06 0.0349742 0.9631 2.36732e-10 0.0019246 
0.00052748 0.0429895 0.941385 0.00967212 0.00542615 
0.00392938 0.00244019 0.990543 0.00296969 0.000117795 
0.195031 0.00396955 0.792403 0.00859564 9.16278e-07 
0.0604298 0.21149 0.691047 0.0114836 0.0255498 
0.0122219 0.0571579 0.895642 0.0152374 0.0197406 
0.169333 0.0289033 0.801757 6.6843e-06 1.90325e-07 
0.018402 0.375853 0.553408 5.6658e-05 0.0522805 
0.000285846 0.000263532 0.99907 0.000263341 0.000117197 
0.0431633 0.00667988 0.625395 2.53716e-05 0.324737 
0.00463388 0.143461 0.74639 0.000702782 0.104812 
0.00553406 0.137731 0.75747 6.2628e-05 0.0992026 
0.0376367 0.0160583 0.928713 0.0132426 0.00434956 
0.00320607 0.0837617 0.840304 0.00109949 0.0716292 
0.00467848 0.310139 0.684079 0.000854423 0.00024893 
0.126593 0.0427524 0.699355 0.125679 0.00561994 
0.00060631 0.0440749 0.932776 0.000385127 0.0221577 
0.000130348 0.096798 0.875683 4.92362e-05 0.0273398 
0.0241634 0.0528389 0.87066 0.0279518 0.0243855 
9.67652e-07 0.133486 0.660913 0.205596 4.29114e-06 
0.0431633 0.00667988 0.625395 2.53716e-05 0.324737 
0.0211166 0.0539445 0.736708 0.186701 0.00152919 
0.00978034 0.0963519 0.886164 0.00127144 0.00643246 
3.91414e-12 0.0342094 0.96579 4.48542e-12 2.45837e-07 
0.0121395 0.0454309 0.881404 0.0152249 0.0458008 
0.00919262 0.240965 0.405136 0.00204204 0.342665 
0.00696419 0.141491 0.764643 0.00619477 0.0807073 
0.372515 0.168367 0.45669 0.00223224 0.000195246 
2.82074e-06 0.0880464 0.907269 5.71323e-07 0.00468151 
0.00344941 0.253753 0.728722 0.000821267 0.0132552 
0.00313602 0.00527325 0.990745 0.00026221 0.000583985 
0.0017852 0.0813293 0.845477 0.000517438 0.0708906 
0.0431633 0.00667988 0.625395 2.53716e-05 0.324737 
0.00122938 0.0364865 0.769553 0.191742 0.000988747 
0.183015 0.249263 0.287836 0.260632 0.019254 
0.00989123 0.470272 0.481719 2.25394e-05 0.0380956 
0.0211166 0.0539445 0.736708 0.186701 0.00152919 
5.85022e-08 0.000402891 0.999597 3.87049e-08 1.26104e-07 
0.205856 0.122059 0.667651 0.00302263 0.00141165 
0.0185444 0.0285554 0.948774 0.00126333 0.00286235 
0.0314116 0.293429 0.614138 0.00254603 0.0584758 
0.00205811 0.101276 0.830387 0.0507988 0.0154802 
0.122401 0.269661 0.597622 0.00349235 0.00682393 
0.000219928 0.124103 0.825225 0.000159956 0.0502922 
6.73254e-05 0.10285 0.895005 0.000928261 0.00114889 
0.00538544 0.0210736 0.932836 0.000202445 0.0405027 
0.0063438 0.0466722 0.924419 0.000474306 0.0220905 
0.0431552 0.0845313 0.850651 0.0144817 0.00718076 
0.000440518 0.0520438 0.931144 0.00654024 0.00983183 
0.0096744 0.41276 0.577205 0.000198924 0.000162493 
0.00165663 0.143405 0.707111 0.0909858 0.0568419 
0.00600001 0.096557 0.894236 0.000727813 0.00247907 
0.000118317 0.122626 0.791042 0.00116938 0.0850435 
0.00204671 0.201297 0.744388 0.000316627 0.0519519 
0.000443709 0.030311 0.9584 0.0105764 0.000269049 
0.0021416 0.130871 0.55576 0.240353 0.0708733 
0.000366371 0.284167 0.672531 0.0278775 0.0150585 
0.0981447 0.0414548 0.836362 0.00520322 0.0188353 
0.00128741 0.00308223 0.994627 2.55397e-09 0.00100309 
0.118726 0.0718128 0.797309 0.000356931 0.0117946 
0.0523247 0.0787198 0.86005 2.50844e-05 0.00888062 
0.00141476 0.102824 0.881117 0.00061143 0.0140327 
0.0705097 0.160833 0.732042 0.000921783 0.0356935 
0.0722582 0.00992051 0.879793 0.00708304 0.030945 
0.0431633 0.00667988 0.625395 2.53716e-05 0.324737 
0.00049293 0.0327616 0.95292 0.0099889 0.00383679 
0.000457508 0.0205906 0.968819 1.74262e-08 0.0101327 
0.279352 0.27241 0.448133 2.27894e-05 8.2002e-05 
0.0027079 0.0199643 0.940682 0.00183748 0.0348084 
0.0633529 0.179732 0.673569 0.0728714 0.010475 
0.131883 0.324797 0.532036 0.00232406 0.00895952 
0.232057 0.244871 0.504416 0.00174572 0.0169108 
9.16572e-06 0.100079 0.890134 2.82704e-05 0.00974911 
0.00559615 0.396778 0.512689 0.082112 0.00282463 
0.368724 0.0482845 0.558828 0.0236752 0.000487859 
0.000559062 0.0331078 0.965951 7.98181e-06 0.000373891 
0.0012069 0.151875 0.79387 9.49654e-05 0.052953 
0.0140019 0.222491 0.401863 0.360911 0.000731968 
0.0981107 0.21586 0.587223 0.0406664 0.0581394 
0.0152845 0.0206832 0.961467 0.00174679 0.000818575 
0.0330853 0.0795906 0.844268 0.000818566 0.0422372 
0.458493 0.0383752 0.499148 0.000159701 0.0038237 
0.0602186 0.067469 0.843329 0.00325462 0.0257287 
0.0102048 0.28701 0.696547 1.16092e-05 0.00622601 
0.00118452 0.0988035 0.881777 4.39321e-05 0.0181914 
0.00107928 0.0184115 0.968355 0.000195277 0.011959 
0.000513605 0.155116 0.790014 0.0200298 0.0343267 
0.0221073 0.0261291 0.853333 0.0808266 0.0176042 
0.0108351 0.0467122 0.905988 0.0301909 0.00627358 
0.000985719 0.0668387 0.895082 0.00309891 0.0339947 
5.52656e-06 0.10282 0.895403 2.52234e-11 0.00177168 
0.00328696 0.0478851 0.923094 0.00559448 0.0201396 
0.00901727 0.158444 0.806794 0.00142575 0.0243187 
0.181591 0.0473545 0.749442 0.00830567 0.0133068 
0.00274151 0.123461 0.864281 0.00108359 0.00843266 
0.00436516 0.0439721 0.934799 0.000437546 0.0164267 
0.0489474 0.0878314 0.861006 0.00184559 0.000369573 
3.86331e-05 0.0626196 0.936963 2.61457e-05 0.000352173 
0.00573799 0.382325 0.599396 4.88585e-06 0.0125369 
0.00695315 0.0643988 0.926533 1.00259e-05 0.00210547 
0.345409 0.23173 0.41658 0.00482883 0.00145115 
0.0016494 0.00720942 0.517775 0.46339 0.00997594 
0.00413534 0.060967 0.934632 1.01194e-07 0.000265207 
0.00127702 0.298431 0.691603 0.00222297 0.00646578 
0.00284357 0.0717836 0.915059 0.00305091 0.00726278 
0.00165014 0.015777 0.946012 0.00225584 0.0343048 
0.000947814 0.109697 0.828932 0.0599915 0.000432152 
0.0327138 0.11049 0.856786 1.61478e-06 8.34897e-06 
0.0186619 0.264464 0.697471 0.000325564 0.0190771 
0.0277039 0.098348 0.827344 0.00217094 0.044433 
0.00809823 0.0772003 0.886738 0.00743283 0.0205306 
0.0864502 0.106676 0.751578 0.0524277 0.00286806 
0.0115087 0.301592 0.577075 0.0744477 0.0353767 
0.0460428 0.404459 0.52188 0.0013062 0.026312 
0.12851 0.378343 0.491263 0.000898268 0.000985133 
0.0336626 0.0585143 0.907043 7.61886e-05 0.000703967 
0.00121475 0.0499627 0.884066 0.03122 0.0335367 
0.0198898 0.418979 0.521319 0.00149197 0.0383202 
5.21377e-05 0.0934309 0.852207 8.73948e-06 0.0543008 
0.000789873 0.233206 0.763433 0.00113216 0.0014392 
0.0136267 0.191373 0.783312 0.000125741 0.0115634 
0.00213864 0.00749858 0.956742 2.07637e-05 0.0335999 
0.00218288 0.0187827 0.927351 4.52181e-05 0.0516379 
0.0560036 0.194835 0.727367 0.000543546 0.0212504 
0.013893 0.0397338 0.932433 1.90493e-05 0.0139215 
0.00121083 0.0199526 0.947502 0.00299387 0.028341 
0.025734 0.067705 0.898869 0.000375235 0.00731666 
0.0530709 0.281645 0.561792 0.0733579 0.0301347 
0.0214425 0.385199 0.443349 0.00911684 0.140893 
0.00052748 0.0429895 0.941385 0.00967212 0.00542615 
0.0174317 0.0108269 0.968809 0.00235872 0.000573871 
5.64985e-07 0.00279015 0.997209 2.91475e-07 1.1255e-08 
0.0964283 0.0341618 0.869365 2.88136e-05 1.58352e-05 
0.00261562 0.140215 0.853698 6.22817e-05 0.00340953 
0.000571948 0.0743841 0.854592 0.00487267 0.0655796 
0.0193428 0.0360397 0.892103 0.0460353 0.00647894 
0.00606967 0.0395258 0.943822 0.000908683 0.0096735 
0.163061 0.242809 0.551018 0.00771492 0.0353971 
0.00332044 0.000389284 0.891051 0.105157 8.21781e-05 
0.01177 0.130427 0.848482 0.000222894 0.00909796 
0.0677513 0.00620373 0.92233 0.00315802 0.000557091 
0.0140155 0.367721 0.414429 0.203688 0.000146363 
4.36242e-08 0.0822289 0.917771 5.05203e-08 4.44022e-07 
0.143708 0.152246 0.689933 0.0114847 0.00262875 
0.000970079 0.0418633 0.894568 0.00036553 0.0622335 
0.0431633 0.00667988 0.625395 2.53716e-05 0.324737 
8.90891e-06 0.000142294 0.999632 6.44196e-05 0.000152715 
0.00688062 0.0623187 0.894354 0.0130976 0.0233492 
0.00162788 0.0572451 0.940219 4.37457e-05 0.000864134 
0.0020541 0.00427131 0.993379 0.000294435 1.5302e-06 
0.00647192 0.0789854 0.89344 0.00481119 0.0162912 
0.0376345 0.438024 0.490445 0.00908391 0.0248131 
0.0251539 0.108761 0.848699 0.00350909 0.0138773 
6.25907e-05 0.320115 0.619933 6.244e-09 0.0598891 
0.000956778 0.00466652 0.604186 0.390063 0.000127431 
0.10974 0.0956831 0.792882 9.20786e-05 0.00160253 
0.00652043 0.174971 0.8183 0.000207267 8.16565e-07 
0.0100963 0.0894791 0.895065 0.000157394 0.0052024 
0.00101861 0.152046 0.805874 4.01666e-05 0.0410213 
0.00663388 0.062376 0.556817 0.343662 0.0305116 
0.00346496 0.299114 0.695284 8.58447e-05 0.00205135 
0.00890101 0.00336894 0.987461 0.000268741 1.4693e-08 
0.0187307 0.0469485 0.884436 0.0233665 0.0265182 
0.322417 0.17146 0.498843 0.000730959 0.00654879 
3.86331e-05 0.0626196 0.936963 2.61457e-05 0.000352173 
0.0158376 0.00185486 0.980843 0.00112369 0.000340682 
0.00869953 0.0820231 0.8933 2.62019e-05 0.0159507 
0.0180781 0.0946159 0.880826 2.0834e-06 0.00647786 
0.00448797 0.0518731 0.912833 0.0152316 0.0155741 
0.00298409 0.124569 0.804772 2.06327e-05 0.0676547 
0.0431633 0.00667988 0.625395 2.53716e-05 0.324737 
0.000164249 0.034373 0.959341 0.00517927 0.00094261 
0.0321671 0.0537004 0.876138 0.00975083 0.0282438 
0.0120392 0.0820801 0.904839 0.000144645 0.000897426 
0.188034 0.0792365 0.696045 0.0359054 0.00077939 
0.00836223 0.182756 0.773515 0.00211576 0.0332514 
0.00820537 0.332926 0.595588 7.64509e-05 0.0632047 
0.0057388 0.05226 0.670107 0.00499321 0.266901 
0.00122592 0.0593845 0.935186 0.000666636 0.00353737 
0.00288771 0.0773446 0.901624 0.000408248 0.0177358 
0.0065151 0.0502151 0.882661 2.28977e-05 0.0605863 
0.000196873 0.000513017 0.973752 0.0233424 0.00219619 
0.0175161 0.206143 0.775779 3.07595e-05 0.000531791 
2.88537e-06 0.0379323 0.96119 2.76804e-06 0.000872339 
0.00116034 0.0501146 0.881286 0.0648589 0.00258012 
0.00935921 0.069156 0.499632 0.409641 0.0122115 
0.063491 0.0815961 0.795136 0.00101572 0.0587613 
0.0064783 0.0278271 0.926203 1.58574e-05 0.0394758 
0.000275425 0.00479749 0.989209 4.885e-05 0.00566878 
0.377568 0.0460624 0.574667 1.57297e-05 0.00168716 
0.0214453 0.198686 0.732684 0.0278775 0.019307 
0.006019 0.103437 0.873089 0.00447258 0.0129823 
0.00312902 0.0785097 0.864076 0.0452861 0.00899956 
0.00813786 0.110376 0.830763 0.020298 0.0304254 
0.134948 0.127101 0.688281 0.00686057 0.0428095 
0.153616 0.0838145 0.762514 2.79242e-05 2.79262e-05 
0.0117311 0.288252 0.688927 0.0016993 0.00939076 
0.0843514 0.388324 0.493002 0.0129696 0.0213533 
0.0311162 0.46351 0.490114 0.00204204 0.0132174 
0.0456996 0.0337899 0.86825 0.0268477 0.025413 
0.0018446 0.0360978 0.922361 0.009682 0.030015 
0.0122233 0.119678 0.862482 0.00385504 0.00176177 
0.0569248 0.133548 0.765375 0.0159529 0.0282001 
0.000110793 0.207032 0.785934 2.65502e-06 0.00692041 
0.001316 0.175382 0.702449 0.0988331 0.0220197 
0.0678412 0.137639 0.704724 0.0025408 0.0872549 
0.00373354 0.126654 0.693385 0.0272838 0.148943 
0.0567685 0.444775 0.454713 0.000307456 0.0434365 
0.00514359 0.243912 0.537812 2.12014e-05 0.21311 
0.0298577 0.214774 0.66832 0.00592456 0.0811238 
0.21418 0.165766 0.612655 0.00316545 0.00423412 
0.0431633 0.00667988 0.625395 2.53716e-05 0.324737 
0.0489382 0.108838 0.768977 0.0722329 0.001014 
0.0467168 0.297298 0.633075 0.000587473 0.0223227 
0.281659 0.168619 0.548435 0.000139394 0.00114772 
0.00936656 0.485876 0.495521 0.000327977 0.00890845 
0.114115 0.0211903 0.8295 1.54253e-05 0.03518 
0.237073 0.255534 0.507311 6.24876e-05 1.98674e-05 
0.000809514 0.0908151 0.908147 0.000228644 1.58928e-07 
2.32383e-08 0.00276363 0.996885 2.0021e-12 0.000351236 
0.0090378 0.107436 0.883065 5.2946e-05 0.000408112 
0.271146 0.0376215 0.437158 0.24828 0.00579415 
0.049842 0.208369 0.728754 0.000829494 0.0122057 
0.00329532 0.0411536 0.948384 0.00495464 0.00221222 
0.00733572 0.24149 0.504634 7.03553e-05 0.24647 
0.0096744 0.41276 0.577205 0.000198924 0.000162493 
0.0252519 0.00135796 0.954538 3.42932e-11 0.0188518 
0.0470101 0.112657 0.836034 9.6616e-05 0.00420246 
0.00833073 0.0649124 0.913095 0.00014706 0.0135152 
0.0136952 0.120127 0.847152 0.000326056 0.0187001 
0.00197691 0.0157976 0.974086 0.00312021 0.00501963 
0.040714 0.142498 0.810441 0.00192202 0.00442514 
3.86331e-05 0.0626196 0.936963 2.61457e-05 0.000352173 
0.00302807 0.058252 0.936492 1.37331e-05 0.00221381 
0.00841804 0.0619551 0.851818 0.000203982 0.0776051 
0.0431633 0.00667988 0.625395 2.53716e-05 0.324737 
0.0159578 0.138346 0.666893 0.0279873 0.150815 
8.37911e-07 0.085992 0.901424 0.0122827 0.000300189 
0.000441208 0.138571 0.854791 0.000391575 0.00580452 
0.00977839 0.30773 0.679607 0.00065158 0.00223277 
0.0172734 0.00206896 0.980527 0.000110019 2.05193e-05 
0.0915087 0.155464 0.732178 0.00109741 0.0197513 
0.000871489 0.00292154 0.99571 0.000155435 0.000341371 
0.330119 0.0531911 0.61644 9.55148e-05 0.000154352 
0.0320204 0.0539063 0.873226 0.0157881 0.0250586 
0.000118567 0.257189 0.637996 0.00953332 0.0951628 
0.000272735 0.0419691 0.921897 0.000243765 0.0356177 
0.0187711 0.208329 0.722421 0.0386565 0.0118232 
0.245626 0.127634 0.612771 0.011118 0.00285077 
0.0748002 0.0997244 0.821094 0.00370615 0.000675014 
0.366376 0.15619 0.474296 0.00313694 8.04192e-07 
0.00303594 0.129007 0.853615 0.000265749 0.0140761 
3.3901e-06 0.0843292 0.877778 1.35707e-05 0.0378762 
0.326683 0.273706 0.384557 0.00156884 0.0134853 
0.124962 0.152381 0.700256 0.0116706 0.0107308 
0.119786 0.0441174 0.835321 0.000775454 2.57947e-08 
0.223042 0.232546 0.311468 0.218359 0.0145853 
2.97185e-05 0.112547 0.82413 1.97222e-09 0.0632929 
0.00298268 0.0261819 0.969635 3.72831e-05 0.00116343 
0.00800145 0.404986 0.565537 0.000557569 0.0209182 
0.00683058 0.0186952 0.970517 0.000933378 0.00302386 
0.00382198 0.00344467 0.988278 0.000253761 0.00420163 
0.0203967 0.0595508 0.91125 7.17131e-05 0.00873095 
0.00925718 0.0218231 0.93342 0.00963621 0.0258635 
0.0017105 0.124057 0.862806 0.000169869 0.0112573 
0.0386991 0.338297 0.557585 0.0169898 0.0484293 
0.0470407 0.0391269 0.912767 0.00106253 3.13514e-06 
0.188034 0.0792365 0.696045 0.0359054 0.00077939 
0.315001 0.234435 0.444582 0.00419048 0.00179132 
0.00564127 0.089245 0.840418 0.000392892 0.064303 
0.000945057 0.0547491 0.892673 0.0214694 0.030164 
0.000865558 0.123381 0.748625 6.11578e-05 0.127067 
0.00254218 0.00275495 0.993364 0.000223142 0.00111527 
0.00536657 0.0221365 0.963308 0.00651917 0.00267009 
0.000591843 0.235791 0.705599 0.000307737 0.0577111 
2.44267e-05 0.0825066 0.917469 5.54283e-10 3.83087e-10 
3.79816e-07 0.217159 0.781623 1.25647e-08 0.00121776 
0.00241446 0.0565938 0.934159 6.66193e-05 0.00676617 
3.42195e-07 0.103586 0.872532 1.27791e-05 0.0238684 
0.0619247 0.134408 0.802118 0.000293406 0.00125593 
0.0249379 0.247056 0.694634 0.00497617 0.0283957 
0.00214262 0.104359 0.890132 4.06459e-05 0.00332479 
0.00250191 0.103756 0.824794 0.000193664 0.0687551 
0.0222132 0.120325 0.735179 0.10318 0.0191027 
0.0149354 0.155583 0.494643 0.330469 0.00437033 
0.00417564 0.0126898 0.976894 0.000210498 0.00603048 
0.0064635 0.42241 0.534128 0.000173151 0.0368255 
0.265567 0.029113 0.641508 0.0603615 0.00345024 
0.000789873 0.233206 0.763433 0.00113216 0.0014392 
0.0010284 0.0985251 0.85486 0.00554606 0.0400404 
0.107815 0.0964542 0.795451 0.000244529 3.58088e-05 
0.00969844 0.0357453 0.946985 8.02559e-05 0.00749051 
0.0020525 0.00287856 0.994377 0.000542998 0.0001486 
0.00118319 0.0211979 0.800033 0.168825 0.0087616 
0.00493043 0.216596 0.640213 2.59417e-05 0.138234 
0.00318033 0.0131609 0.977247 0.00174919 0.00466218 
0.037101 0.0470664 0.911813 0.000202735 0.00381645 
0.0431633 0.00667988 0.625395 2.53716e-05 0.324737 
0.318397 0.169196 0.420245 0.0405781 0.0515841 
0.00563727 0.0704167 0.923944 9.55281e-07 9.55346e-07 
0.00240684 0.0211866 0.878908 0.000596146 0.0969029 
0.0619448 0.374995 0.559674 0.00106452 0.00232141 
0.00517377 0.101162 0.880838 0.00123799 0.0115875 
0.0992601 0.18676 0.691224 0.00325135 0.019505 
0.0367312 0.228214 0.707888 0.000535431 0.026631 
0.0054054 0.0380157 0.947829 0.00697052 0.00177977 
0.173036 0.28005 0.53955 0.000312973 0.00705093 
0.0251965 0.0693829 0.8814 0.00521924 0.0188016 
6.61993e-07 0.00151653 0.992756 0.00530857 0.00041825 
0.0863715 0.0645003 0.847229 0.000918131 0.000981518 
0.134367 0.406578 0.417043 0.0113799 0.0306322 
0.193853 0.291485 0.510743 0.0024446 0.00147398 
0.0195327 0.0560932 0.49934 0.407421 0.0176132 
0.00078202 0.139617 0.686327 8.11419e-05 0.173193 
0.121911 0.397925 0.470593 0.000152759 0.00941906 
0.007228 0.0401133 0.949014 0.00362547 1.91235e-05 
0.0196014 0.17232 0.693875 0.113257 0.000947254 
9.33895e-05 0.464587 0.508883 2.90655e-05 0.0264077 
0.000173484 0.0457338 0.940273 0.000181655 0.0136382 
1.18039e-05 0.0327915 0.895476 3.67435e-06 0.0717171 
0.146982 0.257947 0.491111 0.00343852 0.100522 
0.127055 0.0331951 0.833662 0.00572677 0.000360608 
0.00129274 0.0109628 0.894338 0.0882351 0.00517147 
0.000701388 0.123643 0.841609 0.0118952 0.0221508 
0.0251838 0.0800342 0.863342 0.00607628 0.0253641 
0.000279855 0.25473 0.732513 0.000277002 0.0121994 
0.179738 0.0862964 0.532099 0.000707816 0.201159 
0.285862 0.00310291 0.709032 0.000250915 0.00175247 
0.300603 0.105821 0.591476 0.00209816 2.4082e-06 
0.000915279 0.0351218 0.916413 0.0369885 0.0105618 
0.0458138 0.0449821 0.890994 0.0179231 0.000287184 
0.000727304 0.0787128 0.920289 4.65882e-05 0.000223866 
0.0184521 0.0756094 0.876148 0.00944458 0.0203459 
0.153515 0.0231707 0.702181 0.00117786 0.119955 
0.000745824 0.278425 0.720548 6.61285e-05 0.000215048 
0.0532566 0.0324818 0.760825 0.0312669 0.12217 
0.00105081 0.108009 0.884229 0.00016245 0.00654902 
0.00334127 0.15064 0.801025 0.000296084 0.0446969 
0.00322991 0.0671916 0.760843 0.0849156 0.0838195 
0.031133 0.0120104 0.956268 2.54843e-07 0.000587971 
0.00187142 0.126821 0.85931 0.00819921 0.00379843 
0.00407343 0.0556472 0.899943 0.0389806 0.00135608 
0.0101438 0.0201212 0.908555 0.045811 0.0153691 
0.0342057 0.0690312 0.869631 0.0186068 0.00852527 
0.00194613 0.0181203 0.979722 7.2479e-05 0.00013946 
0.00515951 0.0249416 0.950747 0.000198967 0.0189527 
0.00471168 0.00973007 0.971643 2.26012e-06 0.0139127 
0.00820346 0.31825 0.673451 4.95383e-11 9.58061e-05 
0.0431633 0.00667988 0.625395 2.53716e-05 0.324737 
0.000915015 0.00078275 0.974035 0.0236051 0.000661807 
0.0013631 0.0505516 0.493534 0.185865 0.268686 
0.00143007 0.0947761 0.899097 0.00048724 0.0042098 
7.68589e-07 0.0587724 0.940024 1.0467e-07 0.00120263 
0.00318033 0.0131609 0.977247 0.00174919 0.00466218 
0.00170955 0.0755247 0.919017 6.12932e-05 0.00368776 
0.00908665 0.137201 0.82031 0.0048117 0.0285911 
0.0128228 0.250156 0.693028 0.000111008 0.0438819 
0.00199111 0.0475585 0.839008 0.0949006 0.016542 
0.105435 0.0524397 0.823623 0.000951383 0.0175503 
0.0407969 0.0172674 0.895458 0.0350475 0.0114307 
0.0781686 0.00873432 0.906013 0.00109912 0.0059845 
0.00423432 0.107673 0.838851 0.0255138 0.0237289 
0.0152583 0.00282403 0.97746 0.00186898 0.00258839 
0.0453377 0.322376 0.630161 0.00121385 0.000911588 
0.000141488 0.000230474 0.996621 4.57053e-05 0.00296098 
0.0431633 0.00667988 0.625395 2.53716e-05 0.324737 
0.320743 0.0733323 0.597343 0.000376783 0.00820425 
0.00117928 0.0381216 0.923289 0.0260269 0.0113835 
0.00611446 0.00159699 0.992285 1.93755e-06 1.33912e-06 
0.139057 0.0465319 0.813465 0.000820995 0.000124493 
0.000788131 0.00720672 0.988559 0.000157566 0.00328877 
0.000808667 0.023846 0.971164 0.00144526 0.00273589 
0.000232805 0.0691855 0.929287 0.000141077 0.00115368 
0.000575801 0.453861 0.541133 1.91641e-05 0.00441115 
0.000466607 0.172497 0.820357 0.000138863 0.00654007 
0.00284025 0.0147708 0.909442 0.0670804 0.00586698 
0.00483748 0.0353247 0.908621 0.00761812 0.0435989 
0.0172687 0.145927 0.827386 0.00508054 0.00433761 
0.0125802 0.288452 0.614175 0.00817678 0.0766156 
0.0084472 0.00227582 0.976832 0.0124428 2.44398e-06 
0.420081 0.00922653 0.570692 4.11718e-07 1.53463e-09 
1.32431e-05 0.209806 0.790156 2.00084e-06 2.2721e-05 
0.0149288 0.102657 0.810902 0.0308489 0.0406628 
0.0276967 0.0364983 0.82071 0.114898 0.000197867 
0.114336 0.0562549 0.814902 0.00823446 0.00627286 
0.0809521 0.246771 0.636952 0.000112425 0.0352119 
0.00408566 0.000980354 0.879741 0.115144 4.91408e-05 
0.0027682 0.00536858 0.991265 0.000312054 0.000285977 
7.18835e-05 0.0138669 0.986061 3.42205e-08 9.09307e-12 
0.000501117 0.126399 0.848779 0.0084981 0.0158228 
0.069426 0.265808 0.661869 0.000302882 0.00259428 
0.144801 0.209213 0.645981 2.54471e-06 2.54488e-06 
0.000114118 0.043628 0.920112 4.99177e-06 0.0361412 
0.163747 0.353443 0.388337 0.0826915 0.0117809 
0.000616105 0.0691817 0.87626 0.0500406 0.00390114 
0.118191 0.119759 0.703046 0.00670246 0.0523016 
0.00791337 0.0667444 0.883514 0.00356349 0.0382643 
0.0431633 0.00667988 0.625395 2.53716e-05 0.324737 
0.000899435 0.0663294 0.928836 0.000870699 0.00306443 
0.159679 0.122909 0.495905 1.58627e-07 0.221507 
0.0211166 0.0539445 0.736708 0.186701 0.00152919 
0.000754137 0.0881893 0.870001 0.0398591 0.00119658 
2.85116e-09 0.00351933 0.971333 1.33493e-09 0.0251477 
1.65587e-10 0.00456214 0.995353 9.54199e-13 8.48875e-05 
0.000423003 0.200736 0.795865 1.18642e-05 0.00296348 
0.0136003 0.00896987 0.975394 2.24159e-05 0.00201356 
0.0265909 0.197196 0.765245 0.000149029 0.0108182 
0.046061 0.10087 0.513129 0.264317 0.075623 
0.0431633 0.00667988 0.625395 2.53716e-05 0.324737 
0.0211166 0.0539445 0.736708 0.186701 0.00152919 
0.0168459 0.0237223 0.950044 0.000145307 0.00924205 
0.00165555 0.041559 0.939262 0.0139291 0.00359403 
0.00971484 0.193004 0.78874 0.000182337 0.00835884 
0.0348814 0.0710677 0.875023 0.00189044 0.0171372 
0.0224414 0.422791 0.530761 0.00142032 0.0225864 
0.137606 0.0887142 0.771251 0.000459799 0.00196911 
3.79816e-07 0.217159 0.781623 1.25647e-08 0.00121776 
0.00136413 0.0933003 0.764494 0.0460089 0.0948327 
0.00190907 0.00922575 0.987192 1.61896e-05 0.00165674 
0.00596633 0.0172829 0.969341 2.01175e-07 0.00740956 
0.482019 0.00364916 0.504221 0.0100635 4.68139e-05 
0.112396 0.035027 0.831 0.0200666 0.00151058 
0.0263325 0.00957129 0.884243 0.0668479 0.013005 
0.378822 0.0770212 0.521426 0.00120142 0.021529 
0.000187473 0.0192903 0.951755 0.0280398 0.000727899 
0.0369009 0.164896 0.735919 0.0219027 0.0403813 
0.0337939 0.0981325 0.802293 0.0409801 0.0248005 
0.436385 0.00797494 0.549548 0.00599272 9.98279e-05 
0.00222833 0.0771186 0.901471 0.00360678 0.0155748 
0.00252208 0.0566095 0.925723 0.0025966 0.0125486 
0.0208675 0.137535 0.799221 0.0249103 0.0174664 
0.384075 0.20229 0.411437 0.000127523 0.00207028 
0.00127108 0.0248476 0.973668 1.51469e-05 0.000197697 
0.000222696 0.0667996 0.900484 0.000462753 0.0320312 
0.294422 0.227482 0.435623 0.00129074 0.0411831 
0.23937 0.0543028 0.664872 0.0021831 0.0392714 
0.31476 0.173838 0.478495 0.00883084 0.0240763 
0.00533471 0.0162479 0.849746 0.000335917 0.128335 
0.0648785 0.0726887 0.678504 0.0259204 0.158009 
0.00248035 0.0470706 0.930859 0.000100259 0.0194894 
0.00296195 0.0227182 0.932153 0.00585976 0.0363076 
0.0185483 0.0903938 0.85665 0.00993203 0.0244762 
0.0269604 0.0574647 0.749359 0.00440869 0.161808 
0.0145378 0.0757868 0.902524 0.000985217 0.00616592 
0.00335545 0.126716 0.819818 0.000550218 0.04956 
0.00964624 0.0186276 0.92271 0.0320231 0.0169928 
0.00377702 0.00752255 0.985919 0.000340737 0.0024406 
0.000999446 0.0248978 0.812403 0.147744 0.0139565 
0.0403924 0.00401616 0.954982 1.27372e-06 0.000608523 
0.000935625 0.0329048 0.911962 0.0533741 0.000823481 
0.00871047 0.166231 0.800266 4.89655e-06 0.0247876 
0.0565907 0.021278 0.790748 0.124609 0.00677431 
0.0431633 0.00667988 0.625395 2.53716e-05 0.324737 
0.0025746 0.0614449 0.883763 0.00581558 0.0464019 
0.00088678 0.0095571 0.987267 0.00112002 0.00116934 
0.0431633 0.00667988 0.625395 2.53716e-05 0.324737 
0.0184232 0.0696937 0.895702 0.0044998 0.0116817 
0.042306 0.298265 0.500976 0.0200492 0.138404 
0.00974484 0.00171769 0.987955 0.000530091 5.21532e-05 
0.00739133 0.231731 0.749905 0.0022063 0.00876593 
0.0286136 0.154187 0.711183 0.00821465 0.0978016 
0.369178 0.229089 0.388124 0.000614465 0.012995 
0.0777624 0.418466 0.487398 0.0118155 0.00455873 
0.0860731 0.225309 0.672112 0.00152213 0.0149832 
0.0201869 0.101032 0.865933 0.00147591 0.0113725 
0.00112792 0.0231851 0.956208 0.00823132 0.0112477 
0.00247865 0.00717589 0.959135 0.000302103 0.0309084 
0.000153868 0.0165755 0.962941 0.0189581 0.00137126 
0.0076912 0.0099759 0.981665 0.000284991 0.000382899 
0.0164086 0.182564 0.770652 0.00429469 0.0260811 
1.59454e-05 0.0286618 0.969955 0.000131194 0.00123597 
5.8808e-10 0.0179592 0.974006 1.64329e-13 0.00803483 
0.10974 0.0956831 0.792882 9.20786e-05 0.00160253 
0.0040402 0.0610034 0.932271 0.00214571 0.000539887 
0.00935921 0.069156 0.499632 0.409641 0.0122115 
0.214163 0.0444818 0.740511 0.000757312 8.65381e-05 
0.0474773 0.311973 0.579169 9.44958e-05 0.0612854 
0.00246643 0.11414 0.842463 0.00292349 0.0380068 
0.0283891 0.0219135 0.856232 0.0676043 0.0258615 
0.000109222 0.000677005 0.996092 0.000427397 0.00269469 
0.00439348 0.0432074 0.88134 0.000721799 0.0703369 
1.16181e-06 0.00245121 0.997547 5.48173e-07 1.26922e-07 
0.330085 0.0466032 0.616366 0.000297775 0.00664784 
0.00131774 0.0902269 0.857891 0.00316051 0.0474038 
0.0992903 0.0541169 0.820068 0.00247238 0.0240528 
0.0233356 0.141991 0.834673 1.79095e-07 8.10682e-07 
0.0162197 0.0410555 0.917906 0.00903441 0.0157844 
0.170698 0.122789 0.692279 0.00112634 0.013108 
0.000726763 0.00918266 0.982694 0.00417622 0.00322008 
0.000892242 0.0100046 0.958769 0.000448305 0.0298857 
0.0107261 0.0334196 0.928948 0.0124176 0.0144887 
0.0777624 0.418466 0.487398 0.0118155 0.00455873 
0.00538854 0.0237427 0.958007 0.00144982 0.0114119 
0.327996 0.127285 0.43521 0.104385 0.00512448 
0.00512189 0.00619343 0.978419 3.18725e-05 0.0102335 
0.00493043 0.216596 0.640213 2.59417e-05 0.138234 
0.0349203 0.0250714 0.928644 7.40239e-05 0.0112904 
0.00345523 0.0474903 0.926868 0.0201505 0.00203599 
0.0136731 0.0649911 0.883144 0.0341219 0.00407022 
0.240044 0.0284029 0.730862 0.000678283 1.24365e-05 
0.194986 0.0819528 0.720228 0.00128711 0.00154604 
0.0728969 0.433845 0.438199 0.000618846 0.0544409 
0.00658291 0.024412 0.956946 0.00543416 0.00662456 
0.159714 0.198675 0.588098 0.00769057 0.0458227 
0.0452436 0.0999534 0.614738 0.234519 0.00554637 
6.75177e-05 0.0514482 0.929349 0.00070103 0.018434 
0.0638779 0.0512466 0.863536 0.0173859 0.00395404 
0.000404793 0.0395652 0.930379 4.1426e-05 0.02961 
0.00106559 0.154607 0.843426 1.03794e-09 0.00090155 
0.0774014 0.190256 0.729794 1.88669e-05 0.0025294 
0.000412935 0.0623366 0.907204 0.0202608 0.00978599 
0.0915076 0.0115178 0.895427 6.91807e-05 0.00147826 
0.00173709 0.00944572 0.927497 0.0313478 0.0299727 
0.00387154 0.451885 0.452815 6.76791e-05 0.0913608 
0.00265125 0.0550562 0.809854 0.127894 0.00454524 
0.0004184 0.158569 0.665705 4.22031e-06 0.175303 
0.125361 0.087869 0.50863 0.0458939 0.232246 
0.0035423 0.036492 0.918586 0.000961343 0.0404185 
0.00356877 0.132874 0.862521 0.000445168 0.000591337 
0.111525 0.34064 0.514339 0.00811265 0.0253835 
0.0431633 0.00667988 0.625395 2.53716e-05 0.324737 
0.00529992 0.0372922 0.93191 0.0239329 0.00156499 
0.00567237 0.0672561 0.906336 0.00212662 0.0186092 
0.024025 0.0554253 0.903446 0.00223613 0.014868 
0.00146505 0.290252 0.707206 4.71692e-07 0.00107637 
7.33283e-05 0.0445413 0.900971 3.87064e-06 0.0544109 
0.00388893 0.109881 0.803631 0.0448398 0.0377599 
0.00309623 0.0608811 0.885994 0.0152337 0.0347949 
0.00362159 0.0131776 0.960756 0.0214127 0.00103246 
0.0212287 0.138207 0.808578 0.0134908 0.018495 
0.0124254 0.14351 0.822645 0.00223529 0.0191849 
0.0755876 0.0157541 0.905402 0.00319417 6.23281e-05 
0.0865058 0.107866 0.802716 0.000164329 0.00274855 
0.0071002 0.0409918 0.944603 0.00584151 0.0014638 
0.000109222 0.000677005 0.996092 0.000427397 0.00269469 
0.227996 0.00360408 0.766486 0.00163579 0.000278686 
0.000173484 0.0457338 0.940273 0.000181655 0.0136382 
0.00220792 0.000773708 0.996832 0.000158407 2.76784e-05 
0.00740702 0.0354297 0.837965 0.0366126 0.0825856 
0.0655435 0.0394745 0.821554 0.000107292 0.0733205 
0.0182611 0.10167 0.878278 9.65876e-06 0.00178131 
0.0104387 0.0383654 0.873853 0.00159426 0.0757485 
0.00183021 0.00835769 0.988544 0.00010484 0.00116295 
7.37994e-06 0.273364 0.726626 6.43421e-07 1.84478e-06 
0.0314116 0.293429 0.614138 0.00254603 0.0584758 
9.29674e-05 0.0484846 0.94206 9.73427e-05 0.00926537 
0.00198024 0.000233611 0.900019 0.0529939 0.044773 
0.0222456 0.347796 0.609642 0.000395349 0.0199204 
0.160617 0.119024 0.695757 0.000432813 0.0241698 
0.0508467 0.289377 0.648482 0.00012987 0.0111643 
1.59264e-05 0.0731113 0.821723 7.06732e-05 0.105079 
0.0513316 0.453025 0.457711 0.0303494 0.00758236 
0.00209366 0.0123391 0.897987 0.0763606 0.0112195 
7.06589e-09 0.077395 0.919307 0.00304779 0.000250244 
0.399993 0.161964 0.436304 0.00137489 0.000364937 
0.0129057 0.0980958 0.859555 0.00524794 0.0241957 
0.343747 0.170831 0.434938 0.000288551 0.0501952 
0.322506 0.0613727 0.570629 0.00128612 0.0442063 
0.00300634 0.0390157 0.92237 0.0226809 0.0129273 
0.232168 0.03283 0.70774 0.00348012 0.0237815 
0.00920501 0.0142217 0.96978 0.00306302 0.00373074 
0.0424423 0.218303 0.727567 0.00672923 0.00495865 
0.254871 0.138424 0.6037 0.000646698 0.00235714 
0.00361937 0.355803 0.58892 0.036561 0.0150959 
0.0211166 0.0539445 0.736708 0.186701 0.00152919 
0.00475095 0.00199189 0.987846 0.000139464 0.00527144 
0.29409 0.31549 0.382445 0.00297676 0.00499848 
0.00731073 0.12987 0.573679 1.81547e-05 0.289123 
0.00120709 0.231597 0.765245 1.51791e-07 0.00195056 
0.222074 0.116412 0.627165 0.0113695 0.0229788 
0.0288045 0.00191338 0.968634 1.08809e-05 0.000636875 
0.00575302 0.248313 0.557163 0.00776044 0.181011 
0.00033276 0.021889 0.946064 1.71844e-09 0.0317146 
0.0266008 0.168051 0.602855 0.170576 0.0319169 
0.00409607 0.000976004 0.991804 8.88066e-06 0.00311503 
0.0114805 0.0564303 0.903619 0.00176511 0.026705 
0.00507029 0.40178 0.528868 0.0163642 0.047918 
0.0168459 0.0237223 0.950044 0.000145307 0.00924205 
0.0127028 0.198508 0.77666 0.0074065 0.00472217 
0.0223792 0.0495493 0.925945 3.96601e-05 0.00208686 
0.174708 0.110982 0.713892 0.000125201 0.000293003 
0.0310927 0.118014 0.774216 0.0634307 0.013247 
0.0109669 0.0800211 0.863959 0.0294618 0.0155911 
0.047265 0.0386062 0.782894 0.11196 0.0192745 
0.000705587 0.0461606 0.952661 0.000227339 0.00024572 
0.00819687 0.0161366 0.942754 0.0319182 0.000994502 
0.00642177 0.125854 0.808768 0.000729067 0.0582278 
0.00248015 0.111582 0.872856 5.14865e-05 0.0130307 
0.258234 0.078388 0.627722 0.0290943 0.00656099 
0.00124113 0.0798872 0.918347 7.07853e-06 0.000517366 
0.13699 0.124084 0.732148 0.000390104 0.00638816 
0.00413193 0.275395 0.718743 0.00162846 0.000101586 
0.0227799 0.0373422 0.920353 0.0189288 0.000596447 
0.0141635 0.261629 0.680611 0.000701906 0.0428945 
1.12465e-05 0.274379 0.445543 0.000514905 0.279552 
0.00434833 0.0172113 0.958005 2.31574e-05 0.0204125 
0.170927 0.203589 0.609211 0.000288553 0.0159852 
0.00129613 0.0151563 0.679277 0.265179 0.039092 
0.100382 0.239804 0.649128 0.000472853 0.010213 
0.00518992 0.0661158 0.751157 0.170139 0.00739831 
0.00966815 0.0742787 0.909899 0.000271157 0.00588347 
0.154053 0.186992 0.630511 0.00082852 0.0276155 
0.0415671 0.0696719 0.888655 0.000103821 2.08353e-06 
0.0135293 0.102722 0.875208 0.00851604 2.51203e-05 
0.00320157 0.0336952 0.913773 0.0490196 0.000310959 
0.00270287 0.035406 0.919298 3.16559e-05 0.0425617 
4.29203e-08 0.21994 0.780002 5.75733e-05 3.07859e-07 
0.0057388 0.05226 0.670107 0.00499321 0.266901 
0.00391611 0.04956 0.945714 1.13694e-05 0.000798298 
0.00580027 0.135919 0.85375 0.000102999 0.00442742 
0.0096744 0.41276 0.577205 0.000198924 0.000162493 
0.000267355 0.160138 0.818718 0.000100485 0.020776 
0.00329532 0.0411536 0.948384 0.00495464 0.00221222 
0.000354689 0.265505 0.73261 0.000570131 0.000960344 
0.0564758 0.150123 0.78477 0.00223023 0.00640068 
0.00214544 0.104216 0.699515 0.152117 0.0420062 
0.0123909 0.0312935 0.860611 0.0632162 0.0324886 
0.186877 0.328962 0.478378 0.000981139 0.00480297 
0.000456028 0.000660573 0.976183 0.0215779 0.00112297 
0.0358067 0.0769328 0.871771 0.000151477 0.015338 
1.95998e-05 0.0499853 0.949851 3.86398e-08 0.000144429 
0.0581137 0.455683 0.483223 3.71408e-06 0.0029765 
0.0871838 0.00989578 0.862518 0.0289229 0.0114791 
0.0173156 0.261439 0.653825 0.000128654 0.0672919 
0.0205818 0.0938127 0.845817 0.00415893 0.0356294 
0.221821 0.291356 0.418778 0.0622549 0.00578979 
0.0256847 0.0835356 0.890298 6.08065e-06 0.00047572 
0.199987 0.200015 0.200022 0.199981 0.199995 
0.0513695 0.157254 0.466141 0.302104 0.0231321 
0.19187 0.276145 0.515343 5.13207e-05 0.0165903 
0.108862 0.207727 0.602613 0.000698253 0.0800995 
0.0431633 0.00667988 0.625395 2.53716e-05 0.324737 
0.024764 0.261497 0.628215 0.065166 0.0203583 
0.000945486 0.0208573 0.952004 1.62411e-05 0.0261765 
0.00142621 0.145268 0.805297 0.00340818 0.0446015 
0.00839799 0.0711169 0.868921 5.99549e-05 0.0515042 
0.0115128 0.0168926 0.921255 0.0496884 0.000651027 
0.0361761 0.0713109 0.887753 0.000522838 0.00423717 
0.00112526 0.177576 0.75577 3.77047e-05 0.0654912 
0.0808189 0.0940984 0.753463 0.0353192 0.0363005 
0.0503499 0.359087 0.564196 0.000467212 0.0258992 
0.0360624 0.0608378 0.853743 0.0492915 6.56538e-05 
0.00463882 0.117001 0.807456 4.47456e-05 0.0708594 
0.00106082 0.0357794 0.925728 0.0363288 0.00110292 
0.00180999 0.0574131 0.850995 0.0271192 0.0626626 
