7.8861e-05 0.163412 0.835022 1.14145e-05 0.00147589 
0.00758605 0.135912 0.802133 0.00131338 0.0530552 
0.0413383 0.198788 0.639789 0.0321456 0.0879398 
0.0172757 0.0327275 0.949804 9.0319e-05 0.000102867 
0.0725583 0.07629 0.821207 0.00712325 0.0228213 
0.00211456 0.0759339 0.866871 0.00687848 0.0482021 
0.0140426 0.0233183 0.580528 0.335453 0.046658 
0.00266093 0.113612 0.876805 2.72736e-05 0.00689464 
0.0489475 0.0141843 0.933247 0.0033743 0.000246914 
0.309073 0.243585 0.441768 0.00455066 0.00102338 
0.0130597 0.091458 0.712248 0.115978 0.0672567 
0.00167833 0.00151704 0.994292 9.65244e-05 0.00241595 
0.0632782 0.0920981 0.587152 0.257431 4.008e-05 
0.00253448 0.104135 0.892665 9.83534e-08 0.000665242 
0.0277965 0.0330855 0.911692 0.0121385 0.0152876 
0.0431633 0.00667988 0.625395 2.53716e-05 0.324737 
0.0196028 0.00474854 0.945858 0.0297877 2.62465e-06 
0.00172013 0.119899 0.608066 0.26765 0.00266498 
0.169845 0.395659 0.423782 0.00012723 0.0105857 
0.048135 0.110995 0.808708 0.0106374 0.0215245 
0.0182732 0.0376272 0.847506 0.0897253 0.00686796 
0.0134751 0.0863497 0.89776 0.000991607 0.00142335 
0.0425439 0.106474 0.645709 0.18233 0.0229435 
5.2153e-05 0.111978 0.885451 8.12808e-05 0.00243701 
0.00177395 0.0373244 0.957564 0.00315248 0.000185504 
0.00305355 0.000527484 0.996402 1.38369e-05 2.68814e-06 
0.000999446 0.0248978 0.812403 0.147744 0.0139565 
0.0187368 0.383393 0.499468 6.81011e-05 0.0983343 
0.00770915 0.253175 0.738974 0.000114527 2.7766e-05 
0.000173484 0.0457338 0.940273 0.000181655 0.0136382 
0.00645024 0.304566 0.565629 0.000511732 0.122844 
0.00759797 0.186635 0.635774 0.156256 0.0137358 
0.258956 0.0861064 0.652844 0.00209324 7.47373e-07 
0.0431633 0.00667988 0.625395 2.53716e-05 0.324737 
0.102473 0.00540574 0.801393 0.0907019 2.64744e-05 
0.0851508 0.407682 0.43892 0.00880474 0.0594424 
0.0134892 0.0498186 0.911016 0.00531971 0.020357 
0.000298241 0.0737726 0.924323 2.07753e-08 0.00160579 
0.00113939 0.0121672 0.713841 0.269997 0.00285508 
0.000249288 4.98701e-05 0.956626 0.0430616 1.28212e-05 
0.048794 0.13326 0.814057 0.000679235 0.00321013 
0.113111 0.141253 0.704556 0.0395269 0.00155401 
0.0238313 0.216838 0.624866 5.45334e-05 0.13441 
0.0168459 0.0237223 0.950044 0.000145307 0.00924205 
0.000211997 0.130961 0.850926 0.000421675 0.0174795 
0.013607 0.0598972 0.895824 0.00330404 0.0273675 
0.32013 0.0345242 0.645247 4.92418e-05 4.92452e-05 
0.176999 0.320847 0.442232 0.000356899 0.059564 
0.33022 0.0399901 0.603034 0.0238361 0.00291924 
0.374133 0.0255723 0.599478 0.000816187 4.06643e-07 
0.00218029 0.158842 0.836951 1.04358e-12 0.00202724 
0.037327 0.226342 0.732189 0.000320885 0.00382094 
0.00132464 0.0126102 0.911193 0.0406317 0.0342409 
0.118075 0.302405 0.574634 0.00460304 0.000282755 
0.00180486 0.128864 0.86702 8.552e-05 0.00222568 
0.0439362 0.0395463 0.913006 0.000165605 0.00334536 
0.0300387 0.144247 0.785685 0.0377198 0.00231034 
0.00925758 0.00330673 0.987274 0.000162137 1.22223e-08 
0.00106559 0.154607 0.843426 1.03794e-09 0.00090155 
0.0554632 0.411067 0.529953 0.000664488 0.00285217 
0.0130379 0.140424 0.845165 0.000969296 0.000403029 
0.00463882 0.117001 0.807456 4.47456e-05 0.0708594 
0.0551224 0.0156771 0.927192 0.000244183 0.00176406 
0.00186184 0.0589849 0.923966 0.00943467 0.00575271 
0.0033054 0.0111771 0.965313 0.0172784 0.00292617 
0.0115973 0.082383 0.87391 0.00123687 0.0308732 
0.245313 0.0378654 0.550661 0.162986 0.00317433 
0.0214533 0.120407 0.810269 0.0282505 0.0196198 
0.0167083 0.0497287 0.886572 0.000292055 0.0466991 
0.0163416 0.272015 0.620642 0.000220628 0.0907801 
0.233925 0.119547 0.643686 0.000307496 0.00253406 
0.0111683 0.227486 0.665476 0.019302 0.0765672 
0.000159882 0.0143301 0.98551 1.92218e-07 1.3677e-07 
0.000595019 0.0421014 0.923071 0.00118009 0.0330527 
0.00129613 0.0151563 0.679277 0.265179 0.039092 
0.0646253 0.0218582 0.866835 0.0392349 0.00744703 
0.00159312 0.088457 0.788565 7.04507e-05 0.121315 
0.00653035 0.0129526 0.915191 6.18823e-05 0.0652643 
0.0330194 0.079758 0.881386 0.00536141 0.000475072 
0.00251927 0.00878905 0.942128 0.0453298 0.00123382 
0.0490041 0.233601 0.71025 0.00092236 0.00622209 
0.00818453 0.144531 0.58047 8.3428e-05 0.266731 
0.0309678 0.0235051 0.944989 0.000532509 5.58889e-06 
0.00142926 0.0453516 0.929422 0.0232416 0.000555851 
0.00737012 0.0732235 0.906153 0.0109726 0.00228085 
0.00532196 0.0470871 0.934634 0.000193002 0.0127636 
0.261542 0.179534 0.543831 0.000747857 0.0143448 
0.00479901 0.182559 0.810841 5.47399e-05 0.00174575 
0.00116075 0.00700403 0.958259 0.0291504 0.00442617 
0.00563684 0.000634304 0.836644 0.00820396 0.148881 
0.00253874 0.420001 0.560648 0.00571862 0.0110934 
0.154864 0.175609 0.580572 0.0833833 0.00557205 
0.0259748 0.0657017 0.831824 0.0268494 0.0496503 
0.00474045 0.197009 0.78957 5.83485e-05 0.00862189 
0.275321 0.0452248 0.510631 0.166225 0.00259808 
0.00764133 0.0898428 0.896152 0.00137627 0.00498727 
6.61993e-07 0.00151653 0.992756 0.00530857 0.00041825 
0.000652768 0.0152919 0.953449 0.0206061 0.0100001 
0.0049328 0.0835933 0.81066 0.000417405 0.100397 
0.00149716 0.222512 0.714421 0.000198157 0.0613712 
1.59264e-05 0.0731113 0.821723 7.06732e-05 0.105079 
0.02046 0.16518 0.796862 0.00997644 0.00752099 
0.00390158 0.120694 0.763046 0.0507061 0.0616527 
0.0927968 0.0275651 0.879522 3.10964e-05 8.49892e-05 
0.10837 0.0817653 0.795915 0.00149488 0.0124548 
0.0373198 0.0329023 0.897337 0.031463 0.000978251 
0.157974 0.274835 0.542119 0.0250691 2.36495e-06 
0.0504717 0.10438 0.838635 0.000361225 0.00615295 
0.00112526 0.177576 0.75577 3.77047e-05 0.0654912 
0.0190723 0.464867 0.495639 0.00132352 0.0190984 
0.22726 0.294861 0.417862 0.0260847 0.0339328 
0.22809 0.0217042 0.749079 1.86136e-05 0.00110859 
0.0340559 0.0414706 0.9157 0.00870875 6.5297e-05 
1.70277e-07 0.100273 0.886223 1.70272e-07 0.0135037 
0.00629526 0.0140805 0.947137 0.00037111 0.0321159 
0.0713099 0.0112338 0.863904 0.0106884 0.0428638 
0.274323 0.0525828 0.482158 0.181848 0.00908853 
0.00197275 0.00153257 0.989736 0.00665437 0.00010471 
0.0172591 0.131187 0.679612 0.161701 0.010241 
0.0845408 0.0375544 0.865603 0.0116206 0.000681165 
0.0174142 0.0104014 0.97116 9.30118e-05 0.000931658 
0.0577431 0.162564 0.778562 0.000775737 0.000355446 
0.0106498 0.140507 0.79814 0.00901737 0.041686 
0.00847103 0.0456602 0.94504 3.77659e-07 0.000828642 
0.0010943 0.0270744 0.968915 0.00197896 0.000937513 
0.0012183 0.000428956 0.994285 0.00406442 3.34354e-06 
0.0866914 0.0753413 0.576748 0.261061 0.000157766 
0.0296717 0.141362 0.743626 0.0100112 0.0753295 
0.00450385 0.386152 0.48009 0.000314638 0.12894 
0.00815513 0.104785 0.871582 0.0091052 0.00637305 
0.00127061 0.00391053 0.974659 0.0201255 3.46089e-05 
0.00218162 0.0202158 0.977318 3.17204e-12 0.000284724 
0.000318483 0.0322934 0.966946 8.37546e-05 0.000358086 
0.0448681 0.322318 0.397018 3.38502e-05 0.235762 
0.0309449 0.307691 0.603479 0.0406458 0.0172401 
0.168981 0.191976 0.502199 0.000413814 0.136431 
0.212689 0.326359 0.451779 0.000255284 0.00891805 
0.140098 0.262178 0.481086 0.116374 0.00026404 
0.00301954 0.138093 0.84971 3.4361e-05 0.00914242 
0.053422 0.374779 0.535648 0.00391809 0.0322328 
3.79816e-07 0.217159 0.781623 1.25647e-08 0.00121776 
0.0431633 0.00667988 0.625395 2.53716e-05 0.324737 
0.0121809 0.0578696 0.838606 0.0509556 0.0403875 
0.0045916 0.0688655 0.921628 0.000305661 0.00460955 
0.0703902 0.0831783 0.840724 0.000719465 0.0049884 
0.00528462 0.348883 0.621908 0.000294967 0.0236298 
0.322342 0.00910771 0.664277 0.00249735 0.00177605 
0.0091015 0.0459678 0.913991 0.0147888 0.0161505 
0.232339 0.00990871 0.661484 0.0927368 0.00353214 
0.170216 0.0687771 0.601121 7.0635e-05 0.159815 
0.0139653 0.196667 0.756417 0.0146141 0.0183375 
0.449997 0.00272166 0.545206 0.00207534 2.50594e-07 
0.0943831 0.00433696 0.870084 0.0309095 0.000286697 
0.0143011 0.183581 0.774314 0.00027546 0.027528 
0.00164135 0.0350982 0.948272 0.00373565 0.0112532 
0.00598844 0.297566 0.466013 4.32018e-05 0.230389 
0.0101248 0.0985505 0.867091 0.00806732 0.0161667 
0.0014865 0.0162237 0.71554 0.237266 0.0294842 
0.00510086 0.0869293 0.90694 0.000618246 0.000411673 
0.000647612 0.458646 0.535842 0.000113797 0.00475055 
0.00244627 0.0326013 0.750567 0.20364 0.010745 
0.0138828 0.00795714 0.978156 2.76682e-06 1.18495e-06 
0.0013531 0.0604539 0.918329 0.000230147 0.0196335 
0.00019595 0.2084 0.782066 0.000995601 0.00834173 
1.59264e-05 0.0731113 0.821723 7.06732e-05 0.105079 
3.19734e-10 0.183085 0.81634 4.45521e-07 0.000575113 
0.00270072 0.120454 0.868686 0.000207017 0.00795259 
0.000130057 0.0327056 0.966039 8.74113e-05 0.00103804 
0.228857 0.118677 0.599951 0.00708941 0.0454264 
0.00089069 0.336187 0.66089 3.66059e-05 0.00199586 
0.0225077 0.137559 0.787125 0.00341339 0.0493948 
0.00283617 0.0100595 0.984889 0.00184002 0.000375294 
0.0344151 0.097527 0.845373 0.015485 0.00719961 
0.0364217 0.174367 0.760092 0.000467427 0.0286518 
0.000475912 0.00896081 0.990335 2.04845e-05 0.000207845 
0.00299148 0.158889 0.783873 0.000544849 0.0537021 
0.0800732 6.68501e-05 0.919846 7.44648e-06 6.8067e-06 
0.000278806 0.0174846 0.981981 7.64804e-06 0.000247949 
0.0486518 0.242969 0.62343 0.0842009 0.000748333 
0.0655409 0.07478 0.812462 0.034163 0.0130537 
0.0020783 0.0105592 0.70216 0.252164 0.0330387 
2.33037e-05 0.1637 0.812815 1.51774e-05 0.023447 
1.00672e-05 0.100202 0.777911 0.121564 0.000313634 
0.00287047 0.184126 0.784862 0.0123194 0.0158223 
0.00539356 0.00846837 0.935552 0.0433332 0.00725306 
1.45976e-06 0.157025 0.842699 0.000273458 1.06177e-06 
0.104016 0.389486 0.418755 1.26119e-07 0.087743 
0.0094362 0.0441582 0.886967 0.0178986 0.0415399 
0.00122083 0.0863984 0.727288 0.104928 0.0801649 
0.159118 0.161271 0.679292 6.84215e-05 0.000250566 
0.00318891 0.0145468 0.928656 0.0484842 0.00512401 
0.00695545 0.0414402 0.882771 0.0644754 0.00435802 
0.000701388 0.123643 0.841609 0.0118952 0.0221508 
0.00334229 0.320634 0.642558 0.00225838 0.0312073 
0.0168459 0.0237223 0.950044 0.000145307 0.00924205 
0.000915279 0.0351218 0.916413 0.0369885 0.0105618 
8.80327e-05 0.0776787 0.914851 0.000116305 0.0072663 
0.0115978 0.188452 0.737019 0.0327067 0.030225 
0.0198921 0.0948917 0.841042 0.0120972 0.0320771 
0.0882608 0.112207 0.740875 0.0177926 0.0408647 
0.00761145 0.0125079 0.976601 0.000209718 0.00307028 
0.00960608 0.366449 0.611959 0.0108868 0.00109948 
0.0164376 0.0172471 0.92072 6.03685e-05 0.0455352 
0.00291211 0.00246927 0.916195 0.0781142 0.00030925 
0.000999446 0.0248978 0.812403 0.147744 0.0139565 
0.0206119 0.00327435 0.975895 0.000110225 0.000108518 
0.00755202 0.346772 0.641137 2.00836e-11 0.00453912 
0.0244461 0.174013 0.68806 0.00168314 0.111797 
0.00999343 0.0333198 0.950554 0.00117323 0.00495923 
0.0303483 0.0769451 0.870667 0.000452884 0.021587 
0.00494004 0.102378 0.886895 0.000904086 0.00488311 
0.00611524 0.0661714 0.88668 0.000337809 0.0406951 
0.0304529 0.301154 0.647684 0.00251816 0.0181909 
0.0305892 0.137661 0.831474 0.000183004 9.2713e-05 
0.0109982 0.0926877 0.849602 0.000229665 0.0464825 
0.0504969 0.0690996 0.873712 0.00447682 0.00221456 
0.0137384 0.169056 0.806134 0.00542658 0.00564535 
0.0528092 0.123058 0.801458 0.00349202 0.0191827 
0.00340008 0.0118049 0.84951 0.0983375 0.036947 
0.00171568 0.45294 0.487446 0.00575704 0.0521416 
5.98795e-05 0.0330651 0.928627 0.000511642 0.0377361 
0.00352257 0.00441137 0.949268 0.000160082 0.0426375 
0.265862 0.122649 0.58379 0.00432333 0.0233759 
0.0133988 0.319711 0.563355 0.0849836 0.0185512 
0.101033 0.146189 0.751963 0.000462668 0.000352106 
0.0242781 0.331169 0.624516 0.00161902 0.0184187 
0.0431633 0.00667988 0.625395 2.53716e-05 0.324737 
0.00563454 0.110099 0.730918 0.00263561 0.150712 
0.00935921 0.069156 0.499632 0.409641 0.0122115 
0.000713642 0.0175969 0.826161 0.153373 0.00215506 
0.00241161 0.402482 0.594189 0.00013453 0.000783248 
0.00390959 0.0354249 0.86912 0.0171602 0.0743857 
0.0211166 0.0539445 0.736708 0.186701 0.00152919 
0.00165014 0.015777 0.946012 0.00225584 0.0343048 
0.00919048 0.154258 0.78438 0.000111226 0.0520608 
0.00454811 0.0202421 0.962554 0.00524111 0.00741424 
0.00960219 0.122321 0.855066 0.000844065 0.0121673 
1.97946e-05 0.163602 0.826816 0.00675834 0.00280391 
0.00961 0.067953 0.918059 0.00111413 0.00326415 
0.00052748 0.0429895 0.941385 0.00967212 0.00542615 
0.0380976 0.201459 0.73862 0.0110645 0.0107587 
0.00259357 0.0700032 0.890449 0.00020672 0.0367477 
0.00606565 0.309494 0.679489 5.02425e-07 0.00495104 
9.98808e-07 0.0230897 0.968344 0.00854371 2.18451e-05 
0.0107097 0.396158 0.551703 0.000111028 0.0413185 
0.0157809 0.0667456 0.862517 0.0514016 0.00355463 
0.0869814 0.114854 0.765443 0.0172259 0.0154958 
0.00440945 0.380764 0.561216 0.000527639 0.0530833 
0.0356863 0.219003 0.720397 0.0202498 0.00466374 
0.000699353 0.0831359 0.897218 0.000290063 0.0186568 
9.29674e-05 0.0484846 0.94206 9.73427e-05 0.00926537 
0.0570789 0.171437 0.732716 0.0184105 0.0203568 
0.0289191 0.465404 0.48406 0.000646274 0.0209708 
0.00133814 0.0726339 0.72507 0.000502546 0.200456 
0.000700386 0.0138274 0.835748 8.59137e-05 0.149639 
0.257954 0.0544882 0.65849 0.0010447 0.0280234 
0.000212123 0.0251838 0.955971 0.00179527 0.0168374 
0.0242419 0.271888 0.352761 0.350102 0.00100689 
0.0044728 0.024935 0.969084 8.44871e-07 0.00150734 
0.0133284 0.150702 0.663815 0.103344 0.0688112 
0.01008 0.101852 0.856946 0.0310499 7.27747e-05 
0.00373382 0.0231457 0.916044 0.0501452 0.00693105 
0.00748825 0.119367 0.779885 0.0191176 0.0741418 
0.00593011 0.0139585 0.957785 0.0025947 0.0197315 
0.00157268 0.140179 0.830222 0.00481345 0.023213 
0.0829719 0.0198233 0.873572 0.000973501 0.0226592 
0.020847 0.135524 0.423925 0.419186 0.000517503 
0.00412866 0.0229864 0.945755 0.0259287 0.00120098 
0.000887299 0.00787185 0.905852 0.0729872 0.0124015 
0.411583 0.0213973 0.56702 4.37997e-08 2.18113e-08 
0.0326583 0.118137 0.456164 0.332137 0.0609033 
0.000441208 0.138571 0.854791 0.000391575 0.00580452 
0.00520961 0.128851 0.864578 9.14864e-06 0.00135286 
0.000185676 0.318243 0.680069 2.79498e-05 0.00147411 
1.61738e-05 0.0989279 0.897976 2.71759e-06 0.00307762 
0.013603 0.0596322 0.917349 0.00107417 0.00834177 
0.0136996 0.0612954 0.864588 0.00122204 0.0591951 
0.0256307 0.00168162 0.972533 2.40782e-05 0.000130765 
1.7768e-08 0.00233091 0.997305 0.000179657 0.000184593 
0.0135708 0.353228 0.596667 0.000331851 0.036202 
0.0982408 0.161856 0.733799 0.000146465 0.00595772 
0.000187473 0.0192903 0.951755 0.0280398 0.000727899 
0.00989374 0.0275852 0.859582 0.0348503 0.0680886 
0.00811482 0.0670324 0.900849 0.00256223 0.0214412 
0.0357451 0.444112 0.519156 0.000492123 0.000494715 
0.00508349 0.0268758 0.928677 0.00814346 0.0312207 
0.000187473 0.0192903 0.951755 0.0280398 0.000727899 
0.00853564 0.070755 0.580947 0.332311 0.00745115 
0.000163432 0.156897 0.775483 6.60881e-05 0.0673907 
0.0206498 0.055158 0.876474 0.0446034 0.00311503 
0.005136 0.0700118 0.912394 0.00123839 0.0112203 
0.148238 0.006286 0.831415 0.0140607 1.56662e-07 
0.0168459 0.0237223 0.950044 0.000145307 0.00924205 
0.000130636 0.0695591 0.863782 0.000287476 0.0662408 
0.222885 0.0623333 0.375167 0.338781 0.000833869 
0.0129031 0.148031 0.699274 0.000349126 0.139442 
0.0275241 0.00959295 0.947265 0.0137797 0.00183873 
0.0024904 0.0532596 0.897609 0.00380533 0.0428356 
0.0010943 0.0270744 0.968915 0.00197896 0.000937513 
0.024032 0.087992 0.872835 0.00925052 0.00589036 
0.0015614 0.0305475 0.967665 0.000197605 2.89686e-05 
0.00208631 0.058336 0.899401 0.0286818 0.011495 
0.00716507 0.417811 0.57264 0.000324505 0.00206 
0.128205 0.0143015 0.841162 0.0162513 7.98897e-05 
0.170866 0.19991 0.617782 0.00548604 0.00595607 
0.000105793 0.0955073 0.884228 0.011165 0.0089938 
0.00436516 0.0439721 0.934799 0.000437546 0.0164267 
0.00242118 0.00238481 0.994756 0.000159515 0.000278321 
0.00454507 0.275728 0.686685 0.0114973 0.0215449 
0.274883 0.122802 0.345331 0.000868579 0.256116 
0.0299621 0.0986254 0.6921 0.158455 0.0208574 
0.00041702 0.121202 0.830305 0.000182538 0.047893 
0.0150303 0.115925 0.837953 0.00829265 0.0227993 
0.00889985 0.0937893 0.878278 0.000279525 0.0187536 
0.0159063 0.174672 0.67147 0.062648 0.075304 
3.75062e-05 0.0116337 0.975868 0.00016005 0.0123011 
1.08356e-05 0.453766 0.545534 3.90088e-06 0.00068532 
0.0172797 0.330308 0.634648 0.00240695 0.0153576 
1.36032e-06 0.141293 0.840797 2.93472e-05 0.0178786 
0.00514977 0.101714 0.883494 0.00273814 0.00690394 
0.000485013 0.0154616 0.96591 0.00468362 0.0134597 
0.00169138 0.078713 0.90448 0.000508715 0.0146072 
0.103902 0.149134 0.729416 0.00308803 0.0144604 
0.0140299 0.038734 0.939294 0.000150296 0.00779184 
0.0310302 0.0866708 0.850059 0.00188095 0.0303595 
0.0677513 0.00620373 0.92233 0.00315802 0.000557091 
0.000981844 0.00700904 0.987487 0.000255743 0.00426677 
0.0147729 0.0881563 0.746254 0.130757 0.0200591 
0.0314182 0.123872 0.817291 0.000421906 0.0269966 
0.0175999 0.0337603 0.943278 0.00380787 0.00155386 
0.00108575 0.0164911 0.855131 0.126196 0.00109701 
0.0431633 0.00667988 0.625395 2.53716e-05 0.324737 
0.000457941 0.0235402 0.970397 0.000124127 0.0054807 
0.3618 0.0145554 0.616841 0.000258951 0.00654427 
0.00737964 0.0107024 0.936322 0.000532047 0.0450635 
0.00707571 0.0269876 0.963163 6.27518e-06 0.00276714 
0.000915279 0.0351218 0.916413 0.0369885 0.0105618 
0.0153984 0.00485911 0.979713 1.16113e-05 1.78778e-05 
0.00413534 0.060967 0.934632 1.01194e-07 0.000265207 
0.00459871 0.0270525 0.96774 0.000445043 0.000163923 
0.0905109 0.197257 0.67604 0.000228758 0.0359637 
0.0101912 0.134153 0.658687 0.00038804 0.196581 
0.147987 0.145723 0.646727 0.00826232 0.0513009 
0.0104667 0.167659 0.801592 0.00313876 0.017144 
0.204971 0.107913 0.462775 0.14853 0.0758113 
0.0100134 0.140925 0.844075 0.00036515 0.00462193 
0.000810858 0.0048224 0.994221 0.000120936 2.44416e-05 
0.311656 0.275866 0.403889 0.000579043 0.00801011 
0.000184469 0.176417 0.811197 0.000290249 0.0119112 
0.00825586 0.0129034 0.944947 0.0312121 0.00268143 
0.203753 0.394231 0.401955 5.99068e-05 1.2279e-06 
0.00103881 0.0462129 0.949623 0.000410173 0.0027152 
0.0461507 0.305313 0.606801 0.000808993 0.0409263 
0.411806 0.0697404 0.44894 0.0101887 0.0593251 
0.00666663 0.0695672 0.922958 0.000165161 0.000643436 
0.0120086 0.0563319 0.931425 8.51802e-08 0.00023413 
0.000164249 0.034373 0.959341 0.00517927 0.00094261 
0.00313074 0.0359892 0.935163 0.000144324 0.0255726 
0.0204942 0.0168552 0.95786 0.00428538 0.000505281 
0.00443297 0.0168877 0.96804 0.0083402 0.00229959 
0.396322 0.164583 0.437738 0.00134883 8.33725e-06 
0.00685874 0.0654473 0.910229 0.000406571 0.0170587 
0.0242546 0.174486 0.788949 5.7853e-08 0.01231 
0.0103098 0.00898151 0.979356 0.00122901 0.000123382 
0.00482207 0.0324012 0.83903 0.00103983 0.122707 
0.000521216 0.00686496 0.987375 1.56752e-05 0.00522283 
0.00567502 0.0841584 0.864952 0.00688422 0.0383308 
0.00610084 0.089891 0.864032 0.00177728 0.0381993 
0.00237624 0.0403459 0.688017 0.242656 0.0266046 
0.00507741 0.0195598 0.927693 0.000118597 0.047551 
0.00328025 0.0543725 0.868215 0.000595038 0.073537 
0.0540781 0.467505 0.470165 0.00142398 0.00682728 
0.0565992 0.00450108 0.619787 0.224423 0.0946897 
0.0975752 0.053496 0.828734 0.00190925 0.0182858 
0.000324926 0.00544652 0.978044 0.0161604 2.37608e-05 
0.00238676 0.0291273 0.869063 0.0972644 0.00215824 
0.257571 0.28556 0.350983 0.000649032 0.105238 
0.317276 0.0683315 0.591253 0.001485 0.0216541 
0.000789873 0.233206 0.763433 0.00113216 0.0014392 
0.0120441 0.0506175 0.877655 0.017765 0.0419182 
0.000443558 0.0214628 0.956123 0.00565796 0.0163123 
0.0121578 0.0119495 0.965645 4.9254e-06 0.0102424 
0.0020246 0.141533 0.782068 9.99976e-07 0.0743735 
0.232339 0.00990871 0.661484 0.0927368 0.00353214 
0.0338174 0.134633 0.831549 5.36425e-07 6.16878e-10 
0.00343456 0.373265 0.587421 0.0320707 0.00380837 
0.0571666 0.171412 0.690313 0.000781546 0.0803276 
0.000672379 0.0825511 0.800858 0.0756941 0.0402247 
0.00112357 0.083636 0.910766 0.000531384 0.00394339 
0.000714758 0.0831799 0.761849 0.102246 0.0520101 
0.000335554 0.0111976 0.988432 1.90112e-05 1.56564e-05 
0.0572646 0.0470473 0.87686 0.00353924 0.0152888 
0.00360203 0.0913341 0.764979 1.02157e-06 0.140083 
0.0018446 0.0360978 0.922361 0.009682 0.030015 
0.000969108 0.0313459 0.916976 0.00157999 0.0491289 
0.006507 0.0754692 0.897601 0.00505727 0.0153658 
0.00164123 0.106601 0.883845 3.41013e-05 0.00787829 
0.00113476 0.00652476 0.990438 0.00079617 0.00110661 
0.03402 0.0365619 0.678916 0.249898 0.000604309 
0.00333363 0.00772428 0.948764 1.94523e-05 0.0401582 
0.0114903 0.279628 0.683366 0.00398686 0.021529 
0.000925089 0.394635 0.591443 0.000193944 0.0128032 
0.0968939 0.0155116 0.843248 0.0126103 0.0317359 
0.0155486 0.0950916 0.852512 0.0136773 0.0231708 
0.128205 0.0143015 0.841162 0.0162513 7.98897e-05 
0.231677 0.202905 0.515523 0.0473534 0.00254044 
0.00180792 0.030365 0.945395 0.00388085 0.0185512 
0.217715 0.257131 0.522208 0.00092769 0.00201829 
0.0147861 0.00883293 0.971183 0.00211013 0.00308778 
0.00980643 0.204689 0.783396 0.00119189 0.0009164 
0.00785632 0.430696 0.496213 0.000931 0.0643036 
0.00373418 0.0127149 0.932962 0.0264157 0.0241734 
0.000322521 0.023887 0.97498 3.27965e-08 0.000810147 
0.00277153 0.0590088 0.935039 1.17353e-06 0.00317923 
0.0139044 0.0709079 0.886231 0.000205364 0.0287516 
0.0516389 0.113362 0.784175 0.0440236 0.0068014 
0.00575878 0.0364848 0.943943 0.012813 0.00100015 
0.00745874 0.0123519 0.849644 0.000303656 0.130242 
0.317981 0.27349 0.398193 0.000944042 0.00939132 
0.00271846 0.0923234 0.757031 0.00987661 0.13805 
0.00629372 0.18113 0.810923 1.42514e-05 0.00163913 
0.00711028 0.0451004 0.934154 0.00599565 0.00763937 
0.3292 0.0600995 0.599686 0.000919471 0.0100953 
0.116644 0.0190251 0.718407 0.130335 0.0155894 
0.00402854 0.00283857 0.987469 0.00060093 0.00506338 
0.000427578 0.0345784 0.964803 2.08337e-05 0.000170044 
0.0431633 0.00667988 0.625395 2.53716e-05 0.324737 
0.00602977 0.0403082 0.90873 0.00020719 0.0447248 
0.146982 0.257947 0.491111 0.00343852 0.100522 
0.0569815 0.105573 0.79812 0.0011896 0.0381357 
0.00503856 0.0496895 0.919871 1.45677e-07 0.025401 
8.98665e-06 0.12071 0.777479 1.70605e-06 0.101801 
0.0102843 0.00743985 0.959607 0.0132326 0.00943666 
0.031396 0.127537 0.837301 0.000281088 0.00348497 
0.00739614 0.0911301 0.891666 0.000540062 0.00926794 
0.0146974 0.106241 0.623192 0.254271 0.00159816 
0.016754 0.0295974 0.798677 0.109823 0.045148 
0.00129274 0.0109628 0.894338 0.0882351 0.00517147 
0.112259 0.0635345 0.797633 0.00115142 0.0254227 
0.223967 0.103749 0.654927 0.0161661 0.00119107 
0.0136267 0.191373 0.783312 0.000125741 0.0115634 
0.00197666 0.019165 0.927232 0.00101725 0.0506087 
0.0380248 0.0983254 0.859769 0.00185631 0.00202497 
0.189537 0.398144 0.412318 7.13568e-09 4.93174e-09 
0.0397913 0.0355043 0.893863 0.0144795 0.0163615 
0.0431633 0.00667988 0.625395 2.53716e-05 0.324737 
0.167553 0.241215 0.508572 0.000436933 0.0822231 
0.095441 0.242748 0.639524 0.0205146 0.00177267 
0.000752142 0.00889975 0.923941 0.049439 0.0169679 
0.000173484 0.0457338 0.940273 0.000181655 0.0136382 
0.00191531 0.241631 0.685598 0.0364722 0.0343837 
0.0385265 0.171836 0.729495 0.00785015 0.0522926 
0.0280486 0.0384718 0.921272 0.0122065 6.6359e-07 
0.00302767 0.0707952 0.909788 0.00235672 0.0140328 
0.000921533 0.0542899 0.86742 0.000170386 0.0771981 
0.00448797 0.0518731 0.912833 0.0152316 0.0155741 
0.0564601 0.0139903 0.929502 4.75411e-05 1.31564e-11 
0.00165014 0.015777 0.946012 0.00225584 0.0343048 
0.000415968 0.412632 0.568572 0.000532653 0.0178469 
0.222074 0.116412 0.627165 0.0113695 0.0229788 
0.000394004 0.234997 0.654561 0.0460612 0.063987 
0.0882859 0.152812 0.730664 0.0264997 0.00173837 
0.00141476 0.102824 0.881117 0.00061143 0.0140327 
0.106811 0.0515313 0.836957 0.00132781 0.00337313 
0.000499412 0.127933 0.843751 0.0185391 0.00927817 
0.000247894 0.0258183 0.967862 7.09663e-06 0.00606459 
0.0636043 0.25382 0.534186 2.08163e-05 0.148369 
0.0126265 0.0228052 0.963453 0.000228075 0.000886805 
0.355706 0.136025 0.493822 0.00451068 0.00993523 
0.0054111 0.436532 0.555025 0.000908065 0.00212397 
0.304991 0.118719 0.56943 0.00520591 0.00165378 
0.0431633 0.00667988 0.625395 2.53716e-05 0.324737 
0.00141083 0.0389213 0.946121 0.00434548 0.0092012 
0.000966665 0.0928918 0.87968 0.00504812 0.0214138 
0.000269642 0.00265665 0.996323 0.000211053 0.00054014 
0.0025601 0.0755283 0.894199 0.000464445 0.0272478 
0.000628051 0.282655 0.655737 5.69141e-06 0.0609737 
0.152182 0.0408474 0.805868 0.000674632 0.000427747 
0.0151527 0.262881 0.716351 0.00035083 0.00526483 
0.188034 0.0792365 0.696045 0.0359054 0.00077939 
0.000101083 0.0396038 0.928605 0.0291094 0.00258036 
0.0038822 0.16944 0.811991 0.00200484 0.0126812 
0.0152332 0.0563152 0.90421 0.0063517 0.01789 
0.0431633 0.00667988 0.625395 2.53716e-05 0.324737 
0.00723234 0.0144413 0.888806 0.0756677 0.0138526 
3.28139e-05 0.279179 0.718381 3.47195e-07 0.00240698 
0.177157 0.141732 0.675375 0.00556608 0.000169281 
0.00146491 0.255017 0.728065 0.00729464 0.00815816 
0.00104769 0.0651876 0.907274 0.000696253 0.0257945 
0.0452024 0.0475851 0.892724 0.00159147 0.0128971 
0.00308724 0.137539 0.84355 0.00138407 0.0144402 
0.00113422 0.222891 0.374619 0.0309915 0.370364 
0.0431633 0.00667988 0.625395 2.53716e-05 0.324737 
0.000109222 0.000677005 0.996092 0.000427397 0.00269469 
0.000999992 0.0620566 0.909519 0.000179349 0.0272449 
0.013036 0.362614 0.429854 0.0265674 0.167928 
0.0120889 0.0168602 0.947877 0.013525 0.00964921 
0.00888735 0.0197639 0.917802 0.000137536 0.0534095 
4.82507e-05 0.188222 0.811111 1.67236e-07 0.000617745 
2.64052e-06 0.0437056 0.949548 4.00435e-07 0.00674329 
0.0126425 0.11014 0.845608 0.00108559 0.0305235 
5.4647e-08 0.0282669 0.968781 1.24963e-08 0.00295195 
0.00109687 0.0345277 0.962073 0.00221878 8.34381e-05 
0.0747766 0.0476809 0.865157 0.00047223 0.0119135 
0.0118538 0.198458 0.787246 0.00230581 0.000137142 
0.0064635 0.42241 0.534128 0.000173151 0.0368255 
0.171909 0.0289539 0.79891 6.5673e-06 0.00021981 
6.73254e-05 0.10285 0.895005 0.000928261 0.00114889 
0.40201 0.0856452 0.507661 0.00160722 0.00307685 
0.0504969 0.0690996 0.873712 0.00447682 0.00221456 
0.0223014 0.0212182 0.914477 0.039942 0.00206099 
0.0308146 0.162703 0.805495 4.12007e-05 0.000946723 
0.0211166 0.0539445 0.736708 0.186701 0.00152919 
0.0135328 0.0923596 0.514329 0.353235 0.026544 
0.137027 0.0595056 0.770677 0.000113981 0.0326764 
0.000185043 0.0546315 0.945169 1.25841e-05 1.73467e-06 
0.107349 0.154776 0.733767 0.00226697 0.00184126 
0.192166 0.300319 0.500662 0.000195284 0.00665742 
0.0619448 0.374995 0.559674 0.00106452 0.00232141 
0.176874 0.0187724 0.803985 0.000130108 0.000238783 
0.00212493 0.0848217 0.899944 0.00187636 0.0112331 
0.169207 0.0958431 0.455967 0.244256 0.0347274 
1.00672e-05 0.100202 0.777911 0.121564 0.000313634 
0.318548 0.206526 0.459429 0.00533055 0.0101664 
0.00945271 0.107251 0.837067 0.0266987 0.0195306 
0.0219779 0.158947 0.77121 0.0451356 0.0027294 
3.11338e-06 0.118578 0.815819 0.000682082 0.064918 
0.0489475 0.0141843 0.933247 0.0033743 0.000246914 
0.000230707 0.109156 0.885957 0.00449546 0.000160872 
0.033229 0.28203 0.593106 0.000113883 0.091521 
0.00133235 0.066481 0.919378 0.00205335 0.0107549 
0.127055 0.0331951 0.833662 0.00572677 0.000360608 
0.285248 0.0561882 0.65402 0.0045108 3.29246e-05 
0.00454434 0.00740902 0.985334 4.41565e-06 0.00270837 
0.00132464 0.0126102 0.911193 0.0406317 0.0342409 
0.0523094 0.00836452 0.938038 0.000626699 0.000660953 
0.00408187 0.285566 0.701697 0.00358998 0.00506582 
0.000785133 0.327802 0.594521 0.011123 0.0657693 
0.00403864 0.422251 0.511917 0.0516439 0.0101497 
0.00617094 0.177012 0.782903 0.00033338 0.0335807 
3.08126e-06 0.0197282 0.967061 3.69694e-05 0.0131707 
0.012327 0.0444006 0.940186 0.00113084 0.00195552 
0.00089357 0.000699182 0.98487 0.0131387 0.000398994 
0.0087909 0.306101 0.613474 0.0167682 0.0548663 
0.00352199 0.0195885 0.975809 0.000834737 0.000245741 
0.0027682 0.00536858 0.991265 0.000312054 0.000285977 
0.00168676 0.0862449 0.869998 0.01304 0.0290305 
0.0096744 0.41276 0.577205 0.000198924 0.000162493 
0.323525 2.26407e-05 0.676453 3.91849e-08 2.70822e-08 
0.00118588 0.188409 0.728456 0.000171378 0.0817773 
0.000197826 0.388557 0.604904 1.14968e-05 0.00632952 
0.00728538 0.0468576 0.934539 0.0080464 0.0032713 
0.000749599 0.00700115 0.991674 6.43009e-05 0.000510631 
0.0583327 0.0443404 0.893828 0.00196689 0.00153224 
0.0198145 0.125168 0.598363 0.252674 0.00398022 
0.000436056 0.110464 0.870144 0.00522309 0.0137327 
3.75062e-05 0.0116337 0.975868 0.00016005 0.0123011 
0.00147322 0.0952634 0.899161 0.0038434 0.000258495 
0.000109222 0.000677005 0.996092 0.000427397 0.00269469 
0.00449009 0.123923 0.839923 0.0255691 0.00609509 
0.316329 0.304405 0.354643 7.68223e-09 0.0246226 
0.087444 0.0298017 0.85369 0.0198007 0.00926322 
0.00366079 0.163641 0.82188 0.00227205 0.00854636 
0.00308322 0.0357112 0.938415 0.00630826 0.0164826 
0.274883 0.122802 0.345331 0.000868579 0.256116 
0.00522653 0.0284936 0.951875 0.00783445 0.00657058 
0.00167737 0.0231724 0.93941 4.27437e-05 0.0356971 
0.00484036 0.111888 0.871615 0.000757651 0.0108998 
0.00105687 0.234608 0.763353 0.00041292 0.000569942 
0.102297 0.0129419 0.872907 0.000182598 0.0116719 
0.00215114 0.00378977 0.957986 0.0360591 1.43718e-05 
0.120187 0.0930029 0.772988 0.0137845 3.76078e-05 
0.0391226 0.00594417 0.943047 0.0118856 8.25386e-07 
0.0101822 0.36772 0.602031 1.26429e-05 0.0200542 
0.0161132 0.059669 0.894728 0.00817852 0.0213118 
0.000292302 0.415302 0.575992 9.0691e-06 0.00840464 
0.184554 0.115661 0.695468 0.000625958 0.00369179 
0.0605325 0.164708 0.66636 0.0935674 0.0148318 
0.0416248 0.240398 0.70124 0.000856034 0.0158814 
0.00107858 0.0618479 0.874848 0.00938011 0.0528455 
0.00234602 0.177711 0.818543 0.000112729 0.00128696 
0.00166539 0.00368501 0.994511 3.45122e-05 0.000103966 
0.0249516 0.141397 0.498417 0.0424338 0.292801 
0.224798 0.0667193 0.496064 0.164177 0.0482416 
0.129021 0.16592 0.697811 8.50174e-07 0.00724681 
0.0136003 0.00896987 0.975394 2.24159e-05 0.00201356 
0.00493043 0.216596 0.640213 2.59417e-05 0.138234 
0.00106082 0.0357794 0.925728 0.0363288 0.00110292 
0.00258909 0.379919 0.611621 0.000954707 0.00491641 
0.0394218 0.0565402 0.84832 0.0384718 0.017246 
0.364139 0.115871 0.516695 8.27162e-05 0.00321274 
1.61507e-06 0.332412 0.667578 1.42358e-10 8.13686e-06 
0.286679 0.258141 0.439351 0.00323741 0.0125913 
0.0258785 0.215007 0.739894 0.00365546 0.0155651 
0.00662968 0.0119654 0.963912 0.000129405 0.0173634 
0.28975 0.210919 0.475613 0.000759911 0.0229588 
0.000363025 5.86265e-05 0.971276 0.0282654 3.7267e-05 
0.00348972 0.0236439 0.958674 0.00569227 0.0084999 
0.328056 0.0304004 0.63992 0.00072607 0.000897379 
0.0437766 0.0392566 0.863966 0.0152583 0.0377421 
0.0137545 0.0152724 0.947132 0.0138201 0.0100209 
0.00302836 0.0431553 0.937735 0.00909052 0.00699081 
0.000278806 0.0174846 0.981981 7.64804e-06 0.000247949 
0.111214 0.321686 0.565608 0.00105309 0.000439397 
0.0957433 0.164946 0.592087 0.00271157 0.144512 
0.236656 0.285542 0.449683 8.87607e-06 0.0281106 
0.00493043 0.216596 0.640213 2.59417e-05 0.138234 
0.00822774 0.0406377 0.930155 0.00447813 0.0165017 
0.278212 0.200202 0.507329 8.33804e-05 0.014174 
0.0115212 0.0935082 0.865431 0.0145024 0.0150372 
0.0690513 0.00171657 0.928919 1.77885e-05 0.000295582 
0.0359624 0.0884967 0.86025 0.00240285 0.0128879 
8.92139e-07 0.15762 0.828297 0.000707459 0.0133741 
3.75062e-05 0.0116337 0.975868 0.00016005 0.0123011 
0.000247894 0.0258183 0.967862 7.09663e-06 0.00606459 
0.035812 0.0480195 0.861849 0.028898 0.0254214 
0.0201092 0.0155544 0.945847 0.0131303 0.00535878 
1.13784e-06 0.0236715 0.971091 0.00523507 1.13789e-06 
0.271983 0.112379 0.615574 1.57053e-07 6.41057e-05 
0.00992578 0.157249 0.806761 7.00888e-05 0.0259948 
0.0101789 0.0305321 0.918475 0.0305983 0.0102161 
0.0187272 0.0525046 0.914247 0.000873908 0.0136474 
0.0234067 0.0247084 0.512345 0.392204 0.0473365 
0.000848593 0.00687179 0.991139 0.000510595 0.000629624 
0.00184973 0.0490669 0.948053 0.00042134 0.000608643 
0.163747 0.353443 0.388337 0.0826915 0.0117809 
4.35572e-07 0.0505606 0.831295 7.25616e-05 0.118072 
0.0542916 0.0837281 0.827917 0.00372774 0.0303356 
0.0180204 0.467811 0.483596 0.000404901 0.0301683 
0.0162967 0.0573382 0.870023 0.048793 0.00754884 
0.00463882 0.117001 0.807456 4.47456e-05 0.0708594 
0.00358009 0.267006 0.716843 0.0104114 0.00215977 
0.000616105 0.0691817 0.87626 0.0500406 0.00390114 
0.0111727 0.07726 0.878366 0.0153189 0.0178821 
0.000462799 0.023526 0.961914 0.0107148 0.003382 
0.0091128 0.0733044 0.892976 0.00220324 0.0224038 
0.00170949 0.0300121 0.946301 2.92647e-07 0.0219773 
0.0147507 0.0365669 0.492068 0.455489 0.00112568 
0.00361918 0.15582 0.838114 0.00121146 0.00123565 
0.0144033 0.0473841 0.908946 0.000991184 0.0282753 
0.000187473 0.0192903 0.951755 0.0280398 0.000727899 
0.0598275 0.0388913 0.891108 0.00172736 0.00844562 
0.0075991 0.158683 0.736887 0.0366061 0.0602248 
9.12978e-05 0.172941 0.814913 4.19852e-05 0.0120124 
0.0431633 0.00667988 0.625395 2.53716e-05 0.324737 
0.0633067 0.156388 0.778507 0.00114594 0.00065242 
0.00279774 0.0270288 0.919497 0.0496477 0.00102907 
0.0233338 0.0395391 0.925328 0.00133291 0.0104664 
0.0143123 0.192294 0.650921 0.000150511 0.142321 
0.0120791 0.0558661 0.909438 0.0174559 0.00516079 
5.2153e-05 0.111978 0.885451 8.12808e-05 0.00243701 
0.000230707 0.109156 0.885957 0.00449546 0.000160872 
0.00647434 0.049785 0.933479 0.00328751 0.00697404 
0.0336275 0.132559 0.743411 0.0869395 0.00346326 
0.000701388 0.123643 0.841609 0.0118952 0.0221508 
0.00695315 0.0643988 0.926533 1.00259e-05 0.00210547 
0.079912 0.161688 0.735521 0.000851827 0.0220275 
0.0423919 0.0194099 0.919516 0.00931108 0.00937135 
0.0105746 0.153032 0.80253 0.00410057 0.0297627 
0.0462982 0.0146592 0.937438 2.24394e-06 0.00160193 
0.000692154 0.00072822 0.997971 0.000607436 1.39899e-06 
0.0022642 0.0862003 0.905332 1.67369e-05 0.00618681 
0.00137516 0.102954 0.878593 0.000870558 0.0162077 
0.151322 0.319264 0.492461 0.000455513 0.0364972 
0.0431633 0.00667988 0.625395 2.53716e-05 0.324737 
0.0330039 0.0958149 0.858747 0.00143658 0.0109982 
0.0199807 0.0644664 0.690347 0.214074 0.0111314 
0.00190907 0.00922575 0.987192 1.61896e-05 0.00165674 
0.275682 0.124562 0.548996 0.00446802 0.0462919 
0.0468738 0.183413 0.735042 0.0223866 0.0122851 
0.0150245 0.341634 0.599008 0.00887003 0.0354629 
3.86331e-05 0.0626196 0.936963 2.61457e-05 0.000352173 
0.00718905 0.438288 0.55365 2.37229e-09 0.000873222 
0.0550405 0.0523899 0.876731 0.000863092 0.0149759 
0.0334133 0.000747468 0.965509 0.000315732 1.46278e-05 
0.00147042 0.0205347 0.860355 0.104504 0.013136 
0.0206119 0.00327435 0.975895 0.000110225 0.000108518 
0.00665496 0.279088 0.711854 0.000214946 0.00218789 
0.00377535 0.00974638 0.972243 0.000299714 0.013936 
0.00062265 0.178033 0.81901 4.72265e-05 0.00228639 
0.0408361 0.239578 0.664817 0.0202777 0.0344909 
0.00140037 0.0528581 0.802393 0.120133 0.0232155 
0.000482196 0.170458 0.803205 0.0256322 0.000222084 
0.00960608 0.366449 0.611959 0.0108868 0.00109948 
0.0324697 0.0276741 0.938778 7.21663e-05 0.00100612 
9.75272e-05 0.0043238 0.995509 5.88236e-05 1.09865e-05 
0.00280353 0.109427 0.887353 0.000412995 3.11141e-06 
0.119231 0.0420306 0.802361 0.0136219 0.022755 
3.86331e-05 0.0626196 0.936963 2.61457e-05 0.000352173 
0.00935921 0.069156 0.499632 0.409641 0.0122115 
0.00333932 0.18923 0.783763 0.0145874 0.00908105 
0.0112708 0.0144451 0.932605 1.61441e-08 0.0416795 
0.0168459 0.0237223 0.950044 0.000145307 0.00924205 
0.00052748 0.0429895 0.941385 0.00967212 0.00542615 
0.000173484 0.0457338 0.940273 0.000181655 0.0136382 
0.000771776 0.0696178 0.879133 0.0496462 0.000831008 
0.00044108 0.000475732 0.988158 2.54462e-06 0.0109229 
0.117941 0.142092 0.568162 0.101023 0.0707821 
0.00145198 0.115654 0.845649 0.0101153 0.0271295 
6.47748e-05 0.0238456 0.973749 7.31781e-11 0.00234022 
0.00585874 0.200102 0.793637 3.96551e-06 0.000398544 
0.00333363 0.00772428 0.948764 1.94523e-05 0.0401582 
0.049469 0.0934877 0.840453 0.00255532 0.0140352 
0.0126194 0.00688084 0.979605 0.0002954 0.000599358 
0.00583873 0.0591062 0.934577 8.0118e-05 0.000397666 
0.177702 0.173306 0.640837 0.000368539 0.00778595 
8.24007e-06 0.0638542 0.935468 0.000138432 0.000531042 
0.0808624 0.131429 0.778919 0.00706586 0.00172401 
0.0483013 0.211258 0.710318 0.000756042 0.029367 
0.0253842 0.44937 0.51975 0.000298572 0.00519663 
0.00981671 0.235591 0.751961 0.000694109 0.00193759 
0.00964624 0.0186276 0.92271 0.0320231 0.0169928 
0.330085 0.0466032 0.616366 0.000297775 0.00664784 
0.0231919 0.0611508 0.837197 0.000346941 0.0781134 
0.0431633 0.00667988 0.625395 2.53716e-05 0.324737 
0.00170265 0.0765113 0.880889 0.000290538 0.0406063 
0.000283053 0.0719206 0.849891 2.82865e-05 0.0778773 
0.040133 0.0209751 0.925291 7.9638e-05 0.0135208 
0.471238 0.0256303 0.490856 0.000527568 0.0117478 
0.0207787 0.143422 0.755096 0.0569595 0.0237439 
0.000974767 0.139125 0.777995 0.00429705 0.0776084 
0.0390729 0.210003 0.73423 0.000449344 0.0162448 
0.459844 0.0359816 0.49851 0.00246697 0.0031973 
0.160048 0.099118 0.740072 0.000466008 0.00029611 
0.195111 0.0443788 0.677251 0.0831879 7.03784e-05 
0.00105386 0.0121374 0.981668 0.000689631 0.00445119 
0.00114288 0.131211 0.851646 0.000320216 0.0156795 
0.0629758 0.127749 0.785592 0.000690146 0.0229928 
0.274883 0.122802 0.345331 0.000868579 0.256116 
0.000156151 0.0388335 0.938725 0.0162545 0.00603062 
0.0406548 0.148288 0.790686 0.00268495 0.0176862 
0.00864269 0.0818515 0.883058 0.0183917 0.0080561 
0.157818 0.268155 0.565285 0.00023323 0.00850908 
0.0027682 0.00536858 0.991265 0.000312054 0.000285977 
0.221346 0.0790056 0.699154 0.00049371 3.81107e-07 
0.000343592 0.00405538 0.995512 1.23835e-08 8.91503e-05 
0.00117503 0.0411551 0.957184 7.73501e-05 0.000408987 
0.00239822 0.274533 0.696511 0.00161659 0.0249408 
0.00193529 0.07867 0.874429 0.0407811 0.00418414 
0.0354068 0.355013 0.565591 0.00776725 0.0362218 
0.00052748 0.0429895 0.941385 0.00967212 0.00542615 
8.05351e-05 0.028108 0.948966 1.99143e-05 0.0228252 
6.75593e-05 0.0713967 0.904862 0.0175129 0.00616059 
0.00108575 0.0164911 0.855131 0.126196 0.00109701 
0.0153689 0.00840544 0.964491 0.00859302 0.00314154 
0.00491608 0.29987 0.667431 0.00272084 0.0250621 
0.000748595 0.124215 0.851759 0.000425214 0.0228527 
0.00653059 0.0129527 0.931941 6.20316e-05 0.0485141 
0.00040738 0.0337163 0.965866 1.04899e-05 6.88634e-08 
0.275321 0.0452248 0.510631 0.166225 0.00259808 
0.00741743 0.0100311 0.963729 0.000186704 0.0186358 
0.000173484 0.0457338 0.940273 0.000181655 0.0136382 
3.33911e-05 0.26401 0.728758 8.11697e-06 0.00719011 
0.0414052 0.0795332 0.879035 2.47324e-05 1.61339e-06 
0.35418 0.134392 0.439678 0.0536698 0.01808 
0.0967883 0.0477267 0.827563 0.00127407 0.0266479 
0.00193306 0.142921 0.850721 0.0016249 0.00280064 
0.0164272 0.371364 0.532678 0.0223016 0.0572292 
0.0634527 0.32753 0.388141 0.217905 0.00297066 
0.000267148 0.233108 0.765121 6.12678e-05 0.00144228 
0.014247 0.012816 0.820666 0.15226 1.11589e-05 
0.000958788 0.0355903 0.957265 0.000484665 0.00570113 
0.0801867 0.133243 0.75209 0.000398109 0.034082 
0.0011486 0.207176 0.716025 0.000635046 0.0750151 
0.0754929 0.0554101 0.810429 1.87998e-06 0.0586659 
0.00390741 0.0513042 0.941743 2.57774e-10 0.00304526 
0.0296717 0.141362 0.743626 0.0100112 0.0753295 
0.0994084 0.373325 0.485898 0.000115403 0.041253 
0.000568036 0.18223 0.769374 0.000485755 0.0473428 
5.8808e-10 0.0179592 0.974006 1.64329e-13 0.00803483 
0.425535 0.131773 0.44174 0.000474591 0.000476934 
0.105321 0.277485 0.482203 0.13152 0.00347026 
0.0656099 0.123066 0.801392 0.00254992 0.00738206 
0.0288434 0.468155 0.471898 0.00200759 0.0290961 
0.206362 0.138807 0.59689 0.0118317 0.0461092 
0.0220997 0.22087 0.679612 0.00763337 0.069784 
