0.000420392 0.0599965 0.924892 0.0129509 0.00174007 
0.655154 0.103998 0.203881 0.000336222 0.0366315 
0.223846 0.187236 0.542749 0.00176951 0.0444001 
0.862681 0.00241532 0.134722 0.000121782 6.06718e-05 
0.0385239 0.0264918 0.925942 0.00105102 0.00799074 
0.95238 0.00155036 0.0293142 0.00255178 0.0142036 
0.00423022 0.715679 0.276896 0.00125968 0.00193489 
0.000258327 0.94293 0.0440202 8.83248e-05 0.0127035 
0.658667 0.0667053 0.163784 0.0003499 0.110494 
0.000196034 0.0337324 0.937411 4.40301e-06 0.0286558 
0.00473236 0.950608 0.0205998 0.0164199 0.00763987 
0.536343 0.290792 0.172496 0.000219957 0.00014885 
0.00223747 0.000907033 0.995683 0.00100628 0.000166543 
0.011971 0.767993 0.214567 2.90098e-06 0.00546581 
0.359361 0.155337 0.479314 0.00551761 0.000469843 
0.619746 0.0548536 0.319483 0.00490733 0.00101041 
0.367457 0.341619 0.274107 0.0168138 2.66862e-06 
0.0386678 0.222611 0.719385 0.00252306 0.0168127 
0.0442441 0.11352 0.806939 0.00131609 0.0339812 
0.0025275 0.757299 0.0310747 2.38033e-06 0.209096 
0.0004292 0.734011 0.102941 1.34076e-07 0.162619 
0.0988085 0.46112 0.427438 0.0102317 0.00240203 
0.00388977 0.158165 0.665867 0.000176074 0.171902 
0.000767106 0.0338664 0.871171 0.000153703 0.094042 
0.011971 0.767993 0.214567 2.90098e-06 0.00546581 
0.109595 0.0947856 0.767903 0.000982452 0.0267345 
0.00516107 0.100557 0.891182 0.000152359 0.0029477 
0.0042588 0.250858 0.619112 0.081625 0.0441466 
0.00136948 0.0198698 0.956218 0.0162085 0.00633402 
0.0854559 0.0151367 0.898657 5.60335e-06 0.000744804 
0.18452 0.081121 0.729811 5.06911e-06 0.00454239 
0.00167167 0.862481 0.0679804 1.40874e-07 0.067867 
0.00866144 0.0733217 0.872483 3.41015e-05 0.0454997 
0.00492515 0.00480631 0.989573 0.000121406 0.00057417 
0.0347971 0.190522 0.741633 0.00446638 0.0285816 
0.103902 0.149134 0.729416 0.00308803 0.0144604 
3.45689e-05 0.319994 0.679969 1.73997e-06 1.16727e-07 
0.000547627 0.628401 0.349685 0.000401198 0.0209652 
0.24535 0.0341985 0.719911 0.000466442 7.31084e-05 
0.0277581 0.347213 0.612946 0.000182232 0.0119005 
0.0186014 0.184675 0.782749 0.000146351 0.0138288 
0.000369046 0.501676 0.119334 9.33541e-06 0.378612 
4.44561e-06 0.103251 0.5578 5.27734e-06 0.33894 
0.0951773 0.142527 0.6895 0.00972933 0.0630657 
0.000253168 0.273976 0.724742 0.000232442 0.000795794 
0.820352 0.0194538 0.14715 6.25842e-05 0.0129818 
0.114677 0.0671897 0.792559 0.00130612 0.0242682 
0.0116096 0.649151 0.331206 0.000126014 0.00790806 
0.0167529 0.10474 0.872764 0.000190199 0.00555238 
0.02347 0.233751 0.602815 0.128848 0.0111159 
0.000173484 0.0457338 0.940273 0.000181655 0.0136382 
0.00316021 0.202985 0.77796 0.000306003 0.0155881 
0.321063 0.0660165 0.610663 0.000659042 0.00159779 
0.986775 0.0021911 0.00906466 0.000344218 0.00162501 
0.0035712 0.819277 0.132101 8.09918e-05 0.0449694 
0.0213714 0.0421108 0.925343 0.000465788 0.0107085 
2.64052e-06 0.0437056 0.949548 4.00435e-07 0.00674329 
0.214332 0.284056 0.415278 0.0858202 0.000513071 
0.517555 0.0266488 0.401264 0.0174044 0.0371271 
0.00280353 0.109427 0.887353 0.000412995 3.11141e-06 
0.0126467 0.0482914 0.907037 0.0272199 0.0048049 
0.325968 0.0243946 0.63722 0.00131406 0.0111027 
6.10366e-05 0.0152767 0.981526 7.39826e-06 0.00312869 
0.180889 0.0289776 0.780572 4.42977e-06 0.00955762 
0.0107947 0.0981505 0.864121 0.00508583 0.0218478 
0.0773276 0.124128 0.791734 0.000459533 0.00635054 
0.0300387 0.144247 0.785685 0.0377198 0.00231034 
0.000676205 0.628633 0.173125 1.30978e-06 0.197564 
0.000322664 0.122997 0.778797 0.0118765 0.0860066 
0.536914 0.17136 0.291433 6.1981e-05 0.00023091 
0.80799 0.118975 0.0677105 0.00153277 0.00379099 
0.00218846 0.592494 0.254346 0.000370399 0.150601 
0.0620062 0.770647 0.0998781 0.00146396 0.0660044 
0.00432553 0.0123094 0.98285 0.000352963 0.000162061 
0.0182703 0.102704 0.868495 0.000228901 0.010302 
0.00105405 0.0221163 0.106908 2.80062e-05 0.869893 
0.119786 0.0441174 0.835321 0.000775454 2.57947e-08 
0.0431633 0.00667988 0.625395 2.53716e-05 0.324737 
0.0101201 0.0453164 0.918105 0.00892354 0.0175346 
0.983031 0.00694699 0.00303786 0.000597975 0.0063865 
0.221609 0.136289 0.628678 0.00223608 0.0111873 
0.174638 0.0231919 0.730336 0.000163281 0.0716708 
0.0262718 0.0529947 0.903202 0.000185855 0.0173456 
0.123248 0.119976 0.756268 0.000207505 0.000300539 
0.253014 0.0967255 0.616611 6.67625e-05 0.0335831 
0.0212719 0.366317 0.51667 0.00138116 0.0943601 
0.000175991 0.0702441 0.0504565 0.00188921 0.877234 
0.00181046 0.0652702 0.877867 0.00846509 0.0465872 
0.520518 0.0898911 0.385471 0.000401295 0.00371795 
0.0104535 0.0352599 0.724536 5.87919e-06 0.229745 
0.0215827 0.0247755 0.952228 0.000814837 0.000598593 
0.00187806 0.137062 0.761806 0.000119178 0.0991342 
0.0296389 0.079791 0.874833 0.00833534 0.00740146 
0.00329532 0.0411536 0.948384 0.00495464 0.00221222 
0.00231451 0.788187 0.208811 0.000393671 0.000293655 
0.0105331 0.0319891 0.937355 0.015702 0.00442086 
0.0867781 0.0367 0.867782 0.00862353 0.000116165 
0.0359857 0.257566 0.656266 0.00086965 0.0493131 
0.023951 0.623073 0.175043 0.0186019 0.159331 
0.0216871 0.622354 0.336361 0.00556565 0.0140327 
0.126886 0.0530339 0.802601 0.0168681 0.000610969 
0.989823 0.00117407 0.00681994 0.000840663 0.00134255 
0.00353888 0.129754 0.796458 0.0015518 0.0686979 
0.000714504 0.104297 0.314786 6.74753e-06 0.580196 
0.0121599 0.574896 0.373812 0.00864426 0.0304884 
1.92472e-05 0.023896 0.962863 3.39993e-05 0.0131878 
0.00344941 0.253753 0.728722 0.000821267 0.0132552 
0.00245254 0.0672847 0.926964 0.00131821 0.0019805 
0.0246326 0.0445157 0.906417 0.0169961 0.0074391 
0.000539571 0.161541 0.724221 1.87012e-05 0.113679 
7.68424e-05 0.939239 0.0514039 3.27701e-05 0.0092474 
0.138382 0.00852834 0.766711 0.0801094 0.00626923 
1.85825e-09 0.0284889 0.0157547 0.000378117 0.955378 
3.77653e-05 0.293573 0.0170179 0.0157614 0.67361 
0.00158107 0.0299159 0.160362 4.20063e-05 0.808099 
2.18054e-05 0.93464 0.0300533 8.40165e-05 0.0352011 
0.00740031 0.0295238 0.960265 1.98443e-05 0.00279149 
0.0432136 0.329364 0.588899 0.00716931 0.0313543 
0.618824 0.00782561 0.372849 0.00050162 1.61579e-09 
0.022778 0.738835 0.178953 0.00446537 0.0549688 
0.000214387 0.33415 0.63127 0.0196661 0.0146993 
0.00190748 0.161825 0.826552 4.1272e-05 0.00967436 
0.0282708 0.0916618 0.845591 0.033078 0.00139798 
4.46268e-05 0.999821 4.46346e-05 4.46256e-05 4.46287e-05 
0.00625376 0.141068 0.769778 0.00196741 0.0809336 
0.76024 0.0254992 0.164789 0.002309 0.047163 
0.941114 0.000142036 0.0484879 0.0102322 2.42165e-05 
0.00432799 0.0177613 0.962836 0.00365354 0.0114211 
0.000974084 0.600784 0.127594 0.00052897 0.270119 
0.0239714 0.0706809 0.880632 0.00470254 0.0200127 
0.00112526 0.177576 0.75577 3.77047e-05 0.0654912 
0.0053863 0.0422243 0.93306 0.00220746 0.0171222 
0.152008 0.514128 0.293365 7.63798e-06 0.0404917 
0.0239323 0.358399 0.535186 3.10976e-06 0.0824794 
0.053151 0.0200377 0.915772 9.05273e-06 0.0110301 
0.261317 0.376799 0.32782 0.00576867 0.028294 
0.0314182 0.0802879 0.849352 0.0284245 0.0105169 
0.00260192 0.647452 0.348219 0.000683445 0.00104357 
0.0263755 0.118784 0.783667 0.045389 0.0257846 
0.171641 2.72441e-05 0.828277 2.72395e-05 2.72414e-05 
0.00066249 0.806188 0.101039 0.000556081 0.0915542 
0.0433839 0.7216 0.161297 0.00246614 0.0712533 
0.000426851 0.0468419 0.95246 0.000270244 1.06738e-06 
0.424697 0.106924 0.449776 0.000573319 0.0180301 
0.47317 0.219516 0.291214 0.000345429 0.0157546 
0.0626224 0.399334 0.51544 0.000969077 0.0216342 
0.00652015 0.41046 0.366899 0.214783 0.00133885 
0.157974 0.274835 0.542119 0.0250691 2.36495e-06 
0.00811203 0.700639 0.273899 1.11404e-05 0.0173393 
0.000259563 0.99958 4.87232e-05 1.17687e-07 0.000111709 
0.599935 0.205559 0.148521 0.0440108 0.0019739 
0.161724 0.229548 0.606391 0.000498689 0.00183793 
0.011971 0.767993 0.214567 2.90098e-06 0.00546581 
0.000343592 0.00405538 0.995512 1.23835e-08 8.91503e-05 
0.00234624 0.0417216 0.950915 0.00289779 0.00211983 
0.0829719 0.0198233 0.873572 0.000973501 0.0226592 
0.00159947 0.0592356 0.932808 0.000237978 0.00611939 
0.00281404 0.480984 0.461347 4.4741e-05 0.0548095 
0.0413635 0.385458 0.426551 0.00128622 0.145341 
0.0103373 0.79648 0.186901 1.10079e-05 0.00627039 
0.805247 0.0139006 0.177825 0.00302635 6.92331e-07 
0.000833992 0.265096 0.7157 0.0001763 0.0181928 
0.865807 0.0512842 0.0691182 0.000432523 0.0133578 
0.0130249 0.698115 0.160074 0.00285034 0.125935 
0.000199781 0.0054764 0.985569 2.33385e-06 0.00875284 
0.00463713 0.00935548 0.985732 0.000114823 0.000160966 
0.0422024 0.129449 0.175404 8.3263e-06 0.652936 
0.026515 0.042643 0.694603 0.0458307 0.190408 
0.984542 0.00438189 0.0095965 0.00070496 0.000774516 
0.00494163 0.830988 0.0845094 0.00111129 0.0784495 
0.398746 0.103872 0.490282 0.0013204 0.0057804 
0.000124409 0.147487 0.846844 3.01322e-05 0.00551477 
0.00803411 0.217974 0.755497 0.000970396 0.0175238 
9.28382e-06 0.870983 0.12885 4.38121e-06 0.00015378 
0.03016 0.0973075 0.831575 0.0277113 0.0132464 
0.0603555 0.00258722 0.933445 0.00178501 0.00182769 
0.036093 0.381871 0.298834 0.00406233 0.27914 
0.375319 0.403457 0.193354 0.0278671 2.1771e-06 
0.00271151 0.036793 0.92457 0.0218733 0.0140523 
0.593241 0.0719354 0.31198 1.9355e-05 0.0228243 
0.00382544 0.139489 0.846573 0.00156425 0.00854837 
0.276889 0.0613544 0.660525 0.00123144 2.17622e-07 
0.162034 0.0678779 0.764603 0.0054461 3.90676e-05 
0.00185129 0.719626 0.0930956 0.00474632 0.180681 
0.031133 0.0120104 0.956268 2.54843e-07 0.000587971 
0.0105656 0.0555333 0.930456 0.00143756 0.00200759 
0.00473236 0.950608 0.0205998 0.0164199 0.00763987 
3.75062e-05 0.0116337 0.975868 0.00016005 0.0123011 
0.09213 0.616494 0.271775 0.0193885 0.000212143 
0.0494817 0.0157912 0.921725 0.01192 0.00108228 
0.095378 0.0285522 0.874149 0.00034779 0.00157285 
0.000437982 0.145025 0.0471767 0.0651827 0.742178 
0.00427343 0.704454 0.103704 0.00825046 0.179318 
0.408969 0.0611612 0.507113 0.000708769 0.022048 
0.0111598 0.660313 0.277277 0.000243511 0.0510072 
0.00504547 0.00686651 0.978078 0.00114395 0.0088662 
1.59264e-05 0.0731113 0.821723 7.06732e-05 0.105079 
0.0132355 0.00646939 0.978433 1.14272e-05 0.00185114 
0.0143123 0.192294 0.650921 0.000150511 0.142321 
0.00842459 0.081165 0.881661 0.000174251 0.0285747 
2.54784e-05 0.196937 0.728449 2.9335e-06 0.0745857 
0.000489565 0.894437 0.0547686 7.30418e-06 0.0502973 
0.0102485 0.0238033 0.962834 0.00282718 0.000286637 
0.000478006 0.0220723 0.977298 0.000136946 1.45828e-05 
0.00112047 0.286739 0.700781 1.36688e-08 0.0113594 
0.0292293 0.0099558 0.938841 0.000128523 0.0218455 
7.8861e-05 0.163412 0.835022 1.14145e-05 0.00147589 
0.0702332 0.382152 0.476254 0.00089097 0.0704691 
0.000486108 0.0162508 0.979171 0.000153124 0.00393923 
0.00725714 0.0923066 0.862782 0.000717689 0.0369367 
0.124485 0.056455 0.784809 0.0342231 2.76436e-05 
5.62133e-05 0.0119353 0.973632 9.90312e-05 0.0142775 
0.134855 0.127011 0.684668 0.00253975 0.0509261 
0.334276 0.420021 0.245702 1.87413e-07 5.14694e-07 
0.00131566 0.00852143 0.926826 0.000996854 0.0623403 
0.00915125 0.445157 0.492975 0.000361188 0.0523559 
0.0368282 0.199928 0.5055 0.00114151 0.256603 
0.324153 0.0431229 0.603912 0.0218419 0.00697048 
0.135356 0.549518 0.293317 0.0189544 0.0028544 
0.196548 0.21629 0.514385 6.35993e-06 0.0727708 
0.183837 0.0543167 0.747614 0.000604987 0.0136269 
0.0149376 0.260683 0.690731 0.0012164 0.0324323 
0.000246756 0.00394319 0.972257 1.29699e-08 0.0235527 
0.0241089 0.14698 0.82282 0.000178163 0.00591253 
0.00144415 0.837089 0.063921 0.00031764 0.0972284 
0.0543894 0.0699963 0.799199 0.0175286 0.0588868 
0.43624 0.0946013 0.411219 0.0415185 0.0164207 
0.00348161 0.0258879 0.956774 0.0041505 0.00970621 
1.02954e-06 0.0558856 0.795117 2.78518e-05 0.148968 
0.00146527 0.017635 0.977165 0.00194067 0.00179366 
0.0047172 0.128827 0.853166 0.00242265 0.0108667 
0.464344 0.0378138 0.29336 0.198107 0.0063749 
0.00191252 0.125832 0.862501 0.00907773 0.000677434 
0.0264992 0.215061 0.574883 0.182784 0.000772993 
0.00606565 0.309494 0.679489 5.02425e-07 0.00495104 
0.127777 0.133942 0.476188 0.116981 0.145113 
0.000559062 0.0331078 0.965951 7.98181e-06 0.000373891 
0.00667038 0.495421 0.396386 0.00251692 0.0990058 
0.330085 0.0466032 0.616366 0.000297775 0.00664784 
0.000234427 0.829189 0.143596 0.00919374 0.0177864 
0.0487231 0.0773424 0.869868 0.000161484 0.00390484 
0.0224315 0.0564521 0.920817 0.000297881 1.46514e-06 
0.999496 0.000259619 0.000165249 1.54225e-05 6.35915e-05 
1.19149e-05 0.123499 0.841268 6.37349e-06 0.0352142 
0.0290058 0.170967 0.799374 0.000250595 0.000403172 
0.00146491 0.255017 0.728065 0.00729464 0.00815816 
0.011971 0.767993 0.214567 2.90098e-06 0.00546581 
5.55768e-05 0.026655 0.973289 7.84484e-09 9.48193e-08 
0.000173484 0.0457338 0.940273 0.000181655 0.0136382 
0.0219187 0.886197 0.0913052 0.000152364 0.00042639 
0.0541313 0.302518 0.643323 1.97386e-06 2.59632e-05 
0.1365 0.00903541 0.854464 5.53795e-07 8.90457e-08 
1.85825e-09 0.0284889 0.0157547 0.000378117 0.955378 
0.027265 0.771811 0.197496 0.00247748 0.00094974 
3.86331e-05 0.0626196 0.936963 2.61457e-05 0.000352173 
0.00198424 0.966742 0.0304161 5.36003e-06 0.00085244 
0.0495607 0.106164 0.843808 0.000450537 1.73211e-05 
0.00473236 0.950608 0.0205998 0.0164199 0.00763987 
0.00947444 0.870523 0.119819 1.0026e-05 0.000173057 
0.00553406 0.137731 0.75747 6.2628e-05 0.0992026 
2.24457e-06 0.274179 0.12341 0.00143157 0.600977 
0.000145572 0.483082 0.0291665 0.00165535 0.48595 
0.0899975 0.674658 0.234699 5.02944e-05 0.000595944 
0.00144995 0.0882247 0.905321 1.00851e-06 0.00500286 
0.00878149 0.00926233 0.980546 0.00110929 0.000301041 
0.0431633 0.00667988 0.625395 2.53716e-05 0.324737 
0.0285918 0.255491 0.134481 0.00479344 0.576643 
0.00524955 0.0159709 0.978049 0.000321297 0.000409327 
0.0080277 0.0577199 0.918052 0.000711362 0.015489 
0.875739 0.0600187 0.0630864 0.000716464 0.000439414 
0.771307 0.126788 0.0116185 0.0446079 0.0456787 
0.345409 0.23173 0.41658 0.00482883 0.00145115 
0.296907 0.00177844 0.695202 0.00170232 0.00441029 
0.00169727 0.0457141 0.904572 0.000412386 0.0476045 
0.276083 0.119622 0.534912 0.0120333 0.0573493 
0.0975046 0.0480329 0.83093 0.0233226 0.000209564 
0.163111 0.13544 0.695071 0.00100458 0.00537333 
0.00469552 0.205199 0.783922 0.000810622 0.00537267 
0.222819 0.199145 0.564832 0.00932624 0.00387775 
0.0761061 0.278548 0.600689 0.0320681 0.0125886 
0.00485917 0.027587 0.921058 0.00182981 0.0446662 
0.014037 0.0605341 0.882662 0.0137424 0.0290248 
0.0374405 0.554325 0.394134 0.000595588 0.0135041 
0.393016 0.422728 0.144527 0.00230355 0.0374251 
0.0612088 0.0302885 0.906273 5.65701e-08 0.00222977 
0.106631 0.662584 0.225232 0.00133094 0.00422144 
0.0954407 0.319968 0.548495 0.0255628 0.010533 
0.00348203 0.0395219 0.905319 0.00349999 0.0481774 
0.00055154 0.300887 0.677624 2.78507e-05 0.0209092 
0.00288525 0.00549997 0.991032 0.000208067 0.000374697 
0.198155 0.0374692 0.753458 0.00457119 0.00634678 
0.00121475 0.0499627 0.884066 0.03122 0.0335367 
0.861286 0.00736213 0.131341 1.7547e-06 9.16862e-06 
0.00462946 0.139996 0.766876 0.0875842 0.000914808 
0.0103342 0.0396931 0.928786 0.0186368 0.00255006 
0.00285394 0.00282232 0.99039 0.000791695 0.00314248 
0.733478 0.191276 0.0670586 2.24042e-05 0.00816432 
0.00366079 0.163641 0.82188 0.00227205 0.00854636 
0.00473236 0.950608 0.0205998 0.0164199 0.00763987 
0.0014865 0.622943 0.256153 0.0480923 0.0713251 
0.361762 0.25532 0.198628 0.00188526 0.182404 
0.00178255 0.0176094 0.97147 5.88085e-05 0.00907899 
0.0061972 0.00155037 0.990731 0.000637753 0.000884055 
0.617601 0.0763691 0.306019 1.08756e-05 1.15269e-07 
0.563587 0.0273485 0.301795 0.00676656 0.100502 
0.698202 0.0697592 0.168671 0.00050068 0.0628677 
0.534042 0.171071 0.291486 0.00020341 0.00319804 
0.663084 6.69542e-05 0.336838 1.06574e-05 1.84098e-09 
3.31273e-05 0.903469 0.0459084 0.000124107 0.0504651 
0.00167167 0.862481 0.0679804 1.40874e-07 0.067867 
0.0026919 0.113998 0.881531 0.000207194 0.00157191 
0.0227211 0.0710787 0.877697 0.00419965 0.0243039 
0.0963503 0.120522 0.779038 0.000145665 0.00394343 
0.418792 0.30261 0.270477 0.00811904 3.24655e-06 
0.00116241 0.222971 0.607616 0.00232373 0.165927 
0.00374168 0.195017 0.701082 0.000817848 0.0993417 
0.834368 0.0972166 0.0551312 0.000858876 0.0124253 
0.00722759 0.139342 0.853008 7.45733e-09 0.000422816 
0.00212559 0.0629577 0.91221 0.00124851 0.0214581 
0.00449284 0.0765178 0.836571 0.0483394 0.0340791 
0.0284819 0.226625 0.278668 0.000196021 0.46603 
0.00312008 0.113875 0.766036 0.0001498 0.11682 
0.828539 0.0121596 0.138769 0.00146438 0.0190683 
0.0015004 0.045326 0.915424 0.00037672 0.0373725 
0.0497806 0.500529 0.426955 5.41019e-06 0.0227298 
0.796355 0.0110697 0.181938 0.0106379 6.06844e-10 
0.00102428 0.0389245 0.922294 0.0231887 0.0145685 
1.153e-07 0.44422 0.163916 0.000369064 0.391495 
0.00473236 0.950608 0.0205998 0.0164199 0.00763987 
7.06589e-09 0.077395 0.919307 0.00304779 0.000250244 
0.0778296 0.109481 0.800301 0.00927451 0.00311345 
0.0777706 0.00436264 0.916887 3.86261e-07 0.000979526 
0.00842721 0.187831 0.785268 0.000109146 0.0183647 
5.17987e-06 0.00228857 0.997597 3.93562e-05 7.03365e-05 
8.39323e-05 0.935829 0.0505876 5.00372e-05 0.0134495 
0.000561956 0.0276185 0.93206 0.00442919 0.0353308 
0.00551836 0.935825 0.0577618 0.000894385 1.75863e-07 
0.0243574 0.272863 0.578373 0.000300301 0.124107 
1.15955e-05 0.0563182 0.920936 8.14502e-06 0.0227259 
0.716488 0.0309744 0.150777 0.00875065 0.0930096 
0.000671797 0.283046 0.680989 4.92412e-05 0.0352434 
0.00656087 0.0344524 0.958428 4.74615e-08 0.000558971 
9.54303e-05 0.965884 0.0250499 0.000119783 0.00885124 
0.00248218 0.0313845 0.96085 0.000105099 0.00517833 
0.220959 0.559219 0.210652 0.00696501 0.00220584 
9.99295e-05 0.329814 0.657647 1.1133e-06 0.0124371 
4.07174e-09 0.0133067 0.986692 1.75097e-09 8.18371e-07 
7.68424e-05 0.939239 0.0514039 3.27701e-05 0.0092474 
0.0258733 0.23437 0.707602 0.00210995 0.0300444 
0.558838 0.388692 0.0340522 0.00215772 0.0162594 
0.214802 0.030774 0.649137 0.0993294 0.00595792 
0.0204942 0.0168552 0.95786 0.00428538 0.000505281 
0.100833 0.529057 0.369446 0.000280167 0.000383798 
0.257306 0.153502 0.567085 0.00134359 0.0207636 
0.0150506 0.604141 0.245896 0.00511057 0.129802 
0.000156738 0.0526221 0.704449 0.00487618 0.237896 
0.00818003 0.00186795 0.989514 0.000397582 4.06409e-05 
3.86331e-05 0.0626196 0.936963 2.61457e-05 0.000352173 
0.995159 0.000366645 0.0032734 0.000435876 0.00076548 
0.106269 0.0779202 0.724967 0.0234624 0.0673812 
0.000148279 0.000339835 0.99939 9.5513e-05 2.67842e-05 
0.704118 0.283909 0.00719531 0.00477736 5.43256e-07 
0.00473236 0.950608 0.0205998 0.0164199 0.00763987 
0.00311147 0.154719 0.48336 0.166234 0.192576 
0.00218968 0.122104 0.858654 0.00289938 0.0141531 
0.000525487 0.239133 0.74661 4.91639e-05 0.0136819 
0.0377844 0.159606 0.736289 0.00278431 0.0635371 
9.95034e-08 0.090911 0.908452 7.77905e-08 0.000636707 
0.000173484 0.0457338 0.940273 0.000181655 0.0136382 
0.0222899 0.232814 0.661533 0.00913637 0.0742272 
0.0393386 0.760573 0.19671 0.00017913 0.00320012 
0.0281214 0.0126961 0.955308 0.000180728 0.0036942 
0.000241553 0.0325131 0.92644 0.000183138 0.0406223 
0.00349855 0.457175 0.494036 0.000345778 0.0449447 
0.0068163 0.359284 0.584696 5.153e-06 0.0491979 
0.011971 0.767993 0.214567 2.90098e-06 0.00546581 
0.771054 0.0460288 0.142665 0.0082352 0.0320173 
0.00436674 0.692172 0.278237 0.00240381 0.0228206 
0.000932407 0.0865953 0.847471 4.13122e-06 0.0649971 
0.00779534 0.0366939 0.93753 0.00023388 0.0177471 
0.0071468 0.486804 0.465073 0.000236667 0.04074 
0.00208852 0.839112 0.142825 0.00262101 0.0133528 
0.00357866 0.0416631 0.932023 0.000176637 0.0225589 
0.00589757 0.045104 0.898475 0.00243118 0.0480919 
0.592765 0.00340535 0.401924 3.76395e-05 0.00186871 
0.881233 0.0907204 0.0268733 0.00104665 0.000126658 
0.00508049 0.0407442 0.951322 7.87856e-05 0.00277469 
0.0139648 0.0930146 0.857228 0.000763286 0.0350293 
0.0330311 0.0205583 0.944792 0.000156114 0.00146247 
0.0431633 0.00667988 0.625395 2.53716e-05 0.324737 
0.00166488 0.170956 0.81732 0.00095027 0.00910916 
0.000173484 0.0457338 0.940273 0.000181655 0.0136382 
0.746847 0.139117 0.112168 0.000250599 0.00161725 
0.0207787 0.143422 0.755096 0.0569595 0.0237439 
3.04211e-08 0.000248109 0.999752 4.20993e-11 3.29255e-08 
0.047846 0.500632 0.192024 0.00100883 0.25849 
0.0958166 0.551828 0.27896 0.000399673 0.072996 
0.000136251 0.000737147 0.997285 0.000197559 0.00164418 
3.91414e-12 0.0342094 0.96579 4.48542e-12 2.45837e-07 
0.00299598 0.0382325 0.875946 0.0271729 0.0556522 
0.00367522 0.0490514 0.774361 0.00299997 0.169912 
0.0027079 0.0199643 0.940682 0.00183748 0.0348084 
0.00473236 0.950608 0.0205998 0.0164199 0.00763987 
0.0011232 0.125958 0.838997 0.000319735 0.0336021 
0.95238 0.00155036 0.0293142 0.00255178 0.0142036 
0.553026 0.372883 0.0656114 0.000396043 0.00808414 
0.00911763 0.136568 0.829962 0.0159155 0.00843619 
0.000876924 0.723652 0.137674 0.135766 0.00203008 
0.000135849 0.0612709 0.937369 0.000727249 0.000497024 
0.000319904 0.239674 0.730085 0.0232497 0.00667124 
0.00422043 0.434557 0.545431 0.000933578 0.0148581 
0.0365702 0.0765273 0.886193 0.000196581 0.000513038 
0.0026919 0.113998 0.881531 0.000207194 0.00157191 
0.616516 0.00725395 0.375164 0.000143887 0.000922757 
0.0096744 0.41276 0.577205 0.000198924 0.000162493 
0.000403625 0.937799 0.0606163 9.44902e-11 0.00118072 
0.82926 0.0353414 0.132403 1.15414e-06 0.00299457 
0.145588 0.66521 0.150566 0.00271122 0.0359253 
0.00473236 0.950608 0.0205998 0.0164199 0.00763987 
0.0200284 0.0721112 0.892703 0.0137053 0.00145189 
0.0507023 0.0694088 0.869616 0.00902361 0.00124942 
0.000830277 0.207982 0.790871 2.2486e-06 0.000315128 
0.046365 0.021217 0.905016 0.000259835 0.0271418 
0.105155 0.0221145 0.811487 3.6536e-05 0.0612062 
0.0267897 0.037301 0.92654 0.00333542 0.00603392 
0.010301 0.665548 0.227047 0.0066767 0.0904273 
0.000251804 0.225573 0.77252 0.000207418 0.0014474 
0.43219 0.33253 0.234371 3.61732e-05 0.000873174 
0.0219734 0.95007 0.0131418 1.03021e-08 0.0148147 
0.974003 0.0101106 0.0157465 0.000139655 3.54754e-07 
0.01374 0.263862 0.401597 0.00122957 0.319571 
0.00305449 0.102926 0.850699 0.0184798 0.0248406 
0.00035909 0.826429 0.0737839 0.00347617 0.0959522 
0.0574249 0.611912 0.322326 6.09344e-05 0.00827529 
0.00621439 0.200159 0.793116 9.51335e-06 0.000500779 
0.966338 0.00606522 0.0174553 0.000163224 0.00997866 
0.000160863 0.761789 0.174973 2.60543e-05 0.0630511 
0.500104 0.0214604 0.467142 0.0110843 0.000208941 
0.00258783 0.122533 0.852321 0.00266703 0.0198909 
0.00148738 0.0484152 0.921547 0.0076677 0.0208829 
1.87644e-05 0.806794 0.140059 1.60319e-06 0.0531273 
0.00494985 0.914639 0.0287657 6.20445e-06 0.0516397 
0.0214218 0.0936187 0.866735 0.000493885 0.0177301 
0.00554632 0.322299 0.583513 0.00249742 0.0861447 
0.0127886 0.0503015 0.913143 7.10601e-05 0.0236961 
0.535824 0.114218 0.349953 4.71824e-06 4.5567e-07 
7.05417e-05 0.444288 0.385152 0.0264422 0.144047 
0.0146358 0.0255638 0.935242 0.0091013 0.0154568 
0.0508423 0.739835 0.195319 4.50308e-06 0.0139991 
1.97946e-05 0.163602 0.826816 0.00675834 0.00280391 
0.232339 0.00990871 0.661484 0.0927368 0.00353214 
0.411091 0.0096696 0.411816 8.94685e-05 0.167334 
0.0146379 0.438003 0.531402 0.000533486 0.0154238 
2.73491e-05 0.149785 0.846322 9.34771e-07 0.00386456 
0.0888839 0.6584 0.240195 3.91614e-07 0.0125204 
0.0100837 0.149029 0.745026 0.00527424 0.0905869 
0.00232088 0.026666 0.909895 0.0131487 0.0479691 
0.50253 0.267084 0.223414 0.000227473 0.0067456 
0.011066 0.0683872 0.913321 0.00114569 0.00608038 
0.198287 0.105402 0.691381 0.00362312 0.00130765 
8.3936e-05 0.995651 0.0011552 0.000185051 0.00292456 
0.115505 0.153734 0.727203 0.0032576 0.000300394 
0.351186 0.0377186 0.543729 0.0520763 0.0152904 
0.0193048 0.254527 0.693167 7.22873e-05 0.0329287 
0.00291742 0.0203576 0.965286 0.0107556 0.000683367 
0.00473236 0.950608 0.0205998 0.0164199 0.00763987 
0.241313 0.579044 0.159878 0.000859379 0.0189056 
0.671929 0.0143512 0.29675 0.00254046 0.0144297 
0.0135309 0.0445112 0.911706 0.00983348 0.020418 
0.23174 0.0123456 0.743719 0.0121955 6.58732e-08 
0.259404 0.259022 0.441886 0.0375571 0.00213132 
0.0147861 0.00883293 0.971183 0.00211013 0.00308778 
9.13135e-05 0.408775 0.557968 0.010611 0.0225549 
0.0036207 0.336323 0.259228 3.28387e-05 0.400796 
0.0163322 0.0294613 0.907268 0.00296087 0.0439781 
0.0628474 0.127647 0.790197 0.00870838 0.0106003 
0.000475033 0.961381 0.0227325 0.000107588 0.0153038 
8.90891e-06 0.000142294 0.999632 6.44196e-05 0.000152715 
0.00408999 0.64651 0.349336 3.39613e-05 3.01651e-05 
0.771054 0.0460288 0.142665 0.0082352 0.0320173 
0.296647 0.181101 0.483605 0.0226277 0.0160189 
9.29674e-05 0.0484846 0.94206 9.73427e-05 0.00926537 
0.00530345 0.143856 0.837407 0.000654849 0.0127789 
0.000110482 0.867119 0.0475302 7.29056e-05 0.0851675 
0.000355285 0.562404 0.0596574 6.56874e-05 0.377517 
0.000175897 0.976966 0.0228119 1.34628e-05 3.28131e-05 
0.0309742 0.205987 0.756971 0.000575388 0.00549307 
0.00725252 0.125092 0.820314 0.0330901 0.0142514 
0.0287153 0.546849 0.42348 0.000102066 0.000853291 
0.0246483 0.746385 0.217249 0.00120444 0.0105141 
0.0181124 0.496606 0.441595 0.00803709 0.0356491 
0.079799 0.0245397 0.852986 0.0406952 0.00197984 
0.0222132 0.120325 0.735179 0.10318 0.0191027 
0.0175559 0.398605 0.574072 0.000963156 0.0088035 
0.00606281 0.0463308 0.947605 1.0023e-06 7.68845e-10 
0.0189263 0.329066 0.652008 5.64129e-11 3.89891e-11 
0.00915831 0.3959 0.549234 0.0208676 0.0248405 
0.00890438 0.156196 0.83467 3.16341e-07 0.000229263 
0.00240393 0.227235 0.761533 0.000139168 0.00868842 
0.00553406 0.137731 0.75747 6.2628e-05 0.0992026 
0.0194514 0.020187 0.959977 0.000184255 0.000200244 
0.00241009 0.0357612 0.935029 0.000131511 0.0266683 
0.000343592 0.00405538 0.995512 1.23835e-08 8.91503e-05 
8.19039e-05 0.76175 0.230449 4.91219e-08 0.00771904 
0.22003 0.0990812 0.64273 0.000118287 0.0380409 
0.000549084 0.275419 0.53791 0.000105498 0.186016 
0.00856561 0.0697871 0.840034 0.0487489 0.0328645 
0.078525 0.242232 0.670784 0.00181472 0.00664397 
0.0147323 0.79772 0.146093 0.00441242 0.0370415 
0.00294061 0.0438216 0.900262 0.00275581 0.0502202 
0.00013434 0.699419 0.0667284 0.00028712 0.233431 
0.557822 0.141442 0.292639 0.00577113 0.00232635 
0.0184113 0.634879 0.235644 0.00174143 0.109324 
0.00010511 0.136263 0.763755 0.0867028 0.0131737 
0.0631915 0.0584365 0.838483 0.0168882 0.0230005 
0.00066891 0.0768071 0.921657 9.74385e-05 0.000769189 
0.959625 0.00360896 0.0357262 0.00038523 0.000654092 
0.0431633 0.00667988 0.625395 2.53716e-05 0.324737 
0.000746947 0.320964 0.556022 5.50625e-05 0.122212 
0.00784689 0.297167 0.186441 3.28366e-05 0.508513 
0.798884 0.0235154 0.172413 0.000819943 0.00436758 
0.0933219 0.771601 0.119713 0.000221886 0.0151428 
0.00292061 0.347928 0.615269 0.0039983 0.0298846 
0.0519339 0.804708 0.124243 0.000442765 0.0186718 
0.00780563 0.241225 0.749829 1.01367e-05 0.00113001 
0.0631567 0.247508 0.382766 0.00419909 0.302371 
0.0384183 0.111739 0.73188 0.0248904 0.0930716 
0.187563 0.341223 0.456293 0.000713405 0.0142067 
0.110484 0.325069 0.557942 5.63248e-06 0.00649884 
0.0247996 0.466487 0.506424 0.000297456 0.00199193 
1.97946e-05 0.163602 0.826816 0.00675834 0.00280391 
0.024094 0.0431245 0.925885 0.00020546 0.00669049 
0.169457 0.385728 0.443645 1.20126e-05 0.00115799 
0.651856 0.118731 0.229413 5.11252e-07 2.41734e-07 
0.0284238 0.0453028 0.884283 0.0395484 0.00244222 
0.0046123 0.178054 0.806449 0.000163998 0.0107205 
1.3475e-06 0.0637962 0.92946 1.41486e-09 0.00674293 
0.00141555 0.237259 0.720283 0.0177157 0.0233263 
0.0142034 0.0649271 0.8939 0.00198537 0.0249843 
1.06255e-05 0.0541223 0.875715 9.91478e-05 0.0700531 
0.418336 0.361313 0.168346 0.000143206 0.0518618 
0.0121413 0.0641982 0.897073 0.0101684 0.0164189 
0.0786176 0.571742 0.314872 0.00109286 0.0336751 
0.000383518 0.0488244 0.93516 0.00037482 0.0152569 
0.027217 0.0504863 0.909749 0.00733222 0.00521586 
0.280274 0.0535051 0.639074 0.0244139 0.00273311 
0.6324 0.102948 0.257916 0.00478298 0.00195346 
0.256277 0.343303 0.278989 0.0325454 0.088885 
0.00836234 0.0289052 0.962214 3.6039e-05 0.000482394 
0.00126628 0.217532 0.775356 0.00205111 0.00379442 
6.26643e-05 0.0843704 0.905612 0.000253629 0.00970177 
0.00605087 0.0179998 0.939322 6.12603e-05 0.0365659 
0.01194 0.19849 0.767163 0.000633056 0.0217745 
0.0102107 0.0476399 0.89443 0.03359 0.0141295 
0.0519115 0.825373 0.106863 0.00114431 0.0147081 
0.00796903 0.0045619 0.893577 0.00171982 0.0921724 
0.286505 0.005724 0.702337 0.0019301 0.00350352 
0.214717 0.122831 0.662318 1.90303e-05 0.000114531 
0.0134751 0.0863497 0.89776 0.000991607 0.00142335 
0.900996 0.0099992 0.0871263 0.00185294 2.55325e-05 
0.000109222 0.000677005 0.996092 0.000427397 0.00269469 
0.0188004 0.0413977 0.907183 0.00234043 0.0302788 
0.0168459 0.0237223 0.950044 0.000145307 0.00924205 
8.74556e-05 0.028186 0.96987 0.000230701 0.00162549 
0.611655 0.287383 0.0751493 0.00733749 0.0184756 
0.156961 0.562858 0.251611 3.59477e-07 0.0285697 
0.0144522 0.181581 0.801712 0.00153779 0.000717372 
0.0264974 0.0777747 0.840221 1.53931e-07 0.0555066 
0.591418 0.244797 0.160474 0.000346861 0.00296289 
0.790759 0.0781725 0.130762 0.000306022 1.16813e-07 
0.00208442 0.539464 0.421655 0.0122825 0.0245131 
0.011971 0.767993 0.214567 2.90098e-06 0.00546581 
0.00484036 0.111888 0.871615 0.000757651 0.0108998 
1.54931e-05 0.0770285 0.839808 9.02496e-07 0.0831467 
0.0145238 0.62174 0.225066 0.0061062 0.132564 
3.64609e-08 0.00165973 0.998073 6.41527e-09 0.000267361 
0.214802 0.030774 0.649137 0.0993294 0.00595792 
0.00812771 0.649699 0.32849 0.00293563 0.0107469 
0.745418 0.00293326 0.244443 0.00169232 0.00551363 
0.0334246 0.563181 0.20036 0.00549216 0.197542 
0.000230707 0.109156 0.885957 0.00449546 0.000160872 
0.0759584 0.887162 0.0144738 0.00090258 0.0215033 
0.00493761 0.0556567 0.809156 4.09923e-05 0.130209 
0.00770027 0.0266697 0.952701 0.0015845 0.0113449 
0.0220211 0.231338 0.71808 0.0160046 0.0125566 
0.0045041 0.73986 0.245265 0.000131851 0.0102391 
0.0026369 0.146982 0.831124 2.14118e-05 0.0192349 
0.0158745 0.0213545 0.949606 4.49241e-06 0.0131604 
0.0544185 0.286591 0.564312 0.0185991 0.0760792 
0.0571699 0.140773 0.748622 0.0278925 0.0255434 
0.372201 0.561175 0.0535518 0.00529176 0.00778004 
0.568386 0.00946684 0.42204 2.86388e-06 0.000105119 
0.016384 0.866934 0.104875 0.00682339 0.00498365 
0.0547514 0.054636 0.839589 0.00286664 0.0481566 
0.216938 0.357931 0.422741 0.000890022 0.00150047 
0.966338 0.00606522 0.0174553 0.000163224 0.00997866 
0.00671149 0.74394 0.0570398 0.00107968 0.191229 
0.189445 0.415021 0.385915 0.000334828 0.00928487 
0.73455 0.00926903 0.0636551 0.00332802 0.189198 
0.143542 0.0119901 0.809864 0.0308851 0.00371912 
0.320114 0.269319 0.394764 0.00566451 0.0101387 
0.137799 0.195719 0.534677 0.125052 0.00675329 
0.011971 0.767993 0.214567 2.90098e-06 0.00546581 
1.15955e-05 0.0563182 0.920936 8.14502e-06 0.0227259 
0.00473236 0.950608 0.0205998 0.0164199 0.00763987 
0.0593834 0.221419 0.690021 0.0212259 0.00795105 
2.64052e-06 0.0437056 0.949548 4.00435e-07 0.00674329 
0.00563727 0.0704167 0.923944 9.55281e-07 9.55346e-07 
0.042833 0.179753 0.644589 0.000662516 0.132162 
0.013849 0.00884585 0.929808 0.0201703 0.027327 
0.000199012 0.0222846 0.96308 0.0142117 0.000224661 
1.66009e-05 0.0110786 0.984579 7.91152e-09 0.00432593 
0.0531683 0.090842 0.845446 0.0105403 3.74394e-06 
0.170059 0.341357 0.48117 0.00461219 0.00280285 
0.723472 0.153729 0.113 0.00979788 1.92547e-06 
0.0306234 0.325701 0.634749 1.30592e-05 0.00891315 
0.506474 0.27694 0.214894 0.00159738 9.4703e-05 
0.00377189 0.031753 0.932675 0.00540835 0.0263915 
0.65177 0.184434 0.161731 0.000453846 0.0016111 
0.217805 0.19818 0.58164 3.57548e-05 0.00233956 
0.0413377 0.598707 0.200109 0.00276302 0.157084 
0.00380385 0.504605 0.421671 0.00832251 0.0615977 
0.830291 0.101011 0.0662618 0.00243501 8.7781e-07 
0.000185683 0.00531119 0.993818 0.000469831 0.000215367 
0.00280926 0.101465 0.87573 0.00393921 0.0160568 
0.545479 0.0607949 0.393114 0.000446627 0.000165605 
0.0241658 0.0126491 0.960357 0.00258581 0.000242379 
0.565649 0.212954 0.189492 0.0318937 1.11265e-05 
0.0104544 0.0238604 0.934225 0.00753508 0.0239256 
0.00563727 0.0704167 0.923944 9.55281e-07 9.55346e-07 
0.0709739 0.0613756 0.867503 9.70834e-05 5.0661e-05 
2.60813e-07 0.0196422 0.977853 2.60806e-07 0.00250417 
0.00991136 0.055223 0.89599 0.0195017 0.019374 
0.00214024 0.00378041 0.993882 0.000151752 4.5294e-05 
0.00019121 0.64862 0.339358 1.9586e-05 0.0118112 
0.00726436 0.737341 0.200414 0.000338564 0.0546423 
0.018402 0.375853 0.553408 5.6658e-05 0.0522805 
0.00473236 0.950608 0.0205998 0.0164199 0.00763987 
0.95238 0.00155036 0.0293142 0.00255178 0.0142036 
0.00436516 0.0439721 0.934799 0.000437546 0.0164267 
0.00152563 0.0788349 0.919633 5.58121e-06 1.28125e-06 
0.127374 0.132817 0.738525 7.41338e-05 0.00121052 
0.00276656 0.0882661 0.888251 7.45557e-05 0.0206414 
3.75062e-05 0.0116337 0.975868 0.00016005 0.0123011 
0.00156112 0.092524 0.783053 0.0661508 0.0567113 
0.0361904 0.045228 0.845552 0.00263206 0.0703971 
0.000665527 0.152896 0.810898 0.00105766 0.0344828 
0.0048713 0.0738704 0.880598 0.0104474 0.0302127 
0.0217189 0.645946 0.198366 0.00725663 0.126713 
7.96288e-05 0.0576806 0.869813 8.17506e-06 0.0724191 
0.0162967 0.0573382 0.870023 0.048793 0.00754884 
0.0107212 0.0405869 0.948426 0.000229215 3.62713e-05 
0.00413108 0.0965093 0.866061 0.00595615 0.0273423 
0.165859 0.136086 0.657545 0.0175377 0.0229727 
0.0358733 0.0182405 0.926762 0.00454965 0.0145748 
0.0457514 0.234123 0.67939 0.00137013 0.0393654 
0.0914116 0.361625 0.438389 0.000692446 0.107882 
0.00101259 0.0239395 0.917292 1.79173e-05 0.0577379 
1.39678e-05 0.791039 0.166716 0.000939979 0.0412908 
0.011971 0.767993 0.214567 2.90098e-06 0.00546581 
0.0144515 0.527986 0.447418 6.43138e-06 0.0101381 
0.535824 0.114218 0.349953 4.71824e-06 4.5567e-07 
0.0635326 0.249174 0.628487 0.0193224 0.0394847 
0.000555478 0.0404017 0.958468 5.20661e-05 0.000523001 
0.0216759 0.0806832 0.860694 0.0345712 0.00237552 
0.000589461 0.0938255 0.818819 0.0396067 0.047159 
0.0661117 0.355484 0.437466 0.127703 0.0132355 
0.502362 0.112902 0.36985 0.00039639 0.01449 
0.0723963 0.566044 0.287998 0.000627479 0.0729346 
0.0150902 0.335725 0.633682 0.0134132 0.00208933 
0.2684 0.672101 0.0594987 9.09246e-09 6.28415e-09 
0.000373465 0.444053 0.429594 0.000212336 0.125768 
0.0163753 0.00941498 0.972508 0.00167617 2.56603e-05 
0.0344529 0.636304 0.319305 0.00793849 0.00199955 
0.000825511 0.311467 0.410354 0.134653 0.1427 
0.00215699 0.0563653 0.916222 0.0251577 9.7716e-05 
0.392235 0.183807 0.412127 0.000493429 0.0113371 
0.641542 0.112186 0.238524 0.000364419 0.00738327 
0.00836559 0.0180258 0.926785 1.93966e-05 0.0468039 
0.000202444 0.710815 0.156121 0.00693608 0.125925 
0.000252594 0.44138 0.0643069 0.000545977 0.493514 
0.553026 0.372883 0.0656114 0.000396043 0.00808414 
3.86331e-05 0.0626196 0.936963 2.61457e-05 0.000352173 
0.0546647 0.0111115 0.93278 7.89279e-09 0.00144424 
0.920957 0.0188631 0.059463 0.000705635 1.16989e-05 
0.479806 0.0678655 0.350574 0.0984922 0.00326272 
0.000378361 0.65424 0.0438944 4.69701e-05 0.30144 
0.0340948 0.073393 0.878907 0.000715237 0.0128896 
0.000122586 0.284647 0.679597 0.0295321 0.00610168 
0.155608 0.109717 0.710631 0.00175084 0.022294 
0.0167702 0.0730618 0.909702 1.13915e-05 0.000454114 
0.00473236 0.950608 0.0205998 0.0164199 0.00763987 
0.0214425 0.385199 0.443349 0.00911684 0.140893 
0.0128822 0.0507525 0.910335 4.91299e-05 0.025981 
0.00235525 0.0282999 0.968552 0.000175897 0.00061672 
0.000879541 0.724224 0.139129 0.133776 0.00199137 
0.0787309 0.0501371 0.85217 0.0140204 0.00494116 
0.00940952 0.0127347 0.362221 0.00404103 0.611594 
0.439701 0.0373756 0.499689 0.0168944 0.00633928 
0.00544576 0.15362 0.744406 5.15688e-05 0.0964771 
0.0524438 0.261266 0.684208 5.4242e-05 0.00202776 
7.8861e-05 0.163412 0.835022 1.14145e-05 0.00147589 
0.0216603 0.161966 0.760984 3.94539e-05 0.0553498 
0.00473236 0.950608 0.0205998 0.0164199 0.00763987 
0.469242 0.137907 0.369108 0.0139738 0.0097687 
0.00288603 0.174977 0.753094 0.0533298 0.0157131 
0.112784 0.268516 0.618699 2.97508e-10 1.06943e-06 
0.000968857 0.00655485 0.965398 0.000336466 0.0267423 
0.00198505 0.20246 0.777627 0.000977535 0.0169501 
0.0499325 0.353006 0.554382 0.00205826 0.0406217 
0.312257 0.197655 0.476315 0.0102343 0.00353851 
2.65028e-05 0.920124 0.0367296 0.000102363 0.0430173 
0.961981 0.017001 0.0210178 2.72841e-11 2.64018e-07 
1.53769e-05 0.000591247 0.99907 5.31342e-05 0.000270223 
0.083506 0.123152 0.743522 0.0291484 0.0206718 
2.15216e-07 0.0607886 0.939063 1.45458e-05 0.000133262 
0.010957 0.527988 0.426297 0.00044542 0.0343125 
0.000226711 0.771635 0.225516 1.03577e-06 0.00262201 
0.00428552 0.713197 0.252867 0.000354194 0.0292969 
8.80399e-09 0.584216 0.25094 0.000449924 0.164394 
0.792804 0.083509 0.119526 0.00416095 6.49847e-11 
0.0766813 0.292683 0.593963 0.00487571 0.0317974 
0.563587 0.0273485 0.301795 0.00676656 0.100502 
0.422849 0.0431515 0.448063 0.0784537 0.00748225 
0.00213036 0.0456108 0.927117 0.000179111 0.0249626 
0.012859 0.0932449 0.855744 0.00826758 0.0298841 
0.00473236 0.950608 0.0205998 0.0164199 0.00763987 
0.0431163 0.610499 0.316929 0.0179622 0.0114938 
0.0056112 0.0598774 0.911724 3.96577e-05 0.0227476 
0.00586788 0.599789 0.383226 4.14988e-06 0.0111138 
0.232446 0.298818 0.467807 0.000661807 0.000266402 
0.000114118 0.043628 0.920112 4.99177e-06 0.0361412 
0.0583178 0.791021 0.108421 0.00959735 0.0326422 
0.00242768 0.062146 0.714378 0.0531689 0.167879 
0.771054 0.0460288 0.142665 0.0082352 0.0320173 
0.721937 0.157851 0.11813 0.00181067 0.000270191 
0.00473236 0.950608 0.0205998 0.0164199 0.00763987 
0.000441385 0.0191961 0.97509 0.00222301 0.00304939 
0.132773 0.350338 0.513112 0.00173622 0.00204043 
0.000904803 0.220218 0.709255 0.000286513 0.0693356 
0.00338786 0.0139736 0.982314 3.06111e-06 0.000321468 
0.716488 0.0309744 0.150777 0.00875065 0.0930096 
0.0159122 0.597907 0.237567 0.00402933 0.144585 
0.000550889 0.180135 0.655446 0.0549188 0.10895 
0.0841545 0.202008 0.671706 0.00256105 0.0395705 
0.00267672 0.0197902 0.974295 0.00161925 0.00161917 
0.0141635 0.261629 0.680611 0.000701906 0.0428945 
0.716488 0.0309744 0.150777 0.00875065 0.0930096 
0.00473236 0.950608 0.0205998 0.0164199 0.00763987 
0.00897777 0.104603 0.881097 7.01887e-05 0.00525216 
8.39323e-05 0.935829 0.0505876 5.00372e-05 0.0134495 
0.0107388 0.131622 0.79989 0.000513928 0.0572355 
0.0118461 0.0601275 0.913992 0.000995262 0.0130391 
0.453801 0.0017054 0.440953 0.0759553 0.0275857 
0.00327968 0.0897816 0.836996 2.06269e-05 0.069922 
0.189778 0.2653 0.492269 0.0513453 0.00130778 
0.00355579 0.810567 0.177068 3.40729e-05 0.00877584 
0.00251794 0.0720462 0.920121 0.00517785 0.000137369 
0.00584098 0.344816 0.639913 0.00597304 0.00345709 
0.805192 0.0517007 0.138656 0.000247383 0.00420437 
0.00676919 0.204489 0.787251 0.00148675 4.10286e-06 
0.00538544 0.0210736 0.932836 0.000202445 0.0405027 
0.0431633 0.00667988 0.625395 2.53716e-05 0.324737 
0.00443945 0.0187568 0.975522 0.000467608 0.000814166 
0.001495 0.0452209 0.915727 3.82095e-05 0.037519 
0.218 0.198951 0.487105 0.0393218 0.0566226 
0.000493892 0.0393743 0.95886 0.000103438 0.00116814 
0.00564823 0.0219824 0.963557 0.00468517 0.00412688 
0.0151889 0.13947 0.821139 0.00784848 0.016354 
0.00305583 0.10139 0.871177 0.0159343 0.00844309 
0.0116359 0.270794 0.711447 0.000121407 0.00600148 
0.00248585 0.584745 0.0982264 0.000536435 0.314006 
0.0112787 0.392176 0.479108 0.000396132 0.117041 
0.00642328 0.00972723 0.983583 0.00026661 1.42489e-07 
0.0138051 0.434061 0.523788 7.16018e-05 0.0282741 
0.00963544 0.0338611 0.950982 0.00361991 0.00190176 
1.1227e-08 0.00253599 0.997393 1.8953e-07 7.05556e-05 
