0.0597718 0.121527 0.817742 0.000233919 0.000725245 
0.0111559 0.710047 0.122294 0.000504949 0.155999 
0.0483598 0.420481 0.491749 0.0115954 0.027815 
0.828539 0.0121596 0.138769 0.00146438 0.0190683 
0.0136267 0.191373 0.783312 0.000125741 0.0115634 
0.985599 0.00791517 0.00379607 0.000708133 0.00198204 
0.624789 0.151034 0.210411 0.0058304 0.00793501 
0.356892 0.346336 0.144977 8.50052e-05 0.15171 
0.00553049 0.0192212 0.974817 0.00017889 0.000252791 
0.011971 0.767993 0.214567 2.90098e-06 0.00546581 
0.0599697 0.323115 0.603759 0.00543155 0.007725 
0.00121159 0.0150564 0.963347 6.97345e-05 0.0203152 
0.000843987 0.0597678 0.91891 3.03825e-06 0.0204749 
0.00769971 0.0344481 0.797278 0.000207945 0.160366 
0.0269353 0.189548 0.757856 8.28748e-05 0.0255771 
0.0534433 0.826524 0.119401 1.67501e-06 0.000629705 
0.0162149 0.0318441 0.927207 0.000694535 0.0240392 
0.000685399 0.247944 0.0602808 0.000195283 0.690895 
0.0112264 0.746622 0.224274 5.31944e-06 0.0178724 
0.28519 7.53159e-06 0.714664 4.13638e-06 0.000134424 
0.00827261 0.484005 0.291196 0.00170657 0.214819 
0.0078604 0.0742084 0.916145 0.000198084 0.00158857 
0.00487368 0.411053 0.170331 0.00261551 0.411126 
0.000140414 0.0019017 0.0672442 4.58559e-06 0.930709 
0.00393625 0.00762153 0.987551 5.90738e-05 0.000832565 
0.00483965 0.182539 0.75972 0.000388385 0.0525129 
0.0781686 0.00873432 0.906013 0.00109912 0.0059845 
0.000146769 0.106405 0.859812 0.000106732 0.0335297 
0.000210091 0.167287 0.829986 2.55292e-10 0.00251743 
3.31643e-05 0.191815 0.803122 1.80011e-05 0.00501165 
0.348951 0.357212 0.291285 0.000325863 0.0022261 
0.00466651 0.0855906 0.875491 0.00220127 0.0320505 
0.411091 0.0096696 0.411816 8.94685e-05 0.167334 
6.4584e-05 0.947277 0.0397734 2.31632e-05 0.0128617 
0.00612744 0.768507 0.223296 8.35172e-05 0.0019859 
0.00144569 0.14808 0.8428 0.000600027 0.00707396 
0.0140854 0.698462 0.251089 0.000694262 0.0356693 
0.000965671 0.341573 0.306438 0.000307966 0.350715 
0.0207506 0.0810363 0.853422 0.0195015 0.02529 
0.00132698 0.0612216 0.919645 0.000954455 0.0168519 
0.048794 0.13326 0.814057 0.000679235 0.00321013 
4.69293e-05 4.69358e-05 0.999812 4.6928e-05 4.69312e-05 
0.00202669 0.0952961 0.89789 3.61892e-06 0.00478318 
0.00859922 0.278185 0.708404 0.00111395 0.0036973 
0.00316021 0.202985 0.77796 0.000306003 0.0155881 
0.000654534 0.00224884 0.994915 0.000219399 0.00196247 
0.0402921 0.823081 0.135493 0.000144437 0.000989508 
0.00452386 0.786457 0.195755 8.30321e-07 0.0132639 
0.424601 0.400713 0.159753 0.00405978 0.0108736 
0.0420532 0.141978 0.813985 8.81185e-05 0.00189513 
0.0017298 0.067164 0.906948 0.000108161 0.0240505 
0.236933 0.141489 0.547978 0.00646292 0.067137 
0.0114277 0.0805755 0.903179 0.00055494 0.00426249 
0.00670324 0.00274583 0.98801 0.00111966 0.00142098 
0.0226584 0.0703092 0.88772 1.91718e-05 0.019293 
0.379694 0.0796181 0.529793 0.00143511 0.00946061 
0.0445655 0.235803 0.70305 2.62273e-05 0.0165548 
0.0494468 0.0584924 0.869196 0.000180799 0.0226838 
0.0989218 0.546126 0.350849 0.00129962 0.002804 
0.0121939 0.112724 0.859604 0.00216102 0.0133169 
0.00198558 0.029814 0.967977 6.87271e-05 0.000154912 
0.0371849 0.118638 0.793908 0.00961906 0.0406499 
1.65946e-07 2.16543e-07 0.907152 7.93399e-08 0.0928476 
0.03791 0.0654455 0.891019 0.00010626 0.00551975 
0.0580696 0.0077352 0.79652 0.000251056 0.137424 
0.263342 0.349373 0.37537 0.000893411 0.0110218 
0.219848 0.385765 0.391378 4.20216e-07 0.00300906 
0.0275368 0.0231213 0.920773 0.00128986 0.0272788 
0.0249431 0.125733 0.836725 0.000945907 0.0116528 
0.0365702 0.392491 0.567423 0.000517501 0.00299827 
0.0382318 0.119609 0.830856 3.14391e-05 0.011272 
0.000203324 0.180116 0.818604 5.52994e-08 0.00107622 
0.0955435 0.0600468 0.788752 0.0161007 0.0395572 
0.0118311 0.909399 0.0643284 0.000503518 0.013938 
0.1219 0.799349 0.0444787 0.00130819 0.032964 
0.0108812 0.0235579 0.889285 0.000329168 0.0759471 
0.169763 0.527486 0.290235 0.00265929 0.0098573 
0.0175822 0.882767 0.0986698 1.30435e-06 0.000979903 
5.72547e-06 0.620414 0.344919 1.90753e-07 0.034661 
0.00186415 0.772218 0.164944 3.32973e-07 0.0609733 
0.0136267 0.191373 0.783312 0.000125741 0.0115634 
0.278018 0.0740847 0.647742 2.53991e-07 0.000154979 
0.117013 0.512027 0.317578 0.00193556 0.0514475 
0.146982 0.257947 0.491111 0.00343852 0.100522 
0.986775 0.0021911 0.00906466 0.000344218 0.00162501 
0.000308743 2.87185e-05 7.68358e-05 1.16928e-05 0.999574 
0.00280468 0.0379791 0.935536 0.00198203 0.0216977 
0.00197281 0.374775 0.539907 4.01726e-05 0.0833058 
0.723879 0.00755953 0.267948 4.38839e-05 0.000569157 
2.06154e-05 0.110572 0.862542 3.85327e-06 0.0268619 
0.0115122 0.14733 0.81096 0.00102826 0.0291695 
8.39323e-05 0.935829 0.0505876 5.00372e-05 0.0134495 
0.00112526 0.177576 0.75577 3.77047e-05 0.0654912 
0.011971 0.767993 0.214567 2.90098e-06 0.00546581 
0.00493043 0.216596 0.640213 2.59417e-05 0.138234 
0.053151 0.0200377 0.915772 9.05273e-06 0.0110301 
0.019366 0.279934 0.653152 0.00538119 0.0421665 
0.132814 0.476808 0.37146 0.000161826 0.0187566 
0.0698253 0.12508 0.77529 0.00444761 0.0253575 
0.270962 0.186925 0.541926 9.34005e-05 9.34069e-05 
0.0033866 0.801925 0.192751 0.000123115 0.00181416 
0.382639 0.159463 0.45247 0.000171948 0.00525582 
0.0608803 0.0505772 0.812768 0.01072 0.0650546 
0.000994352 0.727503 0.125953 6.73903e-05 0.145482 
0.000556094 0.0126731 0.980459 0.000106148 0.00620539 
0.134905 0.493464 0.333641 0.00151391 0.0364759 
0.106777 0.474415 0.250651 0.000190843 0.167966 
0.0081587 0.569704 0.308508 0.00699947 0.10663 
0.00452914 0.902939 0.0919929 9.59895e-11 0.000539352 
0.0103616 0.104274 0.866874 0.000539774 0.01795 
0.00257803 0.903349 0.0822472 0.00110781 0.0107183 
9.2197e-07 0.166369 0.728423 1.06468e-09 0.105208 
0.103343 0.583099 0.109889 0.0022724 0.201396 
0.0227336 0.00440666 0.195634 0.00038806 0.776838 
0.00356877 0.132874 0.862521 0.000445168 0.000591337 
0.000259563 0.99958 4.87232e-05 1.17687e-07 0.000111709 
0.00192875 0.628488 0.319588 2.17214e-11 0.0499949 
2.54784e-05 0.196937 0.728449 2.9335e-06 0.0745857 
0.43242 0.0385791 0.349711 0.0196612 0.159629 
0.00808617 0.280238 0.705759 0.00207701 0.00384023 
0.000980955 0.867918 0.0753235 0.000214844 0.0555623 
0.0297808 0.0587148 0.880666 0.00275597 0.0280826 
0.00213864 0.00749858 0.956742 2.07637e-05 0.0335999 
0.00133822 0.0310471 0.916631 0.000529763 0.0504539 
0.00803411 0.217974 0.755497 0.000970396 0.0175238 
0.103612 0.550444 0.341963 1.67942e-05 0.00396335 
0.0186048 0.71788 0.223676 0.00177156 0.0380677 
0.0191688 0.33403 0.64361 4.94272e-05 0.00314161 
0.0082638 0.950256 0.0406823 1.46026e-05 0.000783384 
0.00148134 0.191652 0.718778 0.0001664 0.087922 
0.0217994 0.427611 0.444577 0.00469165 0.10132 
0.0222936 0.390686 0.561244 0.000290882 0.0254854 
0.00783925 0.511996 0.430296 6.02956e-07 0.0498685 
0.0427598 0.0416296 0.890128 0.00714249 0.0183398 
0.000429779 0.914842 0.0798944 1.89426e-05 0.00481506 
0.00366079 0.163641 0.82188 0.00227205 0.00854636 
0.706139 0.155549 0.119591 0.000417699 0.0183025 
0.0449757 0.101379 0.839939 5.56357e-05 0.0136509 
0.00123592 0.0507758 0.946654 0.00012373 0.00121068 
0.286736 0.141306 0.558909 0.00469393 0.00835525 
0.00100949 0.0367782 0.605874 0.000155147 0.356183 
0.0210438 0.0609247 0.915818 0.000452958 0.00176071 
0.00108624 0.181264 0.741487 0.000259484 0.0759024 
4.78796e-05 0.0144134 0.985462 1.65264e-06 7.52961e-05 
4.21362e-08 0.00366935 0.996261 2.92937e-12 6.98568e-05 
0.496755 0.0984105 0.403179 0.000687104 0.000968468 
9.92207e-05 0.288779 0.705902 1.86702e-10 0.00521997 
0.0134689 0.035279 0.950089 1.0219e-07 0.00116316 
2.85498e-05 0.0129998 0.00106454 8.24486e-08 0.985907 
0.359551 0.418849 0.120969 0.000822955 0.0998079 
0.000754862 0.00117875 0.994212 4.63748e-06 0.00385002 
0.0431633 0.00667988 0.625395 2.53716e-05 0.324737 
1.60926e-06 0.0812295 0.915833 1.45758e-06 0.00293449 
0.133264 0.0541131 0.781363 0.00475323 0.0265068 
0.00135423 0.552136 0.441444 4.0448e-05 0.00502514 
0.401729 0.150295 0.447887 2.58491e-08 8.89437e-05 
0.279997 0.0664351 0.652392 0.000567919 0.000608757 
0.457458 0.390825 0.142316 0.000798016 0.00860235 
0.00133333 0.0823049 0.253028 0.0012128 0.662121 
0.996146 0.00285448 0.000665638 0.000135629 0.000198134 
0.0514771 0.699829 0.247903 8.59347e-06 0.000782356 
0.0015373 0.416689 0.57908 5.67479e-05 0.00263672 
0.00532196 0.0470871 0.934634 0.000193002 0.0127636 
7.54474e-06 0.00550037 0.294178 1.81237e-09 0.700314 
0.0491038 0.468904 0.443275 0.000199762 0.0385168 
0.00553406 0.137731 0.75747 6.2628e-05 0.0992026 
0.00294741 0.0804654 0.913565 4.90853e-05 0.00297332 
0.000472118 0.0334864 0.935215 0.000379044 0.0304474 
0.0431633 0.00667988 0.625395 2.53716e-05 0.324737 
0.000621572 0.0330276 0.946001 0.000159467 0.0201907 
0.00416819 0.0272355 0.927671 0.00379652 0.037129 
4.34149e-07 0.639865 0.00268494 3.06998e-08 0.357449 
0.01192 0.0202023 0.91436 2.80868e-05 0.0534892 
0.00355788 0.0544822 0.93848 0.000895415 0.00258444 
0.000288862 0.0682216 0.931489 2.84036e-08 6.10369e-07 
0.491709 0.383141 0.12331 1.01122e-06 0.0018389 
0.16917 0.749673 0.0781149 0.000630553 0.00241217 
0.139883 0.525263 0.328853 0.00083299 0.00516825 
0.01365 0.818296 0.146918 8.66236e-05 0.0210495 
0.737414 0.154645 0.0889926 7.20732e-06 0.0189415 
0.244812 0.00143603 0.753191 0.000118889 0.000441588 
0.00515951 0.0249416 0.950747 0.000198967 0.0189527 
0.0613331 0.368423 0.462321 0.000159395 0.107763 
0.159074 0.094538 0.732219 0.000677559 0.0134918 
0.000175897 0.976966 0.0228119 1.34628e-05 3.28131e-05 
0.000609653 0.093492 0.879783 1.2256e-05 0.0261033 
0.926435 0.0229049 0.0503653 8.75071e-05 0.000207072 
0.000489565 0.894437 0.0547686 7.30418e-06 0.0502973 
0.0267881 0.0487768 0.905606 1.8479e-05 0.018811 
0.0201599 0.0520681 0.915088 0.000815569 0.0118683 
0.230128 0.112445 0.612168 0.0202884 0.0249707 
0.00058886 0.0183127 0.980873 4.49811e-05 0.000180475 
0.112784 0.268516 0.618699 2.97508e-10 1.06943e-06 
0.0072063 0.366211 0.603091 9.18308e-05 0.0233993 
0.0396023 0.299039 0.427527 0.000760387 0.233072 
0.00270287 0.035406 0.919298 3.16559e-05 0.0425617 
0.0180204 0.292515 0.688246 8.4558e-08 0.00121871 
0.0592434 0.0605562 0.842803 1.08699e-06 0.0373961 
0.990455 0.0012751 0.00564543 0.000800556 0.00182426 
0.00261812 0.0410678 0.954475 8.44784e-05 0.00175428 
0.186841 0.0238477 0.788052 0.000164189 0.00109478 
0.00803411 0.217974 0.755497 0.000970396 0.0175238 
0.000343592 0.00405538 0.995512 1.23835e-08 8.91503e-05 
0.240003 0.216631 0.522348 0.00222724 0.018791 
0.966338 0.00606522 0.0174553 0.000163224 0.00997866 
0.00465193 0.00810632 0.917469 0.000801533 0.0689715 
0.984542 0.00438189 0.0095965 0.00070496 0.000774516 
0.0258633 0.336002 0.63546 1.81648e-05 0.00265595 
0.00781879 0.0560242 0.813126 0.000153062 0.122878 
0.00220468 0.0748099 0.920543 0.00065212 0.00179057 
0.00431168 0.0091464 0.986354 2.47874e-05 0.000163281 
0.0892644 0.0598566 0.850808 2.11782e-05 4.95487e-05 
0.0837941 0.792204 0.123259 1.18916e-07 0.000742559 
0.0325736 0.717981 0.192294 0.0185922 0.0385592 
0.00368034 0.0320735 0.955173 0.000316704 0.00875614 
0.592193 0.222667 0.182564 0.000240319 0.00233618 
0.144098 0.0902459 0.765507 7.91915e-06 0.000141009 
0.00319967 0.00552393 0.962548 1.46038e-05 0.028714 
0.0896569 0.236455 0.671321 0.000312091 0.00225457 
6.42533e-07 0.0983859 0.275245 6.42515e-07 0.626368 
0.0511632 0.103617 0.81865 9.10413e-05 0.0264788 
0.0070515 0.0870279 0.905705 1.6115e-05 0.00019904 
1.17917e-05 0.0464508 0.953009 1.04787e-08 0.000528559 
0.0223845 0.698788 0.278819 2.79722e-08 8.28005e-06 
0.0106478 0.00913698 0.97988 9.60805e-05 0.000238617 
0.0225409 0.805036 0.0758864 4.52576e-05 0.0964912 
0.00961 0.067953 0.918059 0.00111413 0.00326415 
6.90982e-07 0.400631 0.457938 1.16026e-07 0.14143 
0.00691117 0.068708 0.923134 0.000346376 0.000900401 
0.246557 0.0243801 0.685517 0.0117704 0.0317751 
0.444141 0.00905423 0.421332 9.55104e-05 0.125377 
0.0189565 0.0777792 0.87397 0.00221712 0.0270773 
0.0431633 0.00667988 0.625395 2.53716e-05 0.324737 
0.00469217 0.0442262 0.925623 0.00224585 0.0232132 
0.0110264 0.0978121 0.886627 9.43737e-05 0.00444058 
0.00251653 0.0509269 0.945799 9.62671e-05 0.000661186 
0.00433969 0.652141 0.0509578 0.000293104 0.292269 
0.01141 0.0459166 0.942113 1.93593e-05 0.000540754 
0.319214 0.527492 0.149915 0.00080621 0.00257264 
1.83837e-05 0.81059 0.171824 8.03655e-06 0.0175598 
0.840469 0.101276 0.0564705 0.00020577 0.00157858 
0.0415311 0.106185 0.824572 0.00385572 0.0238564 
0.0131215 0.0732266 0.90476 2.11597e-06 0.0088898 
0.0517663 0.152645 0.745517 0.00229902 0.0477719 
0.0136996 0.0612954 0.864588 0.00122204 0.0591951 
3.69845e-05 0.00367927 0.0149044 7.27889e-09 0.981379 
0.00955839 0.0471372 0.887569 0.000117062 0.0556186 
0.00698551 0.67575 0.171384 0.00383245 0.142048 
0.00317546 0.136188 0.733485 0.00303831 0.124113 
0.274883 0.122802 0.345331 0.000868579 0.256116 
0.00042991 0.915796 0.0789588 1.69397e-07 0.00481533 
0.0112016 0.234895 0.390443 0.00014319 0.363318 
0.00458674 0.0187213 0.91236 1.45536e-05 0.0643172 
0.095302 0.284746 0.533636 0.00155282 0.0847638 
0.0637086 0.0803261 0.829919 0.00570577 0.0203406 
0.00233576 0.0848401 0.876432 0.000113271 0.0362785 
0.00202618 0.878367 0.109193 1.96789e-05 0.0103948 
0.0182808 0.0857659 0.873151 0.00357764 0.0192247 
3.86331e-05 0.0626196 0.936963 2.61457e-05 0.000352173 
0.00010153 0.961509 0.026025 1.02488e-05 0.0123546 
0.000316673 0.100462 0.853439 6.98014e-05 0.0457119 
0.0125464 0.467945 0.504021 0.00737018 0.00811725 
0.0431633 0.00667988 0.625395 2.53716e-05 0.324737 
0.00245931 0.0434072 0.946573 4.54538e-05 0.00751555 
0.00419605 0.0705183 0.903051 3.19803e-05 0.0222021 
0.393016 0.422728 0.144527 0.00230355 0.0374251 
0.00422614 0.518047 0.407855 0.000166687 0.0697047 
2.13448e-05 0.175903 0.821285 1.21572e-05 0.00277863 
0.0028412 0.747803 0.248929 2.32485e-05 0.000403709 
0.00528693 0.0532407 0.940269 0.000247122 0.0009566 
0.419962 0.133575 0.38927 0.00901168 0.0481819 
0.00045377 0.876597 0.100196 9.08127e-09 0.0227541 
0.0431633 0.00667988 0.625395 2.53716e-05 0.324737 
0.00025652 0.110456 0.812892 4.07521e-05 0.0763543 
0.00165491 0.0552835 0.941545 3.31667e-05 0.00148388 
8.44566e-05 0.931734 0.0549297 5.17018e-05 0.0132007 
0.011971 0.767993 0.214567 2.90098e-06 0.00546581 
0.0431633 0.00667988 0.625395 2.53716e-05 0.324737 
0.671929 0.0143512 0.29675 0.00254046 0.0144297 
0.151049 0.270279 0.566594 0.000135854 0.0119414 
0.0721952 0.408538 0.260225 0.000939337 0.258102 
0.0102016 0.00313665 0.944198 0.00280932 0.0396543 
0.0180669 0.365299 0.604312 0.00164399 0.0106779 
0.0554498 0.111816 0.786901 0.00625955 0.0395728 
0.00803244 0.421998 0.446154 0.000602874 0.123212 
0.0481545 0.0244123 0.92681 7.69639e-05 0.000546191 
0.00239822 0.274533 0.696511 0.00161659 0.0249408 
0.00366079 0.163641 0.82188 0.00227205 0.00854636 
0.0104075 0.158166 0.828379 0.000827699 0.00222009 
3.26936e-05 0.762227 0.23511 2.77002e-05 0.0026029 
0.00252069 0.0136131 0.949132 0.00246432 0.0322694 
0.000230756 0.0293181 0.962295 0.000166789 0.00798886 
0.00241421 0.0212698 0.838911 8.65367e-05 0.137318 
0.0499487 0.013982 0.921817 8.17587e-05 0.0141703 
0.773105 0.103369 0.123123 0.000170689 0.00023259 
0.0015591 0.329956 0.0292484 2.09354e-06 0.639235 
1.03757e-05 0.0367563 0.959825 9.92297e-07 0.00340745 
0.0128501 0.479329 0.503912 0.000157823 0.00375149 
0.0431633 0.00667988 0.625395 2.53716e-05 0.324737 
0.0210189 0.0510826 0.926784 5.67403e-05 0.00105725 
0.00149716 0.222512 0.714421 0.000198157 0.0613712 
0.0707978 0.427347 0.482261 9.59088e-06 0.0195846 
0.501038 0.219719 0.252368 0.00112165 0.0257525 
0.102575 0.693187 0.188877 0.0040708 0.01129 
0.0104042 0.159377 0.819577 0.00378961 0.00685229 
0.0173595 0.978573 0.00406017 2.99069e-08 7.43693e-06 
0.00311118 0.0867456 0.897498 8.40773e-05 0.0125609 
0.00367522 0.0490514 0.774361 0.00299997 0.169912 
0.00171329 0.0783447 0.545209 0.00127829 0.373454 
0.126825 0.242976 0.596574 0.0156942 0.0179301 
0.0552462 0.369412 0.386476 0.00798914 0.180877 
0.000866293 0.0150352 0.000532752 3.34587e-08 0.983566 
0.0343149 0.0877051 0.847116 0.0015854 0.0292788 
0.0105745 0.178659 0.772667 0.00571974 0.0323798 
0.0218154 0.109345 0.848659 0.00389926 0.0162814 
0.00256001 0.486194 0.510408 0.000126388 0.00071182 
0.218296 0.19116 0.58029 0.00435349 0.00590027 
0.3618 0.0145554 0.616841 0.000258951 0.00654427 
0.00496072 0.105092 0.861884 0.000200861 0.0278621 
0.0104605 0.238589 0.505734 0.000539341 0.244678 
0.926435 0.0229049 0.0503653 8.75071e-05 0.000207072 
0.0801918 0.576122 0.328471 0.00180218 0.0134132 
0.0101912 0.134153 0.658687 0.00038804 0.196581 
0.00617422 0.885056 0.0630368 0.000358303 0.045375 
0.0057388 0.05226 0.670107 0.00499321 0.266901 
7.68424e-05 0.939239 0.0514039 3.27701e-05 0.0092474 
0.00695315 0.0643988 0.926533 1.00259e-05 0.00210547 
0.00373729 0.0100307 0.966059 4.00301e-05 0.0201331 
0.10974 0.0956831 0.792882 9.20786e-05 0.00160253 
0.0431633 0.00667988 0.625395 2.53716e-05 0.324737 
0.00390425 0.0833488 0.904241 0.00127403 0.00723172 
0.000907163 0.257526 0.315362 0.000218669 0.425985 
7.68424e-05 0.939239 0.0514039 3.27701e-05 0.0092474 
0.082007 0.0085436 0.88359 0.00694619 0.0189128 
0.011971 0.767993 0.214567 2.90098e-06 0.00546581 
0.0310336 0.223567 0.694196 0.00188696 0.0493174 
0.321989 0.211926 0.406685 0.0101674 0.0492325 
0.0342542 0.511956 0.225081 4.08172e-05 0.228668 
5.22236e-05 0.142427 0.849278 1.92999e-05 0.00822386 
0.00532196 0.0470871 0.934634 0.000193002 0.0127636 
0.060504 0.0125334 0.457996 8.95184e-05 0.468877 
6.45049e-09 0.0104667 0.986892 3.06877e-09 0.00264084 
0.00234517 0.00326218 0.994111 3.7031e-05 0.000244813 
0.025507 0.286533 0.642466 0.0108716 0.0346228 
0.00652509 0.0769583 0.878268 0.000513649 0.0377354 
0.394194 0.175585 0.415295 0.000205709 0.0147198 
0.00656914 0.915334 0.0707008 1.6612e-05 0.00737941 
0.626399 0.0311969 0.337982 0.000138327 0.00428379 
0.0242512 0.606816 0.356908 6.095e-05 0.0119631 
0.00496229 0.0845073 0.895312 0.000323026 0.0148949 
0.0257544 0.126525 0.832922 0.000105949 0.014693 
0.0233968 0.109854 0.664074 0.0146651 0.18801 
0.00331073 0.0202227 0.968437 0.000125224 0.0079042 
0.00437379 0.36715 0.187727 9.14934e-05 0.440658 
8.05351e-05 0.028108 0.948966 1.99143e-05 0.0228252 
0.0166983 0.165325 0.81033 3.43152e-06 0.00764281 
0.0277133 0.835111 0.0889049 0.00180745 0.0464631 
0.00574008 0.0355763 0.946978 0.00498593 0.00671943 
0.00640544 0.403255 0.452822 0.00316411 0.134353 
0.187148 0.122469 0.596274 5.86988e-05 0.0940506 
2.66681e-08 0.0141215 0.985873 1.14681e-08 5.35997e-06 
0.966338 0.00606522 0.0174553 0.000163224 0.00997866 
4.7883e-06 0.990252 0.00775543 2.83355e-08 0.00198756 
0.002079 0.00427078 0.99347 7.09502e-06 0.000173327 
0.0453231 0.077353 0.859612 0.00217702 0.0155353 
3.86331e-05 0.0626196 0.936963 2.61457e-05 0.000352173 
0.000300169 0.82599 0.00892085 8.88876e-09 0.164789 
0.588398 0.178778 0.180962 0.0213492 0.030513 
0.000187915 0.402912 0.516448 7.97423e-05 0.0803714 
0.0130787 0.0882786 0.872638 0.00283383 0.0231713 
0.00166488 0.170956 0.81732 0.00095027 0.00910916 
0.0431633 0.00667988 0.625395 2.53716e-05 0.324737 
0.00340573 0.00600558 0.989379 1.30297e-05 0.00119638 
0.0109754 0.0197393 0.967116 0.000850762 0.00131808 
0.0293246 0.570345 0.174327 0.0147884 0.211214 
0.00289132 0.0259077 0.97111 3.88965e-05 5.16384e-05 
0.00392618 0.180967 0.813734 3.43297e-06 0.00136924 
0.000108603 0.0419411 0.943832 1.25696e-05 0.0141057 
0.00699369 0.108226 0.87553 1.25352e-05 0.00923821 
7.15578e-07 0.0147754 0.980116 1.15338e-09 0.00510788 
0.000258327 0.94293 0.0440202 8.83248e-05 0.0127035 
0.00352257 0.00441137 0.949268 0.000160082 0.0426375 
0.00469378 0.0264628 0.966309 0.000527184 0.00200751 
0.0635507 0.24067 0.574626 0.021363 0.099791 
2.54784e-05 0.196937 0.728449 2.9335e-06 0.0745857 
0.0128296 0.0325808 0.878008 1.10284e-05 0.0765704 
0.627434 0.0544071 0.127769 0.000896386 0.189494 
0.0163465 0.579056 0.21873 0.00606444 0.179804 
0.00450512 0.0706315 0.921536 7.80865e-06 0.00332004 
0.00562397 0.0273701 0.956612 0.00300496 0.00738863 
0.0794622 0.329927 0.53405 1.04506e-07 0.0565607 
0.00105972 0.348111 0.404374 0.000291934 0.246164 
0.000559854 0.24774 0.705177 3.1283e-05 0.0464914 
0.0033019 0.663056 0.281737 2.81004e-05 0.0518768 
0.00782946 0.665148 0.309965 0.000117412 0.0169406 
0.0431633 0.00667988 0.625395 2.53716e-05 0.324737 
0.0364662 0.0698475 0.849144 0.0138599 0.0306829 
0.000520113 0.845244 0.1331 0.000140162 0.0209958 
0.00213194 0.426677 0.16344 5.43201e-05 0.407697 
0.0057388 0.05226 0.670107 0.00499321 0.266901 
0.0170075 0.635031 0.267445 0.00366074 0.0768562 
0.0431633 0.00667988 0.625395 2.53716e-05 0.324737 
0.00328087 0.0104582 0.916088 0.00152908 0.0686434 
0.81967 0.18003 9.99649e-05 9.99446e-05 9.99515e-05 
0.00513222 0.13362 0.180291 8.2997e-05 0.680875 
0.0118251 0.425784 0.537513 1.72958e-07 0.0248782 
0.0115807 0.0232458 0.957583 6.47698e-08 0.00759073 
0.0180094 0.00738879 0.969441 7.40135e-06 0.0051539 
0.0102769 0.0315706 0.954145 3.44917e-07 0.00400767 
0.0763328 0.0740519 0.848655 0.000197444 0.000762942 
0.00661331 0.0137081 0.937946 0.000137936 0.0415947 
0.00138625 0.945222 0.0528403 6.72847e-05 0.000483641 
0.0431633 0.00667988 0.625395 2.53716e-05 0.324737 
0.275755 0.26087 0.307766 0.0593102 0.0962991 
0.0431633 0.00667988 0.625395 2.53716e-05 0.324737 
0.0391629 0.23214 0.709656 0.00126185 0.0177797 
0.0667107 0.0364026 0.879621 0.00354799 0.0137182 
2.41767e-05 0.0610679 0.938483 9.3475e-10 0.000424835 
0.00694047 0.148807 0.043463 3.14092e-05 0.800758 
0.245789 0.573736 0.179112 3.50787e-06 0.00136025 
0.0136436 0.0728002 0.895443 0.00260961 0.0155035 
0.388415 0.0142941 0.582419 0.000450733 0.0144213 
0.00532196 0.0470871 0.934634 0.000193002 0.0127636 
0.000254081 0.157156 0.0276468 1.36864e-05 0.814929 
0.489291 0.0750473 0.382063 0.00554357 0.0480552 
0.0483497 0.590935 0.360659 2.1893e-05 3.50685e-05 
0.00197666 0.019165 0.927232 0.00101725 0.0506087 
0.00438886 0.0041901 0.990123 0.000118851 0.00117875 
0.00532196 0.0470871 0.934634 0.000193002 0.0127636 
2.85498e-05 0.0129998 0.00106454 8.24486e-08 0.985907 
1.87644e-05 0.806794 0.140059 1.60319e-06 0.0531273 
0.368953 0.152314 0.462531 0.000296941 0.0159048 
1.70277e-07 0.100273 0.886223 1.70272e-07 0.0135037 
0.10974 0.0956831 0.792882 9.20786e-05 0.00160253 
0.242249 0.24978 0.49028 0.000750522 0.0169398 
0.00047857 0.0432452 0.955725 7.52961e-05 0.000476008 
0.443087 0.298276 0.149742 0.0228584 0.0860362 
0.00607156 0.600753 0.388994 6.17659e-07 0.00418058 
0.0105727 0.131731 0.828521 7.224e-05 0.0291026 
0.0068338 0.0559763 0.921686 0.00336326 0.0121407 
3.79816e-07 0.217159 0.781623 1.25647e-08 0.00121776 
0.011971 0.767993 0.214567 2.90098e-06 0.00546581 
0.533227 0.222084 0.244529 1.37212e-05 0.000146503 
0.003303 0.766354 0.133069 5.77572e-06 0.097268 
0.0015795 0.426107 0.542174 0.000172979 0.0299666 
0.0273213 0.254304 4.43777e-05 1.1366e-09 0.718331 
0.033764 0.390613 0.569014 0.000266866 0.00634204 
0.00360044 0.0465015 0.912041 0.000163348 0.037694 
0.0483911 0.650369 0.299354 7.81935e-06 0.00187841 
0.076102 0.238112 0.685294 0.000195984 0.000296337 
0.0453841 0.564498 0.383602 8.71277e-06 0.00650731 
0.00568138 0.0651214 0.927355 2.82332e-05 0.00181394 
0.12466 0.148578 0.660676 0.00159414 0.0644911 
0.000941875 0.0332652 0.955951 0.000445034 0.00939691 
0.010337 0.163249 0.800341 0.0018279 0.0242445 
0.0141641 0.718424 0.163518 0.00116186 0.102733 
0.733478 0.191276 0.0670586 2.24042e-05 0.00816432 
0.163613 0.103369 0.725552 0.000876464 0.00658903 
0.000204518 0.679017 0.291142 9.98733e-05 0.0295363 
0.0029856 0.0143772 0.979067 0.000185609 0.00338491 
0.396902 0.13443 0.466985 1.43872e-05 0.00166865 
0.0331159 0.0400737 0.922666 2.27991e-05 0.00412137 
0.000740419 0.025151 0.973478 0.000189574 0.000440628 
0.24222 0.0705178 0.681386 0.00123361 0.00464186 
0.0431633 0.00667988 0.625395 2.53716e-05 0.324737 
0.000807975 0.83462 0.162616 1.30627e-05 0.00194358 
0.0431307 0.308893 0.56905 7.14435e-06 0.0789195 
0.0187744 0.0809869 0.854 0.000497129 0.0457413 
0.24364 0.0629189 0.692667 0.000259553 0.000514759 
0.0275836 0.0841758 0.85518 0.00709338 0.0259673 
0.000230756 0.0293181 0.962295 0.000166789 0.00798886 
0.0682527 0.525021 0.176471 0.0268883 0.203367 
0.36119 0.0446942 0.589853 0.000664328 0.00359841 
0.0829719 0.0198233 0.873572 0.000973501 0.0226592 
0.494587 0.0571643 0.341867 0.0081285 0.0982523 
0.0520965 0.646758 0.13122 2.78633e-07 0.169924 
0.0410785 0.061415 0.89378 0.000229438 0.00349694 
0.122517 0.0713786 0.788217 0.00380741 0.0140795 
0.0244302 0.822404 0.146336 0.00105322 0.00577693 
0.00308724 0.137539 0.84355 0.00138407 0.0144402 
0.21085 0.00569122 0.726051 0.00040761 0.0570008 
0.926435 0.0229049 0.0503653 8.75071e-05 0.000207072 
0.114885 0.0242779 0.850363 0.000989459 0.00948513 
0.00079131 0.143886 0.854124 0.000190543 0.00100893 
0.00022309 0.549948 0.418307 0.000107644 0.0314136 
0.034612 0.344806 0.602126 0.000234603 0.0182219 
0.926435 0.0229049 0.0503653 8.75071e-05 0.000207072 
0.00443945 0.0187568 0.975522 0.000467608 0.000814166 
0.000179775 0.0764817 0.894796 3.0375e-05 0.0285125 
0.0382301 0.710852 0.250917 2.52168e-07 2.68206e-07 
0.00918737 0.197922 0.789874 0.000132926 0.00288369 
0.0250593 0.667673 0.29953 0.00112697 0.00661107 
0.549545 0.234737 0.2154 8.06854e-07 0.000317277 
0.795479 0.0712617 0.0899004 0.000225239 0.0431334 
0.00100911 0.024119 0.96484 7.50803e-06 0.0100248 
0.000294436 0.0287194 0.970828 1.57654e-05 0.000142509 
0.00160418 0.0418475 0.953047 0.000931609 0.00257006 
1.70277e-07 0.100273 0.886223 1.70272e-07 0.0135037 
0.314543 0.0598915 0.608226 0.0020162 0.0153239 
0.0027451 0.0202369 0.941113 7.5188e-05 0.0358295 
0.00569879 0.343301 0.617085 0.000390816 0.0335239 
0.176874 0.0187724 0.803985 0.000130108 0.000238783 
0.0431633 0.00667988 0.625395 2.53716e-05 0.324737 
0.0713788 0.0848736 0.787509 0.000970638 0.0552682 
0.0107896 0.795916 0.182278 0.00532282 0.00569337 
0.0348541 0.181454 0.775787 0.000750885 0.00715375 
0.00172288 0.223231 0.712306 0.000386608 0.062354 
0.0015373 0.416689 0.57908 5.67479e-05 0.00263672 
0.112784 0.268516 0.618699 2.97508e-10 1.06943e-06 
0.159627 0.0499604 0.702683 0.0122859 0.0754433 
0.0484577 0.105301 0.824998 0.00958318 0.0116599 
0.0424548 0.0268804 0.923088 0.00347874 0.00409846 
0.51889 0.0461211 0.427213 0.00379987 0.00397582 
0.0749127 0.776567 0.147628 4.66986e-09 0.000891916 
0.0135694 0.456623 0.51036 0.00187876 0.0175692 
0.0771863 0.240228 0.658636 0.00307376 0.0208762 
0.00823231 0.0545949 0.874805 0.000414713 0.0619529 
0.0169697 0.104387 0.14124 0.000382916 0.737021 
7.03912e-05 0.365406 0.138122 4.92517e-05 0.496353 
0.482299 0.452364 0.0581231 0.00332284 0.00389191 
0.563587 0.0273485 0.301795 0.00676656 0.100502 
0.432827 0.205594 0.357954 1.56139e-07 0.00362461 
0.0469342 0.068863 0.622608 2.3409e-05 0.261571 
0.024094 0.0431245 0.925885 0.00020546 0.00669049 
0.00803411 0.217974 0.755497 0.000970396 0.0175238 
0.00247865 0.00717589 0.959135 0.000302103 0.0309084 
0.00783925 0.511996 0.430296 6.02956e-07 0.0498685 
0.000517067 0.00704058 0.992157 1.07304e-06 0.000284717 
0.00425679 0.0568656 0.930897 8.3198e-05 0.00789752 
0.013253 0.0255238 0.942562 0.00922597 0.00943548 
0.0638231 0.0533324 0.859517 0.00494918 0.0183779 
0.158731 0.169453 0.647302 0.000600286 0.0239138 
0.246057 0.563479 0.190307 2.14863e-07 0.000156646 
0.0169602 0.0341347 0.896126 0.005692 0.0470872 
0.00112208 0.313014 0.4362 0.000881958 0.248782 
0.0519115 0.825373 0.106863 0.00114431 0.0147081 
0.114169 0.654761 0.201555 0.00240691 0.0271082 
1.75272e-05 0.0426318 0.945624 9.67465e-06 0.011717 
0.0533139 0.488517 0.44455 0.000896203 0.0127228 
0.000470686 0.815901 0.016677 1.93951e-05 0.166932 
0.0135785 0.636138 0.29241 0.00176695 0.0561068 
7.54474e-06 0.00550037 0.294178 1.81237e-09 0.700314 
0.0025195 0.157073 0.798441 0.000286396 0.0416801 
0.00492566 0.187893 0.744101 0.000507371 0.0625731 
0.00352475 0.149067 0.842276 0.000252595 0.00487941 
0.0138743 0.112578 0.85756 0.00014858 0.015839 
0.0226344 0.611985 0.328572 0.000228084 0.0365811 
0.771054 0.0460288 0.142665 0.0082352 0.0320173 
0.399206 0.0685604 0.5199 0.000652781 0.0116811 
0.153515 0.0231707 0.702181 0.00117786 0.119955 
0.00538544 0.0210736 0.932836 0.000202445 0.0405027 
0.966338 0.00606522 0.0174553 0.000163224 0.00997866 
0.22809 0.0217042 0.749079 1.86136e-05 0.00110859 
0.0808952 0.574009 0.339004 0.00139411 0.00469788 
0.000873069 0.819516 0.102975 5.98021e-08 0.0766362 
0.448202 0.230324 0.306963 0.00317969 0.0113315 
0.00012438 0.0799858 0.907168 0.00011604 0.0126063 
0.0334246 0.563181 0.20036 0.00549216 0.197542 
0.00751272 0.337206 0.600084 2.48239e-05 0.0551721 
0.0104802 0.0306559 0.925561 0.000368135 0.0329348 
0.0027079 0.0199643 0.940682 0.00183748 0.0348084 
0.0254535 0.355008 0.553738 0.0203086 0.0454917 
0.0431633 0.00667988 0.625395 2.53716e-05 0.324737 
0.0597236 0.350567 0.585418 2.51319e-07 0.0042917 
0.000248652 0.0152342 0.976944 2.15851e-06 0.00757129 
0.0132673 0.0182901 0.954481 0.000146207 0.0138159 
0.0431633 0.00667988 0.625395 2.53716e-05 0.324737 
0.000345065 0.880816 0.0577929 5.79471e-05 0.060988 
0.0129341 0.0105486 0.960682 0.0016056 0.0142295 
0.199987 0.200015 0.200022 0.199981 0.199995 
0.000998949 0.0796032 0.842526 0.000284973 0.0765867 
0.00824867 0.533503 0.151263 0.0010656 0.305921 
3.22957e-05 0.0509283 0.939466 5.01046e-07 0.0095726 
0.0185073 0.0532271 0.927847 6.35612e-05 0.000354533 
0.0917774 0.0825869 0.801523 0.00575328 0.0183596 
0.559878 0.109272 0.239781 1.5172e-05 0.0910534 
0.0406718 0.132326 0.778136 0.0103596 0.0385058 
0.011971 0.767993 0.214567 2.90098e-06 0.00546581 
0.0863821 0.692928 0.205033 0.000292171 0.0153652 
0.984084 0.00147718 0.0111814 0.00140109 0.00185681 
0.0126299 0.6489 0.188104 0.00704569 0.14332 
0.0149095 0.839565 0.144918 0.000117085 0.000490609 
0.0168459 0.0237223 0.950044 0.000145307 0.00924205 
0.0217431 0.0436929 0.933288 1.12974e-05 0.00126505 
0.00532196 0.0470871 0.934634 0.000193002 0.0127636 
0.012527 0.0308224 0.896975 0.000252423 0.0594234 
0.563587 0.0273485 0.301795 0.00676656 0.100502 
0.00965287 0.03642 0.933479 0.0045497 0.0158984 
7.20866e-06 0.120468 0.876014 5.66872e-07 0.00351083 
0.0292957 0.110363 0.831789 0.00343053 0.0251222 
0.0133738 0.0386419 0.929883 0.0010194 0.0170815 
0.497518 0.0773903 0.420238 8.98795e-07 0.00485236 
0.00260315 0.00150561 0.958457 0.00096349 0.0364712 
0.0565013 0.416524 0.462788 0.0118582 0.0523289 
0.0724168 0.701578 0.154907 0.000101467 0.0709965 
0.66128 0.0881341 0.236553 0.000585462 0.0134478 
0.868447 0.00130493 0.129857 3.34959e-07 0.00039127 
0.00330365 0.0521352 0.934332 0.000821303 0.0094076 
0.0163961 0.603463 0.377827 5.05942e-05 0.00226289 
0.0431633 0.00667988 0.625395 2.53716e-05 0.324737 
0.000360228 0.135327 0.862428 7.32696e-09 0.00188458 
0.00961889 0.134862 0.764581 0.00509771 0.0858404 
0.000492658 0.458534 0.139985 6.29995e-05 0.400926 
0.0127036 0.111968 0.848309 0.000488087 0.0265309 
0.0295581 0.758725 0.183227 0.00927823 0.0192117 
0.0420044 0.745018 0.212427 0.000268402 0.00028191 
0.00205939 0.100294 0.85282 0.000385882 0.0444413 
6.44616e-05 0.0837254 0.0347657 1.02632e-05 0.881434 
0.00558101 0.648735 0.187172 0.000680185 0.157831 
0.0156584 0.830235 0.14817 1.99276e-07 0.00593654 
3.06059e-06 0.163857 0.424116 6.72234e-10 0.412024 
0.966338 0.00606522 0.0174553 0.000163224 0.00997866 
0.129251 0.424363 0.427996 0.000167967 0.018222 
0.0174119 0.710016 0.227986 0.00218715 0.0423986 
0.000457941 0.0235402 0.970397 0.000124127 0.0054807 
0.00788143 0.233858 0.697576 0.000814697 0.0598699 
0.0013531 0.0604539 0.918329 0.000230147 0.0196335 
0.00236935 0.0197132 0.9358 0.000795644 0.0413218 
0.0120117 0.114386 0.842365 0.00383986 0.0273975 
0.000865833 0.360387 0.60325 0.000268525 0.0352285 
0.0212009 0.245326 0.731839 0.000133361 0.00150103 
0.0824566 0.205024 0.672976 0.000491855 0.0390509 
0.000219396 0.0766298 0.917267 0.000141201 0.00574307 
0.00343455 0.168729 0.805218 0.000869854 0.021748 
0.00915723 0.0589165 0.928449 0.000157986 0.00331888 
0.00935106 0.016237 0.974129 0.000111387 0.000171507 
0.11044 0.643839 0.177012 0.0304509 0.0382577 
0.0144969 0.0696686 0.903348 0.0017257 0.0107613 
0.266315 0.0859801 0.638171 0.000771223 0.0087627 
0.00596633 0.0172829 0.969341 2.01175e-07 0.00740956 
0.00739143 0.643636 0.212745 0.0039783 0.13225 
0.343727 0.0871475 0.471322 0.000159437 0.0976436 
0.497542 0.145533 0.232712 0.000800936 0.123412 
0.0150173 0.0573676 0.879955 0.004874 0.0427857 
0.000138801 0.933556 0.0572587 4.25362e-05 0.00900417 
0.000258327 0.94293 0.0440202 8.83248e-05 0.0127035 
0.0200716 0.444498 0.518526 0.0014683 0.015436 
0.0159403 0.0954283 0.872024 0.00185304 0.0147545 
0.614827 0.0999991 0.180888 0.00624013 0.0980457 
0.00432544 0.28609 0.61678 0.000549799 0.0922543 
0.82926 0.0353414 0.132403 1.15414e-06 0.00299457 
0.00319347 0.0522606 0.942441 0.000182392 0.00192263 
0.0598275 0.0388913 0.891108 0.00172736 0.00844562 
0.00443945 0.0187568 0.975522 0.000467608 0.000814166 
0.000163645 0.577341 0.0462074 5.30907e-05 0.376235 
0.193608 0.110942 0.691823 0.00150494 0.00212207 
0.175454 0.140828 0.599567 1.79328e-05 0.0841331 
0.00179368 0.199109 0.798733 4.34248e-05 0.000320892 
0.00501329 0.659457 0.203652 0.00151894 0.130359 
0.00857098 0.548995 0.139912 2.33002e-05 0.302498 
0.00879816 0.378321 0.118053 0.000756593 0.494071 
0.0431633 0.00667988 0.625395 2.53716e-05 0.324737 
0.480136 0.0904229 0.428598 0.000410148 0.000432942 
0.0685681 0.689171 0.238429 0.000929369 0.00290256 
0.491874 0.323383 0.176052 0.00110393 0.00758807 
0.0340948 0.073393 0.878907 0.000715237 0.0128896 
0.019234 0.620314 0.326806 0.00841913 0.0252268 
0.238792 0.207555 0.486265 0.000647294 0.06674 
0.178481 0.568057 0.235726 0.000687157 0.0170491 
0.060103 0.0597541 0.786226 0.000712627 0.0932039 
0.984542 0.00438189 0.0095965 0.00070496 0.000774516 
2.33755e-06 6.70154e-06 0.999903 2.33111e-06 8.60161e-05 
0.00773492 0.0547525 0.935304 0.000436713 0.00177172 
0.831337 0.0584846 0.0921833 0.000134785 0.0178598 
0.0431633 0.00667988 0.625395 2.53716e-05 0.324737 
0.0189893 0.0750937 0.875397 0.00946189 0.0210579 
0.000211773 0.885037 0.0572574 3.88463e-05 0.0574553 
0.0183118 0.758103 0.196374 3.96006e-06 0.0272075 
1.55506e-05 0.0156994 0.000502185 2.1093e-09 0.983783 
0.000343592 0.00405538 0.995512 1.23835e-08 8.91503e-05 
0.0327657 0.0994739 0.848091 0.000141428 0.0195282 
0.000179908 0.0139284 0.98572 1.24721e-06 0.000170241 
0.942773 0.00398717 0.0531972 1.70032e-05 2.58508e-05 
0.522491 0.0559384 0.382661 0.000918364 0.037991 
0.416179 0.119708 0.453287 0.00199945 0.00882638 
0.00662889 0.0784025 0.913044 2.29664e-05 0.00190127 
0.0550405 0.0523899 0.876731 0.000863092 0.0149759 
0.0302996 0.0369453 0.919714 0.000489676 0.0125512 
2.70636e-05 0.972395 0.00225175 1.05636e-05 0.0253153 
0.728977 0.0713256 0.17585 0.000104204 0.0237426 
0.0408361 0.239578 0.664817 0.0202777 0.0344909 
0.00812452 0.027606 0.943738 0.00307717 0.017454 
0.00959514 0.104172 0.848462 0.000191001 0.037579 
0.787006 0.0727314 0.127829 0.00432154 0.00811151 
0.000685534 0.0357826 0.962849 9.54408e-05 0.00058716 
0.000225059 0.766149 0.232646 5.21931e-06 0.000974568 
0.0360048 0.55142 0.396822 0.00013428 0.0156187 
0.00956537 0.881505 0.0346375 0.0020798 0.0722121 
0.00341846 0.319711 0.656681 0.000891734 0.0192979 
0.0479717 0.175336 0.736556 0.0190146 0.0211217 
0.0682975 0.119645 0.730536 0.0225932 0.0589285 
0.0145702 0.0778916 0.846435 0.00225319 0.0588503 
2.80133e-05 0.0295301 0.970388 6.31096e-12 5.4154e-05 
0.00788097 0.044329 0.943953 1.33702e-05 0.00382381 
0.0316404 0.180371 0.785699 0.000117485 0.00217249 
0.000316391 0.096803 0.890246 1.75424e-05 0.0126169 
0.733478 0.191276 0.0670586 2.24042e-05 0.00816432 
0.000174321 0.389445 0.554659 0.000116621 0.0556045 
0.23937 0.0543028 0.664872 0.0021831 0.0392714 
0.31476 0.173838 0.478495 0.00883084 0.0240763 
0.0307781 0.604794 0.332779 0.00541313 0.0262357 
6.6234e-06 0.088926 0.910405 5.68489e-07 0.000661759 
0.00586788 0.599789 0.383226 4.14988e-06 0.0111138 
0.00598844 0.297566 0.466013 4.32018e-05 0.230389 
0.0177151 0.0457876 0.906099 0.0134527 0.0169459 
0.0336626 0.0585143 0.907043 7.61886e-05 0.000703967 
0.0418272 0.0664225 0.82488 0.00226745 0.0646027 
0.0583178 0.791021 0.108421 0.00959735 0.0326422 
0.00240684 0.0211866 0.878908 0.000596146 0.0969029 
0.118392 0.351896 0.438655 0.000214265 0.0908427 
0.308374 0.0906524 0.568274 0.00652741 0.0261719 
0.0122109 0.795848 0.191782 2.44876e-05 0.000134863 
0.0123759 0.0653766 0.916118 1.25419e-05 0.00611688 
0.00588423 0.0193688 0.9747 8.12885e-06 3.88602e-05 
0.122379 0.652075 0.159167 0.000223569 0.066155 
0.000455271 0.772885 0.0410918 3.32467e-05 0.185534 
0.000343307 0.0247012 0.00869392 4.91589e-13 0.966262 
0.000475538 0.0103293 0.982588 0.000334648 0.00627249 
0.0461846 0.0369781 0.899057 0.00490775 0.0128722 
0.260747 0.155696 0.533932 0.00826834 0.0413571 
0.0150769 0.031845 0.939318 0.00168929 0.0120708 
0.0319785 0.0559567 0.909561 5.34842e-05 0.00245084 
0.011971 0.767993 0.214567 2.90098e-06 0.00546581 
0.517555 0.0266488 0.401264 0.0174044 0.0371271 
0.00820617 0.0541321 0.932952 0.000162161 0.00454723 
0.00496879 0.501906 0.35616 0.00020225 0.136764 
0.00524955 0.0159709 0.978049 0.000321297 0.000409327 
0.272025 0.462141 0.260065 0.002866 0.00290314 
0.00335941 0.0104147 0.985004 1.17956e-05 0.00121033 
0.0336781 0.787258 0.0697524 4.97173e-05 0.109261 
0.404176 0.0202554 0.560028 0.0020099 0.0135304 
0.771054 0.0460288 0.142665 0.0082352 0.0320173 
0.0538833 0.29527 0.63809 0.00330795 0.0094495 
0.0013531 0.0604539 0.918329 0.000230147 0.0196335 
0.000698864 0.924446 0.0673399 5.75993e-05 0.00745722 
0.00356877 0.132874 0.862521 0.000445168 0.000591337 
0.0122258 0.970588 0.0171853 4.57436e-11 1.21089e-06 
0.00767179 0.0852963 0.881676 0.00734065 0.0180152 
0.00295164 0.0132621 0.979845 1.67844e-05 0.00392494 
3.86331e-05 0.0626196 0.936963 2.61457e-05 0.000352173 
0.00320349 0.22366 0.668324 0.00105163 0.103761 
0.00483587 0.0665244 0.910553 0.00370782 0.0143785 
0.141389 0.608172 0.243617 0.000789672 0.00603216 
0.00919354 0.210571 0.68501 0.00106458 0.0941609 
0.00013621 0.016968 0.9755 1.99819e-05 0.00737625 
3.69845e-05 0.00367927 0.0149044 7.27889e-09 0.981379 
0.162703 0.384362 0.449368 0.000664316 0.00290322 
0.140675 1.86641e-05 0.859256 6.62412e-09 5.0242e-05 
0.0071815 0.316558 0.180725 0.000997302 0.494539 
8.39323e-05 0.935829 0.0505876 5.00372e-05 0.0134495 
0.072297 0.485249 0.382674 0.00141721 0.0583628 
4.98538e-08 0.791576 7.55141e-05 1.4279e-11 0.208348 
0.000452636 0.135021 0.813386 1.99874e-05 0.05112 
0.00508289 0.0555765 0.923607 9.69526e-05 0.0156362 
0.374158 0.0969373 0.27183 0.000285104 0.25679 
0.0254484 0.154581 0.800176 3.23488e-07 0.019794 
0.0496038 0.0667162 0.859886 0.000152142 0.023642 
0.20122 0.134439 0.624114 0.0195736 0.0206537 
0.0120633 0.23059 0.754944 0.00053806 0.00186391 
0.00372874 0.420579 0.146383 0.000804624 0.428504 
0.147792 0.0659755 0.200516 0.000548879 0.585167 
0.000267148 0.233108 0.765121 6.12678e-05 0.00144228 
0.563587 0.0273485 0.301795 0.00676656 0.100502 
0.642128 0.309566 0.0232078 0.000578185 0.0245192 
0.00583873 0.0591062 0.934577 8.0118e-05 0.000397666 
0.500501 0.00259187 0.333407 9.39653e-06 0.16349 
0.0754929 0.0554101 0.810429 1.87998e-06 0.0586659 
0.35378 0.484659 0.160546 0.000223966 0.000790867 
0.00155493 0.109092 0.856019 0.0010441 0.03229 
0.63251 0.162462 0.203327 2.14058e-05 0.00167995 
0.247197 0.52123 0.179585 0.0144196 0.0375677 
0.0376483 0.608395 0.131056 0.00976868 0.213132 
0.0606622 0.114009 0.806932 0.00591736 0.0124793 
0.00288525 0.00549997 0.991032 0.000208067 0.000374697 
