0.0108098 0.300637 0.683394 0.00233679 0.00282224 
0.00212494 0.139728 0.857289 4.8304e-11 0.000858423 
0.0182495 0.365665 0.604418 7.33454e-06 0.0116602 
0.0109621 0.16962 0.756137 0.000264456 0.0630164 
0.942293 0.0189515 0.0354943 0.00146743 0.00179333 
0.184662 0.486073 0.299884 1.12593e-05 0.0293695 
0.966338 0.00606522 0.0174553 0.000163224 0.00997866 
0.0243448 0.0197566 0.954719 0.0001652 0.0010148 
0.00443945 0.0187568 0.975522 0.000467608 0.000814166 
0.003547 0.0629304 0.780382 0.00233332 0.150807 
0.193844 0.252852 0.53501 0.00133644 0.0169577 
0.586801 0.22379 0.138445 0.000622428 0.0503409 
0.530197 0.116289 0.335837 0.00808121 0.0095953 
1.49155e-05 0.4921 0.507653 5.24969e-06 0.000226882 
0.334557 0.1953 0.407902 0.00497952 0.0572619 
0.04446 0.527695 0.328882 0.00664279 0.0923201 
0.0273488 0.0859493 0.854663 0.008403 0.0236359 
0.0036773 0.0770856 0.860277 0.000442111 0.058518 
0.0198903 0.652788 0.272916 0.00016191 0.054244 
0.00765403 0.0223623 0.966228 0.000747344 0.003008 
1.35226e-06 0.126092 0.718088 3.11019e-07 0.155819 
0.0178418 0.677224 0.266278 7.71353e-05 0.0385794 
0.0424873 0.111325 0.823184 0.00589589 0.0171076 
0.00167167 0.862481 0.0679804 1.40874e-07 0.067867 
0.0167531 0.070487 0.897468 0.00085565 0.0144359 
0.287264 0.210001 0.499487 0.00142864 0.00181971 
0.0532639 0.381172 0.111658 0.000726014 0.453181 
0.0160203 0.118772 0.847938 0.000674459 0.0165957 
0.664006 0.218486 0.0678495 0.00123673 0.0484216 
0.147813 0.00846248 0.81742 0.00761893 0.018686 
1.31631e-05 0.0954134 0.877372 2.87409e-07 0.0272009 
0.0109846 0.0965528 0.858234 0.00103721 0.0331911 
0.341065 0.325127 0.150176 0.00080276 0.182829 
0.00471168 0.00973007 0.971643 2.26012e-06 0.0139127 
0.163217 0.302122 0.525929 0.00346427 0.00526895 
0.00770027 0.0266697 0.952701 0.0015845 0.0113449 
0.00140317 0.0328236 0.927746 0.00113034 0.0368967 
4.76018e-07 4.18572e-06 0.999992 2.89833e-07 3.49276e-06 
0.0484823 0.119481 0.675964 0.000279772 0.155792 
0.00599572 0.0237954 0.949274 0.000188281 0.0207463 
2.50804e-06 0.0122023 0.10827 6.68132e-07 0.879524 
6.10366e-05 0.0152767 0.981526 7.39826e-06 0.00312869 
0.000130915 0.513949 0.478118 2.43156e-07 0.00780244 
0.00583873 0.0591062 0.934577 8.0118e-05 0.000397666 
0.000219171 0.156272 0.813321 0.000103876 0.0300839 
0.000407956 0.0500843 0.901281 7.01759e-05 0.0481566 
0.0163305 0.0969572 0.862658 0.00138149 0.0226724 
0.0186863 0.00455234 0.966953 4.25903e-05 0.00976605 
0.0127674 0.0493636 0.921069 0.00264546 0.0141549 
0.00173891 0.13983 0.76997 0.000102937 0.088359 
9.15943e-05 0.74477 0.0165242 7.0859e-06 0.238607 
0.0133333 0.229705 0.726008 0.00424932 0.0267041 
0.0036778 0.851417 0.0949796 0.000175202 0.0497503 
0.00780793 0.0968886 0.874997 0.00228521 0.0180216 
0.0039968 0.19496 0.745786 0.00278137 0.0524759 
0.0384435 0.0157703 0.945072 0.000110796 0.000603782 
0.00161594 0.286102 0.711214 0.000124512 0.000943417 
0.00283336 0.630166 0.365281 0.000693244 0.00102676 
0.0137752 0.366987 0.498229 0.000395425 0.120614 
0.00618852 0.0148047 0.978827 8.74259e-05 9.22811e-05 
0.00732435 0.0846327 0.877105 0.00254493 0.0283934 
0.183153 0.2687 0.408118 0.026108 0.11392 
0.00355225 0.748007 0.0336576 0.000303997 0.21448 
0.0127886 0.0503015 0.913143 7.10601e-05 0.0236961 
0.462903 0.00923904 0.425549 0.000108925 0.1022 
0.0365702 0.392491 0.567423 0.000517501 0.00299827 
0.011971 0.767993 0.214567 2.90098e-06 0.00546581 
0.00162049 0.892338 0.103288 6.56628e-05 0.00268811 
0.373189 0.0541677 0.558193 0.00486028 0.00959002 
0.00763741 0.173216 0.800057 0.000111219 0.0189786 
0.127177 0.135456 0.728307 0.000910163 0.00814967 
0.00465469 0.00432329 0.989725 0.000199945 0.00109737 
0.0135639 0.219318 0.611309 0.000103238 0.155706 
6.62454e-05 0.520735 0.4791 9.13031e-06 8.94707e-05 
0.192613 0.66904 0.133818 1.31039e-05 0.00451661 
0.146982 0.257947 0.491111 0.00343852 0.100522 
0.00470005 0.0443391 0.936945 5.24514e-05 0.0139629 
0.0279852 0.775362 0.174557 0.000929768 0.0211659 
0.0431633 0.00667988 0.625395 2.53716e-05 0.324737 
0.000904803 0.220218 0.709255 0.000286513 0.0693356 
0.00368643 0.097626 0.85368 0.00100306 0.0440049 
0.846162 0.0657465 0.0808261 0.00131318 0.00595257 
0.00142466 0.2055 0.790426 0.000139767 0.00250963 
0.00207152 0.0282095 0.956669 0.000169594 0.0128799 
0.00972712 0.860684 0.119119 0.00220938 0.00826057 
0.00937561 0.16745 0.800457 0.000124168 0.022593 
0.00235393 0.236921 0.74236 0.00120966 0.0171561 
0.00165164 0.863372 0.0936595 1.00451e-05 0.0413066 
0.058221 0.411273 0.528704 0.00056241 0.001239 
0.35879 0.254109 0.386375 5.21524e-07 0.000725488 
0.00300667 0.245729 0.571847 1.52931e-05 0.179402 
0.116815 0.00944424 0.873663 3.71719e-05 4.04115e-05 
0.00018508 0.13517 0.817606 6.94509e-05 0.0469694 
0.000877722 0.936814 0.0623064 1.24769e-07 1.64366e-06 
0.015188 0.0844299 0.897355 0.00115431 0.00187305 
0.797296 0.110786 0.0894991 0.000697102 0.00172194 
0.377113 0.132527 0.443994 0.00350198 0.042863 
0.00360357 0.655953 0.0531245 5.80212e-11 0.287319 
0.0144472 0.865466 0.0221791 2.57285e-05 0.0978815 
0.0053863 0.0422243 0.93306 0.00220746 0.0171222 
1.15955e-05 0.0563182 0.920936 8.14502e-06 0.0227259 
0.000748946 0.0974348 0.900658 0.000105316 0.00105252 
0.959625 0.00360896 0.0357262 0.00038523 0.000654092 
0.470595 0.237325 0.291287 2.28142e-05 0.000769353 
0.00659323 0.44273 0.515022 0.000493921 0.0351612 
0.421148 0.0876176 0.487727 0.000146189 0.00336031 
0.00167167 0.862481 0.0679804 1.40874e-07 0.067867 
0.47317 0.219516 0.291214 0.000345429 0.0157546 
0.461618 0.0765036 0.460177 3.9855e-05 0.00166156 
0.00108248 0.779213 0.054469 1.46345e-05 0.165221 
0.0221463 0.0756681 0.848965 0.00677799 0.046443 
0.0176614 0.0239143 0.936813 0.00779299 0.0138187 
0.00605237 0.144265 0.837324 7.68728e-05 0.0122817 
0.0133425 0.70098 0.285377 2.39148e-05 0.00027654 
0.0033694 0.534724 0.362999 0.00103845 0.0978693 
0.907771 0.0314449 0.060492 2.48871e-06 0.000289091 
0.00356125 0.181504 0.780568 0.00173456 0.032632 
0.0124423 0.0938298 0.892925 8.67137e-06 0.000794628 
0.117503 0.0988658 0.697392 5.0869e-05 0.0861885 
0.107847 0.525491 0.365295 2.59812e-07 0.00136776 
0.0527855 0.731661 0.191844 0.000281788 0.023428 
8.28058e-05 0.0609547 0.00708394 1.25181e-06 0.931877 
0.0431633 0.00667988 0.625395 2.53716e-05 0.324737 
2.88537e-06 0.0379323 0.96119 2.76804e-06 0.000872339 
0.0129047 0.0273706 0.958116 0.000729831 0.000878554 
0.000237199 0.0649813 0.920756 0.000109033 0.0139166 
0.000199781 0.0054764 0.985569 2.33385e-06 0.00875284 
0.0116455 0.0548191 0.916065 1.84302e-05 0.0174516 
0.00407709 0.104238 0.0678191 4.77773e-05 0.823818 
0.00583499 0.675153 0.295605 0.001282 0.0221253 
0.0196506 0.0121588 0.0574874 0.000185225 0.910518 
0.00151014 0.0423464 0.951019 9.36269e-05 0.00503058 
0.00112526 0.177576 0.75577 3.77047e-05 0.0654912 
0.848068 0.0730365 0.0592314 0.00849615 0.0111682 
0.0168459 0.0237223 0.950044 0.000145307 0.00924205 
0.199987 0.200015 0.200022 0.199981 0.199995 
0.0136267 0.191373 0.783312 0.000125741 0.0115634 
0.000226456 0.0319649 0.964598 8.31806e-06 0.00320241 
4.0358e-05 0.830699 0.152395 4.16296e-11 0.0168657 
0.000764903 0.92369 0.0332148 6.32971e-06 0.0423238 
0.274883 0.122802 0.345331 0.000868579 0.256116 
0.0105656 0.0555333 0.930456 0.00143756 0.00200759 
0.0105932 0.0501363 0.933005 0.00126533 0.00500004 
0.00152878 0.166217 0.801218 0.000406651 0.0306294 
0.0225077 0.137559 0.787125 0.00341339 0.0493948 
0.00486073 0.0586979 0.936433 9.14305e-07 7.93107e-06 
0.0728207 0.421658 0.478004 0.000108533 0.0274096 
0.00416296 0.110052 0.860353 0.000509069 0.0249229 
0.687865 0.0683142 0.243414 0.000122185 0.00028476 
0.0270078 0.0470898 0.924948 0.000240405 0.000714265 
0.00791833 0.0081547 0.942247 6.65057e-06 0.0416728 
0.83003 0.038763 0.0946746 0.00652742 0.0300054 
0.435147 0.178059 0.366021 0.00145933 0.019314 
0.01192 0.0202023 0.91436 2.80868e-05 0.0534892 
3.86331e-05 0.0626196 0.936963 2.61457e-05 0.000352173 
0.000425473 0.0464672 0.934247 5.88107e-05 0.0188015 
0.346598 0.226164 0.404816 0.000501051 0.0219211 
0.361957 0.0551473 0.527574 0.00146086 0.0538604 
0.0204874 0.0054514 0.96825 9.12169e-05 0.00572002 
0.0135407 0.553804 0.413039 0.00010913 0.019507 
0.0138045 0.0146191 0.954845 4.16104e-05 0.01669 
0.0162626 0.0715073 0.903947 0.000512526 0.00777012 
0.00058886 0.0183127 0.980873 4.49811e-05 0.000180475 
0.00532196 0.0470871 0.934634 0.000193002 0.0127636 
0.990455 0.0012751 0.00564543 0.000800556 0.00182426 
0.00868854 0.261877 0.723791 0.000770963 0.00487276 
0.691007 0.0380011 0.270445 0.000185145 0.000362359 
0.0389604 0.349618 0.566724 0.00624871 0.0384486 
0.323909 0.182733 0.47329 0.00317925 0.0168891 
0.0809445 0.710804 0.206253 0.000371281 0.00162688 
0.08996 0.315845 0.570568 0.00125609 0.0223706 
0.00735513 0.366682 0.562208 0.00628902 0.0574662 
0.001495 0.0452209 0.915727 3.82095e-05 0.037519 
0.0030837 0.00900842 0.985373 9.16104e-05 0.00244332 
0.000966762 0.39126 0.451493 0.000106352 0.156174 
0.00631597 0.0631949 0.920026 8.17216e-05 0.0103814 
0.509042 0.112655 0.369597 0.000809845 0.00789537 
0.0431633 0.00667988 0.625395 2.53716e-05 0.324737 
0.00781879 0.0560242 0.813126 0.000153062 0.122878 
0.00583099 0.0482187 0.937073 0.00394053 0.0049372 
0.00915125 0.445157 0.492975 0.000361188 0.0523559 
0.177457 0.0843685 0.7364 0.000765135 0.001009 
0.0177673 0.114494 0.825826 0.00628373 0.0356284 
0.000848593 0.00687179 0.991139 0.000510595 0.000629624 
0.00162997 0.588097 0.201275 0.000146738 0.208851 
0.011971 0.767993 0.214567 2.90098e-06 0.00546581 
0.000179775 0.0764817 0.894796 3.0375e-05 0.0285125 
0.011971 0.767993 0.214567 2.90098e-06 0.00546581 
0.017091 0.0488984 0.89319 0.00216381 0.0386571 
0.716488 0.0309744 0.150777 0.00875065 0.0930096 
0.181591 0.0473545 0.749442 0.00830567 0.0133068 
0.0132539 0.0958378 0.8772 0.00392676 0.00978117 
0.0205751 0.0827826 0.868571 0.00348454 0.0245864 
0.0309736 0.948688 0.0148866 3.32718e-08 0.00545148 
0.0373281 0.806323 0.0204715 2.767e-06 0.135875 
0.396728 0.141621 0.412246 0.022267 0.0271379 
0.0314116 0.293429 0.614138 0.00254603 0.0584758 
0.0286379 0.0345103 0.929575 0.000263974 0.00701304 
0.0192417 0.0172764 0.963008 1.28916e-07 0.000473943 
0.00779702 0.0881343 0.899619 0.000639744 0.00381025 
0.236063 0.181659 0.564928 0.00124646 0.0161035 
0.0361848 0.117081 0.777303 0.00396095 0.0654701 
0.253494 0.583715 0.161398 2.06821e-05 0.00137192 
0.00681288 0.0674086 0.844873 2.95977e-05 0.0808759 
0.239588 0.53201 0.183585 0.00105528 0.0437611 
0.563587 0.0273485 0.301795 0.00676656 0.100502 
0.274883 0.122802 0.345331 0.000868579 0.256116 
0.716488 0.0309744 0.150777 0.00875065 0.0930096 
0.468222 0.530686 0.000331048 6.5164e-05 0.000695964 
0.00207675 0.0480572 0.914972 0.000334433 0.0345592 
0.515415 0.0212592 0.442618 2.68862e-05 0.0206807 
1.52925e-06 4.78614e-05 0.999941 9.11918e-07 8.72582e-06 
0.288655 0.508845 0.199525 0.000151783 0.00282277 
0.0132068 0.061555 0.896515 0.0122255 0.0164979 
0.00256813 0.127259 0.866053 0.000370475 0.00374909 
0.0523187 0.034564 0.90557 1.95681e-05 0.00752753 
0.250772 0.366121 0.319027 0.0031709 0.0609091 
0.00710607 0.345852 0.645494 1.73781e-05 0.00153044 
0.0620721 0.0586839 0.849756 0.00501462 0.0244733 
0.0192635 0.730982 0.152732 0.00237179 0.0946505 
0.00874153 0.00815243 0.981853 0.000122624 0.00113016 
0.00504444 0.0551028 0.677339 1.15644e-05 0.262502 
0.851734 0.000176244 0.147147 1.24627e-05 0.000931034 
0.011971 0.767993 0.214567 2.90098e-06 0.00546581 
0.00159364 0.0918885 0.905186 3.19334e-05 0.00129988 
0.635064 0.183174 0.173685 0.0022799 0.00579635 
0.000300169 0.82599 0.00892085 8.88876e-09 0.164789 
6.64409e-05 0.0747247 0.791575 2.8007e-07 0.133634 
0.015376 0.0807812 0.875204 0.00393303 0.0247058 
0.142363 0.116676 0.740406 0.000146837 0.000408114 
0.0168459 0.0237223 0.950044 0.000145307 0.00924205 
0.0431633 0.00667988 0.625395 2.53716e-05 0.324737 
0.100363 0.0114247 0.884768 0.000622344 0.00282181 
0.0967883 0.0477267 0.827563 0.00127407 0.0266479 
0.000901184 0.0178699 0.980543 4.62867e-05 0.000639319 
0.147233 0.369222 0.459774 0.000255317 0.0235159 
0.000858054 0.0509893 0.926124 4.12639e-06 0.0220241 
0.00771712 0.0999676 0.891476 6.29502e-05 0.000776122 
0.000526615 0.930896 0.0685761 6.97532e-08 9.18771e-07 
8.65534e-06 0.324218 0.675273 3.43603e-06 0.000496704 
0.289307 0.0215135 0.671297 0.00128222 0.0166008 
0.000300169 0.82599 0.00892085 8.88876e-09 0.164789 
0.0528924 0.0734954 0.870765 0.000773805 0.00207332 
0.00124107 0.136345 0.859982 0.000629389 0.00180193 
0.771054 0.0460288 0.142665 0.0082352 0.0320173 
0.00972744 0.861973 0.121899 5.36074e-07 0.00640012 
0.0261479 0.0592573 0.884744 0.000442101 0.0294086 
3.86331e-05 0.0626196 0.936963 2.61457e-05 0.000352173 
0.0187608 0.145775 0.810532 0.000190953 0.0247415 
0.654038 0.0456669 0.268028 4.47141e-12 0.0322669 
0.0684953 0.085915 0.841655 0.000313249 0.00362098 
0.053765 0.196954 0.73904 0.00250022 0.00774153 
0.00112355 0.00277836 0.27409 0.000550119 0.721458 
0.0313949 0.0313891 0.909036 0.0010721 0.0271081 
0.011971 0.767993 0.214567 2.90098e-06 0.00546581 
0.0373506 0.659343 0.253655 2.52357e-07 0.0496513 
0.0215786 0.111187 0.813652 0.0199996 0.0335828 
0.0292277 0.121822 0.810004 0.00173649 0.0372094 
0.0193198 0.0621225 0.880467 0.0115895 0.0265009 
0.00341032 0.0379591 0.958525 2.87572e-05 7.64635e-05 
0.000884949 0.658815 0.326638 2.25674e-05 0.0136397 
0.00525805 0.939355 0.0490467 4.68959e-06 0.00633509 
0.00248015 0.111582 0.872856 5.14865e-05 0.0130307 
0.000177933 0.0331893 0.964588 6.02082e-07 0.00204454 
0.0138259 0.0184141 0.953685 0.000627682 0.0134469 
0.514327 0.0122262 0.429048 0.00757251 0.0368266 
0.0201877 0.205132 0.741837 0.00095689 0.0318862 
0.000361848 0.161103 0.145671 0.000176018 0.692689 
0.000230756 0.0293181 0.962295 0.000166789 0.00798886 
0.532387 0.163584 0.303903 2.44658e-07 0.00012549 
0.000343307 0.0247012 0.00869392 4.91589e-13 0.966262 
0.000429779 0.914842 0.0798944 1.89426e-05 0.00481506 
0.361762 0.25532 0.198628 0.00188526 0.182404 
0.102912 0.193115 0.666342 0.000393719 0.0372378 
0.0136168 0.10288 0.810906 0.0114093 0.0611875 
0.000528444 0.62467 0.349068 0.000328609 0.0254053 
0.00276499 0.022632 0.958602 0.000454144 0.0155471 
0.716488 0.0309744 0.150777 0.00875065 0.0930096 
0.0012737 0.888815 0.0570808 0.000236778 0.0525938 
0.00927624 0.577651 0.374181 0.00137109 0.0375205 
0.349071 0.218046 0.421418 0.000443667 0.0110205 
0.0952356 0.51818 0.375943 1.03288e-06 0.0106404 
0.0296763 0.870105 0.0955688 0.000247309 0.00440255 
0.647268 0.0401601 0.31257 8.38713e-07 1.10418e-06 
0.938701 0.0122169 0.0444131 0.000423321 0.00424609 
0.00463882 0.117001 0.807456 4.47456e-05 0.0708594 
0.0318848 0.00394559 0.953154 8.90586e-06 0.0110068 
0.011971 0.767993 0.214567 2.90098e-06 0.00546581 
0.0180821 0.747607 0.122039 0.000773637 0.111498 
0.0234426 0.0229512 0.916564 0.0027381 0.0343042 
0.00192014 0.32693 0.632277 0.000158945 0.0387131 
0.374877 0.113245 0.508214 0.000123491 0.00354105 
0.0630929 0.0811677 0.819341 0.000390472 0.0360079 
0.0182604 0.709074 0.27158 2.68216e-05 0.00105911 
0.000378744 0.136447 0.552812 0.000266122 0.310096 
0.0182231 0.0169818 0.96202 3.5323e-05 0.00273996 
0.00228005 0.922339 0.0719721 7.19431e-05 0.0033366 
0.0204129 0.0469659 0.92012 0.0022523 0.0102492 
0.113533 0.0216875 0.794136 0.000861306 0.0697818 
0.107706 0.11088 0.76997 0.00329072 0.00815331 
0.0391272 0.108185 0.84219 0.00428113 0.00621704 
0.0431633 0.00667988 0.625395 2.53716e-05 0.324737 
0.0171027 0.221069 0.759567 1.22927e-05 0.00224985 
0.000407956 0.0500843 0.901281 7.01759e-05 0.0481566 
0.000106722 0.988621 0.00463145 3.56928e-06 0.00663737 
2.83089e-07 0.716045 0.00163327 1.8208e-07 0.282321 
0.00645282 0.0919431 0.765749 1.45094e-05 0.135841 
0.00619151 0.118383 0.802194 0.00157123 0.0716604 
0.263524 0.460582 0.271147 7.06766e-06 0.00473929 
0.000878837 0.0365818 0.92358 3.59386e-05 0.0389238 
0.000559062 0.0331078 0.965951 7.98181e-06 0.000373891 
0.00244478 0.733525 0.249232 1.23877e-05 0.0147854 
0.212051 0.300091 0.374853 0.00398948 0.109017 
0.733478 0.191276 0.0670586 2.24042e-05 0.00816432 
0.000230756 0.0293181 0.962295 0.000166789 0.00798886 
0.0955435 0.0600468 0.788752 0.0161007 0.0395572 
0.0258733 0.23437 0.707602 0.00210995 0.0300444 
0.000374535 0.0488674 0.934247 2.64993e-06 0.0165087 
0.00842721 0.187831 0.785268 0.000109146 0.0183647 
0.321989 0.211926 0.406685 0.0101674 0.0492325 
0.0025565 0.0265206 0.970113 0.000261249 0.000548869 
0.000504146 0.0669954 0.915291 8.04211e-05 0.0171293 
0.0667829 0.0364052 0.894326 4.0683e-05 0.00244526 
0.0146428 0.0248145 0.960212 3.24993e-05 0.000298069 
0.00239822 0.274533 0.696511 0.00161659 0.0249408 
0.0169146 0.0557083 0.88938 0.011659 0.0263382 
0.00127832 0.68815 0.128608 0.000208013 0.181756 
0.000559062 0.0331078 0.965951 7.98181e-06 0.000373891 
0.0114125 0.371508 0.604739 0.000122895 0.0122176 
0.011971 0.767993 0.214567 2.90098e-06 0.00546581 
0.00167253 0.143835 0.853896 1.22923e-06 0.000595808 
0.000335992 0.0363626 0.961507 4.86731e-06 0.00178979 
0.075119 0.755218 0.168394 0.000285874 0.000982801 
0.652641 0.0502373 0.292016 0.000353899 0.00475189 
0.0955652 0.743394 0.130197 0.00100368 0.02984 
0.0289409 0.0479914 0.884043 0.00810972 0.0309148 
0.00235525 0.0282999 0.968552 0.000175897 0.00061672 
0.000247894 0.0258183 0.967862 7.09663e-06 0.00606459 
0.0161278 0.17818 0.709384 0.0128867 0.0834213 
0.00177507 0.843675 0.147118 5.24515e-05 0.00738043 
0.0723865 0.302202 0.609223 0.00120681 0.0149814 
0.063491 0.0815961 0.795136 0.00101572 0.0587613 
0.0504478 0.650009 0.222747 0.00741355 0.0693829 
0.563587 0.0273485 0.301795 0.00676656 0.100502 
0.12851 0.378343 0.491263 0.000898268 0.000985133 
0.225011 0.0312463 0.743735 7.86189e-07 6.78751e-06 
0.0417202 0.0065756 0.951034 0.000201024 0.000468779 
0.109211 0.717848 0.170811 0.00102707 0.00110249 
0.0248237 0.504874 0.46689 0.00041822 0.00299338 
0.00180864 0.0210278 0.963081 0.00167481 0.012408 
0.00161594 0.286102 0.711214 0.000124512 0.000943417 
0.000802935 0.085814 0.898856 1.5617e-05 0.0145115 
0.816423 0.0371197 0.14486 5.15336e-05 0.00154588 
0.000210785 0.235867 0.763202 0.000186222 0.00053441 
0.292277 0.0724994 0.631069 0.000114033 0.00404017 
0.00640846 0.0433117 0.913081 0.000686711 0.0365122 
0.0055388 0.0129801 0.980903 1.48949e-07 0.000577461 
0.260289 0.248339 0.485518 0.000326544 0.00552707 
0.0550933 0.7255 0.218127 0.000605988 0.000674035 
0.00313615 0.111599 0.864872 0.000204558 0.0201889 
0.00630298 0.0727593 0.914577 0.000142946 0.00621729 
0.0384156 0.195857 0.73717 0.0034137 0.0251436 
2.64052e-06 0.0437056 0.949548 4.00435e-07 0.00674329 
0.0590341 0.682287 0.233988 0.00137592 0.0233146 
0.00166539 0.00368501 0.994511 3.45122e-05 0.000103966 
0.00148224 0.0524658 0.944313 4.48038e-09 0.00173881 
0.557624 0.30573 0.109822 0.00441813 0.0224052 
0.00083591 0.0121411 0.985974 8.37191e-05 0.000965513 
0.00184973 0.0490669 0.948053 0.00042134 0.000608643 
0.00714044 0.0964618 0.882984 0.00195955 0.0114539 
0.00254735 0.0731579 0.896904 9.85045e-05 0.0272919 
0.00463942 0.207761 0.774424 6.82543e-05 0.0131071 
0.0706242 0.419092 0.446519 0.000289087 0.0634753 
0.00709821 0.289753 0.681207 0.00316179 0.0187796 
4.94153e-06 0.665328 0.283117 1.74498e-06 0.0515483 
0.000230756 0.0293181 0.962295 0.000166789 0.00798886 
0.0431633 0.00667988 0.625395 2.53716e-05 0.324737 
0.01755 0.741463 0.117351 0.00321031 0.120426 
0.00318033 0.0131609 0.977247 0.00174919 0.00466218 
0.00196297 0.185127 0.812122 0.000226843 0.000561215 
0.0113906 0.949936 0.0382723 7.69631e-06 0.00039296 
0.0254622 0.81375 0.105659 0.000565176 0.0545629 
0.011971 0.767993 0.214567 2.90098e-06 0.00546581 
0.206386 0.398391 0.365 0.000479182 0.0297439 
0.00444393 0.59348 0.386863 0.000121299 0.015092 
0.0180246 0.0495381 0.921248 0.00510258 0.00608645 
0.00794399 0.0202047 0.959002 4.22882e-05 0.0128071 
0.681172 0.102075 0.162816 0.000901748 0.053036 
0.000138194 0.0263288 0.947693 1.67392e-05 0.0258235 
8.05351e-05 0.028108 0.948966 1.99143e-05 0.0228252 
0.184848 0.12513 0.69001 4.60802e-06 7.86598e-06 
0.0011355 0.618334 0.36268 4.12822e-06 0.0178457 
0.000473182 0.209514 0.10129 1.29298e-05 0.68871 
0.198336 0.225635 0.554791 1.55304e-06 0.0212363 
0.0470101 0.112657 0.836034 9.6616e-05 0.00420246 
0.0168459 0.0237223 0.950044 0.000145307 0.00924205 
0.011971 0.767993 0.214567 2.90098e-06 0.00546581 
0.0164169 0.589769 0.33646 2.07776e-06 0.0573523 
0.146982 0.257947 0.491111 0.00343852 0.100522 
0.000407956 0.0500843 0.901281 7.01759e-05 0.0481566 
0.00620514 0.106709 0.773047 0.00392528 0.110114 
0.000158617 0.940259 0.0564382 4.71971e-08 0.00314441 
0.000570185 0.333263 0.648402 9.54099e-06 0.0177551 
0.0229093 0.566274 0.406637 0.000109838 0.00406981 
0.0175822 0.882767 0.0986698 1.30435e-06 0.000979903 
0.0684348 0.0828921 0.824443 0.000342403 0.0238873 
0.771054 0.0460288 0.142665 0.0082352 0.0320173 
0.00146679 0.00772694 0.988502 0.00048378 0.00182016 
0.360923 0.368386 0.186155 0.00920128 0.0753342 
0.00360044 0.0465015 0.912041 0.000163348 0.037694 
0.0860731 0.225309 0.672112 0.00152213 0.0149832 
0.0367929 0.0783213 0.842176 0.00709699 0.0356125 
0.0536819 0.283081 0.630175 7.20945e-05 0.0329897 
0.00734366 0.323332 0.665537 0.000169576 0.00361724 
0.0279852 0.775362 0.174557 0.000929768 0.0211659 
0.737423 0.0915125 0.115503 0.000274858 0.0552863 
4.6944e-06 0.461071 0.538083 6.89543e-07 0.000840594 
0.00244262 0.00596771 0.987886 0.000176328 0.00352739 
0.0178073 0.571207 0.349857 0.00169944 0.0594293 
0.0165139 0.773741 0.205796 7.17084e-05 0.0038768 
0.00583873 0.0591062 0.934577 8.0118e-05 0.000397666 
0.254297 0.0629788 0.667458 0.00383781 0.0114286 
0.0431633 0.00667988 0.625395 2.53716e-05 0.324737 
0.10974 0.0956831 0.792882 9.20786e-05 0.00160253 
5.48485e-05 0.765274 0.0837736 1.98271e-09 0.150897 
0.0500042 0.265079 0.63905 0.00912854 0.0367382 
0.00689319 0.0299095 0.959737 2.14474e-05 0.0034388 
0.0698561 0.0252166 0.901122 3.85961e-07 0.00380436 
0.0102188 0.0207876 0.949893 0.000323692 0.0187773 
8.93742e-05 0.100074 0.867469 6.73897e-05 0.0323006 
0.00112208 0.313014 0.4362 0.000881958 0.248782 
0.0085547 0.039496 0.908276 0.00300587 0.0406676 
0.000247894 0.0258183 0.967862 7.09663e-06 0.00606459 
0.10974 0.0956831 0.792882 9.20786e-05 0.00160253 
0.00995118 0.0586863 0.921582 1.59051e-05 0.00976438 
0.00643254 0.218161 0.699027 0.00124931 0.0751308 
0.0195174 0.011635 0.964891 0.000703708 0.00325333 
0.0217674 0.804048 0.147281 0.00212542 0.0247789 
0.00177134 0.0212938 0.965846 9.30275e-09 0.0110886 
0.274109 0.327829 0.397259 4.61119e-07 0.000803154 
0.0150381 0.148316 0.794098 0.000316755 0.0422317 
0.00478875 0.0893786 0.103097 0.00244414 0.800292 
0.011095 0.577299 0.32423 0.00445821 0.0829178 
0.00163127 0.249 0.11825 3.48956e-05 0.631083 
0.000377913 0.248269 0.0142797 7.59339e-06 0.737065 
0.000224744 0.0258636 0.0118197 2.87078e-06 0.962089 
0.00532196 0.0470871 0.934634 0.000193002 0.0127636 
0.00268114 0.821157 0.0670562 8.19115e-06 0.109097 
0.522059 0.134743 0.342843 2.65929e-06 0.000353203 
0.0787077 0.435898 0.479252 1.76567e-05 0.00612419 
0.926435 0.0229049 0.0503653 8.75071e-05 0.000207072 
0.000539876 0.0143253 0.97476 0.000151248 0.0102236 
0.0205211 0.15875 0.733048 0.000585264 0.0870955 
0.000863201 0.286729 0.697239 5.00028e-05 0.0151181 
0.997344 2.48551e-06 0.00254358 3.4354e-08 0.00010982 
0.00352766 0.136604 0.857694 9.12733e-05 0.00208315 
0.538283 0.212779 0.146737 0.00208472 0.100116 
0.00152028 0.0677907 0.930467 4.88282e-05 0.000172926 
0.031396 0.127537 0.837301 0.000281088 0.00348497 
0.011971 0.767993 0.214567 2.90098e-06 0.00546581 
0.00248015 0.111582 0.872856 5.14865e-05 0.0130307 
0.00556672 0.135677 0.842062 9.52996e-05 0.0165989 
0.00935106 0.016237 0.974129 0.000111387 0.000171507 
0.0094035 0.538249 0.44856 0.000488582 0.00329923 
0.0360908 0.170226 0.779799 0.00111014 0.0127744 
0.000293871 0.124704 0.822218 7.00903e-06 0.0527765 
0.121629 0.69652 0.17548 0.00262353 0.00374761 
0.101165 0.268741 0.588152 0.000737593 0.0412035 
0.40201 0.0856452 0.507661 0.00160722 0.00307685 
0.000468715 0.0817346 0.85832 5.17768e-05 0.0594252 
0.000844766 0.825086 0.169992 0.00046131 0.00361629 
0.000360348 0.390911 0.0429856 0.000197081 0.565545 
0.0282017 0.251623 0.604487 7.22915e-06 0.115681 
0.00137646 0.0267085 0.966242 0.000187648 0.00548551 
0.011971 0.767993 0.214567 2.90098e-06 0.00546581 
0.00424626 0.800739 0.076675 0.000135406 0.118205 
0.132914 0.0708317 0.792592 0.0001336 0.00352884 
2.97258e-05 0.201146 0.552084 1.80438e-06 0.246738 
0.018337 0.281984 0.697834 5.99715e-05 0.00178548 
0.0431633 0.00667988 0.625395 2.53716e-05 0.324737 
0.0155951 0.187583 0.777236 0.000445481 0.0191405 
0.0933219 0.771601 0.119713 0.000221886 0.0151428 
0.112784 0.268516 0.618699 2.97508e-10 1.06943e-06 
0.146982 0.257947 0.491111 0.00343852 0.100522 
0.00239822 0.274533 0.696511 0.00161659 0.0249408 
0.00807502 0.109706 0.85184 0.00208602 0.0282936 
0.00535993 0.00490525 0.98948 1.02356e-05 0.000245052 
0.000876244 0.89189 0.102464 4.13055e-05 0.00472819 
0.00342294 0.00194176 0.989727 1.54796e-05 0.00489319 
0.00028952 0.00608252 0.981469 1.16171e-05 0.012147 
0.0682734 0.129001 0.778133 5.99652e-05 0.0245328 
0.00463882 0.117001 0.807456 4.47456e-05 0.0708594 
0.00725729 0.041652 0.923558 0.00696785 0.0205651 
0.636099 0.0308144 0.278427 0.0161063 0.0385542 
0.0320091 0.854662 0.110368 2.70074e-05 0.00293351 
0.000226456 0.0319649 0.964598 8.31806e-06 0.00320241 
0.0686556 0.26303 0.664052 0.00121166 0.00305043 
0.00815819 0.302641 0.673629 0.00684137 0.00873 
0.349843 0.30919 0.325954 0.00509475 0.00991762 
0.0168888 0.185541 0.792849 0.000669115 0.00405217 
0.00165079 0.921606 0.0695799 8.83379e-05 0.00707507 
0.0061193 0.674073 0.305347 0.00558471 0.0088769 
0.0697735 0.211048 0.715655 0.00174602 0.00177705 
0.000460052 0.0649583 0.901596 7.57548e-05 0.0329094 
0.0013457 0.0922777 0.884431 9.49163e-06 0.0219366 
0.245966 0.376269 0.332775 0.0019466 0.0430438 
0.0139782 0.0240776 0.960787 0.000463493 0.000693329 
0.771054 0.0460288 0.142665 0.0082352 0.0320173 
0.0507445 0.465681 0.424156 0.00213721 0.0572811 
0.0461577 0.114961 0.830456 0.000790242 0.0076351 
0.0198819 0.132924 0.801919 0.0124617 0.0328138 
0.00456664 0.0173545 0.966657 8.14315e-06 0.0114136 
0.00443945 0.0187568 0.975522 0.000467608 0.000814166 
0.00318033 0.0131609 0.977247 0.00174919 0.00466218 
0.0772648 0.231786 0.671527 0.00805682 0.0113653 
0.019667 0.109409 0.831538 0.000248076 0.0391384 
0.203598 0.0280018 0.734493 0.0106975 0.0232097 
0.0431633 0.00667988 0.625395 2.53716e-05 0.324737 
0.0123123 0.00750231 0.972934 0.000100183 0.00715103 
0.519048 0.0506741 0.386511 0.00508607 0.0386805 
0.511349 0.0887379 0.393098 0.000401548 0.00641354 
0.105891 0.0183569 0.867187 0.00217377 0.0063922 
0.809891 0.0489013 0.138951 0.000143803 0.0021122 
0.000206058 0.930187 0.068228 5.15801e-12 0.00137879 
0.0303211 0.0654819 0.90335 0.000141862 0.00070519 
0.178868 0.378247 0.351952 0.000906176 0.0900271 
2.82421e-05 0.0246643 0.00912791 1.25884e-05 0.966167 
0.0109526 0.167048 0.616497 5.54337e-05 0.205447 
0.984084 0.00147718 0.0111814 0.00140109 0.00185681 
0.00260719 0.696614 0.256134 4.62138e-07 0.0446443 
1.08789e-05 0.100784 0.898745 1.94607e-08 0.000460292 
0.000462105 0.108435 0.873131 5.34759e-05 0.0179187 
0.0561178 0.409874 0.527994 0.000488007 0.00552582 
0.253014 0.0967255 0.616611 6.67625e-05 0.0335831 
0.00426267 0.172533 0.822307 4.21459e-05 0.000855014 
0.00366079 0.163641 0.82188 0.00227205 0.00854636 
0.699862 0.16233 0.124896 0.00196477 0.0109476 
0.00334127 0.15064 0.801025 0.000296084 0.0446969 
0.000300169 0.82599 0.00892085 8.88876e-09 0.164789 
0.0693398 0.155507 0.758142 0.000104204 0.0169069 
0.141824 0.0447536 0.76939 0.00757851 0.0364547 
0.861905 0.0443327 0.0932114 0.000185829 0.000365137 
0.000888968 0.107555 0.828285 0.000607642 0.0626636 
0.000609653 0.093492 0.879783 1.2256e-05 0.0261033 
0.0140519 0.0721613 0.877642 0.00146891 0.0346756 
0.00424489 0.0877546 0.89136 0.000134014 0.0165062 
0.00507971 0.0204459 0.973149 0.00047204 0.000853778 
0.0750814 0.805412 0.113144 0.000874643 0.00548769 
0.00512571 0.880246 0.108993 1.39507e-08 0.00563591 
0.626476 0.0250344 0.347454 0.00042629 0.000609336 
0.0547514 0.054636 0.839589 0.00286664 0.0481566 
0.000158425 0.0203375 0.057985 7.05112e-06 0.921512 
0.00885039 0.941505 0.0361473 0.000175171 0.0133226 
0.957606 0.0272073 0.0130335 0.000643464 0.00150932 
0.00853943 0.0145626 0.975364 2.75597e-05 0.00150654 
0.176574 0.361107 0.461001 3.91795e-06 0.00131443 
0.0359027 0.115486 0.820555 0.000267918 0.0277889 
0.00591585 0.0314859 0.961551 1.88686e-08 0.00104687 
0.018547 0.00449401 0.660143 1.37922e-09 0.316816 
0.00131566 0.00852143 0.926826 0.000996854 0.0623403 
0.0118458 0.38717 0.469897 0.00125866 0.129829 
0.00112526 0.177576 0.75577 3.77047e-05 0.0654912 
0.0417786 0.922937 0.0352537 6.3609e-06 2.47384e-05 
0.00789491 0.135026 0.844352 2.90002e-05 0.0126981 
0.00318033 0.0131609 0.977247 0.00174919 0.00466218 
0.036904 0.65444 0.29743 0.000230408 0.0109953 
0.0192862 0.0872517 0.759562 0.016781 0.11712 
0.21418 0.165766 0.612655 0.00316545 0.00423412 
0.0323631 0.0179545 0.947409 0.000508008 0.00176523 
0.0762324 0.307028 0.580617 0.00211841 0.0340044 
0.000516627 0.0154971 0.983135 0.000192724 0.000658662 
0.011971 0.767993 0.214567 2.90098e-06 0.00546581 
0.000199927 0.047999 0.951296 0.000165967 0.000339558 
0.0176482 0.720193 0.21504 0.00911301 0.038005 
0.0377832 0.0509629 0.87759 0.0140638 0.0195998 
0.274883 0.122802 0.345331 0.000868579 0.256116 
0.00143848 0.98427 0.0139471 5.4227e-06 0.000338666 
0.0028242 0.666788 0.143998 8.9094e-05 0.186301 
0.00890163 0.0823178 0.886603 4.03532e-05 0.0221369 
0.0190826 0.481714 0.465628 0.000572263 0.0330027 
0.00160369 0.787791 0.149381 0.000247932 0.0609757 
0.011971 0.767993 0.214567 2.90098e-06 0.00546581 
0.0314116 0.293429 0.614138 0.00254603 0.0584758 
0.0023929 0.795624 0.175612 0.000691836 0.0256793 
0.304749 0.394415 0.281965 8.92287e-05 0.0187827 
0.274883 0.122802 0.345331 0.000868579 0.256116 
0.000599901 0.0174247 0.981509 3.69817e-08 0.000466604 
1.70277e-07 0.100273 0.886223 1.70272e-07 0.0135037 
0.00837261 0.0808105 0.90416 0.00183246 0.00482414 
0.00685585 0.82618 0.110245 0.000341978 0.0563772 
0.000441208 0.138571 0.854791 0.000391575 0.00580452 
6.45072e-06 0.671598 0.206841 1.33031e-06 0.121554 
0.0437766 0.0392566 0.863966 0.0152583 0.0377421 
0.133354 0.0556022 0.703336 0.035064 0.0726433 
0.00784222 0.0885181 0.885235 0.00378086 0.0146233 
0.66128 0.0881341 0.236553 0.000585462 0.0134478 
0.0024792 0.00185462 0.995611 2.5206e-05 2.97685e-05 
0.00210402 0.107328 0.857226 0.000776802 0.0325651 
0.0316025 0.0225918 0.925767 7.90138e-05 0.0199596 
0.00576991 0.876713 0.101094 0.00366057 0.0127621 
0.480462 0.340622 0.178915 4.31249e-10 8.69055e-07 
0.563587 0.0273485 0.301795 0.00676656 0.100502 
0.671929 0.0143512 0.29675 0.00254046 0.0144297 
0.000575801 0.453861 0.541133 1.91641e-05 0.00441115 
0.000466607 0.172497 0.820357 0.000138863 0.00654007 
0.553026 0.372883 0.0656114 0.000396043 0.00808414 
0.0522307 0.0568721 0.877069 0.00469351 0.00913484 
0.0136267 0.191373 0.783312 0.000125741 0.0115634 
0.0125802 0.288452 0.614175 0.00817678 0.0766156 
0.0577824 0.295545 0.627801 0.00225197 0.0166195 
0.328835 0.148949 0.521562 0.000154591 0.000499413 
0.0107372 0.201196 0.782324 0.000118961 0.00562388 
0.00352214 0.859135 0.0920694 5.25216e-07 0.0452725 
0.123869 0.24552 0.46086 4.58617e-05 0.169705 
0.000308743 2.87185e-05 7.68358e-05 1.16928e-05 0.999574 
0.00193237 0.0758526 0.913073 9.04454e-05 0.00905153 
0.881475 0.0270175 0.0910871 5.86263e-05 0.000361567 
0.0162922 0.0574822 0.904535 0.00865668 0.0130337 
0.000644771 0.0106703 0.977225 0.000121794 0.011338 
0.0136267 0.191373 0.783312 0.000125741 0.0115634 
0.000161433 0.189711 0.794631 3.57675e-05 0.0154612 
0.0469676 0.801842 0.145615 0.000211131 0.00536503 
0.000229627 0.139878 0.683838 5.59914e-08 0.176054 
0.0136267 0.191373 0.783312 0.000125741 0.0115634 
0.0431633 0.00667988 0.625395 2.53716e-05 0.324737 
0.168345 0.146239 0.672678 0.000327345 0.01241 
0.0157477 0.0558213 0.904495 0.00347373 0.0204619 
0.069426 0.265808 0.661869 0.000302882 0.00259428 
0.435163 0.292612 0.256189 0.000221316 0.015815 
0.0144969 0.0696686 0.903348 0.0017257 0.0107613 
0.0694938 0.0471703 0.841789 0.00458035 0.0369662 
0.847068 0.0277218 0.124523 0.000168309 0.000519424 
0.00143007 0.0947761 0.899097 0.00048724 0.0042098 
0.0494102 0.78829 0.147695 3.18373e-05 0.0145732 
0.00368362 0.00544272 0.990608 8.6726e-06 0.000256582 
0.00135317 0.872651 0.0783957 0.000135464 0.0474643 
0.126904 0.2334 0.618618 0.000348182 0.0207305 
1.87644e-05 0.806794 0.140059 1.60319e-06 0.0531273 
0.0485404 0.115399 0.813061 0.0105311 0.0124686 
0.0800152 0.664754 0.22379 0.00136527 0.0300753 
0.0175114 0.0232055 0.947771 0.00290946 0.00860313 
0.0159464 0.110531 0.830499 0.0011228 0.0419008 
0.00316436 0.188919 0.807553 2.26499e-05 0.000340779 
0.0210974 0.0501743 0.898466 0.0121331 0.0181288 
0.000211217 0.902838 0.0298577 3.02582e-06 0.0670898 
0.141116 0.339053 0.391324 0.00091956 0.127588 
0.0368486 0.129957 0.832221 0.000457879 0.000514983 
0.0314116 0.293429 0.614138 0.00254603 0.0584758 
0.274052 0.455686 0.269046 0.000344993 0.000870705 
0.736616 0.0692917 0.188391 0.00163753 0.00406428 
0.364252 0.58811 0.0421461 0.00158686 0.00390573 
0.00220316 0.0283384 0.966704 0.0011567 0.00159764 
0.0598275 0.0388913 0.891108 0.00172736 0.00844562 
0.0147984 0.0551648 0.927284 1.3681e-06 0.00275115 
0.0431633 0.00667988 0.625395 2.53716e-05 0.324737 
0.576813 0.160905 0.257148 3.276e-05 0.00510084 
0.366922 0.479078 0.153048 0.000356529 0.000595485 
0.0185033 0.495888 0.228392 0.00148463 0.255732 
0.0197096 0.647589 0.33253 6.88418e-05 0.000103064 
1.65587e-10 0.00456214 0.995353 9.54199e-13 8.48875e-05 
0.0040155 0.552233 0.442569 1.03676e-07 0.00118308 
0.00575186 0.00720115 0.918134 1.84884e-05 0.0688944 
0.0272727 0.131706 0.781581 0.000788466 0.0586514 
0.000962613 0.0317849 0.959916 3.3987e-05 0.00730218 
0.0216879 0.0536118 0.906296 0.00347099 0.0149336 
0.0431633 0.00667988 0.625395 2.53716e-05 0.324737 
0.348397 0.492918 0.13083 1.25922e-06 0.0278536 
0.274883 0.122802 0.345331 0.000868579 0.256116 
5.59553e-05 0.00491853 0.00260415 5.04018e-05 0.992371 
0.000540444 0.189334 0.790999 3.22062e-06 0.0191233 
0.0805106 0.522087 0.371885 0.000407216 0.0251104 
0.602951 0.0617428 0.323947 0.000178646 0.0111808 
0.0101516 0.571141 0.396887 0.000175606 0.0216447 
0.0712674 0.254949 0.652606 0.00433175 0.0168449 
0.0869565 0.00666056 0.894927 0.000779261 0.0106764 
0.0147861 0.00883293 0.971183 0.00211013 0.00308778 
0.00841847 0.27818 0.670213 0.000292949 0.0428955 
0.00807037 0.0981498 0.862623 0.00768551 0.0234714 
0.0532628 0.24512 0.618523 0.00241407 0.0806806 
0.0193938 0.130134 0.816427 0.00104966 0.0329951 
3.86331e-05 0.0626196 0.936963 2.61457e-05 0.000352173 
0.036702 0.00762719 0.952218 0.00057555 0.00287759 
0.00479901 0.182559 0.810841 5.47399e-05 0.00174575 
0.00387957 0.271232 0.348784 2.03499e-06 0.376103 
0.000258327 0.94293 0.0440202 8.83248e-05 0.0127035 
0.101148 0.0657509 0.833094 3.14822e-06 3.85874e-06 
0.0794605 0.0717649 0.825663 0.000327402 0.0227843 
0.0572166 0.0791628 0.862996 1.68513e-05 0.000608032 
0.0132266 0.0551983 0.89654 1.62923e-05 0.0350191 
0.000133231 0.0301098 0.969475 1.84382e-09 0.000281527 
0.00592454 0.035479 0.952027 0.000369846 0.00619999 
0.0350533 0.0269639 0.933632 0.000346943 0.00400407 
0.00336733 0.0966465 0.862835 0.000258214 0.0368932 
0.00440007 0.851196 0.12212 0.0022899 0.0199946 
0.0540531 0.041355 0.658429 0.00106998 0.245093 
0.000673932 0.00459016 0.99338 8.35802e-06 0.00134764 
0.691007 0.0380011 0.270445 0.000185145 0.000362359 
0.0814845 0.25124 0.666544 2.94071e-05 0.000701783 
1.65946e-07 2.16543e-07 0.907152 7.93399e-08 0.0928476 
0.981718 0.00811344 0.00852674 0.000577397 0.00106431 
0.0154237 0.395476 0.58045 5.23081e-05 0.00859875 
0.0479717 0.175336 0.736556 0.0190146 0.0211217 
0.180628 0.549009 0.248431 0.00752734 0.014405 
0.00143934 0.0777587 0.818283 0.000148123 0.102371 
0.00105405 0.0221163 0.106908 2.80062e-05 0.869893 
0.0513053 0.0458909 0.89418 0.000921707 0.00770226 
0.00553406 0.137731 0.75747 6.2628e-05 0.0992026 
0.0127946 0.0106955 0.972263 3.00916e-08 0.00424636 
0.000248652 0.0152342 0.976944 2.15851e-06 0.00757129 
0.00199637 0.645513 0.0919561 0.000546018 0.259989 
0.00277984 0.0188138 0.97739 3.12949e-05 0.000985502 
0.118392 0.351896 0.438655 0.000214265 0.0908427 
0.000407956 0.0500843 0.901281 7.01759e-05 0.0481566 
0.258029 0.431102 0.309985 1.04241e-06 0.000882322 
0.00245587 0.0942689 0.871504 2.33193e-05 0.0317481 
0.135611 0.387752 0.467415 8.82062e-05 0.00913264 
0.00213864 0.00749858 0.956742 2.07637e-05 0.0335999 
0.966338 0.00606522 0.0174553 0.000163224 0.00997866 
0.006148 0.0443071 0.941193 0.000399284 0.00795214 
0.00627691 0.038004 0.149027 0.000706147 0.805986 
0.0357469 0.226222 0.509512 0.000319909 0.228199 
0.10974 0.0956831 0.792882 9.20786e-05 0.00160253 
1.15955e-05 0.0563182 0.920936 8.14502e-06 0.0227259 
0.00637241 0.0428557 0.947612 0.000270425 0.00288935 
0.0401179 0.896637 0.0502425 3.22115e-07 0.0130019 
1.15851e-05 0.633806 0.312865 1.15848e-05 0.0533055 
0.527812 0.0989677 0.371496 7.01683e-06 0.00171743 
0.0421291 0.0352794 0.92243 4.40117e-08 0.000161122 
0.0397882 0.188632 0.721562 0.0031753 0.0468417 
3.79816e-07 0.217159 0.781623 1.25647e-08 0.00121776 
0.188372 0.255518 0.542453 0.00625795 0.00739863 
0.0260909 0.0993407 0.873206 2.57461e-07 0.001362 
0.517555 0.0266488 0.401264 0.0174044 0.0371271 
0.120069 0.529073 0.191625 0.00374849 0.155485 
0.000442755 0.0506486 0.844322 1.38529e-05 0.104573 
0.0134482 0.19946 0.759722 3.75289e-05 0.0273314 
0.493578 0.395478 0.110927 1.3988e-08 1.69321e-05 
0.00241033 0.35871 0.59019 4.24039e-08 0.0486895 
0.00736556 0.027295 0.931286 0.00169299 0.0323607 
0.00130526 0.0046314 0.992011 9.97445e-05 0.00195251 
0.517693 0.0139281 0.466924 0.000212605 0.00124144 
0.0129399 0.0722613 0.886891 0.00441014 0.0234979 
0.00882589 0.0340439 0.921306 0.00186119 0.033963 
0.00512195 0.748559 0.239159 5.21491e-05 0.00710719 
0.00398366 0.0774935 0.903049 0.00202151 0.0134528 
0.183126 0.335067 0.450331 2.68415e-05 0.0314499 
0.0021676 0.00112197 0.995538 4.56298e-05 0.00112687 
0.0729751 0.134312 0.71158 0.029559 0.0515742 
0.0026919 0.113998 0.881531 0.000207194 0.00157191 
1.09194e-05 0.797897 0.193666 5.15271e-06 0.00842044 
0.0199229 0.677767 0.274627 0.00045004 0.0272333 
0.00784689 0.297167 0.186441 3.28366e-05 0.508513 
0.00232243 0.869941 0.0899563 0.000660577 0.0371197 
0.0071815 0.316558 0.180725 0.000997302 0.494539 
0.011971 0.767993 0.214567 2.90098e-06 0.00546581 
0.120944 0.0279309 0.850437 1.59284e-05 0.000672028 
2.24996e-05 0.057355 0.935107 8.67207e-06 0.00750728 
0.0478972 0.0335099 0.914561 1.15131e-06 0.00403101 
0.00352321 0.230724 0.732447 0.000452302 0.0328527 
0.192591 0.0315502 0.767457 0.000829902 0.00757266 
0.00868673 0.768654 0.17276 0.00843064 0.0414686 
0.0111392 0.176367 0.795654 0.000278373 0.0165608 
0.0554132 0.0055301 0.931606 0.000339974 0.00711048 
0.000114118 0.043628 0.920112 4.99177e-06 0.0361412 
0.178834 0.113253 0.633566 0.000979343 0.0733676 
0.0241126 0.0320226 0.92072 0.000417748 0.0227273 
0.349212 0.127528 0.505888 7.21161e-11 0.0173716 
0.029758 0.609959 0.350747 0.000647488 0.00888816 
0.0726982 0.0645119 0.859924 0.000169577 0.00269664 
0.0299229 0.497566 0.42812 0.0169283 0.0274626 
0.0431633 0.00667988 0.625395 2.53716e-05 0.324737 
0.0182294 0.0198633 0.960262 3.54986e-05 0.0016101 
0.00100998 0.0941481 0.886981 0.000100876 0.0177596 
0.0118995 0.0355287 0.944013 0.00205136 0.00650718 
