0.00474545 0.0242806 0.969515 0.00124818 0.000210828 
0.0453665 0.0674 0.823316 0.0490424 0.0148752 
0.142137 0.0321557 0.79323 0.0307433 0.00173412 
4.51249e-09 6.2112e-05 0.999938 3.90852e-08 1.56486e-09 
0.665838 0.0848552 0.242334 0.00636914 0.000602879 
0.275321 0.0452248 0.510631 0.166225 0.00259808 
0.421759 0.139158 0.22048 0.170019 0.0485833 
0.0356329 0.321446 0.407586 0.231653 0.00368111 
0.431254 0.0586353 0.471631 0.0380513 0.000428196 
0.0158687 0.0429847 0.879903 0.0484514 0.0127925 
0.250475 0.108965 0.631873 0.00699413 0.00169392 
0.197536 0.0245398 0.766328 0.00666845 0.00492757 
0.619746 0.0548536 0.319483 0.00490733 0.00101041 
0.367457 0.341619 0.274107 0.0168138 2.66862e-06 
0.00118594 0.00296238 0.256534 0.739036 0.000281865 
0.0697337 0.421217 0.478314 0.02813 0.00260557 
0.026533 0.32868 0.492511 0.148292 0.00398315 
0.00280353 0.109427 0.887353 0.000412995 3.11141e-06 
0.150061 0.0725471 0.644589 0.132723 7.9985e-05 
0.0236196 0.00967388 0.966649 4.81782e-05 9.40026e-06 
0.03063 0.417378 0.528575 0.0199486 0.00346892 
0.211948 0.168773 0.613693 0.00370613 0.00188017 
0.160374 0.00658507 0.0383841 0.794657 9.969e-09 
0.116233 0.158479 0.671793 0.0481078 0.00538726 
0.00152538 0.10275 0.632189 0.263335 0.000200464 
0.0145577 0.164628 0.81977 0.000794729 0.000249255 
0.620761 0.323021 0.0561359 6.361e-05 1.92082e-05 
0.232339 0.00990871 0.661484 0.0927368 0.00353214 
8.60166e-07 0.426514 0.573483 1.49435e-06 4.83714e-07 
0.0425439 0.106474 0.645709 0.18233 0.0229435 
0.0285669 0.0434105 0.276709 0.644214 0.00709908 
0.0543093 0.559292 0.221351 0.152351 0.0126965 
0.148689 0.0186028 0.286039 0.546056 0.000613183 
0.0080349 0.801892 0.190031 3.99731e-05 2.35724e-06 
0.100047 0.026688 0.830401 0.0403094 0.00255455 
0.0027682 0.00536858 0.991265 0.000312054 0.000285977 
0.254781 0.0606014 0.65696 0.0185924 0.00906498 
0.011419 0.171812 0.255718 0.560019 0.00103105 
0.240402 0.0113306 0.742813 0.00470684 0.000746811 
0.1753 0.0239853 0.800714 8.64132e-07 1.88156e-10 
0.00894899 0.0179287 0.958015 0.0086513 0.00645567 
0.0349366 0.231712 0.236831 0.469325 0.0271951 
0.0313049 0.112486 0.747552 0.100179 0.0084785 
0.00289227 0.0353885 0.950322 0.00997959 0.00141744 
0.00744493 0.0244207 0.950264 0.01061 0.00726004 
0.915697 0.00033877 0.0839488 1.5085e-05 3.25173e-08 
0.0104247 0.00484312 0.983961 0.000770902 1.33167e-07 
0.0096744 0.41276 0.577205 0.000198924 0.000162493 
0.0101998 0.00159369 0.987609 0.000535807 6.20614e-05 
0.101594 0.28488 0.362154 0.227473 0.0238984 
0.340064 0.000850794 0.0166479 0.642248 0.000189282 
0.998271 1.15482e-05 0.000428847 0.00128592 2.67447e-06 
0.238282 0.00919971 0.255311 0.497207 5.1525e-07 
0.998271 1.15482e-05 0.000428847 0.00128592 2.67447e-06 
0.998271 1.15482e-05 0.000428847 0.00128592 2.67447e-06 
0.440107 0.1428 0.415346 0.0017466 1.24653e-06 
0.596126 0.100494 0.300296 0.00220774 0.000876794 
0.998271 1.15482e-05 0.000428847 0.00128592 2.67447e-06 
0.0803 0.377784 0.527938 0.0139706 6.98228e-06 
0.0359308 0.0226897 0.326589 0.613952 0.000838734 
0.00252821 0.0126013 0.83469 0.148852 0.0013289 
0.255305 0.00862144 0.72938 0.00669387 4.2725e-07 
0.998271 1.15482e-05 0.000428847 0.00128592 2.67447e-06 
0.00572618 0.00388636 0.98227 0.00788739 0.000229742 
0.0678133 0.133803 0.286021 0.484594 0.027768 
0.0437409 0.299122 0.656128 0.000516025 0.000493371 
0.0193498 0.0174145 0.917321 0.037944 0.00797102 
0.353065 0.239182 0.390852 0.00961814 0.00728239 
0.0905161 0.019427 0.890035 1.17487e-05 9.79444e-06 
0.00196859 0.00380339 0.966897 0.0272561 7.4587e-05 
0.0623515 0.199579 0.736069 0.00135188 0.000648211 
0.270785 0.152745 0.40686 0.16856 0.0010503 
0.000850516 0.000750707 0.98667 0.0113165 0.000412497 
0.0339809 0.532138 0.270125 0.129873 0.0338837 
0.321393 0.174552 0.504055 4.37461e-07 3.55454e-07 
0.188034 0.0792365 0.696045 0.0359054 0.00077939 
0.0589528 0.0368231 0.480705 0.420361 0.00315813 
0.960484 0.00520685 0.0327765 0.00153229 1.99778e-07 
0.0187999 0.0469824 0.933536 0.000479685 0.000202224 
0.00121611 0.00123149 0.972428 0.0250371 8.73776e-05 
0.00602434 0.612052 0.261842 0.116958 0.00312418 
0.00320157 0.0336952 0.913773 0.0490196 0.000310959 
0.0299585 0.0222305 0.113463 0.814557 0.0197911 
0.55897 0.083012 0.354507 0.0033564 0.000154467 
0.00158948 0.000246359 0.132108 0.866048 8.10929e-06 
0.0766494 0.0456263 0.877046 0.000363361 0.000314811 
0.54309 0.276437 0.179728 0.000745392 1.82661e-10 
0.0194239 0.171035 0.808685 0.000635149 0.00022139 
0.160374 0.00658507 0.0383841 0.794657 9.969e-09 
0.0131684 0.00461401 0.180844 0.801161 0.000213366 
0.000955933 0.00321075 0.995625 0.000204893 3.45494e-06 
0.0299585 0.0222305 0.113463 0.814557 0.0197911 
0.148807 0.319687 0.396268 0.0723859 0.0628523 
0.00147538 0.908843 0.0861961 0.00268059 0.000805099 
0.0424433 0.85084 0.104605 0.00172334 0.000388381 
0.0211166 0.0539445 0.736708 0.186701 0.00152919 
0.142571 0.0332587 0.766006 0.0408241 0.0173401 
0.00773827 0.193513 0.795495 0.00268327 0.000570709 
0.13285 0.00846554 0.857818 0.000672878 0.000193499 
0.937042 0.0284051 0.0343228 0.000215591 1.48423e-05 
0.12175 0.58105 0.29621 0.000508328 0.000481273 
0.238282 0.00919971 0.255311 0.497207 5.1525e-07 
0.00918461 0.585751 0.298822 0.104031 0.00221178 
0.00147153 0.347338 0.56496 0.0849488 0.00128186 
0.44012 0.37581 0.183715 0.000190906 0.000163288 
0.00523987 0.182515 0.81211 0.000120078 1.49715e-05 
0.655493 0.0343141 0.310182 1.11876e-05 1.74193e-08 
0.000431546 0.138334 0.860314 0.000914211 7.05105e-06 
0.0213026 0.166624 0.607167 0.202035 0.00287084 
0.59201 0.0107426 0.392179 0.00502616 4.19767e-05 
0.0953146 0.235551 0.663609 0.00372106 0.00180397 
0.316664 0.0793419 0.582408 0.011259 0.0103268 
0.0185085 0.00157945 0.978911 0.000948898 5.20642e-05 
0.00190992 0.0153376 0.876308 0.104558 0.00188717 
0.302423 0.0661987 0.626664 0.00471144 2.6162e-06 
0.0096744 0.41276 0.577205 0.000198924 0.000162493 
0.000126623 0.000213511 0.983748 0.0158933 1.85617e-05 
0.00572073 0.18348 0.140146 0.668307 0.00234647 
0.0155878 0.0575282 0.900873 0.0132324 0.0127782 
0.0703701 0.806875 0.115507 0.00409062 0.00315644 
0.0027682 0.00536858 0.991265 0.000312054 0.000285977 
0.0601489 0.716527 0.222813 0.000511197 1.56382e-07 
0.0112272 0.677667 0.298048 0.00972205 0.00333549 
0.00395995 0.228477 0.415437 0.352087 3.85183e-05 
0.021817 0.2598 0.045031 0.671922 0.00142995 
0.00575365 0.000424152 0.993697 0.000124259 1.19805e-06 
0.00272956 0.0275629 0.199011 0.770371 0.000325881 
0.016185 0.0916105 0.868896 0.0156699 0.00763886 
0.649552 0.227944 0.12249 1.36956e-05 3.21547e-09 
0.695902 0.139943 0.158153 0.00533984 0.000661759 
0.0696142 0.708461 0.209459 0.0069351 0.00553023 
0.0309449 0.307691 0.603479 0.0406458 0.0172401 
0.0365786 0.136512 0.820245 0.00491603 0.00174832 
0.00999679 0.67314 0.312597 0.00237074 0.00189479 
0.145865 0.369261 0.481522 0.00213606 0.00121553 
0.804581 0.01725 0.177018 0.000967958 0.000182844 
0.456632 0.412897 0.0914952 0.0387102 0.000265226 
0.535333 0.0400238 0.210533 0.213716 0.000394038 
0.771271 0.173287 0.0196242 0.0328306 0.0029864 
0.0889145 0.0268031 0.844866 0.0385448 0.000871424 
0.168337 0.00180536 0.82925 0.000444923 0.000163259 
0.33978 0.00632098 0.43213 0.221769 7.65739e-07 
0.178307 0.347567 0.461557 0.0101115 0.00245796 
0.387181 0.0433961 0.569283 0.000104615 3.523e-05 
0.317369 0.148545 0.533881 0.000169416 3.54774e-05 
0.354424 0.10903 0.535642 0.000622023 0.000282146 
0.416561 0.523761 0.0528066 0.0047734 0.00209809 
0.00510086 0.0869293 0.90694 0.000618246 0.000411673 
0.00138498 0.0489866 0.887997 0.0609068 0.000724253 
0.162277 0.0942237 0.712662 0.030767 7.07648e-05 
0.0485708 0.106831 0.83195 0.00901765 0.00363092 
0.107182 0.0161909 0.126915 0.737648 0.0120644 
8.55043e-07 0.0110061 0.987759 0.0012343 8.42283e-11 
0.495903 0.15247 0.331973 0.0113273 0.00832672 
0.40756 0.00986928 0.581985 0.000585514 4.92108e-10 
0.054161 0.093118 0.744451 0.080724 0.0275462 
0.0264985 0.13072 0.824424 0.0166058 0.00175136 
0.173423 0.112541 0.698031 0.0106234 0.00538186 
0.8217 0.0381773 0.123084 0.0108788 0.00615989 
0.0376367 0.0160583 0.928713 0.0132426 0.00434956 
0.456887 0.190345 0.194588 0.148417 0.00976318 
0.0223945 0.887801 0.0836926 0.00489874 0.00121284 
0.582668 0.187819 0.225702 0.00329303 0.000518501 
0.0109763 0.961959 0.0270596 3.01344e-06 2.10886e-06 
0.0290949 0.106371 0.58757 0.275944 0.00101996 
0.998271 1.15482e-05 0.000428847 0.00128592 2.67447e-06 
0.209116 0.25227 0.526256 0.00901704 0.00334116 
0.00535208 0.0513059 0.814727 0.127096 0.00151866 
0.0398952 0.224224 0.248943 0.479119 0.00781842 
0.672486 0.0919684 0.234848 0.000474598 0.000222218 
0.187465 0.182074 0.607509 0.0129554 0.00999639 
0.0922943 0.12805 0.711629 0.0579483 0.010078 
0.000185043 0.0546315 0.945169 1.25841e-05 1.73467e-06 
0.100526 0.0405155 0.628521 0.229552 0.000885347 
0.561309 0.0876416 0.300768 0.0470318 0.0032492 
0.162468 0.106363 0.724217 0.00683704 0.000115642 
0.865798 0.0110559 0.122718 0.000428003 2.71648e-07 
0.0299585 0.0222305 0.113463 0.814557 0.0197911 
0.0893627 0.302118 0.464053 0.133476 0.0109904 
0.0199932 0.0219211 0.948016 0.00821729 0.00185217 
0.368448 0.0824675 0.530319 0.0149388 0.00382643 
0.155812 0.44918 0.335592 0.0392349 0.0201812 
0.0491104 0.0333705 0.71451 0.202072 0.000937026 
0.00551836 0.935825 0.0577618 0.000894385 1.75863e-07 
0.93695 1.28553e-05 0.0630376 1.77733e-09 1.22838e-09 
0.00773095 0.00911659 0.982646 0.000459691 4.63628e-05 
0.00362159 0.0131776 0.960756 0.0214127 0.00103246 
0.0206119 0.00327435 0.975895 0.000110225 0.000108518 
0.0917999 0.0456324 0.860433 0.00158269 0.00055162 
0.0299585 0.0222305 0.113463 0.814557 0.0197911 
0.000159882 0.0143301 0.98551 1.92218e-07 1.3677e-07 
0.0152019 0.260439 0.660613 0.0576173 0.00612906 
0.238624 0.00367274 0.757553 0.000117668 3.27938e-05 
0.0579138 0.125855 0.801974 0.00738253 0.00687442 
0.0835635 0.0531725 0.839017 0.0167376 0.00750968 
0.00342071 0.0484569 0.920918 0.0255988 0.0016051 
0.0374589 0.935119 0.0181162 0.00858633 0.000720069 
0.00415388 0.025811 0.957383 0.0086557 0.0039968 
0.0270984 0.0286021 0.893708 0.0504915 9.99877e-05 
0.749574 0.0821443 0.162713 0.00551078 5.78044e-05 
0.998271 1.15482e-05 0.000428847 0.00128592 2.67447e-06 
0.0285669 0.0434105 0.276709 0.644214 0.00709908 
0.508255 0.092642 0.323716 0.056862 0.0185246 
0.589507 0.308502 0.098979 0.00301148 5.54507e-07 
0.117084 0.0374513 0.837977 0.00401081 0.00347639 
0.0298498 0.0754265 0.850586 0.0354779 0.00866026 
0.108953 0.261893 0.625942 0.00183359 0.00137893 
0.0380976 0.201459 0.73862 0.0110645 0.0107587 
0.980319 0.0159601 0.00124251 0.00130528 0.00117274 
0.381664 0.157225 0.459129 0.00114508 0.000836823 
0.000159882 0.0143301 0.98551 1.92218e-07 1.3677e-07 
0.45756 0.0185833 0.523505 0.000350901 1.24895e-06 
0.504108 0.0303067 0.454294 0.00964141 0.00165017 
0.0337157 0.237065 0.618864 0.107987 0.00236732 
0.0292859 0.777581 0.129568 0.0438998 0.0196646 
0.0448099 0.282257 0.515446 0.150309 0.00717776 
0.0380436 0.218461 0.420683 0.321371 0.00144167 
0.0926009 0.00377624 0.682777 0.220846 2.3903e-08 
0.998271 1.15482e-05 0.000428847 0.00128592 2.67447e-06 
0.371169 0.446637 0.13121 0.0340729 0.016912 
0.000629937 0.412117 0.281363 0.30589 1.11994e-06 
0.0292859 0.777581 0.129568 0.0438998 0.0196646 
0.329653 0.0903333 0.519384 0.0588384 0.00179172 
0.0613614 0.381208 0.258504 0.298914 1.30534e-05 
0.160374 0.00658507 0.0383841 0.794657 9.969e-09 
0.0175017 3.05921e-06 0.0358782 0.946616 8.82035e-07 
0.0126005 0.103783 0.865469 0.0118754 0.00627215 
0.731791 0.0275573 0.240651 2.59273e-08 1.79193e-08 
0.0183485 0.928625 0.0428329 0.00867777 0.00151607 
0.0157809 0.0667456 0.862517 0.0514016 0.00355463 
0.740755 0.0102785 0.230483 0.0182849 0.000198282 
0.0242881 0.180413 0.751329 0.0234505 0.020519 
0.020847 0.135524 0.423925 0.419186 0.000517503 
0.00748138 0.0650981 0.236497 0.690912 1.17493e-05 
0.0195682 0.075568 0.732519 0.168978 0.00336639 
0.811556 0.05388 0.117268 0.0154488 0.00184745 
0.689148 0.160294 0.126658 0.0125155 0.0113843 
0.109179 0.0472428 0.762749 0.0764136 0.00441651 
5.94954e-08 0.0151882 0.984812 4.23446e-12 2.9266e-12 
0.00291742 0.0203576 0.965286 0.0107556 0.000683367 
0.00436593 0.0637696 0.841299 0.0882504 0.00231555 
0.998271 1.15482e-05 0.000428847 0.00128592 2.67447e-06 
0.514065 0.0717777 0.396712 0.0172043 0.000240176 
0.187004 0.0112468 0.801364 0.000254562 0.000130823 
0.0299585 0.0222305 0.113463 0.814557 0.0197911 
0.00188085 0.002694 0.992473 0.00258492 0.000366745 
0.223214 0.167963 0.491853 0.0707947 0.0461754 
0.0502784 0.0209173 0.928608 0.000196203 1.71263e-08 
0.134367 0.206473 0.42336 0.233374 0.00242591 
0.0106987 0.00577431 0.967889 0.0108487 0.00478904 
0.0341346 0.0186484 0.752997 0.193226 0.000994777 
0.253177 0.306243 0.428797 0.00717829 0.0046047 
0.0100166 0.00641849 0.983454 9.72274e-05 1.35578e-05 
0.849287 0.0251437 0.122134 0.00268173 0.000753483 
0.998271 1.15482e-05 0.000428847 0.00128592 2.67447e-06 
0.15174 0.316104 0.468267 0.05922 0.00466926 
0.000774302 0.0158612 0.162207 0.820712 0.000445304 
0.0364328 0.119488 0.825872 0.0172159 0.000990595 
0.556362 0.306564 0.0753792 0.0352199 0.0264757 
0.753771 0.0702353 0.17514 0.000809093 4.39738e-05 
0.00781854 0.116119 0.663761 0.206608 0.0056941 
0.120744 0.145323 0.70177 0.0319323 0.000230405 
0.000956778 0.00466652 0.604186 0.390063 0.000127431 
0.021976 0.0671372 0.43408 0.463213 0.0135937 
0.0312303 0.0783747 0.421796 0.446088 0.0225105 
0.0180799 0.344714 0.614688 0.0186938 0.00382483 
0.119059 0.0417235 0.810635 0.0193076 0.00927474 
0.00783785 0.109594 0.866302 0.0101925 0.00607341 
0.0128586 0.0270985 0.958109 0.00154932 0.000384198 
0.342274 0.079868 0.54926 0.0180727 0.0105247 
0.00172025 0.771838 0.220444 0.00554944 0.00044832 
0.00314989 0.00521452 0.982391 0.00683508 0.00240994 
0.0226126 0.140238 0.833316 0.00199667 0.00183641 
0.00778709 0.0218609 0.967518 0.00220867 0.00062577 
0.0177526 0.00194956 0.980126 0.00011034 6.11865e-05 
0.232339 0.00990871 0.661484 0.0927368 0.00353214 
0.00694581 0.0016699 0.991101 0.000204891 7.82826e-05 
0.0382381 0.0158357 0.749232 0.196572 0.000122949 
0.000393645 0.990194 0.000792997 0.00848868 0.000131067 
0.00188073 0.00269695 0.992233 0.00280651 0.000382944 
0.210116 0.682289 0.10496 0.0021368 0.000498681 
0.143763 0.351862 0.484464 0.0198558 5.44641e-05 
0.0299585 0.0222305 0.113463 0.814557 0.0197911 
0.125687 0.240661 0.633648 2.72303e-06 9.02408e-07 
0.964498 0.00545867 0.0280973 0.00123843 0.000707242 
0.0776037 0.0126258 0.909679 8.03229e-05 1.09593e-05 
0.00499939 0.0721863 0.909362 0.0118677 0.00158473 
0.130524 0.0253777 0.843091 0.000529533 0.000478136 
0.00176471 0.00139478 0.995974 0.000665613 0.000200592 
0.00291742 0.0203576 0.965286 0.0107556 0.000683367 
0.00737133 0.0377733 0.950512 0.00228513 0.00205837 
0.280274 0.0535051 0.639074 0.0244139 0.00273311 
0.0285669 0.0434105 0.276709 0.644214 0.00709908 
0.0842781 0.662884 0.232496 0.0159777 0.0043647 
0.415673 0.00798658 0.576261 5.96485e-05 1.9773e-05 
0.00168174 0.138504 0.859629 0.000179378 5.50008e-06 
0.0753618 0.100015 0.55551 0.256088 0.0130251 
0.381132 0.14095 0.452781 0.0133043 0.0118328 
0.00133231 0.00225123 0.996066 0.00023787 0.000112794 
0.000955933 0.00321075 0.995625 0.000204893 3.45494e-06 
0.00217283 0.02949 0.44556 0.522385 0.000391662 
0.79082 0.208792 0.000339178 2.5813e-05 2.35952e-05 
0.575047 0.0482406 0.368236 0.00847552 8.21266e-07 
0.055038 0.175928 0.592553 0.149207 0.0272742 
0.825542 0.0394546 0.131513 0.00348592 4.08129e-06 
0.000809514 0.0908151 0.908147 0.000228644 1.58928e-07 
0.154009 0.118261 0.726887 0.000696487 0.00014567 
0.735333 0.149526 0.113609 0.0010693 0.000462069 
0.00616052 0.228916 0.689206 0.0728887 0.002829 
0.0675337 0.164413 0.615862 0.1429 0.00929095 
0.0451701 0.519105 0.429925 0.00304097 0.00275807 
0.00429888 0.457572 0.268788 0.269307 3.45356e-05 
0.0403584 0.123444 0.817694 0.0101911 0.00831224 
0.0545575 0.300375 0.599931 0.0445024 0.000633802 
0.00153966 0.113191 0.883724 0.000927222 0.000617412 
0.347426 0.41666 0.18515 0.0482218 0.00254251 
0.0154407 0.0645994 0.91947 0.000268653 0.000221162 
0.0861293 0.0328426 0.613638 0.263051 0.00433899 
0.0408531 0.00709919 0.946535 0.00543663 7.60627e-05 
0.000803327 0.00518878 0.981928 0.0119077 0.000172491 
0.167946 0.469562 0.334139 0.0148586 0.0134938 
0.767374 0.0489384 0.178358 0.00532929 3.29896e-07 
0.0507828 0.0635836 0.139674 0.745499 0.000460276 
0.070287 0.0132204 0.906325 0.00552805 0.00463975 
0.0893922 0.266447 0.559293 0.0765774 0.00829042 
0.997047 0.00132609 0.00152995 9.68618e-05 1.7161e-08 
0.00443297 0.0168877 0.96804 0.0083402 0.00229959 
0.0128102 0.658305 0.301545 0.0226283 0.00471102 
0.781611 0.117439 0.0806837 0.0171697 0.00309686 
0.00738186 0.00772182 0.0467653 0.932533 0.00559832 
0.0777624 0.418466 0.487398 0.0118155 0.00455873 
0.0173723 0.00213194 0.978658 0.00141519 0.000422377 
0.193853 0.291485 0.510743 0.0024446 0.00147398 
0.726472 0.013758 0.258099 0.000910628 0.000760437 
0.0987265 0.0678002 0.788467 0.0303163 0.01469 
0.259157 0.0746439 0.374626 0.291548 2.43278e-05 
0.285545 0.00805141 0.693334 0.0120257 0.00104349 
0.00617854 0.12241 0.81211 0.0572288 0.00207289 
0.621169 0.234213 0.142168 0.00199609 0.000454316 
0.00992045 0.0577391 0.911882 0.0122808 0.00817732 
0.998271 1.15482e-05 0.000428847 0.00128592 2.67447e-06 
0.0421605 0.0130857 0.833532 0.106355 0.00486631 
0.0227755 0.199554 0.725662 0.0446982 0.00731003 
0.21607 0.0547598 0.72885 0.000320311 7.43686e-08 
0.998271 1.15482e-05 0.000428847 0.00128592 2.67447e-06 
0.0489475 0.0141843 0.933247 0.0033743 0.000246914 
0.0770664 0.13231 0.784142 0.00462555 0.0018556 
0.00176845 0.00245022 0.995642 0.000104439 3.50611e-05 
2.79022e-05 0.0197773 0.978361 0.00183352 6.57631e-08 
0.0299585 0.0222305 0.113463 0.814557 0.0197911 
0.0361441 0.507171 0.402018 0.0430258 0.0116408 
0.815673 0.0341297 0.147445 0.00273941 1.29437e-05 
0.741603 0.011102 0.244106 0.00318931 1.11682e-08 
0.813755 0.143253 0.00780076 0.0348974 0.000293929 
0.845169 0.0566502 0.0979057 0.000158958 0.000116279 
0.308495 0.23931 0.434475 0.00974689 0.00797188 
0.0329694 0.673259 0.291371 0.00123768 0.00116253 
0.192427 0.104112 0.703373 5.16246e-05 3.74696e-05 
0.998271 1.15482e-05 0.000428847 0.00128592 2.67447e-06 
0.0244763 0.0398697 0.852768 0.0789513 0.0039346 
0.0027682 0.00536858 0.991265 0.000312054 0.000285977 
0.0285656 0.0348955 0.700664 0.235416 0.000458147 
0.035195 0.0905457 0.820796 0.0527163 0.000747125 
0.0214103 0.492335 0.470441 0.0155475 0.000266926 
0.00291742 0.0203576 0.965286 0.0107556 0.000683367 
0.0151244 0.0305874 0.926184 0.0149351 0.0131693 
0.391029 0.419954 0.17587 0.0131341 1.31219e-05 
0.998271 1.15482e-05 0.000428847 0.00128592 2.67447e-06 
0.0100051 0.166744 0.73375 0.0884578 0.001043 
0.0887408 0.324724 0.141206 0.4412 0.00412846 
0.00429888 0.457572 0.268788 0.269307 3.45356e-05 
0.0299585 0.0222305 0.113463 0.814557 0.0197911 
0.00209201 0.211885 0.785114 0.000731785 0.000177356 
0.000159882 0.0143301 0.98551 1.92218e-07 1.3677e-07 
0.00790223 0.118039 0.800986 0.0716568 0.0014155 
0.000814811 0.0325999 0.965259 0.000781165 0.00054552 
0.280274 0.0535051 0.639074 0.0244139 0.00273311 
0.000309084 0.0060648 0.99352 8.94941e-05 1.65791e-05 
0.00618181 0.0329851 0.686266 0.273966 0.000600629 
0.503982 0.00618947 0.489085 0.000590832 0.000152175 
0.142554 0.588615 0.24289 0.0136225 0.0123182 
0.496093 0.232797 0.266293 0.00409643 0.000720632 
0.295401 0.0483861 0.655926 0.000286756 4.77348e-08 
0.00190488 0.0472177 0.948192 0.0023406 0.000344391 
0.0032634 0.0995794 0.870485 0.0243119 0.00236024 
0.543052 0.256396 0.197984 0.00250221 6.52484e-05 
0.127337 0.0080924 0.8638 0.000638064 0.000133355 
0.00849941 0.0431469 0.928612 0.0121605 0.00758137 
0.767634 0.0499931 0.147313 0.0292412 0.00581842 
0.923005 0.00992506 0.0628169 0.00421114 4.15944e-05 
0.183979 0.11404 0.261211 0.416534 0.024236 
0.00770156 0.0107227 0.76463 0.216784 0.000161353 
0.660554 0.137871 0.152346 0.0484984 0.000731464 
0.765762 0.191926 0.0340535 0.00705283 0.00120548 
0.811556 0.05388 0.117268 0.0154488 0.00184745 
0.232339 0.00990871 0.661484 0.0927368 0.00353214 
0.0228616 0.0453708 0.00478948 0.926969 9.04881e-06 
0.119429 0.0172644 0.815174 0.0481123 1.98682e-05 
0.000850516 0.000750707 0.98667 0.0113165 0.000412497 
0.000956778 0.00466652 0.604186 0.390063 0.000127431 
0.0282242 0.0335428 0.814765 0.122582 0.000885325 
0.0322968 0.191309 0.765859 0.0101114 0.000423696 
0.00349614 0.00816038 0.987578 0.000536559 0.000228982 
0.998271 1.15482e-05 0.000428847 0.00128592 2.67447e-06 
0.00209231 0.0200488 0.943145 0.0336489 0.00106467 
0.0518774 0.0616691 0.232997 0.652496 0.000960563 
0.767374 0.0489384 0.178358 0.00532929 3.29896e-07 
0.000285846 0.000263532 0.99907 0.000263341 0.000117197 
0.236425 0.31337 0.400617 0.0375302 0.0120575 
0.0273599 0.260469 0.649463 0.0583635 0.00434505 
0.0175017 3.05921e-06 0.0358782 0.946616 8.82035e-07 
0.0161224 0.510717 0.456129 0.00941754 0.00761488 
0.0156927 0.00741774 0.976884 3.32959e-06 2.30121e-06 
0.475165 0.15121 0.351918 0.0156052 0.0061014 
0.998271 1.15482e-05 0.000428847 0.00128592 2.67447e-06 
0.0222591 0.0481507 0.559795 0.36637 0.00342589 
0.611018 0.00169794 0.37717 0.0100223 9.13624e-05 
0.0261995 0.00940328 0.96437 2.34988e-05 3.76742e-06 
0.998271 1.15482e-05 0.000428847 0.00128592 2.67447e-06 
0.264854 0.112731 0.621946 0.000468528 4.77999e-07 
0.146273 0.283146 0.524341 0.0371829 0.00905695 
0.00578973 0.312961 0.68114 8.70957e-05 2.15686e-05 
0.135158 0.592898 0.25873 0.00832887 0.00488484 
0.0193537 0.0587308 0.899834 0.0125364 0.00954482 
0.00697176 0.0502122 0.619577 0.31905 0.00418879 
0.0129097 0.255813 0.109852 0.621337 8.77162e-05 
0.00284338 0.35082 0.437103 0.208832 0.000402694 
0.998271 1.15482e-05 0.000428847 0.00128592 2.67447e-06 
0.781743 0.0854723 0.132512 0.000268769 4.17195e-06 
0.0155928 0.0426067 0.923884 0.0108099 0.00710628 
0.811556 0.05388 0.117268 0.0154488 0.00184745 
0.00119295 0.0129604 0.692203 0.293621 2.2618e-05 
0.210952 0.404619 0.382662 0.00134568 0.000421306 
0.913262 0.0535517 0.0286368 0.00345578 0.00109367 
0.188034 0.0792365 0.696045 0.0359054 0.00077939 
0.0135552 0.0397916 0.918698 0.0162606 0.0116942 
0.998271 1.15482e-05 0.000428847 0.00128592 2.67447e-06 
0.999175 6.34823e-06 0.000380484 0.000435395 2.53301e-06 
0.998271 1.15482e-05 0.000428847 0.00128592 2.67447e-06 
0.0458138 0.0449821 0.890994 0.0179231 0.000287184 
0.0288429 0.062176 0.866209 0.0375184 0.00525332 
0.767374 0.0489384 0.178358 0.00532929 3.29896e-07 
0.695241 0.0361741 0.0910568 0.171526 0.00600253 
0.00133266 0.0154354 0.980304 0.00243177 0.000495801 
0.0027682 0.00536858 0.991265 0.000312054 0.000285977 
0.0472772 0.0754977 0.774258 0.0910512 0.0119157 
0.00717985 0.135145 0.855529 0.00128318 0.000862567 
0.0140155 0.367721 0.414429 0.203688 0.000146363 
0.0981761 0.212547 0.565869 0.069368 0.0540399 
0.0675337 0.164413 0.615862 0.1429 0.00929095 
0.0111503 0.5988 0.198899 0.183119 0.00803183 
0.0226096 0.130809 0.839017 0.00755385 1.08863e-05 
0.0309678 0.0235051 0.944989 0.000532509 5.58889e-06 
0.0111772 0.00363998 0.0194427 0.965697 4.29365e-05 
0.036373 0.200762 0.680181 0.0615279 0.0211569 
0.0129715 0.321302 0.456692 0.209001 3.39558e-05 
0.00566465 0.0324356 0.939545 0.0213245 0.00102987 
0.00474792 0.0248584 0.577836 0.392557 3.78974e-07 
0.381163 0.354198 0.213934 0.0255369 0.0251686 
0.938074 0.0615148 0.000351673 5.95516e-05 7.21952e-09 
0.998271 1.15482e-05 0.000428847 0.00128592 2.67447e-06 
0.00641823 0.990493 0.00212178 0.000967244 2.02514e-07 
0.087803 0.216251 0.664397 0.0240436 0.00750547 
0.0149354 0.155583 0.494643 0.330469 0.00437033 
0.0403136 0.165854 0.745582 0.0382603 0.00999016 
0.999175 6.34823e-06 0.000380484 0.000435395 2.53301e-06 
0.00606281 0.0463308 0.947605 1.0023e-06 7.68845e-10 
3.86303e-05 0.991091 1.09806e-05 0.00885986 2.8004e-08 
0.0189263 0.329066 0.652008 5.64129e-11 3.89891e-11 
0.0673487 0.0237726 0.888257 0.0117933 0.00882871 
0.068091 0.02107 0.0990383 0.807074 0.00472691 
0.484157 0.049486 0.403844 0.0346658 0.0278467 
0.280274 0.0535051 0.639074 0.0244139 0.00273311 
0.771271 0.173287 0.0196242 0.0328306 0.0029864 
0.0143745 0.0481534 0.888775 0.0452541 0.00344265 
0.500822 0.049416 0.446601 0.00213998 0.0010201 
0.0361132 0.0119222 0.95196 3.77904e-06 5.88668e-07 
0.853157 0.0547922 0.092011 3.76039e-05 2.37702e-06 
0.00584937 0.00143509 0.992337 0.000201392 0.00017744 
0.0229162 0.086641 0.528741 0.354627 0.00707533 
0.554234 0.0324007 0.405633 0.00610376 0.00162823 
0.0373811 0.206783 0.743452 0.0108122 0.00157177 
0.212371 0.0509332 0.727224 0.0089913 0.000480876 
0.264313 0.275583 0.442862 0.017197 4.5221e-05 
0.0316179 0.142683 0.785914 0.0281422 0.0116433 
0.0595772 0.158731 0.532281 0.249258 0.000154076 
0.936402 0.000197675 0.0588706 0.00448138 4.85066e-05 
0.29708 0.0238209 0.671887 0.00373375 0.00347752 
0.0217239 0.381395 0.56594 0.0245785 0.00636255 
3.86303e-05 0.991091 1.09806e-05 0.00885986 2.8004e-08 
0.0575528 0.410787 0.525665 0.00599072 4.4283e-06 
0.0425738 0.117378 0.783943 0.0494784 0.00662686 
0.633822 0.102641 0.196782 0.0654822 0.0012723 
0.116686 0.116989 0.709675 0.0459761 0.0106738 
0.036916 0.0744469 0.881544 0.00426951 0.00282394 
0.0103551 0.0520695 0.93754 2.13689e-05 1.36131e-05 
0.424978 0.0153087 0.537554 0.0191571 0.00300263 
0.191903 0.181478 0.55685 0.0605642 0.00920428 
0.117479 0.0188339 0.861161 0.00218662 0.000339327 
0.00119295 0.0129604 0.692203 0.293621 2.2618e-05 
0.00643384 0.384206 0.606391 0.00260315 0.000365834 
0.162372 0.0217653 0.760966 0.0485911 0.00630555 
0.268789 0.174244 0.541184 0.0157832 8.95783e-11 
0.0299585 0.0222305 0.113463 0.814557 0.0197911 
9.57964e-05 0.560496 0.4394 6.96607e-06 1.47498e-06 
0.457475 0.165398 0.369747 0.00715806 0.000221663 
0.00198077 0.0476091 0.890585 0.0586288 0.00119685 
0.998271 1.15482e-05 0.000428847 0.00128592 2.67447e-06 
0.00542566 0.0667019 0.911959 0.0145082 0.00140515 
0.00119295 0.0129604 0.692203 0.293621 2.2618e-05 
0.226274 0.0320439 0.690345 0.0345129 0.0168241 
0.00630324 0.0188537 0.930447 0.0427621 0.00163444 
0.232339 0.00990871 0.661484 0.0927368 0.00353214 
0.267867 0.167958 0.321473 0.225744 0.016958 
0.00621029 0.0112992 0.98226 0.000230252 2.25754e-08 
0.0375133 0.647715 0.296717 0.00909045 0.00896427 
0.0523725 0.124488 0.415746 0.404463 0.00292933 
0.0423175 0.0114275 0.0823535 0.854307 0.0095948 
0.0851509 0.0854772 0.825172 0.00259995 0.00159948 
0.054161 0.093118 0.744451 0.080724 0.0275462 
0.000363025 5.86265e-05 0.971276 0.0282654 3.7267e-05 
0.492021 0.0281929 0.477166 0.00234294 0.000277271 
0.0235409 0.286251 0.0500095 0.640199 8.43674e-10 
0.0194036 0.0836873 0.839023 0.0428132 0.0150725 
0.00653304 0.00637651 0.986105 0.000575016 0.000410425 
0.833236 0.00419423 0.160525 0.00150035 0.000543871 
0.412279 0.214128 0.372493 0.00109927 2.07777e-07 
9.75272e-05 0.0043238 0.995509 5.88236e-05 1.09865e-05 
2.26425e-08 0.00463408 0.995366 2.59473e-08 1.79331e-08 
0.0144522 0.181581 0.801712 0.00153779 0.000717372 
0.127337 0.0080924 0.8638 0.000638064 0.000133355 
0.137882 0.326606 0.493831 0.0273442 0.0143372 
0.000653883 0.0473448 0.940841 0.0107011 0.000459081 
0.00856119 0.0647026 0.87552 0.0490419 0.00217429 
5.05566e-06 0.997866 0.00211937 5.79355e-06 4.00415e-06 
0.0051356 0.0357357 0.941798 0.0168453 0.000485091 
0.00451431 0.0691108 0.876958 0.0483242 0.00109231 
0.0166982 0.0353423 0.878825 0.0687058 0.000429164 
0.00389193 0.87409 0.0830529 0.0379746 0.000990147 
0.011419 0.171812 0.255718 0.560019 0.00103105 
0.0342057 0.0690312 0.869631 0.0186068 0.00852527 
0.0096744 0.41276 0.577205 0.000198924 0.000162493 
0.00164259 0.433748 0.552717 0.0117266 0.000164929 
0.998271 1.15482e-05 0.000428847 0.00128592 2.67447e-06 
0.235923 0.286347 0.46983 0.005038 0.00286232 
0.227996 0.00360408 0.766486 0.00163579 0.000278686 
0.0211733 0.0171585 0.910995 0.0506498 2.3185e-05 
0.464938 0.19509 0.33073 0.00475771 0.00448458 
0.000692154 0.00072822 0.997971 0.000607436 1.39899e-06 
0.00158948 0.000246359 0.132108 0.866048 8.10929e-06 
0.00876305 0.0396694 0.885141 0.0592432 0.00718373 
0.625623 0.224744 0.146777 0.00277236 8.43047e-05 
0.004794 0.0474218 0.88731 0.0572777 0.00319668 
8.55043e-07 0.0110061 0.987759 0.0012343 8.42283e-11 
0.954017 0.00696946 0.0390137 2.57144e-08 1.77722e-08 
0.131673 0.122307 0.619361 0.0884106 0.0382492 
0.0086844 0.10078 0.873961 0.0113488 0.00522543 
0.172752 0.0993084 0.715951 0.00779143 0.00419746 
0.0453377 0.322376 0.630161 0.00121385 0.000911588 
0.00354236 0.258349 0.70327 0.0332858 0.00155302 
0.00457881 0.790272 0.205074 7.45314e-05 5.32941e-08 
0.00368968 0.00414495 0.979429 0.0114154 0.0013209 
0.0352867 0.169704 0.783147 0.00990679 0.00195504 
0.0260263 0.179728 0.136555 0.657686 4.76799e-06 
0.00399442 0.00141123 0.994542 3.57352e-05 1.62734e-05 
0.544674 0.106589 0.34252 0.00563423 0.000583647 
0.998271 1.15482e-05 0.000428847 0.00128592 2.67447e-06 
0.817432 0.00300762 0.179537 2.32641e-05 2.35367e-08 
0.0770923 0.125772 0.795505 0.00139889 0.000231797 
0.0105678 0.772559 0.216831 2.96648e-05 1.24157e-05 
0.158546 0.0446873 0.795012 0.0014856 0.000269442 
0.811556 0.05388 0.117268 0.0154488 0.00184745 
0.100526 0.0405155 0.628521 0.229552 0.000885347 
0.0498088 0.360586 0.52471 0.0364003 0.028495 
0.0221023 0.387579 0.515114 0.0692965 0.00590829 
0.0402709 0.650478 0.309251 2.76267e-09 1.90939e-09 
0.045965 0.0609797 0.890571 0.00248408 4.60431e-08 
0.0154116 0.0295967 0.930767 0.0153201 0.00890424 
0.0285669 0.0434105 0.276709 0.644214 0.00709908 
0.00146848 0.399312 0.592456 0.00626996 0.000492948 
0.0285307 0.0509229 0.891675 0.0224701 0.00640143 
0.0851935 0.442804 0.471114 0.000684509 0.000203168 
0.0678027 0.169714 0.456152 0.299249 0.00708231 
0.998271 1.15482e-05 0.000428847 0.00128592 2.67447e-06 
0.879693 0.0890632 0.0311321 8.62978e-05 2.49616e-05 
0.998076 0.000331414 0.00104901 0.000353011 0.00019007 
0.518413 0.164256 0.316497 0.000576762 0.000256671 
0.276241 0.279671 0.434636 0.00810177 0.00134995 
0.0140155 0.367721 0.414429 0.203688 0.000146363 
0.811959 0.0773804 0.11043 0.000228988 1.31456e-06 
0.0016883 0.0369073 0.934406 0.0254278 0.00157111 
0.0322824 0.401068 0.519419 0.036504 0.0107261 
0.933611 0.0496045 0.0110165 0.00576844 3.95852e-08 
0.131673 0.122307 0.619361 0.0884106 0.0382492 
0.00894332 0.0144039 0.441476 0.535153 2.31945e-05 
0.0211166 0.0539445 0.736708 0.186701 0.00152919 
0.0143745 0.0481534 0.888775 0.0452541 0.00344265 
0.280274 0.0535051 0.639074 0.0244139 0.00273311 
0.00551836 0.935825 0.0577618 0.000894385 1.75863e-07 
0.00138498 0.0489866 0.887997 0.0609068 0.000724253 
0.0741249 0.151507 0.760426 0.0118135 0.0021277 
0.0264389 0.0795402 0.87866 0.0142524 0.00110837 
0.340064 0.000850794 0.0166479 0.642248 0.000189282 
0.00040738 0.0337163 0.965866 1.04899e-05 6.88634e-08 
0.0536851 0.108906 0.837401 7.35209e-06 5.24341e-07 
0.998082 0.000115103 0.000694182 0.00108156 2.7644e-05 
0.00535208 0.0513059 0.814727 0.127096 0.00151866 
0.000850516 0.000750707 0.98667 0.0113165 0.000412497 
0.000619331 0.0121067 0.964967 0.0219777 0.000329338 
0.479806 0.0678655 0.350574 0.0984922 0.00326272 
0.180041 0.217173 0.60167 0.000829475 0.000286642 
0.127337 0.0080924 0.8638 0.000638064 0.000133355 
0.0196699 0.0802461 0.869773 0.0168415 0.0134695 
0.0252261 0.0150733 0.854561 0.105102 3.7784e-05 
0.0824183 0.535503 0.349414 0.0217741 0.0108904 
0.0305031 0.0444599 0.915951 0.00458414 0.00450202 
0.0536455 0.491286 0.341094 0.104153 0.0098219 
0.00303676 0.0995777 0.889359 0.00542162 0.00260478 
0.190385 0.392588 0.293519 0.121708 0.00180034 
0.121579 0.0382656 0.838961 0.000927761 0.000265843 
0.160374 0.00658507 0.0383841 0.794657 9.969e-09 
0.280274 0.0535051 0.639074 0.0244139 0.00273311 
0.998271 1.15482e-05 0.000428847 0.00128592 2.67447e-06 
0.063548 0.474524 0.438425 0.0225233 0.000980094 
5.73321e-07 0.00352343 0.996475 6.56999e-07 4.54077e-07 
0.000157025 0.0018768 0.997331 0.00055488 8.07286e-05 
0.00566465 0.0324356 0.939545 0.0213245 0.00102987 
0.280274 0.0535051 0.639074 0.0244139 0.00273311 
0.0236301 0.156336 0.508429 0.296134 0.0154699 
0.160374 0.00658507 0.0383841 0.794657 9.969e-09 
0.0147507 0.0365669 0.492068 0.455489 0.00112568 
0.47127 0.164404 0.358991 0.00394274 0.001392 
0.0325243 0.149011 0.812304 0.00599422 0.000165852 
0.0595185 0.0333439 0.739752 0.1375 0.0298856 
0.0661117 0.355484 0.437466 0.127703 0.0132355 
0.00672253 0.236427 0.756358 0.000463042 2.93041e-05 
0.000227907 0.00377107 0.995557 0.000444152 8.78772e-08 
0.0547895 0.0076179 0.937424 0.000168811 9.08947e-11 
0.618824 0.00782561 0.372849 0.00050162 1.61579e-09 
0.366488 0.396968 0.234325 0.00118324 0.00103594 
0.0153712 0.268002 0.716174 0.000253146 0.000199391 
0.0263996 0.685841 0.26378 0.0212963 0.00268306 
1.89564e-06 0.060691 0.939306 4.39033e-07 4.04525e-07 
0.00617854 0.12241 0.81211 0.0572288 0.00207289 
0.0269644 0.0676896 0.0678695 0.837476 7.9896e-08 
0.00153966 0.113191 0.883724 0.000927222 0.000617412 
0.290755 0.0286146 0.666318 0.0120197 0.00229313 
0.00226604 0.0168117 0.884382 0.0954477 0.00109223 
0.455565 0.00720238 0.526447 0.0107305 5.51987e-05 
0.0206044 0.273091 0.473825 0.231293 0.00118621 
0.0489196 0.301316 0.4539 0.178828 0.0170364 
0.000629937 0.412117 0.281363 0.30589 1.11994e-06 
0.0152594 0.018182 0.965077 0.00145645 2.49065e-05 
0.811556 0.05388 0.117268 0.0154488 0.00184745 
0.026549 0.0801493 0.860911 0.0279496 0.00444084 
0.611515 0.123388 0.264257 0.00076343 7.69655e-05 
0.998271 1.15482e-05 0.000428847 0.00128592 2.67447e-06 
0.0360404 0.0538421 0.685774 0.219841 0.00450187 
0.0211733 0.0171585 0.910995 0.0506498 2.3185e-05 
0.0515755 0.0227809 0.925627 9.64949e-06 6.80335e-06 
0.00142643 0.0047953 0.988976 0.00466505 0.000137012 
0.619746 0.0548536 0.319483 0.00490733 0.00101041 
0.0145411 0.575041 0.355311 0.0489788 0.00612757 
0.0457418 0.666721 0.223864 0.0330301 0.0306433 
0.0631856 0.0682674 0.771946 0.0704941 0.026107 
0.204863 0.0742776 0.708661 0.0110108 0.00118711 
0.0762069 0.0219205 0.404008 0.481657 0.0162076 
0.238282 0.00919971 0.255311 0.497207 5.1525e-07 
0.0754577 0.827332 0.091854 0.00374652 0.00160941 
0.00825372 0.0866632 0.700122 0.203791 0.00117054 
0.00297174 0.000640511 0.976678 0.0195911 0.000118499 
0.0287559 0.232013 0.652399 0.0803242 0.00650851 
0.160374 0.00658507 0.0383841 0.794657 9.969e-09 
0.0213026 0.166624 0.607167 0.202035 0.00287084 
0.0155862 0.170302 0.761434 0.0382385 0.0144398 
0.125828 0.123398 0.748147 0.00208566 0.000540816 
0.360346 0.205363 0.414711 0.0148085 0.0047716 
0.243361 0.48509 0.271378 0.000168858 1.87754e-06 
0.0168219 0.0800542 0.871267 0.0212503 0.0106068 
0.00642328 0.00972723 0.983583 0.00026661 1.42489e-07 
0.00863724 0.0164652 0.94455 0.0234544 0.00689279 
0.998271 1.15482e-05 0.000428847 0.00128592 2.67447e-06 
0.42677 0.399296 0.173934 7.27784e-07 4.87872e-07 
0.0884188 0.0482671 0.819777 0.0293984 0.0141386 
0.01549 0.134878 0.838503 0.0110321 9.67343e-05 
0.471091 0.351387 0.170575 0.0069465 7.62777e-07 
0.0292859 0.777581 0.129568 0.0438998 0.0196646 
0.0121829 0.0511025 0.928436 0.00642126 0.00185709 
0.0565033 0.146538 0.796212 0.000703697 4.25802e-05 
0.429442 0.351397 0.193672 0.0136727 0.0118166 
0.998271 1.15482e-05 0.000428847 0.00128592 2.67447e-06 
0.0096744 0.41276 0.577205 0.000198924 0.000162493 
0.0227848 0.200408 0.583839 0.175388 0.0175807 
0.00429888 0.457572 0.268788 0.269307 3.45356e-05 
0.11536 0.0649262 0.816123 0.00299487 0.000595339 
0.0182636 0.0225746 0.949625 0.00648558 0.00305089 
0.428902 0.156798 0.413607 0.000690228 2.64702e-06 
0.998271 1.15482e-05 0.000428847 0.00128592 2.67447e-06 
0.00637462 0.226588 0.704553 0.0613168 0.00116676 
0.0251123 0.0979523 0.862476 0.0128461 0.00161295 
0.891339 0.00811958 0.0964859 0.00358676 0.000469065 
0.00273697 0.0401475 0.742558 0.214079 0.000478947 
0.186739 0.0548369 0.736369 0.0183957 0.0036597 
0.0395424 0.159046 0.511603 0.286893 0.00291517 
0.00303807 0.409059 0.58464 0.0025213 0.000741544 
0.774092 0.00654627 0.216775 0.00246918 0.000117913 
0.00100707 0.00995344 0.982032 0.00694971 5.77374e-05 
0.0749025 0.529517 0.29148 0.0741057 0.0299947 
0.980436 0.00723392 0.00656224 0.00576818 1.46389e-09 
0.000810858 0.0048224 0.994221 0.000120936 2.44416e-05 
0.00330341 0.00113616 0.995485 5.42077e-05 2.14464e-05 
0.376716 0.0770954 0.534296 0.00796676 0.00392526 
0.573855 0.239843 0.175832 0.00891905 0.00155192 
0.303901 0.143338 0.520549 0.0320881 0.000124476 
0.666458 0.0558316 0.272663 0.00477538 0.000272469 
0.869527 0.0383698 0.0918039 0.000236835 6.26795e-05 
0.728737 0.0161577 0.253253 0.00185193 5.54257e-07 
0.128205 0.0143015 0.841162 0.0162513 7.98897e-05 
0.0227803 0.848479 0.119687 0.00815589 0.000898209 
0.0243199 0.0716781 0.324801 0.57834 0.000861631 
0.164445 0.654332 0.179834 0.000708851 0.000681084 
0.463404 0.119288 0.414581 0.00179954 0.000926884 
0.517189 0.0702001 0.390956 0.014095 0.00756055 
0.607226 0.11839 0.272643 0.00174077 2.12145e-08 
0.762802 0.0899073 0.14599 0.00123039 7.0578e-05 
0.160374 0.00658507 0.0383841 0.794657 9.969e-09 
0.220228 0.433166 0.345958 0.000634 1.37639e-05 
0.00924711 0.0228714 0.878263 0.0893857 0.000232423 
0.816207 0.130868 0.0529234 1.10942e-06 7.66763e-07 
0.00535208 0.0513059 0.814727 0.127096 0.00151866 
0.0218602 0.187808 0.622701 0.167541 8.96151e-05 
0.00677504 0.0351142 0.812001 0.140687 0.00542317 
0.000809514 0.0908151 0.908147 0.000228644 1.58928e-07 
0.4047 0.0414933 0.541592 0.0120614 0.00015329 
0.998271 1.15482e-05 0.000428847 0.00128592 2.67447e-06 
0.0108558 0.0298526 0.958812 0.000300991 0.00017906 
0.0753618 0.100015 0.55551 0.256088 0.0130251 
0.499973 0.119056 0.37774 0.00205498 0.00117681 
0.293389 0.0876171 0.607866 0.01111 1.75192e-05 
0.0239752 0.925356 0.0454386 0.00515185 7.82797e-05 
0.0520095 0.0643884 0.845437 0.0204939 0.0176711 
0.0219779 0.158947 0.77121 0.0451356 0.0027294 
0.0668355 0.508202 0.200121 0.187429 0.0374116 
0.00974783 0.00992377 0.979759 0.000508895 6.05384e-05 
0.270778 0.0371875 0.691032 0.000864154 0.000137902 
0.210495 0.641775 0.147132 0.000565517 3.164e-05 
0.00981731 0.448015 0.414457 0.121069 0.00664134 
0.370819 0.0184333 0.610081 0.000385333 0.000281273 
0.0229361 0.0588078 0.876503 0.0258121 0.0159409 
0.0570186 0.0154363 0.926865 0.000679595 3.7737e-07 
0.131673 0.122307 0.619361 0.0884106 0.0382492 
0.153989 0.212781 0.545183 0.0798683 0.00817895 
0.429447 0.302368 0.190233 0.0772841 0.000667817 
0.0128102 0.658305 0.301545 0.0226283 0.00471102 
0.0116161 0.091919 0.867314 0.0189984 0.0101521 
0.738662 0.0577 0.203343 0.000240287 5.45405e-05 
0.0283684 0.030454 0.856927 0.0828199 0.0014303 
0.0343068 0.0214282 0.929364 0.0101334 0.00476789 
0.241502 0.0213505 0.285853 0.449953 0.0013424 
0.0675337 0.164413 0.615862 0.1429 0.00929095 
0.218642 0.304603 0.473792 0.00296172 1.85321e-07 
0.767374 0.0489384 0.178358 0.00532929 3.29896e-07 
0.159732 0.357468 0.464758 0.0165838 0.00145821 
0.4908 0.193575 0.314017 0.00159652 1.13411e-05 
0.992643 0.000563144 0.00481008 0.00186526 0.000118794 
0.010797 0.112891 0.842367 0.0281273 0.00581785 
0.000159882 0.0143301 0.98551 1.92218e-07 1.3677e-07 
0.0195455 0.116258 0.766294 0.0798262 0.0180762 
0.0882859 0.152812 0.730664 0.0264997 0.00173837 
0.754959 0.0180139 0.227025 1.5892e-06 2.15426e-09 
0.105869 0.214586 0.618352 0.0465709 0.0146223 
0.0250385 0.0910624 0.87213 0.00621619 0.00555336 
0.0289698 0.221912 0.721945 0.0179111 0.00926199 
0.0183904 0.0798914 0.336152 0.559385 0.00618129 
0.0321576 0.0857507 0.838957 0.0239332 0.0192013 
0.0308088 0.254811 0.691936 0.0221665 0.000278433 
0.044974 0.00371944 0.718148 0.231707 0.0014521 
0.253032 0.0905709 0.578159 0.0547877 0.0234502 
0.22403 0.0986398 0.63606 0.0337109 0.00755857 
