0.00321023 0.436016 0.55719 0.00145898 0.00212468 
0.0430088 0.723366 0.231425 0.000611602 0.00158856 
0.0141073 0.170409 0.748965 0.00561023 0.0609082 
0.00475554 0.114985 0.786083 0.000331471 0.0938449 
0.998271 1.15482e-05 0.000428847 0.00128592 2.67447e-06 
0.000775391 0.177085 0.814745 0.00151825 0.00587642 
0.044496 0.0358091 0.903522 0.000248475 0.0159247 
0.196003 0.0660563 0.735018 4.71312e-06 0.0029188 
0.00282021 0.795242 0.199808 0.000839839 0.00128996 
0.000173484 0.0457338 0.940273 0.000181655 0.0136382 
0.188589 0.050371 0.7604 0.000186814 0.000453281 
0.00318749 0.158396 0.731414 7.17218e-05 0.106931 
0.19265 0.266572 0.53533 0.00306225 0.00238567 
0.432322 0.0570373 0.465614 0.0449747 5.11327e-05 
1.69148e-05 0.000483692 0.0114414 0.987997 6.08271e-05 
0.00429888 0.457572 0.268788 0.269307 3.45356e-05 
0.00583873 0.0591062 0.934577 8.0118e-05 0.000397666 
0.0450547 0.605001 0.254018 0.00571202 0.0902149 
0.00904723 0.113481 0.869536 0.00457741 0.00335803 
0.203913 0.191831 0.592606 0.001641 0.0100091 
0.00974587 0.782462 0.163375 0.0386667 0.00575051 
0.161126 0.402314 0.253877 0.180353 0.00232927 
0.998271 1.15482e-05 0.000428847 0.00128592 2.67447e-06 
0.18452 0.081121 0.729811 5.06911e-06 0.00454239 
0.983369 0.0100283 0.00398725 0.000920176 0.00169575 
0.0132746 0.0247627 0.380566 0.574859 0.00653727 
1.69148e-05 0.000483692 0.0114414 0.987997 6.08271e-05 
0.000727755 0.0390935 0.853652 0.0815229 0.0250039 
1.69148e-05 0.000483692 0.0114414 0.987997 6.08271e-05 
0.011971 0.767993 0.214567 2.90098e-06 0.00546581 
0.00108395 0.642117 0.251539 0.0620704 0.0431896 
0.00141476 0.102824 0.881117 0.00061143 0.0140327 
3.41477e-07 0.671859 0.322752 1.0536e-06 0.00538787 
0.0137464 0.0081942 0.978055 2.70615e-06 1.23631e-06 
1.69148e-05 0.000483692 0.0114414 0.987997 6.08271e-05 
0.345474 0.373002 0.279593 1.09665e-05 0.00191951 
0.011971 0.767993 0.214567 2.90098e-06 0.00546581 
0.999175 6.34823e-06 0.000380484 0.000435395 2.53301e-06 
0.00269079 0.0248372 0.740496 0.226962 0.00501466 
0.00653954 0.0309953 0.955541 0.00367604 0.00324792 
0.292388 0.112825 0.564577 0.0141772 0.0160336 
0.0420462 0.0847403 0.8721 0.00100726 0.000105973 
0.471091 0.351387 0.170575 0.0069465 7.62777e-07 
8.97856e-05 0.0268617 0.970251 0.00101007 0.0017876 
1.69148e-05 0.000483692 0.0114414 0.987997 6.08271e-05 
0.0021416 0.130871 0.55576 0.240353 0.0708733 
0.00551836 0.935825 0.0577618 0.000894385 1.75863e-07 
0.0019284 0.0237027 0.872182 0.0982697 0.00391711 
0.044198 0.37717 0.408156 0.00109736 0.169378 
0.0088746 0.0646591 0.895419 0.00815062 0.0228965 
0.0298177 0.132008 0.83564 1.59064e-05 0.00251865 
0.00318033 0.0131609 0.977247 0.00174919 0.00466218 
0.555366 0.00347412 0.389704 0.0510533 0.000402586 
0.0638888 0.840534 0.0908262 2.1873e-06 0.00474916 
0.0459209 0.235611 0.66621 1.7593e-06 0.0522567 
0.71309 0.0457415 0.205586 0.0305678 0.00501514 
0.00119627 0.335155 0.479845 0.00205827 0.181745 
0.0451684 0.266734 0.591919 0.00422678 0.0919521 
0.00961 0.067953 0.918059 0.00111413 0.00326415 
0.253014 0.0967255 0.616611 6.67625e-05 0.0335831 
0.000299056 0.875404 0.123214 7.03939e-05 0.00101259 
0.23097 0.501157 0.26766 9.12966e-05 0.000121611 
0.0335264 0.287848 0.598383 0.00215341 0.0780889 
0.0212316 0.0500787 0.927932 8.37822e-06 0.000749799 
1.13784e-06 0.0236715 0.971091 0.00523507 1.13789e-06 
1.69148e-05 0.000483692 0.0114414 0.987997 6.08271e-05 
0.000769693 0.0444714 0.917046 0.0311485 0.00656396 
2.66681e-08 0.0141215 0.985873 1.14681e-08 5.35997e-06 
0.459071 0.238211 0.255467 0.000230582 0.0470205 
0.0456157 0.324775 0.596253 0.00305531 0.0303007 
1.69148e-05 0.000483692 0.0114414 0.987997 6.08271e-05 
0.0585016 0.39737 0.500886 0.000613583 0.0426289 
0.00243319 0.264626 0.728417 0.000986344 0.00353746 
0.00607422 0.0637978 0.730558 0.192544 0.00702567 
0.0394954 0.270532 0.521638 0.00172267 0.166612 
0.02592 0.193974 0.599706 0.00438276 0.176017 
0.873004 0.0343027 0.0777068 0.000735955 0.0142502 
0.274883 0.122802 0.345331 0.000868579 0.256116 
0.000166565 0.224258 0.774582 5.52627e-05 0.000937637 
8.62813e-05 0.929335 0.0561265 5.70006e-05 0.0143951 
0.000322017 0.998712 0.000322073 0.000322008 0.00032203 
0.337987 0.250274 0.358604 0.000160915 0.0529733 
0.000219171 0.156272 0.813321 0.000103876 0.0300839 
0.011419 0.171812 0.255718 0.560019 0.00103105 
0.0166284 0.0402778 0.855171 0.0834454 0.00447751 
0.455361 0.0219586 0.520182 0.000162231 0.00233587 
1.69148e-05 0.000483692 0.0114414 0.987997 6.08271e-05 
1.69148e-05 0.000483692 0.0114414 0.987997 6.08271e-05 
0.00231939 0.960582 0.034658 0.000220954 0.00221995 
0.195162 0.736397 0.0666312 0.000335955 0.00147388 
0.733478 0.191276 0.0670586 2.24042e-05 0.00816432 
0.00994069 0.0706857 0.404817 0.514101 0.000455224 
0.000556447 0.761871 0.227119 2.07901e-06 0.0104512 
0.00580191 0.0492337 0.915 0.0115291 0.0184356 
0.000813919 0.068308 0.889398 0.00013559 0.0413447 
0.00147153 0.347338 0.56496 0.0849488 0.00128186 
0.00744193 0.387989 0.539406 0.00122248 0.0639409 
0.0797405 0.397122 0.468522 0.000766779 0.0538489 
0.00609854 0.0616494 0.9234 1.01372e-05 0.00884225 
0.079912 0.161688 0.735521 0.000851827 0.0220275 
0.00135016 0.10999 0.836735 0.000143237 0.0517809 
0.681825 0.00564743 0.312505 4.89037e-06 1.82956e-05 
0.0022276 0.0221412 0.96212 0.0115143 0.00199735 
0.431427 0.434875 0.128221 0.00332822 0.00214939 
0.0136113 0.439855 0.384367 0.00458683 0.15758 
0.00605237 0.144265 0.837324 7.68728e-05 0.0122817 
1.15955e-05 0.0563182 0.920936 8.14502e-06 0.0227259 
0.959625 0.00360896 0.0357262 0.00038523 0.000654092 
0.0447638 0.732264 0.221039 1.98782e-06 0.00193093 
1.88708e-05 0.297949 0.605547 0.0824801 0.0140046 
0.966338 0.00606522 0.0174553 0.000163224 0.00997866 
0.0321632 0.562006 0.384784 3.47762e-05 0.0210121 
3.67946e-07 0.804441 0.170978 3.67936e-07 0.0245802 
0.00345625 0.0135971 0.978828 0.000825406 0.00329314 
0.0282706 0.8269 0.0951571 0.0235059 0.0261665 
0.00112047 0.286739 0.700781 1.36688e-08 0.0113594 
0.0118919 0.259362 0.697266 0.00012433 0.0313563 
1.69148e-05 0.000483692 0.0114414 0.987997 6.08271e-05 
1.69148e-05 0.000483692 0.0114414 0.987997 6.08271e-05 
0.105263 0.786736 0.0813791 1.17748e-05 0.0266102 
0.593719 0.103069 0.154778 0.0604293 0.0880048 
0.216456 0.24271 0.511242 0.0276705 0.00192137 
0.0140397 0.107907 0.846114 0.0260769 0.00586305 
1.69148e-05 0.000483692 0.0114414 0.987997 6.08271e-05 
0.081993 0.570091 0.323645 0.0152849 0.00898581 
0.000449283 0.00301261 0.977247 0.0173684 0.00192314 
0.00409059 0.070415 0.073853 0.800879 0.0507622 
0.665158 0.133549 0.200345 0.000902973 4.54641e-05 
0.291682 0.636567 0.0714926 0.00025516 3.47091e-06 
0.0071147 0.109359 0.828824 0.0118773 0.0428249 
0.0310679 0.135678 0.798302 0.0340271 0.000925375 
0.231982 0.297529 0.432218 0.000665306 0.0376055 
0.00052748 0.0429895 0.941385 0.00967212 0.00542615 
0.0863266 0.37423 0.536161 0.000243252 0.00303948 
1.69148e-05 0.000483692 0.0114414 0.987997 6.08271e-05 
1.69148e-05 0.000483692 0.0114414 0.987997 6.08271e-05 
0.0304104 0.0827493 0.874773 0.00806981 0.00399776 
0.0638993 0.844799 0.0902908 0.00101069 5.47902e-08 
1.69148e-05 0.000483692 0.0114414 0.987997 6.08271e-05 
0.00576026 0.0790727 0.889728 0.00205494 0.0233838 
0.00180683 0.00188777 0.996289 1.05942e-08 1.66431e-05 
0.0250895 0.0702168 0.902603 0.000103627 0.00198732 
0.0528085 0.0343349 0.878121 0.000786561 0.0339495 
0.0216195 0.0506953 0.246223 0.671413 0.0100492 
0.00806418 0.212924 0.601477 0.0318275 0.145707 
0.00414441 0.0566881 0.938109 0.000112996 0.000945032 
0.000285846 0.000263532 0.99907 0.000263341 0.000117197 
0.0061972 0.00155037 0.990731 0.000637753 0.000884055 
0.00773454 0.239102 0.680757 0.0191949 0.0532113 
0.00138498 0.0489866 0.887997 0.0609068 0.000724253 
0.00757896 0.0163993 0.974882 5.43123e-05 0.00108579 
0.199987 0.200015 0.200022 0.199981 0.199995 
0.0353021 0.260647 0.662368 0.000364556 0.0413187 
0.00356877 0.102242 0.878568 0.00879964 0.00682199 
0.0241464 0.136954 0.775989 0.0605857 0.00232415 
0.0238844 0.0972659 0.876569 0.000129446 0.00215101 
0.0012081 0.455153 0.483573 0.0112129 0.0488527 
0.929969 0.0504715 0.0176336 0.00192623 3.55409e-08 
0.00479901 0.182559 0.810841 5.47399e-05 0.00174575 
1.69148e-05 0.000483692 0.0114414 0.987997 6.08271e-05 
0.909061 1.6155e-05 0.0908646 5.79923e-05 8.74312e-08 
0.00664461 0.165733 0.795744 0.0103893 0.0214896 
0.0100545 0.198547 0.787166 7.00059e-05 0.00416212 
0.0485254 0.0372644 0.874902 0.00866835 0.0306402 
0.16917 0.749673 0.0781149 0.000630553 0.00241217 
0.000206058 0.930187 0.068228 5.15801e-12 0.00137879 
0.0041684 0.217445 0.774377 0.00224918 0.00176031 
0.0396992 0.150048 0.746402 0.0502207 0.0136301 
0.293821 0.358804 0.310841 0.00771977 0.0288134 
0.161269 0.0980524 0.736195 4.78948e-05 0.0044352 
3.91414e-12 0.0342094 0.96579 4.48542e-12 2.45837e-07 
0.0072063 0.366211 0.603091 9.18308e-05 0.0233993 
0.0122127 0.133972 0.822409 0.00499311 0.0264137 
1.69148e-05 0.000483692 0.0114414 0.987997 6.08271e-05 
0.235923 0.286347 0.46983 0.005038 0.00286232 
0.0124826 0.122963 0.824006 0.000813812 0.0397345 
0.00803411 0.217974 0.755497 0.000970396 0.0175238 
0.129046 0.0372888 0.689385 0.144276 3.45448e-06 
0.0188733 0.00194742 0.0199776 0.959174 2.80752e-05 
1.69148e-05 0.000483692 0.0114414 0.987997 6.08271e-05 
0.0358948 0.00295593 0.946201 0.00943567 0.00551257 
0.00824554 0.273559 0.684314 0.00130031 0.0325809 
1.69148e-05 0.000483692 0.0114414 0.987997 6.08271e-05 
0.000966762 0.39126 0.451493 0.000106352 0.156174 
0.497965 0.124778 0.36515 0.0013485 0.0107586 
0.00158948 0.000246359 0.132108 0.866048 8.10929e-06 
0.000616906 0.259032 0.704538 0.000313138 0.0354997 
0.232403 0.0158969 0.751694 2.70767e-07 6.41569e-06 
0.0127886 0.0503015 0.913143 7.10601e-05 0.0236961 
3.91396e-07 0.0657735 0.914263 6.31604e-08 0.019963 
0.00431168 0.0091464 0.986354 2.47874e-05 0.000163281 
0.0139258 0.012394 0.970724 0.00232562 0.000630771 
0.0504969 0.0690996 0.873712 0.00447682 0.00221456 
1.69148e-05 0.000483692 0.0114414 0.987997 6.08271e-05 
0.998002 8.96616e-05 0.000490595 0.00130919 0.000108079 
0.0541402 0.276633 0.600353 0.0309783 0.0378946 
0.0622752 0.0777412 0.851025 0.000527559 0.00843072 
0.433445 0.0914995 0.449997 0.0206651 0.00439354 
0.00148332 0.0120779 0.922873 0.0518488 0.0117174 
0.000559062 0.0331078 0.965951 7.98181e-06 0.000373891 
0.00118452 0.0988035 0.881777 4.39321e-05 0.0181914 
0.00821787 0.387431 0.538706 1.67755e-07 0.0656453 
0.0308037 0.536719 0.422518 0.000382177 0.00957715 
0.136128 0.204485 0.639965 0.00147752 0.0179448 
1.69148e-05 0.000483692 0.0114414 0.987997 6.08271e-05 
0.761868 0.0339828 0.19206 0.00248316 0.0096061 
2.85427e-05 0.30614 0.372088 0.0583543 0.26339 
0.0139352 0.336174 0.542177 0.00238731 0.105327 
0.00674332 0.393597 0.596386 9.58051e-06 0.00326335 
0.00144239 0.131229 0.799136 9.20198e-05 0.0681008 
0.318548 0.206526 0.459429 0.00533055 0.0101664 
1.69148e-05 0.000483692 0.0114414 0.987997 6.08271e-05 
0.000526615 0.930896 0.0685761 6.97532e-08 9.18771e-07 
0.000167724 0.00506038 0.993373 4.47173e-05 0.00135417 
0.00272956 0.0275629 0.199011 0.770371 0.000325881 
1.69148e-05 0.000483692 0.0114414 0.987997 6.08271e-05 
0.000144155 0.0707173 0.873457 3.95744e-05 0.055642 
0.000852143 0.0636282 0.891257 0.0224819 0.0217812 
0.778037 0.0353744 0.186016 0.000115853 0.00045674 
0.133549 0.583356 0.280851 0.000522953 0.0017205 
0.232339 0.00990871 0.661484 0.0927368 0.00353214 
0.21311 0.526822 0.22556 0.0111401 0.0233676 
0.0123344 0.0490867 0.916139 0.0220042 0.000435357 
0.00473236 0.950608 0.0205998 0.0164199 0.00763987 
0.00820222 0.0354733 0.950305 0.00143174 0.00458744 
1.69148e-05 0.000483692 0.0114414 0.987997 6.08271e-05 
3.197e-08 0.999846 9.50217e-05 2.51178e-08 5.86724e-05 
1.69148e-05 0.000483692 0.0114414 0.987997 6.08271e-05 
0.00190927 0.122863 0.810063 0.00543763 0.0597275 
0.122625 0.358587 0.513194 0.00109852 0.00449496 
0.998271 1.15482e-05 0.000428847 0.00128592 2.67447e-06 
0.0402548 0.0866053 0.867987 1.45924e-09 0.0051525 
1.69148e-05 0.000483692 0.0114414 0.987997 6.08271e-05 
0.00326226 0.0946189 0.881336 0.0028252 0.0179572 
0.00112526 0.177576 0.75577 3.77047e-05 0.0654912 
0.0541313 0.302518 0.643323 1.97386e-06 2.59632e-05 
0.0593879 0.624863 0.218572 6.23489e-06 0.0971707 
0.403183 0.236486 0.348565 2.32538e-05 0.0117428 
0.142363 0.116676 0.740406 0.000146837 0.000408114 
0.186602 0.725594 0.0868606 0.000357424 0.0005859 
0.0761767 0.100161 0.782304 0.0160752 0.0252835 
0.00328696 0.0478851 0.923094 0.00559448 0.0201396 
1.69148e-05 0.000483692 0.0114414 0.987997 6.08271e-05 
0.000559062 0.0331078 0.965951 7.98181e-06 0.000373891 
0.0364077 0.403798 0.50973 0.00988135 0.0401825 
1.03757e-05 0.0367563 0.959825 9.92297e-07 0.00340745 
0.00684169 0.0215534 0.971418 1.38e-05 0.00017299 
0.00712922 0.0262605 0.940163 0.000799239 0.0256482 
0.641448 0.0476038 0.25924 0.0244581 0.0272507 
1.69148e-05 0.000483692 0.0114414 0.987997 6.08271e-05 
1.69148e-05 0.000483692 0.0114414 0.987997 6.08271e-05 
0.548245 0.00531702 0.362419 0.0838868 0.000132398 
0.00524955 0.0159709 0.978049 0.000321297 0.000409327 
0.00309534 0.183078 0.212341 0.548801 0.0526842 
0.0155255 0.0480213 0.92797 0.000150406 0.00833274 
0.812457 0.000973917 0.186566 1.60006e-06 1.52378e-06 
0.998002 8.96616e-05 0.000490595 0.00130919 0.000108079 
0.0114686 0.731415 0.193731 0.000412561 0.0629737 
0.623489 0.0134642 0.358974 0.0036211 0.000451825 
0.00124107 0.136345 0.859982 0.000629389 0.00180193 
0.000246593 0.0982583 0.898487 0.000124715 0.00288363 
0.0543998 0.434997 0.466744 0.00494242 0.0389166 
8.74725e-05 0.0246003 0.973757 0.000279948 0.0012754 
1.69148e-05 0.000483692 0.0114414 0.987997 6.08271e-05 
0.00473236 0.950608 0.0205998 0.0164199 0.00763987 
0.00811482 0.0670324 0.900849 0.00256223 0.0214412 
0.00133837 0.0143639 0.940185 0.0424599 0.00165326 
0.0421575 0.53556 0.216548 3.34232e-07 0.205734 
0.000691887 0.000244062 0.998164 0.000900315 1.08225e-07 
0.00765807 0.653616 0.328341 7.69236e-05 0.0103074 
2.13448e-05 0.175903 0.821285 1.21572e-05 0.00277863 
0.000954044 0.82118 0.147951 4.79875e-05 0.0298665 
0.00551836 0.935825 0.0577618 0.000894385 1.75863e-07 
0.00783925 0.511996 0.430296 6.02956e-07 0.0498685 
0.0389945 0.0970933 0.831326 6.23212e-05 0.0325241 
0.289462 0.110662 0.564618 0.00117772 0.03408 
0.0223792 0.0495493 0.925945 3.96601e-05 0.00208686 
0.645862 0.104594 0.219641 4.49617e-05 0.0298583 
0.0208739 0.393108 0.475903 0.012059 0.0980554 
9.67652e-07 0.133486 0.660913 0.205596 4.29114e-06 
0.0310945 0.827754 0.115518 4.08492e-07 0.0256331 
0.0340893 0.579331 0.272679 0.110404 0.00349599 
0.000943334 0.601085 0.25197 4.22825e-07 0.146 
1.92461e-05 0.000556088 0.012601 0.986746 7.72327e-05 
0.070543 0.0386362 0.856187 0.011235 0.0233984 
0.387449 0.0238676 0.547512 0.0268938 0.0142771 
0.0211166 0.0539445 0.736708 0.186701 0.00152919 
0.0162279 0.62696 0.337499 0.000680691 0.0186323 
0.0325035 0.0504067 0.885743 0.000447611 0.0308995 
0.0779156 0.206371 0.696306 0.000496073 0.0189116 
0.18048 0.683354 0.108103 0.000694864 0.0273687 
0.616012 0.202988 0.135749 0.000190841 0.04506 
0.159093 0.577992 0.261095 0.00121417 0.000606386 
4.59392e-05 0.989885 5.79104e-05 0.00963108 0.000380049 
0.00759586 0.112707 0.81963 5.56694e-05 0.0600111 
0.111202 0.571336 0.269682 0.0450125 0.00276759 
0.733478 0.191276 0.0670586 2.24042e-05 0.00816432 
0.151095 0.305919 0.532632 0.000351067 0.0100034 
0.667597 0.219892 0.102822 0.000710278 0.00897902 
0.000106529 0.0549447 0.942142 0.00190845 0.000897888 
0.0299585 0.0222305 0.113463 0.814557 0.0197911 
0.00552138 0.0680674 0.890075 0.0134372 0.0228985 
0.011307 0.979526 0.00908027 2.29368e-06 8.42719e-05 
0.913262 0.0535517 0.0286368 0.00345578 0.00109367 
0.0132868 0.0890813 0.877781 0.000569559 0.0192818 
0.786077 0.0376717 0.149394 0.0267723 8.49954e-05 
1.69148e-05 0.000483692 0.0114414 0.987997 6.08271e-05 
0.0371132 0.0732941 0.869394 0.0092029 0.0109953 
3.197e-08 0.999846 9.50217e-05 2.51178e-08 5.86724e-05 
0.0382509 0.0553864 0.871608 0.0203905 0.0143643 
0.00280271 0.0328105 0.908678 0.0444871 0.0112215 
0.0144467 0.0670325 0.896506 0.00420233 0.0178127 
0.415673 0.00798658 0.576261 5.96485e-05 1.9773e-05 
7.8717e-06 0.198798 0.764506 7.2697e-06 0.0366803 
0.000650687 0.0804407 0.844973 0.00797435 0.0659613 
0.00190382 0.338991 0.658969 1.58091e-08 0.000136594 
0.519899 0.0154663 0.437545 0.0223541 0.00473546 
0.00241932 0.688032 0.256831 0.0178248 0.0348925 
0.00794135 0.870931 0.107681 0.0115924 0.00185388 
0.00294989 0.0789269 0.872544 2.20984e-05 0.045557 
0.00820506 0.0941987 0.848479 0.0032964 0.0458207 
1.69148e-05 0.000483692 0.0114414 0.987997 6.08271e-05 
0.0271857 0.00121714 0.902181 0.0694028 1.28549e-05 
9.83109e-07 0.162622 0.832937 0.000217353 0.00422239 
1.69148e-05 0.000483692 0.0114414 0.987997 6.08271e-05 
0.00451863 0.0186618 0.884482 0.0914131 0.000924302 
0.151218 0.203262 0.631817 0.000433383 0.0132695 
1.69148e-05 0.000483692 0.0114414 0.987997 6.08271e-05 
0.0654594 0.475219 0.453099 0.00357173 0.00265057 
0.00292938 0.102284 0.879321 0.0133876 0.00207817 
0.00473236 0.950608 0.0205998 0.0164199 0.00763987 
0.0525948 0.281462 0.460338 0.144731 0.0608744 
0.0321313 0.0247972 0.904712 0.0368566 0.00150291 
0.0278286 0.647873 0.196655 0.00262797 0.125015 
0.382066 0.228193 0.321735 0.000523762 0.0674822 
0.0566937 0.132153 0.697749 0.070933 0.0424719 
0.000915279 0.0351218 0.916413 0.0369885 0.0105618 
0.0675337 0.164413 0.615862 0.1429 0.00929095 
3.80965e-05 0.0169625 0.98288 1.79864e-05 0.000101543 
1.69148e-05 0.000483692 0.0114414 0.987997 6.08271e-05 
0.59909 0.0300531 0.368819 0.00191667 0.000120589 
0.378647 0.240488 0.370668 0.00153459 0.00866226 
0.723879 0.00755953 0.267948 4.38839e-05 0.000569157 
0.0082384 0.101207 0.884757 0.00198178 0.00381549 
0.00350392 0.156844 0.827295 0.00194598 0.0104105 
0.408276 0.0118409 0.571524 0.000697306 0.00766169 
0.00792286 0.0373416 0.950785 0.000122635 0.00382769 
0.000851068 0.0440264 0.157182 0.715388 0.0825526 
0.00377176 0.024505 0.758879 0.181715 0.03113 
0.350016 0.0338703 0.610193 0.00320081 0.00271937 
0.00679986 0.118662 0.806794 0.032994 0.0347503 
0.00171298 0.106226 0.792571 0.0638043 0.0356857 
0.000482956 0.0255484 0.950938 0.0173244 0.00570578 
0.0044726 0.475327 0.41523 0.00130415 0.103665 
0.0299585 0.0222305 0.113463 0.814557 0.0197911 
0.652641 0.0502373 0.292016 0.000353899 0.00475189 
0.0157246 0.0450752 0.912754 0.00287331 0.0235725 
0.00170949 0.0300121 0.946301 2.92647e-07 0.0219773 
0.00238676 0.0291273 0.869063 0.0972644 0.00215824 
0.0628961 0.10436 0.771644 0.000261607 0.0608388 
0.0260518 0.0241454 0.940467 6.39891e-05 0.00927144 
0.094295 0.237484 0.634791 0.0234881 0.00994225 
1.69148e-05 0.000483692 0.0114414 0.987997 6.08271e-05 
0.00436674 0.692172 0.278237 0.00240381 0.0228206 
0.356744 0.324401 0.316274 0.00227196 0.000308524 
0.24992 0.618025 0.130495 0.00121123 0.000349124 
0.000358775 0.0310016 0.963787 0.000182354 0.00467016 
0.0159027 0.018274 0.895333 0.0698222 0.00066845 
0.000258327 0.94293 0.0440202 8.83248e-05 0.0127035 
0.00233227 0.996436 0.000371644 2.03043e-05 0.000839777 
0.0145322 0.156456 0.812777 0.012195 0.00403939 
8.97484e-08 0.0013124 0.998687 1.02847e-07 7.10819e-08 
0.794737 0.0184507 0.183516 0.000321365 0.00297401 
0.0944608 0.239143 0.644057 0.0117348 0.0106043 
0.260602 0.0226812 0.69331 0.00962891 0.0137778 
1.69148e-05 0.000483692 0.0114414 0.987997 6.08271e-05 
0.0139648 0.0930146 0.857228 0.000763286 0.0350293 
0.0621086 0.3742 0.532336 0.00219588 0.0291599 
0.0509673 0.413358 0.52343 0.00122737 0.0110176 
0.0119568 0.628455 0.313582 0.000611549 0.0453956 
9.5514e-05 0.255822 0.743116 0.000106434 0.000860516 
0.000880372 0.261757 0.670371 0.0506374 0.016354 
0.496093 0.232797 0.266293 0.00409643 0.000720632 
0.0120512 0.183369 0.711819 0.00399313 0.0887681 
0.176146 0.309874 0.47612 0.0183375 0.0195221 
0.00273165 0.0275758 0.967404 0.000270794 0.00201801 
0.986775 0.0021911 0.00906466 0.000344218 0.00162501 
0.886927 0.103955 6.41424e-05 0.00904621 7.37773e-06 
0.00714044 0.0964618 0.882984 0.00195955 0.0114539 
0.0308865 0.0668284 0.880368 0.00362066 0.0182962 
0.117935 0.216875 0.633618 0.00663509 0.0249368 
0.00105039 0.354002 0.638589 0.0001502 0.00620891 
1.69148e-05 0.000483692 0.0114414 0.987997 6.08271e-05 
0.889102 0.007785 0.103107 2.60702e-08 5.95286e-06 
0.0036123 0.00907909 0.985674 0.000258532 0.00137592 
0.0123985 0.022386 0.944652 0.0054368 0.0151267 
0.067863 0.0468366 0.863296 0.00170725 0.0202968 
0.011971 0.767993 0.214567 2.90098e-06 0.00546581 
0.0267881 0.0211912 0.718282 0.233621 0.000118164 
1.69148e-05 0.000483692 0.0114414 0.987997 6.08271e-05 
1.69148e-05 0.000483692 0.0114414 0.987997 6.08271e-05 
4.59392e-05 0.989885 5.79104e-05 0.00963108 0.000380049 
1.69148e-05 0.000483692 0.0114414 0.987997 6.08271e-05 
0.716488 0.0309744 0.150777 0.00875065 0.0930096 
0.460318 0.147646 0.387199 0.00121731 0.00361993 
0.639925 0.0823126 0.269139 0.000932155 0.0076917 
0.000606059 0.0678422 0.931354 6.76122e-07 0.000196967 
0.913582 0.00702131 0.0750035 0.00394323 0.000450174 
0.275755 0.26087 0.307766 0.0593102 0.0962991 
1.69148e-05 0.000483692 0.0114414 0.987997 6.08271e-05 
0.000457941 0.0235402 0.970397 0.000124127 0.0054807 
1.69148e-05 0.000483692 0.0114414 0.987997 6.08271e-05 
2.64052e-06 0.0437056 0.949548 4.00435e-07 0.00674329 
0.061228 0.207805 0.72339 4.25499e-05 0.00753465 
0.32894 0.0189797 0.648233 0.00168268 0.00216521 
0.294557 0.192376 0.510028 0.00294451 9.43068e-05 
0.0720374 0.838875 0.0744939 0.000282819 0.0143111 
0.0311224 0.578882 0.364708 0.0147304 0.0105577 
0.00307729 0.0355624 0.898188 0.0568764 0.00629556 
0.00321389 0.180191 0.81537 0.000372043 0.000853038 
0.151369 0.0771705 0.768131 0.00136705 0.00196267 
0.000187473 0.0192903 0.951755 0.0280398 0.000727899 
1.69148e-05 0.000483692 0.0114414 0.987997 6.08271e-05 
0.0130865 0.194237 0.602646 0.11649 0.0735412 
1.69148e-05 0.000483692 0.0114414 0.987997 6.08271e-05 
4.7816e-10 0.00898652 0.990792 1.14094e-06 0.000219904 
0.000999446 0.0248978 0.812403 0.147744 0.0139565 
0.00177395 0.0373244 0.957564 0.00315248 0.000185504 
0.00217994 0.0382254 0.955419 0.00148084 0.0026953 
1.69148e-05 0.000483692 0.0114414 0.987997 6.08271e-05 
0.00805166 0.0655364 0.902313 0.00365663 0.0204424 
0.000981101 0.099793 0.126201 0.737872 0.0351525 
0.00740153 0.0868057 0.550026 0.343873 0.0118938 
0.0012653 0.0223435 0.948401 0.0272407 0.000750023 
7.68424e-05 0.939239 0.0514039 3.27701e-05 0.0092474 
0.000710284 0.125567 0.866339 0.000372751 0.00701134 
0.0254121 0.650842 0.311602 0.0121443 1.47655e-07 
0.254297 0.0629788 0.667458 0.00383781 0.0114286 
0.000360228 0.135327 0.862428 7.32696e-09 0.00188458 
1.69148e-05 0.000483692 0.0114414 0.987997 6.08271e-05 
0.000766738 0.448543 0.350857 0.197934 0.00189972 
0.000589461 0.0938255 0.818819 0.0396067 0.047159 
0.0176458 0.039576 0.830638 0.0996753 0.0124651 
0.14247 0.0202362 0.829364 0.000841697 0.00708802 
0.0259737 0.670891 0.302948 1.63721e-05 0.000170523 
0.00203553 0.176048 0.780443 0.00206289 0.0394108 
0.00114575 0.560586 0.365224 0.00142043 0.0716233 
0.0309678 0.0235051 0.944989 0.000532509 5.58889e-06 
0.00205045 0.0258882 0.970965 0.00018646 0.00091035 
0.00473236 0.950608 0.0205998 0.0164199 0.00763987 
0.00564127 0.089245 0.840418 0.000392892 0.064303 
0.952383 0.0460364 0.00137842 0.000175819 2.68074e-05 
0.00108153 0.505734 0.382987 0.0662121 0.043985 
0.00762776 0.762789 0.224577 0.00048591 0.00452072 
0.00190371 0.958076 0.0339041 0.000275857 0.00584044 
0.00399332 0.00181763 0.99414 2.66479e-05 2.2606e-05 
0.0497773 0.660402 0.285524 0.000415766 0.00388139 
0.549475 0.257481 0.177442 0.000837659 0.0147638 
0.0290313 0.834191 0.13081 4.49833e-05 0.00592274 
1.69148e-05 0.000483692 0.0114414 0.987997 6.08271e-05 
0.00331873 0.905857 0.0850399 6.54219e-07 0.0057836 
0.0140155 0.367721 0.414429 0.203688 0.000146363 
0.015701 0.206472 0.689344 0.00399962 0.0844832 
0.998271 1.15482e-05 0.000428847 0.00128592 2.67447e-06 
0.000230756 0.0293181 0.962295 0.000166789 0.00798886 
0.091908 0.299972 0.590916 0.00121819 0.0159865 
0.242278 0.134808 0.62077 4.10839e-05 0.00210237 
3.65399e-05 0.991821 0.00742716 0.000177613 0.000537393 
0.0508043 0.589542 0.351132 2.73726e-08 0.00852254 
1.69148e-05 0.000483692 0.0114414 0.987997 6.08271e-05 
0.95238 0.00155036 0.0293142 0.00255178 0.0142036 
0.291337 0.00167677 0.706841 0.000144504 1.22381e-06 
0.0129776 0.437898 0.543316 0.000528946 0.00527984 
0.95238 0.00155036 0.0293142 0.00255178 0.0142036 
0.00473236 0.950608 0.0205998 0.0164199 0.00763987 
1.69148e-05 0.000483692 0.0114414 0.987997 6.08271e-05 
0.000264915 0.91404 0.0851851 4.66782e-12 0.000509882 
0.108989 0.0683422 0.822326 0.000238976 0.000103073 
0.13614 0.235765 0.537504 0.00766961 0.0829211 
1.69148e-05 0.000483692 0.0114414 0.987997 6.08271e-05 
0.00606271 0.00134151 0.992571 1.30027e-05 1.16423e-05 
0.223532 0.0482112 0.275171 0.452878 0.000207626 
0.0214425 0.385199 0.443349 0.00911684 0.140893 
0.00890438 0.156196 0.83467 3.16341e-07 0.000229263 
0.010344 0.220857 0.756613 0.000705423 0.0114814 
1.69148e-05 0.000483692 0.0114414 0.987997 6.08271e-05 
0.0172185 0.0731409 0.857423 0.00150435 0.0507131 
0.998002 8.96616e-05 0.000490595 0.00130919 0.000108079 
0.000277364 0.792868 0.19671 2.8715e-08 0.0101445 
0.00415308 0.0820413 0.896906 0.00737804 0.00952129 
0.0295679 0.242514 0.678199 0.000354913 0.0493642 
0.515254 0.0811684 0.384765 0.000145237 0.018668 
0.116906 0.103372 0.744747 0.00363416 0.0313413 
0.733478 0.191276 0.0670586 2.24042e-05 0.00816432 
0.00783316 0.393484 0.592814 0.00083953 0.00502969 
0.00985147 0.458667 0.528076 9.43337e-05 0.00331138 
0.0329782 0.141688 0.788875 0.0270886 0.00936962 
1.69148e-05 0.000483692 0.0114414 0.987997 6.08271e-05 
0.998002 8.96616e-05 0.000490595 0.00130919 0.000108079 
0.155187 0.710919 0.114569 0.00672559 0.0125989 
0.277504 0.214009 0.448484 3.13859e-05 0.0599714 
0.000258327 0.94293 0.0440202 8.83248e-05 0.0127035 
0.0326583 0.118137 0.456164 0.332137 0.0609033 
0.0259555 0.0335029 0.837292 0.0887945 0.0144557 
0.000226711 0.771635 0.225516 1.03577e-06 0.00262201 
0.222655 0.1138 0.0388918 0.62347 0.00118383 
0.315904 0.199199 0.483702 0.000357848 0.000836631 
0.00853012 0.0742667 0.886782 0.00561468 0.0248068 
0.0549766 0.210067 0.732298 0.000263226 0.00239532 
0.00506198 0.110297 0.873715 0.00105584 0.00986953 
0.0025601 0.0755283 0.894199 0.000464445 0.0272478 
0.545203 0.201287 0.253424 5.238e-07 8.53544e-05 
1.69148e-05 0.000483692 0.0114414 0.987997 6.08271e-05 
0.00647141 0.137708 0.731784 0.099575 0.0244621 
1.69148e-05 0.000483692 0.0114414 0.987997 6.08271e-05 
0.0513761 0.00967279 0.931316 0.00708378 0.000551514 
0.0967883 0.0477267 0.827563 0.00127407 0.0266479 
0.0291085 0.0545275 0.911834 7.93592e-05 0.00445039 
0.01363 0.0182096 0.900895 0.0406925 0.0265727 
0.00163974 0.064861 0.0502519 0.833161 0.0500867 
0.262586 0.0369868 0.455646 0.240691 0.00409056 
0.0219779 0.158947 0.77121 0.0451356 0.0027294 
0.070922 0.374767 0.552342 0.00188095 8.81626e-05 
0.013749 0.0217025 0.90801 0.0557315 0.000806751 
0.0127077 0.122171 0.843804 0.000236218 0.0210817 
0.00684416 0.0233189 0.957782 0.00317587 0.00887942 
0.199987 0.200015 0.200022 0.199981 0.199995 
0.0223948 0.0506105 0.917026 0.000826101 0.0091426 
0.0051048 0.275092 0.698341 0.00237133 0.0190899 
0.0479763 0.106569 0.749536 0.088225 0.00769278 
0.00814199 0.124842 0.838549 0.0255283 0.00293838 
0.678331 0.254501 0.0671389 2.09944e-05 8.25899e-06 
0.0434552 0.371829 0.576188 1.07489e-05 0.00851678 
0.24404 0.217734 0.490856 0.00921518 0.0381552 
0.417582 0.135262 0.416841 0.0181955 0.0121191 
0.999175 6.34823e-06 0.000380484 0.000435395 2.53301e-06 
0.00102787 0.578102 0.340533 2.24232e-06 0.0803349 
0.0103014 0.140906 0.833441 0.00246611 0.0128859 
0.00085177 0.0952703 0.856636 0.000167507 0.047075 
0.671929 0.0143512 0.29675 0.00254046 0.0144297 
0.0311236 0.0233508 0.865279 0.0782749 0.00197199 
0.0500833 0.179171 0.748666 0.0127792 0.00930106 
0.000994807 0.414583 0.215098 0.369135 0.000189407 
0.406363 0.00316226 0.587884 0.00248813 0.00010272 
0.00717969 0.0428507 0.915651 0.00468541 0.029633 
0.0375133 0.647715 0.296717 0.00909045 0.00896427 
0.0912463 0.0379553 0.741531 0.11369 0.0155777 
1.69148e-05 0.000483692 0.0114414 0.987997 6.08271e-05 
0.000749599 0.00700115 0.991674 6.43009e-05 0.000510631 
0.496037 0.0530522 0.426364 0.00217269 0.0223747 
1.69148e-05 0.000483692 0.0114414 0.987997 6.08271e-05 
0.00896021 0.0748565 0.787422 0.104666 0.0240954 
3.88379e-06 0.0719247 0.00191277 0.926156 3.07601e-06 
0.0731371 0.0892112 0.81797 0.000264189 0.019417 
1.69148e-05 0.000483692 0.0114414 0.987997 6.08271e-05 
0.00147322 0.0952634 0.899161 0.0038434 0.000258495 
0.79896 0.099899 0.0998752 0.00126166 3.99213e-06 
0.00409059 0.070415 0.073853 0.800879 0.0507622 
0.0288515 0.491928 0.47686 0.000110725 0.00224931 
0.00868037 0.1189 0.831283 0.0234585 0.0176772 
0.959766 0.0060626 0.034063 3.32842e-05 7.5267e-05 
0.738933 0.250639 0.00920328 5.0348e-05 0.00117353 
0.674895 0.163754 0.131152 0.00834437 0.0218539 
6.56267e-08 0.969734 0.0298099 5.46638e-07 0.000455496 
0.00859527 0.146913 0.834108 5.28054e-05 0.010331 
0.767374 0.0489384 0.178358 0.00532929 3.29896e-07 
2.81027e-05 0.0794922 0.907054 3.20754e-05 0.013394 
0.00185848 0.0223533 0.975325 0.000151629 0.000311467 
0.00138498 0.0489866 0.887997 0.0609068 0.000724253 
0.00473236 0.950608 0.0205998 0.0164199 0.00763987 
0.0045358 0.0581904 0.90844 0.006385 0.0224485 
0.000153495 0.0177614 0.978653 1.71225e-06 0.00342989 
0.00131275 0.0165329 0.915168 0.0604956 0.0064902 
0.0184267 0.0903119 0.513079 0.344349 0.0338336 
0.0225696 0.0169356 0.959311 0.00110056 8.2921e-05 
0.0141394 0.00466443 0.974938 0.00416615 0.00209207 
0.0940601 0.533207 0.365908 4.78555e-05 0.00677669 
0.00641533 0.0549868 0.886774 0.0203748 0.031449 
0.00466831 0.0375698 0.919233 0.0129182 0.0256106 
0.0186674 0.0673222 0.911277 0.0002706 0.00246261 
0.00409059 0.070415 0.073853 0.800879 0.0507622 
3.74772e-05 0.024465 0.951928 0.000136009 0.0234331 
1.69148e-05 0.000483692 0.0114414 0.987997 6.08271e-05 
2.95452e-05 0.251953 0.713014 0.000179677 0.0348231 
0.553026 0.372883 0.0656114 0.000396043 0.00808414 
6.73422e-05 0.093829 0.905663 0.000226217 0.000214694 
0.184091 0.0208098 0.795097 7.15254e-11 1.46824e-06 
0.000848593 0.00687179 0.991139 0.000510595 0.000629624 
0.000336573 0.00331703 0.0393648 0.953335 0.00364687 
0.0916387 0.487108 0.285468 0.0161309 0.119655 
1.69148e-05 0.000483692 0.0114414 0.987997 6.08271e-05 
0.00180856 0.592085 0.401797 0.000205156 0.00410421 
0.313428 0.208188 0.451251 0.00185132 0.0252819 
0.0185071 0.212303 0.755519 0.000334577 0.0133367 
0.0016883 0.0369073 0.934406 0.0254278 0.00157111 
0.00634147 0.123455 0.797974 0.0190339 0.0531959 
0.562568 0.0325773 0.404745 8.66437e-05 2.28093e-05 
0.000955765 0.112679 0.857929 0.00429723 0.0241391 
1.69148e-05 0.000483692 0.0114414 0.987997 6.08271e-05 
0.00160369 0.787791 0.149381 0.000247932 0.0609757 
0.100526 0.0405155 0.628521 0.229552 0.000885347 
0.0468877 0.0811075 0.853243 0.00576253 0.0129994 
0.019088 0.0288148 0.947035 0.00503692 2.56908e-05 
0.00301021 0.000257881 0.995232 9.40276e-08 0.0015001 
0.00770027 0.0266697 0.952701 0.0015845 0.0113449 
1.69148e-05 0.000483692 0.0114414 0.987997 6.08271e-05 
0.000181448 0.0186063 0.966095 4.82816e-05 0.0150694 
0.686229 0.0306964 0.234932 0.00256064 0.0455826 
0.000873427 0.0547805 0.932009 0.0037605 0.00857617 
0.998002 8.96616e-05 0.000490595 0.00130919 0.000108079 
0.496715 0.189967 0.287778 0.0252486 0.000291548 
0.223123 0.00538991 0.0809134 0.681645 0.00892904 
0.000187473 0.0192903 0.951755 0.0280398 0.000727899 
0.0759196 0.3546 0.566736 0.00181432 0.00093072 
0.0348549 0.134324 0.816952 0.00658515 0.00728402 
0.0603532 0.909759 0.0294164 6.81539e-05 0.00040352 
0.0994779 0.411865 0.480832 0.000561036 0.00726318 
0.00138498 0.0489866 0.887997 0.0609068 0.000724253 
0.998002 8.96616e-05 0.000490595 0.00130919 0.000108079 
0.000187473 0.0192903 0.951755 0.0280398 0.000727899 
0.831337 0.0584846 0.0921833 0.000134785 0.0178598 
0.0655264 0.0606356 0.402703 0.469272 0.00186266 
1.69148e-05 0.000483692 0.0114414 0.987997 6.08271e-05 
0.0604674 0.114943 0.821423 0.000624534 0.00254151 
0.0018921 0.0145954 0.972725 0.00147478 0.00931286 
0.37376 0.0630587 0.550829 0.00076486 0.0115875 
0.00812309 0.0480046 0.885329 0.0285442 0.0299995 
0.000658912 0.0556677 0.943587 2.2227e-05 6.42384e-05 
0.999941 7.8e-06 2.96359e-06 2.83628e-05 1.96026e-05 
0.000591016 0.197319 0.746551 0.012952 0.0425873 
0.00767229 0.160778 0.821823 2.22334e-05 0.00970469 
0.00280353 0.109427 0.887353 0.000412995 3.11141e-06 
0.00354723 0.269698 0.677196 0.00257256 0.0469859 
0.00170758 0.112792 0.876391 7.77756e-05 0.00903142 
0.0295009 0.505718 0.463373 0.00138888 1.90821e-05 
0.0296026 0.16333 0.770909 0.000115417 0.0360424 
0.539347 0.334839 0.0868095 9.15628e-06 0.0389953 
0.00271679 0.134763 0.846737 4.02279e-05 0.0157431 
0.000619331 0.0121067 0.964967 0.0219777 0.000329338 
0.0362059 0.571896 0.391557 1.9248e-05 0.000322273 
1.69148e-05 0.000483692 0.0114414 0.987997 6.08271e-05 
0.063679 0.192969 0.740735 0.000291875 0.00232517 
0.0706934 0.0619112 0.845787 4.70354e-05 0.021561 
0.0108157 0.0957498 0.872036 0.000194517 0.0212036 
0.00384488 0.132663 0.842839 0.00107139 0.0195816 
1.69148e-05 0.000483692 0.0114414 0.987997 6.08271e-05 
0.966338 0.00606522 0.0174553 0.000163224 0.00997866 
0.0483537 0.149728 0.737108 0.0315967 0.0332134 
0.0270069 0.0286464 0.934472 0.00259945 0.00727488 
0.215829 0.14942 0.537171 0.00121764 0.0963633 
0.100716 0.367938 0.467745 0.000284608 0.0633154 
0.0175017 3.05921e-06 0.0358782 0.946616 8.82035e-07 
0.991071 0.00423008 0.000810631 0.00388822 8.9164e-09 
0.0769073 0.0853636 0.465449 0.371634 0.000645624 
0.0161638 0.0510176 0.878033 0.0439825 0.0108034 
0.299578 0.0794948 0.608763 0.00251644 0.00964817 
0.0284957 0.484529 0.48324 6.45789e-05 0.00367131 
0.00105039 0.354002 0.638589 0.0001502 0.00620891 
0.00413534 0.060967 0.934632 1.01194e-07 0.000265207 
1.69148e-05 0.000483692 0.0114414 0.987997 6.08271e-05 
0.00415384 0.220861 0.637453 0.00114636 0.136386 
0.00217726 0.468145 0.161075 0.344276 0.0243265 
0.00463882 0.117001 0.807456 4.47456e-05 0.0708594 
0.0120884 0.198067 0.745344 0.0300809 0.0144196 
0.193608 0.110942 0.691823 0.00150494 0.00212207 
0.232076 0.331508 0.309239 0.0757408 0.0514368 
0.000298663 0.00308065 0.995483 0.000204033 0.00093317 
0.00224055 0.0700715 0.896772 6.61806e-05 0.0308495 
0.00418978 0.888012 0.0737541 0.000182675 0.0338615 
0.00842181 0.00615093 0.985191 0.00023647 2.80111e-08 
0.00547515 0.488131 0.484782 0.00151035 0.0201009 
0.111046 0.0535269 0.801865 0.0265063 0.00705586 
0.000374186 0.00416773 0.991469 0.00369158 0.000297807 
0.0958899 0.067483 0.733858 0.0732093 0.0295593 
0.00377699 0.148163 0.836168 0.00010189 0.0117898 
0.00699821 0.448688 0.467807 0.0024058 0.0741003 
1.69148e-05 0.000483692 0.0114414 0.987997 6.08271e-05 
0.155608 0.109717 0.710631 0.00175084 0.022294 
0.00209084 0.924601 0.0709876 0.00145373 0.000867061 
0.272025 0.462141 0.260065 0.002866 0.00290314 
0.0117597 0.00782038 0.976681 0.00150728 0.00223132 
0.00882614 0.117925 0.869854 4.26903e-05 0.00335194 
1.69148e-05 0.000483692 0.0114414 0.987997 6.08271e-05 
0.168779 0.00480326 0.792536 0.029885 0.00399706 
0.0475165 0.0437003 0.907309 0.000868055 0.000606032 
0.000693028 0.793693 0.117407 0.00766244 0.0805438 
0.00223316 0.0761311 0.862588 0.00473286 0.0543152 
6.60784e-06 0.019732 0.978954 3.01437e-05 0.00127744 
0.0614217 0.0479588 0.88952 0.000912723 0.000186521 
0.027657 0.148954 0.806751 0.00028265 0.0163549 
0.619746 0.0548536 0.319483 0.00490733 0.00101041 
0.0199348 0.189084 0.757306 0.000671224 0.0330043 
0.0026258 0.019822 0.977188 2.23856e-07 0.000364037 
0.0904898 0.154143 0.43602 0.318518 0.00082925 
0.0145411 0.575041 0.355311 0.0489788 0.00612757 
0.00241146 0.290831 0.689549 0.000119243 0.0170897 
8.39323e-05 0.935829 0.0505876 5.00372e-05 0.0134495 
0.00355596 0.103303 0.280121 0.58756 0.025461 
0.000258327 0.94293 0.0440202 8.83248e-05 0.0127035 
0.0027682 0.00536858 0.991265 0.000312054 0.000285977 
1.69148e-05 0.000483692 0.0114414 0.987997 6.08271e-05 
0.000173484 0.0457338 0.940273 0.000181655 0.0136382 
0.991071 0.00423008 0.000810631 0.00388822 8.9164e-09 
0.229526 0.135791 0.604658 0.00226138 0.0277635 
0.00736377 0.0752931 0.893389 0.01342 0.0105342 
0.0359373 0.704041 0.245888 0.00107343 0.0130606 
0.0259286 0.0816436 0.886007 0.000230927 0.00618984 
0.0246917 0.315224 0.618138 0.0210733 0.0208728 
0.00209084 0.924601 0.0709876 0.00145373 0.000867061 
1.69148e-05 0.000483692 0.0114414 0.987997 6.08271e-05 
0.00583873 0.0591062 0.934577 8.0118e-05 0.000397666 
0.000132787 0.0578995 0.939594 0.00170659 0.000666794 
1.69148e-05 0.000483692 0.0114414 0.987997 6.08271e-05 
0.000131776 0.0530333 0.902482 0.000191693 0.0441614 
1.69148e-05 0.000483692 0.0114414 0.987997 6.08271e-05 
0.00124895 0.0122358 0.962143 0.017353 0.00701885 
0.0429907 0.213773 0.686298 0.00310723 0.0538311 
0.000899969 0.724786 0.141515 0.13077 0.00202924 
0.0107438 0.0731692 0.843522 0.00546308 0.0671022 
0.0386819 0.695007 0.22541 0.000360981 0.0405404 
0.000173484 0.0457338 0.940273 0.000181655 0.0136382 
0.000492875 0.250141 0.610915 8.90854e-05 0.138362 
0.153311 0.0644984 0.737197 0.038542 0.00645172 
1.69148e-05 0.000483692 0.0114414 0.987997 6.08271e-05 
0.0699882 0.034456 0.830889 0.0341654 0.0305015 
0.00071671 0.0277899 0.0581859 0.873936 0.039372 
0.00717004 0.11471 0.832577 0.0441261 0.00141757 
0.165315 0.496373 0.311604 0.000194492 0.026513 
0.00034966 0.0176614 0.936892 0.0255665 0.01953 
0.0140603 0.0337114 0.916521 0.0271761 0.0085309 
0.00338786 0.0139736 0.982314 3.06111e-06 0.000321468 
0.00375665 0.0494191 0.94031 0.00420175 0.0023123 
1.69148e-05 0.000483692 0.0114414 0.987997 6.08271e-05 
1.69148e-05 0.000483692 0.0114414 0.987997 6.08271e-05 
0.0481355 0.704013 0.174703 0.0731436 5.19315e-06 
0.0211166 0.0539445 0.736708 0.186701 0.00152919 
0.000982765 0.868508 0.119229 6.84234e-07 0.0112787 
0.0123558 0.0336161 0.941444 0.000298218 0.0122857 
0.210276 0.00409364 0.785628 2.75871e-06 7.86382e-08 
1.69148e-05 0.000483692 0.0114414 0.987997 6.08271e-05 
0.436436 0.125154 0.434017 0.00396959 0.000423318 
0.0298737 0.000904614 0.969209 1.28861e-05 1.41817e-08 
1.69148e-05 0.000483692 0.0114414 0.987997 6.08271e-05 
1.00672e-05 0.100202 0.777911 0.121564 0.000313634 
0.0347966 0.60478 0.304553 0.00662316 0.0492478 
1.69148e-05 0.000483692 0.0114414 0.987997 6.08271e-05 
0.015821 0.0623089 0.920021 3.20153e-05 0.00181682 
0.0671092 0.0887594 0.81279 0.0282558 0.00308542 
0.845184 0.0250676 0.125542 0.00412352 8.29663e-05 
0.713475 0.0823461 0.19615 0.00250617 0.00552279 
0.00074602 0.00418227 0.387798 0.573235 0.0340384 
0.0129399 0.0722613 0.886891 0.00441014 0.0234979 
0.00309534 0.183078 0.212341 0.548801 0.0526842 
0.00323926 0.159444 0.0313203 0.752057 0.0539395 
1.69148e-05 0.000483692 0.0114414 0.987997 6.08271e-05 
0.00159363 0.0916993 0.872411 0.000314201 0.0339814 
0.0306885 0.114865 0.852669 0.000225734 0.00155188 
0.0299585 0.0222305 0.113463 0.814557 0.0197911 
0.0974961 0.186189 0.676688 0.00267247 0.0369543 
0.162703 0.384362 0.449368 0.000664316 0.00290322 
0.0153522 0.0271394 0.813747 0.107841 0.0359207 
1.00672e-05 0.100202 0.777911 0.121564 0.000313634 
0.95238 0.00155036 0.0293142 0.00255178 0.0142036 
4.59392e-05 0.989885 5.79104e-05 0.00963108 0.000380049 
0.504108 0.0303067 0.454294 0.00964141 0.00165017 
0.1987 0.12419 0.647147 0.0154926 0.0144702 
0.599935 0.205559 0.148521 0.0440108 0.0019739 
0.00096919 0.962246 0.0359177 0.000254976 0.000611691 
0.00473236 0.950608 0.0205998 0.0164199 0.00763987 
