0.0209038 0.0691374 0.875683 0.0178236 0.0164526 
0.0912544 0.0913234 0.706355 0.10349 0.00757744 
0.369331 0.610393 0.0202744 8.53139e-07 8.42216e-07 
0.0805936 0.00306391 0.91626 7.00855e-05 1.2888e-05 
0.0354088 0.346567 0.611293 0.00410465 0.00262659 
0.421759 0.139158 0.22048 0.170019 0.0485833 
0.0015661 0.657356 0.198641 0.142275 0.000161945 
0.000159882 0.0143301 0.98551 1.92218e-07 1.3677e-07 
0.2399 0.34424 0.388436 0.018694 0.00873056 
0.369776 0.220518 0.402314 0.007103 0.000288969 
0.00156184 0.0134644 0.954842 0.0300665 6.49444e-05 
0.166087 0.567457 0.242702 0.0152166 0.00853698 
0.0101059 0.0903716 0.876959 0.0156974 0.00686664 
0.00698028 0.0860237 0.808234 0.0982634 0.000498191 
0.00185073 0.0264312 0.694113 0.277062 0.000543237 
0.998271 1.15482e-05 0.000428847 0.00128592 2.67447e-06 
0.446726 0.055402 0.497815 5.62052e-05 8.89301e-09 
0.0675337 0.164413 0.615862 0.1429 0.00929095 
0.701897 0.0833332 0.179399 0.0220719 0.0132984 
0.290755 0.0286146 0.666318 0.0120197 0.00229313 
0.00268442 0.920864 0.0739294 0.00184201 0.000679903 
0.00154109 0.113888 0.681731 0.202839 9.41545e-07 
0.671965 0.09983 0.196805 0.0285011 0.00289877 
0.0186514 0.372676 0.573029 0.0305049 0.00513879 
0.0250837 0.00483019 0.889146 0.0796156 0.00132471 
0.246364 0.261357 0.491439 0.000519493 0.000319975 
0.148689 0.0186028 0.286039 0.546056 0.000613183 
0.811556 0.05388 0.117268 0.0154488 0.00184745 
0.0180701 0.624513 0.356132 0.000817368 0.000467374 
0.998271 1.15482e-05 0.000428847 0.00128592 2.67447e-06 
0.145499 0.069848 0.748846 0.0337492 0.00205753 
0.0161155 0.319667 0.200675 0.461733 0.00180988 
0.998271 1.15482e-05 0.000428847 0.00128592 2.67447e-06 
0.0080349 0.801892 0.190031 3.99731e-05 2.35724e-06 
0.00894332 0.0144039 0.441476 0.535153 2.31945e-05 
0.169651 0.0427862 0.779634 0.00502385 0.00290508 
0.254781 0.0606014 0.65696 0.0185924 0.00906498 
0.015429 0.31255 0.658583 0.0133986 3.98292e-05 
3.45689e-05 0.319994 0.679969 1.73997e-06 1.16727e-07 
0.0355364 0.491369 0.471373 0.00171858 3.52908e-06 
0.4805 0.00389427 0.513112 0.00243554 5.82593e-05 
0.0296774 0.0405176 0.901655 0.0170327 0.011117 
0.00291742 0.0203576 0.965286 0.0107556 0.000683367 
0.33022 0.0399901 0.603034 0.0238361 0.00291924 
0.0420462 0.0847403 0.8721 0.00100726 0.000105973 
0.0514855 0.0457878 0.870805 0.0228139 0.00910727 
0.270778 0.0371875 0.691032 0.000864154 0.000137902 
0.579793 0.17475 0.201523 0.0230624 0.0208719 
0.00134577 0.00220107 0.991317 0.00487063 0.000265528 
0.123845 0.0868131 0.690136 0.0866916 0.0125136 
0.00138498 0.0489866 0.887997 0.0609068 0.000724253 
0.0463962 0.0289958 0.188294 0.726154 0.0101597 
0.00566568 0.0201905 0.871371 0.100943 0.00182954 
0.138618 0.389984 0.364123 0.100585 0.00669035 
0.0199231 0.00998234 0.259105 0.710701 0.000288157 
0.998271 1.15482e-05 0.000428847 0.00128592 2.67447e-06 
0.0402495 0.209628 0.741143 0.007013 0.00196695 
0.959027 0.0350761 0.00120803 0.00468817 3.82991e-07 
0.00308017 0.0990963 0.868699 0.0285156 0.000608588 
0.429335 0.291382 0.279283 1.46419e-08 1.01196e-08 
0.00174511 0.0345261 0.953663 0.00913798 0.000928159 
0.00193186 0.125921 0.868943 0.00173309 0.00147112 
0.0436032 0.463168 0.409476 0.0785659 0.00518652 
0.998271 1.15482e-05 0.000428847 0.00128592 2.67447e-06 
1.45976e-06 0.157025 0.842699 0.000273458 1.06177e-06 
0.712934 0.0854996 0.200082 0.00087195 0.00061243 
0.119477 0.110167 0.766772 0.00346743 0.000116812 
0.00043553 0.206098 0.769253 0.0240122 0.000201635 
0.103719 0.174373 0.612942 0.103137 0.00582867 
0.160374 0.00658507 0.0383841 0.794657 9.969e-09 
0.0961528 0.215 0.264699 0.410416 0.0137321 
0.00752457 0.0259937 0.951251 0.00929509 0.00593532 
0.0096744 0.41276 0.577205 0.000198924 0.000162493 
0.0623515 0.199579 0.736069 0.00135188 0.000648211 
0.0299585 0.0222305 0.113463 0.814557 0.0197911 
0.479806 0.0678655 0.350574 0.0984922 0.00326272 
0.842104 0.00867296 0.147918 0.00129563 9.34942e-06 
0.275321 0.0452248 0.510631 0.166225 0.00259808 
0.0403356 0.544684 0.38069 0.0307185 0.00357212 
0.0296389 0.079791 0.874833 0.00833534 0.00740146 
0.0104152 0.174334 0.814975 0.000274588 9.27731e-07 
0.000593675 0.00107672 0.929219 0.0689931 0.000117881 
0.130556 0.21419 0.653611 0.0013203 0.000322956 
0.33978 0.00632098 0.43213 0.221769 7.65739e-07 
0.296234 0.348451 0.309027 0.0283845 0.0179031 
0.0289294 0.175694 0.728836 0.051724 0.0148172 
0.677593 0.294003 0.0284005 1.71691e-06 1.16943e-06 
0.0766494 0.0456263 0.877046 0.000363361 0.000314811 
0.263588 0.383857 0.331832 0.0206865 3.6922e-05 
0.180688 0.450634 0.368158 0.000519393 9.48965e-07 
0.139001 0.438276 0.422722 1.39578e-09 9.6468e-10 
0.00652624 0.023833 0.127303 0.841483 0.00085477 
0.0425192 0.119267 0.817867 0.0156422 0.00470464 
0.479806 0.0678655 0.350574 0.0984922 0.00326272 
0.0270118 0.0531746 0.239988 0.677845 0.0019806 
0.019023 0.0399875 0.940983 4.93381e-06 1.83663e-06 
0.0027682 0.00536858 0.991265 0.000312054 0.000285977 
0.0321467 0.327503 0.627295 0.0095252 0.0035302 
0.0292253 0.0148373 0.955903 2.59282e-05 8.19229e-06 
2.75308e-05 0.00594439 0.993878 0.0001432 6.79168e-06 
0.00164143 0.92892 0.0665526 0.00236554 0.000520277 
0.198543 0.54138 0.102959 0.104059 0.0530594 
0.00437089 0.00835918 0.951877 0.0321315 0.00326115 
0.0015661 0.657356 0.198641 0.142275 0.000161945 
0.330473 0.0247097 0.521898 0.122439 0.000480203 
0.000159882 0.0143301 0.98551 1.92218e-07 1.3677e-07 
0.391018 0.270601 0.323897 0.00948471 0.00499959 
0.000629937 0.412117 0.281363 0.30589 1.11994e-06 
0.160374 0.00658507 0.0383841 0.794657 9.969e-09 
0.0942695 0.365908 0.393683 0.118997 0.0271418 
0.931653 0.0303751 0.0367746 0.00119776 1.79582e-10 
0.00814199 0.124842 0.838549 0.0255283 0.00293838 
0.00563891 0.0079752 0.981004 0.00495893 0.000422921 
0.0113286 0.0173967 0.866109 0.100986 0.00418027 
0.0470407 0.0391269 0.912767 0.00106253 3.13514e-06 
0.00478533 0.218662 0.770485 0.00470005 0.00136748 
0.0413352 0.0232133 0.780723 0.146572 0.00815673 
0.0314182 0.0802879 0.849352 0.0284245 0.0105169 
0.0628458 0.0806381 0.781654 0.0565941 0.0182677 
0.427206 0.524311 0.048375 8.86356e-05 1.86242e-05 
0.0777624 0.418466 0.487398 0.0118155 0.00455873 
0.0299585 0.0222305 0.113463 0.814557 0.0197911 
0.00242958 0.451261 0.0329542 0.511346 0.00200937 
0.0172591 0.131187 0.679612 0.161701 0.010241 
0.00119295 0.0129604 0.692203 0.293621 2.2618e-05 
0.0355202 0.0616372 0.767442 0.109513 0.0258881 
0.0532115 0.127266 0.576498 0.212905 0.0301191 
0.000719956 0.0182965 0.977831 0.00253811 0.000614332 
0.189658 0.0134869 0.718916 0.0682004 0.00973824 
0.386981 0.0880036 0.512542 0.00734355 0.00512938 
0.000902733 0.00915574 0.416179 0.573718 4.42348e-05 
0.00119295 0.0129604 0.692203 0.293621 2.2618e-05 
0.160374 0.00658507 0.0383841 0.794657 9.969e-09 
0.998271 1.15482e-05 0.000428847 0.00128592 2.67447e-06 
0.0166982 0.0353423 0.878825 0.0687058 0.000429164 
0.022378 0.386959 0.527712 0.0415132 0.0214378 
0.00191748 0.00127835 0.996684 0.000119981 5.04873e-07 
3.86303e-05 0.991091 1.09806e-05 0.00885986 2.8004e-08 
0.127574 0.109107 0.729973 0.0213745 0.0119715 
0.0574384 0.216443 0.285959 0.436496 0.0036639 
0.027828 0.00941686 0.0805508 0.881571 0.000633688 
0.232339 0.00990871 0.661484 0.0927368 0.00353214 
0.000393645 0.990194 0.000792997 0.00848868 0.000131067 
0.182434 0.577701 0.203954 0.0274278 0.00848319 
0.998271 1.15482e-05 0.000428847 0.00128592 2.67447e-06 
0.0346463 0.131452 0.833813 8.71966e-05 1.83171e-06 
0.0558919 0.0542298 0.889446 0.000338275 9.39899e-05 
0.0358627 0.0315985 0.88551 0.0423542 0.00467493 
0.319876 0.0367843 0.548749 0.0925007 0.00209 
0.0207015 0.0362162 0.927752 0.0145419 0.000788754 
0.683677 0.18323 0.0882063 0.044239 0.000647658 
0.107686 0.0488361 0.842381 0.00104699 5.08016e-05 
0.815082 0.0499995 0.128729 0.00615074 3.92017e-05 
0.0613614 0.381208 0.258504 0.298914 1.30534e-05 
0.0283926 0.0423956 0.849574 0.0773055 0.00233243 
0.103652 0.484176 0.40809 0.00248159 0.00160104 
0.291682 0.636567 0.0714926 0.00025516 3.47091e-06 
0.23328 0.0395877 0.685586 0.0367208 0.00482616 
0.319451 0.274588 0.397131 0.00471406 0.00411659 
0.00610898 0.0247654 0.969126 1.44853e-07 1.52871e-08 
0.00823729 0.0223412 0.960964 0.00656297 0.00189451 
0.674069 0.2953 0.0273879 0.0032433 2.50463e-07 
0.33978 0.00632098 0.43213 0.221769 7.65739e-07 
0.0106361 0.0239097 0.952018 0.0131661 0.000269902 
0.028229 0.0367533 0.889253 0.0444099 0.0013547 
0.00923604 0.0479042 0.820587 0.122245 2.7953e-05 
0.0965687 0.107633 0.788049 0.00691454 0.000835162 
0.0299585 0.0222305 0.113463 0.814557 0.0197911 
0.0440013 0.0273212 0.887925 0.0355161 0.00523639 
0.0554791 0.358717 0.359773 0.206122 0.0199094 
0.0046749 0.00451678 0.844013 0.146605 0.000190628 
0.012587 0.05499 0.744747 0.186994 0.000681797 
0.0371408 0.0405871 0.244376 0.669889 0.00800677 
0.282025 0.351778 0.224484 0.14104 0.000672979 
0.0239767 0.238445 0.711503 0.0190397 0.00703605 
0.72935 0.00740445 0.149363 0.112473 0.00140856 
0.811556 0.05388 0.117268 0.0154488 0.00184745 
0.173423 0.112541 0.698031 0.0106234 0.00538186 
0.0486518 0.242969 0.62343 0.0842009 0.000748333 
0.00882136 0.00786429 0.979449 0.00209463 0.00177055 
0.999175 6.34823e-06 0.000380484 0.000435395 2.53301e-06 
0.0698287 0.579352 0.348255 0.00233924 0.000224876 
0.0363753 0.0974193 0.778492 0.0749492 0.0127647 
0.0458138 0.0449821 0.890994 0.0179231 0.000287184 
0.0109763 0.961959 0.0270596 3.01344e-06 2.10886e-06 
0.0663302 0.503957 0.429347 0.000358947 6.365e-06 
0.029151 0.0617272 0.794571 0.088766 0.0257843 
0.935698 0.0135825 0.0478542 0.00219967 0.00066564 
0.0117484 0.482903 0.492432 0.00857103 0.00434592 
0.539102 0.0366718 0.424226 2.6145e-07 6.45121e-11 
0.00290683 0.0050529 0.99168 0.000221704 0.000138796 
0.00642328 0.00972723 0.983583 0.00026661 1.42489e-07 
0.0192998 0.0297732 0.897276 0.0516172 0.00203336 
0.424761 0.0783395 0.416731 0.0778493 0.00231939 
0.000375222 0.0552998 0.811027 0.133117 0.000181039 
0.100526 0.0405155 0.628521 0.229552 0.000885347 
0.0202317 0.179522 0.757141 0.0233532 0.0197526 
0.704118 0.283909 0.00719531 0.00477736 5.43256e-07 
0.571068 0.00467801 0.412746 0.0114627 4.53586e-05 
0.0577241 0.135545 0.713915 0.0669643 0.0258521 
9.04313e-05 0.747644 0.252266 2.65032e-09 1.83174e-09 
0.0489475 0.0141843 0.933247 0.0033743 0.000246914 
0.000159882 0.0143301 0.98551 1.92218e-07 1.3677e-07 
0.0607894 0.0266472 0.0674617 0.844975 0.000126859 
0.00258605 0.0389585 0.71238 0.245998 7.7319e-05 
0.00924909 0.172461 0.543533 0.271637 0.0031205 
0.517986 0.166151 0.315132 0.000650778 7.9915e-05 
0.0228029 0.0350426 0.790559 0.149612 0.0019837 
0.0231856 0.0220754 0.875769 0.0772616 0.00170826 
0.921997 0.0235345 0.0544416 2.16625e-05 5.02282e-06 
0.00294888 0.0241317 0.867433 0.103322 0.00216484 
0.0328048 0.0679901 0.735577 0.162474 0.00115412 
0.169816 0.477394 0.351105 0.00115058 0.000533643 
0.811556 0.05388 0.117268 0.0154488 0.00184745 
0.506535 0.237992 0.2553 0.000156861 1.66056e-05 
0.00652375 0.0256256 0.94283 0.0229968 0.00202392 
0.0268411 0.0674153 0.901324 0.0028719 0.00154775 
0.000524632 4.18872e-05 0.974448 0.0249634 2.2095e-05 
0.00324074 0.951693 0.0450665 1.56341e-08 5.47757e-11 
0.146896 0.156876 0.674333 0.011644 0.0102506 
0.00395995 0.228477 0.415437 0.352087 3.85183e-05 
0.0846495 0.279018 0.577393 0.0303608 0.0285782 
0.0137547 0.0693817 0.820454 0.0962969 0.000112923 
0.00361423 0.273106 0.709629 0.0134472 0.000203717 
0.145782 0.161894 0.622818 0.0404931 0.029013 
0.00637411 0.0354385 0.954955 0.00282525 0.000406765 
0.000809514 0.0908151 0.908147 0.000228644 1.58928e-07 
0.811556 0.05388 0.117268 0.0154488 0.00184745 
0.166362 0.321947 0.343148 0.165765 0.00277788 
0.011419 0.171812 0.255718 0.560019 0.00103105 
0.0138221 0.0364832 0.949521 9.75114e-05 7.57263e-05 
0.0101701 0.48121 0.47756 0.0219875 0.00907239 
0.015117 0.180571 0.297942 0.504576 0.00179416 
0.00588777 0.0045465 0.988723 0.0005018 0.000340846 
0.00230347 0.00953617 0.988061 9.967e-05 4.30268e-08 
0.0633529 0.179732 0.673569 0.0728714 0.010475 
0.152952 0.0968601 0.679153 0.0419486 0.0290859 
0.998271 1.15482e-05 0.000428847 0.00128592 2.67447e-06 
0.770138 0.0721103 4.50425e-05 0.157661 4.50365e-05 
0.0183973 0.0127939 0.96855 0.000156003 0.00010316 
0.240828 0.698504 0.0604207 0.00022378 2.32264e-05 
0.0299585 0.0222305 0.113463 0.814557 0.0197911 
0.0102965 0.144578 0.787966 0.0545909 0.00256872 
0.0169213 0.872518 0.0895991 0.0163263 0.00463572 
0.0292859 0.777581 0.129568 0.0438998 0.0196646 
0.00911791 0.261243 0.695288 0.025977 0.00837345 
0.0402495 0.209628 0.741143 0.007013 0.00196695 
0.00608356 0.0458782 0.936928 0.00910122 0.00200905 
0.00291742 0.0203576 0.965286 0.0107556 0.000683367 
0.0851509 0.0854772 0.825172 0.00259995 0.00159948 
0.638503 0.335495 0.0260022 4.2307e-09 2.924e-09 
0.0299585 0.0222305 0.113463 0.814557 0.0197911 
0.0816775 0.192124 0.106823 0.615483 0.00389195 
0.676638 0.189917 0.104078 0.0292729 9.46213e-05 
0.0475044 0.346609 0.560825 0.0376514 0.00740999 
0.00158948 0.000246359 0.132108 0.866048 8.10929e-06 
0.0299585 0.0222305 0.113463 0.814557 0.0197911 
0.63464 0.230361 0.13375 0.000963829 0.000285155 
0.00868152 0.151244 0.81987 0.0169831 0.00322179 
0.00391683 0.286446 0.647339 0.0611119 0.00118613 
0.0242178 0.00295253 0.605285 0.366751 0.000793297 
0.000932708 0.00167181 0.861782 0.135613 2.91898e-07 
0.387327 0.247729 0.333356 0.0315812 7.01695e-06 
0.280274 0.0535051 0.639074 0.0244139 0.00273311 
0.0211166 0.0539445 0.736708 0.186701 0.00152919 
0.000955933 0.00321075 0.995625 0.000204893 3.45494e-06 
0.00914787 0.019125 0.232525 0.732778 0.00642412 
0.076263 0.0414089 0.852106 0.0230656 0.00715645 
0.00961883 0.187465 0.764581 0.0292187 0.00911664 
0.077153 0.70686 0.210616 0.00274542 0.00262599 
0.0189638 0.0142797 0.959518 0.00602273 0.00121555 
0.588177 0.10143 0.310117 0.000154693 0.00012068 
0.811556 0.05388 0.117268 0.0154488 0.00184745 
0.0165972 0.0412023 0.885165 0.049888 0.00714747 
0.0197409 0.00419252 0.898235 0.0770929 0.000738503 
0.045282 0.18652 0.709909 0.0324485 0.0258409 
0.108548 0.169405 0.708684 0.00773588 0.00562696 
0.575047 0.0482406 0.368236 0.00847552 8.21266e-07 
0.0094951 0.264933 0.248783 0.476434 0.000355096 
0.343982 0.0557884 0.576622 0.0222346 0.00137263 
0.021266 0.0099458 0.947032 0.0205583 0.00119827 
0.149394 0.130434 0.629845 0.069512 0.0208141 
0.70714 0.0796004 0.206149 0.00580475 0.00130556 
0.317899 0.448901 0.222927 0.00538768 0.00488481 
0.00535138 0.0679563 0.90082 0.0239407 0.00193146 
0.485801 0.245871 0.219739 0.0294571 0.0191319 
0.0100166 0.00641849 0.983454 9.72274e-05 1.35578e-05 
0.0299585 0.0222305 0.113463 0.814557 0.0197911 
0.15174 0.316104 0.468267 0.05922 0.00466926 
0.00349614 0.00816038 0.987578 0.000536559 0.000228982 
0.0777624 0.418466 0.487398 0.0118155 0.00455873 
0.00781854 0.116119 0.663761 0.206608 0.0056941 
0.00960608 0.366449 0.611959 0.0108868 0.00109948 
0.0206498 0.055158 0.876474 0.0446034 0.00311503 
0.0030888 0.0042625 0.984881 0.00771295 5.49938e-05 
0.828651 0.132795 0.0385516 3.30409e-06 9.63462e-10 
0.550527 0.200877 0.247345 0.00123972 1.17965e-05 
0.212322 0.21442 0.557505 0.0148696 0.000882934 
0.120744 0.145323 0.70177 0.0319323 0.000230405 
0.071239 0.093513 0.771692 0.0616637 0.00189258 
0.0257333 0.0538616 0.828952 0.0857232 0.00573007 
0.0275241 0.00959295 0.947265 0.0137797 0.00183873 
0.405906 0.0446134 0.508819 0.04036 0.000301347 
0.742784 0.0623754 0.194258 0.000581948 1.26906e-06 
0.596415 0.207177 0.183137 0.0127981 0.000472971 
0.0128586 0.0270985 0.958109 0.00154932 0.000384198 
0.0161775 0.032938 0.950817 3.95571e-05 2.75806e-05 
0.599484 0.0135017 0.326624 0.0603568 3.34483e-05 
0.472875 0.172814 0.354297 1.53357e-05 2.40333e-08 
0.0125288 0.161722 0.314453 0.501754 0.0095421 
0.025625 0.0796779 0.857968 0.0233333 0.0133962 
0.998271 1.15482e-05 0.000428847 0.00128592 2.67447e-06 
0.56061 0.324014 0.115255 0.000120884 1.35017e-07 
0.00219428 0.0166134 0.981192 1.24912e-08 5.39234e-12 
0.811556 0.05388 0.117268 0.0154488 0.00184745 
0.0921381 0.456215 0.0765596 0.372393 0.0026944 
0.664935 0.0123977 0.320227 0.00240114 3.93325e-05 
0.502402 0.0593517 0.43741 0.000519988 0.000316807 
0.587746 0.0841469 0.24287 0.0852059 3.1122e-05 
0.767374 0.0489384 0.178358 0.00532929 3.29896e-07 
0.0452567 0.578655 0.369397 0.00561194 0.00107943 
0.720966 0.0485333 0.18346 0.0442299 0.00281059 
0.014624 0.0382883 0.173834 0.769674 0.00357969 
0.143032 0.281447 0.546909 0.024895 0.0037169 
0.0599333 0.0291488 0.227601 0.682075 0.00124253 
0.00168174 0.138504 0.859629 0.000179378 5.50008e-06 
0.998271 1.15482e-05 0.000428847 0.00128592 2.67447e-06 
0.0299585 0.0222305 0.113463 0.814557 0.0197911 
0.473041 0.109346 0.417095 0.000512036 5.9433e-06 
0.00206278 0.920121 0.0742819 0.00253681 0.00099715 
0.636697 0.118651 0.244633 1.2752e-05 5.3491e-06 
0.0278049 0.123863 0.136867 0.711139 0.000326433 
0.360899 0.323719 0.25893 0.0542107 0.00224178 
0.455756 0.0775112 0.462221 0.00401245 0.000499159 
8.55043e-07 0.0110061 0.987759 0.0012343 8.42283e-11 
0.00765778 0.655176 0.32875 0.00558527 0.0028312 
0.011724 0.00859468 0.976875 0.00231224 0.000494402 
0.65519 0.125035 0.210167 0.00956681 4.18304e-05 
0.00652043 0.174971 0.8183 0.000207267 8.16565e-07 
0.343607 0.18957 0.455816 0.0107764 0.000230467 
0.00429888 0.457572 0.268788 0.269307 3.45356e-05 
0.180041 0.217173 0.60167 0.000829475 0.000286642 
0.0070406 0.139801 0.843642 0.00763418 0.00188313 
0.479806 0.0678655 0.350574 0.0984922 0.00326272 
0.010832 0.183425 0.796092 0.0094319 0.000218273 
0.0545575 0.300375 0.599931 0.0445024 0.000633802 
0.983628 0.00066493 0.0122514 0.00332379 0.000131817 
0.0961528 0.215 0.264699 0.410416 0.0137321 
0.0321559 0.0350461 0.763695 0.169043 5.98853e-05 
0.16706 0.192022 0.627723 0.0099478 0.00324809 
0.00890101 0.00336894 0.987461 0.000268741 1.4693e-08 
0.000933607 0.0868217 0.911985 0.000246184 1.33241e-05 
0.72935 0.00740445 0.149363 0.112473 0.00140856 
0.894634 0.0460808 0.0530904 0.00532342 0.000871822 
0.698493 0.0709664 0.203796 0.020971 0.00577361 
0.00138498 0.0489866 0.887997 0.0609068 0.000724253 
0.147267 0.493637 0.359096 4.72538e-09 3.2659e-09 
0.0675337 0.164413 0.615862 0.1429 0.00929095 
0.000297444 0.690027 0.309234 0.000437404 3.8647e-06 
0.565649 0.212954 0.189492 0.0318937 1.11265e-05 
0.0416353 0.0898132 0.865603 0.00155495 0.00139347 
0.157448 0.0054463 0.808845 0.028253 7.60475e-06 
0.00209084 0.924601 0.0709876 0.00145373 0.000867061 
0.0150423 0.117869 0.843826 0.0121351 0.0111271 
0.00710835 0.0371848 0.821624 0.132842 0.00124041 
0.00166185 0.00470455 0.986636 0.00642665 0.000571385 
0.0381309 0.0566574 0.830925 0.0665858 0.00770115 
0.00612571 0.0150582 0.978079 0.000623219 0.000113627 
0.0388094 0.00145785 0.959732 3.01927e-07 6.99315e-08 
0.998271 1.15482e-05 0.000428847 0.00128592 2.67447e-06 
0.0118589 0.0308139 0.926239 0.0213851 0.00970348 
0.506342 0.0241508 0.453791 0.0145437 0.00117251 
0.00205645 9.23731e-05 0.246526 0.751323 2.67117e-06 
0.00156184 0.0134644 0.954842 0.0300665 6.49444e-05 
0.0156326 0.0638318 0.88086 0.0276084 0.0120671 
0.0122233 0.119678 0.862482 0.00385504 0.00176177 
0.00429888 0.457572 0.268788 0.269307 3.45356e-05 
7.34115e-05 0.00285102 0.974824 0.0222432 8.00401e-06 
0.0218093 0.0471333 0.905939 0.0126097 0.0125091 
0.388285 0.428476 0.135032 0.0396423 0.00856412 
0.00214024 0.00378041 0.993882 0.000151752 4.5294e-05 
0.657969 0.0464286 0.292136 0.0032924 0.000174977 
0.0118647 0.0300586 0.875473 0.0714796 0.0111242 
0.0753618 0.100015 0.55551 0.256088 0.0130251 
0.0175017 3.05921e-06 0.0358782 0.946616 8.82035e-07 
0.0513903 0.268055 0.612388 0.0624984 0.00566835 
0.00119295 0.0129604 0.692203 0.293621 2.2618e-05 
0.751189 0.00751393 0.191927 0.0490216 0.000349131 
0.0841702 0.0643122 0.851412 0.000100668 5.02537e-06 
0.0032634 0.0995794 0.870485 0.0243119 0.00236024 
3.92468e-05 0.0905451 0.0653076 0.844078 3.03178e-05 
0.127337 0.0080924 0.8638 0.000638064 0.000133355 
0.00429888 0.457572 0.268788 0.269307 3.45356e-05 
0.0392228 0.118033 0.653803 0.174442 0.0144994 
0.00849941 0.0431469 0.928612 0.0121605 0.00758137 
0.0223478 0.0499556 0.920376 0.00450778 0.00281234 
0.000982523 0.633684 0.200135 0.164241 0.000958433 
0.00980643 0.204689 0.783396 0.00119189 0.0009164 
0.998271 1.15482e-05 0.000428847 0.00128592 2.67447e-06 
0.0311817 0.41338 0.553151 0.00228442 2.72798e-06 
0.00437181 0.0134564 0.981766 0.000283428 0.000122503 
0.00510301 0.00386081 0.822607 0.168275 0.000154941 
0.429684 0.0568257 0.506254 0.00494146 0.00229425 
0.0243005 0.0483382 0.891112 0.034272 0.00197708 
0.0507023 0.0694088 0.869616 0.00902361 0.00124942 
0.572003 0.0905789 0.337418 2.4193e-08 1.67207e-08 
0.458715 0.100467 0.438833 0.00159522 0.000390291 
0.121076 0.13169 0.654079 0.0860474 0.00710772 
0.0321559 0.0350461 0.763695 0.169043 5.98853e-05 
0.00746817 0.0752769 0.90583 0.00767285 0.00375183 
0.265449 0.0485745 0.483936 0.19196 0.0100806 
0.575852 0.20842 0.211511 0.00396087 0.000256748 
0.00370063 0.0117312 0.984117 0.000321756 0.000128891 
0.0155342 0.0194635 0.91706 0.0453336 0.0026084 
0.0141168 0.0258197 0.954306 0.00509753 0.000660444 
0.196888 0.0288992 0.712515 0.0462249 0.0154722 
0.77252 0.0529426 0.174481 4.82359e-05 8.06416e-06 
0.303901 0.143338 0.520549 0.0320881 0.000124476 
0.0633465 0.308622 0.617272 0.00940136 0.00135831 
0.0276021 0.952065 0.0202858 2.35889e-05 2.31176e-05 
0.621169 0.234213 0.142168 0.00199609 0.000454316 
0.0488556 0.494403 0.428579 0.0261661 0.00199639 
0.0588068 0.0375931 0.877288 0.0152228 0.0110893 
0.146273 0.283146 0.524341 0.0371829 0.00905695 
0.429054 0.250689 0.303207 0.0147385 0.00231086 
0.00119295 0.0129604 0.692203 0.293621 2.2618e-05 
0.0256905 0.418024 0.509892 0.0238227 0.0225711 
0.133869 0.842285 7.87141e-05 0.0236881 7.87036e-05 
0.0423082 0.0647466 0.87388 0.0101377 0.00892719 
0.243315 0.00994975 0.643981 0.0989981 0.00375602 
0.154341 0.274417 0.570867 0.000203069 0.000172373 
0.111169 0.499632 0.337795 0.0277259 0.0236772 
0.0636344 0.133146 0.342535 0.455015 0.00566934 
0.0264088 0.0345466 0.928463 0.0088122 0.00176989 
0.0766809 0.0564929 0.864993 0.00129209 0.000540836 
0.0135683 0.0213352 0.947295 0.0178018 1.05129e-07 
0.998814 8.97056e-05 0.000580148 0.000516596 3.35363e-12 
0.0279488 0.0726401 0.822539 0.0558246 0.0210471 
0.0186756 0.0332211 0.939682 0.0067613 0.00165979 
0.849689 0.00979355 0.140331 0.000184891 8.52531e-07 
0.0914816 0.120675 0.23098 0.545065 0.0117977 
0.00362159 0.0131776 0.960756 0.0214127 0.00103246 
0.232339 0.00990871 0.661484 0.0927368 0.00353214 
0.0163125 0.078431 0.893598 0.0083279 0.00333046 
8.55043e-07 0.0110061 0.987759 0.0012343 8.42283e-11 
0.197223 0.511111 0.257543 0.0334554 0.000667392 
0.000295848 0.0608988 0.938521 0.000206391 7.75466e-05 
0.0086619 0.0936162 0.890091 0.0071097 0.000520836 
0.345736 0.0210934 0.0186503 0.614505 1.51568e-05 
0.4074 0.22583 0.362087 0.00384027 0.000843025 
0.883602 0.0808613 0.0328903 0.00264613 1.18372e-09 
0.0483165 0.182345 0.51782 0.217216 0.0343034 
0.0299585 0.0222305 0.113463 0.814557 0.0197911 
9.6714e-08 0.000121946 0.999878 1.1083e-07 7.65988e-08 
0.00272956 0.0275629 0.199011 0.770371 0.000325881 
0.0027682 0.00536858 0.991265 0.000312054 0.000285977 
0.00152538 0.10275 0.632189 0.263335 0.000200464 
0.131673 0.122307 0.619361 0.0884106 0.0382492 
0.100167 0.0532702 0.600369 0.244647 0.00154692 
0.671254 0.0273444 0.230553 0.0609865 0.00986212 
0.00617854 0.12241 0.81211 0.0572288 0.00207289 
7.90964e-05 0.386773 0.611047 0.00209945 1.37716e-06 
0.0570649 0.161416 0.775034 0.00417564 0.00230978 
0.108348 0.355262 0.38 0.155294 0.0010959 
0.0175017 3.05921e-06 0.0358782 0.946616 8.82035e-07 
0.0166986 0.0204577 0.801573 0.161171 9.989e-05 
0.998271 1.15482e-05 0.000428847 0.00128592 2.67447e-06 
1.20297e-05 0.0108751 0.989112 4.06436e-07 7.0051e-10 
0.0111772 0.00363998 0.0194427 0.965697 4.29365e-05 
0.479806 0.0678655 0.350574 0.0984922 0.00326272 
0.00138498 0.0489866 0.887997 0.0609068 0.000724253 
0.998096 1.16026e-05 0.000861457 0.00102859 2.02022e-06 
0.381163 0.354198 0.213934 0.0255369 0.0251686 
0.00209084 0.924601 0.0709876 0.00145373 0.000867061 
0.0468352 0.0547333 0.848168 0.0262627 0.0240006 
0.998271 1.15482e-05 0.000428847 0.00128592 2.67447e-06 
0.453347 0.137477 0.408145 0.000704099 0.000327014 
0.0053776 0.140841 0.746482 0.104814 0.00248439 
0.00677464 0.700744 0.281062 0.00771764 0.00370201 
0.0134448 0.216344 0.493809 0.275718 0.000684324 
0.000230707 0.109156 0.885957 0.00449546 0.000160872 
0.036627 0.0931676 0.807444 0.0621145 0.000646928 
0.190262 0.0532971 0.704865 0.0515754 3.02558e-08 
0.208349 0.139329 0.565196 0.0849384 0.00218746 
0.00627431 0.0338267 0.910479 0.0472597 0.00216061 
0.000629937 0.412117 0.281363 0.30589 1.11994e-06 
0.492744 0.192247 0.310837 0.00318623 0.000985818 
0.0781204 0.749155 0.119099 0.0353945 0.0182311 
0.13419 0.0272864 0.0939221 0.725362 0.0192398 
0.191338 0.341037 0.460447 0.00681953 0.000358567 
0.996211 0.00283128 0.00095138 6.19725e-06 2.67288e-07 
0.0687581 0.399217 0.20784 0.269803 0.0543816 
0.00675537 0.718514 0.269803 0.00488826 3.97863e-05 
0.0307058 0.125118 0.84171 0.00140824 0.00105786 
0.273165 0.322943 0.380083 0.0238086 7.79517e-08 
0.0103551 0.0520695 0.93754 2.13689e-05 1.36131e-05 
1.19447e-05 8.99481e-05 0.950109 0.0497811 8.21159e-06 
0.107349 0.154776 0.733767 0.00226697 0.00184126 
0.223692 0.762644 0.0130296 0.000343142 0.00029145 
0.0613614 0.381208 0.258504 0.298914 1.30534e-05 
0.339431 0.334807 0.325736 2.44053e-05 1.1946e-06 
0.998271 1.15482e-05 0.000428847 0.00128592 2.67447e-06 
0.0115938 0.0665288 0.226894 0.683747 0.0112357 
0.0222591 0.0481507 0.559795 0.36637 0.00342589 
0.838053 0.0850283 0.0764118 0.000474603 3.2744e-05 
0.0613614 0.381208 0.258504 0.298914 1.30534e-05 
0.0334483 0.108519 0.830345 0.0239619 0.00372551 
0.00516589 0.630107 0.362824 0.0011637 0.000739132 
0.238282 0.00919971 0.255311 0.497207 5.1525e-07 
0.00146027 0.0989253 0.898853 0.000476066 0.000285738 
0.00395995 0.228477 0.415437 0.352087 3.85183e-05 
0.232339 0.00990871 0.661484 0.0927368 0.00353214 
0.0359035 0.0908021 0.495849 0.365973 0.0114726 
0.0221983 0.00688787 0.957143 0.0126409 0.00112966 
0.0524709 0.0655658 0.69013 0.191367 0.000465854 
0.00209084 0.924601 0.0709876 0.00145373 0.000867061 
0.0502213 0.0948177 0.804874 0.04812 0.00196671 
0.036916 0.0744469 0.881544 0.00426951 0.00282394 
0.00212594 0.0036486 0.985506 0.00869483 2.50257e-05 
0.0103551 0.0520695 0.93754 2.13689e-05 1.36131e-05 
0.136389 0.353388 0.39726 0.11005 0.00291272 
0.00119295 0.0129604 0.692203 0.293621 2.2618e-05 
0.084698 0.186073 0.64864 0.0616606 0.0189289 
0.441466 0.0781645 0.301314 0.169278 0.00977786 
0.0070565 0.102029 0.887477 0.00200992 0.00142736 
0.932002 0.0194935 0.0483562 0.000147883 2.59242e-08 
0.025186 0.0697682 0.227928 0.669427 0.00769023 
0.584177 0.209699 0.188485 0.0118308 0.0058078 
0.0359716 0.0383146 0.343942 0.574495 0.00727701 
2.82259e-06 0.00320319 0.996789 3.23456e-06 2.23553e-06 
0.151357 0.133458 0.692232 0.0227707 0.000183004 
0.00219428 0.0166134 0.981192 1.24912e-08 5.39234e-12 
0.280274 0.0535051 0.639074 0.0244139 0.00273311 
0.00192562 0.014262 0.907438 0.0749031 0.00147119 
0.137398 0.188808 0.579436 0.0812855 0.0130729 
0.232339 0.00990871 0.661484 0.0927368 0.00353214 
0.00146819 0.9513 0.0464397 0.000748318 4.38957e-05 
0.0096744 0.41276 0.577205 0.000198924 0.000162493 
0.323829 0.0833771 0.574019 0.0103503 0.00842452 
0.102473 0.00540574 0.801393 0.0907019 2.64744e-05 
0.0869763 0.337651 0.55851 0.0146562 0.00220689 
0.089033 0.0357438 0.874614 0.000608707 1.06052e-07 
0.0096744 0.41276 0.577205 0.000198924 0.000162493 
0.237847 0.263496 0.491321 0.00732701 9.14797e-06 
0.0548549 0.332256 0.59689 0.00918659 0.00681281 
0.0900019 0.166978 0.341913 0.394295 0.00681178 
0.000181949 0.998765 0.00100089 3.05875e-05 2.11402e-05 
0.0121949 0.0517265 0.910024 0.0225145 0.00353974 
0.0202475 0.0791399 0.859857 0.0349331 0.00582266 
3.88379e-06 0.0719247 0.00191277 0.926156 3.07601e-06 
0.0625025 0.178864 0.383253 0.369942 0.00543888 
0.120819 0.0178435 0.859398 0.00127307 0.000667106 
0.776153 0.0561433 0.139092 0.0269583 0.00165421 
0.280274 0.0535051 0.639074 0.0244139 0.00273311 
0.160374 0.00658507 0.0383841 0.794657 9.969e-09 
0.212895 0.0709922 0.695989 0.0197597 0.000363991 
0.153209 0.053754 0.443937 0.328551 0.0205487 
0.060179 0.0194902 0.325816 0.59358 0.000934001 
0.0144522 0.181581 0.801712 0.00153779 0.000717372 
0.275321 0.0452248 0.510631 0.166225 0.00259808 
0.0299585 0.0222305 0.113463 0.814557 0.0197911 
0.496243 0.0329288 0.439637 0.0283082 0.00288271 
0.00344077 0.0316417 0.963095 0.00108743 0.000734768 
0.0258644 0.711811 0.261776 0.00054913 1.46789e-07 
0.471091 0.351387 0.170575 0.0069465 7.62777e-07 
0.000154048 0.1209 0.87584 0.0029982 0.000107531 
0.0141394 0.00466443 0.974938 0.00416615 0.00209207 
0.998271 1.15482e-05 0.000428847 0.00128592 2.67447e-06 
0.384102 0.261443 0.353818 0.000586739 5.08981e-05 
0.170356 0.392016 0.423245 0.0112833 0.00309989 
0.862965 0.0125739 0.123073 0.00138844 4.77586e-09 
0.0571699 0.140773 0.748622 0.0278925 0.0255434 
0.171784 0.115987 0.699846 0.0123805 2.17179e-06 
0.793242 0.147778 0.0589282 5.00387e-05 2.09282e-06 
0.00158948 0.000246359 0.132108 0.866048 8.10929e-06 
0.105554 0.443879 0.418386 0.0258717 0.0063093 
0.618824 0.00782561 0.372849 0.00050162 1.61579e-09 
0.508587 0.0987053 0.292248 0.10023 0.000228803 
0.11171 0.610923 0.273373 0.0036412 0.000353169 
0.0207015 0.0362162 0.927752 0.0145419 0.000788754 
0.103474 0.505054 0.164261 0.225239 0.00197281 
0.383697 0.0501586 0.552065 0.0115626 0.00251697 
0.433761 0.0329433 0.513138 0.0114104 0.00874751 
0.000790526 0.951029 0.048029 9.94663e-05 5.25315e-05 
0.00551836 0.935825 0.0577618 0.000894385 1.75863e-07 
0.195136 0.41837 0.357532 0.0285115 0.000450731 
0.0391314 0.0476439 0.387131 0.519688 0.00640656 
0.0113012 0.90254 0.0820394 0.00372151 0.000397562 
2.44267e-05 0.0825066 0.917469 5.54283e-10 3.83087e-10 
0.767374 0.0489384 0.178358 0.00532929 3.29896e-07 
0.0379128 0.0562403 0.899559 0.00372126 0.002567 
0.273576 0.106185 0.617895 0.00223535 0.000108067 
0.0613614 0.381208 0.258504 0.298914 1.30534e-05 
0.0440902 0.0723071 0.825809 0.0538889 0.00390457 
0.00110893 0.0700003 0.927945 0.00080565 0.000140297 
0.0516084 0.0873755 0.800517 0.0502729 0.0102265 
0.284434 0.0218927 0.691913 0.000914689 0.000844909 
0.113103 0.741146 0.137761 0.0056057 0.00238412 
0.995893 0.00203815 0.000815594 0.00125308 3.09243e-07 
0.0363859 0.195109 0.665805 0.0971378 0.00556196 
0.899454 0.0401982 4.01594e-05 0.060267 4.01541e-05 
0.0385958 0.0201753 0.817005 0.112203 0.0120205 
0.036965 0.403861 0.546415 0.0125198 0.000239585 
0.00146848 0.399312 0.592456 0.00626996 0.000492948 
0.00119295 0.0129604 0.692203 0.293621 2.2618e-05 
0.998271 1.15482e-05 0.000428847 0.00128592 2.67447e-06 
0.0175017 3.05921e-06 0.0358782 0.946616 8.82035e-07 
0.114406 0.211244 0.627693 0.043317 0.00334056 
0.063963 0.226155 0.698907 0.00823921 0.00273635 
0.00941154 0.039396 0.94686 0.00290927 0.00142303 
0.0138566 0.0307151 0.90021 0.0421344 0.0130837 
0.131673 0.122307 0.619361 0.0884106 0.0382492 
0.612403 0.0949709 0.216287 0.0759069 0.000432731 
0.477215 0.291683 0.227947 0.00310418 5.05618e-05 
0.342123 0.174905 0.477299 0.00482602 0.000846543 
0.72041 0.0257293 0.25348 0.000328555 5.16681e-05 
0.00457881 0.790272 0.205074 7.45314e-05 5.32941e-08 
0.0395026 0.0262603 0.898253 0.0356856 0.000298281 
0.000489934 0.0131856 0.9836 0.00236236 0.000362237 
0.0100135 0.31607 0.645956 0.0188911 0.00906934 
0.192764 0.71096 0.0960534 0.000179138 4.41377e-05 
0.0143745 0.0481534 0.888775 0.0452541 0.00344265 
0.0299585 0.0222305 0.113463 0.814557 0.0197911 
0.0357511 0.887443 0.0675697 0.00674843 0.00248755 
0.00292938 0.102284 0.879321 0.0133876 0.00207817 
0.000159882 0.0143301 0.98551 1.92218e-07 1.3677e-07 
0.0671092 0.0887594 0.81279 0.0282558 0.00308542 
0.0066445 0.0278753 0.952691 0.00874781 0.00404095 
0.10804 0.160626 0.716542 0.0116594 0.00313259 
0.999175 6.34823e-06 0.000380484 0.000435395 2.53301e-06 
0.197284 9.39744e-05 0.802621 3.81196e-07 2.34937e-10 
0.0750828 0.112192 0.798826 0.0115536 0.00234527 
0.0701207 0.0529038 0.876959 1.4949e-05 1.04871e-06 
0.0109697 0.00492063 0.913192 0.0708745 4.35961e-05 
0.0334563 0.540352 0.391141 0.034883 0.000168273 
0.000111896 0.433811 0.566076 5.82381e-07 5.54948e-07 
0.471516 0.0017606 0.524633 0.00135982 0.000730093 
0.083309 0.154571 0.757373 0.00420993 0.000536277 
0.11171 0.610923 0.273373 0.0036412 0.000353169 
0.159613 0.705638 0.126096 0.00644839 0.00220435 
0.00124671 0.58493 0.412557 0.00121619 4.98871e-05 
0.00373604 0.0134187 0.979491 0.00324795 0.000106297 
0.238282 0.00919971 0.255311 0.497207 5.1525e-07 
0.00262263 0.0172826 0.953168 0.0260602 0.000866521 
0.467663 0.0467122 0.443356 0.0400471 0.00222144 
0.0634018 0.00535186 0.929427 0.00181538 4.46488e-06 
0.0027682 0.00536858 0.991265 0.000312054 0.000285977 
0.203733 0.0167769 0.641031 0.138351 0.000107407 
5.73321e-07 0.00352343 0.996475 6.56999e-07 4.54077e-07 
0.998271 1.15482e-05 0.000428847 0.00128592 2.67447e-06 
0.00147756 0.00473904 0.987497 0.00610891 0.000177672 
0.160374 0.00658507 0.0383841 0.794657 9.969e-09 
0.0154048 0.0133126 0.965969 0.0042395 0.00107397 
0.0574513 0.0996855 0.80404 0.0364212 0.00240192 
0.47127 0.164404 0.358991 0.00394274 0.001392 
0.0140155 0.367721 0.414429 0.203688 0.000146363 
0.238282 0.00919971 0.255311 0.497207 5.1525e-07 
0.00535208 0.0513059 0.814727 0.127096 0.00151866 
0.159751 0.260141 0.530129 0.0499749 4.09625e-06 
0.00632257 0.245824 0.689027 0.0587881 3.79587e-05 
0.078972 0.232559 0.393188 0.288574 0.00670732 
0.00217599 0.034035 0.946271 0.0163257 0.00119211 
0.866572 0.0943455 0.0296713 0.00941121 1.77078e-10 
0.0842093 0.0383864 0.8774 4.30223e-06 4.53909e-07 
0.998184 4.94217e-05 0.000117049 0.00163386 1.56207e-05 
0.0027682 0.00536858 0.991265 0.000312054 0.000285977 
0.0182406 0.0689099 0.896894 0.0119097 0.00404575 
0.0170471 0.466594 0.502203 0.00976553 0.00438947 
0.0299585 0.0222305 0.113463 0.814557 0.0197911 
0.131673 0.122307 0.619361 0.0884106 0.0382492 
0.00960608 0.366449 0.611959 0.0108868 0.00109948 
0.99669 5.25744e-05 0.00184042 0.00141673 3.04684e-08 
0.807563 0.0090717 0.0379826 0.145077 0.000305724 
0.00796698 0.948085 0.0419416 0.00135567 0.000651093 
0.0243281 0.022345 0.95305 0.000217696 5.88796e-05 
0.111046 0.0535269 0.801865 0.0265063 0.00705586 
0.0205024 0.968596 0.0108729 1.47697e-05 1.35784e-05 
0.455565 0.00720238 0.526447 0.0107305 5.51987e-05 
0.109768 0.475742 0.3633 0.0493042 0.00188541 
0.181048 0.75424 0.0513484 0.0133585 4.98327e-06 
0.00960608 0.366449 0.611959 0.0108868 0.00109948 
0.000305144 0.0130588 0.963097 0.0234024 0.000136875 
0.000955933 0.00321075 0.995625 0.000204893 3.45494e-06 
0.0015661 0.657356 0.198641 0.142275 0.000161945 
0.998271 1.15482e-05 0.000428847 0.00128592 2.67447e-06 
0.0282991 0.0374327 0.774309 0.157777 0.00218194 
0.247117 0.0345325 0.715273 0.00179863 0.00127908 
0.353523 0.00552489 0.640944 6.26726e-06 9.79433e-07 
0.482019 0.00364916 0.504221 0.0100635 4.68139e-05 
0.135158 0.592898 0.25873 0.00832887 0.00488484 
0.0094359 0.0976407 0.643126 0.245929 0.0038682 
0.00214024 0.00378041 0.993882 0.000151752 4.5294e-05 
0.838053 0.0850283 0.0764118 0.000474603 3.2744e-05 
0.486146 0.225508 0.28769 0.000592597 6.27502e-05 
0.0206119 0.00327435 0.975895 0.000110225 0.000108518 
0.0134316 0.0468242 0.939061 0.000424682 0.000258429 
0.238282 0.00919971 0.255311 0.497207 5.1525e-07 
0.00250097 0.0198851 0.918258 0.0582508 0.0011051 
0.0176278 0.117414 0.265919 0.592434 0.00660485 
0.312882 0.176216 0.432333 0.0427197 0.0358495 
0.00657618 0.176389 0.742837 0.0716167 0.00258103 
0.285309 0.340456 0.0857394 0.28516 0.00333552 
0.208493 0.106994 0.683369 0.00101351 0.000129965 
0.00363926 0.00777467 0.701476 0.285424 0.00168593 
0.000154048 0.1209 0.87584 0.0029982 0.000107531 
0.00143847 0.225674 0.772154 0.000507313 0.000225876 
0.0100388 0.00824152 0.673753 0.3074 0.000566117 
0.575047 0.0482406 0.368236 0.00847552 8.21266e-07 
0.0485185 0.036891 0.887635 0.0222957 0.00466009 
0.0284737 0.156471 0.791039 0.0122235 0.0117926 
0.00070557 0.045795 0.952724 0.000775207 6.94713e-11 
0.294803 0.0238479 0.681323 2.10632e-05 5.05826e-06 
0.0603692 0.0688848 0.828856 0.0292559 0.0126339 
0.153311 0.0644984 0.737197 0.038542 0.00645172 
0.0501928 0.145916 0.778705 0.0157348 0.00945109 
0.472117 0.101421 0.424953 0.00133364 0.000176153 
0.00252564 0.000339937 0.984314 0.0127822 3.77311e-05 
0.000629937 0.412117 0.281363 0.30589 1.11994e-06 
0.0709496 0.604459 0.263961 0.0605472 8.26141e-05 
0.0223688 0.0391184 0.901351 0.019669 0.0174927 
0.0027682 0.00536858 0.991265 0.000312054 0.000285977 
0.0245894 0.0710709 0.90424 9.91984e-05 8.62706e-07 
0.00334626 0.0114709 0.667992 0.317179 1.20516e-05 
0.026345 0.0195359 0.938007 0.0127877 0.00332404 
0.0242419 0.271888 0.352761 0.350102 0.00100689 
0.998271 1.15482e-05 0.000428847 0.00128592 2.67447e-06 
0.00158948 0.000246359 0.132108 0.866048 8.10929e-06 
0.407326 0.139382 0.453183 0.000108786 2.45878e-10 
0.331369 0.149372 0.505464 0.0100396 0.00375555 
0.081562 0.304217 0.0723369 0.512741 0.0291438 
0.0675337 0.164413 0.615862 0.1429 0.00929095 
0.00280353 0.109427 0.887353 0.000412995 3.11141e-06 
0.077153 0.70686 0.210616 0.00274542 0.00262599 
0.998178 0.000874533 0.000945687 8.8467e-07 6.11429e-07 
0.0530322 0.0270081 0.304734 0.607675 0.00755033 
0.0397588 0.380337 0.540732 0.0206882 0.0184839 
0.608234 0.0693364 0.32224 0.000189322 5.97139e-07 
0.661683 0.0917436 0.24582 0.000432829 0.000320413 
0.966771 0.0322343 0.000179225 0.000724669 9.0362e-05 
0.00082054 0.997933 0.0012407 3.12393e-06 2.15907e-06 
0.0211166 0.0539445 0.736708 0.186701 0.00152919 
0.384427 0.0401983 0.575032 0.000210008 0.000133097 
0.436436 0.125154 0.434017 0.00396959 0.000423318 
0.20222 0.019117 0.77546 0.00320255 5.92681e-08 
0.998271 1.15482e-05 0.000428847 0.00128592 2.67447e-06 
0.000627292 0.0311603 0.966937 0.00101948 0.000255588 
0.164371 0.0672567 0.7625 0.00312705 0.00274527 
0.0313603 0.148327 0.732265 0.0761768 0.0118712 
0.972463 0.0113144 0.0160067 0.000215389 4.05725e-07 
0.845184 0.0250676 0.125542 0.00412352 8.29663e-05 
0.0239752 0.925356 0.0454386 0.00515185 7.82797e-05 
0.445072 0.162047 0.392838 4.29335e-05 3.22636e-07 
0.00129127 0.0258886 0.970821 0.0015824 0.00041667 
0.254145 0.0086475 0.69942 0.036358 0.00142975 
0.0229931 0.0447193 0.898913 0.0241983 0.00917594 
0.767374 0.0489384 0.178358 0.00532929 3.29896e-07 
0.191882 0.116432 0.101268 0.588363 0.00205473 
0.0142021 0.768298 0.205856 0.0115833 6.02648e-05 
0.00564823 0.0219824 0.963557 0.00468517 0.00412688 
0.414234 0.161321 0.423805 0.000438711 0.000201484 
0.607226 0.11839 0.272643 0.00174077 2.12145e-08 
0.0027682 0.00536858 0.991265 0.000312054 0.000285977 
0.371092 0.00323931 0.0159234 0.608456 0.00128966 
0.998271 1.15482e-05 0.000428847 0.00128592 2.67447e-06 
0.0183485 0.928625 0.0428329 0.00867777 0.00151607 
0.881233 0.0907204 0.0268733 0.00104665 0.000126658 
0.00178618 0.116826 0.514632 0.366129 0.00062621 
0.0299585 0.0222305 0.113463 0.814557 0.0197911 
0.00517021 0.061075 0.8292 0.104336 0.00021865 
0.0995898 0.0460328 0.834903 0.0194745 2.21239e-07 
0.479806 0.0678655 0.350574 0.0984922 0.00326272 
0.0577561 0.0967799 0.7886 0.0392825 0.017582 
0.0839759 0.0468894 0.720621 0.148051 0.000462881 
0.671151 0.144102 0.182452 0.00143847 0.000856448 
0.0919114 0.54292 0.322088 0.0342826 0.00879833 
0.294188 0.19114 0.494268 0.0181179 0.00228557 
0.388392 0.13262 0.444698 0.0335629 0.000727553 
0.00176757 0.00247622 0.993596 0.00184649 0.000313533 
0.149138 0.595627 0.253779 0.00109022 0.000366263 
0.00960608 0.366449 0.611959 0.0108868 0.00109948 
