0.835956 9.52002e-05 0.00111542 0.103015 0.00385194 9.59514e-05 1.8803e-06 0.0130072 1.81438e-06 0.000831944 3.1838e-05 0.00959565 0.0172935 0.000625208 0.00916146 0.000543277 0.00407263 0.000703973 
0.584746 0.000342887 0.00143326 0.0423392 0.00944288 0.00181983 5.73375e-05 0.0170847 0.000415223 0.000686284 0.242695 0.0326303 0.0112775 0.0030059 0.0221008 0.0160838 0.00954484 0.00429409 
0.394873 0.000470903 0.000180821 0.0812836 0.0327724 0.169046 0.000270298 0.0111565 0.00661885 0.000835683 0.0200742 0.173565 0.052152 0.00136592 0.0270571 0.0152254 0.0035962 0.00945668 
0.755099 0.00239086 2.65979e-05 0.0153782 0.00371993 0.00342764 4.79056e-05 0.00254255 6.11586e-05 0.000135187 0.00392852 0.0917104 0.00573417 0.00740341 0.0930969 0.00594958 0.00605856 0.00328905 
0.620789 7.15343e-05 7.61584e-05 0.126284 0.0050251 0.00248436 6.81774e-06 0.00358086 8.62475e-05 0.000376206 7.11569e-06 0.00878649 0.105117 0.00818185 0.00268748 0.000152049 0.0109729 0.105314 
0.782665 6.8058e-05 7.54299e-10 0.107323 0.00168988 0.000155552 1.10509e-05 0.00302046 2.44886e-09 0.00103251 4.05921e-13 0.00436933 0.056937 0.00024433 0.00100002 9.91405e-10 5.56053e-05 0.0414277 
0.409715 1.60747e-08 1.08698e-05 0.00971338 0.0674767 0.00369435 4.66208e-06 0.0214598 1.05751e-05 1.20564e-05 2.58264e-08 0.112132 0.299175 8.39064e-05 0.0753535 8.08352e-05 1.20446e-05 0.00106602 
0.740915 0.000323595 3.85737e-05 0.00286652 0.00688212 0.000852202 4.6434e-06 0.0107585 3.94661e-05 8.52439e-05 2.95712e-05 0.00355647 0.0179397 0.0834567 0.126357 0.00043239 0.00222675 0.00323568 
0.447656 0.00445803 0.000174216 0.0667334 0.00986251 0.0275748 0.000253229 0.00492785 0.00012797 0.000574253 3.42834e-08 0.0805949 0.125011 0.00529555 0.0617535 3.76127e-05 0.000775823 0.16419 
0.395565 0.30802 0.000150284 0.00304369 0.00400847 0.0219377 6.05113e-06 0.000769811 0.00271176 0.000160294 2.57781e-08 0.0541751 0.00728755 0.165139 0.0292664 0.0075992 0.000156653 2.39664e-06 
0.746387 0.00071756 0.000156778 0.0603603 0.00442641 0.000663921 1.35044e-05 0.0258396 2.71965e-05 0.00100447 0.00162874 0.0541822 0.0358959 0.000638386 0.00536735 0.00930625 0.0498778 0.0035066 
0.530378 0.00231891 0.00113331 0.146572 0.00637355 0.00102317 1.17623e-05 0.0520449 0.000312049 0.00246086 0.00141866 0.0719976 0.132768 0.000726945 0.0207887 0.000118773 0.0104258 0.0191269 
0.392431 0.0025774 0.000310076 0.244616 0.0102824 0.00330026 1.05385e-05 0.00626059 0.00179149 0.00117015 0.00111817 0.00845126 0.23927 0.00430143 0.0192743 6.22595e-05 0.0102676 0.0545058 
0.472613 0.00717391 0.00122999 0.195235 0.0359747 0.020617 4.80979e-07 0.11787 1.27361e-07 0.000392145 2.57679e-05 0.0373718 0.0695537 0.00168531 0.0315668 0.000198111 0.00305388 0.00543805 
0.310656 0.000347583 0.00138786 0.0534826 0.0098992 0.00234145 1.35841e-05 0.0397798 0.00126641 0.00761998 0.014951 0.305613 0.117189 0.00181292 0.0211519 0.0677145 0.0317328 0.01304 
0.535739 7.66789e-05 0.000136017 0.2285 0.0033294 0.000353819 1.7394e-05 0.00528374 4.69087e-06 0.00106198 5.75476e-09 0.00457724 0.0466794 0.000711863 0.00236614 1.0863e-05 0.016375 0.154777 
0.921116 0.000136066 5.92095e-05 0.0315198 0.00261114 0.000177048 1.74745e-06 0.00981453 4.53349e-06 0.000630839 1.22457e-05 0.0117441 0.0178108 0.00017727 0.00345441 0.000432377 0.000126621 0.000170703 
0.71027 1.75365e-06 0.000564149 0.0100274 0.00650418 0.00924448 4.73035e-06 0.00882271 0.000318503 0.000601615 0.00443363 0.18869 0.0198862 0.000711466 0.00811407 0.0278527 0.000181466 0.00377086 
0.835956 9.52002e-05 0.00111542 0.103015 0.00385194 9.59514e-05 1.8803e-06 0.0130072 1.81438e-06 0.000831944 3.1838e-05 0.00959565 0.0172935 0.000625208 0.00916146 0.000543277 0.00407263 0.000703973 
0.468169 1.38023e-05 2.18844e-06 0.1495 0.00378018 0.00263382 3.19813e-06 0.00586061 0.00561425 0.000181765 0.000260084 0.008734 0.19104 0.00313982 0.00734675 2.13612e-12 0.0142926 0.139428 
0.848475 0.000110712 0.000597902 0.0750809 0.00507133 0.000726894 6.22255e-06 0.0113658 0.000121102 0.000458638 0.000279743 0.0185035 0.0138474 0.000596277 0.00698092 0.00865166 0.00500724 0.00411876 
0.792051 0.000142794 0.00106326 0.132177 0.00551937 0.000143923 2.81947e-06 0.0164954 2.72059e-06 0.000774757 4.77522e-05 0.0108969 0.0212232 0.000625463 0.0119024 0.000426288 0.00564757 0.000857393 
0.830802 1.1046e-05 0.000121381 0.0144978 0.00454112 0.00352146 2.505e-05 0.00350059 5.58171e-05 0.000565361 0.00517058 0.0402556 0.00670831 0.0354347 0.0173268 0.0193746 0.010541 0.00754704 
0.929638 6.97405e-05 1.62915e-05 0.0288899 0.0009297 4.10927e-06 2.71581e-06 0.00577297 2.25753e-09 0.000429416 9.54241e-09 0.00939694 0.0204917 0.000122356 0.00301632 0.00023421 7.7734e-05 0.000907648 
0.921482 8.42888e-09 0.000170151 0.0105872 0.00237402 0.000191424 1.85242e-05 0.0151665 1.61109e-05 0.000615383 2.80003e-12 0.0270135 0.0100303 0.000676014 0.0102859 4.51436e-05 0.0011161 0.000211308 
0.351674 0.00466923 0.00122104 0.113093 0.0663444 0.00230029 1.55523e-07 0.121071 1.68499e-10 0.000732077 0.0316728 0.0467473 0.0639394 0.00341763 0.188306 0.00011111 0.000666672 0.00403456 
0.269681 0.0108735 0.00020401 0.240058 0.0055357 0.000425493 1.33994e-06 0.023618 0.000483845 0.000343941 0.00302367 0.0212921 0.148605 0.00693065 0.011943 7.60773e-05 0.0202297 0.236675 
0.307078 0.000118906 8.42763e-05 0.016323 0.0200341 0.252133 0.000727688 0.0226467 0.212019 1.80708e-05 0.000139373 0.0904959 0.0234042 0.000430553 0.00757016 0.0297919 0.0057468 0.0112377 
0.323758 8.63031e-05 0.000937107 0.00151504 0.0170435 0.0415243 1.53164e-06 0.178459 0.0913874 8.28332e-05 0.0174853 0.254292 0.0291515 0.00081011 0.0108975 0.0261756 0.000805175 0.0055882 
0.519159 0.0226945 1.25993e-07 0.00172091 0.0104289 0.0659356 2.46378e-05 0.027937 0.000353684 4.73341e-05 0.00171407 0.000492119 0.00322887 0.140837 0.0118214 0.192085 1.81893e-05 0.00150146 
0.336923 8.28662e-05 0.000266376 0.183444 0.0117476 0.00150648 6.74187e-05 0.00736449 0.000172897 0.000449575 0.000712604 0.0117132 0.0779787 0.0216829 0.0113616 6.12097e-05 0.083983 0.250482 
0.241785 0.0360132 0.000435863 4.07471e-07 0.0808911 0.0558538 0.000134504 0.0362895 0.0119745 0.000143154 0.0182362 0.179764 0.0846587 0.00612647 0.172012 0.00306143 0.0116486 0.0609714 
0.558906 0.00226867 0.00430628 0.177265 0.0343266 0.000134939 6.92772e-06 0.0548889 1.42881e-05 0.0163077 0.000746293 0.0181715 0.0329381 0.00148033 0.0306591 0.00853224 0.0444813 0.014565 
0.599242 0.00133102 0.117031 0.0393229 0.0404256 0.00850128 4.27098e-06 0.0176335 0.000540885 0.000295841 3.05418e-05 0.0534317 0.039872 0.000338929 0.0063419 0.000252038 0.00237383 0.0730304 
0.328507 0.00112603 0.000575229 0.301342 0.021287 0.00662311 4.36402e-05 0.0249096 0.000194575 0.0428107 0.000248183 0.0229125 0.180479 0.0011351 0.0242826 0.000438367 0.00316361 0.0399215 
0.520857 0.000521648 1.05445e-06 0.00849485 0.00242382 0.000656544 5.24766e-06 0.00103108 9.72857e-06 1.37231e-05 1.26966e-06 0.000548184 0.00565933 0.0223738 0.430991 4.55049e-06 0.00460195 0.00180526 
0.859874 5.833e-05 0.000130517 0.0456448 0.00321419 0.00216916 1.47772e-05 0.0087469 7.75145e-06 0.000857927 0.00055006 0.0397795 0.0120092 0.00272392 0.0083663 0.0138558 0.000455556 0.00154172 
0.808095 4.52945e-07 0.000768913 0.0573156 0.00325945 2.81498e-05 1.85291e-07 0.03603 3.2384e-08 0.00126205 1.59865e-07 0.0097087 0.00944916 0.000758557 0.072125 0.00071922 0.000173018 0.000306639 
0.921482 8.42888e-09 0.000170151 0.0105872 0.00237402 0.000191424 1.85242e-05 0.0151665 1.61109e-05 0.000615383 2.80003e-12 0.0270135 0.0100303 0.000676014 0.0102859 4.51436e-05 0.0011161 0.000211308 
0.323758 8.63031e-05 0.000937107 0.00151504 0.0170435 0.0415243 1.53164e-06 0.178459 0.0913874 8.28332e-05 0.0174853 0.254292 0.0291515 0.00081011 0.0108975 0.0261756 0.000805175 0.0055882 
0.381741 0.00106377 0.261226 0.00258592 0.0620627 0.0191281 3.56768e-06 0.0261404 0.00082439 0.00633882 0.000258279 0.193074 0.0252531 0.000250739 0.0082668 0.00126206 0.00107883 0.00944149 
0.324929 0.000153734 0.00110108 0.173147 0.0671964 0.00401072 1.24285e-05 0.0292357 6.73991e-05 0.000247744 0.0109348 0.0301239 0.0574836 0.100782 0.0926801 0.0120241 0.0701769 0.0256937 
0.455835 0.00553312 0.000542968 0.107551 0.00914418 0.00224895 4.59757e-05 0.0146769 9.39346e-05 0.24946 0.0203655 0.0419067 0.0100538 0.00136172 0.0207256 0.0272387 0.0186292 0.0145866 
0.407128 0.00319864 0.0165098 0.105281 0.098991 0.0171502 4.32784e-05 0.0738433 0.000915846 0.0015701 0.000754979 0.056134 0.150204 0.00203125 0.0356483 0.000331673 0.0253145 0.00494999 
0.700942 0.000173394 0.000465427 0.123744 0.00635178 0.00170039 7.03687e-06 0.00505902 6.59631e-05 0.000899414 0.000258166 0.0143073 0.0562646 0.00536584 0.00348301 0.000169403 0.0141384 0.0666049 
0.466751 0.00169566 0.00858656 0.25197 0.0895954 0.00451553 5.32924e-05 0.0437642 6.31053e-05 0.0001467 0.00832809 0.0345583 0.0214576 0.00299181 0.0213991 0.00209836 0.00499085 0.0370351 
0.719991 1.43588e-05 0.000185117 0.0240556 0.00749226 0.00580263 3.06692e-05 0.0057718 7.68255e-05 0.000897379 0.00844467 0.0668809 0.0111227 0.0587056 0.0287831 0.0319149 0.0173797 0.0124504 
0.395565 0.30802 0.000150284 0.00304369 0.00400847 0.0219377 6.05113e-06 0.000769811 0.00271176 0.000160294 2.57781e-08 0.0541751 0.00728755 0.165139 0.0292664 0.0075992 0.000156653 2.39664e-06 
0.463936 0.000215311 0.000679161 0.0329378 0.0565061 0.0028501 2.13636e-05 0.235323 6.00354e-05 0.000259787 0.000708321 0.0685083 0.10585 0.00379836 0.0114609 0.000656047 0.000285459 0.0159442 
0.4531 0.0185748 0.000548295 0.0652396 0.0467873 0.0218395 1.57127e-05 0.21383 0.000249033 0.00124111 0.000432949 0.0189478 0.102292 0.00442837 0.0385904 0.000177048 0.000995754 0.0127098 
0.480462 0.0184166 0.00181641 0.208324 0.00298183 9.47193e-05 1.70757e-06 0.115359 1.52151e-06 0.000329724 0.000268147 0.00617873 0.095371 0.00399793 0.065427 8.30228e-05 0.000104587 0.000782008 
0.270923 0.0001905 0.00176595 0.0443884 0.0117662 0.0176767 1.16793e-05 0.0095755 0.00884491 0.0349304 0.00816321 0.203353 0.21504 0.00228099 0.0233923 0.0603017 0.0276699 0.059726 
0.560841 0.00109072 0.00323421 0.12846 0.00916541 0.00438111 1.3252e-05 0.0192412 0.00051711 0.00158007 0.0165639 0.0296725 0.109539 0.00122124 0.0284144 0.00348556 0.0325191 0.0500604 
0.42966 0.000267281 0.00021837 0.0857449 0.0101524 0.000274395 6.85897e-06 0.227149 0.00321737 1.91756e-05 8.25907e-11 0.0445753 0.107464 0.00533001 0.0394769 0.0435691 4.60092e-05 0.00282832 
0.609704 0.000233531 0.000815509 0.126558 0.00504658 0.000822006 7.50894e-06 0.00799291 0.000320947 0.00130269 0.000198113 0.0182824 0.106543 0.000748781 0.00461184 0.000308727 0.007213 0.10929 
0.585667 0.000155494 1.1705e-05 0.122867 0.00343773 0.000894169 1.25342e-05 0.00352012 1.58712e-05 0.00153046 7.27052e-09 0.00861885 0.0972734 0.000205912 0.000849319 1.01152e-05 4.5218e-05 0.174885 
0.857476 1.75323e-06 0.000258739 0.0162247 0.00291531 0.00505626 2.94624e-05 0.00559355 1.93759e-05 0.00100619 0.000721843 0.0596756 0.00423902 0.00583958 0.0156334 0.0233949 0.000722212 0.00119185 
0.929638 6.97405e-05 1.62915e-05 0.0288899 0.0009297 4.10927e-06 2.71581e-06 0.00577297 2.25753e-09 0.000429416 9.54241e-09 0.00939694 0.0204917 0.000122356 0.00301632 0.00023421 7.7734e-05 0.000907648 
0.395565 0.30802 0.000150284 0.00304369 0.00400847 0.0219377 6.05113e-06 0.000769811 0.00271176 0.000160294 2.57781e-08 0.0541751 0.00728755 0.165139 0.0292664 0.0075992 0.000156653 2.39664e-06 
0.393286 0.0108597 6.31154e-06 0.242991 0.0220325 0.000773366 4.8926e-07 0.00756488 3.9963e-05 0.000419046 0.000478989 0.0167504 0.28455 0.00518977 0.0122861 9.0019e-05 0.000227734 0.00245399 
0.270861 1.20595e-07 2.30658e-07 0.0827597 0.20287 0.00816405 1.44487e-08 0.00267763 6.06972e-07 0.00542497 7.24794e-06 0.0591389 0.124113 2.26315e-05 0.0106751 0.00238137 0.0818109 0.149092 
0.661184 0.000104061 0.000792872 0.1022 0.00261666 0.00119603 8.80329e-05 0.0449093 7.34808e-05 0.000492956 0.00144078 0.067413 0.0579745 0.000544597 0.00796505 0.0101627 0.00292482 0.037917 
0.245059 0.000486062 0.000593 0.110978 0.0890381 0.00787013 4.88369e-06 0.00603942 3.81611e-05 0.000393818 0.00228922 0.0485225 0.126892 0.00204269 0.0302244 0.00546719 0.171946 0.152116 
0.46773 0.000624849 0.0760555 0.0220649 0.0744075 0.0160715 1.473e-05 0.0164099 0.0015377 0.00167011 0.000318617 0.150066 0.0854341 0.030336 0.0207737 0.00370836 0.0087962 0.0239808 
0.465239 0.00666614 0.00164638 0.0335719 0.0276247 0.0245295 0.000372133 0.0182151 0.030715 0.000410244 8.58598e-05 0.173517 0.0632131 0.00353777 0.0292853 0.102942 0.000290694 0.0181384 
0.446826 0.0107194 0.000406495 0.175278 0.0335384 0.00808048 1.16827e-05 0.016754 0.00389926 0.00169051 0.00168645 0.00955366 0.176204 0.00140134 0.0510664 4.08966e-06 0.0103535 0.0525263 
0.380657 0.00166324 0.000961329 0.348745 0.0139151 0.00161212 8.5247e-05 0.0092518 0.000191678 0.00149215 0.000550567 0.0139367 0.181846 0.00138049 0.0193046 0.000100867 0.0120351 0.0122715 
0.565024 0.000282983 0.00180939 0.176158 0.00963994 0.00403935 7.23624e-06 0.0173805 5.31084e-05 0.000864018 0.00130373 0.0941063 0.0629017 0.000945242 0.0306257 0.00753414 0.00556324 0.0217614 
0.464127 0.00993096 6.97257e-05 0.089985 0.00672965 0.00157831 9.41543e-06 0.0202287 0.000900525 6.45354e-05 0.00060474 0.00246643 0.366553 0.00175359 0.030701 2.77027e-08 0.00302618 0.00127139 
0.945113 1.93523e-06 0.000101067 0.0147874 0.00585167 0.00297346 1.18532e-05 0.00123733 1.54224e-05 0.000112915 0.00705238 6.48193e-05 7.95932e-05 0.000247524 0.0200133 2.44555e-05 3.05241e-05 0.00228086 
0.446884 0.00298241 0.000319776 0.307314 0.0526382 0.0148304 0.000143497 0.0472388 5.99037e-05 0.000322272 7.04409e-05 0.0431683 0.0550199 0.0023182 0.0173704 0.000233006 0.000661587 0.00842543 
0.271686 0.00520285 0.000795078 0.171792 0.0225511 0.00586758 2.05737e-05 0.0373895 0.078387 0.00164741 0.0024138 0.157575 0.15453 0.0063123 0.00874263 0.0068932 0.0109265 0.0572678 
0.929638 6.97405e-05 1.62915e-05 0.0288899 0.0009297 4.10927e-06 2.71581e-06 0.00577297 2.25753e-09 0.000429416 9.54241e-09 0.00939694 0.0204917 0.000122356 0.00301632 0.00023421 7.7734e-05 0.000907648 
0.929638 6.97405e-05 1.62915e-05 0.0288899 0.0009297 4.10927e-06 2.71581e-06 0.00577297 2.25753e-09 0.000429416 9.54241e-09 0.00939694 0.0204917 0.000122356 0.00301632 0.00023421 7.7734e-05 0.000907648 
0.719991 1.43588e-05 0.000185117 0.0240556 0.00749226 0.00580263 3.06692e-05 0.0057718 7.68255e-05 0.000897379 0.00844467 0.0668809 0.0111227 0.0587056 0.0287831 0.0319149 0.0173797 0.0124504 
0.270861 1.20595e-07 2.30658e-07 0.0827597 0.20287 0.00816405 1.44487e-08 0.00267763 6.06972e-07 0.00542497 7.24794e-06 0.0591389 0.124113 2.26315e-05 0.0106751 0.00238137 0.0818109 0.149092 
0.257582 0.146798 7.74302e-05 0.171113 0.00454527 0.0653334 2.26461e-05 0.10229 5.07385e-05 0.000158459 0.00661394 0.00813093 0.0251151 0.00116248 0.0832386 0.00018607 0.000183222 0.127399 
0.759522 0.000631662 0.00051306 0.0710211 0.00642094 0.00103085 1.78996e-05 0.0262511 0.000211636 0.015275 0.000374633 0.0184737 0.020213 0.0392858 0.0246896 0.0057492 0.0049476 0.00537165 
0.901211 6.73185e-08 1.53575e-05 0.0106962 0.00829606 0.0146168 1.47189e-05 0.0218397 1.68573e-06 0.000261224 0.00035825 0.0304131 0.000296172 0.00239463 0.00594475 0.00331354 0.000308098 1.90511e-05 
0.48492 0.0114808 0.000451316 0.0109274 0.0135793 0.00500583 3.19095e-07 0.00415336 6.36323e-05 0.000214235 0.000135049 0.00183425 0.0408047 0.00252668 0.402231 2.16268e-05 0.000819167 0.0208312 
0.296809 0.0289684 0.00245744 0.0720016 0.0189623 0.00597637 4.85275e-05 0.247862 0.00445195 0.00492465 0.0045045 0.0606709 0.120417 0.00742142 0.0747068 0.00621019 0.00430597 0.0393007 
0.365605 0.00104401 0.000108132 0.071236 0.0039295 0.000447763 2.22082e-06 0.091455 2.30779e-06 0.00253575 1.88863e-06 0.234039 0.173031 0.0005452 0.00554761 7.46245e-06 0.000137612 0.0503239 
0.323758 8.63031e-05 0.000937107 0.00151504 0.0170435 0.0415243 1.53164e-06 0.178459 0.0913874 8.28332e-05 0.0174853 0.254292 0.0291515 0.00081011 0.0108975 0.0261756 0.000805175 0.0055882 
0.519714 0.00110246 0.000912868 0.119762 0.0123732 0.00502297 1.64733e-06 0.0711033 0.000436713 0.00292092 0.000187229 0.0443636 0.06655 0.0346831 0.0782257 0.00916614 0.0180544 0.0154194 
0.491185 0.000367206 0.000576767 0.0442536 0.00406696 0.00343636 1.16676e-05 0.020565 2.5149e-05 0.000271639 0.000212473 0.381325 0.0189628 0.000196555 0.00440919 0.00503809 0.0197614 0.00533576 
0.259817 0.00275832 0.00292337 0.196507 0.00953387 0.0262016 4.9538e-05 0.0117047 0.000731499 0.00377852 0.0345644 0.031873 0.231179 0.0033332 0.0321093 0.00394454 0.0209959 0.127995 
0.859874 5.833e-05 0.000130517 0.0456448 0.00321419 0.00216916 1.47772e-05 0.0087469 7.75145e-06 0.000857927 0.00055006 0.0397795 0.0120092 0.00272392 0.0083663 0.0138558 0.000455556 0.00154172 
0.929638 6.97405e-05 1.62915e-05 0.0288899 0.0009297 4.10927e-06 2.71581e-06 0.00577297 2.25753e-09 0.000429416 9.54241e-09 0.00939694 0.0204917 0.000122356 0.00301632 0.00023421 7.7734e-05 0.000907648 
0.774762 7.11245e-05 0.000978154 0.117332 0.00524594 0.00161073 1.3824e-05 0.0126026 5.53707e-06 0.00092506 0.000638116 0.0329655 0.0143041 0.00347157 0.0146972 0.010896 0.00665224 0.00282854 
0.929638 6.97405e-05 1.62915e-05 0.0288899 0.0009297 4.10927e-06 2.71581e-06 0.00577297 2.25753e-09 0.000429416 9.54241e-09 0.00939694 0.0204917 0.000122356 0.00301632 0.00023421 7.7734e-05 0.000907648 
0.318693 0.000301838 0.00131484 0.223823 0.116432 0.00200078 3.6771e-05 0.0144503 0.00068426 0.000171518 0.000318547 0.0254312 0.179246 0.00488891 0.00770669 7.05257e-05 0.0150096 0.0894209 
0.308025 0.0032739 0.0115241 0.0869823 0.0335393 0.0315017 4.44104e-05 0.0896761 0.000822926 0.000295692 0.00264506 0.281118 0.0595718 0.0203679 0.0276096 0.00899854 0.00283742 0.0311664 
0.789458 8.10922e-05 1.05966e-06 0.0190029 0.00206768 0.00152836 3.30287e-05 0.00168415 0.000143929 0.000176327 3.32573e-05 0.00693918 0.0411137 0.00376292 0.00132277 7.79963e-06 0.0206009 0.112043 
0.652763 0.00637193 0.000313249 0.0664447 0.00312278 0.000493042 6.71545e-06 0.0684891 0.000144083 0.000447798 0.0298433 0.0766659 0.0630655 0.000203178 0.00832998 0.00694677 0.000633418 0.0157157 
0.347687 0.00998808 0.00249368 0.137802 0.0325049 0.00687673 1.17134e-05 0.0354246 0.00321038 0.000988407 0.00135754 0.0119109 0.194119 0.00126072 0.0477234 4.84239e-06 0.00852734 0.158108 
0.52494 4.06622e-05 0.000137941 0.293265 0.0976051 0.00108488 3.83324e-05 0.00138767 1.57017e-07 9.98645e-05 2.80395e-06 0.00834369 0.0209499 6.00651e-05 0.000874909 1.79142e-05 0.000335796 0.0508158 
0.222229 2.34459e-05 0.000156521 0.202676 0.0775037 0.00488411 9.96777e-07 0.0063351 0.00037323 0.000513709 0.0140068 0.0673093 0.181464 0.067349 0.0135596 0.0470689 0.0250535 0.0694928 
0.835956 9.52002e-05 0.00111542 0.103015 0.00385194 9.59514e-05 1.8803e-06 0.0130072 1.81438e-06 0.000831944 3.1838e-05 0.00959565 0.0172935 0.000625208 0.00916146 0.000543277 0.00407263 0.000703973 
0.394421 0.00125325 0.000342292 0.196376 0.0229698 0.0200193 1.40744e-06 0.0100066 0.00264194 0.00254983 0.00157505 0.0205032 0.223775 0.0610717 0.0348327 0.000228661 0.00118161 0.00625051 
0.446993 0.000770256 0.000177146 0.0442634 0.0179999 0.0543348 1.10144e-05 0.0283203 0.0223869 0.000392607 0.000896708 0.24159 0.0597531 0.000640907 0.0442029 0.0248154 0.000539469 0.0119125 
0.561973 2.4979e-05 6.93454e-06 0.0999369 0.00486161 0.000655854 2.34339e-05 0.00266631 1.54034e-05 0.00172315 1.13437e-07 0.00667671 0.0536743 0.0136621 0.00101626 0.000109865 0.00392543 0.249048 
0.393286 0.0108597 6.31154e-06 0.242991 0.0220325 0.000773366 4.8926e-07 0.00756488 3.9963e-05 0.000419046 0.000478989 0.0167504 0.28455 0.00518977 0.0122861 9.0019e-05 0.000227734 0.00245399 
0.312954 0.00135202 0.00260643 0.065578 0.00426131 0.00155719 1.25288e-05 0.0272419 0.000729515 0.00137728 0.00166111 0.0323715 0.249628 0.000205628 0.00561995 2.81277e-06 0.0172399 0.275601 
0.226485 0.00311296 0.0017966 0.121207 0.0162131 0.0203143 4.59295e-05 0.0302689 0.00113386 0.179424 0.0167059 0.024404 0.0898706 0.00610032 0.0282731 0.000804194 0.0459051 0.187935 
0.400544 0.00197446 0.0464487 0.207933 0.0162016 0.019316 0.124629 0.0492343 0.000190449 1.97307e-05 0.00167636 0.031075 0.0270125 0.000414931 0.00257341 0.0026262 0.00071574 0.0674139 
0.929638 6.97405e-05 1.62915e-05 0.0288899 0.0009297 4.10927e-06 2.71581e-06 0.00577297 2.25753e-09 0.000429416 9.54241e-09 0.00939694 0.0204917 0.000122356 0.00301632 0.00023421 7.7734e-05 0.000907648 
0.501128 0.000847171 0.00641944 0.164489 0.0111228 0.000478186 2.49367e-05 0.0253432 2.7679e-05 0.00201287 0.0397187 0.0408737 0.0157694 0.000715349 0.0560954 0.00027904 0.122838 0.0118169 
0.480704 1.02318e-05 4.60121e-05 0.0350658 0.00257916 0.00077232 5.23442e-06 0.0200369 0.000106441 0.000316024 8.02837e-06 0.00314955 0.0577817 0.00543637 0.000824075 0.000175212 0.014895 0.378088 
0.744772 0.000363257 0.00062112 0.113881 0.0236128 0.00197758 1.00381e-05 0.0112541 0.000113147 0.000729163 0.0122817 0.03394 0.0232691 0.000837842 0.00761054 0.0123874 0.00571649 0.00662283 
0.835956 9.52002e-05 0.00111542 0.103015 0.00385194 9.59514e-05 1.8803e-06 0.0130072 1.81438e-06 0.000831944 3.1838e-05 0.00959565 0.0172935 0.000625208 0.00916146 0.000543277 0.00407263 0.000703973 
0.699541 0.00100666 0.000117043 0.0944146 0.0110144 0.000878893 1.23898e-05 0.00791294 0.000311498 0.00130945 0.000906203 0.00589379 0.10284 0.00278207 0.00840726 3.93797e-05 0.0101553 0.0524574 
0.480461 0.00483227 0.000391888 0.0970963 0.00880375 0.00253884 5.42823e-05 0.0146307 7.50859e-05 0.234214 0.0167725 0.0469869 0.00790139 0.00156886 0.0246518 0.023218 0.0188599 0.0169432 
0.38767 0.0225701 0.000155626 0.0633704 0.0849991 0.0413271 1.53922e-06 0.111231 9.19261e-05 0.00552448 0.000485043 0.0398262 0.174112 0.0126894 0.0455069 0.000681457 0.0075149 0.00224231 
0.394421 0.00125325 0.000342292 0.196376 0.0229698 0.0200193 1.40744e-06 0.0100066 0.00264194 0.00254983 0.00157505 0.0205032 0.223775 0.0610717 0.0348327 0.000228661 0.00118161 0.00625051 
0.633757 0.0141127 0.000316502 0.155921 0.00596294 0.00341361 1.93762e-05 0.0255177 1.57925e-08 0.00287608 6.87345e-08 0.0108001 0.0858858 0.0117478 0.038579 0.00094281 0.0025079 0.00763909 
0.459107 0.00639878 0.000427175 0.163248 0.00749093 0.0016769 2.64889e-05 0.012087 0.00110911 0.00414343 0.0027898 0.0108682 0.238018 0.000744808 0.0328681 7.94608e-06 0.00549313 0.0534956 
0.654294 0.000154639 2.15226e-05 0.29374 0.00420581 0.000332824 1.20604e-06 0.00413123 0.000219966 0.000688869 2.59092e-06 0.00617733 0.0169739 1.73272e-05 0.000139994 3.2405e-05 9.66324e-06 0.0188574 
0.499292 0.00211375 0.000296488 0.0625358 0.00808641 0.0015574 4.56266e-05 0.0358417 0.0002519 0.0570046 0.000305998 0.0149179 0.0328073 0.194119 0.0827308 0.000290513 0.00114506 0.0066572 
0.348699 0.000255359 0.00042036 0.1588 0.0386089 0.0577799 2.82183e-05 0.0197416 0.00021142 0.00101591 0.00455423 0.0548662 0.126286 0.0502612 0.0146396 0.00530096 0.000618763 0.117912 
0.835956 9.52002e-05 0.00111542 0.103015 0.00385194 9.59514e-05 1.8803e-06 0.0130072 1.81438e-06 0.000831944 3.1838e-05 0.00959565 0.0172935 0.000625208 0.00916146 0.000543277 0.00407263 0.000703973 
0.348699 0.000255359 0.00042036 0.1588 0.0386089 0.0577799 2.82183e-05 0.0197416 0.00021142 0.00101591 0.00455423 0.0548662 0.126286 0.0502612 0.0146396 0.00530096 0.000618763 0.117912 
0.353094 0.00134486 0.010716 0.0842558 0.0210143 0.0273293 7.718e-06 0.0255718 0.000422123 0.012842 0.0011368 0.063406 0.163429 0.00581705 0.0348151 0.000213754 0.0130554 0.181528 
0.929638 6.97405e-05 1.62915e-05 0.0288899 0.0009297 4.10927e-06 2.71581e-06 0.00577297 2.25753e-09 0.000429416 9.54241e-09 0.00939694 0.0204917 0.000122356 0.00301632 0.00023421 7.7734e-05 0.000907648 
0.544673 5.64037e-07 5.78976e-05 0.0257559 0.0127855 0.00315962 9.3217e-05 0.0339818 3.35245e-05 0.000278537 0.0196139 0.0707126 0.0123346 0.119133 0.0361511 0.0363586 0.0506607 0.0342155 
0.482948 0.0106107 5.90414e-06 3.77002e-05 0.0633933 0.00751727 2.30791e-08 0.00335256 6.18433e-06 8.07778e-06 0.000715512 0.00277405 0.0664643 0.000585061 0.351968 3.54434e-07 0.000720263 0.0088928 
0.587048 0.000828425 2.70128e-05 0.181784 0.0010566 0.0630796 1.58203e-06 0.00394423 0.00387599 0.0002668 5.78279e-06 0.00472182 0.14015 0.000175784 0.00600519 0.000179147 5.41773e-05 0.00679562 
0.400665 0.00772584 0.00934385 0.0422864 0.0303414 0.0601866 2.7746e-05 0.0322419 0.00806566 0.000209756 0.000993463 0.262272 0.0100037 0.0010176 0.0410764 0.0060554 0.0059406 0.0815465 
0.694235 1.1151e-05 3.98894e-05 0.0297246 0.0169127 0.0173172 1.96322e-06 0.00230871 0.000373273 0.000535581 0.000574615 0.0129576 0.0385562 0.00265021 0.00519061 0.000159271 0.00109803 0.177353 
0.369779 0.0130923 0.00237767 0.0762449 0.0108167 2.92354e-05 5.86774e-07 0.12161 1.63311e-05 0.00060764 0.000873223 0.12416 0.143721 0.00592811 0.112588 0.000205073 0.00352038 0.0144297 
0.520353 3.57845e-05 0.00415732 0.10282 0.0272252 0.00970971 9.57003e-06 0.0248152 0.000318484 0.000659118 0.00668746 0.190141 0.0405923 0.00143792 0.027036 0.0200071 0.0139941 0.0100005 
0.499292 0.00211375 0.000296488 0.0625358 0.00808641 0.0015574 4.56266e-05 0.0358417 0.0002519 0.0570046 0.000305998 0.0149179 0.0328073 0.194119 0.0827308 0.000290513 0.00114506 0.0066572 
0.357233 0.00228589 0.003388 0.0457083 0.00892589 0.00967119 3.17044e-05 0.0129107 0.000181818 0.0023502 0.000173256 0.26147 0.185522 0.00100825 0.00575698 0.000410117 0.00243675 0.100535 
0.345653 0.0230369 1.60504e-05 0.258939 0.00197852 0.00534984 2.24266e-06 0.00568015 0.000132438 0.0011688 1.55224e-07 0.0674807 0.0580249 0.00734241 0.178564 0.0005399 0.00232872 0.043762 
0.787872 0.000143773 0.000512308 0.13425 0.00307403 0.000342079 1.6597e-06 0.00885707 7.62601e-07 0.000580463 1.37142e-05 0.0233909 0.0289978 0.000523748 0.00688971 0.000262195 0.00195938 0.00232877 
0.37951 6.8203e-07 0.00226417 0.0017506 0.0734819 0.132548 0.000100657 0.209496 2.25307e-05 0.000891896 0.0220141 0.0665665 0.000456427 0.00155594 0.02647 0.0114349 0.065579 0.0058568 
0.346127 0.00341457 0.0311529 0.177044 0.0295454 0.00314075 3.89628e-05 0.186771 6.4176e-05 0.00479917 0.00333412 0.0338811 0.161284 0.00148223 0.00588124 0.000603275 3.02371e-05 0.0114046 
0.571543 4.92722e-06 1.13902e-07 9.26491e-05 1.23075e-06 8.15667e-08 1.59271e-08 9.33516e-07 1.18589e-07 1.8884e-05 3.09431e-07 2.4579e-07 1.02558e-06 0.00145969 0.42683 1.25475e-11 2.15948e-05 2.58566e-05 
0.453785 0.00198292 0.00208923 0.0806601 0.0276746 0.0120024 9.7535e-06 0.0211195 0.00434316 0.000651321 0.0105958 0.0294192 0.178931 0.00690506 0.0171956 0.000111566 0.00566412 0.14686 
0.642765 0.000165609 0.000238983 0.223324 0.00486815 9.67061e-05 1.108e-06 0.0453863 1.46201e-09 0.000274247 1.2942e-05 0.019604 0.0491037 0.000526771 0.00858476 0.00011415 0.00246653 0.00246626 
0.459107 0.00639878 0.000427175 0.163248 0.00749093 0.0016769 2.64889e-05 0.012087 0.00110911 0.00414343 0.0027898 0.0108682 0.238018 0.000744808 0.0328681 7.94608e-06 0.00549313 0.0534956 
0.378982 0.00304722 4.45651e-05 0.243798 0.0260104 0.0257051 4.85979e-05 0.0103667 0.00126128 0.00135778 0.00354938 0.00713775 0.108583 0.0186073 0.0137048 0.0253301 0.00715521 0.125312 
0.445132 3.77627e-05 0.000127335 0.122632 0.00960932 0.00184022 1.40564e-05 0.0859711 1.19667e-08 0.0023235 5.10836e-07 0.0865996 0.088268 0.00568772 0.142831 0.000310488 0.00781975 0.000795907 
0.623075 5.18954e-05 0.000177963 0.171668 0.00627813 0.00026055 3.41158e-07 0.112928 2.64658e-09 0.000205903 4.03376e-07 0.0249667 0.0438011 0.00118289 0.013648 0.000433669 0.00020842 0.00111325 
0.519483 0.00578754 8.76394e-05 0.0794137 0.0317693 0.00451505 8.69152e-06 0.0502202 0.0122624 0.00147901 0.0060677 0.041685 0.087334 0.00586517 0.0824927 0.0116923 0.00370027 0.0561366 
0.501128 0.000847171 0.00641944 0.164489 0.0111228 0.000478186 2.49367e-05 0.0253432 2.7679e-05 0.00201287 0.0397187 0.0408737 0.0157694 0.000715349 0.0560954 0.00027904 0.122838 0.0118169 
0.874678 0.00231928 6.2398e-05 0.0121519 0.0141497 0.00941241 4.66331e-06 0.00934032 0.00144111 0.000499759 0.00106915 0.0601544 0.0102509 0.00170733 0.00168512 0.000226682 7.15082e-05 0.000775254 
0.459107 0.00639878 0.000427175 0.163248 0.00749093 0.0016769 2.64889e-05 0.012087 0.00110911 0.00414343 0.0027898 0.0108682 0.238018 0.000744808 0.0328681 7.94608e-06 0.00549313 0.0534956 
0.309749 0.00234501 0.00194886 0.124126 0.0415207 0.00365437 2.44593e-06 0.0167397 0.000146575 0.00240113 0.00606592 0.0246384 0.297174 0.00737255 0.0417757 0.000123149 0.00239117 0.117826 
0.825026 0.00104625 0.000171685 0.0468069 0.00240917 6.93666e-05 1.03366e-05 0.0471913 6.41435e-06 0.000412972 2.59167e-05 0.0103553 0.0364238 0.00252455 0.0238204 0.000227051 0.000393225 0.00307956 
0.557938 5.30287e-05 0.00239775 0.172362 0.00689363 0.00269111 1.37339e-05 0.0423044 4.58225e-05 0.000875988 0.0279543 0.0775227 0.0214643 0.00168373 0.0326922 0.00515352 0.0184974 0.0294554 
0.645994 0.0032598 3.16435e-05 0.111222 0.00717066 0.00465073 2.20545e-05 0.0082129 0.000213157 0.000956858 2.64531e-08 0.0210517 0.119523 0.00226847 0.0315056 7.88172e-06 6.49396e-05 0.0438448 
0.479465 3.26747e-05 0.000204016 0.24143 0.00382701 0.000530724 2.04671e-05 0.0054337 7.03524e-06 0.00118119 7.63066e-09 0.00362938 0.040132 0.000827408 0.00109407 9.04754e-06 0.0236764 0.1985 
0.919937 5.22056e-08 2.40534e-08 0.0310747 0.000760385 1.75103e-08 2.00689e-06 0.0108759 1.20726e-08 0.000634235 1.76572e-12 0.0164466 0.0104014 0.000183924 0.00905787 1.83608e-05 0.000270796 0.000336661 
0.81404 0.000386838 0.000160647 0.000307568 0.00380421 0.143234 0.000508839 0.00504611 0.00485044 0.00340758 0.000743124 0.00228169 0.00287256 0.000400283 0.0169332 1.26473e-06 0.0003216 0.000699618 
0.848475 0.000110712 0.000597902 0.0750809 0.00507133 0.000726894 6.22255e-06 0.0113658 0.000121102 0.000458638 0.000279743 0.0185035 0.0138474 0.000596277 0.00698092 0.00865166 0.00500724 0.00411876 
0.356019 0.0191406 0.00530646 0.104644 0.0722342 0.0645709 0.000199334 0.0122703 0.00249652 0.0126475 0.000697336 0.0447092 0.154598 0.00607991 0.059009 0.000237971 0.0168104 0.0683293 
0.293845 0.0340754 0.00169376 0.0263989 0.0681606 0.0883637 0.000815972 0.0673852 0.00116388 0.000448055 0.0135001 0.192446 0.111268 0.00446316 0.067391 0.0125013 0.00103659 0.0150436 
0.98355 6.12903e-09 3.47722e-09 1.59812e-05 0.000188523 6.11769e-06 6.95264e-06 0.000138388 3.22288e-07 9.19876e-08 8.7205e-09 4.42452e-05 0.000231909 0.000154408 0.0152455 3.64277e-09 0.000169802 0.000247946 
0.962793 0.000426564 0.00024942 0.0156649 0.00193178 0.00170552 5.87814e-05 0.00154361 2.69899e-08 0.000722777 1.48363e-05 0.00476385 0.00448983 0.000946526 0.000768521 7.68116e-05 8.47156e-05 0.0037584 
0.475041 4.31273e-05 0.0005446 0.215844 0.00583999 0.00147392 1.28557e-05 0.0046963 5.58808e-05 0.000722678 0.000138342 0.00988193 0.0869782 0.00831065 0.0026289 0.000198603 0.0333221 0.154267 
0.338868 0.000488317 0.000848305 0.314247 0.0124582 0.00230886 2.51087e-06 0.00799126 0.000305199 0.00126424 0.000431616 0.0200665 0.238392 0.00325524 0.0363282 0.000241172 0.0135951 0.00890808 
0.244773 0.00925441 0.00255814 0.0202007 0.0340251 0.0459699 0.000550072 0.0445048 0.000222702 7.63094e-05 0.00375971 0.093855 0.122565 0.0127849 0.116177 2.42901e-06 0.164104 0.0846167 
0.620789 7.15343e-05 7.61584e-05 0.126284 0.0050251 0.00248436 6.81774e-06 0.00358086 8.62475e-05 0.000376206 7.11569e-06 0.00878649 0.105117 0.00818185 0.00268748 0.000152049 0.0109729 0.105314 
0.98355 6.12903e-09 3.47722e-09 1.59812e-05 0.000188523 6.11769e-06 6.95264e-06 0.000138388 3.22288e-07 9.19876e-08 8.7205e-09 4.42452e-05 0.000231909 0.000154408 0.0152455 3.64277e-09 0.000169802 0.000247946 
0.383496 0.0166667 0.00553196 0.0777221 0.0250447 0.0107985 4.10434e-05 0.119638 0.00531202 0.000474711 0.0311169 0.0989043 0.10328 0.00393833 0.0500976 0.0494484 0.000254804 0.0182334 
0.835956 9.52002e-05 0.00111542 0.103015 0.00385194 9.59514e-05 1.8803e-06 0.0130072 1.81438e-06 0.000831944 3.1838e-05 0.00959565 0.0172935 0.000625208 0.00916146 0.000543277 0.00407263 0.000703973 
0.314013 0.000676376 0.00143309 0.00800009 0.0720605 0.0281956 0.000360443 0.00629202 2.70902e-07 0.000286764 0.000250712 0.0642328 0.139088 0.00218342 0.129921 2.81476e-05 0.0155209 0.217457 
0.309845 0.00119378 0.00111356 0.0618118 0.0106572 0.0184605 2.14587e-05 0.010301 0.000670646 0.29566 0.00551717 0.0322145 0.143509 0.00293932 0.0304002 0.000568715 0.00441823 0.0706978 
0.958723 6.66484e-12 3.82454e-07 0.00155715 0.00527907 0.0020049 7.43124e-08 2.52915e-06 0.0012094 5.36078e-07 1.07081e-11 0.0265238 1.41614e-06 0.00160629 3.99073e-06 0.00308685 5.84597e-07 2.09328e-07 
0.723825 9.18444e-05 0.000185519 0.140681 0.0142968 6.1882e-05 4.78524e-07 0.0628007 2.43188e-05 0.00265976 1.68527e-05 0.0266593 0.0201155 8.48908e-05 0.00154515 6.46849e-05 0.00103409 0.00585252 
0.510667 1.81081e-05 1.81056e-05 1.81138e-05 1.81113e-05 0.0253728 1.80903e-05 0.0344338 1.80972e-05 0.0253533 1.81032e-05 0.289833 1.81148e-05 1.81089e-05 1.81144e-05 1.81113e-05 1.81125e-05 0.114123 
0.848475 0.000110712 0.000597902 0.0750809 0.00507133 0.000726894 6.22255e-06 0.0113658 0.000121102 0.000458638 0.000279743 0.0185035 0.0138474 0.000596277 0.00698092 0.00865166 0.00500724 0.00411876 
0.270923 0.0001905 0.00176595 0.0443884 0.0117662 0.0176767 1.16793e-05 0.0095755 0.00884491 0.0349304 0.00816321 0.203353 0.21504 0.00228099 0.0233923 0.0603017 0.0276699 0.059726 
0.936254 8.16447e-05 8.82322e-05 0.025864 0.00167986 0.000106233 1.04905e-06 0.0074711 2.72108e-06 0.000706053 7.34923e-06 0.00983199 0.0138943 0.000220997 0.00298525 0.000559299 9.17359e-05 0.000153822 
0.461159 2.19313e-05 2.63287e-08 0.202476 0.0246917 0.00964213 7.46693e-06 0.00791999 0.00196837 0.00127997 0.0051092 0.0317246 0.0951535 0.0249395 0.0724325 0.00227305 0.0131472 0.0460536 
0.442359 0.00148921 0.330489 0.00362025 0.075879 0.0107829 1.26457e-06 0.0278737 0.000829536 3.80204e-05 1.00263e-07 0.0807683 0.0108356 0.000351014 0.00999296 0.000452041 0.000817668 0.00342037 
0.921482 8.42888e-09 0.000170151 0.0105872 0.00237402 0.000191424 1.85242e-05 0.0151665 1.61109e-05 0.000615383 2.80003e-12 0.0270135 0.0100303 0.000676014 0.0102859 4.51436e-05 0.0011161 0.000211308 
0.886251 0.000272037 8.54149e-05 0.0338562 0.00425997 0.000972182 3.42726e-06 0.00871589 3.45862e-05 0.000529964 0.000444897 0.0309778 0.0189624 0.000658092 0.00459887 0.00489787 0.000911413 0.00356748 
0.3885 0.00792441 0.00126871 0.234635 0.00739191 0.00057751 4.06784e-05 0.056311 5.72747e-05 9.73119e-05 0.000259055 0.0415469 0.0183635 0.000524978 0.00788054 0.213574 0.00017346 0.020874 
0.39005 0.00348803 0.00104295 0.119347 0.00788663 0.00185783 2.32082e-05 0.0237333 0.000802375 0.200773 0.00150547 0.0488952 0.103874 0.020949 0.0238914 0.000342104 0.0195998 0.0319381 
0.212232 0.00756844 0.197868 0.0226562 0.0466096 0.00591436 6.48566e-07 0.192889 0.000667377 0.000123449 0.000556923 0.166907 0.041178 0.00102504 0.0201241 0.000878583 0.00228155 0.0805198 
0.625386 0.00474401 0.000241605 0.00948554 0.0150774 0.172958 9.22515e-09 0.00139373 0.000635033 8.28096e-07 2.05202e-06 0.000697107 0.0160428 0.00165447 0.145299 9.59271e-08 0.000122615 0.00625988 
0.395565 0.30802 0.000150284 0.00304369 0.00400847 0.0219377 6.05113e-06 0.000769811 0.00271176 0.000160294 2.57781e-08 0.0541751 0.00728755 0.165139 0.0292664 0.0075992 0.000156653 2.39664e-06 
0.831095 0.000312253 4.54295e-05 0.00767859 0.00319449 9.47464e-06 6.84541e-06 0.0071626 8.82922e-06 5.09265e-06 0.000232112 0.00196319 0.0053917 0.00159367 0.125458 4.25345e-06 0.0113476 0.00449059 
0.459657 8.82815e-05 9.46743e-06 0.0861011 0.0118369 0.00486795 1.27291e-05 0.00332626 0.00014623 0.00105536 9.17584e-08 0.00831843 0.0588543 0.000189948 0.00329568 1.2448e-05 3.17737e-05 0.362196 
0.929638 6.97405e-05 1.62915e-05 0.0288899 0.0009297 4.10927e-06 2.71581e-06 0.00577297 2.25753e-09 0.000429416 9.54241e-09 0.00939694 0.0204917 0.000122356 0.00301632 0.00023421 7.7734e-05 0.000907648 
0.3702 0.202375 4.96469e-05 0.100593 0.0256025 0.0104008 1.59935e-05 0.00936185 0.0065651 0.00108378 0.00100872 0.0775754 0.0399014 0.0114597 0.128513 0.01157 0.00275707 0.000968169 
0.305496 0.0101761 0.000127838 0.287452 0.106842 0.00126309 3.27658e-07 0.0144317 2.66485e-05 0.000279394 0.000319356 0.0165925 0.208396 0.00957715 0.0347439 0.000113059 0.00062595 0.0035368 
0.450728 0.00310114 0.00186766 0.310813 0.00787873 0.00394976 9.42933e-06 0.0303008 0.000274403 0.00666566 0.000783754 0.0122981 0.105475 0.000629765 0.0403458 4.45064e-05 0.00977997 0.0150544 
0.277302 0.0417584 0.0101306 0.0485011 0.0224535 0.014819 4.02329e-05 0.117113 0.00373547 0.000124326 0.0686436 0.113474 0.0907478 0.000404458 0.0134727 0.146769 0.000128776 0.0303815 
0.921116 0.000136066 5.92095e-05 0.0315198 0.00261114 0.000177048 1.74745e-06 0.00981453 4.53349e-06 0.000630839 1.22457e-05 0.0117441 0.0178108 0.00017727 0.00345441 0.000432377 0.000126621 0.000170703 
0.581471 0.00012986 0.00146185 0.112707 0.0150453 0.0061145 1.32182e-05 0.0199274 0.000127164 0.000388679 0.0101648 0.134941 0.0348818 0.000936276 0.00958533 0.0465382 0.014777 0.01079 
0.737256 7.0698e-05 4.5604e-05 0.074733 0.00520571 0.001104 1.26217e-05 0.021181 0.000476966 0.000622759 0.017195 0.0856867 0.0128154 0.000210977 0.00199454 0.0316767 0.00136807 0.00834465 
0.620789 7.15343e-05 7.61584e-05 0.126284 0.0050251 0.00248436 6.81774e-06 0.00358086 8.62475e-05 0.000376206 7.11569e-06 0.00878649 0.105117 0.00818185 0.00268748 0.000152049 0.0109729 0.105314 
0.233111 0.112446 0.00501469 0.129043 0.0176512 0.107517 9.28381e-06 0.072434 0.000265396 0.00202011 0.00595527 0.0634456 0.128356 0.0360368 0.0523655 0.00366622 0.00776694 0.0228962 
0.330386 0.010466 0.00695442 0.113383 0.0172992 0.0152403 3.81095e-05 0.138499 0.00122453 0.000169979 0.0132491 0.15914 0.0716514 0.0171794 0.0328194 0.0263919 0.0112092 0.0346988 
0.446884 0.00298241 0.000319776 0.307314 0.0526382 0.0148304 0.000143497 0.0472388 5.99037e-05 0.000322272 7.04409e-05 0.0431683 0.0550199 0.0023182 0.0173704 0.000233006 0.000661587 0.00842543 
0.454741 0.0012241 0.00154255 0.070795 0.0117668 0.0213556 0.00053773 0.0435818 0.00092447 0.00750433 0.0114195 0.171723 0.076486 0.00351947 0.0790975 0.00616092 0.0132173 0.0244028 
0.583048 0.0167228 0.00128212 0.0255246 0.0389515 0.026044 1.94918e-06 0.0333047 0.00956813 0.00124696 0.00102877 0.126408 0.0924474 0.00175636 0.0391351 0.000999066 0.000222895 0.00230734 
0.323758 8.63031e-05 0.000937107 0.00151504 0.0170435 0.0415243 1.53164e-06 0.178459 0.0913874 8.28332e-05 0.0174853 0.254292 0.0291515 0.00081011 0.0108975 0.0261756 0.000805175 0.0055882 
0.585927 0.000610769 0.0054612 0.15759 0.00866329 0.000413388 1.6575e-05 0.0220467 1.99986e-05 0.00172336 0.0243431 0.0348623 0.0188384 0.000732143 0.0437008 0.000363601 0.0847519 0.00993509 
0.599472 0.0176233 8.10108e-05 0.0469276 0.0371623 0.0499872 0.000362698 0.0370371 9.91367e-05 0.000341831 3.48833e-06 0.0341658 0.0796522 0.00241718 0.0862575 0.00010597 0.00286163 0.00544178 
0.451447 0.00364399 0.00233058 0.0936521 0.00656769 0.0023673 1.42654e-05 0.0227384 0.000765032 0.00118759 0.000987981 0.010724 0.165761 0.000562231 0.0210121 5.86816e-06 0.00961151 0.206622 
0.33358 2.67992e-07 5.12318e-07 0.110098 0.309461 0.00273005 3.34699e-08 0.000894464 0.00286467 0.0196397 1.60808e-05 0.0197215 0.0413796 5.02101e-05 0.00356271 0.000797371 0.0272972 0.127906 
0.620789 7.15343e-05 7.61584e-05 0.126284 0.0050251 0.00248436 6.81774e-06 0.00358086 8.62475e-05 0.000376206 7.11569e-06 0.00878649 0.105117 0.00818185 0.00268748 0.000152049 0.0109729 0.105314 
0.746387 0.00071756 0.000156778 0.0603603 0.00442641 0.000663921 1.35044e-05 0.0258396 2.71965e-05 0.00100447 0.00162874 0.0541822 0.0358959 0.000638386 0.00536735 0.00930625 0.0498778 0.0035066 
