2.2729e-05 0.00178954 0.000268934 0.00737823 0.0359454 0.754652 7.96593e-05 0.0266631 0.0159632 0.000905394 0.00635899 0.0190632 0.102111 0.00138705 0.0259109 4.7674e-05 0.00124064 0.000211973 
5.70237e-08 0.00996295 2.67703e-05 4.52309e-06 0.00454356 0.438204 2.4257e-05 0.0238218 0.286367 0.00029596 0.0254532 0.100415 0.0175075 0.00130377 0.0423069 1.3746e-07 0.0305835 0.0191789 
nan nan nan nan nan nan nan nan nan nan nan nan nan nan nan nan nan nan 
0.000761837 0.0543684 0.00463559 0.128204 0.0618134 0.0595893 0.0703358 0.0231792 0.000816092 0.0030076 0.00161185 0.0243139 0.219378 0.0375483 0.253558 0.00115007 0.02033 0.0353984 
2.7879e-08 0.000451527 0.000762448 0.391621 0.0624041 0.231836 0.000374427 0.00102306 4.81613e-05 4.84837e-05 4.35291e-08 0.00285361 0.115764 0.0282263 0.00389221 0.000175273 0.000175005 0.160344 
nan nan nan nan nan nan nan nan nan nan nan nan nan nan nan nan nan nan 
2.41306e-06 0.000550423 0.000395294 0.00115708 0.000779267 0.94921 0.000132331 0.00161486 0.00455117 0.00226069 0.00573337 0.00556714 0.000377832 0.000422587 0.0202213 0.000635754 1.70696e-05 0.00637133 
1.51567e-07 0.0629064 0.0224798 0.00124951 0.0303951 0.0494413 4.3868e-05 0.309963 0.000233105 0.0799663 0.0713871 0.118113 0.172066 0.000359417 0.0339764 0.0025054 0.0409558 0.00395823 
nan nan nan nan nan nan nan nan nan nan nan nan nan nan nan nan nan nan 
9.95537e-10 2.72031e-07 0.00150675 0.00826358 0.00147039 0.00313507 3.14725e-09 0.00732983 2.38665e-07 2.29726e-06 2.11887e-05 0.940986 0.0193789 0.000322309 0.000995511 9.09848e-08 5.72538e-08 0.0165877 
6.9357e-07 0.000873431 0.000916254 0.0578536 0.117687 0.00661795 0.000100097 0.226522 4.86851e-06 1.67295e-06 4.23018e-05 0.0155562 0.125473 6.19935e-05 0.0108324 3.37075e-06 0.000206188 0.437247 
1.0231e-08 0.0088169 0.0126518 8.03619e-07 0.015033 0.649369 1.71183e-06 0.0235055 0.0122037 0.000238591 0.0210932 0.023875 0.154239 0.00267869 0.0363782 2.97465e-06 0.0162917 0.0236205 
4.70234e-10 3.67359e-05 2.266e-05 1.0243e-05 3.61398e-05 4.83355e-05 2.52868e-06 3.79951e-05 3.75935e-05 0.999334 5.28723e-05 3.29705e-05 4.67579e-05 1.7849e-06 1.07982e-05 4.4105e-06 0.000278509 5.49785e-06 
9.02104e-06 0.0566883 0.00853706 0.00523937 0.0212829 0.508291 0.00120189 0.0260021 0.00140506 0.00379141 0.00570524 0.112756 0.0951493 0.00971859 0.0695172 0.000531521 0.0142145 0.0599599 
4.05822e-05 0.0037961 0.00310658 0.0103861 0.100672 0.493101 4.26186e-05 0.0431752 0.0115503 0.0191111 0.00320765 0.0907817 0.102523 0.00617839 0.0593765 4.99193e-05 0.00585144 0.0470499 
7.74437e-09 0.0113334 0.0162653 6.08482e-07 0.0193266 0.549219 2.13088e-06 0.0302198 0.0156883 0.000306309 0.0271159 0.0306933 0.198303 0.00344317 0.0467704 3.80762e-06 0.0209426 0.0303663 
3.7435e-06 0.00869816 0.0112225 0.023381 0.264045 0.108366 6.05381e-06 0.0604574 0.341948 0.000874358 0.0184008 0.0278216 0.0721525 5.82477e-06 0.00219499 4.16207e-05 1.78818e-05 0.0603633 
5.41314e-06 4.65204e-05 0.00065524 0.00266192 0.000165271 0.088002 1.68883e-05 0.000206636 1.54782e-05 3.36504e-05 0.000103613 3.54668e-05 0.0020086 5.3465e-05 0.0296058 1.34799e-05 8.80908e-06 0.876362 
5.67666e-10 2.8231e-07 0.0414573 1.53709e-06 0.0938444 0.270558 1.7946e-09 0.0239301 4.88247e-06 5.49074e-07 9.0534e-10 0.226354 2.58416e-05 8.15577e-06 2.93529e-05 1.19483e-06 0.000236401 0.343548 
3.33252e-07 0.00223124 0.0271156 0.00295179 0.051518 0.468554 0.00117179 0.0836738 0.000105725 0.00104706 0.00488896 0.0580766 0.0236317 0.0223831 0.0294712 0.000187745 1.34961e-05 0.222978 
nan nan nan nan nan nan nan nan nan nan nan nan nan nan nan nan nan nan 
1.0231e-08 0.0088169 0.0126518 8.03619e-07 0.015033 0.649369 1.71183e-06 0.0235055 0.0122037 0.000238591 0.0210932 0.023875 0.154239 0.00267869 0.0363782 2.97465e-06 0.0162917 0.0236205 
4.27364e-05 0.0124259 0.00471109 0.000793273 0.0538809 0.622108 7.34386e-05 0.0343842 0.0223771 0.0488331 0.00239997 0.012034 0.0183524 0.0176017 0.1354 0.000203316 0.0115074 0.00287122 
5.79636e-08 0.0156161 1.33095e-07 0.000280188 0.0133108 0.00275569 0.000360927 0.0296299 8.83476e-08 0.00578337 0.790919 0.0476221 0.0567177 0.000798573 0.0333974 0.000250969 0.000346106 0.00221094 
5.00702e-11 0.278751 3.07354e-05 0.00082059 0.00301127 0.0794386 5.68062e-09 0.0422186 0.00629435 0.0119364 0.0331741 0.448186 0.0681799 3.86734e-07 0.0260746 0.0010505 5.32598e-06 0.000826815 
1.25681e-09 0.00857978 0.00260361 0.000779987 0.160166 0.09525 0.000179351 0.0444552 0.00302085 0.00556917 0.00520669 0.102283 0.264687 0.000317507 0.11447 1.03187e-07 0.174632 0.0177991 
0.000669309 0.00450731 0.000770625 0.0312618 0.00941128 0.332162 0.000821063 0.0747196 0.012589 0.00179745 0.036223 0.232914 0.106413 0.00252658 0.00995746 0.111869 0.0093882 0.0219992 
2.47738e-05 0.027601 0.000205513 0.0123434 0.0227754 0.418553 0.000364063 0.0434778 4.15986e-05 5.42636e-05 0.00504703 0.129285 0.102074 0.00206384 0.193878 8.36788e-05 0.000998567 0.0411291 
3.75682e-10 3.08866e-06 0.000131821 0.0021595 0.00432399 0.0114266 5.79335e-07 0.000313984 0.904283 0.0281339 0.000293587 0.0282415 0.001462 0.00279965 0.0161449 9.82111e-05 2.50407e-05 0.000158502 
1.49019e-12 0.0107491 0.000310443 0.0107204 0.00733506 0.00527134 3.23965e-09 0.153329 0.00218085 1.67466e-05 0.251798 0.107194 0.445802 1.69719e-08 0.00158673 2.50077e-08 0.00152789 0.0021786 
2.28723e-09 7.28159e-06 0.00215042 0.032409 0.0229726 8.52593e-05 1.21643e-08 0.429205 5.83248e-07 0.000214133 1.29182e-07 0.00638106 0.470471 0.000735517 0.0146393 1.04891e-06 0.00328057 0.0174469 
2.72696e-06 0.189802 3.52045e-06 0.154413 0.0120868 0.000463971 2.92302e-06 0.0771228 0.00013764 0.00260503 0.0017643 0.00156459 0.445079 0.00967055 0.103575 1.15612e-05 0.000194176 0.00150066 
8.33402e-05 0.0034387 0.00261245 0.00853038 0.0919293 0.593896 0.000939016 0.00234211 0.0153651 0.000128212 0.0298718 0.0446093 0.0079852 0.0202835 0.04925 0.000193555 0.0002815 0.128261 
3.48342e-05 0.00197098 0.000225732 0.00778443 0.023195 0.788028 0.000152499 0.0209946 0.0156348 0.0181813 0.0208547 0.00587001 0.0144389 0.00157608 0.0438873 4.9976e-05 0.0111248 0.0259962 
nan nan nan nan nan nan nan nan nan nan nan nan nan nan nan nan nan nan 
0.000176696 0.000721918 0.00242824 0.00997279 0.00279179 0.371038 0.000504583 0.0175651 0.00350313 0.000988418 0.0026282 0.521141 0.0213638 0.000231526 0.00208869 0.0299611 0.00725954 0.00563555 
nan nan nan nan nan nan nan nan nan nan nan nan nan nan nan nan nan nan 
1.01321e-07 0.0224282 0.014304 0.0334477 0.0136909 0.702032 1.78257e-05 0.000673976 0.0076347 0.00019188 0.0203944 0.000718982 0.129297 1.59711e-05 0.0469566 0.000472679 3.28477e-05 0.00769063 
1.0231e-08 0.0088169 0.0126518 8.03619e-07 0.015033 0.649369 1.71183e-06 0.0235055 0.0122037 0.000238591 0.0210932 0.023875 0.154239 0.00267869 0.0363782 2.97465e-06 0.0162917 0.0236205 
1.374e-06 0.00265024 0.000307621 0.028225 0.724362 0.0175932 4.06395e-06 0.00798445 0.000422409 3.3913e-05 4.14633e-06 0.00188606 0.173543 0.00148543 0.0385816 0.000140638 0.00163293 0.00114193 
1.0149e-07 0.514841 0.0834183 0.0211491 0.0685422 0.0558603 7.14278e-05 0.0138467 0.000250165 0.000188888 1.12624e-05 0.0575976 0.0130556 0.0679414 0.0898966 1.39594e-06 0.00928261 0.00404549 
1.99852e-06 0.00231487 0.000660021 0.00537694 0.0551485 0.669207 0.000562604 0.0791048 0.0475272 0.000428731 0.0189243 0.0082072 0.0109549 0.00251337 0.0937996 1.99949e-06 0.000335136 0.0049305 
0.000187118 0.0101034 0.00234471 0.0918992 0.0315532 0.405998 0.0291096 0.0739828 0.00360332 0.000191332 0.00201676 0.163072 0.0528896 0.00520614 0.0304025 0.0155332 0.00467042 0.0772358 
nan nan nan nan nan nan nan nan nan nan nan nan nan nan nan nan nan nan 
9.48515e-12 0.000608547 3.4778e-07 0.0321359 9.22217e-07 0.117986 0.0276099 0.00281771 2.2043e-11 2.2879e-11 1.51274e-11 0.00257821 1.10414e-06 0.628624 1.61432e-07 3.70098e-07 1.04868e-07 0.187637 
5.81382e-10 0.00545305 0.000190615 0.000317711 0.795073 0.0295452 1.83796e-09 0.0165618 1.62166e-05 0.00345029 0.017911 0.0317177 0.0334301 0.000367252 0.0607133 1.8372e-06 0.00525002 4.61776e-07 
nan nan nan nan nan nan nan nan nan nan nan nan nan nan nan nan nan nan 
4.74003e-05 0.0724899 0.000533963 0.0225662 0.06948 0.457927 0.000160174 0.0137817 0.000344167 0.00069953 8.37608e-05 0.0198268 0.0547867 0.0675782 0.126599 0.0670106 0.0160467 0.0100392 
2.24187e-10 3.31996e-06 0.590463 1.62126e-06 0.000818216 0.148364 4.55788e-07 0.000204315 0.000725992 3.55205e-05 4.18131e-05 0.253391 0.00593143 3.40935e-07 4.13606e-07 1.31218e-05 1.22873e-07 4.85827e-06 
1.37606e-07 0.000368143 0.00525667 0.0623426 0.00323196 0.000181105 9.02896e-06 0.0101804 4.06214e-05 0.000226843 0.00137665 0.148161 0.316871 0.00287168 0.00814385 1.31353e-05 0.00312315 0.437601 
nan nan nan nan nan nan nan nan nan nan nan nan nan nan nan nan nan nan 
nan nan nan nan nan nan nan nan nan nan nan nan nan nan nan nan nan nan 
5.34941e-06 0.0122631 0.00588361 0.110888 0.0736063 0.00317268 6.02952e-05 0.278072 0.000441647 0.00445933 0.0265366 0.0798126 0.276883 0.000308982 0.0619795 0.0043529 0.00104698 0.0602277 
3.38371e-05 0.0597219 0.00817549 0.0423458 0.131192 0.00842951 7.82129e-05 0.147261 0.00122031 0.000128027 0.000232158 0.0197386 0.465601 0.000556323 0.0935478 7.31797e-05 0.0155395 0.00612568 
6.63674e-08 0.000421352 0.0057855 0.00261226 0.0250692 0.000312324 1.07102e-06 0.597035 6.1379e-05 0.00012297 0.00190598 0.166363 0.195683 0.000165031 0.00201794 1.65266e-05 0.000839344 0.00158854 
2.24187e-10 3.31996e-06 0.590463 1.62126e-06 0.000818216 0.148364 4.55788e-07 0.000204315 0.000725992 3.55205e-05 4.18131e-05 0.253391 0.00593143 3.40935e-07 4.13606e-07 1.31218e-05 1.22873e-07 4.85827e-06 
3.33691e-06 0.00121917 0.000143957 0.000569943 0.00616112 0.770041 0.0316093 0.00408984 1.63692e-05 0.00316953 0.00521191 0.0293115 0.0115494 0.000200346 0.00419225 0.000184581 0.000112007 0.132215 
2.32033e-07 0.00509569 0.0195304 0.0013416 0.00669296 0.566218 3.96669e-07 0.00949404 0.21685 7.98903e-05 0.0339907 0.0163151 0.0295188 0.00523522 0.0503164 0.000296031 0.00040821 0.0386166 
2.58195e-07 0.000788165 0.0123725 0.00401181 0.00819875 0.00129916 2.83734e-06 0.200095 0.000318568 0.000296144 0.0228896 0.377022 0.366714 8.75584e-07 0.000313603 6.72929e-06 0.000174585 0.00549533 
6.83925e-07 0.0177828 0.0043772 0.024014 0.0368023 0.30986 0.00232376 0.12677 0.0197543 0.00608373 0.223516 0.0615722 0.057335 0.0013002 0.0801164 0.00492583 0.00992003 0.0135454 
2.7879e-08 0.000451527 0.000762448 0.391621 0.0624041 0.231836 0.000374427 0.00102306 4.81613e-05 4.84837e-05 4.35291e-08 0.00285361 0.115764 0.0282263 0.00389221 0.000175273 0.000175005 0.160344 
nan nan nan nan nan nan nan nan nan nan nan nan nan nan nan nan nan nan 
2.442e-09 0.0414014 1.50556e-06 0.014197 0.00991762 0.00378022 7.72006e-09 0.0923741 0.000111262 7.98756e-05 0.0134337 0.112474 0.709535 7.78647e-07 0.00266415 3.50264e-06 1.28838e-07 2.50542e-05 
1.50898e-12 0.000291954 4.56458e-08 0.00387561 0.00326952 0.00977786 4.58265e-05 4.15246e-09 0.000123485 1.56548e-08 2.40659e-12 0.00332471 0.179572 1.33629e-08 0.000452611 6.52343e-05 1.72864e-05 0.799184 
8.46144e-05 0.00339073 0.000841246 0.00414628 0.00512604 0.0289385 0.000115243 0.0303181 0.000122612 0.00047835 0.00111694 0.722498 0.00958361 0.000711408 0.00530259 0.00225441 0.18245 0.00252192 
1.37606e-07 0.000368143 0.00525667 0.0623426 0.00323196 0.000181105 9.02896e-06 0.0101804 4.06214e-05 0.000226843 0.00137665 0.148161 0.316871 0.00287168 0.00814385 1.31353e-05 0.00312315 0.437601 
0.00041001 0.0113453 0.00251326 0.0105182 0.0144125 0.792895 0.0040913 0.008286 0.00400792 0.00372469 0.00885846 0.0181804 0.0384516 0.0176334 0.0557769 0.002304 0.00400553 0.00258598 
5.81382e-10 0.00545305 0.000190615 0.000317711 0.795073 0.0295452 1.83796e-09 0.0165618 1.62166e-05 0.00345029 0.017911 0.0317177 0.0334301 0.000367252 0.0607133 1.8372e-06 0.00525002 4.61776e-07 
1.0231e-08 0.0088169 0.0126518 8.03619e-07 0.015033 0.649369 1.71183e-06 0.0235055 0.0122037 0.000238591 0.0210932 0.023875 0.154239 0.00267869 0.0363782 2.97465e-06 0.0162917 0.0236205 
1.37606e-07 0.000368143 0.00525667 0.0623426 0.00323196 0.000181105 9.02896e-06 0.0101804 4.06214e-05 0.000226843 0.00137665 0.148161 0.316871 0.00287168 0.00814385 1.31353e-05 0.00312315 0.437601 
1.19012e-08 0.00434282 9.20411e-05 0.0659287 0.198532 0.00918015 3.63137e-07 0.0643636 0.011914 0.000200196 7.09092e-05 0.0151703 0.596315 0.00595552 0.0235889 8.18092e-05 0.00176829 0.00249601 
8.2221e-07 0.0012415 1.1083e-06 0.0574825 0.0146606 0.52652 1.74058e-06 0.0300975 3.98139e-05 3.78092e-05 0.0184649 0.00336513 0.3423 0.000257003 0.00405599 0.000134637 0.00121094 0.000128471 
1.41383e-09 0.00380027 7.64468e-05 0.00355326 0.00734775 0.892622 4.46962e-09 0.000205614 0.0398914 0.000650434 0.00181888 0.0403164 0.00160001 7.41367e-05 0.00359603 6.36616e-08 8.82676e-05 0.00435909 
nan nan nan nan nan nan nan nan nan nan nan nan nan nan nan nan nan nan 
2.75469e-08 0.00128413 0.00407369 0.0728099 0.0152665 0.00090742 7.09057e-06 0.0481803 0.000489408 1.29714e-06 0.0020794 0.0444174 0.582983 0.00255684 0.19769 7.79893e-06 5.71213e-07 0.0272444 
8.39761e-11 0.0012015 0.0616488 0.198118 0.10202 0.0736207 1.38495e-05 0.0623172 0.000415651 0.000211754 6.60266e-07 0.0350053 0.0811441 0.000201994 0.00352055 7.37246e-05 7.80791e-05 0.380408 
2.24187e-10 3.31996e-06 0.590463 1.62126e-06 0.000818216 0.148364 4.55788e-07 0.000204315 0.000725992 3.55205e-05 4.18131e-05 0.253391 0.00593143 3.40935e-07 4.13606e-07 1.31218e-05 1.22873e-07 4.85827e-06 
1.81096e-12 3.5255e-06 0.39037 0.286238 0.024801 1.1513e-08 5.72509e-12 0.0864928 1.88824e-07 2.70959e-05 2.37791e-06 0.00191022 0.0877843 0.00225858 0.0200007 6.10226e-09 0.0249232 0.0751876 
1.43912e-05 0.000254171 0.00215011 0.00405887 0.000927114 0.00674323 0.0187488 0.0800081 0.000157782 0.000197296 0.000207537 0.83386 0.0347239 0.000255685 0.00261462 2.66032e-05 0.000383121 0.0146682 
1.29031e-06 0.0262842 0.0171198 0.0161804 0.00875162 0.0153698 0.000493071 0.548058 0.000180161 0.00149591 0.0132754 0.0759723 0.0169326 0.000959682 0.146058 0.103903 0.000247068 0.0087174 
6.5299e-09 0.00587065 0.00248119 0.0733242 0.000756766 0.105072 0.0341329 0.146687 1.51752e-08 0.000328087 0.426102 0.00732409 0.0190672 0.00824469 0.0837253 3.00182e-07 1.08441e-05 0.0868733 
7.98857e-09 0.00163693 0.000488779 9.44113e-08 0.0309135 0.014068 3.02168e-05 0.0237699 0.000447589 2.16641e-05 0.00380053 0.408198 0.451165 0.000989988 0.00494694 2.21856e-05 0.00305824 0.056443 
3.48341e-08 0.00594365 0.0157351 0.0649594 0.046553 0.0662316 9.79321e-06 0.63344 0.0119027 0.00327756 0.00313258 0.0679711 0.0721199 0.000271533 0.00404804 0.00354397 1.53743e-05 0.000844584 
0.00110905 0.0111377 0.00316106 0.0159901 0.0503982 0.0936797 0.0918281 0.0509314 0.124684 0.00133508 0.180175 0.0684025 0.0767433 0.00343494 0.0340955 0.0220427 0.0565271 0.114325 
3.18992e-06 0.165303 0.00287793 0.167259 0.00734044 0.218959 0.000283305 0.046846 0.00469982 0.000905744 0.00178305 0.0628676 0.151054 0.00408812 0.147345 0.000380845 0.000486286 0.017518 
5.31363e-08 0.0313597 9.60775e-08 0.0100817 0.00790294 0.00331713 5.16568e-06 0.00606457 4.12518e-05 4.89639e-06 0.0004525 0.0318135 0.808474 0.0184325 0.0810326 3.09897e-07 0.000473399 0.000543829 
1.78992e-07 0.0085023 0.00408062 0.0581012 0.0891358 0.0284457 0.000411457 0.0878577 0.0116098 0.00590314 0.0103968 0.154802 0.484031 0.00130687 0.0368317 0.00111013 0.00531754 0.0121563 
5.46115e-07 0.142611 0.0306511 0.0124 0.00238189 0.0590779 6.23315e-05 0.602999 5.5897e-05 6.53574e-05 1.5496e-05 0.00795028 0.0231936 0.00129979 0.0292371 1.50813e-05 4.69411e-05 0.0879367 
4.15834e-07 0.0337137 0.000732551 0.0344282 0.024947 0.0959595 0.000126113 0.0620757 0.00137424 0.00624857 0.0454154 0.524742 0.115297 0.000219735 0.0313156 0.000134256 0.0152639 0.00800535 
1.60993e-09 0.0223289 8.376e-06 0.0119258 0.0397921 0.373694 6.92074e-07 0.0319189 0.0258013 0.00143107 0.0344498 0.0211184 0.132884 0.00385462 0.0893646 4.3577e-05 0.000436416 0.210948 
2.80338e-06 6.86169e-05 0.00528899 3.3862e-05 0.0102836 0.915274 8.8625e-06 0.00270624 0.000111319 0.000134741 4.47096e-06 0.0235874 0.000555336 0.000177636 0.00063089 2.73325e-05 0.0050771 0.0360269 
1.70786e-08 0.0144785 0.000613944 0.00808761 0.00842864 0.00771993 4.65869e-05 0.643721 5.52582e-05 5.84689e-05 0.000549949 0.00187605 0.240303 0.0365659 0.0210408 1.19028e-05 0.0132714 0.00317055 
6.46946e-07 0.312653 0.000104627 0.115573 0.0131006 0.00751318 4.75832e-06 0.148426 0.000757007 0.000108906 5.81773e-05 0.0966762 0.126548 0.000475175 0.102596 1.68421e-05 0.00030379 0.0750842 
0.000445189 0.0230205 0.0069144 0.0499968 0.131852 0.224358 0.0036942 0.0824436 0.00128864 0.00872592 0.00592885 0.0506011 0.277808 0.0102847 0.0526815 0.000758702 0.0224222 0.0467764 
7.13221e-08 0.00814156 2.39205e-07 0.0119041 0.0120357 0.253546 1.29644e-07 0.00753488 0.008492 0.222839 0.339822 0.0856587 0.0129684 5.90968e-06 0.0140444 0.000163329 0.000320516 0.0225223 
2.16266e-10 0.412158 2.83189e-10 0.465897 0.0668858 0.00189776 6.83695e-10 0.00610562 0.000106226 0.00153085 8.83471e-07 0.0060805 0.011251 0.000440277 0.0244787 1.54146e-05 1.29582e-06 0.00315028 
3.57873e-06 0.0369152 0.0218423 0.00325479 0.100745 0.203437 3.02141e-05 0.194726 0.000357747 2.15185e-05 2.06009e-05 0.0353764 0.0118005 0.0443247 0.116593 0.00156804 0.0184676 0.210516 
nan nan nan nan nan nan nan nan nan nan nan nan nan nan nan nan nan nan 
1.07901e-05 0.00541123 0.00286353 0.133609 0.0763652 0.391248 5.76783e-05 0.03501 0.0357991 0.00676621 0.0352622 0.0231655 0.0125425 0.0140544 0.0202653 8.0903e-05 0.00529096 0.202197 
8.74182e-07 0.00384005 0.00298863 0.0156481 0.231149 0.015801 4.37701e-06 0.188855 0.000777995 0.00051169 1.90172e-06 0.00567255 0.528415 3.29452e-06 0.00235993 3.43907e-05 9.55219e-06 0.00392646 
4.08614e-06 0.0241635 0.0790809 0.0954584 0.0240476 0.123567 0.000175202 0.0217854 0.0944938 0.00878942 0.0442174 0.422857 0.0293477 0.000183831 0.00951959 3.47256e-05 0.00159934 0.0206751 
2.65776e-07 0.00281722 0.00201302 6.72907e-06 0.103655 0.487373 1.14566e-05 0.000999381 0.0214012 0.000643217 2.97273e-05 0.0157144 0.183067 0.000510105 0.00490948 3.84457e-05 5.18583e-05 0.176758 
3.43128e-06 0.0351369 0.00286989 0.0019817 0.00444345 0.179641 4.22523e-05 0.00403783 0.618927 0.000279892 0.00821015 0.0120255 0.00104276 0.000417874 0.120354 8.86615e-05 0.000615317 0.00988259 
9.27926e-07 0.00103359 0.435493 0.00605909 0.0346561 0.0819958 3.37366e-05 0.0306839 0.000336224 0.000165926 0.123643 0.14429 0.111969 0.000178147 0.0063653 3.21068e-05 0.000490624 0.0225739 
nan nan nan nan nan nan nan nan nan nan nan nan nan nan nan nan nan nan 
1.87581e-08 0.000484144 0.000157226 0.000202574 0.000615568 0.0059621 0.000201684 0.00116633 0.00125988 0.000402736 0.987748 0.000583109 0.000272501 3.22194e-05 0.000510018 8.12086e-05 0.000124782 0.000195606 
3.49227e-06 0.000546286 1.95706e-05 0.00562691 0.00748406 0.00105186 4.48002e-05 0.00486733 5.99206e-05 4.14254e-05 1.95125e-05 0.415104 0.318255 0.00011425 0.000269439 1.12348e-05 0.0152589 0.231222 
1.13505e-05 0.284905 3.00537e-05 0.0086173 0.0346271 0.362873 4.23887e-05 0.0360289 8.65702e-05 2.15606e-05 0.000805641 0.00536147 0.0398538 0.00269881 0.179933 1.37549e-05 0.00110532 0.0429856 
nan nan nan nan nan nan nan nan nan nan nan nan nan nan nan nan nan nan 
2.36728e-06 0.00190751 4.39053e-05 0.078257 0.409321 0.362885 4.47662e-05 0.00253446 4.44002e-05 2.35277e-05 0.000817231 0.00275292 0.125682 0.00935181 0.00243658 0.000365419 0.000700611 0.00282953 
2.29725e-06 0.0225154 0.000461683 2.29797e-06 0.11948 0.224703 0.00459229 0.0174666 0.288363 0.00757837 0.00781084 0.0615867 0.139727 2.29734e-06 0.0232126 2.29766e-06 0.00689573 0.0755978 
1.78963e-05 0.0258882 0.0218792 0.000193963 0.050364 0.00181217 0.000104436 0.457118 0.00169244 0.00024357 0.000352665 0.138436 0.110763 0.000137105 0.172011 0.000206971 0.00992884 0.0088514 
8.36563e-12 0.01406 0.0325173 0.177965 0.0280089 0.0293793 0.000518617 0.467657 0.00233614 2.01786e-11 1.33419e-11 0.0456041 0.111708 5.29183e-08 0.0355116 0.0281992 2.26424e-07 0.0265346 
nan nan nan nan nan nan nan nan nan nan nan nan nan nan nan nan nan nan 
2.49294e-08 0.0125738 0.000520121 0.043495 0.0876973 0.311228 2.30793e-06 0.0562294 0.0119415 1.19361e-07 5.86355e-07 0.0973665 0.0417534 0.000837871 0.164534 0.0124116 3.69227e-06 0.159405 
2.105e-07 0.112356 0.000338949 0.116327 0.252279 0.00599032 1.61957e-06 0.106704 0.00249627 0.000945338 0.00124785 0.0269952 0.146373 0.0245204 0.189661 0.000170061 0.000259187 0.0133337 
6.76719e-09 0.00023982 0.913393 7.07907e-05 0.00147689 0.00134609 2.13936e-08 0.0821822 0.000213898 1.63231e-08 5.07362e-05 1.14553e-05 8.20014e-05 0.000188331 0.0003837 1.46505e-05 5.80548e-05 0.000287959 
2.24187e-10 3.31996e-06 0.590463 1.62126e-06 0.000818216 0.148364 4.55788e-07 0.000204315 0.000725992 3.55205e-05 4.18131e-05 0.253391 0.00593143 3.40935e-07 4.13606e-07 1.31218e-05 1.22873e-07 4.85827e-06 
2.95412e-12 0.00198245 0.000158492 0.00111981 0.00521561 0.425341 0.000108024 0.034036 0.00573432 0.000564544 0.503477 0.00826487 0.00359631 9.64579e-06 0.00940557 9.20945e-05 0.000284963 0.000609973 
nan nan nan nan nan nan nan nan nan nan nan nan nan nan nan nan nan nan 
3.75682e-10 3.08866e-06 0.000131821 0.0021595 0.00432399 0.0114266 5.79335e-07 0.000313984 0.904283 0.0281339 0.000293587 0.0282415 0.001462 0.00279965 0.0161449 9.82111e-05 2.50407e-05 0.000158502 
1.12407e-09 9.50988e-06 0.0316252 0.0482618 3.50243e-07 0.200949 3.5536e-09 0.40141 1.19226e-06 0.00187024 3.28429e-06 0.0827314 0.0142036 0.00417681 0.056927 8.86615e-07 0.00100257 0.156828 
2.33215e-05 0.087263 0.00753986 0.047003 0.0230203 0.0224682 3.6373e-05 0.275488 6.59211e-05 4.26413e-05 0.00283923 0.0329747 0.35436 0.00356445 0.0898413 0.0112867 0.0206544 0.0215288 
1.96834e-08 0.000155069 0.000370766 0.20926 0.0713996 0.0278766 4.52686e-07 0.0148177 0.00078592 3.71049e-08 5.58361e-05 0.0976318 0.372894 0.0162211 0.116384 1.7004e-05 0.0442471 0.0278817 
2.33716e-08 0.0369846 9.11419e-08 0.0367058 0.105826 0.245667 2.18591e-05 0.00849335 0.00016237 0.000352837 0.00173612 0.0821357 0.125855 0.175487 0.0951656 3.54954e-05 0.00161703 0.0837541 
2.36144e-06 0.0130434 0.000101379 0.00243015 0.0202863 0.079901 1.3582e-05 0.112556 2.19642e-05 1.62885e-05 0.00578738 0.0170472 0.0179606 0.00408018 0.718063 0.000186748 0.00550807 0.00299413 
nan nan nan nan nan nan nan nan nan nan nan nan nan nan nan nan nan nan 
1.22367e-07 0.00462401 0.000208284 0.0346646 0.0445278 0.0119787 3.69583e-06 0.435526 0.35097 0.000411324 0.00847086 0.00199833 0.0407348 0.00242786 0.0107253 0.000283699 3.86981e-06 0.052441 
1.05092e-08 0.00157751 1.37612e-08 0.00101185 0.632389 0.0295369 3.32233e-08 0.000827306 2.52324e-07 6.23859e-06 1.67605e-08 0.000182504 0.00248085 0.00693846 0.298141 1.20303e-07 0.0264018 0.000506396 
2.13471e-08 0.00698674 0.495239 0.0186525 0.000956793 0.00659091 0.00120906 0.0259259 0.00614266 2.56921e-05 0.000229964 0.17926 0.0352677 0.00214557 0.00210965 4.23491e-05 6.26251e-05 0.219152 
6.57188e-08 0.0434276 7.90754e-05 0.389217 0.0145681 0.0245934 0.000186323 0.0109919 3.75497e-05 1.69398e-05 1.35049e-06 0.0203253 0.387678 0.00618274 0.0367226 8.92041e-07 0.00235986 0.0636114 
5.53647e-07 0.00795854 5.77389e-05 0.0295481 0.00933752 0.0031029 1.12437e-05 0.0783293 0.000277324 0.000592519 0.0135916 0.727654 0.100071 0.00135235 0.00897704 7.36664e-05 0.00852903 0.0105348 
1.31551e-06 0.00510552 0.00289725 0.327007 0.158752 0.253161 0.00012966 0.0643534 0.00377198 0.0074815 0.00103402 0.00519438 0.0730348 0.0377329 0.0334553 3.84329e-05 0.00291017 0.0239397 
2.49294e-08 0.0125738 0.000520121 0.043495 0.0876973 0.311228 2.30793e-06 0.0562294 0.0119415 1.19361e-07 5.86355e-07 0.0973665 0.0417534 0.000837871 0.164534 0.0124116 3.69227e-06 0.159405 
1.01776e-05 0.039916 0.000102708 0.0654862 0.00188527 0.787645 0.00552833 0.00438562 0.00368015 0.00131531 0.00118636 0.0383442 0.0111835 0.00841899 0.0254513 0.000234514 0.00473929 0.000487238 
nan nan nan nan nan nan nan nan nan nan nan nan nan nan nan nan nan nan 
7.3063e-06 0.00603417 0.00124136 0.0889829 0.0044871 0.522264 0.00632631 0.0409236 0.0305891 0.00094279 0.0125345 0.0110308 0.0382017 7.68647e-05 0.184062 4.8879e-05 3.59357e-05 0.0522109 
nan nan nan nan nan nan nan nan nan nan nan nan nan nan nan nan nan nan 
2.82637e-09 0.0086264 0.0016209 0.000364365 0.0421713 0.761976 5.15528e-06 0.0597102 0.0238268 0.00193582 0.00554049 0.0293292 0.0444714 0.00105976 0.0157358 3.82997e-05 0.000279768 0.00330873 
3.5633e-06 0.000228311 1.91287e-05 4.28333e-05 0.00695048 0.964474 9.32488e-05 0.000240765 0.0135251 0.00519846 0.000373478 0.00137008 0.00318504 6.67871e-05 0.000777893 7.14482e-05 1.08327e-05 0.00336879 
1.99251e-08 0.000908363 2.60908e-08 0.000473992 0.00422715 0.95575 1.96202e-05 0.000169242 0.00165572 3.93295e-06 9.65027e-05 0.00227963 0.0173781 0.000606131 0.0114087 0.000639965 5.8527e-06 0.00437672 
2.93402e-08 0.00107908 0.000186257 0.00027199 0.416547 0.451477 0.000190254 0.000724591 0.00026364 7.07711e-08 0.0011774 0.000178328 0.0288033 0.00159362 0.0918473 0.000246275 0.000330125 0.00508327 
2.29837e-06 0.000354553 0.00172754 0.00399563 0.00018955 0.694758 0.00332816 0.0299186 3.41377e-05 0.000616704 0.00784647 0.24491 0.00418096 0.000184027 0.00423377 0.00273434 0.000432873 0.000551703 
1.00314e-10 2.63123e-06 0.000181221 0.109443 0.0121964 0.357066 0.000793687 0.00382122 2.63586e-06 9.6382e-08 1.88954e-06 0.00120362 0.0877234 0.0094224 0.000337653 0.00573899 0.000469456 0.411595 
1.97111e-11 0.00688882 7.66038e-07 0.0120119 0.0177131 0.00133132 1.8274e-08 0.0142394 2.59397e-05 0.000112944 0.00126588 0.0112759 0.896953 0.023514 0.0125044 1.64702e-07 0.000573598 0.00158897 
2.67143e-05 0.00549105 0.00271321 0.0277832 0.0686589 0.196424 0.0997045 0.162891 0.0110069 7.25913e-05 0.0189681 0.207001 0.11864 0.00144442 0.0532356 0.00058025 0.00562177 0.0197367 
5.82981e-10 0.0214792 0.00644483 0.117239 0.0193334 0.0246559 5.85634e-07 0.00373622 1.35482e-09 0.00480617 0.00147714 0.00381039 0.0224878 0.0523263 0.592359 0.00102141 0.00614924 0.122673 
nan nan nan nan nan nan nan nan nan nan nan nan nan nan nan nan nan nan 
nan nan nan nan nan nan nan nan nan nan nan nan nan nan nan nan nan nan 
4.70234e-10 3.67359e-05 2.266e-05 1.0243e-05 3.61398e-05 4.83355e-05 2.52868e-06 3.79951e-05 3.75935e-05 0.999334 5.28723e-05 3.29705e-05 4.67579e-05 1.7849e-06 1.07982e-05 4.4105e-06 0.000278509 5.49785e-06 
2.76117e-08 0.00330433 3.61652e-07 0.0442079 0.0924873 0.604934 2.12274e-05 0.00039548 0.00130561 0.00023486 0.000482218 0.00949553 0.0633802 0.00399369 0.0622713 0.000125242 0.00771969 0.105641 
2.52043e-07 0.00107063 0.00488844 0.0346515 0.0894594 0.259067 1.54168e-05 0.0529399 0.00271099 0.000556347 0.0257434 0.0729827 0.14175 0.00198668 0.112891 0.000373393 0.00353785 0.195375 
1.41383e-09 0.00380027 7.64468e-05 0.00355326 0.00734775 0.892622 4.46962e-09 0.000205614 0.0398914 0.000650434 0.00181888 0.0403164 0.00160001 7.41367e-05 0.00359603 6.36616e-08 8.82676e-05 0.00435909 
1.96834e-08 0.000155069 0.000370766 0.20926 0.0713996 0.0278766 4.52686e-07 0.0148177 0.00078592 3.71049e-08 5.58361e-05 0.0976318 0.372894 0.0162211 0.116384 1.7004e-05 0.0442471 0.0278817 
2.90788e-07 0.000297302 0.0223674 0.00130124 0.0073581 0.169029 0.438246 0.0252029 2.21221e-05 8.2645e-07 1.83361e-05 0.034678 0.0115279 0.000431687 0.000376169 0.000110751 3.39903e-06 0.289029 
0.000176696 0.000721918 0.00242824 0.00997279 0.00279179 0.371038 0.000504583 0.0175651 0.00350313 0.000988418 0.0026282 0.521141 0.0213638 0.000231526 0.00208869 0.0299611 0.00725954 0.00563555 
5.9304e-09 0.00101936 4.05766e-05 6.31795e-07 0.00227249 0.781447 4.54235e-07 0.00296637 0.0314939 0.00277111 0.00262822 0.133285 0.0167791 0.000948839 0.0128112 1.41007e-07 0.000526994 0.0110081 
2.03626e-08 0.000525556 0.000170674 0.308082 0.66889 0.00647208 0.000218935 0.0012661 0.00136765 0.000437185 0.0106162 0.000632987 0.00029581 3.49754e-05 0.000553643 8.8155e-05 0.000135455 0.000212338 
nan nan nan nan nan nan nan nan nan nan nan nan nan nan nan nan nan nan 
6.52539e-07 9.32805e-05 8.30785e-05 0.0533956 0.00176722 0.794439 0.000390034 0.0350637 0.00614449 0.00322658 1.61511e-05 0.0331867 0.00142044 0.0425832 0.0166494 5.68154e-06 0.000901193 0.0106333 
8.60206e-08 0.0283783 0.0263962 0.0447275 0.00819069 0.0162946 0.00122038 0.0854615 0.000876971 0.00061904 0.000344076 0.538029 0.149422 0.00320018 0.0151192 0.00115297 0.00227159 0.0782956 
1.88467e-08 0.00162739 0.00151865 0.114529 0.00306757 0.00766994 9.54553e-06 0.00824133 2.17388e-08 0.00104838 0.000186524 0.00554411 0.162771 0.000521144 0.00246074 8.39186e-05 5.1288e-05 0.690669 
nan nan nan nan nan nan nan nan nan nan nan nan nan nan nan nan nan nan 
4.32594e-09 0.00305154 0.00909776 0.0218281 0.0800322 0.00515711 3.69481e-05 0.0155438 1.96242e-06 2.68007e-05 2.0968e-06 0.0022788 0.0415956 0.0380725 0.772214 0.00140327 0.00512429 0.00453345 
1.41383e-09 0.00380027 7.64468e-05 0.00355326 0.00734775 0.892622 4.46962e-09 0.000205614 0.0398914 0.000650434 0.00181888 0.0403164 0.00160001 7.41367e-05 0.00359603 6.36616e-08 8.82676e-05 0.00435909 
1.0231e-08 0.0088169 0.0126518 8.03619e-07 0.015033 0.649369 1.71183e-06 0.0235055 0.0122037 0.000238591 0.0210932 0.023875 0.154239 0.00267869 0.0363782 2.97465e-06 0.0162917 0.0236205 
1.3428e-08 0.0302827 1.8922e-07 0.00129849 0.45522 0.0543094 0.000256558 0.264151 0.0879782 0.00123041 0.00308423 0.00217942 0.0378217 1.8456e-06 0.0609917 5.2365e-06 9.08106e-07 0.00118735 
5.34277e-07 0.000157764 3.2882e-05 0.0139876 0.0241803 0.739376 4.30442e-05 0.00473425 0.000250893 1.28872e-06 0.00215956 0.01839 0.0269854 0.000327274 0.107338 3.24472e-05 9.40778e-05 0.061909 
4.92569e-08 0.00143615 0.00433405 0.00672323 0.00927781 0.821289 7.33149e-06 0.0331256 0.0159576 0.00119914 0.00291859 0.00608698 0.0341521 2.66002e-05 0.03394 3.28445e-05 1.12647e-05 0.0294815 
1.1857e-09 0.00407153 0.000350044 0.00526035 0.0275141 0.273474 0.000147063 0.193138 0.000312407 0.00132312 0.122045 0.253962 0.0998357 2.97044e-05 0.0060341 3.46728e-05 0.000194094 0.0122731 
1.0273e-07 0.0106067 0.000914888 0.0107919 3.552e-05 0.76686 2.80426e-06 0.0759289 3.71216e-05 0.0185411 5.20375e-05 0.00195328 0.0292105 3.34701e-05 0.0762145 4.38873e-06 0.00733996 0.00147284 
2.39686e-06 2.54476e-05 4.88977e-05 0.0299569 0.149155 0.10843 0.000269568 0.195016 0.00341257 1.89078e-05 0.00233394 0.00526351 0.0891871 0.171247 0.184667 4.59148e-06 0.000406027 0.0605548 
nan nan nan nan nan nan nan nan nan nan nan nan nan nan nan nan nan nan 
1.58641e-08 0.011852 0.000861174 0.00088799 0.00197795 0.642974 7.14884e-05 0.00703499 0.000236845 0.00419469 0.0846051 0.145193 0.0600951 0.000973738 0.0324035 0.000872294 0.000533959 0.00523214 
1.0231e-08 0.0088169 0.0126518 8.03619e-07 0.015033 0.649369 1.71183e-06 0.0235055 0.0122037 0.000238591 0.0210932 0.023875 0.154239 0.00267869 0.0363782 2.97465e-06 0.0162917 0.0236205 
2.29837e-06 0.000354553 0.00172754 0.00399563 0.00018955 0.694758 0.00332816 0.0299186 3.41377e-05 0.000616704 0.00784647 0.24491 0.00418096 0.000184027 0.00423377 0.00273434 0.000432873 0.000551703 
5.87694e-12 0.000302321 0.00151874 0.664357 0.0837047 0.00760369 2.74913e-07 0.0255594 2.4254e-05 2.72256e-05 0.00442928 0.00650508 0.144579 0.00301069 0.0152465 2.9046e-05 0.0004034 0.0426994 
1.58657e-09 8.56294e-07 0.0124912 0.00811407 0.0542202 0.017503 3.03325e-07 0.299227 3.6871e-09 3.82694e-09 2.53033e-09 0.24629 0.224883 3.21155e-07 0.00565559 5.61165e-07 3.25381e-07 0.131614 
7.91696e-07 0.00014116 6.63755e-05 0.0133311 0.411113 0.207353 0.000545949 0.00691797 0.000197752 1.95092e-05 0.000151822 0.121875 0.202433 0.000822504 0.00104008 0.000947825 0.0221497 0.0108933 
2.57637e-07 0.0144253 0.0993303 0.49825 0.0106568 0.0196458 7.77554e-05 0.231143 4.66189e-05 2.05629e-05 9.03741e-05 0.0131921 0.00501812 0.0592965 0.00819479 0.000214907 0.00671629 0.0336803 
1.01063e-10 8.27848e-05 1.32337e-10 4.54058e-05 3.71407e-05 0.0290025 3.19498e-10 0.0129775 1.26851e-06 3.87626e-06 1.61181e-10 7.75279e-06 0.000137876 0.000255106 0.830176 7.90483e-08 0.122521 0.00475179 
7.29245e-11 0.321007 8.80792e-09 0.0586815 0.00335942 0.00553259 2.30541e-10 0.000870847 1.47283e-05 1.53037e-05 1.32654e-06 0.000455755 0.10754 0.222738 0.273184 3.19475e-07 0.00437269 0.00222594 
1.02861e-07 0.0109818 1.31861e-06 0.0686137 0.0095416 0.000806417 5.20228e-06 0.0501523 0.825056 2.81211e-06 4.71464e-06 2.21216e-05 0.0114785 0.000159391 0.0231171 1.11226e-06 4.69814e-05 9.22313e-06 
nan nan nan nan nan nan nan nan nan nan nan nan nan nan nan nan nan nan 
8.51955e-07 0.000314038 5.31926e-05 9.2711e-05 0.00192931 0.99473 2.69334e-06 2.01549e-05 0.000281307 2.05499e-06 0.00123048 1.52517e-05 0.000107239 0.000246719 0.000501302 1.96402e-05 7.62054e-05 0.000376515 
2.06878e-07 0.124832 0.000141821 0.00896294 0.00349734 0.0137629 5.3096e-06 0.00236593 0.000566435 9.91042e-05 1.51414e-06 0.000402849 0.00417877 0.0718822 0.76725 9.70575e-07 0.00146932 0.000580076 
1.93112e-05 0.00232893 0.000382266 0.00455811 0.0263431 0.698164 0.000118553 0.124482 0.00339226 0.0243013 0.079045 0.0119975 0.0114973 0.00035403 0.00648876 2.75107e-05 0.00390786 0.00259195 
nan nan nan nan nan nan nan nan nan nan nan nan nan nan nan nan nan nan 
nan nan nan nan nan nan nan nan nan nan nan nan nan nan nan nan nan nan 
0.000121036 0.00688954 0.00116288 0.0181447 0.0178031 0.692348 0.000218529 0.00345279 0.0639639 0.00192263 0.0098526 0.0763047 0.0711297 0.000915509 0.00724421 0.000422497 0.0003953 0.0277089 
2.32033e-07 0.00509569 0.0195304 0.0013416 0.00669296 0.566218 3.96669e-07 0.00949404 0.21685 7.98903e-05 0.0339907 0.0163151 0.0295188 0.00523522 0.0503164 0.000296031 0.00040821 0.0386166 
1.0231e-08 0.0088169 0.0126518 8.03619e-07 0.015033 0.649369 1.71183e-06 0.0235055 0.0122037 0.000238591 0.0210932 0.023875 0.154239 0.00267869 0.0363782 2.97465e-06 0.0162917 0.0236205 
9.47271e-08 0.00052572 2.48355e-06 0.103739 7.7279e-05 0.235476 2.99467e-07 0.355003 0.000408775 0.000506257 0.00183205 0.0124816 2.66144e-05 0.000110547 0.000740636 0.287184 6.56777e-06 0.00187767 
3.89809e-12 0.00373818 0.00307248 0.00136566 0.0411652 0.0241633 0.000119587 0.066302 0.00107264 3.172e-06 0.00078647 0.269794 0.472088 0.000499946 0.00500028 2.52137e-08 0.0757604 0.0350692 
7.12423e-10 2.31925e-07 5.34696e-07 7.70603e-07 0.00864251 0.919258 2.25223e-09 1.44974e-06 0.00866337 8.43285e-07 1.13621e-09 0.0115266 0.00417315 0.00191212 0.0358367 3.85533e-07 0.000681056 0.00930253 
1.68078e-09 0.00302712 0.502455 0.393863 0.00260357 0.00670997 9.0432e-07 0.00752366 1.43962e-05 9.39481e-05 0.000580498 0.0106664 0.00267097 0.0106961 0.0517413 6.4185e-05 0.000915545 0.00637371 
nan nan nan nan nan nan nan nan nan nan nan nan nan nan nan nan nan nan 
nan nan nan nan nan nan nan nan nan nan nan nan nan nan nan nan nan nan 
2.92201e-10 0.00356975 0.000194791 0.00754563 0.0137501 0.0015965 9.23753e-10 0.862999 6.97141e-05 0.000162853 0.0474265 0.000881489 0.0615272 5.33085e-05 9.95888e-05 0.000122487 1.76882e-07 5.69713e-07 
5.49025e-05 0.00138215 0.0501425 0.0130926 0.0142405 0.32058 0.145877 0.00307242 0.00334456 8.7454e-05 0.0095857 0.0431074 0.0332065 0.000673776 0.00630292 0.00121233 0.00256732 0.35147 
8.57407e-08 0.00972864 1.12273e-07 0.0758481 0.0137463 0.79557 0.000114357 0.060559 0.0045903 3.48636e-06 2.19581e-05 0.006149 0.00489584 1.97603e-06 0.0216203 1.24051e-06 2.68294e-05 0.00712272 
4.1291e-08 0.000832253 5.21159e-08 0.00497887 0.0382453 0.906503 7.60621e-06 0.000265891 0.00261753 1.31939e-05 1.76138e-05 0.000158199 0.00735319 0.00140514 0.0294871 0.00012004 0.0021623 0.00583219 
3.26096e-05 0.00234994 0.0010734 0.0440875 0.0451755 0.382138 0.00165719 0.00545531 0.000591771 0.000177645 0.0025646 0.0336223 0.161569 0.00339811 0.206937 0.000375499 0.0582687 0.0505264 
7.9276e-07 0.00410454 0.00519569 0.00702605 0.0129551 0.086889 0.000110328 0.0301942 0.615353 1.00582e-06 0.00131921 0.107522 0.00661836 0.00152632 0.080375 0.000131794 0.00751821 0.0331596 
1.18044e-07 0.00938753 0.0080335 0.0561139 0.0329795 0.0059734 3.46551e-06 0.220077 0.000710185 4.91212e-05 0.000226468 0.336056 0.272633 0.000105959 0.00760412 2.65742e-05 0.00419965 0.0458204 
4.70234e-10 3.67359e-05 2.266e-05 1.0243e-05 3.61398e-05 4.83355e-05 2.52868e-06 3.79951e-05 3.75935e-05 0.999334 5.28723e-05 3.29705e-05 4.67579e-05 1.7849e-06 1.07982e-05 4.4105e-06 0.000278509 5.49785e-06 
7.19658e-07 0.00104461 0.000381434 0.106622 0.0136532 0.488083 4.76137e-05 0.0694292 0.0212047 0.0179554 0.0231131 0.0711724 0.123827 0.000992934 0.0284538 8.86572e-05 0.0288674 0.00506288 
nan nan nan nan nan nan nan nan nan nan nan nan nan nan nan nan nan nan 
7.13221e-08 0.00814156 2.39205e-07 0.0119041 0.0120357 0.253546 1.29644e-07 0.00753488 0.008492 0.222839 0.339822 0.0856587 0.0129684 5.90968e-06 0.0140444 0.000163329 0.000320516 0.0225223 
2.00625e-06 0.00855006 9.99232e-05 2.35615e-06 0.00312371 0.00398642 1.19299e-05 0.140337 0.00975981 0.00093126 0.0158216 0.00896828 0.0313021 0.0631294 0.615161 1.80376e-05 0.0965561 0.00223882 
1.0231e-08 0.0088169 0.0126518 8.03619e-07 0.015033 0.649369 1.71183e-06 0.0235055 0.0122037 0.000238591 0.0210932 0.023875 0.154239 0.00267869 0.0363782 2.97465e-06 0.0162917 0.0236205 
5.75468e-10 0.000155443 1.58798e-07 2.01761e-06 0.0528526 0.858886 8.09837e-07 2.63333e-06 1.09689e-05 5.49395e-07 0.000365995 0.0363556 0.0167336 0.00467317 0.0128348 8.72814e-07 2.80359e-07 0.0171244 
2.75613e-08 0.0109624 4.49295e-05 0.00269537 0.135394 0.633989 8.71312e-08 2.24294e-05 0.000548588 0.000322867 5.87565e-05 1.36281e-05 0.000940212 0.00274762 0.202263 1.4422e-05 0.000195701 0.00978673 
1.91424e-07 8.48998e-05 0.0157347 0.105834 0.0588328 0.0158681 0.000960777 0.0372228 4.44861e-07 0.0171376 0.118085 0.0212918 0.0124129 0.000180392 0.0616792 0.490373 0.0387115 0.00558977 
0.000175844 0.000411339 0.000934354 0.0197259 0.0925623 0.659101 0.000947697 0.0205534 0.0141159 0.0293919 0.00238375 0.0128806 0.0346406 0.00270216 0.0361417 0.0141741 0.000456533 0.0587005 
1.79363e-07 0.00158407 0.00535417 0.745227 0.0717758 0.032783 0.000323592 0.0170646 3.6142e-06 1.51537e-05 1.19374e-05 0.00551144 0.0571704 0.0155582 0.00435231 0.000161171 0.00246898 0.0406348 
2.96267e-11 0.00217839 3.66687e-05 0.0161338 0.00133059 0.000122045 5.00223e-09 0.0944567 1.49602e-05 0.000231885 0.00494674 0.653035 0.199068 0.000395276 0.0126316 2.9392e-08 0.00114806 0.0142699 
7.65711e-05 0.00777635 0.00529487 0.109233 0.0397666 0.542638 0.00659408 0.0121267 0.00599987 0.000101156 0.000346277 0.0681422 0.0826761 0.0190395 0.0829163 0.000120633 0.00102778 0.0161237 
8.61651e-06 0.233453 0.366687 0.0347695 0.00886456 0.0464752 0.00405645 0.0377422 1.42195e-05 9.22314e-05 0.000196752 0.000299425 0.000325096 0.0378764 0.192565 0.00232279 0.000967457 0.0332837 
nan nan nan nan nan nan nan nan nan nan nan nan nan nan nan nan nan nan 
5.78967e-07 0.0325218 0.000287025 0.0087784 0.0180466 0.642656 5.40533e-05 0.0888138 0.0601261 0.000138366 9.23363e-07 0.000292141 0.05254 0.018724 0.0669842 4.69012e-05 4.42515e-05 0.00994516 
1.72639e-05 0.00970332 0.000566566 0.0304111 0.212972 0.0337855 0.00116139 0.113405 0.135556 0.000844844 0.00155391 0.0278789 0.039077 0.018873 0.014933 5.72915e-05 0.000221188 0.358983 
nan nan nan nan nan nan nan nan nan nan nan nan nan nan nan nan nan nan 
nan nan nan nan nan nan nan nan nan nan nan nan nan nan nan nan nan nan 
1.03051e-05 0.0024228 3.46879e-05 0.0809944 0.08972 0.377523 6.29421e-05 0.0156886 0.000523243 9.86654e-05 0.0103305 0.0257409 0.244917 0.0265153 0.106978 0.0011764 0.0154389 0.00182453 
2.29837e-06 0.000354553 0.00172754 0.00399563 0.00018955 0.694758 0.00332816 0.0299186 3.41377e-05 0.000616704 0.00784647 0.24491 0.00418096 0.000184027 0.00423377 0.00273434 0.000432873 0.000551703 
