0.501128 0.000847171 0.00641944 0.164489 0.0111228 0.000478186 2.49367e-05 0.0253432 2.7679e-05 0.00201287 0.0397187 0.0408737 0.0157694 0.000715349 0.0560954 0.00027904 0.122838 0.0118169 
0.382726 0.00154301 0.00261221 0.193097 0.00688488 0.000992216 3.36969e-06 0.146055 4.23402e-06 0.000594859 0.00134572 0.142816 0.0671667 0.000788429 0.00232617 0.00774243 0.0128631 0.0304392 
0.452011 0.000103224 0.000454442 0.276241 0.0111919 0.000919812 3.71821e-06 0.00891755 1.16692e-05 0.000583949 2.41362e-05 0.018466 0.112226 0.000399736 0.0130304 2.0216e-05 0.0111862 0.0942083 
0.782665 6.8058e-05 7.54299e-10 0.107323 0.00168988 0.000155552 1.10509e-05 0.00302046 2.44886e-09 0.00103251 4.05921e-13 0.00436933 0.056937 0.00024433 0.00100002 9.91405e-10 5.56053e-05 0.0414277 
0.633757 0.0141127 0.000316502 0.155921 0.00596294 0.00341361 1.93762e-05 0.0255177 1.57925e-08 0.00287608 6.87345e-08 0.0108001 0.0858858 0.0117478 0.038579 0.00094281 0.0025079 0.00763909 
0.740915 0.000323595 3.85737e-05 0.00286652 0.00688212 0.000852202 4.6434e-06 0.0107585 3.94661e-05 8.52439e-05 2.95712e-05 0.00355647 0.0179397 0.0834567 0.126357 0.00043239 0.00222675 0.00323568 
0.447656 0.00445803 0.000174216 0.0667334 0.00986251 0.0275748 0.000253229 0.00492785 0.00012797 0.000574253 3.42834e-08 0.0805949 0.125011 0.00529555 0.0617535 3.76127e-05 0.000775823 0.16419 
0.666031 7.17883e-05 0.00416636 0.102023 0.00778557 0.00156594 5.07386e-05 0.00986852 6.69101e-05 0.00308508 0.0556898 0.0840678 0.0139061 0.000346796 0.0185512 0.000642461 0.0106834 0.0213975 
0.746387 0.00071756 0.000156778 0.0603603 0.00442641 0.000663921 1.35044e-05 0.0258396 2.71965e-05 0.00100447 0.00162874 0.0541822 0.0358959 0.000638386 0.00536735 0.00930625 0.0498778 0.0035066 
0.835956 9.52002e-05 0.00111542 0.103015 0.00385194 9.59514e-05 1.8803e-06 0.0130072 1.81438e-06 0.000831944 3.1838e-05 0.00959565 0.0172935 0.000625208 0.00916146 0.000543277 0.00407263 0.000703973 
0.175832 0.0311825 0.000191186 0.144648 0.0087946 0.0338803 7.87706e-06 0.103999 0.00386165 0.0244858 0.00387949 0.0650589 0.134543 0.00518255 0.0768467 0.0170644 0.012492 0.158051 
0.613581 0.00274909 0.002934 0.010732 0.0537409 0.0378797 0.000651584 0.0373434 0.000941569 0.000121747 0.000858908 0.0931187 0.0687138 0.0083466 0.0400292 0.00675048 0.00269418 0.018813 
0.413232 0.0110888 0.0115389 0.211097 0.0140866 8.18927e-05 1.60189e-05 0.130808 2.07869e-05 0.0519829 0.00169318 0.0840455 0.0120643 0.00112456 0.0177625 0.00813899 0.00344423 0.0277736 
0.552178 0.000594463 0.000166392 0.0865978 0.0113591 0.00334902 2.62495e-05 0.0265517 0.000152146 0.000560765 0.0015848 0.0188414 0.0648095 0.0851007 0.115369 0.0039411 0.0185177 0.0102997 
0.278356 0.00612978 0.00117139 0.176941 0.00827618 0.00296388 2.07728e-05 0.0500038 0.000137321 0.00735367 0.0262847 0.0820211 0.0653966 0.00250185 0.185936 0.00781997 0.0395563 0.0591296 
0.450728 0.00310114 0.00186766 0.310813 0.00787873 0.00394976 9.42933e-06 0.0303008 0.000274403 0.00666566 0.000783754 0.0122981 0.105475 0.000629765 0.0403458 4.45064e-05 0.00977997 0.0150544 
0.501128 0.000847171 0.00641944 0.164489 0.0111228 0.000478186 2.49367e-05 0.0253432 2.7679e-05 0.00201287 0.0397187 0.0408737 0.0157694 0.000715349 0.0560954 0.00027904 0.122838 0.0118169 
0.958723 6.66484e-12 3.82454e-07 0.00155715 0.00527907 0.0020049 7.43124e-08 2.52915e-06 0.0012094 5.36078e-07 1.07081e-11 0.0265238 1.41614e-06 0.00160629 3.99073e-06 0.00308685 5.84597e-07 2.09328e-07 
0.71027 1.75365e-06 0.000564149 0.0100274 0.00650418 0.00924448 4.73035e-06 0.00882271 0.000318503 0.000601615 0.00443363 0.18869 0.0198862 0.000711466 0.00811407 0.0278527 0.000181466 0.00377086 
0.534089 0.00176128 1.07791e-08 0.0114842 0.00479188 0.0049948 5.35949e-05 0.039588 9.75035e-05 0.000810977 3.03911e-05 0.00560305 0.0102388 0.133639 0.00231044 0.249626 5.24351e-05 0.000828838 
0.773942 1.16461e-05 0.000289776 0.13283 0.00180811 4.49401e-06 2.17644e-06 0.0126274 1.74447e-08 0.000318522 7.31297e-06 0.0106331 0.0408914 0.00146244 0.0193813 0.000190755 0.00191985 0.00367911 
0.499292 0.00211375 0.000296488 0.0625358 0.00808641 0.0015574 4.56266e-05 0.0358417 0.0002519 0.0570046 0.000305998 0.0149179 0.0328073 0.194119 0.0827308 0.000290513 0.00114506 0.0066572 
0.468169 1.38023e-05 2.18844e-06 0.1495 0.00378018 0.00263382 3.19813e-06 0.00586061 0.00561425 0.000181765 0.000260084 0.008734 0.19104 0.00313982 0.00734675 2.13612e-12 0.0142926 0.139428 
0.426921 0.005746 0.0496625 0.0287774 0.141612 0.0267527 6.5061e-06 0.0364461 1.32961e-05 0.0007747 0.000324981 0.0198268 0.157503 0.000424934 0.00316273 7.65487e-05 0.000872881 0.101096 
0.835956 9.52002e-05 0.00111542 0.103015 0.00385194 9.59514e-05 1.8803e-06 0.0130072 1.81438e-06 0.000831944 3.1838e-05 0.00959565 0.0172935 0.000625208 0.00916146 0.000543277 0.00407263 0.000703973 
0.56348 0.000205487 3.48562e-05 0.11653 0.00118533 0.000472912 2.18674e-05 0.00383742 0.00307339 0.000532688 0.000282645 0.0454446 0.179363 0.000165125 0.00254617 1.35792e-05 0.023287 0.0595245 
0.792051 0.000142794 0.00106326 0.132177 0.00551937 0.000143923 2.81947e-06 0.0164954 2.72059e-06 0.000774757 4.77522e-05 0.0108969 0.0212232 0.000625463 0.0119024 0.000426288 0.00564757 0.000857393 
0.501128 0.000847171 0.00641944 0.164489 0.0111228 0.000478186 2.49367e-05 0.0253432 2.7679e-05 0.00201287 0.0397187 0.0408737 0.0157694 0.000715349 0.0560954 0.00027904 0.122838 0.0118169 
0.792051 0.000142794 0.00106326 0.132177 0.00551937 0.000143923 2.81947e-06 0.0164954 2.72059e-06 0.000774757 4.77522e-05 0.0108969 0.0212232 0.000625463 0.0119024 0.000426288 0.00564757 0.000857393 
0.848475 0.000110712 0.000597902 0.0750809 0.00507133 0.000726894 6.22255e-06 0.0113658 0.000121102 0.000458638 0.000279743 0.0185035 0.0138474 0.000596277 0.00698092 0.00865166 0.00500724 0.00411876 
0.888665 0.000102882 6.35719e-05 0.0365094 0.0016276 0.000443562 9.77911e-06 0.00913884 6.88723e-06 0.000348711 0.000795069 0.0270466 0.0155676 0.000296748 0.00312833 0.0125734 0.000496218 0.00317949 
0.647407 0.00258354 5.69704e-05 0.0255889 0.00412613 0.00408571 6.95167e-05 0.0421531 7.22397e-05 0.000696217 0.000170264 0.00682347 0.0187682 0.0817441 0.0104197 0.149548 0.000422212 0.00526441 
0.323758 8.63031e-05 0.000937107 0.00151504 0.0170435 0.0415243 1.53164e-06 0.178459 0.0913874 8.28332e-05 0.0174853 0.254292 0.0291515 0.00081011 0.0108975 0.0261756 0.000805175 0.0055882 
0.840991 1.02909e-06 4.9091e-05 0.0100709 0.0015196 0.00202926 1.28979e-05 0.067526 0.000236651 0.000201164 0.0136724 0.0299667 0.00102699 0.00184513 0.00909678 0.00948792 0.000256744 0.0120097 
0.396328 0.00525634 0.000145873 0.142752 0.200334 0.0084822 4.90835e-07 0.0100791 0.000764838 0.000906926 0.000711983 0.00855991 0.097463 0.0402722 0.0822318 0.000247451 0.000937655 0.00452636 
0.241785 0.0360132 0.000435863 4.07471e-07 0.0808911 0.0558538 0.000134504 0.0362895 0.0119745 0.000143154 0.0182362 0.179764 0.0846587 0.00612647 0.172012 0.00306143 0.0116486 0.0609714 
0.400544 0.00197446 0.0464487 0.207933 0.0162016 0.019316 0.124629 0.0492343 0.000190449 1.97307e-05 0.00167636 0.031075 0.0270125 0.000414931 0.00257341 0.0026262 0.00071574 0.0674139 
0.459107 0.00639878 0.000427175 0.163248 0.00749093 0.0016769 2.64889e-05 0.012087 0.00110911 0.00414343 0.0027898 0.0108682 0.238018 0.000744808 0.0328681 7.94608e-06 0.00549313 0.0534956 
0.446884 0.00298241 0.000319776 0.307314 0.0526382 0.0148304 0.000143497 0.0472388 5.99037e-05 0.000322272 7.04409e-05 0.0431683 0.0550199 0.0023182 0.0173704 0.000233006 0.000661587 0.00842543 
0.620789 7.15343e-05 7.61584e-05 0.126284 0.0050251 0.00248436 6.81774e-06 0.00358086 8.62475e-05 0.000376206 7.11569e-06 0.00878649 0.105117 0.00818185 0.00268748 0.000152049 0.0109729 0.105314 
0.94115 0.000418569 9.34516e-05 0.0150144 0.00410859 0.000884695 4.89371e-07 0.00328342 2.74559e-05 0.000749083 5.50603e-05 0.0144824 0.0153756 0.000515075 0.00252733 4.45101e-05 0.00010715 0.0011625 
0.958723 6.66484e-12 3.82454e-07 0.00155715 0.00527907 0.0020049 7.43124e-08 2.52915e-06 0.0012094 5.36078e-07 1.07081e-11 0.0265238 1.41614e-06 0.00160629 3.99073e-06 0.00308685 5.84597e-07 2.09328e-07 
0.635612 0.000544335 0.00120501 0.0574767 0.0101285 0.00172079 2.02229e-05 0.0254342 0.00010506 0.000291879 0.000811499 0.1726 0.0388881 0.000611831 0.00998791 0.0285278 0.00520002 0.0108334 
0.313141 0.000417304 0.000963068 0.230081 0.00655722 0.00164897 3.18947e-06 0.0205273 0.000106261 0.000562329 0.000700897 0.0252115 0.269752 0.026058 0.00823583 8.37318e-05 0.0125731 0.0833771 
0.700942 0.000173394 0.000465427 0.123744 0.00635178 0.00170039 7.03687e-06 0.00505902 6.59631e-05 0.000899414 0.000258166 0.0143073 0.0562646 0.00536584 0.00348301 0.000169403 0.0141384 0.0666049 
0.719991 1.43588e-05 0.000185117 0.0240556 0.00749226 0.00580263 3.06692e-05 0.0057718 7.68255e-05 0.000897379 0.00844467 0.0668809 0.0111227 0.0587056 0.0287831 0.0319149 0.0173797 0.0124504 
0.565763 0.00126335 0.00419622 0.00895049 0.0149228 0.0520803 4.13047e-05 0.0110346 0.00385238 0.00114269 0.0276114 0.0441393 0.147695 6.84547e-05 0.0231145 3.56029e-05 0.00618813 0.0879011 
0.4531 0.0185748 0.000548295 0.0652396 0.0467873 0.0218395 1.57127e-05 0.21383 0.000249033 0.00124111 0.000432949 0.0189478 0.102292 0.00442837 0.0385904 0.000177048 0.000995754 0.0127098 
0.727316 0.00191941 3.11726e-05 0.0890781 0.0038494 0.00205692 2.27168e-06 0.0176395 2.89592e-05 0.00163821 0.00356069 0.120728 0.0223623 0.00231268 0.00324945 0.00331166 0.000285722 0.000630411 
0.583868 0.000233201 0.000183437 0.151944 0.00660009 0.00180329 1.05232e-05 0.0175512 3.87044e-05 0.00114967 0.0012736 0.0567548 0.0777576 0.00034161 0.00138655 0.013912 0.00039574 0.084796 
0.270923 0.0001905 0.00176595 0.0443884 0.0117662 0.0176767 1.16793e-05 0.0095755 0.00884491 0.0349304 0.00816321 0.203353 0.21504 0.00228099 0.0233923 0.0603017 0.0276699 0.059726 
0.314337 0.0195171 0.00232424 0.215429 0.00997026 0.00370475 1.69938e-05 0.0679405 0.00042251 0.000421981 0.00108886 0.0610975 0.199677 0.00870475 0.05134 0.00151772 0.00996907 0.0325209 
0.395565 0.30802 0.000150284 0.00304369 0.00400847 0.0219377 6.05113e-06 0.000769811 0.00271176 0.000160294 2.57781e-08 0.0541751 0.00728755 0.165139 0.0292664 0.0075992 0.000156653 2.39664e-06 
0.266408 0.0035358 0.00063881 0.175857 0.0542583 0.0190247 2.57693e-05 0.116785 0.000886858 0.00158571 0.00107042 0.0365785 0.224399 0.0085516 0.0418039 0.00144247 0.0232187 0.0239285 
0.646577 0.000507891 0.000575224 0.00617025 0.0396744 0.0225827 0.000105482 0.0455138 0.0143028 6.78074e-05 5.50349e-07 0.0949188 0.0724586 0.000580415 0.0532403 0.00119894 0.000286112 0.00123909 
0.620789 7.15343e-05 7.61584e-05 0.126284 0.0050251 0.00248436 6.81774e-06 0.00358086 8.62475e-05 0.000376206 7.11569e-06 0.00878649 0.105117 0.00818185 0.00268748 0.000152049 0.0109729 0.105314 
0.443796 0.0036933 0.00223585 0.0903205 0.0224168 0.00554036 5.77819e-06 0.128178 0.00300154 0.000759304 0.0204948 0.0761978 0.103054 0.00614075 0.0867047 0.000405004 0.000256777 0.00679881 
0.557879 0.00159537 0.000108935 0.0671186 0.0113047 0.00292563 6.36878e-06 0.150949 3.3954e-05 0.000247653 0.0349615 0.0730981 0.0280023 0.000534929 0.042511 0.00676243 0.00171194 0.0202486 
0.653024 0.00444897 0.000735067 0.148106 0.0209589 0.000291998 5.04329e-07 0.0574445 1.03783e-07 0.000467542 1.72054e-05 0.0155756 0.0752521 0.00126004 0.00739804 8.69152e-05 0.000218514 0.0147133 
0.625386 0.00474401 0.000241605 0.00948554 0.0150774 0.172958 9.22515e-09 0.00139373 0.000635033 8.28096e-07 2.05202e-06 0.000697107 0.0160428 0.00165447 0.145299 9.59271e-08 0.000122615 0.00625988 
0.958723 6.66484e-12 3.82454e-07 0.00155715 0.00527907 0.0020049 7.43124e-08 2.52915e-06 0.0012094 5.36078e-07 1.07081e-11 0.0265238 1.41614e-06 0.00160629 3.99073e-06 0.00308685 5.84597e-07 2.09328e-07 
0.936254 8.16447e-05 8.82322e-05 0.025864 0.00167986 0.000106233 1.04905e-06 0.0074711 2.72108e-06 0.000706053 7.34923e-06 0.00983199 0.0138943 0.000220997 0.00298525 0.000559299 9.17359e-05 0.000153822 
0.733973 6.96111e-07 0.000637839 0.0146389 0.11793 0.000155818 9.50325e-10 0.0949323 6.98594e-10 7.25088e-10 4.79421e-10 1.03827e-10 5.21109e-11 1.17681e-05 0.0271992 1.69502e-07 0.00641106 0.00410905 
0.271686 0.00520285 0.000795078 0.171792 0.0225511 0.00586758 2.05737e-05 0.0373895 0.078387 0.00164741 0.0024138 0.157575 0.15453 0.0063123 0.00874263 0.0068932 0.0109265 0.0572678 
0.929638 6.97405e-05 1.62915e-05 0.0288899 0.0009297 4.10927e-06 2.71581e-06 0.00577297 2.25753e-09 0.000429416 9.54241e-09 0.00939694 0.0204917 0.000122356 0.00301632 0.00023421 7.7734e-05 0.000907648 
0.719991 1.43588e-05 0.000185117 0.0240556 0.00749226 0.00580263 3.06692e-05 0.0057718 7.68255e-05 0.000897379 0.00844467 0.0668809 0.0111227 0.0587056 0.0287831 0.0319149 0.0173797 0.0124504 
0.958723 6.66484e-12 3.82454e-07 0.00155715 0.00527907 0.0020049 7.43124e-08 2.52915e-06 0.0012094 5.36078e-07 1.07081e-11 0.0265238 1.41614e-06 0.00160629 3.99073e-06 0.00308685 5.84597e-07 2.09328e-07 
0.244218 0.00042948 0.000177372 0.100137 0.0127583 0.0343964 1.52215e-06 0.022129 0.00128147 0.00111547 0.206733 0.109298 0.0220816 0.00853833 0.116607 0.0752924 0.0151047 0.0297009 
0.257582 0.146798 7.74302e-05 0.171113 0.00454527 0.0653334 2.26461e-05 0.10229 5.07385e-05 0.000158459 0.00661394 0.00813093 0.0251151 0.00116248 0.0832386 0.00018607 0.000183222 0.127399 
0.759522 0.000631662 0.00051306 0.0710211 0.00642094 0.00103085 1.78996e-05 0.0262511 0.000211636 0.015275 0.000374633 0.0184737 0.020213 0.0392858 0.0246896 0.0057492 0.0049476 0.00537165 
0.719991 1.43588e-05 0.000185117 0.0240556 0.00749226 0.00580263 3.06692e-05 0.0057718 7.68255e-05 0.000897379 0.00844467 0.0668809 0.0111227 0.0587056 0.0287831 0.0319149 0.0173797 0.0124504 
0.613581 0.00274909 0.002934 0.010732 0.0537409 0.0378797 0.000651584 0.0373434 0.000941569 0.000121747 0.000858908 0.0931187 0.0687138 0.0083466 0.0400292 0.00675048 0.00269418 0.018813 
0.859874 5.833e-05 0.000130517 0.0456448 0.00321419 0.00216916 1.47772e-05 0.0087469 7.75145e-06 0.000857927 0.00055006 0.0397795 0.0120092 0.00272392 0.0083663 0.0138558 0.000455556 0.00154172 
0.296809 0.0289684 0.00245744 0.0720016 0.0189623 0.00597637 4.85275e-05 0.247862 0.00445195 0.00492465 0.0045045 0.0606709 0.120417 0.00742142 0.0747068 0.00621019 0.00430597 0.0393007 
0.199892 0.00370325 0.00310878 0.181874 0.0362554 0.0789312 5.08089e-05 0.0256313 0.00510205 0.00327191 0.0060903 0.087839 0.174888 0.00187733 0.088162 0.00307424 0.0118229 0.0884251 
0.322089 4.61616e-06 2.19512e-06 0.0716051 0.0232658 0.00328579 0.000319273 0.0109029 4.4968e-05 0.000368093 0.00244134 0.128443 0.185041 0.00596258 0.000609837 0.000396778 0.00320432 0.242014 
0.491185 0.000367206 0.000576767 0.0442536 0.00406696 0.00343636 1.16676e-05 0.020565 2.5149e-05 0.000271639 0.000212473 0.381325 0.0189628 0.000196555 0.00440919 0.00503809 0.0197614 0.00533576 
0.465516 0.00113369 0.000360842 0.0771217 0.0087743 0.0205368 1.04838e-05 0.0123663 0.00016438 0.00292649 0.00615727 0.19101 0.128702 0.00339286 0.050583 0.0063888 0.000310904 0.0245434 
0.499292 0.00211375 0.000296488 0.0625358 0.00808641 0.0015574 4.56266e-05 0.0358417 0.0002519 0.0570046 0.000305998 0.0149179 0.0328073 0.194119 0.0827308 0.000290513 0.00114506 0.0066572 
0.259817 0.00275832 0.00292337 0.196507 0.00953387 0.0262016 4.9538e-05 0.0117047 0.000731499 0.00377852 0.0345644 0.031873 0.231179 0.0033332 0.0321093 0.00394454 0.0209959 0.127995 
0.483252 0.000830244 0.00199451 0.129683 0.0124579 0.00375601 6.08965e-05 0.0110897 9.3701e-05 0.170619 0.0112753 0.0396377 0.0751834 0.00362805 0.0284815 0.000847848 0.0147791 0.0123306 
0.835956 9.52002e-05 0.00111542 0.103015 0.00385194 9.59514e-05 1.8803e-06 0.0130072 1.81438e-06 0.000831944 3.1838e-05 0.00959565 0.0172935 0.000625208 0.00916146 0.000543277 0.00407263 0.000703973 
0.864422 8.24336e-05 9.90254e-05 0.0344995 0.00198732 0.00115913 1.49947e-05 0.0108607 1.60568e-05 0.000271451 0.00211825 0.0372883 0.0110337 0.000359401 0.0022572 0.028495 0.000896409 0.00413919 
0.929638 6.97405e-05 1.62915e-05 0.0288899 0.0009297 4.10927e-06 2.71581e-06 0.00577297 2.25753e-09 0.000429416 9.54241e-09 0.00939694 0.0204917 0.000122356 0.00301632 0.00023421 7.7734e-05 0.000907648 
0.558758 1.98e-05 4.2237e-06 0.0989155 0.00166957 0.000819528 2.54468e-05 0.00197886 1.17245e-05 0.00127759 6.29009e-13 0.00340661 0.0410654 0.000458388 0.000110768 1.39417e-09 0.00101892 0.29046 
0.347687 0.00998808 0.00249368 0.137802 0.0325049 0.00687673 1.17134e-05 0.0354246 0.00321038 0.000988407 0.00135754 0.0119109 0.194119 0.00126072 0.0477234 4.84239e-06 0.00852734 0.158108 
0.324929 0.000153734 0.00110108 0.173147 0.0671964 0.00401072 1.24285e-05 0.0292357 6.73991e-05 0.000247744 0.0109348 0.0301239 0.0574836 0.100782 0.0926801 0.0120241 0.0701769 0.0256937 
0.363521 0.00163984 0.00259393 0.227643 0.0323036 0.00367902 0.000209002 0.0127531 6.05238e-05 0.00206231 0.0171171 0.0354729 0.184538 0.0068908 0.0423661 0.000126606 0.0512989 0.0157251 
0.825026 0.00104625 0.000171685 0.0468069 0.00240917 6.93666e-05 1.03366e-05 0.0471913 6.41435e-06 0.000412972 2.59167e-05 0.0103553 0.0364238 0.00252455 0.0238204 0.000227051 0.000393225 0.00307956 
0.222229 2.34459e-05 0.000156521 0.202676 0.0775037 0.00488411 9.96777e-07 0.0063351 0.00037323 0.000513709 0.0140068 0.0673093 0.181464 0.067349 0.0135596 0.0470689 0.0250535 0.0694928 
0.31994 0.0172756 0.00191034 0.0419379 0.021142 0.146572 0.00241793 0.028481 0.00506076 0.000145211 0.00468549 0.069289 0.0442648 0.00318397 0.0313337 0.229036 0.0128104 0.0205143 
0.638767 0.00171839 1.00365e-05 0.00958621 0.0308026 0.000292952 3.29549e-06 0.00206406 7.14111e-05 0.0002 0.000101927 0.00308866 0.00351765 0.0369844 0.263031 4.21471e-05 0.00366633 0.00605241 
0.499292 0.00211375 0.000296488 0.0625358 0.00808641 0.0015574 4.56266e-05 0.0358417 0.0002519 0.0570046 0.000305998 0.0149179 0.0328073 0.194119 0.0827308 0.000290513 0.00114506 0.0066572 
0.561973 2.4979e-05 6.93454e-06 0.0999369 0.00486161 0.000655854 2.34339e-05 0.00266631 1.54034e-05 0.00172315 1.13437e-07 0.00667671 0.0536743 0.0136621 0.00101626 0.000109865 0.00392543 0.249048 
0.384984 0.0186936 0.00296131 0.184293 0.00798032 0.00337629 1.58431e-05 0.0494478 0.00035946 0.00123212 0.00255768 0.0448128 0.164825 0.00545004 0.0352479 0.00080938 0.00701418 0.0859394 
0.835956 9.52002e-05 0.00111542 0.103015 0.00385194 9.59514e-05 1.8803e-06 0.0130072 1.81438e-06 0.000831944 3.1838e-05 0.00959565 0.0172935 0.000625208 0.00916146 0.000543277 0.00407263 0.000703973 
0.848475 0.000110712 0.000597902 0.0750809 0.00507133 0.000726894 6.22255e-06 0.0113658 0.000121102 0.000458638 0.000279743 0.0185035 0.0138474 0.000596277 0.00698092 0.00865166 0.00500724 0.00411876 
0.620789 7.15343e-05 7.61584e-05 0.126284 0.0050251 0.00248436 6.81774e-06 0.00358086 8.62475e-05 0.000376206 7.11569e-06 0.00878649 0.105117 0.00818185 0.00268748 0.000152049 0.0109729 0.105314 
0.323758 8.63031e-05 0.000937107 0.00151504 0.0170435 0.0415243 1.53164e-06 0.178459 0.0913874 8.28332e-05 0.0174853 0.254292 0.0291515 0.00081011 0.0108975 0.0261756 0.000805175 0.0055882 
0.921482 8.42888e-09 0.000170151 0.0105872 0.00237402 0.000191424 1.85242e-05 0.0151665 1.61109e-05 0.000615383 2.80003e-12 0.0270135 0.0100303 0.000676014 0.0102859 4.51436e-05 0.0011161 0.000211308 
0.623075 5.18954e-05 0.000177963 0.171668 0.00627813 0.00026055 3.41158e-07 0.112928 2.64658e-09 0.000205903 4.03376e-07 0.0249667 0.0438011 0.00118289 0.013648 0.000433669 0.00020842 0.00111325 
0.323758 8.63031e-05 0.000937107 0.00151504 0.0170435 0.0415243 1.53164e-06 0.178459 0.0913874 8.28332e-05 0.0174853 0.254292 0.0291515 0.00081011 0.0108975 0.0261756 0.000805175 0.0055882 
0.358422 0.000797875 0.005161 0.272819 0.0137207 0.0149679 0.000745944 0.0153978 0.000807995 0.00125154 0.00266605 0.085904 0.061109 0.000748496 0.00850268 0.00709628 0.006809 0.143073 
0.664807 0.000325401 0.000874798 0.138716 0.00268589 0.00050897 1.86748e-05 0.0188854 3.31707e-05 0.000963411 6.14552e-06 0.00544083 0.0837821 0.000671789 0.00764754 5.87518e-05 0.00502657 0.0695479 
0.835956 9.52002e-05 0.00111542 0.103015 0.00385194 9.59514e-05 1.8803e-06 0.0130072 1.81438e-06 0.000831944 3.1838e-05 0.00959565 0.0172935 0.000625208 0.00916146 0.000543277 0.00407263 0.000703973 
0.397987 0.0213643 0.000159777 0.210668 0.0155685 0.000954327 4.29807e-05 0.00745778 0.000695891 0.000159975 0.00133444 0.00710222 0.104662 0.0758245 0.126538 0.0010067 0.0196689 0.00880489 
0.459107 0.00639878 0.000427175 0.163248 0.00749093 0.0016769 2.64889e-05 0.012087 0.00110911 0.00414343 0.0027898 0.0108682 0.238018 0.000744808 0.0328681 7.94608e-06 0.00549313 0.0534956 
0.330938 0.000871437 0.256038 0.00646102 0.0995742 0.0197207 1.26136e-05 0.0199207 0.00201687 0.000253732 0.000208318 0.145659 0.0452687 0.0210111 0.0201534 0.00432004 0.00846561 0.0191061 
0.270861 1.20595e-07 2.30658e-07 0.0827597 0.20287 0.00816405 1.44487e-08 0.00267763 6.06972e-07 0.00542497 7.24794e-06 0.0591389 0.124113 2.26315e-05 0.0106751 0.00238137 0.0818109 0.149092 
0.699541 0.00100666 0.000117043 0.0944146 0.0110144 0.000878893 1.23898e-05 0.00791294 0.000311498 0.00130945 0.000906203 0.00589379 0.10284 0.00278207 0.00840726 3.93797e-05 0.0101553 0.0524574 
0.394421 0.00125325 0.000342292 0.196376 0.0229698 0.0200193 1.40744e-06 0.0100066 0.00264194 0.00254983 0.00157505 0.0205032 0.223775 0.0610717 0.0348327 0.000228661 0.00118161 0.00625051 
0.442359 0.00148921 0.330489 0.00362025 0.075879 0.0107829 1.26457e-06 0.0278737 0.000829536 3.80204e-05 1.00263e-07 0.0807683 0.0108356 0.000351014 0.00999296 0.000452041 0.000817668 0.00342037 
0.318231 0.00356676 0.00092784 0.112965 0.00625832 0.00394397 3.08215e-05 0.0135257 0.000152578 0.00067714 0.0333909 0.250614 0.0939885 0.0112551 0.0171346 0.020755 0.0324329 0.0801498 
0.613903 0.00050777 0.000575124 0.0105536 0.0415749 0.0337736 0.000105181 0.0545409 0.0269917 6.7786e-05 5.15528e-07 0.0920424 0.0708914 0.000889218 0.050612 0.00234615 0.000286071 0.000338972 
0.368583 0.00284804 0.000131172 0.0310502 6.60354e-05 0.024424 0.000107031 0.000829405 4.84088e-05 0.00291211 0.000399753 0.241972 0.314511 0.00235879 0.00240015 0.00419195 0.00301573 0.000150889 
0.544242 0.0001551 0.000801004 0.0147329 0.112257 0.0197631 2.27386e-06 0.0390116 0.00380589 0.000383597 0.000447283 0.0259197 0.0852979 0.00688226 0.126729 0.00238125 0.00305344 0.0141351 
0.424252 0.0332153 8.94654e-05 0.00527361 0.0129646 0.162832 1.51466e-06 0.00882517 0.0167915 0.00257179 0.000111201 0.241061 0.00581835 0.000784128 0.0462706 0.0327272 0.00286109 0.00354978 
0.395565 0.30802 0.000150284 0.00304369 0.00400847 0.0219377 6.05113e-06 0.000769811 0.00271176 0.000160294 2.57781e-08 0.0541751 0.00728755 0.165139 0.0292664 0.0075992 0.000156653 2.39664e-06 
0.24517 0.0018286 0.00456797 0.0699514 0.112301 0.0745903 8.56463e-05 0.0393576 0.0097398 0.00468477 0.0448565 0.0790034 0.209194 0.00210125 0.0557892 0.0120605 0.0080116 0.0267053 
0.347687 0.00998808 0.00249368 0.137802 0.0325049 0.00687673 1.17134e-05 0.0354246 0.00321038 0.000988407 0.00135754 0.0119109 0.194119 0.00126072 0.0477234 4.84239e-06 0.00852734 0.158108 
0.348699 0.000255359 0.00042036 0.1588 0.0386089 0.0577799 2.82183e-05 0.0197416 0.00021142 0.00101591 0.00455423 0.0548662 0.126286 0.0502612 0.0146396 0.00530096 0.000618763 0.117912 
0.587048 0.000828425 2.70128e-05 0.181784 0.0010566 0.0630796 1.58203e-06 0.00394423 0.00387599 0.0002668 5.78279e-06 0.00472182 0.14015 0.000175784 0.00600519 0.000179147 5.41773e-05 0.00679562 
0.591311 0.000117484 0.00191262 0.147661 0.00412022 0.0018438 8.01141e-05 0.0543874 9.85852e-05 0.000600918 0.0018112 0.0690138 0.0571684 0.000850209 0.0104304 0.0121936 0.00823722 0.0381624 
0.864422 8.24336e-05 9.90254e-05 0.0344995 0.00198732 0.00115913 1.49947e-05 0.0108607 1.60568e-05 0.000271451 0.00211825 0.0372883 0.0110337 0.000359401 0.0022572 0.028495 0.000896409 0.00413919 
0.400665 0.00772584 0.00934385 0.0422864 0.0303414 0.0601866 2.7746e-05 0.0322419 0.00806566 0.000209756 0.000993463 0.262272 0.0100037 0.0010176 0.0410764 0.0060554 0.0059406 0.0815465 
0.479465 3.26747e-05 0.000204016 0.24143 0.00382701 0.000530724 2.04671e-05 0.0054337 7.03524e-06 0.00118119 7.63066e-09 0.00362938 0.040132 0.000827408 0.00109407 9.04754e-06 0.0236764 0.1985 
0.520353 3.57845e-05 0.00415732 0.10282 0.0272252 0.00970971 9.57003e-06 0.0248152 0.000318484 0.000659118 0.00668746 0.190141 0.0405923 0.00143792 0.027036 0.0200071 0.0139941 0.0100005 
0.542043 0.00716732 0.000578953 0.113175 0.00623073 0.00201061 3.61341e-05 0.0110333 0.00166057 0.00367339 0.00376046 0.0107414 0.210647 0.000782674 0.0349894 6.87484e-06 0.00830487 0.0431578 
0.490028 0.00246464 0.000312985 0.0667196 0.0191286 0.0107623 7.629e-05 0.0358543 0.00343109 0.00048402 0.00117549 0.0178157 0.114159 0.0667896 0.0219584 0.0666731 0.00685866 0.0753084 
0.221914 0.0213306 0.0077262 0.111806 0.0213736 0.00726895 3.69142e-05 0.11405 0.000686506 0.00613827 0.0150726 0.217662 0.126029 0.00280924 0.0583498 0.00811896 0.0157096 0.0439161 
0.889575 0.000208356 0.000128347 0.0240175 0.00178188 0.00106907 7.08848e-06 0.0103999 3.70892e-05 0.00040007 0.0014443 0.0331876 0.00803235 0.000273539 0.000956026 0.0247856 0.000668055 0.00302832 
0.345653 0.0230369 1.60504e-05 0.258939 0.00197852 0.00534984 2.24266e-06 0.00568015 0.000132438 0.0011688 1.55224e-07 0.0674807 0.0580249 0.00734241 0.178564 0.0005399 0.00232872 0.043762 
0.626991 0.0026152 0.00109047 0.161949 0.00663179 0.00103479 1.41143e-05 0.014394 0.000374457 0.00240641 0.0011383 0.0121815 0.113192 0.000753489 0.0244054 0.000117664 0.0121423 0.0185689 
0.442359 0.00148921 0.330489 0.00362025 0.075879 0.0107829 1.26457e-06 0.0278737 0.000829536 3.80204e-05 1.00263e-07 0.0807683 0.0108356 0.000351014 0.00999296 0.000452041 0.000817668 0.00342037 
0.835956 9.52002e-05 0.00111542 0.103015 0.00385194 9.59514e-05 1.8803e-06 0.0130072 1.81438e-06 0.000831944 3.1838e-05 0.00959565 0.0172935 0.000625208 0.00916146 0.000543277 0.00407263 0.000703973 
0.630468 0.00031421 0.00109116 0.154299 0.0123384 0.00272743 2.48303e-05 0.0199078 0.000145843 0.0008308 0.0356972 0.0493912 0.0199172 0.000960518 0.00911003 0.035298 0.0146438 0.0128344 
0.221276 0.0193416 0.0160174 0.173423 0.028651 0.00655524 2.68481e-05 0.0798401 0.00221397 0.10561 0.00847595 0.0555019 0.114165 0.007583 0.112492 0.00705094 0.013815 0.0279614 
0.620789 7.15343e-05 7.61584e-05 0.126284 0.0050251 0.00248436 6.81774e-06 0.00358086 8.62475e-05 0.000376206 7.11569e-06 0.00878649 0.105117 0.00818185 0.00268748 0.000152049 0.0109729 0.105314 
0.577452 0.000223327 9.53608e-05 0.21537 0.00523024 0.000142619 4.25898e-07 0.0967624 2.67972e-06 0.000297372 2.20086e-07 0.0226046 0.0471645 0.000781658 0.0192681 0.000251227 0.00873661 0.00561723 
0.394421 0.00125325 0.000342292 0.196376 0.0229698 0.0200193 1.40744e-06 0.0100066 0.00264194 0.00254983 0.00157505 0.0205032 0.223775 0.0610717 0.0348327 0.000228661 0.00118161 0.00625051 
0.585927 0.000610769 0.0054612 0.15759 0.00866329 0.000413388 1.6575e-05 0.0220467 1.99986e-05 0.00172336 0.0243431 0.0348623 0.0188384 0.000732143 0.0437008 0.000363601 0.0847519 0.00993509 
0.37951 6.8203e-07 0.00226417 0.0017506 0.0734819 0.132548 0.000100657 0.209496 2.25307e-05 0.000891896 0.0220141 0.0665665 0.000456427 0.00155594 0.02647 0.0114349 0.065579 0.0058568 
0.535355 0.000688285 0.000837243 0.0385792 0.00809082 0.00580795 5.23011e-05 0.011315 0.00105316 0.000982699 0.00261629 0.112591 0.209609 0.00170702 0.0317804 0.00748035 0.0102192 0.021236 
0.864422 8.24336e-05 9.90254e-05 0.0344995 0.00198732 0.00115913 1.49947e-05 0.0108607 1.60568e-05 0.000271451 0.00211825 0.0372883 0.0110337 0.000359401 0.0022572 0.028495 0.000896409 0.00413919 
0.310153 0.0236106 0.00159936 0.159101 0.00553918 0.0110722 1.24728e-05 0.0396939 0.000414871 0.00106074 0.00610741 0.0562542 0.172273 0.000193878 0.0329666 7.25026e-07 0.0066109 0.173336 
0.642765 0.000165609 0.000238983 0.223324 0.00486815 9.67061e-05 1.108e-06 0.0453863 1.46201e-09 0.000274247 1.2942e-05 0.019604 0.0491037 0.000526771 0.00858476 0.00011415 0.00246653 0.00246626 
0.792051 0.000142794 0.00106326 0.132177 0.00551937 0.000143923 2.81947e-06 0.0164954 2.72059e-06 0.000774757 4.77522e-05 0.0108969 0.0212232 0.000625463 0.0119024 0.000426288 0.00564757 0.000857393 
0.459107 0.00639878 0.000427175 0.163248 0.00749093 0.0016769 2.64889e-05 0.012087 0.00110911 0.00414343 0.0027898 0.0108682 0.238018 0.000744808 0.0328681 7.94608e-06 0.00549313 0.0534956 
0.921482 8.42888e-09 0.000170151 0.0105872 0.00237402 0.000191424 1.85242e-05 0.0151665 1.61109e-05 0.000615383 2.80003e-12 0.0270135 0.0100303 0.000676014 0.0102859 4.51436e-05 0.0011161 0.000211308 
0.541405 4.67578e-05 0.000703215 0.103211 0.00475282 0.0891721 9.89326e-05 0.0400604 0.000113945 0.000152178 0.00209194 0.0543658 0.0827408 0.000414605 0.0199056 0.0107087 0.00323677 0.0468187 
0.317157 0.000944024 0.000349489 0.0299341 0.0171371 0.0304506 4.01417e-05 0.0590162 0.000644181 0.0215304 0.0143738 0.150893 0.111147 0.0317895 0.0600956 0.0161827 0.124743 0.013571 
0.445132 3.77627e-05 0.000127335 0.122632 0.00960932 0.00184022 1.40564e-05 0.0859711 1.19667e-08 0.0023235 5.10836e-07 0.0865996 0.088268 0.00568772 0.142831 0.000310488 0.00781975 0.000795907 
0.613581 0.00274909 0.002934 0.010732 0.0537409 0.0378797 0.000651584 0.0373434 0.000941569 0.000121747 0.000858908 0.0931187 0.0687138 0.0083466 0.0400292 0.00675048 0.00269418 0.018813 
0.305553 0.00116539 0.00360604 0.0590869 0.0147391 0.0163864 0.000445587 0.0744122 0.00517043 0.0805197 0.000697525 0.0184513 0.0934502 0.00242282 0.0313697 0.190775 0.0713385 0.0304103 
0.48653 0.00215229 0.000361797 0.11331 0.0129611 0.00373858 2.05984e-05 0.00820809 0.00063956 0.000632549 0.000682489 0.0143819 0.259349 0.00730146 0.0232583 0.000156862 0.0156888 0.0506266 
0.733973 6.96111e-07 0.000637839 0.0146389 0.11793 0.000155818 9.50325e-10 0.0949323 6.98594e-10 7.25088e-10 4.79421e-10 1.03827e-10 5.21109e-11 1.17681e-05 0.0271992 1.69502e-07 0.00641106 0.00410905 
0.309749 0.00234501 0.00194886 0.124126 0.0415207 0.00365437 2.44593e-06 0.0167397 0.000146575 0.00240113 0.00606592 0.0246384 0.297174 0.00737255 0.0417757 0.000123149 0.00239117 0.117826 
0.597329 1.20431e-05 0.000250865 0.00895112 0.00841129 0.0121786 1.89162e-05 0.00867339 0.000267035 0.000273702 0.0173883 0.222778 0.0133276 0.000625066 0.00433672 0.0888817 0.00266735 0.013629 
0.722172 0.000143447 0.000728907 0.11187 0.00595057 0.00201456 1.46884e-05 0.0131872 9.45521e-06 0.00195886 0.0390195 0.0573436 0.0116303 0.000460647 0.00515831 0.00909873 0.0100575 0.00918187 
0.825026 0.00104625 0.000171685 0.0468069 0.00240917 6.93666e-05 1.03366e-05 0.0471913 6.41435e-06 0.000412972 2.59167e-05 0.0103553 0.0364238 0.00252455 0.0238204 0.000227051 0.000393225 0.00307956 
0.250993 0.00359367 0.00115038 0.117191 0.0129955 0.01842 1.61735e-05 0.0160568 0.0238109 0.00164615 0.157295 0.164015 0.112976 0.0070878 0.0427521 0.0243062 0.0106337 0.0350606 
0.623075 5.18954e-05 0.000177963 0.171668 0.00627813 0.00026055 3.41158e-07 0.112928 2.64658e-09 0.000205903 4.03376e-07 0.0249667 0.0438011 0.00118289 0.013648 0.000433669 0.00020842 0.00111325 
0.982028 1.77989e-06 5.11903e-07 2.61009e-05 0.00024846 9.96374e-06 1.08801e-05 0.000240655 5.14302e-07 6.18929e-07 2.24344e-06 0.000119907 0.000286752 0.000176724 0.0159892 1.22013e-06 0.000260723 0.000595454 
0.501128 0.000847171 0.00641944 0.164489 0.0111228 0.000478186 2.49367e-05 0.0253432 2.7679e-05 0.00201287 0.0397187 0.0408737 0.0157694 0.000715349 0.0560954 0.00027904 0.122838 0.0118169 
0.585927 0.000610769 0.0054612 0.15759 0.00866329 0.000413388 1.6575e-05 0.0220467 1.99986e-05 0.00172336 0.0243431 0.0348623 0.0188384 0.000732143 0.0437008 0.000363601 0.0847519 0.00993509 
0.503617 0.0169843 0.000204445 0.188108 0.00902777 0.0181262 0.000251629 0.00327925 0.010942 0.0013135 0.00271447 0.0160466 0.152599 0.00878119 0.0127324 0.0181922 0.0294466 0.00763246 
0.416705 0.00162951 0.00041879 0.244182 0.0472281 0.0325292 9.31002e-05 0.0335509 0.000203792 0.000621318 0.00120607 0.05302 0.0881383 0.0128988 0.0196922 0.00243849 0.000662532 0.044782 
0.399046 0.00088554 0.00410697 0.270595 0.031679 0.029775 5.01652e-05 0.0179468 0.000271586 0.00333448 0.00223146 0.0219758 0.0801171 0.0220663 0.0146969 0.00367315 0.00242834 0.0951198 
0.348699 0.000255359 0.00042036 0.1588 0.0386089 0.0577799 2.82183e-05 0.0197416 0.00021142 0.00101591 0.00455423 0.0548662 0.126286 0.0502612 0.0146396 0.00530096 0.000618763 0.117912 
0.491724 0.00039004 0.0067999 0.0016929 0.0131648 0.146487 2.16918e-05 0.00753202 0.00334586 0.000417455 0.00297243 0.0254667 0.0406203 0.000695642 0.0223823 0.173802 0.00509648 0.0573889 
0.645994 0.0032598 3.16435e-05 0.111222 0.00717066 0.00465073 2.20545e-05 0.0082129 0.000213157 0.000956858 2.64531e-08 0.0210517 0.119523 0.00226847 0.0315056 7.88172e-06 6.49396e-05 0.0438448 
0.323758 8.63031e-05 0.000937107 0.00151504 0.0170435 0.0415243 1.53164e-06 0.178459 0.0913874 8.28332e-05 0.0174853 0.254292 0.0291515 0.00081011 0.0108975 0.0261756 0.000805175 0.0055882 
0.462898 0.000211198 0.000515399 0.0512644 0.00598983 0.0432048 3.79906e-05 0.0366467 1.64599e-05 0.000902497 0.000710465 0.176166 0.129942 0.00192772 0.0281003 0.0501097 0.00265823 0.00869735 
0.27244 0.00285624 0.00031431 0.0305944 0.0178991 0.16998 1.54287e-06 0.00695502 0.000922461 0.000497972 0.0194461 0.0684418 0.251675 0.000275758 0.00998487 0.000142015 0.0398539 0.107719 
0.835956 9.52002e-05 0.00111542 0.103015 0.00385194 9.59514e-05 1.8803e-06 0.0130072 1.81438e-06 0.000831944 3.1838e-05 0.00959565 0.0172935 0.000625208 0.00916146 0.000543277 0.00407263 0.000703973 
0.921482 8.42888e-09 0.000170151 0.0105872 0.00237402 0.000191424 1.85242e-05 0.0151665 1.61109e-05 0.000615383 2.80003e-12 0.0270135 0.0100303 0.000676014 0.0102859 4.51436e-05 0.0011161 0.000211308 
0.835956 9.52002e-05 0.00111542 0.103015 0.00385194 9.59514e-05 1.8803e-06 0.0130072 1.81438e-06 0.000831944 3.1838e-05 0.00959565 0.0172935 0.000625208 0.00916146 0.000543277 0.00407263 0.000703973 
0.466858 0.00627601 0.00370332 0.0983122 0.0310955 0.0155545 0.0022955 0.0918486 0.000999152 0.00388123 0.00564868 0.0873637 0.0931571 0.00468519 0.0411392 0.00878413 0.0083812 0.0300164 
0.459107 0.00639878 0.000427175 0.163248 0.00749093 0.0016769 2.64889e-05 0.012087 0.00110911 0.00414343 0.0027898 0.0108682 0.238018 0.000744808 0.0328681 7.94608e-06 0.00549313 0.0534956 
0.672989 4.39057e-05 0.000420252 0.143514 0.0185396 0.000628829 8.65504e-06 0.00867837 2.90968e-05 0.000764386 0.0086639 0.0968272 0.020237 0.000319692 0.00292873 0.00889904 0.00711478 0.00939421 
0.848475 0.000110712 0.000597902 0.0750809 0.00507133 0.000726894 6.22255e-06 0.0113658 0.000121102 0.000458638 0.000279743 0.0185035 0.0138474 0.000596277 0.00698092 0.00865166 0.00500724 0.00411876 
0.848475 0.000110712 0.000597902 0.0750809 0.00507133 0.000726894 6.22255e-06 0.0113658 0.000121102 0.000458638 0.000279743 0.0185035 0.0138474 0.000596277 0.00698092 0.00865166 0.00500724 0.00411876 
0.903555 3.67698e-06 0.000484857 0.0294895 0.0104331 0.00060879 3.68162e-05 0.0117987 3.30246e-05 0.00172566 2.16916e-11 0.0235657 0.00848442 0.000570327 0.0064821 2.99349e-05 0.00175753 0.000941147 
0.289054 0.00413663 0.000470972 0.165864 0.0146821 0.0567122 0.000181045 0.0203503 0.000454716 0.00179344 0.00207901 0.0188565 0.248258 0.0412032 0.0550612 4.58488e-05 0.0142912 0.0665056 
0.716393 4.97245e-05 0.000115113 0.188617 0.00228911 0.000142227 4.94587e-06 0.00408837 4.93517e-06 0.00156303 3.22226e-07 0.00265864 0.0313074 0.000385672 0.00236776 3.18577e-06 0.0156946 0.0343152 
0.957144 6.6474e-05 6.64706e-05 0.0173333 0.00114476 7.9112e-05 2.03195e-06 0.00501889 4.0477e-06 0.000499504 9.23e-06 0.00659507 0.00930458 0.0001576 0.00201395 0.000385526 6.60601e-05 0.00010906 
0.620789 7.15343e-05 7.61584e-05 0.126284 0.0050251 0.00248436 6.81774e-06 0.00358086 8.62475e-05 0.000376206 7.11569e-06 0.00878649 0.105117 0.00818185 0.00268748 0.000152049 0.0109729 0.105314 
0.300465 0.00417756 0.000372283 0.23743 0.0153012 0.0140303 6.49632e-05 0.00792429 0.00782506 0.00348215 0.00058033 0.0581399 0.189748 0.00320235 0.0368053 9.14343e-05 0.00387204 0.116488 
0.98355 6.12903e-09 3.47722e-09 1.59812e-05 0.000188523 6.11769e-06 6.95264e-06 0.000138388 3.22288e-07 9.19876e-08 8.7205e-09 4.42452e-05 0.000231909 0.000154408 0.0152455 3.64277e-09 0.000169802 0.000247946 
0.323758 8.63031e-05 0.000937107 0.00151504 0.0170435 0.0415243 1.53164e-06 0.178459 0.0913874 8.28332e-05 0.0174853 0.254292 0.0291515 0.00081011 0.0108975 0.0261756 0.000805175 0.0055882 
0.383496 0.0166667 0.00553196 0.0777221 0.0250447 0.0107985 4.10434e-05 0.119638 0.00531202 0.000474711 0.0311169 0.0989043 0.10328 0.00393833 0.0500976 0.0494484 0.000254804 0.0182334 
0.835956 9.52002e-05 0.00111542 0.103015 0.00385194 9.59514e-05 1.8803e-06 0.0130072 1.81438e-06 0.000831944 3.1838e-05 0.00959565 0.0172935 0.000625208 0.00916146 0.000543277 0.00407263 0.000703973 
0.835956 9.52002e-05 0.00111542 0.103015 0.00385194 9.59514e-05 1.8803e-06 0.0130072 1.81438e-06 0.000831944 3.1838e-05 0.00959565 0.0172935 0.000625208 0.00916146 0.000543277 0.00407263 0.000703973 
0.336923 8.28662e-05 0.000266376 0.183444 0.0117476 0.00150648 6.74187e-05 0.00736449 0.000172897 0.000449575 0.000712604 0.0117132 0.0779787 0.0216829 0.0113616 6.12097e-05 0.083983 0.250482 
0.649726 0.0022441 4.81628e-05 0.0190847 0.00195813 0.0233126 2.82648e-06 0.075273 2.22504e-05 0.000219474 0.000162861 0.120004 0.0164426 0.0680459 0.0126832 0.00861464 0.00124689 0.000908861 
0.73241 0.000993431 2.57315e-06 0.0391453 0.00232374 0.00106721 5.93898e-06 0.0052052 0.00026851 0.00038424 0.029259 0.145822 0.00968332 0.000740054 0.0105665 0.00731656 0.00409136 0.0107157 
0.848475 0.000110712 0.000597902 0.0750809 0.00507133 0.000726894 6.22255e-06 0.0113658 0.000121102 0.000458638 0.000279743 0.0185035 0.0138474 0.000596277 0.00698092 0.00865166 0.00500724 0.00411876 
0.459107 0.00639878 0.000427175 0.163248 0.00749093 0.0016769 2.64889e-05 0.012087 0.00110911 0.00414343 0.0027898 0.0108682 0.238018 0.000744808 0.0328681 7.94608e-06 0.00549313 0.0534956 
0.58025 0.00141555 0.00269 0.191157 0.0534398 0.00142893 0.0001552 0.0341638 0.0027706 0.0203349 0.000467639 0.0113136 0.0328192 0.000923722 0.0190848 0.00800791 0.0276936 0.0118835 
0.479465 3.26747e-05 0.000204016 0.24143 0.00382701 0.000530724 2.04671e-05 0.0054337 7.03524e-06 0.00118119 7.63066e-09 0.00362938 0.040132 0.000827408 0.00109407 9.04754e-06 0.0236764 0.1985 
0.921116 0.000136066 5.92095e-05 0.0315198 0.00261114 0.000177048 1.74745e-06 0.00981453 4.53349e-06 0.000630839 1.22457e-05 0.0117441 0.0178108 0.00017727 0.00345441 0.000432377 0.000126621 0.000170703 
0.886251 0.000272037 8.54149e-05 0.0338562 0.00425997 0.000972182 3.42726e-06 0.00871589 3.45862e-05 0.000529964 0.000444897 0.0309778 0.0189624 0.000658092 0.00459887 0.00489787 0.000911413 0.00356748 
0.719991 1.43588e-05 0.000185117 0.0240556 0.00749226 0.00580263 3.06692e-05 0.0057718 7.68255e-05 0.000897379 0.00844467 0.0668809 0.0111227 0.0587056 0.0287831 0.0319149 0.0173797 0.0124504 
0.792051 0.000142794 0.00106326 0.132177 0.00551937 0.000143923 2.81947e-06 0.0164954 2.72059e-06 0.000774757 4.77522e-05 0.0108969 0.0212232 0.000625463 0.0119024 0.000426288 0.00564757 0.000857393 
0.395565 0.30802 0.000150284 0.00304369 0.00400847 0.0219377 6.05113e-06 0.000769811 0.00271176 0.000160294 2.57781e-08 0.0541751 0.00728755 0.165139 0.0292664 0.0075992 0.000156653 2.39664e-06 
0.835956 9.52002e-05 0.00111542 0.103015 0.00385194 9.59514e-05 1.8803e-06 0.0130072 1.81438e-06 0.000831944 3.1838e-05 0.00959565 0.0172935 0.000625208 0.00916146 0.000543277 0.00407263 0.000703973 
