0.000176696 0.000721918 0.00242824 0.00997279 0.00279179 0.371038 0.000504583 0.0175651 0.00350313 0.000988418 0.0026282 0.521141 0.0213638 0.000231526 0.00208869 0.0299611 0.00725954 0.00563555 
1.43692e-11 4.47892e-07 0.0136284 0.0623292 0.0157153 0.118863 8.18127e-08 0.00413103 0.00841394 0.0126397 0.00904628 0.132847 1.49905e-06 0.0560049 0.221629 2.5399e-07 0.00142835 0.343322 
2.7879e-08 0.000451527 0.000762448 0.391621 0.0624041 0.231836 0.000374427 0.00102306 4.81613e-05 4.84837e-05 4.35291e-08 0.00285361 0.115764 0.0282263 0.00389221 0.000175273 0.000175005 0.160344 
2.41306e-06 0.000550423 0.000395294 0.00115708 0.000779267 0.94921 0.000132331 0.00161486 0.00455117 0.00226069 0.00573337 0.00556714 0.000377832 0.000422587 0.0202213 0.000635754 1.70696e-05 0.00637133 
1.51567e-07 0.0629064 0.0224798 0.00124951 0.0303951 0.0494413 4.3868e-05 0.309963 0.000233105 0.0799663 0.0713871 0.118113 0.172066 0.000359417 0.0339764 0.0025054 0.0409558 0.00395823 
2.24187e-10 3.31996e-06 0.590463 1.62126e-06 0.000818216 0.148364 4.55788e-07 0.000204315 0.000725992 3.55205e-05 4.18131e-05 0.253391 0.00593143 3.40935e-07 4.13606e-07 1.31218e-05 1.22873e-07 4.85827e-06 
5.45717e-05 0.000856472 0.000336284 0.00543148 0.0388269 0.84818 0.000273264 0.00155585 0.000113296 0.00756031 0.000119121 0.017862 0.0229388 0.00107955 0.025829 0.000257857 0.000161291 0.0285635 
9.95537e-10 2.72031e-07 0.00150675 0.00826358 0.00147039 0.00313507 3.14725e-09 0.00732983 2.38665e-07 2.29726e-06 2.11887e-05 0.940986 0.0193789 0.000322309 0.000995511 9.09848e-08 5.72538e-08 0.0165877 
1.0231e-08 0.0088169 0.0126518 8.03619e-07 0.015033 0.649369 1.71183e-06 0.0235055 0.0122037 0.000238591 0.0210932 0.023875 0.154239 0.00267869 0.0363782 2.97465e-06 0.0162917 0.0236205 
4.92915e-07 6.20875e-06 2.2096e-06 0.000619997 3.1802e-05 0.901997 9.55521e-06 0.0340112 8.31177e-05 0.000423569 7.86124e-07 0.000630827 8.27091e-06 1.07939e-05 6.42476e-05 3.55881e-06 0.000221364 0.0618746 
1.28936e-06 0.00375493 0.00875756 0.0155846 0.00835779 0.0761714 0.000697406 0.0163034 0.00146275 0.000489673 0.0219446 0.615124 0.1536 0.00108522 0.0117404 0.00607275 0.00377327 0.0550787 
3.52725e-05 0.00354187 0.0148389 0.00297702 0.0472769 0.181538 6.10235e-05 0.0444504 0.00160296 0.0030543 0.003343 0.0415709 0.117869 0.000241057 0.0185374 0.000597205 0.0207904 0.497674 
3.7435e-06 0.00869816 0.0112225 0.023381 0.264045 0.108366 6.05381e-06 0.0604574 0.341948 0.000874358 0.0184008 0.0278216 0.0721525 5.82477e-06 0.00219499 4.16207e-05 1.78818e-05 0.0603633 
0.000155416 0.0307204 0.000603533 0.06117 0.0457663 0.415159 0.000251761 0.073476 0.0146317 0.00153206 0.0112411 0.0561414 0.0988309 0.00227044 0.0504557 0.00223343 0.000521267 0.13484 
2.23076e-07 0.00068344 0.123057 0.0955901 0.101479 0.0466922 0.000289843 0.230733 0.00177058 2.77225e-05 0.00415321 0.0354308 0.198774 0.0016221 0.023919 5.02116e-05 0.000100674 0.135626 
1.0231e-08 0.0088169 0.0126518 8.03619e-07 0.015033 0.649369 1.71183e-06 0.0235055 0.0122037 0.000238591 0.0210932 0.023875 0.154239 0.00267869 0.0363782 2.97465e-06 0.0162917 0.0236205 
3.36721e-05 0.00296876 0.00015678 0.0329025 0.0166832 0.407413 4.8015e-05 0.00824561 0.00319456 7.1912e-05 0.0167508 0.0429769 0.20957 0.0118923 0.103148 0.000228369 0.0865442 0.0571709 
4.27364e-05 0.0124259 0.00471109 0.000793273 0.0538809 0.622108 7.34386e-05 0.0343842 0.0223771 0.0488331 0.00239997 0.012034 0.0183524 0.0176017 0.1354 0.000203316 0.0115074 0.00287122 
8.99659e-07 0.0132425 2.61798e-05 0.0188442 0.0379243 0.36795 3.78593e-06 0.0594282 0.00848194 0.000172349 0.163656 0.0870897 0.101923 0.0309353 0.102586 0.000443121 0.000604541 0.00668803 
8.33402e-05 0.0034387 0.00261245 0.00853038 0.0919293 0.593896 0.000939016 0.00234211 0.0153651 0.000128212 0.0298718 0.0446093 0.0079852 0.0202835 0.04925 0.000193555 0.0002815 0.128261 
7.86529e-07 0.00581922 0.00954237 0.000206146 0.0610846 0.576519 1.47557e-05 0.0858539 0.000439703 0.00232256 0.0083361 0.0440628 0.114495 0.00182821 0.0249597 8.50592e-05 0.00043361 0.0639971 
1.01321e-07 0.0224282 0.014304 0.0334477 0.0136909 0.702032 1.78257e-05 0.000673976 0.0076347 0.00019188 0.0203944 0.000718982 0.129297 1.59711e-05 0.0469566 0.000472679 3.28477e-05 0.00769063 
9.50023e-06 0.00281558 0.827389 0.000707272 0.00252946 0.0207645 0.000107991 0.0585974 0.000517208 0.000455931 0.012016 0.0292777 0.0259089 0.000201979 0.00812267 0.000772003 0.00600384 0.00380353 
1.374e-06 0.00265024 0.000307621 0.028225 0.724362 0.0175932 4.06395e-06 0.00798445 0.000422409 3.3913e-05 4.14633e-06 0.00188606 0.173543 0.00148543 0.0385816 0.000140638 0.00163293 0.00114193 
4.77997e-10 0.0165226 8.48622e-05 0.252021 0.000506805 0.000101541 7.46572e-07 0.635728 1.92381e-06 7.68995e-07 0.00360752 0.000669933 0.0852325 3.64311e-07 0.00300274 5.69362e-08 3.75421e-05 0.00248048 
4.64435e-07 0.0178348 0.0141173 4.6458e-07 0.0617811 0.24414 0.000557239 0.0325672 0.0672567 0.00654482 0.283369 0.0723808 0.122889 0.00905732 0.0356351 0.00371662 4.64548e-07 0.0281512 
4.97081e-11 0.00461994 8.37445e-05 5.36812e-07 0.0340944 0.733103 0.00165734 3.09072e-06 0.00567901 1.06723e-06 2.59157e-05 0.0378592 0.0532208 8.53799e-08 0.0158142 0.0113627 0.000826998 0.101648 
0.000176696 0.000721918 0.00242824 0.00997279 0.00279179 0.371038 0.000504583 0.0175651 0.00350313 0.000988418 0.0026282 0.521141 0.0213638 0.000231526 0.00208869 0.0299611 0.00725954 0.00563555 
6.15358e-07 0.00547365 4.09986e-05 0.0262886 0.0159127 0.0257925 0.000124912 0.0256427 0.00190054 0.000455683 0.000772592 0.589387 0.220969 0.00226088 0.0117981 7.80959e-05 0.000740089 0.0723605 
0.00269155 0.0455576 0.0610341 0.0755291 0.053789 0.134699 0.00288644 0.0670322 0.00546245 0.0030645 0.00495375 0.0532321 0.147893 0.011599 0.0746344 0.0031393 0.00627057 0.246532 
2.06294e-10 0.0743841 0.000659941 0.379645 0.00765395 0.312459 6.19325e-06 0.0445453 4.79417e-10 4.97599e-10 3.29007e-10 0.0015962 0.0242543 0.00101146 0.126734 5.9581e-05 0.000197186 0.0267935 
2.29837e-06 0.000354553 0.00172754 0.00399563 0.00018955 0.694758 0.00332816 0.0299186 3.41377e-05 0.000616704 0.00784647 0.24491 0.00418096 0.000184027 0.00423377 0.00273434 0.000432873 0.000551703 
5.89789e-05 0.0088693 0.00981434 0.111809 0.142404 0.158765 0.000139796 0.0387077 0.00817482 0.0278918 0.0275388 0.0749697 0.292139 0.00228567 0.0359188 0.000570602 0.00987505 0.0500681 
1.96834e-08 0.000155069 0.000370766 0.20926 0.0713996 0.0278766 4.52686e-07 0.0148177 0.00078592 3.71049e-08 5.58361e-05 0.0976318 0.372894 0.0162211 0.116384 1.7004e-05 0.0442471 0.0278817 
2.24187e-10 3.31996e-06 0.590463 1.62126e-06 0.000818216 0.148364 4.55788e-07 0.000204315 0.000725992 3.55205e-05 4.18131e-05 0.253391 0.00593143 3.40935e-07 4.13606e-07 1.31218e-05 1.22873e-07 4.85827e-06 
1.29874e-07 0.00476566 4.86919e-05 0.00059667 0.0936842 0.835751 4.10578e-07 0.000106547 0.000115994 2.65559e-05 4.14165e-05 0.00721286 0.00140422 0.0239792 0.0305439 2.73066e-05 4.489e-06 0.0016905 
2.80509e-08 0.00599223 5.54324e-05 0.0054059 0.378148 0.357988 4.69986e-08 4.86041e-05 0.00481393 4.19568e-07 0.001414 0.00222014 0.00777058 0.106116 0.128554 5.38227e-06 2.43659e-05 0.00144336 
6.63674e-08 0.000421352 0.0057855 0.00261226 0.0250692 0.000312324 1.07102e-06 0.597035 6.1379e-05 0.00012297 0.00190598 0.166363 0.195683 0.000165031 0.00201794 1.65266e-05 0.000839344 0.00158854 
3.33691e-06 0.00121917 0.000143957 0.000569943 0.00616112 0.770041 0.0316093 0.00408984 1.63692e-05 0.00316953 0.00521191 0.0293115 0.0115494 0.000200346 0.00419225 0.000184581 0.000112007 0.132215 
2.32033e-07 0.00509569 0.0195304 0.0013416 0.00669296 0.566218 3.96669e-07 0.00949404 0.21685 7.98903e-05 0.0339907 0.0163151 0.0295188 0.00523522 0.0503164 0.000296031 0.00040821 0.0386166 
1.28936e-06 0.00375493 0.00875756 0.0155846 0.00835779 0.0761714 0.000697406 0.0163034 0.00146275 0.000489673 0.0219446 0.615124 0.1536 0.00108522 0.0117404 0.00607275 0.00377327 0.0550787 
2.58195e-07 0.000788165 0.0123725 0.00401181 0.00819875 0.00129916 2.83734e-06 0.200095 0.000318568 0.000296144 0.0228896 0.377022 0.366714 8.75584e-07 0.000313603 6.72929e-06 0.000174585 0.00549533 
6.83925e-07 0.0177828 0.0043772 0.024014 0.0368023 0.30986 0.00232376 0.12677 0.0197543 0.00608373 0.223516 0.0615722 0.057335 0.0013002 0.0801164 0.00492583 0.00992003 0.0135454 
1.96834e-08 0.000155069 0.000370766 0.20926 0.0713996 0.0278766 4.52686e-07 0.0148177 0.00078592 3.71049e-08 5.58361e-05 0.0976318 0.372894 0.0162211 0.116384 1.7004e-05 0.0442471 0.0278817 
4.97081e-11 0.00461994 8.37445e-05 5.36812e-07 0.0340944 0.733103 0.00165734 3.09072e-06 0.00567901 1.06723e-06 2.59157e-05 0.0378592 0.0532208 8.53799e-08 0.0158142 0.0113627 0.000826998 0.101648 
7.04995e-09 0.0561112 0.000199121 1.00717e-06 0.00694483 0.74657 1.0226e-06 0.0649392 0.00584433 2.01487e-06 0.0286877 0.0196995 0.00647097 0.000221752 0.0600443 4.07081e-07 6.22269e-07 0.00426178 
3.59687e-06 0.00192275 0.00960362 0.00755319 0.0289241 0.690399 2.76405e-05 0.00928342 2.9351e-05 0.000146596 0.00239251 0.024351 0.0476369 0.00203464 0.058188 0.000523719 0.0970618 0.0199177 
2.24913e-09 0.0224888 0.000237975 0.0490533 0.00557678 0.730606 2.49676e-06 0.000320905 0.00371136 0.000934976 2.96708e-06 0.0724607 0.0674053 0.00069543 0.0462709 5.80118e-05 0.000156153 1.84538e-05 
9.88388e-12 0.413045 1.29424e-11 0.308713 0.00612154 7.52445e-06 3.12466e-11 0.00562599 2.29697e-11 2.38408e-11 1.8511e-09 0.00160843 0.0680476 0.000151833 0.129417 5.41689e-10 0.00493903 0.0623229 
1.37606e-07 0.000368143 0.00525667 0.0623426 0.00323196 0.000181105 9.02896e-06 0.0101804 4.06214e-05 0.000226843 0.00137665 0.148161 0.316871 0.00287168 0.00814385 1.31353e-05 0.00312315 0.437601 
0.00041001 0.0113453 0.00251326 0.0105182 0.0144125 0.792895 0.0040913 0.008286 0.00400792 0.00372469 0.00885846 0.0181804 0.0384516 0.0176334 0.0557769 0.002304 0.00400553 0.00258598 
5.81382e-10 0.00545305 0.000190615 0.000317711 0.795073 0.0295452 1.83796e-09 0.0165618 1.62166e-05 0.00345029 0.017911 0.0317177 0.0334301 0.000367252 0.0607133 1.8372e-06 0.00525002 4.61776e-07 
1.37606e-07 0.000368143 0.00525667 0.0623426 0.00323196 0.000181105 9.02896e-06 0.0101804 4.06214e-05 0.000226843 0.00137665 0.148161 0.316871 0.00287168 0.00814385 1.31353e-05 0.00312315 0.437601 
1.19012e-08 0.00434282 9.20411e-05 0.0659287 0.198532 0.00918015 3.63137e-07 0.0643636 0.011914 0.000200196 7.09092e-05 0.0151703 0.596315 0.00595552 0.0235889 8.18092e-05 0.00176829 0.00249601 
2.72133e-10 0.0164028 0.011102 0.0371772 0.173854 0.1047 8.60312e-10 0.00440805 0.0170358 7.65018e-07 1.20473e-06 0.0210537 0.541406 0.00322955 0.0650248 1.40356e-07 8.29264e-07 0.00460194 
4.70234e-10 3.67359e-05 2.266e-05 1.0243e-05 3.61398e-05 4.83355e-05 2.52868e-06 3.79951e-05 3.75935e-05 0.999334 5.28723e-05 3.29705e-05 4.67579e-05 1.7849e-06 1.07982e-05 4.4105e-06 0.000278509 5.49785e-06 
2.75469e-08 0.00128413 0.00407369 0.0728099 0.0152665 0.00090742 7.09057e-06 0.0481803 0.000489408 1.29714e-06 0.0020794 0.0444174 0.582983 0.00255684 0.19769 7.79893e-06 5.71213e-07 0.0272444 
8.39761e-11 0.0012015 0.0616488 0.198118 0.10202 0.0736207 1.38495e-05 0.0623172 0.000415651 0.000211754 6.60266e-07 0.0350053 0.0811441 0.000201994 0.00352055 7.37246e-05 7.80791e-05 0.380408 
1.58544e-11 0.000507096 2.06935e-05 0.0254751 0.0275891 1.1438e-07 5.01215e-11 0.0010407 3.40717e-07 3.82422e-11 1.90233e-07 0.000471931 1.60232e-07 0.00142692 0.276034 8.1654e-06 0.666696 0.000729558 
5.14811e-07 0.00858536 0.00230948 0.0365498 0.0535321 0.0351346 1.08532e-06 0.00646089 6.66108e-06 6.16791e-06 2.3358e-05 0.227768 0.166806 0.018836 0.424238 5.65771e-05 0.00197734 0.0177077 
2.24187e-10 3.31996e-06 0.590463 1.62126e-06 0.000818216 0.148364 4.55788e-07 0.000204315 0.000725992 3.55205e-05 4.18131e-05 0.253391 0.00593143 3.40935e-07 4.13606e-07 1.31218e-05 1.22873e-07 4.85827e-06 
1.81096e-12 3.5255e-06 0.39037 0.286238 0.024801 1.1513e-08 5.72509e-12 0.0864928 1.88824e-07 2.70959e-05 2.37791e-06 0.00191022 0.0877843 0.00225858 0.0200007 6.10226e-09 0.0249232 0.0751876 
0.000163794 0.00318369 0.00185639 0.0182431 0.0106853 0.0641072 0.78242 0.00725443 0.00063925 0.000889615 0.00110301 0.00520314 0.0203454 0.00125538 0.0214909 0.0018291 0.00631744 0.0530125 
3.53363e-08 0.00440089 0.000929324 0.218846 0.0223064 0.00585709 3.29368e-06 0.115272 9.84599e-05 0.000119847 0.0236845 0.0200077 0.554542 3.33283e-05 0.00486202 6.26676e-06 3.14447e-05 0.0289993 
1.43912e-05 0.000254171 0.00215011 0.00405887 0.000927114 0.00674323 0.0187488 0.0800081 0.000157782 0.000197296 0.000207537 0.83386 0.0347239 0.000255685 0.00261462 2.66032e-05 0.000383121 0.0146682 
2.24614e-09 1.01826e-05 0.00190819 0.0453721 0.0321611 0.000119319 1.09808e-08 0.383046 8.11483e-07 0.000299685 1.26972e-07 0.0061396 0.480399 0.00102963 0.0204948 1.46469e-06 0.00459256 0.0244253 
6.5299e-09 0.00587065 0.00248119 0.0733242 0.000756766 0.105072 0.0341329 0.146687 1.51752e-08 0.000328087 0.426102 0.00732409 0.0190672 0.00824469 0.0837253 3.00182e-07 1.08441e-05 0.0868733 
2.29837e-06 0.000354553 0.00172754 0.00399563 0.00018955 0.694758 0.00332816 0.0299186 3.41377e-05 0.000616704 0.00784647 0.24491 0.00418096 0.000184027 0.00423377 0.00273434 0.000432873 0.000551703 
3.48341e-08 0.00594365 0.0157351 0.0649594 0.046553 0.0662316 9.79321e-06 0.63344 0.0119027 0.00327756 0.00313258 0.0679711 0.0721199 0.000271533 0.00404804 0.00354397 1.53743e-05 0.000844584 
5.27735e-08 0.00656617 0.00567482 0.0512975 0.48713 0.00856871 1.08568e-07 0.0856785 3.15067e-07 0.000355833 0.000864945 0.036734 0.17336 0.000914014 0.13491 4.81828e-05 0.000430632 0.00746564 
3.18992e-06 0.165303 0.00287793 0.167259 0.00734044 0.218959 0.000283305 0.046846 0.00469982 0.000905744 0.00178305 0.0628676 0.151054 0.00408812 0.147345 0.000380845 0.000486286 0.017518 
3.9382e-12 0.00013915 4.86261e-08 0.0339719 0.0294461 0.0761857 0.000538439 0.0014117 2.4989e-08 7.81589e-06 6.28083e-12 0.0974138 0.520221 0.000234277 0.00313182 6.31044e-08 1.24969e-05 0.237285 
7.35385e-08 0.0769533 0.000119854 0.0695189 0.0247852 0.218492 6.36937e-06 0.0635996 0.020917 0.00430826 0.000996669 0.0729354 0.205328 0.0197937 0.199596 0.000337259 0.0156006 0.00671138 
2.06526e-07 0.000117806 3.85603e-05 0.362513 0.323725 0.0146651 8.51967e-06 3.92834e-06 0.000280922 0.000301632 2.21095e-06 0.00884069 0.25589 9.23621e-05 0.00128377 0.000360426 2.30281e-05 0.0318532 
2.67146e-10 0.00272267 1.80083e-07 7.18794e-07 0.0405588 0.875568 0.019751 2.4061e-07 0.0177001 0.000184748 4.26057e-10 0.00409677 4.72305e-07 9.84834e-07 0.023975 5.01467e-05 0.0014271 0.0139633 
1.0231e-08 0.0088169 0.0126518 8.03619e-07 0.015033 0.649369 1.71183e-06 0.0235055 0.0122037 0.000238591 0.0210932 0.023875 0.154239 0.00267869 0.0363782 2.97465e-06 0.0162917 0.0236205 
3.34911e-05 0.0136215 0.406451 0.00329008 0.0209609 0.252451 4.14406e-05 0.0757957 0.00378158 7.10499e-05 0.000115569 0.019533 0.0950532 0.000711166 0.0650434 0.000909107 0.020516 0.0216205 
6.6862e-11 6.12747e-07 1.27599e-06 0.010825 0.15818 0.644611 1.34472e-07 0.00109695 0.00779699 0.000554617 1.06635e-10 0.0163638 0.0316776 0.00544307 0.105451 0.000168958 0.00200653 0.0158223 
1.60993e-09 0.0223289 8.376e-06 0.0119258 0.0397921 0.373694 6.92074e-07 0.0319189 0.0258013 0.00143107 0.0344498 0.0211184 0.132884 0.00385462 0.0893646 4.3577e-05 0.000436416 0.210948 
2.32033e-07 0.00509569 0.0195304 0.0013416 0.00669296 0.566218 3.96669e-07 0.00949404 0.21685 7.98903e-05 0.0339907 0.0163151 0.0295188 0.00523522 0.0503164 0.000296031 0.00040821 0.0386166 
1.39181e-09 0.0139108 8.54958e-05 0.347405 0.000507743 0.000102078 1.20322e-06 0.545326 3.92717e-06 1.26419e-06 0.00271157 0.000670722 0.0852384 7.4388e-07 0.00300431 9.3857e-08 3.15631e-05 0.000998902 
1.0231e-08 0.0088169 0.0126518 8.03619e-07 0.015033 0.649369 1.71183e-06 0.0235055 0.0122037 0.000238591 0.0210932 0.023875 0.154239 0.00267869 0.0363782 2.97465e-06 0.0162917 0.0236205 
1.22209e-05 0.000160454 9.08663e-05 0.132226 0.118955 0.609989 1.94899e-05 0.0455811 0.0674673 2.13983e-05 0.000125189 0.000312251 0.00588869 0.000461474 0.00423375 0.00153127 0.000111235 0.0128141 
6.46946e-07 0.312653 0.000104627 0.115573 0.0131006 0.00751318 4.75832e-06 0.148426 0.000757007 0.000108906 5.81773e-05 0.0966762 0.126548 0.000475175 0.102596 1.68421e-05 0.00030379 0.0750842 
1.35231e-05 0.00132202 0.000266981 0.0477652 0.00871207 0.226037 0.000169924 0.000371181 0.000200291 0.00827221 0.00883555 0.011664 0.0418666 9.20708e-05 0.013693 0.000335357 0.000315503 0.630068 
8.74182e-07 0.00384005 0.00298863 0.0156481 0.231149 0.015801 4.37701e-06 0.188855 0.000777995 0.00051169 1.90172e-06 0.00567255 0.528415 3.29452e-06 0.00235993 3.43907e-05 9.55219e-06 0.00392646 
4.70234e-10 3.67359e-05 2.266e-05 1.0243e-05 3.61398e-05 4.83355e-05 2.52868e-06 3.79951e-05 3.75935e-05 0.999334 5.28723e-05 3.29705e-05 4.67579e-05 1.7849e-06 1.07982e-05 4.4105e-06 0.000278509 5.49785e-06 
2.36728e-06 0.00190751 4.39053e-05 0.078257 0.409321 0.362885 4.47662e-05 0.00253446 4.44002e-05 2.35277e-05 0.000817231 0.00275292 0.125682 0.00935181 0.00243658 0.000365419 0.000700611 0.00282953 
1.64717e-06 0.00466736 0.00507789 0.00214745 0.021149 0.473258 0.000150965 0.0270551 0.0503051 0.105877 0.00892434 0.0164503 0.0874414 0.00054064 0.165751 0.000175474 0.0107373 0.0202906 
1.95861e-11 0.0991137 0.000732551 0.199456 0.0716327 3.79238e-05 2.40723e-08 0.123177 1.44679e-07 1.91672e-05 1.51199e-07 0.000629612 0.00395297 0.00418911 0.483729 2.00564e-05 0.000324663 0.0129852 
1.68778e-11 0.527904 6.42333e-08 0.123388 0.00125411 2.33735e-05 5.33568e-11 0.0104972 1.61774e-08 4.07107e-11 2.69175e-11 0.000232535 0.0067819 0.000886726 0.286938 6.51043e-10 8.57003e-08 0.0420926 
4.18751e-08 0.000257229 0.0327354 0.000129404 0.0164044 0.011575 7.83537e-06 0.826171 6.02952e-06 0.000207206 0.000104989 0.0189846 0.0603091 2.86842e-06 0.033068 1.35056e-06 1.08243e-05 2.42193e-05 
0.000176696 0.000721918 0.00242824 0.00997279 0.00279179 0.371038 0.000504583 0.0175651 0.00350313 0.000988418 0.0026282 0.521141 0.0213638 0.000231526 0.00208869 0.0299611 0.00725954 0.00563555 
1.68205e-10 0.0719121 2.99549e-05 7.583e-05 0.142677 0.166985 0.000192125 5.97151e-06 7.66203e-06 4.05725e-10 3.40719e-06 2.46273e-05 2.19711e-05 0.0142734 0.4177 1.89114e-06 7.04497e-06 0.186082 
8.36563e-12 0.01406 0.0325173 0.177965 0.0280089 0.0293793 0.000518617 0.467657 0.00233614 2.01786e-11 1.33419e-11 0.0456041 0.111708 5.29183e-08 0.0355116 0.0281992 2.26424e-07 0.0265346 
1.53937e-09 0.0276894 0.00071978 0.00636897 0.0818504 0.103223 1.88645e-05 0.0328164 0.0110661 0.000948861 0.0971606 0.0415153 0.407192 0.00169626 0.0916776 1.93994e-05 0.00934188 0.0866955 
4.55212e-10 1.11616e-05 4.11297e-05 0.120585 3.13479e-05 0.0253176 1.43909e-09 5.06962e-05 9.73364e-06 5.05195e-06 1.05276e-05 0.833753 6.07389e-05 2.56245e-05 0.0200642 3.72224e-06 2.33903e-06 2.8408e-05 
2.49294e-08 0.0125738 0.000520121 0.043495 0.0876973 0.311228 2.30793e-06 0.0562294 0.0119415 1.19361e-07 5.86355e-07 0.0973665 0.0417534 0.000837871 0.164534 0.0124116 3.69227e-06 0.159405 
2.95412e-12 0.00198245 0.000158492 0.00111981 0.00521561 0.425341 0.000108024 0.034036 0.00573432 0.000564544 0.503477 0.00826487 0.00359631 9.64579e-06 0.00940557 9.20945e-05 0.000284963 0.000609973 
1.27131e-09 0.000407473 0.0171378 0.458156 0.155276 3.28313e-05 4.01906e-09 0.338698 2.95445e-09 3.0665e-09 2.39662e-05 4.2379e-06 0.0264268 8.80985e-06 0.00371357 3.77875e-08 3.91701e-07 0.000114054 
3.75682e-10 3.08866e-06 0.000131821 0.0021595 0.00432399 0.0114266 5.79335e-07 0.000313984 0.904283 0.0281339 0.000293587 0.0282415 0.001462 0.00279965 0.0161449 9.82111e-05 2.50407e-05 0.000158502 
4.51887e-09 0.000586834 0.000144873 0.0115765 0.0146027 0.000169326 7.0565e-08 0.0623541 1.47076e-06 8.51867e-09 0.000140076 0.152461 0.69705 9.59372e-05 0.00365254 8.5702e-07 0.00623057 0.0509334 
2.33215e-05 0.087263 0.00753986 0.047003 0.0230203 0.0224682 3.6373e-05 0.275488 6.59211e-05 4.26413e-05 0.00283923 0.0329747 0.35436 0.00356445 0.0898413 0.0112867 0.0206544 0.0215288 
7.98857e-09 0.00163693 0.000488779 9.44113e-08 0.0309135 0.014068 3.02168e-05 0.0237699 0.000447589 2.16641e-05 0.00380053 0.408198 0.451165 0.000989988 0.00494694 2.21856e-05 0.00305824 0.056443 
9.86273e-07 0.00327577 0.000272746 0.00965614 0.328626 0.0688994 4.7795e-06 0.00338766 0.000125325 1.10116e-06 0.000304024 0.00229844 0.0124475 0.157107 0.370992 0.00012867 0.000649216 0.0418225 
2.13471e-08 0.00698674 0.495239 0.0186525 0.000956793 0.00659091 0.00120906 0.0259259 0.00614266 2.56921e-05 0.000229964 0.17926 0.0352677 0.00214557 0.00210965 4.23491e-05 6.26251e-05 0.219152 
2.35774e-05 0.00771125 0.0178802 0.0664084 0.00675337 0.374724 0.036517 0.0850444 0.00532051 0.000326226 0.00346944 0.0447287 0.0479291 0.0813261 0.162748 0.00279913 0.0428157 0.013475 
2.51964e-06 0.000397747 0.0005214 0.000791958 0.00202425 0.821904 0.000459682 5.16875e-06 3.65323e-05 0.00390527 2.59269e-05 0.000172384 0.00727143 0.0111522 0.14697 3.16349e-05 0.00405441 0.000273268 
5.53647e-07 0.00795854 5.77389e-05 0.0295481 0.00933752 0.0031029 1.12437e-05 0.0783293 0.000277324 0.000592519 0.0135916 0.727654 0.100071 0.00135235 0.00897704 7.36664e-05 0.00852903 0.0105348 
1.31551e-06 0.00510552 0.00289725 0.327007 0.158752 0.253161 0.00012966 0.0643534 0.00377198 0.0074815 0.00103402 0.00519438 0.0730348 0.0377329 0.0334553 3.84329e-05 0.00291017 0.0239397 
4.80251e-09 0.0168606 0.0159192 0.0117181 0.469108 0.12656 5.1095e-06 0.0254372 0.0022204 1.20921e-05 0.00378737 0.0314342 0.0444767 0.00232389 0.220359 1.2399e-05 0.0233146 0.00645113 
7.3063e-06 0.00603417 0.00124136 0.0889829 0.0044871 0.522264 0.00632631 0.0409236 0.0305891 0.00094279 0.0125345 0.0110308 0.0382017 7.68647e-05 0.184062 4.8879e-05 3.59357e-05 0.0522109 
4.6723e-08 0.00571217 2.57076e-07 0.00499955 0.00796114 0.00525114 1.17436e-05 0.0317882 1.85644e-05 2.67354e-05 0.000509253 0.287065 0.587795 0.000407189 0.0599255 4.46579e-06 6.42075e-05 0.00845984 
2.6161e-06 0.0243324 0.0588567 2.61692e-06 0.164584 0.141291 0.0023548 0.100753 0.150862 0.0028785 0.0217105 0.131631 0.168019 2.61621e-06 0.00706856 2.61657e-06 2.61674e-06 0.0256459 
1.0231e-08 0.0088169 0.0126518 8.03619e-07 0.015033 0.649369 1.71183e-06 0.0235055 0.0122037 0.000238591 0.0210932 0.023875 0.154239 0.00267869 0.0363782 2.97465e-06 0.0162917 0.0236205 
1.09235e-10 0.0572356 9.15582e-07 0.00471983 3.58468e-06 0.916628 1.17448e-06 6.79197e-06 7.33674e-06 2.34528e-06 5.69505e-05 3.39566e-06 0.00142977 1.87625e-07 0.0199021 4.72907e-07 7.2665e-07 1.13909e-06 
2.82637e-09 0.0086264 0.0016209 0.000364365 0.0421713 0.761976 5.15528e-06 0.0597102 0.0238268 0.00193582 0.00554049 0.0293292 0.0444714 0.00105976 0.0157358 3.82997e-05 0.000279768 0.00330873 
1.20074e-05 0.00409824 2.98805e-05 0.0111292 0.00851813 0.70701 3.14509e-05 0.0158215 0.0488536 0.000907298 0.000788907 0.0312258 0.12826 0.00110407 0.0255171 0.00511128 0.0107491 0.000832438 
1.99251e-08 0.000908363 2.60908e-08 0.000473992 0.00422715 0.95575 1.96202e-05 0.000169242 0.00165572 3.93295e-06 9.65027e-05 0.00227963 0.0173781 0.000606131 0.0114087 0.000639965 5.8527e-06 0.00437672 
1.97111e-11 0.00688882 7.66038e-07 0.0120119 0.0177131 0.00133132 1.8274e-08 0.0142394 2.59397e-05 0.000112944 0.00126588 0.0112759 0.896953 0.023514 0.0125044 1.64702e-07 0.000573598 0.00158897 
2.67143e-05 0.00549105 0.00271321 0.0277832 0.0686589 0.196424 0.0997045 0.162891 0.0110069 7.25913e-05 0.0189681 0.207001 0.11864 0.00144442 0.0532356 0.00058025 0.00562177 0.0197367 
1.82751e-06 0.000195115 0.000157514 0.0140782 0.00149556 0.00584247 6.1152e-06 0.16432 4.02339e-06 2.85671e-05 0.0375132 0.378489 0.201763 9.22348e-05 0.000125494 1.26737e-05 4.08562e-05 0.195834 
3.34911e-05 0.0136215 0.406451 0.00329008 0.0209609 0.252451 4.14406e-05 0.0757957 0.00378158 7.10499e-05 0.000115569 0.019533 0.0950532 0.000711166 0.0650434 0.000909107 0.020516 0.0216205 
5.81382e-10 0.00545305 0.000190615 0.000317711 0.795073 0.0295452 1.83796e-09 0.0165618 1.62166e-05 0.00345029 0.017911 0.0317177 0.0334301 0.000367252 0.0607133 1.8372e-06 0.00525002 4.61776e-07 
2.76117e-08 0.00330433 3.61652e-07 0.0442079 0.0924873 0.604934 2.12274e-05 0.00039548 0.00130561 0.00023486 0.000482218 0.00949553 0.0633802 0.00399369 0.0622713 0.000125242 0.00771969 0.105641 
1.41383e-09 0.00380027 7.64468e-05 0.00355326 0.00734775 0.892622 4.46962e-09 0.000205614 0.0398914 0.000650434 0.00181888 0.0403164 0.00160001 7.41367e-05 0.00359603 6.36616e-08 8.82676e-05 0.00435909 
7.75654e-11 0.0147662 5.6139e-05 1.55509e-06 0.0742315 0.0959812 1.42858e-07 0.0329613 0.576586 0.0574503 0.0356351 0.00750314 0.0666835 7.65861e-05 0.032883 3.94514e-09 6.89256e-05 0.00511526 
9.46654e-06 0.000849275 0.000563897 0.000702612 0.000573186 0.0378286 1.17141e-05 0.0151405 3.50951e-05 0.000664793 0.00640466 0.905265 0.0284179 0.000237586 0.000776299 0.000249426 3.64822e-05 0.00223339 
2.90788e-07 0.000297302 0.0223674 0.00130124 0.0073581 0.169029 0.438246 0.0252029 2.21221e-05 8.2645e-07 1.83361e-05 0.034678 0.0115279 0.000431687 0.000376169 0.000110751 3.39903e-06 0.289029 
2.24187e-10 3.31996e-06 0.590463 1.62126e-06 0.000818216 0.148364 4.55788e-07 0.000204315 0.000725992 3.55205e-05 4.18131e-05 0.253391 0.00593143 3.40935e-07 4.13606e-07 1.31218e-05 1.22873e-07 4.85827e-06 
2.32033e-07 0.00509569 0.0195304 0.0013416 0.00669296 0.566218 3.96669e-07 0.00949404 0.21685 7.98903e-05 0.0339907 0.0163151 0.0295188 0.00523522 0.0503164 0.000296031 0.00040821 0.0386166 
2.03626e-08 0.000525556 0.000170674 0.308082 0.66889 0.00647208 0.000218935 0.0012661 0.00136765 0.000437185 0.0106162 0.000632987 0.00029581 3.49754e-05 0.000553643 8.8155e-05 0.000135455 0.000212338 
7.57311e-10 0.000232043 1.1641e-06 0.0298858 0.0351415 0.427055 0.000470576 0.00125829 2.00097e-07 0.00112703 9.55553e-08 0.255977 0.035747 0.020179 0.102476 5.01479e-07 0.0211506 0.0692984 
8.60206e-08 0.0283783 0.0263962 0.0447275 0.00819069 0.0162946 0.00122038 0.0854615 0.000876971 0.00061904 0.000344076 0.538029 0.149422 0.00320018 0.0151192 0.00115297 0.00227159 0.0782956 
0.000147971 0.000607817 0.0105231 0.00509851 0.00952538 0.78089 0.000682971 0.0039903 0.000663129 0.00509086 0.000352156 0.0180546 0.0259752 0.0012722 0.0348466 0.00242219 0.0056 0.0942572 
9.91276e-08 0.0016455 0.000243822 0.592952 0.16779 0.0518089 1.67253e-05 0.00573363 0.00423342 0.00015149 0.000271873 0.00491871 0.118035 2.89682e-05 0.00307392 2.64169e-06 0.000301625 0.0487911 
1.88467e-08 0.00162739 0.00151865 0.114529 0.00306757 0.00766994 9.54553e-06 0.00824133 2.17388e-08 0.00104838 0.000186524 0.00554411 0.162771 0.000521144 0.00246074 8.39186e-05 5.1288e-05 0.690669 
1.17188e-05 0.000354953 6.71623e-05 0.0257026 0.00677906 0.866585 0.000241835 6.86966e-05 0.000209541 0.00834328 0.00163332 0.00729792 0.0166225 2.39184e-05 0.000654984 0.000292385 7.94155e-05 0.065032 
0.000176696 0.000721918 0.00242824 0.00997279 0.00279179 0.371038 0.000504583 0.0175651 0.00350313 0.000988418 0.0026282 0.521141 0.0213638 0.000231526 0.00208869 0.0299611 0.00725954 0.00563555 
4.32594e-09 0.00305154 0.00909776 0.0218281 0.0800322 0.00515711 3.69481e-05 0.0155438 1.96242e-06 2.68007e-05 2.0968e-06 0.0022788 0.0415956 0.0380725 0.772214 0.00140327 0.00512429 0.00453345 
1.3428e-08 0.0302827 1.8922e-07 0.00129849 0.45522 0.0543094 0.000256558 0.264151 0.0879782 0.00123041 0.00308423 0.00217942 0.0378217 1.8456e-06 0.0609917 5.2365e-06 9.08106e-07 0.00118735 
4.92569e-08 0.00143615 0.00433405 0.00672323 0.00927781 0.821289 7.33149e-06 0.0331256 0.0159576 0.00119914 0.00291859 0.00608698 0.0341521 2.66002e-05 0.03394 3.28445e-05 1.12647e-05 0.0294815 
1.0231e-08 0.0088169 0.0126518 8.03619e-07 0.015033 0.649369 1.71183e-06 0.0235055 0.0122037 0.000238591 0.0210932 0.023875 0.154239 0.00267869 0.0363782 2.97465e-06 0.0162917 0.0236205 
2.49294e-08 0.0125738 0.000520121 0.043495 0.0876973 0.311228 2.30793e-06 0.0562294 0.0119415 1.19361e-07 5.86355e-07 0.0973665 0.0417534 0.000837871 0.164534 0.0124116 3.69227e-06 0.159405 
2.57049e-08 0.00483242 2.42898e-06 0.0479801 0.0300164 0.0237246 3.52769e-05 0.0851851 6.79054e-07 1.93583e-05 0.0544711 0.00669545 0.733554 1.82778e-05 0.00225126 2.09595e-05 0.010184 0.00100816 
2.00664e-05 0.54429 0.0178542 0.0481082 0.0250769 0.0120089 8.1204e-05 0.110901 0.00282632 0.0028153 0.000202749 0.0071405 0.0217601 0.00680511 0.190863 7.72612e-05 0.00148376 0.00768526 
1.0273e-07 0.0106067 0.000914888 0.0107919 3.552e-05 0.76686 2.80426e-06 0.0759289 3.71216e-05 0.0185411 5.20375e-05 0.00195328 0.0292105 3.34701e-05 0.0762145 4.38873e-06 0.00733996 0.00147284 
2.39686e-06 2.54476e-05 4.88977e-05 0.0299569 0.149155 0.10843 0.000269568 0.195016 0.00341257 1.89078e-05 0.00233394 0.00526351 0.0891871 0.171247 0.184667 4.59148e-06 0.000406027 0.0605548 
3.20622e-08 0.00273211 0.000413335 0.685845 0.017144 0.000491384 1.0136e-07 0.0226195 3.67005e-05 0.00100008 0.000120756 0.00656601 0.167968 0.00652936 0.0236853 4.43403e-07 0.00111712 0.0637306 
1.58641e-08 0.011852 0.000861174 0.00088799 0.00197795 0.642974 7.14884e-05 0.00703499 0.000236845 0.00419469 0.0846051 0.145193 0.0600951 0.000973738 0.0324035 0.000872294 0.000533959 0.00523214 
7.88539e-05 0.00661796 0.00288317 0.015103 0.00369546 0.371138 0.0296905 0.0559306 0.000350054 0.000639954 0.0319548 0.365519 0.0346065 0.000511707 0.00316512 0.00582778 0.0119548 0.0603325 
3.16926e-11 0.0215034 4.14997e-11 0.00611009 0.0170405 0.0395212 1.00192e-10 0.000224981 2.63747e-08 0.000697109 5.05448e-11 0.00227199 0.0368777 0.10629 0.757118 1.65707e-09 0.0123444 4.28409e-08 
2.32033e-07 0.00509569 0.0195304 0.0013416 0.00669296 0.566218 3.96669e-07 0.00949404 0.21685 7.98903e-05 0.0339907 0.0163151 0.0295188 0.00523522 0.0503164 0.000296031 0.00040821 0.0386166 
1.0231e-08 0.0088169 0.0126518 8.03619e-07 0.015033 0.649369 1.71183e-06 0.0235055 0.0122037 0.000238591 0.0210932 0.023875 0.154239 0.00267869 0.0363782 2.97465e-06 0.0162917 0.0236205 
0.00028512 0.000505392 0.00894943 0.0121698 0.00622454 0.628834 0.021023 0.01069 0.0056242 0.000928859 0.00101136 0.227698 0.0175718 0.00595474 0.00671298 0.0285998 0.00402234 0.0131956 
1.31791e-09 1.35778e-05 1.72574e-09 5.19755e-06 0.359145 0.508743 5.23974e-06 0.0312719 3.06276e-09 1.59819e-05 0.00624968 1.40188e-06 0.085645 6.79795e-06 8.68035e-06 0.000894309 0.00512511 0.00286952 
2.57637e-07 0.0144253 0.0993303 0.49825 0.0106568 0.0196458 7.77554e-05 0.231143 4.66189e-05 2.05629e-05 9.03741e-05 0.0131921 0.00501812 0.0592965 0.00819479 0.000214907 0.00671629 0.0336803 
1.01063e-10 8.27848e-05 1.32337e-10 4.54058e-05 3.71407e-05 0.0290025 3.19498e-10 0.0129775 1.26851e-06 3.87626e-06 1.61181e-10 7.75279e-06 0.000137876 0.000255106 0.830176 7.90483e-08 0.122521 0.00475179 
1.02861e-07 0.0109818 1.31861e-06 0.0686137 0.0095416 0.000806417 5.20228e-06 0.0501523 0.825056 2.81211e-06 4.71464e-06 2.21216e-05 0.0114785 0.000159391 0.0231171 1.11226e-06 4.69814e-05 9.22313e-06 
1.93112e-05 0.00232893 0.000382266 0.00455811 0.0263431 0.698164 0.000118553 0.124482 0.00339226 0.0243013 0.079045 0.0119975 0.0114973 0.00035403 0.00648876 2.75107e-05 0.00390786 0.00259195 
1.79363e-07 0.00158407 0.00535417 0.745227 0.0717758 0.032783 0.000323592 0.0170646 3.6142e-06 1.51537e-05 1.19374e-05 0.00551144 0.0571704 0.0155582 0.00435231 0.000161171 0.00246898 0.0406348 
3.87699e-07 0.0194054 0.00126114 0.0094171 0.0797089 0.281901 0.000105175 0.214785 0.0301318 0.00101038 0.000656326 0.0321814 0.16111 0.00174767 0.158579 7.84237e-05 0.00605496 0.00186523 
4.59486e-06 0.0133791 0.0153402 6.42218e-05 0.0111684 0.0353387 6.03341e-05 0.13223 0.000920084 0.0987991 0.0214667 0.421183 0.231563 0.00229505 0.0125987 0.0018938 6.88795e-05 0.00162506 
2.32033e-07 0.00509569 0.0195304 0.0013416 0.00669296 0.566218 3.96669e-07 0.00949404 0.21685 7.98903e-05 0.0339907 0.0163151 0.0295188 0.00523522 0.0503164 0.000296031 0.00040821 0.0386166 
4.63365e-06 0.0951363 0.0554219 0.00633903 0.0344222 0.449244 0.00666489 0.0973067 0.0106264 0.000842058 0.0910767 0.0593207 0.0419671 0.00147191 0.0192899 9.55686e-05 7.48618e-06 0.0307624 
1.10343e-06 0.00294914 0.000507255 0.109797 0.110053 0.45499 8.22771e-05 0.00253789 0.000898226 0.000230549 0.000257866 0.0568937 0.0775216 0.0014895 0.0788884 7.69395e-05 0.00228971 0.100536 
3.49106e-11 0.143875 3.06899e-06 0.42995 0.015005 1.01486e-06 3.42932e-07 0.128013 1.81104e-07 1.32711e-07 4.87731e-08 0.0862678 0.140098 2.56713e-07 0.00690295 2.08433e-05 0.000136136 0.049726 
9.68656e-07 0.00077833 0.00152896 0.0179784 0.00476464 0.731146 0.00181294 0.0056012 3.7367e-05 0.00093268 0.000934211 0.029926 0.143638 0.000158918 0.0140336 0.000599916 0.000735014 0.0453932 
2.6161e-06 0.0243324 0.0588567 2.61692e-06 0.164584 0.141291 0.0023548 0.100753 0.150862 0.0028785 0.0217105 0.131631 0.168019 2.61621e-06 0.00706856 2.61657e-06 2.61674e-06 0.0256459 
7.79258e-10 0.401188 1.0204e-09 0.00303962 0.0168679 1.37897e-05 3.07978e-06 0.0786945 2.84902e-06 1.06487e-05 0.0266723 0.0181607 0.0217741 0.0124614 0.382734 5.85265e-06 0.038371 1.33352e-07 
3.99485e-05 0.0219683 0.00370809 0.0087792 0.021032 0.389828 0.000132309 0.157112 0.0045485 0.0147659 0.00268038 0.136647 0.186826 0.000809036 0.0244136 0.000472774 0.00327031 0.0229671 
7.24448e-11 0.553016 1.41097e-06 0.128687 0.000465257 0.0010071 1.57834e-07 0.0304972 8.33897e-08 6.11471e-08 2.25123e-08 0.16674 0.0347948 6.91023e-05 0.00302741 2.8327e-08 6.52335e-06 0.0816879 
2.92201e-10 0.00356975 0.000194791 0.00754563 0.0137501 0.0015965 9.23753e-10 0.862999 6.97141e-05 0.000162853 0.0474265 0.000881489 0.0615272 5.33085e-05 9.95888e-05 0.000122487 1.76882e-07 5.69713e-07 
5.49025e-05 0.00138215 0.0501425 0.0130926 0.0142405 0.32058 0.145877 0.00307242 0.00334456 8.7454e-05 0.0095857 0.0431074 0.0332065 0.000673776 0.00630292 0.00121233 0.00256732 0.35147 
4.70234e-10 3.67359e-05 2.266e-05 1.0243e-05 3.61398e-05 4.83355e-05 2.52868e-06 3.79951e-05 3.75935e-05 0.999334 5.28723e-05 3.29705e-05 4.67579e-05 1.7849e-06 1.07982e-05 4.4105e-06 0.000278509 5.49785e-06 
3.34911e-05 0.0136215 0.406451 0.00329008 0.0209609 0.252451 4.14406e-05 0.0757957 0.00378158 7.10499e-05 0.000115569 0.019533 0.0950532 0.000711166 0.0650434 0.000909107 0.020516 0.0216205 
6.80551e-08 0.436605 3.91288e-05 0.000485661 0.00141774 0.0315671 1.40585e-05 0.00755953 0.000398192 4.15681e-05 1.9787e-05 0.000494854 0.00291449 0.00572118 0.512379 2.59016e-06 0.000179974 0.000159518 
2.00625e-06 0.00855006 9.99232e-05 2.35615e-06 0.00312371 0.00398642 1.19299e-05 0.140337 0.00975981 0.00093126 0.0158216 0.00896828 0.0313021 0.0631294 0.615161 1.80376e-05 0.0965561 0.00223882 
5.75468e-10 0.000155443 1.58798e-07 2.01761e-06 0.0528526 0.858886 8.09837e-07 2.63333e-06 1.09689e-05 5.49395e-07 0.000365995 0.0363556 0.0167336 0.00467317 0.0128348 8.72814e-07 2.80359e-07 0.0171244 
3.70923e-06 0.0234734 1.44229e-05 0.0257768 0.0101528 0.621594 0.000254918 0.00377365 2.45924e-05 0.000146902 1.34168e-05 0.00591067 0.0146724 0.0118898 0.223432 0.000457083 0.0555347 0.00287415 
2.75613e-08 0.0109624 4.49295e-05 0.00269537 0.135394 0.633989 8.71312e-08 2.24294e-05 0.000548588 0.000322867 5.87565e-05 1.36281e-05 0.000940212 0.00274762 0.202263 1.4422e-05 0.000195701 0.00978673 
0.000175844 0.000411339 0.000934354 0.0197259 0.0925623 0.659101 0.000947697 0.0205534 0.0141159 0.0293919 0.00238375 0.0128806 0.0346406 0.00270216 0.0361417 0.0141741 0.000456533 0.0587005 
2.53788e-10 0.428365 3.32323e-10 0.487854 0.0259016 0.000770264 8.02318e-10 0.00504584 6.52181e-07 2.52869e-06 1.13472e-06 0.00612377 0.0168763 9.59663e-05 0.024235 1.13097e-06 1.75256e-06 0.00472511 
2.96267e-11 0.00217839 3.66687e-05 0.0161338 0.00133059 0.000122045 5.00223e-09 0.0944567 1.49602e-05 0.000231885 0.00494674 0.653035 0.199068 0.000395276 0.0126316 2.9392e-08 0.00114806 0.0142699 
3.42894e-09 0.0057382 0.0323338 0.0233672 0.00866858 0.0053706 3.7187e-06 0.75109 1.01536e-05 0.00311814 0.0645101 3.26343e-05 0.0577155 1.07182e-05 0.0353917 0.0121354 4.69447e-06 0.000498974 
8.61651e-06 0.233453 0.366687 0.0347695 0.00886456 0.0464752 0.00405645 0.0377422 1.42195e-05 9.22314e-05 0.000196752 0.000299425 0.000325096 0.0378764 0.192565 0.00232279 0.000967457 0.0332837 
5.78967e-07 0.0325218 0.000287025 0.0087784 0.0180466 0.642656 5.40533e-05 0.0888138 0.0601261 0.000138366 9.23363e-07 0.000292141 0.05254 0.018724 0.0669842 4.69012e-05 4.42515e-05 0.00994516 
9.53553e-11 0.00382067 0.000162455 0.0387471 0.0698676 0.0102667 1.25735e-07 0.0170223 0.0116668 0.00164688 0.000447299 0.0650623 0.0124077 0.0143587 0.459406 0.057404 0.237438 0.000275536 
9.47271e-08 0.00052572 2.48355e-06 0.103739 7.7279e-05 0.235476 2.99467e-07 0.355003 0.000408775 0.000506257 0.00183205 0.0124816 2.66144e-05 0.000110547 0.000740636 0.287184 6.56777e-06 0.00187767 
5.23913e-05 0.00236111 0.0220915 0.029227 0.00893144 0.171354 0.00122369 0.090655 0.00183788 0.00330676 0.000161245 0.539739 0.0323651 0.00471392 0.0438023 0.000856029 0.0127077 0.0346138 
5.8099e-07 0.034751 0.00253107 0.0133598 0.101711 0.647267 2.73177e-06 0.0249075 0.0266522 0.00321013 0.00436721 0.0064862 0.0865183 3.05379e-05 0.0473744 0.000173166 9.8996e-06 0.000647121 
4.74194e-09 0.0699478 0.0294124 0.0446854 0.0120359 0.0113549 2.23304e-06 0.725499 1.3245e-06 0.000536253 1.47419e-05 0.0104751 0.0401782 0.0279343 0.0136962 1.33327e-05 1.49493e-05 0.0141974 
2.29837e-06 0.000354553 0.00172754 0.00399563 0.00018955 0.694758 0.00332816 0.0299186 3.41377e-05 0.000616704 0.00784647 0.24491 0.00418096 0.000184027 0.00423377 0.00273434 0.000432873 0.000551703 
9.57963e-06 0.57063 0.00288067 0.120679 0.0853923 0.0831765 0.000351935 0.0110262 0.000268424 7.86238e-05 0.000540782 0.00322849 0.00554053 0.0164439 0.078539 0.000481139 0.000428 0.0203048 
3.11904e-05 0.000990112 0.0133981 0.028195 0.031663 0.112434 9.14843e-05 0.0214693 0.0156568 0.00190049 0.011611 0.328992 0.360931 0.000718584 0.0267064 0.000168258 0.00255032 0.0424928 
1.08636e-09 0.0921164 0.0058314 0.0368788 0.0287261 0.0339822 1.38772e-06 0.261921 0.40581 0.000754814 0.00316553 0.00647557 0.0692317 0.0131605 0.0344082 3.41206e-05 0.000234127 0.00726769 
7.92873e-05 0.0129628 0.000240355 0.00312471 0.0459474 0.350565 9.59135e-05 0.00149909 0.000385293 0.000517823 0.0445689 0.242127 0.254654 0.000881333 0.0273596 0.000140116 0.00957645 0.00527522 
1.34116e-10 0.000825105 0.00647682 0.00246518 0.0753795 0.485066 2.67347e-05 0.0149184 0.0345452 0.0232788 0.0083068 0.0534128 0.110771 0.000720365 0.069689 0.000271903 0.106754 0.00709173 
1.86761e-11 4.89818e-07 7.35731e-09 0.000381188 1.12115e-07 1.41463e-07 5.90419e-11 1.20613e-07 4.34023e-11 1.52645e-07 3.10832e-07 1.90816e-08 3.13928e-08 0.00383728 0.994473 1.23465e-05 0.000633831 0.000660725 
3.69255e-08 0.0265394 0.00437549 0.582983 0.0975878 0.040927 0.000319183 0.0114512 1.58926e-05 4.96067e-06 2.32446e-06 0.00535684 0.126248 0.042071 0.0207478 9.8344e-05 0.00567745 0.0355942 
2.29944e-07 0.00201049 0.0202574 0.00646288 0.0048162 0.766932 4.26089e-06 0.0117346 0.0277874 2.4329e-06 0.00065639 0.028601 0.0974958 0.000137425 0.00831548 0.000138529 0.00396434 0.0206827 
1.41383e-09 0.00380027 7.64468e-05 0.00355326 0.00734775 0.892622 4.46962e-09 0.000205614 0.0398914 0.000650434 0.00181888 0.0403164 0.00160001 7.41367e-05 0.00359603 6.36616e-08 8.82676e-05 0.00435909 
7.88539e-05 0.00661796 0.00288317 0.015103 0.00369546 0.371138 0.0296905 0.0559306 0.000350054 0.000639954 0.0319548 0.365519 0.0346065 0.000511707 0.00316512 0.00582778 0.0119548 0.0603325 
4.12279e-07 0.0214897 0.00208539 0.00859794 0.00858637 0.0400095 8.98682e-06 0.147776 0.0498858 0.102182 0.271701 0.0849411 0.224788 0.00190151 0.0331344 8.17196e-05 0.000394724 0.00243569 
8.96246e-06 0.0159073 0.000223119 0.0281229 0.047423 0.302228 4.67582e-05 0.109598 0.0216965 0.117427 0.160868 0.112562 0.0317058 0.000479658 0.0375238 8.30551e-05 0.000321378 0.0137751 
