0.0565975 0.566015 4.5578e-05 0.0734521 0.00434536 0.00986186 4.56032e-06 0.0085218 0.00161139 0.00169016 0.11982 0.0101215 0.0473237 0.00773635 0.058506 0.0057052 0.0286427 2.14367e-07 
2.4965e-05 0.674662 7.68461e-05 2.542e-08 0.0369404 0.0135206 2.61201e-07 0.0196966 0.000356885 8.77059e-05 0.00198655 0.00624141 0.0238287 0.0037428 0.218551 4.9673e-08 0.000280082 3.50039e-06 
2.07786e-06 0.451196 0.00331366 0.0443007 0.000935877 0.00465764 4.03655e-07 0.0247207 0.00059059 0.000630911 0.0175929 0.00485894 0.179461 0.161352 0.101515 1.12173e-09 0.00136356 0.00350817 
7.8208e-06 0.931389 5.27337e-05 0.00224992 0.000234104 0.000190089 1.56507e-06 0.00245628 5.21341e-08 3.30196e-05 0.00319399 4.31319e-06 0.00486287 0.00604332 0.0478768 1.3487e-08 0.000563772 0.000840209 
0.00817326 0.467868 0.000112051 0.0897226 0.0311604 0.00574557 1.30978e-05 0.0205773 0.00109021 0.000279442 0.000910932 0.0416999 0.0501898 0.00437942 0.273849 0.000164367 0.000851932 0.00321239 
0.00179256 0.4587 5.85664e-07 0.26572 0.0488875 0.00995725 9.48713e-08 0.0104574 0.0113015 0.00239952 0.00188019 0.0195896 0.0133827 0.00337932 0.11383 0.000108963 0.0122834 0.026329 
0.00198802 0.326257 0.0582496 0.0214992 0.00956169 0.0208005 1.10283e-05 0.168915 0.00168721 0.00160209 0.00150383 0.0552787 0.0348581 0.00451863 0.263608 0.00292486 0.000637508 0.0260994 
0.000173865 0.276567 0.000493324 0.252885 0.024328 0.000518477 8.37194e-06 0.0895667 0.00031828 9.72777e-05 0.0214105 0.00181343 0.114531 0.00206054 0.1399 0.00776537 0.00257202 0.0649907 
4.61306e-06 0.931645 3.10543e-05 0.0022375 0.000219815 0.000183151 9.21104e-07 0.00243394 2.91518e-08 1.94438e-05 0.00314373 2.53983e-06 0.00484768 0.0060108 0.0478333 7.54152e-09 0.000557076 0.000828948 
0.0525911 0.229834 0.000376881 0.0533459 0.0178935 0.0241069 8.09941e-06 0.0199773 8.12328e-05 0.15168 0.0263569 0.131152 0.138862 0.00651262 0.112093 0.000785963 0.00416978 0.030173 
2.79905e-05 0.33773 0.000316617 0.0211007 0.248554 0.135474 2.34494e-09 0.0174583 0.000445172 2.34663e-07 0.0223806 0.0370491 0.0177215 0.00794303 0.151264 0.000422389 0.00211206 1.00362e-06 
1.86632e-06 0.991886 2.44385e-06 0.0038477 1.13837e-06 1.30947e-06 5.90011e-06 6.26241e-07 4.33723e-06 4.50172e-06 0.000895925 6.44614e-07 3.23532e-07 1.68629e-06 4.33333e-07 1.12203e-06 8.56151e-07 0.0033427 
0.00576518 0.613032 0.000156522 0.0611453 0.0207737 0.00383043 8.73684e-06 0.0137182 0.0013449 0.000186309 0.00076728 0.0278 0.036288 0.00307815 0.209044 0.000138723 0.000780886 0.00214162 
6.06845e-10 0.355218 8.14908e-06 0.00374833 0.0112454 0.191262 4.95851e-08 0.0573772 0.0423339 0.0031582 0.00582311 0.237203 0.0339491 0.00316869 0.0541302 0.00137457 2.17148e-07 3.19583e-10 
0.00237663 0.244576 0.00270728 0.117431 0.00874469 0.0142603 1.07177e-05 0.0844354 3.94796e-05 3.95801e-06 0.00123794 0.011985 0.23564 0.0389097 0.0957393 1.08487e-06 0.0467752 0.0951271 
0.0225025 0.282926 0.000150095 0.252712 0.0159953 0.0771015 1.00975e-05 0.0521936 2.96822e-05 0.00126371 0.000768242 0.0500782 0.151168 0.000316013 0.0482842 1.36268e-08 6.75875e-05 0.0444333 
0.00153396 0.717487 0.0565853 0.0313611 0.00363362 0.000233709 1.33627e-05 0.107825 8.32855e-05 0.000624104 0.0011589 0.016159 0.0123666 0.00600856 0.0287077 6.11938e-06 0.000785952 0.0154267 
0.0171687 0.333943 0.00222418 0.242205 0.0375787 0.0114286 5.49025e-05 0.0392735 0.00189017 0.000344987 0.0203095 0.0241541 0.148358 0.00963495 0.066503 0.00298348 0.0219949 0.0199498 
0.0226032 0.224303 0.000550886 0.116803 0.0252671 0.1027 2.70778e-06 0.194672 0.001964 0.00514593 0.00472307 0.167202 0.0113348 0.00716854 0.0951351 0.000647794 1.63548e-05 0.0197603 
0.00120013 0.351315 0.000209973 0.0277931 0.0561367 0.0336863 1.4299e-06 0.187848 0.0023685 0.00410899 0.0219329 0.0739918 0.192702 0.0011614 0.0302948 4.23723e-06 0.000305436 0.014939 
0.00524493 0.281739 0.000265692 0.131183 0.140043 0.041128 5.87852e-05 0.0537616 0.000771163 4.07034e-05 0.0061913 0.0165886 0.18106 0.00312589 0.120171 2.2729e-06 0.000143786 0.0184809 
0.00222111 0.507409 0.00109632 0.0187812 0.0271445 0.0160253 1.31358e-05 0.0243021 0.00386463 0.00039434 0.00668666 0.0356662 0.108807 0.00613243 0.209419 1.51254e-06 0.017732 0.0143035 
0.118548 0.285113 3.20271e-05 0.201893 3.20371e-05 0.0769179 3.20001e-05 3.20411e-05 3.20122e-05 0.13768 3.20228e-05 3.20409e-05 0.108979 3.20328e-05 3.20426e-05 3.20372e-05 0.0064399 0.0641089 
0.00129127 0.397769 6.36955e-06 0.0165738 0.00747094 0.137441 9.81006e-05 0.0905735 0.0636334 0.0018456 0.024434 0.0100204 0.0285234 0.00730611 0.200221 0.000298485 0.000491806 0.0120026 
1.90895e-05 0.57211 1.68885e-09 0.123265 0.151714 7.80963e-05 4.07735e-09 0.112512 2.54801e-05 4.0757e-05 0.0104763 1.34535e-05 0.0297391 1.16534e-09 2.9946e-10 3.88473e-07 1.12474e-06 5.36649e-06 
1.52921e-05 0.369302 0.00228683 0.156356 0.031792 0.0736804 2.25854e-06 0.0955907 9.59297e-06 0.00857388 0.000354503 0.0719177 0.0337896 0.00912084 0.075951 0.0173573 0.000689326 0.0532107 
0.00291647 0.565192 0.000745931 0.0965844 0.0144605 0.00050613 4.7508e-07 0.112987 0.000119398 3.11702e-05 0.0025222 0.0530553 0.0440823 0.00206742 0.0864333 5.48014e-06 0.000129847 0.0181609 
0.0340682 0.252938 0.000442718 0.0881343 0.00985396 0.00550082 3.47432e-07 0.0132931 0.00761314 0.140349 0.0025443 0.0407972 0.190879 0.000283176 0.205503 0.00250452 0.00342479 0.00186957 
3.89499e-06 0.447413 2.84129e-08 0.038047 0.00685207 3.84709e-06 6.85964e-08 0.103716 5.04259e-08 5.23384e-08 3.46056e-08 1.01728e-05 0.00140398 0.002936 0.209088 3.39054e-07 4.30989e-06 0.190522 
0.00623424 0.789162 3.14373e-06 0.0141843 0.0763358 0.0044362 8.21998e-08 0.00744411 0.000909419 1.42712e-07 0.000216678 0.0128516 0.0158192 0.00158413 0.0675726 2.42094e-05 3.86674e-06 0.00321844 
5.99334e-05 0.386619 0.000986394 0.0634397 0.0197881 0.0181434 1.33891e-06 0.31213 0.0152311 0.00138756 0.0188746 0.0149683 0.0186649 0.036201 0.0919832 0.000513511 0.000657391 0.000350285 
0.0294131 0.282143 0.000206055 0.0150948 0.00955005 0.160398 1.75527e-05 0.0484892 0.102812 9.1732e-05 0.0238051 0.111315 0.0167943 0.00351056 0.085884 0.10318 0.000241407 0.00705572 
0.00313447 0.491172 0.000104492 0.00401398 0.0157585 0.00526943 3.2974e-09 0.00166797 3.501e-05 0.00307123 7.44925e-06 0.000115754 0.0137838 0.0046955 0.455755 5.11235e-07 0.000483274 0.000931502 
0.000521652 0.378878 9.53107e-05 0.231594 0.0438076 0.0154141 2.7306e-06 0.0268366 0.000561031 0.000181737 0.00139263 0.0239418 0.106778 0.00148925 0.13025 0.000222812 0.0209956 0.0170373 
0.000250726 0.55949 0.00200755 0.0257465 0.0314406 0.0563646 0.0246545 0.0279349 0.00167086 2.40281e-05 0.000850303 0.0493881 0.0552213 0.00913802 0.108098 0.000437331 0.000317658 0.0469649 
1.90895e-05 0.57211 1.68885e-09 0.123265 0.151714 7.80963e-05 4.07735e-09 0.112512 2.54801e-05 4.0757e-05 0.0104763 1.34535e-05 0.0297391 1.16534e-09 2.9946e-10 3.88473e-07 1.12474e-06 5.36649e-06 
7.0144e-09 0.93744 1.68106e-05 4.79346e-06 0.00600508 0.00028923 2.21751e-08 0.0547859 1.63011e-08 1.69193e-08 1.11869e-08 2.42273e-09 0.000173312 0.00116068 2.68963e-05 9.58748e-05 1.04835e-06 2.80347e-07 
0.000600569 0.451201 1.95547e-05 0.00472018 0.01771 0.0432341 2.36488e-05 0.0299006 0.00084123 0.00101583 0.026889 0.0483782 0.213367 0.0204869 0.137687 1.56591e-05 0.00346798 0.000441325 
0.00117085 0.442479 0.000139499 0.0703225 0.0103146 0.00344384 9.62279e-07 0.0389394 1.94762e-06 0.000112702 0.00793027 0.0286266 0.303008 0.0158172 0.0759201 2.92845e-05 0.00152293 0.000220963 
0.0273412 0.335217 1.52538e-06 0.00941465 0.00331738 0.00458863 4.04358e-06 0.111807 5.4071e-05 0.000133213 0.014383 0.249846 0.214433 0.00017663 0.0282837 1.66631e-05 1.19433e-05 0.000969683 
1.71181e-05 0.373191 0.368005 0.044538 0.0821983 0.0325458 1.71013e-05 0.00172945 1.71078e-05 1.71071e-05 1.71135e-05 1.71232e-05 0.0239913 0.0633566 1.71241e-05 1.71212e-05 0.0102905 1.71217e-05 
9.88388e-12 0.413045 1.29424e-11 0.308713 0.00612154 7.52445e-06 3.12466e-11 0.00562599 2.29697e-11 2.38408e-11 1.8511e-09 0.00160843 0.0680476 0.000151833 0.129417 5.41689e-10 0.00493903 0.0623229 
0.000649994 0.687479 0.000670012 0.0491265 0.0141081 0.101722 1.66874e-06 0.0285545 0.00515423 8.30333e-05 4.75772e-05 0.0276856 0.0183333 0.00861579 0.0443947 0.00104047 0.0107435 0.00158958 
0.00214359 0.588121 0.0039147 0.0966625 0.0957899 0.00857941 1.85886e-06 0.0488115 3.9987e-06 4.85547e-05 8.28592e-07 0.00988843 0.0612079 7.75627e-05 0.0640834 0.00230855 0.0028305 0.0155255 
0.00299596 0.801255 2.33718e-07 0.0172924 0.023809 0.00510982 8.55793e-08 0.000155574 1.12735e-07 0.000234737 1.07623e-05 0.0157851 0.0151369 1.31024e-06 0.117994 0.000219245 1.24336e-10 1.42737e-10 
5.20579e-11 0.354491 0.000271144 0.00381033 0.0100895 0.0828448 1.7595e-08 0.067449 0.0137197 0.0151439 0.0290617 0.316036 0.0596655 0.00232511 0.0426902 0.00184582 3.67846e-05 0.000520313 
0.081561 0.420991 0.000825721 0.105114 0.12784 0.00215544 1.46233e-06 0.0439067 6.92047e-05 0.000220875 0.000384323 0.0160861 0.12608 0.00321352 0.0710776 0.00029774 7.31352e-07 0.000175267 
0.000350793 0.751284 0.003718 0.00508391 0.0217867 0.0308727 1.15378e-05 0.036305 0.000825897 1.59821e-06 0.0235799 0.000906243 0.0138807 0.0011348 0.0599858 0.00272196 0.00018984 0.0473601 
0.00138912 0.945568 0.00214336 0.00611363 0.013664 0.0014216 0.000112158 0.00229484 4.13271e-05 0.0017288 1.41101e-07 0.00045229 0.00341864 0.00797001 0.0108627 5.37222e-06 0.00125821 0.00155625 
0.00876468 0.519166 0.000829293 0.0593035 0.0366328 0.0905075 1.0853e-06 0.0121476 0.0149163 0.00820241 0.018927 0.0332146 0.0709717 0.00378579 0.117207 4.67873e-05 3.5738e-05 0.00534003 
0.0212512 0.668951 0.00730907 0.0777308 0.00213775 0.000845802 1.62957e-05 0.0512597 0.00111698 8.29532e-06 0.00066019 0.0497977 0.0180086 0.00182165 0.0854338 3.44301e-05 0.000434597 0.0131818 
0.000342644 0.521754 0.00485811 0.0409727 0.104521 0.00927296 1.30093e-06 0.0264372 0.000559489 0.000152856 0.00521149 0.00225436 0.0987067 0.011365 0.149588 3.73983e-05 0.0165581 0.00740645 
0.000189455 0.501523 0.0702235 0.0478041 0.00937035 0.00414684 4.79456e-05 0.35915 0.00110976 2.40452e-06 1.58984e-06 0.00483938 0.000236454 0.000121538 0.000211604 8.78663e-05 0.000131978 0.000801769 
8.86556e-07 0.359802 0.000610361 0.000986605 0.309451 0.000784044 6.16339e-05 0.000267419 0.321192 0.00331974 0.000275123 0.000359535 0.000230274 8.01039e-07 0.00255084 5.33e-07 4.06697e-07 0.000107181 
0.00315493 0.295516 0.0309455 0.117761 0.272258 0.0482467 4.18344e-10 0.0172637 8.37715e-07 3.19192e-10 2.22294e-07 0.0422175 0.0541163 0.00535016 0.102856 5.24024e-08 0.000322968 0.00998996 
0.00618695 0.391061 0.00541608 0.223007 0.126553 8.15113e-05 4.57958e-10 0.0334332 0.000164123 2.45637e-05 0.00585362 0.0853431 0.0640228 0.0120281 0.0462482 2.70615e-05 5.03358e-05 0.000499809 
0.014059 0.322392 9.04006e-05 0.0388443 0.00571563 0.0376808 1.08022e-06 0.0897938 0.000855874 0.00012672 0.00612823 0.0491651 0.0913438 0.0436609 0.213408 0.0089455 0.0108407 0.0669482 
0.00857615 0.290768 0.0724127 0.117058 0.0124916 0.00254044 8.43042e-05 0.161552 0.000125983 0.00198061 0.00171176 0.163257 0.0378362 0.008358 0.0261091 0.000208317 0.00954125 0.0853893 
0.0336834 0.462425 0.00322755 0.0879126 0.0299322 0.0125469 2.40218e-06 0.0303692 0.000153927 0.0198503 0.00186982 0.0455145 0.105387 0.0608045 0.0870065 0.00497691 0.00983474 0.00450213 
0.10178 0.497842 0.000524643 0.125172 0.0190863 0.0173553 0.000566737 0.153045 0.000566295 8.98368e-06 0.000548985 0.00374036 0.0169968 0.00372271 0.0555123 1.00528e-05 5.51644e-06 0.00351526 
0.0061381 0.360924 0.00283887 0.0298843 0.128163 0.0658462 2.53986e-07 0.0612275 0.00024124 8.9337e-05 0.00630942 0.00546204 0.0418596 0.0187632 0.253528 0.000357589 0.000766873 0.017601 
0.000744076 0.430002 1.45027e-07 0.229476 0.0210437 0.000130612 1.43324e-06 0.00179934 1.44372e-05 6.33589e-05 7.25307e-05 0.00134521 0.245626 0.00328749 0.0662754 1.96733e-11 2.22792e-07 0.000117394 
0.000206946 0.851537 3.1448e-06 1.54592e-05 0.000301342 0.00106804 4.18688e-11 0.000188685 1.00558e-05 5.36615e-08 3.85308e-07 0.0149865 0.000543725 0.00756135 0.123299 7.92817e-06 9.80532e-06 0.000259746 
0.0280621 0.554974 0.000412793 0.0118236 0.00548708 0.00183883 3.62175e-06 0.0281375 0.000119168 0.00138885 0.0129329 0.193791 0.15008 0.000838277 0.00923086 1.47367e-05 3.76587e-05 0.000826963 
0.000446518 0.385477 9.8558e-05 0.0146638 0.0155513 0.00136141 0.0015075 0.168349 0.00302119 0.000200644 0.00564306 0.0413443 0.159906 0.00373453 0.1426 0.0547893 7.80972e-05 0.00122834 
0.0395855 0.28277 0.000129852 0.0847703 0.0125183 0.074453 8.01064e-05 0.0325677 0.00846207 0.112044 0.0668335 0.0369238 0.0855668 0.0178771 0.116548 0.0110944 0.00222066 0.0155543 
0.00344859 0.4716 0.000601629 0.103561 0.0541612 0.00473087 2.34841e-06 0.00560445 1.24498e-05 0.000261402 0.000812169 0.0320086 0.104617 0.0142408 0.2024 9.51741e-05 0.0003593 0.00148336 
8.65385e-08 0.825999 1.13318e-07 3.85689e-05 0.00163956 0.0171958 2.7358e-07 0.100959 0.000261495 0.00408113 0.0010248 0.000419081 0.0384341 0.00037 0.00957649 5.20272e-08 3.96985e-08 4.55738e-08 
0.0049359 0.596461 0.000210029 0.0200342 0.0196134 0.00535784 6.82279e-06 0.136466 0.00777793 0.00179631 0.0060226 0.0555434 0.0837747 0.00317188 0.0541701 0.00122998 0.00111375 0.00231396 
1.68778e-11 0.527904 6.42333e-08 0.123388 0.00125411 2.33735e-05 5.33568e-11 0.0104972 1.61774e-08 4.07107e-11 2.69175e-11 0.000232535 0.0067819 0.000886726 0.286938 6.51043e-10 8.57003e-08 0.0420926 
0.0115015 0.451538 5.36338e-05 0.0514785 0.0196202 0.00530375 0.000130495 0.158563 0.0192398 0.00771814 0.0063184 0.0725223 0.0821466 4.13554e-06 0.0690973 2.12056e-05 0.0313236 0.0134193 
0.211651 0.262955 0.000160286 0.0321643 0.00661357 0.0149876 7.36101e-05 0.0038201 0.00892908 0.000202078 0.0108832 0.0440151 0.0402306 0.111546 0.0189723 0.231975 0.000132924 0.000687755 
0.00110983 0.523527 0.00342044 0.0756632 0.0291541 0.0104477 3.23414e-06 0.0222455 0.000275051 0.000128913 0.000767368 0.0168286 0.159308 0.0221855 0.130125 4.65444e-05 0.000601849 0.00416164 
0.00179205 0.370084 0.0489391 0.0825054 0.0100798 0.00242578 0.000140487 0.1515 6.70656e-05 0.000356081 0.00146542 0.220939 0.039887 0.00140283 0.0100854 0.00268716 0.00679561 0.0488483 
0.0118395 0.181527 0.000589802 0.0110526 0.0335049 0.181027 0.00112339 0.0535653 0.0492198 0.0931372 0.00787341 0.138038 0.0155143 0.0234532 0.177566 0.000660602 0.00112981 0.0191774 
0.211651 0.262955 0.000160286 0.0321643 0.00661357 0.0149876 7.36101e-05 0.0038201 0.00892908 0.000202078 0.0108832 0.0440151 0.0402306 0.111546 0.0189723 0.231975 0.000132924 0.000687755 
0.00639478 0.319484 0.00719002 0.115739 0.025244 0.0013327 2.12981e-05 0.135997 0.00238057 0.0133028 0.00168588 0.00681559 0.0872684 0.00220405 0.133956 0.0624991 0.0126892 0.0657959 
0.0206543 0.299944 0.00152485 0.139746 0.0253549 0.0279237 5.59029e-08 0.11785 0.00459921 9.37146e-05 0.00338425 0.0214329 0.268689 0.000357242 0.043965 0.000172526 0.00869492 0.0156139 
0.00555564 0.317872 0.00141576 0.00282373 0.00117438 0.00614236 1.67721e-08 0.0286947 0.213711 0.00112917 0.142785 2.66477e-05 0.076893 2.0922e-05 0.201402 3.18958e-09 0.000346987 7.78975e-06 
0.0321389 0.343526 1.5733e-05 0.332771 0.0283312 0.00135099 1.10971e-06 0.00931705 1.41437e-05 6.12906e-05 0.00164266 0.0378834 0.0654719 0.0166814 0.118927 0.0037649 0.00168002 0.00642207 
0.000493287 0.291505 1.13674e-06 0.291032 0.00498213 0.0275336 2.29723e-06 0.0380768 0.0691557 0.000125108 0.0335769 0.168259 0.000273177 0.00147391 0.0599207 0.0113402 0.000414859 0.00183509 
0.00454262 0.586635 0.00295506 0.0212298 0.0302298 0.014105 4.20906e-06 0.0210775 0.00322521 0.00253863 0.00603732 0.0250242 0.087646 0.0190642 0.144748 0.000249128 0.0143359 0.0163525 
8.59772e-09 0.686416 5.31343e-05 0.008306 0.000524675 0.000590171 8.04496e-07 0.09594 1.78184e-06 5.17434e-06 0.000286992 0.142504 0.0504988 2.45618e-06 0.00647518 5.16897e-09 0.00715201 0.00124248 
2.12896e-05 0.403829 1.91427e-05 8.1532e-06 0.00292268 0.0733864 7.06311e-08 0.118706 0.00817539 0.000377066 0.0276565 0.15249 0.155016 2.65786e-05 0.0136749 0.034369 0.000554139 0.0087681 
0.00254738 0.718764 0.000388881 0.0102418 0.0454615 0.081918 1.77222e-05 0.0152667 0.0395715 0.0038147 0.0287356 0.0338667 0.0116101 0.000315391 0.00177428 0.000659861 0.000456615 0.00458937 
0.00352478 0.356538 0.00986504 0.0218754 0.024426 0.101486 0.0598795 0.0444039 0.00848798 0.00917908 0.00713944 0.0370705 0.0188461 0.0436978 0.194737 0.000231543 0.00513308 0.0534796 
0.00334629 0.60134 3.1819e-05 0.0448863 0.0443087 0.0108361 3.68671e-06 0.0111086 0.000324265 0.000100274 0.000253564 0.0193357 0.0677308 0.0139998 0.179184 4.6676e-05 0.000879388 0.00228364 
0.0252683 0.391964 0.000108317 0.0456649 0.00567407 0.00103361 1.05923e-06 0.065736 0.0352267 4.01195e-05 0.0121621 0.191577 0.163514 0.00136602 0.0582894 0.000328255 0.000425843 0.00162086 
0.0082119 0.374981 0.000148884 0.0731796 0.0117689 0.000538074 2.78204e-06 0.0775358 0.000121398 6.23454e-05 0.0369273 0.0464481 0.225202 0.0105816 0.0879595 1.34637e-05 0.043363 0.00295385 
0.00176393 0.43195 4.89817e-05 0.00342651 0.0484451 0.0295216 2.32448e-08 0.0682687 2.91061e-06 0.00694775 3.56306e-05 0.0396321 0.0128963 0.000763071 0.35365 4.5355e-07 0.000705745 0.00194157 
0.110472 0.516839 0.0110406 0.119678 0.0318075 0.000275313 6.15843e-08 0.0711231 2.93039e-09 1.25395e-06 0.00133467 0.0177229 0.0956145 0.000125035 0.0213081 3.17713e-06 0.000493148 0.00216148 
4.97626e-06 0.837555 8.58756e-08 0.00163615 0.0277453 0.0578161 1.10095e-09 0.000296748 0.00260668 5.38681e-08 0.000352841 0.000100485 0.00859775 0.00268751 0.0605647 2.77185e-09 3.48875e-05 3.12914e-07 
0.00388299 0.478563 0.000674599 0.0745125 0.0226984 0.00872554 9.18757e-06 0.0868939 0.00024273 0.00135042 0.0398595 0.00333581 0.143076 0.00699672 0.096297 3.52282e-06 0.000314273 0.032564 
0.00699664 0.716154 0.000203695 0.0907142 0.0155822 0.00313387 8.25593e-06 0.00529832 0.00022333 0.0152692 0.00232758 0.00911117 0.0941795 0.00225906 0.0323342 0.000122031 0.00570709 0.000375637 
3.8112e-05 0.470519 8.0992e-06 0.00324796 0.00230251 7.08978e-05 2.11425e-10 0.0138656 0.00015996 1.62269e-05 0.0155015 0.00762874 0.263159 0.011212 0.211729 5.10403e-06 0.000535747 1.1779e-07 
0.000178195 0.497902 0.0132429 0.0302227 0.0957784 0.0181184 1.35617e-07 0.0249304 4.47193e-07 4.10142e-05 6.00464e-05 0.00675601 0.110537 0.00983398 0.191901 2.16555e-06 0.000267853 0.00022673 
0.0667166 0.21701 0.0102921 0.209001 0.0153518 0.0359362 0.0742794 0.0546201 0.00558789 0.00325608 0.0469773 0.0453737 0.104428 0.0200374 0.0635506 0.00121231 0.0113792 0.0149908 
0.0247327 0.809568 0.0100074 0.026465 0.00146928 2.8746e-05 1.06774e-06 0.0122183 1.03406e-05 9.79672e-06 0.0010013 0.00115594 0.0749153 7.81078e-05 0.0383312 4.018e-07 6.49452e-07 5.9987e-06 
0.00413465 0.666484 0.000351692 0.0104181 0.0187281 0.00527035 3.64811e-06 0.0292182 0.00334174 0.00344175 0.0767495 0.0263163 0.0580865 0.00450889 0.0867551 0.00104069 0.00126399 0.00388645 
5.59288e-09 0.706582 6.09525e-12 0.00022819 1.1604e-08 3.26599e-12 1.47156e-11 1.56192e-12 1.08176e-11 1.15988e-08 7.42374e-12 1.60775e-12 5.95117e-05 0.00217256 0.290958 5.62745e-10 3.64507e-09 2.45137e-12 
0.0408518 0.352075 0.00201834 0.00545428 0.0064672 0.125526 0.000552646 0.0390628 0.245236 0.00375588 0.0106815 0.0186284 0.031439 0.00430728 0.0800081 0.000475654 0.00320695 0.0302534 
0.0223014 0.517991 0.0145583 0.000515895 0.0162156 0.0970317 2.38256e-05 0.0430033 0.0594511 0.0135138 0.0260324 1.84178e-05 0.0218798 0.0166937 0.147638 0.00101412 0.00210872 8.7399e-06 
0.00286492 0.491868 0.000249774 0.00545387 0.0339609 0.0324636 9.18956e-08 0.121772 0.000693767 0.00121897 0.00101204 0.0512503 0.0484974 0.0060973 0.189445 0.000152773 0.0016495 0.0113501 
0.0771499 0.329136 0.000563797 0.0457581 0.0123089 0.00316339 0.000455008 0.259262 0.000936974 0.000198084 0.00737982 0.0642719 0.117707 0.000527935 0.0588769 0.0143574 0.000187017 0.00775941 
0.0132047 0.227621 0.00566764 0.0975261 0.0072011 0.00108598 6.5076e-06 0.0729212 0.155251 0.00295522 0.121184 0.0610416 0.175979 0.000627495 0.0492827 2.80703e-05 0.00189184 0.00652425 
5.59288e-09 0.706582 6.09525e-12 0.00022819 1.1604e-08 3.26599e-12 1.47156e-11 1.56192e-12 1.08176e-11 1.15988e-08 7.42374e-12 1.60775e-12 5.95117e-05 0.00217256 0.290958 5.62745e-10 3.64507e-09 2.45137e-12 
0.000663076 0.471562 0.0482855 0.0135299 0.00109541 0.000803007 6.84711e-05 0.21803 1.85059e-05 4.39262e-05 7.14672e-06 0.000352391 0.00070818 0.00234363 0.0196131 0.219689 0.000138177 0.00304783 
0.000145924 0.836454 9.68488e-05 0.000454278 0.0222163 0.0269369 1.09535e-06 0.0503341 0.00249056 0.00294627 0.00109087 0.00353873 0.0346065 0.000645451 0.0157474 8.93079e-05 7.386e-05 0.0021314 
2.12747e-07 0.417104 0.00109514 0.00385246 0.0306071 0.180211 2.00208e-07 0.00861504 1.86166e-05 1.0062e-09 0.00354886 0.00719502 0.0371086 0.00592692 0.281902 2.50792e-10 0.0140522 0.00876318 
0.211651 0.262955 0.000160286 0.0321643 0.00661357 0.0149876 7.36101e-05 0.0038201 0.00892908 0.000202078 0.0108832 0.0440151 0.0402306 0.111546 0.0189723 0.231975 0.000132924 0.000687755 
0.00290363 0.802988 0.000703259 3.39059e-08 0.000480775 0.00776846 3.48397e-07 0.12109 0.00128053 2.65823e-07 0.000622986 0.00169286 0.0570897 0.00235658 0.0010217 6.62553e-08 5.05551e-08 5.8037e-08 
2.00664e-05 0.54429 0.0178542 0.0481082 0.0250769 0.0120089 8.1204e-05 0.110901 0.00282632 0.0028153 0.000202749 0.0071405 0.0217601 0.00680511 0.190863 7.72612e-05 0.00148376 0.00768526 
0.000963213 0.762949 0.000378593 0.00516141 0.00315845 0.000493073 5.46773e-08 0.0390927 0.00889938 0.000354166 0.00895469 0.0370988 0.0429527 0.000296682 0.0870823 6.98458e-07 0.00139708 0.000766691 
0.000123943 0.349749 0.000554026 0.19116 0.00274491 0.00133081 1.35164e-07 0.312743 3.26576e-05 1.59419e-05 0.00137899 0.0197598 0.0293645 2.50046e-05 0.0652318 3.3499e-06 7.08958e-05 0.025711 
0.0183507 0.638961 4.90427e-09 0.0548293 0.0166544 0.0242831 9.4138e-06 0.0918602 0.00367167 2.52407e-07 0.016703 0.057892 0.0139269 0.0253221 0.0373174 4.91357e-05 0.000169556 1.97239e-09 
0.000190659 0.514932 0.105737 0.0718574 0.0152631 0.00397309 9.19157e-06 0.161989 8.04788e-05 4.0246e-05 0.000206018 0.00632043 0.00870585 0.00329043 0.08279 0.00265742 0.00796116 0.0139963 
0.000466013 0.795204 9.92166e-05 0.0038465 0.00388063 0.0022039 2.58709e-05 0.00288311 0.000114897 1.94759e-05 2.9772e-10 0.00274789 0.0588259 0.01357 0.0611278 3.01108e-09 0.0547283 0.00025646 
0.00307506 0.254574 0.00161637 0.15125 0.0999182 0.00987804 0.000368061 0.0953319 0.00281815 0.000804074 0.00863874 0.0307774 0.110679 0.00325783 0.164621 6.19494e-05 0.0186531 0.0436767 
0.000466013 0.795204 9.92166e-05 0.0038465 0.00388063 0.0022039 2.58709e-05 0.00288311 0.000114897 1.94759e-05 2.9772e-10 0.00274789 0.0588259 0.01357 0.0611278 3.01108e-09 0.0547283 0.00025646 
0.000582109 0.279656 0.0946253 0.00579037 0.0643229 0.055422 7.53762e-05 0.0568764 0.00507043 0.000512502 0.0532407 0.0240407 0.200901 0.00147671 0.151287 1.55113e-07 0.000303019 0.00581655 
1.51051e-05 0.938629 4.61404e-05 7.66798e-05 0.00216374 0.00505449 1.02781e-05 0.00765831 7.65858e-05 0.00112244 0.00343611 0.000486734 0.00488798 0.000224271 0.0187093 9.06709e-06 0.0173819 1.20828e-05 
0.00925527 0.400494 0.000224188 0.0328387 0.0405959 0.0947312 0.000103345 0.0282537 0.0255847 0.000297719 0.0194067 0.0189725 0.04071 0.0268467 0.222614 0.0187209 0.00265914 0.0176922 
0.000973747 0.667785 0.000362787 0.165305 0.00408599 0.000266135 3.57727e-08 0.0329081 3.58448e-05 0.000173763 0.00927471 0.00032913 0.0679619 0.00220269 0.0439299 9.62835e-08 5.35961e-06 0.0044005 
0.00167898 0.359804 0.000234778 0.00770789 0.0638873 0.152174 2.32061e-05 0.147071 0.0567293 0.000120586 0.000619111 0.00886978 0.0254402 0.0038075 0.140767 0.000214419 4.90317e-06 0.0308468 
0.211651 0.262955 0.000160286 0.0321643 0.00661357 0.0149876 7.36101e-05 0.0038201 0.00892908 0.000202078 0.0108832 0.0440151 0.0402306 0.111546 0.0189723 0.231975 0.000132924 0.000687755 
0.020516 0.195174 0.00570446 0.0365848 0.155933 0.158029 5.4499e-05 0.0362216 0.00828997 0.000797752 0.0032128 0.0223723 0.0844177 0.026163 0.174645 0.00588395 0.00283122 0.0631694 
0.00411731 0.454615 4.25978e-05 0.0615558 0.0163174 0.00205349 4.8222e-06 0.00922426 0.000390339 0.000100159 0.000326209 0.0190534 0.0194436 0.0193127 0.390614 5.88866e-05 0.0016219 0.00114809 
6.03431e-07 0.355884 0.00032104 0.0126436 0.334408 0.127958 9.10893e-09 0.0157319 0.000449789 6.95001e-09 0.0180644 0.0370326 0.0109654 0.00795698 0.0763889 7.4894e-05 0.00211714 2.21539e-06 
0.000793788 0.593183 0.000133116 0.0416165 0.0203441 0.00278308 2.12574e-10 0.041173 0.000473308 0.000356836 0.0198857 0.0181066 0.0851208 0.00135367 0.163823 5.47106e-05 0.0105252 0.000273836 
0.000115604 0.534637 0.00258936 0.0179729 0.0514906 0.0234871 5.74315e-08 0.0237107 0.000895052 0.000451181 0.0010483 0.0604639 0.211135 0.00160618 0.0511808 0.000159034 0.000700124 0.0183567 
0.00591354 0.35941 0.0423261 0.125582 0.0141233 0.00537114 5.46392e-05 0.00926292 0.000106149 0.11841 6.93004e-05 0.0499576 0.100477 0.000309806 0.0176266 1.42777e-05 6.87373e-06 0.150979 
0.0043166 0.331905 8.17493e-06 0.0458409 0.0423253 0.319217 2.9836e-08 0.0546125 0.0668743 3.41744e-06 0.029637 0.0909215 0.00297045 0.00304864 0.00467351 0.00224497 2.85196e-06 0.00139792 
0.0183507 0.638961 4.90427e-09 0.0548293 0.0166544 0.0242831 9.4138e-06 0.0918602 0.00367167 2.52407e-07 0.016703 0.057892 0.0139269 0.0253221 0.0373174 4.91357e-05 0.000169556 1.97239e-09 
0.00281531 0.477675 9.00868e-05 0.165605 0.00895073 0.000133959 8.59148e-07 0.0605856 2.54567e-05 0.000114913 0.00143998 0.00484454 0.0488915 0.00793045 0.21954 5.17021e-06 0.000250317 0.00110062 
0.00618695 0.391061 0.00541608 0.223007 0.126553 8.15113e-05 4.57958e-10 0.0334332 0.000164123 2.45637e-05 0.00585362 0.0853431 0.0640228 0.0120281 0.0462482 2.70615e-05 5.03358e-05 0.000499809 
0.00945156 0.727493 2.00812e-05 0.0429768 0.0034603 0.0255305 7.50295e-06 0.0085781 0.000484197 0.000890302 0.136436 0.00748214 0.0208487 0.0003615 0.0146665 0.000130189 1.39806e-05 0.00116856 
0.0010695 0.773444 0.0105802 0.0180631 0.014131 0.0231618 6.69597e-07 0.0298562 0.00649686 0.000329533 0.0016833 0.00798047 0.0155016 0.0073365 0.0820078 3.1435e-05 0.00615349 0.00217306 
0.00122693 0.344659 0.00208145 0.00781873 0.034968 0.0291221 6.81593e-08 0.104511 0.030351 1.68712e-05 0.229219 0.0337876 0.0658635 0.00198208 0.106682 8.28729e-05 0.000149912 0.0074785 
0.000237591 0.489435 7.29814e-05 1.19077e-07 2.36075e-07 0.100163 0.337329 0.00570758 0.000902529 0.0658459 1.20855e-06 0.000165874 4.43145e-05 3.49704e-07 8.98646e-08 8.57974e-05 1.77549e-07 9.18515e-06 
0.00751332 0.277493 0.00151375 0.029952 0.0284215 0.0113996 0.000615745 0.0173386 0.00109021 0.00224817 0.00390279 0.0181119 0.0760904 0.0301399 0.220079 0.000532994 0.26299 0.0105678 
6.79013e-05 0.4913 2.72614e-08 0.0101815 0.000951202 0.0359549 1.18459e-05 0.000198118 6.3566e-05 0.00160531 3.83853e-05 0.000546368 0.292744 0.0560828 0.105799 2.4982e-05 0.00440899 2.09991e-05 
4.97626e-06 0.837555 8.58756e-08 0.00163615 0.0277453 0.0578161 1.10095e-09 0.000296748 0.00260668 5.38681e-08 0.000352841 0.000100485 0.00859775 0.00268751 0.0605647 2.77185e-09 3.48875e-05 3.12914e-07 
0.00502823 0.817779 2.50593e-08 0.020296 0.00155524 0.00138092 1.60624e-06 0.0377161 9.69235e-06 1.89129e-07 0.000355611 0.0011494 0.0108298 0.000929995 0.0595679 2.61347e-08 0.000220309 0.0431798 
0.00872776 0.296921 0.000139702 0.140648 0.0406317 0.0051047 0.000115335 0.0233096 0.000177265 0.0293853 0.00210176 0.0095093 0.296683 0.0438944 0.0952728 0.000310328 0.000314448 0.0067538 
0.0047624 0.404276 0.00016763 0.190132 0.0141107 4.33815e-05 1.51178e-07 0.0830269 2.6151e-05 0.000160906 0.00231836 0.00777542 0.0428496 0.00255736 0.245689 9.33822e-06 4.08689e-05 0.00205328 
0.00729085 0.521353 0.000414703 0.10989 0.0154377 0.0283767 4.60206e-06 0.0311896 0.000443418 4.57707e-05 0.00171166 0.00415276 0.132409 0.0161796 0.128117 7.2099e-05 7.29258e-05 0.00283851 
0.000437289 0.534964 0.00154966 0.0221925 0.0042819 0.00604207 3.08112e-06 0.0127368 0.0108251 0.00148534 0.0160777 0.0567731 0.175842 0.00385512 0.143336 0.000151703 0.00643329 0.00301251 
0.0667884 0.394941 0.00112993 0.0183925 0.0119689 0.0011379 4.61342e-05 0.233507 1.80873e-05 0.000161902 0.000474879 0.0290403 0.124479 0.000885657 0.112953 0.000121597 0.000202801 0.00375135 
0.0232891 0.517174 0.00144992 0.0729451 0.0246285 0.0121738 3.04796e-07 0.158861 0.00354804 0.000845393 0.00292584 0.0832204 0.0585098 0.00244579 0.0337835 2.99698e-05 0.000189995 0.0039795 
0.00791182 0.451096 0.00250704 0.0158803 0.148852 0.0223379 1.91538e-05 0.0345205 0.000430106 0.00206867 0.00940451 0.0592142 0.183315 0.000682266 0.0479525 1.04283e-05 0.00642878 0.00736925 
0.0114985 0.223864 0.00785462 0.135682 0.124548 0.0700904 0.000194589 0.0928633 0.00649607 0.00915606 0.00539393 0.0314782 0.113537 0.00170829 0.0651302 0.000138015 0.0111505 0.0892162 
0.000315766 0.33718 0.000390471 0.0814183 0.00430697 0.00993891 0.000181444 0.0246647 3.96944e-06 2.12634e-05 0.0304731 0.0947922 0.115991 0.0340503 0.154479 0.000171388 0.00167379 0.109948 
0.00478053 0.636688 0.00464857 0.0345074 0.00674474 0.00386208 1.22465e-07 0.0305519 0.000965264 0.00710136 0.0204972 0.0319427 0.0623104 0.001755 0.141092 6.64543e-05 0.0117723 0.000714022 
0.000503177 0.401931 9.14876e-05 0.222627 0.0420379 0.0147917 2.64778e-06 0.0262746 0.000539205 0.000174422 0.00135667 0.0229745 0.102581 0.00142911 0.125659 0.000213828 0.0201492 0.0166635 
1.14409e-08 0.943375 2.78149e-05 3.51993e-09 9.98451e-06 9.71424e-05 3.61687e-08 0.0564765 2.6588e-08 2.75963e-08 1.82464e-08 3.95159e-09 9.35366e-06 3.155e-06 2.6564e-09 6.87827e-09 5.24835e-09 4.60393e-07 
0.0134679 0.342893 8.36952e-05 0.0221075 0.044503 0.0702778 0.000135918 0.000334224 0.00146928 0.000124046 0.0109077 0.019058 0.0290749 0.19716 0.189923 0.00840115 0.0498608 0.00021768 
0.000279815 0.361355 9.1247e-06 0.0366465 0.105065 0.101529 5.89287e-06 0.0285436 6.8511e-05 0.00328131 4.10322e-05 0.0280754 0.0356438 0.0389463 0.231599 0.000763366 0.0117969 0.0163497 
2.52164e-08 0.359326 2.338e-05 0.00355701 0.0225237 0.0044161 1.41157e-05 0.227158 0.000111337 6.08242e-08 0.00688612 0.129546 0.189015 5.83964e-05 0.0416214 0.00175306 0.00538499 0.0086056 
3.2882e-05 0.864865 2.84973e-12 0.000228166 6.73527e-09 9.47052e-10 6.88002e-12 7.30249e-13 7.1227e-09 6.73129e-09 1.17577e-09 7.36337e-09 0.000498308 0.0156509 0.118723 1.90471e-06 2.11555e-09 1.1461e-12 
0.0002518 0.501497 8.67336e-05 0.0869349 0.00048812 0.00133267 1.00811e-06 0.149308 3.85753e-05 1.41878e-05 4.01921e-05 0.0140994 0.0104247 0.0584526 0.172897 7.19159e-07 0.0015858 0.00254612 
0.00184119 0.729658 3.40088e-05 0.0171553 0.00489119 0.00284493 1.75806e-08 0.00515878 8.97485e-05 0.00976463 0.000292375 0.00182965 0.049526 0.0560324 0.119963 0.0001612 7.36471e-05 0.000683877 
0.00487209 0.717399 0.00408737 2.34177e-07 0.0133713 0.102003 2.40626e-06 0.00477627 0.0134452 0.0671977 0.00679912 0.0216365 1.31947e-07 0.0140991 0.0229217 4.57603e-07 0.00289844 0.00448984 
0.0625877 0.622469 0.00105247 0.0401676 0.0275935 0.00375313 9.21822e-06 0.0515615 0.000216335 0.00109909 0.0141773 0.0201164 0.0870458 0.00258524 0.0632283 9.81027e-05 5.08451e-06 0.00223404 
4.97626e-06 0.837555 8.58756e-08 0.00163615 0.0277453 0.0578161 1.10095e-09 0.000296748 0.00260668 5.38681e-08 0.000352841 0.000100485 0.00859775 0.00268751 0.0605647 2.77185e-09 3.48875e-05 3.12914e-07 
0.0019205 0.526541 0.0027615 0.0446125 0.00199786 0.000808562 2.13245e-05 0.0478601 5.16629e-05 0.000117226 0.000759268 0.114225 0.0739048 0.00589269 0.170787 0.00149461 0.00112443 0.00511938 
0.0055591 0.266322 7.88083e-05 0.060179 0.0363533 0.213146 0.000330773 0.0292053 0.0154135 0.00479424 0.00163909 0.0654222 0.108747 0.0331103 0.12515 0.000437414 0.0322511 0.0018612 
0.00204085 0.681046 0.0016559 0.119114 0.000177313 1.66693e-05 4.85831e-08 0.10982 3.84465e-05 2.15313e-05 0.000861909 0.000335691 0.00666027 2.27074e-06 0.0256803 6.5808e-07 1.89131e-05 0.0525088 
0.000869635 0.368054 0.026229 0.0095486 0.0530171 0.11402 0.000112321 0.00731278 0.00426644 0.00794163 0.00457039 0.330394 0.00483375 0.00520495 0.0552175 0.000620312 2.7388e-05 0.00776043 
5.53037e-11 0.398205 0.000209608 0.00505842 0.00294765 0.0962758 5.77344e-09 0.0925768 0.00629442 0.0174139 0.0325298 0.249363 0.0309227 0.000735425 0.0634323 0.00106293 7.5354e-08 0.0029724 
0.0133184 0.221532 0.00609992 0.137909 0.0387551 0.0120395 5.49842e-06 0.0415009 0.00470643 0.00273512 0.0739272 0.0333845 0.128776 0.0205136 0.172515 0.00362134 0.023816 0.0648432 
0.0190964 0.652482 7.88333e-05 0.0433011 0.0100437 0.00195073 9.20779e-06 0.0435697 0.00056118 0.0018448 0.00156403 0.0216154 0.0544635 0.00455003 0.120994 9.33369e-05 0.00750594 0.0162759 
0.000697535 0.700195 3.71096e-06 0.041386 0.00190969 0.000609243 5.35209e-07 0.0213289 3.60438e-05 0.00746782 0.00030218 0.00757391 0.145215 0.0022618 0.0703843 5.59197e-05 0.000544716 2.85468e-05 
0.00132147 0.41992 5.94555e-08 0.0248235 0.0111725 0.061058 2.97634e-08 0.00663671 0.00205708 0.00578565 0.0186559 0.00351425 0.0863127 0.0353463 0.322589 1.89413e-07 0.00080722 1.08572e-07 
4.40201e-06 0.857949 1.7077e-07 0.00923095 0.0137372 0.00107546 6.58039e-10 0.000707335 1.7922e-05 2.83381e-05 9.4247e-05 0.0051401 0.0309319 0.000540466 0.069074 1.2514e-10 0.0114684 1.85886e-07 
0.00576518 0.613032 0.000156522 0.0611453 0.0207737 0.00383043 8.73684e-06 0.0137182 0.0013449 0.000186309 0.00076728 0.0278 0.036288 0.00307815 0.209044 0.000138723 0.000780886 0.00214162 
6.3484e-05 0.49944 0.173961 0.0214415 0.0155464 0.00330986 1.77607e-05 0.151004 1.18038e-05 0.000678846 4.79724e-06 0.0201422 0.0228617 0.000448523 0.043216 8.9006e-05 0.000143257 0.0476189 
4.72251e-05 0.76755 0.000112646 0.00184979 0.0751818 0.0264635 6.48985e-06 0.00329233 6.40164e-06 0.0254695 0.000137879 0.000280576 0.0305596 0.00265259 0.0626907 2.98649e-07 0.00059231 0.00310609 
0.000660667 0.256445 6.53485e-05 0.038604 0.212266 0.220739 5.82713e-08 0.0139555 0.00179144 0.000169877 0.00437046 0.00974759 0.0584952 0.0103611 0.152695 5.35966e-05 0.0189308 0.000649127 
0.000227657 0.633154 0.0861619 0.00441664 0.000627899 0.000461564 1.48824e-09 0.197783 0.0100594 0.000372272 1.60963e-06 0.0128883 0.044742 0.000232458 0.00823538 0.000116429 6.42045e-06 0.000513105 
0.211651 0.262955 0.000160286 0.0321643 0.00661357 0.0149876 7.36101e-05 0.0038201 0.00892908 0.000202078 0.0108832 0.0440151 0.0402306 0.111546 0.0189723 0.231975 0.000132924 0.000687755 
0.00345398 0.313414 0.00135429 0.0578162 0.0694879 0.0092571 7.22991e-06 0.149319 0.0113397 0.00122036 0.0296579 0.0862144 0.130494 0.0020476 0.0660362 0.0523156 0.00389665 0.0126674 
0.0223811 0.628725 6.79072e-05 0.0776753 0.0301767 0.00648105 3.70105e-05 0.0153097 0.000362322 0.000230445 0.00101679 0.0163953 0.0742458 0.00616951 0.117575 0.000402401 0.000226312 0.00252218 
0.00157865 0.246896 0.026475 0.0700211 0.0801274 0.048765 3.86793e-07 0.0233436 0.0474664 0.000558289 0.00161532 0.0580096 0.151289 0.0418266 0.173265 1.14129e-05 0.00361284 0.0251383 
0.00120375 0.253318 1.25432e-06 0.247344 0.0048179 3.78366e-05 6.08711e-10 0.150101 2.27098e-05 2.42992e-05 0.10141 0.010873 0.200522 0.00136997 0.0274627 3.22241e-06 4.6912e-05 0.00144145 
0.0239616 0.500256 3.5177e-06 0.0156885 0.00332475 0.00313864 2.31001e-05 0.0275906 6.4672e-05 0.000239204 0.0247979 0.182521 0.156383 0.000763778 0.0505167 1.1784e-05 0.00257561 0.00813975 
0.000454868 0.790496 0.000173758 0.00682092 0.01242 0.00918503 1.66612e-08 0.00472159 0.000215869 0.000214272 0.000516712 0.000129089 0.0131193 0.0048063 0.15663 6.2466e-10 9.60506e-05 1.71714e-07 
1.90942e-06 0.998391 2.50029e-06 5.87459e-07 1.16466e-06 0.00024012 6.03638e-06 6.40705e-07 4.43741e-06 4.6057e-06 3.04524e-06 6.59502e-07 3.31004e-07 1.72524e-06 0.00133818 1.14795e-06 8.75925e-07 1.00556e-06 
0.0106144 0.511241 4.3887e-07 1.03115e-07 0.149209 0.00046108 1.05955e-06 0.0764094 9.24511e-05 1.38834e-06 0.00348588 5.2966e-06 0.0352476 0.000218287 0.212839 3.73183e-06 0.000169601 1.76504e-07 
0.00058401 0.84852 0.000189142 0.00267515 0.00333117 0.0262563 8.89399e-09 0.0240123 0.0568308 9.11301e-05 0.00657051 0.00264226 0.00297615 0.000228182 0.00893571 4.2648e-05 0.000131866 0.015983 
0.000449073 0.772891 0.000340254 0.00494553 0.00400156 0.0139149 3.5189e-06 0.0303998 0.000251906 0.000467585 0.00212288 0.0376942 0.103474 0.000945988 0.0186802 4.08699e-05 0.00212287 0.00725394 
5.59288e-09 0.706582 6.09525e-12 0.00022819 1.1604e-08 3.26599e-12 1.47156e-11 1.56192e-12 1.08176e-11 1.15988e-08 7.42374e-12 1.60775e-12 5.95117e-05 0.00217256 0.290958 5.62745e-10 3.64507e-09 2.45137e-12 
5.6701e-07 0.377323 1.86522e-07 1.48894e-06 0.0935602 0.1791 8.49496e-11 0.0641287 0.0318419 0.00103904 2.27177e-07 0.0444875 0.0535851 3.03249e-06 0.0436582 0.0546917 1.78751e-07 0.0565782 
0.211651 0.262955 0.000160286 0.0321643 0.00661357 0.0149876 7.36101e-05 0.0038201 0.00892908 0.000202078 0.0108832 0.0440151 0.0402306 0.111546 0.0189723 0.231975 0.000132924 0.000687755 
0.0115549 0.237993 0.00491308 0.0110934 0.0517113 0.0925817 2.25379e-06 0.0456401 0.00305493 0.0193195 0.121345 0.0174471 0.130087 0.0207691 0.202501 8.42969e-05 0.0247443 0.00515692 
1.69084e-07 0.504527 0.00110928 0.0714522 0.0237473 0.0599553 9.41226e-07 0.00850266 2.10354e-05 3.79746e-07 9.04804e-06 0.0119563 0.0450314 0.0830586 0.172549 3.91016e-07 0.000119102 0.0179605 
0.000298499 0.639152 0.00110349 0.00987493 0.141842 0.00986035 0.000337471 0.00103937 0.000360106 0.00123648 0.00356685 0.00168619 0.0802004 0.0928781 0.00240135 0.000173018 0.000528418 0.0134602 
0.00623424 0.789162 3.14373e-06 0.0141843 0.0763358 0.0044362 8.21998e-08 0.00744411 0.000909419 1.42712e-07 0.000216678 0.0128516 0.0158192 0.00158413 0.0675726 2.42094e-05 3.86674e-06 0.00321844 
0.00400304 0.425174 0.00206222 0.00065799 0.0518327 0.0979341 1.29855e-06 0.0750909 0.0138099 0.0287012 0.0027894 0.0273761 0.0604209 0.0136794 0.18999 2.16228e-06 0.000986977 0.00548742 
0.0148977 0.485372 2.95653e-06 0.111046 0.00260352 0.122388 7.42199e-06 0.010699 0.000175844 1.60908e-05 0.00296943 0.00478919 0.19138 0.000198159 0.0261803 3.53413e-07 0.0223727 0.00490198 
0.000453028 0.363118 0.0614292 0.0144036 0.00220343 0.0279041 4.20345e-05 0.164442 0.00421759 0.000351564 0.00568479 0.236525 0.041639 0.00267279 0.0298695 0.00183508 0.00868067 0.0345287 
0.00632365 0.493927 0.0665871 0.0880759 0.010809 0.00152569 0.000101954 0.0989514 7.52066e-05 0.0007987 0.00143132 0.132812 0.0269247 0.00410393 0.0185014 4.40989e-05 0.00179987 0.0472071 
0.00324593 0.486949 0.000146196 0.0036449 0.00806807 0.0230039 5.06659e-07 0.0992202 0.0514372 5.68099e-05 0.00514942 0.29078 0.0132094 0.00266167 0.010582 0.00132115 5.88473e-05 0.000465175 
3.11691e-09 0.728175 2.64511e-05 0.00407331 0.00193916 0.0156416 9.85369e-09 7.9044e-05 9.93872e-07 6.92427e-05 1.04616e-05 9.88223e-05 0.0203994 0.0477105 0.181251 6.33206e-08 0.000472928 5.18497e-05 
0.0237921 0.395265 7.61811e-08 0.341876 0.0123904 0.000688428 5.28477e-08 0.00958271 5.10637e-05 9.20644e-07 0.00402088 0.00562454 0.112287 0.000364102 0.0937629 3.15178e-06 7.92021e-06 0.000282439 
6.5644e-06 0.708518 5.76389e-05 0.0431137 0.00607657 0.0541418 5.80168e-06 0.0358267 8.10744e-06 0.00130334 0.0115431 0.00128104 0.00423036 0.00361615 0.0167595 0.0252693 1.99371e-05 0.0882228 
1.10398e-06 0.619984 1.27915e-05 0.184485 0.0305439 0.00297992 1.76306e-06 0.022345 0.00118293 0.00478264 7.73448e-07 0.000976652 0.00795795 0.00118601 0.10722 0.0126035 0.00124457 0.00249144 
8.72335e-07 0.897951 5.69001e-06 0.00333284 0.000302773 0.00026164 1.67817e-07 0.00360879 5.31879e-10 3.55935e-06 0.00462082 4.64874e-07 0.00724288 0.00895492 0.0716679 1.37596e-10 0.000823009 0.00122219 
