0.0183192 0.503115 0.000125946 0.00796738 0.00551993 0.00230337 2.90042e-08 0.0757526 0.00466389 4.68156e-05 0.0602084 0.0889973 0.124221 0.00362398 0.0738927 0.000279901 0.000668445 0.0302947 
0.016054 0.619103 0.000439017 0.0428912 0.0468644 0.0327267 4.97509e-06 0.0193006 0.0228012 0.00310047 0.0195077 0.00510615 0.0422751 0.0064933 0.120723 0.000472704 0.000254544 0.00188179 
0.00172051 0.718965 0.000108851 0.000669227 0.00779045 0.00744422 2.77348e-07 0.007826 0.000311295 0.0418558 0.00635013 0.00296244 0.00998157 0.0803062 0.111645 0.000986728 9.11241e-06 0.00106789 
0.032605 0.398289 0.000863634 0.0701251 0.020801 0.0175752 6.41737e-05 0.0169959 0.00272761 0.000957912 0.00738046 0.00960183 0.209059 0.0377718 0.0813767 9.69698e-05 0.0118256 0.0818833 
0.211651 0.262955 0.000160286 0.0321643 0.00661357 0.0149876 7.36101e-05 0.0038201 0.00892908 0.000202078 0.0108832 0.0440151 0.0402306 0.111546 0.0189723 0.231975 0.000132924 0.000687755 
0.00817326 0.467868 0.000112051 0.0897226 0.0311604 0.00574557 1.30978e-05 0.0205773 0.00109021 0.000279442 0.000910932 0.0416999 0.0501898 0.00437942 0.273849 0.000164367 0.000851932 0.00321239 
0.00179256 0.4587 5.85664e-07 0.26572 0.0488875 0.00995725 9.48713e-08 0.0104574 0.0113015 0.00239952 0.00188019 0.0195896 0.0133827 0.00337932 0.11383 0.000108963 0.0122834 0.026329 
0.00299281 0.338129 0.110806 0.0590912 0.0081437 0.00237672 1.23939e-05 0.119224 3.87945e-05 7.63082e-05 0.00442856 0.0818345 0.0200755 0.000506127 0.0187772 4.80091e-06 0.00226745 0.231216 
0.00198802 0.326257 0.0582496 0.0214992 0.00956169 0.0208005 1.10283e-05 0.168915 0.00168721 0.00160209 0.00150383 0.0552787 0.0348581 0.00451863 0.263608 0.00292486 0.000637508 0.0260994 
0.00426443 0.44035 0.00365469 0.117197 0.00757698 0.0177052 3.30962e-06 0.0769853 0.00152453 0.00936032 0.00539875 0.198205 0.0437142 0.00170374 0.0538188 0.0157928 4.98733e-06 0.00274009 
0.00145967 0.450626 8.00534e-05 0.0312685 0.0185693 0.0201219 5.48131e-06 0.0576261 0.00176766 2.96106e-05 0.00986971 0.0162084 0.0500027 0.140538 0.193285 4.01033e-08 0.00147243 0.00706884 
0.000173865 0.276567 0.000493324 0.252885 0.024328 0.000518477 8.37194e-06 0.0895667 0.00031828 9.72777e-05 0.0214105 0.00181343 0.114531 0.00206054 0.1399 0.00776537 0.00257202 0.0649907 
4.61306e-06 0.931645 3.10543e-05 0.0022375 0.000219815 0.000183151 9.21104e-07 0.00243394 2.91518e-08 1.94438e-05 0.00314373 2.53983e-06 0.00484768 0.0060108 0.0478333 7.54152e-09 0.000557076 0.000828948 
0.0500572 0.337481 0.00121628 0.00969534 0.107075 0.0920949 3.84871e-05 0.0576369 0.00389015 0.0472602 0.00770454 0.0309165 0.0807916 0.00695064 0.153264 2.02188e-06 0.000144227 0.0137817 
1.72106e-06 0.460275 0.0498197 0.102063 0.0135028 0.0102309 5.45739e-08 0.0568382 0.00512356 5.28098e-07 1.54856e-06 0.0797956 0.152257 5.14699e-07 0.0507538 8.33403e-05 0.0173601 0.00189257 
1.4264e-07 0.750393 2.10656e-07 0.018586 0.0329455 1.58349e-07 8.73162e-10 0.0342798 1.92909e-07 9.77281e-05 0.00219324 0.00228338 0.075212 3.53985e-07 0.0837069 1.66051e-10 0.000300288 7.15197e-07 
0.000379123 0.252404 0.000354156 0.041767 0.0269352 0.116117 1.26873e-06 0.163413 0.0808472 5.45176e-07 0.00665932 0.140994 0.0435526 0.000232438 0.105254 0.0157665 1.77067e-05 0.00530484 
0.00576518 0.613032 0.000156522 0.0611453 0.0207737 0.00383043 8.73684e-06 0.0137182 0.0013449 0.000186309 0.00076728 0.0278 0.036288 0.00307815 0.209044 0.000138723 0.000780886 0.00214162 
0.0190964 0.652482 7.88333e-05 0.0433011 0.0100437 0.00195073 9.20779e-06 0.0435697 0.00056118 0.0018448 0.00156403 0.0216154 0.0544635 0.00455003 0.120994 9.33369e-05 0.00750594 0.0162759 
0.00237663 0.244576 0.00270728 0.117431 0.00874469 0.0142603 1.07177e-05 0.0844354 3.94796e-05 3.95801e-06 0.00123794 0.011985 0.23564 0.0389097 0.0957393 1.08487e-06 0.0467752 0.0951271 
0.00405719 0.228361 0.00551764 0.116574 0.0367504 0.135878 2.54916e-05 0.0567026 0.00116742 0.00525501 0.00325592 0.0174499 0.156708 0.00638501 0.0362011 0.00131408 0.0196175 0.16878 
0.00326879 0.405171 0.0411388 0.122312 0.011895 0.00986031 2.95669e-05 0.0443711 9.12829e-05 9.36861e-05 0.00212665 0.00998078 0.0278917 0.00647032 0.213574 4.76459e-05 0.000267678 0.10141 
1.04266e-07 0.734456 1.19754e-11 6.12824e-07 0.00114736 6.41671e-12 2.89118e-11 3.06871e-12 2.12534e-11 2.16205e-07 3.93953e-08 5.37302e-09 2.21954e-07 0.00144955 0.262946 1.04521e-08 6.79685e-08 4.81622e-12 
0.00153396 0.717487 0.0565853 0.0313611 0.00363362 0.000233709 1.33627e-05 0.107825 8.32855e-05 0.000624104 0.0011589 0.016159 0.0123666 0.00600856 0.0287077 6.11938e-06 0.000785952 0.0154267 
0.000231078 0.692505 0.00526437 0.00690201 0.0253584 0.013625 4.66817e-06 0.0179991 0.00301331 0.00031525 0.00369757 0.00504903 0.0548404 0.00840233 0.136427 0.000149755 0.0154772 0.0107392 
0.00022642 0.631832 0.000869078 0.00984022 0.00149538 0.0406935 5.68255e-06 0.00186191 0.0236095 0.000281938 0.000234848 0.00282823 0.0263281 0.0197038 0.235435 0.000267216 0.00336054 0.00112609 
0.00317549 0.5953 0.000477685 0.0887425 0.0277169 1.6822e-05 2.20408e-05 0.00658934 4.2629e-05 7.97733e-05 0.00140051 0.000861752 0.223144 0.00111287 0.0484645 9.15713e-06 0.00104222 0.00180224 
1.0149e-07 0.514841 0.0834183 0.0211491 0.0685422 0.0558603 7.14278e-05 0.0138467 0.000250165 0.000188888 1.12624e-05 0.0575976 0.0130556 0.0679414 0.0898966 1.39594e-06 0.00928261 0.00404549 
0.000650902 0.418278 5.40123e-05 0.000418703 0.0671143 0.0795326 6.33135e-05 0.012239 0.00445533 2.43241e-05 2.1423e-06 0.00783465 0.084561 0.0196177 0.29833 0.000244966 3.28933e-05 0.00654617 
0.118548 0.285113 3.20271e-05 0.201893 3.20371e-05 0.0769179 3.20001e-05 3.20411e-05 3.20122e-05 0.13768 3.20228e-05 3.20409e-05 0.108979 3.20328e-05 3.20426e-05 3.20372e-05 0.0064399 0.0641089 
0.00344085 0.538983 0.0581594 0.0592386 0.00583052 0.000876229 5.02964e-05 0.143102 0.000199714 0.00093738 0.0018168 0.0545528 0.0224233 0.0193334 0.0498222 0.000358602 0.0012668 0.0396084 
1.90895e-05 0.57211 1.68885e-09 0.123265 0.151714 7.80963e-05 4.07735e-09 0.112512 2.54801e-05 4.0757e-05 0.0104763 1.34535e-05 0.0297391 1.16534e-09 2.9946e-10 3.88473e-07 1.12474e-06 5.36649e-06 
0.00291647 0.565192 0.000745931 0.0965844 0.0144605 0.00050613 4.7508e-07 0.112987 0.000119398 3.11702e-05 0.0025222 0.0530553 0.0440823 0.00206742 0.0864333 5.48014e-06 0.000129847 0.0181609 
0.0340682 0.252938 0.000442718 0.0881343 0.00985396 0.00550082 3.47432e-07 0.0132931 0.00761314 0.140349 0.0025443 0.0407972 0.190879 0.000283176 0.205503 0.00250452 0.00342479 0.00186957 
0.00623424 0.789162 3.14373e-06 0.0141843 0.0763358 0.0044362 8.21998e-08 0.00744411 0.000909419 1.42712e-07 0.000216678 0.0128516 0.0158192 0.00158413 0.0675726 2.42094e-05 3.86674e-06 0.00321844 
0.00338256 0.385208 0.0056119 0.24694 0.0413939 0.0115354 9.9229e-05 0.0438474 0.000818078 0.00053241 0.00111834 0.0661438 0.0964425 0.0315659 0.0517367 0.000637175 0.00276587 0.0102206 
0.000403603 0.807668 1.03828e-08 0.00360804 0.00106983 0.0220717 0.000852304 0.0001921 0.000117952 0.000824347 0.147625 0.000463935 0.00502685 0.00153532 0.00241342 0.000362777 0.00555725 0.000207539 
0.00411057 0.602234 0.000188497 0.0681985 0.01206 0.00862399 2.15575e-07 0.0547949 2.59895e-05 0.000377803 0.00500835 0.0577038 0.138863 0.000673435 0.0221112 5.11023e-05 0.00195861 0.0230163 
0.00995879 0.230407 0.000242085 0.177826 0.00973054 0.00192696 8.49752e-07 0.0145857 0.00195322 0.052238 0.00222561 0.0179176 0.221231 0.00109982 0.196603 4.58072e-05 0.00567553 0.0563324 
0.00313447 0.491172 0.000104492 0.00401398 0.0157585 0.00526943 3.2974e-09 0.00166797 3.501e-05 0.00307123 7.44925e-06 0.000115754 0.0137838 0.0046955 0.455755 5.11235e-07 0.000483274 0.000931502 
4.25936e-09 0.580545 3.25543e-05 0.0869637 0.00929661 0.00316815 1.34654e-08 0.0764284 6.00032e-07 1.60016e-05 0.000585921 0.00559078 0.235982 3.84851e-09 0.00136314 2.51672e-07 1.95393e-09 2.69855e-05 
0.000521652 0.378878 9.53107e-05 0.231594 0.0438076 0.0154141 2.7306e-06 0.0268366 0.000561031 0.000181737 0.00139263 0.0239418 0.106778 0.00148925 0.13025 0.000222812 0.0209956 0.0170373 
0.00216097 0.322249 0.0922066 0.0733821 0.00738401 0.00280162 4.71057e-05 0.212497 0.000115941 0.000791621 0.00264799 0.158547 0.0411103 0.0176048 0.0253504 0.00373812 0.00281452 0.034551 
0.000250726 0.55949 0.00200755 0.0257465 0.0314406 0.0563646 0.0246545 0.0279349 0.00167086 2.40281e-05 0.000850303 0.0493881 0.0552213 0.00913802 0.108098 0.000437331 0.000317658 0.0469649 
0.0175078 0.335448 0.00595279 0.0209945 0.0264046 0.150213 3.04044e-06 0.0329152 0.00110951 0.0171964 0.0146334 0.028511 0.110434 5.33898e-05 0.12171 0.0002468 0.0184831 0.0981831 
0.000600569 0.451201 1.95547e-05 0.00472018 0.01771 0.0432341 2.36488e-05 0.0299006 0.00084123 0.00101583 0.026889 0.0483782 0.213367 0.0204869 0.137687 1.56591e-05 0.00346798 0.000441325 
0.00117085 0.442479 0.000139499 0.0703225 0.0103146 0.00344384 9.62279e-07 0.0389394 1.94762e-06 0.000112702 0.00793027 0.0286266 0.303008 0.0158172 0.0759201 2.92845e-05 0.00152293 0.000220963 
0.211651 0.262955 0.000160286 0.0321643 0.00661357 0.0149876 7.36101e-05 0.0038201 0.00892908 0.000202078 0.0108832 0.0440151 0.0402306 0.111546 0.0189723 0.231975 0.000132924 0.000687755 
0.00248311 0.41053 2.51759e-05 0.134909 0.0152294 0.00203282 4.16541e-07 0.00426304 6.86403e-05 0.000478618 0.000948408 0.0177751 0.338114 0.0264859 0.0367232 0.000121196 0.00380646 0.00600621 
1.71181e-05 0.373191 0.368005 0.044538 0.0821983 0.0325458 1.71013e-05 0.00172945 1.71078e-05 1.71071e-05 1.71135e-05 1.71232e-05 0.0239913 0.0633566 1.71241e-05 1.71212e-05 0.0102905 1.71217e-05 
9.88388e-12 0.413045 1.29424e-11 0.308713 0.00612154 7.52445e-06 3.12466e-11 0.00562599 2.29697e-11 2.38408e-11 1.8511e-09 0.00160843 0.0680476 0.000151833 0.129417 5.41689e-10 0.00493903 0.0623229 
0.00214359 0.588121 0.0039147 0.0966625 0.0957899 0.00857941 1.85886e-06 0.0488115 3.9987e-06 4.85547e-05 8.28592e-07 0.00988843 0.0612079 7.75627e-05 0.0640834 0.00230855 0.0028305 0.0155255 
8.04515e-06 0.533351 0.000346608 2.49973e-05 0.0449978 0.0523846 3.33444e-06 0.0461836 0.00434575 0.00107099 0.022275 0.120552 0.144959 0.000701373 0.0242589 0.000129387 5.55028e-05 0.00435121 
0.00618695 0.391061 0.00541608 0.223007 0.126553 8.15113e-05 4.57958e-10 0.0334332 0.000164123 2.45637e-05 0.00585362 0.0853431 0.0640228 0.0120281 0.0462482 2.70615e-05 5.03358e-05 0.000499809 
0.081561 0.420991 0.000825721 0.105114 0.12784 0.00215544 1.46233e-06 0.0439067 6.92047e-05 0.000220875 0.000384323 0.0160861 0.12608 0.00321352 0.0710776 0.00029774 7.31352e-07 0.000175267 
0.102721 0.36283 0.00248178 0.0595951 0.0181833 0.0713687 2.16773e-05 0.00923839 9.32914e-05 0.0101017 0.0246554 0.0763234 0.117851 0.0126144 0.0623811 0.0121682 0.00251286 0.054859 
0.00138912 0.945568 0.00214336 0.00611363 0.013664 0.0014216 0.000112158 0.00229484 4.13271e-05 0.0017288 1.41101e-07 0.00045229 0.00341864 0.00797001 0.0108627 5.37222e-06 0.00125821 0.00155625 
0.00876468 0.519166 0.000829293 0.0593035 0.0366328 0.0905075 1.0853e-06 0.0121476 0.0149163 0.00820241 0.018927 0.0332146 0.0709717 0.00378579 0.117207 4.67873e-05 3.5738e-05 0.00534003 
0.0212512 0.668951 0.00730907 0.0777308 0.00213775 0.000845802 1.62957e-05 0.0512597 0.00111698 8.29532e-06 0.00066019 0.0497977 0.0180086 0.00182165 0.0854338 3.44301e-05 0.000434597 0.0131818 
0.000342644 0.521754 0.00485811 0.0409727 0.104521 0.00927296 1.30093e-06 0.0264372 0.000559489 0.000152856 0.00521149 0.00225436 0.0987067 0.011365 0.149588 3.73983e-05 0.0165581 0.00740645 
2.10687e-06 0.94042 0.000169709 9.86035e-05 0.000513254 0.000553126 6.66057e-06 7.06956e-07 0.00146169 5.08195e-06 3.36013e-06 0.00381357 0.0481532 1.90364e-06 0.00479364 1.26665e-06 9.665e-07 1.10954e-06 
0.000189455 0.501523 0.0702235 0.0478041 0.00937035 0.00414684 4.79456e-05 0.35915 0.00110976 2.40452e-06 1.58984e-06 0.00483938 0.000236454 0.000121538 0.000211604 8.78663e-05 0.000131978 0.000801769 
8.86556e-07 0.359802 0.000610361 0.000986605 0.309451 0.000784044 6.16339e-05 0.000267419 0.321192 0.00331974 0.000275123 0.000359535 0.000230274 8.01039e-07 0.00255084 5.33e-07 4.06697e-07 0.000107181 
0.109894 0.366235 6.11118e-05 0.106797 0.0387885 0.0464982 0.00021097 0.0895396 0.00174099 0.000941583 0.0307579 0.0164553 0.0293495 0.0419584 0.04345 0.0697413 0.000108296 0.00747295 
0.00315493 0.295516 0.0309455 0.117761 0.272258 0.0482467 4.18344e-10 0.0172637 8.37715e-07 3.19192e-10 2.22294e-07 0.0422175 0.0541163 0.00535016 0.102856 5.24024e-08 0.000322968 0.00998996 
0.00180093 0.773454 4.25022e-07 0.0103805 0.0142945 0.017835 6.33769e-05 0.00914446 0.00104943 0.00372739 9.28548e-06 0.0725437 0.0247523 2.38009e-06 0.0708098 0.000132546 4.11665e-10 4.7259e-10 
0.00400238 0.366996 1.45397e-05 0.0666413 0.0511973 0.020469 9.57443e-11 0.00835719 0.0026088 3.6475e-05 0.00418586 0.00806802 0.147466 0.00387161 0.269382 9.36144e-08 0.0248207 0.0218826 
0.000537023 0.78869 0.000130429 0.00737722 0.00239935 0.00776501 5.33396e-06 0.00169584 0.000573846 0.00294974 0.000880156 0.002574 0.014506 0.00666244 0.162201 0.000490862 7.13315e-05 0.000490944 
0.0010549 0.238258 0.0130364 0.0477615 0.0905834 0.00614257 2.89247e-06 0.0717061 0.000123402 0.000185231 0.00408345 0.0459836 0.235069 0.000173631 0.107274 1.76421e-05 0.006341 0.132204 
0.000660667 0.256445 6.53485e-05 0.038604 0.212266 0.220739 5.82713e-08 0.0139555 0.00179144 0.000169877 0.00437046 0.00974759 0.0584952 0.0103611 0.152695 5.35966e-05 0.0189308 0.000649127 
0.0252852 0.304018 0.000443401 0.128652 0.0145681 0.0535938 3.58165e-07 0.00680886 0.00365564 0.0986478 0.00254504 0.0206135 0.171892 0.000283398 0.164403 3.92918e-06 0.00271621 0.00187002 
0.00367051 0.379799 6.48026e-06 0.0816935 0.0131219 0.0233788 4.97348e-07 0.368066 0.0604675 0.000686712 0.0150215 0.0160629 0.0319279 6.24566e-07 0.00525592 0.000183109 7.69192e-06 0.000649179 
0.0336834 0.462425 0.00322755 0.0879126 0.0299322 0.0125469 2.40218e-06 0.0303692 0.000153927 0.0198503 0.00186982 0.0455145 0.105387 0.0608045 0.0870065 0.00497691 0.00983474 0.00450213 
5.62257e-05 0.400191 2.04962e-07 0.019699 0.013253 0.0233502 2.57535e-07 0.129177 0.00751638 0.00236722 2.95888e-06 0.0238099 0.0178916 0.0151851 0.33174 9.18912e-05 0.00189413 0.0137727 
0.0239616 0.500256 3.5177e-06 0.0156885 0.00332475 0.00313864 2.31001e-05 0.0275906 6.4672e-05 0.000239204 0.0247979 0.182521 0.156383 0.000763778 0.0505167 1.1784e-05 0.00257561 0.00813975 
0.10178 0.497842 0.000524643 0.125172 0.0190863 0.0173553 0.000566737 0.153045 0.000566295 8.98368e-06 0.000548985 0.00374036 0.0169968 0.00372271 0.0555123 1.00528e-05 5.51644e-06 0.00351526 
0.0061381 0.360924 0.00283887 0.0298843 0.128163 0.0658462 2.53986e-07 0.0612275 0.00024124 8.9337e-05 0.00630942 0.00546204 0.0418596 0.0187632 0.253528 0.000357589 0.000766873 0.017601 
0.000744076 0.430002 1.45027e-07 0.229476 0.0210437 0.000130612 1.43324e-06 0.00179934 1.44372e-05 6.33589e-05 7.25307e-05 0.00134521 0.245626 0.00328749 0.0662754 1.96733e-11 2.22792e-07 0.000117394 
0.000206946 0.851537 3.1448e-06 1.54592e-05 0.000301342 0.00106804 4.18688e-11 0.000188685 1.00558e-05 5.36615e-08 3.85308e-07 0.0149865 0.000543725 0.00756135 0.123299 7.92817e-06 9.80532e-06 0.000259746 
0.0280621 0.554974 0.000412793 0.0118236 0.00548708 0.00183883 3.62175e-06 0.0281375 0.000119168 0.00138885 0.0129329 0.193791 0.15008 0.000838277 0.00923086 1.47367e-05 3.76587e-05 0.000826963 
6.46946e-07 0.312653 0.000104627 0.115573 0.0131006 0.00751318 4.75832e-06 0.148426 0.000757007 0.000108906 5.81773e-05 0.0966762 0.126548 0.000475175 0.102596 1.68421e-05 0.00030379 0.0750842 
0.000446518 0.385477 9.8558e-05 0.0146638 0.0155513 0.00136141 0.0015075 0.168349 0.00302119 0.000200644 0.00564306 0.0413443 0.159906 0.00373453 0.1426 0.0547893 7.80972e-05 0.00122834 
0.000363873 0.423773 4.09833e-09 0.0716211 0.0135074 0.00419202 3.3261e-08 4.19435e-05 0.000377815 3.78242e-08 1.49418e-08 0.000293417 0.134362 0.0212507 0.326827 1.36457e-05 0.00336245 1.32297e-05 
0.0118351 0.392854 0.000136804 0.120256 0.0133817 0.00621382 0.0001256 0.00939812 0.00356783 0.00673349 0.00234051 0.011113 0.208442 0.0595079 0.137425 9.2675e-05 0.0116423 0.00493362 
8.65385e-08 0.825999 1.13318e-07 3.85689e-05 0.00163956 0.0171958 2.7358e-07 0.100959 0.000261495 0.00408113 0.0010248 0.000419081 0.0384341 0.00037 0.00957649 5.20272e-08 3.96985e-08 4.55738e-08 
0.0049359 0.596461 0.000210029 0.0200342 0.0196134 0.00535784 6.82279e-06 0.136466 0.00777793 0.00179631 0.0060226 0.0555434 0.0837747 0.00317188 0.0541701 0.00122998 0.00111375 0.00231396 
0.0180415 0.45217 0.0698669 0.0207886 0.0103984 9.77779e-05 2.83922e-08 0.003039 1.91896e-05 0.000262852 2.19554e-05 0.00308149 0.0106304 0.00425291 0.390854 0.000885543 0.0155872 1.97628e-06 
1.68778e-11 0.527904 6.42333e-08 0.123388 0.00125411 2.33735e-05 5.33568e-11 0.0104972 1.61774e-08 4.07107e-11 2.69175e-11 0.000232535 0.0067819 0.000886726 0.286938 6.51043e-10 8.57003e-08 0.0420926 
0.00145556 0.481 0.00113002 0.113278 0.0370133 0.0789263 8.47653e-06 0.0535994 7.90943e-05 0.00225425 0.00165498 0.0076004 0.146898 0.000927428 0.0479214 0.0200889 0.0052573 0.000906735 
0.0038257 0.383868 0.000120503 0.02704 0.00796232 0.0160222 1.68308e-05 0.00464574 0.000313015 0.000937603 0.00660893 0.0210425 0.166279 0.0932224 0.248873 0.000358533 0.0134042 0.00545874 
0.0667884 0.394941 0.00112993 0.0183925 0.0119689 0.0011379 4.61342e-05 0.233507 1.80873e-05 0.000161902 0.000474879 0.0290403 0.124479 0.000885657 0.112953 0.000121597 0.000202801 0.00375135 
0.00110983 0.523527 0.00342044 0.0756632 0.0291541 0.0104477 3.23414e-06 0.0222455 0.000275051 0.000128913 0.000767368 0.0168286 0.159308 0.0221855 0.130125 4.65444e-05 0.000601849 0.00416164 
0.00179205 0.370084 0.0489391 0.0825054 0.0100798 0.00242578 0.000140487 0.1515 6.70656e-05 0.000356081 0.00146542 0.220939 0.039887 0.00140283 0.0100854 0.00268716 0.00679561 0.0488483 
0.00259419 0.663757 0.000516972 0.177857 0.00385811 0.0125888 1.03144e-05 0.00719449 0.000538374 9.49931e-05 0.00324614 0.00603527 0.0596906 0.0150366 0.024094 0.00437979 0.0091326 0.00937456 
0.0118395 0.181527 0.000589802 0.0110526 0.0335049 0.181027 0.00112339 0.0535653 0.0492198 0.0931372 0.00787341 0.138038 0.0155143 0.0234532 0.177566 0.000660602 0.00112981 0.0191774 
0.00639478 0.319484 0.00719002 0.115739 0.025244 0.0013327 2.12981e-05 0.135997 0.00238057 0.0133028 0.00168588 0.00681559 0.0872684 0.00220405 0.133956 0.0624991 0.0126892 0.0657959 
0.00555564 0.317872 0.00141576 0.00282373 0.00117438 0.00614236 1.67721e-08 0.0286947 0.213711 0.00112917 0.142785 2.66477e-05 0.076893 2.0922e-05 0.201402 3.18958e-09 0.000346987 7.78975e-06 
0.00981847 0.422518 0.0147042 0.0278217 0.0366556 0.00255736 4.37377e-05 0.166158 4.89491e-05 0.000132704 3.72996e-05 0.163438 0.0590143 0.0097326 0.0611198 0.000106589 0.00624015 0.0198521 
8.59772e-09 0.686416 5.31343e-05 0.008306 0.000524675 0.000590171 8.04496e-07 0.09594 1.78184e-06 5.17434e-06 0.000286992 0.142504 0.0504988 2.45618e-06 0.00647518 5.16897e-09 0.00715201 0.00124248 
2.12896e-05 0.403829 1.91427e-05 8.1532e-06 0.00292268 0.0733864 7.06311e-08 0.118706 0.00817539 0.000377066 0.0276565 0.15249 0.155016 2.65786e-05 0.0136749 0.034369 0.000554139 0.0087681 
0.147717 0.437839 0.00957472 0.0223001 0.0188368 0.0320782 0.000305974 0.00826247 0.00325491 0.00220249 0.00615799 0.0105447 0.0769434 0.0102325 0.160835 0.000128229 0.00903277 0.0437535 
0.00254738 0.718764 0.000388881 0.0102418 0.0454615 0.081918 1.77222e-05 0.0152667 0.0395715 0.0038147 0.0287356 0.0338667 0.0116101 0.000315391 0.00177428 0.000659861 0.000456615 0.00458937 
0.00352478 0.356538 0.00986504 0.0218754 0.024426 0.101486 0.0598795 0.0444039 0.00848798 0.00917908 0.00713944 0.0370705 0.0188461 0.0436978 0.194737 0.000231543 0.00513308 0.0534796 
0.00334629 0.60134 3.1819e-05 0.0448863 0.0443087 0.0108361 3.68671e-06 0.0111086 0.000324265 0.000100274 0.000253564 0.0193357 0.0677308 0.0139998 0.179184 4.6676e-05 0.000879388 0.00228364 
0.000679886 0.604108 2.65866e-05 0.0501538 0.00778899 0.0132248 1.26974e-09 0.00865974 0.000553028 0.000220846 0.00331031 0.0339131 0.0968529 0.00280794 0.176405 6.14213e-05 0.000466324 0.000767631 
1.16016e-05 0.593929 0.000232835 0.0825494 0.0206873 0.00225182 6.77558e-11 0.0313526 2.14968e-07 2.43662e-05 1.76559e-06 0.0036855 0.0271103 0.00520838 0.202948 4.56465e-09 0.000144933 0.0298621 
0.0252683 0.391964 0.000108317 0.0456649 0.00567407 0.00103361 1.05923e-06 0.065736 0.0352267 4.01195e-05 0.0121621 0.191577 0.163514 0.00136602 0.0582894 0.000328255 0.000425843 0.00162086 
0.0082119 0.374981 0.000148884 0.0731796 0.0117689 0.000538074 2.78204e-06 0.0775358 0.000121398 6.23454e-05 0.0369273 0.0464481 0.225202 0.0105816 0.0879595 1.34637e-05 0.043363 0.00295385 
0.00176393 0.43195 4.89817e-05 0.00342651 0.0484451 0.0295216 2.32448e-08 0.0682687 2.91061e-06 0.00694775 3.56306e-05 0.0396321 0.0128963 0.000763071 0.35365 4.5355e-07 0.000705745 0.00194157 
0.110472 0.516839 0.0110406 0.119678 0.0318075 0.000275313 6.15843e-08 0.0711231 2.93039e-09 1.25395e-06 0.00133467 0.0177229 0.0956145 0.000125035 0.0213081 3.17713e-06 0.000493148 0.00216148 
4.97626e-06 0.837555 8.58756e-08 0.00163615 0.0277453 0.0578161 1.10095e-09 0.000296748 0.00260668 5.38681e-08 0.000352841 0.000100485 0.00859775 0.00268751 0.0605647 2.77185e-09 3.48875e-05 3.12914e-07 
0.00388299 0.478563 0.000674599 0.0745125 0.0226984 0.00872554 9.18757e-06 0.0868939 0.00024273 0.00135042 0.0398595 0.00333581 0.143076 0.00699672 0.096297 3.52282e-06 0.000314273 0.032564 
0.00699664 0.716154 0.000203695 0.0907142 0.0155822 0.00313387 8.25593e-06 0.00529832 0.00022333 0.0152692 0.00232758 0.00911117 0.0941795 0.00225906 0.0323342 0.000122031 0.00570709 0.000375637 
0.000253757 0.267464 0.0018326 0.0300034 0.0358721 0.197456 1.15925e-05 0.0324158 0.000398407 8.02435e-05 0.000475332 0.0142067 0.142671 0.0212578 0.231551 1.30153e-05 0.018072 0.00596451 
0.00159319 0.770862 5.75395e-05 0.0010223 0.00975081 0.00411589 1.24652e-08 0.000502283 1.64714e-08 0.000141534 6.82985e-07 0.105557 0.00384006 0.00420069 0.0983563 3.39196e-08 5.66484e-08 2.19473e-07 
3.8112e-05 0.470519 8.0992e-06 0.00324796 0.00230251 7.08978e-05 2.11425e-10 0.0138656 0.00015996 1.62269e-05 0.0155015 0.00762874 0.263159 0.011212 0.211729 5.10403e-06 0.000535747 1.1779e-07 
0.000481029 0.22735 0.00339157 0.0755881 0.125206 0.0513431 1.00759e-06 0.162298 0.016767 0.0181757 0.00288243 0.0819199 0.131204 0.00381731 0.0809361 8.07149e-06 3.82455e-08 0.0186309 
0.000178195 0.497902 0.0132429 0.0302227 0.0957784 0.0181184 1.35617e-07 0.0249304 4.47193e-07 4.10142e-05 6.00464e-05 0.00675601 0.110537 0.00983398 0.191901 2.16555e-06 0.000267853 0.00022673 
0.0247327 0.809568 0.0100074 0.026465 0.00146928 2.8746e-05 1.06774e-06 0.0122183 1.03406e-05 9.79672e-06 0.0010013 0.00115594 0.0749153 7.81078e-05 0.0383312 4.018e-07 6.49452e-07 5.9987e-06 
0.00937978 0.352572 0.000417329 0.0181338 0.079266 0.0160633 4.44413e-05 0.107022 0.000936873 0.0163708 0.000251184 0.042317 0.337064 0.00389903 0.00031373 6.47583e-05 4.56389e-05 0.0158379 
0.00413465 0.666484 0.000351692 0.0104181 0.0187281 0.00527035 3.64811e-06 0.0292182 0.00334174 0.00344175 0.0767495 0.0263163 0.0580865 0.00450889 0.0867551 0.00104069 0.00126399 0.00388645 
5.59288e-09 0.706582 6.09525e-12 0.00022819 1.1604e-08 3.26599e-12 1.47156e-11 1.56192e-12 1.08176e-11 1.15988e-08 7.42374e-12 1.60775e-12 5.95117e-05 0.00217256 0.290958 5.62745e-10 3.64507e-09 2.45137e-12 
0.000739532 0.698576 3.42571e-08 0.0542661 0.00145411 0.000335789 9.2552e-10 0.00156627 2.58941e-06 7.64972e-06 1.6569e-07 0.000724755 0.108439 0.0224617 0.111282 3.62259e-08 7.27174e-05 7.12486e-05 
0.0408518 0.352075 0.00201834 0.00545428 0.0064672 0.125526 0.000552646 0.0390628 0.245236 0.00375588 0.0106815 0.0186284 0.031439 0.00430728 0.0800081 0.000475654 0.00320695 0.0302534 
0.000256258 0.451218 0.104851 0.0880216 0.00435196 0.000209832 7.8421e-05 0.035686 8.08505e-06 0.00013422 0.000502696 0.0160542 0.0124703 0.00173315 0.122302 9.25197e-05 0.000123025 0.161906 
0.0771499 0.329136 0.000563797 0.0457581 0.0123089 0.00316339 0.000455008 0.259262 0.000936974 0.000198084 0.00737982 0.0642719 0.117707 0.000527935 0.0588769 0.0143574 0.000187017 0.00775941 
0.0031055 0.430565 7.80436e-08 0.226708 0.032338 0.000455437 1.79076e-07 0.0441395 1.76305e-08 0.00214493 3.70798e-08 0.00717911 0.163842 0.00581833 0.0601951 0.0232616 0.000246991 2.07674e-07 
0.00151734 0.423884 2.56543e-11 0.189365 0.0197537 0.00199637 2.05569e-07 0.000224142 9.26773e-06 3.04086e-08 2.82968e-07 0.000383361 0.148717 0.0109857 0.202008 1.84022e-06 0.00100011 0.000153433 
1.63293e-05 0.34614 0.000191774 0.000139689 4.17975e-05 0.291796 3.52479e-05 7.66985e-06 0.011301 3.36214e-05 0.0013533 1.81846e-05 0.0285956 6.00045e-05 0.31733 1.44607e-05 0.000215144 0.00270989 
0.0194679 0.320774 0.301735 0.0509489 0.0150973 0.0235931 6.03214e-05 0.0480397 0.00275918 0.00107526 0.0119823 0.0540651 0.0456361 0.000853368 0.0735464 0.000173319 0.000161784 0.0300308 
0.000663076 0.471562 0.0482855 0.0135299 0.00109541 0.000803007 6.84711e-05 0.21803 1.85059e-05 4.39262e-05 7.14672e-06 0.000352391 0.00070818 0.00234363 0.0196131 0.219689 0.000138177 0.00304783 
0.00176487 0.611518 0.000220656 0.00548581 0.0270832 0.0733954 1.11065e-06 0.0813692 0.0023604 0.00361959 0.0039778 0.00181888 0.0152181 0.0576647 0.114239 9.68977e-05 1.61163e-07 0.000166176 
2.12747e-07 0.417104 0.00109514 0.00385246 0.0306071 0.180211 2.00208e-07 0.00861504 1.86166e-05 1.0062e-09 0.00354886 0.00719502 0.0371086 0.00592692 0.281902 2.50792e-10 0.0140522 0.00876318 
0.00371553 0.437441 0.000938181 0.0622952 0.00558866 0.0677076 2.75449e-09 0.0156467 0.0081321 0.000718736 0.00250253 0.0547164 0.0144524 0.00123581 0.320761 0.000717491 0.000165016 0.00326586 
0.211651 0.262955 0.000160286 0.0321643 0.00661357 0.0149876 7.36101e-05 0.0038201 0.00892908 0.000202078 0.0108832 0.0440151 0.0402306 0.111546 0.0189723 0.231975 0.000132924 0.000687755 
0.00290363 0.802988 0.000703259 3.39059e-08 0.000480775 0.00776846 3.48397e-07 0.12109 0.00128053 2.65823e-07 0.000622986 0.00169286 0.0570897 0.00235658 0.0010217 6.62553e-08 5.05551e-08 5.8037e-08 
2.00664e-05 0.54429 0.0178542 0.0481082 0.0250769 0.0120089 8.1204e-05 0.110901 0.00282632 0.0028153 0.000202749 0.0071405 0.0217601 0.00680511 0.190863 7.72612e-05 0.00148376 0.00768526 
0.000963213 0.762949 0.000378593 0.00516141 0.00315845 0.000493073 5.46773e-08 0.0390927 0.00889938 0.000354166 0.00895469 0.0370988 0.0429527 0.000296682 0.0870823 6.98458e-07 0.00139708 0.000766691 
0.0183507 0.638961 4.90427e-09 0.0548293 0.0166544 0.0242831 9.4138e-06 0.0918602 0.00367167 2.52407e-07 0.016703 0.057892 0.0139269 0.0253221 0.0373174 4.91357e-05 0.000169556 1.97239e-09 
7.79258e-10 0.401188 1.0204e-09 0.00303962 0.0168679 1.37897e-05 3.07978e-06 0.0786945 2.84902e-06 1.06487e-05 0.0266723 0.0181607 0.0217741 0.0124614 0.382734 5.85265e-06 0.038371 1.33352e-07 
0.000190659 0.514932 0.105737 0.0718574 0.0152631 0.00397309 9.19157e-06 0.161989 8.04788e-05 4.0246e-05 0.000206018 0.00632043 0.00870585 0.00329043 0.08279 0.00265742 0.00796116 0.0139963 
0.000466013 0.795204 9.92166e-05 0.0038465 0.00388063 0.0022039 2.58709e-05 0.00288311 0.000114897 1.94759e-05 2.9772e-10 0.00274789 0.0588259 0.01357 0.0611278 3.01108e-09 0.0547283 0.00025646 
0.000410003 0.819987 0.000190426 0.00163291 0.00157389 0.00398783 8.90956e-08 0.0192554 1.17633e-07 0.000854842 1.33651e-05 0.0961064 0.00101346 0.00481621 0.0486829 1.90158e-06 6.37619e-11 0.00147361 
0.00307506 0.254574 0.00161637 0.15125 0.0999182 0.00987804 0.000368061 0.0953319 0.00281815 0.000804074 0.00863874 0.0307774 0.110679 0.00325783 0.164621 6.19494e-05 0.0186531 0.0436767 
0.0138307 0.405378 0.00011974 0.209765 0.013523 3.09883e-05 3.11482e-07 0.0660803 4.03046e-05 0.000114939 0.00375447 0.00755299 0.0476526 0.00227184 0.227654 1.33951e-05 5.9049e-05 0.00215906 
1.51051e-05 0.938629 4.61404e-05 7.66798e-05 0.00216374 0.00505449 1.02781e-05 0.00765831 7.65858e-05 0.00112244 0.00343611 0.000486734 0.00488798 0.000224271 0.0187093 9.06709e-06 0.0173819 1.20828e-05 
7.29245e-11 0.321007 8.80792e-09 0.0586815 0.00335942 0.00553259 2.30541e-10 0.000870847 1.47283e-05 1.53037e-05 1.32654e-06 0.000455755 0.10754 0.222738 0.273184 3.19475e-07 0.00437269 0.00222594 
0.00925527 0.400494 0.000224188 0.0328387 0.0405959 0.0947312 0.000103345 0.0282537 0.0255847 0.000297719 0.0194067 0.0189725 0.04071 0.0268467 0.222614 0.0187209 0.00265914 0.0176922 
4.50224e-07 0.663923 0.000550017 0.0140225 0.00142836 0.00120848 8.96869e-07 0.00616888 1.56814e-08 3.56307e-11 1.85668e-07 0.00772229 0.255459 0.00365398 0.0407004 5.7004e-08 0.00275414 0.00240826 
0.0103819 0.43939 0.000987713 0.0841023 0.0209075 0.00290827 8.01055e-07 0.104769 0.000316194 2.03641e-05 0.0307488 0.0361108 0.0497881 0.00196139 0.0273527 0.000106527 0.00518082 0.184967 
0.00646044 0.425813 8.68637e-06 0.0209717 0.0017798 0.0511518 1.25197e-06 0.0164566 0.000361864 0.118028 2.70264e-05 0.318238 0.0206849 0.015312 0.00468034 1.14263e-06 3.17139e-06 2.0925e-05 
0.00167898 0.359804 0.000234778 0.00770789 0.0638873 0.152174 2.32061e-05 0.147071 0.0567293 0.000120586 0.000619111 0.00886978 0.0254402 0.0038075 0.140767 0.000214419 4.90317e-06 0.0308468 
0.020516 0.195174 0.00570446 0.0365848 0.155933 0.158029 5.4499e-05 0.0362216 0.00828997 0.000797752 0.0032128 0.0223723 0.0844177 0.026163 0.174645 0.00588395 0.00283122 0.0631694 
0.00411731 0.454615 4.25978e-05 0.0615558 0.0163174 0.00205349 4.8222e-06 0.00922426 0.000390339 0.000100159 0.000326209 0.0190534 0.0194436 0.0193127 0.390614 5.88866e-05 0.0016219 0.00114809 
0.000793788 0.593183 0.000133116 0.0416165 0.0203441 0.00278308 2.12574e-10 0.041173 0.000473308 0.000356836 0.0198857 0.0181066 0.0851208 0.00135367 0.163823 5.47106e-05 0.0105252 0.000273836 
0.000115604 0.534637 0.00258936 0.0179729 0.0514906 0.0234871 5.74315e-08 0.0237107 0.000895052 0.000451181 0.0010483 0.0604639 0.211135 0.00160618 0.0511808 0.000159034 0.000700124 0.0183567 
0.0043166 0.331905 8.17493e-06 0.0458409 0.0423253 0.319217 2.9836e-08 0.0546125 0.0668743 3.41744e-06 0.029637 0.0909215 0.00297045 0.00304864 0.00467351 0.00224497 2.85196e-06 0.00139792 
0.0183507 0.638961 4.90427e-09 0.0548293 0.0166544 0.0242831 9.4138e-06 0.0918602 0.00367167 2.52407e-07 0.016703 0.057892 0.0139269 0.0253221 0.0373174 4.91357e-05 0.000169556 1.97239e-09 
0.00281531 0.477675 9.00868e-05 0.165605 0.00895073 0.000133959 8.59148e-07 0.0605856 2.54567e-05 0.000114913 0.00143998 0.00484454 0.0488915 0.00793045 0.21954 5.17021e-06 0.000250317 0.00110062 
0.00618695 0.391061 0.00541608 0.223007 0.126553 8.15113e-05 4.57958e-10 0.0334332 0.000164123 2.45637e-05 0.00585362 0.0853431 0.0640228 0.0120281 0.0462482 2.70615e-05 5.03358e-05 0.000499809 
0.00122693 0.344659 0.00208145 0.00781873 0.034968 0.0291221 6.81593e-08 0.104511 0.030351 1.68712e-05 0.229219 0.0337876 0.0658635 0.00198208 0.106682 8.28729e-05 0.000149912 0.0074785 
0.00320549 0.521781 0.0213232 0.0227895 0.0508721 0.043551 0.0134883 0.129388 0.0117486 0.00107428 0.00331224 0.0168882 0.0338901 0.0137874 0.03977 0.0315363 0.00152578 0.0400683 
0.0586979 0.526072 0.00222448 0.119655 0.0317946 0.000274715 6.50456e-08 0.122561 1.14639e-09 1.37998e-06 0.00132748 0.017714 0.0955955 0.000124814 0.0213056 3.21901e-06 0.000492779 0.00215542 
0.000237591 0.489435 7.29814e-05 1.19077e-07 2.36075e-07 0.100163 0.337329 0.00570758 0.000902529 0.0658459 1.20855e-06 0.000165874 4.43145e-05 3.49704e-07 8.98646e-08 8.57974e-05 1.77549e-07 9.18515e-06 
0.00751332 0.277493 0.00151375 0.029952 0.0284215 0.0113996 0.000615745 0.0173386 0.00109021 0.00224817 0.00390279 0.0181119 0.0760904 0.0301399 0.220079 0.000532994 0.26299 0.0105678 
0.0883018 0.460988 0.000351041 0.0594133 0.0413921 0.00961628 1.01667e-05 0.0610284 0.00583807 0.000912066 0.0168055 0.0316516 0.121668 0.00642037 0.0821191 0.00606611 0.00304111 0.0043775 
0.101161 0.248402 0.000126849 0.0914621 0.0826295 0.00756169 0.000161428 0.0951974 0.00570067 0.00125147 0.0118264 0.127377 0.0458887 0.00330326 0.159906 4.75898e-05 0.0021287 0.0158685 
0.00180793 0.52583 0.0631198 0.0674441 0.00636538 0.00131262 5.57978e-05 0.144033 0.00019416 0.00123742 0.00234071 0.0718731 0.0246705 0.00697805 0.0333296 0.00016229 0.00155791 0.0476875 
6.79013e-05 0.4913 2.72614e-08 0.0101815 0.000951202 0.0359549 1.18459e-05 0.000198118 6.3566e-05 0.00160531 3.83853e-05 0.000546368 0.292744 0.0560828 0.105799 2.4982e-05 0.00440899 2.09991e-05 
4.97626e-06 0.837555 8.58756e-08 0.00163615 0.0277453 0.0578161 1.10095e-09 0.000296748 0.00260668 5.38681e-08 0.000352841 0.000100485 0.00859775 0.00268751 0.0605647 2.77185e-09 3.48875e-05 3.12914e-07 
7.24448e-11 0.553016 1.41097e-06 0.128687 0.000465257 0.0010071 1.57834e-07 0.0304972 8.33897e-08 6.11471e-08 2.25123e-08 0.16674 0.0347948 6.91023e-05 0.00302741 2.8327e-08 6.52335e-06 0.0816879 
0.00502823 0.817779 2.50593e-08 0.020296 0.00155524 0.00138092 1.60624e-06 0.0377161 9.69235e-06 1.89129e-07 0.000355611 0.0011494 0.0108298 0.000929995 0.0595679 2.61347e-08 0.000220309 0.0431798 
0.00163473 0.235848 0.0163595 0.107108 0.0235602 0.000116956 3.13993e-05 0.0702167 3.16902e-07 9.44286e-06 1.61749e-06 0.00917632 0.0152737 0.0854682 0.207524 3.77325e-08 0.00191277 0.225759 
0.00872776 0.296921 0.000139702 0.140648 0.0406317 0.0051047 0.000115335 0.0233096 0.000177265 0.0293853 0.00210176 0.0095093 0.296683 0.0438944 0.0952728 0.000310328 0.000314448 0.0067538 
0.0047624 0.404276 0.00016763 0.190132 0.0141107 4.33815e-05 1.51178e-07 0.0830269 2.6151e-05 0.000160906 0.00231836 0.00777542 0.0428496 0.00255736 0.245689 9.33822e-06 4.08689e-05 0.00205328 
0.00729085 0.521353 0.000414703 0.10989 0.0154377 0.0283767 4.60206e-06 0.0311896 0.000443418 4.57707e-05 0.00171166 0.00415276 0.132409 0.0161796 0.128117 7.2099e-05 7.29258e-05 0.00283851 
1.18072e-05 0.660823 4.27625e-05 0.0329202 0.0407136 0.00709112 5.21583e-07 0.0459695 9.68456e-07 1.93471e-05 0.00188118 0.00284461 0.0738171 0.0353619 0.0806573 6.32504e-05 0.00425648 0.0135255 
0.000437289 0.534964 0.00154966 0.0221925 0.0042819 0.00604207 3.08112e-06 0.0127368 0.0108251 0.00148534 0.0160777 0.0567731 0.175842 0.00385512 0.143336 0.000151703 0.00643329 0.00301251 
0.0667884 0.394941 0.00112993 0.0183925 0.0119689 0.0011379 4.61342e-05 0.233507 1.80873e-05 0.000161902 0.000474879 0.0290403 0.124479 0.000885657 0.112953 0.000121597 0.000202801 0.00375135 
0.0232891 0.517174 0.00144992 0.0729451 0.0246285 0.0121738 3.04796e-07 0.158861 0.00354804 0.000845393 0.00292584 0.0832204 0.0585098 0.00244579 0.0337835 2.99698e-05 0.000189995 0.0039795 
0.0114985 0.223864 0.00785462 0.135682 0.124548 0.0700904 0.000194589 0.0928633 0.00649607 0.00915606 0.00539393 0.0314782 0.113537 0.00170829 0.0651302 0.000138015 0.0111505 0.0892162 
0.000869635 0.368054 0.026229 0.0095486 0.0530171 0.11402 0.000112321 0.00731278 0.00426644 0.00794163 0.00457039 0.330394 0.00483375 0.00520495 0.0552175 0.000620312 2.7388e-05 0.00776043 
0.00905457 0.334658 2.07449e-05 0.0798424 0.0594697 0.00515559 1.21949e-07 0.0670587 0.000863606 5.91282e-05 0.0162499 0.0670051 0.0894989 0.00998567 0.255646 0.000314076 0.00224836 0.00286972 
0.000503177 0.401931 9.14876e-05 0.222627 0.0420379 0.0147917 2.64778e-06 0.0262746 0.000539205 0.000174422 0.00135667 0.0229745 0.102581 0.00142911 0.125659 0.000213828 0.0201492 0.0166635 
1.14409e-08 0.943375 2.78149e-05 3.51993e-09 9.98451e-06 9.71424e-05 3.61687e-08 0.0564765 2.6588e-08 2.75963e-08 1.82464e-08 3.95159e-09 9.35366e-06 3.155e-06 2.6564e-09 6.87827e-09 5.24835e-09 4.60393e-07 
0.00044064 0.480273 0.000614165 0.010489 0.00372441 0.0257903 2.45056e-08 0.00369528 0.00114333 0.0104725 0.00622073 0.00256273 0.038065 0.0117825 0.404457 3.64095e-07 0.000269121 2.087e-07 
0.000673639 0.899221 0.000569456 8.96183e-05 0.0283523 0.0232113 0.000156774 0.00281722 0.00218562 1.99737e-05 4.81498e-05 0.0205015 0.00383148 0.000582402 0.0162344 0.000403884 0.00070397 0.00039741 
0.022992 0.504957 0.000110922 0.00738926 0.0178612 0.0381663 1.68368e-06 0.194387 0.000843523 0.0188854 0.000570844 0.0052123 0.111947 0.00262073 0.0616626 6.18469e-05 0.000184966 0.012146 
0.000279815 0.361355 9.1247e-06 0.0366465 0.105065 0.101529 5.89287e-06 0.0285436 6.8511e-05 0.00328131 4.10322e-05 0.0280754 0.0356438 0.0389463 0.231599 0.000763366 0.0117969 0.0163497 
2.52164e-08 0.359326 2.338e-05 0.00355701 0.0225237 0.0044161 1.41157e-05 0.227158 0.000111337 6.08242e-08 0.00688612 0.129546 0.189015 5.83964e-05 0.0416214 0.00175306 0.00538499 0.0086056 
3.2882e-05 0.864865 2.84973e-12 0.000228166 6.73527e-09 9.47052e-10 6.88002e-12 7.30249e-13 7.1227e-09 6.73129e-09 1.17577e-09 7.36337e-09 0.000498308 0.0156509 0.118723 1.90471e-06 2.11555e-09 1.1461e-12 
0.00184119 0.729658 3.40088e-05 0.0171553 0.00489119 0.00284493 1.75806e-08 0.00515878 8.97485e-05 0.00976463 0.000292375 0.00182965 0.049526 0.0560324 0.119963 0.0001612 7.36471e-05 0.000683877 
0.0019205 0.526541 0.0027615 0.0446125 0.00199786 0.000808562 2.13245e-05 0.0478601 5.16629e-05 0.000117226 0.000759268 0.114225 0.0739048 0.00589269 0.170787 0.00149461 0.00112443 0.00511938 
0.0055591 0.266322 7.88083e-05 0.060179 0.0363533 0.213146 0.000330773 0.0292053 0.0154135 0.00479424 0.00163909 0.0654222 0.108747 0.0331103 0.12515 0.000437414 0.0322511 0.0018612 
0.00204085 0.681046 0.0016559 0.119114 0.000177313 1.66693e-05 4.85831e-08 0.10982 3.84465e-05 2.15313e-05 0.000861909 0.000335691 0.00666027 2.27074e-06 0.0256803 6.5808e-07 1.89131e-05 0.0525088 
0.000325098 0.519571 0.099675 0.00205088 0.00698261 0.158327 1.13152e-07 0.00741317 0.000356741 0.000282367 0.00198368 0.0111718 6.73439e-05 0.174739 0.00750877 2.15183e-08 0.000186442 0.00935826 
0.0133184 0.221532 0.00609992 0.137909 0.0387551 0.0120395 5.49842e-06 0.0415009 0.00470643 0.00273512 0.0739272 0.0333845 0.128776 0.0205136 0.172515 0.00362134 0.023816 0.0648432 
0.0190964 0.652482 7.88333e-05 0.0433011 0.0100437 0.00195073 9.20779e-06 0.0435697 0.00056118 0.0018448 0.00156403 0.0216154 0.0544635 0.00455003 0.120994 9.33369e-05 0.00750594 0.0162759 
0.000377787 0.606868 5.343e-06 0.0143047 0.0351776 0.0766826 2.92105e-06 0.0323407 0.000239908 6.93151e-05 0.021537 0.0121933 0.0698832 0.0157171 0.112179 1.65985e-05 0.0010999 0.00130465 
9.57963e-06 0.57063 0.00288067 0.120679 0.0853923 0.0831765 0.000351935 0.0110262 0.000268424 7.86238e-05 0.000540782 0.00322849 0.00554053 0.0164439 0.078539 0.000481139 0.000428 0.0203048 
0.00132147 0.41992 5.94555e-08 0.0248235 0.0111725 0.061058 2.97634e-08 0.00663671 0.00205708 0.00578565 0.0186559 0.00351425 0.0863127 0.0353463 0.322589 1.89413e-07 0.00080722 1.08572e-07 
4.40201e-06 0.857949 1.7077e-07 0.00923095 0.0137372 0.00107546 6.58039e-10 0.000707335 1.7922e-05 2.83381e-05 9.4247e-05 0.0051401 0.0309319 0.000540466 0.069074 1.2514e-10 0.0114684 1.85886e-07 
3.03819e-06 0.944398 2.28851e-08 2.76172e-05 1.03989e-05 1.37747e-05 0.0255322 7.95458e-06 0.0051158 3.54146e-06 4.59188e-06 3.06739e-06 0.0117428 4.20691e-05 0.0129428 1.05072e-08 6.74514e-06 0.000145212 
0.00576518 0.613032 0.000156522 0.0611453 0.0207737 0.00383043 8.73684e-06 0.0137182 0.0013449 0.000186309 0.00076728 0.0278 0.036288 0.00307815 0.209044 0.000138723 0.000780886 0.00214162 
2.06389e-05 0.520412 6.62204e-07 0.00593112 0.00355489 0.0322852 3.36124e-10 0.00362839 2.60817e-05 3.01608e-07 0.000151356 0.000491281 0.00259734 0.0364572 0.356094 5.74782e-07 0.0381772 0.000172435 
0.000549379 0.343448 1.00084e-07 0.0174952 0.0260396 0.0448485 4.8769e-10 0.0290155 4.6754e-07 0.00986051 4.5257e-06 0.00432655 0.0260612 0.0127954 0.287325 0.000368749 1.54565e-05 0.197846 
0.000660667 0.256445 6.53485e-05 0.038604 0.212266 0.220739 5.82713e-08 0.0139555 0.00179144 0.000169877 0.00437046 0.00974759 0.0584952 0.0103611 0.152695 5.35966e-05 0.0189308 0.000649127 
