0.00128599 7.1622e-05 0.000655219 0.00300088 0.00110376 0.0051065 1.10964e-06 0.000539664 0.0030741 2.68849e-07 2.06582e-06 0.941336 0.0277038 2.05537e-08 0.000229961 2.11712e-06 7.65775e-05 0.0158104 
0.122626 0.00460587 0.00176395 0.028956 0.00900752 0.0312076 2.17273e-05 0.0284032 0.072302 0.000152773 0.0414839 0.443299 0.0393303 0.00211698 0.0149318 0.139813 0.00131202 0.0186662 
1.38182e-08 4.28512e-12 5.65268e-12 0.0011012 0.0066258 3.24117e-08 1.36471e-11 0.00130911 1.00321e-11 1.04126e-11 9.43274e-08 0.542373 0.422492 9.75499e-09 4.91233e-09 2.5953e-12 1.9803e-12 0.0260988 
0.00726972 0.0195227 0.0136889 0.0611288 0.0427812 0.00782648 5.27478e-06 0.219542 0.00277503 0.000663841 0.000564084 0.257668 0.151167 0.00521179 0.145196 0.00038588 0.0391254 0.0254778 
0.00170041 0.00818405 0.00224085 0.0184379 0.013829 0.0224898 1.12864e-05 0.069565 0.0169438 0.00500861 0.0391989 0.403065 0.290651 0.00132259 0.0157043 0.0478516 0.00962382 0.034172 
0.162445 0.00019341 0.190653 0.00879562 0.128835 0.02718 1.63113e-05 0.0182073 0.00321333 0.000330887 0.000247705 0.227542 0.0786201 0.0626471 0.0253401 0.00757527 0.0173675 0.0407907 
2.4524e-05 5.78381e-05 7.33209e-05 0.00537006 0.00217217 0.000134485 1.74042e-10 0.0991449 4.98533e-06 6.03347e-05 0.000888485 0.495849 0.372781 8.80513e-05 0.000326332 3.27701e-06 0.000542821 0.0224779 
0.0993544 0.00728694 0.000742256 0.039791 0.00791097 0.0124628 5.12283e-06 0.0167983 0.188023 0.00297464 0.00623414 0.371691 0.0950215 0.0019137 0.0315213 0.0957555 0.00792783 0.0145858 
0.000561123 0.0058405 0.000111467 0.00140204 0.0345833 0.00273653 6.81512e-06 0.00406447 2.64071e-05 5.01889e-07 0.0386221 0.615087 0.255689 0.00287543 0.0266916 1.86434e-08 0.00457316 0.00712804 
0.00708441 0.00402349 0.000428128 0.0103191 0.349067 0.0384252 0.000319546 0.000290463 0.0017588 8.45763e-06 0.000153966 0.542514 0.0245735 5.46097e-07 0.0161081 8.00538e-06 0.000688189 0.00422941 
0.000522697 0.00838754 0.00137615 0.0141063 0.00391015 0.00531071 7.50621e-06 0.0350148 6.06298e-05 0.000135972 0.00332932 0.700133 0.180637 0.000183123 0.00493841 0.0002516 0.00307248 0.0386228 
0.00351121 0.00426772 0.016615 0.0201307 0.0567561 0.0442473 0.000184174 0.0315289 0.000754003 7.78358e-05 0.0035808 0.542602 0.0558419 0.00482282 0.163274 0.0296435 0.00714274 0.0150198 
0.0371132 0.000335775 0.00662343 0.0135517 0.153588 0.00718831 1.34449e-05 0.0298895 0.0194354 0.245522 0.0158225 0.403895 0.0346336 0.000570644 0.00713169 0.00224322 0.00735163 0.0150914 
0.202098 0.00362221 0.00190083 0.0982945 0.0198534 0.0151052 8.32004e-05 0.0621995 0.00149139 0.141742 0.00289155 0.242286 0.0993214 0.00203392 0.0340107 0.0340921 0.014627 0.024347 
0.147789 0.0131859 0.00064411 0.0331378 0.060878 0.0225025 1.71367e-05 0.00813323 0.130197 0.000124595 0.0649204 0.228657 0.0288243 0.0675759 0.0945021 0.0660965 0.00353029 0.0292848 
0.00338108 0.0241759 0.000424322 0.0126852 0.00508033 0.0742387 2.51396e-06 0.000466636 0.000874511 1.91378e-06 3.5976e-07 0.775961 1.57067e-06 1.66499e-07 3.74352e-05 4.46017e-05 0.101359 0.00126454 
0.00926117 0.018836 0.000665636 0.109111 0.00586806 0.0208904 3.32136e-05 0.114867 0.000196405 0.00265858 0.124646 0.340056 0.0592411 0.00147794 0.0158939 0.154293 0.00120605 0.0207981 
0.0112057 0.00930467 0.000735591 0.060863 0.0160028 0.0114299 1.28773e-10 0.24678 0.0706725 0.00397429 0.0407158 0.298023 0.170402 0.00178467 0.0167566 0.00577415 0.00127774 0.0342976 
0.0025671 0.0155926 1.16925e-05 0.00759388 0.0412846 0.0405687 5.55614e-08 0.156217 0.0206632 0.00272159 0.00848874 0.504052 0.14414 0.000215337 0.0197879 0.0315664 0.00286403 0.00166579 
0.0319285 6.41509e-05 0.000196818 0.101548 0.0095837 0.212296 0.238122 0.0193656 0.0058794 0.00558319 0.00386715 0.3108 0.00799781 0.000719598 0.00532619 0.0135899 0.00324511 0.029886 
0.023363 0.054776 0.00017544 0.0501691 0.183312 0.0591518 0.00311996 0.187714 0.0162226 6.19323e-05 0.00258982 0.287127 0.0291201 0.00178779 0.0416164 0.0562871 2.6145e-05 0.0033796 
5.63365e-05 0.00188251 8.73682e-05 0.080481 0.315596 2.47057e-05 2.61529e-06 0.00992056 2.58096e-05 1.66886e-05 0.000105505 0.351945 0.175173 1.45282e-06 0.00430833 4.6891e-07 4.28622e-06 0.0603678 
0.000113514 0.00904802 0.00181147 0.0297797 0.00285612 0.00874857 6.45621e-10 0.0795814 3.13736e-05 2.06773e-06 1.14379e-07 0.829197 0.0148326 0.00113812 0.0174949 8.85844e-05 6.95332e-05 0.00520644 
0.00198517 0.00072638 0.037498 0.00745159 0.0112668 0.00954252 2.50526e-06 0.0336692 0.00166963 0.000620378 0.00290259 0.677488 0.036202 0.00083859 0.0044646 1.47769e-05 0.000861802 0.172796 
1.27136e-08 0.0972565 1.66478e-08 0.000206532 0.0005188 0.00104458 0.000233156 0.00143254 0.000215715 0.000806558 0.00125715 0.893613 0.000268001 0.000981026 0.000750678 0.00044333 0.000972239 6.69538e-09 
0.000108945 0.00192308 0.000304143 0.000443363 0.00159534 0.000559396 1.65935e-06 0.000428456 0.00093056 5.97116e-05 0.00064042 0.941615 0.00578221 0.0339355 0.0102963 8.08479e-07 0.000242861 0.00113194 
0.00840184 0.00352758 0.00351045 0.0355445 0.0530928 0.0133053 0.000113128 0.06423 0.00465407 0.000465567 0.00110293 0.366416 0.327057 0.00827218 0.0318273 0.00243548 0.0161652 0.0598779 
0.00653943 0.00141019 0.000639668 0.00952553 0.11132 0.125079 0.000141018 0.0130172 0.00540994 0.000183606 0.00519715 0.538338 0.0409959 0.00106562 0.0102544 0.101847 0.00896457 0.020071 
0.01436 0.0105071 0.0558664 0.0835459 0.00705869 0.029514 2.04535e-06 0.178671 0.00579484 0.0040089 0.09746 0.314302 0.13258 0.00180603 0.0266832 0.00343907 0.0158729 0.0185286 
8.15061e-05 0.0046661 3.79802e-06 0.0147059 3.44244e-06 0.0514503 1.12698e-06 0.0914447 0.0284713 0.00164028 0.00428876 0.795689 0.00721203 3.27357e-05 3.52546e-05 6.73315e-07 8.97234e-07 0.000272662 
0.000162911 0.00603054 0.00248097 0.00627043 0.0020929 0.00218112 7.46259e-07 0.0648328 5.5235e-05 0.000117382 0.00398584 0.61219 0.276461 0.000172288 0.00624808 1.79121e-06 0.000332674 0.0163832 
0.00168792 0.0105583 0.00506739 0.00199896 0.0163649 0.0747372 8.88394e-06 0.00885056 0.00331008 0.000309323 0.0108372 0.744274 0.0716487 0.012842 0.0236977 0.000549805 0.00198316 0.0112738 
0.0159015 0.0150794 0.000355951 0.0369435 0.0356057 0.257459 0.000409814 0.0684421 0.00531357 5.87412e-05 0.0146767 0.409933 0.0447734 0.000118835 0.0225958 0.0275573 0.0136202 0.0311557 
0.00827612 0.0123801 0.00973696 0.0208653 0.0254285 0.200217 0.000383067 0.0879768 0.00921175 0.0238525 0.073986 0.27319 0.111266 0.00454844 0.0818313 0.00748404 0.0250081 0.0243586 
0.000812403 0.00413178 0.000150198 0.0216042 0.00322278 0.100621 0.000225923 0.0295469 0.117562 0.000272466 0.0195971 0.562129 0.0797179 4.1238e-05 0.0019431 0.0353638 8.10464e-05 0.0229771 
0.000977782 0.00445407 0.00387179 0.00607504 0.00115374 0.153334 3.33503e-05 0.0103752 0.0108046 0.312317 0.0208767 0.343802 0.0677791 0.000347313 0.0279437 0.0213588 0.000716197 0.0137792 
5.32722e-05 0.00329115 0.00139927 0.0175558 9.15078e-05 7.01851e-05 1.91054e-08 0.276791 2.76077e-06 9.86704e-05 0.00747993 0.492114 0.195197 4.45113e-05 0.00140963 1.60993e-05 1.00874e-05 0.00437507 
0.00426555 0.00146038 0.00327075 0.0294687 0.0185821 0.0321158 0.0216664 0.112492 0.0443221 4.2318e-05 0.00981421 0.530987 0.0927994 0.000148544 0.0014857 0.0296976 0.000293898 0.0670874 
0.0311159 0.0150245 0.000431321 0.0574776 0.0422307 0.00425676 0.000144607 0.133447 0.00468648 0.000715417 0.0221511 0.239833 0.122256 0.0329075 0.155842 0.0198765 0.0229355 0.0946677 
0.14598 1.6994e-06 0.0404417 1.69993e-06 0.125269 0.0445318 1.69773e-06 0.0404594 1.69837e-06 0.00458714 1.69894e-06 0.223708 0.167114 0.0193756 0.118831 0.0198882 1.69981e-06 0.0498047 
0.00066345 5.69651e-05 3.42825e-05 0.00203243 0.000557223 7.33684e-05 8.71011e-09 0.0400764 3.84532e-05 9.37755e-06 0.00117163 0.840267 0.110817 9.72794e-06 1.82721e-05 0.000357346 3.14931e-06 0.00381328 
0.0206924 0.041275 0.0185115 0.167753 0.107554 0.1741 3.43154e-09 0.0857231 3.53646e-06 2.30481e-06 3.50722e-06 0.232944 0.0673591 0.000347373 0.0685931 5.01211e-07 0.000516525 0.0146205 
0.00338108 0.0241759 0.000424322 0.0126852 0.00508033 0.0742387 2.51396e-06 0.000466636 0.000874511 1.91378e-06 3.5976e-07 0.775961 1.57067e-06 1.66499e-07 3.74352e-05 4.46017e-05 0.101359 0.00126454 
0.0532015 0.000595587 0.000892469 0.0226745 0.0283762 0.0325719 1.28617e-05 0.016342 0.000616646 6.6644e-05 0.00235999 0.446556 0.249784 0.00418085 0.060481 0.0324903 0.0252177 0.023579 
0.171567 0.00255056 0.00184364 0.0216113 0.007913 0.0309935 1.14115e-05 0.0156843 0.108811 0.000182414 0.0692733 0.418971 0.0397907 0.00181567 0.0215814 0.0502046 0.00205078 0.0351441 
0.00789417 0.00206576 0.00026291 0.0411419 0.00231727 0.000713885 4.30984e-06 0.0508175 0.000247732 0.00159748 0.0767692 0.415111 0.240149 0.00323309 0.0352399 0.0765954 0.0222182 0.0236207 
0.0106438 0.015184 0.00204678 0.109061 0.0422536 0.0245421 1.04436e-07 0.123433 0.000863617 1.69994e-07 0.00322843 0.330202 0.316333 0.00119854 0.0182736 4.27215e-05 0.000316354 0.00237666 
0.0350536 0.0255195 0.00200332 0.0348683 0.109596 0.155563 0.000281396 0.0518024 0.0279305 4.38372e-05 0.0302511 0.273591 0.110457 0.00767116 0.0647302 0.027716 0.00593641 0.0369851 
0.00527746 0.000151857 0.000759943 0.0150951 0.00414442 0.0763543 3.04358e-05 0.0758698 1.23788e-05 0.000130855 2.4076e-07 0.420325 0.365067 1.74296e-05 0.0168905 0.00174296 0.00096794 0.0171633 
0.00278303 0.00119307 0.158248 0.00930749 0.00753885 0.214023 0.000284569 0.00958009 0.0477013 1.15243e-06 3.71493e-05 0.460114 0.00105741 0.000467583 0.0633804 0.00312526 0.0113735 0.00978366 
0.00692375 0.00102148 5.30455e-05 0.00153976 0.00115551 0.000376185 1.68891e-05 0.00127082 1.25125e-05 6.08213e-05 0.00053405 0.909551 0.000427184 0.0380143 0.00941362 0.0256416 0.000138918 0.00384872 
0.000185912 0.0108918 0.000169576 0.00248487 0.00978725 0.00648544 1.60755e-11 0.0251378 0.000896961 0.000258137 0.0497174 0.513753 0.359905 0.000308568 0.00454846 5.90416e-05 0.000582188 0.0148292 
0.000677574 0.00521866 0.00162673 0.0840341 0.00722117 0.00128339 2.47162e-06 0.0560095 0.000101796 0.000534061 0.00581668 0.449429 0.302409 0.00130531 0.0437421 7.09209e-05 0.00183619 0.0386814 
2.83855e-05 0.00810056 0.00255575 0.00547201 0.0306683 0.00346875 5.96346e-05 0.0445854 0.0033182 0.000134789 0.00256377 0.710843 0.153207 0.000204884 0.00107181 5.69841e-06 5.1684e-05 0.0336614 
0.00221774 0.00418504 0.000685333 0.00386637 0.00539307 0.0135026 2.8362e-05 0.0673558 0.000355102 0.00920641 0.0148579 0.715436 0.142539 0.000320755 0.00498357 0.00661092 0.00342466 0.00503102 
0.00062991 0.00392453 0.000830774 0.0310229 0.0473346 0.00196095 2.79194e-06 0.0826689 2.97997e-05 0.00125167 0.00224436 0.571557 0.0631902 0.000186665 0.025644 0.000125403 0.146613 0.0207827 
1.28936e-06 0.00375493 0.00875756 0.0155846 0.00835779 0.0761714 0.000697406 0.0163034 0.00146275 0.000489673 0.0219446 0.615124 0.1536 0.00108522 0.0117404 0.00607275 0.00377327 0.0550787 
0.00692794 0.0011714 5.81576e-06 0.169729 0.0469129 0.125342 8.32886e-10 0.0261826 5.12957e-06 6.35483e-10 4.20175e-10 0.301626 0.194528 4.2895e-07 0.00132654 2.92846e-07 8.88183e-07 0.126242 
0.00415713 0.00361349 0.0119353 0.0698218 0.0172523 0.0149042 5.86513e-06 0.190321 0.000989605 0.000371854 0.00560257 0.338133 0.246979 0.00109458 0.027543 0.0125576 0.00924058 0.0454767 
0.0275038 0.00380889 0.000181904 0.0624587 0.0199617 0.161543 7.73948e-06 0.0384667 0.0273982 1.44045e-05 0.0485918 0.390749 0.154458 0.00315321 0.0282677 0.00714036 0.0140422 0.0122526 
0.0747269 0.00275243 0.000780456 0.0402665 0.021955 0.0308775 4.18769e-05 0.10382 0.000114272 0.000100308 0.0300848 0.472341 0.0366701 0.00491744 0.0793286 0.0976702 0.000570941 0.00298242 
0.00180961 0.000254624 5.18791e-05 1.13376e-07 0.00121043 0.000301505 1.64453e-05 0.000575098 1.12802e-05 6.22936e-05 1.5201e-07 0.960132 4.48254e-08 0.0233021 0.00945213 6.46767e-07 4.15796e-08 0.00281913 
0.208151 0.00047481 0.00256551 0.051954 0.00502123 0.0399294 0.000198521 0.0315236 0.00276236 0.000447397 0.00474694 0.44173 0.150329 0.000511355 0.0200147 0.0142217 0.0102834 0.0151351 
0.00527746 0.000151857 0.000759943 0.0150951 0.00414442 0.0763543 3.04358e-05 0.0758698 1.23788e-05 0.000130855 2.4076e-07 0.420325 0.365067 1.74296e-05 0.0168905 0.00174296 0.00096794 0.0171633 
0.00754296 0.00449704 0.0140875 0.178091 0.0255103 0.0016526 2.82733e-05 0.231725 0.000955732 3.27272e-05 0.00215436 0.323718 0.17095 8.17591e-05 0.00584781 0.00115733 2.9746e-05 0.0319379 
0.000812403 0.00413178 0.000150198 0.0216042 0.00322278 0.100621 0.000225923 0.0295469 0.117562 0.000272466 0.0195971 0.562129 0.0797179 4.1238e-05 0.0019431 0.0353638 8.10464e-05 0.0229771 
0.117961 1.38179e-05 0.00257215 0.150339 0.00823956 0.00902999 2.27507e-06 0.0296932 0.00596033 0.000771988 0.00700026 0.477643 0.146896 0.000572359 0.00669184 0.0327439 0.000234294 0.00363549 
0.00283918 0.0093175 0.00587024 0.0452104 0.0323419 0.0430325 0.00018057 0.0591161 0.000769838 0.000453268 0.00344136 0.411914 0.148486 0.00332282 0.0300074 0.0211323 0.100851 0.0817136 
0.000902185 0.00194676 0.0462462 0.0947999 0.00841365 0.0266746 2.12318e-05 0.150548 3.49481e-05 5.69804e-06 0.00419263 0.539374 0.00301362 0.0836626 0.0200286 0.000316989 0.00111272 0.0187052 
0.000470231 0.00513834 0.00115422 0.0143429 0.11063 0.143851 0.000213335 0.0272169 0.162842 0.000818307 0.00155579 0.385999 0.0368623 0.00514507 0.0177276 0.00242206 0.0554884 0.0281227 
0.00210585 0.0119932 0.00231752 0.0104174 0.0158514 0.0504613 0.00345686 0.116647 0.0411825 0.000100627 0.0102356 0.601269 0.0553113 0.0150044 0.0114132 0.0404368 3.49471e-05 0.0117605 
0.000210851 0.0105012 0.000325161 0.0147672 0.0137948 0.0949804 0.000126451 0.0681256 0.0237688 0.000239284 0.0279757 0.464413 0.206245 0.00142446 0.026791 0.00026554 3.72348e-05 0.0460083 
0.0747269 0.00275243 0.000780456 0.0402665 0.021955 0.0308775 4.18769e-05 0.10382 0.000114272 0.000100308 0.0300848 0.472341 0.0366701 0.00491744 0.0793286 0.0976702 0.000570941 0.00298242 
0.0160233 0.0010516 0.0229643 0.110401 0.0310183 0.0261369 0.00114066 0.0804076 0.0142367 0.00122605 0.00618294 0.242326 0.10364 0.000982942 0.0200003 0.099816 0.0202029 0.202242 
1.43912e-05 0.000254171 0.00215011 0.00405887 0.000927114 0.00674323 0.0187488 0.0800081 0.000157782 0.000197296 0.000207537 0.83386 0.0347239 0.000255685 0.00261462 2.66032e-05 0.000383121 0.0146682 
0.0763472 8.59312e-05 0.00185736 0.177132 0.0343555 0.0640951 0.0019195 0.0769488 0.0163349 0.00044381 0.00100928 0.362281 0.0280687 0.0256696 0.0547984 0.00799676 6.70913e-05 0.0705891 
0.0254225 0.00132206 0.0073732 0.0540623 0.0224553 0.10933 0.000251602 0.190787 0.0413314 0.000147301 0.0759408 0.321735 0.0773356 0.000224004 0.0226661 0.0426107 0.000375319 0.00662935 
0.0210197 0.00624228 0.0165965 0.0642652 0.0159317 0.0110593 3.49479e-05 0.14757 0.00174201 0.00112604 0.00913838 0.341972 0.236435 0.0027002 0.0246324 0.00639052 0.0148426 0.0783006 
0.0154513 0.0148834 0.000564496 0.00785969 0.0249262 0.0261533 2.70743e-06 0.0912544 0.110297 0.00186608 0.249592 0.318819 0.0486076 0.00649426 0.0483176 0.0228913 0.000328577 0.0116922 
0.00987009 1.5615e-06 0.0996446 0.0315875 0.0938775 0.053229 9.32704e-06 0.0257436 0.00967705 0.000238041 0.000889181 0.63699 0.0221186 0.000942061 0.00764184 6.58878e-05 5.46003e-06 0.00746911 
4.48106e-12 0.0198668 0.0126582 0.00429778 0.00101071 0.00645915 1.13713e-05 0.323828 1.04138e-11 1.08087e-11 0.00013147 0.365084 0.193142 0.00092848 0.00834632 0.0132969 2.05563e-12 0.0509394 
0.00411998 0.00342857 0.00311636 0.0129959 0.00597068 0.0375128 5.85094e-06 0.0461232 0.00917597 0.00269313 0.0549166 0.663831 0.131747 0.000233703 0.0114972 8.51432e-05 5.70625e-06 0.0125406 
0.00238082 6.76931e-05 0.00608944 0.0376799 0.00235196 0.000745628 4.38729e-05 0.0315724 8.89718e-06 0.000184138 0.00212098 0.777532 0.0339037 0.000516319 0.00688605 0.00256585 0.00120218 0.0941482 
0.000164578 0.229344 0.000161424 0.0489494 0.000604949 0.00543644 9.32053e-06 0.0198007 0.00698975 7.25131e-05 0.16612 0.478339 0.0196424 1.08935e-05 0.00138784 0.00919591 0.000196373 0.0135743 
0.000492149 0.0114327 0.00995495 0.0385519 0.00847299 0.0413306 0.000108902 0.132357 0.0123296 0.00727666 0.232157 0.393231 0.0799422 0.000487306 0.00812239 0.009864 0.00335111 0.0105371 
0.228881 1.31956e-06 5.60625e-07 0.0645655 0.0196914 0.000950192 1.49098e-05 0.0559074 3.37843e-05 0.000290589 0.0905412 0.267686 0.237291 6.9251e-05 0.00138046 0.0103202 0.00279183 0.0195836 
0.0628327 0.00706183 0.000112111 0.0264111 0.0201279 0.0107417 2.52082e-05 0.0223519 0.141972 0.00113297 0.188209 0.196105 0.0325692 0.0192291 0.0924129 0.143956 0.0229795 0.0117692 
0.0822004 8.27787e-05 0.000253127 0.018201 0.00088773 0.00149213 1.36855e-06 0.0165892 8.51675e-08 1.01975e-06 9.1295e-08 0.860496 0.00292661 4.22274e-08 0.00136456 2.64897e-05 0.0147203 0.000757334 
0.00414822 0.00363618 6.26904e-05 0.0110906 0.01312 0.0144031 0.229845 0.130656 0.0459174 4.34548e-05 0.00132962 0.496297 0.00490695 7.3448e-05 1.58176e-05 0.0345931 3.9538e-06 0.00985787 
0.000118241 0.00127818 0.00138386 0.000376311 0.00106525 0.000434063 5.83962e-06 0.000587139 1.94648e-05 0.000414425 6.03157e-05 0.865501 0.0403765 0.0358658 0.0292121 5.41632e-08 6.65548e-05 0.0232348 
0.0364607 0.0010836 0.0217883 0.0397823 0.0241581 0.0103154 5.59931e-05 0.189811 0.000645633 0.00056159 0.00851736 0.405329 0.11915 0.000358414 0.00956384 0.0453378 0.0188289 0.0682513 
0.000117813 0.000644241 8.05536e-05 1.52948e-08 0.000182564 0.000145522 2.32727e-13 0.00704858 1.7108e-13 8.22316e-05 2.41859e-08 0.989417 5.43872e-08 0.000124973 0.000300362 1.30566e-09 2.08706e-09 0.00185645 
0.0171024 0.000415199 1.85236e-06 0.00394939 0.0337287 0.0551886 2.50277e-05 0.0178639 0.00281647 0.00019695 0.000108895 0.352178 0.323839 0.0142254 0.00177799 0.161758 0.00320116 0.0116225 
4.15834e-07 0.0337137 0.000732551 0.0344282 0.024947 0.0959595 0.000126113 0.0620757 0.00137424 0.00624857 0.0454154 0.524742 0.115297 0.000219735 0.0313156 0.000134256 0.0152639 0.00800535 
0.00269399 0.00175534 0.000382071 0.0297429 0.000931816 0.011067 4.23961e-06 0.0953055 5.54377e-07 1.18506e-05 0.00263343 0.792205 0.0292009 0.000341844 0.000717526 0.00011741 5.87127e-05 0.03283 
0.0645378 0.006041 0.000336942 0.0651173 0.00221248 0.000514347 5.74268e-08 0.0346465 9.46268e-06 0.000633076 0.0170728 0.429881 0.294002 0.0187054 0.022036 0.000423902 0.0135816 0.0302478 
0.00427031 0.0104692 0.00212767 0.0542673 0.0344804 0.0207995 4.76869e-06 0.13006 0.00165476 0.000197917 0.00144238 0.626635 0.0878616 0.000379317 0.0021098 0.0131485 0.000370119 0.00972056 
0.0300611 3.2186e-09 0.000588688 0.140562 0.140441 0.0689576 0.000162688 0.0696361 3.42289e-05 0.000385845 1.08305e-06 0.218422 0.200147 0.00648072 0.0540295 0.00542972 0.00304245 0.0616181 
0.0143647 0.00773728 0.0152559 0.0112613 0.102655 0.0626063 0.125663 0.0417157 0.0112033 0.00176704 0.026029 0.276254 0.0909068 0.000872661 0.0221693 0.00337066 0.00268752 0.183481 
0.00635169 0.0185582 0.0145707 0.0655627 0.0206135 0.0798428 7.87094e-11 0.18281 0.00196147 5.11952e-07 0.00161484 0.28404 0.0997843 0.152039 0.0272232 0.000537575 0.00706395 0.0374255 
0.0391163 0.0249905 0.00212859 0.0416372 0.0392809 0.0169733 8.35388e-05 0.0723872 0.00125076 0.0105856 0.00209071 0.351806 0.276404 0.00152021 0.0256355 0.00277151 0.00363218 0.087706 
3.05534e-07 3.05534e-07 0.0085846 0.0967014 0.114474 0.0225211 3.05234e-07 0.0772318 0.00781728 3.05339e-07 0.0931021 0.363815 0.161382 0.00699734 0.0211812 0.00433967 0.00473724 0.0171139 
0.00865932 0.115342 0.00073891 0.0131325 0.0686198 0.0125175 9.02703e-07 0.125827 0.00134091 0.000389062 0.0559389 0.47181 0.0839273 0.00187281 0.0292897 0.000123688 0.00504361 0.00542604 
0.000768453 0.000847466 0.00081597 0.00921407 0.00234613 0.360529 0.00069179 0.0144601 7.05954e-05 6.12884e-05 0.000165953 0.47113 0.0357074 0.000386718 0.0104898 0.0372975 0.00543518 0.0495824 
6.66745e-05 0.000315931 0.00152812 0.00757621 0.00138593 0.00104726 9.31219e-07 0.119995 3.53486e-05 0.000170007 0.00816958 0.624008 0.227135 1.45726e-06 0.000247591 0.000510063 7.85641e-06 0.007799 
2.4524e-05 5.78381e-05 7.33209e-05 0.00537006 0.00217217 0.000134485 1.74042e-10 0.0991449 4.98533e-06 6.03347e-05 0.000888485 0.495849 0.372781 8.80513e-05 0.000326332 3.27701e-06 0.000542821 0.0224779 
0.00191848 0.002979 0.00642665 0.0437101 0.0345255 0.00887781 2.92159e-05 0.261647 3.01821e-07 0.00069467 0.00115118 0.378455 0.197795 7.08844e-05 0.000994444 4.19545e-08 2.80075e-06 0.0607228 
0.00151481 0.0105024 0.00731074 0.0452465 0.010137 0.00337084 3.08579e-05 0.05134 3.21348e-05 0.000660801 0.00259578 0.57947 0.215132 0.00134779 0.0445235 0.000899967 0.000422038 0.0254629 
0.00224013 0.00804472 0.000130809 0.0888172 0.001772 0.00602467 2.25457e-08 0.0796652 0.000790214 4.47699e-05 0.00718745 0.716681 0.0595006 0.000965474 0.00592628 0.000803301 0.000542931 0.0208633 
0.000242118 7.99907e-05 0.000239546 0.000386649 0.000231906 0.000124699 5.88328e-09 0.00569265 4.32486e-09 0.000415675 0.000611413 0.989862 0.00137489 9.13062e-05 4.20433e-05 3.30068e-05 5.27602e-05 0.000519136 
0.00204378 0.0030287 0.000537541 0.0110785 0.00244276 0.00370566 4.30623e-05 0.00115039 5.22237e-08 3.87417e-05 6.28308e-07 0.903212 0.00700144 0.00337206 0.0200934 2.67331e-06 1.71863e-07 0.0422486 
0.141283 0.00012272 0.00543101 0.0200672 0.0106164 0.033376 7.22815e-06 0.0673148 0.000441784 0.000547432 0.0210815 0.448797 0.103735 0.000239196 0.00272757 0.132083 0.000196586 0.0119332 
0.00127457 0.0571861 0.00784497 0.00851878 0.152769 0.0282827 9.26739e-11 0.0102876 6.78637e-05 0.000313519 0.00210295 0.289534 0.285595 0.0301923 0.0866227 4.02764e-05 0.000732786 0.0386345 
0.0589335 0.00401354 0.00114677 0.0228665 0.0176146 0.108641 4.73835e-05 0.0246822 0.0620168 9.93743e-05 0.103141 0.389149 0.0949182 0.00303618 0.0502178 0.0391457 0.00891564 0.0114148 
0.0993544 0.00728694 0.000742256 0.039791 0.00791097 0.0124628 5.12283e-06 0.0167983 0.188023 0.00297464 0.00623414 0.371691 0.0950215 0.0019137 0.0315213 0.0957555 0.00792783 0.0145858 
0.221275 0.0130767 0.00150776 0.0399253 0.042053 0.0402234 0.000460965 0.0141431 0.0583063 8.48641e-05 0.000172979 0.232403 0.0841912 0.00470968 0.0314221 0.188112 3.93712e-05 0.0278932 
0.000118241 0.00127818 0.00138386 0.000376311 0.00106525 0.000434063 5.83962e-06 0.000587139 1.94648e-05 0.000414425 6.03157e-05 0.865501 0.0403765 0.0358658 0.0292121 5.41632e-08 6.65548e-05 0.0232348 
0.0015293 0.0215079 0.00611158 0.0466091 0.0109694 0.0263999 3.38227e-06 0.140509 0.00456556 0.000151539 0.0769312 0.547569 0.0986625 0.000332876 0.00649749 0.00317493 0.00101173 0.00746365 
0.000970272 0.0119627 0.0123881 0.0408483 0.0107648 0.0833146 4.87733e-05 0.142909 0.00723702 0.000130346 0.00142706 0.490251 0.11075 0.000770671 0.013994 0.00935222 0.00125593 0.0616243 
0.0106852 0.0608148 0.000111033 0.0676037 0.0551729 0.120633 7.84988e-07 0.014146 0.177521 0.00679828 0.00407326 0.364707 0.057173 0.00782911 0.0365866 0.00510859 0.00273961 0.00829576 
0.000634822 0.000557507 0.00144204 0.0152428 0.0131546 0.0251013 7.2168e-06 0.0698302 0.00136309 0.000729355 0.00109661 0.544306 0.304124 0.00106796 0.0144639 0.00196482 0.000227929 0.00468596 
5.55864e-05 0.0184978 0.000282215 0.00334613 0.00399905 0.00846242 2.53057e-06 0.0394908 0.000303093 0.00049691 0.00994941 0.869677 0.0400641 0.000380125 0.00380128 0.000125877 1.92762e-05 0.00104647 
0.0040301 0.00035929 0.0182557 0.0292895 0.015801 0.0575533 5.08852e-05 0.079493 0.00331214 9.9939e-05 0.00413748 0.38442 0.025237 0.00354549 0.179136 0.0365649 0.00668823 0.152025 
8.04134e-07 7.98225e-07 0.0107414 0.00279589 0.00397342 0.0243744 0.0122049 2.69826e-07 1.86877e-06 1.93964e-06 1.28247e-06 0.897689 0.00132442 0.024486 1.86709e-07 4.83447e-07 3.68887e-07 0.0224026 
0.00282286 0.0170857 5.76927e-05 7.00679e-05 0.00975342 0.108126 1.3906e-05 0.04848 0.00776584 0.000244882 0.000666544 0.781102 0.0078754 0.000198658 0.000400329 0.0091057 0.00265565 0.00357533 
0.00128599 7.1622e-05 0.000655219 0.00300088 0.00110376 0.0051065 1.10964e-06 0.000539664 0.0030741 2.68849e-07 2.06582e-06 0.941336 0.0277038 2.05537e-08 0.000229961 2.11712e-06 7.65775e-05 0.0158104 
0.000176696 0.000721918 0.00242824 0.00997279 0.00279179 0.371038 0.000504583 0.0175651 0.00350313 0.000988418 0.0026282 0.521141 0.0213638 0.000231526 0.00208869 0.0299611 0.00725954 0.00563555 
0.000795607 0.0111512 0.0277949 0.00221675 0.0261163 0.118736 1.67004e-05 0.310561 0.0116288 0.004885 0.0117197 0.34909 0.0577144 0.000464511 0.0323726 0.000518701 0.000121056 0.0340969 
0.000104631 0.0321264 0.000287216 0.0209678 0.121846 0.0255406 2.47699e-05 0.132747 0.00291069 0.00600911 0.00108085 0.543858 0.0620067 1.57604e-05 0.0289133 0.00393009 0.000558506 0.0170732 
1.18779e-05 0.0425733 9.87789e-07 3.11798e-07 0.0154307 0.0407142 1.15711e-06 0.210009 1.50918e-05 0.00260991 0.0158757 0.398768 0.11093 0.00645594 0.133256 3.59233e-07 0.0158708 0.00747755 
0.043225 0.044489 0.0113044 0.0513574 0.0205709 0.0537618 1.03144e-05 0.134925 0.00579585 0.00135147 0.0374328 0.360249 0.0391594 0.00579418 0.167335 0.0132279 0.00548128 0.00452975 
5.61912e-05 0.000899605 1.44398e-05 0.00305283 0.00195439 0.0011322 8.74788e-09 0.0110072 2.70976e-05 0.00781833 0.0363797 0.765806 0.16817 0.00117871 0.00139165 2.14325e-05 3.02329e-05 0.00105948 
0.164525 0.00289393 0.00180833 0.0472307 0.0312847 0.00450102 8.64803e-06 0.0755432 0.00248289 0.000897476 0.00100848 0.514643 0.11103 0.000583596 0.0148395 0.0076414 0.0101107 0.00896738 
0.000726806 0.000980162 1.9888e-06 0.00303953 0.022334 0.011834 0.0010051 0.129905 5.46488e-06 0.00560341 0.00122389 0.500763 0.246844 0.000163194 0.013226 0.0463975 6.00489e-05 0.0158869 
0.00643421 0.00425231 0.00412564 0.0335102 0.0130057 0.00150552 1.90799e-05 0.018198 4.89419e-05 0.00038947 0.00560644 0.568051 0.252128 0.0014713 0.034923 0.00340255 0.0013582 0.0515698 
0.00350253 0.0143906 0.019846 0.0277743 0.0137773 0.0127049 2.26042e-06 0.0377063 0.00102034 0.00213051 0.00844605 0.518992 0.147125 0.00434839 0.0634883 5.17235e-05 0.00136265 0.123331 
0.00750481 0.103647 0.00130877 0.0569546 0.0146653 0.0218538 9.7548e-05 0.0445146 0.000687974 0.00253051 0.0099664 0.371333 0.263987 0.00644598 0.0596349 0.00537122 0.0152452 0.0142514 
0.000185912 0.0108918 0.000169576 0.00248487 0.00978725 0.00648544 1.60755e-11 0.0251378 0.000896961 0.000258137 0.0497174 0.513753 0.359905 0.000308568 0.00454846 5.90416e-05 0.000582188 0.0148292 
0.0232065 0.0230811 3.45831e-05 0.000625325 0.00502599 0.00864806 8.5645e-05 0.0189951 0.00368236 1.70321e-05 0.00935692 0.741515 0.00395456 0.000730095 0.00195729 0.156953 4.96611e-05 0.00208155 
0.0522063 0.00675244 0.00229778 0.13187 0.166607 0.0160092 5.23157e-05 0.0961711 0.000117116 0.000232885 0.000269661 0.185262 0.16358 0.0110639 0.0694777 0.0133194 0.000335026 0.0843767 
0.0123962 0.000658663 0.00013355 0.0125904 0.0101366 0.00663687 8.63628e-09 0.017782 0.000470267 0.000195469 0.0258034 0.541116 0.337585 0.00403213 0.0047138 0.00185351 0.00738027 0.0165166 
0.00450672 0.0473265 2.54481e-05 0.0204112 0.0922311 0.0825314 0.000278235 0.0540054 0.0090498 1.01694e-06 0.000440951 0.322848 0.0746745 0.00627649 0.0228651 0.258367 0.00186224 0.0022983 
0.117961 1.38179e-05 0.00257215 0.150339 0.00823956 0.00902999 2.27507e-06 0.0296932 0.00596033 0.000771988 0.00700026 0.477643 0.146896 0.000572359 0.00669184 0.0327439 0.000234294 0.00363549 
0.200546 0.00108936 0.000948423 0.0990686 0.0389351 0.00391026 3.58952e-05 0.0603281 4.1654e-05 0.000159599 1.07222e-05 0.534579 0.0372493 0.000141626 0.00477738 0.000239293 0.010954 0.00698578 
0.134294 0.000956972 0.00296228 0.0734267 0.0460933 0.0999573 0.00260697 0.0567983 0.00261752 0.00445053 0.00651491 0.203859 0.113657 0.0496253 0.135353 0.0194489 0.0220938 0.0252836 
0.00229831 0.00558083 0.0196807 0.0167902 0.040386 0.174438 5.39125e-07 0.0145188 0.0097505 0.0250686 0.023234 0.539308 0.0431747 0.00620437 0.035035 0.000272785 0.0117155 0.0325428 
0.271841 0.00123634 0.00115448 0.0170736 0.0230973 0.00285342 6.03718e-05 0.129875 9.72792e-05 0.000466201 0.00755827 0.34159 0.0702768 0.016783 0.00883209 0.0885696 0.00540718 0.0132277 
6.17572e-06 0.00026166 0.00113368 0.00603312 0.000434862 0.00120877 5.21634e-06 0.0595 2.38095e-05 1.68819e-05 0.00209337 0.856644 0.052137 5.94103e-05 0.000388858 2.63102e-05 7.23399e-05 0.0199541 
0.00583906 0.000666915 0.000337666 0.0183902 0.00248775 0.011075 3.23617e-05 0.041931 0.00289525 0.000484558 0.0600201 0.68012 0.0618775 0.000194662 0.000589195 0.104633 0.000623985 0.00780171 
0.198331 0.000134945 0.000517525 0.0450243 0.0107778 0.000126904 5.77269e-06 0.143055 7.59777e-06 0.00241288 0.000556935 0.40622 0.163916 0.000804296 0.00707423 0.0133075 0.000219876 0.0075073 
0.106362 0.0173012 0.00222068 0.187892 0.0151924 0.00492549 3.727e-05 0.0111489 0.00170624 0.00122372 0.00462082 0.379867 0.111796 0.0186316 0.035975 0.0126338 0.00887229 0.0795932 
0.177266 0.00751503 0.0041554 0.0882764 0.0328168 0.00973005 2.02997e-05 0.053608 0.00251414 0.0557514 0.111346 0.179828 0.160005 0.0218289 0.0315533 0.026332 0.0138609 0.023593 
0.0993544 0.00728694 0.000742256 0.039791 0.00791097 0.0124628 5.12283e-06 0.0167983 0.188023 0.00297464 0.00623414 0.371691 0.0950215 0.0019137 0.0315213 0.0957555 0.00792783 0.0145858 
0.000141412 0.000643632 0.00161574 0.0216578 0.00910972 0.0123288 1.09539e-08 0.0183693 0.000407494 0.00115186 0.000667057 0.569364 0.334849 0.00202924 0.0244968 0.000151381 5.17423e-05 0.00296482 
0.00448698 0.0051048 0.00189534 0.0207156 0.0142682 0.00185071 4.54599e-05 0.0468376 0.000757793 0.000197272 0.0226681 0.606866 0.220841 0.00321958 0.0260847 0.0107847 0.00446684 0.00890892 
0.00521777 0.00253421 0.00933466 0.0258686 0.0228469 0.0170204 0.193882 0.0626982 0.0017452 0.00839789 0.00411147 0.276476 0.0340093 0.0872732 0.0203341 0.00938006 0.00241311 0.216457 
2.95717e-07 0.0273728 0.000139571 0.145294 0.112916 0.00223537 6.91139e-08 0.0752288 1.02734e-06 0.00616482 0.0190661 0.328962 0.274917 0.000518147 0.000547777 0.00296409 0.00237187 0.00130085 
0.00442002 0.00989667 0.00228421 0.013775 0.0407911 0.00202609 2.40394e-05 0.088052 0.000245222 0.000146882 0.14949 0.363395 0.130352 0.00280703 0.145797 0.00735016 0.034698 0.00445077 
0.0031835 0.0083918 0.0017984 0.11707 0.00398323 0.00106106 5.2745e-06 0.0522963 1.23067e-05 0.000375291 0.00431084 0.455032 0.202843 0.00155044 0.0513075 5.86275e-05 0.00227333 0.0944472 
0.00939545 0.00517943 0.00643692 0.040563 0.0619461 0.128461 0.000107206 0.0745544 0.024269 0.00275635 0.0214378 0.241656 0.198219 0.00960129 0.093784 0.000745943 0.0210292 0.0598571 
0.00110824 0.00656371 0.00147392 0.00988465 0.0024028 0.00800123 7.84756e-06 0.0214233 0.0137668 0.000328967 0.217003 0.597944 0.104036 0.000141148 0.00657915 0.00414858 0.0030517 0.00213494 
0.00143644 0.00231525 4.91442e-05 0.0154057 0.0055006 0.00205872 1.05155e-05 0.000767551 4.2421e-05 0.000100517 4.09538e-05 0.784003 0.00542778 0.120651 0.0557 0.000194948 0.00421242 0.00208254 
0.0101415 4.10229e-05 6.38931e-05 2.19609e-06 0.00451937 0.000913378 2.04667e-07 0.00115174 2.44734e-07 3.90757e-05 2.94442e-06 0.967892 8.68268e-07 0.00189222 0.00250808 1.25279e-05 8.05396e-07 0.0108182 
0.000472119 0.00512326 0.00273274 0.0165033 0.00477858 0.0112591 8.38194e-07 0.039825 0.000138637 0.000136573 0.00141952 0.744121 0.139614 0.00154002 0.013374 0.000188344 0.00197455 0.0167989 
0.0046591 0.0379801 0.000287164 0.011461 0.0256609 0.295696 1.39514e-06 0.11061 0.00114289 0.0228837 0.0164963 0.315278 0.1283 1.79787e-05 0.0124974 0.00287927 0.000201013 0.0139475 
0.000225255 0.00488259 0.00271103 0.00175642 0.00203253 0.0781523 2.34042e-05 0.0531007 1.53756e-05 0.00700981 0.0119488 0.756272 0.0679744 9.1678e-05 0.00598322 5.31012e-05 0.000370979 0.00739666 
0.0469177 0.00421935 0.00218922 0.0425715 0.0198982 0.108234 0.16243 0.0326269 0.00818365 0.0005686 0.00310696 0.260937 0.0723723 0.000558292 0.0360535 0.00647405 0.0113782 0.18128 
0.00115679 0.000850293 0.0103733 0.0139739 0.020707 0.00336855 8.86967e-05 0.101511 0.000107453 0.000935192 0.012394 0.421686 0.332404 0.00384499 0.0161773 0.0192044 0.0240539 0.0171633 
0.0410728 0.000120073 0.000129255 0.00101107 0.00847357 0.0616054 4.383e-07 0.00811655 0.0898713 0.0435809 0.00784668 0.660595 0.0204732 0.00463338 0.0209631 0.00331344 0.0197919 0.00840171 
0.00820537 0.0157362 0.00187818 0.00818586 0.0145364 0.0523581 8.93551e-05 0.0484533 0.00262813 0.0149766 0.0326165 0.534091 0.145096 0.00280109 0.025675 0.00287463 0.027172 0.0626264 
0.0993544 0.00728694 0.000742256 0.039791 0.00791097 0.0124628 5.12283e-06 0.0167983 0.188023 0.00297464 0.00623414 0.371691 0.0950215 0.0019137 0.0315213 0.0957555 0.00792783 0.0145858 
8.87733e-05 0.00226101 8.95536e-05 1.61772e-08 0.000455935 0.00679277 1.24264e-05 0.00338713 3.06918e-12 4.4286e-05 0.00260375 0.860766 0.101663 0.000227515 0.00317271 7.42441e-06 0.000128911 0.0182988 
0.0407138 5.58331e-05 0.00771038 0.0480899 0.0182621 0.1231 3.85816e-06 0.0445034 0.0162321 1.98514e-06 0.000925555 0.59095 0.0211161 0.0134703 0.0428283 0.00764495 0.00518208 0.0192099 
0.00216817 0.000969168 0.0481053 0.149661 0.051231 0.0248377 0.000129816 0.0217945 0.000102769 4.989e-05 0.000438589 0.42834 0.124883 0.000205315 0.000608407 0.000146883 0.0231897 0.123139 
0.144239 0.00534205 0.00612614 0.138833 0.0298248 0.00812371 5.43173e-06 0.0638695 0.000454458 0.00257496 0.00727978 0.207866 0.192361 0.0185114 0.109498 0.015429 0.0341596 0.0155021 
0.00998228 0.00185595 0.0123161 0.052422 0.0212477 0.0215988 0.000479751 0.0530614 3.19743e-07 0.00489219 3.19849e-07 0.515664 3.20054e-07 0.0239005 0.108208 0.000448309 0.00265643 0.171266 
0.0243477 0.00987289 0.00202875 0.0823631 0.0373474 0.057438 0.00011728 0.0771388 0.0121313 0.00702682 0.0790808 0.284742 0.12613 0.00822168 0.0519291 0.00677336 0.0290202 0.104291 
0.141142 0.000488793 0.000159745 0.041154 0.00873857 0.000178482 2.48641e-07 0.0826801 1.44008e-08 0.00102971 0.000469386 0.456706 0.257161 0.000197827 0.00103487 0.000188245 3.21557e-05 0.00863992 
0.0993544 0.00728694 0.000742256 0.039791 0.00791097 0.0124628 5.12283e-06 0.0167983 0.188023 0.00297464 0.00623414 0.371691 0.0950215 0.0019137 0.0315213 0.0957555 0.00792783 0.0145858 
0.00692143 0.00634848 6.04454e-07 0.216236 0.145953 0.0241209 9.35423e-11 0.0507697 0.0114118 4.6416e-07 3.59804e-07 0.227029 0.0800015 0.0377034 0.0904567 6.25581e-08 0.0494762 0.0535702 
5.20624e-05 0.000158823 3.21263e-05 0.00162597 0.00157876 4.27658e-06 4.65072e-09 0.00597182 6.69111e-06 4.52007e-05 0.000455894 0.685343 0.26977 9.15192e-05 0.000932647 8.03755e-09 0.00177378 0.0321577 
0.00414261 0.00235493 0.00146197 0.0161665 0.0271354 0.00544343 0.0241232 0.0742673 0.000689869 0.00290816 0.00212845 0.522011 0.17186 0.00145635 0.01222 0.00854395 0.0159944 0.107093 
0.000695737 1.68637e-05 0.000731625 0.0157872 0.00237955 0.0108536 2.38299e-06 0.0193687 2.60663e-07 0.000206552 0.00271861 0.432092 0.301889 0.000180902 0.00187439 2.63789e-06 1.99239e-05 0.21118 
2.2822e-06 0.00250052 0.00176782 0.00694207 0.0213712 0.0130821 1.71648e-05 0.0159427 9.96239e-09 0.000281879 0.00249166 0.503808 0.300242 0.00158722 0.0754464 0.0223163 0.02693 0.00527096 
0.000133468 0.00139416 0.0294677 0.0925679 0.00748009 0.0230102 9.02795e-05 0.0879879 0.00140168 0.0310874 0.000364662 0.66082 0.0324433 0.000130792 0.0108813 0.0194754 0.000113896 0.00114999 
0.00258473 0.0373912 0.000176002 0.0679451 0.0180754 0.0673572 2.20777e-10 0.0242682 0.075509 1.56248e-05 0.00161306 0.57564 0.0649439 0.000577238 0.0555675 0.000503882 0.000938159 0.0068936 
0.00158289 0.00114911 0.00108455 0.00459187 0.0429165 0.0164124 3.41369e-05 0.126688 0.000339716 0.00130734 0.000282727 0.737872 0.0331052 4.70853e-05 0.000507698 2.29604e-05 0.0227767 0.00927983 
3.53683e-08 0.096381 0.0112523 0.0571254 0.0123192 0.00186205 1.48935e-05 0.156687 0.000370779 5.16238e-05 0.000499122 0.377586 0.0342381 0.105564 0.0240439 0.00573667 0.0355268 0.0807413 
0.000884805 0.000222517 0.000942489 0.0185511 0.00374843 0.00121037 8.51594e-06 0.0162653 1.25891e-05 1.54905e-05 0.000166788 0.470489 0.380542 0.000217128 0.00171286 0.0017446 0.0120233 0.0912423 
0.00224603 0.00699855 0.0136684 0.00481911 0.0267653 0.133223 7.33338e-05 0.0156045 0.00101277 0.00149869 0.000188276 0.53208 0.0165019 0.00314275 0.0820825 2.37193e-05 0.15182 0.00825158 
0.141283 0.00012272 0.00543101 0.0200672 0.0106164 0.033376 7.22815e-06 0.0673148 0.000441784 0.000547432 0.0210815 0.448797 0.103735 0.000239196 0.00272757 0.132083 0.000196586 0.0119332 
0.0287244 0.00627155 0.000818147 0.0361019 0.0111833 0.00251756 1.35132e-06 0.0228205 0.000924523 0.0357186 0.0178535 0.52695 0.259026 0.000593403 0.0129051 0.00497796 0.0138237 0.018789 
0.00773158 0.00114043 5.33121e-05 0.00177767 0.00114682 0.000381573 1.77718e-05 0.00136659 1.2473e-05 5.98727e-05 0.000616547 0.901413 0.000493185 0.0405347 0.00953977 0.0296036 0.000160378 0.00395028 
0.0124509 0.00475689 0.00793668 0.0959594 0.0235471 0.0430909 6.02618e-05 0.0801942 0.00160304 0.00809924 0.0158908 0.316289 0.221389 0.00187505 0.0336604 0.00593576 0.0193576 0.107904 
0.00180399 0.00304957 0.00257591 0.0305198 0.0187923 0.00759706 5.80299e-05 0.105489 0.00611306 0.0144716 0.00466404 0.503362 0.171955 0.0176597 0.0463273 0.00949784 0.00243212 0.0536318 
0.000139311 0.000187371 0.00204866 0.116367 0.0901147 0.00677351 2.9971e-06 0.0982227 0.000106809 0.000329173 0.00423584 0.467673 0.113908 0.00324326 0.0342823 7.44977e-06 0.0299131 0.0324452 
0.000977782 0.00445407 0.00387179 0.00607504 0.00115374 0.153334 3.33503e-05 0.0103752 0.0108046 0.312317 0.0208767 0.343802 0.0677791 0.000347313 0.0279437 0.0213588 0.000716197 0.0137792 
0.00633159 0.000920174 0.000230878 0.0313834 0.0152144 0.321797 0.000168961 0.0494214 0.0936999 1.41451e-05 0.00118373 0.352718 0.0343948 0.0023779 0.0129248 0.0760764 0.00016164 0.000980941 
0.0427871 0.000352221 5.65241e-05 0.0144023 0.00432023 0.00443443 9.07961e-07 0.334189 0.000457862 0.000116624 0.00502886 0.436828 0.0804046 0.00105547 0.0399072 0.00133995 0.00216724 0.0321507 
0.00299624 0.0493688 0.0381137 0.0549866 0.0746369 0.0797532 8.63748e-06 0.0624045 1.8006e-05 6.22758e-05 0.00125147 0.417742 0.0900691 0.000537286 0.0355273 0.0105771 1.61991e-06 0.0819454 
0.205094 0.0113375 0.0011049 0.0438879 0.0183267 0.00814759 1.01098e-05 0.0936677 0.0019183 0.0112359 0.00187162 0.437881 0.114211 0.00467273 0.0185483 0.00247508 0.000110755 0.0254986 
0.00162635 0.00102673 0.00185061 0.0224934 0.0230095 0.00182097 1.03903e-06 0.044167 7.48342e-05 0.000206316 0.00189766 0.459989 0.353307 0.000779036 0.00808606 1.53437e-05 0.00637889 0.0732695 
0.000226565 0.00094263 0.000760536 0.00160781 0.000672618 0.0122691 1.45737e-05 0.0112426 0.000864938 0.00414031 0.00173092 0.826356 0.105604 0.000412937 0.00730709 0.000108331 0.0164066 0.00933311 
0.195079 0.0713885 0.00162304 0.119979 0.0036069 0.00758643 9.67298e-06 0.0246505 0.000113478 0.110918 0.00255979 0.21849 0.0309047 0.0106632 0.105337 0.0169006 0.02599 0.0542009 
0.0410165 2.83836e-05 0.00374705 0.174274 0.0174435 0.00396775 6.51583e-06 0.158668 8.63149e-08 1.22145e-07 0.00524381 0.244506 0.217592 0.00468938 0.0670049 4.41128e-06 0.00225014 0.0595578 
0.000414741 0.00779355 0.000160252 0.0246248 0.00525425 0.00517472 5.00965e-09 0.026442 9.68706e-07 0.000266624 0.00480081 0.57723 0.305557 0.000104413 0.0253041 1.32199e-05 0.0147077 0.00215048 
0.00114965 0.000871483 0.0181828 0.0746256 0.0297166 0.00394984 0.00255308 0.0832776 9.04864e-06 0.00012066 0.000634571 0.34977 0.0862386 0.00127141 0.00119967 0.00119118 0.0293994 0.315839 
0.0640868 2.22148e-06 0.318188 0.00215651 0.00868485 0.228003 3.73113e-06 0.00800851 0.0221387 0.000303615 2.5167e-05 0.327504 0.0168842 0.000369369 0.00211518 0.000903209 4.83641e-05 0.000574752 
