4.84594e-08 1.60291e-11 2.11446e-11 5.51504e-08 1.30022e-07 1.24741e-08 5.10489e-11 2.17276e-09 3.75265e-11 3.89498e-11 2.57532e-11 5.57732e-12 9.52026e-09 0.00415431 0.34186 9.71777e-09 0.653985 8.50388e-12 
0.00249794 4.03469e-07 5.32233e-07 0.0552907 0.0021148 5.35012e-05 0.00259388 0.00142606 0.0177423 0.752153 6.48235e-07 1.40387e-07 0.158554 0.00417682 0.0033929 2.44362e-07 1.86457e-07 2.11609e-06 
9.07399e-06 0.000919832 9.19822e-05 0.000150664 0.995609 0.000971042 2.86862e-05 0.00100686 0.000278328 0.000260779 0.000163133 3.1341e-06 0.000372721 8.19871e-06 0.00011235 5.4553e-06 4.16258e-06 4.77863e-06 
1.19212e-09 8.49557e-06 0.00449359 0.133025 0.0390279 2.92088e-06 3.76874e-09 0.600349 8.37177e-07 2.87551e-09 0.0145484 4.11752e-10 0.0767857 0.00017992 0.131576 3.23565e-07 5.46873e-10 2.04905e-06 
0.0845777 1.3136e-08 0.000194751 0.000108045 0.00754511 0.745966 1.91818e-05 9.13694e-06 4.72076e-06 3.43944e-06 2.11049e-08 4.57066e-09 0.0750479 0.0284484 0.0580554 3.58718e-06 1.20959e-06 1.57364e-05 
0.000291489 0.281215 1.05333e-08 1.14511e-05 0.0233107 0.0104008 1.3571e-06 0.00365796 1.90216e-07 5.22147e-11 2.07307e-07 7.47676e-12 0.00352346 0.02323 0.608123 2.99747e-05 0.0456121 0.000592222 
6.4678e-06 0.00693048 2.04004e-08 3.66045e-05 0.618938 0.0717466 7.51186e-06 0.27105 3.59627e-05 1.27704e-05 2.31766e-05 5.38102e-09 0.00621344 0.000109714 0.0248781 9.36636e-09 1.05583e-05 8.20456e-09 
0.013615 4.28128e-05 1.59342e-06 1.02148e-05 0.000695274 0.00135725 7.11497e-06 0.890446 1.30984e-05 0.000226604 4.11748e-08 8.91716e-09 0.00571001 0.0785298 0.00389075 0.0054539 1.18434e-08 1.35962e-08 
1.09744e-07 2.30979e-05 0.000212111 1.81688e-05 0.00311269 0.0397418 3.46942e-07 0.0562451 0.884279 0.000220213 0.000994983 3.79049e-08 0.0141145 9.91584e-08 0.000969837 4.03759e-05 5.03439e-08 2.73155e-05 
6.80939e-06 0.0570988 7.91185e-09 3.35939e-06 0.000649976 0.0225094 1.91014e-08 0.106132 1.40416e-08 1.45742e-08 3.75112e-06 2.08691e-09 0.00520343 0.0100137 0.79827 3.63254e-09 0.00010807 3.18197e-09 
2.2305e-09 2.21411e-09 5.13368e-05 6.9022e-08 0.000243984 0.933748 7.05142e-09 0.0543551 5.18357e-09 5.38016e-09 3.5573e-09 7.704e-10 0.00936448 1.71226e-06 0.001344 0.000247736 1.02321e-09 0.000643514 
7.0144e-09 0.93744 1.68106e-05 4.79346e-06 0.00600508 0.00028923 2.21751e-08 0.0547859 1.63011e-08 1.69193e-08 1.11869e-08 2.42273e-09 0.000173312 0.00116068 2.68963e-05 9.58748e-05 1.04835e-06 2.80347e-07 
0.00229097 0.000100404 0.000155026 0.000943321 0.0191293 0.900244 0.000166008 0.0112137 0.00626587 0.00610654 0.00137165 4.57525e-05 0.00423441 6.44367e-05 0.0220488 8.26454e-05 0.00198248 0.0235551 
4.039e-09 0.157423 0.00639069 0.0205098 7.59063e-06 0.542783 1.27688e-08 0.0148849 0.120187 0.00164095 6.44159e-09 1.39504e-09 0.0143005 1.15571e-05 0.121156 0.000699393 1.85284e-09 6.25506e-06 
6.44946e-11 0.136705 0.026006 0.653236 0.0350985 4.52517e-11 2.03891e-10 6.46854e-06 1.49882e-10 1.55567e-10 1.02859e-10 2.2276e-11 0.00371194 6.52722e-07 0.134926 4.6568e-08 0.0102979 1.12084e-05 
2.18806e-07 8.10639e-05 4.90779e-05 0.00012186 0.00063587 0.00124068 1.9806e-11 0.00240903 0.000109077 0.0124817 1.10033e-08 2.16389e-12 0.000234223 0.043484 0.841938 0.000216986 0.0969977 6.51735e-09 
0.000229638 0.00137413 0.00178017 0.00560604 0.0160054 0.0101328 1.23183e-06 1.21483e-06 3.11803e-06 2.83189e-06 9.61038e-07 1.68883e-10 0.068839 0.647749 0.000825938 2.93964e-10 9.25689e-05 0.247356 
6.08223e-06 8.68228e-06 0.0951208 0.000104817 0.247744 0.444848 9.70652e-06 9.58169e-06 6.7437e-07 1.39709e-09 7.5756e-06 2.00053e-10 0.211135 2.28179e-05 4.57255e-06 3.48219e-10 1.80704e-06 0.000976449 
1.02555e-05 0.00273341 0.524025 0.0727869 0.02753 0.000217987 9.82385e-05 0.0254727 3.48287e-06 9.58757e-07 0.0020502 8.56048e-07 0.0102504 0.000961419 0.322459 8.43208e-05 0.0102577 0.00105715 
2.54735e-11 0.908187 3.33562e-11 0.0638805 0.00123337 1.78731e-11 8.0531e-11 0.00648501 5.91991e-11 6.14443e-11 4.06263e-11 8.79838e-12 2.56166e-08 2.30163e-11 0.0202144 1.53147e-11 1.16857e-11 8.31871e-08 
3.67481e-07 3.68429e-05 4.81198e-07 0.86561 0.000717496 5.18254e-05 1.16174e-06 0.005401 8.54009e-07 8.86397e-07 5.86077e-07 1.26926e-07 0.128058 3.32034e-07 0.000119539 2.20931e-07 1.68578e-07 1.93527e-07 
9.6672e-09 0.000139154 1.26587e-08 0.000187677 6.25094e-05 0.997564 3.05615e-08 0.000761327 0.000184245 6.53141e-05 0.000118732 3.33899e-09 0.000189203 0.000562523 0.00011111 5.81194e-09 5.4108e-05 5.09103e-09 
0.000204103 0.0173953 0.00112115 0.00580388 0.862918 0.00010392 2.75069e-10 0.0116857 2.02206e-10 0.000183337 1.38767e-10 3.00526e-11 0.00107255 0.00162674 0.0976379 5.23104e-11 6.91354e-05 0.000178624 
9.66901e-07 9.59795e-07 0.331256 0.0465936 0.00486591 0.322001 0.000474966 0.117518 2.24703e-06 2.33225e-06 1.54206e-06 3.33961e-07 2.44273e-05 8.73634e-07 0.000285153 5.81303e-07 8.17608e-05 0.17689 
2.42041e-06 8.96708e-05 6.85224e-06 1.03375e-05 3.00603e-06 0.766711 1.67694e-05 6.27892e-06 0.133046 1.84457e-05 1.66037e-06 7.28632e-10 4.70865e-06 0.00128784 0.0948788 0.000698297 9.67741e-10 0.00321771 
5.81163e-05 0.018933 1.45717e-06 0.00312267 0.00213984 0.917755 3.51801e-06 0.00160176 2.58613e-06 0.0120506 1.77477e-06 3.84359e-07 0.0403219 4.59203e-05 0.0014625 1.60986e-05 5.10491e-07 0.00248221 
0.000204103 0.0173953 0.00112115 0.00580388 0.862918 0.00010392 2.75069e-10 0.0116857 2.02206e-10 0.000183337 1.38767e-10 3.00526e-11 0.00107255 0.00162674 0.0976379 5.23104e-11 6.91354e-05 0.000178624 
7.12597e-06 0.209666 1.30245e-05 0.0610044 0.149858 4.46107e-05 8.08926e-09 0.119768 5.9465e-09 6.17202e-09 4.08088e-09 8.83789e-10 0.0228407 0.000669377 0.433728 1.53835e-09 0.00211704 0.000283202 
6.08223e-06 8.68228e-06 0.0951208 0.000104817 0.247744 0.444848 9.70652e-06 9.58169e-06 6.7437e-07 1.39709e-09 7.5756e-06 2.00053e-10 0.211135 2.28179e-05 4.57255e-06 3.48219e-10 1.80704e-06 0.000976449 
3.62323e-09 3.5966e-09 4.33772e-08 3.56075e-08 1.24031e-06 0.00311592 1.14543e-08 2.83791e-05 0.00342279 8.73954e-09 0.000369013 1.25144e-09 3.07496e-07 0.00114322 0.683584 6.44301e-06 0.308328 1.9081e-09 
5.43266e-05 0.337828 2.75455e-09 0.00653247 0.00647185 0.0216237 6.65025e-09 0.0290341 0.000611588 5.07407e-09 0.00138796 7.26569e-10 0.00908314 1.12268e-05 0.525162 1.26469e-09 1.236e-06 0.0621986 
5.70593e-05 1.05981e-06 8.37978e-06 0.0034291 0.000274336 0.00611506 1.3434e-06 8.30891e-05 3.87127e-05 2.04297e-05 9.81042e-07 2.67186e-08 0.00084577 2.65347e-06 0.000131233 4.65073e-08 2.40065e-07 0.98899 
2.67555e-07 0.00179273 2.92257e-06 3.15577e-06 0.0260198 0.0451662 1.19024e-07 2.6096e-06 1.3005e-07 3.77905e-07 3.30987e-07 5.2005e-08 0.0114791 0.000728397 0.000298352 0.000186742 1.33937e-07 0.914319 
7.39464e-06 2.5587e-05 2.6163e-09 9.28281e-06 0.0217643 1.4159e-07 6.31645e-09 0.909812 4.64329e-09 4.81939e-09 2.48582e-05 6.90101e-10 0.068312 1.80529e-09 2.73248e-05 1.20121e-09 9.16566e-10 1.71522e-05 
5.46377e-07 0.154868 9.28518e-07 0.106767 0.0125857 1.06021e-06 3.67432e-10 9.28225e-07 2.70103e-10 2.80347e-10 1.85362e-10 4.01436e-11 0.0132476 0.712521 5.97203e-06 6.98753e-11 3.99932e-07 6.1208e-11 
9.157e-05 0.286985 0.263996 0.00714205 0.0036791 0.110101 7.7571e-08 0.0746007 4.21976e-05 0.00148476 0.106086 8.47498e-09 0.0463555 4.52284e-06 0.0480756 1.47518e-08 9.52156e-07 0.0513561 
0.0069559 0.140731 5.86372e-06 0.00106333 0.00134693 0.00322326 2.43541e-05 0.119371 0.670617 0.00337852 1.23336e-05 1.13848e-08 0.0122767 0.00300902 0.0369369 0.00101757 1.51208e-08 3.03298e-05 
5.88459e-08 0.00995965 6.08677e-11 1.67102e-06 8.69336e-06 2.62288e-08 1.46951e-10 0.00149983 1.08025e-10 1.12122e-10 7.41341e-11 1.60551e-11 6.76551e-07 0.00261898 0.979882 2.7946e-11 0.00602841 2.44796e-11 
2.05126e-09 2.03619e-09 6.19027e-05 8.30324e-08 0.000486306 0.869372 6.48479e-09 0.108684 4.76703e-09 4.94783e-09 3.27145e-09 7.08493e-10 0.018705 2.05945e-06 0.00268612 1.12916e-06 9.40993e-10 9.18529e-07 
1.00805e-07 0.00109379 1.31999e-07 0.000201424 0.00334693 0.588941 6.85784e-05 0.00959349 0.000853269 2.43151e-07 0.000626893 3.48174e-08 0.000194654 9.10815e-08 0.394856 0.00015678 6.64811e-05 5.3087e-08 
3.34106e-06 0.588773 1.73853e-10 0.0778732 0.0371568 0.00301512 4.19728e-10 0.23133 4.71854e-06 5.62069e-06 1.06587e-06 4.58572e-11 0.052891 1.19961e-10 0.00894456 1.87475e-06 6.09057e-11 1.90566e-07 
4.38793e-07 0.00269279 6.03274e-07 0.000136288 0.0184374 0.377972 9.1616e-07 0.0301989 0.0409047 0.00447982 0.00337568 3.86223e-07 1.2386e-05 0.291728 0.227175 3.23723e-05 0.00038016 0.00247259 
6.82573e-07 0.0360349 3.31392e-06 0.00247914 6.80407e-05 0.643208 1.21281e-08 4.14683e-05 0.0258529 0.00688065 0.00453445 1.32506e-09 0.149777 3.46631e-09 0.131109 2.30643e-09 3.81137e-06 6.96707e-06 
2.26107e-10 3.95047e-06 0.232062 3.20067e-07 1.76545e-06 0.00879975 0.00196829 0.0371417 5.25461e-10 5.4539e-10 3.60606e-10 7.80958e-11 2.0386e-07 1.04212e-06 2.46225e-06 1.35936e-10 4.87607e-07 0.720018 
3.09331e-05 0.00285808 8.38162e-06 0.00338698 0.0167779 0.0648753 1.41731e-07 0.0268928 0.0041014 0.0607109 2.37631e-06 1.34987e-10 3.42802e-06 0.188023 0.584767 0.000894854 0.0245225 0.0221439 
8.26877e-05 0.00146726 2.97739e-05 0.0175604 0.000635501 0.915183 8.1166e-07 0.000155985 0.0561946 6.19288e-07 0.000168954 8.86775e-08 0.00766772 2.31978e-07 0.000518559 3.68094e-05 0.000130748 0.000165884 
2.44505e-09 0.212615 4.80569e-06 0.444982 0.112177 3.63709e-05 5.41852e-06 6.06308e-05 1.53476e-05 5.89767e-09 0.000110359 8.44504e-10 0.229966 7.07165e-06 7.89168e-06 1.32444e-06 1.12164e-09 1.159e-05 
7.57694e-07 1.14121e-09 3.29238e-05 4.41799e-08 0.00217542 0.915734 6.70178e-07 0.0543434 8.67347e-07 4.21592e-07 2.39192e-07 3.97083e-10 0.0253493 0.000547368 0.00134316 0.000165708 5.27391e-10 0.000305399 
5.70593e-05 1.05981e-06 8.37978e-06 0.0034291 0.000274336 0.00611506 1.3434e-06 8.30891e-05 3.87127e-05 2.04297e-05 9.81042e-07 2.67186e-08 0.00084577 2.65347e-06 0.000131233 4.65073e-08 2.40065e-07 0.98899 
1.58893e-09 0.0659228 2.08061e-09 1.71148e-06 3.65388e-05 0.114311 7.03747e-06 1.27964e-05 8.12739e-06 3.83263e-09 2.53409e-09 5.48804e-10 0.537504 3.30215e-05 2.60834e-05 2.58017e-06 7.289e-10 0.282134 
0.0517637 0.0362999 3.85308e-06 0.0887939 0.0177053 0.0311496 1.65458e-06 0.0802476 0.626007 8.12275e-06 0.0113483 1.80771e-07 0.0547233 4.72892e-07 0.00169156 3.12519e-06 2.40093e-07 0.000252364 
4.984e-07 7.11458e-07 5.99122e-06 0.0412362 3.62454e-06 0.945298 7.95388e-07 7.85159e-07 1.103e-10 1.14483e-10 6.20772e-07 1.63931e-11 0.01337 1.86978e-06 3.74692e-07 2.85343e-11 1.48076e-07 8.00138e-05 
7.39464e-06 2.5587e-05 2.6163e-09 9.28281e-06 0.0217643 1.4159e-07 6.31645e-09 0.909812 4.64329e-09 4.81939e-09 2.48582e-05 6.90101e-10 0.068312 1.80529e-09 2.73248e-05 1.20121e-09 9.16566e-10 1.71522e-05 
3.62634e-05 4.49975e-05 1.2729e-05 9.41874e-05 0.0152384 0.980735 2.3956e-05 5.29551e-05 0.000181972 3.61727e-05 9.19319e-06 5.49463e-08 0.000113857 0.00202437 0.00133964 9.56412e-08 7.29776e-08 5.57353e-05 
1.09704e-06 0.0174346 1.02948e-05 2.65431e-06 0.776527 0.0980083 0.000340791 0.0329007 5.58978e-07 0.0017961 1.37046e-09 2.96798e-10 0.0389133 2.64269e-06 0.0268415 2.58397e-07 3.94195e-10 0.00722059 
9.11477e-05 0.00850358 8.41201e-05 0.000700048 0.00317805 0.00362122 1.06981e-06 0.0909656 0.881557 2.5154e-05 0.00745403 1.16882e-07 6.36098e-05 0.00021464 0.00174073 2.03448e-07 1.55238e-07 0.00179958 
3.48651e-06 0.00181654 0.0135069 9.78258e-05 5.55789e-05 0.00488952 1.10221e-05 0.00796996 8.10247e-06 8.40976e-06 5.56044e-06 1.20422e-06 0.100126 3.1502e-06 0.87145 2.0961e-06 4.28518e-05 1.8361e-06 
0.0142022 0.0012272 7.3496e-05 0.0095084 0.0070913 0.549 0.000223191 0.0108909 0.00047667 3.52193e-05 0.000940004 7.70892e-08 0.00794262 0.000503247 0.13416 8.65782e-05 0.0104271 0.253212 
0.000169766 0.0032626 0.000111393 0.00252588 0.00568215 3.96823e-09 1.93615e-08 0.00113311 7.1649e-11 7.43663e-11 4.91702e-11 1.06487e-11 4.23471e-06 0.00114019 0.984891 1.85355e-11 0.00107121 8.13151e-06 
1.3891e-07 1.37889e-07 0.000336104 2.45527e-05 0.332754 0.230271 3.98234e-05 0.0427423 0.00166506 3.35062e-07 2.21539e-07 4.79784e-08 0.330168 1.2551e-07 2.50109e-05 8.35127e-08 6.37231e-08 0.0619735 
4.27956e-08 0.000566489 8.13831e-08 0.000677071 1.55347e-07 0.00101298 3.22048e-11 2.87166e-08 2.36741e-11 2.4572e-11 1.62467e-11 3.51853e-12 0.000641374 0.619488 0.374311 6.12445e-12 0.00330207 1.80799e-07 
4.84594e-08 1.60291e-11 2.11446e-11 5.51504e-08 1.30022e-07 1.24741e-08 5.10489e-11 2.17276e-09 3.75265e-11 3.89498e-11 2.57532e-11 5.57732e-12 9.52026e-09 0.00415431 0.34186 9.71777e-09 0.653985 8.50388e-12 
6.57767e-08 0.00115336 7.21181e-08 0.00984231 0.113519 0.0366717 1.74113e-07 7.90402e-06 0.000281528 1.32846e-07 8.78365e-08 1.90226e-08 0.00249708 0.00248447 0.833369 1.19227e-05 0.000156647 4.33997e-06 
0.111831 2.81183e-06 0.0949383 0.0951738 0.0413361 0.120604 4.03428e-06 0.332041 2.17436e-05 7.21013e-10 0.0306114 1.03244e-10 0.000239704 1.95942e-06 0.102893 1.79709e-10 0.000331985 0.0699694 
0.0942702 8.87994e-07 1.03653e-10 5.69642e-06 3.39433e-06 0.0240397 2.50247e-10 1.10498e-06 1.83959e-10 0.0584932 1.26245e-10 2.73406e-11 0.0334773 0.459604 0.160275 7.04379e-07 0.169829 4.16869e-11 
9.92034e-08 9.84744e-08 0.00166794 2.25072e-06 0.000311478 0.930808 3.13618e-07 0.0553809 2.30544e-07 2.39287e-07 1.58214e-07 3.42642e-08 0.0103142 5.69902e-05 0.00141896 2.09233e-05 4.55084e-08 1.70226e-05 
0.027752 1.54518e-07 1.30118e-08 3.68611e-08 0.00136486 2.74151e-05 3.77607e-11 0.797803 1.08677e-07 0.000323704 1.90495e-11 4.12553e-12 0.00231858 0.151266 0.00800315 0.0111408 5.47937e-12 6.29029e-12 
4.46706e-10 0.0058239 1.55324e-11 0.0268032 0.0788444 1.03818e-08 3.74995e-11 0.00444403 2.75662e-11 2.86117e-11 1.89178e-11 4.09699e-12 0.000205993 0.00121569 0.882661 7.13134e-12 1.35827e-06 4.03376e-08 
0.000199416 0.588829 0.0166946 3.23236e-05 0.000331328 0.000596834 6.87608e-07 0.114512 0.000407883 5.24637e-07 0.00607091 7.51243e-08 0.2703 8.03761e-05 1.80369e-05 1.30764e-07 4.20847e-05 0.00188286 
1.85481e-06 0.0782833 1.66586e-08 0.022025 0.00789523 0.000376747 6.17732e-07 0.00540063 5.2627e-05 0.000105574 2.02894e-08 4.39405e-09 3.05887e-06 0.00786364 0.8763 0.00125239 0.000439432 6.69972e-09 
1.50915e-09 0.0066756 0.98692 0.000336386 0.00278964 0.00236788 1.45268e-05 3.12237e-05 2.84138e-05 3.6402e-09 5.61538e-05 5.21251e-10 0.000481842 0.000156577 8.45758e-05 7.78999e-06 1.10496e-06 4.82075e-05 
4.76438e-10 0.155626 6.23871e-10 0.0516739 0.00890114 3.34286e-10 1.50619e-09 0.711233 1.10722e-09 1.14921e-09 7.59846e-10 1.64559e-10 0.0301916 4.30481e-10 0.0284187 2.86436e-10 2.1856e-10 0.013956 
0.000139444 0.000486366 0.0127062 0.0630537 0.00322294 0.000880503 6.37279e-13 0.0395336 1.41764e-05 0.000115331 0.000133806 6.96257e-14 0.00903584 9.88895e-05 1.40098e-05 1.44016e-05 7.61748e-05 0.870475 
1.68322e-05 0.032058 1.59863e-05 0.0771539 0.398241 0.000477621 1.54515e-07 0.0298459 0.000154833 9.84008e-05 0.00102791 1.68815e-08 0.349781 0.00549326 0.0977896 2.93844e-08 0.00784534 2.57396e-08 
5.46379e-09 0.000121495 7.15455e-09 2.15186e-05 0.00568886 0.412267 2.93815e-05 3.22691e-05 0.000176509 1.31791e-08 8.71391e-09 1.88716e-09 8.24126e-06 4.93676e-09 0.480161 3.28485e-09 2.50645e-09 0.101493 
0.496888 0.000423175 2.82125e-06 0.161693 1.31417e-06 0.134535 6.81128e-06 0.000483042 5.00704e-06 5.19693e-06 0.00056715 7.44163e-07 0.000159684 0.17131 0.033916 1.29531e-06 9.88369e-07 1.13464e-06 
3.12855e-07 0.881176 4.92484e-05 1.95155e-05 0.0512814 0.0352713 9.89048e-07 0.0119748 7.27059e-07 8.52802e-05 4.98956e-07 1.08058e-07 0.0150347 0.000195273 0.00481733 1.88089e-07 1.43518e-07 9.23305e-05 
2.97465e-09 4.16904e-06 0.00551303 0.876326 0.00505302 2.08712e-09 9.40395e-09 0.00761873 6.91294e-09 7.17511e-09 4.74411e-09 1.02742e-09 0.063771 6.05578e-05 0.0244552 1.78837e-09 5.56669e-06 0.0171927 
2.20464e-07 2.34524e-06 0.0193883 0.238038 0.0020492 0.0045735 2.44824e-10 0.111573 1.27811e-07 1.86798e-10 1.72023e-05 2.67481e-11 0.348137 0.000725294 0.153775 6.78541e-07 3.55258e-11 0.121719 
1.85481e-06 0.0782833 1.66586e-08 0.022025 0.00789523 0.000376747 6.17732e-07 0.00540063 5.2627e-05 0.000105574 2.02894e-08 4.39405e-09 3.05887e-06 0.00786364 0.8763 0.00125239 0.000439432 6.69972e-09 
9.30718e-07 9.23878e-07 0.000829409 0.000144943 5.67696e-07 0.955383 7.89538e-05 0.000679972 0.0131791 2.24497e-06 0.00374216 3.21464e-07 0.00184264 8.40941e-07 0.0240913 4.86422e-06 1.69717e-05 4.90144e-07 
6.08223e-06 8.68228e-06 0.0951208 0.000104817 0.247744 0.444848 9.70652e-06 9.58169e-06 6.7437e-07 1.39709e-09 7.5756e-06 2.00053e-10 0.211135 2.28179e-05 4.57255e-06 3.48219e-10 1.80704e-06 0.000976449 
0.00150682 0.000676136 6.29734e-12 0.00737503 0.00123288 3.37428e-12 1.52035e-11 0.00917441 0.00027952 1.16001e-11 7.66988e-12 1.66105e-12 0.0130056 0.0127653 0.912928 2.89128e-12 0.0410459 1.01408e-05 
3.05987e-06 5.75296e-09 7.58897e-09 5.63196e-06 0.857231 0.131454 1.83219e-08 1.36833e-06 7.11101e-06 1.39794e-08 9.24302e-09 2.00175e-09 0.00396985 0.00298634 0.00305831 3.4843e-09 6.00705e-06 0.00127772 
5.70593e-05 1.05981e-06 8.37978e-06 0.0034291 0.000274336 0.00611506 1.3434e-06 8.30891e-05 3.87127e-05 2.04297e-05 9.81042e-07 2.67186e-08 0.00084577 2.65347e-06 0.000131233 4.65073e-08 2.40065e-07 0.98899 
1.22617e-05 2.28155e-05 0.000133937 0.000144625 4.60389e-05 0.0103494 1.47385e-09 0.000119594 5.96001e-06 1.73189e-05 1.51687e-05 1.61024e-10 0.0041507 9.81519e-06 1.87277e-06 3.05538e-06 6.13816e-06 0.984961 
5.70593e-05 1.05981e-06 8.37978e-06 0.0034291 0.000274336 0.00611506 1.3434e-06 8.30891e-05 3.87127e-05 2.04297e-05 9.81042e-07 2.67186e-08 0.00084577 2.65347e-06 0.000131233 4.65073e-08 2.40065e-07 0.98899 
7.26473e-06 1.58684e-05 6.93535e-05 2.96001e-05 2.29176e-09 0.908635 7.93739e-06 0.00883548 0.00980804 2.0418e-05 5.99227e-09 1.29774e-09 0.0138893 1.08091e-05 7.70104e-07 0.000322987 2.28142e-06 0.0583449 
1.77293e-08 1.22214e-07 4.22025e-12 0.000570514 5.11316e-09 2.08064e-08 1.01888e-11 8.38134e-08 1.79999e-05 0.00210235 0.000144403 1.11318e-12 1.96669e-08 0.0302129 0.966617 9.6901e-09 0.000334184 1.69729e-12 
3.02922e-06 0.0267892 1.09625e-08 9.07921e-06 9.24415e-05 0.876986 2.64666e-08 2.2134e-05 0.00408062 0.0399652 1.33519e-08 2.89159e-09 8.81662e-06 7.56433e-09 0.052022 5.0332e-09 3.8405e-09 2.09788e-05 
7.0144e-09 0.93744 1.68106e-05 4.79346e-06 0.00600508 0.00028923 2.21751e-08 0.0547859 1.63011e-08 1.69193e-08 1.11869e-08 2.42273e-09 0.000173312 0.00116068 2.68963e-05 9.58748e-05 1.04835e-06 2.80347e-07 
5.79131e-09 0.000258125 1.97244e-05 2.97574e-05 3.53244e-09 0.771675 1.83085e-08 1.80743e-05 6.19237e-05 5.30968e-05 9.23626e-09 2.00028e-09 1.35542e-05 2.93083e-05 0.225731 0.00209463 2.6567e-09 1.58624e-05 
2.19689e-08 0.000417495 0.00257217 0.00104988 0.00542972 0.0383761 6.94516e-08 0.0223776 0.923922 0.000314302 3.54572e-06 7.5879e-09 0.00371918 1.98497e-08 0.00178707 2.3184e-05 1.0078e-08 7.73046e-06 
6.58132e-08 0.141748 8.61789e-08 3.95312e-05 5.25811e-05 0.641377 0.000162604 1.01949e-05 0.0686279 3.84637e-05 3.92464e-05 2.27314e-08 0.0705379 0.000145284 4.56025e-05 3.9567e-08 0.0771645 1.01793e-05 
0.000120117 0.000124971 7.8186e-05 0.000206184 9.53862e-05 0.0515505 0.000670978 6.43275e-05 0.767447 0.000104975 0.145354 6.89986e-08 0.00272996 1.80499e-07 0.000123329 3.16477e-05 0.0296471 0.00165036 
6.08223e-06 8.68228e-06 0.0951208 0.000104817 0.247744 0.444848 9.70652e-06 9.58169e-06 6.7437e-07 1.39709e-09 7.5756e-06 2.00053e-10 0.211135 2.28179e-05 4.57255e-06 3.48219e-10 1.80704e-06 0.000976449 
2.44505e-09 0.212615 4.80569e-06 0.444982 0.112177 3.63709e-05 5.41852e-06 6.06308e-05 1.53476e-05 5.89767e-09 0.000110359 8.44504e-10 0.229966 7.07165e-06 7.89168e-06 1.32444e-06 1.12164e-09 1.159e-05 
1.98954e-07 0.12486 4.59668e-10 0.000790824 0.0223431 0.00158375 1.10976e-09 0.0129451 1.80736e-06 4.32578e-06 5.59855e-10 1.21247e-10 0.00415333 0.000171913 0.832893 1.69272e-08 0.00013554 0.000117058 
1.69185e-05 0.00298671 8.95096e-05 0.456614 0.179649 0.00208191 3.67379e-06 0.191668 9.57138e-09 2.29212e-06 6.5685e-09 1.42253e-09 0.0635761 0.00285592 0.0853903 1.72053e-06 0.00469868 0.0103654 
0.00371382 0.832922 4.89413e-07 0.0117771 0.0144936 0.00811576 1.18158e-06 0.0075072 8.68589e-07 9.0153e-07 5.96082e-07 1.29093e-07 0.00572042 0.0106558 0.103778 0.00123017 5.15747e-05 3.11652e-05 
3.86343e-07 3.83504e-07 0.000272035 0.000496692 2.35652e-07 0.999082 1.22137e-06 3.53308e-06 5.18158e-05 9.31894e-07 2.55756e-05 1.3344e-07 3.05124e-06 3.49077e-07 2.49806e-05 1.64359e-06 1.7723e-07 3.47734e-05 
5.57846e-05 0.00592864 0.0068904 0.0696647 0.000122606 0.841018 0.000692791 0.00136874 0.000280361 0.00289465 1.39276e-05 2.95588e-08 0.0464434 1.77719e-05 7.22427e-06 4.00078e-05 3.92588e-08 0.0245611 
6.57906e-07 0.744059 1.4161e-07 0.000125421 1.63529e-05 7.58785e-08 1.38202e-05 0.25543 2.51324e-07 2.60856e-07 0.000287625 3.73526e-08 5.09361e-05 9.77135e-08 9.92425e-06 6.50172e-08 3.85872e-07 4.8823e-06 
5.19103e-06 0.00373495 3.34034e-06 1.09366e-06 0.514868 0.162156 6.08514e-09 2.23307e-05 0.0333715 4.27977e-07 1.78615e-05 6.64829e-10 0.143448 1.73918e-09 0.142372 1.15722e-09 8.83e-10 1.01368e-09 
5.88624e-07 1.97699e-05 1.66585e-07 0.000117245 0.000144668 0.000145174 5.44666e-09 0.0358798 0.962174 3.43693e-05 0.00074494 5.95072e-10 9.48063e-05 1.55669e-09 0.000605254 1.46835e-07 5.20902e-08 3.86893e-05 
6.68245e-05 5.22328e-06 8.38161e-05 0.0684466 0.808429 3.49072e-05 1.8711e-05 6.74509e-06 2.00234e-08 2.07828e-08 1.37413e-08 2.97594e-09 7.74226e-06 7.78498e-09 0.0906763 5.18001e-09 3.95253e-09 0.0322238 
0.0026411 0.00176266 1.95378e-07 0.00324096 0.00186579 1.04689e-07 4.71697e-07 0.00377503 0.0017341 3.599e-07 2.37962e-07 5.1535e-08 0.0032306 0.00730706 0.0313249 8.97034e-08 0.942959 0.000157233 
2.21035e-06 2.46501e-10 5.3331e-06 4.89042e-07 8.99736e-06 0.972212 0.0190417 7.83343e-07 0.00147484 7.7928e-07 9.50898e-07 8.57703e-11 0.00700807 1.3689e-06 6.50387e-06 1.50787e-08 1.13917e-10 0.000236444 
0.000373101 0.000813008 0.000415127 0.000108217 0.000659181 0.95645 3.14603e-05 0.00119003 1.07159e-05 1.11223e-05 7.35395e-06 1.59263e-06 0.000116984 0.00288003 0.0126482 5.09324e-05 0.0238809 0.000352575 
6.53499e-06 0.000374649 4.31276e-11 0.0144895 0.0130875 0.000194619 1.04122e-10 2.36882e-05 5.95648e-08 0.0301677 2.8841e-07 1.13758e-11 8.85364e-08 0.0270652 0.903151 0.000103518 0.0113357 1.73449e-11 
6.19621e-09 3.13746e-05 0.000137128 5.85266e-05 5.78287e-05 0.992225 0.00472279 0.000102087 0.000118092 4.03686e-05 2.07621e-05 2.14013e-09 1.82612e-05 1.34421e-05 6.33159e-06 0.00239008 2.84244e-09 5.84129e-05 
2.08638e-05 0.00252694 6.02681e-08 4.41284e-05 0.866954 0.000601334 1.45504e-07 0.0978341 0.0302917 0.00145633 7.34038e-08 1.5897e-08 6.07565e-05 2.38795e-05 0.000122461 2.76707e-08 2.11137e-08 6.27085e-05 
0.027752 1.54518e-07 1.30118e-08 3.68611e-08 0.00136486 2.74151e-05 3.77607e-11 0.797803 1.08677e-07 0.000323704 1.90495e-11 4.12553e-12 0.00231858 0.151266 0.00800315 0.0111408 5.47937e-12 6.29029e-12 
7.57694e-07 1.14121e-09 3.29238e-05 4.41799e-08 0.00217542 0.915734 6.70178e-07 0.0543434 8.67347e-07 4.21592e-07 2.39192e-07 3.97083e-10 0.0253493 0.000547368 0.00134316 0.000165708 5.27391e-10 0.000305399 
2.19921e-05 0.0859007 7.29456e-05 0.00118918 3.68819e-06 8.86677e-05 3.15528e-08 0.00109986 1.13124e-07 0.000110072 1.59177e-08 3.44728e-09 0.000375891 0.015655 0.854121 1.99872e-07 0.00445287 0.0369081 
4.82035e-05 6.82586e-08 9.00428e-08 5.29114e-05 0.0873629 0.000115842 2.17388e-07 0.912164 1.59804e-07 1.65865e-07 1.09668e-07 2.37506e-08 7.15343e-05 6.84062e-05 0.000114971 4.1341e-08 3.15446e-08 3.62131e-08 
0.100851 0.893574 2.16125e-07 0.00355374 0.000745195 0.000114553 5.21785e-07 0.000387398 3.83569e-07 0.000218982 4.54111e-05 5.70074e-08 2.92086e-05 1.4913e-07 3.42587e-06 0.000475579 7.5715e-08 8.69205e-08 
3.4429e-05 3.87351e-05 0.00068581 3.56082e-05 0.00570623 0.986411 0.000417068 6.63318e-05 0.000297204 6.43505e-06 9.44445e-05 9.21453e-07 0.00257756 6.44553e-05 0.00319279 6.34314e-05 2.77414e-05 0.000280073 
0.658388 0.00102165 0.00157514 0.029423 0.175905 0.000880133 3.13153e-09 0.0633034 4.59841e-06 2.38932e-09 1.69131e-06 3.42134e-10 1.38379e-06 1.16021e-05 0.0129559 4.71004e-05 0.00305474 0.0534265 
0.000186993 0.00010863 0.000367687 0.00024061 0.00304946 0.972132 0.000113149 0.0108534 0.00561039 5.58896e-06 3.69536e-06 8.00299e-07 0.000120835 6.25839e-05 0.00711655 1.39302e-06 1.06293e-06 2.50187e-05 
4.58447e-09 0.97613 6.00312e-09 0.00431293 0.00327438 5.20827e-07 1.44932e-08 0.000496232 1.15154e-05 1.10581e-08 7.31152e-09 1.58345e-09 4.98562e-06 8.48162e-05 0.0156846 2.75619e-09 2.10307e-09 2.41432e-09 
3.52588e-10 3.70771e-06 1.21367e-06 0.0680531 0.551662 0.026732 1.11466e-09 0.19179 1.76588e-07 7.86086e-07 5.62324e-10 1.21782e-10 4.4451e-05 5.85699e-07 0.139555 1.14772e-07 0.00129349 0.0208632 
0.100851 0.893574 2.16125e-07 0.00355374 0.000745195 0.000114553 5.21785e-07 0.000387398 3.83569e-07 0.000218982 4.54111e-05 5.70074e-08 2.92086e-05 1.4913e-07 3.42587e-06 0.000475579 7.5715e-08 8.69205e-08 
9.26422e-09 2.60185e-05 0.0337932 0.0965538 0.0449303 0.438197 2.92876e-08 0.0607743 4.49765e-05 0.00425446 1.4775e-08 3.1998e-09 1.22511e-06 8.37059e-09 0.0259136 5.56967e-09 4.8692e-06 0.295506 
7.63559e-08 0.0484216 0.010636 0.87188 0.0129977 5.3574e-08 2.41389e-07 0.00135892 1.77447e-07 1.84177e-07 1.21776e-07 2.63728e-08 0.00142148 0.000635872 0.0462823 4.53731e-05 0.00396545 0.00235468 
2.7435e-10 0.000645701 1.09556e-07 0.0534461 0.826408 6.4819e-09 8.58733e-12 0.0419933 6.31263e-12 6.55204e-12 4.33214e-12 9.38205e-13 0.024785 1.11183e-07 0.0472902 1.63307e-12 0.00543102 3.94834e-08 
2.58996e-06 3.37474e-05 0.251752 0.0870172 0.0374084 1.61459e-05 1.1759e-06 0.00226554 8.9204e-06 1.57116e-07 1.76421e-05 1.30294e-09 0.0102871 2.62129e-06 0.606254 2.84384e-06 2.32074e-05 0.00490706 
0.0141464 0.039922 0.00148016 0.0106461 0.429993 0.342129 3.47601e-06 0.0113544 0.000133199 9.53943e-05 9.01519e-07 1.86287e-07 0.0280561 0.00629438 0.0903707 1.71922e-05 0.00038204 0.0249758 
1.15104e-07 1.7559e-07 0.00595103 0.00754259 0.0828539 0.00315913 3.97575e-11 0.00309589 2.92262e-11 4.38487e-07 4.92489e-08 4.34369e-12 6.48969e-08 0.0836525 0.569267 2.01979e-06 0.244022 0.00045333 
1.6909e-07 0.187006 5.85905e-05 0.0133036 8.3936e-05 0.00509227 5.34554e-07 0.0173897 0.688817 4.07859e-07 0.0458739 5.84025e-08 0.0132471 0.000397711 0.0239287 1.01657e-07 7.75679e-08 0.00479978 
3.26096e-06 0.379261 4.25251e-08 0.0623005 0.0417788 0.0479395 7.21238e-07 0.305711 0.000314414 0.000482944 0.0118905 1.12169e-08 0.0308098 0.044961 0.0738058 1.10194e-05 0.000723243 6.39106e-06 
0.141655 0.000120188 1.40287e-09 6.66892e-05 0.0330113 0.0152552 2.48281e-07 8.30584e-07 0.00177311 4.41993e-08 3.35012e-06 3.70035e-10 0.00221655 0.00064294 0.800902 6.44094e-10 0.00418496 0.000167706 
3.34674e-08 0.424167 1.82523e-11 2.96767e-07 0.016367 0.000553929 4.40659e-11 1.08515e-07 3.23933e-11 4.71043e-08 2.22304e-11 4.8144e-12 0.0176697 0.00195376 0.367445 8.3801e-12 0.171843 7.34064e-12 
1.163e-05 0.53444 6.59232e-10 0.0826078 2.3648e-06 6.14662e-06 2.22979e-06 7.01567e-05 1.16998e-09 1.21435e-09 0.242698 1.73886e-10 0.140077 3.2024e-05 2.44891e-05 3.02671e-10 5.4044e-06 2.29603e-05 
0.00621908 0.227344 8.14275e-07 0.0033674 0.0180929 0.621391 1.96588e-06 0.00534189 1.44514e-06 1.49995e-06 9.91749e-07 2.14782e-07 0.00322329 0.0179802 0.0854464 0.000523771 0.00690371 0.00415936 
9.157e-05 0.286985 0.263996 0.00714205 0.0036791 0.110101 7.7571e-08 0.0746007 4.21976e-05 0.00148476 0.106086 8.47498e-09 0.0463555 4.52284e-06 0.0480756 1.47518e-08 9.52156e-07 0.0513561 
0.0101907 0.000136703 4.4227e-05 0.0781443 0.0634676 0.210972 9.30291e-05 0.00499701 0.00260259 0.000147005 0.00816072 3.4847e-05 0.0936915 0.0182942 0.433215 0.000225604 0.0667703 0.00881186 
3.12855e-07 0.881176 4.92484e-05 1.95155e-05 0.0512814 0.0352713 9.89048e-07 0.0119748 7.27059e-07 8.52802e-05 4.98956e-07 1.08058e-07 0.0150347 0.000195273 0.00481733 1.88089e-07 1.43518e-07 9.23305e-05 
4.58447e-09 0.97613 6.00312e-09 0.00431293 0.00327438 5.20827e-07 1.44932e-08 0.000496232 1.15154e-05 1.10581e-08 7.31152e-09 1.58345e-09 4.98562e-06 8.48162e-05 0.0156846 2.75619e-09 2.10307e-09 2.41432e-09 
4.60188e-07 8.58183e-07 6.7562e-07 0.102566 0.260427 2.02021e-06 2.20394e-10 2.95453e-06 6.44818e-05 0.0112677 1.11185e-10 2.40791e-11 0.558473 2.36849e-06 0.065992 0.00119939 3.19809e-11 3.67139e-11 
0.0694919 0.00102629 5.0866e-05 2.87238e-05 0.826655 0.0871895 2.1649e-06 0.00900465 0.000871699 1.65179e-06 1.09215e-06 2.36525e-07 8.42271e-05 6.18743e-07 0.00535218 0.000137758 3.14143e-07 0.000100619 
1.40949e-09 0.687621 0.000190472 0.046948 8.16823e-06 0.000136179 4.4559e-09 2.43575e-05 1.37607e-05 3.39981e-09 4.49809e-06 4.86828e-10 1.0509e-06 0.00184038 0.129851 1.69562e-06 6.46586e-10 0.133359 
0.00150682 0.000676136 6.29734e-12 0.00737503 0.00123288 3.37428e-12 1.52035e-11 0.00917441 0.00027952 1.16001e-11 7.66988e-12 1.66105e-12 0.0130056 0.0127653 0.912928 2.89128e-12 0.0410459 1.01408e-05 
0.00832391 0.0145399 4.35814e-06 0.016999 0.00852833 0.0140135 1.05217e-05 0.00781861 7.73464e-06 8.02798e-06 5.30802e-06 1.14955e-06 0.00519319 0.911482 0.0052556 0.00780568 1.52679e-06 1.75274e-06 
0.000289535 0.079208 0.000179172 0.000639489 0.0241574 0.779435 4.71967e-09 0.00277223 3.17509e-06 4.83629e-06 0.0226845 5.15646e-10 1.03584e-05 0.014946 0.0172214 8.97549e-10 1.13603e-06 0.0584475 
2.55126e-06 0.791935 7.74129e-07 0.000116569 0.000555545 0.158006 1.86896e-06 0.0235429 2.92065e-05 1.426e-06 9.42853e-07 2.04192e-07 0.0129896 4.07058e-05 0.0126394 3.55423e-07 2.712e-07 0.000136566 
0.000410594 0.0179752 6.71219e-05 0.00117041 0.0219039 0.690007 0.00244237 0.0148128 6.25111e-05 0.000164411 0.00437231 1.53024e-07 0.0562338 0.00232558 0.186559 6.07536e-05 0.00108535 0.000346994 
0.027752 1.54518e-07 1.30118e-08 3.68611e-08 0.00136486 2.74151e-05 3.77607e-11 0.797803 1.08677e-07 0.000323704 1.90495e-11 4.12553e-12 0.00231858 0.151266 0.00800315 0.0111408 5.47937e-12 6.29029e-12 
2.16741e-09 0.0339996 2.81001e-11 0.211608 0.528364 0.000225366 6.78414e-11 0.136941 4.98709e-11 5.17622e-11 3.42247e-11 7.41198e-12 0.0888471 8.78367e-07 7.56259e-06 1.29015e-11 6.70301e-06 3.73054e-08 
1.88644e-09 1.87258e-09 2.4702e-09 3.01859e-06 0.0156921 0.984282 5.96374e-09 2.53831e-07 1.75799e-06 4.55027e-09 3.00859e-09 6.51566e-10 1.47192e-06 1.15922e-05 1.18305e-06 1.13413e-09 1.99125e-06 4.96828e-06 
5.70593e-05 1.05981e-06 8.37978e-06 0.0034291 0.000274336 0.00611506 1.3434e-06 8.30891e-05 3.87127e-05 2.04297e-05 9.81042e-07 2.67186e-08 0.00084577 2.65347e-06 0.000131233 4.65073e-08 2.40065e-07 0.98899 
5.57846e-05 0.00592864 0.0068904 0.0696647 0.000122606 0.841018 0.000692791 0.00136874 0.000280361 0.00289465 1.39276e-05 2.95588e-08 0.0464434 1.77719e-05 7.22427e-06 4.00078e-05 3.92588e-08 0.0245611 
3.23649e-07 2.95575e-07 1.52622e-07 3.54436e-07 0.00144099 0.901507 5.73068e-07 6.66694e-07 1.50399e-10 1.56103e-10 2.05406e-06 2.23528e-11 0.00425757 8.8302e-07 0.0923619 0.000182288 0.000243443 1.32582e-06 
1.5222e-10 2.35734e-06 1.60458e-05 1.03079e-07 0.0114477 0.984991 6.26073e-07 5.82288e-06 2.26438e-06 0.00352761 2.7678e-06 5.25759e-11 9.94847e-07 4.81517e-07 6.25614e-07 4.57668e-07 6.98293e-11 1.29072e-06 
0.00464028 3.15401e-10 4.16058e-10 9.40676e-07 0.00250727 0.972435 1.4274e-05 1.76937e-06 4.51244e-05 7.66406e-10 1.4114e-06 1.09744e-10 1.56912e-06 4.27512e-07 0.0203498 4.02895e-07 7.17124e-07 1.15686e-06 
2.00671e-05 0.993682 1.49618e-08 3.14595e-06 0.00136325 5.46812e-05 1.38312e-09 2.00126e-07 1.5077e-06 1.05531e-09 6.97759e-10 1.51113e-10 0.0016351 3.04759e-07 0.00323881 7.95394e-08 5.34535e-07 2.30405e-10 
0.000102314 0.00240753 0.00152154 0.00214285 0.051941 0.799889 9.67015e-05 0.0693307 0.000107944 2.32358e-07 0.0279646 3.3272e-08 0.0116379 1.6321e-05 0.0107438 1.73737e-05 4.41906e-08 0.0220805 
7.86982e-05 0.260005 3.76316e-09 0.0118635 0.0332957 0.000975654 9.08529e-09 0.000625987 3.69227e-06 6.93198e-09 4.58335e-09 9.92609e-10 0.000280034 1.45973e-05 0.69245 1.72777e-09 1.60726e-06 0.000405231 
0.658388 0.00102165 0.00157514 0.029423 0.175905 0.000880133 3.13153e-09 0.0633034 4.59841e-06 2.38932e-09 1.69131e-06 3.42134e-10 1.38379e-06 1.16021e-05 0.0129559 4.71004e-05 0.00305474 0.0534265 
1.71193e-05 9.02056e-07 8.43807e-06 4.31256e-05 0.167682 3.69766e-05 2.02456e-08 3.26629e-07 1.04137e-09 1.08086e-09 3.02433e-06 1.54772e-10 6.11364e-05 0.0309486 0.694504 8.82386e-07 0.106693 3.9074e-07 
2.43976e-07 1.13722e-05 9.19079e-07 4.67414e-06 0.0437274 2.08388e-06 9.48396e-08 0.00496805 0.000209323 1.34297e-07 3.54979e-07 1.47812e-11 0.0788363 0.0264457 0.845793 2.57287e-11 1.96319e-11 4.03441e-07 
7.07267e-10 0.0141919 4.43903e-07 0.0368891 0.0788467 1.60854e-08 1.07434e-10 0.0162295 7.8976e-11 8.19712e-11 5.41985e-11 1.17377e-11 4.14812e-07 2.75608e-07 0.853839 2.0431e-11 2.10305e-06 1.35106e-07 
1.65463e-07 1.64247e-07 2.16665e-07 0.670273 0.000137308 0.229792 5.79887e-05 0.0001023 0.000435013 3.99112e-07 2.63888e-07 5.71499e-08 3.78526e-05 2.68386e-05 0.0885607 1.46552e-06 2.16058e-06 0.0105723 
0.000597767 0.00777728 4.34269e-05 0.0244364 0.18083 0.00139084 2.36734e-05 0.0260655 0.696218 0.00122627 0.000884541 1.16077e-05 0.0271568 0.000203092 0.00332969 0.00117808 0.028436 0.000191122 
0.00187348 0.013562 1.21346e-07 0.297327 0.00768082 0.0017397 4.83181e-05 0.548744 2.1536e-07 2.23528e-07 1.46337e-06 3.20076e-08 0.0331285 0.00194098 0.0827197 2.31287e-05 0.00162551 0.00958444 
1.71342e-05 2.12735e-05 0.00218607 4.4618e-05 0.38509 0.290208 1.11935e-05 1.84345e-05 0.0765774 1.70203e-05 1.74782e-05 8.68604e-09 5.39459e-05 0.0121861 0.0587155 6.43454e-06 0.174803 2.63854e-05 
3.15355e-08 2.06112e-05 4.08853e-10 4.75126e-05 0.148557 7.45071e-07 9.87082e-10 2.30075e-05 7.25614e-10 7.53133e-10 4.97964e-10 1.07843e-10 0.00386655 1.27801e-05 0.847375 1.87715e-10 9.75278e-05 1.64431e-10 
0.000825009 0.00216783 0.00123051 0.0183672 0.437677 0.000279418 1.79049e-08 0.238213 1.31621e-08 1.36613e-08 9.0327e-09 1.9562e-09 0.000844927 0.0728267 0.21978 3.9653e-07 0.00063707 0.00715128 
6.44946e-11 0.136705 0.026006 0.653236 0.0350985 4.52517e-11 2.03891e-10 6.46854e-06 1.49882e-10 1.55567e-10 1.02859e-10 2.2276e-11 0.00371194 6.52722e-07 0.134926 4.6568e-08 0.0102979 1.12084e-05 
6.44946e-11 0.136705 0.026006 0.653236 0.0350985 4.52517e-11 2.03891e-10 6.46854e-06 1.49882e-10 1.55567e-10 1.02859e-10 2.2276e-11 0.00371194 6.52722e-07 0.134926 4.6568e-08 0.0102979 1.12084e-05 
1.58417e-06 0.00959397 0.943009 0.00209627 0.00116049 0.00289103 5.00813e-06 0.0142996 3.68152e-06 3.82115e-06 0.0108665 5.4716e-07 0.0043118 0.00458178 0.00717287 9.52404e-07 7.26717e-07 8.34269e-07 
1.49996e-05 0.134532 2.85457e-05 0.170568 0.139852 0.0101041 6.51916e-05 0.041052 1.89988e-08 1.97194e-08 1.30382e-08 2.82367e-09 0.0408903 2.07487e-05 0.389343 3.04628e-06 3.75029e-09 0.0735262 
4.58447e-09 0.97613 6.00312e-09 0.00431293 0.00327438 5.20827e-07 1.44932e-08 0.000496232 1.15154e-05 1.10581e-08 7.31152e-09 1.58345e-09 4.98562e-06 8.48162e-05 0.0156846 2.75619e-09 2.10307e-09 2.41432e-09 
1.02825e-05 2.97127e-07 3.91953e-07 1.6473e-05 1.82576e-07 0.978567 4.82868e-05 1.34998e-05 0.000817342 7.22003e-07 6.8409e-05 1.03386e-07 9.32689e-07 2.70454e-07 4.05173e-06 1.79956e-07 1.37313e-07 0.0204515 
3.8614e-05 0.852105 2.18878e-09 0.146734 7.85161e-06 2.0408e-05 7.40333e-06 0.000232934 3.88455e-09 4.03187e-09 0.000503313 5.77335e-10 6.83846e-05 0.000106326 8.13085e-05 1.00493e-09 1.79437e-05 7.62328e-05 
2.08638e-05 0.00252694 6.02681e-08 4.41284e-05 0.866954 0.000601334 1.45504e-07 0.0978341 0.0302917 0.00145633 7.34038e-08 1.5897e-08 6.07565e-05 2.38795e-05 0.000122461 2.76707e-08 2.11137e-08 6.27085e-05 
2.7342e-06 0.000212884 8.09913e-05 0.0124816 0.0633984 0.710325 8.46745e-05 0.000571365 0.00158967 6.45006e-05 2.67369e-05 2.28824e-09 0.00785525 0.0267188 0.163275 1.09896e-05 0.000357009 0.0129442 
1.40661e-07 0.000190315 0.0201195 0.000794935 0.000918249 0.0592957 4.4468e-07 0.000235149 0.332899 3.39286e-07 2.24332e-07 4.85833e-08 0.255805 1.27093e-07 0.000932903 8.45656e-08 0.328808 7.40762e-08 
1.23152e-06 0.00311781 5.87428e-05 0.0237945 0.158814 0.302939 8.01555e-07 0.0320078 0.0105853 0.0680246 0.00155597 2.15234e-10 0.205765 0.0654898 0.117486 0.000129024 2.85865e-10 0.0102299 
6.58132e-08 0.141748 8.61789e-08 3.95312e-05 5.25811e-05 0.641377 0.000162604 1.01949e-05 0.0686279 3.84637e-05 3.92464e-05 2.27314e-08 0.0705379 0.000145284 4.56025e-05 3.9567e-08 0.0771645 1.01793e-05 
0.00054465 0.000374006 5.61232e-09 0.00135716 0.0156455 0.82268 0.00177867 0.000593501 0.00419287 1.03383e-08 1.30017e-05 1.48036e-09 0.00293988 0.00723923 0.0919994 1.17175e-06 0.00648585 0.0441548 
1.22617e-05 2.28155e-05 0.000133937 0.000144625 4.60389e-05 0.0103494 1.47385e-09 0.000119594 5.96001e-06 1.73189e-05 1.51687e-05 1.61024e-10 0.0041507 9.81519e-06 1.87277e-06 3.05538e-06 6.13816e-06 0.984961 
2.4212e-08 0.00542031 3.17043e-08 6.42616e-05 0.000174076 0.78347 1.70493e-05 6.59425e-05 1.75238e-05 0.000107544 8.05252e-05 8.36265e-09 0.0929253 0.000572673 0.116902 1.45563e-08 0.000182387 1.27507e-08 
0.00532468 0.845746 2.30923e-08 0.0016468 0.00120175 0.0078051 2.10781e-06 0.0175305 5.25328e-07 1.47857e-06 0.0263275 1.74551e-10 0.025171 0.0288498 0.0387301 2.51919e-08 0.000464163 0.00119822 
1.66501e-06 3.90807e-06 2.5647e-10 7.45411e-06 0.0784991 0.611088 8.67483e-07 1.10418e-06 3.55079e-06 1.74848e-06 3.12368e-10 6.76491e-11 0.0116761 1.83164e-05 0.298695 1.17752e-10 2.06742e-07 2.74379e-06 
1.8055e-06 3.32617e-05 1.2658e-05 0.27328 0.167911 0.549787 4.07411e-09 2.07609e-06 3.7739e-05 1.30588e-05 2.05531e-09 4.45115e-10 1.70012e-05 1.16441e-09 0.00889059 7.74781e-10 6.03069e-06 8.28055e-06 
8.2769e-08 0.00101293 4.13505e-05 0.00616299 0.00503154 0.937855 0.00119165 0.00435671 0.000776619 4.70831e-06 9.01995e-07 1.52693e-09 0.000863102 0.0039379 0.0250537 1.49116e-06 1.5475e-06 0.0137074 
2.44505e-09 0.212615 4.80569e-06 0.444982 0.112177 3.63709e-05 5.41852e-06 6.06308e-05 1.53476e-05 5.89767e-09 0.000110359 8.44504e-10 0.229966 7.07165e-06 7.89168e-06 1.32444e-06 1.12164e-09 1.159e-05 
3.34674e-08 0.424167 1.82523e-11 2.96767e-07 0.016367 0.000553929 4.40659e-11 1.08515e-07 3.23933e-11 4.71043e-08 2.22304e-11 4.8144e-12 0.0176697 0.00195376 0.367445 8.3801e-12 0.171843 7.34064e-12 
0.324861 5.9731e-06 1.75324e-05 0.000913729 1.13854e-05 7.91331e-06 5.00132e-10 9.30248e-06 3.67652e-10 3.71654e-08 2.52307e-10 5.46417e-11 6.45791e-06 1.41771e-05 0.667189 9.51111e-11 4.38902e-05 0.00691975 
5.70593e-05 1.05981e-06 8.37978e-06 0.0034291 0.000274336 0.00611506 1.3434e-06 8.30891e-05 3.87127e-05 2.04297e-05 9.81042e-07 2.67186e-08 0.00084577 2.65347e-06 0.000131233 4.65073e-08 2.40065e-07 0.98899 
2.49244e-07 0.113717 0.00200996 0.170692 0.351044 0.00622697 2.33816e-07 0.0256228 3.64684e-10 3.78515e-10 2.5027e-10 5.42005e-11 0.0377051 0.0683519 0.193348 9.43431e-11 0.0206228 0.010659 
