0.122626 0.00460587 0.00176395 0.028956 0.00900752 0.0312076 2.17273e-05 0.0284032 0.072302 0.000152773 0.0414839 0.443299 0.0393303 0.00211698 0.0149318 0.139813 0.00131202 0.0186662 
0.00440153 1.16579e-05 0.000435046 0.0282379 0.0411356 0.0766375 0.000201 0.00752433 0.0208494 0.00217915 0.00160977 0.384081 0.220047 0.00436942 0.0428778 0.0338255 0.00617827 0.125399 
1.95633e-07 0.000285944 0.000736836 0.0136605 0.00216801 2.6749e-05 9.85299e-07 0.0292522 5.07216e-06 1.42728e-05 0.00301044 0.604071 0.282601 6.58619e-05 0.0011118 7.18192e-09 0.0152504 0.0477387 
0.0249049 0.0458149 0.00136201 0.0364286 0.0378936 0.0176069 3.87113e-05 0.0326693 0.00731659 0.000125553 0.0854706 0.584812 0.0651239 0.000773897 0.0286548 0.0254826 2.87138e-05 0.0054927 
0.191651 0.00503223 0.0222909 0.159455 0.0179973 0.00571468 1.60946e-05 0.101231 0.00087839 0.00075266 0.0139269 0.248974 0.119333 0.00156837 0.0188345 0.046036 0.0173027 0.029005 
0.00803717 0.00667663 0.00334941 0.0274995 0.0680138 0.186909 1.09413e-07 0.034144 0.000393104 0.000788422 0.00206522 0.394595 0.0344495 0.0334283 0.0518877 0.00216492 0.0578388 0.0877595 
0.00810436 0.000499972 0.0243245 0.00989326 0.0043801 0.0270284 7.19329e-05 0.0962913 0.00653315 0.0129209 0.034376 0.471966 0.152241 0.00428758 0.0230702 0.00963149 0.039044 0.0753354 
0.00244036 0.0003405 0.00264305 0.0280257 0.00652495 0.0993692 7.71459e-05 0.0653067 0.0101493 3.54256e-05 0.000307096 0.552158 0.0307179 6.39665e-05 0.0151855 0.0703545 6.1342e-05 0.116239 
0.000732418 0.0268265 0.00403677 0.014488 0.0239739 0.160412 8.21066e-05 0.0618106 0.00162914 0.0265479 0.0118642 0.437097 0.152535 0.00202972 0.0350927 8.52199e-05 0.0365847 0.00417261 
0.271841 0.00123634 0.00115448 0.0170736 0.0230973 0.00285342 6.03718e-05 0.129875 9.72792e-05 0.000466201 0.00755827 0.34159 0.0702768 0.016783 0.00883209 0.0885696 0.00540718 0.0132277 
0.00543773 0.00526605 0.00565702 0.0871848 0.00511003 0.0228739 0.000111091 0.146775 0.00188947 0.000431717 0.0234715 0.456015 0.143385 0.000683526 0.0264637 0.00849889 0.0136522 0.0470934 
0.0176396 0.000234898 1.65977e-05 0.0117429 0.0569261 0.0533736 1.48851e-06 0.0107265 0.00555579 0.000396407 0.000560596 0.45083 0.0335136 0.00381454 0.0699922 0.278621 0.00221954 0.00383531 
0.162445 0.00019341 0.190653 0.00879562 0.128835 0.02718 1.63113e-05 0.0182073 0.00321333 0.000330887 0.000247705 0.227542 0.0786201 0.0626471 0.0253401 0.00757527 0.0173675 0.0407907 
0.106544 0.00445386 0.000173415 0.0243744 0.0385875 0.104101 7.02135e-05 0.0436628 0.000387891 0.000431533 0.0845818 0.446118 0.0765944 0.0108448 0.0398161 0.00375574 0.000251796 0.0152515 
0.0977142 0.0007067 0.00141383 0.0315363 0.00694162 0.0616329 0.000291615 0.106507 0.0101211 0.00638876 0.00135157 0.207492 0.123666 0.0156737 0.0499671 0.132033 0.0248483 0.121715 
0.0105521 0.00355546 0.0216454 0.0344456 0.0646179 0.0146108 1.21542e-05 0.0451767 0.000576773 0.00043641 0.017885 0.469883 0.216787 0.00210964 0.0482391 0.0115041 0.00469093 0.0332721 
0.000108945 0.00192308 0.000304143 0.000443363 0.00159534 0.000559396 1.65935e-06 0.000428456 0.00093056 5.97116e-05 0.00064042 0.941615 0.00578221 0.0339355 0.0102963 8.08479e-07 0.000242861 0.00113194 
0.219178 9.93912e-06 0.00232806 0.0498802 0.111237 0.00599746 0.000278366 0.0280892 0.000636088 0.00160503 0.0806109 0.33875 0.0644556 0.00188057 0.0170632 0.00932229 0.00344974 0.0652277 
0.179853 0.00231281 0.00420028 0.0825562 0.00943584 0.00105959 2.78546e-06 0.0859787 2.09716e-05 0.00268291 0.00527477 0.384257 0.199884 0.000841606 0.0168193 0.000161212 0.00480422 0.0198539 
0.000176696 0.000721918 0.00242824 0.00997279 0.00279179 0.371038 0.000504583 0.0175651 0.00350313 0.000988418 0.0026282 0.521141 0.0213638 0.000231526 0.00208869 0.0299611 0.00725954 0.00563555 
0.162445 0.00019341 0.190653 0.00879562 0.128835 0.02718 1.63113e-05 0.0182073 0.00321333 0.000330887 0.000247705 0.227542 0.0786201 0.0626471 0.0253401 0.00757527 0.0173675 0.0407907 
0.0685369 0.000540667 0.00187365 0.0871064 0.0208253 0.120535 0.000335114 0.0598456 0.000139697 0.00462853 0.00168725 0.217602 0.135853 0.105061 0.0363489 0.0138791 0.0342872 0.0909143 
0.0284322 0.002129 0.000762547 0.0267279 0.147292 0.0541427 5.06495e-06 0.0963057 0.0199423 0.000799133 0.0236553 0.464509 0.05436 0.000120446 0.00857403 0.00854588 0.01263 0.0510663 
0.000176696 0.000721918 0.00242824 0.00997279 0.00279179 0.371038 0.000504583 0.0175651 0.00350313 0.000988418 0.0026282 0.521141 0.0213638 0.000231526 0.00208869 0.0299611 0.00725954 0.00563555 
0.00319511 0.00273387 0.000777617 0.0364614 0.00487676 0.0251943 6.62285e-05 0.0648559 0.00132808 0.000174397 0.00392083 0.559974 0.182822 0.000642964 0.00486038 0.0073503 0.00051197 0.100253 
0.00582678 0.000148145 7.12459e-05 0.000212879 0.00242663 0.000563895 1.99268e-05 0.000741265 2.37872e-05 6.05806e-05 0.000285451 0.980091 8.41671e-05 0.00107754 0.00134035 0.00121436 7.80808e-05 0.00573348 
0.00448224 0.219306 0.0608468 0.155707 0.0140489 0.00345093 0.000184708 0.0834158 4.27719e-05 0.00219405 0.00050626 0.32407 0.0401434 0.0022417 0.0106939 5.45917e-05 0.00216236 0.0764496 
0.0727277 0.00152307 0.000837301 0.0682801 0.0251049 0.125992 2.50549e-05 0.0722017 0.0143882 8.73097e-05 0.002546 0.236503 0.207907 0.00878893 0.110455 0.02915 0.000339625 0.0231436 
0.000957383 0.0021403 0.0117396 0.110734 0.0276815 0.00712731 0.00151332 0.0676344 9.99858e-05 0.000175104 0.00423452 0.279529 0.212095 0.005597 0.00947427 0.000827323 0.0445267 0.213914 
0.0101195 0.0032708 0.000440769 0.00916631 0.00175698 0.002684 3.7162e-05 0.00194912 4.58327e-06 3.16622e-05 0.000887945 0.870408 0.00538853 0.002439 0.0177469 0.0424341 0.000231036 0.0310036 
0.0206924 0.041275 0.0185115 0.167753 0.107554 0.1741 3.43154e-09 0.0857231 3.53646e-06 2.30481e-06 3.50722e-06 0.232944 0.0673591 0.000347373 0.0685931 5.01211e-07 0.000516525 0.0146205 
0.0532015 0.000595587 0.000892469 0.0226745 0.0283762 0.0325719 1.28617e-05 0.016342 0.000616646 6.6644e-05 0.00235999 0.446556 0.249784 0.00418085 0.060481 0.0324903 0.0252177 0.023579 
0.0141346 0.00525383 0.00399376 0.0318622 0.00474283 0.0272965 9.45452e-05 0.0120307 0.00728558 0.00738724 0.0977121 0.372419 0.0861304 0.010861 0.24004 0.000612793 0.0443862 0.0337571 
0.0666935 0.0101668 0.022834 0.0409038 0.0215042 0.002791 0.000248008 0.103947 0.00128728 3.27007e-05 0.00178012 0.436427 0.218915 0.00149632 0.0261854 0.00402203 0.00126869 0.039497 
0.00789417 0.00206576 0.00026291 0.0411419 0.00231727 0.000713885 4.30984e-06 0.0508175 0.000247732 0.00159748 0.0767692 0.415111 0.240149 0.00323309 0.0352399 0.0765954 0.0222182 0.0236207 
0.00748899 0.0275315 7.11471e-05 0.1084 0.0259024 0.00724801 4.50119e-06 0.0197765 0.00156475 0.000287988 0.00912948 0.564017 0.191409 0.000392544 0.0103026 0.00538605 0.00385076 0.0172365 
0.0350536 0.0255195 0.00200332 0.0348683 0.109596 0.155563 0.000281396 0.0518024 0.0279305 4.38372e-05 0.0302511 0.273591 0.110457 0.00767116 0.0647302 0.027716 0.00593641 0.0369851 
0.13318 0.00313435 0.000681148 0.0628495 0.100507 0.0397407 6.12177e-05 0.0664338 0.0044679 0.000265119 0.00357126 0.373901 0.0993871 0.00193128 0.0179427 0.0630075 0.00165697 0.0272808 
0.00745032 0.00484751 0.0154087 0.0529043 0.0257504 0.0187256 1.23211e-05 0.177527 0.00117544 0.00199348 0.000710253 0.402605 0.164306 0.000174544 0.0165462 0.00351146 0.0615487 0.0448027 
0.0139775 0.00499152 0.00390568 2.46043e-07 0.0307448 0.0409616 2.15854e-05 0.031529 0.00808169 0.00243658 0.0590379 0.36663 0.226944 0.00201172 0.038602 0.0121505 0.00307859 0.154894 
0.000567545 0.0105352 0.000576963 7.83901e-08 0.000924447 0.000936647 2.33745e-12 0.00178225 2.62556e-07 8.91997e-05 1.57778e-07 0.959177 9.37974e-08 0.0053328 0.0135335 4.44518e-13 6.30205e-08 0.00654379 
0.000951955 0.00652864 0.0039647 0.000566413 0.00734658 0.0187118 1.76168e-05 0.00915837 0.00278847 0.000770058 0.00124334 0.926457 0.00467711 0.000262041 0.00344387 9.75123e-07 0.000127137 0.0129843 
2.58195e-07 0.000788165 0.0123725 0.00401181 0.00819875 0.00129916 2.83734e-06 0.200095 0.000318568 0.000296144 0.0228896 0.377022 0.366714 8.75584e-07 0.000313603 6.72929e-06 0.000174585 0.00549533 
5.20624e-05 0.000158823 3.21263e-05 0.00162597 0.00157876 4.27658e-06 4.65072e-09 0.00597182 6.69111e-06 4.52007e-05 0.000455894 0.685343 0.26977 9.15192e-05 0.000932647 8.03755e-09 0.00177378 0.0321577 
0.00533624 0.005962 0.000227072 0.0673685 0.0253554 0.00754217 2.06194e-06 0.0493682 0.382033 0.000778038 0.00192674 0.385582 0.0473015 0.000435881 0.000649771 0.0180525 1.12105e-05 0.00206743 
0.00657667 0.00811668 0.00557963 0.0483755 0.0417209 0.0313332 4.67085e-05 0.0437009 0.00263346 0.00263247 0.00590805 0.357358 0.272081 0.00333274 0.0332962 0.0041151 0.0102071 0.122986 
0.00494816 0.0027939 0.00675749 0.040124 0.0109462 0.0145424 0.000172433 0.0905231 0.000626487 0.00154341 0.0129472 0.386699 0.322463 0.00792181 0.0186992 0.00558563 0.00969601 0.0630108 
0.0286811 0.000595156 0.00132705 0.0395401 0.0903475 0.0224571 0.000176292 0.210558 0.00560492 0.00113671 0.00506059 0.305231 0.0773379 0.0898868 0.0550633 0.0300022 0.00970424 0.0272903 
0.00633159 0.000920174 0.000230878 0.0313834 0.0152144 0.321797 0.000168961 0.0494214 0.0936999 1.41451e-05 0.00118373 0.352718 0.0343948 0.0023779 0.0129248 0.0760764 0.00016164 0.000980941 
0.00485386 0.00239702 0.0715648 0.107509 0.0517643 0.0204961 4.17524e-08 0.0886308 1.59275e-05 0.000132688 0.000582577 0.313127 0.210052 0.000713187 0.0275082 0.000171295 0.0226317 0.0778499 
0.000768332 0.0125143 0.0153449 0.0637381 0.029341 0.00524562 3.03435e-06 0.0973788 0.000388706 0.00181791 0.0286116 0.280229 0.273246 0.0144853 0.160691 0.00019147 0.000919402 0.0150855 
0.000219424 0.00176953 0.00266508 0.00578756 0.00526195 0.366195 0.00139449 0.0341235 0.003135 0.00138996 0.0146623 0.462471 0.0678437 0.000565634 0.0130152 0.0013723 0.00938819 0.00873998 
0.000146041 0.00989121 0.00962944 0.0346967 0.0237267 0.0184229 0.0267935 0.0752492 0.002643 6.0243e-06 0.00123994 0.660294 0.031454 0.00499684 0.00818899 0.0514043 0.000132476 0.0410847 
9.21925e-07 0.000330188 0.000176671 1.56599e-06 0.000649248 0.0361609 0.000835825 0.00409397 8.91361e-06 0.000522249 0.00581891 0.894812 0.0467895 5.51857e-05 0.00210121 0.000117165 6.55229e-05 0.00746023 
0.0105477 0.00908745 0.00221529 0.0845328 0.0185052 0.0923486 5.67775e-07 0.0973203 0.000562758 0.000620882 0.00665041 0.476806 0.0496432 0.0293271 0.0461881 0.0239744 0.0374291 0.0142404 
0.00667332 0.000420216 0.000128667 0.00272478 0.0020123 0.000608006 1.31315e-09 0.0321 8.01951e-07 0.000158722 0.013695 0.67986 0.203867 0.000172121 0.00329326 5.6825e-06 0.000167009 0.0541137 
0.0410728 0.000120073 0.000129255 0.00101107 0.00847357 0.0616054 4.383e-07 0.00811655 0.0898713 0.0435809 0.00784668 0.660595 0.0204732 0.00463338 0.0209631 0.00331344 0.0197919 0.00840171 
6.09589e-07 9.2042e-08 4.07494e-07 0.00600058 0.000375815 5.82752e-06 1.17373e-09 0.000164524 1.58057e-05 8.95545e-10 8.5323e-07 0.715707 0.266512 3.82644e-08 5.2548e-07 2.23211e-10 4.6387e-08 0.0112161 
0.00210585 0.0119932 0.00231752 0.0104174 0.0158514 0.0504613 0.00345686 0.116647 0.0411825 0.000100627 0.0102356 0.601269 0.0553113 0.0150044 0.0114132 0.0404368 3.49471e-05 0.0117605 
0.000157244 0.00222261 0.000135989 0.00303443 0.00673292 0.00125457 4.10517e-08 0.0116841 0.000249094 0.000682261 0.00843754 0.60557 0.315967 0.000269231 0.00373152 1.93129e-05 0.0109801 0.0288721 
0.00545707 0.00651345 0.00145473 0.0332971 0.0112925 0.00258996 4.51728e-06 0.156527 5.94717e-05 0.000300765 0.000555432 0.499208 0.232321 0.00283851 0.0342753 7.64767e-07 8.55019e-05 0.0132193 
0.0130913 5.56192e-05 0.000427154 0.0249733 0.0381567 0.0435191 1.10141e-07 0.0266341 0.0538954 0.0115776 0.00773635 0.703275 0.0605 0.000337907 0.00828341 0.000842202 0.0012195 0.00547503 
0.0063108 0.000535735 0.00331156 0.0137646 0.00399277 0.00447018 2.94921e-05 0.0469045 0.00220582 0.00618151 0.00312729 0.526204 0.210457 0.000482898 0.00932582 0.0820387 0.000967897 0.079689 
0.0310697 0.0133816 0.0120331 0.029891 0.0435739 0.0872196 0.000602796 0.0351137 0.00912452 7.74211e-05 0.0109816 0.274508 0.150522 0.0169193 0.0649289 0.123318 0.0156169 0.0811173 
0.00902717 0.000224369 0.10289 0.00329384 0.00113571 0.0418174 6.40303e-05 0.22443 0.000105028 1.43478e-07 0.0196382 0.577812 0.00225495 5.71425e-05 1.0437e-06 0.0136899 2.19212e-08 0.00355866 
0.00133121 0.0116638 0.00125214 0.0209217 0.0185048 0.0480672 5.99115e-05 0.250886 0.0025135 0.000634308 0.211416 0.276171 0.104411 0.000976471 0.0131568 0.023792 0.00423962 0.0100029 
0.0763472 8.59312e-05 0.00185736 0.177132 0.0343555 0.0640951 0.0019195 0.0769488 0.0163349 0.00044381 0.00100928 0.362281 0.0280687 0.0256696 0.0547984 0.00799676 6.70913e-05 0.0705891 
0.000357208 0.00605279 5.78201e-05 0.0322302 0.00318607 0.00413891 0.00475393 0.0828567 5.13941e-05 0.000154932 0.00514262 0.654601 0.158763 0.00125898 0.00991463 0.00159901 0.00442612 0.0304542 
0.0254225 0.00132206 0.0073732 0.0540623 0.0224553 0.10933 0.000251602 0.190787 0.0413314 0.000147301 0.0759408 0.321735 0.0773356 0.000224004 0.0226661 0.0426107 0.000375319 0.00662935 
0.00343707 5.76773e-07 0.000169209 0.00904332 0.0438784 0.351606 6.11388e-08 0.00419976 0.0168399 0.00884509 0.0145089 0.503067 0.0289742 0.000509007 0.00235039 0.000873763 0.000126849 0.0115701 
7.15884e-08 0.00014783 0.00994333 0.0108206 0.0009181 0.00166816 3.84834e-12 0.0681225 0.00293381 1.01825e-05 0.0013131 0.889599 0.00966985 0.000170239 0.000143845 0.00020471 9.83847e-06 0.00432514 
0.00442502 0.0067027 0.00507708 0.163407 0.0133211 0.046629 6.26608e-07 0.0688433 0.00705696 1.18391e-05 0.000937541 0.471722 0.0925748 0.00493853 0.0465514 0.000898523 0.0494798 0.0174223 
0.0178572 0.00312655 0.0123219 0.01275 0.026367 0.0440795 4.08963e-05 0.0391032 0.0137915 0.00970447 0.0157863 0.373946 0.164912 0.0120685 0.0503949 7.3605e-05 0.0139277 0.18975 
0.0103312 0.00143036 0.00169843 0.0107623 0.00255432 0.195195 0.00194414 0.0554668 0.000696184 2.37503e-05 0.000205999 0.404473 0.0182387 0.00261817 0.00189078 0.26167 0.000497791 0.0303031 
0.0022397 0.0450913 0.00214548 0.0805025 0.00448277 0.00747619 3.98042e-05 0.0622513 0.00507219 0.000595348 0.0541967 0.499577 0.116674 0.00283929 0.0814773 0.00122555 0.0133758 0.0207376 
0.00048687 0.0121259 0.0931085 0.0512862 0.150304 0.133857 1.72802e-05 0.0154909 0.000204449 0.00663147 0.00284214 0.371433 0.0629597 0.00545187 0.0572514 2.38336e-05 0.014521 0.0220052 
0.0184849 0.00538857 0.011856 0.133772 0.0264313 0.00648491 1.29568e-05 0.0462549 4.1581e-05 0.000276128 0.000787249 0.451268 0.0941058 0.00243106 0.0462659 0.00321928 0.0360958 0.116824 
0.00414822 0.00363618 6.26904e-05 0.0110906 0.01312 0.0144031 0.229845 0.130656 0.0459174 4.34548e-05 0.00132962 0.496297 0.00490695 7.3448e-05 1.58176e-05 0.0345931 3.9538e-06 0.00985787 
0.00143907 0.00197862 9.04435e-05 0.0244621 0.0013369 0.00351023 7.59919e-07 0.0195056 7.87948e-13 0.000702641 0.00181657 0.658302 0.270166 2.81075e-05 0.00167284 5.74946e-06 1.96949e-05 0.0149627 
0.003198 0.0794044 0.000878837 0.0349219 0.0346391 0.0172436 1.24826e-05 0.0547145 0.00152598 0.000266788 0.179935 0.30554 0.248269 0.00165269 0.0309663 7.29821e-05 0.000723888 0.00603374 
0.00653943 0.00141019 0.000639668 0.00952553 0.11132 0.125079 0.000141018 0.0130172 0.00540994 0.000183606 0.00519715 0.538338 0.0409959 0.00106562 0.0102544 0.101847 0.00896457 0.020071 
0.0040768 0.00351354 0.000791996 0.0369333 0.00538417 0.00791977 6.40159e-06 0.0376552 0.000495127 0.000460271 0.00469436 0.72205 0.121029 0.00133991 0.010593 0.0240687 0.00526385 0.0137247 
0.000246406 0.03795 7.48591e-05 0.000229321 0.0481989 0.000143776 0.000107299 0.00509321 3.51057e-06 0.000170442 2.40918e-06 0.715003 0.00700564 0.000142738 0.185311 3.51573e-05 6.92972e-07 0.000281493 
0.0244079 0.000378796 0.0300593 0.0275498 0.00920315 0.0112247 2.45149e-05 0.0919513 0.00356607 0.00182708 0.0116432 0.482968 0.150392 0.000790267 0.0206739 0.0845818 0.0069859 0.0417718 
3.05534e-07 3.05534e-07 0.0085846 0.0967014 0.114474 0.0225211 3.05234e-07 0.0772318 0.00781728 3.05339e-07 0.0931021 0.363815 0.161382 0.00699734 0.0211812 0.00433967 0.00473724 0.0171139 
3.09828e-07 6.69827e-09 8.83597e-09 2.07607e-09 0.00814923 0.0721012 0.000159427 0.00207165 0.211108 0.00189325 0.000235901 0.635065 0.00324339 0.0235209 0.00445767 7.73346e-05 0.000363584 0.0375525 
0.0180595 0.0011908 0.000717221 0.0192432 0.00450978 0.00774574 1.32609e-05 0.0863124 0.000328459 0.000962428 0.171876 0.481907 0.119035 0.00163773 0.0371593 0.022331 0.0149452 0.0120263 
0.00284759 0.000961643 0.00290293 0.0328135 0.00999832 0.000623133 3.69529e-06 0.0381807 3.84871e-05 9.73347e-07 0.000589753 0.579173 0.289089 0.000363908 0.0161626 0.00661773 0.00906041 0.0105733 
0.00449671 1.41854e-06 3.17135e-05 0.00154484 0.084623 0.070443 1.41553e-05 0.250693 0.00420075 0.000500677 0.00497136 0.561615 0.00451814 0.00314486 0.00523105 1.13977e-07 0.000200664 0.00376993 
0.0281681 0.00466699 0.00104567 0.14393 0.0122235 0.0453107 3.08839e-05 0.0908162 0.013482 0.00021182 0.00121078 0.231866 0.227882 0.0177034 0.00577053 0.0181344 0.00127496 0.156272 
1.24839e-07 1.69705e-07 1.65964e-06 0.0166996 0.00144524 0.00151255 4.53693e-08 0.0432192 0.000515781 4.94447e-12 3.26923e-12 0.845916 0.0665768 1.85214e-12 0.00131634 3.56173e-08 0.000133212 0.0226638 
0.153268 0.0123478 0.000512033 0.0235949 0.0208392 0.014897 2.44343e-05 0.0585603 0.0768956 0.00275756 0.00181986 0.3027 0.170098 0.000358914 0.0180386 0.14014 0.000445761 0.00270151 
0.0123962 0.000658663 0.00013355 0.0125904 0.0101366 0.00663687 8.63628e-09 0.017782 0.000470267 0.000195469 0.0258034 0.541116 0.337585 0.00403213 0.0047138 0.00185351 0.00738027 0.0165166 
0.00532879 0.00490728 0.0105981 0.0400084 0.21004 0.0252372 0.00505724 0.107466 0.0102592 0.000128432 0.00276044 0.421766 0.0465003 0.00152818 0.0345085 0.0479935 0.000889665 0.025024 
0.000798225 0.00840124 0.00401817 0.0679384 0.0791012 0.0685526 7.85553e-05 0.0489203 0.00423232 0.00554304 0.000203876 0.301462 0.095527 0.031253 0.145103 0.0813823 0.0425165 0.0149679 
0.0158389 9.19948e-05 0.000253743 0.00746312 0.00416939 0.00307822 7.20648e-06 0.0305408 0.00273688 0.0188487 0.0517979 0.523532 0.125639 0.00257417 0.015078 0.139431 0.0445075 0.0144114 
0.0348216 0.0121165 0.00816371 0.0763153 0.0121234 0.012172 1.13147e-05 0.110158 0.000926321 0.000127691 0.00321146 0.300975 0.129226 0.00129883 0.0615733 0.00463914 0.0147481 0.217392 
0.000695737 1.68637e-05 0.000731625 0.0157872 0.00237955 0.0108536 2.38299e-06 0.0193687 2.60663e-07 0.000206552 0.00271861 0.432092 0.301889 0.000180902 0.00187439 2.63789e-06 1.99239e-05 0.21118 
0.0874172 0.000824083 0.000184878 0.375513 0.0138231 0.00781073 7.39583e-05 0.0271075 0.0144885 7.99612e-07 0.00310296 0.403464 0.0610347 0.000203749 0.0002972 0.00367184 0.000352761 0.000629169 
0.0589335 0.00401354 0.00114677 0.0228665 0.0176146 0.108641 4.73835e-05 0.0246822 0.0620168 9.93743e-05 0.103141 0.389149 0.0949182 0.00303618 0.0502178 0.0391457 0.00891564 0.0114148 
0.000108292 0.00103849 0.00141879 0.000266562 0.0010976 0.000411678 5.25183e-06 0.00047237 1.3797e-05 0.000424163 4.27374e-05 0.88238 0.0286001 0.030677 0.0301368 3.85097e-08 6.29023e-05 0.0228433 
0.00423844 0.00295196 0.00168788 0.0637492 0.00535396 0.000714514 5.8829e-06 0.233624 0.000144791 0.00442901 0.0101786 0.570106 0.0516215 2.19747e-05 0.00519783 2.00702e-05 0.0251266 0.020828 
0.00343912 0.00108734 2.09273e-07 0.0214878 0.00654506 0.000578293 1.97566e-08 0.0107601 5.50458e-06 0.0222132 1.33736e-07 0.466632 0.0488416 0.336466 0.0159081 1.01803e-06 0.0214094 0.0446256 
0.107445 0.00561506 0.0148605 0.186066 0.0227216 0.00252248 3.08377e-05 0.0852756 0.000436093 0.00500055 0.0118981 0.24714 0.11163 0.00336218 0.0256781 0.0394255 0.0151617 0.115731 
5.53647e-07 0.00795854 5.77389e-05 0.0295481 0.00933752 0.0031029 1.12437e-05 0.0783293 0.000277324 0.000592519 0.0135916 0.727654 0.100071 0.00135235 0.00897704 7.36664e-05 0.00852903 0.0105348 
0.0993544 0.00728694 0.000742256 0.039791 0.00791097 0.0124628 5.12283e-06 0.0167983 0.188023 0.00297464 0.00623414 0.371691 0.0950215 0.0019137 0.0315213 0.0957555 0.00792783 0.0145858 
0.0258676 0.000826465 0.00425831 0.0259517 0.00815867 0.0413317 6.42728e-06 0.0130514 0.00626709 0.00255232 0.000847252 0.315819 0.207353 0.00203232 0.0158999 0.000425683 0.115438 0.213913 
0.0152732 0.0034289 0.00109404 0.058606 0.00757349 0.293467 0.000171819 0.0636544 0.0105175 8.98796e-05 0.00374528 0.442032 0.0279442 0.00244623 0.017305 0.0392742 0.00244248 0.0109353 
0.00418957 0.0149281 0.00275279 0.003115 0.190995 0.126501 1.46084e-08 0.0941249 0.00182261 0.000641281 0.00787379 0.195515 0.0572255 0.116519 0.166851 0.00317368 0.00127597 0.0124972 
0.000756628 1.16004e-07 3.56194e-07 0.171385 0.105787 0.0719444 1.17824e-08 0.106422 0.00122937 1.99164e-06 0.000294164 0.214489 0.207544 1.30055e-06 0.11982 0.000320768 4.51485e-06 5.56911e-07 
1.09243e-08 0.000484795 9.8858e-09 2.73231e-13 0.000296467 1.83825e-08 2.80756e-12 9.3276e-09 4.12981e-09 4.71474e-05 1.41636e-12 0.996853 1.53952e-13 0.00113005 0.001188 5.3392e-13 4.07399e-13 4.22799e-08 
0.0398905 0.226966 0.000111153 0.0463456 0.00599559 0.119818 1.72731e-05 0.022352 0.0170992 3.17167e-06 0.00466964 0.239723 0.0525935 0.0245355 0.107093 0.0855216 0.000709684 0.00655473 
0.000212725 0.00912657 9.66542e-05 0.0034137 0.02229 0.0136056 1.10325e-08 0.0012044 0.000210575 8.37492e-05 0.00018983 0.82843 0.00531614 0.0759255 0.0394417 4.2242e-09 1.6704e-05 0.000436368 
0.00112763 0.000162458 0.00091831 0.00387494 0.000893118 0.0213176 6.50712e-06 0.00907082 0.0341196 0.00366994 0.00179244 0.722868 0.0474805 0.000340793 0.0115519 0.0754007 0.0632557 0.00214955 
0.0164307 0.000710787 0.0034975 0.271908 0.0515505 0.0046761 2.48305e-06 0.0496165 0.000114357 0.00020648 0.00157053 0.284035 0.255701 0.000330487 0.0149149 0.00179632 0.0087846 0.0341532 
0.00854343 0.00501987 0.00151079 0.065037 0.0416074 0.0475373 9.90056e-05 0.0200537 0.00357315 0.000586688 0.0234051 0.455632 0.092621 0.0548706 0.0430144 0.0195137 0.0277743 0.0896005 
0.0331202 0.000803571 0.00743951 0.00270957 0.0337102 0.118082 7.48895e-05 0.0224625 0.0232155 0.000828318 0.000418131 0.362732 0.00918852 0.0917124 0.0373095 0.233225 0.016352 0.00661598 
0.00749685 0.0645134 0.00324949 0.0215732 0.0785043 0.300316 8.22418e-06 0.0289328 0.00516513 1.23442e-05 0.000357938 0.316029 0.0552355 0.000412053 0.0727286 0.00563258 0.000996389 0.0388363 
0.00544938 0.0240428 0.0103431 0.0430434 0.00482843 0.04451 0.000123988 0.206574 0.00314002 0.054051 0.0396193 0.366826 0.160846 0.00023161 0.011283 0.000282907 0.00037095 0.0244339 
1.70723e-05 0.00234327 0.000279564 0.00111905 0.000883709 0.304562 9.8938e-07 0.00172956 0.000583462 0.100432 0.0210498 0.4681 0.077819 2.82772e-07 2.39959e-05 0.000370118 1.52447e-05 0.0206709 
3.53115e-08 0.000154769 0.000406164 0.00106424 0.0134513 0.000368152 8.04914e-11 0.0671596 3.69674e-06 6.75558e-06 0.000524656 0.63478 0.265231 4.96964e-05 0.000495124 4.82557e-09 3.71673e-06 0.0163015 
7.36834e-06 7.13511e-05 0.000429001 0.00559981 0.000617446 0.000215125 1.22071e-09 0.0528548 8.53184e-09 9.89084e-06 0.000373665 0.772604 0.154313 0.00021763 8.3187e-05 9.86303e-07 8.94101e-05 0.0125135 
8.04134e-07 7.98225e-07 0.0107414 0.00279589 0.00397342 0.0243744 0.0122049 2.69826e-07 1.86877e-06 1.93964e-06 1.28247e-06 0.897689 0.00132442 0.024486 1.86709e-07 4.83447e-07 3.68887e-07 0.0224026 
0.000225304 0.00141901 0.000244962 0.00865432 0.000172862 3.39116e-05 1.6122e-08 0.176979 1.83087e-06 0.00013899 0.00113717 0.598225 0.203917 5.17293e-06 0.000319545 2.88075e-07 8.46543e-06 0.00851737 
0.00128599 7.1622e-05 0.000655219 0.00300088 0.00110376 0.0051065 1.10964e-06 0.000539664 0.0030741 2.68849e-07 2.06582e-06 0.941336 0.0277038 2.05537e-08 0.000229961 2.11712e-06 7.65775e-05 0.0158104 
0.00730672 0.0018592 0.000106801 0.0636037 0.0091397 0.288202 0.00381073 0.0412649 0.0292696 4.97968e-05 0.00306426 0.39044 0.0376863 0.00451453 0.0260388 0.0760047 0.00186896 0.0157697 
0.000795607 0.0111512 0.0277949 0.00221675 0.0261163 0.118736 1.67004e-05 0.310561 0.0116288 0.004885 0.0117197 0.34909 0.0577144 0.000464511 0.0323726 0.000518701 0.000121056 0.0340969 
0.00540093 0.000448214 5.10771e-05 0.00212636 0.0052208 0.0395668 0.000174039 0.0447176 0.0407307 0.000181184 0.00202003 0.451567 0.0446273 0.000513046 0.00327409 0.35298 1.40261e-05 0.00638678 
0.000176696 0.000721918 0.00242824 0.00997279 0.00279179 0.371038 0.000504583 0.0175651 0.00350313 0.000988418 0.0026282 0.521141 0.0213638 0.000231526 0.00208869 0.0299611 0.00725954 0.00563555 
3.90876e-06 0.000755462 2.93538e-06 0.0363905 0.00638746 0.105024 1.98593e-06 0.0166579 0.000430659 0.000241232 0.00308999 0.596644 5.3019e-06 0.20747 1.42224e-05 0.000101872 0.00363459 0.0231438 
0.00546013 0.0570914 2.71554e-05 0.0247798 0.112026 0.100555 0.000303049 0.0658414 0.0109503 5.79297e-07 0.00052067 0.250967 0.0910288 0.00750223 0.0275822 0.240367 0.0022236 0.00277444 
0.043225 0.044489 0.0113044 0.0513574 0.0205709 0.0537618 1.03144e-05 0.134925 0.00579585 0.00135147 0.0374328 0.360249 0.0391594 0.00579418 0.167335 0.0132279 0.00548128 0.00452975 
0.000174289 0.0248988 0.0129101 0.0756885 0.0632471 0.00428507 6.90871e-05 0.0643198 0.000128976 0.000828909 0.00186354 0.398974 0.295034 0.000998122 0.0182532 0.00239025 0.00050302 0.0354328 
0.023184 0.000234639 0.00118884 0.0817204 0.00614162 0.00191147 2.35029e-05 0.119422 0.0323682 8.75266e-05 0.0120273 0.527267 0.117436 0.00210375 0.017084 0.0424546 0.00127727 0.0140679 
0.00350253 0.0143906 0.019846 0.0277743 0.0137773 0.0127049 2.26042e-06 0.0377063 0.00102034 0.00213051 0.00844605 0.518992 0.147125 0.00434839 0.0634883 5.17235e-05 0.00136265 0.123331 
0.147789 0.0131859 0.00064411 0.0331378 0.060878 0.0225025 1.71367e-05 0.00813323 0.130197 0.000124595 0.0649204 0.228657 0.0288243 0.0675759 0.0945021 0.0660965 0.00353029 0.0292848 
0.00244361 0.00260657 0.0012555 0.0151678 0.00734123 0.0150804 1.9669e-05 0.0279374 0.00184164 0.00128305 0.0277472 0.54074 0.27472 0.000446104 0.00674062 0.0109859 0.0481093 0.0155332 
0.0322794 2.5497e-05 0.000455013 0.0106366 0.00930399 0.00574167 1.09363e-08 0.325441 0.000148805 3.6825e-05 0.0137942 0.460979 0.0661703 0.000862569 0.0566595 0.00574819 4.53552e-05 0.0116716 
0.0146764 0.0157237 0.00228308 0.0865844 0.0373045 0.14443 0.000605244 0.0602967 0.129959 0.000967043 0.0105272 0.2663 0.105458 0.00529012 0.0111323 0.0558017 0.000479504 0.0521818 
0.00180961 0.000254624 5.18791e-05 1.13376e-07 0.00121043 0.000301505 1.64453e-05 0.000575098 1.12802e-05 6.22936e-05 1.5201e-07 0.960132 4.48254e-08 0.0233021 0.00945213 6.46767e-07 4.15796e-08 0.00281913 
0.00669492 0.103521 1.35246e-06 1.73335e-06 6.83938e-05 0.000100082 3.84698e-06 2.34283e-06 0.0014234 2.36761e-06 1.72041e-09 0.652978 0.201498 6.09598e-06 0.011774 6.48534e-10 5.09206e-06 0.0219194 
0.00479085 0.00149682 0.0017444 0.00589641 0.00130664 0.00339387 5.28303e-06 0.0140007 0.0111314 0.00103122 0.426579 0.480922 0.0172732 0.00128699 0.00327529 0.019679 0.00144773 0.00473864 
0.0085403 0.0776637 0.0098946 0.128093 0.0254784 0.00797737 1.39627e-06 0.19598 0.0216512 6.81696e-05 0.00584041 0.313893 0.102291 0.00391882 0.0934574 0.000894328 0.000191058 0.00416602 
0.00165701 0.00198959 0.0142196 0.0217052 0.0127178 0.121848 0.00348595 0.078156 0.00417891 0.000263569 0.00577408 0.339262 0.0835242 0.000217604 0.00386864 0.190431 0.0164077 0.100292 
0.0230988 0.0152849 0.00871576 0.0277911 0.00422518 0.0015099 2.29588e-06 0.221312 8.76252e-07 0.000186717 0.000248398 0.583401 0.046614 0.00134068 0.024259 2.19325e-05 0.00176817 0.0402189 
0.000299995 0.00277777 0.0440009 0.0226689 0.0391882 0.00259194 0.000193014 0.0696692 0.000227835 0.000272886 0.00433962 0.312746 0.282006 0.000525775 0.00152351 5.26426e-07 0.000170105 0.216798 
0.000595177 0.00454139 0.0587862 0.00759769 0.0404594 0.0394612 0.000185617 0.112114 0.00269519 0.111432 0.0215139 0.196317 0.182734 0.000270577 0.0550585 0.160869 0.00115102 0.00421872 
0.00725814 0.000223656 0.000512126 0.0297177 0.0407992 0.00379612 1.3652e-06 0.113456 0.000666276 0.000378028 0.0028585 0.454734 0.305319 2.60244e-05 0.0154641 0.0126936 4.24387e-05 0.0120541 
0.000114135 0.00294469 0.00376905 0.026198 0.00220691 0.00312005 2.38757e-06 0.324323 8.36931e-06 0.000170603 0.00259846 0.461122 0.137515 0.000647864 0.0054585 0.020431 9.94138e-05 0.00927053 
4.18762e-05 0.010902 1.15702e-06 7.65189e-06 0.0505696 0.274777 3.96669e-08 0.068286 0.00185042 0.0113042 0.00494762 0.286321 0.00857765 3.08565e-05 0.277766 4.76504e-06 5.59026e-07 0.0046113 
0.00181541 0.129482 0.00663605 0.0921057 0.0043746 0.0785883 3.83106e-06 0.16115 0.000597826 0.00145441 0.0354701 0.422122 0.0382697 0.00419684 0.0119941 0.00282927 0.00253872 0.00637101 
0.00171751 3.12626e-07 7.16143e-07 1.17088e-06 0.00250421 0.0270232 4.84432e-07 0.0166902 0.0027876 2.07807e-07 0.00413662 0.920407 0.0245791 9.09716e-05 8.19774e-13 2.48552e-05 3.47751e-05 8.70555e-07 
0.125823 0.00179768 1.53272e-05 0.002282 0.0120917 0.117464 0.000187668 0.0105238 6.25952e-05 0.00105331 0.0152833 0.616961 0.0535401 0.00274637 0.00984379 0.0171657 0.00358536 0.00957293 
0.000940245 0.000276479 0.00337174 0.017561 0.11777 0.0459744 6.13398e-09 0.0213359 0.000359035 9.41031e-05 0.00610973 0.550913 0.0474835 0.00370398 0.109389 0.000399831 0.0590173 0.0153013 
0.00395223 0.000379855 0.000142483 0.0638176 0.0044591 0.000218221 1.50985e-08 0.0640533 7.54551e-06 7.57727e-05 0.00134378 0.521378 0.331831 0.000100604 6.44585e-05 0.00239879 1.2451e-05 0.00576463 
0.0121953 0.0123452 0.000211328 0.0342599 0.0749796 0.0814209 0.000206411 0.0684662 0.000556776 0.0021409 0.00321916 0.215006 0.211155 0.125988 0.0864308 0.000842692 0.00570039 0.0648747 
0.00171635 0.000605018 0.0112857 0.0214498 0.0289657 0.0814482 0.00019521 0.0184365 0.00475876 0.000310939 0.0010176 0.665318 0.0867779 0.000222392 0.0042357 0.00048047 0.0111799 0.0615962 
0.0378615 0.00872493 0.00862417 0.0671154 0.0502089 0.0386614 0.00107442 0.179521 0.00465144 0.00388759 0.0922305 0.274118 0.101417 0.00429629 0.0732436 0.019863 0.0157832 0.0187173 
0.000576634 0.0104394 0.000236233 0.026282 0.00177196 0.00699882 0.0171 0.307195 0.00259484 0.000172221 0.00202697 0.457152 0.0959809 0.000443553 0.0238821 0.0367888 0.00188299 0.00847632 
0.00578684 0.00101087 0.0140139 0.001712 0.0976898 0.0792981 6.79389e-07 0.102792 0.000193523 8.45447e-05 0.000487204 0.433951 0.151083 0.000171784 0.0549217 3.3175e-05 0.0151696 0.0416003 
0.00113498 0.00398575 0.000129322 0.0204122 0.0300941 0.267896 3.45266e-09 0.0307937 0.000880184 0.00031987 0.012259 0.332224 0.134103 0.00827343 0.117772 0.000176067 0.0369745 0.00257233 
0.0419092 2.94247e-05 0.000352686 0.219164 0.0228508 0.0159075 1.14679e-08 0.0179949 1.37135e-08 0.00112608 0.000511659 0.252683 0.230063 0.0209456 0.14909 0.00891653 0.00191365 0.0165414 
0.00533624 0.005962 0.000227072 0.0673685 0.0253554 0.00754217 2.06194e-06 0.0493682 0.382033 0.000778038 0.00192674 0.385582 0.0473015 0.000435881 0.000649771 0.0180525 1.12105e-05 0.00206743 
0.000118241 0.00127818 0.00138386 0.000376311 0.00106525 0.000434063 5.83962e-06 0.000587139 1.94648e-05 0.000414425 6.03157e-05 0.865501 0.0403765 0.0358658 0.0292121 5.41632e-08 6.65548e-05 0.0232348 
0.00449671 1.41854e-06 3.17135e-05 0.00154484 0.084623 0.070443 1.41553e-05 0.250693 0.00420075 0.000500677 0.00497136 0.561615 0.00451814 0.00314486 0.00523105 1.13977e-07 0.000200664 0.00376993 
0.000952135 0.00297736 0.0272635 0.0276321 0.00338082 0.00717646 0.000463508 0.0813405 9.06404e-05 2.80529e-05 0.000612853 0.667873 0.0598345 0.00023432 0.00199028 0.00903857 0.00353845 0.105573 
0.02389 0.0129525 0.00697047 0.0360035 0.0252111 0.0694053 0.000120412 0.0534323 0.0076734 0.00118145 0.0124539 0.373974 0.185231 0.00342753 0.0313778 0.040303 0.019062 0.0973297 
0.0410728 0.000120073 0.000129255 0.00101107 0.00847357 0.0616054 4.383e-07 0.00811655 0.0898713 0.0435809 0.00784668 0.660595 0.0204732 0.00463338 0.0209631 0.00331344 0.0197919 0.00840171 
0.00349262 0.0658813 1.69075e-05 0.0165188 0.00392686 0.0156995 3.14034e-08 0.0331739 9.36955e-05 0.0243631 0.00850562 0.621505 0.115762 0.00220972 0.0814231 0.000276341 0.00209292 0.00505838 
0.0257184 0.0033381 0.0028236 0.0397962 0.00900131 0.0102643 0.000111854 0.058711 0.000577165 0.000856913 0.0216997 0.452939 0.279675 0.00192493 0.0079778 0.00384171 0.00399836 0.0767449 
0.000185912 0.0108918 0.000169576 0.00248487 0.00978725 0.00648544 1.60755e-11 0.0251378 0.000896961 0.000258137 0.0497174 0.513753 0.359905 0.000308568 0.00454846 5.90416e-05 0.000582188 0.0148292 
0.0328859 0.00158799 0.0519381 0.0381249 0.0048857 0.000978831 1.23978e-06 0.0856155 5.37962e-05 5.53249e-05 0.00182984 0.551008 0.11108 0.000263297 0.00995383 0.000448925 0.0496377 0.0596509 
8.87733e-05 0.00226101 8.95536e-05 1.61772e-08 0.000455935 0.00679277 1.24264e-05 0.00338713 3.06918e-12 4.4286e-05 0.00260375 0.860766 0.101663 0.000227515 0.00317271 7.42441e-06 0.000128911 0.0182988 
0.0407138 5.58331e-05 0.00771038 0.0480899 0.0182621 0.1231 3.85816e-06 0.0445034 0.0162321 1.98514e-06 0.000925555 0.59095 0.0211161 0.0134703 0.0428283 0.00764495 0.00518208 0.0192099 
0.0115119 0.00152949 0.000752354 0.0841795 0.0295322 0.0596449 0.0409204 0.223287 0.0298908 3.28049e-05 0.00203231 0.266215 0.114987 0.000852168 0.0243153 0.080236 0.000420345 0.0296607 
0.0128662 0.00170773 0.0310858 0.0397524 0.151682 0.064962 6.10556e-05 0.0224998 0.00040389 0.000448718 0.00201005 0.384128 0.0857925 0.0169665 0.109455 4.3125e-05 0.00889948 0.0672358 
0.00998228 0.00185595 0.0123161 0.052422 0.0212477 0.0215988 0.000479751 0.0530614 3.19743e-07 0.00489219 3.19849e-07 0.515664 3.20054e-07 0.0239005 0.108208 0.000448309 0.00265643 0.171266 
0.000185912 0.0108918 0.000169576 0.00248487 0.00978725 0.00648544 1.60755e-11 0.0251378 0.000896961 0.000258137 0.0497174 0.513753 0.359905 0.000308568 0.00454846 5.90416e-05 0.000582188 0.0148292 
0.00406001 0.0567037 1.10571e-05 0.0197446 0.00984589 0.0321578 8.3725e-05 0.0471564 0.0181868 0.000825771 0.0136489 0.39084 0.0736584 0.00149916 0.00808809 0.321744 0.00141259 0.000332605 
0.141142 0.000488793 0.000159745 0.041154 0.00873857 0.000178482 2.48641e-07 0.0826801 1.44008e-08 0.00102971 0.000469386 0.456706 0.257161 0.000197827 0.00103487 0.000188245 3.21557e-05 0.00863992 
0.0113267 0.00177684 0.00180511 0.036393 0.0388401 0.0239223 0.0953614 0.0318111 0.00352774 0.000475605 0.200704 0.205013 0.00586096 0.151543 0.0423528 0.0345531 0.00702656 0.107707 
0.00229077 0.00432687 0.00550889 0.0604951 0.005496 0.0197377 1.27071e-05 0.196021 0.00242612 0.00194954 0.00287219 0.534369 0.110376 0.000655616 0.0122346 0.0109186 0.000611577 0.0296981 
0.00902717 0.000224369 0.10289 0.00329384 0.00113571 0.0418174 6.40303e-05 0.22443 0.000105028 1.43478e-07 0.0196382 0.577812 0.00225495 5.71425e-05 1.0437e-06 0.0136899 2.19212e-08 0.00355866 
0.0282613 0.000676938 0.0056749 0.0349753 0.0150281 0.154354 5.68533e-06 0.0146806 0.00818399 0.00846877 0.000883729 0.342201 0.0571358 0.0539813 0.0313615 0.199476 0.0337805 0.0108711 
0.0243701 0.0214406 0.0021999 0.0260681 0.0182122 0.0660829 8.35485e-06 0.0635573 0.00163846 0.00059151 0.0366409 0.334137 0.0331396 0.00155558 0.0947465 0.0697668 0.136988 0.0688553 
0.00441416 0.0106247 0.00756924 0.0825173 0.00977013 0.107184 0.00118529 0.214804 0.00508709 1.55692e-05 0.00184191 0.314747 0.0525143 6.126e-05 0.00444298 0.0232297 5.55946e-06 0.159986 
0.00983177 0.0271813 4.47677e-07 0.155952 0.00729223 0.206434 1.19333e-06 0.0764885 3.67297e-05 3.68254e-05 0.00129963 0.266143 0.0757401 0.0143637 0.153558 0.00013344 0.00120701 0.00429932 
0.000509029 7.63579e-05 0.00421211 0.00423917 0.0061151 0.00724035 0.000389791 0.0118621 6.70899e-09 4.29864e-06 7.19688e-09 0.692017 0.0462225 0.000106082 0.00263185 0.131252 0.0821482 0.0109741 
0.00620446 0.00315556 0.00329477 0.0747654 0.0107773 0.0178783 4.13794e-06 0.0533432 0.00155104 0.00326692 0.0875228 0.380921 0.110316 0.00997545 0.16785 0.000528289 0.0302522 0.0383931 
0.00603696 0.0359246 0.00723446 0.0609072 0.0374353 0.0212349 0.0292272 0.0412889 0.00109952 0.000280588 0.00613814 0.290058 0.247529 0.00577645 0.0508911 0.000934765 0.0121561 0.145847 
0.0357791 0.00200748 0.0327554 0.0591825 0.0187909 0.0936685 0.0132998 0.0388648 0.0479897 0.000649832 0.00736344 0.21797 0.0324352 0.000970264 0.020055 0.18707 0.00613064 0.185017 
0.00027121 0.00776354 7.48188e-05 4.18239e-08 0.12928 0.00504568 1.57452e-07 0.0870615 0.000223655 0.00258285 0.00505595 0.313047 0.281276 0.000860318 0.0339777 7.85162e-06 0.117337 0.0161343 
0.00193406 0.0183611 0.00217435 0.0234769 0.0165219 0.057694 1.73938e-05 0.150771 0.00951517 0.00231424 0.00697702 0.555035 0.125431 0.0018742 0.00937105 9.04422e-05 0.00233909 0.0161022 
0.00770733 0.00113698 5.33429e-05 0.00177044 0.00114769 0.000382123 1.76997e-05 0.00136504 1.25009e-05 6.00086e-05 0.000614042 0.901691 0.000491181 0.0404235 0.00953056 0.0294833 0.000159726 0.00395387 
0.00244036 0.0003405 0.00264305 0.0280257 0.00652495 0.0993692 7.71459e-05 0.0653067 0.0101493 3.54256e-05 0.000307096 0.552158 0.0307179 6.39665e-05 0.0151855 0.0703545 6.1342e-05 0.116239 
0.00158289 0.00114911 0.00108455 0.00459187 0.0429165 0.0164124 3.41369e-05 0.126688 0.000339716 0.00130734 0.000282727 0.737872 0.0331052 4.70853e-05 0.000507698 2.29604e-05 0.0227767 0.00927983 
0.00017622 0.00421965 0.00060289 0.0010859 0.00440949 0.01045 1.1773e-06 0.0027202 0.00212718 0.000550653 0.00249955 0.887274 0.00938651 0.0349208 0.0318192 8.23717e-07 0.00634418 0.0014116 
0.0123309 0.00269746 0.0241859 0.280432 0.00729334 0.00187082 5.86753e-05 0.0292644 3.32722e-05 6.82491e-05 0.00377529 0.341547 0.0638107 0.00251698 0.0411824 0.00930817 0.0241972 0.155427 
0.018442 0.0227834 0.00684349 0.0448394 0.0138426 0.0450343 8.00154e-05 0.0240701 0.000617777 0.176475 0.00280302 0.520919 0.0389403 0.00285336 0.0302372 0.00427418 0.00526036 0.0416848 
0.0124307 0.020077 0.00244647 0.0361351 0.0433521 0.100964 6.05316e-06 0.01439 0.000738531 0.0026008 0.00784229 0.490615 0.136322 0.00233955 0.0519138 0.000749727 0.0388452 0.0382316 
0.0124509 0.00475689 0.00793668 0.0959594 0.0235471 0.0430909 6.02618e-05 0.0801942 0.00160304 0.00809924 0.0158908 0.316289 0.221389 0.00187505 0.0336604 0.00593576 0.0193576 0.107904 
0.000299995 0.00277777 0.0440009 0.0226689 0.0391882 0.00259194 0.000193014 0.0696692 0.000227835 0.000272886 0.00433962 0.312746 0.282006 0.000525775 0.00152351 5.26426e-07 0.000170105 0.216798 
0.154244 0.000906173 0.000552236 0.0154398 0.0141094 0.0915384 2.76617e-05 0.0518474 0.00283319 4.32243e-05 0.00223443 0.404677 0.105305 0.000727378 0.00910593 0.0653316 0.01326 0.0678169 
0.00488948 0.00483546 0.000343335 0.00933791 0.0352333 0.157226 0.0909808 0.0537563 0.0040119 0.00015116 0.000122614 0.382677 0.154171 0.00154394 0.00559248 0.0876511 0.00527701 0.00219995 
0.00695841 0.00146174 0.0141854 0.10045 0.0441679 0.0592805 2.42616e-05 0.0206601 0.00289877 0.00782295 0.189813 0.329189 0.0577205 0.0286996 0.0694269 0.0207054 0.0148707 0.0316652 
1.52883e-06 0.020483 0.0263146 0.0492655 0.0984114 0.0256798 4.32593e-07 3.8201e-06 2.88832e-10 2.99786e-10 1.88324e-06 0.438075 0.0600096 0.0194211 0.145316 7.47203e-11 1.64207e-06 0.117014 
0.010268 0.0100676 0.00370835 0.180267 0.0246365 0.00319406 7.6141e-06 0.158659 0.0035972 0.000245472 0.00983808 0.306449 0.190493 0.000493771 0.0185564 0.0256292 0.0105859 0.0433041 
2.05226e-05 0.030133 0.125842 0.00802028 0.157297 0.0265694 0.000221702 0.0503647 1.73983e-07 3.24175e-06 0.0308354 0.53861 0.0166207 1.77264e-05 0.0102869 2.07709e-06 0.000573015 0.00458176 
0.000977782 0.00445407 0.00387179 0.00607504 0.00115374 0.153334 3.33503e-05 0.0103752 0.0108046 0.312317 0.0208767 0.343802 0.0677791 0.000347313 0.0279437 0.0213588 0.000716197 0.0137792 
