0.733973 6.96111e-07 0.000637839 0.0146389 0.11793 0.000155818 9.50325e-10 0.0949323 6.98594e-10 7.25088e-10 4.79421e-10 1.03827e-10 5.21109e-11 1.17681e-05 0.0271992 1.69502e-07 0.00641106 0.00410905 
1.50771e-05 0.0303055 2.37835e-09 1.86089e-05 0.067065 0.662563 5.7994e-07 5.12004e-06 0.0243332 4.38107e-09 2.89672e-09 0.0170325 3.1486e-10 6.73014e-06 0.033872 1.09196e-09 7.50719e-07 0.164782 
1.72734e-05 0.000420451 3.28063e-07 0.000616436 0.000834363 1.16195e-05 7.92035e-07 4.80539e-06 3.41088e-06 6.04314e-07 3.99566e-07 8.65334e-08 4.34311e-08 0.00119934 0.995952 2.02394e-06 0.000935415 1.3194e-07 
2.25499e-06 2.23842e-06 2.95279e-06 6.93778e-07 0.00178945 0.00822892 7.12885e-06 7.5666e-07 5.24049e-06 0.989404 3.59637e-06 0.00054598 3.90909e-07 2.03748e-06 5.23577e-07 1.35571e-06 1.03445e-06 1.18755e-06 
0.000174167 0.000475312 9.49862e-08 2.23176e-08 0.000221272 0.000488653 2.29323e-07 0.000722935 1.68577e-07 0.996721 0.000671112 2.50545e-08 1.25749e-08 0.000111487 7.74927e-05 4.36107e-08 3.32765e-08 0.00033621 
1.05223e-05 7.73648e-10 1.02055e-09 2.39785e-10 0.100679 0.694075 7.29336e-05 2.61518e-10 0.161631 1.87992e-09 7.21056e-06 2.69191e-10 1.35107e-10 2.18371e-06 0.0157361 4.68562e-10 3.57529e-10 0.0277866 
7.11335e-06 0.00105215 9.31455e-06 2.18851e-06 4.33882e-06 0.0010298 2.24879e-05 0.000378051 0.732381 1.7158e-05 0.263918 0.000998623 1.23312e-06 6.42719e-06 0.000156585 8.73403e-06 3.26316e-06 3.7461e-06 
1.86632e-06 0.991886 2.44385e-06 0.0038477 1.13837e-06 1.30947e-06 5.90011e-06 6.26241e-07 4.33723e-06 4.50172e-06 0.000895925 6.44614e-07 3.23532e-07 1.68629e-06 4.33333e-07 1.12203e-06 8.56151e-07 0.0033427 
1.78009e-05 0.000466612 7.52107e-06 3.11569e-13 0.000338723 1.11175e-08 1.04251e-08 5.64119e-09 3.58885e-09 1.57238e-05 1.61509e-12 0.972379 1.75553e-13 0.0205608 0.00621375 6.08834e-13 4.64561e-13 2.55698e-08 
1.92695e-06 1.21329e-09 0.996364 7.94999e-05 1.63498e-06 8.80204e-06 3.86405e-09 1.34895e-06 1.98399e-06 0.00341719 1.94934e-09 6.26789e-06 2.11884e-10 5.43216e-06 0.000108779 4.49249e-07 1.52594e-06 7.70269e-07 
9.00071e-06 0.996543 1.1786e-05 2.76919e-06 5.49003e-06 0.00209561 2.84545e-05 3.02018e-06 2.09172e-05 2.17105e-05 0.00122923 3.10879e-06 1.5603e-06 8.13251e-06 2.08984e-06 5.41125e-06 4.12897e-06 4.74004e-06 
4.48968e-06 0.00140021 0.967301 1.38131e-06 0.00156669 0.00830186 1.41935e-05 0.00137993 1.04338e-05 1.08295e-05 0.0015901 0.00153469 7.78298e-07 0.00199693 0.0092255 2.6992e-06 0.00359398 0.00206411 
0.305715 0.0246051 6.22835e-07 0.0184061 0.00139504 0.00710784 3.16994e-08 0.000508351 0.56138 2.00903e-07 1.7328e-07 0.00158757 1.73823e-09 0.0516662 0.0276119 1.49171e-05 3.65243e-07 4.66785e-07 
1.16455e-08 0.00022543 0.99952 3.58289e-09 7.10323e-09 0.00013973 3.68156e-08 3.36095e-05 4.06225e-05 2.80899e-08 1.85728e-08 4.02228e-09 2.01878e-09 1.05222e-08 4.00206e-05 7.0013e-09 5.34223e-09 6.13286e-09 
0.00443643 3.65604e-05 6.2676e-05 3.96398e-06 0.0300817 0.960675 2.44009e-05 2.90492e-05 5.97007e-07 2.2771e-05 4.09705e-07 8.29577e-05 4.45332e-08 3.98877e-05 2.89324e-05 0.00246996 1.17847e-07 0.00200476 
3.70608e-07 0.000457577 0.922709 1.14023e-07 0.0371493 0.00483615 9.68269e-05 0.0281678 3.29412e-05 0.000235919 5.91063e-07 0.000539356 6.4246e-08 6.41257e-05 0.00341863 2.22811e-07 1.68264e-05 0.00227397 
9.00189e-10 0.0810469 0.0001375 0.0568066 0.0486837 0.0141427 2.84583e-09 0.0441653 0.0073525 0.00243215 0.000157849 0.284328 1.5605e-10 0.341043 0.0537188 5.41196e-10 0.000196603 0.0657884 
7.48294e-07 7.42795e-07 9.79852e-07 0.000437653 4.56426e-07 0.999077 0.000475492 2.51089e-07 1.739e-06 1.80495e-06 1.19341e-06 2.58456e-07 1.29719e-07 6.76114e-07 1.73743e-07 4.49876e-07 3.43271e-07 3.94074e-07 
3.5058e-10 0.114321 2.4207e-07 0.000560708 0.0135082 0.0588692 1.10831e-09 0.00174159 0.00129592 1.51571e-06 1.70644e-07 0.00209371 6.0774e-11 0.100658 0.690993 0.000289005 0.0154237 0.000243471 
3.90884e-07 0.0648932 2.54647e-09 0.00378652 1.54215e-05 0.921371 6.14789e-09 6.5254e-10 4.51937e-09 0.00981783 2.79444e-06 4.90396e-06 3.37118e-10 3.39139e-05 4.61018e-05 1.16915e-09 6.51327e-06 2.1303e-05 
0.733973 6.96111e-07 0.000637839 0.0146389 0.11793 0.000155818 9.50325e-10 0.0949323 6.98594e-10 7.25088e-10 4.79421e-10 1.03827e-10 5.21109e-11 1.17681e-05 0.0271992 1.69502e-07 0.00641106 0.00410905 
1.62203e-09 1.33655e-05 5.52439e-06 0.113752 0.292703 0.0695085 5.12782e-09 0.0740343 0.000139476 3.91247e-09 0.0120409 0.0417584 2.81183e-10 1.46557e-09 0.39604 6.83593e-07 7.44086e-10 4.78442e-06 
0.733973 6.96111e-07 0.000637839 0.0146389 0.11793 0.000155818 9.50325e-10 0.0949323 6.98594e-10 7.25088e-10 4.79421e-10 1.03827e-10 5.21109e-11 1.17681e-05 0.0271992 1.69502e-07 0.00641106 0.00410905 
0.044867 0.000569391 0.0402198 0.0141318 0.0102466 0.593104 3.55078e-06 0.0206343 0.0129703 0.00337877 0.0800241 0.0491367 2.23669e-06 0.0141718 0.0972432 0.000682335 0.00147456 0.0171393 
1.31021e-05 1.30059e-05 1.71566e-05 4.03105e-06 7.99172e-06 0.999773 4.14206e-05 4.39641e-06 3.04487e-05 3.16035e-05 2.08959e-05 4.52539e-06 2.27129e-06 1.18383e-05 3.04213e-06 7.87704e-06 6.01045e-06 6.89998e-06 
3.33009e-08 0.00829712 4.36058e-08 0.00535632 0.000113768 0.986101 1.05276e-07 1.11741e-08 7.73896e-08 6.43403e-05 5.36411e-06 4.25684e-05 5.77281e-09 3.00887e-08 1.93377e-05 2.00206e-08 1.52764e-08 1.75372e-08 
0.092384 0.0104662 0.000630083 0.00571432 0.000261094 0.00914348 6.52576e-07 0.000300166 0.685805 1.25258e-05 6.6914e-06 0.157436 3.57839e-08 1.86511e-07 0.000251829 0.000130064 0.00517024 0.0322874 
1.38351e-12 1.37334e-12 5.13654e-05 0.0011136 0.00136759 0.000464508 4.37376e-12 7.40842e-06 3.2152e-12 1.23811e-07 1.3903e-08 4.77854e-13 2.39835e-13 0.0852456 0.397053 5.99471e-06 0.514691 4.29944e-09 
7.47708e-05 7.42213e-05 0.998753 2.30042e-05 4.56068e-05 5.24618e-05 0.000236378 2.50892e-05 0.000173764 0.000180354 0.000119248 2.58253e-05 1.29617e-05 6.75584e-05 1.73607e-05 4.49524e-05 3.43002e-05 3.93765e-05 
3.02598e-07 3.00374e-07 0.00138722 9.30982e-08 0.00278721 0.00626346 9.56622e-07 1.01536e-07 7.03222e-07 7.29892e-07 4.82597e-07 0.000554034 5.24562e-08 2.73409e-07 0.000295158 0.00045499 1.38813e-07 0.988254 
2.12477e-06 2.10916e-06 2.78228e-06 6.53714e-07 1.29602e-06 1.49082e-06 0.00202187 7.12965e-07 0.997952 5.12514e-06 3.38869e-06 7.33883e-07 3.68335e-07 1.91982e-06 4.93342e-07 1.27742e-06 9.74714e-07 1.11897e-06 
3.51317e-07 3.48736e-07 0.00110453 0.0007351 0.0011788 0.983424 1.11064e-06 1.17884e-07 8.16444e-07 8.47408e-07 5.60297e-07 0.0018688 6.09018e-08 0.00333332 0.003475 0.000528245 1.61163e-07 0.00434803 
2.85646e-06 2.83547e-06 3.74039e-06 8.78828e-07 1.74231e-06 2.00419e-06 9.03032e-06 0.00103227 0.995179 0.00155195 0.00220488 9.86603e-07 4.95176e-07 2.58093e-06 6.6323e-07 1.71731e-06 1.31037e-06 1.5043e-06 
6.70148e-06 6.65224e-06 8.77524e-06 2.0618e-06 4.0876e-06 0.997766 0.00213977 2.24867e-06 1.55739e-05 1.61646e-05 1.06878e-05 2.31465e-06 1.16172e-06 6.05506e-06 1.55599e-06 4.02895e-06 3.07423e-06 3.5292e-06 
3.86347e-09 1.22151e-05 0.13063 0.650685 2.57612e-05 0.00687702 1.22138e-08 0.00685871 1.22612e-05 3.55242e-06 6.16165e-09 0.202601 6.69744e-10 0.00140144 9.69991e-07 7.70979e-06 1.77232e-09 0.000884208 
7.36769e-07 7.31354e-07 0.00239938 0.0144617 4.49396e-07 0.946548 2.32919e-06 0.000188438 1.71221e-06 2.46e-05 1.17503e-06 0.0033424 1.27721e-07 0.000225174 1.71067e-07 0.000294944 3.37984e-07 0.0325072 
0.0384085 4.47592e-10 5.90437e-10 1.38727e-10 1.898e-06 0.961579 1.42548e-09 1.51301e-10 1.04788e-09 1.08762e-09 7.19126e-10 5.29669e-07 7.81658e-11 4.07412e-10 2.19962e-07 3.14487e-06 2.06848e-10 6.4829e-06 
1.35725e-08 0.077885 0.016612 0.0422971 0.0584952 0.253309 4.29077e-08 0.0297645 0.00522024 3.27382e-08 2.16503e-05 0.240703 2.35284e-09 0.0036527 0.104787 4.2673e-06 3.93987e-06 0.167243 
3.00664e-07 0.000343064 0.00154626 0.00398157 0.834584 0.0742506 0.000156898 0.0728967 6.98729e-07 7.25229e-07 4.79513e-07 8.47337e-05 5.2121e-08 2.71662e-07 0.000804724 1.8076e-07 3.07663e-05 0.0113176 
9.72773e-08 9.65625e-08 1.2738e-07 0.109739 0.000267065 0.399786 0.00012332 0.490066 2.26068e-07 2.34641e-07 1.55142e-07 1.68331e-05 1.68633e-08 8.7894e-08 2.25864e-08 5.84834e-08 4.46248e-08 5.12291e-08 
3.52497e-08 3.49906e-08 4.61576e-08 1.0845e-08 0.0467497 0.938224 1.11437e-07 1.1828e-08 8.19185e-08 8.50253e-08 8.87777e-05 1.2175e-08 6.11063e-09 0.00354344 0.00856333 1.67437e-05 0.00268266 0.000130806 
1.91715e-11 1.90306e-11 2.51041e-11 2.95508e-09 1.16938e-11 0.00219669 6.06081e-11 6.43298e-12 0.997801 1.85436e-08 1.74312e-07 5.96615e-09 3.32343e-12 1.73222e-11 9.23215e-07 1.1526e-11 6.33227e-07 1.29243e-07 
0.997756 2.05226e-06 2.70722e-06 6.36079e-07 0.0010101 1.4506e-06 6.53597e-06 6.93731e-07 4.80465e-06 4.98687e-06 3.29727e-06 7.14084e-07 3.58398e-07 1.86803e-06 0.00120056 1.24296e-06 9.48419e-07 1.08878e-06 
2.40074e-07 2.3831e-07 3.14365e-07 7.3862e-08 1.46435e-07 0.00112875 0.000683825 8.05566e-08 0.998179 5.7908e-07 3.82882e-07 8.29201e-08 4.16175e-08 2.16917e-07 5.62992e-06 1.44333e-07 1.10131e-07 1.2643e-07 
7.58169e-06 0.955581 0.00460633 1.21672e-05 5.87499e-08 0.0104997 3.04498e-07 0.00460462 0.0143926 0.000900357 0.000137626 0.00148326 1.66971e-08 0.000300626 0.000119294 5.79069e-08 0.00419212 0.00316251 
0.733973 6.96111e-07 0.000637839 0.0146389 0.11793 0.000155818 9.50325e-10 0.0949323 6.98594e-10 7.25088e-10 4.79421e-10 1.03827e-10 5.21109e-11 1.17681e-05 0.0271992 1.69502e-07 0.00641106 0.00410905 
1.58139e-08 2.02973e-05 0.0192749 0.0057606 9.64579e-09 1.10956e-08 4.99936e-08 1.37169e-05 3.67508e-08 3.81446e-08 0.893883 2.35779e-06 2.74139e-09 0.000203215 0.00146418 9.50738e-09 7.25446e-09 0.0793772 
0.000617972 8.76204e-08 0.00130621 0.319633 0.00237979 0.00163508 0.00147925 0.000299177 2.05133e-07 2.12913e-07 1.40776e-07 3.04876e-08 1.53017e-08 0.672195 0.000172177 0.000281311 4.04924e-08 4.64851e-08 
4.23679e-06 4.20565e-06 0.972743 0.0271851 2.58425e-06 5.42839e-06 1.3394e-05 1.42165e-06 9.84609e-06 1.02195e-05 6.75703e-06 1.46336e-06 7.34459e-07 3.82811e-06 9.83722e-07 2.54717e-06 1.94358e-06 2.23122e-06 
0.0160581 0.000107066 0.0870308 0.00052854 0.0361219 0.814566 0.00740555 0.000296881 1.56532e-06 9.69729e-05 9.33536e-05 0.0174057 1.16763e-07 1.36588e-05 0.000778762 2.87403e-05 2.96018e-05 0.0194363 
3.26609e-07 3.24209e-07 4.27677e-07 1.00486e-07 0.000542956 0.999141 1.03253e-06 1.09593e-07 7.59023e-07 7.8781e-07 5.20892e-07 1.12809e-07 5.66186e-08 2.95104e-07 0.000110266 1.96358e-07 1.49828e-07 0.000200113 
1.04859e-06 2.87401e-07 4.73311e-10 1.11208e-10 0.158808 0.783041 6.85736e-06 6.672e-07 1.68087e-06 0.0196673 5.76471e-10 1.24845e-10 6.26599e-11 3.16827e-06 0.0384625 1.28235e-06 4.31284e-07 5.6347e-06 
3.62003e-07 3.59343e-07 0.000190083 0.000556987 0.000861361 0.995379 1.14442e-06 1.22684e-05 8.41277e-07 8.73183e-07 5.7734e-07 0.00227573 6.27543e-08 0.000719913 8.4052e-08 2.17637e-07 1.66065e-07 1.90642e-07 
1.9938e-07 0.000587425 4.88915e-10 2.3067e-09 0.0162289 0.96514 5.41705e-07 3.94107e-07 2.13155e-06 0.000538812 3.80883e-08 0.00389341 6.47256e-11 0.0021899 0.00188258 8.83359e-05 1.71281e-10 0.00944763 
7.19949e-08 7.14658e-08 9.42735e-08 2.21502e-08 0.000254743 0.997944 0.000842359 2.41578e-08 1.67313e-07 0.000729538 1.14821e-07 4.72713e-05 1.24805e-08 6.50503e-08 1.67162e-08 0.000181834 3.30268e-08 3.79147e-08 
3.59798e-07 6.76318e-05 4.71137e-07 1.10697e-07 0.000484469 0.919369 1.13745e-06 1.2073e-07 0.000248337 8.67865e-07 5.73823e-07 0.025488 6.23721e-08 0.00027151 0.0536995 2.16312e-07 3.1255e-05 0.000336706 
2.52318e-08 1.31754e-11 0.999451 0.000228984 8.09588e-12 9.31274e-12 4.19605e-11 4.45371e-12 3.08456e-11 1.60398e-08 2.11683e-11 4.58438e-12 2.3009e-12 3.38204e-07 0.000319793 2.79369e-08 9.49913e-08 6.98991e-12 
0.000627329 1.93992e-08 5.62644e-08 1.7029e-08 0.000694584 0.864867 1.12681e-07 0.000226242 7.73493e-06 0.000981008 0.00062116 0.0020428 2.06509e-12 0.00280073 0.0471376 0.000448576 0.0793405 0.000204796 
1.49589e-08 1.4849e-08 5.87831e-05 4.6023e-09 9.12426e-09 0.999552 0.000113544 5.01944e-09 3.82749e-05 3.60822e-08 2.38571e-08 5.1667e-09 2.59317e-09 8.24609e-05 9.86436e-05 8.99332e-09 6.86222e-09 5.59402e-05 
8.20649e-05 2.1049e-09 2.77666e-09 6.52395e-10 0.00804211 0.991827 6.70363e-09 7.11526e-10 4.9279e-09 5.1148e-09 3.38185e-09 7.32402e-10 3.67592e-10 3.06743e-06 4.92347e-10 1.47894e-05 9.72747e-10 3.04873e-05 
3.55964e-06 6.42335e-10 8.4733e-10 2.19014e-06 3.59212e-06 6.31135e-06 2.04569e-09 8.70693e-08 3.00912e-06 2.4975e-05 2.68426e-06 4.02524e-07 1.12175e-10 0.000124302 0.999822 3.89032e-10 6.70897e-06 3.40777e-10 
0.733973 6.96111e-07 0.000637839 0.0146389 0.11793 0.000155818 9.50325e-10 0.0949323 6.98594e-10 7.25088e-10 4.79421e-10 1.03827e-10 5.21109e-11 1.17681e-05 0.0271992 1.69502e-07 0.00641106 0.00410905 
2.63615e-07 2.61677e-07 6.93829e-05 0.999787 1.60793e-07 1.84961e-07 8.33382e-07 8.84555e-08 6.12627e-07 6.35861e-07 8.45055e-05 9.10507e-08 4.56983e-08 2.38186e-07 6.12076e-08 1.58486e-07 1.2093e-07 5.56697e-05 
1.61472e-07 4.00474e-07 2.11228e-10 1.09234e-07 0.0026263 0.986015 6.63462e-07 3.19408e-07 3.74879e-10 6.22944e-07 2.57267e-10 9.13793e-07 2.79637e-11 4.37399e-07 3.18397e-07 4.85001e-07 7.39996e-11 0.0113541 
3.09944e-05 3.07666e-05 4.05855e-05 9.53583e-06 1.89052e-05 2.17468e-05 0.99954 1.04001e-05 7.20294e-05 7.47612e-05 4.94313e-05 1.07053e-05 5.37296e-06 2.80047e-05 7.19646e-06 1.86339e-05 1.42183e-05 1.63226e-05 
4.12808e-06 8.61736e-06 0.00419234 4.28671e-05 0.0182555 0.558713 2.32922e-05 0.0390206 0.00794878 1.68053e-05 1.76791e-07 0.354639 1.92164e-08 0.00385263 1.06568e-07 0.00922688 4.12316e-05 0.00401322 
3.47767e-09 5.52684e-06 4.55383e-09 1.06995e-09 2.14244e-07 0.985795 1.87011e-05 1.16693e-09 0.00227184 8.38846e-09 5.54636e-09 0.0119003 6.02865e-10 3.14222e-09 8.07467e-10 2.72012e-06 1.59534e-09 5.86246e-06 
7.11682e-10 7.06452e-10 0.0769003 2.18958e-10 0.000128373 0.858856 0.000272613 0.0584432 2.67822e-05 0.000267419 1.13502e-09 7.99288e-06 1.23372e-10 6.43033e-10 1.65242e-10 6.66531e-05 1.18266e-05 0.00501923 
1.09243e-08 0.000484795 9.8858e-09 2.73231e-13 0.000296467 1.83825e-08 2.80756e-12 9.3276e-09 4.12981e-09 4.71474e-05 1.41636e-12 0.996853 1.53952e-13 0.00113005 0.001188 5.3392e-13 4.07399e-13 4.22799e-08 
1.27784e-06 1.26845e-06 0.997261 3.93145e-07 7.79427e-07 0.00260098 4.03973e-06 4.28779e-07 2.96964e-06 3.08227e-06 2.03796e-06 4.41359e-07 2.21518e-07 1.15458e-06 2.96697e-07 7.68242e-07 0.000117825 6.7295e-07 
3.97755e-05 0.0331927 0.00200553 0.0300857 2.11355e-05 0.806931 4.60993e-07 0.0910622 0.00457472 0.000132774 5.74719e-05 0.00276966 2.52785e-08 3.79933e-05 0.0236756 2.62567e-05 2.49523e-05 0.00536161 
0.0280265 1.16554e-05 1.86374e-08 0.00661505 0.326214 0.440713 2.99874e-06 0.0404169 0.143682 3.43313e-08 2.26995e-08 0.00568412 2.46733e-09 1.00714e-06 0.00522324 0.00209618 0.000198828 0.00111398 
8.26044e-06 8.19973e-06 1.08166e-05 0.00811871 5.0385e-06 0.000554862 2.61142e-05 0.98584 1.91968e-05 1.99249e-05 1.31741e-05 0.000125711 1.43197e-06 0.000328858 0.000101025 0.00481096 3.78938e-06 4.35019e-06 
0.000646603 4.75411e-08 6.27134e-08 1.47349e-08 0.000803374 0.978819 0.00448181 1.60704e-08 0.0141688 1.15522e-07 0.000443093 1.65419e-08 8.30239e-09 0.00013419 0.000140124 2.87934e-08 2.19703e-08 0.000363221 
4.77055e-11 0.00419078 8.02319e-08 0.0103681 0.0110493 8.41e-07 1.35438e-07 0.163762 1.10865e-10 1.1507e-10 0.00165581 0.080152 8.26988e-12 0.15364 0.522619 1.7017e-08 0.0382714 0.0142906 
6.09737e-06 2.2979e-09 1.02571e-12 3.50793e-05 7.24778e-06 2.66272e-06 2.47633e-12 6.78602e-06 1.86796e-08 7.35433e-08 2.55874e-06 0.000183148 1.35789e-13 0.00559114 0.0114769 4.49352e-08 0.982688 6.13142e-11 
1.55456e-09 0.00482183 2.03561e-09 4.78281e-10 0.317692 0.532406 4.91453e-09 2.86949e-06 5.06142e-06 6.03746e-05 2.47928e-09 2.7926e-06 2.69487e-10 3.232e-06 0.145007 9.34605e-10 7.13136e-10 8.18677e-10 
1.54913e-08 0.00422017 0.279796 0.00106126 7.36978e-06 0.0247184 1.46704e-05 0.153528 4.95849e-06 3.73664e-08 1.56022e-06 0.00202481 2.68546e-09 2.21781e-06 0.517569 0.00143446 0.0155975 1.98782e-05 
0.000372476 3.9644e-07 5.22961e-07 1.22873e-07 0.00609777 0.838609 0.000129514 0.00068077 9.28128e-07 9.63328e-07 6.36942e-07 0.152777 6.92328e-08 0.000384574 9.74269e-05 2.40105e-07 1.83209e-07 0.000847672 
3.10404e-07 6.69686e-11 8.9224e-09 4.48357e-07 0.0962674 0.800941 9.59969e-07 1.69805e-07 0.0549181 1.6273e-10 6.5644e-07 1.86437e-07 1.16951e-11 3.23132e-07 0.0478697 1.42e-07 6.50228e-08 3.69535e-07 
5.60348e-05 0.0342918 0.950778 0.000441302 1.23368e-05 0.00217444 2.80195e-06 0.0112637 4.54532e-08 4.71771e-08 3.1193e-08 6.75541e-09 3.39054e-09 1.50932e-05 4.55745e-05 5.19954e-06 0.000143348 0.000770687 
1.62841e-06 6.80095e-08 0.0580045 6.38506e-05 0.0440938 0.000110159 2.16594e-07 0.0567871 0.0310421 1.65259e-07 1.09268e-07 0.000900651 1.18769e-08 0.0190278 0.787506 4.11902e-08 0.00246133 3.6081e-08 
6.09737e-06 2.2979e-09 1.02571e-12 3.50793e-05 7.24778e-06 2.66272e-06 2.47633e-12 6.78602e-06 1.86796e-08 7.35433e-08 2.55874e-06 0.000183148 1.35789e-13 0.00559114 0.0114769 4.49352e-08 0.982688 6.13142e-11 
1.02394e-05 1.03335e-05 6.25821e-06 5.2496e-10 2.28976e-05 5.26881e-06 2.48186e-05 5.7254e-10 3.96531e-09 4.1157e-09 2.72126e-09 0.000894614 2.95789e-10 0.00124338 0.997782 1.02582e-09 7.82736e-10 8.98578e-10 
2.61835e-06 2.85836e-07 5.51924e-10 0.00581133 3.69068e-06 0.929386 8.28956e-07 4.29603e-07 1.62249e-05 7.47583e-06 0.0001112 1.45581e-10 7.30671e-11 4.47179e-07 0.0582031 3.62308e-07 1.93355e-10 0.00645559 
0.000520916 0.00472185 0.00228682 0.000133541 0.00073343 0.955082 3.77547e-05 9.54719e-06 0.000333656 0.001086 0.000163154 0.0136052 2.04227e-08 0.000339236 0.00381402 0.00133772 0.000184785 0.0156108 
6.09737e-06 2.2979e-09 1.02571e-12 3.50793e-05 7.24778e-06 2.66272e-06 2.47633e-12 6.78602e-06 1.86796e-08 7.35433e-08 2.55874e-06 0.000183148 1.35789e-13 0.00559114 0.0114769 4.49352e-08 0.982688 6.13142e-11 
8.29257e-07 8.23163e-07 1.08587e-06 2.55132e-07 5.0581e-07 0.999069 2.62158e-06 2.78256e-07 1.92715e-06 2.00024e-06 1.32254e-06 0.000916827 1.43754e-07 7.49267e-07 1.92542e-07 4.98551e-07 3.80412e-07 4.36711e-07 
0.000520916 0.00472185 0.00228682 0.000133541 0.00073343 0.955082 3.77547e-05 9.54719e-06 0.000333656 0.001086 0.000163154 0.0136052 2.04227e-08 0.000339236 0.00381402 0.00133772 0.000184785 0.0156108 
0.000627329 1.93992e-08 5.62644e-08 1.7029e-08 0.000694584 0.864867 1.12681e-07 0.000226242 7.73493e-06 0.000981008 0.00062116 0.0020428 2.06509e-12 0.00280073 0.0471376 0.000448576 0.0793405 0.000204796 
0.733973 6.96111e-07 0.000637839 0.0146389 0.11793 0.000155818 9.50325e-10 0.0949323 6.98594e-10 7.25088e-10 4.79421e-10 1.03827e-10 5.21109e-11 1.17681e-05 0.0271992 1.69502e-07 0.00641106 0.00410905 
7.02858e-07 3.1699e-10 4.18154e-10 9.8248e-11 1.12992e-06 0.999277 3.73632e-06 1.07153e-10 7.42122e-10 3.2359e-06 5.09293e-10 0.000713097 5.53579e-11 2.88533e-10 1.5578e-07 8.06534e-07 1.46492e-10 1.68172e-10 
1.8158e-06 7.98365e-05 3.9961e-07 0.0172515 4.35787e-07 0.0859659 2.35253e-10 2.49698e-11 6.22745e-07 9.69454e-07 1.1868e-10 4.5802e-06 1.29e-11 0.00433867 0.880824 1.19904e-06 1.14021e-06 0.0115286 
0.00558979 1.31949e-09 1.74059e-09 4.08963e-10 0.0327672 0.93704 1.2611e-05 4.4603e-10 3.08913e-09 3.20628e-09 1.91008e-06 1.05642e-06 2.3043e-10 1.20104e-09 7.74703e-06 7.99152e-10 6.0978e-10 0.0245793 
0.00810343 2.89724e-13 1.09691e-08 0.00120747 0.000148837 1.2574e-08 3.76842e-06 0.000649954 1.11295e-05 0.988881 5.6794e-09 0.000525903 5.05964e-14 2.62079e-05 1.6732e-08 0.000184783 1.97193e-06 0.000255698 
1.92695e-06 1.21329e-09 0.996364 7.94999e-05 1.63498e-06 8.80204e-06 3.86405e-09 1.34895e-06 1.98399e-06 0.00341719 1.94934e-09 6.26789e-06 2.11884e-10 5.43216e-06 0.000108779 4.49249e-07 1.52594e-06 7.70269e-07 
2.7664e-06 0.0145087 4.98757e-09 0.0119112 2.32327e-09 0.317801 1.20414e-08 0.00179219 8.85172e-09 0.631076 0.000612495 0.0222306 6.60286e-10 3.4415e-09 2.46488e-06 2.28993e-09 2.73132e-06 6.04825e-05 
0.0170548 0.000701245 1.35697e-06 8.05654e-06 0.00155315 0.230454 7.73976e-07 0.00034171 5.21974e-05 0.38448 0.000898648 0.173566 4.31143e-09 0.0208603 0.165795 0.000148294 0.00299518 0.00108986 
1.92695e-06 1.21329e-09 0.996364 7.94999e-05 1.63498e-06 8.80204e-06 3.86405e-09 1.34895e-06 1.98399e-06 0.00341719 1.94934e-09 6.26789e-06 2.11884e-10 5.43216e-06 0.000108779 4.49249e-07 1.52594e-06 7.70269e-07 
3.72779e-07 3.7004e-07 4.88135e-07 1.1469e-07 0.000739128 0.681804 7.37164e-05 0.000368826 8.6632e-07 8.99176e-07 5.94526e-07 1.28755e-07 6.46223e-08 3.36821e-07 0.316968 4.15116e-05 1.71008e-07 1.96317e-07 
0.00819595 1.4298e-07 1.88611e-07 4.43154e-08 0.00203837 0.0610014 4.55359e-07 0.000870024 0.0003016 0.00587199 0.0126119 0.0044079 2.49695e-08 0.00602583 0.0266079 0.00116914 0.0583585 0.812539 
0.00082425 2.9637e-07 1.49706e-06 1.16711e-07 0.00604057 0.982065 2.49889e-07 7.83744e-07 7.18339e-07 1.17765e-06 9.32698e-07 0.00968205 4.07974e-08 0.000925342 1.0969e-07 0.00035489 0.000101573 9.61934e-08 
0.000161877 4.49258e-06 5.92635e-06 7.84727e-06 0.00406246 5.46971e-05 1.43078e-05 0.994017 1.05178e-05 1.09167e-05 7.21802e-06 0.000516059 7.84567e-07 4.08928e-06 0.00092827 2.72094e-06 1.17006e-05 0.000179164 
0.00778029 0.00208161 0.000105363 0.00315695 3.18406e-05 0.00148508 1.25442e-05 0.002085 5.19063e-07 0.979526 0.000654561 0.000555196 1.23127e-07 8.99083e-05 0.00178304 4.06666e-05 1.38711e-05 0.000597113 
0.0372848 4.11679e-06 0.000155708 8.47681e-05 0.0941445 0.642745 3.14481e-05 0.000279575 3.94862e-05 0.0095239 6.60766e-09 0.21546 7.18223e-10 7.86505e-06 5.6766e-06 7.47281e-05 6.08388e-06 0.000151862 
0.00487209 0.717399 0.00408737 2.34177e-07 0.0133713 0.102003 2.40626e-06 0.00477627 0.0134452 0.0671977 0.00679912 0.0216365 1.31947e-07 0.0140991 0.0229217 4.57603e-07 0.00289844 0.00448984 
1.97546e-10 2.24708e-06 1.55272e-05 6.07777e-11 0.00427446 0.343179 0.00147843 1.18681e-06 4.93991e-07 7.56653e-07 3.16777e-07 0.000390894 3.42452e-11 5.92814e-07 0.00930052 3.34507e-07 0.00037461 0.640981 
2.99437e-08 2.97237e-08 3.92097e-08 9.21258e-09 0.999884 2.73335e-05 9.4663e-08 1.00476e-08 2.09459e-05 7.22269e-08 4.77556e-08 1.03424e-08 5.19083e-09 2.70554e-08 4.51982e-05 1.80022e-08 1.23764e-05 9.47733e-06 
2.02532e-06 2.01044e-06 2.65205e-06 6.23116e-07 1.23535e-06 0.997141 6.40277e-06 6.79593e-07 0.00282876 4.88525e-06 3.23007e-06 6.99532e-07 3.51095e-07 1.82996e-06 4.70251e-07 1.21763e-06 9.29091e-07 1.06659e-06 
0.000520916 0.00472185 0.00228682 0.000133541 0.00073343 0.955082 3.77547e-05 9.54719e-06 0.000333656 0.001086 0.000163154 0.0136052 2.04227e-08 0.000339236 0.00381402 0.00133772 0.000184785 0.0156108 
0.000160269 0.000159091 0.000209863 4.93088e-05 0.997214 0.00011245 0.000506668 5.3778e-05 0.000372456 0.000386582 0.000255604 5.53557e-05 2.7783e-05 0.000144809 3.72121e-05 9.63539e-05 7.35214e-05 8.44022e-05 
3.84143e-08 0.0343297 0.0075027 0.00376527 0.000957873 0.000430567 9.30949e-08 0.00491957 6.12175e-07 5.53858e-09 4.10878e-11 0.00560622 4.46607e-12 0.72204 0.218781 1.54887e-11 0.000487084 0.00117893 
4.66041e-10 1.39247e-07 6.10255e-10 1.43384e-10 0.01105 0.985046 5.45279e-06 1.56379e-10 3.35856e-06 4.72248e-06 2.75082e-06 3.05999e-07 8.07894e-11 4.21086e-10 1.08208e-10 0.00388547 2.13791e-10 1.30103e-06 
0.733973 6.96111e-07 0.000637839 0.0146389 0.11793 0.000155818 9.50325e-10 0.0949323 6.98594e-10 7.25088e-10 4.79421e-10 1.03827e-10 5.21109e-11 1.17681e-05 0.0271992 1.69502e-07 0.00641106 0.00410905 
4.10897e-10 0.00672133 5.91903e-06 1.26418e-10 0.0226854 0.933662 1.29899e-09 5.79214e-07 0.0357645 1.28945e-06 6.61872e-08 0.00115414 7.12301e-11 7.80019e-07 3.0912e-06 3.95498e-07 1.88494e-10 2.1639e-10 
1.90942e-06 0.998391 2.50029e-06 5.87459e-07 1.16466e-06 0.00024012 6.03638e-06 6.40705e-07 4.43741e-06 4.6057e-06 3.04524e-06 6.59502e-07 3.31004e-07 1.72524e-06 0.00133818 1.14795e-06 8.75925e-07 1.00556e-06 
0.00399302 0.00246544 4.43548e-05 0.000225181 0.0201924 0.677651 1.02078e-05 0.0271754 0.00516387 0.00404628 0.00239307 0.0117293 1.46876e-08 0.0565654 0.0954349 2.97288e-05 0.0928642 1.62718e-05 
0.00122204 5.75438e-06 0.00141167 0.00585891 0.00638542 0.0862969 0.149903 0.539865 0.00551892 1.62517e-06 0.0135887 0.148476 1.16799e-07 9.86684e-06 0.000400405 0.000115082 6.31858e-07 0.0409391 
5.15247e-11 0.0357724 0.0208259 2.66319e-06 0.0881163 0.136456 7.98315e-07 0.391131 1.19741e-10 1.24282e-10 1.93118e-06 0.219097 8.93196e-12 5.63359e-07 0.0660128 1.19292e-05 2.36364e-11 0.0425704 
1.10186e-06 1.09376e-06 0.1949 0.00707045 0.366137 0.00256241 3.48337e-06 0.109368 0.301911 2.65778e-06 1.75729e-06 3.80574e-07 1.9101e-07 9.95573e-07 0.0140341 6.62439e-07 0.00307627 0.000927203 
0.000520916 0.00472185 0.00228682 0.000133541 0.00073343 0.955082 3.77547e-05 9.54719e-06 0.000333656 0.001086 0.000163154 0.0136052 2.04227e-08 0.000339236 0.00381402 0.00133772 0.000184785 0.0156108 
0.000201469 1.05306e-07 5.50729e-07 0.000438364 3.56492e-07 0.549218 0.419712 0.00685687 0.0219471 1.15411e-07 1.9667e-07 0.000199321 1.85617e-09 1.71211e-05 1.23623e-05 9.04457e-07 1.63854e-05 0.0013787 
6.09737e-06 2.2979e-09 1.02571e-12 3.50793e-05 7.24778e-06 2.66272e-06 2.47633e-12 6.78602e-06 1.86796e-08 7.35433e-08 2.55874e-06 0.000183148 1.35789e-13 0.00559114 0.0114769 4.49352e-08 0.982688 6.13142e-11 
0.14136 0.00027154 7.96307e-05 0.0685304 0.00061709 0.538707 1.69596e-05 0.000142367 2.07964e-05 0.230188 4.86004e-07 0.0199419 5.28265e-08 4.27568e-06 7.0755e-08 3.82085e-05 3.2347e-06 7.74367e-05 
2.61706e-05 8.23015e-07 2.12842e-05 4.08484e-05 0.999411 2.7639e-05 1.48124e-05 1.5806e-05 2.56695e-06 6.64413e-09 4.39303e-09 0.000131959 4.77503e-10 4.40545e-05 0.000167373 3.1481e-06 2.60314e-05 6.65843e-05 
2.21727e-06 2.20098e-06 2.9034e-06 0.978439 0.0144724 1.55571e-06 7.0096e-06 0.00513437 5.15283e-06 5.34825e-06 3.53621e-06 0.00160901 3.8437e-07 2.00339e-06 0.000309406 1.33303e-06 1.01715e-06 1.16768e-06 
3.52414e-07 0.00181943 4.61467e-07 1.08425e-07 0.968313 0.00712152 1.11411e-06 1.18252e-07 0.000328416 8.50053e-07 5.62046e-07 0.000547867 6.10919e-08 0.0076424 0.00905816 2.11872e-07 0.00497947 0.000185777 
1.55159e-05 1.54019e-05 2.03173e-05 4.77368e-06 9.46401e-06 1.08865e-05 4.90515e-05 5.20635e-06 3.60582e-05 3.74257e-05 0.999746 5.35909e-06 2.68973e-06 1.40193e-05 3.60258e-06 9.3282e-06 7.11774e-06 8.17114e-06 
5.92328e-09 0.000170519 7.75622e-09 1.20295e-05 0.189018 0.0583812 1.87256e-08 5.1082e-05 1.37654e-08 1.42875e-08 9.44672e-09 2.25249e-06 1.02682e-09 6.15523e-05 0.752243 3.56109e-09 3.53268e-05 2.49581e-05 
6.09737e-06 2.2979e-09 1.02571e-12 3.50793e-05 7.24778e-06 2.66272e-06 2.47633e-12 6.78602e-06 1.86796e-08 7.35433e-08 2.55874e-06 0.000183148 1.35789e-13 0.00559114 0.0114769 4.49352e-08 0.982688 6.13142e-11 
7.51136e-05 0.0109951 3.08819e-09 7.25592e-10 0.00473988 0.145349 7.45575e-09 3.64119e-06 0.714424 1.3676e-05 3.76128e-09 0.124349 4.08835e-10 1.26695e-05 5.47586e-10 3.71896e-05 1.08189e-09 1.42178e-06 
0.000252162 1.24416e-07 5.28577e-11 1.328e-07 0.0200417 0.969953 0.000772653 4.83632e-08 0.000740635 6.90136e-05 6.43783e-11 5.52257e-08 6.99763e-12 0.00182993 0.0047391 0.000112404 2.27024e-05 0.00146647 
4.12808e-06 8.61736e-06 0.00419234 4.28671e-05 0.0182555 0.558713 2.32922e-05 0.0390206 0.00794878 1.68053e-05 1.76791e-07 0.354639 1.92164e-08 0.00385263 1.06568e-07 0.00922688 4.12316e-05 0.00401322 
0.733973 6.96111e-07 0.000637839 0.0146389 0.11793 0.000155818 9.50325e-10 0.0949323 6.98594e-10 7.25088e-10 4.79421e-10 1.03827e-10 5.21109e-11 1.17681e-05 0.0271992 1.69502e-07 0.00641106 0.00410905 
0.733973 6.96111e-07 0.000637839 0.0146389 0.11793 0.000155818 9.50325e-10 0.0949323 6.98594e-10 7.25088e-10 4.79421e-10 1.03827e-10 5.21109e-11 1.17681e-05 0.0271992 1.69502e-07 0.00641106 0.00410905 
0.000642735 0.000582479 0.0403042 0.00264343 0.0192413 0.000648955 3.86689e-06 0.00207953 2.1146e-07 7.25816e-06 6.42547e-08 0.779467 3.49984e-08 0.082744 0.0110708 1.52092e-07 2.30376e-07 0.0605641 
0.0118761 1.33853e-05 1.18176e-06 2.90904e-05 0.0683061 0.821067 0.0121031 0.000105053 2.29541e-05 0.00127328 7.3443e-09 0.0169686 7.98293e-10 0.00150598 0.000521088 0.00547504 1.39562e-06 0.0607306 
0.000112217 5.30188e-08 2.10516e-05 6.58949e-06 7.49631e-05 0.998966 1.68853e-07 0.000193577 1.24125e-07 0.000141845 8.51829e-08 0.000284116 9.25901e-09 4.82593e-08 0.000115345 3.2111e-08 8.33305e-05 2.8128e-08 
3.04206e-07 3.0197e-07 3.98341e-07 9.35929e-08 1.85552e-07 0.999995 9.61705e-07 1.02076e-07 7.06959e-07 7.33771e-07 4.85162e-07 1.05071e-07 5.27349e-08 2.74862e-07 7.06323e-08 1.82889e-07 1.39551e-07 1.60204e-07 
2.4672e-07 2.44907e-07 3.23066e-07 7.59066e-08 0.998606 0.000484874 7.79971e-07 8.27865e-08 5.73364e-07 5.95109e-07 0.000905399 8.52154e-08 4.27696e-08 2.22921e-07 5.72848e-08 1.48328e-07 1.1318e-07 1.2993e-07 
1.16766e-06 1.15908e-06 1.52899e-06 0.00219176 7.12221e-07 0.993041 3.6914e-06 3.91807e-07 2.71359e-06 2.8165e-06 1.86224e-06 4.03303e-07 2.02417e-07 0.00474868 2.71115e-07 7.02001e-07 5.35651e-07 6.14925e-07 
0.733973 6.96111e-07 0.000637839 0.0146389 0.11793 0.000155818 9.50325e-10 0.0949323 6.98594e-10 7.25088e-10 4.79421e-10 1.03827e-10 5.21109e-11 1.17681e-05 0.0271992 1.69502e-07 0.00641106 0.00410905 
6.09737e-06 2.2979e-09 1.02571e-12 3.50793e-05 7.24778e-06 2.66272e-06 2.47633e-12 6.78602e-06 1.86796e-08 7.35433e-08 2.55874e-06 0.000183148 1.35789e-13 0.00559114 0.0114769 4.49352e-08 0.982688 6.13142e-11 
2.57146e-09 0.00107338 3.36719e-09 0.000106262 6.00382e-07 0.00285257 8.12931e-09 2.50856e-07 5.97594e-09 9.14792e-06 4.10108e-09 3.32086e-07 4.45769e-10 0.00414391 0.98576 3.44699e-07 0.0060526 1.58296e-07 
0.733973 6.96111e-07 0.000637839 0.0146389 0.11793 0.000155818 9.50325e-10 0.0949323 6.98594e-10 7.25088e-10 4.79421e-10 1.03827e-10 5.21109e-11 1.17681e-05 0.0271992 1.69502e-07 0.00641106 0.00410905 
9.24212e-08 0.000256418 1.21021e-07 4.49131e-05 8.51002e-06 0.00875204 2.92177e-07 5.36344e-05 2.14782e-07 2.22928e-07 1.47398e-07 3.19217e-08 1.60215e-08 0.000138491 0.990745 5.55638e-08 4.23971e-08 4.86717e-08 
2.05641e-06 6.06571e-07 0.000886621 0.0715463 0.00509088 0.435494 0.00399267 0.22679 0.00710467 0.0045417 1.22527e-05 0.192577 3.4141e-07 8.07741e-05 0.0307359 0.00022394 1.57899e-05 0.0209047 
1.02599e-05 1.01845e-05 1.34348e-05 3.1566e-06 6.25809e-06 7.19872e-06 3.24353e-05 3.4427e-06 2.38435e-05 0.99984 1.6363e-05 3.54371e-06 1.77858e-06 9.27024e-06 2.38221e-06 6.16828e-06 4.70661e-06 5.40317e-06 
4.39869e-07 6.22809e-05 0.000370176 2.28974e-05 0.00022511 0.775905 1.39059e-06 0.00044344 0.00138168 0.000858505 7.01524e-07 1.51928e-07 7.62525e-08 0.000240603 0.20608 0.000150142 2.01785e-07 0.0142577 
0.0157498 6.19739e-07 0.00141152 0.0104219 0.00686965 0.651881 1.97373e-06 0.00124017 0.00327298 1.50593e-06 9.95706e-07 0.304269 1.08229e-07 5.64105e-07 0.00107265 3.75347e-07 0.000121371 0.00368396 
0.68836 2.10161e-10 2.77232e-10 2.57667e-08 1.29138e-10 1.48548e-10 6.69314e-10 7.10413e-11 4.9202e-10 5.08862e-08 3.37656e-10 7.31256e-11 3.67017e-11 1.4409e-05 0.311581 1.27285e-10 4.41927e-05 2.42077e-07 
4.02014e-09 3.9906e-09 5.26416e-09 1.23685e-09 2.45211e-09 1.50241e-05 1.27091e-08 1.34895e-09 0.998949 9.69693e-09 4.85568e-06 1.38853e-09 6.96903e-10 3.63236e-09 0.000832056 2.41692e-09 0.000199421 2.11713e-09 
1.27017e-05 6.56871e-09 2.01496e-05 2.49996e-06 1.86251e-05 0.973946 0.0230186 3.57176e-05 1.53784e-08 1.59616e-08 1.05536e-08 2.40348e-06 1.14713e-09 5.97903e-09 1.7617e-05 4.39704e-06 3.03563e-09 0.00292134 
0.733973 6.96111e-07 0.000637839 0.0146389 0.11793 0.000155818 9.50325e-10 0.0949323 6.98594e-10 7.25088e-10 4.79421e-10 1.03827e-10 5.21109e-11 1.17681e-05 0.0271992 1.69502e-07 0.00641106 0.00410905 
1.06482e-05 1.05699e-05 1.39432e-05 3.27605e-06 0.0103983 0.981712 3.36627e-05 3.57298e-06 2.47458e-05 2.56843e-05 1.69822e-05 3.6778e-06 1.84589e-06 0.00674435 2.47235e-06 6.4017e-06 0.000981828 5.60763e-06 
6.09737e-06 2.2979e-09 1.02571e-12 3.50793e-05 7.24778e-06 2.66272e-06 2.47633e-12 6.78602e-06 1.86796e-08 7.35433e-08 2.55874e-06 0.000183148 1.35789e-13 0.00559114 0.0114769 4.49352e-08 0.982688 6.13142e-11 
1.02394e-05 1.03335e-05 6.25821e-06 5.2496e-10 2.28976e-05 5.26881e-06 2.48186e-05 5.7254e-10 3.96531e-09 4.1157e-09 2.72126e-09 0.000894614 2.95789e-10 0.00124338 0.997782 1.02582e-09 7.82736e-10 8.98578e-10 
1.17419e-06 1.16556e-06 1.53754e-06 0.000795122 7.16204e-07 0.998594 3.71205e-06 0.000591391 2.72876e-06 2.83225e-06 1.87266e-06 4.05558e-07 2.03549e-07 1.06093e-06 2.72631e-07 7.05927e-07 5.38646e-07 6.18364e-07 
2.02412e-07 0.00014015 0.994462 0.00254994 0.000180101 1.6008e-06 8.46472e-06 0.000955928 4.70394e-07 4.88234e-07 3.22815e-07 0.00107177 3.50886e-08 4.74513e-06 0.000154274 3.22235e-06 2.22749e-06 0.000463678 
5.78744e-11 5.74491e-11 0.23726 0.121001 0.000895441 0.0179339 1.82962e-10 0.0116994 0.000825705 0.00531754 1.16761e-05 0.0163688 1.00327e-11 0.0225579 0.027287 8.35419e-06 0.0039843 0.53485 
0.0406841 1.18745e-05 1.56641e-05 3.68039e-06 0.0262748 8.39324e-06 3.78175e-05 0.932849 2.78e-05 2.88543e-05 1.90782e-05 4.13173e-06 2.07371e-06 1.08085e-05 2.7775e-06 7.19182e-06 5.4876e-06 6.29975e-06 
1.01069e-07 0.00186895 0.396296 0.0165138 0.0284204 0.0727235 6.87133e-07 0.0322945 2.42856e-10 2.19592e-08 0.000238665 1.46137e-05 1.81156e-11 0.0437935 0.0950799 0.000989458 0.260759 0.0510067 
8.8234e-05 8.75856e-05 0.000115538 2.71463e-05 5.38188e-05 0.031016 0.00027894 2.96068e-05 0.0412154 0.000212828 0.00014072 0.926479 1.52956e-05 7.9723e-05 2.04867e-05 5.30465e-05 4.04763e-05 4.64666e-05 
0.579852 1.85201e-05 0.000545867 1.7122e-06 7.71999e-06 0.419071 3.44904e-09 3.66083e-10 1.34403e-05 2.63158e-09 1.73997e-09 1.14181e-05 1.89128e-10 0.000362958 9.26119e-05 2.88666e-06 1.8118e-05 2.06896e-06 
9.94583e-06 7.99253e-07 1.05433e-06 2.47721e-07 1.18626e-05 0.999135 0.000314842 2.70174e-07 1.87118e-06 3.45059e-05 1.28412e-06 7.25876e-06 1.39578e-07 7.27504e-07 1.86949e-07 0.000475367 3.69362e-07 3.99551e-06 
0.00355716 2.967e-07 3.91389e-07 0.000294362 0.000729436 2.09716e-07 9.4492e-07 1.00294e-07 6.9462e-07 7.20964e-07 4.76694e-07 1.03237e-07 5.18145e-08 0.00823725 0.984819 1.79697e-07 0.00235852 1.57408e-07 
3.07244e-05 0.0796522 0.000271499 0.0150019 0.0232243 0.035681 8.56583e-08 0.026646 0.000480753 6.28482e-07 1.60438e-10 0.000610027 1.74389e-11 0.0325765 0.743455 6.04797e-11 0.0357671 0.00660252 
3.15021e-10 2.04619e-06 0.657651 0.0148724 0.0588925 0.0347487 9.95895e-10 0.123305 7.32093e-10 7.59858e-10 5.0241e-10 0.00639611 5.46097e-11 0.0880534 0.0157591 8.758e-08 2.97356e-07 0.000319197 
7.60867e-07 7.55275e-07 9.96315e-07 2.34091e-07 0.00222812 0.989867 2.40538e-06 2.55308e-07 1.76822e-06 0.00789355 1.21347e-06 2.62798e-07 1.31898e-07 6.87474e-07 1.76663e-07 4.57435e-07 3.49039e-07 4.00695e-07 
0.0138398 0.000781104 7.26533e-11 5.29352e-08 0.0554937 0.258951 5.27969e-08 0.0181271 0.00686204 7.76359e-07 9.02672e-07 0.628092 9.6183e-12 0.0131469 4.5348e-07 0.00470373 2.06192e-07 2.92195e-11 
1.95133e-06 1.93699e-06 2.55516e-06 0.000299202 1.19022e-06 0.00236303 0.991201 0.000908361 0.000244483 0.000203945 3.11207e-06 0.00106339 3.38268e-07 0.000729426 0.000229258 1.17314e-06 0.000275609 0.00246962 
8.44023e-07 0.0039386 1.1052e-06 0.00181798 0.00761979 0.00254704 2.66826e-06 0.984019 1.96147e-06 2.03586e-06 1.34609e-06 2.9152e-07 1.46314e-07 7.62609e-07 1.9597e-07 5.07429e-07 3.87185e-07 4.48933e-05 
0.000462156 0.000180127 4.48241e-08 7.0573e-05 0.000574208 0.00692679 0.00320335 1.14863e-08 0.010127 8.25689e-08 0.0953262 1.18233e-08 5.93409e-09 9.59118e-05 0.000100153 2.05799e-08 1.57032e-08 0.882933 
6.11183e-07 6.06691e-07 8.00312e-07 1.88038e-07 3.72794e-07 0.999941 1.93217e-06 2.07132e-05 1.42036e-06 1.47423e-06 9.74743e-07 2.11099e-07 1.0595e-07 5.52228e-07 1.41908e-07 3.67445e-07 2.83177e-05 3.21867e-07 
1.1869e-05 0.000941063 9.21575e-05 3.65165e-06 0.00257682 0.991624 3.75222e-05 3.98262e-06 2.75829e-05 2.8629e-05 1.89292e-05 0.000537617 2.05752e-06 0.000708558 0.00302139 7.13566e-06 5.44475e-06 0.000351358 
3.7071e-05 0.000539056 4.20419e-07 0.000795668 0.00254888 4.58538e-05 1.01501e-06 1.69035e-05 3.83192e-06 7.74439e-07 5.12051e-07 1.10894e-07 5.56577e-08 0.00282505 0.990453 2.91922e-06 0.00272904 1.69083e-07 
5.35736e-08 5.31799e-08 7.01518e-08 1.64826e-08 3.26775e-08 3.75891e-08 1.69366e-07 0.189036 1.24502e-07 1.29224e-07 8.54417e-08 1.8504e-08 9.28713e-09 0.000280802 0.810409 3.22086e-08 7.37534e-05 0.000200344 
2.02706e-07 0.00102641 0.000239155 6.23652e-08 0.00191657 0.986875 6.40828e-07 6.80178e-08 4.71079e-07 0.00826367 3.26519e-05 7.00134e-08 3.51397e-08 1.83153e-07 0.000993128 1.21867e-07 9.2989e-08 0.000651288 
5.4255e-06 5.47071e-06 3.51266e-06 8.69113e-08 1.16746e-05 1.98204e-07 1.33582e-05 9.47886e-08 6.56489e-07 6.81387e-07 4.50526e-07 0.000449516 4.89701e-08 0.981165 0.0183339 1.69833e-07 9.82413e-06 1.48767e-07 
1.5381e-09 1.5268e-09 2.01407e-09 4.73218e-10 0.00762472 0.992336 1.79962e-05 5.16109e-10 3.57448e-09 1.55859e-05 2.45304e-09 1.00991e-06 2.66635e-10 1.38974e-09 5.36045e-07 3.88472e-06 7.05587e-10 8.10011e-10 
3.28745e-05 3.26329e-05 4.30474e-05 1.01143e-05 2.0052e-05 2.30659e-05 0.000103928 0.99942 7.63988e-05 7.92962e-05 5.24298e-05 1.13546e-05 5.69889e-06 2.97034e-05 7.633e-06 1.97642e-05 1.50808e-05 1.73127e-05 
1.03211e-07 1.02453e-07 1.3515e-07 3.20718e-06 6.29542e-08 0.999995 3.26288e-07 3.46324e-08 2.39858e-07 2.48954e-07 1.64606e-07 3.56484e-08 1.78919e-08 9.32554e-08 2.39642e-08 6.20508e-08 4.73469e-08 5.4354e-08 
1.17572e-06 1.16708e-06 1.53955e-06 3.61727e-07 7.17139e-07 0.99998 3.71689e-06 3.94513e-07 2.73232e-06 2.83595e-06 1.8751e-06 4.06087e-07 2.03815e-07 1.06231e-06 2.72986e-07 7.06848e-07 5.39349e-07 6.19171e-07 
4.30282e-05 6.77861e-09 2.14696e-05 2.31317e-06 0.610223 0.389585 5.831e-05 2.29139e-09 3.65164e-05 1.64716e-08 1.08909e-08 7.3141e-06 1.18379e-09 1.66654e-05 4.44112e-06 4.10549e-09 1.88271e-06 3.59624e-09 
9.44913e-05 0.00099713 0.741987 0.00677076 0.011938 0.030159 1.73087e-05 0.0135538 6.84817e-07 1.37148e-05 0.000157997 0.000348573 5.10833e-08 0.0195014 0.0391389 0.000637434 0.113836 0.0208484 
0.305715 0.0246051 6.22835e-07 0.0184061 0.00139504 0.00710784 3.16994e-08 0.000508351 0.56138 2.00903e-07 1.7328e-07 0.00158757 1.73823e-09 0.0516662 0.0276119 1.49171e-05 3.65243e-07 4.66785e-07 
8.54446e-10 8.48166e-10 1.11885e-09 0.0119861 2.76274e-06 0.125251 2.70121e-09 3.18274e-06 1.98569e-09 2.061e-09 0.000420125 0.216705 1.48121e-10 7.72026e-10 2.91636e-05 5.65578e-07 3.91967e-10 0.645603 
1.77034e-07 0.000562522 2.31817e-07 0.00143798 1.07983e-07 0.847795 0.000504262 0.000154509 4.11419e-07 4.27022e-07 2.85167e-05 6.11465e-08 3.06894e-08 1.59958e-07 4.11048e-08 1.06433e-07 8.12123e-08 0.149516 
1.56576e-05 1.55425e-05 2.05028e-05 4.81727e-06 9.55044e-06 0.999729 4.94994e-05 5.25389e-06 3.63875e-05 3.77675e-05 2.49715e-05 5.40803e-06 2.71429e-06 1.41473e-05 3.63547e-06 9.41339e-06 7.18274e-06 8.24576e-06 
2.33339e-08 0.000224699 3.05545e-08 3.87736e-05 0.000371486 0.998193 0.000199245 6.89087e-05 5.42268e-08 5.62834e-08 3.7214e-08 1.69327e-05 4.04499e-09 0.000153928 0.000283355 1.40284e-08 1.07041e-08 0.000449764 
0.00468319 1.20431e-07 0.000651508 0.000328511 0.000429283 0.0074655 3.83546e-07 0.00230421 2.81949e-07 2.92642e-07 1.93492e-07 0.00372113 2.10317e-08 1.0962e-07 0.980359 7.29397e-08 5.57112e-05 6.38923e-08 
1.61472e-07 4.00474e-07 2.11228e-10 1.09234e-07 0.0026263 0.986015 6.63462e-07 3.19408e-07 3.74879e-10 6.22944e-07 2.57267e-10 9.13793e-07 2.79637e-11 4.37399e-07 3.18397e-07 4.85001e-07 7.39996e-11 0.0113541 
2.69962e-05 2.67979e-05 3.53502e-05 8.30575e-06 0.999531 1.89415e-05 8.5345e-05 9.05856e-06 6.27379e-05 6.51173e-05 4.30549e-05 9.32432e-06 4.67987e-06 2.43922e-05 6.26815e-06 1.62302e-05 1.23842e-05 1.4217e-05 
