1.11529e-06 0.0304487 0.0185125 1.11564e-06 0.136091 0.0982716 1.1142e-06 0.0216443 0.0295387 0.00301049 1.11499e-06 0.104089 0.291424 0.0119353 0.106884 1.11549e-06 0.0171808 0.130965 
0.0116043 0.0162191 0.00071258 0.140137 0.0270469 0.00111594 7.69535e-06 0.0977053 1.56781e-05 3.43953e-05 0.00360633 0.0650078 0.557226 0.00877991 0.0251258 0.000810779 0.00960222 0.0352418 
0.0115097 0.00575877 0.00172329 0.0544374 0.0421426 0.0566673 7.59262e-06 0.00896974 0.00162803 0.023074 0.00887132 0.0379197 0.607449 0.00227026 0.103496 0.0002982 0.00729635 0.0264801 
0.224834 0.000786632 0.000183567 0.0748606 0.0351307 0.00731825 9.30154e-07 0.0382146 0.000291382 0.000290984 0.00139781 0.118591 0.438646 0.0005574 0.014019 7.6018e-05 0.00139051 0.043411 
0.00122067 0.0111173 0.000301604 0.0466039 0.0957213 0.138223 2.49457e-06 0.0235149 0.00180761 0.00589012 0.00210293 0.164736 0.355089 0.0135904 0.126425 0.000127262 0.00158592 0.0119405 
5.51036e-05 0.00182015 6.30951e-05 0.0572486 0.0103434 0.0226478 1.27648e-07 0.026641 0.000841331 0.00099221 0.000204783 0.0692318 0.736844 0.00479669 0.04013 1.34514e-05 0.0117938 0.0163328 
0.0016604 0.00106816 0.00686768 0.017755 0.0274915 0.0160728 0.000157578 0.16007 0.00622326 0.00117303 0.020468 0.288036 0.35646 0.00158055 0.0393287 0.000668504 0.0181491 0.0367701 
0.0132055 0.00753092 0.0164364 0.0733027 0.0279247 0.0076336 9.46951e-05 0.163074 0.00175859 0.00204054 0.0165496 0.270795 0.295572 0.0107942 0.0243335 0.00675609 0.008084 0.0541142 
0.00464483 0.00346186 0.00301414 0.251747 0.019516 0.00822026 2.35541e-05 0.060658 0.000123547 0.000472547 0.00631843 0.113271 0.395795 0.00627851 0.00930588 0.0010097 0.00703311 0.109107 
5.98756e-05 0.00443712 9.90831e-06 0.011261 0.00434714 0.000570062 2.70816e-06 0.00411994 2.11509e-06 3.30247e-06 7.87823e-09 0.0229916 0.905111 0.0105392 0.0208428 4.09493e-08 0.010571 0.00513094 
0.0103566 0.0125323 0.000990395 0.0383801 0.0446061 0.0291179 4.33558e-05 0.222249 0.00149317 0.000328794 0.00769658 0.045726 0.385239 0.00192138 0.0241493 0.0464596 0.00867438 0.120036 
0.00669692 0.00141526 0.000397165 0.0464451 0.00859949 0.0132066 3.74816e-06 0.000246853 0.000124383 0.002834 1.22913e-08 0.00110351 0.781356 0.00451825 0.015464 2.83174e-05 5.63301e-05 0.117504 
0.00180835 0.0166114 0.000223404 0.040567 0.00861344 0.0181288 3.97689e-07 0.0523532 0.0262151 0.000305205 0.00882119 0.0166987 0.617725 0.0214664 0.126839 1.60819e-08 0.0360791 0.00754424 
0.019344 0.0362745 0.00928947 0.110919 0.0416056 0.0370523 3.75408e-05 0.214956 0.000965204 0.0147018 0.000846131 0.0664374 0.286396 0.00277758 0.089449 0.00218711 0.0024464 0.0643148 
6.73054e-05 0.114547 0.000432923 0.00897901 0.0773411 0.00657866 1.68044e-12 0.0286872 3.05162e-05 0.00154867 0.000422825 0.0750397 0.484324 0.0944697 0.100392 8.52829e-09 0.00352909 0.00361028 
0.0057278 0.0221712 0.00107111 0.0888464 0.0229499 0.00379184 2.28013e-07 0.339392 1.45983e-05 5.60026e-05 0.0100992 0.00583378 0.477075 0.000910935 0.0155837 1.88185e-05 0.00586681 0.000590414 
0.0411608 0.000311457 0.00122936 0.0226214 0.0198658 0.0380655 1.1966e-05 0.00577945 0.0817455 0.00167374 0.00932541 0.0359591 0.592509 0.00061568 0.004946 0.000549126 0.00111805 0.142512 
0.000206112 0.00975312 0.00178329 0.141771 0.127699 0.0169172 1.27947e-05 0.0664644 0.00170555 0.000226209 6.29219e-06 0.0235518 0.482384 0.00131485 0.11562 1.799e-05 0.000419022 0.0101486 
0.0105646 0.0025052 0.138324 0.0678902 0.0422802 0.0383603 1.58527e-05 0.0596565 0.00546768 0.000628331 0.0192807 0.216954 0.223578 0.000902289 0.0444464 0.000337834 0.00854995 0.120258 
0.0105999 0.0030068 0.003954 0.216685 0.0554398 0.119366 4.49612e-05 0.0393405 0.00784992 0.000434163 0.00151298 0.0195834 0.381044 0.00777873 0.0475223 0.000548274 0.0175008 0.0677892 
0.0107459 0.0021736 0.0259711 0.0658631 0.0226793 0.00737146 0.0382223 0.0664715 0.00131562 0.00055687 0.0277818 0.182828 0.245526 0.0397732 0.0460163 0.00741698 0.00865951 0.200628 
0.0016944 0.0355216 2.34253e-05 0.0623663 0.00324583 0.0951821 1.70996e-05 0.0703443 0.00022809 0.00071905 0.00616175 0.196062 0.425042 0.0215011 0.074252 5.93412e-05 0.000718513 0.00686151 
0.000181757 0.000832194 2.94454e-05 0.156164 0.18132 0.169062 2.14241e-06 0.0116578 0.000382172 0.000271881 0.00151846 0.0262772 0.279721 0.00325584 0.0674669 0.000109485 0.0635455 0.0382011 
9.3328e-09 3.39268e-08 0.000475072 0.0104995 0.0127258 0.000285258 7.46606e-05 0.09343 2.68456e-09 1.51327e-10 3.39498e-08 0.143794 0.702643 1.06605e-08 0.00136676 2.06628e-06 0.0218352 0.0128694 
0.0123358 0.035892 0.00312244 0.0393765 0.0481367 0.000674916 1.33886e-05 0.0714318 0.000503168 0.00604628 0.00292785 0.0386505 0.712299 0.000829488 0.012702 6.12089e-06 0.000207362 0.0148445 
0.00235341 0.000873862 0.00132174 0.0566237 0.00618627 0.00133153 6.38955e-05 0.0334776 0.000221211 7.24889e-06 8.07619e-07 0.136152 0.660879 0.00250016 0.027582 2.96865e-08 0.00370109 0.0667239 
0.00380705 0.00106407 0.000127483 0.0218564 0.0262793 0.00230236 4.21396e-05 0.0108729 1.40845e-05 5.48988e-05 5.60308e-05 0.0439811 0.470835 0.000171562 0.00110663 2.74431e-05 0.000984301 0.416417 
0.0182296 0.00868522 0.0418026 0.0792252 0.0124766 0.00154269 6.02617e-05 0.231525 0.00108375 0.00134031 0.00803392 0.216733 0.310899 0.0034477 0.0270727 0.00764903 0.00207759 0.0281154 
0.00600093 0.018259 0.0024762 0.188363 0.0301773 0.0126963 4.14815e-05 0.267237 0.00270992 8.08764e-05 0.00353442 0.0682315 0.278219 0.00567109 0.0813132 0.000864902 0.0157383 0.0183866 
0.0104016 0.00546748 0.00349658 0.287672 0.0701522 0.00420689 9.59445e-06 0.0471922 0.00148253 0.000148045 0.00102125 0.0349577 0.447749 0.00515804 0.0447613 5.87261e-05 0.0244433 0.0116212 
0.000888284 0.0120045 0.00104254 0.0518712 0.0738705 0.0158032 2.73914e-11 0.00900243 0.0104621 0.00227197 0.0309164 0.0533381 0.434109 0.146039 0.137451 0.000213421 0.00479562 0.0159202 
0.00847934 0.00859537 9.96207e-06 0.024816 0.0504749 0.0128657 4.9559e-09 0.190902 7.71595e-05 1.00059e-06 1.96737e-06 0.0357946 0.609743 1.90792e-05 0.0575239 1.36865e-06 5.22055e-07 0.000693532 
0.00272192 0.0342929 0.0233644 0.185635 0.0176585 0.000473024 9.54798e-08 0.0511011 2.18749e-05 0.00341046 0.0418358 0.0154988 0.322496 0.00587748 0.0853415 0.023392 0.0583193 0.12856 
0.0067322 0.00378845 0.0126077 0.0846121 0.0231917 0.0289918 2.98466e-05 0.139113 0.00270411 0.000309875 0.00162818 0.219863 0.30962 0.00529123 0.0264862 0.000652485 0.0120223 0.122356 
0.0027505 0.0140551 0.00498179 0.125374 0.125111 0.0390756 1.90657e-05 0.13112 0.00132036 0.0017936 0.0242521 0.0394594 0.398366 0.00341783 0.0405553 0.00238814 0.0141857 0.0317739 
0.0452607 5.91724e-05 4.02317e-05 0.113849 0.119142 0.105489 0.0056933 0.0128921 0.0110874 0.000196474 8.33853e-06 0.0345855 0.223049 0.0036713 0.00401426 0.159242 9.88207e-05 0.161622 
0.000203644 0.00150934 0.000273489 0.133035 0.00957107 0.00148789 1.86524e-08 0.00374325 0.00166356 0.00147024 0.000665935 0.0804963 0.644965 0.00605145 0.038809 3.96148e-05 0.0586309 0.0173848 
0.000220674 0.00164654 0.000343814 0.00961702 0.0133953 0.000786248 3.25119e-05 0.00859629 5.15539e-07 1.54149e-07 6.65091e-07 0.0308394 0.888802 0.00357622 0.0374851 4.62453e-06 0.00125731 0.00339554 
0.00596039 0.00210419 1.09376e-05 0.0718307 0.00944582 0.0189059 6.91659e-08 0.00629552 0.00144416 0.00116226 0.0125448 0.149961 0.628977 0.00119841 0.0876011 0.00120735 0.00028472 0.00106578 
0.00512847 0.0765154 0.009682 0.0130134 0.175393 0.0221548 1.63683e-07 0.177578 4.92874e-05 0.00478136 0.00157264 0.110841 0.209733 0.0129935 0.128531 1.63873e-07 0.0101118 0.0419205 
0.00960277 0.00677908 0.00199589 0.05238 0.0678988 0.043981 0.000672233 0.0255678 0.00540703 0.00047727 0.00216302 0.12259 0.492841 0.0210139 0.0932724 0.00166207 0.0223685 0.0293262 
0.271065 0.000669395 0.00110252 0.143467 0.0036634 0.000959591 2.06887e-05 0.0202288 3.20274e-05 0.000142732 2.37283e-06 0.123647 0.339254 0.000250669 0.00556126 0.0532438 0.000360191 0.0363293 
0.000795186 0.00309108 0.00107413 0.109078 0.034476 0.005651 7.89621e-05 0.0756975 0.000752611 0.00062102 0.00142144 0.144952 0.491066 0.00496065 0.0187318 0.000779531 0.038987 0.0677854 
0.000862852 0.000523517 0.000412762 0.0792892 0.0059315 0.00145754 5.62849e-06 0.0410149 5.16023e-06 0.000557245 0.000217321 0.412924 0.424887 0.00246239 0.0182275 0.00418346 0.000185473 0.00685178 
0.000213384 0.000353303 0.0092712 0.0333166 0.00704741 0.0131535 1.52849e-07 0.0195212 0.00305835 0.00353632 0.00115773 0.0252491 0.470695 0.00449678 0.0483738 0.000203524 0.0371019 0.323251 
0.00357396 0.0301093 0.0026805 0.0287052 0.00786058 0.00059996 1.07703e-07 0.334762 2.69852e-05 0.000226113 0.0677202 0.00576054 0.483606 0.000119465 0.0181876 1.68762e-11 0.0160622 1.34713e-07 
0.0298896 0.00664416 0.00732193 0.0597817 0.068453 0.178792 5.13077e-05 0.00555845 0.0579185 0.00188823 0.00328816 0.0111501 0.547373 0.00636778 0.00567431 0.000378097 6.08869e-12 0.00947041 
1.53046e-05 1.53047e-05 1.53026e-05 1.53094e-05 0.169927 1.53067e-05 1.52896e-05 0.0842162 1.52954e-05 1.52949e-05 1.53005e-05 1.53092e-05 0.681326 1.53053e-05 0.0643173 1.53074e-05 1.53084e-05 1.53079e-05 
0.069689 0.00452925 0.000458432 0.201095 0.0277432 0.0230214 9.91963e-07 0.12513 0.00511226 0.000242698 0.046913 0.139153 0.305454 0.00126919 0.03343 0.000179385 0.00731521 0.00926422 
5.82763e-08 0.00606178 0.00100273 0.0528335 0.0146882 0.0051464 1.16088e-07 0.0104437 1.86479e-05 6.44812e-09 1.34371e-08 0.261298 0.566083 0.0176646 0.0587729 4.75093e-09 0.000710539 0.00527571 
0.00838291 0.00260087 0.0166024 0.0544598 0.074423 0.0109895 0.000207135 0.0831897 0.0033825 0.000446572 0.0267174 0.0262007 0.553766 0.0162001 0.0576438 0.003191 0.00109055 0.0605057 
0.237086 0.000794103 1.71746e-06 0.188139 0.019594 0.0111431 0.00133683 0.00129934 2.59164e-05 0.000970808 4.06653e-09 0.0213841 0.426434 0.00601763 0.0029445 1.72582e-05 0.000117655 0.0826936 
0.000799447 0.000707428 0.000445926 0.0264541 0.013224 0.00959045 3.00266e-05 0.00556106 0.00155598 0.000479542 0.000356082 0.131146 0.656207 0.00719701 0.0640406 2.96035e-05 0.0332012 0.0489745 
0.00917755 0.0575705 0.0212357 0.174914 0.042042 0.0112137 0.000111716 0.235774 0.00165333 0.00138456 0.00380502 0.0558272 0.236988 0.00602974 0.0625931 0.000850825 0.00685572 0.071972 
0.0557437 0.00523227 0.000315183 0.248993 0.0110479 0.0408806 1.08113e-05 0.0102591 0.000101062 0.00152681 0.000280012 0.00851916 0.534124 0.0148217 0.0444734 1.23481e-05 0.00156994 0.0220884 
0.000215275 0.00103094 0.000220399 0.0447088 0.0062194 0.0021207 2.73517e-06 0.000447498 0.000870349 0.000160486 0.000167746 0.0315147 0.732425 0.0145232 0.129979 8.37989e-07 0.0310383 0.00435513 
0.000558436 0.0140223 0.0301783 0.0464974 0.105448 0.0746899 1.39548e-05 0.129235 0.00152846 0.000780236 0.00236356 0.0468991 0.367781 0.0384703 0.0450361 5.62855e-05 0.0226154 0.0738254 
0.0609221 0.000581989 0.000784236 0.05807 0.0201844 0.00380263 2.143e-05 0.0116448 0.021828 0.00250392 2.44146e-05 0.102543 0.38017 0.00333526 0.00953176 0.000318601 0.00169149 0.322042 
0.000450817 0.000365032 0.000221593 0.0972891 0.0589556 0.00317632 5.35601e-09 0.000694587 0.000644748 0.000235119 2.40483e-05 0.0116459 0.412888 0.225521 0.0630418 2.15579e-05 0.0793365 0.0454888 
0.00201005 0.0109876 0.00142176 0.0404861 0.0242197 0.0530267 5.59979e-05 0.0324718 0.000833177 0.00349655 0.00144979 0.293144 0.353415 0.0041142 0.0260434 0.0105042 0.0667025 0.0756178 
0.0235524 0.000904931 0.000716834 0.13002 0.0928167 0.101543 3.84623e-05 0.02367 0.0257897 0.00703921 7.15705e-05 0.0876835 0.31857 0.01002 0.115133 0.0183469 0.00749089 0.0365923 
0.0276461 0.00381421 0.0027088 0.048944 0.0252555 0.0244231 2.08066e-05 0.0517696 0.00392048 0.00469387 0.00838559 0.0169856 0.634288 0.000485843 0.0396876 0.000479726 0.0279612 0.0785299 
0.0170681 0.0173789 0.00450408 0.168285 0.0267029 0.040491 2.92928e-05 0.0802305 0.000755361 0.000911033 0.00248122 0.142885 0.394902 0.0149874 0.055202 0.0118776 0.00414899 0.0171592 
0.0204918 0.0090961 0.0196855 0.0109766 0.0124955 0.00812529 7.4811e-05 0.0320699 0.0166345 0.00162574 0.250029 0.101751 0.444018 0.00140298 0.0527695 1.15531e-05 0.00089021 0.0178519 
1.14425e-08 0.000430462 5.12408e-05 0.0120191 0.00439835 0.00201332 6.0485e-06 3.27911e-05 2.52866e-05 6.54951e-08 1.59023e-10 0.00448509 0.742744 0.000637553 0.0169417 6.54052e-06 0.00794917 0.208259 
0.0332798 4.32744e-05 0.000168277 0.0331192 0.0842107 0.00340139 3.16214e-05 0.0448594 0.00014692 0.00017368 0.000910134 0.212252 0.30395 0.000563079 0.00219865 0.0339266 0.0116272 0.235138 
0.0168983 0.0224411 0.00128998 0.19983 0.0316559 0.0179803 4.52905e-06 0.081787 0.00515205 0.000943468 0.0043896 0.0282333 0.485706 0.000590956 0.0376179 4.55751e-05 0.00256358 0.0628711 
0.0172477 0.00570293 0.00101076 0.320067 0.0822699 0.0118699 3.02818e-05 0.093157 0.00771044 0.00302571 0.00097131 0.0207794 0.323849 0.00599714 0.0443688 0.000584511 0.0170706 0.0442869 
0.0507688 0.00739896 0.0102887 0.126354 0.0923688 0.102344 0.000654024 0.0425853 0.000919778 0.00248463 0.00431065 0.075794 0.31372 0.0131382 0.0559015 0.00379705 0.0250431 0.0721288 
0.00823097 0.0159934 0.00167506 0.154862 0.0336294 0.0247475 0.000183481 0.0786237 0.000123545 0.000467399 0.0207193 0.0980131 0.306226 0.0012836 0.0635095 0.000300942 0.000162337 0.191249 
0.00253989 0.0100955 0.000216739 0.0557145 0.0183861 0.00574465 6.21521e-05 0.00746403 0.000372122 0.000199181 0.000237339 0.0458495 0.739918 0.00441492 0.0567314 8.68916e-06 0.000506275 0.0515388 
0.140764 0.00926782 0.00363524 0.116995 0.0191778 0.00546687 2.12536e-05 0.0496527 0.000430394 0.00142943 0.0120881 0.062066 0.466031 0.00721422 0.0458265 6.04474e-05 0.0115944 0.0482788 
0.000192286 0.00348921 0.00183017 0.218771 0.0209857 0.00280022 3.64029e-06 0.160632 0.000577134 0.00119578 0.00823917 0.0201231 0.496414 3.17388e-05 0.00378131 3.13566e-05 0.00225423 0.0586477 
0.00782074 0.00406078 0.000682744 0.0738574 0.12088 0.14611 7.00075e-05 0.0453701 0.00169274 0.000345943 0.000930666 0.0862752 0.457832 0.000867309 0.0505652 5.54339e-06 0.000813085 0.00182104 
0.0186924 0.002175 0.00540087 0.126853 0.209089 0.0209686 4.03071e-05 0.0225284 0.00185027 0.000185189 0.00126454 0.0822064 0.22965 0.0362141 0.139708 0.00790819 0.0620097 0.033256 
0.00594901 0.00632411 0.00451482 0.0484982 0.00948159 0.00780101 1.27289e-05 0.0259584 0.00191291 4.39991e-05 0.00370357 0.0132223 0.82115 0.0018107 0.0418772 2.79286e-08 0.00100837 0.00673096 
0.0121477 0.000755383 0.000601948 0.080358 0.0420989 0.000726295 4.13284e-06 0.114281 2.32197e-05 0.000207333 0.00155509 0.191396 0.444493 0.000532414 0.0065067 7.90379e-06 0.00115764 0.103148 
0.00356852 0.00133731 3.83155e-05 0.367976 0.0468829 0.000403162 3.00129e-07 0.00902808 3.8053e-06 0.000296879 3.97759e-06 0.00195278 0.50979 0.00591573 0.0355263 1.85674e-06 0.0143519 0.00292205 
7.2014e-06 0.0144936 0.000306152 0.267332 0.00378102 5.95088e-06 1.23381e-09 0.150035 2.4075e-05 3.79289e-05 0.000186152 0.0207899 0.524129 3.71847e-05 0.00227107 4.73628e-05 0.00731033 0.00920641 
0.010282 0.00149937 0.0011187 0.0687058 0.00936443 0.0476438 4.4537e-05 0.00601085 0.0020469 0.000368812 0.00556 0.0088014 0.720952 0.00764206 0.0367755 0.000174919 0.0638255 0.00918368 
0.033266 0.000768879 0.000713837 0.0858656 0.100488 0.0162476 0.00196871 0.00612473 7.15151e-06 0.0018106 3.16215e-06 0.0209224 0.703061 0.00126586 0.00761145 3.85482e-06 0.00416563 0.0157059 
0.000919061 0.0380628 0.0013091 0.0480861 0.18672 0.0523335 0.0001544 0.0104564 0.00159793 0.00180231 0.0163357 0.0379474 0.501458 0.00661819 0.0462582 0.00015657 0.00435736 0.0454272 
1.78992e-07 0.0085023 0.00408062 0.0581012 0.0891358 0.0284457 0.000411457 0.0878577 0.0116098 0.00590314 0.0103968 0.154802 0.484031 0.00130687 0.0368317 0.00111013 0.00531754 0.0121563 
0.0136296 0.00621135 0.0194848 0.096283 0.0399081 0.0115967 0.00052231 0.24334 0.00195793 0.00113149 0.0185411 0.1627 0.283519 0.00656837 0.0280903 0.00467973 0.00798487 0.0538515 
0.0938266 0.0121726 7.37016e-08 0.0314615 0.103032 0.0361773 5.75443e-05 0.0654522 0.000128522 0.000158048 1.23385e-06 0.0724717 0.223573 0.0144397 0.124356 4.36535e-05 0.00836343 0.214285 
0.00704487 0.00182303 4.65706e-05 0.266873 0.0184446 0.0460785 2.10963e-07 0.00350243 5.42797e-06 0.000207285 0.000439253 0.00631219 0.560462 0.0445234 0.00691196 4.25331e-06 0.00219668 0.0351247 
2.03948e-08 0.00141761 1.3475e-05 0.0133704 0.0150424 0.000268517 2.73652e-06 0.024797 1.47587e-07 1.51783e-07 9.37746e-05 0.0204891 0.874539 0.000396158 0.0260436 9.74983e-10 0.00228832 0.0212379 
0.00619287 0.0414429 0.00147212 0.0620585 0.086862 0.0698472 4.11807e-06 0.142282 0.0121665 0.003125 0.00188213 0.0261841 0.259294 0.0046564 0.127202 0.012152 0.00190879 0.141268 
4.93832e-05 0.0411986 1.68463e-05 0.0228172 0.0789396 0.160725 3.77719e-09 0.042253 0.0240204 0.00374601 0.000482871 0.0512229 0.434669 0.00631534 0.106493 0.000902044 0.0205895 0.00555941 
4.25862e-08 0.0022134 4.49222e-11 0.0605151 0.0272407 0.000481054 2.02868e-08 0.00664355 1.86913e-08 0.0004134 5.47132e-11 0.00900439 0.857984 0.00535217 0.0264463 1.17974e-09 0.000360657 0.00334503 
0.0107674 0.00897862 0.00689903 0.0886934 0.0133151 0.0349041 7.40304e-05 0.0389241 0.000465699 0.00376324 0.000747371 0.0894833 0.560495 0.00013292 0.0297925 0.00565839 0.00244747 0.104458 
0.0133126 0.0034233 0.0698899 0.087219 0.117062 0.0122401 7.01389e-05 0.110234 0.0291082 0.016307 0.0106637 0.101534 0.283975 0.014427 0.0563851 0.00051109 0.0287798 0.044857 
4.75008e-07 0.00626333 0.00811166 0.000710352 0.117009 0.0551366 6.0995e-07 0.00740066 5.2665e-06 1.06897e-06 0.00241422 0.158448 0.332714 1.08672e-06 0.0553081 3.70567e-07 4.29335e-07 0.256476 
2.72283e-05 2.72283e-05 0.106203 0.0299877 2.7233e-05 0.174311 2.72016e-05 0.182511 2.72119e-05 2.72109e-05 2.72209e-05 0.0735652 0.291478 2.72294e-05 2.72378e-05 2.72332e-05 2.72349e-05 0.141644 
0.00600503 0.000222426 0.00120018 0.0350067 0.00974608 0.00498333 0.000106901 0.103534 0.00291881 1.58434e-05 1.76953e-05 0.0206427 0.7272 0.00136269 0.0197028 1.23532e-05 0.000295298 0.0670274 
0.00321341 0.00963314 0.00942299 0.0843583 0.13665 0.0106758 0.000176692 0.251597 0.000279211 0.000129765 0.000895998 0.010658 0.323797 0.0924076 0.0555783 7.02455e-05 0.0068201 0.0036366 
0.000844018 0.0682912 0.00142924 0.202664 0.0508987 0.000154792 1.72043e-07 0.0414423 9.34713e-06 0.000473164 0.000299663 0.00829491 0.551434 0.00439166 0.0423876 3.02077e-06 0.00151882 0.0254637 
7.79642e-05 6.35549e-07 8.84618e-05 0.0529767 0.00788718 0.00260371 1.396e-07 0.0488542 5.86762e-07 4.12262e-07 3.92018e-10 0.0341296 0.836356 1.6198e-07 0.00407796 6.95574e-08 8.79523e-07 0.0129458 
0.00133379 0.0230631 0.00589092 0.135581 0.0964796 0.032964 5.83097e-07 0.0626586 0.00272546 0.00059939 0.0294885 0.012964 0.532972 0.00313408 0.0380273 3.35765e-05 0.0040819 0.0180022 
2.13407e-07 8.22211e-07 3.7732e-07 0.00824463 0.00550612 1.06207e-06 6.83057e-08 0.0600275 4.69728e-07 4.02498e-07 6.08008e-07 0.252183 0.654497 1.20076e-06 1.16452e-06 1.25757e-07 4.78899e-06 0.0195308 
8.74182e-07 0.00384005 0.00298863 0.0156481 0.231149 0.015801 4.37701e-06 0.188855 0.000777995 0.00051169 1.90172e-06 0.00567255 0.528415 3.29452e-06 0.00235993 3.43907e-05 9.55219e-06 0.00392646 
0.0465836 0.000777885 0.135401 0.0359049 0.00320137 0.000464313 3.02023e-06 0.0536342 0.00056359 0.0024126 0.000316928 0.205853 0.374455 0.000450455 0.0338879 6.34848e-05 0.080146 0.0258801 
0.000178393 0.00142218 0.000245769 0.164124 0.103864 0.0538754 8.35139e-05 0.000328965 7.41874e-05 0.000166592 2.0855e-08 0.0703408 0.330301 0.0150127 0.0508529 2.91132e-05 0.000151605 0.208949 
0.00227921 0.00011659 2.6393e-05 0.0984985 0.257482 0.0056127 2.71778e-12 0.000740955 8.59578e-05 7.51715e-05 9.47387e-09 0.00829937 0.600441 0.011078 0.0031179 2.53464e-05 1.59245e-08 0.0121207 
0.0287721 0.00371551 0.0011421 0.281191 0.0237873 0.0117691 4.27012e-06 0.0251801 0.000891199 0.00041202 0.00660483 0.197705 0.359777 0.0124502 0.0089928 0.00120787 0.00727026 0.0291281 
0.000437704 0.0059312 0.000704057 0.0240214 0.0529159 0.00909816 2.64235e-06 0.0356957 0.000755552 0.0029586 0.0170275 0.36876 0.40622 0.00238845 0.0249836 6.71473e-05 0.0178436 0.0301893 
0.000712006 0.000826786 1.43622e-05 0.0635102 0.00273212 0.000578616 4.96646e-09 0.0257661 3.06949e-05 3.85375e-06 0.000284619 0.00686713 0.88109 0.000115052 0.00469223 7.42825e-10 0.000549191 0.0122266 
0.0281102 0.00791053 0.000534708 0.1836 0.0869888 0.0454796 1.47919e-06 0.220023 0.000396747 4.26832e-05 0.0158736 0.0639408 0.258783 0.0133719 0.0449466 0.000171474 0.00167319 0.0281515 
0.108812 0.0210328 0.00318441 0.210981 0.045205 0.0104882 2.85849e-05 0.0324921 0.00116505 0.00330419 0.00402453 0.0533802 0.386351 0.0077584 0.0446643 0.00226902 0.0186019 0.0462566 
0.0247899 0.00328667 0.00223525 0.0573338 0.167645 0.147121 0.000586691 0.0297958 0.00506338 0.00371111 0.00521716 0.130565 0.24136 0.00304469 0.0546561 0.00124515 0.00565765 0.116686 
0.134893 0.0114839 0.000352208 0.120644 0.00634241 0.00200094 9.05612e-05 0.056997 0.000179552 0.0017548 0.0223132 0.120416 0.370657 0.102784 0.043035 1.43845e-05 0.000829004 0.00521291 
0.000489774 0.0140793 0.00730927 0.0557135 0.0239231 0.00502613 2.66236e-05 0.152932 0.00324351 0.0680442 0.00264695 0.0458204 0.37395 0.00110125 0.0772507 0.000112817 0.0028205 0.16551 
0.0674177 0.00155631 0.0148586 0.052523 0.0121049 0.00377147 2.44512e-05 0.0794303 0.00132874 0.00154504 0.00559342 0.168258 0.505718 0.0025807 0.024811 0.00824572 0.0191096 0.0311231 
0.00218623 0.00566213 0.00094998 0.14655 0.0267634 0.045185 1.80012e-05 0.0204987 0.00259338 0.00016697 0.00486742 0.0123542 0.60573 0.0188231 0.0478031 7.92933e-05 0.0481539 0.0116153 
0.00695322 0.0805948 0.00027687 5.20452e-12 0.0244143 0.013249 5.18953e-08 0.0106791 0.000139541 9.13825e-05 1.63393e-05 0.0658333 0.772294 0.00127528 0.0194168 0.00142901 0.000214093 0.00312271 
0.150519 0.155296 0.00205972 0.182566 0.018835 0.00232922 4.82785e-06 0.0925346 0.000492032 0.00967401 0.00113413 0.0966442 0.190875 0.0168407 0.0746911 0.00136135 0.000947341 0.00319555 
0.00878842 0.0018253 0.0253801 0.281376 0.00251825 0.000632264 7.7554e-09 0.104579 3.48965e-08 0.00108902 0.00066722 0.00861305 0.290866 0.000451932 0.0089043 0.000120775 0.00109175 0.263096 
0.00193819 0.00589595 0.00117494 0.196768 0.0399141 0.00959556 4.69981e-09 0.0390647 5.06325e-05 0.000923608 9.9733e-05 0.01373 0.561534 0.0110388 0.0334669 7.08064e-05 0.000367436 0.0843661 
0.000599734 0.0790062 0.00143057 0.0284818 0.172215 0.0583575 1.80596e-05 0.0146291 0.000195237 3.77274e-05 0.00289002 0.00323879 0.317017 0.0646298 0.232152 1.32736e-05 0.00176606 0.0233227 
0.000542413 0.00462544 0.00153038 0.219543 0.0190427 0.0269284 1.05448e-05 0.00602273 2.79909e-05 0.000379467 1.26125e-06 0.00790895 0.636614 0.00516707 0.0693736 1.03383e-05 0.00129079 0.000981768 
0.00255422 0.004278 0.00278535 0.14911 0.0232467 0.011576 0.000172387 0.0115648 0.000766414 0.000199555 6.52225e-05 0.020978 0.604957 0.0198034 0.0650224 1.35406e-05 0.0315936 0.051313 
8.06088e-08 0.0189441 0.00542776 0.0216272 0.118438 0.00159241 8.57577e-09 0.150064 0.0002121 7.23726e-07 5.55323e-05 0.0016112 0.519551 0.0015298 0.133374 1.59952e-11 0.0235728 0.00399911 
0.0353751 0.00960945 0.00187943 3.03222e-07 0.0799188 0.0250117 3.0283e-07 0.0417838 0.000939434 0.000333531 0.0200317 0.0678299 0.401914 0.00888229 0.169992 3.03182e-07 0.00891443 0.127583 
0.0230568 0.0775526 0.000245773 0.222523 0.0774213 0.00427608 8.69605e-08 0.0890413 6.73047e-05 0.00771417 5.30683e-05 0.0186937 0.260569 0.0308729 0.146647 3.16748e-05 0.0259524 0.0152815 
0.0553541 0.00115409 0.00110503 0.0393474 0.0141951 0.000660782 1.37577e-05 0.00930587 0.00179391 0.0176259 0.0200752 0.0665905 0.611467 0.0152573 0.0401105 0.037013 0.0415838 0.0273469 
0.0142322 0.00546023 0.00084679 0.187471 0.00838632 0.00015631 1.33874e-06 0.0198343 3.00335e-05 0.000222589 0.00106379 0.0319191 0.687461 0.00031932 0.00317878 2.84402e-05 0.0122618 0.0271268 
0.00037862 0.156607 0.00265003 0.127622 0.186697 0.0159252 5.95948e-06 0.0281629 0.00118391 0.000929415 0.000472212 0.0149033 0.279211 0.0231354 0.156799 0.000116451 0.00349635 0.00170392 
0.0927021 0.00365988 0.0427285 0.115911 0.0441772 0.0118331 4.11696e-05 0.111664 0.00138732 0.004309 0.00729655 0.109397 0.252758 0.00671687 0.034133 0.00507282 0.0188399 0.137373 
0.00351775 0.000811877 0.00327084 0.0162893 0.02168 0.00219687 2.23733e-06 0.035525 9.46074e-09 1.78165e-05 2.16347e-12 0.0424545 0.545867 7.26898e-05 0.0124258 8.89036e-09 0.000137186 0.315731 
0.0141957 0.00583653 0.0249962 0.250746 0.0618628 0.000484272 8.7496e-06 0.0753263 4.92091e-05 5.8956e-06 2.40565e-08 0.00629372 0.262269 0.000311637 0.0507317 4.42682e-05 0.0125365 0.234301 
0.0136551 0.006042 0.0136503 0.228101 0.0282736 0.00384904 2.14631e-06 0.152639 0.0002938 0.000890214 0.000818388 0.0329701 0.413538 0.00732087 0.0417326 0.00234349 0.00858365 0.0452969 
0.0273008 0.0031181 0.0021591 0.0232535 0.053884 0.0369502 2.3347e-05 0.033314 0.0508701 0.00104239 0.00580502 0.0463579 0.584966 0.000902254 0.0231024 0.00045559 0.000696483 0.105799 
0.0075236 0.0127301 2.58571e-06 0.102236 0.0476792 0.0199771 1.3563e-06 0.0039988 2.27987e-06 0.00224615 0.0138583 0.00546342 0.693049 0.02353 0.0630057 6.35458e-07 0.000805462 0.0038903 
0.000919538 0.0218729 0.000103737 0.139537 0.006464 0.000675551 1.01137e-09 0.23207 0.000448142 8.70678e-05 0.00667544 0.209624 0.364306 0.00100787 0.0142384 0.000180455 0.000166264 0.00162276 
0.127671 0.000645019 0.00455161 0.141859 0.0373446 0.00438033 2.78602e-05 0.0985633 0.000136429 0.000651484 0.000506765 0.12105 0.337155 0.00271721 0.0206202 0.00714294 0.00404695 0.0909308 
0.00620155 0.00107389 0.00138075 0.25678 0.0559581 0.0691857 3.70702e-06 0.0139829 0.00272743 0.000580796 0.00881984 0.00735427 0.359822 0.0101853 0.136631 0.00040544 0.054866 0.0140414 
0.000102903 0.00303644 1.76217e-05 0.0122267 0.0169038 0.00291677 1.75831e-05 0.00729082 0.000572035 0.000165552 0.000197946 0.178136 0.660579 0.0149238 0.0838822 1.17675e-05 0.0123336 0.00668616 
0.0316517 0.00261323 0.00133677 0.222183 0.0540549 0.00793522 9.75616e-08 0.0901125 0.000134339 0.000679663 0.000244104 0.0376998 0.49499 0.000681465 0.0121824 2.09765e-08 0.00128664 0.0422143 
0.00686819 0.0291366 0.00130778 0.030591 0.0251419 0.0185527 0.00432351 0.0110554 0.000102721 6.84321e-08 6.84574e-08 0.0420634 0.500195 0.0369854 0.267409 6.84881e-08 0.0163013 0.00996544 
0.041235 0.00346125 0.0029759 0.146092 0.129109 0.0177712 1.0516e-05 0.109313 0.00179496 0.00072336 0.0189579 0.0308863 0.314331 0.0092008 0.0691308 0.00127037 0.0274188 0.0763187 
0.0259574 0.0181181 0.0170793 0.243452 0.0473701 0.0275572 0.000114416 0.0866677 0.0126617 0.00333514 0.0149276 0.0770414 0.253905 0.00540745 0.0695215 0.00128075 0.0368175 0.0587861 
0.000198129 0.00206396 0.00125812 0.143435 0.0101834 0.00643485 5.39271e-06 0.0743528 0.000141949 0.000103442 0.000971136 0.0097236 0.660262 0.0220934 0.0433323 2.46636e-06 0.023468 0.00196934 
0.000308971 0.000293178 0.000197866 0.0019033 0.211614 0.00783791 1.43787e-05 0.0164714 0.000168034 0.00012698 0.000799485 0.284966 0.347985 0.00127989 0.0422359 7.92412e-06 0.0049525 0.0788369 
0.000628785 0.000265724 0.00110273 0.0100959 0.00902343 0.00181228 1.74521e-09 0.000603659 0.0015417 0.000214966 0.000409922 0.056777 0.873572 0.00422409 0.0149314 1.40533e-06 0.00761299 0.0171825 
0.000297617 0.253685 0.0280642 0.189108 0.060233 0.0253451 1.97206e-05 0.103811 0.000410324 2.65839e-05 0.000551612 0.00593582 0.291569 0.00365736 0.0248049 1.25543e-08 0.000747671 0.0117335 
0.0472256 0.00127333 0.0469852 0.0750726 0.0339281 0.00902014 3.28884e-06 0.149346 0.000721076 0.000802986 0.000617804 0.0437946 0.429781 0.00745151 0.0176389 0.000294468 0.0287621 0.107281 
0.00268272 0.014209 0.00070471 0.100655 0.085496 0.0107049 0.000600767 0.113393 0.0102998 0.000894266 0.0391456 0.0985756 0.398359 0.00840371 0.0807606 2.11668e-05 0.0177367 0.0173581 
0.00272375 0.0235243 5.60213e-05 0.0230258 0.163075 0.0024549 9.19473e-07 0.0959353 8.00297e-05 1.19433e-05 0.000265967 0.00878922 0.641409 0.000164516 0.00788236 1.06541e-05 0.00188748 0.0287029 
0.00873599 0.0118414 0.000506679 0.0744546 0.0797162 0.0385692 8.16406e-08 0.0105616 0.00222155 0.00224596 0.00147066 0.0507144 0.540017 0.111578 0.0430164 0.000474147 0.0085992 0.0152769 
0.00720515 0.0154199 0.000257441 0.224651 0.0981393 0.00807124 1.17463e-05 0.00953266 0.000639965 6.91879e-08 4.55985e-07 0.0531507 0.354095 0.000447628 0.0470475 1.63676e-05 3.18531e-05 0.181282 
0.0748785 0.00373127 0.0015048 0.256964 0.0654091 0.0250536 4.83522e-05 0.0631686 0.00102548 0.000499537 0.000788135 0.0283727 0.373573 0.0101766 0.0571269 0.00334931 0.011868 0.0224622 
0.000144274 0.00365944 0.00262758 0.0011182 0.0291329 0.0591611 0.000261813 0.104924 5.43273e-06 2.62402e-05 0.00803954 0.237432 0.50773 0.00294224 0.0302358 0.00074843 0.005278 0.00653332 
0.00437702 0.148508 0.00399154 0.0426122 0.0580667 0.0116249 3.13045e-07 0.110968 0.00187727 0.0001228 0.023401 0.00634965 0.504036 0.00157528 0.0799358 2.53591e-05 0.00155431 0.000973694 
2.59846e-05 0.0035466 4.7794e-05 0.148309 0.0155408 4.98171e-05 1.23479e-05 0.00879646 3.53529e-06 3.76834e-07 8.632e-08 0.0231518 0.763908 1.48768e-08 0.00271429 6.20202e-09 0.00540219 0.0284911 
0.00011366 0.0066601 0.000161834 0.1585 0.0552303 0.0683445 1.95554e-05 0.0176105 0.00741509 0.234339 0.000714045 0.0103399 0.277172 0.00803643 0.0234074 0.000112782 0.00121407 0.130609 
0.0470708 0.00199091 0.00230293 0.156276 0.134266 0.0292697 2.58567e-05 0.0524623 0.000406015 0.000225201 0.000421219 0.0708499 0.357522 0.00643651 0.0428992 0.000977547 0.00211176 0.0944868 
0.00577084 0.00107784 0.00402805 0.0492782 0.0133186 0.0222565 0.000153875 0.0244837 0.00256173 0.00298414 0.00414461 0.082137 0.540524 0.00379144 0.031325 0.00396974 0.0205962 0.187599 
0.000547797 0.0111414 9.22885e-09 0.0378798 0.142395 0.0172043 0.000264241 0.00131996 5.40919e-05 2.91902e-05 3.22389e-08 0.00208231 0.700514 0.0397119 0.041912 2.58209e-06 0.00080938 0.0041325 
0.000304359 0.00446811 0.00022042 0.112282 0.0092528 0.00102981 1.54245e-11 0.0119062 0.000504276 0.000245328 0.00854223 0.0621889 0.684419 0.0164297 0.0339476 2.56747e-06 0.00306578 0.0511907 
0.0023483 0.000334026 0.000917691 0.222386 0.0268867 0.00431913 4.42214e-06 0.0188078 0.000390186 1.87127e-05 0.00184251 0.00681888 0.682701 0.000698243 0.013554 3.69953e-05 0.00274807 0.0151872 
0.000471352 0.0157346 0.00621375 0.161822 0.0119592 0.117034 2.90108e-05 0.188647 0.00449132 0.00342816 0.00183158 0.0255445 0.257032 0.00115728 0.124133 0.01529 8.73969e-05 0.0650949 
0.210919 0.189172 0.000522496 0.084957 0.017877 0.0184231 8.34624e-05 0.049937 0.0176012 0.00622714 0.0153235 0.0676798 0.23902 0.00172741 0.0566812 0.00129387 0.0130786 0.00947626 
0.0113011 0.0932727 0.00018485 2.77518e-11 0.0225691 0.00883467 8.44359e-08 0.00712072 9.32819e-05 6.1318e-05 1.11555e-05 0.0560631 0.77759 0.0018728 0.0178461 0.000953134 0.000142898 0.00208262 
1.96834e-08 0.000155069 0.000370766 0.20926 0.0713996 0.0278766 4.52686e-07 0.0148177 0.00078592 3.71049e-08 5.58361e-05 0.0976318 0.372894 0.0162211 0.116384 1.7004e-05 0.0442471 0.0278817 
0.0169978 0.0702461 0.00124661 0.148489 0.00433115 0.0021736 5.3347e-08 0.0318267 0.000978127 0.00145567 0.0619531 0.00208452 0.557189 0.0122148 0.0884462 2.60872e-06 1.92911e-07 0.000364624 
0.000504504 0.000351403 0.000110138 0.0553111 0.0105823 0.00386128 9.34758e-06 0.00888104 6.52335e-05 4.03166e-05 2.28247e-05 0.10359 0.698883 0.0120417 0.0309955 2.47058e-05 0.0260142 0.0487116 
0.0968164 0.0126153 0.00746507 0.152306 0.0331322 0.0441305 4.026e-06 0.104974 0.00447143 0.000965516 0.0004517 0.0358791 0.390953 0.00300648 0.108311 1.22072e-08 3.70513e-05 0.00448105 
0.000292403 0.00169054 0.000168048 0.0501935 0.0112811 0.0193286 6.00145e-05 0.00152543 0.00111963 0.000319146 0.000247617 0.0323923 0.701076 0.0132055 0.139213 8.73452e-06 0.0250892 0.00278965 
0.0146922 0.00569791 0.00372413 0.0752766 0.121914 0.125545 1.90367e-05 0.109128 0.017227 0.000111124 0.0081018 0.109107 0.219227 0.0253189 0.128821 0.00107083 0.00211609 0.0329028 
0.0103878 6.65253e-06 3.75549e-07 1.29604e-05 0.308185 0.10568 1.46215e-10 0.0216573 0.000295293 0.0131957 1.32781e-06 0.121911 0.418451 5.70552e-05 5.65073e-06 0.000145334 2.23205e-06 4.55235e-06 
6.41821e-05 0.0274644 0.000908343 0.0303165 0.126701 0.352424 0.00258489 0.00702011 9.24067e-05 0.000320884 0.00694431 0.0181103 0.368997 0.0011326 0.00753823 0.000116509 0.000424277 0.0488397 
0.134668 0.135012 0.0102595 0.0630104 0.0655755 0.0340111 3.97987e-05 0.0436118 0.00727291 0.000377348 0.00242397 0.0819795 0.191524 0.0593864 0.10627 0.00860351 0.0154225 0.0405515 
5.3323e-07 0.00344988 1.23055e-05 0.028759 0.000675218 1.16041e-06 1.38206e-07 0.241765 3.0853e-05 6.42194e-05 0.0121587 0.031594 0.673459 1.74984e-05 0.00645739 2.64292e-09 0.000230454 0.00132414 
0.00434517 0.10969 0.00208783 0.0906112 0.014751 0.00159189 0.000118873 0.108156 9.81065e-05 0.00135499 0.0410527 0.0308365 0.313434 0.00230969 0.14439 0.024256 0.103418 0.00749776 
0.00013591 0.0165346 0.000343103 0.0159413 0.010488 0.00991405 1.06897e-08 0.103777 0.00552751 8.61367e-05 0.0343314 0.0267525 0.753904 0.000882689 0.016746 5.01764e-06 1.02862e-05 0.0046207 
0.00843605 0.00446795 0.00392768 0.327547 0.0123203 0.0314278 0.000124045 0.0199009 0.000213766 0.000350333 1.66899e-05 0.0198607 0.45063 0.00342452 0.0895811 9.25023e-05 0.00896009 0.018719 
0.0266985 0.019651 0.00238088 0.14612 0.0351559 0.0127779 1.25609e-05 0.0649192 0.000791131 0.000767816 0.00269461 0.234536 0.301817 0.00649233 0.0534586 0.00248448 0.0143035 0.0749398 
0.030082 0.00128437 0.0173931 0.19577 0.0328539 0.00459332 1.35314e-05 0.0970237 0.0121524 0.00347151 0.00203711 0.0774985 0.357314 0.00327983 0.00844975 0.00124806 0.0183326 0.137202 
0.00928828 0.101212 0.000449704 0.232532 0.0092856 0.0104786 9.97412e-10 0.169372 0.00101323 1.14548e-05 0.00174641 0.12652 0.269789 0.000297824 0.0677056 0.000118468 0.000108316 7.22498e-05 
1.14273e-09 1.13433e-09 1.49635e-09 1.96886e-05 0.0032384 8.01781e-10 3.61259e-09 0.00010376 2.65565e-09 2.75637e-09 1.6222e-05 1.95376e-05 0.996583 1.0325e-09 2.65326e-10 6.87013e-10 6.29582e-07 1.90776e-05 
0.00276327 0.0413419 0.0162235 0.0444561 0.0643497 0.131256 8.52385e-05 0.0479737 0.0032602 0.00234553 0.00403483 0.071124 0.398029 0.00386676 0.134265 9.95225e-05 0.02339 0.0111369 
0.0013618 6.07017e-07 1.89207e-05 0.0124843 0.00129774 3.42143e-06 2.6383e-10 0.0170569 0.000470657 2.51214e-06 3.70563e-06 0.0957976 0.838335 2.63825e-07 4.22517e-05 6.17105e-08 9.46181e-06 0.0331148 
0.000944679 0.013248 0.0300559 0.0400986 0.173091 0.0467959 3.22342e-07 0.102642 0.00150556 0.00192789 2.1859e-05 0.116069 0.350867 0.0019337 0.0668033 0.047567 0.000392686 0.00603624 
0.00154482 0.00137884 5.25409e-06 0.0224308 0.039193 0.145847 0.0414469 0.0335142 0.00504915 0.00019056 0.00031839 0.120165 0.314333 0.0130833 0.00944657 0.0069084 0.00345044 0.241694 
0.00520327 0.0289576 0.00556123 0.229646 0.0298013 0.00986756 7.45278e-05 0.0189872 0.00884559 0.00163908 8.11536e-05 0.040716 0.45854 0.00924481 0.0474571 0.00655243 0.013815 0.0850099 
4.88077e-06 0.002606 0.000170757 0.0700974 0.31202 0.0320066 7.85029e-09 0.0384159 4.66017e-05 9.35518e-08 0.00259061 0.0199142 0.413788 0.00729031 0.0600553 4.95787e-09 0.0202672 0.0207267 
0.00013685 0.00794238 0.000691937 0.0557396 0.022415 0.000205214 5.10046e-07 0.025348 2.41549e-06 0.00142972 0.000247899 0.0218293 0.825863 0.00259077 0.0332071 1.64976e-05 0.00129712 0.00103673 
7.02523e-08 0.00875708 5.08212e-05 9.62389e-08 0.00843778 0.0527864 0.000238045 0.00666486 2.44323e-09 1.40242e-08 3.07201e-08 0.0226261 0.83287 3.41805e-07 0.0192369 4.21091e-13 0.0456 0.00273183 
0.0586561 0.0005519 4.64781e-09 0.324146 0.00378237 0.000293478 1.45045e-08 0.000291114 1.18693e-08 0.000370996 1.38036e-12 0.00807682 0.580893 0.000502851 1.28817e-08 5.20347e-13 8.06036e-09 0.0224353 
2.48407e-08 0.00496888 0.000141239 0.0110425 0.0276112 0.00748007 0.000113861 0.00658167 5.60686e-05 1.97142e-08 2.29489e-08 0.0454178 0.847436 0.000882396 0.0461762 9.23297e-10 0.000803108 0.00128857 
0.00228042 0.00464152 0.000236962 0.125634 0.094897 0.0079149 1.06924e-09 0.0215317 1.29502e-05 0.000356659 4.13967e-05 0.0292899 0.24048 0.191874 0.19654 2.35866e-06 0.06413 0.0201368 
0.0332798 4.32744e-05 0.000168277 0.0331192 0.0842107 0.00340139 3.16214e-05 0.0448594 0.00014692 0.00017368 0.000910134 0.212252 0.30395 0.000563079 0.00219865 0.0339266 0.0116272 0.235138 
0.000736343 0.00738551 5.1897e-06 0.205765 0.0160006 0.0874225 5.4156e-06 0.00122368 8.87188e-06 0.000241118 9.42053e-06 0.00727222 0.540325 0.0553516 0.0312134 1.04203e-05 0.0395435 0.00748101 
0.00444632 0.0106048 0.195549 0.0880794 0.0538259 0.0754549 7.06174e-05 0.0697898 0.00393539 0.00307351 0.00119003 0.0475736 0.298022 0.00744416 0.0321289 0.00491223 0.0177374 0.0861621 
0.00330169 0.00548999 0.10646 0.04114 0.0290109 0.0463519 0.012603 0.189095 0.00437815 0.00108384 0.00563869 0.104998 0.289515 0.00954341 0.0314633 0.00104497 0.0167744 0.102107 
0.265766 0.00498824 0.00479559 0.122003 0.00834364 4.69478e-10 5.76651e-07 0.225328 0.00834074 0.000835168 2.81649e-08 0.0269748 0.329173 6.3003e-07 0.00130158 0.000164612 6.33254e-05 0.00192142 
0.00844098 0.0124288 0.0597336 0.196894 0.0702632 0.0668381 2.91481e-05 0.0477799 0.0395431 0.00227379 0.14736 0.0401234 0.218887 0.00121214 0.0220529 0.00011923 0.0567963 0.00922453 
0.0276851 0.01181 0.00423015 0.126399 0.0728946 0.0148326 1.06225e-05 0.0538184 3.99074e-05 0.00208899 0.00088179 0.036887 0.580673 0.00126369 0.0580306 2.18961e-05 0.000296959 0.00813575 
0.00950905 0.00123924 0.00375531 0.233045 0.144049 0.0114039 1.86526e-05 0.0291071 0.00052438 0.000919876 0.00136711 0.0299569 0.331747 0.00285298 0.0304516 0.000895112 0.02068 0.148478 
4.09993e-05 0.000303183 0.00018276 0.042219 0.00741914 0.000476284 2.67644e-08 0.00063185 0.00087214 6.93835e-05 0.000523287 0.0397021 0.847905 0.00406684 0.0316931 1.95995e-09 0.0182354 0.00565937 
0.00321341 0.00963314 0.00942299 0.0843583 0.13665 0.0106758 0.000176692 0.251597 0.000279211 0.000129765 0.000895998 0.010658 0.323797 0.0924076 0.0555783 7.02455e-05 0.0068201 0.0036366 
0.000504504 0.000351403 0.000110138 0.0553111 0.0105823 0.00386128 9.34758e-06 0.00888104 6.52335e-05 4.03166e-05 2.28247e-05 0.10359 0.698883 0.0120417 0.0309955 2.47058e-05 0.0260142 0.0487116 
1.84319e-05 0.00128289 0.0131335 0.158672 0.00996778 0.000859407 5.7597e-07 0.187446 7.78168e-09 1.19433e-05 0.00185354 0.0253027 0.434945 0.000156138 0.00370653 1.01614e-05 0.000132847 0.1625 
0.0332798 4.32744e-05 0.000168277 0.0331192 0.0842107 0.00340139 3.16214e-05 0.0448594 0.00014692 0.00017368 0.000910134 0.212252 0.30395 0.000563079 0.00219865 0.0339266 0.0116272 0.235138 
0.00981223 0.0126507 0.00754786 0.0224032 0.0355342 0.043863 1.48866e-05 0.0704762 0.00177949 0.0623652 0.00718111 0.268342 0.28009 0.00214063 0.113617 0.01824 0.0222522 0.0216893 
0.00635604 0.00356049 0.00018779 0.385775 0.00784104 0.0175545 5.47417e-06 0.00875949 3.26306e-09 0.00142002 6.97426e-05 0.00716792 0.470625 0.00303552 0.0498989 8.70614e-05 0.036898 0.000757095 
0.00518945 0.00282307 0.0103017 0.0132376 0.131607 0.0633692 2.57924e-05 0.0974957 0.0249347 0.0421281 0.000543211 0.023724 0.472669 0.00159319 0.0872474 0.00861866 0.00147831 0.0130136 
0.00146529 0.00319609 0.00418325 0.078105 0.00374324 0.000458644 1.58202e-06 0.0146835 0.000618379 0.000442306 0.000562035 0.0980647 0.732367 0.00275772 0.0226876 1.02717e-06 0.000962806 0.0356999 
0.0014591 0.00131974 0.000202771 0.00669656 0.0168052 0.00227972 9.27717e-05 0.00401847 8.77365e-07 3.01469e-06 7.57679e-09 0.0220567 0.788647 0.00517535 0.0721445 4.02533e-09 0.000940657 0.0781571 
