0.0173925 0.0129816 0.0227068 0.0686332 0.0121676 0.00400198 1.68817e-05 0.130723 0.000884236 0.00639067 0.0108749 0.182928 0.383867 0.00234558 0.0553766 0.00430399 0.0184834 0.0659218 
0.0356643 9.48962e-05 0.00145526 0.313627 0.0148335 0.00696086 1.87278e-05 0.00395057 2.91876e-06 8.81276e-05 6.69434e-05 0.00667262 0.406318 0.00838886 0.00640989 3.78417e-06 0.00257563 0.192869 
0.00253805 0.018511 0.00393335 1.58668e-07 0.0041884 0.00985167 1.58463e-07 0.0814116 0.00215608 0.0956814 0.00310824 0.0810304 0.247569 0.011437 0.1135 1.58647e-07 0.174507 0.150577 
0.00201545 0.0131506 0.00116435 0.144129 0.0373195 0.00694291 6.717e-05 0.00636726 0.000358134 5.6507e-06 1.68465e-05 0.01974 0.484195 0.0177699 0.114924 5.59933e-08 0.127813 0.024022 
0.00370238 0.00628265 0.00108229 0.117968 0.0229536 0.00194966 4.52888e-06 0.0911434 4.4715e-05 0.00360625 0.00476853 0.00658231 0.725438 0.000144219 0.00263114 4.81794e-05 0.0115288 0.000121219 
0.0057278 0.0221712 0.00107111 0.0888464 0.0229499 0.00379184 2.28013e-07 0.339392 1.45983e-05 5.60026e-05 0.0100992 0.00583378 0.477075 0.000910935 0.0155837 1.88185e-05 0.00586681 0.000590414 
0.0227463 0.00305979 0.0010242 0.0898506 0.0115435 0.00308343 1.33665e-05 0.0658007 0.000590446 0.000124536 0.0035907 0.182635 0.56725 0.00367365 0.0147154 0.00138585 0.00222361 0.0266884 
0.00201545 0.0131506 0.00116435 0.144129 0.0373195 0.00694291 6.717e-05 0.00636726 0.000358134 5.6507e-06 1.68465e-05 0.01974 0.484195 0.0177699 0.114924 5.59933e-08 0.127813 0.024022 
0.0895736 0.00867458 0.00217047 0.209822 0.017627 0.00330393 6.22856e-06 0.0101448 0.000692479 0.167462 0.00197334 0.0215613 0.317405 0.0158616 0.0922053 7.85206e-05 0.0255376 0.0159002 
0.00695322 0.0805948 0.00027687 5.20452e-12 0.0244143 0.013249 5.18953e-08 0.0106791 0.000139541 9.13825e-05 1.63393e-05 0.0658333 0.772294 0.00127528 0.0194168 0.00142901 0.000214093 0.00312271 
0.000407326 0.000891696 0.00182944 0.0359768 0.0271305 0.026451 4.82496e-06 0.0118432 0.00325907 0.0015613 0.00130987 0.0213104 0.65057 0.0127806 0.0334506 0.00012079 0.0191226 0.15198 
0.00121279 0.0267352 0.000455809 0.142983 0.272332 0.101037 2.30229e-05 0.0194725 0.000326914 0.000673562 0.000322526 0.0286383 0.279919 0.0116807 0.103095 0.000140664 0.0053676 0.00558447 
0.00129223 0.0115823 0.000756229 0.0446604 0.0426968 0.029651 8.14544e-06 0.040311 0.0061599 0.000410291 0.00197015 0.197858 0.552845 0.00445132 0.0341914 2.58452e-05 0.004477 0.0266528 
0.0061282 0.0158858 0.000116353 0.319349 0.0324047 0.00429978 6.78631e-10 0.0183528 0.000207167 0.00153213 0.0404458 0.00219792 0.526257 6.40578e-05 0.0293333 0.000214098 6.10811e-06 0.00320591 
0.0488734 0.00886286 0.0164377 0.116763 0.0410483 0.0241828 2.96582e-05 0.0240602 0.00317212 0.0562627 0.00169672 0.17785 0.305755 0.0115587 0.0523236 0.0113676 0.0578267 0.041929 
0.000506794 0.000358926 0.0012313 0.0047373 0.029118 0.0638548 5.19393e-10 0.106387 0.000361479 0.00781471 8.69549e-08 0.0372848 0.74484 3.72551e-06 0.00132005 1.90732e-06 0.00035702 0.00182245 
0.000599519 0.00326574 0.000302037 0.015088 0.012854 0.0496248 6.09701e-05 0.00635286 0.000343953 0.000628964 0.000120765 0.103568 0.71977 0.0045184 0.0607348 0.000101756 0.0105938 0.0114712 
0.00358 0.00223419 0.000823231 0.0988746 0.0210636 0.00847731 0.000114919 0.0189862 0.000584722 0.000153778 0.0061292 0.117919 0.487008 0.152451 0.0192032 3.52146e-05 0.00252654 0.0598348 
0.00829749 0.00245844 0.000460344 0.102119 0.0117619 0.00142627 8.87632e-07 0.0132426 0.0210829 0.0060927 0.000434936 0.0558928 0.505974 0.0178171 0.0942096 0.000639048 0.0886517 0.0694383 
0.00019967 0.000467172 3.59971e-05 0.345775 0.0125378 0.000360403 6.34869e-10 0.0227489 1.579e-05 6.52033e-05 3.54346e-05 0.0213864 0.501344 0.0228803 0.0209102 7.47219e-06 0.0204822 0.0307476 
0.0530388 0.0681679 0.00257672 0.0618441 0.0454764 0.0563293 8.19392e-05 0.0450856 0.00195989 0.000988065 0.00358726 0.121102 0.413406 0.00680002 0.0476875 0.00479059 0.0146823 0.0523952 
0.000823204 0.00158857 0.000694458 0.0603506 0.0602463 0.0399311 1.58777e-06 0.0270925 0.0169335 0.0462944 0.102261 0.0199387 0.389975 0.00155849 0.116117 5.0053e-05 0.00146951 0.114675 
0.0420782 0.00649831 0.000705089 0.141276 0.0452713 0.0261362 1.08871e-06 0.0319723 2.82944e-05 0.000778864 5.20573e-07 0.0129346 0.455473 0.000674358 0.0541329 0.000234141 0.0023257 0.179478 
0.00838291 0.00260087 0.0166024 0.0544598 0.074423 0.0109895 0.000207135 0.0831897 0.0033825 0.000446572 0.0267174 0.0262007 0.553766 0.0162001 0.0576438 0.003191 0.00109055 0.0605057 
0.000151155 0.00632582 0.00240045 0.0797026 0.0557679 0.0124392 0.000683266 0.00533732 2.09875e-05 3.83665e-07 6.80031e-09 0.0473169 0.575917 0.0392011 0.134165 0.0248181 0.00588131 0.0098715 
0.00047054 0.00483174 0.000467185 0.0322577 0.0151472 0.00284494 9.64614e-05 0.0339899 0.00020594 6.58352e-05 0.000519321 0.0640857 0.768806 0.00176666 0.045423 0.00159092 0.0157809 0.0116498 
0.0340825 0.203127 0.00301063 0.130996 0.0191435 0.01013 3.03467e-05 0.109429 0.00178415 0.00182259 0.0123194 0.112613 0.237601 0.00273145 0.0842068 0.019611 0.00282076 0.0145416 
0.0141215 0.0710488 0.00168008 0.0868068 0.0198301 0.0204642 4.65721e-05 0.0817459 0.000562189 0.00146845 0.00692199 0.0872685 0.456533 0.00763724 0.0434071 0.0121274 0.0182966 0.0700333 
0.0159943 0.00571877 0.00288254 0.0736147 0.0252898 0.00519114 6.46371e-06 0.0288231 0.000254654 0.000176253 0.0028781 0.176087 0.411619 0.00611411 0.0339042 0.000813348 0.00895081 0.201682 
0.000286722 0.000980304 1.65609e-05 0.295528 0.00886304 0.00100404 1.68982e-07 0.000139083 5.94924e-06 9.25596e-06 9.2408e-08 0.00394957 0.555896 0.0149774 0.0418266 6.26174e-10 0.0749182 0.00159915 
0.00213107 0.00784465 0.000173977 0.0444492 0.053422 0.288282 0.00452067 0.126036 0.000338473 3.06688e-05 0.00515876 0.0591356 0.336024 0.00594654 0.0561204 0.00245355 0.00489305 0.00303971 
7.12893e-08 0.0150825 0.000114773 0.0657783 0.0384486 0.00261216 7.59177e-09 0.129332 0.00114796 2.07063e-06 4.10325e-06 0.0352094 0.695921 0.00153901 0.0148057 2.15048e-08 2.07272e-06 4.4724e-07 
0.000173392 0.0163822 0.000391089 0.0121669 0.0115283 0.000794608 1.03599e-06 0.0506636 5.40643e-06 0.000506388 0.000353997 0.0437369 0.436902 0.00208398 0.33059 1.33613e-06 0.00073331 0.092986 
0.0276461 0.00381421 0.0027088 0.048944 0.0252555 0.0244231 2.08066e-05 0.0517696 0.00392048 0.00469387 0.00838559 0.0169856 0.634288 0.000485843 0.0396876 0.000479726 0.0279612 0.0785299 
0.00397096 0.013872 0.000328589 0.320616 0.0203283 0.00100277 3.61359e-06 0.0143225 7.65301e-05 0.0004349 0.0063058 0.0176479 0.536646 0.00686025 0.04773 1.37372e-05 0.00156601 0.00827396 
3.51973e-07 0.0030925 8.622e-08 0.085969 0.00767254 7.61508e-07 1.10717e-11 0.0119392 8.13891e-12 0.00166638 1.73205e-08 0.00562628 0.843695 1.39865e-06 0.0403365 2.67423e-08 6.81208e-08 1.94766e-07 
0.0302724 0.0483809 0.00155907 0.116676 0.0214413 0.0171048 1.62109e-05 0.0671271 0.000651201 0.000317267 0.00273388 0.0552235 0.476599 0.00686651 0.116471 5.15719e-05 0.0118878 0.0266209 
0.000476009 0.00224697 0.000925795 0.0227049 0.0144867 0.00302674 7.2291e-07 0.014073 0.000981027 7.01269e-05 0.0016597 0.0811247 0.773241 0.00286069 0.0452753 3.78366e-06 0.0195246 0.0173188 
0.000364436 0.135115 0.00338171 0.0260195 0.0515656 0.00881362 1.93172e-05 0.0384433 0.000233341 0.000159238 3.23841e-09 0.0125662 0.66803 6.55753e-07 0.0285736 0.00042945 0.000116566 0.0261683 
0.0507688 0.00739896 0.0102887 0.126354 0.0923688 0.102344 0.000654024 0.0425853 0.000919778 0.00248463 0.00431065 0.075794 0.31372 0.0131382 0.0559015 0.00379705 0.0250431 0.0721288 
5.38053e-08 0.000501868 9.96172e-05 0.347728 0.117479 0.0416975 7.4693e-09 0.00225325 0.000470578 0.000348177 1.61583e-08 0.00623709 0.350922 0.0197764 0.106152 6.81697e-09 1.75047e-06 0.00633225 
0.0220941 0.00865892 1.17117e-05 0.219584 0.0258494 0.244047 6.62442e-05 0.000699816 4.88905e-05 0.000518099 1.84362e-06 0.0044023 0.317247 0.0684915 0.0478669 1.23065e-05 0.0375633 0.00283669 
0.0555555 0.0555557 0.055548 0.055573 0.0555653 0.055563 0.0555011 0.0555723 0.0555222 0.0555201 0.0555406 0.055572 0.0555763 0.0555579 0.055575 0.0555655 0.0555691 0.0555674 
0.0630074 0.0149111 0.00606416 0.0865983 0.0349324 0.0124056 4.39538e-06 0.267641 9.87054e-05 0.000709482 0.00935935 0.0819745 0.324872 0.00439714 0.080259 0.003088 0.00156777 0.00810934 
0.030835 0.0125098 0.0037403 0.156231 0.0293497 0.00503217 0.00103714 0.212086 0.00098313 0.000807908 0.00964401 0.0624967 0.36863 0.00731802 0.0565504 0.00503384 0.0102919 0.0274233 
0.00453297 0.00174227 1.64195e-06 0.0867709 0.00322782 0.0256613 9.63309e-06 0.000235093 5.72783e-05 7.23442e-05 0.000947341 0.0146374 0.829025 0.000422952 0.0181034 7.76878e-05 0.0113689 0.00310579 
0.061297 0.000106454 0.000220374 0.0334966 0.0751827 0.00547052 2.64985e-05 0.0441192 0.000284094 0.000322538 0.00460998 0.182976 0.304763 0.000427331 0.0050701 0.0262271 0.0280069 0.227394 
0.0014591 0.00131974 0.000202771 0.00669656 0.0168052 0.00227972 9.27717e-05 0.00401847 8.77365e-07 3.01469e-06 7.57679e-09 0.0220567 0.788647 0.00517535 0.0721445 4.02533e-09 0.000940657 0.0781571 
0.00303927 0.0812365 2.18664e-05 0.0370293 0.0256784 0.061227 1.87949e-08 0.123651 0.00184935 0.00102991 0.0178254 0.0804236 0.349502 0.0073486 0.10574 3.82308e-05 0.104084 0.00027512 
0.0248729 0.00515363 0.0128204 0.214861 0.0408301 0.0132899 2.52332e-05 0.0846367 0.0119033 0.00847927 0.00738193 0.0784732 0.337041 0.00248742 0.0402616 0.000402045 0.053037 0.0640435 
0.000869142 0.03768 0.00266462 0.131092 0.0466029 0.0995274 0.000181368 0.0710883 0.000230913 0.0011232 0.0332984 0.115109 0.357989 0.0038231 0.0742847 0.000406284 0.0141549 0.00987478 
0.0688774 0.00134336 0.000236041 0.28394 0.0227645 0.00105619 8.59495e-06 0.00865134 8.71253e-05 0.00125668 0.00100901 0.00759301 0.29512 0.000400297 0.0123134 1.30652e-05 0.0010941 0.294236 
0.0563543 0.00227945 0.0041855 0.0956866 0.0311565 0.0102161 9.60187e-05 0.0284166 0.00248843 0.0247968 0.0325682 0.104168 0.348718 0.0207581 0.0743222 0.00185245 0.0389199 0.123017 
1.49205e-06 0.017906 1.49184e-06 0.0558214 0.0714831 0.0234297 1.49058e-06 0.221338 1.49115e-06 1.49109e-06 0.0247628 0.0598503 0.503307 0.00477624 1.49257e-06 1.49231e-06 0.00283707 0.0144774 
0.00315308 0.00348044 0.0175485 0.0703413 0.0166655 0.00371145 1.04586e-05 0.248693 0.000216225 0.000860975 0.0032982 0.0771815 0.48948 0.000943127 0.0237005 0.00638345 0.0107862 0.0235467 
0.00704487 0.00182303 4.65706e-05 0.266873 0.0184446 0.0460785 2.10963e-07 0.00350243 5.42797e-06 0.000207285 0.000439253 0.00631219 0.560462 0.0445234 0.00691196 4.25331e-06 0.00219668 0.0351247 
0.0948386 0.00774193 0.010774 0.0334993 0.0462931 0.00593163 0.0815452 0.11529 0.00026463 9.71582e-05 0.00329734 0.0703168 0.432002 0.0179448 0.0510738 5.06984e-05 0.0152672 0.0137721 
0.000113593 0.00248089 0.0147612 0.000308077 0.0242566 0.00452767 1.18905e-08 0.228196 0.00130869 0.000292667 0.00723071 0.0923126 0.55963 0.000520252 0.0160468 0.000118988 0.000807439 0.047088 
0.0149178 0.0084427 0.0140285 0.0855376 0.0223601 0.0987832 6.02951e-05 0.0445129 0.00181844 0.0453911 0.00395213 0.0928482 0.178423 0.0379849 0.144703 0.0052651 0.0613636 0.139607 
0.0565712 0.0107254 0.00348029 0.142839 0.0139548 0.0114183 3.90002e-05 0.10421 2.38695e-08 0.00751826 0.000412709 0.147487 0.366335 0.00274016 0.0219419 0.00012998 0.0108946 0.0993015 
0.00747253 0.00590001 0.0016409 0.160008 0.0153727 0.00616372 7.49084e-05 0.0111074 0.000670963 0.000203689 0.00232418 0.0122661 0.481326 0.0172923 0.116864 1.78476e-05 0.119841 0.0414543 
0.00802573 0.0102893 0.00299031 0.0395057 0.0285748 0.0183751 5.10876e-05 0.256983 0.00145251 0.00224329 0.0480078 0.148821 0.355327 0.00273614 0.0267129 0.00340642 0.0230949 0.023404 
0.0460511 0.0124699 0.0062411 0.266922 0.0628583 0.0125523 5.64885e-05 0.0548867 0.0369607 0.00164019 0.00852412 0.0864564 0.281328 0.0193555 0.0533049 0.0179357 0.0102411 0.0222156 
2.13407e-07 8.22211e-07 3.7732e-07 0.00824463 0.00550612 1.06207e-06 6.83057e-08 0.0600275 4.69728e-07 4.02498e-07 6.08008e-07 0.252183 0.654497 1.20076e-06 1.16452e-06 1.25757e-07 4.78899e-06 0.0195308 
0.00475276 0.00167859 2.90256e-06 0.117201 0.0438006 0.00307342 8.67198e-08 2.71571e-05 2.97417e-08 0.000247626 1.35078e-08 0.00580671 0.800368 0.0184806 0.0039009 1.6413e-09 2.27047e-08 0.000659774 
4.34279e-05 0.00191446 0.000683896 0.0432433 0.0697761 0.0724216 4.35313e-10 0.161103 0.0391744 0.00202767 0.0539214 0.136961 0.273677 0.000504885 0.124943 1.39135e-07 0.0156138 0.00399126 
3.71833e-05 0.0801339 9.58006e-05 0.207956 0.0386533 0.00653835 4.9024e-07 0.00910864 0.00234678 5.57775e-06 0.000211855 0.0196972 0.579492 0.00682774 0.0399342 1.06994e-05 0.000283409 0.00866738 
0.00881237 5.00763e-07 1.69366e-06 0.0237852 0.0223129 0.00118861 3.09066e-11 0.0253053 5.99826e-07 1.6981e-07 6.08236e-08 0.293166 0.476175 6.89088e-08 0.00319586 1.58753e-08 1.07679e-08 0.146056 
0.00288483 0.00238456 0.000812865 0.0882658 0.099692 0.150477 2.95205e-05 0.0353878 0.00115843 8.83842e-05 8.39701e-05 0.0169329 0.511642 0.00924801 0.0553842 0.00077327 0.00726716 0.0174875 
0.00668605 0.0325815 0.00047515 0.0510715 0.0339669 0.00788531 6.06204e-07 0.302416 0.0050322 0.000103864 0.00169722 0.0606033 0.399643 0.0108011 0.0760887 1.92547e-05 0.00203771 0.00889018 
8.07314e-05 0.0105161 0.00114907 0.0120856 0.103949 0.0253463 0.000118089 0.14477 0.00106517 0.000252438 0.00154136 0.0917533 0.445945 0.00147932 0.04439 6.47733e-06 0.00263688 0.112916 
0.010843 3.4145e-07 0.000251753 0.0029531 0.0396191 0.0622602 3.72048e-06 0.00538572 5.50273e-07 0.000219812 4.97526e-07 0.0698809 0.653786 1.7432e-07 0.00554192 2.21865e-07 1.0484e-05 0.149243 
0.000215275 0.00103094 0.000220399 0.0447088 0.0062194 0.0021207 2.73517e-06 0.000447498 0.000870349 0.000160486 0.000167746 0.0315147 0.732425 0.0145232 0.129979 8.37989e-07 0.0310383 0.00435513 
0.134893 0.0114839 0.000352208 0.120644 0.00634241 0.00200094 9.05612e-05 0.056997 0.000179552 0.0017548 0.0223132 0.120416 0.370657 0.102784 0.043035 1.43845e-05 0.000829004 0.00521291 
0.0268161 0.0170809 0.000594949 0.0729532 0.138585 0.18831 9.17343e-05 0.0254332 0.000506014 0.000710452 0.000483206 0.11098 0.227097 0.0293392 0.0315021 0.000623291 0.00755657 0.121337 
0.061297 0.000106454 0.000220374 0.0334966 0.0751827 0.00547052 2.64985e-05 0.0441192 0.000284094 0.000322538 0.00460998 0.182976 0.304763 0.000427331 0.0050701 0.0262271 0.0280069 0.227394 
0.00139383 0.00186531 4.37691e-06 0.00940765 0.0509841 0.0724562 3.59251e-06 0.00102882 0.00107155 0.000142606 3.83205e-05 0.0106033 0.816465 0.00243456 0.0306218 6.62354e-07 0.000166545 0.00131184 
0.00782992 0.0452104 0.0265998 0.0154511 0.0661052 0.0238816 0.000370812 0.0834211 0.00645029 0.0640575 0.0299732 0.0726469 0.367949 0.000956706 0.044682 9.37301e-05 0.0135638 0.130757 
0.00218623 0.00566213 0.00094998 0.14655 0.0267634 0.045185 1.80012e-05 0.0204987 0.00259338 0.00016697 0.00486742 0.0123542 0.60573 0.0188231 0.0478031 7.92933e-05 0.0481539 0.0116153 
0.150519 0.155296 0.00205972 0.182566 0.018835 0.00232922 4.82785e-06 0.0925346 0.000492032 0.00967401 0.00113413 0.0966442 0.190875 0.0168407 0.0746911 0.00136135 0.000947341 0.00319555 
0.0195189 0.0458956 0.00642861 0.163074 0.052096 0.019773 2.15564e-06 0.0824394 0.000623268 0.00562477 0.00545366 0.0475632 0.394549 0.00606831 0.10613 0.00441991 0.0185094 0.0218309 
0.0230568 0.0775526 0.000245773 0.222523 0.0774213 0.00427608 8.69605e-08 0.0890413 6.73047e-05 0.00771417 5.30683e-05 0.0186937 0.260569 0.0308729 0.146647 3.16748e-05 0.0259524 0.0152815 
0.0130795 0.0105564 0.000852801 0.0893604 0.0861654 0.00254137 7.17731e-06 0.0155042 3.47205e-05 0.000254519 0.00149092 0.0551122 0.410252 0.000306706 0.012691 3.8689e-05 0.00596699 0.295786 
0.151341 0.0116831 0.0220602 0.00040112 0.0260568 0.0245148 4.19648e-06 0.086344 0.000117708 0.00133625 0.00347059 0.0157517 0.342226 0.00035332 0.0354545 2.95218e-05 0.0170606 0.261795 
0.00283654 8.8158e-05 0.0003023 0.0406675 0.108739 0.0353132 1.33389e-06 0.0271334 0.000120451 3.36821e-06 1.89422e-05 0.208643 0.376682 0.00201129 0.123418 1.6481e-06 0.00535331 0.0686675 
9.50585e-09 1.31384e-06 9.03326e-05 6.84659e-08 0.0313897 0.000217239 1.5651e-12 0.0104165 7.13439e-09 8.95737e-09 1.1354e-07 0.0795768 0.825027 5.01039e-09 0.000853998 1.7266e-09 7.42665e-09 0.0524267 
0.0297723 0.0153286 0.00604933 0.285411 0.0295394 0.0163386 1.37137e-05 0.0650182 0.00244678 0.00191958 0.00591616 0.0603884 0.285677 0.00834592 0.0288171 0.0011166 0.0210955 0.136806 
0.0351251 0.00151527 0.0322926 0.0545993 0.0564105 0.0106319 4.70557e-05 0.116203 0.000271585 0.000181694 0.00138964 0.222866 0.379026 0.0012762 0.0143724 0.000963122 0.0427425 0.030086 
0.000795186 0.00309108 0.00107413 0.109078 0.034476 0.005651 7.89621e-05 0.0756975 0.000752611 0.00062102 0.00142144 0.144952 0.491066 0.00496065 0.0187318 0.000779531 0.038987 0.0677854 
0.00232867 0.0383795 1.86482e-06 0.0107739 0.018878 0.309959 0.000190253 0.0100292 0.124846 6.72385e-07 0.00051363 0.00129769 0.365785 0.0168627 0.098852 3.54721e-08 0.0011605 0.000142543 
0.000187445 0.0771539 0.000108623 0.126576 0.125394 0.0448394 4.64152e-06 0.03543 0.0774031 0.00302646 0.000695715 0.025602 0.196599 0.110159 0.154556 0.00241658 0.0106395 0.00920928 
0.0405533 0.002394 0.000135514 0.0905209 0.0613269 0.0277624 3.71687e-05 0.0325835 1.05505e-05 0.000741541 0.000234069 0.037 0.664536 0.00117447 0.0215702 1.00272e-05 0.00131757 0.0180918 
0.00737772 0.00352489 4.0217e-05 0.0311673 0.0656814 0.153082 0.00014057 0.188165 0.000352014 0.000109847 0.0143341 0.191201 0.234842 0.0010762 0.0619606 0.00799195 0.000105705 0.0388471 
0.00729023 0.0804216 0.0223792 0.153598 0.0407872 0.0108122 6.46068e-06 0.167142 0.0355535 0.00109615 0.0159513 0.0483124 0.249839 0.000694748 0.0507796 0.00237693 0.0145579 0.0984025 
0.00216608 0.00463351 0.000485231 0.212764 0.00491089 0.000828564 6.43796e-06 0.0335534 5.80314e-06 0.00143 0.00031544 0.0276318 0.343427 0.204268 0.0474732 5.45606e-07 0.114658 0.00144251 
5.41864e-08 0.0289794 0.00577766 0.00793707 0.227667 0.0165596 2.10116e-09 0.266917 0.000500607 0.00923342 0.000376627 0.0403674 0.369269 0.000266915 0.0233207 6.95469e-08 0.000960202 0.00186786 
0.014411 0.000786487 0.000947865 0.152751 0.0100984 0.00226196 4.47045e-12 0.0132285 2.69508e-08 0.000796386 0.000361057 0.0159497 0.58531 0.00295959 0.00591952 9.32897e-05 0.00827406 0.185851 
2.41452e-07 0.000328874 0.00368201 0.0573538 0.011113 0.01695 6.6965e-07 0.0566748 3.95103e-08 4.58285e-08 4.86718e-05 0.0263917 0.51527 0.000300429 0.0231675 9.97186e-08 1.91044e-08 0.288718 
0.0491749 0.00228757 0.00203311 0.0497953 0.194325 0.016728 1.85019e-05 0.111405 0.000313045 0.00223043 0.0013936 0.101686 0.21571 0.0529272 0.0673168 0.014279 0.00342111 0.114956 
0.00300214 0.00493265 0.000700911 0.045066 0.0174444 0.0165074 4.84401e-06 0.0230292 0.000255422 0.00258618 0.00323634 0.109529 0.617347 0.00283105 0.0754407 0.00799104 0.0532189 0.0168768 
2.57049e-08 0.00483242 2.42898e-06 0.0479801 0.0300164 0.0237246 3.52769e-05 0.0851851 6.79054e-07 1.93583e-05 0.0544711 0.00669545 0.733554 1.82778e-05 0.00225126 2.09595e-05 0.010184 0.00100816 
0.000782105 0.0106174 0.000730604 0.0110237 0.229523 1.19512e-07 2.94886e-07 0.0987676 4.96452e-05 0.00202785 0.00910859 0.0269218 0.593036 0.00193913 0.0146557 3.82755e-05 0.000673429 0.000104442 
0.000226456 0.000204152 0.0240767 0.0826197 0.00540387 7.48068e-05 5.69529e-08 0.102646 0.000103925 0.000339813 0.00112904 0.0466402 0.602227 0.000171852 0.000456569 5.31711e-06 0.00268092 0.130994 
0.00114137 0.102961 0.00136205 0.0845061 0.0173576 0.00120616 1.22895e-08 0.0651668 2.26703e-05 0.000150715 0.00689556 0.00721572 0.38533 0.000162239 0.0651763 1.36268e-06 0.00254099 0.258804 
0.0133629 0.00828841 0.00944128 0.190493 0.0574339 0.0141245 3.08915e-05 0.172935 0.00202307 0.00137782 0.0189664 0.158357 0.244171 0.0121538 0.0290691 0.00175944 0.0222242 0.0437889 
0.134218 0.00434395 0.000356242 0.186256 0.0532684 0.0658842 2.17581e-05 0.00564865 0.00335889 0.00027347 0.000118313 0.0324078 0.24588 0.00154534 0.0460578 0.000348928 0.00174278 0.21827 
0.00536815 0.00568886 0.000418158 0.0898423 0.0628312 0.0167838 0.000288288 0.0166752 0.00515564 0.000822787 0.00345892 0.182087 0.528112 0.00529854 0.027872 0.00321751 0.0115246 0.0345552 
2.22742e-06 0.0228702 0.0633815 0.130702 0.161937 0.0188614 4.16621e-07 0.0180952 7.93279e-07 1.44424e-10 4.74309e-05 0.0421106 0.365724 1.07605e-05 0.155592 5.21994e-07 4.83448e-07 0.0206634 
0.00259108 0.00484633 0.000937487 0.169545 0.0521764 0.00640533 1.17818e-11 0.00957425 3.27025e-05 0.000405924 1.60133e-05 0.0139503 0.662874 0.0415404 0.0129765 4.33265e-05 0.000505402 0.0215796 
0.0174087 0.0121775 0.00445014 0.102617 0.0487194 0.00578725 5.46748e-05 0.0878514 0.00113844 0.00236226 0.00485439 0.0444884 0.577841 0.00523509 0.0322173 0.00395233 0.0120681 0.0367764 
0.134668 0.135012 0.0102595 0.0630104 0.0655755 0.0340111 3.97987e-05 0.0436118 0.00727291 0.000377348 0.00242397 0.0819795 0.191524 0.0593864 0.10627 0.00860351 0.0154225 0.0405515 
0.0147772 0.0105515 0.00269294 0.112675 0.201448 0.106001 0.00937294 0.0236141 0.00148028 0.00086566 0.00135615 0.0617559 0.294456 0.00314512 0.0794909 0.00548262 0.016204 0.0546302 
2.03948e-08 0.00141761 1.3475e-05 0.0133704 0.0150424 0.000268517 2.73652e-06 0.024797 1.47587e-07 1.51783e-07 9.37746e-05 0.0204891 0.874539 0.000396158 0.0260436 9.74983e-10 0.00228832 0.0212379 
0.00227921 0.00011659 2.6393e-05 0.0984985 0.257482 0.0056127 2.71778e-12 0.000740955 8.59578e-05 7.51715e-05 9.47387e-09 0.00829937 0.600441 0.011078 0.0031179 2.53464e-05 1.59245e-08 0.0121207 
0.00254911 0.00799629 0.0251134 0.0897176 0.0822258 0.0400215 2.79424e-05 0.15272 0.000687857 9.61269e-05 0.00440943 0.0849752 0.455674 0.00430899 0.0350814 0.000159983 0.000601079 0.0136342 
0.0182981 0.0116157 0.00335667 0.0363198 0.0676533 0.0138491 3.86964e-05 0.0718738 0.0202721 0.00228092 0.0375595 0.0237715 0.304724 0.0506865 0.126239 0.00123499 0.0602437 0.149983 
3.04302e-08 4.98156e-05 0.000575428 0.175414 0.0171709 0.00010955 8.80629e-10 0.024397 4.82412e-08 4.19437e-07 3.45822e-08 0.00534165 0.505706 5.00645e-06 0.000530417 6.5984e-09 9.45082e-05 0.270605 
0.00137597 0.0279386 0.000266694 0.0103038 0.1055 0.0257763 9.56843e-07 0.188534 0.00128038 0.00142205 0.0017832 0.0848344 0.445955 0.0122973 0.0434758 0.00230906 0.0365805 0.0103665 
0.00216132 0.00094313 0.000409528 0.130579 0.0136413 0.00275377 2.39013e-05 0.00578531 1.18303e-05 0.000220666 5.59347e-05 0.0220603 0.4569 0.00166084 0.00543422 1.72958e-05 0.00021574 0.357126 
0.0013618 6.07017e-07 1.89207e-05 0.0124843 0.00129774 3.42143e-06 2.6383e-10 0.0170569 0.000470657 2.51214e-06 3.70563e-06 0.0957976 0.838335 2.63825e-07 4.22517e-05 6.17105e-08 9.46181e-06 0.0331148 
0.000944679 0.013248 0.0300559 0.0400986 0.173091 0.0467959 3.22342e-07 0.102642 0.00150556 0.00192789 2.1859e-05 0.116069 0.350867 0.0019337 0.0668033 0.047567 0.000392686 0.00603624 
0.00113963 5.83025e-05 2.80393e-05 0.100242 0.288748 0.00530324 4.04893e-09 0.0020184 6.08304e-05 3.75918e-05 6.10996e-09 0.00667066 0.56112 0.0103508 0.0130428 2.79851e-05 0.000119067 0.0110328 
0.000652618 0.000875333 5.88392e-05 0.081549 0.0330622 0.00438732 6.13681e-08 0.0678928 0.000216938 0.00080431 0.00017959 0.00491936 0.649528 0.00929363 0.0333671 8.1597e-06 0.0591427 0.0540625 
0.00123391 0.00492092 0.00145123 0.0292822 0.0676199 0.000477432 7.36151e-06 0.148032 2.0799e-05 0.000529802 0.0182951 0.00440963 0.582648 0.0217185 0.0906262 1.07049e-05 0.0268775 0.00183864 
1.88352e-08 0.00361947 3.33198e-08 0.436741 4.98011e-07 0.00189693 5.9186e-09 0.04511 4.14532e-08 6.03923e-05 5.3711e-08 0.0305877 0.477704 1.06162e-07 0.00419148 2.23086e-06 8.51286e-05 8.45374e-07 
0.0922213 0.018345 0.00311192 0.274214 0.0169041 0.0117703 8.27341e-07 0.0572218 0.00650081 0.00253351 0.00672695 0.0468936 0.357586 0.00429902 0.0562049 6.67482e-05 0.0354245 0.00997401 
0.0628125 0.000108222 0.00411492 0.0323667 0.0757022 0.0169097 3.88361e-05 0.0112245 0.00747036 0.0027282 0.0189134 0.242439 0.303826 0.000860132 0.0374929 0.119957 0.0160139 0.0470212 
0.129401 0.00123067 0.00256496 0.135324 0.0155959 0.00984246 1.1819e-05 0.0113491 0.00073814 0.000409156 0.0286447 0.0436196 0.429122 0.0212147 0.0373046 0.000961053 0.0363463 0.0963207 
0.0192527 0.00529573 0.0250196 0.151027 0.214667 0.0357463 2.83882e-06 0.0683639 0.00484399 0.00316224 0.00132122 0.0225534 0.224166 0.0157859 0.116507 0.00328705 0.0300639 0.0589343 
0.00041292 0.0263715 0.00268516 0.0644432 0.16153 0.0844742 2.13936e-05 0.0542416 0.00122695 6.8817e-05 0.00628343 0.188326 0.290647 0.00459722 0.0832515 0.00034574 5.24275e-07 0.0310726 
0.0524663 0.000729012 0.00011652 0.0832926 0.108998 0.0158228 9.43932e-06 0.00713494 0.000911409 0.000468449 0.00540846 0.00346226 0.520374 0.073617 0.0754508 0.000881797 0.000678864 0.0501771 
0.00226015 0.00646774 0.0028212 0.0061731 0.0193339 0.0272205 7.89855e-08 0.269621 0.00959745 0.00298208 0.155537 0.147761 0.271792 0.00222972 0.0524314 0.000150189 0.0192387 0.00438208 
0.00624591 0.0109926 0.00151912 0.110655 0.0607704 0.027015 3.68664e-05 0.013881 0.000388806 0.00014742 0.00037242 0.0273019 0.592544 0.00377217 0.0294798 8.13719e-05 0.00856541 0.106231 
0.0555555 0.0555557 0.055548 0.055573 0.0555653 0.055563 0.0555011 0.0555723 0.0555222 0.0555201 0.0555406 0.055572 0.0555763 0.0555579 0.055575 0.0555655 0.0555691 0.0555674 
0.000396035 0.00404111 0.000651835 0.106846 0.000148787 0.000174514 1.04668e-07 0.0865175 0.000247987 0.000866073 0.028531 0.0923844 0.663954 0.000122207 0.000236039 1.39486e-06 1.11252e-05 0.0148689 
0.0136423 0.019981 0.00751191 0.0811315 0.0139856 0.00343238 6.88281e-06 0.310058 0.00325781 0.000739127 0.0112066 0.0189634 0.462146 0.00154505 0.0364118 0.00433651 0.00696146 0.00468317 
0.0102721 0.00878427 0.000888674 0.0463529 0.0727048 0.0147051 1.2299e-05 0.0872677 0.00155324 0.00260667 0.0649175 0.0506266 0.540237 0.0122867 0.0404464 0.00177165 0.0236531 0.0209135 
0.124289 0.00486761 0.0627939 0.12363 0.0662758 0.0262633 8.76303e-06 0.208864 0.00116702 0.000568823 0.00172248 0.0978474 0.213592 0.00217562 0.0284818 0.00343182 0.00101474 0.0330057 
0.000497619 0.0070678 0.00051099 0.123389 0.245764 0.0412661 1.46848e-06 0.0262501 0.00282973 0.00107123 0.000521762 0.0457561 0.386754 0.0180674 0.0592551 1.47877e-05 0.0140717 0.0269108 
0.0128975 0.00336159 0.00879599 0.090769 0.062771 0.0115234 3.91e-05 0.0359048 0.000600062 0.00216335 0.00472297 0.148376 0.490664 0.0051183 0.0217931 0.00240269 0.00892616 0.0891709 
0.00433844 0.0292707 0.000114591 0.00532825 0.143368 0.0107481 0.00038869 0.0146108 2.7138e-07 1.14619e-08 0.0706537 0.0153178 0.381007 0.0102819 0.206405 2.62185e-05 0.0121949 0.0959447 
0.00860352 0.048391 0.00215766 0.0886809 0.0365528 0.0091745 0.00520854 0.0543781 0.000291038 0.00034877 0.00252092 0.084621 0.535905 0.00945761 0.0339917 0.00589469 0.00839272 0.0654299 
0.0133449 0.0090142 0.00224592 0.12936 0.010275 0.00366551 3.00631e-05 0.0281558 0.000393024 0.000670292 0.00308632 0.106605 0.582397 0.00547695 0.0572462 0.0165586 0.00681538 0.0246598 
0.000289848 0.00909835 0.000779459 0.0105019 0.00559551 0.0149513 4.17661e-06 0.0387246 0.00163731 0.00338546 0.0287533 0.134549 0.713835 0.000346436 0.0287133 7.71576e-06 0.00612809 0.00269974 
0.0306502 0.0194258 0.00307139 0.0986592 0.0102349 0.00312313 4.41255e-06 0.0403823 0.00278352 0.0016259 0.00996692 0.134345 0.410821 0.00057721 0.0687691 6.61531e-06 0.00238299 0.16317 
0.000622697 0.0126316 0.00633744 0.025339 0.044982 0.0542559 3.3171e-06 0.126101 0.00786868 0.000598478 0.0136711 0.148798 0.444489 0.000593674 0.0233406 6.79135e-05 0.00308506 0.0872135 
0.00873599 0.0118414 0.000506679 0.0744546 0.0797162 0.0385692 8.16406e-08 0.0105616 0.00222155 0.00224596 0.00147066 0.0507144 0.540017 0.111578 0.0430164 0.000474147 0.0085992 0.0152769 
0.000889241 0.00474138 0.00179247 0.078862 0.0367375 0.0165099 5.25464e-06 0.0342651 0.000179438 0.000172529 0.000703115 0.061984 0.571733 0.0225027 0.0270986 2.40308e-05 0.0268912 0.114909 
0.000151155 0.00632582 0.00240045 0.0797026 0.0557679 0.0124392 0.000683266 0.00533732 2.09875e-05 3.83665e-07 6.80031e-09 0.0473169 0.575917 0.0392011 0.134165 0.0248181 0.00588131 0.0098715 
0.159334 0.00105301 7.04702e-08 0.333011 0.00506696 0.00680228 3.49193e-05 0.120159 2.49189e-06 0.00283595 5.73809e-08 0.00662516 0.334529 2.92032e-05 0.00710865 2.18985e-07 1.38891e-10 0.0234074 
0.0155259 0.0109133 0.0109095 0.28271 0.0879613 0.015185 3.18052e-05 0.0253636 0.0100174 0.000623998 0.000913298 0.0214857 0.417118 0.0026696 0.0349618 0.0154227 0.0213158 0.0268713 
0.00135337 0.000765183 0.0157075 0.193145 0.0130221 0.00195423 9.44537e-07 0.0326722 0.00199648 0.00188936 0.00496411 0.10513 0.422771 0.00373989 0.0477335 2.01901e-05 0.101487 0.0516471 
0.00411802 0.00447182 0.00569754 0.0156382 0.0129103 0.0191241 0.000140018 0.0836931 0.0091287 0.000348038 0.106057 0.347739 0.348311 0.00050023 0.0166009 0.000888895 0.000555268 0.024078 
0.0014591 0.00131974 0.000202771 0.00669656 0.0168052 0.00227972 9.27717e-05 0.00401847 8.77365e-07 3.01469e-06 7.57679e-09 0.0220567 0.788647 0.00517535 0.0721445 4.02533e-09 0.000940657 0.0781571 
0.0360068 0.006562 0.0313732 0.172386 0.158382 0.0362624 0.00409023 0.0665971 0.00124235 0.0014382 0.00415577 0.0656022 0.284496 0.00369824 0.0320072 0.00102936 0.0144458 0.0802252 
0.0374724 0.00349615 0.00807094 0.158133 0.122168 0.0266176 2.14791e-06 0.125093 0.00632687 0.00201364 0.00684389 0.099567 0.241471 0.0127487 0.0439259 0.000190875 0.0121877 0.0936711 
0.012112 0.000441761 0.0123378 0.0345043 0.0388166 0.0782834 6.67992e-05 0.127196 4.04595e-05 6.44465e-06 1.82157e-05 0.0634122 0.220467 0.0354628 0.194816 4.27895e-05 0.00749105 0.174485 
8.67322e-05 0.0143907 0.000396772 0.0207304 0.0999976 0.024964 2.17722e-06 0.0064687 0.00260855 0.00253231 0.0372916 0.138521 0.531963 0.00029111 0.0487276 0.000114862 0.0214973 0.0494156 
0.0273497 0.0174114 0.00717226 0.144195 0.0299402 0.01968 1.20698e-05 0.0619272 0.00694533 0.00413888 0.0134261 0.222802 0.237926 0.0179796 0.072702 0.000122609 0.0125229 0.103747 
0.00204523 0.0126358 0.0148009 0.110957 0.0209879 0.000619607 9.57625e-08 0.0988105 4.75904e-05 2.2341e-05 0.0773345 0.00266735 0.475235 0.0463328 0.133609 1.12856e-06 0.000351669 0.00354159 
0.0550218 0.00795738 0.00173188 0.0971718 0.031771 0.00733784 7.19878e-07 0.120713 0.000208671 0.000274009 0.00781049 0.0157834 0.441812 0.00068604 0.0768032 0.000291719 0.00125811 0.133367 
0.00090392 0.00494076 0.0154657 0.0620091 0.0316717 0.000168701 0.000185782 0.270383 1.35739e-05 6.70859e-05 9.55385e-05 0.212409 0.311754 0.000184861 0.00227979 1.06099e-06 0.00112476 0.0863415 
0.00534268 0.0432812 0.00219309 0.0842929 0.0425141 0.0459501 1.89574e-05 0.0697735 0.00155183 0.00274901 0.0202166 0.0182765 0.60103 0.000845203 0.0185851 0.000287681 0.0263188 0.016773 
0.0133 0.00567259 0.00907391 0.153019 0.019703 0.00567205 0.0001131 0.0715063 0.00112493 0.000396928 0.00229947 0.194801 0.44501 0.000992678 0.0222058 0.000135301 0.010605 0.0443687 
0.00241751 0.00185778 0.00176663 0.0436229 0.112699 0.0611877 5.08794e-05 0.0594116 0.000393652 0.0189734 0.00454078 0.177246 0.216872 0.0127064 0.103536 0.0107997 0.000928988 0.170988 
0.00137738 0.000469979 1.99482e-08 0.309892 0.015676 0.00245044 7.29277e-12 0.000639753 5.36099e-12 0.000502547 4.00934e-09 0.00473344 0.65388 0.0020728 0.00802473 6.1875e-09 0.00012032 0.000160533 
0.0325194 0.00558879 0.000939458 0.246767 0.114258 0.0100328 3.63032e-06 0.0630454 0.0013753 0.00102341 0.000214241 0.0241923 0.35953 0.00709856 0.0354879 1.65283e-05 0.0102948 0.0876121 
0.0555555 0.0555557 0.055548 0.055573 0.0555653 0.055563 0.0555011 0.0555723 0.0555222 0.0555201 0.0555406 0.055572 0.0555763 0.0555579 0.055575 0.0555655 0.0555691 0.0555674 
0.00767448 0.0152282 0.00740248 0.0735271 0.0298279 0.013922 7.76269e-06 0.205589 0.00474774 0.00108393 0.0296897 0.0365959 0.509931 0.00429207 0.0404662 0.000475197 0.00662156 0.0129173 
0.0555555 0.0555557 0.055548 0.055573 0.0555653 0.055563 0.0555011 0.0555723 0.0555222 0.0555201 0.0555406 0.055572 0.0555763 0.0555579 0.055575 0.0555655 0.0555691 0.0555674 
0.000141471 0.00961519 3.18132e-05 0.391988 0.0141587 0.00105927 1.12726e-11 0.0919228 7.32621e-09 7.65622e-08 0.0125307 0.0150572 0.394591 0.00161679 0.0663396 3.28281e-06 2.19093e-05 0.000922207 
0.0153195 0.00609973 0.014939 0.252791 0.0495669 0.0103318 1.02644e-05 0.119147 0.0020935 0.00100046 0.0155003 0.0443392 0.344798 0.00569414 0.0350434 0.000237926 0.0350048 0.0480834 
0.000206112 0.00975312 0.00178329 0.141771 0.127699 0.0169172 1.27947e-05 0.0664644 0.00170555 0.000226209 6.29219e-06 0.0235518 0.482384 0.00131485 0.11562 1.799e-05 0.000419022 0.0101486 
0.00496955 0.0185745 0.000168147 0.113096 0.0258813 0.0085191 1.9946e-05 0.172586 0.00054522 0.00907474 0.0474521 0.0731389 0.461526 0.000530857 0.035323 5.48748e-05 0.0264679 0.00207129 
0.00019285 0.00527092 0.00414744 0.119153 0.23394 0.00382017 1.98884e-05 0.0559616 3.28637e-05 5.82928e-05 0.00032918 0.075819 0.300781 0.0123885 0.0947846 8.70352e-06 0.0487701 0.0445217 
0.0291579 0.00797596 0.00435255 0.0348633 0.0249426 0.0015458 1.77578e-05 0.0259024 0.000264427 0.00274663 0.00038596 0.263086 0.377305 0.000190063 0.00722744 1.1146e-05 0.00183373 0.218192 
0.00153511 0.0205375 0.000265671 0.0221557 0.0221499 0.186344 2.99249e-06 0.0402678 0.00372342 0.0490424 0.00365143 0.0707051 0.225971 0.00391847 0.179895 0.000864074 0.00488455 0.164086 
0.00276518 0.00836272 0.0126364 0.0468745 0.0138185 0.0314879 4.811e-05 0.197015 0.0132592 5.40872e-05 0.0103832 0.272375 0.280299 0.00091584 0.0631285 0.00380299 0.00987626 0.0328975 
0.00114669 0.00108747 0.0467285 0.0391774 0.0042047 6.96091e-05 6.86369e-12 0.0500898 4.37415e-05 0.00282697 0.0836709 0.0140025 0.431565 0.00287427 0.0371402 3.74454e-05 0.106531 0.178804 
0.0134152 0.00769314 0.00371328 0.078975 0.00975426 0.00235157 1.30389e-06 0.0507323 0.00078194 0.000407104 0.00727492 0.146232 0.474609 0.0292002 0.0761824 0.000190736 0.0721249 0.0263606 
0.00860569 0.0101395 1.45852e-06 0.190606 0.0198931 0.0262474 6.3133e-06 0.0453342 3.66249e-06 0.000143729 1.03028e-07 0.00207719 0.625942 0.0238067 0.0438167 6.75402e-06 0.00329104 7.81108e-05 
5.38053e-08 0.000501868 9.96172e-05 0.347728 0.117479 0.0416975 7.4693e-09 0.00225325 0.000470578 0.000348177 1.61583e-08 0.00623709 0.350922 0.0197764 0.106152 6.81697e-09 1.75047e-06 0.00633225 
0.0100698 0.00280683 0.0135684 0.164605 0.163706 0.00313061 4.25402e-06 0.171786 0.000170551 0.00255133 0.01804 0.0694662 0.29465 0.0119892 0.0144385 0.00108848 0.00584741 0.0520825 
0.0152008 0.0860156 0.00944239 0.046079 0.141758 0.15527 1.80508e-06 0.0252634 0.0256902 0.00679638 0.00922386 0.0536994 0.188476 0.0587053 0.133732 1.86214e-05 0.0129113 0.0317166 
0.131556 0.00162261 0.115537 0.112423 0.112226 0.0199332 1.36582e-06 0.0279147 0.0011865 0.000178544 1.58097e-05 0.0917928 0.298766 0.00398703 0.0352194 0.000255689 0.020825 0.0265597 
0.0060728 0.00200794 8.33892e-05 0.038093 0.00186548 0.20388 9.17576e-05 0.0112706 4.45733e-05 0.000359709 0.00242588 0.269827 0.421037 0.000952748 0.0338141 0.00452857 0.00163318 0.0020119 
0.00882111 0.0411061 0.00969375 0.156283 0.0327527 0.00268137 8.30624e-06 0.0243232 0.0295872 0.00590511 0.000240645 0.0448764 0.366242 0.0064079 0.0776072 0.0145782 0.0523853 0.1265 
0.0186371 0.000489559 0.00119954 0.132754 0.0274674 0.000364488 1.28376e-06 0.124957 1.26197e-05 5.23547e-05 0.00192574 0.0125907 0.437335 0.000682926 0.094826 3.18851e-06 0.00199905 0.144701 
2.88437e-07 0.00683628 0.0037783 0.203239 0.0163576 0.0122894 2.88155e-07 0.0207163 2.88264e-07 0.0050159 2.8836e-07 0.0536077 0.289959 0.110678 0.0896491 2.88489e-07 0.0135025 0.174369 
0.207721 0.00108064 0.0028874 0.303321 0.0207645 0.00265412 6.44153e-06 0.00987559 4.53743e-05 0.000233677 0.000198795 0.0324608 0.306234 0.0314435 0.0233278 0.00118578 0.0196365 0.0369225 
0.00629835 0.00145119 4.29126e-05 0.119514 0.00505206 0.00831758 1.8898e-05 0.00602405 5.45086e-07 0.000108639 0.000952172 0.0067253 0.75856 0.000824617 0.0842971 1.14419e-05 0.000146954 0.00165327 
0.000241364 0.00557014 0.00017998 0.0285982 0.0312993 0.0879121 1.05417e-08 0.00783173 0.000579258 0.00031946 0.0005195 0.0707829 0.650139 0.019791 0.0808086 2.38299e-06 0.010613 0.00481194 
0.000720039 0.000983597 0.0194898 0.202101 0.0204132 0.00561694 1.79675e-06 0.0448275 0.000258444 0.00173535 0.00103247 0.046452 0.350565 0.00091924 0.0153839 0.000171888 0.0107301 0.278598 
0.0283782 0.00174131 0.00139468 0.111717 0.0325418 0.00586407 7.10567e-06 0.32665 0.00633876 0.00124013 0.000737204 0.0356874 0.387737 0.0020115 0.0302899 0.00432632 0.00342252 0.0199142 
4.95183e-05 0.000104316 8.86842e-09 0.162293 0.0341947 0.0174544 5.21645e-07 0.00631867 0.000380932 9.45032e-09 1.42954e-08 0.0296682 0.733752 0.000863579 0.00535433 5.24978e-05 0.00322333 0.00629062 
6.75025e-05 0.00515498 0.000639691 0.00682059 0.0228437 0.00108136 5.17891e-08 0.0282566 0.00172891 0.000155323 0.000670026 0.154511 0.741844 0.00276606 0.0182512 2.22004e-07 0.00199621 0.0132121 
0.00430636 0.00050773 3.37392e-05 0.0702659 0.0138352 0.0014468 1.89219e-05 0.00646748 2.30624e-05 8.26432e-05 4.633e-05 0.0226084 0.810856 0.0113541 0.0254193 3.34566e-06 0.0120532 0.0206712 
0.0118478 0.00894817 0.00324998 0.0585653 0.0804363 0.0297295 2.07187e-06 0.040659 0.00590356 0.000329774 0.00257785 0.0199539 0.248156 0.230092 0.22601 1.78711e-05 0.0100149 0.0235058 
8.71545e-05 8.81057e-06 3.69979e-05 0.0494377 0.0619027 0.00261676 2.13663e-07 0.0313407 2.50979e-07 2.95477e-05 0.119797 0.0763794 0.643677 2.85539e-11 0.00766244 2.7287e-05 1.44971e-11 0.00699583 
1.07155e-07 0.00165681 0.00120907 0.0208458 0.0565611 0.0578964 3.81662e-05 0.0232944 0.00695033 1.77311e-07 0.000894595 0.0577056 0.714363 0.000294627 0.0567246 8.30467e-09 0.000267839 0.0012974 
0.0053242 0.0256867 0.000875785 0.0127195 0.111883 0.0898338 3.66321e-06 0.062925 0.00476025 0.00202883 1.97718e-05 0.0297775 0.509777 0.00962798 0.124902 0.00013643 0.0082667 0.00145166 
0.0352751 0.000707429 0.000898005 0.154488 0.0114219 0.000324872 9.6394e-06 0.0275294 0.00209013 0.00165294 0.000362363 0.0657764 0.62254 0.000160022 0.00608023 0.0261044 0.00856914 0.0360097 
4.33169e-05 0.00688047 0.000926058 0.000260129 0.0697636 0.0168779 1.21183e-07 0.109666 0.00391419 0.00119887 0.00318431 0.15085 0.582033 0.00259123 0.0126532 0.000104967 0.0065824 0.0324712 
0.00202973 0.00159443 0.00105743 0.147433 0.0692102 0.00480324 3.17612e-05 0.00586345 0.000172665 0.000683847 0.00033533 0.0175583 0.413151 0.00424529 0.0114545 2.40414e-05 0.0023786 0.317974 
0.0533845 0.000570558 0.000165944 0.0956129 0.167265 0.0165994 3.95898e-06 0.0125754 7.84364e-05 0.00160625 0.000292287 0.0273367 0.573604 0.000854259 0.0394198 1.61713e-05 0.00162058 0.00899433 
0.00035849 1.68595e-05 7.15467e-05 0.0362425 0.0120423 0.000440328 1.01843e-08 0.0691726 1.66855e-06 3.99792e-05 0.000323861 0.1404 0.540002 0.00743224 0.0668516 4.63871e-06 0.0327018 0.0938977 
0.0621812 0.000467024 0.000818486 0.0343718 0.00536712 0.00217297 2.37999e-05 0.00453671 0.0139849 0.0748291 0.00121216 0.162138 0.45285 0.000668308 0.0504792 0.0563673 0.04757 0.0299614 
0.0200603 0.00545172 6.25935e-06 0.00299079 0.0216625 0.280121 0.00106227 0.00948039 0.057589 0.000371159 0.00580674 0.135767 0.383671 0.00337167 0.034597 6.60132e-06 0.000112143 0.0378725 
0.00227249 0.00761234 0.00237037 0.0641563 0.092736 0.11576 0.000359426 0.0418925 9.79786e-05 0.00184381 0.00108077 0.200243 0.265001 0.00200329 0.039386 0.000140488 0.000953932 0.16209 
3.7725e-05 0.000828282 0.0381684 0.131836 0.0234015 0.0142099 6.13292e-06 0.0375229 0.00125964 0.000678256 0.000700044 0.0271074 0.38296 0.00100348 0.0149611 4.79737e-05 0.00034782 0.324924 
