0.000150833 1.03251e-08 0.00834787 0.000101129 0.90928 0.00306594 0.0759797 3.49023e-09 0.000241752 2.50895e-08 4.99326e-06 7.36525e-05 4.94078e-05 0.000141922 2.4151e-09 0.000206995 2.29084e-05 0.00233298 
1.13663e-06 1.84933e-10 2.43952e-10 5.73182e-11 0.0105507 0.986139 1.00184e-06 6.25134e-11 1.2993e-06 6.29578e-07 3.56844e-07 6.43474e-11 0.000490732 1.26265e-06 4.32567e-11 0.000988747 8.54638e-11 0.00182544 
0.0172694 4.03831e-05 1.03432e-07 1.85961e-05 0.00203603 0.0150243 2.57831e-05 0.000422449 0.00300174 1.87133e-06 1.18749e-05 0.140834 0.000188938 4.6257e-06 7.50501e-13 0.821059 9.79434e-08 6.12729e-05 
4.06715e-08 1.33331e-08 3.05426e-08 0.00140826 0.00047204 2.5441e-08 2.06604e-08 0.0248854 7.52403e-09 8.86268e-09 0.00134212 0.893076 0.0734081 5.10438e-06 3.49623e-14 1.06004e-06 1.34706e-09 0.00540217 
1.90895e-05 0.57211 1.68885e-09 0.123265 0.151714 7.80963e-05 4.07735e-09 0.112512 2.54801e-05 4.0757e-05 0.0104763 1.34535e-05 0.0297391 1.16534e-09 2.9946e-10 3.88473e-07 1.12474e-06 5.36649e-06 
9.08083e-06 0.00493156 0.00019641 4.35414e-05 0.00406341 0.00405907 6.95959e-05 0.0411206 0.000326062 8.93556e-06 0.000186916 0.000581101 0.0105977 0.933694 9.69575e-11 1.71401e-06 1.91562e-10 0.000110433 
1.72593e-07 0.000529752 0.00619413 0.00244459 0.00202479 0.00100109 1.5196e-05 0.86576 0.00160753 0.000277037 0.00221328 0.0542403 0.0567798 7.42294e-05 6.47296e-08 0.00390076 6.53647e-06 0.00293044 
1.90895e-05 0.57211 1.68885e-09 0.123265 0.151714 7.80963e-05 4.07735e-09 0.112512 2.54801e-05 4.0757e-05 0.0104763 1.34535e-05 0.0297391 1.16534e-09 2.9946e-10 3.88473e-07 1.12474e-06 5.36649e-06 
0.177611 8.33364e-10 1.09933e-09 0.037206 0.0183056 0.291309 9.0428e-05 0.00670763 0.00579409 6.72489e-06 0.0341943 0.183282 0.191684 0.000556013 1.94928e-10 5.03489e-05 7.42323e-07 0.0532037 
0.0201013 6.39717e-05 8.97394e-05 1.25133e-05 9.09845e-05 0.000957708 4.32926e-06 0.0164914 0.000928936 1.85974e-06 0.00346346 0.932603 0.00475576 6.4577e-06 5.84218e-10 0.0192712 2.64697e-06 0.00115436 
1.13663e-06 1.84933e-10 2.43952e-10 5.73182e-11 0.0105507 0.986139 1.00184e-06 6.25134e-11 1.2993e-06 6.29578e-07 3.56844e-07 6.43474e-11 0.000490732 1.26265e-06 4.32567e-11 0.000988747 8.54638e-11 0.00182544 
1.75505e-09 1.74216e-09 2.29815e-09 5.39965e-10 4.49719e-06 0.994666 5.54836e-09 5.88906e-10 4.07866e-09 4.23334e-09 2.79904e-09 6.06184e-10 3.34971e-07 1.58576e-09 4.07499e-10 0.00147973 8.0511e-10 0.0038491 
9.21136e-05 1.36452e-08 0.000162017 4.22922e-09 6.96006e-05 0.999267 4.34569e-08 0.000102403 3.22652e-06 3.31572e-08 0.000217062 4.74787e-09 1.54915e-05 1.24203e-08 3.19169e-09 8.26429e-09 6.30593e-09 7.09513e-05 
2.64692e-06 5.7627e-07 0.000115132 1.5641e-06 5.14363e-06 0.0225533 0.976774 1.94798e-07 5.92367e-06 1.4003e-06 9.25866e-07 0.000336028 2.1056e-06 2.46885e-06 1.34792e-07 4.74814e-06 5.90008e-07 0.000192887 
1.13663e-06 1.84933e-10 2.43952e-10 5.73182e-11 0.0105507 0.986139 1.00184e-06 6.25134e-11 1.2993e-06 6.29578e-07 3.56844e-07 6.43474e-11 0.000490732 1.26265e-06 4.32567e-11 0.000988747 8.54638e-11 0.00182544 
0.0122831 1.52177e-07 3.48595e-07 1.89991e-05 0.00711455 0.230874 0.00103701 0.000424142 0.00330163 0.000230353 0.00138011 0.0034687 0.00987916 0.00103567 1.14492e-12 0.721348 1.0937e-07 0.00760351 
3.00123e-08 0.000425192 3.92995e-08 9.23368e-09 0.992652 7.54236e-05 9.48798e-08 0.000187886 0.00663726 7.23923e-08 4.7865e-08 1.50728e-05 5.30913e-06 1.43437e-06 6.96843e-09 1.80435e-08 1.37678e-08 1.58054e-08 
0.103297 4.52917e-05 0.000189926 0.00838785 0.000472834 0.0305696 0.748144 0.000145185 2.32706e-06 0.000593387 4.12019e-07 0.000823883 0.00360477 0.00028743 5.99838e-08 0.00136137 4.52459e-05 0.102029 
0.00116296 0.0206693 6.29727e-07 0.000122741 0.000755773 0.904569 1.04142e-05 0.000321242 0.00134774 6.74844e-06 0.0674203 1.66103e-07 0.00333908 1.1649e-05 1.11661e-07 8.22697e-05 3.75513e-05 0.000142324 
1.56181e-09 6.20647e-06 1.10673e-06 0.365273 1.58058e-05 0.00518835 4.93744e-09 0.214313 3.62956e-09 3.76721e-09 1.21116e-05 0.134377 0.0138952 9.66827e-06 3.62629e-10 9.38962e-10 8.78984e-07 0.266908 
1.75505e-09 1.74216e-09 2.29815e-09 5.39965e-10 4.49719e-06 0.994666 5.54836e-09 5.88906e-10 4.07866e-09 4.23334e-09 2.79904e-09 6.06184e-10 3.34971e-07 1.58576e-09 4.07499e-10 0.00147973 8.0511e-10 0.0038491 
8.04134e-07 7.98225e-07 0.0107414 0.00279589 0.00397342 0.0243744 0.0122049 2.69826e-07 1.86877e-06 1.93964e-06 1.28247e-06 0.897689 0.00132442 0.024486 1.86709e-07 4.83447e-07 3.68887e-07 0.0224026 
3.14601e-09 0.00468215 1.10359e-07 9.99717e-06 0.00127601 0.000383663 9.94568e-09 0.987407 0.000159709 0.00574105 5.6984e-06 1.08661e-09 8.86617e-07 1.90883e-06 7.30458e-10 0.000329129 1.44319e-09 2.39438e-06 
6.24693e-08 7.53997e-05 8.18003e-08 1.92195e-08 2.89575e-06 4.38307e-08 1.97488e-07 2.09615e-08 1.45176e-07 0.999831 9.9629e-08 2.15765e-08 6.06776e-05 4.28954e-06 1.45045e-08 3.75567e-08 2.86571e-08 2.46274e-05 
0.000220687 9.35442e-06 3.45658e-05 0.0137768 0.00288544 0.0720288 0.000691692 3.24092e-05 8.97053e-05 3.68367e-05 5.42242e-06 0.00263573 0.00615026 5.0084e-05 2.15275e-06 2.60573e-06 4.48382e-06 0.901343 
7.24969e-08 7.19641e-08 9.49309e-08 2.23046e-08 0.000185768 0.999689 2.29189e-07 2.43262e-08 1.68479e-07 1.74869e-07 1.15621e-07 2.50399e-08 1.38368e-05 6.55039e-08 1.68328e-08 6.1063e-05 3.32571e-08 4.96709e-05 
0.0155391 4.64161e-08 6.12295e-08 5.72919e-05 7.45777e-05 0.980192 0.003182 1.56902e-08 0.000344876 1.12789e-07 0.000111417 1.61505e-08 2.62299e-05 4.22493e-08 1.0857e-08 0.000154859 2.14505e-08 0.000317138 
0.00598078 0.00353403 1.3339e-07 0.0037014 0.0138335 0.185003 5.22843e-06 0.069761 0.026482 0.000335768 0.00198572 0.329068 0.0176808 7.50389e-05 2.54666e-08 0.321577 3.16587e-05 0.0209442 
0.00171751 3.12626e-07 7.16143e-07 1.17088e-06 0.00250421 0.0270232 4.84432e-07 0.0166902 0.0027876 2.07807e-07 0.00413662 0.920407 0.0245791 9.09716e-05 8.19774e-13 2.48552e-05 3.47751e-05 8.70555e-07 
7.54381e-08 0.000252468 0.00117167 0.000885091 0.00373308 0.000246993 3.83265e-08 0.112551 1.396e-08 0.000313466 0.00117256 0.722094 0.153436 1.33718e-06 7.01952e-09 1.96613e-06 2.18499e-05 0.00411819 
9.0031e-08 2.99666e-05 0.000107606 0.000235321 6.18069e-05 0.999144 2.84621e-07 1.08183e-05 2.09228e-07 2.33173e-05 1.43586e-07 0.000278591 6.53548e-05 3.78485e-05 2.09039e-08 4.57795e-06 4.13007e-08 4.7413e-08 
9.2873e-06 0.00473009 0.000200957 4.45496e-05 0.00415785 0.00404232 6.66833e-05 0.0407684 0.000333608 9.13716e-06 0.000191228 0.000594596 0.0106476 0.934089 9.7062e-11 1.75252e-06 1.91769e-10 0.000112989 
5.62362e-10 5.58229e-10 7.36383e-10 1.73018e-10 3.43015e-10 0.692748 1.77783e-09 0.000272181 1.3069e-09 0.0339253 0.25923 1.75978e-05 0.0138074 5.08116e-10 1.30572e-10 3.38093e-10 2.57977e-10 2.96156e-10 
2.5907e-06 0.000829922 0.000347638 0.0076604 0.000945857 0.0635526 6.10885e-05 0.0170544 3.33416e-05 0.000496513 0.0400361 0.765925 0.0754475 1.23472e-05 1.27293e-06 0.0249087 5.0672e-05 0.00263385 
1.14273e-09 1.13433e-09 1.49635e-09 1.96886e-05 0.0032384 8.01781e-10 3.61259e-09 0.00010376 2.65565e-09 2.75637e-09 1.6222e-05 1.95376e-05 0.996583 1.0325e-09 2.65326e-10 6.87013e-10 6.29582e-07 1.90776e-05 
0.0010411 0.00125482 4.86706e-07 1.14355e-07 6.82407e-05 0.0151 1.17504e-06 1.2472e-07 0.00190119 8.96544e-07 5.92786e-07 1.28379e-07 0.979254 3.35835e-07 8.63007e-08 2.2346e-07 0.000358236 0.00101805 
1.60605e-06 8.38636e-10 3.32989e-07 1.87174e-06 0.00436715 0.992985 3.2077e-06 2.83486e-10 0.00260089 3.67015e-06 1.3474e-09 2.17105e-05 1.78691e-06 1.52747e-06 1.96161e-10 5.38449e-06 1.86069e-06 3.64879e-06 
0.00217849 7.83451e-11 1.03348e-10 1.55431e-07 4.81408e-11 0.949239 0.0483554 2.64832e-11 9.35616e-07 1.90374e-10 3.02222e-07 4.09175e-08 7.11594e-08 7.1312e-11 1.83253e-11 0.000216144 3.6206e-11 9.65957e-06 
0.000237591 0.489435 7.29814e-05 1.19077e-07 2.36075e-07 0.100163 0.337329 0.00570758 0.000902529 0.0658459 1.20855e-06 0.000165874 4.43145e-05 3.49704e-07 8.98646e-08 8.57974e-05 1.77549e-07 9.18515e-06 
8.2422e-06 2.70199e-06 6.18954e-06 1.01198e-05 3.13629e-06 0.157254 4.18689e-06 0.114561 0.0271424 1.79605e-06 0.0972916 8.63722e-05 0.436038 4.13602e-07 7.0852e-12 0.000214821 0.167367 7.5241e-06 
5.03325e-10 7.54485e-06 6.59077e-10 0.0276573 2.45635e-06 0.0703864 1.11543e-06 1.24811e-05 3.15937e-06 1.21406e-09 0.901926 1.73845e-10 1.09075e-06 4.54774e-10 1.16865e-10 3.026e-10 2.30894e-10 2.38586e-06 
3.72888e-05 2.45493e-05 3.79723e-06 5.31989e-05 0.0764022 0.0942506 6.10765e-09 0.200442 4.4898e-09 0.000136079 3.08119e-09 5.33898e-06 0.628566 1.74561e-09 4.48575e-10 1.1615e-09 8.86267e-10 7.88519e-05 
1.13663e-06 1.84933e-10 2.43952e-10 5.73182e-11 0.0105507 0.986139 1.00184e-06 6.25134e-11 1.2993e-06 6.29578e-07 3.56844e-07 6.43474e-11 0.000490732 1.26265e-06 4.32567e-11 0.000988747 8.54638e-11 0.00182544 
0.000101962 2.97596e-08 0.0014447 0.000226913 0.0006565 0.99411 0.000265472 1.01603e-06 0.000153348 0.000159164 4.78134e-08 0.000157404 0.000364321 2.70881e-08 6.96092e-09 2.88565e-05 1.37529e-08 0.00233037 
1.14409e-08 0.943375 2.78149e-05 3.51993e-09 9.98451e-06 9.71424e-05 3.61687e-08 0.0564765 2.6588e-08 2.75963e-08 1.82464e-08 3.95159e-09 9.35366e-06 3.155e-06 2.6564e-09 6.87827e-09 5.24835e-09 4.60393e-07 
0.00340912 2.1971e-05 0.000114237 0.00647606 0.00233138 0.000143633 9.78514e-09 0.124405 1.50793e-05 3.12336e-05 0.0026874 0.78057 0.0704834 3.03379e-05 9.34937e-10 0.00479653 2.48955e-05 0.00445957 
7.61594e-07 7.55998e-07 9.97268e-07 2.52451e-05 4.64538e-07 0.66894 2.40768e-06 2.55552e-07 0.3162 1.83703e-06 0.000399269 2.6305e-07 0.000140749 6.88131e-07 1.76831e-07 4.57872e-07 3.49372e-07 0.0142856 
9.24524e-06 0.00477113 0.000200031 4.43442e-05 0.00413861 0.00404573 6.72766e-05 0.0408402 0.000332071 9.0961e-06 0.000190349 0.000591847 0.0106375 0.934008 9.70407e-11 1.74467e-06 1.91727e-10 0.000112468 
0.00479277 2.5799e-08 5.90987e-08 0.0102424 0.00195549 0.000369255 3.9977e-08 0.0363675 0.000384365 1.71489e-08 1.89544e-07 0.805399 0.131666 3.94914e-09 1.12983e-09 2.05114e-06 6.2582e-06 0.008815 
0.0216092 0.0134798 0.00206084 0.000469131 0.00807187 0.00237015 8.70069e-05 0.0662206 0.0116683 0.00204555 0.578957 0.2783 0.00349507 0.000161291 8.49492e-08 0.0109038 3.67541e-06 9.68742e-05 
0.000123674 9.67105e-07 1.27575e-06 2.99745e-07 0.000209081 0.938141 3.08001e-06 3.26913e-07 0.00611304 0.0472846 8.54198e-05 4.22117e-05 0.00719897 3.91547e-05 2.26211e-07 2.16621e-05 4.46932e-07 0.00073475 
1.16183e-05 2.56479e-06 5.91127e-09 0.00116765 8.39335e-06 0.998356 0.000142751 1.51478e-09 1.54766e-05 1.08889e-08 5.00195e-06 1.55922e-09 9.94506e-05 8.54914e-06 1.04816e-09 0.000102197 2.07089e-09 8.03188e-05 
0.0123336 1.58443e-08 2.78159e-05 4.00713e-05 0.000543307 0.0202627 6.3115e-06 0.00432958 0.175614 0.000571636 3.19161e-06 0.366102 0.00526741 0.000172823 3.70606e-09 0.412766 5.10294e-08 0.00196 
0.000101962 2.97596e-08 0.0014447 0.000226913 0.0006565 0.99411 0.000265472 1.01603e-06 0.000153348 0.000159164 4.78134e-08 0.000157404 0.000364321 2.70881e-08 6.96092e-09 2.88565e-05 1.37529e-08 0.00233037 
0.00124396 0.000832298 5.20707e-05 8.68622e-09 4.52228e-06 0.898022 8.92544e-08 0.0911518 3.64903e-05 0.00661823 3.24627e-05 4.20702e-05 0.0019273 6.09228e-06 6.55527e-09 3.53995e-06 2.65828e-05 1.48683e-08 
3.00867e-06 0.0122479 3.93969e-06 9.25657e-07 1.83515e-06 0.0114014 9.5115e-06 1.00956e-06 0.0153894 0.9536 4.79837e-06 0.00727527 5.26777e-05 2.71845e-06 6.9857e-07 1.80882e-06 1.38019e-06 1.58445e-06 
1.64484e-08 0.307886 2.15383e-08 0.333161 1.00328e-08 0.0323637 4.16513e-05 0.00062699 3.82252e-08 7.93895e-05 0.000695192 0.000135217 0.298147 1.48618e-08 3.81908e-09 9.88879e-09 6.7985e-06 0.026858 
0.00138876 0.00113871 4.81659e-05 0.158636 0.0896715 0.0483727 2.10344e-06 0.233518 4.42373e-05 1.3012e-06 0.00012892 0.0778507 0.35455 0.0101786 1.07627e-06 0.00015735 0.000206976 0.0241047 
3.30222e-07 0.000889621 5.12639e-06 0.00607427 0.0136366 0.000663975 1.67899e-07 0.960091 0.00253825 0.000169072 0.000688971 0.00415808 0.00520182 8.71367e-05 2.11166e-09 0.00546338 1.09615e-08 0.000332262 
4.60289e-08 4.56907e-08 6.02725e-08 1.41614e-08 0.259599 0.740321 1.45514e-07 1.5445e-08 1.06969e-07 1.11026e-07 7.34091e-08 1.58981e-08 8.78513e-06 4.1589e-08 1.06873e-08 3.87695e-05 2.11152e-08 3.15365e-05 
3.3832e-07 3.35834e-07 4.43012e-07 1.04089e-07 2.0636e-07 0.000356302 1.06955e-06 0.000204455 0.00141602 8.16058e-07 0.997884 1.16854e-07 0.000134951 3.05686e-07 7.85531e-08 2.03399e-07 1.552e-07 1.78169e-07 
0.0311026 1.73757e-09 8.25385e-06 8.6221e-07 1.37743e-05 0.858745 5.53377e-09 9.33956e-06 0.0376127 5.53153e-05 2.79168e-09 0.0724369 1.39283e-05 1.58159e-09 4.06427e-10 1.05237e-09 1.68709e-06 9.21833e-10 
0.000282538 0.000360046 0.000286641 0.0475705 0.00466039 0.0012558 1.4266e-05 0.138366 4.94993e-05 4.81134e-05 0.00121675 0.539555 0.236588 8.84439e-05 5.71932e-09 0.00721766 0.000458689 0.0219818 
1.75505e-09 1.74216e-09 2.29815e-09 5.39965e-10 4.49719e-06 0.994666 5.54836e-09 5.88906e-10 4.07866e-09 4.23334e-09 2.79904e-09 6.06184e-10 3.34971e-07 1.58576e-09 4.07499e-10 0.00147973 8.0511e-10 0.0038491 
1.13663e-06 1.84933e-10 2.43952e-10 5.73182e-11 0.0105507 0.986139 1.00184e-06 6.25134e-11 1.2993e-06 6.29578e-07 3.56844e-07 6.43474e-11 0.000490732 1.26265e-06 4.32567e-11 0.000988747 8.54638e-11 0.00182544 
4.24077e-07 0.00012665 0.0053902 0.00918095 0.00186796 0.0001595 2.15519e-07 0.1816 7.85293e-08 0.00015737 0.000587503 0.650967 0.145776 6.97093e-07 6.38974e-08 1.1052e-05 1.09985e-05 0.00416324 
1.98914e-05 0.0654864 2.20398e-06 0.0429095 0.0611769 0.00914038 6.7429e-06 0.719592 2.93374e-06 3.4996e-10 2.33705e-08 3.66116e-05 0.101624 1.96767e-07 3.36869e-11 1.52655e-06 4.00004e-08 7.64066e-11 
1.72593e-07 0.000529752 0.00619413 0.00244459 0.00202479 0.00100109 1.5196e-05 0.86576 0.00160753 0.000277037 0.00221328 0.0542403 0.0567798 7.42294e-05 6.47296e-08 0.00390076 6.53647e-06 0.00293044 
0.00463539 8.73491e-05 9.00239e-05 0.0105176 0.000255805 0.0785162 2.85677e-05 0.00563438 0.021165 0.000434365 0.000974486 0.077468 0.000430757 8.40539e-05 1.6887e-07 0.799628 1.13078e-05 3.85306e-05 
0.0123336 1.58443e-08 2.78159e-05 4.00713e-05 0.000543307 0.0202627 6.3115e-06 0.00432958 0.175614 0.000571636 3.19161e-06 0.366102 0.00526741 0.000172823 3.70606e-09 0.412766 5.10294e-08 0.00196 
1.13663e-06 1.84933e-10 2.43952e-10 5.73182e-11 0.0105507 0.986139 1.00184e-06 6.25134e-11 1.2993e-06 6.29578e-07 3.56844e-07 6.43474e-11 0.000490732 1.26265e-06 4.32567e-11 0.000988747 8.54638e-11 0.00182544 
0.00215383 2.33288e-06 2.00437e-06 0.00342785 3.3054e-06 0.0666269 5.91677e-05 0.0075065 9.92024e-09 0.000451512 0.82083 0.093823 0.00448319 1.09269e-06 9.91131e-10 2.96818e-06 1.95821e-09 0.000625786 
1.13663e-06 1.84933e-10 2.43952e-10 5.73182e-11 0.0105507 0.986139 1.00184e-06 6.25134e-11 1.2993e-06 6.29578e-07 3.56844e-07 6.43474e-11 0.000490732 1.26265e-06 4.32567e-11 0.000988747 8.54638e-11 0.00182544 
0.0208615 0.00376653 2.25742e-06 0.0524567 0.00399687 1.20958e-06 5.45003e-06 0.0454682 4.00637e-06 4.15831e-06 0.0393197 5.9544e-07 0.80896 1.55766e-06 4.00276e-07 1.03644e-06 7.90841e-07 0.0251492 
0.0419797 3.88237e-10 0.00603306 0.0301836 0.00281737 5.39891e-06 9.52039e-07 0.819727 1.19494e-06 0.000288066 6.23763e-10 0.0988028 1.29421e-06 0.000152287 9.08105e-11 2.26043e-06 1.84138e-07 4.59345e-06 
0.000251389 2.59319e-07 0.000556604 0.000169756 0.00898402 0.000342952 8.25872e-07 0.000228101 6.07107e-07 6.30132e-07 6.81671e-05 0.97184 9.73559e-05 0.000153769 6.0656e-08 1.57058e-07 1.1984e-07 0.0173051 
0.0361665 2.34023e-05 1.23763e-06 0.00868538 0.00749718 0.598422 7.03164e-09 1.36692e-05 7.44894e-06 0.0329322 0.113563 0.0312212 7.35607e-06 2.00969e-09 5.16438e-10 0.00264168 1.02034e-09 0.168818 
0.00926007 0.00305815 0.00530985 0.036966 0.00577785 0.00825668 0.00148649 0.142056 0.000736693 0.000836023 0.0139806 0.281035 0.0724856 0.00051431 3.42957e-08 0.401517 0.00066873 0.0160551 
6.13061e-08 4.515e-05 0.000244422 0.00031729 0.00594186 0.925668 0.000277798 2.05712e-08 1.42472e-07 5.0365e-05 4.69797e-05 0.0069024 0.000661563 0.000557097 1.42344e-08 3.68574e-08 2.81234e-08 0.0592869 
1.42335e-10 7.06584e-07 1.8638e-10 4.37911e-11 1.73723e-07 3.2966e-07 4.49971e-10 0.108023 3.30778e-10 1.20198e-06 0.00392451 0.00470867 0.883341 1.28605e-10 3.30481e-11 8.55719e-11 6.52943e-11 7.49576e-11 
6.24693e-08 7.53997e-05 8.18003e-08 1.92195e-08 2.89575e-06 4.38307e-08 1.97488e-07 2.09615e-08 1.45176e-07 0.999831 9.9629e-08 2.15765e-08 6.06776e-05 4.28954e-06 1.45045e-08 3.75567e-08 2.86571e-08 2.46274e-05 
0.000253284 6.28541e-09 1.82492e-05 1.94811e-09 3.82397e-05 0.995304 2.00176e-08 0.000454683 8.8438e-06 0.00024286 7.07905e-06 0.00303754 0.000375071 5.72117e-09 1.47019e-09 3.80678e-09 2.9047e-09 0.000260102 
1.75505e-09 1.74216e-09 2.29815e-09 5.39965e-10 4.49719e-06 0.994666 5.54836e-09 5.88906e-10 4.07866e-09 4.23334e-09 2.79904e-09 6.06184e-10 3.34971e-07 1.58576e-09 4.07499e-10 0.00147973 8.0511e-10 0.0038491 
0.00107853 0.000353567 0.000809929 0.00132422 0.000410398 0.405462 0.000547873 0.0055501 0.0201518 0.000235021 0.522127 0.0113022 0.00146298 5.41217e-05 9.27131e-10 0.0281102 3.57213e-05 0.000984563 
0.00340487 3.30084e-07 2.65473e-07 4.5581e-06 0.000465004 0.00719586 4.39003e-10 0.00134007 0.285178 2.61929e-06 0.00976119 0.64886 0.0429225 1.50766e-07 3.22425e-11 0.000863247 4.84699e-08 1.31473e-06 
3.28567e-09 3.26152e-09 4.30241e-09 1.01088e-09 4.47788e-06 0.998214 1.03872e-08 1.1025e-09 7.63573e-09 7.92532e-09 5.24014e-09 1.13485e-09 3.3373e-07 2.96873e-09 7.62886e-10 0.000495149 1.50726e-09 0.00128642 
4.16521e-05 0.000743228 7.78049e-08 0.000186482 0.000717637 0.996387 1.87842e-07 0.000159521 1.38085e-07 0.000215126 9.47628e-08 0.000164201 0.000612878 5.36867e-08 1.3796e-08 7.50526e-05 2.72846e-05 0.000669666 
4.15193e-06 4.68535e-09 6.18064e-09 3.63365e-05 0.00319223 0.739721 0.240358 3.17315e-05 0.000428728 2.30726e-06 1.30867e-06 6.25198e-05 4.15837e-05 0.000748865 1.09593e-09 0.00075519 2.16526e-09 0.0146158 
0.00278338 0.000746936 0.0117921 0.0285322 0.00282428 0.00106203 1.28563e-05 0.206919 1.16757e-08 2.20186e-05 1.5201e-07 0.311315 0.214978 2.43899e-05 8.59933e-09 1.64496e-06 4.30633e-05 0.218943 
1.22389e-09 0.183731 0.0054212 0.00728629 7.46515e-10 4.25322e-06 3.86915e-09 0.367964 2.84425e-09 2.95212e-09 0.426818 3.29962e-06 0.00296729 1.10583e-09 2.84169e-10 7.35803e-10 5.61443e-10 0.00580414 
0.00338803 0.000346064 0.000483202 1.23847e-05 0.000510079 0.00558853 1.70232e-08 0.0645825 0.00444377 7.30241e-09 0.00842645 0.795059 0.00287745 2.65715e-05 2.88072e-14 0.114245 1.11002e-05 3.05917e-08 
3.30222e-07 0.000889621 5.12639e-06 0.00607427 0.0136366 0.000663975 1.67899e-07 0.960091 0.00253825 0.000169072 0.000688971 0.00415808 0.00520182 8.71367e-05 2.11166e-09 0.00546338 1.09615e-08 0.000332262 
1.45364e-06 0.00332025 1.90347e-06 4.47232e-07 0.000178218 0.968419 0.0124124 4.87767e-07 3.37819e-06 3.50631e-06 2.31833e-06 0.0064773 0.000907425 1.31342e-06 3.37515e-07 8.73932e-07 6.6684e-07 0.00826849 
0.000799584 8.91707e-08 1.17629e-07 0.000176908 5.47928e-08 0.00506755 0.992455 3.01426e-08 0.0010649 2.1668e-07 0.000343983 3.1027e-08 8.09922e-05 8.11658e-08 2.08575e-08 5.45466e-06 4.12088e-08 4.77807e-06 
1.72593e-07 0.000529752 0.00619413 0.00244459 0.00202479 0.00100109 1.5196e-05 0.86576 0.00160753 0.000277037 0.00221328 0.0542403 0.0567798 7.42294e-05 6.47296e-08 0.00390076 6.53647e-06 0.00293044 
2.36209e-06 2.34474e-06 3.09304e-06 2.06238e-05 6.71853e-05 0.983719 7.46744e-06 7.92598e-07 0.0148345 5.69758e-06 0.00113832 8.15852e-07 0.000190996 2.13425e-06 5.48445e-07 1.4201e-06 1.08358e-06 1.24395e-06 
7.54381e-08 0.000252468 0.00117167 0.000885091 0.00373308 0.000246993 3.83265e-08 0.112551 1.396e-08 0.000313466 0.00117256 0.722094 0.153436 1.33718e-06 7.01952e-09 1.96613e-06 2.18499e-05 0.00411819 
0.191696 2.57183e-10 0.0262782 0.0693737 1.58032e-10 1.81785e-10 8.19069e-10 0.670192 6.02106e-10 0.00105778 4.21512e-06 0.0413692 2.88165e-05 2.34096e-10 6.01564e-11 1.55764e-10 1.18853e-10 1.36443e-10 
5.84226e-06 3.73309e-06 1.72531e-06 6.33082e-10 0.000449174 0.95524 2.93412e-05 6.90463e-10 0.000155051 4.96338e-09 5.71476e-06 7.1072e-10 1.78239e-06 1.85923e-09 4.77772e-10 1.01811e-06 9.43951e-10 0.0441068 
2.95393e-05 4.13133e-07 0.725213 1.96549e-05 0.03195 0.0325845 0.0146727 1.39653e-07 0.0109164 1.00389e-06 0.000330974 0.00258076 9.61222e-06 2.77788e-05 9.66338e-08 4.02189e-05 4.61351e-06 0.181618 
8.68565e-10 7.90919e-14 1.04333e-13 5.14814e-10 3.45106e-10 1.23571e-05 0.999977 2.67357e-14 1.9074e-09 1.92189e-13 1.28344e-11 4.12828e-10 1.46424e-10 7.19918e-14 1.85e-14 1.46107e-09 1.20655e-10 1.10626e-05 
4.7596e-05 1.56031e-05 3.57425e-05 5.84383e-05 1.81111e-05 2.97724e-05 2.41779e-05 0.000244928 8.80501e-06 1.03716e-05 0.000114635 0.998039 6.45619e-05 2.38842e-06 4.09147e-11 0.00124052 1.5764e-06 4.34492e-05 
1.13663e-06 1.84933e-10 2.43952e-10 5.73182e-11 0.0105507 0.986139 1.00184e-06 6.25134e-11 1.2993e-06 6.29578e-07 3.56844e-07 6.43474e-11 0.000490732 1.26265e-06 4.32567e-11 0.000988747 8.54638e-11 0.00182544 
3.85546e-10 3.82712e-10 2.01895e-07 0.0605337 0.0320262 0.418261 0.316729 0.00031712 4.1199e-05 9.2997e-10 6.14886e-10 0.159325 1.68872e-05 0.000304564 8.95183e-11 2.31791e-10 1.76865e-10 0.0124454 
1.17036e-06 6.13926e-05 1.53253e-06 1.59167e-05 0.0043386 0.994602 3.69994e-06 3.92713e-07 2.71986e-06 2.82301e-06 1.86655e-06 4.04235e-07 1.47571e-05 0.000202079 2.71741e-07 0.000737243 5.36889e-07 1.23645e-05 
0.000101962 2.97596e-08 0.0014447 0.000226913 0.0006565 0.99411 0.000265472 1.01603e-06 0.000153348 0.000159164 4.78134e-08 0.000157404 0.000364321 2.70881e-08 6.96092e-09 2.88565e-05 1.37529e-08 0.00233037 
0.000782 0.0012354 0.0642323 0.000347828 0.0021894 0.71603 0.00104855 0.00145783 0.000504745 0.000173209 0.000682315 0.092337 0.00758386 6.27169e-05 4.07354e-06 0.0999944 9.38308e-06 0.0113245 
1.85129e-06 2.6249e-10 1.45464e-06 0.213722 0.0450062 8.1654e-07 8.35969e-10 0.143698 6.14529e-10 6.37835e-10 0.012488 0.0474101 0.537672 2.38926e-10 6.13976e-11 1.58978e-10 1.21305e-10 1.39258e-10 
0.00650305 5.08148e-06 8.27482e-10 0.0371353 0.138541 0.263102 0.337603 2.72116e-06 0.195403 5.64115e-06 6.14859e-06 0.0116262 0.0090453 0.000397574 1.46726e-10 0.000525836 4.30112e-07 9.71629e-05 
1.31461e-06 0.00189979 1.72142e-06 0.000470279 8.01856e-07 0.996864 4.15597e-06 4.41117e-07 3.0551e-06 3.17096e-06 2.09661e-06 0.000120559 0.000572895 1.18781e-06 3.05235e-07 5.30551e-05 6.03064e-07 6.92315e-07 
6.78438e-08 8.91623e-06 2.63956e-05 0.00435336 0.0017542 2.10922e-05 3.44677e-08 0.0703598 2.3545e-06 3.35132e-06 0.00184392 0.370747 0.519598 2.31026e-06 4.895e-09 1.76821e-06 0.000152582 0.0311258 
3.1196e-08 3.09667e-08 4.08495e-08 9.59785e-09 0.000146536 0.999719 9.86218e-08 1.04678e-08 7.24979e-08 7.52474e-08 5.9753e-05 4.31102e-05 1.35252e-05 2.81868e-08 7.24326e-09 1.87551e-08 1.43108e-08 1.8088e-05 
2.77323e-06 0.0161609 0.0742816 0.0167182 0.000456086 0.000160669 1.58889e-05 0.697495 2.04661e-07 1.09595e-05 0.000343717 0.100075 0.0193569 0.000353412 3.9284e-10 0.0552236 7.81369e-06 0.0193378 
0.000376219 0.000123334 0.000282525 0.000461922 0.000143158 0.000235334 0.000191112 0.00193602 6.95986e-05 8.19814e-05 0.000906125 0.0039425 0.000510325 1.88791e-05 3.23408e-10 0.990365 1.24605e-05 0.000343441 
3.43248e-08 3.40726e-08 4.49466e-08 2.80797e-05 2.09366e-08 0.999959 1.08513e-07 1.04116e-06 7.97692e-08 8.27945e-08 5.47429e-08 1.18556e-08 1.12086e-05 3.10139e-08 7.96974e-09 2.06362e-08 1.57461e-08 1.80765e-08 
0.000510442 4.07801e-05 1.3486e-06 0.000232135 0.874446 0.0642516 0.000145703 3.45581e-07 2.39343e-06 2.48421e-06 1.64253e-06 0.000587638 5.91951e-05 9.30555e-07 2.39128e-07 6.19178e-07 4.72454e-07 0.059716 
3.30222e-07 0.000889621 5.12639e-06 0.00607427 0.0136366 0.000663975 1.67899e-07 0.960091 0.00253825 0.000169072 0.000688971 0.00415808 0.00520182 8.71367e-05 2.11166e-09 0.00546338 1.09615e-08 0.000332262 
0.000397279 8.63136e-05 0.000271107 0.00153856 0.000218388 0.000210516 7.88493e-05 0.0743427 2.87154e-05 0.000135022 0.00124446 0.905792 0.00938672 2.7376e-05 7.07804e-06 0.00524077 1.71898e-05 0.000977274 
6.56229e-06 6.51407e-06 8.59298e-06 0.00188813 4.0027e-06 4.60434e-06 2.07458e-05 0.00168182 1.52504e-05 1.58288e-05 1.04659e-05 0.995431 0.000888368 5.9293e-06 1.52367e-06 3.94527e-06 3.01037e-06 3.4559e-06 
7.59356e-05 5.74165e-07 0.00417169 5.07045e-05 0.000175018 0.954224 0.0379645 1.94087e-07 0.000122121 0.0017997 9.22484e-07 3.69978e-05 2.47855e-05 7.14282e-05 1.343e-07 0.000103768 1.1709e-05 0.00116596 
0.0233816 5.96011e-05 0.00750548 0.00045386 0.0178202 0.0237643 0.0204349 0.0677912 0.00973279 1.90131e-06 0.00154026 0.657274 0.047993 0.000194671 1.49355e-06 0.121855 4.9656e-05 0.000146211 
1.75505e-09 1.74216e-09 2.29815e-09 5.39965e-10 4.49719e-06 0.994666 5.54836e-09 5.88906e-10 4.07866e-09 4.23334e-09 2.79904e-09 6.06184e-10 3.34971e-07 1.58576e-09 4.07499e-10 0.00147973 8.0511e-10 0.0038491 
4.88486e-07 0.00129727 3.66832e-07 0.0182934 0.00117121 0.00180311 2.48142e-07 0.070136 9.03675e-08 1.06445e-07 1.17652e-06 0.709495 0.0245835 5.39527e-05 4.62327e-10 0.173163 1.61789e-08 4.45927e-07 
0.0618399 0.00404001 5.58269e-05 0.134796 0.0915029 0.0120954 0.11844 0.145755 0.0233788 0.000208885 0.000975985 0.319416 0.0343767 0.0169441 3.65278e-05 0.028019 6.52037e-05 0.00805343 
4.16521e-05 0.000743228 7.78049e-08 0.000186482 0.000717637 0.996387 1.87842e-07 0.000159521 1.38085e-07 0.000215126 9.47628e-08 0.000164201 0.000612878 5.36867e-08 1.3796e-08 7.50526e-05 2.72846e-05 0.000669666 
5.62362e-10 5.58229e-10 7.36383e-10 1.73018e-10 3.43015e-10 0.692748 1.77783e-09 0.000272181 1.3069e-09 0.0339253 0.25923 1.75978e-05 0.0138074 5.08116e-10 1.30572e-10 3.38093e-10 2.57977e-10 2.96156e-10 
3.14601e-09 0.00468215 1.10359e-07 9.99717e-06 0.00127601 0.000383663 9.94568e-09 0.987407 0.000159709 0.00574105 5.6984e-06 1.08661e-09 8.86617e-07 1.90883e-06 7.30458e-10 0.000329129 1.44319e-09 2.39438e-06 
0.000171984 1.05083e-07 0.226383 2.71014e-05 6.45705e-08 0.191408 0.0578872 3.55215e-08 0.000141854 4.70212e-05 1.68832e-07 2.9065e-06 0.0333269 9.56497e-08 2.45794e-08 6.36439e-08 4.85625e-08 0.490604 
3.16336e-09 2.51523e-06 4.14225e-09 9.7325e-10 1.92951e-09 0.99999 1.00005e-08 1.06146e-09 7.3515e-09 7.6303e-09 5.04508e-09 3.49742e-06 1.81019e-06 2.85822e-09 7.34488e-10 1.90372e-06 1.45115e-09 1.66592e-09 
4.89065e-06 4.85471e-06 6.40404e-06 1.50467e-06 2.98308e-06 3.43145e-06 1.54611e-05 0.00984795 1.13656e-05 1.17967e-05 0.0553865 1.6892e-06 0.907748 0.00840031 1.13554e-06 2.94027e-06 2.24353e-06 0.0185466 
0.000465892 2.82164e-06 3.72214e-06 0.000177688 0.000390851 1.05978e-05 8.98627e-06 0.00211271 4.11013e-05 6.85643e-06 0.00159463 0.15925 0.832825 3.14325e-05 6.59995e-07 1.68408e-05 2.14356e-05 0.00303887 
1.29104e-08 0.000142265 1.69055e-08 1.19559e-06 4.25316e-05 1.08791e-05 4.08145e-08 0.835008 0.000105041 3.1141e-08 8.03221e-05 4.86093e-05 0.164545 1.16651e-08 2.99761e-09 6.21717e-06 9.48192e-06 6.799e-09 
4.16521e-05 0.000743228 7.78049e-08 0.000186482 0.000717637 0.996387 1.87842e-07 0.000159521 1.38085e-07 0.000215126 9.47628e-08 0.000164201 0.000612878 5.36867e-08 1.3796e-08 7.50526e-05 2.72846e-05 0.000669666 
6.99431e-06 8.72218e-09 1.15058e-08 2.70336e-09 0.00355108 0.995284 6.18228e-06 2.94838e-09 8.00437e-06 3.88835e-06 2.20565e-06 3.03489e-09 0.000167627 7.76823e-06 2.04016e-09 0.000340122 4.03082e-09 0.000621871 
1.72593e-07 0.000529752 0.00619413 0.00244459 0.00202479 0.00100109 1.5196e-05 0.86576 0.00160753 0.000277037 0.00221328 0.0542403 0.0567798 7.42294e-05 6.47296e-08 0.00390076 6.53647e-06 0.00293044 
5.58516e-08 5.54412e-08 0.998538 0.000362589 5.11345e-05 0.000109764 1.76567e-07 0.000539758 1.31095e-05 1.34719e-07 8.90748e-08 0.000372331 9.77886e-07 5.04642e-08 1.2968e-08 3.35781e-08 2.56213e-08 1.17946e-05 
0.00905396 0.0297463 1.26702e-07 2.97694e-08 0.0101594 0.845821 3.05893e-07 0.0250487 2.24865e-07 2.33393e-07 1.54317e-07 0.00540142 0.0226316 0.041052 2.24662e-08 5.81722e-08 4.43874e-08 0.011084 
0.00926007 0.00305815 0.00530985 0.036966 0.00577785 0.00825668 0.00148649 0.142056 0.000736693 0.000836023 0.0139806 0.281035 0.0724856 0.00051431 3.42957e-08 0.401517 0.00066873 0.0160551 
0.00254268 4.75955e-08 1.09026e-07 0.00387415 0.0067424 0.000774207 0.000129589 0.0725847 1.51319e-05 3.16422e-08 0.00150666 0.853064 0.048243 8.83297e-06 1.08707e-08 0.00360523 0.000167559 0.00674178 
2.72625e-10 0.013839 3.56988e-10 8.55625e-07 0.00878249 0.469481 8.61867e-10 0.447933 8.1103e-06 4.34081e-06 8.04415e-06 0.0599355 5.63347e-06 2.46328e-10 6.32997e-11 1.21305e-06 7.25493e-07 1.43572e-10 
1.75505e-09 1.74216e-09 2.29815e-09 5.39965e-10 4.49719e-06 0.994666 5.54836e-09 5.88906e-10 4.07866e-09 4.23334e-09 2.79904e-09 6.06184e-10 3.34971e-07 1.58576e-09 4.07499e-10 0.00147973 8.0511e-10 0.0038491 
1.42335e-10 7.06584e-07 1.8638e-10 4.37911e-11 1.73723e-07 3.2966e-07 4.49971e-10 0.108023 3.30778e-10 1.20198e-06 0.00392451 0.00470867 0.883341 1.28605e-10 3.30481e-11 8.55719e-11 6.52943e-11 7.49576e-11 
0.00926007 0.00305815 0.00530985 0.036966 0.00577785 0.00825668 0.00148649 0.142056 0.000736693 0.000836023 0.0139806 0.281035 0.0724856 0.00051431 3.42957e-08 0.401517 0.00066873 0.0160551 
0.0206753 0.000526408 0.00682692 0.730523 0.00396905 0.000805177 0.000604014 0.0883192 0.000207466 0.000487532 0.00455586 0.0587676 0.0254549 0.000307471 0.000202595 0.0489587 0.00282452 0.00598468 
2.05779e-06 6.74591e-07 1.54531e-06 2.52655e-06 0.00368099 0.003348 1.04532e-06 0.0635468 3.8068e-07 4.4841e-07 4.95619e-06 0.899244 0.0242871 1.03262e-07 5.30855e-09 5.36332e-05 6.81547e-08 0.00582523 
1.02817e-05 8.21949e-09 1.08427e-08 0.000225598 0.00131093 0.90923 0.000432446 0.00356304 0.000910323 1.99729e-08 6.04966e-06 0.0839008 4.88864e-05 7.48162e-09 1.92258e-09 4.97816e-09 8.93337e-06 0.000352938 
5.24294e-05 3.41271e-05 0.0136657 0.00547187 0.00131734 0.0411785 0.615711 0.012247 0.000719698 1.83618e-06 1.60693e-06 4.00333e-05 0.0002216 6.03855e-05 1.98483e-07 0.000238295 6.76938e-06 0.309032 
1.24882e-08 1.23964e-08 0.00803562 3.84214e-09 7.61721e-09 8.76213e-09 3.94796e-08 4.19038e-09 2.90218e-08 3.01225e-08 1.99167e-08 4.31333e-09 0.991508 0.000455866 2.89957e-09 7.50791e-09 5.72879e-09 6.57663e-09 
0.000243463 5.97995e-12 7.8884e-12 4.44629e-06 1.28163e-08 1.3004e-06 1.90447e-11 2.02142e-12 2.88008e-08 0.999524 6.34314e-05 3.55913e-05 8.88255e-05 2.92421e-10 1.39874e-12 4.73295e-06 1.56529e-06 3.22309e-05 
1.65448e-06 7.21484e-09 0.0526079 0.00127994 3.8224e-06 0.268904 0.165794 8.19395e-06 0.510363 1.75317e-08 0.00100608 8.0687e-07 5.40849e-07 1.55648e-06 1.68759e-09 2.26501e-06 2.53477e-07 2.54836e-05 
0.0122831 1.52177e-07 3.48595e-07 1.89991e-05 0.00711455 0.230874 0.00103701 0.000424142 0.00330163 0.000230353 0.00138011 0.0034687 0.00987916 0.00103567 1.14492e-12 0.721348 1.0937e-07 0.00760351 
1.68421e-07 1.67183e-07 2.20538e-07 5.18169e-08 0.000186594 0.997692 5.3244e-07 5.65134e-08 3.91402e-07 4.06246e-07 2.68606e-07 5.81715e-08 1.39106e-05 1.52175e-07 3.9105e-08 0.000611614 7.72611e-08 0.00149371 
0.132653 0.00967153 4.63275e-05 0.000522615 1.07927e-06 0.03874 3.00061e-07 0.0111548 3.73742e-06 0.00225667 0.508594 0.227551 0.0688028 3.56106e-07 9.94966e-11 9.69111e-07 1.96579e-10 3.48543e-07 
0.00101533 1.25827e-06 1.65983e-06 0.00124835 7.7317e-07 0.997175 4.0073e-06 4.25336e-07 2.9458e-06 3.05752e-06 2.0216e-06 4.37815e-07 0.000197984 0.000344739 2.94315e-07 7.62075e-07 5.81489e-07 6.67548e-07 
1.13663e-06 1.84933e-10 2.43952e-10 5.73182e-11 0.0105507 0.986139 1.00184e-06 6.25134e-11 1.2993e-06 6.29578e-07 3.56844e-07 6.43474e-11 0.000490732 1.26265e-06 4.32567e-11 0.000988747 8.54638e-11 0.00182544 
0.00120699 1.3465e-06 3.0843e-06 0.000626044 0.0306965 0.402072 2.0868e-06 2.11337e-05 7.0526e-05 8.95376e-07 0.0486524 0.290557 5.57075e-06 0.000583029 1.69014e-07 0.179556 0.000278637 0.0456659 
0.000404297 5.88238e-06 0.000626003 1.82319e-06 0.000372596 0.989725 1.8734e-05 1.98844e-06 1.37716e-05 1.42939e-05 0.00651554 0.000430118 0.000556053 5.35431e-06 1.37592e-06 3.56268e-06 2.71845e-06 0.00130073 
0.132653 0.00967153 4.63275e-05 0.000522615 1.07927e-06 0.03874 3.00061e-07 0.0111548 3.73742e-06 0.00225667 0.508594 0.227551 0.0688028 3.56106e-07 9.94966e-11 9.69111e-07 1.96579e-10 3.48543e-07 
0.00926007 0.00305815 0.00530985 0.036966 0.00577785 0.00825668 0.00148649 0.142056 0.000736693 0.000836023 0.0139806 0.281035 0.0724856 0.00051431 3.42957e-08 0.401517 0.00066873 0.0160551 
1.13663e-06 1.84933e-10 2.43952e-10 5.73182e-11 0.0105507 0.986139 1.00184e-06 6.25134e-11 1.2993e-06 6.29578e-07 3.56844e-07 6.43474e-11 0.000490732 1.26265e-06 4.32567e-11 0.000988747 8.54638e-11 0.00182544 
1.75505e-09 1.74216e-09 2.29815e-09 5.39965e-10 4.49719e-06 0.994666 5.54836e-09 5.88906e-10 4.07866e-09 4.23334e-09 2.79904e-09 6.06184e-10 3.34971e-07 1.58576e-09 4.07499e-10 0.00147973 8.0511e-10 0.0038491 
7.87543e-10 5.4801e-07 1.03125e-09 1.96264e-05 3.44427e-05 4.8516e-05 7.2951e-05 0.414729 1.83021e-09 1.89962e-09 1.25601e-09 0.31038 0.274512 7.11577e-10 1.82856e-10 2.55723e-06 3.61276e-10 0.000200488 
0.291761 0.00264027 0.0380243 0.0537632 3.89726e-05 0.00506055 1.08199e-05 0.119192 2.40646e-08 7.68431e-05 0.000271811 0.0282445 1.97517e-05 0.000664743 2.40429e-09 0.0307077 4.75025e-09 0.429523 
0.00926007 0.00305815 0.00530985 0.036966 0.00577785 0.00825668 0.00148649 0.142056 0.000736693 0.000836023 0.0139806 0.281035 0.0724856 0.00051431 3.42957e-08 0.401517 0.00066873 0.0160551 
1.96166e-05 1.34284e-09 0.00108568 1.31523e-05 4.54657e-05 0.000398741 0.998038 4.53923e-10 3.14411e-05 3.26302e-09 2.15747e-09 9.57889e-06 6.42574e-06 1.84577e-05 3.14096e-10 2.69208e-05 2.97936e-06 0.000303417 
0.00214895 7.1721e-06 2.00374e-07 0.00208288 3.23744e-06 0.00998011 8.0627e-09 0.0197689 2.9279e-07 3.63566e-06 0.0298521 0.467408 0.412216 2.42337e-07 5.92164e-10 1.27369e-07 1.68584e-07 0.056528 
0.000217696 0.000354521 1.9065e-06 4.47944e-07 0.00114136 0.498316 4.60281e-06 0.198694 0.000188138 0.161227 2.32203e-06 5.02878e-07 5.86864e-05 0.000323122 3.38053e-07 0.139467 6.67903e-07 7.6675e-07 
2.44384e-07 0.000495131 3.20008e-07 0.00531343 0.00885516 0.0481114 0.000115594 0.0224924 0.913683 0.000438628 0.000302366 8.44086e-08 7.53256e-05 3.06934e-05 5.67425e-08 1.46924e-07 1.12108e-07 8.62014e-05 
1.75505e-09 1.74216e-09 2.29815e-09 5.39965e-10 4.49719e-06 0.994666 5.54836e-09 5.88906e-10 4.07866e-09 4.23334e-09 2.79904e-09 6.06184e-10 3.34971e-07 1.58576e-09 4.07499e-10 0.00147973 8.0511e-10 0.0038491 
2.71761e-06 6.47193e-10 8.08021e-14 2.31074e-05 1.65937e-05 0.000187657 0.997824 0.000101926 5.48092e-06 1.48843e-13 9.84132e-14 0.000115992 3.93278e-07 2.36415e-07 1.43275e-14 0.000171138 4.74157e-08 0.00155051 
1.13663e-06 1.84933e-10 2.43952e-10 5.73182e-11 0.0105507 0.986139 1.00184e-06 6.25134e-11 1.2993e-06 6.29578e-07 3.56844e-07 6.43474e-11 0.000490732 1.26265e-06 4.32567e-11 0.000988747 8.54638e-11 0.00182544 
0.000101962 2.97596e-08 0.0014447 0.000226913 0.0006565 0.99411 0.000265472 1.01603e-06 0.000153348 0.000159164 4.78134e-08 0.000157404 0.000364321 2.70881e-08 6.96092e-09 2.88565e-05 1.37529e-08 0.00233037 
0.000367508 0.0736785 0.000659716 0.0143012 0.000827128 0.000292354 1.12676e-05 0.0529244 0.128316 7.65736e-05 0.000170328 0.000414581 0.04528 5.40184e-05 3.63399e-06 3.95716e-06 1.66393e-05 0.682603 
0.00182726 1.45342e-08 2.44934e-10 0.000993119 0.0220102 5.3111e-06 5.91337e-10 0.287282 4.71751e-07 4.18846e-07 2.4824e-06 0.577245 0.110501 3.94544e-07 4.34306e-11 2.06861e-07 3.31298e-05 9.82606e-05 
6.86396e-09 6.81352e-09 0.015236 0.0169154 1.96498e-05 4.816e-09 8.20132e-06 0.364125 1.59515e-08 1.65565e-08 1.0947e-08 2.37077e-09 0.603649 6.20187e-09 1.59372e-09 4.12663e-09 2.82486e-06 4.38883e-05 
1.13663e-06 1.84933e-10 2.43952e-10 5.73182e-11 0.0105507 0.986139 1.00184e-06 6.25134e-11 1.2993e-06 6.29578e-07 3.56844e-07 6.43474e-11 0.000490732 1.26265e-06 4.32567e-11 0.000988747 8.54638e-11 0.00182544 
1.72593e-07 0.000529752 0.00619413 0.00244459 0.00202479 0.00100109 1.5196e-05 0.86576 0.00160753 0.000277037 0.00221328 0.0542403 0.0567798 7.42294e-05 6.47296e-08 0.00390076 6.53647e-06 0.00293044 
1.13663e-06 1.84933e-10 2.43952e-10 5.73182e-11 0.0105507 0.986139 1.00184e-06 6.25134e-11 1.2993e-06 6.29578e-07 3.56844e-07 6.43474e-11 0.000490732 1.26265e-06 4.32567e-11 0.000988747 8.54638e-11 0.00182544 
0.00926007 0.00305815 0.00530985 0.036966 0.00577785 0.00825668 0.00148649 0.142056 0.000736693 0.000836023 0.0139806 0.281035 0.0724856 0.00051431 3.42957e-08 0.401517 0.00066873 0.0160551 
1.5179e-07 0.000802842 3.77482e-08 6.48466e-05 0.00421268 0.175329 3.01874e-07 0.00203779 0.0127576 2.06458e-08 2.49984e-07 0.782604 0.0159067 0.000317255 8.81984e-09 0.00587973 8.61075e-05 8.63091e-07 
0.012828 0.00174142 8.32683e-05 0.00221353 0.00952712 0.0659845 0.202665 0.086419 0.0410126 1.03998e-05 0.000403284 0.495788 0.00106479 0.000621882 5.60709e-09 0.0761764 5.25256e-06 0.003455 
0.00338803 0.000346064 0.000483202 1.23847e-05 0.000510079 0.00558853 1.70232e-08 0.0645825 0.00444377 7.30241e-09 0.00842645 0.795059 0.00287745 2.65715e-05 2.88072e-14 0.114245 1.11002e-05 3.05917e-08 
0.0304667 1.77794e-05 2.34536e-05 5.51057e-06 1.09249e-05 0.02766 5.66233e-05 6.01003e-06 4.16244e-05 4.3203e-05 2.85654e-05 6.18636e-06 0.878387 1.61833e-05 4.15869e-06 1.07682e-05 8.21648e-06 0.0632072 
0.00205896 3.23308e-05 4.05563e-05 0.0645269 0.000390775 0.00516758 2.14156e-06 0.0384611 0.141 7.1617e-07 0.0075407 0.70014 0.00800021 9.35762e-05 2.54487e-09 0.0321319 4.94323e-06 0.000407688 
1.72593e-07 0.000529752 0.00619413 0.00244459 0.00202479 0.00100109 1.5196e-05 0.86576 0.00160753 0.000277037 0.00221328 0.0542403 0.0567798 7.42294e-05 6.47296e-08 0.00390076 6.53647e-06 0.00293044 
1.16687e-07 1.15829e-07 1.52795e-07 3.59003e-08 7.11738e-08 0.57684 3.6889e-07 0.000137675 2.71175e-07 0.0127137 0.405447 1.79776e-05 0.0048428 1.05431e-07 2.70931e-08 7.01525e-08 5.35287e-08 6.14508e-08 
1.75505e-09 1.74216e-09 2.29815e-09 5.39965e-10 4.49719e-06 0.994666 5.54836e-09 5.88906e-10 4.07866e-09 4.23334e-09 2.79904e-09 6.06184e-10 3.34971e-07 1.58576e-09 4.07499e-10 0.00147973 8.0511e-10 0.0038491 
0.00375986 0.00151629 1.50586e-05 0.010212 0.0101113 0.623659 0.0687117 3.78779e-05 0.0324979 0.0268692 1.80506e-05 0.00261878 0.00233604 0.00492332 6.11059e-07 0.000123754 2.78982e-05 0.212561 
2.44779e-06 0.000722293 3.20525e-06 0.101221 0.00559764 1.71746e-06 7.73836e-06 0.000232996 5.68855e-06 5.90429e-06 3.90385e-06 8.45451e-07 0.891953 2.21168e-06 5.68343e-07 1.47162e-06 1.1229e-06 0.00023604 
1.13663e-06 1.84933e-10 2.43952e-10 5.73182e-11 0.0105507 0.986139 1.00184e-06 6.25134e-11 1.2993e-06 6.29578e-07 3.56844e-07 6.43474e-11 0.000490732 1.26265e-06 4.32567e-11 0.000988747 8.54638e-11 0.00182544 
9.20761e-06 5.30667e-10 7.00025e-10 1.64475e-10 3.26079e-10 0.121675 1.69005e-09 0.00292499 0.00119745 7.68445e-05 0.847098 0.0270146 9.94219e-07 4.83029e-10 1.24126e-10 1.17065e-06 2.45239e-10 1.41334e-06 
0.00214895 7.1721e-06 2.00374e-07 0.00208288 3.23744e-06 0.00998011 8.0627e-09 0.0197689 2.9279e-07 3.63566e-06 0.0298521 0.467408 0.412216 2.42337e-07 5.92164e-10 1.27369e-07 1.68584e-07 0.056528 
2.68364e-06 1.94747e-06 0.000148527 1.7993e-06 0.0590954 0.900121 0.00135184 2.11198e-07 0.0120479 4.46396e-10 2.95152e-10 0.0158576 8.79071e-07 0.00101257 4.29698e-11 0.0103158 4.0759e-07 4.15089e-05 
0.0172364 7.65836e-09 2.97062e-05 5.13693e-05 0.000750996 0.0283068 6.54393e-06 0.00603953 0.0998682 0.000765315 4.11155e-06 0.39681 0.00735858 0.000232623 1.79133e-09 0.439812 4.16528e-08 0.00272722 
3.04146e-06 3.01911e-06 3.98264e-06 9.35746e-07 0.918305 0.0757592 9.61517e-06 1.02056e-06 0.00283436 7.33628e-06 4.85067e-06 1.0505e-06 0.00305855 2.74808e-06 7.06185e-07 1.82854e-06 1.39524e-06 1.60172e-06 
