0.00181712 0.00685461 0.00219821 0.0452717 0.00656748 0.00431369 1.29699e-06 0.0473064 0.00193768 0.000587456 0.00344083 0.020708 0.0365467 0.0648991 0.682541 0.0349422 0.0317023 0.00836409 
1.44763e-07 1.69514e-06 6.31656e-11 2.96838e-07 5.59336e-08 2.87722e-07 1.52499e-10 0.0113797 1.12104e-10 1.07058e-06 7.69328e-11 2.34939e-07 2.08228e-07 0.00283844 0.985778 2.92911e-09 2.21288e-11 2.54038e-11 
3.20828e-06 0.0330766 2.65194e-05 0.000454811 0.0706033 0.0120991 1.8494e-06 0.00373755 0.000324229 0.00441501 2.11448e-08 0.00647321 0.0116222 0.00369269 0.842021 0.000414455 0.0093793 0.00165447 
2.23225e-05 4.05726e-05 5.74254e-10 0.000199554 5.91701e-05 0.00122074 0.0519001 0.179567 6.52366e-06 0.0319606 1.62971e-05 2.56593e-05 0.000278025 8.49155e-05 0.73428 2.00644e-05 0.00030736 1.14785e-05 
0.00138911 0.0375452 0.00229675 0.0459958 0.0234036 0.0280028 1.69605e-05 0.0112209 0.00338837 0.00396493 0.00257461 0.014409 0.062003 0.208555 0.453115 0.0039406 0.0783319 0.0198459 
0.00744567 0.140601 0.000108899 0.0121913 0.277968 0.0900777 0.000131766 0.00831563 0.00655925 0.00012072 1.2214e-05 0.00553322 0.0155973 0.0476545 0.385496 0.000177593 0.0017045 0.000304737 
0.00614779 0.0566405 0.00182189 0.0645384 0.0621077 0.0286544 4.12186e-05 0.0238451 0.00440745 0.00155598 0.0030838 0.0181025 0.0622297 0.0498834 0.541973 0.00070125 0.0553673 0.0188989 
0.0185333 0.0240653 0.00133526 0.0233023 0.0466669 0.0698198 0.000110392 0.0175649 0.0131159 0.00249899 0.00664444 0.058664 0.083397 0.0344181 0.512579 0.00205855 0.0713591 0.0138664 
0.00527162 0.00553119 0.00322749 0.0419633 0.0243854 0.092884 9.3891e-05 0.0162576 0.000353684 0.00251269 0.00197136 0.0263886 0.0403853 0.137007 0.541815 0.000527007 0.0475696 0.0118547 
0.000260429 0.00335773 2.66798e-05 0.0628045 0.0305333 0.0465401 8.79452e-07 0.00080017 0.00078149 0.000429052 3.16058e-05 0.00105743 0.0585761 0.279739 0.461431 5.51584e-05 0.0530351 0.000541218 
0.000145782 0.00144106 4.98007e-05 0.00122486 0.000192991 0.000127003 2.05721e-11 0.028442 2.25569e-05 4.35744e-05 0.0290464 0.00377313 0.0136818 0.00441208 0.913661 3.91224e-12 2.70639e-05 0.00370879 
0.00597348 0.0106387 0.00457293 0.0333007 0.0939986 0.131905 0.000237979 0.0263868 0.00678452 0.00465294 0.00951504 0.0524607 0.115094 0.0344727 0.374536 0.00243211 0.0578584 0.035179 
0.00471989 0.0452442 0.000184251 0.0588404 0.0991313 0.161098 3.16765e-06 0.0509993 0.0121369 0.00032603 0.00101436 0.0329731 0.125564 0.0219129 0.235967 0.00876463 0.00354868 0.137572 
0.0196681 0.043527 0.00794928 0.0346217 0.302149 0.0595932 2.64802e-05 0.0420792 4.29314e-07 2.05362e-07 0.000823456 0.0485858 0.0193578 0.00199766 0.411037 0.000105241 0.00696838 0.00150926 
0.0222489 0.00994565 0.00229965 0.0402744 0.0893966 0.0125324 0.000307533 0.0820946 0.00263512 0.00541253 0.127246 0.210245 0.0831455 0.0181659 0.233932 0.011403 0.00160119 0.0471133 
0.000420097 0.000856813 1.81638e-05 0.00969715 0.00138068 0.000858649 8.42904e-08 0.00256544 2.39221e-05 0.0446478 0.000519492 0.00428395 0.00504242 0.155685 0.728415 1.5228e-05 0.0450232 0.000547002 
0.00599189 0.00376542 9.49985e-05 0.0162618 0.00506696 0.00171015 1.09598e-07 0.00177526 0.000171402 0.000255676 0.00038697 0.00575805 0.0196213 0.374974 0.474663 0.00298584 0.0845182 0.00199922 
0.00255402 0.00656774 0.000363229 0.013261 0.158964 0.075441 0.000253365 0.00944965 0.00637115 0.000909934 0.00071225 0.030561 0.137923 0.0140844 0.483605 4.3669e-05 0.0326482 0.0262873 
0.00227208 0.00245981 0.000441494 0.0408635 0.0470425 0.0528558 2.16645e-05 0.00187198 0.000292314 0.00013998 0.000450551 0.0255068 0.16448 0.313672 0.313957 4.85412e-05 0.0225396 0.011084 
0.0944458 0.0248462 0.000990523 0.0245863 0.022403 0.0340848 4.8353e-05 0.0224706 0.00391671 0.000928972 0.00249549 0.0413959 0.0716967 0.0389251 0.306126 0.00866035 0.286049 0.015931 
0.00103346 0.0108654 4.39291e-05 0.0153595 0.0474429 0.0117175 1.78594e-11 0.0023326 2.57918e-08 0.012714 6.90893e-06 0.0168244 0.137096 0.00750632 0.732234 8.72958e-05 0.00153637 0.0031994 
0.00570848 0.00776152 0.0004161 0.0144256 0.0262596 0.014971 1.82545e-05 0.00781878 0.00015566 0.000715902 0.000277121 0.00430495 0.0353089 0.00424963 0.859057 0.000991244 0.0107805 0.00677947 
0.00340317 8.97713e-05 1.97176e-06 0.00353009 0.0146372 0.0247996 0.0194086 0.00144182 0.0208077 3.86724e-06 5.92936e-05 0.00128394 0.00236209 0.0166804 0.557384 5.67284e-05 0.333359 0.000690831 
0.00660285 0.157878 2.47934e-05 0.0859587 0.0187267 0.157873 0.00200322 0.110008 0.000100774 6.37138e-07 0.00124631 0.0460293 0.0975718 0.00770381 0.280254 2.68173e-06 0.000478714 0.0275371 
0.00074476 0.000479452 1.53858e-08 0.0144762 0.00674871 0.0222673 8.07654e-09 4.98239e-08 0.000230344 0.000444052 8.91246e-05 0.00107058 8.55004e-07 0.225725 0.631699 7.37118e-09 0.0955873 0.000436903 
0.00167913 0.199278 0.00445062 0.00444409 0.015852 0.165135 1.43353e-07 0.00947051 0.00992708 0.00475549 0.0361145 0.00087732 0.0335199 0.00210069 0.457941 8.78288e-06 0.0538515 0.000593841 
0.00585374 0.0590514 0.000377194 0.127559 0.116852 0.0195024 7.80162e-06 0.0415954 0.00160181 0.000228033 0.0214281 0.0211468 0.0568595 0.015204 0.408881 0.0423789 0.0538786 0.00759407 
1.94089e-07 1.47606e-07 8.72827e-05 0.00122172 1.62939e-07 0.000850119 3.63029e-08 6.65267e-08 6.91236e-08 1.25846e-11 0.0719177 5.46031e-08 1.31958e-07 0.189684 0.73427 7.28212e-05 0.00109953 0.000795359 
0.00132193 0.000942108 0.00190914 0.00474608 0.0569426 0.0204399 0.000222573 0.0817833 0.000627249 0.000159738 0.00406176 0.0623916 0.120235 0.0299006 0.583875 4.3191e-06 0.00998166 0.0204547 
0.00850422 0.13719 8.83022e-07 0.0502938 0.00996005 0.000531587 1.28719e-10 0.00270255 2.95812e-05 8.41906e-05 1.29309e-06 0.00347188 0.038261 0.00843003 0.696864 2.98246e-07 0.0436741 3.45994e-07 
0.057906 0.000102154 2.83437e-05 0.0147583 0.0226908 0.0018816 6.40386e-07 0.000723887 0.000427834 4.12297e-05 0.289612 0.0354113 0.0421525 0.106577 0.343762 0.00266803 0.0811038 0.000153375 
0.0141728 0.0483826 5.75479e-07 0.0666817 0.29343 0.0873467 7.09613e-10 0.00345826 3.44978e-06 6.91723e-07 1.74627e-06 0.0441454 0.109287 0.00217267 0.329513 0.000194 0.000244664 0.000963988 
0.010241 0.111301 0.00210277 0.0184172 0.00559653 0.0327908 1.58282e-05 0.00722294 0.000377704 0.012935 0.0136687 0.00318158 0.0688352 0.170461 0.494764 0.000209456 0.0473956 0.000483694 
0.011335 0.00456174 0.00329061 0.0659749 0.0403303 1.89172e-05 1.64095e-07 0.0154785 3.485e-09 7.6148e-05 0.000286709 0.00081278 0.0163251 0.00866303 0.636327 5.1778e-06 0.195499 0.00101464 
7.77744e-05 0.00362009 0.0333828 0.0815461 0.00323413 0.00322525 7.33938e-06 0.189138 0.0133582 0.00117884 0.000863181 0.00958331 0.0854155 0.0138498 0.453057 3.79185e-05 0.0757164 0.0327079 
0.000330235 0.175564 5.07317e-05 0.0159777 0.0722531 0.101358 2.22082e-05 0.0921134 0.000709907 0.000346994 0.0626422 0.0018758 0.0399025 0.105665 0.328134 2.43058e-06 0.00277158 0.000280155 
0.00130373 0.00307013 0.0307461 0.0510496 0.104663 0.0100173 0.000104985 0.0476629 0.00246889 0.000707218 0.000825423 0.0226985 0.245754 0.00243946 0.407363 6.64006e-06 0.056911 0.0122086 
0.00220244 0.119769 0.00646628 0.0505722 0.01861 0.00440503 7.73083e-06 0.0536157 3.07923e-06 0.000513102 0.00191738 0.00152112 0.00877114 0.226995 0.467735 1.28523e-07 0.0258191 0.0110775 
0.00520785 0.0361787 0.00248745 0.0637109 0.0140379 0.0744454 7.47106e-05 0.00434889 0.00245839 0.000601067 0.0208077 0.0281776 0.109441 0.125183 0.442013 0.000806454 0.0626704 0.00735009 
0.00998044 0.0168412 0.00156135 0.0106746 0.0115776 0.122199 2.19905e-07 0.0599359 0.0087711 0.000197382 0.000573344 0.0379337 0.0425183 0.0322082 0.577549 0.000235481 0.0639678 0.0032758 
0.0247044 0.0440243 0.000145608 0.0459013 0.0723499 0.0180846 0.00010698 0.011861 0.0012252 8.92651e-05 5.0611e-05 0.00309199 0.0521409 0.10746 0.594386 6.41443e-06 0.0190791 0.00529222 
0.00819684 0.0806361 0.00164232 0.0394616 0.0454437 0.0259121 1.99077e-05 0.0217462 0.00897301 0.00166536 0.00395003 0.051832 0.151295 0.0591387 0.365598 0.000372816 0.119892 0.0142244 
0.00026516 0.00291398 7.30685e-05 0.00133789 0.000320716 0.000194889 1.94147e-11 0.0539138 4.51429e-05 6.75432e-05 0.0424781 0.00646537 0.0275032 0.00292427 0.8562 3.69213e-12 1.09593e-08 0.00529701 
0.000890561 0.0133575 9.44777e-05 0.0039256 0.00254385 0.00816574 1.74503e-07 0.00603719 1.19658e-05 1.94688e-08 5.34477e-12 0.00392851 0.0326799 0.00691871 0.919112 7.54723e-09 9.53526e-08 0.00233409 
0.000663034 0.00290033 0.0039684 0.112013 0.121953 0.00144577 2.79914e-09 0.0343642 1.07999e-10 3.98797e-07 0.012422 2.28071e-07 0.0143745 0.0203982 0.528606 2.4628e-05 0.145203 0.00166358 
1.05655e-05 0.0107735 0.00331462 0.0099869 0.00360079 0.284504 7.64235e-07 0.00400391 0.0168293 1.87284e-05 0.00079917 0.0191656 0.00470314 0.000403238 0.605329 0.000700038 7.78193e-06 0.0358495 
0.0104927 0.00427025 0.00104635 0.0361453 0.0921619 0.0212866 1.73262e-05 0.100134 0.0162312 0.00269889 0.000392515 0.0180892 0.0713071 0.0255097 0.463381 0.000433812 0.122366 0.0140362 
0.0064244 0.00302222 0.000276149 0.054912 0.00617429 0.0162346 7.24384e-06 0.00836066 0.000252117 0.00152194 0.00276807 0.00949918 0.0278414 0.264301 0.381695 0.00838911 0.202501 0.00581887 
0.0139845 0.00257557 8.64763e-07 5.23467e-07 0.204144 0.238773 5.6639e-10 0.00207058 1.08669e-06 1.64582e-06 0.00165973 0.0945537 0.106184 0.00690892 0.259707 1.07711e-10 0.0611026 0.00833185 
0.0014913 0.0120733 0.000555649 0.00378883 0.0120107 0.0355726 0.000119159 0.0906153 0.00449022 0.000868222 0.00394048 0.0294028 0.00791454 0.0984932 0.539283 1.36757e-05 0.134233 0.0251334 
1.09032e-05 0.0886507 1.3945e-06 0.011579 0.282212 0.0335789 6.7321e-10 1.6992e-05 4.207e-06 3.03106e-06 1.32486e-06 1.8315e-06 0.051036 0.00534147 0.527548 1.01782e-05 1.50449e-06 2.2206e-06 
0.00959076 0.0137742 0.00128852 0.0451343 0.011807 0.116485 5.54837e-07 0.00293423 0.00177679 0.00675701 0.0184436 0.0304559 0.0900435 0.0707156 0.576678 1.61173e-05 0.000842308 0.00325609 
0.00137105 0.265594 0.00116357 0.0139217 0.00197443 0.00111797 1.31272e-05 0.00278603 1.02278e-05 0.000255239 3.38784e-05 0.00138844 0.0661383 0.197244 0.445836 2.41902e-08 0.00082205 0.000330045 
0.000431511 0.000493704 7.48539e-07 0.0186892 0.0225258 0.00354313 7.64552e-07 8.43887e-05 0.000177443 0.000114066 0.00245407 0.00222856 0.0117158 0.0144146 0.786486 0.000146048 0.136363 0.000130851 
0.00640589 0.0430678 0.00405113 0.0592512 0.0670904 0.0291928 7.0846e-05 0.0339488 0.00237541 0.00325603 0.00522975 0.0270792 0.0870553 0.0300293 0.527613 0.00107897 0.0528597 0.0203449 
2.9604e-05 0.0209122 0.00112849 0.0302465 0.14598 0.166844 1.1437e-06 0.00871621 0.00590344 0.000509493 1.81878e-05 0.010089 0.125545 0.164482 0.307701 0.00685623 0.00191924 0.00311916 
0.00989678 0.000920894 0.00626983 0.0327867 0.221826 0.0532663 5.55856e-08 0.0158352 0.00702058 0.00470193 0.0053694 0.00709193 0.0100106 0.0936704 0.44852 0.00158357 0.0769321 0.00429854 
3.43312e-05 0.0345822 0.000954933 0.0103537 0.0120265 0.0164047 4.23613e-09 0.00171928 0.0361634 4.26423e-05 0.00467968 0.0482479 0.369461 0.0135862 0.404565 6.17636e-07 0.034993 0.0121855 
0.0332279 0.00407415 0.00453865 0.192052 0.217811 0.0395155 1.0379e-07 0.00788701 0.000190032 0.110583 0.00860148 0.00684865 0.0709507 0.00644248 0.262425 0.00168814 0.0227814 0.0103827 
5.14811e-07 0.00858536 0.00230948 0.0365498 0.0535321 0.0351346 1.08532e-06 0.00646089 6.66108e-06 6.16791e-06 2.3358e-05 0.227768 0.166806 0.018836 0.424238 5.65771e-05 0.00197734 0.0177077 
0.00186311 0.145909 2.38955e-05 0.11437 0.116402 0.0859835 2.32504e-09 0.067593 0.0143519 4.38503e-05 0.0172372 0.0309793 0.165476 0.00403533 0.226845 1.26439e-05 6.80746e-05 0.00880543 
0.000153733 0.00984128 0.0010452 2.62609e-05 0.0161662 0.239301 2.55285e-06 0.0137464 2.59127e-05 0.000371416 0.00679389 0.116996 0.207833 0.00573961 0.326192 1.50462e-05 0.0295133 0.0262373 
0.0112646 0.046535 0.000938508 0.113426 0.120309 0.0880932 6.79583e-05 0.0130384 0.000595861 0.000489265 0.00109126 0.0396622 0.180194 0.0912443 0.266011 0.000299525 0.0244495 0.00229085 
4.47135e-05 0.00727954 1.48719e-05 0.0364296 0.0430699 0.186021 2.21971e-06 0.0300629 0.00581686 0.000101473 0.00172877 0.0320591 0.266844 0.010498 0.303727 1.41808e-05 0.0689495 0.00733672 
0.0007657 0.000515018 4.70085e-05 0.00552569 0.170575 0.00989256 1.72217e-11 0.00603256 1.23424e-07 0.00401529 4.15523e-05 0.0271626 0.0611443 0.067361 0.624121 1.31559e-05 0.0225943 0.000193376 
3.52515e-06 0.00162868 8.35058e-07 2.48779e-06 0.0231326 0.00688358 8.09343e-11 0.132281 5.94956e-11 0.000172304 4.08298e-11 0.0020119 0.0215948 0.0292753 0.781545 5.02329e-07 0.00144647 2.05144e-05 
0.00191762 0.000463944 0.0146871 0.0143591 0.0441844 0.000119539 4.66615e-07 0.040005 0.000379702 1.63409e-06 5.98444e-06 0.0185296 0.00301609 0.114223 0.466032 0.000416798 0.276366 0.00529142 
0.011134 0.0211588 0.00252993 0.0417588 0.0540023 0.0268237 0.00105279 0.0278268 0.00118735 0.001762 0.00249928 0.0272686 0.0743929 0.0479583 0.543519 0.00389298 0.0964275 0.0148053 
0.271566 0.00215208 0.00720754 0.0586279 0.0244241 0.00507138 0.000282896 0.0427306 0.00374704 0.0056705 1.42643e-05 0.0164008 0.0837963 0.00129505 0.467156 0.0033898 0.000775367 0.00569253 
0.0242162 0.0446619 0.00279717 0.0558466 0.0349856 0.01977 0.000108235 0.0256058 0.00515828 0.00239509 0.00567792 0.0229795 0.0532573 0.21952 0.393883 0.000778 0.0772533 0.0111069 
0.00286674 0.00429823 0.00329687 0.0566115 0.0051512 0.00924316 1.09453e-05 0.00408103 6.3789e-05 5.4906e-05 0.047254 0.0400566 0.0148121 0.0642033 0.596765 0.00108215 0.135463 0.0146853 
0.000258593 0.0152798 1.37415e-11 0.0400771 0.0196192 0.0206469 8.21336e-09 0.0101391 1.24725e-05 0.0104977 0.00076707 0.0037376 0.068439 0.180492 0.49744 0.000172836 0.132233 0.00018711 
0.00506289 0.00144656 1.84861e-07 0.00122906 0.00835225 0.0389617 1.50553e-09 0.000804643 1.98633e-06 2.38862e-05 0.000399753 0.0203471 0.0175003 0.00555489 0.854664 0.000111309 0.0450374 0.000502395 
0.141899 0.0341745 1.34196e-05 0.0401902 0.0207354 0.00678178 1.68076e-07 0.0155549 0.00065175 0.000421336 0.00606818 0.0631572 0.105554 0.00180907 0.556599 8.96824e-05 0.00143699 0.00486245 
0.00951153 0.0386639 1.65339e-05 0.0354266 0.0308337 0.0527243 0.00099791 0.00333167 0.0425966 0.000152022 0.0126687 0.0213583 0.136708 0.0516889 0.465564 0.0953441 0.000532444 0.00188046 
0.0088392 0.0302087 0.0028049 0.0782933 0.0179344 0.0103667 5.78561e-06 0.0103397 0.000502689 0.00038721 0.0076676 0.0301056 0.0598779 0.0470633 0.628803 0.000234867 0.0586306 0.00793399 
0.00741878 0.039374 0.0252808 0.041455 0.148844 0.0373249 7.25351e-06 0.0994929 0.000763468 0.000806399 0.00463529 0.101255 0.0374179 0.012859 0.24988 0.0159799 0.00604434 0.171161 
2.36408e-05 0.000833449 4.89635e-07 0.0017447 0.00363723 0.0158174 0.000783461 0.000342291 6.83349e-08 4.66018e-07 1.79171e-07 0.00314986 0.0768183 0.0404396 0.835964 2.52313e-11 0.0202077 0.000236728 
0.00063768 0.0397418 0.000446853 0.000615698 0.0709238 0.0191516 1.38612e-06 0.0618071 9.84707e-06 0.000788876 2.40398e-07 0.00206801 0.150525 0.0445857 0.604646 1.67783e-10 0.00247417 0.00157603 
1.47352e-05 0.132198 0.00274397 0.0529928 0.0051393 0.000445994 3.52056e-07 0.0249898 2.588e-07 1.24366e-05 1.77605e-07 1.54196e-05 5.81143e-06 0.0032369 0.77251 0.00347573 0.000248449 0.00196982 
0.00416382 0.021379 0.00209546 0.0772044 0.0345747 0.00642122 9.46669e-08 0.0111501 2.98863e-06 0.000428767 0.000392618 0.333282 0.133696 0.00614366 0.342111 0.000414026 0.000453962 0.0260861 
6.83629e-07 0.000311505 3.24941e-05 0.0444356 0.0298674 7.61842e-08 2.53298e-06 0.171406 2.18234e-10 2.26511e-10 1.49767e-10 0.00423013 0.00894408 0.061733 0.647295 1.06888e-05 0.0300859 0.00164466 
0.0133186 0.0145564 6.78388e-05 0.0885271 0.0762778 0.0760266 4.48418e-05 0.00259167 0.00286108 9.3517e-06 0.000851035 0.0191932 0.148882 0.0113028 0.298878 9.78212e-05 0.00145787 0.245055 
0.00396693 0.00220969 0.0199221 0.0428373 0.0505842 0.165753 0.000120043 0.0420918 0.0037385 0.000910475 0.0600103 0.0402424 0.0641447 0.0926053 0.306314 0.00253732 0.028338 0.0736737 
0.000161326 9.38441e-05 1.30213e-05 0.00329868 0.00235678 0.00239047 1.15541e-10 0.000649232 0.000463376 4.79223e-05 0.000168909 0.0125897 0.0406411 0.000355161 0.936669 1.43397e-06 5.07968e-06 9.50477e-05 
0.00610049 0.0304226 6.55767e-05 0.00872458 0.00468647 0.00697924 1.56819e-06 0.0186623 0.00185529 0.00403053 0.00674641 0.0309684 0.0381108 0.0282737 0.76964 0.000583593 0.0395537 0.00459506 
0.0108166 0.183277 0.00515409 0.0609044 0.068971 0.00189857 1.92113e-05 0.0164104 0.000111355 0.00552455 0.00104726 0.00415695 0.0110875 0.0250653 0.599114 0.000239428 0.00486211 0.00134057 
3.85305e-06 2.05314e-07 9.12717e-07 2.71921e-06 1.10179e-06 0.00131417 4.24569e-11 0.396835 3.12105e-11 0.000516318 2.14187e-11 0.00569755 0.0177866 0.0231831 0.554657 5.49047e-07 2.67386e-07 3.47272e-07 
0.00122977 0.375598 0.00014422 0.00709675 0.000105645 0.00293122 3.1643e-05 0.00828985 0.000122918 1.15752e-06 0.00516303 0.0013896 0.109811 0.0120186 0.464113 4.68396e-06 0.000269488 0.0116789 
1.2552e-05 6.7531e-06 7.98817e-06 0.226319 0.038481 0.0441954 0.000526102 1.04223e-05 3.71119e-10 3.08194e-06 1.19728e-06 5.89631e-06 1.674e-05 0.0025344 0.578459 7.95235e-05 0.00132671 0.108014 
7.3504e-06 0.128667 4.72751e-06 0.0158079 0.00231166 0.000782721 2.14625e-07 0.00572537 4.62698e-06 6.65177e-05 1.11838e-05 0.000849414 0.0227733 0.0240284 0.627902 3.43067e-07 0.167723 0.00333479 
0.00784266 0.0375573 0.00388176 0.0449198 0.0205247 0.0180474 1.5014e-05 0.0125055 0.000556033 0.00123061 0.00117852 0.0182633 0.0722022 0.0650929 0.558456 0.0050055 0.118605 0.0141158 
0.00608644 0.00300219 0.0227434 0.0598166 0.0488841 0.0287763 4.25086e-05 0.171672 0.000386436 0.00629236 0.000746787 0.0982354 0.0738982 0.0102303 0.196257 2.51835e-05 0.159211 0.113694 
0.0209154 0.0146934 0.00390731 0.0921219 0.138188 0.159313 5.60081e-05 0.014158 0.0112431 0.000637374 0.00109963 0.0683357 0.0941321 0.0101875 0.289691 0.00160938 0.0123125 0.0673989 
0.0090967 0.00361717 0.000178642 0.017802 0.0160651 0.0155498 1.5902e-05 0.00515397 1.02714e-05 0.000551889 0.000313633 0.00643795 0.0467558 0.0738202 0.759019 8.34004e-05 0.034406 0.0111222 
0.000564988 0.00195091 3.82179e-05 0.0201866 0.0287935 0.0108305 1.19359e-05 0.00207175 0.00275518 0.059524 6.86912e-05 0.0207758 0.0682805 0.153356 0.601202 2.55249e-06 0.0246473 0.00493972 
0.000423879 0.000481051 0.00108861 0.0445333 0.0046879 0.0435114 4.11203e-05 0.00130375 0.00150959 0.00199702 0.258078 0.0100955 0.0475332 0.0623321 0.362508 0.00766926 0.0860759 0.0661301 
0.103788 0.0171304 0.000354565 0.211214 0.0181497 0.0059635 1.9898e-05 0.126309 0.00013095 0.00382625 0.000767733 0.055097 0.107695 0.0877693 0.228276 0.00404939 0.0207024 0.00875751 
0.00218332 0.0776409 0.00546687 0.241174 0.025602 0.000917277 5.1606e-06 0.0222988 0.000540731 6.40118e-05 3.60283e-05 0.0398088 0.0839878 0.113667 0.297123 1.01401e-05 0.0456911 0.0437829 
1.95861e-11 0.0991137 0.000732551 0.199456 0.0716327 3.79238e-05 2.40723e-08 0.123177 1.44679e-07 1.91672e-05 1.51199e-07 0.000629612 0.00395297 0.00418911 0.483729 2.00564e-05 0.000324663 0.0129852 
0.0162869 0.0414439 0.00245384 0.0660921 0.0226727 0.00579576 4.55576e-05 0.0333266 0.00141823 0.00204123 0.00768943 0.0212566 0.0446101 0.0913585 0.57104 0.0140764 0.0450404 0.0133518 
0.00150569 0.0829516 0.000804524 0.113896 0.138678 8.7957e-07 0.000121967 0.040146 7.32803e-06 4.07897e-05 2.30187e-07 0.0178024 0.0650478 0.00295667 0.418076 0.0149844 0.0169377 0.0860426 
0.0321272 0.0946383 0.131545 0.00352673 0.009989 0.196487 1.56181e-05 0.00334155 0.0138924 0.00639612 0.00848921 0.122248 0.0642572 0.00194134 0.213147 0.0189152 0.065021 0.0140214 
3.65242e-05 0.0877193 0.0116547 0.0217104 0.0362228 0.0578382 6.17317e-07 0.00248769 0.000100185 0.000161087 5.84555e-06 0.00233156 0.00101219 0.0280475 0.749966 1.05286e-05 0.000695073 1.06891e-07 
6.95118e-05 0.0707649 4.64482e-06 0.00223187 0.194283 0.188579 2.11297e-08 0.0307324 7.52043e-05 0.00237982 0.0114003 0.00203786 0.0530993 0.00586547 0.407317 4.2572e-05 0.00228468 0.0288323 
6.038e-06 6.05356e-10 7.9855e-10 1.87625e-10 1.06388e-05 0.239096 1.92792e-09 3.11058e-06 2.69417e-06 9.85709e-06 6.03108e-06 0.00813615 9.10234e-06 9.31264e-06 0.740634 3.66636e-10 0.0120692 8.44682e-06 
0.0857464 4.69085e-07 1.92549e-05 0.0355454 0.207466 0.0658458 5.70201e-05 0.046095 5.6391e-05 0.00160178 0.109253 0.0444686 0.0230141 0.00699416 0.243652 0.00444579 0.0151019 0.110637 
0.00830577 0.0251579 0.00298956 0.030138 0.175873 0.0475967 0.000625888 0.0470639 0.00210555 0.00730718 0.0031465 0.0189131 0.0797757 0.0556167 0.391509 0.00100065 0.0907714 0.0121031 
2.50453e-05 2.50454e-05 2.5042e-05 2.50532e-05 0.273067 0.117754 2.50208e-05 2.50529e-05 2.50303e-05 0.0250544 2.50386e-05 2.50528e-05 2.50547e-05 0.0375946 0.546204 2.50498e-05 2.50515e-05 2.50507e-05 
0.0028107 0.0354826 1.00913e-07 0.0503093 0.0140282 0.000417985 7.92904e-11 0.00781469 0.000958551 0.000110462 4.72094e-05 0.00574621 0.002568 0.134006 0.735993 2.00561e-08 0.00191762 0.00778946 
7.54806e-07 0.0411378 7.54704e-07 0.0239356 0.015326 7.54907e-07 7.54066e-07 0.0299755 7.54352e-07 7.54324e-07 7.54603e-07 0.00460643 0.0151025 0.0100401 0.812079 0.00611578 7.5499e-07 0.0416749 
0.0103936 0.000307609 8.39645e-05 0.00195291 0.0113416 0.0423894 5.76453e-07 0.00254494 4.13626e-07 0.137765 4.80415e-05 0.0130491 0.00784086 0.3566 0.397378 3.92207e-05 0.0180189 0.000245612 
0.0179702 0.0183051 0.00810522 0.0188878 0.0727101 0.126678 9.69043e-05 0.0370791 0.000358575 0.000812269 0.00743905 0.0159887 0.0579628 0.00224801 0.585314 2.35645e-05 0.0109896 0.0190304 
0.005071 0.0137195 0.00533386 0.0619991 0.147078 0.10819 2.73632e-05 0.048129 0.000234727 0.00204698 0.000542309 0.138685 0.080003 0.0696886 0.266222 0.000877793 0.00550594 0.0466446 
0.142843 0.00562304 0.000381878 0.120766 0.0420961 0.00794743 2.36505e-05 0.0332597 0.0214988 0.00114925 0.0252769 0.102437 0.124408 0.00933203 0.283826 0.0147641 0.0530989 0.0112681 
0.00416382 0.021379 0.00209546 0.0772044 0.0345747 0.00642122 9.46669e-08 0.0111501 2.98863e-06 0.000428767 0.000392618 0.333282 0.133696 0.00614366 0.342111 0.000414026 0.000453962 0.0260861 
0.226394 0.00904691 0.0141499 0.115665 0.144796 0.0357394 0.000805051 0.0418132 0.00361036 0.00168088 0.00458407 0.0169873 0.0441042 0.00992229 0.236845 0.00028654 0.0763979 0.0171714 
0.00172699 0.0232292 0.00943869 0.203308 0.12006 0.00464071 4.38772e-06 0.0725225 3.21466e-05 0.000234575 0.00017073 0.0528643 0.030645 0.0105011 0.384597 7.08763e-06 0.0300296 0.055988 
0.00968175 0.0113236 0.00588391 0.0226802 0.021949 0.258699 0.000646992 0.0137646 0.00197796 0.0179694 0.00998056 0.043217 0.029305 0.0756375 0.42624 0.000235871 0.0314713 0.0193366 
0.0162965 0.00454561 0.00203756 0.0591575 0.0560371 0.0364427 5.60288e-06 0.0155356 0.000575225 0.00211676 0.00260723 0.0448615 0.0761174 0.0421968 0.54637 0.00823261 0.0711 0.0157643 
0.0126664 0.00168459 0.00069143 0.00544857 0.124466 0.0517696 6.24602e-07 0.0254555 0.00252682 0.000233908 0.00357807 0.00267909 0.0172685 0.00444531 0.726025 0.000143353 0.0137762 0.00714128 
0.0119641 0.00909623 0.0142848 0.0126934 0.0462669 0.00734912 2.34345e-05 0.026159 4.59951e-05 0.00198383 0.000323411 0.00917381 0.0315123 0.00856398 0.751094 2.84671e-05 0.0420159 0.0274211 
0.00544186 0.0230889 0.00257882 0.0460886 0.0645999 0.0215335 1.87706e-05 0.0189986 0.00108925 0.00392454 0.00319809 0.02699 0.0718724 0.135257 0.432005 0.000436223 0.126615 0.0162635 
6.72262e-06 6.72264e-06 0.0161388 0.0457347 0.0369877 0.265586 6.71603e-06 6.72464e-06 6.71858e-06 6.71833e-06 6.72082e-06 0.103566 6.72513e-06 0.0705972 0.28649 0.0168164 6.72426e-06 0.158022 
0.0011799 0.0221158 0.00693439 0.0223602 0.195292 0.0381143 3.81245e-05 0.0119449 0.00390191 0.000736428 0.00105663 0.0120166 0.0244897 0.153855 0.412396 1.52031e-05 0.0683331 0.0252201 
0.0113326 8.95971e-08 2.62447e-08 0.144577 0.0028805 0.00155108 1.39645e-08 0.00102402 9.11844e-08 1.0131e-05 0.00280004 0.00392644 0.0466239 0.00830125 0.768725 2.64801e-06 0.00458081 0.00366435 
0.00576448 0.0230438 0.000142033 0.0682455 0.00620843 0.000432638 6.37423e-06 0.0206338 6.0416e-05 0.00154342 0.00180249 0.0146504 0.0141678 0.226282 0.587339 0.000136261 0.0284479 0.00109263 
3.43312e-05 0.0345822 0.000954933 0.0103537 0.0120265 0.0164047 4.23613e-09 0.00171928 0.0361634 4.26423e-05 0.00467968 0.0482479 0.369461 0.0135862 0.404565 6.17636e-07 0.034993 0.0121855 
0.00124383 5.90657e-06 0.118882 0.0155379 0.090554 0.00140112 5.36146e-07 0.0194563 0.0011727 0.000336129 1.12415e-05 0.00564684 0.0820048 4.8234e-05 0.552165 8.30404e-06 0.0510409 0.060484 
0.000395284 0.00445553 0.0002418 0.0156548 0.0177893 0.150722 6.59527e-05 0.0296696 0.00865231 0.00155837 0.0831037 0.0194983 0.0780335 0.0635538 0.445757 0.00882173 0.0699944 0.00203321 
0.015469 0.000719743 0.000236037 0.0701522 0.0516794 0.124739 7.97692e-05 0.00241641 0.00687124 0.00277381 0.0393684 0.0154605 0.112164 0.0373222 0.454526 0.000773202 0.0553173 0.00993125 
0.000119956 0.119681 1.99683e-07 0.0275064 0.0193829 0.0124027 2.95254e-07 0.00785385 0.000453842 0.000602181 9.03697e-11 0.0010114 0.00462575 0.140677 0.635876 0.0129802 0.00495479 0.0118715 
0.0391188 0.000956598 0.00288438 0.0347676 0.161883 0.138334 2.03309e-09 0.0514895 0.00100971 0.0292962 1.02565e-09 0.0923874 0.157674 0.0118064 0.215108 9.073e-05 0.0552937 0.00789967 
0.00131301 0.00101777 4.02258e-05 0.0535132 0.00214308 0.00329828 2.13241e-07 0.00479948 0.000207621 0.000110151 0.0117499 0.0135402 0.0969141 0.277893 0.353147 0.00139559 0.176922 0.00199583 
0.00195673 0.00678905 0.00732931 0.116101 0.0453778 0.0530309 1.81929e-05 0.00770344 0.0247672 0.00118807 0.000725692 0.0343824 0.109788 0.0997704 0.455093 4.57488e-05 0.0194031 0.0165303 
1.94089e-07 1.47606e-07 8.72827e-05 0.00122172 1.62939e-07 0.000850119 3.63029e-08 6.65267e-08 6.91236e-08 1.25846e-11 0.0719177 5.46031e-08 1.31958e-07 0.189684 0.73427 7.28212e-05 0.00109953 0.000795359 
0.00445454 0.00230157 6.75009e-05 0.0479017 0.0839009 5.89236e-05 3.33069e-07 0.0386196 6.4768e-09 0.00142298 2.09488e-05 0.000215223 0.0027384 0.305226 0.492375 5.58353e-06 0.0164927 0.00419801 
0.000485139 0.0105471 0.00112607 0.0146514 0.0199476 0.00160885 1.2569e-07 0.0218244 3.72584e-06 0.000936861 3.93977e-05 0.00204643 0.0994759 0.016409 0.769765 2.39218e-10 0.0408179 0.000314904 
0.0163958 0.0460442 0.00199588 0.0451056 0.0640791 0.236304 1.49241e-05 0.029974 0.00595653 0.00261719 0.00239181 0.166926 0.0387065 0.0221083 0.282503 0.0203047 0.014557 0.00401517 
0.000430107 0.00115756 0.000562505 0.13289 0.0596358 0.0139667 2.13977e-10 0.0292995 6.47304e-05 4.78721e-09 0.000421015 0.039541 0.16391 0.0402136 0.41317 1.98604e-07 0.0359286 0.0688086 
0.000229452 0.0133525 0.00272137 0.0124566 0.00431032 0.00550355 4.81129e-07 0.00598899 0.00582179 0.00165104 0.0103215 0.0123848 0.0251597 0.174778 0.376425 0.000174384 0.344681 0.00403989 
1.94089e-07 1.47606e-07 8.72827e-05 0.00122172 1.62939e-07 0.000850119 3.63029e-08 6.65267e-08 6.91236e-08 1.25846e-11 0.0719177 5.46031e-08 1.31958e-07 0.189684 0.73427 7.28212e-05 0.00109953 0.000795359 
0.00770247 0.0213431 0.000277682 0.0239966 0.0012709 8.42966e-05 7.98746e-06 0.0837592 5.81151e-05 0.00126327 9.03582e-08 0.000376943 0.0361799 0.0361512 0.782967 6.65316e-05 0.00289475 0.0016002 
0.000357947 0.00115126 0.000119968 0.00496653 0.00192953 0.014846 3.1634e-07 0.000755518 2.54172e-07 8.6156e-11 5.69654e-11 0.0243182 0.07156 0.109987 0.739938 3.26946e-08 0.0201652 0.00990481 
0.00333814 0.0357169 0.000161162 0.0747583 0.0873337 0.249396 6.97881e-10 0.0840189 0.0261422 0.0196516 0.00504238 0.0379476 0.0534833 0.00699833 0.261097 0.000180205 0.000783943 0.0539502 
0.00046844 0.000293838 1.03438e-05 0.0440233 0.00604648 0.000618409 2.13731e-08 0.014258 4.93537e-06 6.4927e-06 3.82299e-05 0.00514487 0.0136129 0.241873 0.62387 9.79339e-06 0.0493056 0.000414947 
2.89762e-05 0.0578576 0.000117076 0.00301114 0.193164 0.215648 2.16442e-06 0.0193902 7.36986e-05 0.0274017 0.000442731 0.00625529 0.0272444 0.00178424 0.416152 2.48788e-06 0.02084 0.0105843 
0.0195291 0.150358 0.00264714 0.0381088 0.0389766 0.0243291 1.95939e-05 0.131327 0.00321313 0.00137444 0.00135447 0.00508854 0.277653 0.00380292 0.28252 5.80496e-07 0.0172075 0.00248965 
0.000102342 0.0338004 0.00654937 0.0190675 0.109562 0.0294096 0.00180141 0.072489 0.00137884 0.000401065 7.72847e-05 0.159808 0.0847512 0.0120493 0.347233 0.000144715 0.0359469 0.0854281 
0.0203843 0.0489802 0.0020185 0.016088 0.0260362 0.129496 3.09043e-06 0.00429897 0.00251267 0.00130682 5.02808e-05 0.0301717 0.0441738 0.029227 0.634415 0.000417436 0.00989272 0.000527349 
0.0380723 0.0772626 0.000556803 0.0555925 0.0203233 0.0240183 1.01651e-05 0.0184018 0.000375604 0.00423499 0.00199659 0.0330431 0.0589946 0.20153 0.401358 0.0117388 0.0491975 0.00329297 
0.0222489 0.00994565 0.00229965 0.0402744 0.0893966 0.0125324 0.000307533 0.0820946 0.00263512 0.00541253 0.127246 0.210245 0.0831455 0.0181659 0.233932 0.011403 0.00160119 0.0471133 
0.00589557 0.0299419 0.00238281 0.0616498 0.0388819 0.0175384 4.04652e-06 0.0290119 0.000997352 0.00164798 0.00870207 0.020498 0.0691872 0.130305 0.446438 0.00219202 0.114737 0.0199892 
0.0121799 0.0288225 0.000857399 0.0592807 0.0606748 0.0722771 1.76056e-05 0.035893 0.00111057 0.0693351 0.000698393 0.0305511 0.0344512 0.0174183 0.504191 0.0279532 0.00834583 0.0359426 
0.00583465 0.000325254 0.00777485 8.36142e-06 0.19932 0.233744 3.98913e-08 0.00261904 0.024303 0.00104008 8.59079e-08 0.00989739 0.14477 0.0534756 0.2941 2.8543e-05 0.0227587 2.12419e-07 
7.54806e-07 0.0411378 7.54704e-07 0.0239356 0.015326 7.54907e-07 7.54066e-07 0.0299755 7.54352e-07 7.54324e-07 7.54603e-07 0.00460643 0.0151025 0.0100401 0.812079 0.00611578 7.5499e-07 0.0416749 
0.00148957 0.00474141 7.42125e-05 0.016935 0.00195746 0.00195899 3.12291e-07 0.00196328 9.0348e-05 0.000215473 4.09342e-05 0.00288422 0.0156136 0.0227677 0.927869 2.18968e-05 0.000804776 0.000571948 
4.32594e-09 0.00305154 0.00909776 0.0218281 0.0800322 0.00515711 3.69481e-05 0.0155438 1.96242e-06 2.68007e-05 2.0968e-06 0.0022788 0.0415956 0.0380725 0.772214 0.00140327 0.00512429 0.00453345 
0.0210731 0.00671446 0.000635972 0.0579556 0.0275935 0.0521206 0.000116484 0.0126569 0.000569571 0.00181418 0.00139219 0.0326631 0.0504968 0.0442408 0.652026 0.00292641 0.0182165 0.0167875 
0.00548909 0.152166 3.07719e-05 0.00524968 0.0186232 0.016428 6.33255e-06 0.0026554 0.0269869 0.000142128 0.00492431 0.00351731 0.00994401 0.049313 0.700753 0.00147044 0.00131173 0.000987837 
0.000737391 0.432745 1.08234e-07 0.0090863 0.00204996 0.0237014 1.31774e-09 0.0079137 0.000812246 0.000345904 0.000167567 0.0100899 0.00379635 0.0108132 0.465199 0.0205669 0.000809643 0.0111659 
1.39801e-06 0.0181282 0.000370213 0.0145927 0.0962731 0.404622 2.23279e-05 0.0058255 0.000493992 6.80725e-05 5.78983e-10 0.00179864 0.0175203 0.0262972 0.407672 2.37991e-07 0.00155146 0.0047628 
7.12597e-06 0.209666 1.30245e-05 0.0610044 0.149858 4.46107e-05 8.08926e-09 0.119768 5.9465e-09 6.17202e-09 4.08088e-09 8.83789e-10 0.0228407 0.000669377 0.433728 1.53835e-09 0.00211704 0.000283202 
0.00270739 0.0286502 0.000132132 0.0172633 0.00563058 1.29658e-05 1.31773e-08 0.0174283 3.0331e-11 3.3927e-05 9.36831e-07 0.000931201 0.00587354 0.0326678 0.861775 1.94059e-06 0.0262115 0.000678937 
0.00341616 0.0538593 0.00115351 0.0374445 0.0193586 0.0220231 1.0689e-07 0.0029926 0.000557181 0.00116505 4.80536e-05 0.133772 0.334529 0.00180776 0.357133 0.000343446 0.0256149 0.00478102 
0.0145214 0.0899685 0.00915226 0.0433435 0.0283127 0.0325073 0.00173934 0.0297321 0.00136167 0.00359216 0.00105496 0.0094106 0.0573739 0.0256685 0.62227 0.00322971 0.017321 0.00944028 
0.00664632 0.02264 0.00103204 0.0205461 0.0234174 0.015371 6.90801e-05 0.0148701 0.00152648 0.0050995 0.0040856 0.00820798 0.0399194 0.318725 0.417477 0.00903239 0.083384 0.0079507 
0.000573237 0.00255748 6.21506e-05 0.00244867 0.0309966 0.0245701 3.74622e-07 0.0287241 0.000126671 0.00467823 0.00074227 0.0696468 0.0162882 0.0560156 0.602399 3.65594e-05 0.131301 0.0288329 
0.165298 0.0411861 0.00194712 0.0424801 0.0263321 0.0573751 1.58192e-05 0.0265806 0.000332001 0.0753332 0.00304476 0.0359214 0.0531332 0.122505 0.274055 0.0012857 0.0683558 0.0048197 
0.000297509 0.228184 0.000547161 0.0115005 0.00543705 0.0295195 2.86788e-05 0.00334121 0.000544065 0.00316457 3.01672e-05 0.0079192 0.060659 0.0298306 0.603224 1.32756e-05 0.0147408 0.00101913 
1.94089e-07 1.47606e-07 8.72827e-05 0.00122172 1.62939e-07 0.000850119 3.63029e-08 6.65267e-08 6.91236e-08 1.25846e-11 0.0719177 5.46031e-08 1.31958e-07 0.189684 0.73427 7.28212e-05 0.00109953 0.000795359 
0.01639 0.00213783 0.00154398 0.0707423 0.031303 0.0125973 0.000114195 0.0390317 0.0128262 0.00218699 0.00458999 0.0212215 0.0972957 0.0212642 0.493522 0.000540328 0.128536 0.0441561 
0.000250198 0.0064537 0.000361541 0.0280632 0.0115536 0.0222979 3.72965e-05 0.0015404 2.91156e-06 0.00417677 0.000108599 0.00238644 0.0569701 0.0210049 0.765798 7.98145e-06 0.0786125 0.00037404 
8.04235e-05 0.118592 0.000156521 0.0451942 0.174291 0.000531423 6.7073e-09 0.0159065 0.000296298 0.000119839 7.33701e-07 0.00170511 0.0211119 0.131883 0.486598 1.00566e-07 0.00340192 0.000131802 
0.0234442 0.00327641 0.00717008 0.0653327 0.0308644 0.0156268 6.08494e-05 0.115841 0.00244194 0.000602549 0.00470549 0.0155828 0.0830678 0.0828131 0.44523 0.00137402 0.0273567 0.0752093 
0.00074476 0.000479452 1.53858e-08 0.0144762 0.00674871 0.0222673 8.07654e-09 4.98239e-08 0.000230344 0.000444052 8.91246e-05 0.00107058 8.55004e-07 0.225725 0.631699 7.37118e-09 0.0955873 0.000436903 
3.66221e-07 0.0581354 0.00525283 0.00882327 0.168156 0.0527739 2.67578e-08 0.0977697 0.0045631 0.000636451 0.00591945 0.0224625 0.221416 0.000855925 0.223101 4.10372e-05 0.0345271 0.095566 
0.000144132 0.000578455 3.67475e-11 0.0648025 0.0025037 0.0151479 1.06087e-05 1.69094e-05 0.000573719 5.2645e-07 0.000111839 0.00112833 0.0740084 0.00376436 0.802871 1.12962e-05 0.0332947 0.00103187 
0.00111916 0.000209354 5.22056e-06 0.0575619 0.0227635 0.0140683 1.00598e-06 0.0056473 0.00312422 7.39547e-08 4.02646e-08 0.000966472 0.0940643 0.0417363 0.628086 0.000206041 0.102934 0.0275068 
0.00074476 0.000479452 1.53858e-08 0.0144762 0.00674871 0.0222673 8.07654e-09 4.98239e-08 0.000230344 0.000444052 8.91246e-05 0.00107058 8.55004e-07 0.225725 0.631699 7.37118e-09 0.0955873 0.000436903 
0.00691567 0.0291418 0.0268742 0.0613029 0.0675699 0.0178524 3.80071e-05 0.036127 0.000596568 0.00127658 0.0188655 0.0324004 0.0851703 0.0624045 0.396489 0.000678542 0.104735 0.0515618 
0.00283804 0.085865 0.000606865 0.0924131 0.13357 0.00268815 0.0101886 0.0546922 0.00100032 9.8249e-05 0.00122442 0.0946216 0.121164 0.0190547 0.301703 0.00361809 0.00036591 0.0742877 
8.85615e-05 0.00450016 0.0225712 0.14331 0.0581953 0.0694956 2.18584e-05 0.147559 0.000198378 6.33111e-07 0.000213723 0.0228932 0.155085 0.00482541 0.225414 0.000101232 0.000989905 0.144537 
0.000841304 0.000501606 0.000221165 0.0498448 0.00413488 0.0306387 9.2495e-06 0.00175257 0.000349814 0.000561282 0.0473298 0.00371683 0.0212298 0.0400584 0.723097 0.00158558 0.0543625 0.019765 
7.55871e-06 0.190751 3.17396e-06 0.0528894 0.215312 0.21878 6.01627e-08 0.0055486 0.00191245 0.000396962 0.00210257 0.0139364 0.0200091 0.0183481 0.232491 1.20403e-06 0.0229286 0.00458109 
0.0103107 0.0107285 0.000989315 0.0157166 0.01861 0.015817 0.000176124 0.0162902 0.000508299 0.00174101 0.000492366 0.00382679 0.0255052 0.246867 0.343294 2.78195e-05 0.286194 0.00290482 
2.84977e-05 0.000739235 0.000530316 6.77686e-05 0.0468103 0.0010461 0.00183747 0.00273833 0.0275224 3.15152e-05 3.1168e-06 0.0081729 0.0202101 0.0259413 0.828073 1.17493e-06 0.00278952 0.0334572 
0.00148957 0.00474141 7.42125e-05 0.016935 0.00195746 0.00195899 3.12291e-07 0.00196328 9.0348e-05 0.000215473 4.09342e-05 0.00288422 0.0156136 0.0227677 0.927869 2.18968e-05 0.000804776 0.000571948 
0.0193226 0.196786 1.0261e-06 0.0922339 0.00531909 1.20727e-08 1.17527e-08 0.0142609 8.76831e-05 0.00137697 0.102618 0.00740203 0.0693819 0.0139463 0.41051 8.36474e-06 0.0114084 0.0553378 
0.0153697 0.0599732 0.00343768 0.13024 0.044954 0.104487 6.41417e-07 0.221051 0.00207801 0.000253254 0.000436143 0.0171152 0.043739 0.0291903 0.292019 2.78748e-05 0.00161309 0.0340147 
6.3316e-05 0.00624662 0.0297968 0.00688264 0.0547527 0.115636 4.50843e-06 0.0202229 0.00126758 0.0113767 0.0302991 4.61681e-05 0.0115821 0.0401935 0.643848 2.14412e-05 0.00815569 0.0196042 
0.0438115 0.00831618 0.000276522 0.0969262 0.0567861 0.0762241 1.07981e-05 0.0802413 0.000283077 0.000205586 0.0791813 0.166602 0.0522329 0.0408464 0.226635 0.00383102 0.000310549 0.0672795 
9.34722e-09 0.000250832 9.56148e-13 3.36524e-05 0.000716495 0.0383723 2.3084e-12 3.82457e-05 1.76498e-08 9.33659e-09 8.26942e-09 4.73892e-08 1.6443e-08 0.0162874 0.496036 3.19153e-08 0.448265 1.42284e-08 
0.00751409 0.00372317 0.00280096 0.0597519 0.025203 0.0181292 1.32382e-05 0.0107878 9.41959e-05 0.00166344 5.52609e-05 0.0226815 0.123387 0.0884843 0.565642 7.44291e-06 0.0595348 0.0105271 
9.20555e-05 0.0329345 6.53743e-05 0.00543393 0.0841849 0.0375035 9.18355e-08 0.000298101 1.14568e-05 1.91346e-10 1.26516e-10 0.00444287 0.000250456 0.0144573 0.818889 5.41715e-06 0.000945565 0.000485262 
0.00152833 0.00237966 0.0332462 0.0535506 0.0656931 0.177361 0.00232666 0.0202387 0.000125414 0.000777649 6.53842e-05 0.00439014 0.0205679 0.106016 0.334764 0.000225896 0.0668314 0.109912 
0.000410256 0.000239059 0.000310817 0.00109599 0.000473984 0.00079108 4.56282e-06 0.000143643 2.24302e-05 1.11174e-11 0.164953 9.40163e-05 0.00109368 0.167907 0.660652 8.72984e-05 0.00103593 0.00068444 
0.000369494 0.350874 0.00103932 0.0466796 0.103685 4.7853e-05 1.21517e-06 0.00751712 6.08612e-07 0.000284171 0.0193927 0.00259718 0.0331618 0.0154416 0.399284 0.0096735 0.00500726 0.00494396 
0.000430107 0.00115756 0.000562505 0.13289 0.0596358 0.0139667 2.13977e-10 0.0292995 6.47304e-05 4.78721e-09 0.000421015 0.039541 0.16391 0.0402136 0.41317 1.98604e-07 0.0359286 0.0688086 
0.00977939 0.0285077 0.00419635 0.0505471 0.170984 0.0187902 9.6346e-05 0.0412748 0.00235968 0.00106845 0.0028832 0.0256827 0.123214 0.0333146 0.379706 0.00308547 0.0824194 0.0220917 
0.0169292 0.0156225 0.00617178 0.077673 0.0462727 0.0363456 0.000180297 0.0794389 0.00285497 0.0128107 0.00942136 0.143023 0.180809 0.0114053 0.209775 0.00414573 0.0196896 0.127432 
2.29424e-05 0.152433 0.000673917 0.102008 0.00785416 0.00466062 5.46578e-11 0.0266487 7.9309e-05 3.67786e-05 8.30736e-05 0.0540335 0.120601 0.0903784 0.405248 3.88448e-05 0.0306669 0.00453219 
6.80551e-08 0.436605 3.91288e-05 0.000485661 0.00141774 0.0315671 1.40585e-05 0.00755953 0.000398192 4.15681e-05 1.9787e-05 0.000494854 0.00291449 0.00572118 0.512379 2.59016e-06 0.000179974 0.000159518 
0.120792 0.0147837 0.0135483 0.018624 0.0115536 0.0544883 9.84615e-06 0.0322388 0.000676685 0.000133924 0.000106954 0.00385676 0.0231289 0.0138941 0.677795 3.3396e-05 0.00377191 0.0105642 
0.00805849 0.106662 0.00176418 0.0457343 0.0513122 0.026129 0.00136753 0.0327608 0.00275588 0.00458528 0.00593001 0.0239911 0.055371 0.120555 0.458482 0.00179999 0.0287478 0.0239936 
0.0008192 0.0126267 0.00076143 0.0230196 0.00960987 0.012176 1.41047e-06 0.0113778 0.000196656 0.00120698 0.00776808 0.0154524 0.162497 0.0163906 0.713628 5.53511e-05 0.00880258 0.00361076 
0.0245372 0.0817209 0.000190825 0.0153577 0.0276646 0.175223 3.50822e-08 0.017049 0.0275661 0.00164793 0.0664571 0.180637 0.0842905 0.000351782 0.25929 0.000334825 0.000201507 0.0374798 
0.00531766 0.0178043 0.0210397 0.0581971 0.0278439 0.0594532 1.97455e-05 0.0340096 0.00192277 0.00312181 0.00108529 0.0361024 0.111719 0.121238 0.398893 0.00277854 0.0901902 0.00926281 
