0.000118078 0.0055304 0.0009239 0.0563756 0.0941944 0.0613626 1.15878e-05 0.0248855 0.00147797 0.00369911 0.0965278 0.00731151 0.0578597 0.0644375 0.412292 0.00291254 0.0364633 0.0736162 
0.00863534 0.0055066 0.00670293 0.102371 0.0361117 0.0409909 2.65925e-05 0.00367065 3.52365e-05 0.000172095 7.317e-05 0.0244228 0.0872561 0.123932 0.500883 0.000103999 0.0405399 0.0185658 
0.0162908 0.0156344 0.00051478 0.0263025 0.192032 0.149978 2.12047e-06 0.0752608 0.00339511 0.0010845 0.000298741 0.00496694 0.0561968 0.024048 0.227306 8.02894e-05 0.000180782 0.206428 
0.0110845 0.0002211 0.000659413 0.0358474 0.0118073 0.0163909 1.62899e-06 0.00169377 5.96613e-05 5.66516e-07 4.813e-06 0.0174981 0.00805083 0.0958134 0.759533 0.000489176 0.0258367 0.0150074 
0.00721091 0.0233552 0.000345559 0.028687 0.034093 0.0144575 5.20234e-06 0.0518086 0.00123124 0.000892272 0.000674939 0.0279502 0.00668745 0.0364203 0.753641 1.73344e-06 0.003339 0.00919874 
0.00439128 0.168204 0.007911 0.147199 0.0274122 0.00402218 0.00083249 0.00675547 0.000111247 0.101405 0.000442121 0.0104289 0.0161644 0.223171 0.225869 2.773e-07 0.0406552 0.0150244 
0.00527162 0.00553119 0.00322749 0.0419633 0.0243854 0.092884 9.3891e-05 0.0162576 0.000353684 0.00251269 0.00197136 0.0263886 0.0403853 0.137007 0.541815 0.000527007 0.0475696 0.0118547 
0.00483819 0.0317154 0.00468282 0.0730478 0.096083 0.00564045 2.74131e-05 0.0304115 0.000587319 0.000135903 0.00149516 0.0216951 0.0102779 0.0205743 0.632335 0.0013411 0.0502332 0.0148783 
1.46246e-05 0.046999 0.000990716 0.00821909 0.150558 0.0615174 5.88526e-07 0.169388 2.21949e-05 0.000347892 9.16223e-05 0.00588565 0.17318 0.049372 0.270363 5.03891e-06 0.00683726 0.0562067 
0.00421303 0.0244054 0.000373016 0.0946878 0.050665 0.0103121 1.90613e-05 0.019907 0.00127454 0.000134388 1.98425e-07 0.00367508 0.0257635 0.0816946 0.651159 1.78669e-05 0.0191349 0.0125635 
0.000270706 0.0045346 0.00126166 0.00775133 0.0589002 0.000646143 1.55883e-09 0.0195605 1.87644e-06 0.00219666 0.00037352 0.00489353 0.0212188 0.102822 0.693639 2.96446e-10 0.073674 0.00825616 
0.000145782 0.00144106 4.98007e-05 0.00122486 0.000192991 0.000127003 2.05721e-11 0.028442 2.25569e-05 4.35744e-05 0.0290464 0.00377313 0.0136818 0.00441208 0.913661 3.91224e-12 2.70639e-05 0.00370879 
0.00123083 0.0168263 8.16998e-06 0.0438358 0.0150179 0.146077 0.00254103 0.123733 0.00605108 8.01988e-06 0.00143556 0.0454585 0.0386128 0.162372 0.31974 0.000119741 0.0120311 0.0649017 
0.103202 0.00517763 0.0256051 0.0688489 0.00890185 0.0155584 6.22131e-07 0.0165699 0.000115248 5.32402e-05 0.00651736 0.0641044 0.219749 0.0128618 0.435361 0.000251589 0.0022071 0.0149154 
0.0315258 0.0176148 0.000104706 0.0165575 0.0738491 0.00030905 7.21884e-07 0.080203 3.8565e-07 0.0167889 0.0302347 0.00219474 0.114007 0.0422281 0.525189 5.74888e-08 0.0408342 0.00835843 
0.00152061 0.00114129 0.00261065 0.00172663 0.0696296 0.224116 2.67536e-06 0.116807 0.066326 0.00045433 0.0169639 0.01577 0.0606043 0.0563222 0.33085 2.0432e-06 0.0339108 0.00124254 
0.000902391 0.0622407 0.00104395 0.035024 0.00961812 0.00858179 2.02581e-05 0.00476501 0.00525688 0.001239 0.000521253 0.0062449 0.106382 0.0458355 0.681644 2.2183e-06 0.0114704 0.0192074 
3.8898e-05 0.00716973 0.00354601 0.000314543 0.00464749 0.000325351 3.83396e-05 0.139937 1.98871e-06 2.06414e-06 1.36479e-06 0.00314009 0.00127881 0.000440404 0.836939 5.14477e-07 0.00186446 0.000313949 
0.0292252 0.00666697 0.0911643 0.0734568 0.0555327 0.013928 0.000114221 0.0660171 6.94199e-05 4.546e-05 0.00166259 0.0510598 0.171765 0.031755 0.347036 7.8752e-06 0.0190845 0.0414094 
0.00010349 4.92975e-05 2.80904e-08 0.00862611 0.0373298 0.0194552 0.000109782 0.00840385 3.64219e-05 2.8867e-05 3.19272e-08 0.00111968 0.00257599 0.085337 0.770413 0.000214917 0.0642777 0.00191902 
0.00148957 0.00474141 7.42125e-05 0.016935 0.00195746 0.00195899 3.12291e-07 0.00196328 9.0348e-05 0.000215473 4.09342e-05 0.00288422 0.0156136 0.0227677 0.927869 2.18968e-05 0.000804776 0.000571948 
0.00585374 0.0590514 0.000377194 0.127559 0.116852 0.0195024 7.80162e-06 0.0415954 0.00160181 0.000228033 0.0214281 0.0211468 0.0568595 0.015204 0.408881 0.0423789 0.0538786 0.00759407 
1.94089e-07 1.47606e-07 8.72827e-05 0.00122172 1.62939e-07 0.000850119 3.63029e-08 6.65267e-08 6.91236e-08 1.25846e-11 0.0719177 5.46031e-08 1.31958e-07 0.189684 0.73427 7.28212e-05 0.00109953 0.000795359 
0.00170253 0.00971673 0.0341765 0.0173177 0.0183624 0.152468 1.21783e-05 0.161593 0.0236123 0.0237873 0.00639198 0.0614101 0.164198 0.0143496 0.245892 0.000233969 0.0472276 0.0175484 
0.00256845 0.000646947 3.68113e-05 0.000329493 0.0718684 0.00822527 0.000158325 0.000391185 1.46949e-06 9.84054e-10 4.11605e-07 0.0017713 0.00813943 0.328412 0.563292 1.262e-07 0.0140138 0.000144514 
0.0300604 0.00363509 0.000630684 0.0638958 0.0132747 0.0474989 6.60135e-05 0.00958185 0.00259366 0.0978217 0.216031 0.0330419 0.107053 0.0317063 0.219683 0.000282572 0.0981858 0.0249577 
0.057906 0.000102154 2.83437e-05 0.0147583 0.0226908 0.0018816 6.40386e-07 0.000723887 0.000427834 4.12297e-05 0.289612 0.0354113 0.0421525 0.106577 0.343762 0.00266803 0.0811038 0.000153375 
3.43312e-05 0.0345822 0.000954933 0.0103537 0.0120265 0.0164047 4.23613e-09 0.00171928 0.0361634 4.26423e-05 0.00467968 0.0482479 0.369461 0.0135862 0.404565 6.17636e-07 0.034993 0.0121855 
3.85305e-06 2.05314e-07 9.12717e-07 2.71921e-06 1.10179e-06 0.00131417 4.24569e-11 0.396835 3.12105e-11 0.000516318 2.14187e-11 0.00569755 0.0177866 0.0231831 0.554657 5.49047e-07 2.67386e-07 3.47272e-07 
0.00519857 0.00356645 0.000101463 0.047508 0.025013 0.0048762 2.00725e-05 0.00496089 0.000237953 0.000156935 0.002359 0.0229729 0.149489 0.0630726 0.648379 1.89441e-06 0.0218064 0.000279839 
0.0021952 0.0267899 0.00113253 0.0460984 0.0453391 0.0886741 8.91102e-06 0.0131815 0.000169828 0.000376536 0.00300754 0.0436263 0.118961 0.123987 0.387306 7.80331e-05 0.00672141 0.0923474 
0.000161326 9.38441e-05 1.30213e-05 0.00329868 0.00235678 0.00239047 1.15541e-10 0.000649232 0.000463376 4.79223e-05 0.000168909 0.0125897 0.0406411 0.000355161 0.936669 1.43397e-06 5.07968e-06 9.50477e-05 
0.00942013 0.000862098 0.000365199 0.0265369 0.0347545 0.0211197 4.15629e-05 0.00570105 0.0010728 0.0003544 0.000521961 0.00911116 0.0331658 0.0354252 0.552955 9.47186e-05 0.264752 0.00374567 
0.000539342 0.00625326 0.000682614 0.0261286 0.163051 0.225969 2.52607e-07 0.00258513 0.000664796 1.00347e-06 0.00837709 0.00400449 0.229407 6.87018e-05 0.265591 2.29904e-07 0.0652986 0.001378 
0.00886789 0.0207082 0.00515173 0.0535039 0.0542911 0.0112617 5.39526e-05 0.0504316 0.00222266 0.00115275 0.00343049 0.0402574 0.0565662 0.108151 0.400245 0.00223323 0.163862 0.0176098 
0.0283351 0.00101264 0.000214239 0.0663748 0.0481203 0.00663655 8.56334e-05 0.00995533 0.0113204 0.00169866 2.27972e-10 0.00681721 0.0403674 0.0124843 0.668705 0.000259749 0.004291 0.093322 
0.000650688 0.0145744 8.10079e-05 0.0202085 0.029071 0.0554297 4.95348e-05 0.0499748 0.0169308 0.00155808 0.000197136 0.114728 0.302044 0.0256816 0.30252 0.0278277 0.0365826 0.00189085 
0.0134844 0.027191 0.0016213 0.0367585 0.117535 0.0571983 7.38633e-06 0.0752913 0.0126773 0.00115994 0.0138216 0.0342958 0.23859 0.0140819 0.264763 0.0101842 0.031708 0.0496313 
0.00535273 0.0285638 0.00045314 0.0186992 0.00993915 0.00169784 4.97191e-06 0.089802 3.6805e-05 0.00158556 9.98789e-06 0.00286756 0.0585878 0.0323234 0.73354 4.14212e-05 0.0138595 0.00263525 
0.013327 0.000954431 0.000132333 0.0482448 0.0132974 0.00592357 4.33749e-06 0.00436451 0.000679045 0.000658591 0.00514622 0.0258055 0.0374291 0.160646 0.534345 0.00227176 0.14072 0.00605067 
0.00386068 0.0437951 0.0145167 0.0691586 0.203327 0.0286739 2.5175e-05 0.131333 0.0207436 0.000363196 0.0235705 0.0537951 0.0551648 0.0161604 0.31799 5.7239e-05 0.00144731 0.016018 
0.117841 0.11323 3.838e-06 0.111673 0.0758707 0.00158126 2.71154e-07 0.0266332 5.7391e-05 0.000170429 0.00163365 0.0204263 0.0703527 0.00556278 0.307103 0.000139333 0.000317214 0.147404 
0.203451 0.00863179 0.00133507 0.168247 0.079496 0.0190308 0.000167333 0.0207503 0.00142917 0.000136842 0.000221719 0.00726549 0.192781 0.0399051 0.221314 0.000244963 0.022117 0.013476 
0.0017162 0.0790707 0.000125838 0.00158975 0.00490778 0.00400119 1.73264e-09 0.15258 9.17722e-05 6.20811e-05 0.0134009 3.90964e-06 0.0129443 0.00127853 0.587805 2.17053e-07 0.137334 0.00308777 
0.00640324 0.0254837 0.000287616 0.228029 0.0886947 0.0560982 0.000241871 0.00759346 0.00169624 0.000471414 8.15602e-05 0.00261405 0.0608732 0.108153 0.321136 7.11801e-05 0.0513345 0.040736 
3.85305e-06 2.05314e-07 9.12717e-07 2.71921e-06 1.10179e-06 0.00131417 4.24569e-11 0.396835 3.12105e-11 0.000516318 2.14187e-11 0.00569755 0.0177866 0.0231831 0.554657 5.49047e-07 2.67386e-07 3.47272e-07 
0.0442205 0.0902649 0.00284953 0.0393258 0.0183243 0.0175551 8.49453e-06 0.029929 0.00195713 0.015771 0.00537697 0.0309241 0.0789366 0.0448716 0.525035 0.000571364 0.029369 0.0247095 
0.00148957 0.00474141 7.42125e-05 0.016935 0.00195746 0.00195899 3.12291e-07 0.00196328 9.0348e-05 0.000215473 4.09342e-05 0.00288422 0.0156136 0.0227677 0.927869 2.18968e-05 0.000804776 0.000571948 
0.000431511 0.000493704 7.48539e-07 0.0186892 0.0225258 0.00354313 7.64552e-07 8.43887e-05 0.000177443 0.000114066 0.00245407 0.00222856 0.0117158 0.0144146 0.786486 0.000146048 0.136363 0.000130851 
0.00135441 0.00715297 0.00706938 0.0259348 0.0295764 0.00694407 1.40175e-05 0.0200575 0.000687588 0.000903377 0.00163906 0.00735048 0.0455187 0.230649 0.551288 0.00476919 0.0502473 0.00884441 
0.000918941 0.0199332 0.000385549 0.00821022 0.0227278 0.0070869 6.02969e-05 0.0316152 1.65714e-05 0.00228667 0.00106774 0.0244242 0.0496177 0.287851 0.522538 8.03159e-08 0.0148596 0.00640029 
0.000315799 0.0348109 0.0616182 0.00208097 0.0469331 0.139977 7.0332e-05 0.158848 0.00192673 0.00860583 0.00381801 0.176099 0.10987 0.00184898 0.208411 0.0139864 0.000372938 0.0304062 
0.000271105 0.0243144 0.00125483 0.0197091 0.103546 0.0190831 4.48237e-07 0.0382573 0.000203707 0.000488258 0.015932 0.0188813 0.0759573 0.119957 0.507577 7.66665e-06 0.036841 0.0177179 
5.41822e-06 5.41823e-06 5.41749e-06 5.41992e-06 5.41917e-06 0.0151785 5.41291e-06 5.41985e-06 5.41497e-06 5.41476e-06 5.41677e-06 5.41983e-06 5.42024e-06 0.332699 0.624944 5.41919e-06 0.0227675 0.00434092 
0.000705697 0.000651975 0.000338126 0.00299497 0.0105934 0.0541497 2.11755e-05 0.00419001 0.000239232 0.033137 0.000862749 0.0408367 0.0271773 0.010603 0.503299 7.46078e-05 0.30954 0.000585763 
0.000354489 0.0668653 1.05219e-05 0.0369525 0.0253524 0.105526 5.71533e-06 0.00293955 0.00181445 4.14508e-05 0.000184372 0.0445023 0.200184 0.0250989 0.420887 0.000128186 0.0671581 0.00199549 
0.000153733 0.00984128 0.0010452 2.62609e-05 0.0161662 0.239301 2.55285e-06 0.0137464 2.59127e-05 0.000371416 0.00679389 0.116996 0.207833 0.00573961 0.326192 1.50462e-05 0.0295133 0.0262373 
0.00308789 0.0764041 0.000416995 0.0153968 0.0865097 0.0306975 0.000102229 0.0460124 0.00119571 0.00247719 0.00364965 0.0219786 0.00757321 0.0235348 0.652802 0.000295557 0.0102329 0.0176326 
0.00148957 0.00474141 7.42125e-05 0.016935 0.00195746 0.00195899 3.12291e-07 0.00196328 9.0348e-05 0.000215473 4.09342e-05 0.00288422 0.0156136 0.0227677 0.927869 2.18968e-05 0.000804776 0.000571948 
0.0154984 0.0104371 0.00183823 0.0612922 0.0203627 0.0137553 1.08447e-05 0.0134363 0.00170611 0.00190571 0.00598283 0.00947089 0.0722844 0.258256 0.357615 0.00384597 0.144864 0.00743812 
0.00253772 0.164664 0.00145509 0.00868283 0.0346288 0.00218235 7.02479e-07 0.0472408 0.00016147 0.00436839 3.19624e-05 0.00389621 0.00973923 0.010888 0.696885 0.000418452 0.00760888 0.00460965 
0.00272755 0.138232 0.000113922 0.0249825 0.00374693 0.00660073 5.33189e-07 0.0136573 0.0022614 0.000612266 0.0043728 0.00722212 0.0246943 0.0256759 0.723947 8.32019e-07 0.0193844 0.00176763 
0.0007657 0.000515018 4.70085e-05 0.00552569 0.170575 0.00989256 1.72217e-11 0.00603256 1.23424e-07 0.00401529 4.15523e-05 0.0271626 0.0611443 0.067361 0.624121 1.31559e-05 0.0225943 0.000193376 
0.011134 0.0211588 0.00252993 0.0417588 0.0540023 0.0268237 0.00105279 0.0278268 0.00118735 0.001762 0.00249928 0.0272686 0.0743929 0.0479583 0.543519 0.00389298 0.0964275 0.0148053 
0.00577151 0.00300004 0.00250648 0.134082 0.0211058 0.00554688 9.13327e-06 0.00829763 0.000106238 6.27599e-05 0.000342203 0.00655233 0.0155771 0.353939 0.385687 9.45391e-06 0.0557124 0.00169213 
0.00803483 6.38504e-05 1.98025e-06 0.127478 0.0102854 0.00103407 9.44101e-09 0.00501159 6.1553e-08 6.75619e-06 0.00302095 0.00794977 0.111383 0.010703 0.698693 1.84332e-05 0.0102097 0.00610532 
0.0063911 0.0542315 0.00221649 0.03154 0.0128319 0.0130629 2.60262e-05 0.0177779 0.0010623 0.00447691 0.0106292 0.0262973 0.0612565 0.0494003 0.64647 0.00120855 0.0517115 0.00940981 
3.85305e-06 2.05314e-07 9.12717e-07 2.71921e-06 1.10179e-06 0.00131417 4.24569e-11 0.396835 3.12105e-11 0.000516318 2.14187e-11 0.00569755 0.0177866 0.0231831 0.554657 5.49047e-07 2.67386e-07 3.47272e-07 
0.00951153 0.0386639 1.65339e-05 0.0354266 0.0308337 0.0527243 0.00099791 0.00333167 0.0425966 0.000152022 0.0126687 0.0213583 0.136708 0.0516889 0.465564 0.0953441 0.000532444 0.00188046 
9.34722e-09 0.000250832 9.56148e-13 3.36524e-05 0.000716495 0.0383723 2.3084e-12 3.82457e-05 1.76498e-08 9.33659e-09 8.26942e-09 4.73892e-08 1.6443e-08 0.0162874 0.496036 3.19153e-08 0.448265 1.42284e-08 
1.4808e-05 6.24311e-08 0.00258478 0.000951346 0.00198083 6.70024e-05 2.05005e-11 0.0034184 1.50701e-11 1.56417e-11 1.03421e-11 1.07259e-08 0.00608347 0.231092 0.748272 3.89862e-12 0.000150705 0.00538535 
0.00290331 0.00390815 8.88673e-05 0.00394371 0.00303461 0.00483404 1.67814e-07 0.0187548 0.000882657 0.00699797 0.0291999 0.01903 0.0459049 0.101038 0.580383 3.74736e-05 0.17074 0.00831772 
0.00063768 0.0397418 0.000446853 0.000615698 0.0709238 0.0191516 1.38612e-06 0.0618071 9.84707e-06 0.000788876 2.40398e-07 0.00206801 0.150525 0.0445857 0.604646 1.67783e-10 0.00247417 0.00157603 
1.94089e-07 1.47606e-07 8.72827e-05 0.00122172 1.62939e-07 0.000850119 3.63029e-08 6.65267e-08 6.91236e-08 1.25846e-11 0.0719177 5.46031e-08 1.31958e-07 0.189684 0.73427 7.28212e-05 0.00109953 0.000795359 
0.00107089 0.0316968 2.09365e-05 0.0145065 0.000532275 0.00029988 1.12898e-08 0.00218212 3.62834e-05 0.00086078 0.0164919 0.00239933 0.00728478 0.173631 0.747016 0.000118244 0.00102244 0.00082972 
0.0108166 0.183277 0.00515409 0.0609044 0.068971 0.00189857 1.92113e-05 0.0164104 0.000111355 0.00552455 0.00104726 0.00415695 0.0110875 0.0250653 0.599114 0.000239428 0.00486211 0.00134057 
0.00110865 0.0336297 0.00163323 0.042656 0.0510097 0.00220097 4.93745e-09 0.0431286 0.0014378 0.000162955 0.00137878 0.00590381 0.0192169 0.00255256 0.785041 1.55419e-06 0.000409959 0.0085276 
0.0150962 0.00633007 0.000343595 0.064361 0.0574712 0.0400637 2.10051e-05 0.0226987 0.00204458 0.00091878 0.000658218 0.0364808 0.0958267 0.053916 0.354329 0.014141 0.00460024 0.230699 
0.00122977 0.375598 0.00014422 0.00709675 0.000105645 0.00293122 3.1643e-05 0.00828985 0.000122918 1.15752e-06 0.00516303 0.0013896 0.109811 0.0120186 0.464113 4.68396e-06 0.000269488 0.0116789 
0.00946616 0.0642704 0.0111528 0.135455 0.152683 0.0138089 0.000241528 0.0466189 0.000121111 0.004881 6.02741e-07 0.00892621 0.134438 0.0601126 0.318926 6.09042e-05 0.0186951 0.0201419 
0.000430107 0.00115756 0.000562505 0.13289 0.0596358 0.0139667 2.13977e-10 0.0292995 6.47304e-05 4.78721e-09 0.000421015 0.039541 0.16391 0.0402136 0.41317 1.98604e-07 0.0359286 0.0688086 
0.000816883 0.00550468 0.00103682 0.00768444 0.0885572 0.133281 8.71822e-05 0.19614 0.186513 0.000342582 0.0180466 0.0203577 0.0039415 0.0316677 0.201766 0.00715787 0.0605526 0.0365456 
0.0084971 0.000614213 7.50926e-06 0.100354 0.0153255 0.149179 0.000336587 0.0206292 0.00122514 1.34144e-07 3.97116e-06 0.0181652 0.0541396 0.0722197 0.418644 8.72637e-05 0.0530499 0.0875213 
0.0386048 0.0025698 0.000438852 0.0597057 0.0335531 0.0754029 8.70118e-06 0.0313583 0.135095 0.000371839 0.0066174 0.169201 0.028217 0.0169399 0.323805 0.0119909 0.0116975 0.0544216 
0.00150569 0.0829516 0.000804524 0.113896 0.138678 8.7957e-07 0.000121967 0.040146 7.32803e-06 4.07897e-05 2.30187e-07 0.0178024 0.0650478 0.00295667 0.418076 0.0149844 0.0169377 0.0860426 
0.0201175 0.00507543 0.00150853 0.0263797 0.0165924 0.0145245 2.01398e-05 0.00970606 0.00169595 0.00364298 0.0031146 0.0147136 0.0464968 0.215712 0.34757 0.000838778 0.263498 0.00879394 
0.00830577 0.0251579 0.00298956 0.030138 0.175873 0.0475967 0.000625888 0.0470639 0.00210555 0.00730718 0.0031465 0.0189131 0.0797757 0.0556167 0.391509 0.00100065 0.0907714 0.0121031 
2.50453e-05 2.50454e-05 2.5042e-05 2.50532e-05 0.273067 0.117754 2.50208e-05 2.50529e-05 2.50303e-05 0.0250544 2.50386e-05 2.50528e-05 2.50547e-05 0.0375946 0.546204 2.50498e-05 2.50515e-05 2.50507e-05 
0.00219008 0.27656 0.00543937 0.0676597 0.105241 0.0264217 0.000708376 0.0645584 0.00229557 0.00859272 0.00647055 0.0204957 0.0776493 0.0115408 0.294566 0.011255 0.00300933 0.0153462 
0.031328 0.00204203 0.00218526 0.0191414 0.0112785 0.0114391 1.03299e-05 0.00707329 0.000357396 4.38686e-05 0.00399734 0.0104314 0.00614384 0.0871474 0.786514 0.00111327 0.0112374 0.00851604 
0.00337022 0.0122413 0.00143254 0.0760593 0.0167418 0.00120333 1.42446e-09 0.0502286 5.50719e-06 0.000219354 3.42353e-05 0.00498625 0.0161429 0.36179 0.420228 3.22729e-05 0.0329723 0.00231256 
3.66491e-07 0.00512847 1.25263e-05 0.0577624 0.0536648 0.00053755 3.07396e-10 0.00522781 0.000129367 0.0481212 9.98673e-08 7.73e-05 0.00505303 0.107351 0.699187 5.8458e-11 0.0177471 5.12069e-11 
6.03389e-05 0.0560608 1.06288e-06 0.111073 0.0931971 0.0011697 3.6558e-05 0.030152 1.37022e-05 0.000377124 0.00553437 0.0175485 0.0504379 0.0180144 0.606932 0.000592499 0.00649134 0.00230803 
0.000190445 0.024181 0.0132281 0.030782 0.112055 0.0410983 7.36133e-07 0.141328 0.000451004 0.00573567 0.000674592 0.0324476 0.215833 0.0119554 0.238869 1.31149e-05 0.115345 0.015813 
0.005071 0.0137195 0.00533386 0.0619991 0.147078 0.10819 2.73632e-05 0.048129 0.000234727 0.00204698 0.000542309 0.138685 0.080003 0.0696886 0.266222 0.000877793 0.00550594 0.0466446 
0.00172998 0.000153538 0.00158924 0.0416266 0.07258 0.0377855 4.89619e-05 0.0250948 0.0375989 0.00148297 0.000448845 0.0512548 0.00894738 0.0479552 0.548713 8.28143e-05 0.00893119 0.113976 
0.00385567 0.000456267 1.1045e-05 0.00128057 0.0211578 0.0139841 1.05288e-10 0.00308689 2.09707e-07 0.0119394 3.0285e-05 0.0250821 0.00933595 0.0164934 0.807676 0.000274823 0.0668459 0.0184893 
0.00456608 0.000919692 0.0373236 0.146501 0.0661639 0.0280488 1.26428e-05 0.145005 5.1585e-05 0.00830821 0.000932284 0.0520444 0.0559192 0.00495835 0.25559 1.89446e-05 0.0513529 0.142285 
0.00172699 0.0232292 0.00943869 0.203308 0.12006 0.00464071 4.38772e-06 0.0725225 3.21466e-05 0.000234575 0.00017073 0.0528643 0.030645 0.0105011 0.384597 7.08763e-06 0.0300296 0.055988 
3.7723e-06 0.0623918 0.251017 0.025203 0.00120935 0.000438318 7.25681e-06 0.0676326 0.0491122 6.54145e-05 0.00561614 0.013049 0.0952302 4.0927e-05 0.260199 1.63195e-07 6.6011e-05 0.168718 
0.00581976 0.0207527 0.00647815 0.0140448 0.069511 0.102661 6.2263e-05 0.0165239 0.00715397 0.00225305 0.00223695 0.0694252 0.116177 0.0105438 0.445403 0.000855199 0.0354668 0.0746319 
0.00664596 0.0209307 0.00526675 0.00243967 0.00148004 0.0598848 1.72032e-06 0.000578605 0.0162173 1.8342e-06 0.00116951 0.010126 0.0201829 0.0157631 0.809148 1.96511e-06 0.0279783 0.00218319 
6.91793e-07 1.27122e-06 4.02871e-10 0.0146753 0.162308 0.146851 9.1155e-08 0.0995473 7.14999e-10 7.57634e-07 0.00142356 0.0316988 0.0159524 0.00243551 0.340483 2.36135e-06 2.19471e-05 0.184598 
0.00619886 0.0147332 0.00739609 0.0486495 0.134001 0.132906 1.92021e-05 0.0444642 0.000375309 0.00195251 0.0126827 0.0221643 0.0414186 0.0205052 0.352662 0.000104139 0.14887 0.0108962 
0.00136238 0.210626 0.00168263 0.0474291 0.079696 0.0233293 2.69612e-06 0.0835148 0.000402226 0.0185127 0.0556339 0.00616938 0.115682 0.0694177 0.279582 0.000532136 0.00276922 0.00365553 
0.230908 0.00336351 0.000206978 0.0216372 0.0607522 0.019149 9.13048e-05 0.00254941 0.00180304 0.0361159 0.00202562 0.00556777 0.0502676 0.0192157 0.492217 0.000118434 0.0439261 0.0100849 
0.000119956 0.119681 1.99683e-07 0.0275064 0.0193829 0.0124027 2.95254e-07 0.00785385 0.000453842 0.000602181 9.03697e-11 0.0010114 0.00462575 0.140677 0.635876 0.0129802 0.00495479 0.0118715 
0.0671731 0.00568049 0.00232942 0.044978 0.104761 0.0190632 2.98915e-05 0.014141 6.00889e-05 0.000785538 0.000249914 0.0186173 0.159886 0.00512246 0.482389 0.000471187 0.0616581 0.0126049 
2.75482e-07 5.15303e-05 0.0025919 0.0627115 0.00320124 0.00235652 1.16436e-10 0.0104243 8.50364e-08 1.33071e-09 4.40087e-05 0.00094009 0.00719436 0.00137212 0.777458 2.21428e-11 0.00698527 0.124669 
0.000821864 0.000751154 0.000239767 0.0113268 0.00842955 0.000315022 4.29544e-07 0.00448975 8.47778e-11 4.3318e-08 3.1614e-05 2.67008e-05 3.17278e-05 0.0171536 0.903569 8.11551e-06 0.0526155 0.000189674 
1.0158e-07 4.44974e-05 9.73673e-05 1.94666e-08 0.0312194 7.65433e-07 6.29866e-11 0.000328629 4.63021e-11 4.80581e-11 0.00291029 0.00127048 0.000291925 0.119162 0.732355 2.15438e-09 0.11232 3.19137e-08 
0.000911658 0.0129147 0.000182559 0.0112569 0.0264083 0.00453878 4.97567e-07 0.0166255 8.97984e-06 0.000109931 5.55747e-06 0.000255406 0.0809706 0.0224709 0.748852 1.79759e-05 0.0723166 0.00215262 
0.00591488 0.00302149 0.000150582 0.00129221 0.00727352 0.0269059 1.00096e-08 0.00216734 0.00195285 0.00024388 0.0297038 0.0274659 0.149167 0.00994797 0.586693 0.001031 0.127737 0.0193312 
0.000158373 0.0901257 0.0020167 0.0848669 0.059926 0.0126161 0.000199243 0.0984953 6.65449e-05 0.00208854 0.000873798 0.00844485 0.0546896 0.00519285 0.567945 0.00818194 0.000542441 0.00356969 
0.000411698 0.00634376 0.00229156 0.0525092 0.0988872 0.29821 1.01423e-05 0.0118858 0.0142212 0.000547797 0.0210805 0.0176418 0.0726361 0.00995968 0.341522 7.23665e-05 0.00867415 0.0430952 
0.000106898 0.00388034 1.45406e-05 0.134823 0.101851 0.0893845 0.00939769 0.00274385 0.00174075 0.0110448 0.000462744 0.0179782 0.101266 0.00916341 0.44025 0.000315412 0.0135506 0.0620266 
0.0195291 0.150358 0.00264714 0.0381088 0.0389766 0.0243291 1.95939e-05 0.131327 0.00321313 0.00137444 0.00135447 0.00508854 0.277653 0.00380292 0.28252 5.80496e-07 0.0172075 0.00248965 
0.00586365 0.00570206 0.0161834 0.246721 0.00629263 0.000480833 6.25454e-07 0.00417357 9.43849e-06 0.000168935 5.98164e-05 0.0297452 0.00749815 0.0110746 0.601793 0.000132699 0.0361806 0.0279203 
0.000102342 0.0338004 0.00654937 0.0190675 0.109562 0.0294096 0.00180141 0.072489 0.00137884 0.000401065 7.72847e-05 0.159808 0.0847512 0.0120493 0.347233 0.000144715 0.0359469 0.0854281 
0.0203843 0.0489802 0.0020185 0.016088 0.0260362 0.129496 3.09043e-06 0.00429897 0.00251267 0.00130682 5.02808e-05 0.0301717 0.0441738 0.029227 0.634415 0.000417436 0.00989272 0.000527349 
1.24208e-06 0.118955 3.79042e-05 0.00377369 0.0289578 0.223379 9.72415e-07 0.00474586 0.00111314 3.66197e-05 0.010334 0.00478169 0.0332438 0.0402206 0.514607 1.12745e-05 0.0155979 0.000202665 
0.0877345 0.0524714 4.61905e-08 0.00673635 0.127278 0.0207038 0.000107708 0.00278908 3.65756e-05 7.10491e-06 1.66395e-07 0.00302923 0.145448 0.0985173 0.44515 5.12521e-08 0.00963102 0.000359779 
0.00148957 0.00474141 7.42125e-05 0.016935 0.00195746 0.00195899 3.12291e-07 0.00196328 9.0348e-05 0.000215473 4.09342e-05 0.00288422 0.0156136 0.0227677 0.927869 2.18968e-05 0.000804776 0.000571948 
0.00538875 0.0038723 0.0076017 7.13793e-05 0.104424 0.00213079 5.54693e-07 0.14616 0.00124745 0.000852424 0.00458139 0.0955288 0.0554133 0.000552458 0.569228 1.5956e-05 0.00223065 0.000700921 
0.0210731 0.00671446 0.000635972 0.0579556 0.0275935 0.0521206 0.000116484 0.0126569 0.000569571 0.00181418 0.00139219 0.0326631 0.0504968 0.0442408 0.652026 0.00292641 0.0182165 0.0167875 
0.00621356 0.292478 9.98731e-05 0.0178905 0.0179676 0.0273557 1.18593e-06 0.0228565 0.000730993 0.000145901 0.00306809 0.0553655 0.0522833 0.00511739 0.42727 0.0182156 0.0453807 0.00755956 
1.94089e-07 1.47606e-07 8.72827e-05 0.00122172 1.62939e-07 0.000850119 3.63029e-08 6.65267e-08 6.91236e-08 1.25846e-11 0.0719177 5.46031e-08 1.31958e-07 0.189684 0.73427 7.28212e-05 0.00109953 0.000795359 
0.00506289 0.00144656 1.84861e-07 0.00122906 0.00835225 0.0389617 1.50553e-09 0.000804643 1.98633e-06 2.38862e-05 0.000399753 0.0203471 0.0175003 0.00555489 0.854664 0.000111309 0.0450374 0.000502395 
5.11913e-06 0.0480189 0.00535894 3.2309e-09 0.035315 0.00300678 6.97344e-06 0.0309094 6.33834e-05 0.0139947 0.152218 0.00678314 0.193246 0.173577 0.258419 8.36402e-07 0.000149539 0.078926 
0.00341616 0.0538593 0.00115351 0.0374445 0.0193586 0.0220231 1.0689e-07 0.0029926 0.000557181 0.00116505 4.80536e-05 0.133772 0.334529 0.00180776 0.357133 0.000343446 0.0256149 0.00478102 
0.0119008 0.0168045 0.00341124 0.0225718 0.0537898 0.0466277 2.55323e-05 0.0228181 0.00444782 0.00260593 0.00200468 0.0215249 0.0866919 0.041696 0.559583 0.000612055 0.0955569 0.00732723 
0.015701 0.0451944 0.0172972 0.0107509 0.0620893 0.0599525 3.39237e-06 0.133519 0.0127021 0.00468699 0.0686522 0.0912764 0.145736 0.0288617 0.285129 0.000331916 0.00157163 0.0165439 
0.174743 0.00946422 0.00203755 0.0434097 0.023841 0.00502854 1.64024e-06 0.11306 0.00521855 0.000890856 0.0100566 0.0157716 0.0308343 0.00129268 0.561068 0.00130142 0.000279622 0.00170031 
3.95479e-05 0.00972401 1.15882e-07 0.0059397 0.0142009 0.00395107 5.60224e-08 0.0154671 3.38727e-05 0.0052419 1.64066e-07 0.00171681 0.0127786 0.0046249 0.918095 3.67228e-06 0.00811357 6.86314e-05 
0.000297509 0.228184 0.000547161 0.0115005 0.00543705 0.0295195 2.86788e-05 0.00334121 0.000544065 0.00316457 3.01672e-05 0.0079192 0.060659 0.0298306 0.603224 1.32756e-05 0.0147408 0.00101913 
0.0856997 0.0161469 0.00146971 0.023298 0.0521357 0.0577273 0.000258301 0.0276993 0.0232879 0.00425705 0.0465265 0.0444558 0.206697 0.0411455 0.298157 0.0016597 0.0360377 0.033341 
0.000161326 9.38441e-05 1.30213e-05 0.00329868 0.00235678 0.00239047 1.15541e-10 0.000649232 0.000463376 4.79223e-05 0.000168909 0.0125897 0.0406411 0.000355161 0.936669 1.43397e-06 5.07968e-06 9.50477e-05 
0.000110511 0.00125213 3.04686e-05 0.00118166 0.000133658 8.12264e-05 2.15952e-11 0.0232897 1.88285e-05 4.15251e-05 0.0210442 0.00323143 0.0116275 0.00530321 0.92982 4.10681e-12 4.96409e-05 0.00278385 
0.00223841 0.0499547 0.010482 0.153538 0.0265194 0.00316435 6.37491e-06 0.0565007 0.000143901 0.000153805 1.96684e-06 0.00806274 0.0254658 0.179453 0.43033 0.000879084 0.0494606 0.00364623 
0.000144132 0.000578455 3.67475e-11 0.0648025 0.0025037 0.0151479 1.06087e-05 1.69094e-05 0.000573719 5.2645e-07 0.000111839 0.00112833 0.0740084 0.00376436 0.802871 1.12962e-05 0.0332947 0.00103187 
1.94089e-07 1.47606e-07 8.72827e-05 0.00122172 1.62939e-07 0.000850119 3.63029e-08 6.65267e-08 6.91236e-08 1.25846e-11 0.0719177 5.46031e-08 1.31958e-07 0.189684 0.73427 7.28212e-05 0.00109953 0.000795359 
0.00844337 0.0198174 0.000541372 0.265514 0.0765611 0.00276821 1.94443e-11 0.0444121 0.0129787 0.000126192 0.00740822 0.00476639 0.105022 0.0634223 0.366104 5.33234e-06 0.0164279 0.00568144 
0.0283601 0.0412988 0.00126548 0.126966 0.0246207 0.00917511 3.02701e-05 0.0213844 0.00120788 0.00162005 0.00137657 0.0635042 0.0535141 0.0740997 0.513971 0.0135117 0.0099419 0.0141523 
0.000383751 2.84717e-05 0.000262189 0.0311819 0.0104892 0.00013427 5.49269e-07 0.000935828 3.05672e-07 7.40799e-05 0.0025319 0.0359157 0.0134186 0.0548549 0.810308 0.000148643 0.03208 0.00725189 
0.042278 0.00191189 0.000413128 0.011022 0.0915677 0.0442292 2.59913e-08 0.134946 8.75841e-05 0.0267318 4.88272e-05 0.0116804 0.139088 0.203428 0.244378 9.56479e-05 0.0020431 0.0460506 
0.0465926 1.35541e-11 3.14632e-05 0.00341441 0.0148357 0.00372174 2.84456e-08 9.66928e-07 7.34061e-08 2.04976e-07 2.17767e-11 0.00528033 5.41411e-07 0.0988291 0.764207 1.53252e-07 0.0623185 0.000767092 
0.000445541 0.0432236 0.00156426 0.097879 0.206879 0.0133003 4.44206e-05 0.0540068 0.000359318 0.00611516 0.00107407 0.0144762 0.0579855 0.00885649 0.46306 0.00158998 0.0183458 0.0107947 
1.6342e-08 0.00466974 2.13989e-08 0.000711469 3.95367e-05 0.0798609 1.4765e-06 0.0167184 4.88805e-05 3.94182e-08 4.69554e-05 0.00796331 0.0544577 0.0854032 0.742927 9.82483e-09 6.27436e-06 0.00714462 
0.00691567 0.0291418 0.0268742 0.0613029 0.0675699 0.0178524 3.80071e-05 0.036127 0.000596568 0.00127658 0.0188655 0.0324004 0.0851703 0.0624045 0.396489 0.000678542 0.104735 0.0515618 
3.26302e-05 0.00192585 0.0107671 0.0381308 0.0312599 0.0795702 2.05288e-05 0.0353259 0.00781944 0.000876589 0.0478782 0.0189159 0.0609094 0.0284177 0.498776 0.000685707 0.0416654 0.0970232 
1.94089e-07 1.47606e-07 8.72827e-05 0.00122172 1.62939e-07 0.000850119 3.63029e-08 6.65267e-08 6.91236e-08 1.25846e-11 0.0719177 5.46031e-08 1.31958e-07 0.189684 0.73427 7.28212e-05 0.00109953 0.000795359 
1.6543e-08 0.109845 0.000410481 0.00602155 0.00229199 0.00155604 1.31647e-09 0.000638028 2.99735e-06 2.99948e-05 0.000514976 0.00536902 0.00444191 0.00388883 0.853546 1.33768e-05 0.00322299 0.00820679 
0.00148957 0.00474141 7.42125e-05 0.016935 0.00195746 0.00195899 3.12291e-07 0.00196328 9.0348e-05 0.000215473 4.09342e-05 0.00288422 0.0156136 0.0227677 0.927869 2.18968e-05 0.000804776 0.000571948 
0.000481506 0.00824316 0.00037757 0.00357874 0.119042 0.0416957 0.0468615 0.0203034 0.000170702 0.00415725 0.0144865 0.195076 0.0733619 0.00228992 0.366374 1.64124e-07 0.0695661 0.0339345 
0.00303679 0.0195925 0.00773684 0.245364 0.0791189 0.00631142 4.20273e-06 0.0571326 5.69606e-05 0.000237098 0.000191197 0.0816214 0.0361663 0.019873 0.361489 8.71378e-06 0.0285252 0.0535333 
0.0153697 0.0599732 0.00343768 0.13024 0.044954 0.104487 6.41417e-07 0.221051 0.00207801 0.000253254 0.000436143 0.0171152 0.043739 0.0291903 0.292019 2.78748e-05 0.00161309 0.0340147 
0.000156908 0.000488413 2.29135e-05 0.00768371 0.000361486 0.000348239 6.42152e-08 0.0113008 2.99141e-05 0.000100908 0.0235808 0.00485767 0.0224575 0.0655626 0.803739 1.01737e-05 0.0574337 0.00186561 
0.171617 3.70896e-05 0.000232449 0.0142115 0.0188386 0.00850885 1.02334e-06 0.0424359 0.00599304 0.00132484 0.175875 0.190363 0.0469579 0.0243459 0.201838 0.0561042 0.0310945 0.0102215 
0.00833367 0.0162731 0.000307219 0.0842765 0.0699378 0.0498329 0.000124893 0.0106422 0.000330295 0.00643373 0.000115531 0.00963926 0.0684131 0.189457 0.475233 6.35767e-05 0.00783287 0.0027531 
0.000674378 1.20518e-10 5.5619e-05 1.66326e-05 0.00499459 0.00417718 3.83822e-10 1.28261e-06 6.29079e-07 9.48501e-09 1.90002e-08 0.0012198 0.00225431 0.0027886 0.910802 7.2992e-11 0.056798 0.0162166 
0.00289629 0.00594795 0.000209891 0.0312658 0.0157769 2.93266e-05 4.18476e-10 0.00250697 2.51135e-08 6.7564e-05 2.11113e-10 0.000164091 0.0109634 0.297923 0.615102 2.52651e-06 0.0150772 0.00206675 
0.00832458 0.000811996 0.000276368 0.0549386 0.0029104 0.00443679 4.78974e-06 0.0154334 0.000209266 8.38419e-05 0.000347745 0.00192101 0.0480667 0.0135891 0.598982 3.14486e-05 0.238273 0.0113586 
0.0513311 0.0523886 2.2931e-05 0.00959541 0.224994 0.00428946 0.00110695 0.00172914 1.30786e-05 0.00184952 8.9737e-07 0.00877921 0.0575487 0.0676309 0.517475 0.000567775 0.00067694 3.73298e-08 
0.000423879 0.000481051 0.00108861 0.0445333 0.0046879 0.0435114 4.11203e-05 0.00130375 0.00150959 0.00199702 0.258078 0.0100955 0.0475332 0.0623321 0.362508 0.00766926 0.0860759 0.0661301 
2.00625e-06 0.00855006 9.99232e-05 2.35615e-06 0.00312371 0.00398642 1.19299e-05 0.140337 0.00975981 0.00093126 0.0158216 0.00896828 0.0313021 0.0631294 0.615161 1.80376e-05 0.0965561 0.00223882 
0.0134206 0.00543464 0.00435478 0.190566 0.0447703 0.0461821 3.13717e-05 0.159313 0.00687518 0.00052151 0.00702809 0.0731832 0.0674434 0.034228 0.27473 0.0113622 0.031628 0.0289281 
0.0323148 0.00712383 0.00162211 0.0119813 0.0487676 0.113572 1.17832e-06 0.0229656 0.00113711 0.0157156 0.00357618 0.022076 0.0661333 0.148027 0.443341 9.53798e-05 0.0604589 0.00109149 
0.0477808 0.0564074 0.00262552 0.0170451 0.0311772 0.0201591 3.59663e-05 0.0228959 0.00523204 0.00102823 0.00557973 0.0266806 0.0358403 0.0466784 0.613479 0.00293292 0.0478741 0.0165479 
0.0100852 0.0742257 0.000433365 0.17981 0.0419054 0.0225063 1.51101e-05 0.0389193 0.00200446 0.000904333 0.00129101 0.0220202 0.185317 0.0522495 0.321612 0.000250558 0.0162718 0.0301786 
0.00805849 0.106662 0.00176418 0.0457343 0.0513122 0.026129 0.00136753 0.0327608 0.00275588 0.00458528 0.00593001 0.0239911 0.055371 0.120555 0.458482 0.00179999 0.0287478 0.0239936 
0.00337754 0.0144417 0.00355602 0.0329125 0.00924891 0.00450544 9.36846e-06 0.00897612 0.000567922 0.001527 0.00108837 0.00532025 0.0349531 0.244906 0.54762 0.00437978 0.0793879 0.00322177 
0.0560623 0.0605023 0.00682571 0.0617919 0.0372703 0.0696092 0.000512897 0.0409202 0.0161072 0.00165438 0.00619624 0.0934048 0.176876 0.0278849 0.312141 0.00206642 0.00143765 0.0287367 
0.00255454 0.112933 0.000124635 0.0204107 0.0106884 0.015817 4.79915e-06 0.00282844 0.00132824 0.00432677 0.00303558 0.00608826 0.0297742 0.232897 0.497622 0.000203767 0.0570979 0.0022651 
0.0012493 0.00453593 1.84643e-05 0.208311 0.180214 0.00169305 9.14399e-06 0.0782242 0.000373443 3.02038e-05 0.000142523 0.00663656 0.139762 0.0369718 0.299707 0.00636605 0.0282006 0.00755465 
0.00885716 0.0104116 0.0580183 0.038208 0.0227373 0.0868578 4.9468e-05 0.0297021 0.00017623 0.000191806 0.00200083 0.104156 0.088762 0.0987388 0.24197 0.00148738 0.0298499 0.177825 
0.000112434 0.0369016 0.0222476 0.049022 0.185813 0.0395113 5.12921e-07 0.125192 0.000187807 0.000300622 0.00175644 0.0244165 0.0947228 0.031999 0.324302 0.0081 0.0215515 0.033863 
0.000619382 0.0144224 2.70192e-05 0.0187398 0.00130605 0.00326155 1.0088e-05 0.0065482 0.000536597 0.000592813 0.00156234 0.00567734 0.0396322 0.0184518 0.879178 2.37694e-05 0.0077662 0.00164393 
0.018844 0.027369 0.00281749 0.0726313 0.0393955 0.0216141 1.53157e-05 0.0339285 0.00253879 0.00744501 0.00194857 0.0131973 0.0559758 0.138281 0.54456 0.000405472 0.0109013 0.0081319 
0.00162766 0.00548099 0.000408218 0.0253833 0.00318226 0.000542824 2.64378e-06 0.0119572 1.54944e-05 0.000104178 0.00444125 0.00606108 0.0152659 0.0173743 0.830323 9.26441e-06 0.0734895 0.00433072 
0.22891 0.000362883 2.80466e-08 0.0798578 0.0067713 0.0232299 1.49513e-08 0.00254746 0.000590408 0.00112427 6.50628e-05 0.00139098 0.0175917 0.116592 0.496465 0.00020203 0.0237867 0.000512459 
0.0149475 0.0010698 1.98589e-07 0.0800117 0.0100409 0.0877217 7.72885e-11 0.0187196 7.75801e-06 4.60137e-08 0.000250802 0.0769727 0.0680275 0.173183 0.425296 4.24062e-07 0.0426127 0.00113714 
0.00140785 0.0469609 0.000517083 0.0258424 0.0634198 0.315094 2.96185e-06 0.0305791 0.0438324 0.0515982 0.000402742 0.0189328 0.0686692 0.00700216 0.320796 0.000155832 0.000314661 0.00447183 
0.0563546 0.00336044 0.00271656 0.0594024 0.130986 0.0187783 0.00027871 0.0699492 0.000113933 0.00380548 0.00108582 0.112611 0.139905 0.00746839 0.207275 0.0363242 0.00129324 0.148292 
0.00233575 0.0105642 0.00364064 0.0449502 0.0268467 0.0179638 1.86822e-05 0.0180593 0.000636538 0.00195788 0.00459678 0.0290529 0.0573363 0.0285037 0.449065 0.00800352 0.288796 0.00767207 
0.00730344 0.000339593 0.000403198 0.031828 0.00122069 0.00164635 9.85801e-05 0.00512805 0.000188806 1.94759e-07 0.0145025 0.0300832 0.00239706 0.0739306 0.726398 0.00368381 0.0904572 0.0103911 
0.0672154 0.00108262 0.000839396 0.0837261 0.0120088 0.0158446 1.46293e-05 0.0366654 0.00109937 0.0144825 0.00756013 0.0148406 0.0534799 0.0313288 0.525483 0.00151669 0.11383 0.0189815 
0.0210332 0.0401829 0.0011954 0.0860831 0.039057 0.00699219 2.54483e-06 0.0203594 9.31864e-05 0.00365966 0.000627609 0.00891982 0.0430579 0.0462777 0.538624 9.39969e-05 0.123881 0.0198592 
0.00769275 0.0715024 0.000206234 0.0217586 0.0712653 0.225453 1.518e-06 0.00901392 0.000890557 0.00753208 0.0025237 0.0132858 0.229799 0.0028779 0.27707 7.56726e-06 0.000499701 0.0586195 
0.000526546 0.00245995 7.85393e-05 0.00848536 0.00932744 0.0654715 7.95663e-07 0.000456679 5.849e-07 0.0002399 2.03284e-06 0.105521 0.0267593 0.00806603 0.765049 6.13581e-06 0.00661362 0.000936127 
0.00153471 0.00415603 0.00206307 0.108892 0.00445604 0.000522306 3.23107e-07 0.0613442 9.05867e-05 4.02423e-05 0.00111035 0.00729856 0.0291765 0.0145272 0.76012 1.48432e-05 0.000584876 0.00406843 
0.0035277 0.006161 0.00274697 0.0866091 0.0394712 0.0165984 4.61131e-05 0.0259653 0.00351278 0.00422021 0.00587553 0.0173657 0.0546762 0.090259 0.575361 0.00763412 0.0248593 0.0351102 
4.06032e-05 0.151602 0.000923699 0.0160248 0.142533 0.00762488 0.00027616 0.0364621 0.00270205 3.4879e-10 9.39532e-07 0.000986117 0.0404858 0.226043 0.293068 8.69344e-11 0.00228407 0.0789424 
0.00384712 0.05971 0.00132425 0.035889 0.0757137 0.115522 4.54503e-05 0.0285064 0.000119191 0.0164592 1.73371e-06 0.0167717 0.0485758 0.074148 0.486565 0.000843274 0.0245003 0.011458 
0.00874805 0.0151539 0.00863021 0.235169 0.0686076 0.0672374 5.50863e-05 0.0766086 0.000156335 0.00212237 0.0375208 0.0235156 0.0703257 0.0231219 0.296271 0.000695844 0.0467756 0.0192852 
2.24829e-07 0.000640817 0.000106361 0.013452 0.0424089 0.195297 4.7808e-11 0.000153733 1.18142e-06 0.00188236 2.08519e-05 0.0614077 0.0433521 0.121231 0.513667 1.70889e-08 0.00527806 0.00110097 
5.88459e-08 0.00995965 6.08677e-11 1.67102e-06 8.69336e-06 2.62288e-08 1.46951e-10 0.00149983 1.08025e-10 1.12122e-10 7.41341e-11 1.60551e-11 6.76551e-07 0.00261898 0.979882 2.7946e-11 0.00602841 2.44796e-11 
0.014139 0.0233819 0.00170674 0.0333883 0.0655916 0.0760607 2.80471e-05 0.0336353 0.00137916 0.0110648 0.000312793 0.182685 0.0706713 0.105928 0.283759 4.46957e-05 0.0192095 0.0770148 
0.000639989 0.00560577 0.000100285 0.0876393 0.00883619 0.0063637 3.11854e-05 0.0622203 0.000302541 0.016916 0.000213685 0.00637856 0.0272963 0.0101775 0.72655 6.22988e-05 0.0316891 0.00897746 
2.51211e-07 0.0372938 8.97557e-12 0.025181 0.00438057 0.00139031 2.16695e-11 0.000802709 0.00318833 0.000367585 4.26387e-08 0.00820295 0.00855899 0.017864 0.886445 4.12093e-12 0.00011159 0.00621239 
0.000610396 0.0111189 0.000634223 0.0952238 0.0578336 0.00582019 2.14296e-07 0.249359 0.0302802 0.000163022 0.00154774 0.0268374 0.0554012 0.136344 0.288593 2.58169e-07 0.0345527 0.00568116 
0.00262668 0.0146944 0.00205991 0.0987747 0.0237702 0.0195066 1.07797e-06 0.0172264 0.000181707 0.000452959 0.0133785 0.00628954 0.0812603 0.0292414 0.636821 1.91522e-06 0.0405758 0.0131369 
0.000106565 0.000131134 0.000205506 0.0644755 0.191599 0.064694 3.20906e-06 0.137073 0.000327735 0.0339178 0.000308544 0.0224287 0.195498 0.0159729 0.238603 7.66219e-05 0.00707384 0.0275052 
0.00042807 0.0187359 0.00109877 0.0212377 0.0142428 0.0346791 7.25571e-05 0.0362342 0.00339968 0.0034444 0.00459288 0.00997656 0.0307672 0.0153324 0.76666 0.00360267 0.0330801 0.00241469 
0.0216101 0.00184041 0.000536175 0.00983887 0.290424 0.01125 0.000107672 0.0194182 3.29604e-05 6.01952e-05 4.63458e-05 0.0124919 0.184388 0.0206373 0.385687 0.000268415 0.000301376 0.0410612 
0.00423589 0.0128525 0.00223347 0.0658594 0.0324128 0.0278856 0.000208126 0.0190869 0.000316967 0.00169702 0.00627218 0.029664 0.0621853 0.28489 0.344402 0.000701141 0.0934318 0.0116655 
1.59398e-05 1.59399e-05 1.59377e-05 0.0319056 0.231184 0.0318999 1.59242e-05 1.59446e-05 1.59302e-05 1.59296e-05 1.59355e-05 1.59445e-05 1.59458e-05 1.59405e-05 0.594779 1.59427e-05 1.59437e-05 0.110024 
0.00692177 0.12175 0.00355725 0.0243259 0.153206 0.0698444 4.3296e-05 0.018034 0.00138571 0.00391983 0.00148774 0.11868 0.00952142 0.0712028 0.365528 0.00527922 0.00795188 0.0173607 
0.00332309 0.0249812 0.00119481 0.0530056 0.0227823 0.00731455 9.18397e-06 0.0365454 0.00169367 0.00710632 0.000660336 0.0159897 0.140646 0.252199 0.327803 7.36381e-05 0.0939327 0.0107398 
