0.0839132 0.0116695 0.00309631 0.0384481 0.0251107 0.000148023 0.000637691 0.0222645 2.03939e-05 0.00209725 0.00102438 0.00297151 0.788688 0.000974088 0.00559081 2.66814e-06 0.0001137 0.0132289 
0.000684853 0.0330347 0.0101298 0.00393831 0.0807006 0.514714 0.000427504 0.00575256 0.00553748 0.0177778 0.041636 0.0381016 0.0561065 0.00254737 0.0787375 5.51422e-05 0.00296981 0.107148 
0.277418 0.00090732 0.00280743 0.0267665 0.020425 0.00894456 5.555e-05 0.0151751 0.00142246 0.00603115 0.0297998 0.0305828 0.11408 0.000784975 0.0398602 3.3833e-05 0.00756921 0.417336 
0.00819042 0.0055861 0.0173094 0.00954435 0.00455194 0.0833718 0.000208231 0.0108485 0.0112161 0.0339227 0.233464 0.307227 0.0856986 0.00624205 0.0729953 0.00010174 0.0354694 0.0740525 
0.000608068 0.000254241 0.0052874 0.141695 0.0032764 0.00184202 1.01561e-05 0.00147276 7.97461e-05 0.00793925 0.000448451 0.000617315 0.00129711 0.539127 0.225876 4.5728e-06 0.0695336 0.000630915 
0.00399802 0.0297782 0.00091537 0.053572 0.0268689 0.00198845 6.75858e-05 0.0208739 0.000157877 0.00108286 0.00619904 0.00776296 0.394491 0.0321224 0.306045 2.76241e-06 0.110167 0.0039065 
0.00537228 0.00319538 1.13953e-05 0.104556 0.158294 0.000415169 2.48553e-05 0.0183548 8.55135e-09 2.43147e-06 0.00425981 0.0149282 0.660051 0.000541137 0.0106151 2.64211e-11 0.000295286 0.0190838 
0.000561123 0.0058405 0.000111467 0.00140204 0.0345833 0.00273653 6.81512e-06 0.00406447 2.64071e-05 5.01889e-07 0.0386221 0.615087 0.255689 0.00287543 0.0266916 1.86434e-08 0.00457316 0.00712804 
0.000769446 0.00017528 0.000114669 0.0413337 0.0218853 0.00496305 0.000169455 0.00584222 0.000296673 0.00123777 0.00484955 0.00396355 0.028972 0.700472 0.134998 8.97765e-07 0.0492025 0.000753558 
2.67104e-07 0.0319603 6.54604e-05 1.73053e-06 0.000960962 0.149208 3.37338e-06 0.00541441 0.00474281 8.59694e-07 4.46776e-05 0.614033 0.106379 1.20731e-06 0.00591525 8.0413e-11 8.68109e-06 0.0812595 
0.000354994 0.0633051 0.00028798 0.137856 0.113406 0.0525927 6.1219e-05 0.109372 0.00406199 0.000963252 0.000193666 0.126428 0.184426 0.00269176 0.196699 4.49758e-05 0.00505146 0.00220369 
0.000108094 0.0429244 8.53557e-05 0.00600043 0.00322995 0.350323 1.09803e-05 0.00426537 0.0370823 0.0247594 0.207287 0.0145564 0.123607 0.00450619 0.147975 8.84393e-07 0.0238374 0.00944113 
0.0202534 0.00225557 0.00250499 0.0368043 0.0248057 0.271141 4.22974e-05 0.0128551 0.000218207 0.000745868 0.0062204 0.103784 0.0629767 0.00152701 0.0125992 3.64454e-05 0.000127932 0.441102 
0.00201545 0.0131506 0.00116435 0.144129 0.0373195 0.00694291 6.717e-05 0.00636726 0.000358134 5.6507e-06 1.68465e-05 0.01974 0.484195 0.0177699 0.114924 5.59933e-08 0.127813 0.024022 
0.000130052 0.00361146 0.000936048 0.0288435 0.00829307 0.00165617 3.95539e-06 0.151657 5.75664e-05 1.72946e-08 0.000259309 0.175078 0.614169 3.33583e-08 0.00460015 8.00693e-09 0.00827965 0.00242516 
0.00376901 0.00659846 4.55338e-05 0.10534 0.0116231 0.0026706 7.61583e-08 0.157741 1.74955e-06 0.000243055 0.00626283 0.0298885 0.626307 0.00160089 0.0249074 3.55166e-09 0.0209458 0.00205562 
0.000265916 0.0484891 0.0027561 0.126657 0.00949464 0.0103127 6.76019e-06 0.0612373 0.000375883 1.77176e-05 0.0066674 0.00580425 0.695385 0.00490819 0.0168406 3.08836e-06 0.00890633 0.0018722 
0.0319547 0.00481985 5.39266e-05 0.0467317 0.0345105 0.00152086 5.16317e-06 0.672242 3.66755e-06 0.000152363 0.00543899 0.0722463 0.0991438 2.72798e-05 0.0301618 3.08945e-07 2.15271e-05 0.000965159 
2.06019e-05 0.00361833 0.000529229 0.0758969 0.0379314 0.0441922 3.11456e-05 0.00242925 0.000403975 5.77671e-05 0.000382616 0.0151425 0.448294 0.0170977 0.197735 6.33739e-06 0.000121345 0.156109 
0.0250446 0.00230917 0.00386614 0.0276953 0.0721702 0.0946294 0.000868098 0.00712457 0.00321715 0.0445148 0.000817395 0.0223314 0.514813 0.0178661 0.0936053 0.000326549 0.0296381 0.0391624 
0.0152057 0.00319442 0.00203241 0.0169725 0.0201266 0.0234709 0.000311097 0.0280013 0.647582 0.00293084 8.37063e-05 0.127375 0.100017 0.000229083 0.00819005 6.58648e-05 0.00102633 0.0031848 
0.079569 0.00119722 1.45267e-06 0.160544 0.0303259 0.00338478 0.000209203 0.000523737 2.85582e-05 0.000781774 8.95104e-09 0.00627802 0.692715 0.0135404 0.00195047 1.08785e-09 7.49586e-05 0.00887577 
0.0156245 0.0575707 0.000441268 0.188599 0.0346964 0.0089254 2.82214e-05 0.0681413 5.2492e-06 0.000151178 0.0411388 0.00818494 0.388306 0.0659727 0.0973721 7.99496e-11 0.00125647 0.0235857 
0.00317549 0.5953 0.000477685 0.0887425 0.0277169 1.6822e-05 2.20408e-05 0.00658934 4.2629e-05 7.97733e-05 0.00140051 0.000861752 0.223144 0.00111287 0.0484645 9.15713e-06 0.00104222 0.00180224 
3.45121e-05 0.00192602 6.98004e-06 0.164813 0.0172227 0.00112184 1.579e-07 0.00179797 7.40738e-06 5.73767e-06 2.76656e-07 0.00393236 0.624043 0.043466 0.0519474 1.39115e-07 0.0782892 0.0113854 
0.00918924 0.0178118 0.0196064 0.0539768 0.0812156 0.0536692 0.00119485 0.0357853 0.00708536 0.00299964 0.0037416 0.0443559 0.0761186 0.0653852 0.400603 0.000613361 0.0759708 0.0506769 
0.000360271 3.99522e-05 1.8145e-06 1.12594e-05 0.0224245 0.0130385 4.38069e-06 0.000200986 0.00128517 3.34242e-06 0.904517 0.000325962 0.00143462 1.25203e-06 0.00197531 8.33084e-07 0.000169336 0.0542058 
0.00321341 0.00963314 0.00942299 0.0843583 0.13665 0.0106758 0.000176692 0.251597 0.000279211 0.000129765 0.000895998 0.010658 0.323797 0.0924076 0.0555783 7.02455e-05 0.0068201 0.0036366 
0.000539129 0.0186721 0.00275606 0.0337298 0.138897 0.0414435 9.63314e-05 0.0252803 0.000107645 0.00612015 0.00157473 0.0604506 0.561801 0.00266643 0.078839 4.56154e-05 0.010369 0.0166116 
0.00566932 0.0123199 4.44146e-06 0.00994696 0.0114853 0.00754317 3.02311e-08 0.0327673 0.00372294 0.000506546 0.00249843 0.266603 0.583919 0.00711438 0.0470657 3.29339e-12 0.000312142 0.00852182 
0.00165902 0.00595049 2.84324e-05 0.328591 0.0256022 0.00481873 6.06339e-05 0.0506749 0.000194837 0.000320362 0.00947926 0.000614028 0.542073 0.00959507 0.0143353 1.10446e-06 0.00551026 0.00049145 
2.79375e-05 0.00467359 9.84572e-05 0.00724714 0.0157478 0.140113 1.17529e-06 0.00351895 0.000273842 0.000331144 0.00110276 0.0348977 0.288056 0.00108208 0.204157 4.5972e-07 0.0387174 0.259953 
0.0163663 0.0204764 0.00433439 0.13874 0.0590465 0.352467 0.00336022 7.47509e-07 0.0354008 0.006722 0.00254083 7.47505e-07 0.297755 0.00575508 0.00912079 7.47418e-07 7.47467e-07 0.0479118 
0.00457656 0.000508336 8.17227e-06 0.330066 0.00987222 0.00649988 5.45825e-06 0.000891484 1.32339e-07 0.000202281 0.00127931 1.11244e-07 0.0213769 0.00255445 0.00464474 1.10187e-08 0.000295038 0.617219 
0.0297315 0.035495 0.196897 0.0323947 0.0150836 0.0664882 0.00407556 0.148741 0.0222534 0.051395 0.00987924 0.123805 0.0949258 0.00507236 0.0261259 0.0031443 0.0212262 0.113266 
0.000712006 0.000826786 1.43622e-05 0.0635102 0.00273212 0.000578616 4.96646e-09 0.0257661 3.06949e-05 3.85375e-06 0.000284619 0.00686713 0.88109 0.000115052 0.00469223 7.42825e-10 0.000549191 0.0122266 
0.00041305 0.00274554 0.0041778 0.0643872 0.0142583 0.0367971 1.09029e-05 0.00330499 0.00444801 0.000567417 0.000266953 0.0438838 0.75956 0.00337941 0.0170485 5.44448e-06 0.00636815 0.0383776 
0.0011807 0.0123995 0.020441 0.0164285 0.0625797 0.563141 0.00207383 0.048116 0.00843048 0.000139034 0.000213673 0.0225079 0.0901713 0.00423577 0.126374 0.000104351 0.000363398 0.0211 
0.00130373 0.00307013 0.0307461 0.0510496 0.104663 0.0100173 0.000104985 0.0476629 0.00246889 0.000707218 0.000825423 0.0226985 0.245754 0.00243946 0.407363 6.64006e-06 0.056911 0.0122086 
0.000314994 0.00124158 0.018683 0.0384815 0.253249 0.000555645 5.32138e-06 0.0905398 1.20356e-05 3.72375e-05 0.000213454 0.0322522 0.180629 0.0834658 0.0140598 3.18222e-06 0.199534 0.0867224 
0.00218635 0.000373714 0.000333166 0.104897 0.179066 0.427027 4.08094e-05 0.00326902 0.00167154 0.000237167 0.000374205 0.0208633 0.16689 0.00321099 0.0535512 2.71481e-05 0.00957878 0.0264023 
0.0418191 0.000941802 0.0494347 0.240185 0.0117153 0.00210135 0.000388161 0.281053 0.0114619 0.000582062 0.00311794 0.0664515 0.078036 0.0113383 0.0233855 5.90561e-06 0.103339 0.0746429 
0.00195275 0.00127622 0.0269065 0.00349855 0.00045003 0.437744 1.02983e-06 0.13611 7.57038e-07 3.79447e-05 9.93387e-06 0.0234 0.0232583 0.000156789 0.266143 1.95845e-07 0.0143524 0.0647011 
0.0383797 0.00138007 7.46124e-09 0.533042 0.0160739 0.00110354 3.24487e-08 0.0137191 2.65531e-08 0.000123845 4.84288e-12 0.0104614 0.37774 0.00016769 0.000329255 1.8256e-12 1.80307e-08 0.00747904 
0.00097975 0.022701 0.00127397 0.0292421 0.0875041 0.0498079 0.000547474 0.00374943 0.00872466 0.000621232 0.00648095 0.0329818 0.192938 0.000492513 0.0247012 0.000388231 0.00936455 0.527501 
0.00074476 0.000479452 1.53858e-08 0.0144762 0.00674871 0.0222673 8.07654e-09 4.98239e-08 0.000230344 0.000444052 8.91246e-05 0.00107058 8.55004e-07 0.225725 0.631699 7.37118e-09 0.0955873 0.000436903 
0.000114052 0.0134326 0.070943 0.217377 0.0403921 0.00963949 2.98324e-05 0.122057 0.00223678 6.30933e-05 0.000615127 0.0202465 0.259425 8.79339e-05 0.0207667 4.34981e-06 0.000123193 0.222446 
0.179374 0.000586491 0.00198869 0.022849 0.115078 0.114783 0.000234994 0.0509758 0.0127259 0.000644706 0.000208254 0.0867839 0.222089 0.00115808 0.157322 0.000129867 0.0104454 0.0226219 
0.000864898 0.304719 0.000162093 0.0120582 0.0147056 0.00971123 0.00013191 0.000707101 5.2137e-05 0.000343544 0.0172116 0.00560993 0.190232 0.0596668 0.37059 4.87647e-07 0.0093151 0.00391843 
0.00101273 0.0145265 0.00117735 0.0745057 0.00734131 0.01522 6.22661e-05 0.0324691 0.0105163 0.00190333 0.402255 0.0326164 0.365954 0.0010419 0.0165973 4.5488e-06 0.000664967 0.0221312 
4.22201e-05 0.317097 2.34558e-05 0.000151994 9.15811e-05 1.70707e-05 7.16838e-08 7.5766e-06 5.26955e-08 5.4694e-08 3.61631e-08 8.66499e-05 0.6809 3.05923e-05 0.00146142 1.36322e-08 2.59735e-06 8.74678e-05 
0.000962807 0.126343 0.0134486 0.00821768 0.0134805 0.128347 9.76588e-06 0.196308 0.0674429 0.000743187 0.0244172 0.0272882 0.0613219 0.001951 0.0718118 4.54651e-07 0.00312223 0.254784 
0.000286722 0.000980304 1.65609e-05 0.295528 0.00886304 0.00100404 1.68982e-07 0.000139083 5.94924e-06 9.25596e-06 9.2408e-08 0.00394957 0.555896 0.0149774 0.0418266 6.26174e-10 0.0749182 0.00159915 
0.00066954 0.0148635 0.00859051 0.0316385 0.0913885 0.00386626 3.05177e-05 0.187579 0.000219822 0.00187397 0.0129351 0.0978667 0.484719 0.000350103 0.0206435 2.86743e-05 0.00831208 0.0344239 
0.0199699 0.00374026 8.94539e-07 0.021969 0.0225249 0.763473 0.00120997 0.0321744 3.33907e-06 0.000144692 1.31687e-07 0.0753834 0.0143089 0.00852576 0.010865 8.32199e-11 7.34746e-07 0.0257062 
1.47877e-06 0.00217476 1.89597e-09 0.0837222 0.0880732 0.0034819 5.53935e-05 8.03108e-06 7.03798e-06 0.00776074 8.62853e-06 0.0228077 0.115236 0.000341485 0.0627297 8.70489e-10 1.97061e-07 0.613592 
0.00342046 0.0221351 0.0277382 0.0957968 0.254487 0.0216603 1.29677e-05 0.242404 0.00333496 0.000139769 0.000653884 0.0214012 0.149359 0.0129998 0.099025 6.94431e-06 0.0214617 0.023962 
3.16963e-11 1.8669e-07 0.0189104 0.000227486 1.88104e-06 0.526846 7.33271e-07 0.013904 0.00056645 6.69133e-07 6.7149e-09 0.0270969 0.117483 0.00306753 0.0374376 1.90559e-11 0.000161576 0.254296 
0.0225145 0.100366 0.000205481 0.233568 0.124146 0.312371 3.22012e-05 0.00925465 0.024461 0.000643395 0.00415904 0.00815069 0.0480242 0.0403535 0.037799 3.21714e-07 0.0173958 0.0165543 
0.00353769 0.00319664 2.93441e-06 0.331734 0.0433927 0.00296987 1.06459e-05 0.0512038 0.000171829 0.000105652 0.00223941 0.00292138 0.273531 0.00186728 0.140055 6.70411e-07 0.000185306 0.142874 
0.000541181 0.00190144 0.00318939 0.0385923 0.0234922 0.0364424 5.64794e-05 0.0152698 4.62492e-05 0.000119756 0.000625765 0.0333726 0.748691 0.00244101 0.031584 3.19528e-05 0.0117671 0.051835 
0.00174491 0.00748077 0.00168469 0.00487307 0.0605874 0.762307 6.61694e-05 0.00448212 0.00920852 0.00229169 0.0111295 0.0185099 0.0343894 0.00137758 0.0437793 3.12553e-05 0.00166503 0.0343918 
0.00207184 0.00555742 0.0301558 0.355775 0.0238813 0.0149858 0.0578873 0.0554361 0.000326161 0.000800949 0.00202386 0.101821 0.105002 0.0101157 0.0760699 1.45636e-05 0.0164049 0.141671 
0.00740598 0.00163801 1.01653e-05 0.157397 0.00355575 7.59941e-05 4.54986e-09 0.00243192 8.71766e-10 0.000158018 2.06542e-08 0.00262238 0.816254 0.000111232 0.00739673 4.32983e-13 7.10747e-06 0.000935345 
9.42813e-07 0.00582542 0.000746716 0.0766243 0.256628 0.0266693 4.12329e-07 0.290617 3.91563e-06 1.9323e-06 0.00687472 0.221797 0.0475843 0.0439036 9.70251e-06 8.35896e-11 3.64429e-05 0.0226755 
1.72361e-05 0.131372 1.04238e-05 2.85631e-05 0.0144773 0.809026 1.1893e-07 5.14112e-05 0.00324723 0.00141947 0.0017777 0.00461398 0.00852641 3.39911e-08 0.0219755 2.26172e-08 2.94669e-07 0.00345574 
0.01458 0.0773897 0.0109992 0.00169505 0.0209778 0.164261 7.57677e-06 0.380537 0.24487 0.00164964 0.00207013 0.00727229 0.00337847 3.84215e-06 0.0488627 5.3927e-07 5.67495e-06 0.0214398 
3.80233e-09 0.00416974 1.8125e-07 1.18313e-06 6.24456e-07 0.128641 1.20206e-08 0.0704086 0.000558096 0.00115855 0.392868 0.349689 0.05096 4.7336e-06 0.00147199 2.28597e-09 6.5136e-05 2.73681e-06 
6.09589e-07 9.2042e-08 4.07494e-07 0.00600058 0.000375815 5.82752e-06 1.17373e-09 0.000164524 1.58057e-05 8.95545e-10 8.5323e-07 0.715707 0.266512 3.82644e-08 5.2548e-07 2.23211e-10 4.6387e-08 0.0112161 
0.00545707 0.00651345 0.00145473 0.0332971 0.0112925 0.00258996 4.51728e-06 0.156527 5.94717e-05 0.000300765 0.000555432 0.499208 0.232321 0.00283851 0.0342753 7.64767e-07 8.55019e-05 0.0132193 
0.00842986 0.0123326 0.0124066 0.0284179 0.381521 0.00685078 0.000632831 0.0968276 0.000848724 0.00850658 0.00396284 0.108863 0.264771 0.00530374 0.0262626 0.000246789 0.00276348 0.0310522 
0.00134581 0.00024686 2.66059e-06 0.00203538 0.00287206 0.000318745 8.12224e-08 0.000198818 1.42732e-05 5.78057e-05 0.000584621 0.000694915 0.00678074 0.343105 0.0106987 2.09968e-08 0.630355 0.000688348 
1.7885e-07 0.000689877 0.00193228 0.0183444 0.0060976 0.0490509 0.000599168 0.0202051 0.000404301 0.000351629 0.00176288 0.00861392 0.00675279 0.0151859 0.0108604 1.48592e-08 0.000628603 0.85852 
0.000108292 0.00103849 0.00141879 0.000266562 0.0010976 0.000411678 5.25183e-06 0.00047237 1.3797e-05 0.000424163 4.27374e-05 0.88238 0.0286001 0.030677 0.0301368 3.85097e-08 6.29023e-05 0.0228433 
0.00234188 0.127214 0.00151075 0.0945683 0.0244366 0.0373839 2.87392e-05 0.0958291 0.00528995 0.00025375 0.0494304 0.0189595 0.44417 0.00159048 0.0628161 2.14528e-05 0.00270155 0.0314539 
2.68787e-05 9.58036e-05 9.57678e-05 0.0201385 0.0165757 0.547066 6.25242e-05 0.0359212 0.0496337 0.000146243 7.39063e-05 0.0207711 0.00257777 0.0881362 0.211803 1.74852e-05 0.00377001 0.00308834 
2.53958e-05 0.187661 8.67429e-05 0.0120905 0.0197464 0.50275 1.2474e-05 0.00431934 0.000747872 0.000102801 0.00136214 0.00760307 0.0927143 0.0950417 0.0108009 1.16327e-06 0.0178773 0.0470568 
5.38053e-08 0.000501868 9.96172e-05 0.347728 0.117479 0.0416975 7.4693e-09 0.00225325 0.000470578 0.000348177 1.61583e-08 0.00623709 0.350922 0.0197764 0.106152 6.81697e-09 1.75047e-06 0.00633225 
0.0175325 0.0081106 0.0417613 0.00570921 0.0353955 0.0466724 8.41649e-08 0.018916 0.000382025 0.000227016 0.00199644 0.273914 0.489887 3.154e-05 0.0121407 1.67573e-08 0.00590922 0.041415 
0.000392099 6.22372e-07 0.0156823 0.150403 0.0121904 0.593668 7.46315e-05 0.00483178 0.051557 2.29446e-05 0.000892011 0.0141026 0.00123738 0.000712615 0.0153063 3.76942e-07 0.0284862 0.110439 
0.000115249 0.000500338 3.42117e-05 0.00222856 0.00494439 0.937603 0.0210092 0.000999125 0.00356277 0.000233748 0.0152798 0.000415272 0.00990105 0.000621357 0.00181001 2.51546e-05 0.00011548 0.000601467 
0.00796735 0.00954579 0.02204 0.0055057 0.219521 0.420953 0.000379269 0.0163162 0.0405103 0.000453576 0.00688821 0.0248023 0.111495 0.0103695 0.0885817 4.7759e-05 0.000951375 0.0136711 
8.42657e-06 8.5034e-06 2.64152e-06 0.00128684 0.354373 0.0155216 0.000515689 0.222132 1.7156e-06 4.2351e-07 0.00679842 0.00164546 0.107152 0.0409351 0.245713 1.60185e-07 0.00390148 3.61133e-06 
0.00804866 0.00576856 0.000976127 0.00489593 0.0150045 0.48589 0.00137691 0.0174367 0.0361011 0.00110897 0.0230316 0.085705 0.281559 0.00106282 0.0172782 2.88186e-05 0.0029378 0.0117894 
0.0383797 0.00138007 7.46124e-09 0.533042 0.0160739 0.00110354 3.24487e-08 0.0137191 2.65531e-08 0.000123845 4.84288e-12 0.0104614 0.37774 0.00016769 0.000329255 1.8256e-12 1.80307e-08 0.00747904 
0.00063768 0.0397418 0.000446853 0.000615698 0.0709238 0.0191516 1.38612e-06 0.0618071 9.84707e-06 0.000788876 2.40398e-07 0.00206801 0.150525 0.0445857 0.604646 1.67783e-10 0.00247417 0.00157603 
0.00225375 0.0643066 0.0116716 0.0605355 0.0113932 0.0180381 0.000103437 0.0171305 4.63075e-06 6.10528e-05 0.000791851 0.105236 0.194306 0.00140931 0.367314 3.36641e-06 0.0271413 0.118301 
0.0109165 0.00326723 0.000568762 0.0842491 0.209725 0.0253529 0.00538785 0.0145756 0.00113557 0.000565296 0.000648708 0.0265002 0.384961 0.00289121 0.0770192 5.90833e-05 0.0188833 0.133294 
0.000222284 0.00564347 1.19963e-07 0.0409906 0.110886 0.261443 1.54399e-07 0.0125285 0.00570077 9.41687e-05 0.000224287 0.0296898 0.152971 0.00557321 0.312038 5.18922e-08 0.0147794 0.0472149 
0.000118241 0.00127818 0.00138386 0.000376311 0.00106525 0.000434063 5.83962e-06 0.000587139 1.94648e-05 0.000414425 6.03157e-05 0.865501 0.0403765 0.0358658 0.0292121 5.41632e-08 6.65548e-05 0.0232348 
0.0174154 0.0184828 0.0291114 0.11935 0.257578 0.0225736 0.000508711 0.0702503 0.00401915 0.000927095 0.00156899 0.0894312 0.119884 0.0106533 0.102142 0.000409495 0.0186617 0.117032 
0.000480505 0.0101305 0.000332862 0.388728 0.0228343 0.00475648 2.51436e-05 0.0248652 8.28471e-05 0.000469307 5.05417e-05 0.00429775 0.465026 0.00181525 0.025394 1.11705e-06 0.00459164 0.0461181 
0.0213914 0.0158722 0.00872441 0.0474399 0.0686039 0.178005 4.6127e-05 0.141926 0.0016704 0.00627315 0.00271673 0.033335 0.258554 0.00293456 0.131269 2.33212e-05 0.0576925 0.0235226 
0.00773099 0.000295423 0.0186074 0.020973 0.0114754 0.0117876 8.12238e-05 0.0311612 0.00759648 0.557541 4.0356e-05 0.107915 0.038924 0.00356437 0.101262 3.46264e-05 0.0685943 0.0124146 
0.033843 0.00756686 0.00048058 0.0222933 0.0492565 0.398304 0.0637186 0.0576458 0.0333767 0.0795666 0.000841052 0.0441693 0.0909158 0.00282198 0.0163159 0.000461573 0.0103922 0.0880307 
0.000639607 0.0223643 8.29269e-05 0.0556704 0.0303843 0.00455904 5.72374e-07 0.0691419 0.000364373 0.000201718 0.00475515 0.0216374 0.6016 0.0701898 0.0759185 2.57225e-07 0.0282529 0.0142365 
0.0152057 0.00319442 0.00203241 0.0169725 0.0201266 0.0234709 0.000311097 0.0280013 0.647582 0.00293084 8.37063e-05 0.127375 0.100017 0.000229083 0.00819005 6.58648e-05 0.00102633 0.0031848 
6.81447e-06 0.127825 1.67963e-05 0.00397538 0.580474 0.209203 1.42035e-07 0.012255 8.7418e-05 1.53416e-05 0.00025753 0.00126978 0.00559414 0.00536005 0.0523957 2.70111e-08 0.00123463 2.91592e-05 
1.82059e-07 0.000237574 0.00726907 0.692144 0.0440725 6.6049e-06 7.23867e-05 0.0522993 1.44586e-08 0.000347941 1.81896e-07 0.0125723 0.0597324 0.00117513 0.0080229 6.68569e-09 0.00209122 0.119956 
1.55155e-05 0.00252053 9.96408e-08 0.84706 0.0630348 0.000223913 1.51286e-11 0.00201527 6.45142e-08 4.27207e-08 1.19069e-07 1.85784e-07 0.0851278 1.73824e-07 3.69893e-07 2.87704e-12 9.50579e-08 7.35388e-07 
2.09744e-05 0.106021 0.00180723 0.020525 0.196926 0.00545021 5.66149e-08 0.0146582 0.000537046 6.17769e-08 6.77657e-05 0.00309069 0.0978514 0.00224088 0.474938 3.19179e-08 0.0708572 0.00500787 
0.000392931 0.00173216 0.000378973 0.0603878 0.095094 0.00872411 8.73626e-08 0.00234167 1.12189e-05 3.55574e-05 8.42903e-06 0.0119292 0.223997 0.190091 0.221065 1.37343e-09 0.175589 0.00822247 
0.0270044 0.0142007 0.00471922 0.608285 0.0409934 0.00111545 5.94308e-05 0.0396638 0.000274496 0.000173406 0.000952878 0.0121544 0.196608 0.00311883 0.00825733 3.49484e-05 0.00329841 0.0390852 
8.07314e-05 0.0105161 0.00114907 0.0120856 0.103949 0.0253463 0.000118089 0.14477 0.00106517 0.000252438 0.00154136 0.0917533 0.445945 0.00147932 0.04439 6.47733e-06 0.00263688 0.112916 
0.00129907 0.0543811 0.257597 0.0227265 0.0341295 0.0793252 0.000121394 0.211101 0.0488124 7.35036e-05 0.0129682 0.113226 0.0448705 0.00227413 0.04922 6.47258e-06 0.00441538 0.0634519 
3.16977e-06 0.00430737 8.21688e-06 0.000346823 0.00227665 0.000155006 3.45457e-09 0.00117719 6.10778e-05 5.93488e-05 4.09475e-05 0.000379765 0.00348601 0.000775691 0.0355098 5.30167e-13 0.949707 0.00170589 
0.0665367 0.00911204 0.00764247 0.0599557 0.021127 0.00913149 0.00207214 0.0345123 0.00803123 0.00308993 0.00697754 0.101435 0.295725 0.00144007 0.00903303 6.74069e-09 0.00479912 0.35938 
0.00190652 0.0151399 0.00169812 0.0987889 0.0388888 0.0068641 3.62876e-05 0.019104 0.000295191 0.000539303 0.00323942 0.0232554 0.397973 0.0275802 0.231791 1.06843e-05 0.122844 0.0100451 
0.000130052 0.00361146 0.000936048 0.0288435 0.00829307 0.00165617 3.95539e-06 0.151657 5.75664e-05 1.72946e-08 0.000259309 0.175078 0.614169 3.33583e-08 0.00460015 8.00693e-09 0.00827965 0.00242516 
0.347687 0.00998808 0.00249368 0.137802 0.0325049 0.00687673 1.17134e-05 0.0354246 0.00321038 0.000988407 0.00135754 0.0119109 0.194119 0.00126072 0.0477234 4.84239e-06 0.00852734 0.158108 
0.010496 0.00202071 0.00115436 0.152955 0.0502805 0.0442026 0.000107217 0.150072 0.000466861 0.0016005 0.00412078 0.0749391 0.323044 0.0032538 0.017214 3.78251e-05 0.0408702 0.123165 
0.0286167 0.00942386 3.13073e-05 0.0333548 0.00106436 2.79639e-06 1.44306e-06 0.544436 4.0011e-06 0.000568623 0.00905444 0.0318884 0.307798 6.40174e-05 0.000232731 3.31815e-07 0.0327773 0.000681143 
1.04806e-05 0.000131829 0.000102261 0.00112179 0.000184896 0.000161625 3.31331e-05 0.000127866 2.43564e-05 0.000241905 1.6715e-05 0.000334845 0.000900936 0.00179885 0.000374775 6.30097e-06 0.000115617 0.994312 
0.00139383 0.00186531 4.37691e-06 0.00940765 0.0509841 0.0724562 3.59251e-06 0.00102882 0.00107155 0.000142606 3.83205e-05 0.0106033 0.816465 0.00243456 0.0306218 6.62354e-07 0.000166545 0.00131184 
0.0573139 0.00090618 0.00623123 0.210245 0.0154061 0.000321447 0.000366801 0.541095 0.000506774 0.000199447 0.000372075 0.0688706 0.0731638 0.00161355 0.00921351 5.04082e-06 2.23856e-05 0.0141475 
0.00074476 0.000479452 1.53858e-08 0.0144762 0.00674871 0.0222673 8.07654e-09 4.98239e-08 0.000230344 0.000444052 8.91246e-05 0.00107058 8.55004e-07 0.225725 0.631699 7.37118e-09 0.0955873 0.000436903 
0.000969143 0.000164574 1.7739e-06 0.001408 0.00194501 0.000217827 5.42099e-08 0.000132546 9.51593e-06 3.85381e-05 0.000390188 0.000485666 0.0045205 0.231796 0.00793945 1.48959e-08 0.749522 0.000458901 
0.0195511 0.0117789 0.00732603 0.282811 0.0544585 0.0251298 7.00195e-05 0.0424965 0.00626647 0.000401616 0.00253464 0.113153 0.309412 0.00732848 0.029483 5.08524e-05 0.00873452 0.0790139 
0.015473 0.00473932 0.00072285 0.0077495 0.333204 0.0316612 7.79033e-07 0.00802495 0.0150561 2.11906e-06 0.313742 0.0175008 0.172523 0.00332095 0.056509 2.34914e-08 0.000188873 0.0195823 
0.0178468 0.000356646 0.00045902 0.0708035 0.0251696 0.0269299 1.58972e-05 0.00118036 0.000548638 0.000577619 2.6306e-05 0.00397504 0.841985 0.000587331 0.00488819 1.13706e-05 3.46923e-05 0.00460367 
0.000108292 0.00103849 0.00141879 0.000266562 0.0010976 0.000411678 5.25183e-06 0.00047237 1.3797e-05 0.000424163 4.27374e-05 0.88238 0.0286001 0.030677 0.0301368 3.85097e-08 6.29023e-05 0.0228433 
0.0021828 0.00949986 0.000887078 0.117934 0.0358057 0.245028 0.000813242 0.0332236 0.00206779 0.00122934 0.00197613 0.0330009 0.0833003 0.00122153 0.0251245 0.000113842 0.000167827 0.406424 
5.99286e-06 5.61025e-06 0.173315 0.625698 0.00141586 7.92315e-05 1.5728e-09 0.0117431 0.0129478 0.00123575 4.09904e-06 0.000817797 0.0194154 0.00190775 0.00654496 2.99102e-10 0.0991374 0.045726 
0.0145124 0.00312399 0.0570136 0.0537279 0.0562179 0.0544609 0.0165633 0.11457 0.00961157 0.0382718 0.0220152 0.0978099 0.172451 0.00484691 0.0277546 0.00290143 0.0367333 0.217415 
0.00680288 0.0916178 0.000365355 0.21321 0.139955 0.0428228 0.00617906 0.0652058 0.039634 0.00241252 0.00440571 0.139549 0.101406 0.00102906 0.139687 7.06274e-05 0.000649347 0.00499747 
0.000432961 0.00607545 0.00191684 0.00653482 0.0330572 0.00265256 4.47314e-05 0.042338 0.00282728 0.000101097 0.00257493 0.705729 0.163236 0.000212158 0.000803865 1.12908e-05 6.23081e-05 0.0313892 
0.000638851 0.00365495 0.0138058 0.0350097 0.0100009 0.00327642 0.000398228 0.00628796 4.53643e-05 9.01088e-06 7.54923e-05 0.191136 0.377622 0.00520441 0.038591 1.7942e-06 0.00074084 0.313501 
0.00643727 0.0208038 0.000262331 0.312948 0.10192 0.00686959 9.47263e-05 0.0323814 2.48028e-05 2.02524e-05 0.00119677 0.0909178 0.105383 0.107222 0.184514 7.02719e-06 0.0288849 0.000112975 
0.000212725 0.00912657 9.66542e-05 0.0034137 0.02229 0.0136056 1.10325e-08 0.0012044 0.000210575 8.37492e-05 0.00018983 0.82843 0.00531614 0.0759255 0.0394417 4.2242e-09 1.6704e-05 0.000436368 
0.00121425 0.000551601 0.5012 0.00263422 0.00295703 0.0720528 0.000119783 0.0203629 0.000142302 0.0318593 0.00704946 0.0732421 0.0793115 0.00672837 0.00555008 2.28179e-05 0.00646687 0.188535 
0.111549 0.00159119 3.61745e-05 0.17893 0.0581591 0.160122 1.27803e-05 0.043788 6.33376e-05 0.0011944 4.73749e-07 0.0584568 0.0990799 0.0227355 0.210664 1.72696e-11 0.00113916 0.0524782 
0.00515134 0.0039683 0.000878479 0.0275719 0.00416162 1.02e-05 1.06461e-08 0.286796 4.5461e-05 5.23229e-06 0.0545112 0.00546673 0.600969 0.000323631 0.010138 6.02384e-12 3.08482e-06 6.80649e-09 
0.0238216 0.0099503 0.0112005 0.248294 0.202256 0.0147909 0.000525926 0.0690304 0.00189978 0.00150251 0.00440448 0.0325258 0.261452 0.00522673 0.0397888 0.000406636 0.0136205 0.0593038 
0.0609836 0.00994387 8.93503e-05 0.243035 0.000677183 0.00514494 2.62394e-08 0.00649417 5.02764e-09 0.00270004 8.29032e-08 0.00130662 0.659178 4.35068e-05 0.0101166 2.5273e-12 8.60368e-09 0.000286255 
0.00587197 0.00715167 0.00246941 0.0145309 0.0680411 0.244067 4.1341e-06 0.00822481 0.0302248 0.000106321 0.000100903 0.0245248 0.221055 0.022545 0.0937034 6.21431e-10 0.000306711 0.257072 
0.299177 0.00562638 0.0052628 0.211416 0.0230358 0.00144959 4.3115e-05 0.0465788 0.000832723 0.00101078 0.000697988 0.0393425 0.161326 0.000935612 0.0285963 5.66872e-06 0.00533127 0.169331 
0.00099921 0.00801151 0.0253024 0.0068444 0.615798 0.0108154 0.00041965 0.0685117 0.0141453 0.00472765 0.000466062 0.0437997 0.0825187 0.000395363 0.0614255 0.000131813 0.00090284 0.0547849 
0.000431241 0.055863 0.000502861 0.000747352 0.00300816 0.00682265 3.47153e-06 0.000492945 8.49207e-06 0.000351331 1.3475e-05 0.01148 0.0297011 0.0239052 0.669013 2.14788e-07 0.197291 0.000364687 
0.000302032 0.00853458 7.5751e-05 0.00238327 0.0152369 0.00408423 3.47142e-08 0.00445254 0.000599098 0.00148097 0.00126866 0.0689769 0.768479 0.0235854 0.059505 1.38729e-10 0.00157858 0.0394571 
4.33001e-08 0.000690277 1.33221e-05 0.00254675 0.963199 0.00097291 5.53163e-08 0.00103871 9.43958e-06 0.0011407 5.18774e-05 0.00010927 0.000239124 0.00023614 0.029665 5.88735e-09 9.45965e-06 7.77476e-05 
0.000198129 0.00206396 0.00125812 0.143435 0.0101834 0.00643485 5.39271e-06 0.0743528 0.000141949 0.000103442 0.000971136 0.0097236 0.660262 0.0220934 0.0433323 2.46636e-06 0.023468 0.00196934 
0.000308971 0.000293178 0.000197866 0.0019033 0.211614 0.00783791 1.43787e-05 0.0164714 0.000168034 0.00012698 0.000799485 0.284966 0.347985 0.00127989 0.0422359 7.92412e-06 0.0049525 0.0788369 
0.0183957 0.0240735 0.000128297 0.13238 0.0623861 0.0135688 4.24166e-05 0.239856 0.00384459 0.000235769 0.0118017 0.0197347 0.305767 6.05511e-05 0.125882 1.71544e-07 0.000195654 0.0416477 
0.00496288 0.00554564 0.0124275 0.0281702 0.28789 0.17531 0.000194693 0.0281563 0.15024 0.00235472 0.0771649 0.115227 0.0397042 0.000629774 0.0201351 0.000124557 0.00177543 0.0499879 
0.0475012 0.00569311 0.000277356 0.0715805 0.0277201 0.00274319 1.26122e-05 0.0115293 5.30774e-07 0.00109632 3.15656e-07 0.0138266 0.32019 1.34768e-05 0.00524288 8.33845e-09 0.00640645 0.486167 
0.00636232 0.00165692 0.136215 0.0453386 4.73302e-06 0.0240417 6.90718e-10 0.770329 1.43024e-07 0.000760006 3.64563e-06 0.00573265 9.58059e-07 6.13207e-07 0.00723554 1.31355e-10 2.43626e-05 0.00229332 
0.00844615 0.026648 0.00423941 0.144672 0.0813502 0.000769547 0.000152759 0.035479 0.00523267 0.000306027 0.00363129 0.00166628 0.0108177 0.158947 0.252116 6.77399e-06 0.132575 0.132944 
0.00130869 0.000783456 0.0036981 0.0220811 0.00844547 0.000462835 9.36556e-07 0.00382186 0.000313608 3.05759e-05 0.000278727 0.00833783 0.0237633 0.416843 0.121783 3.93951e-08 0.348364 0.0396834 
0.00174491 0.00748077 0.00168469 0.00487307 0.0605874 0.762307 6.61694e-05 0.00448212 0.00920852 0.00229169 0.0111295 0.0185099 0.0343894 0.00137758 0.0437793 3.12553e-05 0.00166503 0.0343918 
0.00074476 0.000479452 1.53858e-08 0.0144762 0.00674871 0.0222673 8.07654e-09 4.98239e-08 0.000230344 0.000444052 8.91246e-05 0.00107058 8.55004e-07 0.225725 0.631699 7.37118e-09 0.0955873 0.000436903 
0.012573 0.00249145 0.0029939 0.166826 0.0229418 0.0105978 0.000571681 0.0394042 0.00451524 0.00202418 0.00316394 0.0203368 0.452488 0.0200452 0.0546797 9.19015e-05 0.0242794 0.159976 
0.0152057 0.00319442 0.00203241 0.0169725 0.0201266 0.0234709 0.000311097 0.0280013 0.647582 0.00293084 8.37063e-05 0.127375 0.100017 0.000229083 0.00819005 6.58648e-05 0.00102633 0.0031848 
0.00365083 0.0067689 0.000457447 0.101465 0.558896 0.0333392 0.000279096 0.0526299 0.00676267 6.41248e-05 0.000150589 0.00932955 0.112607 0.00598976 0.0527316 4.5403e-05 0.005391 0.0494418 
2.59846e-05 0.0035466 4.7794e-05 0.148309 0.0155408 4.98171e-05 1.23479e-05 0.00879646 3.53529e-06 3.76834e-07 8.632e-08 0.0231518 0.763908 1.48768e-08 0.00271429 6.20202e-09 0.00540219 0.0284911 
0.00613033 4.47644e-09 0.0141945 0.0013644 0.000311926 0.102633 4.13579e-05 0.000253611 1.048e-08 0.000451428 7.19209e-09 0.000297499 0.872712 8.67926e-05 0.000100519 2.71117e-09 3.26878e-05 0.00139049 
0.097186 0.00119187 1.80324e-06 0.154796 0.033107 0.00358113 0.000782379 0.00053399 3.11435e-05 0.000761902 1.765e-06 0.0062391 0.671852 0.0177783 0.00217802 6.97292e-08 8.34253e-05 0.0098948 
0.00216608 0.00463351 0.000485231 0.212764 0.00491089 0.000828564 6.43796e-06 0.0335534 5.80314e-06 0.00143 0.00031544 0.0276318 0.343427 0.204268 0.0474732 5.45606e-07 0.114658 0.00144251 
0.0202034 0.00462182 0.0322814 0.629222 0.0811257 0.00356371 0.000505023 0.0691626 6.7924e-05 3.29956e-05 0.000192713 0.00171599 0.0957894 0.00108778 0.0245343 1.35202e-05 0.00801729 0.0278624 
1.39554e-09 2.4821e-06 0.00138194 0.0237371 0.0860506 0.368211 0.066112 0.0831302 0.000781379 0.000431568 0.0134346 0.0197705 0.0309005 0.0432594 0.164134 8.39002e-10 3.97741e-06 0.098659 
2.92568e-09 0.0103528 0.0115552 0.00176519 0.761239 0.0632884 3.12706e-08 0.00472452 0.00360761 3.79195e-05 0.00226916 0.00861752 0.0422584 0.0229295 0.0247689 1.75893e-09 0.00139237 0.0411939 
0.00150032 0.254089 0.000706337 0.0599168 0.0138515 0.00428288 3.3814e-05 0.00480598 0.000109975 0.00614762 0.134521 0.00591226 0.386085 0.010782 0.0942603 1.5488e-06 0.000104787 0.0228883 
0.0246902 0.006692 0.0665565 0.0290344 0.1665 0.0734598 3.30827e-05 0.18094 0.00156568 0.0070848 0.00376043 0.0766575 0.13629 0.0120357 0.167678 1.29746e-05 0.00581908 0.04119 
1.55155e-05 0.00252053 9.96408e-08 0.84706 0.0630348 0.000223913 1.51286e-11 0.00201527 6.45142e-08 4.27207e-08 1.19069e-07 1.85784e-07 0.0851278 1.73824e-07 3.69893e-07 2.87704e-12 9.50579e-08 7.35388e-07 
0.100359 0.0136107 0.00510287 0.530072 0.00128265 1.33363e-05 3.55335e-07 0.0977564 1.43722e-05 2.28305e-07 0.0149785 0.011332 0.220091 1.82644e-05 0.00407139 9.54461e-08 0.00128182 1.57612e-05 
7.16025e-05 0.0115341 0.00294797 0.0207124 0.00151777 0.306801 9.08188e-06 0.120918 0.0118074 0.00160115 0.0697249 0.0253965 0.214118 0.0953518 0.0510225 7.62484e-07 0.0190814 0.0473837 
1.15344e-10 0.00307259 0.000493589 0.0744677 0.00429292 4.20068e-05 1.89343e-08 0.217516 4.2358e-08 8.84777e-07 0.0114385 0.00709306 0.668298 8.13351e-07 0.00081632 6.93451e-11 0.0124653 1.35188e-06 
0.000402444 0.00269476 0.00011435 0.041007 0.024835 0.00364309 4.12795e-06 0.125253 0.000253145 4.32661e-05 0.000312602 0.00274041 0.79615 0.000111817 0.00199242 7.8502e-07 8.26507e-06 0.000433834 
0.000247509 0.0538483 0.0030761 0.0653267 0.0591539 0.180913 0.000469481 0.0365872 0.000244089 0.0033723 3.94454e-05 0.0151323 0.213542 0.175103 0.180025 5.96215e-06 0.00296096 0.00995204 
0.00225265 0.00350716 1.17271e-06 0.00496139 8.57553e-05 0.950021 1.58851e-06 0.00066597 0.000720163 9.56635e-06 0.00015844 3.08896e-05 0.0143548 0.0159321 0.00541479 5.03758e-07 6.95748e-06 0.00187509 
0.00063768 0.0397418 0.000446853 0.000615698 0.0709238 0.0191516 1.38612e-06 0.0618071 9.84707e-06 0.000788876 2.40398e-07 0.00206801 0.150525 0.0445857 0.604646 1.67783e-10 0.00247417 0.00157603 
0.00213824 0.0380283 0.000813887 0.0221094 0.00305965 0.00100881 5.963e-06 0.031292 0.000446014 0.236654 0.011 0.00148242 0.63981 0.000126304 0.00639254 9.01322e-08 0.000167309 0.00546536 
2.91371e-06 0.000313683 4.59374e-09 0.00871824 0.00305335 0.0159238 2.41441e-09 1.95426e-05 0.00018488 4.32077e-06 1.36687e-06 0.000872249 0.0164328 0.0479417 0.740271 2.20078e-09 0.16623 3.06259e-05 
0.000671591 0.123339 0.00193701 0.011378 0.00190149 0.0132147 1.23525e-07 0.00205114 0.000444423 0.000828577 0.000167816 0.00141132 0.0256326 0.291406 0.519001 6.53019e-09 0.00541873 0.0011966 
0.000162152 0.118571 0.0013608 0.00203272 0.182336 0.129803 0.000299386 0.0380453 0.1253 0.00762773 0.00305264 0.0254496 0.0380863 0.0035017 0.166699 8.63892e-11 0.0569131 0.100759 
0.000294813 0.000333036 0.00117263 0.0476657 0.00554424 0.00214006 4.48724e-06 0.00192555 0.00237034 0.00010854 0.00189964 0.0193646 0.838302 0.00535032 0.0329492 1.88985e-06 0.0346544 0.00591892 
0.000118241 0.00127818 0.00138386 0.000376311 0.00106525 0.000434063 5.83962e-06 0.000587139 1.94648e-05 0.000414425 6.03157e-05 0.865501 0.0403765 0.0358658 0.0292121 5.41632e-08 6.65548e-05 0.0232348 
0.00521114 0.0103771 0.00298889 0.207049 0.0462178 0.00896668 9.41622e-05 0.091872 7.27125e-05 2.12947e-05 4.32688e-05 0.0130516 0.571849 0.0182908 0.017535 4.47269e-07 9.50157e-05 0.00626336 
1.11683e-09 1.10862e-09 0.0488557 9.81087e-06 3.24231e-06 5.10421e-05 3.5307e-09 0.0257522 4.09527e-07 0.00332176 0.235007 1.39154e-05 0.0377685 0.00147611 0.0180695 6.7144e-10 0.00393876 0.625732 
0.000194728 0.112342 0.00979311 0.00388857 0.324798 0.16382 0.00712603 0.0332119 0.0824664 0.000611842 0.0041724 0.00734477 0.0620617 0.0100256 0.0941775 0.000194447 0.00108551 0.0826846 
0.0133902 0.000816037 7.25316e-05 0.0214342 0.0360575 0.0507386 0.00078152 0.0117646 1.4475e-05 0.00169983 0.000216828 0.000845547 0.0294944 0.770708 0.0524329 2.13383e-07 0.00590595 0.00362626 
0.000577603 0.00673568 2.50121e-05 0.0428087 0.0024976 0.000704404 7.80302e-06 0.209533 5.52917e-05 1.58455e-05 0.147566 0.0159985 0.561773 7.19217e-05 0.0105464 2.62143e-06 0.000115428 0.000965413 
0.219286 0.00171334 9.87574e-07 1.0423e-06 0.244791 0.0454767 3.59298e-07 5.24044e-07 3.3015e-07 2.40895e-06 1.34574e-07 0.0339719 4.08936e-07 0.00171174 0.107234 5.17599e-12 0.22737 0.118439 
2.04341e-07 0.00894576 0.000993177 2.72664e-05 0.00422401 0.552637 6.45996e-07 0.199165 0.000190108 0.00021377 0.0101356 0.00661035 0.0501758 0.000578501 0.165663 1.2285e-07 0.000420461 1.89082e-05 
0.0138336 0.000966202 0.0796366 0.00179916 0.0129539 0.684798 0.000332168 0.0179777 0.00445702 0.00181725 0.0288772 0.0949969 0.00694798 0.000230743 0.0459003 0.000189729 0.00019958 0.004086 
0.0467567 0.0123999 0.00104714 0.228788 0.0606992 0.0288453 3.18404e-06 0.264368 6.42115e-05 0.000325526 0.0014589 0.0780303 0.122634 1.37597e-06 0.0229946 1.20312e-09 2.80826e-06 0.131581 
0.00716286 0.0895136 0.0112066 0.0773 0.0420622 0.144106 4.7363e-05 0.0854565 0.000214094 0.00154341 8.45425e-05 0.0429984 0.10831 0.00938539 0.262901 1.04345e-05 0.00500129 0.112696 
0.0103107 0.0107285 0.000989315 0.0157166 0.01861 0.015817 0.000176124 0.0162902 0.000508299 0.00174101 0.000492366 0.00382679 0.0255052 0.246867 0.343294 2.78195e-05 0.286194 0.00290482 
0.0586561 0.0005519 4.64781e-09 0.324146 0.00378237 0.000293478 1.45045e-08 0.000291114 1.18693e-08 0.000370996 1.38036e-12 0.00807682 0.580893 0.000502851 1.28817e-08 5.20347e-13 8.06036e-09 0.0224353 
0.0677889 0.0160184 0.000649187 0.0264594 0.0231668 0.402291 0.000322625 0.0250565 0.0649465 0.0015552 0.00486687 0.00698188 0.240897 0.00684998 0.0779479 7.32779e-07 0.00744661 0.0267538 
0.00400285 0.000141062 0.00396328 0.130946 0.00487712 3.58893e-05 9.92023e-09 0.110502 9.43483e-06 7.47216e-05 0.00275288 0.255839 0.323011 5.94362e-05 0.00360731 2.5516e-09 0.00138154 0.158797 
0.00153622 7.62918e-07 0.0329334 0.0256023 0.401775 0.0436481 1.28128e-06 7.31222e-06 7.14365e-07 0.0339494 8.90123e-06 0.0579441 0.00878111 0.00466297 0.0143047 3.28854e-07 1.96326e-05 0.374824 
0.000121409 0.000122515 3.81286e-05 9.31203e-05 5.49006e-05 0.00583024 6.78291e-06 0.44785 0.00165787 6.26774e-06 0.158606 1.96863e-05 0.385093 0.000217048 0.000200436 2.34881e-06 2.70238e-05 5.20385e-05 
0.0114118 0.0104377 0.0113321 0.0706634 0.0582756 0.027706 0.00729933 0.102524 0.00168367 0.00523935 0.00667861 0.179762 0.375643 0.00318451 0.039286 0.000155332 0.00706 0.0816577 
0.00520497 0.00911474 0.00064122 0.0119695 0.0467623 0.00357599 2.62231e-05 0.0383805 0.00144112 0.00267627 0.0293381 0.0209759 0.0495254 0.675356 0.0609642 5.25406e-06 0.0392922 0.00475025 
0.00138022 0.0203333 0.00449771 0.00647794 0.495727 0.0322458 0.000385018 0.105383 0.000242052 0.000905622 0.000134431 0.0194147 0.0223837 0.00902619 0.274708 1.10973e-07 0.000179118 0.00657591 
4.87468e-05 0.124099 4.28701e-07 0.00270744 0.00463106 0.0278663 3.51499e-05 0.00340293 0.000250179 0.00111348 0.000233604 0.00858437 0.0878275 0.0564315 0.680911 2.82766e-07 0.00185508 1.31018e-06 
0.104603 0.000254761 0.000135791 0.00416844 0.0222607 0.260483 0.000609787 0.0241201 0.000173169 0.00227966 0.000803317 0.0437987 0.0212564 0.0102493 0.310192 1.20362e-06 0.130032 0.0645794 
9.04201e-05 0.00166204 4.61547e-05 0.019135 0.0651817 0.07323 0.154756 0.00757372 0.0430516 0.000292971 0.00140139 0.11335 0.161983 0.000176934 0.00325572 4.44011e-05 0.0132064 0.341562 
0.120349 0.00095131 0.000856895 0.0271273 0.00332848 0.000777428 5.2758e-09 0.00882592 6.21026e-06 3.63418e-06 6.6458e-05 0.000623134 0.0103436 0.00223871 0.781191 3.0489e-11 0.00630792 0.0370038 
1.55155e-05 0.00252053 9.96408e-08 0.84706 0.0630348 0.000223913 1.51286e-11 0.00201527 6.45142e-08 4.27207e-08 1.19069e-07 1.85784e-07 0.0851278 1.73824e-07 3.69893e-07 2.87704e-12 9.50579e-08 7.35388e-07 
0.00014207 0.00160984 3.9161e-05 0.000984717 0.000171832 0.000104422 1.9576e-11 0.0294002 2.41975e-05 3.62001e-05 0.027056 0.00401213 0.0149495 0.00337463 0.914516 3.72281e-12 8.81752e-09 0.00357919 
0.000962807 0.126343 0.0134486 0.00821768 0.0134805 0.128347 9.76588e-06 0.196308 0.0674429 0.000743187 0.0244172 0.0272882 0.0613219 0.001951 0.0718118 4.54651e-07 0.00312223 0.254784 
1.82059e-07 0.000237574 0.00726907 0.692144 0.0440725 6.6049e-06 7.23867e-05 0.0522993 1.44586e-08 0.000347941 1.81896e-07 0.0125723 0.0597324 0.00117513 0.0080229 6.68569e-09 0.00209122 0.119956 
1.24449e-09 0.123529 0.000116834 0.00687164 0.0365524 0.173615 3.93428e-09 1.31275e-05 2.2648e-06 0.000409176 0.0461102 0.0253161 0.330919 0.0173249 0.0147223 7.4819e-10 0.000412404 0.224087 
0.000536635 0.000325834 0.0649569 0.635056 0.071844 0.00164965 2.42521e-07 0.0490047 0.0155449 1.81001e-05 3.2897e-06 0.0214243 0.0892786 0.000528423 0.0107254 4.70305e-09 9.54295e-05 0.0390074 
0.00033694 0.00120698 0.00497726 0.0226481 0.0275108 0.0029732 3.14907e-05 0.0137474 0.000408083 6.34063e-05 0.000248495 0.116644 0.192965 0.00349604 0.014659 1.59846e-05 0.0210169 0.577052 
