0.0152057 0.00319442 0.00203241 0.0169725 0.0201266 0.0234709 0.000311097 0.0280013 0.647582 0.00293084 8.37063e-05 0.127375 0.100017 0.000229083 0.00819005 6.58648e-05 0.00102633 0.0031848 
2.16098e-07 0.0093452 2.22079e-10 0.00405987 0.00457316 0.00815709 2.25241e-08 0.0200292 0.00635659 2.12933e-05 0.000389207 6.48656e-08 0.000986091 0.888772 0.0480215 1.01962e-10 0.00920723 8.07961e-05 
3.69845e-05 0.0249401 0.000156294 0.0245041 0.120421 0.0439652 0.00012831 0.0390614 0.000973721 1.2895e-05 0.00296586 0.152691 0.453434 0.00401021 0.0870874 4.09618e-06 0.00803559 0.0375713 
0.00112611 0.0220446 0.00134631 0.00579591 0.0995194 0.414458 0.0154701 0.0381008 0.00116669 0.000500112 0.00200649 0.0348871 0.0388945 0.00197373 0.0597015 0.000332158 0.019609 0.243067 
0.0387513 0.0162817 0.0545814 0.0659454 0.110843 0.0248344 1.97445e-05 0.0374137 0.00166157 0.000126058 0.000606517 0.0469427 0.0322654 0.0218336 0.413442 8.06492e-06 0.10345 0.030994 
0.00669492 0.103521 1.35246e-06 1.73335e-06 6.83938e-05 0.000100082 3.84698e-06 2.34283e-06 0.0014234 2.36761e-06 1.72041e-09 0.652978 0.201498 6.09598e-06 0.011774 6.48534e-10 5.09206e-06 0.0219194 
0.00500779 0.112384 0.00016083 0.00315351 0.0205589 0.00426972 0.000109063 0.0120989 0.00719249 0.00016205 0.000220366 0.105514 0.00434124 0.213317 0.248837 1.85275e-07 0.251986 0.0106871 
0.000734884 0.00108985 1.46993e-06 0.026347 0.119922 0.759731 1.32957e-05 0.00434619 0.00487247 3.71281e-06 0.000259258 0.0108802 0.0133481 0.0048697 0.0528765 1.15666e-06 4.51346e-06 0.000698797 
0.00321341 0.00963314 0.00942299 0.0843583 0.13665 0.0106758 0.000176692 0.251597 0.000279211 0.000129765 0.000895998 0.010658 0.323797 0.0924076 0.0555783 7.02455e-05 0.0068201 0.0036366 
0.00157831 0.0104728 0.00501232 0.0375788 0.0436549 0.297663 0.000129888 0.0303338 0.00852991 0.0328415 0.00212593 0.0478769 0.132206 0.0149385 0.104105 1.31e-05 0.0107095 0.220231 
0.000608068 0.000254241 0.0052874 0.141695 0.0032764 0.00184202 1.01561e-05 0.00147276 7.97461e-05 0.00793925 0.000448451 0.000617315 0.00129711 0.539127 0.225876 4.5728e-06 0.0695336 0.000630915 
0.00399802 0.0297782 0.00091537 0.053572 0.0268689 0.00198845 6.75858e-05 0.0208739 0.000157877 0.00108286 0.00619904 0.00776296 0.394491 0.0321224 0.306045 2.76241e-06 0.110167 0.0039065 
0.079569 0.00119722 1.45267e-06 0.160544 0.0303259 0.00338478 0.000209203 0.000523737 2.85582e-05 0.000781774 8.95104e-09 0.00627802 0.692715 0.0135404 0.00195047 1.08785e-09 7.49586e-05 0.00887577 
0.0500572 0.337481 0.00121628 0.00969534 0.107075 0.0920949 3.84871e-05 0.0576369 0.00389015 0.0472602 0.00770454 0.0309165 0.0807916 0.00695064 0.153264 2.02188e-06 0.000144227 0.0137817 
0.00537228 0.00319538 1.13953e-05 0.104556 0.158294 0.000415169 2.48553e-05 0.0183548 8.55135e-09 2.43147e-06 0.00425981 0.0149282 0.660051 0.000541137 0.0106151 2.64211e-11 0.000295286 0.0190838 
0.010996 0.00213659 0.0118965 0.0752798 0.0343783 0.0242226 0.000168877 0.0259201 0.00011707 0.0227346 0.00716378 0.0711079 0.484995 0.00665306 0.0753746 1.53308e-05 0.0692499 0.0775897 
0.000115063 0.0320317 2.02206e-05 0.0461106 0.04189 0.456325 7.9807e-06 0.0145818 3.81483e-05 0.00465019 2.53765e-05 0.013826 0.128404 0.0621554 0.190438 1.8685e-06 0.0039397 0.00543872 
0.00765853 0.00946957 0.0132588 0.000264819 0.0269286 0.84395 9.72287e-07 0.0188078 2.36606e-05 2.13897e-05 4.905e-07 0.000454459 0.0271854 0.000335414 0.0516328 1.84902e-07 2.75721e-06 4.86862e-06 
0.0067422 0.00650992 0.000948503 0.0777345 0.0465803 0.00719025 4.58453e-05 0.0213143 4.96076e-05 0.000276132 3.56766e-05 0.0317053 0.412608 0.00523197 0.00920411 1.97644e-05 0.00139562 0.372408 
0.000249435 0.000150978 0.501961 0.0876281 0.0190146 0.0104602 2.28825e-05 0.100767 4.86411e-05 7.69127e-05 0.00231703 0.00934866 0.021633 0.00727999 0.0711955 5.67331e-06 0.0126069 0.155233 
0.00201545 0.0131506 0.00116435 0.144129 0.0373195 0.00694291 6.717e-05 0.00636726 0.000358134 5.6507e-06 1.68465e-05 0.01974 0.484195 0.0177699 0.114924 5.59933e-08 0.127813 0.024022 
0.000189515 0.00419924 0.00125966 0.0774125 0.0287093 0.0196488 0.000174527 0.00300352 0.00297939 0.00027717 0.00018453 0.0543339 0.578193 0.0239045 0.0952139 2.59642e-05 0.0669154 0.043375 
4.94862e-06 0.0188152 0.00337227 0.0997135 0.100556 0.193277 0.000103012 0.0301486 0.0947845 0.000317996 0.000742379 0.154669 0.0163969 0.0192108 0.126207 3.07276e-07 0.0432205 0.0984586 
0.000188259 0.0371308 0.000226653 0.0345131 0.0573261 0.588336 9.3047e-07 0.00177639 5.99366e-06 0.00519681 0.000525772 0.000272545 0.0221291 0.0135368 0.141461 7.2393e-09 0.000632586 0.096741 
0.00258527 0.000382905 0.00106491 0.00828319 0.208027 0.014149 0.000135263 0.000364516 0.00696651 0.00216684 0.000362487 0.0427571 0.651722 0.00184757 0.0428469 5.19674e-06 0.0102202 0.0061135 
2.83855e-05 0.00810056 0.00255575 0.00547201 0.0306683 0.00346875 5.96346e-05 0.0445854 0.0033182 0.000134789 0.00256377 0.710843 0.153207 0.000204884 0.00107181 5.69841e-06 5.1684e-05 0.0336614 
0.0124183 0.00371372 0.0265081 0.120129 0.0196423 0.0337854 0.000191138 0.0779637 0.000736843 0.000523087 0.00293235 0.202105 0.420297 0.00101651 0.0224957 8.86501e-05 0.00744338 0.0480091 
0.459107 0.00639878 0.000427175 0.163248 0.00749093 0.0016769 2.64889e-05 0.012087 0.00110911 0.00414343 0.0027898 0.0108682 0.238018 0.000744808 0.0328681 7.94608e-06 0.00549313 0.0534956 
0.00025422 0.00659995 1.90935e-05 0.152491 0.0280628 0.0028243 4.0518e-05 0.0297233 0.000647796 4.00098e-05 1.37057e-05 0.0338215 0.587278 0.0134045 0.129528 8.35367e-06 0.00788529 0.0073575 
0.0319547 0.00481985 5.39266e-05 0.0467317 0.0345105 0.00152086 5.16317e-06 0.672242 3.66755e-06 0.000152363 0.00543899 0.0722463 0.0991438 2.72798e-05 0.0301618 3.08945e-07 2.15271e-05 0.000965159 
0.0013391 0.123357 0.0021745 0.0103163 0.0991053 0.272995 1.78286e-06 0.116249 0.0037865 0.00107887 0.00877881 0.0139324 0.157068 0.0197502 0.163515 8.01179e-07 0.00177795 0.00477358 
0.0250446 0.00230917 0.00386614 0.0276953 0.0721702 0.0946294 0.000868098 0.00712457 0.00321715 0.0445148 0.000817395 0.0223314 0.514813 0.0178661 0.0936053 0.000326549 0.0296381 0.0391624 
0.00413476 0.00501596 0.00888467 0.053765 0.0252876 0.211839 0.000267305 0.0802522 0.0140435 0.00405307 0.00294307 0.04963 0.191878 0.00117481 0.0398237 9.64275e-05 0.0124825 0.294428 
2.03948e-08 0.00141761 1.3475e-05 0.0133704 0.0150424 0.000268517 2.73652e-06 0.024797 1.47587e-07 1.51783e-07 9.37746e-05 0.0204891 0.874539 0.000396158 0.0260436 9.74983e-10 0.00228832 0.0212379 
0.0378714 0.123722 0.018178 0.263731 0.0201641 0.000173459 4.27992e-05 0.00789176 0.000813637 0.000150422 6.6306e-05 0.00491285 0.319508 0.000158117 0.00419776 2.83948e-05 0.001121 0.19727 
0.415793 0.00151731 0.00331864 0.050794 0.00257237 0.00158185 1.49867e-05 0.0217638 0.000864274 0.00172677 0.00199274 0.0180339 0.155997 0.000117772 0.00586388 1.46854e-06 0.0138865 0.304159 
0.118992 0.388909 8.0161e-05 0.155941 0.0235517 0.00425421 5.9259e-06 0.00910131 0.000122752 0.00188089 0.000480773 0.00385544 0.133949 0.006991 0.141316 1.33874e-06 0.000205189 0.0103629 
0.00194417 0.121464 0.00286703 0.0502963 0.426538 0.0578907 5.08195e-06 0.0785889 0.000846673 0.00106205 8.89375e-05 0.0170852 0.0346953 0.00680573 0.149998 8.29205e-07 0.00203755 0.0477851 
3.45121e-05 0.00192602 6.98004e-06 0.164813 0.0172227 0.00112184 1.579e-07 0.00179797 7.40738e-06 5.73767e-06 2.76656e-07 0.00393236 0.624043 0.043466 0.0519474 1.39115e-07 0.0782892 0.0113854 
0.010038 0.00746298 0.000203183 0.09808 0.162291 0.298991 0.000238521 0.0225041 0.00200808 0.000388332 0.00157407 0.0458083 0.127397 0.000584154 0.0666308 0.00015584 0.00290371 0.15274 
0.0292252 0.00666697 0.0911643 0.0734568 0.0555327 0.013928 0.000114221 0.0660171 6.94199e-05 4.546e-05 0.00166259 0.0510598 0.171765 0.031755 0.347036 7.8752e-06 0.0190845 0.0414094 
0.00369762 0.0425182 8.11798e-05 0.0334704 0.032865 0.0887084 0.000641828 0.0189073 0.162584 0.0112735 0.00170166 0.0159772 0.0275438 0.0128958 0.527251 3.70794e-05 0.000512165 0.0193335 
1.67922e-05 0.000387091 0.00069289 0.000991763 0.153195 0.664751 2.87654e-05 0.0228746 0.0355484 0.000669765 0.00105659 0.0579039 0.0216288 1.90632e-05 0.00468053 1.34072e-06 0.00276186 0.0327921 
0.00675027 0.0599251 0.00188092 0.137673 0.118852 0.0263634 0.000166441 0.0331702 0.00052557 0.00136281 0.000619468 0.0139345 0.211702 0.043633 0.139883 8.98989e-05 0.00169679 0.201771 
0.00167652 0.0149495 0.00581626 0.151985 0.037589 0.110442 0.000368127 0.0130986 0.0100495 0.000374102 5.55839e-05 0.077439 0.226565 0.00707952 0.0938831 3.3611e-05 0.0076494 0.240946 
0.336923 8.28662e-05 0.000266376 0.183444 0.0117476 0.00150648 6.74187e-05 0.00736449 0.000172897 0.000449575 0.000712604 0.0117132 0.0779787 0.0216829 0.0113616 6.12097e-05 0.083983 0.250482 
2.79375e-05 0.00467359 9.84572e-05 0.00724714 0.0157478 0.140113 1.17529e-06 0.00351895 0.000273842 0.000331144 0.00110276 0.0348977 0.288056 0.00108208 0.204157 4.5972e-07 0.0387174 0.259953 
9.03859e-06 0.000383657 0.000190933 0.00679889 0.00284379 5.52093e-06 6.03316e-12 0.00156455 0.00165866 0.000106342 6.60201e-06 0.000177363 0.000155686 0.860025 0.0362862 1.14734e-12 0.0895832 0.000204301 
2.33041e-08 0.0151021 0.000260067 0.00978674 1.42145e-08 2.58103e-05 7.36729e-08 0.144572 0.795034 9.20194e-06 3.71665e-08 0.00945558 0.00548961 0.000182049 0.019885 1.40105e-08 5.36418e-05 0.00014378 
0.000707535 0.00452019 0.0177819 0.00394776 0.00642262 0.0358825 0.000161211 0.44181 0.00718448 0.00908128 0.0297218 0.0196126 0.376338 0.00126161 0.0239447 1.52905e-05 0.00170905 0.0198982 
0.0138791 0.0435239 0.00144735 0.0206809 0.0880149 0.0730972 2.92063e-06 0.0390485 0.0442208 0.00101243 0.00415285 0.137873 0.0840789 0.00910443 0.435103 2.74273e-06 0.00153147 0.00322595 
0.0245135 0.00388272 0.00660547 0.0605648 0.0099227 0.00136911 2.4058e-05 0.0395235 0.00122428 0.0015102 0.00407238 0.180568 0.334862 0.00278562 0.0225246 5.60004e-06 0.00701903 0.299023 
0.0383797 0.00138007 7.46124e-09 0.533042 0.0160739 0.00110354 3.24487e-08 0.0137191 2.65531e-08 0.000123845 4.84288e-12 0.0104614 0.37774 0.00016769 0.000329255 1.8256e-12 1.80307e-08 0.00747904 
0.000139026 0.0288002 0.000618013 0.0652259 0.0640027 0.0773638 0.000492811 0.0273613 0.00736059 0.0067118 0.0380863 0.0506984 0.0482395 0.000397228 0.0585528 5.06435e-05 0.516316 0.00958306 
0.00957599 0.00968313 5.00486e-05 0.272614 0.0133303 0.0243006 6.18938e-05 0.199427 7.2892e-05 0.00977162 0.00825437 0.0495857 0.250891 0.00342377 0.142588 1.01244e-05 0.00422399 0.00213498 
0.000114052 0.0134326 0.070943 0.217377 0.0403921 0.00963949 2.98324e-05 0.122057 0.00223678 6.30933e-05 0.000615127 0.0202465 0.259425 8.79339e-05 0.0207667 4.34981e-06 0.000123193 0.222446 
0.00175241 0.0159799 0.000268475 0.0209514 0.031073 0.0627578 7.72127e-05 0.283031 0.00098825 5.67611e-05 0.0348144 0.0548889 0.427714 0.00230874 0.0112356 9.75427e-06 0.0106397 0.0414531 
0.00101273 0.0145265 0.00117735 0.0745057 0.00734131 0.01522 6.22661e-05 0.0324691 0.0105163 0.00190333 0.402255 0.0326164 0.365954 0.0010419 0.0165973 4.5488e-06 0.000664967 0.0221312 
6.8381e-05 0.0302385 1.73207e-07 0.0338409 0.0108297 0.00262521 3.3973e-07 0.0010501 4.8618e-06 4.40738e-05 0.000251955 0.00159168 0.0192959 0.657359 0.165115 1.70429e-07 0.077232 0.000452138 
0.000107567 0.00285067 5.83404e-07 0.00011922 0.00142188 0.000481858 1.20298e-06 0.00545115 6.32025e-05 0.000236783 0.000732972 0.00111199 0.00733399 0.31295 0.559862 1.90378e-07 0.106677 0.000597366 
0.000872127 0.000353315 0.000565684 0.016663 0.958705 0.000215422 8.58888e-08 0.00381244 0.000366262 0.000242535 4.33292e-08 0.00105474 0.0093478 0.000986839 0.00209997 1.63336e-08 0.000539666 0.00417497 
0.000343434 0.0179605 6.46461e-05 0.176817 0.0149602 0.000262907 7.08863e-07 0.0100194 0.000251364 4.37924e-06 0.00884114 0.0396757 0.331993 0.000345959 0.18961 5.56478e-07 0.011961 0.196887 
0.00619493 0.0127942 0.0300614 0.0808212 0.0488167 0.00931562 3.76922e-05 0.0495767 0.00674205 0.00288775 0.0296686 0.0567374 0.572076 0.0098732 0.0303585 1.47023e-05 0.0422833 0.0117401 
0.0314464 0.000448823 0.00859989 0.202469 0.245929 0.00883908 5.83503e-05 0.0150772 0.000256415 0.000221619 3.79739e-05 0.0247238 0.13326 0.00341679 0.148004 3.2702e-05 0.0862902 0.0908886 
0.00174491 0.00748077 0.00168469 0.00487307 0.0605874 0.762307 6.61694e-05 0.00448212 0.00920852 0.00229169 0.0111295 0.0185099 0.0343894 0.00137758 0.0437793 3.12553e-05 0.00166503 0.0343918 
0.00640324 0.0254837 0.000287616 0.228029 0.0886947 0.0560982 0.000241871 0.00759346 0.00169624 0.000471414 8.15602e-05 0.00261405 0.0608732 0.108153 0.321136 7.11801e-05 0.0513345 0.040736 
0.00116266 0.000138702 1.56614e-05 0.0241704 0.0157301 0.448689 1.49212e-05 0.00116328 0.00220991 0.00343429 1.25872e-05 0.0472945 0.285417 0.0529832 0.11023 3.95578e-06 0.000440545 0.00688974 
0.00136335 0.000448821 1.17294e-07 0.345202 0.123909 0.229577 1.97354e-05 0.000570361 0.0504872 2.45198e-07 0.010987 0.00136394 6.49802e-06 0.00975326 0.17172 5.6187e-08 0.0530323 0.00155907 
0.00074476 0.000479452 1.53858e-08 0.0144762 0.00674871 0.0222673 8.07654e-09 4.98239e-08 0.000230344 0.000444052 8.91246e-05 0.00107058 8.55004e-07 0.225725 0.631699 7.37118e-09 0.0955873 0.000436903 
2.59618e-10 0.0358614 9.86208e-07 5.59202e-07 0.126099 0.310642 1.39609e-06 0.526546 6.03339e-10 5.19826e-06 1.13868e-05 1.36568e-05 4.22781e-05 2.34575e-10 1.82653e-06 1.56083e-10 7.10174e-05 0.000702889 
0.000514864 0.00857169 0.128364 0.214216 0.00475424 4.75271e-05 1.8834e-05 0.179463 2.02693e-05 5.17347e-05 0.000662488 0.00517184 0.355471 0.000171416 0.00759224 5.38088e-08 0.0223986 0.0725108 
0.0164851 0.0215745 0.0453629 0.00672999 0.0875067 0.340757 0.00688557 0.0134759 0.00364564 0.000258266 0.00831473 0.0251886 0.0625446 0.00101924 0.0693367 9.66306e-05 0.00692349 0.283894 
0.00146138 0.000838075 0.00525037 0.0396806 0.0240463 0.084811 0.000436037 0.00938991 0.0135669 0.00325599 0.000281464 0.0611582 0.368802 0.0224382 0.217638 0.000125764 0.0927865 0.0540332 
1.71165e-07 0.0113652 0.0354091 1.16171e-05 0.0316249 0.681545 5.10171e-05 0.00553087 3.97779e-07 4.12865e-07 5.93406e-05 0.0535754 0.000658817 0.0395938 0.0228542 1.02905e-07 0.0376551 0.0800641 
1.78192e-05 0.124159 8.16657e-05 0.00477071 0.00163667 0.00360712 4.2716e-06 0.00213172 0.00203179 0.000618177 7.52812e-05 0.0223368 0.156249 0.0213369 0.575777 3.23903e-06 0.0760375 0.00912474 
0.0008952 0.00589514 0.00961967 0.0057183 0.103617 0.447455 0.00196359 0.0513621 0.0127599 0.00327671 0.0407667 0.0414551 0.113763 0.00473541 0.150703 0.000173719 0.00131344 0.00452728 
0.0030808 0.025113 8.53355e-06 0.0241695 0.779811 0.00112779 1.67852e-05 0.015844 1.43642e-05 0.0030131 0.000906253 0.017895 0.0268953 0.00283762 0.0748619 6.11239e-06 0.0230306 0.00136831 
1.7885e-07 0.000689877 0.00193228 0.0183444 0.0060976 0.0490509 0.000599168 0.0202051 0.000404301 0.000351629 0.00176288 0.00861392 0.00675279 0.0151859 0.0108604 1.48592e-08 0.000628603 0.85852 
0.0158168 0.00113095 3.00758e-06 0.256189 0.0182247 0.000902251 1.15936e-05 0.00931983 5.38275e-05 5.8622e-05 0.000280494 0.0117978 0.647585 0.00191157 0.00665721 1.25053e-06 0.00274287 0.0273139 
0.113199 0.000182201 2.98665e-05 0.433362 0.0628442 0.00390098 2.36819e-06 0.0113618 8.13374e-05 1.70578e-07 9.89074e-08 0.0230779 0.341837 0.000336088 0.00648037 2.24496e-09 0.000160839 0.00314334 
0.00556937 0.000636458 0.0012741 0.0875901 0.213319 0.126683 9.30239e-05 0.0960021 0.00621211 0.000164764 0.00720781 0.0734383 0.131129 0.000314678 0.173341 3.09588e-05 0.0103784 0.066615 
0.0323686 0.00359061 0.000957981 0.142575 0.120737 0.290523 4.58653e-05 0.0173074 0.00086384 0.00110135 0.000437518 0.031696 0.225552 0.00746937 0.0465399 2.73072e-05 0.0346474 0.0435614 
2.53958e-05 0.187661 8.67429e-05 0.0120905 0.0197464 0.50275 1.2474e-05 0.00431934 0.000747872 0.000102801 0.00136214 0.00760307 0.0927143 0.0950417 0.0108009 1.16327e-06 0.0178773 0.0470568 
0.0647282 0.00154963 0.0259174 0.472161 0.0198465 0.00212203 0.000331101 0.00938247 0.000250499 0.00128197 0.000513552 0.0209765 0.331892 0.0100499 0.00540835 3.32795e-06 0.00576629 0.0278188 
0.000345072 0.035801 3.05798e-09 0.232137 0.000461698 2.67106e-08 9.27408e-08 0.459124 0.000134758 0.000759521 0.00080302 0.000972115 0.243349 0.000264648 0.0258471 1.404e-09 1.37129e-07 8.01056e-07 
0.00269763 0.19441 0.00406055 0.139542 0.222065 0.0327858 0.00194723 0.162284 0.00101309 0.0012246 0.00102429 0.0222413 0.117132 0.00627138 0.0533854 1.93946e-05 0.00134576 0.0365508 
0.000233604 0.0051713 0.000251151 0.0415755 0.0162411 0.646206 0.000112327 0.00462802 0.000477452 0.000169655 0.00242876 0.00748616 0.177583 0.0029812 0.0473567 5.54827e-05 0.0431984 0.00384507 
0.00405523 0.00150546 0.0360558 0.513055 0.0820077 0.00232141 0.000655923 0.0420672 0.000139755 0.0005841 0.000254844 0.0305246 0.096291 0.00676239 0.0140672 1.73709e-05 0.0240063 0.145629 
0.00225375 0.0643066 0.0116716 0.0605355 0.0113932 0.0180381 0.000103437 0.0171305 4.63075e-06 6.10528e-05 0.000791851 0.105236 0.194306 0.00140931 0.367314 3.36641e-06 0.0271413 0.118301 
0.000118241 0.00127818 0.00138386 0.000376311 0.00106525 0.000434063 5.83962e-06 0.000587139 1.94648e-05 0.000414425 6.03157e-05 0.865501 0.0403765 0.0358658 0.0292121 5.41632e-08 6.65548e-05 0.0232348 
0.00376901 0.00659846 4.55338e-05 0.10534 0.0116231 0.0026706 7.61583e-08 0.157741 1.74955e-06 0.000243055 0.00626283 0.0298885 0.626307 0.00160089 0.0249074 3.55166e-09 0.0209458 0.00205562 
0.00163227 0.00216381 0.0534314 0.0103475 0.0813908 0.0280407 2.11603e-05 0.0822718 8.7894e-05 0.00698125 0.0221466 0.457511 0.0518594 0.00648206 0.169298 1.02572e-05 0.000997244 0.0253278 
0.000118241 0.00127818 0.00138386 0.000376311 0.00106525 0.000434063 5.83962e-06 0.000587139 1.94648e-05 0.000414425 6.03157e-05 0.865501 0.0403765 0.0358658 0.0292121 5.41632e-08 6.65548e-05 0.0232348 
0.0072658 0.00476329 0.00115649 0.00537059 0.0549175 0.144423 1.72667e-07 0.00233701 1.33668e-06 2.63453e-07 0.000247914 0.236486 0.467423 5.8098e-05 0.00203669 3.0027e-08 3.38663e-08 0.0735125 
2.9132e-06 1.4159e-05 1.65349e-09 0.00301867 0.00599761 5.12953e-06 3.99197e-09 0.0712726 2.93454e-09 2.89734e-07 0.0014937 0.00162718 0.916366 1.08531e-07 5.40918e-06 7.5916e-10 1.82033e-05 0.0001783 
0.000915013 0.00298471 0.000598025 0.00356863 0.603912 0.235187 6.33602e-05 0.0368756 0.0614446 0.00181847 0.000315315 0.00361585 0.0225081 0.000738841 0.0153399 5.74432e-06 0.00498559 0.00512373 
0.000744076 0.430002 1.45027e-07 0.229476 0.0210437 0.000130612 1.43324e-06 0.00179934 1.44372e-05 6.33589e-05 7.25307e-05 0.00134521 0.245626 0.00328749 0.0662754 1.96733e-11 2.22792e-07 0.000117394 
0.183491 0.0103009 0.000948449 0.272555 0.0279829 9.41405e-06 9.01104e-07 0.105328 9.18511e-05 0.00296675 0.00114074 0.0103582 0.377953 0.000980797 0.00333836 3.00522e-08 4.13216e-05 0.00251289 
0.00321341 0.00963314 0.00942299 0.0843583 0.13665 0.0106758 0.000176692 0.251597 0.000279211 0.000129765 0.000895998 0.010658 0.323797 0.0924076 0.0555783 7.02455e-05 0.0068201 0.0036366 
0.00139526 0.0168559 0.01004 0.0624274 0.0631887 0.119841 0.000107272 0.159916 0.000960911 0.00013942 0.0103841 0.0509579 0.0584197 0.00343122 0.399729 2.43399e-05 0.000171989 0.0420096 
0.00773099 0.000295423 0.0186074 0.020973 0.0114754 0.0117876 8.12238e-05 0.0311612 0.00759648 0.557541 4.0356e-05 0.107915 0.038924 0.00356437 0.101262 3.46264e-05 0.0685943 0.0124146 
5.11642e-05 0.000225651 0.00275525 3.07457e-07 0.0357035 0.0035538 1.68388e-07 0.361323 0.000140544 1.21991e-06 2.05677e-07 0.0214123 0.357353 2.75462e-05 0.00289398 2.20516e-08 9.95478e-06 0.214548 
1.2803e-06 0.000438243 0.000382433 0.0241923 0.00130923 1.22436e-05 5.40863e-08 0.00050443 1.22372e-07 3.1645e-07 1.54669e-06 0.0117037 0.959313 9.6696e-05 6.60011e-05 2.72662e-11 7.72906e-06 0.00197019 
0.00475276 0.00167859 2.90256e-06 0.117201 0.0438006 0.00307342 8.67198e-08 2.71571e-05 2.97417e-08 0.000247626 1.35078e-08 0.00580671 0.800368 0.0184806 0.0039009 1.6413e-09 2.27047e-08 0.000659774 
1.55155e-05 0.00252053 9.96408e-08 0.84706 0.0630348 0.000223913 1.51286e-11 0.00201527 6.45142e-08 4.27207e-08 1.19069e-07 1.85784e-07 0.0851278 1.73824e-07 3.69893e-07 2.87704e-12 9.50579e-08 7.35388e-07 
0.00124808 0.0175637 5.80836e-05 0.0372174 0.0330504 0.632816 0.000281393 0.0244336 0.00232898 0.0142047 0.0409445 0.0516784 0.0220789 0.036145 0.0718137 1.65051e-05 0.00230827 0.0118119 
0.00608644 0.00300219 0.0227434 0.0598166 0.0488841 0.0287763 4.25086e-05 0.171672 0.000386436 0.00629236 0.000746787 0.0982354 0.0738982 0.0102303 0.196257 2.51835e-05 0.159211 0.113694 
0.00709168 0.0771292 0.00140879 0.00420659 0.0582067 0.313417 4.45193e-05 0.103813 0.00461339 0.0187377 0.0286521 0.0745177 0.190836 0.00278813 0.030913 1.47476e-05 0.0613514 0.0222581 
0.000866365 0.0109792 0.00507137 0.490132 0.000273102 0.00278549 2.80569e-05 0.0159883 3.31981e-05 0.000252325 0.0254307 0.104659 0.011716 0.00017901 0.00183729 2.10585e-08 9.65044e-05 0.329672 
8.07314e-05 0.0105161 0.00114907 0.0120856 0.103949 0.0253463 0.000118089 0.14477 0.00106517 0.000252438 0.00154136 0.0917533 0.445945 0.00147932 0.04439 6.47733e-06 0.00263688 0.112916 
0.00129907 0.0543811 0.257597 0.0227265 0.0341295 0.0793252 0.000121394 0.211101 0.0488124 7.35036e-05 0.0129682 0.113226 0.0448705 0.00227413 0.04922 6.47258e-06 0.00441538 0.0634519 
1.14472e-05 4.86712e-05 9.79884e-06 9.68628e-05 0.0406288 0.798005 1.31788e-06 0.023939 0.0647712 0.00961017 0.00178565 0.0158419 5.11981e-05 0.00128353 0.0406925 2.50624e-07 6.75351e-06 0.00321557 
0.00846948 0.00143385 0.00590871 0.13873 0.0442777 0.0371183 1.85965e-05 0.058927 0.14779 0.000112734 0.0384071 0.0285255 0.150644 0.027792 0.291211 8.51495e-06 0.0189219 0.00170378 
0.134893 0.0114839 0.000352208 0.120644 0.00634241 0.00200094 9.05612e-05 0.056997 0.000179552 0.0017548 0.0223132 0.120416 0.370657 0.102784 0.043035 1.43845e-05 0.000829004 0.00521291 
9.70473e-06 0.0267715 0.000474332 0.0137279 0.0414834 0.414606 1.99616e-05 0.0481659 0.000158799 8.21586e-05 0.00265319 0.202452 0.238801 4.11538e-05 0.00601982 2.12277e-06 5.56795e-05 0.00447507 
0.010496 0.00202071 0.00115436 0.152955 0.0502805 0.0442026 0.000107217 0.150072 0.000466861 0.0016005 0.00412078 0.0749391 0.323044 0.0032538 0.017214 3.78251e-05 0.0408702 0.123165 
0.0147494 0.133109 2.92051e-07 0.0464944 0.0155801 0.00422002 2.97111e-06 0.00110569 5.54946e-06 0.000115154 9.2581e-05 0.0058689 0.0678493 0.403033 0.286656 1.42591e-08 0.000247237 0.02087 
0.0286167 0.00942386 3.13073e-05 0.0333548 0.00106436 2.79639e-06 1.44306e-06 0.544436 4.0011e-06 0.000568623 0.00905444 0.0318884 0.307798 6.40174e-05 0.000232731 3.31815e-07 0.0327773 0.000681143 
0.000971769 0.000303167 0.00623772 0.00415823 0.047488 0.756094 2.37697e-05 0.00227546 0.0026529 0.00029126 4.53709e-05 0.116245 0.0023108 0.00436258 0.045507 1.84616e-05 1.90384e-05 0.0109952 
0.0810985 0.00185962 0.00190549 0.0427113 0.0145187 0.0713942 3.17336e-05 0.208283 0.000635084 0.00082809 0.0037459 0.179735 0.0866841 0.0125738 0.0263788 3.75936e-06 0.0087421 0.258871 
0.00593606 0.00224455 0.0101383 0.114436 0.233122 0.134401 3.92656e-05 0.0165744 0.000843558 0.000467882 0.000593271 0.00293285 0.313807 0.002741 0.0353416 3.82092e-06 0.00276085 0.123617 
9.8781e-09 0.000150895 8.76736e-05 0.143291 0.0998007 0.000317143 1.4254e-06 0.0627211 1.56403e-05 2.7473e-09 2.38734e-08 0.0143484 0.636485 0.000521823 0.0181768 1.64938e-09 0.00588486 0.0181975 
1.19969e-05 0.00552075 0.0121203 0.00155513 0.0228194 0.0237571 1.4617e-06 0.763272 0.00120081 8.3041e-05 0.0347556 0.0356247 0.0835272 9.73656e-05 0.00331219 6.73541e-07 0.00954352 0.00279642 
6.79703e-05 0.000423296 2.92034e-05 0.001199 0.00485174 0.96875 0.0055427 0.000270612 0.00321893 0.000223502 0.00457269 0.000257977 0.00767318 0.000625398 0.00175799 2.39986e-05 0.000111597 0.000400032 
0.0383797 0.00138007 7.46124e-09 0.533042 0.0160739 0.00110354 3.24487e-08 0.0137191 2.65531e-08 0.000123845 4.84288e-12 0.0104614 0.37774 0.00016769 0.000329255 1.8256e-12 1.80307e-08 0.00747904 
0.0194228 0.0140156 0.000892596 0.0156306 0.0609752 0.454118 0.00084388 0.0343481 0.00681908 0.00130774 0.00644885 0.0485235 0.0270482 0.0956842 0.175026 0.000697762 0.0125115 0.0256865 
2.51211e-07 0.0372938 8.97557e-12 0.025181 0.00438057 0.00139031 2.16695e-11 0.000802709 0.00318833 0.000367585 4.26387e-08 0.00820295 0.00855899 0.017864 0.886445 4.12093e-12 0.00011159 0.00621239 
0.00206693 0.0278333 0.00835735 0.0135195 0.0653695 0.255924 6.61998e-05 0.512136 0.00553355 0.00143649 0.0093045 0.0196197 0.0253154 0.00211258 0.0416908 3.61094e-05 0.00224423 0.00743342 
0.000638851 0.00365495 0.0138058 0.0350097 0.0100009 0.00327642 0.000398228 0.00628796 4.53643e-05 9.01088e-06 7.54923e-05 0.191136 0.377622 0.00520441 0.038591 1.7942e-06 0.00074084 0.313501 
5.38053e-08 0.000501868 9.96172e-05 0.347728 0.117479 0.0416975 7.4693e-09 0.00225325 0.000470578 0.000348177 1.61583e-08 0.00623709 0.350922 0.0197764 0.106152 6.81697e-09 1.75047e-06 0.00633225 
0.00680288 0.0916178 0.000365355 0.21321 0.139955 0.0428228 0.00617906 0.0652058 0.039634 0.00241252 0.00440571 0.139549 0.101406 0.00102906 0.139687 7.06274e-05 0.000649347 0.00499747 
0.0798076 0.00789487 0.00586267 0.0152517 0.0177667 0.549901 9.1818e-05 0.0224938 0.0655557 0.00376458 0.0509376 0.0239232 0.057244 0.000969013 0.0215461 9.96326e-06 0.0107844 0.0661949 
0.251831 0.0695773 8.23801e-05 0.0794786 0.134521 0.0199483 0.00136082 0.0315557 0.000611541 3.59524e-05 0.000693128 0.173125 0.0741238 0.00103118 0.0607151 3.49411e-05 0.000824243 0.100449 
0.000271304 0.00244333 0.00161309 0.00607341 0.0318402 0.278545 0.00277132 0.0347758 0.0214255 2.7035e-05 0.00994142 0.0252936 0.281184 0.0609338 0.0545747 1.64535e-08 0.126696 0.0615905 
0.539814 0.00405878 0.000267076 0.1484 0.00528353 0.00126556 1.874e-05 0.00898738 0.000759314 0.00271656 0.00149456 0.00986716 0.183607 0.000672043 0.023576 6.56528e-06 0.00980029 0.0594055 
0.000304851 0.00603676 0.00304938 3.99946e-05 0.0597578 0.634322 3.56296e-07 0.00291678 0.00485085 0.0877381 0.000125835 0.00374811 0.00108723 0.000646226 0.0836278 6.77575e-08 0.00202831 0.10972 
0.000165247 0.00150143 0.0034023 0.00804283 0.0106499 0.157888 0.0640059 0.0344154 0.000855285 3.15134e-05 0.000310012 0.0240057 0.135191 0.00511848 0.03231 1.05274e-05 0.0012263 0.520871 
2.75482e-07 5.15303e-05 0.0025919 0.0627115 0.00320124 0.00235652 1.16436e-10 0.0104243 8.50364e-08 1.33071e-09 4.40087e-05 0.00094009 0.00719436 0.00137212 0.777458 2.21428e-11 0.00698527 0.124669 
0.00740598 0.00163801 1.01653e-05 0.157397 0.00355575 7.59941e-05 4.54986e-09 0.00243192 8.71766e-10 0.000158018 2.06542e-08 0.00262238 0.816254 0.000111232 0.00739673 4.32983e-13 7.10747e-06 0.000935345 
0.00099921 0.00801151 0.0253024 0.0068444 0.615798 0.0108154 0.00041965 0.0685117 0.0141453 0.00472765 0.000466062 0.0437997 0.0825187 0.000395363 0.0614255 0.000131813 0.00090284 0.0547849 
0.578026 0.00127612 0.000428271 0.110821 0.0057555 0.00323335 3.17228e-05 0.00989059 0.00270398 0.00676522 0.00697439 0.0180407 0.159834 7.12422e-05 0.00369788 7.12374e-06 0.00955282 0.0828906 
0.00017355 0.0453641 0.00146563 0.00123909 0.00815599 0.353611 3.5323e-05 0.13461 0.0197336 0.279589 0.00448597 0.00494974 0.0385022 0.00171414 0.0747253 1.22602e-07 0.0251595 0.00648554 
2.99641e-05 0.00387933 4.78008e-06 0.00274295 0.000240728 0.000110061 2.96638e-07 0.0453445 1.78369e-08 0.000241522 0.00624326 0.612749 0.32314 4.54458e-05 0.00361976 1.1853e-09 1.60637e-06 0.00160736 
0.0842166 0.0031029 5.54272e-06 0.786217 0.00502247 0.000692207 3.28462e-06 0.0164635 1.28191e-05 1.9183e-05 0.00160345 0.0158177 0.0803636 0.00320894 0.00130703 2.22967e-06 0.000937056 0.00100438 
0.0341906 0.00253715 0.000428696 0.00703212 0.00659954 0.801843 1.52503e-05 0.00280043 0.00197167 0.00320988 0.00139542 0.000720495 0.0473722 0.0101007 0.0401651 2.91678e-06 0.00048821 0.0391266 
0.00180854 0.000454076 0.000823439 0.0200777 0.0028981 0.00827126 0.000871403 0.00220246 0.000374141 0.00819348 0.00238852 0.00789092 0.0269895 0.0211858 0.0572574 0.000130377 0.833758 0.00442456 
7.74061e-05 0.0238759 8.7546e-06 0.0107531 0.00300965 0.0613669 6.35223e-05 0.720304 0.00334838 0.0731358 4.08746e-06 0.0795309 3.57017e-05 0.00295617 0.0206164 6.38404e-10 7.32747e-07 0.000912302 
0.00064284 0.078154 2.96482e-05 0.0143598 0.0031011 0.000243314 5.70836e-08 0.00268832 0.00212026 0.000208139 5.52068e-05 0.000869773 0.00168887 0.608857 0.268459 5.05166e-08 0.0177392 0.0007834 
0.000532626 0.00918253 1.64509e-05 0.0180413 0.483888 0.0694313 0.00183474 0.000331981 4.46666e-05 5.69133e-07 0.000329846 0.00204122 0.0744541 0.00375589 0.178014 4.5379e-07 0.0390429 0.119057 
4.55057e-05 0.00466532 0.446307 0.0108523 0.155761 3.18457e-05 1.59215e-06 0.0400933 3.19703e-05 2.8373e-05 1.876e-05 0.0211247 0.0027318 0.0138225 0.296335 1.36517e-06 0.00231854 0.00582887 
0.00636232 0.00165692 0.136215 0.0453386 4.73302e-06 0.0240417 6.90718e-10 0.770329 1.43024e-07 0.000760006 3.64563e-06 0.00573265 9.58059e-07 6.13207e-07 0.00723554 1.31355e-10 2.43626e-05 0.00229332 
0.00361044 0.00351151 0.00173315 0.0358441 0.10285 0.0079541 0.000111551 0.0106249 0.000773674 0.000306663 0.00260245 0.0260115 0.757244 0.00294212 0.0342829 5.56451e-06 0.000867675 0.00872351 
0.00130869 0.000783456 0.0036981 0.0220811 0.00844547 0.000462835 9.36556e-07 0.00382186 0.000313608 3.05759e-05 0.000278727 0.00833783 0.0237633 0.416843 0.121783 3.93951e-08 0.348364 0.0396834 
1.11141e-07 0.00243931 0.0297091 0.0466748 0.0182545 0.000277877 1.53263e-09 0.0828644 2.85477e-08 7.57009e-08 0.000742986 0.047678 0.754384 0.000542482 0.0121333 3.40175e-12 1.8246e-08 0.00429916 
0.00074476 0.000479452 1.53858e-08 0.0144762 0.00674871 0.0222673 8.07654e-09 4.98239e-08 0.000230344 0.000444052 8.91246e-05 0.00107058 8.55004e-07 0.225725 0.631699 7.37118e-09 0.0955873 0.000436903 
0.0172145 0.000455751 7.61342e-06 0.12874 0.0134576 0.00527405 9.72764e-05 0.0291565 9.12979e-05 3.46693e-05 6.77826e-06 0.0162178 0.620648 0.00503002 0.019436 7.66072e-07 0.0644373 0.0796939 
0.00220794 0.122947 0.000156434 0.115054 0.0178833 0.0127461 4.85667e-06 0.00611702 0.000631846 0.00242356 0.0654521 0.0126644 0.516081 0.0111342 0.108984 1.78392e-07 0.000439623 0.00507159 
0.00475488 0.0264173 0.0511411 0.040249 0.0241003 0.0224764 5.64729e-06 0.116353 0.0120892 0.00105257 0.141293 0.0242747 0.210394 0.000171345 0.0375024 2.24261e-06 0.0342345 0.253488 
0.00656552 0.0183406 0.0225873 0.0216382 0.0534418 0.413331 0.0020635 0.0649482 0.00845052 0.00110167 0.011731 0.0583417 0.15745 0.0117919 0.143435 0.000344384 0.00260436 0.00183294 
0.000951629 0.00200367 0.00145543 0.0048567 0.00617186 0.0316745 7.1277e-06 0.00909443 8.04583e-06 0.000109286 0.000440376 0.121424 0.789885 0.00182369 0.0265519 5.66371e-06 0.00131223 0.0022244 
6.79703e-05 0.000423296 2.92034e-05 0.001199 0.00485174 0.96875 0.0055427 0.000270612 0.00321893 0.000223502 0.00457269 0.000257977 0.00767318 0.000625398 0.00175799 2.39986e-05 0.000111597 0.000400032 
1.93355e-10 7.15253e-05 0.759417 0.0421145 0.0024057 0.000470188 6.11265e-10 0.118413 5.8026e-05 5.59347e-06 5.1721e-07 0.000109083 0.00171593 0.00529625 0.051937 1.16245e-10 0.00102546 0.01696 
2.05137e-06 0.0075537 0.00270017 0.0732401 0.0169313 0.629728 0.0994991 0.0222222 0.000958637 4.46368e-05 1.14879e-07 0.00913699 2.12994e-05 0.000264193 0.121552 4.33054e-08 4.43555e-06 0.0161404 
0.00919362 0.101064 4.5547e-06 0.0231436 0.268947 0.106725 0.000629752 0.0192722 0.000497351 5.82961e-06 0.0304817 0.184191 0.0572191 0.0116773 0.0829374 9.14986e-08 0.000222328 0.103788 
0.0367872 0.000849124 0.00145389 0.0286404 0.0358302 0.00193608 0.0322112 0.257588 0.000821563 0.000114609 0.00363584 0.0782649 0.352178 0.00190619 0.0328666 9.07781e-05 0.00128815 0.133537 
7.11616e-06 0.156274 0.00253113 0.0248112 0.00324954 0.000260727 4.97759e-07 0.293679 0.000151726 2.12051e-06 0.0708876 0.0075642 0.385574 0.000948127 0.0286587 8.20886e-10 0.0252689 0.000131354 
5.38139e-05 0.0248711 2.72018e-06 0.00317948 0.672414 0.0114468 3.79191e-05 0.0322115 4.67197e-06 1.36788e-06 0.00590065 0.00934288 0.0655164 0.00251793 0.161244 8.1352e-07 0.00859326 0.00266127 
0.00376705 0.00225859 0.0651943 0.0810445 0.0491162 0.106822 0.00505866 0.106662 0.000946658 0.000143249 0.000178269 0.0105138 0.069088 0.00012313 0.00995073 8.95838e-05 0.00130238 0.487741 
0.0850381 0.00367857 0.0195464 0.107254 0.0281544 0.00241742 3.84993e-07 0.0326128 0.000404813 0.650948 2.0314e-05 0.00117225 0.00545013 0.001016 0.0454243 3.33068e-07 1.35874e-06 0.0168601 
0.000247509 0.0538483 0.0030761 0.0653267 0.0591539 0.180913 0.000469481 0.0365872 0.000244089 0.0033723 3.94454e-05 0.0151323 0.213542 0.175103 0.180025 5.96215e-06 0.00296096 0.00995204 
0.00225265 0.00350716 1.17271e-06 0.00496139 8.57553e-05 0.950021 1.58851e-06 0.00066597 0.000720163 9.56635e-06 0.00015844 3.08896e-05 0.0143548 0.0159321 0.00541479 5.03758e-07 6.95748e-06 0.00187509 
0.000575511 0.000803893 0.000284006 0.0764627 0.00924672 0.0290113 0.00177818 0.146769 3.22201e-05 0.000523872 0.00122912 0.00901457 0.692499 0.00956295 0.0212046 3.12953e-06 0.000836159 0.000163166 
0.00685917 0.035798 0.00237334 0.0339981 0.0229019 0.497668 0.000221481 0.171529 0.0213598 0.00222284 0.0250366 0.0301399 0.0473454 0.000903856 0.0761738 1.15299e-05 0.000105959 0.0253511 
0.0997641 0.00138285 0.0408067 0.00816945 0.0194821 0.588395 0.00123844 0.00179684 0.0536949 0.00123712 0.025521 0.026211 0.0138172 0.0140845 0.0733269 2.06561e-06 0.0288078 0.00226213 
8.58818e-05 0.000465085 0.0014017 2.84271e-08 0.00113385 0.000346874 3.90384e-06 0.000197678 3.16164e-08 0.000417091 4.61199e-08 0.925031 3.9352e-07 0.0184027 0.0320664 4.75489e-10 4.90303e-05 0.0203985 
0.00221572 0.0143895 0.012137 0.0176967 0.104412 0.509356 0.000353404 0.0283289 0.000592192 0.000346389 0.0037016 0.0170539 0.0354384 0.00232215 0.0892144 0.000243004 0.0570327 0.105167 
0.0239171 0.0305555 0.205673 0.259644 0.0466284 0.000583402 3.44852e-08 0.173592 3.77666e-05 0.000176452 0.000596949 0.0778829 0.101043 0.0115641 0.0019279 3.19849e-08 0.0231895 0.0429871 
0.00134411 0.150768 0.00084497 0.0400407 0.68891 0.00108141 1.25065e-06 0.0409468 7.56746e-07 0.00101587 1.54964e-05 0.00101082 0.00750291 0.000566129 0.0372358 1.47934e-07 0.0284317 0.000283654 
1.11683e-09 1.10862e-09 0.0488557 9.81087e-06 3.24231e-06 5.10421e-05 3.5307e-09 0.0257522 4.09527e-07 0.00332176 0.235007 1.39154e-05 0.0377685 0.00147611 0.0180695 6.7144e-10 0.00393876 0.625732 
0.0538849 0.0876766 0.00307061 0.193586 0.0296547 0.00762052 0.00218222 0.0824965 0.000242246 0.00129526 0.00123721 0.0288188 0.346526 0.00218617 0.123134 6.22461e-05 0.000301345 0.0360242 
2.74896e-05 0.000788756 0.000203766 0.0459496 0.0153602 0.704975 0.00446042 8.57861e-05 0.0252547 0.000635291 0.000397369 0.0463505 0.101118 3.18489e-05 0.000170445 2.16105e-06 4.77949e-05 0.0541413 
0.118854 0.00335243 0.0862143 0.46597 0.00950182 0.00160539 3.30799e-05 0.0299822 0.00267058 0.00666609 0.00499367 0.0288157 0.139851 0.0308695 0.0105631 1.60549e-05 0.0236304 0.0364109 
0.000527125 0.00517634 5.00986e-06 0.00217883 0.0442213 0.12526 0.000230223 0.032369 8.06814e-06 3.49186e-06 1.26308e-05 0.000818558 0.0598693 0.0307785 0.625811 1.32666e-06 0.000442147 0.0722873 
1.55155e-05 0.00252053 9.96408e-08 0.84706 0.0630348 0.000223913 1.51286e-11 0.00201527 6.45142e-08 4.27207e-08 1.19069e-07 1.85784e-07 0.0851278 1.73824e-07 3.69893e-07 2.87704e-12 9.50579e-08 7.35388e-07 
5.21351e-07 0.731744 0.0259136 0.000189779 0.0734921 0.124375 1.64818e-06 0.00569959 0.00319455 1.25754e-06 8.31475e-07 0.033394 0.000141264 0.000163852 0.0014696 3.13438e-07 2.21651e-05 0.000195974 
0.00420692 0.0202151 0.0572885 0.0311241 0.00292629 0.756826 8.5132e-06 0.0581774 7.94677e-05 0.000160259 1.76525e-05 0.0107067 0.0179282 0.0030342 0.000508735 1.63594e-07 0.000106887 0.0366846 
0.000327855 0.00123736 1.20805e-05 0.0568069 0.0037506 0.000458731 5.6353e-06 0.00359834 1.00759e-05 5.05682e-05 0.000222994 0.0220177 0.881163 0.0028456 0.0138759 1.18609e-06 0.00890916 0.00470623 
0.0182332 0.00751934 0.0010777 0.0210307 0.051006 0.0400561 0.000347342 0.0239129 0.000988234 0.000290812 0.00241121 0.00361765 0.0616355 0.0385894 0.585715 7.80302e-05 0.140828 0.00266248 
2.173e-07 0.0297172 0.035898 0.00383327 0.117965 0.0217255 2.54277e-05 0.0440353 2.62779e-05 8.83592e-07 5.57417e-06 0.189122 0.442553 0.00139585 0.0901111 8.74375e-09 0.00376652 0.0198188 
0.00137311 0.00399185 6.92975e-05 0.07679 0.00695193 1.66418e-08 2.0342e-06 0.00349778 6.54722e-06 1.14639e-06 6.37261e-06 0.00925713 0.229085 0.00129464 0.00858529 1.14997e-13 0.657662 0.00142612 
0.000790237 0.554233 0.00522821 0.0623892 0.00200159 0.187878 7.074e-06 0.013579 0.00386356 0.0006248 3.87968e-05 0.000786007 0.0769419 0.00654758 0.0832884 1.58914e-06 0.000414664 0.00138608 
0.000404046 0.000907517 2.78084e-06 0.0910666 0.0333628 0.0011341 8.81808e-09 0.00226333 2.13602e-08 0.000313766 2.40566e-05 0.00234308 0.531976 0.209584 0.0671799 1.18037e-09 0.0593315 0.000106582 
0.0098162 0.00358324 0.000245289 0.07001 0.0388167 0.0434738 1.26052e-05 0.00908894 0.00116398 0.00508379 0.00246324 0.0501703 0.673378 0.0403224 0.0286017 7.88146e-06 0.00207654 0.0216856 
0.00400285 0.000141062 0.00396328 0.130946 0.00487712 3.58893e-05 9.92023e-09 0.110502 9.43483e-06 7.47216e-05 0.00275288 0.255839 0.323011 5.94362e-05 0.00360731 2.5516e-09 0.00138154 0.158797 
4.87468e-05 0.124099 4.28701e-07 0.00270744 0.00463106 0.0278663 3.51499e-05 0.00340293 0.000250179 0.00111348 0.000233604 0.00858437 0.0878275 0.0564315 0.680911 2.82766e-07 0.00185508 1.31018e-06 
0.00751409 0.00372317 0.00280096 0.0597519 0.025203 0.0181292 1.32382e-05 0.0107878 9.41959e-05 0.00166344 5.52609e-05 0.0226815 0.123387 0.0884843 0.565642 7.44291e-06 0.0595348 0.0105271 
0.0039391 0.014532 0.000204799 0.0203711 0.0132977 0.100679 3.90738e-05 0.431377 8.64585e-05 0.0001328 0.000704796 0.187952 0.17731 0.000149995 0.00674274 3.20283e-08 1.21983e-06 0.0424804 
0.00360942 0.000370865 0.0274229 0.341285 0.0399754 0.0117389 0.000803518 0.0286623 0.000618467 0.000167298 0.000535276 0.0192668 0.103792 0.000754883 0.00576391 1.97813e-05 0.00883488 0.406378 
9.26679e-07 0.000901993 0.0011263 2.93975e-07 0.0746712 0.245747 0.000218917 0.00228716 5.81249e-07 1.46381e-07 7.70017e-08 0.0743365 0.422208 0.00129717 0.0442227 4.59582e-08 7.21333e-08 0.132981 
0.067902 0.00230951 0.0122733 0.0787031 0.0365524 0.0074405 1.0878e-05 0.124124 0.000658788 0.00121296 0.00075287 0.0596898 0.444921 0.00054833 0.0717682 6.3298e-06 0.0589833 0.0321418 
4.99953e-05 0.00671826 0.000925993 0.0125918 0.0128813 0.0654302 3.3524e-05 0.0152962 0.00126165 0.00673771 0.000361953 0.263454 0.182387 0.00108321 0.021628 1.02288e-06 0.000418716 0.40874 
0.000705701 0.0040488 0.00587162 0.0775773 0.0449584 0.0211997 3.23161e-05 0.0879537 0.00034304 0.00254434 0.0234491 0.0898656 0.531178 0.0140745 0.068563 1.59249e-05 0.0127959 0.0148232 
0.000638851 0.00365495 0.0138058 0.0350097 0.0100009 0.00327642 0.000398228 0.00628796 4.53643e-05 9.01088e-06 7.54923e-05 0.191136 0.377622 0.00520441 0.038591 1.7942e-06 0.00074084 0.313501 
0.00875666 0.00967809 0.00119192 0.00719895 0.0483405 0.703197 0.0125962 0.0070244 0.0312784 0.00626583 0.00402721 0.0198742 0.0146859 0.00396689 0.0885122 0.000923928 0.00351543 0.0289665 
0.00216608 0.00463351 0.000485231 0.212764 0.00491089 0.000828564 6.43796e-06 0.0335534 5.80314e-06 0.00143 0.00031544 0.0276318 0.343427 0.204268 0.0474732 5.45606e-07 0.114658 0.00144251 
0.000567545 0.0105352 0.000576963 7.83901e-08 0.000924447 0.000936647 2.33745e-12 0.00178225 2.62556e-07 8.91997e-05 1.57778e-07 0.959177 9.37974e-08 0.0053328 0.0135335 4.44518e-13 6.30205e-08 0.00654379 
