0.00102717 3.7724e-05 1.70583e-08 0.00206696 0.00069892 0.000299255 5.00454e-12 0.000201634 5.99125e-05 0.000583724 0.00481954 0.00534011 6.50838e-07 0.013674 0.0413751 0.000121264 0.929664 2.96431e-05 
4.87176e-05 8.33326e-09 1.81147e-06 0.0138282 0.000204822 0.00042091 4.287e-07 0.000113912 3.10993e-05 3.73276e-05 0.00625074 0.00256165 0.0151128 0.248467 0.345237 7.09597e-05 0.367354 0.000258711 
6.8103e-10 0.000517928 0.0122166 0.0343693 0.000895327 7.57859e-08 8.1269e-09 0.0358419 3.95249e-08 0.000372664 0.000263504 0.00615757 0.124263 0.0018569 0.0224305 4.54426e-13 0.67578 0.0850345 
0.0326371 0.0146491 0.00217674 0.0830092 0.0146353 1.63697e-07 0.000458005 0.0784734 0.000376391 0.004024 0.0113562 0.0650803 0.130842 0.00386306 0.0154238 1.63705e-07 0.537593 0.00540261 
4.87176e-05 8.33326e-09 1.81147e-06 0.0138282 0.000204822 0.00042091 4.287e-07 0.000113912 3.10993e-05 3.73276e-05 0.00625074 0.00256165 0.0151128 0.248467 0.345237 7.09597e-05 0.367354 0.000258711 
0.00145201 6.27894e-05 0.00462356 0.0191672 0.00177493 4.10459e-05 2.86165e-06 0.00946178 5.76876e-06 7.44893e-05 0.000609036 0.0112087 0.0101972 0.000481591 0.0047162 2.53749e-07 0.930985 0.00513543 
0.0265595 0.0108041 0.000385297 0.0086561 0.00467233 0.0213939 8.83985e-08 0.00670724 1.81412e-07 0.00259815 0.00343241 0.000402334 0.0398198 0.171392 0.333795 7.2234e-05 0.364828 0.00448163 
6.57101e-05 0.00180917 7.29978e-06 0.17247 0.0111048 0.0127102 1.71106e-06 0.000456739 3.5192e-05 3.61509e-05 1.35944e-05 0.0016545 0.341594 0.0296844 0.0703695 8.77533e-06 0.355095 0.00288323 
0.0229998 0.000582214 0.00109053 0.0904883 0.0649475 0.01814 2.09132e-06 0.00867305 7.83352e-05 0.0010344 0.00159074 0.0140868 0.0351329 0.104484 0.0699544 0.00126811 0.540163 0.0252839 
0.00153511 0.00905457 0.00109065 0.0161827 0.0215108 0.00696624 1.01493e-05 0.0165591 0.000201878 0.000208082 0.00825617 0.0079042 0.0344336 0.164139 0.186142 0.000347217 0.516646 0.00881349 
0.0282358 0.00321051 0.033449 0.171715 0.00540987 0.000531935 3.52292e-05 0.011248 4.97245e-05 0.000194251 0.00145893 0.067532 0.0807141 0.183714 0.107899 0.0026457 0.198742 0.103215 
0.00178882 0.000266789 0.00134682 0.0368816 0.0109633 0.00113208 3.97209e-07 0.00411495 0.000107848 0.000436981 0.00576893 0.00440082 0.0164534 0.0366463 0.0734734 0.000140971 0.800431 0.00564602 
0.00144532 0.000672077 0.00225076 0.0392683 0.0107355 0.000891726 4.52348e-07 0.0047863 0.000295107 0.00029836 0.000304964 0.0142157 0.0186363 0.0197604 0.0957608 2.56416e-05 0.788894 0.00175802 
0.0027604 0.00136529 0.00088594 0.0188127 0.0103814 0.012964 3.22354e-06 0.00465027 0.00647459 0.00569328 0.000574813 0.0051898 0.0379899 0.0498362 0.123891 1.96005e-05 0.711503 0.0070049 
0.00947417 0.00475598 0.00603802 0.0427804 0.0184807 0.0213845 3.46759e-06 0.0147803 0.000249893 0.00191974 0.000588559 0.0269205 0.0751901 0.0238572 0.207834 0.00015452 0.53647 0.0091188 
0.000249392 0.0031269 0.00205539 0.0198959 0.0459697 0.00730231 7.86715e-06 0.0110755 4.57784e-05 0.000161838 0.00553089 0.0214341 0.215502 0.0632193 0.27939 0.0164176 0.291967 0.0166484 
0.0258566 0.0105634 0.00144448 0.0826147 0.0117698 0.0822739 6.24582e-06 0.0213491 0.00135136 0.000480993 0.00944822 0.0643351 0.0656561 0.0109308 0.109343 0.00161171 0.49233 0.00863388 
0.0117154 0.004909 0.00184597 0.00688349 0.0146768 0.115455 6.10633e-05 0.0127744 0.00210188 0.000335932 0.00223085 0.0415608 0.0621454 0.00339408 0.0660085 0.00128973 0.638864 0.0137476 
3.16977e-06 0.00430737 8.21688e-06 0.000346823 0.00227665 0.000155006 3.45457e-09 0.00117719 6.10778e-05 5.93488e-05 4.09475e-05 0.000379765 0.00348601 0.000775691 0.0355098 5.30167e-13 0.949707 0.00170589 
0.000132156 0.000290429 0.00651804 0.023075 0.00155491 0.000297595 3.6429e-10 0.00268366 0.000716015 0.00080883 0.000296039 0.00549264 0.132863 0.00819886 0.0617052 6.52525e-06 0.747523 0.0078381 
0.0350612 0.0003582 0.00011672 0.0305481 0.0473591 0.00419337 1.13624e-05 0.0286577 0.000477476 0.00164701 0.0158078 0.133338 0.191061 0.00736739 0.031702 0.0217686 0.334118 0.116408 
0.00033906 0.000187965 0.000114036 0.0105137 0.00184653 0.00484564 1.17355e-06 0.00103939 0.00323588 0.00412963 0.0260862 0.00740727 0.0537178 0.0150429 0.156792 0.00044054 0.712697 0.00156329 
0.00134852 4.33094e-05 0.00382677 0.0147779 0.00179325 4.16831e-05 2.27173e-06 0.00907173 5.86178e-06 7.1232e-05 0.000566008 0.0102236 0.0101197 0.000501179 0.00466979 1.30654e-09 0.942092 0.000845468 
0.000402224 0.000834451 0.000112627 0.0114108 0.00262933 0.00453489 2.94845e-07 0.000496739 0.00101556 0.00164482 0.000350552 0.0101205 0.0438875 0.00846311 0.0736926 3.35491e-05 0.839363 0.00100789 
8.81057e-05 0.000193624 0.00434543 0.0153833 0.00106781 0.0001984 3.01282e-10 0.00178912 0.000477354 0.000539233 0.000197363 0.00366177 0.0885755 0.00613392 0.0476632 4.35099e-06 0.824456 0.00522541 
8.97489e-05 0.00250502 0.000135347 3.27491e-05 0.00521998 0.000369731 4.79787e-09 0.0610543 5.45909e-05 0.000737598 0.00241328 0.00223493 0.025521 0.000292698 0.0203655 1.23297e-05 0.878733 0.000228267 
0.00138303 8.10001e-06 8.31374e-05 0.0590086 0.00158765 0.00020021 5.08742e-08 0.000532393 1.34247e-05 8.92258e-05 0.000349723 0.00108089 0.00469258 0.0650506 0.0433696 4.88284e-05 0.820853 0.00164938 
0.000132156 0.000290429 0.00651804 0.023075 0.00155491 0.000297595 3.6429e-10 0.00268366 0.000716015 0.00080883 0.000296039 0.00549264 0.132863 0.00819886 0.0617052 6.52525e-06 0.747523 0.0078381 
0.000229294 0.000239921 0.000716451 0.00771853 0.00722053 0.00229506 4.03952e-07 0.00668195 0.00124546 0.00223089 0.0106421 0.0044258 0.036405 0.0715342 0.121471 0.000156236 0.724634 0.00215357 
0.000284927 0.000304243 1.48499e-05 0.00502662 0.00172549 0.0168264 3.79604e-07 0.00120179 2.64526e-05 0.00116831 0.000704078 0.00531433 0.031593 0.00976673 0.102222 2.25771e-05 0.823181 0.000616813 
0.00042491 0.000109582 3.47146e-05 0.0068093 0.00167111 0.0229826 0.0131474 0.00163438 0.00199742 0.00149855 0.0081092 0.00475536 0.0243929 0.0231915 0.279995 0.000434705 0.607349 0.00146267 
4.87176e-05 8.33326e-09 1.81147e-06 0.0138282 0.000204822 0.00042091 4.287e-07 0.000113912 3.10993e-05 3.73276e-05 0.00625074 0.00256165 0.0151128 0.248467 0.345237 7.09597e-05 0.367354 0.000258711 
0.000139026 0.0288002 0.000618013 0.0652259 0.0640027 0.0773638 0.000492811 0.0273613 0.00736059 0.0067118 0.0380863 0.0506984 0.0482395 0.000397228 0.0585528 5.06435e-05 0.516316 0.00958306 
1.38351e-12 1.37334e-12 5.13654e-05 0.0011136 0.00136759 0.000464508 4.37376e-12 7.40842e-06 3.2152e-12 1.23811e-07 1.3903e-08 4.77854e-13 2.39835e-13 0.0852456 0.397053 5.99471e-06 0.514691 4.29944e-09 
0.0136788 0.00112535 0.0196313 0.0356687 0.0112254 0.024198 0.000101905 0.00810076 0.00213084 0.00406079 0.0148431 0.042744 0.0482664 0.0210246 0.119552 0.00303185 0.615527 0.0150901 
0.000109546 9.1888e-05 0.000115321 0.00550692 0.0034507 0.00897724 7.74936e-08 0.000235178 1.37074e-05 6.2488e-05 1.76996e-05 0.00229299 0.0138459 0.0765671 0.199828 3.74504e-06 0.688466 0.000415013 
0.00406239 0.0107398 0.0058012 0.0964039 0.0972591 0.0353108 5.2489e-08 0.018192 0.000228771 0.000163062 0.000477293 0.0184937 0.0311332 0.00689884 0.168864 0.000121392 0.500909 0.00494106 
1.16904e-05 0.00502075 4.10487e-06 0.00159155 0.247505 0.0258056 4.56733e-09 0.00621527 1.53203e-05 3.48483e-09 0.000156306 0.00222225 6.7269e-06 0.257187 0.048857 2.50061e-05 0.405375 1.96428e-06 
0.000371507 0.000816385 2.38527e-05 0.00941739 0.0005356 0.000405657 2.66375e-07 0.000672653 0.000443252 0.00101272 0.00537452 0.00329229 0.0222156 0.00984546 0.301002 0.000395685 0.642977 0.0011984 
0.00113478 0.0158053 0.000617241 0.0734172 0.0163969 0.0233224 0.000173759 0.0185735 0.00495944 0.00539894 0.0284532 0.043451 0.0565858 0.0392958 0.0482396 0.000310998 0.619644 0.00422032 
5.64291e-05 0.00559144 0.000317118 0.034114 0.00880991 0.00682485 2.57509e-12 0.004031 1.42394e-05 0.000131688 0.0007572 0.042007 0.0265762 0.00608635 0.1519 4.98682e-05 0.70858 0.00415241 
4.54637e-05 1.28736e-05 0.000949667 0.009227 0.00295421 5.94466e-05 1.46977e-09 0.000626422 1.49983e-12 0.000145335 1.72701e-05 8.21079e-06 2.76883e-08 0.0126776 0.123397 1.39807e-05 0.849806 5.94329e-05 
0.000941859 0.000846744 0.00103049 0.0050185 0.00242488 0.000587866 2.07224e-06 0.00707306 1.99262e-05 5.53113e-05 0.000415824 0.0284128 0.0197597 0.0193949 0.0086061 2.51042e-05 0.901906 0.00347888 
0.000103194 0.000123738 5.13216e-05 0.00312533 0.00187894 0.000291104 9.41295e-12 5.88598e-08 9.92621e-06 1.90007e-08 3.60133e-06 0.011409 0.046561 0.000284975 0.0137301 2.86714e-09 0.921668 0.000759874 
6.57101e-05 0.00180917 7.29978e-06 0.17247 0.0111048 0.0127102 1.71106e-06 0.000456739 3.5192e-05 3.61509e-05 1.35944e-05 0.0016545 0.341594 0.0296844 0.0703695 8.77533e-06 0.355095 0.00288323 
0.00307094 0.000971779 0.0026213 0.017807 0.0602182 0.107855 4.02098e-05 0.0396553 0.000759349 0.00438506 0.00431652 0.0636089 0.281131 0.00531268 0.05878 0.00161825 0.296144 0.0517048 
0.000511871 0.001474 0.00310667 0.000217085 0.0214606 0.00470618 7.71286e-09 0.0198312 0.000906038 0.000530367 0.0372973 0.018233 0.0323155 0.00331271 0.0633453 9.99952e-05 0.780051 0.012601 
0.00073494 8.24351e-05 0.0001952 0.00281323 0.00177517 0.0629867 7.90882e-06 0.0012069 7.23209e-05 0.0182027 0.0011299 0.0104411 0.0384369 0.0034012 0.0498489 0.000225322 0.806434 0.00200471 
0.00217584 0.00639228 0.000239438 0.0140072 0.0385392 0.00193633 9.80149e-06 0.00679691 0.000144699 0.00279709 0.00038367 0.00822493 0.128581 0.0834638 0.277213 1.84613e-06 0.400306 0.0287868 
0.000484568 0.000323833 0.00268696 0.00264102 0.00159515 0.000917797 1.50779e-06 0.0279556 1.5788e-05 4.25109e-05 0.000356001 0.0706069 0.0322402 0.00124349 0.0153748 1.43805e-05 0.841756 0.00174336 
0.00102717 3.7724e-05 1.70583e-08 0.00206696 0.00069892 0.000299255 5.00454e-12 0.000201634 5.99125e-05 0.000583724 0.00481954 0.00534011 6.50838e-07 0.013674 0.0413751 0.000121264 0.929664 2.96431e-05 
0.0068662 0.00832946 0.0152223 0.00825994 0.0576278 0.0258293 1.23363e-06 0.0912679 0.000556548 0.000522687 0.00353866 0.236311 0.143845 0.00324466 0.0843331 0.00141227 0.288588 0.0242444 
0.00102717 3.7724e-05 1.70583e-08 0.00206696 0.00069892 0.000299255 5.00454e-12 0.000201634 5.99125e-05 0.000583724 0.00481954 0.00534011 6.50838e-07 0.013674 0.0413751 0.000121264 0.929664 2.96431e-05 
6.57101e-05 0.00180917 7.29978e-06 0.17247 0.0111048 0.0127102 1.71106e-06 0.000456739 3.5192e-05 3.61509e-05 1.35944e-05 0.0016545 0.341594 0.0296844 0.0703695 8.77533e-06 0.355095 0.00288323 
0.0505377 0.00459217 0.00829063 0.232199 0.00997815 0.00409251 1.51804e-06 0.0606908 0.000776574 0.0010756 0.0661149 0.0442128 0.0629979 0.0241021 0.109877 0.00239232 0.285557 0.0325118 
0.00236661 0.00540744 0.0129807 0.0305551 0.0213437 0.0241806 1.67798e-05 0.0117458 0.000133038 0.01409 0.0013032 0.0200994 0.0620824 0.00601525 0.124304 7.3444e-05 0.653988 0.00931466 
0.000969143 0.000164574 1.7739e-06 0.001408 0.00194501 0.000217827 5.42099e-08 0.000132546 9.51593e-06 3.85381e-05 0.000390188 0.000485666 0.0045205 0.231796 0.00793945 1.48959e-08 0.749522 0.000458901 
0.0242981 0.0367266 0.00384363 0.190162 0.0265317 0.0161761 4.42711e-07 0.0240669 3.12661e-06 0.000332075 0.000205794 0.0139947 0.179617 0.0439701 0.0919625 8.78543e-06 0.212001 0.1361 
0.00339609 0.00615855 0.00143915 5.75692e-07 0.0295295 0.0252689 0.000690512 0.00552715 0.00293392 0.00609711 0.00414315 0.0187679 0.0259082 0.143712 0.0799096 5.75615e-07 0.644617 0.00190018 
0.000187573 0.0598532 0.0013324 0.0485222 0.0217384 0.0297537 0.000707342 0.0476886 0.00468154 0.00397399 0.0110934 0.069471 0.219841 0.00470537 0.104462 2.08221e-07 0.276286 0.095702 
0.00108506 0.0039563 0.000405731 0.0392973 0.00677127 0.0248178 1.13072e-06 0.00661411 0.00118228 0.000776516 0.00579378 0.00380735 0.0406231 0.12304 0.324556 0.000181634 0.414068 0.00302289 
0.00042282 0.000379524 0.00285761 0.00810758 0.00459562 0.00129475 2.74937e-06 0.0278659 1.69287e-05 7.58731e-05 0.000428162 0.154298 0.0790773 0.000528477 0.00335446 3.0082e-05 0.710129 0.0065349 
0.00033906 0.000187965 0.000114036 0.0105137 0.00184653 0.00484564 1.17355e-06 0.00103939 0.00323588 0.00412963 0.0260862 0.00740727 0.0537178 0.0150429 0.156792 0.00044054 0.712697 0.00156329 
0.0498473 0.0117407 0.000300118 0.0738074 0.0142124 0.0158071 1.99362e-05 0.021476 0.0613116 0.00811102 0.00903869 0.147901 0.0584794 0.126787 0.161964 0.0260578 0.206762 0.00637584 
0.000338135 0.000261697 0.00121214 0.0276519 0.0205894 0.00256766 2.79369e-08 0.00107276 0.000127675 6.85908e-05 9.53201e-05 0.000638592 0.0207468 0.0430803 0.380309 1.52677e-05 0.495824 0.00540023 
0.000281744 0.00074903 0.000774107 0.00758986 0.00867822 0.00187949 8.02653e-08 0.00671607 0.000371206 0.00107589 0.0003092 0.00526156 0.0287279 0.0696163 0.0745589 1.07387e-05 0.791691 0.0017082 
0.0303967 0.000185435 9.75245e-05 0.0119825 0.0078112 0.00176715 2.89011e-07 0.00523211 0.000119794 0.000199338 0.00553058 0.0106413 0.038206 0.0252655 0.364474 0.000364278 0.485061 0.0126652 
0.00327165 9.43041e-06 0.000363613 0.15364 0.0038061 0.000369798 1.48496e-07 0.00125342 7.6928e-06 2.54693e-05 6.37107e-06 0.00149861 0.0134962 0.112905 0.052761 4.30934e-06 0.651553 0.0050282 
2.86712e-05 0.00258378 0.00103789 0.0012736 0.00976332 0.000111412 9.89722e-09 0.000275214 1.99543e-05 0.000321619 4.40189e-05 0.000111813 0.00410642 0.207765 0.111399 5.65953e-09 0.661143 1.47504e-05 
0.00886278 0.00187498 0.00186608 0.0421035 0.0103393 0.0105246 0.000637396 0.0140442 0.00206012 0.00096875 0.00150864 0.0134485 0.0486291 0.0449513 0.0840902 0.00481062 0.687949 0.0213314 
0.00491306 0.00142457 0.017946 0.0338215 0.18731 0.00341195 6.84926e-09 0.233842 6.73284e-06 0.00100656 0.0172742 0.021679 0.100463 0.00328889 0.132216 3.5695e-05 0.235662 0.00569744 
0.000132156 0.000290429 0.00651804 0.023075 0.00155491 0.000297595 3.6429e-10 0.00268366 0.000716015 0.00080883 0.000296039 0.00549264 0.132863 0.00819886 0.0617052 6.52525e-06 0.747523 0.0078381 
9.84882e-05 0.000451289 3.51914e-05 0.00260743 0.00301715 0.00124369 3.05097e-06 0.000463561 0.000581502 0.000599982 0.00386395 0.00722552 0.0184835 0.00975567 0.0856812 0.00527883 0.858172 0.00243776 
3.16977e-06 0.00430737 8.21688e-06 0.000346823 0.00227665 0.000155006 3.45457e-09 0.00117719 6.10778e-05 5.93488e-05 4.09475e-05 0.000379765 0.00348601 0.000775691 0.0355098 5.30167e-13 0.949707 0.00170589 
0.00166129 0.000290048 0.000257426 0.0581552 0.0032917 0.00185817 2.32763e-07 0.00100164 0.000279174 0.000518708 0.000115845 0.0054433 0.0269412 0.0427583 0.0604797 1.94246e-05 0.794175 0.00275364 
8.81057e-05 0.000193624 0.00434543 0.0153833 0.00106781 0.0001984 3.01282e-10 0.00178912 0.000477354 0.000539233 0.000197363 0.00366177 0.0885755 0.00613392 0.0476632 4.35099e-06 0.824456 0.00522541 
0.00262927 8.44868e-06 0.00021768 0.14846 0.00374563 0.00032519 1.31813e-07 0.00111251 6.84434e-06 2.38116e-05 4.65073e-06 0.00149908 0.01229 0.109323 0.053065 3.65487e-06 0.662977 0.00430848 
1.76534e-07 1.10463e-12 1.45716e-12 1.70472e-06 4.35727e-06 1.01812e-08 4.91817e-09 8.6075e-09 2.5861e-12 0.169573 9.52199e-06 0.000139914 6.72089e-05 0.000167726 0.00264837 2.24317e-08 0.827388 5.86036e-13 
0.000511871 0.001474 0.00310667 0.000217085 0.0214606 0.00470618 7.71286e-09 0.0198312 0.000906038 0.000530367 0.0372973 0.018233 0.0323155 0.00331271 0.0633453 9.99952e-05 0.780051 0.012601 
0.0188862 0.0143825 0.00350264 0.294904 0.0129102 0.00187704 1.32637e-06 0.198041 0.00307812 0.000559347 0.00737068 0.0143091 0.0677719 0.0037228 0.026509 2.48468e-06 0.297891 0.0342798 
0.00042282 0.000379524 0.00285761 0.00810758 0.00459562 0.00129475 2.74937e-06 0.0278659 1.69287e-05 7.58731e-05 0.000428162 0.154298 0.0790773 0.000528477 0.00335446 3.0082e-05 0.710129 0.0065349 
0.00033906 0.000187965 0.000114036 0.0105137 0.00184653 0.00484564 1.17355e-06 0.00103939 0.00323588 0.00412963 0.0260862 0.00740727 0.0537178 0.0150429 0.156792 0.00044054 0.712697 0.00156329 
0.00122102 0.00917282 0.000898058 5.68879e-13 0.115802 0.0107631 5.84546e-12 0.118573 0.00104507 0.0443356 0.0041841 0.0841442 0.127197 0.00187453 0.116333 2.06708e-06 0.307007 0.0574466 
5.49344e-05 1.34777e-06 2.80409e-06 0.0173212 0.00030661 0.000486875 4.82094e-07 0.000139324 3.45885e-05 0.00010976 0.00931381 0.00309785 0.0163614 0.247612 0.337144 0.000178652 0.3675 0.000333945 
0.00343418 0.0212872 0.00190007 0.0186266 0.0392022 0.0291808 0.000246764 0.00817913 0.00122274 0.00207366 0.00815102 0.0267331 0.03966 0.0484648 0.340604 0.00772985 0.397151 0.00615238 
0.000180893 0.00177263 0.00107075 0.0145887 0.00345274 0.0116029 8.50579e-07 0.00136333 0.000150851 0.0065476 0.000278418 0.00234172 0.0380568 0.0097794 0.125933 2.2326e-05 0.781263 0.00159355 
7.30107e-05 9.94537e-05 5.95377e-05 1.55849e-05 0.00272711 0.000248417 1.93719e-08 0.000149734 2.86202e-09 2.2191e-08 0.00109937 1.13258e-05 0.000171417 0.00107734 0.0252296 8.01763e-07 0.969002 3.54141e-05 
0.000969143 0.000164574 1.7739e-06 0.001408 0.00194501 0.000217827 5.42099e-08 0.000132546 9.51593e-06 3.85381e-05 0.000390188 0.000485666 0.0045205 0.231796 0.00793945 1.48959e-08 0.749522 0.000458901 
0.00115527 0.00635135 0.000639151 0.00614626 0.00099417 0.00205194 3.11001e-06 0.00548757 0.00102499 0.000687703 0.0182344 0.00489548 0.0265345 0.0865248 0.179183 0.000371267 0.65747 0.00224527 
8.67622e-08 0.00123769 0.000143107 0.159321 0.0172799 0.00145547 3.07187e-08 0.166721 0.000107392 0.00386781 2.45889e-07 0.0891382 0.0281593 4.83279e-07 0.191558 5.114e-08 0.259572 0.0814379 
0.000435932 0.000241667 0.000145259 0.0134959 0.00219788 0.00604677 1.50853e-06 0.00133635 0.00408846 0.00530951 0.0332944 0.00952362 0.0685242 0.0177512 0.158478 0.000565707 0.676554 0.00200994 
0.00915021 0.0447706 0.00198532 0.0733763 0.0388476 0.0219986 3.78308e-05 0.0178684 0.00250124 0.00108789 0.0143767 0.0395877 0.115481 0.0606623 0.199655 8.81525e-05 0.339871 0.0186539 
0.0157217 0.00193136 0.000914178 0.0612422 0.0169431 0.0142457 1.02201e-05 0.00793961 0.0059093 0.00094431 0.00092619 0.0167727 0.0514621 0.0463354 0.19334 0.00305078 0.536973 0.0253377 
0.0038376 0.00020103 0.000717551 0.0276486 0.00399464 0.000767606 4.50984e-07 0.00227061 4.80332e-05 0.00148314 0.0018923 0.00176787 0.0137887 0.00290749 0.0232303 9.45649e-06 0.913591 0.00184414 
0.00461778 0.000410244 0.000998633 0.0105372 0.0043843 0.000793794 1.92658e-07 0.00129936 0.00148374 0.0014494 0.00273435 0.00425593 0.0377364 0.161231 0.0281686 0.000106259 0.734285 0.00550748 
0.000132156 0.000290429 0.00651804 0.023075 0.00155491 0.000297595 3.6429e-10 0.00268366 0.000716015 0.00080883 0.000296039 0.00549264 0.132863 0.00819886 0.0617052 6.52525e-06 0.747523 0.0078381 
0.0192128 0.00944555 0.00473565 0.0378079 0.00752653 0.16071 2.06322e-06 0.000628524 0.0041448 0.00460623 0.0069958 0.0192815 0.107457 0.0166657 0.128565 0.00117628 0.411689 0.0593496 
0.00430879 1.80418e-05 0.000475905 0.110433 0.00356785 0.000608293 9.12911e-08 0.00126239 2.95019e-05 4.92863e-06 2.97029e-05 0.000909725 0.0112643 0.00318274 0.0215378 2.80853e-06 0.84108 0.00128451 
0.000402224 0.000834451 0.000112627 0.0114108 0.00262933 0.00453489 2.94845e-07 0.000496739 0.00101556 0.00164482 0.000350552 0.0101205 0.0438875 0.00846311 0.0736926 3.35491e-05 0.839363 0.00100789 
4.87176e-05 8.33326e-09 1.81147e-06 0.0138282 0.000204822 0.00042091 4.287e-07 0.000113912 3.10993e-05 3.73276e-05 0.00625074 0.00256165 0.0151128 0.248467 0.345237 7.09597e-05 0.367354 0.000258711 
0.0023191 0.0218226 0.0411868 0.0439462 0.0666869 0.00364158 3.28415e-09 0.0390372 2.12319e-05 0.00135699 0.000251359 0.0119436 0.0157156 0.0175047 0.112067 1.00086e-05 0.588597 0.0338924 
0.000233201 0.0450258 3.91553e-05 0.010614 0.0370597 0.0268245 2.94273e-09 0.0491353 0.000108087 0.00138835 0.000525829 0.0770129 0.138757 0.0210469 0.267846 3.13246e-05 0.317505 0.00684708 
0.0045673 0.00681733 0.00615328 0.139533 0.00568805 0.0112424 7.08976e-06 0.0214139 7.62086e-05 0.000178296 0.00103335 0.00367101 0.032765 0.0573257 0.224804 4.84998e-05 0.284144 0.200532 
0.000969143 0.000164574 1.7739e-06 0.001408 0.00194501 0.000217827 5.42099e-08 0.000132546 9.51593e-06 3.85381e-05 0.000390188 0.000485666 0.0045205 0.231796 0.00793945 1.48959e-08 0.749522 0.000458901 
0.000132156 0.000290429 0.00651804 0.023075 0.00155491 0.000297595 3.6429e-10 0.00268366 0.000716015 0.00080883 0.000296039 0.00549264 0.132863 0.00819886 0.0617052 6.52525e-06 0.747523 0.0078381 
9.79255e-06 0.00394273 1.64158e-05 0.00572701 0.00578192 0.000562571 6.51697e-10 0.00020107 1.70607e-06 7.98978e-05 4.37119e-06 0.000126735 0.000671839 0.014876 0.0636742 4.10376e-07 0.903913 0.000410123 
6.29758e-05 0.00263662 0.0249053 0.0115099 0.00334863 0.000347822 6.16775e-10 0.0444328 0.000626445 0.00131763 0.0729575 0.0145305 0.237181 0.00802898 0.140149 3.12246e-06 0.434229 0.00373259 
8.81057e-05 0.000193624 0.00434543 0.0153833 0.00106781 0.0001984 3.01282e-10 0.00178912 0.000477354 0.000539233 0.000197363 0.00366177 0.0885755 0.00613392 0.0476632 4.35099e-06 0.824456 0.00522541 
4.87176e-05 8.33326e-09 1.81147e-06 0.0138282 0.000204822 0.00042091 4.287e-07 0.000113912 3.10993e-05 3.73276e-05 0.00625074 0.00256165 0.0151128 0.248467 0.345237 7.09597e-05 0.367354 0.000258711 
0.000218306 0.0386117 4.32307e-07 0.287022 0.00183441 0.00372671 2.30497e-07 1.39431e-06 1.50158e-06 1.20537e-05 4.91077e-07 0.00580555 0.040672 0.0318377 0.0160148 0.000696165 0.573494 5.06008e-05 
0.000821681 0.00162984 0.00289879 0.0192681 0.0107722 0.00332981 7.05967e-07 0.0115577 0.000218135 0.00397256 0.0087612 0.00340081 0.0222166 0.0243202 0.111973 1.23483e-05 0.773046 0.00180064 
0.0326371 0.0146491 0.00217674 0.0830092 0.0146353 1.63697e-07 0.000458005 0.0784734 0.000376391 0.004024 0.0113562 0.0650803 0.130842 0.00386306 0.0154238 1.63705e-07 0.537593 0.00540261 
0.00352812 0.00131922 0.00134899 0.0886983 0.0685691 0.00645586 5.99498e-07 0.017418 1.2615e-07 0.000246077 0.000111947 0.000534457 0.00399189 0.0475431 0.186033 1.59776e-05 0.565052 0.00913355 
4.72122e-05 0.000130614 0.00234619 0.00825944 0.00433298 0.000217258 4.73155e-10 0.000958526 0.000282847 0.000288959 0.000121245 0.00196172 0.049428 0.00444491 0.287764 2.46181e-06 0.636615 0.00279944 
0.000315099 0.00330357 1.0183e-05 0.00118082 0.00293006 0.000380372 4.58172e-07 0.00103057 6.00491e-05 7.91866e-05 0.00035324 0.000969324 0.00768981 0.0329555 0.0277724 7.33253e-09 0.918078 0.00289135 
0.0239778 0.000298936 0.0177622 0.130242 0.00328593 0.000613879 7.41363e-07 0.014132 0.000364321 0.000488886 0.00146457 0.0187087 0.0683205 0.00447372 0.0276803 0.00234379 0.651195 0.0346475 
8.83324e-05 0.000193988 0.00436108 0.0307112 0.00522597 0.00019877 4.31664e-09 0.00179055 0.000478506 0.000540733 0.000197885 0.00366272 0.0885789 0.0305867 0.285688 4.44009e-06 0.542464 0.00522746 
0.249015 0.00091173 0.00132571 0.0648342 0.00931373 0.00726239 1.19543e-06 0.00655364 4.13146e-05 0.00179238 0.000138953 0.0255864 0.0446016 0.0360434 0.274149 0.000314797 0.276453 0.0016617 
0.138037 0.000942786 0.00407103 0.147008 0.0152276 0.00408036 8.67234e-06 0.0173645 0.000119384 0.00537317 0.00133006 0.0213063 0.0327788 0.0249569 0.24774 0.00407703 0.31928 0.0162989 
6.57101e-05 0.00180917 7.29978e-06 0.17247 0.0111048 0.0127102 1.71106e-06 0.000456739 3.5192e-05 3.61509e-05 1.35944e-05 0.0016545 0.341594 0.0296844 0.0703695 8.77533e-06 0.355095 0.00288323 
0.000341609 0.000372058 0.00152105 0.0042592 0.00213808 0.000775711 2.78259e-06 0.0245102 7.11824e-06 2.05031e-05 0.000230067 0.132398 0.0456461 9.46362e-05 0.000750479 1.25375e-05 0.784048 0.00287206 
0.000132156 0.000290429 0.00651804 0.023075 0.00155491 0.000297595 3.6429e-10 0.00268366 0.000716015 0.00080883 0.000296039 0.00549264 0.132863 0.00819886 0.0617052 6.52525e-06 0.747523 0.0078381 
6.09737e-06 2.2979e-09 1.02571e-12 3.50793e-05 7.24778e-06 2.66272e-06 2.47633e-12 6.78602e-06 1.86796e-08 7.35433e-08 2.55874e-06 0.000183148 1.35789e-13 0.00559114 0.0114769 4.49352e-08 0.982688 6.13142e-11 
0.00373992 0.000882697 0.0030703 0.044565 0.00544859 0.00210065 3.32903e-05 0.0147543 0.000403887 0.000544013 0.00235073 0.0157846 0.0184948 0.100844 0.0675191 0.000128725 0.715692 0.00364322 
7.51523e-06 7.61313e-05 4.0628e-05 7.93827e-06 5.29074e-05 0.000100619 2.69461e-10 3.11428e-05 2.94033e-08 1.54295e-08 8.19097e-05 5.94352e-05 0.000230452 0.00185188 0.0369371 1.89237e-07 0.960446 7.62925e-05 
0.00258261 0.000260588 6.91848e-05 0.00819962 0.00630573 0.000217662 8.49532e-11 0.000728719 0.0017997 0.000298552 0.00310722 0.00524107 0.0221468 0.347741 0.0292511 0.000155489 0.564745 0.00715034 
7.91598e-05 8.52309e-09 1.32082e-12 4.51104e-05 3.85612e-05 0.000502024 3.5008e-09 1.26427e-05 1.42144e-08 0.0969884 4.8392e-06 0.000109612 3.36064e-05 0.000773962 0.033151 1.59641e-08 0.868261 5.31204e-13 
0.00033906 0.000187965 0.000114036 0.0105137 0.00184653 0.00484564 1.17355e-06 0.00103939 0.00323588 0.00412963 0.0260862 0.00740727 0.0537178 0.0150429 0.156792 0.00044054 0.712697 0.00156329 
0.00310156 2.67355e-07 2.67318e-07 2.67438e-07 0.000962912 2.6739e-07 2.67092e-07 2.67435e-07 2.67194e-07 2.67184e-07 0.0008823 2.67434e-07 2.67454e-07 0.0517623 0.146401 2.67402e-07 0.796886 2.67411e-07 
6.09737e-06 2.2979e-09 1.02571e-12 3.50793e-05 7.24778e-06 2.66272e-06 2.47633e-12 6.78602e-06 1.86796e-08 7.35433e-08 2.55874e-06 0.000183148 1.35789e-13 0.00559114 0.0114769 4.49352e-08 0.982688 6.13142e-11 
3.16977e-06 0.00430737 8.21688e-06 0.000346823 0.00227665 0.000155006 3.45457e-09 0.00117719 6.10778e-05 5.93488e-05 4.09475e-05 0.000379765 0.00348601 0.000775691 0.0355098 5.30167e-13 0.949707 0.00170589 
2.89704e-06 6.39199e-05 0.000102363 3.34734e-13 0.00262127 8.17733e-05 1.30548e-09 0.00379974 3.99605e-06 3.70382e-05 7.73748e-08 0.00380837 0.0279074 0.000673528 0.0135725 1.89288e-06 0.945619 0.00170382 
0.00632061 0.00135104 0.00555007 0.102589 0.0460676 0.00257231 1.83887e-06 0.0460026 0.000241512 0.000164785 0.00138763 0.000887163 0.0844351 0.224221 0.195241 2.8529e-05 0.264674 0.0182643 
3.57539e-05 0.00122588 0.0674412 0.0279736 0.0128942 0.00288682 3.76892e-09 0.0149576 1.47018e-08 1.82221e-07 0.000257101 0.00256612 0.125714 0.0592099 0.188038 1.30597e-08 0.469781 0.0270184 
0.000551177 0.000533203 0.000189721 0.045056 0.0261814 0.00739977 1.10118e-06 0.00356045 0.000194517 3.80896e-05 0.000539476 0.0192394 0.0925295 0.172101 0.0526914 7.44775e-05 0.567919 0.011201 
0.00150426 0.000420847 0.000229288 0.0210966 0.00428586 0.0026723 1.09955e-06 0.00348876 0.000304494 0.00709037 0.00130787 0.00627549 0.0629644 0.0048889 0.029199 1.31042e-05 0.849033 0.00522411 
0.00029557 0.00234436 0.00197644 0.00883536 0.0647713 0.000597529 8.25406e-09 0.00287915 1.07159e-05 0.000172354 2.3602e-05 0.000844672 0.00500935 0.181217 0.272213 1.69758e-06 0.458309 0.00049762 
0.0095113 0.0182784 0.000550845 0.0104301 0.0265854 0.0066483 5.41413e-06 0.00699795 0.000557601 0.000292296 0.00121602 0.0230878 0.0200379 0.0132981 0.100563 0.000306922 0.75353 0.00810294 
0.0158356 0.0136963 0.00180575 0.0381976 0.19223 0.0112827 1.08665e-07 0.026728 4.49655e-06 0.000416032 0.000462718 0.0359677 0.0881651 0.0124 0.205295 2.88729e-05 0.352955 0.00452899 
0.0286869 0.00794746 0.00346353 0.0474636 0.0322912 0.00535301 2.66469e-05 0.0426535 0.000776769 0.000585681 0.00470454 0.127416 0.240998 0.0252758 0.0269114 0.0222053 0.345204 0.0380371 
0.000414875 0.00112484 0.000850971 0.0151352 0.00402288 0.00140351 1.20269e-06 0.00239594 0.000597637 0.0011798 0.00608293 0.00568707 0.0210424 0.00778822 0.0609624 8.63189e-05 0.867823 0.00340068 
0.00869179 0.00105737 0.00563093 0.0463685 0.00700546 0.0392918 0.0444244 0.0136103 0.000221747 0.000895934 0.00119341 0.0128566 0.0375623 0.072965 0.100544 0.000805249 0.571952 0.0349234 
0.00134852 4.33094e-05 0.00382677 0.0147779 0.00179325 4.16831e-05 2.27173e-06 0.00907173 5.86178e-06 7.1232e-05 0.000566008 0.0102236 0.0101197 0.000501179 0.00466979 1.30654e-09 0.942092 0.000845468 
0.00399621 0.00259878 0.0018313 0.0178241 0.038769 0.0373768 4.52256e-06 0.0155166 0.0195535 0.000574082 0.00183642 0.0599324 0.0382336 0.0730729 0.138134 0.00218649 0.479548 0.069011 
4.87176e-05 8.33326e-09 1.81147e-06 0.0138282 0.000204822 0.00042091 4.287e-07 0.000113912 3.10993e-05 3.73276e-05 0.00625074 0.00256165 0.0151128 0.248467 0.345237 7.09597e-05 0.367354 0.000258711 
0.00777942 0.000671754 0.00540183 0.0235578 0.0152576 0.0391334 6.79165e-05 0.0289957 0.00265087 0.000577107 0.00204479 0.075697 0.232581 0.00948098 0.0281093 0.0156698 0.468976 0.0433475 
0.00295128 0.000481471 1.14236e-07 0.00161066 0.0270984 0.217744 2.54655e-05 0.0262319 0.00935458 0.00912328 0.000448101 0.143293 0.0533437 0.128028 0.101716 0.000261652 0.278144 0.000143452 
0.00271985 0.000805154 0.000608109 0.0182002 0.00680562 0.0078902 0.0728004 0.00505503 0.000332236 0.00194081 0.000661837 0.00521371 0.031182 0.062511 0.0882653 0.000176477 0.69116 0.00367203 
0.00134852 4.33094e-05 0.00382677 0.0147779 0.00179325 4.16831e-05 2.27173e-06 0.00907173 5.86178e-06 7.1232e-05 0.000566008 0.0102236 0.0101197 0.000501179 0.00466979 1.30654e-09 0.942092 0.000845468 
0.000969143 0.000164574 1.7739e-06 0.001408 0.00194501 0.000217827 5.42099e-08 0.000132546 9.51593e-06 3.85381e-05 0.000390188 0.000485666 0.0045205 0.231796 0.00793945 1.48959e-08 0.749522 0.000458901 
7.51523e-06 7.61313e-05 4.0628e-05 7.93827e-06 5.29074e-05 0.000100619 2.69461e-10 3.11428e-05 2.94033e-08 1.54295e-08 8.19097e-05 5.94352e-05 0.000230452 0.00185188 0.0369371 1.89237e-07 0.960446 7.62925e-05 
0.00033906 0.000187965 0.000114036 0.0105137 0.00184653 0.00484564 1.17355e-06 0.00103939 0.00323588 0.00412963 0.0260862 0.00740727 0.0537178 0.0150429 0.156792 0.00044054 0.712697 0.00156329 
0.0198018 0.005117 0.00181892 0.0297566 0.0261471 0.0163881 4.47919e-06 0.0193245 0.000691774 0.00020245 0.00369546 0.0158957 0.0214598 0.0489995 0.07716 2.43494e-05 0.703595 0.00991747 
0.00590232 0.00345471 0.00243704 0.0209662 0.00862388 0.00190494 5.39768e-07 0.00374273 0.00038051 0.00536076 0.00310411 0.0142716 0.0325482 0.00931515 0.0750721 0.000207012 0.808751 0.00395762 
0.00171031 0.0219602 0.0012554 0.0139379 0.0226606 0.0140504 1.33383e-05 0.0151327 0.00114607 0.000401526 0.0117434 0.0376927 0.047697 0.0904923 0.287352 0.00844901 0.407136 0.0171687 
8.81057e-05 0.000193624 0.00434543 0.0153833 0.00106781 0.0001984 3.01282e-10 0.00178912 0.000477354 0.000539233 0.000197363 0.00366177 0.0885755 0.00613392 0.0476632 4.35099e-06 0.824456 0.00522541 
3.65229e-05 0.00423755 2.15655e-07 0.00405739 0.00594194 0.0987334 5.88418e-06 0.00427698 7.60219e-05 0.00303634 0.000420971 0.00673821 0.0609132 0.00723239 0.09996 0.000103664 0.698488 0.00574114 
0.00134852 4.33094e-05 0.00382677 0.0147779 0.00179325 4.16831e-05 2.27173e-06 0.00907173 5.86178e-06 7.1232e-05 0.000566008 0.0102236 0.0101197 0.000501179 0.00466979 1.30654e-09 0.942092 0.000845468 
0.000608293 0.00113839 0.000640043 0.0091473 0.0102063 0.000182324 3.92288e-07 0.0140492 1.72796e-06 2.07457e-05 0.00160175 0.00166379 0.01364 0.00144761 0.0421531 1.9113e-06 0.902751 0.00074607 
0.000132156 0.000290429 0.00651804 0.023075 0.00155491 0.000297595 3.6429e-10 0.00268366 0.000716015 0.00080883 0.000296039 0.00549264 0.132863 0.00819886 0.0617052 6.52525e-06 0.747523 0.0078381 
0.00137311 0.00399185 6.92975e-05 0.07679 0.00695193 1.66418e-08 2.0342e-06 0.00349778 6.54722e-06 1.14639e-06 6.37261e-06 0.00925713 0.229085 0.00129464 0.00858529 1.14997e-13 0.657662 0.00142612 
6.29758e-05 0.00263662 0.0249053 0.0115099 0.00334863 0.000347822 6.16775e-10 0.0444328 0.000626445 0.00131763 0.0729575 0.0145305 0.237181 0.00802898 0.140149 3.12246e-06 0.434229 0.00373259 
0.000717018 0.00022525 0.000280408 0.0103244 0.0109266 0.000288206 4.6097e-08 0.000388747 7.68925e-07 0.00736519 0.00224102 7.75509e-05 0.000539041 0.0132567 0.257026 6.42944e-05 0.696212 6.67902e-05 
7.96007e-05 0.00194119 0.000553013 0.00765974 0.0121194 0.0120136 4.45632e-07 0.00948967 0.0023716 0.000242096 8.44738e-05 0.0344511 0.0387769 0.00760102 0.12889 0.000291372 0.74012 0.00331449 
3.16977e-06 0.00430737 8.21688e-06 0.000346823 0.00227665 0.000155006 3.45457e-09 0.00117719 6.10778e-05 5.93488e-05 4.09475e-05 0.000379765 0.00348601 0.000775691 0.0355098 5.30167e-13 0.949707 0.00170589 
0.00352812 0.00131922 0.00134899 0.0886983 0.0685691 0.00645586 5.99498e-07 0.017418 1.2615e-07 0.000246077 0.000111947 0.000534457 0.00399189 0.0475431 0.186033 1.59776e-05 0.565052 0.00913355 
4.87176e-05 8.33326e-09 1.81147e-06 0.0138282 0.000204822 0.00042091 4.287e-07 0.000113912 3.10993e-05 3.73276e-05 0.00625074 0.00256165 0.0151128 0.248467 0.345237 7.09597e-05 0.367354 0.000258711 
0.00629468 0.00056002 0.00203808 0.0212711 0.0124514 0.0159162 7.008e-06 0.0083607 2.75537e-05 0.000522918 0.000789688 0.0102736 0.011711 0.298314 0.195288 1.94268e-05 0.412891 0.00326382 
8.81057e-05 0.000193624 0.00434543 0.0153833 0.00106781 0.0001984 3.01282e-10 0.00178912 0.000477354 0.000539233 0.000197363 0.00366177 0.0885755 0.00613392 0.0476632 4.35099e-06 0.824456 0.00522541 
0.000413977 0.000164842 9.23703e-07 0.00174542 0.00526976 0.408307 2.22326e-05 0.00272883 1.14605e-05 4.19597e-08 5.00959e-05 0.00622068 0.010742 0.00781255 0.0439326 0.000176626 0.510369 0.00203151 
7.30107e-05 9.94537e-05 5.95377e-05 1.55849e-05 0.00272711 0.000248417 1.93719e-08 0.000149734 2.86202e-09 2.2191e-08 0.00109937 1.13258e-05 0.000171417 0.00107734 0.0252296 8.01763e-07 0.969002 3.54141e-05 
0.000402224 0.000834451 0.000112627 0.0114108 0.00262933 0.00453489 2.94845e-07 0.000496739 0.00101556 0.00164482 0.000350552 0.0101205 0.0438875 0.00846311 0.0736926 3.35491e-05 0.839363 0.00100789 
0.00277004 0.000618914 0.00309567 0.03545 0.00321254 0.00999677 8.34758e-10 0.0133009 0.00410917 0.000269229 0.00110111 0.037083 0.0890265 0.0698117 0.17888 5.62649e-05 0.547337 0.00388115 
0.000969143 0.000164574 1.7739e-06 0.001408 0.00194501 0.000217827 5.42099e-08 0.000132546 9.51593e-06 3.85381e-05 0.000390188 0.000485666 0.0045205 0.231796 0.00793945 1.48959e-08 0.749522 0.000458901 
6.29758e-05 0.00263662 0.0249053 0.0115099 0.00334863 0.000347822 6.16775e-10 0.0444328 0.000626445 0.00131763 0.0729575 0.0145305 0.237181 0.00802898 0.140149 3.12246e-06 0.434229 0.00373259 
0.10231 0.00233763 0.000158547 0.0876409 0.017993 0.00143134 9.83119e-06 0.00820961 9.62181e-05 0.00130694 4.072e-05 0.00563694 0.0438775 0.00982624 0.0349012 1.66472e-06 0.580628 0.103594 
0.00117686 0.00252428 0.00173662 0.0147815 0.0187633 0.00230982 4.9577e-07 0.0106591 0.000330301 0.000599162 0.0108125 0.00670137 0.0201261 0.00639835 0.099252 4.38744e-05 0.799947 0.00383729 
3.16977e-06 0.00430737 8.21688e-06 0.000346823 0.00227665 0.000155006 3.45457e-09 0.00117719 6.10778e-05 5.93488e-05 4.09475e-05 0.000379765 0.00348601 0.000775691 0.0355098 5.30167e-13 0.949707 0.00170589 
0.000132156 0.000290429 0.00651804 0.023075 0.00155491 0.000297595 3.6429e-10 0.00268366 0.000716015 0.00080883 0.000296039 0.00549264 0.132863 0.00819886 0.0617052 6.52525e-06 0.747523 0.0078381 
0.0648587 0.00655642 0.000565039 0.0129909 0.00861321 0.0326892 2.4205e-05 0.0101794 0.0638694 0.0461191 0.0457393 0.173941 0.0167345 0.0274662 0.0956704 0.157563 0.233902 0.00251879 
0.000919987 0.00773851 0.000290198 0.0324069 0.0225001 0.00836544 1.15891e-06 0.00254564 2.60695e-08 3.44659e-05 0.000137698 0.000497455 0.00381123 0.00789233 0.434164 1.47876e-05 0.478335 0.000345073 
0.00502219 0.00021336 0.000205962 0.0974066 0.0260569 0.00309011 9.61912e-07 0.0210738 0.000223739 6.18683e-06 0.000313676 0.000434389 0.0326849 0.272436 0.217731 4.27843e-05 0.319372 0.00368521 
6.35466e-05 0.00513827 3.63491e-05 0.0110793 0.00738514 0.0225085 8.86747e-05 0.000779293 0.00271417 0.00143543 0.00667304 0.00759742 0.02812 0.0125182 0.11424 0.000436317 0.766975 0.0122115 
0.181307 0.000193143 0.000155652 0.0410035 0.00778744 0.00301811 1.01079e-05 0.00660415 0.0335241 0.0111398 0.00116001 0.0845662 0.196902 0.0214126 0.111261 0.00442085 0.252504 0.04303 
8.98917e-06 0.00147298 0.00377387 0.00348822 0.00281896 3.33264e-05 5.13336e-12 0.013177 5.0446e-05 1.60761e-08 1.88245e-05 1.49791e-08 0.00588036 0.00406877 0.156673 1.82593e-06 0.807975 0.000558684 
4.87176e-05 8.33326e-09 1.81147e-06 0.0138282 0.000204822 0.00042091 4.287e-07 0.000113912 3.10993e-05 3.73276e-05 0.00625074 0.00256165 0.0151128 0.248467 0.345237 7.09597e-05 0.367354 0.000258711 
0.00174558 0.00102405 0.00446464 0.0173909 0.0196303 0.00386774 1.4758e-06 0.00589941 0.00275655 0.0023156 0.00572009 0.012172 0.0743285 0.0291055 0.111112 9.50653e-05 0.704878 0.00349213 
0.000402224 0.000834451 0.000112627 0.0114108 0.00262933 0.00453489 2.94845e-07 0.000496739 0.00101556 0.00164482 0.000350552 0.0101205 0.0438875 0.00846311 0.0736926 3.35491e-05 0.839363 0.00100789 
0.00150426 0.000420847 0.000229288 0.0210966 0.00428586 0.0026723 1.09955e-06 0.00348876 0.000304494 0.00709037 0.00130787 0.00627549 0.0629644 0.0048889 0.029199 1.31042e-05 0.849033 0.00522411 
0.00828558 0.000373648 0.000891699 0.0525457 0.00533632 0.00211092 1.32621e-06 0.00546383 0.000236806 0.00627836 0.00123208 0.00601078 0.054564 0.0046682 0.0270222 2.14138e-05 0.81931 0.00564676 
9.22715e-05 0.00287606 0.000909986 0.00362066 0.00426038 0.0278482 1.60012e-06 0.00914679 0.000129293 0.000990081 0.000374354 0.00260443 0.0280225 0.0062557 0.132099 4.32279e-05 0.776868 0.00385727 
0.000284734 0.000303987 1.47979e-05 0.00502597 0.00183697 0.016825 3.6403e-07 0.00120154 2.62261e-05 0.00116656 0.000703594 0.00531386 0.0315917 0.00840517 0.120226 2.2535e-05 0.806434 0.000616564 
0.000292825 5.36654e-05 3.67147e-05 0.00243502 0.00181591 0.000548798 1.37606e-07 8.47398e-05 8.51532e-06 0.000632685 0.00722011 0.000779773 0.00486164 0.0480627 0.196881 3.01652e-05 0.735941 0.000314768 
0.00033906 0.000187965 0.000114036 0.0105137 0.00184653 0.00484564 1.17355e-06 0.00103939 0.00323588 0.00412963 0.0260862 0.00740727 0.0537178 0.0150429 0.156792 0.00044054 0.712697 0.00156329 
4.54637e-05 1.28736e-05 0.000949667 0.009227 0.00295421 5.94466e-05 1.46977e-09 0.000626422 1.49983e-12 0.000145335 1.72701e-05 8.21079e-06 2.76883e-08 0.0126776 0.123397 1.39807e-05 0.849806 5.94329e-05 
0.00502219 0.00021336 0.000205962 0.0974066 0.0260569 0.00309011 9.61912e-07 0.0210738 0.000223739 6.18683e-06 0.000313676 0.000434389 0.0326849 0.272436 0.217731 4.27843e-05 0.319372 0.00368521 
6.79365e-05 0.00167002 9.02347e-05 3.78621e-05 0.00352864 0.000258334 3.24217e-09 0.0407029 3.63957e-05 0.000491737 0.00160944 0.0015199 0.017014 0.00026758 0.0152527 8.22079e-06 0.917292 0.000152179 
0.000539541 0.000588701 0.00065631 0.00595766 0.00959164 0.0138328 9.93307e-06 0.00196259 0.002182 0.00133413 0.00883011 0.00781948 0.0529785 0.0429302 0.22737 0.000133503 0.620412 0.00287057 
0.000777668 0.000516133 3.56814e-05 0.00345417 0.0141607 0.000118334 4.31702e-11 0.0137904 6.16102e-06 0.00013153 6.73153e-05 0.00162132 0.0208689 0.0281403 0.157485 1.08654e-07 0.758297 0.000529215 
9.79255e-06 0.00394273 1.64158e-05 0.00572701 0.00578192 0.000562571 6.51697e-10 0.00020107 1.70607e-06 7.98978e-05 4.37119e-06 0.000126735 0.000671839 0.014876 0.0636742 4.10376e-07 0.903913 0.000410123 
4.912e-07 4.91201e-07 0.0304015 0.0043244 0.0429389 0.0417089 4.90719e-07 0.0237326 0.00181684 4.90886e-07 4.91068e-07 0.0637279 0.129038 0.0078109 0.109429 0.00172 0.446021 0.0973279 
0.0323682 0.00172802 0.00761533 0.133917 0.117235 0.0209805 1.82036e-06 0.0496792 0.00204137 0.000177856 0.00271716 0.0407089 0.0254709 0.0827401 0.0760442 0.00629612 0.330261 0.0700175 
0.00462049 0.0154232 0.000646403 0.00974888 0.0408408 0.0112687 2.0973e-05 0.0122751 0.000603963 0.00240908 0.00126259 0.0266462 0.133418 0.0237545 0.105079 0.000232302 0.535769 0.0759797 
3.16977e-06 0.00430737 8.21688e-06 0.000346823 0.00227665 0.000155006 3.45457e-09 0.00117719 6.10778e-05 5.93488e-05 4.09475e-05 0.000379765 0.00348601 0.000775691 0.0355098 5.30167e-13 0.949707 0.00170589 
