0.00126764 0.029364 0.0677772 0.171008 0.0342968 0.00346509 0.0433231 0.0321289 0.001658 0.00222477 0.00043682 0.0236325 0.507618 0.00109173 0.00784335 0.0579297 0.000202357 0.0147323 
0.000906137 0.000660528 0.00184902 0.00189558 0.00371907 0.00113227 1.16972e-06 0.00563512 8.59876e-07 8.92487e-07 0.00698472 0.00237003 0.292936 0.000697077 0.678499 2.22449e-07 1.69736e-07 0.00271182 
0.00158128 0.000988925 0.00143132 0.162343 0.0341506 0.301539 0.000282166 0.022294 0.000145042 0.00109327 0.000171312 0.00311029 0.0441362 0.000226271 0.00160678 0.00105333 2.08722e-05 0.423826 
0.00262126 1.08371e-06 1.42957e-06 0.00221719 0.881131 0.0295683 3.45137e-06 0.00194192 0.0629236 2.63336e-06 0.0141051 0.00331866 0.00140068 9.86427e-07 0.00076071 6.56354e-07 5.00821e-07 5.7494e-07 
1.44763e-07 1.69514e-06 6.31656e-11 2.96838e-07 5.59336e-08 2.87722e-07 1.52499e-10 0.0113797 1.12104e-10 1.07058e-06 7.69328e-11 2.34939e-07 2.08228e-07 0.00283844 0.985778 2.92911e-09 2.21288e-11 2.54038e-11 
0.00400395 0.0160914 0.000404866 0.00676216 0.0841583 0.515821 0.000775825 0.0695826 0.0053141 0.0026877 0.00362572 0.0464401 0.111673 0.00220427 0.0426306 0.00145808 0.000148353 0.0862174 
2.32991e-09 0.163114 2.01831e-06 0.00912428 0.185377 0.531494 7.11831e-06 0.0352731 0.0246022 5.61996e-09 4.81831e-06 2.44396e-06 0.0379722 2.10517e-09 0.00493564 1.02127e-06 1.06882e-09 0.00809039 
0.00257626 3.78901e-07 0.000730837 0.00836019 0.00433036 0.00916031 5.87419e-07 0.73348 2.14134e-07 0.00014459 2.78275e-06 0.241073 1.5671e-06 0.000107853 2.98942e-07 3.01104e-05 3.83449e-08 1.05471e-06 
0.000780542 0.000150389 6.4881e-05 0.00644694 0.000558242 0.000454227 1.54245e-05 0.0112897 0.000732109 1.12141e-06 0.000559914 0.0433439 0.0104964 2.75568e-06 1.88029e-07 0.923505 1.17619e-07 0.00159781 
0.0596812 0.00143971 9.52613e-06 0.000342298 0.00142344 0.0169374 2.48981e-05 0.000214579 0.000227667 1.6078e-05 4.20573e-05 0.0334557 0.0289032 0.000191416 1.68189e-05 1.60091e-05 1.90536e-06 0.857056 
0.023363 0.054776 0.00017544 0.0501691 0.183312 0.0591518 0.00311996 0.187714 0.0162226 6.19323e-05 0.00258982 0.287127 0.0291201 0.00178779 0.0416164 0.0562871 2.6145e-05 0.0033796 
0.0220997 0.000907002 0.00300526 0.0643013 0.0624011 0.413364 0.000127877 0.00383996 0.0465464 0.000228921 0.0102582 0.0697795 0.11597 0.00149437 0.0228592 0.0161279 7.54731e-05 0.146614 
0.00214835 0.0068132 0.0032645 0.0132159 0.0294129 0.0176047 0.00749099 0.791657 0.000152772 0.000114676 0.0264531 0.0365019 0.0441688 0.00096707 0.00359111 0.00449774 5.19455e-05 0.0118936 
0.105113 0.0155275 0.00220076 0.266274 0.00326746 0.00251361 7.72903e-05 0.0669517 0.00018309 0.000215827 0.0008643 0.340504 0.161391 0.000464448 0.0225336 0.00526496 3.86562e-05 0.00661485 
0.00031654 0.00440945 0.000472474 0.0323028 0.0474047 0.515691 0.00109741 0.000239052 0.000968981 0.0081077 6.15585e-08 0.000999095 0.0674185 7.89314e-08 0.00196166 9.33496e-08 2.03584e-11 0.318611 
0.00103753 0.00900179 0.00304763 0.0697971 0.0175077 0.016534 0.000459867 0.0990999 0.000433147 4.84601e-05 0.0031954 0.285568 0.108373 7.69587e-05 0.00113956 0.0134777 3.69944e-06 0.371198 
0.00436911 9.51144e-09 0.0866901 0.41377 0.00314462 0.000155326 8.8046e-09 0.0157114 9.51727e-09 0.0010041 5.35335e-07 0.0194995 0.0795012 5.04498e-05 0.000544548 1.24562e-08 4.95906e-09 0.375559 
1.44495e-09 0.0107039 1.89208e-09 0.667031 0.0472093 0.0983801 4.568e-09 0.0306039 0.000169901 4.01436e-06 9.81452e-06 0.00147236 0.14313 0.000136622 0.00114385 8.68706e-10 6.62852e-10 5.48842e-06 
0.000116594 0.0277533 0.0308908 0.106652 0.0129152 0.310321 7.90031e-06 0.34674 4.31139e-05 6.39988e-06 0.00377809 0.0666887 0.0864561 4.07972e-06 0.00698993 0.000606889 1.77565e-06 2.77601e-05 
0.0169655 0.00230319 0.00332597 0.0459312 0.0761899 0.0466585 5.41042e-05 0.127116 0.0292633 0.000839319 0.0022945 0.515146 0.08386 0.00136028 0.00299535 0.0292236 1.01421e-05 0.0164628 
3.02122e-05 4.13159e-05 0.000143553 0.0306416 0.0457069 0.0531394 1.01567e-05 6.19943e-05 7.92588e-05 0.00128207 0.00167672 1.37472e-05 0.00343756 1.23429e-05 6.3941e-05 1.00259e-05 9.42949e-06 0.86364 
0.00156384 0.000165841 6.30942e-05 0.00189471 0.000895418 0.138264 0.00165148 0.00468053 9.67326e-05 3.45723e-05 0.000401276 0.0278603 0.00195096 5.68424e-05 0.000255491 0.817605 3.06241e-05 0.00252892 
0.00540093 0.000448214 5.10771e-05 0.00212636 0.0052208 0.0395668 0.000174039 0.0447176 0.0407307 0.000181184 0.00202003 0.451567 0.0446273 0.000513046 0.00327409 0.35298 1.40261e-05 0.00638678 
0.000382794 0.000146417 5.27753e-07 0.000551808 0.0132746 0.975436 1.05437e-05 1.46773e-06 0.00164521 0.000189537 0.000108394 0.000715124 9.04768e-05 0.000694498 0.00661527 0.000129303 3.57333e-07 7.55969e-06 
0.000780542 0.000150389 6.4881e-05 0.00644694 0.000558242 0.000454227 1.54245e-05 0.0112897 0.000732109 1.12141e-06 0.000559914 0.0433439 0.0104964 2.75568e-06 1.88029e-07 0.923505 1.17619e-07 0.00159781 
0.0558693 0.000293218 0.0702456 0.16007 0.116052 0.133646 0.00121175 0.0272341 2.74362e-05 0.000427961 2.54039e-06 0.000761733 0.0279264 0.292664 0.00102422 0.000736566 1.25241e-07 0.111807 
0.0118951 0.00838288 0.0183433 0.0504207 0.111365 0.254206 0.00554055 0.0836879 0.00392485 0.00100472 0.00843698 0.156696 0.111363 0.000881501 0.0293359 0.00144915 0.000582166 0.142484 
0.000232097 0.00239411 7.2412e-06 0.00552512 0.0117589 0.691699 5.60251e-06 0.0673969 1.51837e-06 0.000847338 4.19713e-05 0.0487334 0.00107739 0.00158329 0.165003 0.000340607 8.41779e-09 0.0033528 
0.000120125 1.0489e-06 1.38365e-06 0.000136012 0.010504 0.98305 3.11074e-05 1.97348e-05 0.00010777 2.54877e-06 1.68522e-06 0.00106385 0.000144514 0.000208631 0.00237428 6.35578e-06 4.84734e-07 0.00222696 
0.0314901 0.00903234 0.0029584 0.00435772 0.0633098 0.278006 5.05166e-07 0.0113839 7.88934e-07 0.493896 0.00033537 0.0222488 0.0798964 3.06732e-07 0.0016622 0.00142062 5.57966e-08 8.92585e-07 
1.32346e-07 0.0078952 1.733e-07 0.00144378 8.0725e-08 0.931838 7.62148e-05 0.0477552 3.07565e-07 0.00278208 0.0062474 0.000755495 0.000715256 1.1958e-07 0.000473246 1.68963e-05 6.07121e-08 6.96972e-08 
0.0105116 0.000195885 0.00957802 0.0126946 0.0450024 0.193312 0.000460267 0.0116617 0.055347 0.0026558 0.00175558 0.601959 0.0370074 0.000198751 0.00961021 0.00209724 3.80429e-06 0.00594904 
0.000354084 0.000966355 0.00115888 0.00047453 0.00346216 0.00988083 3.99639e-07 0.000296967 0.00135168 3.0492e-07 0.000927608 0.00292105 0.00419876 1.1422e-07 0.00105374 7.6e-08 5.79906e-08 0.972952 
0.000638417 0.0459911 0.00181851 0.0482948 0.562393 0.00776277 0.000316675 0.0250683 0.000663508 0.000352458 0.0149871 0.0146486 0.260621 0.000747334 0.00871058 0.00136374 0.000111228 0.0055106 
0.00902717 0.000224369 0.10289 0.00329384 0.00113571 0.0418174 6.40303e-05 0.22443 0.000105028 1.43478e-07 0.0196382 0.577812 0.00225495 5.71425e-05 1.0437e-06 0.0136899 2.19212e-08 0.00355866 
0.468951 0.000565631 0.000955664 0.075661 0.00690657 0.074612 0.000404706 0.0833864 0.000129794 0.000155987 0.000137723 0.0461292 0.0555025 0.00288898 0.0134319 0.166082 8.1013e-05 0.00401868 
1.32346e-07 0.0078952 1.733e-07 0.00144378 8.0725e-08 0.931838 7.62148e-05 0.0477552 3.07565e-07 0.00278208 0.0062474 0.000755495 0.000715256 1.1958e-07 0.000473246 1.68963e-05 6.07121e-08 6.96972e-08 
0.221275 0.0130767 0.00150776 0.0399253 0.042053 0.0402234 0.000460965 0.0141431 0.0583063 8.48641e-05 0.000172979 0.232403 0.0841912 0.00470968 0.0314221 0.188112 3.93712e-05 0.0278932 
0.0693453 0.000499347 0.0047295 0.0242248 0.322963 0.0681434 0.00212947 0.146665 0.00181349 0.00236683 0.000714533 0.140767 0.148692 0.000963078 0.0288022 0.0153492 0.000135694 0.0216965 
4.25936e-09 0.580545 3.25543e-05 0.0869637 0.00929661 0.00316815 1.34654e-08 0.0764284 6.00032e-07 1.60016e-05 0.000585921 0.00559078 0.235982 3.84851e-09 0.00136314 2.51672e-07 1.95393e-09 2.69855e-05 
0.083239 5.30261e-07 4.45723e-07 0.146375 0.0694045 0.0326867 7.28407e-10 0.263775 0.189287 4.75582e-07 3.67467e-10 0.134485 0.0807213 2.48278e-05 8.31909e-08 6.16434e-07 1.05697e-10 6.12966e-07 
0.000589587 0.0268941 0.00168971 4.13827e-05 0.0128193 0.025171 7.67642e-06 0.0227819 0.810348 0.0434551 0.0138207 0.0100457 0.00786393 0.000843956 0.0231236 9.56884e-05 1.84984e-07 0.000408973 
2.73832e-10 0.00060912 0.0550737 0.00342094 0.00460043 0.000845442 0.00173458 0.870968 6.36373e-10 0.000166121 0.000464108 0.0536841 0.00287603 2.34202e-07 0.00555547 4.57855e-07 1.25617e-10 1.41097e-06 
0.000382794 0.000146417 5.27753e-07 0.000551808 0.0132746 0.975436 1.05437e-05 1.46773e-06 0.00164521 0.000189537 0.000108394 0.000715124 9.04768e-05 0.000694498 0.00661527 0.000129303 3.57333e-07 7.55969e-06 
0.00497819 0.00248862 0.000529127 0.0121642 0.438848 0.362312 0.00136463 0.0022988 0.00159071 0.000316721 0.0006702 0.0107354 0.0984003 0.00739468 0.0348096 0.000125446 9.81449e-05 0.0208752 
0.0379444 0.000121562 8.55006e-06 0.123573 0.0425627 0.0411832 1.22388e-06 0.0611312 1.25836e-07 0.000120766 1.03868e-05 0.0470364 0.428446 0.00188846 0.118652 3.19105e-05 4.83568e-08 0.0972884 
4.30004e-05 1.60674e-06 2.11951e-06 9.64294e-05 0.000312097 0.943443 0.000126812 0.044996 3.76162e-06 3.90428e-06 0.00992866 0.000102272 0.000113223 6.14606e-05 0.000318119 9.73125e-07 7.42528e-07 0.000446339 
0.00180961 0.000254624 5.18791e-05 1.13376e-07 0.00121043 0.000301505 1.64453e-05 0.000575098 1.12802e-05 6.22936e-05 1.5201e-07 0.960132 4.48254e-08 0.0233021 0.00945213 6.46767e-07 4.15796e-08 0.00281913 
7.12956e-08 5.36522e-05 0.000966952 0.0424441 0.928049 0.00189899 1.19714e-07 0.00269883 5.92755e-06 2.24831e-06 3.57753e-07 0.00431701 0.0160964 2.63835e-08 7.49464e-05 3.84869e-05 4.00068e-11 0.00335283 
7.06057e-06 0.00049172 0.000632 6.10225e-05 0.0806615 0.62261 6.6422e-07 7.70266e-05 1.59916e-05 5.06793e-07 2.43764e-05 4.40374e-06 0.00689927 0.00101199 0.287502 1.26316e-07 9.63834e-08 7.43202e-07 
8.80294e-05 0.149013 0.00173168 0.0995719 0.000681112 0.00133435 9.45536e-05 0.490042 0.000918243 3.21299e-05 0.00577071 0.0128411 0.149779 4.9209e-05 0.0633712 0.0229718 2.12879e-05 0.00168844 
2.55056e-11 5.16516e-07 3.33983e-11 0.013229 0.0188454 0.0100377 8.06326e-11 0.0697547 5.92739e-11 1.90779e-07 4.10845e-09 0.570835 0.315837 2.30454e-11 0.0014597 1.53341e-11 1.17004e-11 6.34005e-07 
3.30042e-06 0.00188543 0.00774117 1.27126e-05 0.0374405 0.333579 8.18341e-07 0.00261056 0.000892691 6.24385e-07 0.00132518 0.00234242 0.00299897 0.289619 1.11476e-05 1.55625e-07 1.18748e-07 0.319536 
6.23658e-06 0.00233076 0.715517 0.0244144 0.0377305 0.0272644 4.67831e-06 0.111521 9.71264e-07 8.76796e-05 7.60119e-05 0.0154772 0.0131428 6.34401e-05 0.00743983 2.99024e-05 9.47167e-07 0.0448927 
0.0298896 0.00664416 0.00732193 0.0597817 0.068453 0.178792 5.13077e-05 0.00555845 0.0579185 0.00188823 0.00328816 0.0111501 0.547373 0.00636778 0.00567431 0.000378097 6.08869e-12 0.00947041 
1.06813e-05 0.00784366 1.84592e-05 0.0106081 0.0146677 0.173049 0.000101372 0.479859 1.51221e-05 0.000372205 1.61201e-05 0.00162058 0.0232459 0.000784411 0.0239953 2.37583e-06 3.30858e-07 0.263789 
5.40633e-06 7.11658e-07 0.016386 0.227851 0.0309866 0.00955568 6.47377e-10 0.00978741 3.95039e-06 7.90801e-07 3.26589e-10 1.30148e-06 0.18703 0.209534 0.0251937 1.72481e-07 9.39394e-11 0.283663 
3.34584e-06 0.00296192 0.0239944 0.296386 0.0749566 0.0279107 7.58946e-05 0.117633 6.65693e-07 0.00160462 0.00264022 0.0421177 0.13042 0.00303931 0.127211 0.00141999 3.06094e-07 0.147626 
2.60383e-06 0.035679 8.5218e-10 0.0135804 0.518295 0.283291 2.0574e-09 1.03511e-05 0.127207 1.56977e-09 1.97308e-06 0.0218662 1.48694e-05 1.74647e-05 3.31677e-05 1.25242e-06 2.98544e-10 3.42727e-10 
0.00210585 0.0119932 0.00231752 0.0104174 0.0158514 0.0504613 0.00345686 0.116647 0.0411825 0.000100627 0.0102356 0.601269 0.0553113 0.0150044 0.0114132 0.0404368 3.49471e-05 0.0117605 
0.0010801 0.000508162 0.0100079 0.0111112 0.00939712 0.261263 0.00449435 0.00164112 0.00024913 0.000527362 0.00034326 0.0102218 0.0453585 0.000994228 0.175629 0.000308738 0.000221141 0.466643 
0.039207 0.00648895 0.00598089 0.0474292 0.127178 0.110393 0.132741 0.0404021 0.0023972 0.00253808 0.005676 0.0564652 0.123625 0.142387 0.066364 0.000938172 0.000759691 0.0890286 
0.00016071 0.0622818 0.0229267 0.0953763 0.249521 0.133009 7.5115e-05 0.193429 3.02046e-06 1.3873e-05 5.35295e-07 0.095305 0.0139557 4.14775e-08 0.0055956 8.76093e-05 1.50321e-09 0.128258 
0.034136 0.00248768 0.000923406 0.0280265 0.0503581 0.370733 0.000287756 0.029429 0.197423 0.000234499 0.00387358 0.186385 0.0386692 0.00541332 0.0147491 0.0297281 0.000109591 0.00703335 
0.00902717 0.000224369 0.10289 0.00329384 0.00113571 0.0418174 6.40303e-05 0.22443 0.000105028 1.43478e-07 0.0196382 0.577812 0.00225495 5.71425e-05 1.0437e-06 0.0136899 2.19212e-08 0.00355866 
0.00989559 1.65268e-07 0.0309473 1.13137e-06 0.272321 0.164191 2.76798e-07 0.0500087 0.000274674 0.0008123 1.83903e-07 0.0393416 0.288157 6.88298e-07 0.0641288 2.1344e-07 7.20193e-11 0.079919 
0.00902717 0.000224369 0.10289 0.00329384 0.00113571 0.0418174 6.40303e-05 0.22443 0.000105028 1.43478e-07 0.0196382 0.577812 0.00225495 5.71425e-05 1.0437e-06 0.0136899 2.19212e-08 0.00355866 
1.62902e-09 0.000795682 1.10237e-05 0.180198 0.0187887 0.784436 5.14992e-09 0.00204059 3.78576e-09 2.37255e-06 2.59804e-09 0.00585027 0.00787575 1.47188e-09 1.93692e-06 4.6484e-07 7.47293e-10 8.57889e-10 
0.00130471 0.00884786 0.0271968 0.00414497 0.0952524 0.0994477 3.67444e-05 0.0875626 0.531021 0.00817821 0.0177528 0.0431483 0.0416658 0.0008441 0.0192464 0.00389535 1.09754e-05 0.0104431 
8.86556e-07 0.359802 0.000610361 0.000986605 0.309451 0.000784044 6.16339e-05 0.000267419 0.321192 0.00331974 0.000275123 0.000359535 0.000230274 8.01039e-07 0.00255084 5.33e-07 4.06697e-07 0.000107181 
5.63019e-06 0.081663 1.47199e-05 0.0411878 0.0522819 0.248998 0.000237868 0.169296 1.20402e-05 0.0282038 0.000690201 7.60047e-06 0.000866502 0.000115418 0.0719162 1.33554e-06 6.49204e-09 0.304502 
0.000394678 0.00585928 0.0133122 0.0622393 0.267311 0.33038 5.35365e-05 0.0305444 0.00556129 0.00030547 0.00343396 0.00354397 0.0988272 0.000145279 0.0382886 0.000286207 5.13538e-06 0.139509 
0.00698456 0.00347002 0.000570267 0.00295777 0.00639895 0.00139145 0.000975671 0.689228 8.96445e-05 1.52143e-10 0.00647389 0.118019 0.148473 0.000249598 0.0145321 0.000163389 2.8935e-11 2.24318e-05 
2.16018e-05 2.62361e-08 3.46091e-08 2.12099e-05 0.615676 0.208068 0.000700484 0.0109604 0.000261988 6.37523e-08 4.21523e-08 0.0421169 0.119161 1.80633e-05 0.00226899 5.40301e-05 1.21246e-08 0.000671406 
3.7326e-06 5.15972e-05 2.06605e-06 0.0661097 0.12349 0.240923 1.50244e-05 0.206275 8.66969e-06 1.28529e-06 8.60453e-09 0.0289764 0.0982253 4.87479e-09 0.0114285 0.000424489 2.47499e-09 0.224065 
0.00289933 1.77645e-07 0.00346843 0.00330913 0.00502136 0.933408 5.65758e-07 0.00171748 0.00336916 0.00384227 2.85414e-07 0.00595252 0.0200224 1.61698e-07 0.0012092 0.000624136 8.20958e-08 0.0151548 
0.00197049 0.0814878 0.00160362 0.0037469 0.032168 0.0251718 4.28024e-05 0.00063029 0.569058 7.34536e-05 0.000228001 0.0041256 0.000686505 0.000939694 0.134058 2.71499e-05 1.3896e-07 0.143981 
0.0298896 0.00664416 0.00732193 0.0597817 0.068453 0.178792 5.13077e-05 0.00555845 0.0579185 0.00188823 0.00328816 0.0111501 0.547373 0.00636778 0.00567431 0.000378097 6.08869e-12 0.00947041 
0.00698604 0.0651026 0.0201173 0.0154882 0.0966209 0.40805 2.1792e-06 0.0263388 0.00085677 0.00778883 2.46265e-05 0.162096 0.0950791 0.0162281 0.0636509 0.00243376 4.17085e-07 0.0131353 
0.00488192 0.0141092 0.000478848 0.0229333 0.0154603 0.128082 0.000566171 0.0309823 0.0159589 0.000555719 0.0253109 0.0860889 0.0558731 0.00544758 0.00969883 0.570059 1.38387e-05 0.0134991 
0.00183938 0.000725282 0.000123005 0.000773852 0.123351 0.740212 0.00010907 0.00149703 0.000208869 0.000160014 4.11821e-05 0.0107036 0.0523358 0.0115476 0.038682 0.000290157 2.64745e-05 0.0173737 
6.58373e-08 6.7852e-07 7.08593e-07 2.15753e-06 0.00934561 0.235357 0.646207 0.003103 0.0309078 6.05433e-07 1.73255e-05 0.0235569 0.0078474 6.01607e-05 3.17e-07 0.00103103 1.11333e-08 0.042562 
0.0105756 0.109161 0.000427989 0.0486212 0.147789 0.0919184 0.000260743 0.018647 8.77917e-05 6.33249e-05 0.0309576 0.0802478 0.255413 0.0183323 0.122654 9.31565e-05 5.4273e-05 0.0646959 
0.00375464 0.222671 2.91157e-08 1.17024e-05 0.197464 0.399374 7.02932e-08 0.00705745 0.00843987 1.88892e-06 3.54615e-08 0.0515311 0.0177161 0.000318106 0.0916517 1.33678e-08 1.02001e-08 7.55717e-06 
0.000780542 0.000150389 6.4881e-05 0.00644694 0.000558242 0.000454227 1.54245e-05 0.0112897 0.000732109 1.12141e-06 0.000559914 0.0433439 0.0104964 2.75568e-06 1.88029e-07 0.923505 1.17619e-07 0.00159781 
0.000164098 0.0324573 0.00534001 0.0207617 0.00412761 0.00697964 9.90491e-06 0.225895 0.654465 1.90488e-05 0.000575714 0.0281194 0.0051867 3.84263e-06 0.00979865 0.000114867 4.75204e-07 0.00598105 
1.99585e-05 0.000234934 0.000109015 0.000129966 0.000145619 1.97961e-05 2.17497e-08 0.00044624 0.996337 4.48227e-05 0.00106871 0.000251886 0.000184742 6.21623e-09 0.000308301 4.13619e-09 3.15605e-09 0.000699269 
0.000246406 0.03795 7.48591e-05 0.000229321 0.0481989 0.000143776 0.000107299 0.00509321 3.51057e-06 0.000170442 2.40918e-06 0.715003 0.00700564 0.000142738 0.185311 3.51573e-05 6.92972e-07 0.000281493 
0.000748678 0.00278352 0.0166237 0.0336514 0.0253324 0.255468 0.032962 0.075363 0.0012255 0.00100882 0.0641647 0.0289167 0.0819532 0.000862593 0.0172288 0.00319521 0.000159863 0.358352 
0.0635972 0.00463376 6.15164e-05 0.00205187 0.00183224 0.148455 2.50659e-05 0.0171225 0.0017749 0.000611264 0.451637 0.285923 0.0208452 0.000274891 0.000836651 4.78821e-07 1.88307e-10 0.000317179 
3.5942e-05 5.29789e-05 9.3128e-05 0.00274767 0.0097397 0.796121 8.01688e-06 0.0311407 2.61945e-05 2.06648e-05 3.70238e-05 0.00164922 0.0243584 2.62097e-05 0.000164553 4.15143e-05 5.0567e-06 0.133732 
0.00141309 0.00447656 0.0730106 0.00866193 0.0836136 0.154289 0.229622 0.132714 0.00330354 0.0116318 0.00168969 0.012643 0.0756303 0.000202206 0.00886346 0.000939873 0.00013987 0.197155 
4.83256e-05 0.0565085 6.97512e-07 3.28233e-06 0.396964 0.244775 2.20194e-06 0.153594 0.00223383 1.30239e-05 2.19628e-06 1.58784e-06 0.0735744 0.00340727 0.0617634 0.000123715 1.24275e-07 0.00698402 
6.22193e-05 0.00158407 2.04829e-05 2.14309e-05 0.00339853 0.924622 8.12626e-05 0.0030248 0.00017317 0.00145447 0.0289142 0.0121353 0.0187706 0.000309193 0.000727669 2.47997e-06 5.33837e-09 0.00469846 
3.69311e-10 0.0541578 0.302009 0.306906 0.000485124 0.0120938 8.12207e-08 0.144536 1.31484e-06 2.35006e-06 3.26339e-06 0.159759 0.00130298 0.00347617 0.00252325 1.1212e-05 1.69417e-10 0.0127329 
4.1589e-06 0.000592828 0.000934264 0.0654961 0.00045893 0.208766 4.14844e-05 0.0990679 0.00199322 0.00251332 4.63118e-05 0.00134756 0.138466 5.53919e-05 0.00618257 1.84162e-05 2.18696e-06 0.474014 
2.51976e-09 0.000590896 4.37495e-07 5.09775e-07 0.0010505 0.0945 2.08182e-05 0.0107596 0.0129853 0.00518758 0.817126 0.0521168 0.00455627 3.44569e-06 0.00110005 9.67318e-07 1.15591e-09 1.00663e-06 
0.0334406 0.00700673 2.14132e-07 0.347616 0.000814255 0.00153485 5.16974e-07 0.601098 3.80033e-07 0.000436749 2.60804e-07 0.00145368 0.00422111 2.25749e-05 0.00235004 2.9049e-06 7.50169e-08 1.34808e-06 
7.12956e-08 5.36522e-05 0.000966952 0.0424441 0.928049 0.00189899 1.19714e-07 0.00269883 5.92755e-06 2.24831e-06 3.57753e-07 0.00431701 0.0160964 2.63835e-08 7.49464e-05 3.84869e-05 4.00068e-11 0.00335283 
8.65385e-08 0.825999 1.13318e-07 3.85689e-05 0.00163956 0.0171958 2.7358e-07 0.100959 0.000261495 0.00408113 0.0010248 0.000419081 0.0384341 0.00037 0.00957649 5.20272e-08 3.96985e-08 4.55738e-08 
0.0626162 0.301977 0.000846386 0.0169847 0.377152 0.00137966 7.4494e-06 0.0183847 0.000765846 0.000111197 0.000374162 0.0372451 0.136615 0.0131953 0.0104637 0.000197953 2.94299e-07 0.021684 
0.000943482 0.0312667 0.00759288 0.0129336 0.0612599 0.465361 0.0408299 0.0365436 0.014265 0.000241403 0.00885563 0.096604 0.0681835 0.0118129 0.0240184 0.0126999 0.00013234 0.106456 
0.00128959 0.0782678 0.00209357 0.0930946 0.00510136 0.635876 5.80065e-07 0.15421 0.00155561 4.42583e-07 0.000356049 0.00076621 0.0177903 0.00158953 0.00157282 1.10312e-07 8.41719e-08 0.00643503 
1.61273e-05 0.0132853 0.000158695 0.0222049 0.0628373 0.556466 2.85106e-07 0.0349352 0.00426318 3.25505e-05 0.00167645 0.0450806 0.00309099 0.000405989 0.254101 0.00115238 4.13711e-08 0.000292914 
0.00023968 0.00169082 0.000623956 0.0919537 0.0510511 0.0180263 0.000189637 0.0560603 0.000525004 5.67073e-05 0.000384805 0.0809659 0.050596 5.03643e-06 0.000699685 6.21925e-06 3.99694e-06 0.646921 
0.00180961 0.000254624 5.18791e-05 1.13376e-07 0.00121043 0.000301505 1.64453e-05 0.000575098 1.12802e-05 6.22936e-05 1.5201e-07 0.960132 4.48254e-08 0.0233021 0.00945213 6.46767e-07 4.15796e-08 0.00281913 
0.000703348 0.00841032 6.19254e-10 0.000105717 0.0207713 0.767559 0.00012307 0.012576 0.0913384 2.45739e-07 0.0895443 0.00537901 0.000396948 5.59332e-07 0.00146835 0.00100056 2.16943e-10 0.000623267 
3.4256e-06 0.00103385 0.149708 0.00121076 0.006336 0.0444641 0.00250256 1.33781e-07 5.10638e-06 5.43706e-05 2.52488e-07 0.0128572 0.0198751 0.000278768 0.000134937 0.000131332 5.20912e-09 0.761404 
0.267058 0.000273031 0.000679382 0.134246 0.00934452 0.0110884 0.000138828 0.0264073 0.00119674 0.000541749 0.000996194 0.0251557 0.121838 0.00100931 0.000204232 0.267381 3.35604e-05 0.132409 
0.00169997 0.0591422 0.000357411 0.00107425 0.000615948 0.16959 0.000186441 0.202729 0.0200343 0.500009 0.00370034 0.00221231 0.0280338 0.00340375 0.00720281 1.06668e-07 8.13911e-08 8.19051e-06 
0.245516 0.000327652 2.41646e-05 0.000608827 0.00429469 0.0113806 4.14259e-05 0.173093 0.00427764 0.000499336 0.000760539 0.0075436 0.00595313 0.146949 0.0314074 0.366175 1.19749e-06 0.00114686 
0.00778796 0.114095 0.00527365 0.319906 0.101455 0.0331233 2.15811e-05 0.0330745 9.16317e-05 3.54173e-05 0.00353877 0.167804 0.0581864 0.0177176 0.106113 3.7375e-05 2.00871e-06 0.0317369 
6.01862e-08 5.97439e-08 7.88106e-08 4.31804e-05 0.15664 0.00910561 0.49441 0.189754 1.3987e-07 0.000222596 7.97654e-05 2.76388e-07 1.10335e-05 5.43806e-08 0.149547 3.61841e-08 2.76097e-08 0.000184734 
2.79928e-05 1.27042e-06 2.45746e-06 1.47727e-05 6.24496e-06 0.180312 4.84373e-07 2.67163e-06 2.04948e-06 6.28446e-06 0.000336992 6.8572e-06 1.48721e-05 6.49739e-07 4.59146e-07 8.25357e-07 2.01861e-07 0.819263 
0.0083995 2.27595e-07 2.84047e-10 2.74199e-07 0.00743779 0.911996 6.85767e-10 0.0228168 0.0167354 8.64721e-07 1.85505e-06 6.16782e-07 0.0311598 0.00113668 1.06921e-06 0.000312786 9.95101e-11 4.09174e-08 
2.20725e-07 0.00572421 0.00588055 0.00611113 0.00766925 0.000482666 8.9449e-06 0.961562 0.0010591 0.000464677 0.000287324 0.00409348 0.00392303 8.17861e-05 3.58848e-06 0.00227859 7.34002e-09 0.000369478 
0.00057786 0.0140847 0.0141935 0.0299212 0.0186083 0.000727401 0.00229812 0.798025 0.000287284 0.000470226 0.00149235 0.00531009 0.0701581 0.000133867 0.000900093 0.000181326 1.16007e-07 0.0426301 
6.60428e-07 0.158603 0.0272789 0.00394539 0.0313785 0.0758168 1.41365e-08 0.150911 0.00459951 1.0786e-08 0.272606 0.0119807 0.200626 0.00187569 0.0592508 0.000263118 2.05131e-09 0.000865152 
6.61091e-07 0.0360554 0.000661041 0.000551178 0.116147 0.635949 2.08995e-06 0.0713691 0.000697576 0.0430547 0.000281875 0.0781714 2.80338e-05 8.49078e-05 0.0138399 8.72864e-07 3.03268e-07 0.0031059 
0.0083995 2.27595e-07 2.84047e-10 2.74199e-07 0.00743779 0.911996 6.85767e-10 0.0228168 0.0167354 8.64721e-07 1.85505e-06 6.16782e-07 0.0311598 0.00113668 1.06921e-06 0.000312786 9.95101e-11 4.09174e-08 
0.0158473 0.0584255 0.00838381 0.182085 0.00797324 0.000754288 0.000588347 0.628936 3.38251e-05 0.00045769 0.00275335 0.0268189 0.0353255 0.00229557 0.0204607 0.00310273 9.55087e-06 0.00574799 
0.0380845 0.0014313 0.000435561 0.0387635 0.0205546 0.0247413 0.000860195 0.0461081 0.00108325 0.000344931 0.00321014 0.124567 0.0519862 0.000408813 0.0101523 0.000951458 6.78715e-06 0.63631 
0.000914962 0.001184 7.66835e-05 0.0244773 0.00862845 0.320325 8.75561e-05 0.00421334 0.000395455 8.97232e-06 0.00017124 0.0190033 0.0282832 1.99899e-06 0.00300311 4.95117e-06 8.94131e-07 0.589219 
0.00100669 0.00217821 0.0121992 0.0445565 0.0230319 0.00946276 0.000168362 0.00392867 5.86382e-05 0.000251349 7.91733e-05 0.222276 0.0270949 0.11172 0.0400585 5.40629e-05 1.70913e-05 0.501859 
0.0677237 0.0157046 0.000351762 0.0191087 0.0217745 0.38607 4.89229e-05 0.0211079 0.0989225 0.000397109 0.000161117 0.140414 0.0786943 0.00834488 0.0257079 0.0645704 1.16701e-05 0.0508864 
0.000191432 0.00496425 0.0113524 0.018684 0.0303375 0.8333 0.00319646 0.0132323 0.0416932 2.67165e-05 0.000626607 0.00634914 0.00790192 1.25376e-05 0.00413345 0.000186009 4.82721e-06 0.023807 
1.62902e-09 0.000795682 1.10237e-05 0.180198 0.0187887 0.784436 5.14992e-09 0.00204059 3.78576e-09 2.37255e-06 2.59804e-09 0.00585027 0.00787575 1.47188e-09 1.93692e-06 4.6484e-07 7.47293e-10 8.57889e-10 
1.29878e-05 0.0178728 0.000799848 3.12354e-05 0.0320851 0.650884 4.65283e-08 0.0215945 0.0222438 6.08017e-05 0.0102665 0.0666618 0.128451 0.000245779 0.0475584 8.76467e-06 6.75161e-09 0.0012225 
0.0083995 2.27595e-07 2.84047e-10 2.74199e-07 0.00743779 0.911996 6.85767e-10 0.0228168 0.0167354 8.64721e-07 1.85505e-06 6.16782e-07 0.0311598 0.00113668 1.06921e-06 0.000312786 9.95101e-11 4.09174e-08 
0.0001029 3.75378e-07 0.01255 0.0722182 0.0181065 0.00116109 1.28081e-07 0.445206 1.50605e-07 8.20353e-07 0.0086646 0.0255128 0.412524 3.93967e-08 0.00326031 6.3896e-08 1.36959e-11 0.000692217 
0.083239 5.30261e-07 4.45723e-07 0.146375 0.0694045 0.0326867 7.28407e-10 0.263775 0.189287 4.75582e-07 3.67467e-10 0.134485 0.0807213 2.48278e-05 8.31909e-08 6.16434e-07 1.05697e-10 6.12966e-07 
4.83256e-05 0.0565085 6.97512e-07 3.28233e-06 0.396964 0.244775 2.20194e-06 0.153594 0.00223383 1.30239e-05 2.19628e-06 1.58784e-06 0.0735744 0.00340727 0.0617634 0.000123715 1.24275e-07 0.00698402 
0.0606643 0.0079496 0.000521278 0.0440173 0.245156 0.0341848 0.001224 0.0417256 0.0184738 0.00237725 0.035897 0.158218 0.234432 0.0179379 0.0670411 0.00812755 0.000485149 0.0215675 
2.59589e-06 3.09005e-07 0.0065937 2.05289e-06 0.450073 0.0724435 9.55352e-11 0.011802 6.67247e-07 0.00230372 4.81957e-11 0.0951921 0.228541 0.00301992 0.0562077 2.12585e-07 1.38629e-11 0.073818 
0.000817982 0.00284601 0.000940092 0.0175484 0.000144356 0.000777485 3.8496e-06 0.0297705 0.000628063 4.29103e-06 0.0274402 0.910123 0.00285839 9.99433e-05 0.000391556 0.00475838 3.16648e-06 0.000844562 
5.09346e-05 0.00462926 0.0015603 0.00262355 0.00518856 0.000422149 9.5298e-06 0.849657 0.00020804 3.18511e-05 0.00016346 0.0435383 0.0808316 3.12195e-06 0.00899848 0.000641181 1.97569e-06 0.00144075 
2.79928e-05 1.27042e-06 2.45746e-06 1.47727e-05 6.24496e-06 0.180312 4.84373e-07 2.67163e-06 2.04948e-06 6.28446e-06 0.000336992 6.8572e-06 1.48721e-05 6.49739e-07 4.59146e-07 8.25357e-07 2.01861e-07 0.819263 
9.37388e-06 0.00445043 0.000627883 0.019755 0.0106983 0.19111 1.9712e-05 0.000494486 0.000509065 2.10263e-06 6.18743e-07 0.0250452 0.133305 0.00143412 0.00111182 2.75906e-07 6.72178e-08 0.611426 
0.000174078 0.000367093 2.18376e-05 0.823864 0.00246053 7.07021e-05 7.65303e-06 0.0526087 5.90551e-08 0.00079691 0.000126755 0.00104827 0.106541 0.000589656 0.00824752 0.000199292 1.16572e-08 0.00287505 
5.58342e-10 0.00248796 7.31119e-10 9.44276e-07 0.0791261 0.829894 1.76512e-09 5.43807e-08 6.23529e-05 1.34677e-09 8.90469e-10 6.752e-07 0.00177794 0.000865589 0.0857841 2.91631e-07 2.56133e-10 9.88768e-08 
1.26984e-06 0.758125 5.31324e-05 0.0451801 0.000249473 0.000933573 4.01442e-06 0.00145246 2.83252e-05 0.00296216 0.00026642 0.0014409 0.000294441 0.0598345 0.0548745 0.07429 5.82524e-07 8.71873e-06 
8.77954e-07 0.036117 0.0042558 2.97627e-07 0.0473413 0.401954 3.05263e-05 0.0150691 0.0849926 0.000881774 0.0944733 0.078691 0.12696 0.00769405 0.0870234 0.000155635 1.03255e-08 0.0143592 
0.0201077 6.84982e-08 5.58452e-08 1.34667e-07 0.0567193 0.101751 2.43448e-05 0.146356 0.00272572 7.86483e-09 3.9533e-07 0.505132 2.22448e-07 0.000935341 1.96726e-07 0.0667256 4.3487e-09 0.0995218 
0.0037807 0.00367686 0.0302498 0.013712 0.025858 0.0038067 5.73342e-08 0.786103 1.08911e-06 4.37454e-08 0.00013812 0.0017839 0.0565981 0.000182805 0.064406 1.09033e-08 8.31962e-09 0.00970315 
7.49889e-06 0.00597018 4.47526e-06 0.0016016 0.162907 0.000277984 3.76075e-06 0.227535 0.000222479 0.0279891 0.0343961 0.00194225 0.201597 7.45115e-07 0.0685771 4.45659e-06 1.74923e-07 0.266963 
7.24206e-05 1.65678e-09 0.0162416 0.00207501 0.572739 0.198489 5.27647e-09 0.0389376 6.09548e-06 4.02589e-09 2.66188e-09 0.00808471 4.09743e-06 9.50518e-05 0.136418 1.00344e-09 7.65656e-10 0.0268375 
0.000682251 0.00368587 0.00323205 0.00218059 0.0242014 0.875415 0.000618473 0.00187325 0.00843988 0.000274832 6.90366e-05 0.00497633 0.00669502 0.00300159 0.0427979 0.000726002 5.97847e-06 0.0211246 
0.00345427 0.00518652 0.000162068 0.00291337 0.00364405 0.00212706 3.6446e-05 0.0122543 0.000452368 2.48142e-05 6.07674e-05 0.00111328 0.0171804 0.736755 0.21165 0.000835815 1.02946e-05 0.00213966 
0.00411682 0.000293488 0.000239082 0.122096 0.0297439 0.712298 5.42408e-05 0.000206598 7.07161e-05 0.000311805 2.12828e-05 0.0110555 0.0381448 0.0137362 0.0318732 2.69769e-05 1.7284e-05 0.0356942 
0.0083995 2.27595e-07 2.84047e-10 2.74199e-07 0.00743779 0.911996 6.85767e-10 0.0228168 0.0167354 8.64721e-07 1.85505e-06 6.16782e-07 0.0311598 0.00113668 1.06921e-06 0.000312786 9.95101e-11 4.09174e-08 
0.0037807 0.00367686 0.0302498 0.013712 0.025858 0.0038067 5.73342e-08 0.786103 1.08911e-06 4.37454e-08 0.00013812 0.0017839 0.0565981 0.000182805 0.064406 1.09033e-08 8.31962e-09 0.00970315 
0.000780542 0.000150389 6.4881e-05 0.00644694 0.000558242 0.000454227 1.54245e-05 0.0112897 0.000732109 1.12141e-06 0.000559914 0.0433439 0.0104964 2.75568e-06 1.88029e-07 0.923505 1.17619e-07 0.00159781 
0.000124983 0.0268832 3.59883e-05 0.00275839 0.000419308 0.00686088 7.12048e-09 0.959777 0.00250528 5.01203e-07 3.59214e-09 0.000627089 3.93564e-08 4.77132e-06 7.68011e-08 2.40443e-07 1.03324e-09 2.05777e-06 
0.092852 0.00261965 0.000456243 0.00261644 0.0331607 0.857182 0.000186698 0.000105476 0.00350673 0.00037424 0.000100508 0.00392287 0.000851811 0.00045159 0.00104144 0.000284082 4.099e-05 0.000246715 
0.0796714 0.048353 0.000392176 0.0218132 0.117144 0.547132 0.00198669 0.0315183 0.00997442 0.00469043 0.0103769 0.0220721 0.0269172 0.0104669 0.0375857 0.000438175 0.000358056 0.0291091 
1.33702e-09 1.13255e-05 1.02192e-05 0.0280049 0.0872111 0.64627 1.16126e-05 7.90993e-06 1.4856e-05 3.225e-09 0.00046772 0.132617 0.0203676 0.00633843 8.26572e-06 8.03817e-10 6.1334e-10 0.0786592 
2.41452e-07 0.000328874 0.00368201 0.0573538 0.011113 0.01695 6.6965e-07 0.0566748 3.95103e-08 4.58285e-08 4.86718e-05 0.0263917 0.51527 0.000300429 0.0231675 9.97186e-08 1.91044e-08 0.288718 
0.0172843 0.0105851 0.0160414 0.0610913 0.0193881 0.0104687 0.002748 0.544343 0.00661629 0.0015513 0.0142948 0.062493 0.158116 0.00179778 0.0197109 0.0113317 0.00071339 0.0414254 
0.0611975 0.00414559 0.0378656 0.0080775 0.0559549 0.337256 4.2069e-05 0.214487 0.00134151 0.000472091 0.0194064 0.101721 0.13333 0.000866205 0.0157032 0.00430403 3.37142e-05 0.00379523 
2.89791e-06 0.000150943 0.736281 0.00738636 0.0142111 0.0260413 3.43362e-05 0.0979597 0.00222733 5.01681e-07 8.18158e-05 0.0751755 3.24442e-05 2.39574e-05 0.0380834 0.00168804 9.54113e-08 0.000619306 
2.49602e-06 1.62486e-05 0.0443859 0.0799754 0.0766211 0.402606 5.71004e-10 0.0149827 0.00563999 5.99033e-07 0.0012049 0.277392 0.0364519 5.49054e-06 0.0439972 1.08589e-10 8.2857e-11 0.0167173 
1.69756e-06 3.58453e-10 4.72851e-10 0.000174637 0.604699 0.377647 1.14159e-09 1.3777e-05 0.0022686 8.88531e-06 5.7591e-10 1.04769e-05 2.06013e-05 1.9906e-06 0.0150389 1.78043e-06 1.65654e-10 0.000112524 
0.0393761 0.0193559 0.00864733 0.0182955 0.0451946 0.636624 0.00208138 0.00289751 0.00165052 0.00257755 0.0022416 0.0363541 0.083253 0.0120262 0.0362618 0.0225801 0.00107307 0.02951 
0.12638 0.0178394 0.00171165 0.029882 0.0379504 0.045444 2.97744e-05 0.226088 0.0476935 4.40593e-08 0.00330736 0.305613 0.0968576 0.000659717 0.00516894 0.0546871 6.72455e-09 0.000687867 
0.000410003 0.819987 0.000190426 0.00163291 0.00157389 0.00398783 8.90956e-08 0.0192554 1.17633e-07 0.000854842 1.33651e-05 0.0961064 0.00101346 0.00481621 0.0486829 1.90158e-06 6.37619e-11 0.00147361 
4.3831e-07 0.000172981 3.21355e-06 0.00453711 2.30502e-07 4.78737e-07 0.000233944 0.962505 3.55748e-10 2.26265e-05 1.30791e-06 0.0314508 5.76192e-05 1.19678e-07 1.36303e-05 9.20315e-11 7.02232e-11 0.0010006 
8.1287e-05 0.0100642 0.570462 0.00705627 0.0258851 1.1145e-05 3.91626e-06 0.0938128 2.10182e-06 1.57663e-06 0.0760181 0.115191 0.0476652 0.000685817 0.024525 4.44346e-05 1.03612e-06 0.0284885 
0.00100762 0.00671537 0.000340603 0.576761 0.0796217 0.0780664 1.5753e-05 0.131728 6.26442e-05 0.00168667 0.000286196 0.0256436 7.51909e-05 0.045447 0.0466414 0.000311892 4.59186e-08 0.00558941 
0.160428 2.76917e-08 0.00133452 0.056836 0.569822 0.00871097 1.6817e-05 0.099035 0.00349182 0.000117265 4.4491e-08 0.0382225 0.00171741 0.000724445 0.00743374 1.86196e-06 1.27973e-08 0.0521083 
0.0107602 0.000163319 1.33326e-05 0.00029819 1.57896e-05 0.536712 0.00010393 0.00357159 0.229406 0.00612758 2.29347e-06 1.77969e-05 0.0592181 0.000256935 0.144284 0.00328805 1.01313e-06 0.00575981 
1.10127e-06 8.59528e-07 0.000189516 0.81234 0.0777946 0.0216234 1.26157e-06 0.0205942 0.000391991 0.00011088 4.02528e-05 0.00527843 0.0305312 9.46714e-05 0.000532169 1.96131e-05 2.69445e-07 0.0304558 
0.245516 0.000327652 2.41646e-05 0.000608827 0.00429469 0.0113806 4.14259e-05 0.173093 0.00427764 0.000499336 0.000760539 0.0075436 0.00595313 0.146949 0.0314074 0.366175 1.19749e-06 0.00114686 
0.011216 0.00786297 0.00177036 0.168667 0.0150956 0.0125856 0.000205504 0.496381 0.00015167 0.000384441 0.00377621 0.162944 0.080248 7.55048e-05 0.00814606 0.009552 2.09928e-05 0.0209165 
8.30688e-10 3.21341e-06 9.95215e-06 0.0658155 0.0770811 0.574778 0.00722487 1.90674e-06 0.000566582 2.78202e-06 2.45214e-06 0.0719526 0.140709 7.5056e-10 8.57389e-07 4.99412e-10 3.81068e-10 0.0618509 
0.020885 0.0414271 0.00252673 0.160276 0.0233455 0.00568588 0.00232254 0.00937454 0.000472539 0.000505185 0.00224257 0.0204371 0.597423 0.0147627 0.0562783 0.0343091 0.000204118 0.00752105 
0.00591354 0.35941 0.0423261 0.125582 0.0141233 0.00537114 5.46392e-05 0.00926292 0.000106149 0.11841 6.93004e-05 0.0499576 0.100477 0.000309806 0.0176266 1.42777e-05 6.87373e-06 0.150979 
0.0363226 0.000737101 0.000982115 0.00517925 0.0142752 0.83991 2.88167e-05 0.00119565 0.00953175 0.000381946 0.000624072 0.00384751 0.0563733 0.00177919 0.00200485 0.0030592 5.32286e-06 0.0237621 
0.000359728 0.000492802 0.00017027 0.0224224 0.000522665 0.0722355 1.20638e-06 2.54768e-05 0.00021678 8.71055e-05 0.000184588 0.000598849 0.000154561 0.0512185 0.851035 2.29419e-07 1.75055e-07 0.000274388 
0.000207245 0.00212557 0.00243637 0.000783077 0.0541014 0.819745 4.07406e-06 0.000236632 0.0953987 0.000242254 0.00945576 0.00117465 0.000908071 0.000354975 0.0114298 0.000329079 8.09487e-07 0.00106662 
0.0097126 0.00219412 0.00097794 0.00898862 0.00699495 5.43649e-05 2.837e-06 0.0339574 0.000228607 1.53356e-05 8.47104e-05 0.000467496 0.0386183 8.10835e-07 3.45302e-05 5.39518e-07 4.11671e-07 0.897666 
0.00517384 0.00527257 0.0146297 0.00689089 0.040837 0.831039 0.000942267 0.0104823 0.000863672 0.00279862 0.0203445 0.00590035 0.00598282 0.000779769 0.0228975 0.00103955 0.000275317 0.0238502 
0.0370828 0.000258962 9.16229e-05 0.0177385 0.0017171 0.00574149 0.0246715 0.435434 0.000852802 0.000162402 0.00209638 0.410337 0.0115126 0.00153196 0.000922692 0.0271855 2.22746e-05 0.0226403 
0.0336399 0.00176977 4.03605e-05 0.519878 0.38912 0.021943 0.00093244 0.00815962 1.6307e-05 0.000240561 2.65698e-06 0.0026704 0.00372379 0.000790576 0.0156991 2.01106e-05 1.33439e-07 0.00135316 
0.083239 5.30261e-07 4.45723e-07 0.146375 0.0694045 0.0326867 7.28407e-10 0.263775 0.189287 4.75582e-07 3.67467e-10 0.134485 0.0807213 2.48278e-05 8.31909e-08 6.16434e-07 1.05697e-10 6.12966e-07 
0.000480181 0.000544904 0.0163762 0.0164849 0.0553605 0.465471 0.000108448 0.0727929 0.0070489 2.08783e-06 0.00233146 0.114092 0.163475 8.0792e-10 0.000917623 0.000160869 4.10191e-10 0.0843537 
0.0150468 0.088525 0.00170306 0.0521922 0.0110316 0.37793 0.000923699 0.0554765 0.0219102 0.000698242 0.00835623 0.246342 0.0574961 0.00364652 0.0263658 0.0177123 0.000185375 0.0144584 
0.000995769 0.0038836 0.0177558 0.0540251 0.0147861 0.0250199 8.56777e-05 0.0222715 0.0250592 0.000501943 0.0281143 0.0254369 0.0214127 0.524782 0.0208887 0.000992121 3.69077e-05 0.213952 
0.0114014 0.00621372 0.00195463 0.0450207 0.0887981 0.00844593 8.11433e-05 0.18531 7.31317e-05 7.30282e-06 0.00140861 0.0947853 0.374655 4.34e-05 0.00124011 0.000535493 4.65672e-07 0.180025 
0.0677237 0.0157046 0.000351762 0.0191087 0.0217745 0.38607 4.89229e-05 0.0211079 0.0989225 0.000397109 0.000161117 0.140414 0.0786943 0.00834488 0.0257079 0.0645704 1.16701e-05 0.0508864 
0.083239 5.30261e-07 4.45723e-07 0.146375 0.0694045 0.0326867 7.28407e-10 0.263775 0.189287 4.75582e-07 3.67467e-10 0.134485 0.0807213 2.48278e-05 8.31909e-08 6.16434e-07 1.05697e-10 6.12966e-07 
0.00596093 2.06313e-05 0.0201138 1.14133e-05 0.0575582 0.0144308 1.91e-09 0.286109 0.000218193 3.93621e-06 9.38515e-05 2.21199e-05 1.62235e-05 5.45893e-10 0.265354 3.63229e-10 2.77156e-10 0.350088 
0.000171826 0.00101852 5.49292e-10 0.522563 0.267228 0.022862 1.32614e-09 0.155286 9.74859e-10 1.01183e-09 6.69012e-10 0.00316224 0.0246454 3.7902e-10 0.00306177 2.52195e-10 1.92433e-10 1.59884e-06 
0.000869635 0.368054 0.026229 0.0095486 0.0530171 0.11402 0.000112321 0.00731278 0.00426644 0.00794163 0.00457039 0.330394 0.00483375 0.00520495 0.0552175 0.000620312 2.7388e-05 0.00776043 
0.00444404 0.0664819 0.0114778 0.0187299 0.0522451 0.0465373 1.84737e-05 0.296511 0.0579383 0.00792633 0.00412599 0.179065 0.16687 0.00546731 0.0187972 0.047398 8.11387e-06 0.0159583 
0.0602613 0.00940284 0.00302853 0.0342629 0.136368 0.0212566 7.71411e-05 0.0870977 0.00148669 0.00023797 0.138248 0.156166 0.0347021 0.248219 0.0659148 0.000113624 3.85643e-06 0.00315163 
0.00177377 0.00076698 8.4699e-05 0.0315132 0.015634 0.539254 4.61609e-06 0.0127224 5.51573e-05 4.03232e-06 0.0183325 0.231647 0.0645073 4.04948e-06 0.00275365 0.0742183 3.01958e-07 0.00672391 
0.00156384 0.000165841 6.30942e-05 0.00189471 0.000895418 0.138264 0.00165148 0.00468053 9.67326e-05 3.45723e-05 0.000401276 0.0278603 0.00195096 5.68424e-05 0.000255491 0.817605 3.06241e-05 0.00252892 
2.11533e-05 0.000764434 2.56449e-05 0.000674596 4.90497e-05 0.0025948 0.0114033 0.868544 7.31067e-05 7.97592e-05 0.0521111 0.0464617 0.0121649 8.52397e-05 0.000743356 0.00292672 7.96409e-06 0.00126943 
4.77107e-08 3.70989e-07 0.349294 0.300004 1.74237e-06 0.00194701 7.24153e-09 0.227291 1.86884e-05 5.81206e-06 0.00241308 0.0600604 0.0106254 0.0289129 0.000321495 1.37714e-09 1.0508e-09 0.0191038 
0.0294223 0.000806484 0.059202 0.000126114 0.0037378 0.173782 0.00161656 0.00724687 0.0807302 0.000396077 6.42748e-07 0.00962313 0.000582575 0.00108372 0.0624435 0.567881 1.33608e-07 0.00131981 
0.00156384 0.000165841 6.30942e-05 0.00189471 0.000895418 0.138264 0.00165148 0.00468053 9.67326e-05 3.45723e-05 0.000401276 0.0278603 0.00195096 5.68424e-05 0.000255491 0.817605 3.06241e-05 0.00252892 
0.000390821 0.131734 0.00370387 0.00552353 0.709606 0.0468236 0.000263765 0.023492 0.0012326 5.89523e-05 0.0135214 0.0186687 0.00537203 5.40022e-07 0.0396081 2.06154e-07 1.0213e-07 6.53177e-07 
0.000249302 0.00437213 6.06111e-05 0.0048228 0.0439411 0.839317 3.61757e-06 0.0241656 0.00836718 0.000796972 0.000482486 0.00124059 0.0410409 0.00443808 0.0250566 9.01737e-09 6.88056e-09 0.00164552 
