0.000182764 8.87631e-05 6.3686e-08 6.2951e-05 7.71354e-05 0.990737 0.000714559 9.44244e-05 1.65525e-05 2.72635e-05 7.75667e-08 0.00132984 7.25376e-05 3.29424e-05 2.06084e-05 1.93477e-05 2.23111e-08 0.00652272 
0.17569 0.0351487 0.00114574 0.0347089 0.0309975 0.198366 0.00219479 0.0193193 0.0168097 0.000105338 0.00952199 0.0898183 0.036094 0.00985781 0.0798253 0.23741 4.12966e-05 0.0229455 
1.44763e-07 1.69514e-06 6.31656e-11 2.96838e-07 5.59336e-08 2.87722e-07 1.52499e-10 0.0113797 1.12104e-10 1.07058e-06 7.69328e-11 2.34939e-07 2.08228e-07 0.00283844 0.985778 2.92911e-09 2.21288e-11 2.54038e-11 
0.00576473 5.88751e-05 6.8949e-05 0.044004 0.213603 0.0137112 1.03021e-06 0.00148216 0.000309005 6.5601e-05 5.80131e-07 0.0688316 0.614709 0.000469679 0.0037917 5.36233e-05 5.43363e-07 0.0330749 
2.32991e-09 0.163114 2.01831e-06 0.00912428 0.185377 0.531494 7.11831e-06 0.0352731 0.0246022 5.61996e-09 4.81831e-06 2.44396e-06 0.0379722 2.10517e-09 0.00493564 1.02127e-06 1.06882e-09 0.00809039 
0.000392231 0.00066148 0.000133625 0.0810141 0.014707 0.526338 0.0069946 0.000453629 0.000319449 0.000118127 0.00521392 0.00134917 0.179548 0.000554144 0.00315838 0.00017334 0.000101781 0.17877 
5.4549e-09 5.41481e-09 7.1429e-09 3.87697e-05 0.000461159 0.451817 1.72449e-08 0.411801 7.61883e-06 0.000303956 9.5784e-06 0.135414 1.13569e-06 3.30274e-05 5.71224e-05 4.92253e-06 2.50237e-09 5.11372e-05 
0.162551 0.0649127 0.000613537 0.0212127 0.0227445 0.0520846 0.000403332 0.0743141 0.0251792 0.000940434 0.032432 0.0624597 0.194091 0.00520358 0.015855 0.165214 0.000172325 0.0996158 
5.40633e-06 7.11658e-07 0.016386 0.227851 0.0309866 0.00955568 6.47377e-10 0.00978741 3.95039e-06 7.90801e-07 3.26589e-10 1.30148e-06 0.18703 0.209534 0.0251937 1.72481e-07 9.39394e-11 0.283663 
0.0444867 0.000625576 0.00920439 0.0139293 0.0216924 0.673382 0.0218285 0.0192337 0.00214531 0.000169876 0.00157156 0.0947584 0.0522627 0.00308657 0.00364489 0.00122177 0.000138077 0.0366182 
2.73832e-10 0.00060912 0.0550737 0.00342094 0.00460043 0.000845442 0.00173458 0.870968 6.36373e-10 0.000166121 0.000464108 0.0536841 0.00287603 2.34202e-07 0.00555547 4.57855e-07 1.25617e-10 1.41097e-06 
0.0092334 0.0001112 4.23327e-05 0.178389 0.382701 0.122751 3.02219e-07 0.000729726 0.00223529 0.000127962 1.70188e-07 0.0154156 0.249074 0.000933588 0.00399002 6.49333e-05 1.59417e-07 0.0342009 
0.00030028 0.000215444 0.129633 0.00785466 0.0683481 0.11753 0.249649 0.035272 0.00146155 0.0042594 2.82391e-05 0.062131 0.0330645 0.000137144 0.037427 0.131661 1.44735e-05 0.121013 
0.083239 5.30261e-07 4.45723e-07 0.146375 0.0694045 0.0326867 7.28407e-10 0.263775 0.189287 4.75582e-07 3.67467e-10 0.134485 0.0807213 2.48278e-05 8.31909e-08 6.16434e-07 1.05697e-10 6.12966e-07 
1.20109e-05 0.00762748 0.0010955 0.00433462 0.00451564 0.000604116 2.85891e-07 0.950226 0.00278903 0.00046494 0.000244494 0.0192678 0.00349831 2.60922e-05 0.000158466 0.00476089 1.64884e-07 0.000374072 
0.105113 0.0155275 0.00220076 0.266274 0.00326746 0.00251361 7.72903e-05 0.0669517 0.00018309 0.000215827 0.0008643 0.340504 0.161391 0.000464448 0.0225336 0.00526496 3.86562e-05 0.00661485 
0.0120855 0.0270821 0.0228235 0.0129211 0.0400502 0.579608 0.00319007 0.0111425 0.0194042 0.000255133 0.00414931 0.0380954 0.0176519 0.0183226 0.00557609 0.000373721 2.42574e-05 0.187245 
7.40122e-05 0.00251678 0.00313656 7.03602e-05 0.0570684 0.00206373 1.36391e-06 0.0158863 6.18801e-06 1.79885e-05 1.89918e-05 0.0203035 0.0495496 0.00960334 0.00714831 3.55804e-05 1.97914e-07 0.832499 
0.00180961 0.000254624 5.18791e-05 1.13376e-07 0.00121043 0.000301505 1.64453e-05 0.000575098 1.12802e-05 6.22936e-05 1.5201e-07 0.960132 4.48254e-08 0.0233021 0.00945213 6.46767e-07 4.15796e-08 0.00281913 
0.0252372 0.00920378 0.00384012 0.00650349 0.0689037 0.511365 0.0221229 0.010848 0.00379601 0.00512907 0.00252841 0.0586812 0.0292386 0.0127335 0.172375 0.00483909 0.000985033 0.0516699 
1.3346e-06 0.000119887 0.128062 0.0285666 0.00244369 0.42178 1.02734e-05 4.99762e-05 0.0110168 0.0346249 0.0264275 0.049401 0.0167338 1.78782e-05 4.4343e-05 2.35115e-05 3.22795e-07 0.280677 
0.0190675 0.00360194 0.125227 0.193131 0.0133848 0.0162297 4.88727e-05 0.331225 0.000114392 0.000519898 0.00808687 0.024994 0.132129 0.000955736 0.00627623 6.49232e-05 1.70939e-05 0.124926 
0.00753081 0.0027481 0.000988894 0.0792132 0.0123918 0.0445418 0.00101674 0.0702192 0.0162373 0.000702932 0.00973951 0.651399 0.0750094 0.000355713 0.0124855 0.0123411 6.5005e-05 0.00301431 
0.0562227 0.0158646 0.000379166 0.0100888 0.0670577 0.199062 0.000306692 0.0344618 0.0288905 8.89978e-05 0.0510363 0.168815 0.0224118 0.0409223 0.0234177 0.279689 4.20986e-05 0.00124385 
0.221275 0.0130767 0.00150776 0.0399253 0.042053 0.0402234 0.000460965 0.0141431 0.0583063 8.48641e-05 0.000172979 0.232403 0.0841912 0.00470968 0.0314221 0.188112 3.93712e-05 0.0278932 
1.44495e-09 0.0107039 1.89208e-09 0.667031 0.0472093 0.0983801 4.568e-09 0.0306039 0.000169901 4.01436e-06 9.81452e-06 0.00147236 0.14313 0.000136622 0.00114385 8.68706e-10 6.62852e-10 5.48842e-06 
0.000116594 0.0277533 0.0308908 0.106652 0.0129152 0.310321 7.90031e-06 0.34674 4.31139e-05 6.39988e-06 0.00377809 0.0666887 0.0864561 4.07972e-06 0.00698993 0.000606889 1.77565e-06 2.77601e-05 
2.05789e-06 0.263109 0.000466601 0.0035277 0.0543159 0.0154284 1.24315e-05 0.0983702 0.432819 0.00193609 0.000396151 0.00327872 0.0365962 9.67659e-07 0.0531632 9.70224e-06 2.76429e-07 0.0365675 
0.083239 5.30261e-07 4.45723e-07 0.146375 0.0694045 0.0326867 7.28407e-10 0.263775 0.189287 4.75582e-07 3.67467e-10 0.134485 0.0807213 2.48278e-05 8.31909e-08 6.16434e-07 1.05697e-10 6.12966e-07 
0.000382794 0.000146417 5.27753e-07 0.000551808 0.0132746 0.975436 1.05437e-05 1.46773e-06 0.00164521 0.000189537 0.000108394 0.000715124 9.04768e-05 0.000694498 0.00661527 0.000129303 3.57333e-07 7.55969e-06 
0.000780542 0.000150389 6.4881e-05 0.00644694 0.000558242 0.000454227 1.54245e-05 0.0112897 0.000732109 1.12141e-06 0.000559914 0.0433439 0.0104964 2.75568e-06 1.88029e-07 0.923505 1.17619e-07 0.00159781 
0.00559412 2.53935e-06 9.55476e-10 0.0197185 1.59502e-06 0.64494 2.5775e-06 0.0389388 1.18851e-05 0.122563 2.55932e-06 0.149429 0.0143574 9.42067e-07 0.00443152 4.38685e-10 3.34731e-10 4.84891e-06 
1.10127e-06 8.59528e-07 0.000189516 0.81234 0.0777946 0.0216234 1.26157e-06 0.0205942 0.000391991 0.00011088 4.02528e-05 0.00527843 0.0305312 9.46714e-05 0.000532169 1.96131e-05 2.69445e-07 0.0304558 
6.99283e-11 0.0649515 3.04012e-06 0.353011 0.0141483 4.90642e-11 2.21069e-10 0.287456 1.6251e-10 1.68673e-10 1.10421e-06 0.0114553 0.229303 9.35168e-07 3.91135e-06 2.11719e-05 3.20788e-11 0.0396442 
4.801e-10 0.0460683 6.28665e-10 0.0540478 0.0124651 0.098658 1.51777e-09 0.275305 0.0912381 4.85829e-06 0.0310086 0.0649752 0.32132 0.00017965 0.00202799 3.48959e-07 2.2024e-10 0.00270042 
0.0281554 0.000306757 0.000118592 0.000692934 0.0722072 0.751513 3.11891e-05 0.00701796 0.0128891 0.000230492 0.0159589 0.0225896 0.0614443 0.00012215 0.0246326 0.000170821 2.85062e-05 0.00189042 
0.000192283 0.0102468 4.50621e-05 8.81384e-05 0.171787 0.0164518 4.98851e-06 0.0517834 0.352427 0.000276209 0.00512485 0.0147303 0.369291 6.63513e-05 0.00738885 5.59357e-05 2.87269e-07 3.94248e-05 
0.000708987 0.00658552 0.00450905 0.0215518 0.140495 0.49444 0.213393 0.0175801 0.00415183 0.000573306 0.00167238 0.0206272 0.0123064 0.0105992 0.0128917 0.000332255 4.2531e-06 0.037579 
0.0118951 0.00838288 0.0183433 0.0504207 0.111365 0.254206 0.00554055 0.0836879 0.00392485 0.00100472 0.00843698 0.156696 0.111363 0.000881501 0.0293359 0.00144915 0.000582166 0.142484 
4.06238e-07 7.75339e-11 0.995528 1.12707e-06 1.40073e-06 0.00276287 3.70638e-07 9.56653e-07 0.000436264 2.37406e-06 1.2457e-10 0.00112223 9.13975e-07 7.05736e-11 0.000142657 4.69586e-11 3.5831e-11 4.11339e-11 
0.00109565 0.00271568 7.63524e-08 0.00765687 0.348144 0.598797 4.06422e-05 0.00557495 1.35507e-07 0.000374431 6.92441e-05 7.72196e-05 0.0315333 0.000303459 0.00354057 3.17647e-07 2.67485e-08 7.62041e-05 
0.000760958 0.000905323 0.000554441 0.000548659 0.00532108 0.0249961 2.07722e-06 0.786448 0.000939489 0.0176642 0.000917831 0.133904 0.00367353 1.08166e-05 0.00842618 9.97852e-05 1.46053e-07 0.0148282 
0.0314901 0.00903234 0.0029584 0.00435772 0.0633098 0.278006 5.05166e-07 0.0113839 7.88934e-07 0.493896 0.00033537 0.0222488 0.0798964 3.06732e-07 0.0016622 0.00142062 5.57966e-08 8.92585e-07 
0.000780542 0.000150389 6.4881e-05 0.00644694 0.000558242 0.000454227 1.54245e-05 0.0112897 0.000732109 1.12141e-06 0.000559914 0.0433439 0.0104964 2.75568e-06 1.88029e-07 0.923505 1.17619e-07 0.00159781 
1.32346e-07 0.0078952 1.733e-07 0.00144378 8.0725e-08 0.931838 7.62148e-05 0.0477552 3.07565e-07 0.00278208 0.0062474 0.000755495 0.000715256 1.1958e-07 0.000473246 1.68963e-05 6.07121e-08 6.96972e-08 
5.03825e-10 0.358779 6.59733e-10 5.89186e-07 0.0167655 0.0315041 1.59278e-09 5.02119e-06 1.17087e-09 1.21527e-09 8.03524e-10 0.0286973 5.12691e-06 1.75722e-05 0.564225 3.02901e-10 2.31124e-10 2.65329e-10 
0.000638417 0.0459911 0.00181851 0.0482948 0.562393 0.00776277 0.000316675 0.0250683 0.000663508 0.000352458 0.0149871 0.0146486 0.260621 0.000747334 0.00871058 0.00136374 0.000111228 0.0055106 
0.000388813 4.73914e-07 0.00294836 1.15079e-06 0.152052 4.13977e-07 7.11904e-11 0.0737187 5.23328e-11 0.000821732 4.63329e-07 0.267461 0.443026 0.00213438 0.0157161 0.00038035 1.03303e-11 0.0413511 
0.00414822 0.00363618 6.26904e-05 0.0110906 0.01312 0.0144031 0.229845 0.130656 0.0459174 4.34548e-05 0.00132962 0.496297 0.00490695 7.3448e-05 1.58176e-05 0.0345931 3.9538e-06 0.00985787 
3.65591e-06 1.80549e-08 0.000312026 0.000274767 0.000602428 0.996314 5.75007e-08 0.00031676 0.000896155 4.38724e-08 0.000130565 0.000314745 0.000604441 1.64341e-08 0.000175264 1.0935e-08 8.34379e-09 5.4608e-05 
1.06813e-05 0.00784366 1.84592e-05 0.0106081 0.0146677 0.173049 0.000101372 0.479859 1.51221e-05 0.000372205 1.61201e-05 0.00162058 0.0232459 0.000784411 0.0239953 2.37583e-06 3.30858e-07 0.263789 
0.221275 0.0130767 0.00150776 0.0399253 0.042053 0.0402234 0.000460965 0.0141431 0.0583063 8.48641e-05 0.000172979 0.232403 0.0841912 0.00470968 0.0314221 0.188112 3.93712e-05 0.0278932 
0.0693453 0.000499347 0.0047295 0.0242248 0.322963 0.0681434 0.00212947 0.146665 0.00181349 0.00236683 0.000714533 0.140767 0.148692 0.000963078 0.0288022 0.0153492 0.000135694 0.0216965 
2.05478e-05 0.000100258 1.19507e-07 0.0242801 0.189277 0.514633 2.88523e-07 0.0031882 0.154461 0.0025252 0.00657319 0.0297648 0.0540166 0.000206937 0.0209222 3.32192e-06 4.18669e-08 2.72203e-05 
0.00975724 4.62404e-06 0.000360796 0.120551 0.115509 0.00441881 8.60344e-09 0.00359275 3.70692e-08 1.13952e-07 3.35198e-08 0.017103 0.442583 1.17419e-08 0.000628324 8.67165e-05 3.63724e-09 0.285405 
0.00180961 0.000254624 5.18791e-05 1.13376e-07 0.00121043 0.000301505 1.64453e-05 0.000575098 1.12802e-05 6.22936e-05 1.5201e-07 0.960132 4.48254e-08 0.0233021 0.00945213 6.46767e-07 4.15796e-08 0.00281913 
0.167863 0.000637273 0.000292599 0.202771 0.00249035 0.00139455 8.93536e-05 0.243837 2.61476e-05 0.000397624 0.00518031 0.100452 0.134106 1.92032e-05 3.07655e-05 0.0129408 1.12054e-05 0.127461 
0.00180961 0.000254624 5.18791e-05 1.13376e-07 0.00121043 0.000301505 1.64453e-05 0.000575098 1.12802e-05 6.22936e-05 1.5201e-07 0.960132 4.48254e-08 0.0233021 0.00945213 6.46767e-07 4.15796e-08 0.00281913 
0.00596093 2.06313e-05 0.0201138 1.14133e-05 0.0575582 0.0144308 1.91e-09 0.286109 0.000218193 3.93621e-06 9.38515e-05 2.21199e-05 1.62235e-05 5.45893e-10 0.265354 3.63229e-10 2.77156e-10 0.350088 
8.80294e-05 0.149013 0.00173168 0.0995719 0.000681112 0.00133435 9.45536e-05 0.490042 0.000918243 3.21299e-05 0.00577071 0.0128411 0.149779 4.9209e-05 0.0633712 0.0229718 2.12879e-05 0.00168844 
0.0030537 0.00363726 0.0219958 0.00699742 0.243166 0.0571862 0.000151413 0.256495 0.0029093 0.00102837 0.000223109 0.00690882 0.149078 0.00152113 0.00956233 0.00237201 2.06727e-06 0.233712 
0.00299596 0.801255 2.33718e-07 0.0172924 0.023809 0.00510982 8.55793e-08 0.000155574 1.12735e-07 0.000234737 1.07623e-05 0.0157851 0.0151369 1.31024e-06 0.117994 0.000219245 1.24336e-10 1.42737e-10 
6.23658e-06 0.00233076 0.715517 0.0244144 0.0377305 0.0272644 4.67831e-06 0.111521 9.71264e-07 8.76796e-05 7.60119e-05 0.0154772 0.0131428 6.34401e-05 0.00743983 2.99024e-05 9.47167e-07 0.0448927 
0.0083995 2.27595e-07 2.84047e-10 2.74199e-07 0.00743779 0.911996 6.85767e-10 0.0228168 0.0167354 8.64721e-07 1.85505e-06 6.16782e-07 0.0311598 0.00113668 1.06921e-06 0.000312786 9.95101e-11 4.09174e-08 
7.12956e-08 5.36522e-05 0.000966952 0.0424441 0.928049 0.00189899 1.19714e-07 0.00269883 5.92755e-06 2.24831e-06 3.57753e-07 0.00431701 0.0160964 2.63835e-08 7.49464e-05 3.84869e-05 4.00068e-11 0.00335283 
3.34584e-06 0.00296192 0.0239944 0.296386 0.0749566 0.0279107 7.58946e-05 0.117633 6.65693e-07 0.00160462 0.00264022 0.0421177 0.13042 0.00303931 0.127211 0.00141999 3.06094e-07 0.147626 
3.95544e-06 0.00137042 1.06514e-06 0.235621 0.00660307 0.00128805 1.09597e-08 0.629519 1.40979e-05 0.000168546 1.56403e-06 0.103019 0.0156169 1.71701e-07 0.00102107 3.24686e-11 2.47746e-11 0.00575141 
0.00813168 0.00397888 0.0403925 0.0340351 0.0362377 0.138731 0.011001 0.0525162 0.0350655 0.0140701 0.0115252 0.397219 0.131223 0.00874425 0.0196707 0.0142746 0.00257413 0.0406098 
0.00210585 0.0119932 0.00231752 0.0104174 0.0158514 0.0504613 0.00345686 0.116647 0.0411825 0.000100627 0.0102356 0.601269 0.0553113 0.0150044 0.0114132 0.0404368 3.49471e-05 0.0117605 
0.000210851 0.0105012 0.000325161 0.0147672 0.0137948 0.0949804 0.000126451 0.0681256 0.0237688 0.000239284 0.0279757 0.464413 0.206245 0.00142446 0.026791 0.00026554 3.72348e-05 0.0460083 
0.00683188 3.61373e-05 8.61271e-07 1.60053e-05 0.614218 0.189389 2.46376e-08 0.00496773 2.75352e-05 0.0676033 2.93501e-05 0.0348378 0.00828931 0.023291 0.0504413 4.32671e-06 3.5751e-09 1.62613e-05 
0.00542733 0.000220923 0.000447454 0.738791 0.124678 0.00233789 0.0010456 0.0262033 0.0271653 0.00119476 2.5253e-06 0.0251587 0.000377978 0.000830186 0.0147806 9.51951e-07 7.26371e-07 0.0313371 
0.000142738 0.00728384 0.000163828 0.103612 0.00342737 0.000763781 5.68117e-05 0.111757 0.0184568 7.23775e-05 0.607142 0.12701 0.00670254 0.000593487 0.00300167 0.000110971 2.38148e-05 0.00967914 
0.000300356 0.000424925 5.8921e-05 0.00382081 0.955472 0.0110776 1.47376e-07 0.00442866 7.84823e-05 7.12907e-05 7.43481e-08 8.15533e-05 0.000395773 9.0844e-06 0.0233815 1.12196e-06 2.13853e-08 0.000397412 
0.00989559 1.65268e-07 0.0309473 1.13137e-06 0.272321 0.164191 2.76798e-07 0.0500087 0.000274674 0.0008123 1.83903e-07 0.0393416 0.288157 6.88298e-07 0.0641288 2.1344e-07 7.20193e-11 0.079919 
0.00902717 0.000224369 0.10289 0.00329384 0.00113571 0.0418174 6.40303e-05 0.22443 0.000105028 1.43478e-07 0.0196382 0.577812 0.00225495 5.71425e-05 1.0437e-06 0.0136899 2.19212e-08 0.00355866 
8.72072e-05 0.00240651 7.26382e-06 0.00063032 0.00734957 0.00387528 1.75368e-05 0.97662 0.00166893 1.33804e-05 0.000380968 2.36969e-05 0.00142763 8.7013e-06 0.00113255 0.000183783 2.54473e-06 0.00416413 
0.00698456 0.00347002 0.000570267 0.00295777 0.00639895 0.00139145 0.000975671 0.689228 8.96445e-05 1.52143e-10 0.00647389 0.118019 0.148473 0.000249598 0.0145321 0.000163389 2.8935e-11 2.24318e-05 
0.000206577 0.00747204 7.31449e-06 0.0279394 0.0134172 0.236288 7.57037e-05 0.0901909 0.0223622 0.0194455 0.289186 0.0170066 0.0552074 2.20145e-05 0.0849293 0.000113767 6.85383e-06 0.136123 
5.80775e-11 0.00113047 0.00475735 5.54096e-08 0.0116376 0.728932 2.9395e-07 0.00259646 5.41228e-08 1.40088e-10 2.5018e-07 0.0675205 0.127993 0.00327531 0.0223849 2.20008e-07 2.66424e-11 0.0297712 
0.0314901 0.00903234 0.0029584 0.00435772 0.0633098 0.278006 5.05166e-07 0.0113839 7.88934e-07 0.493896 0.00033537 0.0222488 0.0798964 3.06732e-07 0.0016622 0.00142062 5.57966e-08 8.92585e-07 
6.11476e-05 0.00963907 3.10659e-08 0.0624581 4.28237e-05 0.531954 7.50015e-08 0.0347848 0.0376208 0.0212778 0.00024995 0.142656 0.0994729 0.00610558 0.0493663 1.42632e-08 1.08833e-08 0.00431123 
2.16018e-05 2.62361e-08 3.46091e-08 2.12099e-05 0.615676 0.208068 0.000700484 0.0109604 0.000261988 6.37523e-08 4.21523e-08 0.0421169 0.119161 1.80633e-05 0.00226899 5.40301e-05 1.21246e-08 0.000671406 
0.00180093 0.773454 4.25022e-07 0.0103805 0.0142945 0.017835 6.33769e-05 0.00914446 0.00104943 0.00372739 9.28548e-06 0.0725437 0.0247523 2.38009e-06 0.0708098 0.000132546 4.11665e-10 4.7259e-10 
3.7326e-06 5.15972e-05 2.06605e-06 0.0661097 0.12349 0.240923 1.50244e-05 0.206275 8.66969e-06 1.28529e-06 8.60453e-09 0.0289764 0.0982253 4.87479e-09 0.0114285 0.000424489 2.47499e-09 0.224065 
0.00590019 0.0132362 0.00110761 0.00189393 0.00379079 0.00677535 6.21734e-07 0.0072195 0.932509 0.00208774 0.00388962 0.00216016 0.00172512 0.00538437 0.00930619 0.000331181 9.02184e-08 0.00268258 
5.02183e-10 0.0424568 0.00724356 3.48587e-06 0.0450658 0.131718 1.58758e-09 0.29817 1.16705e-09 1.21131e-09 0.0180652 0.324103 0.126818 1.12722e-06 0.0063523 3.01913e-10 2.3037e-10 2.42224e-06 
0.00604142 0.0330616 0.00524079 0.0833469 0.00813715 0.0815187 0.000239267 0.165361 0.207649 0.000929139 0.199073 0.0603317 0.0953461 0.00032583 0.0298981 0.000188577 2.41543e-05 0.0232878 
2.99008e-10 0.00600567 1.95561e-06 0.00460611 0.00328315 0.000113421 9.45272e-10 0.984847 1.54905e-07 5.54822e-07 3.47572e-08 1.26509e-07 0.000620802 2.12116e-07 0.00050128 1.89577e-05 1.37166e-10 1.72549e-07 
0.0298896 0.00664416 0.00732193 0.0597817 0.068453 0.178792 5.13077e-05 0.00555845 0.0579185 0.00188823 0.00328816 0.0111501 0.547373 0.00636778 0.00567431 0.000378097 6.08869e-12 0.00947041 
0.0370828 0.000258962 9.16229e-05 0.0177385 0.0017171 0.00574149 0.0246715 0.435434 0.000852802 0.000162402 0.00209638 0.410337 0.0115126 0.00153196 0.000922692 0.0271855 2.22746e-05 0.0226403 
0.00335287 0.00879537 1.32378e-05 0.0122846 0.157141 0.510911 4.91749e-10 0.0228761 0.00217468 0.0166835 0.000544525 0.0146088 0.115752 0.00530012 0.0410043 0.000127966 7.13566e-11 0.0884301 
0.114866 0.00213202 0.000198779 0.0910286 0.0162089 0.00588446 0.00104696 0.0214354 0.000374147 0.000458385 0.00132578 0.0342305 0.11831 0.000640736 0.00550891 0.488414 0.000189387 0.0977468 
0.0170957 0.0278141 0.0206322 0.0476197 0.0119084 0.00589246 0.000104407 0.250303 0.000208084 0.000236027 0.00109849 0.0835662 0.128313 0.000510965 0.00918126 0.0511789 3.02711e-05 0.344307 
0.00183938 0.000725282 0.000123005 0.000773852 0.123351 0.740212 0.00010907 0.00149703 0.000208869 0.000160014 4.11821e-05 0.0107036 0.0523358 0.0115476 0.038682 0.000290157 2.64745e-05 0.0173737 
0.000382794 0.000146417 5.27753e-07 0.000551808 0.0132746 0.975436 1.05437e-05 1.46773e-06 0.00164521 0.000189537 0.000108394 0.000715124 9.04768e-05 0.000694498 0.00661527 0.000129303 3.57333e-07 7.55969e-06 
0.10178 0.497842 0.000524643 0.125172 0.0190863 0.0173553 0.000566737 0.153045 0.000566295 8.98368e-06 0.000548985 0.00374036 0.0169968 0.00372271 0.0555123 1.00528e-05 5.51644e-06 0.00351526 
6.58373e-08 6.7852e-07 7.08593e-07 2.15753e-06 0.00934561 0.235357 0.646207 0.003103 0.0309078 6.05433e-07 1.73255e-05 0.0235569 0.0078474 6.01607e-05 3.17e-07 0.00103103 1.11333e-08 0.042562 
0.000244799 0.00163899 0.000165583 0.048527 0.00543296 0.0115704 0.000643359 0.0344746 0.000832956 0.000151622 0.00759639 0.66131 0.214062 0.00016483 0.00427605 5.98207e-05 4.43648e-05 0.00880472 
0.000164098 0.0324573 0.00534001 0.0207617 0.00412761 0.00697964 9.90491e-06 0.225895 0.654465 1.90488e-05 0.000575714 0.0281194 0.0051867 3.84263e-06 0.00979865 0.000114867 4.75204e-07 0.00598105 
0.000246406 0.03795 7.48591e-05 0.000229321 0.0481989 0.000143776 0.000107299 0.00509321 3.51057e-06 0.000170442 2.40918e-06 0.715003 0.00700564 0.000142738 0.185311 3.51573e-05 6.92972e-07 0.000281493 
0.000748678 0.00278352 0.0166237 0.0336514 0.0253324 0.255468 0.032962 0.075363 0.0012255 0.00100882 0.0641647 0.0289167 0.0819532 0.000862593 0.0172288 0.00319521 0.000159863 0.358352 
0.00596093 2.06313e-05 0.0201138 1.14133e-05 0.0575582 0.0144308 1.91e-09 0.286109 0.000218193 3.93621e-06 9.38515e-05 2.21199e-05 1.62235e-05 5.45893e-10 0.265354 3.63229e-10 2.77156e-10 0.350088 
3.5942e-05 5.29789e-05 9.3128e-05 0.00274767 0.0097397 0.796121 8.01688e-06 0.0311407 2.61945e-05 2.06648e-05 3.70238e-05 0.00164922 0.0243584 2.62097e-05 0.000164553 4.15143e-05 5.0567e-06 0.133732 
0.0593548 0.0033765 0.00170267 0.0144498 0.117533 0.609528 0.000627231 0.00368304 0.0203983 0.00301394 0.025649 0.109327 0.00669465 0.00185949 0.0135517 0.00293028 0.000551394 0.00576868 
6.22193e-05 0.00158407 2.04829e-05 2.14309e-05 0.00339853 0.924622 8.12626e-05 0.0030248 0.00017317 0.00145447 0.0289142 0.0121353 0.0187706 0.000309193 0.000727669 2.47997e-06 5.33837e-09 0.00469846 
9.97072e-06 4.54857e-06 4.33894e-09 1.78558e-05 0.466622 0.376094 1.04754e-08 4.73781e-06 1.5999e-05 7.99261e-09 5.28463e-09 0.0698885 0.0156337 3.84092e-06 0.0124201 9.14545e-07 1.52006e-09 0.059284 
3.69311e-10 0.0541578 0.302009 0.306906 0.000485124 0.0120938 8.12207e-08 0.144536 1.31484e-06 2.35006e-06 3.26339e-06 0.159759 0.00130298 0.00347617 0.00252325 1.1212e-05 1.69417e-10 0.0127329 
0.000401857 0.05645 0.000393372 0.00583337 0.00301159 0.0432383 2.782e-05 0.553944 0.00466061 0.000716754 0.00293336 0.214266 0.082467 0.0012634 0.00499545 0.000448231 1.71214e-05 0.024932 
2.51976e-09 0.000590896 4.37495e-07 5.09775e-07 0.0010505 0.0945 2.08182e-05 0.0107596 0.0129853 0.00518758 0.817126 0.0521168 0.00455627 3.44569e-06 0.00110005 9.67318e-07 1.15591e-09 1.00663e-06 
0.0334406 0.00700673 2.14132e-07 0.347616 0.000814255 0.00153485 5.16974e-07 0.601098 3.80033e-07 0.000436749 2.60804e-07 0.00145368 0.00422111 2.25749e-05 0.00235004 2.9049e-06 7.50169e-08 1.34808e-06 
0.0083995 2.27595e-07 2.84047e-10 2.74199e-07 0.00743779 0.911996 6.85767e-10 0.0228168 0.0167354 8.64721e-07 1.85505e-06 6.16782e-07 0.0311598 0.00113668 1.06921e-06 0.000312786 9.95101e-11 4.09174e-08 
6.91674e-05 0.0038581 0.00192117 0.0222905 0.0114096 0.633627 3.14662e-06 0.0562127 0.0788134 0.0088896 0.000628442 0.0320552 0.0227832 0.0131242 0.0944282 1.41527e-06 2.83543e-07 0.0198843 
0.000817982 0.00284601 0.000940092 0.0175484 0.000144356 0.000777485 3.8496e-06 0.0297705 0.000628063 4.29103e-06 0.0274402 0.910123 0.00285839 9.99433e-05 0.000391556 0.00475838 3.16648e-06 0.000844562 
0.000266517 0.0164256 0.000181238 0.0603348 0.104039 0.0177001 9.53542e-08 0.180384 8.94186e-06 7.1604e-05 0.00503215 0.0111194 0.444618 0.000829877 0.143996 1.59472e-08 3.59877e-11 0.0149923 
4.83256e-05 0.0565085 6.97512e-07 3.28233e-06 0.396964 0.244775 2.20194e-06 0.153594 0.00223383 1.30239e-05 2.19628e-06 1.58784e-06 0.0735744 0.00340727 0.0617634 0.000123715 1.24275e-07 0.00698402 
2.51976e-09 0.000590896 4.37495e-07 5.09775e-07 0.0010505 0.0945 2.08182e-05 0.0107596 0.0129853 0.00518758 0.817126 0.0521168 0.00455627 3.44569e-06 0.00110005 9.67318e-07 1.15591e-09 1.00663e-06 
0.000703348 0.00841032 6.19254e-10 0.000105717 0.0207713 0.767559 0.00012307 0.012576 0.0913384 2.45739e-07 0.0895443 0.00537901 0.000396948 5.59332e-07 0.00146835 0.00100056 2.16943e-10 0.000623267 
0.00277432 0.00140969 3.42419e-08 0.0573628 0.00420908 0.00287745 2.91109e-05 0.000145416 5.70288e-05 8.76104e-08 2.57712e-08 9.57008e-08 0.0614038 9.02756e-09 0.000124773 1.1493e-08 2.79644e-09 0.869606 
9.5796e-05 0.0708595 0.00413239 0.172436 0.0131679 0.0234986 0.000297444 0.271597 0.000124889 0.000817641 0.0321987 0.191676 0.126203 0.0230482 0.0645244 0.00136414 7.25586e-05 0.00388603 
0.000791796 0.034686 8.40861e-05 0.000176445 0.10079 0.579414 0.000323398 0.00627177 0.0108753 0.00145153 0.00227912 0.0280744 0.0295853 0.00245147 0.0783617 8.40634e-05 3.1514e-05 0.124268 
2.47017e-10 0.0155131 9.05995e-07 0.108967 0.48456 0.107623 7.8091e-10 0.0810805 6.14297e-06 0.0330535 1.0519e-05 8.362e-07 0.050639 1.17623e-05 0.118533 4.15969e-07 1.13316e-10 1.30086e-10 
4.83256e-05 0.0565085 6.97512e-07 3.28233e-06 0.396964 0.244775 2.20194e-06 0.153594 0.00223383 1.30239e-05 2.19628e-06 1.58784e-06 0.0735744 0.00340727 0.0617634 0.000123715 1.24275e-07 0.00698402 
0.267058 0.000273031 0.000679382 0.134246 0.00934452 0.0110884 0.000138828 0.0264073 0.00119674 0.000541749 0.000996194 0.0251557 0.121838 0.00100931 0.000204232 0.267381 3.35604e-05 0.132409 
0.0083995 2.27595e-07 2.84047e-10 2.74199e-07 0.00743779 0.911996 6.85767e-10 0.0228168 0.0167354 8.64721e-07 1.85505e-06 6.16782e-07 0.0311598 0.00113668 1.06921e-06 0.000312786 9.95101e-11 4.09174e-08 
0.0252863 4.56814e-11 6.46321e-07 0.169477 0.025303 7.97625e-07 1.45485e-10 0.181082 1.06947e-10 1.11003e-10 7.33943e-11 0.0045544 0.593958 0.000252495 6.12041e-05 2.26996e-05 2.1111e-11 1.77041e-06 
0.00169997 0.0591422 0.000357411 0.00107425 0.000615948 0.16959 0.000186441 0.202729 0.0200343 0.500009 0.00370034 0.00221231 0.0280338 0.00340375 0.00720281 1.06668e-07 8.13911e-08 8.19051e-06 
0.00151476 0.0212002 0.00227016 0.0795198 0.0364589 0.373584 0.0670878 0.0751345 0.000507962 0.00014985 0.0189972 0.0508483 0.0472582 0.00114766 0.0267921 0.00222015 0.000125885 0.195183 
0.00540093 0.000448214 5.10771e-05 0.00212636 0.0052208 0.0395668 0.000174039 0.0447176 0.0407307 0.000181184 0.00202003 0.451567 0.0446273 0.000513046 0.00327409 0.35298 1.40261e-05 0.00638678 
2.79928e-05 1.27042e-06 2.45746e-06 1.47727e-05 6.24496e-06 0.180312 4.84373e-07 2.67163e-06 2.04948e-06 6.28446e-06 0.000336992 6.8572e-06 1.48721e-05 6.49739e-07 4.59146e-07 8.25357e-07 2.01861e-07 0.819263 
8.09726e-05 0.0665022 5.98559e-05 0.0504252 0.0187047 0.646601 1.12891e-06 0.0760812 0.00438942 3.11035e-05 1.07667e-05 0.00552252 0.0133544 0.000979866 0.0186111 0.00058791 1.09161e-08 0.0980562 
3.78446e-05 0.0918069 0.0267359 5.0781e-06 0.0153565 0.213919 0.0264885 0.158072 0.046074 1.29954e-06 0.22046 0.00197067 0.00128998 0.0389705 0.0221964 0.0446174 1.72352e-07 0.0919972 
0.221275 0.0130767 0.00150776 0.0399253 0.042053 0.0402234 0.000460965 0.0141431 0.0583063 8.48641e-05 0.000172979 0.232403 0.0841912 0.00470968 0.0314221 0.188112 3.93712e-05 0.0278932 
0.00057786 0.0140847 0.0141935 0.0299212 0.0186083 0.000727401 0.00229812 0.798025 0.000287284 0.000470226 0.00149235 0.00531009 0.0701581 0.000133867 0.000900093 0.000181326 1.16007e-07 0.0426301 
0.000158373 0.00467161 4.14439e-06 1.42425e-05 0.000578452 0.966903 6.13481e-05 2.51748e-05 0.0205743 1.0686e-05 7.43013e-06 0.00184667 6.45291e-05 2.2465e-05 0.00199749 1.07689e-05 6.12203e-09 0.00304979 
6.61091e-07 0.0360554 0.000661041 0.000551178 0.116147 0.635949 2.08995e-06 0.0713691 0.000697576 0.0430547 0.000281875 0.0781714 2.80338e-05 8.49078e-05 0.0138399 8.72864e-07 3.03268e-07 0.0031059 
0.00679065 0.00134061 0.0161647 0.0141901 1.75784e-06 0.475892 7.78233e-07 0.19281 0.00647444 0.0612244 0.0160028 0.0176249 0.107607 0.000601225 0.00955808 4.55938e-10 3.47896e-10 0.0737166 
0.0083995 2.27595e-07 2.84047e-10 2.74199e-07 0.00743779 0.911996 6.85767e-10 0.0228168 0.0167354 8.64721e-07 1.85505e-06 6.16782e-07 0.0311598 0.00113668 1.06921e-06 0.000312786 9.95101e-11 4.09174e-08 
0.000914962 0.001184 7.66835e-05 0.0244773 0.00862845 0.320325 8.75561e-05 0.00421334 0.000395455 8.97232e-06 0.00017124 0.0190033 0.0282832 1.99899e-06 0.00300311 4.95117e-06 8.94131e-07 0.589219 
1.79185e-05 0.000351322 0.00570511 0.115632 0.00325266 0.660762 1.19435e-08 0.159361 8.77976e-09 8.73271e-05 0.0362992 8.62267e-05 0.00237384 3.64145e-05 0.000123831 2.07588e-07 1.73309e-09 0.0159107 
1.57165e-07 1.5601e-07 0.000312474 0.000275044 0.000603026 0.984659 4.96857e-07 0.000317077 0.000897242 3.79097e-07 0.000130898 0.0119683 0.00060498 1.42005e-07 0.000175446 9.44882e-08 7.20978e-08 5.47277e-05 
5.64407e-06 0.0294202 0.00304075 0.00558422 0.0216267 0.778321 0.00263404 0.034032 0.00203897 0.00106301 0.00925169 0.0384867 0.0258073 0.000159026 0.0347083 0.000412263 2.15928e-06 0.013406 
0.00100669 0.00217821 0.0121992 0.0445565 0.0230319 0.00946276 0.000168362 0.00392867 5.86382e-05 0.000251349 7.91733e-05 0.222276 0.0270949 0.11172 0.0400585 5.40629e-05 1.70913e-05 0.501859 
1.10127e-06 8.59528e-07 0.000189516 0.81234 0.0777946 0.0216234 1.26157e-06 0.0205942 0.000391991 0.00011088 4.02528e-05 0.00527843 0.0305312 9.46714e-05 0.000532169 1.96131e-05 2.69445e-07 0.0304558 
0.0677237 0.0157046 0.000351762 0.0191087 0.0217745 0.38607 4.89229e-05 0.0211079 0.0989225 0.000397109 0.000161117 0.140414 0.0786943 0.00834488 0.0257079 0.0645704 1.16701e-05 0.0508864 
0.000191432 0.00496425 0.0113524 0.018684 0.0303375 0.8333 0.00319646 0.0132323 0.0416932 2.67165e-05 0.000626607 0.00634914 0.00790192 1.25376e-05 0.00413345 0.000186009 4.82721e-06 0.023807 
0.0083995 2.27595e-07 2.84047e-10 2.74199e-07 0.00743779 0.911996 6.85767e-10 0.0228168 0.0167354 8.64721e-07 1.85505e-06 6.16782e-07 0.0311598 0.00113668 1.06921e-06 0.000312786 9.95101e-11 4.09174e-08 
0.000780542 0.000150389 6.4881e-05 0.00644694 0.000558242 0.000454227 1.54245e-05 0.0112897 0.000732109 1.12141e-06 0.000559914 0.0433439 0.0104964 2.75568e-06 1.88029e-07 0.923505 1.17619e-07 0.00159781 
4.83256e-05 0.0565085 6.97512e-07 3.28233e-06 0.396964 0.244775 2.20194e-06 0.153594 0.00223383 1.30239e-05 2.19628e-06 1.58784e-06 0.0735744 0.00340727 0.0617634 0.000123715 1.24275e-07 0.00698402 
3.55604e-11 3.52991e-11 3.86532e-07 3.08537e-07 0.0329471 1.1727e-06 1.1242e-10 0.0390172 8.26407e-11 2.41036e-06 7.77032e-07 0.558505 0.247723 8.03577e-08 1.05693e-07 2.1379e-11 1.63129e-11 0.121803 
0.0819567 0.00799364 0.0130546 0.0394881 0.0155872 0.0228276 0.0018424 0.0523282 0.00147122 0.0011436 0.00395412 0.0462602 0.0862025 0.00367366 0.0237593 0.534485 0.000679606 0.0632926 
0.083239 5.30261e-07 4.45723e-07 0.146375 0.0694045 0.0326867 7.28407e-10 0.263775 0.189287 4.75582e-07 3.67467e-10 0.134485 0.0807213 2.48278e-05 8.31909e-08 6.16434e-07 1.05697e-10 6.12966e-07 
0.0314901 0.00903234 0.0029584 0.00435772 0.0633098 0.278006 5.05166e-07 0.0113839 7.88934e-07 0.493896 0.00033537 0.0222488 0.0798964 3.06732e-07 0.0016622 0.00142062 5.57966e-08 8.92585e-07 
2.59589e-06 3.09005e-07 0.0065937 2.05289e-06 0.450073 0.0724435 9.55352e-11 0.011802 6.67247e-07 0.00230372 4.81957e-11 0.0951921 0.228541 0.00301992 0.0562077 2.12585e-07 1.38629e-11 0.073818 
6.67783e-06 0.000690086 0.0351446 0.00921671 0.0610197 0.557278 0.0012984 0.00288782 0.0099848 6.87673e-05 0.0224963 0.106156 0.0811248 0.000548794 0.00826806 0.00110453 1.34735e-07 0.102705 
9.37388e-06 0.00445043 0.000627883 0.019755 0.0106983 0.19111 1.9712e-05 0.000494486 0.000509065 2.10263e-06 6.18743e-07 0.0250452 0.133305 0.00143412 0.00111182 2.75906e-07 6.72178e-08 0.611426 
0.00035668 0.00141853 0.170638 0.0213897 0.194692 0.0276227 6.88901e-06 0.102868 0.000230491 0.291202 0.0641213 0.0353001 0.0351078 0.00021357 0.0411315 1.09885e-05 2.53019e-06 0.0136874 
0.00299335 0.0504514 6.89764e-05 0.034535 0.00352811 0.425773 0.00771067 0.022842 0.0672896 0.00973396 0.0330559 0.00855643 0.00385744 0.000374213 0.151999 0.164143 6.62764e-06 0.0130809 
0.267058 0.000273031 0.000679382 0.134246 0.00934452 0.0110884 0.000138828 0.0264073 0.00119674 0.000541749 0.000996194 0.0251557 0.121838 0.00100931 0.000204232 0.267381 3.35604e-05 0.132409 
0.00459087 0.00727747 0.000628676 0.00146607 0.017226 0.783567 2.50618e-05 0.00783352 0.0160536 0.000246755 0.0866815 0.0186827 0.0223319 0.0017089 0.0273756 0.000109351 2.3851e-05 0.00417126 
0.000174078 0.000367093 2.18376e-05 0.823864 0.00246053 7.07021e-05 7.65303e-06 0.0526087 5.90551e-08 0.00079691 0.000126755 0.00104827 0.106541 0.000589656 0.00824752 0.000199292 1.16572e-08 0.00287505 
0.000708874 0.000885236 0.00194332 0.00218622 0.0051333 0.618426 1.05984e-06 0.158295 0.171959 0.00131967 0.00913658 2.94477e-05 0.00680923 3.0291e-07 0.022821 9.50939e-07 1.53791e-07 0.000344844 
8.77954e-07 0.036117 0.0042558 2.97627e-07 0.0473413 0.401954 3.05263e-05 0.0150691 0.0849926 0.000881774 0.0944733 0.078691 0.12696 0.00769405 0.0870234 0.000155635 1.03255e-08 0.0143592 
0.00411682 0.000293488 0.000239082 0.122096 0.0297439 0.712298 5.42408e-05 0.000206598 7.07161e-05 0.000311805 2.12828e-05 0.0110555 0.0381448 0.0137362 0.0318732 2.69769e-05 1.7284e-05 0.0356942 
0.0771499 0.329136 0.000563797 0.0457581 0.0123089 0.00316339 0.000455008 0.259262 0.000936974 0.000198084 0.00737982 0.0642719 0.117707 0.000527935 0.0588769 0.0143574 0.000187017 0.00775941 
0.0083995 2.27595e-07 2.84047e-10 2.74199e-07 0.00743779 0.911996 6.85767e-10 0.0228168 0.0167354 8.64721e-07 1.85505e-06 6.16782e-07 0.0311598 0.00113668 1.06921e-06 0.000312786 9.95101e-11 4.09174e-08 
0.0318932 0.0963343 0.0320246 0.100991 0.116661 0.079529 0.000441984 0.167901 0.0640751 0.0238828 0.000227576 0.0117893 0.0561822 0.00141007 0.0910924 0.0554849 2.13947e-05 0.070058 
0.00744226 0.00835265 0.0019924 0.00534276 0.000506896 0.0102128 3.62335e-05 0.00285845 0.00171847 0.00665732 0.000643373 0.00388726 0.109584 0.00299174 0.829811 2.77079e-05 1.47096e-05 0.00791949 
4.3831e-07 0.000172981 3.21355e-06 0.00453711 2.30502e-07 4.78737e-07 0.000233944 0.962505 3.55748e-10 2.26265e-05 1.30791e-06 0.0314508 5.76192e-05 1.19678e-07 1.36303e-05 9.20315e-11 7.02232e-11 0.0010006 
4.99809e-06 0.0017451 0.00137042 0.000193064 0.0109692 0.119236 1.69973e-05 0.0103683 0.000783535 2.67338e-05 3.52127e-06 0.000539627 0.000201745 0.00131099 6.28889e-05 2.29871e-05 6.61028e-07 0.853144 
0.000124983 0.0268832 3.59883e-05 0.00275839 0.000419308 0.00686088 7.12048e-09 0.959777 0.00250528 5.01203e-07 3.59214e-09 0.000627089 3.93564e-08 4.77132e-06 7.68011e-08 2.40443e-07 1.03324e-09 2.05777e-06 
0.0108279 2.71091e-07 0.00453279 0.00719804 1.16221e-07 1.48527e-11 6.6922e-11 0.974086 4.9195e-11 5.10608e-11 3.37609e-11 0.00335469 2.49172e-07 1.91268e-11 3.14614e-08 3.31021e-08 9.71089e-12 2.39696e-07 
0.092852 0.00261965 0.000456243 0.00261644 0.0331607 0.857182 0.000186698 0.000105476 0.00350673 0.00037424 0.000100508 0.00392287 0.000851811 0.00045159 0.00104144 0.000284082 4.099e-05 0.000246715 
0.00808212 0.000220753 2.43132e-05 0.00236455 0.0107085 0.278507 0.00215153 0.0275665 0.0236367 0.0220092 0.000633186 0.26127 0.0170584 0.000752293 0.00548638 0.334961 9.46366e-06 0.00455783 
2.15454e-06 0.00177067 0.00149428 1.20113e-05 0.00148964 0.0120908 3.21308e-05 0.0552577 1.83251e-05 3.00128e-05 9.87068e-06 0.00808608 0.00489051 0.914392 0.000354293 6.92853e-07 2.58735e-08 6.88313e-05 
2.43592e-06 6.64868e-06 0.0260823 0.0822827 0.0332011 0.693424 1.604e-09 0.000625923 6.13263e-06 8.32335e-06 8.09189e-10 0.156613 1.9746e-05 0.00756864 2.56828e-06 1.15944e-06 2.32753e-10 0.00015519 
0.0172843 0.0105851 0.0160414 0.0610913 0.0193881 0.0104687 0.002748 0.544343 0.00661629 0.0015513 0.0142948 0.062493 0.158116 0.00179778 0.0197109 0.0113317 0.00071339 0.0414254 
0.0146764 0.0157237 0.00228308 0.0865844 0.0373045 0.14443 0.000605244 0.0602967 0.129959 0.000967043 0.0105272 0.2663 0.105458 0.00529012 0.0111323 0.0558017 0.000479504 0.0521818 
0.00180961 0.000254624 5.18791e-05 1.13376e-07 0.00121043 0.000301505 1.64453e-05 0.000575098 1.12802e-05 6.22936e-05 1.5201e-07 0.960132 4.48254e-08 0.0233021 0.00945213 6.46767e-07 4.15796e-08 0.00281913 
0.00180961 0.000254624 5.18791e-05 1.13376e-07 0.00121043 0.000301505 1.64453e-05 0.000575098 1.12802e-05 6.22936e-05 1.5201e-07 0.960132 4.48254e-08 0.0233021 0.00945213 6.46767e-07 4.15796e-08 0.00281913 
3.21212e-07 0.0274973 1.08701e-05 5.58246e-07 0.416824 0.0855951 2.53803e-10 0.167789 8.71319e-06 1.93649e-10 5.64665e-06 0.0627833 0.152066 0.00517289 0.0822455 1.545e-07 3.68288e-11 4.22793e-11 
0.0580337 0.000316755 0.000335124 0.121394 0.0700223 4.35785e-05 8.79109e-06 0.000131726 2.5751e-05 1.52346e-05 4.75782e-05 0.000202641 0.0464117 1.51503e-05 5.80669e-05 0.0195849 6.4896e-09 0.683353 
0.00227844 0.000242429 0.00279008 0.154541 0.0296729 3.39105e-12 1.52791e-11 0.087097 1.12318e-11 1.16578e-11 7.708e-12 0.00188285 0.720436 0.000221706 0.000637842 2.90565e-12 2.21711e-12 0.00020033 
0.0611975 0.00414559 0.0378656 0.0080775 0.0559549 0.337256 4.2069e-05 0.214487 0.00134151 0.000472091 0.0194064 0.101721 0.13333 0.000866205 0.0157032 0.00430403 3.37142e-05 0.00379523 
0.00414822 0.00363618 6.26904e-05 0.0110906 0.01312 0.0144031 0.229845 0.130656 0.0459174 4.34548e-05 0.00132962 0.496297 0.00490695 7.3448e-05 1.58176e-05 0.0345931 3.9538e-06 0.00985787 
2.89791e-06 0.000150943 0.736281 0.00738636 0.0142111 0.0260413 3.43362e-05 0.0979597 0.00222733 5.01681e-07 8.18158e-05 0.0751755 3.24442e-05 2.39574e-05 0.0380834 0.00168804 9.54113e-08 0.000619306 
0.0374332 0.0197897 0.000396154 0.010377 0.0429778 0.0345006 8.00533e-05 0.0575203 0.109355 8.23272e-05 0.0136003 0.173288 0.10323 0.00376238 0.0196022 0.351928 6.69603e-05 0.0220101 
0.346127 0.00341457 0.0311529 0.177044 0.0295454 0.00314075 3.89628e-05 0.186771 6.4176e-05 0.00479917 0.00333412 0.0338811 0.161284 0.00148223 0.00588124 0.000603275 3.02371e-05 0.0114046 
4.3831e-07 0.000172981 3.21355e-06 0.00453711 2.30502e-07 4.78737e-07 0.000233944 0.962505 3.55748e-10 2.26265e-05 1.30791e-06 0.0314508 5.76192e-05 1.19678e-07 1.36303e-05 9.20315e-11 7.02232e-11 0.0010006 
8.1287e-05 0.0100642 0.570462 0.00705627 0.0258851 1.1145e-05 3.91626e-06 0.0938128 2.10182e-06 1.57663e-06 0.0760181 0.115191 0.0476652 0.000685817 0.024525 4.44346e-05 1.03612e-06 0.0284885 
0.160428 2.76917e-08 0.00133452 0.056836 0.569822 0.00871097 1.6817e-05 0.099035 0.00349182 0.000117265 4.4491e-08 0.0382225 0.00171741 0.000724445 0.00743374 1.86196e-06 1.27973e-08 0.0521083 
0.00748774 0.0262882 0.000546125 0.000783721 0.100181 0.324798 0.00135899 0.0197705 0.0140333 0.000365293 0.0521389 0.0585323 0.0746942 0.0137588 0.217234 0.00163156 0.000274794 0.086123 
0.00763486 0.00484083 2.01092e-06 0.00350712 0.941244 0.00189708 1.8384e-05 0.000531747 4.51399e-09 4.15525e-06 3.0978e-09 1.4624e-06 0.00151066 0.00125653 0.037546 4.01471e-08 8.91043e-10 5.09526e-06 
0.083239 5.30261e-07 4.45723e-07 0.146375 0.0694045 0.0326867 7.28407e-10 0.263775 0.189287 4.75582e-07 3.67467e-10 0.134485 0.0807213 2.48278e-05 8.31909e-08 6.16434e-07 1.05697e-10 6.12966e-07 
0.00902717 0.000224369 0.10289 0.00329384 0.00113571 0.0418174 6.40303e-05 0.22443 0.000105028 1.43478e-07 0.0196382 0.577812 0.00225495 5.71425e-05 1.0437e-06 0.0136899 2.19212e-08 0.00355866 
1.10127e-06 8.59528e-07 0.000189516 0.81234 0.0777946 0.0216234 1.26157e-06 0.0205942 0.000391991 0.00011088 4.02528e-05 0.00527843 0.0305312 9.46714e-05 0.000532169 1.96131e-05 2.69445e-07 0.0304558 
0.0238256 9.982e-05 0.000344916 0.238722 0.0287475 0.0145139 3.89057e-06 0.0713931 0.000488619 0.00293115 2.11948e-06 0.0671982 0.533504 3.6759e-05 0.0012851 0.000181307 6.46635e-07 0.0167213 
0.020885 0.0414271 0.00252673 0.160276 0.0233455 0.00568588 0.00232254 0.00937454 0.000472539 0.000505185 0.00224257 0.0204371 0.597423 0.0147627 0.0562783 0.0343091 0.000204118 0.00752105 
0.00591354 0.35941 0.0423261 0.125582 0.0141233 0.00537114 5.46392e-05 0.00926292 0.000106149 0.11841 6.93004e-05 0.0499576 0.100477 0.000309806 0.0176266 1.42777e-05 6.87373e-06 0.150979 
0.0363226 0.000737101 0.000982115 0.00517925 0.0142752 0.83991 2.88167e-05 0.00119565 0.00953175 0.000381946 0.000624072 0.00384751 0.0563733 0.00177919 0.00200485 0.0030592 5.32286e-06 0.0237621 
0.000366032 0.0924129 0.000164271 0.0015027 0.14489 0.423598 0.000155079 0.0279781 0.00655999 0.00161359 0.00188735 0.0439402 0.098807 0.000135407 0.0781382 0.00548876 1.66963e-05 0.072346 
0.000207245 0.00212557 0.00243637 0.000783077 0.0541014 0.819745 4.07406e-06 0.000236632 0.0953987 0.000242254 0.00945576 0.00117465 0.000908071 0.000354975 0.0114298 0.000329079 8.09487e-07 0.00106662 
9.62487e-06 0.00208367 1.32207e-06 0.00241944 0.00132416 1.57741e-08 2.26833e-06 0.605851 5.4747e-06 1.87951e-05 0.00971911 0.101689 0.225589 2.44224e-06 0.000225093 1.98341e-06 1.03133e-08 0.0510575 
