0.0565975 0.566015 4.5578e-05 0.0734521 0.00434536 0.00986186 4.56032e-06 0.0085218 0.00161139 0.00169016 0.11982 0.0101215 0.0473237 0.00773635 0.058506 0.0057052 0.0286427 2.14367e-07 
5.34202e-08 0.022633 0.000139497 3.61728e-05 3.25839e-08 0.790952 1.68881e-07 0.0809581 0.000597581 0.0278478 0.0171582 1.69312e-05 0.0257093 0.00223521 0.0308389 0.000856555 2.08366e-05 2.81326e-08 
8.62999e-06 0.00284198 1.13005e-05 0.141256 5.26391e-06 0.0032623 2.72825e-05 0.729812 2.00557e-05 2.08163e-05 0.00148754 0.0334616 0.0799742 7.79754e-06 0.00766676 5.18837e-06 0.000126423 4.54481e-06 
0.000621306 0.0109103 8.80773e-05 0.0061619 0.359963 0.0514601 0.000421925 0.00421264 0.000135851 0.000591723 0.00599016 0.0322891 0.123367 0.0191998 0.346163 0.00033247 0.0380096 8.32337e-05 
6.06845e-10 0.355218 8.14908e-06 0.00374833 0.0112454 0.191262 4.95851e-08 0.0573772 0.0423339 0.0031582 0.00582311 0.237203 0.0339491 0.00316869 0.0541302 0.00137457 2.17148e-07 3.19583e-10 
0.0106859 0.0242582 1.80459e-07 0.00593502 0.0431205 0.661559 3.55124e-07 1.79083e-07 0.0575661 4.56465e-07 0.0787732 0.019325 0.0387027 0.0232628 0.0287349 0.00761419 0.000461249 8.99507e-08 
0.169833 0.00029412 7.86243e-08 0.161653 0.0259265 0.0341969 3.23044e-11 0.00945149 2.37473e-11 0.467183 1.6297e-11 1.47333e-07 0.0721555 0.0282968 0.0238813 0.000305537 0.00682159 5.38137e-12 
0.0513311 0.0523886 2.2931e-05 0.00959541 0.224994 0.00428946 0.00110695 0.00172914 1.30786e-05 0.00184952 8.9737e-07 0.00877921 0.0575487 0.0676309 0.517475 0.000567775 0.00067694 3.73298e-08 
0.000196755 0.0417054 2.57588e-07 0.416518 0.00183522 8.11202e-05 7.32739e-09 0.113529 4.06609e-07 3.02303e-07 0.0455543 0.000178805 0.264431 5.17148e-05 0.115918 1.95288e-08 8.3233e-08 1.22062e-09 
1.27136e-08 0.0972565 1.66478e-08 0.000206532 0.0005188 0.00104458 0.000233156 0.00143254 0.000215715 0.000806558 0.00125715 0.893613 0.000268001 0.000981026 0.000750678 0.00044333 0.000972239 6.69538e-09 
0.000211413 0.0300138 0.0385727 0.0959211 5.77507e-05 0.671615 5.70326e-07 0.025896 0.0295291 1.64726e-05 0.0197409 0.0112281 0.0571301 0.00261049 0.0174406 1.09139e-06 1.4891e-05 9.50066e-08 
8.8356e-05 0.0274047 1.80466e-05 1.22907e-06 0.559444 0.0136319 6.67142e-06 0.00125059 0.0052283 4.91881e-05 0.00014736 0.0131816 0.0380823 0.0419093 0.299421 0.000119019 1.63299e-05 2.34526e-08 
0.000108361 1.62051e-05 0.00166192 0.00017467 0.0141492 0.526169 1.89787e-07 0.0773496 0.183512 6.85757e-06 8.60695e-05 0.152955 0.0344439 7.42565e-06 0.00607925 0.0032749 5.46009e-06 3.16153e-08 
8.92272e-06 0.0270301 0.0310482 0.0243839 0.151505 0.0935696 2.39889e-06 0.0578135 0.0147756 0.000202655 0.0213914 0.000273532 0.118619 0.185703 0.273671 3.25497e-08 2.07223e-06 2.49312e-09 
4.67171e-08 0.00444048 0.0162329 4.87205e-06 2.98758e-05 0.953232 1.81725e-05 1.44097e-05 0.00910382 0.00019794 4.60238e-05 0.0109934 0.00350317 1.57084e-05 0.00216449 1.0828e-06 1.81629e-06 2.46026e-08 
0.00872636 0.000491447 0.000743954 9.67871e-05 0.000959034 0.0303573 0.0151482 0.42541 0.125427 0.28423 0.00495192 0.0979613 0.00114052 0.000279841 0.000135337 0.00240826 0.00149903 3.35399e-05 
0.000203464 5.5033e-05 0.000318775 0.0120362 0.00550944 0.93914 6.40241e-05 0.000687262 0.00152402 6.1897e-05 0.000115633 0.0014076 0.000376836 0.00535115 0.0153417 2.72201e-05 0.0177642 1.55799e-05 
0.00761861 0.00466206 0.000359722 0.00968587 0.229514 0.275597 1.70267e-06 0.0138874 0.0591399 0.0166237 0.000742288 0.0589465 0.127644 0.0239466 0.170179 4.45457e-05 0.00140558 4.06548e-07 
0.000902487 6.51942e-06 6.34348e-10 3.13047e-06 1.75369e-05 0.937812 1.53149e-09 1.01403e-06 3.45705e-07 7.07676e-07 7.72607e-10 0.012055 0.00487599 1.63669e-05 0.0443091 2.91246e-10 2.85097e-08 2.5512e-10 
9.39032e-05 9.54512e-05 0.000122959 0.000358105 1.78499e-05 0.00705149 5.72588e-07 1.21112e-06 2.49842e-07 0.963917 5.3002e-07 2.03825e-05 7.33533e-05 0.000180048 0.0278966 2.76502e-06 0.000167682 5.66166e-08 
0.235172 0.228032 0.000561344 3.27316e-05 0.0112384 0.0618097 3.02468e-05 0.0406299 0.0220778 0.000500811 0.00845057 0.182303 0.101034 0.00249328 0.0416159 0.0390004 0.0249939 2.40068e-05 
0.00045403 7.0651e-08 8.99999e-05 0.00041825 0.000166757 0.703065 0.000471096 0.0138445 0.00932093 1.68281e-11 3.76186e-07 0.264024 0.000338617 0.000623911 0.00144023 0.00570127 4.14546e-05 3.67407e-12 
0.00196139 0.0037872 9.73966e-07 8.39895e-07 0.0179933 0.811099 0.00151133 0.015234 1.10461e-05 8.67954e-05 0.0206925 0.074302 0.0297757 4.46239e-06 0.0228107 0.000691772 3.72965e-05 6.97381e-10 
0.00054466 0.0651522 6.36852e-06 0.00852313 0.0100957 0.00435749 2.74801e-06 0.0162182 9.99924e-06 0.000264159 5.86051e-06 0.0240654 0.018862 0.0967305 0.748816 0.000148211 0.00619638 1.23874e-06 
4.91546e-06 0.0257524 3.21871e-06 0.110687 0.506425 0.0990914 2.15797e-09 0.13153 2.6335e-05 9.53346e-05 1.08866e-09 5.21071e-06 0.126365 6.16764e-10 1.16969e-05 1.06741e-06 7.51843e-07 3.59482e-10 
0.000404142 0.000283766 0.00231973 1.58248e-05 0.0220625 0.0141088 1.07472e-07 0.00761513 7.90037e-08 8.2e-08 0.878603 0.0344799 0.00929313 0.000391874 0.0302302 2.04381e-08 0.000191506 1.7903e-08 
0.000474167 0.0973655 0.000531591 6.55134e-07 0.844056 0.0139784 9.37678e-09 1.04862e-05 0.0278382 7.15439e-09 4.7304e-09 0.00151497 0.00117445 0.000199002 0.0128546 2.15969e-07 1.44501e-06 1.56201e-09 
1.47474e-07 0.00138558 0.906001 0.0401738 0.000600951 0.000785247 4.66219e-07 0.00223995 0.0452845 0.000901498 0.000711291 0.000421246 0.00116302 0.000130698 0.000189888 8.56435e-06 2.49287e-06 7.76642e-08 
0.000560776 0.000203586 0.000159091 0.000737004 0.00126156 0.000477603 4.34258e-06 4.88349e-07 0.00152748 0.985314 8.6912e-07 0.00256388 0.000481855 2.87178e-05 0.00567589 0.000117558 0.000885764 2.32841e-08 
2.36671e-09 0.0176857 0.00124542 5.90904e-06 0.0305056 0.31855 7.48204e-09 8.70561e-06 0.114763 0.129552 0.160568 0.00649234 0.132983 5.78596e-06 0.0876327 1.42287e-09 2.01028e-06 1.24638e-09 
1.72909e-10 1.72012e-06 0.00296399 0.00341391 0.0286937 0.00344732 5.46627e-10 0.0179334 8.07326e-07 4.17071e-10 0.345984 0.134792 0.040202 5.65923e-07 0.422565 6.19866e-08 4.69686e-08 9.10588e-11 
0.00114628 2.82865e-14 3.73139e-14 0.00015588 2.11396e-06 3.02659e-07 2.43529e-07 1.32628e-05 6.62231e-14 0.998331 6.4669e-07 0.000172008 2.12912e-10 3.78511e-10 3.06558e-05 3.31577e-05 0.000114224 1.50068e-14 
2.79808e-07 0.00133346 3.66394e-07 9.26238e-05 0.000394721 0.79051 0.00314618 0.000769192 0.00419038 0.000533873 0.135758 0.0505808 0.011789 2.52818e-07 0.00020705 0.000550586 0.000143093 1.47355e-07 
0.0169845 0.00315079 0.000189722 0.1005 0.0915306 0.46856 3.10623e-05 0.0356131 0.000884516 0.0094677 0.0238509 0.109745 0.0245792 0.0031682 0.0467258 0.0153754 0.0496348 9.58213e-06 
1.036e-05 0.010259 2.27222e-07 0.00359712 8.04351e-05 0.947983 5.48577e-07 0.000329729 0.000213459 4.18558e-07 0.0366666 0.000427824 0.000261501 1.56787e-07 0.000168907 1.04324e-07 4.13383e-07 9.13836e-08 
0.00662743 0.0409688 0.000306796 8.9746e-07 0.0910235 0.51233 4.12971e-06 0.0052373 1.31465e-06 0.000293286 0.0262132 0.0468051 0.0603483 0.00345764 0.193617 5.99326e-07 0.0127637 5.54256e-07 
2.83587e-06 0.00450831 0.000947731 0.104822 0.103951 0.080175 7.87139e-07 0.0409321 0.000876688 0.0968398 1.34457e-09 0.00347157 0.0478695 7.61748e-10 0.515416 6.15992e-07 0.000184973 4.43986e-10 
3.65242e-05 0.0877193 0.0116547 0.0217104 0.0362228 0.0578382 6.17317e-07 0.00248769 0.000100185 0.000161087 5.84555e-06 0.00233156 0.00101219 0.0280475 0.749966 1.05286e-05 0.000695073 1.06891e-07 
1.76534e-07 1.10463e-12 1.45716e-12 1.70472e-06 4.35727e-06 1.01812e-08 4.91817e-09 8.6075e-09 2.5861e-12 0.169573 9.52199e-06 0.000139914 6.72089e-05 0.000167726 0.00264837 2.24317e-08 0.827388 5.86036e-13 
0.00130966 7.68529e-05 2.303e-06 2.70087e-05 0.000113922 0.877258 5.56008e-06 0.0579005 0.00120243 0.000156747 0.000142486 0.042775 0.0188998 1.58911e-06 5.96101e-05 2.56712e-05 4.16975e-05 9.26215e-07 
6.74714e-07 0.0144278 0.341547 0.00833346 0.0667078 0.350552 3.41252e-10 0.0317609 0.105058 0.00399027 0.000994213 0.0131598 0.0372379 0.000878881 0.0243848 0.000208195 0.000757711 5.68468e-11 
4.07731e-06 0.0474687 1.1273e-05 2.04492e-06 0.0172431 0.220126 0.000245523 0.0672191 0.047204 0.294101 0.0463041 0.00549765 0.00590578 4.43711e-08 0.246918 8.81635e-05 0.0016618 2.58618e-08 
3.66491e-07 0.00512847 1.25263e-05 0.0577624 0.0536648 0.00053755 3.07396e-10 0.00522781 0.000129367 0.0481212 9.98673e-08 7.73e-05 0.00505303 0.107351 0.699187 5.8458e-11 0.0177471 5.12069e-11 
0.00257097 0.0735274 9.31914e-08 5.7115e-08 0.0313351 0.000188756 3.38608e-08 0.000470367 4.47854e-08 0.00054032 2.57626e-09 0.00429119 2.77411e-07 0.043475 0.842592 0.00100842 1.65309e-07 5.41838e-12 
9.23173e-05 0.0197411 4.5582e-05 0.000847308 0.184665 0.118863 3.0366e-05 0.00300899 0.000242769 0.000756868 3.33925e-06 0.00155925 0.00564251 0.386173 0.278195 6.08644e-05 7.2825e-05 1.35265e-07 
4.7219e-05 0.00019307 3.31509e-05 7.50136e-05 0.000703385 0.991553 3.0093e-05 0.000503914 0.000204576 3.25293e-06 0.000298501 0.0018624 0.00145934 0.000357384 0.00203224 0.000642875 5.51178e-07 6.8207e-08 
0.00240611 0.0034246 0.00038481 0.00184841 0.121604 0.119515 2.54543e-07 0.175205 0.000956279 0.322752 7.02316e-06 0.0569796 0.160504 1.83915e-06 0.0218659 0.000333211 0.0122119 9.23754e-11 
0.000193393 7.76747e-07 8.11177e-07 2.65064e-05 0.00213759 0.139954 1.41368e-05 0.00203414 0.0287137 0.78946 0.0102969 0.0214522 0.00211602 0.000277632 0.00281977 0.000480095 2.11239e-05 6.50314e-07 
0.000868761 0.015225 0.009437 0.00155438 0.0113982 0.00441832 9.48703e-08 0.827468 0.0163913 7.2385e-08 0.0590818 0.00556513 0.0264925 1.3484e-06 0.0220354 1.23803e-06 6.14156e-05 1.58038e-08 
0.00360519 0.00875556 0.00413741 0.0284181 0.0241259 1.81008e-05 2.78117e-07 0.0276085 0.000674315 2.36989e-07 0.000355028 0.000654439 0.886541 0.000539444 0.0145225 6.78818e-07 4.29803e-05 1.84236e-11 
9.51083e-06 0.00262807 0.000782852 0.000274695 0.00197082 0.000697496 3.90515e-08 0.0141475 0.954453 0.0139408 4.27188e-05 0.00800512 0.000701682 6.49369e-06 0.00206585 0.00027171 1.77563e-06 6.50532e-09 
0.0223014 0.517991 0.0145583 0.000515895 0.0162156 0.0970317 2.38256e-05 0.0430033 0.0594511 0.0135138 0.0260324 1.84178e-05 0.0218798 0.0166937 0.147638 0.00101412 0.00210872 8.7399e-06 
0.000193393 7.76747e-07 8.11177e-07 2.65064e-05 0.00213759 0.139954 1.41368e-05 0.00203414 0.0287137 0.78946 0.0102969 0.0214522 0.00211602 0.000277632 0.00281977 0.000480095 2.11239e-05 6.50314e-07 
0.000133552 0.0456449 3.79503e-05 0.00364347 0.00153458 0.0125499 1.06293e-06 0.0211165 1.02006e-05 0.799121 0.000341609 0.0231111 0.0238077 0.0014316 0.0530464 2.22432e-06 0.0144658 3.3926e-07 
3.16379e-08 0.341185 1.83432e-08 0.00113018 0.0247609 0.0984332 1.25183e-08 0.000436623 0.000525342 0.00224022 0.000270775 0.000949352 0.00296076 0.0155609 0.507532 0.000762412 0.00325282 1.37832e-11 
2.10661e-06 3.12031e-08 0.0159011 4.12971e-05 0.0295519 0.925188 7.64275e-05 0.0030508 2.1106e-06 7.58218e-08 0.000556676 0.000312997 0.00144285 0.000717624 0.0217313 0.000208095 0.00121617 1.65541e-08 
0.00368159 0.0090431 0.000893984 0.0277826 0.0137521 5.22632e-06 3.65965e-08 0.417747 0.00342029 3.8541e-06 0.0297339 0.0244738 0.462971 0.000231596 0.00625746 7.88572e-08 2.24492e-06 2.50834e-08 
0.0160518 0.0583962 9.00348e-05 0.0110683 0.0717227 0.468862 0.00213006 0.130782 0.0235831 0.0112361 0.0685622 0.103057 0.0107688 0.000100665 0.023326 0.000119332 0.000133218 1.02032e-05 
0.0183507 0.638961 4.90427e-09 0.0548293 0.0166544 0.0242831 9.4138e-06 0.0918602 0.00367167 2.52407e-07 0.016703 0.057892 0.0139269 0.0253221 0.0373174 4.91357e-05 0.000169556 1.97239e-09 
0.00313539 0.00285484 0.00010667 0.0167281 0.0439638 0.40966 0.00771519 0.0176987 0.13654 0.00720551 0.000415293 0.0279133 0.184586 0.00760736 0.117988 0.00033735 0.0155429 1.03391e-06 
0.000145304 0.000151688 0.000134572 0.0100908 0.593344 0.0535043 0.000151155 0.0119928 0.00024202 0.000258882 0.000905299 2.52262e-05 0.269279 0.00154384 0.0581743 9.0853e-08 5.69592e-05 7.95836e-08 
0.00267066 0.00756789 2.33468e-10 0.0134374 0.033448 0.168284 7.88519e-07 1.91781e-06 0.00384083 4.30064e-10 0.0735094 0.674179 1.52863e-06 1.61097e-10 0.00698125 0.0156053 0.000471466 9.38956e-11 
1.33866e-05 8.05241e-05 5.82868e-05 0.000531348 0.0011784 0.00760626 7.4207e-10 0.000159575 0.000203939 0.771588 0.148446 0.0102914 0.0107112 0.00206801 0.0320468 0.000170943 0.0148463 1.23616e-10 
7.91598e-05 8.52309e-09 1.32082e-12 4.51104e-05 3.85612e-05 0.000502024 3.5008e-09 1.26427e-05 1.42144e-08 0.0969884 4.8392e-06 0.000109612 3.36064e-05 0.000773962 0.033151 1.59641e-08 0.868261 5.31204e-13 
0.0652762 0.0477266 0.000440504 0.0148218 0.0192751 0.0218308 3.54865e-09 0.104046 0.103736 0.000126391 0.405053 0.0882625 0.120557 0.000130536 0.00804181 0.000665945 1.01776e-05 5.91144e-10 
4.11963e-07 0.116618 1.5629e-06 0.00120074 0.0661217 0.00748013 1.30237e-06 0.0117126 0.00041851 0.615925 0.00909258 0.0909835 0.00395312 0.0242529 0.0457308 6.63069e-05 0.00643993 2.16952e-07 
1.98036e-08 6.3258e-07 4.16375e-07 2.52079e-07 0.00154462 2.06804e-06 4.17097e-11 4.59093e-07 1.71733e-07 7.92451e-07 5.95502e-07 0.00829178 8.22002e-07 0.0196991 0.816674 7.93201e-12 0.153784 6.94813e-12 
1.63372e-06 5.84256e-07 2.97256e-07 1.3779e-07 0.46446 0.257842 3.30865e-07 0.0012189 2.66652e-07 2.03811e-07 7.67285e-10 0.00171607 0.0198534 0.00392157 0.249049 0.000986197 0.000949295 2.53363e-10 
0.0183507 0.638961 4.90427e-09 0.0548293 0.0166544 0.0242831 9.4138e-06 0.0918602 0.00367167 2.52407e-07 0.016703 0.057892 0.0139269 0.0253221 0.0373174 4.91357e-05 0.000169556 1.97239e-09 
9.35139e-07 0.000194276 3.30751e-10 3.20837e-08 0.0423419 0.00123524 7.98525e-10 0.00397065 0.32675 0.000280316 0.00383466 0.108216 5.31937e-06 0.0263766 0.453061 1.51857e-10 0.0337335 1.33021e-10 
0.0513311 0.0523886 2.2931e-05 0.00959541 0.224994 0.00428946 0.00110695 0.00172914 1.30786e-05 0.00184952 8.9737e-07 0.00877921 0.0575487 0.0676309 0.517475 0.000567775 0.00067694 3.73298e-08 
5.71753e-05 0.165427 4.37637e-05 0.0240716 0.00631998 0.299997 6.06585e-05 0.0100213 0.357662 0.000290857 0.00120952 0.00608549 0.0648218 0.011742 0.0519398 3.30187e-09 0.000250394 2.89231e-09 
0.110365 9.16777e-05 4.36555e-05 0.180905 2.29906e-05 0.189655 6.02773e-05 4.39333e-05 0.0503061 1.74136e-05 0.0498002 1.13057e-05 0.41853 1.34934e-05 2.12519e-05 0.000110453 2.32589e-06 2.93101e-08 
1.95343e-05 0.0135684 0.0090041 5.16864e-05 0.191386 0.114054 9.53265e-08 0.379648 4.63906e-05 0.0243673 4.80904e-08 7.1173e-05 0.243212 2.7245e-08 0.0207931 0.00377619 2.17217e-06 1.58798e-08 
0.000560776 0.000203586 0.000159091 0.000737004 0.00126156 0.000477603 4.34258e-06 4.88349e-07 0.00152748 0.985314 8.6912e-07 0.00256388 0.000481855 2.87178e-05 0.00567589 0.000117558 0.000885764 2.32841e-08 
6.67183e-09 0.0349936 3.50045e-09 0.0322212 0.610543 0.0578178 8.46437e-07 2.94733e-06 6.21244e-09 6.44805e-09 0.000288868 1.59616e-05 0.0768803 1.63906e-06 0.187221 1.60715e-09 1.24911e-05 1.4078e-09 
0.000694686 0.223268 1.89263e-06 0.0356668 0.0173839 0.00129065 0.000694053 0.0852272 2.04743e-05 5.14232e-05 0.356678 0.00972455 0.0742804 0.00316795 0.0906354 0.101199 1.44567e-05 8.80245e-07 
4.33856e-06 0.0286418 1.13352e-05 0.000267819 1.34132e-06 0.000188771 6.51816e-08 3.31474e-06 4.79157e-08 0.00208816 3.28829e-08 7.42035e-07 8.65087e-07 0.960952 0.00783648 7.73838e-07 2.37996e-06 1.08581e-08 
4.01142e-10 6.05294e-06 5.25275e-10 7.6716e-05 0.0434303 2.81456e-10 1.26816e-09 0.461565 9.32235e-10 0.000132464 1.18362e-05 6.44819e-05 1.31708e-05 7.10434e-06 0.494172 0.000520611 5.15438e-07 2.11253e-10 
0.00257005 0.000704516 0.00198983 0.0126049 0.0315727 0.147437 1.50669e-05 0.0413577 0.0319741 0.658479 0.00285111 0.00653769 0.0416043 0.000383755 0.0198382 7.58681e-05 4.19041e-06 2.46786e-07 
5.88388e-10 5.84064e-10 0.0125387 0.171353 0.0388792 0.000422809 1.86011e-09 0.011245 1.36738e-09 1.41924e-09 0.710979 0.00443212 0.0500749 5.31632e-10 7.45058e-05 3.5374e-10 2.9139e-07 3.09862e-10 
1.51086e-09 0.0356785 2.79408e-05 8.01364e-06 0.0656306 0.118051 4.77638e-09 0.107974 3.51116e-09 4.43995e-06 2.40959e-09 0.0323772 0.0923135 1.36512e-09 0.547928 9.08333e-10 7.40429e-06 7.95664e-10 
2.37355e-07 0.0186606 0.00124352 0.0704037 0.817403 0.0105752 7.50364e-07 0.0301692 0.00402724 0.012138 0.00957755 0.00567313 0.0156643 0.00175878 0.00255718 0.000114301 3.2774e-05 1.24998e-07 
4.33856e-06 0.0286418 1.13352e-05 0.000267819 1.34132e-06 0.000188771 6.51816e-08 3.31474e-06 4.79157e-08 0.00208816 3.28829e-08 7.42035e-07 8.65087e-07 0.960952 0.00783648 7.73838e-07 2.37996e-06 1.08581e-08 
0.00284711 7.25478e-06 7.8687e-10 0.0120387 0.00265286 0.847044 2.05506e-06 0.0146212 1.34573e-05 1.44947e-09 0.000332078 0.00610606 0.0542933 0.000980536 0.0073371 0.0516548 7.00037e-05 3.16461e-10 
0.00109541 0.00358603 0.010345 7.08978e-07 0.147754 0.573227 4.79121e-07 0.0016266 0.0513394 0.0474943 1.44885e-06 0.0490465 0.0213104 2.84615e-05 0.0612638 6.0929e-05 0.031819 2.19327e-07 
1.04983e-06 0.0103654 0.00200362 0.254129 0.0285455 0.214959 2.16487e-06 0.123823 2.49579e-07 7.52032e-07 5.93381e-07 0.000414116 0.0197677 0.00925738 0.336215 9.5474e-05 0.000419754 1.23507e-07 
0.17046 3.56708e-07 0.000299777 0.006905 0.00206439 0.635319 0.000489491 0.00845622 0.000136658 2.16141e-06 0.00101454 0.0322113 0.0387314 0.0278924 0.0695636 0.00631736 0.000136092 1.84048e-07 
0.0012622 1.72487e-10 2.27535e-10 0.00393445 2.40974e-07 3.16849e-06 4.64641e-08 1.37964e-06 3.19832e-07 0.854411 2.01573e-05 0.00014752 3.34435e-06 0.00135373 0.134963 1.50852e-05 0.00388458 9.15092e-11 
1.06466e-09 0.00251372 1.39412e-09 0.0146841 0.000827324 0.0815808 3.36579e-09 0.793366 0.001891 0.000233637 0.00114509 3.6396e-07 0.051194 0.0449181 0.00682235 6.40078e-10 0.000823326 5.60683e-10 
0.0513311 0.0523886 2.2931e-05 0.00959541 0.224994 0.00428946 0.00110695 0.00172914 1.30786e-05 0.00184952 8.9737e-07 0.00877921 0.0575487 0.0676309 0.517475 0.000567775 0.00067694 3.73298e-08 
2.21873e-05 0.00136016 7.21289e-05 0.00764526 0.000574724 3.72492e-05 1.21723e-07 0.888067 7.68055e-08 5.34645e-06 0.000653213 0.00304647 0.0557464 0.0037673 0.0267099 5.30842e-07 0.0122916 5.21611e-08 
0.0362133 0.0263677 0.00855823 0.0252149 0.0309688 0.00383659 4.27835e-06 0.689219 4.6324e-05 0.000103834 0.000193075 0.00129687 0.0585806 0.000163521 0.119189 8.13622e-07 4.2729e-05 7.12701e-07 
0.0228831 2.73196e-12 1.32918e-08 0.00138303 7.24091e-07 3.23347e-05 9.54851e-08 0.000437361 6.39594e-12 0.955565 2.36716e-07 0.00320094 1.02663e-08 1.82521e-08 0.0164474 1.11251e-05 3.85658e-05 1.44938e-12 
0.0319595 0.00868587 0.000356171 2.33066e-05 0.00286777 0.627732 0.000347627 0.00827753 0.00157086 0.119643 0.0199338 0.029851 0.069248 0.00295447 0.0717128 0.000598474 0.00423722 4.51215e-07 
0.0100198 0.0169386 8.456e-06 8.08768e-05 5.03533e-05 0.752349 5.53746e-06 0.0465752 9.50864e-05 0.0820396 0.0380851 6.22066e-05 5.56543e-05 3.84104e-05 0.0469249 8.39008e-06 0.00666324 4.03204e-08 
0.0012622 1.72487e-10 2.27535e-10 0.00393445 2.40974e-07 3.16849e-06 4.64641e-08 1.37964e-06 3.19832e-07 0.854411 2.01573e-05 0.00014752 3.34435e-06 0.00135373 0.134963 1.50852e-05 0.00388458 9.15092e-11 
0.0332948 0.01512 1.92608e-06 0.0324409 0.00390536 0.0327656 1.31923e-09 0.104613 0.000530518 3.09439e-07 2.17289e-06 0.770129 0.00521308 5.6086e-07 0.000644354 0.00130152 3.62542e-05 2.19761e-10 
0.0513311 0.0523886 2.2931e-05 0.00959541 0.224994 0.00428946 0.00110695 0.00172914 1.30786e-05 0.00184952 8.9737e-07 0.00877921 0.0575487 0.0676309 0.517475 0.000567775 0.00067694 3.73298e-08 
3.82282e-10 0.122322 2.30539e-06 0.000426454 0.0679507 0.0940208 1.20853e-09 0.524426 0.132162 0.00242992 0.0295001 0.0148926 2.37461e-06 3.45407e-10 0.0118648 2.96537e-07 1.11113e-07 2.01321e-10 
2.44721e-06 2.87387e-05 8.89892e-10 1.37999e-05 7.73087e-05 0.739702 2.14844e-09 0.0312927 1.57934e-09 3.1162e-06 1.08385e-09 0.0698907 1.01199e-05 0.158803 3.84067e-05 3.27267e-07 0.00013764 3.57894e-10 
0.0183507 0.638961 4.90427e-09 0.0548293 0.0166544 0.0242831 9.4138e-06 0.0918602 0.00367167 2.52407e-07 0.016703 0.057892 0.0139269 0.0253221 0.0373174 4.91357e-05 0.000169556 1.97239e-09 
2.12954e-07 0.000489864 2.78852e-07 7.12685e-06 0.0125859 0.956741 1.10387e-05 0.000444634 5.66563e-05 5.13663e-07 0.000460977 0.000206781 0.0115738 0.00327757 0.0139996 9.32705e-06 0.000135086 1.12148e-07 
0.0332948 0.01512 1.92608e-06 0.0324409 0.00390536 0.0327656 1.31923e-09 0.104613 0.000530518 3.09439e-07 2.17289e-06 0.770129 0.00521308 5.6086e-07 0.000644354 0.00130152 3.62542e-05 2.19761e-10 
0.000238295 0.0007263 1.70272e-07 0.00192905 0.169787 0.432367 3.29498e-05 0.00107478 0.0001117 0.00582293 0.000619358 0.00190415 0.20199 0.00148557 0.0933261 0.000115008 0.0884694 7.77016e-08 
0.000474167 0.0973655 0.000531591 6.55134e-07 0.844056 0.0139784 9.37678e-09 1.04862e-05 0.0278382 7.15439e-09 4.7304e-09 0.00151497 0.00117445 0.000199002 0.0128546 2.15969e-07 1.44501e-06 1.56201e-09 
0.00219688 0.000166781 5.76749e-07 0.022846 0.00460118 0.165459 1.55999e-07 0.0160381 7.95954e-07 0.253889 2.68773e-05 0.00238831 0.0921963 0.00628284 0.0505478 0.00010802 0.38325 3.79818e-08 
1.12182e-08 0.0857743 2.4737e-10 0.0858277 0.0524072 2.07408e-05 5.97219e-10 0.0617527 8.35733e-07 0.00257345 1.54013e-05 3.02687e-06 0.00726475 0.249213 0.451779 0.00227485 0.0010925 9.94865e-11 
7.91598e-05 8.52309e-09 1.32082e-12 4.51104e-05 3.85612e-05 0.000502024 3.5008e-09 1.26427e-05 1.42144e-08 0.0969884 4.8392e-06 0.000109612 3.36064e-05 0.000773962 0.033151 1.59641e-08 0.868261 5.31204e-13 
0.00453221 0.00511216 0.00152343 0.0537879 0.0303998 0.106302 0.000922634 0.0162687 0.00147208 3.13285e-05 0.000112089 0.00480042 0.0432306 0.309234 0.345143 1.39413e-05 0.0771114 2.24185e-06 
4.67458e-05 4.62002e-09 6.09446e-09 0.00104619 0.00182884 0.00158895 1.31598e-06 2.28049e-06 1.08162e-08 0.0360335 5.42567e-06 3.89163e-05 0.000659184 0.0886549 0.37281 5.94192e-06 0.497278 2.45105e-09 
0.120671 5.39556e-07 4.36018e-06 2.48318e-06 0.483138 0.105445 0.00693223 0.0142349 2.70895e-06 8.58763e-10 5.67805e-10 0.00759081 3.10235e-06 0.000381721 0.261592 4.8848e-07 4.3291e-07 1.87493e-10 
0.00935166 0.013673 4.84018e-05 0.000130339 0.0904404 0.118583 1.96866e-06 0.0149836 0.574182 6.66315e-08 0.00113398 0.081798 0.00244823 0.00103685 0.00694074 0.0852468 3.35111e-07 1.45476e-08 
9.17936e-05 0.0566085 0.0643976 0.126953 0.289524 0.0706559 2.2967e-08 3.28823e-05 1.68833e-08 0.00952239 3.14152e-05 1.71615e-06 0.296898 0.000284591 0.0849195 4.36768e-09 7.85649e-05 3.82592e-09 
0.00882086 7.12692e-06 3.11644e-08 0.0678662 0.201859 0.135932 7.52394e-08 0.0889445 1.66852e-05 5.74069e-08 0.000485533 0.00463062 0.459723 0.0167541 0.0149571 1.21048e-06 8.30655e-07 1.25336e-08 
2.08591e-06 0.000238337 7.33574e-05 4.60117e-05 0.01705 0.00311056 6.59431e-06 8.2964e-05 4.84755e-06 5.03139e-06 3.3267e-06 0.000130277 3.90363e-05 0.857468 0.117353 1.25405e-06 0.00438416 1.0985e-06 
0.00759706 0.142513 3.97982e-05 0.00125929 0.0138079 0.101344 0.00212268 0.0739245 0.225407 0.000321953 0.00303043 0.242975 0.0108689 0.00504049 0.0645923 0.104888 0.000266823 6.81961e-07 
0.00386373 0.455305 2.03715e-06 0.070663 0.0062263 9.19505e-05 2.53364e-10 0.0863663 0.000249314 0.000258179 5.66989e-06 0.0115137 0.25013 6.78233e-05 0.110038 4.67681e-07 0.00521856 4.22062e-11 
3.8167e-08 8.7177e-05 7.00184e-05 0.000131528 0.000647211 0.00223074 1.2066e-07 0.0281444 0.00093142 9.20621e-08 6.08705e-08 0.000193797 0.964333 0.000955279 0.0020462 2.29461e-08 0.000229381 2.00999e-08 
9.33225e-07 0.469246 8.03899e-11 0.0793364 0.0645085 0.0510228 9.90018e-07 2.45555e-06 1.05592e-06 1.08116e-06 1.41002e-06 0.00501336 1.19079e-05 0.051978 0.278873 3.69092e-11 2.08127e-06 3.2331e-11 
1.01204e-06 4.92244e-06 8.18603e-06 0.0689974 0.0486958 0.428268 4.94942e-06 8.2181e-06 4.79823e-05 0.108166 5.76463e-09 0.302718 0.00879419 0.00398524 0.0302219 2.17307e-09 7.84715e-05 1.90352e-09 
0.00170697 2.80297e-10 3.69751e-10 0.00300376 0.00637736 0.917056 8.9268e-10 1.75662e-06 1.64026e-07 6.81106e-10 4.5034e-10 8.66102e-07 0.00832896 1.12746e-05 0.0633806 3.99974e-07 0.000131729 1.48705e-10 
0.0827321 0.0837106 0.00117757 0.181605 0.143865 0.0419788 6.37568e-05 0.0486465 0.0127581 0.000150001 0.000477046 0.0561678 0.171464 0.00107442 0.167045 0.00690687 0.000136799 4.17717e-05 
0.00217476 0.0146405 0.000157949 0.00344048 0.0052109 0.95419 5.15876e-07 0.00381988 0.000394764 8.17833e-05 2.60249e-07 3.39911e-05 0.00153414 1.47441e-07 0.0135622 7.98189e-05 0.000678267 8.59362e-08 
0.00431944 0.0206395 0.000522665 0.0267024 0.00410255 0.00107024 0.000644458 0.0884672 0.00094657 0.00991894 0.529734 0.0266152 0.193408 0.000392323 0.0159113 0.0534253 0.0231072 7.25139e-05 
0.000425678 0.0094768 0.000752753 0.00539603 0.0166507 0.573166 0.00053948 0.0451511 0.00175201 0.000263564 0.0281679 0.136644 0.068109 0.0012909 0.0922105 0.00045729 0.0193587 0.000187373 
1.16205e-06 0.00160232 4.26147e-10 0.25304 0.252827 6.50375e-07 1.02883e-09 0.00458952 7.56307e-10 0.00490588 1.25596e-06 7.25873e-07 0.482864 0.000103453 8.21009e-06 1.95655e-10 5.56957e-05 1.71386e-10 
0.00623029 0.818226 8.37296e-09 0.00985266 0.0184507 0.0137142 1.28617e-07 0.000160948 0.0318743 1.40207e-07 1.82481e-07 0.0154121 0.00129876 0.000609926 0.0837253 0.000223937 0.000220607 1.30938e-10 
0.00147188 0.000747834 1.25209e-07 8.35177e-05 0.0162766 0.0331902 3.02288e-07 0.000361674 0.608743 2.30643e-07 0.0342296 0.0015236 0.00478466 0.0109447 0.27321 0.00558082 0.00885053 5.03561e-08 
6.61579e-07 0.000480371 5.01594e-05 0.00182784 0.0051537 0.555094 0.000118227 0.01678 0.000108989 0.000403396 0.385668 0.0249328 0.00409146 0.000489325 0.0039152 0.000221254 0.000664979 3.48407e-07 
1.15591e-06 7.76599e-06 9.5478e-06 0.0460081 0.0324875 0.285595 5.77793e-06 0.0209812 3.70929e-05 0.0721544 1.02004e-08 0.41653 0.0058714 0.00267786 0.114579 3.84519e-09 0.00305491 3.36824e-09 
0.000239944 0.00268744 6.22468e-07 0.00193168 0.00201492 0.682451 0.00469156 0.00107935 0.000116909 0.0058638 0.0218457 0.0572058 0.101868 0.0014886 0.027324 0.000700205 0.0884902 2.06414e-07 
0.00326206 2.6982e-07 0.463773 0.00736771 1.65796e-07 0.374948 0.0237179 0.0293416 0.00195887 6.55647e-07 4.33507e-07 0.0208892 0.00524453 0.030921 0.0162262 0.019218 0.00312991 1.43147e-07 
0.00480755 0.0128794 0.00138361 0.0101673 0.0263097 0.0454888 3.30025e-05 0.006836 8.13502e-05 0.000528623 0.000113831 0.00117706 0.0801248 0.746599 0.0577862 6.665e-05 0.00561094 6.49792e-06 
4.6336e-06 0.0189727 0.000233793 0.0391669 1.17447e-05 0.234351 1.00614e-05 0.00184336 0.00102679 0.000104718 0.288549 0.000166015 0.383729 1.68623e-05 0.0161323 4.08647e-06 0.0156742 2.38593e-06 
0.000656102 1.47317e-07 9.22468e-08 0.00110621 0.000309562 3.05555e-06 3.23261e-08 1.34571e-06 1.25946e-07 0.996489 1.03391e-06 0.00063783 3.15818e-05 1.28917e-06 0.000604621 1.14716e-05 0.000146844 1.92276e-08 
0.00170697 2.80297e-10 3.69751e-10 0.00300376 0.00637736 0.917056 8.9268e-10 1.75662e-06 1.64026e-07 6.81106e-10 4.5034e-10 8.66102e-07 0.00832896 1.12746e-05 0.0633806 3.99974e-07 0.000131729 1.48705e-10 
9.09917e-07 1.64327e-06 5.95825e-07 0.00446044 0.377824 0.422541 3.9947e-10 7.378e-07 0.0160923 0.105904 2.01525e-10 9.64572e-07 1.05364e-06 1.80402e-06 0.0725378 0.000632492 1.39176e-07 6.65448e-11 
1.35937e-06 0.243753 0.0226228 0.00129394 1.35695e-06 0.000711108 1.07572e-06 0.729247 0.00083673 0.000225946 3.29468e-06 3.86942e-07 2.67909e-06 1.22766e-06 0.00129858 4.7253e-10 6.2649e-08 4.13918e-10 
0.000342309 0.00531924 0.000934482 0.000908638 0.0261149 0.0840153 0.00272698 0.0206834 0.00565074 0.00039513 0.000151877 0.00135271 0.0948669 1.37409e-06 0.75648 2.47829e-06 5.24371e-05 8.00888e-07 
0.00746816 0.00226839 6.96665e-11 0.0257585 0.193283 0.499718 0.000840983 0.000295794 4.2475e-07 7.32091e-07 8.48506e-11 0.000502129 0.209926 0.00893239 0.0507107 4.4441e-05 0.000250563 2.80183e-11 
0.000153613 0.075532 8.9641e-06 3.62299e-06 0.0813099 0.100904 1.26026e-06 0.0367337 0.669466 3.81369e-05 0.00194192 0.0129533 1.18562e-05 3.60192e-07 0.0160964 0.00031887 0.00452603 2.09939e-07 
0.000275865 2.0064e-05 1.58192e-09 0.0411424 9.05362e-07 3.41044e-06 3.81919e-09 0.375023 6.07318e-05 1.49131e-06 0.0010601 0.000113854 0.494357 1.09155e-09 0.0879415 7.26301e-10 4.12741e-07 6.36211e-10 
0.0303567 0.0100606 0.0021705 0.0748342 0.0736943 0.087952 2.31906e-07 0.120512 0.140336 0.00563268 0.00782847 0.0236966 0.120046 0.0141139 0.288727 9.28668e-06 2.90363e-05 3.86317e-08 
0.00343392 0.0536219 0.00318602 0.00674894 0.0708876 0.411665 0.00457021 0.00675889 0.000488858 0.000586128 0.00309864 0.0801675 0.0396575 0.0169917 0.29153 0.000381498 0.00592642 0.000299762 
0.0109158 0.0378566 0.00219524 0.425976 0.00262251 0.119794 4.81642e-05 0.00633465 0.00141384 0.131203 0.0158174 0.24297 0.000664841 0.000232178 0.000912004 0.000958054 8.37617e-05 1.19415e-06 
0.00431944 0.0206395 0.000522665 0.0267024 0.00410255 0.00107024 0.000644458 0.0884672 0.00094657 0.00991894 0.529734 0.0266152 0.193408 0.000392323 0.0159113 0.0534253 0.0231072 7.25139e-05 
0.0047592 1.3802e-06 4.11572e-06 0.000218285 0.00340317 0.829583 5.61474e-05 0.00169941 0.071718 0.00474303 0.00744289 0.00615336 0.00389563 0.000995983 0.0345483 0.00100596 0.0297726 1.32392e-10 
0.0827321 0.0837106 0.00117757 0.181605 0.143865 0.0419788 6.37568e-05 0.0486465 0.0127581 0.000150001 0.000477046 0.0561678 0.171464 0.00107442 0.167045 0.00690687 0.000136799 4.17717e-05 
3.94331e-06 0.284852 2.07611e-06 6.29545e-07 0.0239188 0.00575349 2.14193e-10 1.18222e-06 3.93796e-07 5.72157e-07 6.80861e-07 9.93249e-05 0.0435238 0.580685 0.0610613 9.58012e-05 1.07854e-06 3.56809e-11 
1.04444e-06 0.0175967 2.35589e-06 0.0442563 0.00416322 0.00140704 3.8463e-09 0.148831 0.000394434 7.55754e-05 0.00706268 0.101213 0.667413 9.31888e-06 0.00744202 1.26625e-07 0.000131263 6.40728e-10 
0.00041105 2.37586e-07 3.86754e-05 0.00192245 0.0212652 0.788588 2.87386e-05 0.00724668 0.00580793 0.000737481 0.000623463 0.0446821 0.0493681 0.000562089 0.0761035 0.000225178 0.00238887 1.37192e-07 
1.88339e-06 6.27495e-07 6.12473e-07 0.000530093 0.00119131 0.0078315 6.49121e-10 7.18453e-05 0.00017896 0.785403 0.149696 0.0105237 0.0086191 0.00127921 0.0323256 5.49827e-06 0.00234157 1.08133e-10 
2.17834e-09 0.256851 2.85242e-09 0.0165421 5.1844e-06 0.6647 1.71441e-05 0.00710637 5.06235e-09 0.0173485 0.0131192 0.000347907 0.023949 7.46132e-06 2.28376e-06 3.70072e-06 6.8572e-07 1.14718e-09 
3.26992e-05 0.0684185 6.56489e-07 0.0236257 0.161121 0.666085 7.20948e-09 0.000500143 0.00588463 5.50075e-09 3.63704e-09 0.0740071 1.6399e-05 2.48218e-06 0.000300656 1.37104e-09 4.89099e-06 1.20098e-09 
0.020329 6.19628e-08 7.23275e-12 0.117458 2.39219e-05 2.70513e-07 8.74837e-09 0.00997725 1.28364e-11 9.95259e-07 8.80916e-12 1.3738e-08 0.0819367 0.173572 0.187751 4.91505e-08 0.408951 2.90885e-12 
0.0308652 0.00573086 0.000802445 0.00118486 0.17161 0.149314 0.00010102 0.172762 0.125833 3.53781e-06 0.00110093 0.06805 0.041909 0.00241968 0.0345838 0.192977 0.000751707 4.29999e-07 
0.000209796 0.00246073 4.406e-07 0.00118156 0.337866 0.00688309 1.06373e-06 0.00038277 0.333266 0.000267464 5.36631e-07 0.00181278 0.000866466 0.00617739 0.308613 2.02291e-07 1.08307e-05 1.77199e-07 
0.000100116 0.00792322 0.000185116 0.00238023 0.0115308 0.0023802 3.7979e-07 0.920876 9.12506e-07 3.17557e-05 0.00188445 0.0136264 0.0354415 2.77568e-05 0.00358693 7.91495e-06 1.6759e-05 3.79554e-08 
0.00219688 0.000166781 5.76749e-07 0.022846 0.00460118 0.165459 1.55999e-07 0.0160381 7.95954e-07 0.253889 2.68773e-05 0.00238831 0.0921963 0.00628284 0.0505478 0.00010802 0.38325 3.79818e-08 
0.00108768 0.054315 3.07008e-05 0.0375199 0.018287 0.572713 0.000104977 0.00885676 0.0115203 0.00298135 0.0298059 0.077657 0.114982 0.00425907 0.0558543 0.000546627 0.00947813 3.3422e-07 
0.0368959 0.0660588 0.00179098 0.0464115 0.763443 0.025994 0.000102185 0.0207422 0.000180536 4.11568e-05 0.000108761 0.0203928 0.000875409 6.56777e-05 0.0164525 0.000372017 4.39224e-05 2.91051e-05 
1.90492e-06 3.68583e-05 0.00141535 0.0113334 0.927279 0.00158729 0.000126812 0.0112882 0.000804977 3.29024e-10 2.19212e-08 0.0289909 0.014703 0.000159144 0.00117676 0.00109569 3.47908e-07 7.18356e-11 
7.91598e-05 8.52309e-09 1.32082e-12 4.51104e-05 3.85612e-05 0.000502024 3.5008e-09 1.26427e-05 1.42144e-08 0.0969884 4.8392e-06 0.000109612 3.36064e-05 0.000773962 0.033151 1.59641e-08 0.868261 5.31204e-13 
0.00539563 0.06051 0.00275809 0.0668383 0.410872 0.114045 0.000273042 0.072204 3.14325e-05 0.000216029 0.000170438 0.00183268 0.0665037 0.0229603 0.171139 0.000810022 0.00343669 3.4382e-06 
4.79487e-09 0.765713 1.11095e-11 0.000287742 5.34673e-05 4.43471e-08 2.68214e-11 1.91326e-09 1.97167e-11 9.94534e-09 1.35309e-11 3.14927e-09 0.000223038 0.00106272 0.232654 6.05497e-08 6.00212e-06 4.468e-12 
9.09917e-07 1.64327e-06 5.95825e-07 0.00446044 0.377824 0.422541 3.9947e-10 7.378e-07 0.0160923 0.105904 2.01525e-10 9.64572e-07 1.05364e-06 1.80402e-06 0.0725378 0.000632492 1.39176e-07 6.65448e-11 
5.88388e-10 5.84064e-10 0.0125387 0.171353 0.0388792 0.000422809 1.86011e-09 0.011245 1.36738e-09 1.41924e-09 0.710979 0.00443212 0.0500749 5.31632e-10 7.45058e-05 3.5374e-10 2.9139e-07 3.09862e-10 
0.000997855 2.11637e-05 0.00844349 1.53503e-06 3.37932e-05 0.240507 6.00078e-08 0.00933727 8.05325e-05 0.018587 2.40212e-05 0.0191822 0.0066895 0.272045 0.416959 1.14118e-08 0.0070903 9.99629e-09 
8.27704e-06 0.00137079 2.67753e-06 0.00223876 0.389848 0.104475 1.70018e-06 0.178169 0.00584916 0.0253467 4.68891e-05 0.00349804 0.131235 0.0115877 0.146217 2.67279e-06 0.000102643 7.45322e-10 
2.36564e-11 7.95826e-06 5.9788e-07 2.66019e-06 3.52077e-06 0.00251024 7.47864e-11 0.333237 0.00120139 0.00135861 0.360359 0.301311 2.93666e-06 2.36617e-06 1.97078e-06 1.42223e-11 8.14014e-08 1.24581e-11 
0.000474167 0.0973655 0.000531591 6.55134e-07 0.844056 0.0139784 9.37678e-09 1.04862e-05 0.0278382 7.15439e-09 4.7304e-09 0.00151497 0.00117445 0.000199002 0.0128546 2.15969e-07 1.44501e-06 1.56201e-09 
0.000638936 0.0462854 4.11394e-05 0.0204785 0.0375619 0.600704 0.000104698 0.0231274 0.0246086 0.0608633 0.00962829 0.00712888 0.0359794 0.00623762 0.0917119 6.32464e-05 0.0348359 8.41604e-07 
1.06223e-11 0.207979 0.0047252 1.19449e-06 0.0466384 0.0118799 3.3581e-11 0.130163 0.165423 0.00070383 0.237645 0.0552718 0.118151 0.00371971 0.0176994 6.38615e-12 3.65513e-08 5.59402e-12 
3.33326e-07 0.000833552 4.36472e-07 0.0012796 0.0512801 0.811391 1.05376e-06 0.000421923 0.000703665 8.0401e-07 0.00443737 0.0841287 0.00165001 0.0376852 0.00310317 2.00396e-07 0.00308295 1.75539e-07 
6.63301e-05 0.0107958 0.00158994 9.23828e-05 0.0181398 0.00258027 2.54313e-06 0.0025736 1.86948e-06 1.94038e-06 0.00766515 0.0755252 0.00566383 0.00128601 0.873982 1.34987e-05 1.99197e-05 4.23643e-07 
0.0565975 0.566015 4.5578e-05 0.0734521 0.00434536 0.00986186 4.56032e-06 0.0085218 0.00161139 0.00169016 0.11982 0.0101215 0.0473237 0.00773635 0.058506 0.0057052 0.0286427 2.14367e-07 
8.88606e-05 0.0408178 1.2176e-05 0.00593931 0.0643993 0.415466 1.64786e-05 0.000149768 6.94594e-05 0.0011059 0.0238979 0.00040317 0.0315312 0.0968056 0.28646 0.000984134 0.0318505 2.7811e-06 
1.16205e-06 0.00160232 4.26147e-10 0.25304 0.252827 6.50375e-07 1.02883e-09 0.00458952 7.56307e-10 0.00490588 1.25596e-06 7.25873e-07 0.482864 0.000103453 8.21009e-06 1.95655e-10 5.56957e-05 1.71386e-10 
0.0459017 0.00231892 0.000521662 0.000671202 0.0392975 0.697367 0.00834086 0.000575256 0.0240135 5.82537e-06 0.104467 0.00476575 0.027165 0.00575114 0.0388281 2.98253e-06 5.99841e-06 9.87083e-08 
0.000694686 0.223268 1.89263e-06 0.0356668 0.0173839 0.00129065 0.000694053 0.0852272 2.04743e-05 5.14232e-05 0.356678 0.00972455 0.0742804 0.00316795 0.0906354 0.101199 1.44567e-05 8.80245e-07 
0.000323011 0.915962 1.54606e-07 0.000100424 0.00246796 0.00389826 3.77313e-05 0.0530089 0.0158486 2.84795e-07 0.00137445 2.54525e-05 0.000763499 0.00580452 0.00035902 7.0984e-08 2.55089e-05 6.21792e-08 
4.97596e-07 0.00717968 1.57519e-05 0.0782578 0.0708857 9.26534e-05 3.7593e-10 0.00731879 1.56717e-07 0.067367 1.31262e-07 6.7676e-08 0.00517666 0.135787 0.614643 7.14912e-11 0.0132746 6.26235e-11 
0.000202939 0.0335788 0.000131281 0.0066748 0.0144008 0.730312 2.41844e-05 0.00265563 0.00600486 0.0180984 0.000539388 4.36913e-06 0.0574003 0.0393903 0.0864779 6.72425e-06 0.00409722 5.17111e-07 
2.00233e-06 0.0045378 6.47584e-07 0.000380528 0.00569442 0.652176 0.00149789 0.0329726 0.0299445 0.0288817 0.0351712 0.11907 0.053247 2.97053e-06 0.0179825 0.00095202 0.0174858 1.00904e-10 
0.000102557 0.203691 0.000649723 5.23702e-05 0.19463 0.0846108 0.00230058 0.00289545 0.0011325 6.54677e-06 1.11065e-05 0.205325 0.0016465 0.235959 0.0154275 0.000125745 0.0514326 2.83015e-07 
8.24777e-05 0.00450376 2.38822e-05 0.0206465 0.143884 0.00225495 1.28211e-06 0.0832233 0.165787 0.000652168 0.00173667 0.00119767 4.39345e-05 0.311328 0.252908 0.0117077 1.86804e-05 2.13577e-07 
0.0005555 6.61903e-08 0.589404 0.000691091 0.000334569 0.386762 0.0021758 0.000832265 0.00048725 0.00138205 1.06345e-07 0.00206282 0.00117482 0.00077652 0.00202775 0.00181876 0.00951413 3.51158e-08 
7.91598e-05 8.52309e-09 1.32082e-12 4.51104e-05 3.85612e-05 0.000502024 3.5008e-09 1.26427e-05 1.42144e-08 0.0969884 4.8392e-06 0.000109612 3.36064e-05 0.000773962 0.033151 1.59641e-08 0.868261 5.31204e-13 
7.94599e-06 0.00247522 6.00152e-07 0.00239853 4.59191e-05 0.0175597 0.000419939 0.0211362 0.866432 0.00298116 0.0106837 0.000571706 0.000498557 4.14115e-07 0.0747093 2.75546e-07 7.87491e-05 2.41367e-07 
0.000133686 0.317445 1.87633e-06 0.0358585 0.00695269 0.0206962 8.43693e-08 0.171206 0.000157439 0.00235639 0.000832248 0.00452576 0.361532 0.00536171 0.0729398 4.01503e-11 1.76985e-07 3.51701e-11 
4.3375e-08 4.74371e-07 0.00325105 0.0137781 0.00169443 0.533531 2.90344e-10 0.017169 0.000755145 0.000508276 1.46473e-10 0.369697 0.0023437 4.13659e-06 0.0551366 0.0021241 6.64445e-06 4.83664e-11 
2.77627e-05 0.844606 0.0008606 9.88393e-06 0.00143144 6.07732e-05 1.55857e-06 0.117542 0.00226304 0.000316646 0.00491836 0.00292527 0.0186489 0.00042389 0.00595159 2.96396e-07 1.14078e-05 2.59631e-07 
0.371395 3.68321e-07 0.000201307 0.0401492 0.293879 0.292117 1.17302e-06 0.000103934 0.000750552 8.94999e-07 3.01114e-05 0.000105156 0.000608241 0.000325258 0.000167693 2.23075e-07 0.000165137 1.95405e-07 
9.97579e-07 0.00289968 1.30628e-06 0.10654 0.00091511 0.000831773 3.15371e-06 0.0103825 2.31832e-06 0.761454 1.59098e-06 0.058689 0.0577093 9.01352e-07 0.000554354 7.65037e-06 5.83749e-06 5.25354e-07 
0.016899 0.646282 2.46952e-07 0.187507 1.61576e-05 2.62473e-06 1.23726e-09 0.00439233 5.0214e-05 2.86976e-06 1.51958e-05 0.00243325 0.0285877 9.31377e-06 0.113801 2.35292e-10 8.14942e-07 2.06106e-10 
9.17936e-05 0.0566085 0.0643976 0.126953 0.289524 0.0706559 2.2967e-08 3.28823e-05 1.68833e-08 0.00952239 3.14152e-05 1.71615e-06 0.296898 0.000284591 0.0849195 4.36768e-09 7.85649e-05 3.82592e-09 
5.53641e-10 5.49572e-10 2.24811e-06 9.74329e-06 0.832522 0.0477338 1.75026e-09 4.27297e-06 0.0574283 1.60385e-06 2.65775e-07 1.39021e-05 4.33817e-06 3.25204e-06 0.0622754 3.3285e-10 5.08206e-07 2.91564e-10 
0.0194436 0.000309429 0.000144019 0.0440961 0.00760741 0.146165 5.89176e-06 0.0344529 0.000130415 0.257686 2.10251e-05 0.016755 0.103218 0.00627229 0.0595082 0.0231859 0.280997 2.08489e-06 
1.76534e-07 1.10463e-12 1.45716e-12 1.70472e-06 4.35727e-06 1.01812e-08 4.91817e-09 8.6075e-09 2.5861e-12 0.169573 9.52199e-06 0.000139914 6.72089e-05 0.000167726 0.00264837 2.24317e-08 0.827388 5.86036e-13 
5.78412e-05 0.000103682 3.85005e-05 7.56405e-05 0.000598562 0.000521693 3.04464e-06 4.64461e-05 0.000306991 0.99796 1.53596e-06 6.06329e-05 6.60371e-05 8.70179e-07 0.000135588 1.29273e-05 9.13917e-06 5.07185e-07 
