1.43692e-11 4.47892e-07 0.0136284 0.0623292 0.0157153 0.118863 8.18127e-08 0.00413103 0.00841394 0.0126397 0.00904628 0.132847 1.49905e-06 0.0560049 0.221629 2.5399e-07 0.00142835 0.343322 
0.00120277 0.0117564 0.022933 0.06348 0.0927023 0.0100474 0.000258744 0.0307302 0.277479 0.000113748 0.00037876 0.0366591 0.0541686 0.0443901 0.0550966 0.00158005 0.0162678 0.280756 
0.00414751 0.00201323 0.0258428 0.214428 0.00570871 0.00335243 6.15619e-06 0.122097 0.00171646 0.000224914 0.00486483 0.0319804 0.0979078 0.000129751 0.0235617 0.000224116 0.00356251 0.458231 
6.9357e-07 0.000873431 0.000916254 0.0578536 0.117687 0.00661795 0.000100097 0.226522 4.86851e-06 1.67295e-06 4.23018e-05 0.0155562 0.125473 6.19935e-05 0.0108324 3.37075e-06 0.000206188 0.437247 
0.00112033 2.85505e-05 4.76039e-05 0.0364027 0.00121804 0.00210091 3.2251e-05 0.000300284 4.61022e-13 2.48828e-08 2.59466e-09 1.27719e-08 0.0102368 0.000408741 1.56611e-09 1.26434e-09 1.16981e-05 0.948092 
0.0740566 0.000626136 0.00214073 0.214122 0.0170186 0.00186085 1.42543e-05 0.0428205 9.89444e-05 0.000101602 0.000565211 0.0379603 0.0743217 0.0123412 0.0293623 0.00296821 0.00442371 0.485197 
0.138171 0.000588878 0.00127729 0.273016 0.0104552 0.00343998 5.82684e-07 0.00686166 0.0010801 0.00170219 0.00313134 0.0253319 0.142113 0.000291914 0.000184416 0.000105395 0.000120509 0.392128 
0.00453194 0.00849511 0.0377998 0.173795 0.0279022 0.0135973 1.72142e-07 0.131771 0.000947313 0.00265206 0.00351437 1.72362e-07 0.0876527 0.00401517 0.00298219 0.0018787 0.00494668 0.493518 
0.00190996 0.0313407 0.00726888 0.0402116 0.10313 0.00888512 0.000312358 0.0438195 0.162123 7.98531e-05 0.00179414 0.0637708 0.125301 0.0151 0.0618471 0.0017078 0.0067608 0.324637 
0.00414751 0.00201323 0.0258428 0.214428 0.00570871 0.00335243 6.15619e-06 0.122097 0.00171646 0.000224914 0.00486483 0.0319804 0.0979078 0.000129751 0.0235617 0.000224116 0.00356251 0.458231 
4.89488e-06 1.51362e-06 2.21997e-09 1.27818e-05 6.24895e-06 0.0197802 1.79143e-05 0.0147148 9.02545e-05 1.22872e-06 2.70382e-09 0.158385 1.49084e-05 0.00676184 0.0616416 9.9406e-05 0.0175267 0.720941 
0.282482 0.00185453 0.00264314 0.165217 0.0136297 0.0073938 6.93636e-06 0.0128825 0.000261203 0.00346062 0.0105431 0.0216971 0.122032 0.000289668 0.0162116 5.36472e-05 0.00574098 0.3336 
0.0049957 0.0103395 0.00310153 0.0893454 0.129246 0.00707101 2.65586e-05 0.0333217 5.21323e-09 0.000249815 0.000174478 0.130149 0.226869 0.0006319 0.02117 1.73272e-05 0.000118452 0.343172 
2.41926e-07 0.00471492 6.89444e-06 3.51103e-11 0.0109914 0.0328161 1.00468e-07 0.00729707 1.31089e-05 0.00360729 0.000286804 0.0774865 0.0681016 0.000704442 0.0151248 2.96232e-05 1.35584e-05 0.778806 
5.67666e-10 2.8231e-07 0.0414573 1.53709e-06 0.0938444 0.270558 1.7946e-09 0.0239301 4.88247e-06 5.49074e-07 9.0534e-10 0.226354 2.58416e-05 8.15577e-06 2.93529e-05 1.19483e-06 0.000236401 0.343548 
0.00158371 0.00325039 0.00164941 0.0550268 0.014388 0.0771531 0.00139379 0.0314888 0.00049725 0.00119485 3.79648e-05 0.272312 0.216255 0.00128051 0.00470603 4.26771e-05 0.00189245 0.315847 
0.0262611 0.000662017 0.131817 0.034983 0.00930981 0.0464823 0.0923175 0.0119058 0.00026345 0.000473903 0.00238446 0.0419935 0.0420712 0.00120681 0.00424634 0.0241293 0.0003222 0.52917 
2.41926e-07 0.00471492 6.89444e-06 3.51103e-11 0.0109914 0.0328161 1.00468e-07 0.00729707 1.31089e-05 0.00360729 0.000286804 0.0774865 0.0681016 0.000704442 0.0151248 2.96232e-05 1.35584e-05 0.778806 
0.00583204 0.0059262 0.0205801 0.0386073 0.0170087 0.0234056 0.000102202 0.051023 0.00320415 0.000637987 0.0117608 0.222631 0.130233 0.00506233 0.049393 0.00124987 0.00958006 0.403762 
0.00413476 0.00501596 0.00888467 0.053765 0.0252876 0.211839 0.000267305 0.0802522 0.0140435 0.00405307 0.00294307 0.04963 0.191878 0.00117481 0.0398237 9.64275e-05 0.0124825 0.294428 
2.46759e-05 0.0075811 0.00030801 0.0278566 0.299492 0.038233 1.07172e-06 0.0160224 1.66392e-05 3.09969e-05 5.19299e-05 0.000183409 0.0357342 0.00855685 0.0519489 7.07205e-06 0.000487746 0.513464 
2.237e-05 2.22246e-06 0.194557 0.0122917 7.05235e-07 1.05968e-05 2.90071e-10 0.235273 7.03888e-07 1.32815e-06 1.46335e-10 2.32619e-06 0.0489719 3.39991e-07 0.0622702 5.51634e-11 1.91101e-06 0.446594 
0.0069834 0.0797623 0.000431913 0.243377 0.0141454 0.043916 7.82301e-05 0.0427041 0.00118244 0.000306955 0.0057408 0.00786679 0.132046 9.07148e-06 0.00615699 2.77291e-05 0.000104969 0.41516 
0.00397066 0.000115233 0.000454309 0.0602974 0.00481977 0.00429584 2.07658e-05 0.0166386 4.66636e-05 0.000394612 0.00117152 0.0236433 0.293816 0.00031263 0.000571125 2.28449e-05 0.000137592 0.589272 
0.00103753 0.00900179 0.00304763 0.0697971 0.0175077 0.016534 0.000459867 0.0990999 0.000433147 4.84601e-05 0.0031954 0.285568 0.108373 7.69587e-05 0.00113956 0.0134777 3.69944e-06 0.371198 
2.41926e-07 0.00471492 6.89444e-06 3.51103e-11 0.0109914 0.0328161 1.00468e-07 0.00729707 1.31089e-05 0.00360729 0.000286804 0.0774865 0.0681016 0.000704442 0.0151248 2.96232e-05 1.35584e-05 0.778806 
0.000164023 0.000176643 2.05059e-05 4.81801e-06 0.000579853 0.000351744 4.9507e-05 0.00081174 0.000742855 0.000940466 0.000891278 0.00108633 0.000827193 8.36378e-05 0.000129616 9.41483e-06 2.69073e-05 0.993103 
5.30963e-05 0.00029581 0.00380655 0.0515425 0.0265892 0.026511 0.00010898 0.00833012 7.06595e-05 8.93522e-05 2.33357e-06 0.0110823 0.101277 0.000157247 0.000344691 1.27561e-05 7.67095e-05 0.76965 
0.0326731 0.000400783 0.00315021 0.175146 0.0444372 0.00471216 4.12815e-05 0.223537 5.31222e-05 7.35946e-05 0.00192897 0.0100244 0.103446 0.00234755 0.0151409 0.00318216 0.00108855 0.378618 
0.000263738 0.00199087 0.00124103 0.0321638 0.0061476 0.00574732 6.86417e-06 0.166318 2.29604e-11 6.03914e-05 0.000377404 0.128783 0.197935 0.00018013 0.00104518 6.50118e-06 1.77265e-05 0.457716 
0.120931 6.74303e-05 2.34074e-05 0.140931 0.00861723 0.0214022 0.000401236 0.00182792 3.24162e-05 0.00123575 1.16129e-08 0.0412323 0.119564 0.00022159 0.000468993 0.000127592 6.49388e-05 0.542851 
0.00457656 0.000508336 8.17227e-06 0.330066 0.00987222 0.00649988 5.45825e-06 0.000891484 1.32339e-07 0.000202281 0.00127931 1.11244e-07 0.0213769 0.00255445 0.00464474 1.10187e-08 0.000295038 0.617219 
0.0787976 0.0013186 0.00199357 0.0311988 0.0820696 0.102468 2.42201e-05 0.0159396 0.00403769 0.00157245 0.0055412 0.183259 0.133756 0.00442139 0.0148251 0.00492242 0.0774742 0.25638 
0.0318492 0.0144785 0.000579697 0.26962 0.0234296 0.00255424 1.64861e-05 0.0292598 0.000287368 0.000212936 0.00322773 0.0672543 0.162238 0.00658535 0.0268743 0.00718476 0.00467531 0.349672 
0.015854 0.0379401 0.0874603 0.0701027 0.0118486 0.142473 0.000817035 0.0281153 0.000208484 0.00134584 0.00112418 0.0448206 0.0302456 0.00069271 0.0113428 0.0871824 0.00145311 0.426973 
0.00358744 0.000727044 0.163951 0.0119289 0.0341146 0.138872 5.03554e-05 0.0951608 0.000661068 2.34035e-05 6.14764e-05 0.0286515 0.0210652 0.0009225 0.00320533 0.000126987 0.000189113 0.496701 
0.00122214 0.0193254 0.000318014 0.0254388 0.0245726 0.00710908 9.9062e-06 0.00983018 5.51835e-05 9.25289e-06 0.143574 0.0513296 0.323912 1.80119e-06 0.00185576 2.57308e-05 0.000246251 0.391164 
0.00452173 0.0220167 0.00101405 0.0246133 0.0368069 0.343672 0.00097953 2.54025e-05 9.58877e-06 0.000872942 5.55635e-06 0.0132574 0.0547791 0.000120203 0.0289738 0.00212805 0.00028929 0.465915 
0.00414751 0.00201323 0.0258428 0.214428 0.00570871 0.00335243 6.15619e-06 0.122097 0.00171646 0.000224914 0.00486483 0.0319804 0.0979078 0.000129751 0.0235617 0.000224116 0.00356251 0.458231 
0.00524897 0.0580163 0.0846193 0.190649 0.0951909 0.0379121 2.25222e-05 0.0576628 0.00118636 0.00273852 0.00284592 0.0563084 0.0958139 0.00338851 0.0271432 0.0108746 0.0272419 0.243136 
0.00671692 0.000213018 0.000359945 0.114417 0.200649 0.00731585 2.86163e-05 0.00452459 2.70033e-08 5.21753e-05 2.70719e-08 0.0115241 0.243199 0.000110036 0.00496253 6.34157e-05 0.0017096 0.404154 
0.00520105 0.000114386 0.0189763 0.040508 0.00511363 0.0741807 5.33549e-05 0.0210271 1.34649e-05 9.72389e-05 0.00160863 0.174458 0.0485863 0.0709904 0.0342321 0.027308 0.00065663 0.476875 
0.240662 0.000304319 0.00316911 0.0638662 0.00778065 0.00569702 1.36323e-05 0.00937668 0.000613553 0.00471428 0.0322382 0.0203874 0.102425 0.00371719 0.00680398 0.000300265 0.0206219 0.477309 
0.00290065 0.0311151 0.00636555 0.00383942 0.0186323 0.114137 0.00346671 0.0244835 0.000611498 0.00264775 0.000172783 0.019805 0.0371756 0.00159522 0.00848028 0.000133558 0.000220904 0.724218 
0.00960017 0.000448859 0.000301167 0.0205088 0.00175217 0.0212612 0.000179328 0.000912451 1.79581e-11 3.2099e-07 3.10612e-08 0.00771155 0.0238058 0.0874712 0.116083 1.30663e-05 0.00874844 0.701202 
0.000393659 0.00918746 1.7527e-05 0.00307977 0.310333 0.0325303 1.61782e-07 0.00231125 6.90281e-08 1.00253e-06 4.73716e-08 0.0170432 0.228019 0.00074863 0.0472267 1.78575e-08 3.20637e-06 0.349105 
0.042834 0.076732 1.46235e-05 0.0551136 0.00327469 0.0350079 0.024601 0.0124031 0.000995774 0.00655825 0.0230973 0.0555721 0.0394747 0.00428766 0.0107942 0.0980317 0.000929456 0.510278 
0.00119005 0.00389132 0.0417845 0.0936946 0.0260639 0.0118373 1.56494e-05 0.0886935 0.000185242 0.000754086 0.00105252 0.0815224 0.281742 0.00617166 0.0229263 7.71258e-05 0.00552993 0.332868 
7.63862e-06 0.000346644 0.00543216 0.00213049 0.00118541 0.00141672 2.57763e-06 0.00580738 8.41976e-05 6.37859e-05 0.000419191 0.0389297 0.190316 2.79674e-05 0.000461565 0.000105688 1.22219e-05 0.753251 
8.22058e-05 0.00031949 9.8659e-05 0.0132349 0.00567971 0.00219012 0.000140223 0.0441106 3.64625e-05 1.36221e-05 2.83859e-06 0.0256598 0.427428 7.67487e-05 0.000325209 1.19652e-05 3.6332e-05 0.480553 
0.0212614 0.000325288 0.000481365 0.0227939 0.0157238 0.0294212 2.59755e-05 0.00460841 0.000427699 0.000149551 0.00225474 0.0159485 0.130769 2.10649e-05 0.0118297 0.00131699 0.00810445 0.734537 
0.0202328 0.000977626 0.000278439 0.0377985 0.0154353 0.00859571 4.66197e-05 0.01884 9.30091e-05 0.00116595 0.00107937 0.131973 0.330242 0.00138926 0.0098119 0.00285689 0.00859298 0.410591 
0.00771853 0.00732863 0.0159033 0.0118224 0.00849802 0.00238587 6.39861e-07 0.207631 9.19338e-06 0.00109142 0.000430717 0.129631 0.255593 0.000180282 0.0173879 1.7555e-05 0.00473703 0.329633 
0.00416366 0.000552965 0.00952987 0.0781517 0.164725 0.13387 0.003997 0.0659291 0.0201832 0.00237128 2.03474e-05 0.0181592 0.187587 0.00050423 0.0335086 7.08612e-05 0.0445934 0.232082 
0.00102937 0.00214749 0.0160576 0.0408779 0.0791838 0.0417918 0.000634526 0.00302603 0.000312132 0.000471412 0.000129674 0.0308937 0.115223 0.0379431 0.0222928 2.29385e-05 0.00265926 0.605304 
0.0131389 0.00435371 0.000143949 0.129914 0.0125297 0.00353948 1.46173e-05 0.000850021 6.95973e-05 0.000220924 2.9677e-05 0.00571892 0.325129 0.000336413 0.00325809 1.51862e-05 0.000736754 0.500001 
0.000574285 0.00117177 0.0138389 0.00431601 0.00531618 0.00197754 5.53433e-07 0.00353399 4.00909e-07 9.98127e-05 4.58013e-05 0.0435906 0.0454042 0.000276452 0.00584291 1.07995e-05 0.000162854 0.873837 
5.40633e-06 7.11658e-07 0.016386 0.227851 0.0309866 0.00955568 6.47377e-10 0.00978741 3.95039e-06 7.90801e-07 3.26589e-10 1.30148e-06 0.18703 0.209534 0.0251937 1.72481e-07 9.39394e-11 0.283663 
0.00436204 0.000508403 0.0142621 0.195044 0.0339998 0.00294602 8.4267e-05 0.00939123 4.78008e-05 9.72012e-05 5.16391e-05 0.11522 0.134966 0.000498259 0.00349946 1.14506e-05 0.000951892 0.484058 
0.000545477 7.56222e-05 0.0162291 1.96656e-06 0.19683 0.0720148 0.124022 0.0426133 0.000117131 1.63233e-06 7.07016e-10 0.0639888 1.87414e-05 0.0006394 0.00387743 0.00166134 0.000570081 0.476794 
0.0401808 9.04016e-05 0.000785279 0.0947582 0.0239555 0.0292338 0.000159042 0.00698961 0.000163203 0.000426401 0.000630036 0.149206 0.129035 0.000549473 0.00168244 0.00659108 0.00039573 0.515168 
0.00292897 0.000986169 8.02502e-07 0.239418 0.00393448 0.0298952 1.55956e-07 0.0216107 0.000509139 2.05296e-06 6.04176e-07 0.0101612 0.128802 0.00301447 0.000459807 1.36672e-05 1.75393e-05 0.558245 
0.00355731 0.00289004 0.0654731 0.108063 0.0233138 0.00389699 1.91258e-05 0.0443616 0.000301337 0.000253271 0.00188091 0.0183233 0.150506 0.000306436 0.0127844 0.000118541 0.000307308 0.563644 
3.46969e-08 0.00180908 0.00362688 0.184103 0.19141 0.0483541 3.06916e-09 0.0656537 0.00272903 4.985e-07 0.00106733 0.0257625 0.198465 0.00147831 0.0368074 0.000168404 0.000433289 0.238132 
0.013437 0.013331 0.00011482 0.0858887 0.0738335 0.0741772 9.08327e-05 0.00373559 0.00285025 2.36299e-05 0.00107071 0.0283918 0.152404 0.0118409 0.26334 0.000111052 0.00225177 0.273107 
0.000976275 0.0010841 0.00590202 0.114581 0.0925596 0.00668127 4.16852e-08 0.00253201 0.00263885 0.000427617 2.91218e-07 0.0464337 0.314956 0.052861 0.0246825 1.93132e-05 0.00296041 0.330703 
0.0457732 0.0029426 0.0081174 0.112704 0.0160372 0.00868746 2.67733e-05 0.127638 9.66191e-05 0.000920046 0.00393836 0.0389782 0.138788 0.00013916 0.0073484 0.000499697 0.00492082 0.482444 
3.18137e-06 0.000188465 0.106373 0.00615179 0.0141043 0.0433445 7.6697e-07 0.00125418 6.68311e-06 2.01609e-07 1.56194e-05 2.20716e-06 6.96671e-06 0.000138745 0.0058709 3.25851e-07 0.000603741 0.821934 
0.0181409 0.00178656 0.000421806 0.0449848 0.0140441 0.00636756 0.000113475 0.0234874 3.11754e-05 9.23236e-05 0.000400717 0.125627 0.194567 0.00182775 0.0668752 0.00224753 0.0191524 0.479833 
3.57873e-06 0.0369152 0.0218423 0.00325479 0.100745 0.203437 3.02141e-05 0.194726 0.000357747 2.15185e-05 2.06009e-05 0.0353764 0.0118005 0.0443247 0.116593 0.00156804 0.0184676 0.210516 
0.0212318 0.000421651 0.000440034 0.00771808 0.00311766 0.0900019 0.137172 0.00640539 5.15816e-09 1.69116e-06 5.59116e-06 0.0369015 0.0360374 0.000308326 0.00412572 0.175283 0.000511727 0.480316 
0.00119332 0.0134885 0.00017905 0.051258 0.026237 0.111236 0.00108432 0.00802138 0.00163351 0.00324168 5.70607e-05 0.0441254 0.252549 0.000951976 0.0204945 0.0412245 0.0167009 0.406324 
0.042834 0.076732 1.46235e-05 0.0551136 0.00327469 0.0350079 0.024601 0.0124031 0.000995774 0.00655825 0.0230973 0.0555721 0.0394747 0.00428766 0.0107942 0.0980317 0.000929456 0.510278 
0.00023968 0.00169082 0.000623956 0.0919537 0.0510511 0.0180263 0.000189637 0.0560603 0.000525004 5.67073e-05 0.000384805 0.0809659 0.050596 5.03643e-06 0.000699685 6.21925e-06 3.99694e-06 0.646921 
0.00277432 0.00140969 3.42419e-08 0.0573628 0.00420908 0.00287745 2.91109e-05 0.000145416 5.70288e-05 8.76104e-08 2.57712e-08 9.57008e-08 0.0614038 9.02756e-09 0.000124773 1.1493e-08 2.79644e-09 0.869606 
2.41926e-07 0.00471492 6.89444e-06 3.51103e-11 0.0109914 0.0328161 1.00468e-07 0.00729707 1.31089e-05 0.00360729 0.000286804 0.0774865 0.0681016 0.000704442 0.0151248 2.96232e-05 1.35584e-05 0.778806 
0.00414751 0.00201323 0.0258428 0.214428 0.00570871 0.00335243 6.15619e-06 0.122097 0.00171646 0.000224914 0.00486483 0.0319804 0.0979078 0.000129751 0.0235617 0.000224116 0.00356251 0.458231 
0.0133313 0.011093 0.0013258 0.0443404 0.169028 0.0250375 0.000131042 0.00501337 0.168089 0.000718954 0.00519791 0.0315104 0.123441 0.058772 0.0487015 0.0212047 0.00212267 0.27094 
8.06606e-06 0.00109353 0.000865651 0.0555375 0.157445 0.123989 1.55052e-06 0.00248057 0.000127531 0.00452315 1.12742e-05 0.000198082 0.0115298 0.000324601 0.0373001 2.38587e-06 0.00104621 0.603516 
0.183587 0.0135693 0.00811041 0.0807423 0.0649615 0.100003 0.0731253 0.0271419 0.00139331 0.00024784 0.000551826 0.0527046 0.0708365 0.00272175 0.018208 0.0180598 0.00294849 0.281087 
0.000216335 0.000740054 0.000566796 0.0224373 0.00459975 0.0143233 1.13928e-06 0.0272104 0.000938624 4.94718e-05 0.000400953 0.000840799 0.0135477 9.63523e-05 0.00157468 0.000125397 2.95136e-05 0.912301 
0.248985 0.000954966 5.41655e-05 0.141461 0.00370088 0.000663339 1.2296e-06 0.00527196 0.000708927 0.000417212 0.0031704 0.022571 0.143104 0.00275713 0.00333239 0.000105531 0.0365092 0.386231 
0.000369983 0.00282025 9.74496e-05 0.0433255 0.00512505 0.0135795 0.0722963 0.0856361 0.000506378 4.8342e-05 7.49597e-05 0.0273151 0.0416612 0.149199 0.028519 4.24577e-06 0.000203773 0.529218 
1.59796e-06 0.00198224 0.0102239 0.0440232 0.00438431 0.000586963 2.70543e-08 0.01732 1.16567e-07 0.00799119 0.0572988 0.0142873 0.191798 0.00124066 0.0108211 0.000338497 0.00394942 0.633753 
0.00436204 0.000508403 0.0142621 0.195044 0.0339998 0.00294602 8.4267e-05 0.00939123 4.78008e-05 9.72012e-05 5.16391e-05 0.11522 0.134966 0.000498259 0.00349946 1.14506e-05 0.000951892 0.484058 
0.0750581 0.0197021 0.00867677 0.0976527 0.00979825 0.0035547 6.50925e-06 0.0408582 9.12556e-05 0.0315626 0.00209638 0.087246 0.168346 0.0134608 0.0262021 1.26486e-05 0.00114865 0.414526 
0.0223806 0.0220355 0.000198332 0.0560144 0.0319145 0.0470013 2.45442e-05 0.0642642 0.00256121 6.67031e-05 0.00111163 0.017237 0.0986643 0.00110509 0.0973017 1.20811e-05 0.00428771 0.533819 
0.0123532 0.00398275 0.000732819 0.36267 0.0140347 0.0168905 2.56363e-05 0.0044086 0.000456631 0.00207481 0.0166959 0.0314349 0.0912968 0.0379184 0.0203173 6.68543e-05 0.00171446 0.382926 
0.000965553 0.00157359 0.0163475 0.234293 0.0165743 0.000656613 5.66873e-12 0.0687564 3.91749e-05 0.000624152 6.6866e-05 0.00554105 0.0732862 0.0138241 0.0029451 4.0402e-05 0.00905997 0.555406 
0.141352 0.000486597 0.00157582 0.103699 0.0179085 0.00208663 0.000270999 0.0941874 0.000536871 0.000448503 0.00267082 0.0441777 0.207672 0.00327443 0.00989407 4.78835e-05 0.00576748 0.363944 
0.0789752 0.00360179 0.00528525 0.135515 0.0288844 0.0258279 0.000422532 0.0224629 0.0024775 0.00733736 0.00326553 0.0560254 0.242149 0.00201974 0.00557229 0.00386495 0.00123254 0.375081 
0.00241334 0.00047586 0.000267637 0.0373431 0.0164115 0.015276 7.62949e-05 0.00425914 0.000144157 0.00010162 0.000232851 0.036655 0.152544 6.11327e-05 0.00195248 3.8012e-05 4.812e-05 0.731699 
7.32951e-05 0.0138267 0.000365191 8.28615e-08 0.000485458 0.00211212 1.1888e-10 0.0073419 0.000187797 0.0517264 1.89802e-07 0.00242051 0.065398 3.95465e-07 0.240788 2.46145e-08 0.0903036 0.52497 
0.00370659 0.00195347 0.00687631 0.115931 0.0639175 0.0166676 4.10086e-05 0.0136138 0.00298532 0.000393417 9.22834e-05 0.0271741 0.292755 0.034479 0.102532 1.71748e-05 0.0117451 0.30512 
0.00414751 0.00201323 0.0258428 0.214428 0.00570871 0.00335243 6.15619e-06 0.122097 0.00171646 0.000224914 0.00486483 0.0319804 0.0979078 0.000129751 0.0235617 0.000224116 0.00356251 0.458231 
2.41926e-07 0.00471492 6.89444e-06 3.51103e-11 0.0109914 0.0328161 1.00468e-07 0.00729707 1.31089e-05 0.00360729 0.000286804 0.0774865 0.0681016 0.000704442 0.0151248 2.96232e-05 1.35584e-05 0.778806 
0.0818124 0.000111317 0.00209783 0.179071 0.0100989 0.00558732 3.50094e-06 0.0374558 0.000261758 0.000335159 0.00237982 0.0389552 0.104852 0.00169758 0.0107697 0.00182342 0.00444919 0.518238 
0.00060257 0.00162835 0.00266414 0.0236861 0.00445463 0.00876108 2.5858e-06 0.00929038 3.61431e-06 3.45105e-06 0.00261803 4.72657e-06 0.0112375 1.77493e-05 0.00536248 2.61267e-07 0.0046327 0.92503 
0.0268154 0.000936415 0.00812499 0.0794338 0.0203452 0.0211966 5.86502e-06 0.108249 0.000772022 0.00242038 0.00206115 0.171977 0.191229 0.005791 0.00467643 0.00180776 0.00985791 0.344301 
0.0475012 0.00569311 0.000277356 0.0715805 0.0277201 0.00274319 1.26122e-05 0.0115293 5.30774e-07 0.00109632 3.15656e-07 0.0138266 0.32019 1.34768e-05 0.00524288 8.33845e-09 0.00640645 0.486167 
0.00416638 0.000219194 0.0160631 0.139191 0.0356504 0.0515822 0.0483728 0.0569295 0.00135608 0.00135724 0.00441625 0.069069 0.0489864 0.00149252 0.00524178 0.00194801 0.0125508 0.501407 
2.41926e-07 0.00471492 6.89444e-06 3.51103e-11 0.0109914 0.0328161 1.00468e-07 0.00729707 1.31089e-05 0.00360729 0.000286804 0.0774865 0.0681016 0.000704442 0.0151248 2.96232e-05 1.35584e-05 0.778806 
6.84458e-05 0.0223118 0.0209602 0.0629383 0.0037243 0.0335134 3.10741e-05 0.10856 0.000390098 0.000109889 0.00371786 0.00282044 0.0445296 0.000808232 0.0165013 0.000196348 0.00031887 0.6785 
0.029356 0.00683 0.0148187 0.205209 0.199799 0.0312205 0.000753922 0.0254831 0.00630055 0.00122312 0.00649229 0.031074 0.130197 0.00312663 0.0603461 4.93011e-06 0.0144531 0.233312 
0.000220687 9.35442e-06 3.45658e-05 0.0137768 0.00288544 0.0720288 0.000691692 3.24092e-05 8.97053e-05 3.68367e-05 5.42242e-06 0.00263573 0.00615026 5.0084e-05 2.15275e-06 2.60573e-06 4.48382e-06 0.901343 
4.99809e-06 0.0017451 0.00137042 0.000193064 0.0109692 0.119236 1.69973e-05 0.0103683 0.000783535 2.67338e-05 3.52127e-06 0.000539627 0.000201745 0.00131099 6.28889e-05 2.29871e-05 6.61028e-07 0.853144 
0.0151132 0.00372599 0.00752239 0.00296019 0.0742152 0.245205 2.25012e-06 0.00864476 3.6487e-06 1.1262e-05 1.84701e-06 0.0755488 0.0992971 0.00447746 0.19689 0.000965045 0.000389044 0.265027 
5.40633e-06 7.11658e-07 0.016386 0.227851 0.0309866 0.00955568 6.47377e-10 0.00978741 3.95039e-06 7.90801e-07 3.26589e-10 1.30148e-06 0.18703 0.209534 0.0251937 1.72481e-07 9.39394e-11 0.283663 
0.00143844 0.0104996 0.0236251 0.0954943 0.0945529 0.00956914 9.74408e-05 0.0282131 0.277477 0.000195305 0.00151835 0.0318037 0.0355705 0.0343096 0.0416431 0.00101768 0.0156851 0.297289 
0.0228888 0.000720411 0.0118497 0.135785 0.0185919 0.00263427 0.0269624 0.269979 9.3032e-05 8.38906e-05 0.00112659 0.077116 0.0436911 0.000636356 0.0106159 0.030196 0.0128392 0.334191 
0.209252 0.00285366 0.0159335 0.122045 0.0105066 0.0710763 6.98758e-05 0.0287631 0.00392419 0.000470691 0.00582385 0.113791 0.134449 0.00647984 0.0206608 3.99995e-06 0.0196226 0.234275 
0.00220785 0.00323178 0.0111153 0.0599631 0.0114734 0.0594185 0.000640721 0.0309353 0.187855 0.000382092 0.000963461 0.0262969 0.0185978 0.000441958 0.136449 0.000245429 0.0230218 0.426761 
0.0504075 7.10999e-05 0.00471114 0.0573753 0.018005 0.0416251 0.0756421 0.0235219 0.000266648 1.91124e-05 7.08765e-05 0.0723394 0.0437707 0.00325802 0.00820718 0.000198286 0.00470908 0.595801 
0.00056247 0.0029465 0.100074 0.0245145 0.00591169 0.0132057 2.46239e-06 0.0827128 0.000771995 0.00302887 0.161303 0.0215134 0.187911 0.0040089 0.0278158 7.37321e-05 0.0584617 0.305181 
0.00351934 0.00287901 0.149525 0.0434037 0.0199621 0.0361756 0.000569581 0.00636968 0.000297617 0.00127483 0.000346883 0.111662 0.129991 0.000645088 0.00679658 0.000111131 4.89482e-05 0.486422 
2.41926e-07 0.00471492 6.89444e-06 3.51103e-11 0.0109914 0.0328161 1.00468e-07 0.00729707 1.31089e-05 0.00360729 0.000286804 0.0774865 0.0681016 0.000704442 0.0151248 2.96232e-05 1.35584e-05 0.778806 
0.0109638 0.00623926 0.00728492 0.12277 0.0683548 0.0382921 3.53413e-05 0.00983269 0.000208941 0.000195703 0.000459182 0.0420424 0.0808425 0.0032327 0.0228357 0.000136984 0.00693471 0.579338 
0.012784 0.0112217 0.08761 0.0655616 0.0648565 0.00945943 0.000170509 0.0775292 0.00165067 0.000657885 0.00183768 0.0230476 0.125247 0.00456974 0.0382834 0.000743019 0.00309645 0.471673 
0.000172701 0.00574279 0.000293762 0.0542716 0.0299585 0.0249084 2.41185e-05 0.0125276 0.00590997 0.00041516 0.000307865 0.0779093 0.251783 0.00192695 0.123983 1.50729e-05 0.0112455 0.398604 
0.207675 0.00251223 0.00258568 0.154063 0.0156049 0.00670427 9.71277e-06 0.0179399 0.000641265 0.0038539 0.0142231 0.0822837 0.11814 0.000998191 0.0282517 0.00173521 0.00619189 0.336586 
1.11683e-09 1.10862e-09 0.0488557 9.81087e-06 3.24231e-06 5.10421e-05 3.5307e-09 0.0257522 4.09527e-07 0.00332176 0.235007 1.39154e-05 0.0377685 0.00147611 0.0180695 6.7144e-10 0.00393876 0.625732 
0.00146111 0.000173512 0.0481475 0.0661318 0.0193334 0.0524322 0.000187116 0.0207326 0.00928093 0.00241981 0.000740282 0.150003 0.269144 0.00462265 0.0450205 4.90585e-05 0.0200282 0.290092 
0.00452173 0.0220167 0.00101405 0.0246133 0.0368069 0.343672 0.00097953 2.54025e-05 9.58877e-06 0.000872942 5.55635e-06 0.0132574 0.0547791 0.000120203 0.0289738 0.00212805 0.00028929 0.465915 
0.0097126 0.00219412 0.00097794 0.00898862 0.00699495 5.43649e-05 2.837e-06 0.0339574 0.000228607 1.53356e-05 8.47104e-05 0.000467496 0.0386183 8.10835e-07 3.45302e-05 5.39518e-07 4.11671e-07 0.897666 
0.00648956 0.00415529 0.0353556 0.0545327 0.179996 0.0601493 0.000192066 0.0305595 0.00158259 0.0061887 0.0154779 0.145772 0.169043 0.00714003 0.0554408 0.00133001 0.00957726 0.217017 
0.00268475 0.000995972 0.00105833 0.0981898 0.0641934 0.109024 5.85284e-05 0.0238152 0.000211137 0.000422743 0.000191738 0.039055 0.205297 0.0169926 0.0359937 5.66098e-05 0.00300092 0.398758 
2.79928e-05 1.27042e-06 2.45746e-06 1.47727e-05 6.24496e-06 0.180312 4.84373e-07 2.67163e-06 2.04948e-06 6.28446e-06 0.000336992 6.8572e-06 1.48721e-05 6.49739e-07 4.59146e-07 8.25357e-07 2.01861e-07 0.819263 
0.000976275 0.0010841 0.00590202 0.114581 0.0925596 0.00668127 4.16852e-08 0.00253201 0.00263885 0.000427617 2.91218e-07 0.0464337 0.314956 0.052861 0.0246825 1.93132e-05 0.00296041 0.330703 
2.43856e-06 4.86942e-06 1.87529e-06 0.175179 0.176396 1.00839e-05 6.09602e-09 4.35802e-05 0.0395762 0.0708164 5.90458e-06 0.00322111 1.84979e-05 0.197383 0.0671426 6.33528e-07 0.00108159 0.269117 
0.00196992 0.000649189 0.00858908 0.157985 0.0114585 0.0419749 1.20297e-05 0.0462085 0.00334934 0.0028298 0.008094 0.0314495 0.187117 0.0250695 0.0140735 0.000538402 0.0121839 0.446448 
0.00423731 0.00241301 9.8939e-06 0.0437445 0.00560931 0.00123108 1.99778e-05 0.08351 0.0475174 0.0891254 0.00421451 0.0466112 0.170105 0.00234433 0.0408213 0.000528587 0.0237889 0.434169 
9.04201e-05 0.00166204 4.61547e-05 0.019135 0.0651817 0.07323 0.154756 0.00757372 0.0430516 0.000292971 0.00140139 0.11335 0.161983 0.000176934 0.00325572 4.44011e-05 0.0132064 0.341562 
0.0175226 0.00103518 0.000968441 0.0624227 0.00551062 0.00906831 1.70453e-05 0.119355 3.85778e-05 0.000221171 0.000695354 0.0894595 0.127542 0.000178234 0.000612564 0.00406817 0.000296689 0.560988 
0.00315346 0.00885301 0.0231577 0.146255 0.0294517 0.00208369 4.22551e-05 0.0246094 0.00962524 0.00103652 0.00250625 0.17548 0.0840729 0.0266766 0.0208304 9.48495e-05 0.000995468 0.441075 
0.00360942 0.000370865 0.0274229 0.341285 0.0399754 0.0117389 0.000803518 0.0286623 0.000618467 0.000167298 0.000535276 0.0192668 0.103792 0.000754883 0.00576391 1.97813e-05 0.00883488 0.406378 
0.000355473 0.000689052 0.00161529 0.0157138 0.0313906 0.0243767 4.06567e-06 0.0111119 0.000187288 0.00010305 0.00186045 0.309265 0.00434086 0.000754942 0.00559833 0.000324658 0.00940598 0.582902 
0.280767 0.000444424 0.00822008 0.173763 0.00696707 0.00400571 1.5636e-05 0.013358 0.00033581 0.0041457 0.0145679 0.0177137 0.100831 0.000257219 0.00858735 7.13855e-05 0.0164353 0.349513 
0.104038 0.0127667 0.0166418 0.11018 0.167607 0.0327219 5.71764e-05 0.130538 0.00105838 0.00113504 0.0035091 0.0395953 0.0605765 0.00782945 0.0995922 0.000806583 0.0226372 0.18871 
0.0772292 0.00105127 0.00862905 0.16349 0.0266766 0.00500484 1.02489e-06 0.0823964 7.03083e-05 0.00111042 0.000202886 0.030159 0.127804 0.00218807 0.0123305 2.81785e-05 0.00162557 0.460002 
0.189757 0.000376454 0.00399743 0.0596987 0.00548439 0.00734084 1.82711e-05 0.0103647 0.00062683 0.00567142 0.0252621 0.0194447 0.104776 5.94147e-05 0.00410448 5.94218e-05 0.00209075 0.560867 
0.000120876 0.00129356 7.93858e-08 0.269704 0.144631 0.00205739 0.000547712 0.000656763 0.000575432 0.00472851 0.00070555 0.0123201 0.0583813 0.16276 0.0316549 3.64482e-08 1.60891e-05 0.309847 
0.00764835 0.0220249 0.000801702 0.116965 0.255509 0.00397812 0.000157253 0.0148388 0.000141951 2.16824e-05 0.000143727 0.00575224 0.164164 0.0333382 0.0758317 0.000230804 0.00531194 0.293141 
0.00819595 1.4298e-07 1.88611e-07 4.43154e-08 0.00203837 0.0610014 4.55359e-07 0.000870024 0.0003016 0.00587199 0.0126119 0.0044079 2.49695e-08 0.00602583 0.0266079 0.00116914 0.0583585 0.812539 
0.00227916 0.000234981 0.0251405 0.0707905 0.0522109 0.0502323 0.219283 0.00658095 0.000365233 0.000119253 3.52267e-09 0.0157568 0.0872072 0.000812977 0.000999197 0.0001789 0.000458834 0.467349 
2.41926e-07 0.00471492 6.89444e-06 3.51103e-11 0.0109914 0.0328161 1.00468e-07 0.00729707 1.31089e-05 0.00360729 0.000286804 0.0774865 0.0681016 0.000704442 0.0151248 2.96232e-05 1.35584e-05 0.778806 
0.0590495 0.00245299 0.00299346 0.264993 0.00581295 0.00424647 0.0422332 0.0917752 0.026328 0.000153573 0.00034369 0.0243662 0.033723 0.000173399 0.00477722 0.00240376 0.00117478 0.433 
0.00669076 0.00110724 0.0205062 0.0143157 0.0530931 0.233096 0.0742293 0.000248072 0.00149999 0.00110015 9.79698e-10 0.00823951 0.086115 0.000552217 0.00545203 0.000922627 0.00339997 0.489432 
0.00269733 6.41169e-05 0.00283894 4.29872e-05 0.000953384 0.243258 8.9542e-08 0.147394 0.0269243 0.000406777 0.0142107 0.106686 0.00206091 0.00026618 0.00462564 0.00258718 5.26376e-05 0.44493 
0.0119582 0.0858284 0.0144982 0.184168 0.0590091 0.00370675 1.07864e-05 0.10082 0.00142118 0.000191233 0.0018756 0.00612979 0.0461305 0.00528813 0.0364546 0.0180055 0.00388899 0.420615 
0.0457032 0.00585114 0.0231993 0.126978 0.0457182 0.0299645 0.00010294 0.0090772 0.000191389 6.10797e-05 0.0269293 0.00746492 0.0665058 0.0312667 0.11872 0.000127912 0.00145134 0.460687 
0.317225 1.54872e-05 0.00795103 0.204713 0.00491301 0.000707236 9.4221e-06 0.00674134 0.000111999 0.00152805 0.00280837 0.0134733 0.078996 0.00643788 0.00154259 7.28366e-05 0.0113981 0.341355 
0.000216335 0.000740054 0.000566796 0.0224373 0.00459975 0.0143233 1.13928e-06 0.0272104 0.000938624 4.94718e-05 0.000400953 0.000840799 0.0135477 9.63523e-05 0.00157468 0.000125397 2.95136e-05 0.912301 
0.0254593 0.00245739 0.0943564 0.155109 0.00525549 0.00171554 6.32318e-06 0.0692367 5.782e-05 0.00121458 0.00421336 0.0789457 0.174463 0.000216658 0.024941 0.00287436 0.0118676 0.34761 
0.000417908 0.00638564 5.9623e-07 1.34124e-06 0.0338286 0.0401494 0.000276676 5.83349e-07 2.57837e-07 3.99367e-11 2.64057e-11 0.0848861 0.0483711 1.49598e-11 0.00364182 0.000261132 8.73535e-08 0.781779 
4.27105e-07 0.00120475 0.00947571 0.0147819 0.0303879 0.0467359 1.66442e-08 0.0463162 0.00021775 0.000261876 0.00115008 0.00518718 0.0520307 0.00709378 0.278284 8.63374e-08 0.0270698 0.479802 
0.00866747 0.000411702 0.00107764 0.0839657 0.0111511 0.00647719 6.59236e-05 0.0252511 0.000154306 7.06043e-05 0.0010562 0.0620482 0.136545 0.000976725 0.00903783 0.0456334 0.00119365 0.606217 
0.00192572 2.01606e-05 0.0241194 0.00525208 0.00461728 0.241821 0.0342194 0.000924913 0.00221731 1.48137e-05 7.8e-08 0.0412062 0.0763993 0.0162266 0.00759054 0.000594138 0.0155768 0.527274 
0.01342 0.000965839 0.00897849 0.0487551 0.170182 0.253982 8.6982e-05 0.00193833 0.0592451 0.00111358 4.68698e-07 0.065708 0.0619296 0.000356377 0.0137781 0.00186439 5.15459e-06 0.29769 
0.00056247 0.0029465 0.100074 0.0245145 0.00591169 0.0132057 2.46239e-06 0.0827128 0.000771995 0.00302887 0.161303 0.0215134 0.187911 0.0040089 0.0278158 7.37321e-05 0.0584617 0.305181 
1.97546e-10 2.24708e-06 1.55272e-05 6.07777e-11 0.00427446 0.343179 0.00147843 1.18681e-06 4.93991e-07 7.56653e-07 3.16777e-07 0.000390894 3.42452e-11 5.92814e-07 0.00930052 3.34507e-07 0.00037461 0.640981 
0.00152895 0.000169711 0.0017565 0.117865 0.0779681 0.151666 0.184386 0.0228975 0.00227318 1.50947e-07 0.000178056 0.138352 0.00937647 0.0127201 0.0301763 0.00274065 3.78069e-05 0.245908 
0.000447029 0.000719903 4.05263e-10 0.297545 0.000187983 1.84599e-06 1.95781e-06 0.174851 7.19243e-10 7.46521e-10 4.93592e-10 1.72532e-05 0.140011 2.79638e-10 4.67159e-07 1.86067e-10 2.20076e-06 0.386214 
0.0399309 0.00204238 0.00393154 0.116378 0.0147012 0.00898521 1.08339e-08 0.0140121 0.00713271 0.0014351 0.00564776 0.230683 0.248811 0.00341116 0.00457435 1.88241e-08 0.00085101 0.297473 
4.35017e-07 3.29178e-05 0.000494542 0.0577604 0.00677881 0.0195191 3.93197e-05 0.000276354 5.23037e-07 0.000323417 6.561e-05 0.00291711 0.0715025 4.47795e-06 7.31524e-05 6.58528e-06 1.30726e-06 0.840204 
0.135888 0.000558796 0.00278734 0.273633 0.0168779 0.00382413 7.20828e-06 0.00938245 0.00277798 0.000914802 0.000790766 0.0108312 0.154916 0.00133956 0.00508724 0.000107983 0.0218029 0.358473 
0.00056247 0.0029465 0.100074 0.0245145 0.00591169 0.0132057 2.46239e-06 0.0827128 0.000771995 0.00302887 0.161303 0.0215134 0.187911 0.0040089 0.0278158 7.37321e-05 0.0584617 0.305181 
0.0218282 0.000854817 0.00307552 0.153437 0.0130397 0.0419657 5.472e-05 0.0432183 3.70167e-05 0.000877477 0.00147541 0.0781245 0.0352494 0.0967193 0.0242627 0.00529671 0.000302654 0.480181 
1.06595e-05 0.0014934 0.10583 0.0203765 0.0855556 0.265363 0.000174304 0.00298244 3.99932e-06 1.08253e-06 0.00131096 0.0651472 0.00706711 0.010905 0.0463145 0.00010999 0.00129383 0.38606 
0.0028883 0.000107273 0.128103 0.0519314 0.0168848 0.0818923 0.0434084 0.0190834 0.000117007 2.15991e-11 1.42811e-11 0.0287004 0.0727388 0.00881064 0.00433917 0.000170334 0.000417144 0.540408 
0.000635833 0.00305934 0.0518987 0.0264574 0.042088 0.0466856 0.000430323 0.0183808 1.78224e-05 2.08218e-05 5.18591e-05 0.0118199 0.0334294 0.0112011 0.00239409 9.12496e-05 0.000240528 0.751097 
0.00369352 0.00221298 0.000317614 0.24594 0.0719754 0.00250501 1.4316e-05 0.016005 0.000679243 0.000586323 0.00107619 0.00731223 0.258709 0.00086248 0.0210596 2.67785e-05 0.00635109 0.360673 
0.0545489 0.0682716 0.00530355 0.131567 0.0481606 0.167974 0.0096451 0.0314514 0.00579957 0.00020883 0.0036362 0.0716656 0.0993918 0.00153493 0.00102458 0.00143475 8.5819e-05 0.298296 
0.0173273 0.0237189 0.014729 0.138697 0.0303101 0.017373 0.000239775 0.0384336 0.000713651 0.00045882 0.00164778 0.0139448 0.0679287 0.0149618 0.0668446 0.00116332 0.0132945 0.538213 
0.00201059 0.000261453 0.00367157 0.0875739 0.0199963 0.100335 4.89184e-06 0.0323292 2.59735e-05 0.000461605 0.000392682 0.00596105 0.0450562 0.00193019 0.00800268 0.000299948 3.06842e-05 0.691656 
0.00149105 0.00015531 0.00419938 0.0285428 0.0567279 0.224503 0.00109204 0.00646583 0.000229654 7.4154e-05 9.92714e-07 0.0274885 0.292735 0.00336011 0.0568897 0.000284579 0.00139725 0.294363 
0.000458831 4.78639e-08 0.00904177 0.0825601 0.00568159 0.00118022 8.74963e-09 0.247182 5.74721e-05 2.21861e-06 0.0052342 0.0831133 0.208649 0.000919907 0.0212062 2.71427e-08 0.00462345 0.33009 
0.0136379 0.00900024 0.00888304 0.119169 0.0519808 0.0233948 0.00696437 0.0733561 0.0035198 0.00149196 0.00514374 0.0813584 0.228174 0.0234942 0.0315042 0.00188456 0.0101766 0.306866 
0.01342 0.000965839 0.00897849 0.0487551 0.170182 0.253982 8.6982e-05 0.00193833 0.0592451 0.00111358 4.68698e-07 0.065708 0.0619296 0.000356377 0.0137781 0.00186439 5.15459e-06 0.29769 
0.0134274 0.000168745 0.00710397 0.351505 0.00790168 0.00137303 3.62027e-06 0.0147464 0.000647378 0.000720481 0.00140957 0.0179321 0.0319152 8.14365e-05 0.000770767 5.12619e-05 0.000503496 0.549739 
0.000759477 0.00120939 0.00746047 0.0785209 0.00568262 0.0174509 1.7132e-05 0.171157 0.0581613 0.000474486 0.0570293 0.0622703 0.0207849 0.00152034 0.0239939 0.00040672 1.98809e-05 0.49308 
0.00852772 0.00280168 0.0108189 0.0383996 0.0449209 0.036947 1.51327e-05 0.176443 0.00469149 8.18386e-05 0.0014906 0.175729 0.13065 0.00780647 0.0625935 0.00133186 0.00148026 0.295271 
0.00369352 0.00221298 0.000317614 0.24594 0.0719754 0.00250501 1.4316e-05 0.016005 0.000679243 0.000586323 0.00107619 0.00731223 0.258709 0.00086248 0.0210596 2.67785e-05 0.00635109 0.360673 
0.00414751 0.00201323 0.0258428 0.214428 0.00570871 0.00335243 6.15619e-06 0.122097 0.00171646 0.000224914 0.00486483 0.0319804 0.0979078 0.000129751 0.0235617 0.000224116 0.00356251 0.458231 
0.280487 0.00384273 0.0162424 0.04584 0.0111305 0.0598486 2.43438e-05 0.0386495 0.00384061 0.000622439 0.00907415 0.0123954 0.118278 0.00347998 0.0110946 7.18162e-05 0.0286397 0.356438 
0.00292897 0.000986169 8.02502e-07 0.239418 0.00393448 0.0298952 1.55956e-07 0.0216107 0.000509139 2.05296e-06 6.04176e-07 0.0101612 0.128802 0.00301447 0.000459807 1.36672e-05 1.75393e-05 0.558245 
0.0340191 6.39934e-05 0.00180905 0.185447 0.00481187 0.000590959 3.28423e-06 0.0140263 2.25779e-05 0.00037425 0.000152255 0.00588084 0.04235 0.000697733 0.00407657 9.43472e-06 0.00714281 0.698522 
0.00122097 0.00061539 0.00107242 0.00565145 0.0319116 0.00272603 5.40109e-05 0.00297052 5.90731e-05 4.6287e-05 0.000102425 0.0199023 0.095739 0.000591183 0.00912133 5.06665e-06 0.00023244 0.827979 
0.176677 0.0088855 0.0544188 0.096671 0.0388197 0.0330376 0.000209801 0.0773471 0.000704243 0.00488448 0.0029562 0.031791 0.168079 0.00415424 0.0802244 0.00273904 0.00101928 0.217381 
0.00580693 8.69955e-05 0.00159789 0.0147561 0.00923233 0.00984248 2.74296e-05 0.0111764 0.000141551 3.95958e-05 2.60251e-10 0.0228856 0.25591 0.000585116 0.00284316 3.36822e-05 0.00730472 0.65773 
0.0247746 0.00576584 0.00101226 0.240738 0.0176719 0.013848 4.47944e-06 0.00769116 0.0023213 0.00111953 0.00510432 0.145855 0.167066 0.00443439 0.0146036 0.000413612 0.00220246 0.345374 
0.00414751 0.00201323 0.0258428 0.214428 0.00570871 0.00335243 6.15619e-06 0.122097 0.00171646 0.000224914 0.00486483 0.0319804 0.0979078 0.000129751 0.0235617 0.000224116 0.00356251 0.458231 
4.72306e-06 0.0195832 3.29054e-07 1.19162e-10 0.15868 0.153794 1.22444e-09 0.0156512 0.173817 0.000843667 0.0391446 0.0302486 0.141321 0.00162927 0.0446796 2.32854e-10 0.00171082 0.218892 
0.249734 1.26216e-08 7.30482e-06 0.0812678 0.0282538 0.006025 0.000438921 0.00689674 6.35225e-08 0.000401348 7.58492e-07 0.0697044 0.111985 0.0050703 0.00203269 0.00086423 0.00226598 0.435052 
0.0186425 0.0368963 5.44778e-05 0.052641 0.00480634 0.0270351 0.0484092 0.0447458 0.00241648 0.00322308 0.00882778 0.0462932 0.0459941 0.0426948 0.0268367 0.0342218 0.000917639 0.555344 
0.000472878 0.000212249 0.0115537 0.0360414 0.00943377 0.00564885 0.000153457 0.0139711 5.29794e-06 0.000152241 0.000887781 0.0111655 0.158883 0.000266077 0.00429982 1.80966e-05 4.65628e-05 0.746789 
2.26107e-10 3.95047e-06 0.232062 3.20067e-07 1.76545e-06 0.00879975 0.00196829 0.0371417 5.25461e-10 5.4539e-10 3.60606e-10 7.80958e-11 2.0386e-07 1.04212e-06 2.46225e-06 1.35936e-10 4.87607e-07 0.720018 
0.0103617 0.0231888 5.30029e-05 0.142916 0.0593345 0.0591404 3.5223e-05 0.00708381 0.00222848 7.42704e-06 0.000663519 0.0426464 0.115802 0.00879523 0.232472 7.6374e-05 0.00113554 0.29406 
0.0212325 0.014197 0.0153954 0.0884577 0.0698277 0.109273 0.000206314 0.0473204 0.000497697 0.0234774 0.0375406 0.052939 0.194622 0.0128094 0.068346 0.00183594 0.0100922 0.23193 
0.00178391 0.0356525 0.00164878 0.0113164 0.10335 0.108838 0.000137077 0.0198082 0.000377056 1.06619e-05 5.5917e-05 0.027866 0.0995809 0.00120354 0.0276903 1.32952e-05 0.000300411 0.560367 
0.0663708 0.00662439 0.00692436 0.124575 0.0705681 0.0187981 5.59679e-07 0.0527653 0.0105271 7.00047e-05 0.011547 0.0341697 0.163748 0.00529046 0.0253968 0.000166045 0.0372906 0.365168 
0.000422255 0.00755376 0.000999613 0.0370427 0.0255706 0.127978 7.26683e-05 0.00798246 0.0142212 0.000674932 0.00273435 0.0245411 0.102793 0.00037296 0.0486824 0.0018337 0.000199396 0.596325 
0.00423731 0.00241301 9.8939e-06 0.0437445 0.00560931 0.00123108 1.99778e-05 0.08351 0.0475174 0.0891254 0.00421451 0.0466112 0.170105 0.00234433 0.0408213 0.000528587 0.0237889 0.434169 
1.3676e-08 0.0205536 1.79079e-08 1.64595e-05 0.000731199 0.000309866 9.11605e-06 0.001486 3.17822e-08 0.00018965 0.00432188 0.132098 0.112363 5.16382e-05 0.053902 8.22202e-09 0.000498405 0.673469 
8.40339e-05 0.0491348 0.000275832 0.0691681 0.0109239 8.58436e-05 1.68572e-08 0.0324012 3.85358e-05 5.98874e-05 0.00050473 0.0123688 0.322425 0.000277873 0.0618361 2.30624e-06 0.0043554 0.436058 
0.0212318 0.000421651 0.000440034 0.00771808 0.00311766 0.0900019 0.137172 0.00640539 5.15816e-09 1.69116e-06 5.59116e-06 0.0369015 0.0360374 0.000308326 0.00412572 0.175283 0.000511727 0.480316 
0.00238983 0.00127384 0.010367 0.0694329 0.0334213 0.000674228 0.0792639 0.147629 5.62745e-05 3.51731e-05 0.000198928 0.0653646 0.272324 0.00193995 0.00755555 0.000249428 0.024083 0.283741 
0.000340792 0.0165902 0.0491619 0.0146691 0.0133902 0.191715 4.82454e-08 0.0424772 0.000712572 0.00274342 0.00336836 0.0564085 0.0940436 0.0129946 0.165032 1.44252e-05 0.0025977 0.333741 
