2.41926e-07 0.00471492 6.89444e-06 3.51103e-11 0.0109914 0.0328161 1.00468e-07 0.00729707 1.31089e-05 0.00360729 0.000286804 0.0774865 0.0681016 0.000704442 0.0151248 2.96232e-05 1.35584e-05 0.778806 
0.0082119 0.0304642 0.00138345 0.113923 0.00852996 0.026311 0.0283396 0.167428 2.29473e-05 1.63329e-05 0.000449802 0.117433 0.0210988 0.00276879 0.00392886 0.0160233 0.000958826 0.452708 
0.00264351 0.000119331 0.00103406 0.00443321 0.0259489 0.0186335 4.84975e-05 0.0022816 9.87755e-06 0.00019715 4.7135e-06 0.0638866 0.206435 0.00175067 0.0119657 1.58488e-05 0.00573854 0.654853 
1.43692e-11 4.47892e-07 0.0136284 0.0623292 0.0157153 0.118863 8.18127e-08 0.00413103 0.00841394 0.0126397 0.00904628 0.132847 1.49905e-06 0.0560049 0.221629 2.5399e-07 0.00142835 0.343322 
0.042834 0.076732 1.46235e-05 0.0551136 0.00327469 0.0350079 0.024601 0.0124031 0.000995774 0.00655825 0.0230973 0.0555721 0.0394747 0.00428766 0.0107942 0.0980317 0.000929456 0.510278 
6.94787e-06 0.0280379 6.12252e-08 0.115849 0.00728185 0.0680582 4.93186e-08 0.0196906 4.66449e-05 6.98374e-08 3.54925e-11 1.9294e-07 0.0722282 0.0467575 0.301359 1.33795e-11 2.74632e-07 0.340683 
0.000115308 0.00040807 0.00366973 0.219235 0.0748693 0.052429 6.27341e-05 0.00967562 4.06817e-05 0.00264821 0.000221722 0.00283369 0.100717 0.000243069 0.0326272 2.53353e-05 0.000176421 0.500002 
0.0105094 0.0126487 0.00233718 0.0948046 0.0501337 0.149343 4.48368e-05 0.0146688 0.00241007 0.00525362 0.00709692 0.0875325 0.20241 0.00978936 0.0376081 0.00125324 0.00418345 0.307973 
0.00635586 0.00468924 0.000780336 0.306412 0.0167549 0.0213101 3.41737e-05 0.00500092 0.000608815 0.00244422 0.0222609 0.0364957 0.0833966 0.0392276 0.0270897 5.4056e-05 0.00202482 0.42506 
0.000238207 0.00175073 0.0166761 0.0851313 0.0700117 0.0252152 4.12122e-05 0.0246253 0.000317839 0.00057037 8.81582e-07 0.0797641 0.256369 8.26299e-05 0.00643694 0.000162213 8.24532e-05 0.432524 
0.042832 0.00160504 0.0138126 0.180077 0.0633633 0.0231073 6.96412e-05 0.0940752 0.0025958 0.00294843 0.00406707 0.0729432 0.157314 0.0298546 0.024019 9.13551e-05 0.0117882 0.275436 
0.00190996 0.0313407 0.00726888 0.0402116 0.10313 0.00888512 0.000312358 0.0438195 0.162123 7.98531e-05 0.00179414 0.0637708 0.125301 0.0151 0.0618471 0.0017078 0.0067608 0.324637 
2.41926e-07 0.00471492 6.89444e-06 3.51103e-11 0.0109914 0.0328161 1.00468e-07 0.00729707 1.31089e-05 0.00360729 0.000286804 0.0774865 0.0681016 0.000704442 0.0151248 2.96232e-05 1.35584e-05 0.778806 
0.0268589 0.0354541 0.000665466 0.00683339 0.111519 0.105595 0.00084985 0.041393 0.000758223 1.42271e-08 0.0117879 0.00903383 0.0158445 0.0399979 0.153828 5.90871e-07 0.0097599 0.42982 
6.10073e-07 0.000536868 0.00641422 0.107709 0.00311826 0.00203882 1.01352e-05 0.0151706 1.03909e-07 0.000365504 0.000387359 0.00523784 0.416155 0.000255639 0.00128276 0.000215183 7.61365e-05 0.441026 
5.41314e-06 4.65204e-05 0.00065524 0.00266192 0.000165271 0.088002 1.68883e-05 0.000206636 1.54782e-05 3.36504e-05 0.000103613 3.54668e-05 0.0020086 5.3465e-05 0.0296058 1.34799e-05 8.80908e-06 0.876362 
0.154072 0.0100713 0.00424459 0.29822 0.013792 0.00223243 7.56369e-05 0.0146546 0.000596808 0.00111489 0.00821722 0.0379883 0.125064 0.00203882 0.00604249 0.00303781 0.00610344 0.312434 
0.000686334 3.24965e-06 0.0289803 0.00010034 1.67248e-05 0.291197 1.50119e-06 1.55678e-05 0.038826 0.0086637 7.56566e-10 0.00680594 5.8165e-05 1.44879e-05 8.51429e-06 2.85199e-10 0.000142256 0.62448 
0.0173632 0.0257329 0.00058051 0.0952402 0.0694178 0.107689 0.00163446 0.0832372 0.00206153 0.000804318 0.00111366 0.0242774 0.101917 0.00717724 0.130762 0.0333005 0.0126678 0.285023 
0.189757 0.000376454 0.00399743 0.0596987 0.00548439 0.00734084 1.82711e-05 0.0103647 0.00062683 0.00567142 0.0252621 0.0194447 0.104776 5.94147e-05 0.00410448 5.94218e-05 0.00209075 0.560867 
0.000216335 0.000740054 0.000566796 0.0224373 0.00459975 0.0143233 1.13928e-06 0.0272104 0.000938624 4.94718e-05 0.000400953 0.000840799 0.0135477 9.63523e-05 0.00157468 0.000125397 2.95136e-05 0.912301 
0.03918 0.00344828 0.00437334 0.216627 0.0108392 0.00124228 8.21345e-06 0.0678379 2.65924e-05 0.000202655 0.00170369 0.124485 0.166514 0.000202991 0.0297071 0.00116902 0.00073158 0.3317 
0.129482 0.000430112 0.00527957 0.0789904 0.039173 0.0302002 3.50406e-05 0.0110255 0.00349009 0.000573658 0.0104458 0.0437299 0.0527767 0.00793854 0.0163516 0.00154267 0.016421 0.552114 
2.237e-05 2.22246e-06 0.194557 0.0122917 7.05235e-07 1.05968e-05 2.90071e-10 0.235273 7.03888e-07 1.32815e-06 1.46335e-10 2.32619e-06 0.0489719 3.39991e-07 0.0622702 5.51634e-11 1.91101e-06 0.446594 
0.0749805 0.00010041 0.000750788 0.0550311 0.0890955 0.142957 1.73971e-05 0.021302 0.00448516 0.000149273 0.0022798 0.106476 0.120029 0.000285709 0.0605239 0.00416726 0.00748298 0.309886 
0.0299881 0.000234868 0.000586787 0.0599986 0.0128261 0.00325873 1.20255e-05 0.0184796 0.0114462 0.00190471 0.00183519 0.252645 0.247086 0.0026369 0.00464423 0.00167863 0.00218466 0.348554 
4.89353e-05 0.0222606 0.00551744 0.109971 0.0904917 0.00897634 9.74049e-06 0.0626581 0.000666011 0.000513858 0.00068962 0.126669 0.120287 0.0061891 0.0339468 0.012158 0.00430104 0.394644 
0.0158183 0.0168734 0.0988601 0.0595653 0.0557787 0.0530973 0.00016746 0.0795697 0.00426547 0.0164675 0.0033125 0.0226803 0.144547 0.0358307 0.0685771 0.00155552 0.00699117 0.316042 
3.5927e-06 9.68763e-07 2.49975e-07 9.47161e-12 0.0994978 1.78205e-06 9.73246e-11 0.00811533 2.21859e-07 8.17579e-08 3.24546e-06 0.0394879 0.291429 8.15037e-07 0.0456856 4.07371e-08 4.15217e-07 0.515773 
0.00238983 0.00127384 0.010367 0.0694329 0.0334213 0.000674228 0.0792639 0.147629 5.62745e-05 3.51731e-05 0.000198928 0.0653646 0.272324 0.00193995 0.00755555 0.000249428 0.024083 0.283741 
0.0136666 0.000139299 0.0310996 0.0188007 0.00866931 0.0784969 0.00286679 0.0477357 0.00062699 0.000128549 1.21479e-07 0.0142685 0.205006 0.000181393 0.00567051 5.74743e-05 2.56574e-05 0.57256 
0.0326731 0.000400783 0.00315021 0.175146 0.0444372 0.00471216 4.12815e-05 0.223537 5.31222e-05 7.35946e-05 0.00192897 0.0100244 0.103446 0.00234755 0.0151409 0.00318216 0.00108855 0.378618 
0.00269155 0.0455576 0.0610341 0.0755291 0.053789 0.134699 0.00288644 0.0670322 0.00546245 0.0030645 0.00495375 0.0532321 0.147893 0.011599 0.0746344 0.0031393 0.00627057 0.246532 
0.00110615 0.00039512 0.0987443 0.0970464 0.00885339 0.00623439 1.71454e-07 0.0505693 0.00245732 0.0022873 0.00086649 0.0483565 0.279112 0.00930088 0.0293999 0.000122021 0.0709307 0.294217 
0.00167652 0.0149495 0.00581626 0.151985 0.037589 0.110442 0.000368127 0.0130986 0.0100495 0.000374102 5.55839e-05 0.077439 0.226565 0.00707952 0.0938831 3.3611e-05 0.0076494 0.240946 
0.00309733 1.79878e-08 0.00107044 0.00467133 0.0195306 0.00427931 4.43721e-08 0.0160324 7.08767e-05 9.64363e-05 0.000246184 0.0287215 0.150668 0.00294898 0.0119031 4.78985e-05 0.000968843 0.755647 
0.0134274 0.000168745 0.00710397 0.351505 0.00790168 0.00137303 3.62027e-06 0.0147464 0.000647378 0.000720481 0.00140957 0.0179321 0.0319152 8.14365e-05 0.000770767 5.12619e-05 0.000503496 0.549739 
0.00720322 0.000125001 0.000305147 0.00614367 0.0134562 0.00196289 1.12485e-05 0.151924 6.17356e-05 4.86313e-05 0.00225269 0.259488 0.203055 0.000492786 0.00696035 0.00243678 0.00190268 0.34217 
0.00764835 0.0220249 0.000801702 0.116965 0.255509 0.00397812 0.000157253 0.0148388 0.000141951 2.16824e-05 0.000143727 0.00575224 0.164164 0.0333382 0.0758317 0.000230804 0.00531194 0.293141 
0.0179282 8.86683e-05 0.00390969 0.0252849 0.0508347 0.097097 0.0357073 0.00504496 0.000717832 0.00028146 3.11003e-06 0.0337626 0.0572344 0.0011745 0.034955 6.76506e-05 1.30275e-05 0.635895 
0.0140429 0.0105853 0.00198367 0.0716214 0.146118 0.0110075 5.21071e-05 0.0172621 0.00103095 1.10759e-05 0.000742799 0.125108 0.212674 0.0072225 0.0428145 0.000147707 0.0059006 0.331675 
0.00414751 0.00201323 0.0258428 0.214428 0.00570871 0.00335243 6.15619e-06 0.122097 0.00171646 0.000224914 0.00486483 0.0319804 0.0979078 0.000129751 0.0235617 0.000224116 0.00356251 0.458231 
1.67016e-05 0.0238685 0.0340661 0.0973876 0.0290375 0.0154045 0.000544214 0.0546567 0.00120879 0.00244967 0.000247826 0.0385333 0.290199 0.00709303 0.00420878 1.39687e-05 0.0020124 0.399052 
0.0181364 0.00096441 0.0354513 0.0634528 0.0227756 0.141524 3.43906e-05 0.0208864 0.00282357 0.000596083 0.00184752 0.0626831 0.0808128 0.000558161 0.00175824 0.00808321 0.0113182 0.526294 
0.021337 2.80901e-05 0.00189149 0.0450899 0.0905729 0.00279118 2.27866e-05 0.0195493 6.16045e-05 0.000321582 0.000259037 0.237151 0.0676466 0.00260162 0.013608 0.00215008 0.000646257 0.494272 
0.00296751 0.00137942 0.00163931 0.01671 0.0399062 0.0703783 0.222387 0.0751109 0.000243263 1.14131e-05 4.58727e-06 0.0604678 0.0804445 0.000663272 0.0104727 0.000651257 0.00501862 0.411544 
1.02106e-06 0.00288859 8.57602e-07 0.0524075 0.00810543 0.030016 3.51692e-08 0.367138 0.00235172 2.55249e-07 0.00437945 0.0124728 0.0122933 9.17039e-05 0.00655792 0.000274781 4.43128e-08 0.501021 
0.0200366 0.000896506 0.00724257 0.104351 0.00346104 0.00058226 9.54296e-07 0.0853601 1.53056e-05 0.000509997 0.000216146 0.00878795 0.152647 0.000352739 0.000187716 3.12375e-05 0.000577281 0.614744 
0.000171393 0.00319793 0.0539446 0.0336888 0.0215276 0.288756 1.50467e-05 0.0817618 0.00543874 7.86721e-05 0.000274046 0.00654114 0.0565307 0.0116564 0.0302845 0.00017789 0.00304879 0.402906 
0.00192572 2.01606e-05 0.0241194 0.00525208 0.00461728 0.241821 0.0342194 0.000924913 0.00221731 1.48137e-05 7.8e-08 0.0412062 0.0763993 0.0162266 0.00759054 0.000594138 0.0155768 0.527274 
0.00290065 0.0311151 0.00636555 0.00383942 0.0186323 0.114137 0.00346671 0.0244835 0.000611498 0.00264775 0.000172783 0.019805 0.0371756 0.00159522 0.00848028 0.000133558 0.000220904 0.724218 
8.95627e-05 0.0710256 0.000402504 0.234398 0.0201822 2.69853e-05 4.72333e-10 0.0202576 8.41121e-05 4.86788e-05 1.19963e-05 0.00408693 0.274675 0.00045458 0.0932965 2.08937e-09 0.000877448 0.280082 
0.0347555 0.0036166 0.000130158 0.0783168 0.0446697 0.0590652 0.000208112 0.221831 1.30591e-05 3.24556e-05 0.00262995 0.0449387 0.164339 0.000243874 0.0237093 0.00263137 0.000279832 0.318589 
0.0126175 0.00148689 0.000176624 0.112953 0.0642701 0.0110139 0.000535905 0.0514379 0.000461104 0.000845539 0.0014745 0.0939034 0.278485 0.00422408 0.0150267 0.00575424 0.00388506 0.341449 
0.00119033 0.0106486 0.00951286 0.0997257 0.0342886 0.0440923 0.000184389 0.0190645 0.000100425 7.85436e-05 0.000289075 0.0464593 0.292878 0.000981914 0.0495574 0.000193294 0.00192646 0.388828 
9.15e-08 0.00646098 0.00941494 0.0434186 0.0410543 0.00189508 0.000141847 0.0458709 1.9021e-05 1.67952e-05 5.50607e-08 0.137666 0.08824 0.0130332 0.00487395 5.19848e-06 0.000132066 0.607757 
1.50898e-12 0.000291954 4.56458e-08 0.00387561 0.00326952 0.00977786 4.58265e-05 4.15246e-09 0.000123485 1.56548e-08 2.40659e-12 0.00332471 0.179572 1.33629e-08 0.000452611 6.52343e-05 1.72864e-05 0.799184 
0.042834 0.076732 1.46235e-05 0.0551136 0.00327469 0.0350079 0.024601 0.0124031 0.000995774 0.00655825 0.0230973 0.0555721 0.0394747 0.00428766 0.0107942 0.0980317 0.000929456 0.510278 
0.00181499 0.000968777 0.0082164 0.164601 0.005311 0.00268549 7.15098e-06 0.0174751 7.99558e-05 0.000188064 0.0135312 0.0402615 0.279051 0.0279895 0.0611404 7.2338e-05 0.0103338 0.366273 
0.0439562 0.000354906 0.00418466 0.06387 0.00932921 0.11602 7.65282e-06 0.00767864 0.000551762 0.0986142 0.000711203 0.00313527 0.026968 0.00119493 0.030164 7.77799e-06 0.000476565 0.592775 
0.00186097 0.000514566 0.00510025 0.010336 0.0538321 0.0214247 1.94336e-06 0.0326303 4.12311e-05 0.00285009 0.000456187 0.0986914 0.168402 0.011524 0.0632849 1.32304e-06 0.000472492 0.528576 
0.0202328 0.000977626 0.000278439 0.0377985 0.0154353 0.00859571 4.66197e-05 0.01884 9.30091e-05 0.00116595 0.00107937 0.131973 0.330242 0.00138926 0.0098119 0.00285689 0.00859298 0.410591 
0.00094616 0.000627245 0.000768334 0.0115225 0.0160614 0.0100094 0.00249099 0.220098 0.000217063 3.98753e-05 4.79809e-05 0.00172725 0.074189 0.00199604 0.00341325 0.000539489 0.000209381 0.655097 
5.40633e-06 7.11658e-07 0.016386 0.227851 0.0309866 0.00955568 6.47377e-10 0.00978741 3.95039e-06 7.90801e-07 3.26589e-10 1.30148e-06 0.18703 0.209534 0.0251937 1.72481e-07 9.39394e-11 0.283663 
0.000875799 4.7628e-05 0.000368253 0.0277813 0.0115646 0.311009 8.20684e-05 0.0927851 0.00105575 0.107876 0.00237076 3.06233e-05 0.0427156 8.51688e-06 0.0309804 6.59915e-06 0.000395128 0.370047 
0.000876381 0.00526901 0.000793718 0.0058051 0.0225457 0.12598 2.70795e-07 0.00389809 0.000844932 0.000496514 0.00129653 0.0810801 0.0966118 0.000491854 0.0155528 9.95788e-05 0.000161608 0.638196 
0.0951676 0.0269565 0.00515787 0.147821 0.0674298 0.00642092 2.63578e-05 0.02376 0.000233493 0.00869693 0.00518769 0.0501564 0.120311 0.00136332 0.0135647 0.00178129 0.0052435 0.420721 
0.0010801 0.000508162 0.0100079 0.0111112 0.00939712 0.261263 0.00449435 0.00164112 0.00024913 0.000527362 0.00034326 0.0102218 0.0453585 0.000994228 0.175629 0.000308738 0.000221141 0.466643 
2.90253e-07 2.8812e-07 0.00406627 8.93001e-08 0.0890579 0.331649 0.000413165 0.00431945 0.0165141 0.000104291 4.62909e-07 0.00438991 0.00134355 0.000314574 0.00965727 0.00592964 5.52966e-05 0.532185 
0.000574285 0.00117177 0.0138389 0.00431601 0.00531618 0.00197754 5.53433e-07 0.00353399 4.00909e-07 9.98127e-05 4.58013e-05 0.0435906 0.0454042 0.000276452 0.00584291 1.07995e-05 0.000162854 0.873837 
0.00298534 0.00025955 0.00912405 0.0247388 0.0138648 0.0902043 0.248995 0.00981795 0.00159818 7.70845e-05 0.00118261 0.0205995 0.0506506 5.42085e-05 0.000994533 0.00302517 0.00295483 0.518874 
5.40633e-06 7.11658e-07 0.016386 0.227851 0.0309866 0.00955568 6.47377e-10 0.00978741 3.95039e-06 7.90801e-07 3.26589e-10 1.30148e-06 0.18703 0.209534 0.0251937 1.72481e-07 9.39394e-11 0.283663 
2.41926e-07 0.00471492 6.89444e-06 3.51103e-11 0.0109914 0.0328161 1.00468e-07 0.00729707 1.31089e-05 0.00360729 0.000286804 0.0774865 0.0681016 0.000704442 0.0151248 2.96232e-05 1.35584e-05 0.778806 
0.00414751 0.00201323 0.0258428 0.214428 0.00570871 0.00335243 6.15619e-06 0.122097 0.00171646 0.000224914 0.00486483 0.0319804 0.0979078 0.000129751 0.0235617 0.000224116 0.00356251 0.458231 
0.0018257 0.00128035 0.011792 0.215155 0.00404184 0.00196972 3.67579e-12 0.0761486 1.48643e-08 0.000496768 0.000200542 2.30119e-08 0.0585549 0.000496953 0.00016348 0.000121168 0.000211275 0.627542 
0.000804907 0.00353489 0.000937091 0.0692522 0.0195124 0.107482 0.246307 0.0294239 0.0057185 0.0011393 0.000422252 0.00494802 0.0507946 0.0114011 0.0630077 0.00339291 0.00256627 0.379355 
0.123987 0.00092677 0.000252174 0.253078 0.0444361 0.00335881 5.65606e-05 0.0225881 0.000203202 0.000651966 5.44415e-05 0.0140284 0.241123 0.000296346 0.00900257 0.00118325 0.000123402 0.28465 
5.63019e-06 0.081663 1.47199e-05 0.0411878 0.0522819 0.248998 0.000237868 0.169296 1.20402e-05 0.0282038 0.000690201 7.60047e-06 0.000866502 0.000115418 0.0719162 1.33554e-06 6.49204e-09 0.304502 
0.00119033 0.0106486 0.00951286 0.0997257 0.0342886 0.0440923 0.000184389 0.0190645 0.000100425 7.85436e-05 0.000289075 0.0464593 0.292878 0.000981914 0.0495574 0.000193294 0.00192646 0.388828 
0.000401291 0.00271004 0.000116768 0.0426679 0.00534509 0.0131297 0.0777649 0.0894747 0.00108931 5.37754e-05 8.12572e-05 0.0265197 0.044703 0.143603 0.030863 4.58859e-06 0.000207085 0.521265 
0.163963 0.00309237 0.00549479 0.177139 0.01002 0.00819648 2.56878e-05 0.0420102 0.000389615 0.000493115 0.00632347 0.0370885 0.180621 0.00236186 0.0388517 2.95454e-05 0.00289287 0.321006 
0.000215593 0.00448749 0.000232555 0.0867873 0.0367307 0.165354 2.25406e-05 0.0166001 0.000195944 0.00143851 0.000399742 0.0015952 0.147693 0.0014975 0.00385533 0.000284907 0.00971449 0.522895 
0.00408226 0.00438572 0.00143593 0.119864 0.181874 0.0451849 2.20239e-05 0.00429244 0.00830465 0.000391573 6.17246e-12 0.0775957 0.0683671 0.00189117 0.0843962 6.15659e-06 0.00252449 0.395382 
0.00845103 0.000107896 0.000332433 0.0469924 0.0646158 0.300859 0.0314333 0.0118638 0.000712256 9.59961e-05 0.00139474 0.0208526 0.0511072 0.000489965 0.0159297 0.00511303 0.00691161 0.432737 
0.0187414 0.203131 4.56064e-05 0.131167 0.0349508 0.0313931 2.16181e-05 0.0268698 0.000424499 6.57175e-05 0.000875448 0.0286576 0.138237 0.00764121 0.118763 0.00625485 0.00285989 0.2499 
0.00108041 0.00380615 0.0292891 0.0198415 0.00799721 0.0322905 0.000159349 0.106317 4.19457e-06 0.000350914 0.00399936 0.254927 0.0302242 0.000104305 0.00418626 0.00224729 0.000522696 0.502652 
0.00493096 0.0132989 0.0163403 0.148534 0.0143788 0.011633 3.09932e-05 0.0303698 9.69242e-05 0.00130723 0.00421676 0.0486709 0.0938258 0.0020855 0.0528203 0.00108817 0.0237025 0.532669 
0.203083 0.00252605 0.0100124 0.117252 0.0154397 0.0283263 3.30068e-05 0.0404452 0.00101894 0.000863283 0.00661683 0.0632856 0.139294 0.00209492 0.0316298 1.59775e-05 0.0122501 0.325812 
0.000824542 0.0167019 0.0531497 0.00730928 0.0850121 0.187577 0.143616 0.116662 0.00228929 0.00700074 0.00713092 0.010264 0.0615322 0.00276665 0.0292358 0.00054875 0.000246281 0.268132 
0.0484189 0.000148981 9.42313e-05 0.103715 0.00636431 0.00201529 3.00877e-05 0.00307664 6.79057e-06 0.000614727 0.000152265 0.0148167 0.0822761 6.37834e-05 0.000370865 1.20718e-05 1.95944e-05 0.737804 
0.0530646 1.6254e-06 0.00263456 0.0175095 0.0031522 0.287474 0.0003059 3.41786e-06 0.000432545 8.04007e-06 0.000669897 0.201564 0.0170368 5.77031e-05 0.0859942 0.0080164 6.60648e-05 0.322008 
0.000207767 0.00013226 0.000615081 0.0439381 0.00730749 0.00296096 2.11312e-06 3.63576e-08 5.65232e-09 2.16743e-05 2.71239e-13 0.00408943 0.128218 1.13617e-05 0.00045065 2.73011e-09 2.34676e-05 0.812021 
0.0215189 0.00787842 0.089241 0.0490566 0.0270719 0.0136498 1.7525e-06 0.0841043 0.00076675 0.000871947 0.00339235 0.0698007 0.298906 0.000736482 0.0164768 7.03201e-05 0.00119277 0.315263 
0.0134274 0.000168745 0.00710397 0.351505 0.00790168 0.00137303 3.62027e-06 0.0147464 0.000647378 0.000720481 0.00140957 0.0179321 0.0319152 8.14365e-05 0.000770767 5.12619e-05 0.000503496 0.549739 
0.0061699 0.00313358 0.0191461 0.188015 0.060544 0.0170777 8.43724e-06 0.00731961 0.000245462 0.000690655 0.00169618 0.00850866 0.125905 0.0172681 0.184547 0.000168949 0.101047 0.258509 
7.35753e-08 9.84214e-05 1.55947e-06 0.00129461 0.0141026 0.215765 1.60502e-05 1.41874e-07 4.24903e-05 3.22901e-07 1.31036e-10 0.0011109 0.0598686 4.56553e-07 0.000151632 0.000616775 6.0235e-06 0.706924 
0.0104637 0.000224632 0.00512504 0.183015 0.0134529 0.0587915 0.0531416 0.0529996 4.83666e-05 0.000149498 0.000254863 0.0796467 0.0651282 0.000115461 0.000421126 0.0010167 0.000520002 0.475485 
0.0123724 0.011134 0.000187171 0.0752698 0.0797307 0.0800377 0.000113366 0.0166783 0.00352314 0.000400468 0.00119621 0.0281622 0.177071 0.0102427 0.20064 0.000114998 0.00153278 0.301593 
0.356856 0.000306407 0.00216896 0.102713 0.0183262 0.00728854 6.64406e-06 0.00265505 0.000355118 0.0125152 0.0010846 0.01175 0.120906 0.000279881 0.00269954 3.89544e-05 0.0013384 0.358711 
0.356856 0.000306407 0.00216896 0.102713 0.0183262 0.00728854 6.64406e-06 0.00265505 0.000355118 0.0125152 0.0010846 0.01175 0.120906 0.000279881 0.00269954 3.89544e-05 0.0013384 0.358711 
0.000748678 0.00278352 0.0166237 0.0336514 0.0253324 0.255468 0.032962 0.075363 0.0012255 0.00100882 0.0641647 0.0289167 0.0819532 0.000862593 0.0172288 0.00319521 0.000159863 0.358352 
1.08149e-05 4.34725e-05 3.82086e-08 0.000200758 0.0880667 0.0849439 0.00186131 0.00186825 5.49841e-07 7.03828e-08 0.0844183 0.00338412 0.000265004 0.171546 0.185142 4.75614e-06 0.0218947 0.356349 
0.0452251 0.00368579 0.000479344 0.141654 0.152324 0.0192806 0.000646689 0.0142241 0.00567902 0.0962445 0.000845141 0.148245 0.0602679 0.00395592 0.0690288 0.007065 0.0412902 0.18986 
0.0181409 0.00178656 0.000421806 0.0449848 0.0140441 0.00636756 0.000113475 0.0234874 3.11754e-05 9.23236e-05 0.000400717 0.125627 0.194567 0.00182775 0.0668752 0.00224753 0.0191524 0.479833 
0.00414751 0.00201323 0.0258428 0.214428 0.00570871 0.00335243 6.15619e-06 0.122097 0.00171646 0.000224914 0.00486483 0.0319804 0.0979078 0.000129751 0.0235617 0.000224116 0.00356251 0.458231 
0.00046189 0.00497659 0.009503 0.13776 0.112984 0.0289295 7.13232e-07 0.0345345 0.000644511 0.00323897 0.12303 0.0300816 0.0106455 0.00301383 0.0340281 5.2083e-05 0.00669535 0.459421 
6.68451e-05 0.00224182 0.000230861 0.0484105 0.0106006 0.00758267 1.3362e-05 0.0158256 0.000101985 6.02502e-05 0.0134377 0.13487 0.309581 5.06311e-05 0.00111698 7.5698e-05 5.41759e-05 0.455679 
9.08494e-07 0.0159905 0.0837522 9.08779e-07 0.0116317 0.001909 0.00226992 0.024992 9.07948e-07 9.07914e-07 9.0825e-07 9.08764e-07 9.08833e-07 0.00463443 0.0426242 9.08658e-07 0.00427188 0.807917 
0.00333335 0.00261136 0.00133564 0.274518 0.0720923 0.11101 0.00117823 1.2037e-07 0.00171986 0.00396859 1.20301e-07 0.0178027 0.208483 0.00115537 0.00866717 0.0032136 0.00175742 0.287153 
0.042834 0.076732 1.46235e-05 0.0551136 0.00327469 0.0350079 0.024601 0.0124031 0.000995774 0.00655825 0.0230973 0.0555721 0.0394747 0.00428766 0.0107942 0.0980317 0.000929456 0.510278 
0.00166151 0.0233282 0.00802764 0.0446596 0.129808 0.0210587 0.000144257 0.0763808 0.00651466 0.000285667 0.00206582 0.0483113 0.248209 0.0018449 0.0891016 0.0277793 0.00129568 0.269523 
0.00333335 0.00261136 0.00133564 0.274518 0.0720923 0.11101 0.00117823 1.2037e-07 0.00171986 0.00396859 1.20301e-07 0.0178027 0.208483 0.00115537 0.00866717 0.0032136 0.00175742 0.287153 
0.0860214 0.0204037 0.00210367 0.124476 0.0478328 0.0656635 6.69347e-05 0.0109919 0.00415366 0.00196173 0.000938388 0.119743 0.117757 0.0224692 0.160369 0.0133086 0.00238822 0.199352 
2.41926e-07 0.00471492 6.89444e-06 3.51103e-11 0.0109914 0.0328161 1.00468e-07 0.00729707 1.31089e-05 0.00360729 0.000286804 0.0774865 0.0681016 0.000704442 0.0151248 2.96232e-05 1.35584e-05 0.778806 
0.000265168 0.000764661 0.000725166 0.0234147 0.00462562 0.0139336 1.49996e-06 0.0305957 0.0010857 5.67701e-05 0.000455427 0.00101806 0.0152395 0.000107405 0.00187842 0.000128872 3.87889e-05 0.905665 
0.0315165 0.000420163 0.000309259 0.119518 0.141805 0.0514245 0.000175217 0.0401765 0.000197679 0.000793418 0.00162056 0.059496 0.123503 0.00422302 0.0720267 0.00991118 0.0938885 0.248995 
0.0343608 0.0475529 0.00128747 0.0790795 0.0465137 0.0121143 0.000168814 0.0492831 0.00310462 0.00777744 0.00328816 0.114208 0.144052 0.0024493 0.0147696 0.00923775 0.000532697 0.43022 
0.00414751 0.00201323 0.0258428 0.214428 0.00570871 0.00335243 6.15619e-06 0.122097 0.00171646 0.000224914 0.00486483 0.0319804 0.0979078 0.000129751 0.0235617 0.000224116 0.00356251 0.458231 
0.0643643 0.00271671 0.00406893 0.10043 0.0373912 0.0393735 0.0355824 0.0361653 0.00404073 0.000247774 0.00106254 0.0615819 0.129036 0.00389156 0.0264656 0.00375333 0.0216812 0.428147 
0.000160992 0.00030168 0.00661524 0.107474 0.0145772 3.82411e-06 5.68893e-08 0.0486461 0.00513296 7.60013e-06 0.00952101 0.0380354 0.288606 2.10502e-06 0.00990383 0.000173523 4.65349e-06 0.470835 
0.00237155 0.000309381 0.000124906 0.0720907 0.00160158 0.208009 5.08712e-07 0.0374996 0.000425505 7.24358e-06 1.83796e-06 0.00121471 0.00671007 0.00103165 0.00065704 8.1818e-07 0.000523773 0.66742 
0.00530609 0.00069333 0.00437269 0.00910911 0.00867914 0.00873832 1.24952e-05 0.0160315 0.000504444 0.000319118 0.00315544 0.0258523 0.0710869 0.000368962 0.00663694 0.000331083 0.00598207 0.83282 
0.0145124 0.00312399 0.0570136 0.0537279 0.0562179 0.0544609 0.0165633 0.11457 0.00961157 0.0382718 0.0220152 0.0978099 0.172451 0.00484691 0.0277546 0.00290143 0.0367333 0.217415 
3.2014e-05 5.05506e-05 0.11356 0.0149743 0.0145698 0.00783619 8.47483e-07 0.0167433 2.81082e-05 5.24616e-05 0.000135489 0.0329457 0.106633 0.00699748 6.90901e-05 2.85622e-06 0.000230511 0.685139 
0.00414751 0.00201323 0.0258428 0.214428 0.00570871 0.00335243 6.15619e-06 0.122097 0.00171646 0.000224914 0.00486483 0.0319804 0.0979078 0.000129751 0.0235617 0.000224116 0.00356251 0.458231 
1.10096e-06 0.00624776 0.00278053 0.00819514 0.0120596 0.0103607 8.47714e-05 0.0297818 2.57835e-05 0.00039484 0.00463548 0.00176872 0.030532 0.000417531 0.0028626 6.46056e-07 5.55129e-05 0.889795 
0.00521992 0.0408685 0.0310518 0.0895144 0.057781 0.0945578 2.93388e-07 0.0618532 3.83864e-06 4.66825e-05 5.90935e-05 0.0241494 0.0126291 3.32859e-06 0.0105526 0.000473093 6.79764e-07 0.571235 
0.148559 0.00844613 0.00447816 0.151684 0.0203667 0.00254353 3.90875e-06 0.0327483 0.000119615 0.000491969 0.00184618 0.0909425 0.177764 0.00140713 0.0123036 0.00604823 0.00227123 0.337975 
0.0190266 0.0133951 0.0064898 0.246224 0.123564 0.0195451 3.81358e-05 0.0842367 0.0096009 0.000842826 0.00567462 0.0232736 0.158363 0.00348533 0.0322394 0.000284703 0.00436217 0.249354 
0.000267878 0.00176745 0.0103514 0.0201245 0.184072 0.0584208 0.233049 0.018284 3.37024e-05 1.23911e-10 2.4954e-09 0.0276273 0.0393058 0.00102036 0.005228 0.000739074 6.41211e-06 0.399702 
0.0750581 0.0197021 0.00867677 0.0976527 0.00979825 0.0035547 6.50925e-06 0.0408582 9.12556e-05 0.0315626 0.00209638 0.087246 0.168346 0.0134608 0.0262021 1.26486e-05 0.00114865 0.414526 
0.282476 0.000504896 0.00285532 0.0900292 0.00505654 0.00524347 1.70483e-05 0.0101916 0.000447743 0.00467118 0.0180444 0.0201243 0.112918 0.000106758 0.0059692 5.27646e-05 0.00176601 0.439525 
0.17665 8.64982e-05 3.59466e-05 0.0207959 0.0130302 0.00589256 5.31933e-06 0.0104085 0.164391 0.00366554 3.79241e-08 0.0266854 0.233388 0.000554164 0.0114204 0.00142443 0.00404796 0.327518 
0.141352 0.000486597 0.00157582 0.103699 0.0179085 0.00208663 0.000270999 0.0941874 0.000536871 0.000448503 0.00267082 0.0441777 0.207672 0.00327443 0.00989407 4.78835e-05 0.00576748 0.363944 
0.0789752 0.00360179 0.00528525 0.135515 0.0288844 0.0258279 0.000422532 0.0224629 0.0024775 0.00733736 0.00326553 0.0560254 0.242149 0.00201974 0.00557229 0.00386495 0.00123254 0.375081 
0.0111772 0.00158249 6.01753e-06 0.178755 0.0244244 0.00342272 3.68232e-06 0.00563358 0.000493632 1.20148e-06 0.00287576 6.16567e-07 0.109922 0.00284528 0.13531 6.11191e-08 1.28321e-06 0.523544 
0.00241334 0.00047586 0.000267637 0.0373431 0.0164115 0.015276 7.62949e-05 0.00425914 0.000144157 0.00010162 0.000232851 0.036655 0.152544 6.11327e-05 0.00195248 3.8012e-05 4.812e-05 0.731699 
0.00310749 0.0183413 0.04387 0.0948149 0.082934 0.0157523 1.49065e-05 0.134356 0.00480152 2.37948e-05 0.0027896 0.0391879 0.21245 0.00186196 0.002145 1.58279e-05 0.00030715 0.343226 
2.41926e-07 0.00471492 6.89444e-06 3.51103e-11 0.0109914 0.0328161 1.00468e-07 0.00729707 1.31089e-05 0.00360729 0.000286804 0.0774865 0.0681016 0.000704442 0.0151248 2.96232e-05 1.35584e-05 0.778806 
0.0111908 0.0576515 0.00182223 0.16371 0.0121885 0.0105546 4.6608e-05 0.0347821 0.0176006 0.0077016 0.000406688 0.0526137 0.228761 0.0028198 0.11192 0.00594183 0.048861 0.231428 
2.41926e-07 0.00471492 6.89444e-06 3.51103e-11 0.0109914 0.0328161 1.00468e-07 0.00729707 1.31089e-05 0.00360729 0.000286804 0.0774865 0.0681016 0.000704442 0.0151248 2.96232e-05 1.35584e-05 0.778806 
0.01287 0.000144525 0.00334544 0.181188 0.161595 0.0469991 7.63349e-05 0.0957431 0.0106745 0.000327013 0.000148809 0.116056 0.0446465 0.000924388 0.0122011 0.00129706 0.000338461 0.311425 
0.00311955 0.0217319 0.00833235 0.147313 0.0578709 0.0126099 9.82843e-05 0.0942541 0.000393651 0.000954532 0.00411339 0.137258 0.148984 0.0254659 0.110093 0.000257949 0.00798666 0.219163 
0.254006 3.75189e-06 0.0384284 0.11632 0.00658665 0.0159581 0.0285569 0.0368984 6.95904e-05 0.000576542 0.00125925 0.0823555 0.0213895 0.00107268 0.00470338 0.0150331 0.00441976 0.372362 
0.00060257 0.00162835 0.00266414 0.0236861 0.00445463 0.00876108 2.5858e-06 0.00929038 3.61431e-06 3.45105e-06 0.00261803 4.72657e-06 0.0112375 1.77493e-05 0.00536248 2.61267e-07 0.0046327 0.92503 
0.00752165 0.000348036 0.0173163 0.0761729 0.055632 0.0204674 0.0148265 0.0518071 0.000866181 0.000383357 0.000136736 0.182419 0.106752 0.00022773 0.00276018 0.000363826 0.00372299 0.458276 
0.0102999 0.00117893 0.0471032 0.0130775 0.0146849 0.17445 0.00384076 0.0119612 0.00177393 0.00036602 0.0171286 0.0218799 0.0666544 0.000214483 0.0248741 0.000900685 0.070822 0.518789 
0.0134977 0.00963564 0.0049459 0.096849 0.0280539 0.149815 4.00113e-06 0.0117571 0.0128478 2.94204e-05 0.0208738 0.121668 0.144094 0.00304724 0.0189159 8.77558e-05 0.00740869 0.356469 
2.41926e-07 0.00471492 6.89444e-06 3.51103e-11 0.0109914 0.0328161 1.00468e-07 0.00729707 1.31089e-05 0.00360729 0.000286804 0.0774865 0.0681016 0.000704442 0.0151248 2.96232e-05 1.35584e-05 0.778806 
0.0178337 0.000142729 0.00306455 0.249948 0.00786459 0.000735667 1.50472e-05 0.0360669 3.06981e-09 0.000121102 0.000648894 0.0189955 0.229583 0.000275712 0.00221084 2.11827e-06 0.00102469 0.431467 
0.0433382 0.00121071 0.00369288 0.193884 0.0284704 0.00630709 3.91207e-05 0.0153557 0.00120137 0.0013583 0.0136465 0.0183021 0.169644 0.000880586 0.0243342 3.03507e-05 0.0266218 0.451683 
0.00194726 0.0191777 0.1466 0.236736 0.0110914 0.0011172 2.69338e-08 0.0771665 0.00105442 2.7369e-06 5.94608e-05 0.15066 0.0608075 0.0137011 0.0087294 0.000183514 0.00977489 0.261191 
0.000473829 9.9277e-05 7.31583e-05 0.00309659 0.00346725 0.00248317 0.0458252 0.0294557 4.98039e-05 2.23403e-05 2.48842e-05 0.00835169 0.0448016 0.000571112 0.000748828 0.000691612 6.98405e-05 0.859694 
0.00209605 0.000208222 0.000993282 0.0268769 0.0326322 0.323324 0.000404565 0.00153612 0.00574654 4.26849e-05 1.93968e-08 0.015134 0.187577 0.000327185 0.0130907 0.000257694 0.000303753 0.389449 
0.000252941 0.0115606 0.000935675 0.0344559 0.0485462 0.0567318 6.85538e-05 0.0388461 0.00312364 0.000265756 0.000218732 0.0546309 0.190312 0.00177614 0.0319197 0.0011296 0.00500632 0.520219 
0.00462886 0.00675956 0.00323161 0.0339595 0.0146688 0.00346448 4.41024e-06 0.0467423 0.000585368 0.000450071 0.00174208 0.0597891 0.392114 0.000620159 0.00809354 5.96262e-05 0.000338191 0.422748 
0.00119793 0.0013243 0.00678731 0.00882836 0.0249503 0.193568 0.000294303 0.0135857 0.000390612 0.00263595 0.000542818 0.199885 0.165692 0.00143211 0.0158177 0.000452178 0.00395224 0.358664 
0.00549884 0.00405684 0.0305877 0.0329849 0.0205723 0.142684 0.232714 0.125462 0.000575838 0.000136359 0.00262222 0.0517971 0.0631105 0.0248568 0.0149966 0.000486068 0.00295015 0.243907 
0.0580337 0.000316755 0.000335124 0.121394 0.0700223 4.35785e-05 8.79109e-06 0.000131726 2.5751e-05 1.52346e-05 4.75782e-05 0.000202641 0.0464117 1.51503e-05 5.80669e-05 0.0195849 6.4896e-09 0.683353 
0.00977564 0.00958118 0.018331 0.0836614 0.0559728 0.022181 1.91212e-05 0.129733 0.000432699 0.000194053 0.00206528 0.0298479 0.121596 0.000125441 0.0118011 2.48628e-05 5.2069e-05 0.504605 
0.0212614 0.000325288 0.000481365 0.0227939 0.0157238 0.0294212 2.59755e-05 0.00460841 0.000427699 0.000149551 0.00225474 0.0159485 0.130769 2.10649e-05 0.0118297 0.00131699 0.00810445 0.734537 
0.0331902 0.0130584 0.00121854 0.219206 0.0215375 0.00253181 9.07811e-06 0.0219482 0.00315196 0.00159052 0.00438771 0.0356233 0.184623 0.00378242 0.0680553 0.00159412 0.015391 0.369101 
0.0206681 0.00251269 0.0158421 0.217493 0.0187567 0.0238021 2.65666e-06 0.152695 0.00030534 0.00704654 0.0181644 0.0417524 0.210266 0.00140442 0.0201329 0.0013144 0.00278735 0.245053 
0.282482 0.00185453 0.00264314 0.165217 0.0136297 0.0073938 6.93636e-06 0.0128825 0.000261203 0.00346062 0.0105431 0.0216971 0.122032 0.000289668 0.0162116 5.36472e-05 0.00574098 0.3336 
0.227552 0.0027559 0.00273439 0.23427 0.0173197 0.00592158 1.39408e-05 0.0143398 0.000518363 0.00113121 0.00896213 0.0303792 0.0985971 0.00141413 0.030635 0.000123676 0.0191455 0.304187 
0.00220785 0.00323178 0.0111153 0.0599631 0.0114734 0.0594185 0.000640721 0.0309353 0.187855 0.000382092 0.000963461 0.0262969 0.0185978 0.000441958 0.136449 0.000245429 0.0230218 0.426761 
0.000502473 0.000230088 0.00975875 0.0639969 0.0106072 0.00878825 3.69029e-05 0.235781 1.68589e-05 2.43542e-05 0.000819059 0.0344399 0.0364484 0.00165618 0.0216254 0.000439778 0.000414745 0.574414 
0.356856 0.000306407 0.00216896 0.102713 0.0183262 0.00728854 6.64406e-06 0.00265505 0.000355118 0.0125152 0.0010846 0.01175 0.120906 0.000279881 0.00269954 3.89544e-05 0.0013384 0.358711 
0.00876804 0.00272071 0.00503164 0.109412 0.0250658 0.023497 2.61127e-06 0.0390418 0.00245992 0.000326728 0.00769246 0.0132522 0.2458 0.00308969 0.0230184 0.000241704 0.024564 0.466015 
0.00056247 0.0029465 0.100074 0.0245145 0.00591169 0.0132057 2.46239e-06 0.0827128 0.000771995 0.00302887 0.161303 0.0215134 0.187911 0.0040089 0.0278158 7.37321e-05 0.0584617 0.305181 
0.00351934 0.00287901 0.149525 0.0434037 0.0199621 0.0361756 0.000569581 0.00636968 0.000297617 0.00127483 0.000346883 0.111662 0.129991 0.000645088 0.00679658 0.000111131 4.89482e-05 0.486422 
0.000106448 0.000383177 0.000219002 0.146371 0.00750543 0.112682 3.19679e-06 0.0230289 3.16738e-05 0.0165976 1.58588e-05 0.000238835 0.0445806 0.00242654 0.119231 1.15238e-05 0.00264068 0.523926 
0.00173676 0.000141964 4.19905e-05 0.000117293 0.108636 0.0203624 7.4333e-08 0.0203874 0.000574368 0.000197981 0.00157707 0.00851236 0.0574368 5.16486e-05 0.00261948 1.64315e-06 9.34521e-05 0.777511 
0.0276942 0.0482577 0.01261 0.0692932 0.0412341 0.0730514 8.61663e-05 0.120736 0.0022231 0.000485463 0.00117036 0.0257513 0.236734 0.00446027 0.0366678 0.0210886 0.0131308 0.265326 
0.00182046 0.0296661 0.000635584 0.120111 0.0144654 0.00268263 0.000212766 0.0728855 0.000680368 5.92411e-05 0.00187306 0.0892639 0.27555 0.000361582 0.0515909 0.00119278 0.0104116 0.326537 
2.41926e-07 0.00471492 6.89444e-06 3.51103e-11 0.0109914 0.0328161 1.00468e-07 0.00729707 1.31089e-05 0.00360729 0.000286804 0.0774865 0.0681016 0.000704442 0.0151248 2.96232e-05 1.35584e-05 0.778806 
2.22057e-07 0.000693614 0.00037269 0.00885899 0.0155413 0.0570642 0.000113152 0.000369853 0.00102206 5.52977e-05 1.84524e-08 0.011983 0.277224 0.000201079 0.00440234 0.000117131 0.000127388 0.621854 
0.00736522 0.00805663 3.00568e-07 3.00703e-07 0.0464225 0.0241124 3.00315e-07 0.119348 0.0150818 0.0185661 0.0269576 0.155401 0.236186 0.00381821 0.0269442 3.00663e-07 0.00213515 0.309604 
0.00423731 0.00241301 9.8939e-06 0.0437445 0.00560931 0.00123108 1.99778e-05 0.08351 0.0475174 0.0891254 0.00421451 0.0466112 0.170105 0.00234433 0.0408213 0.000528587 0.0237889 0.434169 
0.0645676 0.00169532 0.000357819 0.050906 0.0187695 0.00631914 2.80348e-05 0.00961747 0.0426713 0.00182471 0.00036683 0.0367163 0.195446 0.000142688 0.00577059 0.000839356 8.13128e-05 0.56388 
0.282482 0.00185453 0.00264314 0.165217 0.0136297 0.0073938 6.93636e-06 0.0128825 0.000261203 0.00346062 0.0105431 0.0216971 0.122032 0.000289668 0.0162116 5.36472e-05 0.00574098 0.3336 
5.49025e-05 0.00138215 0.0501425 0.0130926 0.0142405 0.32058 0.145877 0.00307242 0.00334456 8.7454e-05 0.0095857 0.0431074 0.0332065 0.000673776 0.00630292 0.00121233 0.00256732 0.35147 
0.0294067 0.00554358 0.00389644 0.100688 0.0632246 0.0281961 0.000526862 0.0462071 0.00133721 0.0173313 0.000641836 0.122298 0.164705 0.00222232 0.0582476 0.00102995 0.00580233 0.348694 
0.000203029 7.73405e-05 0.148282 0.0288836 0.0217952 0.022526 2.16637e-05 0.0775833 0.000172969 3.68108e-05 0.00035959 0.0767304 0.117648 0.000230166 0.00401267 0.00012977 0.0166615 0.484646 
0.000120876 0.00129356 7.93858e-08 0.269704 0.144631 0.00205739 0.000547712 0.000656763 0.000575432 0.00472851 0.00070555 0.0123201 0.0583813 0.16276 0.0316549 3.64482e-08 1.60891e-05 0.309847 
0.00252225 0.00564654 0.0168269 0.117068 0.013083 0.00590268 1.62243e-05 0.102979 0.00165041 0.00068256 0.00878013 0.153168 0.169892 0.000341811 0.0236784 0.000134524 0.0110406 0.366587 
0.00122214 0.0193254 0.000318014 0.0254388 0.0245726 0.00710908 9.9062e-06 0.00983018 5.51835e-05 9.25289e-06 0.143574 0.0513296 0.323912 1.80119e-06 0.00185576 2.57308e-05 0.000246251 0.391164 
0.0148213 0.00166309 0.00984931 0.129402 0.0117611 0.0142433 0.000317001 0.159914 0.00023274 0.00399298 0.0132104 0.151741 0.149154 0.00084741 0.016321 0.131771 0.00380369 0.186955 
0.0645676 0.00169532 0.000357819 0.050906 0.0187695 0.00631914 2.80348e-05 0.00961747 0.0426713 0.00182471 0.00036683 0.0367163 0.195446 0.000142688 0.00577059 0.000839356 8.13128e-05 0.56388 
0.00227916 0.000234981 0.0251405 0.0707905 0.0522109 0.0502323 0.219283 0.00658095 0.000365233 0.000119253 3.52267e-09 0.0157568 0.0872072 0.000812977 0.000999197 0.0001789 0.000458834 0.467349 
0.0590495 0.00245299 0.00299346 0.264993 0.00581295 0.00424647 0.0422332 0.0917752 0.026328 0.000153573 0.00034369 0.0243662 0.033723 0.000173399 0.00477722 0.00240376 0.00117478 0.433 
0.00388548 0.0289662 0.00114166 0.155751 0.0296421 0.0139796 6.98386e-05 0.0523501 0.000828393 0.00101676 0.00278365 0.0469916 0.109159 0.00509505 0.111929 0.000251056 0.0171017 0.419057 
0.0119582 0.0858284 0.0144982 0.184168 0.0590091 0.00370675 1.07864e-05 0.10082 0.00142118 0.000191233 0.0018756 0.00612979 0.0461305 0.00528813 0.0364546 0.0180055 0.00388899 0.420615 
0.317225 1.54872e-05 0.00795103 0.204713 0.00491301 0.000707236 9.4221e-06 0.00674134 0.000111999 0.00152805 0.00280837 0.0134733 0.078996 0.00643788 0.00154259 7.28366e-05 0.0113981 0.341355 
0.173821 0.00127423 0.000439701 0.201277 0.0151206 0.00729067 0.00027494 0.00740396 0.00096149 0.00205571 0.00491791 0.0158327 0.268848 0.000625844 0.00764109 5.33469e-06 0.00306474 0.289146 
0.0322529 0.00691103 0.00893873 0.0944788 0.0394473 0.0155236 0.00180883 0.237938 0.000803568 0.00136163 0.00226777 0.086968 0.105256 0.00300193 0.0396107 0.00455649 0.00895707 0.309918 
0.176009 0.000805189 0.036481 0.15766 0.00482031 0.00305891 9.67777e-06 0.0291613 0.000433379 0.00502621 0.0128671 0.0223246 0.213397 0.000185108 0.00866935 2.47806e-05 0.00175587 0.327312 
0.000216335 0.000740054 0.000566796 0.0224373 0.00459975 0.0143233 1.13928e-06 0.0272104 0.000938624 4.94718e-05 0.000400953 0.000840799 0.0135477 9.63523e-05 0.00157468 0.000125397 2.95136e-05 0.912301 
0.199217 0.0052892 0.0229425 0.156687 0.0215919 0.0501912 0.000279463 0.0188372 0.000214904 0.00110995 0.000881767 0.0392713 0.194544 0.00694895 0.0287859 0.0028294 0.0094717 0.240906 
0.00112229 0.00413677 0.0588784 0.253868 0.00462198 0.026436 0.00022339 0.0337704 0.00526966 0.00323386 0.00085826 0.127991 0.0412366 0.0426632 0.0270304 0.000663026 0.00309918 0.364897 
0.00451996 0.000279109 0.00393482 0.276366 0.0721783 0.0687886 0.000429048 0.00349478 0.000133106 0.000135204 2.67735e-05 0.00985096 0.0467086 0.000767069 0.00232002 6.63383e-05 0.0018011 0.508201 
0.00143844 0.0104996 0.0236251 0.0954943 0.0945529 0.00956914 9.74408e-05 0.0282131 0.277477 0.000195305 0.00151835 0.0318037 0.0355705 0.0343096 0.0416431 0.00101768 0.0156851 0.297289 
1.72639e-05 0.00970332 0.000566566 0.0304111 0.212972 0.0337855 0.00116139 0.113405 0.135556 0.000844844 0.00155391 0.0278789 0.039077 0.018873 0.014933 5.72915e-05 0.000221188 0.358983 
0.00056247 0.0029465 0.100074 0.0245145 0.00591169 0.0132057 2.46239e-06 0.0827128 0.000771995 0.00302887 0.161303 0.0215134 0.187911 0.0040089 0.0278158 7.37321e-05 0.0584617 0.305181 
1.97546e-10 2.24708e-06 1.55272e-05 6.07777e-11 0.00427446 0.343179 0.00147843 1.18681e-06 4.93991e-07 7.56653e-07 3.16777e-07 0.000390894 3.42452e-11 5.92814e-07 0.00930052 3.34507e-07 0.00037461 0.640981 
0.0342122 0.150454 0.00377054 0.0511493 0.0593448 0.0791596 1.22875e-07 0.0151748 0.0105591 0.0026715 0.00887971 0.0166001 0.131638 0.0135586 0.0706217 0.00156244 7.64651e-05 0.350567 
0.000447029 0.000719903 4.05263e-10 0.297545 0.000187983 1.84599e-06 1.95781e-06 0.174851 7.19243e-10 7.46521e-10 4.93592e-10 1.72532e-05 0.140011 2.79638e-10 4.67159e-07 1.86067e-10 2.20076e-06 0.386214 
0.0701871 9.86386e-07 0.00972105 0.0253336 0.0623088 0.146292 0.199776 0.00232037 0.00278612 2.95725e-05 3.16855e-08 0.0445543 0.087391 0.00118805 0.00790501 0.0840962 0.00109687 0.255013 
