0.0251157 0.0479837 0.00186488 0.0608475 0.0051407 0.0250159 0.011518 0.0189384 0.00299815 0.010302 0.0198031 0.0532152 0.0971399 0.0388299 0.073969 0.0493499 0.118293 0.339675 
5.91986e-08 0.000990006 1.52291e-12 5.29211e-07 0.0118945 0.902905 7.51321e-05 0.000124004 0.000117662 1.20911e-07 4.32195e-08 0.000571669 0.0241846 0.00319798 0.0482845 0.000154363 0.00749983 3.04408e-08 
0.000401426 0.207462 1.37663e-05 0.172251 0.0151998 0.0085277 2.92343e-05 0.128812 0.000148285 0.000630124 0.00161286 0.0146539 0.374215 0.00670692 0.0531178 0.000674181 0.003923 0.0116214 
0.000369739 0.000788395 4.03198e-08 0.734113 0.0105506 0.0574375 0.00170866 0.00535345 5.08929e-05 5.6557e-07 0.0014405 0.00371025 0.0623807 0.0322298 0.0321671 2.61569e-05 0.0532062 0.00446622 
0.394873 0.000470903 0.000180821 0.0812836 0.0327724 0.169046 0.000270298 0.0111565 0.00661885 0.000835683 0.0200742 0.173565 0.052152 0.00136592 0.0270571 0.0152254 0.0035962 0.00945668 
0.145101 0.00662516 0.000103227 0.0615896 0.0309121 0.522589 0.000153097 0.00546595 0.00875304 0.000214972 0.00431307 0.0599476 0.0640124 0.0011556 0.0297707 0.00438387 0.000219309 0.0546907 
0.0009482 1.87959e-07 4.2531e-11 9.24324e-07 0.00197527 0.956938 0.0170921 4.92226e-08 0.00072339 0.000266899 7.55353e-08 0.000346462 0.0105434 3.93349e-07 0.0110319 0.00013159 1.42368e-06 5.31836e-08 
0.000280373 0.00033009 8.29042e-12 3.6199e-07 0.0125169 0.940802 0.00163407 4.13527e-05 0.0119496 8.27185e-08 8.79872e-05 0.000190596 0.00806183 0.00153115 0.0198683 5.14827e-05 0.00250025 0.000153783 
3.21722e-07 0.00033132 1.18526e-10 2.87534e-06 0.00396953 0.964029 2.58416e-05 4.16026e-05 4.06396e-05 6.57139e-07 2.34954e-07 0.000191148 0.00806577 0.00106822 0.0196768 5.18726e-05 0.00250446 1.65435e-07 
0.00712315 0.0060217 9.85129e-08 0.0299831 0.311707 0.00296513 9.12907e-07 0.0038832 7.10246e-05 0.00073151 0.0038349 0.00556031 0.0197328 0.441159 0.149 0.00286697 0.00701405 0.0083448 
0.354342 0.00222703 7.23495e-06 0.0807798 0.00381296 0.00180117 1.76131e-05 0.00444378 8.62502e-06 0.370211 1.51055e-05 0.00941423 0.0462617 0.00305725 0.0464956 7.22706e-05 0.00843678 0.0685962 
0.0104413 5.65556e-08 1.16373e-12 5.20018e-05 0.012581 0.000971832 8.5701e-08 0.00807571 2.65645e-08 0.829235 0.000384116 0.0296607 0.00155647 0.000224722 0.0158129 0.000311952 0.0906919 1.20854e-08 
0.73241 0.000993431 2.57315e-06 0.0391453 0.00232374 0.00106721 5.93898e-06 0.0052052 0.00026851 0.00038424 0.029259 0.145822 0.00968332 0.000740054 0.0105665 0.00731656 0.00409136 0.0107157 
0.00721735 0.00267355 3.76194e-06 0.0143964 0.0492095 0.229495 0.00029923 0.0365507 0.000425428 0.0016985 5.68905e-05 0.0117131 0.568335 0.0301285 0.036892 0.000298569 0.00342646 0.00718027 
0.0016179 0.0124236 8.48731e-05 0.000217644 0.0406615 0.716661 9.56901e-05 0.0103927 0.0613791 0.00304614 0.0552456 0.0492764 0.0158389 0.00103678 0.00290912 0.000222217 0.000167849 0.0287226 
0.000640024 0.0710056 2.62599e-05 0.0187164 0.066082 0.502479 0.000296388 0.0425222 0.00752502 0.00462188 0.000202256 0.0486754 0.0937399 0.0114389 0.121318 0.00106256 0.000123633 0.00952406 
2.76976e-05 0.000974235 4.49132e-12 0.00718459 0.0175143 0.864123 9.21217e-05 0.000118525 0.000363657 4.7915e-05 9.27237e-06 0.000551369 0.0413661 0.00305671 0.0478704 0.000153454 0.0165331 1.39072e-05 
0.0173632 0.0257329 0.00058051 0.0952402 0.0694178 0.107689 0.00163446 0.0832372 0.00206153 0.000804318 0.00111366 0.0242774 0.101917 0.00717724 0.130762 0.0333005 0.0126678 0.285023 
0.00948495 0.00945903 8.94284e-05 0.0172523 0.00769912 0.0878511 0.000248382 0.00032271 0.000287652 0.000133512 0.00437424 0.00284717 0.0111103 0.249306 0.545109 0.000122988 0.0536396 0.000662418 
0.00901146 0.380366 1.03632e-05 0.116499 0.00392855 0.000800458 8.62036e-05 0.013932 1.0644e-05 0.000320313 7.06243e-05 0.024204 0.260854 0.0244881 0.162489 5.26295e-05 0.0017819 0.00109432 
0.00295406 0.000725098 2.81561e-12 0.000908666 0.000138194 4.82111e-05 4.44637e-08 2.09488e-06 6.82301e-07 0.994706 1.7064e-05 9.31486e-05 9.52381e-05 9.1122e-06 0.000183777 2.60949e-05 5.72226e-05 3.53706e-05 
0.00449284 0.0196437 3.2444e-11 3.8344e-07 0.211878 0.00278988 1.57441e-08 0.0521398 0.236742 3.69347e-06 3.54456e-06 0.0574989 0.068146 2.84337e-07 0.0356188 9.53488e-08 0.000661909 0.310381 
0.000321459 0.0362013 3.42762e-05 0.00944446 0.0527726 0.49536 0.000897752 0.00973504 0.00081963 0.0009695 0.00135887 0.007377 0.227978 0.00488064 0.149318 8.12273e-05 0.000250466 0.00220014 
1.89149e-06 1.0753e-06 2.26097e-09 1.4007e-07 4.15609e-06 0.994897 4.40405e-06 3.22184e-06 2.10843e-05 4.16486e-09 2.75376e-09 0.00237591 0.00126914 0.00139763 4.56173e-06 2.47248e-06 3.3553e-06 1.39894e-05 
0.000913466 0.00908558 0.000166976 0.043347 0.0311278 0.305457 0.000255302 0.0154738 0.00221527 0.0127386 0.000446022 0.047834 0.0385687 0.0379671 0.400674 0.000234529 0.0203368 0.0331588 
1.76796e-06 0.0024806 5.13166e-08 0.00103095 0.0004235 0.94196 0.000215281 0.00170053 0.00316322 0.000227538 0.0254395 0.00158415 2.15389e-05 6.61182e-06 0.0189134 5.20874e-05 2.3822e-05 0.00275501 
0.000628355 0.0872633 1.02262e-06 0.00891606 0.197566 0.00599748 1.29587e-06 0.0189753 0.00126041 6.83539e-05 0.000263085 0.0308019 0.169006 0.0158479 0.374524 0.000193987 0.0284909 0.0601949 
0.000216801 0.00028781 3.97578e-08 0.675557 0.00284804 0.076839 0.00284708 0.000719997 8.47794e-05 8.99837e-07 0.00240041 0.00211504 0.0390909 0.0537157 0.0471128 4.35717e-05 0.0886763 0.00744347 
0.000606403 0.00126009 1.85698e-05 0.00099767 0.0872613 0.653702 8.27712e-05 0.0455114 0.00151704 0.00696106 0.00358596 0.0469838 0.0585525 0.00188236 0.0783566 0.00126264 0.0106339 0.000823724 
0.00265755 6.47971e-09 8.42225e-13 0.00125227 0.000148341 0.000247516 8.44832e-08 0.00836063 6.92303e-09 0.953188 7.26736e-05 0.0263771 0.0031206 0.000172592 0.00314206 0.000130095 0.00113038 3.33755e-09 
0.000367252 0.0709162 2.10592e-06 0.0488561 0.00363217 0.0017078 4.89074e-06 0.00578956 1.14379e-05 6.06657e-06 0.00199035 0.00122841 0.0505121 0.0344054 0.77823 7.27669e-06 0.00222366 0.000109109 
0.000473787 0.000288617 6.84005e-12 0.000476007 0.926272 0.0026557 1.65138e-11 0.00285978 1.13811e-05 0.000686328 0.000370151 0.000990211 0.000635011 0.000112052 0.0503881 5.38075e-09 0.0134815 0.000299292 
0.242233 0.00476974 2.68679e-07 5.2875e-06 0.173116 0.0657942 0.000532696 0.000686049 0.342839 0.000618812 1.64588e-05 0.00751471 0.0852306 0.000654231 0.0149473 0.0130498 0.00330704 0.0446836 
0.0552094 5.77153e-07 5.85607e-11 2.82753e-06 0.109663 0.0455703 1.41381e-10 0.0138174 0.037686 1.07873e-10 0.30384 0.0153329 0.207984 0.0338673 0.169463 4.30729e-06 0.00755667 2.10084e-06 
9.05358e-06 0.000196961 7.8857e-08 8.04169e-05 0.00531985 0.47877 3.49172e-05 2.74808e-05 4.93207e-05 1.85139e-05 6.66173e-06 0.000110572 0.00678157 0.000589102 0.506511 3.6811e-05 0.00138089 7.6225e-05 
0.00308456 0.00436824 3.81272e-07 0.0414692 0.0420924 0.662801 0.000232768 0.00391733 0.000969297 0.000153983 8.93517e-05 0.00268631 0.0851673 0.0292194 0.106728 0.000119707 0.0111143 0.00578695 
0.000812956 0.00302692 3.75407e-08 0.00301181 0.077681 0.75632 0.000113857 0.0090263 0.000122243 0.000981247 5.07566e-05 0.0022694 0.109424 0.00643948 0.0240685 8.00029e-05 0.00422211 0.00234904 
0.00176702 0.00381839 1.07302e-07 0.00314941 0.185893 0.373155 8.92998e-05 4.96045e-05 0.0807301 0.00123154 0.00027415 0.0214762 0.00750343 0.0040469 0.295962 0.000296715 0.0175658 0.00299248 
0.00391571 0.00716977 7.69175e-08 0.113812 0.0170196 0.305237 0.00261306 0.00555593 0.000492121 0.00331356 0.00179202 0.0130355 0.281438 0.0164864 0.10088 0.00585534 0.117559 0.00382421 
0.0171604 0.00542363 0.000137662 0.0146394 0.179494 0.466271 0.0614998 0.0153801 0.00105016 0.000856126 0.00825511 0.00559372 0.150243 0.0126952 0.0459256 0.000230122 0.0067821 0.00836378 
0.00063766 0.132576 3.66573e-06 0.0474775 0.0818354 0.141145 3.63591e-05 0.130632 0.0769156 0.000739 0.0247482 0.0575308 0.123177 0.0175582 0.109167 0.00181034 0.0336175 0.0203921 
0.0202927 0.00359146 2.36385e-10 0.00546934 0.0476625 0.562104 2.14949e-05 0.00663329 0.000256243 0.00135351 0.00228394 0.173429 0.100394 0.00596605 0.00864301 0.00113134 0.0121166 0.0486524 
5.91986e-08 0.000990006 1.52291e-12 5.29211e-07 0.0118945 0.902905 7.51321e-05 0.000124004 0.000117662 1.20911e-07 4.32195e-08 0.000571669 0.0241846 0.00319798 0.0482845 0.000154363 0.00749983 3.04408e-08 
1.63973e-06 7.08411e-07 8.78595e-13 3.85406e-06 1.53639e-05 5.07746e-05 0.999181 6.39581e-05 1.30532e-06 1.61843e-12 1.07009e-12 2.39713e-05 4.07858e-06 2.56853e-06 5.91524e-10 6.61365e-05 5.65561e-07 0.000583627 
0.0343979 0.0485041 0.00218895 0.114619 0.0148687 0.0636257 0.0105909 0.0361011 0.00345824 0.00582985 0.00935903 0.0730771 0.131796 0.0259543 0.0218575 0.0623052 0.00693103 0.334535 
0.00620799 0.0163641 1.92181e-09 0.0997283 0.0198783 0.477483 8.61974e-05 0.0459023 0.00206147 0.00275943 0.000121625 0.0293878 0.0701798 0.0433326 0.0687354 0.000103849 0.0698022 0.0478656 
8.27037e-05 0.0316693 3.7258e-06 0.0280735 0.00923356 0.542603 3.93001e-05 0.0182616 0.000441783 3.86055e-06 0.00184124 0.00823726 0.0852636 0.0113071 0.214431 0.0028589 0.00179222 0.0438566 
0.00011395 0.000240068 9.06861e-06 0.0540205 0.137543 0.611899 0.0190675 0.0231377 4.37311e-05 2.14988e-05 0.0245274 0.0163958 0.0490595 0.000843203 0.0149476 0.00271665 0.0157062 0.0297077 
0.00386773 0.000496601 3.93266e-06 0.0312753 0.198415 0.116388 1.9596e-05 0.00413358 6.25339e-05 0.000484587 0.00175485 0.0369982 0.181769 0.0184465 0.262293 3.25222e-05 0.00138665 0.142173 
1.72613e-07 0.0014435 7.99735e-09 1.54309e-06 0.000732528 0.752345 0.001021 8.2157e-08 5.04454e-08 3.52556e-07 0.00250793 1.98415e-07 0.0154813 0.00991567 0.21077 0.000186338 0.00214143 0.00345286 
0.0273412 0.335217 1.52538e-06 0.00941465 0.00331738 0.00458863 4.04358e-06 0.111807 5.4071e-05 0.000133213 0.014383 0.249846 0.214433 0.00017663 0.0282837 1.66631e-05 1.19433e-05 0.000969683 
0.000706631 1.16113e-07 2.50272e-12 0.819937 0.0064553 0.000581225 2.23625e-08 0.00070903 7.01839e-08 4.61018e-12 3.0482e-12 0.00530828 0.164004 4.35532e-07 0.00227082 1.10322e-08 2.73206e-07 2.6034e-05 
0.0126592 0.0961345 2.5737e-05 0.195095 0.118382 0.210578 4.24142e-05 0.00632335 0.129207 0.000542899 0.00561105 0.0263486 0.0912757 0.0199556 0.0394688 0.0148684 0.000870038 0.0326111 
0.0030166 9.82438e-09 4.75884e-13 0.000195402 5.24946e-05 1.96599e-05 1.03918e-07 3.95036e-05 1.62527e-06 0.995289 1.14795e-05 0.000280023 2.85796e-06 2.94712e-05 0.000941236 3.02986e-05 4.1752e-05 4.80206e-05 
0.00190826 0.000750647 6.78213e-06 0.0109255 0.00268054 0.105708 0.00184009 0.00172525 0.00118295 0.000383257 0.000248607 0.00994018 0.026846 0.000583521 0.0035367 0.816613 0.00187805 0.0132435 
0.000431511 0.000493704 7.48539e-07 0.0186892 0.0225258 0.00354313 7.64552e-07 8.43887e-05 0.000177443 0.000114066 0.00245407 0.00222856 0.0117158 0.0144146 0.786486 0.000146048 0.136363 0.000130851 
2.78699e-05 0.000352973 7.46428e-06 0.351674 0.0190123 0.244825 0.161594 2.38205e-05 0.000787571 0.00102617 8.48604e-06 0.00697563 0.100756 0.00105262 0.0218017 0.000501178 0.0014981 0.0880746 
0.0140229 0.000824599 9.63659e-06 0.675963 0.00918651 0.0335439 0.00124947 0.00518133 5.10564e-05 0.000161227 0.000686047 0.0056295 0.171819 0.0188788 0.0168378 1.24588e-05 0.0265863 0.0193568 
0.0811975 0.00258295 0.000233266 0.0930308 0.0136919 0.312158 0.312663 0.0249465 0.0286834 0.000325567 0.000662787 0.0337554 0.0433161 0.00183386 0.032601 0.000890039 0.00134668 0.0160817 
0.17469 3.50984e-06 1.30139e-08 0.0207516 0.0146998 0.000653813 4.03884e-06 0.168567 8.59113e-05 0.00090019 6.18094e-06 0.280669 0.0945497 0.000869601 0.186845 0.00103533 0.0520813 0.00358855 
7.82199e-05 0.0244595 1.41139e-07 0.0172854 0.0975695 0.243812 5.34205e-06 0.0481314 0.0106801 7.6834e-05 0.000582707 0.0192419 0.295814 0.00485625 0.223397 0.0014292 0.00794812 0.00463325 
0.0058617 0.111835 1.08146e-11 0.0969344 0.0220962 0.073993 0.000299952 0.00139139 0.000126938 0.26217 4.44393e-05 0.00418423 0.0315176 0.0598688 0.116427 0.0635629 0.149306 0.000380427 
0.00580967 0.010733 5.48796e-05 0.0492259 0.0021598 0.0279102 0.00740439 0.641472 0.000595351 0.00142019 0.00699417 0.0862481 0.101739 0.00517292 0.0189167 0.000939711 0.000213487 0.0329906 
2.2244e-07 1.63915e-05 1.25028e-10 0.00506708 0.974174 0.00132395 3.01851e-10 0.000113017 7.77293e-06 0.000802147 0.00101821 7.54554e-06 0.00300168 4.33458e-05 0.0144063 3.02043e-08 1.80927e-05 5.34794e-08 
0.153393 2.28052e-06 1.12184e-06 0.0341011 0.0310037 0.00801773 0.000174314 0.00519281 2.16468e-05 0.000176361 0.00116452 0.19694 0.207173 0.00284519 0.000291008 0.000189399 0.00152934 0.357783 
0.00295406 0.000725098 2.81561e-12 0.000908666 0.000138194 4.82111e-05 4.44637e-08 2.09488e-06 6.82301e-07 0.994706 1.7064e-05 9.31486e-05 9.52381e-05 9.1122e-06 0.000183777 2.60949e-05 5.72226e-05 3.53706e-05 
0.13233 0.0106608 5.78015e-07 0.109752 0.0247602 0.0302052 0.0271 0.0270014 0.00183076 2.23739e-05 0.00139724 0.074393 0.140104 0.000972073 0.0013509 0.368849 5.09755e-05 0.0492195 
0.109894 0.366235 6.11118e-05 0.106797 0.0387885 0.0464982 0.00021097 0.0895396 0.00174099 0.000941583 0.0307579 0.0164553 0.0293495 0.0419584 0.04345 0.0697413 0.000108296 0.00747295 
0.000258593 0.0152798 1.37415e-11 0.0400771 0.0196192 0.0206469 8.21336e-09 0.0101391 1.24725e-05 0.0104977 0.00076707 0.0037376 0.068439 0.180492 0.49744 0.000172836 0.132233 0.00018711 
1.29636e-08 0.00234388 1.25434e-09 0.000184083 0.000567421 1.13362e-05 3.02832e-09 0.000106597 4.35962e-08 2.31058e-09 3.44993e-07 3.02328e-06 2.49138e-05 0.0129189 0.982204 1.00338e-08 0.0015681 6.76581e-05 
0.00261772 0.00130943 5.16578e-06 0.00018808 0.000252047 0.639219 6.1065e-06 0.0254142 0.00227824 0.0116906 0.0175332 0.0739823 0.0163834 0.000777872 0.0189432 0.000102343 0.182534 0.00676254 
0.000134549 6.14495e-05 7.12991e-11 0.0779256 0.0282612 0.0841701 1.72135e-10 0.00144311 5.06938e-05 1.25687e-05 0.0169742 0.00166026 0.0288501 0.0488026 0.588363 0.000606299 0.115144 0.00754023 
0.000176108 2.57616e-07 3.24589e-09 0.00143347 0.222406 0.018624 0.00102146 0.00475036 7.68182e-07 5.6073e-07 4.57691e-06 0.258082 0.289547 1.09779e-06 0.000898856 0.000173393 1.33497e-05 0.202866 
7.9217e-08 0.00292299 9.78386e-09 0.196021 0.0651151 0.154661 0.000468566 0.00897741 0.000678344 1.61798e-07 5.78344e-08 0.00117475 0.500326 0.00210971 0.0522962 0.0138136 1.09075e-06 0.0014339 
0.000275305 0.000864114 3.32667e-07 0.00176484 0.0674904 0.165918 5.87722e-05 0.207674 0.0931084 0.000319068 4.77798e-05 0.0159237 0.00108022 0.000271944 0.0444043 0.00109005 0.000193587 0.399515 
0.061954 0.000594871 0.000351757 0.0333897 0.0135973 0.0617616 0.000375512 0.0100512 0.140708 0.0127471 0.000424427 0.0533948 0.244068 0.0280062 0.0217108 0.180107 0.0479216 0.0888361 
0.00804981 0.00122721 1.22237e-08 0.453781 0.0158197 0.0262016 9.96768e-05 0.00195338 7.49554e-06 6.42957e-08 2.2983e-08 0.00324688 0.462747 1.19746e-07 0.0134704 4.36358e-05 0.00642046 0.00693129 
0.322089 4.61616e-06 2.19512e-06 0.0716051 0.0232658 0.00328579 0.000319273 0.0109029 4.4968e-05 0.000368093 0.00244134 0.128443 0.185041 0.00596258 0.000609837 0.000396778 0.00320432 0.242014 
0.140652 2.44374e-08 3.80062e-12 1.88461e-05 0.00212774 0.000324741 4.35307e-06 0.0584504 2.03448e-05 8.38446e-06 0.000108779 0.000257955 7.66796e-05 0.192071 3.75345e-05 0.605644 9.9485e-10 0.000198371 
0.0452251 0.00368579 0.000479344 0.141654 0.152324 0.0192806 0.000646689 0.0142241 0.00567902 0.0962445 0.000845141 0.148245 0.0602679 0.00395592 0.0690288 0.007065 0.0412902 0.18986 
0.0440231 0.000543655 8.44852e-07 5.53943e-06 0.252326 0.146333 7.76695e-05 0.0209432 0.185691 0.0353414 0.0298557 0.0299169 0.00206325 0.00176731 0.0558333 0.192197 0.00025413 0.00282779 
6.3866e-06 4.3359e-06 3.65648e-09 1.47227e-06 0.00680378 0.806774 0.118498 0.00723805 0.0102299 0.00397171 0.000912006 0.0091846 0.00473549 0.00632658 0.0200696 0.000442432 0.0022221 0.00257983 
0.261673 0.000642407 1.01996e-07 0.0157046 0.135135 0.000983188 3.74678e-07 0.265903 0.000566032 1.77977e-06 0.0139051 0.0112273 0.00826353 0.265638 0.000292877 0.0191228 6.01679e-06 0.000934194 
0.787884 4.25394e-06 1.89504e-08 0.0146326 0.00327263 0.0028728 3.01325e-05 0.00655368 8.86762e-05 0.000274602 0.00231705 0.0774577 0.00454172 0.000665469 0.00082074 0.0575169 0.0118087 0.0292588 
0.00010903 0.00813394 2.43331e-06 0.0334599 0.341398 0.230179 0.00017478 0.00214482 0.000571431 0.000264548 2.22608e-05 0.00939458 0.171967 0.0398485 0.0190224 0.00012072 0.0806047 0.0625816 
9.1591e-07 0.00324039 2.43538e-07 0.040377 0.0340097 0.544109 7.77706e-07 0.019862 0.00792234 0.00328974 0.00451487 0.000771741 0.0364715 0.037891 0.0892861 0.000351153 0.13849 0.0394112 
6.90718e-07 0.270685 1.02282e-09 0.135943 0.0374588 0.0614179 8.52745e-07 0.0356995 0.00580243 0.00278086 3.20903e-06 0.020038 0.0662201 8.81263e-06 0.0241086 1.96194e-06 4.51687e-05 0.339785 
0.000369739 0.000788395 4.03198e-08 0.734113 0.0105506 0.0574375 0.00170866 0.00535345 5.08929e-05 5.6557e-07 0.0014405 0.00371025 0.0623807 0.0322298 0.0321671 2.61569e-05 0.0532062 0.00446622 
0.225996 0.00345568 0.000502206 0.0416624 0.0167582 0.0499068 0.00625349 0.0285264 0.000984267 0.000504629 0.00171243 0.0422791 0.0596775 0.0579588 0.00632799 0.387578 0.00229164 0.0676246 
0.00788114 0.000587537 4.53243e-05 0.0177434 0.10668 0.55024 0.000274355 0.0347012 0.0163045 0.00395505 0.0259617 0.121839 0.0225044 0.00336348 0.0216899 0.0404109 0.000545107 0.0252722 
3.67546e-08 0.00277285 2.61663e-08 0.00517282 0.0880176 0.792552 2.50878e-05 0.000136235 0.000989352 7.50717e-08 5.84512e-05 0.000344807 0.0245089 0.00468236 0.0726943 0.000132319 0.00720596 0.000707253 
0.00159511 0.00017782 1.44934e-07 0.000276789 0.0043917 2.76353e-05 2.93958e-07 0.000136887 8.01641e-07 0.992272 6.3868e-05 0.000631451 0.000243931 4.46209e-05 8.14777e-05 1.75966e-05 2.4446e-06 3.56547e-05 
0.145101 0.00662516 0.000103227 0.0615896 0.0309121 0.522589 0.000153097 0.00546595 0.00875304 0.000214972 0.00431307 0.0599476 0.0640124 0.0011556 0.0297707 0.00438387 0.000219309 0.0546907 
0.000186956 0.000209171 7.51777e-09 9.0376e-05 0.0064613 0.968231 0.00109793 2.96484e-05 0.00682605 2.06616e-05 7.64975e-05 0.000115088 0.00417263 0.00084779 0.0100918 3.97355e-05 0.00140096 0.000102684 
0.000820436 0.00820166 2.26469e-05 0.0253017 0.054986 0.522513 3.35144e-05 0.00866487 0.0043067 0.000834777 0.0104478 0.0226743 0.164817 0.00206421 0.0460569 0.000271105 0.125852 0.00213129 
0.789458 8.10922e-05 1.05966e-06 0.0190029 0.00206768 0.00152836 3.30287e-05 0.00168415 0.000143929 0.000176327 3.32573e-05 0.00693918 0.0411137 0.00376292 0.00132277 7.79963e-06 0.0206009 0.112043 
0.00182142 0.0101698 1.82197e-05 0.0038088 0.0629124 0.465437 0.0395984 0.00488497 0.0556947 0.00794325 0.001746 0.0585481 0.0361445 0.00342501 0.179866 0.0332816 0.0298751 0.00482485 
0.000807237 0.000284419 3.12507e-12 0.592947 0.00887123 0.0399243 2.01597e-05 0.00192478 1.18476e-05 1.81882e-07 6.50139e-08 0.00763975 0.315773 0.0024518 0.0182473 2.21315e-05 0.0109639 0.000111259 
3.67546e-08 0.00277285 2.61663e-08 0.00517282 0.0880176 0.792552 2.50878e-05 0.000136235 0.000989352 7.50717e-08 5.84512e-05 0.000344807 0.0245089 0.00468236 0.0726943 0.000132319 0.00720596 0.000707253 
0.00265755 6.47971e-09 8.42225e-13 0.00125227 0.000148341 0.000247516 8.44832e-08 0.00836063 6.92303e-09 0.953188 7.26736e-05 0.0263771 0.0031206 0.000172592 0.00314206 0.000130095 0.00113038 3.33755e-09 
0.0148457 0.00082157 0.000218714 0.0319212 0.0201343 0.00979065 0.0233968 0.144305 0.00294176 0.00145479 0.174176 0.209602 0.112526 0.00121642 0.0128214 0.176441 0.00936558 0.0540219 
0.0118395 0.181527 0.000589802 0.0110526 0.0335049 0.181027 0.00112339 0.0535653 0.0492198 0.0931372 0.00787341 0.138038 0.0155143 0.0234532 0.177566 0.000660602 0.00112981 0.0191774 
0.000277459 0.136959 9.50392e-05 0.0930453 0.0168563 0.166655 0.000298496 0.0775708 0.0062054 0.00472876 0.0353218 0.121835 0.115103 0.0756255 0.124204 0.00130083 0.0122803 0.0116381 
6.03389e-05 0.0560608 1.06288e-06 0.111073 0.0931971 0.0011697 3.6558e-05 0.030152 1.37022e-05 0.000377124 0.00553437 0.0175485 0.0504379 0.0180144 0.606932 0.000592499 0.00649134 0.00230803 
0.000843614 0.00283323 1.25257e-08 8.36338e-08 0.0471743 0.105493 0.0332773 0.0687751 0.000784865 1.27327e-07 6.42412e-08 0.200889 2.18878e-07 0.00177349 9.11729e-08 0.0163078 4.24042e-05 0.521806 
0.000369739 0.000788395 4.03198e-08 0.734113 0.0105506 0.0574375 0.00170866 0.00535345 5.08929e-05 5.6557e-07 0.0014405 0.00371025 0.0623807 0.0322298 0.0321671 2.61569e-05 0.0532062 0.00446622 
0.00114154 0.00680294 1.28879e-06 0.0405464 0.0619921 0.696127 2.53933e-05 0.00451491 0.00112127 0.000278506 0.000674347 0.0128819 0.102153 0.0031145 0.0626182 9.89739e-05 0.00211007 0.0037973 
0.00295406 0.000725098 2.81561e-12 0.000908666 0.000138194 4.82111e-05 4.44637e-08 2.09488e-06 6.82301e-07 0.994706 1.7064e-05 9.31486e-05 9.52381e-05 9.1122e-06 0.000183777 2.60949e-05 5.72226e-05 3.53706e-05 
0.000176482 0.00154775 1.99875e-07 0.754439 0.00502587 0.0942013 0.000817442 0.00566079 4.70102e-05 1.81455e-05 0.000689179 0.00958171 0.0529565 0.0153511 0.0186893 9.81676e-05 0.0253758 0.0153242 
0.0157068 0.000504744 1.34791e-05 0.642163 0.004004 0.0392043 0.00174898 0.00124847 7.14576e-05 0.000225665 0.000960299 0.0047 0.177774 0.02643 0.0209074 1.74331e-05 0.0372205 0.0270993 
5.51606e-08 0.00236969 2.58024e-09 0.828706 0.0123965 0.00475289 5.76237e-09 0.00172155 0.000132039 2.51858e-08 1.9873e-08 0.00173042 0.142125 0.00092038 0.00512192 2.27707e-06 2.11903e-05 1.67293e-08 
0.136631 0.000102414 3.44064e-07 0.0857946 0.00944683 0.110398 0.577583 0.004609 0.00884086 0.000153492 7.24706e-05 0.00600726 0.0273374 0.000691844 0.0187061 0.000117377 8.52604e-05 0.0134227 
5.79892e-05 0.00630139 3.77181e-08 0.0013676 0.961769 0.00239213 2.8821e-07 4.94666e-05 3.24396e-06 0.000215244 0.00107682 0.000135876 0.000928157 4.82474e-05 0.0254525 1.70347e-06 0.000198718 1.36104e-06 
2.57308e-05 0.00616017 1.38555e-08 0.00128302 0.0343676 0.14595 3.34509e-08 0.0294661 0.00860387 0.703453 0.0095667 0.0117276 0.0253519 5.50234e-05 0.0132294 0.000400046 0.00942322 0.00093671 
8.09333e-05 0.170321 1.23042e-08 0.00657596 0.24882 0.00291741 2.97057e-08 0.0717327 2.50258e-05 1.19467e-06 0.00063042 2.19849e-06 0.00231785 9.85916e-06 0.496562 1.61229e-06 7.98481e-07 1.27079e-06 
0.014848 0.138217 2.884e-05 0.478547 0.00541543 0.0129133 5.43316e-05 0.00801828 3.92527e-05 0.000444085 0.00130179 0.0479152 0.213474 0.00469698 0.0596536 0.00905229 0.00379188 0.0015886 
0.000143579 0.00165948 3.02804e-11 0.00431125 0.010166 0.891324 3.85935e-05 0.000437633 2.431e-05 0.000883329 5.60338e-06 0.00087667 0.0282406 0.00288441 0.0371208 5.32497e-05 0.0218222 8.37246e-06 
0.140652 2.44374e-08 3.80062e-12 1.88461e-05 0.00212774 0.000324741 4.35307e-06 0.0584504 2.03448e-05 8.38446e-06 0.000108779 0.000257955 7.66796e-05 0.192071 3.75345e-05 0.605644 9.9485e-10 0.000198371 
0.0243834 0.0709033 2.30429e-06 0.470681 0.0489728 0.00345851 9.79898e-05 0.00237122 2.03513e-05 0.000329527 0.00814876 0.016316 0.259941 0.020151 0.0720499 0.000628323 3.83874e-05 0.00150564 
1.63973e-06 7.08411e-07 8.78595e-13 3.85406e-06 1.53639e-05 5.07746e-05 0.999181 6.39581e-05 1.30532e-06 1.61843e-12 1.07009e-12 2.39713e-05 4.07858e-06 2.56853e-06 5.91524e-10 6.61365e-05 5.65561e-07 0.000583627 
0.00427184 7.01967e-09 2.20518e-13 0.000364402 0.000131223 7.11658e-06 2.58488e-07 9.87501e-05 9.51171e-10 0.992002 2.86879e-05 0.000568285 3.56862e-10 7.26889e-05 0.00235305 3.60736e-05 3.93437e-05 2.65492e-05 
0.0172528 0.0111747 0.000644706 0.0416159 0.0179031 0.0813224 0.0620538 0.019059 0.00223344 0.0018839 0.00244194 0.025233 0.0579482 0.0877414 0.47594 0.00702237 0.0845154 0.00401409 
1.31959e-07 0.0121917 2.92821e-11 5.46967e-07 0.106037 0.299242 1.62669e-07 6.79834e-07 0.000193828 1.40788e-06 6.1346e-07 0.00343476 3.35398e-06 0.0404447 0.270318 3.75105e-07 0.266046 0.00208537 
8.77642e-05 0.00332125 2.32718e-09 0.000812605 0.00257539 0.828328 0.0020204 0.000402523 0.000291714 0.00335459 0.124534 0.00262584 0.000149179 0.000343783 0.0219761 0.0073606 0.000371727 0.00144506 
0.0454857 0.00406829 4.63302e-07 0.294589 0.0486683 0.000968723 6.16539e-05 0.0169804 8.44485e-06 0.000224766 1.49697e-05 0.0112365 0.555687 0.00432721 0.00244469 8.82715e-07 2.16257e-05 0.0152106 
0.0378991 0.000633662 4.86357e-07 0.111811 0.0201097 0.00659338 0.183485 0.206528 4.75241e-05 5.03366e-07 4.2778e-06 0.0409115 0.0079856 0.0075768 0.00608025 0.174088 4.2456e-05 0.196203 
0.242233 0.00476974 2.68679e-07 5.2875e-06 0.173116 0.0657942 0.000532696 0.000686049 0.342839 0.000618812 1.64588e-05 0.00751471 0.0852306 0.000654231 0.0149473 0.0130498 0.00330704 0.0446836 
0.000205346 0.0549381 3.77107e-08 0.0133982 0.0130989 0.70367 9.48414e-05 0.0236574 0.0392232 0.000692715 4.59299e-08 0.00891697 0.00159557 0.00124212 0.0493854 0.0739726 6.55073e-05 0.0158429 
0.0140229 0.000824599 9.63659e-06 0.675963 0.00918651 0.0335439 0.00124947 0.00518133 5.10564e-05 0.000161227 0.000686047 0.0056295 0.171819 0.0188788 0.0168378 1.24588e-05 0.0265863 0.0193568 
0.000889078 0.0248543 1.04407e-05 0.0477064 0.0075555 0.334629 0.000286477 0.0802918 0.0639663 1.21284e-05 0.0890944 0.0472855 0.187408 0.00710784 0.0864764 0.00150525 0.00534128 0.0155794 
0.000707362 0.00293622 3.69755e-05 0.00173085 0.0104735 0.0142067 8.37106e-05 0.00995068 0.000483721 6.55105e-05 0.000235009 0.1046 0.758178 0.0204896 0.0376258 0.0201652 0.00708849 0.0109425 
6.3194e-07 0.000740927 5.4701e-08 0.00835309 0.0119924 0.100686 3.90496e-07 0.0191007 0.00750884 0.0151211 0.0201438 0.583969 0.128681 4.71349e-06 0.00074976 8.90934e-08 2.04432e-06 0.102946 
3.28131e-06 5.71627e-05 7.87996e-07 0.000171633 0.908124 0.000841435 4.88631e-05 0.00429445 1.51297e-06 4.2241e-05 5.41648e-06 0.00472118 0.0564479 0.0144283 0.0108007 8.64484e-06 1.44243e-06 1.15792e-06 
1.07434e-05 1.95269e-05 2.76378e-10 9.60417e-05 2.84776e-05 0.99937 2.26873e-05 5.11345e-06 3.13973e-06 2.19431e-05 7.84351e-06 1.23494e-05 0.000133808 4.08684e-05 6.42424e-05 9.65666e-06 0.000147927 5.52442e-06 
2.2118e-07 0.00138812 1.51239e-07 0.0342719 0.1795 0.538729 1.30753e-05 6.83468e-05 0.0029837 4.51782e-07 2.95494e-05 0.000172834 0.0297164 0.00615951 0.191019 6.64871e-05 0.0155261 0.000354728 
0.000975232 0.0199691 2.32881e-05 0.0145545 0.0127514 0.0232836 0.000156563 0.0102763 0.000319045 0.000623362 0.000609338 0.0581891 0.302489 0.0559471 0.4111 9.15994e-05 0.0861413 0.00250026 
0.0111321 0.00078525 2.33708e-07 0.00173347 0.00905087 0.672307 0.000959521 0.00767178 0.0116793 0.000720254 0.0113138 0.0163516 0.0304949 0.00151554 0.00334477 0.210069 0.00215049 0.00872028 
0.000519375 0.00194512 1.15347e-07 0.0352098 0.0636315 0.661845 0.00728174 0.000481778 0.00157362 0.00212796 0.000772449 0.0165259 0.187082 0.0083371 0.0104555 0.000348739 0.000719992 0.00114205 
5.1941e-05 0.00821903 1.61268e-06 3.07389e-06 0.00747288 0.62533 0.000718484 0.00052995 7.32879e-06 0.000526188 0.0219028 0.142242 0.117024 0.000338014 0.0540137 0.000342777 0.000610111 0.0206661 
1.16245e-05 0.000305806 2.0602e-08 0.0275174 0.00612358 0.0297288 2.32117e-06 0.000261619 0.000774693 0.0015068 8.056e-08 0.000786497 0.835034 0.000417651 0.00155405 9.46951e-06 5.64246e-05 0.0959088 
0.145101 0.00662516 0.000103227 0.0615896 0.0309121 0.522589 0.000153097 0.00546595 0.00875304 0.000214972 0.00431307 0.0599476 0.0640124 0.0011556 0.0297707 0.00438387 0.000219309 0.0546907 
0.00068063 4.77196e-05 8.16433e-08 1.94692e-06 0.0097636 0.000330876 4.19796e-05 0.00356866 3.49417e-05 2.10446e-05 1.31604e-07 0.529736 0.348248 0.000327569 0.00122479 5.26674e-06 0.0313012 0.0746658 
0.00024521 0.000445526 2.769e-06 0.0172476 0.00119707 0.00282837 0.000314101 0.000149427 4.91654e-06 1.78364e-05 2.65549e-05 0.000262774 0.0158644 0.942971 0.00925052 1.21935e-05 0.00883594 0.000323723 
0.0576467 0.0745007 0.00206778 0.102617 0.145783 0.0149199 0.00287 0.0802852 0.00535487 0.0040968 0.0176231 0.0750927 0.238953 0.00907457 0.0708518 0.0643066 0.0124478 0.0215093 
0.00603443 0.00895776 8.02399e-06 0.00400302 0.0391311 0.0895398 6.90077e-05 0.014901 0.474376 0.00134705 0.000287157 0.0286704 0.226827 0.00265203 0.0941221 0.00154433 0.00232936 0.00520116 
0.000547797 0.0111414 9.22885e-09 0.0378798 0.142395 0.0172043 0.000264241 0.00131996 5.40919e-05 2.91902e-05 3.22389e-08 0.00208231 0.700514 0.0397119 0.041912 2.58209e-06 0.00080938 0.0041325 
0.00603443 0.00895776 8.02399e-06 0.00400302 0.0391311 0.0895398 6.90077e-05 0.014901 0.474376 0.00134705 0.000287157 0.0286704 0.226827 0.00265203 0.0941221 0.00154433 0.00232936 0.00520116 
0.000948973 0.00230006 3.03509e-08 0.00606479 0.000705966 0.00932986 7.17508e-08 0.166079 0.00803815 3.53248e-05 0.00542295 0.624506 0.172765 8.47219e-05 0.00213571 8.10766e-08 7.07886e-08 0.00158233 
0.0473696 0.00299774 0.000460221 0.0202579 0.0500042 0.226294 0.000679002 0.0104435 0.025006 0.00319943 0.0025489 0.243471 0.0545503 0.0166019 0.0772404 0.210815 0.00270165 0.00536012 
0.00174075 0.000385657 2.88944e-05 0.0079779 0.426977 0.101327 0.000909362 0.00405054 0.00017736 4.0404e-05 0.000128562 0.00478918 0.371049 0.0114057 0.0557245 6.87376e-05 0.000550913 0.012669 
0.0140229 0.000824599 9.63659e-06 0.675963 0.00918651 0.0335439 0.00124947 0.00518133 5.10564e-05 0.000161227 0.000686047 0.0056295 0.171819 0.0188788 0.0168378 1.24588e-05 0.0265863 0.0193568 
0.00345796 0.003298 0.000592479 0.0501323 0.038087 0.0363795 0.00147824 0.237398 0.0176981 0.00143731 0.0171311 0.023786 0.482484 0.0114231 0.049381 0.00453898 0.00469776 0.0165991 
0.00116482 0.0347809 4.19147e-11 0.320841 0.101082 0.00187203 2.08042e-06 0.000131902 6.94111e-08 0.0049268 5.71509e-07 0.00131133 0.357976 0.000672575 0.174648 5.83781e-05 0.000314414 0.000216298 
0.00159511 0.00017782 1.44934e-07 0.000276789 0.0043917 2.76353e-05 2.93958e-07 0.000136887 8.01641e-07 0.992272 6.3868e-05 0.000631451 0.000243931 4.46209e-05 8.14777e-05 1.75966e-05 2.4446e-06 3.56547e-05 
0.00796415 0.000153912 3.09653e-05 5.39783e-05 0.0121869 0.410586 4.83472e-05 0.00727012 0.0666961 0.000869977 0.0902134 0.118686 0.174324 0.00289811 0.0349264 0.00134859 0.0199782 0.0517645 
0.000453048 0.000107115 3.88006e-06 0.0776933 0.318827 0.0590343 2.32834e-05 0.000203551 2.0129e-05 7.78679e-05 1.90479e-05 0.00326898 0.155541 0.194733 0.129601 3.2392e-05 0.0553967 0.00496444 
0.0140229 0.000824599 9.63659e-06 0.675963 0.00918651 0.0335439 0.00124947 0.00518133 5.10564e-05 0.000161227 0.000686047 0.0056295 0.171819 0.0188788 0.0168378 1.24588e-05 0.0265863 0.0193568 
0.00969589 0.0143935 1.26283e-05 0.00643134 0.062884 0.112997 0.000110143 0.0077963 0.35744 0.0021629 7.09646e-05 0.0460741 0.248374 0.00425889 0.112722 0.00248084 0.00373974 0.00835551 
0.000265411 0.00602574 1.77994e-05 0.0568584 0.222191 0.142032 7.17624e-05 0.00660885 0.0227171 0.00134686 0.00330886 0.0212587 0.30576 0.000213188 0.0626722 2.1603e-05 0.000324731 0.148307 
0.0691006 0.00855352 9.54599e-05 0.0351169 0.0131135 0.0589486 0.000169891 0.0602032 0.0162115 0.0039604 0.00149573 0.0334428 0.0617606 0.00443802 0.0138321 0.59967 0.00570987 0.0141776 
0.000805281 0.0639964 8.25576e-05 0.0406244 0.116832 0.28304 0.000151352 0.0131049 0.0016002 0.00167973 0.00135599 0.0334831 0.107008 0.0119026 0.229485 0.000238404 0.0618314 0.0327776 
0.0121133 0.0258133 0.00228268 0.0487524 0.0515239 0.0327007 0.0146328 0.192374 0.0575845 0.00411674 0.128216 0.114452 0.173833 0.00326322 0.039225 0.00927523 0.0202745 0.0695662 
1.21635e-06 0.00593527 1.47467e-07 0.0311121 0.0434134 0.551591 7.08171e-05 0.00506289 0.00070179 0.000110398 0.00235618 0.00790659 0.0589901 4.56614e-06 0.0667498 1.08706e-06 0.00211911 0.223874 
0.000160598 0.0136804 5.25551e-10 0.0068201 0.0260908 0.524686 4.4585e-06 0.000260938 1.00908e-05 0.04416 0.00177858 0.0436182 0.155876 0.120691 0.0245642 0.000186118 0.0366087 0.000803994 
0.00311912 0.0559061 9.2433e-05 0.0656901 0.108832 0.104075 0.000114528 0.0324978 0.00111316 0.255146 0.0249775 0.0648305 0.0684289 0.00853236 0.155696 0.000328936 0.00366989 0.0469493 
0.0150438 0.000629294 2.11527e-06 0.00253468 0.222301 0.406749 8.98534e-05 3.07115e-05 0.0533472 0.000805415 2.16601e-06 0.00401229 0.00647443 0.0363649 0.233662 3.27974e-05 0.0139465 0.00397125 
0.0286241 0.000592931 0.000167325 0.00831915 0.00221329 0.00424319 0.000385989 0.00999675 0.000843502 0.242087 0.00343629 0.0403314 0.0128659 0.000358971 0.00302911 0.635323 0.00481046 0.00237128 
0.04228 0.0644803 2.14794e-07 0.0278948 0.079768 0.405512 0.000359386 0.0128853 0.00260403 0.000615072 1.03535e-05 0.00176754 0.0527944 0.032796 0.22 0.0423419 0.00154039 0.01235 
0.00225162 0.00495229 2.1019e-05 0.0061953 0.138271 0.106673 0.00372815 0.0150973 0.0177203 0.000548528 0.000151121 0.00187314 0.212432 0.00830374 0.0481804 0.000662527 0.0387306 0.394207 
0.0157068 0.000504744 1.34791e-05 0.642163 0.004004 0.0392043 0.00174898 0.00124847 7.14576e-05 0.000225665 0.000960299 0.0047 0.177774 0.02643 0.0209074 1.74331e-05 0.0372205 0.0270993 
0.0426134 0.0143523 0.000227941 0.0690035 0.0578636 0.0280844 0.000370071 0.0210897 0.0184677 0.00834225 0.000262626 0.0261939 0.041189 0.0120547 0.562477 0.00280821 0.00558474 0.0890151 
0.00154482 0.00137884 5.25409e-06 0.0224308 0.039193 0.145847 0.0414469 0.0335142 0.00504915 0.00019056 0.00031839 0.120165 0.314333 0.0130833 0.00944657 0.0069084 0.00345044 0.241694 
0.000109439 0.00243908 2.15387e-07 0.00132617 0.00400373 0.0981124 5.88483e-06 0.00363263 7.60209e-05 0.00303633 0.00065546 0.00814453 0.0534694 0.00720689 0.0972216 0.000103664 0.712878 0.00757805 
4.52203e-05 0.0727037 8.06358e-08 0.359753 0.276727 0.0667644 6.83491e-05 0.065864 0.000128507 1.79381e-06 9.82108e-08 0.00876775 0.0187255 4.65485e-06 0.129615 8.52666e-08 0.0008236 6.89176e-06 
0.000125648 2.97235e-06 1.88627e-09 0.000138026 0.00242176 0.74444 6.55589e-07 0.00159157 4.24678e-06 0.000617407 6.26103e-05 0.0363693 0.0943512 0.0180528 0.092837 2.73245e-07 0.00340937 0.00557498 
7.42166e-06 0.00856562 3.36419e-10 0.00247996 0.0646254 0.166961 8.12208e-10 0.000316806 2.13479e-07 3.47934e-06 4.09743e-10 0.0010748 0.000776732 0.0286305 0.713753 4.40895e-08 0.0124518 0.00035256 
1.06808e-06 1.89304e-05 3.57348e-09 0.00266581 0.0540691 0.631751 1.32156e-06 5.4903e-06 0.22238 1.13743e-05 0.00493168 0.00679444 2.70828e-05 0.0349729 1.9718e-05 3.03039e-06 6.97467e-05 0.0422773 
6.29251e-05 0.00104363 7.83895e-06 0.0364819 0.0116488 0.818802 1.55793e-05 0.00306877 0.0219096 0.000331138 0.000160911 0.0147134 0.0275733 0.00365954 0.0301895 0.00828588 0.00956525 0.0124804 
0.00250899 2.15668e-05 3.5158e-06 0.0200998 0.000944968 0.767905 0.0121584 0.00103861 0.00175127 2.77839e-05 0.00482522 0.0377147 0.0633677 0.0027101 0.0363348 0.000531374 9.2182e-05 0.0479636 
0.00502823 0.817779 2.50593e-08 0.020296 0.00155524 0.00138092 1.60624e-06 0.0377161 9.69235e-06 1.89129e-07 0.000355611 0.0011494 0.0108298 0.000929995 0.0595679 2.61347e-08 0.000220309 0.0431798 
0.00295406 0.000725098 2.81561e-12 0.000908666 0.000138194 4.82111e-05 4.44637e-08 2.09488e-06 6.82301e-07 0.994706 1.7064e-05 9.31486e-05 9.52381e-05 9.1122e-06 0.000183777 2.60949e-05 5.72226e-05 3.53706e-05 
0.00690837 0.00914445 4.35735e-08 0.03874 0.0241047 0.105796 6.55111e-05 0.00686993 0.000611118 0.000682656 9.19341e-08 0.00713096 0.0078972 0.545299 0.195025 0.037365 0.000227484 0.0141327 
0.000522985 0.000587481 8.12417e-05 0.00137256 0.0667319 0.79197 0.000225039 0.0025242 0.0297552 0.000506813 0.00878519 0.00268503 0.0108643 0.000442573 0.0782609 0.00143369 0.00142883 0.0018217 
0.00951153 0.0386639 1.65339e-05 0.0354266 0.0308337 0.0527243 0.00099791 0.00333167 0.0425966 0.000152022 0.0126687 0.0213583 0.136708 0.0516889 0.465564 0.0953441 0.000532444 0.00188046 
0.00295406 0.000725098 2.81561e-12 0.000908666 0.000138194 4.82111e-05 4.44637e-08 2.09488e-06 6.82301e-07 0.994706 1.7064e-05 9.31486e-05 9.52381e-05 9.1122e-06 0.000183777 2.60949e-05 5.72226e-05 3.53706e-05 
0.00934476 0.0190123 1.56709e-06 0.149865 0.173205 0.00673338 0.0547369 0.217772 0.006516 5.19529e-05 0.0621029 0.0389963 0.0295181 0.00117633 0.16882 0.0112916 1.24157e-05 0.0508434 
0.00752007 0.00102702 6.94784e-06 0.0275309 0.00785146 0.218296 0.000135277 0.0262808 0.0459379 0.0100251 0.000129438 0.647922 0.00444337 5.04935e-05 0.00131899 0.000546897 4.67534e-05 0.000930761 
0.00111521 0.0499883 1.79539e-05 0.160154 0.0650203 0.168074 0.000169985 0.0335396 0.0257839 0.0016138 4.79686e-05 0.0055652 0.239486 0.0307993 0.117195 3.17536e-05 0.0050519 0.0963458 
1.89149e-06 1.0753e-06 2.26097e-09 1.4007e-07 4.15609e-06 0.994897 4.40405e-06 3.22184e-06 2.10843e-05 4.16486e-09 2.75376e-09 0.00237591 0.00126914 0.00139763 4.56173e-06 2.47248e-06 3.3553e-06 1.39894e-05 
0.0031308 0.0113622 0.000114248 0.0103512 0.0684334 0.53185 0.000139192 0.0100309 0.00443389 0.000616445 0.00243566 0.016908 0.245253 0.00577163 0.0762476 0.000352024 0.010676 0.00189342 
0.00153681 0.00100584 8.13463e-13 2.82679e-07 0.0239637 0.628929 0.00020707 0.000267912 3.14291e-05 0.000161527 2.30858e-08 0.00114499 0.27033 0.00206906 0.0580301 2.84224e-08 0.0123221 1.626e-08 
0.00738785 0.025948 0.000139053 0.051799 0.035372 0.550296 0.000335556 0.00678578 0.00208559 0.000258165 0.000386285 0.00587007 0.152149 0.0252347 0.074958 0.000702606 0.00183286 0.0584593 
3.32313e-05 0.000424316 1.08381e-08 0.00918744 0.00181447 0.953064 2.13919e-05 4.81844e-06 0.000118727 2.0685e-05 5.69391e-05 0.00020794 0.017534 0.00591408 0.010748 9.09927e-06 0.000736525 0.000104805 
0.021712 0.0280274 2.85285e-05 0.0158801 0.0199762 0.752639 0.00904314 0.00513144 0.000504068 0.000619496 0.00876695 0.0297664 0.0227135 0.00348578 0.0731867 0.00111666 0.00349071 0.00391179 
0.00295406 0.000725098 2.81561e-12 0.000908666 0.000138194 4.82111e-05 4.44637e-08 2.09488e-06 6.82301e-07 0.994706 1.7064e-05 9.31486e-05 9.52381e-05 9.1122e-06 0.000183777 2.60949e-05 5.72226e-05 3.53706e-05 
0.000176482 0.00154775 1.99875e-07 0.754439 0.00502587 0.0942013 0.000817442 0.00566079 4.70102e-05 1.81455e-05 0.000689179 0.00958171 0.0529565 0.0153511 0.0186893 9.81676e-05 0.0253758 0.0153242 
1.06267e-05 1.93148e-05 2.24195e-06 9.49983e-05 2.81682e-05 0.988513 2.24408e-05 5.0579e-06 3.10562e-06 2.17047e-05 0.0108694 1.22152e-05 0.000132355 4.04244e-05 6.35445e-05 9.55176e-06 0.00014632 5.46441e-06 
0.0409123 0.00333968 3.95792e-09 0.00801798 0.537806 0.162221 0.00323051 0.00202737 0.0370002 0.000541719 0.0106811 0.0277351 0.0856099 0.000508753 0.0463725 9.04052e-05 0.032689 0.00121653 
0.00396919 2.15015e-08 9.05278e-13 0.000218656 7.87472e-05 9.65459e-05 1.56407e-07 5.9259e-05 1.86315e-09 0.99037 8.28713e-05 0.000844194 5.5699e-06 0.000182188 0.00394346 3.61345e-05 2.36261e-05 8.89931e-05 
0.000282429 0.0041593 4.9109e-07 0.0017552 0.0426887 0.849586 3.6292e-05 0.00386458 0.00701378 0.0215634 0.00366576 0.00106145 0.0062687 3.91761e-06 0.0549325 1.11552e-05 9.886e-07 0.00310537 
0.489346 7.96174e-07 5.13729e-07 0.00244243 0.0036023 0.00223325 1.87564e-05 0.00296046 6.93412e-05 0.00106523 0.0662859 0.0228806 0.0075589 0.00269032 0.01091 0.0571532 0.324211 0.00657182 
0.0190771 0.0124661 0.000458395 0.0222119 0.0520889 0.504159 0.0656718 0.0158644 0.0442394 0.000683295 0.00159093 0.11223 0.0168304 0.0101408 0.0939122 0.00860849 0.00267498 0.0170916 
0.00153428 0.00155194 3.53046e-07 0.00208451 0.00550078 0.485289 0.0022588 0.00140405 0.00353574 0.000949551 0.0167653 0.0305248 0.0205972 0.00079537 0.00348274 0.398667 0.00506736 0.0199917 
0.000384838 0.00593067 1.43807e-08 0.0203664 0.0863721 0.528992 0.000114027 0.000428107 0.00125586 0.000163938 3.09936e-05 0.00749281 0.183698 0.0881478 0.053333 0.000123171 0.0127739 0.010392 
0.0459262 0.00323614 9.19964e-05 0.748161 0.0241254 0.00370493 0.000107024 0.0191939 0.000680414 0.000124471 0.00105799 0.0232474 0.092702 0.00895436 0.0149571 0.000256503 0.0100427 0.003431 
