0.0100341 0.00021082 7.64931e-08 0.0398948 0.0334662 0.138606 0.000107601 0.0340927 0.000520107 0.00206635 0.011573 0.126965 0.171658 0.016116 0.0668665 0.0798714 0.154958 0.112993 
0.000401426 0.207462 1.37663e-05 0.172251 0.0151998 0.0085277 2.92343e-05 0.128812 0.000148285 0.000630124 0.00161286 0.0146539 0.374215 0.00670692 0.0531178 0.000674181 0.003923 0.0116214 
2.51011e-07 0.0692586 2.23075e-10 0.00284299 0.0257167 0.417466 3.09674e-07 0.000251293 0.052824 0.00288785 1.16653e-06 0.0054994 0.232971 0.0777033 0.0827113 2.46019e-06 0.0150035 0.0148597 
0.214071 0.000292433 1.90239e-05 0.138392 0.042477 0.0609411 0.000287313 0.191259 0.000247903 6.63216e-05 4.11376e-05 0.0609978 0.0172551 0.0947278 0.00627603 0.166958 7.89474e-05 0.00561081 
0.042834 0.076732 1.46235e-05 0.0551136 0.00327469 0.0350079 0.024601 0.0124031 0.000995774 0.00655825 0.0230973 0.0555721 0.0394747 0.00428766 0.0107942 0.0980317 0.000929456 0.510278 
0.0109595 0.00437089 2.52254e-06 5.36113e-06 0.00369879 0.0394777 0.000345223 0.000218857 0.764748 0.000231634 0.0907198 0.00483196 0.0359402 0.00344416 0.0392254 0.00139443 6.22571e-05 0.000322973 
0.136631 0.000102414 3.44064e-07 0.0857946 0.00944683 0.110398 0.577583 0.004609 0.00884086 0.000153492 7.24706e-05 0.00600726 0.0273374 0.000691844 0.0187061 0.000117377 8.52604e-05 0.0134227 
0.000280373 0.00033009 8.29042e-12 3.6199e-07 0.0125169 0.940802 0.00163407 4.13527e-05 0.0119496 8.27185e-08 8.79872e-05 0.000190596 0.00806183 0.00153115 0.0198683 5.14827e-05 0.00250025 0.000153783 
0.551735 0.000131452 8.10357e-05 0.0244245 0.00522698 0.00191075 0.000762787 0.00862312 0.282148 0.000696963 0.0113523 0.0221554 0.00949955 0.0090663 0.0193797 0.0406667 0.00755461 0.00458498 
8.10616e-06 0.000123627 1.07657e-07 7.23317e-05 0.300976 0.531114 0.000279028 0.000177951 0.00206517 0.000236218 0.117112 0.000113308 0.00252533 0.000364499 0.0438496 0.000113592 0.000865893 4.1685e-06 
0.354342 0.00222703 7.23495e-06 0.0807798 0.00381296 0.00180117 1.76131e-05 0.00444378 8.62502e-06 0.370211 1.51055e-05 0.00941423 0.0462617 0.00305725 0.0464956 7.22706e-05 0.00843678 0.0685962 
0.00258298 2.89396e-09 2.67257e-09 0.000143218 2.45053e-05 0.00011026 1.04514e-07 2.46758e-05 1.62787e-06 0.996714 1.97315e-05 0.000154474 2.02306e-05 3.30232e-06 4.22079e-05 6.69913e-05 7.82981e-05 1.31695e-05 
3.78773e-05 0.0282581 4.84512e-07 0.000342961 0.00624939 0.853361 0.000247643 0.00246756 0.000397476 0.000161723 0.000327232 0.000848902 0.00622246 0.000522497 0.0861731 0.00123272 0.00088386 0.0122647 
0.0157068 0.000504744 1.34791e-05 0.642163 0.004004 0.0392043 0.00174898 0.00124847 7.14576e-05 0.000225665 0.000960299 0.0047 0.177774 0.02643 0.0209074 1.74331e-05 0.0372205 0.0270993 
0.00721735 0.00267355 3.76194e-06 0.0143964 0.0492095 0.229495 0.00029923 0.0365507 0.000425428 0.0016985 5.68905e-05 0.0117131 0.568335 0.0301285 0.036892 0.000298569 0.00342646 0.00718027 
0.0286241 0.000592931 0.000167325 0.00831915 0.00221329 0.00424319 0.000385989 0.00999675 0.000843502 0.242087 0.00343629 0.0403314 0.0128659 0.000358971 0.00302911 0.635323 0.00481046 0.00237128 
0.000640024 0.0710056 2.62599e-05 0.0187164 0.066082 0.502479 0.000296388 0.0425222 0.00752502 0.00462188 0.000202256 0.0486754 0.0937399 0.0114389 0.121318 0.00106256 0.000123633 0.00952406 
0.00814116 0.00135301 0.000770958 0.130759 0.0392493 0.0359156 0.0388846 0.0521177 0.0386326 0.0296807 0.00131848 0.234079 0.130795 0.0150749 0.133046 0.00210846 0.0168176 0.0912562 
9.95462e-07 0.00429805 1.14107e-08 0.00579337 0.0190366 0.763218 2.11128e-06 0.00334464 0.000123054 0.000236368 7.34281e-07 1.13728e-06 1.22916e-05 0.00261039 0.200647 0.000376205 1.35909e-05 0.000285363 
0.0517267 0.00334035 7.31871e-08 0.00624564 0.230661 0.0609512 6.7425e-06 0.0556477 0.0189265 0.00124728 0.000273308 0.0204129 0.0123323 0.00548227 0.188475 0.341492 7.76856e-05 0.00270097 
0.000913466 0.00908558 0.000166976 0.043347 0.0311278 0.305457 0.000255302 0.0154738 0.00221527 0.0127386 0.000446022 0.047834 0.0385687 0.0379671 0.400674 0.000234529 0.0203368 0.0331588 
0.0140229 0.000824599 9.63659e-06 0.675963 0.00918651 0.0335439 0.00124947 0.00518133 5.10564e-05 0.000161227 0.000686047 0.0056295 0.171819 0.0188788 0.0168378 1.24588e-05 0.0265863 0.0193568 
0.00129127 0.397769 6.36955e-06 0.0165738 0.00747094 0.137441 9.81006e-05 0.0905735 0.0636334 0.0018456 0.024434 0.0100204 0.0285234 0.00730611 0.200221 0.000298485 0.000491806 0.0120026 
0.00622278 2.29556e-08 1.28236e-12 0.000288499 0.002632 0.0979618 1.43178e-05 0.00080728 6.72816e-05 1.91129e-08 5.19181e-05 0.0203245 0.00292843 0.00590194 1.76345e-07 0.860557 0.00105883 0.00118362 
0.139172 0.0128723 6.44703e-05 0.126002 0.230455 0.0703312 9.56179e-05 0.0120785 0.050145 0.000177203 8.87353e-05 0.0596008 0.0534952 0.0617213 0.0942647 0.000740766 0.0384765 0.0502191 
0.98355 6.12903e-09 3.47722e-09 1.59812e-05 0.000188523 6.11769e-06 6.95264e-06 0.000138388 3.22288e-07 9.19876e-08 8.7205e-09 4.42452e-05 0.000231909 0.000154408 0.0152455 3.64277e-09 0.000169802 0.000247946 
4.48165e-08 0.000773923 1.15292e-12 4.00641e-07 0.00988385 0.888931 9.46406e-08 2.13309e-08 4.32348e-05 9.15363e-08 3.27194e-08 0.00134461 0.0353336 0.00593301 0.0576982 4.02831e-08 6.17082e-07 5.76365e-05 
0.000367252 0.0709162 2.10592e-06 0.0488561 0.00363217 0.0017078 4.89074e-06 0.00578956 1.14379e-05 6.06657e-06 0.00199035 0.00122841 0.0505121 0.0344054 0.77823 7.27669e-06 0.00222366 0.000109109 
0.000473787 0.000288617 6.84005e-12 0.000476007 0.926272 0.0026557 1.65138e-11 0.00285978 1.13811e-05 0.000686328 0.000370151 0.000990211 0.000635011 0.000112052 0.0503881 5.38075e-09 0.0134815 0.000299292 
0.0112831 0.000186844 3.15171e-08 0.00112081 0.0119436 0.0187198 5.37723e-05 0.00502442 0.0395685 0.00465302 0.00401132 0.190969 0.132847 0.00315381 0.0225536 0.477189 0.0424168 0.0343062 
0.000121755 1.32295e-08 3.86555e-09 0.0183891 0.000164521 0.000366441 1.06672e-06 0.00021376 3.12029e-05 7.11644e-05 0.00320348 0.000495886 0.00656064 0.256943 0.253526 3.99728e-05 0.459872 1.08614e-08 
9.05358e-06 0.000196961 7.8857e-08 8.04169e-05 0.00531985 0.47877 3.49172e-05 2.74808e-05 4.93207e-05 1.85139e-05 6.66173e-06 0.000110572 0.00678157 0.000589102 0.506511 3.6811e-05 0.00138089 7.6225e-05 
0.00176702 0.00381839 1.07302e-07 0.00314941 0.185893 0.373155 8.92998e-05 4.96045e-05 0.0807301 0.00123154 0.00027415 0.0214762 0.00750343 0.0040469 0.295962 0.000296715 0.0175658 0.00299248 
0.00406001 0.0567037 1.10571e-05 0.0197446 0.00984589 0.0321578 8.3725e-05 0.0471564 0.0181868 0.000825771 0.0136489 0.39084 0.0736584 0.00149916 0.00808809 0.321744 0.00141259 0.000332605 
0.00352203 0.00084322 3.46084e-06 0.00241514 0.0368518 0.66177 1.37464e-05 0.0215345 0.000150812 0.0168555 0.000196079 0.0130566 0.082917 0.015758 0.109591 6.42926e-05 0.00276892 0.0316882 
0.0140229 0.000824599 9.63659e-06 0.675963 0.00918651 0.0335439 0.00124947 0.00518133 5.10564e-05 0.000161227 0.000686047 0.0056295 0.171819 0.0188788 0.0168378 1.24588e-05 0.0265863 0.0193568 
5.50171e-07 0.00204007 6.53197e-09 0.0343131 0.00286803 0.00491145 0.000172411 0.000396267 1.5392e-06 3.95332e-05 1.07071e-07 0.0435717 0.78368 0.000504928 0.0259936 7.79956e-08 0.000141761 0.101365 
0.0510919 0.00277536 0.000771369 0.0594003 0.106552 0.419898 0.159077 0.0131137 0.00868795 0.00143497 0.00258547 0.0161195 0.0344911 0.00526167 0.0919221 0.00162847 0.00709444 0.0180951 
1.63973e-06 7.08411e-07 8.78595e-13 3.85406e-06 1.53639e-05 5.07746e-05 0.999181 6.39581e-05 1.30532e-06 1.61843e-12 1.07009e-12 2.39713e-05 4.07858e-06 2.56853e-06 5.91524e-10 6.61365e-05 5.65561e-07 0.000583627 
0.00478007 0.00413095 7.29939e-08 0.0580361 0.0389259 0.501285 0.000651438 0.00105858 0.0317418 0.000161992 0.000102412 0.00282784 0.2102 0.00479292 0.138788 3.2046e-05 0.000796595 0.00168915 
0.00377069 1.17351e-06 1.20903e-07 2.65929e-05 0.0180222 0.0276478 1.23946e-05 0.00995586 6.31207e-07 0.773751 0.000178155 0.065461 0.0937385 0.000244038 0.00374605 0.000483723 0.00295586 3.85132e-06 
0.00153428 0.00155194 3.53046e-07 0.00208451 0.00550078 0.485289 0.0022588 0.00140405 0.00353574 0.000949551 0.0167653 0.0305248 0.0205972 0.00079537 0.00348274 0.398667 0.00506736 0.0199917 
0.00386773 0.000496601 3.93266e-06 0.0312753 0.198415 0.116388 1.9596e-05 0.00413358 6.25339e-05 0.000484587 0.00175485 0.0369982 0.181769 0.0184465 0.262293 3.25222e-05 0.00138665 0.142173 
0.214337 0.0301614 0.000201793 0.00267657 0.0483207 0.387844 0.00182899 0.0222762 0.00464569 0.000859706 0.00044154 0.097467 0.0306316 0.00542578 0.0674708 0.059663 0.000771577 0.0249759 
0.000600594 0.0039746 7.47804e-06 0.0136172 0.0166938 0.0432959 7.73447e-06 0.00438583 0.000253078 0.00174308 0.0022974 0.0128936 0.0885757 0.614134 0.165571 0.000145185 0.0216355 0.010168 
0.0220037 0.00121269 4.23612e-05 0.000149108 0.0107501 0.735135 0.000118632 0.0109569 0.0137712 0.000828053 0.0013403 0.120731 0.00973059 0.00190457 0.0415252 0.00783306 0.00125479 0.0207134 
0.000706631 1.16113e-07 2.50272e-12 0.819937 0.0064553 0.000581225 2.23625e-08 0.00070903 7.01839e-08 4.61018e-12 3.0482e-12 0.00530828 0.164004 4.35532e-07 0.00227082 1.10322e-08 2.73206e-07 2.6034e-05 
0.0126592 0.0961345 2.5737e-05 0.195095 0.118382 0.210578 4.24142e-05 0.00632335 0.129207 0.000542899 0.00561105 0.0263486 0.0912757 0.0199556 0.0394688 0.0148684 0.000870038 0.0326111 
0.00270316 4.03136e-06 3.69166e-09 3.50552e-06 0.00497742 0.84626 1.1308e-06 0.00724642 0.00266127 0.0079026 0.0122085 0.0407379 0.00392357 0.00316045 0.059621 3.50024e-07 0.00168799 0.00690082 
0.00368859 0.00156323 2.83946e-05 0.010211 0.00178075 0.00165607 0.00115691 0.018976 2.93957e-05 4.2798e-05 0.00322761 0.778798 0.12081 0.000527425 0.00636974 0.000156988 0.0310936 0.0198834 
0.0140229 0.000824599 9.63659e-06 0.675963 0.00918651 0.0335439 0.00124947 0.00518133 5.10564e-05 0.000161227 0.000686047 0.0056295 0.171819 0.0188788 0.0168378 1.24588e-05 0.0265863 0.0193568 
0.0811975 0.00258295 0.000233266 0.0930308 0.0136919 0.312158 0.312663 0.0249465 0.0286834 0.000325567 0.000662787 0.0337554 0.0433161 0.00183386 0.032601 0.000890039 0.00134668 0.0160817 
1.63973e-06 7.08411e-07 8.78595e-13 3.85406e-06 1.53639e-05 5.07746e-05 0.999181 6.39581e-05 1.30532e-06 1.61843e-12 1.07009e-12 2.39713e-05 4.07858e-06 2.56853e-06 5.91524e-10 6.61365e-05 5.65561e-07 0.000583627 
0.0038188 0.000338664 9.18613e-06 7.92493e-05 0.0251755 0.579912 0.000144911 0.0749298 0.00115707 0.00238859 3.86513e-05 0.0154298 0.014689 0.110319 0.0134737 0.000427675 0.000745843 0.156923 
1.63973e-06 7.08411e-07 8.78595e-13 3.85406e-06 1.53639e-05 5.07746e-05 0.999181 6.39581e-05 1.30532e-06 1.61843e-12 1.07009e-12 2.39713e-05 4.07858e-06 2.56853e-06 5.91524e-10 6.61365e-05 5.65561e-07 0.000583627 
0.0401608 0.00579819 8.396e-07 0.0438132 0.0447965 0.370045 0.000112963 0.00111399 5.39098e-05 0.00235775 8.64665e-05 0.00969163 0.143735 0.0177045 0.304267 0.00118549 0.0148164 0.000260393 
0.00580967 0.010733 5.48796e-05 0.0492259 0.0021598 0.0279102 0.00740439 0.641472 0.000595351 0.00142019 0.00699417 0.0862481 0.101739 0.00517292 0.0189167 0.000939711 0.000213487 0.0329906 
0.00265755 6.47971e-09 8.42225e-13 0.00125227 0.000148341 0.000247516 8.44832e-08 0.00836063 6.92303e-09 0.953188 7.26736e-05 0.0263771 0.0031206 0.000172592 0.00314206 0.000130095 0.00113038 3.33755e-09 
0.153393 2.28052e-06 1.12184e-06 0.0341011 0.0310037 0.00801773 0.000174314 0.00519281 2.16468e-05 0.000176361 0.00116452 0.19694 0.207173 0.00284519 0.000291008 0.000189399 0.00152934 0.357783 
0.0030166 9.82438e-09 4.75884e-13 0.000195402 5.24946e-05 1.96599e-05 1.03918e-07 3.95036e-05 1.62527e-06 0.995289 1.14795e-05 0.000280023 2.85796e-06 2.94712e-05 0.000941236 3.02986e-05 4.1752e-05 4.80206e-05 
0.13233 0.0106608 5.78015e-07 0.109752 0.0247602 0.0302052 0.0271 0.0270014 0.00183076 2.23739e-05 0.00139724 0.074393 0.140104 0.000972073 0.0013509 0.368849 5.09755e-05 0.0492195 
0.00437816 0.00296243 0.000124708 0.0049738 0.157224 0.317031 0.0201335 0.0166022 0.00257755 0.00168053 0.000485597 0.0482635 0.0368189 0.0332537 0.234937 0.00234774 0.00631071 0.109894 
5.91986e-08 0.000990006 1.52291e-12 5.29211e-07 0.0118945 0.902905 7.51321e-05 0.000124004 0.000117662 1.20911e-07 4.32195e-08 0.000571669 0.0241846 0.00319798 0.0482845 0.000154363 0.00749983 3.04408e-08 
0.174178 1.74346e-06 1.45385e-09 0.259654 0.0184109 3.95388e-07 3.51e-09 0.20046 2.58023e-09 2.67809e-09 3.52273e-06 0.00152511 0.332751 1.30274e-06 0.0130107 4.69859e-08 1.84291e-07 3.10848e-06 
0.00391571 0.00716977 7.69175e-08 0.113812 0.0170196 0.305237 0.00261306 0.00555593 0.000492121 0.00331356 0.00179202 0.0130355 0.281438 0.0164864 0.10088 0.00585534 0.117559 0.00382421 
1.06838e-06 5.79505e-07 1.24908e-11 0.854082 4.29512e-06 1.44969e-06 1.11609e-07 8.8025e-08 3.5028e-07 2.30089e-11 1.52132e-11 4.89167e-05 0.143899 0.00195849 2.13797e-06 5.50604e-08 1.36354e-06 3.24022e-07 
0.000899149 0.0139844 3.20326e-05 0.0624821 0.503087 0.119967 3.58662e-05 0.0222827 0.00090728 0.00151115 0.00534075 0.0765842 0.0137182 0.102948 0.0659981 0.000589826 0.00578773 0.00384511 
9.34722e-09 0.000250832 9.56148e-13 3.36524e-05 0.000716495 0.0383723 2.3084e-12 3.82457e-05 1.76498e-08 9.33659e-09 8.26942e-09 4.73892e-08 1.6443e-08 0.0162874 0.496036 3.19153e-08 0.448265 1.42284e-08 
7.9217e-08 0.00292299 9.78386e-09 0.196021 0.0651151 0.154661 0.000468566 0.00897741 0.000678344 1.61798e-07 5.78344e-08 0.00117475 0.500326 0.00210971 0.0522962 0.0138136 1.09075e-06 0.0014339 
0.00121535 4.24378e-05 5.54768e-09 0.1031 0.362115 0.210477 1.33936e-08 1.57714e-05 9.84578e-09 2.17199e-05 6.75682e-09 0.112582 0.023873 0.0658801 0.12064 4.52562e-06 1.72758e-06 3.22698e-05 
4.25862e-08 0.0022134 4.49222e-11 0.0605151 0.0272407 0.000481054 2.02868e-08 0.00664355 1.86913e-08 0.0004134 5.47132e-11 0.00900439 0.857984 0.00535217 0.0264463 1.17974e-09 0.000360657 0.00334503 
0.000225445 0.00505173 6.58258e-05 0.029343 0.0885499 0.385249 9.55988e-05 0.00698064 0.000520022 0.00918966 0.000939865 0.0190827 0.175964 0.00496881 0.254614 0.00199144 0.0082617 0.00890623 
0.322089 4.61616e-06 2.19512e-06 0.0716051 0.0232658 0.00328579 0.000319273 0.0109029 4.4968e-05 0.000368093 0.00244134 0.128443 0.185041 0.00596258 0.000609837 0.000396778 0.00320432 0.242014 
9.34722e-09 0.000250832 9.56148e-13 3.36524e-05 0.000716495 0.0383723 2.3084e-12 3.82457e-05 1.76498e-08 9.33659e-09 8.26942e-09 4.73892e-08 1.6443e-08 0.0162874 0.496036 3.19153e-08 0.448265 1.42284e-08 
0.00118645 0.0220925 2.22272e-06 0.00740255 0.0457861 0.196436 0.643684 0.00017066 4.14326e-06 0.00143753 0.000728089 0.00656392 0.000289306 0.000151102 0.00826191 2.41855e-05 0.0098849 0.0558939 
0.000855871 0.0325761 0.000125297 0.0392526 0.00969921 0.260299 0.265722 0.00947739 0.00955571 0.028168 0.00329212 0.0459884 0.0468623 0.0205658 0.191009 0.000967115 0.0308315 0.00475273 
0.00010903 0.00813394 2.43331e-06 0.0334599 0.341398 0.230179 0.00017478 0.00214482 0.000571431 0.000264548 2.22608e-05 0.00939458 0.171967 0.0398485 0.0190224 0.00012072 0.0806047 0.0625816 
0.000693544 0.00189784 5.74306e-05 0.0079903 0.0280967 0.822396 6.4425e-05 0.00484646 0.000281642 9.661e-05 0.00249949 0.000837634 0.0639611 0.00225496 0.0434628 0.000210119 0.000538719 0.0198138 
0.042834 0.076732 1.46235e-05 0.0551136 0.00327469 0.0350079 0.024601 0.0124031 0.000995774 0.00655825 0.0230973 0.0555721 0.0394747 0.00428766 0.0107942 0.0980317 0.000929456 0.510278 
5.10529e-08 0.00331277 5.9114e-09 0.0155178 0.0484198 0.79151 1.0781e-07 0.000162829 0.000202928 1.04274e-07 0.000175218 0.000287613 0.0444471 0.00598179 0.0745499 0.000165245 0.0131459 0.0021212 
0.789458 8.10922e-05 1.05966e-06 0.0190029 0.00206768 0.00152836 3.30287e-05 0.00168415 0.000143929 0.000176327 3.32573e-05 0.00693918 0.0411137 0.00376292 0.00132277 7.79963e-06 0.0206009 0.112043 
0.000807237 0.000284419 3.12507e-12 0.592947 0.00887123 0.0399243 2.01597e-05 0.00192478 1.18476e-05 1.81882e-07 6.50139e-08 0.00763975 0.315773 0.0024518 0.0182473 2.21315e-05 0.0109639 0.000111259 
4.4819e-07 0.000468199 1.14008e-09 9.22893e-07 0.937397 1.13422e-06 6.72561e-07 0.000775358 2.38285e-07 0.000537212 7.80899e-07 1.99018e-06 3.67319e-05 0.000190052 0.0605864 6.11738e-08 2.41835e-06 1.07949e-07 
1.51624e-06 0.00245361 7.66357e-09 1.35043e-05 0.00650859 0.982016 3.20802e-06 0.00545992 1.29745e-05 3.09903e-06 1.11201e-06 0.00317846 1.88132e-05 0.000297496 9.0332e-06 1.36113e-06 2.07998e-05 7.79747e-07 
0.0109595 0.00437089 2.52254e-06 5.36113e-06 0.00369879 0.0394777 0.000345223 0.000218857 0.764748 0.000231634 0.0907198 0.00483196 0.0359402 0.00344416 0.0392254 0.00139443 6.22571e-05 0.000322973 
0.000683061 0.0759736 7.49286e-08 0.0145567 0.0318677 0.60485 5.92323e-05 0.0302163 0.00323469 5.47903e-05 0.000299325 0.000294979 0.115782 0.000157474 0.118201 0.00011168 0.00345942 0.00019897 
0.000127513 0.0173555 1.48412e-07 0.00120677 0.0194614 0.00380269 0.00020155 0.105954 0.00154416 0.00366883 0.23928 0.273566 0.125568 0.0303644 0.133269 5.16391e-05 0.0322531 0.0123249 
0.144486 0.0067927 2.25049e-07 0.00671203 0.232867 0.412417 1.01372e-06 0.000502833 0.0213494 0.0100227 0.0189558 0.0527466 2.37082e-06 0.0103499 0.0669321 0.01381 0.00139726 0.000655266 
0.00114154 0.00680294 1.28879e-06 0.0405464 0.0619921 0.696127 2.53933e-05 0.00451491 0.00112127 0.000278506 0.000674347 0.0128819 0.102153 0.0031145 0.0626182 9.89739e-05 0.00211007 0.0037973 
0.000474048 0.000594845 6.22021e-08 0.000736892 0.0169804 0.00416337 1.00563e-06 0.000393112 0.00587909 0.962842 0.00122799 0.00465863 0.00032532 0.000462291 0.00103733 9.72343e-05 0.000126433 1.26236e-07 
0.0461112 0.0017932 2.21133e-07 0.0341136 0.0026913 0.000256635 4.04489e-07 0.000339522 5.90944e-06 0.0143529 0.000371176 0.00329675 0.0273078 0.0113016 0.767792 0.000220763 0.0891371 0.000907956 
0.000371825 0.0111453 3.20926e-07 0.254068 0.0628687 0.207105 2.04593e-05 0.025509 0.000297578 9.41936e-05 0.11021 0.000214209 0.113958 0.00571627 0.0922361 1.63826e-05 0.111789 0.00438053 
0.136631 0.000102414 3.44064e-07 0.0857946 0.00944683 0.110398 0.577583 0.004609 0.00884086 0.000153492 7.24706e-05 0.00600726 0.0273374 0.000691844 0.0187061 0.000117377 8.52604e-05 0.0134227 
0.000403558 0.000147554 6.25938e-11 0.00215135 0.0170982 0.338266 0.266007 0.202675 0.00389458 1.57847e-07 0.015612 0.0835692 1.90289e-07 0.000142898 0.000682484 1.08081e-06 3.06397e-09 0.0693495 
0.145101 0.00662516 0.000103227 0.0615896 0.0309121 0.522589 0.000153097 0.00546595 0.00875304 0.000214972 0.00431307 0.0599476 0.0640124 0.0011556 0.0297707 0.00438387 0.000219309 0.0546907 
0.000888179 0.00204906 6.25443e-07 0.00220484 0.667946 0.0777675 0.135582 0.00234928 0.00155193 1.29668e-05 0.00305061 0.00723598 0.00426255 0.000437517 0.066189 0.000139116 0.0269027 0.0014304 
0.140652 2.44374e-08 3.80062e-12 1.88461e-05 0.00212774 0.000324741 4.35307e-06 0.0584504 2.03448e-05 8.38446e-06 0.000108779 0.000257955 7.66796e-05 0.192071 3.75345e-05 0.605644 9.9485e-10 0.000198371 
0.00105783 0.00516188 1.207e-08 0.00990565 0.397363 0.266363 0.000598154 0.0199858 0.00200439 0.000403614 0.00314566 0.0349657 0.156833 0.0392738 0.0555633 0.00144563 0.00510424 0.000824927 
0.000369739 0.000788395 4.03198e-08 0.734113 0.0105506 0.0574375 0.00170866 0.00535345 5.08929e-05 5.6557e-07 0.0014405 0.00371025 0.0623807 0.0322298 0.0321671 2.61569e-05 0.0532062 0.00446622 
1.63973e-06 7.08411e-07 8.78595e-13 3.85406e-06 1.53639e-05 5.07746e-05 0.999181 6.39581e-05 1.30532e-06 1.61843e-12 1.07009e-12 2.39713e-05 4.07858e-06 2.56853e-06 5.91524e-10 6.61365e-05 5.65561e-07 0.000583627 
0.042834 0.076732 1.46235e-05 0.0551136 0.00327469 0.0350079 0.024601 0.0124031 0.000995774 0.00655825 0.0230973 0.0555721 0.0394747 0.00428766 0.0107942 0.0980317 0.000929456 0.510278 
0.0454857 0.00406829 4.63302e-07 0.294589 0.0486683 0.000968723 6.16539e-05 0.0169804 8.44485e-06 0.000224766 1.49697e-05 0.0112365 0.555687 0.00432721 0.00244469 8.82715e-07 2.16257e-05 0.0152106 
0.145101 0.00662516 0.000103227 0.0615896 0.0309121 0.522589 0.000153097 0.00546595 0.00875304 0.000214972 0.00431307 0.0599476 0.0640124 0.0011556 0.0297707 0.00438387 0.000219309 0.0546907 
0.019728 0.000479965 1.06519e-05 0.00948872 0.0617433 0.528359 7.32308e-05 0.0598915 0.00594264 3.97951e-05 0.00402948 0.24354 0.0107079 0.00288566 0.0210367 0.0178358 0.00010179 0.0141066 
0.000205346 0.0549381 3.77107e-08 0.0133982 0.0130989 0.70367 9.48414e-05 0.0236574 0.0392232 0.000692715 4.59299e-08 0.00891697 0.00159557 0.00124212 0.0493854 0.0739726 6.55073e-05 0.0158429 
0.000889078 0.0248543 1.04407e-05 0.0477064 0.0075555 0.334629 0.000286477 0.0802918 0.0639663 1.21284e-05 0.0890944 0.0472855 0.187408 0.00710784 0.0864764 0.00150525 0.00534128 0.0155794 
0.000975232 0.0199691 2.32881e-05 0.0145545 0.0127514 0.0232836 0.000156563 0.0102763 0.000319045 0.000623362 0.000609338 0.0581891 0.302489 0.0559471 0.4111 9.15994e-05 0.0861413 0.00250026 
0.000519375 0.00194512 1.15347e-07 0.0352098 0.0636315 0.661845 0.00728174 0.000481778 0.00157362 0.00212796 0.000772449 0.0165259 0.187082 0.0083371 0.0104555 0.000348739 0.000719992 0.00114205 
0.000570896 0.000709917 6.46194e-08 0.00365502 0.238253 0.476687 3.31557e-07 7.47232e-08 1.29254e-05 0.0149849 1.14635e-07 0.00112562 0.132931 0.00184256 0.125394 0.000104843 0.0032985 0.000430444 
5.1941e-05 0.00821903 1.61268e-06 3.07389e-06 0.00747288 0.62533 0.000718484 0.00052995 7.32879e-06 0.000526188 0.0219028 0.142242 0.117024 0.000338014 0.0540137 0.000342777 0.000610111 0.0206661 
0.058637 0.00264733 8.9622e-06 0.0416189 0.303694 0.0192483 6.76586e-05 0.0262657 0.0764682 0.000997924 0.0232113 0.0986297 0.156461 0.00402435 0.0519245 0.130657 0.00359568 0.00184284 
1.16245e-05 0.000305806 2.0602e-08 0.0275174 0.00612358 0.0297288 2.32117e-06 0.000261619 0.000774693 0.0015068 8.056e-08 0.000786497 0.835034 0.000417651 0.00155405 9.46951e-06 5.64246e-05 0.0959088 
0.0804352 2.47734e-07 1.53604e-10 0.119003 0.0381995 0.204622 0.00116335 0.00864201 0.00180359 0.442252 8.66216e-07 3.33135e-05 3.58164e-07 0.0109214 0.0489913 0.0151333 0.0242983 0.00449956 
0.000423248 0.0358522 4.20314e-07 6.8715e-07 0.137588 0.00348471 7.50886e-06 0.215431 0.000573889 0.000941068 0.00446264 0.241763 0.115988 0.000395864 0.142854 0.0995198 0.000165566 0.000547458 
0.00391571 0.00716977 7.69175e-08 0.113812 0.0170196 0.305237 0.00261306 0.00555593 0.000492121 0.00331356 0.00179202 0.0130355 0.281438 0.0164864 0.10088 0.00585534 0.117559 0.00382421 
4.75178e-07 0.012265 1.22241e-11 4.24789e-06 0.0100777 0.197518 1.00345e-06 0.0532397 0.00177766 9.70536e-07 0.00641829 0.0132188 0.705466 1.80759e-06 2.84142e-06 4.27111e-07 6.54277e-06 2.44343e-07 
0.000317209 0.000172059 3.70861e-09 0.993554 0.00127525 0.000430423 3.31374e-05 2.61353e-05 0.000104001 6.8315e-09 4.51692e-09 0.000143799 0.00214686 0.000645384 0.000634778 1.63478e-05 0.000404844 9.62043e-05 
0.0021119 0.0658388 2.35856e-07 0.0773283 0.0251247 0.0147695 9.58774e-07 0.100038 0.0472925 0.0128389 0.139967 0.0562019 0.418123 3.70699e-05 0.0142963 0.0255447 0.000211907 0.000275304 
0.00603443 0.00895776 8.02399e-06 0.00400302 0.0391311 0.0895398 6.90077e-05 0.014901 0.474376 0.00134705 0.000287157 0.0286704 0.226827 0.00265203 0.0941221 0.00154433 0.00232936 0.00520116 
0.00295406 0.000725098 2.81561e-12 0.000908666 0.000138194 4.82111e-05 4.44637e-08 2.09488e-06 6.82301e-07 0.994706 1.7064e-05 9.31486e-05 9.52381e-05 9.1122e-06 0.000183777 2.60949e-05 5.72226e-05 3.53706e-05 
0.00116482 0.0347809 4.19147e-11 0.320841 0.101082 0.00187203 2.08042e-06 0.000131902 6.94111e-08 0.0049268 5.71509e-07 0.00131133 0.357976 0.000672575 0.174648 5.83781e-05 0.000314414 0.000216298 
0.00159511 0.00017782 1.44934e-07 0.000276789 0.0043917 2.76353e-05 2.93958e-07 0.000136887 8.01641e-07 0.992272 6.3868e-05 0.000631451 0.000243931 4.46209e-05 8.14777e-05 1.75966e-05 2.4446e-06 3.56547e-05 
0.0647528 0.00251177 3.30817e-06 0.0622122 0.0109432 0.611649 1.17816e-05 0.0745953 5.02577e-06 0.00038362 0.000171067 0.00211114 0.144835 0.000594112 0.00804002 0.000364781 0.0163793 0.000436562 
0.00377069 1.17351e-06 1.20903e-07 2.65929e-05 0.0180222 0.0276478 1.23946e-05 0.00995586 6.31207e-07 0.773751 0.000178155 0.065461 0.0937385 0.000244038 0.00374605 0.000483723 0.00295586 3.85132e-06 
1.65771e-07 0.00506343 6.02803e-11 9.34788e-07 0.214714 0.716124 1.45533e-10 3.02775e-07 1.17788e-07 0.000295734 7.34186e-11 0.00459088 0.0154247 0.00293731 0.0408482 7.75215e-08 8.4683e-09 2.35185e-07 
0.012766 0.00575943 0.000487299 0.00658307 0.0101287 0.0254521 0.0649545 0.0473333 0.643241 0.0026496 0.00183293 0.0212875 0.010221 0.00184497 0.0434701 0.0723966 0.000888995 0.0287026 
2.5858e-06 0.00664286 4.12314e-07 8.76586e-07 0.0275201 0.820296 0.000277374 0.000726467 0.00306264 0.00057226 4.55931e-07 0.00539484 0.012083 0.00430059 0.118761 0.000284603 7.29642e-05 6.97871e-07 
0.000453048 0.000107115 3.88006e-06 0.0776933 0.318827 0.0590343 2.32834e-05 0.000203551 2.0129e-05 7.78679e-05 1.90479e-05 0.00326898 0.155541 0.194733 0.129601 3.2392e-05 0.0553967 0.00496444 
0.00151492 0.000975989 6.03625e-05 0.0167344 0.00144547 0.263894 0.00249775 0.00517429 9.04118e-05 6.87938e-05 0.000111616 0.0104391 0.0233586 0.00876164 0.0048437 0.656144 0.00243695 0.00144779 
0.0526444 0.00954581 4.36192e-05 0.129105 0.00775449 0.00891741 8.7873e-05 0.118649 4.61229e-05 0.147886 0.0482805 0.181869 0.0653458 0.0361346 0.0677135 0.1089 0.00674958 0.0103272 
0.489346 7.96174e-07 5.13729e-07 0.00244243 0.0036023 0.00223325 1.87564e-05 0.00296046 6.93412e-05 0.00106523 0.0662859 0.0228806 0.0075589 0.00269032 0.01091 0.0571532 0.324211 0.00657182 
0.0877345 0.0524714 4.61905e-08 0.00673635 0.127278 0.0207038 0.000107708 0.00278908 3.65756e-05 7.10491e-06 1.66395e-07 0.00302923 0.145448 0.0985173 0.44515 5.12521e-08 0.00963102 0.000359779 
0.00131376 0.0353512 2.48796e-05 0.00354601 0.0548789 0.448323 0.000230888 0.00494591 0.0151632 0.00196056 0.00405652 0.0358708 0.0822164 0.0495854 0.13377 4.32499e-05 0.109753 0.0189656 
0.0010962 0.014314 7.34887e-06 0.0202384 0.0187433 0.187196 0.00026417 0.0100641 0.0255297 0.00476841 0.0454126 0.160348 0.0627302 0.0748006 0.312912 0.00725152 0.0426267 0.0116972 
0.00842755 0.0267208 0.000159322 0.0357785 0.160276 0.248842 0.000593966 0.00847172 0.00910142 0.000898394 0.240996 0.0720555 0.0411212 0.0109592 0.0798686 0.0262234 0.00815553 0.0213512 
3.57402e-05 0.00191519 8.1716e-10 0.00108067 0.2554 0.512919 9.08267e-06 0.0179852 0.000504519 1.36779e-06 0.000108476 0.00144795 0.0927472 0.0136757 0.100436 5.37567e-05 0.00168078 3.44307e-07 
0.000265411 0.00602574 1.77994e-05 0.0568584 0.222191 0.142032 7.17624e-05 0.00660885 0.0227171 0.00134686 0.00330886 0.0212587 0.30576 0.000213188 0.0626722 2.1603e-05 0.000324731 0.148307 
0.0320372 0.018566 1.48088e-06 0.00691038 0.0451831 0.202436 0.00534368 0.0283062 0.491412 0.000588801 0.0831662 0.0582248 0.00187024 0.0100863 0.0144077 0.000499684 0.000592388 0.000368234 
0.039878 0.0285242 3.42082e-07 0.0243883 0.0883718 0.0203672 4.49023e-05 0.159539 2.10465e-06 3.11784e-06 0.0136032 0.0116597 0.285296 7.06786e-07 0.00760933 0.00204532 0.00028735 0.318379 
0.000431809 0.00598583 7.88433e-05 0.0174619 0.0148687 0.0765506 0.000208514 0.0243216 0.00430407 0.00301788 0.00147556 0.161533 0.566934 0.00347159 0.054487 9.60581e-05 0.00442366 0.0603495 
0.000160598 0.0136804 5.25551e-10 0.0068201 0.0260908 0.524686 4.4585e-06 0.000260938 1.00908e-05 0.04416 0.00177858 0.0436182 0.155876 0.120691 0.0245642 0.000186118 0.0366087 0.000803994 
0.0112831 0.000186844 3.15171e-08 0.00112081 0.0119436 0.0187198 5.37723e-05 0.00502442 0.0395685 0.00465302 0.00401132 0.190969 0.132847 0.00315381 0.0225536 0.477189 0.0424168 0.0343062 
0.00153428 0.00155194 3.53046e-07 0.00208451 0.00550078 0.485289 0.0022588 0.00140405 0.00353574 0.000949551 0.0167653 0.0305248 0.0205972 0.00079537 0.00348274 0.398667 0.00506736 0.0199917 
0.000648498 0.0127217 2.63425e-07 0.000780244 0.0348261 0.824116 0.000871217 0.0104659 0.0014115 0.000190603 0.000324108 3.82706e-05 0.0438332 0.00112716 0.0673877 0.000104398 0.00111478 3.82887e-05 
2.29648e-07 0.000258746 5.89099e-11 2.0526e-06 0.0484163 0.862769 4.84997e-07 0.000500828 1.47848e-05 4.69063e-07 1.67695e-07 0.00937913 0.011781 0.00197976 0.0648743 2.06405e-07 3.1615e-06 1.93759e-05 
0.0426134 0.0143523 0.000227941 0.0690035 0.0578636 0.0280844 0.000370071 0.0210897 0.0184677 0.00834225 0.000262626 0.0261939 0.041189 0.0120547 0.562477 0.00280821 0.00558474 0.0890151 
0.00521216 0.0104538 2.23621e-05 0.188537 0.0869862 0.0140163 3.0659e-05 0.0314039 0.00175535 0.000411513 0.00237735 0.0582555 0.440495 0.00638592 0.125303 0.00970765 0.00134193 0.0173041 
0.00427184 7.01967e-09 2.20518e-13 0.000364402 0.000131223 7.11658e-06 2.58488e-07 9.87501e-05 9.51171e-10 0.992002 2.86879e-05 0.000568285 3.56862e-10 7.26889e-05 0.00235305 3.60736e-05 3.93437e-05 2.65492e-05 
0.000145959 0.000261631 2.57024e-05 0.0473198 0.00617252 0.000480354 0.000256124 0.296746 7.12514e-05 3.04617e-05 5.16824e-05 0.0639705 0.265889 0.00626757 0.182913 3.87829e-05 0.00249227 0.126868 
0.140652 2.44374e-08 3.80062e-12 1.88461e-05 0.00212774 0.000324741 4.35307e-06 0.0584504 2.03448e-05 8.38446e-06 0.000108779 0.000257955 7.66796e-05 0.192071 3.75345e-05 0.605644 9.9485e-10 0.000198371 
0.000109542 0.000440012 6.42414e-06 0.0127875 0.0187813 0.0125378 6.12773e-05 0.000284925 6.22771e-05 0.000122006 1.87543e-05 0.00671362 0.842459 0.00165915 0.0119415 4.30855e-05 0.0886351 0.00333689 
0.000125648 2.97235e-06 1.88627e-09 0.000138026 0.00242176 0.74444 6.55589e-07 0.00159157 4.24678e-06 0.000617407 6.26103e-05 0.0363693 0.0943512 0.0180528 0.092837 2.73245e-07 0.00340937 0.00557498 
0.000191584 2.82525e-07 7.62479e-12 0.00698207 7.53521e-05 0.00143181 5.45748e-08 0.00107926 1.14516e-07 0.986052 0.000262153 0.00368919 0.000170364 1.79636e-08 5.15386e-06 4.07046e-05 1.95221e-05 2.41189e-08 
0.000521224 0.000686901 2.54069e-07 0.00478483 0.0216083 0.808494 8.03605e-05 0.00051385 0.000838156 6.99822e-05 2.00024e-05 0.00181095 0.0567343 0.0106469 0.089665 9.06091e-05 0.00259427 0.000840387 
7.26397e-06 0.00178419 1.43002e-09 1.61224e-07 0.197585 0.493922 0.00261478 8.10706e-06 3.15089e-06 0.00722831 4.98415e-06 1.58982e-06 0.105487 1.31596e-05 0.121123 4.36715e-06 0.00675697 0.0634561 
1.06808e-06 1.89304e-05 3.57348e-09 0.00266581 0.0540691 0.631751 1.32156e-06 5.4903e-06 0.22238 1.13743e-05 0.00493168 0.00679444 2.70828e-05 0.0349729 1.9718e-05 3.03039e-06 6.97467e-05 0.0422773 
0.00684529 0.0304306 0.000107461 0.0915105 0.042744 0.00233519 0.000328842 0.0502027 0.00243733 0.000703168 0.00877433 0.0658053 0.361916 0.00059229 0.114128 0.0783946 0.0500016 0.0927435 
0.00423731 0.00241301 9.8939e-06 0.0437445 0.00560931 0.00123108 1.99778e-05 0.08351 0.0475174 0.0891254 0.00421451 0.0466112 0.170105 0.00234433 0.0408213 0.000528587 0.0237889 0.434169 
0.000216801 0.00028781 3.97578e-08 0.675557 0.00284804 0.076839 0.00284708 0.000719997 8.47794e-05 8.99837e-07 0.00240041 0.00211504 0.0390909 0.0537157 0.0471128 4.35717e-05 0.0886763 0.00744347 
0.00933994 0.0172199 0.000214562 0.0575773 0.0383336 0.410584 0.00127074 0.0103001 0.049144 0.00309948 0.0361968 0.163575 0.0515802 0.00963647 0.105478 0.00110157 0.000246794 0.0351023 
0.146319 0.000419825 0.000131348 0.00529447 0.00704525 0.0297011 0.000161572 0.0184636 0.00233391 0.00210887 0.0211502 0.413107 0.0308895 0.000200078 0.000714151 0.308299 0.00241209 0.0112493 
0.00236704 0.00795995 3.0055e-06 0.00169526 0.0234169 0.849778 0.00996255 0.01426 0.00243333 0.00061238 0.000674574 0.010531 0.0107815 0.00348861 0.0503656 0.0012043 0.00282648 0.00763933 
0.00247011 0.00184444 1.28507e-08 0.000695442 0.01127 0.877751 0.00940727 0.0075714 0.00232991 0.00443008 0.000374464 0.00476498 0.0034985 0.00186479 0.0608224 3.15276e-06 0.00578365 0.00511835 
0.00103723 0.0945076 3.98524e-06 0.0245553 0.0128367 0.0433828 0.00891507 0.0198565 5.43986e-05 1.01411e-05 0.000132156 0.00795067 0.0384143 0.095083 0.640551 0.00205504 0.00876739 0.00188668 
0.00934476 0.0190123 1.56709e-06 0.149865 0.173205 0.00673338 0.0547369 0.217772 0.006516 5.19529e-05 0.0621029 0.0389963 0.0295181 0.00117633 0.16882 0.0112916 1.24157e-05 0.0508434 
0.00111521 0.0499883 1.79539e-05 0.160154 0.0650203 0.168074 0.000169985 0.0335396 0.0257839 0.0016138 4.79686e-05 0.0055652 0.239486 0.0307993 0.117195 3.17536e-05 0.0050519 0.0963458 
0.0215394 0.00553805 3.67523e-12 0.000959787 7.8795e-05 0.000203475 1.1443e-05 0.00034066 6.52811e-09 0.962928 1.72615e-05 0.00152203 2.23687e-09 0.000230454 0.00494329 0.000102678 2.3705e-05 0.00156101 
0.136631 0.000102414 3.44064e-07 0.0857946 0.00944683 0.110398 0.577583 0.004609 0.00884086 0.000153492 7.24706e-05 0.00600726 0.0273374 0.000691844 0.0187061 0.000117377 8.52604e-05 0.0134227 
0.121157 0.000939534 5.82457e-05 0.0152291 0.245956 0.0760515 6.34052e-05 0.0127215 0.00360246 0.00068619 0.0366095 0.0891388 0.0503056 0.0117967 0.107873 0.219788 0.00680886 0.00121442 
1.63973e-06 7.08411e-07 8.78595e-13 3.85406e-06 1.53639e-05 5.07746e-05 0.999181 6.39581e-05 1.30532e-06 1.61843e-12 1.07009e-12 2.39713e-05 4.07858e-06 2.56853e-06 5.91524e-10 6.61365e-05 5.65561e-07 0.000583627 
0.0409123 0.00333968 3.95792e-09 0.00801798 0.537806 0.162221 0.00323051 0.00202737 0.0370002 0.000541719 0.0106811 0.0277351 0.0856099 0.000508753 0.0463725 9.04052e-05 0.032689 0.00121653 
0.00261772 0.00130943 5.16578e-06 0.00018808 0.000252047 0.639219 6.1065e-06 0.0254142 0.00227824 0.0116906 0.0175332 0.0739823 0.0163834 0.000777872 0.0189432 0.000102343 0.182534 0.00676254 
0.489346 7.96174e-07 5.13729e-07 0.00244243 0.0036023 0.00223325 1.87564e-05 0.00296046 6.93412e-05 0.00106523 0.0662859 0.0228806 0.0075589 0.00269032 0.01091 0.0571532 0.324211 0.00657182 
0.0511531 0.247672 5.38242e-06 0.332166 0.0381589 0.0279431 6.02424e-05 0.038625 0.00441111 0.000242502 0.00791332 0.00132157 0.0790367 0.0430873 0.122665 0.000777961 0.000579286 0.00418169 
0.0099954 0.00369612 1.81664e-07 0.0107058 0.312356 0.127842 2.61614e-05 0.000360447 0.356648 0.000165138 0.00405103 0.0182825 0.027318 0.00217309 0.115018 0.00471268 2.28196e-05 0.00662714 
0.0351599 0.0317449 2.85534e-06 0.00714989 0.109334 0.197355 0.000358357 0.00690579 0.311746 0.000340654 0.080702 0.00802694 0.0737985 0.00151272 0.0994868 0.00514337 0.0198942 0.0113378 
0.000384838 0.00593067 1.43807e-08 0.0203664 0.0863721 0.528992 0.000114027 0.000428107 0.00125586 0.000163938 3.09936e-05 0.00749281 0.183698 0.0881478 0.053333 0.000123171 0.0127739 0.010392 
0.000294947 0.000114663 8.57959e-08 0.000159051 0.00614094 0.974317 0.00198058 8.29421e-06 0.00239221 0.000132183 1.76849e-05 6.12724e-05 0.00274902 0.000306447 0.010212 0.000250358 0.00050045 0.000363017 
5.50171e-07 0.00204007 6.53197e-09 0.0343131 0.00286803 0.00491145 0.000172411 0.000396267 1.5392e-06 3.95332e-05 1.07071e-07 0.0435717 0.78368 0.000504928 0.0259936 7.79956e-08 0.000141761 0.101365 
0.0322015 0.0230964 5.90791e-05 0.0095738 0.126261 0.0913717 0.000420554 0.00888175 0.0485868 0.000806249 0.0498778 0.109205 0.0209367 0.0868068 0.0378376 0.318576 0.0286882 0.00681393 
0.00185503 0.00821867 0.000516317 0.0280005 0.261929 0.137249 0.0119251 0.00861976 0.0120494 0.00294538 0.00445613 0.0209806 0.121778 0.0559889 0.286482 0.0121866 0.0105466 0.0142732 
0.000666276 0.00151512 4.53997e-09 0.0504762 0.00637063 0.784594 0.000289159 1.44798e-08 0.000421432 0.000559288 7.55378e-05 3.49697e-08 0.150918 0.000891213 0.00221954 2.73448e-08 4.18885e-07 0.00100276 
0.0286241 0.000592931 0.000167325 0.00831915 0.00221329 0.00424319 0.000385989 0.00999675 0.000843502 0.242087 0.00343629 0.0403314 0.0128659 0.000358971 0.00302911 0.635323 0.00481046 0.00237128 
0.0170765 0.167234 5.03576e-05 0.0038007 0.0301678 0.0479105 0.000117606 0.391524 0.00174715 0.00125926 0.16354 0.111742 0.0289536 0.000242444 0.0265823 0.000103081 0.00407458 0.00387355 
3.55429e-05 0.102241 4.75687e-08 0.00410205 0.412927 0.160006 1.14844e-07 0.00944858 0.00646435 0.000528096 7.62112e-05 0.149874 0.00315389 0.0781789 0.0693513 6.23402e-06 5.54738e-06 0.00360128 
0.00265755 6.47971e-09 8.42225e-13 0.00125227 0.000148341 0.000247516 8.44832e-08 0.00836063 6.92303e-09 0.953188 7.26736e-05 0.0263771 0.0031206 0.000172592 0.00314206 0.000130095 0.00113038 3.33755e-09 
0.00900418 0.00598749 1.11014e-10 0.17313 0.392899 0.0479238 2.68018e-10 0.0499554 1.11162e-07 0.00087291 0.000639801 0.0232168 0.111835 0.0187386 0.163706 3.389e-05 0.00200076 5.67943e-05 
0.452542 0.000280775 5.12921e-05 0.12892 0.00914646 0.0371025 0.00408839 0.0178223 7.35414e-05 0.00106964 0.00197875 0.0421859 0.154758 0.00332634 0.0823706 0.0521066 0.00873741 0.00343893 
1.1619e-07 0.00166857 2.98904e-12 0.050897 0.00415811 0.502612 2.45363e-07 5.53021e-08 0.000275079 2.37315e-07 8.48278e-08 0.00312541 0.407227 4.41993e-07 0.0281394 1.04437e-07 1.59984e-06 0.00189404 
0.00295406 0.000725098 2.81561e-12 0.000908666 0.000138194 4.82111e-05 4.44637e-08 2.09488e-06 6.82301e-07 0.994706 1.7064e-05 9.31486e-05 9.52381e-05 9.1122e-06 0.000183777 2.60949e-05 5.72226e-05 3.53706e-05 
0.00510989 0.0384054 1.37126e-06 0.00462557 0.136132 0.160951 0.277615 0.0340601 0.0328835 0.0489168 1.33361e-05 0.00121546 0.0446843 0.00160052 0.102659 0.00365212 0.000526341 0.106948 
0.00191757 0.0407227 3.71914e-07 0.0211775 0.0135118 0.410361 1.39627e-06 0.00815056 0.000133703 3.07542e-05 0.0027899 0.00758346 0.413406 0.0137849 0.0136906 7.64076e-06 0.0481886 0.00454174 
0.00265755 6.47971e-09 8.42225e-13 0.00125227 0.000148341 0.000247516 8.44832e-08 0.00836063 6.92303e-09 0.953188 7.26736e-05 0.0263771 0.0031206 0.000172592 0.00314206 0.000130095 0.00113038 3.33755e-09 
0.00237797 0.00128851 0.000109805 0.0472122 0.00770449 0.259165 0.00116639 0.0503576 0.00324731 0.00278836 0.00279034 0.13252 0.193477 0.0133578 0.15877 0.00027776 0.00914568 0.114243 
0.000216801 0.00028781 3.97578e-08 0.675557 0.00284804 0.076839 0.00284708 0.000719997 8.47794e-05 8.99837e-07 0.00240041 0.00211504 0.0390909 0.0537157 0.0471128 4.35717e-05 0.0886763 0.00744347 
0.0253242 0.00992008 9.05193e-05 0.00854622 0.0336055 0.233003 0.000441325 0.015195 0.041667 0.00895683 0.0137669 0.174037 0.0541661 0.00823444 0.0691859 0.27881 0.008503 0.0165458 
0.00151492 0.000975989 6.03625e-05 0.0167344 0.00144547 0.263894 0.00249775 0.00517429 9.04118e-05 6.87938e-05 0.000111616 0.0104391 0.0233586 0.00876164 0.0048437 0.656144 0.00243695 0.00144779 
0.00347306 0.00380863 6.50039e-06 0.0152624 0.102429 0.450112 5.17032e-05 0.00141229 0.000958575 0.000284183 0.000241196 0.015988 0.221413 0.0767771 0.0899642 0.000153612 0.00473772 0.0129265 
1.42861e-05 0.21357 3.45581e-10 0.00240069 0.000372514 0.0151609 0.000143531 0.000876973 1.81832e-05 4.34429e-05 1.50052e-07 0.000608603 0.00199368 0.117443 0.607529 0.00014878 0.0396425 3.39118e-05 
0.042834 0.076732 1.46235e-05 0.0551136 0.00327469 0.0350079 0.024601 0.0124031 0.000995774 0.00655825 0.0230973 0.0555721 0.0394747 0.00428766 0.0107942 0.0980317 0.000929456 0.510278 
9.77171e-08 0.00119015 2.51381e-12 8.7355e-07 0.0109308 0.806386 2.06353e-07 4.65096e-08 2.85575e-08 1.99584e-07 7.13409e-08 0.00257234 0.0401642 0.00669133 0.0711121 8.78325e-08 0.0609515 5.02476e-08 
0.000324212 0.00141209 1.5066e-11 0.00971081 0.0169341 0.83042 0.000164252 6.4833e-05 0.00138595 0.000165112 5.58322e-06 0.00029258 0.0877405 0.0012424 0.0399344 0.000550349 0.00944397 0.000208885 
0.00153428 0.00155194 3.53046e-07 0.00208451 0.00550078 0.485289 0.0022588 0.00140405 0.00353574 0.000949551 0.0167653 0.0305248 0.0205972 0.00079537 0.00348274 0.398667 0.00506736 0.0199917 
0.000630903 0.00339459 1.63592e-06 0.00693921 0.917358 0.00365641 2.43188e-06 0.0273668 3.2541e-06 0.000131842 3.26101e-05 0.00227061 0.00308922 0.000618674 0.0318048 2.1522e-06 0.00117564 0.0015215 
