0.000107251 0.000776475 0.000217676 2.0622e-09 0.000107937 0.000292055 2.11899e-08 0.00115402 0.000211862 0.985646 0.000209533 0.00118232 0.00181287 0.00043666 0.00111322 4.02973e-09 0.003382 0.00335021 
2.4965e-05 0.674662 7.68461e-05 2.542e-08 0.0369404 0.0135206 2.61201e-07 0.0196966 0.000356885 8.77059e-05 0.00198655 0.00624141 0.0238287 0.0037428 0.218551 4.9673e-08 0.000280082 3.50039e-06 
2.59304e-11 2.36833e-07 3.39545e-11 7.97784e-12 0.00695481 0.992527 0.000182339 3.82928e-08 4.09837e-07 2.62758e-07 4.13551e-11 0.000143033 1.47444e-07 3.32719e-07 8.21227e-07 0.00018999 1.09448e-07 1.36557e-11 
4.47639e-06 2.77545e-09 1.28179e-05 8.60225e-10 0.000499692 0.731198 8.83916e-09 6.75592e-06 9.03254e-05 4.05326e-06 1.82872e-05 3.57411e-06 1.06681e-06 0.0254838 0.242662 1.68096e-09 7.69706e-06 6.922e-06 
3.96625e-10 6.96645e-06 5.1936e-10 1.22027e-10 0.000538273 0.906045 0.00931557 1.33087e-10 7.09321e-07 0.000283538 6.32556e-10 4.85273e-05 7.39395e-07 5.88569e-06 0.0824333 0.00131917 6.04904e-07 1.57493e-06 
0.00160531 0.0278008 0.000485849 5.70048e-07 0.386807 0.208829 0.00608798 0.0331989 0.0162372 0.00500899 0.00693742 0.0253859 0.118878 0.0013768 0.128768 6.84567e-06 0.00997414 0.0226114 
2.41926e-07 0.00471492 6.89444e-06 3.51103e-11 0.0109914 0.0328161 1.00468e-07 0.00729707 1.31089e-05 0.00360729 0.000286804 0.0774865 0.0681016 0.000704442 0.0151248 2.96232e-05 1.35584e-05 0.778806 
1.25856e-05 0.00640084 8.49064e-06 3.69069e-11 0.0123073 0.0373553 7.60532e-07 0.00726232 3.56834e-05 0.00455894 0.000357406 0.0847168 0.076732 0.000960775 0.0205712 3.64598e-05 1.80335e-05 0.748665 
2.41926e-07 0.00471492 6.89444e-06 3.51103e-11 0.0109914 0.0328161 1.00468e-07 0.00729707 1.31089e-05 0.00360729 0.000286804 0.0774865 0.0681016 0.000704442 0.0151248 2.96232e-05 1.35584e-05 0.778806 
6.96893e-05 0.0317324 3.81888e-05 9.44406e-08 0.331894 0.128898 9.70416e-07 8.53191e-05 7.13362e-07 8.72995e-06 4.75654e-05 0.129078 0.00114243 0.0449874 0.282504 8.4606e-06 0.0356848 0.0138184 
0.0127724 0.00153773 0.0282748 1.97718e-11 0.261856 0.0447745 3.04273e-06 0.258945 0.000171243 2.68359e-05 0.0813172 0.261249 0.0373631 0.000300263 0.00649281 0.0047035 9.33424e-06 0.000204168 
1.96416e-08 0.00102892 0.00138366 1.69649e-11 0.0388542 0.0763537 1.41706e-07 0.306595 4.35059e-08 4.13169e-07 0.0281082 0.34393 0.195881 0.00027645 0.00242712 0.00327311 0.000363353 0.00152448 
4.8646e-11 0.014213 5.7393e-08 1.49666e-11 0.00915659 0.881508 0.000231066 0.00130457 0.020602 0.000413644 7.75828e-11 0.0246279 5.59109e-07 4.39536e-11 0.0223421 9.65414e-08 7.76613e-07 0.0255993 
0.0139775 0.00499152 0.00390568 2.46043e-07 0.0307448 0.0409616 2.15854e-05 0.031529 0.00808169 0.00243658 0.0590379 0.36663 0.226944 0.00201172 0.038602 0.0121505 0.00307859 0.154894 
2.41926e-07 0.00471492 6.89444e-06 3.51103e-11 0.0109914 0.0328161 1.00468e-07 0.00729707 1.31089e-05 0.00360729 0.000286804 0.0774865 0.0681016 0.000704442 0.0151248 2.96232e-05 1.35584e-05 0.778806 
2.41926e-07 0.00471492 6.89444e-06 3.51103e-11 0.0109914 0.0328161 1.00468e-07 0.00729707 1.31089e-05 0.00360729 0.000286804 0.0774865 0.0681016 0.000704442 0.0151248 2.96232e-05 1.35584e-05 0.778806 
2.41926e-07 0.00471492 6.89444e-06 3.51103e-11 0.0109914 0.0328161 1.00468e-07 0.00729707 1.31089e-05 0.00360729 0.000286804 0.0774865 0.0681016 0.000704442 0.0151248 2.96232e-05 1.35584e-05 0.778806 
2.41926e-07 0.00471492 6.89444e-06 3.51103e-11 0.0109914 0.0328161 1.00468e-07 0.00729707 1.31089e-05 0.00360729 0.000286804 0.0774865 0.0681016 0.000704442 0.0151248 2.96232e-05 1.35584e-05 0.778806 
0.000119037 1.96177e-07 1.19605e-10 2.81021e-11 0.123121 0.669873 0.00118006 0.00766315 2.62459e-06 2.55986e-07 1.45674e-10 0.0101813 4.20032e-07 0.00178789 0.0236952 0.153506 1.36241e-07 0.00886999 
0.000903609 0.00151849 0.00611472 3.81579e-11 0.32949 0.0395451 0.000132819 0.0473484 0.00483428 0.0001805 0.00679844 0.254356 0.153191 0.0183238 0.00998906 1.62902e-08 3.89598e-05 0.127234 
0.00725987 6.55081e-07 0.00190198 2.03036e-07 0.0186375 0.0289862 0.00313151 0.00704199 0.0150313 0.00493621 1.05249e-06 0.0483909 0.0305909 0.825124 0.00403001 3.96752e-07 3.02735e-07 0.00493541 
0.00695322 0.0805948 0.00027687 5.20452e-12 0.0244143 0.013249 5.18953e-08 0.0106791 0.000139541 9.13825e-05 1.63393e-05 0.0658333 0.772294 0.00127528 0.0194168 0.00142901 0.000214093 0.00312271 
0.000994823 1.21495e-06 0.000232868 3.76562e-07 0.0194302 0.793493 3.86933e-06 4.10693e-07 9.47729e-05 6.14875e-05 0.0147739 0.00319768 0.155211 1.10588e-06 0.00799719 7.35837e-07 0.000195563 0.0043101 
5.44255e-11 4.1815e-07 4.33796e-06 1.67447e-11 1.36322e-06 0.0329858 2.71915e-07 1.09621e-07 0.915685 0.0462753 0.00332709 3.97853e-07 4.52998e-07 4.91756e-11 0.00152646 3.27207e-11 0.000192616 7.44682e-07 
0.481853 0.00586201 0.000804925 4.11048e-08 0.00181735 0.4797 4.22369e-07 0.00364923 0.0116126 3.22263e-07 0.0065843 0.00371016 0.000963499 1.20716e-07 0.00105164 8.03226e-08 0.000723271 0.00166759 
1.018e-06 0.168638 6.23027e-07 4.21081e-10 0.0293533 7.96649e-06 2.46834e-06 9.81533e-06 3.18066e-09 3.30129e-09 1.4274e-05 0.13599 0.0113796 0.182985 0.471615 8.22832e-10 2.65739e-06 7.20768e-10 
2.41926e-07 0.00471492 6.89444e-06 3.51103e-11 0.0109914 0.0328161 1.00468e-07 0.00729707 1.31089e-05 0.00360729 0.000286804 0.0774865 0.0681016 0.000704442 0.0151248 2.96232e-05 1.35584e-05 0.778806 
0.000164023 0.000176643 2.05059e-05 4.81801e-06 0.000579853 0.000351744 4.9507e-05 0.00081174 0.000742855 0.000940466 0.000891278 0.00108633 0.000827193 8.36378e-05 0.000129616 9.41483e-06 2.69073e-05 0.993103 
0.000207233 0.00169337 0.000261654 1.2954e-05 0.00659699 0.876408 0.00309358 0.00263856 0.00199584 5.88507e-05 0.00328814 0.00128643 0.0142921 0.00420951 0.0416145 6.43953e-05 0.0118976 0.0303806 
3.5927e-06 9.68763e-07 2.49975e-07 9.47161e-12 0.0994978 1.78205e-06 9.73246e-11 0.00811533 2.21859e-07 8.17579e-08 3.24546e-06 0.0394879 0.291429 8.15037e-07 0.0456856 4.07371e-08 4.15217e-07 0.515773 
2.41926e-07 0.00471492 6.89444e-06 3.51103e-11 0.0109914 0.0328161 1.00468e-07 0.00729707 1.31089e-05 0.00360729 0.000286804 0.0774865 0.0681016 0.000704442 0.0151248 2.96232e-05 1.35584e-05 0.778806 
4.20456e-06 0.0183683 5.50565e-06 1.29359e-06 0.0571929 0.0592994 0.00665935 1.41083e-06 9.77119e-06 1.01418e-05 6.70563e-06 0.00188935 0.846657 0.00266309 0.00722513 2.52779e-06 1.92879e-06 2.21425e-06 
0.241785 0.0360132 0.000435863 4.07471e-07 0.0808911 0.0558538 0.000134504 0.0362895 0.0119745 0.000143154 0.0182362 0.179764 0.0846587 0.00612647 0.172012 0.00306143 0.0116486 0.0609714 
0.015132 0.000143516 3.9227e-05 6.42496e-07 0.208711 0.0249394 6.60191e-06 0.000208541 0.000934702 1.69637e-05 0.000477186 0.0328324 0.0280312 0.000120885 0.661163 0.0261842 6.1581e-05 0.000997207 
1.0251e-05 5.57914e-09 1.68099e-06 1.7292e-09 0.0148592 0.959087 2.70572e-06 0.00547205 9.44439e-05 0.000119782 2.44933e-06 0.00750978 0.00314804 0.000258275 0.00105534 0.00548926 1.71201e-06 0.00288757 
0.00239158 0.00608516 0.000230589 1.1154e-11 0.0242136 0.208806 6.06095e-07 3.26696e-06 2.25025e-07 8.7448e-11 0.0200291 0.380151 0.255263 0.0154733 0.0404588 6.26327e-08 3.48284e-07 0.0468939 
0.00673475 0.0121238 1.30903e-05 9.85593e-07 0.117574 0.514834 0.00148746 0.03212 0.0378092 0.00360471 0.0695405 0.0212212 0.0427673 0.00617087 0.112564 6.28967e-06 0.00317034 0.018257 
0.0113011 0.0932727 0.00018485 2.77518e-11 0.0225691 0.00883467 8.44359e-08 0.00712072 9.32819e-05 6.1318e-05 1.11555e-05 0.0560631 0.77759 0.0018728 0.0178461 0.000953134 0.000142898 0.00208262 
2.41926e-07 0.00471492 6.89444e-06 3.51103e-11 0.0109914 0.0328161 1.00468e-07 0.00729707 1.31089e-05 0.00360729 0.000286804 0.0774865 0.0681016 0.000704442 0.0151248 2.96232e-05 1.35584e-05 0.778806 
4.76086e-09 0.000151705 0.9611 1.46474e-09 7.81183e-05 0.00022882 1.50508e-08 9.4893e-05 1.1064e-08 1.14836e-08 0.000150346 0.0329102 4.465e-05 0.000164326 0.00026563 2.86224e-09 0.00463552 0.000175256 
9.05622e-09 4.9834e-05 1.36595e-07 2.78627e-09 0.0159408 0.949075 2.863e-08 2.61169e-06 0.00298301 1.24267e-06 0.0011433 0.00193853 0.00425136 0.000195392 0.0242582 5.44462e-09 0.000138194 2.21522e-05 
0.00324564 0.0110249 0.000122778 2.31469e-07 0.0841031 0.552411 0.000184198 0.0167315 0.0733817 0.0013192 0.0099519 0.0899665 0.0270703 0.0474705 0.0732327 0.00698324 0.000683918 0.002117 
0.000381692 0.00777858 1.67197e-07 3.9284e-08 0.0372312 0.895273 1.65411e-05 1.26036e-05 0.000134742 3.07987e-07 2.03638e-07 0.00165334 0.00777093 0.00748003 0.0412661 0.000355377 3.5964e-05 0.000609177 
0.0139775 0.00499152 0.00390568 2.46043e-07 0.0307448 0.0409616 2.15854e-05 0.031529 0.00808169 0.00243658 0.0590379 0.36663 0.226944 0.00201172 0.038602 0.0121505 0.00307859 0.154894 
4.67542e-06 1.85947e-06 7.05104e-10 1.65669e-10 0.00394731 0.749076 3.73442e-05 1.80685e-10 0.220267 1.29885e-09 8.58785e-10 0.00487781 0.00199451 6.19876e-06 0.0197866 2.17784e-08 2.47019e-10 2.59815e-07 
5.96567e-08 5.92183e-08 7.81173e-08 1.83542e-08 0.190983 0.142585 1.88597e-07 0.0161631 0.650097 1.43897e-07 9.51433e-08 6.08143e-05 1.7127e-05 5.43585e-05 3.88879e-05 3.58657e-08 2.73668e-08 3.1417e-08 
1.5178e-05 0.00713662 0.0662515 2.53722e-06 0.00695355 3.99638e-05 2.6071e-05 0.840761 2.85613e-05 0.000144586 0.00308265 0.000119058 0.0558955 0.000134618 0.0107022 3.05851e-05 0.00854334 0.00013281 
0.00666377 3.22293e-06 8.88308e-07 3.87373e-10 7.29265e-06 0.0838086 3.98042e-09 0.212561 1.57654e-06 1.45047e-05 2.49699e-06 0.567003 0.111002 0.0055907 0.0131144 0.000213929 3.74354e-06 8.31179e-06 
1.51017e-08 9.14583e-05 0.000217542 4.64624e-09 0.000287404 0.895899 4.7742e-08 2.12879e-05 0.000336953 2.18924e-05 5.06024e-05 0.102929 1.62337e-05 1.3645e-08 0.000113611 1.45358e-05 6.92772e-09 7.953e-09 
0.000221661 0.140581 0.000133908 8.55926e-08 7.90658e-05 0.0693832 8.79499e-07 9.33505e-08 0.762357 1.86709e-05 0.000579642 0.0105413 0.0151382 2.51367e-07 0.000242058 1.67256e-07 1.27622e-07 0.000722159 
2.331e-10 1.85132e-06 3.05232e-10 7.17162e-11 0.1273 0.0801809 6.11711e-06 7.82163e-11 5.41712e-10 5.62257e-10 3.71758e-10 9.21125e-05 1.72952e-06 0.0262381 0.762896 1.4014e-10 0.00328308 1.23985e-08 
1.11345e-05 0.000233418 3.76919e-06 8.8539e-13 0.000617322 0.00250297 5.66455e-05 0.000310063 5.13613e-05 0.000361222 3.25306e-08 0.957976 4.1028e-08 0.0230857 0.0140462 1.14075e-08 2.20851e-08 0.000744456 
0.200651 0.00166302 0.000286221 0.00010539 0.0376825 0.362667 0.000294484 0.197659 0.0140341 0.00448746 0.0052353 0.0920654 0.00180591 0.002592 0.017609 0.000762511 0.0601083 0.000292201 
2.41926e-07 0.00471492 6.89444e-06 3.51103e-11 0.0109914 0.0328161 1.00468e-07 0.00729707 1.31089e-05 0.00360729 0.000286804 0.0774865 0.0681016 0.000704442 0.0151248 2.96232e-05 1.35584e-05 0.778806 
7.68772e-08 7.63122e-08 0.000193723 2.36523e-08 4.68916e-08 0.278197 2.43037e-07 0.629705 1.78659e-07 1.85434e-07 0.000358575 5.9016e-05 0.0913663 6.94616e-08 5.79748e-05 4.62187e-08 6.18091e-05 4.04858e-08 
2.41926e-07 0.00471492 6.89444e-06 3.51103e-11 0.0109914 0.0328161 1.00468e-07 0.00729707 1.31089e-05 0.00360729 0.000286804 0.0774865 0.0681016 0.000704442 0.0151248 2.96232e-05 1.35584e-05 0.778806 
0.00520015 0.000284749 2.78883e-05 9.09166e-12 0.0130247 0.954778 0.000455103 0.00123108 5.17517e-07 9.3307e-05 1.3149e-06 0.00680527 0.00723708 0.000108709 0.00593089 0.00260965 2.1346e-06 0.00220949 
2.90253e-07 2.8812e-07 0.00406627 8.93001e-08 0.0890579 0.331649 0.000413165 0.00431945 0.0165141 0.000104291 4.62909e-07 0.00438991 0.00134355 0.000314574 0.00965727 0.00592964 5.52966e-05 0.532185 
7.7173e-10 1.96884e-05 1.01054e-09 2.37433e-10 4.70721e-10 1.08836e-07 2.43972e-09 1.99655e-05 1.79346e-09 1.86148e-09 5.94485e-05 0.999795 8.87508e-05 5.71846e-06 3.11799e-06 4.63966e-10 3.18974e-07 7.43782e-06 
0.000353575 9.86759e-06 0.00415526 2.45878e-07 0.00198943 0.940998 7.74535e-07 0.0135337 8.0411e-05 4.92056e-07 1.71068e-06 0.0154737 0.0110205 0.00190788 0.0100442 0.000424628 3.38423e-06 2.41123e-06 
0.000167358 0.00131343 0.00160255 9.62347e-09 0.156807 0.579342 0.000138921 0.0112575 0.0281708 0.000992591 0.0020156 0.0423508 0.085099 0.00121167 0.0365253 0.000688842 0.000387197 0.0519301 
2.41926e-07 0.00471492 6.89444e-06 3.51103e-11 0.0109914 0.0328161 1.00468e-07 0.00729707 1.31089e-05 0.00360729 0.000286804 0.0774865 0.0681016 0.000704442 0.0151248 2.96232e-05 1.35584e-05 0.778806 
0.000258432 0.00813864 0.00230391 2.76012e-10 0.0245394 0.123846 2.83614e-09 0.360998 0.00592033 0.0004965 0.0439222 0.237134 0.137585 0.000273425 0.0318811 1.47037e-07 0.00344525 0.0192581 
0.000218607 7.34522e-07 2.46265e-06 4.02995e-07 0.159058 0.783819 6.46674e-05 4.85282e-07 9.91541e-05 0.00151025 0.00103735 0.00471454 0.00134835 0.00244882 0.0450176 8.02174e-07 0.000657479 1.92248e-06 
2.41926e-07 0.00471492 6.89444e-06 3.51103e-11 0.0109914 0.0328161 1.00468e-07 0.00729707 1.31089e-05 0.00360729 0.000286804 0.0774865 0.0681016 0.000704442 0.0151248 2.96232e-05 1.35584e-05 0.778806 
7.84733e-07 0.000105615 0.00406799 2.41434e-07 0.00224772 0.929252 7.16385e-06 0.0020889 0.00238934 0.00171328 0.0526787 0.000405705 0.00116272 3.55973e-05 0.000350276 7.74171e-06 3.59987e-07 0.00348569 
0.00269246 0.0853249 4.92302e-06 1.14947e-08 0.045667 0.100698 1.18112e-07 6.77327e-05 0.672164 3.54337e-06 0.0269014 0.0117199 0.0270899 0.000483654 0.0255463 0.000344581 0.000533392 0.000758823 
0.000903609 0.00151849 0.00611472 3.81579e-11 0.32949 0.0395451 0.000132819 0.0473484 0.00483428 0.0001805 0.00679844 0.254356 0.153191 0.0183238 0.00998906 1.62902e-08 3.89598e-05 0.127234 
0.000903609 0.00151849 0.00611472 3.81579e-11 0.32949 0.0395451 0.000132819 0.0473484 0.00483428 0.0001805 0.00679844 0.254356 0.153191 0.0183238 0.00998906 1.62902e-08 3.89598e-05 0.127234 
0.000903609 0.00151849 0.00611472 3.81579e-11 0.32949 0.0395451 0.000132819 0.0473484 0.00483428 0.0001805 0.00679844 0.254356 0.153191 0.0183238 0.00998906 1.62902e-08 3.89598e-05 0.127234 
0.241785 0.0360132 0.000435863 4.07471e-07 0.0808911 0.0558538 0.000134504 0.0362895 0.0119745 0.000143154 0.0182362 0.179764 0.0846587 0.00612647 0.172012 0.00306143 0.0116486 0.0609714 
8.09833e-07 9.10691e-07 6.3775e-07 4.3558e-12 0.486606 0.0944065 4.47576e-11 0.0523034 0.00945385 2.09682e-06 0.00465849 0.0598041 1.37513e-06 0.00157212 0.253539 1.09809e-07 0.0376503 1.94606e-07 
0.0010662 0.000962028 0.00927657 3.41664e-06 0.169368 0.528408 0.000304056 0.057863 0.000921089 2.87781e-05 4.27877e-05 0.0302901 0.0179378 0.00707584 0.0479662 0.0151606 0.00184249 0.111482 
0.00277653 0.000163196 0.70684 1.75438e-05 0.00109167 0.287017 3.88238e-05 0.000343145 0.00028187 2.96221e-05 1.95858e-05 0.000617329 0.000107472 6.9163e-05 5.85715e-05 0.000126228 0.000310522 9.21497e-05 
0.000374159 0.0521327 5.58981e-07 2.88101e-08 0.0904929 0.774704 0.000476628 0.000307211 0.000779868 8.34291e-05 1.49344e-07 0.00717745 0.000498982 0.00130622 0.00404787 3.0794e-06 3.66368e-06 0.0676112 
2.41926e-07 0.00471492 6.89444e-06 3.51103e-11 0.0109914 0.0328161 1.00468e-07 0.00729707 1.31089e-05 0.00360729 0.000286804 0.0774865 0.0681016 0.000704442 0.0151248 2.96232e-05 1.35584e-05 0.778806 
6.10521e-05 0.128057 2.2152e-05 7.11568e-10 0.102823 0.047556 7.31165e-09 0.25417 1.4127e-05 0.0077395 3.68859e-09 0.344993 0.0342833 7.32263e-06 0.0377826 5.00056e-06 1.06098e-09 0.0424854 
5.72674e-08 0.00177817 7.49886e-08 1.76191e-08 0.00109352 0.991459 2.88036e-05 3.445e-05 0.00376683 0.000581529 8.26611e-06 0.000669105 6.93822e-05 9.73089e-05 0.000130769 1.20095e-05 9.63844e-05 0.00017454 
3.11647e-11 1.0735e-06 3.83639e-07 9.58822e-12 0.0242244 0.0162471 9.85228e-11 0.119977 0.000455946 7.51719e-11 7.85355e-07 0.0628561 0.77049 6.39228e-07 0.00574608 1.87363e-11 2.9595e-07 1.64122e-11 
0.241785 0.0360132 0.000435863 4.07471e-07 0.0808911 0.0558538 0.000134504 0.0362895 0.0119745 0.000143154 0.0182362 0.179764 0.0846587 0.00612647 0.172012 0.00306143 0.0116486 0.0609714 
0.0116321 0.00776655 0.00558452 1.04313e-07 0.0521137 0.110991 6.98137e-05 0.0113744 0.00484941 0.0058782 0.0283979 0.284768 0.24251 0.000406164 0.0301192 9.66072e-05 0.000826244 0.202617 
5.11636e-09 5.07876e-09 6.6996e-09 1.57411e-09 0.000102676 0.99982 1.61747e-08 1.71679e-09 9.52404e-06 2.9631e-05 1.87757e-05 8.13068e-06 2.39561e-06 4.62283e-09 2.85226e-06 6.46261e-06 2.34707e-09 2.69442e-09 
0.0032192 4.82511e-07 6.365e-07 1.4955e-07 0.00264992 0.798912 1.53669e-06 0.146518 1.12963e-06 0.00219188 0.0153591 0.000406895 0.000598885 4.39196e-07 0.000674917 2.92234e-07 2.22985e-07 0.0294637 
0.000215285 0.0147895 0.000247384 5.16701e-13 0.000554063 0.000757146 1.58628e-08 0.00317428 4.5465e-08 0.00428979 4.4965e-08 0.815136 3.89032e-07 0.0520329 0.0821891 1.00968e-12 7.25758e-07 0.0266138 
2.41926e-07 0.00471492 6.89444e-06 3.51103e-11 0.0109914 0.0328161 1.00468e-07 0.00729707 1.31089e-05 0.00360729 0.000286804 0.0774865 0.0681016 0.000704442 0.0151248 2.96232e-05 1.35584e-05 0.778806 
5.65932e-08 0.00203408 3.0246e-12 7.10651e-13 0.0196654 0.0227984 7.30222e-12 3.07623e-07 0.00234471 0.00275495 0.00627874 0.0204094 0.0241214 0.00015642 0.00142244 1.38868e-12 5.343e-05 0.89796 
0.000903609 0.00151849 0.00611472 3.81579e-11 0.32949 0.0395451 0.000132819 0.0473484 0.00483428 0.0001805 0.00679844 0.254356 0.153191 0.0183238 0.00998906 1.62902e-08 3.89598e-05 0.127234 
2.41926e-07 0.00471492 6.89444e-06 3.51103e-11 0.0109914 0.0328161 1.00468e-07 0.00729707 1.31089e-05 0.00360729 0.000286804 0.0774865 0.0681016 0.000704442 0.0151248 2.96232e-05 1.35584e-05 0.778806 
6.038e-06 6.05356e-10 7.9855e-10 1.87625e-10 1.06388e-05 0.239096 1.92792e-09 3.11058e-06 2.69417e-06 9.85709e-06 6.03108e-06 0.00813615 9.10234e-06 9.31264e-06 0.740634 3.66636e-10 0.0120692 8.44682e-06 
2.48957e-06 0.109753 0.004389 1.9181e-09 0.113438 1.11557e-05 5.25352e-06 0.167559 0.294177 0.0420601 0.00016154 0.00385064 0.0224633 4.09912e-06 0.225145 9.35555e-07 0.00195245 0.0150259 
0.00122102 0.00917282 0.000898058 5.68879e-13 0.115802 0.0107631 5.84546e-12 0.118573 0.00104507 0.0443356 0.0041841 0.0841442 0.127197 0.00187453 0.116333 2.06708e-06 0.307007 0.0574466 
0.0127724 0.00153773 0.0282748 1.97718e-11 0.261856 0.0447745 3.04273e-06 0.258945 0.000171243 2.68359e-05 0.0813172 0.261249 0.0373631 0.000300263 0.00649281 0.0047035 9.33424e-06 0.000204168 
7.11413e-07 0.000212639 0.0662984 6.73013e-10 0.0353872 0.712179 0.0129178 0.00683604 0.000282935 4.58525e-06 1.78315e-06 0.0170006 0.038656 0.00133842 0.00344045 2.88832e-07 1.69723e-06 0.105441 
0.00695322 0.0805948 0.00027687 5.20452e-12 0.0244143 0.013249 5.18953e-08 0.0106791 0.000139541 9.13825e-05 1.63393e-05 0.0658333 0.772294 0.00127528 0.0194168 0.00142901 0.000214093 0.00312271 
4.69256e-09 0.00509206 6.14466e-09 1.44373e-09 0.101361 0.815107 4.46518e-06 1.57458e-09 0.0116525 1.54507e-06 7.48391e-09 0.00464411 0.0043292 0.0221913 0.0355791 7.67383e-07 2.15265e-09 3.73616e-05 
1.59128e-11 0.0110545 1.39609e-06 4.89579e-12 0.00530068 0.299731 7.55096e-08 0.00539225 4.91879e-07 1.68925e-07 5.0252e-07 0.0144228 0.00989468 5.49249e-07 0.0828369 3.15801e-08 0.539204 0.03216 
0.000903609 0.00151849 0.00611472 3.81579e-11 0.32949 0.0395451 0.000132819 0.0473484 0.00483428 0.0001805 0.00679844 0.254356 0.153191 0.0183238 0.00998906 1.62902e-08 3.89598e-05 0.127234 
1.09832e-07 0.000131297 1.43819e-07 3.37912e-08 7.51317e-05 0.990877 2.90952e-05 3.46186e-05 0.00780506 6.46061e-05 1.75165e-07 0.000165037 6.96954e-05 9.92375e-08 0.000131354 0.000344466 9.68308e-05 0.000175333 
0.000903609 0.00151849 0.00611472 3.81579e-11 0.32949 0.0395451 0.000132819 0.0473484 0.00483428 0.0001805 0.00679844 0.254356 0.153191 0.0183238 0.00998906 1.62902e-08 3.89598e-05 0.127234 
3.16399e-05 0.00741435 0.000177352 2.45904e-10 0.0527648 0.384195 7.66516e-05 0.0182438 0.010905 0.0355441 0.0249892 0.0643162 0.102426 0.00441535 0.114772 2.53523e-05 0.0417357 0.137967 
2.41926e-07 0.00471492 6.89444e-06 3.51103e-11 0.0109914 0.0328161 1.00468e-07 0.00729707 1.31089e-05 0.00360729 0.000286804 0.0774865 0.0681016 0.000704442 0.0151248 2.96232e-05 1.35584e-05 0.778806 
0.00293698 0.0150343 0.000247241 3.6774e-07 0.00967273 0.890785 0.000167156 0.0128484 0.0604947 2.88309e-06 1.80563e-05 0.000595993 0.00028014 4.36152e-05 0.00138675 3.07108e-05 3.43784e-05 0.00542047 
0.00037455 2.99554e-07 3.95154e-07 9.28441e-08 0.001124 0.063441 0.000319491 1.01259e-07 7.01303e-07 3.54479e-05 0.870878 0.0626278 0.000142807 0.000325415 0.000183886 1.81426e-07 1.38434e-07 0.000545948 
0.00803729 0.0153922 0.000301183 3.54607e-06 0.000735688 0.00431779 5.90899e-05 0.0485674 0.0586585 0.00182792 0.710375 0.0763894 0.0417688 0.000429842 0.0248311 4.49796e-06 0.000237982 0.00806232 
0.0113011 0.0932727 0.00018485 2.77518e-11 0.0225691 0.00883467 8.44359e-08 0.00712072 9.32819e-05 6.1318e-05 1.11555e-05 0.0560631 0.77759 0.0018728 0.0178461 0.000953134 0.000142898 0.00208262 
1.61123e-05 0.00688254 8.9467e-06 3.74202e-11 0.0126833 0.0386522 9.49121e-07 0.00725239 4.21333e-05 0.00483084 0.000377577 0.0867826 0.0791978 0.00103401 0.0221273 3.8413e-05 1.93121e-05 0.740054 
1.11345e-05 0.000233418 3.76919e-06 8.8539e-13 0.000617322 0.00250297 5.66455e-05 0.000310063 5.13613e-05 0.000361222 3.25306e-08 0.957976 4.1028e-08 0.0230857 0.0140462 1.14075e-08 2.20851e-08 0.000744456 
0.00285053 0.136689 1.87877e-07 1.35874e-07 0.0255233 0.387507 1.13341e-06 0.000323474 0.000116467 0.00132506 1.20449e-06 0.0165892 0.00588452 0.0200421 0.381265 0.00338324 0.0168349 0.00166372 
0.00395644 0.00963307 2.30673e-06 1.95719e-07 0.223248 0.278287 0.000160908 0.0359155 0.0665094 0.0001996 0.0857453 0.007341 0.148043 0.0037094 0.069723 0.00159807 0.0607908 0.00513681 
2.41926e-07 0.00471492 6.89444e-06 3.51103e-11 0.0109914 0.0328161 1.00468e-07 0.00729707 1.31089e-05 0.00360729 0.000286804 0.0774865 0.0681016 0.000704442 0.0151248 2.96232e-05 1.35584e-05 0.778806 
3.01455e-05 7.28648e-09 9.6119e-09 2.25838e-09 0.0156086 0.956559 0.0012701 0.0196978 1.25885e-06 9.1993e-07 1.17069e-08 3.68411e-06 0.00064803 2.34823e-06 0.000974459 9.52101e-07 3.22029e-07 0.00520214 
2.41926e-07 0.00471492 6.89444e-06 3.51103e-11 0.0109914 0.0328161 1.00468e-07 0.00729707 1.31089e-05 0.00360729 0.000286804 0.0774865 0.0681016 0.000704442 0.0151248 2.96232e-05 1.35584e-05 0.778806 
3.49817e-06 4.26138e-05 6.82451e-05 3.7459e-10 0.00177837 5.80205e-05 9.02681e-10 0.00253317 2.6645e-06 2.4693e-05 2.35202e-07 0.00262592 0.018605 0.000560409 0.00980339 1.26201e-06 0.962757 0.00113588 
0.000644944 0.00444914 0.144023 9.44436e-08 0.00430668 0.0933034 0.725408 1.03004e-07 0.00713458 0.00155567 4.89571e-07 0.00381704 0.00119205 0.00108198 0.00205277 0.00276846 1.40819e-07 0.00826098 
5.52619e-08 1.71184e-05 7.23625e-08 1.7002e-08 3.37073e-08 0.938263 1.74703e-07 1.85431e-08 1.28426e-07 1.33296e-07 0.0604878 1.90871e-08 1.87829e-05 0.00114921 2.67542e-05 3.32236e-08 3.62992e-05 2.91025e-08 
4.26835e-10 6.82198e-06 5.58918e-10 1.31322e-10 4.71262e-06 0.881338 3.64468e-06 0.00564771 0.000338751 1.21499e-05 6.80737e-10 2.97815e-06 0.00643454 3.85663e-10 0.0898155 2.56614e-10 0.0163956 2.24784e-10 
4.49154e-05 3.82657e-06 4.52577e-06 4.08828e-10 0.177098 0.805857 4.20088e-09 5.35506e-07 5.28098e-05 1.0901e-05 2.11926e-09 4.5442e-06 3.45555e-06 1.6821e-06 0.0169009 1.83824e-06 8.16898e-06 7.41853e-06 
2.41926e-07 0.00471492 6.89444e-06 3.51103e-11 0.0109914 0.0328161 1.00468e-07 0.00729707 1.31089e-05 0.00360729 0.000286804 0.0774865 0.0681016 0.000704442 0.0151248 2.96232e-05 1.35584e-05 0.778806 
0.0127724 0.00153773 0.0282748 1.97718e-11 0.261856 0.0447745 3.04273e-06 0.258945 0.000171243 2.68359e-05 0.0813172 0.261249 0.0373631 0.000300263 0.00649281 0.0047035 9.33424e-06 0.000204168 
2.41926e-07 0.00471492 6.89444e-06 3.51103e-11 0.0109914 0.0328161 1.00468e-07 0.00729707 1.31089e-05 0.00360729 0.000286804 0.0774865 0.0681016 0.000704442 0.0151248 2.96232e-05 1.35584e-05 0.778806 
0.0522018 7.11338e-06 1.23107e-06 4.19141e-11 0.0113549 0.881743 4.30685e-10 3.04454e-06 6.04739e-06 2.92494e-06 4.7802e-06 8.75255e-07 3.06545e-06 1.11277e-05 9.52112e-06 9.5017e-07 6.24956e-11 0.0546497 
0.00173938 4.5787e-07 3.97341e-11 9.33578e-12 0.238223 0.0312141 1.05618e-07 1.40613e-06 1.36813e-06 9.95496e-07 2.17823e-07 0.393538 0.237886 1.96584e-06 0.00897286 1.98867e-07 2.39522e-05 0.0883959 
0.000123697 0.000634659 0.000114534 1.27412e-06 0.000148374 0.000589251 1.30921e-05 0.000271266 0.000545663 0.000269239 0.000430323 7.90126e-05 0.00027245 0.995478 0.000844952 2.48974e-06 1.89976e-06 0.000179618 
9.27477e-07 9.20661e-07 1.21448e-06 2.85351e-07 8.82965e-05 0.966324 0.000116607 7.55055e-06 5.21165e-05 0.000570247 7.42284e-05 0.000293421 0.000131062 0.000546657 0.030549 1.90037e-05 0.00122437 4.88437e-07 
2.41926e-07 0.00471492 6.89444e-06 3.51103e-11 0.0109914 0.0328161 1.00468e-07 0.00729707 1.31089e-05 0.00360729 0.000286804 0.0774865 0.0681016 0.000704442 0.0151248 2.96232e-05 1.35584e-05 0.778806 
1.56859e-05 0.000129682 2.89025e-05 4.82597e-06 0.000416643 0.00105059 0.000362532 5.26338e-06 0.000162609 3.78357e-05 2.50166e-05 0.000275632 0.00041069 1.41728e-05 9.03883e-05 0.00102307 4.38171e-05 0.995903 
0.0183865 0.00148874 0.000185572 5.85694e-05 0.0218123 0.563713 0.000812692 0.0156501 0.0157628 0.000119606 0.0231803 0.0685955 0.0221626 0.00221887 0.032269 0.192161 0.00722718 0.0141957 
0.000903609 0.00151849 0.00611472 3.81579e-11 0.32949 0.0395451 0.000132819 0.0473484 0.00483428 0.0001805 0.00679844 0.254356 0.153191 0.0183238 0.00998906 1.62902e-08 3.89598e-05 0.127234 
2.41926e-07 0.00471492 6.89444e-06 3.51103e-11 0.0109914 0.0328161 1.00468e-07 0.00729707 1.31089e-05 0.00360729 0.000286804 0.0774865 0.0681016 0.000704442 0.0151248 2.96232e-05 1.35584e-05 0.778806 
3.70674e-10 0.0129388 4.85378e-10 1.14043e-10 0.424173 0.155158 1.17184e-09 0.130206 8.61428e-10 1.43959e-05 1.16466e-05 2.53113e-05 6.05952e-06 3.71793e-06 0.277266 0.000195262 1.70042e-10 2.12796e-06 
1.18626e-05 5.8584e-08 7.72805e-08 1.81576e-08 0.000464412 0.979918 0.000914409 0.00113277 0.00142654 0.00287573 0.000809564 0.0071875 0.00102105 0.00107722 0.00138539 0.000283888 0.000549622 0.000941768 
0.00228563 9.69826e-05 7.7013e-06 1.01791e-09 0.0358666 0.945679 1.04595e-08 0.000232604 0.000566815 7.98046e-09 0.000624965 0.00340131 0.00613307 0.00281271 4.90864e-05 1.88025e-06 1.51775e-09 0.00224121 
5.09799e-05 0.00136986 0.000612331 4.71875e-09 0.116132 0.768599 1.32782e-05 0.0316691 0.00259048 0.0102023 0.00717921 0.00788476 0.00783217 0.00180397 0.030143 5.27604e-05 0.000275492 0.013589 
1.18779e-05 0.0425733 9.87789e-07 3.11798e-07 0.0154307 0.0407142 1.15711e-06 0.210009 1.50918e-05 0.00260991 0.0158757 0.398768 0.11093 0.00645594 0.133256 3.59233e-07 0.0158708 0.00747755 
2.41926e-07 0.00471492 6.89444e-06 3.51103e-11 0.0109914 0.0328161 1.00468e-07 0.00729707 1.31089e-05 0.00360729 0.000286804 0.0774865 0.0681016 0.000704442 0.0151248 2.96232e-05 1.35584e-05 0.778806 
0.0127724 0.00153773 0.0282748 1.97718e-11 0.261856 0.0447745 3.04273e-06 0.258945 0.000171243 2.68359e-05 0.0813172 0.261249 0.0373631 0.000300263 0.00649281 0.0047035 9.33424e-06 0.000204168 
2.41926e-07 0.00471492 6.89444e-06 3.51103e-11 0.0109914 0.0328161 1.00468e-07 0.00729707 1.31089e-05 0.00360729 0.000286804 0.0774865 0.0681016 0.000704442 0.0151248 2.96232e-05 1.35584e-05 0.778806 
8.83299e-05 4.68727e-06 0.00530113 5.35068e-10 0.0429762 0.300251 5.49804e-09 0.0312399 3.26606e-05 0.381273 8.29841e-05 0.101901 0.13658 3.08996e-06 1.35552e-05 3.29552e-06 0.000227533 2.10303e-05 
2.41926e-07 0.00471492 6.89444e-06 3.51103e-11 0.0109914 0.0328161 1.00468e-07 0.00729707 1.31089e-05 0.00360729 0.000286804 0.0774865 0.0681016 0.000704442 0.0151248 2.96232e-05 1.35584e-05 0.778806 
0.000903609 0.00151849 0.00611472 3.81579e-11 0.32949 0.0395451 0.000132819 0.0473484 0.00483428 0.0001805 0.00679844 0.254356 0.153191 0.0183238 0.00998906 1.62902e-08 3.89598e-05 0.127234 
9.56339e-05 7.59743e-05 1.9372e-07 4.55159e-08 0.419986 0.0855504 0.000818588 0.102217 0.000137207 0.222777 0.167071 1.3224e-06 4.90446e-05 1.73887e-05 0.000155144 4.02735e-05 6.49266e-05 0.000942459 
2.30076e-08 8.39508e-06 9.08845e-05 7.07858e-09 0.119902 0.58978 7.27353e-08 7.72016e-09 6.86215e-06 0.243569 1.45469e-05 8.01137e-06 0.0432872 2.79365e-05 4.43868e-05 1.38322e-08 1.05544e-08 0.00326045 
0.0127724 0.00153773 0.0282748 1.97718e-11 0.261856 0.0447745 3.04273e-06 0.258945 0.000171243 2.68359e-05 0.0813172 0.261249 0.0373631 0.000300263 0.00649281 0.0047035 9.33424e-06 0.000204168 
0.000152408 0.00654082 0.00222247 2.50011e-07 0.0857296 0.69094 1.29076e-05 0.0503938 0.00849374 0.00849447 0.0112922 0.00249971 0.0662547 0.00932359 0.00780751 2.9531e-05 0.000192406 0.0496202 
0.74155 1.10941e-05 8.81552e-10 2.07126e-10 0.0612614 1.48325e-05 2.5329e-05 0.00287279 1.56454e-09 1.62388e-09 1.57843e-05 5.88316e-06 1.03752e-05 4.44054e-05 0.194115 4.04744e-10 6.0995e-05 1.2622e-05 
0.00807781 5.16651e-08 0.000490772 1.60131e-08 0.00401599 0.00277543 1.64541e-07 0.0010671 1.20956e-07 1.25543e-07 8.30079e-08 0.00375718 0.961948 0.000503236 0.00198069 0.000237844 0.000253112 0.0148918 
0.000774457 0.0272655 0.00208296 1.62422e-07 0.00219852 0.013931 2.57694e-06 0.621997 0.0556834 0.000146204 0.204546 0.0584253 0.00861446 0.00015775 0.00382381 0.0003354 1.56575e-05 2.78019e-07 
1.18273e-05 1.17404e-05 1.54872e-05 3.63883e-06 7.21412e-06 0.999399 3.73904e-05 3.96864e-06 9.75276e-05 2.85285e-05 1.88627e-05 4.08507e-06 0.00010785 1.06864e-05 0.000223177 7.1106e-06 5.42563e-06 6.22861e-06 
0.000518413 0.0199853 0.0012257 2.73732e-06 0.154703 0.373757 0.0474691 0.0359441 0.071329 0.00032754 0.0226958 0.00440285 0.141501 0.0125079 0.0423771 0.00242259 0.0465639 0.0222665 
0.0113011 0.0932727 0.00018485 2.77518e-11 0.0225691 0.00883467 8.44359e-08 0.00712072 9.32819e-05 6.1318e-05 1.11555e-05 0.0560631 0.77759 0.0018728 0.0178461 0.000953134 0.000142898 0.00208262 
5.11913e-06 0.0480189 0.00535894 3.2309e-09 0.035315 0.00300678 6.97344e-06 0.0309094 6.33834e-05 0.0139947 0.152218 0.00678314 0.193246 0.173577 0.258419 8.36402e-07 0.000149539 0.078926 
0.00290363 0.802988 0.000703259 3.39059e-08 0.000480775 0.00776846 3.48397e-07 0.12109 0.00128053 2.65823e-07 0.000622986 0.00169286 0.0570897 0.00235658 0.0010217 6.62553e-08 5.05551e-08 5.8037e-08 
6.60526e-05 8.32834e-05 2.337e-08 5.49094e-09 0.000192693 0.998842 3.39094e-05 5.98863e-09 0.000394066 4.34796e-06 0.000190735 6.04165e-05 2.16881e-06 3.71052e-05 4.14429e-05 5.15139e-05 8.18722e-09 9.3989e-09 
3.08993e-07 0.000460389 0.130203 9.50657e-08 0.000980241 0.000433818 9.76838e-07 0.539696 0.0023704 7.45317e-07 4.92796e-07 0.325293 0.000444641 2.79187e-07 0.000114862 1.85767e-07 1.41747e-07 1.62725e-07 
5.67531e-06 4.6116e-10 9.78239e-07 1.42932e-10 0.0370732 0.91026 1.67652e-06 0.0136574 0.000225438 0.000289254 1.42625e-06 0.0187429 0.00785747 1.0313e-06 0.00263047 0.00205937 9.98754e-07 0.00719264 
2.41926e-07 0.00471492 6.89444e-06 3.51103e-11 0.0109914 0.0328161 1.00468e-07 0.00729707 1.31089e-05 0.00360729 0.000286804 0.0774865 0.0681016 0.000704442 0.0151248 2.96232e-05 1.35584e-05 0.778806 
3.04732e-06 1.91753e-05 3.68699e-05 1.1383e-08 0.0039785 0.974134 0.00905212 1.24147e-08 4.03949e-06 1.08156e-05 5.25072e-05 0.000914035 1.14082e-05 4.13237e-06 0.00247098 0.00247995 1.76609e-06 0.00682634 
0.000786077 2.30587e-06 3.04177e-06 7.14684e-07 0.000183881 0.00322553 0.00626789 7.79461e-07 0.3279 5.60314e-06 3.70474e-06 5.65962e-05 0.000121748 0.33068 0.330153 4.99347e-06 1.06562e-06 0.00060217 
0.0111621 7.01223e-07 9.25012e-07 2.17338e-07 4.30881e-07 0.00892214 2.23323e-06 2.37036e-07 1.64167e-06 0.340448 0.00687353 0.608707 0.00167781 0.00734078 0.0097921 0.000977228 3.24059e-07 0.00409258 
2.41926e-07 0.00471492 6.89444e-06 3.51103e-11 0.0109914 0.0328161 1.00468e-07 0.00729707 1.31089e-05 0.00360729 0.000286804 0.0774865 0.0681016 0.000704442 0.0151248 2.96232e-05 1.35584e-05 0.778806 
4.75546e-08 0.000736447 0.0050128 1.46308e-08 0.987466 0.0020487 1.50337e-07 0.0018191 0.000707405 0.000688348 0.000864676 1.6425e-08 0.000310796 0.000150429 0.000195445 2.85899e-08 2.18151e-08 2.50436e-08 
2.41926e-07 0.00471492 6.89444e-06 3.51103e-11 0.0109914 0.0328161 1.00468e-07 0.00729707 1.31089e-05 0.00360729 0.000286804 0.0774865 0.0681016 0.000704442 0.0151248 2.96232e-05 1.35584e-05 0.778806 
4.27805e-07 4.24661e-07 0.00319362 1.3162e-07 0.00840259 0.0058835 1.35245e-06 0.000603049 0.00566794 1.0319e-06 0.00259336 0.0125007 0.952023 3.86539e-07 0.000904005 2.57197e-07 1.96251e-07 0.0082235 
2.89704e-06 6.39199e-05 0.000102363 3.34734e-13 0.00262127 8.17733e-05 1.30548e-09 0.00379974 3.99605e-06 3.70382e-05 7.73748e-08 0.00380837 0.0279074 0.000673528 0.0135725 1.89288e-06 0.945619 0.00170382 
0.0127724 0.00153773 0.0282748 1.97718e-11 0.261856 0.0447745 3.04273e-06 0.258945 0.000171243 2.68359e-05 0.0813172 0.261249 0.0373631 0.000300263 0.00649281 0.0047035 9.33424e-06 0.000204168 
1.73223e-06 0.000873138 2.82847e-07 3.27358e-12 0.0983842 0.777666 3.36374e-11 4.84134e-07 0.00211416 9.49861e-08 1.62738e-06 0.0211796 0.0394061 0.00210813 0.0572328 6.46149e-08 2.63625e-08 0.00103146 
3.20921e-07 6.23235e-07 4.45954e-10 1.0478e-10 0.00935552 0.975813 1.07666e-09 1.14277e-10 6.20905e-05 8.21477e-10 4.60691e-07 5.95574e-07 0.00177755 2.07724e-06 0.0125927 2.0475e-10 1.56231e-10 0.000395421 
1.08142e-06 2.34003e-06 1.37357e-06 3.32679e-11 0.108858 0.782005 5.13103e-07 6.1685e-07 3.34242e-06 1.14788e-06 1.72452e-10 0.0417938 0.0335566 9.77005e-11 0.0173364 0.0011161 1.72626e-06 0.0153222 
2.41926e-07 0.00471492 6.89444e-06 3.51103e-11 0.0109914 0.0328161 1.00468e-07 0.00729707 1.31089e-05 0.00360729 0.000286804 0.0774865 0.0681016 0.000704442 0.0151248 2.96232e-05 1.35584e-05 0.778806 
0.00465728 0.000295606 3.71676e-07 4.13223e-11 0.0243033 0.834175 1.37279e-06 0.00102107 0.00342238 6.82854e-07 7.19973e-05 0.036765 0.0297366 0.0102429 0.0551519 0.000147345 7.88786e-07 5.9152e-06 
2.41926e-07 0.00471492 6.89444e-06 3.51103e-11 0.0109914 0.0328161 1.00468e-07 0.00729707 1.31089e-05 0.00360729 0.000286804 0.0774865 0.0681016 0.000704442 0.0151248 2.96232e-05 1.35584e-05 0.778806 
2.31505e-07 1.66825e-07 4.51312e-09 5.27557e-12 0.0149572 0.339349 0.00321087 4.37341e-08 0.637157 1.36532e-07 0.000539539 1.5873e-07 1.80732e-07 4.80444e-08 0.000506756 1.0309e-11 2.36062e-08 0.0042786 
8.6214e-09 9.24358e-05 1.12893e-08 2.65249e-09 5.26393e-06 6.04908e-09 2.72554e-08 7.86898e-05 5.61202e-05 2.70551e-05 0.402479 4.76741e-06 0.531375 1.01345e-05 0.0658713 5.18321e-09 3.99452e-07 4.54029e-09 
9.93401e-07 8.68393e-10 1.14553e-09 2.69151e-10 0.00352008 0.994277 8.77218e-07 1.52746e-06 1.13642e-06 5.51568e-07 3.1279e-07 3.02158e-10 0.000163954 0.00109313 4.71959e-07 0.000330563 4.01314e-10 0.000609724 
1.13517e-09 6.82872e-05 1.29335e-05 3.49251e-10 0.202877 0.0300478 3.5887e-09 0.0704048 2.63809e-09 2.73814e-09 0.000177786 0.000216743 0.000233565 5.30284e-05 5.11595e-05 6.82469e-10 1.4998e-05 0.695842 
4.33437e-06 0.398025 2.61495e-06 1.49818e-10 0.0344505 0.437486 7.71256e-07 1.63397e-10 3.24797e-05 3.53547e-07 1.13394e-05 0.00356691 0.0913579 3.08427e-07 0.035062 2.92757e-10 2.23384e-10 2.56444e-10 
0.000225185 1.95852e-05 2.13423e-07 5.01452e-08 9.9415e-08 7.27276e-06 5.15262e-07 5.46902e-08 3.78775e-07 0.00177032 2.5994e-07 3.43548e-06 5.93887e-05 0.0628664 0.935038 9.79884e-08 7.09515e-06 1.62095e-06 
3.64873e-08 3.62192e-08 0.00292107 1.12258e-08 0.0602202 0.863809 5.71337e-06 0.0010888 0.00147165 0.00166409 0.000215445 0.0171794 0.0115416 0.00514039 0.0344823 1.89693e-05 0.000224239 1.69992e-05 
7.52091e-06 3.06895e-06 3.2059e-06 1.07067e-09 6.52624e-06 0.728362 3.11035e-05 0.000660132 0.00851353 0.00086288 0.251435 4.32886e-06 0.0101045 1.42009e-06 1.43301e-06 3.88889e-07 1.59641e-09 2.56838e-06 
0.00386592 0.00552344 0.000230832 1.80185e-07 0.00985974 0.0371063 1.85148e-06 0.00153302 1.36104e-06 1.41266e-06 9.34034e-07 0.00457178 0.00357379 0.00291094 0.92569 0.000810178 2.68663e-07 0.00431825 
6.87248e-06 0.00590045 1.49017e-06 9.76269e-08 0.083874 0.427301 3.72047e-05 0.000485387 0.0135304 0.000185751 2.27571e-05 0.0183319 0.0612742 0.0218863 0.276678 2.43982e-06 0.0726259 0.017856 
9.6798e-07 7.44439e-06 2.77134e-06 2.677e-10 0.0567479 0.757805 2.75073e-09 0.0360003 0.0637396 2.09878e-09 0.0164911 0.00515093 7.6834e-06 0.0175737 0.0464709 5.23111e-10 1.66409e-06 4.58225e-10 
3.64904e-07 0.000262852 0.000208786 1.12267e-07 0.745297 0.000182095 1.15359e-06 0.00012385 0.000375442 0.0158074 0.000297978 0.135592 0.000137037 3.29705e-07 0.10169 2.30211e-05 1.67395e-07 1.92169e-07 
1.31232e-11 0.0136571 0.00867259 4.03754e-12 0.129884 0.426372 4.98262e-08 0.00598887 0.117112 0.00120562 1.27733e-05 0.0658886 0.157171 0.00247439 0.0223897 6.31257e-08 9.2716e-08 0.0491697 
3.11647e-11 1.0735e-06 3.83639e-07 9.58822e-12 0.0242244 0.0162471 9.85228e-11 0.119977 0.000455946 7.51719e-11 7.85355e-07 0.0628561 0.77049 6.39228e-07 0.00574608 1.87363e-11 2.9595e-07 1.64122e-11 
0.00919234 3.22745e-07 5.91865e-05 1.00032e-07 0.0170328 0.932072 0.00029599 0.00730908 3.7256e-05 6.22101e-06 0.00310462 0.00199884 0.00670111 0.00362988 0.0136891 1.95472e-07 0.000342389 0.00452906 
2.41926e-07 0.00471492 6.89444e-06 3.51103e-11 0.0109914 0.0328161 1.00468e-07 0.00729707 1.31089e-05 0.00360729 0.000286804 0.0774865 0.0681016 0.000704442 0.0151248 2.96232e-05 1.35584e-05 0.778806 
5.99578e-11 5.65473e-07 7.85116e-11 1.84468e-11 3.04279e-06 0.956711 1.89548e-10 2.01188e-11 0.000184444 1.44623e-10 9.56235e-11 5.40526e-07 0.00532997 1.88532e-06 0.0377687 3.60468e-11 2.75049e-11 7.89708e-08 
4.35563e-05 9.10485e-05 0.000416144 7.04301e-12 0.0066551 0.000990048 7.23698e-11 0.227124 3.82426e-05 5.52761e-09 5.96674e-07 0.0368118 0.725036 1.34288e-07 5.29143e-07 0.00025508 7.51911e-05 0.0024625 
2.59304e-11 2.36833e-07 3.39545e-11 7.97784e-12 0.00695481 0.992527 0.000182339 3.82928e-08 4.09837e-07 2.62758e-07 4.13551e-11 0.000143033 1.47444e-07 3.32719e-07 8.21227e-07 0.00018999 1.09448e-07 1.36557e-11 
0.00356971 0.000181178 9.73809e-08 1.07082e-11 0.485088 0.0145152 0.484701 0.00101606 0.000547315 8.39526e-11 5.55086e-11 0.000164427 7.04633e-07 0.00499744 0.00236696 0.000249333 0.00260154 1.16644e-06 
3.11647e-11 1.0735e-06 3.83639e-07 9.58822e-12 0.0242244 0.0162471 9.85228e-11 0.119977 0.000455946 7.51719e-11 7.85355e-07 0.0628561 0.77049 6.39228e-07 0.00574608 1.87363e-11 2.9595e-07 1.64122e-11 
0.0127724 0.00153773 0.0282748 1.97718e-11 0.261856 0.0447745 3.04273e-06 0.258945 0.000171243 2.68359e-05 0.0813172 0.261249 0.0373631 0.000300263 0.00649281 0.0047035 9.33424e-06 0.000204168 
8.56171e-08 0.0483375 1.45089e-06 2.63412e-08 0.00046884 0.483456 3.577e-05 0.364115 1.9897e-07 7.26473e-06 0.00430464 0.00805533 0.0911088 7.73585e-08 2.50016e-06 5.14732e-08 9.64784e-05 9.4954e-06 
0.00020594 0.000181805 0.0330942 4.07031e-07 0.00674313 0.922422 0.0020086 0.00028708 0.00575664 2.94822e-05 0.0005116 0.00340375 0.00191017 0.001414 0.0156055 0.000364174 0.00335253 0.00270896 
6.08586e-11 0.0100107 7.96911e-11 1.87239e-11 0.0244925 0.811634 2.88786e-07 0.00118075 0.0376257 0.0191238 6.0187e-07 1.6564e-06 0.0185367 2.69497e-07 0.0773906 1.20778e-07 9.71582e-07 1.75957e-06 
2.41926e-07 0.00471492 6.89444e-06 3.51103e-11 0.0109914 0.0328161 1.00468e-07 0.00729707 1.31089e-05 0.00360729 0.000286804 0.0774865 0.0681016 0.000704442 0.0151248 2.96232e-05 1.35584e-05 0.778806 
0.108057 0.00411746 0.000207569 0.00010987 0.170279 0.385869 0.0892367 0.0106246 0.000699313 0.00318903 0.00018396 0.0685151 0.087989 0.00342891 0.0103411 0.00251737 0.0032787 0.0513556 
8.90877e-06 1.36911e-05 5.11301e-05 6.44135e-08 0.000904649 2.79077e-05 6.61875e-07 0.000944139 1.22622e-06 1.03209e-05 0.0219682 9.22026e-06 0.00127942 0.0086532 0.30981 5.58688e-07 0.656306 1.02231e-05 
7.45467e-05 0.0740358 4.62645e-08 1.08701e-08 0.0855983 0.169665 1.11695e-07 1.18554e-08 0.000299628 0.00577979 2.33478e-05 1.20565e-05 3.70505e-05 0.000521517 0.625497 2.12413e-08 0.0121653 0.0262907 
