0.0324356 0.0708304 0.00340897 0.223208 0.0309327 0.00611983 5.67886e-05 0.154405 0.00029408 0.000970009 0.0443944 0.0264322 0.20182 0.00255398 0.162853 0.0324854 0.00156126 0.00523929 
0.000579501 0.00713297 1.40973e-05 0.842954 0.0125977 0.00174698 9.84201e-07 0.0501949 0.000148135 0.000563008 7.46672e-07 0.000153065 0.0648195 0.00368614 0.0121269 0.000650821 0.00255709 7.37635e-05 
0.0121047 0.0142344 4.92738e-05 0.805844 0.0292664 0.00571549 4.89184e-07 0.00763188 3.32333e-05 0.0188859 0.000172864 0.0210082 0.0493848 0.00603948 0.0136247 5.1564e-05 0.00134589 0.014606 
1.64271e-08 0.0436008 2.45596e-05 0.801392 0.00106152 0.00451159 2.30082e-09 0.0340027 1.24124e-05 0.00825082 0.000751056 0.00377649 0.0307227 0.0256872 0.043609 7.00025e-07 0.00245775 0.000138417 
0.0333869 0.0430611 0.00607886 0.491409 0.0173115 0.0155332 0.000988349 0.0597146 0.00180166 0.00124962 0.00660753 0.0934311 0.057507 0.0131333 0.0407167 0.0113081 0.00949674 0.0972645 
1.24368e-06 0.00358055 0.0241904 0.350465 0.00725067 4.4729e-07 2.12714e-10 0.197654 1.56368e-10 0.000226577 1.76186e-07 4.12291e-07 0.32616 3.82141e-07 0.00879178 0.000433315 1.31904e-07 0.0812447 
0.00493235 2.16481e-05 4.18422e-05 0.86302 0.0109146 0.000359119 5.20816e-07 0.0111721 5.03577e-05 9.95066e-06 2.53926e-09 0.000335097 0.0821928 0.0104363 0.0107708 3.07577e-06 0.00235022 0.00338878 
1.64271e-08 0.0436008 2.45596e-05 0.801392 0.00106152 0.00451159 2.30082e-09 0.0340027 1.24124e-05 0.00825082 0.000751056 0.00377649 0.0307227 0.0256872 0.043609 7.00025e-07 0.00245775 0.000138417 
9.29109e-05 0.000115386 8.79687e-05 0.51659 0.100003 0.114423 0.000120427 0.0151431 0.00760926 0.00234008 0.000403336 0.0035492 0.182198 0.00321945 0.0434158 1.4383e-05 0.000120201 0.0105537 
0.0994986 0.00790868 0.00175485 0.272725 0.0283551 0.00775603 0.00267825 0.0707939 0.00121782 0.00190238 0.00533655 0.115802 0.203571 0.00777828 0.0531656 0.0359392 0.00758536 0.0762311 
0.00319169 0.00137366 0.0252396 0.625156 0.0336033 0.000116758 0.00012197 0.0421556 7.23048e-05 0.000658961 0.000377309 0.0114742 0.0621122 0.0019578 0.0455904 9.65556e-06 0.0584563 0.0883323 
0.0178506 0.000160521 6.49655e-05 0.873171 0.00789751 0.000725274 7.88433e-07 0.0056521 0.000222217 0.000221606 0.000293421 0.0035822 0.0506251 0.00783343 0.00990958 3.5003e-05 0.0019438 0.0198109 
1.44495e-09 0.0107039 1.89208e-09 0.667031 0.0472093 0.0983801 4.568e-09 0.0306039 0.000169901 4.01436e-06 9.81452e-06 0.00147236 0.14313 0.000136622 0.00114385 8.68706e-10 6.62852e-10 5.48842e-06 
0.163272 0.00116842 0.0155319 0.283832 0.0171587 0.00344194 5.44247e-06 0.199925 0.000413584 0.00120851 0.00868228 0.0787357 0.134866 0.0109879 0.0315356 0.0108137 0.0194408 0.0189806 
0.0313326 0.000370096 0.00228723 0.372638 0.106071 0.00849849 6.71413e-06 0.0168511 0.000770071 0.00197067 0.00707091 0.0118846 0.151792 0.00358178 0.0422898 3.22875e-05 0.0263631 0.21619 
0.00163824 0.136301 0.000213309 0.238919 0.131408 0.0116186 9.8094e-07 0.0820183 0.00132999 0.00110461 0.018232 0.216016 0.0732641 0.00495697 0.0778417 0.000355479 0.000389518 0.00439184 
0.20235 0.00697725 0.000106104 0.449944 0.00404897 8.19975e-05 2.52064e-07 0.252874 1.82341e-06 1.16844e-05 2.64292e-05 0.00912726 0.0645044 0.000572351 0.00683852 0.000171829 0.00015953 0.00220314 
0.00196355 0.0168225 0.00278894 0.511004 0.0606397 0.00216088 0.000160325 0.0713349 9.72831e-06 3.26271e-05 0.000530378 0.200929 0.0549726 0.00370611 0.0500826 0.000171082 0.00595962 0.0167314 
7.08943e-07 1.88804e-06 1.25855e-07 0.407385 0.0709846 0.0318767 1.7428e-10 0.0536607 0.000992388 0.00368908 9.69071e-07 0.0274103 0.115863 0.00305665 0.281568 2.30255e-05 9.80956e-06 0.00347701 
3.40272e-05 0.0758583 0.00272597 0.300112 0.154911 0.0397528 5.4305e-05 0.0416396 0.0388426 0.00230454 0.00810352 0.0455796 0.247414 0.00227701 0.0283607 0.000321129 0.00505936 0.00664927 
0.0130812 0.0121455 0.00452994 0.6797 0.0348913 0.00081335 9.45207e-08 0.0941305 1.95593e-09 1.27767e-05 0.000602086 0.00641403 0.13618 0.000892774 0.0155766 9.0732e-06 0.000374732 0.000645716 
0.00333758 0.0019056 0.0279757 0.46791 0.0153952 1.31382e-07 2.86853e-08 0.256481 0.000295419 2.66857e-08 0.000107827 0.00106788 0.11186 4.61663e-05 0.0135216 1.69161e-07 3.36884e-05 0.100063 
0.181737 1.91286e-07 5.71931e-07 0.316597 0.00632592 4.9019e-06 2.789e-06 0.177561 0.000102715 0.000852274 4.77474e-05 0.193763 0.0784687 0.000258338 0.000570366 2.10511e-05 7.54099e-05 0.0436107 
0.0140719 0.00684786 0.00510031 0.373322 0.117913 0.0192612 4.56335e-05 0.0253089 0.000711207 0.000339897 0.00392832 0.0218755 0.258519 0.00435731 0.0472953 0.000186788 0.0219579 0.0789583 
0.27885 0.000291119 0.00057471 0.359815 0.0728502 0.000784301 2.34925e-06 0.0253955 0.000156518 0.000204562 0.00531011 0.0354923 0.0435641 0.04337 0.0256941 0.00780189 0.0156411 0.0842018 
1.5558e-07 0.112353 0.0313206 0.305859 0.0130061 0.000970112 1.93696e-10 0.0493017 0.000191403 9.07675e-05 8.04916e-07 0.0116632 0.0756032 0.0189492 0.259046 5.11218e-06 0.0195194 0.10212 
0.00818309 0.0041152 0.0330517 0.609708 0.0296699 0.00729793 6.85543e-05 0.0705532 0.000449907 7.54617e-05 0.000194932 0.0113964 0.0900286 0.00139894 0.0115279 0.000147017 0.00985452 0.112279 
0.0303525 0.000240773 0.00222987 0.446103 0.0213476 0.000675927 1.39955e-06 0.0416414 5.51625e-05 0.00177923 0.00129327 0.0576552 0.329583 0.000994114 0.0147172 0.000106087 0.00852702 0.0426977 
0.0174369 0.000609202 0.000238307 0.308378 0.0541431 0.0190675 1.45442e-06 0.0485283 0.00349594 0.01185 0.00524149 0.0467866 0.13273 0.0148114 0.0243567 0.00752309 0.0342901 0.270512 
0.0012974 0.129428 0.00526902 0.193228 0.0871405 0.0705993 8.28527e-06 0.117319 0.00491362 0.00451371 0.0114854 0.0613927 0.0851268 0.0145353 0.156612 0.0345809 0.000356478 0.0221938 
0.0343324 0.00866572 0.00221354 0.6548 0.047183 0.00267245 1.00855e-05 0.0289283 0.000234824 0.000893776 0.000266686 0.0150114 0.165108 0.00121838 0.00961152 0.0162911 0.00414976 0.00840881 
0.0088148 0.00749284 0.144551 0.282538 0.0141177 0.0944354 2.64675e-07 0.216468 0.000270052 0.00203156 0.0134154 0.0565393 0.0532705 0.000993937 0.0110416 3.71524e-05 0.00139026 0.0925916 
0.00132102 6.15869e-05 1.62481e-07 0.753604 0.0365796 0.00241148 6.23552e-06 0.00360427 2.65723e-05 0.000116252 4.63432e-08 0.0111244 0.0731 0.00102577 0.0109386 1.94656e-05 0.00810282 0.0979579 
0.0105249 0.00115946 6.66369e-05 0.861029 0.016244 0.000658221 4.24966e-07 0.00642544 0.000164877 0.000132704 0.00116424 0.00256409 0.0660499 0.00495708 0.00849116 1.87594e-05 0.00157363 0.0187754 
0.189943 0.000284033 0.000652681 0.434377 0.00668507 0.000848103 1.20824e-05 0.0110102 8.44905e-13 0.00114367 0.000156807 0.0119808 0.0975455 0.000742212 0.0032822 2.32398e-05 0.00135282 0.23996 
0.00191162 0.000247853 0.0170262 0.399807 0.0185503 0.000174041 2.12974e-06 0.0122846 6.29015e-06 4.33205e-07 0.00035359 0.0813305 0.261201 0.00108671 0.0262943 2.87402e-09 0.0637132 0.11601 
0.00121603 0.00716057 0.00933378 0.304149 0.139105 0.00528482 0.00106466 0.064217 4.13699e-06 2.22415e-05 0.000558658 0.0340806 0.27155 0.00113339 0.037877 3.9863e-05 0.000855621 0.122348 
0.00696006 0.00827942 0.000591991 0.372535 0.134383 0.0253991 1.14667e-05 0.0074802 0.00131111 0.00129305 0.000127805 0.0361063 0.273406 0.00156069 0.0388217 0.00445649 0.0086366 0.0786398 
0.133601 0.00428164 0.0186249 0.333593 0.127956 0.0143469 5.44324e-07 0.0866827 0.00264207 4.45054e-05 0.000472449 0.0149385 0.162853 4.67731e-05 0.0355228 0.000182209 0.00181249 0.0623985 
1.64271e-08 0.0436008 2.45596e-05 0.801392 0.00106152 0.00451159 2.30082e-09 0.0340027 1.24124e-05 0.00825082 0.000751056 0.00377649 0.0307227 0.0256872 0.043609 7.00025e-07 0.00245775 0.000138417 
1.64271e-08 0.0436008 2.45596e-05 0.801392 0.00106152 0.00451159 2.30082e-09 0.0340027 1.24124e-05 0.00825082 0.000751056 0.00377649 0.0307227 0.0256872 0.043609 7.00025e-07 0.00245775 0.000138417 
0.0287017 0.00118135 0.000716531 0.364076 0.0818027 0.0350295 2.04134e-06 0.0203875 0.00127295 0.000467715 0.00474763 0.00716852 0.307962 0.0441087 0.0666572 0.000693648 0.0274602 0.00756433 
0.0241803 0.00449786 0.00796068 0.202486 0.125513 0.00522304 6.46523e-05 0.0942724 0.000164397 0.000308699 0.0267576 0.161102 0.188415 0.0232473 0.0573461 0.00246015 0.00976037 0.0662418 
0.164696 0.028732 0.0018103 0.439945 0.029966 0.00306843 5.57997e-06 0.0545168 0.000239645 0.00245578 0.0197431 0.0171803 0.164105 0.00123854 0.0480639 0.00524575 0.0150705 0.00391721 
0.0347869 5.54507e-06 0.0013067 0.408899 0.0209007 0.0183779 6.3014e-06 0.0211389 6.68955e-05 0.00526121 0.000383136 0.0616383 0.141517 0.0419448 0.0832212 0.00182355 0.0872293 0.0714926 
0.022965 0.116663 2.1389e-05 0.390129 0.0873337 0.000347712 9.84348e-08 0.0574884 2.75548e-05 0.00027067 0.00214732 0.00400544 0.218105 0.0582017 0.0318588 2.41976e-06 5.75187e-05 0.0103749 
0.0299893 0.00171588 0.00941007 0.430962 0.0277108 0.00270287 6.82101e-06 0.0903236 0.000205811 2.96319e-05 0.00458774 0.0126912 0.232322 0.00201597 0.0578792 0.000100447 0.000375269 0.096971 
0.159518 0.0403716 0.00303252 0.214064 0.0953142 0.00436721 1.5599e-05 0.0227671 3.4978e-05 0.000547739 0.0529177 0.0334654 0.0500758 0.00683129 0.175582 0.00116247 0.0847565 0.0551758 
1.64271e-08 0.0436008 2.45596e-05 0.801392 0.00106152 0.00451159 2.30082e-09 0.0340027 1.24124e-05 0.00825082 0.000751056 0.00377649 0.0307227 0.0256872 0.043609 7.00025e-07 0.00245775 0.000138417 
0.0178506 0.000160521 6.49655e-05 0.873171 0.00789751 0.000725274 7.88433e-07 0.0056521 0.000222217 0.000221606 0.000293421 0.0035822 0.0506251 0.00783343 0.00990958 3.5003e-05 0.0019438 0.0198109 
0.113199 0.000182201 2.98665e-05 0.433362 0.0628442 0.00390098 2.36819e-06 0.0113618 8.13374e-05 1.70578e-07 9.89074e-08 0.0230779 0.341837 0.000336088 0.00648037 2.24496e-09 0.000160839 0.00314334 
0.0105249 0.00115946 6.66369e-05 0.861029 0.016244 0.000658221 4.24966e-07 0.00642544 0.000164877 0.000132704 0.00116424 0.00256409 0.0660499 0.00495708 0.00849116 1.87594e-05 0.00157363 0.0187754 
0.00405523 0.00150546 0.0360558 0.513055 0.0820077 0.00232141 0.000655923 0.0420672 0.000139755 0.0005841 0.000254844 0.0305246 0.096291 0.00676239 0.0140672 1.73709e-05 0.0240063 0.145629 
0.0270858 0.0339738 0.00111248 0.478896 0.0145002 0.000743349 2.8878e-06 0.0694945 6.5182e-05 8.51027e-05 0.00236261 0.0162819 0.200005 0.00124424 0.0362817 4.72936e-05 0.0426971 0.07512 
0.00493235 2.16481e-05 4.18422e-05 0.86302 0.0109146 0.000359119 5.20816e-07 0.0111721 5.03577e-05 9.95066e-06 2.53926e-09 0.000335097 0.0821928 0.0104363 0.0107708 3.07577e-06 0.00235022 0.00338878 
0.00191438 1.01255e-06 8.02034e-06 0.489666 0.00784822 0.000114885 1.12607e-09 0.039825 6.98864e-05 0.00103608 0.000489267 0.180685 0.225428 8.31354e-05 0.0212063 0.0130666 0.00194142 0.0166168 
0.0157068 0.000504744 1.34791e-05 0.642163 0.004004 0.0392043 0.00174898 0.00124847 7.14576e-05 0.000225665 0.000960299 0.0047 0.177774 0.02643 0.0209074 1.74331e-05 0.0372205 0.0270993 
0.0106624 0.000823258 0.002157 0.499752 0.0245948 0.00916236 1.18483e-05 0.0152292 0.0125109 0.00386108 0.00223854 0.0534882 0.171947 0.0147519 0.0337277 7.27321e-05 0.04798 0.0970289 
0.00570255 0.000759285 0.00175446 0.600602 0.0884284 0.0386397 3.44161e-05 0.026726 7.38727e-05 0.0007331 7.32866e-05 0.0287408 0.0682591 0.01747 0.0312821 0.0104474 0.00403423 0.0762396 
0.0647724 0.00136711 0.000113628 0.769546 0.00591812 0.000292379 4.29527e-07 0.000986201 1.22865e-08 3.20966e-05 3.97901e-07 0.00438855 0.139499 0.000850497 0.00811448 1.1411e-05 0.00238809 0.00171934 
0.2095 0.000191381 0.00099977 0.495687 0.0118694 0.000892634 4.85275e-06 0.026391 1.97118e-05 0.000317397 0.00151367 0.04351 0.0697248 0.0320593 0.0233265 0.00868736 0.0526638 0.0226415 
0.130598 0.00254913 0.035955 0.343573 0.0104921 0.00256558 1.17379e-05 0.101804 0.000271817 0.000244402 0.00020505 0.019095 0.12304 0.00119616 0.0313437 6.9077e-05 0.00748232 0.189504 
0.0119426 0.0106117 0.116575 0.387451 0.00795192 0.00377922 2.79203e-06 0.249324 1.36807e-05 0.000191003 0.00398856 0.00819189 0.0630483 0.00175697 0.0289748 0.00550998 0.0255834 0.0751024 
0.0191058 0.00706969 0.000410576 0.695088 0.00452974 0.000860493 3.72258e-06 0.0643303 0.00117018 5.5083e-05 0.00781704 0.0864737 0.0761831 0.000379799 0.00647258 0.000924877 0.00174857 0.0273765 
0.000822676 7.10657e-05 1.4481e-05 0.816192 0.0168156 0.00256891 2.0786e-07 0.00318184 0.000407961 3.10852e-08 1.68867e-08 0.000617705 0.127245 0.00537607 0.0223878 8.76884e-06 0.00371172 0.000577785 
0.0512551 0.0214846 0.00345609 0.375153 0.0328361 0.00925545 0.000335169 0.0324404 0.000566113 0.000605564 0.00267205 0.11381 0.156753 0.00744488 0.0780816 0.00877468 0.00587742 0.0991984 
0.0105249 0.00115946 6.66369e-05 0.861029 0.016244 0.000658221 4.24966e-07 0.00642544 0.000164877 0.000132704 0.00116424 0.00256409 0.0660499 0.00495708 0.00849116 1.87594e-05 0.00157363 0.0187754 
0.0490316 0.00283014 0.000475622 0.360787 0.0664513 0.00258433 2.90921e-07 0.0960148 0.000183663 0.000920303 0.000735608 0.0059764 0.0815948 0.180845 0.0141105 3.94508e-05 0.00126564 0.136154 
1.64271e-08 0.0436008 2.45596e-05 0.801392 0.00106152 0.00451159 2.30082e-09 0.0340027 1.24124e-05 0.00825082 0.000751056 0.00377649 0.0307227 0.0256872 0.043609 7.00025e-07 0.00245775 0.000138417 
0.0473479 0.0152796 0.00395994 0.45365 0.0472083 0.015934 3.68397e-06 0.103356 0.00338 0.000177273 0.00791716 0.0303408 0.152467 0.00773989 0.0740493 7.8616e-05 0.0123898 0.0247209 
0.0105249 0.00115946 6.66369e-05 0.861029 0.016244 0.000658221 4.24966e-07 0.00642544 0.000164877 0.000132704 0.00116424 0.00256409 0.0660499 0.00495708 0.00849116 1.87594e-05 0.00157363 0.0187754 
0.0178506 0.000160521 6.49655e-05 0.873171 0.00789751 0.000725274 7.88433e-07 0.0056521 0.000222217 0.000221606 0.000293421 0.0035822 0.0506251 0.00783343 0.00990958 3.5003e-05 0.0019438 0.0198109 
0.0386716 0.00097576 0.00203486 0.711343 0.0189202 0.000769233 1.13014e-05 0.0394318 4.9344e-05 4.86174e-05 6.25344e-05 0.00378801 0.0773755 0.000302822 0.0212539 3.43454e-05 0.00527585 0.0796518 
0.0471174 0.0117254 0.00150984 0.468101 0.0075076 0.00378006 5.25001e-05 0.0922901 4.1676e-05 0.000230447 0.00876581 0.0383089 0.233829 0.000921435 0.00759768 0.00939214 0.00149285 0.0673361 
1.64271e-08 0.0436008 2.45596e-05 0.801392 0.00106152 0.00451159 2.30082e-09 0.0340027 1.24124e-05 0.00825082 0.000751056 0.00377649 0.0307227 0.0256872 0.043609 7.00025e-07 0.00245775 0.000138417 
0.00288047 0.00162319 0.0239993 0.385839 0.0517077 0.00119755 2.04837e-06 0.155321 0.000245139 1.66114e-05 0.000877347 0.0157113 0.252615 0.00274088 0.0423736 9.02639e-05 0.00135986 0.0614006 
0.0243777 0.0110456 0.00986884 0.334286 0.0252895 0.0135899 0.000157955 0.199667 0.00168137 0.00261759 0.0028669 0.0597967 0.145203 0.00998724 0.0393882 0.00434231 0.00637076 0.109464 
0.0105249 0.00115946 6.66369e-05 0.861029 0.016244 0.000658221 4.24966e-07 0.00642544 0.000164877 0.000132704 0.00116424 0.00256409 0.0660499 0.00495708 0.00849116 1.87594e-05 0.00157363 0.0187754 
0.00411607 2.51448e-10 7.79256e-06 0.961969 0.00180844 5.39595e-07 1.97865e-07 0.00624403 3.01051e-05 4.68392e-07 4.0399e-10 0.000162374 0.0253023 6.0705e-05 1.87787e-07 2.49993e-07 1.36739e-07 0.000297511 
0.00546527 0.00223048 0.00270682 0.339505 0.0975381 0.00192428 1.70086e-07 0.0712213 0.000987042 0.000629703 1.70207e-07 0.0191422 0.338043 0.00684462 0.0566971 1.70283e-07 0.00737391 0.0496904 
0.0830044 0.002454 0.0295792 0.214721 0.121227 0.038712 6.04649e-05 0.135928 0.0032928 0.00237939 0.00722194 0.0128081 0.102305 0.0065996 0.0497402 0.0447629 0.00267496 0.14253 
0.000590258 0.000236495 0.00453958 0.745026 0.0558849 0.0135265 2.33412e-06 0.00949979 4.19163e-05 9.15548e-05 4.36103e-05 0.00325387 0.0609181 0.00585562 0.0224997 0.000119276 0.0325952 0.0452751 
0.000662018 3.1108e-05 3.94262e-06 0.718375 0.0602341 0.0151088 3.31757e-06 0.00180344 1.35471e-05 5.87256e-05 1.12454e-06 0.00556522 0.0365541 0.000514071 0.0141304 9.84153e-06 0.00405436 0.142877 
0.0178506 0.000160521 6.49655e-05 0.873171 0.00789751 0.000725274 7.88433e-07 0.0056521 0.000222217 0.000221606 0.000293421 0.0035822 0.0506251 0.00783343 0.00990958 3.5003e-05 0.0019438 0.0198109 
0.0364849 3.89476e-05 0.00142681 0.756344 0.0467478 0.00207387 2.79459e-06 0.0172929 6.48738e-05 0.000195385 0.00158422 0.0128453 0.0535936 0.0092177 0.0112388 0.00254854 0.0117552 0.0365439 
0.000369739 0.000788395 4.03198e-08 0.734113 0.0105506 0.0574375 0.00170866 0.00535345 5.08929e-05 5.6557e-07 0.0014405 0.00371025 0.0623807 0.0322298 0.0321671 2.61569e-05 0.0532062 0.00446622 
0.306791 0.0254484 0.000379772 0.363742 0.0120376 5.96781e-05 1.37264e-06 0.0118359 2.72456e-05 0.000225657 5.8281e-05 0.0845066 0.130889 0.00472262 0.056128 0.000228836 6.94775e-05 0.0028486 
0.0109448 2.04572e-07 0.00605469 0.290296 0.0330852 0.00534025 2.04371e-07 0.0205249 0.00145179 2.06485e-05 2.04517e-07 0.0229804 0.0590821 0.0220335 0.174479 2.04608e-07 0.252892 0.100814 
0.0281493 0.0133198 0.00202929 0.406117 0.0386558 0.00320274 1.73323e-05 0.0169484 0.0116891 0.000129296 0.00917211 0.0377446 0.276074 0.0131913 0.0653293 0.00015435 0.00543733 0.0726392 
0.0665792 1.68184e-05 0.00149469 0.334289 0.105738 0.138353 2.39658e-06 0.00398675 0.00121548 0.00192012 4.42286e-05 0.00787044 0.0847246 0.0337661 0.120863 4.69851e-06 0.0108177 0.0883136 
0.0105249 0.00115946 6.66369e-05 0.861029 0.016244 0.000658221 4.24966e-07 0.00642544 0.000164877 0.000132704 0.00116424 0.00256409 0.0660499 0.00495708 0.00849116 1.87594e-05 0.00157363 0.0187754 
0.0201705 0.00767829 1.83309e-05 0.743228 0.0139854 0.000939992 6.50751e-10 0.0146935 8.5943e-05 0.000222328 0.000868589 0.0139578 0.156633 0.0227773 0.00377393 0.000116621 0.000384573 0.000465228 
0.238862 0.000566676 0.00180358 0.270551 0.0338451 0.00413104 8.52236e-06 0.0189584 0.000261292 0.00269691 0.0112331 0.014551 0.146546 0.00998186 0.00202919 0.000263739 0.00187781 0.241833 
0.0469199 0.000124424 0.000113515 0.780429 0.00841949 0.000283826 4.2382e-07 0.00181954 3.59628e-06 0.000178671 3.84732e-07 0.00572281 0.144104 0.000612519 0.00267596 1.76746e-05 0.00238781 0.00618691 
0.0140229 0.000824599 9.63659e-06 0.675963 0.00918651 0.0335439 0.00124947 0.00518133 5.10564e-05 0.000161227 0.000686047 0.0056295 0.171819 0.0188788 0.0168378 1.24588e-05 0.0265863 0.0193568 
0.00730233 0.192298 0.0092123 0.201802 0.0583781 0.0351593 4.78539e-05 0.109965 0.00254906 0.00041446 0.0110905 0.150334 0.114149 0.00413132 0.0832039 0.000110918 0.00285306 0.017 
1.64271e-08 0.0436008 2.45596e-05 0.801392 0.00106152 0.00451159 2.30082e-09 0.0340027 1.24124e-05 0.00825082 0.000751056 0.00377649 0.0307227 0.0256872 0.043609 7.00025e-07 0.00245775 0.000138417 
0.0226612 0.00606067 0.0553275 0.294408 0.0791354 0.0247621 5.48877e-05 0.0367968 0.00025143 1.09782e-05 2.8133e-05 0.0578284 0.212134 0.00980438 0.0404333 7.70985e-05 0.126616 0.0336098 
0.00249172 0.00285763 0.00241888 0.712388 0.0105709 0.0318964 2.30679e-06 0.0306016 0.00432231 0.000214305 0.000506542 0.0133079 0.0414944 0.00426903 0.0302557 0.000300669 0.00155976 0.110542 
0.109719 4.11363e-05 9.75412e-07 0.462811 0.0589684 1.32466e-06 9.88999e-08 0.00682787 2.55301e-06 0.00255433 0.00263842 0.0162229 0.00900552 0.154333 0.105251 0.071548 5.67066e-05 1.72308e-05 
1.64271e-08 0.0436008 2.45596e-05 0.801392 0.00106152 0.00451159 2.30082e-09 0.0340027 1.24124e-05 0.00825082 0.000751056 0.00377649 0.0307227 0.0256872 0.043609 7.00025e-07 0.00245775 0.000138417 
0.0980283 0.036599 0.000234515 0.501763 0.012932 7.46043e-05 1.38856e-07 0.141902 7.14783e-08 8.68821e-08 0.00024429 0.036429 0.146476 2.04759e-05 0.0234391 3.56656e-06 4.77065e-05 0.00180612 
0.0178506 0.000160521 6.49655e-05 0.873171 0.00789751 0.000725274 7.88433e-07 0.0056521 0.000222217 0.000221606 0.000293421 0.0035822 0.0506251 0.00783343 0.00990958 3.5003e-05 0.0019438 0.0198109 
0.0553736 0.0115124 4.0438e-07 0.673181 0.0915968 0.000123549 3.07176e-06 0.0152879 9.24063e-12 7.83934e-05 2.7148e-08 0.00354115 0.0608348 0.040129 0.000555761 0.0473531 7.19989e-05 0.000357119 
0.0875991 3.43985e-05 4.06547e-05 0.628388 0.0138906 0.00134487 4.09517e-06 0.0048533 1.8608e-05 0.000642313 7.46945e-05 0.00420515 0.145142 0.00662016 0.0134067 8.61877e-06 0.00527704 0.0884502 
8.49057e-06 0.0435454 0.0121387 0.392501 0.332645 0.00480709 6.32935e-05 0.0134051 1.31143e-06 6.44356e-07 1.36155e-08 0.014532 0.0661657 0.00296555 0.11031 8.38468e-06 5.41639e-05 0.00684886 
0.113991 0.00294037 0.000191979 0.347028 0.0150905 0.00600025 6.28266e-06 0.0406877 0.00173263 0.00143833 0.00159585 0.0244391 0.329567 0.00555558 0.0435805 2.11448e-05 0.0191636 0.0469696 
0.0022647 0.000102931 0.000890528 0.369896 0.291419 0.00102764 4.77876e-06 0.0388234 0.000123863 1.17647e-05 1.86762e-08 0.00416497 0.194239 0.00164192 0.0698245 3.65748e-05 0.000823443 0.0247051 
0.00129804 9.77355e-06 0.00342764 0.810132 0.0299131 0.000740034 7.84161e-07 0.0270929 6.02488e-05 9.89313e-05 7.53276e-05 0.000568815 0.0822134 0.0182247 0.0206466 4.37193e-05 0.00223358 0.00322045 
0.00184712 0.0269764 0.00799765 0.309754 0.031193 0.0996269 9.02448e-06 0.0636783 0.00202472 0.00368821 0.00407649 0.0337454 0.211134 0.0408447 0.0455975 0.00734669 0.0644171 0.0460433 
0.0157068 0.000504744 1.34791e-05 0.642163 0.004004 0.0392043 0.00174898 0.00124847 7.14576e-05 0.000225665 0.000960299 0.0047 0.177774 0.02643 0.0209074 1.74331e-05 0.0372205 0.0270993 
0.0247258 0.0780974 0.00337864 0.323954 0.0311108 0.0166429 6.03422e-05 0.053275 0.00103168 0.00174594 0.0097147 0.0319158 0.225456 0.00928052 0.13308 0.00576504 0.0181976 0.0325675 
0.0303056 0.000697871 0.00294867 0.487727 0.00688772 0.00462159 0.000426521 0.0275483 5.01878e-08 3.53788e-05 2.75489e-06 0.21328 0.0596473 0.0035239 0.0816879 0.051599 0.00139749 0.0276627 
0.0381562 0.00257985 0.0001404 0.392426 0.019497 0.0144072 1.02191e-08 0.0447753 0.0443233 0.00011338 0.000538641 0.254329 0.122603 0.00096378 0.00506231 0.000168722 0.000284965 0.0596299 
0.0445267 0.00125208 1.31761e-05 0.660579 0.0145165 0.000439668 2.6192e-07 0.00384935 2.71794e-05 8.94836e-05 1.37125e-05 0.00212942 0.250291 0.0195027 0.00224046 1.48836e-05 6.74943e-05 0.000446302 
0.0723565 0.000719387 8.80878e-05 0.734384 0.0047279 0.000522638 9.13998e-07 0.0193578 1.20169e-05 9.16092e-05 0.019486 0.0204261 0.0800291 0.0140827 0.0111995 0.00367438 0.00934984 0.0094915 
1.89908e-07 0.0049568 0.0258241 0.278359 0.125722 0.0639698 0.000170939 0.0200985 0.00372015 1.89787e-07 0.00241138 0.080526 0.143149 0.0162 0.137276 0.00355211 0.017343 0.0767203 
0.00207184 0.00555742 0.0301558 0.355775 0.0238813 0.0149858 0.0578873 0.0554361 0.000326161 0.000800949 0.00202386 0.101821 0.105002 0.0101157 0.0760699 1.45636e-05 0.0164049 0.141671 
0.0720203 0.00179932 0.0613994 0.307699 0.00733308 0.00962505 2.72645e-06 0.0911982 0.000329783 0.000902241 3.56989e-07 0.0256131 0.096687 0.00621233 0.104562 3.79233e-05 0.000107919 0.21447 
0.0024142 0.00111685 0.00441481 0.488266 0.00979814 0.126404 0.000274568 0.0324505 8.74325e-05 0.000150592 0.000123283 0.14675 0.136829 0.00470788 0.015176 0.00908916 0.0108063 0.0111415 
1.55155e-05 0.00252053 9.96408e-08 0.84706 0.0630348 0.000223913 1.51286e-11 0.00201527 6.45142e-08 4.27207e-08 1.19069e-07 1.85784e-07 0.0851278 1.73824e-07 3.69893e-07 2.87704e-12 9.50579e-08 7.35388e-07 
0.0761111 0.0147284 0.003075 0.380823 0.111151 0.0153664 7.98017e-06 0.0383671 0.000531168 0.00153099 0.00636946 0.0142887 0.0714208 0.0307966 0.106957 0.00924472 0.102393 0.0168384 
1.10127e-06 8.59528e-07 0.000189516 0.81234 0.0777946 0.0216234 1.26157e-06 0.0205942 0.000391991 0.00011088 4.02528e-05 0.00527843 0.0305312 9.46714e-05 0.000532169 1.96131e-05 2.69445e-07 0.0304558 
0.000896367 0.000414594 0.039571 0.408828 0.158971 0.000451207 4.1849e-06 0.0536381 0.000120573 0.00150552 1.65803e-07 0.00800799 0.0920967 0.00693948 0.0303365 1.45958e-09 0.0122909 0.185927 
0.0021629 0.00992843 0.000667208 0.635512 0.00587721 0.0284446 8.67095e-06 0.0976441 6.48157e-08 0.000359552 8.76695e-05 0.00197832 0.205451 0.00204152 0.00874918 0.000125105 2.9748e-06 0.000959789 
0.2095 0.000191381 0.00099977 0.495687 0.0118694 0.000892634 4.85275e-06 0.026391 1.97118e-05 0.000317397 0.00151367 0.04351 0.0697248 0.0320593 0.0233265 0.00868736 0.0526638 0.0226415 
0.000175049 0.00182696 0.00126444 0.460381 0.0304798 0.0446046 0.000198167 0.00190091 9.75998e-05 2.27231e-05 3.55765e-05 0.0154579 0.37154 0.0216072 0.0235875 3.15445e-05 0.00425703 0.0225326 
0.00129141 0.000348501 4.51953e-05 0.411272 0.223442 0.00965288 3.1815e-08 0.023408 0.000560742 0.00252394 0.000110893 0.00271343 0.248595 0.0148192 0.0211566 3.74255e-05 0.00986156 0.0301619 
0.0157068 0.000504744 1.34791e-05 0.642163 0.004004 0.0392043 0.00174898 0.00124847 7.14576e-05 0.000225665 0.000960299 0.0047 0.177774 0.02643 0.0209074 1.74331e-05 0.0372205 0.0270993 
0.00883948 7.14615e-06 0.000167063 0.875905 0.0130731 0.000383717 2.46874e-06 0.00167223 5.96826e-05 5.17542e-05 4.22457e-06 0.00047366 0.0340892 0.013021 0.0180813 1.7732e-05 0.0338422 0.000309288 
0.0553736 0.0115124 4.0438e-07 0.673181 0.0915968 0.000123549 3.07176e-06 0.0152879 9.24063e-12 7.83934e-05 2.7148e-08 0.00354115 0.0608348 0.040129 0.000555761 0.0473531 7.19989e-05 0.000357119 
3.49106e-11 0.143875 3.06899e-06 0.42995 0.015005 1.01486e-06 3.42932e-07 0.128013 1.81104e-07 1.32711e-07 4.87731e-08 0.0862678 0.140098 2.56713e-07 0.00690295 2.08433e-05 0.000136136 0.049726 
0.0191058 0.00706969 0.000410576 0.695088 0.00452974 0.000860493 3.72258e-06 0.0643303 0.00117018 5.5083e-05 0.00781704 0.0864737 0.0761831 0.000379799 0.00647258 0.000924877 0.00174857 0.0273765 
0.0200176 0.0177953 0.00436507 0.245223 0.219923 0.0450837 0.000139939 0.0627547 0.00111797 0.00372897 0.00516649 0.0580532 0.124805 0.0129588 0.111888 0.0012809 0.0156393 0.0500588 
0.000322393 5.44029e-07 2.87117e-06 0.442578 0.0130059 0.000346708 1.4946e-11 0.0261838 0.000121368 0.00054994 7.53994e-12 0.0126849 0.429385 3.95122e-06 0.00447342 2.8423e-12 4.93187e-05 0.070292 
1.64271e-08 0.0436008 2.45596e-05 0.801392 0.00106152 0.00451159 2.30082e-09 0.0340027 1.24124e-05 0.00825082 0.000751056 0.00377649 0.0307227 0.0256872 0.043609 7.00025e-07 0.00245775 0.000138417 
0.00792216 0.0274798 0.00076608 0.403041 0.0457505 0.00586367 6.40881e-06 0.0216058 0.00249765 0.000261002 0.00233701 0.00751742 0.305755 0.0174046 0.0961114 2.60711e-05 0.0025365 0.0531184 
0.00883948 7.14615e-06 0.000167063 0.875905 0.0130731 0.000383717 2.46874e-06 0.00167223 5.96826e-05 5.17542e-05 4.22457e-06 0.00047366 0.0340892 0.013021 0.0180813 1.7732e-05 0.0338422 0.000309288 
0.0283375 0.000234838 0.00307802 0.703554 0.014802 0.00264999 1.81827e-07 0.00529817 3.28018e-05 0.00163065 7.33475e-06 0.00418074 0.216282 0.00079319 0.00204902 6.81358e-05 0.00139805 0.0156031 
0.0291786 2.5818e-05 0.000128863 0.468158 0.0754875 0.000402767 4.14755e-09 0.0364937 6.21842e-05 0.00235313 6.66739e-12 0.0217276 0.17463 0.000340999 0.00736802 6.55109e-06 0.00163793 0.181998 
0.000590258 0.000236495 0.00453958 0.745026 0.0558849 0.0135265 2.33412e-06 0.00949979 4.19163e-05 9.15548e-05 4.36103e-05 0.00325387 0.0609181 0.00585562 0.0224997 0.000119276 0.0325952 0.0452751 
1.55155e-05 0.00252053 9.96408e-08 0.84706 0.0630348 0.000223913 1.51286e-11 0.00201527 6.45142e-08 4.27207e-08 1.19069e-07 1.85784e-07 0.0851278 1.73824e-07 3.69893e-07 2.87704e-12 9.50579e-08 7.35388e-07 
0.0669262 0.0119637 0.00251845 0.472221 0.0703598 0.0297444 2.71123e-05 0.0625917 0.000213183 0.000426012 0.0203216 0.00546731 0.119151 0.00102213 0.0191279 3.25125e-05 0.00230931 0.115577 
0.0220759 0.000723349 0.00194495 0.340177 0.149625 0.0261542 1.66325e-05 0.0138996 0.000504219 0.000238974 0.00218 0.13886 0.1754 0.024668 0.0338058 0.000186536 0.00149967 0.0680406 
0.0302002 0.00382231 0.00486519 0.387791 0.022171 0.00112619 1.0716e-06 0.100667 1.42113e-05 0.000125623 0.00470433 0.101336 0.258419 0.0127953 0.0267448 0.00498323 0.017659 0.0225743 
0.00225588 0.0502796 0.000143226 0.745797 0.0062543 0.0200335 4.54793e-06 0.0294331 0.00601279 9.11602e-07 0.000598992 0.0159917 0.014216 0.0077839 0.0645076 5.18066e-05 0.0316384 0.00499708 
0.00212957 0.000802998 0.140359 0.376259 0.0119438 0.00274527 1.21598e-06 0.0273622 0.00232067 0.000702631 0.000468055 0.0173122 0.109955 0.00614017 0.0128079 7.23196e-06 0.225912 0.0627715 
3.05341e-08 7.36255e-05 0.00022604 0.889414 0.0434396 0.001957 3.19946e-09 0.00290884 2.06456e-06 2.24547e-08 3.58981e-06 0.000515514 0.0484539 4.31965e-05 0.000738634 3.92926e-06 3.89672e-08 0.0122197 
1.64271e-08 0.0436008 2.45596e-05 0.801392 0.00106152 0.00451159 2.30082e-09 0.0340027 1.24124e-05 0.00825082 0.000751056 0.00377649 0.0307227 0.0256872 0.043609 7.00025e-07 0.00245775 0.000138417 
0.0304692 0.00148481 0.00460732 0.461491 0.0321913 0.0050302 7.59178e-05 0.0245847 2.8098e-05 0.000100249 0.000942001 0.0312198 0.166034 0.00178705 0.00843064 0.00017654 0.0108675 0.220479 
0.00649612 0.0159524 9.55043e-07 0.4442 0.100407 0.0140439 9.54237e-07 0.16348 9.54599e-07 9.54562e-07 9.54916e-07 0.0477736 0.188431 9.55213e-07 0.0192067 9.55344e-07 9.55406e-07 9.55377e-07 
0.0646165 4.43799e-05 9.34805e-05 0.835931 0.00943649 0.000350987 6.35009e-07 0.00260197 5.39253e-06 0.000207841 5.74817e-07 0.00362645 0.068985 0.000704623 0.00309987 2.65098e-05 0.00358167 0.00668678 
0.16921 0.00825051 0.00186404 0.352722 0.0673933 0.000229023 2.27785e-06 0.289931 6.35981e-05 1.03387e-05 0.00235014 0.0373268 0.032733 0.000960878 0.00663826 0.00529328 0.00052894 0.0244922 
0.111637 0.00752125 0.0004006 0.414948 0.0441578 0.00433681 4.0838e-06 0.091012 0.000249422 0.000294273 0.00121549 0.0566369 0.193564 0.00454055 0.0470769 0.00192366 0.000503948 0.0199776 
0.0810253 0.00260433 0.00313425 0.278162 0.0947119 0.0313074 2.03275e-05 0.131655 0.00186691 0.000712027 0.000334045 0.0929905 0.0520772 0.0494492 0.131897 0.000155588 0.0151113 0.0327867 
0.0892857 5.14268e-06 9.28153e-05 0.843608 0.011141 0.00119307 2.24794e-06 0.000807407 3.30178e-05 2.93208e-05 3.92394e-06 0.000231185 0.0223025 0.0062672 0.00864519 9.76162e-06 0.0161888 0.000153327 
0.00227394 0.0756206 0.000216312 0.220461 0.014376 0.0809546 1.40726e-07 0.013585 0.000868926 0.000123308 2.57411e-06 0.187274 0.0513733 0.00572144 0.155335 0.174655 0.00187957 0.0152783 
0.0393559 0.00300578 0.00199283 0.493197 0.00538662 0.00079844 1.93978e-06 0.18067 1.43183e-05 0.00531923 1.68981e-05 0.00830628 0.192061 8.0089e-05 0.000147271 1.26592e-05 4.44361e-06 0.0696296 
0.0459262 0.00323614 9.19964e-05 0.748161 0.0241254 0.00370493 0.000107024 0.0191939 0.000680414 0.000124471 0.00105799 0.0232474 0.092702 0.00895436 0.0149571 0.000256503 0.0100427 0.003431 
0.099792 0.00328016 0.000275025 0.256933 0.0132825 0.000892479 4.14048e-07 0.24996 0.000124696 9.14647e-06 0.200793 0.0887422 0.0662662 0.00234235 0.00550906 0.00118935 0.000843024 0.00976532 
0.0298234 7.39597e-05 0.000155772 0.874163 0.010346 0.00058496 1.05693e-06 0.00229018 5.9339e-09 4.36415e-05 9.54549e-07 0.00373708 0.0643923 0.00102881 0.00516642 2.84902e-05 0.00596939 0.00219466 
0.0126897 0.0013101 0.00159829 0.525362 0.0283862 0.00588229 4.12919e-07 0.030633 0.00400373 0.000429382 0.00143818 0.0254796 0.142376 0.00480711 0.0129383 5.26681e-05 0.000872986 0.20174 
0.0146825 0.00976899 0.00123455 0.576483 0.0127624 0.00794754 1.6418e-05 0.0346999 0.000630316 0.000535471 0.00218772 0.0237382 0.112132 0.00313791 0.034289 0.00115422 0.00740794 0.157191 
3.05341e-08 7.36255e-05 0.00022604 0.889414 0.0434396 0.001957 3.19946e-09 0.00290884 2.06456e-06 2.24547e-08 3.58981e-06 0.000515514 0.0484539 4.31965e-05 0.000738634 3.92926e-06 3.89672e-08 0.0122197 
0.0165437 0.0113147 0.0730056 0.425335 0.0163752 0.00125857 0.000274545 0.322169 0.000120543 0.000351792 0.000283244 0.0443195 0.0356218 0.00589957 0.0283694 0.000741477 0.00280767 0.0152087 
0.0274075 0.000203974 0.00280467 0.677551 0.0281983 0.00131913 1.47432e-06 0.0149253 6.00599e-06 8.80807e-05 0.00106671 0.0183897 0.134999 0.00271781 0.0144461 1.27811e-05 0.046254 0.0296081 
0.000847136 0.000361188 9.96972e-05 0.604359 0.0248481 0.00199983 3.00106e-09 0.0182072 0.00191907 0.000295259 2.72345e-08 0.110968 0.132559 5.38298e-08 0.000308136 5.0655e-05 2.14751e-07 0.103177 
0.00883948 7.14615e-06 0.000167063 0.875905 0.0130731 0.000383717 2.46874e-06 0.00167223 5.96826e-05 5.17542e-05 4.22457e-06 0.00047366 0.0340892 0.013021 0.0180813 1.7732e-05 0.0338422 0.000309288 
0.00167236 0.00616043 0.00491318 0.277071 0.0704316 0.0781618 0.000166953 0.026534 4.45537e-05 0.000170057 0.000874106 0.0393075 0.269264 0.00604674 0.0620315 7.57166e-05 0.0771123 0.0799629 
0.0650438 0.036783 0.0027825 0.350193 0.0173334 0.00313586 2.44613e-05 0.117626 0.00113524 0.186903 0.00271567 0.0340676 0.0494492 0.00261124 0.0356348 0.000731008 0.00849671 0.0853333 
0.101848 0.00020329 0.000203262 0.630597 0.000203325 0.244183 0.00020309 0.00020335 0.000203167 0.000203159 0.0205267 0.000203349 0.000203365 0.000203298 0.00020336 0.000203326 0.000203339 0.000203332 
0.011144 0.225414 1.60441e-07 0.54903 0.0241313 2.32294e-05 5.45368e-10 0.00402339 0.000144253 0.000874714 6.24141e-07 2.98803e-07 0.0229918 0.00731222 0.151482 2.78926e-08 0.00192709 0.00150019 
0.0817111 0.000340517 0.00225587 0.564788 0.0102849 0.00114818 8.25942e-06 0.00584044 0.000850807 0.000469309 0.00033383 0.00334444 0.0449532 0.000494203 0.00182688 4.47336e-05 0.00113852 0.280167 
0.0363574 0.00619648 0.00301715 0.330992 0.0740456 0.0290228 0.00222394 0.0344831 0.00219927 0.00102124 0.00571117 0.0481741 0.265563 0.00799385 0.0400388 0.000733256 0.016674 0.0955532 
0.00191689 0.00409078 0.00478001 0.573396 0.0718838 0.0060174 3.03299e-06 0.0344991 5.42492e-05 1.81504e-05 0.000262848 0.0119695 0.113025 0.01098 0.121399 1.61662e-05 0.0167824 0.0289066 
0.0316259 0.000164338 0.00330075 0.4778 0.0104567 0.00252311 7.50264e-06 0.00557123 0.00168832 0.00127997 0.000405186 0.0436264 0.0407684 6.94342e-05 0.000885415 8.55978e-05 0.000337364 0.379405 
0.196576 0.000253801 0.000258164 0.409826 0.0781382 0.00291379 1.22446e-06 0.0206189 0.000695592 0.000890393 0.00293486 0.0166148 0.104526 0.0146672 0.0064951 0.000367366 0.00660601 0.137617 
0.0383797 0.00138007 7.46124e-09 0.533042 0.0160739 0.00110354 3.24487e-08 0.0137191 2.65531e-08 0.000123845 4.84288e-12 0.0104614 0.37774 0.00016769 0.000329255 1.8256e-12 1.80307e-08 0.00747904 
0.0309079 0.00355466 0.00287145 0.289251 0.0890999 0.00647041 2.68107e-06 0.0215815 8.11161e-05 0.000200827 0.00591926 0.230924 0.188112 0.00530745 0.032302 0.00668484 0.00322929 0.0834997 
0.0553736 0.0115124 4.0438e-07 0.673181 0.0915968 0.000123549 3.07176e-06 0.0152879 9.24063e-12 7.83934e-05 2.7148e-08 0.00354115 0.0608348 0.040129 0.000555761 0.0473531 7.19989e-05 0.000357119 
0.0671719 0.0027832 8.21692e-05 0.452236 0.0148883 0.00399312 6.88478e-07 0.00163043 0.00270386 0.000250272 7.4509e-05 0.00370664 0.41619 0.00225227 0.0222438 2.12453e-05 0.00174473 0.00802746 
0.0476075 2.96098e-05 6.24209e-05 0.869365 0.00935427 0.000783791 4.28161e-07 0.00278577 3.60886e-06 0.000138653 3.95383e-07 0.00398727 0.0548757 0.000469835 0.0029223 6.56495e-05 0.00308944 0.00445808 
0.00140788 0.0586032 2.52553e-05 0.378458 0.0179909 0.00218245 3.7215e-07 0.01202 2.59935e-05 0.000578047 0.000481643 0.0142339 0.284498 0.138632 0.0437348 2.05367e-05 0.0417897 0.00531692 
0.0539035 6.89525e-05 0.000267963 0.508306 0.0374306 0.000150138 2.0256e-06 0.0232309 1.0327e-05 0.000122909 0.0027268 0.0273911 0.113381 0.00959969 0.155346 0.00212015 0.00300373 0.0629377 
0.013369 0.00175093 4.78535e-05 0.390643 0.0620604 0.0973112 2.87452e-05 0.00616219 0.00219524 0.00018183 3.37976e-05 0.00817832 0.2681 0.0615429 0.0453052 0.000189419 0.0396982 0.00320148 
0.0504288 0.0014738 0.0156064 0.449271 0.0113978 0.000640478 1.21226e-06 0.0825251 3.92904e-05 0.00108296 0.00016772 0.0127419 0.107929 0.000345161 0.00957944 0.000128928 0.0163945 0.240247 
0.202397 0.00343215 0.000199065 0.365695 0.0279138 0.00389555 8.83135e-05 0.00684505 0.000120757 0.00041071 0.000593846 0.0137584 0.326544 0.00624633 0.012303 1.51493e-05 3.99335e-05 0.0295027 
0.033355 0.0530955 8.14789e-05 0.362515 0.16688 0.0122588 9.28715e-05 0.0300665 0.000465672 0.00112157 0.000154892 0.0168538 0.186665 0.0190202 0.0448167 2.40102e-05 0.00135979 0.0711735 
0.00251078 0.00229033 0.000507005 0.238937 0.0271332 0.0212696 0.000110145 0.00640989 0.000993933 0.000575294 0.000472655 0.012163 0.21293 0.10529 0.186226 0.000529215 0.178106 0.00354524 
0.0174369 0.000609202 0.000238307 0.308378 0.0541431 0.0190675 1.45442e-06 0.0485283 0.00349594 0.01185 0.00524149 0.0467866 0.13273 0.0148114 0.0243567 0.00752309 0.0342901 0.270512 
0.00280098 0.000128223 0.000999507 0.719197 0.0209851 0.0848969 1.80263e-05 0.015407 0.000345743 0.00638369 0.000151966 0.00300952 0.0643297 0.0361809 0.0222131 5.55681e-05 0.0109892 0.0119075 
0.0233645 0.0555959 0.0281281 0.275844 0.0189883 0.00449353 7.75579e-05 0.159352 0.00193597 0.000406709 0.00243043 0.0450821 0.0858383 0.0181465 0.13166 0.00565266 0.00938377 0.133619 
0.223485 0.0893639 0.000647551 0.29846 0.0253405 0.0146143 1.38554e-05 0.0494199 0.000869885 0.00336092 1.88432e-05 0.130697 0.0811466 0.0301795 0.0463904 0.00265544 0.00108104 0.00225516 
0.0103318 0.204866 0.00137851 0.248832 0.0072475 0.0652148 0.000500076 0.0730759 2.90496e-05 0.00011723 0.000480783 0.0553619 0.146733 0.0353129 0.0891519 0.00144967 0.0281053 0.0318122 
1.01656e-10 0.0210049 0.000132844 0.411762 0.00133975 2.20357e-06 8.87332e-07 0.364776 2.36243e-10 8.50249e-07 0.00016784 0.00185431 0.19455 9.18502e-11 0.00166113 6.27716e-08 1.58909e-05 0.00273215 
0.00280098 0.000128223 0.000999507 0.719197 0.0209851 0.0848969 1.80263e-05 0.015407 0.000345743 0.00638369 0.000151966 0.00300952 0.0643297 0.0361809 0.0222131 5.55681e-05 0.0109892 0.0119075 
0.00883948 7.14615e-06 0.000167063 0.875905 0.0130731 0.000383717 2.46874e-06 0.00167223 5.96826e-05 5.17542e-05 4.22457e-06 0.00047366 0.0340892 0.013021 0.0180813 1.7732e-05 0.0338422 0.000309288 
0.0993856 0.00419918 0.00206112 0.669642 0.0291456 0.00287905 2.7151e-06 0.0110317 7.07627e-05 0.000115946 0.00146798 0.00891014 0.113323 0.00454066 0.0257231 4.00758e-05 0.0129562 0.0145052 
0.0178506 0.000160521 6.49655e-05 0.873171 0.00789751 0.000725274 7.88433e-07 0.0056521 0.000222217 0.000221606 0.000293421 0.0035822 0.0506251 0.00783343 0.00990958 3.5003e-05 0.0019438 0.0198109 
1.64271e-08 0.0436008 2.45596e-05 0.801392 0.00106152 0.00451159 2.30082e-09 0.0340027 1.24124e-05 0.00825082 0.000751056 0.00377649 0.0307227 0.0256872 0.043609 7.00025e-07 0.00245775 0.000138417 
0.0256908 0.00166355 0.00071523 0.661109 0.0480134 0.00822885 3.31514e-05 0.00576257 0.000331169 0.000128476 9.50549e-05 0.00979726 0.154384 0.00877035 0.0553799 2.04766e-05 0.0167845 0.00309185 
0.123093 0.000213382 1.33697e-06 0.620949 0.0813355 4.11285e-05 2.87345e-09 0.0209278 5.80164e-12 6.22402e-08 4.56444e-08 0.00183174 0.0993786 0.0516666 1.92051e-08 0.000420601 7.25378e-05 6.8309e-05 
0.00652792 0.00171336 0.0135899 0.450172 0.0365208 0.000989611 1.84527e-05 0.0240217 0.00019948 0.000108509 0.000116402 0.0183779 0.348787 0.0110319 0.0304789 2.55102e-05 0.0177254 0.0395953 
0.0367606 0.00507394 0.000164039 0.724133 0.0160053 5.1865e-05 3.23773e-07 0.0252015 3.70809e-08 0.00028254 0.00684705 0.0401672 0.112918 0.000392916 0.00880729 0.000316219 0.000283939 0.0225942 
0.00883948 7.14615e-06 0.000167063 0.875905 0.0130731 0.000383717 2.46874e-06 0.00167223 5.96826e-05 5.17542e-05 4.22457e-06 0.00047366 0.0340892 0.013021 0.0180813 1.7732e-05 0.0338422 0.000309288 
3.05341e-08 7.36255e-05 0.00022604 0.889414 0.0434396 0.001957 3.19946e-09 0.00290884 2.06456e-06 2.24547e-08 3.58981e-06 0.000515514 0.0484539 4.31965e-05 0.000738634 3.92926e-06 3.89672e-08 0.0122197 
