2.7879e-08 0.000451527 0.000762448 0.391621 0.0624041 0.231836 0.000374427 0.00102306 4.81613e-05 4.84837e-05 4.35291e-08 0.00285361 0.115764 0.0282263 0.00389221 0.000175273 0.000175005 0.160344 
0.0350128 0.00603427 0.00212025 0.448151 0.217709 0.0571041 2.36796e-05 0.00851129 0.000380781 5.31522e-05 0.000287025 0.00562865 0.054895 0.0299154 0.0280296 9.13753e-05 0.0485105 0.0575417 
0.00883948 7.14615e-06 0.000167063 0.875905 0.0130731 0.000383717 2.46874e-06 0.00167223 5.96826e-05 5.17542e-05 4.22457e-06 0.00047366 0.0340892 0.013021 0.0180813 1.7732e-05 0.0338422 0.000309288 
0.00531854 0.102217 3.95607e-05 0.511461 0.0150843 0.000237426 6.8647e-08 0.0706729 9.63514e-05 3.50236e-05 0.00450061 0.0329839 0.105192 0.0662787 0.062321 0.001973 0.00518899 0.0163992 
3.05341e-08 7.36255e-05 0.00022604 0.889414 0.0434396 0.001957 3.19946e-09 0.00290884 2.06456e-06 2.24547e-08 3.58981e-06 0.000515514 0.0484539 4.31965e-05 0.000738634 3.92926e-06 3.89672e-08 0.0122197 
0.0576588 0.0574178 0.00233603 0.521001 0.0222753 0.00569259 3.94389e-06 0.0743345 0.00360349 0.00136022 0.00295187 0.0103817 0.179331 0.00219793 0.0490734 0.0015256 0.00347957 0.00537591 
1.64271e-08 0.0436008 2.45596e-05 0.801392 0.00106152 0.00451159 2.30082e-09 0.0340027 1.24124e-05 0.00825082 0.000751056 0.00377649 0.0307227 0.0256872 0.043609 7.00025e-07 0.00245775 0.000138417 
0.289129 5.42622e-05 0.000312916 0.474626 0.0120962 0.00235667 8.12445e-06 0.00394227 0.000163851 0.000274655 6.74277e-05 0.00454052 0.108946 0.0199853 0.0108529 0.000133728 0.0319465 0.0405635 
0.0693318 0.000540711 0.0011524 0.246304 0.110586 0.00280466 2.15524e-05 0.046887 0.000155875 0.000492869 0.00842052 0.0844283 0.240839 0.0301609 0.0436861 0.00619783 0.0189991 0.0889911 
0.00417876 0.00261861 0.013088 0.223986 0.0624221 0.0259844 5.6714e-05 0.0621828 0.0034097 0.000361413 0.00392101 0.0264303 0.13496 0.0117053 0.182088 0.0166614 0.00880041 0.217145 
0.0500691 0.00171197 0.0013685 0.534905 0.0312705 0.0383754 3.39783e-05 0.00490504 4.48584e-05 0.000171807 7.77527e-05 0.00883533 0.19183 0.0553455 0.0255463 0.00102005 0.026304 0.028184 
1.64271e-08 0.0436008 2.45596e-05 0.801392 0.00106152 0.00451159 2.30082e-09 0.0340027 1.24124e-05 0.00825082 0.000751056 0.00377649 0.0307227 0.0256872 0.043609 7.00025e-07 0.00245775 0.000138417 
0.0011053 0.000686219 0.000825702 0.452131 0.109346 0.0371681 7.29334e-06 0.0190307 0.00249021 2.3229e-05 0.00775436 0.0881615 0.181864 0.00768693 0.0630287 0.000189487 0.0236357 0.00486516 
0.00696901 0.0182221 0.0121605 0.435037 0.00779733 0.000269714 7.98783e-06 0.0184441 4.29842e-05 0.000373051 0.0132038 0.227436 0.042359 0.0049977 0.0877529 0.000698137 0.04277 0.0814579 
0.185688 0.00119593 0.000337662 0.387134 0.0161016 0.00141977 0.00147516 0.0161188 0.000114358 0.000187956 0.000593302 0.0189955 0.0891866 0.0224054 0.0473069 0.129064 0.0389078 0.0437673 
0.00671638 0.00802778 0.000345503 0.41314 0.0978008 0.000462534 3.7809e-10 0.197493 0.00202745 2.88479e-10 5.1908e-07 0.0123693 0.161396 0.00228499 0.0905518 1.10445e-09 0.00183576 0.00554753 
0.0299355 0.021224 0.000300792 0.499729 0.0501188 0.000369529 2.97395e-06 0.0711081 8.59932e-05 9.05051e-05 4.73441e-06 0.196652 0.04797 0.00305384 0.0424855 4.18768e-05 0.00105835 0.0357686 
0.0178506 0.000160521 6.49655e-05 0.873171 0.00789751 0.000725274 7.88433e-07 0.0056521 0.000222217 0.000221606 0.000293421 0.0035822 0.0506251 0.00783343 0.00990958 3.5003e-05 0.0019438 0.0198109 
0.00178275 0.072688 0.000167178 0.413432 0.260158 0.0641526 1.11713e-06 0.000233229 3.0207e-05 8.03279e-05 0.000119367 0.0007322 0.125861 0.0461213 0.0139867 1.19622e-06 0.000117745 0.000334984 
0.00691812 4.18808e-05 0.0241203 0.453698 0.260441 0.0101965 3.11204e-05 0.00519577 0.00127266 0.000622871 1.75246e-05 0.0233073 0.117748 0.000202521 0.00261161 1.04589e-05 1.64148e-05 0.0935471 
0.00278713 0.000881317 0.0322545 0.55915 0.0749051 0.0227381 1.89466e-06 0.0985953 4.27974e-08 2.75122e-05 2.17701e-05 0.0305598 0.045239 3.85254e-06 0.000618286 2.90173e-05 3.35989e-06 0.132184 
0.0178464 0.0351435 0.00171667 0.319857 0.0231647 0.00920811 3.30699e-05 0.0365375 0.000533431 0.000815502 0.00155783 0.0122683 0.268159 0.0200278 0.122393 0.000466865 0.0290675 0.101204 
0.0831223 0.00117749 0.000461313 0.312356 0.163118 0.00163613 1.05038e-05 0.074445 4.5823e-05 0.000505143 0.000366223 0.0403376 0.244479 0.00250258 0.0201134 0.000640391 0.00178627 0.0528975 
0.00940987 0.000888619 9.95485e-10 0.480477 0.0114463 0.000853216 9.27608e-06 0.000231376 7.58025e-06 1.1237e-08 1.73184e-13 0.000772987 0.450803 0.00381813 0.040209 6.26795e-10 0.000256132 0.000816658 
0.0114668 0.0160758 0.00244598 0.484396 0.0232446 0.0227152 5.80332e-05 0.0583885 0.00015784 0.000655489 0.0283186 0.0733358 0.136871 0.0224421 0.0710463 0.00141589 0.0130035 0.0339628 
0.000847136 0.000361188 9.96972e-05 0.604359 0.0248481 0.00199983 3.00106e-09 0.0182072 0.00191907 0.000295259 2.72345e-08 0.110968 0.132559 5.38298e-08 0.000308136 5.0655e-05 2.14751e-07 0.103177 
0.041571 0.00604011 0.00014023 0.739398 0.00941809 0.000455827 2.75488e-07 0.0135664 4.64561e-05 2.12421e-05 0.00026965 0.00471029 0.153135 0.00984792 0.0179047 0.000194765 0.0019652 0.00131517 
0.00860972 0.000534478 0.0199114 0.423705 0.0467878 0.00227857 2.31474e-05 0.0272359 3.44221e-05 0.000347557 0.000240956 0.0181289 0.187896 0.0015257 0.0130668 1.17486e-05 0.0277365 0.221926 
0.123093 0.000213382 1.33697e-06 0.620949 0.0813355 4.11285e-05 2.87345e-09 0.0209278 5.80164e-12 6.22402e-08 4.56444e-08 0.00183174 0.0993786 0.0516666 1.92051e-08 0.000420601 7.25378e-05 6.8309e-05 
0.000124249 0.0286887 9.84055e-05 0.454521 0.0190112 0.000965659 3.54894e-07 0.015485 1.50948e-05 4.23248e-11 0.000129608 0.0103373 0.378907 0.00139875 0.0523474 1.41242e-06 0.00473774 0.0332313 
0.002842 0.000382453 0.000366757 0.452995 0.0349723 0.0618105 2.27591e-05 0.00169847 1.75173e-05 0.000113913 3.08493e-05 0.00374493 0.18333 0.0688309 0.0575461 7.91494e-05 0.102701 0.0285147 
1.64271e-08 0.0436008 2.45596e-05 0.801392 0.00106152 0.00451159 2.30082e-09 0.0340027 1.24124e-05 0.00825082 0.000751056 0.00377649 0.0307227 0.0256872 0.043609 7.00025e-07 0.00245775 0.000138417 
0.00302549 0.00978647 0.000636364 0.498512 0.255504 0.0117598 2.21451e-05 0.0290791 0.000806073 0.000160454 6.63687e-05 0.00689911 0.11187 0.00541869 0.0294921 0.0104155 0.0169626 0.00958408 
0.0528416 0.000741242 8.40826e-05 0.847077 0.00637143 0.000812849 6.59512e-06 0.00597656 4.08263e-05 4.52139e-05 0.000212927 0.00417877 0.0428157 0.0105357 0.00983601 1.19645e-05 0.0174313 0.000980501 
0.00980908 0.00168248 1.09723e-07 0.664774 0.000632452 0.0268713 3.29487e-07 0.00286378 2.59648e-05 0.000207437 1.45207e-10 0.0277467 0.195945 8.47843e-05 0.000287996 8.06853e-06 1.6377e-06 0.069059 
0.0303718 0.00524768 0.00412298 0.361311 0.0163596 0.0192573 1.61788e-05 0.0408397 0.013892 0.00466489 0.00510591 0.119052 0.270489 0.00332829 0.0256259 0.00976652 0.0379975 0.0325531 
1.64271e-08 0.0436008 2.45596e-05 0.801392 0.00106152 0.00451159 2.30082e-09 0.0340027 1.24124e-05 0.00825082 0.000751056 0.00377649 0.0307227 0.0256872 0.043609 7.00025e-07 0.00245775 0.000138417 
0.00124938 2.76002e-05 0.000779801 0.847937 0.0153148 0.00292995 1.59496e-07 0.00407115 0.00061181 0.000285566 2.85663e-05 0.00233888 0.0884226 0.010439 0.0220228 6.49997e-07 0.00260259 0.000938129 
0.0383797 0.00138007 7.46124e-09 0.533042 0.0160739 0.00110354 3.24487e-08 0.0137191 2.65531e-08 0.000123845 4.84288e-12 0.0104614 0.37774 0.00016769 0.000329255 1.8256e-12 1.80307e-08 0.00747904 
0.0178506 0.000160521 6.49655e-05 0.873171 0.00789751 0.000725274 7.88433e-07 0.0056521 0.000222217 0.000221606 0.000293421 0.0035822 0.0506251 0.00783343 0.00990958 3.5003e-05 0.0019438 0.0198109 
4.23629e-07 4.29877e-06 9.73505e-07 0.804558 0.0075153 9.94677e-07 9.56686e-07 1.59525e-06 3.81866e-07 2.08494e-10 1.37854e-10 1.97642e-06 0.187896 7.80996e-11 1.91064e-06 1.87131e-07 1.372e-06 1.62736e-05 
0.218541 0.0167699 8.32137e-05 0.564179 0.024355 0.00405987 4.75392e-06 0.0132396 0.00414373 0.000274496 0.0157981 0.0260408 0.0333423 0.0139304 0.0358372 0.0119307 0.0103157 0.00715397 
0.0553736 0.0115124 4.0438e-07 0.673181 0.0915968 0.000123549 3.07176e-06 0.0152879 9.24063e-12 7.83934e-05 2.7148e-08 0.00354115 0.0608348 0.040129 0.000555761 0.0473531 7.19989e-05 0.000357119 
0.0476075 2.96098e-05 6.24209e-05 0.869365 0.00935427 0.000783791 4.28161e-07 0.00278577 3.60886e-06 0.000138653 3.95383e-07 0.00398727 0.0548757 0.000469835 0.0029223 6.56495e-05 0.00308944 0.00445808 
0.0831741 0.000136471 0.000326704 0.336108 0.0167536 0.0143324 1.95128e-05 0.00835901 0.000232948 0.000537274 0.00164677 0.0625762 0.21596 0.0276008 0.0359243 0.00801227 0.0409953 0.147304 
0.0604399 0.00013911 0.138712 0.42571 0.0477433 0.00108408 1.09287e-06 0.0413047 0.000249631 6.82398e-05 4.84475e-05 0.0253919 0.0222619 0.000844131 0.0193502 0.000290762 0.141341 0.0750202 
0.0997819 0.0308243 0.000111754 0.258664 0.00712227 0.00180875 4.1106e-05 0.101994 0.00642085 0.000174769 0.00481856 0.174481 0.121179 0.0968907 0.0450822 0.0315823 0.00185447 0.0171689 
0.000246074 6.95287e-05 0.00143875 0.511846 0.0108944 0.00436382 8.55615e-07 0.00510916 0.00126184 0.0012908 2.04299e-05 0.0211423 0.316055 0.0090746 0.0102581 6.06841e-09 0.000312332 0.106616 
0.234814 0.000100619 0.00634817 0.412018 0.0176001 0.00235941 4.00093e-06 0.0711256 3.36772e-05 0.000651294 0.000546769 0.0395714 0.051585 0.0207328 0.0531205 0.000161455 0.00494139 0.084285 
1.64271e-08 0.0436008 2.45596e-05 0.801392 0.00106152 0.00451159 2.30082e-09 0.0340027 1.24124e-05 0.00825082 0.000751056 0.00377649 0.0307227 0.0256872 0.043609 7.00025e-07 0.00245775 0.000138417 
0.0285882 0.0116771 0.00586275 0.353688 0.011854 0.0142855 2.40777e-06 0.215787 0.000118115 0.00136476 0.00305806 0.159157 0.152085 0.0041069 0.0294177 1.32692e-05 0.00665672 0.00227888 
0.0671719 0.0027832 8.21692e-05 0.452236 0.0148883 0.00399312 6.88478e-07 0.00163043 0.00270386 0.000250272 7.4509e-05 0.00370664 0.41619 0.00225227 0.0222438 2.12453e-05 0.00174473 0.00802746 
0.0476075 2.96098e-05 6.24209e-05 0.869365 0.00935427 0.000783791 4.28161e-07 0.00278577 3.60886e-06 0.000138653 3.95383e-07 0.00398727 0.0548757 0.000469835 0.0029223 6.56495e-05 0.00308944 0.00445808 
0.0241803 0.00449786 0.00796068 0.202486 0.125513 0.00522304 6.46523e-05 0.0942724 0.000164397 0.000308699 0.0267576 0.161102 0.188415 0.0232473 0.0573461 0.00246015 0.00976037 0.0662418 
1.64271e-08 0.0436008 2.45596e-05 0.801392 0.00106152 0.00451159 2.30082e-09 0.0340027 1.24124e-05 0.00825082 0.000751056 0.00377649 0.0307227 0.0256872 0.043609 7.00025e-07 0.00245775 0.000138417 
0.000822059 0.001005 7.74771e-07 0.559205 0.00868054 0.00166761 1.94076e-07 0.0336187 0.000180637 1.62537e-05 9.1402e-06 0.00187168 0.374154 0.00412462 0.0103724 4.49125e-07 0.00416976 0.000101314 
0.0299893 0.00171588 0.00941007 0.430962 0.0277108 0.00270287 6.82101e-06 0.0903236 0.000205811 2.96319e-05 0.00458774 0.0126912 0.232322 0.00201597 0.0578792 0.000100447 0.000375269 0.096971 
0.0244899 0.00925467 0.0215777 0.320857 0.0756283 0.0154137 1.81763e-05 0.0661009 0.000905742 0.000385171 0.00274373 0.0219123 0.196837 0.0247561 0.0884835 0.000339163 0.0188518 0.111445 
0.0104294 0.00597165 0.000740526 0.655431 0.0127902 0.00270876 4.64591e-06 0.00718968 4.30327e-05 0.000293167 8.26165e-05 0.00556423 0.188177 0.0175608 0.0726668 5.44871e-05 0.0182734 0.00201864 
0.301711 0.0074609 0.000287998 0.476575 0.0140744 0.000518039 1.06651e-05 0.0218593 0.000275807 0.000425792 0.00147131 0.0505799 0.0638982 0.00945022 0.0326839 0.00525416 0.00943498 0.00402902 
0.00464146 0.0378954 0.000464527 0.401002 0.0114207 0.0294081 1.57402e-05 0.0465426 0.000107528 0.00248163 0.00624222 0.0489265 0.323968 0.00316153 0.0560934 0.00359193 0.0137564 0.0102799 
0.00120958 0.000220981 0.0130465 0.468725 0.0750713 0.000674698 9.92623e-07 0.31221 3.84396e-07 9.34541e-05 9.23643e-08 0.000412369 0.0606585 0.00428213 0.0268665 3.53696e-08 0.00144644 0.0350809 
0.00137131 0.00188374 0.000106871 0.789708 0.0205645 0.00683894 6.07196e-05 0.0041138 5.68971e-05 5.91508e-05 5.31443e-06 0.00064267 0.100703 0.00401751 0.0357309 2.42928e-05 0.0252186 0.00889377 
0.00377935 0.0137435 7.01799e-05 0.527872 0.0161159 0.0382555 0.000252713 0.00705323 3.73595e-05 0.00019561 0.00126646 0.0143119 0.204799 0.0866883 0.0305768 3.23541e-05 0.0135519 0.0413979 
0.00353769 0.00319664 2.93441e-06 0.331734 0.0433927 0.00296987 1.06459e-05 0.0512038 0.000171829 0.000105652 0.00223941 0.00292138 0.273531 0.00186728 0.140055 6.70411e-07 0.000185306 0.142874 
0.0647282 0.00154963 0.0259174 0.472161 0.0198465 0.00212203 0.000331101 0.00938247 0.000250499 0.00128197 0.000513552 0.0209765 0.331892 0.0100499 0.00540835 3.32795e-06 0.00576629 0.0278188 
0.00269881 0.00274236 0.0121493 0.278131 0.0365472 0.0488448 0.000300714 0.0550255 0.000328855 0.000621755 0.000853117 0.0428193 0.20695 0.00627222 0.0183981 0.000316783 0.0218992 0.2651 
0.0105249 0.00115946 6.66369e-05 0.861029 0.016244 0.000658221 4.24966e-07 0.00642544 0.000164877 0.000132704 0.00116424 0.00256409 0.0660499 0.00495708 0.00849116 1.87594e-05 0.00157363 0.0187754 
1.64271e-08 0.0436008 2.45596e-05 0.801392 0.00106152 0.00451159 2.30082e-09 0.0340027 1.24124e-05 0.00825082 0.000751056 0.00377649 0.0307227 0.0256872 0.043609 7.00025e-07 0.00245775 0.000138417 
0.00883948 7.14615e-06 0.000167063 0.875905 0.0130731 0.000383717 2.46874e-06 0.00167223 5.96826e-05 5.17542e-05 4.22457e-06 0.00047366 0.0340892 0.013021 0.0180813 1.7732e-05 0.0338422 0.000309288 
0.114326 0.00682158 0.000467572 0.643413 0.00715057 7.69775e-05 8.5764e-07 0.0225032 1.19354e-06 0.000194427 3.0205e-08 0.00181538 0.174615 0.00475728 0.0217543 1.93127e-05 0.000170134 0.00191354 
0.00787803 0.000531497 0.00126378 0.523472 0.102639 0.181952 0.000222531 0.00809396 0.00549998 0.00127996 9.46183e-06 0.0051328 0.0547954 0.0365787 0.0148889 0.000275541 0.00389566 0.0515909 
0.0178506 0.000160521 6.49655e-05 0.873171 0.00789751 0.000725274 7.88433e-07 0.0056521 0.000222217 0.000221606 0.000293421 0.0035822 0.0506251 0.00783343 0.00990958 3.5003e-05 0.0019438 0.0198109 
0.0759249 0.0025591 0.000192027 0.494848 0.0107743 0.00192154 5.12623e-07 0.01429 0.00117188 0.000215091 7.78747e-05 0.00287738 0.375176 0.00122812 0.0128954 1.85524e-05 0.000822694 0.00500662 
0.01452 0.0487359 5.1888e-05 0.70042 0.036054 0.00012768 7.38366e-06 0.0397158 2.3425e-07 0.000210694 0.00381531 0.00657163 0.105189 0.000754693 0.0184078 0.00818325 5.74573e-05 0.0171767 
0.0470706 0.0143642 0.00110108 0.270128 0.0543924 0.0128081 6.99698e-05 0.101684 0.00540465 0.00411225 0.00350942 0.0838011 0.20647 0.00872923 0.045718 0.0217519 0.0196105 0.0992742 
0.0883558 0.000100501 0.000209294 0.573256 0.0211658 0.000595328 3.1463e-06 0.019916 1.21281e-05 0.00023527 0.00425125 0.0316046 0.111067 0.0150065 0.0273482 0.00427237 0.00551196 0.0970887 
0.050367 0.000682711 8.87674e-06 0.692296 0.0100362 0.00169599 3.0496e-07 0.00361007 0.000215125 2.53354e-05 0.000110837 0.0033951 0.150633 0.00938711 0.00775959 2.6309e-05 0.0612967 0.0084539 
0.00188408 0.0360116 0.000535697 0.557852 0.00614523 0.0100063 4.88776e-05 0.0131743 0.0164103 0.000846942 0.000553624 0.00670851 0.207722 0.00255702 0.110088 0.0096029 0.0160607 0.00379199 
0.0582973 0.000584351 0.00100515 0.346478 0.0107383 0.0274022 4.09174e-05 0.0814749 0.00655282 0.00678987 0.00366118 0.0294636 0.274533 0.00140492 0.0443039 0.00328024 0.0176788 0.0863105 
0.00652687 0.000219183 0.000358115 0.694135 0.0248944 0.0380191 3.03702e-05 0.00573268 1.27733e-05 4.22035e-05 2.01806e-06 0.00100089 0.133836 0.0535666 0.00947811 0.000132233 0.0188346 0.013178 
0.00249819 0.000228298 0.000302618 0.731479 0.00929875 0.00433056 1.47301e-05 0.0455641 4.88648e-05 8.45449e-05 0.00136576 0.0183476 0.0995543 0.000320123 0.000489788 2.08817e-05 0.000247729 0.0858045 
2.60516e-06 1.28873e-05 0.00458801 0.723913 0.010398 1.55376e-08 2.32079e-08 0.245627 1.26722e-05 3.32053e-05 1.66741e-07 0.00217229 0.00384212 0.000633374 0.00608555 6.38514e-08 0.000430238 0.00224808 
0.0178506 0.000160521 6.49655e-05 0.873171 0.00789751 0.000725274 7.88433e-07 0.0056521 0.000222217 0.000221606 0.000293421 0.0035822 0.0506251 0.00783343 0.00990958 3.5003e-05 0.0019438 0.0198109 
5.33076e-06 0.00222154 0.00202152 0.480363 0.163828 0.0214027 5.2581e-06 0.0152222 5.93977e-05 4.65553e-06 0.00055807 0.0272029 0.225026 0.00200827 0.0215189 5.27105e-05 0.00135588 0.0371426 
4.23629e-07 4.29877e-06 9.73505e-07 0.804558 0.0075153 9.94677e-07 9.56686e-07 1.59525e-06 3.81866e-07 2.08494e-10 1.37854e-10 1.97642e-06 0.187896 7.80996e-11 1.91064e-06 1.87131e-07 1.372e-06 1.62736e-05 
0.0480256 0.0193392 0.0058514 0.405955 0.0202985 0.00444643 2.77895e-05 0.18925 0.00875171 3.7995e-05 0.00900147 0.0146907 0.168783 0.00506947 0.0882751 0.000387283 0.00177573 0.0100339 
1.55155e-05 0.00252053 9.96408e-08 0.84706 0.0630348 0.000223913 1.51286e-11 0.00201527 6.45142e-08 4.27207e-08 1.19069e-07 1.85784e-07 0.0851278 1.73824e-07 3.69893e-07 2.87704e-12 9.50579e-08 7.35388e-07 
0.00883948 7.14615e-06 0.000167063 0.875905 0.0130731 0.000383717 2.46874e-06 0.00167223 5.96826e-05 5.17542e-05 4.22457e-06 0.00047366 0.0340892 0.013021 0.0180813 1.7732e-05 0.0338422 0.000309288 
0.0512551 0.0214846 0.00345609 0.375153 0.0328361 0.00925545 0.000335169 0.0324404 0.000566113 0.000605564 0.00267205 0.11381 0.156753 0.00744488 0.0780816 0.00877468 0.00587742 0.0991984 
0.00933904 0.000656601 0.00234877 0.378929 0.0213956 0.00491167 8.7641e-07 0.0560534 0.00310476 9.29316e-05 0.0110212 0.0187055 0.326039 0.0268736 0.0318868 8.05193e-05 0.048755 0.0598063 
0.222102 0.0121543 0.00435732 0.256014 0.0375822 0.0117203 6.98807e-05 0.0636448 0.00614031 0.00078029 0.00224918 0.0660844 0.147664 0.0303694 0.0546136 0.0421474 0.00636623 0.0359402 
0.0215268 0.0596703 0.0196088 0.35975 0.0339831 0.00180288 5.60997e-06 0.147851 0.000996487 0.000576187 0.00210142 0.0497901 0.168617 0.0104043 0.039039 0.000635727 0.0141395 0.0695015 
0.00036698 0.000452681 0.000555998 0.395938 0.202191 0.00601912 1.79722e-06 0.00664715 0.00042318 0.000563339 0.000103473 0.0373573 0.292693 0.00668396 0.0138281 4.15944e-06 0.000305648 0.0358652 
1.55155e-05 0.00252053 9.96408e-08 0.84706 0.0630348 0.000223913 1.51286e-11 0.00201527 6.45142e-08 4.27207e-08 1.19069e-07 1.85784e-07 0.0851278 1.73824e-07 3.69893e-07 2.87704e-12 9.50579e-08 7.35388e-07 
0.000498481 0.0153164 0.356552 0.381018 0.00545755 0.0127629 7.82989e-07 0.0602397 1.6079e-05 4.07008e-05 0.00146515 0.00793504 0.0618786 9.70092e-05 0.0133692 1.30036e-05 0.0169333 0.0664067 
0.000866365 0.0109792 0.00507137 0.490132 0.000273102 0.00278549 2.80569e-05 0.0159883 3.31981e-05 0.000252325 0.0254307 0.104659 0.011716 0.00017901 0.00183729 2.10585e-08 9.65044e-05 0.329672 
0.00220142 0.000348484 0.000822189 0.74158 0.0400127 0.018966 6.07642e-06 0.00982394 7.48846e-06 3.50268e-05 1.30174e-05 0.00362606 0.108509 0.0292447 0.0171204 8.75477e-05 0.0107017 0.0168942 
0.0253918 0.00423876 0.00289503 0.272474 0.116472 0.0471796 0.000144759 0.0375767 0.000224282 0.00287337 0.00142541 0.0774131 0.0520928 0.00222899 0.105966 0.00112235 0.0322767 0.218004 
0.00127256 1.19058e-08 0.0244063 0.501183 0.0913603 1.58378e-08 1.99192e-08 0.0415617 1.10772e-08 4.59742e-08 0.000349248 0.0772157 0.0676437 0.000368975 0.0261304 1.56836e-05 0.00676077 0.161732 
0.059861 0.00265826 0.000407864 0.557765 0.0363064 0.0557152 0.000615726 0.0115489 0.00447009 0.000568972 0.000374387 0.00508118 0.18131 0.00925322 0.032975 5.82302e-05 0.0135946 0.0274359 
0.180052 0.000771188 1.20885e-06 0.510228 0.199992 0.0079461 3.68336e-07 0.00422279 0.000160092 5.02676e-06 3.67864e-06 0.00955259 0.0618109 0.0178609 0.00247452 0.00488298 1.81034e-05 1.72443e-05 
0.00883948 7.14615e-06 0.000167063 0.875905 0.0130731 0.000383717 2.46874e-06 0.00167223 5.96826e-05 5.17542e-05 4.22457e-06 0.00047366 0.0340892 0.013021 0.0180813 1.7732e-05 0.0338422 0.000309288 
0.0961645 0.000613051 0.000148635 0.400164 0.0080095 0.00143101 9.9106e-06 0.00849234 0.000383819 0.000357923 0.00136625 0.0249564 0.398514 0.00118486 0.00970073 0.000725371 0.0176412 0.0301356 
0.000174988 0.00150938 7.37837e-05 0.778056 0.0116563 5.95792e-08 2.65754e-08 0.12445 9.59525e-10 5.49812e-07 0.000370524 0.0070498 0.075413 0.000340506 0.000302636 5.67389e-05 6.03545e-05 0.000485867 
0.0209947 0.000186627 0.000170254 0.797336 0.00887672 0.000425728 6.34878e-07 0.00147915 4.35621e-09 4.80763e-05 5.7501e-07 0.0065825 0.152886 0.000821434 0.00401392 1.7096e-05 0.00358168 0.00257876 
0.00302561 0.18483 5.35362e-06 0.37317 0.144342 0.000361553 2.03832e-05 0.0306138 0.000912506 1.12011e-05 0.000101558 0.00157929 0.128805 0.0615746 0.0437585 0.00206127 0.00314222 0.0216853 
0.251569 7.04948e-05 0.00570736 0.33275 0.0126054 0.00280911 4.62896e-05 0.0201629 7.53516e-05 0.0051309 0.000490207 0.0241946 0.0559053 0.000950496 0.00609687 3.31044e-05 0.0178521 0.26355 
0.00811179 0.000567424 0.00827203 0.354196 0.0721488 0.00973349 0.00387114 0.0396739 0.000144226 0.000169745 9.68266e-06 0.0491424 0.20818 0.00377302 0.0436415 1.94805e-05 0.0390401 0.159305 
0.00302772 0.0127826 0.00264835 0.75183 0.0515182 0.00873509 1.61332e-05 0.00788685 0.000132868 0.000130028 2.54666e-05 0.00434967 0.049939 0.00513703 0.0330484 0.00700019 0.0197083 0.0420843 
0.0278913 0.00425545 5.43284e-05 0.602202 0.0196883 0.0010142 1.11883e-07 0.0033532 0.000159998 0.000265752 0.000502835 0.00309019 0.299703 0.00710459 0.0243288 6.69881e-06 0.00149506 0.0048845 
0.0140229 0.000824599 9.63659e-06 0.675963 0.00918651 0.0335439 0.00124947 0.00518133 5.10564e-05 0.000161227 0.000686047 0.0056295 0.171819 0.0188788 0.0168378 1.24588e-05 0.0265863 0.0193568 
0.000758734 0.000422749 0.00102923 0.477583 0.149012 0.00409781 1.28882e-05 0.0253371 0.00363179 0.000360972 0.000113684 0.0259261 0.21496 0.000879795 0.0149477 4.85169e-05 0.0183826 0.0624957 
1.64271e-08 0.0436008 2.45596e-05 0.801392 0.00106152 0.00451159 2.30082e-09 0.0340027 1.24124e-05 0.00825082 0.000751056 0.00377649 0.0307227 0.0256872 0.043609 7.00025e-07 0.00245775 0.000138417 
1.64271e-08 0.0436008 2.45596e-05 0.801392 0.00106152 0.00451159 2.30082e-09 0.0340027 1.24124e-05 0.00825082 0.000751056 0.00377649 0.0307227 0.0256872 0.043609 7.00025e-07 0.00245775 0.000138417 
1.64271e-08 0.0436008 2.45596e-05 0.801392 0.00106152 0.00451159 2.30082e-09 0.0340027 1.24124e-05 0.00825082 0.000751056 0.00377649 0.0307227 0.0256872 0.043609 7.00025e-07 0.00245775 0.000138417 
5.99286e-06 5.61025e-06 0.173315 0.625698 0.00141586 7.92315e-05 1.5728e-09 0.0117431 0.0129478 0.00123575 4.09904e-06 0.000817797 0.0194154 0.00190775 0.00654496 2.99102e-10 0.0991374 0.045726 
6.57188e-08 0.0434276 7.90754e-05 0.389217 0.0145681 0.0245934 0.000186323 0.0109919 3.75497e-05 1.69398e-05 1.35049e-06 0.0203253 0.387678 0.00618274 0.0367226 8.92041e-07 0.00235986 0.0636114 
0.0178506 0.000160521 6.49655e-05 0.873171 0.00789751 0.000725274 7.88433e-07 0.0056521 0.000222217 0.000221606 0.000293421 0.0035822 0.0506251 0.00783343 0.00990958 3.5003e-05 0.0019438 0.0198109 
0.000347975 0.026317 6.04951e-05 0.590633 0.0192488 0.00885871 1.43665e-05 0.00979604 5.32591e-05 2.94047e-05 0.000154125 0.0358479 0.242543 0.00667087 0.053831 5.87848e-05 0.00459976 0.000936068 
0.0105249 0.00115946 6.66369e-05 0.861029 0.016244 0.000658221 4.24966e-07 0.00642544 0.000164877 0.000132704 0.00116424 0.00256409 0.0660499 0.00495708 0.00849116 1.87594e-05 0.00157363 0.0187754 
0.00411607 2.51448e-10 7.79256e-06 0.961969 0.00180844 5.39595e-07 1.97865e-07 0.00624403 3.01051e-05 4.68392e-07 4.0399e-10 0.000162374 0.0253023 6.0705e-05 1.87787e-07 2.49993e-07 1.36739e-07 0.000297511 
0.0105249 0.00115946 6.66369e-05 0.861029 0.016244 0.000658221 4.24966e-07 0.00642544 0.000164877 0.000132704 0.00116424 0.00256409 0.0660499 0.00495708 0.00849116 1.87594e-05 0.00157363 0.0187754 
5.52401e-07 0.00951606 1.02465e-06 0.708265 0.0164453 0.000121841 3.92038e-10 0.166554 3.03294e-05 2.18863e-07 0.000415415 0.0356097 0.0286085 9.44127e-07 0.0292512 3.60612e-07 6.31459e-07 0.00517863 
0.0178506 0.000160521 6.49655e-05 0.873171 0.00789751 0.000725274 7.88433e-07 0.0056521 0.000222217 0.000221606 0.000293421 0.0035822 0.0506251 0.00783343 0.00990958 3.5003e-05 0.0019438 0.0198109 
0.00493235 2.16481e-05 4.18422e-05 0.86302 0.0109146 0.000359119 5.20816e-07 0.0111721 5.03577e-05 9.95066e-06 2.53926e-09 0.000335097 0.0821928 0.0104363 0.0107708 3.07577e-06 0.00235022 0.00338878 
0.0655412 0.00626905 0.00931748 0.727405 0.00520741 0.000247534 1.47445e-06 0.0195475 1.31475e-05 0.00140397 0.00114352 0.0340438 0.0563719 0.00197052 0.0229428 1.49398e-05 0.0140755 0.0344836 
0.00124938 2.76002e-05 0.000779801 0.847937 0.0153148 0.00292995 1.59496e-07 0.00407115 0.00061181 0.000285566 2.85663e-05 0.00233888 0.0884226 0.010439 0.0220228 6.49997e-07 0.00260259 0.000938129 
0.00124018 2.30478e-07 0.165301 0.239674 0.039491 0.00134268 9.12844e-08 0.218514 3.17789e-07 0.0033995 0.0839356 0.0147309 0.0171705 0.0207624 0.105899 7.64055e-06 0.00459224 0.0839387 
0.00109452 0.00224762 0.0341763 0.496634 0.0173742 0.0172043 5.29945e-07 0.0129095 0.00627654 0.00146766 0.000714233 0.0245161 0.245664 0.00123091 0.0106881 1.26667e-05 0.0962597 0.0315289 
0.0800077 0.0124683 0.00405482 0.44607 0.0384979 0.000290433 4.37527e-07 0.0602166 2.5615e-05 0.00020741 0.00118269 0.0388477 0.261797 0.0100074 0.0208754 2.3183e-05 0.0154406 0.00998627 
0.0239459 0.000577641 0.0120416 0.812261 0.00270012 0.000371292 2.20979e-06 0.0130682 1.97144e-05 0.00133256 0.00171524 0.0437743 0.0359506 0.00106436 0.00619981 8.96313e-06 0.0174414 0.0275249 
0.0281493 0.0133198 0.00202929 0.406117 0.0386558 0.00320274 1.73323e-05 0.0169484 0.0116891 0.000129296 0.00917211 0.0377446 0.276074 0.0131913 0.0653293 0.00015435 0.00543733 0.0726392 
0.00982362 6.55942e-05 0.00128828 0.783416 0.0797244 0.000703106 1.64778e-06 0.00497317 3.97966e-05 3.45108e-05 2.81936e-06 0.00115007 0.0290208 0.0159587 0.0432097 2.20105e-05 0.0296261 0.000939814 
0.00883948 7.14615e-06 0.000167063 0.875905 0.0130731 0.000383717 2.46874e-06 0.00167223 5.96826e-05 5.17542e-05 4.22457e-06 0.00047366 0.0340892 0.013021 0.0180813 1.7732e-05 0.0338422 0.000309288 
0.00883948 7.14615e-06 0.000167063 0.875905 0.0130731 0.000383717 2.46874e-06 0.00167223 5.96826e-05 5.17542e-05 4.22457e-06 0.00047366 0.0340892 0.013021 0.0180813 1.7732e-05 0.0338422 0.000309288 
0.0308448 0.00031793 0.00817574 0.346328 0.0188931 0.000562542 6.54871e-06 0.0846121 9.43947e-05 0.00165398 0.000694123 0.0114896 0.334292 0.000340505 0.0061779 6.75706e-06 0.00683394 0.148677 
0.0712149 0.00426624 0.0242437 0.461122 0.00285276 0.00697958 3.43375e-06 0.018167 6.81412e-05 0.00107719 0.00677364 0.0279459 0.332799 0.00022258 0.012086 7.27831e-05 0.00433764 0.0257672 
0.00883948 7.14615e-06 0.000167063 0.875905 0.0130731 0.000383717 2.46874e-06 0.00167223 5.96826e-05 5.17542e-05 4.22457e-06 0.00047366 0.0340892 0.013021 0.0180813 1.7732e-05 0.0338422 0.000309288 
0.00560174 0.0201036 0.000927146 0.477539 0.0657367 0.0250588 7.38009e-06 0.0183429 0.00408854 0.00016678 0.00636694 0.0197471 0.214559 0.012385 0.0686047 0.010454 0.0414657 0.00884454 
0.0076328 2.71603e-05 0.00053173 0.423673 0.080553 4.64663e-07 6.24069e-07 0.047989 2.31833e-07 1.02077e-07 0.000205106 0.00230667 0.026104 0.00140152 0.00731448 0.00252515 1.32152e-07 0.399735 
0.0191058 0.00706969 0.000410576 0.695088 0.00452974 0.000860493 3.72258e-06 0.0643303 0.00117018 5.5083e-05 0.00781704 0.0864737 0.0761831 0.000379799 0.00647258 0.000924877 0.00174857 0.0273765 
0.12468 0.0217187 0.0012316 0.163813 0.0686087 0.0208445 2.91158e-06 0.0894363 6.46238e-05 0.0161471 0.00904471 0.0792177 0.158978 0.0365689 0.133432 0.000807343 0.0454816 0.0299219 
1.64271e-08 0.0436008 2.45596e-05 0.801392 0.00106152 0.00451159 2.30082e-09 0.0340027 1.24124e-05 0.00825082 0.000751056 0.00377649 0.0307227 0.0256872 0.043609 7.00025e-07 0.00245775 0.000138417 
0.000151307 0.000241188 6.36801e-06 0.312667 0.000334287 0.235222 0.000133418 0.000510502 0.202782 8.38533e-05 4.75334e-05 0.000446661 0.0927063 0.0698545 2.23681e-05 9.39475e-05 1.98994e-05 0.0846767 
1.64271e-08 0.0436008 2.45596e-05 0.801392 0.00106152 0.00451159 2.30082e-09 0.0340027 1.24124e-05 0.00825082 0.000751056 0.00377649 0.0307227 0.0256872 0.043609 7.00025e-07 0.00245775 0.000138417 
0.0177292 0.00137316 1.35164e-05 0.587742 0.014062 0.00102567 9.67931e-06 0.00249658 0.000328665 0.000991394 2.94722e-05 0.0149831 0.330868 0.00654951 0.011649 1.0273e-05 0.00314347 0.00699582 
0.0276747 0.000472091 3.31604e-05 0.509931 0.0483461 0.00439199 1.97827e-07 0.0878377 0.000477642 6.05114e-05 0.00145261 0.0248107 0.10238 0.00139271 0.00797349 0.000213166 0.000284684 0.182268 
0.023162 0.0141529 0.00407986 0.38502 0.0350351 0.00891683 2.42046e-05 0.0758841 0.000348078 0.000922566 0.0044086 0.0357641 0.219385 0.0164898 0.0681081 0.00276728 0.0139572 0.0915751 
0.0329732 2.35887e-08 1.93558e-12 0.873949 0.00971256 5.90074e-08 4.54625e-09 8.76701e-05 1.79717e-05 1.01394e-07 2.35745e-12 0.000691844 0.0812488 0.000151959 8.70219e-08 1.97926e-05 5.55006e-08 0.00114679 
0.0553736 0.0115124 4.0438e-07 0.673181 0.0915968 0.000123549 3.07176e-06 0.0152879 9.24063e-12 7.83934e-05 2.7148e-08 0.00354115 0.0608348 0.040129 0.000555761 0.0473531 7.19989e-05 0.000357119 
0.0099386 7.20294e-05 0.00219152 0.60299 0.0364676 0.000450895 2.4506e-06 0.0187454 3.39222e-05 6.76338e-05 2.09888e-05 0.0120422 0.237503 0.00414583 0.0177425 9.82045e-06 0.019363 0.0382129 
8.01896e-05 0.000107146 0.00355245 0.39902 0.216339 0.000470606 6.07902e-08 0.125989 0.000180907 0.00171283 5.33289e-07 0.0502543 0.189448 1.05254e-06 0.00242361 0.00855079 0.000414438 0.00145407 
0.0076328 2.71603e-05 0.00053173 0.423673 0.080553 4.64663e-07 6.24069e-07 0.047989 2.31833e-07 1.02077e-07 0.000205106 0.00230667 0.026104 0.00140152 0.00731448 0.00252515 1.32152e-07 0.399735 
0.0105249 0.00115946 6.66369e-05 0.861029 0.016244 0.000658221 4.24966e-07 0.00642544 0.000164877 0.000132704 0.00116424 0.00256409 0.0660499 0.00495708 0.00849116 1.87594e-05 0.00157363 0.0187754 
0.00883948 7.14615e-06 0.000167063 0.875905 0.0130731 0.000383717 2.46874e-06 0.00167223 5.96826e-05 5.17542e-05 4.22457e-06 0.00047366 0.0340892 0.013021 0.0180813 1.7732e-05 0.0338422 0.000309288 
0.0342555 0.0797817 0.00127971 0.469015 0.0378442 0.00130602 7.39193e-07 0.0941061 0.000148745 0.000525838 0.00305693 0.0538571 0.139622 0.00146034 0.0769556 6.15299e-05 0.000455201 0.00626851 
0.0553736 0.0115124 4.0438e-07 0.673181 0.0915968 0.000123549 3.07176e-06 0.0152879 9.24063e-12 7.83934e-05 2.7148e-08 0.00354115 0.0608348 0.040129 0.000555761 0.0473531 7.19989e-05 0.000357119 
0.0553736 0.0115124 4.0438e-07 0.673181 0.0915968 0.000123549 3.07176e-06 0.0152879 9.24063e-12 7.83934e-05 2.7148e-08 0.00354115 0.0608348 0.040129 0.000555761 0.0473531 7.19989e-05 0.000357119 
0.00124938 2.76002e-05 0.000779801 0.847937 0.0153148 0.00292995 1.59496e-07 0.00407115 0.00061181 0.000285566 2.85663e-05 0.00233888 0.0884226 0.010439 0.0220228 6.49997e-07 0.00260259 0.000938129 
0.00129804 9.77355e-06 0.00342764 0.810132 0.0299131 0.000740034 7.84161e-07 0.0270929 6.02488e-05 9.89313e-05 7.53276e-05 0.000568815 0.0822134 0.0182247 0.0206466 4.37193e-05 0.00223358 0.00322045 
0.00184712 0.0269764 0.00799765 0.309754 0.031193 0.0996269 9.02448e-06 0.0636783 0.00202472 0.00368821 0.00407649 0.0337454 0.211134 0.0408447 0.0455975 0.00734669 0.0644171 0.0460433 
0.0192298 0.060882 0.0120592 0.284118 0.0276899 0.00926986 3.83917e-05 0.070963 0.000795683 0.00154676 0.00124119 0.0204161 0.280744 0.0119878 0.107207 0.000104815 0.000290015 0.0914165 
0.138534 0.00104129 0.000320352 0.260833 0.0220047 0.010479 0.000118708 0.190965 0.00412595 0.00344955 0.000116317 0.00516768 0.0354241 0.0345903 0.0898828 0.19499 0.0065891 0.00136801 
0.0379778 0.0250929 0.000209574 0.69071 0.0148541 0.00139911 1.02958e-06 0.0251806 0.00061413 3.41088e-05 0.00507113 0.0330822 0.134175 0.00467738 0.0171749 9.58496e-05 0.00781144 0.0018391 
0.0476075 2.96098e-05 6.24209e-05 0.869365 0.00935427 0.000783791 4.28161e-07 0.00278577 3.60886e-06 0.000138653 3.95383e-07 0.00398727 0.0548757 0.000469835 0.0029223 6.56495e-05 0.00308944 0.00445808 
0.00883948 7.14615e-06 0.000167063 0.875905 0.0130731 0.000383717 2.46874e-06 0.00167223 5.96826e-05 5.17542e-05 4.22457e-06 0.00047366 0.0340892 0.013021 0.0180813 1.7732e-05 0.0338422 0.000309288 
0.0148515 0.0206634 0.0325377 0.268511 0.0361608 0.00595807 0.000428506 0.163891 0.00239782 0.00150026 0.00247334 0.0285502 0.189341 0.0109664 0.0826229 0.00405004 0.0170328 0.118063 
0.0773025 0.00264361 0.000776779 0.288074 0.134164 0.000476171 7.9922e-06 0.265574 0.000359465 0.00161518 0.000404905 0.102004 0.0571243 0.0117088 0.0189733 0.0341162 0.000143049 0.00453146 
0.0883558 0.000100501 0.000209294 0.573256 0.0211658 0.000595328 3.1463e-06 0.019916 1.21281e-05 0.00023527 0.00425125 0.0316046 0.111067 0.0150065 0.0273482 0.00427237 0.00551196 0.0970887 
0.0723565 0.000719387 8.80878e-05 0.734384 0.0047279 0.000522638 9.13998e-07 0.0193578 1.20169e-05 9.16092e-05 0.019486 0.0204261 0.0800291 0.0140827 0.0111995 0.00367438 0.00934984 0.0094915 
0.0875991 3.43985e-05 4.06547e-05 0.628388 0.0138906 0.00134487 4.09517e-06 0.0048533 1.8608e-05 0.000642313 7.46945e-05 0.00420515 0.145142 0.00662016 0.0134067 8.61877e-06 0.00527704 0.0884502 
0.00207184 0.00555742 0.0301558 0.355775 0.0238813 0.0149858 0.0578873 0.0554361 0.000326161 0.000800949 0.00202386 0.101821 0.105002 0.0101157 0.0760699 1.45636e-05 0.0164049 0.141671 
0.00450144 0.000393717 0.000907411 0.864622 0.0205019 0.005154 4.26502e-06 0.00498704 0.000310246 5.41958e-05 3.46546e-05 0.00157284 0.0402185 0.0076321 0.0180741 2.7716e-05 0.0228851 0.00811841 
0.00883948 7.14615e-06 0.000167063 0.875905 0.0130731 0.000383717 2.46874e-06 0.00167223 5.96826e-05 5.17542e-05 4.22457e-06 0.00047366 0.0340892 0.013021 0.0180813 1.7732e-05 0.0338422 0.000309288 
0.00037808 0.0103335 0.00216672 0.455026 0.237218 0.0304427 7.85152e-05 0.032277 0.00014876 0.000108475 0.000145147 0.0043429 0.161099 0.0118434 0.0314711 0.000103056 0.00421531 0.0186014 
0.0720203 0.00179932 0.0613994 0.307699 0.00733308 0.00962505 2.72645e-06 0.0911982 0.000329783 0.000902241 3.56989e-07 0.0256131 0.096687 0.00621233 0.104562 3.79233e-05 0.000107919 0.21447 
0.00349752 0.000672144 0.00100473 0.590815 0.00368512 0.000324204 7.29279e-07 0.00735756 0.000184287 0.00263832 0.00373408 0.0535823 0.0142081 0.000343211 0.00730266 0.000102808 0.00309136 0.307456 
0.00883948 7.14615e-06 0.000167063 0.875905 0.0130731 0.000383717 2.46874e-06 0.00167223 5.96826e-05 5.17542e-05 4.22457e-06 0.00047366 0.0340892 0.013021 0.0180813 1.7732e-05 0.0338422 0.000309288 
0.0178506 0.000160521 6.49655e-05 0.873171 0.00789751 0.000725274 7.88433e-07 0.0056521 0.000222217 0.000221606 0.000293421 0.0035822 0.0506251 0.00783343 0.00990958 3.5003e-05 0.0019438 0.0198109 
1.64271e-08 0.0436008 2.45596e-05 0.801392 0.00106152 0.00451159 2.30082e-09 0.0340027 1.24124e-05 0.00825082 0.000751056 0.00377649 0.0307227 0.0256872 0.043609 7.00025e-07 0.00245775 0.000138417 
0.0101473 0.00519481 0.0003907 0.393858 0.134465 0.0482168 8.58107e-05 0.036934 0.00188404 0.000396272 0.00530808 0.0686404 0.19206 0.00469818 0.0198572 0.000220961 0.0109527 0.0666896 
0.016114 0.00283967 0.000893629 0.492757 0.0307347 0.00993318 5.54198e-07 0.010128 0.000883352 0.000210171 0.000658892 0.00853599 0.368234 0.00947765 0.0249569 3.93537e-05 0.00856793 0.0150353 
0.000797279 0.000178514 0.0135103 0.482476 0.0172274 0.000668433 1.16034e-06 0.0447041 4.79781e-05 1.9105e-05 9.28277e-05 0.128979 0.175656 0.00158851 0.0182438 8.80465e-06 0.0399165 0.0758842 
0.0671719 0.0027832 8.21692e-05 0.452236 0.0148883 0.00399312 6.88478e-07 0.00163043 0.00270386 0.000250272 7.4509e-05 0.00370664 0.41619 0.00225227 0.0222438 2.12453e-05 0.00174473 0.00802746 
0.0476075 2.96098e-05 6.24209e-05 0.869365 0.00935427 0.000783791 4.28161e-07 0.00278577 3.60886e-06 0.000138653 3.95383e-07 0.00398727 0.0548757 0.000469835 0.0029223 6.56495e-05 0.00308944 0.00445808 
0.0105249 0.00115946 6.66369e-05 0.861029 0.016244 0.000658221 4.24966e-07 0.00642544 0.000164877 0.000132704 0.00116424 0.00256409 0.0660499 0.00495708 0.00849116 1.87594e-05 0.00157363 0.0187754 
0.123093 0.000213382 1.33697e-06 0.620949 0.0813355 4.11285e-05 2.87345e-09 0.0209278 5.80164e-12 6.22402e-08 4.56444e-08 0.00183174 0.0993786 0.0516666 1.92051e-08 0.000420601 7.25378e-05 6.8309e-05 
0.0255643 0.0159486 0.00355246 0.432265 0.0323286 0.00729156 2.54038e-05 0.04394 0.000532061 0.000346134 0.00273441 0.0179091 0.291196 0.0104269 0.0496771 0.000788031 0.011076 0.0543981 
0.0461214 0.00114986 0.00743817 0.382248 0.12491 0.121767 4.11063e-06 0.0292161 9.29812e-05 0.0223659 0.00198386 0.0261299 0.069309 0.00593221 0.0539972 0.000265502 0.0214155 0.0856542 
0.0469199 0.000124424 0.000113515 0.780429 0.00841949 0.000283826 4.2382e-07 0.00181954 3.59628e-06 0.000178671 3.84732e-07 0.00572281 0.144104 0.000612519 0.00267596 1.76746e-05 0.00238781 0.00618691 
0.0149241 0.00587648 0.00825782 0.226933 0.148468 0.0072654 2.5314e-05 0.0234486 0.0248434 0.0139297 0.00408162 0.0411184 0.1902 0.0189593 0.0303642 0.00437803 0.0180066 0.21892 
8.91305e-05 0.0238246 0.000721658 0.395987 0.0232286 0.0230013 0.000104043 0.00935669 5.58617e-05 1.15737e-05 5.54336e-05 0.0181899 0.384065 0.0132404 0.0513607 1.60645e-05 0.00899939 0.0476926 
0.00527397 0.00818012 0.154547 0.601676 0.00597908 0.00921978 1.19584e-06 0.0419782 0.00014341 0.000107524 0.00116749 0.00929947 0.0628377 0.00151463 0.0172644 2.85628e-05 0.0175234 0.0632581 
0.0704003 0.00683529 0.000272562 0.558727 0.063623 0.00468776 3.06382e-06 0.0271524 0.000630708 0.00135734 0.00202291 0.0516329 0.0434881 0.0536058 0.0322483 0.00536858 0.00449403 0.0734498 
1.64271e-08 0.0436008 2.45596e-05 0.801392 0.00106152 0.00451159 2.30082e-09 0.0340027 1.24124e-05 0.00825082 0.000751056 0.00377649 0.0307227 0.0256872 0.043609 7.00025e-07 0.00245775 0.000138417 
0.0476075 2.96098e-05 6.24209e-05 0.869365 0.00935427 0.000783791 4.28161e-07 0.00278577 3.60886e-06 0.000138653 3.95383e-07 0.00398727 0.0548757 0.000469835 0.0029223 6.56495e-05 0.00308944 0.00445808 
0.00792216 0.0274798 0.00076608 0.403041 0.0457505 0.00586367 6.40881e-06 0.0216058 0.00249765 0.000261002 0.00233701 0.00751742 0.305755 0.0174046 0.0961114 2.60711e-05 0.0025365 0.0531184 
0.00464146 0.0378954 0.000464527 0.401002 0.0114207 0.0294081 1.57402e-05 0.0465426 0.000107528 0.00248163 0.00624222 0.0489265 0.323968 0.00316153 0.0560934 0.00359193 0.0137564 0.0102799 
0.0291786 2.5818e-05 0.000128863 0.468158 0.0754875 0.000402767 4.14755e-09 0.0364937 6.21842e-05 0.00235313 6.66739e-12 0.0217276 0.17463 0.000340999 0.00736802 6.55109e-06 0.00163793 0.181998 
0.0011378 0.00238948 0.00129696 0.407226 0.251771 0.0198184 2.2533e-08 0.00982766 0.000778323 0.000495108 5.31063e-05 0.00944197 0.027985 0.152857 0.045332 6.91756e-06 0.0646009 0.00498177 
0.00177918 0.00147305 0.00378006 0.521792 0.0633472 0.0148927 1.37968e-06 0.00801453 5.40036e-05 0.000981103 2.78748e-05 0.00425815 0.312774 0.00842136 0.0314294 5.73655e-05 0.00297379 0.0239425 
1.64271e-08 0.0436008 2.45596e-05 0.801392 0.00106152 0.00451159 2.30082e-09 0.0340027 1.24124e-05 0.00825082 0.000751056 0.00377649 0.0307227 0.0256872 0.043609 7.00025e-07 0.00245775 0.000138417 
0.0220759 0.000723349 0.00194495 0.340177 0.149625 0.0261542 1.66325e-05 0.0138996 0.000504219 0.000238974 0.00218 0.13886 0.1754 0.024668 0.0338058 0.000186536 0.00149967 0.0680406 
0.0178506 0.000160521 6.49655e-05 0.873171 0.00789751 0.000725274 7.88433e-07 0.0056521 0.000222217 0.000221606 0.000293421 0.0035822 0.0506251 0.00783343 0.00990958 3.5003e-05 0.0019438 0.0198109 
