0.000458623 0.0177262 0.00328445 0.0888066 0.308611 0.0704726 1.25442e-06 0.053813 0.00167307 1.00547e-07 0.00212044 0.00269948 0.108066 0.113257 0.199625 1.74655e-05 0.00238627 0.0269811 
0.000704488 0.0551252 0.00259676 0.0266135 0.241094 0.0230142 9.64814e-06 0.236297 0.000650327 0.00355912 0.0256787 0.034544 0.182636 0.0383074 0.105532 0.000195835 0.000698671 0.0227437 
0.018481 0.00645446 0.002302 0.184374 0.249167 0.0146029 2.41696e-05 0.0498362 0.00199635 0.00258398 0.00204207 0.0197346 0.233014 0.0107928 0.116979 0.000123897 0.0195163 0.0679756 
0.00087311 0.00150106 0.00515509 0.00331944 0.7908 0.0252668 4.15023e-09 0.0169291 0.00027006 0.000199023 0.00419195 0.0195821 0.0661648 2.5442e-05 0.0242348 0.000951367 2.08008e-05 0.040515 
0.00426484 0.0151619 0.000327802 0.0165407 0.43147 0.262379 9.08635e-05 0.00797163 0.00169945 5.25018e-09 1.18063e-05 0.0125779 0.0364736 0.0568971 0.116926 7.26777e-05 8.14673e-05 0.0370535 
0.0080769 0.0189229 7.32948e-05 0.105909 0.293135 0.0379429 0.000223009 0.24843 0.0566341 0.000732053 0.00114588 0.054016 0.0934307 0.000759381 0.00895898 0.000129855 6.38014e-05 0.0714158 
2.87185e-05 0.00861815 0.000611152 0.0926018 0.517257 0.00854932 3.73384e-05 0.0152645 0.000328083 0.000333546 6.54844e-08 0.0118972 0.0440863 0.0325533 0.0806109 0.156255 0.00121455 0.0297521 
1.72357e-05 4.89602e-05 0.000282438 0.000460718 0.989158 9.74395e-05 0.00016659 0.000241009 3.99646e-06 4.40275e-07 1.11491e-06 0.00190251 0.00461226 0.000563718 0.000183149 8.12884e-06 3.58796e-05 0.00221625 
0.000150833 1.03251e-08 0.00834787 0.000101129 0.90928 0.00306594 0.0759797 3.49023e-09 0.000241752 2.50895e-08 4.99326e-06 7.36525e-05 4.94078e-05 0.000141922 2.4151e-09 0.000206995 2.29084e-05 0.00233298 
0.00426799 0.00836942 0.000274826 0.04004 0.505481 0.0137905 2.61341e-07 0.0334099 0.00110055 0.000272608 0.000265396 0.00882849 0.0813554 0.00335927 0.136314 0.000355349 0.0632691 0.0992463 
0.000621306 0.0109103 8.80773e-05 0.0061619 0.359963 0.0514601 0.000421925 0.00421264 0.000135851 0.000591723 0.00599016 0.0322891 0.123367 0.0191998 0.346163 0.00033247 0.0380096 8.32337e-05 
0.00160531 0.0278008 0.000485849 5.70048e-07 0.386807 0.208829 0.00608798 0.0331989 0.0162372 0.00500899 0.00693742 0.0253859 0.118878 0.0013768 0.128768 6.84567e-06 0.00997414 0.0226114 
0.00664687 0.00273866 0.0691865 0.126444 0.204418 0.0247744 4.20959e-05 0.0967028 0.00104786 0.0011879 0.0073177 0.0575194 0.14229 0.0120863 0.0605302 0.00424835 0.00783972 0.174979 
0.000624557 0.00724999 0.00014615 0.0502908 0.520174 0.0295463 0.000574622 0.0170172 7.85069e-08 0.00230055 2.55505e-06 0.0207605 0.200765 0.0451338 0.0743747 3.56673e-06 0.00156996 0.0294657 
0.157762 0.00189147 0.000206543 0.0065498 0.46956 0.0101201 1.32522e-08 0.0508824 4.39341e-06 0.000377328 7.00574e-08 0.0438814 0.0419184 0.0012202 0.132728 0.00215976 0.000316466 0.0804219 
0.0068891 0.0432831 0.000444779 0.0567534 0.283634 0.0690173 6.25684e-05 0.0556099 0.00361723 4.48914e-05 0.00270708 0.25641 0.0670388 0.00538227 0.127128 5.72595e-05 0.00297378 0.0189462 
0.0556818 0.00516808 0.000167557 0.0236886 0.460528 0.133787 9.74047e-06 0.00254767 0.00100673 0.00289484 0.0136325 0.0101252 0.151498 0.00355517 0.133582 1.04395e-05 0.00101542 0.00109992 
0.00226062 1.14595e-06 6.4791e-08 0.361022 0.410859 0.0162935 2.77293e-10 3.45399e-07 5.03776e-07 0.0017143 2.28835e-07 0.0358475 0.0772727 0.0863297 0.00839736 2.78316e-08 3.84496e-07 7.84162e-07 
0.000854117 0.0200477 1.12745e-05 0.00012221 0.784672 1.54668e-05 7.0625e-07 3.53642e-05 2.96687e-05 4.49368e-05 0.000354278 8.75942e-05 0.191568 0.00110623 9.84335e-05 8.30841e-05 0.000666373 0.000202428 
1.90904e-06 0.126361 1.01951e-06 0.046945 0.690426 0.0154233 1.66522e-08 0.0317256 0.000222848 0.000307709 0.00248907 0.0452971 0.0380471 0.000102733 0.00142937 0.000184091 6.76442e-07 0.00103565 
0.0691295 0.0197777 0.00074965 0.0650521 0.410214 0.075705 3.60687e-06 0.0210576 0.00527802 0.000956123 0.00154691 0.032633 0.0742328 0.0135401 0.172306 0.000544695 0.00103924 0.0362342 
0.104001 0.000211428 0.0945958 0.00262565 0.587275 0.0370711 0.0546582 0.038874 0.000771978 1.60358e-05 4.03228e-05 0.0367372 0.00107316 0.00157206 0.00375419 0.0120045 0.000842425 0.0238752 
5.46488e-08 2.42222e-05 9.38598e-12 0.000585055 0.99412 0.000208971 2.26603e-11 0.000168359 1.13918e-05 0.00120071 0.000116502 1.00759e-05 9.9587e-07 6.46231e-05 0.00346293 7.41295e-09 2.56263e-05 1.31341e-08 
0.00283918 0.0157113 5.20863e-06 0.071453 0.628473 0.000509797 8.87915e-06 0.00123479 0.000128977 0.12809 4.19853e-08 0.00167346 0.000866877 0.0815616 0.0516017 0.0131542 0.00208146 0.000607144 
0.00365092 0.0418662 0.000110967 0.158632 0.320398 0.0274497 6.14934e-06 0.0230697 0.00374623 0.000103247 0.0776338 0.0215898 0.0576217 0.187269 0.0765525 4.1572e-06 0.000146319 0.000149856 
0.00636533 1.22299e-06 5.26407e-06 0.370781 0.424013 0.000160273 7.75972e-05 0.00939569 1.39035e-07 9.3748e-07 6.53567e-07 0.0311216 0.128141 1.28045e-06 0.00970307 2.50283e-07 0.00830135 0.0119303 
0.00137492 0.00113475 0.000525058 0.117087 0.357058 0.074028 8.34712e-05 0.0187938 0.00136513 0.00196723 0.000487941 0.0230057 0.273041 0.0172135 0.0548834 0.000394583 0.02174 0.0358164 
0.000115281 0.00496639 0.000133163 1.20099e-06 0.56522 0.200254 5.64036e-06 0.00946748 0.000842463 0.0015362 8.20551e-07 0.0161152 0.0713146 0.00130071 0.104388 0.000945307 0.00339049 0.0200025 
0.0256534 0.00226153 0.00197941 0.152317 0.290021 0.00661739 0.121911 0.058223 8.05968e-05 0.0054392 0.000347384 0.0514025 0.0278283 0.0481565 0.148264 0.0271434 0.0170262 0.0153285 
5.93443e-08 1.18546e-07 0.000989823 0.130204 0.327727 2.45555e-07 5.82618e-12 0.218851 2.38132e-07 8.52618e-07 1.4373e-07 0.00505191 0.130914 0.000536542 0.0298304 8.93469e-05 0.000308451 0.155496 
0.00280165 0.00041846 1.56554e-06 0.00869178 0.390266 0.291926 1.87532e-06 0.0701632 0.000952432 0.00723255 3.56175e-06 0.041713 0.134469 0.000523687 0.0410777 2.53671e-05 0.00958761 0.000144933 
0.000222189 0.0114521 0.00375673 0.163523 0.257564 0.0777593 2.01313e-09 0.0899234 0.00476801 0.00185483 0.00100862 0.0226151 0.200874 0.000677359 0.042963 0.000136647 0.0110563 0.109844 
0.0738579 0.0102216 0.0488719 0.00562558 0.769793 0.0113303 2.79552e-05 0.00886236 0.000222769 0.000283262 0.000718663 0.0214284 0.00699092 0.000334924 0.0391201 0.000123424 0.00150346 0.000682992 
0.00539043 0.000802142 0.000930491 0.00677828 0.470042 0.0423792 1.40996e-06 0.00403335 0.000231848 0.000591725 0.00131087 0.0449865 0.0931447 0.00769389 0.20935 3.89485e-05 0.0404182 0.0718763 
0.0164985 0.00556083 0.0249244 0.0295418 0.205592 0.0990746 0.176133 0.0433089 0.00278253 2.11486e-07 2.25151e-07 0.0505099 0.0243714 0.0578412 0.179619 0.000169681 0.00340208 0.0806693 
1.38028e-06 0.00722596 3.21394e-05 0.165996 0.55657 0.00205211 4.96306e-06 0.0739988 3.06541e-05 3.21807e-07 2.86791e-07 0.000744321 0.0796679 0.0016477 0.108611 5.66252e-05 0.000168801 0.0031904 
0.00200164 0.0423421 0.000204786 0.0186569 0.447128 0.00447631 6.50527e-07 0.155709 5.33068e-05 1.29192e-05 0.000325394 0.0240223 0.216858 0.0467862 0.0321238 3.96603e-06 0.00862788 0.000666307 
0.000539195 0.0258393 2.66886e-05 0.022219 0.433225 0.10638 0.000329971 0.00364556 0.00111091 0.0218044 9.96622e-09 0.00403669 0.194704 0.000710305 0.00164137 1.34271e-05 1.28102e-06 0.183773 
0.0693453 0.000499347 0.0047295 0.0242248 0.322963 0.0681434 0.00212947 0.146665 0.00181349 0.00236683 0.000714533 0.140767 0.148692 0.000963078 0.0288022 0.0153492 0.000135694 0.0216965 
0.000700355 0.00889101 0.000139591 0.00382734 0.418193 0.39883 3.93575e-07 0.0145645 0.002019 0.00185122 0.00512523 0.033969 0.0427939 0.0012601 0.0637866 7.27977e-06 0.00144733 0.00259393 
0.00116431 0.00604144 0.000900808 0.266092 0.579799 0.00514923 0.000381175 0.00404378 2.69164e-08 8.83037e-05 1.8283e-06 0.0152378 0.0669607 0.000630262 0.0459804 2.02607e-05 9.41858e-05 0.00741423 
0.00267882 0.0228987 0.000292954 0.0417034 0.742263 0.000743195 2.85098e-06 0.00780812 8.29118e-05 0.054394 9.76662e-05 0.00198959 0.00260486 0.0331227 0.0818508 0.00426346 0.00280506 0.000397739 
0.0133656 0.0501904 0.0940251 0.0267798 0.344114 0.122714 9.43449e-07 0.114468 0.00513449 4.43501e-05 0.00609764 0.0591347 0.0299597 0.00280255 0.122014 2.78913e-09 0.000348422 0.00880669 
0.030864 0.000771921 4.11634e-05 0.0347812 0.675149 0.0169821 2.32767e-07 0.0248574 0.000114624 0.000826197 7.21942e-05 0.0329626 0.0935527 0.0013382 0.0602012 0.000630992 0.00266985 0.0241847 
1.72357e-05 4.89602e-05 0.000282438 0.000460718 0.989158 9.74395e-05 0.00016659 0.000241009 3.99646e-06 4.40275e-07 1.11491e-06 0.00190251 0.00461226 0.000563718 0.000183149 8.12884e-06 3.58796e-05 0.00221625 
0.203976 0.0747086 7.20153e-05 0.227501 0.36175 0.0404654 2.4223e-08 0.0062821 1.53463e-06 5.15569e-07 3.78073e-07 0.0138391 0.0298194 0.0155259 0.0243501 0.00166597 2.21269e-05 2.08564e-05 
0.0710879 0.00408266 0.025133 0.0295676 0.210941 0.0908912 1.06839e-05 0.17502 0.000248206 0.00335143 0.00639424 0.0700367 0.0971844 0.0573874 0.117347 0.00280407 0.00336378 0.0351482 
0.0329156 0.0360458 0.00543704 0.0608214 0.250181 0.151131 3.24253e-06 0.00938114 9.14297e-06 5.81525e-07 0.0005204 0.0652991 0.0837511 0.00441084 0.0539988 1.51199e-05 9.29017e-08 0.246078 
0.00331128 0.00681887 0.000434369 0.106083 0.491801 0.000299422 2.20879e-05 0.0161105 1.30738e-10 0.00101125 8.97207e-11 0.000140528 0.0239558 0.00135684 0.144752 0.195512 6.15746e-05 0.00833006 
2.60383e-06 0.035679 8.5218e-10 0.0135804 0.518295 0.283291 2.0574e-09 1.03511e-05 0.127207 1.56977e-09 1.97308e-06 0.0218662 1.48694e-05 1.74647e-05 3.31677e-05 1.25242e-06 2.98544e-10 3.42727e-10 
0.0107761 0.0150792 0.00024016 0.0238744 0.448526 0.11972 5.34516e-05 0.0118695 0.0319168 0.00899745 0.00189013 0.0290483 0.150295 0.00322912 0.0956723 0.00129814 0.0438457 0.00366863 
0.0026592 0.00373423 2.21208e-05 0.00356209 0.394033 0.153699 8.22177e-06 0.00019383 0.120363 2.03575e-07 0.0146898 0.0268109 0.0365759 7.62568e-08 0.231719 4.52866e-06 2.25502e-06 0.0119225 
0.0138547 0.0154609 0.00428719 0.0617821 0.236381 0.118874 3.67693e-05 0.0132833 0.00416315 0.00103893 0.00279373 0.0611333 0.148562 0.0168937 0.200366 0.000483685 0.0706355 0.0299699 
0.00129509 0.0451474 0.00116562 0.0955747 0.666534 0.0192726 6.97674e-07 0.0980222 0.0127265 2.97212e-06 0.000251497 0.005346 0.0159132 6.98175e-05 0.0199797 5.34876e-05 0.0118121 0.00683218 
0.00565408 0.00664658 0.0217618 0.0123035 0.260322 0.115747 0.0268116 0.199404 0.00302317 0.000633543 0.00118731 0.0415812 0.126585 0.00759283 0.0799141 6.74781e-05 0.011384 0.0793812 
0.000227088 0.041889 0.0143102 0.00416746 0.505388 0.141127 0.00140269 0.106605 0.00306567 0.00163411 0.00304415 0.00292828 0.0917689 0.0240872 0.0429195 1.64249e-07 6.70546e-05 0.0153678 
0.000656157 0.00945977 0.000546913 0.0157362 0.434803 0.0486551 0.0210634 0.0077799 0.00171266 0.000102737 0.00207026 0.0254071 0.0218396 0.0156817 0.246429 0.000114781 0.0856339 0.0623081 
0.00143425 0.0473162 0.0118812 0.0455336 0.291368 0.223377 5.46408e-06 0.0321208 0.000144152 0.000526294 0.00609992 0.00623817 0.16266 0.00888038 0.110087 1.77156e-06 0.00108839 0.0512366 
2.16018e-05 2.62361e-08 3.46091e-08 2.12099e-05 0.615676 0.208068 0.000700484 0.0109604 0.000261988 6.37523e-08 4.21523e-08 0.0421169 0.119161 1.80633e-05 0.00226899 5.40301e-05 1.21246e-08 0.000671406 
0.00240693 0.0193048 0.0013219 0.0491279 0.483656 0.153774 2.84456e-06 0.00448283 0.00140665 3.8702e-05 0.000959947 0.0189638 0.209383 0.0107876 0.0173259 4.48856e-06 0.00136956 0.0256829 
0.157164 0.00673364 1.76323e-05 0.138514 0.397699 0.00162914 2.43332e-07 0.00949797 6.40873e-08 0.000204214 1.22519e-05 0.00283197 0.124966 0.0094703 0.149052 0.000102293 0.000572963 0.00153176 
0.00227158 0.0156591 4.18539e-06 0.069815 0.65787 0.000407894 7.13784e-06 0.00147171 0.000103222 0.119959 4.5836e-08 0.00133883 0.000693547 0.0652504 0.0524721 0.0105246 0.00166534 0.000485774 
0.00269763 0.19441 0.00406055 0.139542 0.222065 0.0327858 0.00194723 0.162284 0.00101309 0.0012246 0.00102429 0.0222413 0.117132 0.00627138 0.0533854 1.93946e-05 0.00134576 0.0365508 
0.00278571 0.00114406 0.00812343 0.0366882 0.854133 0.00217188 1.37031e-09 0.058453 1.70847e-07 8.33632e-07 5.61052e-07 0.00185852 0.00900565 2.31506e-07 0.0168514 4.22119e-05 1.73838e-06 0.00873957 
0.00247454 0.0196348 0.000656407 0.0071472 0.355281 0.0411899 2.42471e-10 0.0179892 0.000923352 0.000396276 0.000956003 0.0132164 0.189211 0.0285503 0.14647 0.000275411 0.12974 0.0458874 
8.42657e-06 8.5034e-06 2.64152e-06 0.00128684 0.354373 0.0155216 0.000515689 0.222132 1.7156e-06 4.2351e-07 0.00679842 0.00164546 0.107152 0.0409351 0.245713 1.60185e-07 0.00390148 3.61133e-06 
0.0382021 0.00495925 0.000429574 0.0302841 0.423266 0.0941848 1.56429e-06 0.0121546 0.00642991 0.00336293 0.000533713 0.00696602 0.0321848 0.0118259 0.272485 0.000127922 0.0560652 0.0065365 
8.42644e-07 0.0204901 2.30111e-07 0.099163 0.517884 0.279033 5.89272e-07 0.000832614 3.2512e-07 1.19892e-10 2.63466e-07 0.000560615 0.010335 0.0226071 0.00660516 0.000138838 0.00298495 0.0393634 
0.0167493 0.00832822 0.0164674 0.175656 0.368854 0.0105359 3.10438e-07 0.062727 3.10556e-07 3.10544e-07 3.10659e-07 0.0294985 0.0382669 0.0257309 0.201401 0.00136783 0.021882 0.022534 
0.00122897 0.00114268 3.96381e-06 0.000629032 0.877662 0.0229184 0.000268946 1.13711e-06 9.85944e-05 4.51475e-07 2.06046e-05 0.0599583 0.000196981 6.26295e-09 0.0357654 8.08744e-07 0.000101205 2.55609e-06 
8.81228e-05 1.05876e-06 0.000435769 0.0293466 0.225721 0.140574 0.000345947 0.00236716 0.000104305 3.59047e-05 9.30855e-09 0.131933 0.13676 9.53544e-05 0.146152 4.80428e-05 0.000401829 0.185591 
0.00370991 0.00645769 0.00146524 0.0159826 0.364021 0.122691 0.000237812 0.0284792 0.0306104 0.000520326 0.000811161 0.0668131 0.0843494 0.0116032 0.194488 0.000944304 0.00868902 0.0581265 
5.66493e-05 0.00155425 0.00186704 0.00156591 0.478277 0.00668165 2.16155e-06 0.0281489 0.000870543 0.0151919 0.24149 0.0763968 0.0176048 0.0109393 0.0592223 9.07338e-06 0.0215867 0.038535 
5.93443e-08 1.18546e-07 0.000989823 0.130204 0.327727 2.45555e-07 5.82618e-12 0.218851 2.38132e-07 8.52618e-07 1.4373e-07 0.00505191 0.130914 0.000536542 0.0298304 8.93469e-05 0.000308451 0.155496 
0.0249888 3.13497e-05 0.00144228 0.105036 0.674821 1.36843e-05 4.43898e-06 0.155234 1.06494e-06 3.27164e-05 2.27687e-05 0.000510232 0.00912981 0.000529357 0.00990216 1.94348e-05 0.00438241 0.013899 
0.0440231 0.000543655 8.44852e-07 5.53943e-06 0.252326 0.146333 7.76695e-05 0.0209432 0.185691 0.0353414 0.0298557 0.0299169 0.00206325 0.00176731 0.0558333 0.192197 0.00025413 0.00282779 
1.46555e-09 2.35506e-05 1.91906e-09 5.22385e-05 0.722501 0.0838273 4.63314e-09 0.022673 6.42444e-06 1.38241e-06 2.33733e-09 0.00330425 1.31034e-05 1.32418e-09 0.13646 8.81092e-10 6.72304e-10 0.0311379 
6.81447e-06 0.127825 1.67963e-05 0.00397538 0.580474 0.209203 1.42035e-07 0.012255 8.7418e-05 1.53416e-05 0.00025753 0.00126978 0.00559414 0.00536005 0.0523957 2.70111e-08 0.00123463 2.91592e-05 
0.0123241 0.0194349 0.00149546 0.12175 0.218579 0.13269 0.000224019 0.0290242 0.0599586 0.000353449 0.00325233 0.0890867 0.109963 0.0275569 0.0364514 0.0117156 0.00463975 0.1215 
0.00918523 0.1758 0.00915657 0.0647613 0.267382 0.0428599 0.000146722 0.095034 0.00461649 0.000832984 0.00284935 0.0559788 0.122588 0.00354986 0.087755 0.0023023 0.00222149 0.0529802 
0.00290356 0.015747 4.7804e-05 0.0656669 0.452517 0.0404303 9.65887e-05 0.0115576 0.000113789 0.00528916 0.00085647 0.00674445 0.343203 0.000374266 0.00909149 5.99018e-05 0.000100224 0.0452006 
5.82297e-05 0.00594604 0.000141655 0.00164622 0.915716 0.0222721 1.49755e-07 0.00324183 0.000941969 0.00160611 4.2071e-07 0.000974472 0.00282735 0.000133023 0.0444376 1.46678e-05 4.14801e-05 7.01669e-07 
0.00178025 0.0423162 0.000848728 0.191159 0.405612 0.00266907 4.2503e-07 0.111229 0.00122947 0.000861546 0.00230906 0.0326328 0.157314 7.89564e-05 0.0457175 0.000207463 0.000238139 0.00379701 
2.105e-07 0.112356 0.000338949 0.116327 0.252279 0.00599032 1.61957e-06 0.106704 0.00249627 0.000945338 0.00124785 0.0269952 0.146373 0.0245204 0.189661 0.000170061 0.000259187 0.0133337 
2.47017e-10 0.0155131 9.05995e-07 0.108967 0.48456 0.107623 7.8091e-10 0.0810805 6.14297e-06 0.0330535 1.0519e-05 8.362e-07 0.050639 1.17623e-05 0.118533 4.15969e-07 1.13316e-10 1.30086e-10 
0.0012338 0.0179784 0.00113469 0.0308714 0.268484 0.180683 1.66304e-05 0.00945027 0.0534393 0.00370061 6.71621e-07 0.0161974 0.0661032 0.0655255 0.22745 6.12406e-05 0.00172045 0.0559496 
0.00384969 0.00374795 0.000383121 0.0186746 0.339238 0.162905 1.47286e-05 0.00285307 0.00108231 3.75665e-05 0.0119424 0.0644923 0.0220142 0.0218778 0.264876 0.000214168 0.05578 0.0260172 
0.00121337 0.0067882 0.000581628 0.0699704 0.307158 0.0741323 0.000128892 0.0113357 0.000717642 0.000801114 0.00207782 0.133505 0.138369 0.00344684 0.0837353 0.000149136 0.0097918 0.156098 
0.00318331 0.000340901 0.00830661 0.276073 0.351325 0.000628604 3.88814e-05 0.0427286 0.000425975 5.2512e-07 0.000177215 0.0541973 0.207236 0.00060007 0.0196071 1.4019e-07 0.00415143 0.0309794 
0.00283918 0.0157113 5.20863e-06 0.071453 0.628473 0.000509797 8.87915e-06 0.00123479 0.000128977 0.12809 4.19853e-08 0.00167346 0.000866877 0.0815616 0.0516017 0.0131542 0.00208146 0.000607144 
0.00704347 6.27613e-07 0.00866737 0.0841252 0.260384 0.23602 0.0626655 0.0563158 0.0342083 0.000197352 1.88059e-06 0.100959 0.0634045 0.000596356 0.0549828 1.67333e-07 8.55846e-05 0.0303412 
0.00335903 0.00978774 0.00353514 0.120853 0.197169 0.0655931 1.971e-06 0.185371 0.00092662 0.000394228 0.00135838 0.0506015 0.157363 0.0130741 0.0951036 0.0020536 0.0726148 0.0208405 
0.00798042 0.0523118 0.000308291 0.00156224 0.695113 0.0226581 8.58781e-05 0.00261563 0.0346408 0.000440986 0.00336661 0.00381725 0.00442726 0.00905776 0.154412 0.00146975 0.002298 0.00343447 
1.06242e-05 0.00851001 1.06228e-05 1.06275e-05 0.355984 0.198711 1.06138e-05 0.0584614 1.06178e-05 0.170952 1.06214e-05 1.06274e-05 1.06282e-05 1.06247e-05 0.207255 1.06261e-05 1.06268e-05 1.06265e-05 
0.00177472 0.0021839 0.0245824 0.0147835 0.35826 0.0384751 0.000584294 0.108907 0.00229853 5.06733e-05 0.00438651 0.006408 0.0191836 0.00513165 0.333953 0.00261358 0.00190058 0.0745231 
3.53279e-08 3.50683e-08 0.000569172 2.58488e-05 0.247846 0.228525 4.99905e-05 0.0264411 0.168541 6.38033e-05 0.00170373 0.083936 0.189167 2.65927e-05 0.0528116 3.03464e-06 2.57439e-05 0.000263738 
0.000888179 0.00204906 6.25443e-07 0.00220484 0.667946 0.0777675 0.135582 0.00234928 0.00155193 1.29668e-05 0.00305061 0.00723598 0.00426255 0.000437517 0.066189 0.000139116 0.0269027 0.0014304 
0.00987437 0.017372 0.000398644 0.209164 0.265834 0.0859828 5.99974e-06 0.0413393 0.000757332 0.000417487 0.00164406 0.0147388 0.217703 0.0214551 0.0885271 0.00108251 0.00947157 0.0142314 
0.0039588 0.0311695 0.00566038 0.117838 0.398357 0.0378136 7.18039e-05 0.0877341 0.00725346 0.00417157 0.00462284 0.03947 0.17356 0.00359472 0.0447359 0.0110112 0.0120232 0.0169534 
0.0788848 0.00408708 0.00345339 0.0464119 0.718288 0.00930783 1.8778e-08 0.00954544 0.000135745 5.75445e-06 5.07268e-06 0.00279231 0.015901 0.0175555 0.0890376 8.22892e-05 0.000976431 0.00352994 
0.0350316 0.00958678 0.000513569 0.04914 0.589698 0.00461495 1.37815e-05 0.0273317 0.00388013 0.000365253 2.81943e-05 0.0227874 0.0566931 0.025374 0.169809 2.10852e-05 0.00106472 0.00404677 
0.000532626 0.00918253 1.64509e-05 0.0180413 0.483888 0.0694313 0.00183474 0.000331981 4.46666e-05 5.69133e-07 0.000329846 0.00204122 0.0744541 0.00375589 0.178014 4.5379e-07 0.0390429 0.119057 
0.067589 0.0524616 0.00114419 0.0535263 0.373334 0.0250073 0.000212396 0.0505119 0.00352765 0.00257153 0.0236058 0.0227642 0.168219 0.00900191 0.10529 0.00121044 0.0172677 0.0227547 
0.011402 0.00416797 0.0324449 0.0495708 0.246277 0.0825695 0.00155596 0.0170709 0.0163301 0.00253828 0.000545302 0.245874 0.103061 0.00424152 0.0560328 0.0986043 0.0247185 0.00299503 
3.70674e-10 0.0129388 4.85378e-10 1.14043e-10 0.424173 0.155158 1.17184e-09 0.130206 8.61428e-10 1.43959e-05 1.16466e-05 2.53113e-05 6.05952e-06 3.71793e-06 0.277266 0.000195262 1.70042e-10 2.12796e-06 
0.104001 0.000211428 0.0945958 0.00262565 0.587275 0.0370711 0.0546582 0.038874 0.000771978 1.60358e-05 4.03228e-05 0.0367372 0.00107316 0.00157206 0.00375419 0.0120045 0.000842425 0.0238752 
0.0236584 0.00827233 0.00761345 0.0909731 0.369766 0.0138492 0.00565646 0.193809 0.00155996 0.00116103 0.00566623 0.0518518 0.172239 0.00647768 0.0138066 0.00155719 0.00176003 0.0303224 
0.00550948 0.00869962 1.2914e-07 3.99664e-05 0.510116 0.0785578 3.11781e-07 0.00645874 0.0141387 0.00806262 0.00905872 0.0376964 0.00228066 0.0330251 0.283812 5.92919e-08 0.000953568 0.0015911 
0.0103515 0.00653131 0.00446321 0.0949675 0.253539 0.0310211 1.05228e-05 0.0313904 0.00884031 0.000305182 0.0105497 0.206295 0.108615 0.00402643 0.0972811 0.000305283 0.00274508 0.128762 
0.00365083 0.0067689 0.000457447 0.101465 0.558896 0.0333392 0.000279096 0.0526299 0.00676267 6.41248e-05 0.000150589 0.00932955 0.112607 0.00598976 0.0527316 4.5403e-05 0.005391 0.0494418 
1.72357e-05 4.89602e-05 0.000282438 0.000460718 0.989158 9.74395e-05 0.00016659 0.000241009 3.99646e-06 4.40275e-07 1.11491e-06 0.00190251 0.00461226 0.000563718 0.000183149 8.12884e-06 3.58796e-05 0.00221625 
0.0107356 0.00288155 0.00967062 0.0608627 0.439314 0.289732 0.000219993 0.0213393 0.00332446 0.000517762 0.00751332 0.00631897 0.0241965 0.0219619 0.0744384 0.00026652 0.00101267 0.0256933 
2.98441e-06 1.22323e-09 5.15083e-06 0.00044372 0.443435 0.0114952 1.93295e-06 0.0194654 0.125427 0.304361 0.00128098 3.24871e-06 0.0812172 3.81733e-06 0.0128511 2.20185e-06 5.91508e-07 3.47053e-06 
0.0467375 0.0105002 0.000544621 0.0989982 0.343095 0.0338576 2.12664e-05 0.0410327 0.000327804 0.00636381 0.00141352 0.036868 0.145044 0.0178143 0.145421 0.0144166 0.00622824 0.0513151 
0.00122897 0.00114268 3.96381e-06 0.000629032 0.877662 0.0229184 0.000268946 1.13711e-06 9.85944e-05 4.51475e-07 2.06046e-05 0.0599583 0.000196981 6.26295e-09 0.0357654 8.08744e-07 0.000101205 2.55609e-06 
0.160572 0.00602845 0.00170453 0.134626 0.254115 0.0102938 2.88321e-07 0.0699623 0.000741849 0.00121781 0.00604874 0.0475461 0.173952 0.000548276 0.0557623 0.00118106 0.00207856 0.0736213 
0.000193098 0.039487 0.00016115 0.0637034 0.532622 0.0878442 2.05039e-05 0.00652338 0.00382599 0.00098528 1.77244e-05 0.00970195 0.0590786 0.0431616 0.128946 1.15663e-09 6.88941e-06 0.0237221 
0.000881097 0.00124215 3.6979e-05 0.0288291 0.825085 0.0139036 0.000377617 0.007546 0.00833483 1.85924e-05 0.000253303 0.0105912 0.0613931 0.00312612 0.032522 0.000337212 0.00123334 0.00428858 
0.0261946 0.00245517 0.0725939 0.0341388 0.234435 0.213626 0.0130811 0.0726797 0.031474 0.00312462 0.000290734 0.0582346 0.0895923 0.00653554 0.0058942 0.00641869 0.00299912 0.126232 
2.92568e-09 0.0103528 0.0115552 0.00176519 0.761239 0.0632884 3.12706e-08 0.00472452 0.00360761 3.79195e-05 0.00226916 0.00861752 0.0422584 0.0229295 0.0247689 1.75893e-09 0.00139237 0.0411939 
5.1615e-06 0.000505964 0.00176326 0.313226 0.507191 9.65786e-05 9.55319e-09 0.033404 1.61337e-07 6.07756e-06 0.000311949 0.00693754 0.0796901 0.000503342 0.0230089 2.68443e-08 0.0333489 1.64006e-07 
0.00307305 0.0384803 0.000275091 0.0299279 0.332132 0.136447 9.74358e-05 0.0663865 0.00302286 0.000265923 0.0003395 0.036376 0.289183 0.0070222 0.0487578 0.00297135 0.00255728 0.00268453 
1.46691e-08 0.000245805 9.59598e-08 0.00763014 0.924371 0.0017856 1.91354e-10 0.00245209 0.0177447 0.000699479 2.6813e-07 8.28358e-05 0.00344271 0.00994781 0.0132307 0.000104784 0.0181086 0.000153039 
0.0100355 0.00106534 0.00145693 0.0624671 0.270425 0.162627 0.000112561 0.00550331 0.000918212 0.0129175 0.0047782 0.0696075 0.0973952 0.0576186 0.179269 0.0055226 0.0306845 0.0275968 
0.00245822 0.00523603 6.11763e-05 0.113359 0.30738 0.0973603 3.95485e-06 0.0502849 0.00369361 0.00020651 0.000697155 0.00757831 0.0397007 0.0540273 0.169694 0.000587084 0.146479 0.00119177 
0.000453048 0.000107115 3.88006e-06 0.0776933 0.318827 0.0590343 2.32834e-05 0.000203551 2.0129e-05 7.78679e-05 1.90479e-05 0.00326898 0.155541 0.194733 0.129601 3.2392e-05 0.0553967 0.00496444 
1.59103e-06 0.275449 3.346e-07 1.56776e-05 0.342813 0.0464706 0.00185999 0.0824523 1.52282e-06 0.002078 1.50345e-07 0.0700812 0.143945 2.47493e-06 0.011284 8.12351e-05 3.09454e-07 0.023464 
4.75546e-08 0.000736447 0.0050128 1.46308e-08 0.987466 0.0020487 1.50337e-07 0.0018191 0.000707405 0.000688348 0.000864676 1.6425e-08 0.000310796 0.000150429 0.000195445 2.85899e-08 2.18151e-08 2.50436e-08 
4.39644e-07 2.16999e-07 0.0060821 0.302872 0.367552 0.000678834 6.75869e-08 0.081738 4.2161e-08 3.45569e-11 2.28486e-11 0.00503426 0.0374465 0.0120551 0.181336 7.0514e-06 0.000506988 0.00468999 
0.0015019 0.0107912 9.20036e-06 0.21185 0.313191 0.0045605 1.06585e-10 0.0262666 2.69188e-05 1.07989e-07 0.0167835 0.00800765 0.112743 0.0069889 0.212174 9.55438e-07 0.0583789 0.0167254 
0.000102466 0.00144927 0.00117005 0.0285116 0.299142 0.261697 0.00232545 0.021558 0.00740802 0.0122426 0.00269158 0.0580319 0.0399916 0.0279249 0.173732 8.89614e-05 0.0145436 0.0473886 
0.000618446 0.136452 0.00458763 0.109124 0.572718 0.0005231 3.92287e-10 0.00369453 0.000933752 2.99311e-10 8.30624e-07 0.00632554 3.2463e-06 0.0439615 0.112012 1.96717e-05 0.00577779 0.0032482 
0.00097762 0.00105678 0.000768485 0.00385804 0.808207 0.0178487 0.019573 0.0098581 0.000517402 2.44441e-05 0.000136344 0.0664662 0.0452249 0.00259716 0.00181747 0.0152806 0.000849633 0.00493779 
0.000194728 0.112342 0.00979311 0.00388857 0.324798 0.16382 0.00712603 0.0332119 0.0824664 0.000611842 0.0041724 0.00734477 0.0620617 0.0100256 0.0941775 0.000194447 0.00108551 0.0826846 
0.000393346 0.000716396 1.06002e-06 0.00737799 0.914375 0.0215204 1.30373e-09 0.00860884 1.18196e-06 1.07356e-06 6.57706e-10 1.22881e-06 0.000734342 2.06608e-07 0.0462633 2.51982e-08 1.89181e-10 5.98837e-06 
0.0195303 0.000548266 0.0129993 0.0401224 0.254109 0.0673205 0.000863985 0.004202 0.000342075 0.00101402 3.98931e-05 0.0439448 0.24396 0.0059135 0.203402 0.000272353 0.0125498 0.0888656 
1.72357e-05 4.89602e-05 0.000282438 0.000460718 0.989158 9.74395e-05 0.00016659 0.000241009 3.99646e-06 4.40275e-07 1.11491e-06 0.00190251 0.00461226 0.000563718 0.000183149 8.12884e-06 3.58796e-05 0.00221625 
3.70155e-05 0.0872509 0.00083047 0.0826333 0.320032 0.0486405 4.3967e-10 0.117142 0.00100288 1.30553e-06 0.0114025 0.0239968 0.134959 0.00153494 0.0728366 3.55234e-08 0.00186563 0.0958339 
0.00668806 0.00100361 0.0668664 0.0706069 0.338465 0.0228844 2.56764e-05 0.15605 0.000286155 0.000176262 0.00197345 0.00322334 0.105636 0.0321935 0.179922 4.79324e-07 0.00142928 0.0125696 
3.07271e-06 1.5166e-06 3.95635e-06 0.105068 0.837756 0.0241374 2.34464e-07 3.86014e-06 1.09972e-06 1.37505e-10 9.09167e-11 0.0123344 1.21651e-06 4.26489e-06 0.0205902 9.06508e-05 1.84106e-06 2.17658e-06 
1.10783e-06 1.98291e-07 9.80829e-07 2.63677e-06 0.619844 1.29764e-11 5.84677e-11 0.126194 1.28984e-07 4.46102e-11 2.94958e-11 0.0121713 0.208838 0.0033095 0.0283651 2.33608e-08 0.0012714 6.53545e-07 
0.004799 0.00138735 0.0586254 0.00519333 0.306409 0.11033 0.047512 0.170438 0.00049445 0.0158378 0.00356313 0.0647536 0.0512897 0.000965518 0.0251991 8.02276e-05 0.00394711 0.129175 
0.00138022 0.0203333 0.00449771 0.00647794 0.495727 0.0322458 0.000385018 0.105383 0.000242052 0.000905622 0.000134431 0.0194147 0.0223837 0.00902619 0.274708 1.10973e-07 0.000179118 0.00657591 
0.000554544 0.0883267 1.52789e-06 0.0759306 0.481685 1.38344e-05 1.04771e-09 0.0720802 0.0159029 3.74839e-05 0.0178931 0.00387774 0.0914958 0.0983891 0.052817 3.50849e-07 0.000746698 0.000246712 
0.000975736 0.0101381 0.00438965 0.0104729 0.429386 0.265326 2.34081e-08 0.0206804 0.0267863 0.0663128 6.48881e-08 0.0115089 0.0631924 0.000319387 0.0733964 0.000201054 0.000119078 0.0167944 
1.72357e-05 4.89602e-05 0.000282438 0.000460718 0.989158 9.74395e-05 0.00016659 0.000241009 3.99646e-06 4.40275e-07 1.11491e-06 0.00190251 0.00461226 0.000563718 0.000183149 8.12884e-06 3.58796e-05 0.00221625 
4.36294e-05 0.000263128 0.00109325 0.0551787 0.764979 2.94938e-07 0.00104198 0.000774012 0.0536545 0.000239861 6.70406e-07 0.000777754 0.0375315 0.0693848 0.00906163 2.5272e-07 0.00342025 0.00255497 
0.0201881 0.0617813 0.00152425 0.0393386 0.255076 0.067083 7.33635e-08 0.0613824 0.000636743 0.000320107 0.110234 0.0130815 0.238029 0.004722 0.110833 1.5894e-05 0.0096537 0.00610125 
0.00356971 0.000181178 9.73809e-08 1.07082e-11 0.485088 0.0145152 0.484701 0.00101606 0.000547315 8.39526e-11 5.55086e-11 0.000164427 7.04633e-07 0.00499744 0.00236696 0.000249333 0.00260154 1.16644e-06 
1.087e-06 0.00587087 0.00445715 1.08734e-06 0.698518 0.0246793 0.0299728 0.0109831 1.08634e-06 0.000544239 1.0867e-06 0.0574113 0.0568721 0.00837131 0.0125059 1.08719e-06 0.0293573 0.060451 
5.72776e-05 0.00229324 0.152699 0.104602 0.464293 0.047988 4.8531e-05 2.66428e-05 5.62437e-05 0.000176413 9.43297e-05 0.0119587 0.123589 0.000351237 0.00600251 0.000132003 1.13914e-05 0.0856206 
4.92797e-06 0.00273151 0.000435015 5.62369e-06 0.567828 0.156555 1.94374e-08 0.0135939 0.000648187 0.000104853 0.000819697 0.114597 0.0476745 0.000168918 0.0574363 3.69645e-09 0.00234617 0.0350498 
0.0650472 0.00593894 0.000689692 0.0570911 0.583289 0.00241563 0.000552679 0.04657 7.75917e-05 2.13834e-05 0.000270239 0.0134554 0.136815 0.0021137 0.0412235 6.65429e-05 0.0408281 0.00353456 
0.000318027 0.0136592 0.00354753 0.0716517 0.455817 0.0146743 5.62046e-08 0.0893727 0.00455827 0.00146838 0.000143629 0.020812 0.193083 0.00312976 0.0564763 8.48357e-08 0.0346005 0.036688 
5.83645e-07 0.000777708 0.000132249 0.012879 0.917165 0.0033768 2.18326e-06 0.00187412 0.000287172 0.000433657 4.30656e-05 0.00320764 0.00103895 0.00999265 0.0460914 1.83502e-06 0.00261534 8.03458e-05 
0.00205577 0.0011624 7.37622e-07 0.0219143 0.828094 0.0351053 5.11009e-10 0.022513 3.75648e-10 1.40306e-06 0.00615157 0.013993 0.0416675 0.00247334 0.00769818 0.000213973 0.000605605 0.0163499 
0.0409123 0.00333968 3.95792e-09 0.00801798 0.537806 0.162221 0.00323051 0.00202737 0.0370002 0.000541719 0.0106811 0.0277351 0.0856099 0.000508753 0.0463725 9.04052e-05 0.032689 0.00121653 
0.000934484 0.00212934 0.00602036 0.0575122 0.609405 0.0945551 5.85513e-07 0.0283422 0.000275803 0.00229466 0.000407297 0.00758972 0.0407301 0.0100426 0.107418 4.0656e-05 0.0155429 0.0167585 
0.0148186 0.00113694 8.95865e-05 0.224631 0.313599 0.113723 5.76081e-05 0.0186003 0.00390305 0.000874084 0.00104852 0.0120781 0.0394168 0.0778705 0.032372 0.00924386 0.0165032 0.120033 
0.0108998 0.00162896 0.00565652 0.0457774 0.215921 0.124792 0.189418 0.0637071 0.00111938 0.000254858 7.51271e-09 0.0618828 0.0812656 0.00672433 0.0466081 0.00404054 0.000284216 0.140019 
0.00153622 7.62918e-07 0.0329334 0.0256023 0.401775 0.0436481 1.28128e-06 7.31222e-06 7.14365e-07 0.0339494 8.90123e-06 0.0579441 0.00878111 0.00466297 0.0143047 3.28854e-07 1.96326e-05 0.374824 
2.92568e-09 0.0103528 0.0115552 0.00176519 0.761239 0.0632884 3.12706e-08 0.00472452 0.00360761 3.79195e-05 0.00226916 0.00861752 0.0422584 0.0229295 0.0247689 1.75893e-09 0.00139237 0.0411939 
7.57524e-09 7.51957e-09 8.28091e-07 0.131685 0.64546 6.63786e-06 0.00238758 0.0173769 0.0773588 1.82721e-08 1.20813e-08 4.16566e-06 0.108116 0.00392173 0.0136716 5.3167e-07 2.38898e-06 8.22496e-06 
0.043689 0.00118094 0.000875374 0.00678484 0.284453 0.0357641 1.37006e-06 0.0520159 0.209996 0.0137195 0.045173 0.0275727 0.0376259 0.000198753 0.205603 2.44007e-07 0.03469 0.000656989 
0.0891159 0.00121038 4.53367e-05 0.0512647 0.473514 0.0283629 8.28546e-06 0.00617371 0.000641881 0.00413078 0.000252809 0.00263608 0.0383151 0.00287038 0.0620533 0.000161084 0.144957 0.0942865 
6.67183e-09 0.0349936 3.50045e-09 0.0322212 0.610543 0.0578178 8.46437e-07 2.94733e-06 6.21244e-09 6.44805e-09 0.000288868 1.59616e-05 0.0768803 1.63906e-06 0.187221 1.60715e-09 1.24911e-05 1.4078e-09 
0.00182328 0.000473692 0.00554445 0.00955816 0.88253 0.011474 1.27571e-07 0.0109977 9.61343e-05 3.31661e-06 8.32014e-06 0.0111732 0.0370597 0.00151884 0.0253513 0.000295466 0.00123728 0.000854565 
0.000903609 0.00151849 0.00611472 3.81579e-11 0.32949 0.0395451 0.000132819 0.0473484 0.00483428 0.0001805 0.00679844 0.254356 0.153191 0.0183238 0.00998906 1.62902e-08 3.89598e-05 0.127234 
0.00803726 0.0112455 0.00335842 0.00229813 0.287882 0.0559207 1.62033e-05 0.261288 0.00107455 7.00332e-05 0.109998 0.0265353 0.0729974 0.00037651 0.139776 0.000804699 0.00376502 0.0145562 
0.00268525 0.000919092 0.0149022 0.0535813 0.586086 0.0838794 1.03401e-06 0.0056394 0.00129654 7.26825e-06 0.00182618 0.0147744 0.134131 0.00210574 0.0688908 5.98095e-05 0.0116783 0.0175366 
0.00780516 0.0113719 0.000135581 0.0246729 0.364073 0.000162889 1.55248e-10 0.025332 0.000122209 2.99618e-07 0.00520361 0.222298 0.329296 0.00028095 0.00628859 4.97526e-05 0.000229712 0.00267769 
0.000160269 0.000159091 0.000209863 4.93088e-05 0.997214 0.00011245 0.000506668 5.3778e-05 0.000372456 0.000386582 0.000255604 5.53557e-05 2.7783e-05 0.000144809 3.72121e-05 9.63539e-05 7.35214e-05 8.44022e-05 
5.69493e-05 0.0221414 6.56064e-07 0.0577323 0.703917 0.0402082 0.000622771 0.0140989 0.000555012 8.90423e-06 7.39124e-05 4.47239e-05 0.0232282 0.00637037 0.112683 0.000234736 1.17295e-05 0.0180107 
0.0441827 0.0227013 0.00762423 0.0737389 0.45337 0.0174254 9.08509e-05 0.0561969 7.79109e-05 0.0193086 0.00129868 0.0365087 0.0706186 0.00125917 0.0245159 5.29064e-05 0.0126615 0.158368 
0.0127724 0.00153773 0.0282748 1.97718e-11 0.261856 0.0447745 3.04273e-06 0.258945 0.000171243 2.68359e-05 0.0813172 0.261249 0.0373631 0.000300263 0.00649281 0.0047035 9.33424e-06 0.000204168 
0.0163314 0.0196246 0.0189498 0.0740174 0.271829 0.0236937 3.35701e-07 0.16457 3.35829e-07 0.0127949 0.00974262 0.0511592 0.115537 0.0138454 0.172646 0.000638911 0.00742842 0.027191 
0.00409352 7.58375e-06 0.0130683 0.0428997 0.44612 0.0854423 3.89764e-08 0.303043 0.0331273 2.97386e-08 0.000283284 1.38592e-05 0.0592459 1.80937e-05 0.00638822 0.00132162 1.7813e-05 0.00490907 
3.57513e-06 0.00205818 0.00862059 0.0824476 0.298787 0.0922311 6.49883e-09 0.0891497 0.00184787 0.00059762 0.00345903 0.0160736 0.071735 0.00933343 0.261297 2.47206e-07 0.0565215 0.00583717 
0.00938699 0.029894 0.000248987 0.174237 0.523671 0.0524309 1.71233e-05 0.0193839 0.00160967 0.000736842 0.00150864 0.0362597 0.0756356 0.00420377 0.0693393 7.44461e-05 7.28272e-05 0.00128929 
0.329338 0.000282976 0.00145679 0.0726555 0.466633 0.00762531 2.30904e-07 0.0358435 6.47075e-05 0.000207664 1.21479e-05 0.00404785 0.00637782 0.000940899 0.0568584 2.14583e-05 0.0026865 0.0149472 
0.000546548 0.000261322 0.000611189 0.0990802 0.595342 0.00288731 1.21328e-10 0.0015518 1.626e-08 0.000187385 1.3891e-07 0.000813819 0.000206873 0.00407446 0.252951 4.10749e-06 0.0365742 0.0049071 
7.08684e-05 0.0218786 2.82325e-05 0.0141464 0.466197 0.14664 6.87742e-05 0.0108971 0.00016365 0.00151981 3.31095e-05 0.0184529 0.13252 0.0571861 0.129022 1.50566e-06 0.000276499 0.00089761 
3.95e-05 0.00911748 0.000211459 0.070678 0.529793 0.0103731 1.3673e-05 0.0936117 0.00369459 8.62522e-05 0.000169801 0.016219 0.252041 0.000134603 0.0064935 0.000566558 0.00172046 0.00503651 
2.96576e-06 0.168436 0.0118854 0.0320753 0.325408 0.0347167 1.47731e-07 0.228369 0.00165045 0.00087292 0.00256989 3.42075e-06 0.178031 2.55563e-07 0.015978 9.51713e-08 1.19028e-11 1.0795e-06 
3.55429e-05 0.102241 4.75687e-08 0.00410205 0.412927 0.160006 1.14844e-07 0.00944858 0.00646435 0.000528096 7.62112e-05 0.149874 0.00315389 0.0781789 0.0693513 6.23402e-06 5.54738e-06 0.00360128 
0.0127724 0.00153773 0.0282748 1.97718e-11 0.261856 0.0447745 3.04273e-06 0.258945 0.000171243 2.68359e-05 0.0813172 0.261249 0.0373631 0.000300263 0.00649281 0.0047035 9.33424e-06 0.000204168 
1.03244e-05 0.000117076 0.00156567 0.0965347 0.436071 0.0351268 6.69952e-08 0.0213905 4.27714e-05 0.000313231 4.19724e-07 0.00194098 0.0107494 0.136808 0.230485 2.32194e-07 0.0166185 0.0122257 
0.00353585 0.00536617 1.80304e-07 7.54495e-08 0.661871 0.0142053 1.58864e-11 0.106946 1.51829e-07 7.4425e-07 0.00475911 0.0530655 0.0322146 0.00272725 0.0685212 3.89759e-08 0.0447491 0.00203775 
4.22765e-05 0.00296436 3.15169e-06 0.0118083 0.65768 0.000454978 4.83598e-05 0.0217955 1.50283e-06 0.000262785 0.000133344 0.0131004 0.194577 0.000767338 0.0879457 3.531e-07 0.0041561 0.00425803 
0.0153173 0.0080447 0.000730972 0.0654878 0.532986 0.133865 1.42027e-06 0.00468317 0.00130838 0.0335504 0.0136168 0.00753143 0.00865708 0.0162985 0.130728 2.97757e-05 0.0246378 0.00252585 
0.000501376 0.00243548 0.000171179 0.00108069 0.42891 0.00238056 1.22259e-11 0.0215587 0.00051235 0.111603 0.000300058 0.0256595 0.0316638 0.0624172 0.162184 5.00029e-06 0.141402 0.00721499 
0.0114461 0.00745112 0.000810556 0.0453109 0.419995 0.0308052 3.86107e-05 0.034814 0.000719715 0.000943888 0.0174055 0.176847 0.112316 0.0181892 0.0613312 0.00427983 0.00801501 0.0492804 
0.0391553 0.000201414 0.000147223 0.0779534 0.371833 0.00180098 1.26397e-06 0.00306359 8.10708e-05 0.000748703 0.000112341 0.0210963 0.0523609 0.0388971 0.331166 1.64293e-05 0.0531548 0.00820998 
5.93925e-09 0.37142 0.00484748 4.71459e-05 0.420159 0.000462979 1.89639e-06 0.0210965 0.000347838 0.000789377 9.4722e-09 0.180168 8.79277e-05 0.000131481 0.000216092 0.000223529 2.72456e-09 3.12779e-09 
0.00648447 0.0133568 0.00357145 0.276386 0.33908 0.00439014 7.69624e-06 0.0195986 0.00483185 0.0114745 0.000819449 0.015772 0.107295 0.0497102 0.114536 0.00560769 0.0200652 0.00701285 
0.147414 0.00502721 0.00910331 0.0893142 0.2196 0.0210069 1.8893e-06 0.0444195 9.47927e-05 0.00207055 0.000261934 0.0410048 0.186156 0.00181407 0.0531739 7.39139e-05 2.45492e-05 0.179439 
0.121841 0.0423925 0.0027051 0.0764815 0.26313 0.0698802 0.000304219 0.0657386 0.00345312 0.00164526 0.0247022 0.0627627 0.0446546 0.00123844 0.127564 0.000380955 0.0685221 0.0226029 
0.00018547 0.0861608 3.22464e-09 0.0320745 0.460122 0.184142 6.92849e-05 0.0021321 0.0457484 1.47031e-06 0.000101197 0.000579244 0.0189852 0.00157581 0.165639 0.0001484 0.00103644 0.00129775 
0.000375044 0.0961262 1.38944e-05 0.0402131 0.571054 0.0268367 1.45406e-05 0.000662582 0.0102741 2.93859e-05 0.000674234 0.00319641 0.0995625 0.0309975 0.117308 0.000100686 0.000198559 0.00236332 
0.0032947 0.00411545 0.000309877 0.181084 0.428455 0.00424616 4.27329e-06 0.0174273 0.000187168 1.83544e-05 5.61346e-05 0.0107064 0.11755 0.0192882 0.184725 1.69583e-05 0.00207343 0.026441 
0.000314994 0.00124158 0.018683 0.0384815 0.253249 0.000555645 5.32138e-06 0.0905398 1.20356e-05 3.72375e-05 0.000213454 0.0322522 0.180629 0.0834658 0.0140598 3.18222e-06 0.199534 0.0867224 
0.000243361 0.00096204 3.46413e-07 0.0495375 0.646173 0.284731 0.000734419 0.000583139 0.00100211 6.38116e-07 0.00465902 0.00546967 0.00174674 8.01111e-05 0.000340006 0.000415503 1.21359e-07 0.00332135 
7.15747e-07 0.035448 0.00113526 0.035159 0.33863 0.0432818 4.76736e-06 0.297431 0.00119216 0.000129962 1.46734e-05 0.0320537 0.129883 8.37552e-05 0.0131512 0.0712768 0.000188772 0.000936083 
0.0390076 0.00319317 0.000903458 0.130358 0.313746 0.141668 0.000422843 0.0210734 0.0181039 0.000512274 0.0498577 0.0506513 0.130617 0.0014545 0.0199345 0.00777914 0.00015219 0.0705652 
0.00137301 0.012455 0.000182931 0.0193525 0.409443 0.137436 2.18771e-05 0.00580124 0.00451095 0.0229629 9.65182e-05 0.00806963 0.172195 0.00483267 0.0927699 0.000148541 0.000197249 0.108151 
1.62007e-06 9.84634e-05 5.81913e-05 0.00885527 0.777703 0.0328248 6.86519e-05 0.000639122 8.74663e-05 9.96235e-06 4.59602e-05 0.000939689 0.000740583 0.00654356 0.170205 0.000268106 6.70659e-05 0.000843579 
0.00436193 0.00375273 0.00701165 0.211991 0.371933 0.0477929 0.000374083 0.0463471 0.00574947 0.00214316 0.000404707 0.0917231 0.0639669 0.012462 0.0617043 0.0095899 0.0247063 0.033986 
