0.000458623 0.0177262 0.00328445 0.0888066 0.308611 0.0704726 1.25442e-06 0.053813 0.00167307 1.00547e-07 0.00212044 0.00269948 0.108066 0.113257 0.199625 1.74655e-05 0.00238627 0.0269811 
0.018481 0.00645446 0.002302 0.184374 0.249167 0.0146029 2.41696e-05 0.0498362 0.00199635 0.00258398 0.00204207 0.0197346 0.233014 0.0107928 0.116979 0.000123897 0.0195163 0.0679756 
1.72357e-05 4.89602e-05 0.000282438 0.000460718 0.989158 9.74395e-05 0.00016659 0.000241009 3.99646e-06 4.40275e-07 1.11491e-06 0.00190251 0.00461226 0.000563718 0.000183149 8.12884e-06 3.58796e-05 0.00221625 
0.00061512 0.00649242 0.000197719 0.00448886 0.365725 0.108014 7.89571e-09 0.0447223 8.66225e-06 0.00486083 6.95512e-06 0.0323661 0.0806345 0.0514157 0.144469 4.14986e-05 2.58667e-05 0.155916 
3.95e-05 0.00911748 0.000211459 0.070678 0.529793 0.0103731 1.3673e-05 0.0936117 0.00369459 8.62522e-05 0.000169801 0.016219 0.252041 0.000134603 0.0064935 0.000566558 0.00172046 0.00503651 
0.021357 0.00312597 0.00892194 0.0950838 0.302934 0.0331895 4.54666e-05 0.0302215 0.00067113 0.00389117 0.00123483 0.0399974 0.27315 0.0469795 0.0705432 0.0246804 0.0226742 0.0212997 
0.000128552 0.0383406 0.000767635 0.371251 0.438097 0.00360068 7.71727e-05 0.0229626 0.000547268 0.00294537 0.00151112 0.00702216 0.0324415 0.00699748 0.057533 0.000220057 0.00803627 0.00752022 
0.0125802 0.0070567 0.000935245 0.0255853 0.360217 0.110466 0.000152713 0.0316266 0.000771593 0.000176281 0.00369577 0.0230124 0.0542866 0.00590975 0.304493 0.000442593 0.0407992 0.0177937 
0.00160531 0.0278008 0.000485849 5.70048e-07 0.386807 0.208829 0.00608798 0.0331989 0.0162372 0.00500899 0.00693742 0.0253859 0.118878 0.0013768 0.128768 6.84567e-06 0.00997414 0.0226114 
9.75777e-08 1.18187e-06 3.14257e-05 0.0353631 0.741669 0.00461743 4.30927e-08 0.00812278 1.69287e-05 2.53204e-05 1.76564e-07 0.00203617 0.0471074 0.00170671 0.1569 4.17014e-06 0.00095343 0.00144469 
0.00656995 0.00407996 0.00093705 0.0438086 0.633414 0.0150722 6.63889e-05 0.00965028 0.0010979 0.000731842 0.00266659 0.106165 0.123124 0.00836517 0.0210008 0.000341393 0.00988008 0.0130289 
0.0127724 0.00153773 0.0282748 1.97718e-11 0.261856 0.0447745 3.04273e-06 0.258945 0.000171243 2.68359e-05 0.0813172 0.261249 0.0373631 0.000300263 0.00649281 0.0047035 9.33424e-06 0.000204168 
0.106959 0.0194298 0.000319737 0.227405 0.259982 0.0059962 1.66386e-05 0.0123787 0.000947881 0.000509495 0.00126104 0.0184689 0.206623 0.0145218 0.0322859 0.000419639 0.0100484 0.082426 
0.000709211 0.000745513 1.87197e-05 0.00154903 0.973599 4.58531e-07 2.58092e-10 0.00556046 0.00229263 0.00158576 3.15393e-07 0.00613738 0.00342422 1.301e-07 0.00291028 0.000117889 0.00125758 9.16441e-05 
0.0092334 0.0001112 4.23327e-05 0.178389 0.382701 0.122751 3.02219e-07 0.000729726 0.00223529 0.000127962 1.70188e-07 0.0154156 0.249074 0.000933588 0.00399002 6.49333e-05 1.59417e-07 0.0342009 
0.00704347 6.27613e-07 0.00866737 0.0841252 0.260384 0.23602 0.0626655 0.0563158 0.0342083 0.000197352 1.88059e-06 0.100959 0.0634045 0.000596356 0.0549828 1.67333e-07 8.55846e-05 0.0303412 
4.3366e-07 0.0293466 1.66194e-10 0.0224596 0.812316 0.000528883 6.2865e-06 0.0171233 1.1861e-05 0.000475841 0.000117736 0.0274379 0.0160947 0.000344797 0.0631876 2.71039e-05 0.0027019 0.00781911 
9.07399e-06 0.000919832 9.19822e-05 0.000150664 0.995609 0.000971042 2.86862e-05 0.00100686 0.000278328 0.000260779 0.000163133 3.1341e-06 0.000372721 8.19871e-06 0.00011235 5.4553e-06 4.16258e-06 4.77863e-06 
0.0556818 0.00516808 0.000167557 0.0236886 0.460528 0.133787 9.74047e-06 0.00254767 0.00100673 0.00289484 0.0136325 0.0101252 0.151498 0.00355517 0.133582 1.04395e-05 0.00101542 0.00109992 
0.00226062 1.14595e-06 6.4791e-08 0.361022 0.410859 0.0162935 2.77293e-10 3.45399e-07 5.03776e-07 0.0017143 2.28835e-07 0.0358475 0.0772727 0.0863297 0.00839736 2.78316e-08 3.84496e-07 7.84162e-07 
1.72357e-05 4.89602e-05 0.000282438 0.000460718 0.989158 9.74395e-05 0.00016659 0.000241009 3.99646e-06 4.40275e-07 1.11491e-06 0.00190251 0.00461226 0.000563718 0.000183149 8.12884e-06 3.58796e-05 0.00221625 
0.00746701 0.0812367 0.000112268 0.0298657 0.332436 0.324741 4.93205e-05 0.0120892 4.89117e-05 0.0040246 0.00101731 0.0197152 0.0713885 0.000600106 0.0828933 4.52779e-05 0.00110969 0.0311591 
0.0177973 0.00859593 0.00778871 0.130594 0.310361 0.0272844 1.49656e-05 0.0449082 0.00269018 0.00127601 0.00123204 0.0245645 0.153782 0.0279308 0.17722 0.00113821 0.0361339 0.0266881 
0.104001 0.000211428 0.0945958 0.00262565 0.587275 0.0370711 0.0546582 0.038874 0.000771978 1.60358e-05 4.03228e-05 0.0367372 0.00107316 0.00157206 0.00375419 0.0120045 0.000842425 0.0238752 
0.0521519 0.00155469 0.00391445 0.0807209 0.422225 0.0765741 6.90704e-05 0.0159415 0.00195102 0.000133055 0.000139407 0.114252 0.126787 0.00352049 0.0670813 0.00531276 0.00457374 0.0230977 
1.35093e-05 0.0720287 5.5247e-06 0.0850999 0.458999 6.86809e-06 4.79791e-08 0.00376449 1.28184e-06 3.66075e-08 6.63664e-07 0.000673257 2.06456e-05 2.79601e-06 0.222638 9.12427e-09 0.15658 0.000164842 
0.0342195 0.0121894 0.00173764 0.205485 0.329951 0.00785001 8.12105e-05 0.0163925 0.00707458 0.00139689 0.00401836 0.0196932 0.11891 0.0217263 0.148842 0.000936967 0.0306638 0.0388315 
0.000108781 0.0019086 0.00881224 0.0370269 0.620163 0.0723827 9.59979e-06 0.0115348 0.000331373 0.000124845 0.00157089 0.0118166 0.113405 0.00139779 0.0651092 9.48772e-05 0.00382121 0.0503821 
8.33521e-06 4.11451e-06 1.07323e-05 2.68828e-05 0.492567 0.375474 3.55366e-09 1.04704e-05 2.61233e-09 2.71141e-09 1.60487e-07 0.00662971 3.29976e-06 0.00173424 0.123519 4.09694e-07 4.99404e-06 5.90413e-06 
1.11356e-06 0.00159445 1.43379e-06 0.0366403 0.874892 0.00953376 6.53116e-11 1.39893e-06 4.80112e-11 4.98321e-11 3.29484e-11 0.00121959 4.40867e-07 0.00417468 0.0674434 5.46623e-08 6.67206e-07 0.00449694 
1.72357e-05 4.89602e-05 0.000282438 0.000460718 0.989158 9.74395e-05 0.00016659 0.000241009 3.99646e-06 4.40275e-07 1.11491e-06 0.00190251 0.00461226 0.000563718 0.000183149 8.12884e-06 3.58796e-05 0.00221625 
0.0256534 0.00226153 0.00197941 0.152317 0.290021 0.00661739 0.121911 0.058223 8.05968e-05 0.0054392 0.000347384 0.0514025 0.0278283 0.0481565 0.148264 0.0271434 0.0170262 0.0153285 
0.010677 0.00061578 9.69029e-05 0.237779 0.247919 0.135159 5.12529e-05 0.0117213 0.0122074 9.4333e-05 5.026e-08 0.00522391 0.23404 0.00845292 0.0268853 0.000375484 0.00024825 0.068453 
0.000286902 0.0288694 0.0395245 0.0575193 0.302377 0.0168044 1.58309e-06 0.186091 0.000307847 0.000556538 0.000954355 0.0839092 0.0656292 0.000831005 0.123408 0.000394172 0.088214 0.00432071 
0.000473787 0.000288617 6.84005e-12 0.000476007 0.926272 0.0026557 1.65138e-11 0.00285978 1.13811e-05 0.000686328 0.000370151 0.000990211 0.000635011 0.000112052 0.0503881 5.38075e-09 0.0134815 0.000299292 
8.01172e-05 0.00223485 2.2472e-06 0.287749 0.565736 0.00173504 4.96037e-06 0.0021409 0.0006752 2.67612e-08 2.40628e-05 0.00367071 0.0992967 0.00783486 0.0253895 1.30916e-05 0.00176824 0.00164444 
0.00149509 0.000498045 0.00072798 0.00197037 0.415911 0.00655495 4.00452e-09 0.0792721 0.00251676 0.00744886 0.000471063 0.105772 0.0676186 0.000139975 0.30505 7.54565e-06 8.60372e-06 0.00453681 
0.0738579 0.0102216 0.0488719 0.00562558 0.769793 0.0113303 2.79552e-05 0.00886236 0.000222769 0.000283262 0.000718663 0.0214284 0.00699092 0.000334924 0.0391201 0.000123424 0.00150346 0.000682992 
2.80509e-08 0.00599223 5.54324e-05 0.0054059 0.378148 0.357988 4.69986e-08 4.86041e-05 0.00481393 4.19568e-07 0.001414 0.00222014 0.00777058 0.106116 0.128554 5.38227e-06 2.43659e-05 0.00144336 
0.200172 0.0254036 0.000876196 0.195492 0.274825 0.0402223 2.09567e-05 0.0329325 0.000496468 0.000185494 0.016131 0.0326672 0.031018 0.00424155 0.0994365 0.0301266 0.0090188 0.00673336 
0.0382021 0.00495925 0.000429574 0.0302841 0.423266 0.0941848 1.56429e-06 0.0121546 0.00642991 0.00336293 0.000533713 0.00696602 0.0321848 0.0118259 0.272485 0.000127922 0.0560652 0.0065365 
0.000287129 0.00880969 1.29433e-05 0.039501 0.692513 0.123594 6.67522e-07 0.0340994 0.00558381 7.30665e-06 0.00171802 0.0138651 0.0462596 0.00509009 0.0247414 1.96776e-06 8.36275e-05 0.003832 
0.00226062 1.14595e-06 6.4791e-08 0.361022 0.410859 0.0162935 2.77293e-10 3.45399e-07 5.03776e-07 0.0017143 2.28835e-07 0.0358475 0.0772727 0.0863297 0.00839736 2.78316e-08 3.84496e-07 7.84162e-07 
0.0693453 0.000499347 0.0047295 0.0242248 0.322963 0.0681434 0.00212947 0.146665 0.00181349 0.00236683 0.000714533 0.140767 0.148692 0.000963078 0.0288022 0.0153492 0.000135694 0.0216965 
0.0496397 0.000611042 9.8754e-05 0.0322601 0.423438 0.0187778 1.75098e-07 0.0624498 2.68742e-06 0.00027915 0.000312173 0.0982589 0.262782 0.000532121 0.0463371 5.59288e-05 0.00198968 0.00217488 
0.0878553 0.0125595 0.0385059 0.0182036 0.374558 0.185778 4.19984e-05 0.040413 0.00195704 0.00509832 0.00102095 0.0347639 0.0702862 0.00474999 0.0533915 0.000310039 0.0101639 0.0603432 
1.21587e-05 0.00585792 0.00475627 0.0250234 0.711243 0.0312169 2.30099e-05 0.0551777 0.00280915 0.000443411 0.0325829 0.0378224 0.0531614 0.00107527 0.0182655 2.47805e-08 0.000635269 0.0198943 
0.0133656 0.0501904 0.0940251 0.0267798 0.344114 0.122714 9.43449e-07 0.114468 0.00513449 4.43501e-05 0.00609764 0.0591347 0.0299597 0.00280255 0.122014 2.78913e-09 0.000348422 0.00880669 
0.00342046 0.0221351 0.0277382 0.0957968 0.254487 0.0216603 1.29677e-05 0.242404 0.00333496 0.000139769 0.000653884 0.0214012 0.149359 0.0129998 0.099025 6.94431e-06 0.0214617 0.023962 
7.12956e-08 5.36522e-05 0.000966952 0.0424441 0.928049 0.00189899 1.19714e-07 0.00269883 5.92755e-06 2.24831e-06 3.57753e-07 0.00431701 0.0160964 2.63835e-08 7.49464e-05 3.84869e-05 4.00068e-11 0.00335283 
0.0133711 0.00590173 0.227579 0.0127893 0.319967 0.0290246 1.4701e-05 0.0178754 5.01926e-05 0.000604794 0.000411901 0.00483229 0.196625 0.00134057 0.137897 1.84704e-05 0.0100763 0.0216215 
0.0033287 0.0167639 0.00563559 0.0276017 0.552754 0.00585185 0.000591642 0.0629107 3.81706e-05 0.00117619 0.000836375 0.0534272 0.0694498 0.00892174 0.114864 0.0156814 0.00799641 0.0521708 
2.92568e-09 0.0103528 0.0115552 0.00176519 0.761239 0.0632884 3.12706e-08 0.00472452 0.00360761 3.79195e-05 0.00226916 0.00861752 0.0422584 0.0229295 0.0247689 1.75893e-09 0.00139237 0.0411939 
0.0760553 0.0130858 0.00302855 0.105494 0.17304 0.0852534 0.000497637 0.0270116 0.0279246 0.0556453 0.00101769 0.130313 0.137142 0.0119801 0.0449616 0.061915 0.0166267 0.0290077 
0.0249311 1.7802e-05 0.135851 0.00743146 0.476964 0.0742421 0.0709583 0.0576824 0.0129108 5.16736e-05 0.000808062 0.0797527 0.00526287 0.000176559 0.0109083 0.0232485 0.000304565 0.0184972 
0.0107761 0.0150792 0.00024016 0.0238744 0.448526 0.11972 5.34516e-05 0.0118695 0.0319168 0.00899745 0.00189013 0.0290483 0.150295 0.00322912 0.0956723 0.00129814 0.0438457 0.00366863 
0.000292224 0.000156219 1.66638e-05 5.69399e-05 0.631937 0.287674 0.00012195 0.00759363 0.00803303 5.62301e-08 0.000529008 0.000639655 0.0148115 0.00103696 0.0465736 1.80409e-05 8.2638e-06 0.000501208 
0.0157517 0.0141617 0.00664752 0.110274 0.323929 0.0241552 2.48052e-05 0.0484764 0.00328394 0.00300224 0.00637991 0.0423656 0.200252 0.0149281 0.111887 0.00367851 0.0277537 0.043049 
0.000300356 0.000424925 5.8921e-05 0.00382081 0.955472 0.0110776 1.47376e-07 0.00442866 7.84823e-05 7.12907e-05 7.43481e-08 8.15533e-05 0.000395773 9.0844e-06 0.0233815 1.12196e-06 2.13853e-08 0.000397412 
0.00182299 0.0637271 2.26095e-05 0.000466868 0.665318 0.0725898 4.02022e-06 0.00535536 0.0224908 1.02985e-06 0.00224927 0.0100255 0.0127357 0.000107971 0.14223 9.43073e-05 0.000753355 5.14521e-06 
0.0198288 0.0284987 0.00358537 0.0995625 0.314038 0.0145103 2.424e-05 0.0485519 0.000326192 0.000726884 0.0014719 0.0821826 0.133953 0.0233704 0.0628616 0.00192124 0.00255686 0.162029 
0.0030808 0.025113 8.53355e-06 0.0241695 0.779811 0.00112779 1.67852e-05 0.015844 1.43642e-05 0.0030131 0.000906253 0.017895 0.0268953 0.00283762 0.0748619 6.11239e-06 0.0230306 0.00136831 
0.0373204 0.00409824 0.0243676 0.1697 0.265027 0.00257791 1.16691e-07 0.120008 0.00729201 7.81817e-07 0.000437499 0.0225712 0.0769626 0.0285958 0.104105 1.14376e-06 0.0900089 0.0469252 
2.2244e-07 1.63915e-05 1.25028e-10 0.00506708 0.974174 0.00132395 3.01851e-10 0.000113017 7.77293e-06 0.000802147 0.00101821 7.54554e-06 0.00300168 4.33458e-05 0.0144063 3.02043e-08 1.80927e-05 5.34794e-08 
0.000227088 0.041889 0.0143102 0.00416746 0.505388 0.141127 0.00140269 0.106605 0.00306567 0.00163411 0.00304415 0.00292828 0.0917689 0.0240872 0.0429195 1.64249e-07 6.70546e-05 0.0153678 
0.000119891 0.00504119 0.000946312 0.0360416 0.602983 0.000784895 4.66709e-05 0.0343703 0.000153323 0.00217056 0.00192381 0.0115982 0.181362 0.00943442 0.0333908 8.10667e-05 0.0279568 0.0515945 
0.00345184 0.184743 0.000393671 0.0141465 0.563735 0.00971674 0.00363639 0.150491 0.00100715 8.89528e-05 0.00010631 0.00142447 0.0197935 0.00448871 0.0347912 5.49735e-05 0.000387205 0.00754376 
2.41886e-05 2.27417e-06 1.79463e-06 0.00450986 0.934023 1.64759e-06 8.89561e-09 0.000612731 2.58432e-05 0.000678971 4.48766e-09 0.00343859 0.0162151 0.0219111 0.0160758 1.58843e-07 1.64121e-05 0.00246297 
0.157762 0.00189147 0.000206543 0.0065498 0.46956 0.0101201 1.32522e-08 0.0508824 4.39341e-06 0.000377328 7.00574e-08 0.0438814 0.0419184 0.0012202 0.132728 0.00215976 0.000316466 0.0804219 
0.00240693 0.0193048 0.0013219 0.0491279 0.483656 0.153774 2.84456e-06 0.00448283 0.00140665 3.8702e-05 0.000959947 0.0189638 0.209383 0.0107876 0.0173259 4.48856e-06 0.00136956 0.0256829 
8.09833e-07 9.10691e-07 6.3775e-07 4.3558e-12 0.486606 0.0944065 4.47576e-11 0.0523034 0.00945385 2.09682e-06 0.00465849 0.0598041 1.37513e-06 0.00157212 0.253539 1.09809e-07 0.0376503 1.94606e-07 
0.00510385 0.0156687 0.0089559 0.124869 0.225231 0.0953466 2.2952e-05 0.0288821 0.00299818 0.00461264 0.00468759 0.0456351 0.141691 0.0126926 0.163123 0.000321922 0.0197504 0.100407 
0.00227158 0.0156591 4.18539e-06 0.069815 0.65787 0.000407894 7.13784e-06 0.00147171 0.000103222 0.119959 4.5836e-08 0.00133883 0.000693547 0.0652504 0.0524721 0.0105246 0.00166534 0.000485774 
0.00269763 0.19441 0.00406055 0.139542 0.222065 0.0327858 0.00194723 0.162284 0.00101309 0.0012246 0.00102429 0.0222413 0.117132 0.00627138 0.0533854 1.93946e-05 0.00134576 0.0365508 
0.00278571 0.00114406 0.00812343 0.0366882 0.854133 0.00217188 1.37031e-09 0.058453 1.70847e-07 8.33632e-07 5.61052e-07 0.00185852 0.00900565 2.31506e-07 0.0168514 4.22119e-05 1.73838e-06 0.00873957 
0.000899149 0.0139844 3.20326e-05 0.0624821 0.503087 0.119967 3.58662e-05 0.0222827 0.00090728 0.00151115 0.00534075 0.0765842 0.0137182 0.102948 0.0659981 0.000589826 0.00578773 0.00384511 
3.95e-05 0.00911748 0.000211459 0.070678 0.529793 0.0103731 1.3673e-05 0.0936117 0.00369459 8.62522e-05 0.000169801 0.016219 0.252041 0.000134603 0.0064935 0.000566558 0.00172046 0.00503651 
0.104001 0.000211428 0.0945958 0.00262565 0.587275 0.0370711 0.0546582 0.038874 0.000771978 1.60358e-05 4.03228e-05 0.0367372 0.00107316 0.00157206 0.00375419 0.0120045 0.000842425 0.0238752 
0.000154638 0.0014606 0.0108981 0.0256599 0.365398 0.0655385 2.03042e-06 0.0569798 1.3983e-05 4.2912e-05 0.0010201 0.26407 0.0537881 0.00267023 0.11408 5.742e-05 0.00647713 0.0316889 
8.42657e-06 8.5034e-06 2.64152e-06 0.00128684 0.354373 0.0155216 0.000515689 0.222132 1.7156e-06 4.2351e-07 0.00679842 0.00164546 0.107152 0.0409351 0.245713 1.60185e-07 0.00390148 3.61133e-06 
0.00404653 0.0258527 2.75086e-06 0.00637824 0.241931 0.177789 0.000419561 0.00605135 0.0165424 6.35552e-05 5.44738e-05 0.0101073 0.167693 0.000141369 0.18301 0.000434665 1.08069e-07 0.159483 
0.000608165 0.234989 0.00131046 0.0459136 0.310363 0.03482 3.79058e-06 0.0774347 0.00253395 0.00396747 0.0137758 0.0196926 0.0873742 0.0850597 0.0658626 8.77778e-05 0.00150895 0.014694 
3.41596e-05 0.000744967 0.000506791 0.00629125 0.931792 0.00172511 0.000143454 0.00424026 0.000363866 1.83958e-05 3.73197e-05 0.00696938 0.0403873 0.000446836 0.00149602 0.000235227 0.000583233 0.00398485 
0.174493 0.0023455 2.58283e-06 0.160203 0.278384 0.0071267 3.75429e-05 0.0597224 0.000640661 0.000207514 1.58429e-05 0.0479076 0.142504 0.00570527 0.0334697 0.000631851 0.00121098 0.0853923 
0.0121839 0.00993084 0.0297904 0.0729267 0.3497 0.0392598 9.47134e-05 0.168693 0.00060975 0.00125168 0.00264271 0.0243165 0.124295 0.000666581 0.0440612 4.59908e-05 0.0433937 0.076138 
0.000247663 0.0833106 0.00438103 0.0317437 0.557712 0.0933559 4.14974e-05 0.0268662 0.00272195 0.00150934 7.18881e-06 0.00695619 0.0185567 0.0233172 0.124757 0.00989192 0.00146465 0.0131597 
5.66493e-05 0.00155425 0.00186704 0.00156591 0.478277 0.00668165 2.16155e-06 0.0281489 0.000870543 0.0151919 0.24149 0.0763968 0.0176048 0.0109393 0.0592223 9.07338e-06 0.0215867 0.038535 
0.0015916 0.00266086 0.00307555 0.0132391 0.476392 0.0165273 1.13926e-06 0.169765 0.000170597 0.0231801 0.00457676 0.0125333 0.235901 0.000734231 0.0309872 2.31655e-05 0.00597247 0.00266879 
3.89802e-05 0.0131148 0.0923348 0.174051 0.484171 0.0161946 8.33402e-08 0.00619322 0.000256052 0.00441341 3.02173e-10 0.0266397 0.0435346 0.0185439 0.102711 2.77759e-06 0.00482206 0.0129772 
5.00335e-07 0.000309082 8.84261e-07 0.122588 0.56524 0.00548583 0.000144213 0.00572953 0.00498467 1.78815e-05 1.42447e-06 0.09647 0.130995 0.000936624 0.0380103 2.9485e-07 0.00795528 0.0211303 
0.00410929 0.00078193 0.0046679 0.137337 0.30215 0.000140288 1.13161e-08 0.00651179 7.49248e-11 0.000180939 0.00016339 0.00231309 0.0138154 0.0282963 0.283778 3.16687e-08 0.211965 0.00378928 
0.0242343 0.00839812 0.00564629 0.157113 0.257147 0.0899047 6.22382e-05 0.0242611 0.0058418 0.0011631 0.00271719 0.0354127 0.249158 0.00192778 0.0379097 0.000110139 0.000697287 0.0982957 
0.0228608 0.0390714 0.00103754 0.0899956 0.315911 0.000192047 5.01994e-06 0.253092 0.000430765 0.00299101 0.000519577 0.00358076 0.136039 0.041121 0.0851521 0.00103895 0.00658604 0.000374591 
2.36728e-06 0.00190751 4.39053e-05 0.078257 0.409321 0.362885 4.47662e-05 0.00253446 4.44002e-05 2.35277e-05 0.000817231 0.00275292 0.125682 0.00935181 0.00243658 0.000365419 0.000700611 0.00282953 
0.0123241 0.0194349 0.00149546 0.12175 0.218579 0.13269 0.000224019 0.0290242 0.0599586 0.000353449 0.00325233 0.0890867 0.109963 0.0275569 0.0364514 0.0117156 0.00463975 0.1215 
0.00918523 0.1758 0.00915657 0.0647613 0.267382 0.0428599 0.000146722 0.095034 0.00461649 0.000832984 0.00284935 0.0559788 0.122588 0.00354986 0.087755 0.0023023 0.00222149 0.0529802 
1.72357e-05 4.89602e-05 0.000282438 0.000460718 0.989158 9.74395e-05 0.00016659 0.000241009 3.99646e-06 4.40275e-07 1.11491e-06 0.00190251 0.00461226 0.000563718 0.000183149 8.12884e-06 3.58796e-05 0.00221625 
2.18014e-08 0.0334576 0.000125355 0.117214 0.355522 0.12171 6.89223e-08 0.158402 1.43591e-06 1.20115e-06 3.47699e-08 0.00303758 5.99696e-06 0.101568 0.0936684 1.31071e-08 0.0152812 5.52732e-06 
0.0063852 0.00197888 0.0013402 0.0346406 0.57279 0.0896518 0.000180536 0.0741573 0.00430749 3.81434e-05 0.000188538 0.00945169 0.0437145 0.0121532 0.0541348 5.6447e-05 0.00027324 0.0945573 
0.00290356 0.015747 4.7804e-05 0.0656669 0.452517 0.0404303 9.65887e-05 0.0115576 0.000113789 0.00528916 0.00085647 0.00674445 0.343203 0.000374266 0.00909149 5.99018e-05 0.000100224 0.0452006 
0.000903609 0.00151849 0.00611472 3.81579e-11 0.32949 0.0395451 0.000132819 0.0473484 0.00483428 0.0001805 0.00679844 0.254356 0.153191 0.0183238 0.00998906 1.62902e-08 3.89598e-05 0.127234 
0.0148649 5.26946e-05 0.000149988 0.000375529 0.829547 0.00313904 0.00140373 0.01734 0.000509225 1.73677e-05 0.00021165 0.0085247 0.00685729 0.0346946 0.000495722 0.0772544 3.45272e-05 0.00452799 
4.4819e-07 0.000468199 1.14008e-09 9.22893e-07 0.937397 1.13422e-06 6.72561e-07 0.000775358 2.38285e-07 0.000537212 7.80899e-07 1.99018e-06 3.67319e-05 0.000190052 0.0605864 6.11738e-08 2.41835e-06 1.07949e-07 
5.82297e-05 0.00594604 0.000141655 0.00164622 0.915716 0.0222721 1.49755e-07 0.00324183 0.000941969 0.00160611 4.2071e-07 0.000974472 0.00282735 0.000133023 0.0444376 1.46678e-05 4.14801e-05 7.01669e-07 
9.87529e-08 0.000189456 9.73608e-12 8.67489e-05 0.992001 0.000348308 2.35056e-11 0.00028063 1.89932e-05 0.00078753 0.000235956 6.22991e-06 1.67282e-06 0.000183555 0.00577159 1.3393e-08 8.79478e-05 2.37323e-08 
2.8665e-07 0.190486 1.20589e-08 0.0960382 0.35133 0.0439546 3.71928e-07 0.00258548 6.46709e-08 3.4004e-07 1.53398e-08 0.00123022 0.0282364 0.0137341 0.183805 0.0527036 0.00104264 0.0348514 
0.00625721 0.0206439 0.0652428 0.0358654 0.391112 0.118212 1.1144e-06 0.0253082 0.00373045 0.000512682 0.0108799 0.0499812 0.0510476 0.010397 0.151668 6.14338e-05 0.0245568 0.0345223 
9.87348e-05 0.00290326 3.07786e-06 0.0118531 0.392018 0.269939 6.55219e-06 0.0227807 0.0424057 0.00369884 0.000143262 0.0429319 0.0678244 0.00194866 0.126343 0.00253416 0.00576243 0.00680529 
0.0127724 0.00153773 0.0282748 1.97718e-11 0.261856 0.0447745 3.04273e-06 0.258945 0.000171243 2.68359e-05 0.0813172 0.261249 0.0373631 0.000300263 0.00649281 0.0047035 9.33424e-06 0.000204168 
0.0104459 0.00466359 0.00662584 0.195812 0.318339 0.0125976 5.15235e-06 0.100029 0.00273166 0.00010689 0.000136286 0.0215429 0.205491 0.00688998 0.0906645 0.000289112 0.00934372 0.0142854 
0.015473 0.00473932 0.00072285 0.0077495 0.333204 0.0316612 7.79033e-07 0.00802495 0.0150561 2.11906e-06 0.313742 0.0175008 0.172523 0.00332095 0.056509 2.34914e-08 0.000188873 0.0195823 
0.000807892 0.0219645 0.00789642 0.0750614 0.192566 0.0789791 9.88079e-06 0.0608562 0.0375804 0.00162654 0.0720413 0.0913652 0.163344 0.0384434 0.0502701 0.000210949 0.0111039 0.0958729 
0.000709211 0.000745513 1.87197e-05 0.00154903 0.973599 4.58531e-07 2.58092e-10 0.00556046 0.00229263 0.00158576 3.15393e-07 0.00613738 0.00342422 1.301e-07 0.00291028 0.000117889 0.00125758 9.16441e-05 
0.00283918 0.0157113 5.20863e-06 0.071453 0.628473 0.000509797 8.87915e-06 0.00123479 0.000128977 0.12809 4.19853e-08 0.00167346 0.000866877 0.0815616 0.0516017 0.0131542 0.00208146 0.000607144 
0.000959518 0.0796443 0.0065856 0.00543471 0.297423 0.247019 1.55088e-05 0.132496 0.0159951 0.00245894 0.00298666 0.0330171 0.0394714 0.00385354 0.130458 9.55462e-06 0.000427502 0.00174536 
0.00186018 0.00301916 0.000608817 0.167556 0.621881 0.00445031 4.12858e-06 0.0120452 0.000715623 0.00179229 0.00361138 0.0142168 0.0466484 0.0330882 0.0726116 0.000755968 0.00978906 0.00534547 
0.000903609 0.00151849 0.00611472 3.81579e-11 0.32949 0.0395451 0.000132819 0.0473484 0.00483428 0.0001805 0.00679844 0.254356 0.153191 0.0183238 0.00998906 1.62902e-08 3.89598e-05 0.127234 
0.000903609 0.00151849 0.00611472 3.81579e-11 0.32949 0.0395451 0.000132819 0.0473484 0.00483428 0.0001805 0.00679844 0.254356 0.153191 0.0183238 0.00998906 1.62902e-08 3.89598e-05 0.127234 
0.0277733 0.0195942 0.0246943 0.117471 0.310721 0.00397587 4.2424e-06 0.0565364 0.000985546 0.000171242 0.000263057 0.0194416 0.152552 0.00172723 0.125348 0.000436121 0.0147343 0.123571 
0.00798042 0.0523118 0.000308291 0.00156224 0.695113 0.0226581 8.58781e-05 0.00261563 0.0346408 0.000440986 0.00336661 0.00381725 0.00442726 0.00905776 0.154412 0.00146975 0.002298 0.00343447 
0.00254274 0.00435424 0.00666004 0.0427956 0.388644 0.031048 0.00576321 0.0435109 0.00248091 0.000276237 0.00336476 0.0361688 0.223776 0.0194065 0.0533295 0.0111902 0.0561762 0.0685118 
0.00177472 0.0021839 0.0245824 0.0147835 0.35826 0.0384751 0.000584294 0.108907 0.00229853 5.06733e-05 0.00438651 0.006408 0.0191836 0.00513165 0.333953 0.00261358 0.00190058 0.0745231 
0.000424865 0.00883911 0.0300436 0.0204083 0.487584 0.00422209 1.44048e-05 0.139595 0.000209291 0.000443372 0.0182619 0.175356 0.0823097 0.0001293 0.0244263 0.000773872 1.81416e-05 0.00694054 
3.53279e-08 3.50683e-08 0.000569172 2.58488e-05 0.247846 0.228525 4.99905e-05 0.0264411 0.168541 6.38033e-05 0.00170373 0.083936 0.189167 2.65927e-05 0.0528116 3.03464e-06 2.57439e-05 0.000263738 
0.0103572 0.0453388 0.00102894 0.141056 0.348092 0.0103874 6.2936e-07 0.0663169 0.00580464 0.000776978 0.00637664 0.0181731 0.23321 0.00503545 0.0937271 0.000171667 0.0103712 0.00377474 
0.0640355 0.0313582 0.0163905 0.0433392 0.482188 0.0273155 2.63056e-05 0.0927026 0.0580643 0.000761989 0.00014155 0.0261408 0.0408822 0.000719432 0.09566 4.71163e-08 0.00653701 0.0137372 
0.0393051 0.00205294 0.00526065 0.17255 0.198692 0.0149267 5.21392e-05 0.015206 0.00113385 0.112558 0.000367224 0.0599338 0.110109 0.0388734 0.12854 0.000665768 0.0659931 0.0337805 
4.65748e-05 0.00581539 2.69641e-05 0.00275078 0.649354 0.0488542 9.33252e-05 0.000112364 4.75937e-05 1.20752e-05 0.000812338 0.000416709 0.119574 0.0142621 0.0770603 3.71306e-05 0.0609043 0.0198192 
0.0039588 0.0311695 0.00566038 0.117838 0.398357 0.0378136 7.18039e-05 0.0877341 0.00725346 0.00417157 0.00462284 0.03947 0.17356 0.00359472 0.0447359 0.0110112 0.0120232 0.0169534 
0.000146937 0.0505589 8.9195e-05 0.0115751 0.359178 0.216793 8.35139e-06 0.00864797 0.00430427 0.00288164 0.000271098 0.124795 0.0358017 0.028065 0.12295 0.0057884 8.64094e-06 0.0281364 
5.63908e-05 0.00658537 2.91017e-07 0.0106345 0.804959 0.0167265 3.80502e-07 0.0286153 0.0639488 6.30115e-07 6.73172e-07 3.45254e-07 0.00836742 0.00356287 0.0553528 4.87667e-05 1.45084e-10 0.00114002 
0.0350316 0.00958678 0.000513569 0.04914 0.589698 0.00461495 1.37815e-05 0.0273317 0.00388013 0.000365253 2.81943e-05 0.0227874 0.0566931 0.025374 0.169809 2.10852e-05 0.00106472 0.00404677 
4.33001e-08 0.000690277 1.33221e-05 0.00254675 0.963199 0.00097291 5.53163e-08 0.00103871 9.43958e-06 0.0011407 5.18774e-05 0.00010927 0.000239124 0.00023614 0.029665 5.88735e-09 9.45965e-06 7.77476e-05 
0.00496288 0.00554564 0.0124275 0.0281702 0.28789 0.17531 0.000194693 0.0281563 0.15024 0.00235472 0.0771649 0.115227 0.0397042 0.000629774 0.0201351 0.000124557 0.00177543 0.0499879 
0.0135146 0.00225808 0.00402115 0.0554604 0.535581 0.0323588 0.000165662 0.0350683 0.000489022 0.00559521 0.00334582 0.0203179 0.123626 0.00800646 0.077679 0.000322112 0.0218192 0.0603714 
0.00020602 0.0181756 0.00446191 0.00106906 0.323422 0.1766 0.134044 0.01112 0.00969815 0.00907974 2.00596e-05 0.00371245 0.0481086 0.172252 0.0726709 0.00379092 0.00321725 0.00835094 
2.0929e-05 0.0342253 0.0322882 0.00950034 0.264575 0.250574 9.92187e-07 0.118438 0.0478537 0.001654 0.0131396 0.0364843 0.107262 5.43743e-05 0.0576739 8.33048e-05 0.000245272 0.025927 
0.0496397 0.000611042 9.8754e-05 0.0322601 0.423438 0.0187778 1.75098e-07 0.0624498 2.68742e-06 0.00027915 0.000312173 0.0982589 0.262782 0.000532121 0.0463371 5.59288e-05 0.00198968 0.00217488 
9.32115e-06 0.000323075 0.000632866 0.0935315 0.353439 0.192791 5.58416e-07 0.00675082 4.1284e-05 1.76477e-06 3.16259e-05 0.0342392 0.196371 0.0145408 0.0861895 6.15833e-06 0.00262623 0.0184748 
0.00550948 0.00869962 1.2914e-07 3.99664e-05 0.510116 0.0785578 3.11781e-07 0.00645874 0.0141387 0.00806262 0.00905872 0.0376964 0.00228066 0.0330251 0.283812 5.92919e-08 0.000953568 0.0015911 
0.0103515 0.00653131 0.00446321 0.0949675 0.253539 0.0310211 1.05228e-05 0.0313904 0.00884031 0.000305182 0.0105497 0.206295 0.108615 0.00402643 0.0972811 0.000305283 0.00274508 0.128762 
0.00251226 0.00224954 0.00716352 0.00371801 0.297778 0.284405 0.222095 0.00388681 0.00271264 0.000253473 9.63932e-05 0.00721679 0.002618 0.00226836 0.0851607 0.000169914 0.00106828 0.0746268 
1.72357e-05 4.89602e-05 0.000282438 0.000460718 0.989158 9.74395e-05 0.00016659 0.000241009 3.99646e-06 4.40275e-07 1.11491e-06 0.00190251 0.00461226 0.000563718 0.000183149 8.12884e-06 3.58796e-05 0.00221625 
0.000999469 5.91246e-08 0.00605287 0.0119593 0.332509 0.0873444 0.13424 0.0890799 0.000373999 5.94027e-05 2.73992e-10 0.0675018 0.0315845 0.00819833 0.0677188 0.000577962 0.0109081 0.150892 
0.000903609 0.00151849 0.00611472 3.81579e-11 0.32949 0.0395451 0.000132819 0.0473484 0.00483428 0.0001805 0.00679844 0.254356 0.153191 0.0183238 0.00998906 1.62902e-08 3.89598e-05 0.127234 
0.0269724 0.00314905 0.00217471 0.0185392 0.261515 0.21475 4.15698e-07 0.0647697 1.76448e-06 0.000443183 0.00286485 0.0265728 0.0891342 0.00280476 0.232974 7.0635e-06 0.00255033 0.0507772 
9.56339e-05 7.59743e-05 1.9372e-07 4.55159e-08 0.419986 0.0855504 0.000818588 0.102217 0.000137207 0.222777 0.167071 1.3224e-06 4.90446e-05 1.73887e-05 0.000155144 4.02735e-05 6.49266e-05 0.000942459 
0.0903506 4.51723e-07 8.63846e-07 0.159156 0.565208 0.0119122 5.49052e-08 0.000895332 2.2729e-06 0.00181512 2.71343e-05 0.0477664 0.0413817 8.47253e-05 0.00356555 0.000799803 0.0273175 0.0497165 
0.0116934 0.000536748 0.000385609 0.204038 0.275799 0.248256 4.43284e-05 0.0121972 0.0142524 0.00132734 0.000878768 0.00115497 0.160069 0.0218056 0.0286259 0.000984744 0.00703314 0.0109173 
1.3428e-08 0.0302827 1.8922e-07 0.00129849 0.45522 0.0543094 0.000256558 0.264151 0.0879782 0.00123041 0.00308423 0.00217942 0.0378217 1.8456e-06 0.0609917 5.2365e-06 9.08106e-07 0.00118735 
0.00307305 0.0384803 0.000275091 0.0299279 0.332132 0.136447 9.74358e-05 0.0663865 0.00302286 0.000265923 0.0003395 0.036376 0.289183 0.0070222 0.0487578 0.00297135 0.00255728 0.00268453 
1.46691e-08 0.000245805 9.59598e-08 0.00763014 0.924371 0.0017856 1.91354e-10 0.00245209 0.0177447 0.000699479 2.6813e-07 8.28358e-05 0.00344271 0.00994781 0.0132307 0.000104784 0.0181086 0.000153039 
3.21212e-07 0.0274973 1.08701e-05 5.58246e-07 0.416824 0.0855951 2.53803e-10 0.167789 8.71319e-06 1.93649e-10 5.64665e-06 0.0627833 0.152066 0.00517289 0.0822455 1.545e-07 3.68288e-11 4.22793e-11 
0.0152192 0.00492512 0.000381721 0.182069 0.504502 0.0600438 7.11155e-05 0.0133883 0.00725259 0.00370106 0.00527519 0.0106538 0.0594518 0.0164124 0.0968174 0.000702354 0.00572707 0.0134062 
0.00266692 0.0564484 0.000270377 0.0248716 0.442738 0.00596611 7.8243e-07 0.111707 7.05666e-05 1.6972e-05 0.000432986 0.0320264 0.242771 0.0247918 0.042828 5.21372e-06 0.0114999 0.000887504 
0.00331128 0.00681887 0.000434369 0.106083 0.491801 0.000299422 2.20879e-05 0.0161105 1.30738e-10 0.00101125 8.97207e-11 0.000140528 0.0239558 0.00135684 0.144752 0.195512 6.15746e-05 0.00833006 
0.044961 0.00913217 3.6164e-05 0.176348 0.529676 0.0377343 1.84861e-06 0.0273391 0.00130378 0.00435076 0.00356465 0.00603153 0.050255 0.00282526 0.103448 0.000119659 0.0012044 0.0016686 
0.00024575 0.000193574 0.000162322 0.000308874 0.845928 0.00947354 0.00081361 0.000936885 3.84925e-05 2.84501e-05 4.60932e-05 0.0123755 0.121275 0.000512064 0.00231673 1.39919e-05 0.000448273 0.00488281 
0.0100355 0.00106534 0.00145693 0.0624671 0.270425 0.162627 0.000112561 0.00550331 0.000918212 0.0129175 0.0047782 0.0696075 0.0973952 0.0576186 0.179269 0.0055226 0.0306845 0.0275968 
1.69756e-06 3.58453e-10 4.72851e-10 0.000174637 0.604699 0.377647 1.14159e-09 1.3777e-05 0.0022686 8.88531e-06 5.7591e-10 1.04769e-05 2.06013e-05 1.9906e-06 0.0150389 1.78043e-06 1.65654e-10 0.000112524 
0.000216553 0.00879611 0.000749712 0.00610577 0.755978 0.0576598 1.03617e-05 0.017317 0.00260086 0.00244387 0.000157426 0.0159894 0.0597631 0.00568961 0.0576461 0.000829269 0.00282243 0.00522481 
1.59103e-06 0.275449 3.346e-07 1.56776e-05 0.342813 0.0464706 0.00185999 0.0824523 1.52282e-06 0.002078 1.50345e-07 0.0700812 0.143945 2.47493e-06 0.011284 8.12351e-05 3.09454e-07 0.023464 
0.016617 0.00562189 0.0886884 0.0518861 0.260581 0.0585062 0.00022348 0.0405536 0.000571921 0.000107372 0.00173546 0.115713 0.204808 0.0068122 0.0564456 0.0345699 0.00577021 0.0507897 
3.42925e-06 0.0122336 0.00138862 0.144576 0.661789 0.00395413 1.23594e-05 0.0537911 0.000161302 1.41767e-06 0.00412921 0.00376249 0.0820231 0.0109462 0.0199998 0.000164813 3.34213e-05 0.00103024 
0.000109308 0.0038988 4.7346e-08 0.000194816 0.773637 0.0056111 2.00093e-05 0.00642721 0.000258017 0.000187764 5.76652e-08 0.0483408 0.105877 0.000830516 0.048121 0.000140113 0.00451596 0.00183126 
0.000617491 0.0116897 0.000686132 0.093758 0.569953 0.0122296 6.3328e-09 0.0303827 0.00209936 8.02187e-07 0.0185181 0.020523 0.0817538 0.0291515 0.101127 0.000155081 0.00851694 0.0188385 
4.39644e-07 2.16999e-07 0.0060821 0.302872 0.367552 0.000678834 6.75869e-08 0.081738 4.2161e-08 3.45569e-11 2.28486e-11 0.00503426 0.0374465 0.0120551 0.181336 7.0514e-06 0.000506988 0.00468999 
0.000162152 0.118571 0.0013608 0.00203272 0.182336 0.129803 0.000299386 0.0380453 0.1253 0.00762773 0.00305264 0.0254496 0.0380863 0.0035017 0.166699 8.63892e-11 0.0569131 0.100759 
0.00114726 0.0402487 0.000294277 0.0828424 0.41013 0.0754115 0.000202432 0.0256795 0.00259811 0.0136474 0.000717928 0.00645397 0.0693002 0.0147414 0.22172 3.59478e-05 0.034645 0.000184021 
0.000102466 0.00144927 0.00117005 0.0285116 0.299142 0.261697 0.00232545 0.021558 0.00740802 0.0122426 0.00269158 0.0580319 0.0399916 0.0279249 0.173732 8.89614e-05 0.0145436 0.0473886 
0.00968618 0.00177816 0.00437068 0.0560897 0.415817 0.0246235 3.29017e-06 0.0854058 0.000606941 0.00114007 0.000870865 0.0957829 0.184256 0.0127909 0.0666157 0.00393279 0.000797875 0.0354309 
0.000618446 0.136452 0.00458763 0.109124 0.572718 0.0005231 3.92287e-10 0.00369453 0.000933752 2.99311e-10 8.30624e-07 0.00632554 3.2463e-06 0.0439615 0.112012 1.96717e-05 0.00577779 0.0032482 
0.00097762 0.00105678 0.000768485 0.00385804 0.808207 0.0178487 0.019573 0.0098581 0.000517402 2.44441e-05 0.000136344 0.0664662 0.0452249 0.00259716 0.00181747 0.0152806 0.000849633 0.00493779 
0.00200164 0.0423421 0.000204786 0.0186569 0.447128 0.00447631 6.50527e-07 0.155709 5.33068e-05 1.29192e-05 0.000325394 0.0240223 0.216858 0.0467862 0.0321238 3.96603e-06 0.00862788 0.000666307 
6.55003e-05 0.00510379 0.00133089 0.0100306 0.525033 0.0265579 2.03963e-07 0.00255325 3.55368e-08 3.49901e-10 1.04214e-06 0.0082403 0.000364745 0.0104194 0.399276 0.000115427 0.00382331 0.00708472 
0.00115133 0.00606627 0.00490918 0.0124559 0.527917 0.0302117 0.0631275 0.0244812 0.000277524 5.48006e-05 0.00342425 0.00796985 0.00955786 0.00967259 0.0563779 0.000100792 0.218889 0.0233554 
6.36312e-05 0.0259829 0.000924234 0.00623784 0.458784 0.0164949 4.5545e-08 0.106919 0.000925717 0.00116992 0.0301848 0.0731603 0.176658 0.00449397 0.0752088 8.66137e-09 0.000385845 0.022406 
0.004799 0.00138735 0.0586254 0.00519333 0.306409 0.11033 0.047512 0.170438 0.00049445 0.0158378 0.00356313 0.0647536 0.0512897 0.000965518 0.0251991 8.02276e-05 0.00394711 0.129175 
0.000180345 1.56119e-05 0.00446981 1.29753e-06 0.613569 0.13039 0.199418 5.36478e-06 0.00173291 0.0308822 8.39636e-07 5.34746e-05 0.0171202 6.08266e-05 0.0020346 1.49828e-05 2.37937e-05 2.64747e-05 
0.00704347 6.27613e-07 0.00866737 0.0841252 0.260384 0.23602 0.0626655 0.0563158 0.0342083 0.000197352 1.88059e-06 0.100959 0.0634045 0.000596356 0.0549828 1.67333e-07 8.55846e-05 0.0303412 
0.00447239 0.0797863 7.57941e-05 0.106821 0.286756 0.157842 8.52606e-08 0.00368179 0.000872728 2.31255e-05 4.87846e-05 0.01284 0.149378 0.0253324 0.159426 0.0020685 0.00563964 0.00493482 
0.010214 0.00225937 0.0817971 0.0955007 0.270588 0.109798 4.4119e-06 0.105439 2.13671e-05 4.27183e-05 0.000153952 0.0121081 0.00806828 0.0627827 0.162266 0.00132702 0.0238321 0.0537975 
0.00542499 0.012945 0.00344389 0.111846 0.416508 0.0128549 4.59261e-05 0.0286131 0.00519281 0.00101271 0.00995001 0.0238222 0.282443 0.00389181 0.0519272 1.60927e-05 0.00936798 0.0206943 
0.011451 0.0524088 0.00204728 0.047306 0.218946 0.01307 0.00337027 0.172476 0.0011496 0.00804931 0.00242014 0.041082 0.15171 0.00464743 0.143177 0.0146972 0.0195949 0.0923966 
1.72357e-05 4.89602e-05 0.000282438 0.000460718 0.989158 9.74395e-05 0.00016659 0.000241009 3.99646e-06 4.40275e-07 1.11491e-06 0.00190251 0.00461226 0.000563718 0.000183149 8.12884e-06 3.58796e-05 0.00221625 
0.104001 0.000211428 0.0945958 0.00262565 0.587275 0.0370711 0.0546582 0.038874 0.000771978 1.60358e-05 4.03228e-05 0.0367372 0.00107316 0.00157206 0.00375419 0.0120045 0.000842425 0.0238752 
4.36294e-05 0.000263128 0.00109325 0.0551787 0.764979 2.94938e-07 0.00104198 0.000774012 0.0536545 0.000239861 6.70406e-07 0.000777754 0.0375315 0.0693848 0.00906163 2.5272e-07 0.00342025 0.00255497 
0.000514954 0.000179874 0.00770648 0.088206 0.332097 0.206928 0.000601682 0.0377703 0.0218773 0.00577994 0.000596622 0.0866451 0.0319841 0.000393878 0.00631045 0.000393352 0.000889387 0.171125 
1.087e-06 0.00587087 0.00445715 1.08734e-06 0.698518 0.0246793 0.0299728 0.0109831 1.08634e-06 0.000544239 1.0867e-06 0.0574113 0.0568721 0.00837131 0.0125059 1.08719e-06 0.0293573 0.060451 
0.00283918 0.0157113 5.20863e-06 0.071453 0.628473 0.000509797 8.87915e-06 0.00123479 0.000128977 0.12809 4.19853e-08 0.00167346 0.000866877 0.0815616 0.0516017 0.0131542 0.00208146 0.000607144 
0.018942 0.00184965 0.001709 0.224158 0.274069 0.0407054 1.11628e-05 0.0176236 0.00356311 0.000325007 0.00559833 0.0195303 0.241055 0.00549562 0.0323561 0.000182107 0.0295235 0.0833022 
0.00237995 0.0369803 0.00233342 0.0669058 0.417219 0.00015376 1.46183e-05 0.0662792 4.99278e-05 0.0240176 0.186306 0.0301491 0.0968622 0.000922489 0.0496 4.89591e-06 0.0100474 0.00977508 
0.000239038 0.00186053 0.0010929 0.00360747 0.865949 0.000112107 0.000100644 0.0145655 1.73588e-05 0.000274749 0.00116541 0.00931932 0.0943599 0.00193387 0.00358697 6.43374e-05 0.000306095 0.00144445 
0.00154109 0.00671812 0.000325063 0.012809 0.495346 0.0675812 8.26074e-06 0.0423695 0.000903852 0.00768265 0.0107676 0.00854357 0.0146059 0.0432609 0.226103 0.000552595 0.0424761 0.0184051 
1.90904e-06 0.126361 1.01951e-06 0.046945 0.690426 0.0154233 1.66522e-08 0.0317256 0.000222848 0.000307709 0.00248907 0.0452971 0.0380471 0.000102733 0.00142937 0.000184091 6.76442e-07 0.00103565 
3.29052e-05 0.00178369 0.011809 0.0279389 0.768845 2.05068e-05 3.36319e-06 0.139916 2.47231e-06 2.56607e-06 5.48306e-05 0.0076808 0.0126817 0.00239261 0.0186875 0.000138878 0.000344983 0.00766403 
0.0148186 0.00113694 8.95865e-05 0.224631 0.313599 0.113723 5.76081e-05 0.0186003 0.00390305 0.000874084 0.00104852 0.0120781 0.0394168 0.0778705 0.032372 0.00924386 0.0165032 0.120033 
7.57524e-09 7.51957e-09 8.28091e-07 0.131685 0.64546 6.63786e-06 0.00238758 0.0173769 0.0773588 1.82721e-08 1.20813e-08 4.16566e-06 0.108116 0.00392173 0.0136716 5.3167e-07 2.38898e-06 8.22496e-06 
0.043689 0.00118094 0.000875374 0.00678484 0.284453 0.0357641 1.37006e-06 0.0520159 0.209996 0.0137195 0.045173 0.0275727 0.0376259 0.000198753 0.205603 2.44007e-07 0.03469 0.000656989 
0.0612254 0.00538298 0.0033733 0.182252 0.351494 0.0130402 6.06387e-07 0.0484139 0.000156795 0.000221748 0.00895882 0.010484 0.041484 0.0874396 0.092197 0.00231005 0.0487547 0.0428113 
0.00822378 0.0150758 0.000463084 0.100075 0.39504 0.0326814 7.26035e-05 0.0109467 0.00055278 0.000148076 0.00190422 0.130758 0.147319 0.0379812 0.0366975 0.00486684 0.00184486 0.07535 
1.60988e-07 0.000243223 2.10806e-07 0.20743 0.441402 0.108792 0.00287961 0.00341052 0.00017009 0.000197265 2.56752e-07 0.138879 0.0856508 0.00019163 0.000747815 0.0016913 8.21848e-05 0.00823189 
9.87529e-08 0.000189456 9.73608e-12 8.67489e-05 0.992001 0.000348308 2.35056e-11 0.00028063 1.89932e-05 0.00078753 0.000235956 6.22991e-06 1.67282e-06 0.000183555 0.00577159 1.3393e-08 8.79478e-05 2.37323e-08 
0.0396884 0.052476 0.0013364 0.108436 0.212969 0.00817636 2.82165e-05 0.17419 0.00742219 0.000818954 0.000716211 0.0618772 0.169334 0.0155277 0.0670869 0.000747886 0.00872279 0.0704458 
6.67183e-09 0.0349936 3.50045e-09 0.0322212 0.610543 0.0578178 8.46437e-07 2.94733e-06 6.21244e-09 6.44805e-09 0.000288868 1.59616e-05 0.0768803 1.63906e-06 0.187221 1.60715e-09 1.24911e-05 1.4078e-09 
0.00772659 0.0866703 1.80204e-05 0.014671 0.703291 0.0151155 1.76115e-07 0.00156106 0.000988332 8.39986e-07 0.000111732 0.00431682 0.0780696 0.00695261 0.0802331 5.04872e-06 6.40416e-05 0.00020416 
0.00268525 0.000919092 0.0149022 0.0535813 0.586086 0.0838794 1.03401e-06 0.0056394 0.00129654 7.26825e-06 0.00182618 0.0147744 0.134131 0.00210574 0.0688908 5.98095e-05 0.0116783 0.0175366 
