0.00361065 0.0231597 4.45864e-05 0.0251122 0.196676 0.302466 8.36291e-05 0.00971913 0.00420046 5.54033e-05 0.000331013 0.0177913 0.224003 0.00422359 0.142872 1.2334e-05 0.00555982 0.0400786 
0.00039015 0.0182706 0.00022887 0.00140396 0.0382805 0.589753 1.45243e-05 0.00873535 0.00246142 0.000186461 0.0171119 0.176726 0.0225357 0.000720426 0.120808 0.000133828 0.00200222 0.000237598 
2.08802e-10 1.96925e-06 2.73415e-10 6.42407e-11 0.043456 0.956519 6.601e-10 7.71397e-08 1.6018e-06 5.03649e-10 3.33007e-10 1.88237e-06 2.29127e-06 6.5656e-06 1.0438e-05 1.25532e-10 6.71456e-08 2.75014e-07 
0.00157831 0.0104728 0.00501232 0.0375788 0.0436549 0.297663 0.000129888 0.0303338 0.00852991 0.0328415 0.00212593 0.0478769 0.132206 0.0149385 0.104105 1.31e-05 0.0107095 0.220231 
8.77996e-05 1.48969e-08 1.12883e-07 6.50772e-08 0.000244081 0.955073 0.00237166 0.00128382 7.42647e-08 1.7213e-05 1.75338e-07 0.0146497 8.9273e-05 1.80742e-08 1.50003e-08 0.0245062 2.27949e-06 0.00167463 
0.0277937 0.000582573 8.01538e-05 0.0257103 0.129323 0.400118 3.25554e-05 0.0360395 0.0014822 0.000111164 0.0330159 0.132956 0.0847698 0.00230487 0.0708596 0.0128172 0.000144995 0.0418583 
0.00436917 0.014373 0.000840372 0.00704881 0.106497 0.588215 0.000167698 0.0151085 0.0147326 0.000413237 0.0110915 0.0326444 0.104078 0.00340223 0.0278542 0.0344109 0.00879442 0.0259588 
0.000292104 0.000355451 0.0792694 0.00239037 0.0180249 0.699238 0.0339575 0.00318169 0.000165945 0.000805212 0.00291425 0.00565905 0.00555841 0.00167957 0.0138942 0.000212986 0.002794 0.129607 
1.3842e-05 0.000319555 1.94289e-07 0.00190761 0.000641862 0.968307 8.56534e-10 0.00260987 0.000228814 0.000159633 9.45249e-07 0.000444019 0.00389519 1.53865e-07 0.0205097 6.90502e-06 6.80655e-08 0.000954198 
4.05822e-05 0.0037961 0.00310658 0.0103861 0.100672 0.493101 4.26186e-05 0.0431752 0.0115503 0.0191111 0.00320765 0.0907817 0.102523 0.00617839 0.0593765 4.99193e-05 0.00585144 0.0470499 
0.0222632 0.00227594 0.0120423 0.00201555 0.0136798 0.526105 2.68311e-05 0.00929097 0.00464057 0.0265864 0.125086 0.170863 0.0492831 0.000378716 0.00546509 0.00146067 0.000328691 0.0282086 
0.00719391 0.000777365 7.2445e-05 0.00633238 0.0105043 0.790796 0.000102324 0.00212994 3.91108e-05 5.19719e-05 0.00274774 0.00128958 0.0621612 0.00195614 0.100126 0.000569154 0.00139639 0.0117544 
0.0933931 0.0369404 0.0024584 7.81513e-07 0.104214 0.267225 3.10339e-07 0.0139404 0.190596 5.01003e-05 0.0545133 0.0346677 0.141551 0.000172774 0.0424875 0.000209332 0.00113755 0.0164424 
0.00504546 0.00450767 0.00337549 0.0947574 0.0677521 0.210277 0.0327575 0.0128652 0.00135711 0.00416167 9.45235e-06 0.144241 0.158674 0.0314464 0.0790544 0.0363682 0.0355809 0.0777691 
0.0159148 0.0160735 0.000221986 0.0108065 0.0364565 0.680496 1.81951e-06 0.0130049 0.00136435 0.00224461 0.000289755 0.00421009 0.0931873 0.000572864 0.0106822 2.90211e-06 1.19247e-06 0.114469 
0.000353773 0.000636756 1.4662e-05 0.00506191 0.0823965 0.6319 4.49342e-05 0.000931922 0.000101183 0.000223254 0.00105115 0.00934187 0.0494311 0.000564554 0.158635 1.68467e-05 0.0547015 0.00459308 
0.00275843 0.145855 0.00872116 0.0531885 0.0133183 0.290809 3.54961e-06 0.157679 0.00196933 5.75704e-05 0.00388424 0.0642485 0.0960545 0.00132687 0.152165 0.00148515 0.00156553 0.00491076 
0.0217695 0.100176 0.00433151 0.0244068 0.0551443 0.281943 0.000313265 0.0739481 0.00673517 0.0121811 0.00653018 0.100325 0.0865011 0.0632989 0.148148 0.000277046 0.00808007 0.00589173 
1.51124e-05 4.42861e-05 7.71078e-06 0.00521108 0.00016317 0.974665 0.000727313 0.00051632 3.25993e-06 8.8728e-06 1.97411e-09 0.000581699 0.00395272 0.00861671 0.00168502 0.00116444 0.00260348 3.3786e-05 
1.51124e-05 4.42861e-05 7.71078e-06 0.00521108 0.00016317 0.974665 0.000727313 0.00051632 3.25993e-06 8.8728e-06 1.97411e-09 0.000581699 0.00395272 0.00861671 0.00168502 0.00116444 0.00260348 3.3786e-05 
0.00487365 0.00620632 0.00986121 0.0127137 0.176092 0.428312 0.00057453 0.0840822 0.00384945 0.00238884 9.25171e-05 0.0269245 0.091722 0.00509753 0.124452 0.00305026 0.0111931 0.00851401 
7.86529e-07 0.00581922 0.00954237 0.000206146 0.0610846 0.576519 1.47557e-05 0.0858539 0.000439703 0.00232256 0.0083361 0.0440628 0.114495 0.00182821 0.0249597 8.50592e-05 0.00043361 0.0639971 
3.21884e-06 0.00331508 3.03204e-05 0.00786126 0.0731519 0.615373 3.46193e-07 0.00726329 8.23218e-06 0.000101654 0.000833185 0.0299287 0.222113 0.0088805 0.0221505 2.21864e-07 0.00104354 0.00794139 
0.00475027 0.0242536 0.00295242 0.00791756 0.0621303 0.711582 1.23995e-06 0.0603305 0.000232612 0.00881364 6.25531e-07 6.51169e-05 0.0190752 3.45401e-05 0.0977274 2.35804e-07 8.74955e-05 4.56361e-05 
1.3842e-05 0.000319555 1.94289e-07 0.00190761 0.000641862 0.968307 8.56534e-10 0.00260987 0.000228814 0.000159633 9.45249e-07 0.000444019 0.00389519 1.53865e-07 0.0205097 6.90502e-06 6.80655e-08 0.000954198 
0.000492775 0.00212509 0.000693329 0.0377439 0.0266506 0.420574 0.000158686 0.0619427 0.00759827 0.0507253 0.000726915 0.0826935 0.0940408 0.00282085 0.0187082 0.00116714 0.0110302 0.180108 
0.0281554 0.000306757 0.000118592 0.000692934 0.0722072 0.751513 3.11891e-05 0.00701796 0.0128891 0.000230492 0.0159589 0.0225896 0.0614443 0.00012215 0.0246326 0.000170821 2.85062e-05 0.00189042 
1.19754e-06 3.80819e-09 2.51529e-05 1.57933e-05 0.0514524 0.575336 1.21282e-08 4.74965e-06 0.000286167 9.25369e-09 2.04255e-05 0.22109 0.114722 4.78646e-05 0.0369327 2.30644e-09 1.34794e-06 6.47668e-05 
0.00436549 1.13099e-05 0.0449324 0.0347073 0.0973758 0.680645 0.00023259 0.0214968 0.0006824 1.40147e-08 1.66885e-06 0.0163692 0.0261162 0.000223966 0.0549356 0.0138443 5.76325e-05 0.00400268 
0.016484 0.0163078 0.0396498 0.0242272 0.0314681 0.565442 9.0942e-05 0.00735049 0.00636719 0.000720004 0.0255627 0.024151 0.0746189 0.0245048 0.0979328 0.000114217 0.00476417 0.0402444 
0.000203464 5.5033e-05 0.000318775 0.0120362 0.00550944 0.93914 6.40241e-05 0.000687262 0.00152402 6.1897e-05 0.000115633 0.0014076 0.000376836 0.00535115 0.0153417 2.72201e-05 0.0177642 1.55799e-05 
1.3842e-05 0.000319555 1.94289e-07 0.00190761 0.000641862 0.968307 8.56534e-10 0.00260987 0.000228814 0.000159633 9.45249e-07 0.000444019 0.00389519 1.53865e-07 0.0205097 6.90502e-06 6.80655e-08 0.000954198 
1.51124e-05 4.42861e-05 7.71078e-06 0.00521108 0.00016317 0.974665 0.000727313 0.00051632 3.25993e-06 8.8728e-06 1.97411e-09 0.000581699 0.00395272 0.00861671 0.00168502 0.00116444 0.00260348 3.3786e-05 
0.0011451 0.00111384 1.21962e-07 0.000486772 0.0625764 0.832834 0.000146669 0.00302523 0.0176689 0.000156714 0.0112568 0.00305035 0.00132355 0.00335997 0.0563258 0.000243236 7.08845e-05 0.00521605 
0.00308456 0.00436824 3.81272e-07 0.0414692 0.0420924 0.662801 0.000232768 0.00391733 0.000969297 0.000153983 8.93517e-05 0.00268631 0.0851673 0.0292194 0.106728 0.000119707 0.0111143 0.00578695 
0.000656091 0.00214808 1.10725e-06 0.00204876 0.0101594 0.73763 2.72158e-06 0.00285052 7.70457e-05 0.00164504 8.62574e-05 0.00583521 0.142963 0.0218327 0.026653 0.00016026 0.0372975 0.0079527 
1.29874e-07 0.00476566 4.86919e-05 0.00059667 0.0936842 0.835751 4.10578e-07 0.000106547 0.000115994 2.65559e-05 4.14165e-05 0.00721286 0.00140422 0.0239792 0.0305439 2.73066e-05 4.489e-06 0.0016905 
0.123077 4.92113e-05 4.92045e-05 4.92266e-05 4.92198e-05 0.383948 4.9163e-05 0.324941 4.91816e-05 0.00496715 0.118124 0.0443523 4.92296e-05 4.92133e-05 4.92284e-05 4.922e-05 4.92232e-05 4.92217e-05 
0.000427265 0.000203595 0.0059835 0.0259826 0.0450319 0.520723 0.00670386 0.00230204 0.0031424 0.000147369 4.93022e-07 0.0837701 0.0128697 0.0303665 0.116069 0.000425368 0.0101923 0.135659 
0.00440257 0.00202315 0.00359274 0.082133 0.0180937 0.503706 0.000125669 0.00613598 0.00402874 0.000574266 0.00159512 0.00843358 0.170907 0.0013283 0.0049221 0.000164581 0.00107219 0.186761 
3.42038e-11 0.000101508 1.2993e-07 6.94641e-08 1.12244e-06 0.687027 1.8393e-07 0.0209739 3.02134e-07 6.84855e-07 0.00885255 1.79925e-06 0.0735297 5.37769e-07 0.0205027 2.05634e-11 0.189007 9.16866e-07 
0.00011395 0.000240068 9.06861e-06 0.0540205 0.137543 0.611899 0.0190675 0.0231377 4.37311e-05 2.14988e-05 0.0245274 0.0163958 0.0490595 0.000843203 0.0149476 0.00271665 0.0157062 0.0297077 
4.30004e-05 1.60674e-06 2.11951e-06 9.64294e-05 0.000312097 0.943443 0.000126812 0.044996 3.76162e-06 3.90428e-06 0.00992866 0.000102272 0.000113223 6.14606e-05 0.000318119 9.73125e-07 7.42528e-07 0.000446339 
0.00249429 0.000943212 1.32097e-07 3.13326e-07 0.0506883 0.80389 2.50853e-05 0.00196468 0.00206623 0.000115861 0.0010731 0.00706884 0.0814031 0.00181054 0.0418581 0.000272756 0.00374539 0.000579862 
9.48213e-05 0.000709738 0.0259609 0.00256564 0.00398524 0.860368 0.03569 0.000350295 0.00629859 0.000418584 0.000479881 0.0151727 0.00530576 0.000175132 0.004789 0.0080939 4.15177e-06 0.0295381 
0.00436953 0.00774545 0.000669921 0.00983362 0.114758 0.4315 1.20823e-07 0.0592876 0.0628135 0.00126048 0.00264532 0.0273241 0.106994 0.0018784 0.165218 0.000106921 1.52575e-05 0.00358042 
0.00968964 0.0741809 0.000390961 0.014728 0.104303 0.299985 5.89557e-05 0.0468138 4.20019e-06 0.0349631 4.42764e-08 0.0615702 0.0439722 0.00308017 0.137508 0.00119294 8.86843e-05 0.16747 
1.51017e-08 9.14583e-05 0.000217542 4.64624e-09 0.000287404 0.895899 4.7742e-08 2.12879e-05 0.000336953 2.18924e-05 5.06024e-05 0.102929 1.62337e-05 1.3645e-08 0.000113611 1.45358e-05 6.92772e-09 7.953e-09 
0.0220037 0.00121269 4.23612e-05 0.000149108 0.0107501 0.735135 0.000118632 0.0109569 0.0137712 0.000828053 0.0013403 0.120731 0.00973059 0.00190457 0.0415252 0.00783306 0.00125479 0.0207134 
0.00967039 0.0255433 0.000779616 0.0389703 0.0469237 0.281713 6.41842e-07 0.00179786 0.0908347 0.00297815 0.00393794 0.0562197 0.217642 0.045845 0.116302 0.00539065 0.05496 0.000490795 
0.000297371 0.00108819 0.000872451 0.0509353 0.00622323 0.724442 0.000670332 0.0110905 0.000323766 0.000189729 2.15234e-06 0.0380293 0.0868547 0.00857368 0.00892338 0.00107899 0.00170453 0.0587002 
0.0384085 4.47592e-10 5.90437e-10 1.38727e-10 1.898e-06 0.961579 1.42548e-09 1.51301e-10 1.04788e-09 1.08762e-09 7.19126e-10 5.29669e-07 7.81658e-11 4.07412e-10 2.19962e-07 3.14487e-06 2.06848e-10 6.4829e-06 
0.0146512 6.1021e-05 0.00538977 0.000972576 0.0388456 0.620066 2.09741e-06 0.0419992 0.0602799 0.000612852 6.28267e-05 0.117655 0.0475641 0.000350987 0.0162933 0.000183577 0.0330426 0.00196801 
0.0083995 2.27595e-07 2.84047e-10 2.74199e-07 0.00743779 0.911996 6.85767e-10 0.0228168 0.0167354 8.64721e-07 1.85505e-06 6.16782e-07 0.0311598 0.00113668 1.06921e-06 0.000312786 9.95101e-11 4.09174e-08 
1.51124e-05 4.42861e-05 7.71078e-06 0.00521108 0.00016317 0.974665 0.000727313 0.00051632 3.25993e-06 8.8728e-06 1.97411e-09 0.000581699 0.00395272 0.00861671 0.00168502 0.00116444 0.00260348 3.3786e-05 
0.00168642 0.0180796 0.000126041 0.0262259 0.096727 0.418167 4.70832e-07 0.0212842 0.229144 4.95878e-05 0.00451221 0.00910887 0.0169772 0.0182123 0.127247 8.5343e-05 0.00139346 0.0109723 
0.0315448 0.000170128 0.00016033 0.069093 0.0142061 0.771387 2.18951e-06 0.00849038 0.000578584 8.88588e-05 0.000302384 0.0221896 0.0610929 0.000218918 0.00397951 3.1991e-05 3.12884e-05 0.0164323 
0.00182726 0.00286397 0.000322101 0.0585181 0.0951097 0.610143 0.00554999 0.0210734 7.94075e-05 0.000890492 3.47326e-06 0.061921 0.0196693 0.000484191 0.115444 0.000200788 7.40539e-05 0.00582507 
0.00445233 0.00430678 0.00110157 0.000632741 0.0137013 0.878844 0.000122197 0.00133294 0.00291498 0.00399323 0.0176494 0.00657945 0.037426 0.000559013 0.0154301 0.000900137 0.000857627 0.00919603 
2.47487e-07 4.49693e-07 2.04018e-06 2.21105e-06 0.235922 0.556231 0.00117441 0.000777188 0.0062825 7.07063e-05 1.80823e-07 0.0150627 0.075564 0.00423958 0.0862576 0.00708713 0.00567721 0.0056487 
1.53447e-07 7.57808e-10 9.99656e-10 2.35111e-07 0.00300969 0.502133 1.18283e-05 1.46528e-05 0.00186375 3.71988e-05 1.04721e-05 0.492851 1.32078e-05 1.39342e-05 1.79206e-05 3.67222e-06 7.1096e-06 1.21822e-05 
0.024268 0.00162721 0.000522738 0.00432657 0.00608002 0.754969 5.11012e-05 0.00115886 0.00472871 0.00497473 0.00488011 0.0130992 0.0399608 0.00800105 0.0795559 0.00131314 0.046031 0.0044523 
0.000394678 0.00585928 0.0133122 0.0622393 0.267311 0.33038 5.35365e-05 0.0305444 0.00556129 0.00030547 0.00343396 0.00354397 0.0988272 0.000145279 0.0382886 0.000286207 5.13538e-06 0.139509 
2.29837e-06 0.000354553 0.00172754 0.00399563 0.00018955 0.694758 0.00332816 0.0299186 3.41377e-05 0.000616704 0.00784647 0.24491 0.00418096 0.000184027 0.00423377 0.00273434 0.000432873 0.000551703 
1.51124e-05 4.42861e-05 7.71078e-06 0.00521108 0.00016317 0.974665 0.000727313 0.00051632 3.25993e-06 8.8728e-06 1.97411e-09 0.000581699 0.00395272 0.00861671 0.00168502 0.00116444 0.00260348 3.3786e-05 
0.00446286 0.0112729 0.0139623 0.0349683 0.0340188 0.612497 0.000212775 0.00387079 0.0012309 0.000515741 0.031756 0.0400088 0.0261075 0.00953158 0.0945012 2.22386e-05 0.000389312 0.0806706 
0.00499607 0.00549535 0.000139007 0.0322688 0.027367 0.390013 3.3998e-06 0.00573095 0.00105451 0.000781532 0.000148031 0.00999772 0.0843844 0.0291939 0.327084 3.02577e-05 0.0435607 0.037751 
1.51124e-05 4.42861e-05 7.71078e-06 0.00521108 0.00016317 0.974665 0.000727313 0.00051632 3.25993e-06 8.8728e-06 1.97411e-09 0.000581699 0.00395272 0.00861671 0.00168502 0.00116444 0.00260348 3.3786e-05 
0.000103119 0.000216332 0.000306451 0.00254989 0.000254999 0.919214 3.68004e-05 0.00356701 0.00215774 0.000131611 0.00757109 0.000408744 0.0149913 0.00378713 0.0218391 1.34496e-05 0.0224467 0.00040453 
0.00274882 0.00510298 0.0276904 0.0013119 0.11964 0.296567 0.0267404 0.00832303 0.00653646 0.000706528 1.68334e-05 0.0512736 0.0994798 0.00117052 0.0555404 5.46814e-05 0.00682896 0.290268 
0.0198496 0.00121313 0.000236262 0.000548436 0.0115448 0.395032 1.26504e-06 0.00143573 0.00430456 6.90877e-05 1.19058e-05 0.0999119 0.045373 0.00705488 0.035313 0.352301 0.024498 0.00130113 
0.000124871 0.00396573 0.000101907 0.00308367 0.0129644 0.463298 0.0062465 0.00713639 0.00110523 0.0120189 0.00146542 0.0373912 0.0485665 0.0228637 0.190892 8.45935e-06 0.184601 0.00416695 
0.0077103 1.72876e-06 0.000800352 0.038398 0.211645 0.360547 3.79963e-11 0.0299615 0.00114041 7.97276e-07 3.45051e-07 0.00566854 0.337205 1.48267e-05 0.00690307 4.1917e-08 5.80032e-07 1.183e-06 
6.79703e-05 0.000423296 2.92034e-05 0.001199 0.00485174 0.96875 0.0055427 0.000270612 0.00321893 0.000223502 0.00457269 0.000257977 0.00767318 0.000625398 0.00175799 2.39986e-05 0.000111597 0.000400032 
0.0377073 0.052162 0.000371753 0.133417 0.0656471 0.275603 0.000320655 0.0700009 0.0346049 4.53157e-05 0.000448235 0.152458 0.115732 0.00201057 0.020967 0.0203661 2.79125e-06 0.0181347 
1.51124e-05 4.42861e-05 7.71078e-06 0.00521108 0.00016317 0.974665 0.000727313 0.00051632 3.25993e-06 8.8728e-06 1.97411e-09 0.000581699 0.00395272 0.00861671 0.00168502 0.00116444 0.00260348 3.3786e-05 
1.51124e-05 4.42861e-05 7.71078e-06 0.00521108 0.00016317 0.974665 0.000727313 0.00051632 3.25993e-06 8.8728e-06 1.97411e-09 0.000581699 0.00395272 0.00861671 0.00168502 0.00116444 0.00260348 3.3786e-05 
6.88151e-07 8.37112e-10 0.0138854 3.4041e-06 0.010024 0.496022 0.00972573 0.00059571 0.0259317 1.30748e-06 0.000936885 0.267775 0.0198932 6.56273e-07 9.54103e-07 0.000140488 1.93209e-05 0.155044 
3.93033e-07 0.0646986 4.64321e-05 0.00448034 0.0896927 0.590733 1.04724e-06 0.0364117 0.00122158 6.00164e-05 0.000110779 0.00323997 0.112833 0.00683066 0.0863643 3.89281e-05 8.4672e-05 0.00315245 
1.51124e-05 4.42861e-05 7.71078e-06 0.00521108 0.00016317 0.974665 0.000727313 0.00051632 3.25993e-06 8.8728e-06 1.97411e-09 0.000581699 0.00395272 0.00861671 0.00168502 0.00116444 0.00260348 3.3786e-05 
0.184817 0.000133049 0.00704483 0.000433384 0.0139345 0.753275 5.25953e-05 0.000225789 0.0034619 0.000801704 5.61879e-05 0.00810906 0.0156597 0.0003706 0.00698164 0.00097332 4.20854e-05 0.00362689 
2.32033e-07 0.00509569 0.0195304 0.0013416 0.00669296 0.566218 3.96669e-07 0.00949404 0.21685 7.98903e-05 0.0339907 0.0163151 0.0295188 0.00523522 0.0503164 0.000296031 0.00040821 0.0386166 
0.200706 0.0361629 0.0275326 0.0164851 0.0285572 0.536899 6.36338e-05 0.00619872 0.00192998 0.000343772 0.00363206 0.030941 0.0238072 0.0192802 0.0255037 0.0175484 0.00649299 0.0179156 
3.62003e-07 3.59343e-07 0.000190083 0.000556987 0.000861361 0.995379 1.14442e-06 1.22684e-05 8.41277e-07 8.73183e-07 5.7734e-07 0.00227573 6.27543e-08 0.000719913 8.4052e-08 2.17637e-07 1.66065e-07 1.90642e-07 
0.00128519 0.0105041 0.00535869 0.0531965 0.0780713 0.339945 4.79977e-09 0.0415281 0.000115456 3.08522e-07 0.00272701 0.0205113 0.0333488 0.00250114 0.239465 2.67261e-06 0.0704521 0.100987 
8.77996e-05 1.48969e-08 1.12883e-07 6.50772e-08 0.000244081 0.955073 0.00237166 0.00128382 7.42647e-08 1.7213e-05 1.75338e-07 0.0146497 8.9273e-05 1.80742e-08 1.50003e-08 0.0245062 2.27949e-06 0.00167463 
1.51124e-05 4.42861e-05 7.71078e-06 0.00521108 0.00016317 0.974665 0.000727313 0.00051632 3.25993e-06 8.8728e-06 1.97411e-09 0.000581699 0.00395272 0.00861671 0.00168502 0.00116444 0.00260348 3.3786e-05 
1.22209e-05 0.000160454 9.08663e-05 0.132226 0.118955 0.609989 1.94899e-05 0.0455811 0.0674673 2.13983e-05 0.000125189 0.000312251 0.00588869 0.000461474 0.00423375 0.00153127 0.000111235 0.0128141 
1.51124e-05 4.42861e-05 7.71078e-06 0.00521108 0.00016317 0.974665 0.000727313 0.00051632 3.25993e-06 8.8728e-06 1.97411e-09 0.000581699 0.00395272 0.00861671 0.00168502 0.00116444 0.00260348 3.3786e-05 
2.51059e-08 0.0400755 1.6649e-05 0.00151986 0.0044763 0.835066 7.9369e-08 0.00317298 0.000134372 0.000144556 0.026027 0.00494204 0.00355459 0.0334737 0.0457499 6.68416e-05 0.000268254 0.00131171 
0.000823749 0.00264051 0.0173229 0.1085 0.117195 0.316012 5.75696e-07 0.149371 0.0014284 0.00308182 0.0187715 0.10445 0.0554232 1.0632e-05 0.0586281 0.000119731 5.02015e-06 0.0462154 
1.51124e-05 4.42861e-05 7.71078e-06 0.00521108 0.00016317 0.974665 0.000727313 0.00051632 3.25993e-06 8.8728e-06 1.97411e-09 0.000581699 0.00395272 0.00861671 0.00168502 0.00116444 0.00260348 3.3786e-05 
0.00161223 0.00666553 0.000110777 0.0419663 0.111359 0.443508 0.000371743 0.0161761 0.00859488 0.000823802 0.0364462 0.0560972 0.192677 0.0152506 0.0401871 7.51626e-05 0.00536783 0.02271 
0.0128108 0.0389902 0.000420426 0.0134376 0.0562989 0.521777 2.88751e-05 0.0631387 0.0865232 0.00462567 0.00344342 0.0186291 0.0128877 0.0107795 0.108193 0.000252445 0.0177394 0.0300236 
0.00275204 0.00714949 0.0402032 0.057962 0.0323454 0.326307 2.98516e-05 0.0952309 0.0389093 0.00434537 0.00244042 0.0896144 0.0949841 0.000704043 0.0310296 3.13826e-05 0.00589394 0.170068 
7.08039e-07 0.00579773 0.00164814 0.0144045 0.204001 0.491178 5.53561e-10 0.0221942 0.00212361 0.0469164 0.00903058 0.0320767 0.0649015 7.64044e-07 0.0993665 1.53783e-07 1.08321e-07 0.00635916 
1.036e-05 0.010259 2.27222e-07 0.00359712 8.04351e-05 0.947983 5.48577e-07 0.000329729 0.000213459 4.18558e-07 0.0366666 0.000427824 0.000261501 1.56787e-07 0.000168907 1.04324e-07 4.13383e-07 9.13836e-08 
0.0131491 0.00273863 0.0759102 0.0136623 0.0456137 0.307028 4.43449e-05 0.0042049 0.00622259 0.0729566 0.00954689 0.151606 0.168293 0.0364421 0.0757859 0.000518713 0.00460636 0.01167 
0.00263833 0.0433228 0.00620416 0.0298599 0.0626317 0.23435 2.52659e-05 0.0101539 0.000788896 0.00115914 0.000275191 0.0711722 0.144943 0.0438502 0.131387 0.0124208 0.0216535 0.183164 
0.0229028 7.70435e-11 2.32336e-07 0.0326937 0.116618 0.574916 0.000124872 0.0156313 0.000708198 0.000584941 1.23782e-10 0.0927369 0.0674253 0.00446307 0.0533881 2.58726e-08 0.0010937 0.0167133 
1.51124e-05 4.42861e-05 7.71078e-06 0.00521108 0.00016317 0.974665 0.000727313 0.00051632 3.25993e-06 8.8728e-06 1.97411e-09 0.000581699 0.00395272 0.00861671 0.00168502 0.00116444 0.00260348 3.3786e-05 
1.51624e-06 0.00245361 7.66357e-09 1.35043e-05 0.00650859 0.982016 3.20802e-06 0.00545992 1.29745e-05 3.09903e-06 1.11201e-06 0.00317846 1.88132e-05 0.000297496 9.0332e-06 1.36113e-06 2.07998e-05 7.79747e-07 
8.77996e-05 1.48969e-08 1.12883e-07 6.50772e-08 0.000244081 0.955073 0.00237166 0.00128382 7.42647e-08 1.7213e-05 1.75338e-07 0.0146497 8.9273e-05 1.80742e-08 1.50003e-08 0.0245062 2.27949e-06 0.00167463 
0.000791796 0.034686 8.40861e-05 0.000176445 0.10079 0.579414 0.000323398 0.00627177 0.0108753 0.00145153 0.00227912 0.0280744 0.0295853 0.00245147 0.0783617 8.40634e-05 3.1514e-05 0.124268 
0.0150313 0.0239983 0.00204983 0.0336923 0.133572 0.233966 5.93191e-05 0.0499092 0.00932673 0.0040863 0.000626754 0.0781523 0.16304 0.0106433 0.101007 0.0426798 0.0249576 0.0732014 
0.0152572 0.00516617 0.0211232 0.112152 0.0778233 0.143684 0.00027605 0.0946377 0.00249447 0.00808924 0.110418 0.0975642 0.130267 0.00696792 0.0746203 0.00792889 0.047074 0.0444561 
0.000683061 0.0759736 7.49286e-08 0.0145567 0.0318677 0.60485 5.92323e-05 0.0302163 0.00323469 5.47903e-05 0.000299325 0.000294979 0.115782 0.000157474 0.118201 0.00011168 0.00345942 0.00019897 
6.12745e-05 0.000118964 6.18749e-09 4.08636e-05 0.00502836 0.983279 0.000237512 1.646e-05 0.000153021 0.000179711 1.30905e-05 0.000101956 0.00398749 0.00079251 0.00489619 0.000203975 0.000818231 7.09752e-05 
0.00167711 0.00365144 0.000488054 0.00429121 0.0336023 0.324854 0.000270031 0.042546 0.00347054 0.00109745 0.00142165 0.224019 0.221922 0.000624466 0.0936244 0.000607784 0.0314675 0.0103653 
0.00031792 0.0167988 0.00143001 0.0144893 0.0582746 0.419902 4.68999e-08 0.170025 0.0487611 0.057619 0.00591186 0.0140318 0.0334183 0.0079116 0.133994 0.00358848 0.00363185 0.00989496 
7.01572e-06 7.01574e-06 7.01477e-06 0.0729933 0.0582477 0.585197 7.00885e-06 0.0526408 0.0631105 7.01124e-06 7.01384e-06 0.0077266 7.01834e-06 7.01602e-06 0.0596614 0.0126376 7.01744e-06 0.0877223 
0.000268107 0.00808053 0.00137784 0.000780189 0.0126898 0.636752 2.49288e-06 0.113962 0.00830365 0.0014897 0.0068305 0.136779 0.0470593 0.000233431 0.0200217 0.000256368 0.00078823 0.00432475 
0.000324268 0.00223172 1.45006e-05 0.00809005 0.017455 0.779483 7.00219e-06 0.000267314 0.00013188 0.000106081 0.000560319 0.0015876 0.11647 0.00739229 0.0603361 7.40837e-05 0.00250244 0.00296597 
8.77996e-05 1.48969e-08 1.12883e-07 6.50772e-08 0.000244081 0.955073 0.00237166 0.00128382 7.42647e-08 1.7213e-05 1.75338e-07 0.0146497 8.9273e-05 1.80742e-08 1.50003e-08 0.0245062 2.27949e-06 0.00167463 
1.06069e-05 5.15021e-06 5.03211e-10 3.65351e-06 3.23497e-06 0.963416 5.22522e-06 5.48045e-06 8.93077e-10 0.00283972 1.47154e-06 9.96829e-06 0.0336868 1.91008e-06 1.19574e-06 2.31038e-10 1.7629e-10 9.83588e-06 
1.09832e-07 0.000131297 1.43819e-07 3.37912e-08 7.51317e-05 0.990877 2.90952e-05 3.46186e-05 0.00780506 6.46061e-05 1.75165e-07 0.000165037 6.96954e-05 9.92375e-08 0.000131354 0.000344466 9.68308e-05 0.000175333 
3.69714e-05 0.00102894 0.169289 0.0108506 0.0392895 0.617258 4.49275e-05 0.000690696 0.00974121 0.000305044 0.00177711 0.0441917 0.0249788 0.0229656 0.0517253 5.89558e-05 0.0050113 0.000756676 
0.0746487 0.0101926 0.00816526 0.0202832 0.042119 0.605329 0.000476944 0.0166033 0.00704145 0.000970512 0.00377957 0.0359073 0.0466451 0.00608454 0.0336555 0.0256398 0.00333317 0.0591249 
0.0101446 0.0551235 0.0121774 0.0671128 0.025145 0.525321 8.5991e-05 0.00652283 0.00366837 0.00197433 0.00533868 0.0491828 0.10917 0.0304602 0.049677 0.000551069 0.00761226 0.0407315 
7.3063e-06 0.00603417 0.00124136 0.0889829 0.0044871 0.522264 0.00632631 0.0409236 0.0305891 0.00094279 0.0125345 0.0110308 0.0382017 7.68647e-05 0.184062 4.8879e-05 3.59357e-05 0.0522109 
0.0110117 0.0087702 0.00110882 0.000784326 0.0410192 0.849457 2.17517e-07 0.00119843 0.0140459 0.00764787 2.69448e-09 0.0223128 0.00232872 0.000426413 0.0369845 0.000200225 0.0002001 0.00250341 
0.0265016 0.00519807 0.00125144 0.0762699 0.141973 0.321868 0.000894722 0.0257729 0.000719437 0.00109731 0.00283929 0.0648048 0.111719 0.00875654 0.196959 0.000450936 0.00044411 0.0124801 
0.0283259 3.43652e-06 7.18167e-06 0.0340818 0.0405897 0.487026 0.00138391 0.00180257 9.91376e-10 3.99167e-06 9.54336e-06 0.00116368 0.0210125 0.00417954 0.0113859 0.000164549 0.000104749 0.368755 
0.0995319 0.00108222 0.00080371 0.0161346 0.00694483 0.347076 5.51312e-05 0.0291097 0.00170377 0.0176713 0.0314431 0.0796704 0.066575 0.00637448 0.0173671 0.000762512 0.10193 0.175764 
0.000191432 0.00496425 0.0113524 0.018684 0.0303375 0.8333 0.00319646 0.0132323 0.0416932 2.67165e-05 0.000626607 0.00634914 0.00790192 1.25376e-05 0.00413345 0.000186009 4.82721e-06 0.023807 
0.00206633 0.00137797 0.000445217 0.00201153 0.088875 0.574473 4.35478e-08 0.000238411 0.0349278 0.000610279 0.00013264 0.0885023 0.0118391 1.30869e-05 0.00798413 2.37243e-05 0.000468164 0.186011 
0.0262704 0.0125307 0.0107356 0.00388152 0.00483243 0.539772 2.61755e-07 0.133487 0.0190676 0.0313811 0.0240261 0.0384586 0.11033 0.000971431 0.0321092 0.000192849 0.00981743 0.00213546 
1.51124e-05 4.42861e-05 7.71078e-06 0.00521108 0.00016317 0.974665 0.000727313 0.00051632 3.25993e-06 8.8728e-06 1.97411e-09 0.000581699 0.00395272 0.00861671 0.00168502 0.00116444 0.00260348 3.3786e-05 
8.77996e-05 1.48969e-08 1.12883e-07 6.50772e-08 0.000244081 0.955073 0.00237166 0.00128382 7.42647e-08 1.7213e-05 1.75338e-07 0.0146497 8.9273e-05 1.80742e-08 1.50003e-08 0.0245062 2.27949e-06 0.00167463 
4.15265e-06 0.00783849 0.00433685 7.87787e-06 0.151652 0.341217 7.17815e-06 0.00202846 0.000793187 0.000103639 2.96883e-06 0.340886 0.100987 5.16671e-10 0.0194094 1.62769e-06 0.000296922 0.0304277 
0.0250091 0.0385558 0.00200368 0.0166248 0.0574128 0.55326 1.07287e-06 0.0157264 0.080945 0.0110985 0.0107008 0.0314092 0.0559797 0.00227027 0.0808011 8.12523e-07 4.31961e-07 0.0182 
0.00459087 0.00727747 0.000628676 0.00146607 0.017226 0.783567 2.50618e-05 0.00783352 0.0160536 0.000246755 0.0866815 0.0186827 0.0223319 0.0017089 0.0273756 0.000109351 2.3851e-05 0.00417126 
0.000708874 0.000885236 0.00194332 0.00218622 0.0051333 0.618426 1.05984e-06 0.158295 0.171959 0.00131967 0.00913658 2.94477e-05 0.00680923 3.0291e-07 0.022821 9.50939e-07 1.53791e-07 0.000344844 
6.29251e-05 0.00104363 7.83895e-06 0.0364819 0.0116488 0.818802 1.55793e-05 0.00306877 0.0219096 0.000331138 0.000160911 0.0147134 0.0275733 0.00365954 0.0301895 0.00828588 0.00956525 0.0124804 
8.77954e-07 0.036117 0.0042558 2.97627e-07 0.0473413 0.401954 3.05263e-05 0.0150691 0.0849926 0.000881774 0.0944733 0.078691 0.12696 0.00769405 0.0870234 0.000155635 1.03255e-08 0.0143592 
5.09799e-05 0.00136986 0.000612331 4.71875e-09 0.116132 0.768599 1.32782e-05 0.0316691 0.00259048 0.0102023 0.00717921 0.00788476 0.00783217 0.00180397 0.030143 5.27604e-05 0.000275492 0.013589 
0.0222923 0.04796 0.00194139 0.117972 0.208398 0.257614 0.000259507 0.0319826 0.0184225 0.00764053 0.00580395 0.023502 0.138492 0.00858467 0.0865308 0.000174828 0.0112394 0.0111901 
0.0111321 0.00078525 2.33708e-07 0.00173347 0.00905087 0.672307 0.000959521 0.00767178 0.0116793 0.000720254 0.0113138 0.0163516 0.0304949 0.00151554 0.00334477 0.210069 0.00215049 0.00872028 
0.00261418 0.000724546 0.0102313 0.00505537 0.00702029 0.844702 0.000710898 0.00545604 0.0210214 0.00054591 0.000822579 0.00298324 0.0310911 0.00162066 0.024156 6.58799e-05 0.0194988 0.0216801 
0.000508931 0.000229642 0.0149133 0.0652915 0.0465252 0.247413 0.00717289 0.118704 0.00125211 0.0110167 0.000170704 0.161815 0.0179391 0.0113758 0.166674 0.000127248 0.00354501 0.125326 
6.2699e-07 0.000810976 1.34021e-10 5.79735e-07 0.050002 0.892509 3.23564e-10 2.26749e-07 0.00153052 2.46876e-10 4.28645e-07 0.000538278 0.017344 0.000656642 0.0338136 0.00018511 3.40554e-07 0.00260813 
1.89149e-06 1.0753e-06 2.26097e-09 1.4007e-07 4.15609e-06 0.994897 4.40405e-06 3.22184e-06 2.10843e-05 4.16486e-09 2.75376e-09 0.00237591 0.00126914 0.00139763 4.56173e-06 2.47248e-06 3.3553e-06 1.39894e-05 
0.0088395 0.00352619 0.0404722 0.0128574 0.199314 0.376842 0.00252654 0.0460036 0.0172525 0.0177954 0.0364291 0.0244208 0.0804836 9.59678e-05 0.00987613 0.000565875 0.00543747 0.117262 
0.000734462 0.00854943 0.0349307 0.121019 0.142561 0.208706 2.66226e-05 0.0328146 0.000122796 0.0592637 0.000112512 0.0062492 0.130217 0.00612997 0.100986 0.00053788 0.021798 0.125242 
2.92622e-05 0.00234667 4.25262e-06 0.00200245 0.0350197 0.928891 1.20516e-05 0.000244881 0.000232847 5.45303e-06 1.90068e-05 7.5323e-05 0.00904078 0.000975746 0.0186645 6.80555e-05 0.0021944 0.000173182 
0.000139845 0.00287552 0.000619231 0.00300552 0.0339925 0.796167 1.30316e-05 0.00388792 0.0044533 0.00268943 0.00358067 0.0107967 0.0402898 0.00357442 0.0649214 0.000103699 0.0113205 0.0175701 
0.0016568 0.0140763 0.000442803 0.0164155 0.130015 0.719382 1.0312e-05 0.010319 0.0042497 0.00811135 0.0207108 0.0142469 0.00667314 0.00486011 0.0412081 5.53561e-06 2.56723e-05 0.00759024 
0.00286533 0.00248999 0.00391164 0.01168 0.0183992 0.546942 0.000505172 0.0229619 0.0225422 0.00165316 0.00130514 0.0861197 0.0262995 0.00500596 0.204644 0.000400492 0.0310617 0.0112132 
0.00863313 0.0118208 0.0969714 0.0921363 0.0252866 0.391925 3.9234e-05 0.0106541 0.0098463 0.00662832 0.0151276 0.101517 0.0734593 0.0257986 0.0821801 4.70887e-05 0.0230587 0.0248709 
1.51124e-05 4.42861e-05 7.71078e-06 0.00521108 0.00016317 0.974665 0.000727313 0.00051632 3.25993e-06 8.8728e-06 1.97411e-09 0.000581699 0.00395272 0.00861671 0.00168502 0.00116444 0.00260348 3.3786e-05 
0.000202843 0.00126205 3.53862e-06 0.130788 0.0152652 0.357222 2.20155e-07 0.0173696 0.0277357 2.12921e-07 7.61225e-08 0.111959 0.31924 3.96487e-07 0.00561583 0.000492046 0.00242406 0.0104184 
0.00123028 0.00067086 0.0147598 0.00298691 0.0245917 0.463379 0.396534 0.00373564 0.000192613 0.000190131 5.68616e-08 0.0211146 0.00614707 0.00012686 0.00265116 9.45488e-05 9.50172e-05 0.0614999 
0.0117574 0.00167178 1.07872e-05 0.175281 0.0225919 0.55885 0.000798277 0.0331537 1.05086e-06 0.00135742 0.000134714 0.0189703 0.0170014 0.000279366 0.00326372 0.00285819 1.47969e-06 0.152017 
0.00375084 0.00763878 0.0186099 0.00739098 0.0610006 0.593009 3.93666e-06 0.00933096 0.0112082 0.000460852 0.116509 0.0104741 0.0464052 0.0016157 0.0889703 0.000516978 5.89543e-05 0.0230456 
0.00313539 0.00285484 0.00010667 0.0167281 0.0439638 0.40966 0.00771519 0.0176987 0.13654 0.00720551 0.000415293 0.0279133 0.184586 0.00760736 0.117988 0.00033735 0.0155429 1.03391e-06 
7.88539e-05 0.00661796 0.00288317 0.015103 0.00369546 0.371138 0.0296905 0.0559306 0.000350054 0.000639954 0.0319548 0.365519 0.0346065 0.000511707 0.00316512 0.00582778 0.0119548 0.0603325 
0.0042076 0.0041509 0.000673549 0.00830832 0.00798016 0.417654 0.0210517 0.0225439 0.00159439 0.000656645 0.0116061 0.38223 0.0227298 0.00176099 0.0126678 0.0240265 0.00127271 0.0548846 
1.3842e-05 0.000319555 1.94289e-07 0.00190761 0.000641862 0.968307 8.56534e-10 0.00260987 0.000228814 0.000159633 9.45249e-07 0.000444019 0.00389519 1.53865e-07 0.0205097 6.90502e-06 6.80655e-08 0.000954198 
0.0241249 0.00169471 0.000923351 0.0247927 0.10532 0.578046 0.000153716 0.0940643 0.00169381 0.00291898 0.0276597 0.0692513 0.0153721 0.00672787 0.0334118 0.000936817 0.0126409 0.000266641 
1.51124e-05 4.42861e-05 7.71078e-06 0.00521108 0.00016317 0.974665 0.000727313 0.00051632 3.25993e-06 8.8728e-06 1.97411e-09 0.000581699 0.00395272 0.00861671 0.00168502 0.00116444 0.00260348 3.3786e-05 
0.0173485 0.0213809 0.0178468 0.0246002 0.043268 0.401281 0.000192328 0.0408173 0.0121774 0.0131223 0.0278244 0.0622548 0.144991 0.0204804 0.0877378 0.00891304 0.0138677 0.0418964 
0.024543 0.00971609 0.0149477 0.00230443 0.0244906 0.478974 3.15395e-05 0.0101227 0.0842863 0.000193875 0.0250763 0.26755 0.0312767 0.00156097 0.0101091 0.00636105 0.00265756 0.00579751 
2.61835e-06 2.85836e-07 5.51924e-10 0.00581133 3.69068e-06 0.929386 8.28956e-07 4.29603e-07 1.62249e-05 7.47583e-06 0.0001112 1.45581e-10 7.30671e-11 4.47179e-07 0.0582031 3.62308e-07 1.93355e-10 0.00645559 
0.0997641 0.00138285 0.0408067 0.00816945 0.0194821 0.588395 0.00123844 0.00179684 0.0536949 0.00123712 0.025521 0.026211 0.0138172 0.0140845 0.0733269 2.06561e-06 0.0288078 0.00226213 
0.000165523 0.00600634 0.000127102 0.0110978 0.0171234 0.777395 0.0103365 0.0186503 0.0133917 0.00202649 0.0158424 0.0215649 0.00611633 0.0119244 0.0758995 1.16866e-05 1.78313e-05 0.0123025 
0.00676427 0.249286 2.9953e-05 0.0141301 0.0306335 0.284776 5.33069e-07 0.0287899 0.00102145 0.000500148 0.013469 0.0647706 0.124813 0.000333953 0.168912 9.0714e-07 3.84159e-05 0.0117307 
2.02225e-05 1.06902e-05 0.000172444 0.113095 2.01144e-09 0.380296 1.04252e-08 0.054233 7.66367e-09 2.72436e-05 6.78218e-06 0.0150087 0.0766365 0.0796809 0.031958 1.98258e-09 0.248802 5.14895e-05 
1.51124e-05 4.42861e-05 7.71078e-06 0.00521108 0.00016317 0.974665 0.000727313 0.00051632 3.25993e-06 8.8728e-06 1.97411e-09 0.000581699 0.00395272 0.00861671 0.00168502 0.00116444 0.00260348 3.3786e-05 
0.000334263 0.000682235 3.89351e-05 0.0191625 0.00589437 0.770017 0.0781368 0.0126139 0.00149553 0.000106486 1.75246e-06 0.00448507 0.0846122 0.000442866 0.00256837 1.98348e-05 0.000374281 0.0190136 
0.0242308 0.0717342 0.00152631 0.0345609 0.0619937 0.259853 0.000294186 0.0641192 0.0121755 0.00283687 0.0114633 0.0786402 0.159099 0.00828318 0.161177 0.0149767 0.00870124 0.0243348 
0.0411537 0.000386157 0.002917 0.000110612 0.0831131 0.827853 8.68535e-10 0.00995164 0.00188605 0.00371592 4.78108e-05 0.0124178 0.0067877 0.00164342 0.00588912 0.000308492 8.40591e-07 0.00181713 
0.0108495 0.000290252 3.53687e-06 0.0858563 0.0819768 0.30986 1.71946e-05 0.0390388 0.00920886 0.0200298 0.000711313 0.0167143 0.161119 0.0164765 0.22547 0.000187979 0.0155103 0.00667924 
1.17693e-05 3.44495e-05 6.00031e-06 0.00503818 0.000175573 0.847427 0.000566076 0.000503492 9.38291e-06 5.80954e-05 3.56061e-07 0.000452483 0.00307438 0.125603 0.0107898 0.000963128 0.00526039 2.62798e-05 
0.000340233 0.000741637 0.000177248 0.00811305 0.0061462 0.766525 9.42715e-06 0.0588746 0.00276201 4.74516e-05 0.000134649 0.112003 0.00526551 3.86819e-05 0.0111133 0.00535483 0.000439355 0.0219132 
0.013189 7.56509e-05 0.00208701 0.0825635 0.0421627 0.724989 0.000137763 0.012617 0.0632883 0.00135176 0.0032163 0.0224185 3.59334e-05 1.29971e-05 0.0108083 4.96234e-08 0.000121653 0.0209244 
0.00116839 0.0015745 0.000526015 0.0124248 0.0655891 0.59653 0.000207711 0.0205256 0.00962254 0.0260778 0.001955 0.0217384 0.102767 0.00109399 0.0520661 0.00124136 0.0313967 0.0534942 
0.00165973 0.000335485 1.55457e-06 0.0161741 0.433134 0.465863 0.000560688 1.51676e-06 0.000277219 1.69655e-07 2.3225e-09 0.00748926 0.00083617 0.000838767 0.0562296 0.000224284 7.23407e-07 0.0163732 
0.0138336 0.000966202 0.0796366 0.00179916 0.0129539 0.684798 0.000332168 0.0179777 0.00445702 0.00181725 0.0288772 0.0949969 0.00694798 0.000230743 0.0459003 0.000189729 0.00019958 0.004086 
7.12423e-10 2.31925e-07 5.34696e-07 7.70603e-07 0.00864251 0.919258 2.25223e-09 1.44974e-06 0.00866337 8.43285e-07 1.13621e-09 0.0115266 0.00417315 0.00191212 0.0358367 3.85533e-07 0.000681056 0.00930253 
1.51124e-05 4.42861e-05 7.71078e-06 0.00521108 0.00016317 0.974665 0.000727313 0.00051632 3.25993e-06 8.8728e-06 1.97411e-09 0.000581699 0.00395272 0.00861671 0.00168502 0.00116444 0.00260348 3.3786e-05 
0.00217849 7.83451e-11 1.03348e-10 1.55431e-07 4.81408e-11 0.949239 0.0483554 2.64832e-11 9.35616e-07 1.90374e-10 3.02222e-07 4.09175e-08 7.11594e-08 7.1312e-11 1.83253e-11 0.000216144 3.6206e-11 9.65957e-06 
0.000793189 0.000545206 0.000223427 0.137706 0.066363 0.414586 1.63983e-06 0.0207732 4.55616e-05 5.36298e-05 0.00135916 0.0107985 0.119155 0.0217015 0.152182 0.000122253 0.0422359 0.0113549 
0.0677889 0.0160184 0.000649187 0.0264594 0.0231668 0.402291 0.000322625 0.0250565 0.0649465 0.0015552 0.00486687 0.00698188 0.240897 0.00684998 0.0779479 7.32779e-07 0.00744661 0.0267538 
1.06808e-06 1.89304e-05 3.57348e-09 0.00266581 0.0540691 0.631751 1.32156e-06 5.4903e-06 0.22238 1.13743e-05 0.00493168 0.00679444 2.70828e-05 0.0349729 1.9718e-05 3.03039e-06 6.97467e-05 0.0422773 
0.000150588 0.00011963 8.82429e-05 0.00352028 0.00183835 0.985109 0.000192445 3.94504e-06 0.000193882 0.000427305 1.87506e-05 0.000260089 0.00150677 5.40964e-05 8.65166e-05 8.75205e-05 3.89613e-05 0.00630336 
0.0101246 1.27182e-07 2.5978e-06 0.00503493 0.0741853 0.768659 0.00201864 1.28635e-06 0.00300823 2.87784e-06 1.16302e-08 0.0183522 0.0128355 1.02921e-07 0.0307438 4.67486e-07 8.47057e-11 0.0750308 
0.0116133 0.00789694 0.00502643 0.0258891 0.0496295 0.499886 0.000173942 0.0185154 0.00821694 0.00478944 0.00743602 0.0283145 0.0879308 0.0168298 0.14695 0.000554128 0.0369998 0.0433469 
1.51124e-05 4.42861e-05 7.71078e-06 0.00521108 0.00016317 0.974665 0.000727313 0.00051632 3.25993e-06 8.8728e-06 1.97411e-09 0.000581699 0.00395272 0.00861671 0.00168502 0.00116444 0.00260348 3.3786e-05 
0.000286298 0.0730297 4.87665e-09 4.83972e-06 0.00595877 0.918332 1.17736e-08 1.24965e-09 0.00235157 8.98312e-09 9.79303e-06 4.88808e-06 2.60107e-06 4.46996e-06 4.26893e-06 2.46184e-06 9.54038e-08 8.44047e-06 
0.0132683 1.76887e-06 1.76863e-06 0.0208809 0.0965988 0.42848 0.000885333 0.0164572 0.0139675 0.00636563 1.76839e-06 0.0353896 0.0606965 0.0145071 0.255869 0.0162783 0.0203487 1.76925e-06 
0.0024875 0.0375623 0.00780014 0.0175232 0.0714346 0.499387 3.07179e-06 0.0415563 0.0298612 0.00158819 0.0296092 0.024252 0.0553731 0.0140979 0.143374 0.00114017 0.0110883 0.0118621 
0.0067798 0.00181724 1.35438e-05 0.0438783 0.0814924 0.27209 1.66713e-08 0.00566132 0.000944566 0.121778 3.09666e-05 0.00462355 0.143747 0.0504862 0.255674 0.000166486 0.0100176 0.00079927 
0.000230162 0.00836245 2.07975e-05 0.0803303 0.0282749 0.406393 5.81454e-05 0.1746 1.19874e-05 0.00072223 0.027786 0.079464 0.161432 0.00310051 0.0215741 0.000220236 3.68332e-05 0.00738196 
0.0114492 3.6921e-06 3.69159e-06 3.69325e-06 3.69273e-06 0.78726 0.0206591 3.6932e-06 3.68987e-06 3.68973e-06 3.6911e-06 0.00554346 3.69347e-06 3.69224e-06 3.69338e-06 0.166547 3.69299e-06 0.00849729 
0.00875666 0.00967809 0.00119192 0.00719895 0.0483405 0.703197 0.0125962 0.0070244 0.0312784 0.00626583 0.00402721 0.0198742 0.0146859 0.00396689 0.0885122 0.000923928 0.00351543 0.0289665 
1.51124e-05 4.42861e-05 7.71078e-06 0.00521108 0.00016317 0.974665 0.000727313 0.00051632 3.25993e-06 8.8728e-06 1.97411e-09 0.000581699 0.00395272 0.00861671 0.00168502 0.00116444 0.00260348 3.3786e-05 
0.019083 0.00334208 0.00228046 0.0464048 0.00547358 0.543995 0.000910599 0.0476634 0.00178566 0.00244325 0.00617662 0.0687254 0.126841 0.00889332 0.0129292 0.00681888 0.00818573 0.0880475 
5.75468e-10 0.000155443 1.58798e-07 2.01761e-06 0.0528526 0.858886 8.09837e-07 2.63333e-06 1.09689e-05 5.49395e-07 0.000365995 0.0363556 0.0167336 0.00467317 0.0128348 8.72814e-07 2.80359e-07 0.0171244 
1.3842e-05 0.000319555 1.94289e-07 0.00190761 0.000641862 0.968307 8.56534e-10 0.00260987 0.000228814 0.000159633 9.45249e-07 0.000444019 0.00389519 1.53865e-07 0.0205097 6.90502e-06 6.80655e-08 0.000954198 
0.000214697 0.00156722 0.000471861 0.00498838 0.00847198 0.543954 9.00987e-05 0.00709717 0.000414724 0.00279166 0.0726116 0.0855526 0.046831 0.0113619 0.0212276 2.52058e-05 0.00386586 0.188463 
1.51124e-05 4.42861e-05 7.71078e-06 0.00521108 0.00016317 0.974665 0.000727313 0.00051632 3.25993e-06 8.8728e-06 1.97411e-09 0.000581699 0.00395272 0.00861671 0.00168502 0.00116444 0.00260348 3.3786e-05 
0.00261772 0.00130943 5.16578e-06 0.00018808 0.000252047 0.639219 6.1065e-06 0.0254142 0.00227824 0.0116906 0.0175332 0.0739823 0.0163834 0.000777872 0.0189432 0.000102343 0.182534 0.00676254 
0.000169669 0.00757085 0.00192696 0.051472 0.278829 0.434505 3.66635e-05 0.0815187 0.000177518 2.19665e-06 0.0211312 0.0096403 0.0754958 0.000214827 0.0270406 6.61042e-07 0.00090107 0.00936639 
0.0211793 0.000280745 1.37007e-05 0.0650556 0.019654 0.483421 7.32804e-05 0.00642896 0.00188628 0.000719781 6.82233e-05 0.00663537 0.153904 0.000244081 0.00134922 3.23082e-05 0.0174409 0.221614 
