0.00211402 0.00189968 0.000588517 0.0102265 0.198927 0.506102 0.00321757 0.00129355 0.00144937 1.82154e-06 1.187e-06 0.0138252 0.0450442 0.00599016 0.196241 0.000608596 0.000262294 0.0122078 
1.3842e-05 0.000319555 1.94289e-07 0.00190761 0.000641862 0.968307 8.56534e-10 0.00260987 0.000228814 0.000159633 9.45249e-07 0.000444019 0.00389519 1.53865e-07 0.0205097 6.90502e-06 6.80655e-08 0.000954198 
0.00187904 0.00161649 0.000249297 0.154619 0.059592 0.427803 5.23102e-05 0.00550088 0.00468897 0.000606103 0.000196928 0.0156229 0.314696 0.000124491 0.00459086 1.45157e-05 4.41508e-05 0.00810341 
0.00218786 0.00168884 0.0152021 0.00613062 0.0151202 0.530553 8.15594e-06 0.00863604 0.0329095 0.000668289 0.00430213 0.291938 0.0191973 0.0016099 0.0302428 0.00279459 0.00133672 0.0354743 
0.100505 1.3051e-05 1.30492e-05 1.30551e-05 0.144904 0.315889 1.30382e-05 1.30549e-05 0.11088 1.30426e-05 0.0352412 0.0783419 1.30558e-05 0.0652707 0.0927076 0.0561423 1.30542e-05 1.30538e-05 
0.0273982 0.00264448 0.00223716 2.22906e-07 0.322327 0.442691 7.38832e-11 0.0185039 0.0233534 0.0120801 3.57448e-06 0.039391 0.0657704 1.33054e-07 0.0430908 0.000369144 0.000139028 9.05858e-07 
0.00986553 0.0538292 0.00377396 5.24284e-07 0.0478259 0.322284 8.69553e-08 0.0373484 0.00249017 0.0722866 0.0388437 0.288359 0.0855466 0.000263807 0.0297257 0.000223668 6.7389e-05 0.00726552 
0.0253994 4.23254e-06 0.0347062 0.0482702 0.125309 0.383523 4.22838e-06 0.243448 0.00634922 4.22982e-06 4.23139e-06 0.00931854 0.10374 4.23271e-06 0.019904 4.23329e-06 4.23356e-06 4.23343e-06 
0.000108094 0.0429244 8.53557e-05 0.00600043 0.00322995 0.350323 1.09803e-05 0.00426537 0.0370823 0.0247594 0.207287 0.0145564 0.123607 0.00450619 0.147975 8.84393e-07 0.0238374 0.00944113 
0.00719391 0.000777365 7.2445e-05 0.00633238 0.0105043 0.790796 0.000102324 0.00212994 3.91108e-05 5.19719e-05 0.00274774 0.00128958 0.0621612 0.00195614 0.100126 0.000569154 0.00139639 0.0117544 
0.000119037 1.96177e-07 1.19605e-10 2.81021e-11 0.123121 0.669873 0.00118006 0.00766315 2.62459e-06 2.55986e-07 1.45674e-10 0.0101813 4.20032e-07 0.00178789 0.0236952 0.153506 1.36241e-07 0.00886999 
1.15487e-05 0.000820472 0.122527 0.0175675 0.0710396 0.270143 0.000298823 0.00228272 0.0113377 0.000912027 2.25708e-08 0.0113163 0.0304956 0.209951 0.106762 0.0544083 0.0176014 0.0725252 
0.0027992 0.0110107 7.06165e-05 0.00584086 0.0606261 0.764889 0.0004851 0.0360141 3.95658e-05 9.18341e-05 3.29195e-06 0.0160317 0.0335065 0.00126108 0.0286577 0.000411878 0.000592951 0.0376682 
3.48342e-05 0.00197098 0.000225732 0.00778443 0.023195 0.788028 0.000152499 0.0209946 0.0156348 0.0181813 0.0208547 0.00587001 0.0144389 0.00157608 0.0438873 4.9976e-05 0.0111248 0.0259962 
1.51124e-05 4.42861e-05 7.71078e-06 0.00521108 0.00016317 0.974665 0.000727313 0.00051632 3.25993e-06 8.8728e-06 1.97411e-09 0.000581699 0.00395272 0.00861671 0.00168502 0.00116444 0.00260348 3.3786e-05 
0.0130628 0.0124221 0.0443505 0.0319567 0.0193569 0.771041 4.24418e-05 0.0035456 0.000436163 0.00384391 0.00892786 0.0134234 0.0295262 0.00303173 0.0101791 0.0014824 0.00101062 0.0323606 
0.165792 0.0246452 0.0782723 0.0250112 0.0268035 0.31076 0.0191665 0.0135034 0.0152856 0.00119517 0.00845308 0.0135641 0.0752716 0.0132487 0.0767205 0.0403005 0.00223995 0.0897669 
1.0231e-08 0.0088169 0.0126518 8.03619e-07 0.015033 0.649369 1.71183e-06 0.0235055 0.0122037 0.000238591 0.0210932 0.023875 0.154239 0.00267869 0.0363782 2.97465e-06 0.0162917 0.0236205 
0.00129317 0.00371786 0.000613292 0.0152111 0.195915 0.574417 2.18601e-10 0.0252213 0.00222071 6.38066e-06 3.46551e-07 0.0342257 0.0335332 1.92176e-07 0.0778276 8.25122e-06 0.000143111 0.0356456 
3.48416e-05 0.011296 0.000624556 0.0356597 0.0284951 0.761986 0.000279108 0.00326705 0.0030782 0.0019276 3.27644e-06 0.0142111 0.0553389 0.00852256 0.028561 5.47614e-05 0.000535393 0.0461249 
0.0131491 0.00273863 0.0759102 0.0136623 0.0456137 0.307028 4.43449e-05 0.0042049 0.00622259 0.0729566 0.00954689 0.151606 0.168293 0.0364421 0.0757859 0.000518713 0.00460636 0.01167 
0.0241525 0.00139976 0.00780135 0.070743 0.031385 0.532664 0.000102346 0.0624431 0.00119681 0.00131758 1.9829e-06 0.0261543 0.091121 0.0059202 0.0338093 0.000179684 0.00215171 0.107457 
0.0131491 0.00273863 0.0759102 0.0136623 0.0456137 0.307028 4.43449e-05 0.0042049 0.00622259 0.0729566 0.00954689 0.151606 0.168293 0.0364421 0.0757859 0.000518713 0.00460636 0.01167 
0.0206898 0.0294189 0.00355959 0.172255 0.0544736 0.194127 2.92795e-05 0.0776197 0.0623144 0.000571286 0.0473532 0.154713 0.0308167 0.00227023 0.0621628 0.014381 0.00888012 0.0643637 
0.0145047 0.0103215 0.000242289 0.0335659 0.0918436 0.472497 2.72136e-05 0.0200259 0.0192947 0.0097082 0.00897884 0.0680015 0.0868475 0.0220221 0.0231149 0.000108921 0.0230401 0.0958557 
0.000785783 0.000802545 0.00254162 0.0626995 0.0327265 0.670525 8.4422e-05 0.00988187 0.000355778 3.97238e-07 0.0993164 0.0300201 0.00930636 0.0154061 0.00702359 0.0271984 4.05869e-05 0.0312849 
1.51124e-05 4.42861e-05 7.71078e-06 0.00521108 0.00016317 0.974665 0.000727313 0.00051632 3.25993e-06 8.8728e-06 1.97411e-09 0.000581699 0.00395272 0.00861671 0.00168502 0.00116444 0.00260348 3.3786e-05 
0.0411108 0.00670666 0.0106379 0.0623616 0.0838957 0.229386 0.00134957 0.0386987 0.006101 0.00808016 0.0671008 0.189789 0.129485 0.0102866 0.0369086 0.00282968 0.0391291 0.0361428 
0.000954683 3.48661e-05 0.00101191 5.26403e-05 0.00837231 0.700337 0.000311287 0.00306204 0.00029134 0.000225513 6.17845e-05 0.0747502 0.0238789 0.000763573 0.0838135 8.56388e-06 0.000214054 0.101856 
0.000381692 0.00777858 1.67197e-07 3.9284e-08 0.0372312 0.895273 1.65411e-05 1.26036e-05 0.000134742 3.07987e-07 2.03638e-07 0.00165334 0.00777093 0.00748003 0.0412661 0.000355377 3.5964e-05 0.000609177 
1.00362e-07 1.78283e-06 2.22707e-11 4.16e-07 0.01284 0.927722 1.23719e-07 5.17053e-07 3.67624e-07 0.00214261 0.00200673 5.80391e-07 0.0306132 1.28164e-06 0.00817348 0.000485277 6.56936e-06 0.0160047 
3.86343e-05 0.000435406 0.000153018 0.0115175 0.0614185 0.54633 3.66106e-06 0.000634985 0.000462162 0.000460641 1.32289e-06 0.113298 0.00258165 0.00748846 0.239746 4.73567e-07 0.00711012 0.00831889 
0.0031119 0.000990374 0.0139874 0.0104566 0.0339076 0.603782 0.00165649 7.37723e-05 0.0012855 0.0105785 0.00142586 0.0355944 0.0473068 6.91356e-05 0.00120435 0.000434283 4.01405e-08 0.234135 
0.000543377 0.170638 0.0456808 0.00630478 0.0486009 0.309346 0.000449695 0.0230697 0.0548719 0.00176477 0.000364761 0.032731 0.181238 0.0284239 0.0719758 1.44573e-07 0.00703502 0.0169622 
0.12402 0.0125807 0.0112402 0.0882242 0.0386775 0.349158 1.54761e-06 0.102019 0.00871393 0.000144577 0.00172973 0.0917415 0.0712142 0.00506787 0.0233338 0.0154838 0.00412159 0.0525276 
1.51124e-05 4.42861e-05 7.71078e-06 0.00521108 0.00016317 0.974665 0.000727313 0.00051632 3.25993e-06 8.8728e-06 1.97411e-09 0.000581699 0.00395272 0.00861671 0.00168502 0.00116444 0.00260348 3.3786e-05 
6.79703e-05 0.000423296 2.92034e-05 0.001199 0.00485174 0.96875 0.0055427 0.000270612 0.00321893 0.000223502 0.00457269 0.000257977 0.00767318 0.000625398 0.00175799 2.39986e-05 0.000111597 0.000400032 
7.04995e-09 0.0561112 0.000199121 1.00717e-06 0.00694483 0.74657 1.0226e-06 0.0649392 0.00584433 2.01487e-06 0.0286877 0.0196995 0.00647097 0.000221752 0.0600443 4.07081e-07 6.22269e-07 0.00426178 
0.00355391 0.00137557 0.00038511 0.0160674 0.0141076 0.336733 3.88952e-05 0.0253431 0.015427 0.0779328 0.00361075 0.307496 0.0233403 0.00941398 0.144107 0.000875465 0.0132275 0.00696375 
0.00351717 0.0306514 5.36902e-07 0.0209199 0.227312 0.596695 1.62389e-07 0.00784638 6.72085e-05 0.000617605 5.10172e-07 0.0115063 0.0111057 0.00492453 0.0460837 0.000886809 2.6083e-06 0.037862 
0.00399537 0.0108619 0.000126558 0.0409751 0.0866053 0.4906 5.09959e-05 0.0658385 0.0101459 0.00152681 0.0141318 0.124028 0.0311736 0.0232325 0.0386827 0.0191776 0.000347706 0.0384999 
0.000641492 0.006153 0.00120745 0.0209065 0.108909 0.324129 4.65449e-05 0.0209665 0.00163879 7.38904e-05 0.000212975 0.109396 0.157898 0.142036 0.0786344 8.37911e-05 0.00473738 0.0223285 
0.000907164 1.17684e-06 0.016246 0.042262 0.0471735 0.30849 0.124193 1.26962e-05 0.0010179 8.08263e-07 5.24599e-10 0.0834527 0.0699169 0.0123806 0.107304 0.00014067 0.000122747 0.186378 
0.00967039 0.0255433 0.000779616 0.0389703 0.0469237 0.281713 6.41842e-07 0.00179786 0.0908347 0.00297815 0.00393794 0.0562197 0.217642 0.045845 0.116302 0.00539065 0.05496 0.000490795 
0.0126592 0.0961345 2.5737e-05 0.195095 0.118382 0.210578 4.24142e-05 0.00632335 0.129207 0.000542899 0.00561105 0.0263486 0.0912757 0.0199556 0.0394688 0.0148684 0.000870038 0.0326111 
0.0198535 0.0170334 0.00503335 0.0506136 0.0241609 0.294135 0.00060807 0.053768 0.0045425 0.00198104 0.0398081 0.165687 0.0483105 0.010091 0.0987369 0.118532 0.0167871 0.0303182 
0.00151916 0.010247 0.000301829 0.0187158 0.0320981 0.584924 4.69085e-06 0.0649312 0.00440475 0.000139553 0.00063612 0.0709334 0.0518694 0.00118703 0.0719845 0.000158651 0.0196849 0.0662601 
0.0729253 0.0204761 6.11055e-06 0.0140784 0.0144959 0.278164 2.07629e-05 0.0563762 0.00173779 4.46622e-05 0.0337465 0.0871914 0.0399135 0.134552 0.174658 0.0292843 0.000798858 0.0415302 
1.35725e-08 0.077885 0.016612 0.0422971 0.0584952 0.253309 4.29077e-08 0.0297645 0.00522024 3.27382e-08 2.16503e-05 0.240703 2.35284e-09 0.0036527 0.104787 4.2673e-06 3.93987e-06 0.167243 
8.2221e-07 0.0012415 1.1083e-06 0.0574825 0.0146606 0.52652 1.74058e-06 0.0300975 3.98139e-05 3.78092e-05 0.0184649 0.00336513 0.3423 0.000257003 0.00405599 0.000134637 0.00121094 0.000128471 
1.51124e-05 4.42861e-05 7.71078e-06 0.00521108 0.00016317 0.974665 0.000727313 0.00051632 3.25993e-06 8.8728e-06 1.97411e-09 0.000581699 0.00395272 0.00861671 0.00168502 0.00116444 0.00260348 3.3786e-05 
1.51124e-05 4.42861e-05 7.71078e-06 0.00521108 0.00016317 0.974665 0.000727313 0.00051632 3.25993e-06 8.8728e-06 1.97411e-09 0.000581699 0.00395272 0.00861671 0.00168502 0.00116444 0.00260348 3.3786e-05 
0.00139447 0.0279081 1.82546e-05 0.0344213 0.152108 0.366394 3.02263e-05 0.000470232 0.000597213 0.0013629 1.3185e-05 0.00687997 0.120337 0.0855343 0.174833 5.62159e-05 0.021387 0.00625455 
0.00497757 0.0193141 0.00183777 0.00840086 0.0955548 0.482271 8.822e-07 0.0148804 0.00862893 0.00118969 0.0176631 0.0136726 0.0202024 0.0426016 0.238167 0.00019652 0.0195156 0.0109251 
0.000139122 0.0155252 1.51127e-05 0.000203984 0.0300334 0.648852 0.000186057 0.0127939 0.000546371 0.0068238 0.0118145 0.058017 0.132299 0.00228053 0.0523604 6.49315e-05 0.00925758 0.0187873 
0.00145391 0.0134304 0.000352271 0.000459307 0.112699 0.476842 8.22507e-07 0.0541527 0.11122 0.0187895 0.0136526 0.0343463 0.0480426 0.00176161 0.0449964 0.000233446 0.0105294 0.0570378 
2.68787e-05 9.58036e-05 9.57678e-05 0.0201385 0.0165757 0.547066 6.25242e-05 0.0359212 0.0496337 0.000146243 7.39063e-05 0.0207711 0.00257777 0.0881362 0.211803 1.74852e-05 0.00377001 0.00308834 
1.51124e-05 4.42861e-05 7.71078e-06 0.00521108 0.00016317 0.974665 0.000727313 0.00051632 3.25993e-06 8.8728e-06 1.97411e-09 0.000581699 0.00395272 0.00861671 0.00168502 0.00116444 0.00260348 3.3786e-05 
2.53958e-05 0.187661 8.67429e-05 0.0120905 0.0197464 0.50275 1.2474e-05 0.00431934 0.000747872 0.000102801 0.00136214 0.00760307 0.0927143 0.0950417 0.0108009 1.16327e-06 0.0178773 0.0470568 
0.0911458 0.0167996 0.00120464 0.139883 0.0667175 0.302175 2.73044e-05 0.0143603 0.00167617 0.000649083 0.000147099 0.0443277 0.210494 0.00723946 0.0830948 0.00022114 0.0040126 0.0158247 
7.093e-07 0.00317214 2.46011e-07 1.84936e-06 0.0404214 0.859471 0.00170557 1.08673e-11 3.56764e-06 7.03151e-07 1.75667e-07 1.65566e-07 0.0286254 0.00076642 0.00066985 5.45381e-08 1.4857e-11 0.0651612 
1.51124e-05 4.42861e-05 7.71078e-06 0.00521108 0.00016317 0.974665 0.000727313 0.00051632 3.25993e-06 8.8728e-06 1.97411e-09 0.000581699 0.00395272 0.00861671 0.00168502 0.00116444 0.00260348 3.3786e-05 
0.0301904 0.00160067 0.0491894 0.0113953 0.0103523 0.299591 0.0003984 0.0435761 0.00129922 0.00356179 0.0707837 0.297057 0.0798653 0.00299214 0.0557513 8.61212e-05 0.00600248 0.036308 
0.021429 0.0195179 0.0449832 0.0587972 0.0509778 0.444836 3.8466e-05 0.0244906 0.00421172 0.000249091 0.0466131 0.0417921 0.0629812 0.0167908 0.0522393 0.000103636 0.0426219 0.0673266 
0.00613649 0.00260388 0.0224001 0.00421305 0.0621773 0.525929 4.31016e-06 0.0458363 0.00834317 0.0166419 0.0224411 0.0296498 0.112733 0.0320012 0.0764472 0.00109385 0.00246187 0.0288865 
3.74509e-05 3.06225e-06 0.00615038 3.38812e-05 0.124629 0.643476 5.54731e-07 8.30442e-07 2.92127e-05 0.00193068 0.149682 0.00411379 0.0569508 6.24948e-07 0.00910541 1.50671e-06 0.00374658 0.000107866 
0.000374159 0.0521327 5.58981e-07 2.88101e-08 0.0904929 0.774704 0.000476628 0.000307211 0.000779868 8.34291e-05 1.49344e-07 0.00717745 0.000498982 0.00130622 0.00404787 3.0794e-06 3.66368e-06 0.0676112 
0.00111034 0.0230987 0.000107129 0.134097 0.071992 0.55059 5.4129e-05 0.0216315 0.0427207 0.000205274 6.17518e-05 0.00747207 0.0114378 0.00297413 0.103156 0.0012824 0.00256616 0.0254425 
0.000448754 0.00113947 0.000711595 0.0307633 0.0356017 0.374462 2.0647e-05 0.00979754 0.00458928 0.000570861 0.0035706 0.144274 0.17674 0.0119325 0.097822 5.08601e-05 0.106392 0.00111331 
0.0160581 0.000107066 0.0870308 0.00052854 0.0361219 0.814566 0.00740555 0.000296881 1.56532e-06 9.69729e-05 9.33536e-05 0.0174057 1.16763e-07 1.36588e-05 0.000778762 2.87403e-05 2.96018e-05 0.0194363 
0.00442331 0.00736875 0.000266578 0.0107085 0.0479289 0.370353 4.45482e-07 0.0187593 0.0230018 0.00691463 0.0870357 0.236561 0.107625 0.00314431 0.0330284 0.0019992 0.0376821 0.00319908 
0.0435869 8.91783e-05 0.012054 0.0513529 0.0735777 0.420961 0.0091122 0.0246167 0.0137582 0.000318542 0.0138486 0.0293114 0.042184 0.00684891 0.0113886 0.0028678 0.0137034 0.23042 
0.200706 0.0361629 0.0275326 0.0164851 0.0285572 0.536899 6.36338e-05 0.00619872 0.00192998 0.000343772 0.00363206 0.030941 0.0238072 0.0192802 0.0255037 0.0175484 0.00649299 0.0179156 
1.51124e-05 4.42861e-05 7.71078e-06 0.00521108 0.00016317 0.974665 0.000727313 0.00051632 3.25993e-06 8.8728e-06 1.97411e-09 0.000581699 0.00395272 0.00861671 0.00168502 0.00116444 0.00260348 3.3786e-05 
0.00065896 0.00455879 0.000324613 0.0180644 0.000572714 0.759794 2.6223e-06 0.0609233 0.00259032 0.00461545 0.0263232 0.00161976 0.0576809 0.0119987 0.0493994 7.83996e-09 0.000848964 2.35738e-05 
0.000225445 0.00505173 6.58258e-05 0.029343 0.0885499 0.385249 9.55988e-05 0.00698064 0.000520022 0.00918966 0.000939865 0.0190827 0.175964 0.00496881 0.254614 0.00199144 0.0082617 0.00890623 
0.00089952 0.0513395 0.000679078 0.0466905 0.191749 0.605415 0.000162057 5.33621e-05 0.0268721 3.24871e-05 0.000261371 0.0177725 0.0421279 1.17687e-06 0.0105114 0.00122221 0.000147689 0.00406379 
1.65513e-06 8.03657e-07 7.85228e-11 5.70106e-07 0.00292832 0.990057 0.00301767 8.55188e-07 1.39359e-10 0.00103362 9.56372e-11 0.00295698 6.56995e-07 2.98056e-07 1.86587e-07 1.51454e-07 2.75089e-11 1.53483e-06 
1.51124e-05 4.42861e-05 7.71078e-06 0.00521108 0.00016317 0.974665 0.000727313 0.00051632 3.25993e-06 8.8728e-06 1.97411e-09 0.000581699 0.00395272 0.00861671 0.00168502 0.00116444 0.00260348 3.3786e-05 
0.000161279 0.0130182 0.004895 0.0218253 0.099439 0.635713 1.6479e-05 0.0564838 0.00222795 0.00143425 0.000193073 0.00744192 0.116804 0.00445282 0.0311165 0.000957447 0.00284246 0.000976908 
0.0399408 0.0142216 0.0227115 0.0384834 0.0508724 0.323335 0.00596201 0.0236264 0.00697544 0.00384234 0.0173013 0.043174 0.0795077 0.0164615 0.125364 0.0022212 0.0191192 0.16688 
1.51124e-05 4.42861e-05 7.71078e-06 0.00521108 0.00016317 0.974665 0.000727313 0.00051632 3.25993e-06 8.8728e-06 1.97411e-09 0.000581699 0.00395272 0.00861671 0.00168502 0.00116444 0.00260348 3.3786e-05 
6.91674e-05 0.0038581 0.00192117 0.0222905 0.0114096 0.633627 3.14662e-06 0.0562127 0.0788134 0.0088896 0.000628442 0.0320552 0.0227832 0.0131242 0.0944282 1.41527e-06 2.83543e-07 0.0198843 
1.13663e-06 1.84933e-10 2.43952e-10 5.73182e-11 0.0105507 0.986139 1.00184e-06 6.25134e-11 1.2993e-06 6.29578e-07 3.56844e-07 6.43474e-11 0.000490732 1.26265e-06 4.32567e-11 0.000988747 8.54638e-11 0.00182544 
0.0128108 0.0389902 0.000420426 0.0134376 0.0562989 0.521777 2.88751e-05 0.0631387 0.0865232 0.00462567 0.00344342 0.0186291 0.0128877 0.0107795 0.108193 0.000252445 0.0177394 0.0300236 
2.70086e-07 0.00128345 3.53663e-07 0.000419461 0.000760625 0.911448 8.5384e-07 0.0177345 0.00811198 0.000227867 0.000769264 7.53469e-06 0.00479144 0.00824822 0.000243223 0.000113427 1.23899e-07 0.0458392 
0.00275204 0.00714949 0.0402032 0.057962 0.0323454 0.326307 2.98516e-05 0.0952309 0.0389093 0.00434537 0.00244042 0.0896144 0.0949841 0.000704043 0.0310296 3.13826e-05 0.00589394 0.170068 
0.0043315 0.012109 0.0117464 0.0558147 0.139986 0.228636 2.03553e-05 0.0411622 0.0239354 0.00557003 0.00625603 0.0422985 0.186369 0.0261229 0.186659 0.000154146 0.018801 0.0100281 
1.036e-05 0.010259 2.27222e-07 0.00359712 8.04351e-05 0.947983 5.48577e-07 0.000329729 0.000213459 4.18558e-07 0.0366666 0.000427824 0.000261501 1.56787e-07 0.000168907 1.04324e-07 4.13383e-07 9.13836e-08 
3.01924e-05 0.000461968 1.1836e-08 0.000269834 0.0044353 0.964738 0.00010479 6.81642e-05 0.000181526 6.16701e-05 2.205e-05 0.000249737 0.00848525 0.00128911 0.0165427 9.32978e-05 0.00295093 1.55255e-05 
0.0231696 0.0138399 0.076404 3.48024e-05 0.02542 0.416913 1.17246e-06 0.0375719 0.0271398 1.05916e-05 1.19548e-08 0.081517 0.00970624 2.88289e-06 0.124039 5.24759e-06 0.000250738 0.163974 
5.93838e-05 0.00415763 0.0505957 2.8777e-06 0.0611383 0.285632 2.10938e-05 0.0848558 0.00497118 5.74546e-07 0.000245398 0.106086 0.214543 0.00732949 0.113143 0.000128627 0.00406206 0.0630285 
9.04124e-05 0.00889845 0.0010376 0.0165606 0.0593162 0.439686 3.6606e-05 0.207363 0.0116393 0.0446428 0.073281 0.0332353 0.0355781 0.000448366 0.0376665 0.000473174 0.0283042 0.0017426 
0.000158081 3.69338e-05 0.000265503 0.00015912 0.00560634 0.896547 4.36209e-06 0.000329404 0.000287959 1.1418e-05 8.13948e-05 0.000389985 0.00919769 0.00725419 0.0762832 6.96642e-07 0.00325405 0.000132283 
7.01567e-05 3.45755e-06 4.75339e-06 0.00803416 0.059707 0.848109 4.88693e-06 5.86718e-06 0.0203795 1.55242e-09 0.034752 0.0214172 3.96491e-06 1.46798e-07 0.00739437 1.51138e-07 1.43762e-06 0.000111943 
0.00012468 0.00831814 0.000286708 0.00183593 0.0589109 0.781641 7.59416e-08 0.00245518 0.000616061 0.000324308 0.00059652 0.00829763 0.0555592 0.00578712 0.0631771 7.61301e-06 0.00046445 0.0115977 
0.00130966 7.68529e-05 2.303e-06 2.70087e-05 0.000113922 0.877258 5.56008e-06 0.0579005 0.00120243 0.000156747 0.000142486 0.042775 0.0188998 1.58911e-06 5.96101e-05 2.56712e-05 4.16975e-05 9.26215e-07 
0.00185875 0.0139355 1.38138e-05 0.0172537 0.0605856 0.730686 0.000245067 0.00593655 0.0487743 0.000613563 0.00434495 0.0205097 0.0500112 0.00161668 0.0317124 0.000158518 2.47871e-05 0.0117193 
0.000720383 0.000386314 0.000190315 0.0001434 0.0174829 0.721726 0.000230996 0.00589914 0.00514496 0.000136401 1.33871e-06 0.0622666 0.0764136 0.0012719 0.00794926 0.000298928 0.000456439 0.0992808 
0.000172037 0.0308888 0.00253908 0.0233661 0.0886165 0.305996 1.21054e-09 0.0333244 0.00954835 0.00020792 0.00983417 0.0399956 0.153661 0.0161879 0.250671 0.00228263 0.0218899 0.0108181 
0.00210681 0.00425226 0.00239531 0.0191488 0.0752771 0.556557 0.000470176 0.00533322 0.023632 9.33681e-05 0.00730384 0.0727296 0.109739 0.00249466 0.0766573 0.00194258 0.0373588 0.00250838 
0.00390604 0.0098998 0.00153803 0.0136327 0.0200706 0.643613 0.0919706 0.00433725 0.0272043 0.00206022 0.000269927 0.0245483 0.00959165 0.0369792 0.0286869 0.000878363 0.0128064 0.0680062 
0.0083995 2.27595e-07 2.84047e-10 2.74199e-07 0.00743779 0.911996 6.85767e-10 0.0228168 0.0167354 8.64721e-07 1.85505e-06 6.16782e-07 0.0311598 0.00113668 1.06921e-06 0.000312786 9.95101e-11 4.09174e-08 
0.000895744 0.0609232 0.000274439 0.000758653 0.0392808 0.61225 6.38177e-07 0.036633 0.00839258 0.00238497 0.00326587 0.12919 0.0447556 0.0048677 0.0481128 4.84427e-07 2.37013e-05 0.00798999 
4.69256e-09 0.00509206 6.14466e-09 1.44373e-09 0.101361 0.815107 4.46518e-06 1.57458e-09 0.0116525 1.54507e-06 7.48391e-09 0.00464411 0.0043292 0.0221913 0.0355791 7.67383e-07 2.15265e-09 3.73616e-05 
0.000158373 0.00467161 4.14439e-06 1.42425e-05 0.000578452 0.966903 6.13481e-05 2.51748e-05 0.0205743 1.0686e-05 7.43013e-06 0.00184667 6.45291e-05 2.2465e-05 0.00199749 1.07689e-05 6.12203e-09 0.00304979 
6.61091e-07 0.0360554 0.000661041 0.000551178 0.116147 0.635949 2.08995e-06 0.0713691 0.000697576 0.0430547 0.000281875 0.0781714 2.80338e-05 8.49078e-05 0.0138399 8.72864e-07 3.03268e-07 0.0031059 
1.51124e-05 4.42861e-05 7.71078e-06 0.00521108 0.00016317 0.974665 0.000727313 0.00051632 3.25993e-06 8.8728e-06 1.97411e-09 0.000581699 0.00395272 0.00861671 0.00168502 0.00116444 0.00260348 3.3786e-05 
0.0343432 0.0232806 0.012088 0.0115734 0.0260843 0.597969 0.0066759 0.0292155 0.0256359 9.10054e-05 0.000662596 0.0488532 0.0367321 0.00302155 0.0306105 0.0663748 0.00513843 0.0416505 
0.0101446 0.0551235 0.0121774 0.0671128 0.025145 0.525321 8.5991e-05 0.00652283 0.00366837 0.00197433 0.00533868 0.0491828 0.10917 0.0304602 0.049677 0.000551069 0.00761226 0.0407315 
0.00165269 0.000759931 0.0107892 0.0252173 0.0851902 0.588248 0.00018359 0.0152374 0.0352152 0.000733588 0.0281866 0.0266681 0.0598315 0.000601632 0.0508754 8.51975e-05 0.0296498 0.0408744 
0.0110117 0.0087702 0.00110882 0.000784326 0.0410192 0.849457 2.17517e-07 0.00119843 0.0140459 0.00764787 2.69448e-09 0.0223128 0.00232872 0.000426413 0.0369845 0.000200225 0.0002001 0.00250341 
0.00196576 0.00384343 0.00966986 0.143321 0.0352848 0.411267 0.0052518 0.0661473 0.000310474 0.000849611 0.0129914 0.198847 0.0718949 0.00462747 0.0216094 0.00218355 0.00798874 0.00194746 
0.0995319 0.00108222 0.00080371 0.0161346 0.00694483 0.347076 5.51312e-05 0.0291097 0.00170377 0.0176713 0.0314431 0.0796704 0.066575 0.00637448 0.0173671 0.000762512 0.10193 0.175764 
0.0562961 1.03551e-07 6.17694e-08 0.0171746 0.0213919 0.402529 0.00933106 0.110407 0.000427902 0.000820833 7.07527e-06 0.171621 0.141403 0.00430915 0.0617357 5.30383e-07 0.00254438 1.20202e-06 
0.0262704 0.0125307 0.0107356 0.00388152 0.00483243 0.539772 2.61755e-07 0.133487 0.0190676 0.0313811 0.0240261 0.0384586 0.11033 0.000971431 0.0321092 0.000192849 0.00981743 0.00213546 
0.0522018 7.11338e-06 1.23107e-06 4.19141e-11 0.0113549 0.881743 4.30685e-10 3.04454e-06 6.04739e-06 2.92494e-06 4.7802e-06 8.75255e-07 3.06545e-06 1.11277e-05 9.52112e-06 9.5017e-07 6.24956e-11 0.0546497 
0.000659375 0.0024919 1.28712e-06 0.000568411 0.10179 0.730294 5.43303e-08 0.0146265 0.000615996 3.29902e-05 5.15401e-06 0.00890417 0.00975345 0.00285392 0.0639375 9.31579e-05 0.0441659 0.0192058 
0.000341655 0.000127822 0.000264533 0.00105025 0.479331 0.516186 1.80918e-08 0.000490247 1.32994e-08 0.000158758 4.8382e-05 0.000113262 0.000566764 0.000104972 4.65075e-05 5.47082e-05 3.62311e-05 0.00107864 
1.07434e-05 1.95269e-05 2.76378e-10 9.60417e-05 2.84776e-05 0.99937 2.26873e-05 5.11345e-06 3.13973e-06 2.19431e-05 7.84351e-06 1.23494e-05 0.000133808 4.08684e-05 6.42424e-05 9.65666e-06 0.000147927 5.52442e-06 
0.000256618 0.0319874 4.83283e-11 0.0118531 0.0744648 0.427837 3.47053e-05 0.0153936 0.000211759 2.70779e-05 0.00239493 0.0031929 0.281495 0.00175423 0.0438371 5.01154e-08 0.105259 2.86768e-08 
0.0111321 0.00078525 2.33708e-07 0.00173347 0.00905087 0.672307 0.000959521 0.00767178 0.0116793 0.000720254 0.0113138 0.0163516 0.0304949 0.00151554 0.00334477 0.210069 0.00215049 0.00872028 
0.00127236 0.186724 0.000330562 0.023181 0.0793018 0.44621 0.000684513 0.0159761 0.0226699 0.00483907 0.0085455 0.0373215 0.0480691 0.00515171 0.046923 0.000462152 0.0703029 0.00203521 
6.2699e-07 0.000810976 1.34021e-10 5.79735e-07 0.050002 0.892509 3.23564e-10 2.26749e-07 0.00153052 2.46876e-10 4.28645e-07 0.000538278 0.017344 0.000656642 0.0338136 0.00018511 3.40554e-07 0.00260813 
0.0088395 0.00352619 0.0404722 0.0128574 0.199314 0.376842 0.00252654 0.0460036 0.0172525 0.0177954 0.0364291 0.0244208 0.0804836 9.59678e-05 0.00987613 0.000565875 0.00543747 0.117262 
1.17188e-05 0.000354953 6.71623e-05 0.0257026 0.00677906 0.866585 0.000241835 6.86966e-05 0.000209541 0.00834328 0.00163332 0.00729792 0.0166225 2.39184e-05 0.000654984 0.000292385 7.94155e-05 0.065032 
0.00391571 0.00716977 7.69175e-08 0.113812 0.0170196 0.305237 0.00261306 0.00555593 0.000492121 0.00331356 0.00179202 0.0130355 0.281438 0.0164864 0.10088 0.00585534 0.117559 0.00382421 
1.51124e-05 4.42861e-05 7.71078e-06 0.00521108 0.00016317 0.974665 0.000727313 0.00051632 3.25993e-06 8.8728e-06 1.97411e-09 0.000581699 0.00395272 0.00861671 0.00168502 0.00116444 0.00260348 3.3786e-05 
0.00569034 3.50033e-11 0.133394 3.04866e-07 0.192478 0.378585 2.9877e-06 4.79219e-07 0.0283539 8.50561e-11 5.62382e-11 0.0161156 2.81808e-07 0.00299707 0.139878 0.00111879 1.55308e-07 0.101384 
0.00336415 0.000499337 0.00116468 0.0392032 0.146755 0.398286 1.80516e-09 0.00123591 0.113099 0.000118921 0.16332 0.00975513 0.0964093 0.00593986 0.010233 0.00593169 6.21368e-05 0.00462257 
0.0198496 0.00121313 0.000236262 0.000548436 0.0115448 0.395032 1.26504e-06 0.00143573 0.00430456 6.90877e-05 1.19058e-05 0.0999119 0.045373 0.00705488 0.035313 0.352301 0.024498 0.00130113 
7.21265e-05 0.000840244 1.00127e-08 0.00172138 0.0515133 0.875442 0.000563494 0.000667203 5.10934e-05 0.00910824 7.58697e-11 0.0141302 0.010358 0.00952639 0.0247268 2.84708e-05 0.0010556 0.000195147 
0.000673058 0.0028712 0.0034369 0.0042889 0.250697 0.326056 0.000218341 0.0140807 0.0139589 0.000431531 8.13618e-05 0.0208057 0.0529178 0.0100248 0.1577 0.0040809 0.026307 0.111369 
3.57402e-05 0.00191519 8.1716e-10 0.00108067 0.2554 0.512919 9.08267e-06 0.0179852 0.000504519 1.36779e-06 0.000108476 0.00144795 0.0927472 0.0136757 0.100436 5.37567e-05 0.00168078 3.44307e-07 
0.0049715 0.00147222 0.000301381 0.0245427 0.0319362 0.699042 0.000616585 0.0103568 0.0106684 0.0110709 2.98585e-05 0.0100229 0.0244036 0.0417164 0.0834758 0.000198823 0.00336553 0.0418084 
0.00105568 0.00360436 0.000794596 0.0139876 0.0158948 0.530503 0.00142476 0.00933983 0.00614485 0.000115766 0.0383794 0.0184546 0.138237 0.00201128 0.206247 0.0003979 0.00956384 0.00384369 
9.69111e-05 0.10776 0.0108927 0.0224998 0.00215662 0.502734 4.87416e-05 0.176905 1.08509e-05 0.0474055 0.00123137 0.0218558 0.000613283 0.000195315 0.00956762 0.00378391 8.34986e-05 0.0921591 
1.51124e-05 4.42861e-05 7.71078e-06 0.00521108 0.00016317 0.974665 0.000727313 0.00051632 3.25993e-06 8.8728e-06 1.97411e-09 0.000581699 0.00395272 0.00861671 0.00168502 0.00116444 0.00260348 3.3786e-05 
0.00126243 0.00164353 0.00132679 0.037191 0.0498124 0.35877 7.85395e-06 0.0131535 0.00732993 0.000144577 0.000692499 0.0542729 0.171005 0.0928293 0.0946178 4.78317e-05 0.0023798 0.113513 
5.22852e-05 0.00433788 8.59407e-09 0.00420245 0.0616663 0.777012 1.18851e-06 0.000591277 1.10952e-05 1.58308e-08 4.93886e-06 0.0067836 0.0844939 7.10588e-06 0.0504084 1.25458e-06 8.32769e-08 0.0104264 
0.00225354 0.00489828 0.00336965 0.0527045 0.04945 0.303806 0.00206062 0.00196229 0.00667958 0.0018547 0.00575113 0.146987 0.205586 0.000650151 0.026623 0.000582683 0.0128698 0.171911 
0.000122942 0.0240643 0.00281691 0.0106919 0.0254121 0.690205 3.05225e-05 0.0191854 0.0176303 0.0103499 0.0298275 0.00982289 0.0960586 0.000335616 0.0591233 0.000132072 2.52643e-05 0.00416596 
0.00739375 0.00548167 0.000930789 0.017809 0.0782605 0.595061 1.69893e-05 0.0184878 0.00104719 0.000489047 0.000117482 0.0199322 0.163083 0.00201461 0.0550665 6.2857e-05 0.000729843 0.0340155 
0.000627329 1.93992e-08 5.62644e-08 1.7029e-08 0.000694584 0.864867 1.12681e-07 0.000226242 7.73493e-06 0.000981008 0.00062116 0.0020428 2.06509e-12 0.00280073 0.0471376 0.000448576 0.0793405 0.000204796 
0.0163974 0.00506562 1.56521e-05 1.15291e-05 0.0675334 0.458423 9.68641e-09 0.234712 0.0570192 0.000837419 3.13925e-06 0.0321135 0.0956164 0.000499715 0.0137684 1.98516e-06 6.5803e-08 0.0179815 
0.000340233 0.000741637 0.000177248 0.00811305 0.0061462 0.766525 9.42715e-06 0.0588746 0.00276201 4.74516e-05 0.000134649 0.112003 0.00526551 3.86819e-05 0.0111133 0.00535483 0.000439355 0.0219132 
0.000366032 0.0924129 0.000164271 0.0015027 0.14489 0.423598 0.000155079 0.0279781 0.00655999 0.00161359 0.00188735 0.0439402 0.098807 0.000135407 0.0781382 0.00548876 1.66963e-05 0.072346 
0.00385247 0.0121642 0.10815 0.041724 0.0302377 0.34094 1.99671e-05 0.0172946 3.14602e-06 2.79763e-05 1.21604e-06 0.166978 0.00810948 0.115376 0.116203 0.000409235 0.0264725 0.0120366 
0.00165973 0.000335485 1.55457e-06 0.0161741 0.433134 0.465863 0.000560688 1.51676e-06 0.000277219 1.69655e-07 2.3225e-09 0.00748926 0.00083617 0.000838767 0.0562296 0.000224284 7.23407e-07 0.0163732 
0.00015618 1.82776e-05 5.76277e-08 5.9508e-05 2.68436e-08 0.826558 0.00131918 1.47672e-08 5.00354e-05 0.00590324 6.07542e-05 1.67828e-05 1.9376e-05 3.97641e-08 0.16582 2.64584e-08 2.01887e-08 1.85173e-05 
0.00554275 0.0255258 0.000158275 0.0432276 0.118084 0.42194 8.94436e-05 0.0109901 0.0027509 0.0108808 7.67127e-05 0.0843053 0.0574887 0.0035764 0.14853 0.000192099 0.000602071 0.0660385 
6.87248e-06 0.00590045 1.49017e-06 9.76269e-08 0.083874 0.427301 3.72047e-05 0.000485387 0.0135304 0.000185751 2.27571e-05 0.0183319 0.0612742 0.0218863 0.276678 2.43982e-06 0.0726259 0.017856 
5.23613e-06 0.000417676 0.00221906 0.00159325 1.14286e-05 0.957639 9.1054e-08 0.0113216 4.3365e-07 6.94733e-08 0.0191026 0.00588801 0.000686371 0.000683213 8.21925e-06 0.000383659 1.68561e-05 2.35573e-05 
5.56636e-06 0.00203685 6.3942e-07 0.000276218 0.0580868 0.766764 0.000481242 1.78401e-06 0.00226701 0.00104538 4.64086e-07 0.0203143 0.00380069 0.00207057 0.0712492 0.000103224 0.000139366 0.0713562 
0.000100149 4.14049e-08 5.46189e-08 0.00132438 0.00219567 0.989334 1.31865e-07 1.39962e-08 5.82581e-05 1.00612e-07 6.65233e-08 0.00030832 0.00124153 0.0040138 0.00131036 2.5077e-08 0.000112913 2.19664e-08 
8.77996e-05 1.48969e-08 1.12883e-07 6.50772e-08 0.000244081 0.955073 0.00237166 0.00128382 7.42647e-08 1.7213e-05 1.75338e-07 0.0146497 8.9273e-05 1.80742e-08 1.50003e-08 0.0245062 2.27949e-06 0.00167463 
0.0249671 0.00987546 0.00216601 0.0171474 0.105169 0.348037 0.0016369 0.00418495 0.0377303 0.0049202 0.000438795 0.097658 0.207166 0.00462655 0.097617 0.0132858 0.0219855 0.00138723 
1.61905e-07 0.00603815 0.00209924 1.87332e-07 0.0653041 0.409819 7.82077e-09 0.0113427 0.0600003 0.00117009 0.127916 0.0819144 0.191907 0.00158246 0.0353151 8.91843e-05 1.20015e-08 0.00550234 
0.000521224 0.000686901 2.54069e-07 0.00478483 0.0216083 0.808494 8.03605e-05 0.00051385 0.000838156 6.99822e-05 2.00024e-05 0.00181095 0.0567343 0.0106469 0.089665 9.06091e-05 0.00259427 0.000840387 
0.00600941 0.0153214 0.000164468 0.0217655 0.0339377 0.59358 9.1837e-06 0.0385539 0.00241163 0.000404233 0.00302897 0.0341499 0.118102 0.00451456 0.116938 0.000123973 0.000361886 0.0106241 
1.51124e-05 4.42861e-05 7.71078e-06 0.00521108 0.00016317 0.974665 0.000727313 0.00051632 3.25993e-06 8.8728e-06 1.97411e-09 0.000581699 0.00395272 0.00861671 0.00168502 0.00116444 0.00260348 3.3786e-05 
0.0022614 0.0316296 0.00162234 0.0302892 0.120614 0.254974 4.09661e-05 0.0520296 0.052861 0.00013759 0.105179 0.0797225 0.0790938 0.00154769 0.150888 3.0823e-05 0.0129938 0.0240852 
3.70923e-06 0.0234734 1.44229e-05 0.0257768 0.0101528 0.621594 0.000254918 0.00377365 2.45924e-05 0.000146902 1.34168e-05 0.00591067 0.0146724 0.0118898 0.223432 0.000457083 0.0555347 0.00287415 
1.51124e-05 4.42861e-05 7.71078e-06 0.00521108 0.00016317 0.974665 0.000727313 0.00051632 3.25993e-06 8.8728e-06 1.97411e-09 0.000581699 0.00395272 0.00861671 0.00168502 0.00116444 0.00260348 3.3786e-05 
1.3842e-05 0.000319555 1.94289e-07 0.00190761 0.000641862 0.968307 8.56534e-10 0.00260987 0.000228814 0.000159633 9.45249e-07 0.000444019 0.00389519 1.53865e-07 0.0205097 6.90502e-06 6.80655e-08 0.000954198 
2.66406e-06 2.27279e-06 0.00214438 1.19424e-06 0.00614541 0.842119 3.2593e-09 0.00429022 0.00964763 0.00736628 0.00267023 0.102111 0.0179217 1.58157e-06 1.89263e-06 1.79947e-07 1.53152e-06 0.00557324 
0.021712 0.0280274 2.85285e-05 0.0158801 0.0199762 0.752639 0.00904314 0.00513144 0.000504068 0.000619496 0.00876695 0.0297664 0.0227135 0.00348578 0.0731867 0.00111666 0.00349071 0.00391179 
1.51124e-05 4.42861e-05 7.71078e-06 0.00521108 0.00016317 0.974665 0.000727313 0.00051632 3.25993e-06 8.8728e-06 1.97411e-09 0.000581699 0.00395272 0.00861671 0.00168502 0.00116444 0.00260348 3.3786e-05 
0.00105676 0.00705741 0.0102908 0.0515312 0.0623579 0.593007 0.0108297 0.00761507 0.0055918 0.00125105 7.31598e-05 0.0165005 0.131959 0.0160368 0.0581381 0.00226697 0.00718409 0.0172527 
0.00223259 0.000477224 0.00827227 0.00626689 0.0980264 0.344014 1.79024e-06 0.141797 0.00848593 0.00104995 0.0107357 0.0828692 0.171541 0.0056833 0.0212579 0.000100779 0.028059 0.0691289 
0.00955433 0.0073057 0.00052606 0.0879413 0.0919739 0.210727 0.00516154 0.0810414 0.0422122 1.77236e-06 0.00029347 0.139488 0.137809 2.20568e-05 0.00986386 0.000120019 0.000546524 0.175413 
5.8099e-07 0.034751 0.00253107 0.0133598 0.101711 0.647267 2.73177e-06 0.0249075 0.0266522 0.00321013 0.00436721 0.0064862 0.0865183 3.05379e-05 0.0473744 0.000173166 9.8996e-06 0.000647121 
0.03061 0.0368847 0.000695965 0.0113679 0.0229209 0.303883 3.04567e-07 0.0285135 0.000758228 1.3785e-05 0.000256347 0.294867 0.10327 0.00218692 0.109824 0.000218975 0.0212282 0.032501 
0.00270084 0.00204615 0.0170146 0.0625913 0.0681996 0.580153 1.32468e-05 0.0160967 0.00318424 0.00111427 0.000560874 0.129081 0.039171 0.00482227 0.0163829 0.000192795 0.0181789 0.0384956 
0.000666276 0.00151512 4.53997e-09 0.0504762 0.00637063 0.784594 0.000289159 1.44798e-08 0.000421432 0.000559288 7.55378e-05 3.49697e-08 0.150918 0.000891213 0.00221954 2.73448e-08 4.18885e-07 0.00100276 
0.00021266 0.0360908 0.00830913 0.00188369 0.0184609 0.639052 9.82105e-05 0.0945454 0.0019706 0.00874658 0.00942566 0.0483081 0.0307972 0.00508498 0.0525066 0.00811109 0.00677882 0.0296178 
0.0648389 0.00319377 0.0463625 0.0190454 0.0227195 0.568273 0.00054253 0.00242782 0.0417506 0.00131639 0.0182659 0.0266965 0.0469399 0.0130124 0.0583754 3.87554e-05 0.0202683 0.0459319 
0.0207004 0.0171902 0.00165472 0.094722 0.080136 0.247213 1.87697e-05 0.0600204 0.00825065 0.000988335 0.0172904 0.0961771 0.169388 0.0175516 0.0363292 0.000563489 0.000626574 0.13118 
2.62859e-06 0.00940865 0.00582271 0.0130703 0.0166979 0.715806 0.00493182 0.0820182 2.78511e-06 5.41979e-10 3.89083e-07 0.0926346 0.0388471 0.00069342 0.0113878 0.00866589 3.09474e-06 6.35385e-06 
0.000147806 0.00427085 0.0121287 0.151555 0.0430055 0.223998 4.17857e-05 0.0122204 6.30691e-05 0.000663329 0.00038128 0.0608236 0.193408 0.0331476 0.0759098 3.35547e-05 0.0202952 0.167906 
0.00126149 0.00330356 4.84064e-05 0.00492021 0.032732 0.441672 1.18157e-05 0.000583581 0.0059177 0.000918319 0.0584117 0.0112835 0.247666 0.00556248 0.119972 8.37537e-06 0.0111506 0.0545764 
0.00391571 0.00716977 7.69175e-08 0.113812 0.0170196 0.305237 0.00261306 0.00555593 0.000492121 0.00331356 0.00179202 0.0130355 0.281438 0.0164864 0.10088 0.00585534 0.117559 0.00382421 
2.53958e-05 0.187661 8.67429e-05 0.0120905 0.0197464 0.50275 1.2474e-05 0.00431934 0.000747872 0.000102801 0.00136214 0.00760307 0.0927143 0.0950417 0.0108009 1.16327e-06 0.0178773 0.0470568 
4.35166e-06 7.90944e-06 1.11948e-10 3.8902e-05 1.15349e-05 0.999745 9.18956e-06 2.07122e-06 1.27176e-06 8.88813e-06 3.17704e-06 5.00216e-06 5.41996e-05 1.65539e-05 2.60216e-05 3.91147e-06 5.99184e-05 2.23769e-06 
2.66598e-05 0.00488882 0.00289691 0.0911846 0.0786129 0.633504 5.33147e-05 0.00548066 0.000652147 0.00144377 0.000193324 0.0042382 0.0715246 0.00784313 0.0187041 0.000223767 0.00046125 0.0780677 
0.0740112 0.0064189 6.40099e-05 0.0117632 0.0392526 0.385376 0.000147195 0.0319295 0.0289069 0.0494118 0.0065025 0.101663 0.0507368 0.0116182 0.130992 0.0532902 0.0165816 0.0013342 
0.0083995 2.27595e-07 2.84047e-10 2.74199e-07 0.00743779 0.911996 6.85767e-10 0.0228168 0.0167354 8.64721e-07 1.85505e-06 6.16782e-07 0.0311598 0.00113668 1.06921e-06 0.000312786 9.95101e-11 4.09174e-08 
0.00462736 0.0747836 0.000245187 0.0171064 0.00878757 0.680333 6.04791e-06 0.0192684 0.000320701 0.000277282 0.00193866 0.00955466 0.126108 1.07369e-05 0.0222234 0.00130721 0.000135147 0.0329666 
0.00124396 0.000832298 5.20707e-05 8.68622e-09 4.52228e-06 0.898022 8.92544e-08 0.0911518 3.64903e-05 0.00661823 3.24627e-05 4.20702e-05 0.0019273 6.09228e-06 6.55527e-09 3.53995e-06 2.65828e-05 1.48683e-08 
1.51124e-05 4.42861e-05 7.71078e-06 0.00521108 0.00016317 0.974665 0.000727313 0.00051632 3.25993e-06 8.8728e-06 1.97411e-09 0.000581699 0.00395272 0.00861671 0.00168502 0.00116444 0.00260348 3.3786e-05 
2.99953e-05 0.00033133 0.000114705 0.0142073 0.00390465 0.445556 5.09554e-05 0.00114071 0.000184813 8.66122e-05 1.05323e-05 0.00347452 0.425912 0.00216911 0.0918964 4.35908e-06 0.00363715 0.00728909 
9.7385e-05 7.92701e-06 1.53318e-09 0.0037415 0.00240628 0.983951 0.000206507 2.0759e-06 0.00470983 8.90928e-06 0.000320329 0.000183995 5.43128e-05 0.00040762 0.00311115 6.64087e-05 0.000614445 0.000110529 
0.000242038 2.25233e-05 4.61516e-05 0.00221897 0.000184449 0.576525 3.14137e-06 7.82875e-05 0.000481687 0.00156955 0.000304723 0.0207642 0.000302726 0.00128058 0.167383 7.74896e-05 0.209779 0.0187363 
1.51124e-05 4.42861e-05 7.71078e-06 0.00521108 0.00016317 0.974665 0.000727313 0.00051632 3.25993e-06 8.8728e-06 1.97411e-09 0.000581699 0.00395272 0.00861671 0.00168502 0.00116444 0.00260348 3.3786e-05 
1.4499e-06 0.000729911 6.3519e-07 0.00122207 0.000745324 0.55144 3.06477e-06 6.89698e-07 6.15196e-05 0.147021 0.00327801 0.000355144 1.80236e-05 0.0742578 0.206794 1.30239e-06 0.00791643 0.00615371 
0.000521533 0.00544025 9.70229e-05 0.000192483 0.00406322 0.75471 3.58113e-06 0.00282192 0.0110544 0.0003942 0.162047 0.00923769 0.0136186 0.0147063 0.0107903 2.7043e-06 0.000204937 0.0100934 
3.21722e-07 0.00033132 1.18526e-10 2.87534e-06 0.00396953 0.964029 2.58416e-05 4.16026e-05 4.06396e-05 6.57139e-07 2.34954e-07 0.000191148 0.00806577 0.00106822 0.0196768 5.18726e-05 0.00250446 1.65435e-07 
8.77996e-05 1.48969e-08 1.12883e-07 6.50772e-08 0.000244081 0.955073 0.00237166 0.00128382 7.42647e-08 1.7213e-05 1.75338e-07 0.0146497 8.9273e-05 1.80742e-08 1.50003e-08 0.0245062 2.27949e-06 0.00167463 
6.73119e-05 0.00625333 0.000861227 0.0078142 0.00844228 0.755324 7.89789e-06 0.036085 0.000168223 0.0199394 5.89825e-05 0.00866036 0.0913592 0.0110791 0.01031 7.23827e-06 0.00138147 0.0421807 
0.00140456 0.00260103 0.000212784 0.0108513 0.00269014 0.412435 3.28461e-05 0.031285 0.0739104 0.00439405 0.151018 0.0316106 0.0898672 0.000663651 0.141581 1.87506e-06 0.00610307 0.0393375 
0.00497144 0.00495081 0.00324826 0.014509 0.0998435 0.340356 0.00288474 0.122167 0.0126901 2.22349e-05 0.298339 0.0364281 0.0263502 0.000424577 0.0105828 0.0195948 1.427e-05 0.00262373 
4.86162e-05 0.0118234 1.73325e-07 0.0750834 0.0325313 0.783575 4.11236e-06 0.0116165 0.00191517 4.6758e-06 0.00831918 0.00125834 0.0295759 0.012062 0.0267271 0.00011636 0.00250468 0.00283454 
1.51124e-05 4.42861e-05 7.71078e-06 0.00521108 0.00016317 0.974665 0.000727313 0.00051632 3.25993e-06 8.8728e-06 1.97411e-09 0.000581699 0.00395272 0.00861671 0.00168502 0.00116444 0.00260348 3.3786e-05 
8.77996e-05 1.48969e-08 1.12883e-07 6.50772e-08 0.000244081 0.955073 0.00237166 0.00128382 7.42647e-08 1.7213e-05 1.75338e-07 0.0146497 8.9273e-05 1.80742e-08 1.50003e-08 0.0245062 2.27949e-06 0.00167463 
2.32033e-07 0.00509569 0.0195304 0.0013416 0.00669296 0.566218 3.96669e-07 0.00949404 0.21685 7.98903e-05 0.0339907 0.0163151 0.0295188 0.00523522 0.0503164 0.000296031 0.00040821 0.0386166 
