0.000226135 1.59699e-05 0.00180907 0.0018764 0.000384011 0.00118705 4.46551e-07 0.000219696 0.000113086 0.990829 2.13232e-05 0.000472527 0.000851281 0.000134739 0.00166078 8.8855e-06 0.000161315 2.78745e-05 
0.00683262 9.80649e-06 0.674909 0.258179 0.00410528 2.81308e-05 7.53683e-09 0.0189655 3.05337e-06 0.000406119 4.83208e-05 0.00704137 0.00442349 0.00264749 0.00608974 6.98429e-05 0.0124798 0.00376114 
0.0863859 0.00185162 4.04191e-05 0.0181172 0.00435158 0.0035066 1.915e-05 0.351208 0.00284276 0.00443639 0.000135636 0.00278616 0.00321088 0.00694696 0.0842603 0.428845 0.000109031 0.000946808 
0.00302204 0.000129352 0.479546 0.330291 0.00189229 3.12296e-05 5.56844e-07 0.0233086 8.90072e-05 0.00612536 0.00017896 0.00834269 0.0355114 0.00218326 0.00920472 1.67458e-05 0.058895 0.0412315 
0.001638 0.00714087 0.000494989 0.0204345 0.0288658 0.0603152 8.23052e-06 0.00533083 0.000271008 0.000477821 6.9156e-05 0.0165305 0.054394 0.611344 0.143461 3.49088e-05 0.0443894 0.00480047 
0.000418012 0.00721824 0.00107898 0.00295542 0.00363756 0.311455 4.08637e-06 0.0107288 0.58563 0.0219853 0.00139515 0.00493046 0.0177682 0.00111449 0.0208557 0.000165388 0.0074167 0.00124218 
0.119023 1.40231e-07 7.23589e-05 0.00557915 0.00705664 0.000798725 3.14529e-08 0.266315 0.00200628 2.26146e-07 0.000491996 0.516293 0.0701688 0.00033554 0.00564338 0.000595193 0.000135936 0.00548463 
0.0207044 0.336875 0.00368302 0.120984 0.0113532 0.0282032 7.46411e-05 0.0474253 0.00446503 0.000262085 0.00566534 0.0111658 0.0565376 0.00694358 0.190395 0.000120602 0.00145506 0.153687 
0.00170041 0.00818405 0.00224085 0.0184379 0.013829 0.0224898 1.12864e-05 0.069565 0.0169438 0.00500861 0.0391989 0.403065 0.290651 0.00132259 0.0157043 0.0478516 0.00962382 0.034172 
0.0112972 0.00956865 0.00188731 0.553863 0.00845175 0.000129116 3.44594e-06 0.160542 0.000485907 0.000319655 0.000315723 0.0341588 0.192783 2.76689e-05 0.0125898 0.00224302 0.00203863 0.00929483 
0.0106624 0.000823258 0.002157 0.499752 0.0245948 0.00916236 1.18483e-05 0.0152292 0.0125109 0.00386108 0.00223854 0.0534882 0.171947 0.0147519 0.0337277 7.27321e-05 0.04798 0.0970289 
0.0125802 0.0070567 0.000935245 0.0255853 0.360217 0.110466 0.000152713 0.0316266 0.000771593 0.000176281 0.00369577 0.0230124 0.0542866 0.00590975 0.304493 0.000442593 0.0407992 0.0177937 
0.00881338 3.4439e-06 0.000299561 0.0135004 0.00156272 0.000796356 1.86297e-09 0.136662 2.22776e-09 0.000292058 0.00552167 0.780597 0.0336859 0.000418023 0.000551135 0.00336447 0.000453112 0.013479 
0.00531145 0.00276356 0.000690098 0.0286353 0.0399738 0.0417286 3.6353e-08 0.00425011 0.035121 0.000185431 0.101898 0.0622736 0.0981209 0.103209 0.328396 0.00234363 0.13945 0.00564882 
0.00664687 0.00273866 0.0691865 0.126444 0.204418 0.0247744 4.20959e-05 0.0967028 0.00104786 0.0011879 0.0073177 0.0575194 0.14229 0.0120863 0.0605302 0.00424835 0.00783972 0.174979 
0.000135416 0.0281425 0.083301 0.105669 0.0100647 0.019566 7.06372e-07 0.394077 8.6591e-06 0.00230444 0.00133448 0.139387 0.1012 0.00770986 0.0738367 7.56833e-06 0.00273271 0.0305214 
0.0350759 0.00466871 0.00512522 0.104536 0.0379418 0.0827081 3.88184e-05 0.0261346 0.143288 0.00652446 0.00387047 0.203222 0.169041 0.0175496 0.0272031 0.0581498 0.01527 0.0596527 
0.00800327 0.0272903 0.0172405 0.0339603 0.18131 0.191401 0.000123812 0.0126855 0.00299517 0.000363088 0.0267681 0.0644309 0.118517 0.0465214 0.206251 0.000785204 0.0213095 0.0400435 
0.278356 0.00612978 0.00117139 0.176941 0.00827618 0.00296388 2.07728e-05 0.0500038 0.000137321 0.00735367 0.0262847 0.0820211 0.0653966 0.00250185 0.185936 0.00781997 0.0395563 0.0591296 
0.00590151 0.0217776 0.0565238 0.0437194 0.124933 0.25666 3.35354e-09 0.0693835 0.00184334 3.1253e-05 4.46274e-05 0.0414941 0.0844824 0.0186169 0.26769 5.00496e-06 0.00423501 0.00265818 
0.000178031 1.85362e-09 1.61149e-09 2.05231e-06 1.03225e-05 3.63114e-06 2.29262e-12 5.31967e-06 0.999085 4.03255e-07 6.28408e-10 1.87015e-05 9.8315e-07 0.000196936 0.000225531 0.000104386 0.000152432 1.65824e-05 
0.0032135 0.00151824 0.000586987 0.138575 0.0142729 0.00202972 6.75578e-09 0.0244033 0.000702298 0.000500597 0.00828644 0.0154673 0.604622 0.00287699 0.122077 1.5452e-05 0.00105777 0.0597946 
0.000178031 1.85362e-09 1.61149e-09 2.05231e-06 1.03225e-05 3.63114e-06 2.29262e-12 5.31967e-06 0.999085 4.03255e-07 6.28408e-10 1.87015e-05 9.8315e-07 0.000196936 0.000225531 0.000104386 0.000152432 1.65824e-05 
0.886106 6.0635e-05 0.000112422 0.032715 0.00230638 0.00066391 5.55234e-06 0.0101059 1.67397e-05 0.000570403 0.000335974 0.0326217 0.0135567 0.000500301 0.00377242 0.0125076 0.00113273 0.00290914 
0.0330535 0.00359416 0.00165105 0.13028 0.0152735 0.00318845 9.24435e-06 0.00926931 0.00332746 0.000211346 0.0224583 0.0362373 0.619235 0.0139964 0.0409314 0.00786698 0.0233524 0.0360636 
0.000854117 0.0200477 1.12745e-05 0.00012221 0.784672 1.54668e-05 7.0625e-07 3.53642e-05 2.96687e-05 4.49368e-05 0.000354278 8.75942e-05 0.191568 0.00110623 9.84335e-05 8.30841e-05 0.000666373 0.000202428 
0.045366 0.00256914 0.0188493 0.487158 0.0206603 0.00798326 1.3035e-05 0.101259 0.00104082 0.000755544 0.00457227 0.040808 0.0894029 0.00601142 0.067566 0.00137426 0.0143656 0.0902456 
0.0123095 0.0437838 0.000355089 0.026903 0.0105715 0.00351143 4.05288e-06 0.0331316 0.0543481 0.655959 9.95336e-05 0.0439306 0.0324845 0.00111735 0.0557032 1.76984e-05 0.000845384 0.0249242 
0.0150452 0.0356717 0.0193486 0.0877394 0.0820351 0.0351713 1.46001e-05 0.10356 0.000158037 0.0100343 0.00364992 0.0264006 0.176804 0.0670612 0.240115 0.021717 0.0510012 0.024473 
0.00344089 0.000717693 0.000353112 0.0115554 0.0133882 0.000785066 8.02928e-07 0.00314105 0.000126639 7.28653e-06 0.000585676 0.0239677 0.0123999 0.725613 0.0648431 1.02821e-05 0.131312 0.00775136 
0.000420097 0.000856813 1.81638e-05 0.00969715 0.00138068 0.000858649 8.42904e-08 0.00256544 2.39221e-05 0.0446478 0.000519492 0.00428395 0.00504242 0.155685 0.728415 1.5228e-05 0.0450232 0.000547002 
0.296448 0.000717858 0.00394368 0.0714478 0.0236588 0.00377264 4.39016e-06 0.0249926 0.00235687 0.000664822 0.00511931 0.0423622 0.124515 0.0327699 0.0313397 0.00316028 0.125849 0.206877 
0.01436 0.0105071 0.0558664 0.0835459 0.00705869 0.029514 2.04535e-06 0.178671 0.00579484 0.0040089 0.09746 0.314302 0.13258 0.00180603 0.0266832 0.00343907 0.0158729 0.0185286 
0.00474213 0.00655041 0.0215493 0.0488197 0.00541264 0.0108143 6.20114e-06 0.0839499 0.0217192 0.353036 0.0383649 0.0180402 0.113977 0.00656407 0.177075 0.000816912 0.0249139 0.0636486 
0.00968373 0.00998314 0.00851692 0.366951 0.0502337 0.00162369 7.43199e-09 0.0433332 8.43663e-06 0.000808597 6.22455e-06 0.0229505 0.377767 0.0241373 0.0591194 3.18999e-05 0.0137444 0.0111006 
0.00053403 0.258062 0.000926262 0.0294422 0.00888282 0.00306941 4.05282e-09 0.133225 0.014577 0.0011959 0.00774306 0.0108228 0.02079 0.00064178 0.482329 2.92533e-06 0.00217879 0.0255762 
0.248985 0.000954966 5.41655e-05 0.141461 0.00370088 0.000663339 1.2296e-06 0.00527196 0.000708927 0.000417212 0.0031704 0.022571 0.143104 0.00275713 0.00333239 0.000105531 0.0365092 0.386231 
0.0173122 0.0958388 0.00532801 0.125712 0.133346 0.0137725 1.00735e-05 0.0542654 0.00167536 0.00134824 0.0045136 0.0338098 0.340847 0.019097 0.109779 0.000351841 0.0167976 0.026196 
0.049592 0.00941708 0.00278613 0.607044 0.029644 0.00353664 9.18603e-06 0.0241266 0.00041456 0.000282754 0.00167809 0.0214012 0.14355 0.00378618 0.0345142 9.33439e-05 0.0255732 0.0425505 
0.000684905 0.0101588 0.000157083 0.028604 0.104246 0.290612 7.20552e-05 0.0304616 0.0271747 0.00750677 0.0168386 0.0840687 0.205513 0.00214735 0.123385 0.000876826 0.00237159 0.0651205 
0.000823204 0.00158857 0.000694458 0.0603506 0.0602463 0.0399311 1.58777e-06 0.0270925 0.0169335 0.0462944 0.102261 0.0199387 0.389975 0.00155849 0.116117 5.0053e-05 0.00146951 0.114675 
5.32389e-05 0.0066935 0.0167404 8.11486e-06 0.237037 0.212096 2.73237e-07 0.0892817 7.52161e-06 7.18139e-06 0.0103536 0.0206365 0.249105 1.42486e-05 0.0545627 0.000439366 0.0118777 0.0910863 
2.00014e-07 0.00182918 0.000151743 0.0443623 0.0179161 0.0203625 1.10632e-08 0.0107707 0.00670763 0.000568242 0.00323892 0.0869324 0.310294 0.00107044 0.0541575 2.33821e-05 4.96758e-07 0.441614 
0.0133 0.00567259 0.00907391 0.153019 0.019703 0.00567205 0.0001131 0.0715063 0.00112493 0.000396928 0.00229947 0.194801 0.44501 0.000992678 0.0222058 0.000135301 0.010605 0.0443687 
0.0141346 0.00525383 0.00399376 0.0318622 0.00474283 0.0272965 9.45452e-05 0.0120307 0.00728558 0.00738724 0.0977121 0.372419 0.0861304 0.010861 0.24004 0.000612793 0.0443862 0.0337571 
0.0314331 0.00265084 0.00141494 0.0557723 0.0103163 0.0315992 8.73246e-07 0.726499 0.000380379 0.000105716 0.00148225 0.0485543 0.0469262 0.00184047 0.0189138 0.00547725 0.000350501 0.0162826 
0.00865316 0.0570381 5.11039e-05 0.0952055 0.209864 0.0178988 2.5061e-07 0.0386936 0.00246047 0.000276559 0.00604746 0.0199475 0.0253848 0.0087757 0.502342 9.35166e-06 0.00339535 0.00395588 
0.00127452 0.000692418 7.57073e-05 0.00639555 0.0118724 0.000605046 7.15985e-10 0.00048703 2.08041e-05 5.71641e-05 8.90183e-07 0.000578663 0.0211777 0.933998 0.0189089 2.22754e-06 0.00317128 0.000681423 
0.0120988 0.00956158 0.0350133 0.114944 0.0399922 0.03582 4.59767e-05 0.244958 0.00708362 0.0048845 0.0135283 0.0621474 0.303583 0.015722 0.0524654 0.00357687 0.0139659 0.0306094 
0.298293 0.00436612 0.00117079 0.0936323 0.0115039 0.00144292 1.28551e-05 0.0309904 0.000202463 0.209428 0.00217048 0.106737 0.129595 0.0315823 0.0276468 0.000214198 0.0239133 0.0270986 
0.000402224 0.000834451 0.000112627 0.0114108 0.00262933 0.00453489 2.94845e-07 0.000496739 0.00101556 0.00164482 0.000350552 0.0101205 0.0438875 0.00846311 0.0736926 3.35491e-05 0.839363 0.00100789 
0.0110051 0.0891547 0.00168084 0.000276386 0.0175611 0.555399 9.50297e-06 0.0507373 0.00380186 0.0213009 0.000785522 0.00912465 0.0745089 0.00264077 0.148627 3.61245e-05 0.0101496 0.00320023 
0.00221774 0.00418504 0.000685333 0.00386637 0.00539307 0.0135026 2.8362e-05 0.0673558 0.000355102 0.00920641 0.0148579 0.715436 0.142539 0.000320755 0.00498357 0.00661092 0.00342466 0.00503102 
0.218541 0.0167699 8.32137e-05 0.564179 0.024355 0.00405987 4.75392e-06 0.0132396 0.00414373 0.000274496 0.0157981 0.0260408 0.0333423 0.0139304 0.0358372 0.0119307 0.0103157 0.00715397 
0.000185912 0.0108918 0.000169576 0.00248487 0.00978725 0.00648544 1.60755e-11 0.0251378 0.000896961 0.000258137 0.0497174 0.513753 0.359905 0.000308568 0.00454846 5.90416e-05 0.000582188 0.0148292 
0.0878553 0.0125595 0.0385059 0.0182036 0.374558 0.185778 4.19984e-05 0.040413 0.00195704 0.00509832 0.00102095 0.0347639 0.0702862 0.00474999 0.0533915 0.000310039 0.0101639 0.0603432 
0.0308539 0.00707932 0.0328575 0.262616 0.00622861 0.024425 5.04896e-06 0.0298833 0.000235814 0.00264373 0.0237011 0.0331621 0.478185 0.000152046 0.0207113 0.000117412 0.0137939 0.0333485 
0.106667 0.0630911 3.83844e-05 0.0106528 0.0020887 0.00461875 1.75994e-05 0.00144234 0.623525 5.84088e-05 0.00265853 0.0148932 0.0110688 0.0400642 0.015049 0.103101 0.00023619 0.000729233 
0.0168086 0.0113981 0.00351684 0.104902 0.365529 0.047258 0.000154749 0.0398572 0.0013039 0.000614757 0.000171405 0.030436 0.336587 0.00171997 0.0250755 0.000451996 0.00277891 0.0114371 
0.0504787 4.52952e-05 9.73949e-05 0.808599 0.00669712 0.00423026 8.25962e-07 0.00628809 5.92739e-06 0.000211247 1.04904e-06 0.00315158 0.0549216 0.000708021 0.0165725 1.21565e-05 0.0035915 0.0443874 
0.0012974 0.129428 0.00526902 0.193228 0.0871405 0.0705993 8.28527e-06 0.117319 0.00491362 0.00451371 0.0114854 0.0613927 0.0851268 0.0145353 0.156612 0.0345809 0.000356478 0.0221938 
0.00140308 0.0274915 0.0251955 0.0348591 0.0150939 0.000726839 5.60908e-07 0.0504806 0.00117164 0.00282277 0.193732 0.0353897 0.594094 0.000783232 0.0159604 1.6686e-05 0.000137315 0.00064103 
0.0225989 0.0067765 4.91742e-05 0.0136038 0.00889632 0.315025 2.79583e-05 0.0125975 0.281235 0.00179032 0.00021199 0.169552 0.0215665 0.00168599 0.0368205 0.105161 0.000255785 0.00214499 
0.00683262 9.80649e-06 0.674909 0.258179 0.00410528 2.81308e-05 7.53683e-09 0.0189655 3.05337e-06 0.000406119 4.83208e-05 0.00704137 0.00442349 0.00264749 0.00608974 6.98429e-05 0.0124798 0.00376114 
3.18245e-06 0.0210925 9.94675e-05 0.0314842 0.0479794 0.0185534 2.129e-08 0.336346 0.228739 0.00488016 0.00182095 0.0422426 0.128903 0.000750753 0.113879 0.000463316 0.0091116 0.013652 
0.0005956 0.00159073 0.000320213 0.0096797 0.00585179 0.0103485 3.61973e-06 0.00457014 0.00275098 0.00270342 0.0865347 0.00978216 0.0892761 0.0510892 0.333735 0.000464988 0.388671 0.00203192 
0.0279916 0.0125428 0.00217016 0.0415036 0.0139831 0.00921348 5.31846e-06 0.0497955 0.0020897 0.129739 0.00967649 0.501169 0.109262 0.0027668 0.0371057 0.0131303 0.0112262 0.0266297 
0.00302204 0.000129352 0.479546 0.330291 0.00189229 3.12296e-05 5.56844e-07 0.0233086 8.90072e-05 0.00612536 0.00017896 0.00834269 0.0355114 0.00218326 0.00920472 1.67458e-05 0.058895 0.0412315 
0.0710879 0.00408266 0.025133 0.0295676 0.210941 0.0908912 1.06839e-05 0.17502 0.000248206 0.00335143 0.00639424 0.0700367 0.0971844 0.0573874 0.117347 0.00280407 0.00336378 0.0351482 
1.64271e-08 0.0436008 2.45596e-05 0.801392 0.00106152 0.00451159 2.30082e-09 0.0340027 1.24124e-05 0.00825082 0.000751056 0.00377649 0.0307227 0.0256872 0.043609 7.00025e-07 0.00245775 0.000138417 
0.00809584 0.0152572 0.00413552 0.106506 0.0467804 0.0198026 5.17919e-05 0.0574984 0.000612353 0.000759453 0.00368401 0.0395961 0.506145 0.0341029 0.0549885 9.46836e-05 0.0349889 0.0668995 
0.0123274 7.37811e-06 0.000218355 0.0321912 0.0092079 0.00286074 1.81271e-08 0.00526719 0.00117412 0.00024722 0.692372 0.134746 0.00549752 0.0115471 0.03736 0.037048 0.0142251 0.00370318 
0.28954 0.0181905 0.000211 0.483188 0.0144349 0.00172827 1.82057e-06 0.0297419 0.000151608 0.00065237 0.000879988 0.0348268 0.0873148 0.00529301 0.0277781 4.69602e-05 0.00504582 0.00097332 
0.00572976 0.0152245 0.00274855 0.0661799 0.0334308 0.106261 1.1375e-05 0.02792 0.00393329 0.00151313 0.0148398 0.0251532 0.158752 0.00484973 0.519657 0.000117743 0.00196096 0.0117185 
8.90228e-08 1.13408e-07 2.12041e-07 0.0156712 0.00297407 2.75203e-08 9.78053e-09 0.00205406 1.21787e-07 6.81478e-07 2.85534e-08 0.097271 0.678188 3.36751e-08 2.68287e-07 1.69277e-08 0.0606948 0.143146 
0.0063108 0.000535735 0.00331156 0.0137646 0.00399277 0.00447018 2.94921e-05 0.0469045 0.00220582 0.00618151 0.00312729 0.526204 0.210457 0.000482898 0.00932582 0.0820387 0.000967897 0.079689 
0.0441863 0.00056128 0.0163 0.157889 0.00445393 0.00552541 1.29838e-05 0.0814306 8.33076e-05 0.0483907 0.00585948 0.146893 0.23984 0.000838311 0.0152143 0.0162007 0.00313714 0.213183 
0.00404765 0.0740979 0.00103937 0.0193969 0.0351674 0.382625 4.0081e-09 0.0472027 0.044224 0.00177199 0.00560284 0.0305583 0.136708 0.00478052 0.203528 0.000551208 0.000405287 0.00829273 
0.0347539 0.00236953 0.00520226 0.0302092 0.061208 0.256384 5.52913e-06 0.0279964 0.0047355 0.00560632 0.113754 0.188014 0.0944328 0.0179972 0.0756664 0.0083393 0.0132303 0.0600953 
0.183101 0.00521541 0.00570362 0.283356 0.00298681 0.00106547 7.69414e-06 0.117306 0.00892704 0.000103954 0.00250992 0.134739 0.133647 0.0765035 0.0213599 0.000232999 0.000892305 0.0223424 
0.00308789 0.0764041 0.000416995 0.0153968 0.0865097 0.0306975 0.000102229 0.0460124 0.00119571 0.00247719 0.00364965 0.0219786 0.00757321 0.0235348 0.652802 0.000295557 0.0102329 0.0176326 
0.00184553 0.00126743 0.0032265 0.108506 0.0146107 0.159542 8.46992e-05 0.0511197 0.00444042 0.24271 0.00180698 0.000858473 0.191013 0.0004864 0.00852899 0.000397587 0.00102271 0.208533 
0.0131491 0.00273863 0.0759102 0.0136623 0.0456137 0.307028 4.43449e-05 0.0042049 0.00622259 0.0729566 0.00954689 0.151606 0.168293 0.0364421 0.0757859 0.000518713 0.00460636 0.01167 
0.00789417 0.00206576 0.00026291 0.0411419 0.00231727 0.000713885 4.30984e-06 0.0508175 0.000247732 0.00159748 0.0767692 0.415111 0.240149 0.00323309 0.0352399 0.0765954 0.0222182 0.0236207 
0.0178506 0.000160521 6.49655e-05 0.873171 0.00789751 0.000725274 7.88433e-07 0.0056521 0.000222217 0.000221606 0.000293421 0.0035822 0.0506251 0.00783343 0.00990958 3.5003e-05 0.0019438 0.0198109 
0.0007657 0.000515018 4.70085e-05 0.00552569 0.170575 0.00989256 1.72217e-11 0.00603256 1.23424e-07 0.00401529 4.15523e-05 0.0271626 0.0611443 0.067361 0.624121 1.31559e-05 0.0225943 0.000193376 
0.0157779 0.00239552 0.0111502 0.101574 0.0203893 0.00948545 9.78635e-05 0.0790586 0.00266686 0.000324051 0.0106468 0.320765 0.254638 0.00371895 0.0312315 0.00894694 0.021808 0.105325 
0.0335798 0.0384965 0.00615594 0.260645 0.0336227 0.00735477 2.30094e-05 0.0940507 0.000933891 0.00183135 0.00901629 0.0421682 0.343149 0.0131162 0.0574172 0.00425455 0.0128023 0.0413825 
0.000256307 0.0295959 0.000525445 0.0251998 0.0973992 0.108315 4.08314e-10 0.268691 0.000299678 0.044022 0.00485785 0.20826 0.108477 0.000391313 0.0151665 1.91197e-05 0.000278498 0.0882448 
0.620789 7.15343e-05 7.61584e-05 0.126284 0.0050251 0.00248436 6.81774e-06 0.00358086 8.62475e-05 0.000376206 7.11569e-06 0.00878649 0.105117 0.00818185 0.00268748 0.000152049 0.0109729 0.105314 
0.0252852 0.304018 0.000443401 0.128652 0.0145681 0.0535938 3.58165e-07 0.00680886 0.00365564 0.0986478 0.00254504 0.0206135 0.171892 0.000283398 0.164403 3.92918e-06 0.00271621 0.00187002 
0.0382021 0.00495925 0.000429574 0.0302841 0.423266 0.0941848 1.56429e-06 0.0121546 0.00642991 0.00336293 0.000533713 0.00696602 0.0321848 0.0118259 0.272485 0.000127922 0.0560652 0.0065365 
0.0248729 0.00515363 0.0128204 0.214861 0.0408301 0.0132899 2.52332e-05 0.0846367 0.0119033 0.00847927 0.00738193 0.0784732 0.337041 0.00248742 0.0402616 0.000402045 0.053037 0.0640435 
0.00612523 0.000152566 0.000410035 0.812531 0.028071 0.00228479 3.30853e-06 0.0246421 0.000523828 0.00156533 0.000156803 0.00132159 0.0729995 0.00762184 0.0166519 4.18058e-05 0.01695 0.00794712 
0.0125804 0.0021056 0.0001782 0.021663 0.0138945 0.00752312 3.79573e-06 0.0161463 0.000838482 0.0020118 0.0130259 0.0229201 0.023922 0.0322344 0.784068 0.00164932 0.0386369 0.00659798 
0.0041209 0.0266485 0.00557949 0.143489 0.163593 0.143884 2.48424e-06 0.0122403 0.00277161 0.00424304 0.00049419 0.00414543 0.245233 0.142392 0.075599 0.000514778 0.00119674 0.0238516 
0.00370991 0.00645769 0.00146524 0.0159826 0.364021 0.122691 0.000237812 0.0284792 0.0306104 0.000520326 0.000811161 0.0668131 0.0843494 0.0116032 0.194488 0.000944304 0.00868902 0.0581265 
0.00839647 0.0497061 0.0143996 0.12566 0.0198285 0.0454959 1.11838e-05 0.0136906 0.0571391 0.00216582 0.0194204 0.0766639 0.221402 0.00591955 0.201693 0.000407344 0.0703407 0.0676593 
0.0257943 0.121519 0.0010803 0.0384462 0.315755 0.101761 1.57451e-08 0.0594005 0.005011 0.0168246 0.000318641 0.0159223 0.0941867 0.0141582 0.177582 1.79417e-05 0.0115013 0.000721116 
0.0653838 0.00072232 0.00168022 0.68152 0.0435475 0.000583875 2.51297e-06 0.0314165 0.000406417 0.000195539 0.00067305 0.0057757 0.099717 0.00275813 0.0223471 2.24785e-05 0.0101438 0.0331045 
0.00347121 0.0462818 0.0399655 0.220892 0.0508937 0.0137972 2.39914e-07 0.0708984 0.00306825 0.00297895 0.00100729 0.0846137 0.145632 0.0298467 0.208081 0.00040532 0.0422073 0.0359598 
0.00723409 0.0470271 0.00629152 0.113815 0.0437124 0.0210691 3.26378e-06 0.00827564 0.000682616 0.00234465 0.00316764 0.00938592 0.382645 0.0304793 0.0181418 1.2755e-05 0.00139494 0.304317 
0.00863224 0.000109314 0.0283663 0.342083 0.255077 0.00919263 7.93633e-08 0.0180107 5.83109e-05 0.000137869 6.52133e-06 0.0047876 0.0353183 0.0214757 0.153521 3.53075e-05 0.0728829 0.0503056 
0.0267512 0.00317371 0.00213402 0.0108712 0.0540781 0.240101 8.67297e-05 0.0651375 0.0294143 0.0108226 0.00103023 0.140761 0.0838587 0.0137362 0.175304 0.00211078 0.134267 0.00636232 
0.0052454 0.00103494 0.493567 0.187028 0.00943211 0.000798363 2.14271e-06 0.121663 2.41376e-05 0.00480575 0.000177553 0.0568798 0.0296469 0.00432908 0.0218111 5.38587e-05 0.0180982 0.0454026 
0.0239289 9.07643e-05 0.00551513 0.0339911 0.0123552 0.0111348 1.20027e-05 0.0273217 0.000314325 0.000113876 0.00274016 0.12909 0.292105 0.00043602 0.0193722 0.0213849 0.0701053 0.349988 
0.0185134 0.0177197 0.000315693 0.719368 0.00656329 1.17196e-05 2.34111e-07 0.0863226 2.60677e-07 6.31003e-05 0.000360195 0.0196231 0.0174864 5.97285e-06 0.0430521 1.53661e-05 3.79167e-05 0.070541 
0.318693 0.000301838 0.00131484 0.223823 0.116432 0.00200078 3.6771e-05 0.0144503 0.00068426 0.000171518 0.000318547 0.0254312 0.179246 0.00488891 0.00770669 7.05257e-05 0.0150096 0.0894209 
0.000816883 0.00550468 0.00103682 0.00768444 0.0885572 0.133281 8.71822e-05 0.19614 0.186513 0.000342582 0.0180466 0.0203577 0.0039415 0.0316677 0.201766 0.00715787 0.0605526 0.0365456 
0.00143742 0.0215064 0.00174168 0.0374531 0.029625 0.0203642 1.49213e-05 0.179015 0.0019001 0.000270601 0.00526173 0.0307924 0.503237 0.0157953 0.108222 2.31551e-05 0.0127704 0.0305693 
0.310619 0.00564186 0.00708999 0.0726288 0.0621264 0.00313786 7.31708e-06 0.13928 1.00564e-05 0.00533197 0.00162569 0.212511 0.0870003 0.00208758 0.0309353 0.000250464 0.0385909 0.0211254 
0.031 0.0218012 0.00942941 0.291524 0.0222639 0.0148425 6.19493e-05 0.0534629 0.00172716 0.00120615 0.00489178 0.0376206 0.28444 0.0530147 0.0705858 0.000384387 0.0418823 0.0598613 
0.000627814 0.0030673 0.000461192 0.0101547 0.00668657 0.0268027 3.04072e-05 0.00481956 0.000658731 0.751612 0.0145533 0.0629133 0.0794109 0.00111822 0.0107738 0.00088193 0.0246206 0.000807241 
0.00114669 0.00108747 0.0467285 0.0391774 0.0042047 6.96091e-05 6.86369e-12 0.0500898 4.37415e-05 0.00282697 0.0836709 0.0140025 0.431565 0.00287427 0.0371402 3.74454e-05 0.106531 0.178804 
0.0122637 0.00313102 0.00284648 0.342234 0.119297 0.140577 0.000100342 0.0240938 0.00163715 0.00549953 0.0240674 0.0578572 0.0655273 0.0548314 0.0568863 0.0223153 0.00963548 0.0571996 
0.00715442 0.0204819 5.88172e-05 0.0527842 0.04093 0.694753 8.7644e-06 0.00692974 0.00113797 0.000768441 0.00110269 0.00330783 0.0391733 0.0219894 0.0963583 2.73872e-05 1.99422e-05 0.0130134 
0.00172035 0.000414015 0.00197314 0.0208344 0.0563733 0.0741672 1.01076e-05 0.00457269 9.54274e-05 0.000604137 0.000157792 0.0307049 0.23995 0.0278097 0.260634 1.87204e-05 0.123356 0.156604 
0.00830577 0.0251579 0.00298956 0.030138 0.175873 0.0475967 0.000625888 0.0470639 0.00210555 0.00730718 0.0031465 0.0189131 0.0797757 0.0556167 0.391509 0.00100065 0.0907714 0.0121031 
0.0198496 0.00121313 0.000236262 0.000548436 0.0115448 0.395032 1.26504e-06 0.00143573 0.00430456 6.90877e-05 1.19058e-05 0.0999119 0.045373 0.00705488 0.035313 0.352301 0.024498 0.00130113 
0.348699 0.000255359 0.00042036 0.1588 0.0386089 0.0577799 2.82183e-05 0.0197416 0.00021142 0.00101591 0.00455423 0.0548662 0.126286 0.0502612 0.0146396 0.00530096 0.000618763 0.117912 
3.58136e-05 3.58137e-05 3.58088e-05 0.129005 3.58199e-05 0.465675 3.57785e-05 3.58244e-05 0.0930955 3.57908e-05 3.5804e-05 3.58242e-05 0.261574 3.58152e-05 3.58262e-05 3.58201e-05 3.58224e-05 0.0501857 
0.0161739 4.22297e-05 0.000295095 0.0387969 0.0354768 0.0089416 1.77985e-05 0.00465126 0.00768096 0.000222261 0.00686902 0.0352224 0.0391393 0.00749483 0.79389 0.000371699 0.00215885 0.002555 
0.000330467 0.0138067 0.0475254 0.00947148 0.00340472 0.124012 1.94141e-05 0.106274 0.000841353 0.199161 0.373422 0.0669575 0.0302814 0.000917519 0.0163679 0.00144159 0.000404643 0.00536102 
0.0118866 0.000578853 0.00814845 0.788831 0.0656212 0.00131684 1.10051e-05 0.0258466 3.80428e-05 6.03811e-05 7.30032e-05 0.00364704 0.0458734 0.000207273 0.00541431 0.000121175 0.00897878 0.0333461 
0.254923 0.00875455 0.00215424 0.10031 0.0342052 0.00915431 0.000489134 0.0267402 0.012605 0.00171159 0.169336 0.0349875 0.0599913 0.0142106 0.0367721 0.212991 0.0127839 0.0078801 
0.00795922 0.198217 0.00300472 0.0332641 0.0536074 0.133815 1.75207e-05 0.0308445 0.239016 0.0029622 0.00725179 0.0227827 0.0429774 0.00128474 0.149274 0.00125096 0.00587188 0.0665994 
0.0161208 9.18603e-07 1.71709e-06 0.026533 0.00959527 7.63027e-05 8.16308e-08 0.021816 0.000355883 0.000768776 0.000448762 0.288621 0.287822 0.0012858 0.0861548 0.000117036 0.211456 0.0488253 
0.0481446 0.0149403 0.00953476 0.142493 0.0821684 0.0151007 6.37417e-06 0.117325 0.0015704 0.19243 0.00769762 0.0644717 0.143731 0.00996415 0.0898958 0.000529037 0.0336161 0.0263804 
0.00114936 0.0010486 0.0107851 0.199084 0.00575312 0.00142137 1.36245e-06 0.0145153 0.000184181 0.000192353 0.0335164 0.065496 0.296027 0.048476 0.130525 0.000136205 0.0233092 0.168379 
0.0127762 0.056521 0.00191484 0.106334 0.0483727 0.121706 6.22232e-06 0.258298 0.0259006 8.15655e-05 0.00860603 0.0580878 0.122287 0.00665911 0.100797 0.013179 0.000223651 0.05825 
0.191198 0.00535096 0.00016491 0.472127 0.0822562 0.00711242 1.96223e-06 0.0316957 0.00143714 0.000625773 0.00684248 0.0370366 0.105394 0.00469538 0.0204124 1.37419e-05 0.00758326 0.0260518 
5.21765e-07 0.0133892 0.0299029 0.0248306 0.0825561 0.00363151 2.94955e-09 0.228708 2.07726e-05 1.35757e-05 0.0273871 0.0368101 0.413668 0.0194978 0.109457 4.9176e-07 0.000829233 0.00929814 
0.0524 0.0108834 0.00253567 0.315092 0.0580774 0.0129924 7.6774e-05 0.155276 0.0126611 0.000476293 0.00220414 0.159195 0.159238 0.00209716 0.0270021 0.0131883 0.00132063 0.0152839 
0.0164307 0.000710787 0.0034975 0.271908 0.0515505 0.0046761 2.48305e-06 0.0496165 0.000114357 0.00020648 0.00157053 0.284035 0.255701 0.000330487 0.0149149 0.00179632 0.0087846 0.0341532 
0.000153374 0.0439808 1.78196e-05 0.0150952 0.0441782 0.492295 1.33492e-06 0.0182832 0.000920331 2.62193e-05 0.00127606 0.0148114 0.00977088 0.00566051 0.0461724 3.73371e-06 0.000200748 0.307153 
0.00533624 0.005962 0.000227072 0.0673685 0.0253554 0.00754217 2.06194e-06 0.0493682 0.382033 0.000778038 0.00192674 0.385582 0.0473015 0.000435881 0.000649771 0.0180525 1.12105e-05 0.00206743 
0.0317765 0.00914511 0.00120356 0.0264167 0.0345539 0.0102111 4.25868e-05 0.032115 0.0014258 0.00125484 0.00396335 0.310511 0.407759 0.00337949 0.0406753 0.00586753 0.0108662 0.0688337 
0.000430107 0.00115756 0.000562505 0.13289 0.0596358 0.0139667 2.13977e-10 0.0292995 6.47304e-05 4.78721e-09 0.000421015 0.039541 0.16391 0.0402136 0.41317 1.98604e-07 0.0359286 0.0688086 
0.000628785 0.000265724 0.00110273 0.0100959 0.00902343 0.00181228 1.74521e-09 0.000603659 0.0015417 0.000214966 0.000409922 0.056777 0.873572 0.00422409 0.0149314 1.40533e-06 0.00761299 0.0171825 
0.00386994 0.00085064 0.000666011 0.00533553 0.00896634 0.791595 7.90105e-08 0.0145972 0.00938199 0.00523315 0.00163066 0.0322089 0.0048501 0.0146749 0.0977648 1.63611e-05 0.00145892 0.00689965 
0.000426514 0.409225 9.91698e-05 0.028195 0.00376764 0.000688658 6.43376e-07 0.00110183 2.56624e-05 2.0669e-05 0.000126294 0.0153597 0.0452668 0.0602092 0.422766 4.23981e-05 0.00691388 0.00576518 
0.00937978 0.352572 0.000417329 0.0181338 0.079266 0.0160633 4.44413e-05 0.107022 0.000936873 0.0163708 0.000251184 0.042317 0.337064 0.00389903 0.00031373 6.47583e-05 4.56389e-05 0.0158379 
0.00302204 0.000129352 0.479546 0.330291 0.00189229 3.12296e-05 5.56844e-07 0.0233086 8.90072e-05 0.00612536 0.00017896 0.00834269 0.0355114 0.00218326 0.00920472 1.67458e-05 0.058895 0.0412315 
0.00747557 4.76767e-05 1.96132e-05 0.000635017 0.0025396 0.00541447 1.31194e-05 0.00250434 0.766221 0.01032 0.00271823 0.0365377 0.011748 0.000548933 0.0058828 0.14231 0.00288461 0.00217974 
0.000261542 0.0017593 0.000565802 0.0013252 0.00240256 0.0219436 1.26278e-07 0.00192541 0.00331334 0.00229275 0.8352 0.012777 0.041399 0.00113534 0.0361957 4.30446e-06 0.0361475 0.00135112 
0.000498481 0.0153164 0.356552 0.381018 0.00545755 0.0127629 7.82989e-07 0.0602397 1.6079e-05 4.07008e-05 0.00146515 0.00793504 0.0618786 9.70092e-05 0.0133692 1.30036e-05 0.0169333 0.0664067 
0.153627 5.64788e-06 0.0497 0.16667 5.64886e-06 5.64862e-06 5.64233e-06 0.496037 5.64447e-06 0.00734318 0.000570283 0.121471 0.00452562 5.64811e-06 5.64984e-06 5.64888e-06 5.64925e-06 5.64907e-06 
0.0139747 0.00287894 0.00600985 0.0909734 0.0359886 0.0728882 8.88862e-05 0.0133096 0.000837274 0.0210198 0.00357187 0.0919871 0.310019 0.00296033 0.0741628 0.00283804 0.039379 0.217113 
0.00302204 0.000129352 0.479546 0.330291 0.00189229 3.12296e-05 5.56844e-07 0.0233086 8.90072e-05 0.00612536 0.00017896 0.00834269 0.0355114 0.00218326 0.00920472 1.67458e-05 0.058895 0.0412315 
0.0699561 0.0110397 0.00169036 0.179876 0.140879 0.0598232 3.01013e-06 0.167689 0.00086198 0.00723643 0.00771236 0.0250264 0.175374 0.00751591 0.0940601 6.44297e-05 0.0378784 0.0133134 
0.00586365 0.00570206 0.0161834 0.246721 0.00629263 0.000480833 6.25454e-07 0.00417357 9.43849e-06 0.000168935 5.98164e-05 0.0297452 0.00749815 0.0110746 0.601793 0.000132699 0.0361806 0.0279203 
0.000218306 0.0386117 4.32307e-07 0.287022 0.00183441 0.00372671 2.30497e-07 1.39431e-06 1.50158e-06 1.20537e-05 4.91077e-07 0.00580555 0.040672 0.0318377 0.0160148 0.000696165 0.573494 5.06008e-05 
7.68179e-05 0.000356211 0.000108554 0.0326737 0.0183194 0.00182905 7.64578e-08 0.00700567 9.28594e-05 0.000453613 0.000305004 0.446925 0.414947 0.00510238 0.0128226 5.85354e-07 0.0166994 0.0422815 
0.000174289 0.0248988 0.0129101 0.0756885 0.0632471 0.00428507 6.90871e-05 0.0643198 0.000128976 0.000828909 0.00186354 0.398974 0.295034 0.000998122 0.0182532 0.00239025 0.00050302 0.0354328 
0.0131544 0.000801633 1.42666e-05 0.00695703 0.00223232 0.0286981 1.30142e-05 0.000346674 0.00429959 0.00151485 0.724484 0.0428747 0.00052066 0.00569063 0.0441597 0.102475 0.0199525 0.00181143 
0.0875991 3.43985e-05 4.06547e-05 0.628388 0.0138906 0.00134487 4.09517e-06 0.0048533 1.8608e-05 0.000642313 7.46945e-05 0.00420515 0.145142 0.00662016 0.0134067 8.61877e-06 0.00527704 0.0884502 
0.000399954 0.0131381 0.000109603 0.0137528 0.0141382 0.259554 1.14707e-08 0.0233925 0.000874713 0.00438654 0.00251777 0.238806 0.181482 0.0256821 0.196107 0.000188972 0.0156105 0.00985941 
0.00152458 0.000214695 0.000181347 0.000560345 0.00435358 0.00728624 2.35215e-06 0.000500304 0.000673385 0.974437 0.000296518 0.00337977 0.00250284 2.04282e-05 0.00364404 0.00012011 0.000126262 0.000176094 
0.00612162 0.003958 0.00212335 0.127861 0.233952 0.0687439 6.15175e-06 0.0445904 0.000228022 0.002541 0.00119559 0.0252784 0.322342 0.016587 0.0585088 2.33405e-05 0.0768911 0.00904841 
0.00148957 0.00474141 7.42125e-05 0.016935 0.00195746 0.00195899 3.12291e-07 0.00196328 9.0348e-05 0.000215473 4.09342e-05 0.00288422 0.0156136 0.0227677 0.927869 2.18968e-05 0.000804776 0.000571948 
0.00107094 0.0263157 0.000799436 0.0251875 0.0530149 0.00476661 3.02799e-08 0.0272357 0.00591691 0.000439199 0.010577 0.00730187 0.037021 0.00868775 0.753384 6.61261e-05 0.0294545 0.00876115 
0.0491749 0.00228757 0.00203311 0.0497953 0.194325 0.016728 1.85019e-05 0.111405 0.000313045 0.00223043 0.0013936 0.101686 0.21571 0.0529272 0.0673168 0.014279 0.00342111 0.114956 
0.00506289 0.00144656 1.84861e-07 0.00122906 0.00835225 0.0389617 1.50553e-09 0.000804643 1.98633e-06 2.38862e-05 0.000399753 0.0203471 0.0175003 0.00555489 0.854664 0.000111309 0.0450374 0.000502395 
0.0658735 0.00557949 0.00198502 0.0511227 0.0119227 0.0105366 1.00712e-05 0.0345667 0.00426155 0.00137501 0.010073 0.177919 0.445187 0.00837503 0.0607913 6.9654e-05 0.0592845 0.0510671 
0.249015 0.00091173 0.00132571 0.0648342 0.00931373 0.00726239 1.19543e-06 0.00655364 4.13146e-05 0.00179238 0.000138953 0.0255864 0.0446016 0.0360434 0.274149 0.000314797 0.276453 0.0016617 
0.00174475 0.0011675 0.125136 0.0606567 0.000994481 0.00767852 1.31538e-05 0.6569 0.00102123 0.00894794 6.02656e-05 0.0386588 0.00947007 0.000112535 0.011742 0.00139299 0.00019232 0.0741103 
0.0897755 0.00104104 0.0235324 0.079826 0.125323 0.111726 7.52223e-08 0.0164778 8.24773e-05 0.00577436 2.17099e-05 0.00130036 0.373444 0.00127752 0.0457609 0.000155324 0.00144588 0.123036 
0.000462168 0.0769402 0.0139239 0.0124381 0.00594607 0.0631141 1.84386e-05 0.0662203 0.000216208 0.00109883 0.220943 0.278673 0.148747 3.47366e-05 0.00480539 0.00906329 0.000708425 0.0966466 
0.0298854 0.0606213 0.0128119 0.127577 0.0563391 0.0270418 8.61088e-05 0.0365617 0.00344631 0.00268919 0.025196 0.053524 0.163782 0.0547987 0.116154 0.00124129 0.150163 0.0780809 
0.00127452 0.000692418 7.57073e-05 0.00639555 0.0118724 0.000605046 7.15985e-10 0.00048703 2.08041e-05 5.71641e-05 8.90183e-07 0.000578663 0.0211777 0.933998 0.0189089 2.22754e-06 0.00317128 0.000681423 
0.356856 0.000306407 0.00216896 0.102713 0.0183262 0.00728854 6.64406e-06 0.00265505 0.000355118 0.0125152 0.0010846 0.01175 0.120906 0.000279881 0.00269954 3.89544e-05 0.0013384 0.358711 
0.94115 0.000418569 9.34516e-05 0.0150144 0.00410859 0.000884695 4.89371e-07 0.00328342 2.74559e-05 0.000749083 5.50603e-05 0.0144824 0.0153756 0.000515075 0.00252733 4.45101e-05 0.00010715 0.0011625 
0.0151717 0.0202018 0.0357187 0.0848663 0.00491223 0.00245505 7.7216e-07 0.602722 4.71319e-06 5.02136e-05 0.000780919 0.105015 0.0922203 0.000474518 0.00931271 2.5854e-05 0.00597736 0.02009 
0.000476215 0.0164737 0.0241574 0.0227029 0.00657208 0.108137 2.43997e-06 0.0476812 0.000416124 0.614104 0.0112033 0.0375458 0.0685501 1.31863e-05 0.0031957 4.2268e-05 0.00656739 0.0321591 
0.0131544 0.000801633 1.42666e-05 0.00695703 0.00223232 0.0286981 1.30142e-05 0.000346674 0.00429959 0.00151485 0.724484 0.0428747 0.00052066 0.00569063 0.0441597 0.102475 0.0199525 0.00181143 
0.00013591 0.0165346 0.000343103 0.0159413 0.010488 0.00991405 1.06897e-08 0.103777 0.00552751 8.61367e-05 0.0343314 0.0267525 0.753904 0.000882689 0.016746 5.01764e-06 1.02862e-05 0.0046207 
0.0325198 0.00196423 0.00315778 0.0576273 0.017894 0.0173437 2.73471e-05 0.0391901 0.000532665 0.00102382 0.00238845 0.199821 0.498977 0.00522714 0.0218294 0.000293696 0.0126988 0.087484 
3.66221e-07 0.0581354 0.00525283 0.00882327 0.168156 0.0527739 2.67578e-08 0.0977697 0.0045631 0.000636451 0.00591945 0.0224625 0.221416 0.000855925 0.223101 4.10372e-05 0.0345271 0.095566 
0.182411 0.0439672 0.0056584 0.139409 0.0120851 0.0099258 6.6451e-06 0.0796941 0.060209 0.00289281 0.00341752 0.0710549 0.264444 0.00893765 0.0273517 0.0515943 0.0160144 0.0209272 
0.00259108 0.00484633 0.000937487 0.169545 0.0521764 0.00640533 1.17818e-11 0.00957425 3.27025e-05 0.000405924 1.60133e-05 0.0139503 0.662874 0.0415404 0.0129765 4.33265e-05 0.000505402 0.0215796 
0.0015726 0.000982349 0.00132577 0.599159 0.130227 0.088292 2.45823e-06 0.00455065 9.66107e-05 0.000261811 0.00188374 0.00211365 0.0799952 0.0108745 0.0293061 0.000319637 0.013058 0.0359796 
0.0321877 0.01903 0.00210771 0.220911 0.00421413 0.00877506 2.62447e-05 0.0100083 9.50404e-05 0.00208776 0.0025741 0.417129 0.0715858 0.00205732 0.0294009 0.0134902 0.00091369 0.163406 
0.0393632 0.00481118 0.00043412 0.0201183 0.0482743 0.00588275 1.27853e-05 0.0489449 0.00196968 7.24912e-05 0.00774262 0.0372574 0.0831778 0.239606 0.288301 0.000205871 0.162819 0.0110072 
0.270861 1.20595e-07 2.30658e-07 0.0827597 0.20287 0.00816405 1.44487e-08 0.00267763 6.06972e-07 0.00542497 7.24794e-06 0.0591389 0.124113 2.26315e-05 0.0106751 0.00238137 0.0818109 0.149092 
4.31875e-07 0.00398278 1.21292e-05 0.0327833 0.00440899 5.40635e-06 1.49068e-10 0.0386045 3.14204e-09 1.25925e-05 3.80435e-07 8.1471e-08 7.6269e-08 0.453356 0.456317 3.24796e-06 0.0103042 0.000208417 
0.00402914 0.00451016 1.7847e-07 6.15713e-06 0.176323 0.618192 2.06713e-10 0.00399285 0.000219891 1.45764e-06 6.30872e-07 0.0219436 0.0758332 0.044926 0.0497321 2.92803e-05 1.0604e-06 0.00025957 
0.0728995 0.0178768 0.00292326 0.386016 0.0424081 0.0194479 0.000261073 0.0282656 0.000297129 0.00227276 0.0127166 0.0306419 0.227225 0.0106754 0.0532814 0.000516168 0.0110064 0.0812689 
0.00302204 0.000129352 0.479546 0.330291 0.00189229 3.12296e-05 5.56844e-07 0.0233086 8.90072e-05 0.00612536 0.00017896 0.00834269 0.0355114 0.00218326 0.00920472 1.67458e-05 0.058895 0.0412315 
0.0299899 0.028404 0.00173325 0.332326 0.0226782 0.00131566 3.00427e-06 0.046015 2.11457e-05 0.00227973 0.000497803 0.050799 0.339385 0.014908 0.0467254 0.000893891 0.0107012 0.0713238 
0.0046591 0.0379801 0.000287164 0.011461 0.0256609 0.295696 1.39514e-06 0.11061 0.00114289 0.0228837 0.0164963 0.315278 0.1283 1.79787e-05 0.0124974 0.00287927 0.000201013 0.0139475 
0.0144592 0.00609365 0.0154682 0.0225874 0.0866538 0.668398 3.20624e-06 0.00491214 0.00110122 0.00195707 5.61178e-05 0.0493147 0.0388362 0.00113392 0.0561346 0.000205549 0.00118101 0.0315041 
0.00366399 0.000722842 0.0109675 0.00262841 0.0111978 0.468436 1.13447e-05 0.0618551 0.00314946 0.00209115 0.0533328 0.0739045 0.151868 0.000304906 0.0783998 2.59689e-05 0.00220896 0.0752313 
0.000554544 0.0883267 1.52789e-06 0.0759306 0.481685 1.38344e-05 1.04771e-09 0.0720802 0.0159029 3.74839e-05 0.0178931 0.00387774 0.0914958 0.0983891 0.052817 3.50849e-07 0.000746698 0.000246712 
0.00302204 0.000129352 0.479546 0.330291 0.00189229 3.12296e-05 5.56844e-07 0.0233086 8.90072e-05 0.00612536 0.00017896 0.00834269 0.0355114 0.00218326 0.00920472 1.67458e-05 0.058895 0.0412315 
0.00333122 0.0143409 0.0078969 0.183134 0.203745 0.0548643 7.27864e-09 0.0289041 0.00730893 0.00662408 4.09061e-06 0.0432871 0.242237 0.00218878 0.189432 6.94779e-05 0.00174398 0.0108879 
0.0196739 0.00164307 0.000291465 0.0982297 0.0677321 0.0287409 0.000261402 0.0322766 0.0157596 0.00297023 0.00167548 0.0688239 0.472391 0.0195073 0.0568379 0.00271745 0.0631453 0.0473232 
0.00148957 0.00474141 7.42125e-05 0.016935 0.00195746 0.00195899 3.12291e-07 0.00196328 9.0348e-05 0.000215473 4.09342e-05 0.00288422 0.0156136 0.0227677 0.927869 2.18968e-05 0.000804776 0.000571948 
0.00589452 0.00114128 0.100181 0.338548 0.0058285 0.0017442 9.56438e-06 0.143097 0.00176205 0.0055922 0.00560804 0.0282219 0.0621841 0.00200232 0.0502218 0.00159887 0.0274627 0.218902 
0.0105249 0.00115946 6.66369e-05 0.861029 0.016244 0.000658221 4.24966e-07 0.00642544 0.000164877 0.000132704 0.00116424 0.00256409 0.0660499 0.00495708 0.00849116 1.87594e-05 0.00157363 0.0187754 
0.0402123 0.0286634 0.0025353 0.105599 0.0524989 0.103033 2.27146e-05 0.119387 0.00200216 0.000471976 0.0054886 0.165088 0.0927214 0.00594224 0.0714533 0.0100546 0.000891054 0.193937 
0.499292 0.00211375 0.000296488 0.0625358 0.00808641 0.0015574 4.56266e-05 0.0358417 0.0002519 0.0570046 0.000305998 0.0149179 0.0328073 0.194119 0.0827308 0.000290513 0.00114506 0.0066572 
0.00832458 0.000811996 0.000276368 0.0549386 0.0029104 0.00443679 4.78974e-06 0.0154334 0.000209266 8.38419e-05 0.000347745 0.00192101 0.0480667 0.0135891 0.598982 3.14486e-05 0.238273 0.0113586 
0.000289848 0.00909835 0.000779459 0.0105019 0.00559551 0.0149513 4.17661e-06 0.0387246 0.00163731 0.00338546 0.0287533 0.134549 0.713835 0.000346436 0.0287133 7.71576e-06 0.00612809 0.00269974 
0.100644 0.0108204 0.00130689 0.0386471 0.046012 0.106085 1.84516e-05 0.0432641 0.037713 0.00872325 0.00624547 0.220409 0.260191 0.00322568 0.0339647 0.0530211 0.0160087 0.0137009 
0.00321681 0.0257479 0.00726764 0.0941146 0.0282588 0.0324344 7.06096e-05 0.086895 0.000337131 0.00125187 0.023465 0.021546 0.450712 0.0245906 0.0465705 0.00239972 0.0118951 0.139227 
0.000268797 0.00292693 0.00161344 0.126678 0.00709263 0.00986616 1.12901e-05 0.0481215 1.96977e-05 7.7492e-05 0.000256513 0.0819035 0.622772 0.00908101 0.042311 0.000142254 0.0420416 0.004816 
0.413205 0.00079336 0.00447656 0.168712 0.0368484 0.00173774 1.27373e-05 0.135511 0.000324737 0.000157229 0.000892592 0.0161506 0.0353169 0.038839 0.00300982 0.1044 0.00105057 0.0385611 
0.0027769 0.0132987 0.000516422 0.0342595 0.106356 0.0864671 9.62057e-05 0.0187088 0.000581516 0.00041632 0.011719 0.0379403 0.388895 0.0275738 0.220778 0.000417534 0.00945524 0.0397433 
0.00238788 0.0242158 0.00220881 0.0243264 0.424437 0.141057 0.000143248 0.0147102 0.00064212 0.00796204 0.00359145 0.132289 0.0512948 0.0150344 0.111065 0.00304976 0.00254089 0.0390436 
