0.000159935 0.0336558 0.00453969 0.0626551 0.0177928 0.00439254 1.5857e-05 0.0466804 0.000595057 0.000279768 0.00101396 0.0280251 0.160964 0.00111295 0.260931 2.69692e-05 0.0025975 0.374562 
0.00452069 0.00199474 0.00226619 0.0366481 0.00464169 0.00637084 6.32314e-05 0.0272001 0.00158675 0.000406779 0.00286601 0.422716 0.246251 0.00229084 0.0265555 0.00512134 0.0124887 0.196012 
0.000231726 0.00383436 5.42718e-06 0.00787002 0.0691668 0.000478379 1.8246e-09 0.00564026 1.87274e-08 0.000107748 0.00319677 0.527898 0.358599 3.63878e-05 0.00220342 1.64938e-05 9.97389e-05 0.0206146 
0.0228472 0.0015953 0.0310713 0.0492047 0.0164888 0.011513 0.000131832 0.0188935 0.00310581 0.00895336 0.01299 0.345 0.274375 0.00088591 0.0212081 0.0133268 0.0482895 0.12012 
0.0118802 0.00621186 0.00254106 0.0169785 0.0532687 0.605995 0.000154403 0.0231061 0.0176074 0.00077293 0.0182507 0.0320923 0.0788512 0.00660165 0.0781838 0.00192866 0.019195 0.0263806 
0.275524 0.00107052 9.6348e-06 0.0806785 0.00641456 0.00104554 3.95091e-06 0.0367997 0.00304112 8.78671e-06 8.1049e-05 0.55556 0.0390256 0.000279406 1.32759e-05 0.000167534 6.79716e-06 0.000270286 
0.00531854 0.102217 3.95607e-05 0.511461 0.0150843 0.000237426 6.8647e-08 0.0706729 9.63514e-05 3.50236e-05 0.00450061 0.0329839 0.105192 0.0662787 0.062321 0.001973 0.00518899 0.0163992 
0.00370238 0.00628265 0.00108229 0.117968 0.0229536 0.00194966 4.52888e-06 0.0911434 4.4715e-05 0.00360625 0.00476853 0.00658231 0.725438 0.000144219 0.00263114 4.81794e-05 0.0115288 0.000121219 
0.000268107 0.00808053 0.00137784 0.000780189 0.0126898 0.636752 2.49288e-06 0.113962 0.00830365 0.0014897 0.0068305 0.136779 0.0470593 0.000233431 0.0200217 0.000256368 0.00078823 0.00432475 
0.0131544 0.000801633 1.42666e-05 0.00695703 0.00223232 0.0286981 1.30142e-05 0.000346674 0.00429959 0.00151485 0.724484 0.0428747 0.00052066 0.00569063 0.0441597 0.102475 0.0199525 0.00181143 
0.00281531 0.477675 9.00868e-05 0.165605 0.00895073 0.000133959 8.59148e-07 0.0605856 2.54567e-05 0.000114913 0.00143998 0.00484454 0.0488915 0.00793045 0.21954 5.17021e-06 0.000250317 0.00110062 
0.100505 1.3051e-05 1.30492e-05 1.30551e-05 0.144904 0.315889 1.30382e-05 1.30549e-05 0.11088 1.30426e-05 0.0352412 0.0783419 1.30558e-05 0.0652707 0.0927076 0.0561423 1.30542e-05 1.30538e-05 
0.0783552 3.988e-05 0.000135571 0.0115842 0.0178288 0.0707638 5.62862e-08 0.0398863 0.00564644 0.000917468 0.175929 0.309803 0.0393323 0.0186258 0.100524 0.099369 0.0216184 0.00964141 
0.0274036 0.0182202 0.00366993 0.00565102 0.00806538 0.00575792 6.04678e-06 0.00660407 0.0152413 0.0026067 0.702417 0.054076 0.0569004 0.000854329 0.0489301 1.45495e-05 0.028802 0.0147794 
0.0198484 2.44592e-05 0.000158427 0.0126602 0.00791898 0.252658 2.30359e-06 0.00946988 0.000404417 0.000111247 0.122571 0.375262 0.0307635 0.000657531 0.064489 0.0722604 0.000187974 0.0305526 
0.0112057 0.00930467 0.000735591 0.060863 0.0160028 0.0114299 1.28773e-10 0.24678 0.0706725 0.00397429 0.0407158 0.298023 0.170402 0.00178467 0.0167566 0.00577415 0.00127774 0.0342976 
7.08943e-07 1.88804e-06 1.25855e-07 0.407385 0.0709846 0.0318767 1.7428e-10 0.0536607 0.000992388 0.00368908 9.69071e-07 0.0274103 0.115863 0.00305665 0.281568 2.30255e-05 9.80956e-06 0.00347701 
0.0556818 0.00516808 0.000167557 0.0236886 0.460528 0.133787 9.74047e-06 0.00254767 0.00100673 0.00289484 0.0136325 0.0101252 0.151498 0.00355517 0.133582 1.04395e-05 0.00101542 0.00109992 
0.000291852 0.00163995 0.00228504 0.0114833 0.0204658 0.567863 1.50305e-06 0.0183218 0.00410763 0.0331922 1.18181e-05 0.049087 2.54313e-05 0.00202325 0.263989 3.66613e-06 0.0251737 3.36385e-05 
0.00127452 0.000692418 7.57073e-05 0.00639555 0.0118724 0.000605046 7.15985e-10 0.00048703 2.08041e-05 5.71641e-05 8.90183e-07 0.000578663 0.0211777 0.933998 0.0189089 2.22754e-06 0.00317128 0.000681423 
0.103202 0.00517763 0.0256051 0.0688489 0.00890185 0.0155584 6.22131e-07 0.0165699 0.000115248 5.32402e-05 0.00651736 0.0641044 0.219749 0.0128618 0.435361 0.000251589 0.0022071 0.0149154 
0.00497786 0.00667543 0.00413917 0.251972 0.0690156 0.00662505 1.11995e-05 0.0223459 0.000150666 0.000297327 0.00157668 0.146885 0.103964 0.022722 0.029371 0.000125294 0.00507677 0.324069 
0.000660842 0.00302562 0.00131581 0.010461 0.164863 0.334919 5.90262e-05 0.015331 0.116928 0.00377247 0.00281061 0.0252699 0.17469 0.0010291 0.11837 0.000705189 0.0170198 0.00876847 
0.0467904 0.00863334 0.000787891 0.0473343 0.0128238 0.00562603 1.3332e-05 0.0154822 0.000571706 0.000714179 0.0175448 0.0551247 0.0272974 0.105988 0.545934 0.00597454 0.0875438 0.0158153 
1.08351e-05 0.00569125 8.33249e-06 3.92073e-05 9.02402e-05 0.523734 4.80839e-06 0.0453654 4.34641e-05 0.0013994 2.62353e-05 0.228623 0.00865489 5.41541e-06 1.58962e-05 0.00093572 9.52728e-06 0.185343 
0.0269269 0.084999 0.0627397 0.0236056 0.00259332 0.0679622 1.99204e-06 0.0604574 0.00556491 0.33867 0.0821948 0.0554817 0.0762914 0.0022994 0.068809 0.000227759 0.0175079 0.0236672 
0.00119722 0.00111922 2.92281e-05 0.509686 0.0478585 0.00166773 6.95238e-07 0.00387533 4.20447e-05 1.20512e-05 1.17785e-05 0.00221955 0.351567 0.0149995 0.0520156 6.2672e-06 0.00347809 0.0102138 
0.015111 0.00740837 0.0062692 0.103016 0.270455 0.177187 3.10601e-05 0.0187679 0.0016075 0.00468628 0.000175703 0.0454238 0.107118 0.0240043 0.135509 0.000184876 0.00669585 0.0763486 
0.296448 0.000717858 0.00394368 0.0714478 0.0236588 0.00377264 4.39016e-06 0.0249926 0.00235687 0.000664822 0.00511931 0.0423622 0.124515 0.0327699 0.0313397 0.00316028 0.125849 0.206877 
0.0179618 0.000144938 0.000281007 0.453742 0.00719655 0.000717142 9.22949e-07 0.0083336 0.000158702 0.000105666 0.000191432 0.0657543 0.283866 0.0280073 0.0459165 2.18983e-05 0.0231155 0.0644847 
0.0226032 0.224303 0.000550886 0.116803 0.0252671 0.1027 2.70778e-06 0.194672 0.001964 0.00514593 0.00472307 0.167202 0.0113348 0.00716854 0.0951351 0.000647794 1.63548e-05 0.0197603 
0.0337778 0.00893499 0.00132576 0.165528 0.11629 0.048716 0.000140557 0.0311889 0.180517 0.00430026 0.00529343 0.100653 0.0873708 0.0124461 0.0774745 0.0487362 0.0348111 0.0424954 
0.0158183 0.0168734 0.0988601 0.0595653 0.0557787 0.0530973 0.00016746 0.0795697 0.00426547 0.0164675 0.0033125 0.0226803 0.144547 0.0358307 0.0685771 0.00155552 0.00699117 0.316042 
0.00796575 0.0106695 0.000586873 0.0488673 0.0344531 0.00424376 2.14121e-08 0.0206529 0.000250451 3.68126e-05 0.00571334 0.00981273 0.101012 0.0059212 0.716003 2.7679e-06 0.0292041 0.00460418 
1.64271e-08 0.0436008 2.45596e-05 0.801392 0.00106152 0.00451159 2.30082e-09 0.0340027 1.24124e-05 0.00825082 0.000751056 0.00377649 0.0307227 0.0256872 0.043609 7.00025e-07 0.00245775 0.000138417 
0.0041703 0.0344986 0.00185584 0.134395 0.0136174 0.00152309 7.28804e-07 0.0427826 4.31285e-05 0.000474278 0.00412328 0.0208743 0.664284 0.00764771 0.0399349 2.35899e-06 0.00935658 0.0204162 
0.00883948 7.14615e-06 0.000167063 0.875905 0.0130731 0.000383717 2.46874e-06 0.00167223 5.96826e-05 5.17542e-05 4.22457e-06 0.00047366 0.0340892 0.013021 0.0180813 1.7732e-05 0.0338422 0.000309288 
3.54349e-05 0.0496443 3.54301e-05 3.54461e-05 0.0886383 0.645038 3.54002e-05 3.54456e-05 0.0637801 3.54123e-05 3.54254e-05 3.54455e-05 3.54482e-05 3.54365e-05 3.54473e-05 3.54413e-05 3.54436e-05 0.152438 
0.00488077 0.0156306 0.0137261 0.184261 0.0270696 0.0034013 9.34378e-09 0.147755 0.000216108 0.000985177 0.00263494 0.0592042 0.468272 0.000831646 0.0511936 9.01754e-05 0.00504726 0.0148012 
3.56422e-05 0.00344298 0.000909392 0.0327156 0.0192036 0.00219275 1.42166e-06 0.305564 0.000493312 5.98188e-05 0.00117713 0.0810832 0.464071 1.95833e-05 0.00648 6.86062e-06 0.00680569 0.0757383 
0.0350612 0.0003582 0.00011672 0.0305481 0.0473591 0.00419337 1.13624e-05 0.0286577 0.000477476 0.00164701 0.0158078 0.133338 0.191061 0.00736739 0.031702 0.0217686 0.334118 0.116408 
0.0159899 0.00160532 0.0195431 0.132375 0.0375513 0.0240191 5.01184e-06 0.0305133 3.08871e-05 0.0199347 0.00226139 0.0697557 0.198872 0.00897988 0.269252 0.0101757 0.0372706 0.121866 
0.0127335 0.0157716 0.00270058 0.050778 0.0300492 0.00460234 0.00013418 0.0719029 0.00255699 0.00369513 0.00788689 0.51379 0.2201 0.00188169 0.0129059 0.00345608 0.00445896 0.0405956 
0.00789417 0.00206576 0.00026291 0.0411419 0.00231727 0.000713885 4.30984e-06 0.0508175 0.000247732 0.00159748 0.0767692 0.415111 0.240149 0.00323309 0.0352399 0.0765954 0.0222182 0.0236207 
0.000652653 0.000144655 0.0148102 0.309374 0.0501865 0.0134582 6.21951e-08 0.137154 3.62228e-05 0.000340107 0.000750473 0.0212137 0.370843 0.000313902 0.0204633 2.44751e-06 0.0154344 0.0448215 
0.00226062 1.14595e-06 6.4791e-08 0.361022 0.410859 0.0162935 2.77293e-10 3.45399e-07 5.03776e-07 0.0017143 2.28835e-07 0.0358475 0.0772727 0.0863297 0.00839736 2.78316e-08 3.84496e-07 7.84162e-07 
6.11261e-05 0.196239 0.00047636 0.0978942 0.0186628 0.0306084 5.81339e-07 0.31798 0.000367583 0.000946062 0.0019932 0.0495605 0.170182 0.0165385 0.0958359 5.8014e-06 0.00219891 0.000449673 
0.00344676 0.00391354 0.000375074 0.00497922 0.00922698 0.0377385 1.72633e-06 0.044747 0.00307629 0.806379 0.0162323 0.00651018 0.0219697 0.000944163 0.0186186 0.00135876 0.00686831 0.0136136 
0.00820291 0.0465486 0.000647435 0.0469502 0.0101769 0.024573 2.66659e-05 0.00261491 0.00629969 0.00463684 0.00618068 0.0107041 0.0456375 0.0965635 0.457142 0.0301323 0.201993 0.000970255 
0.152268 0.00258542 0.00445885 0.154066 0.0392204 0.0037492 8.97399e-06 0.0625909 0.000473295 0.00253959 0.00697478 0.320003 0.155991 0.00571658 0.0243228 0.00738009 0.0237594 0.0338917 
0.117841 0.11323 3.838e-06 0.111673 0.0758707 0.00158126 2.71154e-07 0.0266332 5.7391e-05 0.000170429 0.00163365 0.0204263 0.0703527 0.00556278 0.307103 0.000139333 0.000317214 0.147404 
0.0235524 0.000904931 0.000716834 0.13002 0.0928167 0.101543 3.84623e-05 0.02367 0.0257897 0.00703921 7.15705e-05 0.0876835 0.31857 0.01002 0.115133 0.0183469 0.00749089 0.0365923 
0.0993544 0.00728694 0.000742256 0.039791 0.00791097 0.0124628 5.12283e-06 0.0167983 0.188023 0.00297464 0.00623414 0.371691 0.0950215 0.0019137 0.0315213 0.0957555 0.00792783 0.0145858 
0.000173392 0.0163822 0.000391089 0.0121669 0.0115283 0.000794608 1.03599e-06 0.0506636 5.40643e-06 0.000506388 0.000353997 0.0437369 0.436902 0.00208398 0.33059 1.33613e-06 0.00073331 0.092986 
0.000251215 0.000172837 0.000199267 0.141764 0.00550015 0.0100494 1.73398e-07 0.0138805 1.28761e-05 4.23154e-05 2.83016e-05 0.413199 0.371985 0.000763464 0.00142069 1.39405e-05 0.000273668 0.0404429 
0.0279916 0.0125428 0.00217016 0.0415036 0.0139831 0.00921348 5.31846e-06 0.0497955 0.0020897 0.129739 0.00967649 0.501169 0.109262 0.0027668 0.0371057 0.0131303 0.0112262 0.0266297 
0.0044697 0.0164974 0.00440403 0.0845562 0.0153637 0.0663348 2.11757e-06 0.130918 0.000631237 0.000119285 0.0065338 0.228123 0.243336 0.00074714 0.0186173 0.0120462 0.00219057 0.165109 
0.0981445 0.000137049 0.00028453 0.0045852 0.0176577 0.00909185 0.000112701 0.0151624 0.270557 0.00747695 0.334045 0.0676908 0.0105918 0.00380637 0.0238727 0.117518 0.0144441 0.00482118 
0.00666338 0.00372648 0.00270073 0.0261145 0.0642301 0.311589 6.56728e-05 0.00518917 0.00612304 0.0100073 0.00414385 0.0305437 0.0513531 0.0337858 0.421532 8.34679e-05 0.00738528 0.0147631 
0.0100556 0.0203864 0.0172111 0.215555 0.0974589 0.00987615 2.90438e-05 0.106481 0.00531675 0.0015561 0.00286852 0.0281546 0.290279 0.00987569 0.0999383 0.00138551 0.0107704 0.0728015 
0.00323595 0.00103664 0.00322413 0.283314 0.133701 0.00491995 9.00501e-07 0.139949 8.69187e-05 2.52733e-05 0.000265321 0.037497 0.173752 0.00212125 0.107703 0.0126755 0.0498568 0.0466352 
0.00177661 0.000578498 0.000855577 0.00802436 0.0246021 0.327969 1.2852e-06 0.0240647 0.0126588 0.297814 0.0494128 0.0367419 0.0113068 0.0107209 0.138943 0.00132698 0.00800625 0.0451964 
8.04515e-06 0.533351 0.000346608 2.49973e-05 0.0449978 0.0523846 3.33444e-06 0.0461836 0.00434575 0.00107099 0.022275 0.120552 0.144959 0.000701373 0.0242589 0.000129387 5.55028e-05 0.00435121 
7.48814e-05 0.000520621 0.0055164 0.0326533 0.00171171 0.000164103 1.94165e-07 0.288686 2.68057e-06 7.62209e-05 0.00111453 0.239517 0.324066 0.000189139 0.000973956 3.97103e-05 0.00620704 0.098487 
0.196317 0.004778 0.0109302 0.0896376 0.0447138 0.0612198 1.52359e-05 0.118458 0.00356085 0.0307597 0.00478133 0.108589 0.167441 0.0630766 0.0575409 0.00033613 0.00352016 0.0343239 
0.00883948 7.14615e-06 0.000167063 0.875905 0.0130731 0.000383717 2.46874e-06 0.00167223 5.96826e-05 5.17542e-05 4.22457e-06 0.00047366 0.0340892 0.013021 0.0180813 1.7732e-05 0.0338422 0.000309288 
0.00156602 0.000117271 0.00170499 0.00722617 0.00122823 4.14629e-05 1.78171e-06 0.0153806 2.9196e-06 0.0140161 0.000569526 0.00982548 0.0234988 0.000346675 0.00410117 5.2363e-06 0.918161 0.00220655 
0.0237438 0.00758825 0.00261142 0.148826 0.00925603 0.0117156 1.73077e-05 0.117468 0.00150401 0.00354638 0.00559316 0.206551 0.356786 0.00815236 0.0310704 0.00526197 0.0303185 0.0299905 
0.00747557 4.76767e-05 1.96132e-05 0.000635017 0.0025396 0.00541447 1.31194e-05 0.00250434 0.766221 0.01032 0.00271823 0.0365377 0.011748 0.000548933 0.0058828 0.14231 0.00288461 0.00217974 
0.362876 5.48013e-05 0.000451837 0.246938 0.0542344 0.0150541 1.18601e-05 0.0481155 0.000286962 0.000340198 0.00138367 0.0694547 0.107734 0.00657979 0.0358237 0.00681328 0.00303287 0.040814 
0.00413124 0.0391321 0.00100429 0.0668321 0.0272674 0.0185373 2.28948e-06 0.0169764 0.00128669 8.34101e-05 0.000753902 0.0672768 0.645086 0.0177604 0.0757045 2.19153e-05 0.00186857 0.0162747 
0.0166047 0.00659643 0.00250419 0.255247 0.12938 0.0154589 6.98086e-05 0.0495225 0.00181319 0.000343805 0.0111399 0.0564502 0.340778 0.022128 0.0579205 0.00825754 0.00979739 0.0159878 
4.52924e-05 0.0301684 4.89453e-05 0.029651 0.00467041 3.02727e-05 2.28662e-09 0.256456 2.94678e-05 0.000527342 0.0464149 0.158064 0.458275 9.26895e-05 0.0138468 9.93508e-07 0.000334291 0.00134475 
5.38617e-06 0.0937252 5.38545e-06 0.0334101 0.137377 0.0377136 5.3809e-06 5.3878e-06 5.38294e-06 0.0317635 0.0210059 5.38777e-06 0.0727458 0.0404034 0.531807 5.38714e-06 5.38749e-06 5.38733e-06 
0.0239189 0.00151209 0.00528905 0.0296827 0.0216429 0.180897 9.61499e-06 0.0177559 0.0198827 0.00400315 0.00349856 0.430033 0.0695077 0.0225408 0.0333861 0.0936471 0.0161915 0.0266015 
0.00903103 0.00204548 0.000280977 0.0154188 0.00820479 0.588681 1.85603e-06 0.0170933 0.000192137 0.00576032 0.000329796 0.103176 0.0583945 0.00971632 0.0355595 0.00119237 0.01397 0.130953 
0.00963135 0.0576725 0.00160055 0.0567502 0.0852865 0.12392 0.000107742 0.0130514 0.000696644 0.0142474 0.0687234 0.0920204 0.238317 0.0118348 0.171326 0.000170577 0.0245788 0.0300648 
0.0179841 0.000575191 0.0330286 0.020278 0.177618 0.124419 1.6908e-05 0.0346191 0.0210945 0.00672249 0.00137959 0.316812 0.131211 0.00311257 0.0154189 0.00163219 0.000380034 0.0936976 
0.0077103 1.72876e-06 0.000800352 0.038398 0.211645 0.360547 3.79963e-11 0.0299615 0.00114041 7.97276e-07 3.45051e-07 0.00566854 0.337205 1.48267e-05 0.00690307 4.1917e-08 5.80032e-07 1.183e-06 
0.0817111 0.000340517 0.00225587 0.564788 0.0102849 0.00114818 8.25942e-06 0.00584044 0.000850807 0.000469309 0.00033383 0.00334444 0.0449532 0.000494203 0.00182688 4.47336e-05 0.00113852 0.280167 
0.0078116 0.00244961 0.00122991 0.0575322 0.0156724 0.0121051 0.000118177 0.00967703 0.000743137 0.000478802 0.000472113 0.0939158 0.557669 0.00366878 0.0197305 0.000235852 0.00739846 0.209092 
0.00492359 0.0236133 0.0105116 0.371732 0.0880382 0.0533956 0.000157765 0.0595468 0.000404624 0.000369554 0.00235915 0.0386982 0.24662 0.000758082 0.0442706 0.000309031 0.0144103 0.0398815 
0.0282232 0.0577144 0.00127422 0.0281053 0.0478831 0.142754 0.000128996 0.0247626 0.00310539 0.0213479 0.0134778 0.228615 0.124844 0.024058 0.143142 0.0623254 0.027263 0.020976 
0.0956199 0.0162228 9.06741e-06 0.000312921 0.000664312 0.850772 3.53028e-09 4.84124e-05 7.05907e-05 7.40759e-05 3.20591e-05 0.000239288 0.00127873 0.00137757 0.000136433 3.89456e-06 5.38915e-05 0.033084 
0.00187456 0.0595521 0.000483965 0.24325 0.0437487 0.00823804 7.70807e-06 0.0474379 0.000259327 0.000955362 0.0030586 0.0943793 0.308805 0.0118391 0.0725677 0.0109824 0.0654851 0.0270745 
0.150466 0.0517422 0.00206695 0.190077 0.0300512 0.00849667 9.47856e-05 0.147438 0.00370743 0.00178194 0.0573437 0.0495698 0.120043 0.0234459 0.0352767 0.107397 0.00424011 0.0167615 
0.0804324 0.0150015 0.0040317 0.347513 0.022579 0.00621845 4.99091e-05 0.0955109 0.000207445 0.00214893 0.0252066 0.043548 0.260709 0.00259566 0.0474213 0.000165496 0.0202938 0.0263664 
0.00662209 0.00444483 0.00904372 0.0595377 0.0422853 0.115308 2.23e-05 0.252251 0.00174434 0.000140043 0.0362931 0.0608054 0.341485 0.0113956 0.0271511 0.000519877 0.00414036 0.0268095 
0.0225349 0.0307419 0.0250393 0.0510699 0.10983 0.0055757 5.99104e-06 0.395218 0.00474707 0.00650057 0.0101438 0.0170586 0.256426 0.00163193 0.0433402 4.65167e-05 0.00336258 0.0167265 
0.00128151 0.00556466 0.0820712 0.103885 0.0135174 0.00751085 1.09788e-06 0.275006 0.00167766 0.0334487 0.00192509 0.0833383 0.200072 0.00035767 0.00341194 2.75201e-05 0.0774198 0.109484 
0.130598 0.00254913 0.035955 0.343573 0.0104921 0.00256558 1.17379e-05 0.101804 0.000271817 0.000244402 0.00020505 0.019095 0.12304 0.00119616 0.0313437 6.9077e-05 0.00748232 0.189504 
0.0198143 0.000803226 0.00978932 0.291782 0.252847 0.0115204 1.46904e-05 0.0298527 0.00304788 0.00193143 0.00217816 0.129017 0.139806 0.00133689 0.0388177 6.65052e-05 0.0171557 0.0502197 
0.12321 0.010243 0.00869572 0.0576823 0.0317677 0.00713704 0.000129587 0.213139 0.00153292 0.0300245 0.0254136 0.141808 0.157746 0.00474763 0.0770616 0.020357 0.00121434 0.0880901 
0.00610049 0.0304226 6.55767e-05 0.00872458 0.00468647 0.00697924 1.56819e-06 0.0186623 0.00185529 0.00403053 0.00674641 0.0309684 0.0381108 0.0282737 0.76964 0.000583593 0.0395537 0.00459506 
0.0115615 0.0171399 0.00301785 0.119059 0.0499113 0.025766 0.000105275 0.0309539 0.00861771 0.016558 0.00360528 0.0778137 0.518376 0.0149186 0.0634446 0.00201745 0.00835783 0.0287762 
0.0011186 0.0113754 0.000181752 0.00864465 0.0747705 0.0459089 1.57577e-08 0.00498317 0.000131379 0.00803531 0.000295382 0.00516901 0.0224235 0.511935 0.297833 7.59178e-07 0.00126231 0.00593093 
0.00126995 0.00250514 0.0145027 0.160639 0.254892 0.0349667 3.47254e-06 0.0180432 0.000287475 0.000832956 5.51222e-06 0.0298995 0.342269 0.00540657 0.0456475 3.56218e-06 0.00225604 0.0865701 
0.000137501 7.05235e-05 0.00228158 0.149106 0.193448 0.000627353 3.66179e-09 0.0139064 2.70162e-05 2.22964e-07 0.00017345 0.00210425 0.565819 3.00808e-05 0.00122682 7.77204e-06 0.000159789 0.0708747 
0.075674 0.000650387 0.0163467 0.267073 0.0200531 0.0120318 5.17629e-05 0.0682884 0.000287835 0.000112149 0.000195574 0.194147 0.106551 0.00424126 0.0684032 0.00366107 0.000413464 0.161818 
0.0123274 7.37811e-06 0.000218355 0.0321912 0.0092079 0.00286074 1.81271e-08 0.00526719 0.00117412 0.00024722 0.692372 0.134746 0.00549752 0.0115471 0.03736 0.037048 0.0142251 0.00370318 
0.0158177 0.314092 2.32059e-05 0.0643252 0.00597584 0.0200697 5.5217e-07 0.0520345 0.0109854 0.00213584 0.000885628 0.134772 0.322246 0.00167104 0.0195365 0.000241677 0.000267108 0.0349202 
0.00214004 0.00225111 0.00023869 0.0416993 0.145429 0.185102 1.39574e-05 0.0155671 0.0162952 0.0122305 0.0465289 0.113261 0.32491 0.00101195 0.0571405 0.000680646 0.00714561 0.0283544 
0.0268161 0.0170809 0.000594949 0.0729532 0.138585 0.18831 9.17343e-05 0.0254332 0.000506014 0.000710452 0.000483206 0.11098 0.227097 0.0293392 0.0315021 0.000623291 0.00755657 0.121337 
0.0011136 0.0207409 0.000475639 0.0397465 0.0928405 0.00212634 2.06235e-09 0.00385097 0.00388845 0.000821062 0.000500993 0.00577374 0.104151 0.00714181 0.708125 3.03251e-05 0.00502439 0.00364835 
0.00397194 0.0206856 0.00391718 0.11577 0.159019 0.0315365 1.91015e-07 0.0757171 0.00174215 0.000315459 0.00148295 0.0533726 0.443353 0.0020358 0.0718882 0.000118704 0.000264197 0.014809 
0.00910691 0.0305527 9.68419e-05 0.272972 0.0144236 0.000751374 1.40495e-05 0.0938753 6.17149e-05 0.000242501 0.00386912 0.0235885 0.119649 0.00813331 0.391488 1.84433e-05 0.000155554 0.031001 
0.00268694 1.72331e-05 0.00140572 0.537021 0.00259515 0.000247066 1.09351e-06 0.00405012 9.52432e-05 0.00303122 0.000881515 0.0205112 0.00631164 1.27793e-05 0.000460346 1.13047e-05 0.000297441 0.420363 
0.409868 0.00259804 0.000199183 0.282723 0.0149196 0.00276451 3.65192e-06 0.0479356 8.75122e-05 0.000284566 1.59195e-05 0.0208001 0.158341 0.00241883 0.0408192 8.54888e-05 0.000288753 0.0158466 
0.0517478 0.0053395 0.0227128 0.075748 0.062869 0.127066 1.45095e-06 0.143263 0.00630115 0.000851174 0.00820168 0.161225 0.251379 0.00279737 0.0258789 0.00017698 0.00275958 0.0516819 
0.00343912 0.00108734 2.09273e-07 0.0214878 0.00654506 0.000578293 1.97566e-08 0.0107601 5.50458e-06 0.0222132 1.33736e-07 0.466632 0.0488416 0.336466 0.0159081 1.01803e-06 0.0214094 0.0446256 
0.000324268 0.00223172 1.45006e-05 0.00809005 0.017455 0.779483 7.00219e-06 0.000267314 0.00013188 0.000106081 0.000560319 0.0015876 0.11647 0.00739229 0.0603361 7.40837e-05 0.00250244 0.00296597 
0.00683262 9.80649e-06 0.674909 0.258179 0.00410528 2.81308e-05 7.53683e-09 0.0189655 3.05337e-06 0.000406119 4.83208e-05 0.00704137 0.00442349 0.00264749 0.00608974 6.98429e-05 0.0124798 0.00376114 
0.0399309 0.00204238 0.00393154 0.116378 0.0147012 0.00898521 1.08339e-08 0.0140121 0.00713271 0.0014351 0.00564776 0.230683 0.248811 0.00341116 0.00457435 1.88241e-08 0.00085101 0.297473 
0.056588 0.00265384 0.016694 0.0973833 0.0119415 0.0147053 2.9128e-05 0.48946 9.99645e-05 0.000540094 0.00206349 0.0319649 0.119865 0.0620986 0.0318262 0.00360424 0.0271836 0.0312988 
0.0394703 0.0362177 0.000366125 0.109748 0.00835516 0.0239894 3.17139e-05 0.121121 0.00854127 0.0290473 0.113084 0.142229 0.179339 0.00255969 0.106148 0.0083502 0.0193958 0.0520066 
0.105003 0.0368683 1.94911e-05 0.0319846 0.0270292 0.0143198 5.5139e-07 0.23754 3.50908e-05 0.00591686 0.147697 0.0394958 0.147593 0.0143863 0.150343 0.000192153 0.0364274 0.00514749 
0.000423804 0.000184772 3.14969e-05 0.00776777 0.00218197 0.00381572 2.3109e-09 1.02228e-05 0.000834417 0.000474745 0.120927 0.00268873 0.0148465 0.243436 0.480766 0.00233448 0.119194 8.30242e-05 
0.000424865 0.00883911 0.0300436 0.0204083 0.487584 0.00422209 1.44048e-05 0.139595 0.000209291 0.000443372 0.0182619 0.175356 0.0823097 0.0001293 0.0244263 0.000773872 1.81416e-05 0.00694054 
0.480461 0.00483227 0.000391888 0.0970963 0.00880375 0.00253884 5.42823e-05 0.0146307 7.50859e-05 0.234214 0.0167725 0.0469869 0.00790139 0.00156886 0.0246518 0.023218 0.0188599 0.0169432 
5.47157e-06 0.00876 5.47083e-06 5.47328e-06 0.253384 5.4723e-06 5.46621e-06 0.185547 5.46828e-06 0.0240651 0.028997 0.0585685 0.041605 5.4718e-06 0.384243 0.0147814 5.47291e-06 5.47274e-06 
0.0324651 0.0113162 3.35311e-05 0.678264 0.0143535 0.0023745 2.35055e-05 0.0255569 0.00054021 0.000181188 0.0083159 0.03556 0.0675193 0.0124777 0.0594056 0.0415098 0.00292462 0.00717877 
0.0262704 0.0125307 0.0107356 0.00388152 0.00483243 0.539772 2.61755e-07 0.133487 0.0190676 0.0313811 0.0240261 0.0384586 0.11033 0.000971431 0.0321092 0.000192849 0.00981743 0.00213546 
0.00331296 0.00951289 6.5835e-05 0.143773 0.123281 0.00458012 8.68505e-06 0.0530355 0.00129641 3.89846e-05 0.000224467 0.0141173 0.10941 0.0303867 0.418635 0.00214554 0.0793741 0.00680184 
0.000330467 0.0138067 0.0475254 0.00947148 0.00340472 0.124012 1.94141e-05 0.106274 0.000841353 0.199161 0.373422 0.0669575 0.0302814 0.000917519 0.0163679 0.00144159 0.000404643 0.00536102 
0.000102211 1.87508e-05 0.00017583 0.00241972 0.0100073 0.000748234 3.99757e-10 0.0273968 1.90686e-05 4.9265e-05 0.000491945 0.159611 0.583703 0.00043748 0.00584307 1.12136e-05 0.00250647 0.206459 
0.000451193 0.0753166 0.00854869 0.00693184 0.139946 0.305771 0.000182729 0.00266821 0.310283 0.00135919 0.00840404 0.0214438 0.00542044 0.00713714 0.0792289 0.00539375 0.00171045 0.0198031 
0.00159319 0.770862 5.75395e-05 0.0010223 0.00975081 0.00411589 1.24652e-08 0.000502283 1.64714e-08 0.000141534 6.82985e-07 0.105557 0.00384006 0.00420069 0.0983563 3.39196e-08 5.66484e-08 2.19473e-07 
0.0198496 0.00121313 0.000236262 0.000548436 0.0115448 0.395032 1.26504e-06 0.00143573 0.00430456 6.90877e-05 1.19058e-05 0.0999119 0.045373 0.00705488 0.035313 0.352301 0.024498 0.00130113 
0.0177983 0.0643481 0.000421051 0.101633 0.0465753 0.000437665 2.13402e-05 0.171384 0.000863328 0.000309063 0.00104027 0.128858 0.0507047 0.121125 0.291082 0.00012035 0.000147776 0.00313176 
0.000751686 0.000970781 0.000710804 0.015885 0.0164273 0.790896 0.000359911 0.00788987 0.0073025 0.000548597 0.000771507 0.0160508 0.0541272 0.00714557 0.0541455 0.00248246 0.0133921 0.0101418 
0.00333814 0.0357169 0.000161162 0.0747583 0.0873337 0.249396 6.97881e-10 0.0840189 0.0261422 0.0196516 0.00504238 0.0379476 0.0534833 0.00699833 0.261097 0.000180205 0.000783943 0.0539502 
0.0178506 0.000160521 6.49655e-05 0.873171 0.00789751 0.000725274 7.88433e-07 0.0056521 0.000222217 0.000221606 0.000293421 0.0035822 0.0506251 0.00783343 0.00990958 3.5003e-05 0.0019438 0.0198109 
0.145566 0.0017413 0.362597 0.0667313 0.0167081 0.0010363 1.27388e-08 0.201999 9.06529e-05 0.000936845 0.00011253 0.0347862 0.107655 0.000593681 0.00876352 0.00208566 0.00180794 0.0467889 
0.00241158 0.177697 9.21044e-06 0.115196 0.0892376 0.0446243 4.23903e-09 0.0732599 0.00402167 0.00328084 0.00229659 0.0966321 0.144208 0.0154231 0.224332 0.000794572 0.00582228 0.000753438 
0.000420393 3.5719e-05 0.00194104 0.00382147 0.0527707 0.0619215 3.81653e-07 0.0131418 0.000989527 3.92269e-05 0.000247478 0.00116928 0.026421 0.00767791 0.274527 1.24496e-06 0.00146424 0.55341 
0.00972249 0.00856986 0.00119747 0.183249 0.00583384 0.00056982 1.59561e-07 0.0215235 1.30967e-06 0.000136465 0.000555042 0.00622761 0.0148121 0.13467 0.593327 0.000134402 0.0111799 0.0082901 
0.0226732 0.0962378 0.000897526 0.0787912 0.016042 0.00930721 7.73254e-06 0.0192028 0.000425999 0.00589552 0.00204967 0.0197385 0.0603628 0.0982135 0.535434 0.0013263 0.0267546 0.00663966 
0.000917368 8.95419e-06 0.000205058 0.00172145 0.0119335 0.000153046 4.79385e-11 0.00498277 2.34801e-08 0.000213211 0.00160899 0.0016815 0.0346301 0.0526192 0.803737 1.51049e-05 0.0678011 0.0177723 
0.027455 0.0205894 0.00498353 0.165447 0.0505142 0.00593298 0.00106818 0.127942 0.00191813 0.00311967 0.0107465 0.0902447 0.374683 0.0063859 0.0528806 0.00506246 0.0113228 0.0397049 
0.0342122 0.150454 0.00377054 0.0511493 0.0593448 0.0791596 1.22875e-07 0.0151748 0.0105591 0.0026715 0.00887971 0.0166001 0.131638 0.0135586 0.0706217 0.00156244 7.64651e-05 0.350567 
0.299527 0.00196625 0.00205779 0.208187 0.0210622 0.00931393 1.96734e-05 0.0261395 0.00108937 0.0022607 0.00145986 0.0552898 0.204098 0.00955757 0.0402565 0.000455202 0.0361727 0.0810868 
0.889575 0.000208356 0.000128347 0.0240175 0.00178188 0.00106907 7.08848e-06 0.0103999 3.70892e-05 0.00040007 0.0014443 0.0331876 0.00803235 0.000273539 0.000956026 0.0247856 0.000668055 0.00302832 
0.215696 0.00368032 0.00377301 0.0750225 0.0176127 0.0288067 0.000290097 0.0601636 0.00125867 0.00245536 0.00268701 0.0438404 0.327922 0.0146966 0.0303433 0.0392761 0.0162129 0.116263 
0.0178506 0.000160521 6.49655e-05 0.873171 0.00789751 0.000725274 7.88433e-07 0.0056521 0.000222217 0.000221606 0.000293421 0.0035822 0.0506251 0.00783343 0.00990958 3.5003e-05 0.0019438 0.0198109 
0.0316259 0.000164338 0.00330075 0.4778 0.0104567 0.00252311 7.50264e-06 0.00557123 0.00168832 0.00127997 0.000405186 0.0436264 0.0407684 6.94342e-05 0.000885415 8.55978e-05 0.000337364 0.379405 
0.00350821 0.0415035 9.74102e-07 0.0643206 0.181727 0.164279 9.73279e-07 0.0191017 9.73649e-07 0.00185084 9.73972e-07 0.0879027 0.0837188 0.114478 0.237212 9.74409e-07 0.000390763 9.74442e-07 
0.0315267 0.0156398 0.00224047 0.0702757 0.0165048 0.00299729 5.44836e-05 0.258707 0.000386257 0.000475343 0.000767306 0.101659 0.190174 0.00889169 0.247466 0.000108053 0.00108093 0.051045 
0.249015 0.00091173 0.00132571 0.0648342 0.00931373 0.00726239 1.19543e-06 0.00655364 4.13146e-05 0.00179238 0.000138953 0.0255864 0.0446016 0.0360434 0.274149 0.000314797 0.276453 0.0016617 
0.0544435 0.00165018 0.00408694 0.19702 0.0259592 0.00887588 2.26389e-06 0.20302 0.00078445 0.000218897 0.0164115 0.292508 0.16289 0.0011141 0.00790235 0.00461859 0.00828088 0.0102132 
4.18762e-05 0.010902 1.15702e-06 7.65189e-06 0.0505696 0.274777 3.96669e-08 0.068286 0.00185042 0.0113042 0.00494762 0.286321 0.00857765 3.08565e-05 0.277766 4.76504e-06 5.59026e-07 0.0046113 
0.000185912 0.0108918 0.000169576 0.00248487 0.00978725 0.00648544 1.60755e-11 0.0251378 0.000896961 0.000258137 0.0497174 0.513753 0.359905 0.000308568 0.00454846 5.90416e-05 0.000582188 0.0148292 
0.0645676 0.00169532 0.000357819 0.050906 0.0187695 0.00631914 2.80348e-05 0.00961747 0.0426713 0.00182471 0.00036683 0.0367163 0.195446 0.000142688 0.00577059 0.000839356 8.13128e-05 0.56388 
0.0204433 0.00765377 0.089645 0.206146 0.0167595 0.00232841 0.000354631 0.301079 0.000411211 0.00116957 0.00230579 0.0574268 0.193423 0.00293581 0.0173011 0.00234917 0.0117375 0.0665304 
0.179607 0.00061868 0.35566 0.0144779 0.0590002 0.0245496 6.15593e-06 0.0333216 0.000797188 2.85744e-05 0.00138615 0.203644 0.0782729 0.000690975 0.00200823 0.0175196 0.00202524 0.0263863 
0.317157 0.000944024 0.000349489 0.0299341 0.0171371 0.0304506 4.01417e-05 0.0590162 0.000644181 0.0215304 0.0143738 0.150893 0.111147 0.0317895 0.0600956 0.0161827 0.124743 0.013571 
0.0049983 0.000485279 0.127525 1.78895e-05 0.0146368 0.0700879 1.02554e-05 0.183492 0.000464619 0.00437499 0.454044 0.090816 0.0142513 0.014148 0.0041872 0.000199671 0.0157868 0.000473247 
0.0454421 0.169242 2.77685e-05 0.545311 0.0206138 0.0155953 2.162e-06 0.00201546 0.00207143 0.00602286 2.46098e-05 0.00296501 0.0790883 0.0266159 0.0706095 0.000418654 0.012678 0.00125627 
0.0473663 0.0153405 9.96233e-05 0.17554 0.0113696 0.0382735 3.23299e-06 0.16747 0.000973215 0.00928148 0.307059 0.0244418 0.115248 0.0248321 0.0407127 0.000128406 0.0200047 0.0018559 
0.000173955 0.0100665 0.0862149 0.000852008 0.0522898 0.0153631 1.97487e-05 0.0643389 0.0062564 0.0196336 0.00506838 0.00112808 0.714833 0.00116663 0.0191291 3.31632e-05 0.00220597 0.00122706 
0.000580395 0.00139418 0.00147483 0.0349314 0.00179709 0.0125929 2.37199e-09 0.00647679 0.000127969 0.0120994 1.24316e-05 0.00708777 0.0996749 0.0456583 0.559759 1.93964e-05 0.174476 0.0418373 
0.0470013 0.0156907 0.0811201 0.122976 0.0157752 0.0057228 1.39981e-05 0.30436 0.000827986 0.000571956 0.0336693 0.141829 0.17323 0.00212666 0.0253886 0.00310412 0.00574127 0.0208508 
0.102429 2.22707e-05 0.00012164 0.00114408 0.00345859 0.00569721 1.67109e-07 0.017488 0.774954 4.24945e-05 0.00162624 0.030834 0.00329225 0.00638853 0.0122975 0.0329176 0.00370182 0.00358499 
0.0109638 0.00623926 0.00728492 0.12277 0.0683548 0.0382921 3.53413e-05 0.00983269 0.000208941 0.000195703 0.000459182 0.0420424 0.0808425 0.0032327 0.0228357 0.000136984 0.00693471 0.579338 
0.0213851 0.00687186 0.002048 0.0630668 0.305144 0.138693 3.22254e-06 0.025664 0.00208303 0.00415042 0.0855408 0.0283193 0.108349 0.00958687 0.165893 0.00037212 0.0188161 0.0140135 
0.000902125 0.00137125 0.000472661 0.036343 0.038488 0.00962376 3.80542e-06 0.424063 0.00027256 0.000258372 0.00050682 0.122358 0.255353 0.00760243 0.0501496 9.83578e-06 0.00963403 0.0425877 
0.0116737 0.00167793 6.72297e-05 0.561885 0.277548 0.0012507 4.35489e-06 0.00546003 0.000368383 3.9746e-05 4.88455e-05 0.0069195 0.101673 0.00437665 0.0148339 3.10646e-05 0.00680371 0.00533807 
0.0865723 0.00166775 0.00236082 0.0788191 0.0153334 0.00305806 0.000493613 0.137824 0.00104309 0.00412636 0.00669714 0.364887 0.234926 0.00277203 0.014867 0.0189155 0.0104245 0.0152117 
0.000793788 0.593183 0.000133116 0.0416165 0.0203441 0.00278308 2.12574e-10 0.041173 0.000473308 0.000356836 0.0198857 0.0181066 0.0851208 0.00135367 0.163823 5.47106e-05 0.0105252 0.000273836 
0.0663945 0.00964382 0.00133088 0.0161691 0.0111628 0.0236613 3.04883e-05 0.0165759 0.138141 0.000271356 0.0861283 0.239758 0.0245999 0.00553199 0.010143 0.342003 0.0025186 0.00593573 
0.000539552 0.00033085 2.85729e-05 0.0462331 0.00299965 0.00405973 2.08101e-06 0.00403878 0.000266293 0.000416738 0.00384713 0.00377082 0.0243014 0.220558 0.442422 0.000388686 0.244671 0.00112594 
0.0321877 0.01903 0.00210771 0.220911 0.00421413 0.00877506 2.62447e-05 0.0100083 9.50404e-05 0.00208776 0.0025741 0.417129 0.0715858 0.00205732 0.0294009 0.0134902 0.00091369 0.163406 
0.0537406 0.00978828 0.000200964 0.0554404 0.0159619 0.00848252 6.70462e-05 0.086542 0.00634049 0.000502388 0.00880052 0.195087 0.0272818 0.00407913 0.0177265 0.507701 0.000243471 0.00201443 
0.00402914 0.00451016 1.7847e-07 6.15713e-06 0.176323 0.618192 2.06713e-10 0.00399285 0.000219891 1.45764e-06 6.30872e-07 0.0219436 0.0758332 0.044926 0.0497321 2.92803e-05 1.0604e-06 0.00025957 
0.200706 0.0361629 0.0275326 0.0164851 0.0285572 0.536899 6.36338e-05 0.00619872 0.00192998 0.000343772 0.00363206 0.030941 0.0238072 0.0192802 0.0255037 0.0175484 0.00649299 0.0179156 
0.0131544 0.000801633 1.42666e-05 0.00695703 0.00223232 0.0286981 1.30142e-05 0.000346674 0.00429959 0.00151485 0.724484 0.0428747 0.00052066 0.00569063 0.0441597 0.102475 0.0199525 0.00181143 
0.00851959 0.0410183 0.0168002 0.0445674 0.092098 0.00385355 0.000170268 0.594522 0.000381826 0.00200084 0.00746801 0.0503876 0.0311615 0.000951244 0.0376371 0.0201682 0.00866772 0.0396267 
0.00963619 0.000172351 0.0108545 0.0866536 0.00416157 0.00644145 4.04493e-06 0.0186752 0.000415384 0.663585 0.000123362 0.0625476 0.0165318 0.00216116 0.0548486 9.83428e-05 0.055848 0.00724194 
0.00749639 0.0159506 0.00272405 0.0357529 0.0327752 0.0266614 2.88482e-05 0.0151196 0.00168101 0.00190636 0.00318777 0.0145852 0.0631134 0.037267 0.680793 0.00127904 0.048119 0.0115596 
0.0105249 0.00115946 6.66369e-05 0.861029 0.016244 0.000658221 4.24966e-07 0.00642544 0.000164877 0.000132704 0.00116424 0.00256409 0.0660499 0.00495708 0.00849116 1.87594e-05 0.00157363 0.0187754 
0.00148957 0.00474141 7.42125e-05 0.016935 0.00195746 0.00195899 3.12291e-07 0.00196328 9.0348e-05 0.000215473 4.09342e-05 0.00288422 0.0156136 0.0227677 0.927869 2.18968e-05 0.000804776 0.000571948 
1.64271e-08 0.0436008 2.45596e-05 0.801392 0.00106152 0.00451159 2.30082e-09 0.0340027 1.24124e-05 0.00825082 0.000751056 0.00377649 0.0307227 0.0256872 0.043609 7.00025e-07 0.00245775 0.000138417 
0.152881 0.10335 0.00204037 0.129116 0.128145 0.0389456 6.69441e-05 0.0757142 0.00113695 0.000692205 0.00173273 0.235543 0.0452626 0.000277776 0.0480551 0.020685 0.013469 0.00288658 
0.00507405 7.54663e-05 0.697967 0.206236 0.00432979 0.000347769 3.55019e-08 0.0258065 6.2647e-05 0.000287446 2.55938e-05 0.0113278 0.0242948 0.0017268 0.00556662 7.41522e-05 0.0122165 0.00458108 
0.00597678 0.0205913 0.00676409 0.0635132 0.0255018 0.0160985 8.59646e-06 0.0909677 0.00124232 0.0114598 0.0525426 0.0887056 0.479862 0.00286108 0.072809 0.00879435 0.0227816 0.0295194 
0.00330323 0.00831327 0.153614 0.050237 0.0190255 0.00369329 2.26207e-06 0.464715 0.000293359 0.00341206 0.00674731 0.0711749 0.129545 0.00301897 0.0187512 9.13735e-05 0.00239438 0.0616678 
0.0226287 0.0523361 0.000194439 0.0358437 0.0105724 0.0300476 1.49211e-06 0.103759 0.1745 0.0014777 0.0409635 0.392729 0.0807981 0.000241028 0.0460337 0.00337437 0.000207454 0.00429128 
0.0772292 0.00105127 0.00862905 0.16349 0.0266766 0.00500484 1.02489e-06 0.0823964 7.03083e-05 0.00111042 0.000202886 0.030159 0.127804 0.00218807 0.0123305 2.81785e-05 0.00162557 0.460002 
0.000430107 0.00115756 0.000562505 0.13289 0.0596358 0.0139667 2.13977e-10 0.0292995 6.47304e-05 4.78721e-09 0.000421015 0.039541 0.16391 0.0402136 0.41317 1.98604e-07 0.0359286 0.0688086 
0.0269669 0.336319 0.00222996 0.0545123 0.0900654 0.0262713 4.31072e-06 0.0363335 0.00073832 0.00888544 0.00433816 0.0182991 0.0509119 0.0101824 0.306132 0.00280599 0.0131848 0.0118191 
0.0201881 0.0617813 0.00152425 0.0393386 0.255076 0.067083 7.33635e-08 0.0613824 0.000636743 0.000320107 0.110234 0.0130815 0.238029 0.004722 0.110833 1.5894e-05 0.0096537 0.00610125 
0.00111769 0.05847 2.29054e-06 3.61014e-06 6.34023e-06 0.364485 4.82104e-09 0.0201937 0.00755162 0.0573646 0.0329352 2.35301e-05 0.264759 1.6311e-06 0.191613 0.000169233 0.00130013 3.20748e-06 
0.0032971 0.0010788 0.00177053 0.101557 0.264492 0.129711 5.59392e-06 0.0156992 0.00741564 8.82087e-05 0.0101447 0.00779919 0.0103321 0.00945264 0.267491 6.23086e-05 0.164214 0.00538961 
0.00146707 0.0280558 9.38254e-06 0.162925 0.0264906 2.02642e-05 2.51153e-07 0.121576 6.53811e-06 3.41799e-05 0.00373629 0.0613566 0.545208 0.00142577 0.033065 2.2446e-06 0.00192796 0.0126931 
0.000226135 1.59699e-05 0.00180907 0.0018764 0.000384011 0.00118705 4.46551e-07 0.000219696 0.000113086 0.990829 2.13232e-05 0.000472527 0.000851281 0.000134739 0.00166078 8.8855e-06 0.000161315 2.78745e-05 
0.000684792 0.0319683 0.00102465 0.0422416 0.166284 0.0099616 4.89584e-05 0.0880894 0.00493613 0.00198393 0.0638122 0.11132 0.309513 0.00379373 0.11742 0.00346705 0.0254659 0.0179845 
0.00366733 0.000711055 0.000142657 0.000899422 5.68306e-05 0.00038679 1.0278e-07 0.000523302 7.02715e-06 0.943979 0.000101985 0.00103413 0.0118477 0.000254008 0.034704 1.64163e-05 0.000412534 0.00125593 
0.000159235 0.000232114 0.000697037 0.154627 0.0129284 0.0111605 6.77197e-09 5.60665e-08 3.99582e-05 0.000267941 7.11116e-09 1.11649e-08 0.0333668 4.41781e-05 6.32144e-05 3.82459e-05 4.20159e-05 0.786334 
0.0195928 0.000174452 0.0010362 0.116322 0.0640934 0.0682254 1.04449e-05 0.0144029 0.00136189 0.00108001 0.0181561 0.499376 0.0647509 0.0167986 0.0569993 0.0289193 0.00728929 0.021411 
0.0104596 4.85666e-05 0.0183539 0.141656 0.0323123 0.000139295 3.29089e-07 0.686241 6.33418e-07 0.000716385 0.000143727 0.0558103 0.0218778 0.00132152 0.00289294 8.67621e-06 0.000559692 0.0274574 
0.0113158 0.0575402 0.00835723 0.0672752 0.058309 0.0205624 3.49922e-05 0.0317954 0.00106943 0.00462689 0.0058105 0.025881 0.0676616 0.0449274 0.469453 0.00185105 0.0623815 0.0611469 
0.000288285 0.0109592 0.0013225 0.313835 0.0600592 0.258635 2.03001e-05 0.0048782 0.000926249 0.00047025 0.000890648 0.00743726 0.141816 0.014434 0.0636647 4.56155e-05 0.0047289 0.115589 
0.0528334 0.00646324 1.68425e-05 0.0396055 0.012266 0.0101608 6.95155e-06 0.232414 0.0784871 0.0129115 0.00173148 0.0647304 0.19414 0.00475207 0.120819 0.151162 0.000266034 0.0172333 
4.8233e-07 2.14807e-05 0.0042069 0.88662 0.0410769 0.000879664 4.21329e-09 0.0257083 6.94416e-09 2.12599e-05 2.66518e-05 0.00118688 0.0202618 0.00050813 0.00567247 1.32691e-05 5.80415e-07 0.0137956 
0.00268953 0.0730448 0.00406327 0.0137398 0.00805737 0.0117793 1.85148e-05 0.0490714 0.00155281 0.000741799 0.0179645 0.696379 0.0751983 0.00304958 0.022645 0.00089613 0.00136929 0.0177398 
0.455496 0.0332159 8.94958e-05 0.0018907 0.0118087 0.135675 1.52011e-06 0.00607403 0.00725482 0.00257244 0.000111262 0.251879 0.00610265 0.000503869 0.0492856 0.0298885 0.00286117 0.00528976 
0.014198 0.161085 5.34273e-06 0.0794285 0.0734401 0.00582398 4.00743e-07 0.00514057 0.000616719 0.0374192 0.00397585 0.022571 0.0527189 0.035427 0.493686 1.36346e-06 0.00186988 0.0125918 
0.285256 0.00711241 0.00116411 0.122497 0.0305229 0.00583815 3.26515e-05 0.0149725 5.26501e-05 0.309969 0.00949904 0.0418338 0.0152367 0.0134904 0.0773252 0.014215 0.0347284 0.0162538 
0.000226135 1.59699e-05 0.00180907 0.0018764 0.000384011 0.00118705 4.46551e-07 0.000219696 0.000113086 0.990829 2.13232e-05 0.000472527 0.000851281 0.000134739 0.00166078 8.8855e-06 0.000161315 2.78745e-05 
0.00847934 0.00859537 9.96207e-06 0.024816 0.0504749 0.0128657 4.9559e-09 0.190902 7.71595e-05 1.00059e-06 1.96737e-06 0.0357946 0.609743 1.90792e-05 0.0575239 1.36865e-06 5.22055e-07 0.000693532 
