4.39802e-05 0.0105064 9.85647e-06 0.686351 0.0303123 0.0467783 2.32753e-06 1.83205e-07 2.10959e-05 2.92604e-05 0.000102907 0.00039026 0.140799 0.000581024 0.0179964 5.43531e-06 0.000755106 0.065315 
2.88043e-07 0.00311375 0.000438489 7.29604e-06 0.194521 0.284672 3.22187e-07 3.69884e-08 0.00100255 8.2772e-07 1.11128e-07 0.50978 3.12188e-06 0.0010645 0.00479803 0.00058439 6.96483e-08 1.30648e-05 
1.04266e-07 0.734456 1.19754e-11 6.12824e-07 0.00114736 6.41671e-12 2.89118e-11 3.06871e-12 2.12534e-11 2.16205e-07 3.93953e-08 5.37302e-09 2.21954e-07 0.00144955 0.262946 1.04521e-08 6.79685e-08 4.81622e-12 
1.04266e-07 0.734456 1.19754e-11 6.12824e-07 0.00114736 6.41671e-12 2.89118e-11 3.06871e-12 2.12534e-11 2.16205e-07 3.93953e-08 5.37302e-09 2.21954e-07 0.00144955 0.262946 1.04521e-08 6.79685e-08 4.81622e-12 
2.60694e-05 1.12923e-07 2.94593e-05 2.84612e-05 4.23639e-09 0.957437 2.1957e-08 2.33052e-09 0.00386013 1.55977e-05 0.00567546 6.57452e-05 0.00290531 2.4906e-05 0.0291343 1.72143e-05 0.000751542 2.90294e-05 
4.37001e-05 0.000395978 3.32657e-07 0.00436845 0.0445543 0.763277 0.0123765 8.52441e-08 0.000135916 0.000543532 0.000131374 8.77451e-08 0.0491054 6.6334e-05 0.000335016 1.52732e-07 1.1654e-07 0.124666 
8.57941e-07 8.51636e-07 1.12343e-06 0.000422594 0.00345434 0.994799 2.71226e-06 2.87881e-07 1.99381e-06 2.06943e-06 1.36828e-06 2.96327e-07 0.000892506 7.75184e-07 0.000378682 5.15796e-07 3.97506e-05 4.51817e-07 
0.00150211 0.000102228 1.33776e-07 8.5986e-07 0.00705674 0.968788 0.000197907 4.57899e-08 3.38541e-05 1.96524e-07 8.91065e-05 0.000322797 0.0090424 0.00037346 0.0120474 0.000278145 1.32439e-06 0.000163633 
0.00214865 7.9939e-06 5.39707e-06 0.000260238 0.0106235 0.948448 0.00635271 1.60168e-09 0.0068594 2.95339e-05 7.61272e-09 0.000813898 0.0202613 3.2214e-06 0.00247659 0.00124124 2.48625e-06 0.000466 
3.7998e-06 0.0462392 5.48524e-09 0.00219919 0.0908195 0.146732 0.000108994 1.4056e-09 9.9689e-07 1.01042e-08 0.002137 0.0318459 0.000700011 0.091255 0.438519 0.000127129 0.0426263 0.106686 
8.96431e-07 9.04672e-07 5.4789e-07 2.39031e-07 0.018645 2.49459e-06 2.1728e-06 5.01244e-11 3.47153e-10 9.37189e-07 2.38239e-10 0.415179 2.38264e-07 0.566151 1.48032e-05 8.98078e-11 6.85265e-11 1.3925e-06 
2.10687e-06 0.94042 0.000169709 9.86035e-05 0.000513254 0.000553126 6.66057e-06 7.06956e-07 0.00146169 5.08195e-06 3.36013e-06 0.00381357 0.0481532 1.90364e-06 0.00479364 1.26665e-06 9.665e-07 1.10954e-06 
7.093e-07 0.00317214 2.46011e-07 1.84936e-06 0.0404214 0.859471 0.00170557 1.08673e-11 3.56764e-06 7.03151e-07 1.75667e-07 1.65566e-07 0.0286254 0.00076642 0.00066985 5.45381e-08 1.4857e-11 0.0651612 
1.36069e-09 1.35069e-09 1.05141e-05 1.67872e-07 0.0112801 0.80315 4.94732e-05 4.56579e-10 3.16218e-09 3.61361e-06 1.49758e-05 0.181377 0.00358416 1.22944e-09 3.28603e-06 3.84566e-06 0.000500487 2.2358e-05 
0.0102674 9.98153e-11 1.3167e-10 0.0479295 0.000147615 0.0100477 9.043e-08 3.37408e-11 0.00169086 0.00746743 1.60369e-10 3.47308e-11 0.00597162 0.362998 0.35298 8.41867e-08 0.2005 5.29548e-11 
3.03455e-05 2.3598e-05 1.59239e-05 0.000768642 0.000400244 0.993273 3.39426e-05 3.67583e-10 3.64077e-05 8.72007e-05 1.7471e-09 5.59609e-05 0.000328892 9.50306e-06 1.83136e-05 0.00353463 7.33749e-06 0.00137638 
1.16035e-05 7.88378e-06 1.05792e-06 2.55946e-06 0.0336907 0.31359 8.5109e-10 9.03351e-11 2.06526e-06 0.647802 4.29358e-10 0.00482358 4.52696e-06 8.9031e-06 4.28743e-05 1.42447e-06 2.23547e-06 8.96045e-06 
6.61057e-05 2.68534e-05 1.96687e-08 6.14676e-05 0.000434283 0.998641 0.000199486 5.04015e-09 0.000272311 3.6231e-08 2.41952e-06 6.95246e-05 1.45842e-05 2.17284e-05 9.24242e-05 9.03043e-09 6.89053e-09 9.73047e-05 
2.83371e-10 2.67252e-06 3.71059e-10 3.48818e-07 1.43807e-05 0.937545 8.95839e-10 9.50847e-11 2.17384e-06 8.20903e-07 4.51933e-10 2.55462e-06 3.10954e-06 8.91035e-06 0.0609265 1.70363e-10 1.29993e-10 0.00149329 
0.00115267 3.46817e-08 2.54025e-11 7.93866e-08 0.0154249 0.927606 0.00762642 6.50945e-12 0.0447712 4.67931e-11 1.81273e-05 8.97923e-08 1.88358e-08 8.7022e-05 0.00150415 1.1663e-11 8.89925e-12 0.00180979 
0.0001808 2.70524e-06 0.000279928 1.14831e-05 0.0001666 0.998195 8.61556e-06 9.1446e-07 3.3135e-05 6.57358e-06 4.34638e-06 0.000192293 0.000248574 2.46239e-06 2.20548e-05 1.63844e-06 6.12093e-05 0.000581479 
0.000116756 0.642193 4.17614e-12 0.00147843 0.000299959 1.02425e-05 1.00823e-11 1.07014e-12 7.11551e-09 7.14904e-09 1.17582e-09 9.36478e-05 0.000332217 0.0613706 0.294061 1.27495e-06 4.27328e-05 4.98041e-08 
0.000192019 0.00133808 3.06486e-06 5.19593e-05 0.0106691 0.981937 7.9268e-05 2.59296e-07 3.2766e-05 1.86395e-06 7.19048e-06 0.000874078 0.000100288 0.000112088 0.00353215 0.000249306 9.34476e-06 0.000809967 
8.96431e-07 9.04672e-07 5.4789e-07 2.39031e-07 0.018645 2.49459e-06 2.1728e-06 5.01244e-11 3.47153e-10 9.37189e-07 2.38239e-10 0.415179 2.38264e-07 0.566151 1.48032e-05 8.98078e-11 6.85265e-11 1.3925e-06 
2.36228e-07 7.6864e-05 9.84701e-08 0.00188924 0.057577 0.89973 7.12862e-07 1.80109e-11 0.00457453 1.29471e-10 8.64611e-09 0.00295674 0.000161613 0.00111818 0.0277766 7.10267e-08 3.37363e-07 0.00413818 
0.000283228 0.00730061 0.00186025 0.0179299 0.178671 0.579771 1.46997e-06 8.6344e-10 1.13253e-05 2.23694e-06 0.000775835 6.24639e-07 0.0482343 0.0031198 0.159247 1.54703e-09 1.60406e-06 0.00278945 
5.59288e-09 0.706582 6.09525e-12 0.00022819 1.1604e-08 3.26599e-12 1.47156e-11 1.56192e-12 1.08176e-11 1.15988e-08 7.42374e-12 1.60775e-12 5.95117e-05 0.00217256 0.290958 5.62745e-10 3.64507e-09 2.45137e-12 
0.00316573 6.99358e-08 0.00059939 0.260602 0.0995211 0.297944 1.00593e-07 8.06248e-09 0.000981991 0.000904766 5.85141e-08 0.028161 0.0850934 0.00241364 0.0125755 5.21161e-08 2.17456e-08 0.208038 
2.60694e-05 1.12923e-07 2.94593e-05 2.84612e-05 4.23639e-09 0.957437 2.1957e-08 2.33052e-09 0.00386013 1.55977e-05 0.00567546 6.57452e-05 0.00290531 2.4906e-05 0.0291343 1.72143e-05 0.000751542 2.90294e-05 
1.63293e-05 0.34614 0.000191774 0.000139689 4.17975e-05 0.291796 3.52479e-05 7.66985e-06 0.011301 3.36214e-05 0.0013533 1.81846e-05 0.0285956 6.00045e-05 0.31733 1.44607e-05 0.000215144 0.00270989 
5.59288e-09 0.706582 6.09525e-12 0.00022819 1.1604e-08 3.26599e-12 1.47156e-11 1.56192e-12 1.08176e-11 1.15988e-08 7.42374e-12 1.60775e-12 5.95117e-05 0.00217256 0.290958 5.62745e-10 3.64507e-09 2.45137e-12 
7.99927e-09 7.94049e-09 1.04746e-08 0.0174498 0.0003435 0.266939 2.52886e-08 2.68415e-09 0.401717 0.312746 1.27576e-08 4.44854e-05 6.19867e-05 0.000275381 0.000338219 2.11652e-05 2.38559e-05 4.04457e-05 
0.000149896 1.3197e-07 0.00137613 0.000198158 0.052175 0.914104 0.000127889 4.46102e-08 0.000231585 1.42146e-05 0.000257435 0.00261487 0.000182689 0.00297753 0.0212051 7.9928e-08 6.09878e-08 0.00438568 
1.06893e-06 0.169018 5.27133e-06 0.00599182 0.0273561 0.218976 0.000694444 4.24461e-09 1.29488e-05 3.37684e-07 4.55149e-09 0.0468826 0.10188 2.61911e-05 0.001509 2.67064e-06 1.76566e-07 0.427643 
3.52895e-07 3.50302e-07 4.62097e-07 0.00118355 0.00221729 0.00205536 1.11563e-06 1.18413e-07 8.2011e-07 8.51214e-07 5.62813e-07 1.21888e-07 0.000409934 3.18855e-07 0.993087 2.12161e-07 1.61886e-07 0.00104092 
2.03789e-06 0.0887811 3.29533e-07 0.000921766 0.017736 0.00643313 7.95582e-07 8.44435e-08 1.62262e-06 1.01158e-05 4.01356e-07 5.58807e-06 0.00448955 0.850055 0.0309703 2.52131e-06 0.000589959 1.32531e-07 
0.00015618 1.82776e-05 5.76277e-08 5.9508e-05 2.68436e-08 0.826558 0.00131918 1.47672e-08 5.00354e-05 0.00590324 6.07542e-05 1.67828e-05 1.9376e-05 3.97641e-08 0.16582 2.64584e-08 2.01887e-08 1.85173e-05 
0.000249582 7.18968e-05 0.223008 0.102651 0.0720057 3.25965e-05 1.94901e-05 9.9158e-09 6.86751e-08 7.12796e-08 0.557044 3.17979e-05 0.0175774 0.0100263 3.77368e-05 1.77661e-08 6.76863e-06 0.0172365 
0.000261405 0.000106188 7.77768e-08 0.000243064 0.0017173 0.994628 0.000788838 1.99305e-08 0.00107681 1.4327e-07 9.56761e-06 0.000274924 5.76711e-05 8.59215e-05 0.000365477 3.57094e-08 2.72475e-08 0.000384776 
0.000150588 0.00011963 8.82429e-05 0.00352028 0.00183835 0.985109 0.000192445 3.94504e-06 0.000193882 0.000427305 1.87506e-05 0.000260089 0.00150677 5.40964e-05 8.65166e-05 8.75205e-05 3.89613e-05 0.00630336 
0.000100149 4.14049e-08 5.46189e-08 0.00132438 0.00219567 0.989334 1.31865e-07 1.39962e-08 5.82581e-05 1.00612e-07 6.65233e-08 0.00030832 0.00124153 0.0040138 0.00131036 2.5077e-08 0.000112913 2.19664e-08 
3.9974e-06 4.96452e-06 0.0278689 0.0146018 0.0606954 0.453022 2.59714e-06 6.12448e-11 2.01062e-05 3.96275e-06 9.90009e-07 6.30417e-11 0.39825 1.27001e-06 0.00361995 1.09732e-10 8.37295e-11 0.041904 
0.000286298 0.0730297 4.87665e-09 4.83972e-06 0.00595877 0.918332 1.17736e-08 1.24965e-09 0.00235157 8.98312e-09 9.79303e-06 4.88808e-06 2.60107e-06 4.46996e-06 4.26893e-06 2.46184e-06 9.54038e-08 8.44047e-06 
0.0150749 0.0187221 0.00522853 0.0393048 0.0331681 0.227759 0.00979428 2.30965e-07 0.0758238 0.0149442 0.0037335 2.37741e-07 0.0475261 0.483733 0.00194994 4.13819e-07 3.15758e-07 0.0232359 
9.3641e-07 7.28326e-07 4.91864e-07 2.37036e-05 0.0282268 0.855732 0.000477537 2.17064e-10 1.12417e-06 0.00092017 1.03169e-09 0.00163904 1.01425e-05 0.000136735 0.000509184 0.00300342 2.26555e-07 0.109318 
3.2882e-05 0.864865 2.84973e-12 0.000228166 6.73527e-09 9.47052e-10 6.88002e-12 7.30249e-13 7.1227e-09 6.73129e-09 1.17577e-09 7.36337e-09 0.000498308 0.0156509 0.118723 1.90471e-06 2.11555e-09 1.1461e-12 
1.75869e-05 0.0112444 7.93548e-08 0.000249838 0.0444729 0.818545 0.000121677 2.03348e-08 0.000384213 0.00168605 1.21056e-05 0.000446424 0.00464549 0.0159781 0.0997774 3.64339e-08 2.85873e-07 0.00241818 
8.96562e-11 0.00320546 1.174e-10 2.20947e-08 1.40549e-06 0.926759 2.83436e-10 3.0084e-11 9.16792e-06 0.00126218 1.60161e-06 5.30461e-06 2.35155e-06 3.40315e-07 2.26282e-06 1.01341e-06 3.29442e-08 0.0687502 
3.64091e-07 1.93193e-05 4.42408e-05 6.32769e-05 0.000540445 0.976033 1.15102e-06 1.2217e-07 0.0220763 8.78219e-07 5.80669e-07 9.8247e-05 1.28922e-05 0.000310937 0.000466244 3.17942e-05 0.0001502 0.0001498 
3.3615e-10 1.20158e-06 4.40171e-10 2.04784e-06 0.0929416 1.89158e-05 0.00747671 1.12795e-10 7.81196e-10 8.10823e-10 1.07275e-06 0.0720047 0.0763113 1.03297e-06 5.69837e-07 5.66068e-07 1.6978e-07 0.75124 
9.33663e-07 9.26802e-07 1.22258e-06 0.000388542 0.997957 0.000311129 2.95165e-06 3.1329e-07 0.000287823 2.25208e-06 1.48905e-06 3.22481e-07 7.97117e-05 0.000134116 0.000690874 5.61321e-07 0.000139516 4.91695e-07 
5.59288e-09 0.706582 6.09525e-12 0.00022819 1.1604e-08 3.26599e-12 1.47156e-11 1.56192e-12 1.08176e-11 1.15988e-08 7.42374e-12 1.60775e-12 5.95117e-05 0.00217256 0.290958 5.62745e-10 3.64507e-09 2.45137e-12 
0.100925 0.332873 0.00741168 0.210679 0.0631783 0.000247104 1.8802e-05 7.0363e-07 2.00608e-05 0.00195495 2.09081e-05 0.00772599 0.0630965 0.0328269 0.167188 0.000760333 0.0091292 0.00194421 
0.000122071 1.53797e-05 3.03559e-06 0.000322111 0.0172608 0.96357 0.0027588 1.03687e-09 0.00134947 2.52425e-06 2.36074e-06 0.00648173 0.000159655 0.00121109 0.00466589 8.62226e-05 1.03943e-05 0.00197833 
3.4182e-05 4.22204e-05 0.000193137 0.0123202 0.00450193 0.954372 2.454e-05 3.12017e-07 0.000169417 3.52047e-05 9.77088e-05 9.61874e-05 0.00105353 0.0019845 0.00981381 2.76481e-05 4.26567e-07 0.0152326 
1.72307e-10 1.62506e-06 2.25627e-10 5.61986e-07 0.17752 0.780562 7.08689e-07 5.78175e-11 0.0109725 4.1562e-10 2.74804e-10 0.0102538 1.89079e-06 5.41805e-06 0.0206813 6.22586e-08 7.90439e-11 2.26947e-07 
0.000266295 4.732e-06 3.49281e-07 8.96482e-05 0.0284752 0.671955 0.0307622 6.76726e-10 0.0331423 4.86464e-09 2.22701e-06 0.00517598 0.00422712 6.92426e-05 0.000376228 0.00360502 1.51891e-06 0.221847 
0.000122071 1.53797e-05 3.03559e-06 0.000322111 0.0172608 0.96357 0.0027588 1.03687e-09 0.00134947 2.52425e-06 2.36074e-06 0.00648173 0.000159655 0.00121109 0.00466589 8.62226e-05 1.03943e-05 0.00197833 
0.00465783 0.0434418 9.07868e-09 0.00793992 0.113562 0.683065 5.6598e-06 2.32643e-09 0.0533481 1.67235e-08 0.000121364 4.39312e-06 0.0115582 1.02734e-05 0.0520883 0.030154 3.85653e-05 4.62106e-06 
0.00150211 0.000102228 1.33776e-07 8.5986e-07 0.00705674 0.968788 0.000197907 4.57899e-08 3.38541e-05 1.96524e-07 8.91065e-05 0.000322797 0.0090424 0.00037346 0.0120474 0.000278145 1.32439e-06 0.000163633 
2.02229e-08 2.00743e-08 2.64809e-08 3.28336e-06 5.48549e-05 2.59519e-05 6.39321e-08 6.78578e-09 4.69971e-08 4.87795e-08 3.22525e-08 6.98487e-09 1.52415e-06 0.195933 0.776342 1.21581e-08 0.0276386 1.065e-08 
2.34828e-05 1.82663e-05 1.23408e-05 0.0175033 0.00178682 0.865504 0.000103842 8.05885e-09 7.97283e-05 0.00187922 3.83033e-08 4.32705e-05 0.000254265 7.3676e-06 7.17771e-05 0.000140702 5.68313e-06 0.112566 
6.5107e-10 6.14036e-06 8.52542e-10 5.21006e-07 0.118981 0.530365 2.05827e-09 2.18466e-10 0.00599853 1.57044e-09 1.03836e-09 0.00235364 0.00286492 0.075768 0.263662 3.91425e-10 2.98671e-10 8.57528e-07 
8.96431e-07 9.04672e-07 5.4789e-07 2.39031e-07 0.018645 2.49459e-06 2.1728e-06 5.01244e-11 3.47153e-10 9.37189e-07 2.38239e-10 0.415179 2.38264e-07 0.566151 1.48032e-05 8.98078e-11 6.85265e-11 1.3925e-06 
0.000577025 1.78072e-08 2.34902e-08 0.00109212 0.00969812 0.859113 0.070969 6.01942e-09 0.000562433 0.00047022 6.28113e-05 0.0171388 0.0308963 3.40092e-05 0.00251414 0.000267397 9.64345e-07 0.00660404 
4.71283e-08 4.6782e-08 6.17121e-08 4.36439e-06 2.87462e-08 0.777105 1.4899e-07 1.58139e-08 1.09524e-07 1.13678e-07 0.000233079 0.15067 0.0714541 4.25823e-08 0.00053291 2.83337e-08 2.16196e-08 2.48192e-08 
2.78563e-06 1.22001e-09 1.60936e-09 0.649632 0.338779 7.73227e-06 3.88544e-09 4.12402e-10 2.85622e-09 0.00488901 1.96013e-09 1.29405e-05 2.61991e-06 0.00554613 0.00112744 7.38901e-10 5.63807e-10 6.47248e-10 
0.000261405 0.000106188 7.77768e-08 0.000243064 0.0017173 0.994628 0.000788838 1.99305e-08 0.00107681 1.4327e-07 9.56761e-06 0.000274924 5.76711e-05 8.59215e-05 0.000365477 3.57094e-08 2.72475e-08 0.000384776 
8.51314e-06 3.25763e-05 8.69119e-09 0.0860325 0.0260129 0.819433 2.09829e-08 2.22714e-09 0.000197703 3.61677e-05 3.94184e-05 0.00427359 1.10258e-05 7.69197e-06 9.31843e-07 0.000130853 3.04478e-09 0.0637827 
2.32666e-06 0.863318 3.04664e-06 0.00701583 0.0251204 0.0323244 7.35543e-06 7.80709e-07 0.0227151 0.000566823 3.71067e-06 8.03614e-07 0.0085914 0.0063088 0.0214472 1.3988e-06 0.00779258 0.00477985 
0.000297089 1.08398e-12 5.61835e-07 0.000434801 6.66075e-13 7.75857e-09 3.45223e-12 3.66422e-13 1.15877e-08 0.999139 4.63864e-09 1.12493e-05 4.32967e-05 7.53412e-06 2.79388e-08 3.71625e-06 4.85315e-05 1.41614e-05 
4.99321e-05 0.166836 1.0261e-05 0.000187102 3.99873e-05 1.5848e-05 3.94467e-06 2.74084e-08 5.06772e-06 2.79023e-05 0.0109502 0.0679413 0.190117 5.70741e-05 0.563529 1.01092e-05 8.33795e-05 0.00013459 
4.51367e-05 0.0387909 1.02939e-08 1.39717e-05 5.50724e-05 0.2052 2.48524e-08 2.63785e-09 1.82693e-08 0.00137655 2.77998e-05 2.437e-05 0.0653053 2.96856e-05 0.668371 0.000348518 3.60627e-09 0.0204119 
3.09251e-08 3.06978e-08 0.000109376 6.66967e-06 1.88629e-08 0.687523 9.77654e-08 1.03769e-08 0.253351 7.4594e-08 4.93207e-08 1.06813e-08 4.12847e-05 5.03237e-05 7.90559e-06 0.0580953 2.12939e-05 0.000793147 
2.98002e-05 6.82578e-05 0.00358373 0.0410866 0.00658205 0.01598 4.19836e-05 1.92423e-07 4.48145e-05 0.000126671 0.00201044 0.00105029 0.0338517 0.00176817 7.13449e-05 3.01367e-05 7.9257e-06 0.893666 
2.26881e-05 2.81771e-05 7.86906e-06 5.91546e-05 4.99188e-05 0.960137 1.47406e-05 3.47607e-10 0.000114117 2.24914e-05 5.619e-06 3.57806e-10 7.15278e-05 7.20822e-06 0.0114483 6.22808e-10 4.75224e-10 0.0280114 
7.58024e-05 5.91427e-05 4.04905e-05 0.00189731 0.000988368 0.992061 8.6644e-05 3.05813e-07 9.19671e-05 0.000217406 1.45351e-06 0.000138427 0.000811873 2.42749e-05 4.54096e-05 4.39471e-05 1.8526e-05 0.00339743 
1.68818e-08 0.0125056 1.2263e-07 0.00135474 4.90355e-06 0.168934 3.8151e-06 5.66465e-09 1.55568e-06 4.07203e-08 2.69238e-08 0.0139852 4.90694e-06 0.000536183 0.000721825 1.21946e-05 4.47952e-07 0.801935 
1.34116e-08 0.886881 8.66354e-12 0.000380367 2.78328e-08 4.64215e-12 2.09162e-11 2.22005e-12 1.53757e-11 2.7812e-08 1.05518e-11 2.28518e-12 0.000109669 0.00566386 0.106965 1.34717e-09 8.74166e-09 3.48428e-12 
1.33945e-07 1.32961e-07 0.000283676 8.88555e-05 8.17003e-08 0.0731081 4.23448e-07 4.4945e-08 0.925899 3.23087e-07 2.13621e-07 4.62637e-08 9.26556e-06 1.21025e-07 1.99027e-05 8.0528e-08 6.14456e-08 0.000589165 
1.72109e-08 0.000155485 2.25367e-08 3.49533e-05 1.04979e-08 0.999368 5.44099e-08 5.77509e-09 0.000168029 4.15142e-08 5.49249e-05 5.94453e-09 1.28323e-05 7.4659e-05 6.63396e-05 1.03472e-08 7.89529e-09 6.43618e-05 
8.02015e-06 0.000412691 1.0502e-05 5.55393e-05 4.89193e-06 0.996677 2.53546e-05 2.69115e-06 0.000783957 1.93453e-05 0.000512992 2.77011e-06 0.00012644 7.24653e-06 0.000788337 4.82174e-06 0.000197913 0.000359339 
2.2794e-07 2.26264e-07 0.00053755 0.000140327 0.00201611 0.000320021 7.206e-07 7.64848e-08 5.2972e-07 5.4981e-07 3.63529e-07 7.87288e-08 0.000106727 2.05953e-07 0.00197413 1.37038e-07 1.04565e-07 0.994902 
2.60694e-05 1.12923e-07 2.94593e-05 2.84612e-05 4.23639e-09 0.957437 2.1957e-08 2.33052e-09 0.00386013 1.55977e-05 0.00567546 6.57452e-05 0.00290531 2.4906e-05 0.0291343 1.72143e-05 0.000751542 2.90294e-05 
1.04266e-07 0.734456 1.19754e-11 6.12824e-07 0.00114736 6.41671e-12 2.89118e-11 3.06871e-12 2.12534e-11 2.16205e-07 3.93953e-08 5.37302e-09 2.21954e-07 0.00144955 0.262946 1.04521e-08 6.79685e-08 4.81622e-12 
0.000581232 0.0034156 0.0452546 0.00591041 0.00837103 0.831694 4.45465e-05 1.44771e-06 0.00280192 0.000600775 0.00129984 0.0118425 0.001411 0.00063129 0.00245517 0.00074512 1.79544e-05 0.0829213 
2.32406e-09 1.0153e-05 3.07365e-07 1.14476e-06 0.0169936 0.962953 5.8851e-06 7.79836e-10 5.40101e-09 8.5775e-05 4.45153e-06 1.42088e-05 1.94999e-05 3.04505e-05 0.0198684 1.39723e-09 2.14293e-07 1.273e-05 
5.17432e-05 0.0285468 4.74099e-06 0.0247915 0.841312 0.000268783 6.45623e-08 6.85268e-09 9.25082e-06 0.00160341 3.25704e-08 0.0387279 0.0195425 3.97041e-05 0.000191122 6.36132e-06 0.0448637 3.99525e-05 
7.58187e-05 0.00296775 4.23696e-10 2.69182e-07 0.0101895 0.979557 3.34206e-07 1.08573e-10 0.00623966 9.80556e-05 4.38977e-06 5.3658e-08 8.19045e-05 0.000315767 2.37431e-07 0.000165093 5.35902e-09 0.000304622 
0.100925 0.332873 0.00741168 0.210679 0.0631783 0.000247104 1.8802e-05 7.0363e-07 2.00608e-05 0.00195495 2.09081e-05 0.00772599 0.0630965 0.0328269 0.167188 0.000760333 0.0091292 0.00194421 
0.000910093 0.000453236 0.000277689 0.00151125 0.0101794 0.894784 0.000866377 2.33257e-09 0.00608668 8.85263e-06 2.78249e-06 0.00469941 0.0115694 0.00116004 0.00522306 0.000158007 0.000249035 0.0618603 
9.35523e-07 7.27887e-07 4.92314e-07 2.36519e-05 0.0374238 0.817476 1.05005e-06 6.08635e-10 0.00186841 0.000207772 2.89281e-09 1.72255e-06 0.0712372 6.17517e-05 0.00685028 5.42173e-07 3.49737e-05 0.0648103 
0.0598145 0.005889 4.05881e-05 0.00759533 0.142015 0.48625 6.68739e-05 2.90563e-05 0.0422727 0.000272195 0.0060292 0.00302521 0.00941239 0.0039085 0.0414194 0.00678593 0.00462756 0.180546 
0.0102674 9.98153e-11 1.3167e-10 0.0479295 0.000147615 0.0100477 9.043e-08 3.37408e-11 0.00169086 0.00746743 1.60369e-10 3.47308e-11 0.00597162 0.362998 0.35298 8.41867e-08 0.2005 5.29548e-11 
3.19853e-05 0.897422 0.000466857 0.000166182 0.00327206 0.000171345 2.03223e-07 6.54435e-10 2.65278e-07 6.04095e-05 1.80222e-08 0.00523779 0.00898707 0.0314748 0.0527007 1.53265e-06 5.76911e-06 1.1287e-06 
1.57693e-06 0.00101945 8.85267e-06 4.6148e-05 0.0244687 0.867392 7.55603e-05 1.35031e-06 0.0168055 0.000441751 0.000192092 0.0053643 0.0269747 0.018517 0.018033 0.000380736 5.12942e-05 0.0202262 
1.56471e-05 0.000608436 2.00854e-09 1.22746e-06 0.0559303 0.0141279 4.84915e-09 5.14692e-10 4.28117e-06 3.69985e-09 2.4463e-09 2.12446e-07 1.06627e-07 5.12929e-06 0.929302 9.22172e-10 4.57442e-06 8.07787e-10 
8.01796e-12 7.95904e-12 1.54027e-09 3.44674e-06 0.000167713 0.00358051 2.53477e-11 2.69042e-12 0.152387 1.934e-11 0.000112118 3.16416e-08 9.37285e-05 0.00161155 0.535286 4.26236e-10 0.306757 4.22249e-12 
7.51386e-05 5.86063e-05 4.00684e-05 0.00188285 0.000980796 0.991808 8.57095e-05 2.74261e-07 9.10651e-05 0.000215542 1.30355e-06 0.000137344 0.000805681 2.40115e-05 0.000360041 4.35605e-05 1.83451e-05 0.00337154 
1.0231e-08 0.0102584 7.90551e-05 8.31023e-05 7.23954e-05 0.975718 3.56106e-05 3.433e-09 2.37763e-08 2.4678e-08 1.47015e-05 0.000868943 7.48464e-05 0.0122318 0.000231375 5.54196e-06 4.69334e-09 0.000326515 
1.10975e-07 7.6556e-07 0.879781 3.39659e-07 0.00696658 0.0786839 1.23585e-06 1.77238e-11 1.22764e-06 2.67683e-07 8.42402e-11 0.00578046 0.0026667 1.86176e-07 0.000954044 0.000286297 3.90138e-07 0.024877 
1.34116e-08 0.886881 8.66354e-12 0.000380367 2.78328e-08 4.64215e-12 2.09162e-11 2.22005e-12 1.53757e-11 2.7812e-08 1.05518e-11 2.28518e-12 0.000109669 0.00566386 0.106965 1.34717e-09 8.74166e-09 3.48428e-12 
0.0102674 9.98153e-11 1.3167e-10 0.0479295 0.000147615 0.0100477 9.043e-08 3.37408e-11 0.00169086 0.00746743 1.60369e-10 3.47308e-11 0.00597162 0.362998 0.35298 8.41867e-08 0.2005 5.29548e-11 
9.85041e-06 2.67238e-05 0.000100959 0.00157318 0.000542905 0.979279 1.68139e-05 5.84637e-06 4.05679e-05 1.83233e-05 0.00030143 0.00202629 0.00753377 0.000109382 0.00476478 6.92665e-05 0.0025013 0.00107927 
0.000352995 1.34683e-06 3.48979e-05 6.39138e-05 0.0303511 0.110349 0.000797218 4.18764e-08 0.000127423 3.01028e-07 1.6181e-06 6.67863e-05 5.78224e-05 0.00443057 0.083409 3.29339e-05 0.0782323 0.69169 
1.74309e-05 3.98237e-06 0.000108786 4.77579e-06 2.27776e-05 0.998057 2.08937e-05 3.89261e-08 2.69595e-07 2.7982e-07 1.85014e-07 4.00681e-08 5.43848e-05 1.04817e-07 0.00158394 0.000124545 5.3217e-08 6.10929e-08 
0.00101475 0.00472368 2.49047e-10 8.9534e-07 0.967099 0.0173432 0.0025279 6.38188e-11 4.41997e-10 1.83963e-07 3.03328e-10 1.9057e-07 1.78996e-05 1.71846e-10 0.00727212 1.14344e-10 8.72484e-11 1.00161e-10 
4.29739e-05 0.00356093 0.10075 0.0023611 0.0110543 0.690744 0.0101166 2.71589e-11 0.0310574 0.00133085 1.47465e-06 0.0110999 0.0221374 0.000750578 0.0242601 8.1283e-05 3.47152e-06 0.0906477 
2.04858e-07 2.03352e-07 2.6825e-07 8.12823e-06 0.00465754 0.992992 6.4763e-07 6.87398e-08 4.76079e-07 0.000403755 3.26717e-07 0.00151777 2.90169e-05 1.85097e-07 0.000325134 1.23161e-07 6.41497e-05 1.07884e-07 
0.000238249 1.25331e-05 0.000126198 5.727e-05 0.043113 0.81987 0.000182206 4.04063e-11 5.40654e-05 0.0153315 3.42253e-07 0.00384134 0.00254402 5.39823e-07 0.0378637 0.00109648 6.5109e-06 0.0756617 
0.000220819 0.00104705 5.79087e-08 0.303845 0.0477428 2.57825e-06 3.71541e-05 1.33675e-12 1.324e-07 0.0153487 6.35351e-12 0.00873064 0.565133 0.000176284 0.00255082 6.39503e-08 0.000101424 0.0550638 
2.44802e-08 2.43003e-08 3.16911e-06 2.30829e-06 0.00312355 0.995133 0.00162957 8.21431e-09 1.06774e-05 5.90484e-08 4.58887e-05 2.66986e-05 2.20086e-06 1.89902e-06 7.23697e-06 6.6337e-06 2.29825e-06 4.49811e-06 
0.000968982 2.0934e-06 9.84717e-06 0.000946337 0.0109063 0.955072 0.00760052 5.39738e-08 0.000603325 3.8799e-07 1.42806e-05 1.87488e-06 0.006187 5.96111e-05 0.0111329 4.3975e-05 7.08084e-07 0.00644929 
1.34116e-08 0.886881 8.66354e-12 0.000380367 2.78328e-08 4.64215e-12 2.09162e-11 2.22005e-12 1.53757e-11 2.7812e-08 1.05518e-11 2.28518e-12 0.000109669 0.00566386 0.106965 1.34717e-09 8.74166e-09 3.48428e-12 
0.00245672 0.00108714 7.4094e-06 0.00914146 0.0112698 0.740939 0.0983033 7.29834e-07 0.0422582 1.36909e-06 1.37462e-05 0.0176217 0.000370586 0.0252215 0.0348316 0.00571453 0.00498592 0.00577558 
2.60694e-05 1.12923e-07 2.94593e-05 2.84612e-05 4.23639e-09 0.957437 2.1957e-08 2.33052e-09 0.00386013 1.55977e-05 0.00567546 6.57452e-05 0.00290531 2.4906e-05 0.0291343 1.72143e-05 0.000751542 2.90294e-05 
3.19853e-05 0.897422 0.000466857 0.000166182 0.00327206 0.000171345 2.03223e-07 6.54435e-10 2.65278e-07 6.04095e-05 1.80222e-08 0.00523779 0.00898707 0.0314748 0.0527007 1.53265e-06 5.76911e-06 1.1287e-06 
0.00315944 0.000572398 9.32771e-05 0.0283881 0.0569072 0.513226 0.000300273 4.60087e-07 0.00207322 0.00239538 0.000138931 0.018906 0.243722 0.000671747 0.0181658 0.000267311 5.3234e-06 0.111007 
0.000225303 0.00050953 8.12793e-07 0.0168393 0.002131 0.834447 9.97473e-05 4.19843e-07 0.0915015 0.000190529 2.63951e-05 0.00230618 0.0503243 0.000301131 0.000745363 7.92863e-07 1.21447e-05 0.000338308 
0.000657625 0.000306484 0.000870893 0.000104189 0.0682957 0.413891 2.25972e-10 2.39848e-11 0.00066424 0.260852 1.13999e-10 0.000668262 0.0132538 0.0119546 0.227667 1.67845e-05 5.35503e-05 0.000743555 
0.000909892 0.0175647 0.00785478 0.0284286 0.0594824 0.759392 0.0555666 3.61095e-11 0.00185375 0.00190384 0.00022549 0.00309246 0.00317582 0.0221226 0.0133414 1.22375e-06 0.000961982 0.0241224 
1.34116e-08 0.886881 8.66354e-12 0.000380367 2.78328e-08 4.64215e-12 2.09162e-11 2.22005e-12 1.53757e-11 2.7812e-08 1.05518e-11 2.28518e-12 0.000109669 0.00566386 0.106965 1.34717e-09 8.74166e-09 3.48428e-12 
9.85432e-06 0.000793238 0.0224313 0.000822126 0.00435936 0.885053 0.0314261 1.585e-10 0.00722706 0.00379563 2.56491e-06 0.00283502 0.00492163 0.000167651 0.00590774 0.00080591 8.31644e-07 0.0294407 
0.0206789 2.50245e-08 3.30108e-08 1.62689e-05 1.13047e-05 0.978936 4.37355e-05 8.45909e-09 0.000251444 6.0808e-08 4.02056e-08 8.70727e-09 2.58128e-06 4.49986e-06 3.21214e-06 1.51561e-08 1.15647e-08 5.16156e-05 
3.13138e-05 1.08537e-05 3.00131e-06 0.0181167 0.00443057 0.686693 7.47971e-05 4.26343e-07 3.58271e-05 4.5532e-05 7.67063e-05 2.49463e-05 0.000574353 0.0006602 0.159821 1.94426e-05 0.126221 0.00316048 
1.47159e-07 0.000287965 1.92697e-07 3.57279e-05 6.40589e-05 7.88815e-05 4.65222e-07 4.93789e-08 3.4199e-07 3.5496e-07 0.348096 0.651303 0.000118519 1.32964e-07 1.34986e-05 8.84722e-08 6.75073e-08 7.74981e-08 
5.59288e-09 0.706582 6.09525e-12 0.00022819 1.1604e-08 3.26599e-12 1.47156e-11 1.56192e-12 1.08176e-11 1.15988e-08 7.42374e-12 1.60775e-12 5.95117e-05 0.00217256 0.290958 5.62745e-10 3.64507e-09 2.45137e-12 
0.00869021 0.596346 0.000792311 0.00191686 0.0193944 0.0451563 6.37408e-07 6.76548e-08 0.00154674 0.269383 3.2156e-07 0.0051534 0.00339038 0.00666782 0.0321099 0.00106683 0.00167421 0.00671077 
3.9724e-09 8.9351e-06 5.20165e-09 1.86134e-06 7.11609e-07 0.984612 1.25582e-08 1.33293e-09 1.18982e-05 5.49779e-05 5.3225e-05 1.79924e-05 0.00557337 3.58922e-09 0.00899969 2.38822e-09 1.60078e-07 0.000664908 
3.04437e-07 0.000170685 0.000180471 8.06774e-05 0.014268 0.151849 0.000108806 1.02153e-07 7.75072e-05 0.000195129 0.0472386 0.384289 2.14895e-05 1.66495e-05 0.234419 4.02844e-06 1.39657e-07 0.16708 
0.000888443 0.000251985 0.00104088 0.0169601 0.024298 0.488957 0.0021162 4.9344e-05 0.000181256 0.000199232 7.49967e-05 0.00515359 0.0017651 0.00535114 0.0607854 0.000717301 0.0178263 0.373383 
1.57693e-06 0.00101945 8.85267e-06 4.6148e-05 0.0244687 0.867392 7.55603e-05 1.35031e-06 0.0168055 0.000441751 0.000192092 0.0053643 0.0269747 0.018517 0.018033 0.000380736 5.12942e-05 0.0202262 
0.000225303 0.00050953 8.12793e-07 0.0168393 0.002131 0.834447 9.97473e-05 4.19843e-07 0.0915015 0.000190529 2.63951e-05 0.00230618 0.0503243 0.000301131 0.000745363 7.92863e-07 1.21447e-05 0.000338308 
7.40534e-05 0.000404106 0.0132535 1.03781e-07 0.00703759 0.862837 0.0203332 1.03557e-07 0.064063 4.78819e-05 0.000178826 0.00503649 0.0170809 3.53676e-05 0.00197366 3.67177e-06 0.000141441 0.00749904 
4.72813e-05 3.70131e-05 5.82062e-05 0.023816 0.857871 0.112318 5.52137e-05 3.82919e-07 0.000876601 0.00055928 1.82e-06 0.00133368 0.000500293 1.54794e-05 2.81113e-05 0.000220704 0.000167532 0.00209345 
0.00423923 0.0366212 0.00955635 0.00404365 0.0601449 0.394764 0.000118182 0.00010896 0.00380398 0.0234991 0.0926246 0.00864257 0.0521463 0.0415912 0.120127 0.00153398 0.0208668 0.125568 
2.06357e-08 2.04841e-08 0.000159453 3.81566e-06 0.000122105 0.927998 0.00075029 6.92428e-09 4.79563e-08 4.97751e-08 0.000227117 0.00046614 4.93697e-05 1.86452e-08 0.0698183 5.83217e-05 7.58258e-06 0.000339072 
3.47681e-05 0.00239299 1.86167e-05 0.000868799 0.149834 0.0309212 3.98581e-05 1.59532e-07 4.22469e-05 0.602469 0.00324572 6.3406e-05 0.000371768 1.1168e-05 0.0125832 2.01584e-05 8.50974e-06 0.197075 
9.81122e-07 2.37481e-10 3.13272e-10 0.521173 0.459558 2.9377e-06 7.56323e-10 8.02765e-11 5.55981e-10 0.00180264 3.8155e-10 4.91665e-06 9.95389e-07 0.01408 0.00337598 1.43831e-10 1.09748e-10 1.25991e-10 
0.00191591 0.00168306 0.000227014 8.34929e-06 0.039186 0.619106 0.000651917 1.36131e-10 0.0628862 3.17512e-06 7.93492e-07 3.67015e-05 0.106561 0.00113191 0.127295 1.09133e-06 6.06924e-06 0.0392994 
3.66162e-05 4.26317e-06 0.00030705 0.00791978 0.0136265 0.902216 0.01434 1.11704e-06 0.00155399 9.44566e-05 1.72283e-06 5.76277e-05 0.0267098 0.00386693 0.0258929 0.000142293 0.00161285 0.00161617 
0.000214369 0.000166703 0.000112491 0.00542989 0.00282743 0.00500839 0.000239779 2.5967e-09 0.000257194 0.000616009 1.2342e-08 0.000395323 0.00232338 6.71321e-05 0.000129372 0.000124227 5.1834e-05 0.982036 
2.1382e-07 0.00018346 0.000195005 5.41405e-06 0.0340976 0.642408 0.000271704 2.85384e-11 0.000160625 6.14396e-07 4.35333e-07 0.0138931 0.0172583 6.99122e-05 0.00353162 0.000387401 5.1718e-08 0.287536 
0.00316573 6.99358e-08 0.00059939 0.260602 0.0995211 0.297944 1.00593e-07 8.06248e-09 0.000981991 0.000904766 5.85141e-08 0.028161 0.0850934 0.00241364 0.0125755 5.21161e-08 2.17456e-08 0.208038 
0.000861182 1.92075e-11 2.53374e-11 7.72123e-08 0.00342584 0.888044 0.0406289 6.49277e-12 0.0443322 4.66732e-11 1.10148e-07 0.000381128 1.547e-07 7.44439e-05 6.01647e-05 0.00563291 8.87645e-12 0.0165588 
9.88402e-07 1.24624e-06 3.49706e-10 8.71039e-07 0.0585364 0.883928 0.000660148 8.96129e-11 0.0489489 6.50623e-08 2.85414e-06 0.00596772 3.24537e-08 5.55237e-07 0.00148897 0.000463279 1.22512e-10 1.40644e-10 
0.000572995 0.000711465 2.46137e-07 0.00365642 0.00553538 0.884961 5.58888e-07 1.25943e-07 1.33112e-05 0.0150469 1.93252e-07 0.00112693 0.027267 0.0018445 0.0542576 0.00127268 0.00330036 0.000432036 
0.000401132 0.000445205 1.04645e-05 0.00194073 0.00302665 0.943749 2.34797e-05 5.04323e-06 2.96126e-05 0.0107686 8.44874e-06 0.000636844 0.00815672 0.00104066 0.027573 7.47388e-05 0.00180818 0.000301801 
0.00232839 0.000468698 0.000743418 1.09327e-05 0.0235951 0.887179 7.17017e-06 2.08238e-09 4.85833e-05 1.49692e-08 2.56476e-05 0.0128414 0.00263797 1.10268e-05 0.0368655 5.86517e-07 3.36362e-07 0.0332363 
1.81374e-07 1.80041e-07 2.375e-07 0.00011724 0.00095153 0.997413 0.00017259 6.08599e-08 4.21505e-07 4.3749e-07 2.92157e-05 6.26454e-08 0.000163528 0.000590128 0.000408534 0.000152769 8.32032e-08 9.5517e-08 
0.00316573 6.99358e-08 0.00059939 0.260602 0.0995211 0.297944 1.00593e-07 8.06248e-09 0.000981991 0.000904766 5.85141e-08 0.028161 0.0850934 0.00241364 0.0125755 5.21161e-08 2.17456e-08 0.208038 
0.000109446 0.0119463 0.000106601 3.48192e-06 0.00646578 0.874723 0.0032518 1.9026e-09 0.00606611 5.31093e-07 2.29305e-05 0.000379058 0.074026 6.03633e-05 0.00120815 0.000114567 2.33769e-06 0.0215138 
0.0477271 7.09765e-05 0.0108119 0.0182853 0.0122188 0.723613 0.000124211 1.60248e-05 0.00630014 0.0002694 0.000359578 0.0055594 0.0224232 0.0121941 0.119859 0.000499315 0.000169181 0.0194993 
3.1119e-10 0.00105413 4.07487e-10 0.000169943 0.128435 0.193344 9.83785e-10 1.04419e-10 4.22218e-07 7.50618e-10 4.96301e-10 4.95563e-07 0.0112262 0.0549649 0.607252 1.87088e-10 0.00160653 0.00194649 
7.13284e-11 7.08042e-11 4.67937e-08 4.17177e-08 1.49669e-06 0.000722734 2.25495e-10 2.39342e-11 8.45561e-07 1.7205e-10 9.21556e-07 2.46364e-11 3.70961e-07 5.94862e-06 0.514351 1.29077e-08 0.484917 7.55031e-09 
1.34116e-08 0.886881 8.66354e-12 0.000380367 2.78328e-08 4.64215e-12 2.09162e-11 2.22005e-12 1.53757e-11 2.7812e-08 1.05518e-11 2.28518e-12 0.000109669 0.00566386 0.106965 1.34717e-09 8.74166e-09 3.48428e-12 
0.000792127 0.000432565 9.24952e-07 0.00277654 0.000174513 6.04138e-05 1.24144e-11 1.31767e-12 1.35262e-08 0.994698 1.9084e-05 4.19693e-05 0.000190866 0.000175064 0.000576605 2.9969e-06 5.42278e-05 4.25526e-06 
1.36264e-06 1.2012e-08 1.58455e-08 0.00265295 0.0280078 0.391911 0.00355193 4.06045e-09 0.00049469 1.02222e-05 2.79169e-05 0.00926126 0.00212205 1.14014e-06 0.000355075 0.000262612 5.55116e-09 0.56134 
1.34116e-08 0.886881 8.66354e-12 0.000380367 2.78328e-08 4.64215e-12 2.09162e-11 2.22005e-12 1.53757e-11 2.7812e-08 1.05518e-11 2.28518e-12 0.000109669 0.00566386 0.106965 1.34717e-09 8.74166e-09 3.48428e-12 
7.03322e-09 2.58387e-05 0.000196174 0.000106031 3.64688e-05 4.93476e-09 2.22346e-08 2.35999e-09 1.63449e-08 1.69647e-08 2.13234e-05 3.40116e-05 0.941208 6.3548e-09 2.45115e-06 4.22839e-09 3.22641e-09 0.0583692 
3.66162e-05 4.26317e-06 0.00030705 0.00791978 0.0136265 0.902216 0.01434 1.11704e-06 0.00155399 9.44566e-05 1.72283e-06 5.76277e-05 0.0267098 0.00386693 0.0258929 0.000142293 0.00161285 0.00161617 
1.96611e-06 0.0226523 6.04377e-05 0.0125793 0.000465499 0.897913 6.35455e-05 9.29448e-10 0.0041966 0.000117666 0.000387476 5.28545e-07 0.0166613 0.000166872 0.00114129 9.5332e-07 1.27067e-09 0.0435908 
3.06861e-06 1.24653e-06 1.55304e-06 2.85331e-06 0.0604981 0.913376 9.2601e-06 2.33962e-10 1.26406e-05 1.68183e-09 1.12313e-07 3.22731e-06 6.76996e-07 1.00862e-06 0.0193107 4.1919e-10 3.19856e-10 0.0067798 
1.8977e-05 0.544246 3.20893e-06 0.000115732 0.00442723 0.343129 5.19552e-05 8.22296e-07 0.104374 0.000194582 0.000294985 6.89044e-05 2.66495e-05 2.21422e-06 0.00262571 1.90518e-05 1.12418e-06 0.000398963 
0.00970293 0.00164966 0.00329228 0.00673139 0.0449256 0.632773 0.0206483 2.34475e-05 0.00260297 0.00159852 0.000884387 0.0113421 0.0521325 0.00161214 0.120022 6.93028e-05 0.00112714 0.0888622 
8.6117e-07 5.85108e-07 7.85154e-08 1.89955e-07 0.011149 0.875283 2.33775e-07 6.70436e-12 1.53276e-07 0.112146 3.18655e-11 0.000970811 3.35975e-07 6.60758e-07 3.18199e-06 0.000444128 1.65909e-07 6.65014e-07 
1.2e-08 0.0110729 0.166577 8.60788e-06 0.26462 0.469052 3.79364e-08 4.02658e-09 0.0109842 2.8945e-08 1.91382e-08 0.0261553 0.0405581 1.26394e-05 0.00968107 7.21443e-09 5.50485e-09 0.0012789 
1.36069e-09 1.35069e-09 1.05141e-05 1.67872e-07 0.0112801 0.80315 4.94732e-05 4.56579e-10 3.16218e-09 3.61361e-06 1.49758e-05 0.181377 0.00358416 1.22944e-09 3.28603e-06 3.84566e-06 0.000500487 2.2358e-05 
2.34658e-08 0.777766 5.60272e-11 0.00200322 0.000294569 7.1927e-08 1.35265e-10 1.43571e-11 9.94346e-11 4.86723e-08 6.6643e-09 6.57256e-08 0.000108579 0.00206712 0.21775 2.37273e-09 1.03463e-05 2.25328e-11 
0.000388285 0.000198264 5.01723e-07 0.097019 0.0745921 0.778794 0.000242533 7.57723e-11 0.00345314 1.43382e-06 2.5573e-06 7.5819e-07 0.00155408 4.53012e-05 0.00574889 1.35761e-10 1.0359e-10 0.0379593 
0.000283311 0.000822403 0.000414335 0.00105722 0.00474577 0.884046 0.000709197 1.37943e-05 0.00961799 0.0184118 4.77756e-05 0.0119709 0.00907934 0.00139212 0.0283859 0.00132359 0.000983511 0.0266953 
1.21312e-05 0.000172562 7.29362e-06 0.0165783 0.00350405 0.00476215 5.68096e-05 4.3106e-07 2.76839e-05 6.87188e-05 1.88625e-06 0.00287496 0.0281207 1.31742e-05 4.61771e-05 1.55841e-05 8.9425e-06 0.943728 
0.00233578 4.72058e-06 3.45758e-09 1.08055e-05 0.0306135 0.963567 3.50679e-05 8.86012e-10 4.78698e-05 6.36908e-09 4.25329e-07 1.22218e-05 0.00333547 3.81965e-06 1.62473e-05 1.58747e-09 1.21129e-09 1.71053e-05 
4.30799e-05 0.00172202 9.08296e-06 0.387188 0.129098 0.13869 1.71034e-05 1.34077e-07 2.67273e-05 0.00369112 1.50228e-07 0.00572065 0.0975179 0.000247235 0.000811738 2.40651e-05 5.49915e-06 0.235188 
0.000592567 0.000168089 0.000694147 0.0113079 0.0220135 0.583695 0.00263672 3.32959e-05 0.000218628 0.000520722 5.06057e-05 0.00521399 0.00117707 0.00356755 0.044565 0.000772333 0.0118848 0.310888 
1.43306e-09 1.42253e-09 1.87652e-09 3.17492e-06 8.56709e-06 0.787362 4.53043e-09 4.80862e-10 6.12821e-05 4.49713e-06 1.8307e-06 6.97956e-06 5.49044e-06 3.06887e-05 0.212465 8.6156e-10 5.04232e-05 7.54693e-10 
1.34116e-08 0.886881 8.66354e-12 0.000380367 2.78328e-08 4.64215e-12 2.09162e-11 2.22005e-12 1.53757e-11 2.7812e-08 1.05518e-11 2.28518e-12 0.000109669 0.00566386 0.106965 1.34717e-09 8.74166e-09 3.48428e-12 
8.8028e-05 3.57586e-05 2.61913e-08 8.18518e-05 0.000578302 0.998191 0.000265641 6.71159e-09 0.000362616 4.82461e-08 3.22189e-06 9.25807e-05 1.94207e-05 2.8934e-05 0.000123074 1.20251e-08 9.1756e-09 0.000129573 
2.19288e-05 0.000251069 1.11674e-06 0.000270837 0.0064365 0.838582 1.11323e-05 2.86168e-07 0.000429168 0.000334416 8.94451e-07 0.0186431 0.0190094 0.000306656 0.00175013 0.000449543 2.90068e-07 0.113502 
8.96431e-07 9.04672e-07 5.4789e-07 2.39031e-07 0.018645 2.49459e-06 2.1728e-06 5.01244e-11 3.47153e-10 9.37189e-07 2.38239e-10 0.415179 2.38264e-07 0.566151 1.48032e-05 8.98078e-11 6.85265e-11 1.3925e-06 
1.74443e-08 0.0397598 2.1206e-06 8.3531e-05 7.89602e-06 0.903706 5.51479e-08 5.85342e-09 0.000117563 0.000137861 0.0306283 6.56439e-06 0.000228564 0.00250336 0.0227443 3.91347e-06 1.47586e-05 5.565e-05 
1.5114e-07 6.99377e-07 2.30979e-08 0.0001414 9.50681e-06 0.945425 0.0323185 5.91888e-09 0.00656724 4.25478e-08 9.88783e-06 0.00600531 7.22099e-06 4.76672e-05 0.00244414 0.000536437 6.44341e-08 0.00648687 
6.56937e-05 0.000700144 4.64499e-05 0.00021453 0.00407524 0.778136 8.57872e-06 1.33331e-06 0.00180466 4.63903e-05 3.78245e-05 0.000635401 0.00944595 0.00221218 0.153458 0.00178486 0.0445056 0.00282116 
2.88043e-07 0.00311375 0.000438489 7.29604e-06 0.194521 0.284672 3.22187e-07 3.69884e-08 0.00100255 8.2772e-07 1.11128e-07 0.50978 3.12188e-06 0.0010645 0.00479803 0.00058439 6.96483e-08 1.30648e-05 
3.09251e-08 3.06978e-08 0.000109376 6.66967e-06 1.88629e-08 0.687523 9.77654e-08 1.03769e-08 0.253351 7.4594e-08 4.93207e-08 1.06813e-08 4.12847e-05 5.03237e-05 7.90559e-06 0.0580953 2.12939e-05 0.000793147 
2.76257e-11 0.0023712 3.61743e-11 5.61046e-08 1.40197e-06 0.968078 8.73348e-11 9.26975e-12 0.000890306 6.66355e-11 8.81615e-08 2.49048e-07 0.00130383 0.00417046 0.022926 1.66086e-11 1.26729e-11 0.000258376 
9.9555e-05 4.73328e-05 1.54147e-05 8.52583e-05 0.000583992 0.997992 0.000302114 3.95005e-06 0.000389 2.83949e-05 2.19562e-05 9.64031e-05 2.14083e-05 3.94785e-05 0.000125488 7.0773e-06 5.40022e-06 0.000135431 
1.05355e-09 0.00388887 1.37957e-09 1.53335e-05 2.21192e-05 0.0112585 8.4238e-05 3.53517e-10 2.44839e-09 2.54125e-09 0.0011289 3.63888e-10 0.957689 9.51923e-10 0.025687 6.33395e-10 0.000220393 5.64965e-06 
0.000259388 1.04325e-06 7.64128e-10 2.38801e-06 1.68719e-05 0.996631 7.75004e-06 1.95809e-10 1.05793e-05 1.40757e-09 9.39981e-08 2.70103e-06 0.00306019 8.44146e-07 3.59067e-06 3.50832e-10 2.67697e-10 3.78028e-06 
4.78482e-05 5.71882e-08 4.49821e-06 0.000102263 0.0134414 0.334726 0.393724 5.53304e-12 0.000400346 3.97742e-11 2.62983e-11 0.0063712 0.00232656 0.000486254 8.8595e-05 0.00106903 1.2349e-08 0.247212 
1.04805e-10 1.04034e-10 7.24146e-07 3.77193e-08 0.0188105 0.891238 0.00838313 3.51671e-11 2.43561e-10 2.52798e-10 1.03144e-06 0.0198019 2.24207e-07 0.000282037 0.00549093 0.000734008 3.44403e-08 0.0552579 
0.005343 0.0182951 0.00868587 0.00607872 0.0342063 0.426063 0.0126456 0.000222985 0.0209554 0.000561391 0.015695 0.276515 0.0679273 0.000637183 0.0338179 0.000589894 0.00156399 0.0701969 
2.5653e-06 1.76812e-05 0.000572279 5.79782e-06 0.00108686 0.990477 0.000187098 1.28557e-09 0.000596468 6.18774e-06 6.11025e-09 0.0049801 0.000261077 4.63419e-05 8.15728e-06 0.000533758 5.76378e-06 0.00121239 
4.55018e-10 0.000580529 5.95823e-10 3.57326e-07 0.0822912 0.662805 1.43848e-09 1.52681e-10 0.00203877 1.09754e-09 7.25685e-10 0.00330982 0.00506342 0.0446827 0.199218 2.73558e-10 4.9143e-06 5.31222e-06 
0.00316573 6.99358e-08 0.00059939 0.260602 0.0995211 0.297944 1.00593e-07 8.06248e-09 0.000981991 0.000904766 5.85141e-08 0.028161 0.0850934 0.00241364 0.0125755 5.21161e-08 2.17456e-08 0.208038 
0.000291586 0.332103 4.95976e-06 4.2378e-07 6.92851e-06 2.39196e-06 6.35369e-09 6.74384e-10 1.35001e-05 4.8478e-09 3.20532e-09 9.88104e-05 3.18321e-06 0.00478013 0.662684 1.20829e-09 9.93519e-06 8.93031e-07 
