2.21674e-05 0.0850806 0.00085474 0.118028 0.0422593 0.115018 2.65719e-06 0.243212 0.000627724 0.0536996 0.00761551 0.0436589 0.173006 0.000192029 0.110078 4.14235e-06 4.86277e-06 0.00663598 
0.0182249 0.0108625 0.0146563 0.0402106 0.0221737 0.0116654 0.000191169 0.555003 0.00208384 0.00138923 0.0141159 0.14769 0.0911529 0.00335031 0.0281557 0.00772858 0.00372214 0.0276234 
0.0226673 0.00170891 0.000393203 0.125743 0.0113348 0.000447084 3.30944e-06 0.427216 3.55817e-05 0.000287672 0.000334341 0.253248 0.119955 0.00123477 0.0236091 8.25148e-06 0.00043368 0.0113396 
8.91609e-07 0.00553899 0.000311015 0.00160856 0.000664288 0.00127051 1.76429e-08 0.90958 0.00442064 0.00017922 0.00176333 0.0609334 0.00997291 2.89415e-05 0.00170245 0.00107242 1.95634e-07 0.00095229 
0.0695788 0.00384445 0.00061339 0.126579 0.00727249 0.0196419 7.21421e-06 0.590131 0.00248218 0.000275162 0.00552682 0.00871018 0.086953 0.0701549 0.000802234 4.97668e-05 2.77714e-05 0.00734973 
0.0791154 0.00659958 0.036938 0.131286 0.0123818 0.000394526 0.000440706 0.494505 0.000321978 0.000431766 0.00386404 0.0480001 0.104065 0.000536926 0.030614 0.0111254 0.0121101 0.0272693 
0.00847471 0.00614388 0.0048621 0.0298879 0.00490409 0.00635269 2.43991e-05 0.64065 0.00457831 0.000152255 0.0221434 0.059935 0.168665 0.000474066 0.00923512 0.00523272 0.000335189 0.0279497 
7.00962e-05 0.0210653 2.25274e-05 0.0321757 0.00079342 0.000499176 5.51858e-06 0.869191 1.54506e-05 4.5505e-05 1.39609e-05 0.00482965 0.0273127 0.00771373 0.0338564 2.94325e-06 1.97341e-05 0.0023673 
0.040397 0.0101051 0.00176236 0.0213591 0.00857159 0.00281002 6.18272e-06 0.746433 3.46721e-05 0.000215809 0.00569107 0.0486031 0.0246691 0.00163834 0.0177916 0.0342356 0.00411354 0.0315631 
0.00104554 0.00804748 0.0631365 0.0588064 0.0167274 0.00178555 3.69673e-06 0.49802 1.29926e-05 0.000492284 0.000610266 0.0742967 0.0164772 0.000969034 0.0220426 0.00234501 0.000372606 0.234809 
0.0568928 0.00966927 0.0317477 0.0425118 0.112572 0.123448 0.000345028 0.163848 0.00497029 0.000128525 0.0376156 0.135726 0.124128 0.00640058 0.118621 0.00816219 0.000886931 0.022327 
0.00913504 0.0103266 0.000945667 0.0543294 0.0255734 0.00360767 1.61063e-06 0.713144 0.000113593 0.00018103 0.00525026 0.0395184 0.0598452 0.00152261 0.0431375 0.00825271 0.0174544 0.00766124 
0.00892504 0.015993 0.00120812 0.033945 0.229422 0.0425354 1.08479e-05 0.239731 0.000625572 0.00581583 0.00286257 0.0685943 0.142042 0.0041891 0.13697 0.0337109 0.0154975 0.0179217 
0.00214835 0.0068132 0.0032645 0.0132159 0.0294129 0.0176047 0.00749099 0.791657 0.000152772 0.000114676 0.0264531 0.0365019 0.0441688 0.00096707 0.00359111 0.00449774 5.19455e-05 0.0118936 
0.00192509 0.0103553 0.00618251 0.0107558 0.00547481 0.00421752 6.3678e-08 0.579101 0.00336696 0.00053758 0.00726731 0.100638 0.233536 0.00177112 0.0133313 7.53651e-07 0.00011335 0.0214265 
1.19212e-09 8.49557e-06 0.00449359 0.133025 0.0390279 2.92088e-06 3.76874e-09 0.600349 8.37177e-07 2.87551e-09 0.0145484 4.11752e-10 0.0767857 0.00017992 0.131576 3.23565e-07 5.46873e-10 2.04905e-06 
0.00654856 0.0438838 0.00861379 0.00106216 0.0131961 0.0186038 0.000112189 0.554242 0.0397453 0.000105751 0.137122 0.119901 0.0157211 7.06903e-05 0.0359232 4.88361e-06 0.000433547 0.00470999 
0.0120885 0.0012408 0.00752018 0.0122227 0.0155639 0.000353876 3.31641e-07 0.516216 8.47246e-05 0.00473138 0.0232512 0.0213652 0.161724 0.00123763 0.0327136 0.000914035 0.000334895 0.188437 
0.00507984 0.0290543 0.00536569 0.0487983 0.00435318 0.000468029 0.00024104 0.453891 0.000394208 7.61507e-06 0.0490768 0.0046654 0.366908 0.000396806 0.00880138 0.00630257 0.00126403 0.0149317 
0.00259628 0.0757028 0.00900315 0.161705 0.0125713 0.00437092 1.00832e-05 0.407993 1.92208e-06 0.00824382 0.0062374 0.131173 0.11104 0.00605413 0.0310569 1.2898e-05 0.0240943 0.0081335 
0.0866201 0.000371738 0.0538272 0.13429 0.0428707 0.0061338 0.0547788 0.214751 0.000160647 0.00157199 0.00191446 0.107918 0.147776 0.00773762 0.0521953 0.000489083 0.0101787 0.0764159 
0.00683038 0.00356462 0.000388247 0.0312471 0.0051901 0.0186675 2.03682e-05 0.698421 0.00607152 0.00150009 0.0034414 0.0775313 0.0893847 0.0191299 0.0299739 1.05071e-05 0.00522886 0.00339864 
0.000469238 0.190626 2.66698e-06 0.00825571 0.0550199 0.0210972 1.02725e-05 0.328706 2.41871e-06 3.0905e-06 0.0108815 0.156807 0.101679 3.24004e-05 0.0584161 2.44576e-06 0.000288224 0.0677006 
0.0425771 0.0487413 0.0011302 0.117543 0.0865686 0.0114698 0.000112811 0.337401 0.000858754 0.000609118 0.00138472 0.0320128 0.199677 0.00980005 0.0923102 3.48575e-08 0.000588933 0.0172138 
0.00303595 0.0243544 0.019121 0.0504722 0.0506838 0.0169449 0.000108473 0.474378 0.00184715 0.00583207 0.025964 0.176165 0.0813014 0.000786952 0.0249879 0.00548338 0.00111912 0.0374145 
0.000289602 0.0264141 0.00220512 0.0909438 0.0589601 0.00325875 3.08965e-08 0.523977 0.000121768 1.21951e-07 0.0011261 0.00142865 0.181201 0.00100975 0.0333473 3.46624e-05 0.035182 0.0405 
0.0322282 0.00494839 0.00115683 0.0533997 0.039279 0.00516995 8.7751e-06 0.461921 0.000552964 0.00138538 0.0690819 0.0920657 0.166291 0.00355267 0.0407755 0.000579904 0.0238828 0.00372022 
2.71725e-05 0.00170438 0.00121836 0.0375777 0.0363924 0.0114383 7.40211e-06 0.407592 0.00129703 6.36738e-05 6.55135e-05 0.0361765 0.00173527 0.23176 0.229739 0.000111308 0.000385225 0.00270909 
0.000239166 0.00488911 0.000412614 0.0453524 0.00505353 0.00107926 1.16372e-07 0.590836 0.000412357 0.000930949 0.203807 0.0724051 0.0438347 9.10326e-05 0.00389818 0.0261674 5.29897e-07 0.000590562 
0.0542186 0.00884354 0.000688132 0.128667 0.0328229 0.00229 7.38053e-06 0.300178 4.68707e-05 0.0231161 0.00469015 0.0703127 0.225334 0.0406641 0.0264777 6.573e-05 0.0074865 0.0740911 
1.72593e-07 0.000529752 0.00619413 0.00244459 0.00202479 0.00100109 1.5196e-05 0.86576 0.00160753 0.000277037 0.00221328 0.0542403 0.0567798 7.42294e-05 6.47296e-08 0.00390076 6.53647e-06 0.00293044 
0.00302468 0.00397312 0.00809241 0.0689279 0.00687831 0.0208576 5.2008e-06 0.362746 0.00209635 0.000739107 0.00735719 0.244492 0.214578 0.00182595 0.0162494 0.01054 0.0149866 0.0126299 
0.0314331 0.00265084 0.00141494 0.0557723 0.0103163 0.0315992 8.73246e-07 0.726499 0.000380379 0.000105716 0.00148225 0.0485543 0.0469262 0.00184047 0.0189138 0.00547725 0.000350501 0.0162826 
0.00168175 0.0510014 0.0616377 0.0689554 0.0978304 0.0778665 6.519e-06 0.255866 0.000774233 5.38422e-05 0.0026299 0.151484 0.179913 0.00118335 0.0209458 0.0116965 7.44189e-05 0.0163994 
0.0501926 0.0165853 0.00116938 0.124908 0.0055582 0.00495267 5.82126e-06 0.346538 0.00016386 0.000541907 0.00973641 0.107457 0.237334 0.00109937 0.0226177 0.010967 0.0102034 0.0499701 
0.0743888 0.110821 9.53562e-07 0.0671618 0.0411122 0.0473104 9.52757e-07 0.369953 0.0451789 0.0518486 0.0148746 9.53974e-07 0.0431238 9.53732e-07 0.0647794 0.0694422 9.53924e-07 9.53895e-07 
0.00648394 0.107789 0.0271584 0.079095 0.0283372 0.0175991 6.38898e-07 0.497304 0.00123932 0.000351805 0.0140116 0.00617315 0.17638 0.000534383 0.0290612 0.000123262 0.00335055 0.00500801 
0.083239 5.30261e-07 4.45723e-07 0.146375 0.0694045 0.0326867 7.28407e-10 0.263775 0.189287 4.75582e-07 3.67467e-10 0.134485 0.0807213 2.48278e-05 8.31909e-08 6.16434e-07 1.05697e-10 6.12966e-07 
0.011689 0.0188753 0.00322083 0.218917 0.0113597 0.000198825 3.66174e-06 0.479792 1.40265e-07 5.69579e-05 0.0014504 0.0300456 0.123483 0.00358604 0.0465397 0.0285243 0.018349 0.00390895 
0.0110967 0.0218347 0.00579197 0.0954517 0.0210347 0.00870509 2.87214e-05 0.484578 0.00253622 0.00738988 0.035566 0.128518 0.0794951 0.000645039 0.0326387 0.0255203 0.00499273 0.0341769 
7.25652e-05 0.000872643 0.452412 0.00489164 0.00586478 0.00392846 1.55234e-08 0.478149 1.10543e-05 3.85959e-06 0.000145683 0.0332695 0.0107247 3.6221e-07 0.00667291 2.44355e-06 6.07481e-06 0.00297227 
0.083239 5.30261e-07 4.45723e-07 0.146375 0.0694045 0.0326867 7.28407e-10 0.263775 0.189287 4.75582e-07 3.67467e-10 0.134485 0.0807213 2.48278e-05 8.31909e-08 6.16434e-07 1.05697e-10 6.12966e-07 
2.23438e-05 0.0120621 0.0452776 0.135073 0.0370999 0.00369743 5.16272e-07 0.449785 5.46825e-06 0.0019265 0.00300168 0.0200822 0.266414 0.00362909 0.00966943 2.82353e-05 0.000529092 0.0116964 
0.23481 0.00941385 0.0022413 0.0549711 0.0339831 0.00643949 3.47102e-05 0.271275 0.000836938 0.00232344 0.00250846 0.245715 0.0659427 0.00281957 0.0180082 0.00852498 0.000706727 0.039445 
3.6546e-07 0.115204 0.175171 0.0122942 0.0161469 0.0256275 1.16548e-07 0.466868 0.0012674 0.000739561 0.0043203 0.0464263 0.112906 0.0018845 0.0123691 0.000128528 0.0039845 0.00466149 
9.42813e-07 0.00582542 0.000746716 0.0766243 0.256628 0.0266693 4.12329e-07 0.290617 3.91563e-06 1.9323e-06 0.00687472 0.221797 0.0475843 0.0439036 9.70251e-06 8.35896e-11 3.64429e-05 0.0226755 
0.00714429 0.0603897 0.0014921 0.151783 0.039914 0.0300371 3.56945e-05 0.357224 0.00944765 0.00106513 0.000113031 0.094828 0.141441 0.000415985 0.00364132 0.0822064 0.000107446 0.0187151 
0.000345283 0.0309334 1.98357e-05 0.0609052 0.00849913 0.00403392 4.9859e-10 0.700001 0.000225462 9.79634e-07 0.0088673 0.137711 0.00841186 0.00392639 0.0352164 0.000736921 2.82901e-06 0.000162793 
0.01458 0.0773897 0.0109992 0.00169505 0.0209778 0.164261 7.57677e-06 0.380537 0.24487 0.00164964 0.00207013 0.00727229 0.00337847 3.84215e-06 0.0488627 5.3927e-07 5.67495e-06 0.0214398 
0.00752838 0.0677092 0.00238312 0.0361322 0.0670202 0.019094 3.45592e-05 0.266373 0.000975019 0.00515504 0.0674315 0.101764 0.174334 0.00416227 0.0882435 0.000241444 8.33907e-05 0.0913353 
3.95544e-06 0.00137042 1.06514e-06 0.235621 0.00660307 0.00128805 1.09597e-08 0.629519 1.40979e-05 0.000168546 1.56403e-06 0.103019 0.0156169 1.71701e-07 0.00102107 3.24686e-11 2.47746e-11 0.00575141 
0.000890668 0.0115602 0.000872216 0.282515 0.00694429 3.03369e-05 4.14419e-09 0.442142 8.9742e-07 1.90957e-07 2.29719e-05 0.0162751 0.111214 0.000605913 0.0754193 1.77706e-06 0.000211829 0.0512932 
0.00946697 0.0624155 0.0125197 0.050182 0.0469594 0.0631419 3.06232e-06 0.273544 0.041933 0.000842403 0.0125209 0.0640259 0.210532 0.00559194 0.0639953 5.97672e-05 0.000876663 0.0813897 
0.0957201 0.000300826 0.126019 0.0745861 0.0399568 0.000257231 4.90411e-07 0.332383 0.000565008 0.000203371 0.00276373 0.172984 0.097572 0.000529484 0.0159684 0.000211904 0.0177101 0.0222683 
0.00580967 0.010733 5.48796e-05 0.0492259 0.0021598 0.0279102 0.00740439 0.641472 0.000595351 0.00142019 0.00699417 0.0862481 0.101739 0.00517292 0.0189167 0.000939711 0.000213487 0.0329906 
1.1893e-06 0.0841651 0.000647636 0.043721 0.0563978 0.0464155 4.52867e-08 0.364003 0.0528121 0.0024395 0.0220116 0.0410728 0.150747 0.000125161 0.0934434 6.569e-05 0.018204 0.0237281 
0.0232462 0.0194554 0.00371641 0.00119889 0.000351283 0.00496113 1.55692e-06 0.546348 2.59731e-08 0.000609852 0.0163826 0.377358 0.000515644 8.06732e-05 0.00171022 0.00123053 4.24321e-07 0.00283304 
0.0053505 0.000291014 0.000789674 0.101235 0.0576658 0.0198565 0.000251722 0.255071 0.000577166 0.00186706 0.00956289 0.194467 0.189724 0.000646733 0.0231439 0.00230036 0.000492917 0.136706 
0.00347167 0.000537215 5.68314e-05 0.0210486 0.0137205 0.00168592 1.44476e-10 0.851572 0.00233137 0.00325619 0.000185146 0.00781025 0.0328919 0.00096131 0.0206402 0.0343513 0.000371855 0.00510758 
4.70243e-06 0.0480535 0.000185173 0.000966365 0.00474884 0.0280462 1.5972e-06 0.500926 0.245052 0.00839101 0.0199739 0.00419014 0.101859 0.00130132 0.028974 0.000310514 6.90762e-05 0.00694649 
0.0716323 0.00513401 0.00052666 0.0520505 0.0630606 0.00900115 2.09411e-05 0.310477 0.000449556 0.00290643 0.051806 0.159132 0.112131 0.00929883 0.0911133 0.000941218 0.0567576 0.00356024 
0.00612542 0.00157528 0.420664 0.030834 0.00657481 0.00931621 8.72599e-08 0.424082 0.000458875 0.000467081 0.00647279 0.000694909 0.0202706 1.6088e-05 0.0634451 7.95566e-07 7.08193e-06 0.00899517 
0.00698456 0.00347002 0.000570267 0.00295777 0.00639895 0.00139145 0.000975671 0.689228 8.96445e-05 1.52143e-10 0.00647389 0.118019 0.148473 0.000249598 0.0145321 0.000163389 2.8935e-11 2.24318e-05 
0.000345072 0.035801 3.05798e-09 0.232137 0.000461698 2.67106e-08 9.27408e-08 0.459124 0.000134758 0.000759521 0.00080302 0.000972115 0.243349 0.000264648 0.0258471 1.404e-09 1.37129e-07 8.01056e-07 
0.0119894 0.00245017 0.000107365 0.0336369 0.191198 0.00416331 1.84167e-08 0.508326 0.0334578 0.0201829 0.000672402 0.0069786 0.116827 0.00532999 0.0344976 0.00480612 0.00826691 0.0171098 
0.0276617 0.00827206 0.00121503 0.0342641 0.0413061 0.00241811 1.73333e-11 0.690995 0.00187477 0.0114616 0.000390004 0.000744055 0.0517124 0.00930267 0.0868244 0.00696951 0.000433327 0.0241554 
9.27169e-05 0.0095327 0.0104973 0.182303 0.0382826 0.0139638 5.76246e-05 0.427264 8.92442e-05 0.000124267 0.000285329 0.0234985 0.16478 4.4922e-05 0.00663752 1.46457e-05 0.00720263 0.115329 
0.0711883 0.0150514 0.0121198 0.209943 0.12561 0.00264182 8.2897e-05 0.306493 0.0010852 0.000111802 0.000129337 0.0330902 0.0856666 0.012289 0.0546471 1.95159e-05 0.00092672 0.0689043 
0.029249 0.000596322 0.00331058 0.217079 0.00882216 6.3762e-05 4.36909e-05 0.414667 8.4276e-07 0.000220339 0.00075326 0.0977662 0.158659 3.82046e-05 0.00041106 0.054759 8.54476e-05 0.013475 
0.0460449 0.000418518 0.000253691 0.229694 0.00858628 0.00169205 8.2281e-05 0.521438 4.93713e-05 9.44327e-05 0.0076074 0.00540065 0.0666101 0.000103983 0.00731355 5.83564e-05 0.00103651 0.103516 
0.0144901 0.0321723 0.0894349 0.126716 0.0167318 0.0062687 2.61073e-07 0.649718 3.89414e-10 4.04183e-10 2.67241e-10 6.58344e-08 0.00293636 0.00261009 0.0198441 2.37468e-08 1.36294e-05 0.039064 
3.00193e-05 0.00327712 7.20059e-05 0.0448188 0.145559 6.4838e-05 1.03844e-07 0.641055 1.74529e-05 1.24938e-08 0.005298 0.0247903 0.110075 4.68004e-09 0.0220338 1.56347e-05 1.25352e-05 0.00288091 
0.00661876 0.00188303 0.0352159 0.0105272 0.00285653 0.00905759 5.81535e-06 0.596688 0.00115518 0.00406061 0.0101639 0.0156999 0.217187 0.000229669 0.00781804 1.10241e-06 0.0287682 0.0520637 
0.0370828 0.000258962 9.16229e-05 0.0177385 0.0017171 0.00574149 0.0246715 0.435434 0.000852802 0.000162402 0.00209638 0.410337 0.0115126 0.00153196 0.000922692 0.0271855 2.22746e-05 0.0226403 
1.55672e-05 1.55673e-05 1.55651e-05 0.261627 0.0654094 1.55693e-05 1.5552e-05 0.277195 1.55579e-05 1.55573e-05 1.55631e-05 1.55718e-05 0.269429 1.55679e-05 1.55727e-05 1.557e-05 1.5571e-05 0.126137 
0.00832666 0.040596 0.00593627 0.0436784 0.0249961 0.0310802 0.0466394 0.385417 0.000199982 0.000423272 0.000708435 0.0385159 0.067733 0.00479097 0.0957075 0.00846586 0.00334808 0.193438 
0.0199932 0.00809304 0.012355 0.0781453 0.0602259 0.0171849 6.09528e-05 0.329815 0.00210179 0.000541405 0.00898098 0.112764 0.185308 0.00778707 0.108263 0.00732921 0.00879331 0.0322575 
0.00114065 0.00126082 0.000677541 0.0186511 0.0120132 0.00605304 7.89168e-06 0.47072 0.00191211 6.74642e-05 0.000782384 0.248682 0.209135 5.13792e-05 0.0122544 0.00289759 0.0103753 0.00331803 
7.74474e-05 0.000321541 0.000155938 0.000134465 0.03361 0.0149093 0.000135805 0.523506 0.000938302 0.00118123 0.00738189 0.337565 0.0124968 2.19647e-05 0.0609422 5.42281e-05 0.00436069 0.00220819 
0.00189601 0.0737844 0.000134805 0.0859754 0.00399259 0.00248855 6.95933e-07 0.46875 0.000882785 0.0102429 0.101105 0.0338278 0.0370076 0.000719983 0.16703 0.0117358 9.97336e-05 0.000325557 
0.0919757 0.00735142 0.129137 0.0520558 0.0649091 0.058406 0.000111803 0.399126 0.00181386 0.00851039 0.00400771 0.085398 0.0323223 0.00294725 0.0162509 0.0286029 0.000367856 0.0167064 
1.70786e-08 0.0144785 0.000613944 0.00808761 0.00842864 0.00771993 4.65869e-05 0.643721 5.52582e-05 5.84689e-05 0.000549949 0.00187605 0.240303 0.0365659 0.0210408 1.19028e-05 0.0132714 0.00317055 
0.000156687 0.0351005 0.000695361 0.279786 0.0156122 0.00996533 1.59311e-06 0.303326 0.00130052 0.000122332 0.015813 0.0692608 0.144771 0.00265974 0.114637 0.00242557 2.8814e-05 0.00433747 
0.00192897 0.0428502 0.0581581 0.176173 0.0907275 0.0487915 2.94412e-06 0.345769 0.000125694 0.0041937 1.09978e-06 0.0131275 0.0103294 0.0177306 0.087798 1.35258e-05 0.00205932 0.100219 
4.19972e-07 0.00776165 0.0191101 0.0271886 0.000915798 0.0641606 1.34224e-08 0.560488 3.98863e-06 0.012785 6.77133e-09 0.0209869 0.0667877 0.00371425 0.0639082 2.11326e-07 0.00254163 0.149646 
0.0334406 0.00700673 2.14132e-07 0.347616 0.000814255 0.00153485 5.16974e-07 0.601098 3.80033e-07 0.000436749 2.60804e-07 0.00145368 0.00422111 2.25749e-05 0.00235004 2.9049e-06 7.50169e-08 1.34808e-06 
0.00118843 0.00344754 0.0158297 0.00346838 0.00463998 0.0116778 3.32848e-08 0.592198 0.000115333 0.000283604 2.65566e-05 0.0314582 0.026649 0.00276982 0.305057 4.91019e-05 0.000507146 0.0006344 
0.000133253 0.0022893 0.149456 0.00278223 0.0826062 0.128059 7.80146e-07 0.289018 0.000568933 0.000114412 0.00153824 0.00298933 0.169807 0.000242342 0.0189195 0.000797792 0.000623006 0.150056 
4.38487e-06 0.00308456 0.000145685 0.00720943 0.00181104 0.000932853 1.79739e-06 0.892243 0.00168546 9.12402e-05 0.000787131 0.0554316 0.0261815 0.000281948 0.00329114 0.00098483 0.000216373 0.00561639 
0.0733681 0.00883166 0.040488 0.147298 0.024721 0.00193757 9.46159e-06 0.326269 0.000395094 0.000806087 0.0035058 0.0336761 0.204715 0.00132838 0.0329104 5.79685e-05 0.0087017 0.0909807 
0.0170495 0.0236987 0.00127658 0.0249909 0.00461065 1.61177e-05 7.7608e-08 0.823995 0.0008202 0.00159203 0.00137766 0.00431846 0.0624817 0.000166229 0.0218846 0.000105355 0.010528 0.0010878 
5.61762e-05 0.0513466 0.00203299 0.045328 0.00323812 0.00195493 3.92227e-06 0.662419 0.000211673 7.41743e-05 0.0322461 0.0661716 0.12012 0.000750339 0.00560951 2.27999e-05 0.000786232 0.00762762 
4.18751e-08 0.000257229 0.0327354 0.000129404 0.0164044 0.011575 7.83537e-06 0.826171 6.02952e-06 0.000207206 0.000104989 0.0189846 0.0603091 2.86842e-06 0.033068 1.35056e-06 1.08243e-05 2.42193e-05 
0.00793962 0.00296479 0.0138022 0.186165 0.161977 0.0127035 1.21214e-05 0.192138 0.00103995 2.14841e-05 0.000127232 0.149697 0.048574 0.098341 0.0945538 0.000572399 0.00543645 0.0239343 
0.000388804 0.00778919 0.00212654 0.0727758 0.0153351 0.00281241 3.02433e-08 0.635156 0.00127551 2.30418e-05 0.001383 0.0627879 0.171295 0.00411123 0.0201923 1.40055e-05 8.26987e-05 0.00245178 
0.0716323 0.00513401 0.00052666 0.0520505 0.0630606 0.00900115 2.09411e-05 0.310477 0.000449556 0.00290643 0.051806 0.159132 0.112131 0.00929883 0.0911133 0.000941218 0.0567576 0.00356024 
0.00181973 0.00216774 0.0649828 0.010629 0.0462304 0.328383 2.29715e-06 0.367343 0.00359187 4.9975e-07 2.17992e-09 0.00519358 0.00402501 0.0188104 0.0892853 0.000542446 0.000859461 0.0561338 
0.000610366 0.0168174 0.0250286 0.0774173 0.00562713 0.000188687 2.51044e-05 0.40719 0.000331275 3.7755e-05 0.0763287 0.0748773 0.267421 0.00428624 0.0270119 0.00437183 2.59516e-05 0.0124035 
0.000197257 0.0100868 0.00736804 0.0450721 0.0244391 0.0303094 1.07852e-05 0.503414 0.00434413 0.00939135 0.0246425 0.0583433 0.202384 0.000747396 0.0440428 8.26148e-05 0.0123913 0.0227337 
0.001803 0.00976069 0.00198481 0.0911886 0.0198509 0.00151757 2.24707e-05 0.452296 0.0077115 6.18363e-05 0.04754 0.0247375 0.205783 0.00535955 0.0794703 0.000520903 0.00227812 0.0481132 
3.09305e-05 0.000602052 1.95885e-05 0.00134759 0.00976219 0.00443994 2.03431e-07 0.421086 0.000112518 0.000579351 0.00444747 0.386319 0.130759 7.14734e-05 0.0027993 3.34446e-05 0.0023319 0.0352576 
1.34488e-05 0.000845966 0.00275139 0.0264498 0.0622106 0.00376605 6.50427e-07 0.665976 0.00131652 0.000378752 0.00342734 0.0878416 0.0788435 1.69381e-05 0.00334767 2.32042e-05 6.35053e-05 0.0627272 
0.00899691 0.00310832 2.76261e-05 0.00256258 0.024459 0.00904344 1.63698e-07 0.877987 0.0114982 0.00305833 6.50818e-05 0.000527891 0.0191777 0.000409336 0.0324312 0.00374434 2.85022e-05 0.00287448 
0.00703403 0.0467334 0.00230562 0.0774174 0.034172 0.00887132 1.55233e-05 0.387392 0.00165106 0.000382358 0.0198382 0.0772912 0.135077 0.00591904 0.0764418 0.109239 0.00166667 0.00855247 
0.0424675 0.0237587 0.193547 0.0189469 0.0940176 0.120909 4.01897e-05 0.206566 0.0152729 7.01729e-05 0.0330935 0.124395 0.0299699 0.00268172 0.0880203 0.00032754 0.00146762 0.00444844 
2.16718e-05 0.0146259 0.0179623 0.163388 0.0204696 0.0654781 7.2935e-08 0.518649 3.52932e-07 1.85809e-05 3.3813e-05 0.0395632 0.090305 0.000637421 0.0130056 0.0506601 0.000928769 0.00425274 
0.105003 0.0368683 1.94911e-05 0.0319846 0.0270292 0.0143198 5.5139e-07 0.23754 3.50908e-05 0.00591686 0.147697 0.0394958 0.147593 0.0143863 0.150343 0.000192153 0.0364274 0.00514749 
0.092627 0.00451166 0.00384734 0.0214816 0.0320843 0.0332097 2.64455e-05 0.426396 0.00488687 0.00237472 0.000170681 0.115389 0.0731822 0.00522451 0.0520488 0.0918829 0.00605106 0.0346051 
0.00961926 0.000736462 0.00335833 0.0488176 0.0197328 0.00112566 1.00486e-05 0.3927 0.00062654 0.000138451 0.00516095 0.276502 0.217025 0.000295346 0.010695 0.00543741 0.000806638 0.00721287 
0.0057493 0.0496416 0.000621868 0.108161 0.00966441 0.00338403 4.4755e-05 0.437566 0.000624663 0.00531408 0.00371999 0.0556255 0.122512 0.0011214 0.0346098 0.0393634 0.00520287 0.117072 
0.000163101 0.0220574 0.0054504 0.0181887 0.0109039 0.00127012 4.66275e-08 0.35015 0.000348391 0.00387815 0.112936 0.262503 0.136724 0.0326259 0.0187382 0.00087924 0.000186483 0.0229974 
0.0441657 0.0381221 0.00457178 0.0878895 0.000333887 0.000117036 1.54175e-07 0.769558 0.000310806 0.000104447 0.00878786 0.00413382 0.00923375 0.00166081 0.0304083 3.12906e-07 9.45772e-05 0.000507231 
0.00656012 0.0441712 0.00525937 0.0664953 0.0154194 0.0174081 3.24424e-05 0.260643 0.0665466 0.00121389 0.00409537 0.165525 0.1239 0.0381727 0.0531726 0.00236134 0.00122244 0.127802 
2.74967e-06 2.3339e-06 1.81764e-05 4.53933e-06 0.000181234 0.0104991 0.000819045 0.869021 2.84787e-06 7.22712e-08 4.7785e-08 0.0192561 1.73858e-05 8.96292e-05 4.32887e-05 5.19758e-05 1.9116e-05 0.0999709 
0.0626279 0.020534 0.0111262 0.0293039 0.0272042 0.0546796 1.23559e-06 0.400926 0.0130113 0.000111221 0.00290638 0.0329793 0.0231889 0.0194529 0.281768 0.0060447 0.00348608 0.010648 
0.00296183 0.00110248 0.00933233 0.181655 0.0266483 0.00348946 5.9011e-07 0.494246 0.00398388 0.00114877 0.00109775 0.0511107 0.127348 0.000673918 0.0725331 2.01568e-05 0.00189587 0.0207515 
0.0110761 0.00381619 0.0649598 0.224645 0.0117027 0.0502373 0.000128242 0.333896 1.69738e-08 6.49882e-05 0.000141555 0.184683 0.0281714 0.0283848 0.00421161 0.00223543 0.00381084 0.0478343 
3.6067e-05 0.00155365 0.00052561 0.00449145 0.00321721 0.000580261 2.01278e-08 0.907641 0.000116049 1.25609e-05 0.00107248 0.0013899 0.069372 0.000908438 0.00695503 3.20329e-05 0.00105175 0.00104433 
0.000634897 0.0494302 0.0103683 0.0148837 0.00389112 0.00755223 4.27666e-06 0.580968 0.000403807 0.00134092 0.0309774 0.00379152 0.133124 0.000824572 0.0358309 0.0152877 8.60885e-05 0.110601 
0.0373861 0.00352612 0.00566263 0.015817 0.0800889 0.0435323 0.00013127 0.378012 0.0030084 0.000724097 0.0249541 0.0344344 0.266991 0.000742919 0.065954 0.0266614 0.00197246 0.0104006 
3.32643e-07 0.0331124 0.000120092 0.0107263 0.020679 0.0116282 8.28817e-09 0.645976 1.72778e-07 0.00512265 0.0541605 0.123825 0.0507416 0.0130484 0.03043 1.02741e-05 2.34287e-07 0.000419432 
0.00640544 0.15591 0.0477015 0.0321797 0.103 0.067414 4.14146e-08 0.24658 0.0102677 0.00145893 0.0206672 0.0706585 0.185008 0.0106395 0.0230774 1.2332e-05 0.000166306 0.0188536 
0.122241 0.0103897 0.00340074 0.196412 0.0142415 0.0164971 2.28396e-05 0.238622 0.00390339 0.00411842 0.0436644 0.0906343 0.11775 0.00178259 0.0232276 0.00496942 0.0133223 0.0948 
2.99008e-10 0.00600567 1.95561e-06 0.00460611 0.00328315 0.000113421 9.45272e-10 0.984847 1.54905e-07 5.54822e-07 3.47572e-08 1.26509e-07 0.000620802 2.12116e-07 0.00050128 1.89577e-05 1.37166e-10 1.72549e-07 
0.00424971 0.0951107 0.00428401 0.056921 0.0215173 0.00894512 3.79536e-05 0.454042 0.00289372 0.00450434 0.00830184 0.0597895 0.216061 0.00426663 0.0385933 0.000149175 0.00385275 0.0164801 
0.124972 0.00048858 6.11226e-05 0.0279356 0.0165067 0.000453706 5.98246e-09 0.662245 0.000402712 0.00209038 0.00317395 0.0137423 0.0176216 0.0684227 0.0399661 0.00827495 0.00681176 0.00683098 
4.61418e-07 0.065163 0.000355675 0.00825117 0.00549029 0.0148909 1.88515e-09 0.485727 0.00428158 0.00190838 0.00839309 0.337639 0.0412255 5.3879e-10 0.000625985 0.000308232 2.72424e-08 0.0257393 
0.0256464 0.00573878 0.0327398 0.133454 0.0633967 0.00901101 9.51198e-06 0.437881 2.74134e-06 0.00046053 0.00442471 0.134099 0.0186708 0.000614225 0.0555782 0.0722593 0.00192707 0.0040857 
0.0141773 0.000717969 0.0062523 0.25369 0.0155088 0.00028747 7.76482e-07 0.382546 0.000598259 0.000690076 0.000874339 0.0144988 0.155123 0.000162148 0.00228493 1.68666e-05 0.000944251 0.151626 
0.000206367 0.0113812 0.000215693 0.0352759 0.00293052 0.0529572 1.70961e-05 0.757599 0.000579022 0.000284528 0.00447799 0.0686844 0.0396765 0.00601422 0.00843804 0.000347343 0.00770473 0.00321043 
0.000381457 0.0113335 0.0125329 0.00127486 0.0096879 0.0282966 6.87303e-05 0.463129 0.000151397 0.0133823 0.0307018 0.0933097 0.0638286 0.00514684 0.0290839 0.00117534 0.00703477 0.22948 
0.00303798 0.0019898 0.000128685 0.164277 0.128113 0.0139465 4.81592e-06 0.331658 4.8829e-05 0.00180852 0.000100981 0.055437 0.171645 0.00105886 0.0595767 8.87229e-05 0.000311669 0.0667677 
0.0191338 0.0269602 0.00106767 0.0806673 0.0371896 0.0248724 9.38778e-06 0.34111 0.00263007 0.00119082 0.0200844 0.0306728 0.314103 0.00871728 0.0555517 0.00371129 0.0101383 0.0221896 
7.40134e-06 0.00459688 0.00577354 0.0149348 0.0286417 0.000413325 1.61588e-07 0.932183 0.0014669 1.16349e-06 0.000767821 0.00319729 0.00606974 1.18985e-05 0.00137634 3.07294e-08 9.97809e-07 0.000556913 
0.00251616 0.0789893 0.00510931 0.138258 0.0471227 0.0197302 0.000177177 0.270948 0.00230149 0.000216932 0.0146472 0.0222264 0.12044 0.0058356 0.200988 1.51815e-06 0.00103496 0.0694571 
0.00917341 0.0205606 0.00347076 0.0230522 0.0214356 0.0063406 4.59118e-05 0.469305 0.00306453 0.00165585 0.050674 0.255244 0.0723404 0.000710664 0.02527 0.0188559 0.00071047 0.0180906 
0.0145643 0.0110359 0.0569124 0.0821658 0.0253565 0.017914 2.62132e-05 0.252614 0.00011237 0.00585895 0.00309014 0.15899 0.20378 0.00419546 0.0447089 0.000658253 0.0182503 0.0997667 
0.0945364 0.132416 3.5438e-05 0.167727 0.0655274 0.0107777 3.16272e-07 0.19415 2.43197e-05 0.00671862 0.00471816 0.125997 0.079155 0.00171415 0.111803 0.00129423 0.00310914 0.000296362 
4.19191e-05 0.0183818 0.000488314 0.0316439 0.00761802 0.000129152 2.01673e-06 0.823781 4.94781e-06 1.06475e-05 0.000201771 0.00283439 0.0120208 0.000496494 0.0570396 5.57465e-06 7.46717e-05 0.0452248 
1.42207e-05 0.0223354 5.47289e-05 0.0161516 0.0927244 0.0046472 3.30341e-07 0.659934 0.00648266 0.00237914 3.4356e-05 0.0712043 0.0798707 7.14509e-06 0.000932526 3.72635e-06 1.97857e-06 0.0432218 
0.0606348 0.00601707 0.00946988 0.135263 0.0293148 0.00588129 7.59156e-06 0.402749 0.00614263 0.000577196 0.00786649 0.0904386 0.181825 0.00177678 0.0357853 0.00219178 0.00736297 0.0166955 
0.000226785 0.00195523 0.000463949 0.0186058 0.00128701 0.000180565 4.57713e-07 0.567801 1.0255e-06 0.000156035 0.000213683 0.202553 0.19745 7.93953e-05 1.12138e-05 1.47774e-05 0.000347355 0.00865252 
0.223274 0.023834 0.00934277 0.0528763 0.00253601 0.00532979 1.35246e-06 0.300482 0.000354029 0.00401507 0.0103199 0.08056 0.262601 0.00166469 0.00718721 0.00143977 0.000230588 0.0139518 
0.000902125 0.00137125 0.000472661 0.036343 0.038488 0.00962376 3.80542e-06 0.424063 0.00027256 0.000258372 0.00050682 0.122358 0.255353 0.00760243 0.0501496 9.83578e-06 0.00963403 0.0425877 
0.181349 0.00432539 0.000542564 0.161956 0.0128654 0.000159728 0.000165059 0.512821 3.3177e-07 0.000755069 9.36596e-08 0.0207191 0.079347 4.13471e-05 0.000864883 2.53324e-06 0.00307066 0.021014 
0.00444248 0.00880441 0.0102582 0.0833127 0.0278238 0.00323322 0.000389659 0.539368 0.000231556 0.00466684 0.00182531 0.114955 0.106748 0.000955028 0.042962 0.000539588 0.0203529 0.0291302 
0.0339888 0.134868 7.60361e-05 0.126716 0.0635569 0.0703325 3.66113e-05 0.181553 0.00664246 0.0612136 0.0021793 0.0606812 0.0694994 0.0116441 0.154459 3.28769e-06 0.00651265 0.0160367 
1.7238e-09 0.000250834 6.61376e-06 0.0296965 0.00120193 0.00141583 0.00140075 0.863648 2.54364e-06 1.46002e-06 2.74919e-09 6.07306e-08 0.00187213 1.18176e-05 0.00233494 9.73243e-08 3.5282e-08 0.0981566 
0.000190167 0.00158044 0.169756 0.0174864 0.0190483 0.00207797 2.34788e-08 0.205979 0.000897452 0.000156291 0.000135353 0.148415 0.193328 0.0331114 0.0141386 2.71225e-06 0.029812 0.163885 
4.44584e-08 0.00726332 9.17051e-05 0.00960567 0.0196395 0.00203054 7.26225e-10 0.851203 8.60161e-05 7.6899e-05 0.0499325 0.00641118 0.0531518 6.07752e-05 0.00029811 0.000127151 2.28226e-06 1.97865e-05 
0.00214381 0.00738062 0.00757756 0.0928019 0.0040755 0.0306309 7.31336e-05 0.413302 0.0002095 2.21199e-05 2.88323e-05 0.333487 0.0369692 0.0274587 0.00385587 0.000205175 0.000178889 0.0395985 
0.000121409 0.000122515 3.81286e-05 9.31203e-05 5.49006e-05 0.00583024 6.78291e-06 0.44785 0.00165787 6.26774e-06 0.158606 1.96863e-05 0.385093 0.000217048 0.000200436 2.34881e-06 2.70238e-05 5.20385e-05 
0.00913504 0.0103266 0.000945667 0.0543294 0.0255734 0.00360767 1.61063e-06 0.713144 0.000113593 0.00018103 0.00525026 0.0395184 0.0598452 0.00152261 0.0431375 0.00825271 0.0174544 0.00766124 
0.0577927 0.00200495 0.00655066 0.0713451 0.0236181 0.0118972 0.000130852 0.326009 0.00868477 0.0156195 0.136123 0.115245 0.134163 0.00134129 0.0381214 0.00297677 0.00948 0.0388962 
2.46618e-06 0.000243786 0.0299465 0.0229863 0.00948463 0.00172536 0.000694171 0.846584 3.7047e-10 0.000181164 0.000185791 0.0409401 0.0108097 0.00108067 0.0305075 0.000246875 0.000104866 0.00427634 
0.000268253 0.00343605 0.0199266 4.24774e-06 0.0336827 0.160547 3.27183e-07 0.256744 0.00233395 0.00165478 0.153533 0.13401 0.0667006 0.00190951 0.00532402 3.26382e-05 0.00595716 0.153935 
0.000757851 0.00262315 0.00181047 0.0577698 0.00568284 0.000630622 2.66937e-06 0.639517 1.97369e-05 2.64492e-05 0.0127659 0.0803806 0.18225 1.49207e-05 0.00160725 2.42286e-05 0.0047562 0.00936067 
0.00018944 0.00218462 0.0532911 0.0801069 0.160561 0.133674 0.000243059 0.23796 0.0575077 0.00102532 1.45367e-05 0.0437606 0.0228936 0.00055716 0.000843976 2.01499e-05 6.99426e-05 0.205098 
0.0115646 0.0144553 0.00187514 0.0558118 0.0425173 0.0140684 2.04457e-05 0.374943 0.00194285 0.000182906 0.0124759 0.303589 0.0874666 0.000984736 0.013548 0.0317636 0.00150258 0.0312883 
0.0142272 0.0239906 0.00176957 0.155717 0.0319662 0.010446 7.20762e-05 0.349446 0.000142475 0.000973265 0.00584708 0.030889 0.265682 0.00733445 0.0723005 0.00319289 0.0173537 0.00864915 
0.000611274 0.00269261 0.182478 0.047546 0.00942155 0.0210991 9.23835e-08 0.652913 0.00328569 0.00251482 2.80024e-05 0.0375562 0.00205839 9.20908e-05 0.027435 4.72746e-05 3.16742e-05 0.0101888 
0.000385984 0.00405158 0.00538943 0.0368143 0.0112524 0.00135582 2.74685e-06 0.645144 3.99154e-05 0.000335352 0.00110159 0.0065403 0.109896 0.00151659 0.0240136 1.43238e-05 7.58038e-05 0.152071 
0.0013864 0.0132775 0.299575 0.0384926 0.0244227 0.0211296 2.52356e-06 0.412771 0.00339905 0.00948096 0.00719854 0.0196612 0.0412322 0.0125354 0.0434363 0.00012061 0.013026 0.0388531 
0.00939161 0.00619846 0.0281631 0.0886727 0.0276112 0.0329501 7.19882e-05 0.36528 0.00207006 0.000122316 0.00797299 0.0593835 0.298939 0.00203934 0.0306357 0.00432604 0.024625 0.0115466 
9.98935e-05 0.00253538 0.00030811 0.013753 0.00267932 0.000112132 1.19327e-08 0.859714 4.49652e-08 1.82056e-06 0.000317111 0.00261484 0.105148 0.00149989 0.00900018 1.45596e-05 0.000125375 0.00207663 
7.37496e-06 0.0133215 0.0201047 0.0736242 0.230469 0.00896116 6.39941e-08 0.259329 0.168778 0.00384668 0.00275534 0.0152804 0.114191 0.00269952 0.08588 0.000740917 8.8748e-06 1.10268e-06 
0.00744655 4.92058e-06 5.1388e-05 0.00809908 0.00940378 0.000130627 3.05546e-05 0.448417 8.68205e-08 1.04618e-05 0.0039512 0.231453 0.176774 0.000334957 0.000700963 0.000336495 0.000938493 0.111916 
0.00444404 0.0664819 0.0114778 0.0187299 0.0522451 0.0465373 1.84737e-05 0.296511 0.0579383 0.00792633 0.00412599 0.179065 0.16687 0.00546731 0.0187972 0.047398 8.11387e-06 0.0159583 
0.000148104 0.00853721 0.000292311 0.266104 0.0101969 0.000788797 1.41608e-06 0.534297 0.00101203 1.54108e-05 0.000409311 0.0630193 0.0763264 0.00529942 0.0270699 2.1558e-06 0.00249561 0.00398457 
0.0012843 0.00149958 0.0426747 0.0796368 0.0203975 0.00644532 3.38897e-05 0.592677 1.27817e-05 2.02726e-05 0.0471364 0.0203708 0.121173 0.00102762 0.00637803 3.4636e-05 0.0272414 0.0319556 
3.33366e-05 0.00263199 0.00115324 0.0118407 0.00617909 0.0366234 7.0142e-06 0.56702 0.00217212 0.000262 0.00124374 0.0578987 0.217649 0.000330845 0.0149873 4.98941e-05 0.0324581 0.0474589 
0.000199754 0.0218629 1.98954e-05 0.011171 0.00360998 0.00150729 1.70102e-06 0.835963 2.34065e-05 9.44421e-06 0.00583296 0.0206881 0.0855716 0.000507193 0.00424517 4.14849e-06 0.00105326 0.00772918 
0.00227842 0.00342493 0.0210506 0.0844081 0.0155221 0.000306397 5.26512e-06 0.260108 0.000418426 0.00323013 0.00148889 0.218351 0.0621072 0.00120862 0.0243453 1.14042e-05 0.0438801 0.257856 
0.00114936 0.00124036 0.0403687 0.0449946 0.0030125 0.000650665 2.4675e-07 0.798376 1.62138e-10 2.0412e-07 7.81281e-05 0.037886 0.0131837 8.58852e-05 0.000106211 0.000178383 0.000420299 0.0582687 
0.00014776 0.0020668 0.000376348 0.000421557 0.0590645 0.0733429 5.38792e-07 0.409829 0.0671401 0.311709 0.00155801 0.0472889 0.0191992 0.000253597 0.00654775 8.45012e-07 0.000228742 0.000824865 
0.0175905 0.00715378 0.172903 0.0479002 0.0190075 0.102486 0.00011074 0.351947 0.0019963 0.000234582 0.0015303 0.0284873 0.0975798 0.000747132 0.0175053 0.102897 0.0243869 0.00553671 
0.00386976 0.00118338 1.90001e-05 0.0707506 0.000779007 0.000488544 1.91693e-06 0.562975 0.000355617 0.000312939 0.00144598 0.155312 0.178366 0.0026974 0.0194094 1.26277e-05 0.000156163 0.00186516 
0.096505 0.00462295 0.000365262 0.0637939 0.116978 0.0279461 0.000107812 0.223933 0.00120768 0.00913026 5.7676e-05 0.0170113 0.123804 0.0112206 0.0904063 0.204248 0.000378946 0.00828275 
0.00512634 0.0564978 0.0123875 0.0191998 0.117592 0.0343 3.25111e-07 0.553851 0.00137722 0.000978374 0.00260082 0.0228812 0.0452908 0.00056356 0.122333 1.17062e-06 0.000328187 0.00469101 
4.97436e-05 0.0913339 0.0097958 0.0237395 0.00592063 8.2907e-05 1.82189e-07 0.77927 3.39869e-05 1.9302e-06 0.000686042 0.000149746 0.0615662 4.00904e-06 0.024624 0.00177271 0.000336082 0.000632223 
0.0151868 0.00626374 0.0148924 0.0272185 0.00506786 0.0147674 1.2021e-05 0.403759 0.00502105 0.00106296 0.00912269 0.241134 0.133772 0.000844748 0.0499167 0.00109759 0.00631805 0.0645433 
0.000603848 0.000539863 0.000259563 0.00103109 0.00383506 0.00109162 7.85341e-11 0.444961 0.00320332 0.0131064 0.000295244 0.158777 0.355057 0.000240741 0.00682117 0.000901645 0.000108042 0.00916797 
0.00230692 0.0351136 0.0885288 0.165951 0.0342373 0.000425914 7.50948e-06 0.287621 5.90777e-05 0.00213353 0.00481421 0.0131978 0.201695 0.0305833 0.0880789 1.29237e-05 0.000717703 0.044516 
0.000265442 0.00412846 6.67183e-05 0.000363102 0.000591775 0.000738839 0.000529345 0.787391 1.03674e-05 1.20331e-06 7.95617e-07 0.0212794 0.175364 0.00128951 0.00724821 2.9992e-07 0.000288627 0.000443424 
0.00106065 0.0073721 0.0340691 0.104349 0.157107 0.0601368 6.00078e-05 0.192118 0.0224408 0.00997528 0.00379777 0.0815849 0.154767 0.00336182 0.127942 1.08241e-05 0.0239524 0.0158944 
0.000764335 0.00513316 0.134744 0.0469261 0.0149019 0.00069701 0.000388048 0.555685 7.23311e-06 5.93818e-05 0.00444149 0.0859568 0.0662477 2.32405e-05 0.00204808 3.97984e-05 3.00716e-05 0.0819069 
0.0170765 0.167234 5.03576e-05 0.0038007 0.0301678 0.0479105 0.000117606 0.391524 0.00174715 0.00125926 0.16354 0.111742 0.0289536 0.000242444 0.0265823 0.000103081 0.00407458 0.00387355 
0.00381397 0.00223593 0.00206831 0.179147 0.00314865 0.000157074 3.48899e-06 0.545624 8.41965e-07 0.00103526 0.0323895 0.0194946 0.0448378 0.000209364 0.00801162 0.0994999 1.30676e-06 0.0583223 
0.0440246 0.0160873 0.000388873 0.104765 0.00312052 0.000580426 1.59647e-05 0.358187 0.000185079 0.000198561 0.0163198 0.19621 0.137817 0.0018113 0.034532 8.2854e-05 0.00292368 0.0827497 
0.0210913 0.012954 0.00267259 0.224003 0.00401529 0.000817647 7.12876e-07 0.305834 0.00099661 0.000581148 0.0102538 0.146384 0.160838 0.000586547 0.0606348 0.0118672 0.00252632 0.0339434 
0.00900249 0.00393652 0.0177268 0.0355687 0.0761945 0.0536739 4.23243e-07 0.330877 0.000158324 0.0122578 2.12649e-07 0.141139 0.0866839 0.000943935 0.0480337 1.13397e-07 0.0101277 0.173676 
0.0126572 0.116713 0.00100122 0.225183 0.00864877 0.0051735 4.13372e-06 0.256968 0.00021781 0.00055731 0.0102138 0.039971 0.194756 0.00893129 0.098544 0.00130611 0.00921158 0.00994183 
1.06813e-05 0.00784366 1.84592e-05 0.0106081 0.0146677 0.173049 0.000101372 0.479859 1.51221e-05 0.000372205 1.61201e-05 0.00162058 0.0232459 0.000784411 0.0239953 2.37583e-06 3.30858e-07 0.263789 
0.00257626 3.78901e-07 0.000730837 0.00836019 0.00433036 0.00916031 5.87419e-07 0.73348 2.14134e-07 0.00014459 2.78275e-06 0.241073 1.5671e-06 0.000107853 2.98942e-07 3.01104e-05 3.83449e-08 1.05471e-06 
0.000931155 0.00134169 0.022686 0.115206 0.0983057 0.00615789 4.6953e-06 0.243971 0.0145552 0.000311084 0.00138811 0.0222656 0.147622 0.0707221 0.0578427 3.72525e-05 0.0178621 0.178789 
0.00482935 0.00928309 0.00291338 0.0355346 0.0392666 0.0261685 1.30245e-07 0.579832 0.00771815 3.49847e-05 0.00104065 0.172942 0.0315309 0.000876351 0.0521439 0.0350506 0.000280784 0.000554553 
0.119324 0.00791339 0.0220758 0.0956671 0.025296 0.00615515 0.000456486 0.318469 0.000448827 0.00127782 0.000658804 0.153303 0.143309 0.00282369 0.0410218 0.021643 0.0134655 0.0266911 
0.00636232 0.00165692 0.136215 0.0453386 4.73302e-06 0.0240417 6.90718e-10 0.770329 1.43024e-07 0.000760006 3.64563e-06 0.00573265 9.58059e-07 6.13207e-07 0.00723554 1.31355e-10 2.43626e-05 0.00229332 
0.0616385 0.00023453 0.000328434 0.0530396 0.00554769 8.63197e-05 8.17017e-06 0.405267 0.000244013 2.6001e-05 0.000297905 0.176845 0.25123 0.000659478 0.0103382 0.0271391 4.71649e-05 0.00702322 
5.15247e-11 0.0357724 0.0208259 2.66319e-06 0.0881163 0.136456 7.98315e-07 0.391131 1.19741e-10 1.24282e-10 1.93118e-06 0.219097 8.93196e-12 5.63359e-07 0.0660128 1.19292e-05 2.36364e-11 0.0425704 
0.000147912 0.00218394 0.000990931 0.0072132 0.00208483 4.05938e-05 3.33929e-07 0.537097 3.62887e-05 9.05336e-05 0.0369406 0.00741599 0.376353 0.000155418 0.00855941 3.83065e-10 0.0206875 2.58409e-06 
0.0551384 0.0529526 0.00141741 0.101857 0.00168032 6.02709e-05 2.84524e-06 0.318458 0.000352267 1.97051e-05 0.0431404 0.133568 0.233562 0.0160215 0.0291061 5.81181e-05 0.000550181 0.012056 
0.0010402 0.00559113 0.238636 0.0603919 0.0113767 0.000214023 3.0776e-09 0.456485 3.69996e-06 0.0013855 0.00322331 0.0193013 0.0836589 0.000214685 0.0202355 2.49677e-05 0.000394099 0.0978231 
0.0105024 0.0684224 0.000140242 0.216661 0.0279402 0.000468107 1.40646e-07 0.467896 0.000137874 0.00026998 0.00511863 0.00786932 0.162449 0.00194573 0.0293224 1.3043e-05 0.000129664 0.000714378 
0.00292617 0.0108909 0.020045 0.0241497 0.0407142 0.0227223 4.22506e-06 0.612762 4.22248e-05 0.00114961 0.0144578 0.0181634 0.147029 0.00220765 0.0692653 1.5385e-05 0.00158308 0.0118715 
2.04561e-06 0.00147314 4.27135e-05 0.00354716 0.000930183 0.425469 2.66948e-06 0.464465 2.61627e-05 0.00011 0.0351461 0.0593687 0.00702087 1.86308e-06 0.0019418 0.000404772 7.24126e-09 4.81703e-05 
0.00194213 0.000459581 3.90807e-05 0.0118676 0.0690144 0.000877347 9.33447e-05 0.620174 0.00468863 0.00549232 3.03293e-05 0.0111794 0.238507 0.000278485 0.0220556 1.03062e-06 0.00454002 0.00875934 
0.0164537 0.0102873 0.000311186 0.0302377 0.019805 0.0462655 8.89329e-07 0.547383 0.00432971 0.000268018 0.0269994 0.139754 0.133242 0.000158247 0.0201025 1.87705e-07 6.65858e-05 0.00433396 
