0.000952794 0.143922 0.128821 0.0413348 0.011839 0.00267561 2.97492e-05 0.434355 6.89198e-05 0.000432462 0.0099302 0.0807453 0.0798564 0.00647858 0.026587 0.00249598 0.00545518 0.0240205 
2.82973e-07 0.0933835 0.0116491 0.0785445 0.0705781 0.101414 2.01812e-08 0.221774 0.0752544 4.91731e-10 0.000802468 0.0760875 0.126063 0.000625031 0.101384 1.94157e-06 0.00675064 0.0356882 
2.46618e-06 0.000243786 0.0299465 0.0229863 0.00948463 0.00172536 0.000694171 0.846584 3.7047e-10 0.000181164 0.000185791 0.0409401 0.0108097 0.00108067 0.0305075 0.000246875 0.000104866 0.00427634 
0.0226673 0.00170891 0.000393203 0.125743 0.0113348 0.000447084 3.30944e-06 0.427216 3.55817e-05 0.000287672 0.000334341 0.253248 0.119955 0.00123477 0.0236091 8.25148e-06 0.00043368 0.0113396 
8.91609e-07 0.00553899 0.000311015 0.00160856 0.000664288 0.00127051 1.76429e-08 0.90958 0.00442064 0.00017922 0.00176333 0.0609334 0.00997291 2.89415e-05 0.00170245 0.00107242 1.95634e-07 0.00095229 
0.00144116 0.0626177 3.04975e-05 0.0699093 0.261598 0.0138264 5.87369e-06 0.278967 0.000274736 0.00322704 0.000938573 0.00675134 0.153403 0.034127 0.0950047 0.0121382 0.000779014 0.00496064 
0.0139228 0.00756571 0.0373388 0.123056 0.0473698 0.0494539 3.07634e-05 0.542228 0.00485518 0.00676981 0.00237004 0.0171032 0.0317331 0.0026835 0.0680329 0.000243675 0.0221966 0.0230455 
0.0109938 0.0164743 0.0155964 0.00984748 0.0150654 0.00475758 6.06709e-07 0.401782 0.0423233 0.0862689 0.0052306 0.250297 0.0773093 5.52316e-05 0.0158052 0.014977 0.000322489 0.0328935 
0.00831643 0.000522872 0.0457048 0.0431797 0.00643483 0.0159366 2.39901e-05 0.6309 6.3652e-05 0.00837923 0.00242843 0.129793 0.035582 0.0142812 0.014352 0.00981245 0.00589845 0.02839 
0.0791154 0.00659958 0.036938 0.131286 0.0123818 0.000394526 0.000440706 0.494505 0.000321978 0.000431766 0.00386404 0.0480001 0.104065 0.000536926 0.030614 0.0111254 0.0121101 0.0272693 
0.00257626 3.78901e-07 0.000730837 0.00836019 0.00433036 0.00916031 5.87419e-07 0.73348 2.14134e-07 0.00014459 2.78275e-06 0.241073 1.5671e-06 0.000107853 2.98942e-07 3.01104e-05 3.83449e-08 1.05471e-06 
0.0278078 0.00046543 0.000175801 0.151533 0.00462402 0.0015759 4.44368e-05 0.586314 6.53998e-05 0.000417072 0.000377707 0.0382416 0.0904523 0.00400223 0.0117506 0.0146619 0.0660327 0.00145825 
2.73832e-10 0.00060912 0.0550737 0.00342094 0.00460043 0.000845442 0.00173458 0.870968 6.36373e-10 0.000166121 0.000464108 0.0536841 0.00287603 2.34202e-07 0.00555547 4.57855e-07 1.25617e-10 1.41097e-06 
0.0066007 0.00897203 0.00196009 0.0671208 0.0462691 0.002493 1.54317e-09 0.250022 0.000205039 0.129288 0.00207481 0.156218 0.192265 0.00113492 0.130021 5.84951e-05 0.00104275 0.00425344 
0.116276 0.0100957 0.00196569 0.0635383 0.0240778 0.00370958 1.57473e-05 0.354391 0.00018588 0.151304 0.00208654 0.0810993 0.100835 0.000459825 0.0311009 0.024541 0.0324042 0.00191352 
0.035064 0.00713314 0.00189875 0.0518949 0.0102458 0.00238696 1.21304e-06 0.522872 0.00212431 0.00158817 0.0044473 0.146041 0.154948 0.00793128 0.0253505 0.00123385 0.00405932 0.0207792 
0.0116726 0.00103672 0.0135743 0.0966495 0.0777904 0.0371767 6.02877e-05 0.351492 0.00524766 0.00025476 0.127864 0.0329592 0.0231658 0.0225852 0.0916893 0.000272484 0.00808454 0.0984244 
0.0104137 0.0048238 0.0119807 0.0211761 0.0311994 0.0505119 3.88156e-05 0.258922 0.0427956 0.00179392 0.0116201 0.135022 0.165029 0.00110628 0.0120692 0.174155 0.00237917 0.0649645 
0.0144089 0.0216533 0.004773 0.00609729 0.00673165 0.00298731 5.15587e-06 0.787688 0.00247674 0.000861446 0.0313982 0.00660942 0.0963995 3.63444e-05 0.0121819 0.00186366 0.00153969 0.00228872 
0.00199826 0.000961348 0.000401099 0.00527808 0.00547469 0.181912 2.35995e-06 0.426459 0.031061 0.000486811 0.00540419 0.22415 0.0271228 9.8736e-05 0.0182288 0.0236139 2.03401e-05 0.0473262 
0.00960327 0.0375849 0.0176436 0.0685822 0.0337292 0.0405019 3.60782e-06 0.379957 8.07086e-05 0.0144547 0.00460479 0.23062 0.0801526 0.00256049 0.0521257 0.00128614 0.00111416 0.0253953 
0.0285071 0.00174696 0.00401018 0.0508264 0.0059834 0.00197591 0.000191132 0.56104 0.000718388 0.000439058 0.0199615 0.110394 0.124946 0.00174484 0.019088 0.0258361 0.00468989 0.0379009 
0.0109796 0.00495482 0.000390516 0.0476742 0.0170422 0.0341407 1.11215e-05 0.686142 0.00947795 0.00640437 0.00560435 0.0872207 0.0688706 0.000284077 0.00899794 0.000469261 0.00979678 0.00153839 
0.00166081 0.00426276 0.00204037 0.0347958 0.00870355 0.0185811 2.25498e-05 0.22117 0.000143951 0.0105561 0.00170003 0.206662 0.173859 0.00725043 0.0515517 0.00039124 0.102916 0.153732 
3.42722e-10 0.0417484 0.0244148 0.0343919 0.0299711 0.00243963 1.08347e-09 0.542633 0.151685 0.000506515 0.0110077 0.0309047 0.0384092 0.068434 0.0136924 2.06045e-10 0.00117349 0.00858858 
0.00805503 0.000641143 0.00622836 0.180559 0.00255505 0.00139998 2.62588e-06 0.240914 3.79058e-08 7.38355e-05 0.00134335 0.195495 0.229839 0.0221717 0.023845 0.00366498 0.0537603 0.0294508 
0.000116594 0.0277533 0.0308908 0.106652 0.0129152 0.310321 7.90031e-06 0.34674 4.31139e-05 6.39988e-06 0.00377809 0.0666887 0.0864561 4.07972e-06 0.00698993 0.000606889 1.77565e-06 2.77601e-05 
0.00259628 0.0757028 0.00900315 0.161705 0.0125713 0.00437092 1.00832e-05 0.407993 1.92208e-06 0.00824382 0.0062374 0.131173 0.11104 0.00605413 0.0310569 1.2898e-05 0.0240943 0.0081335 
0.00913504 0.0103266 0.000945667 0.0543294 0.0255734 0.00360767 1.61063e-06 0.713144 0.000113593 0.00018103 0.00525026 0.0395184 0.0598452 0.00152261 0.0431375 0.00825271 0.0174544 0.00766124 
0.000351225 0.0427734 4.66162e-07 0.0114051 0.0095275 0.103271 9.38457e-06 0.320988 0.00335021 0.000801155 0.161059 0.0831053 0.0405634 0.00131468 0.0419726 7.70457e-05 0.000758373 0.178672 
0.000469238 0.190626 2.66698e-06 0.00825571 0.0550199 0.0210972 1.02725e-05 0.328706 2.41871e-06 3.0905e-06 0.0108815 0.156807 0.101679 3.24004e-05 0.0584161 2.44576e-06 0.000288224 0.0677006 
0.000334728 0.0161977 0.036559 0.0181505 0.00621124 0.0174825 5.27961e-07 0.619877 0.000272689 7.00481e-05 0.00833747 0.141674 0.0751474 0.0027845 0.0492133 1.23967e-05 0.000238231 0.00743643 
0.00303595 0.0243544 0.019121 0.0504722 0.0506838 0.0169449 0.000108473 0.474378 0.00184715 0.00583207 0.025964 0.176165 0.0813014 0.000786952 0.0249879 0.00548338 0.00111912 0.0374145 
0.000289602 0.0264141 0.00220512 0.0909438 0.0589601 0.00325875 3.08965e-08 0.523977 0.000121768 1.21951e-07 0.0011261 0.00142865 0.181201 0.00100975 0.0333473 3.46624e-05 0.035182 0.0405 
0.132487 0.00122975 0.0197541 0.173807 0.0213987 3.95816e-05 2.00386e-06 0.430299 1.85048e-06 0.00159408 0.000301669 0.0917196 0.0587723 0.00686229 0.0382567 0.00340617 0.0121196 0.00794905 
0.0148673 0.204147 0.000370552 0.0845041 0.0279788 3.9081e-07 2.53028e-08 0.337246 8.01072e-05 7.76396e-08 0.00182272 0.0916904 0.116331 0.000226639 0.110693 1.46633e-08 1.88287e-05 0.0100234 
0.000718771 0.0680223 0.00106971 0.000647843 0.00281487 0.00122231 8.45864e-07 0.873531 0.000735134 0.00181075 5.48344e-07 0.000682359 0.0104075 0.00175826 0.0308809 0.000950571 3.21862e-08 0.00474647 
0.00038695 0.00224782 0.0261381 0.0654804 0.104118 0.000769417 8.36816e-05 0.575017 4.37458e-05 4.86826e-05 0.00512643 0.110271 0.0257005 0.00127213 0.0260923 2.58281e-05 0.001141 0.0560372 
0.000760958 0.000905323 0.000554441 0.000548659 0.00532108 0.0249961 2.07722e-06 0.786448 0.000939489 0.0176642 0.000917831 0.133904 0.00367353 1.08166e-05 0.00842618 9.97852e-05 1.46053e-07 0.0148282 
0.000707535 0.00452019 0.0177819 0.00394776 0.00642262 0.0358825 0.000161211 0.44181 0.00718448 0.00908128 0.0297218 0.0196126 0.376338 0.00126161 0.0239447 1.52905e-05 0.00170905 0.0198982 
0.0334393 0.00652205 0.0321856 0.191163 0.00526351 0.00198507 6.57012e-05 0.628511 1.62083e-06 5.54129e-06 4.06776e-06 0.00267904 0.00464872 0.000232149 0.010875 2.15547e-05 0.0674399 0.0149577 
0.00270281 0.0111808 0.00800514 0.0531172 0.00899766 0.00217963 3.59359e-06 0.682576 5.4034e-06 0.000110923 0.0064805 0.0711689 0.0551004 0.00149004 0.0462852 0.0255184 0.000222637 0.0248546 
4.33291e-05 0.0085866 0.0131616 0.114272 0.0499751 0.0185088 1.15321e-05 0.388835 0.00237347 0.000890636 0.015712 0.05754 0.253837 0.00651366 0.0404451 0.000220433 0.00137548 0.0276991 
0.0501926 0.0165853 0.00116938 0.124908 0.0055582 0.00495267 5.82126e-06 0.346538 0.00016386 0.000541907 0.00973641 0.107457 0.237334 0.00109937 0.0226177 0.010967 0.0102034 0.0499701 
0.0766839 0.036622 0.00147968 0.174634 0.0308579 0.024504 2.49308e-08 0.222463 0.000147036 0.000887662 0.000944142 0.0504619 0.161224 0.0234115 0.151724 4.4528e-05 0.00717984 0.0367305 
0.00648394 0.107789 0.0271584 0.079095 0.0283372 0.0175991 6.38898e-07 0.497304 0.00123932 0.000351805 0.0140116 0.00617315 0.17638 0.000534383 0.0290612 0.000123262 0.00335055 0.00500801 
0.00865418 0.0021406 0.0652604 0.0720759 0.00801932 0.000221454 0.00186086 0.403412 5.99338e-06 7.36797e-06 0.00149707 0.303027 0.0827537 0.00151819 0.00429533 0.000221727 4.8878e-05 0.04498 
0.000409611 0.017546 0.0168077 0.0055142 0.00312247 0.00649245 2.50006e-07 0.731994 0.00168211 0.00155569 0.0683615 0.00339329 0.110945 0.00112418 0.0285677 0.000147337 0.000299417 0.00203757 
0.114877 0.000404261 0.000182338 0.085988 0.00826253 1.41809e-05 4.88838e-06 0.490842 6.95558e-05 3.76603e-05 5.84416e-12 0.0462343 0.218185 0.00178482 0.0267567 0.00288013 8.17857e-05 0.00339516 
0.000171168 0.00189778 2.79489e-05 0.053698 0.0881255 0.0177892 6.74449e-05 0.571665 0.0458433 9.64063e-06 0.000497354 0.000346094 0.170801 0.0147483 0.00971512 8.8448e-05 0.0022482 0.0222603 
0.0110967 0.0218347 0.00579197 0.0954517 0.0210347 0.00870509 2.87214e-05 0.484578 0.00253622 0.00738988 0.035566 0.128518 0.0794951 0.000645039 0.0326387 0.0255203 0.00499273 0.0341769 
0.00130952 0.00371494 0.0798738 0.108174 0.0387844 0.00901427 2.89144e-08 0.305982 9.43124e-06 3.45515e-05 2.73379e-06 0.0494104 0.295055 4.28778e-05 0.0030292 3.18961e-06 0.0242365 0.0813222 
2.73832e-10 0.00060912 0.0550737 0.00342094 0.00460043 0.000845442 0.00173458 0.870968 6.36373e-10 0.000166121 0.000464108 0.0536841 0.00287603 2.34202e-07 0.00555547 4.57855e-07 1.25617e-10 1.41097e-06 
0.0991909 0.00331415 0.00130317 0.247051 0.0165725 4.98607e-05 9.78495e-09 0.325557 1.21585e-07 0.00108252 2.85132e-08 0.0635456 0.207155 3.36209e-08 0.000558818 2.94028e-05 0.000260907 0.0343291 
0.00036241 0.00498348 0.00275318 0.0471409 0.0146782 0.000179308 7.5619e-08 0.447538 2.25533e-05 0.000309132 0.000805692 0.023422 0.391195 0.00223843 0.0354605 9.67662e-06 0.0102553 0.0186462 
0.000952367 0.00643855 1.97345e-05 0.0620055 0.0986507 0.0520557 0.000330447 0.34522 0.000343744 0.00167476 0.0626204 0.147685 0.110816 0.000505438 0.018226 2.10767e-05 0.001669 0.0907648 
3.18245e-06 0.0210925 9.94675e-05 0.0314842 0.0479794 0.0185534 2.129e-08 0.336346 0.228739 0.00488016 0.00182095 0.0422426 0.128903 0.000750753 0.113879 0.000463316 0.0091116 0.013652 
0.00016049 0.000728487 0.0626568 0.00624189 0.170959 0.128972 1.01724e-07 0.453293 2.03365e-06 0.0991674 0.00153186 0.0133581 0.0259272 1.04142e-05 0.0205285 7.10383e-05 3.61466e-05 0.0163555 
3.6546e-07 0.115204 0.175171 0.0122942 0.0161469 0.0256275 1.16548e-07 0.466868 0.0012674 0.000739561 0.0043203 0.0464263 0.112906 0.0018845 0.0123691 0.000128528 0.0039845 0.00466149 
0.000116341 0.00374074 1.67438e-05 0.163283 0.0508052 0.059211 2.05571e-09 0.39176 0.00498426 7.11467e-06 0.000390571 0.192467 0.123326 0.0031845 0.00503985 3.90938e-10 1.18396e-05 0.00165535 
0.0731781 0.00261608 0.0225799 0.190316 0.0154639 0.00206624 1.27554e-05 0.276581 0.000262928 0.000543932 0.00147491 0.0676517 0.244735 0.00161158 0.0212004 0.00692312 0.0066307 0.0661518 
1.06813e-05 0.00784366 1.84592e-05 0.0106081 0.0146677 0.173049 0.000101372 0.479859 1.51221e-05 0.000372205 1.61201e-05 0.00162058 0.0232459 0.000784411 0.0239953 2.37583e-06 3.30858e-07 0.263789 
0.000334728 0.0161977 0.036559 0.0181505 0.00621124 0.0174825 5.27961e-07 0.619877 0.000272689 7.00481e-05 0.00833747 0.141674 0.0751474 0.0027845 0.0492133 1.23967e-05 0.000238231 0.00743643 
0.000890668 0.0115602 0.000872216 0.282515 0.00694429 3.03369e-05 4.14419e-09 0.442142 8.9742e-07 1.90957e-07 2.29719e-05 0.0162751 0.111214 0.000605913 0.0754193 1.77706e-06 0.000211829 0.0512932 
0.00415186 0.00366979 0.0501652 0.203957 0.00979016 0.000914725 8.7184e-06 0.400866 0.000679113 0.00768227 0.00334964 0.0443039 0.162273 0.00112161 0.0252432 0.000198481 0.00526453 0.0763611 
0.00946697 0.0624155 0.0125197 0.050182 0.0469594 0.0631419 3.06232e-06 0.273544 0.041933 0.000842403 0.0125209 0.0640259 0.210532 0.00559194 0.0639953 5.97672e-05 0.000876663 0.0813897 
0.00138358 0.0090121 0.00713872 0.000516341 0.0250308 0.017991 0.00210151 0.838073 0.00159182 0.00527097 0.00164354 0.0206763 0.0157025 5.94185e-05 0.0115832 0.0143649 0.0172464 0.0106135 
0.000258432 0.00813864 0.00230391 2.76012e-10 0.0245394 0.123846 2.83614e-09 0.360998 0.00592033 0.0004965 0.0439222 0.237134 0.137585 0.000273425 0.0318811 1.47037e-07 0.00344525 0.0192581 
0.0556059 0.0114891 0.0139061 0.184487 0.0279234 0.0127541 2.57058e-05 0.214267 0.00162729 0.0301614 0.00378358 0.158123 0.185699 0.0135564 0.030091 0.00274324 0.0136514 0.0401062 
0.00358483 0.0262538 0.000104527 0.0390475 0.00445573 0.00316968 4.06805e-06 0.65022 0.000186799 6.31931e-05 0.0124993 0.220871 0.00712623 0.000646639 0.0314315 0.000124369 5.49173e-05 0.000155869 
8.72072e-05 0.00240651 7.26382e-06 0.00063032 0.00734957 0.00387528 1.75368e-05 0.97662 0.00166893 1.33804e-05 0.000380968 2.36969e-05 0.00142763 8.7013e-06 0.00113255 0.000183783 2.54473e-06 0.00416413 
5.11642e-05 0.000225651 0.00275525 3.07457e-07 0.0357035 0.0035538 1.68388e-07 0.361323 0.000140544 1.21991e-06 2.05677e-07 0.0214123 0.357353 2.75462e-05 0.00289398 2.20516e-08 9.95478e-06 0.214548 
0.000256307 0.0295959 0.000525445 0.0251998 0.0973992 0.108315 4.08314e-10 0.268691 0.000299678 0.044022 0.00485785 0.20826 0.108477 0.000391313 0.0151665 1.91197e-05 0.000278498 0.0882448 
0.00348984 0.0136923 7.38891e-05 0.0729746 0.0125294 0.00598794 1.0468e-06 0.683049 0.00405084 0.000375722 0.00881851 0.061862 0.118192 0.003344 0.010712 0.000114122 0.00016414 0.000568248 
0.000345072 0.035801 3.05798e-09 0.232137 0.000461698 2.67106e-08 9.27408e-08 0.459124 0.000134758 0.000759521 0.00080302 0.000972115 0.243349 0.000264648 0.0258471 1.404e-09 1.37129e-07 8.01056e-07 
0.000172155 1.0704e-05 0.128574 0.0368432 0.0182562 0.245955 9.56812e-07 0.37129 5.60385e-05 7.0342e-05 0.000260326 0.0025822 0.103825 0.000364089 0.0407666 6.03321e-05 2.85925e-06 0.050911 
0.0119894 0.00245017 0.000107365 0.0336369 0.191198 0.00416331 1.84167e-08 0.508326 0.0334578 0.0201829 0.000672402 0.0069786 0.116827 0.00532999 0.0344976 0.00480612 0.00826691 0.0171098 
0.00144836 0.000625669 0.000273596 0.0691889 0.00477775 0.000390955 3.81622e-05 0.797396 3.7474e-05 7.69556e-05 0.0173012 0.0513012 0.0200439 7.48962e-05 0.000641644 4.58342e-05 7.10116e-05 0.0362664 
0.139741 0.0926342 0.000491535 0.042202 0.000309019 0.00031101 1.41602e-09 0.381892 0.0101718 8.80267e-08 0.00187679 0.080066 0.0406215 0.0002561 0.024768 0.000105643 0.04047 0.144083 
0.0144901 0.0321723 0.0894349 0.126716 0.0167318 0.0062687 2.61073e-07 0.649718 3.89414e-10 4.04183e-10 2.67241e-10 6.58344e-08 0.00293636 0.00261009 0.0198441 2.37468e-08 1.36294e-05 0.039064 
0.0370828 0.000258962 9.16229e-05 0.0177385 0.0017171 0.00574149 0.0246715 0.435434 0.000852802 0.000162402 0.00209638 0.410337 0.0115126 0.00153196 0.000922692 0.0271855 2.22746e-05 0.0226403 
0.0527082 0.0489102 1.13352e-06 0.0712467 0.16449 0.0010156 1.9665e-09 0.536435 1.91051e-07 4.74087e-06 0.00251059 0.017649 0.0154182 0.000275352 0.0794169 6.56649e-07 0.000299174 0.0096181 
0.0505941 0.0148207 0.000447163 0.0719655 0.0062784 0.00851328 3.39373e-05 0.454744 0.00130043 0.00250766 0.0184076 0.211792 0.102858 0.00187397 0.0118751 0.0150455 0.00349522 0.0234471 
0.0493195 0.0091525 0.0181556 0.11395 0.0157053 0.0320339 0.000131887 0.267984 0.00709086 0.0378512 0.00488007 0.156484 0.183414 0.00498598 0.0430506 0.00720137 0.0239276 0.0246818 
0.0119813 0.0145935 0.159271 0.118927 0.0405385 0.0121685 1.7861e-05 0.23474 0.0030224 0.00125022 0.0939452 0.0646891 0.0959508 0.00740693 0.0806361 0.00741766 0.0142644 0.0391808 
2.74967e-06 2.3339e-06 1.81764e-05 4.53933e-06 0.000181234 0.0104991 0.000819045 0.869021 2.84787e-06 7.22712e-08 4.7785e-08 0.0192561 1.73858e-05 8.96292e-05 4.32887e-05 5.19758e-05 1.9116e-05 0.0999709 
0.00201101 0.00115255 8.64452e-05 0.0170008 0.0358744 0.0448193 4.58493e-05 0.420921 4.78292e-06 3.34767e-07 0.0134309 0.00302332 0.392102 0.0106935 0.0445814 0.00378041 0.000172522 0.0102993 
0.0101133 0.00803934 0.00772342 0.0656073 0.0327754 0.0110967 0.000138955 0.352702 0.0174305 0.00226349 0.00665636 0.165178 0.185741 0.00201396 0.0310557 0.00783052 0.00439442 0.0892394 
0.047418 0.0175318 0.00219274 0.245001 0.0321972 0.00684918 1.06163e-06 0.261682 0.00089514 2.65861e-05 0.0158761 0.112798 0.0948563 0.00719269 0.0527009 0.0313846 0.000499692 0.0708975 
0.0109437 0.00401324 0.0703341 0.0970244 0.0163421 0.0290468 2.74333e-05 0.275499 0.00130165 0.000202375 0.000555592 0.157964 0.193369 0.000408395 0.0210023 0.00104152 0.000783571 0.12014 
0.0222546 0.0483079 0.00114366 0.141193 0.0279481 0.00417585 2.29177e-06 0.405091 7.76435e-05 0.000415815 0.00377495 0.0256991 0.235102 0.00351843 0.0522935 0.00432964 0.0124928 0.0121809 
0.0363676 0.000423494 0.0235791 0.0307412 0.00246499 0.0013061 2.49329e-05 0.846608 0.00131176 0.000771479 4.1715e-05 0.017655 0.00485712 0.00321796 0.0270739 0.00012414 0.00130133 0.00212995 
0.0148748 0.00342501 0.00141417 0.0377037 0.0164677 0.0616897 4.87735e-05 0.34699 0.00141905 0.0007935 0.0327506 0.127886 0.305855 0.000768089 0.0219137 0.00348373 0.00131342 0.0212024 
0.00602682 0.00569401 0.0167428 0.0539432 0.0222218 0.0108952 7.78911e-05 0.394612 0.000638341 0.00134243 0.0603216 0.157091 0.142772 0.00192567 0.0731064 0.0104765 0.00528022 0.0368313 
0.00779937 0.112988 0.086328 0.140597 0.0293185 0.0477033 5.25243e-05 0.232982 0.00524889 0.00468423 0.0165624 0.0640528 0.0818341 0.0210333 0.0481108 0.00290962 0.01054 0.0872555 
0.000573852 1.42478e-06 0.00727722 1.7717e-06 0.00668647 0.142649 3.7776e-07 0.379035 0.00222811 0.345422 0.000474715 0.0398937 0.0362055 0.00109038 0.00951741 0.0149677 2.28562e-05 0.0139531 
0.019917 0.00204345 0.0113692 0.0378037 0.0243152 0.00733426 1.59657e-06 0.758459 0.00918004 0.00495161 0.000593735 0.00409596 0.0530847 0.000550434 0.0249168 0.00263314 2.35704e-05 0.0387272 
0.00229199 0.0221777 0.0081818 0.0907945 0.0841862 0.011963 1.3353e-05 0.476134 0.000177823 0.0342224 0.00848892 0.016599 0.153689 0.00388062 0.0759409 0.000280024 0.000496632 0.010482 
0.00118843 0.00344754 0.0158297 0.00346838 0.00463998 0.0116778 3.32848e-08 0.592198 0.000115333 0.000283604 2.65566e-05 0.0314582 0.026649 0.00276982 0.305057 4.91019e-05 0.000507146 0.0006344 
0.000151774 0.00433014 0.000877658 0.150835 0.264756 0.015815 2.21842e-10 0.26546 5.03684e-05 0.00163798 0.0122264 0.0133736 0.163985 0.0273372 0.0589399 4.04665e-05 0.00333971 0.0168433 
0.00308641 0.00675178 0.0496195 0.0252951 0.00424962 0.00180755 1.16347e-05 0.541435 0.00151037 0.00291659 0.00432054 0.222126 0.0459487 0.000126538 0.00541915 0.00988653 0.00400546 0.0714837 
0.000133253 0.0022893 0.149456 0.00278223 0.0826062 0.128059 7.80146e-07 0.289018 0.000568933 0.000114412 0.00153824 0.00298933 0.169807 0.000242342 0.0189195 0.000797792 0.000623006 0.150056 
0.000771996 0.0570608 0.0450777 0.0132175 0.0307561 0.0277872 3.70385e-06 0.201771 0.00688359 0.000948318 0.116648 0.0357729 0.197496 0.000341423 0.0644709 8.02979e-05 0.0834884 0.117425 
0.00749943 0.00361803 0.013838 0.0473415 0.00584453 0.00331736 3.44632e-06 0.244404 0.000540221 0.000645549 0.202037 0.152465 0.239697 0.00173763 0.0432553 0.000612732 0.0102518 0.0228925 
0.0029953 0.000673518 0.00304706 0.0758547 0.106331 0.0068468 0.00832411 0.64363 0.000738286 0.00141522 0.00258975 0.0019064 0.0690732 0.0157744 0.0251641 2.06759e-05 0.0082236 0.0273926 
0.0733681 0.00883166 0.040488 0.147298 0.024721 0.00193757 9.46159e-06 0.326269 0.000395094 0.000806087 0.0035058 0.0336761 0.204715 0.00132838 0.0329104 5.79685e-05 0.0087017 0.0909807 
0.000102003 0.00366673 0.0100407 0.0310941 0.261077 0.0207238 0.00104393 0.326056 0.012436 0.000315592 0.00208884 0.0506639 0.118716 0.000279802 0.0543277 0.00190403 0.00629871 0.0991655 
0.00124062 0.0143473 0.00129647 0.000907192 0.125987 0.140149 4.17165e-08 0.322817 0.00116523 5.87055e-06 0.0469877 0.0322018 0.116338 0.0135395 0.177301 6.56763e-08 0.00355415 0.00216157 
0.000552147 0.0284491 0.0068646 0.0834758 0.0835801 0.0195716 2.48478e-05 0.532143 0.00237228 0.00211967 0.000920225 0.136411 0.0422156 0.000746424 0.0307594 0.00291402 0.00344374 0.0234371 
0.105003 0.0368683 1.94911e-05 0.0319846 0.0270292 0.0143198 5.5139e-07 0.23754 3.50908e-05 0.00591686 0.147697 0.0394958 0.147593 0.0143863 0.150343 0.000192153 0.0364274 0.00514749 
0.000523019 0.00554941 0.000624554 0.00138842 0.0418354 0.0529889 2.65596e-05 0.567915 0.00917716 0.12564 0.00171845 0.0284744 0.127362 0.000316719 0.00967407 1.63352e-06 0.0178999 0.00888388 
5.61762e-05 0.0513466 0.00203299 0.045328 0.00323812 0.00195493 3.92227e-06 0.662419 0.000211673 7.41743e-05 0.0322461 0.0661716 0.12012 0.000750339 0.00560951 2.27999e-05 0.000786232 0.00762762 
0.00585478 0.0461539 0.0168547 0.0240622 0.044091 0.0109211 7.30234e-07 0.436393 0.00435896 0.0006735 0.154903 0.0108744 0.149483 1.17962e-05 0.091073 5.82514e-05 1.44383e-07 0.00423275 
9.17364e-05 0.00710029 0.00142577 0.0105926 0.0304782 0.00473584 7.72167e-06 0.428054 0.023774 0.000263621 0.203682 0.122485 0.151654 0.000192643 0.0128767 3.48265e-05 0.00105899 0.00149127 
4.33013e-05 0.0114278 0.0163265 0.0504483 0.00397385 0.000100323 5.30901e-09 0.721578 3.9245e-07 7.36255e-07 6.68383e-05 0.0158155 0.0496292 0.00134642 0.017268 0.100919 0.00198051 0.00907523 
0.000197257 0.0100868 0.00736804 0.0450721 0.0244391 0.0303094 1.07852e-05 0.503414 0.00434413 0.00939135 0.0246425 0.0583433 0.202384 0.000747396 0.0440428 8.26148e-05 0.0123913 0.0227337 
0.0076946 0.0375224 0.00523688 0.0972629 0.0387964 0.0186614 1.96752e-06 0.343636 0.00220761 0.00391482 0.0475374 0.153635 0.149562 0.0153839 0.058212 0.000170342 0.00468162 0.015882 
0.001803 0.00976069 0.00198481 0.0911886 0.0198509 0.00151757 2.24707e-05 0.452296 0.0077115 6.18363e-05 0.04754 0.0247375 0.205783 0.00535955 0.0794703 0.000520903 0.00227812 0.0481132 
0.00347763 0.000518275 0.021575 0.0582625 0.0121892 0.00891133 1.96615e-05 0.37453 8.60408e-05 0.000954925 0.128663 0.222259 0.140515 0.000572506 0.00304311 0.000811126 0.00125005 0.0223617 
0.0355434 0.00105383 0.0055179 0.104747 0.0585225 0.0749538 9.73613e-07 0.267751 0.00262354 0.000220969 0.00102066 0.174407 0.0930182 0.00497982 0.164115 1.03988e-06 0.00449481 0.00702826 
1.19969e-05 0.00552075 0.0121203 0.00155513 0.0228194 0.0237571 1.4617e-06 0.763272 0.00120081 8.3041e-05 0.0347556 0.0356247 0.0835272 9.73656e-05 0.00331219 6.73541e-07 0.00954352 0.00279642 
1.22367e-07 0.00462401 0.000208284 0.0346646 0.0445278 0.0119787 3.69583e-06 0.435526 0.35097 0.000411324 0.00847086 0.00199833 0.0407348 0.00242786 0.0107253 0.000283699 3.86981e-06 0.052441 
0.00412409 0.00239315 0.404083 0.0283679 0.00938338 0.00739577 0.00125641 0.423306 0.00094524 2.00742e-06 1.48379e-05 0.0284154 0.0520451 0.00177383 0.0121387 0.000258162 0.000329194 0.0237685 
0.00277391 0.0402256 2.92019e-07 0.0573719 0.0934172 0.0319151 3.73005e-11 0.326165 1.52458e-06 5.45864e-06 9.20189e-07 0.0345397 0.241407 0.00260006 0.130407 9.86068e-08 0.000426175 0.0387423 
0.00157486 0.00537827 0.00189814 0.0598458 0.0258762 0.0720162 0.000125002 0.419487 0.00138466 2.81074e-06 0.00446905 0.225798 0.0772215 0.00489874 0.0322204 0.0485041 0.00433553 0.0149645 
0.000449577 0.0216389 0.01191 0.135599 0.00450866 0.000973818 3.83817e-07 0.376093 0.00172919 8.71729e-05 0.109676 0.0379559 0.299259 3.81115e-08 9.69221e-05 1.96393e-05 2.04103e-06 6.88034e-07 
0.0194332 0.00391464 0.28772 0.040446 0.0120265 0.00545161 2.3969e-10 0.40523 5.90084e-06 0.000384337 0.000478657 0.0290846 0.0127472 0.00186821 0.0388551 0.000308731 0.00049346 0.141551 
0.00206693 0.0278333 0.00835735 0.0135195 0.0653695 0.255924 6.61998e-05 0.512136 0.00553355 0.00143649 0.0093045 0.0196197 0.0253154 0.00211258 0.0416908 3.61094e-05 0.00224423 0.00743342 
0.000759085 0.00970758 0.0222943 0.0237113 0.00688819 0.0115332 1.90196e-06 0.48674 0.000477387 5.01454e-05 0.0064214 0.253956 0.134941 0.00163241 0.030908 0.00131964 0.000149999 0.00850824 
0.000391157 0.0431469 0.0112876 0.00743022 0.0496188 0.00570538 6.37693e-06 0.464776 2.52116e-05 4.67034e-06 0.00025104 0.0362531 0.070622 0.00523656 0.190246 0.00189763 0.105839 0.00726149 
0.000237288 0.130327 7.09423e-05 0.00228792 0.00190313 0.0505502 9.44439e-05 0.636553 0.00332122 0.000210702 1.53669e-06 0.143878 0.00210963 0.00392392 0.0146179 0.00103042 0.00100238 0.00787962 
0.00261741 0.374608 3.04712e-05 0.0152573 0.0237769 0.00587485 1.56702e-05 0.406402 0.0314385 0.000596346 0.000200619 0.0450671 0.0617059 0.000284372 0.0151207 4.68892e-07 7.41448e-06 0.0169959 
0.0165775 0.00950719 0.0110156 0.0412857 0.0264045 0.0228049 0.00914562 0.403828 0.00375156 0.00978188 0.00887167 0.24122 0.0924627 0.00665551 0.0265699 0.0187206 0.00556271 0.045834 
0.092627 0.00451166 0.00384734 0.0214816 0.0320843 0.0332097 2.64455e-05 0.426396 0.00488687 0.00237472 0.000170681 0.115389 0.0731822 0.00522451 0.0520488 0.0918829 0.00605106 0.0346051 
0.0057493 0.0496416 0.000621868 0.108161 0.00966441 0.00338403 4.4755e-05 0.437566 0.000624663 0.00531408 0.00371999 0.0556255 0.122512 0.0011214 0.0346098 0.0393634 0.00520287 0.117072 
0.0107368 0.00913844 0.00972124 0.0991132 0.0273912 0.0162022 0.00263069 0.444661 0.00120862 0.0395834 0.0513851 0.131888 0.0983415 0.00156107 0.0233681 0.00758055 0.00034638 0.025143 
0.00462687 0.00253545 0.0315163 0.0312154 0.00792888 0.00642673 3.3925e-08 0.649236 0.000156376 0.00472631 6.64661e-05 0.178645 0.0447453 0.000889967 0.0300335 0.000170199 0.000140166 0.00694035 
0.0001029 3.75378e-07 0.01255 0.0722182 0.0181065 0.00116109 1.28081e-07 0.445206 1.50605e-07 8.20353e-07 0.0086646 0.0255128 0.412524 3.93967e-08 0.00326031 6.3896e-08 1.36959e-11 0.000692217 
0.083239 5.30261e-07 4.45723e-07 0.146375 0.0694045 0.0326867 7.28407e-10 0.263775 0.189287 4.75582e-07 3.67467e-10 0.134485 0.0807213 2.48278e-05 8.31909e-08 6.16434e-07 1.05697e-10 6.12966e-07 
0.00101949 0.0844467 0.00859592 0.118127 0.199363 0.107047 1.30154e-08 0.369935 9.56776e-09 6.64706e-07 2.38178e-05 0.000636595 0.0910677 2.62455e-06 0.000187062 3.03748e-06 0.000369919 0.0191738 
0.0441657 0.0381221 0.00457178 0.0878895 0.000333887 0.000117036 1.54175e-07 0.769558 0.000310806 0.000104447 0.00878786 0.00413382 0.00923375 0.00166081 0.0304083 3.12906e-07 9.45772e-05 0.000507231 
1.04274e-05 0.016354 0.0032319 0.00511566 0.000931719 0.0457111 1.09455e-05 0.439529 0.0249084 0.153082 0.0026118 0.180403 0.0395351 0.0014401 0.0513123 0.000340528 0.00463662 0.0308356 
0.011199 0.00225815 2.12453e-05 0.0620814 0.000576423 0.00412316 8.08221e-06 0.622092 1.59521e-06 0.00346837 0.0104045 0.146008 0.115557 0.00427057 0.00649553 0.00119493 0.000139646 0.0101002 
0.00351385 0.0271198 0.0231301 0.236414 0.0110557 0.0327367 0.000150895 0.340063 2.19274e-06 0.000121192 0.00199333 0.18741 0.0267761 0.0300051 0.0111275 0.0357488 0.000458734 0.0321727 
0.000564408 0.0127775 0.000884935 0.0459369 0.00634101 0.00228172 1.88366e-05 0.761097 0.00198617 3.03505e-05 0.0053542 0.0792644 0.0449998 0.000210704 0.0211607 0.000617975 0.000115333 0.0163579 
0.0626279 0.020534 0.0111262 0.0293039 0.0272042 0.0546796 1.23559e-06 0.400926 0.0130113 0.000111221 0.00290638 0.0329793 0.0231889 0.0194529 0.281768 0.0060447 0.00348608 0.010648 
0.000274465 0.00198937 0.000188838 0.00143459 0.0122636 0.000885728 1.26765e-10 0.933548 0.000182859 0.00758556 0.000146441 0.000327716 0.031654 0.000242362 0.00548754 0.000807702 4.50513e-05 0.00293588 
0.0211546 0.00754448 0.00141746 0.162818 0.14304 0.00866587 0.000367691 0.278346 0.000319358 0.0016111 0.00151213 0.0387298 0.190241 0.025322 0.0524633 0.0350341 0.0165752 0.014838 
0.0522178 0.00170327 0.000368579 0.172454 0.177962 0.0160813 1.26342e-06 0.364206 1.28506e-05 0.000528112 0.00817183 0.065024 0.0540952 0.00178516 0.0531632 0.00254551 0.00056842 0.0291117 
0.0110761 0.00381619 0.0649598 0.224645 0.0117027 0.0502373 0.000128242 0.333896 1.69738e-08 6.49882e-05 0.000141555 0.184683 0.0281714 0.0283848 0.00421161 0.00223543 0.00381084 0.0478343 
3.6067e-05 0.00155365 0.00052561 0.00449145 0.00321721 0.000580261 2.01278e-08 0.907641 0.000116049 1.25609e-05 0.00107248 0.0013899 0.069372 0.000908438 0.00695503 3.20329e-05 0.00105175 0.00104433 
0.0255124 0.0149855 0.0403834 0.0321 0.103507 0.0529262 0.00012432 0.349064 0.0137061 0.000461061 0.00711126 0.0418877 0.143665 0.0294202 0.070905 0.0268106 0.0142617 0.0331691 
8.26044e-06 8.19973e-06 1.08166e-05 0.00811871 5.0385e-06 0.000554862 2.61142e-05 0.98584 1.91968e-05 1.99249e-05 1.31741e-05 0.000125711 1.43197e-06 0.000328858 0.000101025 0.00481096 3.78938e-06 4.35019e-06 
0.0743888 0.110821 9.53562e-07 0.0671618 0.0411122 0.0473104 9.52757e-07 0.369953 0.0451789 0.0518486 0.0148746 9.53974e-07 0.0431238 9.53732e-07 0.0647794 0.0694422 9.53924e-07 9.53895e-07 
0.00636232 0.00165692 0.136215 0.0453386 4.73302e-06 0.0240417 6.90718e-10 0.770329 1.43024e-07 0.000760006 3.64563e-06 0.00573265 9.58059e-07 6.13207e-07 0.00723554 1.31355e-10 2.43626e-05 0.00229332 
0.0116726 0.00103672 0.0135743 0.0966495 0.0777904 0.0371767 6.02877e-05 0.351492 0.00524766 0.00025476 0.127864 0.0329592 0.0231658 0.0225852 0.0916893 0.000272484 0.00808454 0.0984244 
0.0749929 0.0136257 0.00500255 0.0533057 0.0184479 0.013517 5.24073e-05 0.589897 0.000269462 7.60387e-05 0.000431319 0.0990686 0.0930678 0.000226286 0.0116019 0.000734245 0.000720302 0.0249627 
0.171838 0.00066215 0.000303843 0.134807 0.00661625 2.10616e-08 8.13021e-06 0.414334 0.000115881 1.46416e-05 3.18013e-12 0.0225371 0.19086 0.00297454 0.0445941 0.00479995 4.42216e-08 0.00553476 
0.00561785 0.00356244 0.0222306 0.214971 0.0341541 0.010323 8.8073e-06 0.558489 0.000362156 0.000546082 0.0122099 0.0283942 0.0492943 0.0209945 0.0131814 0.000993938 2.99468e-05 0.0246366 
0.000658747 0.0515806 0.139182 0.0265611 0.0891985 0.030372 4.23766e-05 0.443312 0.00030849 0.00258136 0.00262319 0.0455655 0.0397357 0.00494854 0.0537156 0.000126083 0.00535421 0.0641334 
0.000980313 0.000169293 0.000202204 0.266333 0.0722877 0.00100143 2.74657e-06 0.447609 8.34309e-05 2.28717e-05 5.90032e-06 0.0186695 0.128607 0.0266659 0.0304378 0.00046522 0.00571467 0.000741873 
0.00510058 0.0153403 0.191555 0.016046 0.0315544 0.000993188 1.0573e-06 0.605034 0.000289018 0.003462 0.000263214 0.0167899 0.0166232 0.00946384 0.0468011 0.0173731 0.00235355 0.0209568 
0.00207585 0.00792454 0.00587112 0.0149435 0.183662 0.0130702 1.72265e-07 0.261742 0.000279209 0.0782305 0.00108332 0.048336 0.0651403 0.0148229 0.255867 2.04809e-05 0.0314421 0.0154894 
0.000756355 0.201049 0.0610332 0.13146 0.0166473 0.0478347 1.97975e-06 0.359898 0.00256301 0.00170089 0.0015043 0.0178267 0.103479 0.00541715 0.0361803 0.00401277 0.000565387 0.00806984 
0.0318932 0.0963343 0.0320246 0.100991 0.116661 0.079529 0.000441984 0.167901 0.0640751 0.0238828 0.000227576 0.0117893 0.0561822 0.00141007 0.0910924 0.0554849 2.13947e-05 0.070058 
0.000124983 0.0268832 3.59883e-05 0.00275839 0.000419308 0.00686088 7.12048e-09 0.959777 0.00250528 5.01203e-07 3.59214e-09 0.000627089 3.93564e-08 4.77132e-06 7.68011e-08 2.40443e-07 1.03324e-09 2.05777e-06 
0.00152238 0.0375577 0.000512091 0.00773404 0.0207049 0.0166126 0.0011529 0.623356 0.0137676 0.000442617 0.00199802 0.0341707 0.109093 0.00578918 0.0797085 5.9268e-05 0.00100903 0.0448099 
0.0158512 0.0129556 0.0079574 0.0513868 0.0334779 0.0255466 0.000111069 0.232577 0.00660221 0.00411313 0.0813645 0.125724 0.19537 0.0100508 0.0638888 0.00884417 0.0151475 0.109032 
0.00493147 0.00514987 0.00774373 0.121053 0.0231052 0.0039677 0.000333216 0.427331 0.000603833 0.00811869 0.00126309 0.135748 0.15449 0.00188732 0.0184512 0.0260161 0.0006381 0.0591696 
0.182162 0.00952272 0.00305721 0.164548 0.00641926 0.00881274 1.53396e-06 0.473612 0.0169315 0.000122713 0.00418126 0.036277 0.0444136 0.00174792 0.029546 6.37459e-05 0.0016939 0.0168874 
4.61418e-07 0.065163 0.000355675 0.00825117 0.00549029 0.0148909 1.88515e-09 0.485727 0.00428158 0.00190838 0.00839309 0.337639 0.0412255 5.3879e-10 0.000625985 0.000308232 2.72424e-08 0.0257393 
0.00391305 0.00521406 0.00044778 0.0160984 0.0136002 0.019898 1.93684e-08 0.870366 0.00222647 0.00412147 0.000194738 0.0313979 0.0166484 0.00105984 0.0110386 2.3112e-05 0.00239233 0.00135984 
0.00262483 0.00339955 0.0127644 0.0292115 0.0191025 0.0024586 0.0182895 0.718492 0.00702222 0.000389585 0.00589699 0.0114081 0.0226505 0.00134605 0.0137424 0.00276221 0.00428877 0.12415 
0.035983 0.000127042 0.0175374 0.090437 0.00146185 6.12259e-06 1.26407e-08 0.760942 3.82004e-11 9.18031e-05 0.000142259 0.0436624 0.0134402 0.000127196 0.000636703 3.82016e-05 0.033221 0.00214579 
0.0339044 0.0344669 0.00811297 0.0845835 0.0251338 0.0119125 0.000576129 0.312446 0.00296551 0.000702808 0.00399277 0.0159093 0.111781 0.0671084 0.241296 0.00106907 0.016443 0.0275963 
0.0315267 0.0156398 0.00224047 0.0702757 0.0165048 0.00299729 5.44836e-05 0.258707 0.000386257 0.000475343 0.000767306 0.101659 0.190174 0.00889169 0.247466 0.000108053 0.00108093 0.051045 
0.00251616 0.0789893 0.00510931 0.138258 0.0471227 0.0197302 0.000177177 0.270948 0.00230149 0.000216932 0.0146472 0.0222264 0.12044 0.0058356 0.200988 1.51815e-06 0.00103496 0.0694571 
1.28032e-05 0.00945204 0.000686339 0.0725561 0.0372239 0.0141588 4.32636e-07 0.499662 0.000104057 3.02235e-05 0.02235 0.0697054 0.220325 0.00136899 0.0485129 4.33634e-05 7.89336e-05 0.00372797 
0.00654 0.00853311 5.90186e-05 0.0400443 0.00583373 0.00149826 2.74395e-06 0.628384 0.00406721 0.0113739 0.00919108 0.0424471 0.177934 0.000691317 0.0104289 5.21848e-05 0.0325847 0.0203347 
0.000278259 0.0189226 1.88428e-05 0.109603 0.01293 0.00299366 1.29566e-09 0.691488 0.000146046 6.66841e-06 0.00561305 0.12047 0.0111407 0.00252204 0.0229475 0.000464135 0.000266987 0.000189031 
0.0139039 0.0131269 0.00579553 0.0488358 0.0269839 0.0157916 0.00244098 0.37728 0.00360342 0.00194744 0.0291845 0.234481 0.136376 0.00542076 0.0356758 0.00997017 0.00760546 0.0315773 
1.58657e-09 8.56294e-07 0.0124912 0.00811407 0.0542202 0.017503 3.03325e-07 0.299227 3.6871e-09 3.82694e-09 2.53033e-09 0.24629 0.224883 3.21155e-07 0.00565559 5.61165e-07 3.25381e-07 0.131614 
4.751e-06 4.75102e-06 4.75036e-06 0.313669 4.75184e-06 4.75164e-06 4.74635e-06 0.556039 4.74815e-06 4.74797e-06 4.74973e-06 4.75241e-06 0.065593 4.75121e-06 4.75267e-06 4.75186e-06 4.75217e-06 0.0646323 
0.0163496 0.000109437 0.0014251 0.0823792 0.0386108 0.0124554 4.01447e-07 0.602554 4.15249e-06 7.85243e-05 0.00129969 0.0564888 0.156123 0.0010504 0.0125477 0.00137957 0.0105621 0.00658149 
0.0706521 0.00708207 0.0865518 0.0938541 0.0109189 0.00814595 2.3229e-05 0.434979 0.000119527 0.000383772 0.0137817 0.104418 0.0646995 0.0122673 0.0540431 0.00252025 0.00119253 0.034367 
0.00685677 0.0105224 0.00356221 0.0392915 0.00491164 0.00785045 0.000903008 0.389606 0.00125771 1.22086e-05 0.0111572 0.242174 0.12883 0.00651797 0.0609463 0.0424512 0.00751816 0.0356312 
0.00261089 0.00251624 0.00252991 0.0549657 0.0212923 0.0183063 1.44458e-05 0.413215 0.000954209 4.71767e-11 0.000374465 0.37406 0.0760621 0.000311712 0.00171867 0.000571394 0.000558976 0.0299379 
0.00105942 0.0342056 0.00065373 0.0477502 0.00494793 0.00422512 1.24849e-05 0.672224 0.000712647 0.00803774 0.00141913 0.0364342 0.0650678 0.00170034 0.0342968 0.075747 0.00883342 0.0026723 
0.0108163 0.00302749 0.00215026 0.0477231 0.0106617 0.000848378 1.61826e-06 0.607071 0.00868797 0.000127918 0.0036698 0.0398546 0.196076 0.00148714 0.0444718 0.000103254 0.000844606 0.0223774 
0.000226785 0.00195523 0.000463949 0.0186058 0.00128701 0.000180565 4.57713e-07 0.567801 1.0255e-06 0.000156035 0.000213683 0.202553 0.19745 7.93953e-05 1.12138e-05 1.47774e-05 0.000347355 0.00865252 
0.00107035 0.00176903 0.0540804 0.0113816 0.036357 0.00430358 2.77986e-10 0.351979 0.000557288 0.0019214 0.00179189 0.262469 0.0679417 0.117078 0.0659925 8.41606e-07 0.00675138 0.0145549 
0.0392018 0.0191217 0.0120927 0.103862 0.0709053 0.00641461 3.23208e-05 0.292313 0.00165472 0.0172305 0.0403154 0.10078 0.183921 0.00212279 0.0383867 0.000787228 0.00356088 0.0672967 
0.00296277 0.008287 0.123033 0.0618371 0.0315036 0.014887 0.00110652 0.220078 0.000704614 0.000215351 0.00045654 0.0962167 0.170407 0.0172872 0.0349321 0.00126099 0.0196207 0.195205 
0.00794514 0.0242095 0.00163045 0.00652429 0.0095251 0.00123537 1.13766e-05 0.589584 5.38604e-06 8.1003e-05 0.012514 0.117874 0.0355644 0.0025027 0.0220985 0.165157 0.000553347 0.00298441 
0.00266155 0.00144554 0.0343024 0.158525 0.0034073 0.00299588 1.25804e-05 0.338299 7.18507e-05 0.00022835 0.0020613 0.0792544 0.0995887 0.00251598 0.00637657 0.0554286 0.00347869 0.209346 
7.1348e-06 0.000468556 1.25197e-05 0.0157168 0.00173763 3.46201e-05 1.09617e-05 0.933037 1.57299e-05 1.35659e-05 6.21761e-05 0.0261169 0.000739815 0.000732878 0.0042839 4.2069e-06 0.0014298 0.0155753 
4.78804e-08 0.0555783 0.00949476 0.00583777 0.0153895 0.00197854 1.51367e-07 0.877733 0.000110175 7.69494e-06 0.000414936 0.0151036 0.000936332 0.00115002 0.00748876 1.05205e-06 2.19646e-08 0.00877516 
0.116702 0.000890156 0.00104586 0.138624 0.0137453 0.000913616 1.6926e-06 0.290396 0.00077467 2.86453e-05 4.95872e-05 0.0174408 0.19501 0.00748606 0.155251 0.000145052 0.0158395 0.0456563 
0.0121324 0.000227294 0.0833281 0.122081 0.00248076 0.00154147 1.91833e-11 0.245505 5.59396e-08 0.0611254 0.000343932 0.0555895 0.162061 0.000755893 0.00804909 1.63557e-05 0.000890186 0.243872 
0.000475622 0.0310964 0.160454 0.0362245 0.0600844 0.00712873 1.59294e-06 0.487764 0.00038533 6.86645e-05 0.000346071 0.0261681 0.00110775 0.03961 0.030922 7.15475e-05 0.0261004 0.091991 
0.00875247 0.00859395 0.0175132 0.0266379 0.0835158 0.0303763 0.00929134 0.346721 0.0124759 0.00227911 0.015133 0.021775 0.111595 0.00427074 0.14644 0.00463245 0.042985 0.107012 
0.00141392 0.00510232 0.000103887 0.0515627 0.201853 0.00291457 1.4521e-06 0.405916 7.97959e-05 1.33989e-06 0.000109201 0.0438453 0.253672 0.00964388 0.0179768 5.00973e-07 5.73945e-06 0.00579778 
0.00126662 0.0691573 0.000447453 0.0473601 0.053693 0.0340176 0.000115927 0.532017 0.00113073 0.00256614 0.0335712 0.0604919 0.0980437 0.000106026 0.0636428 0.000596936 0.000399557 0.00137645 
5.11642e-05 0.000225651 0.00275525 3.07457e-07 0.0357035 0.0035538 1.68388e-07 0.361323 0.000140544 1.21991e-06 2.05677e-07 0.0214123 0.357353 2.75462e-05 0.00289398 2.20516e-08 9.95478e-06 0.214548 
0.00117176 0.0145132 0.00293058 0.0468602 0.00683788 0.000190101 6.55648e-09 0.46379 5.84074e-05 0.000246784 0.00131567 0.0405004 0.34501 0.00359049 0.049151 8.75708e-06 0.00920981 0.0146153 
9.47271e-08 0.00052572 2.48355e-06 0.103739 7.7279e-05 0.235476 2.99467e-07 0.355003 0.000408775 0.000506257 0.00183205 0.0124816 2.66144e-05 0.000110547 0.000740636 0.287184 6.56777e-06 0.00187767 
0.00882288 0.0302697 0.00370139 0.0932089 0.0194045 0.0372411 2.67863e-05 0.2906 0.00170187 2.26833e-05 0.00252922 0.234501 0.0835874 0.0313139 0.0925762 0.00346828 0.00451472 0.0625095 
0.0176275 0.0202742 0.0553304 0.246364 0.0232975 0.00558715 0.00272244 0.253286 0.000884127 0.00157704 0.0015986 0.0648362 0.181523 0.00503318 0.0224494 0.00345104 0.00964811 0.0845101 
0.0467567 0.0123999 0.00104714 0.228788 0.0606992 0.0288453 3.18404e-06 0.264368 6.42115e-05 0.000325526 0.0014589 0.0780303 0.122634 1.37597e-06 0.0229946 1.20312e-09 2.80826e-06 0.131581 
