0.0445308 9.70466e-05 0.000258565 0.771399 0.0183958 1.09824e-05 6.47107e-07 0.0238115 5.82589e-12 0.000208367 0.00119448 0.0101956 0.124463 1.95395e-05 0.00101011 4.21108e-05 9.18902e-06 0.00435296 
0.012309 0.000442347 0.000278224 0.0116546 0.0380061 0.00892455 0.000104788 0.00356742 3.85795e-07 0.000152149 4.22534e-05 0.0124131 0.101179 0.129039 0.668699 1.16019e-05 0.0121835 0.00099232 
0.000922796 0.00383962 4.3009e-05 0.0326544 0.010221 0.00544601 0.000154547 0.000981998 6.42925e-08 0.000138745 2.62518e-07 0.0159684 0.551659 0.0196598 0.356949 1.65863e-06 0.000620041 0.000740145 
0.0233535 5.02762e-06 9.33754e-06 0.0845521 0.0189096 0.031836 5.89849e-06 5.05671e-05 1.30493e-09 0.000367639 6.80504e-05 7.14024e-07 0.0201153 6.90756e-05 6.79989e-05 0.000110755 2.07978e-06 0.820476 
0.147869 0.00167728 0.00566199 0.157425 0.016641 0.000801039 6.54889e-05 0.281083 6.00437e-06 0.000854118 0.000904247 0.0972939 0.184442 0.00235442 0.0150339 0.0103316 0.0235128 0.0540429 
0.0315954 0.0106158 0.00306139 0.278928 0.0323733 0.0189414 0.00199234 0.0298181 5.37815e-05 0.000108636 0.0191325 0.0175535 0.398924 0.0250638 0.0419277 0.000687433 0.0162311 0.0729916 
0.0108726 0.0700013 0.00118696 0.214427 0.0171588 0.00341914 0.000234989 0.133822 1.84301e-05 0.00106369 0.00428053 0.0352832 0.183768 0.000742924 0.0490623 0.0292244 0.0486737 0.19676 
0.0157595 0.00550466 0.00432107 0.440066 0.0684505 1.3827e-05 3.3874e-05 0.032768 4.89006e-08 0.000119302 0.000240076 0.0311865 0.0215392 0.0299141 0.189226 0.0119303 0.122028 0.0268981 
0.0243755 0.00195424 0.000863909 0.0462273 0.00716054 0.014892 0.00207645 0.030362 0.000128552 0.000143599 0.000313371 0.0386982 0.121111 0.00119904 0.00167331 0.522572 0.000220251 0.186029 
0.0111714 0.0211608 0.000625308 0.106314 0.235259 0.0147356 3.85595e-05 0.0246345 1.98803e-06 0.000345248 2.47534e-05 0.0149706 0.266334 0.0287744 0.258017 2.91936e-06 0.00540528 0.0121842 
0.0513606 0.00335955 0.000811418 0.0448815 0.00487702 0.0200164 0.0164446 0.0731044 6.08032e-05 0.0230908 0.0020587 0.682378 0.0424745 0.00186674 0.0198382 0.00178322 0.00364187 0.00795213 
0.000606043 0.000383805 0.000258157 0.0471312 0.00880947 0.000599682 3.85326e-07 0.000934782 2.14304e-07 7.34978e-05 0.00253025 0.0333641 0.0134165 0.0941191 0.76066 0.000148326 0.0214857 0.0154787 
0.000624557 0.00724999 0.00014615 0.0502908 0.520174 0.0295463 0.000574622 0.0170172 7.85069e-08 0.00230055 2.55505e-06 0.0207605 0.200765 0.0451338 0.0743747 3.56673e-06 0.00156996 0.0294657 
7.18195e-05 0.00127508 0.000469738 0.000811725 0.00214512 0.000639357 2.67595e-07 0.0174439 8.82914e-09 0.000130108 0.0015622 0.588772 0.291216 7.94126e-05 0.00140529 1.51965e-06 0.0012358 0.0927402 
0.0123851 0.00018878 0.0146585 0.421878 0.0128924 0.000150782 3.91183e-07 0.0708957 3.98939e-12 4.91125e-05 5.8664e-07 0.0226097 0.281908 0.000203621 0.00466453 2.98854e-06 0.00181479 0.155697 
0.115051 0.000409622 2.51685e-05 0.738312 0.00944267 3.28946e-06 9.64923e-07 0.0135271 1.47164e-08 0.000192039 0.0003582 0.00620774 0.0766684 3.19707e-05 0.00212492 4.5313e-05 1.23078e-05 0.0375869 
0.0320053 0.0244319 0.00450019 0.278096 0.0306123 0.0116516 0.00028098 0.201952 2.77979e-05 0.000237948 0.00999573 0.00196631 0.117712 0.000452999 0.0143057 5.51949e-05 0.00100448 0.270711 
0.168069 0.00153126 0.00262751 0.0879407 0.0194974 0.0133022 0.00478602 0.0582345 0.000654177 0.00504712 0.00282806 0.156576 0.307352 0.00367099 0.0226943 0.00621317 0.0117195 0.127257 
0.00278713 0.000881317 0.0322545 0.55915 0.0749051 0.0227381 1.89466e-06 0.0985953 4.27974e-08 2.75122e-05 2.17701e-05 0.0305598 0.045239 3.85254e-06 0.000618286 2.90173e-05 3.35989e-06 0.132184 
0.00380705 0.00106407 0.000127483 0.0218564 0.0262793 0.00230236 4.21396e-05 0.0108729 1.40845e-05 5.48988e-05 5.60308e-05 0.0439811 0.470835 0.000171562 0.00110663 2.74431e-05 0.000984301 0.416417 
0.0595549 0.000924975 0.000236295 0.775664 0.00433236 6.1526e-05 9.42487e-06 0.0131989 3.91217e-06 0.000167552 1.30587e-05 0.000944237 0.14129 0.000201502 0.00284971 2.25614e-05 8.80873e-06 0.000516551 
0.00233056 0.0227215 0.00276411 0.1425 0.0669398 0.00548782 0.000201591 0.0571156 1.33796e-05 0.000161722 0.00254635 0.0551379 0.361089 0.00939327 0.0106207 0.0449014 0.000251343 0.215824 
0.212453 0.000328455 8.32441e-05 0.117966 0.00520195 0.000994208 5.09834e-05 0.0978343 1.73106e-05 0.00109656 0.000256879 0.259639 0.242619 0.000369259 0.00127901 0.00213539 0.00058562 0.0570905 
0.929638 6.97405e-05 1.62915e-05 0.0288899 0.0009297 4.10927e-06 2.71581e-06 0.00577297 2.25753e-09 0.000429416 9.54241e-09 0.00939694 0.0204917 0.000122356 0.00301632 0.00023421 7.7734e-05 0.000907648 
0.00238082 6.76931e-05 0.00608944 0.0376799 0.00235196 0.000745628 4.38729e-05 0.0315724 8.89718e-06 0.000184138 0.00212098 0.777532 0.0339037 0.000516319 0.00688605 0.00256585 0.00120218 0.0941482 
0.929638 6.97405e-05 1.62915e-05 0.0288899 0.0009297 4.10927e-06 2.71581e-06 0.00577297 2.25753e-09 0.000429416 9.54241e-09 0.00939694 0.0204917 0.000122356 0.00301632 0.00023421 7.7734e-05 0.000907648 
0.00681429 0.0087099 0.0653818 0.236878 0.0358401 0.00584651 0.000104608 0.110738 3.59352e-05 0.000309465 0.00105651 0.111191 0.0748331 0.011569 0.124376 0.000178713 0.012579 0.193557 
0.709854 0.000401441 0.000515162 0.049707 0.00657173 0.00139205 3.61341e-05 0.0391341 3.22021e-05 0.000446801 0.00284916 0.0986033 0.029397 0.0033792 0.0056758 0.0421616 0.00420434 0.00563883 
0.00261621 0.00104082 0.0411237 0.0135873 0.205041 0.0581216 1.34759e-05 0.0421584 4.13086e-06 0.000261405 0.258579 0.0226857 0.144056 0.00428743 0.195071 1.4634e-05 0.00644885 0.00488901 
0.351674 0.00466923 0.00122104 0.113093 0.0663444 0.00230029 1.55523e-07 0.121071 1.68499e-10 0.000732077 0.0316728 0.0467473 0.0639394 0.00341763 0.188306 0.00011111 0.000666672 0.00403456 
0.0866201 0.000371738 0.0538272 0.13429 0.0428707 0.0061338 0.0547788 0.214751 0.000160647 0.00157199 0.00191446 0.107918 0.147776 0.00773762 0.0521953 0.000489083 0.0101787 0.0764159 
0.0940792 8.9178e-05 0.00793508 0.316836 0.0214703 0.000939676 3.76599e-05 0.131009 1.69595e-05 0.0010341 0.000196644 0.0220868 0.135867 0.0655229 0.0440336 0.00240139 0.000759158 0.155686 
0.623075 5.18954e-05 0.000177963 0.171668 0.00627813 0.00026055 3.41158e-07 0.112928 2.64658e-09 0.000205903 4.03376e-07 0.0249667 0.0438011 0.00118289 0.013648 0.000433669 0.00020842 0.00111325 
0.000469238 0.190626 2.66698e-06 0.00825571 0.0550199 0.0210972 1.02725e-05 0.328706 2.41871e-06 3.0905e-06 0.0108815 0.156807 0.101679 3.24004e-05 0.0584161 2.44576e-06 0.000288224 0.0677006 
0.808095 4.52945e-07 0.000768913 0.0573156 0.00325945 2.81498e-05 1.85291e-07 0.03603 3.2384e-08 0.00126205 1.59865e-07 0.0097087 0.00944916 0.000758557 0.072125 0.00071922 0.000173018 0.000306639 
0.0685369 0.000540667 0.00187365 0.0871064 0.0208253 0.120535 0.000335114 0.0598456 0.000139697 0.00462853 0.00168725 0.217602 0.135853 0.105061 0.0363489 0.0138791 0.0342872 0.0909143 
0.0652111 0.0781911 8.53907e-08 0.0981098 0.0141833 0.0434669 0.00123026 0.0863544 6.2459e-08 0.00221042 0.0178132 0.0516598 0.132685 0.125908 0.0849673 0.0825448 0.0519288 0.0635357 
0.0723122 0.000305048 3.65278e-05 0.380609 0.0538029 0.000273186 1.51896e-09 0.186746 4.10501e-12 0.00016223 0.000264624 0.0903017 0.178822 0.0347129 5.25762e-05 0.00033442 0.000163471 0.00110092 
0.00974158 0.0120591 7.23731e-05 0.0243728 0.170268 0.571813 0.000134204 0.0536649 6.21558e-05 0.000234401 0.00053768 0.0279376 0.0276058 0.00167948 0.0614656 0.000189465 0.00118368 0.0369778 
0.185021 0.00288282 0.000947293 0.078402 0.0051433 0.000206925 1.58166e-05 0.484264 2.4467e-06 0.00026896 0.0075868 0.0569234 0.0909193 0.000914707 0.0116686 0.0443756 0.0203346 0.0101228 
0.002842 0.000382453 0.000366757 0.452995 0.0349723 0.0618105 2.27591e-05 0.00169847 1.75173e-05 0.000113913 3.08493e-05 0.00374493 0.18333 0.0688309 0.0575461 7.91494e-05 0.102701 0.0285147 
0.011335 0.00456174 0.00329061 0.0659749 0.0403303 1.89172e-05 1.64095e-07 0.0154785 3.485e-09 7.6148e-05 0.000286709 0.00081278 0.0163251 0.00866303 0.636327 5.1778e-06 0.195499 0.00101464 
0.0206013 0.000811895 0.00500116 0.113205 0.025646 0.00485179 1.24391e-06 0.000603954 3.42051e-07 0.000395404 4.11076e-05 0.00600296 0.616652 0.105529 0.0887788 3.65487e-05 0.010761 0.0010804 
0.859874 5.833e-05 0.000130517 0.0456448 0.00321419 0.00216916 1.47772e-05 0.0087469 7.75145e-06 0.000857927 0.00055006 0.0397795 0.0120092 0.00272392 0.0083663 0.0138558 0.000455556 0.00154172 
0.00671692 0.000213018 0.000359945 0.114417 0.200649 0.00731585 2.86163e-05 0.00452459 2.70033e-08 5.21753e-05 2.70719e-08 0.0115241 0.243199 0.000110036 0.00496253 6.34157e-05 0.0017096 0.404154 
0.787872 0.000143773 0.000512308 0.13425 0.00307403 0.000342079 1.6597e-06 0.00885707 7.62601e-07 0.000580463 1.37142e-05 0.0233909 0.0289978 0.000523748 0.00688971 0.000262195 0.00195938 0.00232877 
0.0208309 3.75616e-05 0.0429827 0.0667513 0.000328747 4.0069e-08 5.95512e-08 0.846143 8.61483e-10 6.18036e-07 3.46853e-05 0.00211 0.00278363 0.00107698 0.00306471 1.14987e-05 0.0134283 0.000415225 
0.0185347 0.00219142 0.0021065 0.0978803 0.015419 0.00278223 1.08836e-05 0.0011191 3.23568e-06 0.00021282 1.28126e-05 0.0129072 0.730007 0.0226703 0.0777543 1.77678e-05 0.0113248 0.00504565 
0.00278759 0.0156892 0.00388955 0.108729 0.0336015 0.00174707 4.17764e-05 0.0204673 7.93721e-06 0.000542237 0.000400712 0.0136696 0.734491 0.00928492 0.0505506 1.12821e-05 0.000489754 0.00359909 
0.792051 0.000142794 0.00106326 0.132177 0.00551937 0.000143923 2.81947e-06 0.0164954 2.72059e-06 0.000774757 4.77522e-05 0.0108969 0.0212232 0.000625463 0.0119024 0.000426288 0.00564757 0.000857393 
0.0206013 0.000811895 0.00500116 0.113205 0.025646 0.00485179 1.24391e-06 0.000603954 3.42051e-07 0.000395404 4.11076e-05 0.00600296 0.616652 0.105529 0.0887788 3.65487e-05 0.010761 0.0010804 
0.000259521 0.00317014 0.00063875 0.0174919 0.00205104 0.00064554 8.25964e-06 0.0199584 8.14415e-06 0.000138789 0.0043493 0.762267 0.120056 0.000543838 0.00536335 0.0574284 0.000485913 0.00513608 
0.103582 0.0076625 0.00514971 0.20641 0.0119217 0.0001769 7.23123e-05 0.439724 4.20245e-09 0.00359231 3.26956e-06 0.000811274 0.0495168 0.00484946 0.0719719 8.97514e-06 0.00226054 0.092287 
0.00177632 0.0161536 0.00150366 0.109128 0.00484955 3.15876e-05 1.37464e-07 0.0395259 4.50932e-09 3.09021e-05 0.000154173 0.0178064 0.203063 0.00028429 0.0353241 1.35695e-06 0.00169084 0.568676 
0.0630893 0.00775857 0.000231544 0.134251 0.00158434 5.20341e-07 2.36947e-06 0.220346 6.06319e-08 0.00919491 0.000221139 0.0321651 0.450624 0.000340208 0.0019069 1.43704e-05 0.0507244 0.0275448 
0.206148 0.0208446 0.000192617 0.219574 0.00965307 0.00439693 4.3159e-07 0.0449834 1.86817e-07 5.08276e-05 0.000176046 0.0276569 0.313581 0.000228292 0.0559686 0.000862367 1.53406e-05 0.0956675 
0.0980283 0.036599 0.000234515 0.501763 0.012932 7.46043e-05 1.38856e-07 0.141902 7.14783e-08 8.68821e-08 0.00024429 0.036429 0.146476 2.04759e-05 0.0234391 3.56656e-06 4.77065e-05 0.00180612 
0.0112776 0.0034056 0.000867229 0.379634 0.0238077 0.000492125 8.90014e-05 0.296691 3.50418e-05 0.00109936 0.000729942 0.101417 0.0300444 0.0033533 0.0591271 0.0628518 0.00171841 0.0233598 
0.000114034 0.0173937 0.000266824 0.046151 0.025183 0.0932418 0.00329875 0.00316485 1.39054e-05 5.9798e-05 0.000226465 0.56108 0.22309 9.86023e-05 0.000817424 0.00121659 7.0995e-05 0.0245122 
0.00055403 0.000831082 0.0577912 0.28612 0.00117334 1.92706e-05 0.000127627 0.135801 5.71813e-10 2.61925e-07 0.00440192 0.0475055 0.00276946 4.00141e-08 0.000167202 5.50318e-05 3.56492e-07 0.462683 
0.000647112 0.0103456 7.88886e-05 0.0955488 0.0897457 0.180387 1.32752e-05 0.0167087 9.57378e-07 0.000608619 3.248e-06 0.0257123 0.153773 0.0148862 0.403484 1.72632e-05 0.007385 0.000654273 
0.446884 0.00298241 0.000319776 0.307314 0.0526382 0.0148304 0.000143497 0.0472388 5.99037e-05 0.000322272 7.04409e-05 0.0431683 0.0550199 0.0023182 0.0173704 0.000233006 0.000661587 0.00842543 
0.157164 0.00673364 1.76323e-05 0.138514 0.397699 0.00162914 2.43332e-07 0.00949797 6.40873e-08 0.000204214 1.22519e-05 0.00283197 0.124966 0.0094703 0.149052 0.000102293 0.000572963 0.00153176 
0.123093 0.000213382 1.33697e-06 0.620949 0.0813355 4.11285e-05 2.87345e-09 0.0209278 5.80164e-12 6.22402e-08 4.56444e-08 0.00183174 0.0993786 0.0516666 1.92051e-08 0.000420601 7.25378e-05 6.8309e-05 
0.00275824 0.00404918 0.00512386 0.299317 0.0286384 0.000465773 1.34594e-06 0.0647559 1.29009e-06 0.00011975 0.000595734 0.0159176 0.0120723 0.000630087 0.0852225 4.62659e-05 0.0341 0.446184 
0.00426496 0.000145496 0.00660898 0.0039707 0.00436042 0.000211838 1.18283e-05 0.0455576 5.38032e-09 1.99472e-05 1.27699e-08 0.00857508 0.227048 0.0194147 0.0253151 7.55737e-06 0.00154132 0.652947 
0.792051 0.000142794 0.00106326 0.132177 0.00551937 0.000143923 2.81947e-06 0.0164954 2.72059e-06 0.000774757 4.77522e-05 0.0108969 0.0212232 0.000625463 0.0119024 0.000426288 0.00564757 0.000857393 
0.00832666 0.040596 0.00593627 0.0436784 0.0249961 0.0310802 0.0466394 0.385417 0.000199982 0.000423272 0.000708435 0.0385159 0.067733 0.00479097 0.0957075 0.00846586 0.00334808 0.193438 
0.787872 0.000143773 0.000512308 0.13425 0.00307403 0.000342079 1.6597e-06 0.00885707 7.62601e-07 0.000580463 1.37142e-05 0.0233909 0.0289978 0.000523748 0.00688971 0.000262195 0.00195938 0.00232877 
0.00143907 0.00197862 9.04435e-05 0.0244621 0.0013369 0.00351023 7.59919e-07 0.0195056 7.87948e-13 0.000702641 0.00181657 0.658302 0.270166 2.81075e-05 0.00167284 5.74946e-06 1.96949e-05 0.0149627 
7.8249e-05 0.000117909 0.000386475 0.00063267 0.000348561 0.000275313 3.67553e-06 0.0192164 2.34224e-06 4.94424e-06 0.001923 0.846166 0.119474 8.33171e-06 4.97336e-05 0.00204633 0.000309965 0.00895677 
0.0117748 0.017905 0.00217655 0.0557092 0.0429386 0.0116959 2.94431e-05 0.127814 3.41559e-06 0.0010643 0.00122087 0.0340481 0.658038 0.00146629 0.0263451 6.04656e-05 0.00543341 0.00227624 
0.000243438 0.000147623 0.00161676 0.00213201 0.00133762 0.0159346 0.00022334 0.100919 2.33265e-05 0.00040181 0.00207211 0.0103744 0.0402707 0.00237059 0.000899516 6.13843e-05 0.00214499 0.818826 
0.929638 6.97405e-05 1.62915e-05 0.0288899 0.0009297 4.10927e-06 2.71581e-06 0.00577297 2.25753e-09 0.000429416 9.54241e-09 0.00939694 0.0204917 0.000122356 0.00301632 0.00023421 7.7734e-05 0.000907648 
0.000429791 0.000489311 0.0201878 0.0116704 0.0218636 0.00324534 0.000648473 0.720687 1.90164e-05 0.000869213 0.000272706 0.0450174 0.0981981 0.000539083 0.0211461 0.000107742 7.54352e-05 0.0545333 
0.0298234 7.39597e-05 0.000155772 0.874163 0.010346 0.00058496 1.05693e-06 0.00229018 5.9339e-09 4.36415e-05 9.54549e-07 0.00373708 0.0643923 0.00102881 0.00516642 2.84902e-05 0.00596939 0.00219466 
0.0249888 3.13497e-05 0.00144228 0.105036 0.674821 1.36843e-05 4.43898e-06 0.155234 1.06494e-06 3.27164e-05 2.27687e-05 0.000510232 0.00912981 0.000529357 0.00990216 1.94348e-05 0.00438241 0.013899 
0.00223917 0.000143374 0.0156781 0.0109334 0.0214295 0.00944821 4.04612e-08 0.0479826 1.29296e-09 0.796639 0.000103096 0.00596637 0.0749035 0.000432813 0.00701844 1.93303e-05 0.000410123 0.00665323 
0.774762 7.11245e-05 0.000978154 0.117332 0.00524594 0.00161073 1.3824e-05 0.0126026 5.53707e-06 0.00092506 0.000638116 0.0329655 0.0143041 0.00347157 0.0146972 0.010896 0.00665224 0.00282854 
0.929638 6.97405e-05 1.62915e-05 0.0288899 0.0009297 4.10927e-06 2.71581e-06 0.00577297 2.25753e-09 0.000429416 9.54241e-09 0.00939694 0.0204917 0.000122356 0.00301632 0.00023421 7.7734e-05 0.000907648 
0.0206013 0.000811895 0.00500116 0.113205 0.025646 0.00485179 1.24391e-06 0.000603954 3.42051e-07 0.000395404 4.11076e-05 0.00600296 0.616652 0.105529 0.0887788 3.65487e-05 0.010761 0.0010804 
0.04902 0.00127543 0.00349054 0.520055 0.0360243 0.00364056 2.60956e-07 0.158732 1.26571e-07 0.00390177 0.000299617 0.0184753 0.129457 0.000548323 0.00627641 4.51752e-05 0.00168826 0.06707 
0.111529 0.0312138 0.00471914 0.323736 0.0465903 0.00687187 0.0110004 0.0534415 0.000101544 0.00030393 0.000915463 0.0454338 0.240354 0.0237529 0.0410862 0.00116445 0.0173747 0.0404109 
0.000114203 1.29285e-06 1.176e-06 0.00358493 0.00136359 0.971048 1.50253e-06 0.000331073 2.08346e-07 1.4531e-06 5.19567e-07 0.0018218 0.0147672 2.70558e-06 0.00405222 7.99569e-05 0.00282762 3.65818e-07 
0.825026 0.00104625 0.000171685 0.0468069 0.00240917 6.93666e-05 1.03366e-05 0.0471913 6.41435e-06 0.000412972 2.59167e-05 0.0103553 0.0364238 0.00252455 0.0238204 0.000227051 0.000393225 0.00307956 
0.52494 4.06622e-05 0.000137941 0.293265 0.0976051 0.00108488 3.83324e-05 0.00138767 1.57017e-07 9.98645e-05 2.80395e-06 0.00834369 0.0209499 6.00651e-05 0.000874909 1.79142e-05 0.000335796 0.0508158 
0.0209947 0.000186627 0.000170254 0.797336 0.00887672 0.000425728 6.34878e-07 0.00147915 4.35621e-09 4.80763e-05 5.7501e-07 0.0065825 0.152886 0.000821434 0.00401392 1.7096e-05 0.00358168 0.00257876 
0.759907 0.000160131 0.00134783 0.137644 0.00529492 0.000912775 8.11107e-06 0.0143393 5.67038e-06 0.000833064 0.000385278 0.0220623 0.018495 0.00221934 0.0147775 0.0076596 0.0119097 0.00203843 
0.835956 9.52002e-05 0.00111542 0.103015 0.00385194 9.59514e-05 1.8803e-06 0.0130072 1.81438e-06 0.000831944 3.1838e-05 0.00959565 0.0172935 0.000625208 0.00916146 0.000543277 0.00407263 0.000703973 
0.348063 0.00266873 0.00520629 0.00635662 0.00433416 0.00241289 6.53894e-05 0.0548364 3.22775e-06 0.00100906 0.00669259 0.294719 0.229217 0.00156637 0.0249718 0.00957637 0.000354986 0.0079468 
9.20105e-06 5.46192e-06 2.2539e-06 5.01628e-05 0.0813284 1.99068e-05 2.89429e-10 5.99045e-06 2.12762e-10 1.28084e-05 4.5278e-07 2.5354e-05 0.893088 0.0146616 9.0893e-05 6.99078e-07 1.78077e-06 0.0106971 
0.000561621 0.00109303 0.0104172 0.0104978 0.00442983 0.000314378 3.54889e-05 0.274339 6.76011e-06 0.00307009 0.0119973 0.489313 0.136954 0.000240173 0.0166551 0.0376525 0.00135192 0.00107087 
0.0249603 0.00895245 0.000843215 0.127015 0.0471071 0.00755911 7.55405e-06 0.0569776 2.3187e-06 0.000424076 2.54458e-06 0.0193781 0.646096 0.0123206 0.0284644 0.000214508 0.010683 0.00899202 
0.000156978 0.00134077 1.78168e-05 0.0829925 0.0223035 0.0707824 0.0001295 0.00352069 1.55113e-05 4.52021e-05 0.000152215 0.0184463 0.615153 0.0156545 0.102075 3.14167e-05 0.0624341 0.00474874 
0.00083639 9.03534e-05 0.00317991 0.0340379 0.00307124 0.000160877 1.2599e-05 0.0395466 6.53184e-08 3.02614e-05 0.000469064 0.0161411 0.144591 0.000100709 0.000541955 8.82808e-06 3.11908e-05 0.75715 
0.0553736 0.0115124 4.0438e-07 0.673181 0.0915968 0.000123549 3.07176e-06 0.0152879 9.24063e-12 7.83934e-05 2.7148e-08 0.00354115 0.0608348 0.040129 0.000555761 0.0473531 7.19989e-05 0.000357119 
0.0073435 0.00729341 0.000212766 0.55895 0.0945729 0.000309605 0.000221592 0.0325191 1.21468e-07 4.34777e-05 8.20901e-05 0.00647588 0.036124 0.00306833 0.0110277 0.0612735 4.84671e-05 0.180433 
0.00404512 0.00339992 0.0086436 0.0200438 0.0498797 0.225463 0.000132408 0.131597 1.37144e-05 0.000831256 0.000432975 0.339387 0.0234998 0.0117586 0.160106 0.000123848 0.00124487 0.019397 
0.000561621 0.00109303 0.0104172 0.0104978 0.00442983 0.000314378 3.54889e-05 0.274339 6.76011e-06 0.00307009 0.0119973 0.489313 0.136954 0.000240173 0.0166551 0.0376525 0.00135192 0.00107087 
0.00254734 0.00228571 0.458221 0.0385542 0.0199622 0.00283649 1.76518e-06 0.286496 3.25407e-10 6.33887e-05 7.35404e-07 0.128213 0.00442602 0.00271956 0.0344184 1.72026e-05 8.24356e-05 0.0191545 
0.00921251 0.0039287 0.00112257 0.0252526 0.041591 0.024289 0.00755054 0.0376636 0.000151655 0.000359227 0.00163364 0.0603199 0.0651254 0.00149474 0.00699334 0.620867 0.0002441 0.0922004 
0.00878813 0.00102942 0.00112569 0.316765 0.0165427 0.0494781 8.79344e-05 0.036273 1.03379e-05 0.000386139 0.000809182 0.247985 0.290453 0.000360536 0.00433207 0.00837771 0.00247518 0.0147208 
0.000593918 0.0757013 0.0328701 0.44993 0.0894679 0.0108114 7.46425e-05 0.0534857 1.60303e-05 2.15867e-05 0.000312247 0.00722446 0.0962503 0.00211147 0.04735 8.11824e-05 0.00169778 0.132 
0.00425467 9.21128e-08 0.000319556 0.000417303 0.000347403 0.00200136 2.34116e-06 0.00479052 3.6457e-09 0.84198 0.000878839 0.123544 0.0107118 0.00016713 0.00733319 8.5972e-05 0.000600708 0.00256528 
0.929638 6.97405e-05 1.62915e-05 0.0288899 0.0009297 4.10927e-06 2.71581e-06 0.00577297 2.25753e-09 0.000429416 9.54241e-09 0.00939694 0.0204917 0.000122356 0.00301632 0.00023421 7.7734e-05 0.000907648 
0.00494003 0.00045969 0.00273602 0.0398105 0.00299652 0.00426038 8.83504e-05 0.0398874 5.58846e-06 0.000121115 0.0010511 0.653395 0.195225 0.000718956 0.006672 0.0236239 0.000936934 0.0230715 
0.000184193 0.0026971 0.000219367 0.00188102 0.00626377 0.00709772 2.06582e-05 0.00120856 7.48256e-06 0.00241591 0.00032373 0.0743923 0.0579396 0.00905274 0.770361 2.02991e-05 0.0606003 0.00531431 
0.00289844 0.00431417 0.128432 0.117439 0.0146847 0.00928975 0.000407649 0.0267427 2.1226e-05 0.0138023 0.0237121 0.526495 0.0439251 0.0207646 0.0100939 0.00578305 0.0150336 0.0361607 
0.835956 9.52002e-05 0.00111542 0.103015 0.00385194 9.59514e-05 1.8803e-06 0.0130072 1.81438e-06 0.000831944 3.1838e-05 0.00959565 0.0172935 0.000625208 0.00916146 0.000543277 0.00407263 0.000703973 
0.179514 0.00478748 0.000303133 0.0156501 0.0802093 0.00108598 1.46551e-06 0.122059 7.09082e-07 0.000375937 0.0224631 0.0483504 0.170383 0.00445716 0.317441 0.00129495 0.00602203 0.0256017 
0.0283259 3.43652e-06 7.18167e-06 0.0340818 0.0405897 0.487026 0.00138391 0.00180257 9.91376e-10 3.99167e-06 9.54336e-06 0.00116368 0.0210125 0.00417954 0.0113859 0.000164549 0.000104749 0.368755 
0.00510883 0.00161919 6.88523e-05 0.0253359 0.00492902 0.000837694 5.52015e-05 0.0105265 1.8138e-05 6.2877e-05 8.35644e-05 0.0195308 0.42938 9.05065e-05 0.00101324 4.20082e-05 0.000338716 0.500959 
8.25868e-05 0.0893381 0.000119854 0.0698236 0.00792914 0.000926076 6.4717e-05 0.0147854 1.11119e-05 0.000346985 0.000479509 0.00811593 0.0016711 0.112459 0.684179 5.1869e-05 0.00551732 0.00409901 
0.000273459 0.0838547 0.0348099 0.0113894 0.258147 1.08282e-06 2.03598e-09 0.0644658 1.49667e-09 0.000335574 3.18066e-06 0.0222236 2.93995e-05 0.0842577 0.414512 8.5128e-07 0.00395709 0.0217392 
0.00101949 0.0844467 0.00859592 0.118127 0.199363 0.107047 1.30154e-08 0.369935 9.56776e-09 6.64706e-07 2.38178e-05 0.000636595 0.0910677 2.62455e-06 0.000187062 3.03748e-06 0.000369919 0.0191738 
0.00445454 0.00230157 6.75009e-05 0.0479017 0.0839009 5.89236e-05 3.33069e-07 0.0386196 6.4768e-09 0.00142298 2.09488e-05 0.000215223 0.0027384 0.305226 0.492375 5.58353e-06 0.0164927 0.00419801 
0.131381 0.000474388 0.00171819 0.0316591 0.0150468 0.0164894 0.133295 0.0260859 0.000157928 0.00024618 0.00283358 0.377765 0.046286 0.012141 0.00639158 0.0165439 0.00268475 0.178799 
0.0129439 0.00748971 0.00229969 0.790577 0.015028 0.00436394 8.92564e-06 0.0268109 5.79444e-06 0.00106302 0.00203696 0.0107114 0.0612761 0.00198841 0.0343637 0.0045099 0.0107154 0.0138068 
0.08875 0.00405132 0.0262753 0.285592 0.016324 0.0205765 0.0166024 0.121546 0.00121774 0.00201455 0.00184231 0.0800389 0.175096 0.00760433 0.0177377 0.00684071 0.00923468 0.118655 
0.00201694 0.065912 0.00107871 0.00846795 0.00259989 0.000382589 6.57955e-06 0.0048913 2.19951e-06 0.000149693 2.49836e-05 0.000623581 0.0254579 0.658284 0.228128 1.41879e-05 0.00128935 0.000669941 
0.159733 0.00738671 0.000946821 0.250653 0.0555933 0.0037961 4.28585e-05 0.204881 1.25885e-05 0.000419101 0.00246848 0.0871119 0.0782628 0.000226323 0.00968677 0.00767661 0.000191896 0.13091 
1.0158e-07 4.44974e-05 9.73673e-05 1.94666e-08 0.0312194 7.65433e-07 6.29866e-11 0.000328629 4.63021e-11 4.80581e-11 0.00291029 0.00127048 0.000291925 0.119162 0.732355 2.15438e-09 0.11232 3.19137e-08 
8.73394e-07 0.0706354 2.069e-07 0.112427 0.0104824 0.000169522 3.54493e-11 0.0670386 2.60591e-11 5.16944e-05 7.98408e-10 0.00151991 0.0321464 0.0103433 0.651269 1.24459e-07 0.0287422 0.015173 
0.0184176 0.00198549 0.000212283 0.202588 0.0184212 0.003657 6.42261e-05 0.116763 4.41421e-05 0.0103991 0.00307661 0.216502 0.134429 0.00188418 0.0717287 0.160314 0.00275049 0.0367629 
0.0110761 0.00381619 0.0649598 0.224645 0.0117027 0.0502373 0.000128242 0.333896 1.69738e-08 6.49882e-05 0.000141555 0.184683 0.0281714 0.0283848 0.00421161 0.00223543 0.00381084 0.0478343 
0.00734713 0.00214791 0.00425907 0.15991 0.00633531 5.18976e-08 5.66751e-06 0.328905 3.63621e-10 0.000938388 0.00357578 0.00197278 0.471038 1.10541e-07 0.000314445 2.31192e-05 8.38056e-08 0.0132273 
0.00426496 0.000145496 0.00660898 0.0039707 0.00436042 0.000211838 1.18283e-05 0.0455576 5.38032e-09 1.99472e-05 1.27699e-08 0.00857508 0.227048 0.0194147 0.0253151 7.55737e-06 0.00154132 0.652947 
0.0012966 0.017934 0.00161274 0.0926975 0.0351613 0.0500121 8.72949e-05 0.0195183 1.25087e-05 0.00100293 6.99304e-05 0.0359536 0.033655 0.168845 0.500621 0.018751 0.0163406 0.00642908 
0.00113472 0.00268308 0.010898 0.0523495 0.0136687 0.0176876 0.00202984 0.161747 2.33289e-06 0.000681132 0.00214616 0.0185675 0.420685 0.0115583 0.0170291 0.000113064 0.0110718 0.255947 
0.0327642 0.0206174 0.000174194 0.392604 0.0834837 0.00596833 3.86133e-05 0.0211085 6.48283e-06 0.000414444 0.000153802 0.0190319 0.289151 0.0351036 0.0127986 0.0188547 0.0615444 0.00618269 
0.00314002 0.000131585 0.0191735 0.0147749 0.000107651 2.11229e-06 1.82949e-08 0.913419 1.34487e-08 6.87599e-06 1.96256e-05 0.0360883 0.00827832 1.03221e-06 0.000165055 5.75983e-06 6.50434e-07 0.00468567 
2.50445e-09 0.00159594 9.54469e-06 8.56314e-09 3.25419e-05 0.000220072 6.77675e-10 0.00677406 7.77496e-13 8.84736e-05 0.00520711 0.869944 0.114635 2.50754e-06 0.00017908 7.46507e-10 3.20876e-06 0.0013079 
0.000247001 0.0027963 0.00983453 0.107991 0.00421833 0.324245 0.000697884 0.0189494 2.72457e-05 0.000217032 0.000272443 0.385886 0.0939703 0.000127887 0.00490248 0.0212698 0.00397538 0.0203722 
0.00122778 0.0197551 0.0124756 0.178661 0.0424355 0.00134284 3.09768e-05 0.125884 2.06122e-06 4.48318e-06 8.20509e-06 0.00350435 0.446583 0.00268749 0.121291 1.07523e-05 0.0281804 0.0159147 
0.000144274 0.00365944 0.00262758 0.0011182 0.0291329 0.0591611 0.000261813 0.104924 5.43273e-06 2.62402e-05 0.00803954 0.237432 0.50773 0.00294224 0.0302358 0.00074843 0.005278 0.00653332 
0.00182165 0.00271651 4.95451e-05 0.00149545 0.116556 0.568729 1.00727e-06 0.00483089 8.00439e-07 0.0232417 0.0141077 0.110201 0.114918 0.000359207 0.0253588 8.40666e-05 8.46698e-07 0.0155281 
0.00410929 0.00078193 0.0046679 0.137337 0.30215 0.000140288 1.13161e-08 0.00651179 7.49248e-11 0.000180939 0.00016339 0.00231309 0.0138154 0.0282963 0.283778 3.16687e-08 0.211965 0.00378928 
0.0724801 0.000895006 0.0125808 0.506458 0.0650101 0.00350702 5.49895e-05 0.0260259 4.69765e-05 0.000301137 0.000484839 0.0667318 0.109153 0.00238804 0.042354 0.00310059 0.0135386 0.0748883 
0.835956 9.52002e-05 0.00111542 0.103015 0.00385194 9.59514e-05 1.8803e-06 0.0130072 1.81438e-06 0.000831944 3.1838e-05 0.00959565 0.0172935 0.000625208 0.00916146 0.000543277 0.00407263 0.000703973 
0.00734713 0.00214791 0.00425907 0.15991 0.00633531 5.18976e-08 5.66751e-06 0.328905 3.63621e-10 0.000938388 0.00357578 0.00197278 0.471038 1.10541e-07 0.000314445 2.31192e-05 8.38056e-08 0.0132273 
0.019777 0.000609796 0.0165515 0.293591 0.00637622 0.000499841 0.000856402 0.0300652 1.07109e-05 0.000473093 0.00177908 0.137706 0.351211 0.000203314 0.00879563 2.11795e-05 0.0180222 0.113451 
0.118713 0.00606356 0.00060395 0.143894 0.0212862 0.00272755 5.95763e-05 0.270905 1.84129e-05 0.000699214 0.00379123 0.115929 0.172697 0.000160453 0.00136244 0.00862729 7.17096e-05 0.132391 
0.0970075 0.00567879 0.000907906 0.495476 0.0579073 0.0267407 2.49322e-05 0.0288812 1.53133e-05 0.00030372 0.000786231 0.0121876 0.201056 0.01618 0.0258584 0.00018604 0.00835031 0.0224518 
0.00753465 0.0120157 0.00270287 0.335106 0.332385 0.0275171 0.000670389 0.0696282 1.36551e-05 0.000296762 0.0311534 0.0161855 0.0563602 0.00157667 0.0904678 3.76676e-05 0.00895988 0.00738851 
0.929638 6.97405e-05 1.62915e-05 0.0288899 0.0009297 4.10927e-06 2.71581e-06 0.00577297 2.25753e-09 0.000429416 9.54241e-09 0.00939694 0.0204917 0.000122356 0.00301632 0.00023421 7.7734e-05 0.000907648 
0.0303056 0.000697871 0.00294867 0.487727 0.00688772 0.00462159 0.000426521 0.0275483 5.01878e-08 3.53788e-05 2.75489e-06 0.21328 0.0596473 0.0035239 0.0816879 0.051599 0.00139749 0.0276627 
0.309118 0.00134119 0.000120465 0.0260877 0.00272245 0.00180081 0.000211988 0.0132362 7.24234e-05 0.000234231 0.00137188 0.0319083 0.0180386 0.000370792 0.00362081 0.586574 0.000469771 0.00270029 
0.0191891 0.025514 0.000908676 0.361994 0.25569 0.00546252 7.28545e-07 0.075299 2.40154e-07 0.000321083 0.00175989 0.0183718 0.104274 0.00147617 0.0474382 0.000362228 0.0788863 0.00305263 
0.0041259 0.0178918 0.00215189 0.548324 0.0253629 0.00537612 0.000359924 0.0340331 0.000141234 0.000183687 0.00437444 0.0278101 0.132333 0.0117184 0.0965847 0.0190176 0.0400146 0.0301963 
0.00410929 0.00078193 0.0046679 0.137337 0.30215 0.000140288 1.13161e-08 0.00651179 7.49248e-11 0.000180939 0.00016339 0.00231309 0.0138154 0.0282963 0.283778 3.16687e-08 0.211965 0.00378928 
0.000606685 0.00167732 0.00157313 0.0460304 0.0168513 0.0123208 3.13873e-05 0.145107 3.10028e-05 0.000321762 0.0013356 0.130734 0.593994 0.00299259 0.0167716 0.00129986 0.00708369 0.0212376 
0.642765 0.000165609 0.000238983 0.223324 0.00486815 9.67061e-05 1.108e-06 0.0453863 1.46201e-09 0.000274247 1.2942e-05 0.019604 0.0491037 0.000526771 0.00858476 0.00011415 0.00246653 0.00246626 
0.000291995 0.000408707 0.00916305 0.0266687 0.00517706 0.0574063 7.67944e-05 0.128599 4.97789e-09 0.00332851 0.000193772 0.473329 0.146292 0.0459395 0.0104559 0.00182123 0.000263348 0.0905845 
0.226386 0.00109301 0.000617959 0.0478233 0.00448419 0.00107027 0.000148193 0.01992 7.07165e-05 0.000396434 0.000367055 0.0316343 0.0308804 0.000821463 0.00812197 0.621414 0.00277901 0.00197118 
9.69111e-05 0.10776 0.0108927 0.0224998 0.00215662 0.502734 4.87416e-05 0.176905 1.08509e-05 0.0474055 0.00123137 0.0218558 0.000613283 0.000195315 0.00956762 0.00378391 8.34986e-05 0.0921591 
0.000112596 0.000481305 5.35405e-08 0.00357822 0.00208326 0.85754 0.000340571 0.000328762 2.34355e-08 1.63489e-07 0.000836679 9.19882e-08 0.0213363 0.0033056 0.105091 0.000201705 0.00361219 0.00115141 
0.623075 5.18954e-05 0.000177963 0.171668 0.00627813 0.00026055 3.41158e-07 0.112928 2.64658e-09 0.000205903 4.03376e-07 0.0249667 0.0438011 0.00118289 0.013648 0.000433669 0.00020842 0.00111325 
0.00172489 0.00384978 0.000770161 0.319643 0.0662239 0.0705328 3.2421e-05 0.017321 1.1677e-05 0.000374888 2.34977e-05 0.0122004 0.384837 0.0355192 0.0283239 7.80774e-05 0.035701 0.022832 
0.012993 0.0206822 0.0361352 0.110243 0.085016 0.198014 0.0129926 0.000525824 4.05977e-05 0.000746384 5.48716e-05 0.0501833 0.147047 0.00281777 0.0532816 0.00801088 0.00028829 0.260926 
0.0163524 0.00560961 0.000271913 0.183106 0.0147048 0.0213353 0.00120247 0.0223805 0.000204714 0.000239283 0.0075813 0.285947 0.115428 0.00756454 0.0191518 0.0263405 0.00412185 0.268458 
0.0338551 0.0058233 0.000819682 0.0248281 0.0162727 0.0373196 0.00213486 0.020202 0.000471308 0.00119508 0.00111664 0.0907568 0.0933194 0.00184575 0.0175379 0.438541 0.00181359 0.212147 
0.0165207 0.00276983 0.00902366 0.0894507 0.0174781 0.00599958 3.27525e-06 0.0908333 2.87657e-06 7.31302e-06 0.000593081 0.463543 0.115644 0.0192906 0.102954 0.0310436 0.00991198 0.0249309 
0.0946805 0.0329816 0.00321612 0.141919 0.0462335 0.00620895 4.57511e-05 0.0971505 5.85741e-06 0.000621175 0.00654279 0.101501 0.123772 0.0206293 0.27666 0.000323744 0.0271301 0.0203793 
0.431751 0.000720872 0.000485344 0.047059 0.00540679 0.0494822 0.039545 0.012458 1.84084e-06 0.000408503 0.000794657 0.0664806 0.0392489 0.0026259 0.0140139 0.117615 0.00074412 0.171159 
0.00241655 0.00434381 0.00120035 0.1077 0.0182818 0.0350469 0.000336795 0.0400578 1.05468e-05 0.000327677 0.000170246 0.0555264 0.614712 0.0388586 0.0415779 0.0175623 0.00287616 0.0189942 
0.0553736 0.0115124 4.0438e-07 0.673181 0.0915968 0.000123549 3.07176e-06 0.0152879 9.24063e-12 7.83934e-05 2.7148e-08 0.00354115 0.0608348 0.040129 0.000555761 0.0473531 7.19989e-05 0.000357119 
0.0176275 0.0202742 0.0553304 0.246364 0.0232975 0.00558715 0.00272244 0.253286 0.000884127 0.00157704 0.0015986 0.0648362 0.181523 0.00503318 0.0224494 0.00345104 0.00964811 0.0845101 
0.000225255 0.00488259 0.00271103 0.00175642 0.00203253 0.0781523 2.34042e-05 0.0531007 1.53756e-05 0.00700981 0.0119488 0.756272 0.0679744 9.1678e-05 0.00598322 5.31012e-05 0.000370979 0.00739666 
8.21738e-06 0.00106353 4.23487e-06 0.964395 0.00219205 1.56044e-05 9.56382e-08 0.0219658 1.79881e-08 0.000132686 5.3684e-07 0.000314872 0.00931488 1.34447e-05 0.000568184 2.05509e-07 9.8828e-06 1.23154e-06 
0.232584 0.00602866 0.0126468 0.354203 0.0328519 0.00325703 8.20293e-05 0.100067 1.66386e-07 0.0032207 0.00531006 0.0872042 0.147558 0.000190456 0.00492653 0.00100879 0.000136564 0.00872385 
0.0586979 0.526072 0.00222448 0.119655 0.0317946 0.000274715 6.50456e-08 0.122561 1.14639e-09 1.37998e-06 0.00132748 0.017714 0.0955955 0.000124814 0.0213056 3.21901e-06 0.000492779 0.00215542 
9.20105e-06 5.46192e-06 2.2539e-06 5.01628e-05 0.0813284 1.99068e-05 2.89429e-10 5.99045e-06 2.12762e-10 1.28084e-05 4.5278e-07 2.5354e-05 0.893088 0.0146616 9.0893e-05 6.99078e-07 1.78077e-06 0.0106971 
2.35259e-09 0.0023013 2.86195e-05 9.17985e-09 9.76117e-05 0.000650896 6.36257e-10 0.0112661 4.67251e-13 0.000265351 0.0052756 0.826195 0.150975 4.1801e-10 0.00025133 7.01208e-10 6.70881e-06 0.00268692 
1.80356e-06 0.00102459 1.16185e-07 0.140795 0.0638225 0.0349667 5.93678e-07 0.0274946 2.15514e-10 0.00112828 0.000699682 9.77881e-07 0.109218 0.0192501 0.598177 7.63791e-09 2.05737e-07 0.00341943 
0.0328959 0.00352049 0.00118993 0.057574 0.0210376 0.0514856 0.00014163 0.440664 0.000138497 0.00325079 0.000176149 0.0130302 0.216608 0.0160849 0.117823 0.000220749 0.00093589 0.0232218 
0.0499758 0.0274258 0.0216094 0.0722539 0.015836 0.00148767 7.42909e-05 0.124378 2.33694e-05 0.00067054 0.0147286 0.0302327 0.569615 0.00121187 0.0470729 0.00296445 0.0115797 0.00886012 
2.35259e-09 0.0023013 2.86195e-05 9.17985e-09 9.76117e-05 0.000650896 6.36257e-10 0.0112661 4.67251e-13 0.000265351 0.0052756 0.826195 0.150975 4.1801e-10 0.00025133 7.01208e-10 6.70881e-06 0.00268692 
0.0163201 0.00251793 0.0068515 0.291795 0.0163232 0.00629187 0.0173335 0.140813 1.82783e-05 0.000123917 0.000198776 0.166279 0.118194 0.00684482 0.0231525 0.0216883 0.000870775 0.164384 
1.68972e-06 0.00969041 0.00111947 0.439634 0.312304 0.00800416 9.50745e-05 0.00630522 6.50622e-11 1.28178e-07 2.67116e-09 0.0242088 0.110261 0.000810552 0.0760575 1.3739e-05 8.91727e-05 0.0114058 
0.00254734 0.00228571 0.458221 0.0385542 0.0199622 0.00283649 1.76518e-06 0.286496 3.25407e-10 6.33887e-05 7.35404e-07 0.128213 0.00442602 0.00271956 0.0344184 1.72026e-05 8.24356e-05 0.0191545 
0.835956 9.52002e-05 0.00111542 0.103015 0.00385194 9.59514e-05 1.8803e-06 0.0130072 1.81438e-06 0.000831944 3.1838e-05 0.00959565 0.0172935 0.000625208 0.00916146 0.000543277 0.00407263 0.000703973 
0.011451 0.0524088 0.00204728 0.047306 0.218946 0.01307 0.00337027 0.172476 0.0011496 0.00804931 0.00242014 0.041082 0.15171 0.00464743 0.143177 0.0146972 0.0195949 0.0923966 
0.835956 9.52002e-05 0.00111542 0.103015 0.00385194 9.59514e-05 1.8803e-06 0.0130072 1.81438e-06 0.000831944 3.1838e-05 0.00959565 0.0172935 0.000625208 0.00916146 0.000543277 0.00407263 0.000703973 
8.87733e-05 0.00226101 8.95536e-05 1.61772e-08 0.000455935 0.00679277 1.24264e-05 0.00338713 3.06918e-12 4.4286e-05 0.00260375 0.860766 0.101663 0.000227515 0.00317271 7.42441e-06 0.000128911 0.0182988 
0.000265554 0.0109942 0.00188324 0.24809 0.211095 0.0237694 1.59617e-05 0.0456416 1.07231e-07 0.00110043 8.89832e-05 0.0226858 0.0362923 0.0150821 0.0831159 0.0508687 0.00210279 0.246908 
0.123093 0.000213382 1.33697e-06 0.620949 0.0813355 4.11285e-05 2.87345e-09 0.0209278 5.80164e-12 6.22402e-08 4.56444e-08 0.00183174 0.0993786 0.0516666 1.92051e-08 0.000420601 7.25378e-05 6.8309e-05 
0.00936247 0.012405 0.000343276 0.134754 0.0341454 0.0194415 3.62638e-06 0.0957387 1.35586e-06 0.00795982 0.00243691 0.0389151 0.100425 0.00752844 0.191294 0.000195734 0.0613857 0.283664 
0.962793 0.000426564 0.00024942 0.0156649 0.00193178 0.00170552 5.87814e-05 0.00154361 2.69899e-08 0.000722777 1.48363e-05 0.00476385 0.00448983 0.000946526 0.000768521 7.68116e-05 8.47156e-05 0.0037584 
0.226386 0.00109301 0.000617959 0.0478233 0.00448419 0.00107027 0.000148193 0.01992 7.07165e-05 0.000396434 0.000367055 0.0316343 0.0308804 0.000821463 0.00812197 0.621414 0.00277901 0.00197118 
0.835956 9.52002e-05 0.00111542 0.103015 0.00385194 9.59514e-05 1.8803e-06 0.0130072 1.81438e-06 0.000831944 3.1838e-05 0.00959565 0.0172935 0.000625208 0.00916146 0.000543277 0.00407263 0.000703973 
0.355701 0.00441236 0.00114076 0.116267 0.0676281 0.00135355 5.54716e-08 0.126757 1.6971e-10 0.000591896 0.0248845 0.0469386 0.0642875 0.00343919 0.182487 0.000102969 0.000618975 0.00338982 
0.00405127 7.89769e-05 0.000768236 0.00602783 0.0225029 0.000155918 7.09184e-06 0.0607965 3.95159e-06 2.47964e-05 0.000653676 0.682364 0.206388 0.000123967 0.000263272 0.000468714 0.0033897 0.0119309 
1.84319e-05 0.00128289 0.0131335 0.158672 0.00996778 0.000859407 5.7597e-07 0.187446 7.78168e-09 1.19433e-05 0.00185354 0.0253027 0.434945 0.000156138 0.00370653 1.01614e-05 0.000132847 0.1625 
0.0032126 0.000687454 0.00159464 0.149078 0.0124607 0.00726217 5.58462e-06 0.0231427 3.15497e-06 0.000633914 7.85321e-05 0.0157149 0.223256 0.00357785 0.00722696 2.56354e-05 0.00047734 0.551562 
0.00127256 1.19058e-08 0.0244063 0.501183 0.0913603 1.58378e-08 1.99192e-08 0.0415617 1.10772e-08 4.59742e-08 0.000349248 0.0772157 0.0676437 0.000368975 0.0261304 1.56836e-05 0.00676077 0.161732 
0.000509029 7.63579e-05 0.00421211 0.00423917 0.0061151 0.00724035 0.000389791 0.0118621 6.70899e-09 4.29864e-06 7.19688e-09 0.692017 0.0462225 0.000106082 0.00263185 0.131252 0.0821482 0.0109741 
0.00635604 0.00356049 0.00018779 0.385775 0.00784104 0.0175545 5.47417e-06 0.00875949 3.26306e-09 0.00142002 6.97426e-05 0.00716792 0.470625 0.00303552 0.0498989 8.70614e-05 0.036898 0.000757095 
0.0342023 6.16474e-06 3.26434e-05 0.0437173 0.00951253 0.286363 0.00509828 0.0775156 1.2676e-09 0.000211971 3.71598e-07 0.109571 0.235723 0.00492819 0.0478972 7.17618e-06 2.76099e-05 0.145185 
2.58238e-05 0.140349 0.482868 0.00105177 0.00383052 0.00265157 1.70261e-05 0.18455 3.76346e-08 3.90619e-08 0.00107371 0.025402 0.000102845 6.60928e-05 0.00822918 3.02911e-05 0.00263799 0.147114 
0.0298234 7.39597e-05 0.000155772 0.874163 0.010346 0.00058496 1.05693e-06 0.00229018 5.9339e-09 4.36415e-05 9.54549e-07 0.00373708 0.0643923 0.00102881 0.00516642 2.84902e-05 0.00596939 0.00219466 
0.929638 6.97405e-05 1.62915e-05 0.0288899 0.0009297 4.10927e-06 2.71581e-06 0.00577297 2.25753e-09 0.000429416 9.54241e-09 0.00939694 0.0204917 0.000122356 0.00301632 0.00023421 7.7734e-05 0.000907648 
0.0163373 0.0175332 0.0258307 0.268664 0.0657363 0.00724129 0.000530444 0.214717 0.00052966 0.000644224 0.000712218 0.120689 0.122556 0.00822419 0.0282811 0.000929339 0.005425 0.095419 
0.00211078 0.0365268 0.000542624 0.287366 0.0467726 0.035245 8.24417e-05 0.012523 3.28031e-05 0.00667116 0.00107776 0.0464693 0.200478 0.0112628 0.140983 0.000271021 0.00743156 0.164154 
0.0218282 0.000854817 0.00307552 0.153437 0.0130397 0.0419657 5.472e-05 0.0432183 3.70167e-05 0.000877477 0.00147541 0.0781245 0.0352494 0.0967193 0.0242627 0.00529671 0.000302654 0.480181 
0.00780866 0.00115138 5.32143e-05 0.00180063 0.00114404 0.000379825 1.80012e-05 0.00137151 1.23845e-05 5.94407e-05 0.000624511 0.900532 0.000499557 0.0408882 0.00956903 0.0299861 0.000162449 0.00393888 
