0.0445308 9.70466e-05 0.000258565 0.771399 0.0183958 1.09824e-05 6.47107e-07 0.0238115 5.82589e-12 0.000208367 0.00119448 0.0101956 0.124463 1.95395e-05 0.00101011 4.21108e-05 9.18902e-06 0.00435296 
0.00101936 0.000177977 0.00077843 0.631606 0.0335275 0.00405946 4.9401e-06 0.00663278 3.3431e-06 5.00377e-05 2.97293e-05 0.00509086 0.126747 0.000591773 0.000914056 7.44806e-06 0.000476158 0.188283 
0.0315954 0.0106158 0.00306139 0.278928 0.0323733 0.0189414 0.00199234 0.0298181 5.37815e-05 0.000108636 0.0191325 0.0175535 0.398924 0.0250638 0.0419277 0.000687433 0.0162311 0.0729916 
0.0679961 0.259432 5.5095e-07 0.560279 0.0174586 0.000449896 4.82845e-10 0.0030058 3.54944e-10 3.68406e-10 5.35712e-06 3.29251e-05 0.0677625 6.34311e-08 0.0188505 2.54514e-09 1.39655e-06 0.00472459 
0.00855024 1.7393e-05 0.000244164 0.000192408 0.00346464 0.869293 3.15967e-06 6.46662e-05 6.22618e-07 0.000343854 2.3927e-05 0.0105166 8.5745e-05 0.00012742 0.0246188 9.01085e-05 0.0772419 0.0051218 
0.0020776 1.8311e-05 3.46944e-09 0.000148512 3.67568e-05 5.32869e-05 8.6026e-07 8.53776e-05 2.08379e-09 0.996656 0.000351573 0.000180169 5.44164e-05 4.63132e-06 0.000107537 0.00014942 7.60084e-05 2.8191e-09 
0.929638 6.97405e-05 1.62915e-05 0.0288899 0.0009297 4.10927e-06 2.71581e-06 0.00577297 2.25753e-09 0.000429416 9.54241e-09 0.00939694 0.0204917 0.000122356 0.00301632 0.00023421 7.7734e-05 0.000907648 
0.123093 0.000213382 1.33697e-06 0.620949 0.0813355 4.11285e-05 2.87345e-09 0.0209278 5.80164e-12 6.22402e-08 4.56444e-08 0.00183174 0.0993786 0.0516666 1.92051e-08 0.000420601 7.25378e-05 6.8309e-05 
0.000292104 0.000355451 0.0792694 0.00239037 0.0180249 0.699238 0.0339575 0.00318169 0.000165945 0.000805212 0.00291425 0.00565905 0.00555841 0.00167957 0.0138942 0.000212986 0.002794 0.129607 
0.000863401 4.27645e-07 0.0042122 0.00389869 0.152428 0.00567077 1.83735e-07 0.135096 6.45303e-10 1.30604e-05 1.41255e-08 0.18866 0.418187 0.00249861 0.0665499 6.10707e-06 0.00336054 0.0185541 
0.000855009 0.00382508 0.57729 0.0299598 0.0172945 0.00579738 4.80519e-07 0.0622081 3.1738e-07 0.000449846 0.00034095 0.0140635 0.0450905 0.0133792 0.223262 1.86854e-05 0.00294875 0.00321614 
0.00719391 0.000777365 7.2445e-05 0.00633238 0.0105043 0.790796 0.000102324 0.00212994 3.91108e-05 5.19719e-05 0.00274774 0.00128958 0.0621612 0.00195614 0.100126 0.000569154 0.00139639 0.0117544 
0.00185938 0.0138596 0.000176232 0.153726 0.0269308 0.0341003 9.47128e-05 0.108484 1.08282e-07 0.00032144 0.00760765 0.0716648 0.447153 0.00256044 0.0392405 4.00852e-07 0.0666141 0.0256072 
0.929638 6.97405e-05 1.62915e-05 0.0288899 0.0009297 4.10927e-06 2.71581e-06 0.00577297 2.25753e-09 0.000429416 9.54241e-09 0.00939694 0.0204917 0.000122356 0.00301632 0.00023421 7.7734e-05 0.000907648 
0.000870736 0.00240739 2.30438e-05 0.000336284 0.04309 0.0190949 1.80474e-08 0.00820415 1.32668e-08 4.82778e-06 8.93678e-06 0.0134607 0.00388422 0.236218 0.666917 5.20287e-06 0.00164198 0.00383229 
0.0628542 0.0146143 0.00682705 0.186891 0.00609769 0.014207 4.94467e-05 0.158333 1.87961e-06 3.62751e-06 0.00158627 0.0800591 0.398263 0.0217118 0.0355617 2.38862e-05 0.00012035 0.0127945 
0.0178798 0.149718 0.000264333 0.240716 0.0173707 0.0397869 7.72561e-05 0.00726799 3.17848e-05 0.000311598 0.000170875 0.00873884 0.451027 0.00295926 0.0609977 6.61615e-05 0.000356091 0.00226073 
0.212453 0.000328455 8.32441e-05 0.117966 0.00520195 0.000994208 5.09834e-05 0.0978343 1.73106e-05 0.00109656 0.000256879 0.259639 0.242619 0.000369259 0.00127901 0.00213539 0.00058562 0.0570905 
0.00238082 6.76931e-05 0.00608944 0.0376799 0.00235196 0.000745628 4.38729e-05 0.0315724 8.89718e-06 0.000184138 0.00212098 0.777532 0.0339037 0.000516319 0.00688605 0.00256585 0.00120218 0.0941482 
0.0161096 0.00821897 0.000212511 0.383693 0.0298801 0.0229688 0.000185937 0.11187 6.88552e-06 0.000754316 0.056947 0.0316951 0.275827 0.002209 0.0290188 0.00116161 0.0107311 0.01851 
0.0484189 0.000148981 9.42313e-05 0.103715 0.00636431 0.00201529 3.00877e-05 0.00307664 6.79057e-06 0.000614727 0.000152265 0.0148167 0.0822761 6.37834e-05 0.000370865 1.20718e-05 1.95944e-05 0.737804 
0.709854 0.000401441 0.000515162 0.049707 0.00657173 0.00139205 3.61341e-05 0.0391341 3.22021e-05 0.000446801 0.00284916 0.0986033 0.029397 0.0033792 0.0056758 0.0421616 0.00420434 0.00563883 
8.9674e-06 0.0886885 0.000703311 0.0474829 0.0175446 0.0028907 0.000700432 0.00287935 1.45637e-11 2.78479e-07 1.03797e-07 0.271159 0.191135 0.00574204 0.162376 0.164276 0.000773299 0.0436386 
0.000272162 0.00574634 0.00436713 0.0171712 0.0957955 0.00587012 7.51026e-05 0.0217452 1.29655e-06 0.000246237 0.000739033 0.0219719 0.0258331 0.00505481 0.520276 1.17332e-05 0.0340499 0.240773 
0.00352812 0.00131922 0.00134899 0.0886983 0.0685691 0.00645586 5.99498e-07 0.017418 1.2615e-07 0.000246077 0.000111947 0.000534457 0.00399189 0.0475431 0.186033 1.59776e-05 0.565052 0.00913355 
0.0866201 0.000371738 0.0538272 0.13429 0.0428707 0.0061338 0.0547788 0.214751 0.000160647 0.00157199 0.00191446 0.107918 0.147776 0.00773762 0.0521953 0.000489083 0.0101787 0.0764159 
0.00636533 1.22299e-06 5.26407e-06 0.370781 0.424013 0.000160273 7.75972e-05 0.00939569 1.39035e-07 9.3748e-07 6.53567e-07 0.0311216 0.128141 1.28045e-06 0.00970307 2.50283e-07 0.00830135 0.0119303 
0.787872 0.000143773 0.000512308 0.13425 0.00307403 0.000342079 1.6597e-06 0.00885707 7.62601e-07 0.000580463 1.37142e-05 0.0233909 0.0289978 0.000523748 0.00688971 0.000262195 0.00195938 0.00232877 
0.929638 6.97405e-05 1.62915e-05 0.0288899 0.0009297 4.10927e-06 2.71581e-06 0.00577297 2.25753e-09 0.000429416 9.54241e-09 0.00939694 0.0204917 0.000122356 0.00301632 0.00023421 7.7734e-05 0.000907648 
0.04902 0.00127543 0.00349054 0.520055 0.0360243 0.00364056 2.60956e-07 0.158732 1.26571e-07 0.00390177 0.000299617 0.0184753 0.129457 0.000548323 0.00627641 4.51752e-05 0.00168826 0.06707 
0.011335 0.00456174 0.00329061 0.0659749 0.0403303 1.89172e-05 1.64095e-07 0.0154785 3.485e-09 7.6148e-05 0.000286709 0.00081278 0.0163251 0.00866303 0.636327 5.1778e-06 0.195499 0.00101464 
0.929638 6.97405e-05 1.62915e-05 0.0288899 0.0009297 4.10927e-06 2.71581e-06 0.00577297 2.25753e-09 0.000429416 9.54241e-09 0.00939694 0.0204917 0.000122356 0.00301632 0.00023421 7.7734e-05 0.000907648 
0.0206013 0.000811895 0.00500116 0.113205 0.025646 0.00485179 1.24391e-06 0.000603954 3.42051e-07 0.000395404 4.11076e-05 0.00600296 0.616652 0.105529 0.0887788 3.65487e-05 0.010761 0.0010804 
0.00119101 0.00189001 0.00288558 0.0735711 0.0926022 0.0152611 0.000454767 0.108851 1.06915e-05 0.000904906 0.00358857 0.129434 0.435806 0.00509652 0.0665578 0.00332177 0.00169419 0.0568789 
0.000862852 0.000523517 0.000412762 0.0792892 0.0059315 0.00145754 5.62849e-06 0.0410149 5.16023e-06 0.000557245 0.000217321 0.412924 0.424887 0.00246239 0.0182275 0.00418346 0.000185473 0.00685178 
0.00254734 0.00228571 0.458221 0.0385542 0.0199622 0.00283649 1.76518e-06 0.286496 3.25407e-10 6.33887e-05 7.35404e-07 0.128213 0.00442602 0.00271956 0.0344184 1.72026e-05 8.24356e-05 0.0191545 
0.00671692 0.000213018 0.000359945 0.114417 0.200649 0.00731585 2.86163e-05 0.00452459 2.70033e-08 5.21753e-05 2.70719e-08 0.0115241 0.243199 0.000110036 0.00496253 6.34157e-05 0.0017096 0.404154 
0.00700866 0.00712616 0.000414792 0.222176 0.0825998 0.0220551 8.29692e-06 0.211042 1.28705e-06 0.000167129 0.0029241 0.0316515 0.327942 0.00988983 0.0648314 3.29833e-05 0.00847721 0.00165213 
0.110127 0.00445345 0.0116699 0.22382 0.035061 0.0218992 0.00659101 0.100252 0.00124517 0.00130669 0.00412577 0.0697598 0.214638 0.0251143 0.0369693 0.0103883 0.00886209 0.113717 
0.123093 0.000213382 1.33697e-06 0.620949 0.0813355 4.11285e-05 2.87345e-09 0.0209278 5.80164e-12 6.22402e-08 4.56444e-08 0.00183174 0.0993786 0.0516666 1.92051e-08 0.000420601 7.25378e-05 6.8309e-05 
0.0334292 0.00648734 0.0245033 0.468011 0.0136274 0.00548712 0.000642346 0.190586 0.000224456 0.000892605 0.00253952 0.0344202 0.0785242 0.00633957 0.0493144 0.00352859 0.0064509 0.0749918 
2.47251e-05 0.00495667 0.000256909 0.000714132 0.00102462 0.00789601 1.69826e-05 0.0304103 1.14611e-08 0.00231453 0.00744017 0.816203 0.112427 8.5386e-05 0.00464215 0.000259889 0.00896468 0.0023626 
0.0141234 0.00761401 0.025317 0.222397 0.0363965 0.00698119 0.00180841 0.0641336 0.000406994 0.000426469 0.00229348 0.0384862 0.432217 0.0057823 0.0446598 0.00271947 0.00955423 0.0846825 
0.792051 0.000142794 0.00106326 0.132177 0.00551937 0.000143923 2.81947e-06 0.0164954 2.72059e-06 0.000774757 4.77522e-05 0.0108969 0.0212232 0.000625463 0.0119024 0.000426288 0.00564757 0.000857393 
0.000259521 0.00317014 0.00063875 0.0174919 0.00205104 0.00064554 8.25964e-06 0.0199584 8.14415e-06 0.000138789 0.0043493 0.762267 0.120056 0.000543838 0.00536335 0.0574284 0.000485913 0.00513608 
0.00582786 0.000857154 5.27956e-05 0.00120984 0.00116728 0.000360182 1.6794e-05 0.00112174 1.22484e-05 6.11368e-05 0.000419643 0.92039 0.000335654 0.0348617 0.00942187 0.0201471 0.000109159 0.0036281 
0.103582 0.0076625 0.00514971 0.20641 0.0119217 0.0001769 7.23123e-05 0.439724 4.20245e-09 0.00359231 3.26956e-06 0.000811274 0.0495168 0.00484946 0.0719719 8.97514e-06 0.00226054 0.092287 
3.51973e-07 0.0030925 8.622e-08 0.085969 0.00767254 7.61508e-07 1.10717e-11 0.0119392 8.13891e-12 0.00166638 1.73205e-08 0.00562628 0.843695 1.39865e-06 0.0403365 2.67423e-08 6.81208e-08 1.94766e-07 
0.0313008 0.0033162 0.0027757 0.364982 0.0304278 0.0289954 0.000437917 0.106091 6.40049e-05 8.96241e-05 0.00161306 0.0702917 0.308216 0.00919836 0.0168142 0.00035645 0.00216978 0.0228588 
0.0195659 8.10167e-05 0.00958389 0.0488636 0.000853075 6.16245e-06 2.21943e-06 0.868722 1.75376e-07 7.51758e-05 9.81528e-05 0.0235444 0.00725999 0.00162209 0.000389722 2.76793e-05 0.0181087 0.00119585 
0.0281307 0.000141986 0.000915852 0.603552 0.0241373 0.0529143 8.37388e-05 0.00856851 2.82402e-05 0.000175594 0.000347933 0.0182231 0.0538486 0.0959921 0.011465 0.00909686 0.0219579 0.0704199 
0.00121603 0.00716057 0.00933378 0.304149 0.139105 0.00528482 0.00106466 0.064217 4.13699e-06 2.22415e-05 0.000558658 0.0340806 0.27155 0.00113339 0.037877 3.9863e-05 0.000855621 0.122348 
0.0112776 0.0034056 0.000867229 0.379634 0.0238077 0.000492125 8.90014e-05 0.296691 3.50418e-05 0.00109936 0.000729942 0.101417 0.0300444 0.0033533 0.0591271 0.0628518 0.00171841 0.0233598 
0.929638 6.97405e-05 1.62915e-05 0.0288899 0.0009297 4.10927e-06 2.71581e-06 0.00577297 2.25753e-09 0.000429416 9.54241e-09 0.00939694 0.0204917 0.000122356 0.00301632 0.00023421 7.7734e-05 0.000907648 
0.00823097 0.0159934 0.00167506 0.154862 0.0336294 0.0247475 0.000183481 0.0786237 0.000123545 0.000467399 0.0207193 0.0980131 0.306226 0.0012836 0.0635095 0.000300942 0.000162337 0.191249 
0.00715229 0.00226683 9.63862e-05 0.0354702 0.00528246 0.00117275 7.72714e-05 0.0136875 2.53869e-05 8.80129e-05 0.000116983 0.0185208 0.320935 0.000126699 0.000811744 5.88074e-05 0.000461846 0.593649 
0.661184 0.000104061 0.000792872 0.1022 0.00261666 0.00119603 8.80329e-05 0.0449093 7.34808e-05 0.000492956 0.00144078 0.067413 0.0579745 0.000544597 0.00796505 0.0101627 0.00292482 0.037917 
0.0232462 0.0194554 0.00371641 0.00119889 0.000351283 0.00496113 1.55692e-06 0.546348 2.59731e-08 0.000609852 0.0163826 0.377358 0.000515644 8.06732e-05 0.00171022 0.00123053 4.24321e-07 0.00283304 
0.653024 0.00444897 0.000735067 0.148106 0.0209589 0.000291998 5.04329e-07 0.0574445 1.03783e-07 0.000467542 1.72054e-05 0.0155756 0.0752521 0.00126004 0.00739804 8.69152e-05 0.000218514 0.0147133 
0.000570345 0.00790807 0.00572185 0.105249 0.0692702 0.147927 0.000636309 0.127085 0.000257678 0.000913788 0.0109593 0.395555 0.062989 0.00152822 0.0112377 0.0155574 0.000792612 0.035843 
0.000942804 0.000548322 0.247641 0.151547 0.0254651 0.0111495 0.133812 0.178707 6.90676e-06 3.06386e-05 0.019145 0.00868414 0.00785915 0.0134404 0.0813099 0.0103786 0.000610935 0.108723 
0.226386 0.00109301 0.000617959 0.0478233 0.00448419 0.00107027 0.000148193 0.01992 7.07165e-05 0.000396434 0.000367055 0.0316343 0.0308804 0.000821463 0.00812197 0.621414 0.00277901 0.00197118 
0.00055403 0.000831082 0.0577912 0.28612 0.00117334 1.92706e-05 0.000127627 0.135801 5.71813e-10 2.61925e-07 0.00440192 0.0475055 0.00276946 4.00141e-08 0.000167202 5.50318e-05 3.56492e-07 0.462683 
0.00108041 0.00380615 0.0292891 0.0198415 0.00799721 0.0322905 0.000159349 0.106317 4.19457e-06 0.000350914 0.00399936 0.254927 0.0302242 0.000104305 0.00418626 0.00224729 0.000522696 0.502652 
5.57596e-06 5.57597e-06 5.57521e-06 0.0122765 0.0161787 0.837627 0.00724722 5.57764e-06 5.57261e-06 0.00892142 5.57446e-06 5.57761e-06 5.57804e-06 5.5762e-06 5.57791e-06 0.0278904 5.57732e-06 0.0897977 
0.157164 0.00673364 1.76323e-05 0.138514 0.397699 0.00162914 2.43332e-07 0.00949797 6.40873e-08 0.000204214 1.22519e-05 0.00283197 0.124966 0.0094703 0.149052 0.000102293 0.000572963 0.00153176 
0.040491 0.00305123 0.0248341 0.430689 0.0088957 0.0199327 8.04897e-05 0.0797624 4.47729e-05 0.000143998 0.0110484 0.231772 0.115368 0.0011256 0.0204856 0.00176645 0.00112258 0.00938483 
0.929638 6.97405e-05 1.62915e-05 0.0288899 0.0009297 4.10927e-06 2.71581e-06 0.00577297 2.25753e-09 0.000429416 9.54241e-09 0.00939694 0.0204917 0.000122356 0.00301632 0.00023421 7.7734e-05 0.000907648 
0.000307127 0.00287034 7.89125e-05 0.00725532 0.0021344 0.00208269 3.7898e-06 0.019404 1.20526e-09 0.00038893 0.000743269 0.366278 0.561142 0.0030437 0.032229 3.10268e-06 0.000130378 0.00190459 
0.00238082 6.76931e-05 0.00608944 0.0376799 0.00235196 0.000745628 4.38729e-05 0.0315724 8.89718e-06 0.000184138 0.00212098 0.777532 0.0339037 0.000516319 0.00688605 0.00256585 0.00120218 0.0941482 
0.123093 0.000213382 1.33697e-06 0.620949 0.0813355 4.11285e-05 2.87345e-09 0.0209278 5.80164e-12 6.22402e-08 4.56444e-08 0.00183174 0.0993786 0.0516666 1.92051e-08 0.000420601 7.25378e-05 6.8309e-05 
0.0553736 0.0115124 4.0438e-07 0.673181 0.0915968 0.000123549 3.07176e-06 0.0152879 9.24063e-12 7.83934e-05 2.7148e-08 0.00354115 0.0608348 0.040129 0.000555761 0.0473531 7.19989e-05 0.000357119 
0.123093 0.000213382 1.33697e-06 0.620949 0.0813355 4.11285e-05 2.87345e-09 0.0209278 5.80164e-12 6.22402e-08 4.56444e-08 0.00183174 0.0993786 0.0516666 1.92051e-08 0.000420601 7.25378e-05 6.8309e-05 
7.30107e-05 9.94537e-05 5.95377e-05 1.55849e-05 0.00272711 0.000248417 1.93719e-08 0.000149734 2.86202e-09 2.2191e-08 0.00109937 1.13258e-05 0.000171417 0.00107734 0.0252296 8.01763e-07 0.969002 3.54141e-05 
0.792051 0.000142794 0.00106326 0.132177 0.00551937 0.000143923 2.81947e-06 0.0164954 2.72059e-06 0.000774757 4.77522e-05 0.0108969 0.0212232 0.000625463 0.0119024 0.000426288 0.00564757 0.000857393 
0.0192436 0.0117758 0.00364088 0.386853 0.0144672 0.0278894 0.000100036 0.0136859 9.3894e-05 0.00057145 0.00420752 0.0321648 0.287694 0.00283541 0.0241624 0.0176299 0.0251754 0.127809 
0.0647724 0.00136711 0.000113628 0.769546 0.00591812 0.000292379 4.29527e-07 0.000986201 1.22865e-08 3.20966e-05 3.97901e-07 0.00438855 0.139499 0.000850497 0.00811448 1.1411e-05 0.00238809 0.00171934 
0.0020776 1.8311e-05 3.46944e-09 0.000148512 3.67568e-05 5.32869e-05 8.6026e-07 8.53776e-05 2.08379e-09 0.996656 0.000351573 0.000180169 5.44164e-05 4.63132e-06 0.000107537 0.00014942 7.60084e-05 2.8191e-09 
0.00115198 0.00258266 2.94823e-05 0.00220384 0.00718915 0.475071 0.000592237 0.000567487 1.79714e-05 0.0443493 0.0424283 0.00601927 0.0860238 0.00549721 0.312981 0.000114776 0.0123009 0.000879831 
0.0138309 1.28099e-06 2.08098e-05 0.185939 0.000698353 0.000869938 1.76735e-07 0.0119645 9.87646e-08 0.0362229 4.98926e-07 0.684283 0.0555398 2.84237e-06 2.30779e-06 2.30698e-07 2.54423e-07 0.0106236 
0.835956 9.52002e-05 0.00111542 0.103015 0.00385194 9.59514e-05 1.8803e-06 0.0130072 1.81438e-06 0.000831944 3.1838e-05 0.00959565 0.0172935 0.000625208 0.00916146 0.000543277 0.00407263 0.000703973 
6.07236e-05 0.00687543 0.143911 0.0377796 0.0361214 0.038968 0.00110296 0.0427577 2.61785e-07 3.24678e-05 0.000372659 0.0264347 0.0940429 0.0668386 0.0152372 2.20844e-06 0.000700786 0.488761 
0.0090967 0.00361717 0.000178642 0.017802 0.0160651 0.0155498 1.5902e-05 0.00515397 1.02714e-05 0.000551889 0.000313633 0.00643795 0.0467558 0.0738202 0.759019 8.34004e-05 0.034406 0.0111222 
0.0206013 0.000811895 0.00500116 0.113205 0.025646 0.00485179 1.24391e-06 0.000603954 3.42051e-07 0.000395404 4.11076e-05 0.00600296 0.616652 0.105529 0.0887788 3.65487e-05 0.010761 0.0010804 
0.00127256 1.19058e-08 0.0244063 0.501183 0.0913603 1.58378e-08 1.99192e-08 0.0415617 1.10772e-08 4.59742e-08 0.000349248 0.0772157 0.0676437 0.000368975 0.0261304 1.56836e-05 0.00676077 0.161732 
0.00305972 0.00684457 0.00244884 0.0134053 0.0653801 0.064565 0.00372906 0.027336 2.84067e-09 2.30991e-07 1.06168e-07 0.337477 0.198944 1.90692e-07 0.0164165 0.181243 0.00921758 0.0699332 
0.000114203 1.29285e-06 1.176e-06 0.00358493 0.00136359 0.971048 1.50253e-06 0.000331073 2.08346e-07 1.4531e-06 5.19567e-07 0.0018218 0.0147672 2.70558e-06 0.00405222 7.99569e-05 0.00282762 3.65818e-07 
0.183604 0.000256069 0.0103852 0.35745 0.0191091 0.00205041 2.50841e-05 0.0312296 1.38423e-05 0.000320736 0.00133993 0.0982384 0.233759 0.00200384 0.00757443 0.00768306 0.0158386 0.0291184 
0.0146491 0.00443348 0.0366211 0.30877 0.0364748 0.00305978 0.00449842 0.169382 0.000173628 0.000467752 0.00121005 0.0716682 0.155871 0.0210909 0.0453218 0.00513093 0.0300209 0.091156 
0.00380198 0.00175817 0.00176771 0.0698625 0.0395445 0.00645165 0.000313568 0.143316 0.000185502 0.000650061 0.035117 0.0837636 0.56157 0.00142848 0.0130941 0.00935822 0.000547544 0.0274693 
0.00204378 0.0030287 0.000537541 0.0110785 0.00244276 0.00370566 4.30623e-05 0.00115039 5.22237e-08 3.87417e-05 6.28308e-07 0.903212 0.00700144 0.00337206 0.0200934 2.67331e-06 1.71863e-07 0.0422486 
0.00356428 0.00311487 0.00676995 0.330859 0.121632 0.0444235 0.000257488 0.0147981 6.42038e-06 0.0316125 0.0063923 0.0224717 0.0901268 0.000689675 0.0436268 0.0047618 0.000573725 0.27432 
0.0553736 0.0115124 4.0438e-07 0.673181 0.0915968 0.000123549 3.07176e-06 0.0152879 9.24063e-12 7.83934e-05 2.7148e-08 0.00354115 0.0608348 0.040129 0.000555761 0.0473531 7.19989e-05 0.000357119 
0.773552 0.000142505 0.000305081 0.142091 0.00387273 1.06869e-05 6.99076e-06 0.0141102 1.5061e-09 0.00043999 1.73457e-05 0.0130781 0.0340046 0.000423417 0.0110783 0.000219211 0.00422051 0.00242704 
0.929638 6.97405e-05 1.62915e-05 0.0288899 0.0009297 4.10927e-06 2.71581e-06 0.00577297 2.25753e-09 0.000429416 9.54241e-09 0.00939694 0.0204917 0.000122356 0.00301632 0.00023421 7.7734e-05 0.000907648 
0.000135671 0.000399334 1.79941e-05 0.0214304 0.000402627 0.00767751 3.593e-06 0.192714 6.40671e-07 0.00690368 0.0025278 0.487135 1.32469e-05 0.0883497 0.0940026 1.28336e-06 6.5122e-06 0.0982783 
0.0471174 0.0117254 0.00150984 0.468101 0.0075076 0.00378006 5.25001e-05 0.0922901 4.1676e-05 0.000230447 0.00876581 0.0383089 0.233829 0.000921435 0.00759768 0.00939214 0.00149285 0.0673361 
0.00815533 0.000516947 0.00139699 0.258131 0.0194707 0.116174 1.45764e-05 0.314746 2.99296e-07 0.000113088 0.000890904 0.110895 0.0815952 0.000381405 0.00830446 5.06014e-06 0.00187901 0.0773289 
0.00313755 0.0303612 8.72647e-05 0.122272 0.170207 0.0681 0.000386674 0.0119063 4.31135e-08 2.51693e-07 0.00750793 0.0989337 0.187737 1.82445e-05 0.017037 3.38206e-05 1.66989e-05 0.282257 
0.00254734 0.00228571 0.458221 0.0385542 0.0199622 0.00283649 1.76518e-06 0.286496 3.25407e-10 6.33887e-05 7.35404e-07 0.128213 0.00442602 0.00271956 0.0344184 1.72026e-05 8.24356e-05 0.0191545 
0.171379 0.000882191 0.00275646 0.111824 0.0873333 0.0280209 2.86197e-05 0.0259196 1.16217e-05 0.00019161 0.0194452 0.220883 0.123625 0.00893838 0.0245401 0.011195 0.114185 0.0488409 
0.00878813 0.00102942 0.00112569 0.316765 0.0165427 0.0494781 8.79344e-05 0.036273 1.03379e-05 0.000386139 0.000809182 0.247985 0.290453 0.000360536 0.00433207 0.00837771 0.00247518 0.0147208 
0.0840681 0.0016326 0.000631263 0.0112089 0.0254051 0.0582312 0.00162205 0.0450021 0.000599729 0.013047 0.128377 0.210835 0.294145 0.00100399 0.0948162 0.00286451 0.0111265 0.0153835 
0.792051 0.000142794 0.00106326 0.132177 0.00551937 0.000143923 2.81947e-06 0.0164954 2.72059e-06 0.000774757 4.77522e-05 0.0108969 0.0212232 0.000625463 0.0119024 0.000426288 0.00564757 0.000857393 
4.64165e-06 4.64166e-06 4.64102e-06 4.64311e-06 0.0269309 0.908035 0.017162 4.64305e-06 4.63886e-06 0.0194872 4.64041e-06 0.00882639 4.64339e-06 4.64185e-06 4.64328e-06 0.0195031 4.64279e-06 4.64264e-06 
0.835956 9.52002e-05 0.00111542 0.103015 0.00385194 9.59514e-05 1.8803e-06 0.0130072 1.81438e-06 0.000831944 3.1838e-05 0.00959565 0.0172935 0.000625208 0.00916146 0.000543277 0.00407263 0.000703973 
0.000190962 0.000821437 1.84857e-05 0.00324392 0.000539731 1.81374e-05 1.01231e-06 0.0657516 3.61313e-08 4.87661e-07 0.00552107 0.86901 0.0537616 4.02834e-06 0.000163051 3.88507e-08 3.09602e-07 0.000954059 
0.00643949 0.000841095 0.000407582 0.0366276 0.0187008 0.0712592 8.16602e-05 0.0183073 3.65683e-05 0.00393732 0.00151924 0.358259 0.324857 0.000345632 0.0020795 0.00645867 0.000781402 0.149062 
0.0165775 0.00950719 0.0110156 0.0412857 0.0264045 0.0228049 0.00914562 0.403828 0.00375156 0.00978188 0.00887167 0.24122 0.0924627 0.00665551 0.0265699 0.0187206 0.00556271 0.045834 
0.00289844 0.00431417 0.128432 0.117439 0.0146847 0.00928975 0.000407649 0.0267427 2.1226e-05 0.0138023 0.0237121 0.526495 0.0439251 0.0207646 0.0100939 0.00578305 0.0150336 0.0361607 
0.929638 6.97405e-05 1.62915e-05 0.0288899 0.0009297 4.10927e-06 2.71581e-06 0.00577297 2.25753e-09 0.000429416 9.54241e-09 0.00939694 0.0204917 0.000122356 0.00301632 0.00023421 7.7734e-05 0.000907648 
0.000273459 0.0838547 0.0348099 0.0113894 0.258147 1.08282e-06 2.03598e-09 0.0644658 1.49667e-09 0.000335574 3.18066e-06 0.0222236 2.93995e-05 0.0842577 0.414512 8.5128e-07 0.00395709 0.0217392 
0.633757 0.0141127 0.000316502 0.155921 0.00596294 0.00341361 1.93762e-05 0.0255177 1.57925e-08 0.00287608 6.87345e-08 0.0108001 0.0858858 0.0117478 0.038579 0.00094281 0.0025079 0.00763909 
0.00351385 0.0271198 0.0231301 0.236414 0.0110557 0.0327367 0.000150895 0.340063 2.19274e-06 0.000121192 0.00199333 0.18741 0.0267761 0.0300051 0.0111275 0.0357488 0.000458734 0.0321727 
0.835956 9.52002e-05 0.00111542 0.103015 0.00385194 9.59514e-05 1.8803e-06 0.0130072 1.81438e-06 0.000831944 3.1838e-05 0.00959565 0.0172935 0.000625208 0.00916146 0.000543277 0.00407263 0.000703973 
0.00426496 0.000145496 0.00660898 0.0039707 0.00436042 0.000211838 1.18283e-05 0.0455576 5.38032e-09 1.99472e-05 1.27699e-08 0.00857508 0.227048 0.0194147 0.0253151 7.55737e-06 0.00154132 0.652947 
0.00555284 0.00140685 0.00216512 0.142549 0.0123188 0.00281433 0.000101986 0.004603 8.67144e-05 0.00022565 0.000796475 0.00720126 0.0553779 0.503867 0.205893 0.00111625 0.0533775 0.000545327 
0.0327642 0.0206174 0.000174194 0.392604 0.0834837 0.00596833 3.86133e-05 0.0211085 6.48283e-06 0.000414444 0.000153802 0.0190319 0.289151 0.0351036 0.0127986 0.0188547 0.0615444 0.00618269 
0.00314002 0.000131585 0.0191735 0.0147749 0.000107651 2.11229e-06 1.82949e-08 0.913419 1.34487e-08 6.87599e-06 1.96256e-05 0.0360883 0.00827832 1.03221e-06 0.000165055 5.75983e-06 6.50434e-07 0.00468567 
0.0158064 0.00056579 0.0150013 0.29545 0.00645543 0.000444425 0.000290745 0.0306287 1.06291e-05 0.000474926 0.00174569 0.139588 0.355363 0.000199176 0.00863211 1.50591e-05 0.0163743 0.112955 
0.835956 9.52002e-05 0.00111542 0.103015 0.00385194 9.59514e-05 1.8803e-06 0.0130072 1.81438e-06 0.000831944 3.1838e-05 0.00959565 0.0172935 0.000625208 0.00916146 0.000543277 0.00407263 0.000703973 
0.00855024 1.7393e-05 0.000244164 0.000192408 0.00346464 0.869293 3.15967e-06 6.46662e-05 6.22618e-07 0.000343854 2.3927e-05 0.0105166 8.5745e-05 0.00012742 0.0246188 9.01085e-05 0.0772419 0.0051218 
0.0178337 0.000142729 0.00306455 0.249948 0.00786459 0.000735667 1.50472e-05 0.0360669 3.06981e-09 0.000121102 0.000648894 0.0189955 0.229583 0.000275712 0.00221084 2.11827e-06 0.00102469 0.431467 
0.00710752 0.0191385 0.00339345 0.0898401 0.129669 0.0206218 0.000383067 0.0533749 0.00016184 0.0146445 0.00215409 0.120489 0.389716 0.00238748 0.0498044 0.0454344 0.00579595 0.0458844 
0.00122778 0.0197551 0.0124756 0.178661 0.0424355 0.00134284 3.09768e-05 0.125884 2.06122e-06 4.48318e-06 8.20509e-06 0.00350435 0.446583 0.00268749 0.121291 1.07523e-05 0.0281804 0.0159147 
0.000144274 0.00365944 0.00262758 0.0011182 0.0291329 0.0591611 0.000261813 0.104924 5.43273e-06 2.62402e-05 0.00803954 0.237432 0.50773 0.00294224 0.0302358 0.00074843 0.005278 0.00653332 
0.00846001 0.0123162 0.00191287 0.0550305 0.025013 0.0128993 0.00393602 0.0127633 0.000525258 0.00140211 0.00236746 0.0152999 0.032659 0.381401 0.352946 0.00185735 0.0683606 0.0108505 
0.0058241 0.00341808 0.000935569 0.336612 0.132369 0.000108202 4.99569e-06 0.0539797 1.01701e-06 0.00188205 4.98986e-05 0.0390117 0.33205 0.000345426 0.00587238 0.000135481 0.0568566 0.0305441 
0.0553736 0.0115124 4.0438e-07 0.673181 0.0915968 0.000123549 3.07176e-06 0.0152879 9.24063e-12 7.83934e-05 2.7148e-08 0.00354115 0.0608348 0.040129 0.000555761 0.0473531 7.19989e-05 0.000357119 
0.00124226 0.000525371 0.00363122 0.0409175 0.0447685 0.00884084 0.000288896 0.660927 2.17889e-05 0.00114439 0.000287721 0.026635 0.119434 0.000388394 0.029552 0.0184944 0.0074461 0.035454 
2.47228e-05 0.00269438 0.00207559 0.0179589 0.00741922 0.00690578 2.07076e-05 0.20458 2.67951e-06 0.0286856 0.00210737 0.157922 0.477331 0.00298512 0.0208365 0.0500715 0.0167657 0.00161366 
8.60112e-09 0.00113648 0.0201344 0.00564658 0.00171315 0.00742748 3.98636e-05 0.0927773 3.11563e-09 1.27064e-06 1.63957e-05 0.805299 0.00791608 4.44601e-05 0.00113368 0.00204724 0.000381007 0.0542854 
0.035983 0.000127042 0.0175374 0.090437 0.00146185 6.12259e-06 1.26407e-08 0.760942 3.82004e-11 9.18031e-05 0.000142259 0.0436624 0.0134402 0.000127196 0.000636703 3.82016e-05 0.033221 0.00214579 
0.0230988 0.0152849 0.00871576 0.0277911 0.00422518 0.0015099 2.29588e-06 0.221312 8.76252e-07 0.000186717 0.000248398 0.583401 0.046614 0.00134068 0.024259 2.19325e-05 0.00176817 0.0402189 
0.787872 0.000143773 0.000512308 0.13425 0.00307403 0.000342079 1.6597e-06 0.00885707 7.62601e-07 0.000580463 1.37142e-05 0.0233909 0.0289978 0.000523748 0.00688971 0.000262195 0.00195938 0.00232877 
0.0041259 0.0178918 0.00215189 0.548324 0.0253629 0.00537612 0.000359924 0.0340331 0.000141234 0.000183687 0.00437444 0.0278101 0.132333 0.0117184 0.0965847 0.0190176 0.0400146 0.0301963 
0.0126509 0.00018953 0.000498099 0.0149655 0.0442575 0.00239033 0.000147368 0.091561 6.78298e-05 7.63444e-05 0.00076005 0.16482 0.495761 0.00137809 0.010078 0.0468569 0.00636791 0.107173 
0.000344205 2.35927e-05 0.000396334 0.00288095 0.000674661 0.000346369 3.43372e-10 0.119856 1.75091e-13 0.000308981 0.00020185 0.853475 0.00938938 0.000273148 0.000559264 3.35835e-06 2.22539e-05 0.0112438 
0.792051 0.000142794 0.00106326 0.132177 0.00551937 0.000143923 2.81947e-06 0.0164954 2.72059e-06 0.000774757 4.77522e-05 0.0108969 0.0212232 0.000625463 0.0119024 0.000426288 0.00564757 0.000857393 
0.00631722 0.00848755 0.000332665 0.228831 0.0158087 0.00987786 2.06484e-06 0.0256128 4.46874e-07 0.00159417 1.40884e-05 0.0449584 0.418387 0.00945747 0.203417 1.50764e-06 0.0258036 0.00109603 
0.000134645 0.0028248 0.000128638 0.0292269 0.0264185 0.00139465 0.000131366 0.0449377 3.85937e-05 0.00017024 0.0523432 0.198619 0.617972 6.9405e-05 0.0128412 0.00711332 7.03488e-05 0.00556524 
0.226386 0.00109301 0.000617959 0.0478233 0.00448419 0.00107027 0.000148193 0.01992 7.07165e-05 0.000396434 0.000367055 0.0316343 0.0308804 0.000821463 0.00812197 0.621414 0.00277901 0.00197118 
9.69111e-05 0.10776 0.0108927 0.0224998 0.00215662 0.502734 4.87416e-05 0.176905 1.08509e-05 0.0474055 0.00123137 0.0218558 0.000613283 0.000195315 0.00956762 0.00378391 8.34986e-05 0.0921591 
0.445132 3.77627e-05 0.000127335 0.122632 0.00960932 0.00184022 1.40564e-05 0.0859711 1.19667e-08 0.0023235 5.10836e-07 0.0865996 0.088268 0.00568772 0.142831 0.000310488 0.00781975 0.000795907 
0.309823 0.00054815 0.00649674 0.0830653 0.00734862 0.00336516 5.3752e-05 0.02968 1.05035e-05 0.199101 0.00139048 0.227661 0.0413141 0.000459153 0.00777928 0.0255393 0.0211081 0.0352569 
0.123093 0.000213382 1.33697e-06 0.620949 0.0813355 4.11285e-05 2.87345e-09 0.0209278 5.80164e-12 6.22402e-08 4.56444e-08 0.00183174 0.0993786 0.0516666 1.92051e-08 0.000420601 7.25378e-05 6.8309e-05 
0.00205577 0.0011624 7.37622e-07 0.0219143 0.828094 0.0351053 5.11009e-10 0.022513 3.75648e-10 1.40306e-06 0.00615157 0.013993 0.0416675 0.00247334 0.00769818 0.000213973 0.000605605 0.0163499 
0.000383751 2.84717e-05 0.000262189 0.0311819 0.0104892 0.00013427 5.49269e-07 0.000935828 3.05672e-07 7.40799e-05 0.0025319 0.0359157 0.0134186 0.0548549 0.810308 0.000148643 0.03208 0.00725189 
0.715792 0.000778431 0.000141676 0.0599229 0.00588172 0.00137047 0.000199246 0.0826409 4.83877e-05 0.000268905 0.000559652 0.0354121 0.051989 0.00341976 0.0221467 0.00573064 0.00215762 0.01154 
0.825026 0.00104625 0.000171685 0.0468069 0.00240917 6.93666e-05 1.03366e-05 0.0471913 6.41435e-06 0.000412972 2.59167e-05 0.0103553 0.0364238 0.00252455 0.0238204 0.000227051 0.000393225 0.00307956 
0.00213408 0.00900949 0.00541695 0.504285 0.052817 0.00307092 3.08743e-05 0.167855 1.32965e-05 0.00699179 6.28399e-05 0.0146908 0.162394 0.00103819 0.0540044 5.61418e-05 0.0141197 0.00200989 
0.0141878 1.05636e-06 6.17674e-07 0.938835 0.0100511 0.0215447 1.45569e-07 3.82266e-06 6.68389e-11 1.78992e-06 3.67412e-08 0.0153484 1.11188e-05 2.34402e-06 1.9032e-06 1.9022e-07 2.09794e-07 9.30746e-06 
0.00262038 0.00393663 0.00183195 0.00256253 0.0168944 0.039987 7.55604e-06 0.0098694 6.72634e-08 0.612338 0.000878092 0.0644757 0.0413874 0.00864513 0.143953 2.82065e-05 0.00848436 0.0421005 
0.00018118 0.0428055 4.33711e-05 0.0357637 0.0432226 0.00852601 0.00254187 0.0326794 6.56986e-07 0.00171151 0.0104274 0.0043896 0.084434 0.616356 0.0930479 0.00155981 0.00133647 0.0209731 
0.0176275 0.0202742 0.0553304 0.246364 0.0232975 0.00558715 0.00272244 0.253286 0.000884127 0.00157704 0.0015986 0.0648362 0.181523 0.00503318 0.0224494 0.00345104 0.00964811 0.0845101 
0.000225255 0.00488259 0.00271103 0.00175642 0.00203253 0.0781523 2.34042e-05 0.0531007 1.53756e-05 0.00700981 0.0119488 0.756272 0.0679744 9.1678e-05 0.00598322 5.31012e-05 0.000370979 0.00739666 
0.0246443 0.00146803 0.000496033 0.0751532 0.00843802 0.000162323 1.82412e-05 0.00974366 1.43299e-05 0.623369 0.00326531 0.0636548 0.0035346 0.0689887 0.0753402 0.00139552 0.0144097 0.0259042 
0.623075 5.18954e-05 0.000177963 0.171668 0.00627813 0.00026055 3.41158e-07 0.112928 2.64658e-09 0.000205903 4.03376e-07 0.0249667 0.0438011 0.00118289 0.013648 0.000433669 0.00020842 0.00111325 
0.792051 0.000142794 0.00106326 0.132177 0.00551937 0.000143923 2.81947e-06 0.0164954 2.72059e-06 0.000774757 4.77522e-05 0.0108969 0.0212232 0.000625463 0.0119024 0.000426288 0.00564757 0.000857393 
0.00606233 0.000218136 0.0884972 0.511427 0.0834045 0.00962522 1.40883e-05 0.0935538 9.83967e-10 1.796e-05 0.0915115 0.0558757 0.0422373 8.39957e-05 0.004927 2.08481e-06 0.00061968 0.0119229 
0.0586979 0.526072 0.00222448 0.119655 0.0317946 0.000274715 6.50456e-08 0.122561 1.14639e-09 1.37998e-06 0.00132748 0.017714 0.0955955 0.000124814 0.0213056 3.21901e-06 0.000492779 0.00215542 
0.0328959 0.00352049 0.00118993 0.057574 0.0210376 0.0514856 0.00014163 0.440664 0.000138497 0.00325079 0.000176149 0.0130302 0.216608 0.0160849 0.117823 0.000220749 0.00093589 0.0232218 
0.00133101 0.000773393 0.0166495 0.071588 0.00326597 0.00193639 9.89743e-06 0.205565 6.24847e-09 0.000319502 0.000517108 0.475621 0.024486 0.00088326 0.00609578 0.00079487 0.000339976 0.189823 
0.0163201 0.00251793 0.0068515 0.291795 0.0163232 0.00629187 0.0173335 0.140813 1.82783e-05 0.000123917 0.000198776 0.166279 0.118194 0.00684482 0.0231525 0.0216883 0.000870775 0.164384 
2.82606e-07 2.46011e-05 0.00102382 0.0387276 0.00239828 1.67147e-09 2.45395e-09 0.000464945 2.99965e-12 2.59012e-08 1.80571e-08 0.000277544 0.000464827 0.000554239 0.00560239 6.91493e-09 0.950283 0.000178701 
0.0347699 0.0240105 0.098199 0.0831846 0.284364 0.0963761 4.62493e-05 0.1011 5.98521e-06 0.000846252 0.00391963 0.0307908 0.0500858 0.0371743 0.145158 5.24812e-05 1.88573e-05 0.00989772 
1.68972e-06 0.00969041 0.00111947 0.439634 0.312304 0.00800416 9.50745e-05 0.00630522 6.50622e-11 1.28178e-07 2.67116e-09 0.0242088 0.110261 0.000810552 0.0760575 1.3739e-05 8.91727e-05 0.0114058 
0.00254734 0.00228571 0.458221 0.0385542 0.0199622 0.00283649 1.76518e-06 0.286496 3.25407e-10 6.33887e-05 7.35404e-07 0.128213 0.00442602 0.00271956 0.0344184 1.72026e-05 8.24356e-05 0.0191545 
0.835956 9.52002e-05 0.00111542 0.103015 0.00385194 9.59514e-05 1.8803e-06 0.0130072 1.81438e-06 0.000831944 3.1838e-05 0.00959565 0.0172935 0.000625208 0.00916146 0.000543277 0.00407263 0.000703973 
0.011451 0.0524088 0.00204728 0.047306 0.218946 0.01307 0.00337027 0.172476 0.0011496 0.00804931 0.00242014 0.041082 0.15171 0.00464743 0.143177 0.0146972 0.0195949 0.0923966 
0.0877128 0.000958676 6.64936e-05 0.388605 0.0333472 0.00117009 8.97313e-05 0.00593589 8.19817e-06 0.000540914 0.000303752 0.00925616 0.431126 0.00455168 0.00211601 9.01467e-06 4.91563e-05 0.0341532 
0.000509029 7.63579e-05 0.00421211 0.00423917 0.0061151 0.00724035 0.000389791 0.0118621 6.70899e-09 4.29864e-06 7.19688e-09 0.692017 0.0462225 0.000106082 0.00263185 0.131252 0.0821482 0.0109741 
0.466858 0.00627601 0.00370332 0.0983122 0.0310955 0.0155545 0.0022955 0.0918486 0.000999152 0.00388123 0.00564868 0.0873637 0.0931571 0.00468519 0.0411392 0.00878413 0.0083812 0.0300164 
0.159776 0.00127209 0.00270562 0.0671984 0.00632586 0.255427 0.000549372 0.00385377 2.00379e-05 0.000108558 6.10546e-05 0.0206766 0.0701433 0.0405427 0.00135559 0.00513256 2.42973e-05 0.364828 
0.017424 0.0161776 0.00601925 0.604638 0.0149681 0.00108037 6.88766e-08 0.125481 1.95443e-10 1.62297e-05 0.000794891 0.00854412 0.181551 0.00118319 0.0207592 1.17637e-05 0.000494846 0.000856742 
0.0012843 0.00149958 0.0426747 0.0796368 0.0203975 0.00644532 3.38897e-05 0.592677 1.27817e-05 2.02726e-05 0.0471364 0.0203708 0.121173 0.00102762 0.00637803 3.4636e-05 0.0272414 0.0319556 
0.885803 5.26263e-05 1.23468e-05 0.0216702 0.00192373 0.000970855 2.11709e-06 0.0102839 2.05902e-08 0.000322858 8.7517e-08 0.0502568 0.0236215 9.20364e-05 0.00226296 0.00198482 5.84474e-05 0.000681311 
0.00998228 0.00185595 0.0123161 0.052422 0.0212477 0.0215988 0.000479751 0.0530614 3.19743e-07 0.00489219 3.19849e-07 0.515664 3.20054e-07 0.0239005 0.108208 0.000448309 0.00265643 0.171266 
0.00188891 0.000532097 0.00287619 0.0710047 0.00487447 0.00162145 1.85918e-05 0.0801819 9.28026e-06 0.000157236 0.00235029 0.511516 0.239918 0.000152772 0.00362617 0.000836854 0.00278579 0.0756497 
0.0304692 0.00148481 0.00460732 0.461491 0.0321913 0.0050302 7.59178e-05 0.0245847 2.8098e-05 0.000100249 0.000942001 0.0312198 0.166034 0.00178705 0.00843064 0.00017654 0.0108675 0.220479 
0.00384104 0.00306221 0.000452959 0.025708 0.0599194 0.24893 0.000379206 0.0119985 6.05178e-05 0.000386604 0.000246454 0.0755354 0.0837163 0.279687 0.0817379 0.00172109 0.0333381 0.0892791 
0.141142 0.000488793 0.000159745 0.041154 0.00873857 0.000178482 2.48641e-07 0.0826801 1.44008e-08 0.00102971 0.000469386 0.456706 0.257161 0.000197827 0.00103487 0.000188245 3.21557e-05 0.00863992 
0.0191891 0.025514 0.000908676 0.361994 0.25569 0.00546252 7.28545e-07 0.075299 2.40154e-07 0.000321083 0.00175989 0.0183718 0.104274 0.00147617 0.0474382 0.000362228 0.0788863 0.00305263 
3.29052e-05 0.00178369 0.011809 0.0279389 0.768845 2.05068e-05 3.36319e-06 0.139916 2.47231e-06 2.56607e-06 5.48306e-05 0.0076808 0.0126817 0.00239261 0.0186875 0.000138878 0.000344983 0.00766403 
0.000407441 0.0569832 5.84285e-05 0.10401 0.0259023 0.0127529 9.39439e-05 0.00399959 6.88329e-06 0.0017119 4.21644e-05 0.00828176 0.0430333 0.112879 0.558379 5.8675e-05 0.0350367 0.0363628 
0.0206013 0.000811895 0.00500116 0.113205 0.025646 0.00485179 1.24391e-06 0.000603954 3.42051e-07 0.000395404 4.11076e-05 0.00600296 0.616652 0.105529 0.0887788 3.65487e-05 0.010761 0.0010804 
0.123093 0.000213382 1.33697e-06 0.620949 0.0813355 4.11285e-05 2.87345e-09 0.0209278 5.80164e-12 6.22402e-08 4.56444e-08 0.00183174 0.0993786 0.0516666 1.92051e-08 0.000420601 7.25378e-05 6.8309e-05 
0.123093 0.000213382 1.33697e-06 0.620949 0.0813355 4.11285e-05 2.87345e-09 0.0209278 5.80164e-12 6.22402e-08 4.56444e-08 0.00183174 0.0993786 0.0516666 1.92051e-08 0.000420601 7.25378e-05 6.8309e-05 
0.0156846 0.00371805 0.000839345 0.08103 0.0135004 0.233257 4.91939e-05 0.0180232 4.55279e-05 0.000125737 0.000689384 0.110534 0.251222 0.0200457 0.0968982 0.00684296 0.0216579 0.125836 
0.736817 9.30442e-05 0.00035434 0.128503 0.00365858 0.0013355 2.144e-05 0.00756623 9.66564e-06 0.00113551 0.000203053 0.0194564 0.0283373 0.00215511 0.00694137 0.00369901 0.00661104 0.0531024 
0.0217303 0.00243009 0.00178768 0.521509 0.0235152 0.0546757 0.00476322 0.0695996 4.17128e-06 0.0012202 0.000431041 0.0698278 0.0852914 0.000453436 0.00766659 0.00576264 0.000685559 0.128647 
0.000130715 0.00311977 0.00380649 0.000287306 0.00297 0.000694203 1.05622e-05 0.576284 1.03387e-07 0.000134063 0.0139797 0.184479 0.165485 0.00740997 0.0282801 0.00675016 0.00420482 0.00197476 
2.52891e-07 0.0139306 1.30857e-07 0.655575 0.215655 0.00829101 3.2815e-07 0.00653589 3.38923e-11 3.00009e-07 1.11153e-07 0.00126995 0.067097 3.93377e-07 0.00241226 0.020567 4.91903e-08 0.00866463 
0.835956 9.52002e-05 0.00111542 0.103015 0.00385194 9.59514e-05 1.8803e-06 0.0130072 1.81438e-06 0.000831944 3.1838e-05 0.00959565 0.0172935 0.000625208 0.00916146 0.000543277 0.00407263 0.000703973 
0.00118094 0.0045017 0.00168369 0.0879136 0.0107935 0.00140337 5.15549e-08 0.404614 1.87826e-08 2.5258e-05 0.00347419 0.269014 0.209541 1.67746e-05 0.000423239 0.000359547 6.86304e-06 0.00504901 
0.00127256 1.19058e-08 0.0244063 0.501183 0.0913603 1.58378e-08 1.99192e-08 0.0415617 1.10772e-08 4.59742e-08 0.000349248 0.0772157 0.0676437 0.000368975 0.0261304 1.56836e-05 0.00676077 0.161732 
0.219688 0.00108073 0.00638496 0.0896518 0.0127634 0.0191197 0.00691026 0.0738702 0.000410184 0.00396236 0.0253248 0.274963 0.124341 0.00373998 0.0126365 0.00914575 0.0114245 0.104582 
0.0342023 6.16474e-06 3.26434e-05 0.0437173 0.00951253 0.286363 0.00509828 0.0775156 1.2676e-09 0.000211971 3.71598e-07 0.109571 0.235723 0.00492819 0.0478972 7.17618e-06 2.76099e-05 0.145185 
2.58238e-05 0.140349 0.482868 0.00105177 0.00383052 0.00265157 1.70261e-05 0.18455 3.76346e-08 3.90619e-08 0.00107371 0.025402 0.000102845 6.60928e-05 0.00822918 3.02911e-05 0.00263799 0.147114 
0.00181484 0.103622 0.00126739 0.10932 0.0313472 0.00519442 0.000130825 0.115698 8.65802e-05 0.00302421 0.0402192 0.179194 0.281805 0.00239904 0.118148 0.00017134 0.000293639 0.00626478 
0.000962327 9.21366e-06 0.0062968 0.0174075 0.01228 0.000878782 1.78703e-05 0.0070433 9.52807e-12 0.000311284 1.23209e-05 0.00234554 0.0107517 0.0151239 0.256894 0.0645771 0.604117 0.000972003 
0.929638 6.97405e-05 1.62915e-05 0.0288899 0.0009297 4.10927e-06 2.71581e-06 0.00577297 2.25753e-09 0.000429416 9.54241e-09 0.00939694 0.0204917 0.000122356 0.00301632 0.00023421 7.7734e-05 0.000907648 
0.00414261 0.00235493 0.00146197 0.0161665 0.0271354 0.00544343 0.0241232 0.0742673 0.000689869 0.00290816 0.00212845 0.522011 0.17186 0.00145635 0.01222 0.00854395 0.0159944 0.107093 
0.0218282 0.000854817 0.00307552 0.153437 0.0130397 0.0419657 5.472e-05 0.0432183 3.70167e-05 0.000877477 0.00147541 0.0781245 0.0352494 0.0967193 0.0242627 0.00529671 0.000302654 0.480181 
0.000247001 0.0027963 0.00983453 0.107991 0.00421833 0.324245 0.000697884 0.0189494 2.72457e-05 0.000217032 0.000272443 0.385886 0.0939703 0.000127887 0.00490248 0.0212698 0.00397538 0.0203722 
