0.0654341 0.00148751 0.933078 
0.902269 0.000500483 0.097231 
0.991688 0.00232522 0.00598723 
0.405111 0.0402962 0.554593 
0.312106 3.11293e-05 0.687863 
0.0138387 0.000281805 0.98588 
0.0526132 0.00133448 0.946052 
0.162187 0.0816192 0.756193 
0.940513 0.00011186 0.0593748 
0.0161149 0.00276731 0.981118 
0.0388484 0.0259208 0.935231 
0.0727435 0.0010901 0.926166 
0.992282 2.62812e-06 0.007715 
0.114446 0.000961648 0.884593 
0.133842 0.00026986 0.865888 
0.182578 0.164591 0.652831 
0.205347 0.00122798 0.793425 
0.354442 0.00304898 0.642509 
0.0118488 4.36806e-05 0.988108 
0.0914087 0.00390888 0.904682 
0.565546 1.27553e-05 0.434441 
0.0917883 0.000717312 0.907494 
0.939692 0.000535224 0.0597728 
0.0697378 0.0385672 0.891695 
0.0451667 0.00890707 0.945926 
0.230505 0.00108614 0.768409 
0.206918 1.4383e-06 0.793081 
0.174669 0.0796505 0.74568 
0.962343 0.00145028 0.0362069 
0.215471 0.0102166 0.774313 
0.964241 0.000442367 0.035317 
0.910092 1.28722e-07 0.0899078 
0.873131 8.16695e-05 0.126787 
0.105441 0.000203668 0.894356 
0.08931 0.00972581 0.900964 
0.707433 0.00118621 0.291381 
0.00432023 0.000168113 0.995512 
0.0212769 0.000987564 0.977736 
0.810064 0.000614595 0.189321 
0.536472 0.0921378 0.371391 
0.948265 0.000146693 0.0515882 
0.520978 0.0446879 0.434334 
0.238726 0.00470637 0.756568 
0.0719411 0.000812395 0.927247 
0.01673 0.00239066 0.980879 
0.06934 0.0509244 0.879736 
0.15989 0.000837095 0.839273 
0.707742 0.000119658 0.292139 
0.113458 0.00606043 0.880481 
0.141527 1.96514e-05 0.858453 
0.953142 8.43964e-06 0.0468492 
0.0228364 1.35862e-05 0.97715 
0.146463 0.00254893 0.850989 
0.12724 0.000396216 0.872364 
0.54007 1.41299e-06 0.459929 
0.679833 7.56084e-05 0.320091 
0.0698951 0.0350011 0.895104 
0.175532 9.89163e-05 0.824369 
0.940513 0.00011186 0.0593748 
0.218579 0.000138635 0.781283 
0.162541 0.000847672 0.836611 
0.117498 0.000114749 0.882387 
0.0666739 0.0117317 0.921594 
0.0928089 2.2729e-06 0.907189 
0.0591334 0.00437968 0.936487 
0.400539 0.00103608 0.598425 
0.00178024 8.65182e-06 0.998211 
0.0964057 0.000260251 0.903334 
0.184034 0.0102693 0.805696 
0.291795 4.93554e-07 0.708204 
0.2368 4.02823e-06 0.763196 
0.125029 0.00255807 0.872413 
0.169189 0.0207741 0.810037 
0.595017 0.000170113 0.404813 
0.0406002 4.28619e-05 0.959357 
0.630913 0.00895091 0.360137 
0.0584937 0.000191945 0.941314 
0.167412 0.010342 0.822246 
0.0516003 0.000624493 0.947775 
0.0633637 0.010194 0.926442 
0.429794 0.0081744 0.562032 
0.121974 0.00114278 0.876883 
0.134215 0.0221152 0.84367 
0.723873 7.98015e-05 0.276047 
0.178603 0.00321757 0.81818 
0.986596 1.22708e-10 0.0134042 
0.141492 0.0778261 0.780682 
0.190994 7.87418e-05 0.808927 
0.42825 0.10997 0.461779 
0.322393 0.00387939 0.673728 
0.0276554 0.000295826 0.972049 
0.145358 0.00129744 0.853344 
0.66858 0.0111687 0.320251 
0.326316 0.00272708 0.670957 
0.119206 0.000128669 0.880665 
0.16131 0.0157114 0.822979 
0.99012 0.000590519 0.00928927 
0.01105 6.11767e-06 0.988944 
0.147587 0.000282448 0.852131 
0.110519 0.0061891 0.883292 
0.213022 0.00437372 0.782604 
0.0922846 0.000339926 0.907375 
0.562909 0.0150549 0.422036 
0.986533 2.23669e-05 0.0134446 
0.266425 0.00400026 0.729575 
0.12041 0.00123239 0.878358 
0.191404 0.00021064 0.808385 
0.0675054 0.00795761 0.924537 
0.448613 0.029467 0.52192 
0.956534 0.00508158 0.0383843 
0.399995 0.0327869 0.567218 
0.165371 0.13282 0.701809 
0.353913 0.00806155 0.638025 
0.0149129 2.39382e-09 0.985087 
0.0213485 4.6799e-06 0.978647 
0.0663377 2.41641e-05 0.933638 
0.946017 0.00133551 0.0526479 
0.30801 0.0732868 0.618703 
0.503083 0.00110454 0.495812 
0.0770823 0.000871165 0.922047 
0.460493 0.0124146 0.527092 
0.115523 0.0237949 0.860682 
0.486095 0.0346366 0.479268 
0.7668 0.00293167 0.230268 
0.828395 0.00189202 0.169712 
0.0308317 0.0151424 0.954026 
0.00285186 0.000314585 0.996834 
0.619489 0.000155144 0.380356 
0.447236 0.00395661 0.548807 
0.826712 6.07131e-07 0.173288 
0.0722273 0.000486314 0.927286 
0.963332 1.47595e-07 0.0366679 
0.656376 0.0041323 0.339491 
0.537719 0.00674846 0.455532 
0.0160663 0.00645402 0.97748 
0.553663 0.0147924 0.431545 
0.0128021 0.000628996 0.986569 
0.122334 0.0095259 0.868141 
0.707742 0.000119658 0.292139 
0.0980658 1.58582e-05 0.901918 
0.502552 0.00144545 0.496002 
0.135565 0.0923822 0.772053 
0.0447317 0.00415566 0.951113 
0.13868 0.00815834 0.853161 
0.214206 0.000934621 0.784859 
0.0495606 4.4961e-05 0.950394 
0.0809704 0.00415666 0.914873 
0.0335675 0.00934348 0.957089 
0.163889 0.0156282 0.820482 
0.454431 0.0472336 0.498335 
0.0377027 0.00146257 0.960835 
0.238275 1.1177e-06 0.761724 
0.170056 0.00127778 0.828666 
0.176306 0.000611373 0.823083 
0.155601 0.0216528 0.822746 
0.801357 0.00205087 0.196592 
0.132274 0.0231802 0.844545 
0.772606 0.0357564 0.191638 
0.199114 0.00178559 0.799101 
0.863508 8.86425e-05 0.136403 
0.0820071 0.00194581 0.916047 
0.0318632 0.000313197 0.967824 
0.577478 0.00058465 0.421937 
0.904956 1.08436e-07 0.0950443 
0.853355 0.000137933 0.146507 
0.104114 0.015307 0.880579 
0.0971907 0.00837217 0.894437 
0.828671 0.000227577 0.171101 
0.707742 0.000119658 0.292139 
0.068268 0.00118729 0.930545 
0.0932254 0.00169489 0.90508 
0.0322369 0.000200709 0.967562 
0.824806 0.00353084 0.171663 
0.0612138 0.0168155 0.921971 
0.495278 0.0537103 0.451011 
0.962343 0.00145028 0.0362069 
0.272649 0.00443234 0.722918 
0.051347 0.00175313 0.9469 
0.129475 0.00134528 0.86918 
0.936297 0.00976685 0.0539362 
0.13868 0.00815834 0.853161 
0.125029 0.00255807 0.872413 
0.00945936 0.0013057 0.989235 
0.125029 0.00255807 0.872413 
0.171121 0.122486 0.706392 
0.460256 0.000339691 0.539404 
0.0272032 0.0012392 0.971558 
0.320835 1.78207e-06 0.679163 
0.0568253 0.00606363 0.937111 
0.0168297 0.000395811 0.982774 
0.711319 0.00039668 0.288285 
0.0550567 0.0244047 0.920539 
0.158991 0.000245925 0.840763 
0.194604 0.0350085 0.770388 
0.33669 0.272148 0.391163 
0.0126358 2.5842e-05 0.987338 
0.460342 0.00444546 0.535213 
0.0633048 0.0588487 0.877846 
0.66481 0.00606935 0.329121 
0.0462778 5.00629e-05 0.953672 
0.305762 4.04454e-07 0.694238 
0.0381225 0.00159858 0.960279 
0.467399 0.00389628 0.528705 
0.801073 8.85539e-05 0.198839 
0.0727435 0.0010901 0.926166 
0.547089 5.61557e-06 0.452906 
0.167977 0.0033475 0.828675 
0.0705889 0.00822646 0.921185 
0.37429 0.00146159 0.624248 
0.898117 6.18017e-05 0.101821 
0.0378122 0.000172257 0.962015 
0.97924 4.36176e-05 0.0207164 
0.556442 0.000216526 0.443341 
0.566741 0.0297528 0.403506 
0.0578028 7.88933e-05 0.942118 
0.937463 0.00529384 0.0572434 
0.0445681 0.000826702 0.954605 
0.166771 0.0243642 0.808865 
0.90083 5.51355e-06 0.0991646 
0.189982 0.0351683 0.77485 
0.158981 0.000675118 0.840343 
0.162737 0.0396087 0.797655 
0.507185 0.114298 0.378517 
0.0889955 0.000958042 0.910046 
0.75445 0.000484475 0.245066 
0.461288 0.0133089 0.525403 
0.851824 0.000459926 0.147716 
0.582073 0.00325089 0.414676 
0.402118 5.05736e-06 0.597877 
0.040981 0.000510484 0.958509 
0.0668107 0.00369709 0.929492 
0.170103 0.0756276 0.754269 
0.267828 0.0642895 0.667882 
0.489075 0.00710342 0.503821 
0.725884 0.00116552 0.272951 
0.453613 0.00110764 0.545279 
0.0424128 0.0165535 0.941034 
0.693011 0.0358883 0.2711 
0.0678828 0.0116231 0.920494 
0.2635 0.00152684 0.734973 
0.865846 0.00682892 0.127325 
0.020326 0.017652 0.962022 
0.0842728 0.00907751 0.90665 
0.086711 0.000343937 0.912945 
0.109202 1.84594e-05 0.89078 
0.259512 0.0057211 0.734767 
0.697304 0.0739059 0.22879 
0.293814 3.74949e-05 0.706149 
0.0578813 0.0108889 0.93123 
0.81271 0.00809021 0.1792 
0.260788 0.011173 0.728039 
0.00585837 0.00138377 0.992758 
0.975617 0.00203009 0.0223532 
0.358189 0.108943 0.532868 
0.00568671 0.000261839 0.994051 
0.746206 0.000265082 0.253529 
0.991688 0.00232522 0.00598723 
0.369695 0.00455763 0.625747 
0.702417 0.0012483 0.296335 
0.183009 0.022611 0.79438 
0.171437 0.000566648 0.827996 
0.176826 0.00163038 0.821544 
0.168511 0.00472759 0.826761 
0.354366 0.0136741 0.631959 
0.584344 0.0012127 0.414443 
0.195659 0.168086 0.636255 
0.321043 0.000801629 0.678155 
0.125029 0.00255807 0.872413 
0.640887 0.00168169 0.357431 
0.0657539 0.00407307 0.930173 
0.722623 0.000590795 0.276786 
0.0448407 6.12995e-05 0.955098 
0.106642 0.00482098 0.888537 
0.263356 0.019242 0.717402 
0.558968 0.0738979 0.367134 
0.644222 0.0185194 0.337259 
0.137717 0.00861559 0.853668 
0.0246365 0.0075314 0.967832 
0.258659 0.00599716 0.735344 
0.0496245 0.000704522 0.949671 
0.567413 0.000221496 0.432366 
0.756694 0.000904088 0.242402 
0.708217 0.0132203 0.278562 
0.878378 0.000762428 0.120859 
0.503157 0.00158186 0.495261 
0.152176 0.00510515 0.842719 
0.539937 0.0489134 0.411149 
0.358852 0.267318 0.37383 
0.164015 0.0118781 0.824107 
0.290162 0.0105835 0.699255 
0.472552 0.0214568 0.505992 
0.0441949 0.00163607 0.954169 
0.10603 0.00297579 0.890994 
0.203985 0.0134806 0.782534 
0.0745154 0.00252475 0.92296 
0.115173 0.0186983 0.866129 
0.633919 0.00221078 0.36387 
0.0603291 0.000585093 0.939086 
0.549386 0.0111856 0.439429 
0.0855536 0.00366838 0.910778 
0.077606 8.87622e-05 0.922305 
0.907949 0.00555842 0.0864922 
0.0959858 0.000337205 0.903677 
0.0369859 0.000652877 0.962361 
0.950675 1.46401e-07 0.0493245 
0.651331 0.00072781 0.347941 
0.140192 7.01756e-05 0.859738 
0.0668157 0.00101558 0.932169 
0.335766 0.0896256 0.574608 
0.652976 8.07462e-05 0.346943 
0.0784776 0.00750468 0.914018 
0.0992918 0.00330151 0.897407 
0.377875 0.0157009 0.606424 
0.0909301 1.88292e-09 0.90907 
0.524427 0.0542469 0.421326 
0.253907 0.00125599 0.744837 
0.0582377 0.000268779 0.941494 
0.99012 0.000590519 0.00928927 
0.902414 0.000129361 0.0974571 
0.143436 0.013041 0.843523 
0.108913 0.000144688 0.890942 
0.111524 0.00952789 0.878948 
0.156612 0.0173857 0.826002 
0.471573 0.02002 0.508407 
0.0336147 0.000190701 0.966195 
0.0836985 0.00110547 0.915196 
0.107723 0.0779346 0.814342 
0.197565 0.0446216 0.757814 
0.137992 0.000244254 0.861764 
0.163078 0.000838948 0.836083 
0.11049 0.000847643 0.888662 
0.438099 1.22545e-07 0.561901 
0.808551 0.07591 0.115539 
0.41992 4.63776e-05 0.580034 
0.180014 0.00361714 0.816369 
0.584705 0.0505151 0.36478 
0.0496493 0.0104644 0.939886 
0.000232391 0.000232361 0.999535 
0.171127 0.00267485 0.826198 
0.815917 0.000707687 0.183375 
0.428286 0.00801074 0.563704 
0.671759 0.0236033 0.304637 
0.82849 0.00257027 0.16894 
0.106826 0.01505 0.878124 
0.323706 0.00265262 0.673642 
0.129826 0.0199207 0.850253 
0.153214 0.000589503 0.846197 
0.872436 0.0158003 0.111764 
0.207246 0.0326838 0.76007 
0.170996 0.000421248 0.828582 
0.991704 1.2028e-10 0.00829567 
0.902414 0.000129361 0.0974571 
0.202796 0.0743469 0.722857 
0.0186219 5.76868e-05 0.98132 
0.292337 0.241874 0.465789 
0.712615 0.000842835 0.286543 
0.0143707 1.05052e-05 0.985619 
0.475886 0.00290947 0.521205 
0.0726711 0.0320345 0.895294 
0.996549 0.000603848 0.00284723 
0.0204617 9.62069e-05 0.979442 
0.111169 4.4654e-06 0.888826 
0.0634046 0.000652312 0.935943 
0.00565575 9.77154e-05 0.994247 
0.31694 2.17548e-05 0.683038 
0.150911 2.24673e-11 0.849089 
0.161158 0.062951 0.775891 
0.0430456 0.000925517 0.956029 
0.0234118 0.0226714 0.953917 
0.00288712 0.000656303 0.996457 
0.0503693 0.00116675 0.948464 
0.212623 0.0149431 0.772434 
0.00178285 6.68388e-07 0.998216 
0.0370672 0.000172413 0.96276 
0.524243 0.00287472 0.472883 
0.742723 0.000482397 0.256795 
0.142974 0.00896894 0.848057 
0.00180446 0.000281132 0.997914 
0.043244 0.0151068 0.941649 
0.744352 0.000123326 0.255525 
0.060158 0.033066 0.906776 
0.356662 1.25436e-06 0.643336 
0.420017 0.125631 0.454351 
0.125029 0.00255807 0.872413 
0.819784 0.00375264 0.176464 
0.179751 0.000669087 0.81958 
0.137409 0.0359825 0.826608 
0.464005 0.000236779 0.535758 
0.0397207 0.000301058 0.959978 
0.204413 1.17908e-05 0.795575 
0.156702 7.95149e-06 0.84329 
0.75328 0.00491054 0.241809 
0.495607 0.029326 0.475067 
0.608529 0.0229034 0.368567 
0.917779 0.00132276 0.0808987 
0.115017 0.000698534 0.884285 
0.177288 0.000371235 0.822341 
0.0986686 0.00061465 0.900717 
0.836823 0.00150909 0.161668 
0.270717 0.000560292 0.728723 
0.0979773 0.000875584 0.901147 
0.940513 0.00011186 0.0593748 
0.0693625 0.00889537 0.921742 
0.0908485 0.00446792 0.904684 
0.378118 0.00139651 0.620485 
0.0346826 0.00528295 0.960034 
0.183911 0.167418 0.648671 
0.41263 0.0266448 0.560725 
0.120308 7.7757e-05 0.879614 
0.536704 0.0128494 0.450447 
0.125029 0.00255807 0.872413 
0.849086 0.00195961 0.148954 
0.89807 0.00351104 0.098419 
0.668941 0.00110937 0.329949 
0.125029 0.00255807 0.872413 
0.502611 0.000312727 0.497077 
0.00933118 0.000371309 0.990298 
0.191164 0.0206865 0.788149 
0.0624285 0.000844478 0.936727 
0.0264947 0.00040807 0.973097 
0.103197 0.000166378 0.896637 
0.201331 0.0175736 0.781096 
0.0593367 0.00261705 0.938046 
0.235502 0.000416454 0.764082 
0.0975531 0.0292139 0.873233 
0.125029 0.00255807 0.872413 
0.00876871 1.1142e-06 0.99123 
0.495753 0.00442604 0.499821 
0.0840613 0.0607146 0.855224 
0.102658 7.50865e-05 0.897267 
0.914459 0.000222505 0.0853187 
0.217033 0.00242417 0.780543 
0.175798 0.0409171 0.783285 
0.0357657 0.000929767 0.963305 
0.333345 0.333302 0.333353 
0.0924181 0.00839686 0.899185 
0.171695 2.95775e-05 0.828275 
0.0397207 0.000301058 0.959978 
0.65174 0.000448179 0.347812 
0.0731199 0.0353928 0.891487 
0.0430359 0.000310973 0.956653 
0.587391 0.00378063 0.408828 
0.122865 0.000148256 0.876986 
0.451428 0.00115574 0.547416 
0.173093 0.0153245 0.811583 
0.111179 9.13164e-05 0.88873 
0.327591 2.66438e-06 0.672407 
0.177511 0.110927 0.711562 
0.166391 0.0159499 0.81766 
0.574733 0.00619658 0.419071 
0.162187 0.0816192 0.756193 
0.88419 2.29942e-05 0.115787 
0.872247 0.00843373 0.119319 
0.0784046 0.0317242 0.889871 
0.115523 0.0237949 0.860682 
0.000316102 8.46717e-09 0.999684 
0.0457114 0.00226567 0.952023 
0.0619883 0.0381527 0.899859 
0.024677 2.54175e-05 0.975298 
0.94284 0.00179314 0.0553668 
0.214502 0.00296036 0.782538 
0.472849 0.00131031 0.52584 
0.179558 0.00132524 0.819117 
0.0836739 0.00502904 0.911297 
0.341524 3.53289e-05 0.65844 
0.206767 0.0833097 0.709924 
0.0701776 0.000305862 0.929517 
0.123549 0.0309054 0.845546 
0.0281125 0.00109569 0.970792 
0.149192 0.00401969 0.846788 
0.797998 0.000121886 0.20188 
0.0846945 0.0041449 0.911161 
0.543233 6.02977e-07 0.456766 
0.122152 0.00317895 0.874669 
0.0516003 0.000624493 0.947775 
0.0542134 0.0494436 0.896343 
0.648752 0.000231054 0.351017 
0.0405869 0.000650967 0.958762 
0.209357 0.00188692 0.788756 
0.0596828 0.00176177 0.938555 
0.903992 0.000194337 0.095814 
0.052698 0.00846251 0.93884 
0.0131275 6.34095e-06 0.986866 
0.0543382 0.00235714 0.943305 
0.0284987 0.0256071 0.945894 
0.85924 0.00266545 0.138095 
0.0440065 0.000755654 0.955238 
0.770174 0.094851 0.134975 
0.271501 0.00130836 0.72719 
0.249491 0.0096311 0.740878 
0.676499 0.0355254 0.287975 
0.0959081 0.000525692 0.903566 
0.102701 0.00460037 0.892698 
0.758586 4.76816e-05 0.241367 
0.439567 0.0123449 0.548088 
0.991704 1.2028e-10 0.00829567 
0.810061 0.00675619 0.183183 
0.0394524 0.00778998 0.952758 
0.557347 0.00022914 0.442424 
0.125978 0.0014189 0.872603 
0.0211309 0.000173971 0.978695 
0.827946 0.0298183 0.142236 
0.883284 0.000211818 0.116504 
0.266737 0.058952 0.674311 
0.0939689 0.0022802 0.903751 
0.112985 0.000720808 0.886294 
0.0445184 0.000593148 0.954888 
0.0251539 0.000207097 0.974639 
0.168448 0.00014475 0.831408 
0.0499053 1.21943e-05 0.950083 
0.0735382 0.0693321 0.85713 
0.058844 0.0114631 0.929693 
0.0930559 0.0276299 0.879314 
0.107723 0.0779346 0.814342 
0.851534 0.00514864 0.143318 
0.0672122 0.000437559 0.93235 
0.650139 0.00122805 0.348633 
0.0181815 0.00190404 0.979914 
0.116907 0.00883675 0.874256 
0.164261 3.41496e-05 0.835705 
0.602824 0.00338386 0.393792 
0.849086 0.00195961 0.148954 
0.134856 0.000652905 0.864491 
0.140477 0.0059747 0.853548 
0.419263 0.00213945 0.578598 
0.0663046 0.0179734 0.915722 
0.110892 0.000467458 0.88864 
0.247889 7.39819e-05 0.752037 
0.91466 0.00332417 0.0820161 
0.0784094 0.00254679 0.919044 
0.955141 6.32412e-11 0.0448586 
0.255438 0.0163453 0.728217 
0.154033 4.95252e-05 0.845918 
0.70159 0.00176329 0.296646 
0.0907733 0.00035799 0.908869 
0.151093 0.0235692 0.825338 
0.250901 6.22641e-05 0.749037 
0.855983 0.031272 0.112745 
0.0247345 0.00376154 0.971504 
0.328928 0.105288 0.565784 
0.0352702 4.27625e-05 0.964687 
0.0827172 0.0158035 0.901479 
0.991703 1.56089e-05 0.00828112 
0.0456301 5.53088e-05 0.954315 
0.00300089 1.97849e-05 0.996979 
0.118497 0.00624525 0.875258 
0.0969932 0.000112601 0.902894 
0.962343 0.00145028 0.0362069 
0.0655419 0.00269465 0.931763 
0.43592 7.24724e-05 0.564007 
0.117084 0.00875878 0.874158 
0.967308 5.45419e-06 0.0326865 
0.245653 0.131186 0.623161 
0.0989522 0.000556334 0.900491 
0.0841172 0.000769181 0.915114 
0.0974628 0.0332991 0.869238 
0.817738 0.0809764 0.101285 
0.773961 0.000231482 0.225807 
0.0698614 0.000648843 0.92949 
0.205015 0.00077545 0.79421 
0.14603 0.0774038 0.776567 
0.140385 0.000432859 0.859182 
0.0472023 0.0313182 0.921479 
0.0567003 0.00566729 0.937632 
0.930328 1.50986e-05 0.069657 
0.000723566 0.000110901 0.999166 
0.537397 0.00155761 0.461045 
0.43354 0.000170669 0.56629 
0.0868731 0.00984609 0.903281 
0.105998 0.00665908 0.887343 
0.0138483 1.10923e-05 0.986141 
0.589956 0.000474953 0.409569 
0.0828509 0.00436196 0.912787 
0.0884681 0.0103348 0.901197 
0.231284 0.142471 0.626246 
0.265959 0.114512 0.619528 
0.503575 0.0031506 0.493274 
0.619489 0.000155144 0.380356 
0.383393 0.00878395 0.607823 
0.0441535 0.00240098 0.953446 
0.0169324 4.48681e-08 0.983068 
0.0610991 0.00381553 0.935085 
0.546706 0.0138856 0.439409 
0.0907344 0.0231126 0.886153 
0.150413 0.00426593 0.845321 
0.147138 0.109766 0.743096 
0.017271 0.000692625 0.982036 
0.125029 0.00255807 0.872413 
0.770069 0.000355887 0.229575 
0.0428679 8.81541e-05 0.957044 
0.0523255 0.0017152 0.945959 
0.293983 0.0108694 0.695148 
0.0343987 0.0259365 0.939665 
0.0622484 0.00165894 0.936093 
0.0709076 0.00749851 0.921594 
0.89833 0.00739539 0.0942741 
0.092905 0.00517369 0.901921 
0.134124 0.000655219 0.865221 
0.328928 0.105288 0.565784 
0.273485 0.00129702 0.725218 
0.0881595 0.00329563 0.908545 
0.0892771 0.000237734 0.910485 
0.566032 0.0171654 0.416803 
0.936002 0.000120205 0.0638777 
0.253016 0.00302074 0.743963 
0.934491 0.000333336 0.0651759 
0.937233 0.00036456 0.0624025 
0.377892 0.0155575 0.606551 
0.80412 0.00427272 0.191607 
0.425244 1.45111e-05 0.574742 
0.400127 0.0245893 0.575283 
0.0636714 0.00130335 0.935025 
0.350907 3.1213e-05 0.649062 
0.0634046 0.000652312 0.935943 
0.0716714 0.0133942 0.914934 
0.856203 0.000418766 0.143378 
0.0124241 0.00201416 0.985562 
8.35649e-05 1.34413e-05 0.999903 
0.125029 0.00255807 0.872413 
0.709327 7.39087e-08 0.290672 
0.802356 6.79538e-05 0.197576 
0.0556398 0.00592964 0.938431 
0.032256 0.0050744 0.96267 
0.194603 0.0392358 0.766161 
0.187414 0.000158879 0.812427 
0.0322951 3.70447e-07 0.967705 
0.218579 0.000138635 0.781283 
0.100808 0.0033219 0.89587 
0.50778 0.00500473 0.487215 
0.247215 0.00212773 0.750658 
0.0903151 0.00247529 0.90721 
0.136714 0.00466419 0.858621 
0.780608 0.00119288 0.218199 
0.0351049 3.27545e-05 0.964862 
0.450184 0.228925 0.32089 
0.308149 0.000287299 0.691564 
0.568461 0.000111415 0.431427 
0.0213047 0.00156746 0.977128 
0.244253 0.000368323 0.755379 
0.239509 0.00539458 0.755097 
0.363014 0.0128009 0.624185 
0.664538 2.70497e-09 0.335462 
0.0456044 1.19265e-05 0.954384 
0.624413 0.000395067 0.375192 
0.263052 0.00909411 0.727854 
0.099744 0.000255999 0.9 
0.0611504 0.00166378 0.937186 
0.218579 0.000138635 0.781283 
0.740644 0.000336629 0.259019 
0.232878 0.000126338 0.766996 
0.342459 0.000651215 0.65689 
0.161362 0.0203493 0.818289 
0.0809267 0.00675225 0.912321 
0.0279114 5.29911e-05 0.972036 
0.420028 0.00248798 0.577484 
0.00779057 0.00162883 0.990581 
0.262102 0.0768641 0.661034 
0.917923 0.00186883 0.0802086 
0.169194 0.00612628 0.82468 
0.967385 0.000161757 0.0324529 
0.275237 0.00248135 0.722282 
0.302965 0.183193 0.513843 
0.0414372 0.00863051 0.949932 
0.940513 0.00011186 0.0593748 
0.210496 0.000462209 0.789042 
0.00997219 0.000542155 0.989486 
0.85912 0.00162304 0.139257 
0.0544939 0.0209573 0.924549 
0.136168 0.00473188 0.8591 
0.991704 1.2028e-10 0.00829567 
0.69684 0.000415421 0.302745 
0.242013 0.0074291 0.750557 
0.0212579 0.000710288 0.978032 
0.347172 0.136066 0.516762 
0.0166863 0.000430622 0.982883 
0.0185344 5.12903e-08 0.981466 
0.129992 4.83579e-05 0.86996 
0.445025 0.00176855 0.553206 
0.220377 0.0637392 0.715883 
0.294555 0.00348208 0.701963 
0.0549086 0.00086757 0.944224 
0.267163 0.00718008 0.725657 
0.00789608 0.000171807 0.991932 
0.230004 0.00371301 0.766283 
0.13128 6.58107e-07 0.86872 
0.35732 0.00630642 0.636374 
0.592042 0.00335608 0.404602 
0.851824 0.000459926 0.147716 
0.866028 0.000832165 0.133139 
0.055513 0.00441248 0.940075 
0.141437 0.0967303 0.761833 
0.153955 0.000107593 0.845938 
0.00120232 0.000110401 0.998687 
0.897759 5.65771e-05 0.102184 
0.0312656 9.00142e-05 0.968644 
0.0925915 0.00212782 0.905281 
0.594648 0.000391416 0.404961 
0.947672 0.000590439 0.0517374 
0.00945936 0.0013057 0.989235 
0.0693113 0.0225972 0.908091 
0.902414 0.000129361 0.0974571 
0.852209 0.00209017 0.1457 
0.109635 0.000337565 0.890028 
0.0169319 0.000784513 0.982284 
0.178925 0.000184423 0.820891 
0.278409 0.00490804 0.716683 
0.32664 0.232342 0.441018 
0.279117 6.78934e-05 0.720816 
0.127735 0.0154298 0.856835 
0.143887 0.000304506 0.855808 
0.956997 0.00181933 0.0411833 
0.0112813 3.09055e-06 0.988716 
0.0561429 0.00545443 0.938403 
0.0719814 0.000487314 0.927531 
0.013887 6.09921e-05 0.986052 
0.436916 0.00348007 0.559604 
0.404593 1.53106e-05 0.595392 
0.181159 0.00091558 0.817926 
0.0525694 0.00319458 0.944236 
0.129407 0.0307229 0.83987 
0.916029 1.23056e-08 0.0839709 
0.111298 1.18485e-11 0.888702 
0.516996 0.00473721 0.478267 
0.0547949 0.00280869 0.942396 
0.013522 0.000112036 0.986366 
0.0886282 0.00451871 0.906853 
0.114314 0.0108733 0.874812 
0.141847 4.33161e-06 0.858149 
0.0849555 0.000183504 0.914861 
0.481186 0.00366662 0.515147 
0.185097 3.78485e-05 0.814866 
0.125029 0.00255807 0.872413 
0.0564118 0.0495701 0.894018 
0.793095 3.80858e-10 0.206905 
0.0427163 0.000807233 0.956476 
0.00911427 0.000588922 0.990297 
0.0984411 0.00170365 0.899855 
0.212046 0.00558024 0.782373 
0.577967 0.00992575 0.412107 
0.343217 0.0441961 0.612587 
0.059041 0.0228962 0.918063 
0.0252246 2.60817e-07 0.974775 
0.14114 0.00542231 0.853438 
0.470961 0.00666754 0.522371 
0.115072 0.000204135 0.884723 
0.0299161 0.00348142 0.966603 
0.0310014 0.0131934 0.955805 
0.154652 0.000787614 0.84456 
0.11137 0.0105741 0.878056 
0.911149 0.000398964 0.088452 
0.400634 0.00190213 0.597464 
0.797908 0.0101759 0.191916 
0.133699 0.036124 0.830177 
0.17424 0.0155557 0.810205 
0.637563 0.0343241 0.328113 
0.258315 4.33656e-05 0.741642 
0.215139 0.000335386 0.784526 
0.0522107 0.010534 0.937255 
0.235402 0.0263764 0.738222 
0.556886 0.0339486 0.409165 
0.302911 0.0100623 0.687026 
0.0634046 0.000652312 0.935943 
0.0133571 0.000365487 0.986277 
0.20191 0.00504103 0.793049 
0.207085 0.000579331 0.792335 
0.156431 7.84744e-05 0.843491 
0.337269 0.00762449 0.655107 
0.474955 0.0743535 0.450691 
0.693396 0.0190364 0.287568 
0.0155555 0.000801059 0.983643 
0.51277 0.0404391 0.446791 
0.0564124 0.000175731 0.943412 
0.131519 0.0234826 0.844998 
0.0929809 0.0491185 0.857901 
0.0151887 0.000100717 0.984711 
0.115912 0.00101585 0.883072 
0.215348 0.0357751 0.748877 
0.633593 0.0525019 0.313906 
0.432848 0.0207103 0.546442 
0.122217 0.000425144 0.877358 
0.0630072 0.0275175 0.909475 
0.873131 8.16695e-05 0.126787 
0.224094 0.00971635 0.766189 
0.0519098 0.0372111 0.910879 
0.506457 0.000989797 0.492553 
0.448371 0.0263599 0.525269 
0.271501 0.00130836 0.72719 
0.538585 0.0128011 0.448614 
0.349416 0.00451037 0.646074 
0.0909874 0.0906852 0.818327 
0.246792 0.00161074 0.751597 
0.13314 1.16173e-06 0.866859 
0.868768 4.49368e-08 0.131232 
0.930394 0.00146293 0.0681434 
0.114342 0.015761 0.869897 
0.173522 0.0129489 0.813529 
0.295601 0.00991384 0.694485 
0.485171 0.00522558 0.509604 
0.234253 0.00935015 0.756397 
0.871419 0.0137638 0.114817 
0.178603 0.00321757 0.81818 
0.272515 0.0185525 0.708932 
0.0231055 5.77144e-05 0.976837 
0.452958 0.250109 0.296933 
0.0114638 0.000480387 0.988056 
0.429466 0.081746 0.488788 
0.103302 0.0001815 0.896517 
0.136436 0.037288 0.826276 
0.774195 6.12505e-05 0.225743 
0.234334 0.0401311 0.725535 
0.707742 0.000119658 0.292139 
0.218579 0.000138635 0.781283 
0.707742 0.000119658 0.292139 
0.154186 0.0617577 0.784057 
0.179808 0.00473983 0.815452 
0.109202 1.84594e-05 0.89078 
0.00713599 9.65028e-06 0.992854 
0.062402 0.00107016 0.936528 
0.0161683 0.0140399 0.969792 
0.536687 0.00227901 0.461034 
0.33104 0.000852484 0.668107 
0.111264 0.0274199 0.861316 
0.08063 2.2298e-05 0.919348 
0.0520365 0.0368574 0.911106 
0.737924 0.0866799 0.175396 
0.0992886 0.000295477 0.900416 
0.813895 0.0278745 0.158231 
0.0095665 0.000170747 0.990263 
0.188647 0.000290258 0.811063 
0.0928804 0.00505133 0.902068 
0.0699668 0.0087066 0.921327 
0.189059 0.080887 0.730054 
0.895278 9.99853e-05 0.104622 
0.150991 0.0231719 0.825837 
0.705923 0.00939874 0.284678 
0.579153 0.000568112 0.420279 
0.319864 9.93951e-07 0.680135 
0.189802 0.0714299 0.738769 
0.561043 0.107319 0.331638 
0.694495 0.0531142 0.252391 
0.223537 0.0320755 0.744388 
0.0457813 0.00323107 0.950988 
0.724679 0.00169612 0.273625 
0.161905 0.0632151 0.77488 
0.40857 0.0037131 0.587717 
0.154089 0.0013931 0.844517 
0.186111 0.0012558 0.812633 
0.198645 0.177178 0.624177 
0.0263705 0.00209071 0.971539 
0.177704 1.1106e-07 0.822296 
0.910092 1.28722e-07 0.0899078 
0.107633 0.000215993 0.892151 
0.584717 0.0183904 0.396892 
0.0278822 0.00484505 0.967273 
0.432316 0.0122212 0.555463 
0.881212 2.09771e-06 0.118785 
0.0789112 0.0137573 0.907332 
0.236155 0.0966433 0.667201 
0.106237 0.0875796 0.806183 
0.125029 0.00255807 0.872413 
0.279335 0.00867913 0.711986 
0.0769423 0.0104877 0.91257 
0.729171 0.106597 0.164233 
0.0507905 0.005059 0.94415 
0.555845 2.35808e-06 0.444153 
0.0495478 2.696e-09 0.950452 
0.265825 0.198184 0.535992 
0.02262 0.00114079 0.976239 
0.187471 0.00123339 0.811296 
0.641665 0.0121888 0.346146 
0.0990662 0.020344 0.88059 
0.0151887 0.000100717 0.984711 
0.534806 0.00215535 0.463039 
0.0529162 0.0206268 0.926457 
0.167795 0.0394323 0.792773 
0.363399 1.50255e-07 0.636601 
0.0163532 0.00644241 0.977204 
0.092359 0.0598548 0.847786 
0.31369 0.0515299 0.634781 
0.0191825 0.00116798 0.979649 
0.0211985 0.00462009 0.974181 
0.962343 0.00145028 0.0362069 
0.132097 0.00140604 0.866497 
0.891049 0.00384922 0.105102 
0.935212 1.31897e-05 0.0647748 
0.873843 0.00145337 0.124703 
0.175919 3.76766e-05 0.824044 
0.357925 0.0121904 0.629884 
0.343964 0.00135291 0.654683 
0.769982 0.00169244 0.228326 
0.418397 0.111314 0.470289 
0.846427 7.6471e-05 0.153497 
0.133023 1.06265e-05 0.866966 
0.150239 0.000185085 0.849575 
0.324273 0.00200617 0.673721 
0.305804 0.0137708 0.680426 
0.81093 0.00343969 0.18563 
0.163317 6.79615e-09 0.836683 
0.106414 0.00104393 0.892542 
0.106814 0.00495713 0.888228 
0.123091 0.00553154 0.871378 
0.247993 8.65225e-07 0.752006 
0.288831 0.00153816 0.709631 
0.0958606 0.0297327 0.874407 
0.0811125 0.0014467 0.917441 
0.0674612 0.0010773 0.931461 
0.127748 0.0426992 0.829553 
0.088896 0.0138653 0.897239 
0.418397 0.111314 0.470289 
0.0880165 0.00135976 0.910624 
0.132035 0.00756096 0.860404 
0.00234992 1.50169e-10 0.99765 
0.126202 0.00979897 0.863999 
0.398682 0.000114224 0.601204 
0.218579 0.000138635 0.781283 
0.168425 0.000692277 0.830883 
0.131569 0.000960551 0.86747 
0.168448 0.00014475 0.831408 
0.0397997 0.00609251 0.954108 
0.792047 0.0112846 0.196669 
0.258315 4.33656e-05 0.741642 
0.122217 0.000425144 0.877358 
0.804824 0.00207543 0.193101 
0.830489 0.0141027 0.155408 
0.0360624 0.000305446 0.963632 
0.0281578 0.00531044 0.966532 
0.0288049 0.00664397 0.964551 
0.0579676 0.025006 0.917026 
0.729427 0.000402089 0.27017 
0.144067 0.0313966 0.824536 
0.163547 0.00391547 0.832537 
0.197516 0.120402 0.682082 
0.283404 0.00113906 0.715457 
0.0466088 0.022716 0.930675 
0.1757 0.0230444 0.801256 
0.707742 0.000119658 0.292139 
0.124684 0.00183869 0.873477 
0.118104 0.00105957 0.880836 
0.0636421 0.0214112 0.914947 
0.0316173 7.73579e-06 0.968375 
0.044963 0.000629695 0.954407 
0.218383 3.985e-05 0.781577 
0.984619 2.71277e-05 0.0153538 
0.101874 0.000344966 0.897781 
0.18742 0.00307365 0.809507 
0.484627 0.117982 0.397391 
0.115466 0.0804499 0.804084 
0.724581 0.0906126 0.184807 
0.971762 6.83668e-05 0.0281694 
0.255216 0.00025778 0.744526 
0.0128021 0.000628996 0.986569 
0.0253285 0.000188645 0.974483 
0.075444 0.000791439 0.923765 
0.158584 0.0130192 0.828397 
0.383006 0.0394963 0.577498 
0.886915 9.41084e-07 0.113084 
0.00948109 7.32164e-05 0.990446 
0.621248 0.0783664 0.300386 
0.129844 0.000191775 0.869964 
0.159701 0.00100072 0.839298 
0.0352008 8.76719e-06 0.96479 
0.938069 9.30629e-05 0.0618377 
0.227561 0.0232451 0.749194 
0.482052 0.041812 0.476136 
0.163837 0.0175876 0.818576 
0.551882 0.00543473 0.442683 
0.956604 0.00131405 0.0420824 
0.0512741 0.000178289 0.948548 
0.17917 0.0429628 0.777867 
0.618097 0.0393322 0.342571 
0.467654 0.0662428 0.466103 
0.737924 0.0866799 0.175396 
0.214 0.0314323 0.754568 
0.18129 0.000104124 0.818606 
0.10783 0.000779703 0.89139 
0.115762 0.0314176 0.85282 
0.564053 0.0301988 0.405748 
0.0855536 0.00366838 0.910778 
0.105611 6.96549e-05 0.894319 
0.110462 0.0017092 0.887829 
0.0198547 0.00154233 0.978603 
0.243399 0.0122773 0.744324 
0.249563 0.0120908 0.738346 
0.214788 0.0121863 0.773025 
0.385629 0.000727159 0.613644 
0.0829608 0.00142077 0.915618 
0.000780144 4.97305e-05 0.99917 
0.707742 0.000119658 0.292139 
0.89774 9.76092e-08 0.10226 
0.0617622 0.000222572 0.938015 
0.750254 0.00250176 0.247245 
0.198564 0.000226532 0.80121 
0.142195 4.87707e-05 0.857756 
0.127077 6.50805e-06 0.872917 
0.0544558 0.0246836 0.920861 
0.467392 0.00515246 0.527456 
0.0948462 0.0677433 0.837411 
0.0189649 0.000264514 0.980771 
0.246579 0.0488281 0.704593 
0.104289 0.0332664 0.862445 
