0.565551 0.00101645 0.0186723 2.82846e-05 0.00235735 0.000304378 0.00131564 8.15883e-06 0.0289064 0.00483913 0.000338222 0.00152665 0.0192318 5.23922e-05 0.0422866 0.00245087 8.99274e-06 0.0211314 0.0473318 0.0287232 0.0454185 0.0167845 0.104584 6.4838e-06 0.041214 0.00591193 
0.595393 0.00064128 0.00445009 0.0164981 0.000107509 9.96894e-05 0.000354061 0.000124967 0.00164201 0.0913096 0.00397336 0.00107811 0.0190238 1.34372e-05 0.00932508 0.0325686 5.77069e-05 0.0328908 0.0192129 0.00643379 0.0615493 0.0215232 0.0475475 1.80514e-05 0.0251374 0.009027 
0.849058 9.7718e-06 0.0009255 5.01909e-10 3.80764e-06 0.00118873 0.000636894 1.3789e-05 0.000390339 0.000195982 0.0103731 1.67196e-07 3.85196e-07 5.91053e-10 0.00847179 0.00191911 0.000120506 0.00474495 0.00190123 0.00281831 0.00453527 0.0908613 0.00722105 5.95408e-08 0.014455 0.000155064 
0.295046 0.000117949 0.00400605 6.91666e-09 3.42718e-05 0.000620901 0.00372395 0.00311004 0.00054254 0.00463328 0.0174601 0.000183776 0.00214795 9.04658e-11 0.260781 0.00304264 2.04155e-05 0.00655765 0.0457734 0.0120866 0.0264344 0.0647916 0.224516 1.08605e-06 0.0240729 0.000295119 
0.203807 3.73551e-05 0.000428269 9.43077e-08 0.000634301 7.30813e-05 0.000356144 4.24431e-05 0.000707972 0.0691404 0.0131124 0.00908148 0.00105914 1.15842e-07 0.0873055 0.0237709 2.8238e-07 0.0326797 0.0239044 0.0438662 0.0653483 0.190676 0.127203 1.48157e-08 0.00238384 0.104381 
0.249245 8.89611e-08 0.00568839 2.83313e-06 0.002107 1.22279e-05 3.68625e-05 0.000702987 0.000872561 0.238507 0.000478613 0.000215954 0.00031055 9.44839e-05 0.0170406 0.00156269 1.2263e-05 0.0141958 0.0300156 0.046617 0.166665 0.195999 0.0119249 3.46829e-08 0.0174589 0.000233441 
0.418768 0.00107763 0.0177538 6.90447e-05 0.000154131 0.000632896 0.000161381 0.00152855 0.0413671 0.00991544 0.000588791 0.00232731 0.0113499 0.00272983 0.063271 0.000822072 9.09014e-05 0.0148833 0.117803 0.0207632 0.0101306 0.0320592 0.0410952 4.98011e-05 0.18943 0.00117799 
0.395325 0.000207518 0.0302439 1.55424e-09 0.000276733 2.22694e-07 0.00029675 8.73628e-07 0.034137 0.00809477 0.0121566 0.000592625 0.0363314 0.00283147 0.302418 4.36498e-08 5.72317e-05 0.00681347 0.00441292 0.00473364 0.00371205 0.000214396 0.0105437 7.27872e-07 0.136158 0.0104404 
0.612415 5.23281e-05 0.0014937 2.67971e-07 8.50093e-05 5.64057e-05 3.82639e-05 1.25166e-05 0.000861866 0.023497 0.0020221 0.00111168 0.00200317 0.111521 0.0169536 0.00599049 3.75708e-06 0.059321 0.0798431 0.00350155 0.0118558 0.0289763 0.0189782 6.93414e-06 0.0182046 0.00119422 
0.516079 0.000133179 0.0406011 0.000487328 0.00178225 0.00212761 0.000820299 0.000169743 0.0307873 0.0319372 0.000660396 0.000459839 0.00321417 0.00200442 0.0104342 0.00576576 8.36757e-05 0.0695158 0.00801729 0.0022236 0.00515748 0.0175695 0.0236947 8.01168e-06 0.225265 0.00100188 
0.474662 4.89126e-08 0.0473225 9.58015e-08 0.00942839 0.0116282 1.80197e-05 0.000174286 0.00299167 0.00353169 0.00159073 9.7831e-06 0.0212239 0.00332534 0.0750506 0.000490475 0.0068256 0.0173246 0.0172281 0.000816352 0.0108307 0.0413303 0.127003 4.25346e-06 0.127152 3.79138e-05 
0.151824 0.0131718 0.0151932 1.05388e-06 1.05352e-06 0.00336948 0.00716902 1.05448e-06 0.0766019 0.114917 0.0103419 0.102215 1.05475e-06 1.0536e-06 0.0876892 1.05411e-06 0.00390473 1.05509e-06 0.0712259 0.114152 0.0285937 0.0636173 0.0477013 0.00421617 0.0672243 0.0168654 
0.40934 0.0115372 0.000836433 1.04021e-08 5.18203e-05 0.000208682 1.42528e-06 0.000225428 0.00912797 0.0546276 0.0119231 0.00757469 0.000328639 8.02448e-11 0.0673621 0.023294 1.85328e-09 0.0325061 0.0732074 0.00183505 0.00886026 0.0150981 0.115823 1.93725e-08 0.147099 0.00913337 
0.328735 0.000332643 0.00910326 7.45242e-05 0.000262058 0.00318238 0.00103911 0.0010927 0.0407261 0.0532656 0.000603533 0.0434848 0.000961597 0.000717935 0.0340895 0.005428 2.80405e-05 0.0900005 0.03173 0.0536298 0.119086 0.0444727 0.0747265 5.29805e-07 0.0476192 0.0156083 
0.6722 8.05434e-05 0.00428601 1.12244e-06 3.11416e-05 0.000452842 0.000333728 0.000326082 0.00283401 0.0742011 0.000298777 0.00172726 0.000325468 0.000936792 0.02263 0.0389644 0.00259633 0.0595601 0.0338227 0.0029041 0.00666208 0.0404115 0.0168943 9.93757e-06 0.0172285 0.000281416 
0.708768 2.21679e-08 0.000367759 2.61227e-08 0.00128279 4.14492e-09 0.00103149 0.000337679 0.000218727 0.0439567 7.39464e-07 3.22673e-07 0.00177479 1.22136e-07 9.56941e-05 2.81037e-07 5.5096e-10 0.21575 0.000403621 1.21038e-06 0.00183007 0.00223919 0.0126456 2.44426e-09 0.00929498 2.0253e-07 
0.286941 0.00199892 0.0565678 1.43843e-08 0.000404553 0.000242618 6.68556e-07 0.0293456 0.0170217 0.0204531 0.0546299 0.000124442 0.00351786 0.0123281 0.105298 0.00185377 4.2777e-07 0.0259123 0.0431523 0.00773295 0.0641474 0.0128722 0.167183 1.61805e-06 0.0784049 0.00986547 
0.320352 7.76847e-05 0.00619004 6.26466e-09 0.0218525 0.000815507 0.00696458 0.00241311 0.00229452 0.030029 0.0109755 0.00327399 0.00210449 9.62131e-08 0.0986858 0.00411261 1.53423e-05 0.0117963 0.0570641 0.0287761 0.0360514 0.0286443 0.277384 7.33556e-06 0.0485112 0.00160839 
0.443471 1.87788e-06 0.0101311 6.90625e-07 2.2359e-05 0.000154176 2.76637e-05 0.000126581 0.00236625 0.0304251 0.00155891 0.000127446 0.0010757 0.0170042 0.0406687 0.000109323 3.47292e-06 0.0123093 0.135395 2.98086e-05 0.049569 0.00855038 0.183882 5.17655e-06 0.0629358 4.96805e-05 
0.300736 0.000402581 0.00692767 1.1378e-08 7.83413e-08 0.000227094 0.000494958 7.67107e-05 0.20718 0.010123 0.00187121 0.00171851 0.00334543 0.0254471 0.00376519 0.0288864 6.2986e-07 0.0220334 0.0294392 0.0139042 0.00699925 0.00102287 0.232336 1.04939e-07 0.103062 1.03121e-08 
0.861874 7.21735e-08 0.000681112 1.00336e-09 6.60801e-07 2.65355e-05 2.82352e-05 1.81169e-05 0.000633828 2.16214e-05 0.0157417 7.04502e-07 2.97945e-05 1.18157e-09 0.0120419 0.00139526 0.000165559 0.00621151 0.00155749 0.00287177 0.00144474 0.0834879 0.00648511 1.0423e-07 0.00520505 7.71523e-05 
0.335227 0.00049182 0.00806476 2.17407e-06 0.00140901 3.51578e-06 0.000161733 0.00215767 0.0053424 0.0562348 0.00448371 0.0147049 0.025347 0.00109143 0.082435 0.00330309 0.000215577 0.0241566 0.0131277 0.0362559 0.0568167 0.119119 0.194665 4.13327e-06 0.0149106 0.000268784 
0.896607 0.000293479 0.00265536 1.51495e-08 6.48605e-07 0.00420676 0.000317996 0.000847271 0.00103151 0.0101923 0.000438347 3.89106e-05 0.0052706 6.14742e-05 0.00381626 0.00761447 1.35353e-05 0.00439389 0.00319484 0.00384411 0.0102667 0.00635872 0.00641362 6.64714e-06 0.0317317 0.000383526 
0.284167 2.72689e-10 2.37722e-06 2.38667e-10 6.75691e-07 4.31031e-10 2.01772e-07 6.94326e-07 6.34998e-07 0.0422776 1.56209e-06 9.01793e-11 1.04242e-10 2.21195e-05 1.60613e-07 0.180342 5.72945e-11 3.7277e-07 0.178706 2.55895e-05 0.157136 1.55824e-05 0.0622588 2.54179e-10 1.51713e-07 0.0950428 
0.458695 4.61269e-05 0.0114688 2.32058e-08 2.47697e-06 4.19096e-08 0.00085634 1.40617e-08 0.131918 1.54093e-05 3.4915e-09 7.35602e-06 9.8317e-05 2.73275e-08 0.0294736 1.15556e-05 5.5708e-09 0.296691 2.80054e-06 6.34393e-09 1.23067e-05 6.33926e-09 0.00187519 2.47141e-08 0.0683214 0.000504611 
0.314149 0.000119243 0.00778 0.00199961 1.37439e-06 5.90093e-05 9.71617e-06 0.000246061 0.0189706 0.00277352 0.00698403 0.00284422 0.000227874 5.6569e-08 0.0221309 0.00776087 6.88615e-05 0.0180105 0.0919314 0.193938 0.0612175 0.0702724 0.106143 0.001022 0.0669507 0.00438932 
0.647243 5.91107e-06 0.013459 2.14891e-08 0.000294804 3.88091e-08 1.81489e-08 1.30214e-08 0.000908428 8.37793e-06 0.123006 9.94774e-07 5.47433e-06 2.53058e-08 0.00778149 1.82121e-08 5.15867e-09 4.53498e-09 1.84399e-06 0.00562341 1.04734e-05 1.24759e-07 0.00856754 2.28857e-08 0.173557 0.0195257 
0.304446 1.55685e-06 0.0690412 9.92646e-07 3.96118e-06 0.000184549 0.000722464 0.00253527 0.239064 0.0181515 0.00144163 0.00182158 0.000297786 4.17004e-06 0.0428105 0.00024891 2.07734e-06 0.0207648 0.0346204 0.00543419 0.0325238 0.016932 0.0576756 1.27439e-05 0.140138 0.0111202 
0.332615 1.3608e-08 9.41439e-06 1.19102e-08 2.4334e-05 1.63825e-05 1.04434e-05 1.87161e-05 0.028312 0.0248545 1.79198e-09 0.330838 5.20201e-09 1.40256e-08 0.00958543 0.0631937 0.000208122 0.148223 0.00687872 0.000154272 0.00371333 0.00197237 0.0431873 5.27525e-06 0.00473181 0.00144759 
0.178118 8.68645e-08 0.0283897 1.5951e-05 0.00621313 8.71275e-05 0.0162677 0.000122875 0.0108389 0.171095 0.0235444 0.000830445 0.0126353 0.000123971 0.078656 4.28576e-05 2.72781e-07 0.100627 0.00669246 0.0522563 0.0363361 0.15976 0.0720064 1.29973e-05 0.0428293 0.00249781 
0.681226 2.10179e-06 0.109472 4.80037e-07 1.06721e-05 7.52346e-06 0.000544579 0.00148492 0.0658189 0.0143625 0.0128323 0.0191645 1.80945e-06 0.00166538 0.00544134 0.000973149 1.38574e-06 0.0207722 0.00214353 0.00023972 0.0017215 0.00950537 0.0147519 4.51274e-05 0.0363148 0.00149645 
0.282332 3.07547e-09 0.00313506 4.34696e-05 0.000146377 0.000251476 1.85271e-05 0.000545565 0.230246 0.0219098 0.00143844 0.0130995 0.000841941 0.00724319 0.0601409 0.00174364 4.89317e-06 0.00287839 0.0673844 0.0154726 0.0190338 0.00301236 0.140952 0.000430376 0.126984 0.000712202 
0.652782 1.34739e-10 0.00060558 6.30685e-05 1.45097e-10 5.32657e-07 9.95985e-11 7.14592e-11 2.3768e-11 8.02571e-07 1.77433e-11 0.00156458 2.50332e-06 1.38874e-10 0.0762715 0.000475736 6.79724e-08 0.106579 1.43611e-06 8.15676e-07 3.31702e-06 6.16925e-06 0.158694 1.25593e-10 0.00294942 1.06881e-10 
0.273676 0.000138298 0.0165619 0.00178963 7.34788e-05 0.00319247 0.000234201 0.000206352 0.0139721 0.120353 0.000885781 0.00284242 0.00444524 0.00152261 0.0339545 0.0241169 0.000330857 0.0416287 0.216879 0.0597937 0.0271064 0.0433846 0.0809123 4.19235e-05 0.0314725 0.000486099 
0.199613 0.00158761 0.0231541 0.000376648 0.00274921 1.63496e-07 0.00419153 0.00401284 0.0542771 0.139103 0.00762114 0.00555425 0.0202324 1.63646e-07 0.010932 0.00476456 1.6387e-07 0.0749904 0.0271078 0.0132075 0.0690571 0.00829159 0.166912 1.63673e-07 0.155076 0.00718707 
0.660465 0.000111022 0.000781569 5.8595e-08 0.000470615 0.000371553 0.000852208 0.00176371 0.000938978 0.00355121 0.0114554 0.00982476 0.00614265 0.00377749 0.015601 0.00302917 0.000316205 0.0112105 0.0104457 0.00778122 0.0178339 0.0162738 0.0848336 2.26016e-05 0.132114 3.23566e-05 
0.340685 0.00368736 0.0407952 1.94001e-09 0.159603 2.97416e-05 0.00254393 0.00154426 0.0860441 0.0615856 0.000202147 0.000558228 0.00194822 2.28457e-09 0.108834 3.35582e-05 5.22818e-05 0.00634758 0.0268247 0.00182551 0.0190712 0.00769806 0.0313073 4.67105e-06 0.0984494 0.000324369 
0.684394 8.41758e-06 0.00290357 0.00115558 8.28937e-06 0.000112084 0.00115848 0.00455942 0.0223458 0.0339571 0.00899402 0.0467317 0.00332888 7.34701e-05 0.00606758 0.00435666 2.41192e-05 0.0228979 0.0108921 0.00224154 0.0182145 0.0578191 0.0197987 0.00156668 0.0406331 0.00575687 
0.241117 0.000112019 0.00769049 0.000707947 0.000353888 0.000765923 0.000289394 0.00037684 0.00429131 0.0422441 0.00840771 0.0100131 0.0057676 0.000215901 0.0572453 0.0040241 0.00131856 0.138221 0.0404418 0.0427155 0.0241788 0.0780947 0.235493 0.00180352 0.0536773 0.000433477 
0.692185 1.57273e-05 0.000620256 5.76542e-06 9.31767e-05 0.00272076 0.000174758 0.000158825 0.0217978 0.0293523 2.09044e-05 0.000174369 0.000845363 7.12947e-05 0.0381339 0.00221802 2.2548e-05 0.00187313 0.108715 0.0137613 0.0313057 0.00241154 0.0267749 1.60524e-05 0.0223447 0.0041864 
0.249922 0.000562109 0.0112069 1.10706e-06 0.00143253 9.62734e-05 1.17213e-05 0.000203984 0.123284 0.141392 3.25793e-05 0.0186855 0.00292149 2.12443e-09 0.0248595 0.098162 0.00768639 0.0822612 0.0196756 0.0025875 0.0304567 0.015276 0.149828 5.97403e-06 0.0194403 8.99402e-06 
0.212044 4.11745e-06 0.000787417 1.74177e-10 8.30593e-07 0.000278662 9.7806e-05 0.00351983 0.000771681 0.0126683 0.000915306 0.000365435 0.000303776 4.97815e-05 0.122598 9.65622e-05 5.31118e-06 0.00103278 0.174642 0.13203 0.0293632 0.143073 0.145678 5.89113e-07 0.0196201 5.32877e-05 
0.305105 4.52582e-11 0.00164759 3.96116e-11 2.98463e-08 7.15383e-11 3.69502e-08 0.00105468 1.12392e-07 0.00396306 7.67039e-08 0.0001963 0.00027813 4.66471e-11 0.136037 0.012257 1.68838e-08 0.0067573 0.0380721 0.0162098 0.0982473 0.168429 0.200011 1.51401e-08 0.0117333 9.2566e-07 
0.235002 0.000107471 0.152561 0.000228407 7.98807e-07 8.33203e-05 0.0377867 3.91616e-06 0.00188645 0.017831 0.00403749 0.00166921 0.00410969 0.012734 0.0754303 1.48382e-05 4.94347e-05 0.00508428 0.0332667 0.0156827 0.00849342 0.00317219 0.232186 1.78543e-07 0.158366 0.000211817 
0.345049 2.27129e-10 0.00715962 1.58944e-05 2.17017e-05 3.32658e-05 0.000156607 0.0019185 0.00178781 0.0180151 0.017124 0.000305115 0.000870363 0.00121413 0.125855 7.47743e-05 2.78868e-06 0.0114222 0.0998621 6.98584e-08 0.0135224 0.0325289 0.0633505 2.11712e-10 0.242933 0.0167768 
0.269455 9.09957e-05 0.00794397 1.28985e-10 7.15776e-06 0.000883133 0.011465 1.47338e-07 0.0124763 0.019032 0.00910296 0.00181092 0.0254612 7.29838e-07 0.00152723 0.00129902 1.72168e-06 0.0867564 0.00819387 0.00130852 0.14266 0.185914 0.187261 8.94139e-10 0.0265972 0.000751552 
0.572182 2.28884e-05 0.00101051 1.61424e-05 0.000173654 0.0020167 0.00226386 0.00010416 0.0172249 0.0423716 0.00166237 0.0150158 0.00151735 0.000747367 0.0146116 0.00627069 0.00123574 0.0291638 0.0407562 0.0684524 0.037429 0.0908234 0.0306721 0.0011616 0.0214244 0.0016693 
0.4787 7.10234e-08 0.000956612 5.22266e-11 4.46233e-07 1.72637e-07 5.23844e-06 4.19716e-05 0.00047706 0.094095 0.000857336 0.000247876 0.00048787 0.146576 0.0281219 0.000324542 1.02746e-06 0.000674965 0.0367001 0.000644377 0.0357461 0.01092 0.122109 9.24115e-08 0.0420611 0.000251357 
0.679871 2.36459e-06 0.00210763 3.84061e-05 1.89629e-05 0.0259288 3.80412e-08 9.8072e-06 0.0195547 0.0146849 1.01365e-05 7.07539e-07 0.0147177 5.30423e-08 0.00184637 0.0435022 9.10745e-07 0.0301032 0.000188169 8.73422e-06 0.0381147 0.123819 0.00358243 7.01082e-07 0.00169887 0.000189812 
0.689505 0.003283 0.001275 0.0125404 2.37345e-05 0.000149908 0.000490417 0.00192293 0.00149895 0.101974 0.00136843 0.00667536 0.00105364 0.000610332 0.0101383 0.00374508 0.000839514 0.0278594 0.0136599 0.00564212 0.0173638 0.0322508 0.0317233 3.10489e-05 0.0292104 0.00516458 
0.260738 3.59143e-08 0.000235846 0.00486981 6.83686e-07 9.34937e-07 0.0114024 1.85761e-05 0.211517 0.00504684 2.48034e-05 0.00246207 0.0609168 4.32514e-05 0.00696031 0.0136754 0.000430296 0.242175 0.000402914 0.0107402 0.0947782 0.0218959 0.0200863 3.34764e-08 0.0315762 1.69348e-06 
0.298586 0.000185298 0.0867142 6.31765e-06 4.54217e-08 8.8624e-07 0.0163862 8.49315e-10 0.182471 0.00757329 0.0188595 0.0134992 0.00761638 1.65056e-09 0.00429262 0.000800256 8.53915e-05 0.00709059 0.0665395 0.0277724 0.0349145 0.0203202 0.0906034 7.9993e-07 0.115681 4.26969e-07 
0.348597 0.000127638 0.0208249 3.13762e-06 2.6056e-05 0.0986839 0.000319946 0.00287325 0.233965 0.0650857 0.000294683 0.0023565 0.0236975 3.25218e-07 0.0874113 0.0408745 7.75972e-06 0.00906027 0.00814548 0.00109713 0.00515676 0.00155293 0.028422 0.000102686 0.0212638 4.97501e-05 
0.211727 0.000439453 0.00715007 0.00013826 0.00114458 0.000398172 0.00167998 0.00271503 0.00273908 0.0986307 0.0119567 0.00591648 0.00368355 0.00199591 0.183687 0.00344737 0.00943714 0.0521238 0.0662187 0.136176 0.0183111 0.0381783 0.110297 6.74241e-05 0.0302461 0.00149358 
0.402008 1.04413e-06 0.012709 2.89152e-07 4.80057e-05 0.00712745 7.76543e-06 0.00177888 0.00307391 0.00597343 0.00132311 0.00243279 0.00184371 6.73377e-09 0.11004 0.00706816 7.15235e-07 0.00615147 0.0138384 0.000231137 0.0113219 0.0370285 0.343997 8.57338e-07 0.0319745 1.99134e-05 
0.358865 1.67626e-05 0.00698659 3.74003e-09 4.60165e-09 3.36966e-07 0.00542267 0.000155583 0.0983134 0.0845919 0.00396327 0.00292521 0.0115194 0.0180222 6.61694e-07 0.000536612 0.000227858 0.0200543 0.0015654 2.57108e-07 0.153591 0.160203 0.068932 6.65057e-09 0.00410511 7.00293e-07 
0.199905 0.00789847 0.00672936 1.13267e-05 0.003444 0.00125414 2.88044e-05 7.55432e-05 0.0976606 0.0434886 0.0113679 0.0880877 0.00516868 0.000538878 0.130478 0.00849733 0.000116744 0.0386543 0.0855337 0.0244229 0.0862417 0.00741943 0.0931187 4.45196e-05 0.056162 0.00365183 
0.395647 1.63071e-06 0.00174746 5.77447e-09 5.58985e-05 2.16319e-05 0.00202816 0.00022083 0.00307268 0.000130825 0.00189155 1.77115e-05 3.2158e-06 1.29502e-06 0.0732612 0.00031216 1.40479e-05 0.0334796 0.140823 0.12481 0.00419968 0.0759811 0.059328 7.80832e-05 0.0822798 0.000594011 
0.623065 1.54442e-06 0.0018733 2.70565e-06 7.21472e-05 0.000779675 0.00463934 4.08584e-05 0.000496687 0.00267346 6.39012e-05 3.22529e-06 0.00100178 2.55825e-10 0.000636005 0.00102082 1.22698e-06 0.00112651 0.000640245 0.00110622 0.0069265 0.296733 0.0474798 2.3136e-10 0.00960223 1.32718e-05 
0.180879 0.00625482 0.0164425 5.69097e-07 1.45905e-06 1.6769e-07 4.9809e-05 0.0109179 0.0668265 0.00827146 0.00794156 0.000237143 0.112241 3.81755e-06 0.136317 0.000361298 6.46664e-05 0.0725058 0.054297 0.0442201 0.0465499 0.0434237 0.116612 3.30888e-05 0.0750005 0.000546754 
0.553379 7.06526e-09 0.00550904 1.61348e-06 0.000249051 0.000156674 6.85525e-05 0.000165318 0.00153388 0.00170232 0.000253984 0.000519191 1.6201e-05 2.82642e-05 0.149456 0.0002729 0.000840717 0.0223168 0.0586251 0.000291606 0.0646149 0.014368 0.112463 1.50319e-05 0.0129755 0.000177131 
0.282042 0.000569661 0.000481306 5.40984e-11 0.000138653 0.00102161 0.00108092 5.706e-05 0.000969804 0.17149 0.00551824 0.0108699 1.96466e-09 8.59313e-08 0.051037 0.00850401 1.49784e-07 0.00740699 0.0979446 0.00805117 0.00777741 0.0294102 0.280209 6.87556e-07 0.00663521 0.0287846 
0.868472 0.000608967 0.00312436 2.9316e-07 0.000201661 7.60667e-07 0.00123428 0.000141498 0.00527181 0.0639936 4.82934e-07 0.0135649 0.000202438 1.00389e-05 8.37071e-05 3.13323e-05 1.60964e-05 0.0293304 0.000303138 1.35006e-05 0.00341819 0.0031116 0.00369083 2.91764e-08 0.00294442 0.000229824 
0.746907 0.000116656 0.0653654 5.80762e-06 1.69893e-06 3.46919e-06 4.13429e-06 1.51137e-05 0.00116855 0.0159913 0.000250957 0.00270929 0.0014037 2.38824e-05 0.0179813 0.000906974 2.21602e-05 0.0131015 0.0142678 0.039489 0.00335282 0.00307051 0.0145942 2.03685e-06 0.0587811 0.000464281 
0.280225 1.82939e-06 0.0485774 7.39289e-09 9.09605e-09 0.000790821 4.68435e-07 1.00424e-05 0.0719225 0.0507358 1.11232e-09 0.00410911 0.0134183 7.43061e-07 0.0456807 0.0119916 6.71066e-05 0.159595 0.235429 0.000659257 0.00480341 0.0265621 0.0447737 7.79431e-05 0.000568713 6.70032e-09 
0.594908 0.000285631 1.43245e-07 5.37884e-07 6.61801e-07 9.71415e-07 4.65408e-05 3.25932e-07 0.194361 0.000105294 1.0637e-05 0.00113334 2.34931e-07 0.000138334 0.00592647 0.000363542 1.29125e-07 0.00211054 0.0254082 0.038756 0.000318954 0.00119712 0.0334415 5.72843e-07 0.101117 0.000367604 
0.207757 0.000189935 0.00940183 4.24022e-08 0.00354957 5.38617e-05 0.000552672 0.00839521 0.11758 0.104554 0.00229291 0.00912627 0.0014926 0.000823459 0.192948 0.00264138 0.00242696 0.0089963 0.0683135 0.0387479 0.0268182 0.0112521 0.109645 1.3334e-05 0.0723 0.000128337 
0.844107 3.57517e-08 4.53617e-06 3.12912e-08 2.83587e-06 7.51531e-06 5.28813e-06 1.8961e-08 1.93064e-05 5.38566e-06 4.70801e-09 1.15619e-06 1.0978e-05 1.30378e-06 4.12815e-09 3.46838e-06 7.65824e-07 0.0116372 2.34426e-06 4.55289e-07 0.00549623 0.135649 0.00300115 3.35992e-07 4.33086e-05 2.83598e-08 
0.298996 1.72457e-05 0.00972627 2.22503e-08 5.31115e-06 3.49439e-05 9.17765e-07 0.00819779 0.0150558 0.0241159 0.0735012 0.00427166 0.00182938 0.00169955 0.102991 0.0172637 2.34734e-05 0.01486 0.0347662 0.0435265 0.0398083 0.0241047 0.142447 1.62878e-05 0.14049 0.0022512 
0.345135 4.47976e-05 0.00235439 5.48598e-07 5.99055e-08 0.000139286 4.11208e-08 2.45163e-05 0.00401364 0.0779941 0.000524104 0.000836126 0.00301668 5.73364e-08 0.00755955 0.000440383 3.92055e-05 0.0976649 0.126075 0.00163656 0.0118805 0.210881 0.00127363 0.10646 0.00080483 0.00120032 
0.30628 2.37017e-06 0.00473195 2.48867e-07 0.000145067 0.00218333 2.47035e-05 0.00785384 0.0403855 0.0240473 0.00132572 0.00496162 0.000992274 2.35371e-09 0.0681952 0.00748433 7.1805e-05 0.0279202 0.109273 0.00866907 0.168515 0.0782027 0.0512624 0.000970091 0.0847585 0.00174366 
0.53116 0.00318977 0.024056 3.71258e-07 0.000147473 5.1774e-07 0.000958193 0.000322764 0.0104269 0.0842594 0.000104268 0.000841762 0.0804794 8.42565e-08 0.00122788 0.0269622 0.131464 0.021955 0.00161429 0.000115229 0.00132118 0.00141918 0.0139162 0.000536902 0.0633694 0.000151295 
0.206727 0.00031967 0.0085719 1.78858e-07 0.000189835 0.000567852 0.00381086 0.000745013 0.0250219 0.0735638 0.0323512 0.00608279 0.00573464 0.00736066 0.0491638 0.0113122 0.00279119 0.0137575 0.0822548 0.0496969 0.0458047 0.0917019 0.16737 1.47415e-05 0.110913 0.00417188 
0.545882 2.99434e-07 0.000567875 2.62075e-07 3.22451e-07 4.73306e-07 2.2134e-07 1.58805e-07 0.00109552 0.00139372 7.1569e-05 9.35918e-05 5.10832e-05 3.08623e-07 0.0100828 0.00114025 2.6859e-06 0.000528624 0.00668465 1.99138e-06 0.00247329 0.220633 0.0797023 2.79108e-07 0.0801228 0.04947 
0.273111 0.00265898 0.0362928 0.000198978 1.25401e-05 5.5119e-05 0.000768914 0.00929326 0.0235456 0.0386663 0.00258045 0.00928424 0.00133908 9.1411e-07 0.0502666 0.00250102 0.0145176 0.0799733 0.0583672 0.0378096 0.0358963 0.1557 0.114071 7.31874e-06 0.0530412 4.061e-05 
0.362354 5.17392e-05 0.0354024 3.17457e-08 4.10204e-05 8.26287e-05 0.000188136 7.79585e-07 0.016525 0.105877 0.00314743 0.00296362 0.0202888 0.0508265 0.0198955 0.00441867 5.94405e-05 0.00886776 0.0286363 0.00161126 0.0735527 0.00596 0.164845 8.95428e-07 0.0896372 0.00476537 
0.137827 0.00483051 0.0118437 0.00775419 0.00112565 7.24735e-05 0.00013422 0.000527719 0.107616 0.078894 0.000550394 0.0092035 0.0221106 8.40287e-08 0.0833158 0.00441965 0.0148738 0.134025 0.123601 0.00421301 0.00730744 0.0161345 0.0752885 0.0244724 0.129615 0.000243661 
0.646662 0.000354109 0.000425203 2.084e-07 3.73373e-05 0.00620295 8.75252e-05 5.81066e-05 0.00100809 0.00571197 0.000762779 0.000865266 0.0175245 2.45415e-07 0.152188 0.000252264 6.46543e-05 0.0264698 0.0538076 0.00617824 0.004331 0.00133167 0.0692195 2.6649e-05 0.00618743 0.000242384 
0.681577 1.35401e-06 0.00274216 1.18508e-06 0.0244769 0.000194495 0.000157984 0.000940074 3.18458e-05 0.00721113 0.000893101 0.00328147 0.000442762 4.02978e-05 0.103026 2.84768e-05 5.00169e-06 0.0393684 0.0275909 0.00547884 0.0014416 0.00484189 0.0599568 1.2621e-06 0.0356367 0.000632554 
0.571674 0.000731325 0.00162507 0.00198696 3.16251e-05 0.00155247 0.0016694 0.000999498 0.00230358 0.125649 0.00891304 0.00196161 0.00307541 0.000206051 0.0379366 0.0164513 9.15302e-05 0.0106264 0.0452827 0.0139672 0.0493631 0.0451528 0.020362 3.99224e-05 0.0343002 0.00404768 
0.37175 0.0083177 0.0475951 0.00120594 0.00111888 1.95019e-05 0.000585665 0.000495643 0.0188972 0.0357052 0.00394815 0.00449582 0.000535088 2.67039e-05 0.0111012 0.000772944 0.00179514 0.101694 0.16202 0.0118737 0.0269087 0.0382002 0.0635899 0.0191752 0.067428 0.00074407 
0.2835 0.0012383 0.0072607 0.00331473 0.00104771 6.79341e-05 0.000399269 9.60675e-05 0.127248 0.0269799 0.0368065 0.00273712 0.00770853 0.00854767 0.0225104 0.0110605 3.18153e-05 0.0425974 0.0572456 0.0149921 0.0103182 0.0673363 0.216823 0.000121999 0.0498781 0.000131969 
0.348482 2.41314e-07 0.0109296 1.79906e-09 5.96698e-06 7.23874e-06 1.57209e-07 8.02161e-05 0.00517965 0.0161352 0.000426343 0.0220714 0.00241833 2.33229e-06 0.0361647 0.00235484 0.00131573 0.102853 0.0772816 0.0219596 0.0694417 0.0114176 0.242683 6.64963e-08 0.0287098 8.01131e-05 
0.203352 0.000842638 0.0238403 4.74257e-06 0.000181433 6.08114e-06 0.00474607 0.000142547 0.0994476 0.0293756 0.00279986 0.00072569 0.0267973 1.56331e-06 0.0521113 0.0242125 9.31122e-05 0.0370641 0.0120234 0.0480497 0.0535047 0.184593 0.154006 7.61147e-06 0.0420471 2.36986e-05 
0.485045 1.00773e-08 0.000364912 8.82002e-09 1.79921e-07 0.116991 6.71534e-07 3.17589e-07 1.207e-05 0.00432077 0.00164232 0.000125995 3.15282e-06 0.00183767 0.00382883 0.000930869 9.32898e-08 0.013465 0.0579663 0.000231339 0.138237 0.150692 0.0086119 5.20765e-08 0.014521 0.00117066 
0.232467 0.000781002 0.00357817 9.63637e-07 0.00202435 2.89022e-05 4.42597e-05 0.000216273 0.0342098 0.152777 0.000405431 0.0117082 0.00133476 7.42401e-06 0.0157033 0.00951189 0.00122327 0.108118 0.165998 0.0265477 0.0292221 0.109519 0.0760738 3.84336e-05 0.0160141 0.00244644 
0.948043 8.04561e-11 0.000425653 5.14123e-07 8.66409e-11 1.27175e-10 5.94727e-11 4.26701e-11 1.41925e-11 7.85616e-12 1.0595e-11 2.66072e-11 3.10639e-09 8.29251e-11 0.0175814 5.96796e-11 1.69046e-11 6.42629e-05 1.07325e-11 1.92506e-11 0.000891945 1.92365e-11 1.13811e-07 7.49947e-11 0.0329935 6.38213e-11 
0.378214 0.00130674 0.0174116 2.38329e-05 0.00459983 0.000790728 0.00382885 0.0069845 0.0558868 0.064203 0.00984091 0.0160498 0.0129731 0.00168592 0.063742 0.0196658 0.0018832 0.0362375 0.0599882 0.0111285 0.038187 0.0561904 0.0807911 2.36756e-05 0.0485702 0.00979293 
0.450011 0.000137023 0.0140044 1.52217e-09 0.000165203 2.74903e-09 6.78085e-05 5.10353e-06 0.000211188 0.254416 7.72826e-05 1.18813e-05 0.0165777 1.031e-06 0.123468 4.28177e-07 1.49073e-05 0.0152833 0.00500868 0.0098091 0.00968335 0.00129883 0.0446266 1.6211e-09 0.0528443 0.00227688 
0.835325 1.35945e-06 4.88034e-06 1.22366e-07 2.93896e-05 1.46317e-08 4.05374e-06 2.10698e-06 0.000287372 0.0926645 6.58723e-07 2.08826e-06 0.000141435 5.82282e-07 3.00849e-05 3.34006e-06 2.11535e-07 0.0667048 2.82768e-05 3.06943e-05 0.00220138 9.98956e-05 0.00234952 8.62829e-09 8.75699e-05 9.68595e-07 
0.780721 5.91581e-07 0.0116705 5.17773e-07 6.37056e-07 0.00018533 0.00579463 3.13746e-07 0.0314386 0.0055577 7.7903e-08 0.000218075 0.00165901 6.09735e-07 0.000321316 4.38814e-07 1.24297e-07 0.0533137 7.89142e-08 4.09101e-05 0.0311604 0.0049227 0.0623203 5.51424e-07 0.00749022 0.00318123 
0.460926 3.81139e-06 0.00568865 3.44488e-08 3.38346e-06 7.23985e-06 0.000912259 0.000810033 0.0407621 0.000456109 0.00264683 2.12142e-05 0.00447255 0.00121949 0.0289573 0.000253901 3.25316e-05 0.00765621 0.0281202 0.0148245 0.280391 0.0149404 0.0615222 0.00602038 0.0366221 0.00272967 
0.201864 2.34467e-05 0.00718855 7.32794e-06 0.000147336 0.00209877 8.44314e-06 6.53966e-05 0.196079 0.104757 0.00322119 0.00147002 0.00965384 0.00232162 0.0243334 0.0860233 0.0002306 0.105894 0.014709 0.00243884 0.0138355 0.129811 0.0432784 0.000174462 0.050364 6.05445e-07 
0.325895 4.45553e-06 0.00828882 5.68942e-07 6.11222e-09 2.11358e-06 0.000469524 0.00171362 0.111887 0.146364 0.000171802 0.00104749 0.0115424 1.12911e-06 0.0923375 0.00390027 0.000251174 0.0341297 0.00995456 0.0104049 0.0837488 0.00489331 0.0902394 2.02904e-10 0.0605776 0.00217415 
0.272675 0.0088911 0.0152323 2.09786e-10 0.000341668 3.78872e-10 2.55154e-06 1.2712e-10 0.0801288 0.020015 6.0003e-08 4.43972e-07 0.0356825 2.47046e-10 0.137085 1.77794e-10 5.03613e-11 0.0816369 0.0111436 4.70331e-07 0.0881298 0.005985 0.215142 2.23421e-10 0.0279032 4.24015e-06 
0.493219 8.68955e-09 0.172115 5.17493e-11 0.000294539 9.22789e-05 1.98797e-06 3.3378e-07 0.000315191 1.03589e-07 1.15332e-07 1.19069e-05 0.000105968 6.09406e-11 0.065219 0.000692816 4.60289e-09 0.0205337 0.000943387 9.32245e-08 0.00268085 0.0031582 0.0160742 5.51127e-11 0.224541 7.86986e-08 
0.825907 1.76206e-06 0.000317294 3.36578e-09 1.11136e-06 6.07858e-09 0.000569918 8.59312e-08 9.87647e-06 0.000181769 1.87979e-07 7.18229e-06 1.90624e-06 3.96358e-09 4.44037e-10 0.00788071 6.49095e-08 0.0308952 1.85986e-07 0.000319434 0.0201865 0.10912 0.0045536 3.58453e-09 4.65017e-05 1.61743e-07 
0.2559 0.0177517 0.0029626 0.108822 1.16042e-07 4.60226e-11 2.15223e-11 6.79588e-08 0.0156951 0.185733 2.151e-07 0.0136078 1.11303e-11 3.00094e-11 1.0153e-06 0.0704768 3.90069e-05 0.0783046 0.0217161 1.7208e-07 0.0567972 0.0829489 0.0602963 0.000239579 0.0287075 2.00958e-07 
0.328865 1.63308e-07 0.0180898 1.42933e-07 1.75862e-07 6.02016e-06 1.64375e-06 5.90949e-07 0.0925689 0.000209785 7.83969e-05 0.0600893 6.24287e-08 0.0304127 0.102884 1.92378e-06 1.84364e-06 0.00102486 0.204264 0.00886259 0.0120529 0.0202403 0.0474653 2.15329e-05 0.0728587 1.29543e-07 
0.68641 0.000231686 0.000617605 0.00210736 4.32502e-05 0.000212798 0.000247917 0.000253097 0.00222087 0.154793 0.00458467 0.000828003 0.00103528 0.000417434 0.0181712 0.00880375 0.000787833 0.0219673 0.0211025 0.0066536 0.0141758 0.0235409 0.0215256 7.4954e-05 0.0087129 0.00048 
0.282596 2.46211e-05 0.000347038 1.22066e-09 4.90681e-07 2.20451e-09 0.000868538 7.40702e-07 0.13716 0.0218065 0.0263242 0.000116089 0.0270446 5.35219e-07 0.0145156 0.000442821 6.82038e-07 0.00733792 0.00513643 0.00838622 0.0249705 0.120786 0.233542 3.03746e-07 0.0834628 0.00512839 
0.344955 0.00101196 0.00010489 1.58347e-06 3.5949e-06 3.44366e-07 0.000430252 3.42403e-06 0.00297357 0.0817566 0.000105479 0.00134605 0.0145657 3.76751e-05 0.013243 0.00746989 3.05347e-05 0.337405 0.02646 7.3313e-05 0.0642639 0.000657735 0.0960472 9.14062e-07 0.00533028 0.00172149 
0.745456 5.73076e-06 9.86818e-07 3.13247e-08 2.46028e-06 0.0695192 4.27858e-06 5.01873e-05 0.00572257 0.000666669 4.42868e-05 0.000115822 1.32809e-06 3.68883e-08 0.00248253 3.94951e-05 3.42558e-07 0.0499481 0.0309073 0.00229161 0.0686171 0.0171099 0.00170223 0.000599135 0.00471297 2.83902e-08 
0.450028 2.69076e-05 0.0962777 0.0457761 3.54981e-05 0.000568611 0.00994669 5.84925e-05 0.00380881 0.0113249 0.00608057 0.00104552 0.0115754 0.0118974 0.0389336 0.00512081 0.013617 0.00590639 0.0174073 0.00894881 0.00880449 0.00705249 0.126537 8.29266e-06 0.119148 6.48642e-05 
0.337428 7.75567e-07 0.000592761 9.84387e-05 4.78196e-05 0.00307246 0.000940804 0.00135661 0.293026 0.00645195 1.90532e-07 0.000766218 0.0224761 0.000201908 0.0184775 0.000338068 0.000119058 0.181072 0.0210231 6.29805e-06 0.0336585 0.011097 0.0525045 0.000363702 0.0148668 1.21528e-05 
0.649436 2.80851e-05 0.000369678 5.79022e-07 7.42566e-05 0.000202847 0.00541328 0.000654303 0.0415602 0.00229289 0.014045 0.00138418 0.014552 6.81863e-07 0.00587899 0.000876302 0.000214256 0.0432675 0.00381406 0.000355158 0.0103359 0.000389091 0.187069 0.00050433 0.0172215 6.00487e-05 
0.409849 5.41477e-05 0.00919067 2.80164e-08 0.035733 0.00914272 0.00158676 0.00030253 0.00131555 0.0284228 0.0236789 5.53717e-05 0.00050967 0.00070107 0.00501709 0.00152132 1.67042e-06 0.0132931 0.0329693 0.00270579 0.0467738 0.10885 0.0516131 1.47876e-06 0.202134 0.0145769 
0.369292 1.7424e-07 9.6124e-05 1.00392e-09 4.3165e-06 1.75523e-05 1.13483e-07 2.15637e-07 0.000366422 0.0249755 0.000492005 0.0181377 0.000165511 1.68697e-06 0.0810052 0.00123568 5.61074e-06 0.017104 0.12739 0.0199901 0.0342234 0.0086524 0.261363 4.77904e-08 0.035421 5.95911e-05 
0.661865 0.000442646 0.00384017 6.52221e-06 9.43546e-05 1.43307e-07 8.99318e-05 0.000674826 0.00206207 0.142724 0.00317436 0.00122593 0.00100117 2.55012e-05 0.00435691 0.00494892 6.92012e-05 0.0099542 0.0121624 0.0204808 0.0372977 0.00920033 0.0202271 1.29156e-05 0.0592051 0.00485713 
0.238876 0.00284894 0.00931887 0.000112928 0.000221458 0.000277338 0.00239371 0.00345608 0.00843487 0.0489824 0.00512908 0.011329 0.00312555 0.00122412 0.107856 0.00511946 0.0036704 0.0963369 0.103776 0.0494453 0.021958 0.0616547 0.170075 1.5341e-05 0.0440524 0.000310298 
0.368058 1.84806e-05 0.0015876 7.68958e-09 0.00594406 0.00288068 4.85076e-05 0.018027 0.00138391 0.180672 0.00382612 0.0285296 1.68944e-07 1.05827e-05 0.193986 0.00023031 0.0166162 0.0526075 0.0131214 0.0431227 0.0178621 0.00311058 0.0225572 3.01236e-07 0.0250556 0.000743033 
0.582146 0.00342055 0.0160449 0.0068416 0.00169572 0.000539641 0.00319283 0.000714108 0.00729596 0.0288317 0.000281493 0.00256221 0.00875627 0.00480392 0.0173253 0.000536296 3.07236e-05 0.122918 0.015618 0.00172263 0.0265531 0.0399027 0.0417185 0.000289496 0.0660888 0.000169985 
0.352381 3.8002e-05 0.0490247 0.00455671 9.62915e-05 0.00326152 5.6236e-06 3.96827e-05 0.111802 0.00502045 0.0013786 0.000958856 0.0100363 1.002e-08 0.00150797 0.0185636 1.79431e-05 0.0188831 0.0617229 0.00032987 0.0103759 0.00914189 0.0257144 0.000477012 0.314207 0.00045913 
0.660273 2.16616e-05 0.000211725 1.5973e-08 3.96407e-05 0.000290518 6.2115e-05 3.5905e-05 0.0157462 0.0821766 0.00841264 0.00154625 0.00132664 0.000410543 0.00833258 0.0230524 1.96691e-05 0.0352816 0.0280322 0.00214167 0.00684462 0.0798802 0.0198457 9.17523e-06 0.0208001 0.00520636 
0.301967 0.00320763 0.00345084 2.82792e-06 2.16173e-06 0.00297561 5.57785e-06 3.75957e-05 0.0145518 0.0543939 0.00475169 0.000635476 0.00198035 3.51528e-07 0.0845184 0.0554521 7.62137e-06 0.141556 0.00888244 0.00273753 0.0126601 0.0313096 0.173612 9.32552e-06 0.100404 0.000888093 
0.756251 6.46322e-05 0.00869511 1.86746e-07 0.000138603 3.84047e-06 1.86965e-05 0.000980482 0.000776109 0.00425957 6.04571e-05 1.46517e-05 0.000228449 0.0149684 0.0173558 2.42294e-05 1.26769e-11 0.00471423 0.0008663 5.9809e-05 0.00674191 0.000258085 0.0239032 5.62394e-11 0.150158 0.00945833 
0.405301 3.49687e-07 0.00762973 0.000353591 4.10643e-06 1.18333e-07 0.000788023 0.0012519 0.0107813 0.00159773 0.0132246 0.00182942 5.56316e-07 0.00117086 0.148865 8.69757e-07 5.08188e-06 0.000254362 0.0147554 1.74845e-07 0.011462 0.000933068 0.0698045 3.57398e-10 0.307838 0.00214871 
0.702117 2.54312e-07 0.0117361 4.09142e-11 8.97905e-05 1.46223e-07 3.45548e-11 1.01196e-06 3.51684e-09 0.000138515 5.36899e-08 1.54593e-11 1.03016e-09 0.0145389 0.0298329 3.4675e-11 9.82189e-12 0.000380497 0.00042444 1.1185e-11 0.00330908 0.000215486 0.0164417 4.35734e-11 0.211797 0.00897701 
0.525568 9.29397e-07 8.06428e-05 8.13441e-07 6.63106e-05 1.46907e-06 6.87004e-07 4.92907e-07 0.226653 0.00140988 7.57745e-05 0.000860243 0.00395522 0.180396 0.00640719 0.00273664 6.5482e-06 0.000970843 0.0269215 0.000118104 0.000157807 0.000535703 5.1555e-08 8.66309e-07 0.0228543 0.000220602 
0.369561 1.55713e-06 0.00102971 5.47477e-08 0.00729178 2.36771e-05 9.19328e-07 0.000222985 0.00102679 0.0623752 0.00082662 0.00014854 0.00029474 0.00411961 0.0856632 0.000510038 9.04136e-09 0.0460315 0.0160557 0.000861854 0.0652326 0.00346525 0.275871 4.49758e-09 0.0583681 0.00101775 
0.51351 0.000941096 0.000517512 7.08635e-11 0.000130433 5.21727e-05 0.00152322 3.56276e-05 0.00114258 0.119033 0.00977465 0.0107007 3.45415e-09 1.26626e-07 0.0247719 0.00840561 8.84359e-08 0.00867835 0.0929012 0.00775667 0.00431421 0.0311853 0.109229 1.92267e-08 0.00842946 0.0469671 
0.29356 0.000121523 0.0125103 4.13349e-06 3.60061e-05 9.21807e-07 0.000211887 0.00115513 0.0885868 0.0744464 0.00224754 0.00203354 0.0260011 2.1727e-06 0.164736 0.00345612 0.000254347 0.0715526 0.031122 0.0202072 0.0145222 0.0112906 0.0880892 3.80801e-05 0.0928835 0.000931503 
0.971707 1.24825e-05 2.90951e-06 1.09251e-05 1.34421e-05 1.97307e-05 9.227e-06 6.62013e-06 0.00245027 1.21886e-06 1.64378e-06 4.12802e-06 4.77177e-06 1.28656e-05 0.00203902 9.2591e-06 0.00163399 0.0212083 1.66511e-06 2.98668e-06 2.41204e-06 2.98448e-06 6.92423e-07 1.16352e-05 0.000819591 9.90167e-06 
0.678178 0.000475018 0.0194244 0.00299188 0.000703097 4.24298e-05 1.1383e-05 0.000340461 0.0886731 0.00625066 0.00235551 0.00209183 0.00927199 0.000572728 0.00235771 0.00165445 3.18803e-05 0.0603295 0.0344286 0.000647253 0.00251969 0.00398156 0.0355147 0.00714781 0.0393963 0.000607816 
0.376202 9.27696e-06 0.111405 0.0484413 6.00502e-05 4.55611e-05 0.000959347 5.66738e-05 0.00494781 0.00933837 0.000113947 0.00311123 0.0585907 3.13112e-08 0.00140872 0.00662636 3.87807e-05 0.064966 0.0956847 0.000729999 0.0975557 0.0148991 0.0881216 2.14921e-06 0.0164274 0.000257746 
0.226295 0.00103452 0.00608253 9.26625e-08 0.000625712 8.57014e-05 0.0013141 0.0051152 0.0488049 0.0130175 0.0118526 0.00212784 0.105758 0.000155807 0.0966137 0.00303186 2.06276e-05 0.00257553 0.0190383 0.00334908 0.130886 0.0089673 0.188139 2.15956e-06 0.1251 6.10121e-06 
0.51351 0.000941096 0.000517512 7.08635e-11 0.000130433 5.21727e-05 0.00152322 3.56276e-05 0.00114258 0.119033 0.00977465 0.0107007 3.45415e-09 1.26626e-07 0.0247719 0.00840561 8.84359e-08 0.00867835 0.0929012 0.00775667 0.00431421 0.0311853 0.109229 1.92267e-08 0.00842946 0.0469671 
0.32379 6.1164e-07 0.0572045 1.17214e-05 5.00381e-05 1.09973e-07 0.00102599 0.000596211 0.136972 0.0547591 0.000375174 0.00152188 0.00638921 8.78911e-07 0.00441397 3.51424e-10 0.000195081 0.123681 0.00509575 0.00609435 0.0162591 0.00797541 0.0306616 1.04271e-05 0.22272 0.000195672 
0.494485 2.23987e-09 0.00480956 0.00462981 0.000414867 5.57281e-07 1.6557e-09 0.000373366 0.00481902 0.000601425 0.00620957 0.00126691 0.00148909 4.13898e-06 0.0477785 0.000123672 4.70617e-10 0.0358161 0.035028 0.000265934 0.0269344 0.00849481 0.207004 1.50074e-08 0.118504 0.000947362 
0.310189 4.80137e-12 0.0885999 9.08099e-05 0.00733202 1.00187e-07 0.00292586 0.000976588 0.00629231 0.0145292 2.0107e-08 1.27042e-08 0.0179531 4.94872e-12 0.172298 6.90965e-08 0.0225644 0.0058965 2.56298e-05 0.00538968 0.0309015 0.0430251 0.177257 2.1214e-07 0.0937516 2.52899e-07 
0.294949 1.377e-06 0.00162343 2.20179e-07 6.27125e-05 2.02974e-07 4.64963e-08 2.4112e-07 5.93987e-08 0.170221 0.00362978 0.0112466 5.00847e-12 1.35038e-11 6.56714e-07 0.0311761 0.00289774 0.0897642 0.0235731 0.0281857 0.135365 0.132403 0.0074637 7.695e-08 0.0607626 0.00667369 
0.515986 3.13794e-05 0.00648904 0.0261459 0.000639941 0.000799516 0.000286718 0.00158392 0.0114899 0.00702128 0.00355973 0.00197747 0.00140201 0.000420082 0.0290177 0.000340114 0.000273863 0.0147996 0.0206855 0.00411805 0.0210528 0.0175378 0.0331495 0.0014216 0.252852 0.0269189 
0.959953 8.94853e-06 0.000896705 1.35813e-07 1.67101e-07 1.00007e-05 4.56056e-06 4.25385e-05 0.00912736 0.00172643 5.9786e-07 1.95456e-06 0.000298781 1.59935e-07 8.2173e-07 0.000655178 1.18423e-06 0.00844253 0.000552346 1.11703e-06 0.00700468 1.56974e-05 0.00103582 1.15225e-05 0.0102074 1.2309e-07 
0.670595 5.73882e-06 0.00496846 0.000476039 2.32468e-05 1.14647e-05 1.30137e-06 8.30963e-06 0.00109411 0.000570464 4.30612e-05 0.000368672 0.000209563 1.9554e-05 0.00443508 1.07534e-05 0.191699 0.0217964 0.00184285 0.000524152 0.0189047 0.0568713 0.00029202 0.000170699 0.0250487 1.01042e-05 
0.221998 7.76747e-05 0.000746605 1.18671e-08 0.000143341 2.7984e-07 0.00031027 0.000130182 0.0015257 0.108699 3.82029e-05 0.00441323 0.0121527 7.10364e-10 0.0482365 0.000550808 0.0109499 0.0953573 0.110747 0.211378 0.0284272 0.0228848 0.118814 6.33506e-05 0.00207203 0.000283643 
0.395006 7.05247e-09 0.0527438 6.17257e-09 2.7733e-08 4.07074e-08 5.21315e-09 2.26925e-06 0.00177832 1.51559e-07 0.00047579 2.80631e-07 1.36813e-06 7.26889e-09 0.0439034 5.23128e-09 1.48179e-09 0.00216351 9.40768e-10 1.68744e-09 0.0862212 0.0020124 0.032027 6.57375e-09 0.383663 1.91921e-06 
0.474496 5.76205e-05 0.000828231 2.29977e-08 4.26707e-06 2.16658e-06 1.93162e-06 0.00391049 0.00225037 0.0196111 5.00018e-05 0.00252936 0.00308552 3.66548e-08 0.314461 0.0151938 0.00856233 0.0811683 0.0226257 0.000468699 0.00638976 0.016907 0.0195139 1.47318e-06 0.00786909 1.23834e-05 
0.369552 5.78788e-05 0.00107592 0.00513429 0.00106803 0.00503684 6.18807e-05 0.000193945 0.00114025 0.0639139 0.0123106 0.00733929 0.000318148 0.00990801 0.0285096 0.00330203 0.0107166 0.113885 0.16257 0.0365214 0.0330296 0.0614936 0.0459736 0.0173879 0.00758728 0.00191268 
0.5344 2.90211e-07 4.15038e-05 6.87753e-08 8.46196e-08 0.459084 5.80853e-08 4.16746e-08 0.000381794 7.67289e-09 0.00015839 2.59864e-08 3.00389e-08 9.46043e-06 1.59662e-05 5.82873e-08 1.26752e-05 2.38203e-05 1.21779e-05 9.63986e-06 0.000461717 0.00533034 4.3589e-09 3.42678e-06 5.25913e-05 2.24472e-06 
0.619826 8.24748e-08 0.0121734 6.80267e-05 2.64197e-07 5.48988e-05 0.00389896 0.000319281 0.0269417 0.00402264 0.000800123 0.00141792 0.00104297 0.00156369 0.025012 0.00151983 9.42666e-05 0.0205536 0.00211544 1.06918e-06 0.0452668 0.00160716 0.0247118 8.43647e-05 0.20629 0.000613495 
0.469591 0.00014192 0.000202599 5.92729e-08 3.56181e-05 0.00151547 0.00792091 5.06287e-06 0.0093285 0.0519332 4.93049e-05 0.000513103 5.38546e-05 2.06329e-06 0.00341413 0.00710219 0.00219964 0.101768 0.0316703 0.00809706 0.00970274 0.266257 0.0070135 1.32078e-05 0.021344 0.00012641 
