0.565551 0.00101645 0.0186723 2.82846e-05 0.00235735 0.000304378 0.00131564 8.15883e-06 0.0289064 0.00483913 0.000338222 0.00152665 0.0192318 5.23922e-05 0.0422866 0.00245087 8.99274e-06 0.0211314 0.0473318 0.0287232 0.0454185 0.0167845 0.104584 6.4838e-06 0.041214 0.00591193 
0.595393 0.00064128 0.00445009 0.0164981 0.000107509 9.96894e-05 0.000354061 0.000124967 0.00164201 0.0913096 0.00397336 0.00107811 0.0190238 1.34372e-05 0.00932508 0.0325686 5.77069e-05 0.0328908 0.0192129 0.00643379 0.0615493 0.0215232 0.0475475 1.80514e-05 0.0251374 0.009027 
0.849058 9.7718e-06 0.0009255 5.01909e-10 3.80764e-06 0.00118873 0.000636894 1.3789e-05 0.000390339 0.000195982 0.0103731 1.67196e-07 3.85196e-07 5.91053e-10 0.00847179 0.00191911 0.000120506 0.00474495 0.00190123 0.00281831 0.00453527 0.0908613 0.00722105 5.95408e-08 0.014455 0.000155064 
0.295046 0.000117949 0.00400605 6.91666e-09 3.42718e-05 0.000620901 0.00372395 0.00311004 0.00054254 0.00463328 0.0174601 0.000183776 0.00214795 9.04658e-11 0.260781 0.00304264 2.04155e-05 0.00655765 0.0457734 0.0120866 0.0264344 0.0647916 0.224516 1.08605e-06 0.0240729 0.000295119 
0.249245 8.89611e-08 0.00568839 2.83313e-06 0.002107 1.22279e-05 3.68625e-05 0.000702987 0.000872561 0.238507 0.000478613 0.000215954 0.00031055 9.44839e-05 0.0170406 0.00156269 1.2263e-05 0.0141958 0.0300156 0.046617 0.166665 0.195999 0.0119249 3.46829e-08 0.0174589 0.000233441 
0.418768 0.00107763 0.0177538 6.90447e-05 0.000154131 0.000632896 0.000161381 0.00152855 0.0413671 0.00991544 0.000588791 0.00232731 0.0113499 0.00272983 0.063271 0.000822072 9.09014e-05 0.0148833 0.117803 0.0207632 0.0101306 0.0320592 0.0410952 4.98011e-05 0.18943 0.00117799 
0.612415 5.23281e-05 0.0014937 2.67971e-07 8.50093e-05 5.64057e-05 3.82639e-05 1.25166e-05 0.000861866 0.023497 0.0020221 0.00111168 0.00200317 0.111521 0.0169536 0.00599049 3.75708e-06 0.059321 0.0798431 0.00350155 0.0118558 0.0289763 0.0189782 6.93414e-06 0.0182046 0.00119422 
0.473256 0.000388593 0.0181591 8.28985e-08 0.00289299 9.67061e-05 4.17295e-05 0.000198435 0.00273868 0.0828951 0.0011792 0.002786 0.00233362 1.96254e-05 0.147088 4.37216e-05 5.52341e-06 0.0259628 0.0081152 0.0111083 0.0146808 0.00290291 0.0814448 5.87781e-06 0.120971 0.000684579 
0.447962 0.00142593 0.00976098 1.61187e-05 0.00015564 0.00138936 0.00639808 0.000645499 0.0527452 0.0171001 0.0224757 0.0186888 0.00421247 4.17333e-05 0.0649278 0.0119895 0.000219573 0.0655671 0.0199032 0.024397 0.026247 0.0789377 0.0379297 1.76583e-05 0.0855254 0.00132079 
0.40934 0.0115372 0.000836433 1.04021e-08 5.18203e-05 0.000208682 1.42528e-06 0.000225428 0.00912797 0.0546276 0.0119231 0.00757469 0.000328639 8.02448e-11 0.0673621 0.023294 1.85328e-09 0.0325061 0.0732074 0.00183505 0.00886026 0.0150981 0.115823 1.93725e-08 0.147099 0.00913337 
0.6722 8.05434e-05 0.00428601 1.12244e-06 3.11416e-05 0.000452842 0.000333728 0.000326082 0.00283401 0.0742011 0.000298777 0.00172726 0.000325468 0.000936792 0.02263 0.0389644 0.00259633 0.0595601 0.0338227 0.0029041 0.00666208 0.0404115 0.0168943 9.93757e-06 0.0172285 0.000281416 
0.708768 2.21679e-08 0.000367759 2.61227e-08 0.00128279 4.14492e-09 0.00103149 0.000337679 0.000218727 0.0439567 7.39464e-07 3.22673e-07 0.00177479 1.22136e-07 9.56941e-05 2.81037e-07 5.5096e-10 0.21575 0.000403621 1.21038e-06 0.00183007 0.00223919 0.0126456 2.44426e-09 0.00929498 2.0253e-07 
0.286941 0.00199892 0.0565678 1.43843e-08 0.000404553 0.000242618 6.68556e-07 0.0293456 0.0170217 0.0204531 0.0546299 0.000124442 0.00351786 0.0123281 0.105298 0.00185377 4.2777e-07 0.0259123 0.0431523 0.00773295 0.0641474 0.0128722 0.167183 1.61805e-06 0.0784049 0.00986547 
0.497575 0.000104292 0.121459 0.000318489 2.34016e-06 7.10766e-06 7.98109e-07 2.27529e-07 0.0432496 0.00626817 0.0219226 0.00383964 0.000943541 0.000491164 0.0261763 0.00179755 2.87762e-05 0.0565472 0.0132693 0.000333623 0.00584896 0.0549404 0.0756254 1.28494e-09 0.043024 0.0262268 
0.443471 1.87788e-06 0.0101311 6.90625e-07 2.2359e-05 0.000154176 2.76637e-05 0.000126581 0.00236625 0.0304251 0.00155891 0.000127446 0.0010757 0.0170042 0.0406687 0.000109323 3.47292e-06 0.0123093 0.135395 2.98086e-05 0.049569 0.00855038 0.183882 5.17655e-06 0.0629358 4.96805e-05 
0.300736 0.000402581 0.00692767 1.1378e-08 7.83413e-08 0.000227094 0.000494958 7.67107e-05 0.20718 0.010123 0.00187121 0.00171851 0.00334543 0.0254471 0.00376519 0.0288864 6.2986e-07 0.0220334 0.0294392 0.0139042 0.00699925 0.00102287 0.232336 1.04939e-07 0.103062 1.03121e-08 
0.532486 9.12586e-05 0.033246 0.0182619 2.1638e-05 0.000320445 3.09056e-05 0.00138491 0.00760828 0.011153 9.11302e-05 0.000338855 0.000304026 0.00269267 0.0338764 0.000103023 2.24006e-05 0.000438407 0.0849713 0.00758081 0.0440663 0.00266514 0.00768876 1.71692e-05 0.191712 0.0188269 
0.335227 0.00049182 0.00806476 2.17407e-06 0.00140901 3.51578e-06 0.000161733 0.00215767 0.0053424 0.0562348 0.00448371 0.0147049 0.025347 0.00109143 0.082435 0.00330309 0.000215577 0.0241566 0.0131277 0.0362559 0.0568167 0.119119 0.194665 4.13327e-06 0.0149106 0.000268784 
0.896607 0.000293479 0.00265536 1.51495e-08 6.48605e-07 0.00420676 0.000317996 0.000847271 0.00103151 0.0101923 0.000438347 3.89106e-05 0.0052706 6.14742e-05 0.00381626 0.00761447 1.35353e-05 0.00439389 0.00319484 0.00384411 0.0102667 0.00635872 0.00641362 6.64714e-06 0.0317317 0.000383526 
0.284167 2.72689e-10 2.37722e-06 2.38667e-10 6.75691e-07 4.31031e-10 2.01772e-07 6.94326e-07 6.34998e-07 0.0422776 1.56209e-06 9.01793e-11 1.04242e-10 2.21195e-05 1.60613e-07 0.180342 5.72945e-11 3.7277e-07 0.178706 2.55895e-05 0.157136 1.55824e-05 0.0622588 2.54179e-10 1.51713e-07 0.0950428 
0.647243 5.91107e-06 0.013459 2.14891e-08 0.000294804 3.88091e-08 1.81489e-08 1.30214e-08 0.000908428 8.37793e-06 0.123006 9.94774e-07 5.47433e-06 2.53058e-08 0.00778149 1.82121e-08 5.15867e-09 4.53498e-09 1.84399e-06 0.00562341 1.04734e-05 1.24759e-07 0.00856754 2.28857e-08 0.173557 0.0195257 
0.304446 1.55685e-06 0.0690412 9.92646e-07 3.96118e-06 0.000184549 0.000722464 0.00253527 0.239064 0.0181515 0.00144163 0.00182158 0.000297786 4.17004e-06 0.0428105 0.00024891 2.07734e-06 0.0207648 0.0346204 0.00543419 0.0325238 0.016932 0.0576756 1.27439e-05 0.140138 0.0111202 
0.551752 4.73938e-09 0.00127364 4.14807e-09 2.18953e-06 7.49139e-09 0.000139743 2.51354e-09 0.00123615 0.156877 2.20657e-06 5.67117e-06 1.81175e-09 4.88482e-09 0.000146527 0.180938 9.95788e-10 0.0415019 7.35028e-06 0.0399225 0.00578867 0.00497527 0.0154162 3.93416e-06 8.21088e-06 2.13191e-06 
0.178118 8.68645e-08 0.0283897 1.5951e-05 0.00621313 8.71275e-05 0.0162677 0.000122875 0.0108389 0.171095 0.0235444 0.000830445 0.0126353 0.000123971 0.078656 4.28576e-05 2.72781e-07 0.100627 0.00669246 0.0522563 0.0363361 0.15976 0.0720064 1.29973e-05 0.0428293 0.00249781 
0.221645 0.00150308 0.0149716 0.000527994 0.000122093 0.00138193 0.000837707 0.00137631 0.160006 0.0796153 0.00581664 0.0284787 0.00461337 0.000685122 0.0305559 0.00571655 0.00172784 0.0188815 0.0895848 0.00334826 0.0347641 0.0764745 0.108151 0.00183297 0.0954012 0.0119805 
0.273676 0.000138298 0.0165619 0.00178963 7.34788e-05 0.00319247 0.000234201 0.000206352 0.0139721 0.120353 0.000885781 0.00284242 0.00444524 0.00152261 0.0339545 0.0241169 0.000330857 0.0416287 0.216879 0.0597937 0.0271064 0.0433846 0.0809123 4.19235e-05 0.0314725 0.000486099 
0.199613 0.00158761 0.0231541 0.000376648 0.00274921 1.63496e-07 0.00419153 0.00401284 0.0542771 0.139103 0.00762114 0.00555425 0.0202324 1.63646e-07 0.010932 0.00476456 1.6387e-07 0.0749904 0.0271078 0.0132075 0.0690571 0.00829159 0.166912 1.63673e-07 0.155076 0.00718707 
0.798917 0.000492321 0.00396523 0.00120805 6.35249e-06 0.00436582 0.000475159 0.000862805 0.0013505 0.034148 0.000874533 0.000356035 0.00526386 0.000763882 0.0100746 0.00571938 1.73975e-05 0.00839175 0.0120522 0.00893477 0.0151057 0.0150449 0.0149949 2.45332e-05 0.0454391 0.0111508 
0.660465 0.000111022 0.000781569 5.8595e-08 0.000470615 0.000371553 0.000852208 0.00176371 0.000938978 0.00355121 0.0114554 0.00982476 0.00614265 0.00377749 0.015601 0.00302917 0.000316205 0.0112105 0.0104457 0.00778122 0.0178339 0.0162738 0.0848336 2.26016e-05 0.132114 3.23566e-05 
0.340685 0.00368736 0.0407952 1.94001e-09 0.159603 2.97416e-05 0.00254393 0.00154426 0.0860441 0.0615856 0.000202147 0.000558228 0.00194822 2.28457e-09 0.108834 3.35582e-05 5.22818e-05 0.00634758 0.0268247 0.00182551 0.0190712 0.00769806 0.0313073 4.67105e-06 0.0984494 0.000324369 
0.684394 8.41758e-06 0.00290357 0.00115558 8.28937e-06 0.000112084 0.00115848 0.00455942 0.0223458 0.0339571 0.00899402 0.0467317 0.00332888 7.34701e-05 0.00606758 0.00435666 2.41192e-05 0.0228979 0.0108921 0.00224154 0.0182145 0.0578191 0.0197987 0.00156668 0.0406331 0.00575687 
0.585403 0.00131075 0.000435517 0.00073562 1.94115e-05 0.000543587 0.00152342 0.000553943 0.00150942 0.214285 0.0019218 0.00152556 5.36915e-07 4.61563e-08 0.0354255 0.00513034 7.01193e-05 0.0112181 0.0445581 0.0212619 0.0111053 0.029774 0.0214302 9.10866e-05 0.00998258 0.000184993 
0.692185 1.57273e-05 0.000620256 5.76542e-06 9.31767e-05 0.00272076 0.000174758 0.000158825 0.0217978 0.0293523 2.09044e-05 0.000174369 0.000845363 7.12947e-05 0.0381339 0.00221802 2.2548e-05 0.00187313 0.108715 0.0137613 0.0313057 0.00241154 0.0267749 1.60524e-05 0.0223447 0.0041864 
0.249922 0.000562109 0.0112069 1.10706e-06 0.00143253 9.62734e-05 1.17213e-05 0.000203984 0.123284 0.141392 3.25793e-05 0.0186855 0.00292149 2.12443e-09 0.0248595 0.098162 0.00768639 0.0822612 0.0196756 0.0025875 0.0304567 0.015276 0.149828 5.97403e-06 0.0194403 8.99402e-06 
0.235002 0.000107471 0.152561 0.000228407 7.98807e-07 8.33203e-05 0.0377867 3.91616e-06 0.00188645 0.017831 0.00403749 0.00166921 0.00410969 0.012734 0.0754303 1.48382e-05 4.94347e-05 0.00508428 0.0332667 0.0156827 0.00849342 0.00317219 0.232186 1.78543e-07 0.158366 0.000211817 
0.397332 0.000239557 0.0406836 8.04416e-05 2.11045e-05 0.00275698 4.13802e-06 0.0019814 0.0830407 0.00446384 0.000475054 0.00360581 0.0458863 1.4412e-06 0.0374762 0.00292357 3.98595e-05 0.0249837 0.0127273 0.00386505 0.0940858 0.0193909 0.0170669 7.23675e-05 0.181139 0.0256563 
0.292026 9.9302e-06 0.0194697 2.32763e-05 2.84677e-05 3.48169e-06 0.0024946 0.00168235 0.0239805 0.0109985 6.10694e-05 0.00141 0.253814 0.00694732 0.0161579 0.000661308 3.33022e-05 0.0532118 0.00920911 0.0224155 0.0732455 0.0195183 0.128772 3.36019e-08 0.0636104 0.000216901 
0.345049 2.27129e-10 0.00715962 1.58944e-05 2.17017e-05 3.32658e-05 0.000156607 0.0019185 0.00178781 0.0180151 0.017124 0.000305115 0.000870363 0.00121413 0.125855 7.47743e-05 2.78868e-06 0.0114222 0.0998621 6.98584e-08 0.0135224 0.0325289 0.0633505 2.11712e-10 0.242933 0.0167768 
0.269455 9.09957e-05 0.00794397 1.28985e-10 7.15776e-06 0.000883133 0.011465 1.47338e-07 0.0124763 0.019032 0.00910296 0.00181092 0.0254612 7.29838e-07 0.00152723 0.00129902 1.72168e-06 0.0867564 0.00819387 0.00130852 0.14266 0.185914 0.187261 8.94139e-10 0.0265972 0.000751552 
0.572182 2.28884e-05 0.00101051 1.61424e-05 0.000173654 0.0020167 0.00226386 0.00010416 0.0172249 0.0423716 0.00166237 0.0150158 0.00151735 0.000747367 0.0146116 0.00627069 0.00123574 0.0291638 0.0407562 0.0684524 0.037429 0.0908234 0.0306721 0.0011616 0.0214244 0.0016693 
0.4787 7.10234e-08 0.000956612 5.22266e-11 4.46233e-07 1.72637e-07 5.23844e-06 4.19716e-05 0.00047706 0.094095 0.000857336 0.000247876 0.00048787 0.146576 0.0281219 0.000324542 1.02746e-06 0.000674965 0.0367001 0.000644377 0.0357461 0.01092 0.122109 9.24115e-08 0.0420611 0.000251357 
0.402008 1.04413e-06 0.012709 2.89152e-07 4.80057e-05 0.00712745 7.76543e-06 0.00177888 0.00307391 0.00597343 0.00132311 0.00243279 0.00184371 6.73377e-09 0.11004 0.00706816 7.15235e-07 0.00615147 0.0138384 0.000231137 0.0113219 0.0370285 0.343997 8.57338e-07 0.0319745 1.99134e-05 
0.199905 0.00789847 0.00672936 1.13267e-05 0.003444 0.00125414 2.88044e-05 7.55432e-05 0.0976606 0.0434886 0.0113679 0.0880877 0.00516868 0.000538878 0.130478 0.00849733 0.000116744 0.0386543 0.0855337 0.0244229 0.0862417 0.00741943 0.0931187 4.45196e-05 0.056162 0.00365183 
0.180879 0.00625482 0.0164425 5.69097e-07 1.45905e-06 1.6769e-07 4.9809e-05 0.0109179 0.0668265 0.00827146 0.00794156 0.000237143 0.112241 3.81755e-06 0.136317 0.000361298 6.46664e-05 0.0725058 0.054297 0.0442201 0.0465499 0.0434237 0.116612 3.30888e-05 0.0750005 0.000546754 
0.340081 3.13093e-06 0.227629 3.91546e-06 0.000369258 1.06443e-06 3.13987e-05 1.23477e-06 0.0202304 0.00115521 0.00847116 1.05146e-05 0.00940686 0.0037949 0.132837 3.8257e-06 0.00246699 0.0396327 0.00207773 0.00195958 0.00637136 0.0260014 0.0727342 2.22625e-06 0.104424 0.000299032 
0.553379 7.06526e-09 0.00550904 1.61348e-06 0.000249051 0.000156674 6.85525e-05 0.000165318 0.00153388 0.00170232 0.000253984 0.000519191 1.6201e-05 2.82642e-05 0.149456 0.0002729 0.000840717 0.0223168 0.0586251 0.000291606 0.0646149 0.014368 0.112463 1.50319e-05 0.0129755 0.000177131 
0.746907 0.000116656 0.0653654 5.80762e-06 1.69893e-06 3.46919e-06 4.13429e-06 1.51137e-05 0.00116855 0.0159913 0.000250957 0.00270929 0.0014037 2.38824e-05 0.0179813 0.000906974 2.21602e-05 0.0131015 0.0142678 0.039489 0.00335282 0.00307051 0.0145942 2.03685e-06 0.0587811 0.000464281 
0.280225 1.82939e-06 0.0485774 7.39289e-09 9.09605e-09 0.000790821 4.68435e-07 1.00424e-05 0.0719225 0.0507358 1.11232e-09 0.00410911 0.0134183 7.43061e-07 0.0456807 0.0119916 6.71066e-05 0.159595 0.235429 0.000659257 0.00480341 0.0265621 0.0447737 7.79431e-05 0.000568713 6.70032e-09 
0.885906 1.59498e-07 0.00149644 1.37549e-09 4.20787e-07 2.48414e-09 1.61677e-07 5.05802e-05 0.000299238 0.0395593 8.48798e-08 1.14018e-06 4.91304e-09 6.49721e-06 0.0524501 2.33988e-06 1.29503e-07 1.38379e-06 0.00399305 0.000203961 0.000916211 0.003589 0.00984278 3.11651e-07 0.00158506 9.54272e-05 
0.594908 0.000285631 1.43245e-07 5.37884e-07 6.61801e-07 9.71415e-07 4.65408e-05 3.25932e-07 0.194361 0.000105294 1.0637e-05 0.00113334 2.34931e-07 0.000138334 0.00592647 0.000363542 1.29125e-07 0.00211054 0.0254082 0.038756 0.000318954 0.00119712 0.0334415 5.72843e-07 0.101117 0.000367604 
0.844107 3.57517e-08 4.53617e-06 3.12912e-08 2.83587e-06 7.51531e-06 5.28813e-06 1.8961e-08 1.93064e-05 5.38566e-06 4.70801e-09 1.15619e-06 1.0978e-05 1.30378e-06 4.12815e-09 3.46838e-06 7.65824e-07 0.0116372 2.34426e-06 4.55289e-07 0.00549623 0.135649 0.00300115 3.35992e-07 4.33086e-05 2.83598e-08 
0.345135 4.47976e-05 0.00235439 5.48598e-07 5.99055e-08 0.000139286 4.11208e-08 2.45163e-05 0.00401364 0.0779941 0.000524104 0.000836126 0.00301668 5.73364e-08 0.00755955 0.000440383 3.92055e-05 0.0976649 0.126075 0.00163656 0.0118805 0.210881 0.00127363 0.10646 0.00080483 0.00120032 
0.403238 7.35662e-11 0.00555351 6.43878e-11 1.2397e-08 0.000224799 5.43797e-11 9.82365e-09 3.2181e-07 3.4229e-07 0.00011288 0.000130911 2.81226e-11 7.58238e-11 0.221748 0.00233782 1.30758e-09 0.121658 0.0820026 0.0296621 0.0407256 0.0162772 0.0696502 6.85725e-11 0.00667821 5.83559e-11 
0.206727 0.00031967 0.0085719 1.78858e-07 0.000189835 0.000567852 0.00381086 0.000745013 0.0250219 0.0735638 0.0323512 0.00608279 0.00573464 0.00736066 0.0491638 0.0113122 0.00279119 0.0137575 0.0822548 0.0496969 0.0458047 0.0917019 0.16737 1.47415e-05 0.110913 0.00417188 
0.545882 2.99434e-07 0.000567875 2.62075e-07 3.22451e-07 4.73306e-07 2.2134e-07 1.58805e-07 0.00109552 0.00139372 7.1569e-05 9.35918e-05 5.10832e-05 3.08623e-07 0.0100828 0.00114025 2.6859e-06 0.000528624 0.00668465 1.99138e-06 0.00247329 0.220633 0.0797023 2.79108e-07 0.0801228 0.04947 
0.273111 0.00265898 0.0362928 0.000198978 1.25401e-05 5.5119e-05 0.000768914 0.00929326 0.0235456 0.0386663 0.00258045 0.00928424 0.00133908 9.1411e-07 0.0502666 0.00250102 0.0145176 0.0799733 0.0583672 0.0378096 0.0358963 0.1557 0.114071 7.31874e-06 0.0530412 4.061e-05 
0.362354 5.17392e-05 0.0354024 3.17457e-08 4.10204e-05 8.26287e-05 0.000188136 7.79585e-07 0.016525 0.105877 0.00314743 0.00296362 0.0202888 0.0508265 0.0198955 0.00441867 5.94405e-05 0.00886776 0.0286363 0.00161126 0.0735527 0.00596 0.164845 8.95428e-07 0.0896372 0.00476537 
0.137827 0.00483051 0.0118437 0.00775419 0.00112565 7.24735e-05 0.00013422 0.000527719 0.107616 0.078894 0.000550394 0.0092035 0.0221106 8.40287e-08 0.0833158 0.00441965 0.0148738 0.134025 0.123601 0.00421301 0.00730744 0.0161345 0.0752885 0.0244724 0.129615 0.000243661 
0.372131 0.00563493 0.0114199 7.53675e-06 0.00031649 4.71734e-06 0.00432823 2.0274e-05 0.0117 0.0694858 0.0363007 0.00014346 0.00229281 3.81076e-07 0.0346013 0.0121143 9.97282e-05 0.0925361 0.0685047 0.00322924 0.0716198 0.0878211 0.0601024 1.4505e-05 0.0534313 0.0021391 
0.681577 1.35401e-06 0.00274216 1.18508e-06 0.0244769 0.000194495 0.000157984 0.000940074 3.18458e-05 0.00721113 0.000893101 0.00328147 0.000442762 4.02978e-05 0.103026 2.84768e-05 5.00169e-06 0.0393684 0.0275909 0.00547884 0.0014416 0.00484189 0.0599568 1.2621e-06 0.0356367 0.000632554 
0.520207 1.04853e-08 0.00207477 1.0927e-06 0.00517835 0.00187546 6.44347e-07 0.000273186 0.0360458 0.01167 3.83735e-07 0.000508072 5.98856e-05 2.62529e-05 0.000782304 0.000263556 3.50351e-05 0.109332 0.0367782 0.000422121 0.0861892 0.140662 0.0223875 0.000195512 0.0241903 0.000842624 
0.37175 0.0083177 0.0475951 0.00120594 0.00111888 1.95019e-05 0.000585665 0.000495643 0.0188972 0.0357052 0.00394815 0.00449582 0.000535088 2.67039e-05 0.0111012 0.000772944 0.00179514 0.101694 0.16202 0.0118737 0.0269087 0.0382002 0.0635899 0.0191752 0.067428 0.00074407 
0.405729 2.321e-06 0.00388029 4.92782e-05 0.000130743 0.000138483 0.000108604 3.96149e-07 0.0167134 0.0117981 0.00929972 0.000708254 0.00138388 0.000315016 0.00750816 0.0101874 1.60073e-05 0.0484047 0.0050801 0.0312465 0.0656779 0.281736 0.0445532 3.40881e-07 0.0399583 0.0153739 
0.348482 2.41314e-07 0.0109296 1.79906e-09 5.96698e-06 7.23874e-06 1.57209e-07 8.02161e-05 0.00517965 0.0161352 0.000426343 0.0220714 0.00241833 2.33229e-06 0.0361647 0.00235484 0.00131573 0.102853 0.0772816 0.0219596 0.0694417 0.0114176 0.242683 6.64963e-08 0.0287098 8.01131e-05 
0.55274 9.22976e-05 0.052329 1.83558e-08 7.35891e-07 0.0169618 9.23301e-07 7.40991e-07 0.00103939 9.39289e-07 0.0032511 4.89942e-07 1.18833e-05 2.1616e-08 2.23473e-05 0.000256351 9.2637e-05 3.39569e-05 0.00154639 1.9159e-05 0.00554096 0.0874343 0.00951163 1.90203e-07 0.26555 0.00356241 
0.203352 0.000842638 0.0238403 4.74257e-06 0.000181433 6.08114e-06 0.00474607 0.000142547 0.0994476 0.0293756 0.00279986 0.00072569 0.0267973 1.56331e-06 0.0521113 0.0242125 9.31122e-05 0.0370641 0.0120234 0.0480497 0.0535047 0.184593 0.154006 7.61147e-06 0.0420471 2.36986e-05 
0.232467 0.000781002 0.00357817 9.63637e-07 0.00202435 2.89022e-05 4.42597e-05 0.000216273 0.0342098 0.152777 0.000405431 0.0117082 0.00133476 7.42401e-06 0.0157033 0.00951189 0.00122327 0.108118 0.165998 0.0265477 0.0292221 0.109519 0.0760738 3.84336e-05 0.0160141 0.00244644 
0.948043 8.04561e-11 0.000425653 5.14123e-07 8.66409e-11 1.27175e-10 5.94727e-11 4.26701e-11 1.41925e-11 7.85616e-12 1.0595e-11 2.66072e-11 3.10639e-09 8.29251e-11 0.0175814 5.96796e-11 1.69046e-11 6.42629e-05 1.07325e-11 1.92506e-11 0.000891945 1.92365e-11 1.13811e-07 7.49947e-11 0.0329935 6.38213e-11 
0.18768 0.0168916 0.15539 4.72217e-06 5.86242e-05 2.96246e-06 0.000101606 1.50388e-06 0.00916625 0.0612248 0.000663491 0.001747 0.000103269 0.0414619 0.0532613 0.000189002 7.34744e-06 0.100838 0.0526668 0.00120906 0.114489 0.0182428 0.127561 3.96316e-06 0.0570345 1.12002e-08 
0.702195 3.14962e-06 0.000421737 7.0941e-07 4.28081e-05 1.44278e-05 1.75211e-05 6.30653e-05 0.00141128 0.000511508 0.00351438 0.00029384 1.24129e-05 8.35409e-07 0.0697412 0.000165902 1.06627e-05 0.00560351 0.0217988 0.0493648 0.0325424 0.0277455 0.038219 3.93663e-06 0.045565 0.000736925 
0.378214 0.00130674 0.0174116 2.38329e-05 0.00459983 0.000790728 0.00382885 0.0069845 0.0558868 0.064203 0.00984091 0.0160498 0.0129731 0.00168592 0.063742 0.0196658 0.0018832 0.0362375 0.0599882 0.0111285 0.038187 0.0561904 0.0807911 2.36756e-05 0.0485702 0.00979293 
0.315706 1.09778e-06 0.000271212 1.42703e-08 2.40654e-05 0.00259046 0.00620499 2.55375e-05 0.0149743 0.0177861 0.00173024 6.96417e-05 6.23285e-09 1.68049e-08 0.000162999 0.000118051 5.02078e-08 0.233028 0.110795 0.00032136 0.0228013 0.0810579 0.0460118 1.51978e-08 0.0802732 0.066047 
0.450011 0.000137023 0.0140044 1.52217e-09 0.000165203 2.74903e-09 6.78085e-05 5.10353e-06 0.000211188 0.254416 7.72826e-05 1.18813e-05 0.0165777 1.031e-06 0.123468 4.28177e-07 1.49073e-05 0.0152833 0.00500868 0.0098091 0.00968335 0.00129883 0.0446266 1.6211e-09 0.0528443 0.00227688 
0.835325 1.35945e-06 4.88034e-06 1.22366e-07 2.93896e-05 1.46317e-08 4.05374e-06 2.10698e-06 0.000287372 0.0926645 6.58723e-07 2.08826e-06 0.000141435 5.82282e-07 3.00849e-05 3.34006e-06 2.11535e-07 0.0667048 2.82768e-05 3.06943e-05 0.00220138 9.98956e-05 0.00234952 8.62829e-09 8.75699e-05 9.68595e-07 
0.668987 0.000205979 0.00390781 1.66099e-07 0.000297222 0.000618108 0.00050537 2.41097e-05 0.0242728 0.0047025 0.00141413 1.7067e-05 0.0128363 3.40792e-06 0.0363143 0.00367845 5.67957e-06 0.0357202 0.0156173 0.00393446 0.0165554 0.0352127 0.0911905 6.4651e-07 0.0373728 0.00660585 
0.272675 0.0088911 0.0152323 2.09786e-10 0.000341668 3.78872e-10 2.55154e-06 1.2712e-10 0.0801288 0.020015 6.0003e-08 4.43972e-07 0.0356825 2.47046e-10 0.137085 1.77794e-10 5.03613e-11 0.0816369 0.0111436 4.70331e-07 0.0881298 0.005985 0.215142 2.23421e-10 0.0279032 4.24015e-06 
0.434373 0.000147994 0.000543589 4.84106e-07 3.95382e-05 2.62774e-07 0.000842322 0.000533917 0.0693572 0.147092 0.00191876 0.0201902 0.00223711 4.941e-05 0.0351204 0.0167793 0.0093031 0.0308323 0.0188773 0.00329583 0.0656124 0.0464103 0.0479148 1.69664e-05 0.0480691 0.000442406 
0.303993 1.42937e-08 0.216195 1.25104e-08 0.000627061 0.00121812 8.65374e-05 0.00605466 0.0137802 0.0140172 3.45959e-05 0.00317564 0.00278656 0.000294592 0.275377 8.37719e-06 3.26768e-06 0.0133995 0.0834144 0.00236885 0.00570995 0.00385037 0.0165604 5.73081e-05 0.0369825 4.82879e-06 
0.825907 1.76206e-06 0.000317294 3.36578e-09 1.11136e-06 6.07858e-09 0.000569918 8.59312e-08 9.87647e-06 0.000181769 1.87979e-07 7.18229e-06 1.90624e-06 3.96358e-09 4.44037e-10 0.00788071 6.49095e-08 0.0308952 1.85986e-07 0.000319434 0.0201865 0.10912 0.0045536 3.58453e-09 4.65017e-05 1.61743e-07 
0.328865 1.63308e-07 0.0180898 1.42933e-07 1.75862e-07 6.02016e-06 1.64375e-06 5.90949e-07 0.0925689 0.000209785 7.83969e-05 0.0600893 6.24287e-08 0.0304127 0.102884 1.92378e-06 1.84364e-06 0.00102486 0.204264 0.00886259 0.0120529 0.0202403 0.0474653 2.15329e-05 0.0728587 1.29543e-07 
0.703564 1.85751e-06 0.000114793 1.62575e-06 5.47363e-05 5.50097e-05 4.61998e-06 4.98085e-06 1.45953e-05 6.88243e-05 0.00628901 8.60371e-06 9.14331e-05 1.91451e-06 0.0255138 2.54072e-05 3.90279e-07 0.0944623 1.6581e-05 4.44443e-07 0.0478737 0.000794939 0.0523911 1.73142e-06 0.0686417 1.47345e-06 
0.344955 0.00101196 0.00010489 1.58347e-06 3.5949e-06 3.44366e-07 0.000430252 3.42403e-06 0.00297357 0.0817566 0.000105479 0.00134605 0.0145657 3.76751e-05 0.013243 0.00746989 3.05347e-05 0.337405 0.02646 7.3313e-05 0.0642639 0.000657735 0.0960472 9.14062e-07 0.00533028 0.00172149 
0.745456 5.73076e-06 9.86818e-07 3.13247e-08 2.46028e-06 0.0695192 4.27858e-06 5.01873e-05 0.00572257 0.000666669 4.42868e-05 0.000115822 1.32809e-06 3.68883e-08 0.00248253 3.94951e-05 3.42558e-07 0.0499481 0.0309073 0.00229161 0.0686171 0.0171099 0.00170223 0.000599135 0.00471297 2.83902e-08 
0.39201 0.000256257 0.00952623 5.19851e-07 0.0051841 0.000101324 1.10641e-05 0.000168318 0.0356492 0.00141556 0.0824148 4.05618e-06 0.000689374 4.14211e-06 0.0712623 1.01954e-05 6.06554e-07 0.000354777 0.0557237 0.059722 2.11112e-05 0.0225575 0.0143192 5.53637e-07 0.0756151 0.172978 
0.450028 2.69076e-05 0.0962777 0.0457761 3.54981e-05 0.000568611 0.00994669 5.84925e-05 0.00380881 0.0113249 0.00608057 0.00104552 0.0115754 0.0118974 0.0389336 0.00512081 0.013617 0.00590639 0.0174073 0.00894881 0.00880449 0.00705249 0.126537 8.29266e-06 0.119148 6.48642e-05 
0.409849 5.41477e-05 0.00919067 2.80164e-08 0.035733 0.00914272 0.00158676 0.00030253 0.00131555 0.0284228 0.0236789 5.53717e-05 0.00050967 0.00070107 0.00501709 0.00152132 1.67042e-06 0.0132931 0.0329693 0.00270579 0.0467738 0.10885 0.0516131 1.47876e-06 0.202134 0.0145769 
0.238876 0.00284894 0.00931887 0.000112928 0.000221458 0.000277338 0.00239371 0.00345608 0.00843487 0.0489824 0.00512908 0.011329 0.00312555 0.00122412 0.107856 0.00511946 0.0036704 0.0963369 0.103776 0.0494453 0.021958 0.0616547 0.170075 1.5341e-05 0.0440524 0.000310298 
0.582146 0.00342055 0.0160449 0.0068416 0.00169572 0.000539641 0.00319283 0.000714108 0.00729596 0.0288317 0.000281493 0.00256221 0.00875627 0.00480392 0.0173253 0.000536296 3.07236e-05 0.122918 0.015618 0.00172263 0.0265531 0.0399027 0.0417185 0.000289496 0.0660888 0.000169985 
0.301967 0.00320763 0.00345084 2.82792e-06 2.16173e-06 0.00297561 5.57785e-06 3.75957e-05 0.0145518 0.0543939 0.00475169 0.000635476 0.00198035 3.51528e-07 0.0845184 0.0554521 7.62137e-06 0.141556 0.00888244 0.00273753 0.0126601 0.0313096 0.173612 9.32552e-06 0.100404 0.000888093 
0.756251 6.46322e-05 0.00869511 1.86746e-07 0.000138603 3.84047e-06 1.86965e-05 0.000980482 0.000776109 0.00425957 6.04571e-05 1.46517e-05 0.000228449 0.0149684 0.0173558 2.42294e-05 1.26769e-11 0.00471423 0.0008663 5.9809e-05 0.00674191 0.000258085 0.0239032 5.62394e-11 0.150158 0.00945833 
0.405301 3.49687e-07 0.00762973 0.000353591 4.10643e-06 1.18333e-07 0.000788023 0.0012519 0.0107813 0.00159773 0.0132246 0.00182942 5.56316e-07 0.00117086 0.148865 8.69757e-07 5.08188e-06 0.000254362 0.0147554 1.74845e-07 0.011462 0.000933068 0.0698045 3.57398e-10 0.307838 0.00214871 
0.525568 9.29397e-07 8.06428e-05 8.13441e-07 6.63106e-05 1.46907e-06 6.87004e-07 4.92907e-07 0.226653 0.00140988 7.57745e-05 0.000860243 0.00395522 0.180396 0.00640719 0.00273664 6.5482e-06 0.000970843 0.0269215 0.000118104 0.000157807 0.000535703 5.1555e-08 8.66309e-07 0.0228543 0.000220602 
0.309866 0.000235185 0.0073921 7.93111e-07 0.000127348 5.6186e-06 0.000357095 0.00344323 0.0303413 0.015474 0.00143105 0.000626823 0.00958957 0.0619384 0.027556 0.00188875 7.6746e-07 0.0173857 0.00573289 0.00277669 0.16497 0.000759713 0.155656 1.37655e-05 0.15131 0.0311209 
0.51351 0.000941096 0.000517512 7.08635e-11 0.000130433 5.21727e-05 0.00152322 3.56276e-05 0.00114258 0.119033 0.00977465 0.0107007 3.45415e-09 1.26626e-07 0.0247719 0.00840561 8.84359e-08 0.00867835 0.0929012 0.00775667 0.00431421 0.0311853 0.109229 1.92267e-08 0.00842946 0.0469671 
0.29356 0.000121523 0.0125103 4.13349e-06 3.60061e-05 9.21807e-07 0.000211887 0.00115513 0.0885868 0.0744464 0.00224754 0.00203354 0.0260011 2.1727e-06 0.164736 0.00345612 0.000254347 0.0715526 0.031122 0.0202072 0.0145222 0.0112906 0.0880892 3.80801e-05 0.0928835 0.000931503 
0.258216 7.16864e-07 0.000170318 2.23138e-10 4.39743e-07 4.02986e-10 1.88455e-10 5.91629e-08 0.000171672 0.227297 0.000601578 0.00375969 0.00709136 9.34437e-06 0.168057 4.89998e-05 0.00347796 0.0032689 0.0113089 0.00132294 0.0972923 0.00712607 0.206422 2.72338e-07 0.00429107 6.58011e-05 
0.386998 9.84977e-11 0.00532622 2.46694e-06 1.60278e-07 2.70906e-06 7.28089e-11 5.22384e-11 0.00371184 0.0256099 8.89667e-08 2.18681e-07 0.0178348 8.42132e-06 0.179726 3.40664e-05 2.06458e-07 0.162883 0.00219897 0.00125652 0.0254684 0.00593458 0.0792942 1.29529e-05 0.103696 1.95227e-07 
0.403238 7.35662e-11 0.00555351 6.43878e-11 1.2397e-08 0.000224799 5.43797e-11 9.82365e-09 3.2181e-07 3.4229e-07 0.00011288 0.000130911 2.81226e-11 7.58238e-11 0.221748 0.00233782 1.30758e-09 0.121658 0.0820026 0.0296621 0.0407256 0.0162772 0.0696502 6.85725e-11 0.00667821 5.83559e-11 
0.494485 2.23987e-09 0.00480956 0.00462981 0.000414867 5.57281e-07 1.6557e-09 0.000373366 0.00481902 0.000601425 0.00620957 0.00126691 0.00148909 4.13898e-06 0.0477785 0.000123672 4.70617e-10 0.0358161 0.035028 0.000265934 0.0269344 0.00849481 0.207004 1.50074e-08 0.118504 0.000947362 
0.310189 4.80137e-12 0.0885999 9.08099e-05 0.00733202 1.00187e-07 0.00292586 0.000976588 0.00629231 0.0145292 2.0107e-08 1.27042e-08 0.0179531 4.94872e-12 0.172298 6.90965e-08 0.0225644 0.0058965 2.56298e-05 0.00538968 0.0309015 0.0430251 0.177257 2.1214e-07 0.0937516 2.52899e-07 
0.959953 8.94853e-06 0.000896705 1.35813e-07 1.67101e-07 1.00007e-05 4.56056e-06 4.25385e-05 0.00912736 0.00172643 5.9786e-07 1.95456e-06 0.000298781 1.59935e-07 8.2173e-07 0.000655178 1.18423e-06 0.00844253 0.000552346 1.11703e-06 0.00700468 1.56974e-05 0.00103582 1.15225e-05 0.0102074 1.2309e-07 
0.670595 5.73882e-06 0.00496846 0.000476039 2.32468e-05 1.14647e-05 1.30137e-06 8.30963e-06 0.00109411 0.000570464 4.30612e-05 0.000368672 0.000209563 1.9554e-05 0.00443508 1.07534e-05 0.191699 0.0217964 0.00184285 0.000524152 0.0189047 0.0568713 0.00029202 0.000170699 0.0250487 1.01042e-05 
0.221998 7.76747e-05 0.000746605 1.18671e-08 0.000143341 2.7984e-07 0.00031027 0.000130182 0.0015257 0.108699 3.82029e-05 0.00441323 0.0121527 7.10364e-10 0.0482365 0.000550808 0.0109499 0.0953573 0.110747 0.211378 0.0284272 0.0228848 0.118814 6.33506e-05 0.00207203 0.000283643 
0.474496 5.76205e-05 0.000828231 2.29977e-08 4.26707e-06 2.16658e-06 1.93162e-06 0.00391049 0.00225037 0.0196111 5.00018e-05 0.00252936 0.00308552 3.66548e-08 0.314461 0.0151938 0.00856233 0.0811683 0.0226257 0.000468699 0.00638976 0.016907 0.0195139 1.47318e-06 0.00786909 1.23834e-05 
0.369552 5.78788e-05 0.00107592 0.00513429 0.00106803 0.00503684 6.18807e-05 0.000193945 0.00114025 0.0639139 0.0123106 0.00733929 0.000318148 0.00990801 0.0285096 0.00330203 0.0107166 0.113885 0.16257 0.0365214 0.0330296 0.0614936 0.0459736 0.0173879 0.00758728 0.00191268 
0.735829 0.0016284 0.163931 6.89305e-07 0.00030567 1.24488e-06 5.82163e-07 0.00565636 0.0142761 0.000545962 1.03711e-07 2.60451e-07 0.00367937 7.37489e-05 9.09378e-08 0.00315007 1.65475e-07 0.000567205 5.90689e-05 0.00489651 0.0277395 1.88301e-07 0.0247843 7.34105e-07 0.012873 6.24731e-07 
0.619826 8.24748e-08 0.0121734 6.80267e-05 2.64197e-07 5.48988e-05 0.00389896 0.000319281 0.0269417 0.00402264 0.000800123 0.00141792 0.00104297 0.00156369 0.025012 0.00151983 9.42666e-05 0.0205536 0.00211544 1.06918e-06 0.0452668 0.00160716 0.0247118 8.43647e-05 0.20629 0.000613495 
0.469591 0.00014192 0.000202599 5.92729e-08 3.56181e-05 0.00151547 0.00792091 5.06287e-06 0.0093285 0.0519332 4.93049e-05 0.000513103 5.38546e-05 2.06329e-06 0.00341413 0.00710219 0.00219964 0.101768 0.0316703 0.00809706 0.00970274 0.266257 0.0070135 1.32078e-05 0.021344 0.00012641 
0.411608 0.00318082 0.00308413 0.000519306 4.00594e-05 0.201288 0.000870815 0.000158356 0.0193954 0.0199704 0.00557739 0.00164533 0.0107002 0.00332433 0.0448844 0.0171682 0.000444437 0.0231597 0.0186242 0.00808059 0.0477571 0.0589291 0.0744901 8.17473e-06 0.0242884 0.000803345 
0.240968 2.29935e-06 0.0181627 2.01422e-06 0.00278183 0.000137089 0.00014174 0.00105515 0.00471727 0.179594 0.0329713 0.01319 0.00365936 8.05211e-08 0.216253 5.82039e-06 7.54167e-05 0.00319515 0.0688839 0.00371373 0.0514567 0.00407711 0.0952915 2.0772e-05 0.0590507 0.000594024 
0.4229 0.00491213 0.0034671 4.73829e-08 0.00036096 4.5867e-08 4.78096e-05 0.0337821 0.000461236 0.0217145 0.00852823 0.00106557 0.000757026 3.40221e-11 0.219951 0.000956145 0.000105473 0.0328873 0.0581575 0.00201469 0.037806 0.0834242 0.0116156 5.57278e-05 0.0168601 0.0381688 
0.963846 7.75117e-05 0.00213464 1.28523e-09 1.58132e-09 6.11901e-05 1.01219e-05 8.40578e-05 0.00780822 0.000455005 1.70419e-06 7.31079e-06 0.000823032 1.5135e-09 5.62669e-06 7.98653e-06 4.21871e-06 0.00220239 0.0015936 4.06427e-06 0.0173147 0.000667801 0.00264502 1.36876e-09 0.000245683 1.16483e-09 
0.281581 7.7033e-05 0.0354144 2.45457e-06 0.00174189 0.00190742 0.000669993 0.00011498 0.0225623 0.277091 0.00478053 0.00692037 0.0294138 0.0044766 0.0597825 0.00104312 0.00642642 0.0390763 0.0379901 0.0117567 0.0174563 0.0150972 0.114069 7.50627e-06 0.024917 0.00562395 
0.706683 8.75512e-05 0.00643657 1.33691e-07 0.0563028 0.000731897 0.00107819 0.000915458 0.0373083 0.0057794 2.01149e-08 0.00166706 0.00531087 1.57436e-07 0.0474032 1.13304e-07 3.20939e-08 0.0290176 0.00187398 9.60771e-05 0.0011843 0.0124393 0.00289401 8.7896e-05 0.0802085 0.00249358 
0.563154 3.62428e-05 7.22738e-05 0.000102788 2.31893e-06 1.09709e-06 5.13049e-07 3.68099e-07 0.335621 0.0142248 4.31923e-06 0.00318685 0.000432644 0.000173689 0.000115612 0.00307217 0.000352491 1.28199e-07 0.00356146 1.66068e-07 0.015021 0.0240557 0.000305115 0.000116622 0.0363853 5.50563e-07 
0.668363 4.52138e-05 1.37863e-05 7.55821e-07 4.11239e-07 1.55998e-06 0.0487018 6.87161e-06 0.0564328 0.00353796 0.000104624 0.0107887 0.000346978 3.25135e-05 0.00224871 1.52896e-05 0.00373269 0.0793043 0.0657549 0.00431111 0.00329178 0.0432664 0.000478348 4.82798e-05 0.00914275 2.86189e-05 
0.203807 3.73551e-05 0.000428269 9.43077e-08 0.000634301 7.30813e-05 0.000356144 4.24431e-05 0.000707972 0.0691404 0.0131124 0.00908148 0.00105914 1.15842e-07 0.0873055 0.0237709 2.8238e-07 0.0326797 0.0239044 0.0438662 0.0653483 0.190676 0.127203 1.48157e-08 0.00238384 0.104381 
0.362767 7.84751e-06 2.66427e-05 1.62914e-06 1.46357e-05 1.27867e-09 0.0260396 1.05115e-05 4.72613e-05 6.70382e-05 4.95357e-06 9.06916e-06 3.81912e-05 8.33763e-10 0.00436741 0.0279564 1.69966e-10 0.362447 0.215982 1.56006e-05 6.58708e-05 9.7868e-06 4.56942e-05 7.54028e-10 4.73063e-05 2.81706e-05 
0.400045 0.000256712 0.00179937 1.64294e-06 0.0103352 0.000645018 0.000259622 0.0470591 0.0222318 0.0762291 0.000185946 0.0221198 0.00481794 2.22451e-06 0.0293937 0.00239293 1.05311e-05 0.0397888 0.0445169 0.0105675 0.00532739 0.00673556 0.195844 2.63967e-07 0.0794281 6.38748e-06 
0.52659 2.09899e-07 0.00384984 5.42147e-05 2.26035e-07 3.31782e-07 2.98452e-05 0.00197505 0.0126049 0.000340203 2.69879e-07 0.000929523 0.00309088 2.16341e-07 0.00704854 5.78317e-06 3.02551e-06 0.356041 0.00128075 2.98247e-05 0.0557207 0.0211823 8.71372e-05 1.95651e-07 0.00913205 2.74564e-06 
0.687327 2.67427e-06 1.38055e-09 5.18394e-09 3.33868e-07 0.000678438 8.69828e-06 5.83361e-06 0.0053503 0.000117739 7.79965e-10 2.40888e-07 9.0354e-07 6.10467e-09 0.00598844 7.99316e-07 1.58225e-07 0.120648 0.0208997 0.000355733 0.107137 0.0476331 0.00116004 0.00175729 0.000926871 4.69831e-09 
0.517766 0.00164127 1.31111e-05 1.17097e-06 3.16136e-06 0.000135766 7.4246e-05 0.000363563 0.0192901 0.0325005 5.73869e-05 0.000533411 0.000795021 0.00541395 0.0258747 0.00267887 3.86742e-06 0.00912677 0.277539 0.00831087 0.00648549 0.00120402 0.0834967 1.88847e-07 0.00668508 5.51194e-06 
0.235465 0.00501621 0.000535541 1.85023e-07 0.00141992 0.000805615 8.79266e-05 0.00139019 0.00427174 0.142722 0.00788503 0.0431772 1.65898e-05 0.000204459 0.128642 0.0181509 0.000375891 0.059275 0.0618741 0.0261607 0.0134325 0.0786735 0.0756021 1.35111e-06 0.0193053 0.0755097 
0.807702 0.000645835 0.00293379 0.000210007 1.21075e-05 0.00459375 0.000685496 0.000664554 0.00137403 0.0461503 0.00105674 0.000402478 0.0041751 0.000378473 0.0110173 0.00712609 2.0094e-05 0.00911082 0.0131505 0.00671825 0.015172 0.0161995 0.0151032 2.7716e-05 0.0316663 0.00370339 
0.874524 4.22376e-08 0.000176448 1.15747e-10 1.11878e-07 2.09038e-10 4.28933e-08 0.000104904 0.000625733 0.0830363 2.25923e-08 3.03893e-07 1.20026e-09 2.1886e-06 0.0086837 6.23629e-07 3.44668e-08 3.68884e-07 0.00553868 0.00042632 0.00191987 0.00752857 0.0139092 8.28228e-08 0.00332529 0.000197616 
0.424671 0.00177597 0.017967 6.32937e-09 2.97985e-06 4.56998e-05 0.000414285 0.0010639 0.000308776 0.00790069 6.79588e-05 4.48136e-05 2.71191e-06 2.05207e-05 0.0165836 0.00304899 5.03152e-05 0.0023078 0.0188303 0.0262019 0.036883 0.086602 0.264888 2.17285e-07 0.0351177 0.055199 
0.508174 0.00176656 0.0195834 1.61261e-05 7.89518e-06 6.16295e-06 0.00096662 0.00019971 0.0239649 0.0674044 0.0116574 0.00781489 0.0218377 0.00584994 0.0155322 0.0305401 0.000238124 0.0591894 0.0152491 0.00184863 0.0238498 0.030936 0.0879711 1.05771e-06 0.0643616 0.00103378 
0.267794 0.00212145 0.0291502 4.45855e-08 0.000233828 0.000346022 0.0119058 0.000289322 0.0376178 0.0760446 0.000179875 0.00615239 0.0876176 0.000191161 0.0142145 0.0548458 0.000141008 0.116479 0.0633097 0.00709348 0.0374738 0.0102901 0.139559 3.64648e-07 0.0367021 0.00024789 
0.467741 9.58174e-05 0.00111104 1.03944e-08 0.00121929 0.000725302 0.00523484 0.000184878 0.0014329 0.0347974 0.020031 0.00237583 0.000296178 0.0263891 0.0430186 0.0321296 0.00249318 0.00626859 0.12071 0.022406 0.0121453 0.0670241 0.0855023 2.24904e-06 0.0465927 7.25077e-05 
0.557112 1.79445e-06 0.00154419 0.0499506 6.65479e-05 0.00131944 0.00159537 0.000137757 0.0310424 0.0158497 5.18927e-05 0.001636 0.00540436 5.16821e-07 0.0112163 0.000751194 2.31148e-06 0.00426003 0.00397903 0.000668339 0.0116115 0.00600269 0.26848 2.49638e-06 0.0262589 0.0010539 
0.999196 3.91494e-08 1.37634e-05 3.42649e-08 4.21588e-08 6.18823e-08 2.8939e-08 2.07629e-08 8.89815e-06 3.82275e-09 5.15543e-09 1.29469e-08 1.49659e-08 4.03508e-08 4.52047e-09 3.10336e-05 8.22565e-09 3.11161e-05 5.22235e-09 9.36723e-09 9.57781e-07 0.000704479 1.30955e-05 3.64919e-08 2.41987e-09 3.1055e-08 
0.375023 0.0021344 2.1223e-07 1.33685e-08 3.72411e-07 2.64101e-05 0.000384262 6.93877e-05 0.063953 0.0359343 3.60498e-06 0.219214 0.00064534 0.0031384 0.00444497 0.000294077 0.000984134 0.00981279 0.207055 0.0045743 0.0110068 0.0265904 9.52279e-05 1.04104e-07 0.000919522 0.0336959 
0.379807 1.12621e-09 2.61691e-06 9.85701e-10 1.21278e-09 3.55147e-06 8.32489e-10 5.97289e-10 5.43297e-06 0.026697 2.25282e-05 7.33875e-05 4.68818e-07 1.16077e-09 0.186503 0.000449166 2.36628e-10 0.0184148 0.145553 0.0429655 0.0155992 0.00305701 0.171599 1.04976e-09 0.00861211 0.00063502 
0.683263 0.000536217 0.00960513 0.0115028 0.000965044 1.1788e-08 0.000450436 0.000265731 0.0133486 1.054e-05 9.61433e-05 8.07906e-05 0.000111184 7.68648e-09 0.0445352 1.35397e-06 1.56692e-09 0.0455539 2.28686e-07 0.00803636 0.161127 0.00306474 0.000468569 5.22874e-08 0.0169773 1.46741e-07 
0.822919 3.11264e-06 0.00827305 2.7243e-06 0.000110056 0.000347149 2.30085e-06 0.000619867 0.000336877 0.000899151 0.00035996 0.0042578 4.16106e-05 3.20816e-06 0.0134369 0.0164494 1.10635e-05 0.0668612 0.000219524 0.00329963 0.0144298 0.000176106 0.0349073 2.90136e-06 0.0113839 0.00064656 
0.525415 8.37219e-06 0.00300771 3.39741e-08 0.000111283 4.85129e-06 2.8571e-06 0.00622042 0.0011857 0.00766396 0.000920692 4.5247e-06 4.612e-08 3.72358e-05 0.0790094 0.000845637 1.00127e-06 0.0190739 0.000886999 0.000123319 0.0409977 0.00260073 0.00596258 4.07367e-07 0.296133 0.00978202 
0.835503 0.000248255 0.00626269 0.000128998 7.42412e-05 0.00273078 0.00163242 0.000628425 0.0146922 0.0116404 0.00749845 0.000608166 0.00307109 0.000504438 0.000910671 0.00166115 0.000152823 0.0102043 0.00552023 0.00811372 0.0133868 0.0300884 0.0265739 2.81135e-05 0.0180516 8.49711e-05 
0.199613 0.00158761 0.0231541 0.000376648 0.00274921 1.63496e-07 0.00419153 0.00401284 0.0542771 0.139103 0.00762114 0.00555425 0.0202324 1.63646e-07 0.010932 0.00476456 1.6387e-07 0.0749904 0.0271078 0.0132075 0.0690571 0.00829159 0.166912 1.63673e-07 0.155076 0.00718707 
0.344496 4.43811e-07 0.0314647 1.93783e-10 0.00340299 4.76616e-05 4.23114e-05 8.33153e-06 0.00206828 0.0210584 4.61285e-07 0.00211708 0.00894459 2.28201e-10 0.173381 0.000233687 6.68964e-08 0.0689136 0.0339624 0.00733999 0.0551177 0.00904485 0.182231 1.26038e-06 0.0538392 0.00228378 
0.84707 1.43085e-07 0.000147707 8.16177e-07 0.000564556 0.000182445 0.000117936 7.10106e-07 0.0126747 0.0443923 0.0002475 9.55555e-05 0.00181273 7.96787e-07 0.00171116 2.25093e-05 1.87359e-06 0.067365 0.000204874 0.000343387 0.00611857 0.0134835 0.00196511 3.4222e-06 0.00135631 0.000116661 
