0.00459775 1.66948e-07 0.00660242 1.72537e-05 2.79536e-05 2.13469e-05 1.10548e-05 0.708161 0.00135031 0.00418018 0.0452515 0.0052399 0.000333228 0.040779 0.0092018 0.000392488 1.52662e-06 0.000976795 0.0120047 0.00639166 0.00566644 0.00211378 0.0173138 7.59796e-06 0.129273 8.27318e-05 
0.00220391 1.99087e-08 0.0356442 7.41401e-07 3.26836e-05 0.000293827 0.0010091 0.0633952 0.015969 0.110069 0.000446245 0.000699955 0.161202 0.135211 0.0182471 0.00346521 0.000352324 0.0250895 0.00222861 0.0866684 0.103735 0.0171586 0.166251 6.96714e-05 0.0491531 0.00140511 
0.00198375 1.61096e-06 0.00144601 8.00495e-06 3.30166e-06 0.000142025 4.6763e-05 1.69762e-05 0.0341814 0.00219943 0.000232423 0.000641569 0.000628984 0.000328897 0.0385059 6.14419e-05 7.97433e-05 0.0161438 0.374939 0.00255554 0.00466497 0.180989 0.214337 1.00602e-05 0.125847 5.15318e-06 
0.0260211 2.05833e-08 0.00177025 7.58352e-05 3.86031e-07 3.35275e-05 0.000233693 0.000179756 0.00534108 0.0221074 0.000106962 0.00198226 3.84351e-06 0.00100083 0.158592 0.000163873 5.50558e-05 0.00331533 0.342029 0.16528 0.0276026 0.0183578 0.216483 2.06552e-05 0.00921426 2.90341e-05 
0.00151343 3.992e-07 0.00269999 9.35704e-06 2.51774e-06 1.30544e-05 1.04966e-06 8.4842e-05 0.0454514 0.0277171 0.0359211 0.000303988 0.000517266 5.53896e-07 0.073561 0.000401081 0.00392956 0.0296679 0.46823 0.000623107 0.00420777 0.150574 0.142436 7.86012e-07 0.0121323 1.20739e-06 
0.00252821 6.77451e-08 0.0336586 1.90503e-05 9.35901e-08 1.69577e-06 0.000638607 0.000363996 0.0883608 0.261138 0.00307396 0.0397003 0.000223328 4.73593e-07 0.0403145 0.0402454 8.8644e-05 0.0389871 0.133095 0.00994099 0.00384363 0.0433507 0.043441 8.16594e-05 0.216903 2.00055e-07 
0.0211105 5.08438e-09 0.0104746 2.82542e-07 0.0382258 1.57475e-06 3.29101e-05 5.26015e-05 0.130105 0.00261411 0.000141135 0.00110002 1.62154e-06 2.43813e-06 0.359835 7.59727e-06 4.29174e-06 0.00192816 0.0333746 5.86089e-06 0.0100193 0.000600021 0.113485 3.07653e-07 0.276203 0.000674513 
0.00875608 8.27156e-09 0.000961711 1.95066e-05 3.01512e-05 1.93556e-05 8.17084e-05 0.000117759 0.00140741 0.0110441 0.00426955 0.00955027 0.000129482 5.71934e-06 0.523001 0.000305973 7.5478e-06 0.0400587 0.156201 0.00110036 0.0106169 0.0544132 0.173539 1.66085e-06 0.00435607 6.44146e-06 
0.0135824 2.46585e-05 0.0854682 0.00470974 0.00349271 0.00696308 0.00230407 0.00278842 0.0180776 0.0795565 0.0224156 0.0130548 0.00617986 0.000873402 0.00513298 0.00115844 0.0307362 0.0358686 0.0226404 0.0120171 0.00478824 0.00163112 0.133371 0.000128058 0.489568 0.00346902 
0.00671914 5.99978e-08 0.119077 2.96024e-07 8.10793e-06 1.69576e-05 1.04701e-06 0.00561181 0.447442 0.0367078 0.00575052 0.000173027 0.00124462 0.00599986 0.00882134 2.10768e-05 1.31908e-07 0.0236441 0.0131452 2.39265e-06 0.00886568 9.07145e-05 0.0652782 7.87211e-07 0.251049 0.000328307 
0.00315683 9.90276e-08 0.00527104 1.00686e-05 1.631e-05 1.24579e-05 1.2566e-05 0.720667 0.000923693 0.00341806 0.088344 0.00389848 0.000194395 0.0237883 0.00700664 0.000228969 8.92248e-07 0.000805645 0.0070028 0.0037285 0.00330545 0.00148599 0.0104539 4.43722e-06 0.116157 0.00010575 
0.000774088 1.24237e-10 0.0215357 4.95971e-08 4.98523e-05 1.20886e-07 0.00223207 3.91295e-05 0.0227319 0.0519566 0.0278102 0.00262238 0.731994 0.000606104 0.00682849 0.0065888 2.03397e-05 0.0137783 0.0139222 0.0347831 0.00104571 0.00227872 0.0229517 6.16023e-06 0.0354201 2.41052e-05 
0.0351433 2.45597e-10 0.0174138 2.03854e-08 0.00188273 2.57223e-07 5.01505e-05 7.9428e-05 0.216741 0.00434283 0.000230535 0.00182018 2.2472e-07 3.37678e-07 0.115224 1.07519e-05 6.3686e-06 0.00319579 0.00823795 7.61288e-06 0.0166649 0.000990766 0.189087 4.98863e-08 0.387761 0.00110931 
0.0120774 3.42098e-09 0.00375605 1.75187e-05 1.61526e-05 2.07742e-05 7.21044e-05 0.00479048 0.00421345 0.0197995 0.0937465 0.00516686 3.64016e-06 3.41415e-07 0.0811909 0.0116299 0.000254604 0.00455054 0.362047 0.25313 0.00222013 0.0671689 0.0417098 3.31604e-06 0.0323942 1.9463e-05 
0.0114598 6.53039e-08 0.0321388 6.62943e-05 0.000224056 2.10362e-05 5.37488e-07 0.000156445 0.053056 0.0971086 0.00383277 0.00180959 0.0036736 0.000689786 0.156883 0.000464963 4.40408e-06 0.168567 0.0386967 0.0101666 0.268253 0.016675 0.100175 1.25486e-06 0.0356994 0.00017617 
0.0342502 9.14415e-05 0.00158533 0.000329378 0.00240864 0.000263558 0.000999918 0.000285153 0.01009 0.188146 0.00922895 0.0318625 0.00161908 0.0115011 0.0118333 0.00458858 0.0873402 0.246842 0.126153 0.0289654 0.0293947 0.0179253 0.129428 0.00374209 0.0203969 0.000729643 
0.00771328 2.22658e-08 0.000928042 8.01697e-05 0.000199717 0.000135293 0.00906015 9.26208e-05 0.00351787 0.0130396 0.00736857 0.247531 0.0104162 0.54114 0.00177561 0.000313771 3.412e-05 0.0137834 0.0076306 0.000539829 0.0080813 0.000785772 0.0223168 2.6846e-06 0.102502 0.00101186 
0.00385969 4.56756e-07 0.000309067 2.27687e-05 2.70623e-05 8.46327e-06 3.23123e-05 1.88856e-05 0.000870129 0.084255 0.000853445 0.000322644 0.00015169 0.00056379 0.0167606 0.000257259 1.62684e-05 0.0052566 0.572578 0.00516293 0.0268089 0.00334625 0.277072 2.34956e-05 0.0014033 1.84686e-05 
0.0038019 4.37522e-07 0.0215879 3.05956e-06 0.0351836 6.77164e-06 0.000508522 0.558426 0.00525848 0.0273247 0.073533 0.00267632 0.00254401 0.00719877 0.0166062 0.000241618 1.1223e-05 0.00223004 0.010858 0.00470719 0.0137196 0.00223045 0.0383884 1.12922e-05 0.172651 0.000291477 
1.11865e-06 6.48005e-09 0.00163842 4.99676e-08 1.0425e-06 0.00135448 6.47718e-05 1.22523e-06 0.94699 0.00123868 3.45016e-06 0.00135705 5.35338e-05 2.78098e-05 0.00123589 4.0613e-06 4.71829e-07 0.000726525 3.60242e-06 1.01875e-06 0.00035706 0.000177075 0.00370735 8.48326e-06 0.00470109 0.0363459 
0.00702956 3.63347e-07 0.0346623 7.02444e-06 4.96974e-07 6.75706e-05 0.000177744 7.49755e-05 0.0420636 0.0588658 0.0261384 0.000364718 0.00331177 5.54368e-05 0.0132344 0.000461014 3.04341e-06 3.66384e-05 0.192676 0.00286798 0.0118413 0.0153645 0.024283 5.61579e-05 0.541172 0.0251843 
0.00120616 6.14164e-07 0.000408616 4.50958e-06 3.12361e-06 0.000234315 0.000969916 0.00186414 0.0118729 0.321276 0.00140412 0.0365685 0.00117031 6.82861e-05 0.0368056 0.000170533 0.000104898 0.00500056 0.400767 0.0465013 0.0103151 0.0130014 0.103991 2.00306e-05 0.00626217 9.45333e-06 
0.0197354 1.44503e-07 0.00593812 4.30278e-07 0.000125225 9.37235e-07 0.000105705 4.66551e-07 0.147412 0.0288977 1.91749e-05 0.0074341 0.15756 0.000320826 0.0249922 0.130634 1.09214e-05 0.0146901 0.0132815 0.00180404 0.0272622 0.000662848 0.121763 3.64374e-05 0.297311 9.00971e-07 
0.0100555 5.22304e-12 0.0503083 7.84435e-09 2.26148e-07 1.34893e-05 0.00165524 0.000746279 0.00193631 0.0244789 0.0691568 0.000473263 0.0770399 2.11217e-07 0.137857 0.00694771 0.0280209 0.00666319 0.100275 0.00953074 0.0277207 0.167682 0.224478 7.32928e-08 0.0542752 0.0006853 
0.0043792 8.32573e-11 0.00013374 0.000224009 8.59917e-09 3.81059e-05 3.46049e-05 6.89504e-05 0.00053027 0.00162952 0.000674642 0.000683753 1.5486e-05 1.3354e-08 0.000379709 6.65372e-05 3.21697e-06 0.000149774 0.00542467 4.76153e-06 0.000319973 0.000997164 0.00432556 6.37034e-09 0.0131549 0.966761 
0.0839114 3.20476e-06 0.049009 3.28668e-06 0.000277605 0.00034111 7.46361e-05 0.00421042 0.201337 0.0461459 0.0102074 0.00201409 0.0023645 0.0105128 0.136423 0.00412694 0.000592815 0.0181109 0.0699769 0.00332026 0.0427366 0.021272 0.165316 6.07025e-05 0.122973 0.00467863 
0.10374 4.26252e-08 0.0128528 0.065865 2.36866e-06 0.000171726 8.24248e-05 8.68546e-05 0.0454257 0.117444 0.00138256 0.000773705 0.00568881 0.0229409 0.0144763 0.00579334 0.000281372 0.0191461 0.245414 0.0258841 0.0650623 0.0456859 0.123092 0.000535873 0.0778941 0.000277172 
0.019508 8.87188e-08 0.0160887 0.000137518 0.00558564 5.7029e-06 0.00399753 2.46052e-06 0.615895 0.0112183 0.00269101 0.0211465 0.0208565 0.00428958 0.00550306 0.00110922 8.20437e-06 0.0191014 0.0756134 0.00695522 0.0205406 0.00117501 0.0378636 8.33998e-06 0.110168 0.000531172 
0.0127896 1.0392e-07 0.0113984 7.13982e-07 0.000155812 5.40999e-06 0.00189101 0.00121634 0.00409556 0.0142113 0.000756414 0.0011895 0.0939174 1.43397e-07 0.22218 0.0067321 0.0169993 0.00796744 0.318482 0.0947308 0.0124371 0.083456 0.0812038 2.7003e-06 0.0140667 0.000114347 
0.00315683 9.90276e-08 0.00527104 1.00686e-05 1.631e-05 1.24579e-05 1.2566e-05 0.720667 0.000923693 0.00341806 0.088344 0.00389848 0.000194395 0.0237883 0.00700664 0.000228969 8.92248e-07 0.000805645 0.0070028 0.0037285 0.00330545 0.00148599 0.0104539 4.43722e-06 0.116157 0.00010575 
0.303135 2.29931e-10 0.00111258 5.03559e-07 0.00447085 4.01913e-08 3.17297e-05 0.000107137 0.00486918 0.0816818 8.00128e-07 2.83943e-07 0.000489716 2.36987e-10 0.0269133 0.000158932 2.36938e-06 0.0314094 0.386596 0.00890666 0.0124304 0.0100699 0.125877 1.19575e-08 0.00173597 6.94715e-08 
0.00695177 7.22141e-09 0.0850828 1.95875e-05 8.55562e-05 0.00109767 0.00138141 0.00467689 0.21632 0.0322435 0.000198063 0.202044 0.00508073 5.97473e-08 0.0460624 0.00103324 2.41223e-05 0.102449 0.014434 0.00147866 0.0906674 0.0077421 0.0970841 2.3168e-07 0.0838242 1.86704e-05 
0.0255858 4.87754e-06 0.000103505 0.000362622 6.30308e-06 8.24123e-05 1.16277e-05 0.000917226 0.0286654 0.0237899 0.00049206 9.047e-05 5.80503e-05 0.00289997 0.0015593 0.156235 0.000203392 5.04572e-05 0.696235 0.000190311 0.0135525 0.0187361 0.0242344 9.48306e-05 0.00206016 0.00377806 
0.00315683 9.90276e-08 0.00527104 1.00686e-05 1.631e-05 1.24579e-05 1.2566e-05 0.720667 0.000923693 0.00341806 0.088344 0.00389848 0.000194395 0.0237883 0.00700664 0.000228969 8.92248e-07 0.000805645 0.0070028 0.0037285 0.00330545 0.00148599 0.0104539 4.43722e-06 0.116157 0.00010575 
0.052536 1.30966e-08 0.01951 1.551e-08 0.000554601 2.71712e-06 0.0171805 0.00186079 0.00109962 0.136053 0.000806556 0.00100591 0.000942425 7.32934e-08 0.0515308 0.000135339 3.60122e-05 0.100073 0.0440111 0.0276279 0.104633 0.00959406 0.0208488 2.47423e-06 0.366708 0.0432469 
0.00568831 0.000122613 0.00161281 0.012841 0.0015508 0.0198987 0.00681709 0.467684 0.0761285 0.0186025 0.0234878 0.0475729 0.00150922 0.00248123 0.0284062 0.000208064 0.000645362 0.00855362 0.0384156 0.0366205 0.00206528 0.0229231 0.0395164 0.0587754 0.0763025 0.00157061 
0.0408813 1.22356e-07 0.120066 1.33605e-05 0.00422581 0.000285258 0.000903287 0.000687822 0.0960246 0.0481025 0.00046813 0.0290463 0.0128899 0.0238266 0.23299 0.000243821 0.000147472 0.190825 0.0124177 0.00696371 0.0282521 0.001051 0.102426 5.6594e-07 0.0470716 0.000189761 
0.0280731 5.22441e-10 0.0569017 0.000496278 1.72596e-05 0.00131464 8.74783e-08 2.63037e-05 0.0268034 0.0528318 0.00105597 0.00075472 0.124337 9.24196e-08 0.0387178 0.000815246 0.00060818 0.0823795 0.0613649 0.00832995 0.0109313 0.0145251 0.439633 0.0159356 0.0341297 1.68763e-05 
1.91648e-07 7.16913e-11 0.000208378 9.1542e-09 1.14732e-07 0.800777 0.000230431 7.43742e-05 0.183606 0.00129164 9.32766e-05 0.000251468 0.00489387 7.38913e-11 0.00250315 6.72033e-05 4.98537e-05 5.11807e-07 0.00156344 3.50683e-07 0.000259676 5.52662e-05 0.00209537 1.7821e-05 0.00175897 0.000201614 
0.0433679 1.45865e-06 0.00081563 0.000111952 0.00131369 6.72681e-06 0.000370613 0.00018414 0.000692631 0.490349 0.000411631 0.000615697 0.00147748 0.00959147 0.0194592 0.00273665 1.82857e-05 0.0545192 0.0902741 0.0104212 0.0133816 0.241629 0.00831904 9.92166e-06 0.00599475 0.00392699 
0.241117 0.000112019 0.00769049 0.000707947 0.000353888 0.000765923 0.000289394 0.00037684 0.00429131 0.0422441 0.00840771 0.0100131 0.0057676 0.000215901 0.0572453 0.0040241 0.00131856 0.138221 0.0404418 0.0427155 0.0241788 0.0780947 0.235493 0.00180352 0.0536773 0.000433477 
4.49385e-07 9.2533e-10 0.00297372 9.89111e-07 2.69753e-07 0.00450185 3.92146e-07 0.000141293 0.864144 0.00237253 1.14749e-07 0.0260303 0.0168604 9.53726e-10 0.00173001 1.7866e-05 0.000244528 1.19984e-06 0.013341 0.000130573 0.00232602 0.00033467 0.00106363 0.000104072 0.0632956 0.000384258 
0.0043792 8.32573e-11 0.00013374 0.000224009 8.59917e-09 3.81059e-05 3.46049e-05 6.89504e-05 0.00053027 0.00162952 0.000674642 0.000683753 1.5486e-05 1.3354e-08 0.000379709 6.65372e-05 3.21697e-06 0.000149774 0.00542467 4.76153e-06 0.000319973 0.000997164 0.00432556 6.37034e-09 0.0131549 0.966761 
0.0174424 5.06056e-10 0.00784929 1.02518e-08 1.76862e-05 0.000181456 0.000105511 9.80511e-05 0.000564039 0.011155 0.000952774 0.000328025 0.00189846 2.36133e-05 0.050558 0.031779 3.48741e-05 0.0114643 0.00572227 0.00160768 0.457529 0.268297 0.12728 6.89639e-09 0.00508603 2.60349e-05 
0.00272039 7.95025e-08 0.00484371 8.05554e-06 1.30488e-05 9.96728e-06 1.31184e-05 0.751477 0.000738957 0.00282596 0.0839955 0.00344277 0.000159255 0.0190307 0.00597346 0.000183179 2.18331e-06 0.000644519 0.00560225 0.00298281 0.00275082 0.0014051 0.0086362 3.55063e-06 0.102348 0.000189481 
0.0213467 3.23405e-08 1.33514e-06 3.89785e-08 0.00436916 3.76953e-06 0.000546563 0.000143673 6.10886e-05 0.172377 3.17586e-05 0.00115839 6.73893e-07 0.000181332 0.075825 4.44189e-07 2.08042e-05 0.0917618 0.0713251 0.461592 0.0225009 0.0103338 0.0652165 1.33396e-06 0.00105113 0.000150375 
0.00272039 7.95025e-08 0.00484371 8.05554e-06 1.30488e-05 9.96728e-06 1.31184e-05 0.751477 0.000738957 0.00282596 0.0839955 0.00344277 0.000159255 0.0190307 0.00597346 0.000183179 2.18331e-06 0.000644519 0.00560225 0.00298281 0.00275082 0.0014051 0.0086362 3.55063e-06 0.102348 0.000189481 
0.0230188 4.04283e-08 0.015732 1.21558e-06 0.000770914 1.16091e-05 0.00441641 3.90289e-05 0.600783 0.0141285 0.00160576 0.000762533 0.000797785 3.66032e-07 0.0195372 8.5417e-05 5.51357e-06 0.00810991 0.00526004 0.000433263 0.0531871 0.00417896 0.118361 2.08676e-06 0.125442 0.00332912 
0.0119658 1.47841e-07 0.00441057 1.67964e-06 1.46492e-05 7.1675e-06 0.000770328 6.10804e-05 0.00794557 0.00443299 0.0299039 0.000287978 3.95627e-06 0.0015422 0.215289 0.00293139 1.69121e-05 0.00953539 0.414527 0.0496445 0.000836573 0.00679157 0.185209 3.55041e-06 0.0536796 0.000188369 
0.0156674 2.24238e-11 0.00421333 8.49696e-09 3.12254e-05 3.24567e-08 5.40616e-08 1.26909e-05 0.0284182 0.00699515 0.00235824 0.00271381 0.000491356 2.31119e-11 0.502149 0.000787962 7.59634e-05 0.00532564 0.0761822 0.000267145 0.00740043 0.0421138 0.292117 1.17084e-08 0.012679 1.47719e-07 
0.00231373 1.63445e-08 0.00198239 1.9805e-05 9.48588e-05 7.29015e-06 0.000124028 2.22043e-07 0.130936 0.102232 0.00414397 0.025861 0.00178033 1.6846e-08 0.0404492 0.00028359 2.90761e-05 0.0546124 0.0133187 0.0707985 0.0444771 0.00676739 0.419949 3.89723e-07 0.0790167 0.000802311 
0.0383778 7.58165e-11 0.0140026 7.00299e-08 8.83817e-05 6.30443e-08 0.00237096 0.000100311 0.00167862 0.0600611 3.25336e-08 0.00182583 0.277189 9.02498e-07 0.00937125 0.046462 2.76833e-06 0.0226308 0.000942495 0.00624035 0.00473836 0.00435397 0.494356 6.36818e-08 0.0152062 9.3108e-08 
1.91648e-07 7.16913e-11 0.000208378 9.1542e-09 1.14732e-07 0.800777 0.000230431 7.43742e-05 0.183606 0.00129164 9.32766e-05 0.000251468 0.00489387 7.38913e-11 0.00250315 6.72033e-05 4.98537e-05 5.11807e-07 0.00156344 3.50683e-07 0.000259676 5.52662e-05 0.00209537 1.7821e-05 0.00175897 0.000201614 
0.00327572 2.40287e-07 0.031159 0.00665895 0.000228484 1.67645e-05 0.000464778 0.000318489 0.0302377 0.554505 0.00191067 0.00385511 0.0167179 9.60669e-06 0.00222391 0.000278052 1.12854e-05 0.126738 0.00662485 0.00770925 0.0181773 0.0606173 0.0490814 5.37998e-07 0.0790778 0.000101583 
0.00489434 2.73821e-11 0.0100621 6.25648e-09 0.000440352 4.40432e-05 0.000133686 0.000317184 0.000582391 0.0551725 0.00799635 0.000384937 0.00115773 1.14798e-06 0.0328931 0.00195521 4.27204e-07 0.00341217 0.0381083 0.00173172 0.711317 0.010642 0.0921889 3.8043e-08 0.0264422 0.000122323 
0.00519855 1.62378e-07 0.00522521 0.000151528 0.000148482 8.36042e-06 3.40397e-05 9.10191e-05 0.0016855 0.0490083 0.00193058 0.00878302 0.0069061 2.15215e-05 0.608298 0.000362638 0.000135554 0.124179 0.0494992 0.0482628 0.0115156 0.0141925 0.0588625 3.20299e-06 0.00547527 2.11619e-05 
0.00683763 8.16384e-08 0.00632683 0.00137961 1.16262e-05 0.000105963 0.000644651 0.000443267 0.08339 0.0524059 0.000344537 0.00102677 0.0127588 0.00152486 0.0047221 0.000113467 0.00056769 0.00534511 0.0960313 0.00341679 0.618454 0.00579173 0.0196262 3.5572e-06 0.0762421 0.00248538 
0.00512405 2.35667e-08 0.00138792 2.25717e-06 2.53783e-08 3.26969e-06 0.103853 1.42243e-06 0.30901 0.0340364 6.85318e-07 0.00265355 0.0075441 0.112063 0.0883541 5.4035e-05 0.00189302 0.00201758 0.00754305 0.017531 0.204777 0.00546906 2.97148e-06 2.12583e-07 0.096678 5.59416e-07 
0.0182246 4.21946e-10 0.00513073 8.73142e-08 3.12952e-08 3.12683e-07 0.00163422 0.00605828 0.155801 0.0468038 0.110587 0.0129525 0.0110483 0.00279721 0.00556597 0.000268147 0.000764944 0.0135035 0.0538596 0.00491886 0.00552449 0.00716223 0.185482 9.84879e-06 0.278858 0.0730441 
0.0388602 1.93461e-08 0.00701512 2.31113e-05 0.00239632 1.09966e-05 3.32704e-05 0.00159845 0.00444627 0.293776 0.000327208 0.0431673 0.00810084 2.79944e-08 0.0963995 0.00873518 3.27354e-06 0.15277 0.0148177 0.012068 0.111193 0.0149375 0.175735 3.77512e-08 0.00347293 0.0101117 
0.0139433 1.50718e-07 0.173623 1.31357e-06 7.24157e-05 2.56598e-05 2.40802e-05 0.000796155 0.49839 0.0116765 0.0225431 0.000484794 0.00585674 3.53078e-05 0.12326 6.40557e-05 0.00147218 0.0772228 0.00560698 0.000873672 0.00180489 0.00142524 0.0116893 1.11868e-05 0.0476093 0.00148792 
0.0170235 1.0064e-11 0.00149779 7.35453e-10 5.00775e-08 4.63919e-05 0.000285604 5.2621e-06 0.00636453 0.0496056 0.00457947 0.000901343 0.000454681 0.282104 0.0558931 0.000685378 7.78747e-06 0.000219679 0.137875 0.0739098 0.0730276 0.00204607 0.286967 5.65019e-08 0.00650079 2.3058e-08 
0.00519855 1.62378e-07 0.00522521 0.000151528 0.000148482 8.36042e-06 3.40397e-05 9.10191e-05 0.0016855 0.0490083 0.00193058 0.00878302 0.0069061 2.15215e-05 0.608298 0.000362638 0.000135554 0.124179 0.0494992 0.0482628 0.0115156 0.0141925 0.0588625 3.20299e-06 0.00547527 2.11619e-05 
0.00228356 7.30802e-11 0.00796016 1.19098e-07 5.76293e-06 2.26167e-06 0.000114303 0.00188906 0.150909 0.0443552 0.00170136 0.00448433 0.0010153 7.53229e-11 0.0752925 0.000227871 0.000118411 0.0408614 0.0138836 6.01532e-08 0.109013 0.00629521 0.514966 2.30485e-07 0.024586 3.54835e-05 
0.0599596 1.03589e-08 0.00713563 2.25413e-08 2.51541e-05 4.28514e-06 6.62674e-06 7.46528e-05 0.0424342 0.0758388 0.000697162 0.00112589 0.00333311 2.95141e-07 0.280463 0.00651973 2.03902e-05 0.011741 0.160479 0.00404876 0.0214423 0.0606013 0.2143 0.000591182 0.0491304 2.70636e-05 
1.91648e-07 7.16913e-11 0.000208378 9.1542e-09 1.14732e-07 0.800777 0.000230431 7.43742e-05 0.183606 0.00129164 9.32766e-05 0.000251468 0.00489387 7.38913e-11 0.00250315 6.72033e-05 4.98537e-05 5.11807e-07 0.00156344 3.50683e-07 0.000259676 5.52662e-05 0.00209537 1.7821e-05 0.00175897 0.000201614 
1.91648e-07 7.16913e-11 0.000208378 9.1542e-09 1.14732e-07 0.800777 0.000230431 7.43742e-05 0.183606 0.00129164 9.32766e-05 0.000251468 0.00489387 7.38913e-11 0.00250315 6.72033e-05 4.98537e-05 5.11807e-07 0.00156344 3.50683e-07 0.000259676 5.52662e-05 0.00209537 1.7821e-05 0.00175897 0.000201614 
0.00315683 9.90276e-08 0.00527104 1.00686e-05 1.631e-05 1.24579e-05 1.2566e-05 0.720667 0.000923693 0.00341806 0.088344 0.00389848 0.000194395 0.0237883 0.00700664 0.000228969 8.92248e-07 0.000805645 0.0070028 0.0037285 0.00330545 0.00148599 0.0104539 4.43722e-06 0.116157 0.00010575 
0.00947033 9.00933e-06 0.000288011 1.96912e-05 8.43748e-05 2.35192e-05 0.000239884 0.00019597 0.00673546 0.716742 0.000238118 0.00319267 0.000496867 4.93686e-05 0.00132108 0.00307888 3.82798e-05 0.17748 0.0219183 0.000736495 0.00489753 0.00823991 0.00987809 0.0331741 0.001382 7.04534e-05 
0.0187842 2.88218e-06 0.0428614 0.00567534 3.10373e-06 1.62172e-05 1.1674e-05 0.000403004 0.024476 0.000158244 1.07262e-05 5.48875e-05 0.000125789 2.97062e-06 0.0459851 0.00199591 6.34091e-06 0.850764 0.000274563 0.00419014 0.000306258 0.00030567 0.00322497 0.000224996 0.000131964 3.30892e-06 
0.0177759 7.68016e-07 0.000996993 6.86611e-05 0.000401928 0.000411502 0.000122247 0.000109478 0.000898776 0.287829 0.000883556 0.00148997 0.00194347 0.00246395 0.0529063 0.000265591 1.30822e-05 0.039155 0.10789 0.0275792 0.0916891 0.0248508 0.332557 1.64619e-06 0.007674 2.20811e-05 
0.0170235 1.0064e-11 0.00149779 7.35453e-10 5.00775e-08 4.63919e-05 0.000285604 5.2621e-06 0.00636453 0.0496056 0.00457947 0.000901343 0.000454681 0.282104 0.0558931 0.000685378 7.78747e-06 0.000219679 0.137875 0.0739098 0.0730276 0.00204607 0.286967 5.65019e-08 0.00650079 2.3058e-08 
0.0142845 6.66132e-10 0.00611083 6.71515e-09 2.4395e-05 9.84516e-05 0.000505547 7.09617e-06 0.000940263 0.109754 0.0073749 0.00455203 0.00112253 1.28472e-06 0.00326219 0.00174672 2.73366e-05 0.00489568 0.532374 0.000286209 0.015264 0.0168465 0.214316 6.25321e-06 0.0661988 3.40462e-08 
0.0336826 4.54765e-06 0.00610393 4.50474e-05 6.41206e-06 9.72702e-06 0.00018744 0.00045228 0.00619981 0.0405409 0.00309442 0.00252377 0.00327324 0.00869295 0.0535492 0.00641995 5.1154e-05 0.0225574 0.278892 0.278312 0.0138374 0.0461474 0.157391 1.18514e-05 0.0379647 4.9413e-05 
0.0238817 4.51344e-06 0.00451139 3.11456e-05 4.09633e-05 1.32824e-05 0.000370859 0.000417866 0.0300865 0.05669 0.011303 0.00488905 0.00112806 0.00541622 0.0281253 0.00609739 7.47326e-05 0.0227612 0.284727 0.300248 0.0123074 0.0611443 0.112667 2.80187e-05 0.0329996 3.54494e-05 
0.0767007 8.94638e-11 0.00754939 6.14285e-06 0.00282515 1.05301e-07 0.00237742 0.000389264 0.0086558 0.104247 0.000141134 0.000507159 0.0232564 9.22092e-11 0.0976766 0.000578989 0.0347099 0.0699504 0.000229316 0.0775595 0.0647446 0.0320789 0.373939 6.83913e-05 0.0216393 0.000169738 
0.0191678 2.35428e-11 0.0024752 2.99725e-08 1.63363e-08 1.30561e-05 7.15338e-06 0.00206045 9.69969e-05 0.0399453 0.00115307 0.000376302 1.65831e-08 0.193378 0.000371007 0.00680078 3.1041e-06 0.000259832 0.309862 0.00707736 0.195235 0.0407307 0.146982 4.22257e-06 0.0339203 8.02067e-05 
0.520207 1.04853e-08 0.00207477 1.0927e-06 0.00517835 0.00187546 6.44347e-07 0.000273186 0.0360458 0.01167 3.83735e-07 0.000508072 5.98856e-05 2.62529e-05 0.000782304 0.000263556 3.50351e-05 0.109332 0.0367782 0.000422121 0.0861892 0.140662 0.0223875 0.000195512 0.0241903 0.000842624 
0.0501006 7.96359e-09 0.0448971 7.55536e-07 0.00532923 5.42202e-05 0.00117763 0.000344552 0.0365489 0.0445616 0.018127 0.00793525 0.00115131 2.17017e-08 0.282675 0.00465181 0.000170312 0.0329703 0.0290481 0.021553 0.00755284 0.0833069 0.259664 0.000113441 0.0672247 0.000841762 
0.00972349 1.52978e-09 0.0325089 1.02768e-05 2.19367e-06 0.00289257 0.00401709 0.00425746 0.205595 0.00694337 0.00162423 0.00913972 0.00208498 2.90822e-07 0.131499 0.00597666 0.000234391 0.00729558 0.0499901 0.00180144 0.00923591 0.0419279 0.257588 3.25855e-07 0.156015 0.0596365 
0.000121814 5.22162e-09 0.0281403 1.07288e-06 4.10603e-07 0.00118292 0.528048 0.000168545 0.333631 0.0242453 5.80557e-08 0.00590192 0.0157536 5.38186e-09 0.00364697 8.69993e-05 0.000915292 0.00772121 0.00804332 0.00271166 0.000194392 0.000998505 0.00577853 1.28914e-05 0.0325292 0.00016575 
0.003727 9.56439e-06 0.00750125 0.000503868 5.86715e-05 0.00028204 0.00197 0.00500967 0.139775 0.335545 0.0154249 0.0245605 0.0152789 0.000371977 0.00744625 0.0341143 6.32433e-05 0.0422142 0.146703 0.00843874 0.0172763 0.00983441 0.147578 1.14973e-05 0.0353448 0.000957241 
0.0400949 1.66852e-05 0.0284597 0.000265454 0.00190224 0.000120617 0.000375572 0.0136934 0.0142247 0.0925581 0.000448908 0.0497762 0.0137891 0.00388542 0.0818901 0.000919336 0.0173946 0.0321343 0.124884 0.0175504 0.0207392 0.0517418 0.0364286 7.93484e-05 0.352261 0.00436665 
0.106516 1.33877e-06 0.00458529 4.33414e-06 7.728e-05 2.44218e-05 8.62077e-05 0.000147062 0.00133195 0.022127 0.00671871 0.000441067 0.00178903 0.000373775 0.0915232 0.00846891 5.79135e-05 0.00251223 0.179455 0.174427 0.0255866 0.200947 0.13859 7.16228e-06 0.0291534 0.00504787 
0.0840126 1.63545e-11 0.0124285 3.18753e-08 3.81102e-05 3.63084e-06 0.00152049 0.00908605 0.052246 0.0280157 0.00108491 0.000544188 0.124638 0.00226745 0.0783941 0.00527302 1.95925e-05 0.000808332 0.330435 0.0128198 0.00399783 0.00414101 0.220445 5.25771e-07 0.0277531 2.67728e-05 
0.0020232 1.57141e-05 0.0041196 0.00019934 0.629454 5.67456e-05 0.00031067 0.000347486 0.00191952 0.0719004 0.00372666 0.00166041 0.00315785 0.00058549 0.0291175 0.000343266 0.0250183 0.00651498 0.103569 0.0127893 0.00303489 0.025805 0.0162684 2.72508e-05 0.0510277 0.00700727 
0.00105962 3.13351e-11 0.343253 5.03545e-08 0.00116513 3.36959e-05 0.00073481 0.0215902 0.000581096 0.000772825 0.00132341 0.0118612 0.00110821 4.81231e-06 0.00675003 7.12752e-05 1.01932e-06 0.00334764 0.00207875 0.00128916 0.00104357 0.000490229 0.00807309 1.48887e-08 0.573344 0.0200229 
0.0523794 1.08994e-08 0.0104857 0.00594681 3.75016e-06 2.56603e-06 6.96959e-06 0.00041874 0.0108268 0.0176369 8.5375e-06 0.0734466 0.0320172 1.12339e-08 0.0835834 0.000270069 3.78374e-05 0.22954 0.00853522 0.00242271 0.18755 0.027436 0.137496 1.84946e-06 0.11981 0.000137561 
0.00320215 9.77146e-09 0.571242 1.21314e-06 0.0017148 7.41214e-05 0.000909095 0.00183168 0.0110683 0.020453 0.00036618 0.00193077 0.00279408 2.30512e-06 0.126382 0.000939859 4.21515e-06 0.0252726 0.00786807 0.0048551 0.00264651 0.000195194 0.112769 2.9432e-06 0.103348 0.000126574 
0.0504414 1.76682e-07 0.266336 4.98565e-07 0.00151172 0.000153171 0.000186181 0.00108639 0.107506 0.0613715 0.00729815 0.0285414 0.00854462 1.08425e-06 0.0554154 9.5792e-05 0.000262954 0.024374 0.00559184 0.00406544 0.0816228 0.00510998 0.235336 5.15318e-07 0.0551341 1.23861e-05 
0.0850868 8.83242e-12 0.00119605 6.16213e-05 9.66771e-09 2.82159e-05 0.000180863 0.000419108 0.00385487 0.0459452 0.00229844 0.000561891 0.00239811 0.00246897 0.299323 0.000233656 0.000317207 0.00986622 0.169282 0.0453173 0.0858771 0.0265164 0.178572 2.90081e-06 0.0400231 0.000168234 
0.0570997 1.2764e-09 0.0864896 3.65122e-05 0.0107771 0.0200862 0.000143862 0.00141702 0.0225438 0.114659 0.000208899 0.000567194 0.000661322 0.00104149 0.138632 0.000135146 2.85696e-06 0.0495595 0.0579487 0.00214018 0.0291455 0.0058364 0.0794434 0.00010582 0.320439 0.000879749 
1.91648e-07 7.16913e-11 0.000208378 9.1542e-09 1.14732e-07 0.800777 0.000230431 7.43742e-05 0.183606 0.00129164 9.32766e-05 0.000251468 0.00489387 7.38913e-11 0.00250315 6.72033e-05 4.98537e-05 5.11807e-07 0.00156344 3.50683e-07 0.000259676 5.52662e-05 0.00209537 1.7821e-05 0.00175897 0.000201614 
0.0237733 3.44453e-12 0.00367548 6.0597e-10 0.00127557 0.00153188 0.00161709 0.00053306 0.0194509 0.106322 0.00447249 0.00705447 0.0127856 0.0363554 0.0175998 0.0103768 1.63854e-05 0.013899 0.29253 0.161807 0.031787 0.0194938 0.218241 0.000867317 0.013469 0.00106551 
0.0905417 1.48967e-08 1.01305e-05 2.35727e-05 1.60419e-08 1.4832e-06 6.50067e-05 3.23879e-08 0.505339 0.0237543 1.29704e-06 1.76088e-06 2.28963e-06 8.61697e-06 0.0294015 0.00854746 7.21014e-07 0.00404181 0.195933 0.0513329 0.00482107 3.81776e-05 7.16199e-06 1.26198e-06 0.0861183 7.91062e-06 
0.0124935 6.34166e-07 0.004393 1.03877e-06 7.6303e-05 1.48005e-06 0.000206207 5.42878e-05 0.0396555 0.122078 0.000688879 0.00019701 0.160214 9.70466e-05 0.0174067 0.00192281 7.29375e-05 0.461908 0.00139278 0.000798287 0.0981405 0.0143756 0.0532184 2.33853e-06 0.0105949 9.91075e-06 
0.0937251 1.81456e-08 0.0428472 3.0356e-06 0.00226129 7.11489e-07 0.00021878 0.0023245 0.00209811 0.0300594 2.95236e-05 0.00210932 0.0049119 0.00013734 0.199519 8.16709e-05 1.04593e-05 0.0716666 0.0242057 0.00929376 0.0570775 0.00440665 0.0878941 7.51931e-06 0.364666 0.000444285 
0.030934 6.23786e-08 0.0568317 1.67138e-06 0.0012814 0.000285657 0.000732457 2.78222e-06 0.0514913 0.0343955 0.000202411 0.0126005 0.00679974 3.4866e-07 0.309515 0.00103315 8.48653e-07 0.110524 0.0150673 0.00326706 0.176626 0.00240462 0.157196 3.10419e-07 0.0287387 6.73872e-05 
0.0185572 1.49079e-10 0.0526946 2.30243e-08 6.82216e-05 4.46232e-05 1.93947e-05 0.00831453 0.015224 0.00374831 0.00217878 0.000285969 0.00135231 2.22827e-07 0.504424 4.20946e-06 0.00226435 0.0215079 0.0290295 0.00607351 0.0108869 0.015806 0.159841 1.56812e-05 0.146867 0.000793025 
0.0348824 1.72115e-07 0.00399835 1.72151e-07 0.000740172 0.000498819 0.00242804 0.00156764 0.0105481 0.0201679 0.00577438 0.004394 0.0106823 0.000396016 0.0795656 0.00738711 0.00103422 0.0142707 0.377219 0.0100817 0.0362619 0.314542 0.0594388 1.72135e-07 0.00412016 1.72174e-07 
1.91648e-07 7.16913e-11 0.000208378 9.1542e-09 1.14732e-07 0.800777 0.000230431 7.43742e-05 0.183606 0.00129164 9.32766e-05 0.000251468 0.00489387 7.38913e-11 0.00250315 6.72033e-05 4.98537e-05 5.11807e-07 0.00156344 3.50683e-07 0.000259676 5.52662e-05 0.00209537 1.7821e-05 0.00175897 0.000201614 
0.0144614 1.88963e-10 6.85178e-05 1.25607e-05 5.09408e-08 0.00801898 1.99431e-07 9.38045e-08 0.00201395 0.0618238 2.88386e-07 0.00634775 3.93258e-06 0.0207655 0.076345 0.000910541 5.65397e-05 0.0487676 0.4252 0.001747 0.0972579 0.0188012 0.207298 1.29853e-08 0.0100982 3.25067e-07 
0.0183294 3.9234e-06 0.00344734 6.12014e-06 0.00218524 6.45406e-06 0.000985237 9.6416e-05 0.0205342 0.0914632 0.00318317 0.335121 0.000642378 0.00054338 0.00641118 0.00853886 0.018021 0.0558686 0.0501992 0.060179 0.0274833 0.164085 0.112842 1.2808e-05 0.0197174 9.36504e-05 
0.0279721 9.35273e-10 0.0341483 2.61453e-07 1.36993e-05 1.18415e-06 0.000161309 0.0986702 0.0238464 0.0352148 0.195896 0.000804519 0.0724176 6.88445e-06 0.025908 0.016438 8.29565e-07 0.00797426 0.0125577 0.00188352 0.0359693 0.0169222 0.200534 6.11534e-07 0.192646 1.28906e-05 
0.00997625 3.06102e-07 0.0522234 5.26007e-06 0.00178966 0.15304 0.00277835 0.0336882 0.00136596 0.00977859 0.0431071 0.00114657 0.0087118 8.53706e-05 0.0593666 0.000190571 2.84542e-05 0.0063222 0.0279452 0.0410827 0.0181528 0.0082974 0.0270731 2.89016e-06 0.482723 0.0111183 
0.00315683 9.90276e-08 0.00527104 1.00686e-05 1.631e-05 1.24579e-05 1.2566e-05 0.720667 0.000923693 0.00341806 0.088344 0.00389848 0.000194395 0.0237883 0.00700664 0.000228969 8.92248e-07 0.000805645 0.0070028 0.0037285 0.00330545 0.00148599 0.0104539 4.43722e-06 0.116157 0.00010575 
0.00738522 7.59697e-05 0.00195745 7.65952e-05 0.00198144 9.1535e-05 0.000565564 0.000345213 0.0206742 0.719522 0.00966971 0.00739199 0.0142521 0.000890457 0.0125639 0.00191399 0.000348152 0.0397456 0.0468168 0.00811471 0.0138622 0.0198898 0.0542917 8.41171e-05 0.0164676 0.00102185 
0.158589 1.069e-07 0.00695112 7.43961e-06 1.62689e-05 0.000120124 0.000751786 0.000265331 0.420612 0.0204185 0.00193008 0.00115912 0.0794113 1.10181e-07 0.00822104 0.0131019 3.85963e-05 0.0546583 0.00863965 0.00841263 0.120153 0.0168402 0.029367 0.000127373 0.0401221 0.0100856 
0.00734819 1.24234e-11 1.95749e-05 3.31758e-09 4.32719e-05 1.05515e-05 0.00111113 0.000149401 0.0054713 0.068715 0.000351506 0.00426192 0.00436898 0.000842744 0.0533272 0.00329377 4.7411e-05 0.00890342 0.5769 0.152368 0.00657623 0.0214138 0.0825071 1.20505e-06 0.00196796 8.99056e-08 
0.00519855 1.62378e-07 0.00522521 0.000151528 0.000148482 8.36042e-06 3.40397e-05 9.10191e-05 0.0016855 0.0490083 0.00193058 0.00878302 0.0069061 2.15215e-05 0.608298 0.000362638 0.000135554 0.124179 0.0494992 0.0482628 0.0115156 0.0141925 0.0588625 3.20299e-06 0.00547527 2.11619e-05 
0.0043792 8.32573e-11 0.00013374 0.000224009 8.59917e-09 3.81059e-05 3.46049e-05 6.89504e-05 0.00053027 0.00162952 0.000674642 0.000683753 1.5486e-05 1.3354e-08 0.000379709 6.65372e-05 3.21697e-06 0.000149774 0.00542467 4.76153e-06 0.000319973 0.000997164 0.00432556 6.37034e-09 0.0131549 0.966761 
0.064092 4.07773e-08 0.000181067 1.79044e-06 0.000251102 1.21181e-06 2.37137e-05 3.98756e-05 1.69634e-05 0.688683 0.000110889 0.00451308 7.41857e-05 0.000421972 0.036637 0.000905302 1.90276e-07 0.057502 0.0225501 0.00204363 0.024596 0.0277595 0.0682117 3.4561e-06 0.00132738 5.29693e-05 
0.0248393 1.70274e-06 0.0062931 0.0397246 1.23399e-05 2.83184e-05 0.00318952 2.1965e-05 0.399454 0.13734 0.000279377 0.00045817 0.0776241 5.56784e-05 0.0244209 0.00168965 8.03204e-06 0.055107 0.136115 0.000289337 0.00747628 0.0271482 0.0408877 9.29855e-06 0.0157907 0.00173546 
0.00519855 1.62378e-07 0.00522521 0.000151528 0.000148482 8.36042e-06 3.40397e-05 9.10191e-05 0.0016855 0.0490083 0.00193058 0.00878302 0.0069061 2.15215e-05 0.608298 0.000362638 0.000135554 0.124179 0.0494992 0.0482628 0.0115156 0.0141925 0.0588625 3.20299e-06 0.00547527 2.11619e-05 
0.0198271 2.41476e-07 0.00588709 4.19558e-05 2.60039e-07 2.90481e-05 0.00019018 3.34295e-05 0.0120306 0.0733367 0.00514434 0.00428602 0.0244096 2.48887e-07 0.000287237 0.000846349 0.00137343 0.0209579 0.0129499 0.203895 0.0124071 0.0918188 0.166267 2.30869e-06 0.343938 3.9713e-05 
0.0344371 4.29071e-09 0.378078 0.000104749 0.012344 8.16316e-05 0.000155961 0.00181314 0.00083309 0.00161547 0.00699608 0.000205989 0.00063383 0.000247402 0.0415803 2.5363e-06 3.72471e-06 0.0146424 0.00645173 0.000192327 0.00237688 0.000135459 0.00225571 8.45405e-06 0.432983 0.0618207 
0.0734314 1.32995e-05 0.00300792 0.000830764 0.00788962 0.00142642 0.000920318 2.47699e-05 0.152154 0.261302 0.00114881 0.0303802 0.0105129 0.000183265 0.0298294 0.000466119 0.00773473 0.103754 0.0397957 0.102309 0.0131179 0.0201185 0.0592447 6.90827e-05 0.0774401 0.00289461 
0.00397192 5.89851e-09 0.00644808 7.18663e-09 0.00425644 1.04887e-08 6.95201e-06 0.00259287 0.022913 0.416017 0.0203575 0.00245711 0.000142001 3.59824e-08 0.0700683 0.00106437 8.54774e-06 0.0592956 0.063765 0.000293638 0.0173137 0.0114426 0.229017 5.0495e-07 0.0683862 0.000182663 
0.00762337 4.79378e-12 0.00126739 1.10971e-08 9.88065e-07 0.00255418 0.000228847 5.73878e-05 0.000294207 0.01747 0.000330287 0.000235278 0.000223665 0.0072565 0.028642 0.0483559 6.86071e-06 0.00444935 0.187235 0.00374154 0.0706167 0.54952 0.0670764 9.6739e-10 0.00281428 3.45975e-09 
0.00915313 8.29896e-08 0.00209122 9.21034e-07 0.000175075 5.34073e-06 0.0013017 0.000185654 0.0216202 0.0146813 0.084833 0.00945009 1.27325e-05 6.99495e-05 0.252505 0.00688064 5.7662e-06 0.00948348 0.0810642 0.00685102 0.00370445 0.125307 0.354934 1.9751e-07 0.015285 0.000399052 
0.0232947 3.49675e-08 0.000124157 9.15301e-08 0.000821143 0.0271363 0.00140933 8.58989e-05 0.0276782 0.00678439 0.00050197 0.0261051 3.44239e-05 0.000260154 0.140877 6.88952e-05 0.000553356 0.00148556 0.36638 0.295765 0.00340547 0.0405028 0.017288 2.64502e-06 0.0193954 4.04196e-05 
6.5897e-06 1.05042e-09 7.16515e-05 1.08258e-06 5.12719e-06 1.18884e-05 5.39463e-07 4.88437e-05 0.000302543 0.179022 0.00506381 0.000452035 0.00178229 1.30097e-05 8.71557e-06 0.000854843 2.38041e-07 0.00129704 0.243288 5.79931e-05 0.0871287 0.39935 0.0808733 2.67475e-06 0.000350432 6.85165e-06 
0.0609674 1.02156e-10 0.00314426 0.000169944 0.000103735 1.61475e-10 2.78345e-07 0.000704232 0.000603277 0.00332703 1.43386e-10 5.0542e-05 0.0172907 1.05291e-10 0.000421496 0.00234556 9.35577e-09 0.00100464 3.11914e-06 0.00103518 0.0257751 0.00414565 0.864851 1.54362e-07 0.014057 4.29334e-08 
0.0188818 3.79091e-06 0.181117 2.2877e-05 0.000198584 1.83534e-05 0.00377506 0.000126438 0.0766663 0.0464496 0.00885931 0.00663163 0.0417461 0.0189211 0.0679859 0.00330455 2.60154e-05 0.0206775 0.0220964 0.00674643 0.0786013 0.0141928 0.321497 5.7344e-06 0.0612192 0.000229757 
0.0138706 2.7236e-06 0.0133885 0.000455351 0.000302404 5.00678e-05 0.0077549 0.000504506 0.0145559 0.0838836 0.00595255 0.0199105 0.220241 0.000430722 0.0265104 0.0016294 0.305122 0.062956 0.0713508 0.0201383 0.0260208 0.00347473 0.0866355 0.000209794 0.0134795 0.00116943 
0.0191678 2.35428e-11 0.0024752 2.99725e-08 1.63363e-08 1.30561e-05 7.15338e-06 0.00206045 9.69969e-05 0.0399453 0.00115307 0.000376302 1.65831e-08 0.193378 0.000371007 0.00680078 3.1041e-06 0.000259832 0.309862 0.00707736 0.195235 0.0407307 0.146982 4.22257e-06 0.0339203 8.02067e-05 
0.184025 7.61567e-09 0.00255138 9.81182e-06 0.000192495 0.00331555 5.23339e-06 4.83401e-05 0.0489252 0.0578351 2.51331e-05 0.000462298 0.00748277 1.18813e-06 0.0442118 0.00375777 5.0108e-05 0.193046 0.0171332 0.0271339 0.16788 0.185881 0.026305 3.96394e-07 0.0250055 0.00471516 
0.0170235 1.0064e-11 0.00149779 7.35453e-10 5.00775e-08 4.63919e-05 0.000285604 5.2621e-06 0.00636453 0.0496056 0.00457947 0.000901343 0.000454681 0.282104 0.0558931 0.000685378 7.78747e-06 0.000219679 0.137875 0.0739098 0.0730276 0.00204607 0.286967 5.65019e-08 0.00650079 2.3058e-08 
0.127495 1.88968e-06 0.0139318 0.00065685 0.00264992 1.5266e-05 0.000483732 0.000767102 0.0203876 0.101833 0.0125049 0.0160298 0.00360835 0.000481098 0.0294887 0.000155892 7.46908e-06 0.44184 0.0250962 0.0213912 0.0284355 0.0206343 0.0269931 1.69164e-05 0.104726 0.000368189 
0.00231373 1.63445e-08 0.00198239 1.9805e-05 9.48588e-05 7.29015e-06 0.000124028 2.22043e-07 0.130936 0.102232 0.00414397 0.025861 0.00178033 1.6846e-08 0.0404492 0.00028359 2.90761e-05 0.0546124 0.0133187 0.0707985 0.0444771 0.00676739 0.419949 3.89723e-07 0.0790167 0.000802311 
0.0439314 2.37165e-08 4.04526e-05 5.78368e-06 0.000103431 0.00229442 7.30124e-06 5.89667e-06 0.000592463 0.0177744 0.000116385 5.25838e-05 7.59488e-05 2.09689e-05 0.00944331 0.0164111 6.96826e-07 0.042947 0.0169965 0.00377 0.0293218 0.788602 0.0205348 5.99743e-06 0.0033698 0.00357579 
0.0382438 1.05891e-06 0.150007 4.85632e-05 0.0271295 0.00033762 0.000369263 0.00228829 0.00580362 0.0205286 0.00667221 0.00825155 0.00321481 7.87223e-05 0.0467835 8.63973e-06 0.00104482 0.00961597 0.0312387 0.0131289 0.00774369 0.0051659 0.0304539 1.27036e-05 0.589766 0.00206216 
0.000418997 3.82904e-09 0.122386 0.000124748 4.12338e-09 0.336372 3.31039e-05 7.79783e-07 0.0137355 0.0091673 0.00491969 0.0139046 8.16161e-07 3.94655e-09 0.00347596 1.25561e-06 4.4347e-07 0.00593116 0.0234464 7.00276e-06 0.000327389 2.08509e-07 0.104135 1.90584e-08 0.361611 3.16101e-07 
0.0496099 6.51683e-11 0.000897034 1.69751e-08 0.00409398 2.90438e-05 2.2392e-05 0.000119828 0.00178298 0.00783422 0.000205547 0.0107905 7.67453e-08 0.000300519 0.308214 0.000251205 2.84423e-05 0.0270116 0.327348 0.055874 0.0699091 0.0212259 0.10428 7.14175e-08 0.0093021 0.000868685 
0.00231373 1.63445e-08 0.00198239 1.9805e-05 9.48588e-05 7.29015e-06 0.000124028 2.22043e-07 0.130936 0.102232 0.00414397 0.025861 0.00178033 1.6846e-08 0.0404492 0.00028359 2.90761e-05 0.0546124 0.0133187 0.0707985 0.0444771 0.00676739 0.419949 3.89723e-07 0.0790167 0.000802311 
0.310189 4.80137e-12 0.0885999 9.08099e-05 0.00733202 1.00187e-07 0.00292586 0.000976588 0.00629231 0.0145292 2.0107e-08 1.27042e-08 0.0179531 4.94872e-12 0.172298 6.90965e-08 0.0225644 0.0058965 2.56298e-05 0.00538968 0.0309015 0.0430251 0.177257 2.1214e-07 0.0937516 2.52899e-07 
0.0592459 5.59059e-06 0.00757119 1.10807e-05 0.00427299 0.000388761 0.00131778 0.000247652 0.00485275 0.0188442 0.0109494 0.00837714 0.000537406 3.10476e-05 0.0951807 0.000244756 0.00610049 0.00837787 0.399205 0.0143357 0.0149589 0.0109946 0.263654 9.18831e-06 0.0575458 0.0127402 
0.00420655 3.873e-06 0.00036846 6.26506e-06 0.000767441 0.000304952 1.48363e-05 2.62166e-05 0.00034563 0.310166 5.94949e-05 0.00338547 0.034133 0.000172515 0.0475803 0.000602605 0.000544182 0.0437041 0.465399 0.00166768 0.0175561 0.00596075 0.0581484 1.2379e-05 0.000902003 0.00396186 
0.121272 8.03583e-09 0.00285649 3.68668e-06 3.19671e-05 9.3941e-05 0.000322465 1.27624e-06 0.00217308 0.0307594 0.00261805 0.0024153 0.00279141 0.0618179 0.322736 0.000940277 1.01049e-05 0.00382999 0.12198 0.00467612 0.0398252 0.0221396 0.227271 1.63588e-05 0.0292595 0.000158604 
0.0205239 6.64299e-06 0.0358637 0.00018378 0.000964544 0.000121219 0.0676717 0.000277166 0.121354 0.0427652 0.00833021 0.00130039 0.00557021 0.00152582 0.0717904 0.000459318 0.0107864 0.0229835 0.015099 0.0274825 0.012201 0.0148696 0.0226948 2.10205e-05 0.49431 0.000843473 
