0.000110135 2.55633e-09 0.00318438 1.37639e-12 7.55969e-06 1.30687e-06 0.000231812 0.0841202 0.000631093 0.00320603 0.802963 0.00302285 0.000134317 1.00515e-08 0.0035117 0.000505615 2.17226e-05 8.21353e-05 0.00450465 0.000822006 0.00155641 0.00605521 0.0432524 2.03437e-08 0.0420443 3.11931e-05 
2.05777e-06 5.79249e-12 0.00141224 5.06979e-12 6.23776e-12 9.15602e-12 9.27099e-05 0.0019518 0.000214437 0.000393242 0.908969 0.0191582 2.98306e-05 0.000926199 0.000932746 3.37544e-08 2.69397e-05 0.000325693 0.000469411 0.000312473 0.000473239 5.70771e-05 0.00314469 5.39929e-12 0.0611082 4.59485e-12 
2.73265e-05 1.63537e-12 0.00185482 1.43134e-12 2.12506e-05 8.29597e-07 1.38362e-05 0.323669 0.000540776 0.000712512 0.651147 0.000572431 7.62998e-05 1.68556e-12 0.000918645 4.34817e-06 4.78052e-06 2.45124e-06 0.000551044 4.08333e-05 0.000501912 2.27765e-06 0.00376288 4.14318e-10 0.015569 6.13124e-06 
0.00218164 0.000542176 0.00254978 6.61518e-09 9.26939e-05 8.24194e-07 0.000802242 0.000826444 0.00150414 0.0858018 0.738962 0.0185053 0.00153327 0.000237311 0.00607689 0.00192335 0.000113851 0.00248564 0.00900274 0.000648012 0.0183063 0.00143282 0.0485314 1.45737e-06 0.0546224 0.00331539 
1.2346e-11 6.10002e-09 0.0577593 5.2861e-11 6.5039e-11 9.54666e-11 4.46446e-11 3.20313e-11 5.22147e-08 5.89741e-12 0.70668 1.27849e-07 2.30881e-11 6.22497e-11 6.97378e-12 4.47999e-11 1.26898e-11 1.11556e-11 8.05659e-12 8.23849e-08 1.16706e-11 1.44403e-11 3.35027e-12 5.62965e-11 0.23556 1.38984e-07 
0.00147514 0.000190914 0.0197834 4.74918e-05 0.00188878 7.33278e-05 0.00042222 0.00165864 0.0147879 0.0182107 0.66157 0.0381114 0.000204251 0.000202298 0.0172335 0.000958955 1.65644e-05 0.0130228 0.0075556 0.000293643 0.00128654 0.00248497 0.035729 0.00504435 0.155907 0.00184014 
0.000149105 5.017e-09 0.00417126 1.00975e-12 1.94408e-07 4.45215e-07 0.000510807 0.000650076 0.000271343 0.00769428 0.734108 0.00149904 7.05362e-05 1.83375e-08 0.00326862 0.00218935 7.48017e-06 0.000296638 0.00867035 0.000166425 0.00247227 0.0280435 0.129273 3.32354e-10 0.0764866 3.2074e-08 
0.000149105 5.017e-09 0.00417126 1.00975e-12 1.94408e-07 4.45215e-07 0.000510807 0.000650076 0.000271343 0.00769428 0.734108 0.00149904 7.05362e-05 1.83375e-08 0.00326862 0.00218935 7.48017e-06 0.000296638 0.00867035 0.000166425 0.00247227 0.0280435 0.129273 3.32354e-10 0.0764866 3.2074e-08 
0.0227894 2.44897e-06 0.0302194 1.08203e-09 4.50343e-08 4.14296e-09 3.77663e-05 0.0342347 0.00137223 0.00267207 0.537962 0.000272947 0.000797823 0.00263863 0.00636747 9.49748e-05 1.01607e-06 0.00262887 0.00265237 0.00060283 0.0116324 0.00213644 0.0110155 3.78026e-09 0.329373 0.000495677 
0.0175473 0.00869467 0.00828459 3.39447e-06 1.08144e-05 1.45887e-08 0.000172277 0.000349222 0.194545 0.00562032 0.360716 0.0207548 4.2962e-05 9.51267e-09 0.000719912 6.84608e-09 0.000386535 0.00169046 0.0814271 0.00282504 0.0208016 0.0198187 0.0597615 8.60295e-09 0.192288 0.00353983 
0.000673846 0.000650101 0.000615288 1.89829e-08 0.000132659 6.90448e-08 3.22661e-05 0.000197722 1.05544e-05 0.015744 0.906866 9.1183e-05 0.000122772 8.14444e-13 0.00681045 0.00180838 3.05188e-07 0.000207955 0.00344296 0.0035496 0.0119488 0.0367691 0.00387246 6.69332e-07 0.00641354 3.88207e-05 
2.73265e-05 1.63537e-12 0.00185482 1.43134e-12 2.12506e-05 8.29597e-07 1.38362e-05 0.323669 0.000540776 0.000712512 0.651147 0.000572431 7.62998e-05 1.68556e-12 0.000918645 4.34817e-06 4.78052e-06 2.45124e-06 0.000551044 4.08333e-05 0.000501912 2.27765e-06 0.00376288 4.14318e-10 0.015569 6.13124e-06 
9.94053e-05 3.93588e-09 0.00281255 9.29598e-13 1.29879e-07 2.97241e-07 0.000361045 0.000433389 0.000180899 0.00512953 0.813174 0.000999374 4.70266e-05 1.44062e-08 0.00217909 0.0014596 4.98735e-06 0.000197762 0.00578025 0.000110952 0.00164819 0.0186957 0.0861823 2.7475e-10 0.0604872 1.58963e-05 
0.00764086 6.59414e-09 0.010905 6.57359e-11 9.4641e-06 1.62303e-06 0.000250279 0.00224173 0.0161385 0.000510273 0.484937 0.000201868 0.000200975 1.31537e-06 0.104875 0.000308915 1.22409e-05 0.000499181 0.00795458 0.00941203 0.0238198 0.010985 0.00349448 3.58531e-07 0.314952 0.000647765 
3.30919e-05 0.000251118 0.00629657 4.12497e-10 3.75021e-06 4.87584e-06 0.00158563 0.000890273 0.00205468 0.00689863 0.820003 0.00808676 4.81324e-05 2.72938e-08 0.00877463 7.89626e-05 5.74545e-06 0.00211084 0.006066 9.36403e-05 0.000144347 0.000198251 0.0478656 6.62098e-08 0.0878769 0.000628553 
0.00651071 0.00255932 0.00259335 5.44903e-09 0.000382045 2.19862e-05 0.000557954 0.0124052 0.02267 0.0147113 0.535009 0.00523652 0.00252153 2.13124e-05 0.0976924 0.000266831 0.000882317 0.00449338 0.0275504 0.0318676 0.00339533 0.0109752 0.0345265 3.5338e-06 0.181963 0.00118313 
0.012206 0.000753467 0.0109463 7.51355e-05 0.00014993 0.000730867 2.94871e-05 0.0730842 0.00588087 0.0103332 0.521289 0.00198272 0.00290642 0.000145441 0.0116461 0.00193416 4.98213e-05 0.00381377 0.0118861 6.95553e-05 0.0130031 0.00135262 0.0320638 1.98892e-05 0.283536 0.000112743 
0.0074294 6.38561e-06 0.00855717 2.98992e-05 0.0350878 1.40134e-05 8.33719e-05 0.0758216 0.000561726 0.0268022 0.196784 0.00478777 0.000111872 0.000282632 0.13241 0.00514429 0.000515031 0.0207893 0.107754 0.0476513 0.00279302 0.0562783 0.0812993 4.2954e-06 0.186257 0.00274503 
0.00128572 2.84479e-05 0.00464709 1.72039e-07 0.00295645 6.94112e-06 0.000273794 0.0219879 0.00238775 0.00365387 0.791463 0.00329171 0.00370634 5.62085e-06 0.0298967 0.000337651 3.11355e-05 0.00208824 0.0086421 0.00313636 0.00162769 0.00600612 0.0171804 4.61121e-07 0.0945108 0.000847148 
0.000218952 0.00129998 0.00705389 1.40655e-11 1.28019e-05 7.51473e-07 0.0055979 0.000147207 0.0202882 0.00262814 0.508842 0.00111604 0.0036319 1.19309e-06 0.0302412 9.47484e-06 1.60422e-05 0.00646145 0.00197925 0.000694574 0.00348725 0.00446684 0.127015 8.83019e-07 0.274588 0.000199977 
0.00764086 6.59414e-09 0.010905 6.57359e-11 9.4641e-06 1.62303e-06 0.000250279 0.00224173 0.0161385 0.000510273 0.484937 0.000201868 0.000200975 1.31537e-06 0.104875 0.000308915 1.22409e-05 0.000499181 0.00795458 0.00941203 0.0238198 0.010985 0.00349448 3.58531e-07 0.314952 0.000647765 
0.00910888 0.000382171 0.00439658 4.56169e-10 2.05526e-05 6.30318e-05 0.000263139 0.00718094 0.000553133 0.0151221 0.769954 0.00234904 0.000723461 1.64308e-05 0.0282496 0.000268413 1.61226e-05 0.000964476 0.00320275 0.00270032 0.00408811 0.00535859 0.0173847 5.00029e-07 0.127022 0.000611189 
0.000280206 0.0228186 0.0202541 7.78432e-12 1.3957e-05 2.8115e-05 0.00135602 0.0029135 0.243253 0.0145054 0.276868 0.000522966 0.0211848 9.16691e-12 0.00841322 0.000763828 0.000325598 0.00462906 0.0205356 0.000443119 0.057187 0.00427571 0.137226 5.4298e-05 0.161728 0.000419766 
0.00165073 0.00252171 0.00703345 5.26662e-09 4.86002e-05 6.20126e-05 0.00518894 0.0275906 0.0124984 0.00513394 0.688795 0.00329343 0.000837905 1.74998e-06 0.0121699 0.000541644 2.2401e-05 0.00142947 0.0128042 0.00349764 0.00445554 0.00329678 0.0361269 2.53277e-06 0.147116 0.0238797 
0.00285936 0.000192745 0.000430058 9.01692e-11 0.00025532 1.74817e-09 3.39751e-05 0.000233978 0.000612466 0.206642 0.678723 0.000687582 0.000813241 1.80432e-05 0.00443931 0.00460322 3.32092e-05 0.00228899 0.00865367 0.0014715 0.0522291 0.00293554 0.0264713 2.17512e-06 0.00450326 0.000866297 
2.05777e-06 5.79249e-12 0.00141224 5.06979e-12 6.23776e-12 9.15602e-12 9.27099e-05 0.0019518 0.000214437 0.000393242 0.908969 0.0191582 2.98306e-05 0.000926199 0.000932746 3.37544e-08 2.69397e-05 0.000325693 0.000469411 0.000312473 0.000473239 5.70771e-05 0.00314469 5.39929e-12 0.0611082 4.59485e-12 
0.169538 5.30477e-06 0.00409623 1.04362e-08 4.43695e-05 0.000275908 0.00638286 0.000102005 9.2388e-06 0.0161328 0.404149 2.60725e-05 2.62243e-05 7.79939e-07 0.00891965 0.00241158 3.35981e-06 0.0255037 0.0169033 0.00147831 0.00822919 0.0219765 0.123805 7.64779e-07 0.189823 0.000156767 
0.000137081 2.11086e-06 0.00513029 5.39944e-07 0.0233245 1.93189e-08 4.85689e-06 0.000203869 8.52929e-05 0.00389283 0.806365 1.54123e-05 0.000776364 2.18341e-05 0.000208113 3.12295e-05 6.91548e-07 0.000310651 0.000257111 0.000125032 0.00104258 0.000593165 0.0194629 1.13924e-08 0.137993 1.54599e-05 
0.000622501 0.000115238 0.00940988 2.2241e-10 9.2132e-07 1.13268e-06 0.00126168 0.000557959 0.0019265 0.00366647 0.811792 0.0200437 0.00113925 0.000608044 0.00369087 6.70691e-05 3.18675e-05 0.00158663 0.00389383 6.55993e-05 0.00088803 0.000182031 0.0316745 5.56531e-08 0.105582 0.0011918 
0.00623905 0.0819911 0.0224705 3.50025e-08 0.00135946 9.661e-06 0.000403447 0.00119935 0.017132 0.0697803 0.443491 0.00869049 0.00621323 0.000141811 0.0551574 0.00152736 0.00119739 0.0128446 0.0160147 0.0433678 0.032013 0.00566834 0.0494393 4.83605e-06 0.122269 0.00137575 
0.00174032 0.102507 0.00832929 3.1434e-09 0.000764798 0.00344926 0.000397225 0.000263876 0.0427087 0.0533731 0.597669 0.00550463 0.00448647 0.000414179 0.00909953 0.00050871 0.00192227 0.00724718 0.0183476 0.0047111 0.0107937 0.00918266 0.0412059 7.55393e-05 0.0747939 0.000503676 
0.000309411 1.11432e-08 0.0133399 2.75183e-12 8.84518e-10 4.96979e-12 7.21874e-06 1.67883e-09 0.00087123 0.000237402 0.947376 5.96841e-05 0.000462507 1.6806e-07 0.00133465 1.72316e-05 6.60606e-13 0.00142142 0.00134913 2.40234e-05 0.000985189 6.75566e-05 0.00241053 2.93068e-12 0.0297272 2.49404e-12 
0.000309411 1.11432e-08 0.0133399 2.75183e-12 8.84518e-10 4.96979e-12 7.21874e-06 1.67883e-09 0.00087123 0.000237402 0.947376 5.96841e-05 0.000462507 1.6806e-07 0.00133465 1.72316e-05 6.60606e-13 0.00142142 0.00134913 2.40234e-05 0.000985189 6.75566e-05 0.00241053 2.93068e-12 0.0297272 2.49404e-12 
0.0006083 0.000236087 0.0056555 3.13021e-10 2.03287e-06 3.2931e-06 0.00307525 0.00156141 0.00208112 0.00548245 0.677649 0.0545432 0.00123347 0.000372599 0.00330689 8.83351e-05 9.29327e-05 0.00123868 0.00476829 7.21415e-05 0.000283304 0.000164817 0.0617214 1.61112e-07 0.172284 0.00347589 
0.000607947 0.000160166 0.000627475 9.00796e-10 0.000132807 2.3235e-09 2.90238e-05 0.000206321 1.06082e-05 0.0153469 0.918651 8.79236e-05 7.67472e-05 8.29907e-13 0.00612548 0.00137694 2.69067e-07 0.00018798 0.00102725 0.00331054 0.0102319 0.0313769 0.00385423 5.34111e-07 0.00653308 3.80888e-05 
0.000765835 1.24747e-07 0.00489546 6.12761e-10 0.00257259 1.15464e-11 0.000357298 4.60489e-05 0.00133866 0.00636967 0.829063 2.99901e-06 0.0107249 7.52891e-12 9.07811e-06 2.73468e-07 5.61768e-08 0.000956262 9.29579e-05 0.00121582 0.114687 0.00429852 0.00565518 2.17344e-09 0.0168918 5.61193e-05 
0.000617589 1.66631e-05 0.000714702 1.88776e-12 2.62915e-06 8.18275e-06 2.31727e-05 0.0417765 4.00156e-05 0.000610864 0.814554 0.00254507 6.01489e-10 1.44405e-07 0.0438426 2.17496e-05 1.79858e-05 0.000409891 0.00367076 0.0030109 0.000227979 0.00282954 0.0074435 3.94448e-08 0.0774631 0.000152272 
0.000149105 5.017e-09 0.00417126 1.00975e-12 1.94408e-07 4.45215e-07 0.000510807 0.000650076 0.000271343 0.00769428 0.734108 0.00149904 7.05362e-05 1.83375e-08 0.00326862 0.00218935 7.48017e-06 0.000296638 0.00867035 0.000166425 0.00247227 0.0280435 0.129273 3.32354e-10 0.0764866 3.2074e-08 
0.00102549 0.00035904 0.00520848 1.3994e-08 3.82035e-05 1.03373e-06 0.0011987 0.000951663 0.00581814 0.00336456 0.55337 0.0514843 0.000454733 0.000113009 0.00306606 2.68425e-05 0.000121076 0.0012605 0.00332286 9.56911e-05 0.000658136 4.99749e-05 0.0257658 0.0155593 0.323216 0.00346961 
3.30919e-05 0.000251118 0.00629657 4.12497e-10 3.75021e-06 4.87584e-06 0.00158563 0.000890273 0.00205468 0.00689863 0.820003 0.00808676 4.81324e-05 2.72938e-08 0.00877463 7.89626e-05 5.74545e-06 0.00211084 0.006066 9.36403e-05 0.000144347 0.000198251 0.0478656 6.62098e-08 0.0878769 0.000628553 
3.30919e-05 0.000251118 0.00629657 4.12497e-10 3.75021e-06 4.87584e-06 0.00158563 0.000890273 0.00205468 0.00689863 0.820003 0.00808676 4.81324e-05 2.72938e-08 0.00877463 7.89626e-05 5.74545e-06 0.00211084 0.006066 9.36403e-05 0.000144347 0.000198251 0.0478656 6.62098e-08 0.0878769 0.000628553 
0.00053299 0.000201891 0.00814863 7.73264e-08 0.00096591 0.000446734 0.00236167 0.00336326 0.00685576 0.0114587 0.401451 0.000947772 0.00232735 0.00035744 0.0321654 0.000138319 3.45994e-05 0.0176799 0.0106679 0.000609572 0.00483998 0.00260471 0.135875 1.30176e-06 0.354434 0.00152989 
0.000168624 0.000402944 0.00083889 3.86538e-09 3.22361e-06 2.13903e-05 7.7057e-05 0.00292855 0.00400522 0.00243277 0.617114 0.000894712 2.18061e-08 5.01735e-09 0.00241523 1.31021e-05 7.2096e-09 0.00162837 0.00259983 3.5508e-05 8.47819e-05 0.0001041 0.0144535 3.00734e-09 0.347885 0.00189349 
0.0316727 5.58713e-05 0.0371238 3.93432e-05 0.00157285 0.000215718 0.000109332 0.000952652 0.0292962 0.0110535 0.505053 0.0153643 0.000159167 0.000311196 0.0705792 0.00137069 3.17578e-05 0.0113262 0.0105499 0.00711376 0.00494003 0.019275 0.0503669 1.19962e-07 0.170464 0.021003 
0.00786951 4.60953e-11 0.019705 7.18971e-08 0.00257461 4.92342e-05 0.000444231 0.296508 0.000664883 0.0185174 0.31492 0.005904 0.000545898 2.12553e-08 0.0224015 3.8235e-05 1.1709e-05 0.000696869 0.0175937 0.00224277 0.00181847 0.000129234 0.0721752 6.07586e-09 0.215094 9.5891e-05 
0.000384217 4.63949e-09 0.00843369 3.79541e-06 9.96406e-05 7.33349e-09 4.49164e-07 1.82922e-07 0.0843251 0.000291016 0.391237 6.10932e-05 2.99676e-06 4.78186e-09 0.0195554 6.04178e-06 1.99129e-05 0.0223315 0.00109414 0.000363637 1.72297e-06 1.13233e-05 0.000737448 4.32455e-09 0.152601 0.318439 
2.05777e-06 5.79249e-12 0.00141224 5.06979e-12 6.23776e-12 9.15602e-12 9.27099e-05 0.0019518 0.000214437 0.000393242 0.908969 0.0191582 2.98306e-05 0.000926199 0.000932746 3.37544e-08 2.69397e-05 0.000325693 0.000469411 0.000312473 0.000473239 5.70771e-05 0.00314469 5.39929e-12 0.0611082 4.59485e-12 
0.000309411 1.11432e-08 0.0133399 2.75183e-12 8.84518e-10 4.96979e-12 7.21874e-06 1.67883e-09 0.00087123 0.000237402 0.947376 5.96841e-05 0.000462507 1.6806e-07 0.00133465 1.72316e-05 6.60606e-13 0.00142142 0.00134913 2.40234e-05 0.000985189 6.75566e-05 0.00241053 2.93068e-12 0.0297272 2.49404e-12 
0.0006083 0.000236087 0.0056555 3.13021e-10 2.03287e-06 3.2931e-06 0.00307525 0.00156141 0.00208112 0.00548245 0.677649 0.0545432 0.00123347 0.000372599 0.00330689 8.83351e-05 9.29327e-05 0.00123868 0.00476829 7.21415e-05 0.000283304 0.000164817 0.0617214 1.61112e-07 0.172284 0.00347589 
0.00167939 1.51468e-09 0.00158588 2.03329e-12 1.1266e-06 2.11486e-06 0.000102796 0.000181627 4.90612e-05 1.45855e-05 0.813308 2.77843e-05 1.53923e-09 3.18188e-09 0.00532188 5.30213e-08 1.43003e-05 1.96507e-08 7.21937e-05 0.000106558 7.80278e-05 0.00345759 1.93535e-05 4.79504e-07 0.173163 0.000813696 
9.94053e-05 3.93588e-09 0.00281255 9.29598e-13 1.29879e-07 2.97241e-07 0.000361045 0.000433389 0.000180899 0.00512953 0.813174 0.000999374 4.70266e-05 1.44062e-08 0.00217909 0.0014596 4.98735e-06 0.000197762 0.00578025 0.000110952 0.00164819 0.0186957 0.0861823 2.7475e-10 0.0604872 1.58963e-05 
0.0110732 0.00147882 0.00294352 5.59484e-05 0.000489413 4.2445e-06 0.00390917 0.00400554 0.0330923 0.0205703 0.617316 0.00813735 0.03877 0.0102779 0.0644971 0.00117552 0.000143048 0.0234753 0.00724137 0.00305826 0.00476885 0.00148569 0.0543607 0.000124403 0.0873298 0.000216433 
0.00167939 1.51468e-09 0.00158588 2.03329e-12 1.1266e-06 2.11486e-06 0.000102796 0.000181627 4.90612e-05 1.45855e-05 0.813308 2.77843e-05 1.53923e-09 3.18188e-09 0.00532188 5.30213e-08 1.43003e-05 1.96507e-08 7.21937e-05 0.000106558 7.80278e-05 0.00345759 1.93535e-05 4.79504e-07 0.173163 0.000813696 
0.00035188 3.38239e-06 0.0257563 3.5387e-12 2.25917e-06 6.39086e-12 5.78698e-05 0.00104871 0.00326677 0.00990564 0.855772 0.000112631 0.00180134 0.00051824 0.00425089 2.30793e-05 3.84131e-06 0.0018911 0.00577657 3.34802e-05 0.00526993 0.000300582 0.0323364 5.93508e-10 0.0515154 2.14449e-06 
0.00121867 0.000599358 0.00280778 3.50391e-09 8.40649e-05 5.29551e-08 2.95218e-05 0.0225027 0.000624822 0.0382017 0.883078 0.00088566 0.000398961 9.62297e-05 0.00306031 0.000702553 2.3609e-05 0.000531174 0.00394052 0.00170698 0.0129001 0.00538933 0.00934573 8.14779e-07 0.0117772 9.37301e-05 
0.00162438 7.8608e-10 4.29757e-05 9.56832e-12 2.25839e-05 1.72803e-11 1.17616e-09 3.56866e-09 8.19216e-05 0.0190072 0.906732 0.000100464 0.00091485 5.51833e-08 0.000477411 1.88055e-08 1.13773e-08 3.96465e-08 0.00161447 0.000552525 1.69391e-06 7.28233e-05 0.0477794 1.01902e-11 0.0191489 0.00182607 
0.0307067 5.7219e-11 0.00919527 5.00801e-11 6.16174e-11 6.98844e-08 4.22959e-11 6.90734e-08 1.64102e-05 6.85278e-08 0.627378 0.000412773 4.22174e-07 3.07266e-08 0.0123327 4.2443e-11 2.0875e-07 0.000173314 7.34228e-08 7.4565e-05 0.000110954 0.000341924 0.000767034 5.33349e-11 0.318489 4.10025e-08 
0.00101872 1.23067e-05 0.0100064 6.15796e-06 0.000114963 1.51401e-05 2.43168e-05 0.093024 0.000687336 0.000547305 0.729994 0.00760676 7.82089e-05 1.7968e-06 0.00239255 1.79697e-05 8.21807e-06 0.000191219 0.000602858 3.75571e-05 0.000110125 6.3129e-05 0.00600706 3.54471e-09 0.146821 0.000610978 
0.00783583 0.000344781 0.00250592 6.44062e-07 0.00154398 6.82724e-05 0.00201523 0.000219834 0.115808 0.0485623 0.285252 0.0101229 0.00464 0.0103001 0.00899163 0.00608209 0.00366939 0.0199004 0.0921451 0.00488374 0.0250763 0.00568372 0.270396 1.64344e-05 0.0728727 0.00106238 
0.000455951 5.10846e-08 0.00820018 7.25084e-07 7.12205e-05 1.78953e-08 0.000401074 0.000360038 0.0202002 0.0139756 0.769118 0.00712809 0.0537399 5.13672e-08 0.000693715 0.000656088 6.56529e-05 0.0113808 0.0158048 0.000475495 0.00982039 0.00674688 0.0201332 1.63705e-09 0.0593867 0.00118476 
0.00884527 3.20296e-09 0.00188493 6.76722e-06 6.08914e-06 4.52104e-06 6.97389e-07 2.39717e-05 0.00085285 8.8394e-05 0.822865 1.05923e-09 0.000601665 3.30125e-09 0.000774178 0.00138259 1.14654e-06 0.000402166 0.000562779 5.26525e-05 0.00656447 0.00703183 0.00388718 2.98554e-09 0.144065 9.59345e-05 
0.00463012 0.000202946 0.00020922 9.4262e-11 0.000204047 1.59983e-12 2.562e-05 6.8842e-05 0.000417545 0.186646 0.707632 0.000467083 0.00177734 0.000162143 0.00182254 0.00449965 2.31427e-05 0.0024734 0.00557792 0.00106482 0.0606898 0.00273032 0.0150301 2.1634e-06 0.00285018 0.00079325 
2.05777e-06 5.79249e-12 0.00141224 5.06979e-12 6.23776e-12 9.15602e-12 9.27099e-05 0.0019518 0.000214437 0.000393242 0.908969 0.0191582 2.98306e-05 0.000926199 0.000932746 3.37544e-08 2.69397e-05 0.000325693 0.000469411 0.000312473 0.000473239 5.70771e-05 0.00314469 5.39929e-12 0.0611082 4.59485e-12 
0.0442844 0.000195072 0.00976414 1.04376e-08 0.001531 7.07794e-05 0.000591766 0.00436509 0.00568185 0.0145811 0.287086 0.0161598 0.0312261 0.00613861 0.12681 0.0428833 0.00214028 0.0249469 0.0435928 0.077481 0.0172708 0.0314171 0.0676474 5.03435e-07 0.143979 0.00015508 
0.000182382 8.90372e-07 0.000682131 1.04805e-08 9.32098e-12 1.36817e-11 1.38601e-06 2.10231e-08 0.000246692 1.3137e-06 0.962009 0.000631421 5.88406e-05 8.92124e-12 7.97184e-06 6.36894e-05 4.7676e-08 0.000192465 7.739e-05 4.67765e-06 1.50923e-05 2.31661e-05 0.000444522 1.33789e-09 0.0352664 9.01141e-05 
0.00573834 2.75384e-08 0.0151908 1.40181e-09 8.02045e-06 1.93929e-06 0.000189854 0.00169233 0.0121128 0.000384017 0.531821 0.000152507 0.000152433 5.35019e-06 0.153417 0.000233355 9.50289e-06 0.00037589 0.00597076 0.00706808 0.0178817 0.00824709 0.00262256 3.40699e-07 0.236236 0.000488886 
0.000782096 0.000272862 0.00606288 1.23955e-12 1.97944e-07 4.23298e-06 0.00395387 0.00200752 0.00260771 0.00704633 0.637116 0.0697572 0.00149789 0.000479049 0.0042517 0.000113571 0.000119484 0.00159259 0.00613064 9.27519e-05 0.000364244 0.000211904 0.0787982 2.07037e-07 0.172268 0.00446899 
0.00710405 0.000229078 0.0197561 2.06388e-05 3.08584e-06 2.53514e-05 0.0212717 0.000136239 0.0053996 0.0273783 0.352238 0.00753526 0.00328694 6.63151e-07 0.0710438 0.00562392 0.000163757 0.0245166 0.129565 0.0177893 0.00824364 0.173971 0.0282084 3.85384e-06 0.095762 0.000723651 
0.00375588 0.00051536 0.0177615 3.50109e-09 9.00825e-05 0.000182339 0.0013608 0.0220387 0.0159971 0.0269712 0.439246 0.00470626 0.000627983 8.94073e-06 0.0134173 0.00355163 3.14735e-05 0.00773984 0.01612 0.000651428 0.00860773 0.0113063 0.0617591 0.00344766 0.335335 0.00477081 
0.164383 2.16404e-07 0.0289256 4.49706e-08 4.03544e-07 1.42605e-10 0.00019778 0.000334544 0.0474918 0.044846 0.236472 0.000675755 0.00662848 8.1976e-09 0.0436052 0.0313825 1.89557e-11 0.00996454 0.0065496 0.00336907 0.0501555 0.0126681 0.0743962 8.40942e-11 0.235266 0.00268786 
0.00424331 0.000185926 0.00902164 1.18273e-09 0.0139563 3.39327e-06 0.0115461 0.00420746 0.00460965 0.0589304 0.575402 0.0111245 0.000780534 0.000809324 0.017338 0.000103855 0.00297085 0.0055683 0.0870309 0.0104549 0.0178137 0.00339656 0.0946145 1.20604e-05 0.0654269 0.000448696 
0.000149105 5.017e-09 0.00417126 1.00975e-12 1.94408e-07 4.45215e-07 0.000510807 0.000650076 0.000271343 0.00769428 0.734108 0.00149904 7.05362e-05 1.83375e-08 0.00326862 0.00218935 7.48017e-06 0.000296638 0.00867035 0.000166425 0.00247227 0.0280435 0.129273 3.32354e-10 0.0764866 3.2074e-08 
0.0446392 7.328e-08 0.000665255 2.7258e-08 0.00272824 1.93479e-06 8.3515e-06 4.76545e-05 5.40905e-05 0.0089853 0.512605 0.00470232 0.000108478 0.00256681 0.102667 0.000976289 0.00344625 0.02043 0.0925465 0.0952078 0.00284231 0.046972 0.0379325 1.42376e-07 0.0197843 8.19323e-05 
5.75619e-07 5.74855e-07 0.0234847 5.74975e-07 5.74781e-07 5.74297e-07 0.00437136 0.145898 0.0451888 0.0251595 0.598256 0.00587063 0.00391362 5.74826e-07 5.75704e-07 0.00207095 5.75614e-07 5.75637e-07 0.00736938 5.75586e-07 0.00978627 5.75585e-07 0.0173886 0.000288035 0.109509 0.00143821 
0.012223 2.07948e-07 0.0635679 2.07991e-07 2.07921e-07 2.07745e-07 0.00424417 2.0811e-07 0.0459575 0.0818469 0.272535 0.00622479 0.0214409 0.0295896 0.0604354 0.00205978 2.08222e-07 0.0450612 0.0646198 0.00164508 0.0749414 0.00528879 0.126319 2.07971e-07 0.0819975 2.08019e-07 
0.000385111 1.59196e-05 0.0019229 2.78938e-12 1.04931e-06 4.12238e-06 0.000116178 0.013878 0.000195065 0.00214861 0.83456 0.000542154 6.72323e-05 1.19619e-05 0.020261 0.000679312 5.26093e-06 0.000382995 0.00528154 0.00171823 0.00045221 0.00528681 0.0275024 1.69978e-08 0.0839318 0.000650543 
0.00285936 0.000192745 0.000430058 9.01692e-11 0.00025532 1.74817e-09 3.39751e-05 0.000233978 0.000612466 0.206642 0.678723 0.000687582 0.000813241 1.80432e-05 0.00443931 0.00460322 3.32092e-05 0.00228899 0.00865367 0.0014715 0.0522291 0.00293554 0.0264713 2.17512e-06 0.00450326 0.000866297 
0.000694732 1.93546e-06 0.00811472 6.81433e-09 1.76202e-05 5.93099e-06 0.000113087 0.187304 0.0019217 0.00394486 0.617298 0.00210026 0.000679335 6.76865e-05 0.00714382 0.000624277 3.21101e-05 0.000368592 0.0619607 0.00269883 0.00344178 0.0149824 0.0123962 5.95279e-07 0.0737487 0.000337208 
6.58898e-08 4.30464e-05 0.000420268 1.25412e-10 1.29485e-06 2.26494e-10 0.00355088 0.00278393 3.20784e-08 0.000195919 0.800567 7.3289e-08 4.66e-05 1.47687e-10 0.00128365 0.000990954 6.38831e-06 8.47634e-08 0.000300983 0.000257523 0.000266449 0.00867092 5.09037e-07 1.33563e-10 0.180048 0.000564586 
0.0469587 0.00186537 0.00362851 0.000355786 6.77278e-06 1.12973e-05 0.00931107 9.42478e-05 0.0201543 0.0128118 0.698557 0.011915 0.0013187 6.26496e-05 0.0480207 0.000114678 0.000340406 0.000310746 0.0167488 0.000378956 0.00743437 0.00026094 0.0474448 5.58574e-05 0.0717891 4.96968e-05 
0.000614953 7.67586e-05 0.00536182 2.82343e-10 1.33685e-05 3.09449e-06 0.000701281 0.00202842 0.00184153 0.00518621 0.756349 0.00249156 0.000401596 3.38814e-05 0.00568219 0.000590125 4.03055e-06 0.00142544 0.00476017 0.000147268 0.00669906 0.00149696 0.0264183 1.84534e-08 0.106339 0.0713338 
0.000173405 2.27533e-05 0.00770604 1.66869e-07 2.63794e-08 0.00210576 3.07791e-05 0.00174779 0.00387682 0.00670395 0.458899 0.0117327 3.84697e-05 0.000120788 0.00502175 0.00013091 0.000191082 0.005571 0.0203484 0.0300165 0.0030253 0.00142581 0.0310668 3.54504e-09 0.408772 0.00127115 
0.00158163 9.12118e-05 0.000679836 1.27492e-12 6.04822e-06 2.53865e-05 1.08605e-05 0.091456 8.31694e-05 0.00149602 0.640205 0.000178393 5.56845e-13 1.50136e-12 0.115266 8.15992e-05 3.52968e-06 0.000662092 0.00998267 0.00886486 0.000419572 0.0087556 0.0201653 1.30587e-07 0.0995536 0.00043083 
2.05777e-06 5.79249e-12 0.00141224 5.06979e-12 6.23776e-12 9.15602e-12 9.27099e-05 0.0019518 0.000214437 0.000393242 0.908969 0.0191582 2.98306e-05 0.000926199 0.000932746 3.37544e-08 2.69397e-05 0.000325693 0.000469411 0.000312473 0.000473239 5.70771e-05 0.00314469 5.39929e-12 0.0611082 4.59485e-12 
0.00715361 0.00164453 0.00722553 2.41713e-06 9.2199e-05 0.000314357 0.000864355 0.0224683 0.0041651 0.0137852 0.675253 0.0102434 0.00262306 0.00031431 0.0301654 0.000512311 0.0045895 0.00336298 0.0240463 0.00886517 0.0127348 0.0104134 0.0398852 0.000723745 0.113719 0.00483272 
0.000149105 5.017e-09 0.00417126 1.00975e-12 1.94408e-07 4.45215e-07 0.000510807 0.000650076 0.000271343 0.00769428 0.734108 0.00149904 7.05362e-05 1.83375e-08 0.00326862 0.00218935 7.48017e-06 0.000296638 0.00867035 0.000166425 0.00247227 0.0280435 0.129273 3.32354e-10 0.0764866 3.2074e-08 
0.00054315 3.11648e-05 0.00426802 2.79998e-10 0.0219369 4.38267e-07 0.000468854 0.00128292 0.00118469 0.00611193 0.831259 0.00790167 0.000415003 0.000250362 0.00145523 1.67657e-05 1.88719e-05 0.00041809 0.00343714 7.1494e-05 0.000240264 0.000175491 0.0185943 3.71448e-06 0.0989652 0.000949079 
0.0012433 1.93375e-05 0.00508605 1.65546e-05 4.55184e-07 1.19346e-07 0.0583822 0.000397015 0.0187948 0.0210251 0.271212 0.19581 0.0328642 0.00346791 0.000279793 0.000847375 0.0012287 0.00442322 0.0122729 0.0306592 0.000889924 0.00120146 0.145134 5.09481e-07 0.194579 0.000165213 
0.000453125 0.000113612 0.00200737 1.95025e-08 3.24122e-06 3.41813e-06 0.000406124 0.00205117 0.000849284 0.00215506 0.879298 0.00668829 3.91687e-05 1.47737e-05 0.0217899 6.59683e-05 1.88227e-05 0.00126613 0.00330278 0.00199845 0.000217213 0.0012162 0.0209741 8.6547e-08 0.0538902 0.00117775 
0.00584357 6.20296e-08 0.0190818 3.43601e-11 1.39296e-05 2.35308e-05 6.55529e-05 0.122765 0.0100178 0.00133471 0.421902 0.000796675 0.000387616 4.04629e-11 0.0183129 0.000526086 2.16373e-07 0.000633431 0.00213612 0.000167261 0.0031105 0.000227428 0.00888721 3.72268e-09 0.383452 0.000313793 
4.67195e-06 6.05593e-09 0.00124631 6.88785e-12 8.47465e-12 1.24394e-11 7.39001e-07 1.06055e-08 4.18317e-05 5.80464e-05 0.954277 1.70797e-08 0.000143727 5.09995e-08 9.71978e-08 9.26203e-05 5.94022e-07 3.70659e-05 0.0001569 2.01035e-05 2.97966e-06 2.3347e-05 3.3635e-08 7.33551e-12 0.0430672 0.000826572 
9.94053e-05 3.93588e-09 0.00281255 9.29598e-13 1.29879e-07 2.97241e-07 0.000361045 0.000433389 0.000180899 0.00512953 0.813174 0.000999374 4.70266e-05 1.44062e-08 0.00217909 0.0014596 4.98735e-06 0.000197762 0.00578025 0.000110952 0.00164819 0.0186957 0.0861823 2.7475e-10 0.0604872 1.58963e-05 
0.000782096 0.000272862 0.00606288 1.23955e-12 1.97944e-07 4.23298e-06 0.00395387 0.00200752 0.00260771 0.00704633 0.637116 0.0697572 0.00149789 0.000479049 0.0042517 0.000113571 0.000119484 0.00159259 0.00613064 9.27519e-05 0.000364244 0.000211904 0.0787982 2.07037e-07 0.172268 0.00446899 
0.0012955 4.30526e-05 0.00119115 6.66263e-10 4.30023e-05 2.65996e-06 9.62902e-05 0.000221994 3.74307e-05 0.00395832 0.885647 6.37353e-05 2.65892e-05 1.31343e-09 0.00941649 0.000579087 4.93586e-06 0.000102305 0.00103058 0.00324053 0.00346643 0.0188103 0.00178545 7.62582e-07 0.0686395 0.000296719 
8.22228e-13 2.97803e-08 7.06378e-05 3.52048e-12 4.33152e-12 6.35796e-12 0.170673 1.28019e-08 7.09537e-13 0.00037811 0.824656 4.56337e-05 3.64671e-09 4.14576e-12 1.61419e-08 2.98362e-12 2.97018e-08 7.52693e-09 1.51779e-08 2.30761e-07 2.0276e-09 9.74322e-09 2.23124e-13 4.09397e-09 0.00417663 5.77292e-09 
0.000455951 5.10846e-08 0.00820018 7.25084e-07 7.12205e-05 1.78953e-08 0.000401074 0.000360038 0.0202002 0.0139756 0.769118 0.00712809 0.0537399 5.13672e-08 0.000693715 0.000656088 6.56529e-05 0.0113808 0.0158048 0.000475495 0.00982039 0.00674688 0.0201332 1.63705e-09 0.0593867 0.00118476 
0.000223378 7.33582e-07 0.00954211 3.48908e-10 4.76807e-08 6.30125e-10 6.32787e-06 7.12511e-05 0.000626212 0.00309222 0.941733 4.38531e-05 0.000334598 1.05612e-05 0.000956909 1.33861e-05 8.37588e-11 0.00101999 0.000967794 1.78594e-05 0.000709473 4.95096e-05 0.00172543 3.71584e-10 0.0388551 3.16222e-10 
0.133265 0.000117426 0.031891 1.20332e-09 1.31667e-07 6.3901e-06 0.000377812 0.000909429 0.00977959 0.0161712 0.316413 0.00522273 0.00949059 0.000194297 0.203291 0.00220678 1.6753e-06 0.0388344 0.0258258 0.0260425 0.0326034 0.0311357 0.0903607 3.2428e-08 0.025859 1.07295e-06 
0.000782096 0.000272862 0.00606288 1.23955e-12 1.97944e-07 4.23298e-06 0.00395387 0.00200752 0.00260771 0.00704633 0.637116 0.0697572 0.00149789 0.000479049 0.0042517 0.000113571 0.000119484 0.00159259 0.00613064 9.27519e-05 0.000364244 0.000211904 0.0787982 2.07037e-07 0.172268 0.00446899 
0.000420415 0.000393377 0.00138531 1.9294e-07 5.56579e-05 3.15176e-07 0.000219427 0.000281905 0.00076009 0.0357033 0.884785 0.00118236 0.000839366 1.76053e-05 0.00200164 0.000833245 9.21505e-06 0.000947923 0.00551572 0.000176369 0.0161534 0.000901286 0.0197405 4.1128e-07 0.0272809 0.000394795 
0.0006083 0.000236087 0.0056555 3.13021e-10 2.03287e-06 3.2931e-06 0.00307525 0.00156141 0.00208112 0.00548245 0.677649 0.0545432 0.00123347 0.000372599 0.00330689 8.83351e-05 9.29327e-05 0.00123868 0.00476829 7.21415e-05 0.000283304 0.000164817 0.0617214 1.61112e-07 0.172284 0.00347589 
0.000552247 6.03938e-12 0.0187235 5.28588e-12 0.000373357 7.60694e-05 0.0204753 7.48784e-05 0.101999 0.132719 0.245408 0.00416083 0.184391 6.22471e-12 0.00270589 0.000645041 1.3182e-06 0.0283497 0.0104781 0.000379451 0.0889134 0.00641287 0.0501331 3.98106e-08 0.0980749 0.00495325 
0.000182382 8.90372e-07 0.000682131 1.04805e-08 9.32098e-12 1.36817e-11 1.38601e-06 2.10231e-08 0.000246692 1.3137e-06 0.962009 0.000631421 5.88406e-05 8.92124e-12 7.97184e-06 6.36894e-05 4.7676e-08 0.000192465 7.739e-05 4.67765e-06 1.50923e-05 2.31661e-05 0.000444522 1.33789e-09 0.0352664 9.01141e-05 
0.000597135 6.74132e-11 0.0237723 5.90024e-11 7.25953e-11 1.06558e-10 9.95828e-05 0.0285808 0.00775287 0.00263408 0.640387 0.0297673 8.51987e-06 0.00107735 0.00137142 0.0008084 5.44771e-05 0.00280143 0.0029457 0.000611943 0.00677127 0.000101199 0.0276207 6.28372e-11 0.222236 5.34751e-11 
0.000338816 2.26596e-11 0.0198604 1.98325e-11 6.23405e-05 1.3604e-05 2.21215e-05 0.0946508 0.00171425 9.18452e-05 0.540393 0.000702933 0.000114252 2.57444e-08 0.00399172 3.00289e-07 2.52921e-06 1.44163e-05 4.59359e-08 0.00121942 0.000807231 3.59368e-08 0.0140627 7.07417e-08 0.245403 0.0765341 
0.000182382 8.90372e-07 0.000682131 1.04805e-08 9.32098e-12 1.36817e-11 1.38601e-06 2.10231e-08 0.000246692 1.3137e-06 0.962009 0.000631421 5.88406e-05 8.92124e-12 7.97184e-06 6.36894e-05 4.7676e-08 0.000192465 7.739e-05 4.67765e-06 1.50923e-05 2.31661e-05 0.000444522 1.33789e-09 0.0352664 9.01141e-05 
0.00908257 0.0008584 0.0643103 1.26001e-06 2.24169e-05 0.000535452 0.000767638 0.0480644 0.0474506 0.0481712 0.327177 0.00459325 0.0178539 0.00019746 0.0726717 0.00210816 0.000123722 0.00993828 0.0230873 0.00746507 0.0157727 0.0109175 0.090575 2.11323e-05 0.197096 0.00113825 
0.000309411 1.11432e-08 0.0133399 2.75183e-12 8.84518e-10 4.96979e-12 7.21874e-06 1.67883e-09 0.00087123 0.000237402 0.947376 5.96841e-05 0.000462507 1.6806e-07 0.00133465 1.72316e-05 6.60606e-13 0.00142142 0.00134913 2.40234e-05 0.000985189 6.75566e-05 0.00241053 2.93068e-12 0.0297272 2.49404e-12 
0.00709196 0.00144149 0.00693702 6.4349e-06 0.00590998 0.000529396 0.000766474 0.0149234 0.0112883 0.0160254 0.516412 0.00566629 0.00209441 0.00274154 0.0399611 0.000296295 0.00139269 0.0048594 0.0261075 0.0206459 0.00326208 0.00570956 0.0537226 8.47186e-06 0.25055 0.00165022 
0.000933695 2.49329e-06 4.76162e-07 5.55256e-11 6.83175e-11 1.00279e-10 2.15764e-07 3.36459e-11 0.296229 0.00851478 0.511873 1.75815e-06 8.92492e-07 6.53876e-11 8.57135e-08 3.30823e-06 1.96317e-05 0.00215844 0.0723608 5.01071e-08 0.000706295 3.29166e-07 1.41825e-07 1.18328e-07 0.107193 4.37868e-07 
0.00141495 7.80939e-05 0.00108787 2.3761e-09 8.05132e-06 1.67906e-06 0.00139358 0.000205395 0.000852301 0.00142799 0.91004 0.00144216 0.000516732 5.02025e-12 0.0171434 0.00038872 1.01785e-05 0.00136008 0.00451271 0.00655929 0.000622442 0.00316372 0.0151296 4.39718e-07 0.0323922 0.00024794 
0.000149105 5.017e-09 0.00417126 1.00975e-12 1.94408e-07 4.45215e-07 0.000510807 0.000650076 0.000271343 0.00769428 0.734108 0.00149904 7.05362e-05 1.83375e-08 0.00326862 0.00218935 7.48017e-06 0.000296638 0.00867035 0.000166425 0.00247227 0.0280435 0.129273 3.32354e-10 0.0764866 3.2074e-08 
0.000184672 0.000103488 0.00237857 2.22691e-09 0.00593131 4.02524e-07 0.00103289 0.000298472 0.00183737 0.00396521 0.848193 0.00288952 0.00030851 2.73306e-05 0.00207988 0.000703675 7.2954e-06 0.000802325 0.00351927 0.000140095 0.000793808 0.00770767 0.0380895 1.09082e-06 0.0787602 0.000244208 
0.00407562 0.00612588 0.0087925 2.33131e-08 3.45055e-06 3.9473e-06 0.00297253 0.00247456 0.153347 0.0139851 0.394391 0.0512733 0.000216481 0.00310009 0.0120592 0.00309531 0.000325466 0.00122709 0.067316 0.0317107 0.000911831 0.00567283 0.0918045 1.47656e-06 0.144339 0.000774856 
0.00260371 8.06051e-06 0.000260319 1.10688e-09 1.12702e-06 2.82254e-06 4.89808e-06 0.000548807 0.000557522 0.000577768 0.847171 0.000104274 9.08142e-09 3.55886e-12 0.0737921 1.7543e-05 5.48585e-06 0.00074138 0.00344666 0.0119139 0.000403884 0.00477458 0.0176275 7.93572e-08 0.0325158 0.00292039 
3.30919e-05 0.000251118 0.00629657 4.12497e-10 3.75021e-06 4.87584e-06 0.00158563 0.000890273 0.00205468 0.00689863 0.820003 0.00808676 4.81324e-05 2.72938e-08 0.00877463 7.89626e-05 5.74545e-06 0.00211084 0.006066 9.36403e-05 0.000144347 0.000198251 0.0478656 6.62098e-08 0.0878769 0.000628553 
0.00104486 0.000428467 0.0134992 3.41014e-06 5.58076e-05 4.03686e-06 0.000440098 0.201924 0.021795 0.0234485 0.386144 0.00331665 0.0143225 0.000246593 0.0207723 0.00162966 3.03332e-05 0.00151505 0.0133589 0.00852232 0.0104154 0.0112104 0.0630056 5.00361e-07 0.202251 0.000615618 
0.0533119 0.000231581 0.0205894 2.06895e-06 0.000334363 0.00017675 0.00133457 0.00231394 0.012661 0.00930244 0.575205 0.00406014 0.000869205 0.000846354 0.039898 0.0110506 3.8951e-07 0.00929121 0.0278054 0.00413323 0.00559456 0.0306077 0.0215062 2.2333e-09 0.142982 0.0258913 
9.94053e-05 3.93588e-09 0.00281255 9.29598e-13 1.29879e-07 2.97241e-07 0.000361045 0.000433389 0.000180899 0.00512953 0.813174 0.000999374 4.70266e-05 1.44062e-08 0.00217909 0.0014596 4.98735e-06 0.000197762 0.00578025 0.000110952 0.00164819 0.0186957 0.0861823 2.7475e-10 0.0604872 1.58963e-05 
0.00437082 0.00115943 0.00885383 1.46355e-07 0.000283587 0.000132504 0.0014284 0.0319855 0.0136545 0.0145311 0.593767 0.00973657 0.00891385 2.37301e-05 0.00876542 0.00281626 7.44133e-05 0.00200651 0.00456365 0.00588729 0.00640584 0.00308944 0.0904246 6.03959e-06 0.186124 0.000995503 
0.0175961 4.26267e-05 0.0239978 1.40225e-05 0.000275405 2.48633e-05 0.000193967 0.000138134 0.0330481 0.0117651 0.317888 0.00297464 0.065621 3.01946e-05 0.030348 0.000611469 0.0203999 0.00669377 0.021573 0.00195387 0.0231247 0.00836896 0.0918217 2.65062e-05 0.307099 0.0143699 
2.73265e-05 1.63537e-12 0.00185482 1.43134e-12 2.12506e-05 8.29597e-07 1.38362e-05 0.323669 0.000540776 0.000712512 0.651147 0.000572431 7.62998e-05 1.68556e-12 0.000918645 4.34817e-06 4.78052e-06 2.45124e-06 0.000551044 4.08333e-05 0.000501912 2.27765e-06 0.00376288 4.14318e-10 0.015569 6.13124e-06 
9.94053e-05 3.93588e-09 0.00281255 9.29598e-13 1.29879e-07 2.97241e-07 0.000361045 0.000433389 0.000180899 0.00512953 0.813174 0.000999374 4.70266e-05 1.44062e-08 0.00217909 0.0014596 4.98735e-06 0.000197762 0.00578025 0.000110952 0.00164819 0.0186957 0.0861823 2.7475e-10 0.0604872 1.58963e-05 
0.000149105 5.017e-09 0.00417126 1.00975e-12 1.94408e-07 4.45215e-07 0.000510807 0.000650076 0.000271343 0.00769428 0.734108 0.00149904 7.05362e-05 1.83375e-08 0.00326862 0.00218935 7.48017e-06 0.000296638 0.00867035 0.000166425 0.00247227 0.0280435 0.129273 3.32354e-10 0.0764866 3.2074e-08 
0.00075562 0.00150768 0.00305712 5.71669e-09 5.29494e-05 5.14677e-06 0.00729223 0.0107739 0.00451084 0.00905119 0.821688 0.00618068 0.00104127 3.0374e-05 0.0121134 0.000359965 6.93098e-05 0.000670077 0.00709601 0.00282467 0.00215505 0.00407578 0.025597 0.000658304 0.0778868 0.00054653 
0.00035497 0.000104185 0.00647156 3.09096e-12 1.05268e-06 2.32623e-06 6.2269e-05 0.00126883 0.0014063 6.40919e-05 0.886484 1.02467e-05 2.76672e-05 2.72077e-09 0.0162657 2.22862e-05 1.39765e-06 0.000478119 0.00122462 4.1217e-06 5.86783e-05 2.28137e-05 0.00101997 3.79151e-10 0.0845918 5.3218e-05 
0.000663839 1.4459e-08 0.0166236 8.09751e-12 9.58586e-08 3.05914e-06 0.00144795 0.000309711 0.00145907 0.0379362 0.414159 0.000714103 0.0744122 7.73269e-08 0.00155663 0.0124677 3.57384e-06 0.00597232 0.00452731 0.000639235 0.032965 0.0596174 0.162985 6.58339e-10 0.171501 3.59049e-05 
9.94053e-05 3.93588e-09 0.00281255 9.29598e-13 1.29879e-07 2.97241e-07 0.000361045 0.000433389 0.000180899 0.00512953 0.813174 0.000999374 4.70266e-05 1.44062e-08 0.00217909 0.0014596 4.98735e-06 0.000197762 0.00578025 0.000110952 0.00164819 0.0186957 0.0861823 2.7475e-10 0.0604872 1.58963e-05 
0.0119193 0.00057659 0.00824072 6.11764e-07 0.00338446 0.00037002 0.00469681 0.0129116 0.00728397 0.0416835 0.524063 0.0030699 0.000288786 6.5871e-09 0.0383361 0.0106465 5.56318e-06 0.00495286 0.0196029 0.00425034 0.018848 0.0203712 0.0697827 1.42942e-07 0.1944 0.000314891 
0.000410932 0.0281632 0.00249102 5.10607e-08 4.07574e-06 1.28051e-05 0.000872076 0.00618739 0.00465472 0.00849077 0.779337 0.016244 0.000467287 3.46182e-05 0.0111699 0.000119548 5.88621e-05 0.00119824 0.00589265 0.000629229 0.000728438 0.00318727 0.0385231 4.37013e-06 0.0901117 0.0010064 
2.05661e-06 2.85006e-12 0.000363011 2.49447e-12 1.41612e-09 4.505e-12 2.77437e-08 0.000876525 2.02744e-09 8.45235e-07 0.978371 0.00228733 1.59839e-09 1.28519e-06 6.876e-06 2.11408e-12 1.95091e-08 1.72179e-08 1.12701e-06 4.85876e-07 5.42758e-06 2.93715e-07 1.73799e-06 2.6566e-12 0.0180821 2.26079e-12 
0.00713774 0.00086484 0.00516936 8.48479e-11 3.61295e-05 6.99441e-06 0.00329485 0.000732139 0.0031029 0.00234383 0.75392 0.000830838 0.00670179 0.000615865 0.0109754 0.00545334 1.39875e-05 0.00159293 0.00228802 0.00153064 0.00676434 0.0082134 0.0222753 1.1142e-06 0.141226 0.0149086 
2.73265e-05 1.63537e-12 0.00185482 1.43134e-12 2.12506e-05 8.29597e-07 1.38362e-05 0.323669 0.000540776 0.000712512 0.651147 0.000572431 7.62998e-05 1.68556e-12 0.000918645 4.34817e-06 4.78052e-06 2.45124e-06 0.000551044 4.08333e-05 0.000501912 2.27765e-06 0.00376288 4.14318e-10 0.015569 6.13124e-06 
0.00764086 6.59414e-09 0.010905 6.57359e-11 9.4641e-06 1.62303e-06 0.000250279 0.00224173 0.0161385 0.000510273 0.484937 0.000201868 0.000200975 1.31537e-06 0.104875 0.000308915 1.22409e-05 0.000499181 0.00795458 0.00941203 0.0238198 0.010985 0.00349448 3.58531e-07 0.314952 0.000647765 
0.000182548 5.64918e-05 0.00403725 2.0735e-10 7.81145e-07 7.82545e-07 0.00110531 0.000705686 0.00076975 0.00283302 0.824996 0.0144734 0.00058115 0.000151179 0.00225129 0.000555893 3.03938e-05 0.000511155 0.00281179 7.94721e-05 0.000287553 0.00231472 0.0327152 4.20918e-08 0.106763 0.00178561 
0.00438849 0.000279264 0.00422433 2.17789e-07 0.000638471 6.69258e-06 4.94668e-05 0.0422152 0.00104766 0.0547959 0.74124 0.00184051 0.00228286 0.000106305 0.0164513 0.000990468 2.21958e-05 0.00252554 0.00940337 0.00276288 0.0103853 0.00486531 0.0353872 3.87779e-07 0.062602 0.00148913 
0.0171438 4.88573e-05 0.00735995 1.28808e-07 0.00121282 0.000488441 0.00428408 0.0122715 0.00202881 0.0166644 0.297639 0.00782591 0.000458432 0.000273703 0.0653074 0.000625036 0.0039675 0.00677711 0.0247509 0.175684 0.00330276 0.0206094 0.0364464 1.86855e-06 0.293505 0.00132285 
