0.0105143 0.000202704 0.00113429 3.59751e-05 5.43134e-08 1.54286e-05 5.54864e-06 1.88803e-05 0.178955 0.0256732 2.82842e-08 0.078166 0.519066 0.000258492 0.0141409 1.89868e-05 7.64716e-05 0.0600963 0.0158614 3.71151e-05 0.0571509 0.000983029 0.0247511 2.53453e-07 0.0127574 7.947e-05 
8.72617e-07 2.54082e-10 0.0395498 2.22381e-10 6.29585e-07 4.0162e-10 2.00981e-06 1.34753e-10 4.30317e-07 4.36679e-07 3.34591e-11 8.40259e-11 9.71294e-11 2.61879e-10 7.33748e-08 1.88469e-10 5.3385e-11 8.21337e-07 3.38934e-11 2.73633e-07 3.68277e-07 4.43529e-07 2.73443e-07 2.36835e-10 0.960444 2.01549e-10 
0.000463071 0.000531526 0.00214956 1.33863e-07 4.70441e-11 6.9053e-11 0.00422202 0.0048848 0.040955 0.126256 5.75283e-12 0.107894 1.67001e-11 6.07903e-07 0.0282193 2.00941e-07 1.27595e-07 8.07717e-09 0.300982 1.04527e-11 1.5904e-06 0.00835503 0.000476839 6.92655e-08 0.374608 4.436e-07 
2.66303e-12 4.30036e-08 6.10342e-10 2.29182e-09 1.40289e-11 2.26719e-08 9.62983e-12 6.90914e-12 2.66596e-08 0.78488 1.71554e-12 6.67818e-08 1.69826e-07 1.34273e-11 0.0028677 5.41243e-08 1.3415e-08 0.00135165 0.0495626 1.19075e-07 2.32353e-07 1.43311e-08 0.161288 1.21432e-11 4.98679e-05 1.0334e-11 
0.0071686 0.501735 0.00217695 4.29245e-05 8.19137e-07 1.20236e-06 0.0813921 4.0342e-07 0.244004 0.00479439 1.00169e-07 4.68158e-05 6.438e-07 7.84007e-07 0.0796224 5.64234e-07 1.22724e-05 2.06762e-06 0.00518623 0.000228084 1.93142e-06 0.00377487 0.062641 7.0903e-07 0.00713141 3.34539e-05 
7.22818e-06 2.67197e-06 0.0914434 5.17926e-09 6.37244e-09 9.3537e-09 4.37422e-09 7.40847e-07 0.781175 4.59592e-06 7.7926e-10 3.51501e-06 0.0424738 6.09915e-09 0.0239403 4.56141e-06 1.48923e-06 8.09421e-06 0.0431943 2.10927e-06 4.79447e-06 0.000862431 0.0120795 7.89293e-06 0.00478325 4.69406e-09 
0.00884531 0.00370579 2.13131e-05 7.56841e-07 3.84757e-06 1.12903e-06 2.30743e-06 8.10865e-05 0.929646 2.86108e-06 9.40599e-08 1.88103e-05 2.7305e-07 8.33896e-05 0.00259294 0.000115712 1.50076e-07 0.0305123 0.00110816 3.19484e-06 0.00125703 0.000624453 0.0145319 0.00151245 0.0052233 0.000105353 
3.72394e-08 1.82174e-07 0.0272077 0.00770924 1.96178e-07 2.87957e-07 0.0189461 5.12385e-05 0.80617 0.0360044 2.39898e-08 0.00157436 6.10349e-05 1.87765e-07 4.56572e-05 7.4379e-05 3.82765e-08 0.00617322 2.43012e-08 1.70265e-06 9.35162e-05 0.0562772 3.6384e-05 1.69808e-07 0.0395721 1.44508e-07 
4.98132e-06 0.20021 0.0203303 7.32447e-09 9.01186e-09 1.32279e-08 3.08428e-06 4.43828e-09 0.117727 2.42956e-05 1.10202e-09 2.748e-05 3.1991e-09 8.62538e-09 0.634326 6.20751e-09 1.70785e-06 0.00186741 1.11633e-09 4.85466e-06 4.67913e-06 0.0140762 0.0104758 7.80051e-09 0.000916205 6.63831e-09 
0.062582 0.0338551 0.0019024 3.59254e-06 7.18605e-06 0.000416984 0.0057989 0.000975959 0.509372 2.52405e-05 1.68333e-06 0.0327408 0.0253148 0.0412644 0.0100781 0.00224771 6.2632e-05 0.0343011 0.0541732 0.000503097 0.0354254 0.0110939 0.135296 3.75626e-06 0.00186737 0.000687603 
4.31703e-11 0.121989 0.0194343 1.84839e-10 1.07678e-06 2.01287e-07 0.000830425 1.3466e-06 0.0171912 0.0168533 2.78106e-11 0.00263828 0.0124435 2.17669e-10 0.18938 4.48089e-07 7.41328e-08 0.000508817 0.0456159 0.0252977 0.0649219 0.00103394 0.159165 1.96853e-10 0.321066 0.0016275 
0.0126162 0.00213554 0.00144136 9.39829e-07 0.173222 8.91568e-06 0.000130859 3.61871e-06 0.0548832 0.00923142 1.41405e-07 0.0128348 0.00039868 0.000222024 0.00677788 0.138869 0.000116606 0.123528 0.140773 0.00116737 0.00973616 4.63934e-05 0.046875 0.242557 0.0224074 1.78063e-05 
0.0921222 2.11814e-06 0.000115121 4.64649e-10 5.71694e-10 0.000351558 5.96469e-07 3.25719e-07 1.23848e-06 0.00251457 6.99102e-11 0.682003 2.02944e-10 1.32058e-06 0.00366856 6.68915e-07 1.11544e-10 0.0609948 0.00147798 0.0161386 0.0282218 0.00129659 0.111088 4.94848e-10 5.35793e-08 4.39453e-07 
4.31703e-11 0.121989 0.0194343 1.84839e-10 1.07678e-06 2.01287e-07 0.000830425 1.3466e-06 0.0171912 0.0168533 2.78106e-11 0.00263828 0.0124435 2.17669e-10 0.18938 4.48089e-07 7.41328e-08 0.000508817 0.0456159 0.0252977 0.0649219 0.00103394 0.159165 1.96853e-10 0.321066 0.0016275 
0.0895257 8.13733e-05 5.23357e-07 0.000139878 2.71373e-06 3.54913e-06 1.65974e-06 0.00136848 0.130575 0.00275401 2.95679e-07 0.000994759 6.20968e-05 2.31424e-06 0.00703373 0.0366946 1.87417e-05 0.000556817 0.207462 3.63492e-06 0.0023231 0.00145064 0.000259446 0.390926 0.127757 1.7811e-06 
6.24353e-12 3.05432e-11 0.00147461 2.67325e-11 3.28911e-11 4.82787e-11 2.25774e-11 0.00165405 0.887248 0.0129068 4.02212e-12 0.0115497 1.16759e-11 3.14805e-11 2.54986e-07 0.00152801 7.63736e-08 1.1255e-06 0.00627229 1.10864e-06 3.77141e-07 5.62377e-08 0.0286452 2.84699e-11 0.0487186 1.04205e-07 
0.0012075 1.08323e-06 0.00239559 0.00154012 1.16649e-06 1.71222e-06 7.04226e-06 0.00048046 0.00786992 0.0375599 1.42646e-07 0.00259753 1.58221e-05 1.11647e-06 0.00238241 8.03499e-07 1.51785e-06 0.00155674 0.0173456 0.000139406 0.00250626 0.847074 0.0463085 1.0097e-06 0.00304008 0.0259644 
1.67839e-06 0.198939 0.0014512 4.10036e-10 5.04499e-10 5.44171e-06 0.000453274 2.48463e-10 0.012248 0.0107042 6.16932e-11 9.07292e-05 0.0228858 1.87561e-06 0.235479 5.01491e-05 1.96126e-07 0.0530799 0.000757797 0.000981945 0.412888 0.0133387 0.0254993 4.36685e-10 0.011042 0.000101879 
0.000164452 0.000127752 1.89101e-06 2.01898e-05 2.48411e-05 1.28238e-05 0.000216034 4.30269e-06 0.0018228 0.000598045 1.06836e-06 2.68297e-06 0.00120365 0.00239751 0.000180524 6.01787e-06 1.7046e-06 0.000924097 0.000749177 0.000363344 1.56768e-06 0.941687 0.0212726 7.5622e-06 0.0279287 0.000279282 
0.00962337 5.65539e-06 0.000433318 0.00812265 2.73527e-06 3.08329e-06 0.00164195 0.000134048 0.1267 0.0285498 1.18272e-07 0.0120046 0.00222854 0.000109011 0.00380542 0.00368093 1.25017e-06 0.00433643 0.086343 0.00100846 0.648826 0.00896091 0.0160745 8.3717e-07 0.0372833 0.000120094 
0.0109359 1.12044e-07 0.00658667 1.5263e-10 0.00385457 8.30039e-06 0.00125541 0.000937996 0.103919 6.0826e-06 2.29643e-11 0.313068 3.3152e-05 3.97962e-08 0.0838657 1.29354e-10 0.138786 0.0282374 0.00440518 0.0156336 0.0490002 0.000164535 0.00325818 6.25638e-06 0.236038 1.38331e-10 
0.056791 8.84306e-05 0.104872 9.21564e-05 4.00672e-09 5.88121e-09 0.0014112 0.0026828 0.00765169 0.269536 4.89966e-10 0.10741 1.42234e-09 3.83489e-09 0.000797828 2.75989e-09 7.81755e-10 0.00915775 0.115611 0.0021274 0.0387234 1.90666e-06 0.00404577 3.46815e-09 0.277923 0.00107634 
2.07576e-07 1.61298e-07 0.0666484 2.64214e-05 2.01333e-06 2.54959e-07 0.000103667 0.00892497 0.561456 0.0549142 2.12407e-08 0.000660474 6.16603e-08 1.66248e-07 6.23509e-05 7.29818e-05 3.62719e-05 0.00840569 0.000314569 6.52336e-05 0.000177627 1.56806e-05 0.0225019 1.84624e-05 0.274149 0.00144252 
6.58983e-05 6.12474e-05 2.13376e-05 1.8882e-05 2.32319e-05 3.98017e-05 1.59471e-05 4.85504e-05 0.000239717 0.000484378 9.68026e-06 9.30124e-05 0.997799 2.22356e-05 0.000108354 1.65376e-05 1.12015e-05 0.000159739 0.000162032 2.77718e-05 0.000198892 5.18968e-05 0.000176497 4.16252e-05 4.79267e-05 5.4306e-05 
0.0279498 1.23164e-06 0.0216152 2.7076e-06 0.000109388 0.000413897 0.000115837 1.13807e-06 0.827304 0.00828172 2.1092e-07 0.000522802 0.0474567 0.000168541 0.00118066 1.70036e-05 3.38219e-05 0.00681904 0.00229716 6.7302e-06 0.0194931 0.00171219 0.0261916 4.27917e-05 0.00826148 1.14966e-06 
0.00118441 6.66436e-05 0.00232324 2.30652e-06 2.48105e-05 0.000266439 0.000116215 1.74431e-05 0.610363 0.0549138 1.61728e-07 6.46257e-05 0.0732839 0.000228248 0.0139088 0.00021802 5.80409e-05 0.00890413 0.000804245 0.000282444 0.0641154 0.00316549 0.161796 1.14477e-06 0.00361551 0.000274986 
0.112666 0.00992379 6.56163e-10 2.46388e-09 1.42511e-05 4.44975e-09 1.56089e-05 1.493e-09 0.271183 5.5254e-06 3.7071e-10 1.22896e-05 1.07615e-09 2.90149e-09 0.156762 2.08815e-09 5.97394e-08 0.394402 0.00963677 1.66377e-05 2.39402e-06 8.61599e-06 0.0249581 2.62401e-09 0.0203901 2.23529e-06 
0.0145547 0.0104246 0.000611943 6.20754e-10 2.02888e-08 8.17919e-07 9.76926e-08 0.000247976 0.23144 0.0588595 9.33973e-11 0.00112212 1.4236e-07 2.40471e-05 0.0020273 4.06217e-06 0.00203883 0.000542373 0.659376 0.00030288 1.59727e-05 0.000447642 0.0119068 0.00061487 0.00543803 5.62601e-10 
0.0458414 0.000213747 1.06806e-05 1.50844e-05 0.00203983 2.53532e-05 0.00301008 2.77426e-07 0.0337035 0.0213417 9.15051e-08 0.0224876 0.000973352 1.26024e-05 0.000428339 0.000229304 0.000153135 0.83246 0.00481937 0.00355375 0.016532 0.0059853 0.00092387 1.11783e-06 0.00520009 3.81271e-05 
0.000133104 0.0349947 1.02087e-06 3.83334e-06 0.000136869 6.92299e-06 3.23751e-06 4.94996e-05 0.946048 0.000110865 5.76756e-07 0.00244134 4.22471e-05 4.51418e-06 0.000152545 8.71127e-06 1.25249e-05 3.94041e-05 0.0114576 0.000137545 6.10909e-05 1.04717e-06 0.000201888 0.000212963 0.00364266 9.55579e-05 
3.96988e-07 6.31635e-07 0.00457849 2.18697e-10 2.6908e-10 0.000256533 0.529445 1.3252e-10 0.263821 0.0109179 3.29048e-11 0.0308322 0.00291254 2.5754e-10 0.00272703 3.69402e-06 0.00202287 0.0209144 0.00584903 0.0382319 0.000744865 0.0054702 0.0779426 6.71683e-07 0.00332783 6.33612e-07 
8.50748e-07 1.57816e-09 0.00435434 3.50962e-08 7.89859e-07 2.49455e-09 4.56757e-07 8.3698e-10 0.973664 7.14817e-07 2.07822e-10 4.41464e-07 6.03293e-10 0.00477691 3.05589e-06 1.17063e-09 3.31586e-10 7.82951e-07 4.74509e-07 0.00197371 2.57576e-06 1.0227e-06 0.00432667 1.47103e-09 0.0108663 2.68298e-05 
0.00137858 8.18491e-08 0.000801813 1.41724e-10 3.21834e-07 3.39271e-05 1.36776e-07 9.69931e-08 0.0203138 0.00301824 2.13236e-11 0.0208398 1.99247e-07 0.0126208 0.0329025 8.55196e-05 8.45738e-05 1.78944e-06 0.372379 6.24204e-07 0.436839 0.0917383 0.00350217 3.42146e-08 0.00345821 1.28448e-10 
0.0132123 0.10023 0.0015458 0.0281215 8.04259e-05 8.636e-06 0.00108888 9.40134e-06 0.659711 0.00632327 7.47046e-07 0.00600145 5.31132e-05 0.000237608 0.00264948 0.00413253 0.000243827 0.00340691 0.107594 0.000427129 0.00043988 0.0175845 0.0263419 2.96501e-05 0.0202801 0.000245924 
2.2428e-06 0.0609986 0.0162446 4.80257e-08 8.49755e-07 1.17086e-07 0.00431921 1.84507e-06 0.0236856 0.0596726 3.78652e-11 0.00131995 0.0156078 2.96365e-10 0.169589 0.000242438 1.01575e-07 0.00836797 0.0228088 0.0176019 0.18828 0.00833079 0.24101 2.68023e-10 0.160535 0.00138041 
0.0921222 2.11814e-06 0.000115121 4.64649e-10 5.71694e-10 0.000351558 5.96469e-07 3.25719e-07 1.23848e-06 0.00251457 6.99102e-11 0.682003 2.02944e-10 1.32058e-06 0.00366856 6.68915e-07 1.11544e-10 0.0609948 0.00147798 0.0161386 0.0282218 0.00129659 0.111088 4.94848e-10 5.35793e-08 4.39453e-07 
1.55556e-06 8.86911e-11 0.00118698 7.76256e-11 9.55088e-11 1.40191e-10 4.45873e-07 4.70375e-11 8.45398e-05 0.382697 1.16794e-11 0.00188988 4.84866e-07 9.14128e-11 1.01386e-06 0.00374245 0.00072608 2.91434e-06 0.0576023 0.0281633 0.0653382 0.0429012 0.383196 8.26707e-11 0.0324659 1.05601e-07 
0.00928303 0.00206294 0.00516146 2.90998e-06 4.21996e-07 1.42421e-05 0.000129605 0.00091694 0.168951 1.28021e-05 8.15933e-08 0.00137003 0.00393883 0.187852 0.0109638 1.33194e-05 2.98809e-06 0.44302 0.122146 0.0024134 0.0153243 0.00183604 0.00733642 0.000544715 0.0166944 7.48083e-06 
0.00165495 1.83993e-06 0.0146227 1.98713e-11 2.44493e-11 7.86564e-06 2.5693e-05 1.21167e-08 0.000264668 0.00770495 2.9898e-12 4.092e-08 0.0782334 4.2967e-07 0.000427315 0.000120167 4.77032e-12 0.0230452 0.00354309 0.000664348 0.0219336 0.00616969 0.00973349 2.11628e-11 0.831847 1.80098e-11 
6.15477e-05 1.02517e-06 0.000236932 1.07821e-05 1.10398e-06 1.62046e-06 0.00120821 5.43702e-07 0.922856 1.6969e-07 1.35001e-07 0.000277939 0.0120106 1.05663e-06 0.000373001 4.17902e-05 4.75068e-05 0.0363218 0.00010388 2.45292e-07 0.0220071 7.4972e-05 0.00427317 1.76269e-05 7.07912e-05 8.13211e-07 
0.0136569 7.11049e-05 0.0268543 2.96884e-06 2.64128e-09 3.84379e-06 0.000174165 0.000511566 0.0261445 0.0501935 1.28868e-09 0.000971517 8.0151e-07 1.52236e-06 0.0502027 9.54586e-05 0.000113588 0.00601946 0.101428 0.0592535 0.079986 0.00629629 0.501037 8.84934e-06 0.0769636 8.33022e-06 
0.112666 0.00992379 6.56163e-10 2.46388e-09 1.42511e-05 4.44975e-09 1.56089e-05 1.493e-09 0.271183 5.5254e-06 3.7071e-10 1.22896e-05 1.07615e-09 2.90149e-09 0.156762 2.08815e-09 5.97394e-08 0.394402 0.00963677 1.66377e-05 2.39402e-06 8.61599e-06 0.0249581 2.62401e-09 0.0203901 2.23529e-06 
3.3341e-10 1.63104e-09 1.93069e-06 1.42754e-09 1.75641e-09 2.57813e-09 1.20565e-09 0.00157694 0.981087 0.00285798 2.14785e-10 0.00344975 6.23506e-10 1.68109e-09 5.052e-07 5.9296e-07 4.05761e-07 3.01264e-10 0.000104453 3.8785e-06 2.5172e-08 3.89969e-10 1.55315e-06 3.88506e-05 0.010876 1.29381e-09 
7.76047e-08 0.000141159 0.108556 3.43202e-06 4.08823e-07 6.00086e-07 2.15513e-05 2.58002e-05 0.496038 0.013991 4.99934e-08 1.53514e-05 0.0034778 6.88342e-05 0.067774 0.000185542 0.000755931 0.0177403 0.0195885 9.08361e-08 3.60486e-05 0.0461682 0.00111382 3.5387e-07 0.224235 6.22912e-05 
0.0921222 2.11814e-06 0.000115121 4.64649e-10 5.71694e-10 0.000351558 5.96469e-07 3.25719e-07 1.23848e-06 0.00251457 6.99102e-11 0.682003 2.02944e-10 1.32058e-06 0.00366856 6.68915e-07 1.11544e-10 0.0609948 0.00147798 0.0161386 0.0282218 0.00129659 0.111088 4.94848e-10 5.35793e-08 4.39453e-07 
7.2099e-10 3.52706e-09 4.40895e-06 6.53252e-07 6.73009e-06 5.52799e-07 7.82733e-06 3.94156e-06 0.0475548 0.211514 4.64466e-10 3.78709e-05 1.34831e-09 0.255521 0.00132409 3.0914e-06 6.87951e-05 0.000959661 0.00399139 0.00455264 0.444057 0.0222646 6.27541e-06 3.28765e-09 0.00811456 5.23277e-06 
0.0037588 1.56427e-07 4.18004e-07 8.04883e-11 1.98161e-07 1.45361e-10 6.79776e-11 4.87721e-11 0.00705246 0.57551 1.21101e-11 5.1731e-08 1.01984e-07 0.000821569 0.00684061 6.82141e-11 1.9322e-11 0.134499 0.0188026 2.20036e-11 0.0199131 6.46452e-07 0.232162 1.72296e-08 0.000634501 4.67603e-06 
0.0101588 2.12521e-06 0.0322908 3.00626e-05 7.3308e-06 0.000137173 3.87286e-07 0.000361037 0.299622 0.0597993 4.61782e-10 0.00277125 5.04845e-05 5.18523e-06 0.197866 2.81946e-05 0.000219256 0.00971211 0.279366 0.0206929 1.50886e-07 0.000559605 0.0384686 2.27393e-06 0.0478486 2.78166e-09 
4.35211e-05 0.000136278 0.0549179 2.1283e-07 2.61861e-07 3.84369e-07 7.0505e-05 1.28965e-07 0.878506 0.00127879 3.2022e-08 0.00363016 0.0136092 2.6744e-05 4.20306e-05 2.31663e-05 5.1092e-08 0.00897588 0.00924507 9.61147e-06 0.00074627 1.90187e-06 0.00745369 2.26662e-07 0.0212822 1.92892e-07 
0.0560624 3.25841e-07 0.0523717 3.54736e-06 8.04838e-06 4.13021e-05 0.000103624 4.27832e-06 0.734729 0.00751174 4.29087e-08 0.00162126 0.000805238 3.3584e-07 0.00255922 4.36265e-05 8.51581e-07 0.0223774 0.00127952 5.62417e-05 0.016991 0.0662106 0.00547441 3.03723e-07 0.0317399 3.89733e-06 
0.00888361 1.07727e-07 8.82584e-07 0.351882 1.18031e-09 1.7325e-09 8.10195e-10 0.000127416 0.0874694 0.103266 1.44335e-10 0.00640433 0.00835796 1.12969e-09 0.045484 8.13014e-10 2.53491e-07 0.000287846 0.0303601 2.62251e-10 0.00052113 0.170768 0.0253801 1.9244e-06 0.160774 3.0675e-05 
4.03898e-07 6.81097e-10 2.96886e-06 1.13322e-06 7.33453e-10 1.74418e-05 5.03463e-10 1.48137e-06 0.0289501 2.72741e-07 8.9691e-11 4.28182e-07 2.60367e-10 7.01998e-10 2.36719e-08 5.05214e-10 1.43105e-10 1.25803e-10 0.0117226 1.62965e-10 1.3161e-10 1.62845e-10 1.4584e-06 6.34863e-10 0.959298 3.45831e-06 
0.000430738 3.0206e-06 0.809108 2.76424e-08 2.20567e-05 2.26236e-06 3.31151e-05 6.22131e-07 0.0093624 0.00815466 1.61269e-10 0.00506328 2.75415e-06 2.31806e-05 0.0532475 5.18838e-07 7.67998e-08 0.00477271 9.67155e-05 0.000237184 0.000785796 2.92804e-10 0.0136032 1.1747e-05 0.0642018 0.0308368 
0.0584985 6.60236e-08 0.0266828 5.77862e-08 1.56624e-05 1.04361e-07 1.89371e-05 3.50157e-08 0.607088 0.000145992 8.69439e-09 8.78024e-05 2.52392e-08 0.00280594 0.0232778 0.0140631 6.77394e-06 0.0536352 0.0641245 2.39766e-05 1.20583e-05 1.57858e-08 0.0742378 6.15419e-08 0.0747115 0.000563004 
0.00928303 0.00206294 0.00516146 2.90998e-06 4.21996e-07 1.42421e-05 0.000129605 0.00091694 0.168951 1.28021e-05 8.15933e-08 0.00137003 0.00393883 0.187852 0.0109638 1.33194e-05 2.98809e-06 0.44302 0.122146 0.0024134 0.0153243 0.00183604 0.00733642 0.000544715 0.0166944 7.48083e-06 
4.95205e-07 8.14667e-10 1.75275e-07 4.18032e-08 3.87576e-07 1.28772e-09 5.44752e-07 0.00114974 0.947874 6.43501e-07 1.0728e-10 0.00563983 3.90573e-06 8.39667e-10 4.58266e-07 6.04292e-10 0.000975093 0.00565952 0.00589172 0.00848781 0.0123501 1.72729e-05 0.0109249 7.59367e-10 0.00102354 6.46229e-10 
0.0105252 0.00147407 0.00757119 1.78675e-08 2.19838e-08 3.22686e-08 0.0010152 0.000115231 0.00818453 0.0559568 2.68831e-09 0.0128721 1.09539e-05 0.000801606 0.0933227 7.80843e-07 6.30698e-05 0.108408 0.111307 1.55654e-05 0.0451888 0.237957 0.159078 6.10775e-05 0.134743 0.0113282 
0.0196804 1.51813e-07 0.000533868 2.5908e-07 8.17214e-05 2.14142e-10 1.99176e-05 7.18496e-11 0.00136571 0.00740088 1.78402e-11 0.00446588 2.47593e-07 6.60693e-08 0.0560713 0.00148355 2.84646e-11 0.770271 0.00721393 0.0547201 0.00720938 0.042512 0.0261825 1.26279e-10 0.000786673 1.07465e-10 
4.98969e-10 2.44095e-09 5.68951e-10 2.1364e-09 2.62858e-09 3.85833e-09 1.80433e-09 1.29456e-09 6.07165e-06 0.999746 3.21439e-10 8.0723e-10 0.000105443 2.51585e-09 1.99833e-05 1.08817e-06 1.84683e-06 5.14436e-05 6.51255e-06 8.93641e-06 9.99988e-06 8.69639e-06 2.90305e-05 2.27525e-09 5.38647e-06 1.93626e-09 
0.0647707 2.33556e-06 0.000993107 2.04416e-06 0.000625884 3.69174e-06 0.0017734 0.000139886 0.0241252 0.0193461 3.0756e-07 0.00509509 0.000236458 2.40723e-06 0.754523 0.00169327 4.90722e-07 0.00232856 0.017205 0.020543 0.000523653 0.00147835 0.000471433 0.00121682 0.0828975 1.85266e-06 
0.280225 1.82939e-06 0.0485774 7.39289e-09 9.09605e-09 0.000790821 4.68435e-07 1.00424e-05 0.0719225 0.0507358 1.11232e-09 0.00410911 0.0134183 7.43061e-07 0.0456807 0.0119916 6.71066e-05 0.159595 0.235429 0.000659257 0.00480341 0.0265621 0.0447737 7.79431e-05 0.000568713 6.70032e-09 
0.000111717 3.09594e-06 4.56065e-05 2.70968e-06 3.33393e-06 4.89367e-06 4.82784e-05 2.82519e-05 0.965337 0.000376601 4.07693e-07 0.00151477 0.0219804 3.19095e-06 3.53947e-05 0.000126888 1.08112e-05 0.00310865 0.00417053 7.40763e-07 9.71646e-06 0.00263741 0.000117339 7.07735e-06 8.77458e-05 0.000227043 
0.000939956 1.03525e-06 0.00980244 5.13743e-10 5.31203e-07 9.27817e-10 1.07271e-06 3.11304e-10 0.249397 0.0446865 7.72967e-11 0.033051 2.24387e-10 6.0499e-10 4.09995e-07 0.0614429 0.000183045 0.0489963 0.142704 0.0128291 0.0266524 1.1319e-06 0.300676 4.13874e-07 0.0686351 3.03277e-07 
0.0066979 3.75741e-07 0.0027254 2.5107e-06 4.04624e-07 4.39381e-05 2.77745e-07 0.114762 0.228796 0.0124865 4.94799e-08 0.00165732 0.000232185 6.46212e-05 0.00418234 0.318359 0.00013193 0.000123207 0.0118483 0.000467514 0.000488944 8.98369e-08 0.000211615 3.1374e-05 0.296686 2.98054e-07 
2.39084e-09 2.32388e-06 0.255333 1.02367e-08 1.2595e-08 0.349576 8.64558e-09 0.0232624 0.301467 5.27818e-07 1.54019e-09 0.00800672 4.47108e-09 1.20549e-08 0.0138694 8.67565e-09 3.82169e-05 0.0195291 0.00137075 5.60583e-07 1.92821e-05 2.79642e-09 0.00101173 2.23937e-07 0.00592754 0.0205846 
0.000110975 5.85479e-06 0.00178784 5.12432e-06 6.30485e-06 9.25449e-06 4.32783e-06 3.1051e-06 0.000516798 0.00189613 7.70995e-07 0.00019269 0.948 6.03446e-06 5.12023e-05 0.000373187 1.23015e-06 0.000537461 7.81003e-07 1.40087e-06 1.13134e-06 1.39984e-06 0.0436761 5.45737e-06 0.00280108 4.64427e-06 
2.2936e-07 0.00037188 0.000159804 9.82036e-07 0.000124057 1.77355e-06 0.000561432 5.95068e-07 0.252509 0.00184088 1.47755e-07 3.71058e-07 0.00338019 0.00312784 0.729674 0.00505689 0.000144051 0.000953688 0.000319722 2.68466e-07 0.000782778 2.68268e-07 0.000566432 0.000213717 0.000208414 8.90039e-07 
3.96988e-07 6.31635e-07 0.00457849 2.18697e-10 2.6908e-10 0.000256533 0.529445 1.3252e-10 0.263821 0.0109179 3.29048e-11 0.0308322 0.00291254 2.5754e-10 0.00272703 3.69402e-06 0.00202287 0.0209144 0.00584903 0.0382319 0.000744865 0.0054702 0.0779426 6.71683e-07 0.00332783 6.33612e-07 
0.000186011 2.48679e-05 0.0100648 2.8314e-06 6.36405e-08 9.34138e-08 0.0170502 0.00150658 0.657184 0.138938 7.78233e-09 0.00142311 0.00056214 6.09111e-08 0.000810996 0.000730216 1.2417e-08 0.0237365 0.00122746 0.000204427 0.0973842 0.00122635 0.0217559 5.5086e-08 0.0259813 4.68788e-08 
1.67079e-08 0.000189877 1.65437e-07 1.00676e-07 1.66241e-07 2.39207e-11 0.000221389 6.82288e-08 0.0330708 0.166074 1.99284e-12 0.278971 5.78508e-12 2.10584e-07 3.37073e-07 0.000480367 0.000813326 9.21026e-07 0.348755 8.39331e-07 5.5093e-07 0.000324441 0.0966589 2.39943e-08 0.0744374 1.20044e-11 
5.03957e-08 0.0480794 0.000253819 2.15776e-07 2.65486e-07 3.74643e-05 0.00025158 1.3075e-07 0.0403381 6.03343e-05 3.24652e-08 7.50622e-05 0.000216779 2.541e-07 0.000948601 0.885301 5.17992e-08 0.0227237 0.000138743 0.000211446 0.000599066 7.38966e-05 0.000519904 2.298e-07 4.73746e-05 0.000122682 
1.26015e-07 6.16462e-07 0.00113529 5.39549e-07 6.6385e-07 9.74423e-07 0.00346365 3.26942e-07 0.00924333 0.921683 8.11795e-08 0.00316012 2.35659e-07 6.35379e-07 0.00132404 0.00347571 0.000777275 0.00192443 0.0196456 0.00386464 0.0077787 0.00365546 0.0168074 5.74616e-07 0.00107838 0.000978497 
0.0406199 0.00687897 0.0250973 1.84746e-09 2.27307e-09 3.3365e-09 1.5603e-09 1.11947e-09 0.147371 0.0560459 2.77965e-10 3.48812e-06 0.0599887 3.53267e-05 4.02687e-06 0.0192156 4.43502e-10 0.457289 0.0104953 5.05052e-10 8.82723e-06 6.29422e-06 0.176935 1.96753e-09 5.0411e-06 1.67439e-09 
0.0812956 0.00869487 0.0024724 2.54433e-08 3.13049e-08 4.59504e-08 1.78438e-06 5.21528e-06 0.227538 0.307834 3.82814e-09 9.61363e-09 0.0532229 2.99623e-08 0.00143102 0.0237131 6.10792e-09 0.222443 0.0288516 6.95559e-09 0.00442098 0.000551994 7.16014e-06 2.70969e-08 0.0355675 0.00194912 
0.0306107 1.50012e-06 0.00591335 1.2261e-05 0.000315024 2.3712e-06 3.38914e-05 7.95593e-07 0.324562 0.00589836 1.97545e-07 5.80335e-05 0.0352807 2.93756e-06 0.000460686 4.80162e-05 3.04566e-05 0.517479 0.00012059 1.42482e-05 0.000106203 0.0525284 0.0261767 1.39829e-06 0.000340996 1.18996e-06 
0.000291186 1.73584e-05 1.34418e-08 5.04737e-08 6.21018e-08 9.11552e-08 4.26284e-08 3.05847e-08 0.000111911 0.000158239 7.59418e-09 0.000259388 0.849972 0.00104023 0.000233732 4.27767e-08 1.21167e-08 0.14636 0.00029541 1.37983e-08 4.23566e-05 0.000654952 0.000486886 5.37542e-08 7.55723e-05 4.57453e-08 
0.0194786 1.46737e-05 0.00170755 1.27725e-05 1.67603e-06 1.80613e-05 2.99007e-05 2.07934e-05 0.643064 0.00848226 1.42022e-08 0.0534346 0.000225388 6.80648e-05 0.035051 4.40903e-06 5.41231e-05 0.00117507 0.105634 0.00151795 0.00341343 2.5058e-05 0.0408051 8.17881e-05 0.0856797 8.55504e-08 
0.000382644 0.000288002 0.0133569 9.15556e-07 0.000681973 7.60848e-07 7.03484e-06 3.61346e-05 0.733202 0.0161829 6.33865e-08 7.20472e-05 0.000352199 0.00031073 0.0193756 0.000192954 1.01135e-07 0.00466194 0.0154345 1.34872e-05 0.00682827 0.00176372 0.0679928 4.48671e-07 0.104698 0.0141641 
0.0040253 1.71364e-09 5.64707e-06 1.49984e-09 1.84537e-09 0.00889971 7.98733e-05 2.82122e-06 0.0249823 0.280063 2.25662e-10 5.66706e-10 0.511065 2.41236e-06 0.00841411 3.09056e-06 1.8658e-07 0.00520739 1.65543e-06 0.0808546 4.13918e-06 1.16994e-06 0.0574812 2.27589e-06 0.0189017 2.46204e-06 
0.00129396 9.8976e-07 0.0128198 2.01617e-11 2.48066e-11 1.20951e-05 1.37763e-05 9.36115e-09 0.000158094 0.00412778 3.03349e-12 3.08098e-08 0.0476013 2.36082e-07 0.000228935 6.44143e-05 4.84003e-12 0.0133762 0.00226421 0.00035594 0.0131302 0.00330529 0.00521444 2.14721e-11 0.896032 9.80212e-09 
0.0751592 9.94048e-10 0.0100195 8.70026e-10 1.07046e-09 1.57126e-09 0.000520997 5.27195e-10 0.041357 0.010663 1.30902e-10 3.28735e-10 4.25586e-06 7.49954e-06 0.000134237 7.3735e-10 9.1857e-05 0.832154 0.00852748 0.00133709 5.71447e-07 0.000971807 0.0172011 9.26571e-10 0.00184967 3.6298e-07 
2.68242e-06 0.0034208 2.70949e-10 0.000186171 2.68229e-06 1.83744e-09 8.5927e-10 0.000210688 0.126702 2.24061e-06 1.53077e-10 0.0850802 8.23566e-07 1.19811e-09 0.147624 8.62259e-10 6.33352e-07 0.00119812 0.00781787 0.00635147 1.22244e-06 2.77931e-10 0.337678 0.000612864 0.283106 1.86907e-06 
0.00606464 2.98847e-06 4.05078e-06 9.87808e-07 8.76025e-07 0.00314634 0.0148028 0.000137714 0.556272 0.0179041 8.14471e-11 0.00961674 0.00296605 9.3742e-06 0.0105003 2.88407e-05 0.000476187 0.0128732 0.140178 9.04286e-07 0.00950273 0.00685958 0.14456 3.69183e-07 0.0635384 0.000552777 
0.00125594 2.50786e-08 0.0800232 2.19497e-08 2.70064e-08 1.86644e-07 0.287144 0.000212461 0.0346298 0.0321704 3.30251e-09 0.00236937 0.141427 2.58482e-08 0.1977 6.68952e-05 4.9898e-05 0.112404 4.80971e-07 0.0173918 0.0186557 0.0167142 0.0255812 1.50694e-06 0.0316591 0.000542973 
7.14434e-12 9.71114e-08 1.20802e-08 0.0011604 3.76366e-11 5.12039e-08 2.58348e-11 1.85358e-11 6.02007e-08 0.153766 4.60243e-12 3.77025e-08 1.33605e-11 3.60225e-11 0.006361 2.15376e-05 1.41297e-08 0.000114717 0.156559 8.36244e-12 1.25759e-07 8.35628e-12 0.681337 3.25775e-11 0.000679301 2.77238e-11 
2.58844e-06 6.28003e-06 0.000127115 9.11944e-08 2.94848e-06 3.80634e-05 0.000123679 1.2129e-05 0.892567 0.00156617 1.37209e-08 5.36406e-05 3.98309e-08 6.06627e-07 0.0165806 0.0118414 3.56891e-05 1.46192e-06 0.00612431 0.00529441 1.61696e-05 0.000335084 0.0397488 3.22938e-06 0.0250749 0.000443172 
3.89597e-07 7.02694e-05 0.00243634 1.50786e-09 1.69973e-05 2.72318e-09 0.00037342 0.000136766 0.26204 0.248831 2.26869e-10 0.0048598 0.205378 1.77567e-09 0.00252147 0.00236755 1.04779e-06 0.184166 0.00181391 0.0745411 0.00123379 0.00124289 0.00762631 3.23695e-05 0.00030899 9.43385e-07 
0.00104544 3.82484e-05 2.63161e-05 2.30632e-05 4.2357e-05 6.09409e-07 2.33171e-05 3.60085e-05 0.89298 0.00242325 5.07701e-08 0.000269899 4.38214e-05 3.9737e-07 0.00322731 0.000270891 1.07348e-05 0.00399243 0.0650088 0.000343938 0.0201097 0.000750655 0.00922902 5.04552e-05 5.29774e-05 3.05826e-07 
3.64646e-07 1.78384e-06 4.15789e-07 1.56128e-06 1.92096e-06 2.81966e-06 1.3186e-06 9.46062e-07 0.00755235 0.00026145 2.34907e-07 5.89922e-07 6.81919e-07 1.83858e-06 0.00037096 1.32319e-06 3.74801e-07 0.986851 0.000856881 0.000811377 0.00068974 0.00140788 0.00116773 1.66275e-06 1.11363e-05 1.41502e-06 
0.0147939 9.44706e-07 0.0208952 1.67652e-09 3.52464e-07 3.32726e-07 9.06117e-06 0.000140476 0.616895 0.000144459 2.52246e-10 0.00622554 2.77423e-05 1.97429e-09 0.00880904 1.24536e-06 0.000130878 0.0437125 0.00307712 0.000957093 0.195475 3.21412e-06 0.0633949 1.10741e-06 0.0251232 0.000181977 
0.0495239 0.00551276 0.000400979 2.73737e-07 2.25914e-05 0.0107249 0.00317331 1.65872e-07 0.373884 0.0877341 4.11858e-08 0.0168423 0.00518731 3.22355e-07 0.0719634 0.00842952 1.15222e-05 0.167473 0.0848301 0.00488749 0.0285215 0.00749843 0.0203303 2.59121e-06 0.0530458 2.48093e-07 
0.0119244 3.93247e-05 0.00198796 1.33585e-07 1.6436e-07 2.41253e-07 4.60594e-06 1.3334e-05 0.903028 0.00699355 2.00989e-08 4.04858e-05 0.00772658 1.57311e-07 0.00928941 1.13214e-07 3.10809e-06 3.48725e-05 0.00659886 1.42463e-05 0.00163201 3.64921e-08 0.0226187 1.42267e-07 0.0280497 1.21071e-07 
0.00245046 0.000249416 1.60318e-06 6.25186e-10 7.69215e-10 1.12908e-09 5.2801e-10 7.28872e-07 0.931182 0.039149 9.40642e-11 0.00127397 0.000118124 9.10611e-07 0.00238541 2.58129e-06 5.57266e-05 4.66187e-05 0.0026323 2.24093e-07 1.45666e-06 1.70785e-10 0.00194048 4.9311e-07 0.0185076 7.00829e-07 
1.60024e-05 1.35039e-05 0.000564021 3.7892e-08 4.66215e-08 6.84328e-08 7.04986e-05 8.91635e-05 0.910758 0.00967367 5.70116e-09 0.00120629 0.0612092 4.46221e-08 0.00154752 2.65305e-05 3.08235e-06 0.00244145 0.00837602 2.4367e-05 2.48807e-05 0.000479983 0.00336068 7.00779e-05 6.44441e-06 3.87405e-05 
5.81239e-07 0.00712636 3.53591e-10 1.32773e-09 1.4468e-06 2.39787e-09 0.000365497 0.00012321 0.954786 0.000929353 1.99767e-10 0.00479087 3.07572e-08 1.56355e-09 1.53177e-07 1.91791e-05 0.000482547 2.802e-10 0.0228179 3.6297e-10 2.93134e-10 1.62356e-06 2.67298e-08 0.000260375 0.00829516 1.20335e-09 
4.40941e-05 1.02574e-08 3.55783e-06 1.47813e-06 8.14529e-06 7.47083e-06 6.20529e-08 5.44005e-09 0.8196 0.0324842 1.35076e-09 0.00356163 2.59552e-06 1.05722e-08 0.0179651 1.81139e-06 0.000125855 0.009261 0.0774624 5.82086e-06 8.53127e-06 1.04326e-05 0.0361302 9.56116e-09 0.00331604 8.13665e-09 
0.064911 0.05209 1.0594e-05 8.03085e-10 0.124828 6.61587e-07 1.9381e-06 3.46065e-07 0.0096081 0.0074903 1.20831e-10 1.69351e-07 2.0703e-06 9.45722e-10 0.0620982 0.000646383 0.000108572 0.167957 0.0190532 9.16107e-05 4.60566e-06 0.481686 0.00463169 8.5528e-10 0.00477739 2.01127e-06 
0.115833 0.00119299 0.00480297 8.99861e-11 6.72133e-05 4.7663e-08 0.00108088 0.0160573 0.357226 0.00907737 1.35391e-11 0.0190844 0.00896805 1.05969e-10 0.142581 1.79294e-07 5.36035e-05 0.0124406 0.00938991 0.00565622 0.133861 0.00515205 0.0595687 3.04001e-07 0.0979061 5.44316e-08 
4.95205e-07 8.14667e-10 1.75275e-07 4.18032e-08 3.87576e-07 1.28772e-09 5.44752e-07 0.00114974 0.947874 6.43501e-07 1.0728e-10 0.00563983 3.90573e-06 8.39667e-10 4.58266e-07 6.04292e-10 0.000975093 0.00565952 0.00589172 0.00848781 0.0123501 1.72729e-05 0.0109249 7.59367e-10 0.00102354 6.46229e-10 
0.00371818 2.62771e-07 0.00737244 2.38704e-07 1.63206e-07 4.39212e-10 0.00697136 0.000744795 0.38165 0.0666848 3.65909e-11 0.00191892 0.00223228 6.82429e-06 0.0187273 0.0390431 5.45469e-08 0.00820339 0.112317 6.64843e-11 0.00272968 0.17032 0.0619477 4.91938e-08 0.113521 0.00189085 
0.00061203 1.78032e-05 0.000127791 7.44453e-05 7.44971e-07 1.0935e-06 5.11369e-07 3.66894e-07 0.931834 0.000733241 9.10995e-08 5.51999e-05 0.0588655 7.13022e-07 0.00562603 5.13148e-07 1.45352e-07 0.00148706 9.22821e-08 1.65524e-07 0.000538107 6.88914e-06 4.37754e-06 6.44834e-07 1.15261e-05 5.4876e-07 
0.0101254 4.2992e-09 0.0034922 3.76282e-09 1.40352e-06 6.79562e-09 3.17795e-09 1.90329e-06 0.00600776 2.95866e-07 5.66146e-10 1.42176e-09 1.93155e-05 4.43113e-09 1.95974e-07 4.37895e-07 6.67737e-08 0.979039 8.29427e-07 0.000874042 8.30748e-10 0.000364315 7.18534e-05 4.00737e-09 8.86497e-07 3.41031e-09 
2.22029e-07 8.64501e-06 1.80942e-05 1.18298e-05 1.16965e-06 1.71686e-06 0.000139593 1.44545e-05 0.921779 0.00447329 1.43032e-07 0.00144605 0.00160024 1.11949e-06 0.000733883 2.31281e-05 2.28212e-07 0.0193329 0.00380018 2.59884e-07 0.00011099 5.72526e-07 5.38986e-05 1.01243e-06 0.0464465 8.61588e-07 
0.233179 4.2511e-07 0.0104868 4.48079e-05 0.000609852 6.71958e-07 3.14239e-07 0.0014273 0.64785 0.00934392 5.59811e-08 1.40585e-07 0.00747974 4.38155e-07 0.00162683 3.15332e-07 8.93195e-08 0.0356178 0.00641999 0.00956531 0.000145881 0.00180002 0.032595 3.96253e-07 0.00180446 3.37216e-07 
3.51312e-09 1.51822e-05 0.00466876 1.50419e-08 1.85072e-08 2.71656e-08 0.0110458 1.27375e-05 0.462955 0.0267105 2.26317e-09 3.20025e-06 0.431137 2.01733e-05 4.23788e-05 3.64106e-06 1.72268e-06 0.0546223 0.00343126 1.97671e-07 0.0027487 3.40822e-05 0.000436566 9.95856e-06 0.00210093 1.36328e-08 
0.000267895 1.76057e-07 0.00112979 1.54091e-07 2.27375e-05 0.00638881 2.8385e-05 9.33719e-08 0.788729 0.0048877 2.31842e-08 0.00581917 0.000143186 0.00405799 0.0147511 1.04848e-05 0.00148735 0.00122394 0.0121692 3.46939e-05 0.0226764 9.31358e-05 0.00856272 1.64106e-07 0.127498 1.76716e-05 
0.0326008 0.000417693 0.0356007 4.03017e-06 0.00216433 5.14596e-06 6.46924e-05 2.84745e-07 0.0300565 0.0111219 1.33245e-07 2.96893e-05 0.255988 1.2938e-06 0.0257888 0.0218182 1.64149e-05 0.0882327 0.00104311 0.00989042 0.352172 0.00650224 0.0574974 6.89453e-07 0.0688114 0.000171004 
0.0921222 2.11814e-06 0.000115121 4.64649e-10 5.71694e-10 0.000351558 5.96469e-07 3.25719e-07 1.23848e-06 0.00251457 6.99102e-11 0.682003 2.02944e-10 1.32058e-06 0.00366856 6.68915e-07 1.11544e-10 0.0609948 0.00147798 0.0161386 0.0282218 0.00129659 0.111088 4.94848e-10 5.35793e-08 4.39453e-07 
0.000835853 0.0940399 0.000303178 3.60014e-08 4.51371e-07 4.48043e-07 0.183883 0.000120409 0.556369 0.0139519 5.4167e-09 0.0044978 3.22443e-05 4.23957e-08 0.017044 1.47565e-06 0.00996168 0.00108249 0.00276123 1.86982e-06 2.33806e-05 3.74329e-06 0.0171288 3.06194e-05 0.0979258 4.70885e-07 
0.00734578 1.34397e-07 1.10217e-06 0.211433 1.32678e-09 1.94749e-09 9.10735e-10 3.60986e-06 0.129586 0.122019 1.62246e-10 0.00517352 0.0139267 1.26987e-09 0.0597693 9.13903e-10 3.21677e-07 3.2356e-06 0.0358764 2.94795e-10 0.000868004 0.159262 0.0422991 4.97584e-07 0.212392 3.9456e-05 
0.0147939 9.44706e-07 0.0208952 1.67652e-09 3.52464e-07 3.32726e-07 9.06117e-06 0.000140476 0.616895 0.000144459 2.52246e-10 0.00622554 2.77423e-05 1.97429e-09 0.00880904 1.24536e-06 0.000130878 0.0437125 0.00307712 0.000957093 0.195475 3.21412e-06 0.0633949 1.10741e-06 0.0251232 0.000181977 
0.000821591 0.000316984 0.00560185 7.81417e-06 0.000122481 5.67645e-07 0.00961986 1.90458e-07 0.68422 0.000225675 4.72907e-08 1.18761e-07 0.0332469 3.70137e-07 0.00066494 0.00042613 2.88822e-05 0.115322 9.28783e-05 0.00177768 0.00020539 0.000565547 0.000891744 9.39846e-05 0.0144816 0.131265 
6.50534e-10 3.1824e-09 1.61714e-05 2.78535e-09 3.42703e-09 5.03032e-09 2.59e-06 2.07615e-05 0.724919 7.67574e-06 4.19078e-10 0.0788261 1.21655e-09 3.28006e-09 1.47022e-06 0.0044686 6.68651e-10 5.87811e-10 0.026599 7.61448e-10 6.14944e-10 7.60888e-10 1.30106e-05 2.96637e-09 0.165118 7.32332e-06 
0.12096 0.00846622 0.00410835 4.47391e-06 3.50978e-06 0.0243043 5.21893e-05 5.43548e-05 0.338008 0.0457645 2.58649e-06 0.0101148 6.50312e-05 0.0010127 0.012764 0.000119292 0.00585629 0.00974833 0.216309 0.00694765 0.033376 0.0469041 0.0485391 0.0426989 0.0229677 0.000848616 
0.000111223 4.13992e-08 0.0128824 3.62341e-08 0.000627971 6.54385e-08 3.06021e-08 2.64828e-05 0.000377525 0.0365787 5.45171e-09 9.7128e-06 0.00339417 4.26697e-08 0.000126763 3.07085e-08 1.76458e-05 0.00350739 0.0165056 8.15978e-05 0.320487 5.58513e-05 0.499378 1.79849e-06 0.105803 2.67783e-05 
0.337428 7.75567e-07 0.000592761 9.84387e-05 4.78196e-05 0.00307246 0.000940804 0.00135661 0.293026 0.00645195 1.90532e-07 0.000766218 0.0224761 0.000201908 0.0184775 0.000338068 0.000119058 0.181072 0.0210231 6.29805e-06 0.0336585 0.011097 0.0525045 0.000363702 0.0148668 1.21528e-05 
0.056087 5.2675e-08 0.000494532 7.32026e-11 1.65439e-09 1.32204e-10 0.000118317 7.95854e-07 1.53469e-07 0.0309741 1.10139e-11 9.50415e-05 3.19727e-11 8.62043e-11 0.0726038 6.30891e-06 4.15048e-07 0.237804 0.00963235 0.289795 0.0979753 0.100377 0.104036 7.79603e-11 1.86684e-08 6.6345e-11 
0.0815203 7.02229e-10 7.87208e-07 0.000153957 7.56209e-10 3.1827e-07 0.00205248 0.00244812 0.671162 0.0095413 9.24738e-11 0.000289135 0.22345 6.96592e-08 0.000291964 0.000368331 0.000256844 0.000676403 0.000996372 0.000612737 1.03528e-07 8.71759e-05 0.000267607 0.00119251 0.00463093 5.57038e-10 
0.192297 1.40161e-05 0.00407106 0.000656276 0.00065506 0.000159684 0.000268201 3.61799e-05 0.00321659 0.0131057 1.20958e-07 0.00160118 0.0212938 3.51961e-05 0.0137139 0.00170859 8.96444e-06 0.215789 0.0151781 0.00251275 0.0633677 0.373701 0.0752513 0.000447445 0.000685618 0.000225336 
9.29846e-10 4.56528e-06 0.00387295 3.98126e-09 4.89845e-09 7.19013e-09 6.77614e-07 1.48201e-06 0.941354 0.000578913 5.99012e-10 0.000590083 1.73889e-09 3.65374e-06 2.13886e-06 3.56688e-07 8.11784e-07 8.40192e-10 0.00410102 1.08838e-09 8.78976e-10 1.08758e-09 0.00730156 4.24001e-09 0.0317691 0.0104191 
0.0160029 0.00545239 0.00198328 0.000502767 0.00147817 3.24792e-05 0.0200905 8.21492e-07 0.108743 0.0237458 2.03976e-07 0.000647361 0.00296366 1.59649e-06 0.00119277 1.14896e-06 1.0146e-06 0.792592 0.00404174 6.83861e-06 0.00533635 0.00382153 0.00112367 1.44381e-06 0.0093794 0.000857064 
4.95205e-07 8.14667e-10 1.75275e-07 4.18032e-08 3.87576e-07 1.28772e-09 5.44752e-07 0.00114974 0.947874 6.43501e-07 1.0728e-10 0.00563983 3.90573e-06 8.39667e-10 4.58266e-07 6.04292e-10 0.000975093 0.00565952 0.00589172 0.00848781 0.0123501 1.72729e-05 0.0109249 7.59367e-10 0.00102354 6.46229e-10 
0.000368033 8.19851e-10 1.91096e-10 7.17562e-10 8.82873e-10 1.29591e-09 6.06029e-10 1.5822e-05 2.94598e-07 0.00147337 1.07963e-10 9.59566e-05 3.13409e-10 8.4501e-10 0.947433 1.29539e-06 2.7574e-07 4.12933e-05 0.000452032 0.00514304 0.0101239 0.00326983 0.0278725 1.48948e-07 0.00370967 6.50341e-10 
0.00734578 1.34397e-07 1.10217e-06 0.211433 1.32678e-09 1.94749e-09 9.10735e-10 3.60986e-06 0.129586 0.122019 1.62246e-10 0.00517352 0.0139267 1.26987e-09 0.0597693 9.13903e-10 3.21677e-07 3.2356e-06 0.0358764 2.94795e-10 0.000868004 0.159262 0.0422991 4.97584e-07 0.212392 3.9456e-05 
6.80823e-06 3.72641e-08 1.72236e-05 3.26149e-08 4.01286e-08 5.89023e-08 0.00173256 1.97631e-08 0.0897921 0.0182187 4.90717e-09 0.0499428 0.000208204 0.000103421 0.166514 0.00046421 5.04665e-06 0.0024788 0.00625202 1.40585e-05 1.10965e-05 1.11051e-05 0.639396 3.47346e-08 0.0248313 2.93459e-07 
0.00140256 1.0832e-05 6.51426e-05 9.48058e-06 1.16647e-05 1.71219e-05 8.00698e-06 5.74479e-06 0.000906253 0.000406114 1.42643e-06 0.000425582 0.00044916 0.00287236 0.00418374 8.03483e-06 9.16475e-05 0.930075 0.000279175 4.54441e-05 2.09311e-06 2.58986e-06 0.0584163 1.00968e-05 0.000285566 8.59244e-06 
0.00836138 2.10116e-07 0.0301677 1.83901e-07 1.52592e-05 3.13364e-05 1.55316e-07 0.000118519 0.834688 0.00314909 2.76694e-08 0.0115424 9.84577e-05 2.16564e-07 0.00731237 6.00864e-06 4.0357e-06 0.0442389 0.0441904 0.00189403 2.61778e-05 0.00900084 0.00183268 1.95853e-07 0.00332101 1.66673e-07 
0.0322311 2.52176e-08 0.530343 2.20713e-08 0.000834685 2.88709e-06 1.86407e-08 2.52736e-06 0.0414052 1.24756e-06 3.32081e-09 8.33956e-09 0.00122645 3.3102e-05 0.0247246 1.87055e-08 6.50563e-08 0.0156417 0.00693198 0.000123509 0.000936828 6.02935e-09 0.00304196 2.35058e-08 0.330647 0.0118725 
7.9833e-09 5.19053e-09 2.2362e-08 1.61955e-09 1.24007e-05 2.68123e-09 2.06198e-05 2.91633e-09 0.000167774 0.00228842 6.76687e-14 1.73572e-05 1.96438e-13 0.996982 7.35803e-10 3.43431e-10 4.10384e-10 8.22915e-09 6.57373e-09 0.000150952 9.17114e-06 6.7329e-09 9.37834e-10 4.78982e-13 0.000351026 1.14174e-09 
4.95205e-07 8.14667e-10 1.75275e-07 4.18032e-08 3.87576e-07 1.28772e-09 5.44752e-07 0.00114974 0.947874 6.43501e-07 1.0728e-10 0.00563983 3.90573e-06 8.39667e-10 4.58266e-07 6.04292e-10 0.000975093 0.00565952 0.00589172 0.00848781 0.0123501 1.72729e-05 0.0109249 7.59367e-10 0.00102354 6.46229e-10 
0.0921222 2.11814e-06 0.000115121 4.64649e-10 5.71694e-10 0.000351558 5.96469e-07 3.25719e-07 1.23848e-06 0.00251457 6.99102e-11 0.682003 2.02944e-10 1.32058e-06 0.00366856 6.68915e-07 1.11544e-10 0.0609948 0.00147798 0.0161386 0.0282218 0.00129659 0.111088 4.94848e-10 5.35793e-08 4.39453e-07 
6.62151e-06 6.0962e-06 7.47471e-10 2.80674e-09 3.45335e-09 5.06896e-09 2.37048e-09 1.70075e-09 0.998276 2.69325e-06 4.22296e-10 8.69726e-06 1.2259e-09 6.64355e-07 2.14802e-06 1.23717e-05 6.73787e-10 1.00701e-05 1.36932e-06 3.22342e-06 1.53064e-05 6.82469e-06 0.00164386 2.69323e-06 1.3679e-06 2.5438e-09 
0.0147939 9.44706e-07 0.0208952 1.67652e-09 3.52464e-07 3.32726e-07 9.06117e-06 0.000140476 0.616895 0.000144459 2.52246e-10 0.00622554 2.77423e-05 1.97429e-09 0.00880904 1.24536e-06 0.000130878 0.0437125 0.00307712 0.000957093 0.195475 3.21412e-06 0.0633949 1.10741e-06 0.0251232 0.000181977 
2.08362e-07 7.61707e-07 5.24719e-09 9.80255e-11 1.20608e-10 1.77033e-10 1.9539e-06 5.93989e-11 7.03355e-07 0.661291 1.47487e-11 5.74133e-07 0.0243838 1.15436e-10 7.29387e-07 2.90852e-07 3.47145e-05 0.0329199 0.166748 1.02371e-06 0.0125867 0.00252585 0.0991307 1.04397e-10 0.00037194 1.42157e-06 
0.0921222 2.11814e-06 0.000115121 4.64649e-10 5.71694e-10 0.000351558 5.96469e-07 3.25719e-07 1.23848e-06 0.00251457 6.99102e-11 0.682003 2.02944e-10 1.32058e-06 0.00366856 6.68915e-07 1.11544e-10 0.0609948 0.00147798 0.0161386 0.0282218 0.00129659 0.111088 4.94848e-10 5.35793e-08 4.39453e-07 
0.0514754 5.54651e-08 0.000741682 5.89901e-11 1.76089e-09 1.06536e-10 9.78465e-05 1.18602e-06 1.47569e-07 0.0464607 8.87552e-12 0.000142515 2.57651e-11 6.94674e-11 0.100735 9.34919e-06 6.13448e-07 0.133986 0.00778414 0.349688 0.0988874 0.109928 0.100063 6.2824e-11 2.1794e-08 5.34639e-11 
