0.000110135 2.55633e-09 0.00318438 1.37639e-12 7.55969e-06 1.30687e-06 0.000231812 0.0841202 0.000631093 0.00320603 0.802963 0.00302285 0.000134317 1.00515e-08 0.0035117 0.000505615 2.17226e-05 8.21353e-05 0.00450465 0.000822006 0.00155641 0.00605521 0.0432524 2.03437e-08 0.0420443 3.11931e-05 
2.05777e-06 5.79249e-12 0.00141224 5.06979e-12 6.23776e-12 9.15602e-12 9.27099e-05 0.0019518 0.000214437 0.000393242 0.908969 0.0191582 2.98306e-05 0.000926199 0.000932746 3.37544e-08 2.69397e-05 0.000325693 0.000469411 0.000312473 0.000473239 5.70771e-05 0.00314469 5.39929e-12 0.0611082 4.59485e-12 
0.00218164 0.000542176 0.00254978 6.61518e-09 9.26939e-05 8.24194e-07 0.000802242 0.000826444 0.00150414 0.0858018 0.738962 0.0185053 0.00153327 0.000237311 0.00607689 0.00192335 0.000113851 0.00248564 0.00900274 0.000648012 0.0183063 0.00143282 0.0485314 1.45737e-06 0.0546224 0.00331539 
0.00147514 0.000190914 0.0197834 4.74918e-05 0.00188878 7.33278e-05 0.00042222 0.00165864 0.0147879 0.0182107 0.66157 0.0381114 0.000204251 0.000202298 0.0172335 0.000958955 1.65644e-05 0.0130228 0.0075556 0.000293643 0.00128654 0.00248497 0.035729 0.00504435 0.155907 0.00184014 
0.000918833 3.1253e-12 0.00627194 2.73537e-12 3.36554e-12 4.94006e-12 0.000226273 6.23239e-08 1.21673e-07 0.0104942 0.735736 3.09041e-08 0.00111995 4.58381e-07 0.00755069 0.0083824 6.56654e-13 1.2492e-07 0.0199999 5.90826e-09 0.0503598 0.0579001 0.0733709 2.91315e-12 0.0276685 2.47912e-12 
0.0134729 9.44673e-08 0.0152503 5.07313e-05 1.227e-05 9.14422e-05 5.85057e-05 0.324453 0.00444994 0.00216027 0.376756 0.00417372 0.000479648 2.96231e-05 0.00740566 0.000120178 1.07439e-05 0.000376355 0.00699165 0.00410575 0.00409525 0.0026662 0.0282294 5.68138e-08 0.204222 0.000338367 
0.0227894 2.44897e-06 0.0302194 1.08203e-09 4.50343e-08 4.14296e-09 3.77663e-05 0.0342347 0.00137223 0.00267207 0.537962 0.000272947 0.000797823 0.00263863 0.00636747 9.49748e-05 1.01607e-06 0.00262887 0.00265237 0.00060283 0.0116324 0.00213644 0.0110155 3.78026e-09 0.329373 0.000495677 
0.000663839 1.4459e-08 0.0166236 8.09751e-12 9.58586e-08 3.05914e-06 0.00144795 0.000309711 0.00145907 0.0379362 0.414159 0.000714103 0.0744122 7.73269e-08 0.00155663 0.0124677 3.57384e-06 0.00597232 0.00452731 0.000639235 0.032965 0.0596174 0.162985 6.58339e-10 0.171501 3.59049e-05 
0.00923396 0.00388268 0.0188211 0.000344423 0.00644677 0.000557607 0.002713 0.0158277 0.0239913 0.0250744 0.379026 0.00682043 0.00470042 0.000965611 0.0231759 0.00191726 0.000630431 0.0150709 0.0171077 0.0108171 0.0115374 0.00803736 0.0577095 0.000898838 0.344596 0.0100972 
0.000673846 0.000650101 0.000615288 1.89829e-08 0.000132659 6.90448e-08 3.22661e-05 0.000197722 1.05544e-05 0.015744 0.906866 9.1183e-05 0.000122772 8.14444e-13 0.00681045 0.00180838 3.05188e-07 0.000207955 0.00344296 0.0035496 0.0119488 0.0367691 0.00387246 6.69332e-07 0.00641354 3.88207e-05 
2.73265e-05 1.63537e-12 0.00185482 1.43134e-12 2.12506e-05 8.29597e-07 1.38362e-05 0.323669 0.000540776 0.000712512 0.651147 0.000572431 7.62998e-05 1.68556e-12 0.000918645 4.34817e-06 4.78052e-06 2.45124e-06 0.000551044 4.08333e-05 0.000501912 2.27765e-06 0.00376288 4.14318e-10 0.015569 6.13124e-06 
9.94053e-05 3.93588e-09 0.00281255 9.29598e-13 1.29879e-07 2.97241e-07 0.000361045 0.000433389 0.000180899 0.00512953 0.813174 0.000999374 4.70266e-05 1.44062e-08 0.00217909 0.0014596 4.98735e-06 0.000197762 0.00578025 0.000110952 0.00164819 0.0186957 0.0861823 2.7475e-10 0.0604872 1.58963e-05 
3.30919e-05 0.000251118 0.00629657 4.12497e-10 3.75021e-06 4.87584e-06 0.00158563 0.000890273 0.00205468 0.00689863 0.820003 0.00808676 4.81324e-05 2.72938e-08 0.00877463 7.89626e-05 5.74545e-06 0.00211084 0.006066 9.36403e-05 0.000144347 0.000198251 0.0478656 6.62098e-08 0.0878769 0.000628553 
0.0074294 6.38561e-06 0.00855717 2.98992e-05 0.0350878 1.40134e-05 8.33719e-05 0.0758216 0.000561726 0.0268022 0.196784 0.00478777 0.000111872 0.000282632 0.13241 0.00514429 0.000515031 0.0207893 0.107754 0.0476513 0.00279302 0.0562783 0.0812993 4.2954e-06 0.186257 0.00274503 
0.00128572 2.84479e-05 0.00464709 1.72039e-07 0.00295645 6.94112e-06 0.000273794 0.0219879 0.00238775 0.00365387 0.791463 0.00329171 0.00370634 5.62085e-06 0.0298967 0.000337651 3.11355e-05 0.00208824 0.0086421 0.00313636 0.00162769 0.00600612 0.0171804 4.61121e-07 0.0945108 0.000847148 
0.00764086 6.59414e-09 0.010905 6.57359e-11 9.4641e-06 1.62303e-06 0.000250279 0.00224173 0.0161385 0.000510273 0.484937 0.000201868 0.000200975 1.31537e-06 0.104875 0.000308915 1.22409e-05 0.000499181 0.00795458 0.00941203 0.0238198 0.010985 0.00349448 3.58531e-07 0.314952 0.000647765 
0.00285936 0.000192745 0.000430058 9.01692e-11 0.00025532 1.74817e-09 3.39751e-05 0.000233978 0.000612466 0.206642 0.678723 0.000687582 0.000813241 1.80432e-05 0.00443931 0.00460322 3.32092e-05 0.00228899 0.00865367 0.0014715 0.0522291 0.00293554 0.0264713 2.17512e-06 0.00450326 0.000866297 
0.169538 5.30477e-06 0.00409623 1.04362e-08 4.43695e-05 0.000275908 0.00638286 0.000102005 9.2388e-06 0.0161328 0.404149 2.60725e-05 2.62243e-05 7.79939e-07 0.00891965 0.00241158 3.35981e-06 0.0255037 0.0169033 0.00147831 0.00822919 0.0219765 0.123805 7.64779e-07 0.189823 0.000156767 
0.00174032 0.102507 0.00832929 3.1434e-09 0.000764798 0.00344926 0.000397225 0.000263876 0.0427087 0.0533731 0.597669 0.00550463 0.00448647 0.000414179 0.00909953 0.00050871 0.00192227 0.00724718 0.0183476 0.0047111 0.0107937 0.00918266 0.0412059 7.55393e-05 0.0747939 0.000503676 
0.000309411 1.11432e-08 0.0133399 2.75183e-12 8.84518e-10 4.96979e-12 7.21874e-06 1.67883e-09 0.00087123 0.000237402 0.947376 5.96841e-05 0.000462507 1.6806e-07 0.00133465 1.72316e-05 6.60606e-13 0.00142142 0.00134913 2.40234e-05 0.000985189 6.75566e-05 0.00241053 2.93068e-12 0.0297272 2.49404e-12 
0.000149105 5.017e-09 0.00417126 1.00975e-12 1.94408e-07 4.45215e-07 0.000510807 0.000650076 0.000271343 0.00769428 0.734108 0.00149904 7.05362e-05 1.83375e-08 0.00326862 0.00218935 7.48017e-06 0.000296638 0.00867035 0.000166425 0.00247227 0.0280435 0.129273 3.32354e-10 0.0764866 3.2074e-08 
0.0117887 0.000111055 0.00204533 3.22161e-10 0.00224517 2.08885e-06 0.00046519 0.00277817 0.00361809 0.105382 0.300795 0.0774604 0.000717036 0.00121265 0.0154043 0.000141539 0.0120602 0.00863407 0.182026 0.0436047 0.0697279 0.00443293 0.102898 5.47107e-06 0.0523721 7.22773e-05 
0.0006083 0.000236087 0.0056555 3.13021e-10 2.03287e-06 3.2931e-06 0.00307525 0.00156141 0.00208112 0.00548245 0.677649 0.0545432 0.00123347 0.000372599 0.00330689 8.83351e-05 9.29327e-05 0.00123868 0.00476829 7.21415e-05 0.000283304 0.000164817 0.0617214 1.61112e-07 0.172284 0.00347589 
0.00035497 0.000104185 0.00647156 3.09096e-12 1.05268e-06 2.32623e-06 6.2269e-05 0.00126883 0.0014063 6.40919e-05 0.886484 1.02467e-05 2.76672e-05 2.72077e-09 0.0162657 2.22862e-05 1.39765e-06 0.000478119 0.00122462 4.1217e-06 5.86783e-05 2.28137e-05 0.00101997 3.79151e-10 0.0845918 5.3218e-05 
0.000607947 0.000160166 0.000627475 9.00796e-10 0.000132807 2.3235e-09 2.90238e-05 0.000206321 1.06082e-05 0.0153469 0.918651 8.79236e-05 7.67472e-05 8.29907e-13 0.00612548 0.00137694 2.69067e-07 0.00018798 0.00102725 0.00331054 0.0102319 0.0313769 0.00385423 5.34111e-07 0.00653308 3.80888e-05 
9.94053e-05 3.93588e-09 0.00281255 9.29598e-13 1.29879e-07 2.97241e-07 0.000361045 0.000433389 0.000180899 0.00512953 0.813174 0.000999374 4.70266e-05 1.44062e-08 0.00217909 0.0014596 4.98735e-06 0.000197762 0.00578025 0.000110952 0.00164819 0.0186957 0.0861823 2.7475e-10 0.0604872 1.58963e-05 
0.000617589 1.66631e-05 0.000714702 1.88776e-12 2.62915e-06 8.18275e-06 2.31727e-05 0.0417765 4.00156e-05 0.000610864 0.814554 0.00254507 6.01489e-10 1.44405e-07 0.0438426 2.17496e-05 1.79858e-05 0.000409891 0.00367076 0.0030109 0.000227979 0.00282954 0.0074435 3.94448e-08 0.0774631 0.000152272 
0.000149105 5.017e-09 0.00417126 1.00975e-12 1.94408e-07 4.45215e-07 0.000510807 0.000650076 0.000271343 0.00769428 0.734108 0.00149904 7.05362e-05 1.83375e-08 0.00326862 0.00218935 7.48017e-06 0.000296638 0.00867035 0.000166425 0.00247227 0.0280435 0.129273 3.32354e-10 0.0764866 3.2074e-08 
0.00345386 0.000203467 0.00353864 6.07808e-07 1.8865e-05 3.57562e-06 0.0027731 0.000732921 0.00214117 0.00433781 0.812353 0.002162 0.00109529 7.92617e-09 0.0140681 0.000627719 1.29218e-05 0.00251276 0.0079441 0.00376242 0.00303251 0.00474091 0.0357058 3.21889e-07 0.0944425 0.000335815 
3.30919e-05 0.000251118 0.00629657 4.12497e-10 3.75021e-06 4.87584e-06 0.00158563 0.000890273 0.00205468 0.00689863 0.820003 0.00808676 4.81324e-05 2.72938e-08 0.00877463 7.89626e-05 5.74545e-06 0.00211084 0.006066 9.36403e-05 0.000144347 0.000198251 0.0478656 6.62098e-08 0.0878769 0.000628553 
0.029744 0.00241557 0.0071984 7.04727e-08 0.0034249 1.07767e-05 0.000656395 0.0208265 0.0224824 0.0992044 0.253884 0.00286434 0.00564049 0.000460537 0.0155995 0.00959357 0.000937281 0.0118095 0.0573506 0.0357499 0.0943445 0.0215874 0.0750572 2.25705e-05 0.225671 0.00346396 
0.0220169 0.00288573 0.00228749 1.50232e-05 1.33734e-06 6.44928e-06 0.00690283 2.35514e-05 0.12045 0.0353452 0.503716 0.00329368 0.0685107 0.000617485 0.0547037 0.00132242 9.58714e-05 0.0282289 0.0130988 0.000360256 0.0102647 0.00132893 0.0490703 0.000488829 0.0746931 0.000271397 
0.00053299 0.000201891 0.00814863 7.73264e-08 0.00096591 0.000446734 0.00236167 0.00336326 0.00685576 0.0114587 0.401451 0.000947772 0.00232735 0.00035744 0.0321654 0.000138319 3.45994e-05 0.0176799 0.0106679 0.000609572 0.00483998 0.00260471 0.135875 1.30176e-06 0.354434 0.00152989 
0.00414416 0.000298265 0.0104382 1.49833e-06 0.0022262 0.000424761 0.000435176 0.0334361 0.00968673 0.0306916 0.604604 0.01695 0.00191541 0.0035501 0.0325572 0.000363633 0.000953033 0.01416 0.0151694 0.0363139 0.0245046 0.00783248 0.0491431 2.30795e-06 0.0989072 0.00129132 
0.000384217 4.63949e-09 0.00843369 3.79541e-06 9.96406e-05 7.33349e-09 4.49164e-07 1.82922e-07 0.0843251 0.000291016 0.391237 6.10932e-05 2.99676e-06 4.78186e-09 0.0195554 6.04178e-06 1.99129e-05 0.0223315 0.00109414 0.000363637 1.72297e-06 1.13233e-05 0.000737448 4.32455e-09 0.152601 0.318439 
0.000338493 0.000311683 0.0080143 9.72674e-08 4.6989e-05 3.1067e-06 0.00390537 0.0159226 0.0024421 0.00304402 0.83586 0.00377057 0.000690578 0.000107599 0.0055872 0.000399099 2.01594e-05 0.00102266 0.00341809 0.0010214 0.00154836 0.00228841 0.0207359 2.81773e-07 0.0749639 0.0145371 
2.05777e-06 5.79249e-12 0.00141224 5.06979e-12 6.23776e-12 9.15602e-12 9.27099e-05 0.0019518 0.000214437 0.000393242 0.908969 0.0191582 2.98306e-05 0.000926199 0.000932746 3.37544e-08 2.69397e-05 0.000325693 0.000469411 0.000312473 0.000473239 5.70771e-05 0.00314469 5.39929e-12 0.0611082 4.59485e-12 
0.000309411 1.11432e-08 0.0133399 2.75183e-12 8.84518e-10 4.96979e-12 7.21874e-06 1.67883e-09 0.00087123 0.000237402 0.947376 5.96841e-05 0.000462507 1.6806e-07 0.00133465 1.72316e-05 6.60606e-13 0.00142142 0.00134913 2.40234e-05 0.000985189 6.75566e-05 0.00241053 2.93068e-12 0.0297272 2.49404e-12 
0.0006083 0.000236087 0.0056555 3.13021e-10 2.03287e-06 3.2931e-06 0.00307525 0.00156141 0.00208112 0.00548245 0.677649 0.0545432 0.00123347 0.000372599 0.00330689 8.83351e-05 9.29327e-05 0.00123868 0.00476829 7.21415e-05 0.000283304 0.000164817 0.0617214 1.61112e-07 0.172284 0.00347589 
0.00167939 1.51468e-09 0.00158588 2.03329e-12 1.1266e-06 2.11486e-06 0.000102796 0.000181627 4.90612e-05 1.45855e-05 0.813308 2.77843e-05 1.53923e-09 3.18188e-09 0.00532188 5.30213e-08 1.43003e-05 1.96507e-08 7.21937e-05 0.000106558 7.80278e-05 0.00345759 1.93535e-05 4.79504e-07 0.173163 0.000813696 
0.000309411 1.11432e-08 0.0133399 2.75183e-12 8.84518e-10 4.96979e-12 7.21874e-06 1.67883e-09 0.00087123 0.000237402 0.947376 5.96841e-05 0.000462507 1.6806e-07 0.00133465 1.72316e-05 6.60606e-13 0.00142142 0.00134913 2.40234e-05 0.000985189 6.75566e-05 0.00241053 2.93068e-12 0.0297272 2.49404e-12 
9.94053e-05 3.93588e-09 0.00281255 9.29598e-13 1.29879e-07 2.97241e-07 0.000361045 0.000433389 0.000180899 0.00512953 0.813174 0.000999374 4.70266e-05 1.44062e-08 0.00217909 0.0014596 4.98735e-06 0.000197762 0.00578025 0.000110952 0.00164819 0.0186957 0.0861823 2.7475e-10 0.0604872 1.58963e-05 
0.00321121 2.03879e-05 0.0398261 2.57555e-12 0.000514906 1.9588e-05 8.01885e-05 0.000513226 0.00508158 0.0221314 0.723198 0.00409276 0.000365007 7.1717e-05 0.0226534 0.000591707 1.81274e-06 0.0140335 0.0126587 0.000628632 0.000932585 0.000398865 0.0288474 2.38332e-10 0.119003 0.00112341 
0.00035188 3.38239e-06 0.0257563 3.5387e-12 2.25917e-06 6.39086e-12 5.78698e-05 0.00104871 0.00326677 0.00990564 0.855772 0.000112631 0.00180134 0.00051824 0.00425089 2.30793e-05 3.84131e-06 0.0018911 0.00577657 3.34802e-05 0.00526993 0.000300582 0.0323364 5.93508e-10 0.0515154 2.14449e-06 
0.00162438 7.8608e-10 4.29757e-05 9.56832e-12 2.25839e-05 1.72803e-11 1.17616e-09 3.56866e-09 8.19216e-05 0.0190072 0.906732 0.000100464 0.00091485 5.51833e-08 0.000477411 1.88055e-08 1.13773e-08 3.96465e-08 0.00161447 0.000552525 1.69391e-06 7.28233e-05 0.0477794 1.01902e-11 0.0191489 0.00182607 
0.00289227 2.30452e-05 0.0243142 6.59801e-08 2.81756e-06 5.90566e-06 5.20517e-05 0.242412 0.00561524 0.02895 0.270599 0.00205965 0.000606652 1.38415e-06 0.0810634 6.28369e-05 9.58174e-05 0.0018126 0.0190116 0.00480971 0.00484881 0.0459276 0.114915 5.4986e-09 0.149207 0.00071089 
0.0307067 5.7219e-11 0.00919527 5.00801e-11 6.16174e-11 6.98844e-08 4.22959e-11 6.90734e-08 1.64102e-05 6.85278e-08 0.627378 0.000412773 4.22174e-07 3.07266e-08 0.0123327 4.2443e-11 2.0875e-07 0.000173314 7.34228e-08 7.4565e-05 0.000110954 0.000341924 0.000767034 5.33349e-11 0.318489 4.10025e-08 
0.00101872 1.23067e-05 0.0100064 6.15796e-06 0.000114963 1.51401e-05 2.43168e-05 0.093024 0.000687336 0.000547305 0.729994 0.00760676 7.82089e-05 1.7968e-06 0.00239255 1.79697e-05 8.21807e-06 0.000191219 0.000602858 3.75571e-05 0.000110125 6.3129e-05 0.00600706 3.54471e-09 0.146821 0.000610978 
0.000618345 0.000105709 0.000436344 4.965e-10 8.09004e-05 1.28e-09 0.0105993 0.000101588 1.42246e-05 0.0173687 0.905956 0.000108843 0.000720804 1.52721e-08 0.00309225 0.0012532 3.97398e-06 0.000832746 0.00335849 0.00372917 0.0265345 0.0107228 0.00853767 6.77596e-07 0.00579045 3.35617e-05 
0.00783583 0.000344781 0.00250592 6.44062e-07 0.00154398 6.82724e-05 0.00201523 0.000219834 0.115808 0.0485623 0.285252 0.0101229 0.00464 0.0103001 0.00899163 0.00608209 0.00366939 0.0199004 0.0921451 0.00488374 0.0250763 0.00568372 0.270396 1.64344e-05 0.0728727 0.00106238 
0.00229724 0.000156673 0.0182403 5.49068e-05 3.59425e-05 0.000536491 0.000101445 0.0958678 0.0205958 0.019869 0.246623 0.00324804 0.00268193 0.000111031 0.0265518 0.00248358 2.96691e-05 0.017242 0.104042 0.0066091 0.0126169 0.134204 0.058274 2.01204e-06 0.222796 0.00473041 
0.00884527 3.20296e-09 0.00188493 6.76722e-06 6.08914e-06 4.52104e-06 6.97389e-07 2.39717e-05 0.00085285 8.8394e-05 0.822865 1.05923e-09 0.000601665 3.30125e-09 0.000774178 0.00138259 1.14654e-06 0.000402166 0.000562779 5.26525e-05 0.00656447 0.00703183 0.00388718 2.98554e-09 0.144065 9.59345e-05 
0.00463012 0.000202946 0.00020922 9.4262e-11 0.000204047 1.59983e-12 2.562e-05 6.8842e-05 0.000417545 0.186646 0.707632 0.000467083 0.00177734 0.000162143 0.00182254 0.00449965 2.31427e-05 0.0024734 0.00557792 0.00106482 0.0606898 0.00273032 0.0150301 2.1634e-06 0.00285018 0.00079325 
1.33949e-05 0.0713041 0.00290063 2.63379e-10 2.6004e-06 4.94526e-06 0.0176898 0.000315974 0.00692758 0.014887 0.77204 0.0070854 0.000209125 4.18461e-05 0.00123493 4.2461e-05 0.000149213 0.000819817 0.00482778 0.00140251 0.000858214 0.0013153 0.0331286 7.2668e-06 0.0621847 0.000606727 
0.00163074 1.61833e-05 0.0481008 5.12296e-09 2.2118e-07 7.46286e-05 0.00128516 0.00177215 0.00645364 0.0163415 0.395889 0.000669777 0.00557529 0.000283471 0.0110075 0.000191527 7.20656e-06 0.00190467 0.0274787 0.00378408 0.00928439 0.00474501 0.116426 2.91067e-07 0.317296 0.0297824 
2.05777e-06 5.79249e-12 0.00141224 5.06979e-12 6.23776e-12 9.15602e-12 9.27099e-05 0.0019518 0.000214437 0.000393242 0.908969 0.0191582 2.98306e-05 0.000926199 0.000932746 3.37544e-08 2.69397e-05 0.000325693 0.000469411 0.000312473 0.000473239 5.70771e-05 0.00314469 5.39929e-12 0.0611082 4.59485e-12 
0.00167939 1.51468e-09 0.00158588 2.03329e-12 1.1266e-06 2.11486e-06 0.000102796 0.000181627 4.90612e-05 1.45855e-05 0.813308 2.77843e-05 1.53923e-09 3.18188e-09 0.00532188 5.30213e-08 1.43003e-05 1.96507e-08 7.21937e-05 0.000106558 7.80278e-05 0.00345759 1.93535e-05 4.79504e-07 0.173163 0.000813696 
2.05777e-06 5.79249e-12 0.00141224 5.06979e-12 6.23776e-12 9.15602e-12 9.27099e-05 0.0019518 0.000214437 0.000393242 0.908969 0.0191582 2.98306e-05 0.000926199 0.000932746 3.37544e-08 2.69397e-05 0.000325693 0.000469411 0.000312473 0.000473239 5.70771e-05 0.00314469 5.39929e-12 0.0611082 4.59485e-12 
0.0152666 0.00338059 0.0102033 1.3094e-06 0.000823944 0.000629241 0.0133811 0.000315248 0.0165548 0.0163664 0.638353 0.00786151 0.0029138 8.33019e-05 0.01601 0.00438578 4.44747e-05 0.00944848 0.0162735 0.00307181 0.00342757 0.00747599 0.0641224 6.47563e-06 0.14085 0.00874905 
0.00573834 2.75384e-08 0.0151908 1.40181e-09 8.02045e-06 1.93929e-06 0.000189854 0.00169233 0.0121128 0.000384017 0.531821 0.000152507 0.000152433 5.35019e-06 0.153417 0.000233355 9.50289e-06 0.00037589 0.00597076 0.00706808 0.0178817 0.00824709 0.00262256 3.40699e-07 0.236236 0.000488886 
0.000782096 0.000272862 0.00606288 1.23955e-12 1.97944e-07 4.23298e-06 0.00395387 0.00200752 0.00260771 0.00704633 0.637116 0.0697572 0.00149789 0.000479049 0.0042517 0.000113571 0.000119484 0.00159259 0.00613064 9.27519e-05 0.000364244 0.000211904 0.0787982 2.07037e-07 0.172268 0.00446899 
2.73265e-05 1.63537e-12 0.00185482 1.43134e-12 2.12506e-05 8.29597e-07 1.38362e-05 0.323669 0.000540776 0.000712512 0.651147 0.000572431 7.62998e-05 1.68556e-12 0.000918645 4.34817e-06 4.78052e-06 2.45124e-06 0.000551044 4.08333e-05 0.000501912 2.27765e-06 0.00376288 4.14318e-10 0.015569 6.13124e-06 
0.00710405 0.000229078 0.0197561 2.06388e-05 3.08584e-06 2.53514e-05 0.0212717 0.000136239 0.0053996 0.0273783 0.352238 0.00753526 0.00328694 6.63151e-07 0.0710438 0.00562392 0.000163757 0.0245166 0.129565 0.0177893 0.00824364 0.173971 0.0282084 3.85384e-06 0.095762 0.000723651 
0.00424331 0.000185926 0.00902164 1.18273e-09 0.0139563 3.39327e-06 0.0115461 0.00420746 0.00460965 0.0589304 0.575402 0.0111245 0.000780534 0.000809324 0.017338 0.000103855 0.00297085 0.0055683 0.0870309 0.0104549 0.0178137 0.00339656 0.0946145 1.20604e-05 0.0654269 0.000448696 
0.000149105 5.017e-09 0.00417126 1.00975e-12 1.94408e-07 4.45215e-07 0.000510807 0.000650076 0.000271343 0.00769428 0.734108 0.00149904 7.05362e-05 1.83375e-08 0.00326862 0.00218935 7.48017e-06 0.000296638 0.00867035 0.000166425 0.00247227 0.0280435 0.129273 3.32354e-10 0.0764866 3.2074e-08 
5.75619e-07 5.74855e-07 0.0234847 5.74975e-07 5.74781e-07 5.74297e-07 0.00437136 0.145898 0.0451888 0.0251595 0.598256 0.00587063 0.00391362 5.74826e-07 5.75704e-07 0.00207095 5.75614e-07 5.75637e-07 0.00736938 5.75586e-07 0.00978627 5.75585e-07 0.0173886 0.000288035 0.109509 0.00143821 
0.0469587 0.00186537 0.00362851 0.000355786 6.77278e-06 1.12973e-05 0.00931107 9.42478e-05 0.0201543 0.0128118 0.698557 0.011915 0.0013187 6.26496e-05 0.0480207 0.000114678 0.000340406 0.000310746 0.0167488 0.000378956 0.00743437 0.00026094 0.0474448 5.58574e-05 0.0717891 4.96968e-05 
0.000614953 7.67586e-05 0.00536182 2.82343e-10 1.33685e-05 3.09449e-06 0.000701281 0.00202842 0.00184153 0.00518621 0.756349 0.00249156 0.000401596 3.38814e-05 0.00568219 0.000590125 4.03055e-06 0.00142544 0.00476017 0.000147268 0.00669906 0.00149696 0.0264183 1.84534e-08 0.106339 0.0713338 
2.05777e-06 5.79249e-12 0.00141224 5.06979e-12 6.23776e-12 9.15602e-12 9.27099e-05 0.0019518 0.000214437 0.000393242 0.908969 0.0191582 2.98306e-05 0.000926199 0.000932746 3.37544e-08 2.69397e-05 0.000325693 0.000469411 0.000312473 0.000473239 5.70771e-05 0.00314469 5.39929e-12 0.0611082 4.59485e-12 
0.00715361 0.00164453 0.00722553 2.41713e-06 9.2199e-05 0.000314357 0.000864355 0.0224683 0.0041651 0.0137852 0.675253 0.0102434 0.00262306 0.00031431 0.0301654 0.000512311 0.0045895 0.00336298 0.0240463 0.00886517 0.0127348 0.0104134 0.0398852 0.000723745 0.113719 0.00483272 
0.000149105 5.017e-09 0.00417126 1.00975e-12 1.94408e-07 4.45215e-07 0.000510807 0.000650076 0.000271343 0.00769428 0.734108 0.00149904 7.05362e-05 1.83375e-08 0.00326862 0.00218935 7.48017e-06 0.000296638 0.00867035 0.000166425 0.00247227 0.0280435 0.129273 3.32354e-10 0.0764866 3.2074e-08 
0.00203593 6.10191e-05 0.000932165 1.36397e-12 7.75235e-06 2.99578e-05 1.12556e-05 0.12176 8.12255e-05 0.00207356 0.53329 0.000234449 5.95739e-13 1.60622e-12 0.156746 7.96878e-05 3.85999e-06 0.000920734 0.0129616 0.0105421 0.000552786 0.0100911 0.026257 1.42284e-07 0.120813 0.000514338 
0.0012433 1.93375e-05 0.00508605 1.65546e-05 4.55184e-07 1.19346e-07 0.0583822 0.000397015 0.0187948 0.0210251 0.271212 0.19581 0.0328642 0.00346791 0.000279793 0.000847375 0.0012287 0.00442322 0.0122729 0.0306592 0.000889924 0.00120146 0.145134 5.09481e-07 0.194579 0.000165213 
0.000453125 0.000113612 0.00200737 1.95025e-08 3.24122e-06 3.41813e-06 0.000406124 0.00205117 0.000849284 0.00215506 0.879298 0.00668829 3.91687e-05 1.47737e-05 0.0217899 6.59683e-05 1.88227e-05 0.00126613 0.00330278 0.00199845 0.000217213 0.0012162 0.0209741 8.6547e-08 0.0538902 0.00117775 
0.00584357 6.20296e-08 0.0190818 3.43601e-11 1.39296e-05 2.35308e-05 6.55529e-05 0.122765 0.0100178 0.00133471 0.421902 0.000796675 0.000387616 4.04629e-11 0.0183129 0.000526086 2.16373e-07 0.000633431 0.00213612 0.000167261 0.0031105 0.000227428 0.00888721 3.72268e-09 0.383452 0.000313793 
4.67195e-06 6.05593e-09 0.00124631 6.88785e-12 8.47465e-12 1.24394e-11 7.39001e-07 1.06055e-08 4.18317e-05 5.80464e-05 0.954277 1.70797e-08 0.000143727 5.09995e-08 9.71978e-08 9.26203e-05 5.94022e-07 3.70659e-05 0.0001569 2.01035e-05 2.97966e-06 2.3347e-05 3.3635e-08 7.33551e-12 0.0430672 0.000826572 
9.94053e-05 3.93588e-09 0.00281255 9.29598e-13 1.29879e-07 2.97241e-07 0.000361045 0.000433389 0.000180899 0.00512953 0.813174 0.000999374 4.70266e-05 1.44062e-08 0.00217909 0.0014596 4.98735e-06 0.000197762 0.00578025 0.000110952 0.00164819 0.0186957 0.0861823 2.7475e-10 0.0604872 1.58963e-05 
0.000782096 0.000272862 0.00606288 1.23955e-12 1.97944e-07 4.23298e-06 0.00395387 0.00200752 0.00260771 0.00704633 0.637116 0.0697572 0.00149789 0.000479049 0.0042517 0.000113571 0.000119484 0.00159259 0.00613064 9.27519e-05 0.000364244 0.000211904 0.0787982 2.07037e-07 0.172268 0.00446899 
0.0012955 4.30526e-05 0.00119115 6.66263e-10 4.30023e-05 2.65996e-06 9.62902e-05 0.000221994 3.74307e-05 0.00395832 0.885647 6.37353e-05 2.65892e-05 1.31343e-09 0.00941649 0.000579087 4.93586e-06 0.000102305 0.00103058 0.00324053 0.00346643 0.0188103 0.00178545 7.62582e-07 0.0686395 0.000296719 
0.00145425 4.35904e-05 0.000682029 1.25855e-12 5.53821e-06 2.14015e-05 1.0008e-05 0.0869717 5.80202e-05 0.00148112 0.652336 0.000167468 5.49698e-13 1.48209e-12 0.111962 5.69239e-05 2.75755e-06 0.000657671 0.00925832 0.00753011 0.000394852 0.00720792 0.018755 1.01785e-07 0.100545 0.000398734 
0.000455951 5.10846e-08 0.00820018 7.25084e-07 7.12205e-05 1.78953e-08 0.000401074 0.000360038 0.0202002 0.0139756 0.769118 0.00712809 0.0537399 5.13672e-08 0.000693715 0.000656088 6.56529e-05 0.0113808 0.0158048 0.000475495 0.00982039 0.00674688 0.0201332 1.63705e-09 0.0593867 0.00118476 
0.000223378 7.33582e-07 0.00954211 3.48908e-10 4.76807e-08 6.30125e-10 6.32787e-06 7.12511e-05 0.000626212 0.00309222 0.941733 4.38531e-05 0.000334598 1.05612e-05 0.000956909 1.33861e-05 8.37588e-11 0.00101999 0.000967794 1.78594e-05 0.000709473 4.95096e-05 0.00172543 3.71584e-10 0.0388551 3.16222e-10 
0.133265 0.000117426 0.031891 1.20332e-09 1.31667e-07 6.3901e-06 0.000377812 0.000909429 0.00977959 0.0161712 0.316413 0.00522273 0.00949059 0.000194297 0.203291 0.00220678 1.6753e-06 0.0388344 0.0258258 0.0260425 0.0326034 0.0311357 0.0903607 3.2428e-08 0.025859 1.07295e-06 
0.000782096 0.000272862 0.00606288 1.23955e-12 1.97944e-07 4.23298e-06 0.00395387 0.00200752 0.00260771 0.00704633 0.637116 0.0697572 0.00149789 0.000479049 0.0042517 0.000113571 0.000119484 0.00159259 0.00613064 9.27519e-05 0.000364244 0.000211904 0.0787982 2.07037e-07 0.172268 0.00446899 
0.000182382 8.90372e-07 0.000682131 1.04805e-08 9.32098e-12 1.36817e-11 1.38601e-06 2.10231e-08 0.000246692 1.3137e-06 0.962009 0.000631421 5.88406e-05 8.92124e-12 7.97184e-06 6.36894e-05 4.7676e-08 0.000192465 7.739e-05 4.67765e-06 1.50923e-05 2.31661e-05 0.000444522 1.33789e-09 0.0352664 9.01141e-05 
2.73265e-05 1.63537e-12 0.00185482 1.43134e-12 2.12506e-05 8.29597e-07 1.38362e-05 0.323669 0.000540776 0.000712512 0.651147 0.000572431 7.62998e-05 1.68556e-12 0.000918645 4.34817e-06 4.78052e-06 2.45124e-06 0.000551044 4.08333e-05 0.000501912 2.27765e-06 0.00376288 4.14318e-10 0.015569 6.13124e-06 
0.000597135 6.74132e-11 0.0237723 5.90024e-11 7.25953e-11 1.06558e-10 9.95828e-05 0.0285808 0.00775287 0.00263408 0.640387 0.0297673 8.51987e-06 0.00107735 0.00137142 0.0008084 5.44771e-05 0.00280143 0.0029457 0.000611943 0.00677127 0.000101199 0.0276207 6.28372e-11 0.222236 5.34751e-11 
0.000338816 2.26596e-11 0.0198604 1.98325e-11 6.23405e-05 1.3604e-05 2.21215e-05 0.0946508 0.00171425 9.18452e-05 0.540393 0.000702933 0.000114252 2.57444e-08 0.00399172 3.00289e-07 2.52921e-06 1.44163e-05 4.59359e-08 0.00121942 0.000807231 3.59368e-08 0.0140627 7.07417e-08 0.245403 0.0765341 
0.000782096 0.000272862 0.00606288 1.23955e-12 1.97944e-07 4.23298e-06 0.00395387 0.00200752 0.00260771 0.00704633 0.637116 0.0697572 0.00149789 0.000479049 0.0042517 0.000113571 0.000119484 0.00159259 0.00613064 9.27519e-05 0.000364244 0.000211904 0.0787982 2.07037e-07 0.172268 0.00446899 
0.000182382 8.90372e-07 0.000682131 1.04805e-08 9.32098e-12 1.36817e-11 1.38601e-06 2.10231e-08 0.000246692 1.3137e-06 0.962009 0.000631421 5.88406e-05 8.92124e-12 7.97184e-06 6.36894e-05 4.7676e-08 0.000192465 7.739e-05 4.67765e-06 1.50923e-05 2.31661e-05 0.000444522 1.33789e-09 0.0352664 9.01141e-05 
0.00908257 0.0008584 0.0643103 1.26001e-06 2.24169e-05 0.000535452 0.000767638 0.0480644 0.0474506 0.0481712 0.327177 0.00459325 0.0178539 0.00019746 0.0726717 0.00210816 0.000123722 0.00993828 0.0230873 0.00746507 0.0157727 0.0109175 0.090575 2.11323e-05 0.197096 0.00113825 
0.000607947 0.000160166 0.000627475 9.00796e-10 0.000132807 2.3235e-09 2.90238e-05 0.000206321 1.06082e-05 0.0153469 0.918651 8.79236e-05 7.67472e-05 8.29907e-13 0.00612548 0.00137694 2.69067e-07 0.00018798 0.00102725 0.00331054 0.0102319 0.0313769 0.00385423 5.34111e-07 0.00653308 3.80888e-05 
0.00709196 0.00144149 0.00693702 6.4349e-06 0.00590998 0.000529396 0.000766474 0.0149234 0.0112883 0.0160254 0.516412 0.00566629 0.00209441 0.00274154 0.0399611 0.000296295 0.00139269 0.0048594 0.0261075 0.0206459 0.00326208 0.00570956 0.0537226 8.47186e-06 0.25055 0.00165022 
0.000321236 3.5556e-05 0.00310154 2.78566e-12 1.82479e-05 4.91618e-06 0.0010544 0.159858 0.00134144 0.00493598 0.706789 0.00652574 0.000637883 7.22518e-05 0.00598233 0.000143678 4.7368e-05 0.000638093 0.00792423 0.00524797 0.001263 0.00493334 0.0384701 1.03092e-07 0.0505689 8.49451e-05 
0.000149105 5.017e-09 0.00417126 1.00975e-12 1.94408e-07 4.45215e-07 0.000510807 0.000650076 0.000271343 0.00769428 0.734108 0.00149904 7.05362e-05 1.83375e-08 0.00326862 0.00218935 7.48017e-06 0.000296638 0.00867035 0.000166425 0.00247227 0.0280435 0.129273 3.32354e-10 0.0764866 3.2074e-08 
0.000734137 1.48021e-11 0.00335055 1.29553e-11 0.0796142 2.33973e-11 2.85996e-08 0.000698479 0.00108128 0.00152363 0.836277 4.07782e-08 0.000112593 0.000164678 0.000139504 1.09797e-11 1.12015e-06 9.22753e-05 0.00214092 5.42013e-05 1.24288e-07 0.000206739 0.00601113 4.16995e-06 0.0676864 0.000106717 
0.00260371 8.06051e-06 0.000260319 1.10688e-09 1.12702e-06 2.82254e-06 4.89808e-06 0.000548807 0.000557522 0.000577768 0.847171 0.000104274 9.08142e-09 3.55886e-12 0.0737921 1.7543e-05 5.48585e-06 0.00074138 0.00344666 0.0119139 0.000403884 0.00477458 0.0176275 7.93572e-08 0.0325158 0.00292039 
0.0139337 0.000429299 0.000798115 2.04374e-07 2.04305e-07 0.00222525 2.0442e-07 0.00662571 2.04612e-07 0.0188679 0.243855 0.00468462 2.04542e-07 2.04321e-07 0.20846 0.00114495 0.000307107 0.0105376 0.112033 0.0258604 0.00558597 0.0683131 0.0578761 2.04355e-07 0.21423 0.00423131 
3.22708e-05 2.85913e-12 0.000351069 2.54363e-09 3.99175e-05 4.51934e-12 4.96463e-06 1.06391e-05 0.000232999 0.00868349 0.954558 8.52113e-06 0.000564465 2.94687e-12 3.86602e-09 1.84188e-07 5.80239e-07 9.2935e-05 0.00215089 1.07777e-05 0.0123613 0.000287306 0.00570742 1.50551e-09 0.014792 0.000110029 
0.00437082 0.00115943 0.00885383 1.46355e-07 0.000283587 0.000132504 0.0014284 0.0319855 0.0136545 0.0145311 0.593767 0.00973657 0.00891385 2.37301e-05 0.00876542 0.00281626 7.44133e-05 0.00200651 0.00456365 0.00588729 0.00640584 0.00308944 0.0904246 6.03959e-06 0.186124 0.000995503 
2.73265e-05 1.63537e-12 0.00185482 1.43134e-12 2.12506e-05 8.29597e-07 1.38362e-05 0.323669 0.000540776 0.000712512 0.651147 0.000572431 7.62998e-05 1.68556e-12 0.000918645 4.34817e-06 4.78052e-06 2.45124e-06 0.000551044 4.08333e-05 0.000501912 2.27765e-06 0.00376288 4.14318e-10 0.015569 6.13124e-06 
0.00035497 0.000104185 0.00647156 3.09096e-12 1.05268e-06 2.32623e-06 6.2269e-05 0.00126883 0.0014063 6.40919e-05 0.886484 1.02467e-05 2.76672e-05 2.72077e-09 0.0162657 2.22862e-05 1.39765e-06 0.000478119 0.00122462 4.1217e-06 5.86783e-05 2.28137e-05 0.00101997 3.79151e-10 0.0845918 5.3218e-05 
0.000663839 1.4459e-08 0.0166236 8.09751e-12 9.58586e-08 3.05914e-06 0.00144795 0.000309711 0.00145907 0.0379362 0.414159 0.000714103 0.0744122 7.73269e-08 0.00155663 0.0124677 3.57384e-06 0.00597232 0.00452731 0.000639235 0.032965 0.0596174 0.162985 6.58339e-10 0.171501 3.59049e-05 
0.000402592 0.000481495 0.000150702 5.39576e-10 6.63883e-10 2.24172e-05 1.6287e-06 0.00109008 0.000350275 0.00156166 0.737664 0.000142562 2.3567e-10 2.15142e-06 0.014033 2.82712e-06 1.16047e-07 5.75958e-05 0.00998731 0.000471499 0.000910252 0.0031231 0.000519833 5.74645e-10 0.22464 0.00438505 
0.0006083 0.000236087 0.0056555 3.13021e-10 2.03287e-06 3.2931e-06 0.00307525 0.00156141 0.00208112 0.00548245 0.677649 0.0545432 0.00123347 0.000372599 0.00330689 8.83351e-05 9.29327e-05 0.00123868 0.00476829 7.21415e-05 0.000283304 0.000164817 0.0617214 1.61112e-07 0.172284 0.00347589 
0.00713774 0.00086484 0.00516936 8.48479e-11 3.61295e-05 6.99441e-06 0.00329485 0.000732139 0.0031029 0.00234383 0.75392 0.000830838 0.00670179 0.000615865 0.0109754 0.00545334 1.39875e-05 0.00159293 0.00228802 0.00153064 0.00676434 0.0082134 0.0222753 1.1142e-06 0.141226 0.0149086 
2.73265e-05 1.63537e-12 0.00185482 1.43134e-12 2.12506e-05 8.29597e-07 1.38362e-05 0.323669 0.000540776 0.000712512 0.651147 0.000572431 7.62998e-05 1.68556e-12 0.000918645 4.34817e-06 4.78052e-06 2.45124e-06 0.000551044 4.08333e-05 0.000501912 2.27765e-06 0.00376288 4.14318e-10 0.015569 6.13124e-06 
0.0214941 6.55572e-05 0.00744821 1.63518e-07 0.00333481 1.63325e-07 0.0038437 0.00271612 0.00247217 0.0916891 0.51965 0.00158773 0.0179201 1.63476e-07 0.058303 1.63555e-07 0.000393044 0.00790719 0.00388035 0.0472089 0.0755989 0.0371582 0.0738149 0.000196367 0.0233168 1.63541e-07 
0.00764086 6.59414e-09 0.010905 6.57359e-11 9.4641e-06 1.62303e-06 0.000250279 0.00224173 0.0161385 0.000510273 0.484937 0.000201868 0.000200975 1.31537e-06 0.104875 0.000308915 1.22409e-05 0.000499181 0.00795458 0.00941203 0.0238198 0.010985 0.00349448 3.58531e-07 0.314952 0.000647765 
5.32654e-05 1.82199e-06 0.00593582 5.90863e-10 2.34787e-06 1.61688e-07 0.000182526 0.000232215 0.000152746 0.00277658 0.619898 0.000602082 3.92619e-05 2.35025e-08 0.00116745 0.000782185 2.67537e-06 0.000105962 0.00309665 5.94516e-05 0.000883022 0.0100162 0.0502246 4.25121e-10 0.303719 6.64026e-05 
0.0116257 5.02286e-06 0.00270047 5.82299e-09 0.000826126 1.5458e-06 0.00025507 0.00047454 0.000243094 0.0137113 0.650192 0.00827977 0.000154667 0.000478562 0.0535128 0.00349705 0.00187868 0.0059001 0.0408331 0.0367759 0.00315183 0.0596446 0.0706133 3.96038e-07 0.0350727 0.000171959 
4.1426e-05 2.51855e-06 0.00170438 1.95551e-12 5.5275e-08 1.25532e-07 0.0422999 0.000253727 7.53881e-05 0.00415893 0.862491 0.000727692 3.6076e-05 1.58474e-08 0.00205895 0.000608286 2.06444e-05 0.000119735 0.00313715 0.000858438 0.000751139 0.00948664 0.0359095 1.39993e-07 0.035245 1.3441e-05 
0.000182548 5.64918e-05 0.00403725 2.0735e-10 7.81145e-07 7.82545e-07 0.00110531 0.000705686 0.00076975 0.00283302 0.824996 0.0144734 0.00058115 0.000151179 0.00225129 0.000555893 3.03938e-05 0.000511155 0.00281179 7.94721e-05 0.000287553 0.00231472 0.0327152 4.20918e-08 0.106763 0.00178561 
4.42526e-05 3.19898e-09 0.00175508 1.59405e-12 1.95858e-07 1.00471e-07 0.000277655 0.000720346 8.75732e-05 0.00178105 0.899529 0.00738791 2.23946e-05 2.4781e-05 0.00100773 0.000486624 1.83087e-05 0.00015657 0.00202476 4.73625e-05 0.000678876 0.0064715 0.0293697 2.65097e-10 0.0481034 5.31119e-06 
9.96681e-05 7.15025e-08 0.0126923 4.97114e-11 1.51063e-07 3.35156e-07 0.000342184 0.003588 0.000411062 0.00513065 0.490922 0.00100091 4.7443e-05 3.57488e-07 0.00946759 0.00146656 5.05303e-06 0.000198085 0.00578179 0.000111191 0.00164965 0.0187142 0.086186 3.79287e-09 0.361923 0.000261764 
0.0171438 4.88573e-05 0.00735995 1.28808e-07 0.00121282 0.000488441 0.00428408 0.0122715 0.00202881 0.0166644 0.297639 0.00782591 0.000458432 0.000273703 0.0653074 0.000625036 0.0039675 0.00677711 0.0247509 0.175684 0.00330276 0.0206094 0.0364464 1.86855e-06 0.293505 0.00132285 
0.00395069 0.00254873 0.000163758 1.11165e-10 0.000190191 2.00026e-12 1.78497e-05 8.90453e-05 0.000165888 0.173369 0.750629 0.00049347 0.000636107 0.000162149 0.00242363 0.00117986 2.10136e-05 0.00136018 0.00341692 0.000953909 0.0425468 0.00348933 0.0107129 2.16416e-06 0.00113222 0.000345231 
0.00289703 0.000247701 0.00293508 3.93415e-06 0.000701279 9.75912e-06 0.000236175 0.0448526 0.00455523 0.0102134 0.719483 0.000838899 0.00136411 0.00376048 0.0287376 0.00190796 3.432e-05 0.00526185 0.00505118 0.00868137 0.0127065 0.01151 0.017359 8.97726e-06 0.116151 0.000491799 
0.00145425 4.35904e-05 0.000682029 1.25855e-12 5.53821e-06 2.14015e-05 1.0008e-05 0.0869717 5.80202e-05 0.00148112 0.652336 0.000167468 5.49698e-13 1.48209e-12 0.111962 5.69239e-05 2.75755e-06 0.000657671 0.00925832 0.00753011 0.000394852 0.00720792 0.018755 1.01785e-07 0.100545 0.000398734 
7.45732e-13 0.000138793 0.00348428 3.19295e-12 1.89262e-09 5.76645e-12 0.101269 3.27565e-05 1.00738e-08 0.000236742 0.858383 0.000175593 2.8606e-09 3.76006e-12 1.13621e-08 2.70604e-12 2.09067e-08 5.29822e-09 1.62648e-05 6.05686e-05 3.69842e-07 2.38366e-06 1.7928e-06 2.88243e-09 0.036198 5.82639e-07 
0.000635559 8.01092e-05 0.0014541 4.06545e-12 5.96438e-06 4.73238e-06 0.00240891 0.00101245 0.00111687 0.00284771 0.846008 0.00398855 0.000529926 4.98387e-05 0.00982338 8.73371e-05 3.27103e-05 0.00113541 0.00661588 0.00280714 0.000636431 0.00152748 0.0293148 2.78578e-07 0.0877074 0.000169271 
2.67384e-07 2.67029e-07 0.00893045 2.67085e-07 2.66995e-07 2.6677e-07 2.67145e-07 0.0116251 2.67397e-07 2.67431e-07 0.779655 2.67328e-07 2.67305e-07 2.67015e-07 0.00192571 2.69815e-05 2.67381e-07 2.67392e-07 2.67416e-07 2.67369e-07 0.000909388 2.67368e-07 2.6745e-07 2.6706e-07 0.196923 2.67121e-07 
2.05661e-06 2.85006e-12 0.000363011 2.49447e-12 1.41612e-09 4.505e-12 2.77437e-08 0.000876525 2.02744e-09 8.45235e-07 0.978371 0.00228733 1.59839e-09 1.28519e-06 6.876e-06 2.11408e-12 1.95091e-08 1.72179e-08 1.12701e-06 4.85876e-07 5.42758e-06 2.93715e-07 1.73799e-06 2.6566e-12 0.0180821 2.26079e-12 
0.00285936 0.000192745 0.000430058 9.01692e-11 0.00025532 1.74817e-09 3.39751e-05 0.000233978 0.000612466 0.206642 0.678723 0.000687582 0.000813241 1.80432e-05 0.00443931 0.00460322 3.32092e-05 0.00228899 0.00865367 0.0014715 0.0522291 0.00293554 0.0264713 2.17512e-06 0.00450326 0.000866297 
4.84054e-05 3.97027e-12 0.00050474 3.67875e-09 5.2572e-05 6.27569e-12 7.44618e-06 6.48812e-06 0.000349497 0.0128097 0.934485 2.3868e-08 0.000846691 4.09211e-12 5.59287e-09 2.66791e-07 8.70222e-07 0.000139401 0.0031021 1.39827e-05 0.0185419 0.000416357 0.00847697 2.17784e-09 0.0200327 0.000165041 
3.28849e-05 2.26787e-11 0.00641152 1.98492e-11 1.14968e-08 1.29131e-08 2.53108e-08 0.00405253 0.0027373 0.00106105 0.443361 0.000263515 2.48078e-08 2.33746e-11 0.00878042 0.000766816 5.42698e-06 0.00103551 0.0216176 3.05939e-08 0.00252218 0.135767 0.117416 2.94181e-09 0.254169 1.24053e-07 
0.000641431 1.20821e-11 0.00829103 1.05747e-11 0.000154438 2.2598e-06 1.42116e-05 0.189604 0.0137969 0.0317953 0.509862 0.00352183 0.000175642 1.24529e-11 0.0333984 0.000409053 5.69104e-05 0.00102709 0.0271957 0.000688109 0.00617264 0.00077435 0.0888304 9.45467e-07 0.0834809 0.000106867 
0.000683186 0.00041601 0.00143272 4.50636e-12 2.19845e-05 2.21795e-06 0.00703845 0.000485242 0.00287909 0.00586863 0.841521 0.00130117 0.00219706 5.30675e-12 0.00932435 0.000157546 2.03277e-05 0.00398292 0.0166224 0.0035802 0.00127344 0.00101499 0.0597644 7.61646e-07 0.0403631 4.90585e-05 
0.00584357 6.20296e-08 0.0190818 3.43601e-11 1.39296e-05 2.35308e-05 6.55529e-05 0.122765 0.0100178 0.00133471 0.421902 0.000796675 0.000387616 4.04629e-11 0.0183129 0.000526086 2.16373e-07 0.000633431 0.00213612 0.000167261 0.0031105 0.000227428 0.00888721 3.72268e-09 0.383452 0.000313793 
0.000792146 3.07393e-10 0.0025707 6.70926e-13 5.7276e-05 3.15159e-09 1.33166e-08 0.000349612 0.000341627 0.0305701 0.690661 0.000108209 3.20881e-08 7.9009e-13 0.0616651 9.32581e-09 1.43122e-06 0.00047463 0.00243789 0.00215826 0.0218759 0.0084042 0.16221 8.59009e-07 0.015321 6.08074e-13 
0.00566028 2.98263e-05 0.0182879 4.77307e-06 0.0001232 1.19093e-05 0.000278071 0.000387235 0.0518169 0.0273602 0.374409 0.00783902 0.00196149 3.14206e-07 0.060015 0.00182386 3.58172e-05 0.0289317 0.0124288 0.0170758 0.0137253 0.00301909 0.121962 1.13095e-07 0.252326 0.000486321 
0.000149105 5.017e-09 0.00417126 1.00975e-12 1.94408e-07 4.45215e-07 0.000510807 0.000650076 0.000271343 0.00769428 0.734108 0.00149904 7.05362e-05 1.83375e-08 0.00326862 0.00218935 7.48017e-06 0.000296638 0.00867035 0.000166425 0.00247227 0.0280435 0.129273 3.32354e-10 0.0764866 3.2074e-08 
0.000869796 0.000455833 0.00380342 2.17232e-08 2.10676e-05 2.89935e-06 0.000913024 0.00104498 0.00137792 0.00590447 0.854005 0.0102329 0.000489829 6.82706e-05 0.0111502 0.000614982 2.10908e-05 0.000738604 0.00569641 0.000480756 0.00190821 0.00388363 0.0209207 3.04887e-07 0.0746006 0.000794939 
0.0531753 0.000801904 0.00441948 0.000836432 0.00130403 9.79734e-08 4.5088e-06 0.00460625 0.140632 0.0605841 0.261299 0.00329197 0.00168985 6.38843e-08 0.0416873 0.000231514 0.00027896 0.0105521 0.0314067 0.00566461 0.0448825 0.0392322 0.0185603 0.101769 0.171581 0.00150941 
0.000607947 0.000160166 0.000627475 9.00796e-10 0.000132807 2.3235e-09 2.90238e-05 0.000206321 1.06082e-05 0.0153469 0.918651 8.79236e-05 7.67472e-05 8.29907e-13 0.00612548 0.00137694 2.69067e-07 0.00018798 0.00102725 0.00331054 0.0102319 0.0313769 0.00385423 5.34111e-07 0.00653308 3.80888e-05 
0.00607384 0.000102583 0.00752851 0.0013024 0.000487631 3.87401e-05 0.00037932 0.00787597 0.0266427 0.0496199 0.443572 0.0714561 0.00168982 0.00732897 0.0196358 0.0016264 0.000367317 0.00562375 0.0789635 0.00299714 0.0101394 0.00883598 0.0237756 1.78501e-06 0.208146 0.0157884 
0.000101124 0.0124429 0.0079087 6.78629e-10 3.03194e-05 3.64767e-05 0.00201679 0.000177565 0.0436829 0.0161269 0.719666 0.00218909 0.0176145 5.63737e-12 0.00326406 3.5143e-05 9.71626e-05 0.00111588 0.00597566 0.00011829 0.00527421 0.000163476 0.0373632 1.22897e-05 0.123235 0.00135256 
