0.00288306 1.4842e-08 0.000294916 8.96909e-11 0.000172095 2.40685e-06 0.000102229 0.000227499 0.000425981 0.0056744 0.00492223 0.940467 9.9766e-06 1.43657e-07 0.00027337 0.000273137 0.00072076 0.00539437 0.000522164 0.0214282 0.000280686 0.00179011 0.00196156 2.42522e-05 0.0121492 3.62509e-07 
0.00109756 0.000191386 0.00240459 4.51923e-07 0.000104369 3.20452e-07 0.000571391 0.00512944 0.00407178 0.00517947 0.0145 0.662063 0.00155313 0.000144412 0.00115085 7.89287e-05 0.250825 0.00248409 0.00708262 0.00977516 0.00113789 0.000555497 0.0102287 1.11848e-05 0.0195983 6.05701e-05 
0.00051701 1.13316e-05 0.154566 2.86231e-09 7.28332e-06 6.9834e-06 0.000185443 0.00392063 0.00315774 0.0131921 0.000182251 0.514368 0.00572439 7.94835e-05 0.0557016 0.000399987 0.06849 0.00382107 0.00314714 0.0451702 0.00740843 3.5529e-05 0.018897 3.49319e-05 0.0147583 0.086217 
2.60014e-05 6.52921e-05 0.00348711 2.5364e-10 0.0017543 9.52039e-09 0.000426533 0.000434882 0.0035025 0.000586489 0.0106105 0.92898 0.000761485 0.000415211 0.00153816 2.3516e-05 0.0157306 0.00418207 0.00114836 7.69225e-07 9.20598e-05 0.000248848 0.000664562 8.58909e-08 0.0253195 1.15933e-06 
0.0122507 0.00198259 0.0179854 0.00272826 0.00434127 1.09983e-05 4.34904e-05 0.00275624 0.0571945 0.0251466 0.000384704 0.518523 0.0126084 0.00426194 0.0166507 0.00151562 0.0489882 0.0190571 0.118793 0.0167534 0.010014 0.0168312 0.063936 0.000302648 0.026577 0.00036216 
0.00763472 2.08072e-05 0.00210268 6.01046e-09 0.00361172 1.7821e-05 0.000676711 0.000654308 0.00335226 0.0593909 0.0226988 0.466241 0.00421389 0.000696298 0.0534954 0.000664593 0.0294584 0.0437512 0.052485 0.0224847 0.0174808 0.00727799 0.163825 4.71005e-07 0.0376867 7.81218e-05 
0.00930309 0.00418762 0.02011 2.53759e-06 0.000270556 1.0354e-06 0.000516004 0.000113317 0.223303 0.0180335 0.0467166 0.40201 0.00044669 6.09878e-05 0.0206124 4.59621e-05 0.0108745 0.060693 0.037344 0.00871538 0.00152126 0.00152961 0.0432774 2.38677e-07 0.0900821 0.000229354 
1.67974e-05 2.10814e-06 0.00335539 3.40244e-09 4.18629e-09 3.26892e-06 6.38485e-05 0.000843666 0.060676 0.00175259 3.67209e-07 0.864308 0.000320049 2.6204e-05 0.00150049 5.33955e-06 0.000338642 0.00166065 0.000178135 0.00124048 6.85506e-06 5.95493e-05 0.0312286 0.000219654 0.0321934 3.0837e-09 
1.30517e-05 1.30344e-05 1.30511e-05 1.30371e-05 1.30327e-05 1.30217e-05 1.304e-05 0.0561048 0.130536 1.3054e-05 1.30533e-05 0.525885 1.30479e-05 1.30337e-05 1.30536e-05 1.304e-05 0.0235058 1.30521e-05 1.30532e-05 0.0313354 1.30519e-05 1.30509e-05 0.0652876 1.30359e-05 0.152754 0.0143558 
0.000303445 2.6582e-05 0.12399 3.20752e-07 4.90344e-06 0.000962301 0.000126961 0.0040392 0.00129475 0.00681269 0.000169767 0.562302 1.76795e-08 7.12782e-11 0.0110695 0.000197575 0.000221129 0.00262166 0.000245457 0.108356 0.00440011 2.00266e-05 0.00462279 6.28486e-06 0.0337173 0.134489 
2.60014e-05 6.52921e-05 0.00348711 2.5364e-10 0.0017543 9.52039e-09 0.000426533 0.000434882 0.0035025 0.000586489 0.0106105 0.92898 0.000761485 0.000415211 0.00153816 2.3516e-05 0.0157306 0.00418207 0.00114836 7.69225e-07 9.20598e-05 0.000248848 0.000664562 8.58909e-08 0.0253195 1.15933e-06 
0.0478437 5.93339e-05 0.00458463 3.57388e-09 0.00100614 1.89579e-05 0.000534386 0.236141 0.0253921 0.0396481 0.0154406 0.268149 0.000134522 3.76305e-05 0.0282423 0.000266712 3.34708e-09 0.105855 0.00629276 0.00118708 0.00479878 0.000251014 0.104749 5.94156e-11 0.102289 0.00707854 
0.000925811 5.25485e-05 0.0034406 1.03614e-07 0.0145923 4.35753e-05 7.76829e-05 0.00039023 0.0111449 0.0598641 0.00585661 0.729591 0.000995763 0.0538438 0.0103574 7.63242e-05 0.00793209 0.0301956 0.0100637 0.0131386 0.000894984 0.000218811 0.017742 5.38968e-08 0.0284948 6.67206e-05 
0.0032382 2.10018e-10 0.103438 0.000643456 0.00110446 3.31968e-10 0.00414592 1.10858e-07 0.294383 0.0131082 7.12846e-05 0.439674 5.15684e-07 5.65952e-07 0.00186321 1.50309e-05 0.000330374 0.014739 0.00954814 0.00193007 0.0320267 0.00142702 0.0203302 1.95762e-10 0.0579759 6.62492e-06 
0.00204905 1.32404e-05 0.00131497 2.68489e-07 0.000125042 0.00654547 2.96325e-05 0.00283847 0.183211 0.0891515 0.000157425 0.425545 1.24016e-07 7.63971e-06 0.026134 0.0100291 0.00470567 0.0177595 0.0111582 0.134107 0.010197 0.0168789 0.0230317 1.21407e-05 0.0349171 8.03135e-05 
0.00276636 8.89349e-05 0.00238438 4.70856e-09 1.66309e-06 3.47783e-06 0.000357549 0.0377835 0.0456127 0.120547 0.0141656 0.518337 3.40184e-05 2.55699e-07 0.00433746 0.00324024 0.0932267 0.0273451 0.0056155 0.0178835 0.00582604 0.0228377 0.0047859 8.52056e-05 0.0657366 0.00699768 
0.0131632 0.115046 0.000332458 5.61668e-07 5.4674e-06 5.16962e-10 0.0278241 8.97474e-05 0.0599864 0.18983 0.000880011 0.337719 0.00228026 0.000303903 0.00600566 0.00627392 0.113312 0.0495687 0.0318086 0.00747523 0.00696096 0.0175108 0.0062732 0.000661597 0.0062755 0.000412536 
0.0921222 2.11814e-06 0.000115121 4.64649e-10 5.71694e-10 0.000351558 5.96469e-07 3.25719e-07 1.23848e-06 0.00251457 6.99102e-11 0.682003 2.02944e-10 1.32058e-06 0.00366856 6.68915e-07 1.11544e-10 0.0609948 0.00147798 0.0161386 0.0282218 0.00129659 0.111088 4.94848e-10 5.35793e-08 4.39453e-07 
0.0112738 3.5885e-06 4.76601e-05 1.279e-09 8.8461e-05 3.95502e-08 0.000250929 2.21561e-07 0.00272407 0.00713525 0.000161781 0.747363 2.76651e-08 0.000400912 0.00191923 0.00285527 0.000359055 0.00417787 0.0226369 0.0708004 0.00539673 0.0875768 0.0332803 1.44402e-06 0.0015456 4.69641e-07 
0.0040852 0.0221766 0.00636098 5.85129e-05 1.11423e-05 5.87955e-05 0.00132347 0.0076759 0.164644 0.146159 0.0143627 0.285198 0.00172811 3.50381e-07 0.0158327 0.00572696 0.0445466 0.0103402 0.0325499 0.0248184 0.0168325 0.0197652 0.0468784 0.000121165 0.126467 0.00227811 
0.00504996 0.000119075 0.00403837 0.000165774 0.000972654 5.93901e-05 0.00176868 0.00394414 0.0335748 0.0409384 0.0109464 0.272977 0.00973959 0.00022123 0.0671607 0.00188244 0.0424687 0.0647031 0.029309 0.159066 0.0167945 0.0191594 0.172024 1.25085e-05 0.0421257 0.000779193 
0.0325315 0.00284434 0.000631027 9.55685e-07 0.000204558 0.000577512 0.00248975 0.00044271 0.0323907 0.254598 0.000121372 0.428342 0.0154641 2.9537e-07 0.0263863 0.00133704 0.013084 0.081928 0.0024435 0.00990072 0.00565404 0.00266502 0.077986 0.00103569 0.00685189 8.94431e-05 
0.0109359 1.12044e-07 0.00658667 1.5263e-10 0.00385457 8.30039e-06 0.00125541 0.000937996 0.103919 6.0826e-06 2.29643e-11 0.313068 3.3152e-05 3.97962e-08 0.0838657 1.29354e-10 0.138786 0.0282374 0.00440518 0.0156336 0.0490002 0.000164535 0.00325818 6.25638e-06 0.236038 1.38331e-10 
0.000292523 2.48448e-05 0.000475285 0.00115291 2.57761e-06 1.17483e-07 0.0031189 0.000691159 0.0109207 0.159612 0.00756843 0.620017 0.013334 4.39629e-08 0.0016611 3.5092e-05 0.0127225 0.0113096 0.0406242 0.001955 0.0236891 0.000405063 0.0842618 3.75165e-05 0.00603494 5.36066e-05 
0.00161025 0.0119653 0.00555923 1.87158e-08 1.38502e-05 1.50242e-07 3.02477e-06 0.0193838 0.0204387 0.0316509 0.000130317 0.6231 0.0107076 3.01479e-08 0.0188314 0.000419554 0.123887 0.0323853 0.0109893 0.00916488 0.00683197 0.0078626 0.0277274 0.000415855 0.0367487 0.000172708 
0.00407072 0.000250042 0.00365891 2.25735e-08 2.92702e-05 7.06925e-05 8.6527e-05 0.000892581 0.00675332 0.0873112 1.28791e-05 0.497262 0.00131792 2.59371e-07 0.0379586 1.85515e-06 0.0927221 0.013831 0.0527969 0.0775813 0.0144599 0.00340851 0.0687434 0.000165715 0.0291023 0.00751184 
0.0235143 0.00214671 0.00645095 0.000183683 0.0317361 0.000170401 0.00191231 0.000432116 0.0717068 0.231247 0.0108129 0.363542 0.00188935 0.00101116 0.0295799 0.00701649 0.00422127 0.0511283 0.0425928 0.0201139 0.0192192 0.0115861 0.0329149 6.38918e-05 0.0299245 0.00488298 
0.00119527 0.000164423 0.00206155 6.04781e-07 0.00966508 2.92531e-07 0.000490269 0.00439854 0.0155277 0.0044399 0.0124298 0.652487 0.0013317 0.000123958 0.00439493 6.77593e-05 0.226995 0.00212951 0.00607132 0.00837975 0.00307288 0.000476309 0.0186335 9.88911e-06 0.0254015 5.20411e-05 
0.00348003 0.127176 0.000178368 4.05924e-08 0.00134856 5.4926e-07 7.26712e-06 2.81981e-05 0.0491054 0.040551 0.00322486 0.318484 0.000373583 0.00159836 0.00451273 3.85305e-06 0.0346512 0.00762056 0.0127255 0.228326 0.0249282 0.00722501 0.0213623 0.000383139 0.0145887 0.0981162 
0.00225284 0.000146645 0.00117307 6.44772e-09 4.01825e-05 3.02194e-05 0.00336451 0.000633044 0.0391785 0.251616 0.0372931 0.323235 0.00152162 8.61712e-05 0.0144463 0.00151411 3.71359e-05 0.153816 0.00604118 0.000455429 0.00611684 0.0439502 0.0363853 6.71146e-09 0.0666381 0.0100286 
0.00288306 1.4842e-08 0.000294916 8.96909e-11 0.000172095 2.40685e-06 0.000102229 0.000227499 0.000425981 0.0056744 0.00492223 0.940467 9.9766e-06 1.43657e-07 0.00027337 0.000273137 0.00072076 0.00539437 0.000522164 0.0214282 0.000280686 0.00179011 0.00196156 2.42522e-05 0.0121492 3.62509e-07 
4.2131e-07 5.2857e-07 0.00382148 1.15627e-10 5.26524e-07 2.08822e-10 9.76547e-11 1.68225e-07 0.0911576 8.20446e-07 0.00271442 0.300115 0.0222385 0.00364418 0.029135 7.84936e-08 2.05408e-06 0.0153106 0.037796 2.26329e-06 0.00339112 3.63276e-07 0.268182 1.23142e-10 0.222486 4.08806e-07 
0.00806871 0.000142541 0.0415012 6.5246e-08 0.000501379 7.95658e-06 0.000917556 0.0120507 0.0701693 0.112111 0.0210079 0.194595 0.00724938 0.000614927 0.0638296 0.000719854 0.0179835 0.114443 0.0353212 0.0936154 0.0230575 0.00486425 0.138631 1.24211e-05 0.0383093 0.000275559 
0.0174802 0.00168792 0.0657215 1.86752e-08 5.93828e-06 6.80246e-05 9.60281e-07 1.13504e-05 0.00974331 0.1975 9.418e-05 0.308773 0.00192705 6.59694e-10 0.0233263 0.0202209 0.00490039 0.0377203 0.0286286 0.0197487 0.0082007 0.0125453 0.229552 0.000146111 0.0119068 9.07576e-05 
0.0032382 2.10018e-10 0.103438 0.000643456 0.00110446 3.31968e-10 0.00414592 1.10858e-07 0.294383 0.0131082 7.12846e-05 0.439674 5.15684e-07 5.65952e-07 0.00186321 1.50309e-05 0.000330374 0.014739 0.00954814 0.00193007 0.0320267 0.00142702 0.0203302 1.95762e-10 0.0579759 6.62492e-06 
0.00974194 0.000899454 0.0170194 1.1276e-08 1.26485e-05 7.76244e-05 8.10902e-05 0.000111436 0.0369728 0.0946697 0.0013865 0.518152 0.000699189 3.03206e-09 0.0187796 0.000843855 0.133953 0.0514878 0.0357327 0.0093528 0.015743 0.00322357 0.0148681 0.000102917 0.0359312 0.000157883 
0.000289171 0.00016581 0.000131331 3.15701e-08 0.00034133 0.000140272 2.36284e-05 0.000982666 0.0379629 0.0623757 0.000232359 0.3645 3.47009e-05 4.32454e-07 0.00328519 0.00333828 0.0127337 0.15737 0.0149682 0.230717 0.0807851 0.00152689 0.0119406 5.97325e-07 0.0159621 0.000192089 
0.00728292 0.000133025 0.00185123 8.72851e-05 0.000300798 0.00594848 0.003522 2.90978e-05 0.00400177 0.0790865 0.000581566 0.60042 8.356e-05 4.51842e-08 0.00121895 0.0163212 0.000255432 0.0299834 0.0180387 0.162134 0.00626431 0.022189 0.0237175 3.94573e-06 0.0104253 0.00611952 
0.0172819 0.00435661 0.00224048 0.227896 9.50997e-09 0.00290777 1.41883e-06 0.000594051 0.0166532 0.0749239 0.0110065 0.528919 3.37592e-09 9.10212e-09 0.0011703 1.00641e-06 2.20283e-07 0.000538368 0.0138841 0.00384122 0.000192841 0.0164664 0.00104889 5.63413e-05 0.0623349 0.0136845 
0.0113858 0.00133802 0.00227296 4.16643e-08 9.27953e-05 2.16743e-07 0.00167724 6.43133e-05 0.0117375 0.030768 0.000916393 0.786354 1.57507e-05 0.000674169 0.00394571 0.000624431 2.8727e-06 0.0212858 0.00285977 0.0157552 0.00855651 0.0037389 0.0892063 7.05458e-06 0.00667558 4.50571e-05 
0.000333623 1.41196e-05 0.00572573 2.569e-08 7.1093e-06 5.70085e-06 0.000117262 0.00101309 0.221045 0.00202641 0.0747994 0.515165 1.99734e-05 0.00307422 0.00307423 7.07298e-06 9.99526e-06 0.00611178 0.0342597 0.000179879 0.00347601 1.49597e-05 0.0154642 4.63245e-06 0.113837 0.000213615 
0.0162303 0.000220821 7.49111e-06 6.44043e-06 6.72006e-06 4.64345e-05 2.0448e-05 0.00058603 0.00493739 0.0837566 1.78905e-07 0.343863 0.00489154 3.41505e-09 0.00271896 0.000461438 0.00760574 0.306356 0.0175964 0.0117889 0.00352887 0.0033284 0.00358032 0.188393 6.48485e-05 3.1649e-06 
0.00264573 0.0011516 0.00103846 1.65116e-09 0.0223609 0.000220201 0.00826619 0.000870233 0.181373 0.144634 0.00159745 0.276573 0.00996275 0.00132148 0.0479691 0.000565046 0.000305822 0.0774884 0.00814062 0.0299823 0.00241907 0.00689628 0.0834008 5.93011e-05 0.0821728 0.00858574 
1.26699e-08 1.92874e-05 0.0101069 1.93444e-10 9.44439e-07 0.000347871 1.41412e-05 0.0126875 0.0235363 0.0543245 0.00105559 0.709197 0.000381706 3.77863e-07 0.00999003 0.000116785 0.0647703 0.00123028 0.0156598 1.03851e-05 0.0131376 9.82585e-05 0.016395 2.20157e-06 0.0648383 0.00207845 
8.00021e-05 1.75394e-05 0.000197477 0.00268903 5.57368e-08 3.64942e-09 0.00609744 5.79511e-05 0.0029169 0.00364991 0.000963252 0.948632 1.84614e-05 9.06171e-09 0.000265431 3.40816e-05 0.0139882 0.00384771 0.00425241 0.000774419 0.000909851 3.14013e-05 0.00722856 5.3721e-06 0.00334279 6.97643e-08 
0.0066285 7.17665e-06 0.00855172 4.44087e-09 0.00733524 1.50716e-05 7.58152e-05 4.48697e-05 0.0381098 0.0576654 0.00352727 0.485312 0.000534297 2.44775e-05 0.0514824 0.00204246 0.000125687 0.0544004 0.115765 0.0395711 0.0467033 0.000978436 0.0510507 6.54521e-07 0.029999 4.90612e-05 
3.04124e-05 8.92897e-06 0.0390868 1.80809e-08 8.78521e-05 7.33792e-06 0.00159088 0.0001749 0.0367203 0.0736048 0.00175546 0.477918 2.41006e-06 0.0018266 0.00109923 4.2274e-05 0.0100042 0.015464 0.0121922 0.289679 0.00114457 5.40182e-05 0.00193338 1.60914e-06 0.0354507 0.000120178 
0.00288306 1.4842e-08 0.000294916 8.96909e-11 0.000172095 2.40685e-06 0.000102229 0.000227499 0.000425981 0.0056744 0.00492223 0.940467 9.9766e-06 1.43657e-07 0.00027337 0.000273137 0.00072076 0.00539437 0.000522164 0.0214282 0.000280686 0.00179011 0.00196156 2.42522e-05 0.0121492 3.62509e-07 
0.00116234 1.63306e-05 0.00215324 1.19603e-10 0.00860969 3.37878e-05 3.56182e-05 0.00083664 0.00043553 0.027393 0.0103651 0.855944 0.000930282 0.000409142 0.0156193 0.000160829 0.00472812 0.0220792 0.00633839 0.00142933 0.00153288 0.000452849 0.00733324 3.63272e-08 0.0319685 3.2312e-05 
1.63563e-05 4.0583e-05 0.000710208 1.23235e-11 1.2712e-06 6.41009e-06 2.83726e-05 6.35962e-05 0.0103202 0.0182841 0.018651 0.805884 1.70517e-05 1.45123e-11 0.00146021 8.09855e-05 0.0725122 0.00166342 0.00720617 0.000407929 0.00323601 0.00014577 0.0172535 1.77108e-06 0.0391523 0.00285675 
7.08756e-06 0.00335146 0.00331308 1.45249e-09 2.82255e-05 2.26809e-07 0.0012407 0.0175501 0.258479 0.010596 0.000771953 0.598044 1.1144e-06 1.67476e-06 0.0184661 4.18021e-07 0.00128681 0.00132865 0.00337071 0.00733192 1.87742e-05 0.000271249 0.00321611 1.5709e-07 0.0708651 0.000459896 
0.00819202 0.00379576 0.0129148 0.00111079 0.00161882 7.61332e-05 0.001542 0.0010233 0.158012 0.0678417 0.0172387 0.272938 0.0173216 0.00251054 0.036386 0.00638941 0.098815 0.0282873 0.0523591 0.0094099 0.0235346 0.0196606 0.0359603 0.000374815 0.120876 0.00180968 
0.000475796 0.000237207 7.61839e-07 1.88137e-07 0.00556976 3.99003e-06 1.08677e-05 0.00340461 0.0399771 0.164381 0.0079773 0.215362 2.46892e-06 0.000659916 0.0116842 2.17294e-05 0.132257 0.0755264 0.00671372 0.193912 0.00022588 5.46374e-05 0.0726518 4.75438e-05 0.0688233 1.86699e-05 
0.00817479 0.00828794 0.00826103 1.57116e-06 3.50338e-06 0.000896403 0.000121223 0.00525826 0.107481 0.0658787 0.0169765 0.450142 8.67139e-05 9.76336e-10 0.0502614 0.00312485 7.67459e-05 0.000418382 0.0552855 0.00252716 0.00370714 0.00410741 0.0883411 7.22518e-05 0.117054 0.00345505 
0.00642895 0.00647652 0.00820074 7.33524e-05 0.000702449 7.0781e-05 0.000132537 0.194356 0.0276874 0.0976844 0.0041685 0.230968 0.00803608 0.0110827 0.00885458 0.000523915 0.0340274 0.0631756 0.0374742 0.195713 0.00625388 0.00361332 0.0281698 0.00155909 0.0239518 0.000615001 
0.0032382 2.10018e-10 0.103438 0.000643456 0.00110446 3.31968e-10 0.00414592 1.10858e-07 0.294383 0.0131082 7.12846e-05 0.439674 5.15684e-07 5.65952e-07 0.00186321 1.50309e-05 0.000330374 0.014739 0.00954814 0.00193007 0.0320267 0.00142702 0.0203302 1.95762e-10 0.0579759 6.62492e-06 
0.00327451 0.000559147 0.0112026 0.00083387 0.00117915 2.09694e-06 0.0032206 0.000169313 0.0609594 0.01216 0.00684412 0.751516 0.00599643 0.000131408 0.000906167 0.00342544 0.0168053 0.0400803 0.0113063 0.00261421 0.0137783 0.000496962 0.0202647 7.70321e-06 0.0312154 0.00105089 
0.0157101 0.00377005 1.06549e-05 6.37216e-08 0.000224394 1.0743e-05 6.36355e-08 4.03477e-05 0.00889107 0.228288 0.00165768 0.517299 0.000717206 1.19795e-06 0.00514276 7.26386e-05 0.0560921 0.0928514 0.0417332 0.00814405 0.000525323 0.00210388 0.0153439 3.90071e-06 0.00115584 0.000210273 
0.00109756 0.000191386 0.00240459 4.51923e-07 0.000104369 3.20452e-07 0.000571391 0.00512944 0.00407178 0.00517947 0.0145 0.662063 0.00155313 0.000144412 0.00115085 7.89287e-05 0.250825 0.00248409 0.00708262 0.00977516 0.00113789 0.000555497 0.0102287 1.11848e-05 0.0195983 6.05701e-05 
0.0136451 2.14629e-05 0.00575106 1.60523e-05 0.00436807 8.86187e-05 0.0045056 0.000843658 0.170409 0.0269613 0.0107625 0.312201 0.00403694 0.000377722 0.12319 0.00158041 0.00234878 0.0189336 0.00790059 0.00255051 0.0172782 0.00130884 0.0328653 1.22064e-06 0.188145 0.0499083 
0.0019065 0.000173763 0.000446767 0.0138409 7.03449e-05 3.33716e-06 0.00233103 0.000240003 0.0125182 0.0259507 0.00117016 0.891462 0.000551163 0.000150271 0.000357133 6.38222e-05 0.00714188 0.0116511 0.0093357 0.00133182 0.00188177 0.00449532 0.00491797 7.97118e-06 0.00759498 0.00040557 
0.00109756 0.000191386 0.00240459 4.51923e-07 0.000104369 3.20452e-07 0.000571391 0.00512944 0.00407178 0.00517947 0.0145 0.662063 0.00155313 0.000144412 0.00115085 7.89287e-05 0.250825 0.00248409 0.00708262 0.00977516 0.00113789 0.000555497 0.0102287 1.11848e-05 0.0195983 6.05701e-05 
0.00536826 0.000275917 0.000178227 9.03441e-05 0.00653842 0.00181504 8.42609e-06 8.46145e-05 0.00270206 0.0833508 0.000970056 0.631477 0.000117684 0.000380873 0.00481421 0.00721488 0.000878603 0.0493587 0.052295 0.0382042 0.0100646 0.0253084 0.0740557 1.67327e-06 0.00256224 0.00188413 
0.00470045 0.00131362 0.0196218 3.88788e-07 0.000403426 4.00538e-05 0.0016665 0.00539601 0.0298105 0.0175961 0.0163639 0.431536 0.00849469 0.0213356 0.0702063 0.000227449 0.168977 0.0074964 0.0516213 0.0209458 0.00666696 0.00260123 0.0382302 1.00827e-05 0.0724296 0.00230906 
0.00531402 0.000319969 0.000979185 1.64107e-09 0.000195538 0.00055516 0.00156088 0.000196686 0.128421 0.0589325 0.000594558 0.271908 0.00242839 4.58875e-06 0.0505537 0.000740095 0.128117 0.0293585 0.10041 0.0577151 0.0180237 0.0115754 0.100711 0.000771068 0.0281526 0.00246165 
0.00426791 1.48047e-07 0.0166694 1.13674e-09 9.51347e-05 2.06222e-05 0.00131829 0.0013394 0.0600598 0.117183 6.93371e-05 0.555859 0.0221372 0.00174622 0.00278018 0.000351644 0.00694891 0.0370402 0.0107219 0.00822204 0.0763426 0.0181269 0.0259023 8.12354e-08 0.032018 0.000779881 
0.00116234 1.63306e-05 0.00215324 1.19603e-10 0.00860969 3.37878e-05 3.56182e-05 0.00083664 0.00043553 0.027393 0.0103651 0.855944 0.000930282 0.000409142 0.0156193 0.000160829 0.00472812 0.0220792 0.00633839 0.00142933 0.00153288 0.000452849 0.00733324 3.63272e-08 0.0319685 3.2312e-05 
0.00243048 0.0101744 2.7151e-08 4.84217e-09 5.26723e-10 7.73143e-10 0.0133223 3.22727e-05 0.129089 0.14229 1.0381e-05 0.587529 0.00338203 5.04134e-10 0.00285674 1.3315e-05 6.8254e-05 0.0159132 0.0437732 0.00208894 0.000306944 0.00339811 0.037648 6.62692e-08 0.00368103 0.00199233 
0.00722042 0.00124527 0.000902054 1.76203e-06 0.0874385 1.857e-05 2.01263e-05 4.41362e-05 0.00192244 0.0563478 0.00102454 0.706024 0.00169232 6.54143e-07 0.00420013 0.000252501 0.0412046 0.0312969 0.00901113 0.0103707 0.00222548 0.0010777 0.0308301 1.8077e-05 0.00531199 0.000298539 
0.00109756 0.000191386 0.00240459 4.51923e-07 0.000104369 3.20452e-07 0.000571391 0.00512944 0.00407178 0.00517947 0.0145 0.662063 0.00155313 0.000144412 0.00115085 7.89287e-05 0.250825 0.00248409 0.00708262 0.00977516 0.00113789 0.000555497 0.0102287 1.11848e-05 0.0195983 6.05701e-05 
0.0116667 9.36076e-08 0.0393764 0.000185758 0.000538243 2.23459e-08 0.00171292 0.000234316 0.119259 0.0152303 0.000577637 0.223286 0.000365703 2.74069e-07 0.161271 5.40848e-05 0.00123752 0.0202481 0.00909195 0.0670932 0.0614726 0.00765066 0.130237 1.74619e-10 0.0260794 0.103132 
0.0412335 0.000100313 0.000467148 0.0718202 0.00034602 9.91654e-05 3.79505e-10 4.22094e-05 0.0273338 0.181846 0.00197586 0.233911 0.000203254 7.58656e-05 1.13516e-06 0.00411801 1.38586e-05 0.14583 0.0359102 0.0492391 0.0670012 0.0750426 0.0264603 4.0919e-06 0.0364827 0.000443538 
2.60014e-05 6.52921e-05 0.00348711 2.5364e-10 0.0017543 9.52039e-09 0.000426533 0.000434882 0.0035025 0.000586489 0.0106105 0.92898 0.000761485 0.000415211 0.00153816 2.3516e-05 0.0157306 0.00418207 0.00114836 7.69225e-07 9.20598e-05 0.000248848 0.000664562 8.58909e-08 0.0253195 1.15933e-06 
0.00109756 0.000191386 0.00240459 4.51923e-07 0.000104369 3.20452e-07 0.000571391 0.00512944 0.00407178 0.00517947 0.0145 0.662063 0.00155313 0.000144412 0.00115085 7.89287e-05 0.250825 0.00248409 0.00708262 0.00977516 0.00113789 0.000555497 0.0102287 1.11848e-05 0.0195983 6.05701e-05 
0.016599 0.00092998 0.00523631 2.1605e-05 0.00136958 9.31521e-05 0.00131317 0.00148263 0.0149404 0.0572048 0.0194083 0.354919 0.00154113 0.00266151 0.0299061 0.00293585 0.0133163 0.0256929 0.0914663 0.182556 0.0166982 0.0330546 0.0608187 0.00303694 0.0598208 0.00297637 
0.00288306 1.4842e-08 0.000294916 8.96909e-11 0.000172095 2.40685e-06 0.000102229 0.000227499 0.000425981 0.0056744 0.00492223 0.940467 9.9766e-06 1.43657e-07 0.00027337 0.000273137 0.00072076 0.00539437 0.000522164 0.0214282 0.000280686 0.00179011 0.00196156 2.42522e-05 0.0121492 3.62509e-07 
0.00280285 0.000328765 0.00360823 0.000693256 0.00817796 0.000510237 0.00575668 0.000116313 0.0447485 0.0467021 0.0117896 0.731548 0.00362052 0.0140807 0.00146407 0.00110512 0.0123501 0.0272832 0.0181236 0.00326408 0.00317503 0.00387261 0.0367576 8.97687e-06 0.0178669 0.000244686 
0.00577869 0.000744062 0.00385736 1.98505e-09 2.6712e-05 8.86248e-05 0.0276538 0.000665654 0.136203 0.106022 0.0153675 0.205834 0.0104704 4.54585e-06 0.0137074 0.00255382 0.000136523 0.0791298 0.148141 0.0470225 0.00620604 0.00375728 0.11033 3.831e-05 0.0650505 0.0112107 
0.0142486 0.000808919 0.00646099 4.79266e-06 2.08291e-05 3.1207e-05 0.00470953 0.0682161 0.0765113 0.151965 0.0124808 0.313442 0.00613387 0.000166564 0.0218491 0.00575668 0.033443 0.0211303 0.030906 0.0164273 0.017157 0.00511273 0.0838505 1.09453e-05 0.0987095 0.0104471 
0.0239397 0.00615753 0.000163357 0.0115599 0.000145885 3.95121e-06 0.000211672 0.000751449 0.00312799 0.171029 0.000126129 0.30602 0.00545046 7.2281e-05 0.0101373 0.00217801 0.00872573 0.177489 0.138862 0.00684914 0.0184713 0.0134314 0.0766472 0.0157947 0.00265383 1.63304e-06 
0.0111043 0.000175722 0.00673149 3.88675e-05 0.00255093 1.4471e-05 0.00148575 0.000261952 0.02973 0.111908 0.00189312 0.499769 0.0081864 0.000271373 0.0500675 0.00159297 0.0105477 0.0565412 0.0217659 0.0109051 0.0263297 0.00920488 0.114281 1.7818e-06 0.0245138 0.000126648 
0.00240077 0.0549011 6.29256e-05 1.2675e-07 0.000404139 3.62434e-06 0.00141438 0.000176814 0.117027 0.0886132 0.00232149 0.356734 8.24523e-05 0.000157968 0.0513438 4.14262e-05 0.0183586 0.0177013 0.216279 0.0383159 0.00179439 0.00302691 0.01672 0.000101686 0.01201 7.8075e-06 
0.00370415 4.52538e-05 0.00349766 3.6356e-11 7.47911e-08 6.56588e-11 0.000316966 5.12493e-05 0.00245796 0.087601 3.28518e-06 0.69788 0.00411304 3.85113e-10 0.0466864 0.000681273 0.00169551 0.0740869 0.00998675 0.00291743 0.0178399 0.00706968 0.0386198 1.14091e-06 0.000735443 9.13327e-06 
0.000303445 2.6582e-05 0.12399 3.20752e-07 4.90344e-06 0.000962301 0.000126961 0.0040392 0.00129475 0.00681269 0.000169767 0.562302 1.76795e-08 7.12782e-11 0.0110695 0.000197575 0.000221129 0.00262166 0.000245457 0.108356 0.00440011 2.00266e-05 0.00462279 6.28486e-06 0.0337173 0.134489 
0.0252724 0.00759876 0.000201521 6.09929e-08 5.95442e-05 6.67687e-05 2.67709e-05 0.000351961 0.0301351 0.0194519 4.62787e-05 0.813747 0.000738774 7.1826e-08 0.00654351 3.06877e-06 5.99687e-06 0.00915183 0.0598753 1.6674e-08 0.000155592 3.31777e-05 0.0261946 0.000141313 0.00019904 5.52791e-08 
8.00021e-05 1.75394e-05 0.000197477 0.00268903 5.57368e-08 3.64942e-09 0.00609744 5.79511e-05 0.0029169 0.00364991 0.000963252 0.948632 1.84614e-05 9.06171e-09 0.000265431 3.40816e-05 0.0139882 0.00384771 0.00425241 0.000774419 0.000909851 3.14013e-05 0.00722856 5.3721e-06 0.00334279 6.97643e-08 
0.00370415 4.52538e-05 0.00349766 3.6356e-11 7.47911e-08 6.56588e-11 0.000316966 5.12493e-05 0.00245796 0.087601 3.28518e-06 0.69788 0.00411304 3.85113e-10 0.0466864 0.000681273 0.00169551 0.0740869 0.00998675 0.00291743 0.0178399 0.00706968 0.0386198 1.14091e-06 0.000735443 9.13327e-06 
0.0032382 2.10018e-10 0.103438 0.000643456 0.00110446 3.31968e-10 0.00414592 1.10858e-07 0.294383 0.0131082 7.12846e-05 0.439674 5.15684e-07 5.65952e-07 0.00186321 1.50309e-05 0.000330374 0.014739 0.00954814 0.00193007 0.0320267 0.00142702 0.0203302 1.95762e-10 0.0579759 6.62492e-06 
0.0397557 0.00413398 0.0158621 1.00831e-06 7.36287e-05 7.53082e-05 6.91383e-05 2.89729e-10 0.0256404 0.0460759 0.00252385 0.621928 0.0372417 3.87822e-06 0.0136781 0.00291647 0.000127448 0.0510835 0.0306145 0.00361026 0.00790635 0.00336146 0.0776858 1.24376e-06 0.0156303 4.96751e-07 
0.00360146 0.000211917 0.00414888 0.00112266 0.00509429 2.14341e-05 0.00186774 0.000205504 0.00572217 0.0902002 0.00646112 0.586142 0.000824507 4.76099e-05 0.0157844 0.000266408 0.0472369 0.0374704 0.0284184 0.0524727 0.00356693 0.00152995 0.0842166 1.61661e-06 0.0232823 8.24769e-05 
0.000289171 0.00016581 0.000131331 3.15701e-08 0.00034133 0.000140272 2.36284e-05 0.000982666 0.0379629 0.0623757 0.000232359 0.3645 3.47009e-05 4.32454e-07 0.00328519 0.00333828 0.0127337 0.15737 0.0149682 0.230717 0.0807851 0.00152689 0.0119406 5.97325e-07 0.0159621 0.000192089 
0.0183294 3.9234e-06 0.00344734 6.12014e-06 0.00218524 6.45406e-06 0.000985237 9.6416e-05 0.0205342 0.0914632 0.00318317 0.335121 0.000642378 0.00054338 0.00641118 0.00853886 0.018021 0.0558686 0.0501992 0.060179 0.0274833 0.164085 0.112842 1.2808e-05 0.0197174 9.36504e-05 
0.00367616 0.00129582 0.000445637 1.2252e-07 0.000657849 2.82558e-05 9.15816e-05 0.000547448 0.050869 0.127591 0.00682699 0.489528 0.00854182 0.0021481 0.0249709 0.00111798 0.00998373 0.0651217 0.0263076 0.0281591 0.00276675 0.00311624 0.0767725 2.12595e-06 0.0693808 5.33535e-05 
0.00109756 0.000191386 0.00240459 4.51923e-07 0.000104369 3.20452e-07 0.000571391 0.00512944 0.00407178 0.00517947 0.0145 0.662063 0.00155313 0.000144412 0.00115085 7.89287e-05 0.250825 0.00248409 0.00708262 0.00977516 0.00113789 0.000555497 0.0102287 1.11848e-05 0.0195983 6.05701e-05 
0.00407072 0.000250042 0.00365891 2.25735e-08 2.92702e-05 7.06925e-05 8.6527e-05 0.000892581 0.00675332 0.0873112 1.28791e-05 0.497262 0.00131792 2.59371e-07 0.0379586 1.85515e-06 0.0927221 0.013831 0.0527969 0.0775813 0.0144599 0.00340851 0.0687434 0.000165715 0.0291023 0.00751184 
0.0297177 0.18716 0.00182635 3.70994e-06 0.00838731 4.59982e-06 6.44011e-05 0.000393255 0.0141275 0.147758 0.0019504 0.387759 7.04852e-05 0.000164172 0.0205961 0.00166866 0.0268641 0.0726239 0.0246849 0.0140704 0.011649 0.00344446 0.0270735 0.000121204 0.0177646 5.19827e-05 
0.0187341 0.000290176 0.0070996 4.08876e-06 0.00704508 5.45484e-06 0.000118848 0.000422309 0.0559805 0.205367 0.00102407 0.230061 0.00036252 0.00509584 0.0680188 0.00926475 0.187472 0.0508362 0.0222937 0.00910081 0.0219733 0.0110975 0.04265 0.000111235 0.0317657 0.0138054 
0.00783246 7.27197e-06 0.0002955 6.20858e-10 0.000323813 3.84388e-07 0.000531009 0.000237082 0.0171341 0.0280591 0.000391263 0.445764 5.63903e-06 0.000167109 0.0348929 0.00564796 0.000636815 0.00286469 0.0560685 0.0590978 0.0370764 0.047691 0.245564 6.07439e-07 0.00891165 0.000799165 
9.27725e-07 1.64811e-06 0.0076915 3.76567e-10 0.00336604 1.29909e-06 4.41915e-07 1.4646e-07 0.122919 0.0720578 2.1432e-05 0.53715 0.00197068 4.12253e-05 0.00178619 0.00148505 3.42528e-05 0.000124718 0.168032 9.60094e-06 0.00245168 0.0030614 0.0196269 3.31197e-07 0.0581614 3.52543e-06 
0.00168326 0.0047674 0.000934613 1.06833e-07 1.71319e-05 7.4243e-06 0.00365549 4.01759e-05 0.00155402 0.148403 0.0291459 0.666452 0.000629448 3.82767e-05 0.000721026 0.000698977 0.0623316 0.034031 0.00893942 0.00128764 0.000606912 0.00199755 0.0213445 7.53213e-06 0.0103852 0.000320408 
0.000925811 5.25485e-05 0.0034406 1.03614e-07 0.0145923 4.35753e-05 7.76829e-05 0.00039023 0.0111449 0.0598641 0.00585661 0.729591 0.000995763 0.0538438 0.0103574 7.63242e-05 0.00793209 0.0301956 0.0100637 0.0131386 0.000894984 0.000218811 0.017742 5.38968e-08 0.0284948 6.67206e-05 
0.000989142 0.000148785 0.000841428 4.14973e-05 7.54384e-06 0.080501 0.000311786 4.02975e-05 0.0235981 0.0151476 0.00412978 0.631535 0.00185693 6.34275e-06 0.00117957 0.000380707 0.065738 0.00189279 0.053278 0.0568693 0.00744366 0.00180315 0.0277511 1.27035e-05 0.0244748 2.12368e-05 
0.000116992 0.00146475 0.00114299 9.36168e-09 0.00165616 8.93559e-06 0.000748202 0.000652208 0.081484 0.0711338 0.00438035 0.382362 9.04065e-06 0.000560354 0.00164743 0.00286891 0.234246 0.0282401 0.0343334 0.008313 0.00402553 0.00347652 0.0229696 0.000105076 0.0432074 0.0708472 
0.00288306 1.4842e-08 0.000294916 8.96909e-11 0.000172095 2.40685e-06 0.000102229 0.000227499 0.000425981 0.0056744 0.00492223 0.940467 9.9766e-06 1.43657e-07 0.00027337 0.000273137 0.00072076 0.00539437 0.000522164 0.0214282 0.000280686 0.00179011 0.00196156 2.42522e-05 0.0121492 3.62509e-07 
0.0032522 0.000692317 0.000994703 1.61313e-05 0.000589455 1.42767e-05 0.000167651 0.000176647 0.0151628 0.0368524 0.0251313 0.660425 0.0191666 0.000153294 0.00296733 0.000345685 0.0450202 0.0667818 0.014064 0.0281091 0.00142056 0.00194969 0.0357157 1.69986e-05 0.0406224 0.000191807 
0.00525393 0.000572468 0.00154505 1.42292e-09 1.04173e-05 8.45942e-05 0.00629414 0.0175749 0.0434952 0.219981 0.0306297 0.390103 0.000948019 0.000137026 0.0411118 0.00681752 0.0800609 0.0181097 0.0211601 0.00914531 0.00308101 0.00845894 0.0361371 6.84118e-07 0.0511243 0.0081629 
0.00536826 0.000275917 0.000178227 9.03441e-05 0.00653842 0.00181504 8.42609e-06 8.46145e-05 0.00270206 0.0833508 0.000970056 0.631477 0.000117684 0.000380873 0.00481421 0.00721488 0.000878603 0.0493587 0.052295 0.0382042 0.0100646 0.0253084 0.0740557 1.67327e-06 0.00256224 0.00188413 
0.0115649 0.000486525 0.000339035 0.00800816 0.00204911 9.7896e-05 0.000187964 0.00686241 0.00544398 0.103223 0.00863912 0.520079 8.66397e-06 0.000204205 0.00900571 0.0053618 0.000193573 0.0227652 0.084486 0.0272537 0.00814243 0.0180172 0.0735947 3.89325e-06 0.076812 0.00716977 
0.0491343 0.002738 2.14884e-05 1.09125e-07 0.00048035 0.000119962 0.000236069 0.000568978 0.0153829 0.336648 0.00865096 0.431168 0.00688309 0.00186205 0.00702028 0.00135893 0.026308 0.0554679 0.0135131 0.0175136 0.00203664 0.018388 0.0020113 1.94897e-05 0.0023007 0.000167376 
8.81322e-05 1.27121e-05 8.05944e-05 0.000641276 5.1642e-08 7.70861e-09 0.00162506 0.342168 0.00356749 0.00212246 0.000591271 0.608875 3.86347e-05 4.4212e-08 0.000264056 8.20039e-06 0.0310419 0.00130569 0.0026275 0.000790616 0.000722245 0.000107502 0.00177496 1.31014e-06 0.0013034 0.000242606 
1.63563e-05 4.0583e-05 0.000710208 1.23235e-11 1.2712e-06 6.41009e-06 2.83726e-05 6.35962e-05 0.0103202 0.0182841 0.018651 0.805884 1.70517e-05 1.45123e-11 0.00146021 8.09855e-05 0.0725122 0.00166342 0.00720617 0.000407929 0.00323601 0.00014577 0.0172535 1.77108e-06 0.0391523 0.00285675 
4.9806e-06 0.000304454 2.38748e-05 1.27152e-07 6.88657e-05 1.68589e-06 0.00922283 3.17157e-06 0.0409899 0.0898954 0.000121529 0.77323 5.33241e-06 1.1139e-06 5.48228e-06 0.000713063 3.38577e-06 0.042811 0.0181005 6.33923e-06 0.00177288 0.000229759 0.016907 1.35416e-07 3.61519e-05 0.00554101 
0.0113858 0.00133802 0.00227296 4.16643e-08 9.27953e-05 2.16743e-07 0.00167724 6.43133e-05 0.0117375 0.030768 0.000916393 0.786354 1.57507e-05 0.000674169 0.00394571 0.000624431 2.8727e-06 0.0212858 0.00285977 0.0157552 0.00855651 0.0037389 0.0892063 7.05458e-06 0.00667558 4.50571e-05 
0.00116234 1.63306e-05 0.00215324 1.19603e-10 0.00860969 3.37878e-05 3.56182e-05 0.00083664 0.00043553 0.027393 0.0103651 0.855944 0.000930282 0.000409142 0.0156193 0.000160829 0.00472812 0.0220792 0.00633839 0.00142933 0.00153288 0.000452849 0.00733324 3.63272e-08 0.0319685 3.2312e-05 
0.0857839 0.0101832 0.000570547 4.22574e-10 2.31139e-06 7.63167e-10 2.65872e-06 0.169627 2.63699e-06 0.21295 0.00296195 0.434587 9.52619e-06 1.10802e-08 0.00621579 6.34455e-06 0.000124319 0.0312185 0.0342259 7.60726e-06 0.00527257 0.00602688 3.54236e-06 1.43124e-06 2.02605e-05 0.000196294 
0.000746933 0.000667341 0.00116228 0.00182162 3.40955e-06 2.75729e-07 0.000456447 0.000177653 0.0381188 0.0227818 0.000242054 0.802822 0.00113228 1.18044e-09 0.012563 0.000168851 5.94811e-05 0.00808545 0.0293329 0.0102152 0.00252359 0.00103917 0.0508384 1.72475e-06 0.0150353 3.88192e-06 
0.0032382 2.10018e-10 0.103438 0.000643456 0.00110446 3.31968e-10 0.00414592 1.10858e-07 0.294383 0.0131082 7.12846e-05 0.439674 5.15684e-07 5.65952e-07 0.00186321 1.50309e-05 0.000330374 0.014739 0.00954814 0.00193007 0.0320267 0.00142702 0.0203302 1.95762e-10 0.0579759 6.62492e-06 
8.00021e-05 1.75394e-05 0.000197477 0.00268903 5.57368e-08 3.64942e-09 0.00609744 5.79511e-05 0.0029169 0.00364991 0.000963252 0.948632 1.84614e-05 9.06171e-09 0.000265431 3.40816e-05 0.0139882 0.00384771 0.00425241 0.000774419 0.000909851 3.14013e-05 0.00722856 5.3721e-06 0.00334279 6.97643e-08 
0.00051701 1.13316e-05 0.154566 2.86231e-09 7.28332e-06 6.9834e-06 0.000185443 0.00392063 0.00315774 0.0131921 0.000182251 0.514368 0.00572439 7.94835e-05 0.0557016 0.000399987 0.06849 0.00382107 0.00314714 0.0451702 0.00740843 3.5529e-05 0.018897 3.49319e-05 0.0147583 0.086217 
0.00589417 0.00283231 0.0545496 2.6177e-08 1.33737e-05 2.21409e-07 7.01472e-07 0.000715285 0.0179399 0.100845 0.00104514 0.526317 0.0012619 8.75713e-05 0.0423224 9.15302e-05 0.0688853 0.0500911 0.0267772 0.00249964 0.029995 0.0035253 0.0415766 0.000245823 0.0223167 0.000171213 
0.0344107 0.00167882 0.00434036 1.28437e-09 0.000136501 3.3176e-07 8.62411e-08 0.000148866 0.0834427 0.0944673 1.55296e-06 0.419588 0.00379934 2.20424e-09 0.015451 0.00408599 0.00601262 0.137316 0.00162923 0.0252755 0.0630276 0.000149665 0.103324 1.57677e-05 0.00113797 0.000560989 
0.000303445 2.6582e-05 0.12399 3.20752e-07 4.90344e-06 0.000962301 0.000126961 0.0040392 0.00129475 0.00681269 0.000169767 0.562302 1.76795e-08 7.12782e-11 0.0110695 0.000197575 0.000221129 0.00262166 0.000245457 0.108356 0.00440011 2.00266e-05 0.00462279 6.28486e-06 0.0337173 0.134489 
0.00360146 0.000211917 0.00414888 0.00112266 0.00509429 2.14341e-05 0.00186774 0.000205504 0.00572217 0.0902002 0.00646112 0.586142 0.000824507 4.76099e-05 0.0157844 0.000266408 0.0472369 0.0374704 0.0284184 0.0524727 0.00356693 0.00152995 0.0842166 1.61661e-06 0.0232823 8.24769e-05 
8.00021e-05 1.75394e-05 0.000197477 0.00268903 5.57368e-08 3.64942e-09 0.00609744 5.79511e-05 0.0029169 0.00364991 0.000963252 0.948632 1.84614e-05 9.06171e-09 0.000265431 3.40816e-05 0.0139882 0.00384771 0.00425241 0.000774419 0.000909851 3.14013e-05 0.00722856 5.3721e-06 0.00334279 6.97643e-08 
1.63563e-05 4.0583e-05 0.000710208 1.23235e-11 1.2712e-06 6.41009e-06 2.83726e-05 6.35962e-05 0.0103202 0.0182841 0.018651 0.805884 1.70517e-05 1.45123e-11 0.00146021 8.09855e-05 0.0725122 0.00166342 0.00720617 0.000407929 0.00323601 0.00014577 0.0172535 1.77108e-06 0.0391523 0.00285675 
0.00348003 0.127176 0.000178368 4.05924e-08 0.00134856 5.4926e-07 7.26712e-06 2.81981e-05 0.0491054 0.040551 0.00322486 0.318484 0.000373583 0.00159836 0.00451273 3.85305e-06 0.0346512 0.00762056 0.0127255 0.228326 0.0249282 0.00722501 0.0213623 0.000383139 0.0145887 0.0981162 
0.00116234 1.63306e-05 0.00215324 1.19603e-10 0.00860969 3.37878e-05 3.56182e-05 0.00083664 0.00043553 0.027393 0.0103651 0.855944 0.000930282 0.000409142 0.0156193 0.000160829 0.00472812 0.0220792 0.00633839 0.00142933 0.00153288 0.000452849 0.00733324 3.63272e-08 0.0319685 3.2312e-05 
0.0303383 0.00050777 0.0799571 0.00151009 1.47941e-05 0.00270868 0.000309781 0.0064516 0.018982 0.0458964 0.0156289 0.208404 0.00393637 0.000637661 0.0570559 0.00785044 0.000153643 0.0155305 0.0538079 0.0658875 0.0360721 0.0199206 0.184504 2.27233e-05 0.109342 0.0345696 
0.00116234 1.63306e-05 0.00215324 1.19603e-10 0.00860969 3.37878e-05 3.56182e-05 0.00083664 0.00043553 0.027393 0.0103651 0.855944 0.000930282 0.000409142 0.0156193 0.000160829 0.00472812 0.0220792 0.00633839 0.00142933 0.00153288 0.000452849 0.00733324 3.63272e-08 0.0319685 3.2312e-05 
0.0456638 3.01213e-07 0.0182394 3.46774e-10 2.51015e-05 1.11552e-06 4.62964e-08 8.41566e-05 0.0108589 0.108814 2.97755e-05 0.327431 0.00275471 1.25318e-09 0.0362369 0.000157545 0.049356 0.126109 0.107418 0.0257992 0.0369079 0.0170903 0.0697104 4.13871e-05 0.0171205 0.00015001 
0.00288306 1.4842e-08 0.000294916 8.96909e-11 0.000172095 2.40685e-06 0.000102229 0.000227499 0.000425981 0.0056744 0.00492223 0.940467 9.9766e-06 1.43657e-07 0.00027337 0.000273137 0.00072076 0.00539437 0.000522164 0.0214282 0.000280686 0.00179011 0.00196156 2.42522e-05 0.0121492 3.62509e-07 
0.0266297 0.054022 0.00150371 5.94145e-06 6.69707e-05 9.10658e-06 0.0323428 1.26876e-05 0.1155 0.144849 0.000391213 0.473518 0.00180839 7.84696e-10 0.0104585 2.04919e-05 0.0145097 0.0455491 0.00771649 0.00181095 0.00349924 0.000820278 0.0522834 3.90438e-05 0.0125956 3.80824e-05 
0.00288306 1.4842e-08 0.000294916 8.96909e-11 0.000172095 2.40685e-06 0.000102229 0.000227499 0.000425981 0.0056744 0.00492223 0.940467 9.9766e-06 1.43657e-07 0.00027337 0.000273137 0.00072076 0.00539437 0.000522164 0.0214282 0.000280686 0.00179011 0.00196156 2.42522e-05 0.0121492 3.62509e-07 
0.00722042 0.00124527 0.000902054 1.76203e-06 0.0874385 1.857e-05 2.01263e-05 4.41362e-05 0.00192244 0.0563478 0.00102454 0.706024 0.00169232 6.54143e-07 0.00420013 0.000252501 0.0412046 0.0312969 0.00901113 0.0103707 0.00222548 0.0010777 0.0308301 1.8077e-05 0.00531199 0.000298539 
0.000481218 1.60626e-07 7.22533e-07 3.27299e-10 1.37773e-07 3.01391e-07 6.74497e-07 0.00247834 0.0270895 0.175153 4.48487e-07 0.481435 2.66081e-07 3.85431e-10 0.0346567 0.000226535 0.162256 6.57248e-06 0.0702072 0.0305667 0.0101945 1.05261e-05 7.98923e-06 0.000286855 0.00449949 0.000441014 
0.00036327 0.000102824 0.0237943 8.43085e-08 0.00224246 0.00187389 0.000555202 0.000223515 0.143861 0.0484201 0.0227467 0.41753 7.83839e-05 2.90557e-09 0.0329428 0.0002806 5.9231e-10 0.184194 0.0251978 5.79068e-07 0.00468606 0.00438767 0.0302001 2.6277e-09 0.0553632 0.000956557 
2.60014e-05 6.52921e-05 0.00348711 2.5364e-10 0.0017543 9.52039e-09 0.000426533 0.000434882 0.0035025 0.000586489 0.0106105 0.92898 0.000761485 0.000415211 0.00153816 2.3516e-05 0.0157306 0.00418207 0.00114836 7.69225e-07 9.20598e-05 0.000248848 0.000664562 8.58909e-08 0.0253195 1.15933e-06 
0.00116234 1.63306e-05 0.00215324 1.19603e-10 0.00860969 3.37878e-05 3.56182e-05 0.00083664 0.00043553 0.027393 0.0103651 0.855944 0.000930282 0.000409142 0.0156193 0.000160829 0.00472812 0.0220792 0.00633839 0.00142933 0.00153288 0.000452849 0.00733324 3.63272e-08 0.0319685 3.2312e-05 
0.0120061 0.0104904 0.0545605 6.63519e-10 1.60202e-05 4.40443e-05 0.00028948 0.00223697 0.176314 0.160963 0.0379763 0.180047 0.00494864 0.00058606 0.00961504 0.0241095 0.000430908 0.0768705 0.0390335 0.00354412 0.0171356 0.00720476 0.134627 4.1097e-05 0.0467316 0.000178875 
0.0297177 0.18716 0.00182635 3.70994e-06 0.00838731 4.59982e-06 6.44011e-05 0.000393255 0.0141275 0.147758 0.0019504 0.387759 7.04852e-05 0.000164172 0.0205961 0.00166866 0.0268641 0.0726239 0.0246849 0.0140704 0.011649 0.00344446 0.0270735 0.000121204 0.0177646 5.19827e-05 
