0.00109756 0.000191386 0.00240459 4.51923e-07 0.000104369 3.20452e-07 0.000571391 0.00512944 0.00407178 0.00517947 0.0145 0.662063 0.00155313 0.000144412 0.00115085 7.89287e-05 0.250825 0.00248409 0.00708262 0.00977516 0.00113789 0.000555497 0.0102287 1.11848e-05 0.0195983 6.05701e-05 
0.00362896 0.000165876 0.005318 3.37062e-05 0.0123487 0.000687862 0.000306028 0.000910382 0.0154134 0.0892848 0.0410819 0.275885 0.00711353 0.000525943 0.00977131 0.000227577 0.0245186 0.106401 0.0334093 0.106018 0.00599528 0.00282154 0.119119 9.9123e-07 0.138887 0.000126502 
0.00321317 6.82165e-05 0.00852148 1.10658e-06 7.59492e-05 5.20722e-05 0.000151776 0.000688397 0.104673 0.0316571 5.03989e-07 0.367144 0.008403 6.16341e-08 0.0511036 0.00164251 0.143338 0.0263389 0.0455227 0.0977313 0.00480144 0.00233812 0.0208622 0.00219677 0.0787448 0.000730454 
0.0222528 0.00033005 4.01372e-06 0.000825293 1.03784e-07 0.000598664 1.06665e-06 0.0407947 0.0841389 0.0201757 9.72754e-05 0.560848 0.000598078 5.55255e-09 0.0451125 0.00276643 8.36347e-07 0.00330411 0.148971 7.45679e-06 0.00025093 0.00464658 0.0251674 5.9384e-06 0.0354109 0.00369196 
0.00763472 2.08072e-05 0.00210268 6.01046e-09 0.00361172 1.7821e-05 0.000676711 0.000654308 0.00335226 0.0593909 0.0226988 0.466241 0.00421389 0.000696298 0.0534954 0.000664593 0.0294584 0.0437512 0.052485 0.0224847 0.0174808 0.00727799 0.163825 4.71005e-07 0.0376867 7.81218e-05 
0.0597624 0.13391 0.00183367 4.97127e-11 3.74375e-05 8.97809e-11 8.28733e-06 0.00327291 0.00395349 0.163071 2.81454e-06 0.251256 0.00154076 2.71041e-10 0.0210603 0.000307688 0.0554433 0.114393 0.00581876 0.00447714 0.0483344 0.0374194 0.0409888 0.000231128 0.0528771 9.20355e-09 
0.0222968 0.000152136 0.0260006 0.000167569 0.000432602 2.68585e-05 0.00011601 0.00017741 0.0227926 0.0815654 1.43801e-05 0.37231 0.00161302 6.09723e-08 0.0719295 0.0804627 0.0138194 0.172027 0.0174809 0.0151516 0.00990448 0.00495983 0.0560296 3.96493e-05 0.0303462 0.000183521 
0.0120883 2.18342e-06 0.0594938 0.00137314 0.000349273 4.8241e-08 1.57903e-06 0.00237008 0.0611758 0.16376 0.000151535 0.382514 0.00710044 1.27589e-07 0.015785 8.86079e-06 5.33547e-05 0.133147 0.00974465 0.00687528 0.0151827 0.00140186 0.10139 5.4183e-06 0.0253277 0.000698164 
0.00536826 0.000275917 0.000178227 9.03441e-05 0.00653842 0.00181504 8.42609e-06 8.46145e-05 0.00270206 0.0833508 0.000970056 0.631477 0.000117684 0.000380873 0.00481421 0.00721488 0.000878603 0.0493587 0.052295 0.0382042 0.0100646 0.0253084 0.0740557 1.67327e-06 0.00256224 0.00188413 
0.0113858 0.00133802 0.00227296 4.16643e-08 9.27953e-05 2.16743e-07 0.00167724 6.43133e-05 0.0117375 0.030768 0.000916393 0.786354 1.57507e-05 0.000674169 0.00394571 0.000624431 2.8727e-06 0.0212858 0.00285977 0.0157552 0.00855651 0.0037389 0.0892063 7.05458e-06 0.00667558 4.50571e-05 
0.065838 0.00431178 0.00152163 5.01101e-07 8.56241e-06 8.67785e-05 0.000640582 0.0120935 0.130556 0.191591 0.0519682 0.248137 1.93548e-06 0.0163493 0.0220893 0.00534757 0.000290768 0.0380501 0.0880987 0.00254977 0.00187516 0.00922064 0.0402542 1.32995e-07 0.0690168 0.00010235 
0.0157561 0.00147775 0.00241653 1.30425e-06 0.000715501 4.25242e-05 0.00416364 0.000539652 0.11064 0.147697 0.00556072 0.313223 0.00936414 0.00735403 0.0155287 0.0020869 0.0886869 0.00668404 0.153803 0.0408326 0.00893551 0.0196768 0.0260776 0.000103272 0.0183292 0.000302167 
1.30517e-05 1.30344e-05 1.30511e-05 1.30371e-05 1.30327e-05 1.30217e-05 1.304e-05 0.0561048 0.130536 1.3054e-05 1.30533e-05 0.525885 1.30479e-05 1.30337e-05 1.30536e-05 1.304e-05 0.0235058 1.30521e-05 1.30532e-05 0.0313354 1.30519e-05 1.30509e-05 0.0652876 1.30359e-05 0.152754 0.0143558 
0.00788823 9.1385e-08 0.00366266 6.31536e-10 2.26104e-06 2.97139e-06 0.000217146 0.00303825 0.0148205 0.0602867 0.0124199 0.632561 0.000458726 0.000665031 0.00497212 2.3619e-05 0.0137627 0.0636293 0.016866 0.0341135 0.017017 0.000264755 0.028244 9.96458e-08 0.0850834 4.36121e-08 
0.00109756 0.000191386 0.00240459 4.51923e-07 0.000104369 3.20452e-07 0.000571391 0.00512944 0.00407178 0.00517947 0.0145 0.662063 0.00155313 0.000144412 0.00115085 7.89287e-05 0.250825 0.00248409 0.00708262 0.00977516 0.00113789 0.000555497 0.0102287 1.11848e-05 0.0195983 6.05701e-05 
0.00419852 0.000846338 0.0100593 1.15622e-08 0.00119416 2.39051e-05 0.0439209 6.8982e-05 0.166758 0.223667 3.38251e-05 0.255519 0.0484039 1.36158e-08 0.0094406 5.79763e-06 3.42592e-05 0.0226841 0.0145285 0.0358842 0.00110123 0.000293282 0.147131 1.23137e-08 0.0141178 8.57412e-05 
0.00360146 0.000211917 0.00414888 0.00112266 0.00509429 2.14341e-05 0.00186774 0.000205504 0.00572217 0.0902002 0.00646112 0.586142 0.000824507 4.76099e-05 0.0157844 0.000266408 0.0472369 0.0374704 0.0284184 0.0524727 0.00356693 0.00152995 0.0842166 1.61661e-06 0.0232823 8.24769e-05 
0.0114384 0.000919991 0.0399939 1.36748e-05 0.0074128 9.02873e-05 0.000268277 0.000710172 0.204952 0.0566362 0.00131807 0.379233 0.00331877 1.44771e-06 0.0839415 0.0002058 7.4665e-05 0.0382144 0.0341904 0.0058714 0.00360373 0.000763425 0.0663868 8.11198e-06 0.0604093 2.38183e-05 
0.00817873 0.283626 0.00864766 1.10625e-07 0.0509199 8.92604e-06 4.06728e-05 0.000266565 0.0070667 0.0182109 8.85462e-07 0.567821 2.78294e-05 6.37496e-11 0.00552939 2.31948e-06 6.84719e-05 0.0148229 0.00175886 0.000652973 0.00061778 0.00071546 0.01945 3.35816e-05 0.0114611 7.09968e-05 
0.00761674 3.43924e-06 0.00176846 3.29212e-09 0.000498482 1.30722e-05 4.19996e-05 0.000396522 0.00109447 0.0161397 0.00356331 0.538293 0.000422946 4.56148e-05 0.00197949 0.000595919 0.359068 0.0127944 0.00137759 0.0187495 0.00276785 0.00458142 0.0100752 0.000661571 0.0174485 3.32432e-06 
0.00127882 0.0109468 0.0590495 6.08245e-06 5.81198e-05 8.1512e-05 8.65553e-06 7.75209e-05 0.0566512 0.0528336 1.30383e-05 0.513801 0.00445152 8.75952e-08 0.0246715 0.000255417 0.0226095 0.15764 0.0200436 0.0162573 0.0105377 0.00195084 0.021055 0.000994804 0.0247199 7.47724e-06 
0.00360146 0.000211917 0.00414888 0.00112266 0.00509429 2.14341e-05 0.00186774 0.000205504 0.00572217 0.0902002 0.00646112 0.586142 0.000824507 4.76099e-05 0.0157844 0.000266408 0.0472369 0.0374704 0.0284184 0.0524727 0.00356693 0.00152995 0.0842166 1.61661e-06 0.0232823 8.24769e-05 
0.0113858 0.00133802 0.00227296 4.16643e-08 9.27953e-05 2.16743e-07 0.00167724 6.43133e-05 0.0117375 0.030768 0.000916393 0.786354 1.57507e-05 0.000674169 0.00394571 0.000624431 2.8727e-06 0.0212858 0.00285977 0.0157552 0.00855651 0.0037389 0.0892063 7.05458e-06 0.00667558 4.50571e-05 
0.0358364 0.00329306 0.00013292 6.34632e-09 0.0370388 1.60793e-06 0.00649153 0.00474405 0.0742138 0.0470097 0.00189372 0.359898 0.000389877 7.4735e-09 0.0247513 0.00106092 0.120551 0.151449 0.0229542 0.00452344 0.00335041 0.000534239 0.0249411 0.000366655 0.074479 9.50772e-05 
0.0480153 0.00191268 0.0101013 6.65223e-08 0.00158818 2.5873e-05 0.0300341 0.000426217 0.0320041 0.17022 0.0183789 0.176265 0.0158335 0.000880023 0.0320105 0.00108735 0.0323379 0.134305 0.0433776 0.073061 0.0171588 0.0146499 0.0959146 2.49219e-06 0.0504078 2.12197e-06 
0.00360146 0.000211917 0.00414888 0.00112266 0.00509429 2.14341e-05 0.00186774 0.000205504 0.00572217 0.0902002 0.00646112 0.586142 0.000824507 4.76099e-05 0.0157844 0.000266408 0.0472369 0.0374704 0.0284184 0.0524727 0.00356693 0.00152995 0.0842166 1.61661e-06 0.0232823 8.24769e-05 
0.00161025 0.0119653 0.00555923 1.87158e-08 1.38502e-05 1.50242e-07 3.02477e-06 0.0193838 0.0204387 0.0316509 0.000130317 0.6231 0.0107076 3.01479e-08 0.0188314 0.000419554 0.123887 0.0323853 0.0109893 0.00916488 0.00683197 0.0078626 0.0277274 0.000415855 0.0367487 0.000172708 
0.00407072 0.000250042 0.00365891 2.25735e-08 2.92702e-05 7.06925e-05 8.6527e-05 0.000892581 0.00675332 0.0873112 1.28791e-05 0.497262 0.00131792 2.59371e-07 0.0379586 1.85515e-06 0.0927221 0.013831 0.0527969 0.0775813 0.0144599 0.00340851 0.0687434 0.000165715 0.0291023 0.00751184 
0.00182636 1.36216e-06 0.000843594 5.34982e-06 5.05374e-06 8.72773e-07 2.90221e-05 0.00788702 0.112845 0.0407596 0.000149937 0.654381 9.01922e-05 8.97502e-07 0.0240808 0.000257368 3.75673e-05 0.0564517 0.0218926 0.00740781 0.000553496 0.00527344 0.0207519 8.9348e-07 0.0443078 0.000159321 
0.000289171 0.00016581 0.000131331 3.15701e-08 0.00034133 0.000140272 2.36284e-05 0.000982666 0.0379629 0.0623757 0.000232359 0.3645 3.47009e-05 4.32454e-07 0.00328519 0.00333828 0.0127337 0.15737 0.0149682 0.230717 0.0807851 0.00152689 0.0119406 5.97325e-07 0.0159621 0.000192089 
0.00333312 0.00300156 0.000728711 1.08767e-10 4.29091e-06 3.11077e-07 5.81994e-06 0.000214486 0.0288113 0.0941748 6.79898e-05 0.491429 0.00101219 1.23405e-09 0.0460566 0.00140868 0.166264 0.0531719 0.0677388 0.000302928 0.00488512 0.00344791 0.0155176 3.04994e-05 0.0183727 1.97356e-05 
0.00116234 1.63306e-05 0.00215324 1.19603e-10 0.00860969 3.37878e-05 3.56182e-05 0.00083664 0.00043553 0.027393 0.0103651 0.855944 0.000930282 0.000409142 0.0156193 0.000160829 0.00472812 0.0220792 0.00633839 0.00142933 0.00153288 0.000452849 0.00733324 3.63272e-08 0.0319685 3.2312e-05 
0.00224527 2.73177e-05 0.000573516 9.05762e-05 0.000151793 4.50171e-06 1.33606e-07 2.62063e-05 0.0549584 0.0171665 0.155596 0.461951 6.58886e-07 9.16202e-05 1.59176e-11 0.0409199 7.10871e-06 0.0342938 0.0321924 0.00560895 0.00302819 0.0107892 0.00200097 1.28496e-10 0.149818 0.0284578 
0.0108 3.66306e-06 0.0150677 3.63107e-10 0.0191295 1.62703e-05 0.000176457 0.0028902 0.00793356 0.01899 0.0175542 0.676389 0.00132067 0.00108799 0.0148472 3.88918e-05 0.0386744 0.0347405 0.0118206 0.0263038 0.00356762 0.000331123 0.00780581 6.10302e-06 0.0904925 1.21902e-05 
0.00288306 1.4842e-08 0.000294916 8.96909e-11 0.000172095 2.40685e-06 0.000102229 0.000227499 0.000425981 0.0056744 0.00492223 0.940467 9.9766e-06 1.43657e-07 0.00027337 0.000273137 0.00072076 0.00539437 0.000522164 0.0214282 0.000280686 0.00179011 0.00196156 2.42522e-05 0.0121492 3.62509e-07 
0.0691709 0.000166424 0.00113229 0.00384524 0.000143136 8.76019e-08 1.17977e-06 3.49046e-05 0.00124974 0.0593461 7.22179e-06 0.471841 5.2915e-05 3.38675e-10 0.0153105 0.00697815 3.78269e-05 0.286992 0.0522106 0.0112625 0.000878104 0.00582975 0.0114032 0.000493981 0.00161226 2.60653e-10 
0.0239397 0.00615753 0.000163357 0.0115599 0.000145885 3.95121e-06 0.000211672 0.000751449 0.00312799 0.171029 0.000126129 0.30602 0.00545046 7.2281e-05 0.0101373 0.00217801 0.00872573 0.177489 0.138862 0.00684914 0.0184713 0.0134314 0.0766472 0.0157947 0.00265383 1.63304e-06 
0.00961923 6.5916e-05 0.00244974 0.000119285 0.000421076 0.00832758 8.84459e-06 4.07288e-05 0.00280756 0.0339543 0.000526426 0.639534 3.8038e-08 5.38991e-08 0.0017065 0.0228494 1.54934e-05 0.0262966 0.0105323 0.177961 0.00876996 0.018957 0.0136333 1.4121e-06 0.012835 0.00856708 
0.0074628 0.00570839 0.000705177 2.07241e-08 0.00078669 0.000122765 0.00171153 0.0379404 0.161073 0.108016 0.0512471 0.163437 0.00511606 0.000482625 0.0202651 0.00023137 0.0773777 0.00941226 0.0886823 0.0840273 0.0127228 0.00127659 0.114717 0.000708667 0.0467471 2.27704e-05 
0.00806871 0.000142541 0.0415012 6.5246e-08 0.000501379 7.95658e-06 0.000917556 0.0120507 0.0701693 0.112111 0.0210079 0.194595 0.00724938 0.000614927 0.0638296 0.000719854 0.0179835 0.114443 0.0353212 0.0936154 0.0230575 0.00486425 0.138631 1.24211e-05 0.0383093 0.000275559 
0.0174802 0.00168792 0.0657215 1.86752e-08 5.93828e-06 6.80246e-05 9.60281e-07 1.13504e-05 0.00974331 0.1975 9.418e-05 0.308773 0.00192705 6.59694e-10 0.0233263 0.0202209 0.00490039 0.0377203 0.0286286 0.0197487 0.0082007 0.0125453 0.229552 0.000146111 0.0119068 9.07576e-05 
8.00021e-05 1.75394e-05 0.000197477 0.00268903 5.57368e-08 3.64942e-09 0.00609744 5.79511e-05 0.0029169 0.00364991 0.000963252 0.948632 1.84614e-05 9.06171e-09 0.000265431 3.40816e-05 0.0139882 0.00384771 0.00425241 0.000774419 0.000909851 3.14013e-05 0.00722856 5.3721e-06 0.00334279 6.97643e-08 
0.00343748 0.0227164 0.000364338 0.00192102 0.00192523 1.44532e-07 0.00180346 2.56961e-05 0.0317356 0.133164 1.0877e-06 0.650103 0.000253627 1.34049e-07 0.00121521 0.000481005 0.000335255 0.050527 0.0278661 0.0185676 0.000236327 0.00145321 0.042785 9.10827e-06 0.00907325 2.86167e-10 
1.63563e-05 4.0583e-05 0.000710208 1.23235e-11 1.2712e-06 6.41009e-06 2.83726e-05 6.35962e-05 0.0103202 0.0182841 0.018651 0.805884 1.70517e-05 1.45123e-11 0.00146021 8.09855e-05 0.0725122 0.00166342 0.00720617 0.000407929 0.00323601 0.00014577 0.0172535 1.77108e-06 0.0391523 0.00285675 
0.0172819 0.00435661 0.00224048 0.227896 9.50997e-09 0.00290777 1.41883e-06 0.000594051 0.0166532 0.0749239 0.0110065 0.528919 3.37592e-09 9.10212e-09 0.0011703 1.00641e-06 2.20283e-07 0.000538368 0.0138841 0.00384122 0.000192841 0.0164664 0.00104889 5.63413e-05 0.0623349 0.0136845 
0.000333623 1.41196e-05 0.00572573 2.569e-08 7.1093e-06 5.70085e-06 0.000117262 0.00101309 0.221045 0.00202641 0.0747994 0.515165 1.99734e-05 0.00307422 0.00307423 7.07298e-06 9.99526e-06 0.00611178 0.0342597 0.000179879 0.00347601 1.49597e-05 0.0154642 4.63245e-06 0.113837 0.000213615 
1.26699e-08 1.92874e-05 0.0101069 1.93444e-10 9.44439e-07 0.000347871 1.41412e-05 0.0126875 0.0235363 0.0543245 0.00105559 0.709197 0.000381706 3.77863e-07 0.00999003 0.000116785 0.0647703 0.00123028 0.0156598 1.03851e-05 0.0131376 9.82585e-05 0.016395 2.20157e-06 0.0648383 0.00207845 
0.010458 0.000162816 0.246085 5.05696e-09 3.24497e-05 9.63853e-05 1.16437e-05 0.000187685 0.0314791 0.0332456 0.000407721 0.516902 0.00283734 9.52368e-06 0.00552586 0.000150227 0.0323772 0.0419338 0.00751386 0.009794 0.00647153 0.00850117 0.030872 7.37717e-05 0.0114114 0.00346021 
0.0921222 2.11814e-06 0.000115121 4.64649e-10 5.71694e-10 0.000351558 5.96469e-07 3.25719e-07 1.23848e-06 0.00251457 6.99102e-11 0.682003 2.02944e-10 1.32058e-06 0.00366856 6.68915e-07 1.11544e-10 0.0609948 0.00147798 0.0161386 0.0282218 0.00129659 0.111088 4.94848e-10 5.35793e-08 4.39453e-07 
0.00525393 0.000572468 0.00154505 1.42292e-09 1.04173e-05 8.45942e-05 0.00629414 0.0175749 0.0434952 0.219981 0.0306297 0.390103 0.000948019 0.000137026 0.0411118 0.00681752 0.0800609 0.0181097 0.0211601 0.00914531 0.00308101 0.00845894 0.0361371 6.84118e-07 0.0511243 0.0081629 
0.00370415 4.52538e-05 0.00349766 3.6356e-11 7.47911e-08 6.56588e-11 0.000316966 5.12493e-05 0.00245796 0.087601 3.28518e-06 0.69788 0.00411304 3.85113e-10 0.0466864 0.000681273 0.00169551 0.0740869 0.00998675 0.00291743 0.0178399 0.00706968 0.0386198 1.14091e-06 0.000735443 9.13327e-06 
8.00021e-05 1.75394e-05 0.000197477 0.00268903 5.57368e-08 3.64942e-09 0.00609744 5.79511e-05 0.0029169 0.00364991 0.000963252 0.948632 1.84614e-05 9.06171e-09 0.000265431 3.40816e-05 0.0139882 0.00384771 0.00425241 0.000774419 0.000909851 3.14013e-05 0.00722856 5.3721e-06 0.00334279 6.97643e-08 
0.00407072 0.000250042 0.00365891 2.25735e-08 2.92702e-05 7.06925e-05 8.6527e-05 0.000892581 0.00675332 0.0873112 1.28791e-05 0.497262 0.00131792 2.59371e-07 0.0379586 1.85515e-06 0.0927221 0.013831 0.0527969 0.0775813 0.0144599 0.00340851 0.0687434 0.000165715 0.0291023 0.00751184 
1.19748e-06 0.00586389 1.36543e-06 5.12716e-06 0.0176697 9.25962e-06 4.33023e-06 3.10682e-06 0.0214949 5.7201e-07 7.71422e-07 0.880683 2.23939e-06 6.0378e-06 6.7641e-07 4.34529e-06 0.000862811 1.08202e-06 0.0661884 1.40165e-06 1.13197e-06 0.00280262 3.24954e-07 5.46039e-06 0.00159356 0.00279275 
0.00109756 0.000191386 0.00240459 4.51923e-07 0.000104369 3.20452e-07 0.000571391 0.00512944 0.00407178 0.00517947 0.0145 0.662063 0.00155313 0.000144412 0.00115085 7.89287e-05 0.250825 0.00248409 0.00708262 0.00977516 0.00113789 0.000555497 0.0102287 1.11848e-05 0.0195983 6.05701e-05 
1.63563e-05 4.0583e-05 0.000710208 1.23235e-11 1.2712e-06 6.41009e-06 2.83726e-05 6.35962e-05 0.0103202 0.0182841 0.018651 0.805884 1.70517e-05 1.45123e-11 0.00146021 8.09855e-05 0.0725122 0.00166342 0.00720617 0.000407929 0.00323601 0.00014577 0.0172535 1.77108e-06 0.0391523 0.00285675 
0.00817479 0.00828794 0.00826103 1.57116e-06 3.50338e-06 0.000896403 0.000121223 0.00525826 0.107481 0.0658787 0.0169765 0.450142 8.67139e-05 9.76336e-10 0.0502614 0.00312485 7.67459e-05 0.000418382 0.0552855 0.00252716 0.00370714 0.00410741 0.0883411 7.22518e-05 0.117054 0.00345505 
0.00961923 6.5916e-05 0.00244974 0.000119285 0.000421076 0.00832758 8.84459e-06 4.07288e-05 0.00280756 0.0339543 0.000526426 0.639534 3.8038e-08 5.38991e-08 0.0017065 0.0228494 1.54934e-05 0.0262966 0.0105323 0.177961 0.00876996 0.018957 0.0136333 1.4121e-06 0.012835 0.00856708 
0.00327451 0.000559147 0.0112026 0.00083387 0.00117915 2.09694e-06 0.0032206 0.000169313 0.0609594 0.01216 0.00684412 0.751516 0.00599643 0.000131408 0.000906167 0.00342544 0.0168053 0.0400803 0.0113063 0.00261421 0.0137783 0.000496962 0.0202647 7.70321e-06 0.0312154 0.00105089 
0.00288306 1.4842e-08 0.000294916 8.96909e-11 0.000172095 2.40685e-06 0.000102229 0.000227499 0.000425981 0.0056744 0.00492223 0.940467 9.9766e-06 1.43657e-07 0.00027337 0.000273137 0.00072076 0.00539437 0.000522164 0.0214282 0.000280686 0.00179011 0.00196156 2.42522e-05 0.0121492 3.62509e-07 
0.000289171 0.00016581 0.000131331 3.15701e-08 0.00034133 0.000140272 2.36284e-05 0.000982666 0.0379629 0.0623757 0.000232359 0.3645 3.47009e-05 4.32454e-07 0.00328519 0.00333828 0.0127337 0.15737 0.0149682 0.230717 0.0807851 0.00152689 0.0119406 5.97325e-07 0.0159621 0.000192089 
0.00152447 0.000399304 0.0370448 6.67743e-07 0.00013905 8.60951e-05 1.14393e-05 7.96785e-05 0.0447188 0.198453 0.000648266 0.470592 0.000433784 2.50933e-08 0.0600051 1.8459e-05 1.32253e-06 0.0682773 0.0137492 0.00132699 0.00177498 0.00247157 0.0635306 7.68402e-09 0.034713 7.69674e-08 
0.0136451 2.14629e-05 0.00575106 1.60523e-05 0.00436807 8.86187e-05 0.0045056 0.000843658 0.170409 0.0269613 0.0107625 0.312201 0.00403694 0.000377722 0.12319 0.00158041 0.00234878 0.0189336 0.00790059 0.00255051 0.0172782 0.00130884 0.0328653 1.22064e-06 0.188145 0.0499083 
0.0019065 0.000173763 0.000446767 0.0138409 7.03449e-05 3.33716e-06 0.00233103 0.000240003 0.0125182 0.0259507 0.00117016 0.891462 0.000551163 0.000150271 0.000357133 6.38222e-05 0.00714188 0.0116511 0.0093357 0.00133182 0.00188177 0.00449532 0.00491797 7.97118e-06 0.00759498 0.00040557 
0.000146677 0.001221 0.0143058 4.99987e-06 0.0245991 2.78229e-05 0.00983271 1.1022e-05 0.0890552 0.058307 7.45612e-05 0.440394 0.00129674 5.83452e-05 0.000214854 0.018239 0.000199217 0.312614 0.00141972 0.0110304 0.00764617 0.0027733 0.00288605 5.68731e-06 0.00362225 1.47136e-05 
0.00288306 1.4842e-08 0.000294916 8.96909e-11 0.000172095 2.40685e-06 0.000102229 0.000227499 0.000425981 0.0056744 0.00492223 0.940467 9.9766e-06 1.43657e-07 0.00027337 0.000273137 0.00072076 0.00539437 0.000522164 0.0214282 0.000280686 0.00179011 0.00196156 2.42522e-05 0.0121492 3.62509e-07 
0.00612735 0.000299458 0.0015358 2.22628e-06 0.00159914 3.41614e-05 0.00145238 0.000877323 0.0789934 0.108934 0.00754118 0.479972 0.00179934 0.000228885 0.0178149 0.00169178 0.00141397 0.0124735 0.0981336 0.00835589 0.0205715 0.0025184 0.0743376 1.36153e-05 0.0729125 0.000365385 
0.00109756 0.000191386 0.00240459 4.51923e-07 0.000104369 3.20452e-07 0.000571391 0.00512944 0.00407178 0.00517947 0.0145 0.662063 0.00155313 0.000144412 0.00115085 7.89287e-05 0.250825 0.00248409 0.00708262 0.00977516 0.00113789 0.000555497 0.0102287 1.11848e-05 0.0195983 6.05701e-05 
0.0038033 0.000255388 0.000103796 3.29217e-06 0.00247344 1.52403e-05 3.3505e-05 0.000162999 0.00350313 0.100053 0.00149483 0.385299 0.000282655 0.000863039 0.00283789 0.000575927 0.0651441 0.115618 0.00722603 0.287124 0.00147122 0.00258147 0.0159355 1.19013e-05 0.00310861 1.868e-05 
8.00021e-05 1.75394e-05 0.000197477 0.00268903 5.57368e-08 3.64942e-09 0.00609744 5.79511e-05 0.0029169 0.00364991 0.000963252 0.948632 1.84614e-05 9.06171e-09 0.000265431 3.40816e-05 0.0139882 0.00384771 0.00425241 0.000774419 0.000909851 3.14013e-05 0.00722856 5.3721e-06 0.00334279 6.97643e-08 
8.00021e-05 1.75394e-05 0.000197477 0.00268903 5.57368e-08 3.64942e-09 0.00609744 5.79511e-05 0.0029169 0.00364991 0.000963252 0.948632 1.84614e-05 9.06171e-09 0.000265431 3.40816e-05 0.0139882 0.00384771 0.00425241 0.000774419 0.000909851 3.14013e-05 0.00722856 5.3721e-06 0.00334279 6.97643e-08 
0.00109756 0.000191386 0.00240459 4.51923e-07 0.000104369 3.20452e-07 0.000571391 0.00512944 0.00407178 0.00517947 0.0145 0.662063 0.00155313 0.000144412 0.00115085 7.89287e-05 0.250825 0.00248409 0.00708262 0.00977516 0.00113789 0.000555497 0.0102287 1.11848e-05 0.0195983 6.05701e-05 
0.0297177 0.18716 0.00182635 3.70994e-06 0.00838731 4.59982e-06 6.44011e-05 0.000393255 0.0141275 0.147758 0.0019504 0.387759 7.04852e-05 0.000164172 0.0205961 0.00166866 0.0268641 0.0726239 0.0246849 0.0140704 0.011649 0.00344446 0.0270735 0.000121204 0.0177646 5.19827e-05 
0.00531402 0.000319969 0.000979185 1.64107e-09 0.000195538 0.00055516 0.00156088 0.000196686 0.128421 0.0589325 0.000594558 0.271908 0.00242839 4.58875e-06 0.0505537 0.000740095 0.128117 0.0293585 0.10041 0.0577151 0.0180237 0.0115754 0.100711 0.000771068 0.0281526 0.00246165 
0.00243048 0.0101744 2.7151e-08 4.84217e-09 5.26723e-10 7.73143e-10 0.0133223 3.22727e-05 0.129089 0.14229 1.0381e-05 0.587529 0.00338203 5.04134e-10 0.00285674 1.3315e-05 6.8254e-05 0.0159132 0.0437732 0.00208894 0.000306944 0.00339811 0.037648 6.62692e-08 0.00368103 0.00199233 
0.00790221 0.0641602 0.0178054 1.57214e-07 0.0047941 4.07449e-05 3.85808e-05 4.43682e-05 0.0841768 0.0962399 0.000548658 0.346076 0.0147117 3.38677e-05 0.0206531 0.000125916 0.0294267 0.151567 0.0576055 0.0347808 0.0228525 0.00527337 0.014417 0.000163129 0.022113 0.00444951 
0.00722042 0.00124527 0.000902054 1.76203e-06 0.0874385 1.857e-05 2.01263e-05 4.41362e-05 0.00192244 0.0563478 0.00102454 0.706024 0.00169232 6.54143e-07 0.00420013 0.000252501 0.0412046 0.0312969 0.00901113 0.0103707 0.00222548 0.0010777 0.0308301 1.8077e-05 0.00531199 0.000298539 
0.0112738 3.5885e-06 4.76601e-05 1.279e-09 8.8461e-05 3.95502e-08 0.000250929 2.21561e-07 0.00272407 0.00713525 0.000161781 0.747363 2.76651e-08 0.000400912 0.00191923 0.00285527 0.000359055 0.00417787 0.0226369 0.0708004 0.00539673 0.0875768 0.0332803 1.44402e-06 0.0015456 4.69641e-07 
0.00536826 0.000275917 0.000178227 9.03441e-05 0.00653842 0.00181504 8.42609e-06 8.46145e-05 0.00270206 0.0833508 0.000970056 0.631477 0.000117684 0.000380873 0.00481421 0.00721488 0.000878603 0.0493587 0.052295 0.0382042 0.0100646 0.0253084 0.0740557 1.67327e-06 0.00256224 0.00188413 
0.00288306 1.4842e-08 0.000294916 8.96909e-11 0.000172095 2.40685e-06 0.000102229 0.000227499 0.000425981 0.0056744 0.00492223 0.940467 9.9766e-06 1.43657e-07 0.00027337 0.000273137 0.00072076 0.00539437 0.000522164 0.0214282 0.000280686 0.00179011 0.00196156 2.42522e-05 0.0121492 3.62509e-07 
0.013131 0.0031374 0.0566185 0.000300284 0.000427544 0.000223518 0.0258166 0.0102199 0.0492353 0.120525 0.0217747 0.224969 0.023125 0.000264302 0.0297855 0.00118997 0.0202939 0.0448435 0.0511285 0.0266581 0.0101348 0.00375777 0.101174 7.97369e-05 0.157244 0.00394305 
0.0113858 0.00133802 0.00227296 4.16643e-08 9.27953e-05 2.16743e-07 0.00167724 6.43133e-05 0.0117375 0.030768 0.000916393 0.786354 1.57507e-05 0.000674169 0.00394571 0.000624431 2.8727e-06 0.0212858 0.00285977 0.0157552 0.00855651 0.0037389 0.0892063 7.05458e-06 0.00667558 4.50571e-05 
0.0356772 0.000245395 0.000290012 1.74522e-06 2.14728e-06 0.0101398 9.93505e-05 1.05752e-06 0.0544385 0.000207252 2.53917e-05 0.787934 7.62257e-07 2.05519e-06 0.000187071 0.000255169 1.55566e-05 3.68305e-07 0.0520309 0.0129168 0.000102353 0.0417206 4.8933e-05 0.00333231 7.67918e-05 0.000248719 
9.06637e-05 0.000836813 0.000160293 7.46623e-08 6.99627e-05 7.67736e-05 0.00478201 0.000735726 0.0244968 0.0763895 0.0150517 0.762844 1.69839e-05 3.01553e-06 0.00183861 0.000196486 7.31972e-05 0.0104586 0.00851321 0.00536529 0.000613207 0.00154548 0.00376767 1.13038e-05 0.0757841 0.00627821 
0.00535938 0.00358802 0.0301219 0.00106137 0.000409567 3.30093e-05 0.000133779 0.00922087 0.107648 0.0172829 0.00800585 0.642217 0.00055076 0.000901945 0.0122451 0.000977445 0.00432041 0.00883602 0.0214183 0.0372419 0.00455246 0.000726632 0.0274137 2.60218e-05 0.0554991 0.000208707 
0.00348003 0.127176 0.000178368 4.05924e-08 0.00134856 5.4926e-07 7.26712e-06 2.81981e-05 0.0491054 0.040551 0.00322486 0.318484 0.000373583 0.00159836 0.00451273 3.85305e-06 0.0346512 0.00762056 0.0127255 0.228326 0.0249282 0.00722501 0.0213623 0.000383139 0.0145887 0.0981162 
0.0142486 0.000808919 0.00646099 4.79266e-06 2.08291e-05 3.1207e-05 0.00470953 0.0682161 0.0765113 0.151965 0.0124808 0.313442 0.00613387 0.000166564 0.0218491 0.00575668 0.033443 0.0211303 0.030906 0.0164273 0.017157 0.00511273 0.0838505 1.09453e-05 0.0987095 0.0104471 
0.00093441 5.80015e-05 0.0015797 3.1611e-07 2.31401e-06 4.32026e-06 0.000215476 0.000345471 0.0156775 0.107315 0.00181911 0.669328 0.00137347 1.69823e-10 0.0224098 1.61537e-08 0.0358728 0.00539251 0.00838963 0.0141188 0.00891994 0.00128361 0.0157672 7.50018e-06 0.089075 0.000109736 
0.0241962 4.82697e-06 0.00236177 2.26769e-07 0.00171166 1.14282e-06 0.00145934 0.0387537 0.0034038 0.18106 0.00928315 0.404688 0.00578953 0.000786233 0.00345201 0.000344578 0.00872065 0.0626926 0.012865 0.0548025 0.0165633 0.00325485 0.0701867 8.15847e-08 0.0936181 6.95864e-08 
8.00021e-05 1.75394e-05 0.000197477 0.00268903 5.57368e-08 3.64942e-09 0.00609744 5.79511e-05 0.0029169 0.00364991 0.000963252 0.948632 1.84614e-05 9.06171e-09 0.000265431 3.40816e-05 0.0139882 0.00384771 0.00425241 0.000774419 0.000909851 3.14013e-05 0.00722856 5.3721e-06 0.00334279 6.97643e-08 
0.0162007 0.0125163 0.00138157 1.50791e-09 0.0183796 0.000132729 0.00573826 0.00018822 0.0999193 0.1792 0.00501113 0.255985 0.00548813 0.000244335 0.0355501 0.00193932 0.000208178 0.0331778 0.0606105 0.103479 0.00367939 0.00824914 0.0781819 4.19819e-05 0.0743649 0.000132488 
0.00148199 7.31615e-05 0.00160911 1.24198e-07 0.000446872 1.06203e-06 0.00040784 0.00151207 0.00196844 0.00424506 0.0140297 0.851732 0.000498075 0.000119328 0.000647536 0.000115529 0.0786354 0.00347458 0.00243587 0.0155879 0.000513099 0.000871536 0.00386086 4.10776e-05 0.0156733 1.87232e-05 
9.47543e-05 2.89174e-06 6.74026e-07 2.53096e-06 3.11403e-06 4.57089e-06 2.13756e-06 1.53364e-06 0.140494 2.82365e-07 3.80803e-07 0.780778 1.10544e-06 2.98048e-06 3.33901e-07 2.145e-06 6.07582e-07 0.00532397 0.0699781 0.000162501 0.000116084 0.000211592 5.61586e-05 2.69545e-06 0.00275446 2.29386e-06 
0.00116234 1.63306e-05 0.00215324 1.19603e-10 0.00860969 3.37878e-05 3.56182e-05 0.00083664 0.00043553 0.027393 0.0103651 0.855944 0.000930282 0.000409142 0.0156193 0.000160829 0.00472812 0.0220792 0.00633839 0.00142933 0.00153288 0.000452849 0.00733324 3.63272e-08 0.0319685 3.2312e-05 
0.0921222 2.11814e-06 0.000115121 4.64649e-10 5.71694e-10 0.000351558 5.96469e-07 3.25719e-07 1.23848e-06 0.00251457 6.99102e-11 0.682003 2.02944e-10 1.32058e-06 0.00366856 6.68915e-07 1.11544e-10 0.0609948 0.00147798 0.0161386 0.0282218 0.00129659 0.111088 4.94848e-10 5.35793e-08 4.39453e-07 
0.0252724 0.00759876 0.000201521 6.09929e-08 5.95442e-05 6.67687e-05 2.67709e-05 0.000351961 0.0301351 0.0194519 4.62787e-05 0.813747 0.000738774 7.1826e-08 0.00654351 3.06877e-06 5.99687e-06 0.00915183 0.0598753 1.6674e-08 0.000155592 3.31777e-05 0.0261946 0.000141313 0.00019904 5.52791e-08 
0.0557564 0.00200475 0.00617246 0.00633003 0.00215719 1.52903e-05 7.89957e-05 0.000685892 0.103002 0.163806 0.000661533 0.316429 0.00104919 0.00130342 0.0454919 0.00339669 0.0267337 0.0813695 0.030386 0.00798073 0.00930895 0.0340615 0.0602523 0.00412403 0.0362352 0.00120697 
0.00583667 0.0113221 0.00123447 2.69323e-07 4.87689e-05 1.28899e-05 0.000228109 0.0322185 0.0464056 0.075204 0.0037988 0.658744 6.04212e-06 3.17158e-07 0.00693142 0.0104005 0.000129226 0.0113762 0.0635962 0.000701139 0.00029812 0.0435609 0.00136894 0.000601443 0.0244211 0.00155412 
0.0111879 0.00331446 0.00759853 0.00141507 0.00442845 0.00288098 0.0085869 0.000866775 0.152026 0.052453 0.0432531 0.192687 0.00478961 0.000895499 0.0611109 0.00269535 0.00223311 0.10411 0.0853048 0.0142869 0.0225455 0.0256688 0.120689 8.31387e-05 0.0700033 0.00488646 
8.00021e-05 1.75394e-05 0.000197477 0.00268903 5.57368e-08 3.64942e-09 0.00609744 5.79511e-05 0.0029169 0.00364991 0.000963252 0.948632 1.84614e-05 9.06171e-09 0.000265431 3.40816e-05 0.0139882 0.00384771 0.00425241 0.000774419 0.000909851 3.14013e-05 0.00722856 5.3721e-06 0.00334279 6.97643e-08 
0.0117392 4.83737e-05 0.00299551 3.16234e-05 0.00414366 4.61196e-05 0.001394 0.000475957 0.0241861 0.0394997 0.0145437 0.702458 0.00188856 0.000501462 0.00871784 0.00127809 0.00579795 0.0162786 0.00878091 0.0320946 0.00799613 0.00670279 0.0534726 1.85764e-05 0.0548514 5.853e-05 
0.0115649 0.000486525 0.000339035 0.00800816 0.00204911 9.7896e-05 0.000187964 0.00686241 0.00544398 0.103223 0.00863912 0.520079 8.66397e-06 0.000204205 0.00900571 0.0053618 0.000193573 0.0227652 0.084486 0.0272537 0.00814243 0.0180172 0.0735947 3.89325e-06 0.076812 0.00716977 
0.000637862 0.000120409 0.00103036 7.41097e-07 9.44659e-07 2.76062e-09 0.025709 0.00292638 0.00710829 0.0091165 2.02792e-07 0.927245 2.97093e-07 1.80008e-09 0.000143862 1.29548e-09 3.87885e-06 0.000139393 0.000412089 4.1788e-10 3.48043e-06 0.00152235 0.00131149 7.039e-07 0.0220847 0.000482361 
0.0397557 0.00413398 0.0158621 1.00831e-06 7.36287e-05 7.53082e-05 6.91383e-05 2.89729e-10 0.0256404 0.0460759 0.00252385 0.621928 0.0372417 3.87822e-06 0.0136781 0.00291647 0.000127448 0.0510835 0.0306145 0.00361026 0.00790635 0.00336146 0.0776858 1.24376e-06 0.0156303 4.96751e-07 
0.0101525 0.000271675 0.00514461 3.94235e-07 0.000118902 1.84198e-05 0.00165904 0.00072471 0.0138369 0.0302552 0.0201114 0.592362 0.0233109 0.000658551 0.0120609 0.000509843 0.0034068 0.0647264 0.0423468 0.0247628 0.0137454 0.00428456 0.0696983 4.00428e-05 0.0657157 7.6755e-05 
7.08756e-06 0.00335146 0.00331308 1.45249e-09 2.82255e-05 2.26809e-07 0.0012407 0.0175501 0.258479 0.010596 0.000771953 0.598044 1.1144e-06 1.67476e-06 0.0184661 4.18021e-07 0.00128681 0.00132865 0.00337071 0.00733192 1.87742e-05 0.000271249 0.00321611 1.5709e-07 0.0708651 0.000459896 
0.0213491 0.00237586 0.0175762 0.000102194 0.000370668 0.000937178 0.000787379 0.00716075 0.0295105 0.115089 0.0125947 0.167245 0.0099563 0.000576198 0.0588714 0.00367817 0.00291663 0.0328765 0.0583335 0.0234188 0.0787208 0.0786044 0.159495 0.000134269 0.116762 0.00055743 
0.0398413 0.00195196 0.00470576 1.0687e-05 2.43062e-05 4.57745e-07 0.000136501 0.000265732 0.00213148 0.00905493 0.0179835 0.616511 0.0011325 0.00018285 0.0124072 0.000540181 0.137963 0.00552971 0.0234569 0.0152468 0.0062701 0.00378645 0.0493549 0.000645595 0.05086 6.10128e-06 
0.00903702 0.000363844 0.00282095 5.62929e-10 0.00147363 8.46604e-06 0.000788364 0.0011056 0.0694621 0.0402706 0.0488282 0.40039 0.0164891 0.00947961 0.035799 0.000993128 0.0264077 0.0169721 0.138871 0.00601823 0.0130691 0.0113943 0.0764738 6.27212e-06 0.0734754 2.63651e-06 
0.00109756 0.000191386 0.00240459 4.51923e-07 0.000104369 3.20452e-07 0.000571391 0.00512944 0.00407178 0.00517947 0.0145 0.662063 0.00155313 0.000144412 0.00115085 7.89287e-05 0.250825 0.00248409 0.00708262 0.00977516 0.00113789 0.000555497 0.0102287 1.11848e-05 0.0195983 6.05701e-05 
0.00117436 0.0128731 0.000766854 0.102753 0.000111565 0.000858243 0.00141069 0.00059258 0.204522 0.041583 0.000473913 0.484218 0.00668699 0.000165214 0.000645535 0.00378521 0.000321697 0.032108 0.0141466 0.0433898 0.00527509 0.00326308 0.0255043 5.53168e-06 0.0130766 0.000288318 
0.00109756 0.000191386 0.00240459 4.51923e-07 0.000104369 3.20452e-07 0.000571391 0.00512944 0.00407178 0.00517947 0.0145 0.662063 0.00155313 0.000144412 0.00115085 7.89287e-05 0.250825 0.00248409 0.00708262 0.00977516 0.00113789 0.000555497 0.0102287 1.11848e-05 0.0195983 6.05701e-05 
0.0187341 0.000290176 0.0070996 4.08876e-06 0.00704508 5.45484e-06 0.000118848 0.000422309 0.0559805 0.205367 0.00102407 0.230061 0.00036252 0.00509584 0.0680188 0.00926475 0.187472 0.0508362 0.0222937 0.00910081 0.0219733 0.0110975 0.04265 0.000111235 0.0317657 0.0138054 
8.00021e-05 1.75394e-05 0.000197477 0.00268903 5.57368e-08 3.64942e-09 0.00609744 5.79511e-05 0.0029169 0.00364991 0.000963252 0.948632 1.84614e-05 9.06171e-09 0.000265431 3.40816e-05 0.0139882 0.00384771 0.00425241 0.000774419 0.000909851 3.14013e-05 0.00722856 5.3721e-06 0.00334279 6.97643e-08 
0.000925811 5.25485e-05 0.0034406 1.03614e-07 0.0145923 4.35753e-05 7.76829e-05 0.00039023 0.0111449 0.0598641 0.00585661 0.729591 0.000995763 0.0538438 0.0103574 7.63242e-05 0.00793209 0.0301956 0.0100637 0.0131386 0.000894984 0.000218811 0.017742 5.38968e-08 0.0284948 6.67206e-05 
0.0865557 4.4845e-05 0.00436569 5.32708e-07 3.61944e-05 0.000417919 3.42021e-06 2.22057e-05 0.000450529 0.0356225 0.00011672 0.480439 0.0160717 0.0377061 0.0410213 0.0183601 0.00542748 0.175216 0.0227681 0.00420701 0.00526816 0.0194205 0.0416237 3.75347e-06 0.00483056 1.4318e-07 
0.00370415 4.52538e-05 0.00349766 3.6356e-11 7.47911e-08 6.56588e-11 0.000316966 5.12493e-05 0.00245796 0.087601 3.28518e-06 0.69788 0.00411304 3.85113e-10 0.0466864 0.000681273 0.00169551 0.0740869 0.00998675 0.00291743 0.0178399 0.00706968 0.0386198 1.14091e-06 0.000735443 9.13327e-06 
0.00864497 0.000304129 0.0012827 1.05484e-07 7.18844e-05 5.64545e-09 9.89054e-07 0.00124198 0.159261 0.0120277 0.00206649 0.664453 2.46706e-06 3.48446e-10 0.00259382 9.47254e-05 3.3702e-05 0.00661139 0.0163224 0.00501576 0.00435401 0.000376819 0.0142841 0.00123591 0.0973955 0.0023252 
0.00525393 0.000572468 0.00154505 1.42292e-09 1.04173e-05 8.45942e-05 0.00629414 0.0175749 0.0434952 0.219981 0.0306297 0.390103 0.000948019 0.000137026 0.0411118 0.00681752 0.0800609 0.0181097 0.0211601 0.00914531 0.00308101 0.00845894 0.0361371 6.84118e-07 0.0511243 0.0081629 
0.0748995 1.96081e-05 0.00844678 0.0235616 1.07076e-08 1.2604e-05 3.68559e-07 0.000191303 0.0476744 0.00518427 0.000248374 0.549086 4.22754e-07 2.97953e-10 0.00107832 0.000508319 0.000417201 0.0191199 0.0388536 0.00600748 0.0105806 0.0026723 0.00461637 0.145112 0.0616895 1.92234e-05 
0.0478437 5.93339e-05 0.00458463 3.57388e-09 0.00100614 1.89579e-05 0.000534386 0.236141 0.0253921 0.0396481 0.0154406 0.268149 0.000134522 3.76305e-05 0.0282423 0.000266712 3.34708e-09 0.105855 0.00629276 0.00118708 0.00479878 0.000251014 0.104749 5.94156e-11 0.102289 0.00707854 
0.058013 0.00338913 0.0287163 1.07758e-08 0.00101149 0.00031444 5.47543e-05 5.29094e-06 0.240874 0.0902468 0.000893117 0.299986 0.000116427 0.0191955 0.0213897 0.000805925 0.00242982 0.0468212 0.0644082 0.00799805 0.00639848 0.000831092 0.0689356 7.95057e-06 0.0371226 3.51769e-05 
0.00839228 0.0452641 0.000133399 0.00177507 4.15506e-05 8.13306e-08 4.78725e-05 1.20909e-07 0.00722123 0.135952 9.82597e-08 0.471018 0.00953365 6.80951e-07 0.00478067 0.0190889 0.00121821 0.0245139 0.00159592 0.0101141 0.153239 0.0425958 0.0546173 2.21017e-07 0.00885583 2.73508e-07 
0.00110013 0.00186512 0.000341649 4.89503e-07 7.61264e-05 9.16083e-07 1.84152e-05 0.000378824 0.130983 0.0303482 4.45739e-05 0.582728 3.20023e-06 0.00045513 0.000463365 4.4828e-05 0.0081075 0.0788276 0.0775023 0.0168781 0.00953999 0.000231836 0.00992402 5.97373e-05 0.0489522 0.00112496 
0.0478437 5.93339e-05 0.00458463 3.57388e-09 0.00100614 1.89579e-05 0.000534386 0.236141 0.0253921 0.0396481 0.0154406 0.268149 0.000134522 3.76305e-05 0.0282423 0.000266712 3.34708e-09 0.105855 0.00629276 0.00118708 0.00479878 0.000251014 0.104749 5.94156e-11 0.102289 0.00707854 
8.40538e-06 0.00125054 0.0230902 7.78584e-06 1.65972e-08 0.000798774 0.00080091 0.000229977 0.332898 0.0201635 0.00121898 0.333961 0.000588029 2.77355e-06 0.0047561 4.01864e-05 3.76821e-06 0.00573399 0.0127852 0.000612263 0.027493 0.000801257 0.154991 1.15683e-07 0.0775459 0.000217342 
0.00536826 0.000275917 0.000178227 9.03441e-05 0.00653842 0.00181504 8.42609e-06 8.46145e-05 0.00270206 0.0833508 0.000970056 0.631477 0.000117684 0.000380873 0.00481421 0.00721488 0.000878603 0.0493587 0.052295 0.0382042 0.0100646 0.0253084 0.0740557 1.67327e-06 0.00256224 0.00188413 
2.60014e-05 6.52921e-05 0.00348711 2.5364e-10 0.0017543 9.52039e-09 0.000426533 0.000434882 0.0035025 0.000586489 0.0106105 0.92898 0.000761485 0.000415211 0.00153816 2.3516e-05 0.0157306 0.00418207 0.00114836 7.69225e-07 9.20598e-05 0.000248848 0.000664562 8.58909e-08 0.0253195 1.15933e-06 
1.63563e-05 4.0583e-05 0.000710208 1.23235e-11 1.2712e-06 6.41009e-06 2.83726e-05 6.35962e-05 0.0103202 0.0182841 0.018651 0.805884 1.70517e-05 1.45123e-11 0.00146021 8.09855e-05 0.0725122 0.00166342 0.00720617 0.000407929 0.00323601 0.00014577 0.0172535 1.77108e-06 0.0391523 0.00285675 
0.0013857 0.000971478 0.0176702 0.00166137 8.63181e-06 0.000539301 0.00156094 0.00216667 0.227414 0.0241768 0.00954342 0.239561 0.000504831 9.91465e-05 0.0367718 0.00035708 7.13884e-05 0.00753429 0.089279 0.0652352 0.0253374 0.00579079 0.177471 9.27058e-06 0.0638717 0.00100781 
0.0100786 0.0139575 0.00383765 2.29604e-05 5.51905e-05 2.04164e-05 0.0013952 0.000346252 0.0310255 0.247528 0.145563 0.367449 0.0622997 0.000870201 0.00314206 0.000945506 0.00022242 0.0153908 0.0118471 0.00239501 0.00350489 5.70354e-05 0.0141632 2.32994e-05 0.0626439 0.00121584 
4.9806e-06 0.000304454 2.38748e-05 1.27152e-07 6.88657e-05 1.68589e-06 0.00922283 3.17157e-06 0.0409899 0.0898954 0.000121529 0.77323 5.33241e-06 1.1139e-06 5.48228e-06 0.000713063 3.38577e-06 0.042811 0.0181005 6.33923e-06 0.00177288 0.000229759 0.016907 1.35416e-07 3.61519e-05 0.00554101 
8.40538e-06 0.00125054 0.0230902 7.78584e-06 1.65972e-08 0.000798774 0.00080091 0.000229977 0.332898 0.0201635 0.00121898 0.333961 0.000588029 2.77355e-06 0.0047561 4.01864e-05 3.76821e-06 0.00573399 0.0127852 0.000612263 0.027493 0.000801257 0.154991 1.15683e-07 0.0775459 0.000217342 
0.00839228 0.0452641 0.000133399 0.00177507 4.15506e-05 8.13306e-08 4.78725e-05 1.20909e-07 0.00722123 0.135952 9.82597e-08 0.471018 0.00953365 6.80951e-07 0.00478067 0.0190889 0.00121821 0.0245139 0.00159592 0.0101141 0.153239 0.0425958 0.0546173 2.21017e-07 0.00885583 2.73508e-07 
0.00843318 0.000551215 0.00112165 7.06094e-08 0.000209523 1.05602e-06 0.000440745 0.00610073 0.0354368 0.0652185 0.00934756 0.790802 0.00684277 0.00105261 0.0121236 0.000139724 0.0200097 0.0214734 0.00829671 0.00292585 3.65622e-05 0.00057116 0.00165611 2.96909e-05 0.00651218 0.000667085 
0.00396143 3.80218e-06 0.00488096 6.51907e-09 0.018318 0.0119869 0.000415652 0.000150483 0.0132305 0.0819901 0.00602339 0.345468 0.00138315 0.000304352 0.017847 0.000125518 0.00437857 0.0604002 0.102646 0.259695 0.0041907 0.012619 0.00813 2.25092e-06 0.0418217 2.73349e-05 
0.0032382 2.10018e-10 0.103438 0.000643456 0.00110446 3.31968e-10 0.00414592 1.10858e-07 0.294383 0.0131082 7.12846e-05 0.439674 5.15684e-07 5.65952e-07 0.00186321 1.50309e-05 0.000330374 0.014739 0.00954814 0.00193007 0.0320267 0.00142702 0.0203302 1.95762e-10 0.0579759 6.62492e-06 
0.00461636 0.000168166 0.00285765 1.25541e-06 0.000281261 5.42151e-07 0.0080332 0.0015593 0.00327757 0.0307046 9.5924e-05 0.483971 0.0001886 6.23617e-07 0.00252164 9.24959e-06 0.396191 0.0133056 0.00386842 0.000382205 0.00637516 0.00375214 0.0109636 0.00153004 0.0250382 0.000306594 
1.63563e-05 4.0583e-05 0.000710208 1.23235e-11 1.2712e-06 6.41009e-06 2.83726e-05 6.35962e-05 0.0103202 0.0182841 0.018651 0.805884 1.70517e-05 1.45123e-11 0.00146021 8.09855e-05 0.0725122 0.00166342 0.00720617 0.000407929 0.00323601 0.00014577 0.0172535 1.77108e-06 0.0391523 0.00285675 
0.00747858 2.7751e-05 0.00405436 9.80321e-08 0.00514982 0.000161159 5.06107e-05 0.00013219 0.00629977 0.112066 0.000560229 0.435836 0.000587904 3.57296e-05 0.117482 0.000401695 0.0245353 0.0976031 0.0170114 0.0805435 0.00819864 0.0155166 0.0537703 4.9096e-06 0.0124696 2.2491e-05 
