0.0086401 0.000227431 0.00413575 2.34106e-06 0.000846193 6.08228e-05 0.00389588 2.60778e-05 0.0724124 0.228192 4.49073e-05 0.0031903 0.51598 2.75851e-05 0.000220027 0.00592852 2.69594e-07 0.0706919 0.00265908 0.00525872 0.0336088 0.00186033 0.0289636 2.23538e-08 0.0115013 0.00162603 
7.60823e-05 0.000427784 0.00136677 9.49619e-06 1.16839e-05 0.000663632 0.000178261 0.000938678 0.00553896 0.00325296 6.13488e-06 0.00193787 0.834473 1.11828e-05 0.133806 0.00106545 0.00023505 0.00192507 0.00161064 0.00192368 0.0013602 0.000898818 0.00171493 0.000132255 0.00642676 8.60659e-06 
0.0152622 0.000756129 0.0246288 6.71201e-06 2.32924e-05 4.45063e-07 0.0765674 0.000183888 0.0488202 0.106426 0.038667 0.00705823 0.211113 0.00172273 0.000359133 0.0241195 0.000215142 0.182694 0.0101612 0.000775888 0.0975049 0.029979 0.0904926 1.90769e-05 0.0277928 0.00465057 
0.014724 0.000756244 0.00669664 4.46824e-05 1.29681e-05 0.000166059 0.000383309 0.000108726 0.0149529 0.0783269 0.00614931 0.00342161 0.55196 0.000437225 0.0413188 0.000796227 2.11168e-05 0.0233074 0.00762901 0.00278414 0.0925998 0.0122991 0.105236 9.05809e-06 0.0354376 0.000420847 
0.00317318 1.58441e-07 0.0341243 1.58474e-07 0.00144178 0.00204206 0.0686983 0.000967405 0.017643 0.144652 0.169381 1.58618e-07 0.175273 1.58432e-07 0.00209466 0.00619783 1.5865e-07 0.00507714 0.0387791 1.58642e-07 0.0708232 0.00593336 0.150201 1.58459e-07 0.103212 0.000285449 
0.00118867 1.22283e-06 0.00455121 1.18729e-07 4.57938e-06 4.84354e-06 0.00171647 8.32319e-05 0.0662614 0.0826795 2.43232e-07 8.08903e-06 0.782636 1.66089e-05 0.000567306 0.00229515 0.000121479 0.0213399 0.0059636 0.00630249 0.00952785 0.00174241 0.0106139 1.15649e-05 0.00164931 0.000713235 
4.4354e-06 2.16979e-05 0.000446487 1.89908e-05 2.33658e-05 3.42972e-05 1.60389e-05 1.15075e-05 0.000781012 0.000293631 2.85731e-06 6.80657e-05 0.997009 4.94742e-05 2.50539e-06 0.000152671 3.49551e-05 0.000718195 2.8944e-06 8.07144e-05 0.000182086 5.1878e-06 1.20361e-06 2.0225e-05 1.34117e-06 1.72117e-05 
0.00568169 0.0017711 0.00507118 5.07072e-06 5.38841e-05 7.86758e-06 0.000886888 0.00240371 0.0447904 0.0477708 0.0387841 0.000579834 0.299193 0.000364389 0.0213781 0.00152166 1.39779e-05 0.0241243 0.00962665 0.00659888 0.154343 0.0403751 0.264523 1.48718e-05 0.0300118 0.000105357 
0.0733146 8.96734e-05 0.0044975 0.000171689 9.98626e-05 0.000944531 6.18728e-05 0.000649009 0.00577211 0.181889 0.00029012 0.00631247 0.318157 0.00226782 0.0117873 0.00116335 0.0011544 0.0863966 0.0331437 0.0151287 0.117252 0.0268177 0.104489 1.73534e-05 0.00706104 0.00107197 
0.00179401 2.06541e-07 0.00354184 4.94873e-08 3.99458e-08 1.14295e-10 1.10313e-06 0.000118218 0.011773 0.00356714 0.000235803 0.00323236 0.701887 1.36643e-06 0.00229258 3.06356e-07 6.84889e-05 0.199906 0.00842662 6.34888e-05 0.00519651 0.000170873 0.0194482 5.55206e-05 0.038219 5.73578e-11 
0.00012024 3.02128e-06 0.0124572 2.88505e-07 2.78414e-09 4.68475e-06 3.4232e-05 0.000228827 0.0449041 0.0262524 2.58623e-05 0.0013111 0.783061 2.66473e-09 0.00406487 0.0154709 5.0008e-05 0.0187575 0.0142544 0.00204554 0.00348683 0.0227402 0.0273828 6.80782e-06 0.0233367 7.14651e-07 
0.0154507 1.89156e-05 0.00179177 0.0139735 2.17526e-05 1.46696e-06 0.00037034 5.37153e-06 0.0101507 0.00714345 0.00026863 0.000135049 0.620569 2.62508e-06 0.0284962 0.0144226 2.68132e-05 0.0763366 0.000647104 0.017667 0.126682 0.00329897 0.047935 3.78543e-06 0.0145492 3.08451e-05 
2.51333e-07 1.22952e-06 2.86583e-07 1.07612e-06 1.32403e-06 0.0069984 0.00372718 0.00515204 0.020496 0.0276851 1.6191e-07 0.00528625 0.892506 1.26725e-06 1.41968e-07 0.00529058 2.58333e-07 0.0092205 0.00577338 0.000618082 2.37583e-07 2.93968e-07 0.0143295 1.14606e-06 0.00271319 0.000196036 
0.0112559 0.0365257 0.00413913 2.49679e-08 0.0021416 7.90899e-07 0.00634017 1.4257e-05 0.000941568 0.0278646 0.00253031 0.0220389 0.397014 0.0149739 0.000287878 0.00140478 0.0179877 0.0329908 0.0175121 0.246485 3.52731e-05 0.010082 0.0917847 1.13893e-06 0.0556455 2.50351e-06 
0.000911168 0.00331884 0.00969673 0.000164215 5.43096e-05 9.22394e-05 0.0151363 0.000842486 0.265531 0.177711 0.00387903 0.0016548 0.28697 0.0014225 0.0034759 0.00126204 0.000156949 0.140404 0.0178109 0.00199502 0.0165566 0.00889532 0.0235189 2.1097e-05 0.0181175 0.000401011 
0.0191756 0.000650311 0.0147768 6.72802e-10 6.56386e-06 3.05952e-08 1.22049e-05 4.61893e-06 0.157443 0.0473194 0.00474075 0.00223424 0.246013 6.68922e-05 0.0245816 0.000973448 0.00526847 0.21149 0.0716998 0.0071387 0.0366409 0.0130311 0.110565 8.17636e-06 0.0260974 6.22812e-05 
0.00596815 1.69794e-06 0.0219199 0.0042561 2.3456e-06 0.000496478 4.36118e-06 0.000173921 0.00393011 0.0187428 0.00126143 7.51325e-05 0.334827 1.49941e-06 0.0806425 0.00670502 1.03729e-05 0.191413 0.0177025 0.0156858 0.167091 0.0646211 0.0567038 1.60133e-06 0.00775784 5.01338e-06 
0.00039471 0.000127198 0.00103847 3.70813e-08 4.3106e-05 2.84926e-05 0.00980701 4.11561e-05 0.0174122 0.0200396 0.00393729 0.000659683 0.876808 4.6406e-07 0.00375886 0.000652086 1.98782e-05 0.00427218 0.00523257 0.000167183 0.0305258 0.00110395 0.0197717 1.05921e-05 0.00412805 1.97009e-05 
6.58983e-05 6.12474e-05 2.13376e-05 1.8882e-05 2.32319e-05 3.98017e-05 1.59471e-05 4.85504e-05 0.000239717 0.000484378 9.68026e-06 9.30124e-05 0.997799 2.22356e-05 0.000108354 1.65376e-05 1.12015e-05 0.000159739 0.000162032 2.77718e-05 0.000198892 5.18968e-05 0.000176497 4.16252e-05 4.79267e-05 5.4306e-05 
0.00579225 0.000131476 0.0083282 1.53301e-05 0.000736458 4.56839e-05 0.00717619 7.37435e-05 0.0363631 0.0886114 0.000206583 0.00216771 0.511978 0.0015006 0.0273179 0.0306532 2.39027e-05 0.104992 0.0146808 0.0262849 0.0326139 0.00148654 0.0852896 2.03302e-06 0.0129935 0.000535359 
0.0125924 5.53143e-07 0.121985 6.57259e-06 0.000221181 7.37908e-06 0.00101962 0.000600238 0.0545347 0.0609537 0.00497545 0.00641421 0.438685 0.00445924 0.0478207 0.00132447 8.6308e-05 0.0261376 0.00455306 0.00322561 0.0441179 0.0104034 0.0834343 2.12829e-08 0.071433 0.00100793 
0.00266249 6.48566e-09 0.00292108 3.81421e-08 9.44042e-05 1.7106e-06 0.0122624 0.00021344 0.211468 0.146867 4.08936e-06 0.000229191 0.437352 0.000119294 0.00650303 0.00348078 2.91647e-06 0.0954682 0.0128209 0.00724913 0.00232549 0.000448301 0.0553374 2.53006e-06 0.00214159 2.46022e-05 
0.00116365 1.25939e-06 0.000408971 2.34876e-05 0.000300086 1.16857e-06 3.24711e-06 6.39214e-07 0.0350679 0.00429111 9.03727e-08 1.30498e-05 0.909789 1.19336e-05 0.000245679 4.9569e-05 4.56691e-08 0.0325743 0.000273056 3.76565e-05 0.00620692 0.00144425 0.00746599 2.02604e-07 0.000483128 0.00014399 
0.0133558 0.000137762 0.0017503 1.18575e-05 7.5491e-06 5.81072e-08 2.71736e-08 3.03e-05 0.00395499 0.2934 5.80166e-06 0.00119214 0.405044 3.78892e-08 0.0452677 1.13425e-05 7.72385e-09 0.0357124 4.11674e-05 0.00013224 0.00790755 0.000165489 0.191834 3.42658e-08 3.78257e-05 2.91605e-08 
0.00319794 5.38215e-06 0.0089984 4.4751e-07 3.90415e-06 8.082e-07 0.00161997 0.000772514 0.296362 0.0815344 1.04524e-06 0.00144182 0.392651 5.26993e-07 0.0110881 0.00171397 0.000124126 0.160804 0.00170445 0.000616059 0.00745184 0.00661956 0.0119947 4.76595e-07 0.0112423 5.04432e-05 
0.0275883 0.000570616 0.00570876 2.20903e-08 3.59984e-07 4.95108e-06 0.00132228 0.000375222 0.0265292 0.0270846 0.00126978 0.048048 0.344207 2.60138e-08 0.00179808 0.0203327 4.80074e-05 0.0358507 0.00453811 0.000391461 0.207594 0.0170095 0.210152 0.00023056 0.0190334 0.000311234 
0.0177191 1.02543e-07 0.0078568 3.61595e-10 9.09541e-05 8.65335e-07 0.00171171 2.5946e-07 0.000645687 0.00266948 4.16187e-08 3.95119e-05 0.280134 4.25819e-10 0.120224 2.77295e-08 1.41945e-07 0.135692 0.00343129 0.0656673 0.18158 0.00725476 0.172735 2.80758e-08 0.00254679 8.24411e-08 
0.0761758 7.71768e-07 0.0184943 0.000547488 7.02885e-08 1.67104e-08 0.00210462 2.93561e-06 0.0116835 0.0108956 0.000325655 0.00046864 0.4744 1.08961e-08 0.00081354 0.00778323 4.69956e-05 0.104225 0.000818585 0.00203785 0.0706126 0.0910624 0.100286 9.8541e-09 0.0270264 0.000188183 
0.00190372 0.000508947 0.0149375 1.74996e-07 3.82456e-05 1.26239e-06 0.00186521 0.000977046 0.0416151 0.0478897 0.00886908 0.00505784 0.613914 0.000108868 0.0258103 0.00395815 0.00380863 0.107962 0.0150197 0.0127301 0.01704 0.00862027 0.0430172 5.44721e-06 0.0219553 0.00238601 
0.00599357 2.32418e-05 0.00894318 9.975e-06 0.00329728 9.88946e-05 0.000648276 0.000854637 0.0207972 0.0279925 0.0071744 9.36611e-05 0.558323 3.26482e-07 0.0726217 0.0703075 9.56752e-06 0.0154172 0.0166364 0.0114804 0.0218174 0.0124914 0.0993514 1.01584e-05 0.0456027 3.92776e-06 
0.00806913 0.000473135 0.0169053 0.0449134 0.00128105 6.75487e-05 4.88108e-06 0.000312385 0.0481793 0.0236463 0.0496624 0.0013928 0.429664 0.0046642 0.0217125 0.000924981 0.0204522 0.0300044 0.0101927 0.000883309 0.0211531 0.00322734 0.0876906 3.03448e-05 0.174482 1.0952e-05 
2.48168e-06 1.60407e-06 0.000764515 2.85429e-09 3.51185e-09 0.00027853 5.35312e-06 1.49904e-06 0.0291863 0.0524551 2.76391e-07 0.00384144 0.375038 3.36124e-09 0.30552 2.40085e-08 2.6976e-07 0.0001056 0.181134 9.13072e-07 0.0130438 1.88665e-06 0.016495 0.00218376 0.0199384 1.50329e-06 
0.00317318 1.58441e-07 0.0341243 1.58474e-07 0.00144178 0.00204206 0.0686983 0.000967405 0.017643 0.144652 0.169381 1.58618e-07 0.175273 1.58432e-07 0.00209466 0.00619783 1.5865e-07 0.00507714 0.0387791 1.58642e-07 0.0708232 0.00593336 0.150201 1.58459e-07 0.103212 0.000285449 
1.2107e-06 2.00374e-06 0.00941882 3.3452e-10 4.11586e-10 6.34884e-07 2.82524e-10 9.11802e-05 0.0341383 0.19146 0.000615819 0.000546169 0.296831 3.93934e-10 0.00310838 0.000228791 8.8618e-06 0.000490918 0.296266 0.00257498 0.0146433 0.00164798 0.132657 2.58701e-08 0.014666 0.000602603 
3.26702e-06 1.59822e-05 3.72523e-06 1.39882e-05 1.72107e-05 2.52626e-05 1.18139e-05 8.47618e-06 0.000700645 1.56059e-06 2.10463e-06 5.28537e-06 0.995645 1.64726e-05 1.84542e-06 1.1855e-05 3.35801e-06 2.95202e-06 2.13195e-06 3.82404e-06 0.00346989 3.82122e-06 8.86555e-07 1.48973e-05 9.87876e-07 1.26778e-05 
0.00212346 0.00039366 0.03457 1.69581e-05 2.41846e-05 0.000223565 0.00095742 0.000730509 0.0390186 0.0637391 0.00163183 0.00178496 0.450181 6.68871e-06 0.00919855 0.00493027 9.58667e-06 0.0122337 0.175616 0.0348337 0.00847165 0.00128569 0.0842403 3.4124e-06 0.0734495 0.000325927 
0.0329108 1.97347e-07 0.00589816 3.84965e-10 9.80299e-05 6.95244e-10 5.9155e-05 9.70823e-05 0.117558 0.153419 0.00475207 0.000841687 0.163487 4.53339e-10 0.154122 3.36896e-07 0.000274255 0.00405559 0.0693291 0.00253772 0.140327 0.0298626 0.104713 0.000126088 0.015531 5.68731e-07 
0.00164037 0.000182493 0.0396889 3.30423e-05 5.28405e-07 3.17769e-08 1.11989e-05 0.000816505 0.0767033 0.21586 0.00120229 0.00277571 0.219613 1.28793e-06 0.130003 0.000123992 7.17745e-05 0.0798396 0.00769138 0.000522916 0.0120324 0.000639498 0.198975 1.2265e-05 0.0114912 6.82653e-05 
0.000697364 1.32572e-05 0.00222063 3.98577e-10 4.26832e-08 1.3977e-08 0.000238319 7.69903e-06 0.0223921 0.125292 0.000243379 0.000702462 0.652749 0.00256633 0.00122072 0.0239064 3.60142e-06 0.00382201 0.00297189 0.00543268 0.0845511 0.000674029 0.0450114 1.77399e-06 0.0252478 3.41407e-05 
0.00884757 1.18445e-06 0.0116712 0.000786439 2.46636e-05 1.14502e-06 0.128036 0.0137348 0.0947879 0.0170034 0.0271844 0.0144399 0.41921 0.00170268 0.0492698 0.00103825 8.71424e-05 0.0354153 0.0194944 0.0158779 0.0021465 0.0193144 0.100468 2.96312e-07 0.0194411 1.57797e-05 
1.96771e-05 0.000278054 0.0025173 1.66212e-07 2.04503e-07 3.00177e-07 1.89816e-06 0.000393076 0.0487227 0.032891 0.000246404 0.000226726 0.842514 1.95733e-07 0.00172934 0.00861936 3.99008e-08 0.0211045 2.53325e-08 0.00283024 0.000565597 1.99449e-05 0.00567664 2.39357e-06 0.0307735 0.000867109 
0.0142609 3.71421e-07 2.71121e-06 5.0355e-10 6.19557e-10 9.09408e-10 4.25281e-10 6.19166e-05 0.00216931 0.00531849 1.55362e-05 4.88191e-05 0.503225 5.92986e-10 0.00887092 0.0105812 2.1415e-07 0.28353 0.00884747 0.00330347 0.0261741 0.0391638 0.0724081 1.5975e-07 0.0215983 0.000419073 
0.000110975 5.85479e-06 0.00178784 5.12432e-06 6.30485e-06 9.25449e-06 4.32783e-06 3.1051e-06 0.000516798 0.00189613 7.70995e-07 0.00019269 0.948 6.03446e-06 5.12023e-05 0.000373187 1.23015e-06 0.000537461 7.81003e-07 1.40087e-06 1.13134e-06 1.39984e-06 0.0436761 5.45737e-06 0.00280108 4.64427e-06 
0.00214589 4.25319e-05 0.0205618 1.60697e-08 4.76912e-06 9.9398e-11 0.00024988 0.000226457 0.0191953 0.0698555 0.001223 0.0029222 0.640873 1.17435e-06 0.00318075 0.0040736 0.0156616 0.152003 0.00955183 0.00328395 0.00822247 0.00953297 0.0132218 0.000113403 0.0238335 2.03412e-05 
0.143554 0.000651392 0.000825563 2.43919e-08 3.00113e-08 0.00156893 0.000247175 0.00135458 0.104839 0.00126452 1.51252e-05 5.70037e-06 0.374586 2.87242e-08 0.0403958 0.00550978 3.57724e-05 0.0939378 0.0538499 0.000664856 0.0565583 0.0159626 0.00859012 0.0368077 0.0587722 2.8475e-06 
0.00744835 4.87911e-05 0.0571538 3.69666e-06 3.84284e-07 5.2509e-05 0.0257088 0.000756018 0.214167 0.0620033 1.35711e-05 0.00706448 0.353553 7.91686e-06 0.00147385 0.00021641 2.29685e-05 0.109549 0.0616323 0.000805691 0.00937542 0.0032548 0.0405259 0.000281258 0.044402 0.000478666 
0.000318923 0.000105039 0.00268137 6.31382e-09 0.000668612 1.14027e-08 1.04148e-05 4.56963e-05 0.000150368 0.115896 0.0033281 0.00622881 0.762645 3.02407e-07 0.00458993 0.00308859 0.0154185 0.0469922 0.00806462 0.0039926 0.000138365 0.0042185 0.00387461 5.84349e-05 0.0174726 1.27187e-05 
0.0134321 0.00101713 0.00408433 0.000210869 2.17242e-07 3.18875e-07 0.00271551 4.98686e-05 0.307149 0.00661474 1.17049e-06 0.0532564 0.328958 7.06614e-05 0.0056745 2.50805e-05 0.000107307 0.0427397 0.0694645 0.000927862 0.0319545 0.00458 0.0683154 9.85877e-05 0.0585527 1.60024e-07 
0.0329108 1.97347e-07 0.00589816 3.84965e-10 9.80299e-05 6.95244e-10 5.9155e-05 9.70823e-05 0.117558 0.153419 0.00475207 0.000841687 0.163487 4.53339e-10 0.154122 3.36896e-07 0.000274255 0.00405559 0.0693291 0.00253772 0.140327 0.0298626 0.104713 0.000126088 0.015531 5.68731e-07 
0.00525557 0.00081152 0.00260663 1.21156e-07 9.31778e-05 5.3064e-05 0.000415174 0.000133226 0.0160604 0.0262381 3.23689e-05 0.00420504 0.644938 0.000449515 0.00647719 1.0268e-07 9.47539e-05 0.041885 0.0238133 0.00597742 0.0169082 0.00619426 0.0366313 8.06528e-05 0.160513 0.00013288 
0.00863667 0.00293671 0.0309784 1.73123e-07 0.00331611 1.03439e-05 0.00345487 0.00516681 0.118781 0.0770829 0.016329 0.00475565 0.316056 1.67139e-05 0.0214685 0.000827599 7.28436e-05 0.159892 0.0354668 0.00168059 0.0527022 0.0259247 0.0870491 4.33156e-06 0.0263826 0.00100761 
0.00593942 1.91277e-06 0.01301 7.19813e-09 8.9561e-08 8.79934e-05 8.79423e-05 3.50828e-08 0.0666537 0.187555 0.000438157 0.00210651 0.523834 1.25914e-10 0.00666476 0.0420623 5.67101e-05 0.0346168 0.0410039 0.00203827 0.0333193 0.0194899 0.00284496 2.8288e-05 0.0162108 0.00194944 
0.0935841 3.10339e-09 0.0219189 2.7162e-09 3.58386e-07 0.00119491 2.29401e-09 9.9532e-09 0.00543009 0.0112983 2.49064e-05 9.69629e-06 0.345412 6.58561e-07 0.00529937 0.000677051 5.50761e-05 0.0530702 0.0179236 0.000963909 0.0512452 0.100196 0.287525 1.34297e-07 0.00417084 2.46175e-09 
0.000291186 1.73584e-05 1.34418e-08 5.04737e-08 6.21018e-08 9.11552e-08 4.26284e-08 3.05847e-08 0.000111911 0.000158239 7.59418e-09 0.000259388 0.849972 0.00104023 0.000233732 4.27767e-08 1.21167e-08 0.14636 0.00029541 1.37983e-08 4.23566e-05 0.000654952 0.000486886 5.37542e-08 7.55723e-05 4.57453e-08 
0.00808645 0.000122693 0.0023932 1.58195e-06 0.000179627 2.71752e-05 0.00895724 7.01727e-06 0.0348138 0.362698 0.000434366 0.00346643 0.414709 8.28321e-06 0.00272729 0.00320261 9.94439e-07 0.0683801 0.00689757 0.00491407 0.0275568 0.00399598 0.0329139 4.67528e-07 0.0118522 0.00165383 
0.0369499 4.26639e-08 0.0147899 3.73409e-08 0.000181178 9.53688e-05 0.000135046 0.000959128 0.0244249 0.0907611 0.00649172 0.00599566 0.264272 0.000305077 0.035628 0.00872358 1.18495e-06 0.0431126 0.0942208 0.000988126 0.0315848 0.0986579 0.131344 0.00114464 0.109098 0.000135128 
0.032547 0.00119531 0.00250631 9.91846e-08 7.90511e-05 8.50576e-06 0.00695013 8.89099e-05 0.0318811 0.243564 0.00266963 0.0614283 0.284744 2.84664e-05 0.0208922 0.000710864 0.00805307 0.194539 0.0160178 0.00103384 0.00798666 0.0296563 0.0367341 5.19222e-05 0.00483132 0.0118032 
0.0040253 1.71364e-09 5.64707e-06 1.49984e-09 1.84537e-09 0.00889971 7.98733e-05 2.82122e-06 0.0249823 0.280063 2.25662e-10 5.66706e-10 0.511065 2.41236e-06 0.00841411 3.09056e-06 1.8658e-07 0.00520739 1.65543e-06 0.0808546 4.13918e-06 1.16994e-06 0.0574812 2.27589e-06 0.0189017 2.46204e-06 
0.00140138 0.0176147 0.00127243 2.77849e-07 1.62291e-07 5.57743e-07 0.00243612 0.000151956 0.0101133 0.0108623 0.0273858 0.00867488 0.832981 0.00144529 0.00145181 0.000800511 2.41925e-07 0.00215012 0.0020276 0.000479619 0.000483613 0.000421325 0.0363192 1.29526e-07 0.0415035 2.22648e-05 
0.000283808 0.000349462 0.00862598 6.02438e-07 0.000247256 0.000236284 1.54183e-05 0.00150761 0.0359068 0.0212339 0.00805437 0.000131477 0.47047 1.04999e-05 0.0397277 0.00386281 0.000224111 0.0287872 0.0369955 0.000562882 0.0164321 0.236171 0.0439338 9.08916e-07 0.0440567 0.00217181 
0.00744835 4.87911e-05 0.0571538 3.69666e-06 3.84284e-07 5.2509e-05 0.0257088 0.000756018 0.214167 0.0620033 1.35711e-05 0.00706448 0.353553 7.91686e-06 0.00147385 0.00021641 2.29685e-05 0.109549 0.0616323 0.000805691 0.00937542 0.0032548 0.0405259 0.000281258 0.044402 0.000478666 
0.00562254 5.79097e-05 0.0105873 0.00165189 0.00321315 0.000130353 0.000158326 6.08652e-05 0.0485193 0.0152263 0.00212891 0.00252492 0.508006 0.00031234 0.0309892 0.000370202 5.14342e-05 0.112832 0.0121376 0.0186675 0.10449 0.0522168 0.0395481 1.11781e-07 0.0198789 0.0106179 
0.0119673 0.0239382 0.0010633 2.69052e-08 8.84228e-05 7.91495e-07 0.00313625 4.42073e-06 0.000957144 0.028527 0.00269766 0.0214163 0.400849 0.0157121 1.0636e-05 0.00137343 0.000114926 0.0354837 0.0184852 0.27078 4.61299e-06 0.00859575 0.0995615 9.85646e-07 0.0552298 1.70749e-06 
1.14599e-08 5.60614e-08 0.00138513 4.9067e-08 6.03709e-08 8.86146e-08 4.14403e-08 2.97323e-08 0.0025455 0.000585738 8.8664e-06 8.34472e-05 0.989153 5.77818e-08 6.47325e-09 0.000715293 7.07919e-06 0.0013358 0.000914609 6.03752e-05 0.000225335 0.00237519 0.000248166 5.2256e-08 0.00035588 4.44703e-08 
0.00363146 0.00181629 0.00131331 7.89417e-10 1.1191e-05 1.20776e-06 0.0149426 1.32318e-05 0.0112022 0.158601 0.0151128 0.17422 0.340683 5.66984e-06 0.0431219 0.00166144 0.0156265 0.144778 0.0204132 0.0162136 0.00126192 0.0017392 0.0169049 5.67718e-05 0.0166681 4.43476e-07 
0.0107425 0.000283651 0.247052 2.36208e-07 5.70207e-06 1.157e-05 0.00016043 0.000155 0.00478619 0.231861 2.96445e-05 0.00148841 0.248716 8.64057e-06 0.0773628 8.61313e-05 0.000266374 0.0539055 0.0041363 0.0303058 0.0147872 0.00292335 0.0620398 1.38577e-06 0.00881102 7.31384e-05 
0.0213843 0.000109092 0.00574002 4.98437e-08 3.59886e-05 6.04924e-05 0.000926839 0.000244152 0.0224804 0.140485 0.00445587 0.0020204 0.282723 3.10666e-05 0.0994508 0.00121153 0.000409556 0.0812072 0.0226038 0.0875565 0.0179326 0.0069175 0.187202 2.35934e-05 0.0126259 0.00216143 
0.0158618 4.31967e-05 0.183625 9.18317e-07 1.40025e-05 0.000595997 0.00111065 0.000158276 0.09609 0.0702044 3.3272e-05 0.000110825 0.432394 1.08142e-06 0.0021069 0.00198387 7.51022e-06 0.0448262 0.000855113 0.00107275 0.00778515 0.00430025 0.0042337 7.50035e-06 0.131318 0.00125967 
0.00280081 3.32286e-09 0.00193406 2.90829e-09 3.85929e-07 1.7546e-07 0.000133707 2.17809e-07 0.0818267 0.00500289 5.54938e-05 9.9182e-05 0.871452 0.000920916 0.00227362 0.00124879 1.06527e-07 0.00601267 0.000256116 0.000339054 0.00734835 0.00232816 0.0064849 1.13941e-07 0.00947342 8.14373e-06 
0.00306628 1.13643e-08 0.00278217 9.94642e-09 4.48744e-07 2.16598e-05 1.0538e-05 3.15846e-07 0.000224534 0.00410874 1.17681e-05 2.758e-07 0.922352 5.38647e-07 0.00406275 0.000345726 2.38774e-09 0.00331355 6.16977e-07 5.89617e-05 0.0048386 4.359e-05 0.0505813 0.000498896 0.00367667 2.17069e-07 
0.0688442 0.00215817 0.0341296 1.00045e-06 8.51026e-05 7.13057e-05 0.00065823 0.000125953 0.0510484 0.0463085 0.0774504 0.00370601 0.179638 0.0468977 0.0113034 0.0202648 3.61242e-05 0.0344872 0.0849834 0.00441228 0.0994722 0.0641526 0.122122 1.94159e-05 0.0475921 3.18113e-05 
0.00382961 2.72263e-05 0.0179978 1.96082e-08 1.83731e-05 1.38695e-05 0.00313024 3.91918e-05 0.0131632 0.025433 0.020819 0.000608363 0.748623 0.000100066 0.00152115 0.000111682 1.42016e-05 0.0270372 0.00128066 0.012166 0.0140011 0.0118306 0.0260388 8.1206e-07 0.070822 0.0013725 
0.0191109 2.68118e-05 0.00277571 3.05017e-05 8.04112e-05 3.00846e-05 0.000611258 8.08985e-05 0.0505893 0.0595348 0.000170615 0.00265873 0.44308 1.39009e-07 0.0604387 0.0153878 7.99585e-05 0.0303348 0.00359742 0.0068246 0.045393 0.0127475 0.223852 4.575e-07 0.022516 4.75863e-05 
2.55572e-08 1.64927e-08 3.45812e-05 2.62407e-12 3.2286e-12 2.37427e-09 7.09406e-09 1.54252e-08 0.0233565 0.0128089 2.01884e-05 0.00058186 0.953927 3.09014e-12 0.00180846 6.7609e-08 4.71575e-06 6.4737e-08 0.00477611 9.39814e-09 8.09342e-08 1.94269e-08 0.00162487 8.94558e-09 0.00102834 2.78452e-05 
0.00504338 1.67728e-05 0.000136396 0.000273126 5.04438e-07 7.40432e-07 0.000104525 2.48432e-07 0.0162655 0.0279514 0.00036791 0.00334235 0.817101 2.67377e-05 0.00101636 0.000970401 3.69778e-05 0.0224892 0.00855348 0.000880239 0.044567 0.000279636 0.0492867 4.36632e-07 0.00127282 1.59737e-05 
0.0305257 0.000177653 0.0055027 2.50296e-07 0.000474406 3.1061e-05 0.00291112 0.000469557 0.0272008 0.111247 0.000330681 0.00248576 0.309739 0.00421274 0.121392 0.00128852 0.0160934 0.0212445 0.0877807 0.100525 0.0169248 0.0152885 0.104378 0.00025881 0.0192125 0.000305095 
0.00306628 1.13643e-08 0.00278217 9.94642e-09 4.48744e-07 2.16598e-05 1.0538e-05 3.15846e-07 0.000224534 0.00410874 1.17681e-05 2.758e-07 0.922352 5.38647e-07 0.00406275 0.000345726 2.38774e-09 0.00331355 6.16977e-07 5.89617e-05 0.0048386 4.359e-05 0.0505813 0.000498896 0.00367667 2.17069e-07 
0.0232644 1.15012e-06 1.15159e-06 1.15036e-06 1.14997e-06 1.149e-06 0.00057646 1.15102e-06 0.0839603 0.149051 1.15179e-06 1.15141e-06 0.53651 1.15006e-06 0.060126 0.0171453 1.15164e-06 0.0381219 1.15178e-06 0.00656517 1.15167e-06 0.0201538 0.0372085 0.000576274 0.0267258 1.15052e-06 
0.00258487 2.17084e-06 0.00419005 7.37836e-10 2.03124e-07 1.33253e-09 0.00911565 0.000289161 0.000269231 0.239678 0.000608075 0.043762 0.351581 3.56443e-06 5.04049e-07 0.00944391 4.30262e-07 0.307474 0.000918351 0.0109913 0.00110562 0.00125144 0.00778995 7.8579e-10 0.00894123 6.68715e-10 
0.000664965 0.000256474 0.0184367 3.10065e-09 0.000259337 1.52818e-06 0.00024298 6.32038e-08 0.0384608 0.429306 5.19119e-07 0.000566542 0.454858 1.50481e-08 0.00102543 0.000676361 8.52742e-07 0.0335296 0.000254321 0.000190319 0.0139277 0.00149859 0.00287255 6.21643e-07 0.00296791 1.73012e-06 
0.0498053 0.000169228 0.00624135 1.57397e-11 0.000183224 2.6741e-09 0.000437542 3.16663e-06 0.0306711 0.16456 0.000740345 0.00220071 0.315566 0.000666694 0.0601276 0.000172218 4.95421e-05 0.0937692 0.00828675 0.010616 0.050471 0.00342542 0.148293 1.05635e-05 0.0207315 0.0328027 
0.00903372 1.57183e-05 0.254386 4.34373e-08 5.34443e-08 9.44976e-06 0.000877593 3.40892e-05 0.162709 3.62195e-05 0.00077114 0.00206205 0.370816 5.11523e-08 0.0100736 0.00241109 1.04276e-08 0.00114846 2.91081e-06 0.00206441 0.0330185 0.00222656 0.0287252 4.62605e-08 0.119576 1.00597e-06 
0.00040274 6.84538e-07 0.000857635 4.6293e-07 0.000117606 4.4877e-07 1.199e-06 1.45002e-05 0.000392847 0.0038959 2.682e-07 0.00258318 0.798331 1.24693e-09 0.000967694 7.44779e-05 1.38618e-06 0.150459 0.000615614 0.000293561 0.00116041 0.0364712 0.00207247 1.55434e-07 0.000362915 0.000922624 
0.00283631 0.000147094 0.0684064 5.55753e-06 8.67999e-05 2.56518e-06 0.000409719 5.67407e-05 0.0773638 0.022555 0.126599 0.0555232 0.228511 3.14825e-09 0.12855 0.00230286 3.34815e-05 0.0136994 0.00303991 0.000284345 0.0210223 0.00205229 0.0631726 2.84717e-09 0.182884 0.000455447 
0.00318203 3.70742e-07 0.0579264 7.21811e-06 3.99241e-07 5.8602e-07 7.98334e-05 6.42335e-05 0.084881 0.0317581 2.43438e-06 0.00616625 0.715209 3.82119e-07 0.00493453 0.00161306 7.78963e-08 0.0162802 0.000401304 6.83666e-05 0.0416468 0.00149294 0.00635916 3.45576e-07 0.0278582 6.6534e-05 
0.0774396 9.86773e-05 0.00582137 0.000896715 0.0261845 3.21529e-05 0.00230282 0.00057648 0.181146 0.0464901 0.000133903 0.00684609 0.292408 0.00399271 0.001206 0.0144269 5.02666e-07 0.0720058 0.072651 0.00588505 0.00359238 0.0694942 0.0150171 3.68805e-05 0.100772 0.00054231 
0.00119128 1.4549e-06 0.0125644 1.53544e-07 4.89859e-06 5.30428e-06 0.00171966 4.21484e-05 0.0785135 0.0723109 0.000335323 8.5274e-06 0.749223 1.80654e-05 0.000271173 0.00135638 8.76383e-05 0.0180391 0.00586861 0.004731 0.0249042 0.00118093 0.00754028 1.55387e-05 0.0193513 0.000715118 
0.00127556 8.50027e-06 0.00310664 1.74337e-07 3.81155e-05 0.000466001 0.000298984 5.65442e-06 0.103909 0.0715688 0.000345417 2.66646e-06 0.641714 2.70091e-05 3.07853e-09 0.000460313 0.00779065 0.0243678 0.00606677 1.50916e-05 0.0322074 0.0131542 0.083859 2.48517e-08 0.00931291 2.11491e-08 
0.000608699 4.00159e-08 0.0468365 3.50233e-08 0.000918973 1.21711e-05 0.000190261 1.66908e-05 0.0059223 5.28594e-05 0.0118973 1.32334e-08 0.758604 0.000127158 0.000681718 0.000135306 1.6345e-06 0.000437449 0.00896265 0.000895873 0.0020791 0.000400269 0.0147426 3.72996e-08 0.146051 0.000425578 
0.0018555 0.00560523 0.0109634 3.31357e-07 5.87851e-05 0.000180198 0.0104593 0.000262149 0.336388 0.0703142 0.0015055 0.00179402 0.344753 0.00275769 0.00622583 0.00164146 7.78551e-05 0.11336 0.0160747 0.001944 0.0128071 0.00456919 0.0237071 4.27622e-05 0.0319351 0.000717022 
0.000107558 6.13067e-11 0.0089379 5.36578e-11 1.05067e-07 2.1858e-07 3.43274e-06 3.10129e-05 0.00249047 9.53773e-07 0.0392665 2.02744e-11 0.845481 0.000327245 1.63383e-08 0.000360764 1.74637e-08 6.33428e-08 0.0283387 0.000595758 9.24268e-07 0.00124047 0.0136495 5.71452e-11 0.0591672 1.53477e-08 
0.00610822 0.00501782 0.0162279 1.05539e-08 1.61583e-05 7.6269e-06 0.029655 0.00194628 0.217575 0.0290159 0.00832136 0.0700559 0.392871 0.000223502 0.000852529 0.0113811 3.4289e-05 0.040515 0.0154846 0.0242325 0.0382422 0.0041412 0.0595891 1.12398e-08 0.026917 0.00156841 
0.00202333 0.189496 0.00028509 8.95227e-07 9.825e-06 8.55484e-05 0.000198964 0.00017799 0.0245498 0.000708516 0.00408929 0.000582215 0.326242 0.000118793 0.173115 0.0299313 5.04866e-06 0.00447565 0.000612743 0.000288296 0.00649745 0.00068791 0.0957185 0.000150256 0.136389 0.00356084 
0.0119903 6.39162e-05 0.000696783 5.60652e-08 0.000422785 3.13291e-05 0.0137845 0.000617276 0.0399871 0.141917 0.0168822 0.0132725 0.300626 0.000465916 0.00690455 0.0394561 3.22383e-06 0.0622176 0.0270281 0.00942873 0.0969596 0.0782606 0.105704 5.9709e-08 0.0315442 0.00173531 
0.00969687 9.0059e-05 0.0116011 2.32004e-07 0.000837871 0.149216 0.00263681 0.00119839 0.0243054 0.0148827 0.0167779 0.00066573 0.407747 0.00812098 0.078754 0.0106372 3.88941e-05 0.0147014 0.0117924 0.00699439 0.052431 0.0263201 0.0978188 2.78602e-05 0.0526826 2.48593e-05 
0.00118435 3.16774e-05 0.00748093 4.60203e-05 0.000378871 2.94553e-05 0.000278171 1.23898e-05 0.0161691 0.0874831 8.55092e-07 0.000257067 0.647363 0.00148645 0.00402828 0.0515073 2.94524e-05 0.0523183 0.00285333 0.017622 0.0590788 0.00123103 0.0420416 2.51997e-07 0.00698848 9.9306e-05 
0.0210078 0.00039984 0.0932442 3.54897e-06 7.95175e-07 6.38609e-07 7.11118e-05 3.7025e-05 0.0771264 0.133441 0.000309069 0.000191672 0.242751 1.25031e-09 0.0346974 9.85298e-05 0.000115387 0.0332609 0.110946 0.0346333 0.0171048 0.00867083 0.157627 5.9255e-05 0.0341898 1.37618e-05 
0.000152797 0.000241481 0.00107655 8.59472e-06 1.05748e-05 1.5522e-05 0.000318199 0.000897576 0.0013449 0.000131326 1.29314e-06 3.24748e-06 0.992394 1.01212e-05 1.13387e-06 7.28406e-06 2.06325e-06 0.000228147 0.000194858 0.000222608 0.000456613 0.000394441 0.000264658 9.15332e-06 0.00119438 0.000418841 
7.2883e-05 2.8876e-05 0.000422271 9.11941e-07 3.39915e-05 1.64696e-06 6.5159e-06 0.0718663 5.94276e-05 0.00228815 0.000460603 0.00367722 0.592214 1.22732e-06 0.0101371 0.00100743 0.0454997 0.00081148 0.00015053 0.0180219 0.168364 0.00116385 0.00348069 5.79938e-05 0.0801196 5.1582e-05 
0.00140138 0.0176147 0.00127243 2.77849e-07 1.62291e-07 5.57743e-07 0.00243612 0.000151956 0.0101133 0.0108623 0.0273858 0.00867488 0.832981 0.00144529 0.00145181 0.000800511 2.41925e-07 0.00215012 0.0020276 0.000479619 0.000483613 0.000421325 0.0363192 1.29526e-07 0.0415035 2.22648e-05 
0.00862356 0.0001238 0.00321619 2.72357e-07 3.91102e-06 1.32727e-09 0.00183485 0.000199823 0.039056 0.0651731 0.00572668 0.0484137 0.583233 2.48041e-06 0.0109197 0.0013033 0.147749 0.0479124 0.00820769 0.00287424 0.00868533 0.00533687 0.0100437 5.00018e-05 0.00129866 1.22143e-05 
0.0395408 0.000652263 0.126597 1.75182e-06 0.000154424 7.6015e-05 0.00972751 0.000405661 0.0497268 0.0164844 0.000385569 0.00846656 0.297663 0.00041782 0.0421167 0.00300088 0.000477206 0.102261 0.00354949 0.00552072 0.0928743 0.0127477 0.142147 2.36471e-05 0.0442636 0.000718616 
0.0541742 3.07277e-05 0.0264094 1.0364e-06 0.00243936 0.000888143 8.01355e-05 0.00192265 0.0759828 0.15221 0.00031803 0.00226603 0.263722 3.00015e-06 0.0329721 0.0266869 5.59224e-06 0.0149117 0.0280275 0.000716683 0.00753523 0.0120802 0.0612655 6.659e-07 0.235064 0.000286064 
0.0154935 0.000339016 0.00833914 0.000420199 0.00118677 2.44106e-05 0.00921551 0.000554186 0.0442461 0.0792838 0.00911146 0.00497046 0.374279 0.00271488 0.088645 0.000539775 0.00129203 0.114215 0.0196856 0.0861602 0.0238791 0.00291612 0.0929121 1.14096e-05 0.0193357 0.000229597 
1.14599e-08 5.60614e-08 0.00138513 4.9067e-08 6.03709e-08 8.86146e-08 4.14403e-08 2.97323e-08 0.0025455 0.000585738 8.8664e-06 8.34472e-05 0.989153 5.77818e-08 6.47325e-09 0.000715293 7.07919e-06 0.0013358 0.000914609 6.03752e-05 0.000225335 0.00237519 0.000248166 5.2256e-08 0.00035588 4.44703e-08 
0.0210049 0.0252551 0.0155785 4.4394e-07 0.00462454 3.76159e-05 0.00105094 0.00049899 0.0234277 0.0925051 0.000109996 0.00559677 0.480597 7.65008e-06 0.0911587 0.000332354 0.000337571 0.0246854 0.00645351 0.080346 0.0211121 0.00171457 0.0591125 0.00143039 0.0416176 0.00140416 
0.000303108 0.000107509 0.00128388 1.99978e-06 1.06186e-05 0.000159552 4.32883e-05 7.76625e-05 0.0600973 0.00727281 9.63573e-06 0.000143559 0.68623 2.35496e-06 9.44692e-06 0.00101172 0.000205496 0.189564 1.05544e-06 0.000974803 0.0372661 0.0101332 0.00330029 2.12975e-06 0.00178604 1.81244e-06 
0.00222826 0.000202511 0.000445558 5.75379e-09 0.000393471 6.99087e-07 0.0009085 0.00013119 0.004178 0.204402 0.00136154 0.0985996 0.458804 0.0254325 0.00496991 0.0030829 0.0295837 0.127207 0.00510322 0.0100965 0.00134994 0.00496953 0.0120648 3.34855e-06 0.00446899 1.29135e-05 
0.110121 2.14037e-11 0.00365508 0.00299627 0.0188154 0.000450983 0.00623951 0.000657375 0.0291096 0.175059 0.00243389 0.012108 0.217112 0.0036043 0.000148205 0.00188277 1.47962e-05 0.05953 0.0478257 0.00153288 0.118789 0.120411 0.0339803 3.80867e-05 0.0303385 0.0031471 
0.0122512 5.26867e-05 0.0344381 7.40572e-07 0.00345699 0.000533945 0.0263779 0.00192483 0.0248393 0.0471995 0.0234622 0.00797596 0.485481 0.00140316 0.0119213 0.000559339 9.26919e-05 0.0124211 0.00228587 0.00611886 0.0305547 0.00357929 0.023377 8.76005e-06 0.236675 0.00300784 
0.0186743 0.00944027 0.00333878 2.54754e-08 6.38562e-06 1.47236e-05 4.11313e-05 6.59731e-07 0.0151215 0.0223856 0.00882975 0.00039986 0.410861 5.83275e-07 0.0404039 2.85612e-05 2.19832e-05 0.0207778 0.00472866 0.00023655 0.0521653 0.000853416 0.389315 4.01787e-05 0.00231372 2.30888e-08 
0.00719543 0.000917696 0.00117503 4.62498e-07 0.000212487 0.00169269 7.00643e-05 0.000738396 0.0752572 0.021888 0.0028824 0.00620913 0.583857 0.0576305 0.0073181 0.00305724 2.18195e-05 0.00872417 0.0585054 0.00849398 0.00632387 0.0327834 0.0650546 0.000127182 0.0494998 0.000363675 
0.0119673 0.0239382 0.0010633 2.69052e-08 8.84228e-05 7.91495e-07 0.00313625 4.42073e-06 0.000957144 0.028527 0.00269766 0.0214163 0.400849 0.0157121 1.0636e-05 0.00137343 0.000114926 0.0354837 0.0184852 0.27078 4.61299e-06 0.00859575 0.0995615 9.85646e-07 0.0552298 1.70749e-06 
0.0414974 6.72902e-05 0.0198996 2.35141e-08 3.09114e-05 2.45328e-09 2.30447e-05 5.17942e-06 0.00167485 0.141221 0.000964859 2.50735e-08 0.325514 1.59968e-09 0.10736 0.00721401 1.37945e-06 0.0624226 0.00162443 0.0317374 0.0826609 0.0343792 0.0183791 1.4467e-09 0.123324 1.23116e-09 
0.00529215 0.000928176 0.0426772 1.85878e-06 0.00265177 1.67962e-06 0.000746132 0.0014267 0.140474 0.177859 0.0120173 0.101102 0.199122 0.0211728 0.000348446 0.00379629 0.000110133 0.0558956 0.00722249 0.0859068 0.0520798 0.00491784 0.0446124 4.27676e-06 0.0227983 0.0168355 
0.00327757 6.10834e-05 0.0014544 7.22922e-07 5.87507e-06 2.97533e-05 0.0164094 0.00299968 0.324825 0.00180401 0.029546 4.73834e-05 0.477909 5.97269e-05 0.00190048 8.10824e-05 6.52192e-06 0.00280637 0.0590332 0.00309408 0.00609868 0.0245163 0.0132152 1.49e-06 0.0308162 1.25948e-06 
0.0466781 0.00254031 0.019119 0.000137007 0.000844956 1.4562e-05 0.00145598 0.000776672 0.0835581 0.100375 0.0189445 0.00969608 0.198012 0.000335575 0.0440146 0.00201925 0.00803693 0.128073 0.0961966 0.0167604 0.0337135 0.0117062 0.135711 0.00859825 0.0318243 0.000859157 
0.020542 0.0213686 0.00541969 3.15069e-09 3.87654e-09 1.48361e-07 0.000279426 0.00137072 0.0104453 0.0503674 2.49758e-08 0.0960125 0.572778 3.71028e-09 0.0221942 0.0011149 0.000155006 0.0839363 0.00108711 0.0437564 0.0322455 0.00655751 0.0177399 3.35546e-09 0.0126298 2.85553e-09 
0.0263541 6.37795e-05 0.00206299 0.00626105 7.1403e-06 2.37105e-05 0.000158565 0.000144733 0.00342225 0.0167669 0.0164328 0.000302486 0.570879 0.0205591 0.0101961 0.0218386 0.0653771 0.0215844 0.00943102 0.00524068 0.0810752 0.0415457 0.0493359 1.15576e-06 0.0307868 0.000148316 
0.00853227 0.000104626 0.00139893 0.000320143 8.3496e-06 1.73975e-05 8.4685e-05 0.000434342 0.0232345 0.0102267 0.0287979 3.7314e-05 0.437773 4.45757e-05 0.00146153 0.068862 1.71485e-05 0.063824 0.00112681 0.00019849 0.151875 0.158904 0.0194755 2.70695e-06 0.0231638 7.39656e-05 
0.021998 1.65137e-07 0.0150593 9.07574e-08 5.11933e-05 9.76947e-06 0.000815781 4.3377e-05 0.0285423 0.0607217 0.017304 0.00127341 0.521912 0.0013103 0.0218524 0.0738191 6.0813e-05 0.0269821 0.0109145 0.0495781 0.0415096 0.00723934 0.0307522 3.79115e-06 0.0680386 0.000208037 
0.00672064 0.0165272 0.0136954 1.90337e-05 0.000766042 1.20593e-06 0.0157486 7.53163e-05 0.193244 0.011391 0.000456559 0.0162162 0.213088 0.00265955 0.000165637 0.00105467 0.000124945 0.173288 0.0113276 0.0543818 0.00531521 0.0287143 0.0372433 1.27506e-06 0.197735 3.87997e-05 
0.00355168 0.0626884 0.00402078 1.28498e-05 7.62112e-05 4.6025e-05 0.00396707 0.000673567 0.07626 0.00149601 0.000171305 0.00406088 0.584475 0.023335 0.00517522 0.0055312 0.00166329 0.0936893 0.00129078 0.00178769 0.0452356 0.000689677 0.00996784 0.000173243 0.0699611 2.11269e-07 
0.0106048 0.000166609 0.00828682 7.56216e-06 0.000213004 0.000271183 0.00308889 0.0032478 0.0189534 0.214211 0.00705794 0.00511257 0.309723 1.46204e-05 0.0280605 0.00252663 0.00177581 0.166451 0.019461 0.0393125 0.0218171 0.00760779 0.0750424 3.47266e-06 0.0559551 0.00102717 
0.00317318 1.58441e-07 0.0341243 1.58474e-07 0.00144178 0.00204206 0.0686983 0.000967405 0.017643 0.144652 0.169381 1.58618e-07 0.175273 1.58432e-07 0.00209466 0.00619783 1.5865e-07 0.00507714 0.0387791 1.58642e-07 0.0708232 0.00593336 0.150201 1.58459e-07 0.103212 0.000285449 
0.000664965 0.000256474 0.0184367 3.10065e-09 0.000259337 1.52818e-06 0.00024298 6.32038e-08 0.0384608 0.429306 5.19119e-07 0.000566542 0.454858 1.50481e-08 0.00102543 0.000676361 8.52742e-07 0.0335296 0.000254321 0.000190319 0.0139277 0.00149859 0.00287255 6.21643e-07 0.00296791 1.73012e-06 
0.0744997 0.0230365 0.0378107 9.64283e-08 0.00151439 2.88169e-05 0.000200541 0.000812975 0.0601033 0.0173875 0.00835664 0.00196608 0.379535 4.95886e-06 0.0499086 4.8528e-05 2.68092e-05 0.0341172 0.00546405 0.011079 0.0907501 0.00807913 0.147019 2.13162e-05 0.0478882 0.000341641 
0.0216376 0.000484297 0.0153069 1.12007e-08 4.02418e-07 1.58975e-05 0.000109605 1.45097e-05 0.0442964 0.01056 2.15547e-07 0.00335682 0.747175 1.31901e-08 0.0411541 0.000115503 2.24087e-05 0.0280997 0.00789091 0.00298476 0.00158649 0.000615108 0.00215202 8.75694e-07 0.0724195 8.68983e-07 
0.0208459 0.000302208 0.0100667 6.11112e-07 3.74608e-05 5.44704e-06 0.000886515 0.000128614 0.0394067 0.173495 0.0160512 0.0220661 0.288903 7.79629e-10 0.00133736 0.000665729 5.59472e-05 0.0866227 0.0181801 0.00660402 0.058157 0.0198064 0.180974 1.23472e-08 0.0527174 0.002684 
0.00190705 0.00279309 0.0311695 1.03269e-08 6.93629e-06 4.76789e-05 0.000541674 9.53926e-05 0.00989306 0.0540136 0.00793523 0.00207058 0.691724 0.00887274 0.00969762 0.00207986 2.63381e-05 0.0232617 0.0123587 0.000251752 0.0127318 0.000790512 0.111869 1.72929e-05 0.0158072 3.7367e-05 
1.17846e-05 2.50803e-06 2.59285e-06 1.37109e-09 1.68696e-09 2.47618e-09 8.11738e-07 8.30816e-10 0.0272184 1.52965e-10 2.06291e-10 1.71011e-06 0.953893 1.61461e-09 0.0188451 1.162e-09 3.29144e-10 2.19935e-06 2.94667e-06 3.74823e-10 4.26847e-06 1.38212e-05 7.3872e-07 1.4602e-09 1.94626e-08 1.24264e-09 
0.0172444 9.92268e-07 0.00836696 9.36201e-10 2.22467e-05 1.69077e-09 0.000291469 0.000279373 6.26769e-06 0.00757931 1.13571e-06 4.15983e-06 0.238413 3.88617e-09 0.137776 0.0116893 3.27016e-05 0.210138 8.80479e-07 0.00258979 0.151987 0.0189169 0.194613 3.7736e-07 1.4102e-07 4.61732e-05 
0.00118435 3.16774e-05 0.00748093 4.60203e-05 0.000378871 2.94553e-05 0.000278171 1.23898e-05 0.0161691 0.0874831 8.55092e-07 0.000257067 0.647363 0.00148645 0.00402828 0.0515073 2.94524e-05 0.0523183 0.00285333 0.017622 0.0590788 0.00123103 0.0420416 2.51997e-07 0.00698848 9.9306e-05 
0.0191214 0.0325975 0.0119698 1.70813e-08 0.00183243 5.31839e-06 0.000223315 0.00331236 0.00841958 0.189342 1.99894e-05 0.00793105 0.31344 5.9306e-06 0.0990961 1.60301e-05 2.20593e-05 0.009049 0.0450663 0.0036802 0.00137069 0.00527098 0.0427472 5.27167e-06 0.180535 0.0249211 
0.000112402 0.0550602 0.00903973 8.30175e-06 7.71416e-05 1.06306e-05 0.0230849 0.000299642 0.177308 0.0547651 0.207456 0.00242701 0.289477 5.53959e-06 0.00236237 0.0006849 1.84962e-05 0.0163698 0.00953933 0.000525358 0.00595525 0.00187429 0.0607449 4.41655e-06 0.0827359 5.33241e-05 
0.0334161 2.12165e-06 0.0175488 0.00226008 1.1156e-05 3.4625e-09 2.08362e-05 0.0034032 0.0141497 0.0410107 0.000633967 0.000750103 0.293297 2.25775e-09 0.00552231 0.00236687 8.18077e-05 0.141363 0.00838229 0.0213426 0.172897 0.00213291 0.0986353 8.35541e-06 0.139999 0.000765829 
0.0541742 3.07277e-05 0.0264094 1.0364e-06 0.00243936 0.000888143 8.01355e-05 0.00192265 0.0759828 0.15221 0.00031803 0.00226603 0.263722 3.00015e-06 0.0329721 0.0266869 5.59224e-06 0.0149117 0.0280275 0.000716683 0.00753523 0.0120802 0.0612655 6.659e-07 0.235064 0.000286064 
0.00862822 3.46242e-09 0.0817001 3.03044e-09 3.72858e-09 5.47295e-09 2.71505e-07 0.00322421 0.131889 0.0445705 0.000747823 6.14036e-07 0.562423 3.56868e-09 0.0217627 0.000902857 1.60869e-05 0.004034 0.050735 3.22977e-07 1.08081e-05 6.19956e-06 0.0657745 3.22739e-09 0.0235619 1.24729e-05 
0.006988 2.20968e-06 0.00661113 2.53937e-07 0.000447643 0.000594557 0.000153574 0.000636233 0.0122584 0.0606529 0.000779469 0.00144677 0.431326 2.99039e-07 0.142088 9.58469e-05 1.64969e-05 0.0049576 0.0859678 0.00137717 0.0658253 0.00452801 0.0651811 0.00114144 0.10574 0.00118331 
0.00685789 3.15783e-05 0.0461749 6.16784e-09 0.00184215 8.47619e-05 0.000146014 0.000366106 0.00394612 0.0637928 0.0584939 0.0273627 0.397004 0.0151491 0.0498218 0.00252358 2.08192e-05 0.140077 0.00559938 0.0429987 0.0385796 0.000771375 0.0482213 6.66351e-07 0.0500454 8.85357e-05 
