0.000404017 0.000542761 0.000366363 1.45872e-08 5.63815e-06 1.09309e-05 2.22672e-05 0.00265771 0.00240994 0.00349036 0.00393407 0.00130593 6.37122e-09 1.7178e-08 0.757768 4.96731e-05 6.34324e-06 0.00355973 0.00601124 0.00338171 0.000855589 0.00350963 0.0767606 2.61837e-05 0.131802 0.00111975 
0.000150871 0.000600862 4.21104e-05 7.50047e-13 2.551e-09 4.94912e-09 8.20525e-06 0.00492457 0.000350398 0.00115737 0.0023027 0.000591587 3.27597e-13 8.83264e-13 0.852957 4.46263e-09 1.23698e-05 0.000692983 0.00251576 0.0011449 0.000702548 0.00114665 0.065658 1.53477e-06 0.06493 0.000109733 
0.00446055 0.000132171 0.0028281 2.01845e-06 0.000200351 1.08522e-05 0.000307303 0.094115 0.0015463 0.0498215 0.00469281 0.0352214 1.24931e-06 7.83069e-05 0.0201009 4.93135e-05 0.000443593 0.00197012 0.0409837 0.0193687 0.000420607 0.0251112 0.00961051 2.22706e-06 0.659368 0.0291533 
0.000810548 3.74435e-06 0.087946 0.000176759 6.71817e-08 9.86117e-08 0.0008539 0.000279664 0.0615349 0.00690243 0.00678523 0.00257813 2.38487e-08 6.43005e-08 0.00124461 2.25314e-05 9.01926e-06 0.00321946 0.00283571 3.43214e-06 2.2864e-05 4.09991e-05 0.0233461 1.47814e-06 0.801368 1.4274e-05 
2.6181e-06 0.000249868 0.0127176 7.08804e-09 2.6505e-07 7.27474e-06 0.102144 1.1964e-05 0.484502 0.00744781 6.42164e-05 0.0121124 3.09584e-09 1.60103e-06 0.000367967 0.00633894 0.0001062 0.00133109 0.0229046 0.000515545 0.00029566 0.28325 0.0471697 7.54872e-09 0.0184442 1.47427e-05 
0.00630526 4.28535e-06 0.0079595 5.94172e-07 2.31674e-07 7.64955e-08 9.70891e-05 0.00510218 0.00256923 0.020857 0.000798737 0.00269762 3.29987e-11 8.72223e-08 0.637111 3.69318e-05 0.00276726 0.00495848 0.0125223 0.160141 0.0561978 0.00265453 0.0394289 5.6486e-07 0.0356229 0.00216653 
0.00729025 7.24381e-05 0.00089816 0.00185071 3.60339e-05 0.000412351 2.04316e-05 0.0178598 0.00762963 0.0054274 1.32311e-05 0.00537805 1.54822e-07 0.254349 0.0014455 2.15586e-07 5.01918e-05 0.0312521 0.252521 0.00241664 0.0030121 0.00392747 0.00244631 0.361646 0.0293723 0.0106712 
0.00056369 1.20203e-05 0.00150335 2.62275e-09 9.86736e-05 1.1814e-05 0.00139475 0.000223428 0.0009468 0.0534895 0.00671972 0.0795257 6.35985e-13 1.71473e-12 0.0178536 0.00355985 0.000290528 0.00110672 0.0156209 0.7369 0.00117017 0.0485001 0.00863871 2.2337e-05 0.0216633 0.000184828 
0.0457084 0.00129866 0.000683219 0.000105789 2.50986e-05 2.83238e-08 0.000413017 9.5033e-09 0.025344 0.105833 4.71694e-05 0.00552457 6.84995e-09 1.84687e-08 0.0322278 0.0236961 0.000116825 0.00347384 0.481778 0.00241654 0.0276016 0.00956884 0.22476 3.69792e-05 0.00926055 8.02405e-05 
2.6181e-06 0.000249868 0.0127176 7.08804e-09 2.6505e-07 7.27474e-06 0.102144 1.1964e-05 0.484502 0.00744781 6.42164e-05 0.0121124 3.09584e-09 1.60103e-06 0.000367967 0.00633894 0.0001062 0.00133109 0.0229046 0.000515545 0.00029566 0.28325 0.0471697 7.54872e-09 0.0184442 1.47427e-05 
2.58756e-08 0.00162983 0.0058845 1.68115e-12 1.79977e-08 0.000129235 0.000445817 0.0819551 0.0148714 1.50909e-07 0.0659753 0.00180276 7.34277e-13 1.97975e-12 1.74583e-06 3.14891e-08 1.09374e-08 0.000763407 0.00532367 0.000400098 7.80559e-08 3.91745e-08 9.93818e-07 4.47783e-09 0.820371 0.00044483 
0.00710711 2.43651e-11 0.000240809 2.13252e-11 8.96365e-06 1.28441e-07 3.40441e-08 0.00035055 0.0144361 0.0417953 0.000100104 0.00180104 9.31421e-12 2.51128e-11 0.149214 0.000120859 1.94772e-06 0.00371227 0.0306672 3.02746e-07 0.0282411 0.00274358 0.682006 2.48485e-08 0.0369852 0.000466922 
0.000908769 0.000195426 0.000228064 1.01577e-12 1.68115e-06 2.66053e-07 2.41149e-05 0.00221905 0.000112738 0.000934184 0.0339401 0.000484496 4.43657e-13 1.19618e-12 0.859237 2.62642e-05 2.23014e-05 0.000582808 0.00201321 0.00884168 0.00161789 0.00899151 0.0459255 2.42636e-06 0.0333435 0.000346752 
0.0110303 0.000131013 0.00044986 2.8099e-07 0.170129 9.43158e-06 5.66968e-05 0.00114094 0.000857874 0.0719014 0.000358751 0.00256216 6.36817e-08 0.675153 1.2325e-06 2.01824e-05 0.00159516 0.0290794 0.0180261 0.0118389 0.000271147 0.00136689 9.19733e-07 1.1338e-07 0.00401887 1.97161e-07 
1.13558e-06 0.285023 8.9119e-05 1.27434e-06 0.00281557 1.06757e-10 1.39333e-05 0.00221235 0.00862681 0.00593209 0.00141599 0.00146306 2.58185e-11 6.96116e-11 0.450306 5.00981e-11 0.000366386 0.000889781 0.00413075 0.0206872 0.00772846 2.98788e-07 0.129771 5.82919e-09 0.0772086 0.00131786 
0.000377874 6.86754e-05 4.41675e-05 2.89756e-07 0.00376471 4.69265e-06 0.000377965 0.000186237 0.00487311 0.0848121 6.49606e-05 0.121897 2.01124e-09 1.26428e-07 0.00130678 0.000446932 0.0224534 0.0209973 0.00880163 0.698048 0.000665987 0.000775912 0.0175755 2.4646e-06 0.0123742 8.08453e-05 
0.00721829 3.15213e-09 0.00215229 2.32838e-08 0.000243996 2.29575e-08 9.39546e-07 1.5508e-11 0.0155801 0.00987586 0.0115483 0.0143717 1.11781e-11 8.21972e-08 0.259909 0.00288001 2.72362e-08 0.0122067 0.090117 0.00566046 0.00304007 0.0216067 0.533004 5.84906e-09 0.0101632 0.000421685 
0.137591 3.03776e-08 0.000670467 5.97787e-08 1.71489e-07 1.77494e-05 1.53866e-05 1.75323e-07 0.00342627 0.0107523 4.17017e-06 9.09011e-05 9.89256e-11 6.08847e-08 0.0576985 0.00101465 7.25495e-05 0.26554 0.011006 0.0281216 0.0699046 0.381724 0.0282893 4.12022e-08 0.00405925 1.40981e-06 
0.000370425 0.0035216 0.0043476 5.42136e-07 6.12316e-06 5.46708e-07 6.63008e-07 0.0291568 0.414165 0.0141943 0.00103258 0.0584567 4.94322e-07 0.00192236 0.0441583 8.5564e-06 9.60945e-06 0.0129437 0.0715259 0.000110576 0.000832491 0.0011066 0.0375812 1.19476e-06 0.303916 0.000630064 
0.0199189 5.19041e-05 0.00369849 0.0262265 1.67111e-11 2.45291e-11 7.65502e-06 0.00387217 0.0299013 0.195614 0.000175988 0.0116902 5.93224e-12 1.59944e-11 0.00653294 0.000343801 2.8817e-06 0.271175 0.128467 0.0228804 0.0229032 0.0190896 0.203463 1.0762e-05 0.0339439 3.03486e-05 
7.15212e-07 0.000523603 9.61393e-05 2.42863e-07 5.2544e-07 0.000665333 5.44544e-11 0.00206568 0.00343594 0.00856843 5.94312e-05 0.152228 2.81613e-11 0.000950954 1.54078e-07 6.35241e-06 0.000429194 0.00435152 0.0340687 0.00822799 0.000194316 0.0237691 3.19944e-07 7.77405e-07 0.00376248 0.756594 
2.13664e-05 0.000109975 0.611903 5.79357e-11 3.26288e-08 0.000176021 0.000156168 0.0289085 0.00126273 2.73029e-07 0.00644783 0.000286019 2.53045e-11 6.82257e-11 0.0262896 5.70164e-08 4.08808e-06 5.12682e-05 0.00035553 0.000108943 1.4123e-07 6.2118e-06 0.0149434 8.15971e-09 0.308939 3.01328e-05 
7.01099e-09 0.000537649 0.00854759 1.9999e-11 3.17446e-07 3.53993e-07 0.00230865 0.80231 9.21022e-07 1.10086e-06 0.00132876 2.83823e-06 8.73494e-12 2.3551e-11 0.00480244 7.37305e-07 5.14187e-07 1.06783e-07 1.67647e-07 1.81392e-05 0.000644089 3.11409e-07 3.40201e-07 8.73459e-08 0.179494 2.46524e-07 
0.00188519 4.18281e-07 7.79336e-08 1.45764e-05 1.03581e-05 9.16525e-08 0.000590517 0.000443488 0.0139598 0.00314257 0.000164873 0.831486 6.44664e-08 4.04825e-06 0.000421952 0.000492874 0.00625952 0.0413038 0.0165944 0.036267 0.0384121 0.000288885 0.00549622 1.14837e-07 0.00276095 1.99497e-07 
7.15212e-07 0.000523603 9.61393e-05 2.42863e-07 5.2544e-07 0.000665333 5.44544e-11 0.00206568 0.00343594 0.00856843 5.94312e-05 0.152228 2.81613e-11 0.000950954 1.54078e-07 6.35241e-06 0.000429194 0.00435152 0.0340687 0.00822799 0.000194316 0.0237691 3.19944e-07 7.77405e-07 0.00376248 0.756594 
4.64315e-05 0.000384947 0.0130695 5.62321e-07 0.00135022 6.09697e-08 1.31596e-05 0.00303904 0.0153972 0.000900542 0.0536283 0.0025294 3.19229e-10 1.63853e-07 0.00392679 5.44127e-08 2.04918e-05 0.00236061 0.00792112 0.000106731 0.000551584 0.00127195 0.00308657 3.2553e-06 0.890084 0.000307621 
0.00658133 5.64984e-11 4.16405e-06 4.94494e-11 2.06922e-07 2.32282e-07 4.17632e-11 0.00186415 0.0453542 0.0414451 1.60378e-05 0.00608452 2.1598e-11 5.82321e-11 1.2763e-05 0.0014441 0.000109879 7.24244e-07 0.043978 0.0031996 0.00140005 2.72869e-06 0.5543 5.27159e-08 0.294202 4.48169e-11 
2.58756e-08 0.00162983 0.0058845 1.68115e-12 1.79977e-08 0.000129235 0.000445817 0.0819551 0.0148714 1.50909e-07 0.0659753 0.00180276 7.34277e-13 1.97975e-12 1.74583e-06 3.14891e-08 1.09374e-08 0.000763407 0.00532367 0.000400098 7.80559e-08 3.91745e-08 9.93818e-07 4.47783e-09 0.820371 0.00044483 
0.000908769 0.000195426 0.000228064 1.01577e-12 1.68115e-06 2.66053e-07 2.41149e-05 0.00221905 0.000112738 0.000934184 0.0339401 0.000484496 4.43657e-13 1.19618e-12 0.859237 2.62642e-05 2.23014e-05 0.000582808 0.00201321 0.00884168 0.00161789 0.00899151 0.0459255 2.42636e-06 0.0333435 0.000346752 
2.50196e-07 0.00229879 0.00557807 0.0219691 0.00199202 2.31786e-10 0.00720112 3.65111e-07 0.481414 0.0099666 0.0158193 0.00096032 5.60561e-11 1.51138e-10 0.00482135 1.08771e-10 0.00025095 0.00605664 0.0277052 0.00101704 0.00493994 5.12092e-07 0.0591431 0.245808 0.103057 6.77595e-08 
0.000407492 0.000174213 0.00047014 8.02605e-06 0.000199723 0.00177669 0.000214731 4.86341e-06 0.833397 0.0418176 1.24589e-05 0.00456582 3.50553e-06 0.000317669 0.000149184 0.000777884 6.67527e-05 0.0940985 0.0112167 0.000524631 0.000352149 0.000881705 0.00598226 8.54768e-06 0.00253432 3.70286e-05 
7.15212e-07 0.000523603 9.61393e-05 2.42863e-07 5.2544e-07 0.000665333 5.44544e-11 0.00206568 0.00343594 0.00856843 5.94312e-05 0.152228 2.81613e-11 0.000950954 1.54078e-07 6.35241e-06 0.000429194 0.00435152 0.0340687 0.00822799 0.000194316 0.0237691 3.19944e-07 7.77405e-07 0.00376248 0.756594 
0.000908769 0.000195426 0.000228064 1.01577e-12 1.68115e-06 2.66053e-07 2.41149e-05 0.00221905 0.000112738 0.000934184 0.0339401 0.000484496 4.43657e-13 1.19618e-12 0.859237 2.62642e-05 2.23014e-05 0.000582808 0.00201321 0.00884168 0.00161789 0.00899151 0.0459255 2.42636e-06 0.0333435 0.000346752 
3.80166e-05 0.000214711 0.00187673 1.79639e-11 6.85172e-09 7.28783e-05 2.49278e-06 0.00279695 0.000374879 0.00134817 0.0386883 0.000681168 7.84608e-12 2.11545e-11 0.245243 3.15168e-06 1.01794e-05 0.00160424 0.00744138 0.00265643 0.000298706 0.0036665 0.0182796 1.4235e-07 0.673862 0.000840381 
0.000683826 0.000522797 0.000299307 1.85886e-05 7.04104e-05 0.000786311 6.87533e-11 0.00220681 0.00611237 0.00921742 6.23655e-05 0.148094 3.55559e-11 0.00127076 9.49489e-05 0.0148592 0.0004686 0.00692835 0.0349483 0.00849233 0.000371663 0.0312836 0.000851375 0.000299653 0.0215535 0.710503 
0.0772469 0.000314129 0.00265189 0.000224153 1.89483e-05 4.70711e-05 1.86832e-06 0.000190756 0.0600884 0.0350289 0.00358183 0.00236335 1.23768e-08 3.33703e-08 0.00149961 0.000701112 0.000247507 0.0724342 0.420128 0.0104468 0.00635724 0.00584217 0.0896135 0.202543 0.00839721 3.19289e-05 
0.00627031 0.0023419 0.00171254 6.08307e-06 0.000499925 1.54934e-05 0.000389303 6.14077e-05 0.0204055 0.52981 0.000475413 0.000800635 1.13322e-07 3.05538e-07 0.113328 0.0133905 9.43787e-05 0.0758788 0.0962375 0.0378389 0.0110723 0.0498178 0.0347336 1.86611e-05 0.00474136 5.92362e-05 
0.0241032 1.36247e-05 0.0148249 1.16052e-10 6.44255e-08 5.81079e-06 0.000222416 0.0008555 0.00782565 0.00169279 0.190208 0.000113505 5.06879e-11 8.1035e-07 0.160947 0.00288981 1.38656e-05 0.00170658 0.0059449 0.00606813 0.00271631 0.0165709 0.028141 1.55028e-08 0.531256 0.00387834 
1.09784e-05 0.000373377 8.06989e-05 3.43611e-12 8.77272e-11 6.20559e-12 1.42163e-06 0.976446 6.28427e-05 3.29081e-05 8.32035e-05 1.12752e-05 1.50079e-12 4.0464e-12 0.000323239 1.179e-06 1.74238e-05 1.93384e-05 0.000131783 2.26686e-08 4.42081e-05 9.18996e-06 0.000104884 2.34672e-06 0.0221386 0.000105026 
0.0110303 0.000131013 0.00044986 2.8099e-07 0.170129 9.43158e-06 5.66968e-05 0.00114094 0.000857874 0.0719014 0.000358751 0.00256216 6.36817e-08 0.675153 1.2325e-06 2.01824e-05 0.00159516 0.0290794 0.0180261 0.0118389 0.000271147 0.00136689 9.19733e-07 1.1338e-07 0.00401887 1.97161e-07 
0.0605429 0.000283768 0.00035869 7.51045e-07 8.30307e-06 0.000105644 3.76024e-05 3.13765e-05 0.00164219 0.555113 0.00640895 0.00427538 5.24281e-10 0.000289771 0.00478847 0.0331569 0.00014715 0.00748172 0.213423 0.00132842 0.00873643 0.0882275 0.00260499 1.61041e-05 0.00845271 0.00253864 
0.00540331 0.000218457 0.00206156 5.13381e-08 5.5454e-05 1.05491e-05 1.60847e-05 0.00226132 0.00129722 0.00125323 0.0277582 0.000730113 1.42248e-12 3.83527e-12 0.757844 0.000277864 4.46741e-05 0.0110688 0.00660969 0.0125643 0.0062812 0.0197451 0.0594217 9.65943e-06 0.0844162 0.000651001 
0.000150554 3.268e-06 0.000273738 1.40445e-09 2.77352e-05 3.7847e-07 0.000217593 0.00010097 7.66296e-06 0.0107902 5.93347e-05 0.00248551 6.42302e-13 1.45574e-10 0.00238389 1.48985e-05 0.000490253 0.00152907 0.00213425 0.959112 0.00246815 0.000671342 0.00998899 1.54451e-07 0.00693758 0.000152981 
2.58756e-08 0.00162983 0.0058845 1.68115e-12 1.79977e-08 0.000129235 0.000445817 0.0819551 0.0148714 1.50909e-07 0.0659753 0.00180276 7.34277e-13 1.97975e-12 1.74583e-06 3.14891e-08 1.09374e-08 0.000763407 0.00532367 0.000400098 7.80559e-08 3.91745e-08 9.93818e-07 4.47783e-09 0.820371 0.00044483 
0.00826802 0.000180364 1.26594e-05 4.13678e-12 3.08769e-09 5.98844e-09 2.47001e-06 0.00182105 0.000105152 0.00161102 0.000691041 0.000439508 1.80682e-12 4.87152e-12 0.78527 5.67056e-06 3.71532e-06 0.00121339 0.00821703 0.0126499 0.0126764 0.00531019 0.139318 4.63931e-07 0.0221716 3.29568e-05 
4.8096e-05 3.99986e-06 0.00105357 3.50082e-06 2.2473e-05 2.66147e-05 2.95667e-06 0.000178045 0.00029126 0.00189408 0.0196137 9.11206e-05 1.52905e-06 4.12261e-06 0.839619 6.80353e-05 4.70442e-06 8.95485e-05 0.00467469 6.02712e-05 0.000889997 0.000526394 0.120642 8.28636e-06 0.0101792 3.17286e-06 
0.00961923 6.5916e-05 0.00244974 0.000119285 0.000421076 0.00832758 8.84459e-06 4.07288e-05 0.00280756 0.0339543 0.000526426 0.639534 3.8038e-08 5.38991e-08 0.0017065 0.0228494 1.54934e-05 0.0262966 0.0105323 0.177961 0.00876996 0.018957 0.0136333 1.4121e-06 0.012835 0.00856708 
0.00961923 6.5916e-05 0.00244974 0.000119285 0.000421076 0.00832758 8.84459e-06 4.07288e-05 0.00280756 0.0339543 0.000526426 0.639534 3.8038e-08 5.38991e-08 0.0017065 0.0228494 1.54934e-05 0.0262966 0.0105323 0.177961 0.00876996 0.018957 0.0136333 1.4121e-06 0.012835 0.00856708 
0.00217038 6.63617e-05 0.000527709 1.08585e-06 0.00300841 2.2001e-05 0.000140999 0.00546453 0.000571959 0.0521735 5.35246e-08 0.00350299 4.61152e-09 0.88538 0.00153243 9.79322e-06 0.000791882 0.0067717 0.00527101 0.012983 0.000236782 0.000683071 0.000992583 3.89015e-05 0.0175983 6.07709e-05 
0.0166378 0.000734233 0.0112283 5.03362e-10 8.7641e-07 1.30842e-07 5.84101e-06 0.00255458 0.0192985 0.0190524 0.0383254 0.00100058 2.19853e-10 4.28677e-08 0.0354588 0.000702872 2.07897e-08 0.00144445 0.0150757 6.87799e-05 0.0243125 0.0581827 0.0724777 1.2294e-05 0.512737 0.170688 
0.00434102 0.00013068 0.00240662 2.68983e-07 0.0111162 9.3491e-06 5.64855e-05 0.0004881 0.00156424 0.238833 1.82715e-05 0.00255681 1.75575e-08 0.587872 0.00277213 0.000549504 0.00158551 0.0102699 0.0638081 0.0312609 0.000270749 0.00620025 0.00773427 1.94327e-05 0.0261362 5.43584e-08 
0.0171349 0.00559897 0.0021613 0.0890452 3.31795e-07 3.29172e-07 1.96199e-07 0.0212215 0.0658808 0.0156852 0.00109858 0.0290783 5.5703e-11 1.50186e-10 0.0170501 0.00485034 6.5275e-07 0.0900451 0.0769375 0.0308909 0.0229776 0.00385802 0.00851376 0.173428 0.324524 1.81699e-05 
0.0022879 2.17765e-06 9.19123e-06 3.1608e-10 3.88899e-10 5.70839e-10 0.889464 4.74055e-05 9.41036e-08 0.0306605 0.000850487 7.52281e-05 1.38054e-10 4.18768e-06 0.00838287 1.51871e-06 7.37081e-05 0.00113344 0.00805964 0.00637705 0.0344853 0.0072185 0.0074376 1.54764e-07 0.00342937 2.8647e-10 
0.00900564 8.56509e-05 0.105379 1.08475e-06 9.85843e-09 1.0712e-10 0.00016905 7.9109e-05 0.0119276 0.0178439 0.00016321 0.0260732 2.59063e-11 7.55819e-05 0.0283604 0.000458302 4.35655e-05 0.00442463 0.106665 0.000846761 0.38806 0.00144967 0.26168 1.41406e-05 0.0193959 0.0177979 
1.09372e-06 4.73125e-10 0.0135757 4.14096e-10 5.09494e-10 7.47854e-10 1.60611e-07 2.50923e-10 0.815349 0.00740337 0.0675279 0.00178685 1.80864e-10 4.87644e-10 3.38012e-07 1.21628e-05 0.0003556 2.32413e-06 0.0554666 2.66381e-07 5.12201e-07 0.00139612 0.0296708 4.41009e-10 0.00745025 8.25566e-07 
0.0229487 7.75129e-07 0.00125863 7.4093e-07 1.43621e-08 1.33542e-05 0.000343058 0.00136979 0.0140818 0.0274678 0.0724177 0.0800743 5.09838e-09 1.4394e-05 0.000454582 0.000151058 3.7668e-06 0.00200327 0.0261172 0.0027768 0.044018 1.09302e-05 0.00903185 6.71209e-06 0.695431 3.99522e-06 
0.0142811 8.73662e-07 0.00184736 0.0275181 1.5455e-06 0.00592696 2.94352e-05 0.000126337 4.74626e-06 0.0451918 1.35442e-05 0.00466096 2.67081e-12 7.20099e-12 0.0545087 9.18052e-05 1.67211e-05 0.0646172 0.00430336 0.240026 0.311006 0.040899 0.138939 5.70156e-06 0.0447051 0.00127839 
0.0116953 5.93985e-06 0.0143189 2.44626e-06 0.0377126 5.03201e-07 0.000164673 0.00477373 0.718608 0.00786421 0.00207281 0.0129447 3.92144e-08 1.05729e-07 0.00343327 3.88142e-05 3.49714e-05 0.00163762 0.0198404 0.000137437 0.00616805 0.000856395 0.0126651 4.42849e-05 0.144978 1.88207e-06 
0.00522956 6.97956e-09 0.00199328 2.08698e-09 5.45486e-06 2.31465e-06 1.83685e-08 0.000187234 7.32677e-05 0.112628 0.0604546 0.000876291 7.02187e-13 1.89323e-12 0.186192 0.0197434 1.01612e-06 0.0043864 0.166483 0.0139123 0.00648733 0.114376 0.270302 1.09226e-06 0.0366648 2.11291e-08 
1.68296e-06 6.11157e-05 0.0173053 9.17136e-10 3.33109e-08 6.40981e-08 0.00338469 3.65545e-06 0.00471436 0.00214942 0.0584755 0.000330543 4.00577e-10 1.08003e-09 0.003118 1.06185e-06 3.68738e-06 0.00139004 0.00150269 0.000345832 0.00371985 7.03076e-08 0.00207953 8.98148e-09 0.901352 6.10618e-05 
0.000286511 2.71999e-10 9.49679e-05 2.38063e-10 1.22163e-07 1.37224e-07 1.26127e-06 9.14568e-07 0.000742191 0.0411215 0.0102049 0.000875254 1.03979e-10 2.80346e-10 0.0513339 0.000142904 4.7238e-06 0.000536364 0.495857 0.000980775 0.000554737 0.0143204 0.219358 3.12795e-08 0.163583 2.15761e-10 
0.00163182 0.000130985 0.0051487 8.44265e-11 1.20211e-06 2.05754e-07 0.00021915 0.00148109 0.00599094 0.000623235 0.0226295 0.00747184 3.68749e-11 9.94216e-11 0.572845 1.79654e-05 1.499e-05 0.000388978 0.0302932 0.00589755 0.0837087 0.0159602 0.156153 1.71842e-06 0.0891576 0.000232013 
0.000908769 0.000195426 0.000228064 1.01577e-12 1.68115e-06 2.66053e-07 2.41149e-05 0.00221905 0.000112738 0.000934184 0.0339401 0.000484496 4.43657e-13 1.19618e-12 0.859237 2.62642e-05 2.23014e-05 0.000582808 0.00201321 0.00884168 0.00161789 0.00899151 0.0459255 2.42636e-06 0.0333435 0.000346752 
0.166466 1.50545e-05 0.000154928 1.34226e-08 1.23355e-07 7.5253e-05 7.72192e-05 0.000294519 0.00622847 0.000736938 0.00304231 9.38027e-06 1.22325e-10 3.2981e-10 0.147513 0.00314447 1.10091e-05 0.00580273 0.0327733 0.0177536 0.459538 0.0542566 0.0635039 3.32943e-07 0.0356578 0.00294471 
0.403238 7.35662e-11 0.00555351 6.43878e-11 1.2397e-08 0.000224799 5.43797e-11 9.82365e-09 3.2181e-07 3.4229e-07 0.00011288 0.000130911 2.81226e-11 7.58238e-11 0.221748 0.00233782 1.30758e-09 0.121658 0.0820026 0.0296621 0.0407256 0.0162772 0.0696502 6.85725e-11 0.00667821 5.83559e-11 
0.0205579 3.8766e-06 0.00295049 5.71047e-09 0.0013612 1.03131e-08 0.42871 3.46028e-09 0.329711 0.00749753 2.29914e-06 0.00144508 2.49416e-09 6.72471e-09 0.0214682 3.05994e-05 3.61175e-06 0.0205908 0.0121385 0.00034782 0.00367862 0.00800953 0.043622 0.00141579 0.0964116 4.3736e-05 
0.148339 2.1981e-07 4.03259e-08 3.22372e-10 0.000407785 0.0272716 3.98751e-05 2.97864e-06 0.000142686 0.0293612 4.23044e-06 1.27775e-07 1.40802e-10 3.79548e-06 0.0298846 2.52451e-07 1.45589e-05 0.00605063 0.143297 0.00482029 0.000183823 0.605989 0.00394877 1.09265e-06 0.000236519 1.18338e-08 
0.00024697 7.18693e-08 0.00141858 6.29026e-08 1.01978e-05 1.13602e-07 0.0001063 0.0001831 0.00352378 4.74559e-05 2.83282e-05 0.00209715 2.74739e-08 7.40748e-08 0.00300343 5.33102e-08 7.00808e-05 0.000997973 0.00142443 0.960131 3.21859e-06 0.0013511 0.00121582 1.29494e-05 0.0241256 1.81109e-06 
0.000908769 0.000195426 0.000228064 1.01577e-12 1.68115e-06 2.66053e-07 2.41149e-05 0.00221905 0.000112738 0.000934184 0.0339401 0.000484496 4.43657e-13 1.19618e-12 0.859237 2.62642e-05 2.23014e-05 0.000582808 0.00201321 0.00884168 0.00161789 0.00899151 0.0459255 2.42636e-06 0.0333435 0.000346752 
0.000252321 0.00364212 0.00933636 2.37403e-06 8.81919e-06 2.39723e-05 0.000543102 0.000381269 0.740245 0.00423019 0.000748567 0.000185631 1.2087e-07 4.07858e-06 0.00332976 2.89789e-06 0.000145381 0.00240752 0.00696296 0.00694836 7.1151e-05 0.00236621 0.151138 5.87606e-06 0.0668174 0.000201184 
0.00721231 1.41398e-06 0.00172577 1.09083e-09 5.00123e-05 1.95654e-06 0.00013091 0.000572179 0.00677447 0.0077868 0.00117493 0.00741169 5.58415e-12 1.50559e-11 0.00934154 0.00733261 0.00023093 0.00494994 0.00532722 0.850636 0.0209035 0.0211914 0.0107468 0.000587688 0.0356715 0.000238202 
2.58756e-08 0.00162983 0.0058845 1.68115e-12 1.79977e-08 0.000129235 0.000445817 0.0819551 0.0148714 1.50909e-07 0.0659753 0.00180276 7.34277e-13 1.97975e-12 1.74583e-06 3.14891e-08 1.09374e-08 0.000763407 0.00532367 0.000400098 7.80559e-08 3.91745e-08 9.93818e-07 4.47783e-09 0.820371 0.00044483 
0.0214987 0.00397414 0.000284727 2.6357e-08 1.22253e-07 1.13926e-05 2.30947e-07 7.27841e-06 0.00212994 0.0212359 0.00829899 0.166608 6.55387e-11 1.76705e-10 0.370797 0.00257645 0.000322055 0.0254999 0.161591 0.00754787 0.00861873 0.122529 0.0240908 9.06503e-05 0.0522143 7.3239e-05 
0.000258623 2.70757e-07 0.00823618 1.68763e-11 4.34684e-06 5.01333e-07 1.48779e-05 0.000559592 0.00110499 0.00373593 0.0331018 0.000335219 7.37106e-12 1.98738e-11 0.459544 0.00222618 2.54439e-06 0.0177981 0.0276267 0.0253624 0.0124276 0.0154507 0.319786 3.09733e-07 0.072423 8.86782e-08 
0.00729025 7.24381e-05 0.00089816 0.00185071 3.60339e-05 0.000412351 2.04316e-05 0.0178598 0.00762963 0.0054274 1.32311e-05 0.00537805 1.54822e-07 0.254349 0.0014455 2.15586e-07 5.01918e-05 0.0312521 0.252521 0.00241664 0.0030121 0.00392747 0.00244631 0.361646 0.0293723 0.0106712 
0.00826802 0.000180364 1.26594e-05 4.13678e-12 3.08769e-09 5.98844e-09 2.47001e-06 0.00182105 0.000105152 0.00161102 0.000691041 0.000439508 1.80682e-12 4.87152e-12 0.78527 5.67056e-06 3.71532e-06 0.00121339 0.00821703 0.0126499 0.0126764 0.00531019 0.139318 4.63931e-07 0.0221716 3.29568e-05 
0.000908769 0.000195426 0.000228064 1.01577e-12 1.68115e-06 2.66053e-07 2.41149e-05 0.00221905 0.000112738 0.000934184 0.0339401 0.000484496 4.43657e-13 1.19618e-12 0.859237 2.62642e-05 2.23014e-05 0.000582808 0.00201321 0.00884168 0.00161789 0.00899151 0.0459255 2.42636e-06 0.0333435 0.000346752 
0.000908769 0.000195426 0.000228064 1.01577e-12 1.68115e-06 2.66053e-07 2.41149e-05 0.00221905 0.000112738 0.000934184 0.0339401 0.000484496 4.43657e-13 1.19618e-12 0.859237 2.62642e-05 2.23014e-05 0.000582808 0.00201321 0.00884168 0.00161789 0.00899151 0.0459255 2.42636e-06 0.0333435 0.000346752 
0.0939427 3.02864e-07 0.014692 0.0243468 0.000914762 1.05209e-05 4.31461e-06 2.9818e-05 0.00320788 2.2373e-05 4.00735e-05 1.97641e-05 1.15778e-07 3.12158e-07 0.015126 2.24654e-07 1.96051e-06 0.00513489 0.000110986 1.71135e-05 0.00457388 0.00588327 0.00212451 2.70027e-05 0.829752 1.69199e-05 
0.00373892 0.000175324 0.000152983 4.29605e-08 5.28576e-08 1.00198e-05 1.98067e-05 0.00144332 0.000689305 0.00036314 0.014952 0.000192041 1.87638e-08 7.82655e-07 0.00390664 5.61082e-06 8.27614e-06 4.46521e-07 0.000724244 1.14344e-06 0.00410218 0.00374873 0.00436908 4.57526e-08 0.183754 0.777642 
0.00586127 0.0520749 0.00030633 1.46507e-08 2.22737e-05 1.1972e-06 2.45388e-05 1.73395e-05 0.128643 0.176998 0.000317712 0.0130579 6.39899e-09 1.72529e-08 0.0242981 0.0064347 2.31837e-05 0.00114962 0.157434 2.01927e-06 0.00856486 0.00152398 0.242899 6.0743e-05 0.178888 0.00139773 
0.0260384 0.000874903 2.20168e-08 4.96889e-09 0.00539178 5.24387e-10 2.94482e-06 1.17855e-06 0.000143577 0.753886 0.0164924 0.0167236 1.2682e-10 3.8648e-05 0.00904428 0.000403683 3.75098e-05 0.00730723 0.00081746 0.153787 0.00770133 2.025e-05 6.02181e-07 1.88639e-06 0.000935741 0.00034997 
0.0976841 3.50597e-08 4.71651e-07 8.06121e-10 1.95053e-07 2.4456e-08 3.40874e-05 1.99055e-07 9.93599e-09 0.00346227 4.72683e-06 5.99773e-05 3.52089e-10 9.49297e-10 0.635888 0.000836277 1.14489e-07 0.120175 0.00325524 0.00662716 0.0462292 0.069322 0.00580446 4.72865e-08 0.00843093 0.00218517 
0.104908 8.24279e-08 0.00216625 2.03824e-10 1.81051e-06 1.25131e-05 0.00016525 0.000879991 0.00494109 0.00503213 0.0819584 0.00114325 8.90242e-11 2.40026e-10 0.0868591 0.0159377 4.14505e-05 0.00238587 0.177312 0.0186357 0.010892 0.0440687 0.0796815 1.46471e-07 0.334781 0.0281966 
0.000601358 1.17121e-06 0.0339535 8.58122e-10 1.59341e-07 2.98977e-05 0.00343805 0.00156631 0.218006 0.00735906 0.0037503 0.0109749 3.74802e-10 2.45801e-06 0.159141 0.0653424 6.70155e-06 0.0229922 0.0314517 3.34517e-06 0.0042528 0.0661932 0.144528 9.87772e-08 0.22627 0.000136645 
0.00111384 0.00335899 0.000499371 3.76998e-07 0.000124577 0.84031 0.000251198 2.28443e-07 0.0883893 7.30814e-05 0.00523065 0.00677185 1.64661e-07 0.00413708 0.00388735 3.19507e-07 3.1882e-06 0.000315809 0.0367387 0.00108641 1.85371e-05 5.96335e-06 0.0022095 4.015e-07 0.00543614 3.65885e-05 
0.0241032 1.36247e-05 0.0148249 1.16052e-10 6.44255e-08 5.81079e-06 0.000222416 0.0008555 0.00782565 0.00169279 0.190208 0.000113505 5.06879e-11 8.1035e-07 0.160947 0.00288981 1.38656e-05 0.00170658 0.0059449 0.00606813 0.00271631 0.0165709 0.028141 1.55028e-08 0.531256 0.00387834 
1.0968e-05 0.00426948 0.000159958 2.11973e-12 4.93559e-11 3.82822e-12 1.2925e-05 0.958813 3.98542e-05 3.28998e-05 0.000245031 4.93899e-06 9.25834e-13 2.49622e-12 0.000869945 1.17319e-06 1.74154e-05 1.93303e-05 0.000189772 1.2657e-08 4.17307e-05 9.18028e-06 0.000200236 2.69067e-05 0.0344076 0.000627923 
0.00729025 7.24381e-05 0.00089816 0.00185071 3.60339e-05 0.000412351 2.04316e-05 0.0178598 0.00762963 0.0054274 1.32311e-05 0.00537805 1.54822e-07 0.254349 0.0014455 2.15586e-07 5.01918e-05 0.0312521 0.252521 0.00241664 0.0030121 0.00392747 0.00244631 0.361646 0.0293723 0.0106712 
6.53586e-05 5.58345e-10 0.00110989 5.42378e-13 2.26959e-09 2.54775e-09 2.56567e-09 9.7058e-05 1.82883e-08 0.0228065 1.75909e-07 9.01734e-09 2.36894e-13 6.38711e-13 0.139289 0.000119878 4.81883e-10 7.94377e-09 0.0184681 0.000563234 0.00204115 0.000882943 0.808599 5.78207e-10 0.00595796 1.57351e-09 
0.000908769 0.000195426 0.000228064 1.01577e-12 1.68115e-06 2.66053e-07 2.41149e-05 0.00221905 0.000112738 0.000934184 0.0339401 0.000484496 4.43657e-13 1.19618e-12 0.859237 2.62642e-05 2.23014e-05 0.000582808 0.00201321 0.00884168 0.00161789 0.00899151 0.0459255 2.42636e-06 0.0333435 0.000346752 
0.00107959 3.13308e-05 0.00168964 2.47915e-06 0.000120161 0.000954735 0.000433146 0.000255143 9.5358e-05 0.0757762 0.00706641 0.00605356 2.433e-13 6.55983e-13 0.0195563 0.00307191 0.000350859 0.0072748 0.0266553 0.685743 0.00608245 0.0652397 0.0239897 3.91407e-06 0.0676051 0.000869633 
0.0803165 9.29716e-06 0.000329249 5.72237e-09 2.65891e-08 5.46995e-06 0.000250583 7.54323e-05 7.27033e-09 0.0234443 0.000881798 1.48719e-05 8.26701e-12 3.74014e-09 0.389651 0.00350188 1.66917e-06 0.00068708 0.182341 0.00697423 0.116877 0.130311 0.0422606 4.44852e-05 0.0220226 5.78007e-08 
0.0948558 0.000986932 0.000857024 0.0187964 3.95275e-06 1.51231e-10 3.9693e-05 0.00180489 0.0177264 0.513241 0.016711 0.00645482 3.65744e-11 1.82899e-05 0.0401535 0.0076286 0.000157773 0.00410989 0.130487 0.00491709 0.0143271 0.00794883 0.0774279 9.88009e-05 0.0402679 0.000979447 
0.0778929 1.32383e-08 0.000470869 3.96137e-09 1.84256e-08 1.02144e-08 3.483e-08 4.15893e-08 0.000137603 0.0871381 0.00509226 0.00113091 3.29872e-12 8.89397e-12 0.239879 0.0224899 3.18087e-06 0.00807586 0.163544 0.0132316 0.00683663 0.185542 0.136438 1.249e-08 0.0519433 0.000152476 
1.11566e-06 7.81816e-07 3.36386e-08 1.25011e-07 2.9647e-08 1.17582e-11 5.49865e-12 3.94514e-12 0.000195637 0.880344 0.00026384 0.0305785 2.84364e-12 7.66699e-12 4.92172e-08 3.05134e-06 2.48523e-08 0.0139522 0.0283837 0.00393043 0.0157399 3.51442e-07 0.0254622 4.36897e-08 0.00114424 5.13421e-08 
0.0504131 0.00942509 0.00084867 2.69432e-06 8.18431e-08 5.61122e-05 1.87498e-07 0.00370126 0.0963445 0.0165633 0.0371643 0.0103585 1.18368e-09 3.19141e-09 0.0249737 4.69023e-06 0.000114874 0.0130182 0.171789 0.00137587 0.00047148 0.000376235 0.0334466 0.000525459 0.523748 0.00527735 
0.00217038 6.63617e-05 0.000527709 1.08585e-06 0.00300841 2.2001e-05 0.000140999 0.00546453 0.000571959 0.0521735 5.35246e-08 0.00350299 4.61152e-09 0.88538 0.00153243 9.79322e-06 0.000791882 0.0067717 0.00527101 0.012983 0.000236782 0.000683071 0.000992583 3.89015e-05 0.0175983 6.07709e-05 
0.000908769 0.000195426 0.000228064 1.01577e-12 1.68115e-06 2.66053e-07 2.41149e-05 0.00221905 0.000112738 0.000934184 0.0339401 0.000484496 4.43657e-13 1.19618e-12 0.859237 2.62642e-05 2.23014e-05 0.000582808 0.00201321 0.00884168 0.00161789 0.00899151 0.0459255 2.42636e-06 0.0333435 0.000346752 
0.2559 0.0177517 0.0029626 0.108822 1.16042e-07 4.60226e-11 2.15223e-11 6.79588e-08 0.0156951 0.185733 2.151e-07 0.0136078 1.11303e-11 3.00094e-11 1.0153e-06 0.0704768 3.90069e-05 0.0783046 0.0217161 1.7208e-07 0.0567972 0.0829489 0.0602963 0.000239579 0.0287075 2.00958e-07 
0.0105086 6.47714e-06 0.00122099 9.86727e-07 3.50139e-07 1.02244e-07 0.000103974 0.0085034 0.00240228 0.0193162 6.58997e-05 0.00277699 3.94746e-11 1.16591e-07 0.693297 3.49339e-08 0.00420383 0.0020695 0.00110027 0.168236 0.0515301 2.57709e-07 0.0196471 2.19975e-08 0.0113989 0.00361063 
0.000339209 1.53891e-06 2.58892e-06 0.0107359 7.92012e-07 8.02236e-09 3.75163e-09 7.71674e-06 0.691055 0.0036342 1.45073e-07 0.000380903 1.94016e-09 3.38367e-06 2.04156e-08 0.00195323 0.00119876 7.29451e-07 0.013865 9.64801e-06 5.95485e-06 6.17115e-07 0.0149111 1.27842e-05 0.261881 4.02594e-09 
3.83902e-06 3.8916e-07 0.00125831 1.16466e-07 2.87486e-05 3.00291e-07 0.000808883 1.22252e-06 0.0275146 0.0283746 0.0111505 0.275263 1.06877e-10 2.8816e-10 0.00398215 0.0212741 0.000445597 0.0232462 0.137757 0.156316 0.000174904 0.0363296 0.0306 2.85994e-05 0.245426 1.54689e-05 
0.00434102 0.00013068 0.00240662 2.68983e-07 0.0111162 9.3491e-06 5.64855e-05 0.0004881 0.00156424 0.238833 1.82715e-05 0.00255681 1.75575e-08 0.587872 0.00277213 0.000549504 0.00158551 0.0102699 0.0638081 0.0312609 0.000270749 0.00620025 0.00773427 1.94327e-05 0.0261362 5.43584e-08 
1.30368e-05 0.000400799 0.000124443 3.70066e-13 1.45321e-11 6.68336e-13 3.504e-06 0.989682 1.48527e-05 4.25433e-05 0.000556512 1.12615e-05 1.61633e-13 1.29732e-09 0.000416666 1.16874e-06 1.74086e-05 2.34233e-05 0.000131736 1.11797e-05 4.17201e-05 9.17292e-06 0.000112299 2.32939e-06 0.00835615 2.75697e-05 
2.58756e-08 0.00162983 0.0058845 1.68115e-12 1.79977e-08 0.000129235 0.000445817 0.0819551 0.0148714 1.50909e-07 0.0659753 0.00180276 7.34277e-13 1.97975e-12 1.74583e-06 3.14891e-08 1.09374e-08 0.000763407 0.00532367 0.000400098 7.80559e-08 3.91745e-08 9.93818e-07 4.47783e-09 0.820371 0.00044483 
0.0350013 1.65729e-11 8.45919e-05 1.45052e-11 0.000127831 4.97433e-08 0.00199605 0.000116671 0.00283418 0.039108 0.000821713 0.000504091 6.33541e-12 0.00332347 0.30777 4.14944e-05 1.42653e-05 0.00492645 0.239267 0.0920895 0.049724 0.0116445 0.195154 1.54479e-11 0.0154502 7.19527e-08 
0.000908769 0.000195426 0.000228064 1.01577e-12 1.68115e-06 2.66053e-07 2.41149e-05 0.00221905 0.000112738 0.000934184 0.0339401 0.000484496 4.43657e-13 1.19618e-12 0.859237 2.62642e-05 2.23014e-05 0.000582808 0.00201321 0.00884168 0.00161789 0.00899151 0.0459255 2.42636e-06 0.0333435 0.000346752 
0.00910365 5.57601e-05 0.0078714 3.65666e-07 9.4371e-07 2.28711e-06 7.75462e-06 0.000668886 0.303408 0.0358996 0.0579169 0.0867142 2.09021e-07 2.41123e-06 0.0144816 0.000855639 2.48255e-05 0.00222889 0.0571756 0.000870847 0.00296416 0.000365683 0.0415523 7.98768e-06 0.377647 0.000173529 
1.53451e-05 0.000391739 0.000223919 6.2194e-13 2.41277e-11 1.12322e-12 1.80751e-05 0.983014 3.14209e-06 4.60515e-05 0.000135499 6.90873e-06 2.71644e-13 7.32403e-13 0.00043137 1.63677e-06 2.43728e-05 2.70543e-05 0.000141349 6.69439e-09 5.84094e-05 1.2843e-05 0.000110002 3.26206e-06 0.0152967 3.86174e-05 
0.00826802 0.000180364 1.26594e-05 4.13678e-12 3.08769e-09 5.98844e-09 2.47001e-06 0.00182105 0.000105152 0.00161102 0.000691041 0.000439508 1.80682e-12 4.87152e-12 0.78527 5.67056e-06 3.71532e-06 0.00121339 0.00821703 0.0126499 0.0126764 0.00531019 0.139318 4.63931e-07 0.0221716 3.29568e-05 
0.00827637 5.38867e-10 0.0031315 4.71635e-10 1.6691e-07 5.3274e-07 3.98327e-10 1.4364e-07 0.263531 0.0170774 0.000233107 5.28263e-05 2.05996e-10 5.55403e-10 0.0932163 0.000137912 8.47222e-08 0.00231185 0.141542 1.0001e-07 0.030129 0.00025356 0.322574 1.03339e-07 0.117531 1.16001e-06 
0.00163999 4.72492e-06 3.40109e-06 3.65396e-05 6.06324e-07 1.00644e-08 4.7066e-09 0.00190793 0.437643 0.00554349 0.00129218 0.0295532 2.43403e-09 1.95525e-06 0.000292828 4.54686e-06 0.00135723 2.02334e-06 0.126925 2.66412e-06 8.3629e-07 1.90924e-06 0.000484586 0.363087 0.0302147 5.05074e-09 
0.00362507 8.95307e-11 0.0220903 7.83604e-11 2.50128e-05 0.000111687 0.0104096 0.00117654 0.000106148 0.00205962 0.107405 0.0192953 3.42254e-11 1.97756e-07 0.0356536 3.16949e-06 0.000281371 0.00042516 0.00423905 0.00386318 0.00122078 0.000506842 0.0427245 1.74345e-07 0.744778 7.10196e-11 
0.00259381 1.00273e-09 0.0194309 8.77621e-10 1.87927e-05 8.10096e-05 0.00745005 0.000844 7.65886e-05 0.00147721 0.0767342 0.0137971 3.83318e-10 7.81658e-07 0.0254846 2.83076e-06 0.000201965 0.000305056 0.00303757 0.00281953 0.00087848 0.000365317 0.0305352 3.27001e-07 0.813865 7.95406e-10 
0.00105787 0.000105413 0.5449 0.000632603 0.00268143 0.000401977 7.21635e-08 0.000456039 0.258986 0.000125894 0.00165907 0.0123306 3.73195e-08 1.0062e-07 0.00116281 0.000377201 5.19063e-05 0.0512604 0.0133963 0.003946 0.00562354 0.00106106 0.000634971 8.47173e-05 0.0987092 0.000354406 
0.000167488 6.18765e-07 0.00302177 1.53244e-12 1.64056e-08 3.18298e-08 0.00034833 1.86292e-06 0.0485745 0.010826 1.60366e-06 0.00232878 6.69321e-13 1.80461e-12 0.323691 0.000200953 1.59617e-05 1.73925e-07 0.0677391 0.000702914 0.00632539 0.000699931 0.365261 4.08171e-09 0.170093 2.02638e-07 
0.0157443 0.0459241 0.00013558 1.35431e-06 0.000608575 2.44588e-06 0.000334975 0.0224052 0.12542 0.0522378 0.000930595 0.00420116 5.91522e-07 1.59485e-06 0.000947357 1.14778e-06 4.36438e-05 0.669409 0.0199467 0.000144783 0.000664097 3.50903e-05 0.000219561 0.000184468 0.0396438 0.000812257 
0.0101106 0.00038117 0.000726805 4.90146e-11 0.00336828 0.00102992 1.50945e-06 0.107414 0.00233054 0.00585251 0.0120358 0.0450046 2.14081e-11 5.77202e-11 0.0367727 2.39999e-05 2.78624e-06 0.0191691 0.0884395 0.00136392 0.00157163 0.00301661 0.0389696 2.27036e-09 0.62201 0.000404706 
0.0121476 0.0565447 0.000930325 3.68247e-07 2.27911e-06 2.48436e-06 0.00619578 8.7962e-07 0.804401 0.0113215 6.06776e-05 0.0350751 3.1656e-09 8.53505e-09 0.00133713 0.00129261 0.000164435 0.000140371 0.0234909 0.00177808 0.00291962 0.000282737 0.00134164 4.10952e-07 0.0405676 2.18797e-06 
0.000909965 0.00066356 0.0069744 2.11462e-07 0.000175504 0.000867415 3.07973e-05 0.0244181 0.00244412 0.0198332 0.0103514 0.00333386 1.08934e-09 2.93706e-09 0.183775 7.42621e-05 6.31575e-05 0.00526346 0.00239103 0.248993 0.00440635 0.00320963 0.0626731 1.5857e-06 0.416907 0.00224025 
0.00729025 7.24381e-05 0.00089816 0.00185071 3.60339e-05 0.000412351 2.04316e-05 0.0178598 0.00762963 0.0054274 1.32311e-05 0.00537805 1.54822e-07 0.254349 0.0014455 2.15586e-07 5.01918e-05 0.0312521 0.252521 0.00241664 0.0030121 0.00392747 0.00244631 0.361646 0.0293723 0.0106712 
0.0022879 2.17765e-06 9.19123e-06 3.1608e-10 3.88899e-10 5.70839e-10 0.889464 4.74055e-05 9.41036e-08 0.0306605 0.000850487 7.52281e-05 1.38054e-10 4.18768e-06 0.00838287 1.51871e-06 7.37081e-05 0.00113344 0.00805964 0.00637705 0.0344853 0.0072185 0.0074376 1.54764e-07 0.00342937 2.8647e-10 
1.53451e-05 0.000391739 0.000223919 6.2194e-13 2.41277e-11 1.12322e-12 1.80751e-05 0.983014 3.14209e-06 4.60515e-05 0.000135499 6.90873e-06 2.71644e-13 7.32403e-13 0.00043137 1.63677e-06 2.43728e-05 2.70543e-05 0.000141349 6.69439e-09 5.84094e-05 1.2843e-05 0.000110002 3.26206e-06 0.0152967 3.86174e-05 
0.00961923 6.5916e-05 0.00244974 0.000119285 0.000421076 0.00832758 8.84459e-06 4.07288e-05 0.00280756 0.0339543 0.000526426 0.639534 3.8038e-08 5.38991e-08 0.0017065 0.0228494 1.54934e-05 0.0262966 0.0105323 0.177961 0.00876996 0.018957 0.0136333 1.4121e-06 0.012835 0.00856708 
0.0103193 0.012101 0.000394803 1.35499e-05 0.0596044 7.9149e-06 0.00842581 0.000274215 0.430054 0.0728641 8.67034e-06 0.236247 3.02764e-06 5.47465e-05 0.0105368 0.0037647 0.000191718 0.0236146 0.0181859 0.00339414 0.00307442 0.00143576 0.0332141 1.65678e-05 0.0717811 0.000417942 
0.0100565 0.000644167 0.000188891 0.000327209 0.000590839 1.74329e-05 0.000273157 0.000335893 0.00505674 0.0515999 0.00341931 0.00965316 5.15512e-06 0.000851207 0.0269114 0.000974811 0.0178327 0.0320838 0.420715 0.319273 0.00276433 0.0629355 0.0132416 0.0118768 0.00830773 6.30864e-05 
0.131695 0.000281516 1.01832e-07 6.7451e-05 0.000428944 1.19363e-07 3.56009e-07 0.00259011 0.00486884 0.0209552 9.76973e-07 0.0267783 8.41779e-08 5.293e-06 0.0290452 9.15647e-07 0.0166832 0.321623 0.178186 0.0628018 0.000354647 0.0194684 0.0166729 0.152898 0.014593 2.60614e-07 
0.189472 0.0313721 0.000313117 0.00238278 0.000256857 3.26316e-06 2.1243e-05 0.0239809 0.00120212 0.18787 0.00525302 0.00475946 1.4228e-07 2.32071e-07 0.0448892 0.0182527 0.000148453 0.0977232 0.0277567 0.0365342 0.0111804 0.270991 0.030053 0.000148334 0.0133972 0.00203844 
0.000150871 0.000600862 4.21104e-05 7.50047e-13 2.551e-09 4.94912e-09 8.20525e-06 0.00492457 0.000350398 0.00115737 0.0023027 0.000591587 3.27597e-13 8.83264e-13 0.852957 4.46263e-09 1.23698e-05 0.000692983 0.00251576 0.0011449 0.000702548 0.00114665 0.065658 1.53477e-06 0.06493 0.000109733 
7.15212e-07 0.000523603 9.61393e-05 2.42863e-07 5.2544e-07 0.000665333 5.44544e-11 0.00206568 0.00343594 0.00856843 5.94312e-05 0.152228 2.81613e-11 0.000950954 1.54078e-07 6.35241e-06 0.000429194 0.00435152 0.0340687 0.00822799 0.000194316 0.0237691 3.19944e-07 7.77405e-07 0.00376248 0.756594 
0.000908769 0.000195426 0.000228064 1.01577e-12 1.68115e-06 2.66053e-07 2.41149e-05 0.00221905 0.000112738 0.000934184 0.0339401 0.000484496 4.43657e-13 1.19618e-12 0.859237 2.62642e-05 2.23014e-05 0.000582808 0.00201321 0.00884168 0.00161789 0.00899151 0.0459255 2.42636e-06 0.0333435 0.000346752 
0.000908769 0.000195426 0.000228064 1.01577e-12 1.68115e-06 2.66053e-07 2.41149e-05 0.00221905 0.000112738 0.000934184 0.0339401 0.000484496 4.43657e-13 1.19618e-12 0.859237 2.62642e-05 2.23014e-05 0.000582808 0.00201321 0.00884168 0.00161789 0.00899151 0.0459255 2.42636e-06 0.0333435 0.000346752 
0.000908769 0.000195426 0.000228064 1.01577e-12 1.68115e-06 2.66053e-07 2.41149e-05 0.00221905 0.000112738 0.000934184 0.0339401 0.000484496 4.43657e-13 1.19618e-12 0.859237 2.62642e-05 2.23014e-05 0.000582808 0.00201321 0.00884168 0.00161789 0.00899151 0.0459255 2.42636e-06 0.0333435 0.000346752 
0.00961923 6.5916e-05 0.00244974 0.000119285 0.000421076 0.00832758 8.84459e-06 4.07288e-05 0.00280756 0.0339543 0.000526426 0.639534 3.8038e-08 5.38991e-08 0.0017065 0.0228494 1.54934e-05 0.0262966 0.0105323 0.177961 0.00876996 0.018957 0.0136333 1.4121e-06 0.012835 0.00856708 
0.00142781 0.000448685 0.00921104 0.00100551 4.37272e-06 1.78964e-05 3.3065e-05 0.00923704 0.374491 0.0624752 0.0203688 0.0181303 2.427e-06 2.42772e-06 0.0957312 1.3012e-05 0.000127433 0.00967797 0.0164599 0.0055147 0.00697423 7.30297e-05 0.211791 1.59797e-05 0.156742 2.47523e-05 
0.00374212 3.07623e-06 0.0567392 1.06057e-06 2.54301e-07 0.00170117 1.10143e-06 0.0110792 0.532416 0.00370427 3.80144e-06 0.000344858 2.24393e-09 6.05004e-09 0.00853122 6.41148e-07 0.000175243 0.00916547 0.0314279 7.56822e-06 0.0475252 0.00216187 0.0272472 9.35604e-07 0.262741 0.00127974 
