0.000562887 2.12799e-05 1.1996e-05 0.964854 1.18374e-11 1.73754e-11 2.66652e-07 4.41926e-05 0.000548005 0.00273148 3.8639e-05 0.000759449 7.57635e-07 1.13297e-11 0.00168518 3.5159e-07 6.72434e-06 0.000344091 0.00576437 0.000141058 0.000114984 0.000505623 0.0203322 4.74389e-05 0.00120465 0.000280156 
0.00321317 6.82165e-05 0.00852148 1.10658e-06 7.59492e-05 5.20722e-05 0.000151776 0.000688397 0.104673 0.0316571 5.03989e-07 0.367144 0.008403 6.16341e-08 0.0511036 0.00164251 0.143338 0.0263389 0.0455227 0.0977313 0.00480144 0.00233812 0.0208622 0.00219677 0.0787448 0.000730454 
6.37397e-08 0.000903966 0.00315502 6.36684e-08 0.000273746 0.000451576 6.36827e-08 6.37048e-08 0.00421346 0.0687682 0.00620268 6.37263e-08 0.00290573 6.36518e-08 0.0064196 0.0029422 0.70255 0.0134177 0.0169441 6.3736e-08 0.0254071 0.00984086 0.101958 0.0030495 0.0305578 3.82699e-05 
0.00308886 0.029641 0.000668524 2.75677e-08 1.50176e-05 0.00311647 5.54625e-08 0.00216529 0.0181825 0.00701917 0.0460018 6.74183e-05 6.78045e-08 1.57047e-11 0.689363 0.000944425 3.99254e-05 0.00208232 0.0157999 0.00241081 0.00321776 0.00821648 0.0758521 9.28601e-08 0.0920295 7.79018e-05 
0.00713965 1.73524e-09 0.00608945 2.16785e-06 8.01784e-06 8.32258e-05 0.00151814 0.000621833 0.00145607 0.000919743 6.27253e-05 0.0478734 0.000167742 1.35674e-11 0.0337026 1.03141e-05 0.389911 0.00426989 0.00288995 0.0113238 0.436057 0.00023854 4.27774e-05 1.2593e-05 0.0555032 9.6347e-05 
0.0858535 1.1913e-06 0.00105161 7.60882e-08 1.87864e-06 1.27762e-07 0.000145426 1.30645e-06 1.90749e-06 0.00946355 7.72195e-06 0.00506191 0.0950666 4.78008e-09 0.174609 0.00129778 7.84627e-06 0.0714433 3.64729e-05 0.0663384 0.0461068 0.0350611 0.407414 1.02283e-05 0.00100433 1.37596e-05 
5.68111e-05 1.2114e-07 0.000105942 1.73026e-08 5.36798e-06 0.98603 1.01696e-06 5.35825e-06 2.817e-05 0.000160991 0.000118791 0.000325415 9.83109e-07 1.68877e-12 6.94256e-06 5.05003e-07 2.30765e-06 0.000166202 0.000149123 0.00420967 0.000176421 3.39355e-06 0.000318785 4.71953e-06 0.00810672 1.57668e-05 
0.00135361 0.0520269 0.00322801 4.02432e-08 5.5179e-05 5.95025e-05 0.00504197 0.0316313 0.0223567 0.0128534 0.0612488 0.0118893 0.000968562 7.1892e-11 0.132591 0.000196862 0.0002507 0.00412277 0.00784494 0.00357189 0.00796135 0.00485498 0.0573656 6.54549e-05 0.57391 0.00455106 
0.00623229 0.00543526 0.0644981 1.84654e-07 3.65811e-07 2.50704e-05 0.000385574 9.67836e-05 0.0533298 0.0264072 0.0141789 0.00603797 0.00183399 2.05621e-09 0.0225613 5.94439e-05 1.92863e-05 0.00849805 0.00861807 0.00186125 0.00330609 0.0044642 0.296815 3.40676e-05 0.466826 0.00847589 
0.0190649 0.00578306 0.0194625 4.51091e-06 0.000176529 2.88147e-05 0.000655425 4.22701e-05 0.0108972 0.0123879 0.00361972 0.00286524 0.00512823 7.01182e-08 0.467849 0.00121103 5.33188e-05 0.0406806 0.0188969 0.10652 0.045492 0.0163053 0.172286 3.34084e-06 0.0497553 0.000830333 
0.00112599 0.000472824 0.00804218 1.01917e-07 2.63296e-06 0.000530043 0.0227086 0.000554176 0.0195377 0.0669343 0.0944019 0.0219995 0.00303654 6.06598e-09 0.0500389 0.0121642 5.80687e-06 0.0215463 0.141373 0.00585724 0.0150966 0.0232859 0.401045 7.44568e-06 0.0890151 0.00121718 
0.00093441 5.80015e-05 0.0015797 3.1611e-07 2.31401e-06 4.32026e-06 0.000215476 0.000345471 0.0156775 0.107315 0.00181911 0.669328 0.00137347 1.69823e-10 0.0224098 1.61537e-08 0.0358728 0.00539251 0.00838963 0.0141188 0.00891994 0.00128361 0.0157672 7.50018e-06 0.089075 0.000109736 
5.24146e-05 1.47918e-05 0.000315481 4.35861e-06 1.31931e-07 0.000336835 0.001313 0.00024115 0.0630696 0.040848 0.000933977 0.0575751 0.0472682 1.26345e-10 0.0113398 0.000247118 2.89506e-05 0.0125335 0.294347 0.0333478 0.00254044 0.00214385 0.426576 5.29241e-05 0.00487021 3.37029e-08 
0.00339854 5.30387e-07 5.09688e-09 0.0588917 3.12419e-07 6.9854e-06 2.00224e-08 1.44625e-06 0.000107896 0.0473014 3.50712e-09 0.0346063 0.00279407 5.20279e-10 0.0131767 0.000136599 0.80212 0.0234796 0.00386808 0.00015386 8.49655e-05 0.00133974 0.00847538 8.41609e-06 4.77038e-05 1.47389e-08 
0.00118385 0.189304 3.21711e-05 0.000378538 1.74952e-06 4.94122e-06 1.26877e-06 0.00246411 0.00554949 0.00153851 0.00155225 0.00142673 1.05312e-05 6.66063e-11 0.000438699 4.84859e-07 0.00340019 0.0032701 0.0130944 0.000246946 0.00019932 0.000392326 0.00276305 0.770754 0.00198981 2.8035e-06 
0.0308056 0.000860442 0.00071117 0.000183714 2.32305e-05 0.000118077 5.55152e-05 0.000253591 0.342978 0.219595 0.00356378 0.00742408 0.00496779 3.46856e-06 0.00813655 5.81477e-05 0.000217334 0.00144341 0.163748 0.000945261 0.00373669 0.00523932 0.0831138 0.0536087 0.0681963 1.29176e-05 
6.02358e-05 3.21627e-05 0.00204411 2.87046e-11 8.68263e-10 1.54902e-06 0.9076 5.61587e-05 0.000617389 0.0201645 0.0217136 0.0127127 7.4208e-06 6.37722e-13 0.000924263 2.0428e-08 0.000374699 0.00132332 0.00510542 0.00689377 6.42897e-05 0.000539956 0.0121869 6.09298e-07 0.00604126 0.00153539 
0.00140436 1.31158e-05 0.000578922 3.86058e-10 9.8289e-05 0.000278776 0.000361937 0.000118809 8.93163e-05 0.00656566 0.00231061 0.00344732 4.56384e-09 3.37005e-13 0.0431684 0.000365394 0.000693337 0.00244052 0.00126596 0.893591 0.00448592 0.0100104 0.0164815 1.07807e-06 0.0112706 0.000959075 
0.000562887 2.12799e-05 1.1996e-05 0.964854 1.18374e-11 1.73754e-11 2.66652e-07 4.41926e-05 0.000548005 0.00273148 3.8639e-05 0.000759449 7.57635e-07 1.13297e-11 0.00168518 3.5159e-07 6.72434e-06 0.000344091 0.00576437 0.000141058 0.000114984 0.000505623 0.0203322 4.74389e-05 0.00120465 0.000280156 
0.00968853 4.20678e-05 0.0611451 1.60516e-08 0.00147445 4.02176e-06 0.0568183 0.000330257 0.0478677 0.023303 0.0195654 0.00196228 0.0472118 1.83051e-10 0.202832 0.000147168 0.0265431 0.0290997 0.0125798 0.00756624 0.117036 0.0118145 0.0357182 1.26646e-05 0.28703 0.000207413 
0.00164604 4.03789e-07 0.00123671 2.14439e-06 3.22719e-05 0.137121 3.59532e-05 0.00207027 0.060616 0.235617 0.00558832 0.0241545 0.000175089 1.2111e-09 0.00361397 0.00101389 0.0721921 0.27523 0.0128004 0.00720742 0.00843608 0.00127475 0.14396 1.15003e-06 0.00484561 0.0011291 
0.00542593 0.00323795 0.0212558 0.0605632 0.350033 1.82265e-05 0.000879007 0.157209 0.0630244 0.0293246 0.00910134 0.0493624 0.000736357 1.27047e-09 0.0247386 0.000361113 0.000530967 0.00306731 0.080906 0.0127899 0.0100451 0.00112886 0.0471728 5.37195e-05 0.06892 0.000114561 
0.0619156 0.000600816 6.83308e-06 8.93308e-06 7.55999e-05 0.00135396 2.83493e-06 7.66053e-06 0.189614 0.098733 0.00417017 0.119557 0.0165474 1.40175e-09 0.0147279 0.000460702 0.0235464 0.254999 0.0323911 0.0302408 0.00680904 0.0325554 0.0576455 0.000329685 0.0531902 0.000511356 
0.0253261 0.000119013 0.00820647 6.64371e-06 0.000155522 1.35568e-05 0.00208779 3.48491e-05 0.0483814 0.0132363 0.000644228 0.00552538 0.0330556 3.42295e-07 0.209727 0.000258896 0.429005 0.0418499 0.0133133 0.000580808 0.0643236 0.00638799 0.0703552 1.28162e-05 0.0272022 0.000189589 
0.00241473 8.03403e-05 0.00771937 1.19031e-05 0.000323002 7.49352e-05 0.000233199 0.000826836 0.0183921 0.0919544 0.000239849 0.00018263 0.000486888 1.84208e-08 0.115789 0.000417715 0.0798129 0.000728807 0.0185061 0.0021364 0.0178616 0.00280367 0.578246 0.000170297 0.0570473 0.00354072 
0.0325315 0.00284434 0.000631027 9.55685e-07 0.000204558 0.000577512 0.00248975 0.00044271 0.0323907 0.254598 0.000121372 0.428342 0.0154641 2.9537e-07 0.0263863 0.00133704 0.013084 0.081928 0.0024435 0.00990072 0.00565404 0.00266502 0.077986 0.00103569 0.00685189 8.94431e-05 
0.0248928 7.63277e-05 0.0103379 0.00556168 2.66986e-06 2.69003e-05 0.00437331 0.0819544 0.0305956 0.0764098 0.0415504 0.0328479 0.000335337 4.79184e-07 0.165832 0.00264651 3.54694e-06 0.0275718 0.149386 0.0374186 0.0270357 0.0662496 0.0530045 1.47848e-05 0.145363 0.0165084 
0.0540134 2.6378e-05 0.000665417 4.07294e-07 1.84335e-06 0.000670361 2.78522e-05 5.47162e-05 3.03038e-05 0.00841778 0.00274328 2.75662e-05 2.08275e-06 1.8473e-08 0.0199905 0.0101112 3.74273e-06 0.000474219 0.0963559 0.00178353 0.0248842 0.750421 0.0261667 5.92304e-05 0.00297931 8.88466e-05 
0.00214706 0.0145239 0.00294356 0.0284541 0.000101097 7.53116e-05 0.000126691 0.017413 0.605961 0.00717913 0.019181 0.036147 9.87094e-05 1.53487e-09 0.0141488 6.40916e-05 0.000381738 0.00340139 0.0103635 0.0110802 0.0001457 0.00319352 0.115877 0.000376709 0.106615 1.73595e-06 
0.129108 0.000697458 0.000857557 0.00261651 5.72824e-05 0.00014862 3.97307e-05 0.00106587 0.0381035 0.0691108 3.62582e-05 0.0100857 0.000533443 7.91255e-06 0.0121673 0.0036682 0.000382631 0.00917087 0.213666 0.0105981 0.00680573 0.00869244 0.0211091 0.425971 0.0352694 3.02822e-05 
0.0181771 2.52334e-05 0.00116351 0.145543 2.85416e-05 1.7346e-05 4.03232e-05 0.00220197 0.158497 0.195148 0.00449312 0.0340817 0.00232428 8.64651e-08 0.0470936 0.00108366 3.70273e-05 0.0028045 0.253164 0.00903278 0.00363092 0.00226602 0.0835982 0.000102516 0.0352443 0.000200935 
0.0968203 0.0390527 0.00610714 2.4947e-05 0.0582105 0.000231737 0.000499649 0.000133563 0.124039 0.024017 0.00125998 0.00501561 0.00269001 2.6898e-08 0.274537 0.0059345 0.00814946 0.0174309 0.0447864 0.00435435 0.00426676 0.000968897 0.198533 0.000196018 0.0788959 0.00384527 
0.0147059 0.0381564 0.00143928 2.2897e-09 9.17436e-05 0.000529474 0.688725 7.30695e-05 0.00381711 0.0372382 0.049796 0.0107795 5.69585e-06 2.34685e-11 0.00252544 0.0013199 5.12598e-05 0.0152783 0.0121294 0.0213398 0.00152322 0.0102494 0.0232148 2.96828e-06 0.0662573 0.000751207 
1.69768e-05 0.00295492 0.0034533 0.0605024 1.73242e-05 1.46911e-06 0.081551 0.00477614 0.191474 0.0865818 0.00375185 0.110488 0.00399155 7.43705e-11 0.0120162 4.96736e-05 0.000548058 0.0219021 0.0523768 0.0237383 0.000529652 0.00165002 0.25183 6.77199e-06 0.0857659 2.55568e-05 
0.00489429 0.00395633 0.00446883 0.000114982 9.22241e-05 1.00552e-05 0.00124101 0.00190777 0.237729 0.0384942 0.020801 0.00410448 0.00172279 6.5159e-07 0.184323 0.000808911 2.66056e-05 0.010623 0.0936495 0.00495904 0.0212309 0.00263036 0.265794 6.30668e-05 0.076893 0.0194623 
0.00093441 5.80015e-05 0.0015797 3.1611e-07 2.31401e-06 4.32026e-06 0.000215476 0.000345471 0.0156775 0.107315 0.00181911 0.669328 0.00137347 1.69823e-10 0.0224098 1.61537e-08 0.0358728 0.00539251 0.00838963 0.0141188 0.00891994 0.00128361 0.0157672 7.50018e-06 0.089075 0.000109736 
0.0238459 2.60167e-06 0.0390942 5.09329e-08 0.000449636 0.000493933 0.000693081 0.000273362 0.00475484 0.0241458 0.0188034 0.00011688 0.0545923 7.87159e-10 0.121335 0.00194243 1.48692e-08 0.300966 0.00838851 0.000265109 0.122326 0.00465004 0.222781 5.55195e-08 0.0500674 1.15764e-05 
0.00103885 7.94707e-06 0.00991078 7.73849e-08 8.78517e-08 9.7796e-05 0.000147557 0.000628647 0.00270101 0.00443048 0.000289321 0.000445051 0.000213727 7.9894e-11 0.0265261 5.487e-06 2.27757e-05 0.000531414 0.00157065 0.00169178 0.00196302 0.000537453 0.00785711 2.22284e-07 0.939357 2.57612e-05 
0.012765 0.0135001 0.0015075 1.13788e-07 0.000192887 4.42681e-05 0.0234141 0.000864512 0.0444963 0.182839 0.00356984 0.262463 0.00354818 1.80466e-10 0.104897 1.9072e-05 0.000159883 0.0351402 0.103189 0.0166069 0.0420891 0.00636841 0.1254 3.81429e-05 0.0168866 1.0656e-07 
0.00713965 1.73524e-09 0.00608945 2.16785e-06 8.01784e-06 8.32258e-05 0.00151814 0.000621833 0.00145607 0.000919743 6.27253e-05 0.0478734 0.000167742 1.35674e-11 0.0337026 1.03141e-05 0.389911 0.00426989 0.00288995 0.0113238 0.436057 0.00023854 4.27774e-05 1.2593e-05 0.0555032 9.6347e-05 
0.0106955 0.00213925 0.00187862 0.00111181 0.00014375 5.49035e-06 5.95937e-05 0.000853907 0.00706401 0.0221428 0.2702 0.00234861 0.00617237 1.90076e-06 0.00660237 6.9195e-06 4.12578e-06 0.00906827 0.0140526 0.00136996 0.447716 0.00131027 0.0410851 5.66416e-06 0.153121 0.000839901 
1.69768e-05 0.00295492 0.0034533 0.0605024 1.73242e-05 1.46911e-06 0.081551 0.00477614 0.191474 0.0865818 0.00375185 0.110488 0.00399155 7.43705e-11 0.0120162 4.96736e-05 0.000548058 0.0219021 0.0523768 0.0237383 0.000529652 0.00165002 0.25183 6.77199e-06 0.0857659 2.55568e-05 
0.000465355 9.18024e-06 0.000262309 1.40675e-09 2.51068e-05 2.40964e-05 0.000229959 6.48509e-05 3.83942e-06 0.00712888 5.58522e-05 0.00268905 2.45463e-05 2.65244e-10 0.0101475 9.14394e-06 0.00042832 0.00214279 0.00158756 0.950533 0.00322861 0.000905762 0.0160751 7.44795e-08 0.00386604 9.31226e-05 
0.0565136 4.07231e-08 0.00392204 2.00419e-08 5.8989e-06 2.52055e-05 0.00315726 0.00466512 0.012385 0.00273208 5.38982e-05 0.0838397 0.0133459 1.48487e-10 0.0394086 8.33425e-05 0.356556 0.0200856 0.000659011 0.0143773 0.35788 0.00378406 0.00167858 3.05049e-06 0.0246022 0.000236404 
5.46669e-07 0.00395922 0.0183582 7.30993e-08 1.14399e-07 1.84575e-06 0.000211774 0.000998057 0.675583 0.0319042 0.00103366 0.000841242 0.108782 3.61834e-09 0.00241607 0.000102368 3.41756e-05 0.0013736 0.00852117 0.00259155 0.0237824 2.5687e-07 0.011326 0.000998456 0.10718 2.35495e-07 
0.00339854 5.30387e-07 5.09688e-09 0.0588917 3.12419e-07 6.9854e-06 2.00224e-08 1.44625e-06 0.000107896 0.0473014 3.50712e-09 0.0346063 0.00279407 5.20279e-10 0.0131767 0.000136599 0.80212 0.0234796 0.00386808 0.00015386 8.49655e-05 0.00133974 0.00847538 8.41609e-06 4.77038e-05 1.47389e-08 
0.000303445 2.6582e-05 0.12399 3.20752e-07 4.90344e-06 0.000962301 0.000126961 0.0040392 0.00129475 0.00681269 0.000169767 0.562302 1.76795e-08 7.12782e-11 0.0110695 0.000197575 0.000221129 0.00262166 0.000245457 0.108356 0.00440011 2.00266e-05 0.00462279 6.28486e-06 0.0337173 0.134489 
1.80563e-06 0.0043044 0.00467876 0.000202459 1.74127e-06 0.000142463 0.000152303 0.000572511 0.84619 0.00776826 0.0117499 0.000344038 0.00022917 8.28453e-08 0.00825044 1.99825e-05 0.000172423 0.00324977 0.00954185 0.00138391 0.000594715 0.000218821 0.0595612 0.000386363 0.0401964 8.66776e-05 
0.00246487 0.00264742 0.00208887 0.0056913 1.07589e-05 8.38665e-05 0.000234161 0.0052366 0.586158 0.0115132 9.69341e-05 0.0578119 6.02947e-05 1.07184e-06 0.0209901 3.92821e-05 0.000520489 0.00184299 0.00166399 0.0752089 0.00044134 0.00223549 0.0561415 1.92258e-06 0.166809 5.38648e-06 
0.0383726 0.000323922 0.0476062 1.19176e-05 8.14993e-06 4.16198e-05 0.0162408 0.00240206 0.498297 0.0235564 0.0106189 0.00322319 0.00730346 3.20777e-08 0.0120187 8.03503e-05 0.000296639 0.0128592 0.023767 0.00464538 0.046247 0.000199503 0.0636735 7.33337e-07 0.187797 0.000408529 
1.53351e-05 2.27245e-05 0.000133556 3.78512e-09 9.87256e-08 2.96123e-07 0.91676 6.44377e-06 0.0238778 0.0123328 0.0147049 0.00822718 5.0604e-07 1.80911e-10 0.00019039 2.32017e-06 0.000208725 0.000886143 0.00420987 0.00271995 1.59164e-05 0.00582978 0.00837718 1.67769e-07 0.00147211 5.66498e-06 
0.0121856 1.04581e-05 0.044758 1.27956e-07 7.20564e-06 5.89493e-07 0.000636132 0.00310236 0.00533257 0.00895324 0.00389035 0.000538574 0.00186391 1.09973e-08 0.428581 0.000967419 0.000171011 0.00894171 0.0171265 0.119325 0.0279811 0.0136778 0.2009 7.78488e-08 0.100998 5.12465e-05 
0.00281061 1.46438e-05 0.00192345 1.24337e-07 5.38918e-05 0.00169724 0.000187995 0.00120109 0.208121 0.0899866 0.00687199 0.0129246 9.63709e-05 2.13809e-10 0.0107525 0.00153401 0.000106012 0.030654 0.0753383 0.259125 0.0524956 0.00198121 0.111801 0.000242418 0.12998 0.000100896 
0.0161728 7.74824e-05 0.0137451 8.44857e-05 4.30732e-06 0.00128765 0.000988024 0.00625183 0.097339 0.0770615 0.0220343 0.0460671 0.000879179 3.89868e-06 0.0140299 0.00153799 0.0330346 0.213656 0.0502328 0.0306564 0.0180693 0.00939957 0.272353 9.8198e-06 0.0749306 9.33017e-05 
8.73363e-05 0.000554045 0.0399681 9.49728e-06 0.000129773 0.00370114 0.0147391 2.90723e-05 0.580553 0.0152155 0.00509238 0.0395125 0.0886645 2.53709e-07 0.0012359 0.00189452 2.41263e-05 0.00735254 0.00915952 0.00129646 0.0387601 0.00238487 0.0228402 8.713e-06 0.126043 0.000743678 
0.0347621 0.00403326 0.00927674 6.89006e-08 9.85706e-08 2.43501e-05 8.50498e-05 0.000282115 0.217844 0.0121037 4.36813e-08 0.503528 0.000789731 1.97693e-10 0.0283044 0.00331344 0.0003525 0.0392838 0.02374 0.0134756 0.0163639 0.00255275 0.0802269 7.18588e-07 0.00965625 1.30518e-07 
0.000892811 2.34043e-05 1.55878e-05 0.96094 1.18043e-11 1.73268e-11 6.87659e-07 7.51687e-05 0.00060539 0.00328782 4.53368e-05 0.000788391 1.42265e-06 1.12981e-11 0.00183629 1.65692e-06 7.43128e-06 0.000409029 0.00700693 0.000169189 0.000173293 0.000736396 0.0208846 5.63769e-05 0.00130537 0.000736946 
0.0442702 0.000924287 0.00840164 0.00322825 1.52125e-05 5.75907e-08 4.1022e-06 0.000175465 0.0176487 0.166055 4.6789e-05 0.00101866 2.15723e-06 3.75524e-08 0.000471251 0.000276526 0.000291222 0.00944347 0.558891 0.00113797 0.000358763 0.00173973 0.000466559 0.174044 0.0110543 3.4213e-05 
0.0293357 0.000675906 0.00185397 2.14597e-06 4.32149e-07 5.1163e-09 0.000117675 0.000789894 0.00677304 0.0374738 0.0774116 0.000931113 4.73489e-05 2.22856e-11 0.135289 0.000336844 3.2372e-05 0.00404098 0.222536 0.0503594 0.00535114 0.0377495 0.141752 3.73676e-05 0.245477 0.0016256 
0.000562887 2.12799e-05 1.1996e-05 0.964854 1.18374e-11 1.73754e-11 2.66652e-07 4.41926e-05 0.000548005 0.00273148 3.8639e-05 0.000759449 7.57635e-07 1.13297e-11 0.00168518 3.5159e-07 6.72434e-06 0.000344091 0.00576437 0.000141058 0.000114984 0.000505623 0.0203322 4.74389e-05 0.00120465 0.000280156 
0.000465355 9.18024e-06 0.000262309 1.40675e-09 2.51068e-05 2.40964e-05 0.000229959 6.48509e-05 3.83942e-06 0.00712888 5.58522e-05 0.00268905 2.45463e-05 2.65244e-10 0.0101475 9.14394e-06 0.00042832 0.00214279 0.00158756 0.950533 0.00322861 0.000905762 0.0160751 7.44795e-08 0.00386604 9.31226e-05 
0.0147059 0.0381564 0.00143928 2.2897e-09 9.17436e-05 0.000529474 0.688725 7.30695e-05 0.00381711 0.0372382 0.049796 0.0107795 5.69585e-06 2.34685e-11 0.00252544 0.0013199 5.12598e-05 0.0152783 0.0121294 0.0213398 0.00152322 0.0102494 0.0232148 2.96828e-06 0.0662573 0.000751207 
0.00522841 2.38314e-06 0.000309218 1.40554e-09 8.72226e-06 0.00141143 9.16981e-05 0.000395069 0.000115688 0.0270232 0.000143087 0.0020159 2.95363e-05 3.28457e-12 0.0972069 1.98443e-05 0.000654554 0.0185535 0.00383241 0.714569 0.0567855 0.0232225 0.0311196 1.98623e-07 0.0165523 0.000708944 
0.0448758 0.00396184 0.00486747 0.0371476 0.000729801 0.00241857 2.39113e-05 0.00106014 0.0143997 0.46636 6.06606e-05 0.137114 0.00175724 5.5939e-09 0.0158849 0.00916265 0.0130647 0.133403 0.0442085 0.00104787 0.00161103 0.0149832 0.0265792 0.0123232 0.0128704 8.50304e-05 
0.0760925 0.000108036 0.00140676 0.0049052 1.79236e-05 0.000207441 0.000808958 0.000925444 0.127515 0.0189 9.19138e-08 0.0281913 0.00922271 2.09903e-09 0.023891 0.0136296 0.000104631 0.153534 0.218634 0.00747697 0.160592 0.00624414 0.124109 0.000158843 0.023205 0.000119209 
0.00341935 0.00227098 0.0068721 5.18988e-08 1.74573e-07 2.63487e-05 0.000550967 0.0169027 0.467897 0.015999 0.0146728 0.000327793 0.0068784 1.34891e-09 0.0252099 0.00022328 2.80707e-05 0.00143925 0.00512765 0.0110165 0.000383009 0.00146622 0.161954 5.81685e-05 0.257272 4.50255e-06 
0.000928679 4.88218e-05 0.0188609 0.0406593 0.00133237 0.00102738 0.000878966 0.0045953 0.00572375 0.0031906 0.000196697 0.00601801 2.42496e-05 3.38463e-10 0.00363914 2.10906e-05 5.02464e-05 0.00887989 0.0014127 0.0491501 0.000844177 0.00167257 0.109907 7.20793e-05 0.740801 6.59998e-05 
0.016226 5.30888e-05 0.000759413 8.4868e-07 5.66516e-09 6.34536e-09 0.000187122 0.000752278 0.00311129 0.443271 0.000115074 0.000855573 0.0129891 4.04987e-12 0.015614 0.00345535 2.70915e-06 0.0203091 0.214319 0.00202955 0.0394066 0.0950775 0.128482 5.53783e-05 0.00290847 1.95985e-05 
0.000504446 0.00142752 0.00665628 6.52861e-07 1.78322e-05 1.25057e-06 0.000342226 0.00396417 0.34217 0.0760969 0.0202488 0.00323093 0.0013752 2.823e-09 0.0014215 6.87931e-05 0.000108195 0.00993625 0.058268 9.38569e-05 0.0145433 0.000699289 0.0795951 4.99983e-05 0.379012 0.00016829 
0.00103885 7.94707e-06 0.00991078 7.73849e-08 8.78517e-08 9.7796e-05 0.000147557 0.000628647 0.00270101 0.00443048 0.000289321 0.000445051 0.000213727 7.9894e-11 0.0265261 5.487e-06 2.27757e-05 0.000531414 0.00157065 0.00169178 0.00196302 0.000537453 0.00785711 2.22284e-07 0.939357 2.57612e-05 
0.0713953 9.77179e-05 0.0143726 4.97547e-07 0.000107026 0.000543324 6.7952e-06 0.00614152 0.0153329 0.0115194 0.0034476 0.00317438 0.00073657 9.48569e-09 0.0766968 0.00399163 3.70149e-06 0.177961 0.00873369 0.00351154 0.0599253 0.010096 0.388393 0.000128668 0.143549 0.000134524 
0.0661397 0.0590995 0.0221826 2.22551e-06 0.00654856 0.000332478 0.000433378 0.000738103 0.127627 0.220437 0.0236639 0.00299655 0.00382202 5.0342e-07 0.259561 0.00304466 0.00710562 0.00640749 0.0444058 0.0122265 0.00389914 0.0359529 0.0535684 0.000113893 0.0391727 0.000517845 
0.00103885 7.94707e-06 0.00991078 7.73849e-08 8.78517e-08 9.7796e-05 0.000147557 0.000628647 0.00270101 0.00443048 0.000289321 0.000445051 0.000213727 7.9894e-11 0.0265261 5.487e-06 2.27757e-05 0.000531414 0.00157065 0.00169178 0.00196302 0.000537453 0.00785711 2.22284e-07 0.939357 2.57612e-05 
0.00663796 6.80569e-05 0.00425746 6.25541e-07 9.79777e-05 4.49416e-06 0.000867637 0.000101874 0.0419208 0.080794 0.00819089 0.00288902 0.00196742 9.11524e-08 0.456252 0.000875653 0.00350471 0.00273429 0.148047 0.0082292 0.0152663 0.00322403 0.171218 8.13943e-06 0.0424521 0.000389685 
0.0201358 7.87499e-06 0.0362548 8.57384e-06 4.26398e-05 3.57214e-06 0.00146457 0.000235834 0.00630065 0.00858479 0.0178304 0.00465466 0.0368022 1.78245e-08 0.318899 0.000620435 0.00356289 0.0216504 0.0128949 0.266991 0.0210928 0.02696 0.158736 2.05899e-06 0.0358716 0.000392622 
0.00664345 0.466791 0.000364546 0.100936 0.000125291 0.000123284 4.97895e-05 0.00721862 0.0247898 0.0123855 0.00627571 0.164983 3.65978e-05 7.88936e-08 0.0102141 0.00141173 0.00346292 0.0166048 0.0309455 0.023593 0.00433013 0.00736397 0.0398407 0.0325732 0.0285533 0.0103832 
0.0411555 7.30045e-05 0.0709123 5.86568e-06 0.00047402 0.000816623 0.000300306 4.27984e-05 0.395155 0.0178832 0.001587 0.00638599 0.00453345 1.00043e-09 0.0590532 0.000634563 0.0318964 0.0720535 0.00357552 9.77797e-05 0.0517171 0.00791409 0.079265 2.42982e-05 0.153796 0.000646576 
0.0015204 0.00104392 0.00114133 9.56287e-07 0.000150144 2.9474e-06 0.00694248 0.0054969 0.108301 0.103552 0.0065165 0.000730192 0.021449 1.00236e-08 0.0483865 0.0325914 3.28347e-06 0.0287684 0.0613862 0.0122338 0.00380722 0.112219 0.424859 5.54533e-05 0.018832 9.65961e-06 
0.00396609 2.04724e-05 0.00871242 2.56426e-08 1.19078e-07 1.75551e-05 0.00062263 0.0391304 0.00849475 0.0445906 0.0187955 0.0329502 1.10232e-06 1.24395e-10 0.130021 0.00684449 4.71261e-05 0.0102431 0.0860781 0.00740988 0.0584262 0.173892 0.293861 7.68165e-06 0.0750664 0.000801393 
0.0562078 1.65436e-06 0.0228096 3.86467e-06 0.00746833 0.000135323 0.00142341 0.00146537 0.0137632 0.0238553 0.0706292 0.0850083 0.0010458 3.43788e-07 0.103187 0.00167037 6.99129e-05 0.00578107 0.0615392 0.170937 0.00434646 0.0405539 0.113182 9.1428e-06 0.214641 0.000265852 
0.53116 0.00318977 0.024056 3.71258e-07 0.000147473 5.1774e-07 0.000958193 0.000322764 0.0104269 0.0842594 0.000104268 0.000841762 0.0804794 8.42565e-08 0.00122788 0.0269622 0.131464 0.021955 0.00161429 0.000115229 0.00132118 0.00141918 0.0139162 0.000536902 0.0633694 0.000151295 
0.0560996 3.19218e-05 0.0201931 0.0062789 0.000918658 4.03244e-05 0.00282167 0.000719245 0.0195547 0.0206876 0.0268059 0.00511868 0.00478369 9.99466e-07 0.287869 0.00111306 0.0427398 0.0332394 0.0401067 0.135433 0.0223182 0.0405175 0.133614 1.46704e-05 0.0975769 0.00140345 
0.000880614 0.00127966 0.00739343 0.000729441 0.000344194 0.00115318 0.00149282 6.01033e-05 0.0110349 0.0565186 0.0414855 0.109788 0.000201825 5.67484e-11 0.0150108 0.000882714 8.95302e-05 0.408556 0.013541 0.0691581 0.0517056 0.00301541 0.109121 7.20157e-06 0.0962692 0.000281638 
0.0660987 0.00127425 0.00470598 0.000157193 0.00684362 2.87127e-05 0.00139191 0.000569931 0.00945263 0.0495323 0.00516419 0.00489473 0.00613096 4.83543e-08 0.198826 0.00323647 0.00656557 0.0591494 0.0136825 0.191464 0.199414 0.0621228 0.077495 2.57876e-06 0.00719003 0.0246068 
0.00695363 2.35085e-06 8.56846e-05 8.44818e-07 6.21489e-05 0.0727403 0.000439386 0.000751388 0.051165 0.323691 8.05516e-06 0.293962 0.00292513 6.91255e-07 0.0116848 6.4421e-05 1.91859e-05 0.0988931 0.0287331 0.00656644 0.000457678 0.0111545 0.0443277 0.000101075 0.0164243 0.0287859 
0.00045754 9.50593e-06 0.00013846 2.32316e-09 0.000202709 0.000698707 0.000472205 0.000257378 0.000310686 0.0220584 0.000610093 0.0036691 7.5838e-06 6.31239e-12 0.00325651 4.50106e-05 0.000167253 0.0031539 0.000439683 0.932501 0.00487997 0.00349961 0.0079253 2.01599e-05 0.0151468 7.25781e-05 
0.003595 0.000472565 0.00508978 2.98927e-06 2.85309e-06 7.62657e-05 6.55951e-05 0.00250525 0.0180085 0.0588735 0.0292581 0.0111302 0.000114362 7.07569e-11 0.0408624 0.0013834 1.01932e-05 0.0160392 0.0577035 0.00196982 0.0161543 0.0181955 0.641197 1.53173e-06 0.0764751 0.000813459 
0.00284362 0.0300018 0.0131564 0.0301511 5.00199e-07 1.38987e-05 3.6123e-05 0.00148392 0.533643 0.0283668 0.00267548 0.00101018 0.00208605 1.0267e-08 0.027306 4.80173e-07 2.5942e-05 0.0244973 0.00454623 0.000631562 0.000263008 0.00178172 0.207087 2.15985e-06 0.0880981 0.000291358 
0.016965 2.28192e-06 0.0342336 1.56413e-07 0.000105995 0.000617422 0.000234638 0.00166098 0.0787476 0.0266633 0.125343 0.0156338 0.00825332 4.4528e-10 0.0499562 0.000146332 3.90441e-05 0.00404345 0.0756807 0.00262199 0.0638515 0.00358471 0.21791 7.39148e-09 0.271235 0.00247012 
0.0234223 5.54535e-05 0.0436735 9.15061e-08 3.37352e-05 0.000159216 8.45861e-05 9.84577e-05 0.0130694 0.0330368 0.00062598 0.00462251 0.000922199 7.45041e-08 0.0360317 0.00288546 4.34228e-05 0.00591652 0.0851663 0.0113959 0.0314971 0.0232151 0.636837 1.09865e-05 0.0471527 4.38129e-05 
0.013616 1.45766e-08 0.000994367 4.5584e-09 0.000965597 1.34521e-06 3.68937e-05 0.000188818 0.000705379 0.00283678 0.000105991 0.00105199 0.000183688 1.0476e-11 0.644032 3.19776e-06 0.0276506 0.00475151 0.00142209 0.0798261 0.0127067 0.00340157 0.0713159 4.25392e-08 0.00231329 0.13189 
0.00710405 0.000229078 0.0197561 2.06388e-05 3.08584e-06 2.53514e-05 0.0212717 0.000136239 0.0053996 0.0273783 0.352238 0.00753526 0.00328694 6.63151e-07 0.0710438 0.00562392 0.000163757 0.0245166 0.129565 0.0177893 0.00824364 0.173971 0.0282084 3.85384e-06 0.095762 0.000723651 
0.00122928 3.51096e-06 0.00367006 2.71766e-09 3.72507e-05 5.3026e-07 0.00143942 0.00143588 0.00282921 0.0403052 2.77861e-05 0.0110208 0.000228439 6.5847e-11 0.00632663 7.02152e-05 0.000436437 0.0602218 0.0187558 0.761481 0.0152261 0.0024683 0.044607 1.90707e-08 0.0272403 0.000938527 
0.0199868 9.97817e-05 0.000886345 8.58437e-06 0.00347063 2.83724e-05 4.65662e-05 7.62232e-05 0.00541713 0.142771 1.48419e-05 0.00191051 0.0216889 7.94715e-08 0.0728612 0.00140853 0.0408398 0.0374481 0.0970877 0.00221439 0.051906 0.43207 0.0558494 6.30298e-05 0.0118433 3.35418e-06 
6.02358e-05 3.21627e-05 0.00204411 2.87046e-11 8.68263e-10 1.54902e-06 0.9076 5.61587e-05 0.000617389 0.0201645 0.0217136 0.0127127 7.4208e-06 6.37722e-13 0.000924263 2.0428e-08 0.000374699 0.00132332 0.00510542 0.00689377 6.42897e-05 0.000539956 0.0121869 6.09298e-07 0.00604126 0.00153539 
0.00115786 0.0120662 0.00108351 0.0026745 2.91616e-06 2.84069e-05 0.0104182 0.00744209 0.0164218 0.0239454 0.0478603 0.350061 0.00126812 1.98687e-07 0.0298135 0.000345063 0.0856675 0.00789821 0.17768 0.0146109 0.00804649 0.00150441 0.16258 0.000640616 0.0366973 8.48233e-05 
0.00362721 0.000309827 0.00540055 0.0328482 1.18848e-09 3.89556e-08 4.89149e-07 5.67104e-07 0.0543814 0.0203373 0.0102029 0.000708972 1.09862e-05 1.13751e-09 0.0291967 2.38005e-06 1.90895e-08 0.040735 0.0526247 0.000689651 0.00420792 0.00934499 0.176293 0.000135523 0.55894 8.81199e-07 
0.0252096 0.000188933 0.00273705 3.13318e-09 0.000157179 0.000907177 0.550107 8.52266e-05 0.00858841 0.0620655 0.0615413 0.0467459 9.74429e-06 2.13546e-11 0.00134566 0.00226239 1.11946e-05 0.0222904 0.0216563 0.0134282 0.00252472 0.0187977 0.0444921 0.000113036 0.113448 0.00128748 
0.000465355 9.18024e-06 0.000262309 1.40675e-09 2.51068e-05 2.40964e-05 0.000229959 6.48509e-05 3.83942e-06 0.00712888 5.58522e-05 0.00268905 2.45463e-05 2.65244e-10 0.0101475 9.14394e-06 0.00042832 0.00214279 0.00158756 0.950533 0.00322861 0.000905762 0.0160751 7.44795e-08 0.00386604 9.31226e-05 
0.0283834 0.0139412 0.000234394 8.32037e-06 5.70269e-05 2.23013e-06 2.58267e-07 0.000164713 0.00631416 0.242458 6.57388e-07 0.602786 0.00036936 2.27312e-09 0.0022862 1.35188e-05 0.00154455 0.0353197 0.0165066 0.00344372 0.00213661 0.00734474 0.0262229 2.97931e-06 0.010459 6.38947e-08 
0.0267213 0.00556623 0.0167027 0.00298365 9.29033e-05 0.0883333 2.73291e-05 0.00398526 0.140991 0.00616838 0.0497212 0.0138489 0.00277132 1.9824e-06 0.03455 5.08823e-05 0.00327216 0.0345612 0.0575428 0.00643094 0.00950458 0.0056064 0.0438748 5.5072e-05 0.437613 0.00902295 
0.047158 0.00447964 0.022499 3.59875e-06 0.00111008 9.66236e-05 0.000553427 0.00282155 0.287255 0.0836985 0.00278954 0.00511152 0.0696551 6.47073e-10 0.140612 0.00688867 0.000789748 0.0809853 0.0267152 0.00991443 0.027433 0.00684768 0.0961801 0.00110646 0.0561839 0.019112 
0.000465355 9.18024e-06 0.000262309 1.40675e-09 2.51068e-05 2.40964e-05 0.000229959 6.48509e-05 3.83942e-06 0.00712888 5.58522e-05 0.00268905 2.45463e-05 2.65244e-10 0.0101475 9.14394e-06 0.00042832 0.00214279 0.00158756 0.950533 0.00322861 0.000905762 0.0160751 7.44795e-08 0.00386604 9.31226e-05 
0.0605477 1.2207e-05 0.000947757 1.9642e-07 6.9847e-08 0.000380529 0.0001041 9.20028e-05 0.000514639 0.124246 0.000339096 2.22329e-07 2.2927e-06 1.54354e-10 0.180613 2.35124e-06 1.19604e-08 0.00648282 0.214043 0.00324541 0.000696755 0.396148 0.0101772 7.84513e-06 0.00139706 1.51693e-07 
0.00775528 0.00468287 0.00277644 1.05838e-05 0.000176089 7.0158e-06 0.00377737 4.27712e-05 0.611497 0.0662163 0.000272931 0.0139523 0.0024755 2.3858e-06 0.0396819 9.20452e-05 0.000386309 0.0534969 0.0485018 0.00646025 0.00623017 0.0248817 0.0311057 3.33911e-05 0.0663333 0.00915222 
6.02358e-05 3.21627e-05 0.00204411 2.87046e-11 8.68263e-10 1.54902e-06 0.9076 5.61587e-05 0.000617389 0.0201645 0.0217136 0.0127127 7.4208e-06 6.37722e-13 0.000924263 2.0428e-08 0.000374699 0.00132332 0.00510542 0.00689377 6.42897e-05 0.000539956 0.0121869 6.09298e-07 0.00604126 0.00153539 
0.0156771 8.00721e-06 0.000948367 9.93524e-09 1.1581e-06 0.000298156 0.000100371 0.000798724 0.00295159 0.025742 0.000220398 0.00992212 0.000112098 5.66807e-09 0.168311 0.000133429 0.000187248 0.0113545 0.0301423 0.46423 0.0296616 0.0148424 0.173175 3.80383e-06 0.0506353 0.000543489 
0.0159471 0.00416226 0.000517425 3.84622e-07 6.66033e-06 3.25306e-07 0.026277 8.03927e-06 0.0215502 0.0617457 0.0181389 0.0362178 0.00249514 2.49317e-08 0.000604684 0.000331435 0.000105505 0.235171 0.419055 0.00062587 0.0133796 0.00421067 0.113126 3.33186e-06 0.0262696 5.16255e-05 
0.0823313 6.53064e-06 0.0551519 3.18886e-06 0.00181781 0.00134225 0.000185882 0.000419104 0.0150202 0.00195551 8.72655e-05 4.97771e-05 0.00101029 2.53423e-06 0.222414 6.35022e-05 0.0373934 0.0050151 0.0127152 0.0114923 0.00491097 0.00392636 0.012031 9.09136e-06 0.529161 0.00148469 
0.000902693 1.26059e-05 0.0169886 0.000113401 5.1593e-05 2.74516e-06 0.00999095 3.75634e-05 0.21069 0.0372584 0.00455506 0.507101 0.0060144 2.3499e-08 0.0091324 0.00471656 4.79355e-05 0.0267033 0.0390388 0.00115877 0.0139853 0.00325103 0.0706105 4.50506e-06 0.0375692 6.20535e-05 
0.0176635 5.40635e-07 0.0144969 1.74067e-08 1.58822e-06 9.02663e-07 8.58175e-06 0.0452587 0.000283826 0.00396076 0.0189001 0.000333307 0.0423386 4.23265e-09 0.0203687 0.000690816 1.29555e-07 0.00281495 0.00041317 0.00194405 0.000191036 0.00464015 0.0155153 3.87467e-08 0.688165 0.122009 
0.00065846 0.000951614 0.00127106 5.90039e-07 5.23754e-06 2.66783e-06 0.000461423 0.00156014 0.708471 0.0574746 3.2156e-06 0.00710563 0.049933 9.89995e-09 0.00231704 0.00077065 9.57122e-07 0.0623212 0.00645649 0.00314988 0.00990068 0.000302638 0.0199082 4.75203e-05 0.0669156 1.00692e-05 
0.00040274 6.84538e-07 0.000857635 4.6293e-07 0.000117606 4.4877e-07 1.199e-06 1.45002e-05 0.000392847 0.0038959 2.682e-07 0.00258318 0.798331 1.24693e-09 0.000967694 7.44779e-05 1.38618e-06 0.150459 0.000615614 0.000293561 0.00116041 0.0364712 0.00207247 1.55434e-07 0.000362915 0.000922624 
0.00250777 0.428801 0.0230584 0.000175828 0.000181186 0.0118619 0.00153108 0.0011922 0.225466 0.065474 0.0028171 0.00190089 0.116563 1.80096e-07 0.0667926 0.000437887 0.000389738 0.00153601 0.0031076 1.10228e-05 8.24908e-06 0.00246529 0.0135314 1.40417e-05 0.0300997 7.68152e-05 
0.00406275 5.59077e-09 0.000159395 1.67159e-09 6.1684e-06 1.95635e-06 0.000722677 0.000102806 0.000687785 0.0174753 5.40829e-05 0.0139236 1.03751e-08 1.29739e-12 0.258409 0.00346593 1.0567e-05 0.00529234 0.485962 0.056544 0.00190741 0.113409 0.0362004 1.19848e-06 0.00160052 1.69253e-08 
0.00412017 0.00671666 0.00672976 2.34693e-06 0.00015027 6.40885e-05 4.6696e-06 0.000302818 0.363232 0.0342953 0.0228757 6.19862e-06 0.00395803 7.06642e-08 0.0176392 0.00016627 8.13459e-06 0.00303149 0.0126027 3.45495e-06 0.0319249 0.00442349 0.0938722 8.95589e-06 0.339207 0.0546544 
0.000261602 4.80365e-05 0.000402926 4.5235e-08 1.65842e-05 1.32809e-08 0.0002941 0.000314237 0.00167852 0.0123195 7.54817e-05 0.00432986 4.05512e-08 7.98128e-12 0.0155755 0.000152116 0.000134488 0.000331229 0.00195406 0.947048 0.00322951 0.000278348 0.00809996 3.61274e-07 0.0034279 2.7749e-05 
0.00260371 8.06051e-06 0.000260319 1.10688e-09 1.12702e-06 2.82254e-06 4.89808e-06 0.000548807 0.000557522 0.000577768 0.847171 0.000104274 9.08142e-09 3.55886e-12 0.0737921 1.7543e-05 5.48585e-06 0.00074138 0.00344666 0.0119139 0.000403884 0.00477458 0.0176275 7.93572e-08 0.0325158 0.00292039 
4.23308e-08 0.00577787 0.0063246 0.075113 2.47456e-07 9.80018e-07 0.000103387 0.000803205 0.377822 0.0408094 0.00428789 0.00609213 0.000764543 1.7123e-10 0.0115389 2.66212e-08 0.000611106 0.0186017 0.0425977 0.00426728 0.0309504 0.0020814 0.259697 0.000267482 0.106437 0.0050505 
0.00649209 0.00010173 0.00339081 0.00095525 4.45795e-05 0.000447012 0.00279823 0.00209167 0.0764182 0.0903982 0.0305927 0.0635088 0.000933133 1.032e-08 0.0530636 0.000455689 0.01401 0.0167068 0.0606011 0.0715541 0.0395997 0.00289587 0.412504 7.12487e-06 0.0501128 0.000317455 
0.00164604 4.03789e-07 0.00123671 2.14439e-06 3.22719e-05 0.137121 3.59532e-05 0.00207027 0.060616 0.235617 0.00558832 0.0241545 0.000175089 1.2111e-09 0.00361397 0.00101389 0.0721921 0.27523 0.0128004 0.00720742 0.00843608 0.00127475 0.14396 1.15003e-06 0.00484561 0.0011291 
0.0229005 0.00237656 0.00261181 1.02273e-05 0.000373822 1.48854e-05 0.000158006 0.000248374 0.0519668 0.0516281 0.000552485 0.305024 0.00271948 1.64009e-09 0.051093 6.09993e-05 0.163993 0.0304811 0.106666 0.0200877 0.019978 0.0330557 0.120784 0.00978448 0.00333684 9.38248e-05 
0.00103885 7.94707e-06 0.00991078 7.73849e-08 8.78517e-08 9.7796e-05 0.000147557 0.000628647 0.00270101 0.00443048 0.000289321 0.000445051 0.000213727 7.9894e-11 0.0265261 5.487e-06 2.27757e-05 0.000531414 0.00157065 0.00169178 0.00196302 0.000537453 0.00785711 2.22284e-07 0.939357 2.57612e-05 
0.157637 0.0181305 0.00431113 0.00160538 0.00577009 7.7066e-05 4.74812e-05 0.0194549 0.00165087 0.178016 0.00068469 0.00740502 0.00100461 2.20591e-05 0.110035 0.0053126 0.00892841 0.219835 0.0235188 0.0170727 0.0174284 0.151187 0.0273434 0.000157257 0.0223486 0.00101613 
0.0244227 0.00562826 0.0148269 8.14448e-06 0.00929788 5.16872e-05 0.000460364 0.000145463 0.071774 0.309757 0.000524062 0.00427927 0.225094 1.2378e-06 0.0280833 0.0146005 4.88316e-05 0.0670779 0.0568938 0.000669575 0.0922578 0.0105024 0.0560644 0.00011803 0.00733971 7.35491e-05 
0.00177261 1.1227e-05 0.0188692 1.16125e-07 2.26278e-07 5.81606e-05 0.000673571 0.00434139 0.0296481 0.27912 0.00180237 0.00244447 0.122116 6.22961e-08 0.023461 0.00219678 1.49806e-05 0.0216102 0.0290414 0.00217388 0.0520485 0.0265343 0.32477 3.23416e-06 0.0572834 4.85256e-06 
0.00490011 0.000680605 0.00236431 0.000825156 2.20615e-05 6.39239e-05 0.000627523 9.18297e-05 0.28496 0.0857428 0.00470048 0.00274225 0.000924029 2.3378e-06 0.235015 7.55245e-05 4.90808e-06 0.0228759 0.140466 0.00126583 0.0625838 0.00415614 0.0826558 3.48754e-05 0.0477282 0.0144904 
0.256569 1.78761e-05 0.037648 0.00144382 0.00653995 0.00574699 7.34568e-05 0.000298168 0.141483 0.00898507 0.00261206 0.00274117 0.00553047 9.71726e-09 0.0110979 0.0313439 6.543e-05 0.0492213 0.0644532 0.000743845 0.0151983 0.00661296 0.0152063 0.000538256 0.335574 0.000255001 
0.0266625 1.77394e-07 0.00776224 1.77431e-07 0.000496817 0.00108123 1.77471e-07 0.00087009 0.0379437 0.0499941 0.00515207 0.0036941 1.77578e-07 1.77385e-07 0.0866786 0.00095852 0.00129686 0.00312657 0.0635281 1.7762e-07 0.0886391 0.0100002 0.375229 0.000355006 0.231827 0.00470275 
0.0260308 0.000102998 0.0015311 4.83604e-05 2.20247e-08 1.22736e-08 0.000557205 4.4993e-05 0.00549686 0.056001 0.00446135 0.00445766 0.00215416 7.7668e-11 0.20541 0.00295008 9.96574e-05 0.00262872 0.0326411 0.175396 0.00464739 0.139789 0.320899 6.22162e-07 0.0145945 5.73596e-05 
0.0100702 0.00248462 0.00332092 1.15316e-07 7.71408e-10 5.1517e-08 0.000666448 0.00679517 0.0276037 0.0158549 0.00138415 0.00133026 0.00150635 1.01284e-11 0.134388 0.000247808 2.99774e-05 0.00446387 0.0587017 0.0979765 0.00543768 0.00998987 0.556048 7.33275e-06 0.0616387 5.42975e-05 
0.0379971 3.9203e-05 0.000386724 0.00279013 8.46693e-06 5.5601e-05 0.00102455 0.000363783 0.0328169 0.0631662 0.0113401 0.00363603 0.00218406 7.8798e-08 0.0622505 0.0111317 0.000138191 0.0391901 0.552249 0.0124911 0.00589902 0.075903 0.0305427 0.0446079 0.00971692 7.06915e-05 
0.00511866 0.000223602 0.0410144 6.08016e-07 7.30472e-08 3.85897e-05 4.20096e-07 0.000227071 0.570463 0.00435943 0.00111631 0.00315392 0.00178956 7.98973e-10 0.00201637 4.9748e-06 5.59801e-08 1.18093e-05 0.000949343 1.24184e-06 0.0673566 5.38025e-05 0.242391 2.23279e-07 0.0587202 0.000988973 
0.026893 0.000282478 0.0647742 0.000514074 0.00332718 0.000116347 0.00025679 0.00112186 0.0231908 0.172998 0.000279623 0.272198 0.00119145 7.82797e-06 0.0564258 0.000753029 0.0185354 0.0309355 0.0622539 0.0311115 0.0119591 0.00659519 0.170827 9.51962e-05 0.0431199 0.000237053 
0.053611 0.0123263 0.00162404 1.75854e-09 3.27428e-05 2.72678e-05 0.000986628 0.00111881 0.00335136 0.0597488 0.0454002 0.00356476 8.62591e-05 2.87943e-11 0.242917 0.0251853 1.47765e-05 0.0382928 0.0858065 0.0944927 0.0137418 0.180951 0.0856439 4.66829e-05 0.0507776 0.000252199 
4.5763e-05 2.44821e-06 0.000750175 8.04814e-08 2.77509e-06 2.37463e-05 0.966076 2.23679e-06 0.00403168 0.00728088 0.00683284 6.01696e-05 0.00133715 8.0299e-08 4.33383e-05 8.0227e-06 2.67793e-05 9.11668e-05 0.00107928 0.000338861 6.64505e-05 0.000129422 0.00180964 3.75434e-07 0.00996015 4.53919e-07 
0.00250526 0.000236366 0.0567999 1.24899e-06 0.000210862 0.00130067 0.00319666 0.0491592 0.0293754 0.0232534 0.0340815 0.0101733 0.00545839 1.08597e-10 0.0547185 0.000479101 0.0242012 0.0348286 0.00697873 0.0288686 0.00288145 0.00396698 0.0444415 4.59656e-06 0.580086 0.002793 
0.013616 1.45766e-08 0.000994367 4.5584e-09 0.000965597 1.34521e-06 3.68937e-05 0.000188818 0.000705379 0.00283678 0.000105991 0.00105199 0.000183688 1.0476e-11 0.644032 3.19776e-06 0.0276506 0.00475151 0.00142209 0.0798261 0.0127067 0.00340157 0.0713159 4.25392e-08 0.00231329 0.13189 
0.00956214 4.98306e-06 0.00874233 1.33987e-09 0.000188251 4.02965e-06 0.00113772 0.000183049 0.000487568 0.0354389 0.10472 0.0272785 0.000507287 4.70081e-12 0.0554303 0.00268299 0.000168103 0.000907594 0.00727553 0.593874 0.00625517 0.0816657 0.0108228 1.16783e-05 0.0518657 0.000786162 
0.0257308 2.6465e-05 0.00380681 0.000118774 0.000875892 8.27191e-05 0.0003374 0.000239558 0.0100202 0.484722 0.000334593 0.000626901 0.0144741 2.69658e-11 0.0852064 0.00030861 0.00590026 0.0491147 0.0528159 0.000899553 0.0252282 0.0380221 0.1764 3.5017e-05 0.0244917 0.000180669 
