0.0598482 9.21921e-05 0.000609436 0.00024738 0.00099053 9.57166e-05 0.00022766 0.000564204 0.00355396 0.034911 0.00183095 0.0321195 0.000175149 2.64308e-05 0.247252 0.239235 0.00521499 0.0504779 0.0162137 0.0204262 0.0176425 0.108424 0.101543 1.79774e-06 0.0101592 0.0481167 
0.00763868 2.11714e-05 0.00406909 1.44738e-07 2.96901e-05 0.000309128 0.00164518 0.000624433 0.209354 0.0100582 0.00569416 0.00181125 7.79043e-06 7.16926e-05 0.455684 2.68148e-05 1.09369e-05 0.0101856 0.0486754 0.027271 0.0255446 0.00410055 0.0960618 2.48098e-06 0.0808198 0.0102822 
0.00301389 0.000187851 0.000238616 3.66423e-12 6.30664e-06 0.000136483 0.000139865 0.00158257 0.000214174 0.00286528 0.00098911 0.00327194 3.24355e-08 4.0985e-07 0.796367 4.1713e-05 2.34187e-05 0.00345059 0.0472005 0.0342921 0.00458241 0.0155775 0.067689 4.52661e-07 0.0180824 4.57557e-05 
0.00301389 0.000187851 0.000238616 3.66423e-12 6.30664e-06 0.000136483 0.000139865 0.00158257 0.000214174 0.00286528 0.00098911 0.00327194 3.24355e-08 4.0985e-07 0.796367 4.1713e-05 2.34187e-05 0.00345059 0.0472005 0.0342921 0.00458241 0.0155775 0.067689 4.52661e-07 0.0180824 4.57557e-05 
0.00646165 2.40744e-07 0.00130297 3.7144e-08 4.94815e-05 6.30137e-07 0.000455209 0.000273311 0.00135925 0.0186585 0.00291544 0.00202918 2.79909e-07 2.403e-05 0.462005 4.77744e-05 1.64725e-05 0.000860748 0.0330215 0.0790993 0.00721927 0.00394623 0.358473 5.54305e-06 0.0145008 0.00727416 
0.00076391 8.03062e-06 0.00691145 0.000134815 1.7891e-05 1.78884e-08 0.000196294 9.33534e-06 0.192443 0.00621581 1.05618e-05 4.0725e-05 0.000221024 0.000480049 0.544876 0.000149103 3.10049e-06 0.0076128 4.43096e-05 1.92528e-05 0.0219224 0.00260267 0.196197 1.05488e-08 0.01512 0.00400089 
0.00301389 0.000187851 0.000238616 3.66423e-12 6.30664e-06 0.000136483 0.000139865 0.00158257 0.000214174 0.00286528 0.00098911 0.00327194 3.24355e-08 4.0985e-07 0.796367 4.1713e-05 2.34187e-05 0.00345059 0.0472005 0.0342921 0.00458241 0.0155775 0.067689 4.52661e-07 0.0180824 4.57557e-05 
0.034011 3.04975e-05 0.0191907 7.40544e-07 9.97703e-05 1.56701e-05 3.18426e-05 0.00201748 0.0223625 0.0281317 0.0114108 0.00103099 0.00136131 1.23181e-05 0.382749 0.0072006 7.01506e-05 0.0244139 0.0617431 0.0235574 0.0100643 0.17947 0.136064 9.42339e-07 0.0548495 0.000109647 
0.00166551 0.0372263 0.00279123 2.73625e-10 5.6563e-07 5.6296e-06 0.00305646 0.0231267 0.0262063 0.00581062 0.0124295 0.000369632 6.23433e-05 3.22223e-10 0.680914 0.000569738 5.55846e-05 0.0137408 0.0766248 0.0144971 0.00273204 0.0117051 0.0547218 1.58177e-05 0.0315956 7.66329e-05 
3.87777e-08 1.6047e-07 9.88473e-07 2.16902e-10 2.66872e-10 9.45506e-05 0.00120338 1.23509e-06 0.0259227 0.0118838 4.27287e-07 0.0342536 4.91107e-07 2.55426e-10 0.600549 1.22992e-07 4.94261e-08 0.00117476 1.53888e-06 0.00553185 0.00396375 5.47224e-07 0.232262 2.30999e-10 0.0182267 0.064928 
0.0297118 9.54064e-07 0.016814 9.54263e-07 9.53941e-07 9.53137e-07 9.54478e-07 9.5481e-07 0.0416554 0.0392721 9.55448e-07 9.55131e-07 9.5505e-07 9.54015e-07 0.40646 9.54476e-07 9.55322e-07 0.122478 0.0159569 0.0213036 0.102319 9.55275e-07 0.18519 9.54174e-07 0.0187299 9.63935e-05 
0.00457379 0.000100697 0.00139466 8.54767e-12 6.82958e-06 7.33586e-05 8.79529e-05 0.00106425 0.000431175 0.00261193 0.000937802 0.00176365 0.000234119 3.98146e-07 0.786145 2.23669e-05 1.25543e-05 0.00391254 0.0364413 0.0223356 0.00447326 0.0233618 0.095177 2.44504e-07 0.014747 9.09198e-05 
0.00552702 0.00215498 0.00304446 1.49749e-09 0.00057346 9.08446e-07 0.00051986 0.000954827 0.00436889 0.00268011 0.00205432 0.000984625 4.39705e-05 1.76346e-09 0.61189 0.000183478 8.1575e-05 0.00464263 0.028573 0.0881376 0.00714694 0.0102092 0.201801 4.70377e-06 0.0243925 2.93902e-05 
0.00354924 7.72498e-08 0.00862393 2.93405e-10 3.60999e-10 4.8466e-08 5.02943e-05 0.000174959 0.00556534 0.0138327 6.46403e-05 0.000719323 0.00692944 3.45517e-10 0.236706 1.47169e-06 9.21558e-07 0.00310046 0.0989515 0.00963207 0.0162783 0.209453 0.223595 7.34637e-06 0.162764 3.28126e-08 
0.0171634 1.28972e-07 0.153248 1.65947e-11 3.439e-09 7.70654e-07 0.000252155 0.000901374 0.00353433 0.010524 0.00240855 0.0021557 7.28193e-05 2.17746e-08 0.438195 0.000191187 1.32115e-05 0.00236764 0.0337993 0.0580348 0.0228139 0.00252889 0.168641 2.06466e-06 0.0829617 0.000189756 
0.0526294 1.16035e-07 0.0140041 2.92145e-07 7.32186e-05 6.21988e-08 0.00107386 0.000202301 0.0653107 0.0263232 0.000133576 0.011603 0.0145908 7.67738e-07 0.332843 0.00040186 0.000190233 0.295151 0.0167157 0.00266285 0.0227012 0.00190437 0.110902 3.50751e-08 0.0305799 2.20639e-06 
0.0484228 1.49491e-06 0.00229096 4.10641e-09 2.0809e-07 7.85608e-11 0.000173323 0.000156381 0.000123294 0.0845968 0.00207765 2.56168e-05 0.00101005 5.12262e-11 0.321277 4.12163e-07 1.82681e-06 0.000725841 0.000436225 0.10914 0.16719 0.030428 0.225821 6.92779e-05 0.00603167 8.52987e-08 
0.00133304 0.000222959 0.000957529 2.26505e-09 1.10639e-05 2.59746e-07 2.86716e-05 0.00274343 0.00331943 0.0061454 0.0211624 0.00115458 4.1376e-05 2.59741e-07 0.620939 5.01209e-05 8.44923e-06 0.00115321 0.00925794 0.0213555 0.00207618 0.00315469 0.256265 1.65091e-06 0.0484094 0.000208621 
0.0509868 2.63441e-05 0.000876732 4.6318e-05 1.60536e-06 0.000257189 0.000259963 0.000284644 0.00109371 0.028278 0.0258512 0.00117914 0.000251037 0.00163955 0.281142 0.0050451 8.43087e-06 0.00312392 0.279987 0.0174846 0.0335456 0.0734652 0.172255 6.40559e-06 0.0228385 6.64705e-05 
3.87777e-08 1.6047e-07 9.88473e-07 2.16902e-10 2.66872e-10 9.45506e-05 0.00120338 1.23509e-06 0.0259227 0.0118838 4.27287e-07 0.0342536 4.91107e-07 2.55426e-10 0.600549 1.22992e-07 4.94261e-08 0.00117476 1.53888e-06 0.00553185 0.00396375 5.47224e-07 0.232262 2.30999e-10 0.0182267 0.064928 
0.0017174 0.0493982 4.46827e-05 2.38558e-08 2.49973e-05 0.00519268 5.86722e-08 0.00360861 0.0133695 0.00592318 0.0766689 0.000112317 7.17316e-08 1.0329e-11 0.611654 0.00157325 6.65061e-05 1.71036e-06 0.0207587 0.0011105 0.000179487 0.0136938 0.051081 9.82358e-08 0.143697 0.00012287 
0.00301389 0.000187851 0.000238616 3.66423e-12 6.30664e-06 0.000136483 0.000139865 0.00158257 0.000214174 0.00286528 0.00098911 0.00327194 3.24355e-08 4.0985e-07 0.796367 4.1713e-05 2.34187e-05 0.00345059 0.0472005 0.0342921 0.00458241 0.0155775 0.067689 4.52661e-07 0.0180824 4.57557e-05 
7.87855e-06 3.55194e-07 0.0439679 3.10878e-07 3.8374e-06 3.47337e-05 2.21819e-05 0.146129 0.000146185 0.0208552 0.00457203 2.4629e-05 5.96142e-06 3.66094e-07 0.43746 2.63471e-07 7.46296e-08 3.14579e-05 1.52413e-05 8.49868e-08 0.00293684 8.06066e-06 0.151566 3.60413e-06 0.192195 1.24653e-05 
0.0318441 5.56799e-07 0.0106601 1.76087e-06 0.00122551 1.80925e-06 2.33161e-06 0.0042226 1.02891e-05 0.00522636 0.000180872 0.000534001 0.00243826 1.65116e-08 0.29855 2.30811e-06 0.000256072 0.177586 0.00313104 0.276468 0.00514444 0.0724275 0.10391 3.05473e-07 0.00617501 4.47499e-07 
0.0100194 8.53075e-06 0.0329639 4.73976e-05 3.17919e-05 5.91375e-05 0.000187461 0.115474 0.119963 0.0144734 0.0388907 0.131066 0.000518355 1.32195e-06 0.163655 0.000102907 0.000126605 0.0303063 0.0821836 0.0979459 0.00798397 0.00913736 0.0489088 2.96791e-06 0.0952568 0.000685532 
0.0155851 3.09545e-05 0.00980073 7.58618e-07 2.11764e-05 2.86857e-07 0.000397071 0.00169384 0.0070473 0.0296655 0.0751323 0.0159105 0.00434913 1.01514e-06 0.344164 0.00021935 4.88866e-05 0.0508982 0.0185578 0.0087255 0.0423739 0.019993 0.230951 4.92376e-06 0.123842 0.000586384 
0.0705536 0.00014307 0.000691907 3.28164e-07 7.20849e-05 3.51972e-06 0.000205633 0.000616244 0.0570489 0.177888 0.000245034 0.0102406 3.66291e-05 2.81719e-05 0.258159 4.87359e-06 0.00141564 0.0396596 0.182957 0.0842695 0.00174722 0.00291803 0.0590114 7.97811e-07 0.0504207 0.00166218 
0.00118818 7.62912e-07 0.000113003 9.88783e-12 3.3504e-06 1.81206e-09 0.000102609 0.000118165 0.000487508 0.00587174 0.00317594 0.000127501 3.67568e-07 3.03304e-09 0.763161 4.59162e-06 6.46665e-05 0.00091943 0.0149127 0.133348 0.00347079 0.011373 0.0564251 6.06149e-07 0.00513039 1.24646e-07 
0.0108167 9.06516e-05 0.00227413 3.32455e-10 1.37397e-06 2.22687e-05 0.000650704 1.50141e-07 0.0443052 0.00700511 0.0100067 0.00122525 5.58729e-06 3.91503e-10 0.501481 0.00109064 4.29345e-06 0.020019 0.152883 0.000509266 0.00117519 0.000340154 0.191901 1.12431e-07 0.054192 1.63386e-07 
0.00911993 1.03764e-08 0.0587383 9.15387e-06 0.00419774 5.86434e-06 1.74897e-06 0.000218537 5.57266e-05 0.00308583 0.00224477 0.003611 0.000100728 0.00141806 0.552267 7.69686e-09 5.50234e-08 0.176723 0.00546329 0.000271362 0.0175586 0.0440686 0.0470247 9.67206e-09 0.0737709 4.52871e-05 
0.0153124 4.10097e-05 0.00714856 1.5157e-07 4.51055e-06 1.05971e-08 0.000161576 0.00095897 0.000543823 0.0268367 0.00285578 0.00107989 8.52873e-08 2.1473e-11 0.550497 0.0420657 0.000125671 0.0103349 0.0342446 0.0547609 0.0256831 0.0583916 0.122293 2.66191e-06 0.0454892 0.00116779 
0.00436416 6.46436e-05 0.00274429 1.02277e-08 0.00255677 0.000114907 9.48221e-05 0.00697016 0.00585165 0.0192213 0.0099533 0.0109617 0.0195545 2.05298e-05 0.718242 5.49808e-05 0.0126494 0.0125381 0.0124369 0.0623607 0.0174869 0.00752806 0.0265997 3.10645e-06 0.0475101 0.000117753 
0.0587256 4.77264e-06 0.017733 7.0076e-07 0.00336825 1.63994e-05 0.00041037 0.000147677 0.00426034 0.152262 0.00188484 0.00220894 0.0144204 0.00034285 0.250164 6.25419e-05 0.017825 0.0774445 0.0300797 0.00154066 0.071343 0.0220813 0.179478 5.25728e-06 0.0938584 0.000331212 
0.00118818 7.62912e-07 0.000113003 9.88783e-12 3.3504e-06 1.81206e-09 0.000102609 0.000118165 0.000487508 0.00587174 0.00317594 0.000127501 3.67568e-07 3.03304e-09 0.763161 4.59162e-06 6.46665e-05 0.00091943 0.0149127 0.133348 0.00347079 0.011373 0.0564251 6.06149e-07 0.00513039 1.24646e-07 
0.0162269 0.000145912 8.17532e-05 6.75952e-09 1.35982e-05 2.8453e-05 5.70886e-09 2.81376e-05 0.00458078 0.0026623 0.000286335 0.000435175 0.0101756 7.96009e-09 0.460581 5.52251e-06 4.16272e-06 4.7172e-05 0.346346 0.000186223 0.000135858 0.00131781 0.127617 1.44961e-06 0.0290906 1.64216e-06 
0.00737488 0.000135554 0.000619147 7.05285e-07 8.16373e-06 0.00129623 0.0293659 0.000123698 0.111706 0.00538531 0.0657306 0.00158106 0.00278075 0.00574485 0.555101 0.000724925 7.77431e-05 0.0144805 0.0909375 0.0064921 0.000728604 0.0012424 0.0526321 5.55644e-06 0.0454714 0.000253703 
0.112822 2.38707e-05 0.000725036 6.27576e-06 0.00207724 0.00102222 1.71592e-05 1.0406e-05 0.00222558 0.0178575 0.131597 0.0155521 6.6185e-06 8.03357e-06 0.203433 0.0150278 2.67672e-05 0.00563798 0.0915233 0.103097 0.0151712 0.19167 0.0396491 1.08256e-06 0.0282951 0.022516 
0.0515519 4.17996e-05 0.0014667 4.85724e-08 0.000132537 9.58251e-05 0.000326564 8.10414e-05 0.00362979 0.0529658 0.0141191 0.00445279 0.00276422 0.00428499 0.243692 0.00669451 0.00291803 0.003703 0.106356 0.0329002 0.144667 0.0850077 0.205914 4.9418e-05 0.0264772 0.00570768 
0.0162941 9.2113e-06 0.00335386 2.4545e-11 4.84137e-05 1.12664e-05 2.05183e-05 5.86977e-06 0.0138556 0.0309737 0.000302092 0.00464234 0.00618854 2.89044e-11 0.37965 0.000199708 5.83938e-06 0.111075 0.0690515 0.0202494 0.0488331 0.00483348 0.272744 1.9527e-06 0.0176319 1.8569e-05 
0.0183567 0.000110749 0.00682057 3.85286e-07 2.04712e-06 0.000218053 6.4201e-06 0.000556873 0.11298 0.00175161 0.000587179 0.000305461 0.00911467 4.53717e-07 0.697692 0.000157853 4.29047e-05 0.00847029 0.02499 0.0045592 0.000292856 0.0101558 0.0690874 9.7279e-07 0.0330738 0.000665703 
0.112667 5.68405e-06 0.00677155 1.28695e-07 5.11676e-05 0.000295635 2.87068e-05 0.000168987 0.00778181 0.00207808 0.00406408 0.000441584 0.0285799 2.77098e-08 0.483851 0.00117568 0.00226565 0.00619527 0.0756893 0.00725711 0.00692326 0.0142065 0.130619 3.41708e-06 0.108394 0.000486493 
0.00369002 0.000219538 0.0176771 1.81648e-06 1.11143e-05 3.18963e-06 0.000292485 0.00229115 0.00276473 0.0305299 0.00552046 0.00295428 0.000892528 5.84627e-09 0.444979 0.00027938 8.68887e-05 0.0262092 0.00240806 0.341961 0.0146412 0.011508 0.0692159 1.99383e-06 0.0217061 0.000154872 
0.0169902 1.65851e-06 0.000168913 6.53562e-12 6.51747e-07 3.32699e-05 1.28746e-05 2.03031e-05 0.000964704 0.00175338 0.00243333 0.000223494 7.19415e-06 7.69642e-12 0.879282 0.000593532 4.18957e-06 0.002621 0.0363547 0.00282547 0.00122658 0.00138929 0.0488459 2.43108e-07 0.00424661 9.65615e-08 
0.00641974 3.74298e-05 0.0382762 2.3292e-09 0.000377348 2.52174e-06 6.24241e-08 0.00030023 0.00953181 0.0195911 0.000114684 0.000519751 0.00455333 5.12252e-08 0.347915 0.0016168 1.28342e-06 0.0222423 0.00754542 0.0288376 0.177418 0.00956751 0.210137 2.70148e-11 0.0912549 0.0237399 
0.0345481 0.0107485 0.0110598 0.000958435 0.000122266 0.00752174 0.00377939 0.00138453 0.0256864 0.0227255 0.0086363 0.0146217 0.0194668 0.000927284 0.225272 0.00344562 0.00381672 0.0279479 0.0939006 0.00806114 0.0103298 0.0123924 0.168394 0.0803165 0.20058 0.0033562 
0.00202596 0.000847955 0.00179472 1.47187e-11 2.41164e-06 1.26973e-08 3.4302e-05 0.00205328 0.00097678 0.00874644 0.00409212 0.000323172 7.83349e-06 1.73329e-11 0.509141 5.68236e-06 3.49423e-07 0.00504132 0.00405208 0.00470843 0.112566 0.0017038 0.330045 9.13865e-08 0.0118307 8.06853e-08 
0.0232134 1.13635e-06 1.1378e-06 1.13659e-06 0.00352337 1.13525e-06 1.13684e-06 0.001707 1.13791e-06 0.043475 1.138e-06 1.13762e-06 1.13753e-06 1.13629e-06 0.349375 1.13684e-06 0.000456277 0.0301555 1.13799e-06 0.0632626 0.121527 0.0279908 0.332565 1.13648e-06 0.00273265 1.13674e-06 
0.00336738 4.71994e-07 0.00203269 4.19723e-08 1.53332e-05 4.93475e-05 9.46695e-05 0.000724869 0.000816233 0.0359599 0.0231028 0.000535567 0.000183769 4.9427e-08 0.48793 0.000109911 3.85629e-05 0.012253 0.0450651 0.0103667 0.00569758 0.00906704 0.201725 1.42675e-06 0.160636 0.000226505 
0.00552441 6.01395e-06 0.0826967 6.96389e-05 1.58179e-05 8.65516e-06 0.000197303 0.00217402 0.0257105 0.00748825 0.00363945 0.00133201 0.00224069 8.83429e-05 0.581577 2.06223e-05 0.00238079 0.00217662 0.00558466 0.00346536 0.00574625 0.00234306 0.21493 3.05882e-06 0.0353812 0.0151993 
0.0046527 2.85967e-05 0.000418054 1.09397e-11 2.78484e-08 1.97571e-11 1.11223e-07 5.67009e-05 0.00402203 0.036246 0.000361027 0.00058705 1.99287e-05 1.28828e-11 0.523756 5.50278e-08 1.40094e-05 0.000495757 0.0198638 0.137789 0.0388532 0.0042199 0.219023 1.14276e-06 0.00938655 0.000205889 
0.0334559 0.000386093 0.0161012 2.69082e-07 8.88734e-06 0.00268881 0.00389015 0.00817474 0.0559054 0.0498413 0.00855128 0.00441893 0.0107643 0.000185015 0.303264 0.00229797 0.000190681 0.015477 0.023974 0.102549 0.0225913 0.00649623 0.230385 1.60285e-06 0.097874 0.000527251 
0.036507 8.12485e-06 8.35199e-05 2.86658e-12 0.000183343 0.000148795 0.000120137 0.000695524 2.9872e-10 0.0140367 7.21305e-05 0.00132112 7.63174e-08 1.01111e-06 0.50745 1.77867e-05 4.75264e-05 0.00266078 0.083626 0.220949 0.0299673 0.0243672 0.0757473 4.62017e-09 0.00198961 1.76683e-08 
0.0232134 1.13635e-06 1.1378e-06 1.13659e-06 0.00352337 1.13525e-06 1.13684e-06 0.001707 1.13791e-06 0.043475 1.138e-06 1.13762e-06 1.13753e-06 1.13629e-06 0.349375 1.13684e-06 0.000456277 0.0301555 1.13799e-06 0.0632626 0.121527 0.0279908 0.332565 1.13648e-06 0.00273265 1.13674e-06 
0.0261485 0.000103136 0.00649539 3.85055e-05 0.00127496 1.18119e-05 0.000190785 0.0109515 0.00955446 0.019172 0.00635207 0.152745 4.99164e-05 0.00419634 0.341111 0.00193822 0.0463817 0.141468 0.0412238 0.0659649 0.0229437 0.0120038 0.0624289 0.000142326 0.0244314 0.00267765 
0.0108738 9.26489e-05 0.0016563 3.67002e-10 0.000276107 1.61027e-05 0.00984195 0.0044518 0.0255853 0.0603685 0.0273523 0.0645078 0.0855029 5.92878e-07 0.296984 0.000319016 0.00491664 0.0306148 0.0897359 0.0345894 0.0163949 0.0151545 0.164107 9.9683e-07 0.0562852 0.000371842 
0.000258623 2.70757e-07 0.00823618 1.68763e-11 4.34684e-06 5.01333e-07 1.48779e-05 0.000559592 0.00110499 0.00373593 0.0331018 0.000335219 7.37106e-12 1.98738e-11 0.459544 0.00222618 2.54439e-06 0.0177981 0.0276267 0.0253624 0.0124276 0.0154507 0.319786 3.09733e-07 0.072423 8.86782e-08 
0.0232524 0.00376445 0.0195948 2.06002e-05 3.91038e-05 0.000173659 0.000832078 0.0292732 0.0273847 0.0444392 0.00925025 0.0127855 0.000951321 2.07192e-05 0.232825 0.00834153 7.96146e-05 0.0334471 0.0981212 0.0674267 0.085884 0.0249396 0.212986 1.56632e-07 0.0528733 0.0112939 
0.0274187 5.24647e-06 0.0354459 6.69306e-08 0.000253653 0.000144757 0.00364566 0.000139123 0.0483685 0.0623891 0.000740244 0.00222167 0.013105 1.18841e-10 0.236295 0.0166769 1.10211e-05 0.062748 0.023303 0.0930813 0.0493573 0.0434733 0.183378 1.03969e-05 0.0975823 0.000206158 
0.013616 1.45766e-08 0.000994367 4.5584e-09 0.000965597 1.34521e-06 3.68937e-05 0.000188818 0.000705379 0.00283678 0.000105991 0.00105199 0.000183688 1.0476e-11 0.644032 3.19776e-06 0.0276506 0.00475151 0.00142209 0.0798261 0.0127067 0.00340157 0.0713159 4.25392e-08 0.00231329 0.13189 
0.00341912 0.00046544 0.0423438 6.14581e-11 7.48481e-05 1.07047e-05 0.000141966 0.000649488 0.0873772 0.0238647 0.0228826 0.0144072 0.00111241 6.82005e-08 0.274428 0.000341961 7.96582e-05 0.00246735 0.0115058 0.250578 0.00702505 0.016022 0.146372 1.99706e-07 0.0856236 0.00880579 
0.11645 4.38343e-08 0.0237126 1.59129e-08 0.000165233 0.000240577 0.000145038 0.000505395 0.000551149 0.00971481 4.91531e-06 0.000513568 0.00445517 2.15413e-06 0.539839 3.6977e-06 0.00598369 0.00738513 0.0353271 0.0591207 0.0296927 0.0115245 0.139211 2.69189e-06 0.0154338 1.53091e-05 
0.0234999 0.00014903 0.00295822 8.91298e-13 1.41791e-05 2.27904e-05 4.85521e-05 0.0291609 0.00208669 0.00962444 0.0727574 0.000438173 1.12815e-05 1.0496e-12 0.419268 0.000742684 3.4942e-05 0.00510298 0.0319162 0.0643017 0.0232816 0.0406161 0.141031 1.24007e-06 0.131715 0.00121699 
0.00354924 7.72498e-08 0.00862393 2.93405e-10 3.60999e-10 4.8466e-08 5.02943e-05 0.000174959 0.00556534 0.0138327 6.46403e-05 0.000719323 0.00692944 3.45517e-10 0.236706 1.47169e-06 9.21558e-07 0.00310046 0.0989515 0.00963207 0.0162783 0.209453 0.223595 7.34637e-06 0.162764 3.28126e-08 
0.0498182 2.01147e-05 0.00420753 5.81601e-09 7.91404e-05 4.49244e-06 0.00175756 0.000139997 0.0400704 0.146008 0.0178102 0.026318 0.000144517 2.31926e-10 0.30183 0.0112306 4.99672e-06 0.0274439 0.100003 0.0211233 0.0194366 0.0118254 0.16799 4.24301e-05 0.0517191 0.000973194 
0.0186176 6.70066e-05 0.00156379 5.75446e-09 2.09121e-05 0.00015609 0.00015832 0.000788252 0.0030977 0.00670081 0.0103182 0.00217569 0.00016827 3.75184e-05 0.553862 0.000615539 4.57744e-05 0.00888419 0.0457009 0.126635 0.0206539 0.0344277 0.131358 1.92514e-06 0.0335972 0.000347769 
0.261349 1.04951e-07 0.0115168 1.62449e-05 1.60636e-05 2.39842e-05 0.00020727 0.000366512 0.00586329 0.00191166 0.0017908 5.90248e-06 0.00105699 0.0433206 0.293515 0.000870112 1.88295e-06 0.00734884 0.0115144 0.000181874 0.0204758 0.000779402 0.0954049 1.78334e-10 0.24136 0.00110198 
0.00301389 0.000187851 0.000238616 3.66423e-12 6.30664e-06 0.000136483 0.000139865 0.00158257 0.000214174 0.00286528 0.00098911 0.00327194 3.24355e-08 4.0985e-07 0.796367 4.1713e-05 2.34187e-05 0.00345059 0.0472005 0.0342921 0.00458241 0.0155775 0.067689 4.52661e-07 0.0180824 4.57557e-05 
0.00020074 3.95731e-07 0.0128791 2.47987e-08 6.34492e-07 1.60378e-06 6.9567e-05 0.0537888 0.0126252 0.0130405 0.00894602 0.00184763 2.81228e-05 1.00428e-09 0.471595 0.00380642 1.2362e-05 0.000512193 0.00591465 0.0580806 0.00264744 0.00667218 0.256159 1.37319e-07 0.0911074 6.46491e-05 
0.0102349 9.5869e-05 0.00636753 4.29833e-08 2.06383e-06 3.98715e-05 0.000863471 0.000776856 0.186276 0.00910151 0.0175812 0.000634916 0.00352051 8.47806e-07 0.506797 0.00640521 3.02652e-05 0.00773328 0.0198604 0.00941016 0.0212392 0.00267389 0.0643271 3.80381e-06 0.0920658 0.0339588 
1.16237e-06 1.85281e-11 0.00554243 1.62165e-11 7.78343e-08 2.92869e-11 5.34277e-08 1.38563e-07 0.00125712 3.64191e-07 8.4667e-08 4.29525e-09 1.31748e-07 1.90967e-11 0.79171 1.37435e-11 3.89293e-12 0.00484527 8.5146e-07 4.75244e-07 6.93856e-07 0.0466487 0.149992 1.72704e-11 4.52143e-07 4.32115e-07 
0.0324707 0.00312225 0.000881132 2.29521e-10 1.61814e-06 1.65027e-06 3.3945e-05 0.0157339 0.00220971 0.00770188 0.0108924 0.000685021 3.88214e-05 2.70287e-10 0.677877 0.000593064 6.50826e-05 0.00140027 0.0523453 0.00637003 0.00402265 0.011581 0.13654 1.05313e-05 0.0352338 0.000188301 
0.00118818 7.62912e-07 0.000113003 9.88783e-12 3.3504e-06 1.81206e-09 0.000102609 0.000118165 0.000487508 0.00587174 0.00317594 0.000127501 3.67568e-07 3.03304e-09 0.763161 4.59162e-06 6.46665e-05 0.00091943 0.0149127 0.133348 0.00347079 0.011373 0.0564251 6.06149e-07 0.00513039 1.24646e-07 
0.00254126 0.010197 0.00110515 4.19375e-09 5.71848e-05 7.38716e-05 0.000231456 0.0281853 0.0110331 0.0128876 0.00572881 0.00951921 4.67321e-06 4.93861e-09 0.636092 0.000696789 0.000967016 0.000511868 0.0596972 0.105951 0.00339992 0.00749488 0.0817406 0.000124109 0.0216207 0.000140019 
0.00279121 0.000156398 0.000671801 6.36265e-08 1.15499e-06 3.71937e-06 5.13645e-05 0.000970182 0.00504955 0.0337318 0.0234967 0.000448857 5.44387e-05 1.67881e-09 0.726167 2.79625e-05 6.14447e-05 0.00507931 0.0694046 0.00831284 0.0250379 0.0367936 0.0459546 1.64809e-06 0.0154654 0.000266668 
0.00170446 2.99303e-06 0.0147888 1.17004e-07 0.0617609 3.561e-06 4.9477e-06 5.40912e-05 0.0980093 0.00178458 4.86837e-05 0.107013 9.98262e-06 1.37785e-07 0.504618 7.40789e-06 8.45228e-05 0.00722244 0.035044 0.0688458 0.00401034 0.00104118 0.032047 1.24608e-07 0.0203049 0.0415887 
0.0470373 0.000151763 0.0072836 1.49957e-05 0.000367016 9.301e-06 0.0025504 0.00656418 0.0910579 0.0110238 0.011683 0.00948835 0.00139465 4.94905e-05 0.446532 0.000771415 0.0104332 0.0215097 0.0322986 0.0918792 0.0168051 0.0103604 0.0656901 2.51092e-05 0.114142 0.000877634 
0.00457379 0.000100697 0.00139466 8.54767e-12 6.82958e-06 7.33586e-05 8.79529e-05 0.00106425 0.000431175 0.00261193 0.000937802 0.00176365 0.000234119 3.98146e-07 0.786145 2.23669e-05 1.25543e-05 0.00391254 0.0364413 0.0223356 0.00447326 0.0233618 0.095177 2.44504e-07 0.014747 9.09198e-05 
0.00118818 7.62912e-07 0.000113003 9.88783e-12 3.3504e-06 1.81206e-09 0.000102609 0.000118165 0.000487508 0.00587174 0.00317594 0.000127501 3.67568e-07 3.03304e-09 0.763161 4.59162e-06 6.46665e-05 0.00091943 0.0149127 0.133348 0.00347079 0.011373 0.0564251 6.06149e-07 0.00513039 1.24646e-07 
0.0803857 0.00344594 2.21287e-06 1.61173e-08 9.10926e-07 1.08001e-07 0.00162415 0.00391559 0.00136728 1.19687e-06 2.21866e-05 0.00382484 9.44063e-08 2.70755e-11 0.687712 5.61774e-06 0.00161002 0.0245703 0.0838153 2.44598e-05 3.27968e-06 2.28459e-05 4.07506e-06 2.17952e-07 0.107634 7.49964e-06 
0.000332215 0.00132158 0.00399363 9.10799e-12 5.15748e-07 1.53015e-06 8.71504e-09 0.00386823 0.0835665 0.0143565 0.00493544 0.00255711 0.000375718 1.07257e-11 0.512698 4.92511e-05 6.06525e-05 0.00390389 0.129735 0.000135713 0.00451143 0.000708983 0.168245 1.70032e-05 0.0645296 9.61773e-05 
0.00301389 0.000187851 0.000238616 3.66423e-12 6.30664e-06 0.000136483 0.000139865 0.00158257 0.000214174 0.00286528 0.00098911 0.00327194 3.24355e-08 4.0985e-07 0.796367 4.1713e-05 2.34187e-05 0.00345059 0.0472005 0.0342921 0.00458241 0.0155775 0.067689 4.52661e-07 0.0180824 4.57557e-05 
0.0851608 6.74497e-06 0.00399077 1.32512e-10 0.040621 6.02287e-05 1.07875e-07 0.000363254 0.00768931 0.00447002 0.0283764 0.00158648 1.32826e-05 1.00603e-05 0.302873 3.1808e-05 1.07909e-05 0.000204012 0.149175 0.00128129 0.00867541 0.00822725 0.084597 0.000125498 0.270212 0.002238 
0.00301389 0.000187851 0.000238616 3.66423e-12 6.30664e-06 0.000136483 0.000139865 0.00158257 0.000214174 0.00286528 0.00098911 0.00327194 3.24355e-08 4.0985e-07 0.796367 4.1713e-05 2.34187e-05 0.00345059 0.0472005 0.0342921 0.00458241 0.0155775 0.067689 4.52661e-07 0.0180824 4.57557e-05 
0.00707548 0.000609674 0.00139074 6.169e-08 0.000508738 0.000273497 0.00545725 0.00603058 0.00514668 0.0195909 0.0537363 0.0162818 0.000608235 0.0125958 0.392603 0.00100808 0.000913528 0.0105642 0.133802 0.11379 0.00867524 0.0172978 0.150243 4.48109e-06 0.0411087 0.000684304 
0.0501495 2.47984e-05 0.00601678 0.00103707 0.00240766 4.57126e-06 0.000156145 0.0101564 0.0309359 0.0356202 0.0328921 0.0356662 0.00159654 0.000144733 0.293278 0.00104397 0.00430671 0.0435446 0.107686 0.0935106 0.0172592 0.0149653 0.166299 6.86082e-06 0.0508726 0.000418298 
0.0207304 0.000213179 0.000585513 9.30452e-08 0.00108762 6.20381e-07 8.84265e-05 0.000498565 0.00208847 0.132538 0.0146115 0.084955 0.000250919 8.79544e-08 0.262916 0.000737096 0.00485086 0.0423539 0.0374985 0.221721 0.00555709 0.0688898 0.080827 4.82495e-06 0.0168092 0.000186708 
0.00235886 0.00169208 0.00312529 8.25302e-07 7.62374e-05 3.44988e-05 0.000126518 0.00380365 0.00190713 0.00599384 0.0132203 0.00330487 0.000312177 9.73304e-05 0.829289 0.000146599 0.000370604 0.002698 0.0161278 0.0328352 0.00591113 0.00767628 0.0575273 1.30087e-06 0.0108994 0.000463963 
0.000368033 8.19851e-10 1.91096e-10 7.17562e-10 8.82873e-10 1.29591e-09 6.06029e-10 1.5822e-05 2.94598e-07 0.00147337 1.07963e-10 9.59566e-05 3.13409e-10 8.4501e-10 0.947433 1.29539e-06 2.7574e-07 4.12933e-05 0.000452032 0.00514304 0.0101239 0.00326983 0.0278725 1.48948e-07 0.00370967 6.50341e-10 
0.032351 6.4698e-06 0.00119151 6.93575e-06 4.42483e-05 0.000131869 3.636e-05 8.59908e-06 0.00231229 0.00550075 0.00907135 0.000965774 4.53605e-05 5.76319e-12 0.702843 7.95374e-05 8.37454e-05 0.0046877 0.0532698 0.023439 0.00698084 0.0883997 0.0616608 5.48623e-06 0.00665801 0.000219468 
0.00201176 0.000200177 0.00505792 8.73019e-10 6.04567e-07 9.35621e-07 6.36981e-05 0.000837304 8.54745e-05 0.00373029 0.0235174 0.000376562 0.000526349 1.2902e-08 0.708849 2.22848e-05 3.87593e-05 0.004925 0.00244936 0.0102849 0.0782742 0.0369179 0.0987396 8.69593e-07 0.0229658 0.000123882 
0.0161123 4.66343e-05 0.00162118 2.5169e-07 0.00173298 0.000173554 0.000167253 0.00361117 0.000697081 0.0119918 0.0182117 0.00382368 3.8435e-05 6.99848e-06 0.440971 0.000205494 9.10286e-05 0.00256251 0.0426196 0.375346 0.00326059 0.00671591 0.0492719 5.4369e-06 0.0203673 0.000348874 
0.0102168 7.41428e-05 0.0340948 1.88486e-07 2.25381e-05 1.10539e-05 0.000103359 0.0436698 0.00319881 0.00394739 0.0193372 0.000177 0.00521065 8.67615e-05 0.489836 1.04277e-05 8.45804e-06 0.0122765 0.0137585 0.00549495 0.0321529 0.0447068 0.0164119 0.000136052 0.260471 0.00458593 
0.00118818 7.62912e-07 0.000113003 9.88783e-12 3.3504e-06 1.81206e-09 0.000102609 0.000118165 0.000487508 0.00587174 0.00317594 0.000127501 3.67568e-07 3.03304e-09 0.763161 4.59162e-06 6.46665e-05 0.00091943 0.0149127 0.133348 0.00347079 0.011373 0.0564251 6.06149e-07 0.00513039 1.24646e-07 
0.0118562 0.000633428 0.0058251 1.93816e-09 0.00137915 7.64751e-05 0.000238275 0.000163341 0.010092 0.0115883 0.00358602 0.00140714 0.000576253 5.07443e-09 0.788561 7.98887e-08 0.00517078 0.00486626 0.0291869 0.000748679 0.00329689 0.000743412 0.0978608 3.63716e-05 0.0220732 3.41114e-05 
0.00301389 0.000187851 0.000238616 3.66423e-12 6.30664e-06 0.000136483 0.000139865 0.00158257 0.000214174 0.00286528 0.00098911 0.00327194 3.24355e-08 4.0985e-07 0.796367 4.1713e-05 2.34187e-05 0.00345059 0.0472005 0.0342921 0.00458241 0.0155775 0.067689 4.52661e-07 0.0180824 4.57557e-05 
0.0193551 0.0359053 0.00290063 3.97876e-07 3.61582e-05 2.30797e-05 0.000402588 0.00340157 0.0366655 0.0552372 0.0024096 0.00553106 0.00162797 6.43156e-05 0.431468 1.48609e-05 0.00168165 0.0136475 0.00430911 0.0952328 0.172359 0.00127397 0.053038 3.6249e-07 0.0519162 0.0114976 
4.98132e-06 0.20021 0.0203303 7.32447e-09 9.01186e-09 1.32279e-08 3.08428e-06 4.43828e-09 0.117727 2.42956e-05 1.10202e-09 2.748e-05 3.1991e-09 8.62538e-09 0.634326 6.20751e-09 1.70785e-06 0.00186741 1.11633e-09 4.85466e-06 4.67913e-06 0.0140762 0.0104758 7.80051e-09 0.000916205 6.63831e-09 
0.0310839 0.000304504 0.00209758 7.68521e-11 0.000107415 6.82077e-07 2.81155e-05 0.00143587 0.00608982 0.0398686 0.00704161 0.00323564 0.0462021 5.04841e-06 0.651884 1.37655e-05 4.50695e-05 0.00630858 0.00728145 0.0637623 0.0165665 0.00333105 0.0736927 9.91671e-06 0.0256075 0.0139961 
0.0106433 5.13094e-05 0.0254427 9.28421e-07 0.00614563 0.00062763 0.0184342 0.00027475 0.063851 0.112689 0.0115972 0.003724 0.0178151 8.03572e-05 0.227442 0.00107801 0.000326135 0.0446785 0.0427344 0.182159 0.0258394 0.00760795 0.129179 2.27706e-06 0.066791 0.000784214 
0.0398061 0.0246032 0.00423622 0.00332957 0.023406 4.52052e-05 0.000249275 0.0012631 0.0111016 0.0247903 0.0296907 0.000561764 0.00696013 3.07058e-05 0.319559 0.000649501 0.000180105 0.0241131 0.0313149 0.00527057 0.217442 0.015235 0.156699 0.000290455 0.058166 0.00100679 
0.0524537 3.28957e-05 0.00770212 1.88013e-07 0.00502455 0.00505721 0.000442635 0.000251641 0.0339113 0.0727947 0.0004381 0.0205921 6.93344e-05 6.30849e-06 0.197703 0.00064344 0.00248015 0.194544 0.064003 0.053791 0.153268 0.013886 0.0480852 1.52198e-05 0.0717233 0.00108006 
0.00754503 0.000130305 0.00078548 1.91046e-12 2.06661e-05 4.02958e-06 1.60815e-05 0.0026499 0.00214993 0.00147092 0.0273904 0.00151885 8.83482e-09 2.24977e-12 0.81916 1.75221e-05 1.48701e-05 0.000901546 0.00442982 0.0091477 0.00381826 0.00848595 0.0416176 1.61929e-06 0.067726 0.000997582 
0.036215 8.84949e-05 0.0141092 1.28733e-09 0.0133987 4.95768e-07 1.79399e-07 0.000150479 0.00074377 0.0577773 0.000919744 0.0104464 0.000363271 1.01311e-07 0.5589 1.09102e-09 2.19329e-05 0.150653 0.0335133 0.00813804 0.000694929 0.00197136 0.0696899 4.25253e-08 0.0421652 3.91523e-05 
0.0534281 3.93893e-05 0.000323965 9.37668e-10 5.56882e-08 1.07503e-07 1.29444e-07 0.00439287 0.000905968 0.00187937 0.00226911 7.78265e-05 0.000210504 1.10421e-09 0.691469 2.42726e-05 6.42614e-06 0.00240532 0.00454916 0.00250091 0.0470539 0.000124238 0.160265 1.0091e-07 0.0276848 0.000389879 
0.0386293 4.02458e-05 0.00202435 0.0105935 0.00187378 3.47303e-05 2.59298e-05 0.0149158 0.00117306 0.042456 0.185368 0.0118204 0.00132739 0.000787123 0.234181 0.0738352 0.0108495 0.0376162 0.0404372 0.0386222 0.0129535 0.0768247 0.12002 2.36129e-06 0.0435646 2.4362e-05 
0.051196 0.000399171 0.00693353 9.12826e-11 1.91141e-05 4.77452e-07 0.00363956 0.00019524 0.0375113 0.00904772 0.00723422 0.00056731 1.76736e-05 1.50932e-06 0.562216 2.68716e-06 4.18627e-05 0.00548763 0.0561039 0.0633474 0.00382249 0.00562771 0.0608507 3.47341e-07 0.125453 0.000283386 
0.00617884 1.09495e-07 0.0124458 1.39323e-09 2.16553e-08 1.2437e-05 4.47138e-08 0.0003524 0.033442 0.0172756 7.55693e-05 0.000620504 0.0015899 1.65396e-11 0.313069 0.00154767 5.73773e-05 0.0207341 0.0615373 0.000571468 0.0130892 0.0220801 0.222861 9.27247e-07 0.272458 1.27293e-11 
0.000309163 1.72128e-08 2.52572e-08 4.49317e-12 1.36425e-08 8.11463e-12 9.58885e-05 0.00016525 3.19204e-08 0.00145365 5.3199e-08 0.000329716 6.18657e-10 5.2912e-12 0.782883 3.80798e-12 1.06389e-05 6.79548e-05 0.0171479 0.11184 0.00293525 6.51639e-05 0.0820402 3.76406e-09 0.000655542 4.07225e-12 
0.00113755 0.000529041 0.000993285 3.37642e-08 1.91203e-05 6.46541e-06 0.000292207 0.00541651 0.00265388 0.0118816 0.0117362 0.00614173 3.02655e-08 1.26414e-11 0.456743 0.00024175 0.000187729 0.00142855 0.00462961 0.392711 0.00582374 0.00519265 0.0561209 4.40529e-06 0.0357366 0.000372503 
0.00405141 0.000199477 0.00222653 1.86419e-11 2.39138e-06 4.40256e-07 0.11207 0.000623202 0.00183935 0.0202145 0.00252743 0.001652 8.38708e-07 9.14588e-08 0.457933 9.51999e-05 0.000419437 0.00129894 0.0242741 0.242201 0.00707003 0.03061 0.0802482 1.55223e-05 0.00860729 0.00181991 
0.0043602 2.13192e-07 0.0324304 7.6765e-10 9.445e-10 1.38637e-09 4.12271e-07 0.000661515 0.182547 0.0335144 2.01609e-05 0.000465114 0.000194749 9.03994e-10 0.500011 0.023216 7.76609e-06 0.00509483 0.016926 1.07916e-05 0.00367998 0.00179802 0.0584539 6.66079e-05 0.136542 6.95736e-10 
0.0158257 1.67493e-06 0.00117571 0.000233395 1.11541e-05 2.03102e-07 2.56173e-05 0.00422355 0.00213546 0.00583071 0.00473641 0.00445617 4.42586e-07 2.08005e-06 0.478921 0.000433132 4.1183e-05 0.00517372 0.0314779 0.222368 0.00519419 0.0221414 0.104299 4.08792e-08 0.0899943 0.00129789 
0.0248033 5.70307e-05 0.00166417 1.90192e-10 6.10847e-06 3.62004e-06 2.59226e-05 0.00026961 0.000119324 0.00619855 0.000451328 0.00241982 0.00324976 2.23973e-10 0.466293 2.34277e-05 6.08894e-06 0.0350309 0.00164363 0.02304 0.0273136 0.00503177 0.371913 2.35237e-07 0.0303553 8.04394e-05 
0.00621132 0.000283452 0.00166929 9.43749e-09 9.20795e-05 0.00052875 0.00361462 0.00196273 0.0111633 0.0182858 0.0501979 0.0168873 0.00150326 0.0235204 0.368616 0.00150614 2.6091e-05 0.0116954 0.149856 0.0324452 0.0116775 0.0188381 0.218479 4.5383e-06 0.049862 0.00107391 
0.0161016 0.000375578 0.0235739 2.85815e-06 1.97698e-05 4.72285e-05 0.000242978 0.0244887 0.00312929 0.022799 0.0178307 0.000854491 0.00200974 1.7395e-07 0.372948 3.11463e-05 1.2467e-05 0.0266269 0.0779002 0.00451305 0.0292624 0.0303973 0.245862 1.644e-06 0.100939 2.94118e-05 
0.0126441 3.20154e-06 0.0666012 5.61094e-05 0.0102381 0.000110365 0.0263161 0.000102328 0.0790895 0.0265266 0.000417707 0.00567898 0.0013313 0.000109272 0.459712 3.52926e-05 0.00217056 0.0150119 0.0165879 0.0458567 0.0695207 0.00346649 0.0506181 1.12822e-05 0.105213 0.00257069 
7.61132e-05 3.88028e-05 0.0119171 1.06835e-06 1.31447e-06 1.92943e-06 0.00144112 9.34542e-05 0.00753057 0.000102785 0.000116348 7.87616e-05 1.8135e-06 1.2581e-06 0.80693 9.05428e-07 3.27929e-06 0.00144261 0.0111113 0.000222639 0.00585776 1.5455e-05 0.000749692 9.34817e-06 0.152254 9.68264e-07 
0.0422841 5.94252e-05 0.0519907 1.47119e-07 0.000260184 3.71936e-05 6.86076e-05 0.00215203 0.00226449 0.0295022 0.0475944 0.00187376 0.000378092 2.65319e-05 0.306118 0.00340544 1.33383e-05 0.0250248 0.0767935 0.021898 0.0118043 0.0447965 0.224318 4.297e-06 0.107062 0.000270398 
0.103057 3.41537e-08 0.00180419 9.04158e-12 6.92433e-05 4.64252e-05 5.79079e-08 0.000128388 1.72114e-05 0.155622 4.35479e-05 0.0781992 0.0011069 1.06475e-11 0.187319 0.023978 6.19515e-05 0.0266126 0.0173651 0.143011 0.0206535 0.0954586 0.138944 1.46159e-08 0.00650178 2.74598e-08 
0.0146329 0.000472544 0.00242478 2.19361e-06 0.000334149 2.05464e-05 1.46914e-05 0.00102003 0.000413497 0.0177124 0.00769418 0.0165619 0.00829762 3.20769e-09 0.650643 5.02696e-05 1.09814e-05 0.028581 0.00563309 0.0500061 0.00491569 0.0136267 0.154116 3.15473e-07 0.0227088 0.000105896 
0.000908769 0.000195426 0.000228064 1.01577e-12 1.68115e-06 2.66053e-07 2.41149e-05 0.00221905 0.000112738 0.000934184 0.0339401 0.000484496 4.43657e-13 1.19618e-12 0.859237 2.62642e-05 2.23014e-05 0.000582808 0.00201321 0.00884168 0.00161789 0.00899151 0.0459255 2.42636e-06 0.0333435 0.000346752 
0.0245111 4.6935e-06 0.000298235 7.8908e-10 0.000106688 2.63109e-05 8.18777e-06 8.58354e-05 2.07379e-06 0.00999866 0.00128714 0.00202258 0.0149834 9.2923e-10 0.399322 0.0175415 1.39945e-07 0.0519829 0.000204279 0.129739 0.0521343 0.00113311 0.285855 8.40365e-10 0.00388802 0.00486474 
0.0132304 0.000398804 0.000350414 6.6737e-12 6.73567e-05 0.000366572 3.41512e-05 0.00103941 0.0152082 0.0929309 0.00613294 0.127327 0.0028524 1.38428e-07 0.200383 0.00188636 0.0003756 0.064088 0.178737 0.0569971 0.0317817 0.0531445 0.113068 1.30596e-05 0.0387442 0.000842383 
0.0227741 0.0102225 0.00812513 1.05493e-09 4.70838e-05 7.50201e-06 5.36962e-05 0.00708137 0.00760278 0.0180381 0.000593963 0.00273483 0.00388516 3.93507e-12 0.677746 0.00139383 0.0129825 0.00620606 0.0685719 0.000166595 0.00834532 0.00204847 0.0655549 4.95278e-05 0.0755916 0.000176966 
0.000908769 0.000195426 0.000228064 1.01577e-12 1.68115e-06 2.66053e-07 2.41149e-05 0.00221905 0.000112738 0.000934184 0.0339401 0.000484496 4.43657e-13 1.19618e-12 0.859237 2.62642e-05 2.23014e-05 0.000582808 0.00201321 0.00884168 0.00161789 0.00899151 0.0459255 2.42636e-06 0.0333435 0.000346752 
1.16237e-06 1.85281e-11 0.00554243 1.62165e-11 7.78343e-08 2.92869e-11 5.34277e-08 1.38563e-07 0.00125712 3.64191e-07 8.4667e-08 4.29525e-09 1.31748e-07 1.90967e-11 0.79171 1.37435e-11 3.89293e-12 0.00484527 8.5146e-07 4.75244e-07 6.93856e-07 0.0466487 0.149992 1.72704e-11 4.52143e-07 4.32115e-07 
0.0159043 0.0155944 0.00285298 0.0029572 5.33212e-05 0.000502619 0.000363948 0.00204112 0.0530065 0.0479616 0.00496302 0.0157315 0.0116139 0.00184251 0.349739 0.000922052 0.000169286 0.03052 0.156772 0.0305264 0.0300902 0.00132849 0.197952 6.50019e-05 0.0265052 2.10855e-05 
0.129512 2.81822e-06 0.00730222 1.98809e-07 5.30482e-05 0.00179492 1.09143e-05 0.000961817 0.0084412 0.0270515 0.000205627 0.0607132 0.00834796 0.000118624 0.190725 0.000457052 2.64259e-05 0.0179522 0.174287 0.0722246 0.0050928 0.0350559 0.120882 0.000688951 0.137788 0.000302508 
0.0176636 0.00171922 0.00700853 1.65494e-06 4.21498e-05 4.18045e-05 0.000456601 0.0032748 0.0272945 0.049697 0.00909073 0.00283614 0.00236177 0.00946419 0.496836 0.00599175 9.35913e-05 0.00941378 0.0779391 0.0524261 0.0208075 0.0523289 0.11537 5.44073e-05 0.0374857 0.000300318 
0.00974343 0.000985436 0.00621271 7.69972e-08 7.69712e-08 7.69064e-08 7.70146e-08 0.00459173 0.010376 0.0276085 0.0231665 0.0062194 9.255e-05 7.69772e-08 0.377926 7.70144e-08 0.000377783 0.00178847 0.0403041 0.0243956 0.0118018 0.00166498 0.354872 0.000231047 0.0976418 7.70077e-08 
0.0831104 2.21103e-06 0.0149796 1.90915e-07 0.00185721 4.45566e-07 1.61239e-07 0.000117888 0.00561784 0.121223 8.28832e-05 0.0227123 0.0154534 9.1078e-08 0.258989 0.000279159 1.11595e-08 0.0650302 0.00551025 0.014714 0.10211 0.00268197 0.210708 1.26585e-09 0.0746921 0.000128352 
0.00457379 0.000100697 0.00139466 8.54767e-12 6.82958e-06 7.33586e-05 8.79529e-05 0.00106425 0.000431175 0.00261193 0.000937802 0.00176365 0.000234119 3.98146e-07 0.786145 2.23669e-05 1.25543e-05 0.00391254 0.0364413 0.0223356 0.00447326 0.0233618 0.095177 2.44504e-07 0.014747 9.09198e-05 
0.00516643 2.45427e-08 3.73233e-06 4.17845e-12 3.31251e-08 5.79918e-09 4.1615e-08 0.000176629 0.000238237 0.00162444 0.000196049 0.00236436 8.52306e-08 4.92059e-12 0.45637 1.06179e-05 0.000366988 0.00547767 0.00123567 0.182437 0.0196746 0.00383772 0.117349 4.45002e-12 0.00048044 0.20299 
0.00552441 6.01395e-06 0.0826967 6.96389e-05 1.58179e-05 8.65516e-06 0.000197303 0.00217402 0.0257105 0.00748825 0.00363945 0.00133201 0.00224069 8.83429e-05 0.581577 2.06223e-05 0.00238079 0.00217662 0.00558466 0.00346536 0.00574625 0.00234306 0.21493 3.05882e-06 0.0353812 0.0151993 
0.00395513 0.00236598 0.00352754 8.65359e-11 1.37387e-05 1.99809e-08 9.07885e-06 0.0118253 0.0275894 0.0314374 0.00402199 0.00106328 1.47182e-05 6.44573e-05 0.463619 0.00197327 2.76362e-05 0.0011711 0.0756239 0.000598794 0.0021476 0.00190522 0.335031 0.000172905 0.0316124 0.0002292 
0.0523613 0.00146471 0.0211501 2.82403e-06 0.000554619 0.000384163 0.000107881 0.000965833 0.00763133 0.0248678 0.00219708 0.00354915 0.000749215 7.30877e-06 0.37342 0.000596788 0.0102051 0.040383 0.0693967 0.136397 0.0107955 0.0143125 0.172157 1.43598e-05 0.0562524 7.5523e-05 
1.16237e-06 1.85281e-11 0.00554243 1.62165e-11 7.78343e-08 2.92869e-11 5.34277e-08 1.38563e-07 0.00125712 3.64191e-07 8.4667e-08 4.29525e-09 1.31748e-07 1.90967e-11 0.79171 1.37435e-11 3.89293e-12 0.00484527 8.5146e-07 4.75244e-07 6.93856e-07 0.0466487 0.149992 1.72704e-11 4.52143e-07 4.32115e-07 
0.219715 0.000192756 0.00659568 2.18292e-09 3.4969e-05 0.000161491 0.00106725 0.002406 0.000902763 0.00612777 0.0227593 0.00017263 0.00179518 8.42998e-11 0.309397 0.00287271 2.87297e-05 0.00604725 0.025132 0.00707455 0.0288018 0.0706324 0.252608 6.91701e-07 0.0351039 0.00037074 
0.00434586 0.015452 0.000488313 1.95368e-08 7.15832e-06 0.00148444 7.97627e-05 0.00191635 0.01102 0.0118829 0.0228907 8.33242e-05 5.19143e-05 5.41502e-09 0.586628 0.00288943 3.92886e-05 0.00177795 0.04089 0.0412623 0.00300234 0.011249 0.194117 2.46989e-05 0.048362 5.48595e-05 
0.0014004 1.5513e-06 0.000232551 2.44273e-12 3.33388e-06 7.5056e-10 0.000156923 0.000153636 0.000124491 0.0135078 0.00251914 0.000127454 3.58868e-07 2.87659e-12 0.669564 0.000139565 1.67357e-05 0.000255778 0.0237525 0.119401 0.00348862 0.00908873 0.15141 6.00956e-07 0.00461867 3.58154e-05 
