0.0158495 5.52657e-08 0.0405607 7.75148e-07 0.00525049 0.000171652 0.000131536 0.000781876 0.00160028 0.00954601 0.000627879 0.00304808 0.00356304 4.3944e-08 0.636249 1.23167e-06 0.0100255 0.0129372 0.00248361 0.0383192 0.0452046 0.00235224 0.100433 1.24202e-06 0.0154889 0.0553725 
0.0015652 0.000428046 0.00110699 6.67975e-08 6.8945e-06 7.03467e-05 0.000421758 0.00027832 0.0168507 0.0293562 4.16123e-05 0.00199186 0.0001795 4.67209e-06 0.387814 3.76648e-05 2.41307e-05 0.00279488 0.0467438 0.167713 0.0145801 0.0052183 0.29459 1.55174e-05 0.028159 6.73773e-06 
0.059602 0.00888477 0.046418 6.96912e-05 1.45038e-05 6.23217e-05 0.0254971 3.80671e-05 0.0302369 0.00523646 0.0513814 0.000378227 0.0460098 2.94382e-05 0.309978 0.000996619 0.00626369 0.00452477 0.0534484 0.0820036 0.0104068 0.046818 0.102684 6.60787e-06 0.105172 0.00383803 
0.00308886 0.029641 0.000668524 2.75677e-08 1.50176e-05 0.00311647 5.54625e-08 0.00216529 0.0181825 0.00701917 0.0460018 6.74183e-05 6.78045e-08 1.57047e-11 0.689363 0.000944425 3.99254e-05 0.00208232 0.0157999 0.00241081 0.00321776 0.00821648 0.0758521 9.28601e-08 0.0920295 7.79018e-05 
0.00025877 0.000433786 0.000417115 2.7175e-08 5.26655e-05 2.5301e-05 0.00125525 0.00283702 0.0209222 0.00396029 0.000249423 0.00285083 0.00143166 3.20016e-08 0.726277 0.000147337 2.6143e-05 0.0046187 0.0123547 0.00120015 0.0325712 0.000633693 0.169791 6.63519e-07 0.0174818 0.000203025 
0.0598482 9.21921e-05 0.000609436 0.00024738 0.00099053 9.57166e-05 0.00022766 0.000564204 0.00355396 0.034911 0.00183095 0.0321195 0.000175149 2.64308e-05 0.247252 0.239235 0.00521499 0.0504779 0.0162137 0.0204262 0.0176425 0.108424 0.101543 1.79774e-06 0.0101592 0.0481167 
0.0211823 3.93037e-07 6.87648e-05 6.85291e-12 8.12242e-07 0.000106937 3.11467e-05 0.000113842 0.00211527 0.0131546 0.000396778 0.00034274 0.000156951 0.000809682 0.541195 0.00136501 3.10662e-06 0.00469811 0.302381 0.00321168 0.00368834 0.000417554 0.102269 1.44848e-06 0.00228889 1.88872e-07 
0.103423 0.0216349 0.00282704 7.58469e-06 0.000295274 4.72288e-05 5.03656e-06 0.027303 0.00319483 0.00844435 0.000554785 0.000212161 2.23757e-05 0.00030649 0.344596 0.000553675 4.45383e-05 0.026999 0.0327501 0.0080251 0.159647 0.00407557 0.205351 2.82844e-05 0.0496394 1.22377e-05 
3.87777e-08 1.6047e-07 9.88473e-07 2.16902e-10 2.66872e-10 9.45506e-05 0.00120338 1.23509e-06 0.0259227 0.0118838 4.27287e-07 0.0342536 4.91107e-07 2.55426e-10 0.600549 1.22992e-07 4.94261e-08 0.00117476 1.53888e-06 0.00553185 0.00396375 5.47224e-07 0.232262 2.30999e-10 0.0182267 0.064928 
0.133129 0.0366315 8.07148e-05 4.11222e-08 0.000261236 1.82617e-06 0.000810898 0.00323048 0.0479921 0.00118577 0.00235834 8.93312e-05 1.7681e-06 4.84259e-08 0.560312 8.31066e-06 1.02643e-05 0.0258625 0.0146378 0.0483664 0.0111895 0.000142875 0.0643279 7.99095e-07 0.0489179 0.000450927 
0.0821931 1.88133e-06 0.00123315 5.78164e-11 8.81303e-07 1.04416e-10 4.88298e-11 0.000162461 0.000433555 0.0265913 0.00363615 0.000166596 0.000109865 0.00798788 0.394016 0.000115668 7.78306e-07 0.00136314 0.0234415 0.000374102 0.0302489 0.00184838 0.363479 5.57817e-07 0.0622471 0.000347656 
0.00502338 0.000345907 0.00135885 9.46062e-07 1.72593e-05 0.00022646 0.000218082 0.00368542 0.00457346 0.00812593 0.010498 0.000886438 0.00116201 6.2007e-11 0.632523 0.00532041 3.72733e-05 0.00808428 0.0202347 0.0258746 0.0290469 0.021797 0.185523 4.18605e-07 0.0351236 0.000312326 
0.00164439 2.6511e-05 0.000751452 1.1458e-11 2.86018e-05 5.48111e-09 0.00023072 0.000470263 0.00466735 0.145765 0.0200724 0.000884352 0.0044102 1.3493e-11 0.398129 0.000607186 6.12151e-05 0.00453902 0.0884481 0.0725073 0.0197573 0.0161763 0.208438 9.03205e-06 0.0121662 0.000210096 
0.0473145 1.62661e-05 0.00105776 1.63083e-10 0.000989278 0.000262284 0.000137187 0.00887677 0.000150895 0.034884 0.00246442 0.0101567 0.000484972 0.00184964 0.240356 0.000328733 0.00155648 0.0202063 0.175441 0.103818 0.061521 0.0623716 0.212501 2.66458e-07 0.0132478 7.9213e-06 
0.0158149 0.000628713 0.000199428 4.07371e-08 1.66993e-06 0.000397032 0.000107684 0.00194639 5.38726e-05 0.00237037 0.000800158 0.00142229 1.82887e-11 0.000949971 0.692237 0.00168803 4.81251e-05 0.00603373 0.0288317 0.00329523 0.0186413 0.0396921 0.137854 6.99017e-07 0.0468196 0.000165812 
0.0491763 0.000244031 0.00476567 0.000289464 0.000696662 4.99804e-05 0.000686321 0.000660404 0.00223884 0.0168875 0.00541958 0.00066811 0.0102675 2.75241e-07 0.556109 0.0176649 5.13233e-05 0.0390597 0.0187473 0.0404512 0.0250765 0.0389547 0.151455 1.61383e-05 0.0202022 0.000161456 
0.0270186 5.82182e-07 0.00804725 3.72992e-10 9.27685e-05 6.73621e-10 3.15016e-10 3.5301e-07 0.00146589 0.0195989 0.00160902 0.000330026 0.00136016 4.05174e-07 0.326354 0.000192832 6.57893e-08 0.0350615 0.0101122 0.0214794 0.229684 0.0130018 0.1709 3.97234e-10 0.0935828 0.0401079 
3.87777e-08 1.6047e-07 9.88473e-07 2.16902e-10 2.66872e-10 9.45506e-05 0.00120338 1.23509e-06 0.0259227 0.0118838 4.27287e-07 0.0342536 4.91107e-07 2.55426e-10 0.600549 1.22992e-07 4.94261e-08 0.00117476 1.53888e-06 0.00553185 0.00396375 5.47224e-07 0.232262 2.30999e-10 0.0182267 0.064928 
0.00826802 0.000180364 1.26594e-05 4.13678e-12 3.08769e-09 5.98844e-09 2.47001e-06 0.00182105 0.000105152 0.00161102 0.000691041 0.000439508 1.80682e-12 4.87152e-12 0.78527 5.67056e-06 3.71532e-06 0.00121339 0.00821703 0.0126499 0.0126764 0.00531019 0.139318 4.63931e-07 0.0221716 3.29568e-05 
0.0025481 0.000135744 0.00023784 1.13901e-08 4.56426e-05 6.10835e-05 0.000102031 0.000181766 0.00339286 0.00262827 0.000574339 0.00089302 0.000362044 2.32178e-05 0.697731 0.000311497 2.85676e-05 0.000263843 0.215463 0.0018544 0.00286497 0.015459 0.0534382 1.69411e-05 0.00138224 1.03231e-08 
0.0241551 0.00100066 0.0085284 0.000442758 4.66784e-05 3.04744e-05 0.000862078 0.0061332 0.00710292 0.0439746 0.0389525 0.00241736 0.00167123 7.57134e-05 0.317479 0.000984927 0.000152678 0.0174105 0.0331343 0.0774201 0.0398221 0.0269803 0.311325 1.62724e-05 0.0389812 0.000899599 
0.0356426 0.00179386 0.234597 1.50654e-10 0.0104619 1.69402e-07 0.00307046 5.04246e-07 0.0124919 0.0164266 2.26671e-11 0.0576185 0.000239589 1.77412e-10 0.32894 5.13262e-05 3.61661e-11 0.113661 0.00134457 3.82221e-07 0.00365713 4.72338e-07 0.161559 3.20336e-08 0.0183099 0.000133097 
0.00118818 7.62912e-07 0.000113003 9.88783e-12 3.3504e-06 1.81206e-09 0.000102609 0.000118165 0.000487508 0.00587174 0.00317594 0.000127501 3.67568e-07 3.03304e-09 0.763161 4.59162e-06 6.46665e-05 0.00091943 0.0149127 0.133348 0.00347079 0.011373 0.0564251 6.06149e-07 0.00513039 1.24646e-07 
0.00364717 0.0153485 0.000603024 4.92042e-11 1.19248e-06 2.08479e-07 0.000427329 0.0374394 0.095069 0.0100644 0.00398555 0.00563532 1.6832e-05 5.79434e-11 0.580004 0.000701935 0.000255321 0.00250801 0.131781 0.0144828 0.00562269 0.01306 0.0461993 0.000316448 0.0326648 0.000166161 
0.000174329 0.00120344 0.000429888 5.22208e-11 5.94184e-06 3.24386e-08 2.53763e-06 0.00182292 0.0376548 0.0327775 0.000692412 0.000262196 6.88247e-07 6.14958e-11 0.708697 0.00193215 0.000109446 0.00567826 0.0055438 0.00344528 0.0350125 0.00169136 0.142546 3.18526e-05 0.0202521 3.32221e-05 
0.0550127 3.20271e-06 0.0115922 5.49777e-08 2.73691e-06 0.000201954 0.000435209 0.000177135 1.99007e-05 0.0160797 0.0586711 0.000992019 7.70625e-05 1.25946e-06 0.391528 0.00674746 1.22463e-05 0.00154374 0.112766 0.0150073 0.0591021 0.169671 0.0535463 4.7245e-05 0.0463758 0.000385722 
0.0111318 0.000146556 0.00125792 7.31748e-07 5.32442e-06 2.02277e-05 0.000179268 0.00403251 0.000571167 0.00495919 0.00113822 0.00469655 0.000658038 1.10936e-09 0.579693 2.73524e-06 0.000203399 0.00732039 0.0160386 0.122846 0.0105514 0.00625383 0.161078 4.09034e-08 0.0671671 4.87973e-05 
0.0050883 0.000251673 0.003556 1.14109e-10 1.18295e-05 2.06079e-10 4.20497e-06 0.00399802 0.0323509 0.0368357 0.000529775 0.001034 1.96241e-05 8.59421e-05 0.463182 0.0025052 2.51643e-05 0.000814043 0.0859852 0.000705932 0.00245747 0.00236409 0.341002 0.000224262 0.0168216 0.000146878 
0.00258478 1.35251e-08 0.0453864 1.18376e-08 0.000300904 0.000194486 0.000961665 0.131621 0.0295656 0.0175627 0.000209054 0.00512595 0.000212641 1.3783e-06 0.406505 0.000421408 7.94321e-05 0.00250007 0.223456 0.0157607 0.009799 0.0211134 0.0828666 2.383e-07 0.00373451 3.66231e-05 
0.00504159 8.00052e-05 0.000300749 6.86543e-08 7.08129e-06 3.23987e-05 3.50274e-05 0.0135244 0.0154567 0.101102 0.016128 0.000801205 1.68305e-05 0.000252628 0.353622 4.85426e-05 9.57054e-06 0.00514866 0.227927 0.00202676 0.000659719 0.000635817 0.236565 3.61224e-07 0.0204452 0.000132974 
0.00301389 0.000187851 0.000238616 3.66423e-12 6.30664e-06 0.000136483 0.000139865 0.00158257 0.000214174 0.00286528 0.00098911 0.00327194 3.24355e-08 4.0985e-07 0.796367 4.1713e-05 2.34187e-05 0.00345059 0.0472005 0.0342921 0.00458241 0.0155775 0.067689 4.52661e-07 0.0180824 4.57557e-05 
0.0132209 0.00192436 0.0118056 8.25108e-07 0.000545216 1.46973e-05 8.85862e-05 9.5013e-05 0.000225479 0.0199949 0.0027477 0.000421436 0.00303224 3.14571e-05 0.617267 2.25796e-05 1.83271e-05 0.000333041 0.00680881 0.00563541 0.00228825 0.000997532 0.29305 2.51806e-05 0.0193601 4.52585e-05 
0.0017174 0.0493982 4.46827e-05 2.38558e-08 2.49973e-05 0.00519268 5.86722e-08 0.00360861 0.0133695 0.00592318 0.0766689 0.000112317 7.17316e-08 1.0329e-11 0.611654 0.00157325 6.65061e-05 1.71036e-06 0.0207587 0.0011105 0.000179487 0.0136938 0.051081 9.82358e-08 0.143697 0.00012287 
0.0491677 0.000221197 0.0068923 5.85615e-06 5.86022e-05 2.6865e-05 0.000166673 0.000977216 0.00304546 0.0250929 0.0261353 0.00511696 0.00107838 0.00140817 0.46149 0.00247675 6.26762e-05 0.0061358 0.0679141 0.0798454 0.0200552 0.0363546 0.161772 8.10742e-06 0.0438234 0.000667975 
0.0318441 5.56799e-07 0.0106601 1.76087e-06 0.00122551 1.80925e-06 2.33161e-06 0.0042226 1.02891e-05 0.00522636 0.000180872 0.000534001 0.00243826 1.65116e-08 0.29855 2.30811e-06 0.000256072 0.177586 0.00313104 0.276468 0.00514444 0.0724275 0.10391 3.05473e-07 0.00617501 4.47499e-07 
0.00596919 1.21266e-07 0.125944 3.59762e-11 5.34091e-08 5.38594e-08 6.85145e-08 0.00326004 0.0254244 0.0027766 0.00160295 0.000815994 0.000526888 2.10505e-07 0.357567 0.000443426 1.34635e-06 0.0250309 0.00617603 0.0555303 0.00366141 7.22372e-05 0.347763 2.65217e-08 0.0349219 0.00251184 
0.0786685 3.92669e-05 0.00673752 4.24932e-07 0.00035037 1.02337e-05 0.000111649 0.0013583 0.00768223 0.0205883 0.00897383 0.00268 0.0105621 3.6578e-06 0.366986 0.000844924 4.46296e-05 0.0219956 0.0473715 0.0711193 0.0124836 0.0697819 0.22946 4.20719e-06 0.037975 0.00416693 
0.0588472 0.008706 0.00239855 3.27593e-09 0.000396486 5.11489e-06 0.0028205 0.0030958 0.0328397 0.0958217 0.0274148 0.0208245 0.0681102 8.49605e-05 0.214957 0.00350788 0.00189756 0.0184596 0.111893 0.024257 0.018023 0.0603484 0.179453 0.000148671 0.0441277 0.00156166 
0.0003502 2.69191e-05 0.0043879 6.56204e-11 8.74536e-09 1.69299e-08 2.04961e-08 0.00147392 0.0232644 0.00354307 0.00161761 0.00788979 1.9009e-06 7.72753e-11 0.788916 6.15782e-06 1.70887e-07 0.00457399 0.00886153 0.000138728 0.0126156 2.6151e-06 0.116285 1.93557e-06 0.0260424 1.07095e-07 
0.0304087 0.00260073 0.00692868 1.06643e-06 0.000442087 4.32225e-07 0.00157274 9.30446e-05 0.155279 0.0402478 0.00434739 0.0287963 0.00699898 4.22757e-06 0.287941 0.0014879 0.000141572 0.0758857 0.021314 0.00289759 0.00907272 0.0185211 0.270523 8.03203e-05 0.0344012 1.2538e-05 
0.0422841 5.94252e-05 0.0519907 1.47119e-07 0.000260184 3.71936e-05 6.86076e-05 0.00215203 0.00226449 0.0295022 0.0475944 0.00187376 0.000378092 2.65319e-05 0.306118 0.00340544 1.33383e-05 0.0250248 0.0767935 0.021898 0.0118043 0.0447965 0.224318 4.297e-06 0.107062 0.000270398 
0.00516643 2.45427e-08 3.73233e-06 4.17845e-12 3.31251e-08 5.79918e-09 4.1615e-08 0.000176629 0.000238237 0.00162444 0.000196049 0.00236436 8.52306e-08 4.92059e-12 0.45637 1.06179e-05 0.000366988 0.00547767 0.00123567 0.182437 0.0196746 0.00383772 0.117349 4.45002e-12 0.00048044 0.20299 
0.0197087 0.00015512 0.00438822 9.18717e-05 0.000310741 1.36248e-05 0.000109658 0.000161863 0.0176933 0.025868 0.000896978 0.0026646 0.0114471 8.13669e-05 0.350571 0.00958331 0.000170653 0.0851076 0.0442892 0.0222253 0.0401091 0.00191943 0.175688 5.67504e-05 0.18619 0.000497467 
0.0327452 0.000772529 0.000947724 0.000203422 2.1284e-05 0.000203546 0.000100865 0.00200144 0.00595653 0.0210521 0.00562303 0.00117277 0.000233127 0.00238937 0.35025 0.000352948 6.46791e-05 0.0151679 0.140412 0.0354182 0.0932751 0.0183803 0.236436 0.0217154 0.0147996 0.000305263 
0.00301389 0.000187851 0.000238616 3.66423e-12 6.30664e-06 0.000136483 0.000139865 0.00158257 0.000214174 0.00286528 0.00098911 0.00327194 3.24355e-08 4.0985e-07 0.796367 4.1713e-05 2.34187e-05 0.00345059 0.0472005 0.0342921 0.00458241 0.0155775 0.067689 4.52661e-07 0.0180824 4.57557e-05 
0.00225029 0.113673 0.00462892 6.17139e-09 2.20707e-06 6.51402e-06 6.1193e-05 0.0271114 0.0158339 0.00299305 0.0035605 0.00163267 0.000165426 7.2675e-09 0.573947 0.00010442 9.40741e-05 0.000182628 0.0819811 0.000653164 0.000620218 0.00189393 0.123878 7.49804e-05 0.0445859 6.43755e-05 
0.00676276 0.0279942 0.00725794 1.3304e-10 0.00155468 0.00091731 0.00281795 8.06162e-11 0.0659482 0.00439996 8.0417e-05 0.000200884 0.00303853 6.35375e-08 0.483626 6.90931e-09 1.96528e-08 0.0115786 0.0107982 5.4965e-08 0.0096411 0.00125954 0.0625832 1.41687e-10 0.297132 0.00240867 
4.8096e-05 3.99986e-06 0.00105357 3.50082e-06 2.2473e-05 2.66147e-05 2.95667e-06 0.000178045 0.00029126 0.00189408 0.0196137 9.11206e-05 1.52905e-06 4.12261e-06 0.839619 6.80353e-05 4.70442e-06 8.95485e-05 0.00467469 6.02712e-05 0.000889997 0.000526394 0.120642 8.28636e-06 0.0101792 3.17286e-06 
0.0134546 0.0388097 0.00302914 2.61884e-05 0.000381737 0.00034603 0.000160089 0.000855201 0.00172521 0.0191886 0.00325602 0.0214951 0.000448359 8.54934e-05 0.492984 0.000193977 0.000220184 0.0766736 0.0408416 0.0147207 0.00907146 0.0049224 0.217434 1.04446e-05 0.0394872 0.000179564 
0.00118818 7.62912e-07 0.000113003 9.88783e-12 3.3504e-06 1.81206e-09 0.000102609 0.000118165 0.000487508 0.00587174 0.00317594 0.000127501 3.67568e-07 3.03304e-09 0.763161 4.59162e-06 6.46665e-05 0.00091943 0.0149127 0.133348 0.00347079 0.011373 0.0564251 6.06149e-07 0.00513039 1.24646e-07 
0.158548 0.00058306 0.000942692 1.32883e-08 9.97604e-06 3.42403e-08 6.05346e-05 0.000443126 0.000183254 0.0347036 0.00158353 0.000791703 0.0457423 6.58374e-11 0.456461 0.084874 1.35259e-05 0.0033975 0.0371804 0.00948949 0.00355636 0.0268089 0.103036 4.18334e-08 0.0312015 0.000389326 
0.00737488 0.000135554 0.000619147 7.05285e-07 8.16373e-06 0.00129623 0.0293659 0.000123698 0.111706 0.00538531 0.0657306 0.00158106 0.00278075 0.00574485 0.555101 0.000724925 7.77431e-05 0.0144805 0.0909375 0.0064921 0.000728604 0.0012424 0.0526321 5.55644e-06 0.0454714 0.000253703 
3.87777e-08 1.6047e-07 9.88473e-07 2.16902e-10 2.66872e-10 9.45506e-05 0.00120338 1.23509e-06 0.0259227 0.0118838 4.27287e-07 0.0342536 4.91107e-07 2.55426e-10 0.600549 1.22992e-07 4.94261e-08 0.00117476 1.53888e-06 0.00553185 0.00396375 5.47224e-07 0.232262 2.30999e-10 0.0182267 0.064928 
0.0261174 4.23439e-05 0.000204796 2.9557e-10 1.29018e-06 6.63138e-05 1.97427e-05 0.0108661 0.000215625 0.0440352 0.202764 0.0194834 8.01983e-09 5.04222e-07 0.451389 5.87094e-05 0.00361621 0.0108428 0.0469559 0.0701461 0.00309071 0.01177 0.0472922 3.43042e-06 0.0510006 1.77571e-05 
0.00301389 0.000187851 0.000238616 3.66423e-12 6.30664e-06 0.000136483 0.000139865 0.00158257 0.000214174 0.00286528 0.00098911 0.00327194 3.24355e-08 4.0985e-07 0.796367 4.1713e-05 2.34187e-05 0.00345059 0.0472005 0.0342921 0.00458241 0.0155775 0.067689 4.52661e-07 0.0180824 4.57557e-05 
0.00359706 7.99099e-08 0.00014085 5.46363e-12 6.72234e-12 9.86729e-12 4.6144e-12 1.97321e-07 1.48219e-07 0.00899331 2.47027e-07 0.00153288 2.866e-09 6.43404e-12 0.821525 4.63045e-12 6.42816e-09 0.00165862 4.35346e-07 4.72736e-07 1.84678e-07 3.22401e-08 0.161133 1.7462e-08 0.00141755 4.9518e-12 
0.00307824 9.56826e-05 0.0111022 2.92063e-07 1.04334e-06 5.72422e-05 0.000122363 0.00291339 0.000802714 0.00205134 0.0170125 0.000530879 2.72481e-06 2.47476e-10 0.837981 1.37373e-05 3.28339e-05 0.00235972 0.00160432 0.00592772 0.00935691 0.00587028 0.0500298 2.13591e-06 0.048657 0.00039424 
0.00118818 7.62912e-07 0.000113003 9.88783e-12 3.3504e-06 1.81206e-09 0.000102609 0.000118165 0.000487508 0.00587174 0.00317594 0.000127501 3.67568e-07 3.03304e-09 0.763161 4.59162e-06 6.46665e-05 0.00091943 0.0149127 0.133348 0.00347079 0.011373 0.0564251 6.06149e-07 0.00513039 1.24646e-07 
0.00199477 0.00616579 0.00143471 4.89685e-07 0.00170944 7.13421e-07 0.00160858 0.00845258 0.0450594 0.0343094 0.0700979 0.00930946 0.0027885 1.17742e-06 0.376647 1.01083e-05 0.00321795 0.03045 0.0356084 0.0511193 0.0152372 0.00327486 0.120135 7.83727e-07 0.181081 0.000285764 
0.0603956 1.71395e-05 0.0329954 1.6055e-06 0.00918878 7.80405e-05 3.03912e-05 0.000974584 0.00696682 0.0363423 0.0108308 0.0012219 0.00270217 0.000584958 0.317403 0.00126148 3.93674e-05 0.0206204 0.0450147 0.022446 0.0167705 0.108897 0.173344 2.79666e-05 0.131565 0.000279797 
0.0441265 0.000857233 0.0147163 7.03486e-07 4.0163e-05 0.000449325 0.000128638 0.0259311 0.0286032 0.0146968 0.000124029 0.0208754 0.15521 2.27593e-05 0.446598 8.49978e-05 0.0980825 0.0104681 0.00443535 0.0223863 0.0332017 0.00324298 0.00856588 9.87923e-05 0.066879 0.000174251 
0.0058803 0.00100396 0.0319935 2.07968e-07 0.00053232 6.13723e-08 5.51328e-05 0.00698364 0.160241 0.0237053 0.0193999 0.00239106 0.0326321 1.54845e-06 0.18731 4.23454e-06 0.000107508 0.0137815 0.144672 0.000245128 0.0431271 0.00132009 0.139827 0.000127636 0.182169 0.00248923 
0.0626052 0.000161728 0.00304608 2.2069e-08 2.03147e-05 1.20559e-05 0.000358483 0.00138093 0.00630595 0.0245204 0.0387351 0.013159 0.00207895 4.37643e-11 0.318246 0.00064003 1.4797e-05 0.051395 0.0285738 0.00564345 0.036284 0.0177877 0.30937 7.1243e-07 0.0769216 0.00273798 
0.0116803 0.0335986 0.00128742 2.91474e-05 2.74633e-05 0.0134654 9.95073e-05 0.000547375 0.00243958 0.186634 0.00092438 0.0166533 0.00422708 9.34314e-08 0.404392 0.0139698 0.00303437 0.0535765 0.012791 0.0519467 0.0539578 0.0310723 0.0855311 7.03015e-05 0.0178926 0.000151654 
0.222307 1.84998e-07 0.0530858 4.09025e-10 0.000114641 7.6736e-05 0.000131602 0.00256887 0.0318043 0.0697605 2.55466e-05 0.000967491 0.00639172 9.64655e-05 0.455184 0.0022077 2.71629e-05 0.0130807 0.000245993 0.000418812 0.0118434 0.0202905 0.0297149 2.37478e-08 0.0784166 0.00123976 
0.00334389 0.00179107 0.00289822 0.000589161 6.15441e-05 1.80312e-07 0.000666228 6.0499e-08 0.0166051 0.0028014 0.00974622 0.0012374 0.00193185 0.00570244 0.928714 0.00219163 0.000239703 0.00421615 0.0028547 2.72942e-08 0.00342105 0.00100917 0.00586017 1.0633e-07 0.00346699 0.000651604 
0.00457379 0.000100697 0.00139466 8.54767e-12 6.82958e-06 7.33586e-05 8.79529e-05 0.00106425 0.000431175 0.00261193 0.000937802 0.00176365 0.000234119 3.98146e-07 0.786145 2.23669e-05 1.25543e-05 0.00391254 0.0364413 0.0223356 0.00447326 0.0233618 0.095177 2.44504e-07 0.014747 9.09198e-05 
7.80219e-07 3.8654e-07 5.67294e-07 2.64287e-11 3.25173e-11 4.773e-11 2.23208e-11 0.000859984 7.16963e-07 1.05586e-06 1.19492e-06 8.05875e-07 1.38634e-08 3.11227e-11 0.818718 2.23984e-11 3.10943e-08 1.29402e-07 2.10585e-06 2.28671e-06 8.93325e-07 1.55952e-07 0.180409 8.44671e-08 2.36367e-06 2.39528e-11 
0.023536 6.26633e-07 0.000108873 6.20524e-12 7.54644e-06 1.29578e-05 0.000286602 0.000101342 0.000317607 0.00256869 0.000660401 0.00223014 0.000754022 0.00500583 0.408037 0.00217721 2.77857e-05 0.00289056 0.354152 0.136452 0.00415869 0.012402 0.0400966 2.50621e-06 0.00397689 3.64033e-05 
0.00144649 4.24155e-08 0.0236573 2.58258e-09 0.00023013 6.21173e-06 6.96805e-08 0.000253155 0.00205609 0.028932 9.55161e-06 0.000124876 0.00111209 1.2219e-11 0.376559 0.00403979 2.69296e-09 0.0414462 0.00618617 0.00569455 0.15742 0.00786563 0.28591 1.10505e-11 0.0570504 9.40405e-12 
0.0281903 0.118977 0.00245345 0.000109437 0.000530004 1.90931e-06 0.000465598 0.00153463 0.00771549 0.10251 0.0115993 0.0142616 0.00155409 3.90196e-06 0.505733 0.00117152 0.00677299 0.031447 0.0200622 0.0168924 0.0123792 0.00557358 0.0917569 8.73034e-05 0.0180724 0.000144561 
0.00358243 0.0216314 0.000148217 1.85135e-08 1.00088e-05 0.00207765 0.000111628 0.00268278 0.00809782 0.0122119 0.0320467 0.000116629 7.26547e-05 5.66091e-09 0.538466 0.00404487 5.49877e-05 0.000100844 0.0526096 0.0415333 0.000481011 0.0157484 0.200347 3.45485e-05 0.0637165 7.38111e-05 
0.0169682 0.0261037 0.0361951 2.2694e-10 5.88327e-07 2.2285e-07 4.49159e-08 4.81543e-05 0.339653 6.77078e-07 0.0116898 0.0133274 9.91205e-11 8.75122e-06 0.357976 6.52447e-07 4.31399e-05 0.000558956 0.101141 1.22345e-06 0.00102437 1.1072e-06 0.0429712 1.1357e-06 0.0522849 7.05976e-08 
0.0353082 0.00119006 0.00201139 1.78112e-11 0.0109292 4.15921e-06 0.000612766 0.00925362 0.0134579 0.0282123 0.00408148 0.000705558 0.000129198 2.09747e-11 0.547157 0.00115912 0.000169327 0.00727056 0.15828 0.0144905 0.0123436 0.0165075 0.0826997 3.76881e-05 0.0485923 0.00539734 
0.00118818 7.62912e-07 0.000113003 9.88783e-12 3.3504e-06 1.81206e-09 0.000102609 0.000118165 0.000487508 0.00587174 0.00317594 0.000127501 3.67568e-07 3.03304e-09 0.763161 4.59162e-06 6.46665e-05 0.00091943 0.0149127 0.133348 0.00347079 0.011373 0.0564251 6.06149e-07 0.00513039 1.24646e-07 
0.0498182 2.01147e-05 0.00420753 5.81601e-09 7.91404e-05 4.49244e-06 0.00175756 0.000139997 0.0400704 0.146008 0.0178102 0.026318 0.000144517 2.31926e-10 0.30183 0.0112306 4.99672e-06 0.0274439 0.100003 0.0211233 0.0194366 0.0118254 0.16799 4.24301e-05 0.0517191 0.000973194 
0.00404235 6.1566e-05 0.00106681 2.9396e-07 1.51986e-05 1.81776e-06 7.86549e-05 0.000113059 0.000137128 0.00547958 0.000121465 0.000835484 9.15526e-05 1.88733e-05 0.510624 2.94422e-05 2.09568e-05 0.000967628 0.00794906 0.0848025 0.00517409 0.00305107 0.35398 3.33547e-09 0.00466393 0.0166738 
0.0136266 0.00027106 0.00410606 1.70457e-06 6.55231e-06 0.000320181 6.89301e-05 0.00305471 0.0108661 0.0276621 0.00688261 0.000507406 0.000262972 0.00043892 0.475962 0.00258848 1.31325e-05 0.00397651 0.0873246 0.0201749 0.034209 0.0124187 0.242763 1.07768e-06 0.0523673 0.000125532 
0.00679703 0.000213899 0.0044545 5.50778e-05 9.06307e-05 6.00648e-05 0.000185046 0.00091356 0.00689932 0.0177207 0.0171189 0.00418477 0.00539419 0.000222823 0.506217 0.00124978 0.00223752 0.0101107 0.0296438 0.0241819 0.0127154 0.0555946 0.262009 2.31139e-05 0.0310545 0.000651905 
0.0470568 0.000698822 0.0036412 1.32422e-08 6.07647e-09 1.43991e-05 2.58964e-05 0.00276917 0.0148262 0.0186486 0.000115522 0.0324685 0.000380637 3.30974e-10 0.539563 0.000275155 0.000219531 0.0112837 0.093849 0.000226749 0.00431404 0.00506449 0.105858 1.31222e-05 0.118686 1.31859e-06 
0.000748234 9.32962e-09 3.85934e-06 8.16561e-09 0.000666845 7.40665e-07 7.08473e-07 4.82751e-06 0.214431 0.0479665 0.00556873 0.0435173 7.0243e-05 9.61592e-09 0.341591 3.0501e-06 4.79692e-06 0.030113 0.0680618 3.03868e-06 0.0160881 8.63125e-05 0.1237 2.22733e-07 0.107368 1.27029e-06 
0.143999 2.42505e-08 0.00981085 3.25151e-08 0.000151156 0.000338523 0.000689377 0.000148069 0.00656441 1.80626e-07 0.0449126 0.000305661 3.93088e-07 7.03209e-11 0.423415 0.00709178 8.0976e-08 0.00670473 0.000452667 0.00285738 0.00538493 0.00911613 0.0626463 1.85725e-05 0.275046 0.000346025 
0.00020074 3.95731e-07 0.0128791 2.47987e-08 6.34492e-07 1.60378e-06 6.9567e-05 0.0537888 0.0126252 0.0130405 0.00894602 0.00184763 2.81228e-05 1.00428e-09 0.471595 0.00380642 1.2362e-05 0.000512193 0.00591465 0.0580806 0.00264744 0.00667218 0.256159 1.37319e-07 0.0911074 6.46491e-05 
0.000908769 0.000195426 0.000228064 1.01577e-12 1.68115e-06 2.66053e-07 2.41149e-05 0.00221905 0.000112738 0.000934184 0.0339401 0.000484496 4.43657e-13 1.19618e-12 0.859237 2.62642e-05 2.23014e-05 0.000582808 0.00201321 0.00884168 0.00161789 0.00899151 0.0459255 2.42636e-06 0.0333435 0.000346752 
0.00282612 0.0035172 0.0063002 2.611e-09 0.00113696 2.32366e-05 0.000217603 0.000325534 0.000476568 0.0152122 0.000770109 0.00361041 0.00064943 2.45279e-05 0.599563 6.66335e-05 1.28253e-05 0.0247136 0.0095359 0.0452226 0.0122268 0.00271949 0.248639 6.66515e-12 0.00552054 0.0166898 
0.00388561 0.000223509 0.002935 1.97873e-10 5.6761e-06 3.57357e-10 2.01954e-06 0.00355952 0.0201666 0.0233995 0.000504918 0.00065766 9.51238e-06 4.02296e-05 0.573387 0.00116988 1.39526e-05 0.0027909 0.0511478 0.0011562 0.00473347 0.00114619 0.296596 0.000112548 0.0122864 6.99843e-05 
0.00613675 4.95565e-05 0.00052482 4.86677e-10 1.13501e-05 7.32909e-05 0.000260537 0.00120309 0.000524381 0.0119724 0.0190701 0.00696098 1.63509e-05 7.10518e-08 0.519499 0.00108208 3.58021e-05 0.00394909 0.140391 0.0865476 0.0164521 0.0552555 0.115849 1.14817e-06 0.0140247 0.00010933 
0.0298149 0.00144229 0.00474796 2.8902e-08 0.000537609 6.37617e-06 0.000342288 0.00215205 0.00574659 0.0432331 0.0357981 0.00978859 0.00115632 0.000107261 0.355281 0.00407238 0.00579286 0.0106436 0.033882 0.143061 0.0244394 0.0187372 0.225103 0.000107144 0.0434587 0.000548192 
0.018753 8.89554e-05 0.000731017 5.00916e-12 1.84644e-05 1.41876e-06 0.00252259 7.61101e-05 0.00429995 0.0247252 0.000194412 0.000327262 0.00326862 5.89885e-12 0.428144 0.00224079 5.58651e-05 0.0391248 0.0296652 0.13924 0.0685122 0.0873159 0.142546 5.126e-07 0.00792668 0.000221921 
0.0128734 0.000249656 0.0229256 1.8858e-05 6.81176e-05 0.000142492 0.000123077 0.00302437 0.0284702 0.0311492 0.0122459 0.00816141 0.0182443 3.98131e-10 0.413683 0.00207801 4.21207e-05 0.0550211 0.0411382 0.0987691 0.0398529 0.0313688 0.114219 4.23044e-06 0.0660452 8.20671e-05 
0.0541172 1.61716e-05 0.0106622 1.32215e-05 0.000255633 1.74297e-08 0.000141699 6.46764e-05 0.015863 0.067297 0.0627474 0.000263759 0.00679789 0.00158538 0.336142 0.0001756 0.0117151 0.0349629 0.0328812 7.37023e-05 0.0849503 0.0111803 0.237373 1.76048e-05 0.0305234 0.000179732 
0.00170446 2.99303e-06 0.0147888 1.17004e-07 0.0617609 3.561e-06 4.9477e-06 5.40912e-05 0.0980093 0.00178458 4.86837e-05 0.107013 9.98262e-06 1.37785e-07 0.504618 7.40789e-06 8.45228e-05 0.00722244 0.035044 0.0688458 0.00401034 0.00104118 0.032047 1.24608e-07 0.0203049 0.0415887 
0.127323 2.79318e-06 0.00110142 2.65763e-06 1.16039e-05 6.46583e-05 5.45335e-05 8.16269e-06 0.00242454 0.00557904 0.00104384 0.000617767 0.000334698 7.4674e-12 0.57469 0.00271766 6.10994e-05 0.019454 0.0628816 0.0428679 0.0103333 0.07008 0.056091 8.05448e-07 0.0219429 0.000310991 
0.00457379 0.000100697 0.00139466 8.54767e-12 6.82958e-06 7.33586e-05 8.79529e-05 0.00106425 0.000431175 0.00261193 0.000937802 0.00176365 0.000234119 3.98146e-07 0.786145 2.23669e-05 1.25543e-05 0.00391254 0.0364413 0.0223356 0.00447326 0.0233618 0.095177 2.44504e-07 0.014747 9.09198e-05 
0.00301389 0.000187851 0.000238616 3.66423e-12 6.30664e-06 0.000136483 0.000139865 0.00158257 0.000214174 0.00286528 0.00098911 0.00327194 3.24355e-08 4.0985e-07 0.796367 4.1713e-05 2.34187e-05 0.00345059 0.0472005 0.0342921 0.00458241 0.0155775 0.067689 4.52661e-07 0.0180824 4.57557e-05 
0.013616 1.45766e-08 0.000994367 4.5584e-09 0.000965597 1.34521e-06 3.68937e-05 0.000188818 0.000705379 0.00283678 0.000105991 0.00105199 0.000183688 1.0476e-11 0.644032 3.19776e-06 0.0276506 0.00475151 0.00142209 0.0798261 0.0127067 0.00340157 0.0713159 4.25392e-08 0.00231329 0.13189 
9.77331e-05 4.31502e-09 2.52458e-05 3.77665e-09 9.29809e-06 5.25255e-05 1.08479e-05 7.94124e-05 0.0723878 0.000848624 6.53518e-06 0.000235883 6.87868e-05 5.87105e-05 0.388439 0.000159079 8.2512e-06 0.259369 0.000103667 1.03245e-09 4.44426e-05 0.114196 0.106849 4.02211e-09 0.0569209 2.84131e-05 
0.00151946 2.32459e-06 0.000348816 2.00784e-12 7.784e-09 9.25896e-10 5.18898e-05 0.000119796 0.000186729 0.0170648 0.00377867 4.49047e-05 5.3676e-07 2.36446e-12 0.71394 0.000209332 1.70088e-05 0.000150763 0.0132838 0.0613705 0.00249536 0.0117303 0.166886 9.00409e-07 0.00674426 5.37083e-05 
0.0283535 0.000288868 0.00645389 1.61072e-07 0.000218266 0.000702141 0.00920086 0.00545253 0.102904 0.0252606 0.00810687 0.0309707 0.0325682 0.000705341 0.306555 0.00577472 0.000431759 0.0270242 0.0771713 0.0587427 0.0267431 0.00918534 0.137259 3.17852e-05 0.0996196 0.00027524 
0.0157897 0.000707389 0.00311465 8.7708e-12 8.87941e-06 5.06611e-05 9.23691e-05 0.0143033 0.0287441 0.0588764 0.00592522 0.0552858 0.00277155 2.15726e-06 0.281839 1.78558e-05 4.06546e-05 0.0140116 0.242922 0.070499 0.00166955 0.00377441 0.174288 6.28449e-06 0.0252466 1.32086e-05 
0.147747 1.59265e-10 0.00429206 1.73718e-08 0.029107 9.52512e-05 1.67946e-05 8.93555e-05 0.00105826 0.00488496 2.3133e-05 0.000827295 0.000226575 6.15007e-07 0.403834 1.89291e-07 0.0154247 0.0061544 0.240879 0.0310873 0.0160822 0.00843591 0.0683856 7.67087e-05 0.0133881 0.00788369 
0.0207304 0.000213179 0.000585513 9.30452e-08 0.00108762 6.20381e-07 8.84265e-05 0.000498565 0.00208847 0.132538 0.0146115 0.084955 0.000250919 8.79544e-08 0.262916 0.000737096 0.00485086 0.0423539 0.0374985 0.221721 0.00555709 0.0688898 0.080827 4.82495e-06 0.0168092 0.000186708 
0.00358243 0.0216314 0.000148217 1.85135e-08 1.00088e-05 0.00207765 0.000111628 0.00268278 0.00809782 0.0122119 0.0320467 0.000116629 7.26547e-05 5.66091e-09 0.538466 0.00404487 5.49877e-05 0.000100844 0.0526096 0.0415333 0.000481011 0.0157484 0.200347 3.45485e-05 0.0637165 7.38111e-05 
0.00301389 0.000187851 0.000238616 3.66423e-12 6.30664e-06 0.000136483 0.000139865 0.00158257 0.000214174 0.00286528 0.00098911 0.00327194 3.24355e-08 4.0985e-07 0.796367 4.1713e-05 2.34187e-05 0.00345059 0.0472005 0.0342921 0.00458241 0.0155775 0.067689 4.52661e-07 0.0180824 4.57557e-05 
0.154268 1.03986e-05 0.000396974 2.63788e-08 0.000331543 2.66032e-05 0.000354307 7.5439e-05 0.00068096 0.149557 0.00361598 0.010803 1.91389e-08 1.20207e-06 0.296622 0.0021164 0.000378564 0.0307489 0.0915852 0.0456423 0.00292644 0.145807 0.0485207 2.89863e-06 0.0152002 0.000327518 
0.0357494 1.67488e-06 7.49682e-05 3.10579e-11 6.66511e-07 3.33965e-05 1.29124e-05 2.50541e-08 0.000441027 0.00298922 5.95949e-07 0.000144526 5.79574e-06 3.65741e-11 0.864987 0.0019607 7.47192e-06 0.00460617 0.031778 6.57011e-07 0.00471103 0.0201597 0.0215705 5.88671e-09 0.00931155 0.00145336 
0.00118818 7.62912e-07 0.000113003 9.88783e-12 3.3504e-06 1.81206e-09 0.000102609 0.000118165 0.000487508 0.00587174 0.00317594 0.000127501 3.67568e-07 3.03304e-09 0.763161 4.59162e-06 6.46665e-05 0.00091943 0.0149127 0.133348 0.00347079 0.011373 0.0564251 6.06149e-07 0.00513039 1.24646e-07 
0.00761562 4.53491e-10 0.00568616 2.64767e-07 8.66647e-06 3.46933e-07 1.25445e-07 5.65841e-07 3.27836e-05 0.00191588 6.90375e-07 0.00515348 6.48285e-05 0.00016704 0.546575 3.36384e-10 8.58571e-09 0.307167 0.00769388 5.81495e-07 0.00608013 0.0314836 0.054738 4.22708e-10 0.0256151 2.16381e-07 
0.032351 6.4698e-06 0.00119151 6.93575e-06 4.42483e-05 0.000131869 3.636e-05 8.59908e-06 0.00231229 0.00550075 0.00907135 0.000965774 4.53605e-05 5.76319e-12 0.702843 7.95374e-05 8.37454e-05 0.0046877 0.0532698 0.023439 0.00698084 0.0883997 0.0616608 5.48623e-06 0.00665801 0.000219468 
0.0017174 0.0493982 4.46827e-05 2.38558e-08 2.49973e-05 0.00519268 5.86722e-08 0.00360861 0.0133695 0.00592318 0.0766689 0.000112317 7.17316e-08 1.0329e-11 0.611654 0.00157325 6.65061e-05 1.71036e-06 0.0207587 0.0011105 0.000179487 0.0136938 0.051081 9.82358e-08 0.143697 0.00012287 
0.00308886 0.029641 0.000668524 2.75677e-08 1.50176e-05 0.00311647 5.54625e-08 0.00216529 0.0181825 0.00701917 0.0460018 6.74183e-05 6.78045e-08 1.57047e-11 0.689363 0.000944425 3.99254e-05 0.00208232 0.0157999 0.00241081 0.00321776 0.00821648 0.0758521 9.28601e-08 0.0920295 7.79018e-05 
0.021513 3.15127e-06 0.0063201 7.02035e-08 3.00636e-06 1.38762e-07 0.000803321 0.000283702 0.000510715 0.0383843 0.012684 0.000102062 0.00309674 4.87755e-08 0.345678 0.000928098 2.10954e-05 0.00577066 0.0304241 0.149748 0.00427635 0.303276 0.0483376 1.25104e-06 0.0272807 0.000554495 
0.000537014 6.77453e-08 0.10264 4.87502e-05 4.22933e-08 5.55741e-06 0.000131661 0.00232762 0.010649 0.0041769 0.000339327 0.00163228 0.00157002 1.47471e-07 0.560681 2.12176e-06 1.21375e-06 0.000180328 0.00278653 0.00501677 0.0032457 0.0012024 0.255321 2.33167e-08 0.0237236 0.0237811 
0.000308892 0.000482364 0.000571645 3.75787e-11 2.95606e-05 5.59599e-06 0.00127775 0.00415604 0.0341804 0.00631745 1.792e-06 0.00441403 6.87602e-06 4.42531e-11 0.555168 0.000115829 1.94828e-05 0.00700758 0.0200846 0.00177046 0.0524345 0.00076139 0.281938 4.59925e-09 0.0287241 0.000223017 
0.100853 0.00161374 0.00333033 4.23619e-07 0.000123726 0.000448011 7.21949e-05 0.00110643 0.00111618 0.0194545 0.0232852 0.00342259 0.000724339 1.74986e-05 0.485218 0.00444311 0.000575688 0.0289738 0.0398403 0.0483101 0.0290597 0.0389445 0.133151 1.16417e-05 0.0355241 0.000380005 
0.00575313 0.00276965 0.00142188 3.44478e-11 1.97152e-05 1.57404e-05 0.000418416 0.00217026 0.00411335 0.0114385 0.0163857 0.00187753 0.000347714 1.47719e-05 0.597637 0.000401341 2.21829e-05 0.00971571 0.0543924 0.0280265 0.013718 0.00996103 0.19825 3.13676e-05 0.0380929 0.00300509 
0.0264098 0.000283843 0.00283416 1.62694e-09 2.06296e-05 1.00935e-05 8.18667e-05 0.000472911 0.0327775 0.0751993 0.00342258 0.00848262 0.0030727 1.94676e-05 0.291775 0.000563826 0.0109065 0.0182244 0.152728 0.100302 0.00600808 0.0228006 0.192185 2.22801e-05 0.0511196 0.000277712 
0.0866027 1.93972e-05 0.000680508 2.74216e-06 6.32868e-06 2.95231e-05 0.000282924 0.00026984 0.0346017 0.0129928 0.000214247 0.00256388 0.00124581 6.038e-09 0.59742 2.19296e-06 0.000141065 0.0320587 0.0358754 0.0173041 0.0478436 0.00742115 0.0848928 6.15595e-06 0.0366456 0.000876588 
0.0106433 5.13094e-05 0.0254427 9.28421e-07 0.00614563 0.00062763 0.0184342 0.00027475 0.063851 0.112689 0.0115972 0.003724 0.0178151 8.03572e-05 0.227442 0.00107801 0.000326135 0.0446785 0.0427344 0.182159 0.0258394 0.00760795 0.129179 2.27706e-06 0.066791 0.000784214 
0.0398061 0.0246032 0.00423622 0.00332957 0.023406 4.52052e-05 0.000249275 0.0012631 0.0111016 0.0247903 0.0296907 0.000561764 0.00696013 3.07058e-05 0.319559 0.000649501 0.000180105 0.0241131 0.0313149 0.00527057 0.217442 0.015235 0.156699 0.000290455 0.058166 0.00100679 
0.0105002 3.52862e-09 0.00429285 3.08837e-09 0.000682555 2.64408e-06 0.000162031 0.00893171 0.054558 0.00624854 0.000824971 0.0271684 0.000564228 2.89116e-06 0.314025 0.000273159 0.000126738 0.018973 0.115726 0.146277 0.011133 0.00866095 0.180248 5.96784e-07 0.0905312 8.66819e-05 
0.0014004 1.5513e-06 0.000232551 2.44273e-12 3.33388e-06 7.5056e-10 0.000156923 0.000153636 0.000124491 0.0135078 0.00251914 0.000127454 3.58868e-07 2.87659e-12 0.669564 0.000139565 1.67357e-05 0.000255778 0.0237525 0.119401 0.00348862 0.00908873 0.15141 6.00956e-07 0.00461867 3.58154e-05 
0.00252288 0.00026573 0.00104653 2.80893e-11 1.5849e-05 8.28265e-07 1.49033e-05 0.00151187 0.000250108 0.00999315 0.000543891 0.00241673 0.00256453 1.54874e-09 0.772399 6.86056e-07 4.28737e-06 0.0243068 0.00761617 0.0885632 0.00666626 0.000613546 0.0754933 1.39657e-06 0.00300331 0.000184836 
0.00329835 8.36298e-08 0.0496787 2.18704e-07 0.000121009 3.59347e-05 0.00020196 0.0497529 0.0107355 0.00554286 0.000914145 3.20407e-05 0.000309288 2.32703e-10 0.426508 2.4922e-06 5.33934e-09 0.00229227 0.00132421 0.00121812 0.106101 0.00168634 0.267289 2.10449e-10 0.0729553 4.5322e-08 
0.00301389 0.000187851 0.000238616 3.66423e-12 6.30664e-06 0.000136483 0.000139865 0.00158257 0.000214174 0.00286528 0.00098911 0.00327194 3.24355e-08 4.0985e-07 0.796367 4.1713e-05 2.34187e-05 0.00345059 0.0472005 0.0342921 0.00458241 0.0155775 0.067689 4.52661e-07 0.0180824 4.57557e-05 
0.0386293 4.02458e-05 0.00202435 0.0105935 0.00187378 3.47303e-05 2.59298e-05 0.0149158 0.00117306 0.042456 0.185368 0.0118204 0.00132739 0.000787123 0.234181 0.0738352 0.0108495 0.0376162 0.0404372 0.0386222 0.0129535 0.0768247 0.12002 2.36129e-06 0.0435646 2.4362e-05 
0.00374696 1.78679e-05 0.00149242 2.88028e-09 5.65838e-06 4.26831e-09 3.8657e-05 4.1508e-05 0.000127968 0.00208568 8.07594e-05 0.000354676 0.000140681 9.62858e-12 0.511526 0.000398041 9.0837e-06 0.0119003 0.0066697 0.141963 0.00871369 0.00335762 0.296903 5.13828e-07 0.0104155 1.1004e-05 
0.0224995 0.000921039 0.00253481 4.42796e-06 0.000249615 4.79177e-05 0.00012585 0.00281111 0.00667511 0.00595888 0.0190251 0.00271573 0.000631081 0.00365588 0.478704 0.000159926 0.000142964 0.00626525 0.11918 0.0376781 0.0192202 0.0592216 0.1502 4.19412e-06 0.06072 0.000647484 
0.0030732 0.000327342 0.000443337 1.71625e-06 0.000123153 1.43254e-06 2.79876e-05 0.00214902 0.00176304 0.00263554 0.0593316 0.000894338 0.000136381 1.38756e-08 0.54721 2.00419e-05 2.65424e-05 0.00378353 0.0323477 0.114113 0.0029696 0.00419142 0.205114 5.97716e-08 0.019227 8.8137e-05 
0.00161334 0.00142151 0.00048975 8.50256e-13 2.07185e-06 4.40734e-05 3.83463e-09 0.000694495 0.0344345 0.00868467 0.00353337 0.00191394 2.37493e-05 1.00127e-12 0.355088 5.8996e-06 3.87028e-05 0.000116417 0.309047 6.31538e-05 0.00585492 0.00213345 0.209614 1.22411e-05 0.0649667 0.000204226 
0.00958701 2.78845e-05 0.0974448 4.204e-08 0.00881652 0.00035726 0.000330161 0.000209175 0.00661726 0.0195753 0.000116863 0.00449589 0.00268903 2.52569e-08 0.369785 0.000193623 1.7646e-06 0.121763 0.0288835 0.0644725 0.0601117 0.0480679 0.110921 7.60177e-09 0.0455 3.30335e-05 
0.0285943 0.0484862 0.0283493 1.41042e-06 1.33012e-06 1.55324e-05 0.000746675 0.0127117 0.0676809 0.0429767 0.00222548 0.0147018 0.000214264 1.49198e-08 0.351225 0.00141886 0.000899601 0.0181263 0.0749191 0.0116824 0.0432731 0.0339058 0.158394 0.000254855 0.0523281 0.00686726 
0.0103978 1.69277e-05 0.00236969 8.91464e-08 0.000574458 0.000108067 0.000182516 0.000178428 0.0400412 0.028798 0.000308981 0.00720585 0.0260173 0.00254839 0.289805 0.0109124 0.00572647 0.0376427 0.161692 0.0550068 0.0679533 0.041622 0.150935 2.87518e-06 0.023018 0.036936 
0.00412856 0.000200315 0.00155484 3.61525e-09 2.68001e-06 3.90413e-06 4.05808e-05 0.00141559 0.0122041 0.00449874 0.0349181 0.00104405 5.63464e-05 1.95178e-11 0.685717 0.00064578 0.000102421 0.00750427 0.105975 0.00100314 0.00209091 0.0432151 0.0604298 2.20319e-06 0.032552 0.000695237 
0.0172535 0.00381601 0.00132445 1.92118e-11 2.06297e-08 8.18687e-05 0.00115403 0.000137809 0.000251482 0.00387393 0.00450055 0.00014903 3.5803e-06 2.26241e-11 0.541736 0.0030033 9.01733e-06 0.0344774 0.0141561 0.0892394 0.0188268 0.0622462 0.169385 3.67214e-07 0.00559814 0.0287768 
0.0242918 0.00576419 0.00139152 1.6387e-05 1.47451e-05 3.3627e-05 2.71015e-05 0.00942134 0.0262691 0.00405212 0.0288801 0.00241701 0.000377558 6.2941e-06 0.57118 0.00116425 0.000138771 0.0330378 0.0846223 0.0204725 0.00585825 0.0194673 0.0906335 2.35167e-05 0.0702381 0.000200802 
0.00661138 0.000944618 0.0176132 5.03225e-06 5.17705e-05 0.000383864 9.45404e-05 0.000277865 0.00952959 0.0117291 0.0763363 0.0013337 0.00147852 0.000791471 0.443797 8.84334e-05 0.00145389 0.0016395 0.00915748 0.00520897 0.00871989 0.0023702 0.294 1.21433e-05 0.105792 0.000579851 
0.000225647 0.000111791 0.000164067 7.64342e-09 9.4043e-09 1.3804e-08 6.45537e-09 0.000276044 0.000207352 0.000305365 0.000345581 0.000233067 4.00943e-06 9.00098e-09 0.993569 6.47783e-09 8.99276e-06 3.74243e-05 0.000609032 0.000661339 0.000258358 4.51027e-05 0.00222964 2.44287e-05 0.000683595 6.92738e-09 
0.0422841 5.94252e-05 0.0519907 1.47119e-07 0.000260184 3.71936e-05 6.86076e-05 0.00215203 0.00226449 0.0295022 0.0475944 0.00187376 0.000378092 2.65319e-05 0.306118 0.00340544 1.33383e-05 0.0250248 0.0767935 0.021898 0.0118043 0.0447965 0.224318 4.297e-06 0.107062 0.000270398 
0.23802 1.10567e-10 0.000383756 1.81458e-08 1.19066e-10 4.08534e-07 8.17305e-11 4.99239e-06 1.9504e-11 0.010733 0.0728083 0.000213392 3.04433e-08 6.8634e-07 0.398591 1.31934e-08 4.20054e-09 0.000683858 0.129823 0.00808599 0.00740375 0.0340258 0.0573074 5.22773e-08 0.0419143 7.48681e-08 
