0.035387 0.00178683 0.00285141 3.15498e-07 0.00209233 4.55491e-06 0.000134074 0.000216533 0.0785494 0.143044 0.00044725 0.0121681 0.000275171 0.000397432 0.100261 0.377032 0.0583804 0.02541 0.0493115 0.0212156 0.00363094 0.0312669 0.0300136 3.68294e-05 0.0254261 0.000660421 
0.0733248 0.000785576 0.0922382 1.37036e-05 2.82255e-08 4.94861e-06 3.05996e-06 1.39009e-08 0.15496 0.0998933 1.91841e-05 0.087133 3.95601e-08 8.48666e-06 0.000671362 0.218169 0.000134836 0.0103551 0.0451818 0.0156877 0.00389666 0.0318984 0.0470577 0.000122877 0.0692672 0.0491726 
0.157306 9.2624e-05 0.00969576 0.000573254 8.07548e-05 0.00109972 1.56482e-05 4.99047e-05 0.0078716 0.152053 0.00253355 0.0058037 0.00147032 0.00230128 0.0127347 0.438748 0.00175488 0.0499094 0.0217029 0.00647961 0.0149416 0.0826005 0.0180417 8.04554e-06 0.0104435 0.00168775 
0.0441463 2.05687e-07 8.11749e-05 0.000234449 4.58363e-07 3.0945e-07 0.000222568 2.38487e-07 0.0234069 0.102857 0.00083213 0.00177628 5.63452e-06 1.30425e-09 0.0120289 0.727789 0.000152302 0.0239896 0.00907111 4.44076e-05 0.0077898 0.0250868 0.0155 1.00072e-07 0.00489744 8.68891e-05 
0.00959819 0.000829388 0.00147201 2.64066e-06 1.31844e-08 1.0886e-05 9.05015e-09 0.00169176 0.00457137 0.00335247 0.000111547 0.00353821 1.31768e-06 1.48881e-06 0.00366649 0.409273 7.36603e-05 0.362927 0.0022626 0.00203969 0.0962851 0.0602757 0.00717077 1.45505e-05 0.03083 9.71189e-09 
0.00485336 0.00013004 0.027299 5.95074e-06 0.000152497 8.4076e-08 0.00116931 2.52048e-06 0.0340852 0.0677513 1.43933e-05 0.0246915 0.149521 3.89124e-05 0.0196596 0.450872 0.00250261 0.113664 0.003351 0.00154336 0.0388384 0.00223313 0.034727 9.18177e-06 0.0228825 1.42669e-06 
0.00485336 0.00013004 0.027299 5.95074e-06 0.000152497 8.4076e-08 0.00116931 2.52048e-06 0.0340852 0.0677513 1.43933e-05 0.0246915 0.149521 3.89124e-05 0.0196596 0.450872 0.00250261 0.113664 0.003351 0.00154336 0.0388384 0.00223313 0.034727 9.18177e-06 0.0228825 1.42669e-06 
0.297558 8.11101e-05 0.00871277 3.23579e-07 7.90308e-06 0.000606558 0.000463381 0.000370664 0.00457579 0.00431166 0.00762302 0.000464658 0.000816564 2.18087e-05 0.00845196 0.444085 1.02903e-06 0.0106561 0.00601377 0.0014173 0.0487835 0.00826257 0.0671562 8.11734e-05 0.0793865 9.0867e-05 
0.0183942 4.86455e-05 0.000281077 8.40635e-10 7.49586e-05 3.83226e-05 2.82646e-05 4.4606e-07 0.0108221 0.0150191 3.06646e-05 2.09167e-05 0.00170516 9.30132e-05 0.00356163 0.789551 8.12605e-07 0.00847411 0.00544711 0.064191 0.00544031 0.0256608 0.0447179 3.46178e-07 0.00639821 3.29175e-07 
0.101352 0.00161573 0.00507786 6.00628e-05 1.1546e-05 0.000252323 0.00012518 3.09813e-05 0.0153798 0.0388877 0.000123923 0.00303468 0.0116865 0.000310078 0.0129362 0.629629 2.77718e-05 0.033339 0.0538848 0.00213453 0.0116071 0.0454966 0.0300488 7.93856e-05 0.00231631 0.000552718 
0.0332518 0.000104656 0.00557379 0.000268835 0.000375533 0.000753947 0.000697273 0.000122107 0.0276148 0.0560135 7.09576e-05 0.0189416 0.000168484 0.000177456 0.0132613 0.507642 1.51446e-05 0.0614834 0.0249515 0.0152366 0.0142518 0.136362 0.0104051 0.00016177 0.071581 0.00051346 
0.0643437 0.000626336 0.00689542 1.01557e-05 0.00017335 6.68687e-05 0.00135928 0.000378148 0.00958586 0.068091 0.00700439 0.00374666 0.0309488 0.00217133 0.0263265 0.349213 0.00653187 0.0211982 0.0321076 0.00881348 0.0271323 0.209466 0.100864 5.89485e-06 0.02237 0.000570107 
0.000839541 2.65565e-06 0.00864817 2.32432e-06 0.000101816 4.19771e-06 1.9261e-05 1.33652e-05 0.00213019 0.00353725 0.00894854 8.78234e-07 0.00975431 2.73714e-06 3.0664e-07 0.838605 4.03792e-05 0.00018145 0.00014235 2.10519e-05 0.0964513 0.00521528 0.0183675 2.47538e-06 0.00681281 0.00015491 
0.0348118 0.0113256 0.0196794 1.64642e-06 1.13886e-05 0.0655197 0.000929097 1.90067e-06 0.0416607 0.00454133 0.00786793 0.000592932 0.00121482 4.70981e-06 0.006047 0.372902 3.44379e-05 0.00387323 0.0418193 0.00177673 0.0024452 0.00842898 0.246271 1.66633e-05 0.127728 0.000494714 
1.71246e-05 1.71019e-05 0.0736492 1.71054e-05 1.70997e-05 1.70853e-05 0.241258 0.0410938 0.0924943 1.71276e-05 1.71267e-05 0.00686552 1.71196e-05 1.7101e-05 0.186703 0.345624 1.71244e-05 1.71251e-05 1.71266e-05 1.71236e-05 0.0120046 1.71236e-05 1.71288e-05 1.71039e-05 1.71287e-05 1.71078e-05 
0.013866 0.015607 0.00798499 0.0349698 1.12255e-05 0.0373988 1.21745e-07 0.000374238 0.066162 0.104424 0.0014471 0.0754953 0.000218542 1.29369e-05 8.07726e-05 0.376328 0.000171592 0.0107361 0.0447389 0.00253165 0.070397 0.029681 0.0240394 0.00202969 0.079205 0.00208867 
0.201384 1.42442e-06 5.26138e-05 6.75682e-07 8.31344e-07 0.01771 1.4074e-05 9.88654e-05 0.000535265 0.0213447 1.56324e-05 0.00237303 0.000195662 4.35539e-05 0.000106763 0.650134 4.80598e-07 0.000510475 0.0019614 1.5795e-05 0.0200783 0.0810201 0.00198499 0.00013508 0.000281106 6.12383e-07 
0.0513569 0.000270445 0.00109115 1.52496e-05 4.3944e-07 0.00420484 0.00023044 8.96963e-05 0.0107702 0.00509508 1.01656e-05 0.000931664 0.0072734 0.000204986 0.00216384 0.768132 3.43661e-07 0.0119823 0.0454303 0.00136747 0.00558156 0.0613046 0.01919 1.48282e-05 0.00327044 1.78428e-05 
0.04104 4.15072e-06 7.1968e-07 7.23845e-06 1.52027e-05 3.29227e-05 0.000118131 1.59904e-05 0.0265278 0.00480406 2.06032e-06 0.00845818 0.00325452 8.86651e-06 0.000246476 0.71356 2.42834e-05 0.000502654 0.00484057 7.89294e-06 0.0374066 0.0854451 2.79376e-06 5.24509e-07 0.0734861 0.000187397 
0.0291896 0.000362515 0.00659482 0.000511747 0.000122383 0.000861785 0.000752626 0.000567427 0.0187242 0.0574177 0.00952723 0.00646345 0.0248125 0.00193638 0.0215294 0.47943 0.00119915 0.0294896 0.0367186 0.0101179 0.0419596 0.101814 0.0929051 2.32593e-05 0.02521 0.00175831 
0.0066979 3.75741e-07 0.0027254 2.5107e-06 4.04624e-07 4.39381e-05 2.77745e-07 0.114762 0.228796 0.0124865 4.94799e-08 0.00165732 0.000232185 6.46212e-05 0.00418234 0.318359 0.00013193 0.000123207 0.0118483 0.000467514 0.000488944 8.98369e-08 0.000211615 3.1374e-05 0.296686 2.98054e-07 
0.131762 5.02927e-06 0.00373239 0.0479581 0.000147917 1.3952e-05 9.33686e-06 9.7476e-06 0.00462009 0.104352 0.0284191 0.00141021 0.00358155 5.85175e-06 0.0228975 0.242292 2.42686e-06 0.0208843 0.0234552 0.00587036 0.031443 0.232408 0.0793522 1.19798e-06 0.0153483 1.73132e-05 
0.00717113 0.00157731 0.00389282 1.57469e-08 1.42644e-06 3.38383e-06 0.000518477 6.88428e-07 0.0114934 0.0356188 1.88858e-05 0.000791048 0.358593 0.000210019 0.00511701 0.432649 0.0279189 0.022008 0.00402124 0.00256931 0.0423897 0.0101409 0.0192782 8.9475e-07 0.0140156 6.58219e-07 
0.0276566 2.59905e-08 0.0347346 7.80292e-09 0.000476886 0.000237077 4.93921e-05 0.000256121 0.000328709 0.0546105 0.0355231 0.00612249 0.0706545 0.0172691 0.0759347 0.234014 4.94829e-06 0.0129583 0.0356695 0.0448595 0.00680356 0.0401386 0.101923 5.9466e-06 0.199733 3.49547e-05 
5.03957e-08 0.0480794 0.000253819 2.15776e-07 2.65486e-07 3.74643e-05 0.00025158 1.3075e-07 0.0403381 6.03343e-05 3.24652e-08 7.50622e-05 0.000216779 2.541e-07 0.000948601 0.885301 5.17992e-08 0.0227237 0.000138743 0.000211446 0.000599066 7.38966e-05 0.000519904 2.298e-07 4.73746e-05 0.000122682 
0.00277321 3.31298e-07 7.7038e-05 2.89964e-07 3.56765e-07 0.000121641 2.44893e-07 1.75704e-07 0.283692 4.66389e-05 9.21294e-06 0.000270704 5.93728e-05 3.41465e-07 4.14293e-05 0.644895 3.84508e-06 0.0305012 0.00059738 0.000182806 0.000130706 0.0284925 0.0031966 3.08809e-07 0.00486795 3.85699e-05 
0.00252441 5.015e-07 0.000173872 4.3893e-07 5.4005e-07 7.92706e-07 3.70706e-07 2.65971e-07 1.35611e-05 8.52613e-06 6.60406e-08 0.000543585 0.0345953 5.1689e-07 0.000237858 0.71904 1.0537e-07 0.000124731 0.185098 1.19993e-07 0.000619385 0.0569974 2.78189e-08 1.92848e-05 3.09983e-08 3.97811e-07 
7.07976e-05 7.42562e-06 1.73081e-06 6.49916e-06 0.00239667 1.17374e-05 5.48897e-06 3.93819e-06 1.30988e-06 7.25077e-07 9.77851e-07 2.45568e-06 2.83864e-06 7.65349e-06 2.04241e-05 0.997436 1.56019e-06 2.34969e-06 9.90544e-07 1.77672e-06 1.43487e-06 1.77541e-06 4.1191e-07 6.92156e-06 4.58985e-07 5.89032e-06 
0.0678645 0.000551944 0.0177068 1.02548e-07 0.000688446 0.00177477 0.000859251 0.00196248 0.0187992 0.0546972 0.0147073 0.00626648 0.0814531 0.00187111 0.091217 0.202527 0.00741469 0.119904 0.0359003 0.0212153 0.0539846 0.0472849 0.0722102 8.97461e-06 0.0773839 0.00174658 
0.00987036 0.000284084 0.000855967 2.5784e-09 2.94014e-06 5.26251e-07 0.000170176 1.02948e-05 0.0729273 0.194122 0.000211966 0.000723671 0.0782642 5.08797e-07 0.00391037 0.534805 7.89407e-05 0.0087046 0.0227123 1.13514e-05 0.00165091 0.00344408 0.0602669 2.33754e-05 0.00673216 0.000215954 
0.0259684 2.65096e-05 0.000186817 4.67613e-06 7.99587e-06 0.000457737 2.90061e-05 2.37674e-06 0.00587429 0.00483893 0.00447471 4.30381e-05 4.1214e-05 4.7024e-09 0.0109276 0.741568 4.68188e-05 0.00176766 0.057006 0.00888426 0.00177285 0.120505 0.00549416 6.59483e-05 0.0100045 9.67307e-07 
2.47639e-06 2.4731e-06 2.47627e-06 2.47362e-06 0.00222798 2.4707e-06 2.47418e-06 2.47504e-06 0.240719 2.47683e-06 2.47669e-06 0.0314459 0.00421109 2.47297e-06 0.0490422 0.595287 2.47636e-06 0.00322188 0.00916621 0.0200601 2.47643e-06 2.47624e-06 2.477e-06 0.00247586 0.0376526 0.00445559 
0.0510547 0.000936022 0.00299701 3.08621e-05 0.000205579 0.000849342 6.19982e-05 0.00134749 0.00654943 0.0368172 0.00571414 0.00288382 0.00485947 0.00291779 0.0106166 0.644274 0.000885883 0.0122618 0.045125 0.00425961 0.0216263 0.0663013 0.043779 1.4531e-05 0.0189137 0.0147172 
0.0244086 0.000132527 6.94587e-05 1.62494e-08 5.77796e-06 3.60989e-06 0.000344468 1.24604e-06 0.0271674 0.00742599 0.000203799 0.000325394 0.000395418 5.26829e-07 0.00652584 0.875592 1.07285e-06 0.00163584 0.0280628 0.000854939 0.00123974 0.0131216 0.00760925 4.09e-06 0.0041007 0.000767742 
0.00404226 4.57324e-10 0.0280038 4.00267e-10 4.92479e-10 7.22879e-10 6.3556e-06 2.42543e-10 1.64078e-05 0.0151014 7.26316e-05 4.16746e-06 0.00590439 6.18131e-05 1.41221e-05 0.892808 9.60881e-11 0.0230246 1.7445e-05 0.000770572 2.93096e-05 0.0145329 0.0155792 4.26281e-10 1.0256e-05 4.09475e-08 
0.000436915 2.01788e-06 0.000533866 0.00092774 9.66512e-06 3.18961e-06 0.0663218 4.76001e-06 0.0244189 2.57476e-06 5.20905e-05 0.000425515 0.0168902 8.45441e-05 0.00610008 0.792068 4.23976e-07 0.039633 0.00043287 0.00442639 0.0463018 0.000472169 0.000148479 1.88091e-06 0.000219056 8.25358e-05 
0.000100228 0.000196984 0.00010801 1.24025e-08 1.52598e-08 2.23989e-08 1.04748e-08 4.81059e-05 0.00106261 1.38368e-09 2.4074e-05 0.108485 5.41705e-09 5.85675e-06 0.000109302 0.829401 1.51875e-05 7.59308e-06 0.000246306 3.39056e-09 0.0598285 3.38806e-09 9.1655e-05 1.32086e-08 0.000269951 1.12407e-08 
0.226998 9.15032e-05 0.00544791 4.78601e-06 0.00119373 0.000219773 0.000599454 0.00703515 0.00188462 0.0261992 0.0163885 0.00305888 0.00212818 0.00152616 0.132846 0.271285 0.00285769 0.011713 0.0258326 0.0396932 0.00931273 0.0437346 0.14251 0.000101189 0.0266128 0.000725696 
0.0162003 0.000781519 0.00144191 1.538e-06 1.7386e-05 0.000260474 0.00085371 0.00267604 0.0179388 0.0149217 0.003741 0.00480262 0.00482823 0.00352437 0.0224923 0.762588 0.000651438 0.00474072 0.0344422 0.00671608 0.00785578 0.0272274 0.0471483 9.14754e-06 0.0120122 0.00212651 
0.0421713 0.000488393 0.0116955 3.16966e-05 0.000108328 0.000550288 0.00202991 0.000224222 0.0318415 0.075913 0.00522109 0.00430328 0.0106171 0.000242316 0.0610903 0.425919 0.00034364 0.0331359 0.0413653 0.0151546 0.0247137 0.0388961 0.120423 1.49769e-05 0.0483802 0.00512563 
0.120271 0.000142924 1.1083e-05 5.89879e-06 4.35019e-07 6.38537e-07 2.98609e-07 0.000293139 0.0104957 0.0442358 0.000399058 7.82729e-05 5.47944e-05 3.97889e-05 0.00561786 0.49903 2.80639e-07 1.90738e-05 5.20306e-05 0.00279631 1.27168e-05 0.00289372 2.13677e-05 3.76545e-07 0.3073 0.00622683 
0.188802 2.7141e-06 1.08844e-06 5.7137e-05 1.23163e-09 3.11314e-06 2.1825e-05 6.6252e-06 2.14378e-06 8.2807e-06 9.39445e-07 2.78913e-06 4.37213e-10 0.00101429 0.00845649 0.643433 9.54143e-09 4.49761e-06 0.13097 0.0163818 0.00222813 0.00707563 0.00152134 1.19171e-06 3.83739e-06 1.84807e-06 
0.316017 0.000111323 0.000433753 0.00512898 0.000294316 0.0130083 1.31193e-06 4.39903e-05 0.00595862 0.0231521 0.00100554 0.000190721 0.000329985 0.000274464 0.00409443 0.34261 1.27859e-05 0.00575471 0.0829553 0.00250145 0.00528639 0.147923 0.0106337 9.69052e-06 0.00928036 0.0229884 
0.0267786 6.16573e-05 0.00133016 9.34268e-05 9.19509e-07 0.00017121 0.00148563 0.00015077 0.0544242 0.0265488 6.39706e-05 0.00464419 0.040629 0.00127571 0.0135082 0.655722 1.91563e-06 0.0115494 0.0520321 0.00505418 0.00797602 0.0320625 0.060949 8.75313e-05 0.00336489 3.43642e-05 
0.00962348 2.91795e-08 6.71466e-06 2.55389e-08 0.000563551 1.89693e-05 0.000956936 0.00148342 0.0331065 0.000553389 4.49096e-06 0.000101316 1.11546e-08 3.0075e-08 6.81866e-05 0.749328 6.13089e-09 0.00707411 0.00494969 0.0165853 0.117515 0.00358375 0.0140234 2.71988e-08 0.0404535 2.31464e-08 
0.00114865 2.36032e-06 3.74235e-06 5.61044e-08 6.16256e-06 1.01324e-07 1.74215e-05 0.000130189 0.0234925 0.0417287 1.23956e-06 0.000176819 0.0272751 6.60692e-08 0.00332969 0.683841 4.00617e-05 0.0800804 0.0871604 0.00747626 0.000973605 3.52108e-05 0.0248526 4.56978e-06 0.0182155 7.27165e-06 
0.0223776 0.000137243 0.00201917 0.000334397 5.84457e-05 9.99282e-06 0.00108836 0.000134383 0.00460606 0.0546621 0.0103494 0.00200529 0.00494607 0.00149561 0.0079777 0.646919 0.000311863 0.0104486 0.0310874 0.00282368 0.0170931 0.111174 0.0583321 1.7062e-05 0.00925759 0.000333088 
0.0107995 1.17839e-05 0.00750587 5.40401e-08 0.000422945 9.7596e-08 0.00752879 3.27458e-08 0.00702052 0.0520726 0.00564165 0.00201098 0.000132791 6.36382e-08 0.0106009 0.70366 0.000102225 0.0141892 0.00497409 0.00467246 0.000759956 0.09127 0.0547624 2.19104e-05 0.0203789 0.00146006 
0.000753233 1.87991e-07 0.000635409 1.64536e-07 2.02442e-07 0.000178588 0.000222478 9.97013e-08 0.00308738 0.000495642 2.47558e-08 6.21693e-08 0.000769021 1.9376e-07 0.000206236 0.964762 3.94986e-08 0.000423658 2.50771e-08 0.000197958 3.6326e-08 0.00432847 0.000181459 1.7523e-07 0.0234733 0.000283482 
0.170989 0.000135688 3.0132e-05 0.00928216 7.15125e-05 0.000185622 0.000185085 0.000571472 0.0112093 0.0357319 0.000893107 0.026309 0.00052379 0.00420625 0.0906912 0.329658 2.14317e-05 0.0420512 0.0696292 0.0137199 0.02193 0.0926059 0.0668016 4.16673e-06 0.00603076 0.00653269 
0.00296633 1.48749e-07 1.23986e-07 3.68796e-10 1.37647e-08 7.12924e-07 1.87758e-08 4.25428e-08 0.00214749 2.47583e-05 1.2767e-07 9.2754e-05 2.5366e-05 1.4472e-06 2.45852e-06 0.97623 8.85334e-11 8.39153e-05 0.000238132 6.69293e-05 0.000814631 0.017037 0.000132077 3.92766e-10 0.000135493 3.34247e-10 
0.0296837 0.000228577 0.000765897 0.00755929 0.000681871 0.000487657 0.000442011 0.000303579 0.002061 0.0208344 0.000142683 0.00113387 0.00254287 0.000879735 0.000179297 0.763398 1.95225e-05 0.0183308 0.00315081 0.00111592 0.00573726 0.0789107 0.00131247 2.71239e-05 0.00308828 0.0569824 
0.0167527 0.00115018 0.0152743 4.75234e-06 4.31774e-05 0.000707151 0.000255932 0.00016012 0.0385094 0.0520638 0.0218871 0.00615057 0.000807624 0.000432651 0.0345596 0.470463 0.000107225 0.0148813 0.0650037 0.00375109 0.0635446 0.112758 0.049418 1.97684e-06 0.0306941 0.000618359 
0.0191301 4.01214e-05 0.00475188 0.00149469 0.000133777 0.000203642 0.00477911 0.000152846 0.00398944 0.0525 0.00041861 0.00853954 0.00679913 0.000734548 0.00306729 0.550132 5.7859e-05 0.0221654 0.00542445 0.208343 0.0262241 0.00503542 0.05477 1.48543e-06 0.0208997 0.000211724 
0.0197067 0.000161426 0.00492395 1.40863e-05 3.37963e-05 0.000101729 0.000286668 0.000275579 0.0102901 0.0299395 0.00694806 0.00190068 0.0262855 0.00103798 0.00664851 0.651381 0.000232154 0.00866967 0.0138269 0.0020532 0.0348188 0.121881 0.0475966 9.96505e-06 0.0106416 0.000334397 
0.0704792 4.71682e-05 0.0108014 3.95577e-05 1.46904e-06 0.00484431 0.000183456 7.88759e-05 0.0232518 0.0145637 0.00258367 0.00111611 0.0329739 9.05873e-08 0.0230351 0.602317 7.22357e-06 0.0304637 0.00361841 0.00490013 0.0339795 0.0332318 0.0860409 5.54229e-06 0.0211316 0.000304449 
0.123659 0.00012498 0.00137804 2.90792e-07 0.00369694 6.36801e-05 0.000113464 1.79201e-05 0.00660833 0.168093 0.00417912 0.00499625 0.0735783 0.00234954 0.00472144 0.398292 0.00619028 0.0709175 0.0108033 0.00868528 0.034912 0.0206108 0.0409821 1.76165e-05 0.0149949 1.2903e-05 
0.0482304 0.00137827 0.00253406 1.84507e-06 0.000235879 0.000957842 0.00115194 0.00561259 0.00852964 0.031229 0.0176813 0.00972916 0.00607035 0.0286774 0.138465 0.259579 0.00892271 0.00908216 0.0834687 0.0448333 0.0882217 0.0328222 0.125149 1.8859e-05 0.0418043 0.0056129 
0.0737437 0.000433508 0.00297113 5.47816e-07 1.07539e-06 6.27224e-05 0.000628159 6.50406e-05 0.00682023 0.0151416 4.67507e-05 0.00219057 0.00462789 0.00328834 0.0103038 0.707944 1.27362e-05 0.0280987 0.042324 0.0233817 0.012967 0.0121357 0.0441105 1.63575e-05 0.00862073 6.34417e-05 
0.00375399 1.02957e-07 0.00317391 0.00436905 0.000177935 0.000227019 5.1192e-05 0.00112435 0.00305337 0.16826 0.0170702 0.000909871 0.0440583 1.06116e-07 0.0178616 0.350413 0.00061369 0.0291824 0.0346482 0.000224893 0.0713522 0.0130085 0.222935 1.40714e-05 0.0133786 0.000137756 
0.0143704 0.000338969 0.000468945 0.000125676 4.52546e-07 0.00380345 9.02434e-06 2.85437e-06 0.00409328 0.0220053 2.58328e-05 0.0124436 0.00190227 0.00147215 0.000697954 0.857213 0.000112903 0.000114607 0.0198145 0.000521881 0.00379522 0.0493316 0.0036692 4.75457e-07 0.00342176 0.000244434 
2.6974e-05 0.000131956 3.07572e-05 0.000115493 0.0001421 0.000208579 9.75413e-05 6.99833e-05 2.32771e-05 1.28849e-05 1.73768e-05 4.36385e-05 5.04437e-05 0.000136006 1.52366e-05 0.998476 2.77252e-05 2.43732e-05 1.76024e-05 3.1573e-05 2.54983e-05 3.15498e-05 7.3198e-06 0.000122999 8.15636e-06 0.000104673 
0.206725 0.000279268 0.000564073 1.55815e-06 3.49544e-05 0.00017782 0.00265615 0.0014409 0.00902224 0.00757931 0.00345393 0.00155868 0.00143667 0.000130887 0.00512312 0.586794 8.91047e-06 0.00337606 0.044492 0.0003358 0.0180273 0.0867327 0.0132197 5.21315e-06 0.00463989 0.00218346 
0.024852 0.00151802 0.0154633 1.37905e-06 1.37859e-06 1.37742e-06 0.00358771 1.37984e-06 0.13503 0.0549589 0.00372942 0.00290002 0.134984 1.37869e-06 0.0490197 0.333668 0.000691672 1.38064e-06 0.0441856 0.00925083 1.38062e-06 0.00676589 0.0868625 0.00206976 0.0904517 1.37924e-06 
0.00485336 0.00013004 0.027299 5.95074e-06 0.000152497 8.4076e-08 0.00116931 2.52048e-06 0.0340852 0.0677513 1.43933e-05 0.0246915 0.149521 3.89124e-05 0.0196596 0.450872 0.00250261 0.113664 0.003351 0.00154336 0.0388384 0.00223313 0.034727 9.18177e-06 0.0228825 1.42669e-06 
0.058263 0.000525392 0.00432631 4.28565e-08 5.15236e-05 0.000328209 0.000425489 0.00117089 0.0061345 0.0530554 0.00961439 0.00214787 0.0160905 0.0137294 0.0110323 0.389689 3.98708e-05 0.0198841 0.0815518 0.00729211 0.0465603 0.128817 0.0940588 6.57589e-06 0.0320454 0.0231601 
0.0162246 1.487e-07 0.00145974 0.000306214 6.3979e-05 1.58299e-05 5.26521e-05 0.00034265 0.0854484 0.0360466 0.0371694 0.0190554 0.00664279 5.40995e-05 0.090383 0.213107 0.000121735 0.00674946 0.0399457 0.163671 0.0056058 0.0148793 0.180911 3.98721e-06 0.080163 0.00157747 
0.00619983 1.55532e-05 0.00355404 1.8206e-05 1.19341e-06 0.00130167 3.13706e-05 6.71167e-06 0.00311651 0.0281363 0.0180257 0.000291601 0.00080001 0.0175911 0.00318639 0.838602 1.17964e-05 0.00522658 0.0507501 0.000440706 0.00330279 0.00380081 0.0107229 2.82422e-06 0.00484451 1.90219e-05 
0.0629838 1.84042e-05 0.00630852 2.21382e-05 1.36915e-05 0.000661533 1.37823e-06 0.000180683 0.00961767 0.00925405 0.00961497 0.00418469 0.00162112 8.06106e-05 0.00920145 0.47047 3.34715e-05 0.0079457 0.0324757 0.000892412 0.00546634 0.326525 0.0325326 6.84959e-07 0.00846301 0.00143028 
0.00693139 4.55364e-06 0.00164989 1.19238e-07 6.78346e-05 6.26051e-05 0.000240727 4.21041e-05 0.00351575 0.00787528 0.00915003 0.00149009 0.00670337 0.00198675 0.00182041 0.751867 9.50674e-07 0.00743709 0.0140312 0.00303706 0.0327443 0.105968 0.0265053 5.75206e-07 0.0159098 0.000957467 
0.00665632 1.34465e-07 0.021188 3.37781e-08 4.15598e-08 0.00281711 0.00262215 0.000175277 0.172844 0.00835102 7.91641e-05 0.00338046 0.105778 2.9943e-06 0.00600227 0.222628 2.73995e-06 0.0864803 0.0147549 5.15852e-05 0.173606 0.0801121 0.0737979 5.42369e-07 0.0186608 8.46733e-06 
0.0688742 2.65952e-07 5.64415e-06 1.15806e-09 1.42485e-09 6.77653e-05 9.78059e-10 1.8252e-06 0.0269555 1.29199e-10 3.83501e-07 1.48817e-06 5.05806e-10 0.000832842 1.52779e-10 0.596054 2.78005e-10 2.44394e-10 0.169948 3.16587e-10 0.111721 0.0211218 7.33966e-11 0.00441012 4.15474e-06 1.04957e-09 
1.87671e-06 5.68748e-07 0.00259954 3.8262e-10 2.82932e-07 1.65912e-06 1.30878e-05 4.17563e-07 0.0738019 0.00351551 1.09437e-07 1.44571e-10 0.1455 0.0151479 0.026094 0.271608 6.52241e-07 1.14669e-06 0.268086 1.04599e-10 1.6051e-06 0.118905 0.0747205 4.07488e-10 3.99945e-07 3.46776e-10 
6.81853e-06 3.33561e-05 7.77485e-06 2.91944e-05 3.59202e-05 5.27249e-05 2.46566e-05 1.76905e-05 5.88401e-06 3.25706e-06 4.39253e-06 1.1031e-05 1.27512e-05 3.43797e-05 3.85153e-06 0.999615 7.00842e-06 6.1611e-06 4.44955e-06 7.98107e-06 6.4455e-06 7.97519e-06 1.85031e-06 3.10918e-05 2.06178e-06 2.64595e-05 
0.0429432 2.52501e-06 0.000685853 0.0744983 2.00714e-07 5.96623e-08 0.000126564 1.58615e-06 0.0660514 0.00928952 4.7585e-05 0.00119709 0.02933 0.000177902 0.000217288 0.404764 5.22338e-05 0.0426029 0.14472 0.00085164 0.000233 0.0379601 0.012495 0.122399 0.00895883 0.000393843 
0.0171392 1.54287e-05 0.00228542 6.4211e-05 0.000182934 0.000861476 0.000235882 2.91043e-05 0.0122236 0.0291806 0.00184154 0.0052452 0.00803369 0.00507806 0.00281511 0.812473 0.000147883 0.00815872 0.014387 0.00592116 0.0239262 0.0183067 0.0224398 4.22411e-06 0.00885979 0.000144146 
0.0379192 4.70667e-08 0.000475299 2.42368e-06 5.61148e-06 0.0237929 1.03858e-06 1.04658e-05 0.000124925 0.00207831 0.00236274 2.30919e-05 0.000107725 0.0275882 0.00114997 0.82503 4.76182e-06 0.000367999 0.0250111 0.00166661 0.00181772 0.0375164 0.0030772 7.70001e-06 0.00984876 9.33632e-06 
0.0168211 0.00365872 0.0050706 5.50549e-06 4.0608e-05 0.000289894 0.00048062 0.000518033 0.0280373 0.0364537 0.00408327 0.00311669 0.00779088 0.00467638 0.0107573 0.698846 3.2013e-05 0.0111162 0.0450179 0.00725829 0.00862726 0.028484 0.0488143 0.000157448 0.0278876 0.00195866 
0.0278292 0.000622709 0.00385074 4.67426e-05 1.50162e-06 0.000826505 0.00100907 0.000151518 0.00765694 0.0249413 0.00359988 0.000746353 0.00181487 0.0111556 0.0155257 0.72515 2.47954e-05 0.00936666 0.047126 0.00534802 0.00516856 0.0121656 0.0825147 1.70945e-05 0.0131831 0.000157127 
0.00897628 0.000771214 0.00815244 3.40622e-06 5.76577e-07 4.5241e-06 0.123096 3.60753e-05 0.151323 0.013118 0.00182645 0.0279063 0.00243978 0.000131097 0.00109102 0.487202 0.00016282 0.0164021 0.0067519 0.00990753 0.00595641 0.0887662 0.0249858 1.03854e-05 0.0180378 0.00294063 
0.00396634 4.00379e-07 0.000108497 2.36436e-09 0.000688019 1.32467e-06 0.000116066 5.02466e-05 0.000232027 0.0261798 0.00495606 0.00237322 0.00575123 0.00550787 0.00381211 0.55531 0.000860037 0.00527668 0.0596129 0.0421257 0.0814503 0.11898 0.0784045 2.64882e-07 0.00420366 3.24629e-05 
0.00101058 0.00280387 0.00014299 2.21588e-06 2.72637e-06 4.00186e-06 8.99873e-05 0.000213822 0.00602571 0.0321849 0.00408566 0.000817876 9.67827e-07 2.60944e-06 2.92333e-07 0.912972 0.000175903 5.00083e-05 0.00354389 0.000463932 0.000664448 0.00574477 0.0143623 2.35989e-06 0.0146306 2.00829e-06 
0.0632881 0.000198367 0.0182955 1.70477e-06 1.89702e-05 0.0035563 0.00157595 5.45698e-05 0.0372078 0.0573491 0.00197479 0.00664107 0.0018404 0.00249173 0.0179792 0.462321 0.004256 0.0410373 0.0498193 0.033872 0.0181242 0.0240569 0.0850978 4.53215e-06 0.0688513 8.63291e-05 
0.0493716 2.43164e-05 0.000589327 5.04299e-05 4.98163e-06 0.00127595 2.38257e-05 2.1194e-05 0.0312605 0.0100123 0.000426088 0.00826963 0.00645824 0.00264311 0.00907855 0.719131 3.1062e-05 0.00854375 0.0463927 0.00401057 0.00434435 0.059042 0.0357953 5.43638e-07 0.00311007 8.82082e-05 
0.117638 0.010773 0.00196871 1.37622e-05 4.18008e-05 0.00899178 3.84569e-05 1.4024e-05 0.00851718 0.114594 0.00480637 0.011593 4.89712e-05 0.00256249 0.0157247 0.345851 5.36547e-06 0.0359239 0.117277 0.00371209 0.0177873 0.128588 0.0381121 1.67157e-06 0.0138821 0.00153324 
0.000150856 0.00075863 7.79166e-05 4.09858e-08 2.26472e-06 0.000137263 0.000148559 4.75037e-06 0.0150894 0.0100613 0.0010011 0.000444344 0.000406509 0.00321959 0.000303273 0.893266 4.6222e-07 7.71559e-05 0.0622509 6.90191e-10 0.000150497 0.000120268 0.00293251 8.06288e-08 0.00937286 2.32255e-05 
0.0248317 0.000133608 0.00379989 3.09203e-08 1.34113e-05 3.73424e-05 0.000740084 0.000153104 0.0656406 0.027821 0.0360637 0.00444325 0.0060791 1.30964e-06 0.0243426 0.435281 4.56302e-06 0.0113496 0.0281993 0.00788478 0.0149326 0.185926 0.117536 0.000255506 0.00433571 0.00019534 
0.0102058 2.11354e-05 0.0127453 1.57867e-06 0.000568575 0.00839097 0.000160545 0.000171134 0.018821 0.0975155 0.0011555 0.00348408 0.0276752 7.08237e-05 0.0318448 0.410332 0.000388475 0.0686801 0.0196963 0.00578115 0.0344568 0.114287 0.114141 1.04784e-05 0.0186828 0.000712036 
0.0242068 3.97032e-06 0.000295127 3.75339e-10 5.24086e-05 0.000288538 2.9861e-05 0.000759682 0.00388554 0.0201485 0.000519976 0.000715173 0.000826996 0.00284486 0.0284292 0.597905 4.14618e-06 0.00216687 0.145738 0.00795304 0.0115415 0.0894704 0.0562247 1.33026e-06 0.00521879 0.000769795 
0.15336 1.30026e-09 4.05132e-07 1.13804e-09 2.16564e-06 0.0123286 9.61147e-10 6.89597e-10 0.000577248 0.00282603 0.00293349 0.000219324 0.000148071 1.67245e-07 0.00352704 0.697169 2.73198e-10 0.000149803 0.017635 0.000171902 0.00111038 0.102416 0.00523614 3.8969e-07 0.000188746 1.03143e-09 
0.0499988 0.000280188 0.000422949 1.69944e-07 3.67547e-07 8.06436e-07 1.5715e-10 1.12751e-10 0.0196 0.196013 0.00522675 0.206132 8.12704e-11 2.08745e-07 0.000859949 0.266455 3.54194e-05 0.00553515 0.191838 0.00287376 0.00108286 0.0303275 1.7207e-07 6.70303e-08 0.0129388 0.0103788 
0.00495844 0.000325088 0.00157034 8.99761e-10 8.09821e-09 9.29633e-06 3.32376e-06 1.61396e-05 0.00461064 0.00582145 0.000354853 0.000746226 1.23542e-05 2.2249e-07 1.93444e-05 0.869948 4.66194e-07 0.00111565 0.00137651 0.000114249 0.00657294 0.0935319 0.00260663 3.17881e-07 0.00628454 7.87523e-07 
0.0412961 5.16208e-05 0.00339157 0.000145484 0.000487999 0.000616195 0.021772 9.64414e-05 0.00503509 0.13501 0.00163585 0.00867778 0.0228403 0.00540998 0.000121688 0.191468 6.30116e-05 0.065409 0.0136911 0.155707 0.0960643 0.00746801 0.145535 3.62264e-07 0.0774624 0.000543288 
0.0142114 1.50775e-05 0.0128482 1.59317e-07 1.9602e-07 0.000134454 1.34554e-07 4.92246e-05 0.036172 0.0213173 4.04206e-06 6.01972e-08 0.0573777 0.000188 1.69809e-05 0.687357 1.6927e-06 0.000132114 0.0212393 4.35535e-08 0.0183802 0.0683549 0.0297475 1.69671e-07 0.0324348 1.69309e-05 
0.00193287 1.27774e-05 0.00148626 7.82975e-10 6.37532e-07 2.12441e-07 3.32895e-05 2.28139e-06 0.00118412 0.0113865 0.000606299 0.00268881 0.00409142 0.0242434 0.00024766 0.813605 1.10349e-05 0.00342752 0.00567059 0.000811809 0.00705817 0.0198199 0.0356566 1.50513e-08 0.0132944 0.0527285 
0.0441463 2.05687e-07 8.11749e-05 0.000234449 4.58363e-07 3.0945e-07 0.000222568 2.38487e-07 0.0234069 0.102857 0.00083213 0.00177628 5.63452e-06 1.30425e-09 0.0120289 0.727789 0.000152302 0.0239896 0.00907111 4.44076e-05 0.0077898 0.0250868 0.0155 1.00072e-07 0.00489744 8.68891e-05 
0.00210976 0.0108529 0.00272437 0.000302531 1.55777e-05 1.21396e-05 0.000521835 1.89277e-05 0.022347 0.0069004 3.22558e-05 0.00203325 0.00383818 0.00062398 0.00607916 0.875132 9.12019e-06 0.0203493 0.0196964 0.00415925 0.00336979 0.0036333 0.0140682 8.52778e-05 0.000594162 0.000491225 
0.0396941 0.00331267 0.00503924 1.74331e-06 0.000143378 0.00125168 0.000333827 2.74432e-05 0.0614805 0.0880447 0.00537634 0.00313477 0.0033318 0.00991426 0.0129397 0.332843 0.000135764 0.0147171 0.0880902 0.00732948 0.0141557 0.209912 0.0679156 0.00017765 0.0283442 0.00235331 
0.0273591 0.0011131 0.00315301 0.000652603 0.000129424 0.000672159 0.00158943 0.00142318 0.0167178 0.060531 0.00649288 0.00565749 0.00851965 0.00270681 0.0115528 0.621093 0.000518174 0.0374044 0.0420974 0.00963424 0.0197807 0.039275 0.0613742 1.22603e-05 0.0192049 0.00133576 
1.95518e-06 1.52473e-07 0.00115157 4.169e-11 1.12899e-07 4.81942e-07 3.5562e-09 4.54973e-08 0.02519 0.000625777 1.19242e-08 1.57524e-11 2.87719e-07 9.82382e-08 0.00191645 0.781998 1.00081e-11 5.36694e-07 0.0605184 1.04864e-07 9.20425e-12 0.125961 0.00263486 3.4636e-07 2.79732e-08 3.77844e-11 
0.00962348 2.91795e-08 6.71466e-06 2.55389e-08 0.000563551 1.89693e-05 0.000956936 0.00148342 0.0331065 0.000553389 4.49096e-06 0.000101316 1.11546e-08 3.0075e-08 6.81866e-05 0.749328 6.13089e-09 0.00707411 0.00494969 0.0165853 0.117515 0.00358375 0.0140234 2.71988e-08 0.0404535 2.31464e-08 
0.0416501 0.000121929 0.000630959 3.24529e-07 8.75177e-08 0.000808896 7.88067e-05 0.00145369 0.0171411 0.00360928 0.00441287 0.00340104 0.000236655 0.000167248 0.00649296 0.631208 7.22601e-06 0.0143667 0.0183637 0.0023498 0.0154779 0.141782 0.0517591 3.64205e-06 0.0389475 0.00552816 
0.179323 1.65794e-05 0.00351761 3.63062e-08 0.000154974 0.000582668 6.42809e-05 3.2357e-07 0.00806581 0.110002 0.112068 0.000644555 0.0233175 0.00421909 0.00565716 0.359341 1.4799e-05 0.0198971 0.0304057 0.033336 0.0180242 0.0184521 0.0661411 1.14825e-06 0.00549341 0.00126021 
0.0766788 0.0026639 0.00948208 4.31901e-07 0.11007 0.000250086 0.000354734 0.000491597 0.00730751 0.0998204 0.00122091 0.010829 0.000985059 0.000304607 0.0345232 0.400978 0.00159476 0.0229583 0.0278464 0.0888573 0.0114827 0.058581 0.0140179 1.11881e-05 0.0185149 0.000174977 
0.0296444 0.0007084 0.00515073 0.000143158 0.000714609 0.00148751 0.000927849 0.000982895 0.0168726 0.0476825 0.00362656 0.00704127 0.00560793 0.00421606 0.0111619 0.666449 0.0011286 0.0150168 0.0388832 0.0100363 0.0145087 0.0617107 0.0347162 3.84247e-05 0.0201687 0.00137454 
1.74517e-06 0.0834288 0.00044974 9.71486e-08 7.81564e-05 0.00108311 0.00393947 0.000936283 0.0236559 0.00865496 7.33816e-06 0.00535174 4.24315e-08 4.4416e-06 0.0307997 0.71562 0.000494873 0.0273717 0.00107619 0.0639699 0.00199428 0.00246968 0.0269955 2.15719e-05 0.00131136 0.000283299 
0.180173 0.0271785 0.0353834 4.1887e-07 1.09796e-05 0.000229306 2.42572e-06 0.00165078 0.00510051 0.0343872 0.000154186 0.0338726 0.0250179 0.00102949 0.0686927 0.196915 0.00557254 0.0529595 0.0352231 0.0127249 0.0207147 0.080516 0.0969797 2.64632e-05 0.0814457 0.00403947 
0.0184087 0.00113953 0.00149308 0.000783236 1.63866e-05 0.00156321 9.44073e-05 2.35725e-05 0.00855719 0.0396243 0.00692439 0.0020094 0.00297977 0.00581229 0.00318181 0.799183 9.24884e-06 0.00680344 0.0197897 0.00150093 0.0085862 0.0418246 0.0228944 7.38748e-06 0.00664568 0.000143937 
0.00847636 0.000119293 0.000170771 0.00326729 4.56839e-05 3.43796e-08 8.61895e-06 1.15352e-08 0.167305 0.0721632 0.000581581 0.050755 0.00043761 2.24175e-08 0.000127503 0.245456 1.50085e-05 0.0672391 0.0734623 0.0122271 0.0263709 0.0725967 0.161761 1.02664e-05 0.0345294 0.00287311 
0.0280546 1.01488e-06 0.00190927 1.97137e-06 2.29169e-05 0.00382212 0.00133382 0.000121445 0.00212213 0.0127287 0.00522215 0.000499165 0.00480765 0.00812848 0.0033956 0.787742 0.000432531 0.00767396 0.0148249 0.00291918 0.0164295 0.0777097 0.0132459 1.27325e-05 0.00665892 0.000179618 
0.0172568 7.86334e-06 0.00554882 1.02658e-07 3.91576e-05 0.000393784 0.000109528 0.000117709 0.00531368 0.0177014 0.0411184 0.00241743 0.0019631 2.11614e-07 0.0148918 0.407989 9.99965e-06 0.0106123 0.0141505 0.000894405 0.114066 0.217586 0.0933058 3.42152e-07 0.033424 0.00108191 
0.00688274 4.65049e-07 0.00552655 0.000113404 3.09784e-05 2.42151e-06 0.000515142 5.41915e-05 0.00673855 0.0188697 8.60325e-05 0.00529861 0.00765975 0.00193477 0.00283819 0.844234 2.41434e-05 0.0135205 0.0476797 0.00774849 0.00377174 0.00629119 0.0183766 0.000248889 0.00129548 0.000257739 
0.0259413 1.70813e-06 0.000254463 5.07206e-09 2.12623e-05 0.000945739 0.000176497 0.000944857 0.0161718 0.0218582 0.000391188 0.00235538 0.00291637 1.92466e-06 0.00763427 0.582913 1.81367e-08 0.033669 0.0143731 0.00449159 0.107859 0.0491923 0.114431 4.03069e-06 0.0134404 1.25525e-05 
0.0107775 4.35335e-05 0.00136858 0.000113551 4.61326e-05 0.000131884 0.000219495 0.00012926 0.00410965 0.0379848 0.0083515 0.00377365 0.00468462 0.000930187 0.00534424 0.714648 0.00016845 0.0120096 0.0135062 0.00279819 0.0249938 0.0982856 0.0393552 3.383e-06 0.01577 0.00045325 
0.000265043 3.06854e-09 0.000114881 2.68569e-09 3.83737e-07 4.85034e-09 0.00212326 9.0885e-05 0.00275005 2.54811e-05 4.04084e-10 2.57716e-05 4.47833e-07 3.1627e-09 0.000745779 0.989961 8.97728e-06 5.6678e-10 0.000356694 7.34205e-10 0.000136513 0.00307501 0.000144299 8.06588e-06 0.000151257 1.57538e-05 
0.0459033 0.000360528 0.0166959 1.73705e-05 7.22044e-06 7.17912e-05 0.000560772 0.000219042 0.141448 0.066152 0.00143671 0.00360102 0.00697948 2.36896e-05 0.0294202 0.401026 0.000356351 0.0207827 0.0456271 0.0797774 0.0309451 0.029619 0.0447576 6.63873e-06 0.0341289 7.63161e-05 
0.00363124 1.34269e-10 0.00381221 3.9984e-05 6.88298e-09 0.0020709 3.72481e-05 1.37666e-05 0.00244916 0.00075891 1.76813e-11 0.000133585 0.000118044 0.0102538 0.00252141 0.940892 2.89265e-06 0.000290458 0.0280343 5.7182e-05 0.00110886 0.000249697 0.00231473 2.05393e-08 0.00121008 1.73869e-08 
0.00409424 0.105964 5.59884e-05 2.42981e-09 2.98958e-09 0.00477596 8.01828e-08 4.89541e-05 3.86874e-05 0.173233 5.39263e-06 0.000734673 0.00210499 2.86137e-09 2.46501e-07 0.611244 3.42321e-06 0.0123944 0.00643972 0.000931244 0.00477259 0.056388 0.0147223 8.62934e-06 0.00203907 2.20218e-09 
0.00479808 3.68669e-05 0.000740201 0.000578001 2.15581e-06 2.0837e-06 1.73184e-06 1.28321e-06 0.00255062 0.0502442 0.0547905 6.82855e-05 0.000986308 0.0160959 0.00119342 0.760693 3.54451e-06 0.0146974 0.0516574 0.000352749 0.00487803 0.00832912 0.0183162 6.2909e-06 0.0087456 0.000231411 
0.362614 0.000109148 0.000340138 0.0166816 0.00138698 0.0163625 1.09405e-05 2.24876e-06 0.00180919 0.0279208 5.47192e-05 0.000134858 0.000273729 0.00264652 0.00196467 0.392018 9.4811e-07 0.0877135 0.016233 0.00124083 0.00324984 0.053554 0.00640826 9.62529e-07 0.00713708 0.000131247 
1.16302e-06 0.000279681 0.000714819 1.37184e-10 5.22607e-05 2.81382e-07 1.15861e-10 8.31269e-11 0.0862052 0.164767 3.12762e-05 1.67877e-06 0.00391334 1.51708e-06 0.00179459 0.33194 0.0371116 0.00774737 0.0560612 6.48396e-07 0.0217105 0.177738 0.0972303 0.000189957 0.0124911 1.70484e-05 
0.0187835 0.000143075 0.00193773 1.36516e-08 6.38774e-05 0.000479767 4.31436e-05 0.000271653 0.0634476 0.0658033 0.00179918 0.00898753 0.00160054 0.00124546 0.00616737 0.504802 0.000100816 0.0308836 0.121298 0.00444442 0.0771811 0.0438923 0.039546 5.56934e-05 0.00688969 0.000131982 
0.0159889 0.00024165 0.0128698 8.83192e-05 0.000199683 9.58351e-05 0.000383885 0.00025191 0.0135763 0.0216557 0.000930619 0.00327228 0.00248764 0.0023896 0.0278899 0.592575 0.000432229 0.0232604 0.0498806 0.00661516 0.0126417 0.113174 0.0731312 0.000115251 0.025745 0.000108058 
0.0287827 3.54889e-05 0.00111845 9.44095e-05 1.23525e-05 0.0104197 6.56847e-06 6.42219e-05 0.00732266 0.0168205 0.0167586 0.00494418 0.002088 0.00143279 0.065041 0.626762 4.71759e-06 0.00306004 0.0261016 0.00132561 0.00199598 0.0518797 0.0575536 7.16425e-07 0.0731104 0.00326428 
0.0977635 0.00676841 0.000483727 3.09066e-05 6.66188e-06 3.32077e-06 0.00013254 1.34185e-06 0.0435985 0.144665 0.00104138 0.000560307 0.00494177 0.000154761 0.00104612 0.579016 2.96084e-05 0.00517779 0.0320788 0.00224274 0.00075146 0.00203125 0.0641567 0.000139016 0.0129269 0.000251842 
0.0101133 2.92514e-09 0.00173249 2.303e-08 4.53694e-05 0.00376321 0.000133185 2.01418e-05 0.0032311 0.0302796 0.000600329 0.00198769 0.00119676 0.000353379 0.00538426 0.853409 5.10705e-05 0.00509149 0.0206345 0.00239524 0.0202158 0.0210033 0.0162416 2.24139e-05 0.0020941 7.1861e-07 
0.0183058 0.000305598 0.00234761 5.66788e-06 0.000140674 0.00103549 0.00027229 0.000196505 0.0031496 0.0632968 0.0135312 0.0028563 0.000954697 0.00175835 0.0116285 0.627288 0.00163609 0.00722608 0.0394813 0.00727121 0.0163621 0.119589 0.0523921 5.75113e-06 0.00833058 0.00063282 
0.0161059 0.000240512 0.000118397 5.46677e-06 4.42552e-06 2.4856e-08 0.000478121 0.00101517 0.0352172 0.0213027 0.00584314 0.00792257 0.000122853 1.18549e-05 0.0744828 0.367476 0.00012718 0.0235454 0.0513711 0.0159403 0.00885439 0.196763 0.15288 0.000106207 0.0200084 5.79065e-05 
0.0164767 2.39916e-05 0.00109247 3.8676e-05 5.21248e-05 6.94446e-06 0.0002259 1.16417e-05 0.00167136 0.0234795 0.000138644 0.0123581 0.0151547 0.000135118 0.00764743 0.795291 0.00299553 0.0868571 0.00669897 0.00257935 0.000604504 0.0140972 0.00872774 6.89163e-06 0.00312191 0.000506273 
0.0237856 2.50261e-09 6.07272e-07 2.19037e-09 3.24609e-06 3.9558e-09 6.59938e-07 1.05018e-06 0.00527463 0.00149372 1.54514e-05 0.000336887 7.44646e-07 1.38469e-07 0.000698043 0.948298 1.46014e-07 0.000131816 0.0187123 4.12197e-05 5.78885e-07 3.13888e-06 0.00074567 6.47968e-06 0.000449743 5.6213e-07 
0.0141562 0.000361212 0.00168604 7.16566e-07 1.34928e-05 1.29411e-06 0.0097054 0.000937042 0.127766 0.0561849 0.00140808 0.00153232 0.000952779 8.43836e-07 0.00448146 0.579515 6.13674e-05 0.0325158 0.00781237 6.99764e-05 0.0102493 0.00038662 0.0410026 9.62742e-05 0.107474 0.00162866 
0.273018 2.83614e-07 0.00268893 5.65519e-09 8.73565e-05 1.02132e-08 3.84385e-05 4.71786e-05 0.00500213 0.0633747 0.0125202 0.000443272 5.31391e-08 6.65962e-09 0.00584887 0.395116 2.69581e-06 0.0173918 0.0309693 9.58813e-05 0.00377144 0.137278 0.0129593 6.75786e-07 0.0393291 1.58847e-05 
0.00962348 2.91795e-08 6.71466e-06 2.55389e-08 0.000563551 1.89693e-05 0.000956936 0.00148342 0.0331065 0.000553389 4.49096e-06 0.000101316 1.11546e-08 3.0075e-08 6.81866e-05 0.749328 6.13089e-09 0.00707411 0.00494969 0.0165853 0.117515 0.00358375 0.0140234 2.71988e-08 0.0404535 2.31464e-08 
0.00935653 0.00190076 0.00193834 1.59077e-07 1.20678e-05 1.82058e-05 0.000860596 0.00882109 0.00680981 0.00829475 0.00741317 0.00706003 0.00173508 0.00103847 0.0082718 0.824391 2.11592e-05 0.00693936 0.0195942 0.00984258 0.00237207 0.0183189 0.0237329 2.0694e-05 0.0201944 0.0110418 
7.13819e-05 9.47134e-09 0.0147187 0.00509556 1.74877e-06 0.000337604 0.000311224 0.000299811 0.000146971 5.3027e-08 3.1493e-05 0.000208307 0.00024278 9.76199e-09 0.000165157 0.971609 1.99002e-09 0.000233841 0.000564549 3.43531e-08 2.31598e-05 2.26453e-09 0.00491975 8.82842e-09 0.0010187 7.51307e-09 
0.0413449 0.000723146 0.0198397 1.63601e-06 1.22159e-05 0.00111978 0.000248915 0.00227279 0.0350435 0.0322616 0.00319908 0.00367059 0.021557 1.19777e-07 0.00357325 0.469024 1.6252e-06 0.0504435 0.0062357 0.00325744 0.0251569 0.0511832 0.106316 4.26684e-06 0.122519 0.000990446 
0.00188296 1.72843e-05 5.97458e-08 2.11872e-10 2.60682e-10 3.82639e-10 1.16885e-05 6.20065e-05 6.54952e-05 0.000860649 1.63354e-06 0.000988233 6.48753e-08 2.49502e-10 3.04042e-06 0.869914 5.08619e-11 0.000260205 0.00313146 0.000131358 0.0046759 0.116784 0.00041534 2.25642e-10 0.000795327 5.60271e-08 
0.0272382 0.000666945 0.0057141 0.000979298 8.68147e-05 0.000895125 0.000827643 0.000978102 0.0153782 0.0523528 0.00795733 0.00445435 0.0128142 0.00119532 0.0146761 0.571896 0.00152812 0.0261369 0.0297295 0.00516874 0.0355287 0.0863374 0.0777673 1.54771e-05 0.0176904 0.00198673 
0.0491233 0.00231928 0.000964384 0.000103784 7.42562e-06 6.88309e-05 0.000205305 2.97535e-05 0.0115953 0.236963 0.0177715 0.00734425 0.00549458 3.0986e-05 0.0848009 0.332923 3.68117e-05 0.0300215 0.0847913 0.0102995 0.00865405 0.0607852 0.0274212 1.428e-05 0.013129 0.0151016 
0.0648045 3.03729e-05 0.00018587 3.50924e-08 0.000189686 0.000662626 2.96378e-08 2.12644e-08 0.014891 0.0195562 5.27993e-09 1.32595e-08 3.98296e-05 4.13252e-08 3.66707e-05 0.873978 3.22652e-06 0.000106808 0.0117464 0.000498439 7.63658e-05 0.0116924 3.44955e-05 6.89545e-05 0.000586396 0.000811621 
