0.000410329 1.00361e-07 0.00503182 8.78398e-08 0.000983601 0.00204659 0.0321526 0.000324738 0.00196867 0.00893351 0.0141083 3.31899e-08 0.0423979 1.03441e-07 0.000152979 0.00291084 2.10868e-08 0.000593215 0.00327198 2.40133e-08 0.874368 0.000897462 0.00526935 9.35487e-08 0.00403472 0.000143379 
0.0369851 3.62142e-10 0.0205598 3.1696e-10 3.89981e-10 0.000702196 4.64844e-09 8.55108e-07 0.0139188 0.00191789 0.000108025 0.000704043 0.0245286 3.73256e-10 0.281588 9.55918e-07 7.60895e-11 0.0139565 0.00625452 6.68508e-08 0.0604813 0.00531874 0.487826 0.000120505 0.0450281 9.85037e-08 
0.0755508 1.08039e-05 0.115159 0.00986694 0.000236519 0.00150864 0.00012849 0.00267806 0.0162642 0.00763132 0.0381381 0.00128163 0.00413544 0.000776323 0.0240807 0.00119768 8.05999e-06 0.0285726 0.0241472 0.00850784 0.0462569 0.0137665 0.0419305 1.75942e-05 0.531543 0.00660483 
0.0228092 7.2207e-05 0.00146743 7.96241e-06 7.85398e-05 0.00108599 0.000800612 0.000312133 0.0424174 0.0364278 0.00121923 0.0163951 0.00430722 0.0256293 0.140725 0.00155833 2.91602e-06 0.0443287 0.191867 0.0383965 0.015523 0.0268379 0.370928 4.13996e-06 0.0167579 4.08009e-05 
0.0216282 1.02695e-05 0.00162774 0.118829 0.000459023 1.97281e-08 7.01263e-05 1.24424e-05 0.00340084 0.0283127 2.52185e-06 0.000718737 0.00179204 3.23422e-07 3.99915e-05 4.94543e-05 2.62234e-09 0.793323 0.000213984 0.00061236 0.0161845 0.00333875 0.00814413 1.16336e-08 0.00117758 5.25921e-05 
0.0193299 1.62508e-05 0.482412 3.34517e-06 7.80889e-07 0.00016366 3.13178e-05 0.0966306 0.0409821 0.00781584 0.00067649 0.00218236 0.0187519 0.000296341 0.0304821 8.74666e-05 1.36795e-08 0.0619181 0.0145118 0.00103964 0.00681765 0.00388225 0.0551179 1.88932e-06 0.156847 1.7079e-06 
0.038255 0.00311498 0.0211536 0.000958198 0.000532255 0.000941034 8.2349e-05 0.00211739 0.156105 0.0179386 0.0343845 0.0220635 0.000869009 0.000887975 0.0204173 0.000108828 4.62695e-05 0.00797071 0.0178092 0.0204133 0.0138482 0.00780191 0.0858183 0.000311138 0.516545 0.00950629 
0.15389 0.000139744 0.00714183 1.77395e-05 1.18639e-05 6.455e-05 0.000440074 0.0014623 0.0054092 0.0659364 0.000375796 0.0070425 0.015992 0.000370427 0.200678 0.00238427 6.35296e-07 0.0381256 0.0307974 0.00676172 0.0454796 0.161663 0.213056 1.17305e-06 0.0423274 0.000430828 
0.0035906 3.52153e-05 0.00643589 1.85441e-10 0.00105382 0.0167925 2.31506e-06 2.33646e-05 0.00500347 0.0662154 0.000463535 0.00092333 0.00442816 2.18378e-10 0.232129 8.09934e-05 4.45171e-11 0.000800708 0.0992661 0.00599644 0.130304 0.000990519 0.409889 5.81603e-08 0.01557 5.11913e-06 
4.23947e-05 0.000291371 0.0414692 2.45067e-08 1.3946e-05 0.00359051 0.000269276 0.00141914 0.642145 0.0181806 0.0204189 0.00193067 0.000479639 0.000825421 0.00333184 0.000749576 5.88309e-09 0.0026271 0.000829154 6.69956e-09 0.00328035 0.000230359 0.0936987 2.56939e-06 0.161638 0.00253655 
0.00876294 0.00172319 0.00980574 9.55141e-05 0.000978863 4.26032e-05 0.0190933 0.000160078 0.114677 0.130744 0.0372428 0.0262808 0.0184988 0.000269527 0.0124202 0.00560834 2.79543e-05 0.432137 0.00773388 0.00120204 0.0254867 0.00624752 0.106152 0.00014529 0.0337051 0.000758545 
0.0218402 0.00080088 0.108098 1.1289e-07 4.86181e-05 1.04809e-05 0.000170949 0.00110944 0.0911968 0.0637081 0.00377028 0.020966 0.00142218 7.79254e-06 0.104684 0.000385378 5.16469e-09 0.173564 0.0101694 0.000669663 0.00951954 0.00607487 0.25262 1.0867e-06 0.127195 0.00196799 
0.0213263 1.07439e-05 0.000171785 5.25536e-05 0.000667383 0.0456755 0.000383353 0.000150861 0.429155 0.0175736 2.6499e-06 0.0307214 5.23476e-05 1.85059e-07 0.0323191 0.000677988 3.7725e-08 0.0477039 0.0261029 0.0250497 0.00135049 0.00429432 0.00223064 1.67362e-07 0.313934 0.000392929 
1.19737e-06 9.28945e-08 0.0417375 9.09432e-11 1.11895e-10 1.28502e-07 0.000482085 0.00185341 0.0053951 0.731649 0.000751814 0.00255593 0.0775056 1.57814e-06 0.00129397 1.9796e-07 2.18319e-11 4.87199e-07 0.0339917 0.00128378 0.00234085 0.000160012 0.0379983 9.68539e-11 0.0609964 4.65638e-07 
0.21241 1.42158e-07 0.254641 1.58171e-09 1.9461e-09 1.12619e-06 4.37816e-07 7.54769e-07 0.00107168 0.00950074 6.30943e-07 3.04358e-07 0.045486 1.86264e-09 0.108185 1.3405e-09 3.79706e-10 0.0127303 0.0027218 4.32402e-10 0.0617575 4.32084e-10 0.0812094 1.32508e-07 0.210283 1.43353e-09 
0.0050263 0.000133821 0.0198973 2.47145e-05 0.00219241 1.23176e-05 8.83653e-05 0.335587 0.0230621 0.0667978 0.0598303 0.0032526 0.00229893 6.86978e-05 0.0387203 9.81262e-05 2.80976e-06 0.0126068 0.0290029 0.00551944 0.00486929 0.00264529 0.212448 0.000147299 0.175263 0.000404321 
0.00224453 1.50608e-05 0.00176321 1.31374e-07 1.6164e-07 8.96683e-05 1.10954e-07 1.22131e-05 0.851529 0.00752858 0.00195214 0.00174942 5.73803e-08 1.77242e-06 5.27305e-06 9.94401e-05 3.15378e-08 0.00205598 0.000571283 0.00328325 3.74853e-05 0.000450584 0.00826362 1.39913e-07 0.113384 0.00496288 
0.31088 0.000592896 0.0230935 3.72297e-05 3.6646e-05 0.00172502 0.000198766 0.000889511 0.191354 0.00287124 1.10934e-05 0.0389481 0.000441215 8.24894e-06 0.0398516 0.00970708 3.22655e-06 0.0645931 0.0353758 0.00044539 0.194671 0.0249002 0.0405228 5.99795e-06 0.0187325 0.00010365 
0.00119172 1.20487e-06 0.012085 2.09454e-11 2.57707e-11 1.24658e-05 1.27456e-05 6.87985e-06 0.000172408 0.00390244 7.01675e-09 7.54799e-06 0.047339 2.1109e-06 0.00023139 6.56829e-05 5.02816e-12 0.0152049 0.00231625 0.000340283 0.011978 0.00363566 0.00491424 2.23067e-11 0.896575 4.77287e-06 
1.16237e-06 1.85281e-11 0.00554243 1.62165e-11 7.78343e-08 2.92869e-11 5.34277e-08 1.38563e-07 0.00125712 3.64191e-07 8.4667e-08 4.29525e-09 1.31748e-07 1.90967e-11 0.79171 1.37435e-11 3.89293e-12 0.00484527 8.5146e-07 4.75244e-07 6.93856e-07 0.0466487 0.149992 1.72704e-11 4.52143e-07 4.32115e-07 
0.0752568 3.72717e-06 0.022421 7.84816e-05 3.46312e-05 1.38463e-06 3.68661e-05 0.00175381 8.4972e-05 0.0726272 0.00114739 0.00553225 2.58312e-06 2.80526e-07 0.289129 0.000220081 1.98362e-07 0.169935 0.0634882 0.146004 0.0320426 0.0150406 0.0550832 1.63609e-06 0.0499548 0.000120206 
0.00781772 0.000387419 0.0209386 0.000408904 0.000184881 0.000336437 0.00248234 0.00199748 0.061112 0.028075 0.0144892 0.0163406 0.00657592 0.000511652 0.00711354 0.000398122 4.62056e-05 0.0136962 0.0179367 0.00357465 0.00589735 0.00367728 0.0732207 0.00713839 0.701818 0.00382433 
0.0145433 3.56668e-12 7.15996e-05 3.12169e-12 2.15126e-08 5.63774e-12 2.63647e-12 6.90452e-08 0.0118443 0.00222227 3.48509e-08 0.00730554 1.97715e-08 3.67613e-12 0.0757995 0.00125353 7.49393e-13 0.00190416 0.0331961 0.00141766 0.0581653 4.43524e-09 0.776498 3.32457e-12 0.0157783 2.82925e-12 
0.000402205 2.41999e-06 0.000556291 2.11806e-06 0.000111226 0.000273651 0.0240605 7.9418e-05 0.875423 0.0267841 0.00155848 8.89222e-06 0.0151885 2.49426e-06 0.000567639 0.00116259 5.08463e-07 0.000746959 0.00798235 5.79029e-07 0.00636359 0.000632098 0.0304866 2.25572e-06 0.00758409 1.77461e-05 
0.0174335 0.00192117 0.00730964 0.0275527 0.000212381 6.81524e-05 0.00692516 0.00805042 0.0614196 0.213377 0.0132169 0.00954196 0.0429084 0.00448142 0.0115879 0.00207973 5.3011e-05 0.114994 0.0475279 0.0204279 0.165569 0.0207699 0.162445 0.000246416 0.0395348 0.000346468 
0.0071993 0.0016235 0.00351412 2.05356e-06 0.00881833 0.00201778 2.18937e-05 1.24436e-06 0.820825 0.00724386 0.000277364 0.00223851 0.000704962 2.41829e-06 0.0186916 0.0121497 4.92977e-07 0.00172244 0.00293532 1.85061e-05 6.4117e-05 0.00568453 0.0624352 2.18702e-06 0.0417775 2.75508e-05 
0.00328692 0.00031677 0.109277 0.000360636 0.00620697 2.30842e-05 0.00167871 0.0039807 0.102572 0.0212375 0.00317255 0.00194179 0.0305528 0.00405993 0.337807 0.00173747 3.96448e-06 0.017319 0.0104181 0.015601 0.0148083 0.00260013 0.204062 4.51639e-06 0.104875 0.00209529 
7.18216e-07 0.00118797 2.68894e-05 5.9542e-10 7.32591e-10 1.07532e-09 2.00328e-06 0.00180372 0.195126 0.00318508 0.00344728 0.00158329 0.000175738 1.01195e-06 0.0435822 5.0462e-10 1.42937e-10 0.000125496 0.00241121 0.0103079 0.000471774 6.58194e-05 0.0102803 1.20665e-07 0.724677 0.00153897 
0.0182907 3.14848e-12 0.00873158 2.75566e-12 1.93941e-07 4.9767e-12 1.39663e-08 1.73676e-08 4.17659e-08 0.0102251 9.20438e-08 1.85346e-08 0.00226882 3.2451e-12 0.045707 0.000217591 6.61525e-13 0.00470872 0.00519884 0.00116152 0.0340264 0.00847708 0.832486 2.93476e-12 0.0285004 1.3489e-08 
0.106804 1.32933e-05 0.194405 2.14369e-08 0.000136191 9.38768e-05 0.00181597 0.00260162 0.00188241 0.000774508 1.78672e-05 0.000139969 0.000639202 2.52443e-08 0.394438 0.000158466 5.14614e-09 0.0199093 0.117469 0.000283537 0.0443549 0.00396837 0.0565689 4.25402e-06 0.0534534 6.82408e-05 
0.00207826 6.65268e-07 0.0445281 5.82266e-07 0.0213633 5.84576e-05 0.0360642 0.000270069 0.121597 0.0298884 1.10672e-05 0.151774 0.0833637 2.12469e-05 0.00430314 0.0217222 2.47253e-07 0.1406 0.00253104 0.209638 0.013987 0.0170415 0.033162 4.50057e-06 0.0656605 0.000330781 
0.00194432 1.10512e-05 0.0113752 6.55109e-06 8.06032e-06 0.000883602 8.55134e-06 3.96965e-06 0.000493268 0.000505931 0.00266988 2.4753e-06 2.86132e-06 0.00016577 0.000269761 3.58423e-05 1.57266e-06 0.434527 0.00260446 0.000163918 0.000184063 0.0382163 0.000149465 6.3488e-05 0.50566 4.27133e-05 
4.47071e-08 5.70357e-11 1.95029e-07 4.99196e-11 3.04948e-08 4.59366e-08 0.00162798 3.0249e-11 0.831866 0.00154321 5.9957e-07 0.000872279 4.71379e-05 1.33047e-08 0.104337 4.23071e-11 1.19837e-11 0.000339288 3.82023e-08 4.37883e-08 0.00643827 8.57202e-08 0.000585419 4.21249e-09 0.0161511 0.0361912 
2.22331e-05 4.06306e-05 0.0219181 4.52123e-09 6.47494e-06 8.16531e-09 4.97234e-07 1.33928e-05 0.0199975 0.00541673 1.12571e-07 0.00331058 0.000138128 5.32425e-09 0.00660803 0.000752807 1.08537e-09 0.222496 0.00131636 0.000406071 0.303141 0.0364914 0.35176 4.81508e-09 0.0261373 2.65859e-05 
0.252156 6.60513e-05 0.000263904 0.00219236 8.66201e-05 0.0474392 3.17155e-05 3.80306e-05 0.0283838 0.088567 0.000290426 0.000942683 0.000308683 3.34966e-05 0.00244711 0.00163256 2.92082e-05 0.0190613 0.173789 0.00301105 0.013623 0.0186043 0.30505 0.00660089 0.0345223 0.000829587 
0.0246296 9.65756e-05 0.00611622 1.40104e-06 1.72381e-06 2.53028e-06 0.0175199 8.48967e-07 0.809668 0.000116207 0.00211496 0.0006979 0.000130954 0.000197428 6.00956e-05 0.00338433 3.36335e-07 0.0161709 0.00211444 0.000125155 0.000139171 0.000274679 0.0237624 3.61434e-06 0.0926504 2.01043e-05 
0.0212027 7.13304e-07 0.00013278 2.97105e-07 0.000925691 3.21819e-09 4.86353e-05 8.44333e-06 5.12863e-06 0.469823 0.000294533 0.000244517 0.000395048 1.80803e-05 0.00326763 0.00107649 9.94011e-10 0.0268365 0.0385837 0.005707 0.0448553 0.363859 0.0216788 2.60667e-06 0.000963796 6.96753e-05 
0.196729 8.74987e-07 0.0105831 3.16135e-07 1.27335e-08 7.74709e-05 1.29509e-05 0.0177828 0.00835839 2.25474e-06 0.12839 0.00028365 0.000303483 1.83386e-06 0.0198399 0.00525669 2.48444e-09 0.00172844 0.000265579 0.00100851 0.00399217 0.0431351 0.0089821 2.98369e-07 0.553261 3.54156e-06 
2.09083e-05 2.80918e-10 6.54783e-11 2.4587e-10 2.93468e-06 4.44039e-10 2.07653e-10 1.48986e-10 0.0138169 0.0713312 1.22081e-06 1.67231e-06 6.55175e-07 6.66229e-07 0.152541 2.08376e-10 5.90236e-11 1.86848e-07 0.0666115 6.7215e-11 0.654121 6.71655e-11 0.0415484 4.19221e-07 1.5072e-06 2.22837e-10 
1.68681e-08 2.16443e-07 1.54642e-06 9.01661e-11 2.66363e-07 1.62839e-10 7.61512e-11 5.40955e-07 0.00225137 0.0955891 0.000244475 6.6097e-07 0.042285 1.06181e-10 0.0180479 3.36308e-07 2.16453e-11 7.09778e-07 0.698783 1.08952e-06 0.0512151 5.69005e-07 0.0445961 9.60263e-11 0.0469815 6.12975e-07 
0.00190622 3.47243e-05 0.000552765 3.59396e-07 0.891558 1.89933e-08 0.000366413 9.06292e-06 0.00207548 0.0478542 0.000708015 1.31741e-05 0.000325442 2.05534e-06 0.000469075 6.80218e-06 2.52467e-09 0.0189732 0.00624228 0.000449524 0.00513074 0.00179696 0.0026815 2.78e-08 0.017436 0.00140809 
0.109921 2.67276e-05 0.0228365 8.8135e-08 0.000106448 1.69174e-05 0.000452333 9.5648e-05 0.0271721 0.0161792 0.000298933 0.00834013 0.00322437 9.66186e-06 0.0429256 0.00148261 1.43752e-08 0.294625 0.0135733 0.0612463 0.0260544 0.0202003 0.238802 7.33966e-05 0.111825 0.00051175 
1.19814e-05 1.74964e-10 0.0481101 1.53134e-10 1.56402e-06 9.95893e-07 1.29332e-10 1.8745e-06 0.550891 1.38214e-06 0.00561856 0.037239 1.09697e-06 3.60846e-07 0.303513 1.29782e-10 3.67615e-11 1.40582e-06 0.0440479 1.95924e-06 0.00451463 1.53111e-06 1.95566e-06 1.63087e-10 9.35147e-06 0.00603101 
0.000309411 1.11432e-08 0.0133399 2.75183e-12 8.84518e-10 4.96979e-12 7.21874e-06 1.67883e-09 0.00087123 0.000237402 0.947376 5.96841e-05 0.000462507 1.6806e-07 0.00133465 1.72316e-05 6.60606e-13 0.00142142 0.00134913 2.40234e-05 0.000985189 6.75566e-05 0.00241053 2.93068e-12 0.0297272 2.49404e-12 
0.00251018 2.15131e-06 0.0489619 5.5762e-05 0.0264077 0.240247 0.000743101 0.000179798 0.0121342 0.0270983 0.0199635 0.00150993 0.0433137 4.24571e-06 0.073239 0.00162924 1.44299e-06 0.0127158 0.0563679 0.00051206 0.080343 0.00882877 0.0170033 9.83946e-05 0.324352 0.00177768 
0.0133558 0.000137762 0.0017503 1.18575e-05 7.5491e-06 5.81072e-08 2.71736e-08 3.03e-05 0.00395499 0.2934 5.80166e-06 0.00119214 0.405044 3.78892e-08 0.0452677 1.13425e-05 7.72385e-09 0.0357124 4.11674e-05 0.00013224 0.00790755 0.000165489 0.191834 3.42658e-08 3.78257e-05 2.91605e-08 
7.87855e-06 3.55194e-07 0.0439679 3.10878e-07 3.8374e-06 3.47337e-05 2.21819e-05 0.146129 0.000146185 0.0208552 0.00457203 2.4629e-05 5.96142e-06 3.66094e-07 0.43746 2.63471e-07 7.46296e-08 3.14579e-05 1.52413e-05 8.49868e-08 0.00293684 8.06066e-06 0.151566 3.60413e-06 0.192195 1.24653e-05 
1.60922e-07 4.40279e-05 4.57075e-06 2.11415e-08 2.6012e-08 3.81814e-08 1.78554e-08 2.09222e-05 0.758061 0.039062 2.07989e-06 7.98822e-09 3.31754e-05 2.48965e-08 3.47179e-05 1.79175e-08 5.07523e-09 0.000210237 0.00301207 5.77959e-09 5.57478e-05 0.00660238 0.0563816 9.74323e-06 0.136465 1.91609e-08 
0.218855 7.58341e-05 0.00189562 0.00783022 0.000318369 0.000825859 0.00107055 0.00709198 0.00228444 0.00608198 0.0135393 0.00146852 6.94688e-05 0.000153089 0.2116 0.001246 3.78105e-08 0.00472981 0.0550219 0.00276034 0.0281791 0.00275288 0.315084 1.39329e-06 0.117001 6.35988e-05 
0.0657019 0.000966799 0.00530218 1.5469e-05 5.57892e-05 0.00421055 0.000556921 0.000517758 0.467191 0.161414 0.0118905 0.00771301 0.0035568 8.3982e-05 0.0406192 0.0134527 9.96759e-06 0.0416286 0.0429521 0.000586757 0.00423843 0.0143121 0.0259522 9.67758e-05 0.0834221 0.00355216 
0.00118562 6.94165e-08 0.00375322 3.45802e-11 5.50326e-05 1.00702e-05 0.00111121 2.0954e-11 0.746668 3.72773e-07 0.0178847 0.00121712 2.70829e-07 0.00026466 0.0548768 2.93069e-11 8.30134e-12 0.00340324 0.000254309 0.000385668 0.00927425 0.00022119 0.011462 2.77303e-09 0.143599 0.0043729 
7.96649e-07 1.16402e-07 0.00567054 2.55727e-11 1.55247e-06 0.000545929 2.15978e-11 0.000196405 0.000126311 0.0283005 0.00023543 0.000114079 0.0348997 3.01147e-11 0.0434815 4.8171e-05 6.13899e-12 0.00174873 0.000992684 2.62416e-07 0.0313596 0.00162233 0.82526 2.72348e-11 0.0253704 2.45436e-05 
0.00781083 8.07744e-06 0.00905006 1.45204e-05 0.443781 6.98381e-05 0.000147367 0.00011166 0.00310999 0.0401184 4.50684e-07 0.000144843 0.269364 1.12963e-06 0.00826095 0.000569679 7.2688e-09 0.107547 0.00232805 0.000476376 0.0550785 0.0090941 0.0418259 5.31168e-08 0.000818331 0.000269247 
0.00211469 7.21788e-07 0.000595829 2.2024e-07 1.00229e-06 5.62897e-07 1.46242e-05 0.00034468 0.0305178 0.234938 1.7418e-05 0.011842 2.81319e-07 5.81639e-05 0.00757789 3.35369e-05 1.71777e-07 0.00189457 0.0483439 0.00409572 0.0126512 0.0760827 0.488696 6.38762e-05 0.0801116 2.16793e-06 
0.0332518 0.000104656 0.00557379 0.000268835 0.000375533 0.000753947 0.000697273 0.000122107 0.0276148 0.0560135 7.09576e-05 0.0189416 0.000168484 0.000177456 0.0132613 0.507642 1.51446e-05 0.0614834 0.0249515 0.0152366 0.0142518 0.136362 0.0104051 0.00016177 0.071581 0.00051346 
0.0328235 1.16472e-06 0.000407401 1.0194e-06 1.25425e-06 1.84103e-06 0.000913105 1.38498e-06 0.0868606 0.0280811 7.30717e-06 0.000106598 0.137989 0.00277643 0.0333052 4.96434e-05 2.44717e-07 0.00979611 0.316454 0.00158407 0.0139986 0.0110858 0.300158 0.0226601 0.000936253 9.23902e-07 
0.0491201 3.83903e-07 0.0244915 0.0170098 3.35113e-08 0.000979578 1.65566e-07 5.03382e-07 0.256658 0.00706627 1.83538e-05 0.00787192 0.0137874 4.09253e-05 0.0245949 6.9128e-06 5.48553e-11 0.0098947 0.363425 6.24682e-11 0.00883684 6.24222e-11 0.0180609 1.00915e-07 0.198134 1.3965e-06 
0.0688762 8.24489e-05 0.0649669 9.08733e-05 1.10067e-06 1.62212e-09 1.15089e-06 0.000485366 0.402642 5.0369e-06 3.72305e-07 6.81715e-07 2.8698e-06 1.05771e-09 4.68212e-07 0.0261636 2.15619e-10 0.216483 0.0893536 0.00102233 4.94928e-06 7.35546e-07 0.0208577 9.56561e-10 0.108957 2.11732e-06 
0.00336322 0.000288602 0.479226 2.1896e-11 0.00134049 1.46443e-07 0.00103743 0.000419988 0.00345537 0.00502599 0.00021146 1.21354e-06 0.000355945 2.57849e-11 0.0198612 1.85569e-11 5.25635e-12 8.29952e-08 0.00853233 2.52124e-07 0.00274684 6.63358e-05 0.00522838 2.26346e-08 0.468839 7.27744e-08 
0.00040394 1.64293e-06 0.00553896 1.43795e-06 1.76922e-06 2.59693e-06 2.15103e-06 6.13512e-06 0.0846633 0.000570245 0.00523093 0.0013798 0.00025221 1.69335e-06 2.38726e-06 7.27249e-05 3.45194e-07 5.0689e-05 0.00464699 3.93101e-07 0.0745763 0.716773 0.00162549 1.53141e-06 0.104085 0.000107818 
0.115057 0.490344 0.0021113 0.000364283 0.000613713 0.000313196 8.58466e-05 0.000362409 0.00880015 0.0151451 0.0107242 0.0180749 0.00125598 0.00117187 0.0332235 0.000417278 5.94826e-05 0.0222675 0.0139507 0.00227147 0.00762178 0.0580941 0.17231 6.67357e-05 0.0248748 0.000418191 
0.00180004 8.11307e-06 9.62348e-05 0.000324441 0.000479504 3.80625e-06 0.000574211 1.27708e-06 0.877325 0.0474231 6.35748e-05 7.65253e-05 0.0185755 2.48189e-06 0.00330517 0.0178099 5.05942e-07 0.0204245 0.00125721 0.000657669 0.00402546 0.0022681 0.00300024 2.24454e-06 0.000493004 1.91013e-06 
0.00137682 0.000751904 0.00566539 1.36645e-07 1.68514e-06 2.27792e-06 0.000382175 0.000686403 0.528166 0.0523374 0.00311426 0.0260541 4.9996e-07 6.28088e-08 0.00526775 2.67874e-06 1.28038e-08 0.0112362 0.033875 1.45807e-08 1.50894e-06 0.0214047 0.00520882 5.21418e-06 0.301292 0.00316709 
7.18216e-07 0.00118797 2.68894e-05 5.9542e-10 7.32591e-10 1.07532e-09 2.00328e-06 0.00180372 0.195126 0.00318508 0.00344728 0.00158329 0.000175738 1.01195e-06 0.0435822 5.0462e-10 1.42937e-10 0.000125496 0.00241121 0.0103079 0.000471774 6.58194e-05 0.0102803 1.20665e-07 0.724677 0.00153897 
0.0683031 0.000233988 0.0640377 0.000255535 8.26127e-05 6.16151e-05 0.000225669 0.000375923 0.13055 0.055867 0.00113055 0.00913103 0.0492705 0.000298043 0.0416521 0.0210216 1.29975e-05 0.0280648 0.0175424 0.00436173 0.0196826 0.0821455 0.0794463 3.32998e-05 0.32582 0.00039356 
0.083319 1.0044e-05 0.0166443 4.31926e-06 0.286499 8.00753e-05 0.000172179 0.000973541 0.0122226 0.0852516 0.0039054 0.012804 0.00128333 1.07289e-06 0.041146 0.00021466 2.64817e-07 0.0320123 0.0301953 0.0014 0.0148448 0.00763197 0.218996 1.42288e-06 0.15018 0.000206939 
0.0288346 4.27949e-12 3.12224e-08 3.74556e-12 5.75464e-05 6.76446e-12 1.23403e-08 0.000297671 0.000991393 0.00479481 0.00122616 4.40495e-05 1.63595e-12 3.22034e-08 0.196413 2.79376e-08 8.99161e-13 0.0100593 0.189211 1.09768e-07 0.0127249 0.00530454 0.545968 3.989e-12 0.00407297 9.98068e-08 
0.000246013 1.39631e-10 3.12014e-07 1.2221e-10 1.50364e-10 2.2071e-10 1.76944e-07 4.06265e-05 0.0540861 0.133255 8.19191e-05 0.00011687 1.16249e-06 1.43916e-10 6.34725e-07 0.0363774 2.93377e-11 0.000854947 0.368928 3.34093e-11 0.022003 1.97298e-06 0.056484 7.99576e-07 0.00933097 0.31819 
0.00988874 3.07534e-05 0.105485 2.64698e-07 3.25679e-07 0.000361721 2.23555e-07 0.0976988 0.000648247 0.0464211 2.73242e-07 1.98337e-05 1.15612e-07 0.0448619 0.000708238 0.000121353 7.37938e-08 1.37173e-05 0.430103 0.000205146 0.0192367 0.000775812 0.223444 2.81902e-07 0.0199706 4.04524e-06 
0.0746487 0.00808983 0.00110367 1.62009e-09 6.90959e-06 2.92587e-09 0.000185457 0.000296653 0.0351953 0.128652 2.83637e-05 0.00822781 0.00183927 3.39715e-06 0.0736042 3.54207e-05 3.88919e-10 0.54145 0.00386475 0.00235539 0.0296464 0.00375508 0.0829602 1.72538e-09 0.00388254 0.000168492 
0.000393677 2.52003e-06 0.103188 2.20562e-06 4.33839e-05 3.98334e-06 9.34325e-06 0.020247 0.035483 0.00103067 0.00191675 0.00012962 2.0396e-05 2.59737e-06 0.00642649 2.11959e-05 1.41954e-06 0.00796807 0.000444919 3.62698e-05 0.00148025 1.79896e-05 0.0294261 2.34897e-06 0.791691 1.10532e-05 
0.000309411 1.11432e-08 0.0133399 2.75183e-12 8.84518e-10 4.96979e-12 7.21874e-06 1.67883e-09 0.00087123 0.000237402 0.947376 5.96841e-05 0.000462507 1.6806e-07 0.00133465 1.72316e-05 6.60606e-13 0.00142142 0.00134913 2.40234e-05 0.000985189 6.75566e-05 0.00241053 2.93068e-12 0.0297272 2.49404e-12 
8.03607e-05 2.82237e-05 0.628855 9.23696e-08 1.25628e-06 0.000644451 1.34276e-05 0.0169231 0.0586424 0.00801553 0.0164839 0.000976293 1.85295e-06 1.08776e-07 0.014662 5.21004e-07 2.21743e-08 0.00135233 0.000829045 0.00126781 0.000656237 2.52331e-08 0.0145146 1.72965e-05 0.229853 0.0061812 
2.76692e-06 8.96343e-10 0.293676 8.79444e-05 8.69687e-07 3.11843e-06 3.7773e-06 1.85445e-06 0.212623 2.04814e-06 1.71164e-06 0.00135362 3.42651e-10 9.23849e-10 2.59791e-06 6.64876e-10 1.8833e-10 8.49343e-06 2.18822e-06 1.40907e-05 2.71585e-05 7.65106e-06 0.120211 8.35499e-10 0.371967 3.27139e-06 
0.198385 5.54504e-07 0.0164311 4.39177e-10 2.87573e-07 1.47852e-06 1.69701e-06 0.0880439 0.0288716 0.318745 2.76398e-05 6.45663e-06 0.00887168 5.1718e-10 0.022009 3.72204e-10 1.05429e-10 0.0647525 0.0315777 1.74819e-06 0.0480073 0.0718243 0.0410207 2.9094e-07 0.0589212 0.00249897 
0.0161688 0.00199494 0.275173 1.61638e-05 0.00141232 3.78609e-05 2.70212e-05 6.23015e-06 0.171312 0.138813 0.00175896 0.00061828 0.027237 0.00428695 0.0024161 0.00207957 1.44537e-06 0.0705783 0.0929207 0.05381 0.00243393 0.0172619 0.00933314 2.27111e-06 0.110298 2.39101e-06 
0.00433213 0.00401437 0.0442011 2.57271e-09 0.0137443 3.45064e-06 4.26136e-07 0.0019944 0.000210021 0.00627503 0.0675666 1.29702e-05 0.000218295 3.02966e-09 0.00168213 0.0052531 6.17606e-10 0.000321274 0.000195787 4.11074e-07 0.059235 0.0429951 0.00341805 7.97906e-07 0.735553 0.00877262 
4.74285e-08 3.20853e-08 0.182678 1.71222e-12 1.89812e-09 4.89199e-07 2.16927e-08 0.00420321 0.00452708 0.0907926 5.26058e-08 0.0237359 0.00227806 2.01633e-12 0.0366131 0.000364408 4.11037e-13 0.0121401 1.12971e-07 4.68081e-13 0.0398023 0.00439402 0.429643 1.8235e-12 0.167745 0.00108182 
7.18216e-07 0.00118797 2.68894e-05 5.9542e-10 7.32591e-10 1.07532e-09 2.00328e-06 0.00180372 0.195126 0.00318508 0.00344728 0.00158329 0.000175738 1.01195e-06 0.0435822 5.0462e-10 1.42937e-10 0.000125496 0.00241121 0.0103079 0.000471774 6.58194e-05 0.0102803 1.20665e-07 0.724677 0.00153897 
0.152366 0.000194825 0.000374379 1.32149e-05 2.84673e-05 0.428167 9.25648e-05 8.22927e-08 0.0760335 0.0067446 3.87133e-06 0.0106705 0.00154523 1.62259e-05 0.00627811 0.0506754 3.26019e-08 0.006178 0.0207968 5.23161e-05 0.0209002 0.182218 0.0254045 1.44633e-07 0.010884 0.000362585 
0.0493103 7.41338e-08 0.0445739 4.42466e-07 2.28453e-05 3.30737e-06 3.67055e-05 0.000234636 0.0033993 0.0130055 0.0142175 0.00114987 0.00142963 0.0137195 0.0668416 0.000135096 4.8119e-09 0.00605269 0.00980222 0.00979152 0.0176487 0.000385464 0.0855754 3.00637e-08 0.662615 4.89345e-05 
1.36475e-06 6.12452e-10 2.35559e-06 5.3604e-10 6.59531e-10 6.68075e-06 4.52721e-10 0.0652488 0.00463401 6.87795e-07 2.33969e-07 0.0137496 2.34126e-10 6.31246e-10 0.0518713 4.54295e-10 1.28682e-10 1.82142e-06 0.435575 5.67126e-06 0.0178045 0.131289 0.218184 5.70878e-10 0.0415498 0.0200757 
0.00318376 9.90396e-08 0.00499615 1.00686e-05 5.73337e-06 1.24578e-05 8.91392e-06 0.760879 0.000799974 0.00245795 0.0692763 0.00113858 0.000135575 0.0237883 0.00522555 0.00020367 3.84122e-08 0.000711691 0.0032832 0.000278087 0.0023505 0.00142833 0.00761686 4.4371e-06 0.111996 0.000208967 
0.0203418 0.00169007 0.0690533 0.000636818 0.000154514 0.000293368 0.00112049 0.0197204 0.0286426 0.020253 0.0660864 0.00635825 0.00743155 0.00330409 0.0186847 0.00123681 6.42363e-05 0.00768923 0.0168005 0.0108477 0.0125656 0.00644383 0.0496437 7.07329e-05 0.621774 0.00909186 
0.0193732 1.8588e-08 0.00253886 6.51998e-06 1.53896e-06 0.000733027 1.43468e-05 1.46261e-06 0.0128155 0.00525642 5.69694e-05 0.00299707 1.48068e-05 0.00176465 0.0209204 0.0440902 6.31472e-09 0.000616487 0.165683 0.000813044 0.058548 0.549998 0.106011 3.67016e-06 0.00766638 7.46531e-05 
0.00154102 1.37627e-09 0.0123154 0.000128595 1.0516e-08 1.54603e-06 1.01733e-09 0.000415167 0.00124591 3.56371e-07 0.00407066 4.55139e-10 2.25874e-07 4.22342e-06 1.92825e-07 5.84062e-06 2.89168e-10 0.00259378 0.000631651 3.29299e-10 0.000276584 7.67536e-05 0.00191494 1.28285e-09 0.974419 0.000357661 
0.00161331 3.4153e-07 0.00887316 4.26998e-06 5.86713e-05 4.47987e-05 1.78536e-05 0.762144 0.000937627 0.00316404 0.0772121 0.0023742 0.000699704 0.00998059 0.00580109 2.58544e-05 1.64902e-08 0.000654942 0.00398424 0.00346679 0.00350503 0.000454702 0.0147019 1.59341e-05 0.100234 3.11133e-05 
8.9395e-08 6.39373e-11 0.00481419 5.59602e-11 1.62999e-07 1.01064e-10 4.7262e-11 0.0132648 0.00270587 1.89802e-05 0.0699983 6.34764e-07 0.00207398 6.58993e-11 0.00073967 0.000102541 1.34338e-11 6.12784e-08 0.000778048 7.17219e-08 1.32785e-07 4.05704e-05 8.28489e-08 5.95972e-11 0.905461 3.96439e-07 
1.16237e-06 1.85281e-11 0.00554243 1.62165e-11 7.78343e-08 2.92869e-11 5.34277e-08 1.38563e-07 0.00125712 3.64191e-07 8.4667e-08 4.29525e-09 1.31748e-07 1.90967e-11 0.79171 1.37435e-11 3.89293e-12 0.00484527 8.5146e-07 4.75244e-07 6.93856e-07 0.0466487 0.149992 1.72704e-11 4.52143e-07 4.32115e-07 
1.36475e-06 6.12452e-10 2.35559e-06 5.3604e-10 6.59531e-10 6.68075e-06 4.52721e-10 0.0652488 0.00463401 6.87795e-07 2.33969e-07 0.0137496 2.34126e-10 6.31246e-10 0.0518713 4.54295e-10 1.28682e-10 1.82142e-06 0.435575 5.67126e-06 0.0178045 0.131289 0.218184 5.70878e-10 0.0415498 0.0200757 
0.594908 0.000285631 1.43245e-07 5.37884e-07 6.61801e-07 9.71415e-07 4.65408e-05 3.25932e-07 0.194361 0.000105294 1.0637e-05 0.00113334 2.34931e-07 0.000138334 0.00592647 0.000363542 1.29125e-07 0.00211054 0.0254082 0.038756 0.000318954 0.00119712 0.0334415 5.72843e-07 0.101117 0.000367604 
0.00199617 4.42295e-06 0.105309 4.56495e-11 0.00172615 6.51379e-07 2.77627e-07 0.00308798 0.239915 0.0305817 1.82622e-05 1.77315e-06 2.85137e-07 5.37574e-11 0.0428616 6.96772e-08 1.09586e-11 0.00362893 0.0285268 1.24795e-11 0.00486952 1.62127e-07 0.118135 4.86164e-11 0.399522 0.019815 
1.38706e-07 6.02857e-10 6.04807e-07 5.27641e-10 9.50107e-08 1.43104e-07 0.0010877 3.19726e-10 0.743868 0.00103033 1.85908e-06 0.00345572 3.24515e-05 5.6345e-08 0.172048 4.47178e-10 1.26666e-10 0.000227514 1.18507e-07 1.35872e-07 0.0101109 2.65886e-07 0.00575298 1.34583e-08 0.0382423 0.024141 
0.0341208 6.32625e-05 0.0224175 0.000403343 2.72826e-05 0.000350105 0.00117415 0.00114241 0.546041 0.002496 6.43593e-05 0.00312481 0.00224375 2.7813e-06 0.0244516 0.00203754 2.16597e-07 0.0130665 0.00170454 0.000390161 0.193566 0.00291217 0.0747874 0.00117136 0.0696105 0.00263107 
0.010363 2.78567e-08 0.00844203 2.50885e-10 0.196961 4.53097e-10 2.01744e-07 0.00162359 0.000448172 0.0010253 0.0995175 3.38924e-05 1.69911e-07 2.95445e-10 0.000613541 2.12626e-10 6.02275e-11 0.000207128 0.000273163 8.66189e-08 1.60119e-06 0.0110224 0.00100009 1.27963e-07 0.628296 0.040171 
0.0194759 0.000152938 0.0290923 7.4149e-06 0.000658926 9.91081e-05 0.00124693 0.0572857 0.2559 0.0197247 0.00897185 0.204474 0.00169598 1.05171e-05 0.142479 6.31497e-05 3.57569e-06 0.0465717 0.00886343 0.00143706 0.00796731 0.000158328 0.0558935 1.33038e-05 0.130437 0.00731675 
1.59056e-07 6.34395e-06 0.027179 6.54763e-11 2.57875e-07 9.34291e-07 0.000279143 1.22998e-06 0.00533952 0.00144583 2.61939e-05 2.54328e-06 4.08979e-07 7.71056e-11 1.28881e-06 9.99399e-08 1.57183e-11 3.35788e-07 1.24742e-06 1.78997e-11 3.52735e-07 1.78865e-11 3.54478e-06 6.97318e-11 0.965707 4.65845e-06 
6.23774e-08 2.96258e-12 0.00114624 2.59296e-12 1.24454e-08 6.69696e-08 1.75216e-08 0.00805298 0.00143816 0.433163 0.00729597 4.55587e-08 0.0556489 3.0535e-12 1.3283e-07 0.000105908 6.22466e-13 0.0105391 0.138204 0.000170993 0.025781 0.109984 0.200792 8.31208e-10 0.00767672 2.27978e-08 
0.315134 4.25789e-06 0.00445049 5.10033e-10 6.27534e-10 0.00391907 4.30757e-10 5.11024e-08 0.00449327 5.95495e-09 1.3247e-05 1.25649e-06 7.85849e-07 0.00021463 0.0277285 4.00785e-07 1.22439e-10 0.0759355 0.0121183 0.0389642 0.0607973 0.434559 0.0075509 2.81034e-07 0.0136887 0.000426276 
0.00014278 3.4333e-07 0.716422 1.73287e-09 2.23047e-08 0.000866677 3.56725e-06 0.00040256 0.150536 0.00640143 0.00024693 0.0116462 0.009042 2.04065e-09 0.00245067 4.48458e-05 4.15993e-10 0.00205987 0.00230486 0.0181666 0.00546489 0.000307927 0.00860239 1.84549e-09 0.0648748 1.28736e-05 
0.0269729 0.000209292 0.0121429 0.00312123 6.42144e-05 0.038112 0.00171135 0.00462456 0.112379 0.0126463 0.0162715 0.00602437 0.000282819 0.000485297 0.0365608 0.00689252 1.58971e-05 0.0653942 0.134998 0.00598808 0.00644039 0.0101537 0.0119666 0.0396684 0.445641 0.0012332 
0.0145849 7.76987e-07 0.439651 6.80047e-07 4.99964e-05 5.24791e-06 3.12553e-06 0.000439043 0.00306979 0.00469238 5.34363e-06 0.00504023 0.000338225 8.00831e-07 0.111426 0.00351055 1.63252e-07 0.293947 0.020994 0.0355084 0.0245531 0.00628834 0.0190195 0.000743702 0.0161144 1.31837e-05 
0.112562 2.12329e-08 1.37484e-05 3.99064e-08 8.63368e-08 1.89459e-07 1.45402e-06 8.65919e-06 7.85529e-05 0.00124204 0.000773759 0.0043856 3.93112e-06 0.00143607 0.0154002 0.173482 3.00994e-12 0.00131108 0.0466959 0.00363375 0.00994101 0.57871 0.0495578 1.33532e-11 0.000760347 1.10559e-06 
0.00759269 4.44887e-08 0.0112341 1.29637e-10 1.26554e-07 8.58164e-08 1.09487e-10 0.00247355 0.203796 0.0716838 3.96644e-06 0.00179935 2.10488e-06 1.40883e-06 0.0120558 0.0241964 3.11207e-11 3.7154e-06 0.0162495 4.55931e-08 0.216717 0.0164611 0.306765 2.68814e-08 0.108963 2.15918e-08 
0.00121997 1.47713e-07 0.544253 5.22708e-08 1.03449e-10 0.000509572 8.86562e-05 0.000179699 0.00185735 0.00670401 3.24923e-05 2.38372e-05 0.0015831 9.90125e-11 0.251389 7.12573e-11 2.0184e-11 0.00186627 4.12558e-05 0.000182405 0.0169782 0.00106252 0.158835 3.73411e-06 0.0131792 9.83945e-06 
0.00118114 0.000510819 0.0556494 1.40285e-08 7.74408e-05 7.75775e-05 0.0003098 0.000395353 0.0123703 0.104536 0.0786393 0.0454719 0.000128017 1.66806e-10 0.00684335 0.00263452 3.40041e-11 0.0745238 0.110426 3.09734e-06 0.000788243 0.00161702 0.0769174 2.88011e-07 0.425858 0.0010415 
0.00243863 4.81806e-07 2.12997e-05 7.57374e-10 5.5754e-05 1.36781e-09 6.39652e-10 4.58933e-10 0.000718009 0.0520871 1.06717e-06 0.00116639 9.31224e-08 8.91892e-10 0.0172991 0.000279631 1.81815e-10 0.0101707 0.0806567 0.00259383 0.0109519 0.0157213 0.799974 8.49878e-08 0.00586377 6.86423e-10 
0.0401107 3.04593e-05 0.0124576 3.72136e-09 3.0448e-06 6.72075e-09 0.00068 0.000816497 0.00571002 0.0102926 0.0111825 1.4061e-09 0.620081 6.93906e-08 0.0111932 0.000135016 8.9335e-10 0.217402 1.74908e-06 9.76922e-07 0.0321081 0.00579238 0.0136644 3.96322e-09 0.0183375 3.37274e-09 
0.112192 1.6447e-10 0.00562052 1.4395e-10 9.13629e-07 1.75375e-07 3.41485e-05 8.41653e-07 1.11954e-07 0.00194567 0.0155629 0.000180637 0.00355454 1.69517e-10 0.179872 0.000289968 3.45567e-11 0.0222386 0.00143995 0.00690672 0.0530518 0.0602407 0.453834 4.10498e-08 0.0830342 1.30465e-10 
0.00187027 3.06278e-05 0.0530871 5.48368e-08 4.89379e-06 1.69618e-05 4.30554e-05 2.93844e-05 0.0336229 0.0278444 0.000345306 0.000724974 0.000301172 1.4833e-06 0.010439 0.0218105 2.05798e-08 0.0077775 0.0190141 0.00216843 0.00121205 0.717182 0.0954756 2.92301e-06 0.00699271 3.01739e-06 
0.0278884 0.00125291 0.00328467 0.000151796 1.09104e-05 2.9318e-05 0.000362533 0.0471488 0.0142257 0.0282011 0.144436 2.14682e-05 0.0132692 8.39504e-10 0.0121984 0.00107557 1.71136e-10 0.000615304 0.0135239 0.00105444 0.0532444 0.0251123 0.00826698 9.15875e-07 0.59153 0.0130957 
0.0170686 1.66643e-10 0.0885956 1.62661e-08 0.000417889 9.35213e-08 0.00152011 0.00101695 0.0658329 0.00673091 0.000214452 0.0289085 0.00193625 1.71757e-10 0.303486 1.71e-07 3.50133e-11 0.0274235 3.65111e-07 1.83555e-07 0.0278907 0.00391611 0.00723287 1.55331e-10 0.406972 0.0108356 
1.16237e-06 1.85281e-11 0.00554243 1.62165e-11 7.78343e-08 2.92869e-11 5.34277e-08 1.38563e-07 0.00125712 3.64191e-07 8.4667e-08 4.29525e-09 1.31748e-07 1.90967e-11 0.79171 1.37435e-11 3.89293e-12 0.00484527 8.5146e-07 4.75244e-07 6.93856e-07 0.0466487 0.149992 1.72704e-11 4.52143e-07 4.32115e-07 
0.000774779 0.000104212 0.00824208 7.54458e-06 6.94208e-06 0.00020894 0.0390324 0.0745655 0.0368133 0.0111103 0.019281 0.000427411 0.00448609 0.000148134 0.0293725 0.000202093 3.27572e-06 0.000324596 0.00341483 0.000565773 0.00284133 0.000422909 0.0598667 7.27068e-06 0.707719 5.09271e-05 
0.00217906 0.00121401 0.00667863 0.005676 0.000651839 0.00125339 8.25894e-05 0.000425188 0.42753 0.0124957 0.0142485 0.000966032 0.00438677 0.34342 0.00660652 0.00189837 1.94665e-05 0.0111223 0.0559387 0.00186635 0.00615252 0.00822393 0.0402056 0.000635701 0.0449755 0.00114728 
0.702117 2.54312e-07 0.0117361 4.09142e-11 8.97905e-05 1.46223e-07 3.45548e-11 1.01196e-06 3.51684e-09 0.000138515 5.36899e-08 1.54593e-11 1.03016e-09 0.0145389 0.0298329 3.4675e-11 9.82189e-12 0.000380497 0.00042444 1.1185e-11 0.00330908 0.000215486 0.0164417 4.35734e-11 0.211797 0.00897701 
0.000633751 5.00008e-12 2.5069e-07 4.37625e-12 4.90038e-08 1.01963e-07 1.60187e-06 1.61787e-08 9.80808e-08 0.187332 7.02887e-07 2.10016e-08 2.1123e-06 4.22641e-08 0.00306919 0.000609232 1.05056e-12 0.000201 0.0858427 2.84746e-08 0.266158 0.00127434 0.439175 4.66067e-12 0.0156992 7.14326e-09 
2.88576e-05 2.2713e-07 0.00838689 1.67734e-06 2.30263e-07 3.46641e-07 0.000417138 5.08896e-07 0.831662 4.17229e-06 0.000157321 3.35889e-06 3.03293e-06 5.94327e-09 0.0345079 4.27725e-09 1.21156e-09 3.7854e-06 0.000100525 2.32467e-06 0.0216554 6.32358e-07 0.00326091 3.59962e-08 0.0985657 0.00123721 
0.0809579 0.000196782 0.0024967 2.8627e-05 2.8595e-05 1.44713e-05 1.80736e-05 0.0032702 0.00753139 0.040588 7.22781e-06 0.0101923 0.00770986 4.75904e-05 0.0279632 0.00223159 7.29511e-09 0.492182 0.00235278 0.00334644 0.0697503 0.0272606 0.198061 7.53354e-06 0.023757 2.75418e-08 
0.00360994 1.046e-05 0.000242013 9.15494e-06 0.00105696 1.65338e-05 0.000712935 0.978529 0.000128061 0.00107064 0.000310967 0.000435388 0.000147272 1.0781e-05 0.00174995 0.000382648 2.19774e-06 0.000288279 0.00499641 2.50274e-06 0.000264277 0.000172217 0.00349396 9.74994e-06 0.00233903 8.2973e-06 
0.000137661 0.00710438 0.000694765 7.32222e-06 1.76678e-05 6.72204e-05 0.020755 1.72591e-07 0.834829 0.00651157 0.000906493 0.00023104 0.0206077 3.35415e-07 0.000175847 0.00034467 6.83755e-08 0.0390096 0.000166658 0.00351668 4.80555e-05 0.000290966 0.00399419 3.03338e-07 0.0604116 0.000171575 
0.703564 1.85751e-06 0.000114793 1.62575e-06 5.47363e-05 5.50097e-05 4.61998e-06 4.98085e-06 1.45953e-05 6.88243e-05 0.00628901 8.60371e-06 9.14331e-05 1.91451e-06 0.0255138 2.54072e-05 3.90279e-07 0.0944623 1.6581e-05 4.44443e-07 0.0478737 0.000794939 0.0523911 1.73142e-06 0.0686417 1.47345e-06 
0.0998417 1.33348e-06 0.000361803 4.65487e-07 0.00240868 8.76294e-07 4.44207e-05 1.24928e-05 0.000237081 0.0368923 1.57238e-06 0.0189126 0.000263174 4.60954e-05 0.111577 0.00210444 6.55239e-11 0.213629 0.00238387 0.104454 0.234159 0.0903334 0.0686727 0.000213426 0.0126528 0.000795925 
0.0108505 0.00342276 0.0796651 0.000626653 2.5851e-05 0.00108119 0.000563219 3.48691e-05 0.172176 0.0185902 0.00930165 0.00574473 0.0217849 1.0391e-05 0.009126 0.000325178 7.94162e-06 0.01825 0.0361808 0.0181216 0.0161394 0.0121779 0.044338 5.2831e-05 0.521184 0.000218524 
0.000911591 1.36969e-05 0.0255279 5.58204e-06 0.00254703 0.000158766 4.98339e-05 0.000171323 7.42099e-05 0.878318 0.000235827 0.000554963 0.00904502 2.47437e-05 0.00890917 5.21691e-05 5.1958e-06 0.0156663 0.00204293 0.000340538 0.00416008 0.00207935 0.0466241 5.94483e-06 0.00228988 0.00018561 
0.00100751 5.05551e-06 0.0264598 8.57394e-07 1.59987e-08 2.34835e-08 0.000621321 1.00936e-05 0.158239 0.0104859 0.00200878 0.00362645 0.00896477 0.000138637 1.41821e-05 0.0197161 3.12153e-09 0.646852 0.00115097 0.00017854 0.0113298 0.00535694 0.0301655 4.40984e-07 0.0668914 0.00677563 
0.0140254 1.78082e-08 0.03661 0.0420684 1.91771e-08 6.32722e-06 1.31637e-08 0.000451476 0.172974 0.00162074 7.02291e-06 2.52213e-05 0.398618 1.83547e-08 0.0414847 0.013585 3.74166e-09 0.038656 0.00582386 4.26094e-09 6.11786e-06 0.0226777 0.173507 1.65994e-08 0.0376045 0.000248744 
0.0493467 1.27936e-05 0.00873604 2.34521e-09 1.12893e-05 3.52988e-07 0.00282742 9.22209e-09 0.0308377 0.0334181 0.0104249 0.0252699 0.0266324 2.42614e-05 0.0354548 0.00086471 5.62992e-10 0.256336 0.000998204 0.00562807 0.357169 0.000757299 0.136251 1.25893e-07 0.0189987 2.12551e-09 
0.00318203 3.70742e-07 0.0579264 7.21811e-06 3.99241e-07 5.8602e-07 7.98334e-05 6.42335e-05 0.084881 0.0317581 2.43438e-06 0.00616625 0.715209 3.82119e-07 0.00493453 0.00161306 7.78963e-08 0.0162802 0.000401304 6.83666e-05 0.0416468 0.00149294 0.00635916 3.45576e-07 0.0278582 6.6534e-05 
0.00139874 6.17699e-06 0.00505707 1.09707e-08 5.19089e-07 4.60841e-05 7.71326e-06 0.000651531 0.000782791 0.377718 0.00205128 0.000539835 2.95943e-06 1.01469e-06 0.0127154 0.000369832 8.70702e-09 0.0062079 0.07698 0.00270859 0.0196513 0.0580083 0.418495 3.44823e-08 0.0165653 3.54977e-05 
0.000826976 9.49783e-05 0.000428398 0.000630674 0.000276204 5.39558e-05 0.00309868 0.000319672 0.379697 0.0786681 0.0114127 0.00358158 0.0151156 0.000536155 0.000434006 0.157136 7.03248e-06 0.00931866 0.126044 0.000910098 0.00839342 0.131575 0.0472007 5.77534e-05 0.0133493 0.0108324 
0.00676631 1.12172e-05 0.0366226 3.16872e-06 2.57695e-05 0.000619906 5.24769e-05 0.00342257 0.102873 0.0074754 0.0160831 0.00224245 0.0415332 1.04982e-05 0.197104 0.000270698 2.11641e-07 0.0671637 0.0686562 0.00959656 0.0283464 0.00373353 0.0185745 1.09495e-05 0.387355 0.00144755 
0.0561411 3.18636e-10 0.0423901 6.41706e-07 7.42537e-05 7.05625e-07 3.77089e-07 3.24477e-06 0.404195 0.0293669 1.59489e-07 1.802e-06 0.123802 7.55385e-06 1.02286e-06 0.000127985 6.69484e-11 1.78334e-06 0.114523 1.29684e-07 2.74613e-06 0.0367856 0.0294806 2.61395e-06 0.15392 0.0091708 
0.00760228 2.23855e-07 0.012632 7.94278e-08 5.90624e-06 1.7661e-06 4.98051e-05 0.0170753 0.00146597 0.0399861 0.000330169 0.000480792 0.000808026 0.000194577 0.0151282 0.000815493 1.8439e-08 0.012549 0.00504339 0.000132269 0.666232 0.0109304 0.136311 4.97836e-07 0.0722248 5.13963e-08 
0.00874526 0.000737546 0.00519497 6.52315e-07 0.00134596 4.00734e-08 7.13449e-05 2.69314e-05 0.00820173 0.376198 0.00138948 3.34165e-05 0.00326202 3.96888e-07 0.00745596 7.71111e-05 5.32672e-09 0.152681 0.000897012 0.000481391 0.132868 0.0110635 0.236659 2.36312e-08 0.0517737 0.000836011 
0.0245506 5.73779e-05 0.056246 0.000474517 0.00132443 0.000112449 7.39373e-05 0.0305691 0.166808 0.0232905 0.0234355 0.00142837 0.0264729 9.59474e-07 0.096681 3.98032e-06 1.16671e-07 0.0106607 0.0148993 0.00197423 0.001499 6.77873e-05 0.394096 0.00166517 0.121611 0.00199741 
0.0345769 0.000264395 0.0220609 0.0123514 0.00147711 0.00100836 6.57959e-05 0.00315038 0.0402727 0.0277298 0.00205841 0.0241829 5.34444e-05 0.000437131 0.00965128 0.00962072 2.05451e-06 0.346795 0.0121649 0.056561 0.0589187 0.0257631 0.0251188 2.84949e-06 0.284608 0.00110403 
0.00130758 5.75332e-08 0.0102606 7.67533e-09 9.44356e-09 4.24754e-06 0.000826738 8.14885e-06 0.0264792 0.0394381 6.3688e-07 8.81319e-06 0.0244859 9.03856e-09 0.0259605 3.6839e-06 1.84254e-09 0.0309569 0.00765745 1.13667e-05 0.711776 0.000367386 0.111157 2.65743e-07 0.00922253 6.72987e-05 
