0.00933065 0.0033725 0.00154726 1.09862e-08 0.00380168 0.000604649 0.00079661 0.000552119 0.00623372 0.139534 0.0136875 0.0317778 0.00409291 0.000151109 0.0120063 0.000994524 0.0590236 0.27423 0.0273616 0.144614 0.0257979 0.00524126 0.113259 9.87099e-06 0.12112 0.000859429 
0.0441421 3.75743e-06 0.00118904 1.7589e-07 0.000333706 0.000524103 1.38918e-05 0.000272552 0.00876244 0.107641 0.0119268 0.0054634 0.00160766 1.32828e-06 0.0131218 0.0103391 1.88137e-05 0.33965 0.042206 0.0642626 0.0395375 0.219691 0.0780826 2.86443e-06 0.0111447 6.08499e-05 
0.00288058 0.0117257 0.104569 0.00108877 0.00159397 2.85312e-05 0.00743158 3.57966e-05 0.0191578 0.0410702 3.16506e-06 0.0332444 0.0139721 7.89563e-06 0.0489416 0.000117413 0.00699035 0.585762 0.00687432 0.00502474 0.00617465 0.0319554 0.0349676 2.35195e-07 0.0360949 0.000287266 
0.0389422 6.48566e-06 0.0196073 7.83574e-05 0.00583966 6.83224e-06 2.15047e-05 0.00016591 0.000939649 0.100267 0.000330939 0.00492546 0.0113353 1.42367e-05 0.00161074 0.00452483 0.103814 0.567843 0.00218661 0.00644421 0.0583645 0.0116861 0.02818 3.88456e-05 0.0327815 4.4584e-05 
0.0183025 0.219415 0.000848158 8.05481e-09 8.79826e-06 1.11641e-07 0.000115856 0.00649485 0.00196347 0.00345204 4.70652e-05 0.00205253 0.0240681 5.23548e-06 0.0755835 0.000196658 6.70385e-05 0.341304 0.00241221 0.122807 0.0720573 0.0285561 0.0765057 2.16415e-06 0.00354433 0.000189987 
0.0235677 0.000421684 3.88299e-08 3.71386e-10 5.671e-07 6.7072e-10 3.08681e-07 7.63344e-08 1.9952e-06 0.0923753 2.6745e-08 3.87756e-06 2.33601e-06 3.03228e-09 6.36699e-07 1.55596e-06 3.0484e-05 0.845882 8.20697e-07 0.0205941 0.0156016 0.00151358 8.68632e-07 3.51237e-07 4.09128e-07 1.12176e-07 
0.0222562 0.00149474 0.00150815 8.30829e-06 0.000639119 2.73405e-05 0.000995533 0.00324923 0.000567976 0.0943839 0.00401799 0.00465092 0.00208925 4.13348e-07 0.0758524 0.000489807 0.0179116 0.525005 0.00575401 0.0924257 0.0157207 0.00631319 0.103614 1.24136e-05 0.0199312 0.00108088 
0.00517302 4.68044e-05 0.00468446 2.90833e-10 0.00449922 1.17404e-05 1.33136e-05 5.80443e-05 0.0014248 0.0815588 0.00379958 0.0164795 0.000908463 6.59826e-06 0.041311 0.000405193 0.00101172 0.346886 0.118507 0.0678793 0.036344 0.0641721 0.102243 1.5875e-06 0.102571 3.94666e-06 
0.039341 0.000156616 0.022498 6.21767e-05 0.000238305 0.000100228 0.000151118 1.81471e-05 0.0405592 0.06528 0.00214902 0.0119081 0.0114772 0.01372 0.00428399 0.00110119 0.000373558 0.35618 0.0338123 0.000932984 0.280646 0.00505618 0.036322 7.0642e-07 0.0735385 9.32281e-05 
0.010682 0.0213927 0.0072868 3.74784e-10 0.0106139 7.74017e-06 0.00178093 0.000137134 0.00846892 0.214156 0.00134085 0.0434057 0.0688082 0.00673807 0.0319811 0.00104201 0.157078 0.276047 0.0473237 0.0140087 0.010155 0.0054358 0.0453257 1.87315e-05 0.0164942 0.000270768 
0.0124833 0.000544562 0.0375477 0.000124834 4.43325e-05 9.32565e-07 4.67705e-05 0.00917393 0.00912221 0.171396 0.000167091 0.0457715 0.190528 1.10741e-07 0.0339205 0.00173718 0.0484212 0.276257 0.0133777 0.00219909 0.0842872 0.00729441 0.0422967 2.00067e-05 0.0128511 0.000386533 
0.0159677 0.000301884 0.00733844 0.000766728 0.000281185 3.16786e-05 0.000107429 0.000120151 0.00994869 0.0257066 0.0159576 0.00266953 0.00766178 2.49918e-05 0.0312437 0.000397603 0.00252576 0.674232 0.0112051 0.0183444 0.0513679 0.0323081 0.048644 7.9801e-07 0.0423791 0.00046649 
0.0152963 2.46834e-06 0.0132438 1.03764e-07 6.01648e-06 1.87398e-07 0.000141489 7.78022e-05 0.0282415 0.119712 2.05272e-05 0.000109586 0.0177401 1.74897e-05 0.00745211 3.60697e-05 4.31607e-05 0.359723 0.000444133 0.0594009 0.285435 0.00600555 0.0531398 4.47017e-06 0.0269197 0.00678702 
0.0879188 4.52182e-06 0.00303416 0.000206083 0.000840348 0.00549101 0.000171143 0.00479722 0.0593896 0.0153535 0.00749863 0.0652132 0.0188462 1.45305e-09 0.0597424 0.000617023 5.00887e-05 0.177694 0.128176 0.0111256 0.0899643 0.110567 0.0144496 2.98826e-05 0.136288 0.00253211 
0.00302204 1.67698e-05 0.00018557 1.97296e-09 0.00223086 3.89082e-08 1.99125e-05 0.000545212 0.00723835 0.0366297 0.0202222 0.330414 0.00362646 0.000432376 0.000615265 0.00318644 0.00389814 0.471904 0.00571817 0.0589111 0.00373125 0.00102428 0.0270794 2.73639e-06 0.0189506 0.000394505 
0.00164604 4.03789e-07 0.00123671 2.14439e-06 3.22719e-05 0.137121 3.59532e-05 0.00207027 0.060616 0.235617 0.00558832 0.0241545 0.000175089 1.2111e-09 0.00361397 0.00101389 0.0721921 0.27523 0.0128004 0.00720742 0.00843608 0.00127475 0.14396 1.15003e-06 0.00484561 0.0011291 
0.109915 6.9297e-05 0.0113145 1.8306e-05 9.44727e-06 0.00315554 0.013334 5.71754e-05 0.0413753 0.215661 0.00058474 0.014974 0.00812679 0.000148011 0.0162791 0.00246791 0.00131575 0.216217 0.0491313 0.0191546 0.0290192 0.120644 0.0668125 1.93514e-06 0.0562362 0.00397736 
0.033746 0.000403553 0.000369202 2.61742e-06 0.00144454 5.45166e-06 0.000298027 7.17639e-05 0.00115556 0.134756 2.1606e-05 0.00606373 0.00754588 3.95837e-05 0.0832719 0.000620887 0.00151725 0.257658 0.0322645 0.230244 0.0501255 0.0206658 0.136172 8.00558e-06 0.00133084 0.000198452 
0.0619156 0.000600816 6.83308e-06 8.93308e-06 7.55999e-05 0.00135396 2.83493e-06 7.66053e-06 0.189614 0.098733 0.00417017 0.119557 0.0165474 1.40175e-09 0.0147279 0.000460702 0.0235464 0.254999 0.0323911 0.0302408 0.00680904 0.0325554 0.0576455 0.000329685 0.0531902 0.000511356 
0.0222228 5.54303e-06 0.149424 3.15267e-08 0.0114861 7.07215e-05 3.7384e-05 0.000833869 0.00208857 0.0472705 0.00168538 0.0111875 0.00168226 0.000165754 0.0732004 0.00089815 0.000731981 0.287196 0.0126033 0.125735 0.0078368 0.000530238 0.0381386 2.24201e-05 0.204828 0.000119407 
0.00990478 3.10333e-05 0.0212187 8.21127e-08 6.59255e-05 3.30167e-06 0.000117074 0.000338531 0.0260707 0.00469366 0.000357647 0.0208108 0.00447087 0.000481491 0.000270796 0.0116481 0.0011914 0.832459 0.003173 0.00693201 0.0109731 0.00542041 0.0176607 1.84483e-05 0.019931 0.00175762 
0.0479739 1.05491e-09 0.000994584 9.23299e-10 1.13601e-09 3.74645e-05 0.00067822 0.044466 0.11164 0.00248934 0.00126445 0.00363913 0.0414561 1.08729e-09 0.0330043 0.00756408 2.21647e-10 0.523966 0.00445011 6.83643e-07 0.0609114 0.0147263 0.0328112 9.83306e-10 0.0679269 7.10146e-08 
0.00748887 0.191769 0.0405489 1.72284e-09 0.000949754 0.000324615 0.000905823 0.000606595 0.0683338 0.0843988 5.66081e-05 0.120627 0.000993295 2.06477e-06 0.0552333 0.000205131 0.0206809 0.242829 0.0398132 0.0107907 0.00988083 0.0157996 0.0508885 0.000150338 0.0366833 4.04517e-05 
0.00114918 2.07257e-06 0.000418398 5.73748e-10 2.0382e-07 1.03619e-09 0.000158554 2.41525e-05 0.00248481 0.00134853 1.11857e-07 6.33441e-05 0.0387805 2.49851e-08 0.0137696 6.10995e-07 3.7862e-05 0.880111 0.000305481 4.6617e-06 0.00987725 0.000977919 0.0503141 6.11038e-10 0.000130556 4.0859e-05 
0.0159677 0.000301884 0.00733844 0.000766728 0.000281185 3.16786e-05 0.000107429 0.000120151 0.00994869 0.0257066 0.0159576 0.00266953 0.00766178 2.49918e-05 0.0312437 0.000397603 0.00252576 0.674232 0.0112051 0.0183444 0.0513679 0.0323081 0.048644 7.9801e-07 0.0423791 0.00046649 
0.0157037 0.00133499 0.00411184 7.95991e-05 0.00115271 0.000734787 0.00084975 0.000335689 0.0166177 0.0877616 0.00882918 0.0539486 0.00429662 0.00141539 0.0278721 0.00185641 0.00858303 0.318087 0.0701684 0.100511 0.0962859 0.0111559 0.120671 0.00155105 0.0453398 0.000745421 
0.03967 0.00234305 0.0533538 0.00438213 0.000873263 0.000396338 0.00957532 0.000189483 0.121363 0.0811982 0.0129798 0.0454602 0.0155958 0.00599944 0.0378302 0.00335398 0.00207503 0.292321 0.0632805 0.0295204 0.0319083 0.0222061 0.0556484 2.42427e-05 0.0678765 0.000575196 
0.00929207 2.44146e-06 0.00984697 2.21392e-09 0.000423779 3.48396e-07 0.00160113 0.00117074 0.0393553 0.0607461 0.00559417 0.000828961 0.00757437 1.02521e-08 0.0186824 0.00105667 1.6702e-05 0.633556 0.00934464 0.0354248 0.0641829 0.00722698 0.0560881 8.136e-07 0.029532 0.00845201 
0.0103846 2.7383e-07 0.000494434 2.00591e-09 0.00063888 5.02438e-09 5.00297e-05 5.87698e-06 1.05765e-05 0.213623 0.0295641 0.000129984 0.00246598 9.93132e-09 0.0247784 0.00162917 7.03385e-05 0.366051 0.00536302 0.0632491 0.0561616 0.189639 0.0350772 1.00593e-08 0.000452259 0.000160588 
0.00508055 2.18636e-05 0.00789284 2.26923e-08 0.00073402 2.52928e-07 5.54964e-05 0.000181705 0.0821916 0.192235 0.00828491 0.00588282 0.0244333 1.01353e-05 0.0075077 0.00101495 0.000780573 0.312616 0.026185 0.00230433 0.202427 0.00868715 0.0799617 2.90552e-06 0.0314607 4.7662e-05 
0.000920062 0.000152633 0.00587315 1.32695e-05 5.12415e-05 2.39645e-05 0.114666 4.79343e-05 0.00153277 0.0182792 0.00144854 9.72256e-05 0.0176094 1.56263e-05 0.00138332 6.7042e-05 5.33241e-05 0.758748 4.7695e-05 0.00299713 0.0099734 0.0111997 0.0535809 4.43537e-05 0.000539796 0.0006334 
0.00548406 0.00295022 0.227899 1.42211e-06 0.000130136 0.000153932 0.0195199 0.000106651 0.0381902 0.0276179 0.00541106 0.0845017 0.00589986 0.000115532 0.0196149 0.000836791 0.000682041 0.371639 0.00395319 0.0264768 0.00885611 0.00710046 0.08242 1.98422e-06 0.0548024 0.00563419 
0.0180092 0.000560099 0.0427533 9.07929e-05 3.97257e-06 0.00341773 0.000467687 0.000563882 0.0197342 0.0358491 0.00928876 0.15823 0.00807633 0.000335523 0.0069038 0.00194732 0.00064968 0.29986 0.078392 0.0438839 0.0472095 0.050007 0.0370721 1.54616e-05 0.136418 0.000259755 
0.0174914 0.000183223 6.33712e-05 3.56126e-06 3.35421e-06 2.51109e-11 2.70884e-09 2.98106e-05 0.00140208 0.162779 0.000119128 0.206259 0.00400929 2.81672e-07 0.040116 0.000298282 0.0097942 0.463487 0.0116666 0.000557539 0.0246271 0.00330804 0.0533017 5.20778e-07 0.00049878 6.26458e-07 
0.0331869 8.72895e-05 0.00545489 1.69761e-06 0.000306666 9.24273e-06 0.176717 0.000902121 0.220787 0.108916 0.00231907 0.00058502 0.000105915 9.90968e-05 0.0151761 1.82179e-09 0.000225874 0.234886 0.0513119 0.000814939 0.000486004 0.00344489 0.0744269 3.21861e-05 0.0697162 1.94822e-09 
0.017185 0.000144315 0.00891343 2.65165e-08 9.41644e-07 8.0972e-08 9.66666e-05 0.000208693 0.0062097 0.256965 2.52076e-06 0.187731 0.0192016 5.61098e-10 0.0204397 0.000189791 0.00341928 0.336902 0.00358089 0.0017181 0.0390602 0.000824719 0.071637 3.24438e-07 0.0255636 5.78434e-06 
0.00447357 0.000612504 0.00758193 0.00083234 0.000220207 0.00043474 0.000793287 3.51465e-05 0.0102407 0.0506651 0.0219083 0.0800852 0.0024519 1.97476e-09 0.0119319 0.00196957 4.63175e-05 0.44186 0.00974771 0.0368399 0.0999019 0.00904515 0.167601 2.88619e-06 0.040578 0.000140367 
0.112666 0.00992379 6.56163e-10 2.46388e-09 1.42511e-05 4.44975e-09 1.56089e-05 1.493e-09 0.271183 5.5254e-06 3.7071e-10 1.22896e-05 1.07615e-09 2.90149e-09 0.156762 2.08815e-09 5.97394e-08 0.394402 0.00963677 1.66377e-05 2.39402e-06 8.61599e-06 0.0249581 2.62401e-09 0.0203901 2.23529e-06 
0.0586134 1.21774e-05 0.071258 2.02264e-06 0.000152904 0.00010791 1.99491e-05 0.000520661 0.00136181 0.0201272 0.000147096 0.00610228 0.00170545 1.10931e-05 0.0457035 4.2857e-05 8.68418e-07 0.607789 0.00555392 0.00179626 0.0166911 0.026467 0.0411676 5.32703e-07 0.0943248 0.000320608 
8.84925e-05 0.00992824 3.07805e-05 0.0139581 0.000192724 9.09228e-07 0.00952595 1.03106e-05 0.0666919 0.156437 0.00116058 0.100818 0.00112617 2.34316e-06 0.0102184 0.0305955 8.52516e-06 0.53452 0.00157214 0.000966371 0.0193323 0.00272125 0.0352755 5.60199e-06 0.000559308 0.00425371 
0.0458414 0.000213747 1.06806e-05 1.50844e-05 0.00203983 2.53532e-05 0.00301008 2.77426e-07 0.0337035 0.0213417 9.15051e-08 0.0224876 0.000973352 1.26024e-05 0.000428339 0.000229304 0.000153135 0.83246 0.00481937 0.00355375 0.016532 0.0059853 0.00092387 1.11783e-06 0.00520009 3.81271e-05 
0.0555794 0.0385371 0.00558613 1.99071e-06 0.000648808 3.08614e-05 0.000715662 2.52103e-05 0.00936958 0.0900119 2.98966e-05 0.00671402 0.00208331 0.00663017 0.0791187 0.00023938 0.0160916 0.416829 0.0906537 0.00916908 0.0273345 0.0413572 0.0378543 2.16592e-07 0.0653612 2.66661e-05 
0.00346834 0.000550034 0.00490981 1.36583e-09 0.000824131 3.87645e-08 0.00029656 0.000248971 0.0449682 0.109509 0.00285425 0.0206247 0.141422 0.000837833 0.0154504 0.00415268 0.0230751 0.523747 0.0153364 0.00508916 0.0273513 0.0039897 0.042902 2.37098e-05 0.00823863 0.000129921 
0.0201847 7.1033e-07 0.010329 1.06619e-07 0.00101778 4.35058e-06 2.79784e-05 0.000330012 0.000745852 0.0535503 0.0174942 3.04995e-05 0.00457349 1.76368e-07 0.15102 0.0035171 0.0316224 0.2089 0.00524714 0.030033 0.145931 0.176416 0.0895798 2.85532e-06 0.0491688 0.000273751 
0.0319608 7.69467e-06 0.0153601 5.2797e-09 3.71937e-06 1.50046e-07 0.000103795 0.00528584 0.0219117 0.0185973 0.0212603 0.0101966 0.00369338 4.74431e-06 0.181302 0.000646025 8.57463e-06 0.280102 0.0549391 0.0304165 0.02438 0.00564564 0.248969 2.01924e-07 0.044538 0.000666874 
0.0188638 8.44417e-05 0.00144207 2.24647e-08 0.000213328 4.74044e-05 8.85981e-05 0.000457868 0.014326 0.130266 0.00711116 0.0470742 0.0102039 1.60778e-05 0.0616862 0.0145807 0.000152481 0.332231 0.0258835 0.0685201 0.0861738 0.0609364 0.0785751 0.000137688 0.039696 0.0012327 
0.113588 0.000168778 0.0713269 1.59948e-06 8.40032e-06 3.99396e-06 0.000550771 0.00598391 0.0272408 0.0283874 0.00176326 0.00304763 0.00338101 7.48077e-08 0.129355 5.46505e-06 4.25534e-06 0.35751 0.00153622 9.46855e-05 0.0210099 0.00401531 0.142098 9.27463e-07 0.0753261 0.0135901 
0.0640534 0.000377577 0.00507643 0.00481567 0.00563062 9.62427e-05 0.00580217 8.47345e-05 0.0100581 0.0844103 0.00379837 0.0163459 0.0282001 0.000550749 0.0812815 0.00846826 0.00507431 0.484882 0.0301423 0.0154893 0.024484 0.0103506 0.0793413 6.84801e-06 0.0310736 0.000105348 
0.0206786 7.76997e-05 0.00365476 0.000194998 0.00247187 3.48686e-06 0.000376335 0.000217544 0.0226512 0.154756 0.00284514 0.0236889 0.00412298 0.000104885 0.0182425 0.000523585 0.0100445 0.593603 0.013504 0.0145098 0.0273372 0.00547693 0.0539787 2.76872e-06 0.0267238 0.000209696 
0.00900316 1.25995e-06 0.0108538 1.11007e-06 0.000190112 2.33077e-05 0.00133067 3.35563e-05 0.006634 0.184936 0.0014172 0.000907215 0.00762604 8.20783e-07 0.0122187 0.000193018 1.86274e-05 0.550875 0.0123299 0.000990745 0.0970987 0.0107069 0.0262346 2.63352e-07 0.0442555 0.0221197 
0.0093749 4.55559e-05 0.0190754 0.0190036 0.000352361 8.78581e-09 0.00347892 2.2687e-05 0.0756467 0.103816 0.00329484 0.0663161 0.0753112 5.39488e-06 0.000657118 0.000310391 0.00063308 0.488556 0.0331603 0.000202597 0.0488369 0.00302687 0.0308314 2.19492e-07 0.0180402 9.40161e-07 
0.00361974 0.000172659 0.0180138 6.17059e-08 0.0134656 2.06595e-06 0.000332899 0.000125013 0.00709555 0.0578817 0.000405223 0.03089 0.0216788 5.20031e-06 0.0819123 0.00179755 9.06024e-05 0.480032 0.0111338 0.0178511 0.0989445 0.018276 0.102044 4.44685e-07 0.033974 0.000255754 
0.00678768 1.18747e-05 0.000974523 1.30116e-06 0.00390071 8.45574e-06 0.000116383 0.000182561 0.0117926 0.152941 0.00562716 0.00427054 0.000124299 2.66915e-05 0.0540695 0.00507056 0.00304156 0.297337 0.22608 0.0405112 0.0156432 0.0377105 0.112583 3.27011e-05 0.0211121 4.28285e-05 
0.112666 0.00992379 6.56163e-10 2.46388e-09 1.42511e-05 4.44975e-09 1.56089e-05 1.493e-09 0.271183 5.5254e-06 3.7071e-10 1.22896e-05 1.07615e-09 2.90149e-09 0.156762 2.08815e-09 5.97394e-08 0.394402 0.00963677 1.66377e-05 2.39402e-06 8.61599e-06 0.0249581 2.62401e-09 0.0203901 2.23529e-06 
0.00205882 0.0324463 0.000789287 0.000140609 3.89795e-06 1.11966e-09 0.00183747 1.59306e-05 0.198261 0.128189 0.0531616 0.0678138 0.0675389 1.12658e-07 0.00219545 2.62078e-07 1.40526e-07 0.267052 0.00703474 0.0203378 0.052865 0.00317302 0.00415256 1.58496e-08 0.0908174 0.000115515 
0.00217429 0.000123118 0.00640639 3.69153e-05 6.54401e-06 2.94098e-05 3.68828e-05 5.32304e-05 0.0476302 0.0209196 0.0098735 0.010624 0.0130676 0.000339593 0.00112032 0.000231565 0.00634032 0.480805 0.0282158 0.000247779 0.0651928 0.150472 0.105066 4.58556e-06 0.0508484 0.000134643 
0.0470879 0.000191184 0.00365176 1.91301e-10 2.95793e-08 1.08372e-08 8.12057e-07 8.82374e-06 0.0914101 0.165219 0.00122417 0.00154423 0.128518 1.0059e-06 0.0596004 0.000220728 0.000119598 0.17706 0.0539963 0.00232807 0.155658 0.00879031 0.0789991 0.000468716 0.0231972 0.000703217 
0.0902725 6.30018e-05 0.0157378 0.000334192 1.13356e-07 1.07993e-09 0.00470987 9.03383e-08 0.218595 0.0269317 0.010308 0.00681131 0.058374 0.000668986 0.0318901 0.000379865 8.86454e-05 0.25411 0.0162868 0.00711012 0.0901493 0.00153273 0.086744 2.44657e-08 0.0788974 3.92403e-06 
0.0746487 0.00808983 0.00110367 1.62009e-09 6.90959e-06 2.92587e-09 0.000185457 0.000296653 0.0351953 0.128652 2.83637e-05 0.00822781 0.00183927 3.39715e-06 0.0736042 3.54207e-05 3.88919e-10 0.54145 0.00386475 0.00235539 0.0296464 0.00375508 0.0829602 1.72538e-09 0.00388254 0.000168492 
0.282348 0.000336552 0.00313743 1.10334e-06 0.000152635 1.17886e-06 3.03896e-05 0.000412003 0.000159592 0.062537 0.000109262 0.000297616 0.000739102 0.00410346 0.0490364 5.28866e-05 9.68052e-06 0.388749 0.00258542 0.00240545 0.0499105 0.0700478 0.044061 1.13011e-07 0.0366905 0.0020859 
0.0196497 6.22163e-05 0.00328558 6.20193e-09 0.00352571 1.14957e-05 0.000794756 0.0515937 0.0202772 0.0628793 0.0104337 0.0993701 0.000122687 0.000695273 0.0172991 0.000389872 0.0146482 0.412455 0.0325136 0.0230297 0.00879084 0.00370649 0.12631 4.39944e-05 0.0818853 0.00622607 
0.00549162 0.000451256 0.0146267 3.10931e-07 0.00293938 0.00112338 0.00179273 0.000248695 0.122287 0.152663 0.0109865 0.0236117 0.0239217 3.27771e-05 0.0137707 0.00165873 0.00759966 0.437922 0.0326841 0.0447229 0.0156722 0.00532043 0.0362033 6.79437e-06 0.0441986 6.43007e-05 
0.0016076 2.60811e-06 0.132679 2.00478e-06 2.68557e-07 2.80891e-06 0.000127049 1.32263e-07 0.0124628 0.0900808 7.49861e-06 0.0272378 0.0181043 9.96927e-07 0.019384 1.03763e-05 1.88856e-05 0.355474 0.00268005 0.0280538 0.147392 0.000774103 0.153751 4.39932e-07 0.00997846 0.000166635 
0.031351 0.00326473 0.00894966 0.00160612 0.000874024 0.000105743 0.000284511 0.000454067 0.036062 0.158582 0.0178573 0.0234113 0.00784084 0.00329996 0.0289228 0.00570787 0.0143041 0.239655 0.0305815 0.0140616 0.0792697 0.0184543 0.198267 0.000223232 0.0758273 0.000782073 
0.0336684 1.05615e-06 0.0055181 4.28818e-08 1.17856e-05 7.74443e-08 0.00366061 0.000220855 0.0606198 0.119897 2.08655e-07 0.00091307 0.0132729 5.04981e-08 4.52964e-06 4.67938e-05 3.89268e-06 0.73013 2.86092e-06 1.43785e-06 0.0043051 0.000217547 0.0262891 4.56689e-08 0.00121506 3.88647e-08 
0.0652779 0.092267 0.00418204 2.1776e-06 2.39074e-06 0.000132813 8.79982e-05 0.00691744 0.0244992 0.052377 4.20627e-05 0.00303228 0.0140796 0.00770296 0.00816306 0.00223521 1.10145e-05 0.247961 0.086245 0.000946982 0.0907919 0.0422116 0.143947 2.05125e-06 0.106879 3.11658e-06 
0.0108243 0.000134685 0.0147101 9.5874e-05 4.38893e-05 1.99039e-05 2.46566e-05 4.32074e-05 0.00591125 0.129511 4.20101e-05 0.0614988 0.0618704 1.08453e-06 0.0179734 0.00360602 0.0517376 0.48447 0.00102077 0.000317463 0.0888606 0.01837 0.0452289 6.06885e-07 0.00367852 5.50445e-06 
0.00928303 0.00206294 0.00516146 2.90998e-06 4.21996e-07 1.42421e-05 0.000129605 0.00091694 0.168951 1.28021e-05 8.15933e-08 0.00137003 0.00393883 0.187852 0.0109638 1.33194e-05 2.98809e-06 0.44302 0.122146 0.0024134 0.0153243 0.00183604 0.00733642 0.000544715 0.0166944 7.48083e-06 
0.0196804 1.51813e-07 0.000533868 2.5908e-07 8.17214e-05 2.14142e-10 1.99176e-05 7.18496e-11 0.00136571 0.00740088 1.78402e-11 0.00446588 2.47593e-07 6.60693e-08 0.0560713 0.00148355 2.84646e-11 0.770271 0.00721393 0.0547201 0.00720938 0.042512 0.0261825 1.26279e-10 0.000786673 1.07465e-10 
0.00146247 0.000644282 0.00501821 0.000256647 0.000100882 1.44049e-06 7.46144e-06 2.80319e-05 0.0119298 0.0904566 0.000237836 0.0267245 0.000237245 2.32469e-06 0.0173091 0.000334507 0.000115454 0.395349 0.129015 0.0455633 0.0109416 0.0107873 0.199151 3.49059e-07 0.0542431 8.30402e-05 
0.148856 0.000279581 0.0700983 0.000624933 0.00745577 0.000170137 1.24431e-07 0.00592031 2.63545e-05 0.0677353 1.5371e-05 0.0922518 0.00463348 7.97676e-06 0.0514657 0.000358424 0.00289306 0.284621 0.0461596 0.0295421 0.0243104 0.0171981 0.0447462 5.14435e-06 0.100538 8.73275e-05 
0.00423887 0.000671955 0.00600048 1.46863e-09 0.00100677 4.34325e-08 0.000362334 0.000304106 0.0549596 0.121391 0.00348822 0.0252072 0.134777 0.00102374 0.0188833 0.00138788 0.0282017 0.475936 0.0187439 0.00241872 0.0334288 0.00487606 0.0524353 2.89174e-05 0.0100691 0.000158704 
0.115777 1.32081e-07 0.00321576 1.15602e-07 1.42234e-07 2.08776e-07 9.76332e-08 1.33446e-06 0.0101156 0.0238292 3.02815e-05 0.0293507 5.04913e-08 1.36134e-07 0.0525621 0.000668454 2.42146e-05 0.572354 0.0164333 0.00117737 0.0288513 0.00198357 0.132223 1.90331e-05 0.0111821 0.000200645 
0.00510617 0.000174221 0.0022062 0.0092476 0.000730217 3.10002e-05 0.00302184 0.000377701 0.0590853 0.0638344 0.00392951 0.00991375 0.00981811 0.000826039 0.00540055 0.000446771 2.47021e-05 0.706892 0.0062965 0.00113923 0.0226673 0.00729927 0.021869 2.82688e-06 0.0457989 0.0138612 
0.00681512 0.000283749 0.00827485 1.11009e-08 0.000999006 3.22469e-06 0.000364071 0.00982287 0.0201903 0.139681 0.0043809 0.0682876 0.00800065 8.55826e-07 0.0492172 0.00941531 0.050834 0.190652 0.0504542 0.0686586 0.039976 0.052775 0.114584 2.09413e-05 0.105356 0.000951024 
0.008257 2.25111e-05 0.00496027 5.70972e-08 0.00742877 2.32133e-06 2.39042e-05 6.44169e-05 0.00296174 0.0547165 3.58915e-05 0.0101261 0.00855225 0.000105568 0.0250251 9.71007e-05 6.16716e-08 0.829907 0.000845679 0.00287679 0.00743068 0.0115182 0.0054695 2.77807e-07 0.0195504 2.18993e-05 
0.000880614 0.00127966 0.00739343 0.000729441 0.000344194 0.00115318 0.00149282 6.01033e-05 0.0110349 0.0565186 0.0414855 0.109788 0.000201825 5.67484e-11 0.0150108 0.000882714 8.95302e-05 0.408556 0.013541 0.0691581 0.0517056 0.00301541 0.109121 7.20157e-06 0.0962692 0.000281638 
0.0300269 2.34329e-10 0.0159252 5.19249e-07 5.63152e-08 0.000775173 1.73214e-10 0.000285278 0.00182676 0.065687 2.81994e-09 0.000453392 0.0607419 1.96709e-07 0.000163428 0.000712067 6.54789e-05 0.625951 0.000160875 0.00727962 0.0704668 0.00743843 0.109418 4.28921e-08 0.00248081 0.000141119 
0.0219014 0.00014181 0.000837586 1.31393e-07 0.00217201 0.00943145 0.000527285 1.37527e-05 0.0710961 0.177816 0.000528745 0.157761 0.0647372 1.58032e-06 0.0365683 0.0145074 0.0359197 0.244242 0.012745 0.0222398 0.0263898 0.0091887 0.0615648 0.000157892 0.0290412 0.000469289 
0.0129049 0.00785038 0.0112159 1.28575e-09 0.0001066 2.98824e-05 0.0217441 0.000119982 0.0270733 0.103462 0.0232177 0.00218324 0.0472749 0.0226737 0.0279206 0.00113998 3.69462e-05 0.265803 0.195066 0.0426288 0.0582524 0.0179454 0.091463 7.03521e-07 0.0193715 0.000515263 
0.0216282 1.02695e-05 0.00162774 0.118829 0.000459023 1.97281e-08 7.01263e-05 1.24424e-05 0.00340084 0.0283127 2.52185e-06 0.000718737 0.00179204 3.23422e-07 3.99915e-05 4.94543e-05 2.62234e-09 0.793323 0.000213984 0.00061236 0.0161845 0.00333875 0.00814413 1.16336e-08 0.00117758 5.25921e-05 
0.00774921 0.000111054 0.00673105 9.96025e-07 1.88143e-08 0.000120153 0.000310889 0.000551486 0.0104687 0.0284004 2.18756e-05 0.0308771 0.0107741 2.65933e-08 0.0445666 3.04471e-06 7.60727e-06 0.676306 0.00349654 0.00346815 0.0322825 0.013518 0.121803 2.64709e-10 0.00836712 6.46128e-05 
0.0820456 9.47614e-06 0.0212011 8.21291e-09 4.71958e-05 0.000959141 0.000163524 2.90361e-05 0.00698132 0.0854605 6.17872e-05 0.00877409 0.010549 3.18195e-05 0.0862463 0.00122774 1.27815e-05 0.252583 0.0166979 0.0173409 0.146341 0.0254467 0.227646 4.90539e-05 0.0100707 2.49548e-05 
0.0239873 0.000816016 0.00666329 0.0166714 9.77112e-07 3.18514e-05 0.00127957 3.55696e-06 0.127844 0.0134105 1.52369e-06 0.0286594 0.114227 0.0374155 0.017742 1.28201e-05 0.000223172 0.485332 0.0140242 0.0206569 0.00484363 0.0115371 0.0529449 9.2535e-05 0.0215693 8.9471e-06 
0.0265043 0.00295635 0.184757 4.8255e-05 3.5649e-05 2.21745e-05 0.00125253 0.00235934 0.0819762 0.0282011 0.00101044 0.00740791 0.0036716 0.000236379 0.136125 0.00124082 3.79309e-05 0.235372 0.0725603 0.00575706 0.0255678 0.0155705 0.115655 0.00088724 0.0499025 0.00088409 
0.00706621 0.000673129 0.000184962 8.47665e-07 1.90116e-05 5.57322e-06 5.91031e-05 3.25079e-05 0.000148687 0.0123975 4.03139e-05 0.0137999 3.15962e-05 9.98221e-07 0.0239797 0.000112815 6.16827e-06 0.807257 0.0633025 0.0035842 0.0122375 0.0124894 0.0413646 1.16001e-05 0.000728719 0.000465726 
0.0891404 0.000178021 0.0150975 3.93353e-08 1.3383e-06 7.10393e-08 1.10217e-05 0.000158863 0.112815 0.153975 0.00498129 0.0094297 0.00134844 3.49984e-05 0.00839938 0.0284447 0.00316308 0.180187 0.16279 4.25698e-06 0.0161661 0.00612685 0.0607051 1.52536e-06 0.138217 0.00862381 
0.00849864 6.76733e-10 0.00014667 5.923e-10 7.28754e-10 1.06969e-09 3.03842e-07 0.000104232 0.00035221 6.60798e-11 8.91163e-11 2.9286e-08 2.58699e-10 2.06116e-08 0.00559029 5.01977e-10 1.99684e-05 0.980618 1.11826e-05 8.15184e-08 0.00238937 0.00085158 0.00103068 6.30796e-10 0.000386272 1.70939e-07 
0.12833 0.000254447 0.0153164 4.7555e-08 0.000174179 6.69902e-05 2.06743e-06 5.54355e-07 0.036115 0.010023 0.000391807 0.00067034 0.036934 1.93226e-05 0.0130795 0.000411879 6.07182e-07 0.571654 0.0131095 0.000804367 0.054572 0.00734277 0.0618456 1.89827e-07 0.0488397 4.16746e-05 
0.0198102 0.000218473 0.000997326 8.14381e-08 0.000442626 1.08001e-06 5.78038e-05 1.32243e-05 0.00661678 0.040061 0.000335654 0.00180163 0.00124532 3.76015e-08 0.0173003 0.00109597 0.00188414 0.642345 0.0187579 0.0867302 0.0921167 0.0141966 0.04448 1.09342e-07 0.00944248 4.91209e-05 
0.0291545 1.57955e-07 0.00285328 1.53601e-08 5.8806e-05 2.77402e-08 1.29726e-08 3.29065e-07 0.0124604 0.0257817 5.90376e-05 0.00010517 0.0386001 4.47868e-06 0.0563179 0.000143786 2.25797e-06 0.502888 0.00201468 0.000165678 0.00864595 0.0294549 0.281719 1.01042e-07 0.00957029 1.39211e-08 
0.0751592 9.94048e-10 0.0100195 8.70026e-10 1.07046e-09 1.57126e-09 0.000520997 5.27195e-10 0.041357 0.010663 1.30902e-10 3.28735e-10 4.25586e-06 7.49954e-06 0.000134237 7.3735e-10 9.1857e-05 0.832154 0.00852748 0.00133709 5.71447e-07 0.000971807 0.0172011 9.26571e-10 0.00184967 3.6298e-07 
0.0138407 0.00293522 0.0115251 2.16078e-05 0.000549328 0.000170959 0.000369563 0.00125199 0.0101523 0.077135 0.00736922 0.0192252 0.00948816 0.00023888 0.0498034 0.00555277 0.00599715 0.344305 0.0400782 0.0239096 0.0214432 0.0445415 0.198747 4.30045e-06 0.0969537 0.0143904 
0.00499452 0.00178366 0.00251123 1.25416e-06 8.74435e-07 1.61295e-06 0.000211338 4.64737e-05 0.0133866 0.0992794 0.000335702 0.00413796 0.0194272 5.67289e-06 0.0297806 0.000937906 3.07064e-06 0.588923 0.0219859 0.0459045 0.00814548 0.0128616 0.0667994 3.96852e-07 0.0785248 9.85955e-06 
0.0189963 0.000223029 0.00836129 4.19868e-08 3.33612e-06 7.61572e-05 0.00240378 0.000226865 0.201422 0.175912 5.94465e-05 0.00657152 0.138826 4.94442e-08 0.00760757 0.00102119 0.00114165 0.224254 0.0140091 0.0141209 0.00202853 0.00222885 0.0611609 9.49556e-05 0.119246 4.53496e-06 
0.0154466 0.00021862 0.00422774 7.98764e-07 0.00533352 2.67341e-05 0.0299593 0.00217436 0.0419417 0.141115 0.0195281 0.00458816 0.0127346 5.86262e-05 0.0679214 0.00264691 0.00801851 0.227634 0.0393844 0.0755838 0.0306175 0.0641675 0.148531 0.000125038 0.0497945 0.00822082 
0.0486971 0.00794461 0.0238145 1.95619e-06 7.20985e-05 0.00439282 0.000146243 4.9738e-06 0.006647 0.0872767 4.47857e-05 0.0172631 0.00126586 2.12715e-08 0.0256682 0.000156079 2.16975e-06 0.513841 0.0833543 0.00800925 0.00731205 0.0532669 0.0980521 1.92372e-08 0.0126145 0.000151346 
0.0368222 9.5101e-06 0.000273522 5.68988e-10 7.93942e-05 0.000138723 0.00152448 8.89902e-05 0.00568914 0.0747635 9.89476e-05 0.00254763 0.0106845 6.70047e-10 0.00790812 0.00820658 7.72088e-05 0.378097 0.0174783 0.00341708 0.267108 0.0665088 0.0855635 0.00126465 0.0313773 0.000272414 
0.00584129 0.0134389 0.00144636 3.43103e-06 0.00105995 6.28316e-06 0.000249893 1.10786e-05 0.0608055 0.213601 0.00158062 0.1118 0.0259248 1.50715e-05 0.0425977 0.0146989 0.0337912 0.302776 0.00788303 0.00106582 0.0340805 0.0258137 0.0717919 0.000102364 0.029535 7.97863e-05 
0.118113 7.72613e-05 0.00200883 4.38546e-08 0.00119213 0.00325541 0.00320471 0.00500468 0.0117652 0.0640009 0.00284547 0.00825054 0.000171853 0.000297053 0.137178 0.000522888 0.00126395 0.151616 0.108534 0.103213 0.03611 0.0880422 0.0771041 4.5402e-06 0.0484308 0.0277934 
0.0465569 6.84391e-05 0.00885698 8.74941e-05 0.000188346 0.000101882 0.00343746 1.81582e-05 0.0858913 0.155111 0.0412119 0.0214053 0.00256601 0.0124117 0.0028834 0.222368 1.23969e-05 0.254158 0.0372276 0.00360657 0.00216293 0.00490615 0.0507964 3.51566e-07 0.0409156 0.00305032 
0.0446549 0.000125024 0.00704758 0.00125125 0.000523158 1.51266e-05 0.00200658 0.000596755 0.0324536 0.17416 0.00101524 0.00943251 0.0388133 0.00144134 0.0976784 0.0103268 0.00996319 0.28811 0.0551066 0.0468014 0.0180679 0.0223879 0.124475 1.11752e-05 0.0135312 3.19338e-06 
0.0279658 0.00125932 0.0040868 0.0200503 2.10424e-05 5.36969e-06 0.000334076 0.00136355 0.0159588 0.161703 0.0011689 0.14475 0.161155 0.000668879 0.0153165 0.00287872 5.82262e-05 0.250692 0.0365617 0.0206709 0.00938724 0.0196779 0.0886598 2.05e-05 0.0155863 8.57678e-09 
0.00738039 5.7599e-06 0.00867923 0.00733807 1.55474e-06 8.8179e-05 0.145648 0.000114525 0.0723099 0.0873559 1.7162e-06 0.0892898 0.00134595 5.11031e-06 8.01129e-06 0.000179022 8.68157e-05 0.388994 0.0190115 0.000325394 0.0713639 0.0809574 0.0146087 1.20269e-06 0.00402214 0.000878109 
0.00659775 5.94714e-06 0.00809092 0.0113783 4.04341e-06 2.4878e-05 2.38108e-06 8.46882e-05 0.035696 0.11374 5.02242e-06 0.0273931 0.00779782 0.000592239 0.00789297 0.000129788 8.88128e-05 0.547625 0.011615 0.0010308 0.0300243 0.0977067 0.0859813 1.96234e-05 0.00561243 0.000860369 
0.001601 0.0048731 0.0122914 0.00144307 3.47935e-05 8.91928e-05 0.0117769 0.000734814 0.0573494 0.009008 0.000649692 0.0470826 0.00306769 0.000206139 0.00182892 0.000311439 0.000771173 0.532713 0.00113859 4.78243e-05 0.00663434 0.00163476 0.0279529 6.08697e-06 0.271632 0.00512074 
0.0193957 0.000877822 0.00740032 1.12734e-07 2.67576e-06 2.03597e-07 0.000776681 0.00146907 0.244277 0.0627864 0.0225714 0.020096 0.00210934 9.29451e-05 0.0143498 0.0108862 0.0151662 0.48279 0.0222831 0.00862108 0.00393301 0.000219755 0.0220355 0.000125887 0.0376089 0.000124395 
0.0544906 0.000479977 0.0103103 0.00540324 2.00232e-05 9.22934e-05 0.000332646 0.000280445 0.0361248 0.0220665 0.00104831 0.00943234 0.0368813 1.51776e-08 0.00673617 0.00110842 0.00323507 0.62545 0.0103141 0.00332331 0.0897691 0.0107336 0.0460886 5.73811e-07 0.0245882 0.00168985 
0.00129273 8.03238e-07 0.000116221 1.65253e-06 3.92607e-05 5.72686e-06 2.1323e-06 0.00074958 0.0201568 2.62821e-08 2.36222e-07 2.95061e-05 0.0199301 0.000181757 0.0283356 2.98636e-07 0.000890271 0.811743 0.0150249 0.0111791 0.0838267 6.93628e-05 0.00481051 4.52415e-05 0.00149819 6.99438e-05 
0.00756446 0.000297095 0.0115537 4.73316e-06 0.000152918 2.10872e-05 4.8183e-05 0.00195891 0.0418792 0.0334198 0.00127217 0.0149163 0.00334944 3.89231e-10 0.183527 0.000797751 0.000134219 0.262167 0.061506 0.0320894 0.0319053 0.0123761 0.249347 4.67495e-08 0.0494792 0.000232701 
0.0101254 4.2992e-09 0.0034922 3.76282e-09 1.40352e-06 6.79562e-09 3.17795e-09 1.90329e-06 0.00600776 2.95866e-07 5.66146e-10 1.42176e-09 1.93155e-05 4.43113e-09 1.95974e-07 4.37895e-07 6.67737e-08 0.979039 8.29427e-07 0.000874042 8.30748e-10 0.000364315 7.18534e-05 4.00737e-09 8.86497e-07 3.41031e-09 
0.00164604 4.03789e-07 0.00123671 2.14439e-06 3.22719e-05 0.137121 3.59532e-05 0.00207027 0.060616 0.235617 0.00558832 0.0241545 0.000175089 1.2111e-09 0.00361397 0.00101389 0.0721921 0.27523 0.0128004 0.00720742 0.00843608 0.00127475 0.14396 1.15003e-06 0.00484561 0.0011291 
0.0151078 0.00375478 0.00237402 1.9742e-07 7.95287e-06 3.5654e-07 0.0411278 1.94135e-06 0.144337 0.0243107 0.0187359 4.75335e-05 0.00494799 0.00345387 0.0158087 8.8796e-05 4.51478e-05 0.494649 0.00843914 0.00117426 0.0586753 0.00859373 0.149684 3.89384e-05 0.00455281 4.13736e-05 
0.0611341 5.52849e-07 0.00572979 7.42808e-06 0.0070803 8.19884e-06 1.13119e-05 4.61438e-05 0.000619466 0.0151929 0.000560879 0.00833272 9.80428e-06 2.73382e-05 0.222663 0.00160481 0.00346426 0.498385 0.0236453 0.0819361 0.00613138 0.00910313 0.0491211 1.64934e-06 0.00515141 3.2111e-05 
0.0552512 0.01876 0.0464221 3.7224e-07 0.0114943 0.000419715 0.000186229 0.000145817 0.00461109 0.0198319 0.0143806 0.000860735 0.010984 6.81643e-05 0.00579997 0.0116324 6.44234e-06 0.520026 0.00948923 0.000757746 0.0368679 0.00345596 0.115946 5.45764e-05 0.112522 2.56258e-05 
0.00358805 0.000187232 0.00409456 7.77361e-05 0.00282862 0.000141509 3.48197e-05 0.000464735 0.00106275 0.0897094 0.000603807 0.0517024 0.00480374 1.94955e-05 0.0403921 1.53913e-05 1.34253e-05 0.672997 0.0460017 0.00250658 0.00211148 0.0195412 0.0512419 1.22863e-08 0.0058005 6.01152e-05 
0.0564947 7.81203e-05 0.00372781 1.88159e-08 0.00105921 0.000545808 0.000351827 0.142104 0.0170858 0.0302824 0.00846671 0.0932369 0.000186843 1.33223e-05 0.0124605 0.000157559 8.14493e-06 0.21382 0.00730844 0.0260336 0.0825912 0.00991894 0.0647189 3.22889e-07 0.109687 0.119661 
0.00168366 1.96811e-05 2.27666e-05 2.39903e-05 0.00418585 1.11065e-08 0.000379161 3.95045e-05 6.59408e-05 0.0100831 4.32118e-05 0.000323922 0.000426815 0.000120226 0.000190175 0.00028093 1.47632e-09 0.974944 0.000340241 0.0012177 0.00242616 0.00216532 0.000757552 6.54949e-09 5.81548e-05 0.000201772 
0.0411586 8.47512e-05 0.00333313 1.39487e-06 0.000605541 2.49306e-05 0.000449488 0.000206626 0.0641702 0.185022 0.00110481 0.00263717 0.0370781 1.28533e-05 0.0518896 0.0037278 0.00100435 0.227315 0.0214611 0.00757332 0.218323 0.0103889 0.037566 5.91895e-05 0.0839716 0.000830831 
0.00743651 1.68071e-05 0.0239714 2.71855e-08 0.0017787 1.37292e-06 0.000127626 0.00338776 0.0324912 0.0192521 0.00183993 0.00619949 0.118551 3.20139e-08 0.169064 0.000309644 8.26416e-06 0.241616 0.00615084 0.00354923 0.0247568 0.00691897 0.20937 2.42157e-07 0.123139 6.33078e-05 
0.0316663 3.55318e-10 0.0268039 3.10986e-10 2.49046e-05 9.95517e-07 3.59803e-07 0.000828685 0.00143876 0.0275597 1.98387e-06 5.68562e-06 0.00582164 2.01588e-07 0.0430728 2.63562e-10 3.28661e-06 0.827587 2.42698e-06 0.00107846 0.00326524 0.00320346 0.0108605 3.31198e-10 0.0167734 6.21082e-07 
0.000305223 2.00776e-05 0.0519799 6.69956e-09 0.000134456 0.000124715 0.0802849 0.00701376 0.0499634 0.140941 0.000931472 0.00165863 0.0143017 3.673e-06 0.0132089 0.000400084 9.60411e-05 0.231732 0.0464224 0.000874677 0.0664836 0.0107863 0.230998 6.51521e-09 0.0505081 0.000827624 
0.0160029 0.00545239 0.00198328 0.000502767 0.00147817 3.24792e-05 0.0200905 8.21492e-07 0.108743 0.0237458 2.03976e-07 0.000647361 0.00296366 1.59649e-06 0.00119277 1.14896e-06 1.0146e-06 0.792592 0.00404174 6.83861e-06 0.00533635 0.00382153 0.00112367 1.44381e-06 0.0093794 0.000857064 
0.0842736 5.31328e-06 0.0194895 1.63407e-06 0.000605255 2.06988e-05 0.000389115 0.00138327 0.00238218 0.0181204 1.38827e-05 0.00116207 0.012179 5.41151e-06 0.104104 0.00702735 0.0024931 0.620492 0.00315931 0.0405731 0.0136875 0.0119242 0.0399112 0.000459003 0.0160746 6.3111e-05 
0.00330779 0.00300746 0.00440234 5.39433e-08 0.00136299 0.00041116 9.20182e-05 4.64447e-05 0.000401841 0.0415262 0.00145585 0.000846501 0.00288189 9.20282e-07 0.0283429 0.00048076 7.23095e-06 0.514041 0.00461604 0.0854993 0.132334 0.00540422 0.162007 1.87767e-07 0.00734152 0.000182471 
0.108619 0.0107531 0.0693581 3.18915e-07 0.00268482 1.27212e-05 0.00016122 0.00189327 0.104685 0.0062869 1.84163e-05 0.000432088 0.0172418 3.61444e-06 0.15013 2.19777e-08 0.0237319 0.385392 0.00363263 0.000647056 0.00316908 0.00220068 0.000832828 5.63351e-06 0.107941 0.000166396 
0.0120386 0.000431829 0.0299959 0.000700165 0.0257405 4.46969e-05 0.0202048 0.000439103 0.0199324 0.103767 0.0181001 0.0976444 0.0365185 0.000276213 0.133468 0.000424773 0.00122744 0.139192 0.0710184 0.0531354 0.0248553 0.00640887 0.110788 1.35576e-05 0.0934865 0.000147183 
0.000234761 8.24459e-07 5.34246e-07 1.35164e-08 0.00186223 3.51994e-07 1.85313e-06 4.69006e-07 0.0456502 0.0292984 4.06719e-06 0.0624271 4.65834e-05 9.46406e-11 0.0986534 4.24807e-07 1.92928e-11 0.341767 0.0318181 3.34332e-07 0.00387091 0.00644895 0.246384 8.55898e-11 0.131528 1.81937e-06 
0.032385 0.000692775 0.00555905 0.00784311 0.00206547 4.39696e-05 0.00922843 0.00198777 0.0228567 0.131023 0.00524277 0.0214724 0.0079305 0.00189291 0.0275083 0.00226954 0.00878391 0.476159 0.0439454 0.0215033 0.0312222 0.0159464 0.0802309 0.00689352 0.0302899 0.00502356 
0.0880399 0.000506901 0.00507557 1.29414e-07 4.41113e-07 2.66021e-07 0.000194977 4.18583e-05 0.0506847 0.270484 9.18826e-05 0.00758032 0.00110503 4.96615e-09 0.015283 0.0188616 1.94326e-06 0.272963 0.0118561 0.00632196 0.000621201 0.00414998 0.135534 3.27134e-07 0.110337 0.000262383 
0.0450079 7.24716e-05 0.00333958 6.23902e-06 4.64594e-06 4.09502e-08 0.000246153 0.000196441 0.0307652 0.124698 0.00142345 0.0197608 0.131552 1.8157e-06 0.03788 0.00854792 0.00428506 0.25044 0.0500963 0.0160048 0.0379308 0.0317787 0.182686 5.14152e-08 0.0232096 6.68071e-05 
0.042076 1.0349e-05 0.00773991 1.50486e-07 1.62639e-05 1.04212e-07 1.89735e-06 4.7478e-06 0.000540009 0.0819721 3.25763e-05 2.95458e-05 0.0284883 5.33017e-07 0.00112808 0.000395861 1.38523e-08 0.699517 0.00101097 0.000471543 0.130843 0.00544429 0.000194102 2.35967e-05 4.90197e-05 9.73935e-06 
0.0130557 7.29258e-05 0.0430459 0.000243658 0.000233221 1.99907e-05 0.000962636 3.81339e-05 0.013028 0.0421848 0.00266903 0.00398834 0.00100271 3.43655e-05 0.00441871 0.000934132 4.89407e-05 0.744771 0.0251186 0.000918001 0.0189947 0.00316953 0.0594463 0.000686349 0.0207236 0.000190919 
0.0355342 9.72626e-05 0.00173456 1.38863e-09 2.43848e-06 2.82885e-06 0.00212989 2.82248e-06 0.0439728 0.226271 3.67556e-08 2.32228e-08 0.0224374 1.63527e-09 0.0100759 0.000392088 0.000970387 0.523879 0.0129174 0.000149625 0.0528431 0.0524259 0.0127442 1.47888e-09 0.00141725 1.25855e-09 
0.0604589 0.000294455 0.00663419 0.000511882 0.000306934 5.39221e-05 0.0398629 0.000413008 0.0153727 0.0665252 0.000169041 0.0225127 0.0160673 0.000275934 0.0424057 0.0183838 0.00177648 0.471678 0.0405889 0.0192332 0.015171 0.0168551 0.115551 0.0022012 0.0266609 3.50613e-05 
0.0611682 6.91881e-05 0.0387371 1.77432e-07 0.0012383 5.09558e-07 1.17024e-07 0.000725973 0.000677535 0.00963743 0.000153549 3.90897e-07 0.0150974 8.44685e-10 0.0658242 0.00543519 4.56549e-07 0.376537 0.000393605 0.132124 0.202382 0.061685 0.0050131 9.23802e-08 0.0227296 0.000370684 
0.00164604 4.03789e-07 0.00123671 2.14439e-06 3.22719e-05 0.137121 3.59532e-05 0.00207027 0.060616 0.235617 0.00558832 0.0241545 0.000175089 1.2111e-09 0.00361397 0.00101389 0.0721921 0.27523 0.0128004 0.00720742 0.00843608 0.00127475 0.14396 1.15003e-06 0.00484561 0.0011291 
0.113528 3.93988e-05 0.00430615 0.000162893 0.000533558 5.18219e-06 0.000659918 0.00137856 0.119334 0.00612315 0.00821734 3.41333e-06 0.00614124 0.000888095 0.0499384 0.0018418 8.40933e-05 0.496386 0.0253765 0.00107331 0.0709665 0.00164003 0.0160198 1.52293e-05 0.0745007 0.000835662 
0.0210339 4.1436e-06 0.0660342 0.000175379 0.00380254 3.12379e-06 0.000450102 0.000313431 0.0480769 0.0578396 0.000266831 0.0402856 0.0165072 2.17105e-05 0.0224636 0.0175469 0.000878027 0.583819 0.013906 0.00537204 0.0164508 0.0121458 0.0582287 4.90815e-06 0.0143452 2.42531e-05 
0.0228549 0.00257919 0.00474954 1.07312e-05 8.11452e-05 1.308e-05 0.00151538 0.0191649 0.0496356 0.123023 0.00084589 0.0262742 0.00360312 0.000838808 0.043288 0.00173011 0.00171289 0.267631 0.13082 0.0129216 0.0894103 0.0380243 0.0855476 2.13521e-05 0.0700263 0.00367668 
0.114004 3.66525e-06 0.0285375 2.4747e-05 8.74078e-05 1.08281e-06 0.00153442 0.000163685 0.0207178 0.00649351 0.000189966 0.0333712 0.0123539 0.000209273 0.0146724 0.000205949 3.06724e-07 0.669685 0.00178623 0.00402291 0.0294345 0.00992245 0.0153362 2.81744e-07 0.0365117 0.000730021 
