0.052683 1.39341e-07 0.000246042 4.73923e-10 0.000171904 0.000142109 0.000625578 0.000211485 0.000968695 0.0365008 0.000185144 0.00119399 0.000746284 5.58097e-10 0.0117225 0.00642194 0.000173271 0.695675 0.00808727 0.00778011 0.0976154 0.0221945 0.0102842 0.00057754 0.0450936 0.000699784 
0.019916 0.000690901 0.00127387 1.61159e-06 0.000312657 1.02521e-06 3.76232e-05 5.00205e-05 0.0713327 0.129011 1.07237e-05 0.0379214 0.0574143 3.25366e-06 0.0175777 0.00124194 0.0267558 0.289863 0.0757178 0.00410722 0.0460662 0.048627 0.137854 4.84273e-05 0.0339949 0.000168713 
0.0441421 3.75743e-06 0.00118904 1.7589e-07 0.000333706 0.000524103 1.38918e-05 0.000272552 0.00876244 0.107641 0.0119268 0.0054634 0.00160766 1.32828e-06 0.0131218 0.0103391 1.88137e-05 0.33965 0.042206 0.0642626 0.0395375 0.219691 0.0780826 2.86443e-06 0.0111447 6.08499e-05 
0.0389422 6.48566e-06 0.0196073 7.83574e-05 0.00583966 6.83224e-06 2.15047e-05 0.00016591 0.000939649 0.100267 0.000330939 0.00492546 0.0113353 1.42367e-05 0.00161074 0.00452483 0.103814 0.567843 0.00218661 0.00644421 0.0583645 0.0116861 0.02818 3.88456e-05 0.0327815 4.4584e-05 
0.0101202 1.06425e-05 0.000980516 9.31472e-06 1.14606e-05 1.68223e-05 7.86689e-06 5.64428e-06 0.00137457 0.00063797 1.40147e-06 3.51952e-06 0.00138937 1.09691e-05 0.00229841 7.89426e-06 2.23609e-06 0.931908 1.41967e-06 2.54642e-06 0.000916061 0.000567399 0.0439751 9.92011e-06 0.00572258 8.44211e-06 
0.0157479 2.08733e-05 0.00738148 8.51474e-05 0.00237261 9.10497e-05 0.089985 2.77634e-05 0.0189054 0.145257 0.000177028 0.0633143 0.00882296 0.00393769 0.00250651 0.00177127 0.00119609 0.482709 0.0341845 0.00913358 0.033754 0.00653979 0.0606881 1.88317e-07 0.011269 0.000122642 
0.0281339 5.59934e-07 0.00935028 0.0052935 0.000404587 1.70247e-05 0.000632568 0.0208913 0.0434291 0.0278765 3.22543e-05 9.24125e-05 0.0232788 0.00278727 0.00582052 3.90863e-05 5.13448e-07 0.756538 0.0224738 0.000789145 0.045471 1.48861e-05 0.00353421 5.21926e-07 0.00308784 1.05145e-05 
0.0431882 0.00214019 0.00013737 0.000742327 0.104358 1.27897e-05 3.49699e-06 0.000114612 0.0018984 0.0807885 0.0204372 0.0244501 0.00183663 1.76393e-06 0.0632831 0.000502958 0.0345237 0.349572 0.00472056 0.0054491 0.0566071 0.0114056 0.166407 9.19255e-07 0.0271034 0.000315416 
0.010682 0.0213927 0.0072868 3.74784e-10 0.0106139 7.74017e-06 0.00178093 0.000137134 0.00846892 0.214156 0.00134085 0.0434057 0.0688082 0.00673807 0.0319811 0.00104201 0.157078 0.276047 0.0473237 0.0140087 0.010155 0.0054358 0.0453257 1.87315e-05 0.0164942 0.000270768 
0.0342502 9.14415e-05 0.00158533 0.000329378 0.00240864 0.000263558 0.000999918 0.000285153 0.01009 0.188146 0.00922895 0.0318625 0.00161908 0.0115011 0.0118333 0.00458858 0.0873402 0.246842 0.126153 0.0289654 0.0293947 0.0179253 0.129428 0.00374209 0.0203969 0.000729643 
0.0254017 8.69955e-07 0.000101316 2.23679e-09 2.41364e-05 2.93387e-06 0.000227915 3.00342e-05 0.00426794 0.0106034 1.0381e-07 0.000240404 0.00053325 3.0377e-07 0.00354964 8.66938e-06 0.00433338 0.934611 0.000219043 0.000439322 0.011974 0.00128725 0.00200541 1.27709e-07 0.000133944 4.05241e-06 
0.109915 6.9297e-05 0.0113145 1.8306e-05 9.44727e-06 0.00315554 0.013334 5.71754e-05 0.0413753 0.215661 0.00058474 0.014974 0.00812679 0.000148011 0.0162791 0.00246791 0.00131575 0.216217 0.0491313 0.0191546 0.0290192 0.120644 0.0668125 1.93514e-06 0.0562362 0.00397736 
0.0168072 0.000852514 0.0061443 4.54412e-10 5.74734e-05 7.9864e-08 0.000411636 2.03439e-05 0.16467 0.0768606 0.00798835 0.0521053 0.0191265 0.0475579 0.054143 0.00154243 0.00643302 0.326839 0.0208226 0.00237531 0.0148919 0.000236577 0.101478 0.000124984 0.0784152 9.57215e-05 
0.0619156 0.000600816 6.83308e-06 8.93308e-06 7.55999e-05 0.00135396 2.83493e-06 7.66053e-06 0.189614 0.098733 0.00417017 0.119557 0.0165474 1.40175e-09 0.0147279 0.000460702 0.0235464 0.254999 0.0323911 0.0302408 0.00680904 0.0325554 0.0576455 0.000329685 0.0531902 0.000511356 
0.0222228 5.54303e-06 0.149424 3.15267e-08 0.0114861 7.07215e-05 3.7384e-05 0.000833869 0.00208857 0.0472705 0.00168538 0.0111875 0.00168226 0.000165754 0.0732004 0.00089815 0.000731981 0.287196 0.0126033 0.125735 0.0078368 0.000530238 0.0381386 2.24201e-05 0.204828 0.000119407 
0.0147259 0.000955648 0.111066 1.09325e-06 0.029208 5.61854e-06 9.95382e-06 9.49186e-06 0.0148685 0.00628411 0.00543568 0.191975 0.00169666 1.19023e-05 0.0115193 0.00714071 2.47292e-06 0.373516 0.00815146 0.0123261 0.0125675 0.000390158 0.0772353 1.72251e-06 0.120608 0.000287428 
0.0199189 5.19041e-05 0.00369849 0.0262265 1.67111e-11 2.45291e-11 7.65502e-06 0.00387217 0.0299013 0.195614 0.000175988 0.0116902 5.93224e-12 1.59944e-11 0.00653294 0.000343801 2.8817e-06 0.271175 0.128467 0.0228804 0.0229032 0.0190896 0.203463 1.0762e-05 0.0339439 3.03486e-05 
0.000880614 0.00127966 0.00739343 0.000729441 0.000344194 0.00115318 0.00149282 6.01033e-05 0.0110349 0.0565186 0.0414855 0.109788 0.000201825 5.67484e-11 0.0150108 0.000882714 8.95302e-05 0.408556 0.013541 0.0691581 0.0517056 0.00301541 0.109121 7.20157e-06 0.0962692 0.000281638 
0.0159677 0.000301884 0.00733844 0.000766728 0.000281185 3.16786e-05 0.000107429 0.000120151 0.00994869 0.0257066 0.0159576 0.00266953 0.00766178 2.49918e-05 0.0312437 0.000397603 0.00252576 0.674232 0.0112051 0.0183444 0.0513679 0.0323081 0.048644 7.9801e-07 0.0423791 0.00046649 
0.109921 2.67276e-05 0.0228365 8.8135e-08 0.000106448 1.69174e-05 0.000452333 9.5648e-05 0.0271721 0.0161792 0.000298933 0.00834013 0.00322437 9.66186e-06 0.0429256 0.00148261 1.43752e-08 0.294625 0.0135733 0.0612463 0.0260544 0.0202003 0.238802 7.33966e-05 0.111825 0.00051175 
0.000920062 0.000152633 0.00587315 1.32695e-05 5.12415e-05 2.39645e-05 0.114666 4.79343e-05 0.00153277 0.0182792 0.00144854 9.72256e-05 0.0176094 1.56263e-05 0.00138332 6.7042e-05 5.33241e-05 0.758748 4.7695e-05 0.00299713 0.0099734 0.0111997 0.0535809 4.43537e-05 0.000539796 0.0006334 
0.0201067 0.00556674 0.00355266 0.000434188 2.20949e-06 0.000611237 8.24102e-06 0.00539381 0.00709509 0.0920148 0.00302494 0.0266643 0.00413148 2.86774e-07 0.285764 0.000135131 1.87791e-05 0.327744 0.0515912 0.00597466 0.00767312 0.018622 0.125801 0.000488867 0.00739672 0.000183175 
0.00548406 0.00295022 0.227899 1.42211e-06 0.000130136 0.000153932 0.0195199 0.000106651 0.0381902 0.0276179 0.00541106 0.0845017 0.00589986 0.000115532 0.0196149 0.000836791 0.000682041 0.371639 0.00395319 0.0264768 0.00885611 0.00710046 0.08242 1.98422e-06 0.0548024 0.00563419 
0.0180092 0.000560099 0.0427533 9.07929e-05 3.97257e-06 0.00341773 0.000467687 0.000563882 0.0197342 0.0358491 0.00928876 0.15823 0.00807633 0.000335523 0.0069038 0.00194732 0.00064968 0.29986 0.078392 0.0438839 0.0472095 0.050007 0.0370721 1.54616e-05 0.136418 0.000259755 
0.00447357 0.000612504 0.00758193 0.00083234 0.000220207 0.00043474 0.000793287 3.51465e-05 0.0102407 0.0506651 0.0219083 0.0800852 0.0024519 1.97476e-09 0.0119319 0.00196957 4.63175e-05 0.44186 0.00974771 0.0368399 0.0999019 0.00904515 0.167601 2.88619e-06 0.040578 0.000140367 
0.0185531 0.000167913 0.00340453 6.43429e-06 3.76866e-06 0.000378734 0.000471961 6.88116e-06 0.0174029 0.14331 0.00321317 0.041314 0.176577 0.0444321 0.0191775 0.00656003 0.0105534 0.438154 0.00832979 0.00136464 0.00660575 0.00283418 0.0556293 4.12623e-06 0.00154408 4.55158e-08 
0.0148693 4.11476e-05 0.00148889 2.44083e-09 0.000754382 0.000317141 5.27903e-06 7.87867e-06 0.000274715 0.196858 6.1252e-07 0.00235446 0.0130273 3.33509e-08 0.0507495 0.00112069 3.05399e-06 0.519908 0.0134422 0.00235659 0.0563051 0.00869802 0.117079 3.51678e-08 0.0003053 3.3782e-05 
0.112666 0.00992379 6.56163e-10 2.46388e-09 1.42511e-05 4.44975e-09 1.56089e-05 1.493e-09 0.271183 5.5254e-06 3.7071e-10 1.22896e-05 1.07615e-09 2.90149e-09 0.156762 2.08815e-09 5.97394e-08 0.394402 0.00963677 1.66377e-05 2.39402e-06 8.61599e-06 0.0249581 2.62401e-09 0.0203901 2.23529e-06 
8.84925e-05 0.00992824 3.07805e-05 0.0139581 0.000192724 9.09228e-07 0.00952595 1.03106e-05 0.0666919 0.156437 0.00116058 0.100818 0.00112617 2.34316e-06 0.0102184 0.0305955 8.52516e-06 0.53452 0.00157214 0.000966371 0.0193323 0.00272125 0.0352755 5.60199e-06 0.000559308 0.00425371 
0.0546938 4.97105e-05 0.0348114 1.83305e-06 0.00263753 1.09927e-05 0.000563849 0.0269475 0.00406144 0.125878 0.0218932 0.0748333 0.0233515 7.22782e-06 0.0250992 0.000156498 0.0139367 0.167429 0.11108 0.0291806 0.00918989 0.00172008 0.144143 5.88406e-05 0.12823 3.4736e-05 
0.0458414 0.000213747 1.06806e-05 1.50844e-05 0.00203983 2.53532e-05 0.00301008 2.77426e-07 0.0337035 0.0213417 9.15051e-08 0.0224876 0.000973352 1.26024e-05 0.000428339 0.000229304 0.000153135 0.83246 0.00481937 0.00355375 0.016532 0.0059853 0.00092387 1.11783e-06 0.00520009 3.81271e-05 
0.0555794 0.0385371 0.00558613 1.99071e-06 0.000648808 3.08614e-05 0.000715662 2.52103e-05 0.00936958 0.0900119 2.98966e-05 0.00671402 0.00208331 0.00663017 0.0791187 0.00023938 0.0160916 0.416829 0.0906537 0.00916908 0.0273345 0.0413572 0.0378543 2.16592e-07 0.0653612 2.66661e-05 
0.0864253 0.0770067 0.0331854 0.00139164 9.18505e-06 4.06591e-08 0.0010477 0.103323 0.0477176 0.00351425 0.00087526 0.00313816 0.0380561 2.65121e-08 0.00443078 0.000858733 5.80836e-05 0.414997 0.000600595 0.000248049 0.00319896 0.00535385 0.0267394 2.29237e-06 0.147072 0.000749408 
0.00346834 0.000550034 0.00490981 1.36583e-09 0.000824131 3.87645e-08 0.00029656 0.000248971 0.0449682 0.109509 0.00285425 0.0206247 0.141422 0.000837833 0.0154504 0.00415268 0.0230751 0.523747 0.0153364 0.00508916 0.0273513 0.0039897 0.042902 2.37098e-05 0.00823863 0.000129921 
0.0253776 0.00306912 0.00725912 1.34822e-05 9.15327e-06 8.85629e-07 0.199473 2.10796e-05 0.0910915 0.0880535 0.00461911 0.0022227 0.0749321 0.000132876 0.00409162 0.00896556 0.000195136 0.388063 0.00494288 0.00321807 0.0502743 0.00458767 0.0365027 0.000252704 0.00260068 3.07784e-05 
0.0201847 7.1033e-07 0.010329 1.06619e-07 0.00101778 4.35058e-06 2.79784e-05 0.000330012 0.000745852 0.0535503 0.0174942 3.04995e-05 0.00457349 1.76368e-07 0.15102 0.0035171 0.0316224 0.2089 0.00524714 0.030033 0.145931 0.176416 0.0895798 2.85532e-06 0.0491688 0.000273751 
0.0319608 7.69467e-06 0.0153601 5.2797e-09 3.71937e-06 1.50046e-07 0.000103795 0.00528584 0.0219117 0.0185973 0.0212603 0.0101966 0.00369338 4.74431e-06 0.181302 0.000646025 8.57463e-06 0.280102 0.0549391 0.0304165 0.02438 0.00564564 0.248969 2.01924e-07 0.044538 0.000666874 
0.00928303 0.00206294 0.00516146 2.90998e-06 4.21996e-07 1.42421e-05 0.000129605 0.00091694 0.168951 1.28021e-05 8.15933e-08 0.00137003 0.00393883 0.187852 0.0109638 1.33194e-05 2.98809e-06 0.44302 0.122146 0.0024134 0.0153243 0.00183604 0.00733642 0.000544715 0.0166944 7.48083e-06 
0.0333918 2.95353e-07 1.61255e-07 7.28073e-10 0.00032047 9.43826e-07 0.000988668 2.29303e-07 0.00070713 0.0423928 1.09544e-10 1.7647e-06 0.00186463 8.57387e-10 0.000997887 0.0111497 1.71015e-07 0.888166 0.000883979 0.000254614 0.00814089 0.00435605 1.96356e-06 0.00144267 0.00493759 4.09312e-08 
0.00361974 0.000172659 0.0180138 6.17059e-08 0.0134656 2.06595e-06 0.000332899 0.000125013 0.00709555 0.0578817 0.000405223 0.03089 0.0216788 5.20031e-06 0.0819123 0.00179755 9.06024e-05 0.480032 0.0111338 0.0178511 0.0989445 0.018276 0.102044 4.44685e-07 0.033974 0.000255754 
0.112666 0.00992379 6.56163e-10 2.46388e-09 1.42511e-05 4.44975e-09 1.56089e-05 1.493e-09 0.271183 5.5254e-06 3.7071e-10 1.22896e-05 1.07615e-09 2.90149e-09 0.156762 2.08815e-09 5.97394e-08 0.394402 0.00963677 1.66377e-05 2.39402e-06 8.61599e-06 0.0249581 2.62401e-09 0.0203901 2.23529e-06 
0.0149919 0.0010159 0.0257707 0.000280424 0.00241644 0.00225405 0.000323307 0.000138495 0.0160666 0.151343 0.0019288 0.0406283 0.0139789 0.000142036 0.0171407 0.00289192 0.010202 0.457986 0.0192895 0.0183581 0.065334 0.0113937 0.0936231 1.3924e-05 0.0316808 0.000808262 
0.00549162 0.000451256 0.0146267 3.10931e-07 0.00293938 0.00112338 0.00179273 0.000248695 0.122287 0.152663 0.0109865 0.0236117 0.0239217 3.27771e-05 0.0137707 0.00165873 0.00759966 0.437922 0.0326841 0.0447229 0.0156722 0.00532043 0.0362033 6.79437e-06 0.0441986 6.43007e-05 
0.0316663 3.55318e-10 0.0268039 3.10986e-10 2.49046e-05 9.95517e-07 3.59803e-07 0.000828685 0.00143876 0.0275597 1.98387e-06 5.68562e-06 0.00582164 2.01588e-07 0.0430728 2.63562e-10 3.28661e-06 0.827587 2.42698e-06 0.00107846 0.00326524 0.00320346 0.0108605 3.31198e-10 0.0167734 6.21082e-07 
0.0121779 0.00030517 0.012316 0.0270827 6.10049e-05 0.000115955 0.00245013 0.0024476 0.0176608 0.064561 0.00279769 0.00491317 0.0110002 4.45579e-05 0.0132952 0.00475691 2.56954e-06 0.377346 0.0307982 0.0155071 0.0158585 0.0462447 0.302546 0.000331093 0.0344792 0.000901081 
0.0136869 3.75979e-05 0.0521388 3.94124e-07 0.00366978 0.00275181 0.000325348 8.01459e-05 0.0598012 0.067573 0.000587364 0.00369004 0.131448 0.0844761 0.0391408 0.00700959 1.6177e-05 0.170369 0.0634191 0.0154754 0.0226201 0.0316835 0.158069 4.57966e-06 0.069924 0.00200193 
0.00251308 1.7741e-06 0.0144183 1.60371e-05 0.00242472 5.76611e-05 2.0101e-06 0.0068499 0.0175188 0.019924 1.10249e-05 0.016976 0.0414594 3.18759e-05 0.171361 1.86107e-06 0.00244165 0.657196 1.3487e-05 0.00648802 0.0296813 0.000117478 0.00545652 8.92246e-07 0.00503338 3.46264e-06 
0.00423887 0.000671955 0.00600048 1.46863e-09 0.00100677 4.34325e-08 0.000362334 0.000304106 0.0549596 0.121391 0.00348822 0.0252072 0.134777 0.00102374 0.0188833 0.00138788 0.0282017 0.475936 0.0187439 0.00241872 0.0334288 0.00487606 0.0524353 2.89174e-05 0.0100691 0.000158704 
0.0110175 2.84086e-05 0.000329306 8.08229e-10 0.00402217 1.42202e-06 0.00101738 8.69921e-05 0.0360497 0.19152 0.000656124 0.00892261 0.0442063 1.06192e-06 0.0988625 0.000841143 0.00358386 0.230967 0.107644 0.00793079 0.0711446 0.0247759 0.130297 0.00015534 0.0258508 8.83946e-05 
0.008257 2.25111e-05 0.00496027 5.70972e-08 0.00742877 2.32133e-06 2.39042e-05 6.44169e-05 0.00296174 0.0547165 3.58915e-05 0.0101261 0.00855225 0.000105568 0.0250251 9.71007e-05 6.16716e-08 0.829907 0.000845679 0.00287679 0.00743068 0.0115182 0.0054695 2.77807e-07 0.0195504 2.18993e-05 
0.000880614 0.00127966 0.00739343 0.000729441 0.000344194 0.00115318 0.00149282 6.01033e-05 0.0110349 0.0565186 0.0414855 0.109788 0.000201825 5.67484e-11 0.0150108 0.000882714 8.95302e-05 0.408556 0.013541 0.0691581 0.0517056 0.00301541 0.109121 7.20157e-06 0.0962692 0.000281638 
0.0219014 0.00014181 0.000837586 1.31393e-07 0.00217201 0.00943145 0.000527285 1.37527e-05 0.0710961 0.177816 0.000528745 0.157761 0.0647372 1.58032e-06 0.0365683 0.0145074 0.0359197 0.244242 0.012745 0.0222398 0.0263898 0.0091887 0.0615648 0.000157892 0.0290412 0.000469289 
0.00981703 0.00010311 0.00679613 2.36494e-05 0.00143735 0.00124674 4.68213e-05 9.67793e-05 0.0102387 0.105933 0.00402866 0.00872727 0.0170829 0.00021054 0.0162643 0.00277008 0.000420243 0.651188 0.0183926 0.00843741 0.0425855 0.00798169 0.0402962 5.18724e-06 0.0456758 0.000194372 
0.0216282 1.02695e-05 0.00162774 0.118829 0.000459023 1.97281e-08 7.01263e-05 1.24424e-05 0.00340084 0.0283127 2.52185e-06 0.000718737 0.00179204 3.23422e-07 3.99915e-05 4.94543e-05 2.62234e-09 0.793323 0.000213984 0.00061236 0.0161845 0.00333875 0.00814413 1.16336e-08 0.00117758 5.25921e-05 
0.00721977 0.000121724 0.010516 1.62944e-08 0.000881934 4.42761e-07 0.0206604 2.64795e-08 0.184291 0.19778 0.000229246 0.000520702 0.123964 8.03605e-08 0.00943998 0.000495421 6.65098e-05 0.229655 0.0185609 0.00284233 0.0950277 0.0128498 0.0664215 3.64819e-10 0.0182257 0.000229853 
0.00774921 0.000111054 0.00673105 9.96025e-07 1.88143e-08 0.000120153 0.000310889 0.000551486 0.0104687 0.0284004 2.18756e-05 0.0308771 0.0107741 2.65933e-08 0.0445666 3.04471e-06 7.60727e-06 0.676306 0.00349654 0.00346815 0.0322825 0.013518 0.121803 2.64709e-10 0.00836712 6.46128e-05 
0.0820456 9.47614e-06 0.0212011 8.21291e-09 4.71958e-05 0.000959141 0.000163524 2.90361e-05 0.00698132 0.0854605 6.17872e-05 0.00877409 0.010549 3.18195e-05 0.0862463 0.00122774 1.27815e-05 0.252583 0.0166979 0.0173409 0.146341 0.0254467 0.227646 4.90539e-05 0.0100707 2.49548e-05 
0.12833 0.000254447 0.0153164 4.7555e-08 0.000174179 6.69902e-05 2.06743e-06 5.54355e-07 0.036115 0.010023 0.000391807 0.00067034 0.036934 1.93226e-05 0.0130795 0.000411879 6.07182e-07 0.571654 0.0131095 0.000804367 0.054572 0.00734277 0.0618456 1.89827e-07 0.0488397 4.16746e-05 
0.015404 0.000225677 0.0416186 2.36218e-09 5.40087e-06 8.35403e-07 3.72091e-05 9.44546e-06 0.00329992 0.0884883 0.00013627 0.0326348 0.100017 7.19115e-06 0.0568852 0.000454896 0.00602668 0.623765 0.0204622 0.00113485 0.00074851 0.000338775 0.00816188 5.8479e-06 0.000130961 1.12548e-07 
0.0198102 0.000218473 0.000997326 8.14381e-08 0.000442626 1.08001e-06 5.78038e-05 1.32243e-05 0.00661678 0.040061 0.000335654 0.00180163 0.00124532 3.76015e-08 0.0173003 0.00109597 0.00188414 0.642345 0.0187579 0.0867302 0.0921167 0.0141966 0.04448 1.09342e-07 0.00944248 4.91209e-05 
0.00964559 0.000678302 0.0230489 0.000346623 0.00301998 2.81367e-05 0.000540352 0.000201727 0.00793109 0.262929 0.0124061 0.0474877 0.0218742 0.000146385 0.0567692 0.00114188 0.000257513 0.338553 0.0235118 0.00404112 0.0158224 0.0115298 0.0891637 2.08151e-05 0.0688565 4.78228e-05 
0.0649802 0.000872502 0.0851565 1.71902e-06 0.00187595 1.71134e-06 0.00087201 2.98484e-05 0.140854 0.00251682 1.76012e-06 0.0607589 0.0169543 1.41534e-08 0.175418 0.000215988 0.000310889 0.185353 0.00194094 0.000356063 0.167203 0.0637815 0.0248572 1.21549e-07 0.00563715 4.95473e-05 
0.00499452 0.00178366 0.00251123 1.25416e-06 8.74435e-07 1.61295e-06 0.000211338 4.64737e-05 0.0133866 0.0992794 0.000335702 0.00413796 0.0194272 5.67289e-06 0.0297806 0.000937906 3.07064e-06 0.588923 0.0219859 0.0459045 0.00814548 0.0128616 0.0667994 3.96852e-07 0.0785248 9.85955e-06 
0.00544121 4.24265e-05 0.00303066 2.15847e-08 3.53951e-06 1.34198e-06 0.00011028 2.57018e-05 0.00381183 0.0110423 8.87324e-07 0.00125499 0.0248437 1.18173e-07 0.00506017 2.6626e-05 0.00112216 0.8864 0.00332565 0.000339455 0.0143914 0.00469694 0.0305451 0.00329341 0.00115286 3.74741e-05 
0.000828796 4.48598e-06 0.0401904 4.27452e-06 0.00203413 5.48996e-06 0.000850126 0.000731691 0.0078402 0.101583 0.0150475 0.00226977 0.00293676 9.76845e-06 0.00344426 1.70379e-05 0.000153844 0.726229 0.00861862 0.00550205 0.0174471 0.00128161 0.0394147 0.00010727 0.0218988 0.00154894 
0.0257869 0.000540792 0.00214567 2.77508e-05 0.000382524 0.00187946 0.000205016 0.000147953 0.0167732 0.139307 0.000262165 0.00217479 0.0101951 3.69161e-06 0.00550928 0.000187937 5.72181e-05 0.551078 0.032114 0.00622935 0.00584721 0.00141391 0.195427 3.40591e-07 0.00224024 6.41672e-05 
0.0446549 0.000125024 0.00704758 0.00125125 0.000523158 1.51266e-05 0.00200658 0.000596755 0.0324536 0.17416 0.00101524 0.00943251 0.0388133 0.00144134 0.0976784 0.0103268 0.00996319 0.28811 0.0551066 0.0468014 0.0180679 0.0223879 0.124475 1.11752e-05 0.0135312 3.19338e-06 
0.00738039 5.7599e-06 0.00867923 0.00733807 1.55474e-06 8.8179e-05 0.145648 0.000114525 0.0723099 0.0873559 1.7162e-06 0.0892898 0.00134595 5.11031e-06 8.01129e-06 0.000179022 8.68157e-05 0.388994 0.0190115 0.000325394 0.0713639 0.0809574 0.0146087 1.20269e-06 0.00402214 0.000878109 
0.0366081 0.000186983 0.00771091 0.00146737 4.46329e-05 1.46822e-05 0.00868773 0.000558776 0.116628 0.0469555 0.00624803 0.00333042 0.0406559 0.00189625 0.0240052 0.000651247 3.88884e-05 0.434041 0.0240234 0.00414821 0.0125343 0.00990702 0.125967 2.30185e-05 0.0752237 0.0184437 
0.001601 0.0048731 0.0122914 0.00144307 3.47935e-05 8.91928e-05 0.0117769 0.000734814 0.0573494 0.009008 0.000649692 0.0470826 0.00306769 0.000206139 0.00182892 0.000311439 0.000771173 0.532713 0.00113859 4.78243e-05 0.00663434 0.00163476 0.0279529 6.08697e-06 0.271632 0.00512074 
0.00129273 8.03238e-07 0.000116221 1.65253e-06 3.92607e-05 5.72686e-06 2.1323e-06 0.00074958 0.0201568 2.62821e-08 2.36222e-07 2.95061e-05 0.0199301 0.000181757 0.0283356 2.98636e-07 0.000890271 0.811743 0.0150249 0.0111791 0.0838267 6.93628e-05 0.00481051 4.52415e-05 0.00149819 6.99438e-05 
0.00756446 0.000297095 0.0115537 4.73316e-06 0.000152918 2.10872e-05 4.8183e-05 0.00195891 0.0418792 0.0334198 0.00127217 0.0149163 0.00334944 3.89231e-10 0.183527 0.000797751 0.000134219 0.262167 0.061506 0.0320894 0.0319053 0.0123761 0.249347 4.67495e-08 0.0494792 0.000232701 
0.0101254 4.2992e-09 0.0034922 3.76282e-09 1.40352e-06 6.79562e-09 3.17795e-09 1.90329e-06 0.00600776 2.95866e-07 5.66146e-10 1.42176e-09 1.93155e-05 4.43113e-09 1.95974e-07 4.37895e-07 6.67737e-08 0.979039 8.29427e-07 0.000874042 8.30748e-10 0.000364315 7.18534e-05 4.00737e-09 8.86497e-07 3.41031e-09 
0.0441685 0.000516113 0.000980811 1.09628e-05 0.000440617 0.000448918 6.23166e-05 1.28338e-06 0.000685254 0.263224 0.000222602 0.0157348 7.69142e-05 3.83152e-05 0.0123784 0.00174417 4.79589e-05 0.301179 0.0544571 0.0594621 0.0725671 0.0245234 0.10168 1.76778e-06 0.0452328 0.000115509 
0.0113991 0.0171322 0.0258861 3.53409e-08 0.00652106 2.78627e-05 0.000357792 0.0141621 0.0075663 0.189173 0.000183161 0.000857883 0.0438258 1.60135e-07 0.163837 0.00440811 0.000588225 0.263224 0.0035791 0.000418739 0.0708018 0.0307891 0.0804637 1.72618e-06 0.0647801 1.70976e-05 
0.0552512 0.01876 0.0464221 3.7224e-07 0.0114943 0.000419715 0.000186229 0.000145817 0.00461109 0.0198319 0.0143806 0.000860735 0.010984 6.81643e-05 0.00579997 0.0116324 6.44234e-06 0.520026 0.00948923 0.000757746 0.0368679 0.00345596 0.115946 5.45764e-05 0.112522 2.56258e-05 
0.00358805 0.000187232 0.00409456 7.77361e-05 0.00282862 0.000141509 3.48197e-05 0.000464735 0.00106275 0.0897094 0.000603807 0.0517024 0.00480374 1.94955e-05 0.0403921 1.53913e-05 1.34253e-05 0.672997 0.0460017 0.00250658 0.00211148 0.0195412 0.0512419 1.22863e-08 0.0058005 6.01152e-05 
0.0564947 7.81203e-05 0.00372781 1.88159e-08 0.00105921 0.000545808 0.000351827 0.142104 0.0170858 0.0302824 0.00846671 0.0932369 0.000186843 1.33223e-05 0.0124605 0.000157559 8.14493e-06 0.21382 0.00730844 0.0260336 0.0825912 0.00991894 0.0647189 3.22889e-07 0.109687 0.119661 
0.169827 0.0117653 0.00210302 2.07378e-07 0.0110668 1.22448e-07 0.00357635 0.00104211 0.0621403 0.0824342 0.00031993 0.00217303 0.00250165 1.20203e-06 0.114247 0.00131872 4.78929e-05 0.214289 0.0320941 0.0226495 0.0412777 0.0909034 0.0483518 2.83685e-06 0.0848032 0.00106382 
0.00547241 1.95125e-06 0.00146959 0.000100071 0.0549959 1.53978e-09 0.000473999 0.000894774 0.0656468 0.139111 0.00749416 0.00448021 0.0101497 3.14322e-06 0.0566588 0.000339732 2.02978e-05 0.195456 0.143489 0.0671295 0.0495173 0.0338346 0.0481708 1.19472e-05 0.0333752 0.0817031 
0.0411586 8.47512e-05 0.00333313 1.39487e-06 0.000605541 2.49306e-05 0.000449488 0.000206626 0.0641702 0.185022 0.00110481 0.00263717 0.0370781 1.28533e-05 0.0518896 0.0037278 0.00100435 0.227315 0.0214611 0.00757332 0.218323 0.0103889 0.037566 5.91895e-05 0.0839716 0.000830831 
0.0129333 2.74383e-05 0.00215261 1.75661e-09 0.000502957 0.000504875 3.25426e-05 1.49095e-05 0.000397925 0.241781 2.13801e-05 0.0081458 0.00986131 0.0004518 0.0417289 0.00178146 0.00137495 0.353108 0.0538507 0.00221943 0.0780245 0.0158465 0.171567 2.52442e-08 0.0036476 2.25264e-05 
0.0440142 0.000303898 0.0211385 5.58906e-06 1.82584e-05 7.55168e-05 5.96936e-05 0.000529589 0.0297385 0.0216759 0.0204903 0.00341273 0.0226079 0.000375109 0.0862557 0.0204017 0.00657797 0.319247 0.024126 2.84531e-05 0.0727216 0.0069203 0.229498 7.43325e-05 0.069334 0.000369826 
0.110373 0.000865252 0.0116897 0.108413 0.000256699 0.000760131 2.78947e-06 0.0090673 0.0276801 0.0760886 0.0683026 0.0395167 0.000771603 0.00204734 0.115679 0.000337747 2.83294e-06 0.119222 0.0416524 0.0367267 0.0188416 0.0937 0.0607416 0.000194625 0.0568314 0.000234586 
0.000305223 2.00776e-05 0.0519799 6.69956e-09 0.000134456 0.000124715 0.0802849 0.00701376 0.0499634 0.140941 0.000931472 0.00165863 0.0143017 3.673e-06 0.0132089 0.000400084 9.60411e-05 0.231732 0.0464224 0.000874677 0.0664836 0.0107863 0.230998 6.51521e-09 0.0505081 0.000827624 
0.00100751 5.05551e-06 0.0264598 8.57394e-07 1.59987e-08 2.34835e-08 0.000621321 1.00936e-05 0.158239 0.0104859 0.00200878 0.00362645 0.00896477 0.000138637 1.41821e-05 0.0197161 3.12153e-09 0.646852 0.00115097 0.00017854 0.0113298 0.00535694 0.0301655 4.40984e-07 0.0668914 0.00677563 
0.00498398 5.34019e-05 0.00251318 5.28645e-05 0.000255174 3.27259e-07 0.00766775 7.99954e-05 0.00893834 0.0393126 0.000608157 0.300791 0.00731676 0.0115383 0.0153134 0.000355174 0.00614306 0.524323 0.0270295 0.00305103 0.00402119 0.000276722 0.0321314 5.60034e-06 0.00323789 6.9699e-07 
0.00420401 8.00513e-06 0.00135253 1.27056e-07 7.98348e-06 2.29463e-07 0.000678488 9.39727e-06 0.00269604 0.113143 0.00662811 0.00320285 0.0140774 0.00323426 0.0217839 0.000356529 4.54702e-05 0.70222 0.014623 0.000102998 0.0328509 0.000965585 0.0696074 2.51008e-06 0.00819941 1.15154e-07 
0.0160029 0.00545239 0.00198328 0.000502767 0.00147817 3.24792e-05 0.0200905 8.21492e-07 0.108743 0.0237458 2.03976e-07 0.000647361 0.00296366 1.59649e-06 0.00119277 1.14896e-06 1.0146e-06 0.792592 0.00404174 6.83861e-06 0.00533635 0.00382153 0.00112367 1.44381e-06 0.0093794 0.000857064 
0.0168394 0.000100547 0.0625368 2.51958e-05 0.00170133 6.50097e-06 0.00214114 0.000195642 0.0312806 0.0445443 0.00313381 0.0116447 0.160539 0.00501781 0.0867448 6.85141e-05 0.072906 0.296653 0.043803 0.100111 0.00344271 0.00627549 0.0272957 3.35651e-05 0.02294 1.92684e-05 
0.000151529 0.072709 0.00113426 0.00023376 4.6899e-05 1.97919e-05 0.000282039 0.00078003 0.0163542 0.23956 0.00056696 0.00498038 0.00142898 1.29158e-05 0.0003931 0.000223981 6.53992e-05 0.492682 0.0903471 0.00212713 0.000393943 0.00230671 0.0678636 0.000116095 0.00487009 0.00035005 
0.0305519 5.9657e-05 0.021472 1.06584e-05 8.78654e-06 0.000737254 0.00185897 5.89472e-05 0.0932481 0.0306551 0.000164587 0.00363952 0.0494236 5.67306e-06 0.194802 0.00275631 0.000114425 0.39262 0.0184278 0.00105038 0.0221876 0.00172639 0.0487009 2.64793e-07 0.0857177 1.80231e-06 
0.0490465 1.53641e-05 0.0551785 0.000268784 0.00837626 9.8548e-06 0.000288488 0.000766975 0.0252111 0.0740674 0.00157179 0.00966766 0.0538063 3.66618e-05 0.0912897 0.014596 0.0636139 0.262026 0.0150023 0.010378 0.0777602 0.0195336 0.0992652 1.68105e-05 0.0666527 0.00155452 
0.00129273 8.03238e-07 0.000116221 1.65253e-06 3.92607e-05 5.72686e-06 2.1323e-06 0.00074958 0.0201568 2.62821e-08 2.36222e-07 2.95061e-05 0.0199301 0.000181757 0.0283356 2.98636e-07 0.000890271 0.811743 0.0150249 0.0111791 0.0838267 6.93628e-05 0.00481051 4.52415e-05 0.00149819 6.99438e-05 
0.00140256 1.0832e-05 6.51426e-05 9.48058e-06 1.16647e-05 1.71219e-05 8.00698e-06 5.74479e-06 0.000906253 0.000406114 1.42643e-06 0.000425582 0.00044916 0.00287236 0.00418374 8.03483e-06 9.16475e-05 0.930075 0.000279175 4.54441e-05 2.09311e-06 2.58986e-06 0.0584163 1.00968e-05 0.000285566 8.59244e-06 
0.0516401 0.000259215 0.07418 6.99819e-10 8.20276e-05 1.018e-06 0.000574273 0.000149432 0.0132991 0.0175772 7.02508e-08 0.0356529 0.023167 8.24114e-10 0.0233001 2.48435e-07 4.2278e-06 0.638321 0.009915 0.000352899 0.0555078 0.0062033 0.039236 5.1313e-06 0.0105477 2.43614e-05 
0.010789 0.000168792 0.0115546 7.18609e-06 8.98277e-06 9.92087e-05 2.18752e-06 9.73665e-06 0.0595799 0.0269076 2.36859e-05 0.00121819 0.0522851 2.8802e-08 0.0217889 0.0408093 0.087524 0.584672 0.0025047 0.000211418 0.0464241 0.014438 0.0339567 0.00101483 0.00400117 8.77332e-07 
0.032385 0.000692775 0.00555905 0.00784311 0.00206547 4.39696e-05 0.00922843 0.00198777 0.0228567 0.131023 0.00524277 0.0214724 0.0079305 0.00189291 0.0275083 0.00226954 0.00878391 0.476159 0.0439454 0.0215033 0.0312222 0.0159464 0.0802309 0.00689352 0.0302899 0.00502356 
0.0880399 0.000506901 0.00507557 1.29414e-07 4.41113e-07 2.66021e-07 0.000194977 4.18583e-05 0.0506847 0.270484 9.18826e-05 0.00758032 0.00110503 4.96615e-09 0.015283 0.0188616 1.94326e-06 0.272963 0.0118561 0.00632196 0.000621201 0.00414998 0.135534 3.27134e-07 0.110337 0.000262383 
0.0130557 7.29258e-05 0.0430459 0.000243658 0.000233221 1.99907e-05 0.000962636 3.81339e-05 0.013028 0.0421848 0.00266903 0.00398834 0.00100271 3.43655e-05 0.00441871 0.000934132 4.89407e-05 0.744771 0.0251186 0.000918001 0.0189947 0.00316953 0.0594463 0.000686349 0.0207236 0.000190919 
0.00824739 0.000259465 4.66803e-06 3.51391e-11 8.0838e-08 6.34609e-11 1.20301e-08 6.21059e-05 0.000119344 0.188588 7.01564e-07 0.226466 0.00480441 4.11378e-10 0.0121431 0.00073008 0.0418804 0.475199 0.00364092 0.00205934 0.00569242 0.00396584 0.0259096 5.00621e-08 0.000227891 1.59784e-08 
0.00406303 0.000510849 0.00352699 7.11722e-10 0.00237871 1.88693e-08 9.04292e-05 0.000596111 0.0233932 0.158916 0.000458206 0.0595951 0.0130921 1.02903e-06 0.0121469 0.00421268 0.116731 0.323759 0.0169898 0.102315 0.0247747 0.0061453 0.0374074 1.78908e-05 0.0883979 0.000479802 
0.08413 0.00145208 0.00712352 6.39257e-08 0.00112547 1.2757e-05 0.00574396 0.000411787 0.00623905 0.221365 0.000200634 0.00278451 0.00136919 1.22065e-05 0.013373 0.00358344 0.000164898 0.384588 0.00844046 0.0105422 0.146025 0.0537053 0.0181562 8.97256e-08 0.0262621 0.00318892 
0.00164604 4.03789e-07 0.00123671 2.14439e-06 3.22719e-05 0.137121 3.59532e-05 0.00207027 0.060616 0.235617 0.00558832 0.0241545 0.000175089 1.2111e-09 0.00361397 0.00101389 0.0721921 0.27523 0.0128004 0.00720742 0.00843608 0.00127475 0.14396 1.15003e-06 0.00484561 0.0011291 
0.0210339 4.1436e-06 0.0660342 0.000175379 0.00380254 3.12379e-06 0.000450102 0.000313431 0.0480769 0.0578396 0.000266831 0.0402856 0.0165072 2.17105e-05 0.0224636 0.0175469 0.000878027 0.583819 0.013906 0.00537204 0.0164508 0.0121458 0.0582287 4.90815e-06 0.0143452 2.42531e-05 
0.00302204 1.67698e-05 0.00018557 1.97296e-09 0.00223086 3.89082e-08 1.99125e-05 0.000545212 0.00723835 0.0366297 0.0202222 0.330414 0.00362646 0.000432376 0.000615265 0.00318644 0.00389814 0.471904 0.00571817 0.0589111 0.00373125 0.00102428 0.0270794 2.73639e-06 0.0189506 0.000394505 
0.00228075 9.74061e-05 0.00391844 2.46208e-07 8.35068e-05 1.32781e-05 4.14073e-06 0.000117458 8.72921e-05 0.1362 3.27886e-06 0.050062 0.0435682 1.4708e-05 0.010923 0.00156521 0.00240429 0.741823 0.00120152 0.000217933 0.000702884 0.00350279 0.00111957 3.03205e-06 2.08139e-05 6.46443e-05 
0.0326273 5.50784e-05 0.00154426 4.48732e-05 2.94324e-05 8.68447e-05 1.64251e-05 2.38492e-07 0.00314927 0.0112965 0.000178426 0.0179497 0.000425063 3.23293e-08 0.0192003 0.000565722 4.39053e-05 0.810079 0.0161974 0.000934577 0.0175894 0.00318314 0.0492171 2.92375e-08 0.015292 0.000294202 
0.018464 0.000478228 0.0489685 6.59268e-09 1.18749e-05 1.19063e-08 0.000658224 0.0002508 0.132901 0.0383012 0.000116632 0.00433482 0.310687 7.76361e-09 0.00469883 0.000742109 0.000122518 0.314136 0.00243846 0.000380367 0.0216855 0.0358065 0.0350405 8.51608e-07 0.023722 0.00605373 
0.0130481 0.000830418 0.00691909 0.00172206 0.00153015 7.55453e-05 0.00190907 0.000882163 0.027034 0.142553 0.00489542 0.014906 0.0072557 0.000492299 0.0150831 0.00102754 0.00156805 0.567478 0.0309582 0.00983354 0.0223286 0.00947385 0.0834336 0.00302944 0.0285731 0.00316078 
0.0297954 1.9095e-06 0.00164915 1.85516e-06 0.000603889 0.000296851 0.00162571 2.29231e-06 0.00456977 0.0540097 0.00139092 0.0110163 0.000357935 0.00017704 0.0711436 0.000646435 5.63637e-06 0.26015 0.0287376 0.00851059 0.0933807 0.0888954 0.226261 2.48382e-05 0.115001 0.00174469 
0.184074 0.000762984 0.0808124 0.00297352 0.00138168 0.00108967 0.000966169 0.00101176 0.0137427 0.130831 0.00146888 0.00596278 0.00782672 0.00759402 0.0736738 0.00319327 0.0053639 0.185975 0.0168633 0.0230195 0.0810109 0.0154605 0.100091 6.31439e-05 0.0514317 0.00335618 
0.184025 7.61567e-09 0.00255138 9.81182e-06 0.000192495 0.00331555 5.23339e-06 4.83401e-05 0.0489252 0.0578351 2.51331e-05 0.000462298 0.00748277 1.18813e-06 0.0442118 0.00375777 5.0108e-05 0.193046 0.0171332 0.0271339 0.16788 0.185881 0.026305 3.96394e-07 0.0250055 0.00471516 
0.00584626 0.000172123 0.0209175 8.07564e-07 1.39935e-05 1.45845e-06 0.000680207 1.34228e-05 0.00893839 0.145159 0.00206723 0.0972686 0.0050472 1.01053e-06 0.000107883 0.000191405 0.00962265 0.680598 0.00597038 0.00666254 0.00212137 0.000401658 0.00559863 8.90902e-06 0.000842511 0.00174734 
0.127495 1.88968e-06 0.0139318 0.00065685 0.00264992 1.5266e-05 0.000483732 0.000767102 0.0203876 0.101833 0.0125049 0.0160298 0.00360835 0.000481098 0.0294887 0.000155892 7.46908e-06 0.44184 0.0250962 0.0213912 0.0284355 0.0206343 0.0269931 1.69164e-05 0.104726 0.000368189 
0.0325057 0.00016713 0.0222303 0.00260234 0.000298869 0.000395479 0.00700852 0.000330446 0.00606707 0.0615941 0.00990456 0.0125595 0.00711435 5.96485e-05 0.0475754 0.00352322 0.000577602 0.476345 0.0117959 0.0116552 0.111705 0.0267498 0.109609 8.27684e-06 0.037155 0.000461903 
0.0599841 2.49423e-06 0.00973571 3.66565e-05 2.55309e-06 0.000217593 2.72397e-05 1.69446e-05 0.0177021 0.0639706 0.000584488 0.00425043 0.00103098 4.06997e-07 0.0139054 0.000634874 0.000114765 0.358245 0.0299299 0.134838 0.123084 0.0682263 0.102606 4.31562e-06 0.0106466 0.000203362 
0.0125719 0.000133196 2.47183e-09 9.28169e-09 2.51867e-05 6.80154e-06 0.00705437 5.62427e-09 0.0219887 1.03551e-09 1.3965e-09 2.13275e-06 1.26182e-05 3.59372e-07 1.2245e-09 7.86627e-09 1.10444e-05 0.95278 8.25516e-05 1.10204e-05 0.0052792 2.53553e-09 5.88263e-10 9.88493e-09 4.12561e-05 8.41218e-09 
0.0104042 1.60595e-06 9.98073e-05 2.16766e-09 1.25932e-07 3.67767e-07 0.000207644 1.40889e-05 0.0730207 2.41834e-10 1.96283e-07 0.000110422 6.77413e-07 4.17823e-08 0.0102877 1.8371e-09 0.000120498 0.88386 0.00207437 0.000115954 0.0109395 0.000675811 0.00257103 2.30854e-09 0.00549523 2.3428e-07 
8.59622e-08 4.20525e-07 9.80187e-08 3.68058e-07 4.52851e-07 6.64711e-07 0.00665248 0.00202977 0.0171432 0.0140516 0.000786413 0.00197492 0.00223468 0.00351121 4.85568e-08 3.11931e-07 0.000910158 0.942202 0.00283852 0.000402574 8.12594e-08 1.00544e-07 2.33271e-08 0.0016859 0.00357407 3.33579e-07 
0.0223184 6.10338e-05 0.0361425 1.01748e-08 0.00094404 1.421e-06 0.000198936 0.000275879 0.0167702 0.203061 0.0492409 0.00217825 0.000816064 1.37838e-05 0.00750045 0.000162443 0.0013733 0.458098 0.0569846 0.00175767 0.0213256 0.0166285 0.086194 9.58024e-06 0.0169612 0.000982362 
0.0112045 0.000303234 0.00139721 1.105e-05 0.0583002 2.72179e-05 2.0948e-05 0.00275002 0.00294079 0.00323734 0.00536528 0.000995745 1.04839e-05 2.59442e-08 0.0294399 0.000300414 7.15733e-06 0.597787 0.00688944 0.00136614 0.0137662 0.00112552 0.169923 3.42773e-06 0.0926546 0.000173074 
0.00753128 0.0110488 0.0189478 2.53809e-06 0.00139799 8.79569e-05 0.000360408 0.000287616 0.0165495 0.0492421 0.027432 0.0145047 0.229354 0.00335701 0.0165505 0.00285214 0.000174699 0.276574 0.0938248 0.0185101 0.0206263 0.00444364 0.121685 2.96786e-06 0.0638582 0.000793828 
0.0082731 5.95568e-05 0.215001 1.33244e-07 7.95747e-06 0.000254883 0.000109701 0.000113961 0.00391193 0.0408729 0.000126886 0.0143369 0.0137577 2.79717e-09 0.0357316 0.000567781 0.0181343 0.385092 0.0148345 0.0623435 0.0633358 0.017685 0.06685 0.000329891 0.0375693 0.000699349 
0.00602518 2.5921e-09 0.19453 1.43851e-08 0.00129637 2.07342e-05 0.00162356 5.74456e-05 0.0895683 0.0471407 0.00181106 0.00936286 0.162375 0.00631654 0.024069 0.00677992 2.47098e-07 0.224647 0.00630675 0.0229886 0.0530396 0.00370943 0.116381 8.71675e-06 0.0218854 5.70206e-05 
0.0146705 0.0225401 0.00677558 2.74935e-07 5.19321e-05 0.000207984 0.000837634 0.000112278 0.193549 0.0348946 0.00438043 0.242619 0.0133857 1.10119e-07 0.0299355 0.000189785 0.000585669 0.253754 0.0184751 0.00087519 0.00519247 0.0018432 0.012685 0.00577727 0.136197 0.000464096 
0.00551211 1.27747e-07 6.97444e-08 3.20744e-10 3.43326e-07 5.79262e-10 8.35652e-08 8.94753e-08 2.2822e-07 0.000851253 4.82585e-11 0.000192916 0.00111767 0.000301569 1.17143e-07 0.000136724 7.69979e-11 0.963458 0.00051674 0.00996504 0.000545329 0.0172794 2.03284e-11 0.000118717 3.48036e-06 2.00722e-07 
0.0106854 0.00114058 0.0105666 0.00116071 0.00581506 0.000194122 0.00253107 0.00084811 0.0411198 0.146607 0.00915939 0.111418 0.0143506 0.000822598 0.0130808 0.00232126 0.0157579 0.416156 0.0189451 0.0219119 0.0322907 0.0112227 0.0688727 0.00096769 0.0388863 0.003168 
0.0751793 1.25247e-05 0.0120204 1.86007e-08 0.000679448 1.22592e-06 0.000306746 9.92918e-05 0.0376946 0.0478736 3.57334e-05 0.0141127 0.00997473 3.64011e-05 0.0230053 3.95221e-05 0.0049777 0.665314 0.0197096 0.00157239 0.0293002 0.00316459 0.0493638 2.59947e-05 0.00548167 1.85842e-05 
0.0285548 0.000166757 0.00947857 0.00303826 0.000268644 0.000107957 0.00135368 0.000797195 0.0201697 0.0666955 0.000501388 0.00686312 0.025597 0.00228372 0.0388132 0.00114873 0.00597604 0.472885 0.0666388 0.0353384 0.0604623 0.0127393 0.120477 0.00181526 0.0174071 0.000422621 
0.107102 2.55165e-06 0.0215266 6.13966e-08 0.000194617 1.10882e-07 0.0116282 0.00328715 0.000398521 0.15941 0.000313009 0.00194854 0.000307193 7.23014e-08 0.0297024 0.00870103 2.04442e-06 0.262955 0.1779 0.00260576 0.0608556 0.0102232 0.0603242 4.93932e-06 0.0805764 3.12468e-05 
0.00178243 3.59752e-05 0.00176446 2.30679e-08 4.0249e-06 1.06795e-11 0.00229723 3.79856e-08 0.00433699 0.426607 4.15504e-08 0.00389364 0.00943969 1.15603e-07 1.82863e-07 0.00126987 1.70489e-09 0.548561 3.27159e-07 1.17088e-06 2.33287e-06 2.08207e-06 7.28425e-07 6.29767e-12 5.59188e-08 1.94015e-07 
0.104445 0.000291623 0.00294319 4.36319e-05 0.00317315 0.00124763 0.000255278 7.52938e-06 0.0017427 0.192842 0.00020848 0.00128558 0.000390075 9.79384e-08 0.000692548 0.0425798 1.08992e-05 0.431479 0.00772385 0.00189321 0.116845 0.0442265 0.0271731 1.05734e-06 0.0182261 0.000271381 
0.00304512 1.6336e-05 0.031331 7.91934e-05 0.00111876 1.41528e-06 0.00630015 0.000277246 0.170254 0.0171158 7.18324e-07 1.41864e-05 0.0250672 9.22844e-07 0.00486526 2.37875e-05 4.10716e-06 0.64645 0.00512791 0.0212525 0.0337908 0.0106342 0.00879207 0.00134246 0.0130884 6.73817e-06 
0.0377092 2.69041e-05 0.0101249 0.000453809 0.000844128 1.70101e-05 0.00144458 0.000138071 0.00934289 0.113227 0.000523253 0.0121577 0.0700235 0.000175373 0.0112811 0.00134491 0.0131668 0.520394 0.019056 0.0153679 0.078495 0.0223184 0.0418776 2.62936e-05 0.020056 0.00040677 
0.047904 1.54178e-06 0.00788975 2.9997e-09 3.69077e-09 2.40916e-06 0.0855219 2.33132e-07 0.0594345 0.00870048 4.51329e-10 1.13342e-09 0.058288 2.09455e-07 0.00971499 5.16372e-07 7.20109e-10 0.696688 0.00399439 0.00537114 0.0042913 8.19444e-10 4.04459e-07 2.6343e-05 0.0121589 1.13298e-05 
0.0073192 0.000967292 6.16131e-05 6.41629e-09 8.74928e-05 1.32045e-07 0.000396436 1.49948e-05 0.00155411 0.0867319 0.000109027 0.114554 0.00140934 5.74572e-06 0.0734992 0.00698608 0.0284747 0.237882 0.0129609 0.230092 0.00514666 0.00336014 0.179424 1.31508e-06 0.0089167 4.56334e-05 
0.0176848 0.000189899 0.0989511 2.25274e-06 0.000584491 0.000381682 0.00157964 0.0319954 0.14253 0.0799833 0.0300039 0.0282005 0.0628041 1.41171e-05 0.0508727 0.000142646 0.000184719 0.185488 0.0391778 0.000520358 0.00819609 0.000273127 0.163996 2.29412e-06 0.0561296 0.000111988 
0.00264974 0.0296112 0.00864809 6.03621e-08 5.55595e-05 2.1716e-05 0.000356749 2.64338e-05 0.00768794 0.0145105 0.00441474 0.000237017 0.00427174 1.46927e-07 0.0199645 1.86662e-05 6.67239e-06 0.692708 0.0139147 0.0198232 0.0348716 0.0159046 0.0189827 1.09806e-05 0.109172 0.00213102 
0.0469488 3.74072e-11 0.0111875 3.20913e-07 2.3126e-07 2.32214e-08 1.67641e-06 0.000339302 0.00106645 0.021758 1.89264e-05 0.0105688 0.00653452 3.85551e-11 0.157734 0.000230889 3.89492e-05 0.385186 0.0111561 0.0040968 0.147841 0.0205077 0.125004 8.23015e-09 0.0497364 4.39442e-05 
0.00510173 0.000627582 4.4668e-05 3.70886e-10 0.00054166 1.40328e-08 0.00082787 7.98413e-05 0.00238085 0.297998 0.000714985 0.170791 0.0393319 0.00459385 0.0111227 0.0017967 0.0934909 0.302342 0.0168713 0.00496322 0.000253825 0.00127343 0.0438092 1.91687e-05 0.00102161 1.08221e-06 
