0.00447706 0.00132094 5.60801e-05 3.2337e-06 1.1621e-07 3.73985e-06 2.80953e-06 0.000149178 0.825774 0.000936556 1.3758e-06 0.0047137 6.92422e-06 4.99798e-08 0.00717498 3.59695e-08 0.000634953 8.95676e-09 0.143433 2.14854e-05 6.85295e-06 2.04138e-05 3.12351e-05 0.0105131 0.000717781 3.84657e-08 
1.52378e-07 0.114214 2.22344e-05 8.85299e-11 1.41014e-07 9.96453e-08 0.000351317 3.12769e-07 0.817707 0.00309079 3.04221e-06 0.000528282 4.52113e-07 1.04254e-10 0.00464795 7.50294e-11 0.000986873 1.86831e-11 0.00370633 0.0040815 2.45982e-05 3.90486e-07 3.34551e-06 0.0234943 0.0271366 1.61682e-07 
1.02358e-06 2.4419e-05 0.000550407 4.38258e-06 5.39223e-06 7.91491e-06 3.23993e-05 2.65564e-06 0.803136 0.0496665 0.000731769 0.00441547 0.0209846 5.16097e-06 1.29059e-05 0.000482478 1.05208e-06 9.24885e-07 0.0107786 0.000165721 9.67578e-07 1.19721e-06 0.100885 4.66741e-06 0.00809438 3.97202e-06 
0.00803105 0.000339306 0.00485428 2.35618e-08 1.30574e-06 0.000241887 3.37016e-06 0.00164623 0.707794 7.06014e-06 2.7569e-05 2.48549e-06 0.00709062 2.77466e-08 0.00998609 1.99687e-08 0.000676007 4.9724e-09 0.0101759 4.44475e-06 3.32568e-06 3.54443e-06 0.00251216 5.63467e-06 0.246592 1.48564e-06 
1.78382e-07 0.284994 0.00470207 1.69722e-11 1.64991e-07 1.16507e-07 0.000563208 3.66134e-07 0.559515 9.11909e-07 3.56177e-06 0.00422441 5.29291e-07 1.99867e-11 2.41956e-06 1.4384e-11 0.00225477 3.58176e-12 0.0196295 5.73483e-07 4.29047e-07 4.57153e-07 0.0959672 7.24837e-07 0.027458 0.000681371 
0.647243 5.91107e-06 0.013459 2.14891e-08 0.000294804 3.88091e-08 1.81489e-08 1.30214e-08 0.000908428 8.37793e-06 0.123006 9.94774e-07 5.47433e-06 2.53058e-08 0.00778149 1.82121e-08 5.15867e-09 4.53498e-09 1.84399e-06 0.00562341 1.04734e-05 1.24759e-07 0.00856754 2.28857e-08 0.173557 0.0195257 
2.04151e-05 3.2997e-06 1.30092e-05 1.10676e-05 3.55335e-06 0.49369 2.43912e-06 0.000765546 0.411276 0.00100691 0.000239993 1.09122e-06 0.00767985 7.98778e-06 5.1085e-06 2.4476e-06 6.93297e-07 6.09477e-07 0.0741595 0.000363513 6.37611e-07 7.88933e-07 0.00666312 3.07571e-06 0.00407674 2.61746e-06 
4.17398e-08 6.67464e-11 0.000583942 5.84188e-11 7.18772e-11 0.0111108 0.00255238 0.00136328 0.226689 0.00216267 3.29345e-08 0.000156646 2.24092e-07 7.76502e-09 0.524464 0.0014428 3.68457e-05 1.23285e-11 0.00705189 0.00136776 0.00110862 0.000401978 0.219507 1.37606e-07 4.89282e-08 1.03709e-07 
4.60364e-08 1.13138e-05 0.00300457 4.38015e-12 4.25805e-08 0.00184319 0.00121789 0.000812716 0.526096 0.0113673 0.00560811 0.000289137 0.00195348 5.15812e-12 0.15636 2.71028e-08 0.00044439 9.24373e-13 0.0359292 1.48003e-07 1.10727e-07 0.000460243 0.253928 0.000673619 5.21015e-07 4.88327e-08 
7.02013e-08 1.72524e-05 0.0064025 6.67932e-12 6.49313e-08 4.58507e-08 1.70367e-07 0.00177245 0.696683 0.00886462 1.40171e-06 0.00181362 2.083e-07 7.86565e-12 9.52206e-07 1.18932e-08 1.61308e-07 1.40958e-12 0.00414883 2.25691e-07 1.68849e-07 1.7991e-07 0.113607 2.85256e-07 0.166686 7.44654e-08 
0.00611869 3.89144e-10 0.00819992 3.40592e-10 4.19057e-10 1.22971e-06 5.69148e-05 0.000190751 0.124807 0.00110803 0.00269028 0.592124 2.68837e-07 2.97932e-05 0.0163744 3.84811e-07 0.00343726 7.18775e-11 0.0104874 0.118191 0.00108563 0.0039239 0.0924208 0.00026037 0.0184917 3.08685e-10 
0.0153291 2.63584e-07 0.0218144 2.09535e-10 2.57807e-10 3.78418e-10 4.60287e-07 1.26968e-10 0.529498 0.00400172 8.51518e-08 0.000748694 8.95057e-06 2.4675e-10 0.1422 0.137506 3.78265e-05 4.42195e-11 1.02196e-06 3.83845e-07 4.62607e-11 2.80532e-07 0.00501283 3.34952e-07 0.14384 1.89905e-10 
0.000232652 0.0420052 0.000290832 2.01303e-10 1.09805e-07 7.77157e-08 2.87654e-07 0.00111009 0.746297 0.000963661 0.0110855 0.00854715 3.51586e-07 2.37057e-10 0.00466633 0.000524814 0.000506865 4.24824e-11 0.0152109 0.0038314 0.000878584 0.000152804 0.0174233 0.000692687 0.14558 1.25832e-07 
2.45448e-06 0.0291047 6.2886e-07 7.61482e-10 9.36911e-10 1.37523e-09 1.3512e-06 4.61423e-10 0.54925 0.0315572 3.78199e-07 1.59113e-05 2.19544e-06 1.16665e-06 2.92349e-06 6.45359e-10 0.00140883 1.60701e-10 0.141364 0.0164088 0.0281622 2.08018e-10 0.18008 6.49589e-07 0.0226373 6.90146e-10 
3.27885e-05 0.813858 0.123588 3.11968e-09 3.03271e-05 2.14152e-05 7.95727e-05 6.72993e-05 0.000756207 0.000167619 0.000654692 5.8821e-05 0.0584708 3.67377e-09 0.000444742 2.64394e-09 7.53411e-05 6.58367e-10 0.000167035 0.000105412 7.88634e-05 8.40297e-05 0.000719964 0.000133233 0.000371082 3.47802e-05 
1.76618e-07 0.0839949 7.38796e-07 1.12041e-10 1.63456e-07 1.15512e-07 4.28652e-07 3.62526e-07 0.840711 0.00192694 3.52612e-06 0.00103221 5.24034e-07 1.3194e-10 2.39535e-06 3.76521e-07 0.00101344 2.36447e-11 0.0164797 0.00766186 4.24772e-07 0.000305399 3.87767e-06 0.00138461 0.0454761 1.87409e-07 
2.51764e-05 7.27925e-05 4.98698e-06 1.23439e-08 4.71254e-05 1.26961e-05 1.04252e-08 3.27852e-06 0.943353 0.00281785 4.73968e-06 0.00886334 2.38973e-05 1.45363e-08 0.0167417 1.04615e-08 0.000123703 2.60501e-09 0.0193821 0.00171463 4.65402e-05 7.059e-05 0.000108057 0.0039361 0.00264789 1.11875e-08 
1.34759e-07 0.470309 0.00873869 1.28217e-11 1.24643e-07 8.80155e-08 3.27039e-07 0.000830068 0.165969 6.88905e-07 2.69075e-06 0.00703518 0.00100003 1.5099e-11 0.00530264 1.08664e-11 0.000309958 2.70585e-12 0.028628 4.3324e-07 3.24125e-07 0.00397196 2.95901e-06 0.00104095 0.306857 1.42945e-07 
5.31125e-05 0.0130528 0.00022219 5.05341e-09 4.91254e-05 3.46894e-05 0.000128896 0.000109015 0.981178 0.000271517 0.0010605 9.52811e-05 0.000157594 5.95095e-09 0.000720415 4.28278e-09 0.000122041 1.06645e-09 0.000270571 0.000170752 0.000127747 0.000136115 0.00116623 0.000215817 0.000601098 5.63386e-05 
0.000101554 0.0362158 1.54101e-07 5.78648e-07 7.11956e-07 1.04503e-06 5.96405e-05 2.44975e-05 0.934715 3.91334e-05 2.32702e-05 0.00179334 0.00193484 6.81422e-07 1.15729e-05 4.90406e-07 0.00110376 1.22116e-07 0.0174325 7.58039e-06 0.000338764 1.58072e-07 2.45126e-06 1.6939e-05 0.00617519 5.2444e-07 
6.84015e-06 0.750905 0.00195907 2.17301e-07 6.54643e-06 4.82575e-06 0.000442125 1.4067e-05 0.192599 3.47332e-05 0.0001356 0.00250087 2.02404e-05 2.55896e-07 9.21217e-05 1.84164e-07 0.00105316 4.58586e-08 0.00729073 2.18871e-05 1.63782e-05 1.74593e-05 0.0324733 2.78194e-05 0.00943695 0.000941351 
5.51762e-07 1.55051e-08 2.4672e-06 1.35706e-08 2.30649e-05 7.5648e-07 7.07124e-05 2.26079e-06 0.0625588 0.00211023 6.46233e-06 3.25824e-07 5.92723e-09 9.30251e-07 0.049672 3.7395e-07 2.47261e-06 2.8639e-09 0.0566503 4.80299e-08 0.00178731 9.67084e-07 0.00578917 1.44526e-08 0.00709045 0.81423 
2.19114e-11 1.0719e-10 3.89784e-07 9.38166e-11 1.1543e-10 1.03864e-05 8.63732e-07 0.00136956 0.785139 0.00500543 8.61182e-08 1.24104e-07 5.85999e-07 1.10479e-10 0.023867 5.80503e-07 0.000246089 1.97988e-11 0.171743 8.9791e-08 2.07127e-11 0.000380009 0.010905 0.00133158 7.02373e-08 8.50278e-11 
0.0259918 7.57678e-09 2.43662e-06 6.63147e-09 8.15921e-09 4.90176e-06 6.51847e-05 4.32012e-07 0.706592 0.000282914 0.00999704 1.38137e-06 0.143499 0.000118534 2.55171e-05 0.00568977 1.53703e-06 1.39948e-09 0.0748136 3.52406e-05 9.54423e-07 7.25877e-06 0.025971 7.06247e-09 0.00689946 6.01023e-09 
8.12309e-08 0.16052 0.000981425 1.58381e-07 7.55242e-08 1.36435e-05 2.35153e-05 6.97433e-05 0.419971 0.000661707 0.0103761 0.000237199 2.40928e-07 1.53334e-07 0.00141861 1.87364e-07 0.000658931 7.30601e-08 0.00828063 0.000291093 1.95246e-07 2.08051e-07 0.00832001 0.0011102 0.381583 0.00548202 
0.0356772 0.000245395 0.000290012 1.74522e-06 2.14728e-06 0.0101398 9.93505e-05 1.05752e-06 0.0544385 0.000207252 2.53917e-05 0.787934 7.62257e-07 2.05519e-06 0.000187071 0.000255169 1.55566e-05 3.68305e-07 0.0520309 0.0129168 0.000102353 0.0417206 4.8933e-05 0.00333231 7.67918e-05 0.000248719 
1.21818e-08 2.38968e-05 3.75176e-05 5.21578e-08 6.41739e-08 9.41967e-08 3.52845e-05 3.16052e-08 0.000629691 0.00014548 7.45596e-05 0.000201036 2.27809e-08 6.14217e-08 1.51451e-05 0.000587956 1.2521e-08 1.10072e-08 0.00032514 1.42587e-08 3.11029e-05 6.98305e-05 0.997759 5.55477e-08 6.40965e-05 4.72717e-08 
1.92942e-06 0.000474167 8.0715e-06 1.83575e-10 1.78458e-06 1.26016e-06 4.68239e-06 3.96018e-06 0.195838 9.8634e-06 3.85248e-05 3.46127e-06 5.72492e-06 2.1618e-10 2.61705e-05 1.5558e-10 4.43339e-06 3.87411e-11 9.82902e-06 6.20291e-06 0.00975 4.94466e-06 0.542323 7.83999e-06 0.240218 0.0112584 
2.89602e-06 1.66849e-05 3.44305e-07 0.00020576 1.59071e-06 2.3349e-06 1.09191e-06 3.31213e-06 6.33253e-05 4.16631e-06 2.96726e-07 0.000715948 5.64682e-07 1.52249e-06 1.21961e-06 1.0957e-06 1.2568e-05 2.72841e-07 0.000336079 2.83312e-06 2.88185e-05 3.53177e-07 3.80164e-07 0.998595 6.44407e-07 1.17174e-06 
7.48e-05 0.000216255 1.48096e-05 5.34658e-09 0.000133547 3.76676e-05 4.51554e-09 9.72259e-06 0.967474 0.000143158 1.40784e-05 0.0265863 7.09931e-05 6.2962e-09 0.00148485 4.53125e-09 2.32327e-05 1.12833e-09 0.00300568 4.10733e-05 7.03536e-05 0.000209738 0.000321071 3.417e-05 3.42098e-05 4.84572e-09 
0.0259918 7.57678e-09 2.43662e-06 6.63147e-09 8.15921e-09 4.90176e-06 6.51847e-05 4.32012e-07 0.706592 0.000282914 0.00999704 1.38137e-06 0.143499 0.000118534 2.55171e-05 0.00568977 1.53703e-06 1.39948e-09 0.0748136 3.52406e-05 9.54423e-07 7.25877e-06 0.025971 7.06247e-09 0.00689946 6.01023e-09 
8.95607e-06 0.0081371 0.0101222 2.38094e-07 0.000869161 6.88322e-05 7.05103e-05 0.411833 0.257781 0.0617486 0.00913603 0.000347006 2.65134e-05 4.47264e-05 0.0811462 0.00894961 0.001195 5.02466e-08 0.0460111 2.86797e-05 2.14604e-05 0.00895115 0.000195454 3.64196e-05 0.0932608 9.65632e-06 
7.09867e-06 0.648303 2.89851e-05 1.00158e-06 7.58107e-06 6.29134e-06 1.75054e-05 0.00116287 0.274957 3.52058e-05 0.000137223 0.00174878 2.08065e-05 1.17947e-06 0.00754341 8.48839e-07 0.000731069 2.11369e-07 0.00624598 0.00758751 1.67325e-05 1.78666e-05 0.000150801 0.051185 7.77638e-05 8.18904e-06 
9.09329e-06 0.000183907 1.80954e-06 4.22781e-08 1.31904e-07 4.64946e-06 1.22172e-05 1.20592e-06 0.740541 0.0840256 6.76421e-06 0.000353087 8.63946e-06 4.97872e-08 0.000180323 3.58308e-08 0.000166147 8.92224e-09 0.14479 4.99924e-06 8.5528e-06 0.0295697 3.89929e-05 8.86878e-05 4.15731e-06 3.83175e-08 
3.16164e-08 0.000445305 2.93726e-05 1.3537e-07 1.66556e-07 2.44477e-07 1.75344e-05 0.00292516 0.982428 2.6581e-05 1.6586e-06 4.01187e-05 5.91253e-08 1.59413e-07 1.70414e-06 1.14726e-07 0.0005043 2.8568e-08 0.00895264 0.00237969 0.000202446 0.000257859 0.00127818 0.000492402 1.58281e-05 1.22688e-07 
0.00018282 0.0427338 0.00130719 0.00866635 3.10549e-08 3.49257e-06 7.85088e-06 0.00244588 0.545165 0.000181826 0.00178633 0.0113942 1.65076e-06 2.9723e-08 0.0135942 5.45181e-06 0.000129567 5.32659e-09 0.229701 1.5964e-06 5.57247e-09 0.0296478 1.40943e-05 0.0308616 0.0821409 2.804e-05 
8.58257e-07 0.000210923 0.0409345 3.27454e-08 7.93828e-07 5.60555e-07 2.08286e-06 1.76159e-06 0.411738 0.0179932 0.0480003 0.00415864 2.5466e-06 9.61627e-11 1.16413e-05 6.92064e-11 1.97209e-06 1.72331e-11 4.37222e-06 2.75922e-06 0.017755 0.00748056 0.22051 3.48744e-06 0.231185 9.10389e-07 
4.6362e-05 8.91344e-12 0.893269 7.80136e-12 4.62573e-08 7.42123e-06 5.98306e-09 0.00767828 4.25739e-05 4.85829e-05 4.63641e-05 0.00020151 3.93435e-09 9.18697e-12 0.00181139 6.61168e-12 1.68436e-09 1.64637e-12 5.83314e-08 6.73234e-06 1.72237e-12 3.3225e-06 0.000394828 8.30839e-12 0.0960682 0.000375133 
2.15548e-07 0.686597 0.0113716 0.00233586 1.13551e-06 1.66675e-06 4.84103e-05 0.000921162 0.0634294 0.000158174 1.67414e-05 0.000112865 0.000129568 1.08682e-06 0.000966052 7.8216e-07 4.79033e-05 1.94766e-07 0.231554 3.078e-05 2.03756e-07 3.03961e-05 0.000117552 8.5596e-05 0.00201656 2.48387e-05 
4.17398e-08 6.67464e-11 0.000583942 5.84188e-11 7.18772e-11 0.0111108 0.00255238 0.00136328 0.226689 0.00216267 3.29345e-08 0.000156646 2.24092e-07 7.76502e-09 0.524464 0.0014428 3.68457e-05 1.23285e-11 0.00705189 0.00136776 0.00110862 0.000401978 0.219507 1.37606e-07 4.89282e-08 1.03709e-07 
3.71599e-11 0.00491739 0.00215818 1.59105e-10 1.95759e-10 2.87343e-10 1.34375e-10 9.64103e-11 0.941498 0.0010916 2.89681e-07 1.14228e-06 6.94923e-11 1.87551e-07 3.65251e-07 2.29366e-07 0.000159063 3.3577e-11 0.0179784 0.000830283 3.5127e-11 4.34636e-11 8.47149e-08 9.82952e-07 0.0313634 3.60644e-07 
0.00611869 3.89144e-10 0.00819992 3.40592e-10 4.19057e-10 1.22971e-06 5.69148e-05 0.000190751 0.124807 0.00110803 0.00269028 0.592124 2.68837e-07 2.97932e-05 0.0163744 3.84811e-07 0.00343726 7.18775e-11 0.0104874 0.118191 0.00108563 0.0039239 0.0924208 0.00026037 0.0184917 3.08685e-10 
1.94092e-06 9.49494e-06 2.37979e-05 0.996159 1.02248e-05 1.50084e-05 7.0186e-06 0.000114594 0.000401259 0.000224203 2.47016e-05 3.14001e-06 0.000186076 9.78631e-06 5.78496e-05 7.04301e-06 6.93457e-05 1.75378e-06 0.00222194 2.27184e-06 1.83474e-06 4.48486e-05 0.000166486 0.000128367 6.6632e-05 4.14351e-05 
7.91414e-06 0.779928 3.3108e-05 7.60524e-08 7.32004e-06 5.16898e-06 1.92064e-05 1.6244e-05 0.219213 4.0458e-05 0.000158022 1.41976e-05 2.34827e-05 8.86734e-10 0.000107347 6.38165e-10 1.8185e-05 1.58909e-10 4.0317e-05 2.54433e-05 1.90352e-05 2.02822e-05 0.000173777 3.21583e-05 8.95679e-05 8.39486e-06 
7.76894e-11 0.0015428 0.00290183 3.32637e-10 4.0927e-10 6.00741e-10 2.80934e-10 7.98159e-07 0.918867 0.00486132 4.12777e-07 0.0101902 1.45286e-10 3.91718e-10 8.10192e-07 1.90826e-07 0.000169193 7.01987e-11 0.0160448 1.02434e-06 7.34392e-11 1.21295e-07 0.0142054 1.3161e-07 0.031214 3.01476e-10 
0.00148023 0.00273256 0.0138483 2.16912e-07 1.05489e-05 7.6513e-06 2.71638e-05 2.29506e-05 0.888036 5.68603e-05 0.000222025 2.00266e-05 0.0162364 2.55438e-07 0.000150831 1.83833e-07 2.55985e-05 4.57764e-08 5.6671e-05 3.58022e-05 2.67887e-05 2.85517e-05 0.000244139 4.54065e-05 0.0766732 1.19889e-05 
2.1088e-08 1.03162e-07 0.000182771 9.02909e-08 1.11092e-07 0.000130615 7.62566e-08 5.47121e-08 0.000631481 0.00432144 8.69574e-05 0.00114633 0.00330875 1.06328e-07 0.00133056 0.00071173 0.000199434 1.90547e-08 0.975567 0.00139957 0.00281474 0.000256543 0.00333052 9.61592e-08 0.00105341 0.00352705 
0.00203738 0.15431 0.000509373 6.49228e-08 2.96291e-08 2.09223e-08 0.000256623 0.000309093 0.129365 0.0107429 0.0113859 0.000741382 0.00126426 3.58921e-12 4.34505e-07 2.58308e-12 7.3607e-08 6.43213e-13 0.00194212 0.00562315 0.00122515 8.20956e-08 0.562083 0.000898277 0.109814 0.00749254 
1.71363e-07 0.00178404 3.42674e-06 1.22487e-11 1.52213e-09 8.62945e-08 1.03449e-11 2.2274e-08 0.0398667 0.00396874 3.2253e-08 6.0305e-07 1.62642e-07 1.44243e-11 0.273841 1.03809e-11 5.3225e-08 2.58494e-12 0.612161 9.40967e-08 0.00090275 4.80498e-07 0.0671568 8.6188e-05 0.000227359 1.11013e-11 
0.563154 3.62428e-05 7.22738e-05 0.000102788 2.31893e-06 1.09709e-06 5.13049e-07 3.68099e-07 0.335621 0.0142248 4.31923e-06 0.00318685 0.000432644 0.000173689 0.000115612 0.00307217 0.000352491 1.28199e-07 0.00356146 1.66068e-07 0.015021 0.0240557 0.000305115 0.000116622 0.0363853 5.50563e-07 
3.37669e-10 1.65187e-09 3.85028e-10 1.44577e-09 1.77885e-09 2.16631e-07 0.00146217 0.000824469 0.0173752 4.77856e-06 5.28258e-07 5.46279e-10 0.264112 1.70256e-09 2.29183e-06 1.2253e-09 3.47073e-10 3.05112e-10 2.80653e-06 3.95241e-10 1.7754e-06 0.710043 0.00255065 1.53974e-09 0.00357586 4.37676e-05 
0.0282737 2.33497e-06 0.00248752 1.9175e-07 1.18316e-07 0.0006981 4.85243e-10 0.000608923 0.529054 0.000695451 8.29701e-06 0.000810591 2.50945e-10 6.76594e-10 0.00295727 0.000230929 1.37926e-10 1.21251e-10 0.00350913 1.57068e-10 0.000451676 0.000523922 0.00664554 6.11889e-10 0.423041 1.13541e-06 
2.67389e-06 5.95006e-09 0.00110849 5.2077e-09 0.00400303 9.40507e-09 3.382e-06 0.000330541 0.408639 0.0173483 6.00935e-07 1.96771e-09 0.00704734 0.230328 0.0273894 6.13056e-06 2.90534e-06 1.09902e-09 0.274462 0.0126157 9.31298e-06 0.000404809 0.00856912 1.74386e-06 0.00772778 4.71984e-09 
1.2506e-09 0.000503511 1.426e-09 5.35462e-09 6.5882e-09 9.6704e-09 9.50138e-06 4.87022e-06 0.973558 3.00491e-05 1.85379e-06 4.53221e-05 2.33873e-09 6.30566e-09 1.90804e-06 4.53806e-09 1.43981e-05 1.13002e-09 3.90105e-05 0.0257782 1.18218e-09 1.46275e-09 2.71529e-06 1.08407e-05 3.81936e-08 4.85299e-09 
9.46391e-05 0.000298853 3.06241e-05 5.40181e-05 6.7184e-05 0.000138851 4.56218e-05 4.33905e-05 0.000826346 0.00016301 2.35647e-05 0.000309063 0.000101441 6.36123e-05 0.00163538 4.57805e-05 3.84428e-05 1.13998e-05 0.995074 5.98058e-05 8.90731e-05 0.000244749 0.000355503 9.49928e-05 4.13283e-05 4.89576e-05 
1.17597e-10 5.75284e-10 0.000629679 5.03509e-10 6.19507e-10 5.57431e-05 4.63561e-06 2.62419e-06 0.588367 2.71325e-06 4.62192e-07 6.6606e-07 3.14503e-06 5.92938e-10 1.66333e-05 0.0629367 5.07785e-07 1.06259e-10 0.0682006 5.51967e-08 1.11164e-10 5.36567e-07 0.279776 1.93098e-06 2.84506e-07 4.5634e-10 
1.62818e-06 0.760661 6.81133e-06 1.54914e-10 1.50596e-06 1.06342e-06 0.00079422 3.34189e-06 3.7551e-05 8.32347e-06 3.25101e-05 2.92088e-06 4.83111e-06 1.82429e-10 2.20846e-05 1.31422e-07 3.74122e-06 3.26926e-11 0.0165972 5.23447e-06 0.0215426 4.17267e-06 0.200242 6.61596e-06 1.84269e-05 1.72708e-06 
2.2064e-06 6.37995e-06 4.37318e-07 2.30588e-09 2.2237e-08 1.11472e-06 3.12073e-06 4.78491e-06 0.799276 0.00116199 4.15506e-07 0.00922176 2.09457e-06 2.71543e-09 0.00938063 1.95424e-09 0.00461796 4.86626e-10 0.174235 1.21187e-06 2.07525e-06 6.18589e-06 9.46873e-06 0.000943176 0.00112373 2.08987e-09 
0.173682 0.000214044 0.000652434 1.76709e-08 4.17384e-07 0.00059199 1.49243e-08 0.000121107 0.316568 0.022911 1.11637e-05 0.000535297 0.00583917 1.87357e-05 0.244925 4.50457e-06 5.38717e-05 3.72921e-09 0.183923 3.73561e-05 0.00256522 0.000457197 0.0411448 3.2465e-05 0.00568318 2.75639e-05 
0.00203738 0.15431 0.000509373 6.49228e-08 2.96291e-08 2.09223e-08 0.000256623 0.000309093 0.129365 0.0107429 0.0113859 0.000741382 0.00126426 3.58921e-12 4.34505e-07 2.58308e-12 7.3607e-08 6.43213e-13 0.00194212 0.00562315 0.00122515 8.20956e-08 0.562083 0.000898277 0.109814 0.00749254 
6.22011e-05 0.0821464 0.000513489 1.28195e-10 1.37889e-07 2.70242e-06 5.8607e-05 3.72855e-05 0.504057 0.00606343 0.000363112 0.00500653 9.36965e-05 1.50964e-10 0.0994687 1.08646e-10 0.00025376 2.70539e-11 0.222689 0.000290292 0.00050392 0.000381776 0.0676902 0.00213544 0.00818265 4.74638e-08 
0.000328005 0.0806095 0.00137217 3.12082e-08 0.000303382 0.00021423 0.000796017 0.000673239 0.00756483 0.0016768 0.0065493 0.000588424 0.876896 3.67511e-08 0.00444904 0.000275096 0.000753686 6.58607e-09 0.00167096 0.00105451 0.000788922 0.000840603 0.00720226 0.00133282 0.00371218 0.000347929 
0.00472309 3.07586e-10 0.057787 1.01068e-08 6.38319e-09 1.48235e-05 2.27366e-10 0.00210831 0.168641 0.00259403 0.000567718 0.000357525 1.17583e-10 0.00033427 0.00701016 0.000316309 1.08136e-05 5.68133e-11 0.000518627 2.72532e-07 9.83308e-09 1.11193e-05 0.00432351 1.13504e-07 0.750681 5.86436e-08 
4.60364e-08 1.13138e-05 0.00300457 4.38015e-12 4.25805e-08 0.00184319 0.00121789 0.000812716 0.526096 0.0113673 0.00560811 0.000289137 0.00195348 5.15812e-12 0.15636 2.71028e-08 0.00044439 9.24373e-13 0.0359292 1.48003e-07 1.10727e-07 0.000460243 0.253928 0.000673619 5.21015e-07 4.88327e-08 
0.000265608 0.000327423 0.0688451 2.29323e-07 2.82154e-07 0.000540342 1.93678e-07 0.0607736 0.0360598 0.0148364 0.000875224 0.73106 1.00161e-07 2.70054e-07 1.24528e-05 6.80267e-05 0.0106989 4.83956e-08 0.0370872 2.98668e-05 0.000419505 0.000365326 7.64036e-05 0.000268512 0.0372828 0.000106884 
0.482313 3.21737e-10 0.000577609 2.81596e-10 3.4647e-10 5.08561e-10 2.37826e-10 1.70634e-10 7.79033e-07 0.000443944 2.40368e-06 1.064e-10 1.17748e-06 8.21475e-06 0.455422 2.38654e-10 7.14402e-08 5.94271e-11 0.00136675 7.69817e-11 0.00609146 8.20863e-09 0.0395438 2.99898e-10 0.014228 1.3402e-06 
1.07498e-07 2.64184e-05 0.00287857 1.02279e-11 9.94281e-08 7.02103e-08 2.60881e-07 2.20642e-07 0.238257 0.028192 2.14642e-06 1.92846e-07 3.18965e-07 1.20445e-11 0.0365998 8.6682e-12 2.47007e-07 2.15847e-12 0.0198794 3.45597e-07 0.00193942 0.00135019 0.625275 4.36807e-07 0.0450154 0.000581652 
4.53292e-06 5.54216e-09 0.00326949 4.85069e-09 5.96819e-09 8.76032e-09 4.09673e-09 1.19845e-05 0.753585 0.087328 4.45591e-07 1.83281e-09 2.17945e-05 0.000235684 3.27665e-05 4.11098e-09 4.92533e-06 1.02367e-09 0.0970378 4.09213e-05 1.57902e-05 0.0189412 0.03941 1.35109e-05 1.08454e-05 3.52551e-05 
0.452447 0.00508709 0.000781261 8.1482e-05 1.74995e-06 2.56864e-06 1.20121e-06 8.61839e-07 0.103459 0.00373499 0.000172303 5.37404e-07 0.0194172 0.00104998 0.000137224 0.000286719 3.41434e-07 3.00155e-07 0.0155746 0.000136831 0.0487203 0.0965475 0.0117335 1.51472e-06 0.240622 1.28905e-06 
4.72199e-06 0.659567 1.92503e-05 7.09073e-07 5.08633e-06 4.25578e-06 1.16564e-05 0.00092771 0.270014 2.33723e-05 9.10863e-05 0.00143531 1.38294e-05 8.35013e-07 0.00736553 6.00942e-07 0.000634479 1.49641e-07 0.00590452 0.00672504 1.11158e-05 0.00577454 0.000100095 0.0413078 5.16178e-05 5.4755e-06 
1.02835e-05 0.00252725 4.30201e-05 9.78432e-10 9.51157e-06 6.71651e-06 2.49566e-05 2.11073e-05 0.996356 5.25707e-05 0.000205333 1.84482e-05 3.05131e-05 1.15221e-09 0.000139485 8.29225e-10 2.36294e-05 2.06485e-10 5.23875e-05 3.30608e-05 2.47341e-05 2.63544e-05 0.000225804 4.17862e-05 0.000116384 1.09082e-05 
0.000414148 0.272126 0.00214205 2.16073e-05 0.000195628 3.88969e-07 0.000335478 7.20351e-05 0.458494 0.00271561 0.00608527 0.00976457 0.000282191 9.02992e-11 0.00470839 6.49866e-11 0.00129898 1.61823e-11 0.0107942 0.00117962 0.000282945 0.000180758 0.157606 0.00100577 0.0575128 0.0127817 
0.00767544 0.000455046 3.85936e-05 2.57965e-08 3.17394e-08 4.65883e-08 3.10691e-05 1.56315e-08 0.26795 0.267231 1.233e-06 0.000267008 0.227295 3.03783e-08 7.86102e-06 0.0012076 6.19271e-09 5.44401e-09 0.00657995 0.0489898 3.81902e-05 7.04696e-09 4.86542e-06 2.74731e-08 0.171955 0.000272116 
8.97083e-06 0.109397 3.7526e-05 4.3147e-09 8.30091e-06 5.86485e-06 2.17718e-05 0.000566217 0.858069 4.58562e-05 0.000179106 0.00130269 0.00011212 5.08104e-09 0.00777143 3.65672e-09 0.000224822 9.10561e-10 0.00569023 0.000598932 2.15756e-05 2.29891e-05 0.00560641 0.000451931 0.00984793 9.51801e-06 
3.98689e-06 0.686844 1.66787e-05 3.79334e-10 3.6876e-06 2.60396e-06 9.67556e-06 8.1832e-06 0.312723 2.03815e-05 7.96066e-05 7.15228e-06 1.18298e-05 4.46708e-10 5.4078e-05 3.21487e-10 9.16103e-06 8.00535e-11 2.03104e-05 1.28175e-05 9.58932e-06 1.02175e-05 8.75433e-05 1.62003e-05 4.51214e-05 4.22906e-06 
4.17398e-08 6.67464e-11 0.000583942 5.84188e-11 7.18772e-11 0.0111108 0.00255238 0.00136328 0.226689 0.00216267 3.29345e-08 0.000156646 2.24092e-07 7.76502e-09 0.524464 0.0014428 3.68457e-05 1.23285e-11 0.00705189 0.00136776 0.00110862 0.000401978 0.219507 1.37606e-07 4.89282e-08 1.03709e-07 
1.81445e-06 0.0490111 0.0152277 1.11795e-08 1.6894e-06 1.20327e-06 0.0801405 0.0346905 0.538966 0.00361667 0.0143696 0.0002551 0.0134996 1.3165e-08 2.45777e-05 9.47463e-09 0.000152217 2.35928e-09 0.0135351 5.82804e-06 4.36038e-06 4.64644e-06 3.97855e-05 7.3741e-06 0.236348 9.56703e-05 
6.86893e-06 0.639502 0.000526024 3.77051e-07 3.60866e-06 0.0665153 0.000289304 0.000184949 0.211797 0.00196332 0.00335026 6.79435e-05 0.000364828 4.44019e-07 0.0226269 7.65551e-05 0.000895445 7.95716e-08 0.00795172 7.56474e-05 3.16249e-05 0.000104475 0.0413977 0.000479384 0.00178389 4.37365e-06 
0.000130686 2.40335e-08 0.000160779 2.1035e-08 2.58809e-08 3.7989e-08 1.77654e-08 9.68838e-05 0.000272181 0.000269175 4.05135e-05 3.57737e-05 9.18742e-09 2.4771e-08 0.011695 0.00011946 1.26292e-05 4.43915e-09 0.268855 8.62629e-05 4.64406e-09 2.18414e-05 0.000146517 3.58657e-05 0.718021 1.90644e-08 
0.000119241 0.00159281 0.00880303 1.6073e-07 0.000780374 4.52178e-06 0.000422149 0.00130118 0.549126 0.000210707 0.000129421 0.000172341 0.193887 1.89278e-07 0.0856942 0.00247275 1.49292e-05 3.392e-08 0.0398302 2.0878e-05 0.00321168 0.0216641 0.000142308 0.000209631 0.090183 7.01925e-06 
0.00521188 0.000589424 0.00185778 8.04253e-05 4.34512e-09 6.37793e-09 4.09494e-06 6.02123e-07 0.298505 0.00213819 4.07311e-08 0.00324234 1.86091e-05 4.15877e-09 0.00529041 3.1967e-06 6.37097e-05 7.45284e-10 0.457842 0.000543439 1.05669e-05 2.88335e-06 1.37571e-05 0.205061 0.0195216 3.2007e-09 
4.06885e-07 9.99764e-05 0.00103826 3.66873e-10 4.73923e-06 2.66292e-07 0.00183666 0.000894684 0.762856 0.0117237 8.12283e-06 0.00292235 1.20722e-06 4.32034e-10 5.51797e-06 5.55356e-06 9.34838e-07 7.74237e-11 0.0082167 0.0198137 0.0117538 0.000720127 0.0302789 0.0339881 0.11382 1.04049e-05 
3.94949e-09 0.00339686 0.000433511 1.69103e-08 5.83195e-06 3.05399e-08 9.18881e-06 1.02468e-08 0.962182 0.012254 1.48376e-05 0.000814992 7.38589e-09 9.61591e-06 0.00140245 1.17546e-05 0.00025442 3.56869e-09 0.00775294 0.000521346 3.73342e-09 1.42386e-06 0.000219047 0.00355705 0.00714041 1.84786e-05 
0.000149655 0.000363321 2.1749e-05 3.28354e-06 4.04e-06 0.000562189 4.90283e-05 0.000188342 0.901539 0.00189372 5.10556e-06 0.00136302 3.28166e-05 3.86674e-06 0.0233081 0.000523298 0.000358575 6.92949e-07 0.0526633 8.97643e-07 7.24935e-07 6.25009e-06 0.00166271 2.27611e-05 0.0152703 2.97594e-06 
4.59197e-06 0.00112536 0.00300806 5.6335e-08 4.30396e-06 3.09159e-06 1.11595e-05 0.000256499 0.798703 2.34142e-05 0.19229 8.23546e-06 1.36109e-05 6.63408e-08 6.21155e-05 4.77441e-08 1.05348e-05 1.18888e-08 0.00426293 1.47361e-05 1.10256e-05 1.175e-05 0.000100546 1.86655e-05 5.18256e-05 4.90771e-06 
0.00241735 0.000185827 2.20805e-06 0.00124502 1.08845e-08 1.59766e-08 7.47141e-09 0.00023301 0.662258 0.00521692 2.39776e-06 0.00744066 0.00187256 1.04177e-08 5.80066e-06 7.4974e-09 0.000479395 1.86693e-09 0.291775 0.000377276 1.95311e-09 4.35342e-06 1.69596e-05 0.0259817 0.000481786 3.47252e-06 
3.94949e-09 0.00339686 0.000433511 1.69103e-08 5.83195e-06 3.05399e-08 9.18881e-06 1.02468e-08 0.962182 0.012254 1.48376e-05 0.000814992 7.38589e-09 9.61591e-06 0.00140245 1.17546e-05 0.00025442 3.56869e-09 0.00775294 0.000521346 3.73342e-09 1.42386e-06 0.000219047 0.00355705 0.00714041 1.84786e-05 
0.000669187 0.000146309 0.0015101 9.76627e-08 1.20162e-07 1.76378e-07 1.68053e-05 3.00547e-05 0.706107 0.0523256 2.99383e-06 0.00291135 1.1934e-05 1.15009e-07 0.000187272 0.000271863 2.34449e-08 2.06104e-08 0.076861 0.0199375 0.00107014 0.000861692 0.132814 4.48941e-05 0.00415228 6.73844e-05 
0.00293259 0.230164 0.000503292 0.000751222 1.68452e-06 5.79486e-07 0.000203014 0.000244878 0.102793 0.00851762 0.0140139 0.00061876 0.00101903 4.36793e-12 0.00333926 3.14351e-12 5.27082e-05 7.82766e-13 0.00173817 0.00518858 0.000971918 5.76191e-05 0.459939 0.000719939 0.0882788 0.0779513 
0.00568829 0.105592 0.0292466 1.19676e-08 1.47247e-08 2.16135e-08 1.01074e-08 0.000633523 0.287689 4.47024e-06 0.000214559 7.65393e-06 0.000542339 0.00011461 0.000948011 1.01426e-08 0.00201825 2.52561e-09 0.0823694 4.69598e-05 0.000240037 0.00168271 0.164362 0.000682206 0.315258 0.00265854 
0.00062782 0.0311046 5.24235e-06 1.1923e-10 1.15906e-06 8.18462e-07 3.04116e-06 2.57209e-06 0.826605 6.40617e-06 2.50214e-05 0.00112627 3.71827e-06 1.40407e-10 1.69974e-05 1.01048e-10 2.87944e-06 2.51619e-11 6.38384e-06 4.02872e-06 3.01406e-06 3.2115e-06 2.75161e-05 5.09199e-06 0.140418 1.32925e-06 
1.76618e-07 0.0839949 7.38796e-07 1.12041e-10 1.63456e-07 1.15512e-07 4.28652e-07 3.62526e-07 0.840711 0.00192694 3.52612e-06 0.00103221 5.24034e-07 1.3194e-10 2.39535e-06 3.76521e-07 0.00101344 2.36447e-11 0.0164797 0.00766186 4.24772e-07 0.000305399 3.87767e-06 0.00138461 0.0454761 1.87409e-07 
7.51656e-05 0.0873343 0.00352174 4.20463e-07 6.99422e-05 4.97764e-05 0.00018253 0.000154332 0.096432 0.007374 0.0206514 0.00276537 0.000222924 4.95143e-07 0.657703 3.56344e-07 0.000617873 8.87333e-08 0.0102017 0.000241454 0.000180648 0.000192498 0.0846458 0.000305476 0.0269962 8.00035e-05 
2.25485e-09 2.30815e-06 0.272779 9.65442e-09 1.18786e-08 1.74358e-08 9.44159e-06 1.06545e-05 0.00188437 3.802e-08 0.0019692 2.56401e-06 4.21675e-09 1.13692e-08 4.3813e-07 7.65482e-07 2.31764e-09 2.03744e-09 7.27815e-07 2.63929e-09 7.99004e-07 2.83057e-07 4.41119e-07 1.02819e-08 0.723245 9.35847e-05 
0.000397881 1.09302e-06 4.73161e-05 9.56653e-07 1.17705e-06 0.0012558 0.000105089 5.96113e-05 0.989103 6.11476e-05 0.00201306 0.00584783 7.11691e-05 1.12657e-06 0.000374337 7.08937e-05 1.1651e-05 2.01889e-07 0.000264644 2.61526e-07 2.11208e-07 1.23298e-05 0.000180409 4.44495e-05 7.35491e-05 8.67034e-07 
0.00123215 0.00205852 0.000455653 0.0210514 1.09611e-06 9.98102e-08 7.45291e-06 7.09905e-07 0.537852 0.00534427 2.60943e-06 0.00513868 2.41385e-08 6.5082e-08 3.39149e-05 0.000196371 9.97873e-06 1.16632e-08 0.055007 8.14297e-07 0.00399478 0.000732471 0.00423509 0.362639 5.73304e-06 5.00887e-08 
0.000699807 7.60121e-06 1.77174e-06 6.65285e-06 0.000267065 1.2015e-05 5.61877e-06 4.03131e-06 8.90821e-05 4.05937e-05 8.72673e-06 2.51375e-06 1.05895e-05 7.83447e-06 3.45307e-05 1.50987e-05 1.59708e-06 1.404e-06 3.43597e-05 1.81873e-06 0.903068 0.000454953 0.0101251 7.08524e-06 0.0850866 6.02961e-06 
0.000499451 0.00237851 1.07943e-05 1.06722e-07 6.09568e-07 0.000144822 0.000679117 7.13086e-06 0.749673 0.000104091 1.02508e-05 0.000517879 5.16585e-05 1.25677e-07 0.00107953 9.04475e-08 0.000197989 2.25223e-08 0.24402 2.98893e-05 5.11713e-05 0.000152512 0.000233432 0.000132109 2.48786e-05 9.67245e-08 
0.0467637 0.00174776 0.0436625 1.39638e-06 1.71808e-06 0.000450467 0.00218282 0.00252709 0.377131 0.0149704 0.00275052 0.00662298 0.00401387 1.6444e-06 0.0075832 0.00754634 4.41482e-06 2.94688e-07 0.38199 3.8294e-05 3.08291e-07 4.69221e-06 6.45072e-05 1.70002e-05 0.0988769 0.00104544 
3.63611e-07 0.509442 1.52113e-06 3.45959e-11 3.36315e-07 2.37486e-07 8.82427e-07 7.46321e-07 0.458723 0.00557831 7.26025e-06 0.00195755 1.0789e-06 4.07405e-11 4.932e-06 2.93202e-11 8.35501e-07 7.30101e-12 0.0131535 1.16898e-06 8.74562e-07 9.31853e-07 7.98409e-06 1.4775e-06 0.011115 3.85697e-07 
3.43569e-06 8.81035e-06 1.34946e-07 4.086e-09 0.000381245 7.37929e-09 0.00144196 4.81104e-07 0.982014 6.88941e-06 3.3129e-06 0.00043824 1.78464e-09 4.81172e-09 5.19974e-07 1.19488e-05 1.54948e-06 8.62296e-10 0.0042088 0.000136748 9.021e-10 0.000225811 0.00366434 0.000282086 0.00716984 3.70322e-09 
1.54863e-07 0.342565 6.5433e-05 1.47345e-11 1.43237e-07 1.01146e-07 0.00105269 3.1786e-07 0.64325 7.91676e-07 3.09216e-06 0.00158382 4.59505e-07 1.73515e-11 2.10055e-06 1.24875e-11 0.00156606 3.10951e-12 0.00757439 4.97871e-07 3.72478e-07 3.96878e-07 3.40044e-06 0.00232892 1.75265e-06 1.64269e-07 
0.482313 3.21737e-10 0.000577609 2.81596e-10 3.4647e-10 5.08561e-10 2.37826e-10 1.70634e-10 7.79033e-07 0.000443944 2.40368e-06 1.064e-10 1.17748e-06 8.21475e-06 0.455422 2.38654e-10 7.14402e-08 5.94271e-11 0.00136675 7.69817e-11 0.00609146 8.20863e-09 0.0395438 2.99898e-10 0.014228 1.3402e-06 
0.000348297 0.0259649 8.94244e-05 1.11641e-05 8.90916e-07 6.30563e-07 0.000222722 5.49693e-05 0.658523 0.00263029 0.00191814 0.0161142 0.000216588 1.93067e-09 1.30374e-05 1.38946e-09 0.00314879 3.45991e-10 0.000329507 0.0227067 0.000208328 0.000305483 0.210915 0.000157446 0.0547658 0.0013544 
4.9017e-07 0.241046 2.05057e-06 4.66374e-11 4.53373e-07 3.20146e-07 0.000833884 1.00609e-06 0.594647 2.50581e-06 9.78727e-06 0.00219923 1.45442e-06 2.14246e-07 6.64864e-06 3.95254e-11 1.12631e-06 9.84221e-12 0.0172323 1.57586e-06 1.17896e-06 1.2562e-06 0.0645891 0.00119704 0.0782249 5.19944e-07 
1.05073e-05 0.0878145 0.00101265 4.7604e-08 9.76578e-06 6.9397e-06 2.55125e-05 0.00399451 0.811431 5.3664e-05 0.000209589 0.0183702 0.000207827 5.6059e-08 0.00315573 4.03445e-08 0.00033345 1.00462e-08 0.0103508 0.0011604 2.52564e-05 0.00452982 0.00805672 0.000488979 0.0487408 1.11762e-05 
2.39678e-05 0.00586057 9.98917e-05 5.2972e-07 2.27036e-05 1.65262e-05 5.83125e-05 4.92612e-05 0.818291 0.000121955 0.000476186 4.29753e-05 7.09815e-05 0.0133179 0.000323496 0.012029 5.49164e-05 1.11791e-07 0.000121552 7.68025e-05 5.74678e-05 0.0683388 0.078454 9.74518e-05 0.000269897 0.00172382 
4.17398e-08 6.67464e-11 0.000583942 5.84188e-11 7.18772e-11 0.0111108 0.00255238 0.00136328 0.226689 0.00216267 3.29345e-08 0.000156646 2.24092e-07 7.76502e-09 0.524464 0.0014428 3.68457e-05 1.23285e-11 0.00705189 0.00136776 0.00110862 0.000401978 0.219507 1.37606e-07 4.89282e-08 1.03709e-07 
1.28061e-06 0.000314518 5.35475e-06 3.67572e-09 1.18808e-06 8.42281e-07 3.10882e-06 2.62893e-06 0.967914 0.00389847 2.55539e-05 0.000952464 3.79888e-06 1.27964e-06 1.73593e-05 3.11519e-09 0.00270761 7.75713e-10 0.00719388 0.00643197 3.07892e-06 0.0104727 2.81013e-05 5.20403e-06 1.44841e-05 1.36073e-06 
4.17398e-08 6.67464e-11 0.000583942 5.84188e-11 7.18772e-11 0.0111108 0.00255238 0.00136328 0.226689 0.00216267 3.29345e-08 0.000156646 2.24092e-07 7.76502e-09 0.524464 0.0014428 3.68457e-05 1.23285e-11 0.00705189 0.00136776 0.00110862 0.000401978 0.219507 1.37606e-07 4.89282e-08 1.03709e-07 
0.00257476 0.558774 0.120889 1.14863e-07 0.000134028 2.29498e-06 0.000355443 1.55525e-05 0.215275 0.00473823 0.0038601 1.70821e-05 0.0036494 1.35265e-07 0.00203971 9.73472e-08 3.7775e-05 2.42404e-08 0.000258269 6.29518e-05 4.41072e-05 0.000681648 0.0109872 3.32732e-05 0.0755653 4.72734e-06 
7.89668e-13 3.86304e-12 4.33542e-09 3.38107e-12 4.17526e-08 3.0397e-08 0.999507 6.06816e-08 2.68314e-05 4.68609e-05 9.57076e-06 1.69226e-09 2.22404e-06 2.35882e-10 1.74792e-05 2.86547e-12 8.30864e-06 7.1353e-13 5.7331e-09 0.000360013 9.57234e-10 5.70322e-07 2.12535e-05 3.60081e-12 4.16336e-08 3.06433e-12 
3.16164e-08 0.000445305 2.93726e-05 1.3537e-07 1.66556e-07 2.44477e-07 1.75344e-05 0.00292516 0.982428 2.6581e-05 1.6586e-06 4.01187e-05 5.91253e-08 1.59413e-07 1.70414e-06 1.14726e-07 0.0005043 2.8568e-08 0.00895264 0.00237969 0.000202446 0.000257859 0.00127818 0.000492402 1.58281e-05 1.22688e-07 
0.0186471 1.18608e-05 0.079872 3.41469e-10 2.31117e-06 2.59072e-06 1.0385e-06 5.75243e-06 0.00379645 4.62107e-06 1.40264e-06 2.14694e-05 9.0992e-07 4.02118e-10 0.0452397 3.64668e-06 8.19731e-11 7.20625e-11 0.0278978 9.33496e-11 1.69633e-06 9.32808e-11 0.0124369 4.00391e-07 0.812052 3.0948e-10 
1.6442e-08 0.000161081 1.23859e-05 7.8989e-06 8.66167e-08 1.27139e-07 6.67113e-06 3.60035e-05 0.485474 6.45691e-05 0.000115235 0.0303784 0.0226724 8.2902e-08 3.10766e-06 3.85092e-06 1.881e-05 1.48567e-08 0.00108484 1.92453e-08 1.55425e-08 1.92311e-08 0.000993362 7.74927e-05 0.458872 1.72948e-05 
1.5622e-05 4.61849e-05 3.57333e-06 2.18373e-06 2.81971e-06 1.1552e-05 0.0101409 0.0103296 0.115633 0.0437938 0.000873682 0.0598364 0.013358 2.57158e-06 0.00030028 1.85072e-06 5.2178e-06 4.60847e-07 0.68809 0.00400405 0.0146383 0.036145 6.50059e-05 9.22805e-06 0.00268929 1.97915e-06 
5.18272e-05 0.000772937 1.43038e-05 3.79889e-06 5.12207e-06 3.25068e-05 3.20841e-06 8.92108e-06 0.845576 0.00064014 1.01588e-05 0.000180702 5.00059e-05 4.47361e-06 0.0295393 3.21957e-06 1.67332e-05 8.01705e-07 0.114849 2.90095e-05 0.000272159 0.000143874 0.00755768 0.000162087 6.83503e-05 3.44301e-06 
2.1227e-05 1.5784e-08 3.74538e-06 1.38147e-08 1.69973e-08 7.53921e-06 0.00013065 6.66079e-07 0.713446 0.000763626 2.57412e-05 2.12416e-06 3.98149e-05 0.000182158 3.92132e-05 2.36253e-06 2.36287e-06 2.91541e-09 0.205872 5.41561e-05 0.00190433 1.11557e-05 0.0774796 1.47125e-08 1.11243e-05 1.25205e-08 
4.69151e-05 0.000138614 1.06909e-05 6.37488e-06 8.24302e-06 3.43831e-05 5.38401e-06 9.76557e-06 0.0320759 8.76527e-05 9.50868e-06 0.000162271 0.000743209 7.50713e-06 0.000902609 5.40273e-06 1.56391e-05 1.34533e-06 0.965032 2.66862e-05 4.41334e-05 0.000129117 0.000195394 2.75376e-05 0.000268139 5.77768e-06 
0.303263 0.0074307 0.00385903 0.000117587 5.59924e-08 8.21877e-08 3.84348e-08 0.000752078 1.425e-05 7.96245e-06 8.42628e-07 0.075296 6.52211e-06 5.35911e-08 2.02864e-06 3.85685e-08 2.41124e-06 9.60393e-09 0.609005 1.24409e-08 0.000226988 1.52989e-06 5.91754e-06 4.30792e-06 2.357e-06 1.24953e-06 
1.71363e-07 0.00178404 3.42674e-06 1.22487e-11 1.52213e-09 8.62945e-08 1.03449e-11 2.2274e-08 0.0398667 0.00396874 3.2253e-08 6.0305e-07 1.62642e-07 1.44243e-11 0.273841 1.03809e-11 5.3225e-08 2.58494e-12 0.612161 9.40967e-08 0.00090275 4.80498e-07 0.0671568 8.6188e-05 0.000227359 1.11013e-11 
0.0357764 0.0544839 0.000226118 0.000150371 1.08925e-05 7.69823e-06 0.00013375 0.000147267 0.667921 0.00369271 0.00404895 0.000302624 0.000497308 9.63033e-09 0.00015961 6.93076e-09 2.70401e-05 1.72583e-09 0.000720068 0.00201754 0.000461438 3.01585e-05 0.187977 0.000399072 0.0368887 0.00392054 
0.00224251 7.26462e-07 1.69328e-07 6.35825e-07 7.82305e-07 1.1483e-06 5.36996e-07 3.8528e-07 0.00904736 0.00107829 0.000143593 2.40244e-07 0.00499904 7.48755e-07 0.000562096 5.38864e-07 0.000274898 1.34183e-07 0.00267473 0.976205 0.000463383 0.000364926 0.00119286 6.77149e-07 0.000282936 0.000461585 
1.09333e-07 0.330521 4.57384e-07 1.04026e-11 1.01126e-07 7.14091e-08 0.000584002 0.000269516 0.623587 0.00307465 2.18307e-06 0.00331493 3.24412e-07 1.22502e-11 1.48299e-06 8.81621e-12 0.00115589 2.19532e-12 0.0208315 3.51498e-07 2.6297e-07 2.80197e-07 2.40072e-06 0.003288 0.0133649 1.15974e-07 
2.25485e-09 2.30815e-06 0.272779 9.65442e-09 1.18786e-08 1.74358e-08 9.44159e-06 1.06545e-05 0.00188437 3.802e-08 0.0019692 2.56401e-06 4.21675e-09 1.13692e-08 4.3813e-07 7.65482e-07 2.31764e-09 2.03744e-09 7.27815e-07 2.63929e-09 7.99004e-07 2.83057e-07 4.41119e-07 1.02819e-08 0.723245 9.35847e-05 
1.07498e-07 2.64184e-05 0.00287857 1.02279e-11 9.94281e-08 7.02103e-08 2.60881e-07 2.20642e-07 0.238257 0.028192 2.14642e-06 1.92846e-07 3.18965e-07 1.20445e-11 0.0365998 8.6682e-12 2.47007e-07 2.15847e-12 0.0198794 3.45597e-07 0.00193942 0.00135019 0.625275 4.36807e-07 0.0450154 0.000581652 
4.17398e-08 6.67464e-11 0.000583942 5.84188e-11 7.18772e-11 0.0111108 0.00255238 0.00136328 0.226689 0.00216267 3.29345e-08 0.000156646 2.24092e-07 7.76502e-09 0.524464 0.0014428 3.68457e-05 1.23285e-11 0.00705189 0.00136776 0.00110862 0.000401978 0.219507 1.37606e-07 4.89282e-08 1.03709e-07 
1.93619e-06 0.00371713 3.84618e-07 5.9173e-09 2.42966e-08 9.84781e-07 1.31245e-06 2.54995e-07 0.760981 3.70371e-06 3.65035e-07 0.0109135 1.8389e-06 1.01639e-05 3.84092e-05 5.01493e-09 6.02347e-07 1.24877e-09 0.180795 1.06402e-06 1.82111e-06 5.42684e-06 0.0363274 0.000239666 0.00695735 5.36296e-09 
6.67306e-06 0.314197 2.70355e-05 1.23948e-06 7.42877e-06 6.40679e-06 1.65386e-05 1.38534e-05 0.678105 3.27725e-05 0.000127651 0.00390317 0.0020949 0.00102303 8.67518e-05 1.05046e-06 1.49658e-05 2.61575e-07 3.27094e-05 2.08618e-05 1.56277e-05 1.66985e-05 0.000140251 2.7259e-05 7.23348e-05 7.89428e-06 
1.53287e-07 0.124353 0.00115491 1.45846e-11 1.4178e-07 0.000330486 0.00074438 0.000944195 0.745598 0.0080721 0.0137762 0.00566506 4.54831e-07 8.24571e-08 0.0187147 1.23605e-11 3.52222e-07 3.07788e-12 0.0112456 4.92806e-07 3.68689e-07 3.92841e-07 3.36585e-06 6.22868e-07 0.0693944 1.62598e-07 
1.48059e-06 0.000360721 0.0144695 5.60379e-08 0.00160475 1.05945e-06 3.60869e-06 0.450466 0.0933314 0.0712183 0.0167781 2.65381e-06 4.37885e-06 6.59909e-08 0.119825 0.0180912 0.00241011 1.18261e-08 0.0354177 4.73329e-06 3.54208e-06 0.0184663 3.22274e-05 6.02272e-06 0.1575 1.60734e-06 
3.52308e-05 0.00864744 0.000147248 1.94784e-07 3.27802e-05 2.33269e-05 8.55528e-05 7.23363e-05 0.888562 0.0373087 0.000702592 6.31943e-05 0.000104487 2.29379e-07 0.0385308 1.6508e-07 8.08961e-05 4.11065e-08 0.00701704 0.000113173 8.46723e-05 0.00198943 0.00077262 0.000143179 0.0154453 3.74968e-05 
1.09333e-07 0.330521 4.57384e-07 1.04026e-11 1.01126e-07 7.14091e-08 0.000584002 0.000269516 0.623587 0.00307465 2.18307e-06 0.00331493 3.24412e-07 1.22502e-11 1.48299e-06 8.81621e-12 0.00115589 2.19532e-12 0.0208315 3.51498e-07 2.6297e-07 2.80197e-07 2.40072e-06 0.003288 0.0133649 1.15974e-07 
0.000528063 0.10163 3.98321e-05 2.15296e-08 0.000270879 6.25517e-06 2.31214e-05 1.95529e-05 0.796882 0.0109732 0.000190093 1.70865e-05 7.04671e-05 2.53535e-08 0.000129134 1.82464e-08 0.000444189 4.54354e-09 0.0463192 0.0151129 2.29026e-05 0.00314128 0.000209043 3.87062e-05 0.0239218 1.01171e-05 
