0.033812 0.000267215 0.000231372 4.81838e-08 2.9784e-05 8.25376e-06 0.000267616 2.76135e-05 0.264149 0.00521245 2.65064e-05 0.000647274 0.000149104 4.95417e-11 0.0914268 0.000262838 0.00109704 0.00119962 0.520155 0.00218608 0.00887643 0.0383535 0.0293991 0.000369019 0.00184596 5.26399e-07 
0.0375595 0.000265387 0.000780188 0.000726142 0.00346779 7.81107e-07 4.54979e-05 0.000191717 0.0574389 0.0632793 0.00126041 0.00946273 0.00119531 0.000360677 0.022269 0.00529482 0.00535651 0.0713141 0.487837 0.11497 0.0281383 0.00637351 0.0443402 2.95608e-05 0.0374476 0.000594709 
1.88167e-05 9.7401e-08 0.000222309 5.21493e-11 4.58262e-08 1.70454e-08 0.00112154 0.000189978 0.0316517 0.00672362 8.05129e-05 7.50031e-05 0.000355601 6.14116e-11 0.0258822 4.41967e-11 1.85306e-06 0.000315689 0.516572 1.85022e-08 0.00100995 0.00013698 0.413735 1.54341e-08 0.00190682 2.1525e-08 
0.0124437 4.85328e-06 0.00124339 1.91647e-07 4.59564e-05 6.72791e-05 0.00314702 0.000105899 0.00744796 0.0226165 0.0325592 0.0152988 1.34675e-07 1.05898e-08 0.00349226 0.00056369 3.71126e-05 0.00704016 0.562219 0.000219459 0.0082552 0.0109471 0.269763 5.94131e-10 0.0382069 0.00427588 
0.00198375 1.61096e-06 0.00144601 8.00495e-06 3.30166e-06 0.000142025 4.6763e-05 1.69762e-05 0.0341814 0.00219943 0.000232423 0.000641569 0.000628984 0.000328897 0.0385059 6.14419e-05 7.97433e-05 0.0161438 0.374939 0.00255554 0.00466497 0.180989 0.214337 1.00602e-05 0.125847 5.15318e-06 
0.0327762 1.16712e-07 0.00129943 2.93691e-08 2.93917e-05 4.62324e-05 0.00187946 0.012282 0.0145924 0.0261229 0.00153662 0.00623164 0.0296265 0.0275163 0.186963 0.00144995 2.64473e-05 0.0107615 0.509187 0.0116318 0.00154086 0.00097672 0.0653814 8.71977e-06 0.0581304 3.16508e-06 
0.00330096 3.63923e-06 4.88692e-07 7.76426e-11 9.55298e-11 1.402e-08 2.84239e-07 2.01564e-07 0.00056377 0.112976 5.61945e-08 0.00129085 3.39119e-11 6.22087e-07 0.00381564 0.0139613 3.20899e-05 1.17461e-06 0.639789 4.696e-07 0.00402149 0.20636 0.0113515 6.39117e-06 0.00127041 0.00125363 
0.00811828 3.04087e-05 0.0165563 0.000162044 0.000493094 5.06156e-05 0.000127152 0.00107395 0.033689 0.0412086 0.0193054 0.186963 0.0190917 0.000166081 0.0645737 0.00306196 0.00453746 0.0556647 0.193327 0.117578 0.0110916 0.155607 0.0507369 2.82539e-06 0.0166701 0.00011342 
0.0235679 0.000958847 0.0005738 4.71442e-06 4.26522e-06 1.89706e-07 0.000866069 2.05142e-06 0.223666 0.0519346 0.0113869 0.000211944 0.00534444 1.84809e-05 0.0131509 0.0249963 0.000274553 0.000537943 0.51752 4.12888e-05 0.0592176 0.0028684 0.0394725 0.000101288 0.0231794 9.92925e-05 
0.015389 7.7885e-05 0.00150288 1.9992e-07 3.01648e-05 0.000366997 0.00174768 6.17711e-05 0.00544761 0.0198294 0.00459694 0.00121447 0.004611 0.00612236 0.0761143 0.000607687 0.000107633 0.0046689 0.377038 0.362884 0.0084746 0.0113411 0.0814294 1.58858e-06 0.0162871 4.76802e-05 
0.00842012 0.000177868 0.0224711 2.6739e-08 2.2978e-05 8.36477e-05 0.00865292 0.00360454 0.00737039 0.0978652 8.82046e-05 0.00380096 0.0298011 3.14882e-08 0.0640349 0.00180819 4.83796e-05 0.00970316 0.48495 0.00639786 0.0205673 0.0432265 0.0771688 0.00199103 0.107677 6.81433e-05 
0.0590328 7.10461e-05 0.000666907 8.6513e-08 1.86886e-06 7.76048e-05 5.60805e-05 1.61413e-05 0.0086562 0.166166 0.000392487 0.00794587 0.109074 0.000305044 0.0694732 0.00013468 8.00197e-05 0.0649404 0.273965 0.0132133 0.016861 0.0233825 0.170946 1.21112e-06 0.0142019 0.000338826 
0.0214541 0.00192433 0.00503368 0.000203094 0.000457085 0.000232043 0.000401044 0.000554474 0.0261931 0.283018 0.00869215 0.0117237 0.00610673 0.00649782 0.0182131 0.00669272 0.000680583 0.0235535 0.341713 0.00927423 0.0129784 0.0712077 0.0955577 8.30572e-05 0.0431262 0.00442895 
0.00853746 5.5208e-05 0.000137041 2.09993e-06 7.59187e-05 0.000140072 0.000148971 0.000587816 0.0216628 0.091669 0.0012815 0.00950221 0.000656729 1.73965e-06 0.0237855 0.00257803 0.000945097 0.00269789 0.666234 0.0594059 0.00410512 0.0278713 0.0703075 0.00149404 0.00609589 2.08418e-05 
0.00385969 4.56756e-07 0.000309067 2.27687e-05 2.70623e-05 8.46327e-06 3.23123e-05 1.88856e-05 0.000870129 0.084255 0.000853445 0.000322644 0.00015169 0.00056379 0.0167606 0.000257259 1.62684e-05 0.0052566 0.572578 0.00516293 0.0268089 0.00334625 0.277072 2.34956e-05 0.0014033 1.84686e-05 
0.00424692 6.98552e-07 7.9289e-06 3.65631e-05 3.01755e-05 0.000164175 0.000229811 0.000283383 0.0162559 0.0100014 4.74854e-05 3.44783e-05 3.30133e-05 0.00467786 0.00239825 0.0281061 1.43727e-06 0.0043593 0.770396 3.71083e-05 0.0151598 0.113372 0.0298973 1.84744e-05 0.000166107 3.77292e-05 
0.00520852 3.74083e-05 0.00196657 0.00811418 0.00388475 0.000341322 0.00176455 0.00448608 0.0671802 0.0868923 0.0115119 0.00758718 0.00258928 0.00579864 0.0387214 0.00222071 0.00433711 0.0619791 0.366458 0.00897231 0.0147579 0.0410838 0.22108 1.3344e-05 0.0322398 0.00077385 
2.78663e-05 2.57106e-08 0.0238724 5.00672e-12 3.54159e-08 5.58141e-06 0.00129446 0.00478321 0.00750527 0.00703779 9.17901e-05 0.000384082 0.000106307 5.89597e-12 0.0400638 0.000351778 5.21239e-05 0.000213669 0.564694 0.00044523 0.000318925 0.00069902 0.341046 6.14835e-07 0.00700603 5.74069e-09 
0.201183 0.000329508 0.00139317 5.47613e-11 6.66543e-07 5.91644e-05 0.000428014 0.000255902 0.0244031 0.00547125 4.16991e-07 0.00283582 0.00707811 6.44875e-11 0.0936578 2.82721e-05 2.34118e-05 0.00237976 0.504366 0.00891806 0.0229314 0.0431245 0.0716524 6.29698e-07 0.00948012 4.96313e-11 
0.0205815 0.000261596 0.00134926 8.15698e-05 6.7308e-05 0.00083878 8.75712e-08 1.05374e-05 0.00265485 0.196559 2.90347e-06 0.0570105 0.00324555 0.000641938 0.0374642 0.00160758 0.00432304 0.143661 0.429465 0.00275339 0.0128094 0.0257872 0.0575915 0.000209541 0.000830087 0.000192776 
2.78663e-05 2.57106e-08 0.0238724 5.00672e-12 3.54159e-08 5.58141e-06 0.00129446 0.00478321 0.00750527 0.00703779 9.17901e-05 0.000384082 0.000106307 5.89597e-12 0.0400638 0.000351778 5.21239e-05 0.000213669 0.564694 0.00044523 0.000318925 0.00069902 0.341046 6.14835e-07 0.00700603 5.74069e-09 
0.00332957 1.45142e-09 0.000133087 1.76746e-12 1.48047e-06 3.62547e-05 0.000210254 3.24658e-05 0.000429379 0.0168852 1.01154e-05 0.000584032 3.94824e-09 1.32072e-07 0.05242 2.66694e-05 2.65807e-05 0.000488163 0.801005 0.0752982 0.00445587 0.00909887 0.0350732 9.35207e-06 0.000445718 1.14277e-08 
0.00749917 4.14091e-05 0.00359525 0.00427672 4.94058e-05 0.000173702 2.73501e-06 0.000475457 0.00342882 0.0886919 0.00143415 0.000761029 1.97259e-08 2.68881e-11 0.0528196 0.000149017 2.52483e-05 0.0355187 0.594732 0.00206797 0.0220814 0.00943863 0.151837 0.000152922 0.0206353 0.00011189 
0.0181771 2.52334e-05 0.00116351 0.145543 2.85416e-05 1.7346e-05 4.03232e-05 0.00220197 0.158497 0.195148 0.00449312 0.0340817 0.00232428 8.64651e-08 0.0470936 0.00108366 3.70273e-05 0.0028045 0.253164 0.00903278 0.00363092 0.00226602 0.0835982 0.000102516 0.0352443 0.000200935 
0.00120616 6.14164e-07 0.000408616 4.50958e-06 3.12361e-06 0.000234315 0.000969916 0.00186414 0.0118729 0.321276 0.00140412 0.0365685 0.00117031 6.82861e-05 0.0368056 0.000170533 0.000104898 0.00500056 0.400767 0.0465013 0.0103151 0.0130014 0.103991 2.00306e-05 0.00626217 9.45333e-06 
0.0608651 2.76172e-09 3.19469e-06 1.27008e-06 0.000374599 2.27545e-07 8.92512e-05 2.62862e-05 0.00199727 0.220547 5.9782e-09 0.00135085 0.00020647 0.00353265 0.0141437 0.00191203 4.28743e-09 0.0898617 0.409287 0.00123913 0.0723247 0.0244911 0.0955297 9.30906e-07 0.00221592 2.79219e-08 
0.0127896 1.0392e-07 0.0113984 7.13982e-07 0.000155812 5.40999e-06 0.00189101 0.00121634 0.00409556 0.0142113 0.000756414 0.0011895 0.0939174 1.43397e-07 0.22218 0.0067321 0.0169993 0.00796744 0.318482 0.0947308 0.0124371 0.083456 0.0812038 2.7003e-06 0.0140667 0.000114347 
0.00329557 2.99348e-07 5.33445e-05 1.65585e-12 1.82129e-05 2.30884e-09 0.000583641 0.000192062 0.00446361 0.0265803 3.22953e-05 0.00284257 7.02369e-09 1.94995e-12 0.0586248 1.6131e-08 0.000238711 0.00108722 0.711119 0.133787 0.00142968 0.00273671 0.0519819 0.000136125 0.000797135 1.47898e-08 
0.0310415 0.00134684 0.00359327 1.57104e-08 9.86767e-05 1.34668e-07 0.00024465 6.00901e-05 0.0092145 0.107139 4.8451e-07 0.0205509 0.00684755 0.000736193 0.0141932 0.000234634 6.52045e-06 0.000769633 0.481943 0.00126556 0.00995883 0.00389681 0.255369 1.99495e-05 0.0514696 1.95662e-11 
0.000724246 1.21277e-09 2.6901e-06 1.06146e-09 1.30599e-09 5.37358e-07 4.09287e-08 6.43194e-10 0.022305 1.95187e-07 2.36636e-07 0.000194737 0.000220821 1.24998e-09 0.000719305 8.99589e-10 0.0027511 5.22228e-07 0.972611 7.96236e-07 0.00025349 0.000213042 4.99767e-07 1.13044e-09 1.38482e-06 9.6202e-10 
0.000753549 0.000465178 0.0075816 0.000643621 0.000114902 1.40716e-06 9.86578e-06 2.25782e-05 0.0956303 0.0312365 4.34063e-06 0.00163123 0.000502406 1.83838e-05 0.00769322 1.83063e-05 0.000131849 0.00251856 0.736127 0.0302731 0.00343569 0.00372402 0.0203892 0.0365972 0.0199993 0.000477075 
0.036082 5.98032e-05 0.00548421 1.30768e-08 0.000135612 4.01974e-05 9.87925e-06 0.00367358 0.0300134 0.133395 0.00511946 0.0318345 0.000551782 0.00792222 0.0577463 0.000137864 9.7919e-05 0.0106613 0.414128 0.0122709 0.00674294 0.00369602 0.179957 2.37933e-05 0.0554129 0.0048025 
0.0037377 2.08868e-05 3.55666e-05 7.61221e-08 0.000234348 4.21577e-06 0.000747368 8.27976e-05 0.23837 0.10764 0.00533545 0.0393063 6.05204e-06 1.11214e-05 0.000931636 0.000107572 0.000335212 0.0185825 0.460739 0.00426574 0.0207178 0.0219805 0.0263586 4.21842e-07 0.0273722 0.0230764 
0.00423043 8.44533e-05 0.0202696 2.72211e-07 2.39033e-05 2.1178e-05 0.00209716 0.000207604 0.0208068 0.0658357 0.00192848 0.00237015 0.000176998 1.34192e-07 0.0548862 0.0108967 1.10275e-05 0.0119422 0.580907 0.000394091 0.0665242 0.0488837 0.0970186 0.00030245 0.00832891 0.00185231 
0.00265742 0.000432391 0.000803305 1.29947e-09 0.000277475 0.000451476 0.000887651 0.000273741 0.157585 0.128009 0.0200222 0.0110203 0.0328453 4.38133e-05 0.049785 0.00821638 0.0111061 0.00598692 0.3221 0.0157191 0.00358342 0.170788 0.0506647 1.55707e-05 0.00670427 2.10487e-05 
0.00797937 1.53063e-11 0.000283344 1.33966e-11 4.33893e-05 1.08039e-05 0.00121641 0.00106802 0.00165415 0.0110316 3.63512e-05 0.000946548 3.17739e-05 4.41664e-07 0.080041 8.14359e-05 3.71215e-05 0.00144457 0.396233 0.395345 0.015451 0.00747487 0.0755721 8.35942e-06 0.00398744 2.1049e-05 
0.020971 3.05038e-06 0.00200044 7.44701e-06 1.65239e-10 0.0450663 0.000799805 0.00513299 0.211308 0.0166164 0.00999085 0.00186728 0.0373616 0.000211502 0.0995839 0.000191387 8.77665e-05 0.000542512 0.266878 0.107056 0.000894917 0.00229108 0.147081 1.5451e-05 0.0240052 3.65102e-05 
0.00218539 0.0120534 0.00620167 2.04916e-05 6.1824e-09 2.55762e-05 0.000163349 0.000146592 0.201879 0.0167309 0.000155756 0.00949508 0.00184002 0.0214726 0.0221273 0.000204926 0.000368009 3.26475e-06 0.629902 0.00543568 8.30452e-06 0.00346581 0.0310512 0.00058883 0.034458 1.67984e-05 
0.0197665 1.62561e-07 8.55654e-06 0.0897036 5.48248e-06 1.72491e-08 4.56316e-05 5.78749e-09 0.330348 0.0617404 7.29866e-05 2.60192e-05 7.16035e-06 1.12474e-08 1.78137e-05 1.93559e-05 0.000285457 0.0102277 0.363726 1.46707e-05 0.00202626 0.0146244 0.103578 2.9288e-07 0.00374693 7.82775e-06 
0.00796605 1.1919e-08 0.00102116 3.56662e-09 6.19092e-05 9.19653e-09 0.000114903 0.000587997 0.000278015 0.214646 0.00350295 0.00132772 0.000517209 8.07118e-12 0.0183023 0.00134208 7.81811e-06 0.0021258 0.471561 9.09938e-05 0.0033784 0.0378132 0.212963 1.12453e-08 0.0223914 3.60715e-08 
0.00709552 3.67092e-12 0.000223484 3.21292e-12 5.54774e-08 0.000345125 8.84967e-06 2.42549e-05 0.0221932 0.0161913 0.00143513 0.00145225 3.11114e-08 0.0140349 0.129771 0.000496846 1.63159e-05 0.000378367 0.495878 0.0139643 0.0381464 0.003395 0.244312 2.89385e-08 0.0106368 7.41414e-08 
0.0522514 0.00073811 0.00396974 1.89651e-05 9.78758e-07 6.29704e-07 0.000661747 0.000138204 0.0653036 0.0270579 0.0133766 0.014496 0.0169102 0.000638564 0.00905734 0.000215318 0.00013336 0.00808882 0.665728 0.000445026 0.007548 0.00144587 0.090467 0.00019664 0.0206551 0.000457251 
0.000724246 1.21277e-09 2.6901e-06 1.06146e-09 1.30599e-09 5.37358e-07 4.09287e-08 6.43194e-10 0.022305 1.95187e-07 2.36636e-07 0.000194737 0.000220821 1.24998e-09 0.000719305 8.99589e-10 0.0027511 5.22228e-07 0.972611 7.96236e-07 0.00025349 0.000213042 4.99767e-07 1.13044e-09 1.38482e-06 9.6202e-10 
0.0433612 0.00204241 0.00840291 7.82369e-05 0.000224821 0.000695705 0.0256219 0.000549702 0.0613526 0.0884995 0.0124188 0.0202043 0.0129092 0.0283795 0.0535846 0.0363025 0.000206186 0.0357864 0.17319 0.0110722 0.0295383 0.13266 0.150798 0.00233312 0.068676 0.00111223 
0.224691 0.00274765 0.000449365 1.04399e-06 8.84493e-07 0.00104985 0.000562031 0.00329331 0.00779817 0.0286037 0.00494338 0.00216065 0.000486164 1.2912e-06 0.100333 0.000921552 4.12728e-05 0.0940806 0.405022 0.0133403 0.0122157 0.0508766 0.00988591 3.13528e-07 0.0135114 0.0229832 
0.000907873 1.41819e-05 0.012526 1.05302e-07 0.000422959 7.59955e-05 1.08687e-05 2.76606e-05 0.246005 0.0221733 0.00148879 0.00258916 0.0021313 7.86286e-05 0.245253 0.000368281 5.20493e-06 0.0578999 0.298162 0.00449588 0.0166797 0.0283711 0.0205443 9.18387e-07 0.0348612 0.00490741 
1.27484e-05 0.000298397 0.00643511 9.62184e-08 3.78458e-07 5.78995e-05 1.71487e-06 0.000258996 0.0828369 0.0290874 4.67124e-05 0.0122012 0.00150814 1.13308e-07 0.0697118 4.10226e-05 6.50446e-06 0.0122306 0.524052 0.000889438 0.00481172 0.000703032 0.227648 5.61649e-05 0.0270905 1.33659e-05 
0.0241506 0.000560127 0.00538124 5.92804e-08 0.000109605 4.55026e-05 0.000916918 0.000305344 0.0222388 0.0386461 0.00267993 0.00343842 0.0282719 0.0022417 0.0969091 0.00408699 7.97698e-05 0.0116387 0.40482 0.119473 0.0437661 0.0338152 0.128938 2.40323e-06 0.0271484 0.000335238 
0.00866476 0.000105643 0.000665449 2.4839e-07 5.47217e-05 0.000475759 0.00265718 0.000116371 0.00213084 0.0169768 0.00127455 0.00170695 0.00589105 0.00254247 0.0333956 0.00100991 9.30888e-05 0.00473019 0.495954 0.338503 0.00973099 0.00618925 0.061253 3.8868e-06 0.00587444 3.73954e-07 
0.00749556 0.00010197 0.000801107 4.45593e-05 9.76111e-07 2.46473e-05 4.58752e-05 2.4227e-05 0.0135445 0.0158741 0.00683767 0.000513163 0.001722 0.000515233 0.00659763 0.000489569 0.000497201 0.00551394 0.820389 0.0281459 0.00272438 0.00162263 0.0757302 3.41975e-06 0.0105627 0.000177593 
0.0106175 0.000255857 0.000557606 0.00947396 3.08724e-07 6.93109e-08 0.00160496 0.000739482 0.00746187 0.120303 0.00147116 0.0329434 0.000738784 2.66238e-11 0.0195533 5.35801e-05 1.84458e-05 0.00765692 0.423114 0.062231 0.00778041 0.00602335 0.272908 3.47706e-05 0.0144523 5.83743e-06 
0.0391474 3.05595e-08 0.00912139 3.97992e-11 5.72953e-06 3.12712e-07 1.42019e-08 0.00552161 0.00694365 0.307705 1.83918e-05 0.00218325 7.56274e-08 3.42193e-07 0.00740609 0.0136157 1.95839e-06 0.0063303 0.457969 0.00332025 0.0202199 0.0527611 0.0591887 3.80443e-05 0.00850104 1.80223e-07 
0.00165419 7.10683e-05 0.00922871 1.41434e-08 4.92888e-06 2.31527e-05 0.00228552 0.0021526 0.00960289 0.0183824 0.00100222 0.00373256 3.13501e-05 1.20079e-09 0.141489 0.000560211 0.000104163 0.000198113 0.392632 0.246355 0.00088549 0.0115003 0.148962 3.38222e-05 0.00902829 8.02555e-05 
0.00723301 0.000976809 0.0684383 0.000901784 7.27334e-07 2.97497e-05 2.48538e-07 6.34693e-05 0.171974 0.0248452 0.000106183 0.00109126 0.0580632 4.00379e-05 0.0124551 4.79552e-09 8.68377e-05 0.0678074 0.303016 0.0293556 0.0041786 0.0365248 0.0637039 0.093992 0.0551126 2.94528e-06 
0.0343109 0.064132 5.1023e-07 2.48319e-06 3.07487e-05 0.000127984 5.69215e-05 7.29615e-05 0.171268 0.0183065 2.43449e-06 0.00309796 1.17128e-05 8.67784e-10 0.216964 6.24527e-10 0.00026519 0.000258012 0.304206 3.92159e-07 0.000579109 0.00258102 0.144543 0.000281732 0.0388977 2.25949e-06 
0.0100352 1.91439e-10 0.000464292 1.67554e-10 2.67661e-07 0.000345698 5.53009e-06 9.09206e-06 0.044259 0.016395 0.00677634 0.000123123 7.31826e-11 0.0315566 0.151457 3.93748e-05 0.000697871 2.8839e-07 0.504935 0.0120133 0.00182509 0.00206362 0.130629 1.65538e-07 0.0863675 1.86473e-06 
0.0265245 0.0012169 0.0135745 3.64823e-07 0.00130475 0.000353179 0.00103225 0.00313516 0.0260533 0.0168785 0.0135508 0.0050821 0.00350823 5.84424e-05 0.17508 0.0010862 0.00445871 0.033029 0.431258 0.0848468 0.0280933 0.0158594 0.0880224 2.8491e-05 0.0257394 0.000225009 
0.00218539 0.0120534 0.00620167 2.04916e-05 6.1824e-09 2.55762e-05 0.000163349 0.000146592 0.201879 0.0167309 0.000155756 0.00949508 0.00184002 0.0214726 0.0221273 0.000204926 0.000368009 3.26475e-06 0.629902 0.00543568 8.30452e-06 0.00346581 0.0310512 0.00058883 0.034458 1.67984e-05 
0.0361707 3.38231e-05 0.0120641 4.75114e-08 5.46035e-05 7.24516e-06 0.0014193 0.000511554 0.0477842 0.0602397 0.00312013 0.00584862 0.000292042 2.40012e-05 0.217804 0.0210755 6.01975e-06 0.0510422 0.34578 0.00344677 0.0195271 0.0197773 0.130598 2.43371e-05 0.0230101 0.000339352 
0.00370521 2.30223e-08 0.00405683 6.93722e-09 7.6347e-05 1.78312e-08 0.000264363 0.0153043 0.0131459 0.0563302 0.00352237 0.00801314 2.54152e-08 1.01493e-10 0.0570608 0.0030385 1.10492e-06 0.000667171 0.410254 0.00208596 0.00287498 0.0462422 0.317702 2.17201e-08 0.0552394 0.000414732 
0.143761 0.000463179 0.0207484 9.89009e-06 0.000658267 1.73155e-05 0.00163855 0.00126296 0.00847201 0.0619787 0.00323452 0.00317331 0.00849676 0.00332407 0.0716579 0.00865392 0.000669361 0.0418457 0.250277 0.0274224 0.106001 0.0291351 0.17508 0.000266722 0.0316409 0.000111553 
0.00272381 3.05037e-08 2.22923e-05 9.15613e-09 0.000237505 5.93411e-05 0.00186292 1.76824e-05 1.55563e-05 0.00509789 0.000265917 0.00220427 2.63857e-11 0.00193647 0.254845 0.000869554 9.97752e-07 0.00140386 0.627337 0.0088183 0.00110108 0.0818198 0.00845406 4.4311e-07 0.000902802 3.82694e-06 
0.0130687 0.000201888 0.0217569 0.00832894 0.00108875 0.000217874 0.000234792 0.000133682 0.228159 0.027748 0.00309144 0.00826021 0.00365368 0.0069596 0.00208472 0.015003 6.41993e-05 0.00508135 0.506964 0.0146615 0.00529946 0.00662005 0.0568661 0.00675984 0.0576599 3.25153e-05 
0.0294355 0.000388253 0.00668603 0.000954424 0.000891656 0.000120198 0.00969161 0.000181269 0.0176523 0.204175 0.0338202 0.00931202 0.0250723 0.00373575 0.0374996 0.015595 0.0017523 0.0292534 0.213436 0.1889 0.0230183 0.0305021 0.104009 9.63846e-06 0.0136271 0.000280933 
0.00387227 0.00128936 0.00236703 4.92499e-08 1.5813e-05 4.15905e-06 0.00180442 7.95436e-05 0.095351 0.026929 0.0264854 0.00547045 0.00144801 1.05799e-06 0.153492 2.39021e-07 1.01996e-05 0.00710865 0.304415 0.195484 0.0283928 0.00423587 0.0982118 0.000318262 0.0426097 0.000605051 
0.00799905 0.00143028 0.000389475 0.00695323 2.80434e-06 2.5445e-06 4.22399e-05 3.01287e-05 0.0376973 0.020428 0.00207859 0.00928562 0.000987127 5.86571e-05 0.00837952 0.00020954 0.00189703 0.00408796 0.62957 0.00471774 0.00245697 0.00986531 0.0272547 0.223022 0.00114108 1.30487e-05 
0.0131452 0.0444827 0.00370849 0.021001 2.39273e-06 0.000101574 0.00025002 3.53541e-05 0.00962247 0.0175205 0.000147865 0.000931099 0.00209564 2.87722e-06 0.00276807 0.00327067 0.00290264 0.000787339 0.823306 0.00471505 0.00153579 0.00526307 0.0405089 0.000943897 0.000503534 0.000447469 
0.000724246 1.21277e-09 2.6901e-06 1.06146e-09 1.30599e-09 5.37358e-07 4.09287e-08 6.43194e-10 0.022305 1.95187e-07 2.36636e-07 0.000194737 0.000220821 1.24998e-09 0.000719305 8.99589e-10 0.0027511 5.22228e-07 0.972611 7.96236e-07 0.00025349 0.000213042 4.99767e-07 1.13044e-09 1.38482e-06 9.6202e-10 
0.010286 0.000379915 8.58249e-05 2.76644e-05 9.70542e-07 0.00542516 0.00299962 0.00451874 0.198238 0.071551 0.000253699 0.0086103 0.00150767 0.0010919 0.00595206 0.00738997 9.42722e-06 0.00467271 0.513284 0.00203299 0.000220383 0.000389664 0.10183 0.00109329 0.0581488 2.60361e-07 
0.0115185 0.0203547 0.000444067 7.99061e-06 1.2031e-06 0.000128487 2.86904e-05 0.00011092 0.126501 0.00849949 0.00505628 0.0149536 0.000166154 0.000257773 0.0168458 1.34631e-05 0.0008949 0.0132667 0.67829 0.0204924 0.00103803 0.000949428 0.0328836 0.0317766 0.0155201 2.18109e-10 
2.78663e-05 2.57106e-08 0.0238724 5.00672e-12 3.54159e-08 5.58141e-06 0.00129446 0.00478321 0.00750527 0.00703779 9.17901e-05 0.000384082 0.000106307 5.89597e-12 0.0400638 0.000351778 5.21239e-05 0.000213669 0.564694 0.00044523 0.000318925 0.00069902 0.341046 6.14835e-07 0.00700603 5.74069e-09 
0.0228168 0.000472643 0.0249256 0.000136658 0.000513872 2.17927e-07 0.00471267 0.0019674 0.0204033 0.0234817 0.000650231 0.0239166 0.0147879 0.00188777 0.0354966 1.77149e-07 0.109394 0.0388938 0.560266 0.0455677 0.00140258 0.00261296 0.022831 0.031513 0.0112776 7.16e-05 
1.67079e-08 0.000189877 1.65437e-07 1.00676e-07 1.66241e-07 2.39207e-11 0.000221389 6.82288e-08 0.0330708 0.166074 1.99284e-12 0.278971 5.78508e-12 2.10584e-07 3.37073e-07 0.000480367 0.000813326 9.21026e-07 0.348755 8.39331e-07 5.5093e-07 0.000324441 0.0966589 2.39943e-08 0.0744374 1.20044e-11 
0.0649811 1.57029e-08 0.0154442 1.58916e-05 0.000551248 5.84656e-05 4.34555e-05 0.000835668 0.00247736 0.1093 0.00576923 0.00315606 0.000191624 0.0161784 0.130387 2.73332e-06 4.21106e-05 0.00151277 0.260908 0.0281775 0.0248048 0.0222843 0.106601 4.07418e-06 0.191549 0.0147241 
0.0227733 0.000261472 0.000211097 2.60616e-10 0.00529011 4.80941e-06 0.000231793 0.00012026 0.00353787 0.195253 0.0283052 0.0263841 0.000977757 0.000329882 0.0205079 0.000246461 0.0224336 0.0139919 0.337809 0.0703195 0.107179 0.00599975 0.127656 1.27067e-05 0.0099938 0.000169521 
0.0192528 3.7597e-05 0.00417428 0.000123946 5.95731e-05 8.83191e-06 0.000718504 8.87036e-05 0.259755 0.0888408 0.00152844 0.00428652 0.000150029 0.000199219 0.00453624 0.00110568 0.000123724 0.00134769 0.473411 0.00325934 0.00943014 0.00156913 0.0505481 0.0205946 0.0535583 0.00129145 
0.170788 4.93557e-06 5.00168e-06 0.000147965 3.92097e-05 2.66898e-05 6.65079e-05 0.000353059 0.239296 0.0353028 0.000109964 0.00239218 1.0263e-05 4.57744e-09 2.05324e-06 3.29429e-09 0.000188101 0.0226993 0.301278 0.000795097 0.00419378 0.0533242 3.76025e-05 0.12882 0.0401076 1.15887e-05 
0.00364292 1.10359e-09 0.000672855 9.65902e-10 0.229392 1.74441e-09 5.54131e-06 0.000202901 0.000432413 0.124123 6.3975e-05 0.000647206 2.40532e-06 3.95142e-06 0.135521 1.19907e-05 2.39206e-05 0.0273368 0.272116 0.0105075 0.0227519 0.0028785 0.158564 4.81288e-08 0.0092855 0.00181403 
0.000710054 0.00112885 0.000131426 2.18155e-08 1.23947e-06 0.0816921 1.21028e-05 0.000273245 0.0846835 0.0218318 2.56903e-06 1.08077e-05 0.00124625 0.000144851 0.127331 7.13325e-06 0.0277471 0.00027435 0.387416 6.99814e-05 0.0003315 0.00056925 2.35137e-05 0.000181013 0.26418 1.97719e-08 
0.0105213 0.000108417 0.000691583 2.27731e-06 2.88484e-05 0.000251377 0.00056176 0.000138162 0.00469265 0.0188234 0.00672737 0.00693035 0.00366153 0.000729537 0.0749375 0.00192825 0.000152215 0.0131741 0.589356 0.0542928 0.0245016 0.114939 0.0600797 2.10343e-06 0.0127561 1.19774e-05 
0.0248442 0.0155369 0.0670991 0.0313803 1.51534e-05 0.0338992 0.000126811 0.0175803 0.0534071 0.0237742 3.79177e-05 0.000257205 5.41819e-05 0.0091195 0.0378798 0.00133237 0.000414557 0.00228246 0.541922 0.00151292 0.0897532 0.0105598 0.00493507 0.0010293 0.0251491 0.0060976 
0.015967 0.00279883 0.00419392 3.99592e-06 9.37613e-05 0.000918324 0.000740872 8.4686e-05 0.00461176 0.0109993 1.52519e-06 0.000814275 0.00224883 9.25319e-07 0.0158836 0.000172714 3.94822e-06 0.0992074 0.46948 0.00153735 0.221339 0.0744853 0.0463716 5.47744e-07 0.0276862 0.000354472 
0.0221299 0.000185376 0.0102206 6.88724e-11 3.94472e-05 0.00119845 0.000320844 0.00120771 0.0229634 0.0183032 0.0850697 0.000195082 0.000406436 0.0211373 0.144516 0.00265535 0.000159207 0.000881267 0.250716 0.0188456 0.00186351 0.0343187 0.132444 4.22363e-06 0.229364 0.000853712 
0.0234376 0.000108271 0.015929 4.20962e-06 0.00104306 5.91587e-06 0.000457087 0.000964537 0.0384703 0.137068 0.0108318 0.0076533 0.0106416 0.00323786 0.149923 0.000859451 0.12038 0.0291091 0.187783 0.0311823 0.0158251 0.0127531 0.162695 8.31307e-06 0.0395437 8.5143e-05 
0.0932971 0.0113876 0.000537251 3.08505e-09 7.12333e-05 7.30023e-06 0.00160968 2.47722e-06 0.122792 0.0999106 2.96434e-06 0.000877352 0.0258608 0.000685148 0.0461121 0.0527207 6.07746e-05 0.00501248 0.38468 0.0203759 0.0551384 0.00201144 0.0551557 2.76984e-06 0.0215983 8.91809e-05 
0.00181468 0.00067769 0.000653586 5.12388e-06 6.87701e-05 1.01616e-05 5.28276e-05 0.000325165 0.00311553 0.0314604 0.00510592 0.0047712 8.49412e-07 2.02475e-09 0.0496683 1.68946e-05 0.00267143 0.00104726 0.517358 0.164898 0.00479034 0.00516341 0.0531353 0.142045 0.0110041 0.000140344 
0.0220483 0.0148863 0.00156045 1.11383e-06 0.000211959 1.87433e-05 0.0143652 0.000129094 0.0668744 0.0419003 6.74908e-05 0.00824767 0.0393734 5.75796e-06 0.0221317 0.0209736 0.00198554 0.0293724 0.416837 0.0588138 0.00133732 0.0545536 0.143078 0.0231447 0.0180229 5.98783e-05 
0.00364292 1.10359e-09 0.000672855 9.65902e-10 0.229392 1.74441e-09 5.54131e-06 0.000202901 0.000432413 0.124123 6.3975e-05 0.000647206 2.40532e-06 3.95142e-06 0.135521 1.19907e-05 2.39206e-05 0.0273368 0.272116 0.0105075 0.0227519 0.0028785 0.158564 4.81288e-08 0.0092855 0.00181403 
0.0801652 2.68309e-06 0.00051979 1.55444e-07 2.86418e-07 6.21803e-07 0.000509112 2.44169e-07 0.207904 0.00247847 2.88688e-06 5.94732e-05 2.97612e-07 8.86095e-10 0.00552062 0.00108991 1.72573e-06 0.0207771 0.528725 8.34602e-06 0.00623803 0.0296564 0.115249 4.40805e-06 0.00108656 6.81961e-10 
0.00229328 0.000196528 0.000804684 1.01071e-09 1.81769e-06 7.52901e-08 0.00120789 0.00368501 0.166654 0.0654375 0.000521841 0.0372602 1.0247e-05 1.19022e-09 0.0166535 0.00730478 0.000549563 0.000588527 0.482529 0.000414256 0.0107669 0.00323688 0.142969 4.81096e-05 0.056464 0.000402489 
0.00947087 0.00105522 0.0227727 3.84496e-06 0.00269143 4.40871e-05 0.00186282 0.000292049 0.0050801 0.118724 0.0132717 0.00463822 0.00195414 0.000584632 0.0485065 0.000367118 0.00295556 0.0117288 0.39255 0.0489454 0.00864041 0.00536272 0.28187 7.00346e-06 0.0163674 0.000253261 
0.00720909 0.00425484 0.0012517 1.20215e-07 1.21377e-05 0.000468406 1.20242e-07 0.000360973 0.0830575 0.0288892 0.0021065 0.0156784 0.00365768 1.20184e-07 0.253386 1.20242e-07 0.00217844 1.20354e-07 0.443964 0.00338176 0.0071731 0.0172814 0.11406 0.000721342 0.0109064 1.20232e-07 
0.0946242 0.000195564 0.000407296 1.09586e-06 0.00101449 2.24432e-06 6.76773e-05 0.000680145 0.0143165 0.170077 0.000286744 0.0146066 2.84642e-05 2.69969e-06 0.129 0.00544349 0.00396693 0.0421673 0.171912 0.116213 0.0157508 0.0386201 0.098552 5.87465e-05 0.0818335 0.000170467 
0.0702125 0.00271619 0.0291547 0.00266272 0.0089978 0.000640451 0.000302601 0.000684367 0.0225714 0.0234778 0.00481418 0.00383162 0.0103745 0.00402013 0.180608 0.00129262 0.000785213 0.0354008 0.260738 0.0245068 0.0556274 0.0130654 0.166636 0.00128827 0.0753828 0.000208108 
0.0293997 0.00102956 0.00454711 0.000157297 0.00929356 0.000611364 0.00148051 0.000881898 0.0119205 0.0964098 0.0139826 0.00293823 0.0101519 0.0052488 0.0639699 0.00340741 0.000440295 0.010057 0.306448 0.023321 0.0287529 0.018719 0.300065 3.501e-06 0.055716 0.00104638 
0.0581785 0.0155673 0.0128183 0.00979668 6.32369e-05 4.23379e-05 0.00021133 0.000125709 0.102275 0.0861487 0.0496267 0.0250788 0.00226541 4.66831e-06 0.0191903 0.000676356 0.0071089 0.107776 0.272469 0.00758514 0.00619063 0.0229004 0.0590971 0.0111475 0.12263 0.00102645 
0.0581514 0.000263555 0.013097 0.0146973 1.19205e-05 0.00178826 9.89903e-05 0.000839889 0.0319272 0.0203645 0.000137841 0.00134583 0.000189737 0.0149509 0.0210323 4.52856e-05 4.61259e-05 0.00827455 0.524975 0.0140671 0.00422185 0.0110612 0.0733748 0.137448 0.0306769 0.016913 
0.0237733 3.44453e-12 0.00367548 6.0597e-10 0.00127557 0.00153188 0.00161709 0.00053306 0.0194509 0.106322 0.00447249 0.00705447 0.0127856 0.0363554 0.0175998 0.0103768 1.63854e-05 0.013899 0.29253 0.161807 0.031787 0.0194938 0.218241 0.000867317 0.013469 0.00106551 
3.14307e-05 0.000392231 0.00151252 5.86775e-10 1.34127e-08 0.0001845 0.00035803 0.00110281 0.0858355 0.0184703 0.00100973 0.00415231 0.00768305 1.00738e-07 0.16898 0.000978121 7.82079e-05 0.00390848 0.222674 0.218951 0.00547915 0.00752575 0.218642 1.12591e-05 0.032007 3.22336e-05 
0.000315247 4.7008e-05 0.031106 0.000342062 2.72428e-06 1.56135e-07 0.000135176 1.44157e-06 0.228863 0.0303621 4.24456e-05 0.00651265 3.77604e-08 4.77198e-05 0.0137278 2.07024e-05 1.96049e-05 0.00785941 0.587812 1.87237e-06 0.00254465 0.000169473 0.0214782 2.86166e-05 0.067728 0.000832451 
0.00797868 0.000147893 0.000390732 3.20095e-07 7.66013e-05 0.000666035 0.00333642 6.75283e-05 0.00298317 0.0154418 0.00152357 0.00165758 0.00824745 0.00355942 0.017721 0.00131409 8.81252e-05 0.00603134 0.624181 0.230691 0.00836116 0.00642506 0.0548918 3.60019e-06 0.00421389 5.22884e-07 
0.0060561 2.93738e-08 0.000227638 6.47306e-08 7.46745e-06 0.000171409 1.23055e-05 0.000203724 0.0168877 0.0757505 2.28654e-05 0.00122763 0.00310163 2.09143e-07 0.0486487 0.000276077 1.45668e-05 0.00184769 0.782782 1.09445e-07 0.00392737 0.00524183 0.0521666 0.000228985 0.00119692 1.10146e-07 
0.0348824 1.72115e-07 0.00399835 1.72151e-07 0.000740172 0.000498819 0.00242804 0.00156764 0.0105481 0.0201679 0.00577438 0.004394 0.0106823 0.000396016 0.0795656 0.00738711 0.00103422 0.0142707 0.377219 0.0100817 0.0362619 0.314542 0.0594388 1.72135e-07 0.00412016 1.72174e-07 
8.15603e-07 3.16044e-06 0.000922826 1.06469e-09 4.46366e-07 1.53846e-07 5.11167e-05 0.000915161 0.0137759 0.0157748 3.05212e-06 1.08321e-06 4.87905e-07 1.25379e-09 0.0405222 6.3779e-07 0.00132804 0.00914998 0.450663 0.0183745 0.000289011 2.13054e-06 0.260604 8.84679e-06 0.187609 2.65268e-07 
0.00974593 1.0902e-11 5.77078e-05 9.54183e-12 1.83475e-05 0.0021291 1.10136e-05 4.26475e-05 7.03478e-05 0.0572588 1.59513e-05 0.000399135 9.12372e-08 0.0471989 0.0123045 0.00229837 1.0891e-05 0.000587974 0.551928 0.00514731 0.101244 0.091644 0.116061 2.85324e-06 0.000747207 0.00107566 
0.0246566 5.03269e-05 9.38807e-05 3.3837e-10 0.00701581 8.78139e-07 0.000132706 0.000160343 0.00233486 0.235214 0.01227 0.0253949 0.000128648 0.000439828 0.0246627 0.000264604 0.0288879 0.00988952 0.342071 0.0394604 0.119309 0.00630897 0.114725 1.50488e-05 0.0062877 0.000226023 
0.0144614 1.88963e-10 6.85178e-05 1.25607e-05 5.09408e-08 0.00801898 1.99431e-07 9.38045e-08 0.00201395 0.0618238 2.88386e-07 0.00634775 3.93258e-06 0.0207655 0.076345 0.000910541 5.65397e-05 0.0487676 0.4252 0.001747 0.0972579 0.0188012 0.207298 1.29853e-08 0.0100982 3.25067e-07 
0.000615776 0.00361633 0.000409249 5.1373e-08 5.36683e-07 2.33687e-05 4.76176e-06 0.000116849 0.119208 0.00103289 0.000199599 0.000183778 1.232e-06 6.04975e-08 0.0178607 3.43229e-05 3.70004e-06 0.0263277 0.805374 0.00623735 0.00777749 0.00532328 0.00467148 1.71806e-07 0.000963253 1.44642e-05 
0.02634 0.00683335 0.00229109 0.00240795 6.83313e-05 3.63147e-05 0.00205663 0.00366126 0.211509 0.18693 0.0125622 0.0129444 0.000344824 0.00111033 0.0456585 0.00618635 0.000595896 0.0232443 0.253376 0.00821076 0.0141439 0.00448876 0.127213 0.000131909 0.0475276 0.000127074 
0.0201949 0.00953707 0.00557535 4.94037e-06 0.00123952 9.10838e-05 0.000450834 0.000347611 0.209956 0.0342519 0.000158065 0.00767879 0.00673096 0.000169396 0.054837 0.000393194 2.47784e-05 0.0241214 0.529879 0.00330364 0.00869396 0.0114023 0.0459233 0.00031825 0.0247073 9.22377e-06 
7.31249e-08 1.76741e-12 0.00038137 1.5469e-12 8.18601e-09 8.10451e-09 1.84224e-08 9.89663e-05 0.00104183 0.0985811 0.000203513 0.0006931 0.0211546 4.19162e-09 9.42025e-08 0.000410636 2.22847e-09 0.00770109 0.475469 0.000153409 0.0419716 0.227375 0.124519 1.64744e-12 0.00024466 1.40199e-12 
0.0129152 1.18547e-05 0.00102558 1.10517e-11 6.05022e-05 3.66367e-06 0.000599727 0.000219639 0.0097257 0.0109464 0.0166503 0.00116547 0.000392399 0.00360824 0.140974 0.00100907 0.000141338 0.00328085 0.381285 0.245013 0.00875983 0.026263 0.128328 3.20868e-06 0.00728338 0.000335407 
0.0764961 0.00148336 0.00236828 0.0137287 6.50847e-06 2.1104e-05 0.0389 0.000216755 0.0623312 0.129648 0.0343916 0.0258413 0.0096639 0.000599237 0.0207033 0.00887214 0.000301704 0.043654 0.26961 0.0194358 0.0116361 0.0151469 0.164831 0.011703 0.0370048 0.00140502 
0.0103036 2.46397e-06 0.0102572 1.50866e-07 0.000418326 0.000321471 2.16742e-05 0.0190723 0.00479376 0.00782846 0.000208399 0.00670411 9.91364e-05 0.140767 0.019362 3.28595e-05 1.63384e-06 0.0958439 0.53098 0.00367423 0.0178011 0.0157353 0.0352407 0.0136977 0.0661823 0.000650936 
0.00264062 0.171306 0.00353756 3.19976e-06 1.02337e-05 0.000223497 0.00121516 0.000859551 0.079601 0.0359114 0.00103301 0.00485468 0.00249694 0.00496418 0.00757048 0.00206678 0.00774672 0.00201944 0.49765 0.0955824 0.0140774 0.00683786 0.0279565 0.000563083 0.0240456 0.00522658 
0.0985973 7.26791e-05 0.0055469 0.00184443 0.000160654 3.74026e-06 0.006142 0.000138129 0.00542002 0.118031 0.00738851 0.00214766 0.00112106 2.43792e-06 0.0233048 0.0170977 7.6418e-05 0.0908287 0.339486 0.0109038 0.016393 0.18721 0.0391673 2.7235e-05 0.0232721 0.00561682 
0.148031 1.74413e-07 0.00207611 4.81058e-09 1.73677e-06 3.2711e-06 3.80232e-05 8.90823e-06 0.000265588 0.0255075 0.002 0.000452809 4.68493e-05 2.09757e-05 0.168182 0.000974437 3.56828e-05 0.0035912 0.225983 0.213255 0.0151351 0.0127588 0.172737 3.89841e-08 0.00880537 9.00407e-05 
0.00677291 0.000151967 0.00903508 2.46894e-06 0.00223738 0.000124893 0.00215821 0.000312136 0.0440453 0.109829 0.0363394 0.0076067 0.0125688 0.0069542 0.0268169 0.0159692 9.02797e-05 0.0228903 0.291144 0.120477 0.00936751 0.0104922 0.242707 4.34623e-05 0.021524 0.000340049 
0.0128952 0.0272427 0.00284788 0.000114091 0.000111699 0.000237687 0.000462149 0.0899137 0.0206062 0.0980139 0.0115762 0.00899047 0.00100042 0.0128321 0.0938073 0.00076309 0.000360725 0.015953 0.25896 0.0126164 0.0214728 0.0139756 0.178123 0.000248329 0.114675 0.00219978 
0.0278522 0.000917864 0.00102929 6.8295e-07 1.01449e-06 6.8889e-08 0.000312944 0.00455908 0.0123785 0.0269452 0.00123759 0.00254409 0.00010549 7.5388e-08 0.016362 0.000198097 4.34564e-06 0.00422764 0.696629 0.00445496 0.0270301 0.0232175 0.131597 9.83455e-05 0.0180591 0.000237273 
0.00052758 6.66048e-05 0.00729643 1.03768e-07 9.95069e-05 0.00069853 0.000999123 0.0700868 0.00484681 0.0250322 6.04027e-06 0.000858643 5.61965e-05 0.0754942 0.0736274 8.55572e-05 3.61137e-05 0.00185655 0.472023 0.000989265 0.00149457 0.178814 0.0100976 0.000407719 0.0744992 2.24629e-07 
0.0248432 1.43081e-05 0.000690349 0.000100908 0.000661698 1.36617e-05 0.00156585 0.000118955 0.00309567 0.0778756 0.000898206 0.0086444 0.000997208 0.000534157 0.0583612 0.000459883 0.00298517 0.0337174 0.276461 0.197466 0.0287318 0.0386694 0.167171 2.5718e-06 0.0330293 0.0428908 
0.00129845 5.24971e-11 0.00103914 4.59474e-11 0.00039674 8.29806e-11 0.00191954 0.0114351 0.0192988 0.0310768 1.2051e-05 0.149653 5.519e-07 5.41081e-11 0.0941242 2.60941e-07 1.22987e-06 0.00178588 0.275082 0.221727 0.0100651 0.0057656 0.13353 4.89336e-11 0.041788 4.03978e-07 
0.00232716 0.183823 0.00112367 7.39102e-06 4.69028e-05 0.000359214 0.0293034 0.000770299 0.05414 0.0770517 0.124669 0.0089945 0.0276141 0.000460873 0.00831553 0.000482745 0.0011811 0.0113455 0.237796 0.127762 0.0237289 0.0021113 0.0365798 4.37829e-05 0.0385829 0.00137907 
0.0166581 6.63101e-09 0.0247789 4.26646e-12 4.62221e-09 1.00944e-06 0.00161152 0.000375021 0.000771755 0.021121 0.00404156 0.000428923 0.0532378 1.88378e-08 0.0868406 0.00479337 0.00017288 0.00624056 0.259639 0.156513 0.0271081 0.165177 0.138546 1.61173e-07 0.0313066 0.00063735 
0.000340152 9.49637e-05 0.000415241 1.75699e-12 5.35629e-07 1.93641e-07 3.68471e-05 3.76297e-05 0.00454892 0.0445736 3.11558e-05 0.000987003 1.33688e-08 1.44427e-07 0.023054 0.000110086 2.73128e-05 0.00222505 0.841735 0.00451432 0.005894 0.00723445 0.0623721 4.5814e-05 0.00168494 3.62111e-05 
0.011802 1.39469e-05 0.000761655 4.3207e-10 7.93391e-06 0.000256399 0.000243196 0.00682873 0.000601826 0.0283925 0.014216 0.00153428 1.2329e-05 0.000146592 0.141492 0.00435739 4.97785e-05 0.00207806 0.402717 0.0373179 0.00854816 0.265607 0.0552205 1.36673e-06 0.0177432 5.02786e-05 
0.0232947 3.49675e-08 0.000124157 9.15301e-08 0.000821143 0.0271363 0.00140933 8.58989e-05 0.0276782 0.00678439 0.00050197 0.0261051 3.44239e-05 0.000260154 0.140877 6.88952e-05 0.000553356 0.00148556 0.36638 0.295765 0.00340547 0.0405028 0.017288 2.64502e-06 0.0193954 4.04196e-05 
0.00355227 4.05319e-10 0.00629085 3.18972e-07 0.000373768 2.5847e-07 1.94503e-05 0.00305963 0.156487 0.0506042 0.0232023 0.0392462 0.000180497 2.82852e-06 0.102885 4.65854e-05 1.08571e-05 0.0160075 0.310989 0.00995344 0.108248 0.000854022 0.150581 7.63986e-08 0.0172857 0.000120101 
0.185588 2.19006e-10 0.000898258 1.91682e-10 0.030336 1.00433e-06 4.56607e-08 2.703e-07 3.8006e-07 6.9197e-07 1.01607e-07 0.00100622 9.74699e-06 1.09897e-06 0.112187 3.3822e-07 2.88365e-05 0.00520637 0.538435 0.0365346 0.0150089 0.00883453 0.0563737 2.26037e-07 0.00853985 0.00100898 
0.0284808 1.12357e-05 0.0219505 6.82688e-09 0.0164437 4.116e-05 0.000850489 0.000286868 0.0082955 0.163472 0.0153086 0.00318917 0.00532047 0.00455561 0.0623417 0.000998553 3.21576e-05 0.0767299 0.168356 0.102937 0.0879315 0.051908 0.148606 8.02346e-06 0.0296433 0.00230244 
0.0241982 9.08918e-05 0.135777 3.61084e-06 0.00319642 9.30625e-05 0.00461127 0.0207363 0.0305061 0.0304644 0.00023585 0.000361704 0.000551721 5.88989e-05 0.0591073 3.95462e-05 0.000378036 0.0226886 0.552072 0.00616081 0.00427591 0.00599582 0.0431365 0.0226206 0.0308432 0.00179651 
0.00385159 1.34809e-07 0.000140336 3.33296e-12 4.14182e-10 2.34813e-08 2.81491e-12 6.06089e-09 0.0497879 0.0232655 0.000146572 0.00833611 4.42558e-08 3.92494e-12 0.302773 8.75939e-09 1.44829e-08 1.2274e-07 0.421768 0.00328249 0.00272795 0.0282283 0.141366 2.98426e-05 0.0142968 8.45834e-08 
0.0139194 0.000524491 0.0063198 0.000284555 2.08061e-05 2.57542e-05 0.00474955 0.00297426 0.137799 0.0367328 0.000385268 0.00362325 0.00036778 2.89099e-05 0.0279091 0.000854167 0.000407882 0.00856014 0.50023 0.00418783 0.0135854 0.0739467 0.046886 0.0973592 0.0173109 0.00100765 
0.0314207 0.000582036 0.000359038 9.15156e-05 5.21174e-06 0.00447053 0.000105297 0.000503009 0.0276045 0.160286 0.00340545 0.0129959 6.73496e-05 2.61183e-05 0.0171347 0.00389999 0.000500728 0.0244873 0.491319 0.020936 0.0136523 0.0801369 0.101747 0.00059712 0.00366104 5.47508e-06 
1.55168e-06 0.00117749 0.00836017 5.36224e-10 1.50291e-07 1.26474e-07 1.49159e-06 5.45123e-07 0.123512 0.0347596 9.22955e-09 1.33279e-06 3.82489e-07 6.31464e-10 3.0751e-06 0.000448154 2.92597e-07 0.000843808 0.776651 8.6347e-06 0.00134944 0.0016304 0.050119 1.34298e-06 0.00112857 1.26341e-06 
0.0180249 0.000404491 0.00923315 0.00031655 0.000224312 0.000664839 0.000906727 0.0027022 0.016034 0.0970448 0.00570109 0.0258349 0.00170026 0.00050988 0.0663444 0.00373171 0.000329069 0.0229074 0.306774 0.070853 0.0251915 0.158974 0.132769 1.97944e-05 0.0314316 0.00137226 
0.0227733 0.000261472 0.000211097 2.60616e-10 0.00529011 4.80941e-06 0.000231793 0.00012026 0.00353787 0.195253 0.0283052 0.0263841 0.000977757 0.000329882 0.0205079 0.000246461 0.0224336 0.0139919 0.337809 0.0703195 0.107179 0.00599975 0.127656 1.27067e-05 0.0099938 0.000169521 
0.00331726 8.18086e-06 0.00996474 2.77486e-05 1.37357e-06 6.70451e-05 1.69505e-05 0.000307873 0.1515 0.0761808 0.00537765 0.0048296 0.0131921 9.6187e-06 0.016325 0.00330958 7.72613e-05 0.0149054 0.506378 0.0271881 0.00892489 0.0413806 0.0899154 6.23095e-07 0.020005 0.00678931 
0.00408338 5.63485e-09 0.023598 9.42994e-12 1.16024e-11 1.95221e-08 5.46398e-08 5.7141e-12 0.00653349 0.0434637 6.4777e-05 0.00993836 5.17715e-07 7.63217e-08 0.206281 0.000661271 4.13363e-05 0.0113326 0.37166 0.0365251 0.0232049 0.00193435 0.231885 2.2552e-08 0.0270301 0.00176175 
