0.0185352 6.19645e-06 5.12889e-05 1.85681e-11 3.91742e-05 1.54648e-06 0.0161965 2.6019e-05 0.000775567 0.0303572 0.0230947 0.00759215 8.10999e-12 0.000610143 0.10058 0.000492179 8.09991e-06 0.0036405 0.492246 0.00948934 0.0161321 0.0349666 0.228234 1.91477e-07 0.0167717 0.000153097 
0.0128952 0.0272427 0.00284788 0.000114091 0.000111699 0.000237687 0.000462149 0.0899137 0.0206062 0.0980139 0.0115762 0.00899047 0.00100042 0.0128321 0.0938073 0.00076309 0.000360725 0.015953 0.25896 0.0126164 0.0214728 0.0139756 0.178123 0.000248329 0.114675 0.00219978 
0.0881586 0.000472539 0.00791667 0.00758741 0.00347381 0.00225657 0.00396943 0.00315702 0.0265074 0.0514998 0.00570777 0.0201047 0.00385863 0.000850393 0.0751676 0.00216423 0.000406098 0.0421599 0.288228 0.0359711 0.0195806 0.0171958 0.147645 0.0897316 0.0558408 0.000387758 
0.000674013 1.82528e-05 8.4882e-05 4.18999e-06 3.57386e-05 7.56709e-06 4.37937e-05 5.32786e-05 0.0778558 0.0039152 4.19124e-05 0.000198598 1.73538e-05 4.76455e-05 0.00596999 0.000589002 3.39984e-05 0.000368037 0.802191 0.0118982 0.000280052 0.000877929 0.0588649 2.47281e-05 0.0357897 0.000114467 
0.0181638 0.000291322 0.00230898 1.19974e-08 4.48828e-05 0.000186493 0.000599244 0.0248204 0.0185411 0.0150084 0.00186794 0.0151465 0.00144622 1.00774e-05 0.209545 0.000176476 0.00014365 0.00834372 0.315815 0.0604517 0.0221306 0.0701604 0.134664 7.37248e-05 0.0799578 0.000102024 
0.00256603 0.000583799 0.00231339 0.000558112 7.19169e-11 1.68952e-05 0.000472258 1.53342e-05 0.180229 0.0112984 0.003603 0.00756686 1.49721e-07 1.7698e-06 0.00952932 0.00147172 0.00107541 0.000627155 0.629985 0.00763164 1.21667e-05 0.00103264 0.0560264 0.0758015 0.00758279 5.95831e-08 
0.00543423 4.97731e-08 5.22079e-06 3.06588e-09 5.61282e-05 2.75122e-07 0.00122382 0.000222019 0.002712 0.0173119 3.88721e-06 0.00288475 0.00226856 7.83142e-08 0.121862 0.00356563 5.74067e-05 0.00770006 0.487199 0.250545 0.00356388 0.00428805 0.0872264 4.17608e-08 0.00186902 7.87076e-12 
0.0189439 6.30012e-05 0.0023605 4.18694e-06 0.000442366 0.000578565 0.00214352 0.00395082 0.0279536 0.0512569 0.0116017 0.0128987 0.00659477 0.00476942 0.118925 0.00634097 7.59142e-05 0.0518089 0.315939 0.0752321 0.0284142 0.0819029 0.128815 5.70168e-05 0.042177 0.0067505 
0.00147283 5.40333e-06 0.000349117 9.8454e-11 2.78916e-08 0.000101914 2.27382e-05 8.30409e-05 0.0140616 0.00321809 1.79337e-05 0.00276441 0.00056627 0.169673 0.0176574 7.70417e-05 0.000101181 1.72205e-05 0.678097 0.000367156 0.0531221 0.0494789 0.00663543 3.97834e-07 0.00210973 8.92308e-11 
2.78663e-05 2.57106e-08 0.0238724 5.00672e-12 3.54159e-08 5.58141e-06 0.00129446 0.00478321 0.00750527 0.00703779 9.17901e-05 0.000384082 0.000106307 5.89597e-12 0.0400638 0.000351778 5.21239e-05 0.000213669 0.564694 0.00044523 0.000318925 0.00069902 0.341046 6.14835e-07 0.00700603 5.74069e-09 
0.0118968 1.6321e-08 0.0212217 1.42847e-08 2.40994e-05 0.00170313 1.20644e-08 0.0356684 0.155891 0.00150059 0.00369337 0.00097304 0.0187763 1.68219e-08 0.00290034 0.000388765 1.95617e-06 0.0200589 0.506303 0.016534 0.00824763 0.0121648 0.00733667 0.000145142 0.174127 0.000443202 
0.024817 0.000546994 0.000574272 3.86664e-08 3.40209e-06 0.000751964 0.000332279 0.0283402 0.00140546 0.00882632 0.0015246 0.0013133 1.92704e-05 0.000163202 0.0483269 8.61068e-05 1.62582e-05 0.00484294 0.682221 0.0587345 0.00452728 0.0110654 0.0984293 1.91367e-05 0.0230785 3.47721e-05 
0.00877184 0.00824434 0.00207277 1.5605e-05 0.000992862 0.000137184 0.00237438 0.000809052 0.146346 0.0869668 0.0312587 0.0681992 6.94127e-05 4.81453e-05 0.075396 0.00367492 0.0294464 0.0238449 0.228204 0.00214758 0.00567972 0.00122991 0.124785 0.0342974 0.108919 0.00606938 
0.0300729 2.11e-05 0.00186693 0.00020015 0.000126149 2.96089e-05 0.000890745 0.00115092 0.131514 0.0197465 8.48042e-06 0.000740505 3.44494e-07 0.00305485 0.000193987 0.00399198 0.00031002 0.0488279 0.652844 5.54766e-06 0.011038 0.00250459 0.0243247 0.00132933 0.0484777 0.0167291 
0.0120774 3.42098e-09 0.00375605 1.75187e-05 1.61526e-05 2.07742e-05 7.21044e-05 0.00479048 0.00421345 0.0197995 0.0937465 0.00516686 3.64016e-06 3.41415e-07 0.0811909 0.0116299 0.000254604 0.00455054 0.362047 0.25313 0.00222013 0.0671689 0.0417098 3.31604e-06 0.0323942 1.9463e-05 
0.0580463 1.65409e-05 0.0807484 2.16616e-08 3.65031e-05 0.00112652 0.0183815 9.0892e-05 0.179276 0.00684234 0.0182315 0.00924488 0.0134176 2.53919e-07 0.0874024 0.00136427 0.0019541 0.0723301 0.200288 0.0044846 0.0287491 0.014065 0.160098 7.42146e-07 0.042269 0.0015361 
0.0442833 0.000305375 0.00900268 0.00112142 0.00792726 0.0057974 0.000627896 0.00670599 0.0344493 0.0956787 0.00664706 0.0171868 0.00184559 0.0261675 0.112614 0.00855914 2.98909e-05 0.0142709 0.199579 0.0222131 0.0293071 0.113726 0.132276 7.11629e-06 0.0996638 0.0100072 
0.00147283 5.40333e-06 0.000349117 9.8454e-11 2.78916e-08 0.000101914 2.27382e-05 8.30409e-05 0.0140616 0.00321809 1.79337e-05 0.00276441 0.00056627 0.169673 0.0176574 7.70417e-05 0.000101181 1.72205e-05 0.678097 0.000367156 0.0531221 0.0494789 0.00663543 3.97834e-07 0.00210973 8.92308e-11 
0.012605 3.7818e-05 0.00636832 3.62204e-07 0.00070408 4.36655e-05 0.000184246 0.0172786 0.00691974 0.131483 0.00487386 0.0042689 0.00318207 6.54116e-05 0.144036 0.00272982 2.44434e-05 0.0362185 0.352824 0.0149959 0.0118659 0.0558221 0.152638 1.36688e-05 0.040733 8.25542e-05 
0.00503764 0.000120952 0.00544555 0.0470362 1.58788e-06 0.00052436 0.000143005 0.0135867 0.0445642 0.122995 0.000272725 0.165468 0.0293739 0.000761597 0.0390859 0.000387424 0.0045706 0.114441 0.16987 0.00601036 0.0855831 0.00353092 0.10361 8.5443e-06 0.0375333 3.74888e-05 
0.00385969 4.56756e-07 0.000309067 2.27687e-05 2.70623e-05 8.46327e-06 3.23123e-05 1.88856e-05 0.000870129 0.084255 0.000853445 0.000322644 0.00015169 0.00056379 0.0167606 0.000257259 1.62684e-05 0.0052566 0.572578 0.00516293 0.0268089 0.00334625 0.277072 2.34956e-05 0.0014033 1.84686e-05 
0.0854427 1.70391e-05 0.00336106 0.000136813 0.000380707 0.000250997 0.000104256 0.00253442 0.00684068 0.0591187 0.0452018 0.00846203 0.000892426 0.0393524 0.0486728 0.0198511 2.24881e-05 0.0112699 0.183174 0.0386854 0.124232 0.104442 0.153094 9.50426e-06 0.0585137 0.00593691 
0.000724246 1.21277e-09 2.6901e-06 1.06146e-09 1.30599e-09 5.37358e-07 4.09287e-08 6.43194e-10 0.022305 1.95187e-07 2.36636e-07 0.000194737 0.000220821 1.24998e-09 0.000719305 8.99589e-10 0.0027511 5.22228e-07 0.972611 7.96236e-07 0.00025349 0.000213042 4.99767e-07 1.13044e-09 1.38482e-06 9.6202e-10 
3.21506e-05 0.00145097 0.00109616 8.65548e-10 3.31567e-09 1.30407e-07 0.000152007 3.37784e-08 0.315548 0.0132259 0.000344885 0.00337064 2.43267e-07 1.01928e-09 0.00426522 9.15253e-07 4.44628e-06 0.00437303 0.522943 2.77423e-05 0.00158223 0.000209504 0.0938219 6.3986e-05 0.0374862 1.05931e-06 
0.0212325 6.95491e-07 0.0112068 1.10656e-10 1.36149e-10 1.00122e-07 9.34562e-11 6.50475e-07 0.123636 8.45282e-06 0.000731446 0.00948444 0.173948 1.3031e-10 0.0534397 9.47189e-09 0.000701566 0.0262101 0.386909 0.00447875 0.0279896 0.00385116 0.0940217 3.77231e-07 0.0621479 6.51982e-07 
0.00354083 0.00127111 0.0108682 8.01442e-08 1.75992e-05 2.5159e-05 0.000245927 0.00015156 0.229071 0.0629297 0.000997215 0.0249145 0.0172391 2.51678e-08 0.0784394 0.000310594 0.000160007 0.0107153 0.33598 0.0193934 0.0286507 0.00330348 0.0934913 0.00012582 0.0779471 0.00021073 
0.0137013 8.55863e-06 0.000113968 1.21709e-10 1.49748e-10 2.19806e-10 2.03207e-07 2.0347e-05 0.0554692 0.141904 4.09956e-05 5.84765e-05 0.00184611 1.85701e-07 0.00236467 0.0245821 2.92175e-11 0.0048788 0.258382 6.26296e-07 0.0961549 0.00318812 0.132044 4.32212e-07 0.0207087 0.244532 
0.0184766 7.47227e-06 0.00123457 1.24397e-07 8.203e-05 9.68108e-05 0.00209331 0.00212633 0.00504589 0.0493328 0.0668691 0.010383 0.000760515 7.89562e-05 0.0186594 0.00522488 5.26343e-05 0.0168988 0.341226 0.0022213 0.0125523 0.225135 0.186105 4.44517e-08 0.0310131 0.00432299 
0.0350618 2.17136e-07 0.000139558 9.13113e-09 0.000867001 0.00243172 0.000269288 0.000186574 0.287277 0.0285589 0.00202961 0.0126435 3.9492e-05 0.00222239 0.0666778 0.00106577 9.71204e-05 0.00444634 0.310459 0.00047605 0.00187254 0.0392296 0.107343 0.000235217 0.0963699 8.27573e-09 
0.0310415 0.00134684 0.00359327 1.57104e-08 9.86767e-05 1.34668e-07 0.00024465 6.00901e-05 0.0092145 0.107139 4.8451e-07 0.0205509 0.00684755 0.000736193 0.0141932 0.000234634 6.52045e-06 0.000769633 0.481943 0.00126556 0.00995883 0.00389681 0.255369 1.99495e-05 0.0514696 1.95662e-11 
0.0197093 0.000283527 0.00215782 5.4579e-05 1.37901e-05 0.00463518 0.000160728 0.000301837 0.244328 0.0241945 0.00270103 0.00405152 0.000950804 0.00366262 0.0575636 0.00461547 0.000131708 0.00766627 0.249321 0.0334674 0.00753501 0.0927993 0.0832553 6.99954e-06 0.156369 6.29664e-05 
0.00765363 9.5056e-06 0.000721163 1.16227e-07 6.35434e-06 0.00025009 0.000128042 7.18082e-05 0.00101059 0.0159408 0.00416483 0.0012594 0.00025296 2.90281e-05 0.145389 0.0012486 7.43011e-05 0.00322976 0.517956 0.013052 0.0109587 0.228914 0.0459765 2.4916e-06 0.00169964 3.05329e-09 
0.0278522 0.000917864 0.00102929 6.8295e-07 1.01449e-06 6.8889e-08 0.000312944 0.00455908 0.0123785 0.0269452 0.00123759 0.00254409 0.00010549 7.5388e-08 0.016362 0.000198097 4.34564e-06 0.00422764 0.696629 0.00445496 0.0270301 0.0232175 0.131597 9.83455e-05 0.0180591 0.000237273 
0.0197665 1.62561e-07 8.55654e-06 0.0897036 5.48248e-06 1.72491e-08 4.56316e-05 5.78749e-09 0.330348 0.0617404 7.29866e-05 2.60192e-05 7.16035e-06 1.12474e-08 1.78137e-05 1.93559e-05 0.000285457 0.0102277 0.363726 1.46707e-05 0.00202626 0.0146244 0.103578 2.9288e-07 0.00374693 7.82775e-06 
0.015389 7.7885e-05 0.00150288 1.9992e-07 3.01648e-05 0.000366997 0.00174768 6.17711e-05 0.00544761 0.0198294 0.00459694 0.00121447 0.004611 0.00612236 0.0761143 0.000607687 0.000107633 0.0046689 0.377038 0.362884 0.0084746 0.0113411 0.0814294 1.58858e-06 0.0162871 4.76802e-05 
0.00640244 0.00105394 0.00479193 6.54815e-09 0.000243385 0.0029768 0.000536526 0.000548737 0.181365 0.131509 0.0230522 0.0138441 0.0084456 0.00152764 0.0108331 0.00687624 0.000107655 0.0238394 0.284772 0.00456321 0.0355893 0.0110804 0.0563619 0.000417685 0.173337 0.0159255 
0.0119658 1.47841e-07 0.00441057 1.67964e-06 1.46492e-05 7.1675e-06 0.000770328 6.10804e-05 0.00794557 0.00443299 0.0299039 0.000287978 3.95627e-06 0.0015422 0.215289 0.00293139 1.69121e-05 0.00953539 0.414527 0.0496445 0.000836573 0.00679157 0.185209 3.55041e-06 0.0536796 0.000188369 
0.0310571 0.00454753 0.0096716 0.00413607 1.03462e-06 3.57386e-05 3.40354e-05 0.000148276 0.00833627 0.0725244 0.00200623 0.000643744 0.0011992 5.82802e-08 0.049976 0.00140098 7.20168e-05 0.00823135 0.524827 0.00633373 0.0154019 0.0101569 0.194835 0.000139676 0.0542088 7.49628e-05 
0.00119101 0.0107646 0.0103114 1.15678e-08 6.96771e-05 0.000108536 6.59736e-05 0.110601 0.141338 0.0783917 0.0058754 0.00810423 0.00263071 5.02818e-06 0.0112941 0.00385967 3.18022e-05 0.0403577 0.312963 0.000412156 0.00204086 0.00109823 0.112868 1.73651e-06 0.145613 2.42557e-06 
0.0105024 2.79219e-05 0.0125155 1.85675e-07 2.84066e-06 2.27444e-05 9.79336e-05 0.00122569 0.00105605 0.053988 0.00837945 0.00380402 0.00501329 0.0238292 0.0776915 0.00577445 5.26882e-05 0.00399112 0.379704 0.00532725 0.0225993 0.062278 0.230448 2.09767e-06 0.0797594 0.0119074 
0.00648225 1.2224e-05 0.00160193 4.50207e-12 1.15605e-05 0.000521041 0.00152221 0.0071541 0.0291689 0.0330087 0.0072892 0.016208 0.00125962 0.000188498 0.167267 0.000257507 2.76621e-05 0.00805236 0.421155 0.0145118 0.0333217 0.15884 0.0564335 7.24934e-07 0.0356308 7.41284e-05 
0.00031725 3.95129e-05 0.000435216 5.35802e-09 3.39348e-11 2.14223e-08 1.24434e-05 5.98724e-05 0.00148691 0.0883039 9.55524e-06 0.000927131 5.54025e-07 0.00131767 0.000370374 0.000237668 0.000124371 9.14813e-05 0.720057 9.59127e-06 0.00844999 0.0800967 0.0971064 5.94304e-09 0.000546681 4.70059e-08 
0.0252693 0.00124725 0.0221263 8.42523e-08 4.9717e-06 4.87642e-05 0.000689625 0.00292711 0.0873533 0.0452988 0.0102436 0.00676148 0.0114835 0.00622953 0.11029 0.000478165 2.45388e-05 0.0450057 0.357552 0.0103421 0.0734583 0.0348335 0.088244 0.000113791 0.0598869 8.69517e-05 
0.0274367 0.000197663 0.0107266 4.38222e-11 7.2292e-07 6.52787e-07 0.00134001 0.00063242 0.0132696 0.163113 0.000305808 0.00106692 0.00175732 0.0123236 0.00388115 0.00255762 2.95776e-06 0.00498879 0.487128 0.00960865 0.0225242 0.048435 0.10773 6.44898e-07 0.0558443 0.0251271 
0.0246566 5.03269e-05 9.38807e-05 3.3837e-10 0.00701581 8.78139e-07 0.000132706 0.000160343 0.00233486 0.235214 0.01227 0.0253949 0.000128648 0.000439828 0.0246627 0.000264604 0.0288879 0.00988952 0.342071 0.0394604 0.119309 0.00630897 0.114725 1.50488e-05 0.0062877 0.000226023 
0.00749556 0.00010197 0.000801107 4.45593e-05 9.76111e-07 2.46473e-05 4.58752e-05 2.4227e-05 0.0135445 0.0158741 0.00683767 0.000513163 0.001722 0.000515233 0.00659763 0.000489569 0.000497201 0.00551394 0.820389 0.0281459 0.00272438 0.00162263 0.0757302 3.41975e-06 0.0105627 0.000177593 
0.00796605 1.1919e-08 0.00102116 3.56662e-09 6.19092e-05 9.19653e-09 0.000114903 0.000587997 0.000278015 0.214646 0.00350295 0.00132772 0.000517209 8.07118e-12 0.0183023 0.00134208 7.81811e-06 0.0021258 0.471561 9.09938e-05 0.0033784 0.0378132 0.212963 1.12453e-08 0.0223914 3.60715e-08 
4.76025e-05 0.0185169 0.000839206 9.77054e-08 3.32107e-05 6.438e-05 0.000424452 0.00839821 0.138135 0.008765 0.00323502 0.00669653 4.26747e-08 1.15059e-07 0.0383761 5.79828e-05 0.000291981 0.000350873 0.676635 0.000105204 0.000336995 0.000139187 0.0676951 0.000958094 0.0294889 0.000408861 
0.00145501 1.19742e-06 0.00648317 2.6402e-08 1.94093e-07 0.000245317 0.000281443 2.22437e-05 0.0816842 0.098111 9.98243e-05 0.00626171 0.000942187 0.0590546 0.00379854 0.000219305 0.000116089 0.00242836 0.615682 0.000827791 0.0122745 0.0168844 0.0742854 1.01255e-07 0.0188413 2.59372e-07 
0.0397722 5.76861e-05 0.00314794 1.67039e-05 0.00129761 0.00102969 0.00892583 0.000172156 0.0256993 0.0434506 0.00427432 0.00344983 0.00293599 0.000720492 0.129222 0.0020411 0.00212641 0.0215984 0.473152 0.114736 0.013896 0.00960408 0.0806684 1.01342e-05 0.0171316 0.000863532 
0.0294355 0.000388253 0.00668603 0.000954424 0.000891656 0.000120198 0.00969161 0.000181269 0.0176523 0.204175 0.0338202 0.00931202 0.0250723 0.00373575 0.0374996 0.015595 0.0017523 0.0292534 0.213436 0.1889 0.0230183 0.0305021 0.104009 9.63846e-06 0.0136271 0.000280933 
0.000308077 0.000175783 0.00776795 0.000376856 6.59372e-07 0.000241687 0.000351695 6.96277e-06 0.13903 0.00937246 1.14635e-06 0.0682497 0.000489658 0.0229064 0.0092355 0.00231175 0.000138376 0.00161405 0.498075 0.000212087 0.000986292 0.00123395 0.0711305 0.00122503 0.152605 0.0119531 
9.41767e-08 0.0069962 0.000121905 2.46628e-11 5.69829e-07 4.46577e-05 4.41968e-08 1.2778e-05 0.268249 0.0383578 0.000227597 0.00486297 0.000537658 2.90432e-11 0.0248149 7.36862e-07 0.260915 8.35993e-07 0.28262 5.17158e-08 0.00465525 0.00537488 0.0852078 0.00731818 0.00968068 1.02558e-08 
0.00318563 0.00224333 0.00717515 4.74867e-05 0.000400393 4.97776e-05 0.000491019 0.0235545 0.0207599 0.12881 0.0933813 0.0549803 0.00325089 0.0027039 0.0190881 0.000876714 0.000358838 0.0105515 0.237748 0.0346043 0.0640704 0.00709676 0.211907 2.72426e-05 0.0714083 0.00122858 
0.0005348 5.76768e-08 5.07411e-05 1.29928e-10 2.35304e-07 2.34649e-10 4.72026e-05 0.00260583 0.00488329 0.154076 0.00117615 0.011092 4.02329e-05 1.90192e-08 0.0175902 1.93231e-06 0.000165225 0.00767775 0.506969 0.179086 0.00309405 0.0011212 0.108597 0.000134661 0.000798443 0.000258007 
0.00355674 5.75827e-09 0.000511309 1.72256e-09 2.02397e-05 8.94772e-06 0.000361371 5.14161e-05 0.000830251 0.00873772 2.71137e-05 0.00696196 7.93021e-09 2.92684e-12 0.220483 0.00173312 5.2863e-06 0.00571059 0.637042 0.0282722 0.000953736 0.0567051 0.026649 7.33614e-06 0.00137216 1.74289e-08 
0.0435118 0.00298613 0.0102016 4.35981e-06 0.00552083 0.000119887 0.0446095 0.00138827 0.177541 0.0177999 0.0064596 0.00806654 0.00560067 4.42563e-05 0.0546509 0.000475274 0.00137893 0.00348944 0.471951 0.00868408 0.00654238 0.0246636 0.0379546 0.000856764 0.0642393 0.00125891 
0.00843426 2.18712e-08 5.76918e-07 1.91425e-08 2.35525e-08 3.45712e-08 1.61671e-08 1.15994e-08 0.0759388 0.0406788 2.88014e-09 0.0104881 4.15061e-06 1.55146e-05 0.123273 5.6086e-06 5.86966e-06 0.0131164 0.62168 0.000328763 0.0677853 2.25945e-05 0.00184618 3.0321e-05 0.0140229 0.0223222 
0.00749194 0.000541008 0.010447 0.000230899 0.00036556 0.00259863 0.0029943 0.00148169 0.0584879 0.0549079 0.0159858 0.00352047 0.0138687 0.000777369 0.0527979 0.00129024 0.00020765 0.0268971 0.322879 0.079063 0.0393062 0.0084039 0.097159 9.16904e-06 0.197854 0.000433305 
0.0374253 0.0002175 0.0374185 9.02133e-11 1.6017e-06 1.64472e-05 1.10605e-08 0.00240105 0.140302 0.0292685 0.00105174 0.00908876 0.00235128 5.23073e-07 0.0934304 1.14344e-06 0.000103159 0.0219065 0.250683 0.000377893 0.0172184 0.00898829 0.152633 0.000222105 0.190522 0.00437088 
0.015967 0.00279883 0.00419392 3.99592e-06 9.37613e-05 0.000918324 0.000740872 8.4686e-05 0.00461176 0.0109993 1.52519e-06 0.000814275 0.00224883 9.25319e-07 0.0158836 0.000172714 3.94822e-06 0.0992074 0.46948 0.00153735 0.221339 0.0744853 0.0463716 5.47744e-07 0.0276862 0.000354472 
0.00147283 5.40333e-06 0.000349117 9.8454e-11 2.78916e-08 0.000101914 2.27382e-05 8.30409e-05 0.0140616 0.00321809 1.79337e-05 0.00276441 0.00056627 0.169673 0.0176574 7.70417e-05 0.000101181 1.72205e-05 0.678097 0.000367156 0.0531221 0.0494789 0.00663543 3.97834e-07 0.00210973 8.92308e-11 
0.0253363 2.46424e-05 0.00694334 2.62793e-07 2.51465e-05 2.01481e-06 0.00178709 0.000216345 0.0122916 0.088507 0.0257459 0.00625378 0.00159212 3.83887e-06 0.0166587 0.00302987 5.16254e-05 0.0154402 0.260954 0.0076755 0.0224229 0.211734 0.211667 1.58053e-07 0.0785019 0.00313437 
0.019512 7.06378e-05 0.0652905 0.000473523 6.02299e-06 0.000479443 0.000420091 0.000383342 0.0473915 0.023606 0.0126879 0.0227875 0.00577247 0.00664372 0.109777 0.00177839 6.8876e-05 0.0186595 0.292618 0.162746 0.0167511 0.0149749 0.125654 0.000127175 0.0465726 0.00474782 
0.0932971 0.0113876 0.000537251 3.08505e-09 7.12333e-05 7.30023e-06 0.00160968 2.47722e-06 0.122792 0.0999106 2.96434e-06 0.000877352 0.0258608 0.000685148 0.0461121 0.0527207 6.07746e-05 0.00501248 0.38468 0.0203759 0.0551384 0.00201144 0.0551557 2.76984e-06 0.0215983 8.91809e-05 
0.0840126 1.63545e-11 0.0124285 3.18753e-08 3.81102e-05 3.63084e-06 0.00152049 0.00908605 0.052246 0.0280157 0.00108491 0.000544188 0.124638 0.00226745 0.0783941 0.00527302 1.95925e-05 0.000808332 0.330435 0.0128198 0.00399783 0.00414101 0.220445 5.25771e-07 0.0277531 2.67728e-05 
0.0220483 0.0148863 0.00156045 1.11383e-06 0.000211959 1.87433e-05 0.0143652 0.000129094 0.0668744 0.0419003 6.74908e-05 0.00824767 0.0393734 5.75796e-06 0.0221317 0.0209736 0.00198554 0.0293724 0.416837 0.0588138 0.00133732 0.0545536 0.143078 0.0231447 0.0180229 5.98783e-05 
0.139192 0.00139857 0.00176094 0.00401866 5.34518e-08 0.000943244 0.00849511 0.000297519 0.169178 0.00880973 0.00010627 0.00102229 0.00709898 2.04652e-10 0.00284267 0.00489158 0.000294255 0.0334928 0.280289 0.00607456 0.027601 0.00978766 0.0496922 0.234271 0.00830096 0.000141311 
0.00179366 1.10777e-05 0.000546549 5.86859e-05 0.000279573 2.38136e-06 3.28848e-05 0.000351868 0.0171972 0.0659213 0.00405949 0.0227818 7.05492e-05 4.911e-05 0.0993107 0.00067714 0.00396263 0.00151691 0.583412 0.132532 0.000808274 0.00891143 0.0498243 9.06242e-05 0.00559077 0.000207284 
0.00761396 0.000218717 0.00600468 3.34403e-05 7.13896e-06 6.51528e-06 0.000775468 0.042247 0.051011 0.127275 0.00550444 0.032722 0.0419228 8.11494e-09 0.0417994 0.00226967 1.42106e-05 0.0768739 0.179629 0.0102398 0.0235434 0.161522 0.101233 0.000102164 0.0595543 0.0278771 
0.0801652 2.68309e-06 0.00051979 1.55444e-07 2.86418e-07 6.21803e-07 0.000509112 2.44169e-07 0.207904 0.00247847 2.88688e-06 5.94732e-05 2.97612e-07 8.86095e-10 0.00552062 0.00108991 1.72573e-06 0.0207771 0.528725 8.34602e-06 0.00623803 0.0296564 0.115249 4.40805e-06 0.00108656 6.81961e-10 
0.0946242 0.000195564 0.000407296 1.09586e-06 0.00101449 2.24432e-06 6.76773e-05 0.000680145 0.0143165 0.170077 0.000286744 0.0146066 2.84642e-05 2.69969e-06 0.129 0.00544349 0.00396693 0.0421673 0.171912 0.116213 0.0157508 0.0386201 0.098552 5.87465e-05 0.0818335 0.000170467 
0.0873207 1.43986e-05 0.00591972 0.000303157 0.0309409 1.36304e-05 0.000411293 0.0228298 0.000766639 0.139779 0.0127701 0.141159 0.000304879 1.09893e-06 0.0886982 9.11924e-05 0.000133886 0.00930478 0.218366 0.148732 0.00786838 0.00804331 0.0513683 1.57824e-05 0.0246297 0.000214256 
0.0228168 0.000472643 0.0249256 0.000136658 0.000513872 2.17927e-07 0.00471267 0.0019674 0.0204033 0.0234817 0.000650231 0.0239166 0.0147879 0.00188777 0.0354966 1.77149e-07 0.109394 0.0388938 0.560266 0.0455677 0.00140258 0.00261296 0.022831 0.031513 0.0112776 7.16e-05 
0.0293997 0.00102956 0.00454711 0.000157297 0.00929356 0.000611364 0.00148051 0.000881898 0.0119205 0.0964098 0.0139826 0.00293823 0.0101519 0.0052488 0.0639699 0.00340741 0.000440295 0.010057 0.306448 0.023321 0.0287529 0.018719 0.300065 3.501e-06 0.055716 0.00104638 
0.00720909 0.00425484 0.0012517 1.20215e-07 1.21377e-05 0.000468406 1.20242e-07 0.000360973 0.0830575 0.0288892 0.0021065 0.0156784 0.00365768 1.20184e-07 0.253386 1.20242e-07 0.00217844 1.20354e-07 0.443964 0.00338176 0.0071731 0.0172814 0.11406 0.000721342 0.0109064 1.20232e-07 
0.0384693 0.000823546 0.00316413 0.00054435 0.000194627 0.000726981 0.0037092 0.00389384 0.0179576 0.136851 0.0349916 0.0357574 0.00799081 0.0059892 0.0593534 0.0081564 0.00287049 0.03502 0.226024 0.0242429 0.0553418 0.0218689 0.154053 0.00135137 0.104596 0.0160571 
0.0175394 0.0151412 0.019999 8.87443e-06 2.57346e-05 7.40466e-05 0.000320198 0.00841433 0.0209838 0.0601702 0.0020726 0.275987 0.000292641 1.89432e-06 0.0909597 0.000151199 0.00272826 0.00449256 0.292238 0.0148675 0.0157842 0.00819393 0.0980126 0.000187907 0.0511184 0.000234515 
0.0581785 0.0155673 0.0128183 0.00979668 6.32369e-05 4.23379e-05 0.00021133 0.000125709 0.102275 0.0861487 0.0496267 0.0250788 0.00226541 4.66831e-06 0.0191903 0.000676356 0.0071089 0.107776 0.272469 0.00758514 0.00619063 0.0229004 0.0590971 0.0111475 0.12263 0.00102645 
0.000711317 6.53594e-11 0.0048616 5.72049e-11 9.033e-06 7.7641e-08 0.000139514 0.000229311 0.0399807 0.224858 0.0027065 0.0055492 0.00339786 6.73651e-11 0.0766257 0.000745877 1.72469e-05 0.0319196 0.440502 3.24349e-07 0.00649985 0.0304031 0.0972835 1.089e-06 0.0334726 8.66458e-05 
0.00211189 8.09927e-06 0.14706 1.04888e-09 2.03188e-06 3.42385e-05 0.0106636 0.000678779 0.00327603 0.0123889 0.00321661 0.0482432 0.000189409 3.41007e-07 0.0476967 0.00245441 0.00031159 0.000831568 0.346627 0.0401127 0.0216789 0.193736 0.00901299 1.50663e-08 0.10939 0.000274846 
0.0383434 9.81783e-09 0.0013878 2.94513e-09 2.68525e-05 0.00141146 0.000218438 9.72829e-05 0.0106175 0.108665 2.81433e-05 0.00108779 7.26949e-12 0.00057511 0.0733415 0.00159926 4.47558e-06 0.00474575 0.312958 0.00986221 0.0493913 0.247218 0.118058 2.51664e-06 0.0203448 1.46234e-05 
0.0267552 1.20354e-06 1.20508e-06 1.20379e-06 1.20338e-06 1.20237e-06 1.20406e-06 0.000121652 0.0571275 0.118608 1.20528e-06 0.0267496 1.20478e-06 1.20348e-06 0.238533 1.20406e-06 1.20512e-06 0.0120529 0.392198 1.20507e-06 0.0120528 1.20507e-06 0.0738943 0.041889 1.20543e-06 1.20395e-06 
0.00370521 2.30223e-08 0.00405683 6.93722e-09 7.6347e-05 1.78312e-08 0.000264363 0.0153043 0.0131459 0.0563302 0.00352237 0.00801314 2.54152e-08 1.01493e-10 0.0570608 0.0030385 1.10492e-06 0.000667171 0.410254 0.00208596 0.00287498 0.0462422 0.317702 2.17201e-08 0.0552394 0.000414732 
0.0558262 0.00895661 0.00807925 6.0018e-07 0.00699658 1.24872e-05 0.000131114 0.00452915 0.073892 0.0862598 0.0150304 0.0817714 0.00103251 3.40299e-07 0.151495 0.000305324 3.25183e-05 0.0116536 0.188987 0.000727254 0.00828802 0.0392677 0.183092 0.000105402 0.0733778 0.000150384 
8.15603e-07 3.16044e-06 0.000922826 1.06469e-09 4.46366e-07 1.53846e-07 5.11167e-05 0.000915161 0.0137759 0.0157748 3.05212e-06 1.08321e-06 4.87905e-07 1.25379e-09 0.0405222 6.3779e-07 0.00132804 0.00914998 0.450663 0.0183745 0.000289011 2.13054e-06 0.260604 8.84679e-06 0.187609 2.65268e-07 
0.0317709 0.0020239 0.000406418 1.21159e-12 6.35969e-06 3.28607e-07 1.78231e-05 0.0196645 6.63849e-09 0.0736729 0.0069179 0.000547354 8.02598e-08 0.00408858 0.176043 0.000518744 0.000108061 0.0157708 0.289622 0.000219963 0.118464 0.0329199 0.221425 4.86281e-05 0.00574371 2.09926e-09 
0.0144255 0.000450169 0.0185873 0.000104781 6.03731e-06 1.02975e-05 2.28796e-05 0.000888186 0.0206846 0.00374058 0.00583484 0.0036195 0.000174018 2.55719e-07 0.121795 0.000156495 1.32618e-05 0.000829365 0.675961 0.000134856 0.00194292 0.0544442 0.061036 0.000231404 0.0148985 7.57852e-06 
0.045669 4.57422e-06 0.0102613 2.98672e-05 0.000344406 9.50471e-06 0.0270843 0.00323671 0.00314501 0.0867313 0.00107022 0.00201519 0.00182697 0.00145251 0.0639844 0.00808253 2.4546e-05 0.0958881 0.324339 0.133599 0.0397254 0.00922497 0.10203 2.96365e-06 0.0401992 1.89668e-05 
0.0128952 0.0272427 0.00284788 0.000114091 0.000111699 0.000237687 0.000462149 0.0899137 0.0206062 0.0980139 0.0115762 0.00899047 0.00100042 0.0128321 0.0938073 0.00076309 0.000360725 0.015953 0.25896 0.0126164 0.0214728 0.0139756 0.178123 0.000248329 0.114675 0.00219978 
0.00502584 1.83474e-09 0.000376175 5.32684e-12 3.32169e-05 7.36e-06 3.84221e-05 1.62794e-05 0.000239333 0.0362376 0.000148953 0.000359454 0.000190002 5.81015e-08 0.0168258 9.31816e-05 1.65657e-05 0.00691365 0.672425 0.00619267 0.0273496 0.00308902 0.223298 2.17584e-05 0.0011024 2.13622e-08 
0.00670895 0.270147 7.00015e-07 1.77719e-10 5.36924e-07 3.20959e-10 2.10948e-05 0.0232334 0.000323722 0.00199868 0.000946051 0.00106325 7.76221e-11 1.17206e-06 0.0688573 0.000298829 0.00224132 0.00281136 0.542325 4.85841e-11 0.00475294 0.00110204 0.0683375 0.00133321 0.00349639 8.63568e-08 
0.0232947 3.49675e-08 0.000124157 9.15301e-08 0.000821143 0.0271363 0.00140933 8.58989e-05 0.0276782 0.00678439 0.00050197 0.0261051 3.44239e-05 0.000260154 0.140877 6.88952e-05 0.000553356 0.00148556 0.36638 0.295765 0.00340547 0.0405028 0.017288 2.64502e-06 0.0193954 4.04196e-05 
0.0034306 2.63344e-06 6.13819e-07 2.30488e-06 2.83587e-06 0.00407213 1.94662e-06 1.39665e-06 0.328735 3.20263e-05 9.52401e-05 8.70889e-07 1.0067e-06 2.71425e-06 0.000920707 0.0067216 5.5331e-07 0.311866 0.336283 6.301e-07 0.0017294 0.00467711 0.0001943 0.000962009 0.000261597 2.08896e-06 
0.00389906 0.000713726 0.00312017 3.09527e-06 0.000121829 1.97773e-06 6.97512e-05 0.000300162 0.21378 0.00490725 0.145825 0.0484122 0.000519266 1.68983e-07 0.0523806 0.000104803 0.000248234 0.00766424 0.338444 0.016926 0.000456192 0.0102674 0.0346929 8.47162e-05 0.116631 0.000426556 
0.00506721 0.00911523 0.00154233 0.0127892 2.4292e-06 0.000140561 0.000236959 2.03795e-06 0.099277 0.0181888 0.0544112 0.0218572 0.0183892 4.03276e-07 0.00333545 0.0024036 0.00048154 0.00618363 0.637792 0.00877269 0.0032375 0.011402 0.0390031 0.00439281 0.0419345 4.16352e-05 
0.0395819 5.05953e-08 0.0385598 1.03246e-08 0.000325311 5.48058e-05 0.00292839 1.88735e-05 0.0877073 0.0216178 0.000618676 0.000959134 0.00329585 1.97784e-06 0.212666 8.12754e-08 0.0034062 0.0945237 0.30697 0.00144488 0.0185899 0.00680208 0.0976311 2.99893e-05 0.0435684 0.0186985 
0.00226705 9.15045e-06 0.00513051 4.37964e-09 1.74188e-05 0.000996275 0.00026198 0.00132505 0.00916054 0.0402069 0.0105599 0.000696047 0.00324964 0.00175953 0.0356022 0.00193575 0.000159079 0.00519562 0.332877 0.0025409 0.204723 0.149944 0.17073 5.12929e-05 0.0205627 3.9212e-05 
3.66955e-05 0.000117392 0.00624584 0.000584067 1.49085e-06 2.74495e-08 0.00701794 1.26592e-06 0.0263774 0.0316232 2.28683e-09 0.0109791 0.0661669 1.78986e-08 0.0633672 0.00194045 0.000125246 0.183147 0.275137 0.00639177 0.21427 0.000263393 0.096391 4.32861e-06 0.00981088 1.37753e-08 
0.00217068 2.28744e-06 0.00288112 6.18168e-11 2.64247e-05 3.6597e-05 0.000617988 0.000138874 0.00112841 0.146349 1.05293e-05 0.00366843 0.00022672 0.000202247 0.0214028 0.00491119 3.86228e-05 0.00766085 0.469057 0.010222 0.0103943 0.130687 0.179002 6.82912e-06 0.0090859 7.16587e-05 
1.43492e-07 4.14852e-07 0.00128984 1.02566e-11 3.82497e-06 7.22595e-08 8.66238e-12 0.000358124 0.223686 0.0422928 2.70073e-08 0.0221181 0.00182507 1.20783e-11 0.274024 9.73646e-08 4.45685e-08 3.29028e-08 0.363837 0.00618531 1.34963e-07 0.00213285 0.0447168 6.555e-08 0.0175288 9.29576e-12 
0.0227733 0.000261472 0.000211097 2.60616e-10 0.00529011 4.80941e-06 0.000231793 0.00012026 0.00353787 0.195253 0.0283052 0.0263841 0.000977757 0.000329882 0.0205079 0.000246461 0.0224336 0.0139919 0.337809 0.0703195 0.107179 0.00599975 0.127656 1.27067e-05 0.0099938 0.000169521 
0.0132714 0.000375151 0.0114861 1.73403e-05 0.000183869 0.00165669 0.000853864 0.000564226 0.0889553 0.0196229 0.0130796 0.0198049 0.00749275 0.00320399 0.25544 0.0165215 6.21022e-06 0.0107712 0.26714 0.0335961 0.0310304 0.0183651 0.11919 0.000512056 0.0664278 0.000431792 
0.185588 2.19006e-10 0.000898258 1.91682e-10 0.030336 1.00433e-06 4.56607e-08 2.703e-07 3.8006e-07 6.9197e-07 1.01607e-07 0.00100622 9.74699e-06 1.09897e-06 0.112187 3.3822e-07 2.88365e-05 0.00520637 0.538435 0.0365346 0.0150089 0.00883453 0.0563737 2.26037e-07 0.00853985 0.00100898 
0.00218547 0.00237585 9.23399e-05 8.75891e-08 0.000892577 0.000217322 1.12229e-07 0.000731176 0.232762 0.0735762 1.64491e-05 0.0424365 1.26799e-07 3.06886e-11 0.042981 0.000752535 4.42e-07 0.00497737 0.335567 0.000158273 0.00105833 0.00293224 0.25029 7.36943e-06 0.00598905 2.36187e-11 
0.0237392 0.00445685 0.00612306 0.0424611 0.00427854 0.0014249 0.000837197 0.00168255 0.0228664 0.204507 0.00707166 0.0107323 0.00779133 0.00441924 0.0675639 0.00957587 0.00123939 0.0308386 0.233578 0.0121188 0.0119258 0.118821 0.126061 0.0206634 0.0244833 0.00073961 
0.000724246 1.21277e-09 2.6901e-06 1.06146e-09 1.30599e-09 5.37358e-07 4.09287e-08 6.43194e-10 0.022305 1.95187e-07 2.36636e-07 0.000194737 0.000220821 1.24998e-09 0.000719305 8.99589e-10 0.0027511 5.22228e-07 0.972611 7.96236e-07 0.00025349 0.000213042 4.99767e-07 1.13044e-09 1.38482e-06 9.6202e-10 
0.00474939 0.00073804 0.00138483 4.79876e-06 2.66419e-06 2.55041e-05 0.000207729 0.000195232 0.0127371 0.0368493 0.0345935 0.00104305 0.014825 0.00696498 0.0364484 0.00242169 4.66593e-05 0.00356186 0.403362 0.173186 0.00601594 0.0128755 0.239169 1.90076e-05 0.0083981 0.000174507 
0.0414294 7.07364e-06 7.8293e-06 8.40885e-11 1.45221e-05 0.00157644 0.000145279 0.000154413 0.0246397 0.0117109 0.00207898 0.00730838 3.67273e-11 6.27103e-06 0.0169553 4.16764e-07 0.00027169 0.00883021 0.582599 0.00243631 0.00251064 0.00824206 0.00810496 0.269223 0.0117479 2.86049e-08 
0.00471001 1.16514e-06 0.0109418 8.4994e-07 9.63312e-05 1.12562e-05 0.0025908 0.0020979 0.129413 0.0345416 6.8164e-06 0.00176418 0.00211948 6.81069e-05 0.143172 0.000209148 0.00975585 0.00349627 0.154826 0.00107788 0.141818 0.136398 0.108888 2.16399e-05 0.111853 0.000121328 
0.078574 0.00109957 0.0021869 0.0347545 7.99017e-05 5.60829e-08 7.14154e-05 0.000356256 0.0084405 0.0894663 0.000118215 0.00132278 0.000749757 2.51475e-11 0.0432781 0.000137304 2.95201e-05 0.0151028 0.578419 0.00141053 0.0109762 0.00802329 0.112136 0.000123508 0.0130481 9.5806e-05 
0.226403 0.000241632 0.0173936 2.4716e-08 0.000115689 1.12939e-05 0.0015474 0.000186353 0.0322998 0.079071 0.000374216 0.00377882 0.000106045 7.79975e-07 0.0862165 2.59897e-05 2.19456e-05 0.0217063 0.286958 0.00790547 0.0673482 0.0303636 0.0915317 8.10262e-06 0.0463735 1.00716e-05 
0.00674233 4.87608e-07 0.0182542 0.000194423 1.01913e-05 1.06217e-05 0.000151946 0.000983119 0.00444697 0.18849 0.00143663 0.00108478 0.00336555 0.000587935 0.0843189 0.000819576 0.000221702 0.0374677 0.227492 0.0131828 0.00938513 0.195894 0.175053 7.08078e-06 0.0302489 0.000149434 
0.0259781 3.00075e-08 0.00117054 2.86993e-08 5.23723e-05 2.623e-07 0.00150862 0.00032076 0.000553378 0.0260357 3.44308e-07 0.00100696 4.14241e-05 0.000405883 0.138563 0.00241216 2.14827e-05 0.00158856 0.369211 0.0110443 0.0501513 0.00518083 0.35087 1.33867e-11 0.0138828 8.94862e-09 
0.00749556 0.00010197 0.000801107 4.45593e-05 9.76111e-07 2.46473e-05 4.58752e-05 2.4227e-05 0.0135445 0.0158741 0.00683767 0.000513163 0.001722 0.000515233 0.00659763 0.000489569 0.000497201 0.00551394 0.820389 0.0281459 0.00272438 0.00162263 0.0757302 3.41975e-06 0.0105627 0.000177593 
0.00282466 2.67445e-05 0.000502843 1.81096e-06 1.5767e-07 0.000465179 0.00110904 5.41685e-05 0.020391 0.036011 5.7059e-05 0.0432401 0.000246071 4.00584e-07 0.0258387 0.000528133 4.47299e-05 0.00385235 0.677091 0.0708179 0.00809658 0.00455737 0.0980214 5.59007e-05 0.00615594 1.01218e-05 
0.0151963 0.000858553 0.00551473 7.97807e-07 0.00132138 7.56422e-07 0.000842849 0.00134909 0.0484431 0.124864 0.000832108 0.115148 7.86308e-05 0.00107989 0.0234592 0.00115218 0.246726 0.00791357 0.294735 0.0414412 0.0103089 0.0146986 0.0259527 5.41043e-05 0.0178768 0.000151867 
0.0303593 1.01758e-06 0.0291365 3.27634e-10 0.000348638 1.07618e-05 1.69017e-07 9.1406e-06 0.000931961 0.000801244 0.000451663 8.45474e-05 0.00111955 1.27316e-05 0.0449128 3.91228e-06 3.31749e-08 0.0230367 0.836123 0.00738189 2.25888e-07 3.13803e-07 0.0103793 1.28336e-06 0.0148929 2.96942e-10 
0.124596 1.7882e-07 0.00677696 3.65948e-10 8.58185e-05 0.000794193 0.00910491 3.42929e-06 0.00502979 0.00256622 0.0371409 0.000199976 0.00271386 1.73871e-07 0.0572041 0.0031518 9.88787e-06 0.0572033 0.595417 0.010125 0.0131271 0.0193619 0.033654 1.99136e-07 0.0216966 3.68607e-05 
0.0543545 0.000417863 0.0099457 1.11074e-08 6.28831e-05 1.27465e-05 0.0112313 0.00107297 0.250531 0.00171533 0.00350765 0.000480308 7.04861e-05 1.28721e-06 0.133846 8.53816e-05 9.81168e-06 0.00080371 0.358219 0.000149431 0.00111442 0.00878772 0.0580809 1.38984e-06 0.105494 3.70195e-06 
0.0420701 0.00124101 0.000435581 0.000373571 0.000804749 0.000230888 1.62391e-10 0.000188218 0.23308 0.00954252 2.89297e-11 0.0132851 8.39811e-11 2.26429e-10 2.53666e-11 0.00603378 4.61583e-11 0.000270424 0.495626 5.25642e-11 0.00148932 0.0123267 0.152843 2.04774e-10 0.0301583 1.74265e-10 
0.0227733 0.000261472 0.000211097 2.60616e-10 0.00529011 4.80941e-06 0.000231793 0.00012026 0.00353787 0.195253 0.0283052 0.0263841 0.000977757 0.000329882 0.0205079 0.000246461 0.0224336 0.0139919 0.337809 0.0703195 0.107179 0.00599975 0.127656 1.27067e-05 0.0099938 0.000169521 
0.00580396 0.000194383 0.0024935 9.59167e-07 1.72535e-06 6.07816e-05 0.00114386 6.92603e-05 0.253696 0.143868 0.013116 0.00816967 0.00661847 1.68117e-06 0.0371916 0.000829934 0.000446176 0.00573085 0.359227 0.00636429 0.00383731 0.00336198 0.118283 0.00178372 0.02726 0.000446579 
8.22836e-06 0.00822565 8.22795e-06 8.21915e-06 0.023014 8.20945e-06 8.221e-06 8.22386e-06 0.171166 8.22981e-06 8.22935e-06 0.037028 8.22593e-06 8.21701e-06 8.22957e-06 8.22098e-06 0.00576802 8.22861e-06 0.697032 8.22788e-06 8.2285e-06 0.0164639 8.23038e-06 8.21838e-06 0.0362216 0.00494038 
1.23866e-05 1.23702e-05 1.2386e-05 1.23728e-05 1.23686e-05 0.0173138 1.23755e-05 1.23798e-05 0.315887 0.163545 1.23881e-05 1.2384e-05 1.2383e-05 1.23695e-05 1.23885e-05 1.23755e-05 1.23865e-05 1.2387e-05 0.323342 0.0322157 1.23868e-05 1.23859e-05 0.147449 1.23716e-05 1.23896e-05 1.23744e-05 
0.0316999 0.000436166 0.00199407 0.000528883 9.01731e-05 0.000691721 0.00108848 0.00821024 0.0733032 0.0225967 0.00146589 0.00829263 0.0138271 0.0128432 0.175244 0.00349949 2.24881e-05 0.016249 0.401601 0.039829 0.0197319 0.00408684 0.100078 4.09698e-06 0.0625838 1.55241e-06 
0.000641811 0.000845945 0.00190814 3.77346e-12 1.34617e-07 8.43088e-05 0.000677114 0.000373242 0.123842 0.00974835 0.012768 0.00285723 0.0057114 7.46195e-09 0.0937089 0.000551325 0.000222266 0.00308192 0.610211 0.00010189 0.0131447 0.029485 0.0845596 2.28354e-05 0.00545226 3.41997e-12 
0.0130056 0.00977458 0.000331138 6.96987e-12 7.01802e-05 1.0995e-07 0.000104492 0.013796 0.00903459 0.275303 0.00282629 0.0851179 0.0135795 2.67511e-06 0.0283782 0.00571891 0.000412595 0.050968 0.338515 0.00679677 0.0113895 0.0765508 0.0534475 1.82619e-05 0.00471865 0.00013968 
0.00985937 0.00224779 0.00651005 0.000466678 0.000845771 0.000459775 0.00204623 0.000249998 0.00429062 0.206733 0.00388077 0.00909524 0.00966474 0.00927464 0.0249649 0.00104032 0.00343479 0.0170949 0.381355 0.0335094 0.0104233 0.0112312 0.218052 2.71659e-05 0.0330062 0.000235548 
0.116743 3.15183e-09 0.000278105 1.63422e-06 2.34852e-07 0.163128 0.000273706 0.00664522 0.112991 0.00793588 0.00362423 0.00598108 0.000123731 0.00807759 0.0591565 0.00107328 7.65549e-06 0.0364336 0.35457 0.00884234 0.00276483 0.000798317 0.0468026 8.02048e-05 0.0502921 0.0133762 
0.174557 4.65243e-07 7.12947e-05 4.07197e-07 0.0010466 0.000307836 3.43904e-07 0.10858 0.0731277 3.92394e-05 6.1266e-08 0.000128656 0.192683 9.4732e-06 0.0410395 0.00086503 9.77518e-08 8.40639e-05 0.218124 0.00139471 5.28024e-05 0.140511 0.0470453 8.56724e-06 0.000321869 3.6905e-07 
0.0033152 0.000208042 0.00153303 4.69632e-08 1.23713e-06 2.28071e-05 0.000284632 0.000458651 0.0175411 0.166642 0.000642631 0.162068 0.0017146 0.00303734 0.0287873 0.000702389 0.0232021 0.0036527 0.318284 0.00961279 0.0278834 0.0242777 0.171174 4.76598e-05 0.0348755 3.0529e-05 
0.0278522 0.000917864 0.00102929 6.8295e-07 1.01449e-06 6.8889e-08 0.000312944 0.00455908 0.0123785 0.0269452 0.00123759 0.00254409 0.00010549 7.5388e-08 0.016362 0.000198097 4.34564e-06 0.00422764 0.696629 0.00445496 0.0270301 0.0232175 0.131597 9.83455e-05 0.0180591 0.000237273 
0.0112262 1.52784e-05 0.0144479 7.88453e-10 1.04152e-05 4.08042e-05 8.84352e-06 0.00820398 0.0123587 0.00364909 0.00427263 0.0134136 0.000505125 1.23707e-06 0.0841984 1.48052e-05 0.000113746 0.0250322 0.509976 0.007903 0.00418138 0.00277978 0.182732 3.50836e-05 0.113112 0.00176819 
0.0221151 3.48747e-10 0.0149387 3.05236e-10 0.0936577 0.00110142 0.00089893 0.000697327 0.0844271 0.0233502 0.000983039 0.000743243 2.21061e-05 3.35845e-05 0.245304 0.000390872 8.33679e-07 0.00107424 0.314442 0.00322348 0.0449141 0.0367346 0.026255 9.57772e-06 0.0846829 2.8138e-07 
0.0130813 0.00241493 0.00373887 5.78611e-09 0.00029644 0.0082237 0.00375449 0.000295531 0.00399989 0.157153 0.00239906 0.0250417 0.000216367 0.000528485 0.0708823 0.00642879 0.118152 0.0268492 0.21002 0.0293275 0.129046 0.0978681 0.0763683 2.84813e-05 0.0128892 0.000995867 
0.0282538 0.0298629 0.000340783 1.01213e-12 6.29003e-06 0.00258941 2.98272e-05 0.0511542 2.2831e-06 0.0722959 0.00964826 0.00045767 0.000398635 0.00554595 0.151404 0.000437152 9.96521e-05 0.0152793 0.273963 0.00159423 0.114763 0.0318158 0.204982 5.01849e-05 0.00502598 5.23253e-08 
0.0130026 8.83756e-12 0.000345059 7.73494e-12 0.00103398 2.47264e-07 3.64456e-05 0.000526118 0.00410854 0.145266 0.0156317 0.000525322 0.00181243 0.00382618 0.0115884 0.00553829 1.08178e-05 0.0010953 0.637551 0.000732566 0.0148853 0.0190903 0.100723 1.86588e-05 0.0209861 0.00166554 
0.0171962 0.000294963 0.00674598 0.00067701 0.00140344 0.000512399 0.127508 0.000411741 0.00559922 0.0575712 0.093786 0.00326877 0.0053707 0.00297936 0.0463506 0.00333964 0.000224214 0.0124373 0.269857 0.182611 0.0162977 0.0180201 0.0967469 1.27872e-05 0.0306032 0.000174433 
0.0524406 5.45213e-05 0.01456 6.73226e-09 0.000245869 0.00114022 4.65354e-05 0.000715544 0.00779778 0.00928886 0.0148277 0.0193697 0.00148151 0.000160612 0.0880734 0.000603739 0.00380204 0.11437 0.246938 0.0467236 0.030352 0.0391116 0.167227 2.97194e-06 0.140371 0.000295049 
0.000286432 0.00176815 0.0055539 2.02024e-06 4.02238e-08 6.85562e-09 0.00479265 0.000934361 0.0393702 0.0359267 0.074315 0.0700994 0.000843872 0.000232782 0.0428267 0.000225249 6.81347e-05 0.0160432 0.353594 0.0368488 0.00422134 0.00482145 0.249515 2.76419e-05 0.0573875 0.000294586 
