0.516258 2.53138e-08 0.0401143 2.21555e-08 4.06395e-06 2.07782e-05 1.87118e-08 6.32823e-06 0.00458188 0.0999271 7.40778e-06 0.0114476 0.0518267 2.60906e-08 2.95438e-05 0.0104086 5.31866e-09 0.197435 3.37674e-09 6.15974e-06 0.00978358 3.45117e-05 0.0555353 2.35955e-08 0.0025737 2.008e-08 
2.98818e-07 4.42839e-10 5.47168e-07 3.87588e-10 4.7688e-10 6.99982e-10 1.34243e-06 5.33157e-06 0.0488267 0.462255 0.000245201 1.46449e-10 0.08965 4.56429e-10 0.0385379 3.28483e-10 9.30446e-11 8.58043e-06 5.90727e-11 1.05958e-10 3.2577e-05 0.0730061 0.287428 4.12779e-10 1.56299e-06 3.5163e-07 
0.981447 2.42196e-08 0.00964966 0.000738046 1.44121e-05 3.82833e-08 1.7903e-08 4.73619e-06 0.00324239 3.80058e-08 7.0495e-07 2.49425e-07 9.25859e-09 2.49629e-08 6.40052e-06 1.881e-05 5.08877e-09 1.88597e-05 3.23079e-09 5.795e-09 7.60368e-05 0.00227367 0.00247088 2.25756e-08 3.78502e-05 1.92121e-08 
1.96771e-05 0.000278054 0.0025173 1.66212e-07 2.04503e-07 3.00177e-07 1.89816e-06 0.000393076 0.0487227 0.032891 0.000246404 0.000226726 0.842514 1.95733e-07 0.00172934 0.00861936 3.99008e-08 0.0211045 2.53325e-08 0.00283024 0.000565597 1.99449e-05 0.00567664 2.39357e-06 0.0307735 0.000867109 
0.00291602 5.85692e-09 1.36517e-09 7.70689e-07 2.14507e-05 9.97693e-06 0.154052 3.10623e-09 0.433396 2.08065e-05 1.35565e-06 9.66063e-06 0.213898 1.12946e-05 1.53359e-06 5.42046e-06 1.23059e-09 8.27701e-06 7.81287e-10 1.40138e-09 1.13175e-09 0.00367005 0.120953 5.45935e-09 0.070996 2.79115e-05 
0.0236387 8.36567e-10 1.94992e-10 7.32193e-10 9.00874e-10 1.32234e-09 6.18385e-10 2.14598e-06 1.4757e-10 0.0318612 5.0017e-08 2.76656e-10 5.14961e-07 8.62239e-10 0.550976 6.20536e-10 1.93712e-07 1.5452e-10 1.11594e-10 0.17813 6.4367e-07 0.198097 0.0163406 7.79781e-10 0.000952661 3.34692e-07 
0.000625493 1.14617e-07 0.00334598 1.28849e-06 2.50025e-05 0.000492243 0.0913395 6.07875e-08 0.847001 0.00479536 2.99848e-06 0.0108412 0.00600233 2.88057e-07 0.000548229 5.63045e-06 6.14231e-06 0.0164405 1.52894e-08 0.00077292 0.01625 1.09983e-05 0.000114642 9.62303e-06 0.000553561 0.00081474 
0.000303108 0.000107509 0.00128388 1.99978e-06 1.06186e-05 0.000159552 4.32883e-05 7.76625e-05 0.0600973 0.00727281 9.63573e-06 0.000143559 0.68623 2.35496e-06 9.44692e-06 0.00101172 0.000205496 0.189564 1.05544e-06 0.000974803 0.0372661 0.0101332 0.00330029 2.12975e-06 0.00178604 1.81244e-06 
0.395006 7.05247e-09 0.0527438 6.17257e-09 2.7733e-08 4.07074e-08 5.21315e-09 2.26925e-06 0.00177832 1.51559e-07 0.00047579 2.80631e-07 1.36813e-06 7.26889e-09 0.0439034 5.23128e-09 1.48179e-09 0.00216351 9.40768e-10 1.68744e-09 0.0862212 0.0020124 0.032027 6.57375e-09 0.383663 1.91921e-06 
0.208112 5.98322e-08 1.8795e-06 5.23672e-08 0.0293084 9.45749e-08 4.42276e-08 0.0018565 0.000292876 1.06237e-05 0.00212802 1.97867e-08 2.28724e-08 6.16683e-08 4.69825e-06 5.59249e-05 1.25713e-08 1.10514e-08 7.98134e-09 1.4316e-08 5.58317e-06 0.018469 6.61921e-06 5.57707e-08 0.0264631 0.713284 
3.11616e-05 0.0011702 2.90442e-05 8.78635e-10 7.43591e-05 1.14511e-05 0.625496 8.59094e-05 0.00119148 0.00605381 0.0162614 0.2442 0.0130128 0.000590943 0.000597276 7.141e-06 2.07014e-05 0.00419671 1.33914e-10 2.40198e-10 1.64385e-07 0.000191662 0.0183545 9.3574e-10 0.0682543 0.00016937 
1.88218e-09 1.6539e-06 0.00757827 4.22828e-07 5.08313e-06 1.45541e-08 6.80619e-09 4.88325e-09 0.00177254 9.06501e-09 0.0916714 8.78821e-07 0.000365748 2.45942e-05 5.18486e-07 6.82986e-09 2.44991e-06 4.10092e-05 1.22825e-09 2.20309e-09 1.77921e-09 2.20146e-09 4.05649e-07 8.58256e-09 0.898534 1.46277e-06 
1.60819e-07 5.70698e-05 0.0112172 4.52975e-11 5.57331e-11 1.39154e-07 1.02149e-06 0.0033268 2.05963e-06 0.00305965 0.130283 7.685e-07 4.9859e-07 3.13128e-06 3.20317e-07 9.44428e-07 1.08741e-11 1.96352e-06 6.90384e-12 1.23833e-11 3.73036e-07 4.96203e-09 0.0013981 9.69654e-09 0.831923 0.018724 
1.76809e-10 8.13465e-06 5.39588e-05 1.42809e-07 1.54116e-06 1.36719e-09 0.000507349 0.000336128 0.474286 2.56634e-06 0.0434559 0.000440396 0.0145768 0.000405914 5.12064e-07 6.41586e-10 1.81733e-10 3.0879e-06 1.1538e-10 0.0299814 0.0131499 2.06802e-10 0.105205 8.06231e-10 0.295582 0.0220035 
3.03746e-07 2.68731e-07 0.135062 1.00221e-09 1.23309e-09 4.52855e-07 1.03748e-05 4.8758e-06 0.329151 0.005666 0.00025129 5.32534e-06 0.00753078 3.40881e-07 0.195711 3.11532e-06 0.000208086 0.0103332 1.52747e-10 0.0014577 0.188493 0.00265057 0.0381594 1.06734e-09 0.0580263 0.0272742 
3.37629e-09 5.00399e-12 0.984189 4.37967e-12 5.38865e-12 1.11145e-05 5.29103e-09 0.00113709 1.35698e-09 1.55595e-07 9.75732e-07 0.000302171 3.36295e-09 5.15755e-12 0.000453374 3.71178e-12 2.36746e-09 9.24271e-13 6.6751e-13 1.00897e-05 9.66936e-13 7.52402e-10 0.000592221 4.66432e-12 0.0133035 4.60347e-08 
0.0398745 6.11097e-09 0.180009 5.34854e-09 3.13591e-08 4.603e-08 4.51719e-09 3.24096e-09 0.24773 9.19048e-06 0.0103363 3.44442e-07 0.0516598 6.2985e-09 0.139525 4.53291e-09 1.37798e-06 4.84216e-06 8.15176e-10 1.46216e-09 4.81643e-06 3.47286e-06 0.0944321 5.69616e-09 0.236407 2.35938e-06 
0.0163528 2.36058e-11 0.0110006 2.06606e-11 4.15093e-08 9.57285e-08 5.60338e-05 0.226178 0.000672795 0.00100299 1.09152e-06 0.00179978 1.89767e-05 2.43302e-11 0.0168451 1.33677e-08 1.02525e-08 0.000536445 3.1489e-12 0.000409255 0.00474609 0.00251216 0.00436416 2.20034e-11 0.713503 5.56535e-07 
5.31949e-05 0.000303065 2.06279e-05 1.04407e-06 1.2846e-06 4.74963e-05 8.81784e-07 2.18222e-05 0.97047 4.45124e-06 7.65936e-06 2.90222e-05 4.56017e-07 1.22951e-06 2.52984e-06 8.84851e-07 7.55706e-06 6.09678e-06 1.59127e-07 2.85423e-07 2.88329e-05 2.85213e-07 1.79606e-05 1.11192e-06 0.0253757 0.00359673 
3.98023e-08 0.00794444 0.000535585 1.70419e-07 2.09679e-07 0.00120063 1.4393e-07 0.000557739 0.985562 0.000114095 0.00019746 0.000753449 7.44336e-08 2.00687e-07 6.29743e-05 1.4443e-07 0.000192321 0.000154684 2.59737e-08 4.65884e-08 3.76247e-08 4.65541e-08 0.000470931 1.81495e-07 0.00180411 0.00044807 
7.42236e-10 3.631e-09 0.000438385 3.17798e-09 3.91012e-09 5.73941e-09 0.000507308 0.012944 0.108964 9.48514e-07 0.000718296 0.000461998 0.000621421 3.74243e-09 0.0205786 2.69335e-09 7.62907e-10 0.74136 4.84359e-10 8.68786e-10 0.0853408 8.68146e-10 0.0125839 3.38453e-09 0.0154783 1.68279e-06 
0.0060058 6.93821e-06 0.00496535 0.000106054 1.41796e-06 0.00227551 1.81826e-05 9.7622e-05 0.00584043 0.00368519 4.65237e-06 9.66891e-06 0.00342345 8.49362e-06 0.0342959 0.00799966 3.34276e-07 0.00502625 1.75648e-07 0.00132112 0.83821 0.0194799 0.0194827 1.22736e-06 0.0476987 3.51529e-05 
3.70162e-07 3.2739e-07 0.152259 1.11452e-09 1.37128e-09 5.35153e-07 1.43907e-05 5.7632e-06 0.272592 0.00479981 0.000351406 6.29458e-06 0.00474964 4.15319e-07 0.211082 3.68228e-06 0.000242005 0.0144658 1.69865e-10 0.00204038 0.211859 0.00176726 0.0362694 1.18695e-09 0.0493393 0.0381518 
6.40864e-06 9.58145e-06 4.0797e-05 2.56586e-07 0.00475955 4.58804e-09 3.43507e-06 2.00275e-06 0.754958 5.38535e-06 4.20837e-07 9.59899e-10 1.10959e-09 0.000159459 2.30254e-05 2.15304e-09 6.10472e-07 0.0560366 3.87193e-10 0.00175618 1.94069e-05 7.70398e-06 2.23807e-05 2.70557e-09 4.40638e-05 0.182145 
6.17333e-05 2.00115e-09 0.00188055 1.75148e-09 2.15498e-09 3.16316e-09 1.95979e-06 1.06131e-09 0.993246 4.36555e-06 1.8599e-06 3.23978e-07 0.00051322 2.06256e-09 1.81652e-06 8.41334e-05 1.68588e-08 0.000613357 2.66944e-10 1.74366e-06 3.86688e-10 3.81243e-05 1.59828e-06 1.86531e-09 0.00306783 0.000481149 
1.76893e-11 8.65357e-11 0.0394017 7.57391e-11 1.7715e-07 1.36784e-10 6.0641e-06 0.285534 0.00442728 0.262073 1.1742e-05 1.91455e-06 1.83269e-06 6.60103e-07 4.21854e-05 1.47699e-07 5.6795e-05 3.30704e-06 1.15435e-11 1.40591e-06 0.141872 5.33598e-06 0.0650004 8.06616e-11 0.20156 4.05066e-07 
0.0836044 0.000377586 0.0221792 3.49301e-06 1.66512e-07 2.44413e-07 2.53791e-05 8.20062e-08 0.794238 0.00192545 0.000153165 0.000153088 0.0183834 2.52215e-07 0.0278088 0.000258216 2.15137e-05 0.0184627 2.06264e-08 0.000249643 0.0194776 0.000841151 0.00468189 1.4413e-07 0.00715429 1.22656e-07 
6.80192e-05 0.000350566 0.0106328 8.66735e-07 0.000145034 4.50569e-07 1.76307e-07 1.26495e-07 0.0473724 1.27122e-06 3.96327e-05 0.000919543 3.4891e-06 2.45832e-07 0.00364525 1.7692e-07 5.10468e-06 1.17992e-06 3.18165e-08 5.70685e-08 9.78505e-06 0.00031701 0.0624839 2.22322e-07 0.873248 0.000754474 
1.76893e-11 8.65357e-11 0.0394017 7.57391e-11 1.7715e-07 1.36784e-10 6.0641e-06 0.285534 0.00442728 0.262073 1.1742e-05 1.91455e-06 1.83269e-06 6.60103e-07 4.21854e-05 1.47699e-07 5.6795e-05 3.30704e-06 1.15435e-11 1.40591e-06 0.141872 5.33598e-06 0.0650004 8.06616e-11 0.20156 4.05066e-07 
4.54869e-08 4.92828e-10 0.176723 4.31341e-10 5.30712e-10 8.7348e-05 5.15378e-06 1.65115e-07 0.784443 2.40512e-08 0.000165092 0.00420834 1.88396e-10 2.85084e-06 2.15408e-07 3.65563e-10 1.49021e-05 3.28172e-07 6.5741e-11 1.17918e-10 7.63772e-07 1.17832e-10 0.00314938 4.59375e-10 0.0311991 3.90933e-10 
3.72443e-07 3.28465e-07 0.229217 1.1523e-10 1.41776e-10 2.43268e-07 6.86401e-05 2.62722e-06 0.000664077 0.00879691 0.00174721 2.86956e-06 3.34606e-06 4.16956e-07 0.0800614 1.67843e-06 1.13504e-05 0.0088837 1.75623e-11 0.0101917 0.324001 8.62596e-07 0.0507053 1.22719e-10 0.095673 0.189966 
0.137479 3.61649e-06 0.169034 0.00620773 2.3586e-06 3.13512e-08 8.33804e-06 2.2469e-06 0.0290622 0.0535065 1.88492e-07 0.0246393 0.000446899 2.04428e-08 0.00220998 1.90671e-06 4.16734e-09 0.095689 2.64578e-09 4.31361e-07 0.119418 0.0789227 0.190698 1.84878e-08 0.0926637 3.6558e-06 
2.21078e-10 1.08151e-09 0.00191786 9.46574e-10 1.61108e-06 1.27414e-06 0.00528785 0.000234874 0.0213728 0.017593 6.59933e-05 1.1698e-06 2.71504e-06 1.1147e-09 0.456704 8.02225e-10 4.48797e-08 0.00534047 1.44268e-10 2.58771e-10 0.0170823 2.58581e-10 0.474377 1.00809e-09 1.56773e-05 9.1308e-07 
0.430642 7.33474e-08 0.0872249 6.41963e-08 1.35859e-07 5.9433e-05 4.25535e-05 0.00376766 0.00286383 0.00027833 0.00712049 6.70996e-05 0.00569451 7.55982e-08 0.013816 0.000829625 1.5411e-08 0.000275082 9.78421e-09 0.00173176 0.127593 0.00275155 0.207992 6.83686e-08 0.107231 1.72674e-05 
5.31949e-05 0.000303065 2.06279e-05 1.04407e-06 1.2846e-06 4.74963e-05 8.81784e-07 2.18222e-05 0.97047 4.45124e-06 7.65936e-06 2.90222e-05 4.56017e-07 1.22951e-06 2.52984e-06 8.84851e-07 7.55706e-06 6.09678e-06 1.59127e-07 2.85423e-07 2.88329e-05 2.85213e-07 1.79606e-05 1.11192e-06 0.0253757 0.00359673 
1.72997e-10 8.46299e-10 0.126275 7.40711e-10 9.11355e-10 1.33772e-09 6.25579e-10 0.00145585 0.00059775 0.0144009 0.0685496 2.79874e-10 0.0363574 8.7227e-10 0.00641297 6.27756e-10 1.77815e-10 0.0179001 1.12893e-10 2.02493e-10 0.250024 0.00447167 0.113181 7.88852e-10 0.360374 6.71321e-10 
0.750254 1.83954e-09 1.69345e-06 1.61003e-09 1.98095e-09 2.9077e-09 0.0005479 9.75603e-10 0.0119534 2.33375e-07 3.04905e-06 6.08342e-10 0.0342136 1.89599e-09 1.01632e-06 1.36451e-09 3.86504e-10 0.105059 2.45386e-10 6.51859e-07 0.0159366 0.0798772 5.86177e-06 8.34754e-07 0.00214408 9.9868e-07 
2.5074e-05 1.58084e-06 1.81879e-06 7.48429e-10 1.76098e-06 8.19453e-07 0.627441 4.735e-06 0.00107463 0.00570542 0.00740335 0.262694 1.40166e-05 0.000632165 0.000621308 4.45165e-07 1.45269e-06 0.00454814 1.14069e-10 2.04603e-10 9.13251e-08 1.34187e-06 0.0172489 7.97071e-10 0.0725751 2.29115e-06 
1.76893e-11 8.65357e-11 0.0394017 7.57391e-11 1.7715e-07 1.36784e-10 6.0641e-06 0.285534 0.00442728 0.262073 1.1742e-05 1.91455e-06 1.83269e-06 6.60103e-07 4.21854e-05 1.47699e-07 5.6795e-05 3.30704e-06 1.15435e-11 1.40591e-06 0.141872 5.33598e-06 0.0650004 8.06616e-11 0.20156 4.05066e-07 
0.00759094 0.000512038 6.61627e-05 5.61799e-07 6.91225e-07 4.55906e-05 5.48247e-05 3.40424e-07 0.742356 2.4295e-05 0.00312993 2.12273e-07 0.000534285 6.6158e-07 0.00133051 0.00056948 1.34866e-07 0.1353 8.56243e-08 1.53582e-07 0.0186787 0.0343276 0.0546141 5.98311e-07 0.000822867 3.9392e-05 
5.31949e-05 0.000303065 2.06279e-05 1.04407e-06 1.2846e-06 4.74963e-05 8.81784e-07 2.18222e-05 0.97047 4.45124e-06 7.65936e-06 2.90222e-05 4.56017e-07 1.22951e-06 2.52984e-06 8.84851e-07 7.55706e-06 6.09678e-06 1.59127e-07 2.85423e-07 2.88329e-05 2.85213e-07 1.79606e-05 1.11192e-06 0.0253757 0.00359673 
2.21078e-10 1.08151e-09 0.00191786 9.46574e-10 1.61108e-06 1.27414e-06 0.00528785 0.000234874 0.0213728 0.017593 6.59933e-05 1.1698e-06 2.71504e-06 1.1147e-09 0.456704 8.02225e-10 4.48797e-08 0.00534047 1.44268e-10 2.58771e-10 0.0170823 2.58581e-10 0.474377 1.00809e-09 1.56773e-05 9.1308e-07 
1.00491e-06 1.40855e-10 3.29958e-06 3.71076e-08 1.51682e-10 2.22645e-10 5.72758e-07 0.883329 1.09351e-07 3.6724e-07 1.2294e-05 0.00747187 9.79445e-06 1.45177e-10 0.0128681 1.04481e-10 1.15449e-07 2.60168e-11 1.87894e-11 3.40391e-09 0.00651681 0.00878675 0.0134627 1.31293e-10 0.0675309 6.26826e-06 
0.981447 2.42196e-08 0.00964966 0.000738046 1.44121e-05 3.82833e-08 1.7903e-08 4.73619e-06 0.00324239 3.80058e-08 7.0495e-07 2.49425e-07 9.25859e-09 2.49629e-08 6.40052e-06 1.881e-05 5.08877e-09 1.88597e-05 3.23079e-09 5.795e-09 7.60368e-05 0.00227367 0.00247088 2.25756e-08 3.78502e-05 1.92121e-08 
0.0153065 2.80927e-07 0.0898673 3.49417e-10 3.74273e-06 2.72633e-06 0.0156377 0.0668598 0.000973514 0.00019487 0.00653131 1.85715e-05 1.36881e-07 4.11477e-10 0.00913649 2.96132e-10 7.43774e-09 6.11783e-08 5.32549e-11 9.55223e-11 0.00757548 0.114518 0.0099814 3.72126e-10 0.663386 5.55935e-06 
0.39815 1.69329e-06 0.000669817 1.48203e-06 8.74132e-05 7.03243e-05 4.07957e-05 0.0124878 0.0963025 0.000327525 0.285147 0.0718246 0.0120355 1.74526e-06 0.00052189 0.00167605 3.55777e-07 0.00295601 2.25878e-07 4.05152e-07 0.000415294 0.00104633 0.00194561 0.000366278 0.113252 0.000672055 
0.0236387 8.36567e-10 1.94992e-10 7.32193e-10 9.00874e-10 1.32234e-09 6.18385e-10 2.14598e-06 1.4757e-10 0.0318612 5.0017e-08 2.76656e-10 5.14961e-07 8.62239e-10 0.550976 6.20536e-10 1.93712e-07 1.5452e-10 1.11594e-10 0.17813 6.4367e-07 0.198097 0.0163406 7.79781e-10 0.000952661 3.34692e-07 
3.21242e-05 2.916e-06 0.00188154 1.95226e-05 3.14015e-06 4.60923e-06 0.000929747 0.167148 0.397614 0.000117977 3.3626e-06 0.0252793 1.96451e-05 3.00548e-06 0.0284118 0.000264794 0.0106086 0.0817077 3.88981e-07 6.97708e-07 0.0818155 3.84164e-05 0.00699746 2.71806e-06 0.197091 2.3131e-06 
0.0236387 8.36567e-10 1.94992e-10 7.32193e-10 9.00874e-10 1.32234e-09 6.18385e-10 2.14598e-06 1.4757e-10 0.0318612 5.0017e-08 2.76656e-10 5.14961e-07 8.62239e-10 0.550976 6.20536e-10 1.93712e-07 1.5452e-10 1.11594e-10 0.17813 6.4367e-07 0.198097 0.0163406 7.79781e-10 0.000952661 3.34692e-07 
0.000106849 2.16293e-06 2.56535e-05 1.89308e-06 0.000359405 0.00289358 7.55195e-05 1.14712e-06 0.839676 0.000224568 0.0509813 7.15291e-07 0.00200939 0.0045657 0.000130824 0.0751976 1.09602e-05 0.000464566 2.88526e-07 5.17523e-07 4.17951e-07 5.34474e-05 0.00919822 0.0139051 0.000112326 1.71573e-06 
2.50535e-10 5.00062e-05 3.37123e-06 1.0727e-09 1.31983e-09 0.00907637 9.05965e-10 3.51069e-06 0.988956 0.000359804 1.24291e-06 4.74258e-06 4.68522e-10 1.26322e-09 0.000436427 9.09116e-10 0.00109072 9.73658e-07 1.63491e-10 2.93251e-10 2.36829e-10 2.93035e-10 2.96427e-06 1.14242e-09 1.13559e-05 2.82037e-06 
0.0022802 4.46334e-06 0.021835 2.73267e-09 2.90179e-06 4.93518e-09 0.00326185 2.775e-06 0.161654 0.035366 8.67669e-07 0.0548443 0.000169677 6.65409e-06 5.95284e-07 2.31595e-09 3.65681e-07 0.231062 4.16488e-10 7.47047e-10 0.480454 9.30422e-06 0.00903696 2.91027e-09 2.44338e-06 4.51653e-06 
0.000771417 3.25406e-07 0.00548856 2.84807e-07 0.0252305 5.14359e-07 2.40538e-07 0.00145458 0.758353 0.0117457 0.00251513 9.77769e-05 0.0196444 3.35392e-07 0.0212016 2.22662e-05 1.45837e-05 0.0401121 4.34077e-08 5.73784e-06 0.0422612 0.0118293 0.0147267 3.03317e-07 0.043727 0.000796306 
0.000174939 1.31102e-06 0.0540261 1.14745e-06 1.6374e-05 7.89394e-05 0.685695 6.953e-07 0.0120748 0.000117149 2.76176e-05 0.000244075 0.0865502 1.35125e-06 0.0107347 0.000243167 2.75457e-07 0.13785 1.74884e-07 3.13685e-07 0.00248137 0.00357078 0.000574736 1.22202e-06 0.0055331 1.03996e-06 
2.21078e-10 1.08151e-09 0.00191786 9.46574e-10 1.61108e-06 1.27414e-06 0.00528785 0.000234874 0.0213728 0.017593 6.59933e-05 1.1698e-06 2.71504e-06 1.1147e-09 0.456704 8.02225e-10 4.48797e-08 0.00534047 1.44268e-10 2.58771e-10 0.0170823 2.58581e-10 0.474377 1.00809e-09 1.56773e-05 9.1308e-07 
2.5074e-05 1.58084e-06 1.81879e-06 7.48429e-10 1.76098e-06 8.19453e-07 0.627441 4.735e-06 0.00107463 0.00570542 0.00740335 0.262694 1.40166e-05 0.000632165 0.000621308 4.45165e-07 1.45269e-06 0.00454814 1.14069e-10 2.04603e-10 9.13251e-08 1.34187e-06 0.0172489 7.97071e-10 0.0725751 2.29115e-06 
3.11616e-05 0.0011702 2.90442e-05 8.78635e-10 7.43591e-05 1.14511e-05 0.625496 8.59094e-05 0.00119148 0.00605381 0.0162614 0.2442 0.0130128 0.000590943 0.000597276 7.141e-06 2.07014e-05 0.00419671 1.33914e-10 2.40198e-10 1.64385e-07 0.000191662 0.0183545 9.3574e-10 0.0682543 0.00016937 
0.0195425 0.000130765 0.0117493 4.8924e-05 4.35224e-09 6.38838e-09 0.00185269 1.0315e-05 0.00085816 0.00129868 4.77103e-07 9.83792e-07 0.00515162 6.67634e-07 0.0157371 3.25315e-06 6.20562e-09 0.0012377 5.39127e-10 0.00234056 0.793403 0.00606399 0.122368 3.76722e-09 0.0182014 3.20595e-09 
0.927244 7.839e-08 0.000904484 6.86097e-08 8.44159e-08 1.23909e-07 5.23956e-05 3.59515e-05 3.0346e-05 0.00100223 2.67596e-05 1.84234e-05 2.32298e-05 5.08353e-05 0.00175695 0.00170878 1.98518e-05 0.000478448 1.04569e-08 0.000628662 0.000116579 0.0478502 2.95546e-05 0.00014925 0.00821443 0.00965813 
2.21078e-10 1.08151e-09 0.00191786 9.46574e-10 1.61108e-06 1.27414e-06 0.00528785 0.000234874 0.0213728 0.017593 6.59933e-05 1.1698e-06 2.71504e-06 1.1147e-09 0.456704 8.02225e-10 4.48797e-08 0.00534047 1.44268e-10 2.58771e-10 0.0170823 2.58581e-10 0.474377 1.00809e-09 1.56773e-05 9.1308e-07 
0.000188956 0.000203948 0.00103458 9.57783e-06 0.000149172 2.97186e-06 1.38978e-06 0.00023397 0.0155766 0.000882473 1.37736e-05 6.21765e-07 0.000598197 1.0993e-05 9.63538e-06 0.962696 3.95032e-07 2.96423e-05 2.508e-07 0.000242193 0.00431381 4.49524e-07 7.3694e-05 1.7525e-06 0.013724 1.4914e-06 
2.59008e-06 1.22861e-07 0.977282 7.14107e-08 9.02124e-11 5.22411e-06 4.42268e-05 2.06679e-05 1.59323e-07 3.2639e-08 2.42248e-05 4.04877e-06 2.80742e-08 8.63435e-11 0.00173877 6.21397e-11 4.05322e-09 1.03236e-08 1.11749e-11 2.17809e-08 1.61877e-11 6.28999e-09 0.000976353 7.80862e-11 0.0199017 6.64522e-11 
7.42236e-10 3.631e-09 0.000438385 3.17798e-09 3.91012e-09 5.73941e-09 0.000507308 0.012944 0.108964 9.48514e-07 0.000718296 0.000461998 0.000621421 3.74243e-09 0.0205786 2.69335e-09 7.62907e-10 0.74136 4.84359e-10 8.68786e-10 0.0853408 8.68146e-10 0.0125839 3.38453e-09 0.0154783 1.68279e-06 
0.00233937 0.0501894 0.154039 1.04994e-07 1.60945e-05 5.01276e-08 1.10218e-05 0.00210051 0.418727 0.000222941 9.60245e-06 0.00691933 1.21231e-08 3.2686e-08 0.00114318 2.35235e-08 5.73858e-05 0.000865874 4.23035e-09 0.000385649 0.00126873 0.0078907 0.0104502 2.95602e-08 0.338102 0.00526191 
0.0128086 2.65554e-05 0.0987184 1.33242e-05 4.83824e-07 7.10174e-07 0.000168812 0.00176286 0.308094 0.041139 0.000462027 0.226923 0.049886 4.63075e-07 0.0192768 2.52884e-05 9.43994e-08 0.107412 5.99329e-08 0.000148709 0.0202476 0.0120288 0.0185364 4.18789e-07 0.0818817 0.000438022 
2.14213e-10 0.0727287 0.00288537 9.17182e-10 1.12848e-09 6.4617e-06 7.74621e-10 3.00172e-06 0.924353 6.14053e-07 1.06272e-06 4.05502e-06 4.00597e-10 1.08008e-09 3.38924e-07 7.77315e-10 1.03506e-06 8.325e-07 1.39789e-10 2.50736e-10 2.02494e-10 2.50552e-10 2.53452e-06 5.87051e-07 9.70959e-06 2.41148e-06 
0.00200446 2.27056e-07 0.156552 7.04382e-10 8.66656e-10 8.30478e-07 0.00105796 8.96303e-06 0.000333304 0.0143669 0.00190573 0.0150487 2.30601e-06 2.88056e-07 0.0635365 5.72627e-06 6.16649e-06 0.00444315 1.07355e-10 0.0761288 0.494703 0.00148643 0.0253543 7.50161e-10 0.0478419 0.0952125 
5.77542e-05 9.73534e-06 0.00389031 8.52072e-06 1.04837e-05 1.53884e-05 7.19631e-06 5.16316e-06 0.00106516 0.00198785 5.12382e-05 3.21952e-06 0.00113129 0.000250771 0.000359031 7.22134e-06 2.04549e-06 0.0104368 1.29865e-06 0.000287743 0.974358 0.000549596 0.00540906 9.0745e-06 7.85877e-05 7.72249e-06 
1.76893e-11 8.65357e-11 0.0394017 7.57391e-11 1.7715e-07 1.36784e-10 6.0641e-06 0.285534 0.00442728 0.262073 1.1742e-05 1.91455e-06 1.83269e-06 6.60103e-07 4.21854e-05 1.47699e-07 5.6795e-05 3.30704e-06 1.15435e-11 1.40591e-06 0.141872 5.33598e-06 0.0650004 8.06616e-11 0.20156 4.05066e-07 
2.98818e-07 4.42839e-10 5.47168e-07 3.87588e-10 4.7688e-10 6.99982e-10 1.34243e-06 5.33157e-06 0.0488267 0.462255 0.000245201 1.46449e-10 0.08965 4.56429e-10 0.0385379 3.28483e-10 9.30446e-11 8.58043e-06 5.90727e-11 1.05958e-10 3.2577e-05 0.0730061 0.287428 4.12779e-10 1.56299e-06 3.5163e-07 
1.76893e-11 8.65357e-11 0.0394017 7.57391e-11 1.7715e-07 1.36784e-10 6.0641e-06 0.285534 0.00442728 0.262073 1.1742e-05 1.91455e-06 1.83269e-06 6.60103e-07 4.21854e-05 1.47699e-07 5.6795e-05 3.30704e-06 1.15435e-11 1.40591e-06 0.141872 5.33598e-06 0.0650004 8.06616e-11 0.20156 4.05066e-07 
0.0153622 1.15103e-08 1.63369e-05 1.00742e-08 1.23951e-08 1.8194e-08 5.72447e-06 7.84326e-05 0.799576 1.27428e-05 7.43353e-07 0.000117604 1.97728e-05 7.37645e-07 5.30276e-06 0.000245574 2.41842e-09 0.168273 1.53542e-09 5.09078e-06 2.22417e-09 0.000111279 0.00753875 1.0729e-08 0.00690396 0.00172692 
0.0268096 5.67877e-06 0.938429 7.49719e-09 9.22438e-09 1.35399e-08 8.392e-07 4.54295e-09 2.34233e-06 0.000311732 2.02321e-06 0.00021012 0.000518469 8.82877e-09 0.0154969 2.25818e-06 1.79978e-09 3.58655e-05 1.14265e-09 0.00703119 1.26355e-06 0.00137706 0.00209675 7.98445e-09 0.00766498 4.15097e-06 
1.96771e-05 0.000278054 0.0025173 1.66212e-07 2.04503e-07 3.00177e-07 1.89816e-06 0.000393076 0.0487227 0.032891 0.000246404 0.000226726 0.842514 1.95733e-07 0.00172934 0.00861936 3.99008e-08 0.0211045 2.53325e-08 0.00283024 0.000565597 1.99449e-05 0.00567664 2.39357e-06 0.0307735 0.000867109 
0.0188411 1.21166e-09 2.17718e-06 1.06049e-09 1.3048e-09 1.91523e-09 0.00934873 0.0240324 0.874566 0.0058289 9.8335e-08 1.55638e-05 2.63505e-06 9.72994e-08 0.00782835 3.27281e-05 2.54581e-10 0.0279006 1.6163e-10 6.78385e-07 2.34132e-10 0.015474 0.00752745 1.12941e-09 0.006893 0.00170557 
0.0566603 3.59633e-06 0.12757 4.76423e-09 1.08333e-05 1.29751e-05 4.02371e-09 4.05381e-06 0.00645671 6.01388e-06 2.13509e-07 5.36947e-06 0.48011 5.61041e-09 0.0623937 0.00201973 1.1437e-09 7.19742e-06 7.26121e-10 1.30243e-09 0.0552188 0.00161004 0.207316 2.82213e-06 0.000591468 4.31792e-09 
1.18343e-09 5.78933e-09 4.30363e-06 5.06702e-09 5.56308e-07 4.43914e-07 2.58424e-07 0.284267 4.11699e-07 0.00831158 0.334734 4.01488e-07 0.0126057 5.29755e-06 0.0405145 4.29432e-09 1.21639e-09 3.91721e-08 7.7227e-10 1.43329e-05 0.290774 9.2759e-06 5.3317e-06 5.39634e-09 0.0287526 3.16279e-07 
0.000771417 3.25406e-07 0.00548856 2.84807e-07 0.0252305 5.14359e-07 2.40538e-07 0.00145458 0.758353 0.0117457 0.00251513 9.77769e-05 0.0196444 3.35392e-07 0.0212016 2.22662e-05 1.45837e-05 0.0401121 4.34077e-08 5.73784e-06 0.0422612 0.0118293 0.0147267 3.03317e-07 0.043727 0.000796306 
0.016336 3.59597e-06 0.00364453 3.14732e-06 2.78732e-05 5.68403e-06 0.000119101 5.48567e-05 0.00322874 0.00401079 2.80891e-05 1.1892e-06 0.0318486 3.70632e-06 0.00186096 5.75778e-05 7.79839e-05 0.729755 4.79686e-07 6.42817e-05 0.0482969 0.0225866 0.137578 3.35187e-06 6.2971e-05 0.00033915 
3.59366e-06 1.35871e-07 0.000193711 1.18919e-07 1.46315e-07 0.20807 3.42117e-06 7.20592e-08 0.0234321 0.0939759 3.06706e-05 0.00113338 0.0338911 1.4004e-07 0.00275649 1.00784e-07 2.85477e-08 0.00714128 1.81245e-08 6.78024e-06 0.0865719 0.00440232 0.538379 1.26648e-07 6.45989e-06 9.76938e-07 
0.00200446 2.27056e-07 0.156552 7.04382e-10 8.66656e-10 8.30478e-07 0.00105796 8.96303e-06 0.000333304 0.0143669 0.00190573 0.0150487 2.30601e-06 2.88056e-07 0.0635365 5.72627e-06 6.16649e-06 0.00444315 1.07355e-10 0.0761288 0.494703 0.00148643 0.0253543 7.50161e-10 0.0478419 0.0952125 
0.000113547 1.79482e-12 0.00144908 1.57089e-12 1.93278e-12 2.83701e-12 1.01617e-05 0.775492 6.89022e-09 0.000284471 0.184971 0.000296426 6.6367e-10 1.84989e-12 0.000824753 1.33133e-12 7.89899e-10 4.43227e-05 2.3942e-13 4.29443e-13 3.91015e-09 0.000187904 5.12224e-05 1.67298e-12 0.0359659 0.000308708 
0.01168 5.36676e-07 0.243789 4.26628e-10 5.24914e-10 7.70487e-10 7.92729e-06 1.29284e-06 0.0508057 4.61735e-07 5.84189e-07 2.2584e-07 0.00378661 5.02402e-10 0.101936 7.59656e-07 1.02416e-10 0.424981 6.50228e-11 1.1663e-10 0.121717 0.00461566 5.38106e-07 4.54356e-10 0.0366765 3.86661e-10 
0.0236387 8.36567e-10 1.94992e-10 7.32193e-10 9.00874e-10 1.32234e-09 6.18385e-10 2.14598e-06 1.4757e-10 0.0318612 5.0017e-08 2.76656e-10 5.14961e-07 8.62239e-10 0.550976 6.20536e-10 1.93712e-07 1.5452e-10 1.11594e-10 0.17813 6.4367e-07 0.198097 0.0163406 7.79781e-10 0.000952661 3.34692e-07 
0.00465661 1.20795e-05 0.0231837 1.26159e-05 0.00284421 0.00467465 3.65433e-05 0.00260983 0.932885 0.00537315 0.000303257 3.99473e-06 4.61769e-06 0.0012951 0.000186607 8.96013e-06 2.53801e-06 4.96697e-05 1.61135e-06 4.9817e-05 0.000158438 6.48528e-05 0.0195804 1.12595e-05 0.000355192 0.00163571 
0.0692021 6.09877e-08 0.0269879 4.55377e-09 4.02652e-07 7.24361e-08 0.000564075 7.23686e-08 5.99347e-05 4.3609e-07 0.00145225 0.000152483 0.00137223 3.5181e-11 0.0673671 1.88749e-07 6.57964e-06 0.0088854 4.55326e-12 0.000124829 0.000647593 0.000764762 0.00255714 3.18165e-11 0.80675 0.0131041 
6.68852e-08 0.00269134 1.79644e-06 5.71613e-10 7.03301e-10 4.02711e-06 4.82765e-10 1.87075e-06 0.936116 3.82695e-07 6.62315e-07 0.00126612 2.49663e-10 6.73138e-10 2.11227e-07 4.84444e-10 6.45079e-07 5.18837e-07 8.71201e-11 1.56266e-10 1.262e-10 1.56151e-10 1.57958e-06 6.08764e-10 0.0599136 1.5029e-06 
3.98023e-08 0.00794444 0.000535585 1.70419e-07 2.09679e-07 0.00120063 1.4393e-07 0.000557739 0.985562 0.000114095 0.00019746 0.000753449 7.44336e-08 2.00687e-07 6.29743e-05 1.4443e-07 0.000192321 0.000154684 2.59737e-08 4.65884e-08 3.76247e-08 4.65541e-08 0.000470931 1.81495e-07 0.00180411 0.00044807 
3.37629e-09 5.00399e-12 0.984189 4.37967e-12 5.38865e-12 1.11145e-05 5.29103e-09 0.00113709 1.35698e-09 1.55595e-07 9.75732e-07 0.000302171 3.36295e-09 5.15755e-12 0.000453374 3.71178e-12 2.36746e-09 9.24271e-13 6.6751e-13 1.00897e-05 9.66936e-13 7.52402e-10 0.000592221 4.66432e-12 0.0133035 4.60347e-08 
0.00699024 5.56293e-05 0.000999629 2.21206e-07 2.54142e-09 3.73039e-09 8.82383e-06 1.73638e-06 0.16125 0.158082 5.95265e-07 7.80463e-10 0.0172602 2.43243e-09 0.004742 0.0219377 4.95859e-10 0.00453457 3.14814e-10 1.85771e-06 0.127885 0.374585 0.11469 1.10666e-05 2.63286e-06 0.00696159 
0.00324333 0.0832782 0.255514 3.16287e-08 6.46199e-06 1.00217e-09 7.98051e-07 0.00314787 0.0396615 0.00034997 6.72376e-06 0.0114827 2.4237e-10 6.53474e-10 0.00171105 4.70293e-10 6.07329e-05 0.00134029 8.45752e-11 0.00051235 0.00182162 0.0130707 0.0173458 5.90981e-10 0.560791 0.00665475 
3.37629e-09 5.00399e-12 0.984189 4.37967e-12 5.38865e-12 1.11145e-05 5.29103e-09 0.00113709 1.35698e-09 1.55595e-07 9.75732e-07 0.000302171 3.36295e-09 5.15755e-12 0.000453374 3.71178e-12 2.36746e-09 9.24271e-13 6.6751e-13 1.00897e-05 9.66936e-13 7.52402e-10 0.000592221 4.66432e-12 0.0133035 4.60347e-08 
0.00324333 0.0832782 0.255514 3.16287e-08 6.46199e-06 1.00217e-09 7.98051e-07 0.00314787 0.0396615 0.00034997 6.72376e-06 0.0114827 2.4237e-10 6.53474e-10 0.00171105 4.70293e-10 6.07329e-05 0.00134029 8.45752e-11 0.00051235 0.00182162 0.0130707 0.0173458 5.90981e-10 0.560791 0.00665475 
2.87737e-05 4.74112e-07 0.00525364 4.1496e-07 0.265291 0.00248565 0.407049 0.000104413 0.298046 6.63753e-05 0.00327912 0.000798121 0.000905326 4.88661e-07 0.000136122 3.5168e-07 7.75784e-05 0.000904428 6.32444e-08 1.1344e-07 0.000482612 1.13357e-07 0.00735996 0.00358238 0.00414679 3.76086e-07 
