0.00140436 1.31158e-05 0.000578922 3.86058e-10 9.8289e-05 0.000278776 0.000361937 0.000118809 8.93163e-05 0.00656566 0.00231061 0.00344732 4.56384e-09 3.37005e-13 0.0431684 0.000365394 0.000693337 0.00244052 0.00126596 0.893591 0.00448592 0.0100104 0.0164815 1.07807e-06 0.0112706 0.000959075 
0.0069645 3.09659e-05 0.00114634 2.98726e-09 0.000749874 0.000264408 0.00050913 0.000964636 0.00280544 0.0137243 0.00540417 0.410348 8.74266e-05 0.000291681 0.0123063 0.000620277 0.00891559 0.00707009 0.00288372 0.459807 0.00257125 0.0115589 0.0164806 2.18568e-05 0.0343351 0.000137929 
0.00391647 1.33228e-08 0.00196072 3.19725e-11 2.30178e-06 1.91016e-07 0.000208856 0.000153392 0.0020444 0.0170152 0.00974118 0.000503184 1.37463e-05 3.76512e-11 0.158824 0.000134278 5.02148e-05 0.00340191 0.126696 0.566677 0.00382014 0.032349 0.0626127 1.60541e-06 0.00981199 6.15524e-05 
0.0134007 0.000147061 0.0051349 2.1707e-08 9.36129e-06 1.05594e-05 0.00244382 6.80142e-05 0.00179842 0.00904407 0.00455992 0.00242644 0.00710261 0.000185558 0.0510154 0.000161586 2.36743e-05 0.00441368 0.0636779 0.611217 0.0058276 0.0030541 0.186882 1.81987e-05 0.0272444 0.000132413 
0.00308623 2.43967e-09 6.57697e-05 7.0338e-13 8.65423e-13 1.2703e-12 0.000303199 0.000140598 0.000106325 0.00307454 3.60439e-05 0.000416104 3.66602e-09 8.00646e-10 0.0456857 3.9241e-06 2.66593e-05 0.000267516 0.0520743 0.850195 0.00156151 0.00270119 0.0386396 6.58259e-06 0.00160885 5.36216e-09 
0.000582129 4.79709e-08 0.00331488 4.19858e-08 7.8966e-07 7.58262e-08 1.27758e-05 7.42876e-05 0.00674698 0.0228911 6.24311e-06 0.00190651 1.83381e-08 4.9443e-08 0.0015907 1.28203e-05 3.97182e-05 0.153096 0.00491148 0.437719 0.0305794 0.000526579 0.253617 2.09983e-06 0.0823658 3.63594e-06 
0.0119459 0.000105048 0.00463537 1.55463e-08 6.68745e-06 7.54351e-06 0.00194611 8.70241e-05 0.00128459 0.00986066 0.00346238 0.00222653 0.0050733 0.000132549 0.0551511 0.000137626 2.88887e-05 0.00342107 0.0559093 0.647213 0.00616477 0.00272198 0.163429 1.53171e-05 0.0249399 9.45835e-05 
0.00343238 3.82681e-05 0.000554243 1.19619e-08 0.00220213 0.000238765 0.000573259 0.00029885 0.000537262 0.041914 0.0407224 0.0167567 0.000536642 0.000657384 0.0250989 9.57085e-05 0.0107587 0.00910897 0.00338515 0.78959 0.0142289 0.00655704 0.0241052 4.5843e-06 0.00851303 9.13442e-05 
0.0012535 6.94944e-06 0.00251892 3.2314e-09 0.053672 3.35558e-06 0.000138269 0.000323123 0.000203676 0.0293428 0.00389251 0.210145 0.00018317 0.000593323 0.0213818 4.24623e-06 0.00298067 0.0204309 0.0158093 0.616904 0.000979228 0.000754466 0.00897034 2.95992e-06 0.00949797 7.63526e-06 
0.000242776 4.84109e-05 2.87296e-05 5.75828e-06 0.00235744 5.02396e-06 0.000237513 0.000118892 0.00295501 0.0691937 4.5385e-05 0.117202 5.36761e-07 3.37281e-05 0.002044 0.000281922 0.013592 0.0126816 0.00532152 0.754638 0.000407532 0.000475758 0.0105751 2.78976e-06 0.00745088 5.39529e-05 
0.00504859 8.78899e-05 0.0107383 1.8514e-10 1.01759e-05 1.60889e-05 2.79438e-05 0.000200075 0.0114486 0.0229529 5.50383e-05 0.0166349 0.000628997 0.00293141 0.230504 0.000254836 0.000374522 0.0227417 0.0384915 0.456728 0.00483796 0.0105253 0.127824 1.81897e-06 0.0307842 0.00615057 
0.00932061 5.14727e-09 0.0107587 3.68517e-12 1.49931e-05 6.08441e-06 0.030537 0.0924492 0.00126344 0.016678 0.000748997 0.00383988 0.000171691 4.33969e-12 0.0237304 8.68542e-05 0.000528484 0.00141239 0.00626918 0.543635 0.021585 0.00739273 0.018974 3.87729e-05 0.110092 0.100467 
0.00192695 2.87841e-05 0.00157108 1.72233e-12 2.11912e-12 2.54995e-08 0.000303783 0.000741464 0.00756726 0.0261687 2.13301e-05 0.00309865 0.000544821 1.30031e-09 0.161253 0.000136025 0.00012269 0.00337337 0.0712133 0.579668 0.00613509 0.00567743 0.0828926 2.00712e-05 0.0475345 8.38718e-09 
0.0390114 0.0732373 0.0137032 1.53465e-07 0.0141268 2.2705e-05 0.000532046 0.000585534 0.00988506 0.0406266 0.00347277 0.193326 0.000725174 0.00480327 0.0448816 0.00105231 0.0028876 0.0278582 0.0837372 0.249327 0.0184346 0.0202683 0.126086 6.42903e-05 0.030777 0.000568214 
0.000465355 9.18024e-06 0.000262309 1.40675e-09 2.51068e-05 2.40964e-05 0.000229959 6.48509e-05 3.83942e-06 0.00712888 5.58522e-05 0.00268905 2.45463e-05 2.65244e-10 0.0101475 9.14394e-06 0.00042832 0.00214279 0.00158756 0.950533 0.00322861 0.000905762 0.0160751 7.44795e-08 0.00386604 9.31226e-05 
0.00207826 6.65268e-07 0.0445281 5.82266e-07 0.0213633 5.84576e-05 0.0360642 0.000270069 0.121597 0.0298884 1.10672e-05 0.151774 0.0833637 2.12469e-05 0.00430314 0.0217222 2.47253e-07 0.1406 0.00253104 0.209638 0.013987 0.0170415 0.033162 4.50057e-06 0.0656605 0.000330781 
0.00932061 5.14727e-09 0.0107587 3.68517e-12 1.49931e-05 6.08441e-06 0.030537 0.0924492 0.00126344 0.016678 0.000748997 0.00383988 0.000171691 4.33969e-12 0.0237304 8.68542e-05 0.000528484 0.00141239 0.00626918 0.543635 0.021585 0.00739273 0.018974 3.87729e-05 0.110092 0.100467 
0.00360094 3.00811e-05 0.000406332 2.31563e-08 0.00151386 0.000867033 0.000170198 0.00190337 0.00131172 0.045612 0.00321536 0.0302537 0.000454412 0.000318812 0.0197081 0.000501545 0.0422584 0.0462477 0.00644813 0.749739 0.00600213 0.00639725 0.0244434 5.74238e-06 0.00838926 0.000202072 
0.00152979 2.17679e-05 0.000154974 3.29287e-08 0.000936483 0.00110395 0.000159917 0.00012735 0.000218601 0.0148519 0.000372317 0.0125943 3.04251e-05 0.000278878 0.0138034 7.49821e-05 0.0141331 0.00774368 0.00338313 0.905796 0.0026943 0.00184036 0.0135359 2.73504e-06 0.00454224 6.96444e-05 
0.00145518 3.95269e-05 0.000421424 5.04073e-09 0.00235712 7.22811e-05 0.0501709 0.000402333 0.000989844 0.038636 0.00279946 0.018439 9.93519e-05 0.000527406 0.0139774 0.000130623 0.0247602 0.0115084 0.00334959 0.789916 0.0103403 0.00573324 0.0154444 6.25549e-06 0.00833363 9.04482e-05 
0.0438851 9.4715e-10 3.27646e-06 8.28979e-10 7.12557e-07 4.57958e-06 7.00128e-10 0.000383311 0.00240942 9.24848e-11 0.00309816 0.00204368 3.98378e-07 9.76216e-10 0.00844257 3.07613e-07 1.93718e-07 3.71582e-08 0.00229468 0.85277 0.0161703 0.00697344 5.73544e-06 8.82857e-10 0.0615134 5.56649e-07 
0.0134007 0.000147061 0.0051349 2.1707e-08 9.36129e-06 1.05594e-05 0.00244382 6.80142e-05 0.00179842 0.00904407 0.00455992 0.00242644 0.00710261 0.000185558 0.0510154 0.000161586 2.36743e-05 0.00441368 0.0636779 0.611217 0.0058276 0.0030541 0.186882 1.81987e-05 0.0272444 0.000132413 
0.0198923 0.000988464 0.0113732 2.9661e-08 1.45529e-06 2.16685e-05 1.8307e-06 4.31888e-05 0.235572 8.10073e-05 0.00446049 0.000465848 0.000120876 6.98697e-06 0.0978336 8.77521e-06 0.0011394 0.0027897 0.165714 0.377062 0.00471936 0.00760693 0.0286539 3.27679e-05 0.0383911 0.00301956 
6.55228e-12 3.71854e-07 8.02421e-07 1.29079e-07 5.14347e-07 3.48127e-05 5.52089e-07 4.43709e-07 0.00143153 0.00432895 5.36073e-07 0.149436 1.22533e-11 3.30372e-11 0.000263417 6.58625e-07 0.00436397 3.95551e-06 4.76757e-07 0.837703 3.20282e-06 9.73308e-07 1.71814e-06 6.87487e-08 5.49563e-06 0.00241793 
0.0105866 0.000200904 0.0039294 1.97631e-07 1.19032e-05 1.29223e-05 0.00200199 5.41222e-05 0.00150346 0.00702336 0.00510654 0.00192848 0.00573589 0.000531507 0.0385003 0.000361567 1.85166e-05 0.00340543 0.0460277 0.710279 0.00420163 0.00219325 0.135351 1.99379e-05 0.0208857 0.000128451 
0.00956214 4.98306e-06 0.00874233 1.33987e-09 0.000188251 4.02965e-06 0.00113772 0.000183049 0.000487568 0.0354389 0.10472 0.0272785 0.000507287 4.70081e-12 0.0554303 0.00268299 0.000168103 0.000907594 0.00727553 0.593874 0.00625517 0.0816657 0.0108228 1.16783e-05 0.0518657 0.000786162 
0.00230781 1.16322e-06 6.37742e-06 3.47722e-07 1.61922e-06 8.97021e-07 0.00980018 3.65597e-06 4.42885e-07 0.124714 0.0397519 5.16443e-06 5.42214e-11 1.46191e-10 3.07425e-05 5.46256e-05 0.000249743 0.00671355 0.292626 0.453688 5.70909e-06 0.000118663 0.0577518 1.09748e-06 0.0121632 3.52174e-06 
0.00223444 2.68025e-09 0.000662654 3.09261e-12 1.50366e-08 2.95463e-08 0.000137515 0.0102059 0.00118285 0.00849458 0.00920418 0.002745 0.000106586 8.81461e-10 0.0784271 0.000107332 0.000227723 0.000522617 0.200136 0.614183 0.00297085 0.0056886 0.059587 6.16765e-06 0.00296115 0.000208731 
0.0317748 0.000927326 0.00362115 6.85665e-09 2.38282e-05 1.89672e-05 0.0327623 0.000282186 0.00345505 0.0303621 0.00232983 0.000639009 0.000236701 1.95978e-05 0.1263 0.000292814 0.000695325 0.00269562 0.0547641 0.48586 0.00778409 0.0186183 0.172074 4.90235e-05 0.0238646 0.000549577 
0.00548084 5.54258e-10 0.000425848 5.30166e-13 3.06414e-06 2.08462e-07 0.000291316 0.000214047 0.000598426 0.0142654 0.0136341 0.000703361 1.89892e-05 6.24329e-13 0.185364 0.000186998 7.0037e-05 0.00108318 0.177362 0.518806 0.00534604 0.0254285 0.0455852 2.15717e-06 0.00504534 8.52221e-05 
0.0213962 5.97565e-06 4.44694e-05 1.38172e-08 0.00167448 2.49538e-08 1.16695e-08 0.00336036 4.70058e-06 0.00469123 1.81096e-05 5.03787e-06 5.40798e-06 1.62713e-08 0.0141009 0.00119863 2.62979e-06 0.0203549 2.72623e-05 0.527741 0.173703 0.231535 3.08443e-05 2.06651e-06 9.0202e-05 7.55726e-06 
0.0170752 0.000298208 0.000281743 2.61572e-05 0.000378547 0.000757457 9.84357e-05 0.00173266 0.0505978 0.0957852 5.61046e-05 0.092898 5.09677e-05 6.428e-09 0.0522566 0.000497064 0.212567 0.0175222 0.0516415 0.307319 0.0301582 0.00789845 0.0417872 0.000641404 0.0173905 0.000283888 
0.0171392 2.7899e-06 0.00538543 8.12658e-10 0.00315483 5.0162e-05 0.000118835 0.0291001 0.00646268 0.0183494 0.0628807 0.020464 0.00030511 1.19696e-06 0.0729657 0.000408969 0.00936053 0.0259757 0.0447984 0.399288 0.0125918 0.0131223 0.087895 5.34309e-06 0.168406 0.00176781 
0.0367172 2.65253e-06 0.0078444 2.41039e-05 3.82365e-05 3.49628e-05 0.0021482 0.00141167 0.00643603 0.00836984 0.000222823 0.0298146 0.000302591 1.67832e-08 0.0592967 0.000190379 0.154116 0.0206092 0.0164235 0.327238 0.251022 0.00800283 0.0188504 1.4054e-05 0.0505406 0.000329891 
0.0278116 1.62766e-05 0.00115863 1.79015e-10 0.00122715 0.000403058 7.51729e-05 0.0319245 0.00245968 0.0193387 0.0116818 0.0417104 0.000137894 0.00180308 0.262942 6.7811e-05 0.00663457 0.0100914 0.0986964 0.348824 0.0181719 0.0149869 0.0499431 1.24447e-06 0.0497262 0.000166323 
0.00045754 9.50593e-06 0.00013846 2.32316e-09 0.000202709 0.000698707 0.000472205 0.000257378 0.000310686 0.0220584 0.000610093 0.0036691 7.5838e-06 6.31239e-12 0.00325651 4.50106e-05 0.000167253 0.0031539 0.000439683 0.932501 0.00487997 0.00349961 0.0079253 2.01599e-05 0.0151468 7.25781e-05 
0.000472593 1.05219e-05 0.00064937 1.17672e-10 0.00764827 4.69341e-06 0.000438859 0.0253309 0.00271044 0.0277159 0.00995305 0.0767107 1.30343e-05 2.00918e-07 0.00627817 0.000402641 0.021979 0.00860896 0.0185697 0.728921 0.00140588 0.000819037 0.0109037 1.14824e-05 0.0502486 0.000192914 
0.0676135 0.000302067 0.00283906 5.21747e-08 0.000900611 0.00358765 0.000107943 0.00367431 0.00705276 0.161152 0.0046887 0.00444803 0.00149019 0.000224388 0.0518915 0.000810189 0.00458423 0.0565703 0.0209377 0.212319 0.097763 0.0406826 0.183814 1.47249e-05 0.0622188 0.0103136 
0.0010148 0.000223762 0.000698737 0.000130944 0.000211356 3.12667e-08 0.0282524 8.82169e-05 0.0125748 0.0891769 0.022729 0.147909 0.00164463 0.00045686 0.012881 0.000324694 0.0500887 0.0325484 0.101231 0.264884 0.00106667 0.00148526 0.19994 3.93312e-06 0.0303123 0.00012211 
0.00305745 7.25225e-05 0.000350194 4.10896e-09 0.000672069 0.000140145 0.000206107 0.000128102 0.000832456 0.00976117 0.00364352 0.00686035 3.03735e-05 0.00043874 0.0292031 0.000197355 0.0102115 0.00379403 0.00413049 0.891848 0.00285225 0.00802394 0.0139955 2.25419e-06 0.00913013 0.000418518 
0.00497861 4.28212e-05 0.0556868 4.65964e-06 0.0116061 0.000217172 0.00106797 0.0006385 0.00901847 0.0784134 0.00649003 0.032527 0.00239358 0.00159557 0.127612 0.000453199 0.00271557 0.0574128 0.0198601 0.323463 0.103443 0.00473498 0.117411 9.78956e-07 0.0380441 0.000168857 
0.00516504 1.66472e-06 0.00138005 0.00124428 2.93175e-06 0.00996955 2.84154e-05 0.000100042 0.00019984 0.0384291 2.53311e-05 0.05896 7.21991e-11 1.94662e-10 0.0250658 7.85728e-05 0.000613264 0.0456445 0.0022569 0.498814 0.166433 0.0191381 0.0799415 4.54991e-06 0.0430361 0.00346722 
0.00364232 1.70766e-05 0.000545855 1.61708e-09 6.04234e-05 8.08907e-05 0.000770656 0.000181657 0.00128004 0.0168192 0.00528615 0.00352445 0.000248575 0.000987292 0.0572034 0.000360191 0.000423454 0.00347758 0.121596 0.684061 0.00734871 0.00754255 0.0781888 8.19061e-07 0.00609601 0.000257 
0.00045754 9.50593e-06 0.00013846 2.32316e-09 0.000202709 0.000698707 0.000472205 0.000257378 0.000310686 0.0220584 0.000610093 0.0036691 7.5838e-06 6.31239e-12 0.00325651 4.50106e-05 0.000167253 0.0031539 0.000439683 0.932501 0.00487997 0.00349961 0.0079253 2.01599e-05 0.0151468 7.25781e-05 
0.000311007 0.000201614 0.00279572 9.16925e-09 6.27753e-05 0.000162582 0.326291 0.00139973 0.0295218 0.0538144 0.00276766 0.105445 0.00250006 9.55889e-06 0.00745601 0.000608109 0.0161734 0.040773 0.0163675 0.337467 0.0328332 0.00233242 0.00552558 2.57938e-06 0.0143502 0.000827912 
0.000377912 2.52475e-05 0.00012208 1.24827e-10 0.00736475 4.69316e-06 0.000547336 0.000982359 0.00193826 0.0237189 6.49763e-05 0.0287066 3.3944e-09 2.1342e-07 0.0013068 0.000385706 0.0209708 0.00750923 0.00289456 0.872608 0.000665992 0.000772211 0.00524413 1.14826e-05 0.0234974 0.000280637 
0.000465355 9.18024e-06 0.000262309 1.40675e-09 2.51068e-05 2.40964e-05 0.000229959 6.48509e-05 3.83942e-06 0.00712888 5.58522e-05 0.00268905 2.45463e-05 2.65244e-10 0.0101475 9.14394e-06 0.00042832 0.00214279 0.00158756 0.950533 0.00322861 0.000905762 0.0160751 7.44795e-08 0.00386604 9.31226e-05 
6.55228e-12 3.71854e-07 8.02421e-07 1.29079e-07 5.14347e-07 3.48127e-05 5.52089e-07 4.43709e-07 0.00143153 0.00432895 5.36073e-07 0.149436 1.22533e-11 3.30372e-11 0.000263417 6.58625e-07 0.00436397 3.95551e-06 4.76757e-07 0.837703 3.20282e-06 9.73308e-07 1.71814e-06 6.87487e-08 5.49563e-06 0.00241793 
0.0001893 1.08993e-05 0.000159876 7.46192e-10 4.56082e-05 0.000329059 0.000294695 0.000203505 0.000472924 0.00921416 2.51971e-05 0.107475 3.6697e-05 9.87869e-13 0.0160176 2.55306e-05 0.283143 0.000978587 0.00247481 0.562889 0.00685636 0.000879199 0.00564349 2.80345e-05 0.00251264 9.44838e-05 
0.000213746 1.50694e-05 0.000296033 4.97498e-10 8.33866e-05 0.000359755 0.000335337 8.26044e-05 0.000119139 0.00727855 4.1447e-05 0.00455403 6.32729e-09 3.6635e-13 0.00612396 6.1626e-05 0.000773491 0.00197168 0.000485431 0.955564 0.00353473 0.0016261 0.011608 2.5592e-07 0.00461909 0.000253002 
0.0115666 9.32815e-07 8.97135e-05 7.89935e-13 7.33588e-07 5.19974e-07 0.000405696 0.000193278 0.000223222 0.00197197 0.0209191 0.000245551 2.36084e-05 1.10182e-05 0.110275 0.000100665 2.97144e-05 0.000702916 0.219452 0.585133 0.0012347 0.0172683 0.0277724 1.06205e-05 0.00222984 0.000139276 
0.000472593 1.05219e-05 0.00064937 1.17672e-10 0.00764827 4.69341e-06 0.000438859 0.0253309 0.00271044 0.0277159 0.00995305 0.0767107 1.30343e-05 2.00918e-07 0.00627817 0.000402641 0.021979 0.00860896 0.0185697 0.728921 0.00140588 0.000819037 0.0109037 1.14824e-05 0.0502486 0.000192914 
6.55228e-12 3.71854e-07 8.02421e-07 1.29079e-07 5.14347e-07 3.48127e-05 5.52089e-07 4.43709e-07 0.00143153 0.00432895 5.36073e-07 0.149436 1.22533e-11 3.30372e-11 0.000263417 6.58625e-07 0.00436397 3.95551e-06 4.76757e-07 0.837703 3.20282e-06 9.73308e-07 1.71814e-06 6.87487e-08 5.49563e-06 0.00241793 
0.0017292 1.30806e-05 0.00077867 3.63032e-10 8.53283e-05 0.000418104 0.000340836 0.000116239 0.000133971 0.00738831 0.00331021 0.00436262 4.25154e-09 2.2619e-13 0.0640125 0.00047148 0.000576102 0.00366076 0.00167532 0.857808 0.00536229 0.0119612 0.0206626 1.61628e-06 0.0141371 0.000994687 
0.0218898 8.62099e-05 0.00115304 3.17314e-11 0.00150416 1.93527e-05 0.000145594 0.0135369 0.000119238 0.0315213 0.055182 0.014795 2.81813e-05 5.46524e-08 0.297529 0.000686822 0.00803759 0.0173249 0.0403297 0.334843 0.00687888 0.0206974 0.0868181 2.65595e-06 0.0464785 0.0003926 
0.0345665 4.18186e-05 0.0468054 0.000486582 0.000642781 0.000235818 0.00373231 0.00124357 0.00444331 0.0533596 0.00327344 0.0322315 0.0188955 0.000747057 0.0390212 0.00559149 0.00214255 0.0662781 0.0301198 0.328016 0.124743 0.0245994 0.0993626 4.57428e-05 0.078007 0.00136758 
0.0115666 9.32815e-07 8.97135e-05 7.89935e-13 7.33588e-07 5.19974e-07 0.000405696 0.000193278 0.000223222 0.00197197 0.0209191 0.000245551 2.36084e-05 1.10182e-05 0.110275 0.000100665 2.97144e-05 0.000702916 0.219452 0.585133 0.0012347 0.0172683 0.0277724 1.06205e-05 0.00222984 0.000139276 
0.00359135 1.43691e-05 0.00921859 1.70697e-08 0.0904162 2.60177e-05 1.29498e-05 0.000980238 0.00229217 0.049727 0.000350332 0.0159039 0.00172245 2.01015e-08 0.0785357 0.000922036 4.81357e-05 0.0199871 0.0156035 0.553304 0.0257883 0.0120386 0.0423219 1.54156e-06 0.0769177 0.000275751 
0.00112162 8.77489e-09 4.59579e-05 6.23834e-12 3.75535e-08 1.12664e-11 9.80263e-05 0.00545422 0.00238326 0.0918026 0.00246421 0.0187408 2.36481e-05 2.8827e-09 0.035953 3.82585e-06 0.000346238 0.0161204 0.333159 0.376049 0.0064953 0.00235231 0.105415 0.000281679 0.00167513 1.3892e-05 
0.0253393 0.000131432 0.00616476 1.16898e-06 0.0205527 0.00112093 0.0251691 0.000825869 0.00929563 0.131192 0.000710733 0.026389 0.02473 0.00637035 0.0314016 0.00696856 0.00756887 0.13063 0.102409 0.153862 0.0446254 0.0407163 0.115776 6.93677e-05 0.0877117 0.000267793 
0.000465355 9.18024e-06 0.000262309 1.40675e-09 2.51068e-05 2.40964e-05 0.000229959 6.48509e-05 3.83942e-06 0.00712888 5.58522e-05 0.00268905 2.45463e-05 2.65244e-10 0.0101475 9.14394e-06 0.00042832 0.00214279 0.00158756 0.950533 0.00322861 0.000905762 0.0160751 7.44795e-08 0.00386604 9.31226e-05 
0.0232198 3.61868e-05 0.00146469 2.12813e-06 0.00101078 0.00274028 0.00123023 0.000825792 0.0108568 0.0715717 0.00513843 0.00461196 0.00363291 0.0589484 0.0171094 0.00445204 0.00194714 0.0208348 0.0240992 0.450549 0.0676736 0.0126672 0.0581874 5.30023e-06 0.157017 0.000167521 
0.0289536 0.00111305 0.0111229 0.000214081 0.0206911 0.00050546 0.00057118 0.0264262 0.00975516 0.0604191 0.00530654 0.0302109 0.00123226 0.000629551 0.169616 0.000595305 0.0379613 0.0123486 0.0671012 0.235694 0.0377121 0.039221 0.140753 5.02832e-05 0.0609104 0.000886533 
0.00107959 3.13308e-05 0.00168964 2.47915e-06 0.000120161 0.000954735 0.000433146 0.000255143 9.5358e-05 0.0757762 0.00706641 0.00605356 2.433e-13 6.55983e-13 0.0195563 0.00307191 0.000350859 0.0072748 0.0266553 0.685743 0.00608245 0.0652397 0.0239897 3.91407e-06 0.0676051 0.000869633 
0.00630431 0.00353596 0.00564445 1.01832e-05 6.21762e-05 0.00123396 0.00454097 0.00069224 0.0415476 0.0321002 0.000442725 0.0466408 0.00100401 2.31068e-05 0.044031 0.000228392 0.00511429 0.0145099 0.0360675 0.616814 0.0260587 0.0173613 0.0506704 1.1053e-07 0.043953 0.0014084 
0.0080526 0.000206483 0.000594511 4.15547e-08 0.000294309 0.000983036 0.0694085 0.00133015 0.00233657 0.204581 0.0307171 0.0106875 0.00182911 0.000181598 0.040075 0.0004783 0.0470223 0.027638 0.074169 0.229079 0.0121418 0.0186676 0.142724 2.73534e-05 0.0151719 0.0616026 
0.0539885 6.35809e-05 0.0396966 2.32629e-07 0.000847419 5.78772e-05 0.00024216 0.000267376 0.0018431 0.048945 0.00895766 0.0327682 0.000925753 0.0321954 0.100501 0.138943 0.00557663 0.0401794 0.15464 0.207873 0.0244243 0.0444973 0.0555107 6.98081e-05 0.00683029 0.00015592 
0.0197301 3.00574e-06 0.000303476 9.63753e-13 8.96696e-05 0.000465788 0.00330422 0.000214218 0.00153353 0.0222369 0.0154953 0.00212305 3.28372e-05 1.5169e-07 0.15753 0.000908461 8.7814e-05 0.00297347 0.283737 0.358054 0.00943812 0.0672985 0.0450544 3.47433e-05 0.00903708 0.000315144 
0.00178657 0.00861148 0.00200033 1.71328e-07 5.23714e-05 6.08654e-08 0.000133786 0.000639926 0.017377 0.0232832 0.0005699 0.00874636 0.00077909 2.10464e-07 0.2436 0.000818405 0.000421641 0.0024508 0.0173141 0.34845 0.0103708 0.00113883 0.201258 9.74255e-08 0.0520087 0.0581883 
0.00608664 2.80672e-09 7.65071e-05 1.28086e-12 2.26614e-06 3.02515e-09 0.000592853 0.00902595 0.000387305 0.0041687 0.00271695 0.00348687 0.000134086 1.83645e-05 0.043909 1.8549e-05 0.000161388 0.000324252 0.280023 0.608174 0.0016207 0.00338778 0.0323376 9.76181e-06 0.00331125 2.63016e-05 
0.00964232 9.38804e-06 0.00443018 3.63665e-05 0.000497712 0.00175986 0.000693025 2.09624e-05 0.00209478 0.0653392 4.58907e-05 0.0238375 0.000327035 5.9273e-05 0.0100277 0.000786039 0.00821693 0.294757 0.0128833 0.327585 0.00198165 0.00178726 0.201957 5.36554e-06 0.0312022 1.74104e-05 
0.0199335 1.75519e-05 0.0014413 9.16327e-11 1.55112e-05 8.03455e-06 0.000631154 0.000167175 0.00149261 0.0528774 0.0159586 0.00202374 0.00240328 0.0205349 0.0192154 0.0027484 1.21438e-05 0.00515085 0.216301 0.403043 0.0308113 0.0154437 0.18508 9.10316e-06 0.00465097 2.79804e-05 
0.00223444 2.68025e-09 0.000662654 3.09261e-12 1.50366e-08 2.95463e-08 0.000137515 0.0102059 0.00118285 0.00849458 0.00920418 0.002745 0.000106586 8.81461e-10 0.0784271 0.000107332 0.000227723 0.000522617 0.200136 0.614183 0.00297085 0.0056886 0.059587 6.16765e-06 0.00296115 0.000208731 
0.0209638 1.68643e-05 0.166769 5.3893e-05 0.000223681 0.0084768 0.00538097 0.00584531 0.00661167 0.092159 0.000674459 0.0150642 0.0107455 3.81995e-05 0.143115 0.000881149 0.000672327 0.0570184 0.00824349 0.177939 0.0353812 0.0103453 0.176752 4.77355e-06 0.056277 0.000347213 
0.0138115 4.66386e-05 0.0363892 1.55272e-08 0.00564386 0.000109134 0.00201699 0.00053569 0.0029433 0.0680271 0.0359682 0.0594047 0.000282726 0.000251689 0.0974788 0.00110781 0.00567478 0.0316333 0.0676753 0.296776 0.0139961 0.0342293 0.0450536 1.09528e-05 0.180843 9.03563e-05 
0.00554477 3.7058e-05 0.00129594 4.40178e-08 0.000890985 0.000414566 0.00319166 0.00908466 0.00129624 0.0345522 0.00329735 0.0187934 0.000377572 0.000296988 0.0254816 0.000385283 0.209711 0.020224 0.00622006 0.59522 0.00939595 0.00844095 0.0228016 4.06932e-05 0.0182804 0.00472484 
0.0468439 0.000736462 0.00251421 1.17221e-05 0.000241809 0.000503158 0.00109977 0.000412308 0.0339839 0.0160211 0.00744462 0.00468334 0.000599188 0.0144495 0.039288 0.0476298 0.000929434 0.00737192 0.171517 0.451015 0.00801558 0.0150442 0.0943614 9.54769e-06 0.0350334 0.00023896 
0.00223444 2.68025e-09 0.000662654 3.09261e-12 1.50366e-08 2.95463e-08 0.000137515 0.0102059 0.00118285 0.00849458 0.00920418 0.002745 0.000106586 8.81461e-10 0.0784271 0.000107332 0.000227723 0.000522617 0.200136 0.614183 0.00297085 0.0056886 0.059587 6.16765e-06 0.00296115 0.000208731 
0.014579 0.000119781 0.000870736 5.94703e-11 0.00072473 1.71366e-05 5.59174e-05 0.00725391 0.00112207 0.0205293 0.0477837 0.007625 7.68603e-06 1.01029e-07 0.263218 0.000354342 0.00344874 0.00763475 0.0715339 0.398118 0.00643696 0.0245882 0.0815101 3.39392e-06 0.0420827 0.000382096 
0.0179023 0.000109483 0.00123179 3.69156e-10 0.000329832 7.20052e-06 9.89714e-05 3.85244e-05 0.000729123 0.0143783 0.00118052 0.123431 0.000660993 0.000671136 0.0176233 3.59107e-06 0.00455762 0.17075 0.0184785 0.527739 0.011591 0.014274 0.0309942 2.59949e-06 0.0432132 3.40311e-06 
0.107098 4.18361e-07 0.000144894 5.71858e-10 2.63712e-06 1.03277e-09 6.97824e-05 0.00581517 0.000713704 0.00238576 0.0127128 0.0171394 2.16133e-05 1.37659e-07 0.0179184 4.97135e-05 0.000267718 0.00031752 0.339266 0.461604 0.000882388 0.00164288 0.0301588 2.76574e-06 0.00177449 1.12043e-05 
0.00086134 0.000357175 8.33307e-05 1.60577e-07 0.000663686 5.01326e-05 0.249834 0.000125745 0.146341 0.0200685 0.000141194 0.0174062 9.53197e-05 0.000256682 0.0443803 0.000164406 0.00850725 0.00699499 0.194935 0.29018 0.000305271 0.00242204 0.0146817 7.9332e-05 0.00105379 1.26479e-05 
0.000261602 4.80365e-05 0.000402926 4.5235e-08 1.65842e-05 1.32809e-08 0.0002941 0.000314237 0.00167852 0.0123195 7.54817e-05 0.00432986 4.05512e-08 7.98128e-12 0.0155755 0.000152116 0.000134488 0.000331229 0.00195406 0.947048 0.00322951 0.000278348 0.00809996 3.61274e-07 0.0034279 2.7749e-05 
0.0134007 0.000147061 0.0051349 2.1707e-08 9.36129e-06 1.05594e-05 0.00244382 6.80142e-05 0.00179842 0.00904407 0.00455992 0.00242644 0.00710261 0.000185558 0.0510154 0.000161586 2.36743e-05 0.00441368 0.0636779 0.611217 0.0058276 0.0030541 0.186882 1.81987e-05 0.0272444 0.000132413 
0.00140436 1.31158e-05 0.000578922 3.86058e-10 9.8289e-05 0.000278776 0.000361937 0.000118809 8.93163e-05 0.00656566 0.00231061 0.00344732 4.56384e-09 3.37005e-13 0.0431684 0.000365394 0.000693337 0.00244052 0.00126596 0.893591 0.00448592 0.0100104 0.0164815 1.07807e-06 0.0112706 0.000959075 
0.0344573 0.000199623 0.000478386 7.90202e-06 0.00159145 7.2556e-05 0.00015471 0.000742133 0.00200381 0.0382212 0.00159353 0.16559 0.000187982 0.000819412 0.0485889 0.000378969 0.0153569 0.077344 0.0393311 0.449628 0.0432761 0.0202517 0.0483392 6.89701e-05 0.0112443 7.22471e-05 
0.00178657 0.00861148 0.00200033 1.71328e-07 5.23714e-05 6.08654e-08 0.000133786 0.000639926 0.017377 0.0232832 0.0005699 0.00874636 0.00077909 2.10464e-07 0.2436 0.000818405 0.000421641 0.0024508 0.0173141 0.34845 0.0103708 0.00113883 0.201258 9.74255e-08 0.0520087 0.0581883 
0.00446134 0.000176334 0.013306 4.83454e-06 0.000966581 0.0520868 0.00100653 0.000692933 0.0188072 0.0604126 0.00319238 0.0518938 0.000343282 0.00581051 0.0226001 0.00104088 0.0248766 0.0341152 0.0166809 0.532644 0.00883474 0.0100744 0.0237994 3.19383e-06 0.10878 0.0033892 
0.00956214 4.98306e-06 0.00874233 1.33987e-09 0.000188251 4.02965e-06 0.00113772 0.000183049 0.000487568 0.0354389 0.10472 0.0272785 0.000507287 4.70081e-12 0.0554303 0.00268299 0.000168103 0.000907594 0.00727553 0.593874 0.00625517 0.0816657 0.0108228 1.16783e-05 0.0518657 0.000786162 
0.000735432 1.67419e-06 0.000125374 2.19726e-09 9.79433e-06 2.18481e-07 0.000188235 0.00328041 0.0338845 0.00906943 0.000646453 0.00426153 3.50924e-05 2.58752e-09 0.0145603 4.0445e-05 0.000153048 0.000273968 0.219745 0.683619 0.00469124 0.00174618 0.0131705 3.09993e-07 0.00974722 1.47282e-05 
0.00140436 1.31158e-05 0.000578922 3.86058e-10 9.8289e-05 0.000278776 0.000361937 0.000118809 8.93163e-05 0.00656566 0.00231061 0.00344732 4.56384e-09 3.37005e-13 0.0431684 0.000365394 0.000693337 0.00244052 0.00126596 0.893591 0.00448592 0.0100104 0.0164815 1.07807e-06 0.0112706 0.000959075 
1.44451e-05 0.00148012 0.00471713 1.36238e-06 4.10791e-05 0.000322075 0.000254555 0.000256589 0.0551344 0.19899 0.000211271 0.00497811 0.00171321 1.78571e-10 0.00312438 0.000114683 0.00542493 0.00365374 0.0240503 0.649408 0.00183981 0.00260789 0.0177749 0.00052769 0.0232595 9.94399e-05 
0.00249148 7.50675e-05 0.000134138 1.86486e-09 0.00180189 1.1642e-06 0.00017515 0.000130924 0.000498902 0.0146086 0.000442523 0.0116973 2.1312e-05 0.000957917 0.00601059 0.00017697 0.0268153 0.0111432 0.00310454 0.907648 0.00107557 0.00168166 0.00764047 2.05015e-06 0.00162545 3.98941e-05 
0.00528998 2.10408e-07 0.000543663 3.35446e-12 4.6067e-05 6.43989e-06 0.000380037 0.0048925 0.00373578 0.0206611 0.0196392 0.00354956 0.000104299 9.79192e-05 0.100781 0.000631128 0.000270723 0.00137158 0.334094 0.365934 0.0083306 0.0202254 0.102382 1.62195e-05 0.00662101 0.00039493 
0.0134007 0.000147061 0.0051349 2.1707e-08 9.36129e-06 1.05594e-05 0.00244382 6.80142e-05 0.00179842 0.00904407 0.00455992 0.00242644 0.00710261 0.000185558 0.0510154 0.000161586 2.36743e-05 0.00441368 0.0636779 0.611217 0.0058276 0.0030541 0.186882 1.81987e-05 0.0272444 0.000132413 
0.0362032 4.16819e-06 0.0225355 2.37286e-06 0.000630932 4.42524e-05 0.00458338 0.000551509 0.00543532 0.125905 0.00459504 0.0015421 0.00917598 2.35424e-07 0.132672 0.0160166 0.00116472 0.0583276 0.00908456 0.44129 0.0330364 0.0213109 0.0533796 1.55907e-07 0.02207 0.00043857 
0.00167153 1.82505e-05 0.000208097 6.89077e-11 0.00117482 2.66204e-07 0.00050315 0.000107261 0.000114829 0.021917 0.00035768 0.0685695 1.12867e-05 6.89078e-06 0.011023 2.96858e-05 0.0110413 0.00760253 0.00440581 0.850528 0.00170901 0.00204641 0.0137662 1.37339e-06 0.00312431 6.18394e-05 
0.015756 0.000435616 0.00734941 1.60927e-09 0.0111787 0.0371113 0.000863754 0.000161138 0.0126843 0.137664 0.0236777 0.0169599 0.00384394 0.00130139 0.0993767 0.00275504 0.036412 0.0713943 0.0529721 0.224948 0.00809326 0.10189 0.0471346 1.18338e-05 0.0836399 0.00238442 
0.0064946 6.9809e-05 0.000190947 1.66038e-07 0.00479727 9.21271e-07 0.000160975 0.000212501 0.0031708 0.0563102 0.0128728 0.0702462 3.70735e-05 0.00175432 0.0527998 0.000815827 0.0424918 0.0438706 0.0153394 0.625582 0.00181239 0.00846399 0.038291 7.01297e-06 0.0140731 0.000134223 
0.0142634 0.000201555 0.0237375 1.28992e-08 3.83547e-06 4.43338e-05 0.00048761 5.24218e-05 0.00484543 0.0239014 0.00570813 0.00102728 0.0175809 0.0127986 0.0118249 0.00156471 2.81677e-05 0.00962863 0.148593 0.555796 0.0137466 0.00922875 0.129248 7.53295e-06 0.015641 3.96878e-05 
0.0134007 0.000147061 0.0051349 2.1707e-08 9.36129e-06 1.05594e-05 0.00244382 6.80142e-05 0.00179842 0.00904407 0.00455992 0.00242644 0.00710261 0.000185558 0.0510154 0.000161586 2.36743e-05 0.00441368 0.0636779 0.611217 0.0058276 0.0030541 0.186882 1.81987e-05 0.0272444 0.000132413 
0.00253957 8.06445e-05 0.00566137 1.02126e-06 0.000939436 7.38213e-06 9.55868e-05 0.000299959 0.0521394 0.0304589 0.002654 0.0797765 5.49311e-05 0.000501791 0.0319893 0.000855453 0.0104531 0.0440317 0.0562353 0.580165 0.013351 0.0332214 0.0494941 4.82072e-05 0.00485188 9.29481e-05 
0.00244115 0.000107736 0.00130607 9.29967e-11 0.00384414 1.89264e-06 0.0147024 0.0120699 0.0246609 0.115087 0.111562 0.038998 0.00323365 0.000640627 0.00915786 0.000649446 0.0127971 0.0633198 0.0288143 0.341537 0.0234846 0.00354515 0.103523 2.59627e-05 0.0831015 0.00138987 
1.16033e-08 2.64035e-05 0.00201526 6.23369e-07 2.63589e-08 9.9388e-06 9.75479e-05 8.66958e-05 0.00438931 0.0129947 5.20397e-06 0.000234701 0.000388053 2.54741e-08 0.00368313 5.18136e-08 8.78337e-07 0.000674104 0.000472432 0.926346 0.000235904 0.000220389 0.0375855 4.18598e-11 0.0105334 3.56231e-11 
0.0037383 1.81796e-06 0.00201627 6.11478e-09 6.40895e-06 0.00101049 0.00303361 0.00028393 0.00356734 0.0193095 0.00988627 0.00144263 2.15281e-05 4.67403e-10 0.0694423 1.42614e-05 0.000468729 0.0788594 0.00273867 0.510497 0.0405715 0.0165954 0.0769094 1.01722e-05 0.159069 0.00050691 
0.00522841 2.38314e-06 0.000309218 1.40554e-09 8.72226e-06 0.00141143 9.16981e-05 0.000395069 0.000115688 0.0270232 0.000143087 0.0020159 2.95363e-05 3.28457e-12 0.0972069 1.98443e-05 0.000654554 0.0185535 0.00383241 0.714569 0.0567855 0.0232225 0.0311196 1.98623e-07 0.0165523 0.000708944 
0.0078162 3.12017e-05 0.0180729 0.00104628 0.00268699 0.000447257 0.000778752 0.000668486 0.0149572 0.0419267 0.00386554 0.0192569 0.00491216 0.00175975 0.0453151 4.14924e-05 0.00485988 0.011399 0.0629144 0.541636 0.0758975 0.00641204 0.0643628 4.4808e-06 0.0635564 0.00537456 
0.00812748 6.73779e-05 0.00170788 8.49428e-09 0.00206073 4.1264e-06 0.168518 0.000171884 0.00175567 0.15933 0.0185856 0.0228367 0.000151458 0.000792467 0.0272009 0.00715194 0.0248114 0.0321077 0.0373338 0.415537 0.00199808 0.0275369 0.032821 3.52739e-05 0.00929238 6.40692e-05 
0.00207327 3.22035e-05 0.000268865 1.74691e-07 1.11579e-05 4.40728e-08 0.000196392 0.00110974 0.0103178 0.0438492 5.04071e-05 0.0899945 1.56585e-07 7.75942e-11 0.0139427 0.000101657 8.97757e-05 0.000221055 0.00491827 0.805667 0.0156773 0.000185782 0.0054005 2.56852e-07 0.00587268 1.86353e-05 
0.0218908 0.00024886 0.000435726 7.86426e-07 1.73949e-06 1.80565e-06 0.0631148 0.00019636 0.0051291 0.0133035 0.0605983 0.0932661 0.00169014 0.000290238 0.0275956 0.000108033 0.187781 0.00541549 0.0530092 0.275217 0.0423365 0.0382633 0.0592235 0.000484604 0.049313 0.00108417 
0.0120485 0.000200868 0.00418331 1.28292e-05 0.000108969 0.000990287 0.000866057 0.000152018 0.0105734 0.0280834 0.00611874 0.0701318 0.00347332 0.000238376 0.0637414 0.00207717 4.80078e-05 0.00556998 0.162273 0.445489 0.018018 0.0285612 0.101389 1.49014e-05 0.0226459 0.0129904 
0.0438851 9.4715e-10 3.27646e-06 8.28979e-10 7.12557e-07 4.57958e-06 7.00128e-10 0.000383311 0.00240942 9.24848e-11 0.00309816 0.00204368 3.98378e-07 9.76216e-10 0.00844257 3.07613e-07 1.93718e-07 3.71582e-08 0.00229468 0.85277 0.0161703 0.00697344 5.73544e-06 8.82857e-10 0.0615134 5.56649e-07 
0.00765211 6.88784e-06 0.00126804 1.20942e-09 3.81349e-05 1.81135e-05 0.000263994 0.000546747 7.95669e-05 0.0108987 0.000231829 0.00282812 0.000269242 2.78374e-10 0.0131002 2.56084e-05 0.000424662 0.00546027 0.00330524 0.868269 0.0254537 0.0052515 0.0264016 5.77471e-07 0.0268355 0.00137025 
0.0064946 6.9809e-05 0.000190947 1.66038e-07 0.00479727 9.21271e-07 0.000160975 0.000212501 0.0031708 0.0563102 0.0128728 0.0702462 3.70735e-05 0.00175432 0.0527998 0.000815827 0.0424918 0.0438706 0.0153394 0.625582 0.00181239 0.00846399 0.038291 7.01297e-06 0.0140731 0.000134223 
0.00573356 1.00783e-05 0.000615931 8.98647e-09 0.00139328 4.78891e-07 0.000380219 0.000144569 0.000615975 0.0386558 0.0152411 0.0708193 4.25474e-09 2.66515e-07 0.0531985 0.00152366 0.00426056 0.0134411 0.0401818 0.621126 0.0181049 0.0519141 0.02285 6.16735e-06 0.0395097 0.00027251 
0.0278116 1.62766e-05 0.00115863 1.79015e-10 0.00122715 0.000403058 7.51729e-05 0.0319245 0.00245968 0.0193387 0.0116818 0.0417104 0.000137894 0.00180308 0.262942 6.7811e-05 0.00663457 0.0100914 0.0986964 0.348824 0.0181719 0.0149869 0.0499431 1.24447e-06 0.0497262 0.000166323 
0.0247099 0.000250306 0.00231613 9.17529e-07 0.00769628 1.0339e-05 0.0109774 0.000381252 0.00686328 0.122676 0.0012517 0.00358273 2.60171e-05 0.000103708 0.0411474 0.00199879 0.00086641 0.0810854 0.00753744 0.464487 0.0100006 0.0983886 0.0348585 0.0114615 0.0556323 0.0116899 
0.0115666 9.32815e-07 8.97135e-05 7.89935e-13 7.33588e-07 5.19974e-07 0.000405696 0.000193278 0.000223222 0.00197197 0.0209191 0.000245551 2.36084e-05 1.10182e-05 0.110275 0.000100665 2.97144e-05 0.000702916 0.219452 0.585133 0.0012347 0.0172683 0.0277724 1.06205e-05 0.00222984 0.000139276 
7.46497e-05 1.09537e-05 0.0865125 3.1855e-08 0.0946417 2.12436e-07 1.92352e-05 1.65269e-06 0.00311961 0.113857 0.0371993 0.00407913 0.0010303 3.75128e-08 0.00105571 2.69972e-08 6.80978e-07 0.169535 0.00878538 0.209807 0.0269709 0.00426311 0.0943438 5.84708e-06 0.144396 0.000291169 
0.00189175 1.84733e-08 0.000338877 6.41354e-09 3.10892e-05 0.00210403 0.000416571 4.84989e-05 1.82288e-08 0.0150904 0.000181427 0.00126432 1.38773e-12 3.74158e-12 0.00661574 9.79639e-06 8.01774e-05 0.002337 0.000903118 0.946231 0.003207 0.000330781 0.00805802 5.16999e-07 0.0108598 1.19988e-07 
0.0362016 6.83247e-05 0.00285987 1.42352e-08 8.11064e-05 5.3902e-06 0.00118114 5.07064e-05 0.00969718 0.035714 0.0169929 0.00179889 0.00336327 7.88409e-05 0.177905 0.000519807 2.12582e-05 0.00268002 0.0865324 0.332698 0.0155547 0.0065087 0.238749 0.000170303 0.0302615 0.00030604 
0.00045754 9.50593e-06 0.00013846 2.32316e-09 0.000202709 0.000698707 0.000472205 0.000257378 0.000310686 0.0220584 0.000610093 0.0036691 7.5838e-06 6.31239e-12 0.00325651 4.50106e-05 0.000167253 0.0031539 0.000439683 0.932501 0.00487997 0.00349961 0.0079253 2.01599e-05 0.0151468 7.25781e-05 
0.0171834 0.000790417 0.00652341 7.17353e-05 0.00129728 0.00588616 0.00238 0.00104673 0.0182705 0.0618624 0.00722347 0.022527 0.000970953 0.000767444 0.0501702 0.00187787 0.00831971 0.0413101 0.0400406 0.517779 0.04304 0.0187546 0.0829855 0.0013362 0.045484 0.00210101 
0.00204922 4.80394e-05 0.000237331 4.87898e-10 0.000666175 1.39778e-06 0.000354626 9.85645e-05 0.000303985 0.0691177 0.00543098 0.0604714 2.54274e-05 0.000462475 0.0773707 0.000188026 0.00883633 0.0069908 0.032183 0.69213 0.00131395 0.00541475 0.0321999 3.53322e-06 0.00390212 0.000199519 
0.0136766 5.53329e-05 0.00119747 9.43218e-09 0.00122976 1.89316e-05 0.00455426 0.00906105 0.00213522 0.0498977 0.0313546 0.152252 4.41438e-05 0.000298032 0.162459 0.000412143 0.00367426 0.0381723 0.0397764 0.243663 0.0651387 0.045733 0.102878 1.67256e-05 0.0320888 0.000212238 
0.00607665 4.21922e-05 0.00621067 5.40409e-08 0.0122325 3.11051e-05 0.00201466 0.000528453 0.00182095 0.162756 0.0101922 0.0211326 0.000243718 0.00066099 0.0431014 0.00118154 0.00384516 0.0530508 0.064126 0.515614 0.00697484 0.0337786 0.0290854 0.000280369 0.0248783 0.000140574 
0.00932061 5.14727e-09 0.0107587 3.68517e-12 1.49931e-05 6.08441e-06 0.030537 0.0924492 0.00126344 0.016678 0.000748997 0.00383988 0.000171691 4.33969e-12 0.0237304 8.68542e-05 0.000528484 0.00141239 0.00626918 0.543635 0.021585 0.00739273 0.018974 3.87729e-05 0.110092 0.100467 
0.00380136 0.00193132 0.0142622 8.56919e-09 0.000314311 6.39385e-05 0.000174308 0.00148329 0.078148 0.0597206 0.000447713 0.0885666 0.00212333 0.00506852 0.0239016 0.000458537 0.0118416 0.202005 0.0205325 0.312956 0.00647077 0.00438124 0.0989054 0.000120595 0.0598575 0.00246401 
0.00959769 7.8791e-05 0.00368136 1.17213e-08 5.01663e-06 5.65888e-06 0.00145959 9.88447e-05 0.00122828 0.00824856 0.00817068 0.00202934 0.00384622 9.94205e-05 0.0497304 0.000103226 2.31265e-05 0.00291066 0.0729696 0.671695 0.00512965 0.00282748 0.136046 1.18988e-05 0.0199325 7.09412e-05 
0.000350583 7.28615e-06 0.000197754 1.57872e-08 1.97758e-05 2.20004e-05 0.000579949 4.94942e-05 0.000658976 0.0362468 4.21797e-05 0.182289 1.88838e-05 7.87949e-09 0.00761612 7.22493e-06 0.000322761 0.00293593 0.00353879 0.712968 0.014026 0.000681554 0.0344484 9.25883e-08 0.00290135 7.11556e-05 
0.00677698 1.7646e-08 8.24583e-05 3.08525e-07 9.64051e-06 5.9164e-06 0.00199431 0.000168781 0.00206028 0.0118211 0.000977132 0.00121883 9.96391e-07 1.08931e-06 0.0556363 6.07581e-07 0.000107958 0.0145171 0.00438153 0.844881 0.0114783 0.0172519 0.0237908 4.54022e-07 0.00283536 8.11053e-07 
0.00305745 7.25225e-05 0.000350194 4.10896e-09 0.000672069 0.000140145 0.000206107 0.000128102 0.000832456 0.00976117 0.00364352 0.00686035 3.03735e-05 0.00043874 0.0292031 0.000197355 0.0102115 0.00379403 0.00413049 0.891848 0.00285225 0.00802394 0.0139955 2.25419e-06 0.00913013 0.000418518 
0.00834677 3.00794e-05 0.00736611 5.62502e-10 2.20049e-06 4.97524e-05 5.78932e-08 0.00059169 0.0653886 0.0703513 0.15486 0.0113644 0.000159699 0.00245108 0.0334825 0.0033047 0.00989186 0.0444944 0.131202 0.200953 0.010115 0.0279186 0.0693251 0.000406906 0.147624 0.000319671 
0.0101624 0.000224956 0.00384368 1.57597e-08 0.000864725 0.0141245 0.000387303 0.000254235 0.00516037 0.0329426 0.0150479 0.00418186 0.00270662 0.00146103 0.0224525 0.00934707 0.00162759 0.0080265 0.0359855 0.658949 0.00890981 0.0145007 0.0737995 6.3228e-05 0.0747144 0.000262299 
0.0295029 8.13748e-05 0.00552209 2.75681e-09 2.41754e-05 3.38342e-06 0.000441181 0.00013887 0.00455291 0.0116996 0.0126527 0.00109197 0.00274163 0.00563825 0.0761077 0.000990393 3.12932e-05 0.00202215 0.143337 0.514402 0.0224985 0.0221443 0.112815 8.39759e-06 0.0237707 0.00778164 
0.00042364 3.13577e-05 0.000312295 3.20433e-09 0.0003123 1.20355e-07 0.000321089 8.11847e-05 0.000186064 0.00435969 0.212862 0.338118 8.4063e-06 0.00230841 0.0003272 9.21919e-07 0.0410289 0.00491877 0.00314643 0.369684 7.1119e-07 0.000189374 0.00792798 1.01998e-05 0.0134408 7.92062e-07 
0.0636604 1.6631e-05 0.00165549 2.87814e-05 0.00491729 2.91726e-05 0.000124105 0.052968 0.000500453 0.013485 0.00126637 0.0411107 0.000301697 0.00042992 0.163747 8.04044e-05 0.147476 0.00696297 0.0348054 0.292909 0.0878207 0.0342719 0.0331934 9.70494e-06 0.0182222 7.26917e-06 
0.0338567 2.36779e-06 0.0326439 2.34564e-10 5.92697e-07 9.97188e-08 0.000243176 0.000606251 0.0144073 0.05286 0.000564133 0.000855319 0.00487825 2.76225e-10 0.0438793 0.00624195 0.000352325 0.0119525 0.0149428 0.481707 0.0294194 0.016832 0.0456443 3.88883e-08 0.206536 0.00157411 
0.0197301 3.00574e-06 0.000303476 9.63753e-13 8.96696e-05 0.000465788 0.00330422 0.000214218 0.00153353 0.0222369 0.0154953 0.00212305 3.28372e-05 1.5169e-07 0.15753 0.000908461 8.7814e-05 0.00297347 0.283737 0.358054 0.00943812 0.0672985 0.0450544 3.47433e-05 0.00903708 0.000315144 
0.00413715 0.00018236 0.0309748 2.00001e-10 0.000678942 8.89758e-06 0.270536 0.00123078 0.0053699 0.0238311 0.0315166 0.0291085 0.000416541 0.000449584 0.0881651 0.000631948 0.0145709 0.0121095 0.0277476 0.352685 0.00233764 0.0102538 0.0148596 1.14431e-05 0.0760096 0.00217687 
