0.00956214 4.98306e-06 0.00874233 1.33987e-09 0.000188251 4.02965e-06 0.00113772 0.000183049 0.000487568 0.0354389 0.10472 0.0272785 0.000507287 4.70081e-12 0.0554303 0.00268299 0.000168103 0.000907594 0.00727553 0.593874 0.00625517 0.0816657 0.0108228 1.16783e-05 0.0518657 0.000786162 
0.00140436 1.31158e-05 0.000578922 3.86058e-10 9.8289e-05 0.000278776 0.000361937 0.000118809 8.93163e-05 0.00656566 0.00231061 0.00344732 4.56384e-09 3.37005e-13 0.0431684 0.000365394 0.000693337 0.00244052 0.00126596 0.893591 0.00448592 0.0100104 0.0164815 1.07807e-06 0.0112706 0.000959075 
0.0262883 2.3546e-05 0.000402948 4.65378e-08 0.00388387 4.11638e-07 0.000263895 0.000154083 0.000305541 0.0924469 0.0102728 0.0110779 0.000267622 0.000769094 0.0839374 0.000612499 0.00893276 0.0813807 0.0230646 0.503052 0.0229697 0.0761267 0.0497194 2.00766e-06 0.00384482 0.000200168 
0.00140436 1.31158e-05 0.000578922 3.86058e-10 9.8289e-05 0.000278776 0.000361937 0.000118809 8.93163e-05 0.00656566 0.00231061 0.00344732 4.56384e-09 3.37005e-13 0.0431684 0.000365394 0.000693337 0.00244052 0.00126596 0.893591 0.00448592 0.0100104 0.0164815 1.07807e-06 0.0112706 0.000959075 
0.00143258 0.000788958 0.0012956 4.99754e-07 0.000885181 0.000140429 0.000402387 0.000724235 0.150693 0.0733331 0.00187108 0.167777 0.00202207 1.45003e-07 0.0472778 0.000633839 0.018457 0.014894 0.037732 0.384608 0.00570505 0.00619902 0.0493152 2.37849e-05 0.0336192 0.000169009 
0.0136861 0.000745812 0.00913326 1.45705e-08 0.00648803 3.5605e-05 0.0013013 0.004459 0.0100607 0.0916993 0.0336671 0.015185 0.000524688 1.67832e-07 0.14314 0.00530757 0.00503819 0.015638 0.0479877 0.229567 0.0117725 0.0360744 0.171069 2.58313e-06 0.146317 0.00109931 
0.140295 1.19792e-06 0.00446804 6.06254e-08 0.000106125 1.23819e-08 4.34647e-05 4.15442e-09 0.0329256 0.103671 0.00225933 0.00818505 0.000105038 8.07372e-09 0.0299198 0.00428985 0.000151667 0.0528193 0.0236154 0.180677 0.109828 0.0770608 0.149496 4.41223e-06 0.0138902 0.0661876 
0.0126779 0.00122792 0.0157645 5.1042e-06 0.00677613 2.60312e-05 0.127319 0.00085738 0.0176814 0.0431064 0.0259597 0.0200631 0.00468311 0.000344623 0.0500452 0.00512048 0.018808 0.0357053 0.0243627 0.203862 0.202717 0.0225388 0.0874605 2.92303e-05 0.0724784 0.000379669 
0.00140436 1.31158e-05 0.000578922 3.86058e-10 9.8289e-05 0.000278776 0.000361937 0.000118809 8.93163e-05 0.00656566 0.00231061 0.00344732 4.56384e-09 3.37005e-13 0.0431684 0.000365394 0.000693337 0.00244052 0.00126596 0.893591 0.00448592 0.0100104 0.0164815 1.07807e-06 0.0112706 0.000959075 
0.00223444 2.68025e-09 0.000662654 3.09261e-12 1.50366e-08 2.95463e-08 0.000137515 0.0102059 0.00118285 0.00849458 0.00920418 0.002745 0.000106586 8.81461e-10 0.0784271 0.000107332 0.000227723 0.000522617 0.200136 0.614183 0.00297085 0.0056886 0.059587 6.16765e-06 0.00296115 0.000208731 
0.108142 0.000114615 0.00319077 4.62148e-06 0.00382748 2.07503e-05 0.000496924 0.000295197 0.00717353 0.173591 0.0164214 0.0290415 0.00801678 0.00372752 0.0397995 0.00400025 0.0488964 0.0879624 0.0416154 0.253597 0.0200914 0.0234776 0.103689 5.83116e-06 0.0221142 0.000686848 
0.000465355 9.18024e-06 0.000262309 1.40675e-09 2.51068e-05 2.40964e-05 0.000229959 6.48509e-05 3.83942e-06 0.00712888 5.58522e-05 0.00268905 2.45463e-05 2.65244e-10 0.0101475 9.14394e-06 0.00042832 0.00214279 0.00158756 0.950533 0.00322861 0.000905762 0.0160751 7.44795e-08 0.00386604 9.31226e-05 
0.00343238 3.82681e-05 0.000554243 1.19619e-08 0.00220213 0.000238765 0.000573259 0.00029885 0.000537262 0.041914 0.0407224 0.0167567 0.000536642 0.000657384 0.0250989 9.57085e-05 0.0107587 0.00910897 0.00338515 0.78959 0.0142289 0.00655704 0.0241052 4.5843e-06 0.00851303 9.13442e-05 
0.00975355 2.74361e-05 0.0103552 1.11392e-08 0.000701316 0.000200635 0.00275404 0.000433398 0.0111312 0.0166131 0.0135902 0.0203112 0.00160157 0.000493447 0.0388304 0.00283239 0.0070272 0.0116957 0.0174162 0.668906 0.0206448 0.0126331 0.0317155 0.000317538 0.099667 0.000347361 
0.00665407 6.96876e-06 0.00136023 3.37444e-10 0.000664 6.19723e-06 7.178e-05 0.0090989 0.00524443 0.156024 0.00373515 0.0794261 0.00281395 6.53592e-07 0.00544698 0.00169104 0.0801038 0.194624 0.0184559 0.343899 0.0142422 0.0102213 0.0527537 8.12038e-07 0.0133074 0.000148166 
0.0727998 8.71099e-05 0.00383268 3.68956e-05 4.74508e-05 0.000934047 0.00110023 0.00141302 0.00560861 0.0435196 0.00190029 0.00101134 0.00365945 0.00791953 0.0515213 0.00255533 4.04956e-05 0.125902 0.0851623 0.251303 0.0432663 0.131795 0.133178 3.78116e-05 0.0220063 0.00936218 
0.00140436 1.31158e-05 0.000578922 3.86058e-10 9.8289e-05 0.000278776 0.000361937 0.000118809 8.93163e-05 0.00656566 0.00231061 0.00344732 4.56384e-09 3.37005e-13 0.0431684 0.000365394 0.000693337 0.00244052 0.00126596 0.893591 0.00448592 0.0100104 0.0164815 1.07807e-06 0.0112706 0.000959075 
0.00079016 4.0642e-07 0.0118049 1.13027e-09 1.63915e-05 1.44187e-06 8.94439e-06 0.00138283 0.00231293 0.0671718 0.000477547 0.00329666 0.00253094 1.33102e-09 0.0659102 0.00125319 5.07371e-05 0.00543441 0.0189777 0.68481 0.0185692 0.0177476 0.0130634 1.35787e-07 0.0843825 5.44239e-06 
4.81748e-05 0.00207061 0.0055009 5.19516e-10 0.000443434 0.000145825 5.40472e-05 0.00101019 0.0634398 0.0500169 0.00182781 0.0324794 3.29355e-06 0.00574107 0.00649589 0.00341476 0.0104338 0.0317288 0.0301602 0.616726 0.0348626 0.00576945 0.0388819 0.000419368 0.0570351 0.00129104 
0.00045754 9.50593e-06 0.00013846 2.32316e-09 0.000202709 0.000698707 0.000472205 0.000257378 0.000310686 0.0220584 0.000610093 0.0036691 7.5838e-06 6.31239e-12 0.00325651 4.50106e-05 0.000167253 0.0031539 0.000439683 0.932501 0.00487997 0.00349961 0.0079253 2.01599e-05 0.0151468 7.25781e-05 
0.0240055 0.0005222 0.0105674 3.30363e-05 0.00162362 1.86159e-05 0.00126189 0.000217771 0.00788972 0.159849 0.00424322 0.0110203 0.0135874 8.76289e-05 0.0979727 0.000786374 0.00426296 0.0526113 0.0575763 0.238009 0.0216638 0.00876885 0.236919 4.80811e-05 0.0309836 0.0154698 
0.00223444 2.68025e-09 0.000662654 3.09261e-12 1.50366e-08 2.95463e-08 0.000137515 0.0102059 0.00118285 0.00849458 0.00920418 0.002745 0.000106586 8.81461e-10 0.0784271 0.000107332 0.000227723 0.000522617 0.200136 0.614183 0.00297085 0.0056886 0.059587 6.16765e-06 0.00296115 0.000208731 
0.0103315 6.22134e-07 0.000253711 7.23838e-13 4.89576e-07 3.46996e-07 0.000365905 0.000207664 0.000148816 0.00306949 0.0143611 0.000327051 1.57398e-05 7.34962e-06 0.107719 8.28946e-05 3.59386e-05 0.000582214 0.175356 0.637148 0.00195089 0.0133575 0.0311111 8.81602e-06 0.00346538 9.28553e-05 
0.00140436 1.31158e-05 0.000578922 3.86058e-10 9.8289e-05 0.000278776 0.000361937 0.000118809 8.93163e-05 0.00656566 0.00231061 0.00344732 4.56384e-09 3.37005e-13 0.0431684 0.000365394 0.000693337 0.00244052 0.00126596 0.893591 0.00448592 0.0100104 0.0164815 1.07807e-06 0.0112706 0.000959075 
0.0278116 1.62766e-05 0.00115863 1.79015e-10 0.00122715 0.000403058 7.51729e-05 0.0319245 0.00245968 0.0193387 0.0116818 0.0417104 0.000137894 0.00180308 0.262942 6.7811e-05 0.00663457 0.0100914 0.0986964 0.348824 0.0181719 0.0149869 0.0499431 1.24447e-06 0.0497262 0.000166323 
0.00140436 1.31158e-05 0.000578922 3.86058e-10 9.8289e-05 0.000278776 0.000361937 0.000118809 8.93163e-05 0.00656566 0.00231061 0.00344732 4.56384e-09 3.37005e-13 0.0431684 0.000365394 0.000693337 0.00244052 0.00126596 0.893591 0.00448592 0.0100104 0.0164815 1.07807e-06 0.0112706 0.000959075 
0.0195792 8.28758e-05 0.00247822 0.00363103 1.47473e-05 8.41803e-05 0.000811554 0.0142728 0.0216175 0.0262066 0.0405023 0.0166383 0.000889842 1.16162e-08 0.0689668 0.000415316 0.000226139 0.019937 0.204821 0.37031 0.00873115 0.0283364 0.11392 2.36762e-05 0.0357747 0.00172813 
0.00932061 5.14727e-09 0.0107587 3.68517e-12 1.49931e-05 6.08441e-06 0.030537 0.0924492 0.00126344 0.016678 0.000748997 0.00383988 0.000171691 4.33969e-12 0.0237304 8.68542e-05 0.000528484 0.00141239 0.00626918 0.543635 0.021585 0.00739273 0.018974 3.87729e-05 0.110092 0.100467 
0.0017292 1.30806e-05 0.00077867 3.63032e-10 8.53283e-05 0.000418104 0.000340836 0.000116239 0.000133971 0.00738831 0.00331021 0.00436262 4.25154e-09 2.2619e-13 0.0640125 0.00047148 0.000576102 0.00366076 0.00167532 0.857808 0.00536229 0.0119612 0.0206626 1.61628e-06 0.0141371 0.000994687 
0.00564997 0.000107011 0.000793054 1.51603e-07 8.7212e-06 1.35932e-05 0.000198242 4.13309e-05 0.0413019 0.00507732 4.18317e-05 0.0463082 3.83089e-06 1.78529e-07 0.0626623 2.37186e-06 0.000118801 3.49549e-05 0.083618 0.705501 0.0017438 0.00370347 0.0319113 0.000154604 0.0107314 0.000272504 
0.00425964 2.11203e-09 0.000124086 1.16473e-12 1.36198e-06 2.25771e-09 0.00035572 0.00694451 0.000402268 0.00321545 0.0197001 0.00330352 8.85291e-05 1.10252e-05 0.0356625 1.11308e-05 0.000103909 0.000332687 0.272848 0.618495 0.00136285 0.00320277 0.0268017 6.22828e-06 0.00275041 1.5783e-05 
0.00393208 4.99374e-06 0.000246404 1.89687e-08 3.48307e-05 0.000879702 0.00109141 0.000168575 3.91615e-06 0.00420549 9.81257e-05 0.00156902 2.7363e-07 8.99377e-10 0.0156629 5.09607e-05 0.000879233 0.00393896 0.000794693 0.84351 0.0169142 0.0106785 0.014699 1.05074e-08 0.0795592 0.00107716 
0.00687237 5.0932e-06 0.000440799 1.43087e-08 1.08026e-05 2.35687e-05 0.0002331 0.00260524 0.000786929 0.0259236 0.0279968 0.00643962 0.000520634 0.0169679 0.07468 8.58288e-05 9.36216e-05 0.00264073 0.338217 0.354827 0.00563294 0.00584536 0.12439 1.52451e-07 0.00467043 9.06581e-05 
0.0146963 0.000724988 0.000559057 6.78557e-06 0.00019438 0.00171706 0.00152875 0.000718272 0.0159826 0.307748 0.0070059 0.00859955 0.00010545 0.000102295 0.0146197 0.000744348 0.000966322 0.00908397 0.0209862 0.335929 0.020401 0.00514409 0.181022 8.67817e-05 0.0322693 0.0190569 
6.55228e-12 3.71854e-07 8.02421e-07 1.29079e-07 5.14347e-07 3.48127e-05 5.52089e-07 4.43709e-07 0.00143153 0.00432895 5.36073e-07 0.149436 1.22533e-11 3.30372e-11 0.000263417 6.58625e-07 0.00436397 3.95551e-06 4.76757e-07 0.837703 3.20282e-06 9.73308e-07 1.71814e-06 6.87487e-08 5.49563e-06 0.00241793 
0.00543895 0.000149635 0.000579565 3.26104e-07 0.00189145 6.11904e-06 0.000183257 0.00062172 0.00115979 0.0658397 0.00569086 0.0284172 0.000100978 0.00102363 0.0691467 0.00174723 0.0224574 0.0951179 0.121602 0.463868 0.0287449 0.0307814 0.0447148 7.7273e-05 0.0104638 0.000176003 
0.0438851 9.4715e-10 3.27646e-06 8.28979e-10 7.12557e-07 4.57958e-06 7.00128e-10 0.000383311 0.00240942 9.24848e-11 0.00309816 0.00204368 3.98378e-07 9.76216e-10 0.00844257 3.07613e-07 1.93718e-07 3.71582e-08 0.00229468 0.85277 0.0161703 0.00697344 5.73544e-06 8.82857e-10 0.0615134 5.56649e-07 
0.00164657 2.46885e-05 0.000204276 5.71395e-11 0.00364654 2.76191e-06 0.000430178 0.000506646 0.000856534 0.0180612 0.000109724 0.0159285 1.12825e-05 9.72522e-08 0.0112766 0.000181597 0.0134578 0.00738051 0.00334295 0.894377 0.00163833 0.0017173 0.012674 4.59387e-06 0.0123202 0.000200282 
0.0105544 0.000763965 0.00183847 0.0192396 2.80138e-06 2.7846e-06 2.71888e-05 0.000218956 0.029219 0.0207163 0.000589933 0.00108338 0.0025179 4.22661e-06 0.0941658 0.00119537 0.00301152 0.0451375 0.0831829 0.53169 0.00676834 0.00741005 0.015924 0.120975 0.00375966 3.48936e-07 
0.0134007 0.000147061 0.0051349 2.1707e-08 9.36129e-06 1.05594e-05 0.00244382 6.80142e-05 0.00179842 0.00904407 0.00455992 0.00242644 0.00710261 0.000185558 0.0510154 0.000161586 2.36743e-05 0.00441368 0.0636779 0.611217 0.0058276 0.0030541 0.186882 1.81987e-05 0.0272444 0.000132413 
0.00178657 0.00861148 0.00200033 1.71328e-07 5.23714e-05 6.08654e-08 0.000133786 0.000639926 0.017377 0.0232832 0.0005699 0.00874636 0.00077909 2.10464e-07 0.2436 0.000818405 0.000421641 0.0024508 0.0173141 0.34845 0.0103708 0.00113883 0.201258 9.74255e-08 0.0520087 0.0581883 
0.0146683 7.59063e-07 0.000306421 4.69496e-10 2.4296e-05 8.47907e-10 9.848e-05 2.36333e-05 2.3978e-05 0.114345 0.000282766 0.00490574 6.89034e-05 2.68314e-09 0.0563125 0.0019889 0.0569724 0.0131349 0.0603727 0.376495 0.0027983 0.0084791 0.282306 6.71574e-06 0.00637324 1.20645e-05 
0.0823421 1.06319e-06 0.011166 3.99101e-07 4.91045e-07 7.20773e-07 0.000167671 1.88126e-06 0.044022 0.00512917 0.0172776 0.0718744 0.00140421 0.000218398 0.0480869 7.4482e-05 0.0617656 0.0143298 0.151638 0.248524 0.00810925 0.121076 0.0755992 0.00087388 0.0362903 2.64818e-05 
0.00178657 0.00861148 0.00200033 1.71328e-07 5.23714e-05 6.08654e-08 0.000133786 0.000639926 0.017377 0.0232832 0.0005699 0.00874636 0.00077909 2.10464e-07 0.2436 0.000818405 0.000421641 0.0024508 0.0173141 0.34845 0.0103708 0.00113883 0.201258 9.74255e-08 0.0520087 0.0581883 
0.0365421 6.86382e-05 0.00419459 7.40972e-09 1.10408e-05 8.28904e-06 0.000678046 6.85565e-05 0.00233839 0.0188705 0.00666172 0.00119252 0.00259466 0.013493 0.0298991 0.00172587 2.74613e-05 0.00269266 0.138611 0.519428 0.0192501 0.0196058 0.161006 1.06385e-05 0.0207404 0.000281244 
0.00529485 0.000184515 0.00325845 3.74936e-07 0.00383624 0.000569707 0.000117909 0.00095294 0.011919 0.0412281 0.00175654 0.0872641 0.000309105 0.00082401 0.0744716 0.000810714 0.0039444 0.042858 0.0426737 0.550268 0.0110935 0.0132627 0.0539012 0.000801738 0.0464 0.00199892 
0.0278116 1.62766e-05 0.00115863 1.79015e-10 0.00122715 0.000403058 7.51729e-05 0.0319245 0.00245968 0.0193387 0.0116818 0.0417104 0.000137894 0.00180308 0.262942 6.7811e-05 0.00663457 0.0100914 0.0986964 0.348824 0.0181719 0.0149869 0.0499431 1.24447e-06 0.0497262 0.000166323 
0.017174 2.3163e-06 0.0137376 8.62756e-06 1.71508e-05 6.71659e-06 4.03808e-05 8.26197e-06 0.00103424 0.0318735 0.00137479 0.000579248 0.000337621 6.74877e-07 0.18261 0.00789448 5.36227e-05 0.0205217 0.0143362 0.50032 0.0180207 0.0345797 0.143258 2.89898e-06 0.0118415 0.000366362 
0.000472593 1.05219e-05 0.00064937 1.17672e-10 0.00764827 4.69341e-06 0.000438859 0.0253309 0.00271044 0.0277159 0.00995305 0.0767107 1.30343e-05 2.00918e-07 0.00627817 0.000402641 0.021979 0.00860896 0.0185697 0.728921 0.00140588 0.000819037 0.0109037 1.14824e-05 0.0502486 0.000192914 
0.0364145 0.0101609 0.0146351 1.6356e-05 3.57605e-05 3.00085e-06 0.00497234 0.000326843 0.0300995 0.0233281 0.0099765 0.00185325 0.00231485 0.00458843 0.0526896 0.00110943 7.59605e-05 0.00220839 0.103837 0.408084 0.0227268 0.0214243 0.102144 1.23378e-05 0.0703123 0.076651 
0.00862565 5.13829e-05 0.00110488 1.46136e-08 0.00105751 1.53893e-06 0.000552855 0.000193744 0.000251674 0.0308095 0.000199313 0.00988307 0.000335621 4.75121e-08 0.0771904 0.000126907 0.00994763 0.00892458 0.0946917 0.594099 0.00687777 0.00784327 0.1377 3.24042e-06 0.00941842 0.000110167 
0.0376722 5.97856e-05 0.00255973 1.9059e-09 0.00133922 9.36047e-05 9.60234e-05 0.000498133 0.124705 0.0844633 0.00275402 0.0444993 8.38115e-06 0.00230638 0.14978 6.63242e-05 0.0106215 0.0135485 0.0479787 0.316786 0.0162411 0.00448278 0.0838259 2.1218e-05 0.0555927 1.56801e-07 
0.0023798 3.95757e-05 0.000214853 7.35451e-09 0.000729914 0.000139378 0.00019244 0.000186295 0.000665527 0.0281827 0.000512419 0.012313 1.54051e-05 0.000383524 0.0156877 7.31992e-05 0.00838574 0.00549457 0.00943455 0.871774 0.00338594 0.00438248 0.0285817 7.96073e-05 0.00666832 9.69355e-05 
0.00932061 5.14727e-09 0.0107587 3.68517e-12 1.49931e-05 6.08441e-06 0.030537 0.0924492 0.00126344 0.016678 0.000748997 0.00383988 0.000171691 4.33969e-12 0.0237304 8.68542e-05 0.000528484 0.00141239 0.00626918 0.543635 0.021585 0.00739273 0.018974 3.87729e-05 0.110092 0.100467 
0.0808471 0.00135994 0.0208615 6.3634e-08 0.00123826 0.00105797 0.0084798 0.00107347 0.114127 0.0538438 0.0189152 0.0128735 0.00583091 0.0102867 0.0960435 0.00375299 0.00102535 0.046518 0.0754577 0.183367 0.0266594 0.0274451 0.125575 1.85136e-05 0.0791907 0.00415116 
0.00497861 4.28212e-05 0.0556868 4.65964e-06 0.0116061 0.000217172 0.00106797 0.0006385 0.00901847 0.0784134 0.00649003 0.032527 0.00239358 0.00159557 0.127612 0.000453199 0.00271557 0.0574128 0.0198601 0.323463 0.103443 0.00473498 0.117411 9.78956e-07 0.0380441 0.000168857 
0.00516504 1.66472e-06 0.00138005 0.00124428 2.93175e-06 0.00996955 2.84154e-05 0.000100042 0.00019984 0.0384291 2.53311e-05 0.05896 7.21991e-11 1.94662e-10 0.0250658 7.85728e-05 0.000613264 0.0456445 0.0022569 0.498814 0.166433 0.0191381 0.0799415 4.54991e-06 0.0430361 0.00346722 
0.0277796 0.000135827 0.00495021 3.07742e-06 5.93947e-07 8.33591e-05 0.000859079 0.000176001 0.122889 0.0278516 0.00904642 0.15229 0.00549636 8.32018e-06 0.000322178 0.000329931 0.00225253 0.110267 0.113712 0.241444 0.00475444 0.065877 0.0771477 0.0110484 0.021275 5.03775e-07 
0.0058961 3.6752e-09 9.53439e-05 3.73523e-12 7.34702e-06 0.000135188 0.000539633 0.00513063 0.000477445 0.0105047 0.00945047 0.00447381 4.21746e-05 0.000917856 0.0483371 0.00032334 7.62261e-05 0.000777627 0.347159 0.383846 0.00533965 0.116552 0.0565082 3.81252e-06 0.0033998 7.52983e-06 
0.0236645 0.000195593 0.00816046 4.94725e-06 0.00158198 0.00173634 0.000558555 0.00187341 0.00994714 0.101361 0.0124353 0.0391045 0.0026453 0.000155041 0.131585 0.00483048 0.0131821 0.11009 0.0168299 0.197663 0.0193929 0.0616274 0.0580034 7.08806e-05 0.182089 0.00121222 
0.0134007 0.000147061 0.0051349 2.1707e-08 9.36129e-06 1.05594e-05 0.00244382 6.80142e-05 0.00179842 0.00904407 0.00455992 0.00242644 0.00710261 0.000185558 0.0510154 0.000161586 2.36743e-05 0.00441368 0.0636779 0.611217 0.0058276 0.0030541 0.186882 1.81987e-05 0.0272444 0.000132413 
0.00045754 9.50593e-06 0.00013846 2.32316e-09 0.000202709 0.000698707 0.000472205 0.000257378 0.000310686 0.0220584 0.000610093 0.0036691 7.5838e-06 6.31239e-12 0.00325651 4.50106e-05 0.000167253 0.0031539 0.000439683 0.932501 0.00487997 0.00349961 0.0079253 2.01599e-05 0.0151468 7.25781e-05 
0.000311007 0.000201614 0.00279572 9.16925e-09 6.27753e-05 0.000162582 0.326291 0.00139973 0.0295218 0.0538144 0.00276766 0.105445 0.00250006 9.55889e-06 0.00745601 0.000608109 0.0161734 0.040773 0.0163675 0.337467 0.0328332 0.00233242 0.00552558 2.57938e-06 0.0143502 0.000827912 
0.000377912 2.52475e-05 0.00012208 1.24827e-10 0.00736475 4.69316e-06 0.000547336 0.000982359 0.00193826 0.0237189 6.49763e-05 0.0287066 3.3944e-09 2.1342e-07 0.0013068 0.000385706 0.0209708 0.00750923 0.00289456 0.872608 0.000665992 0.000772211 0.00524413 1.14826e-05 0.0234974 0.000280637 
0.00919891 2.7081e-05 0.000313509 4.32131e-10 0.0015978 3.89355e-07 0.000585766 0.00158017 0.0438964 0.0248364 0.000511424 0.0298524 3.26617e-06 6.42837e-07 0.0653007 0.000741754 0.00770264 0.0362147 0.205653 0.366204 0.00656208 0.00301988 0.119318 2.68924e-06 0.0285756 0.0483007 
0.0137279 0.000185881 0.0104894 7.87052e-09 3.55344e-05 3.53999e-06 0.000908357 0.000147162 0.00668575 0.00944821 0.00896702 0.00238579 0.00726112 0.000255566 0.0871764 6.43197e-05 2.6933e-05 0.00293805 0.0605258 0.573992 0.018781 0.00492341 0.138324 7.42324e-06 0.0402464 0.0124928 
0.00904581 0.000256733 0.00498877 1.41826e-08 0.000383175 0.000372201 0.0228883 0.000392962 0.0428516 0.0303505 0.00940598 0.0110119 0.00399038 0.00169835 0.0682072 0.0113313 0.00635461 0.0079032 0.0531 0.516128 0.0128736 0.00629157 0.125768 0.000306063 0.0487672 0.00533209 
6.55228e-12 3.71854e-07 8.02421e-07 1.29079e-07 5.14347e-07 3.48127e-05 5.52089e-07 4.43709e-07 0.00143153 0.00432895 5.36073e-07 0.149436 1.22533e-11 3.30372e-11 0.000263417 6.58625e-07 0.00436397 3.95551e-06 4.76757e-07 0.837703 3.20282e-06 9.73308e-07 1.71814e-06 6.87487e-08 5.49563e-06 0.00241793 
0.0125618 7.00106e-05 0.0185143 8.05156e-08 0.000418765 8.9627e-05 0.00116175 0.00013528 0.0368114 0.0428719 0.000143874 0.00199843 0.00256463 0.000216629 0.121769 0.00120523 0.000129837 0.000633269 0.00317214 0.464434 0.0191649 0.00987311 0.226003 9.69906e-06 0.0358279 0.000218802 
0.0125537 4.19466e-07 0.00111218 5.01135e-08 1.74363e-06 1.34738e-06 0.000842311 1.76391e-05 0.00049421 0.00437242 0.000369007 0.00147773 0.000953269 0.000185184 0.0315825 1.23128e-05 3.59787e-05 0.000950203 0.0164289 0.866384 0.00658637 0.00972893 0.0403608 1.95925e-06 0.00550209 4.46546e-05 
0.00045754 9.50593e-06 0.00013846 2.32316e-09 0.000202709 0.000698707 0.000472205 0.000257378 0.000310686 0.0220584 0.000610093 0.0036691 7.5838e-06 6.31239e-12 0.00325651 4.50106e-05 0.000167253 0.0031539 0.000439683 0.932501 0.00487997 0.00349961 0.0079253 2.01599e-05 0.0151468 7.25781e-05 
0.000798183 0.293923 0.000315353 2.57745e-08 2.3289e-05 7.04411e-05 0.00189492 0.000416988 0.0293845 0.0832226 0.0022309 0.0153582 0.000275045 4.90745e-08 0.00982013 0.00108217 0.0610703 0.00387106 0.056051 0.370558 0.022918 0.0293812 0.00638469 0.000784344 0.00930926 0.00085601 
0.00721231 1.41398e-06 0.00172577 1.09083e-09 5.00123e-05 1.95654e-06 0.00013091 0.000572179 0.00677447 0.0077868 0.00117493 0.00741169 5.58415e-12 1.50559e-11 0.00934154 0.00733261 0.00023093 0.00494994 0.00532722 0.850636 0.0209035 0.0211914 0.0107468 0.000587688 0.0356715 0.000238202 
0.0238817 4.51344e-06 0.00451139 3.11456e-05 4.09633e-05 1.32824e-05 0.000370859 0.000417866 0.0300865 0.05669 0.011303 0.00488905 0.00112806 0.00541622 0.0281253 0.00609739 7.47326e-05 0.0227612 0.284727 0.300248 0.0123074 0.0611443 0.112667 2.80187e-05 0.0329996 3.54494e-05 
0.0192105 0.000193899 0.00313574 7.58827e-09 1.80321e-05 8.24764e-06 0.0040354 8.59054e-05 0.00431847 0.017605 0.011608 0.00170541 0.0188555 6.19294e-05 0.169154 0.00135354 3.93745e-05 0.0165049 0.0540542 0.419706 0.0293521 0.0234618 0.184917 9.99012e-06 0.0203033 0.000301858 
0.012669 5.34384e-06 0.00923273 7.45121e-07 0.00382321 0.000250882 0.0029179 0.000901213 0.00560011 0.029013 0.00208383 0.0023341 0.00751972 0.00229821 0.127137 0.000766896 4.95391e-05 0.0146851 0.221974 0.344461 0.0307541 0.00758919 0.150901 5.26827e-06 0.0224856 0.000541432 
0.139008 5.71299e-05 0.00984963 2.49262e-06 1.33339e-05 2.49855e-08 8.55324e-05 0.00323298 0.00590125 0.0425283 0.000654909 0.00100157 0.000184995 1.04204e-11 0.0779071 0.000171672 3.12229e-05 0.048489 0.0810129 0.178271 0.156949 0.0784159 0.0958714 3.0044e-05 0.0770104 0.00331977 
0.0146962 0.000918901 0.00414775 0.000228091 0.00208672 0.000197576 0.000187159 0.000122824 0.0563769 0.0683145 0.000593435 0.0522974 0.00186515 4.7878e-06 0.00561846 0.000226012 0.00226082 0.0700444 0.00534382 0.525965 0.0296993 0.0117368 0.0566388 1.10386e-05 0.0890691 0.00134869 
0.00484351 0.000148458 0.00155686 1.43541e-06 0.000345958 0.000144608 0.000848484 0.000174789 0.00151974 0.0164821 0.00246418 0.00868858 0.00149785 0.000579683 0.0317092 0.000248921 0.00270797 0.0057133 0.0196063 0.821258 0.00459221 0.00181885 0.0588558 6.66334e-06 0.0140566 0.000130398 
0.00203069 0.000768679 0.0107876 1.66794e-10 0.000704672 2.17286e-05 0.0679016 0.000621546 0.0992162 0.0754536 0.00334514 0.0581842 0.0199514 0.00138091 0.0467402 0.000681988 0.0165617 0.0474772 0.0462154 0.306436 0.0223764 0.00534479 0.0602694 9.95239e-06 0.107352 0.000167188 
0.00305745 7.25225e-05 0.000350194 4.10896e-09 0.000672069 0.000140145 0.000206107 0.000128102 0.000832456 0.00976117 0.00364352 0.00686035 3.03735e-05 0.00043874 0.0292031 0.000197355 0.0102115 0.00379403 0.00413049 0.891848 0.00285225 0.00802394 0.0139955 2.25419e-06 0.00913013 0.000418518 
0.0218898 8.62099e-05 0.00115304 3.17314e-11 0.00150416 1.93527e-05 0.000145594 0.0135369 0.000119238 0.0315213 0.055182 0.014795 2.81813e-05 5.46524e-08 0.297529 0.000686822 0.00803759 0.0173249 0.0403297 0.334843 0.00687888 0.0206974 0.0868181 2.65595e-06 0.0464785 0.0003926 
0.00153341 5.48181e-06 0.000477087 1.59303e-09 4.10012e-05 0.000116552 0.000239847 0.000124979 0.000325165 0.0196463 0.00113265 0.00183477 1.2329e-05 4.30873e-12 0.0726776 0.000165886 0.000363637 0.00143992 0.00447763 0.851522 0.00415795 0.00966196 0.0209635 1.14957e-06 0.00867995 0.000399774 
0.0218898 8.62099e-05 0.00115304 3.17314e-11 0.00150416 1.93527e-05 0.000145594 0.0135369 0.000119238 0.0315213 0.055182 0.014795 2.81813e-05 5.46524e-08 0.297529 0.000686822 0.00803759 0.0173249 0.0403297 0.334843 0.00687888 0.0206974 0.0868181 2.65595e-06 0.0464785 0.0003926 
0.000202775 8.06715e-06 0.00154583 0.000868216 2.48192e-06 0.000957505 2.37453e-05 0.00253501 0.0358388 0.0674777 0.000160936 0.0444559 1.90326e-05 1.93911e-10 0.00305421 0.00016794 5.41635e-05 0.00874887 0.00440778 0.728768 0.0346281 0.00237306 0.028564 8.71127e-05 0.0350395 1.09733e-05 
0.00359135 1.43691e-05 0.00921859 1.70697e-08 0.0904162 2.60177e-05 1.29498e-05 0.000980238 0.00229217 0.049727 0.000350332 0.0159039 0.00172245 2.01015e-08 0.0785357 0.000922036 4.81357e-05 0.0199871 0.0156035 0.553304 0.0257883 0.0120386 0.0423219 1.54156e-06 0.0769177 0.000275751 
0.00140436 1.31158e-05 0.000578922 3.86058e-10 9.8289e-05 0.000278776 0.000361937 0.000118809 8.93163e-05 0.00656566 0.00231061 0.00344732 4.56384e-09 3.37005e-13 0.0431684 0.000365394 0.000693337 0.00244052 0.00126596 0.893591 0.00448592 0.0100104 0.0164815 1.07807e-06 0.0112706 0.000959075 
1.16033e-08 2.64035e-05 0.00201526 6.23369e-07 2.63589e-08 9.9388e-06 9.75479e-05 8.66958e-05 0.00438931 0.0129947 5.20397e-06 0.000234701 0.000388053 2.54741e-08 0.00368313 5.18136e-08 8.78337e-07 0.000674104 0.000472432 0.926346 0.000235904 0.000220389 0.0375855 4.18598e-11 0.0105334 3.56231e-11 
0.00932061 5.14727e-09 0.0107587 3.68517e-12 1.49931e-05 6.08441e-06 0.030537 0.0924492 0.00126344 0.016678 0.000748997 0.00383988 0.000171691 4.33969e-12 0.0237304 8.68542e-05 0.000528484 0.00141239 0.00626918 0.543635 0.021585 0.00739273 0.018974 3.87729e-05 0.110092 0.100467 
0.0929046 9.48929e-07 0.00356382 1.64296e-09 0.00236542 5.62387e-05 0.000475376 0.00181582 0.0196987 0.144 0.000745095 0.0145135 0.000719111 8.22339e-09 0.112044 0.000218531 7.04305e-05 0.0627684 0.0149475 0.214479 0.0842581 0.0336926 0.100904 2.42041e-06 0.090614 0.00514167 
0.00171893 1.94229e-05 0.000961972 1.2099e-07 0.000523125 0.000151674 0.0011065 0.000757996 0.00140376 0.0627102 0.000197306 0.0206942 9.80206e-05 1.22173e-05 0.0569216 3.76016e-05 0.00399846 0.0371006 0.00151772 0.782844 0.00334532 0.00106809 0.017948 7.86899e-07 0.00456179 0.000300935 
0.0532758 2.87802e-06 0.00238953 3.10318e-12 8.51344e-09 6.83042e-09 0.000155756 6.99752e-05 0.00227443 0.00361898 0.0056779 0.000173807 0.000418672 1.62316e-09 0.0720763 0.000585143 9.73213e-05 0.00285036 0.0571243 0.590047 0.012626 0.0358914 0.115306 5.62652e-06 0.0450989 0.00023294 
0.00614902 0.00070394 0.0461588 2.96683e-07 4.2722e-06 0.000481064 0.00917587 0.00166489 0.0158773 0.0166243 4.8127e-05 0.0260167 0.00386755 1.06483e-09 0.167907 0.000174527 0.000341361 0.0788014 0.0198228 0.30518 0.0605167 0.0150297 0.129981 2.02797e-06 0.092049 0.003423 
0.000465355 9.18024e-06 0.000262309 1.40675e-09 2.51068e-05 2.40964e-05 0.000229959 6.48509e-05 3.83942e-06 0.00712888 5.58522e-05 0.00268905 2.45463e-05 2.65244e-10 0.0101475 9.14394e-06 0.00042832 0.00214279 0.00158756 0.950533 0.00322861 0.000905762 0.0160751 7.44795e-08 0.00386604 9.31226e-05 
0.0021925 0.000271339 0.00502772 1.6665e-06 2.49612e-05 0.000957469 0.149698 0.00113377 0.00297736 0.0323904 0.012765 0.0260367 0.000387515 1.30716e-06 0.060062 0.000930573 0.000884459 0.00346978 0.015657 0.552383 0.00375824 0.0278325 0.0716755 1.13306e-05 0.0265786 0.00289159 
0.00284261 1.76327e-05 0.000679149 2.69263e-05 0.000290658 0.000611184 0.00242149 0.000199629 0.00258658 0.0106174 0.00498969 0.00298744 0.000374069 0.00140529 0.0595683 0.00165497 0.000435687 0.00375694 0.088279 0.745541 0.00580428 0.00804712 0.0463823 1.37238e-06 0.0101566 0.000322342 
0.0127461 2.32086e-05 0.00125025 2.25355e-06 0.000604496 0.00152962 6.24497e-05 0.011 0.0123235 0.114993 0.00142977 0.186317 4.47463e-05 0.000825736 0.0418686 0.000501782 0.00570593 0.120758 0.0380589 0.308758 0.0193724 0.0236256 0.0578171 2.94839e-07 0.03992 0.000462265 
0.00140436 1.31158e-05 0.000578922 3.86058e-10 9.8289e-05 0.000278776 0.000361937 0.000118809 8.93163e-05 0.00656566 0.00231061 0.00344732 4.56384e-09 3.37005e-13 0.0431684 0.000365394 0.000693337 0.00244052 0.00126596 0.893591 0.00448592 0.0100104 0.0164815 1.07807e-06 0.0112706 0.000959075 
0.0413718 7.41093e-05 0.00659277 4.91772e-07 0.0039195 5.60003e-05 0.00350593 0.00071898 0.0166204 0.212332 0.0301526 0.00587275 0.00304974 3.61308e-09 0.0263775 0.00510525 0.000313935 0.0238352 0.0140453 0.407835 0.0527515 0.0497308 0.0521554 2.15032e-06 0.04244 0.001141 
0.0438851 9.4715e-10 3.27646e-06 8.28979e-10 7.12557e-07 4.57958e-06 7.00128e-10 0.000383311 0.00240942 9.24848e-11 0.00309816 0.00204368 3.98378e-07 9.76216e-10 0.00844257 3.07613e-07 1.93718e-07 3.71582e-08 0.00229468 0.85277 0.0161703 0.00697344 5.73544e-06 8.82857e-10 0.0615134 5.56649e-07 
0.00823064 0.000286519 0.00709478 5.01739e-08 0.000377786 0.000848245 0.175325 0.0132283 0.00286011 0.0313882 0.0178728 0.00440266 0.00176172 0.0141873 0.0533367 0.000267952 0.000498481 0.00671746 0.024779 0.505996 0.0105524 0.0152723 0.0630885 1.46775e-05 0.0397389 0.00187346 
0.00223444 2.68025e-09 0.000662654 3.09261e-12 1.50366e-08 2.95463e-08 0.000137515 0.0102059 0.00118285 0.00849458 0.00920418 0.002745 0.000106586 8.81461e-10 0.0784271 0.000107332 0.000227723 0.000522617 0.200136 0.614183 0.00297085 0.0056886 0.059587 6.16765e-06 0.00296115 0.000208731 
0.0171392 2.7899e-06 0.00538543 8.12658e-10 0.00315483 5.0162e-05 0.000118835 0.0291001 0.00646268 0.0183494 0.0628807 0.020464 0.00030511 1.19696e-06 0.0729657 0.000408969 0.00936053 0.0259757 0.0447984 0.399288 0.0125918 0.0131223 0.087895 5.34309e-06 0.168406 0.00176781 
0.00966735 0.00137666 0.000804482 1.286e-09 0.00166941 6.57577e-07 5.8258e-05 0.000683744 0.0721629 0.0294586 0.0124091 0.195375 0.000215467 0.000821358 0.0264938 0.00346253 0.226362 0.0178903 0.0334715 0.227588 0.0381302 0.000670134 0.0296679 0.00242766 0.0507283 0.0184045 
0.00324824 1.77639e-05 0.00057195 2.87925e-08 0.00149912 0.00120905 0.000383895 0.00030767 0.000467057 0.0115529 0.00989229 0.00886868 2.55547e-05 4.34988e-05 0.0643505 0.000545833 0.00756588 0.00604671 0.00353733 0.823695 0.00382864 0.0129201 0.0194599 3.73086e-06 0.0190523 0.000906678 
0.0197301 3.00574e-06 0.000303476 9.63753e-13 8.96696e-05 0.000465788 0.00330422 0.000214218 0.00153353 0.0222369 0.0154953 0.00212305 3.28372e-05 1.5169e-07 0.15753 0.000908461 8.7814e-05 0.00297347 0.283737 0.358054 0.00943812 0.0672985 0.0450544 3.47433e-05 0.00903708 0.000315144 
0.00140436 1.31158e-05 0.000578922 3.86058e-10 9.8289e-05 0.000278776 0.000361937 0.000118809 8.93163e-05 0.00656566 0.00231061 0.00344732 4.56384e-09 3.37005e-13 0.0431684 0.000365394 0.000693337 0.00244052 0.00126596 0.893591 0.00448592 0.0100104 0.0164815 1.07807e-06 0.0112706 0.000959075 
0.056087 5.2675e-08 0.000494532 7.32026e-11 1.65439e-09 1.32204e-10 0.000118317 7.95854e-07 1.53469e-07 0.0309741 1.10139e-11 9.50415e-05 3.19727e-11 8.62043e-11 0.0726038 6.30891e-06 4.15048e-07 0.237804 0.00963235 0.289795 0.0979753 0.100377 0.104036 7.79603e-11 1.86684e-08 6.6345e-11 
0.00164657 2.46885e-05 0.000204276 5.71395e-11 0.00364654 2.76191e-06 0.000430178 0.000506646 0.000856534 0.0180612 0.000109724 0.0159285 1.12825e-05 9.72522e-08 0.0112766 0.000181597 0.0134578 0.00738051 0.00334295 0.894377 0.00163833 0.0017173 0.012674 4.59387e-06 0.0123202 0.000200282 
0.0377044 3.87111e-06 0.000261607 1.75188e-08 8.22621e-05 3.2941e-05 0.000463451 0.000523573 2.15022e-05 0.0438721 0.000558713 0.00206157 0.000376321 8.40998e-08 0.0759883 0.000109124 0.000341962 0.0121835 0.0198702 0.590063 0.031086 0.129431 0.0395093 1.31068e-05 0.0152553 0.000186999 
0.000465355 9.18024e-06 0.000262309 1.40675e-09 2.51068e-05 2.40964e-05 0.000229959 6.48509e-05 3.83942e-06 0.00712888 5.58522e-05 0.00268905 2.45463e-05 2.65244e-10 0.0101475 9.14394e-06 0.00042832 0.00214279 0.00158756 0.950533 0.00322861 0.000905762 0.0160751 7.44795e-08 0.00386604 9.31226e-05 
0.124584 3.76381e-06 0.00152391 3.58445e-09 0.000392588 0.00354794 0.00048168 0.000707069 0.00121325 0.014726 4.00912e-05 0.00408193 0.000198575 0.000265141 0.139927 0.000137808 0.000152922 0.00602267 0.068961 0.413495 0.0292012 0.0546975 0.116749 9.38755e-07 0.0188674 2.18326e-05 
0.0336982 0.000863264 0.000777613 1.53871e-05 0.00315443 0.000824716 5.40465e-05 0.00766706 0.00624436 0.0752613 0.0187029 0.167694 0.00270687 0.000227711 0.106284 0.00274823 0.00950911 0.0457648 0.0688638 0.174554 0.0354908 0.0849392 0.111277 1.36494e-06 0.0366831 0.00599294 
0.0087062 8.11732e-06 0.0174689 4.2017e-06 0.000349054 0.000821216 2.58167e-05 0.00035455 0.0371816 0.044978 0.0004635 0.0902693 0.000940426 1.73149e-06 0.0617398 3.76164e-05 4.07938e-06 0.185758 0.17807 0.212841 0.0204568 0.00231741 0.0635777 3.44884e-07 0.0735956 2.88144e-05 
0.00140436 1.31158e-05 0.000578922 3.86058e-10 9.8289e-05 0.000278776 0.000361937 0.000118809 8.93163e-05 0.00656566 0.00231061 0.00344732 4.56384e-09 3.37005e-13 0.0431684 0.000365394 0.000693337 0.00244052 0.00126596 0.893591 0.00448592 0.0100104 0.0164815 1.07807e-06 0.0112706 0.000959075 
0.00663266 1.17207e-06 0.0372839 3.25677e-08 3.37025e-05 0.00258371 0.000267372 0.00184734 0.000684757 0.105883 5.5152e-05 0.00723618 0.000409773 1.39976e-06 0.275138 0.000274767 0.000308899 0.00936063 0.00420182 0.318883 0.0153397 0.0110624 0.139481 1.40004e-06 0.0627475 0.000280116 
0.00045754 9.50593e-06 0.00013846 2.32316e-09 0.000202709 0.000698707 0.000472205 0.000257378 0.000310686 0.0220584 0.000610093 0.0036691 7.5838e-06 6.31239e-12 0.00325651 4.50106e-05 0.000167253 0.0031539 0.000439683 0.932501 0.00487997 0.00349961 0.0079253 2.01599e-05 0.0151468 7.25781e-05 
0.0010148 0.000223762 0.000698737 0.000130944 0.000211356 3.12667e-08 0.0282524 8.82169e-05 0.0125748 0.0891769 0.022729 0.147909 0.00164463 0.00045686 0.012881 0.000324694 0.0500887 0.0325484 0.101231 0.264884 0.00106667 0.00148526 0.19994 3.93312e-06 0.0303123 0.00012211 
0.00178657 0.00861148 0.00200033 1.71328e-07 5.23714e-05 6.08654e-08 0.000133786 0.000639926 0.017377 0.0232832 0.0005699 0.00874636 0.00077909 2.10464e-07 0.2436 0.000818405 0.000421641 0.0024508 0.0173141 0.34845 0.0103708 0.00113883 0.201258 9.74255e-08 0.0520087 0.0581883 
0.00305745 7.25225e-05 0.000350194 4.10896e-09 0.000672069 0.000140145 0.000206107 0.000128102 0.000832456 0.00976117 0.00364352 0.00686035 3.03735e-05 0.00043874 0.0292031 0.000197355 0.0102115 0.00379403 0.00413049 0.891848 0.00285225 0.00802394 0.0139955 2.25419e-06 0.00913013 0.000418518 
0.00140436 1.31158e-05 0.000578922 3.86058e-10 9.8289e-05 0.000278776 0.000361937 0.000118809 8.93163e-05 0.00656566 0.00231061 0.00344732 4.56384e-09 3.37005e-13 0.0431684 0.000365394 0.000693337 0.00244052 0.00126596 0.893591 0.00448592 0.0100104 0.0164815 1.07807e-06 0.0112706 0.000959075 
0.0344573 0.000199623 0.000478386 7.90202e-06 0.00159145 7.2556e-05 0.00015471 0.000742133 0.00200381 0.0382212 0.00159353 0.16559 0.000187982 0.000819412 0.0485889 0.000378969 0.0153569 0.077344 0.0393311 0.449628 0.0432761 0.0202517 0.0483392 6.89701e-05 0.0112443 7.22471e-05 
0.0134007 0.000147061 0.0051349 2.1707e-08 9.36129e-06 1.05594e-05 0.00244382 6.80142e-05 0.00179842 0.00904407 0.00455992 0.00242644 0.00710261 0.000185558 0.0510154 0.000161586 2.36743e-05 0.00441368 0.0636779 0.611217 0.0058276 0.0030541 0.186882 1.81987e-05 0.0272444 0.000132413 
0.00795868 0.000898613 0.000635681 2.40225e-06 0.00132424 1.44155e-06 0.000129958 6.1397e-05 0.00632361 0.118333 0.00384607 0.165634 0.000114411 1.1658e-05 0.0411478 9.60322e-05 0.00294606 0.084897 0.0129189 0.453761 0.0117409 0.019011 0.0563288 3.92811e-07 0.0118568 1.93602e-05 
0.00932061 5.14727e-09 0.0107587 3.68517e-12 1.49931e-05 6.08441e-06 0.030537 0.0924492 0.00126344 0.016678 0.000748997 0.00383988 0.000171691 4.33969e-12 0.0237304 8.68542e-05 0.000528484 0.00141239 0.00626918 0.543635 0.021585 0.00739273 0.018974 3.87729e-05 0.110092 0.100467 
0.00902415 3.82026e-05 0.00946213 1.32037e-09 0.000667783 1.18361e-06 0.000276888 0.000141011 0.00071446 0.126109 0.000183777 0.00409382 0.002219 1.66905e-05 0.153478 4.50904e-05 9.02623e-05 0.049394 0.00821206 0.359886 0.0296862 0.0101656 0.220704 1.52344e-12 0.00746099 0.00793031 
0.00140436 1.31158e-05 0.000578922 3.86058e-10 9.8289e-05 0.000278776 0.000361937 0.000118809 8.93163e-05 0.00656566 0.00231061 0.00344732 4.56384e-09 3.37005e-13 0.0431684 0.000365394 0.000693337 0.00244052 0.00126596 0.893591 0.00448592 0.0100104 0.0164815 1.07807e-06 0.0112706 0.000959075 
0.00932061 5.14727e-09 0.0107587 3.68517e-12 1.49931e-05 6.08441e-06 0.030537 0.0924492 0.00126344 0.016678 0.000748997 0.00383988 0.000171691 4.33969e-12 0.0237304 8.68542e-05 0.000528484 0.00141239 0.00626918 0.543635 0.021585 0.00739273 0.018974 3.87729e-05 0.110092 0.100467 
0.00809027 5.8633e-08 0.000320836 3.43344e-10 0.0195634 1.28236e-08 0.000137203 0.0682846 0.00111127 0.0223381 0.0417807 0.0677741 1.30649e-05 0.00321999 0.00382522 0.000153469 0.018921 0.0634895 0.0322438 0.561569 0.00247588 0.000432451 0.0183784 3.01216e-05 0.0651349 0.000712603 
0.00494041 0.000119439 0.00836443 3.41814e-08 3.13446e-06 6.45574e-06 0.00126381 0.00022943 0.0157534 0.043894 0.00264022 0.00620023 0.00303889 6.1963e-05 0.0520205 0.000810587 0.00010851 0.00300903 0.0548984 0.374116 0.0102858 0.00921505 0.341279 1.28611e-05 0.065067 0.00266073 
0.027326 0.0003945 0.00337022 3.66351e-10 6.0163e-06 5.69246e-06 0.000591619 6.16033e-05 0.00162768 0.0118941 0.0112733 0.00127929 0.0118907 0.00496974 0.016235 0.0376446 7.03919e-06 0.00213109 0.0758222 0.610998 0.0113016 0.00504516 0.123317 1.5454e-05 0.0427898 2.52109e-06 
0.0237766 3.66902e-07 0.000543844 3.17245e-06 4.90808e-07 2.5785e-05 8.28142e-05 0.000104953 0.000194452 0.018285 7.04188e-06 0.0022248 0.00202789 1.66819e-08 0.0909393 2.92215e-05 0.000173538 0.00778377 0.0133474 0.45259 0.0180686 0.0175463 0.312674 1.85592e-07 0.0395703 2.94819e-07 
0.00140436 1.31158e-05 0.000578922 3.86058e-10 9.8289e-05 0.000278776 0.000361937 0.000118809 8.93163e-05 0.00656566 0.00231061 0.00344732 4.56384e-09 3.37005e-13 0.0431684 0.000365394 0.000693337 0.00244052 0.00126596 0.893591 0.00448592 0.0100104 0.0164815 1.07807e-06 0.0112706 0.000959075 
0.0838345 7.09825e-05 0.00191029 2.68956e-06 0.00133248 0.000745039 0.00090311 1.55574e-05 0.00721725 0.0309156 0.00129636 0.175582 0.000748769 0.000184611 0.0678184 0.000842648 0.000329052 0.0282214 0.0786294 0.176083 0.0294496 0.0438328 0.16844 6.51985e-08 0.101074 0.000521071 
0.00364527 7.6497e-05 0.00384548 9.17784e-07 5.78834e-06 6.85234e-05 0.000133176 0.0608983 0.00732735 0.0232513 0.0062192 0.0306029 0.00210443 0.00323946 0.214847 0.000153836 0.0984418 0.00221062 0.125608 0.222112 0.0877861 0.00584662 0.0599221 5.3177e-05 0.0404765 0.00112426 
0.0388266 0.00131875 0.00578739 0.000199452 0.00440035 6.52935e-05 0.00262134 0.000355967 0.0188624 0.0729106 0.0121452 0.00898678 0.0523627 0.00151981 0.106631 0.00120109 0.00389692 0.164284 0.107379 0.191899 0.0320718 0.047391 0.100123 1.50148e-05 0.0238165 0.000928482 
0.00489464 9.72256e-05 0.00372176 4.7482e-09 0.000486399 0.000202306 8.06053e-05 0.000131747 0.000944656 0.0331834 0.00165784 0.0591936 0.0040602 0.000261276 0.0127878 0.000191916 0.0278704 0.0860307 0.00716047 0.645954 0.0137429 0.0215286 0.0505768 2.66241e-06 0.024733 0.000505217 
0.109025 0.000119267 0.0043346 4.71785e-06 0.000423422 6.86777e-05 5.35471e-05 0.0104591 0.0111888 0.0113546 0.0205166 0.0195 0.000239288 0.000348036 0.17707 0.00064079 0.00243289 0.0110557 0.0510431 0.302233 0.0123097 0.00589752 0.0606173 9.21945e-07 0.183247 0.00581687 
0.0230439 0.00894875 0.00549146 1.53179e-05 3.99982e-05 9.6599e-09 0.00109861 0.0062885 0.00132215 0.0478455 0.0138485 0.011021 0.00268817 0.00128021 0.0235917 0.00147729 0.0401837 0.0220553 0.138809 0.300827 0.0582067 0.0128507 0.243958 0.000192794 0.034332 0.000583164 
0.00290971 2.03116e-05 0.00168014 3.77221e-08 7.42861e-06 0.000961674 0.133607 0.00503209 0.00210309 0.0660049 0.0183836 0.0109096 0.000497131 4.82393e-10 0.07038 0.000138889 0.00138532 0.0158622 0.042248 0.50724 0.0149564 0.0307703 0.0481656 3.84829e-06 0.0249302 0.00180251 
