3.03498e-06 4.2188e-06 0.15966 7.14278e-09 8.2184e-07 4.29153e-06 0.0450722 0.000132297 0.0654599 0.0135479 2.91625e-05 0.000601255 0.0215823 2.78733e-05 0.0406644 0.0015082 9.13432e-05 0.372545 0.199836 1.95267e-09 2.2673e-05 0.000236439 0.0660171 1.27979e-06 0.0129527 6.47364e-09 
0.0447452 0.000421614 0.00880381 3.4416e-09 3.36753e-07 4.87211e-05 9.20953e-05 0.000247756 0.0186576 0.0208839 2.68196e-05 3.07062e-05 0.0006115 0.00206824 0.0239677 0.0324612 2.26753e-07 0.0116548 0.00405278 9.40852e-10 0.0115577 0.65216 0.152237 1.07516e-07 0.00670911 0.00856033 
2.71189e-07 9.07827e-07 0.0232143 1.48238e-10 0.000132559 2.73211e-07 0.000866083 0.0264908 0.60622 0.00771544 0.0177729 0.00767246 0.000334983 1.74567e-10 0.00703521 2.45158e-05 6.35455e-06 0.000155618 0.006762 4.05248e-11 0.00128656 0.000846659 0.212136 1.44604e-07 0.0813262 4.25407e-07 
9.23875e-08 7.57479e-10 0.0475529 6.62972e-10 8.65459e-06 1.19732e-09 1.42076e-05 1.83723e-05 0.00338327 0.144839 0.000875914 0.000414698 0.0158628 6.64766e-07 0.00520249 5.61871e-10 1.43794e-08 0.00769866 0.00350987 1.81241e-10 0.0205243 0.0294485 0.703976 7.06061e-10 0.0166647 4.28727e-06 
0.0424324 0.000108677 0.00301828 0.00132787 5.35612e-06 4.5694e-11 5.81702e-05 2.91324e-08 0.0730613 0.0398036 0.00390381 0.00328661 0.00158337 3.05302e-07 0.273977 0.00048102 9.83824e-07 0.0650279 0.0225404 6.91679e-12 0.131064 0.00144129 0.324746 8.41152e-06 0.0120691 5.35197e-05 
3.69707e-06 4.20676e-07 0.00412454 4.19502e-09 5.16146e-09 7.57618e-09 0.00011914 0.000985231 0.673325 0.00622329 1.38744e-06 0.0773253 0.018596 1.67898e-05 7.57884e-07 3.42973e-06 5.68592e-05 0.0211499 0.00570571 1.14682e-09 0.0777824 0.000905256 0.00446383 4.46766e-09 0.109211 3.80203e-09 
0.00114764 8.18618e-06 0.13798 2.35304e-05 2.04456e-09 3.00108e-09 0.00448324 0.000116147 0.298349 0.0413389 8.25929e-09 0.0150543 0.0122004 1.95687e-09 0.00461146 2.07249e-06 0.000840581 0.387756 1.87441e-06 4.54278e-10 0.0205208 0.00624042 0.0227065 1.76973e-09 0.0461208 0.000498415 
0.00122057 0.000752796 0.030689 0.000866461 1.65854e-06 9.93257e-05 0.000123834 0.000242101 0.852871 0.000938043 7.39908e-05 0.00223874 0.000508909 1.58741e-06 0.00032834 1.14243e-06 4.6127e-06 0.00448404 0.0315473 3.6851e-07 0.000180692 1.9507e-05 0.00512067 0.000172663 0.0675119 1.22171e-06 
6.97268e-06 1.57911e-09 1.97656e-05 5.54219e-07 1.70049e-09 2.49605e-09 1.16727e-09 8.37482e-10 0.278009 0.160317 0.000186965 0.000734861 6.03655e-10 1.62756e-09 1.84158e-08 7.75429e-05 1.85833e-06 1.48172e-05 0.552699 3.77831e-10 3.26525e-06 0.00788749 1.89469e-05 1.47192e-09 1.72471e-05 5.26225e-06 
1.47941e-05 3.04536e-08 4.19278e-05 1.96626e-05 3.27945e-08 4.8137e-08 2.25111e-08 1.61511e-08 0.855759 0.0373608 0.000396542 7.76314e-06 1.16417e-08 3.13881e-08 6.47978e-06 0.000164483 3.94707e-06 3.14312e-05 0.000128806 7.28658e-09 6.9306e-06 6.97391e-06 0.106002 2.83864e-08 3.65814e-05 1.11823e-05 
0.00840872 3.33833e-07 0.000206279 4.07792e-08 5.07244e-05 0.797054 5.80423e-07 1.62859e-05 0.0250399 0.0142952 0.00138769 0.000209191 1.78111e-08 4.8022e-08 0.0389027 3.40888e-05 1.87501e-05 0.0199424 0.0122009 1.11481e-08 0.00232749 0.0093162 0.0637029 5.5458e-06 0.00674972 0.000130605 
0.000637862 0.000120409 0.00103036 7.41097e-07 9.44659e-07 2.76062e-09 0.025709 0.00292638 0.00710829 0.0091165 2.02792e-07 0.927245 2.97093e-07 1.80008e-09 0.000143862 1.29548e-09 3.87885e-06 0.000139393 0.000412089 4.1788e-10 3.48043e-06 0.00152235 0.00131149 7.039e-07 0.0220847 0.000482361 
0.00137712 3.20541e-08 0.000678784 2.80548e-08 4.04359e-05 0.00259103 0.00180294 0.000319855 0.563837 0.0107876 0.000139777 0.000189042 0.000472273 3.30377e-08 0.142237 0.000845694 4.25028e-05 0.00178008 0.0464626 7.66954e-09 0.011518 0.000483273 0.158743 5.2956e-05 0.0552111 0.000388167 
0.00115392 0.00705627 0.000421376 1.51752e-10 1.72823e-07 0.00115858 0.00965616 4.08628e-05 0.443887 0.00492067 3.63569e-08 0.000145743 0.00301858 1.78705e-10 0.0381156 0.000627028 6.34635e-05 0.00286992 0.460279 4.14854e-11 1.66308e-07 0.000632538 0.0241206 0.000593954 0.00123662 1.73366e-06 
0.0374988 7.46133e-06 0.00405572 3.15303e-10 3.87942e-10 5.69435e-10 0.00465453 3.66541e-06 0.23185 0.00796088 0.00403908 0.00904209 8.96278e-07 3.71304e-10 0.0208439 1.70199e-07 8.38414e-08 0.000144439 0.339877 8.61964e-11 0.00419962 4.27246e-06 0.0215694 3.54254e-07 0.314248 2.85765e-10 
0.00231607 0.000287671 0.00770967 2.94144e-07 3.61908e-07 5.31222e-07 0.000198593 1.78237e-07 0.755237 0.00110501 4.13609e-05 0.0290312 0.0287888 3.46387e-07 0.0468964 0.0532315 7.8812e-05 0.000383094 0.021229 8.0412e-08 0.00115913 5.74157e-05 0.0280227 1.7053e-05 0.0241985 9.48439e-06 
1.34473e-05 3.0304e-05 0.000123477 2.51286e-06 4.31071e-07 2.71123e-07 0.000398927 1.07263e-05 0.8088 0.066776 0.000227937 7.3397e-05 0.016794 2.30489e-05 0.00195451 0.00401713 9.97393e-07 0.01707 0.0562289 4.10404e-08 0.012043 0.00033373 0.00887348 1.46736e-05 0.00618631 2.74929e-06 
3.63982e-06 0.00509146 0.00137409 1.81593e-08 2.23428e-08 9.53609e-06 0.000122951 0.000221387 0.903089 0.0126482 0.00037148 0.000337349 0.000459851 1.03492e-05 0.00126844 0.000825976 4.53528e-05 0.00185067 0.0139087 4.96432e-09 1.71134e-05 0.00316209 0.0333971 2.80374e-05 0.0217572 1.64581e-08 
0.000604305 7.37666e-05 7.14128e-07 4.41035e-11 1.09071e-08 5.58351e-08 5.59096e-08 0.403114 0.00155837 8.45821e-07 3.63644e-07 0.00173037 1.92631e-11 2.20217e-06 0.000590894 8.14874e-07 7.01962e-07 0.00481468 0.527838 1.20569e-11 1.44402e-06 0.0244827 1.67742e-06 0.0219887 0.0131954 8.7978e-08 
0.000493878 4.09745e-05 0.272546 1.35377e-08 8.2052e-06 9.47874e-07 1.52837e-05 0.000236846 0.0208529 0.0349715 0.0534561 0.000861051 0.0054243 1.59422e-08 0.0812848 0.00139037 1.56946e-05 0.00108149 0.016412 3.7009e-09 0.0362029 0.00211825 0.0240317 5.84689e-06 0.44452 0.00402885 
1.77703e-07 1.17678e-07 2.94262e-07 2.44895e-10 4.81574e-05 0.974021 2.23355e-07 1.48395e-10 0.000709543 0.000756608 4.53116e-08 2.80179e-07 1.06963e-10 2.88391e-10 0.00223469 2.91823e-07 1.39178e-07 0.000326828 0.00341092 6.69485e-11 2.99924e-07 0.0179916 0.000496926 2.60811e-10 2.16825e-06 8.00435e-08 
3.4082e-08 1.25548e-07 0.133513 1.27024e-11 4.33254e-07 1.91412e-06 4.41696e-08 0.0367867 0.0142396 0.00789349 0.00128877 0.00509259 0.000819145 1.49585e-11 0.0385316 1.19813e-07 5.25728e-09 4.61255e-05 0.0441383 3.47254e-12 0.00452695 8.72704e-05 0.516538 1.3528e-11 0.196474 2.14557e-05 
3.80414e-06 0.0817116 0.0306403 3.76701e-07 0.000275093 0.00119703 4.03986e-06 0.00180293 0.227286 0.0055275 0.142631 0.076504 1.61102e-05 9.42898e-08 0.0148106 3.19867e-05 0.000348695 0.000728473 0.0189743 2.18889e-08 0.0014412 0.000767131 0.127705 8.52726e-08 0.264779 0.00281411 
0.00233505 4.71286e-12 0.00464445 4.12486e-12 5.58646e-09 4.41883e-09 6.49752e-05 0.897857 1.40125e-05 0.000191071 0.0406751 0.000128125 1.10157e-06 4.85748e-12 0.00215168 3.49584e-12 8.0261e-10 0.000229272 1.65577e-08 1.12764e-12 0.000238797 0.00157043 0.000850663 4.39295e-12 0.0488576 0.00019027 
4.34672e-08 3.14755e-08 0.0126037 1.67968e-12 3.72597e-06 0.00369572 4.82467e-09 0.0044573 0.00409625 0.422193 0.000593521 0.0117815 0.000859699 2.61118e-08 0.0613465 0.00149292 3.66976e-09 0.00814761 0.0199595 4.59186e-13 0.00792226 0.00486165 0.379344 1.78885e-12 0.0562452 0.000396809 
0.000131762 0.00035138 0.00717911 2.69492e-10 3.31576e-10 4.867e-10 2.54261e-07 0.00100513 0.712924 0.00197826 1.54236e-05 0.00332153 6.78152e-06 3.17356e-10 0.0446922 8.73854e-05 8.57303e-06 0.000704808 0.00267084 7.36726e-11 8.28727e-05 4.97907e-05 0.00592939 4.92539e-06 0.218848 7.56069e-06 
8.53878e-05 4.46751e-05 0.0339927 1.38765e-12 1.31493e-05 0.000340553 2.85666e-09 0.0101827 0.013866 0.101511 0.00500964 0.000814064 0.000395445 1.63411e-12 0.0845126 0.00309999 0.0279786 0.00299531 0.0460378 3.79351e-13 0.0153711 0.00625577 0.505517 6.17568e-05 0.141654 0.000261332 
0.0503387 0.000340135 0.0167153 0.000173182 6.58039e-06 6.91785e-07 6.94376e-05 1.41935e-05 0.0247866 0.0265719 0.0154888 0.00167677 0.0038996 0.00100304 0.0760801 0.00188883 1.42738e-07 0.0611862 0.0149215 1.4414e-08 0.35329 0.000484176 0.262861 1.84606e-05 0.0879515 0.000232887 
0.00112729 0.000297485 6.68154e-05 4.37664e-07 2.21755e-05 7.90419e-07 0.00147701 2.77703e-05 0.725094 0.0303729 4.55209e-05 0.000566556 1.17952e-05 8.54117e-05 0.000135957 2.84308e-05 0.000291212 0.000250044 0.17077 1.19647e-07 0.000222218 0.0388674 0.00405087 0.0186137 0.00756901 5.22907e-06 
0.00162974 1.401e-07 0.00522244 7.98452e-09 9.82398e-09 1.442e-08 1.65264e-06 0.00797246 0.803209 0.0138815 0.000608732 0.000248426 0.000438392 9.40266e-09 0.00390231 0.0112465 1.57053e-06 0.000401765 0.0344585 2.18278e-09 0.00624108 0.0416368 0.0311826 8.50346e-09 0.0377151 1.49191e-06 
1.2864e-06 0.00317708 0.134598 2.26955e-10 2.79241e-10 4.0988e-10 3.01417e-07 0.000441415 0.261107 7.23854e-07 1.05643e-05 0.00713425 0.0303267 2.67265e-10 7.8348e-07 5.53569e-06 1.41171e-07 1.79887e-06 2.63473e-06 6.20443e-11 1.76199e-05 0.00191286 0.0393226 2.41706e-10 0.382604 0.139335 
0.00102883 3.72449e-07 0.0388904 1.12146e-09 2.33146e-08 5.66146e-06 9.47146e-10 0.00102984 0.469778 0.00880852 0.00851553 0.00397107 2.43603e-07 1.32064e-09 0.0102388 0.00311646 9.10817e-05 0.000235335 0.0358947 3.06581e-10 0.000293156 4.98395e-05 0.0977859 1.09391e-07 0.315633 0.0046328 
9.16819e-05 9.30062e-08 0.00311608 1.51736e-09 0.00317395 0.0002025 0.00010474 0.000941823 0.00518889 0.0315884 0.419945 0.00335538 8.67384e-09 1.44609e-08 2.50578e-08 4.792e-08 2.43846e-09 0.0229234 0.0187124 4.14397e-13 2.72421e-08 0.000585159 0.0263152 1.61437e-12 0.463755 2.05253e-07 
0.00476529 0.175633 0.022127 8.45733e-09 0.000197237 4.75835e-05 0.000469908 1.60586e-05 0.594515 0.0525857 0.000204948 3.56338e-05 0.00407537 1.4207e-05 0.043916 7.16762e-09 0.000145617 0.00163284 0.00380264 2.31203e-09 0.0016268 0.00418262 0.0259557 5.44503e-07 0.0640502 7.66504e-09 
0.00805329 3.24756e-05 0.372287 9.34891e-10 1.15027e-09 3.22696e-07 5.52649e-07 7.92348e-07 0.0150858 0.00887808 0.00631085 5.91594e-06 0.0736575 1.10094e-09 0.147473 7.92324e-10 2.88027e-08 0.0144571 0.00259475 2.55577e-10 0.0251051 1.22083e-06 0.0335447 6.32445e-08 0.292511 8.4731e-10 
0.617418 2.91239e-11 0.00229145 2.54902e-11 3.13626e-11 4.60352e-11 2.15282e-11 1.54459e-11 9.11234e-08 0.0032882 0.00229084 9.63137e-12 1.37729e-07 0.0260005 0.173555 2.16031e-11 8.35469e-09 1.48797e-08 0.00369121 6.96843e-12 0.00899447 1.49365e-09 0.0504522 2.71469e-11 0.111641 0.000377097 
0.00162974 1.401e-07 0.00522244 7.98452e-09 9.82398e-09 1.442e-08 1.65264e-06 0.00797246 0.803209 0.0138815 0.000608732 0.000248426 0.000438392 9.40266e-09 0.00390231 0.0112465 1.57053e-06 0.000401765 0.0344585 2.18278e-09 0.00624108 0.0416368 0.0311826 8.50346e-09 0.0377151 1.49191e-06 
0.0097222 9.4433e-06 0.0473927 1.10136e-10 4.68083e-06 1.39076e-06 0.000149558 0.00808857 0.00514144 0.00529521 0.0509446 0.000250318 6.37791e-05 1.29697e-10 0.238458 1.48776e-07 1.11786e-08 4.85685e-05 0.0358418 3.01085e-11 0.000292661 0.00124111 0.44906 1.17294e-10 0.147826 0.000167997 
0.0138576 9.34108e-07 0.00494257 0.330773 3.13928e-06 4.21951e-09 1.48851e-06 3.76168e-07 0.224202 0.0884823 0.00148553 0.000954418 3.7388e-06 2.75136e-09 0.00618642 7.04799e-07 1.40577e-08 0.0113363 0.0951455 6.38715e-10 0.00721879 0.0265515 0.185741 0.000204806 0.00290714 1.29731e-07 
0.000251917 0.000914108 0.00124414 4.04317e-09 4.97463e-09 7.30194e-09 0.000837112 4.92815e-07 0.950896 0.0233122 5.77883e-05 0.000936789 5.63133e-07 0.00066645 0.00267973 0.00020933 1.39736e-05 0.00419875 0.00954268 1.10531e-09 0.000202829 0.000139975 0.0011758 4.30595e-09 0.00271895 3.66441e-09 
8.96876e-07 1.68247e-06 0.0294968 7.7094e-10 1.92156e-06 8.01443e-07 8.7638e-07 4.67153e-10 0.348743 0.0174745 1.84374e-05 0.00106573 1.65612e-06 9.07867e-10 0.0234138 0.0041148 1.95153e-07 0.00286826 0.0549133 2.10757e-10 0.00268014 3.23323e-06 0.468494 8.21045e-10 0.0467037 1.80744e-06 
0.00843502 0.00178798 0.010883 1.20706e-07 2.16747e-07 2.66329e-06 0.000318639 7.01882e-05 0.545646 0.0270801 0.000679341 0.000490844 0.0100213 1.08739e-05 0.0153202 0.0974043 0.000149187 0.00692492 0.114559 8.30992e-11 0.00915869 0.0675874 0.0441139 0.00036923 0.038246 0.000741232 
2.75544e-08 3.98308e-07 0.000561217 9.77789e-11 1.82994e-07 1.76588e-10 7.36685e-08 0.00385021 0.758328 0.00281861 2.47045e-07 0.000177097 3.58598e-07 1.15146e-10 0.000787511 9.81015e-08 2.83217e-08 0.000364458 0.00492485 2.67305e-11 1.15313e-09 1.14833e-07 0.00181085 2.02061e-07 0.220244 0.00613088 
1.90289e-05 0.000509333 0.0287469 3.12816e-09 0.00170449 2.04191e-05 0.000241623 0.0116282 0.0322207 0.0500345 0.123303 0.048976 0.000221202 1.64546e-11 0.0495966 5.67085e-06 1.9505e-09 0.0793263 0.0127299 3.81985e-12 0.00205149 0.00155525 0.304932 1.4881e-11 0.250904 0.00127277 
0.0996314 9.74887e-08 0.000953219 1.07837e-06 2.42014e-06 0.000707392 0.00014738 1.15431e-07 0.0280808 0.0759555 3.77612e-07 0.00416283 0.000239591 3.5608e-07 0.110305 0.0239156 2.23835e-05 0.00791833 0.406613 8.10675e-11 0.00365165 0.156552 0.0768964 5.4405e-06 0.00423803 2.24751e-08 
0.0384289 0.0311543 0.000839888 8.1743e-05 0.000165212 4.69101e-05 0.0038238 0.000113589 0.107278 0.0755343 1.59102e-05 0.0075949 0.0121902 4.50003e-06 0.172536 0.0337954 0.00603321 0.0549955 0.00313536 3.70941e-08 0.411295 0.0129495 0.0239041 2.24155e-05 0.00405779 3.60235e-06 
0.00334389 0.00179107 0.00289822 0.000589161 6.15441e-05 1.80312e-07 0.000666228 6.0499e-08 0.0166051 0.0028014 0.00974622 0.0012374 0.00193185 0.00570244 0.928714 0.00219163 0.000239703 0.00421615 0.0028547 2.72942e-08 0.00342105 0.00100917 0.00586017 1.0633e-07 0.00346699 0.000651604 
9.22242e-06 0.00146326 0.0141839 1.62878e-09 2.84234e-06 2.02285e-06 2.973e-05 0.000572837 0.368583 0.0212569 0.0874227 0.0143573 0.00349383 1.91807e-09 0.00783586 0.000111203 0.00017125 0.00325459 0.0132933 4.4527e-10 0.0247212 0.000190606 0.121937 2.13344e-05 0.305211 0.0118753 
0.000601917 0.0291171 0.00458054 6.51185e-06 7.94587e-07 0.000327017 0.000565864 0.0245859 0.204908 0.00223507 0.0572321 0.000929859 0.00106952 0.00125932 0.00170401 0.000473619 0.00122816 0.00563585 0.00206653 6.93246e-07 0.0108294 0.138025 0.141018 7.14852e-06 0.371323 0.000269112 
0.0424324 0.000108677 0.00301828 0.00132787 5.35612e-06 4.5694e-11 5.81702e-05 2.91324e-08 0.0730613 0.0398036 0.00390381 0.00328661 0.00158337 3.05302e-07 0.273977 0.00048102 9.83824e-07 0.0650279 0.0225404 6.91679e-12 0.131064 0.00144129 0.324746 8.41152e-06 0.0120691 5.35197e-05 
0.00387417 3.93097e-06 0.00924196 6.85133e-10 3.67215e-07 1.23735e-09 5.7864e-10 0.000293168 0.201378 0.0863115 0.0156582 0.0622965 0.00648863 8.0682e-10 0.00462894 0.000503159 7.16302e-05 0.0160188 0.0249019 1.87299e-10 0.0699037 0.0135509 0.367414 6.65576e-07 0.114793 0.0026669 
0.000158242 3.69707e-08 0.0509631 2.07127e-11 5.26134e-09 4.86156e-08 0.0124463 0.00165108 0.00189116 9.28515e-10 0.0828143 0.000678295 2.37683e-05 2.43916e-11 0.000507828 3.60829e-08 7.07395e-05 1.44593e-07 3.39418e-09 5.66238e-12 0.00280555 2.0121e-08 2.9467e-09 5.00119e-09 0.844247 0.00174244 
8.39896e-07 0.00278105 2.30809e-05 4.43552e-09 5.45737e-09 8.01052e-09 1.04608e-06 2.68772e-09 0.477619 0.266329 2.09272e-07 0.0219101 1.09021e-05 5.22332e-09 5.62649e-06 1.81338e-05 0.000141886 0.0061883 0.20108 1.21257e-09 0.000539078 0.0010557 0.0118499 0.00975344 0.000692296 4.02e-09 
0.000929806 1.16979e-10 0.00364978 1.02384e-10 2.55072e-08 1.84905e-10 5.35393e-05 5.00716e-06 0.000741281 0.0397195 5.01234e-05 3.57377e-05 0.014172 1.20569e-10 0.0550675 8.6771e-11 3.90018e-09 0.00288983 0.0103435 2.79894e-11 0.0013254 0.0069551 0.833039 1.09038e-10 0.0310232 3.95174e-08 
0.000162579 1.10876e-05 0.000457039 0.000177623 1.19399e-05 1.75258e-05 8.19586e-06 5.88031e-06 0.916153 0.0168624 0.00430025 0.00019255 4.23851e-06 1.14278e-05 6.81849e-06 0.00179111 4.50497e-05 0.000342727 0.0572437 2.65291e-06 7.72121e-05 0.00114173 0.000436251 1.03349e-05 0.000397238 0.000129759 
6.30066e-06 9.68584e-08 0.80489 8.47739e-08 7.73869e-06 2.09404e-05 4.67195e-05 0.0014447 0.112367 0.0111396 0.000580542 0.0116799 0.00908377 8.61372e-05 0.00357789 7.18462e-08 6.0031e-06 9.68842e-05 0.00315668 2.31752e-08 0.000636435 0.00288924 0.00401421 2.87339e-06 0.0321047 0.00216091 
2.07347e-07 1.33199e-07 3.43119e-07 2.20491e-09 1.49278e-05 0.978191 2.50256e-07 1.33607e-09 0.000213519 0.00339395 5.07287e-08 3.12608e-07 9.63036e-10 2.59652e-09 0.00362758 3.41395e-07 1.62505e-07 0.00797976 0.00102466 6.0277e-10 3.49624e-07 0.00540194 0.000149418 2.34821e-09 7.76905e-07 9.08506e-08 
0.00125705 0.186403 0.031433 1.80893e-06 0.000445 2.85408e-07 0.000456893 0.000254198 0.66897 0.000960257 0.00124331 0.000497035 0.0056081 1.13914e-06 0.00945292 0.00440055 7.48073e-05 0.000935599 0.000982772 1.62219e-08 0.000414476 0.000245141 0.000326406 5.01299e-06 0.0856257 5.51017e-06 
2.99794e-07 0.000102164 0.00374116 1.97926e-09 5.57943e-06 7.69059e-07 0.000184807 0.000837724 0.125934 0.180458 0.0101417 0.183155 0.0152421 0.0011874 0.0531378 0.000129589 0.00132857 0.020961 0.164687 5.41083e-10 0.0044213 0.0146624 0.0320945 8.84165e-06 0.187576 2.09794e-06 
4.03016e-06 6.75521e-06 7.88555e-06 2.38124e-09 2.92983e-09 2.03485e-06 0.000854284 4.08924e-06 0.224162 4.82155e-06 3.5855e-05 3.75899e-06 0.000669705 2.80418e-09 0.361502 1.468e-06 4.28988e-05 0.0358741 0.308573 6.50975e-10 0.024129 0.00106955 1.2529e-05 1.07714e-06 0.0430399 2.15817e-09 
0.0424324 0.000108677 0.00301828 0.00132787 5.35612e-06 4.5694e-11 5.81702e-05 2.91324e-08 0.0730613 0.0398036 0.00390381 0.00328661 0.00158337 3.05302e-07 0.273977 0.00048102 9.83824e-07 0.0650279 0.0225404 6.91679e-12 0.131064 0.00144129 0.324746 8.41152e-06 0.0120691 5.35197e-05 
0.0127408 0.00198456 0.0725368 1.70932e-06 0.000356312 0.000272461 0.300957 0.178416 0.0528458 0.0274125 0.00254147 0.118086 0.00384198 9.08325e-06 0.000155035 0.000135616 3.34106e-05 0.0422861 0.00337945 5.49919e-08 0.000281907 0.00519758 0.129659 4.13216e-05 0.0434122 0.00341598 
0.04831 3.31326e-07 0.010926 9.64001e-10 3.96309e-07 1.74098e-09 6.00261e-07 1.15842e-06 0.111553 0.0316054 2.0813e-05 0.00113242 0.0013 1.13522e-09 0.018972 7.60085e-08 5.01334e-07 0.0218501 0.272803 2.63535e-10 0.0788381 0.00833548 0.00514284 1.02665e-09 0.389201 6.14212e-06 
0.0252724 0.00759876 0.000201521 6.09929e-08 5.95442e-05 6.67687e-05 2.67709e-05 0.000351961 0.0301351 0.0194519 4.62787e-05 0.813747 0.000738774 7.1826e-08 0.00654351 3.06877e-06 5.99687e-06 0.00915183 0.0598753 1.6674e-08 0.000155592 3.31777e-05 0.0261946 0.000141313 0.00019904 5.52791e-08 
2.23252e-07 1.23467e-06 0.0043153 0.000201433 4.45066e-10 6.53284e-10 3.59995e-07 2.00819e-06 0.64556 0.00165187 7.73574e-08 0.297451 0.00117771 4.25979e-10 0.0127146 0.000481605 0.000706216 0.00957488 0.00329198 9.88888e-11 0.00367326 0.00493208 0.00995794 3.85241e-10 0.00426233 4.30844e-05 
0.0416217 5.52476e-10 0.180973 4.83547e-10 1.0715e-06 8.73282e-10 4.08387e-10 6.09484e-06 0.212796 2.68386e-05 5.92948e-06 1.23693e-05 1.60531e-06 5.6943e-10 8.40533e-05 4.38908e-05 1.91543e-06 6.90863e-06 0.148999 1.3219e-10 6.85388e-06 2.1386e-05 2.08581e-05 1.03046e-06 0.415357 1.30164e-05 
0.006481 6.04377e-06 0.497986 6.21472e-08 5.2158e-06 1.14558e-05 0.00083958 0.000772009 0.2127 0.00837549 0.00441283 0.0583443 0.0169247 2.57921e-07 0.006306 0.000316579 2.01685e-05 0.00581338 0.000491766 1.05063e-09 0.000439069 0.000391016 0.00969066 2.49458e-07 0.169389 0.000283672 
9.77331e-05 4.31502e-09 2.52458e-05 3.77665e-09 9.29809e-06 5.25255e-05 1.08479e-05 7.94124e-05 0.0723878 0.000848624 6.53518e-06 0.000235883 6.87868e-05 5.87105e-05 0.388439 0.000159079 8.2512e-06 0.259369 0.000103667 1.03245e-09 4.44426e-05 0.114196 0.106849 4.02211e-09 0.0569209 2.84131e-05 
0.000637862 0.000120409 0.00103036 7.41097e-07 9.44659e-07 2.76062e-09 0.025709 0.00292638 0.00710829 0.0091165 2.02792e-07 0.927245 2.97093e-07 1.80008e-09 0.000143862 1.29548e-09 3.87885e-06 0.000139393 0.000412089 4.1788e-10 3.48043e-06 0.00152235 0.00131149 7.039e-07 0.0220847 0.000482361 
0.0124597 0.0563355 0.0855066 1.17348e-07 9.47636e-07 1.65431e-05 0.00307151 0.0315336 0.0181838 0.0528644 0.0147876 0.0992268 0.00896127 3.06848e-07 0.04825 0.000457693 0.00036501 0.216425 0.0846821 8.23807e-08 0.00297494 0.00258051 0.0896804 0.000670951 0.169132 0.0018325 
0.0109334 2.12262e-07 0.0651659 2.87426e-10 2.74338e-06 1.99843e-06 0.0111712 0.0477574 0.00236514 0.000139217 0.00917347 9.48893e-05 1.02388e-07 3.38476e-10 0.00652614 2.43594e-10 5.76521e-09 2.97654e-05 8.82885e-08 7.85755e-11 0.00541131 0.0817998 0.00882614 3.06107e-10 0.750591 9.9973e-06 
0.0424324 0.000108677 0.00301828 0.00132787 5.35612e-06 4.5694e-11 5.81702e-05 2.91324e-08 0.0730613 0.0398036 0.00390381 0.00328661 0.00158337 3.05302e-07 0.273977 0.00048102 9.83824e-07 0.0650279 0.0225404 6.91679e-12 0.131064 0.00144129 0.324746 8.41152e-06 0.0120691 5.35197e-05 
0.00722073 0.0028692 0.00120778 1.52032e-05 0.00159848 0.00011264 0.000210735 1.20938e-07 0.897006 0.00140661 0.00213371 0.00438052 0.000546946 2.3503e-07 1.37015e-05 3.05788e-05 3.03937e-05 0.00149019 0.00888038 5.45611e-08 0.00502288 0.00117116 0.00655462 2.12554e-07 0.0486952 0.00940175 
0.0618164 3.96597e-05 0.0112586 7.68498e-07 6.25654e-07 3.1448e-07 2.1204e-07 7.54262e-05 0.109539 0.0764034 2.32588e-06 0.0036506 0.000217099 9.11237e-10 0.0218859 0.0125293 4.47728e-05 0.016964 0.582209 2.11539e-10 0.00128893 0.0447765 0.043946 0.0013899 0.0119602 7.11879e-07 
1.94294e-09 0.00775832 0.00280579 2.76377e-11 1.46255e-07 3.54436e-07 2.33419e-11 2.59598e-07 0.126109 0.141361 0.00250897 1.04428e-11 5.50463e-07 3.25465e-11 0.0434 1.08217e-06 7.31299e-05 0.000246781 0.0153401 7.55551e-12 2.43219e-06 0.0159715 0.416546 0.00578206 0.222092 1.50542e-08 
0.0186803 7.45443e-05 0.000147834 6.43457e-08 2.36362e-05 1.16208e-07 1.57313e-05 9.20963e-05 0.0169813 0.0725601 5.3793e-05 1.2279e-05 0.0158867 7.57743e-08 0.000471777 5.45473e-06 3.89616e-05 0.0071158 0.845659 1.75906e-08 0.000918657 0.00101315 0.0139343 0.00119866 0.00511535 5.83178e-08 
8.53878e-05 4.46751e-05 0.0339927 1.38765e-12 1.31493e-05 0.000340553 2.85666e-09 0.0101827 0.013866 0.101511 0.00500964 0.000814064 0.000395445 1.63411e-12 0.0845126 0.00309999 0.0279786 0.00299531 0.0460378 3.79351e-13 0.0153711 0.00625577 0.505517 6.17568e-05 0.141654 0.000261332 
0.04831 3.31326e-07 0.010926 9.64001e-10 3.96309e-07 1.74098e-09 6.00261e-07 1.15842e-06 0.111553 0.0316054 2.0813e-05 0.00113242 0.0013 1.13522e-09 0.018972 7.60085e-08 5.01334e-07 0.0218501 0.272803 2.63535e-10 0.0788381 0.00833548 0.00514284 1.02665e-09 0.389201 6.14212e-06 
0.000262089 4.3355e-05 0.00386819 8.77622e-08 1.07981e-07 1.35271e-05 0.000539235 6.61477e-05 0.567144 0.0175485 1.91363e-06 0.0010222 0.00197941 0.000326295 0.0599887 4.34115e-05 6.23045e-05 0.00466682 0.0828873 2.39921e-08 0.00469185 0.0596861 0.032016 0.00752253 0.155576 4.48443e-05 
9.69569e-06 1.18204e-05 0.0256492 2.08377e-07 2.56382e-07 3.76327e-07 5.6494e-06 0.164496 0.386452 0.316225 8.91983e-05 2.09076e-05 9.10127e-08 2.45387e-07 0.0230492 2.9817e-05 9.81736e-06 0.0010483 0.000122321 5.69654e-08 0.00276959 0.000721118 7.56663e-05 2.38114e-06 0.0787633 0.000448188 
1.8417e-06 0.0625774 0.000615299 8.62437e-08 1.06112e-07 1.55756e-07 5.20842e-06 6.78794e-05 0.888374 0.00339045 5.90012e-06 0.00207058 7.49106e-06 1.01562e-07 0.00253995 7.30919e-08 0.00210415 0.000601688 0.0212204 2.3577e-08 0.000100008 3.88366e-06 0.00409514 0.000371669 0.0118462 7.81644e-08 
8.53878e-05 4.46751e-05 0.0339927 1.38765e-12 1.31493e-05 0.000340553 2.85666e-09 0.0101827 0.013866 0.101511 0.00500964 0.000814064 0.000395445 1.63411e-12 0.0845126 0.00309999 0.0279786 0.00299531 0.0460378 3.79351e-13 0.0153711 0.00625577 0.505517 6.17568e-05 0.141654 0.000261332 
9.81397e-05 0.000162515 0.0113314 1.37064e-06 5.87734e-06 0.000122435 5.86748e-06 0.00444463 0.0252637 0.00123953 0.0119428 0.000521871 2.38072e-05 1.61408e-06 0.00594666 4.02796e-05 0.00016644 4.07286e-05 0.102233 3.74701e-07 0.000522114 3.14529e-05 0.156692 1.45972e-06 0.679137 2.19219e-05 
0.00670895 0.270147 7.00015e-07 1.77719e-10 5.36924e-07 3.20959e-10 2.10948e-05 0.0232334 0.000323722 0.00199868 0.000946051 0.00106325 7.76221e-11 1.17206e-06 0.0688573 0.000298829 0.00224132 0.00281136 0.542325 4.85841e-11 0.00475294 0.00110204 0.0683375 0.00133321 0.00349639 8.63568e-08 
2.07347e-07 1.33199e-07 3.43119e-07 2.20491e-09 1.49278e-05 0.978191 2.50256e-07 1.33607e-09 0.000213519 0.00339395 5.07287e-08 3.12608e-07 9.63036e-10 2.59652e-09 0.00362758 3.41395e-07 1.62505e-07 0.00797976 0.00102466 6.0277e-10 3.49624e-07 0.00540194 0.000149418 2.34821e-09 7.76905e-07 9.08506e-08 
0.0326854 9.25682e-10 0.00476226 0.00147642 0.000670988 4.59779e-07 0.0378993 0.000983302 0.503082 0.0264182 0.000112447 0.000391477 0.000636201 4.49227e-07 0.00294288 0.000232779 1.02213e-06 0.0207696 0.285931 2.21487e-10 0.0215476 0.0102743 0.0266822 8.50616e-05 0.0224139 7.34291e-10 
6.35209e-05 1.5792e-06 2.18265e-05 7.59448e-05 0.00014051 3.29032e-05 0.0397848 7.39613e-06 0.0751892 0.731923 1.48745e-05 0.00126073 0.0215471 1.62767e-06 0.00395257 6.2409e-05 1.852e-05 0.0594973 0.0306834 3.77854e-07 0.000175132 0.000628195 0.0348869 1.47201e-06 2.79472e-05 1.25269e-06 
0.000216888 3.2638e-09 0.0162045 6.61979e-11 2.92087e-07 1.19553e-10 8.26787e-05 0.0204327 0.00433822 0.0517186 0.000710324 0.000186582 0.0154692 7.79554e-11 0.0161114 4.1641e-05 3.60233e-08 0.00305407 0.0171142 1.80969e-11 0.0160095 0.000535504 0.825401 1.69104e-08 0.0123708 1.95962e-06 
5.90403e-07 0.000130548 0.00359361 2.9434e-09 9.78391e-05 2.91492e-06 0.000201925 0.000784553 0.124361 0.177003 0.0173623 0.184313 0.0140266 0.00271089 0.0540628 0.00012016 0.0012496 0.0218423 0.164016 8.04657e-10 0.00446631 0.023357 0.0312707 9.06611e-06 0.173477 0.00154048 
8.53878e-05 4.46751e-05 0.0339927 1.38765e-12 1.31493e-05 0.000340553 2.85666e-09 0.0101827 0.013866 0.101511 0.00500964 0.000814064 0.000395445 1.63411e-12 0.0845126 0.00309999 0.0279786 0.00299531 0.0460378 3.79351e-13 0.0153711 0.00625577 0.505517 6.17568e-05 0.141654 0.000261332 
0.179917 1.35569e-09 0.004142 3.83773e-07 7.07546e-07 1.82683e-06 0.0027327 0.0023585 0.0106544 0.00818041 0.00325642 0.000483154 0.000547764 1.39729e-09 0.0130269 4.55661e-06 0.000234325 0.00073779 0.20052 3.24374e-10 0.0111288 0.00179453 2.51215e-06 7.14301e-07 0.559857 0.000417347 
1.62318e-07 1.99235e-10 0.00218461 1.74377e-10 2.64821e-07 2.44695e-05 6.54689e-05 1.05664e-10 0.00827167 0.236718 4.75962e-06 3.63574e-07 2.47566e-06 2.05349e-10 0.0721825 2.66536e-07 1.27126e-07 0.0375859 0.0784505 4.76706e-11 0.0839028 0.174967 0.305517 1.8571e-10 0.00012252 5.1579e-08 
0.00169091 0.0252277 0.00525458 7.12002e-05 1.08278e-05 7.00568e-06 2.53112e-05 0.00274879 0.745703 0.0290755 9.15545e-05 0.00745306 5.0995e-05 5.09489e-06 0.00371707 0.000250023 0.00138238 0.00297514 0.0499956 1.28327e-06 0.00136735 0.000543641 0.0190272 0.0670428 0.0359637 0.000318831 
0.00669211 6.48895e-06 1.89733e-06 4.62575e-07 1.77801e-10 4.22818e-06 0.00314518 8.75658e-11 0.1638 0.0871995 6.43599e-07 0.0416435 4.29259e-07 4.3907e-06 0.0112878 1.35088e-05 0.000233307 0.00227524 0.520672 3.95054e-11 0.0265357 1.83963e-06 0.0659234 3.07956e-07 0.0705578 1.44199e-07 
0.000251917 0.000914108 0.00124414 4.04317e-09 4.97463e-09 7.30194e-09 0.000837112 4.92815e-07 0.950896 0.0233122 5.77883e-05 0.000936789 5.63133e-07 0.00066645 0.00267973 0.00020933 1.39736e-05 0.00419875 0.00954268 1.10531e-09 0.000202829 0.000139975 0.0011758 4.30595e-09 0.00271895 3.66441e-09 
8.53878e-05 4.46751e-05 0.0339927 1.38765e-12 1.31493e-05 0.000340553 2.85666e-09 0.0101827 0.013866 0.101511 0.00500964 0.000814064 0.000395445 1.63411e-12 0.0845126 0.00309999 0.0279786 0.00299531 0.0460378 3.79351e-13 0.0153711 0.00625577 0.505517 6.17568e-05 0.141654 0.000261332 
5.60655e-07 0.00369966 0.00630998 3.01655e-09 0.000425438 5.44787e-09 0.000208309 0.0107494 0.266476 0.189843 0.017276 0.00669393 1.31754e-09 3.55232e-09 0.00647059 1.30265e-06 5.24319e-07 0.0171485 0.284496 8.24654e-10 0.000198687 0.00189555 0.0256337 0.000742276 0.16173 5.46771e-07 
0.00119715 0.00200082 0.0108189 1.84259e-06 6.39905e-05 8.57722e-06 0.000177961 0.448695 0.0699336 0.00505179 0.0156176 9.1824e-05 0.000850648 1.75044e-05 0.0451926 0.000103892 0.000229961 0.00713271 0.022336 8.221e-07 0.0050045 0.000170051 0.0176462 1.4423e-06 0.345457 0.00219788 
8.53878e-05 4.46751e-05 0.0339927 1.38765e-12 1.31493e-05 0.000340553 2.85666e-09 0.0101827 0.013866 0.101511 0.00500964 0.000814064 0.000395445 1.63411e-12 0.0845126 0.00309999 0.0279786 0.00299531 0.0460378 3.79351e-13 0.0153711 0.00625577 0.505517 6.17568e-05 0.141654 0.000261332 
0.0204342 5.94429e-06 0.0138671 1.34218e-08 0.0128223 0.00338012 2.23167e-06 0.00910803 0.0203645 0.00304055 0.00447178 1.56508e-05 0.000241469 5.30026e-06 0.0179566 0.00486294 2.59516e-06 0.000641785 0.00420748 3.66921e-09 0.0144492 0.00853011 0.0512921 6.81877e-06 0.810252 3.86357e-05 
0.000961739 7.07713e-08 0.289601 0.00183723 1.93569e-08 8.67767e-05 0.00166422 7.41783e-05 0.203722 0.00036802 0.00259664 0.00143006 4.98275e-09 0.000330657 0.000640102 6.33844e-11 0.000209138 0.00159088 7.13744e-05 2.04457e-11 1.74373e-07 1.1028e-06 0.004403 7.96503e-11 0.490114 0.000298456 
0.000251917 0.000914108 0.00124414 4.04317e-09 4.97463e-09 7.30194e-09 0.000837112 4.92815e-07 0.950896 0.0233122 5.77883e-05 0.000936789 5.63133e-07 0.00066645 0.00267973 0.00020933 1.39736e-05 0.00419875 0.00954268 1.10531e-09 0.000202829 0.000139975 0.0011758 4.30595e-09 0.00271895 3.66441e-09 
0.0294611 1.50353e-05 0.00809949 4.45386e-08 5.3683e-05 3.04112e-06 0.000127592 2.69883e-08 0.74523 3.16048e-06 6.3622e-06 8.14599e-06 0.00957064 5.24492e-08 0.0060569 1.94933e-07 6.89773e-06 0.0656176 0.0102384 1.21758e-08 0.0701771 0.00382487 0.0126428 6.67262e-05 0.0341997 0.00458997 
0.00162974 1.401e-07 0.00522244 7.98452e-09 9.82398e-09 1.442e-08 1.65264e-06 0.00797246 0.803209 0.0138815 0.000608732 0.000248426 0.000438392 9.40266e-09 0.00390231 0.0112465 1.57053e-06 0.000401765 0.0344585 2.18278e-09 0.00624108 0.0416368 0.0311826 8.50346e-09 0.0377151 1.49191e-06 
8.8528e-06 0.000141244 0.00165048 1.6093e-07 7.12112e-06 2.90639e-07 5.22829e-05 3.70461e-05 0.784882 0.0199347 7.25902e-08 0.00224142 0.00564329 0.000118954 0.00336244 0.0003755 2.50458e-05 0.00759618 0.0638415 4.39945e-08 0.024035 0.0412001 0.0139492 0.000116794 0.0307797 1.45854e-07 
0.118244 6.74302e-08 8.04706e-06 4.25834e-05 4.34173e-05 0.0803304 4.9844e-08 3.57617e-08 0.0184344 0.000394033 0.00355256 0.005643 2.57769e-08 6.94994e-08 1.98277e-06 0.0157632 0.000123135 0.0450935 2.01073e-05 1.61339e-08 0.00339019 0.180565 1.825e-07 7.38765e-05 0.528272 4.18285e-06 
2.23252e-07 1.23467e-06 0.0043153 0.000201433 4.45066e-10 6.53284e-10 3.59995e-07 2.00819e-06 0.64556 0.00165187 7.73574e-08 0.297451 0.00117771 4.25979e-10 0.0127146 0.000481605 0.000706216 0.00957488 0.00329198 9.88888e-11 0.00367326 0.00493208 0.00995794 3.85241e-10 0.00426233 4.30844e-05 
0.000274099 1.1345e-10 0.16873 9.92955e-11 0.000151505 1.79327e-10 0.000520031 8.17027e-06 0.0682575 0.00143035 0.00984108 7.52421e-08 1.38113e-07 1.16931e-10 0.00880559 8.41533e-11 6.34775e-09 0.000598378 5.49618e-07 2.7145e-11 3.74829e-07 0.000238613 0.0408702 1.05749e-10 0.700273 6.44202e-08 
4.43951e-07 3.05844e-10 1.30743e-05 2.67685e-10 3.29354e-10 4.83438e-10 1.35873e-07 1.62205e-10 0.996578 7.46635e-07 4.63207e-07 0.0033845 1.16917e-10 3.15229e-10 3.99062e-06 2.26864e-10 2.63533e-07 1.88687e-06 3.00279e-06 7.31789e-11 6.21138e-06 7.38563e-09 2.31243e-06 5.13434e-07 4.42745e-06 2.42609e-10 
2.88715e-06 0.00868092 3.2363e-06 3.32357e-09 0.00881586 0.108528 0.00792779 2.24044e-05 0.649694 3.92164e-06 0.0188845 9.31603e-06 9.01295e-06 1.7394e-05 0.0572856 2.81674e-09 3.52785e-07 0.0367516 5.80386e-06 9.08585e-10 1.52682e-06 0.0148646 0.0163534 3.53958e-09 0.0721349 2.65762e-06 
0.000328617 2.28423e-05 0.00909846 7.65055e-08 9.41307e-08 6.98084e-06 0.000309339 0.000380551 0.6605 0.00301644 0.00159852 0.000326686 0.000931204 0.00107556 0.014447 0.00505092 3.61129e-05 0.00478233 0.0589417 2.09148e-08 0.0242147 0.146932 0.0551717 1.58287e-05 0.0127916 1.98902e-05 
0.0015754 1.07812e-09 0.000391337 9.43605e-10 1.668e-07 6.14497e-06 1.67099e-06 0.000650657 0.750439 0.0381176 0.00104418 0.00153479 0.000115566 7.40772e-06 1.30008e-05 0.00339332 5.10895e-05 0.00497781 0.102473 2.57959e-10 0.000391 0.0164374 0.05076 1.60309e-07 0.0265455 0.00107389 
0.000384392 0.0169147 0.00643012 0.000125136 1.8708e-05 1.67551e-05 0.000684802 5.47276e-05 0.0616587 0.00371118 0.340344 0.00623641 0.000268285 1.0427e-06 0.000179865 3.70711e-05 2.6233e-05 0.000570284 0.00317984 4.16979e-08 0.000235911 3.15733e-05 0.0142033 1.32341e-06 0.54338 0.0013055 
0.000298765 3.52544e-05 0.0622412 4.25319e-05 1.07653e-06 1.58017e-06 0.000991743 4.11339e-05 0.800839 0.0152525 0.000115501 0.00120735 0.00272788 1.03036e-06 0.00280767 6.15649e-05 8.87235e-06 0.00371398 0.00394551 2.64443e-07 0.00388015 0.0164541 0.0423676 4.86575e-06 0.0429534 5.81574e-06 
8.89852e-07 1.81374e-10 6.04459e-05 1.58745e-10 8.98651e-07 2.86692e-10 1.15314e-06 0.478735 0.00830844 1.45756e-05 0.0338946 1.63154e-06 2.99533e-06 1.86939e-10 2.88045e-05 1.34537e-10 1.37228e-07 0.0033599 0.0322042 4.3397e-11 8.13103e-06 0.00241468 7.30813e-05 1.69062e-10 0.440889 1.39571e-06 
0.00161447 0.000303439 0.00176018 1.59915e-06 2.1506e-07 1.75114e-05 0.000314678 2.59991e-08 0.923602 0.00822227 0.000929132 0.00105473 0.00540356 1.51155e-05 0.00410389 0.000501683 6.43507e-07 0.0316249 0.00201546 1.17295e-08 0.00108304 0.000133392 0.00580572 4.56947e-08 0.0114906 1.76012e-06 
7.24374e-07 6.23873e-06 0.00074807 1.68324e-08 2.07103e-08 3.03993e-08 7.80451e-07 2.98766e-06 0.847038 0.00826362 3.0315e-06 0.00193635 0.00162783 1.98221e-08 0.00915668 2.03554e-07 1.64477e-06 4.34341e-06 0.0155558 4.6016e-09 0.00300769 0.000145388 0.0546227 7.90901e-07 0.0567843 0.0010925 
0.0071138 0.0199433 0.000505139 1.21185e-08 1.49104e-08 0.000117158 0.0275203 0.000242782 0.651809 0.0112872 0.00405436 0.00918526 0.184826 0.000154229 0.00235032 0.00058337 4.89125e-05 0.0145991 0.004555 3.31293e-09 0.000155135 8.91309e-06 0.0511836 0.000152393 0.00960432 1.09833e-08 
0.020246 0.00234313 0.01393 3.01465e-05 1.8348e-05 0.0101915 1.65233e-07 0.0583409 0.0255041 0.0176196 0.00124824 4.73619e-07 1.31349e-06 5.07793e-06 0.0269763 4.55257e-08 2.03634e-07 0.0030371 0.00259703 2.04462e-10 0.0020973 5.48904e-08 0.00688973 7.96521e-10 0.806543 0.0023806 
0.00479221 5.92548e-09 0.00475039 0.00138479 6.38097e-09 9.36622e-09 1.71126e-05 3.14259e-09 0.563531 6.4203e-06 6.88873e-05 0.0351873 2.26517e-09 6.10731e-09 2.28517e-06 2.85744e-05 6.85817e-07 5.46034e-06 0.0204829 1.41778e-09 0.0027832 0.0079921 0.0953945 2.78355e-05 0.263542 1.9431e-06 
0.000449842 2.76117e-05 0.000344237 1.19449e-08 2.33858e-06 0.000156441 0.000682026 9.52929e-05 0.297118 0.0289475 7.51554e-05 0.00679034 0.000161542 1.40665e-08 0.0312798 0.000401417 4.46366e-05 0.00050596 0.544376 3.26546e-09 9.53697e-06 0.000257767 0.0845122 0.00355771 0.000204735 1.08259e-08 
0.0600786 0.000328978 0.0284283 0.0243384 1.25836e-06 0.000450706 0.000187421 3.60216e-06 0.104627 0.014554 0.00670928 0.396279 5.04532e-08 1.36031e-07 0.00643035 0.0243275 0.000503332 0.0322806 0.104201 3.1579e-08 0.0116574 0.0465592 0.0944149 6.21889e-05 0.0435577 1.89727e-05 
1.29221e-09 4.31974e-09 0.0985298 2.30522e-13 1.17579e-06 6.58624e-08 1.67454e-09 0.0324823 0.00306826 0.0236763 0.00386421 0.000266068 0.00012223 2.71465e-13 0.0222947 4.12246e-09 1.99277e-10 0.000137928 0.00749531 6.30193e-14 0.00473248 0.000261143 0.678567 2.45504e-13 0.124438 6.36433e-05 
0.00454971 8.53252e-05 0.0151918 0.000444778 3.89734e-06 3.02907e-05 9.15217e-05 5.13824e-05 0.751836 0.00266415 0.00266067 0.00774342 0.000104076 3.7302e-06 0.050221 2.04231e-05 7.35553e-05 0.0543676 0.0178143 8.65946e-07 0.0099766 0.00123051 0.0561415 4.54441e-05 0.0246448 2.87085e-06 
0.0175331 4.39391e-09 9.87301e-05 3.08041e-06 4.73167e-09 6.94531e-09 3.24795e-09 6.19887e-05 0.116267 0.000318609 1.37138e-05 1.45308e-09 0.000335099 4.52874e-09 8.63004e-07 2.02106e-05 7.10956e-06 5.52698e-05 0.858112 1.05132e-09 0.00686039 6.20886e-05 0.00019711 4.09565e-09 5.36396e-05 3.48544e-09 
1.0344e-08 0.00967587 0.0265526 2.47412e-12 2.74274e-09 7.0688e-07 2.23603e-08 1.89201e-07 0.0170444 0.0830261 0.0432063 0.0012179 0.00184327 2.91355e-12 1.73972e-07 0.000362853 8.32104e-10 0.00276867 0.0222824 6.76366e-13 0.0253524 4.53514e-08 0.751066 9.22481e-09 0.0156004 7.04117e-08 
0.122992 1.44976e-09 0.00534523 3.37993e-08 2.15735e-08 5.25286e-06 4.72639e-05 3.322e-05 0.00311101 0.00431426 0.0011757 4.79441e-10 0.000318742 1.00865e-05 0.00129334 1.07538e-09 1.14776e-05 9.71354e-08 0.00265496 3.46882e-10 0.000441142 9.27662e-08 0.00208236 1.35135e-09 0.855985 0.000179249 
0.000150436 1.38038e-06 0.000124993 1.20816e-06 1.48649e-06 2.18192e-06 0.000107382 0.00470089 0.0421074 0.000494163 0.000464702 0.0020633 0.000418267 0.000489977 0.00246549 1.02392e-06 6.86987e-05 0.00173921 0.0425898 3.30281e-07 0.00390369 0.0119223 0.0116376 0.000300813 0.153894 0.720349 
0.00013056 1.24128e-08 0.00362376 2.30703e-06 2.18123e-05 0.000151754 3.1776e-05 0.000964978 0.614879 0.000109053 0.00134928 0.000326361 3.66678e-06 1.27937e-08 0.00216945 3.56393e-07 1.17671e-06 5.85119e-06 0.0121085 2.97e-09 2.28364e-06 6.52642e-06 0.00538459 1.15702e-08 0.358544 0.000182825 
0.00558097 7.06652e-05 0.00792697 1.76175e-07 2.16762e-07 5.29768e-06 1.44598e-05 1.06754e-07 0.838436 0.000556334 0.000238845 1.03352e-05 1.81409e-05 2.07466e-07 0.0582535 1.49309e-07 4.04073e-05 0.0560317 0.0211494 4.81621e-08 3.02115e-05 1.31358e-06 0.0042801 7.32633e-05 0.00728115 1.59671e-07 
0.0272663 3.26486e-05 0.000136495 0.000227131 0.000294072 9.91268e-05 0.000654776 7.75597e-07 0.153886 0.0954993 5.93492e-05 0.00156213 7.00343e-08 4.7268e-10 0.219867 0.000281165 1.1389e-08 0.0022337 0.134055 1.0973e-10 0.00326803 0.00115078 0.331958 1.15139e-05 0.0274566 2.2156e-07 
0.00246921 0.00657057 0.00540551 1.2267e-11 2.42675e-08 7.12192e-08 9.82525e-06 0.861897 3.26652e-07 0.000236519 0.000192531 1.17747e-08 5.35783e-12 5.52889e-07 0.000949812 3.44568e-07 2.22995e-05 2.44476e-05 0.000735346 3.3535e-12 0.000479709 9.82655e-05 0.00137853 2.89692e-08 0.11928 0.000249212 
8.26698e-07 0.0187947 3.04606e-06 4.87549e-08 5.9987e-08 8.80511e-08 4.30969e-05 2.95432e-08 0.896451 9.56825e-06 1.54568e-08 0.0583699 4.26488e-06 0.000144825 2.67936e-06 4.07286e-07 0.00114462 4.92162e-06 0.0166594 1.33285e-08 8.57031e-07 1.50919e-06 0.00113192 0.00589132 0.0013197 2.10324e-05 
0.20395 0.0148371 0.0130973 7.39368e-07 7.72349e-08 2.26283e-10 8.36084e-07 7.59232e-11 0.0375304 0.215159 1.2231e-05 1.55287e-06 0.0550358 7.15629e-06 0.0427076 0.0643617 3.00815e-07 0.062969 0.0781022 3.42529e-11 0.0433661 0.00785331 7.35423e-06 1.33439e-10 0.155766 0.00523431 
0.00895011 1.6208e-09 4.47116e-06 1.41858e-09 1.74539e-09 2.56195e-09 1.19809e-09 2.80781e-06 0.466784 0.161088 6.21194e-07 5.36005e-10 0.0348618 1.67054e-09 1.2525e-06 0.00872862 0.000274521 0.00927017 0.0693077 3.87807e-10 0.0273029 2.81192e-06 0.170671 1.51078e-09 0.0427494 1.28569e-09 
1.01646e-06 1.24968e-06 0.0108917 2.23172e-10 2.74586e-10 4.03048e-10 1.88484e-10 0.00503982 0.774724 1.84894e-05 7.95835e-07 3.2895e-07 1.94463e-05 2.6281e-10 1.67851e-07 1.17285e-06 0.000536766 3.20739e-06 0.0888635 6.10101e-11 3.94178e-06 3.6031e-06 0.0629236 2.37677e-10 0.0569671 2.02266e-10 
0.00473098 0.00154037 0.868038 8.37472e-12 1.03041e-11 1.20931e-05 0.00358312 0.000888229 0.0184715 0.00311134 3.40413e-08 0.00457136 0.0011776 3.81016e-08 0.00452773 0.000386332 1.43657e-07 0.00444408 0.000742782 2.28945e-12 0.000726359 0.00035457 0.0336422 8.07149e-09 0.0486583 0.00039284 
