0.00246605 6.92809e-07 0.658998 6.06371e-07 0.000198822 0.00113984 5.1212e-07 3.67433e-07 0.00056192 0.0279313 9.12334e-08 2.29115e-07 0.00412728 7.1407e-07 0.000734584 4.0554e-05 1.45566e-07 0.00777109 0.0358952 0.00147451 0.00956405 0.00467284 0.22134 6.45781e-07 0.0192492 0.00383059 
0.00159514 3.97372e-05 0.51531 2.59273e-08 1.37634e-06 9.89381e-08 0.000343238 0.000537977 0.00551214 0.001053 0.00799506 0.234998 0.00296269 1.50911e-06 0.0386828 7.76183e-05 0.000398419 0.0508068 0.000544299 0.0464563 0.00505885 0.00199961 0.0624641 2.2768e-06 0.0230649 9.36345e-05 
0.00844968 0.000749452 0.823702 2.03052e-08 4.88041e-09 3.12798e-08 0.0337788 0.0270098 0.00389276 0.000757022 2.408e-07 0.0369145 3.51071e-05 1.32636e-06 0.00108101 4.74152e-05 0.00014068 0.0115845 0.00165945 0.000103306 0.00340836 0.000536788 0.00553499 4.0673e-07 0.038618 0.00199444 
0.00937874 0.00680056 0.447718 0.000255009 5.09367e-05 8.34257e-05 0.000653968 0.0065178 0.0113678 0.015885 0.00961339 0.00907912 0.0102701 0.000795367 0.079703 0.00014877 0.000112254 0.00805207 0.127158 0.0381315 0.00787362 0.00395247 0.165136 3.77871e-05 0.0364698 0.00475545 
0.00786868 8.16413e-05 0.225176 5.77942e-08 0.000217799 0.000110819 0.000229346 0.202769 0.0197839 0.0536291 0.191017 0.0218325 0.000234643 0.017871 0.00207771 2.34746e-05 4.80851e-05 0.0101352 0.0125324 0.00748458 0.00364715 0.0103273 0.00345079 3.58223e-05 0.209342 7.35629e-05 
0.00395175 0.000103276 0.446011 9.28455e-09 1.14235e-08 6.46589e-06 6.16264e-05 0.0378771 0.00339901 0.0040504 0.00141864 0.000102342 0.0277626 0.000190685 0.0353512 0.0108465 1.30182e-07 0.0400484 0.0140135 9.11888e-07 0.00102107 0.00108459 0.167113 9.88798e-09 0.205584 1.99273e-06 
0.00057003 9.91545e-08 0.970695 8.67835e-08 2.25557e-06 0.000545214 3.62106e-05 0.0010244 0.000403378 9.68197e-09 0.000453187 8.19581e-05 0.00434086 1.02197e-07 0.00194783 0.000182841 2.87715e-08 0.00415756 0.00174744 2.23144e-06 0.000173812 4.20878e-06 0.0060009 9.24238e-08 0.00763041 7.86536e-08 
0.00722865 1.02881e-11 0.655937 9.00455e-12 0.000898533 1.43996e-05 0.000166721 0.000198613 0.0136391 0.0256327 0.00103539 0.0174207 0.000170303 8.84191e-09 0.0839548 5.08599e-07 3.00697e-06 0.0257206 0.0110525 0.00660706 0.008474 0.00101241 0.051375 1.62518e-05 0.0894419 2.7254e-08 
0.0193299 1.62508e-05 0.482412 3.34517e-06 7.80889e-07 0.00016366 3.13178e-05 0.0966306 0.0409821 0.00781584 0.00067649 0.00218236 0.0187519 0.000296341 0.0304821 8.74666e-05 1.36795e-08 0.0619181 0.0145118 0.00103964 0.00681765 0.00388225 0.0551179 1.88932e-06 0.156847 1.7079e-06 
0.000557199 5.53855e-08 0.971011 4.84754e-08 1.32911e-06 0.000514285 2.13901e-05 0.00100205 0.000394239 5.40813e-09 0.000446212 7.569e-05 0.00427929 5.70851e-08 0.00193351 0.00015027 1.63309e-08 0.00411559 0.00173331 1.31929e-06 0.000167144 2.48905e-06 0.00598075 5.16259e-08 0.00761218 4.39342e-08 
0.0101327 8.52154e-08 0.57322 2.80162e-08 0.000479682 0.000741368 2.47608e-05 0.0010987 0.000316632 0.0026369 0.000332296 0.00129275 0.0012566 2.6613e-06 0.174486 5.65025e-05 1.24349e-07 0.140866 0.00344437 0.00173257 0.017251 0.00028773 0.0288998 1.00588e-07 0.0403572 0.00108249 
0.0122627 2.42322e-06 0.308369 9.27822e-09 1.14157e-08 1.6777e-05 0.0294395 0.00396927 0.148885 0.0210606 1.0918e-05 0.0103334 0.03922 9.30146e-06 0.0110332 0.000567974 2.22663e-06 0.153878 0.0267545 0.042634 0.000728127 0.00793698 0.0592799 4.28027e-07 0.123605 1.79709e-06 
0.00608707 0.00499577 0.368454 0.0111765 6.69125e-05 4.50849e-05 2.14268e-05 0.00202933 0.00357256 0.0137762 3.58291e-08 0.121665 0.00103903 2.80429e-07 0.0169322 8.54781e-05 5.71664e-08 0.00203947 0.107117 0.000103593 0.00256932 0.00523069 0.0826962 2.25608e-05 0.246145 0.00412908 
0.00765052 0.000180489 0.239852 3.16026e-06 0.000141167 2.22391e-05 0.116306 0.00157123 0.00969316 0.22426 0.00371556 0.0211376 0.0156348 3.68339e-05 0.0546678 7.37813e-05 0.00129449 0.0218685 0.022003 0.0853154 0.00387739 0.00686796 0.0839731 3.62083e-06 0.0736164 0.00623406 
0.0072348 6.97292e-08 0.337096 6.0312e-10 1.97544e-07 2.90559e-06 9.06028e-07 1.57597e-07 0.0582068 0.0638766 0.0182261 0.0221436 9.32574e-05 0.00154626 0.0543369 3.25107e-05 4.4705e-06 0.0860121 0.00811685 7.11e-08 1.56897e-05 0.17745 0.144672 4.22828e-08 0.0209312 5.104e-07 
0.0198158 1.46854e-05 0.968364 1.28532e-05 1.58143e-05 2.32128e-05 1.08554e-05 7.78845e-06 2.59051e-06 1.43396e-06 1.93387e-06 4.85653e-06 5.61389e-06 1.51361e-05 0.00593658 1.08931e-05 3.08555e-06 0.000816463 0.0048994 3.51377e-06 2.83771e-06 3.51118e-06 8.14622e-07 1.36886e-05 9.07723e-07 1.16491e-05 
0.00581076 0.000406176 0.289904 6.17088e-09 3.89769e-07 3.25844e-06 0.0427993 0.00343653 0.0100698 0.00993539 0.0398399 0.000776323 0.00995345 0.00184723 0.0469592 0.00010864 1.06001e-06 0.0044825 0.00855477 0.00212878 0.00190697 0.155 0.0172979 0.000365278 0.250101 0.0983107 
0.21241 1.42158e-07 0.254641 1.58171e-09 1.9461e-09 1.12619e-06 4.37816e-07 7.54769e-07 0.00107168 0.00950074 6.30943e-07 3.04358e-07 0.045486 1.86264e-09 0.108185 1.3405e-09 3.79706e-10 0.0127303 0.0027218 4.32402e-10 0.0617575 4.32084e-10 0.0812094 1.32508e-07 0.210283 1.43353e-09 
0.00481916 9.87281e-12 0.763604 8.64103e-12 0.000599181 9.60847e-06 0.000111157 0.000132423 0.00909279 0.0170885 0.000799207 0.0123568 0.000271335 2.56201e-05 0.057032 6.23092e-05 2.00597e-06 0.0177957 0.00736835 0.00440921 0.00595678 0.000674971 0.0369474 1.08394e-05 0.0608308 2.20168e-08 
0.00254129 1.83577e-08 0.735319 5.71639e-09 0.000870969 8.97804e-05 0.000888838 0.000317033 0.00472124 0.0150579 0.00634097 0.00246537 0.00593328 0.000241166 0.03369 1.14012e-05 1.68431e-05 0.0573786 0.0186038 0.0183175 0.0205641 0.00314642 0.0406776 4.93438e-08 0.0327409 6.63518e-05 
0.0126727 7.54448e-07 0.351193 6.6032e-07 0.0260566 1.19253e-06 4.8223e-06 0.0440084 0.0503739 7.36683e-08 0.0766523 2.49499e-07 3.60056e-05 0.236059 8.71139e-08 5.59623e-07 1.58517e-07 0.0846751 0.011463 8.17079e-05 0.0118241 1.80383e-07 0.0153915 7.03236e-07 0.0795026 5.98461e-07 
0.00435596 2.20731e-09 0.297139 1.93192e-09 0.000157169 6.28249e-06 0.000135627 0.00382615 0.000236423 0.0381999 0.00249137 0.00489778 0.000775113 1.27216e-06 0.202962 2.19852e-05 1.54447e-07 0.036043 0.053356 0.00092094 0.0796551 0.00176901 0.188297 7.85744e-07 0.0843205 0.000431173 
0.00014278 3.4333e-07 0.716422 1.73287e-09 2.23047e-08 0.000866677 3.56725e-06 0.00040256 0.150536 0.00640143 0.00024693 0.0116462 0.009042 2.04065e-09 0.00245067 4.48458e-05 4.15993e-10 0.00205987 0.00230486 0.0181666 0.00546489 0.000307927 0.00860239 1.84549e-09 0.0648748 1.28736e-05 
0.00424769 4.39988e-05 0.436389 8.71777e-11 8.69425e-05 0.000111573 0.00033837 0.00362353 0.000442796 0.0142713 0.00196807 0.00346469 0.000478556 3.49853e-06 0.158879 6.84632e-08 1.6094e-05 0.0365933 0.00482567 0.0161832 0.0213984 0.00117655 0.207335 3.19791e-08 0.0879778 0.000144849 
0.013613 8.11876e-05 0.724155 0.00402344 0.000589965 0.000112348 0.000415613 0.00425403 0.0304284 0.00448083 0.0110976 0.00648685 0.00305593 0.00133578 0.00707626 0.00125036 4.42483e-05 0.0152014 0.00756101 0.000170165 0.00980693 0.0167318 0.057719 5.52604e-08 0.0800489 0.000259494 
0.0196406 9.89711e-08 0.608544 3.74482e-10 9.01489e-06 0.000982341 8.97789e-06 1.59623e-06 0.0244461 0.00225792 0.000161491 0.0010162 0.00351698 4.40994e-10 0.0182029 0.00124508 8.58191e-06 0.0141584 0.00733007 0.00126686 0.0115045 0.0219343 0.00201548 8.7296e-09 0.26168 6.91335e-05 
0.00792444 3.78791e-05 0.350705 2.32587e-07 0.000123808 3.36385e-05 0.000240034 0.0018758 0.0198979 0.0244172 0.0214269 0.00600788 0.0305443 6.76483e-05 0.18531 0.00488593 0.00387051 0.0110789 0.0315139 0.0311917 0.0247961 0.0343889 0.156743 1.69231e-05 0.0518618 0.00103991 
0.0318965 0.0038251 0.676574 0.000391052 1.61513e-06 2.34703e-06 0.000325232 0.00115042 0.0923691 0.00221666 0.00206747 0.00109084 0.000277898 0.00134403 0.00839209 0.000653093 6.42381e-05 0.0020606 0.00125809 0.000348614 6.88346e-05 0.000348055 0.0299181 5.01391e-06 0.143013 0.000337852 
4.13026e-12 0.000233039 0.502105 7.51392e-09 2.17583e-11 1.55041e-08 0.0242209 2.35566e-07 0.0351198 0.0126765 8.45502e-05 0.00290599 7.57802e-08 2.08252e-11 0.00695681 2.98296e-08 1.28674e-05 6.85553e-05 0.00452813 0.0149702 0.000243652 0.000169027 0.0327783 1.88336e-11 0.362926 1.47172e-07 
2.13664e-05 0.000109975 0.611903 5.79357e-11 3.26288e-08 0.000176021 0.000156168 0.0289085 0.00126273 2.73029e-07 0.00644783 0.000286019 2.53045e-11 6.82257e-11 0.0262896 5.70164e-08 4.08808e-06 5.12682e-05 0.00035553 0.000108943 1.4123e-07 6.2118e-06 0.0149434 8.15971e-09 0.308939 3.01328e-05 
0.00759067 3.84321e-06 0.453811 3.13234e-11 3.85397e-11 8.89439e-06 0.00103424 0.000911852 0.0155626 0.00489177 0.000233766 0.00268167 0.000742967 3.59379e-07 0.168901 0.000209536 8.61635e-06 0.00517194 0.0151669 0.118402 0.00290209 0.00430149 0.143583 2.95255e-06 0.0537659 0.000110856 
0.000113175 4.52758e-06 0.513741 9.93551e-06 2.44891e-06 0.000155057 0.0273307 0.00551065 0.0872012 0.00847933 0.000836949 0.000383299 0.0177606 7.69552e-07 0.0290176 2.49099e-08 1.89819e-05 9.63026e-05 0.180558 0.00363947 0.000393458 0.000432821 0.0489078 4.84081e-06 0.0134049 0.0619961 
1.44622e-07 0.000116543 0.391487 3.97786e-09 5.96982e-07 8.2058e-09 0.0121114 6.95976e-05 0.0300828 0.0307195 0.00175538 0.00145305 0.000113606 2.04014e-11 0.0136014 5.21415e-05 6.43752e-06 0.000498256 0.00834748 0.00921514 0.00446048 0.00163905 0.137001 1.84503e-11 0.357148 0.000120745 
2.1679e-05 2.16502e-05 0.459594 0.0130145 2.16474e-05 2.16292e-05 2.16596e-05 2.16671e-05 0.13227 0.0694064 0.0759074 0.0260309 2.16726e-05 2.16491e-05 0.0282085 2.16596e-05 2.16788e-05 2.16796e-05 2.16815e-05 2.16777e-05 2.16794e-05 2.16777e-05 2.16843e-05 2.16527e-05 0.195179 2.16577e-05 
0.00482315 2.57987e-08 0.505605 2.07311e-11 2.55071e-11 0.000102211 7.27567e-08 0.0128313 0.000415026 0.000328526 0.000752105 2.7536e-05 2.71987e-06 2.44132e-11 3.2295e-07 0.000379111 5.48732e-09 0.00050521 0.0117071 9.27669e-05 9.97582e-05 0.0152371 0.022628 5.18959e-09 0.298358 0.126105 
0.00144788 0.0115195 0.536859 1.29211e-07 1.58978e-07 0.00477415 0.00336225 0.00256398 0.138231 0.00421244 0.00122993 0.0161649 0.00335394 1.11637e-06 0.00974892 0.000317064 7.11683e-05 0.0378419 0.0299566 0.000251393 0.00185161 0.0014743 0.0439447 1.37608e-07 0.149983 0.000839457 
0.00176764 3.34173e-06 0.658562 3.61593e-09 1.31636e-05 0.00104677 0.000102879 0.0251785 0.00100571 0.00765414 0.00160348 0.00408917 0.000512734 1.47393e-05 0.0259737 0.000808068 1.57936e-07 0.00511987 0.00206838 0.00118284 0.00381976 0.000321672 0.0608799 1.0278e-06 0.198107 0.000163444 
0.0155916 1.28987e-05 0.315999 2.55407e-08 3.53628e-05 0.00017563 0.00278081 0.000777477 0.0849632 0.0587241 0.0556732 0.0324552 0.00201781 9.8043e-06 0.0623862 0.00189687 0.000154521 0.0496256 0.0290633 0.023573 0.0367938 0.0121462 0.0303291 9.76773e-06 0.18123 0.0035755 
0.0121877 0.000387661 0.622597 2.3392e-06 2.39952e-06 0.000295092 0.000108612 0.00151964 0.0236565 0.0270851 0.0131419 0.00979764 0.0141254 9.18362e-06 0.0141767 0.0011545 7.95444e-06 0.0302769 0.0197907 0.00134869 0.0105331 0.00264064 0.100198 4.77214e-06 0.0910843 0.00386757 
0.00126549 4.18729e-05 0.501123 6.28535e-09 2.77204e-06 0.000183788 9.47375e-05 0.0459672 0.00190372 0.00215843 0.0151533 6.57849e-05 9.86241e-05 1.16509e-07 0.0444418 0.00101077 9.07227e-07 0.00227364 0.00299426 0.000339559 0.00285386 0.000349445 0.119632 1.77554e-06 0.258018 2.54529e-05 
3.20284e-05 3.19858e-05 0.227422 3.19925e-05 3.19817e-05 3.19548e-05 0.124831 3.20108e-05 0.105731 3.2034e-05 3.20322e-05 3.20216e-05 3.20189e-05 3.19842e-05 3.20331e-05 3.19997e-05 3.2028e-05 0.217831 0.0737061 0.195394 3.20289e-05 0.0544769 3.20362e-05 3.19895e-05 3.20361e-05 3.19969e-05 
5.64932e-05 0.0005289 0.657611 4.45118e-10 3.92109e-08 0.000753986 0.000526112 0.0284275 0.0532226 0.000952066 0.0309754 0.000994995 0.000243495 5.24176e-10 0.00684902 0.00024318 2.19583e-06 0.000760768 0.000575054 4.9373e-05 6.55e-05 0.000101109 0.00367635 9.51461e-07 0.211543 0.00184146 
0.000519117 8.54064e-06 0.694518 1.55353e-07 1.64884e-05 0.000212488 1.13442e-05 0.00961513 0.00210237 0.00322846 0.00350871 0.000139209 0.000257805 1.77907e-09 0.0421725 0.000193818 1.33157e-06 0.0031632 0.00142787 0.000694223 0.0139966 0.000542854 0.0404385 1.89046e-06 0.182676 0.000553699 
0.0591264 0.00276598 0.323395 2.47891e-06 0.00125546 0.000345831 0.0935831 1.58239e-06 0.00235799 0.0398827 0.000562622 0.0120921 0.00444308 0.000961994 0.0383972 3.99029e-06 3.21034e-06 0.0207243 0.00742677 0.0632354 0.00315339 0.00281836 0.217994 1.07432e-07 0.105336 0.000130698 
0.102831 5.82703e-08 0.721794 5.10002e-08 6.27495e-08 3.18e-05 4.3073e-08 1.13789e-05 6.81871e-06 6.67984e-05 2.23066e-06 2.35191e-06 2.06717e-06 5.67394e-05 0.0385452 4.32229e-08 2.93226e-07 0.0160578 0.0727295 0.00539723 1.09858e-06 0.0117205 0.00262807 5.43149e-08 0.0281152 4.62225e-08 
2.17571e-06 1.41971e-10 0.825305 1.24258e-10 2.0327e-07 3.30787e-05 7.57925e-08 6.70593e-05 0.0443296 1.65023e-06 2.10944e-06 0.0215525 0.000130973 1.46328e-10 0.0422965 4.08946e-06 2.98295e-11 0.0322126 0.00430256 0.00337584 0.00060844 1.09396e-06 0.0108811 1.2069e-07 0.0148928 1.58932e-08 
0.129808 0.000624019 0.341454 4.91522e-09 0.000979907 6.59341e-06 0.000437102 0.00447065 0.0398154 0.0859458 0.00283465 0.00333215 0.00177992 6.18461e-05 0.229838 0.00265489 0.000456057 0.00952413 0.0185214 0.00429966 0.0134796 0.0132625 0.0612724 5.35885e-05 0.0348218 0.000265562 
0.00336322 0.000288602 0.479226 2.1896e-11 0.00134049 1.46443e-07 0.00103743 0.000419988 0.00345537 0.00502599 0.00021146 1.21354e-06 0.000355945 2.57849e-11 0.0198612 1.85569e-11 5.25635e-12 8.29952e-08 0.00853233 2.52124e-07 0.00274684 6.63358e-05 0.00522838 2.26346e-08 0.468839 7.27744e-08 
6.95047e-05 3.08849e-07 0.379129 2.70315e-07 3.3259e-07 4.88188e-07 0.000723105 1.87627e-05 0.346117 5.10751e-05 0.0151527 0.0136765 0.108646 0.000535812 1.41136e-05 6.19796e-05 0.000154488 0.0154219 5.48663e-05 0.00014561 0.00546384 1.24551e-05 2.09431e-05 4.25938e-06 0.114279 0.000245723 
0.00203808 0.0352844 0.2477 1.18192e-10 6.83633e-06 0.000713461 0.00836656 0.00842107 0.200562 0.00307359 0.00262485 0.0258214 0.00325749 3.97551e-08 0.121269 0.00415289 0.000274569 0.00320636 0.0293156 0.000269176 0.00294409 0.000635893 0.165809 7.84865e-05 0.134152 2.29543e-05 
0.00204185 0.000337195 0.208037 7.22727e-07 1.17418e-05 3.21021e-07 0.000239802 0.000554651 0.0185866 0.0360892 0.0162256 0.171582 0.045817 2.52826e-07 0.000773398 0.000999825 0.0322134 0.153323 0.000591715 0.205798 0.00468544 0.0156013 0.0600375 2.12414e-05 0.0251276 0.0013033 
0.000531385 3.2425e-07 0.63772 2.98797e-09 3.67633e-09 3.2788e-06 0.00320767 2.44197e-05 0.0170988 6.64871e-07 0.000169512 0.00127663 0.00123145 9.15399e-07 0.00918619 2.53231e-09 1.08523e-06 0.00186698 0.00340556 0.000759712 3.3616e-06 0.000729231 0.0173158 3.18216e-09 0.305464 3.87421e-06 
0.131338 4.52214e-05 0.24949 0.11985 0.000875765 3.66018e-06 0.000282923 0.000138249 0.0114094 0.047452 0.000887898 0.00203549 0.0248359 2.15202e-05 0.00320856 0.000179371 1.31124e-05 0.193014 0.00222538 0.00349635 0.0960117 0.00174443 0.0665425 1.78648e-05 0.0428694 0.00201105 
0.188784 5.44703e-06 0.30049 3.35288e-07 6.76588e-05 1.01088e-05 0.000201464 0.000243856 0.00474009 0.0202709 0.000419772 0.00390143 0.00108268 6.98463e-06 0.119088 4.50886e-07 4.79483e-06 0.00434993 0.145853 0.0201935 0.00314655 0.00406439 0.0603967 5.57453e-09 0.122625 5.33291e-05 
0.00438433 0.000733291 0.273304 4.74299e-07 0.000505597 0.000984956 0.00211118 0.00944935 0.150809 0.0397654 0.00658781 0.00718978 0.00118311 0.00311137 0.00931579 0.0612946 4.74027e-05 0.0099752 0.080831 0.0034331 0.00378362 0.0185796 0.027476 5.98959e-06 0.255602 0.0295362 
0.00441936 2.32364e-05 0.519317 1.01172e-06 0.000136488 0.000135475 0.00104212 0.00228826 0.0667015 0.082746 0.00300222 0.00368436 0.0376555 2.29218e-07 0.00712511 3.33334e-05 1.00575e-06 0.0264914 0.00879396 0.000258794 0.0109998 0.000801522 0.129782 1.59389e-06 0.0940064 0.000552136 
0.0242858 0.000110264 0.357293 4.01422e-05 0.00245104 0.0108153 0.0469567 0.000434139 0.0402071 0.0181904 0.00250486 0.0528867 0.00290754 0.000902075 0.0492868 0.00200982 0.015629 0.114432 0.0107121 0.0641834 0.0577071 0.00479257 0.031039 2.83415e-05 0.089832 0.000362513 
0.000471177 3.80568e-06 0.392632 6.99307e-08 0.000120218 3.49386e-05 0.000330146 0.00355141 0.0051002 0.0254111 0.00452777 0.00678956 0.00283763 0.000171232 0.275336 6.68187e-05 1.11384e-05 0.00513129 0.00831381 0.00351711 0.0241574 0.00208415 0.208521 1.50441e-06 0.0258435 0.00503485 
0.00805329 3.24756e-05 0.372287 9.34891e-10 1.15027e-09 3.22696e-07 5.52649e-07 7.92348e-07 0.0150858 0.00887808 0.00631085 5.91594e-06 0.0736575 1.10094e-09 0.147473 7.92324e-10 2.88027e-08 0.0144571 0.00259475 2.55577e-10 0.0251051 1.22083e-06 0.0335447 6.32445e-08 0.292511 8.4731e-10 
0.0277323 2.9759e-07 0.320481 7.99736e-06 5.2037e-10 1.90851e-07 1.13082e-07 0.105336 0.0326779 0.000772028 1.2125e-06 8.39999e-07 0.00181688 0.00101912 0.000817061 0.000618404 1.0153e-10 0.0111906 0.0776187 5.68823e-07 0.0354712 0.0125568 0.0625469 0.000487317 0.308846 3.83315e-10 
0.00123799 4.29613e-06 0.693003 4.58492e-09 1.17739e-09 0.0010994 9.05782e-05 0.0283593 0.00122777 0.00224406 0.000696276 0.00101816 0.000214882 7.41341e-08 0.0095897 0.00103894 1.4615e-09 0.00163268 0.000868014 0.000419455 0.00305105 0.000163751 0.0569762 1.3212e-06 0.19694 0.000123201 
0.000430738 3.0206e-06 0.809108 2.76424e-08 2.20567e-05 2.26236e-06 3.31151e-05 6.22131e-07 0.0093624 0.00815466 1.61269e-10 0.00506328 2.75415e-06 2.31806e-05 0.0532475 5.18838e-07 7.67998e-08 0.00477271 9.67155e-05 0.000237184 0.000785796 2.92804e-10 0.0136032 1.1747e-05 0.0642018 0.0308368 
0.00255784 0.000574086 0.302391 6.45474e-06 3.40222e-05 1.40258e-08 0.000605233 0.000503941 0.110714 0.106783 3.78142e-05 0.00204917 0.10397 7.20175e-05 0.00385383 1.31691e-05 0.000134656 0.0389211 0.00732027 0.00109237 0.0247259 0.00357685 0.270793 1.37182e-05 0.0191649 9.13519e-05 
0.0675704 4.35871e-05 0.301393 4.67179e-09 1.22703e-06 1.24969e-07 0.000130723 0.00384612 0.0523118 0.00249213 0.00149412 0.00102301 0.00367425 0.000674046 0.103131 3.21291e-05 3.51925e-06 0.0270375 0.0296553 0.0117812 0.0224804 0.00100123 0.0707416 1.79345e-07 0.288261 0.0112203 
0.00123006 0.00116937 0.31503 0.00281025 1.97143e-10 2.89374e-10 0.00868063 0.000140865 0.136593 0.205606 2.25601e-06 0.0220979 0.0638212 1.88688e-10 0.00400957 0.00036061 0.00069276 0.153627 0.00128224 7.88293e-09 0.0222294 0.00816167 0.0310097 1.70644e-10 0.0210963 0.000349141 
0.0230254 3.41723e-05 0.461495 8.33532e-08 3.52462e-06 3.67161e-07 0.000164029 0.00109124 0.00726672 0.00464446 5.81503e-07 0.0547508 4.94811e-06 2.04967e-08 0.0781059 0.000778206 5.00491e-05 0.0542031 0.0028615 0.101409 0.014082 0.00983037 0.12899 3.41613e-07 0.0570313 0.000176961 
0.000995227 9.61332e-05 0.219745 9.09679e-08 0.000166946 8.92306e-07 0.00792295 0.00287618 0.137433 0.049626 0.0015933 0.0909486 0.00519778 8.44444e-06 0.0384058 0.000487799 0.00308547 0.104008 0.0823111 0.0987032 0.00707378 0.0380435 0.0677795 8.60545e-06 0.0433233 0.000159887 
0.00296406 1.9621e-07 0.96263 1.7173e-07 2.11292e-07 3.10143e-07 0.00102991 0.00502621 0.00186905 0.000521143 0.000671814 0.00115506 0.000637627 2.02231e-07 0.00457195 0.00205228 4.12255e-08 0.000815466 0.00202847 0.000530546 3.79142e-08 0.00187654 0.00301162 7.33388e-05 0.00641686 0.00211689 
0.00350496 0.000402976 0.498163 1.96669e-07 2.17084e-05 1.5052e-05 0.00747591 0.000492714 0.148863 0.0142492 1.29915e-05 0.0149277 0.0127312 2.44348e-06 0.101513 0.000448845 6.58211e-05 0.0185369 0.0108685 0.000461243 0.0120549 0.00368785 0.0532734 2.80068e-06 0.0980732 0.000149649 
0.000199204 5.54807e-05 0.393607 6.957e-11 0.0140353 0.000357772 0.000314782 0.00140109 0.00288583 0.0230125 0.0717975 0.00116471 0.00669819 0.00293584 0.000868798 0.000473438 1.38543e-08 0.000612401 0.00451685 2.12065e-07 0.00195173 0.000218611 0.161055 4.33761e-08 0.311624 0.000212995 
0.021171 4.0213e-05 0.604791 1.65334e-08 1.94966e-06 1.85231e-05 7.93394e-05 0.00121213 0.0203725 0.00161784 0.014273 0.00799703 0.00703593 0.00202049 0.0383729 0.0020369 3.29937e-06 0.00942518 0.00593444 0.000156161 0.0112657 0.00309262 0.158907 2.47254e-07 0.0897174 0.000457388 
0.0207621 4.92706e-05 0.247881 4.28772e-08 0.00616308 0.000239614 0.000875775 0.0011075 0.0198495 0.231539 0.00318791 0.0212831 0.0175647 2.08958e-05 0.0384843 6.09343e-05 0.00235605 0.175713 0.00974181 0.0436108 0.00575886 0.00439048 0.0862572 1.88748e-06 0.063017 8.42057e-05 
0.0362386 9.13524e-07 0.442061 4.02628e-10 4.95385e-10 8.71451e-07 3.40046e-10 2.22319e-07 0.130447 0.0115265 0.000117852 0.00845088 1.75856e-10 1.50154e-06 0.151174 0.0298773 6.03449e-08 0.0250744 0.0105944 0.00752335 0.00562891 0.0131166 0.0620881 4.28796e-10 0.0660734 4.35205e-06 
0.00753496 7.01937e-07 0.375773 6.1436e-07 7.55895e-07 1.10953e-06 0.0498614 0.0321261 0.206137 6.85408e-08 3.00263e-05 7.4085e-05 0.000318377 7.23477e-07 7.66674e-06 5.20672e-07 1.47483e-07 0.228729 0.00250953 9.07353e-06 0.00527155 0.000114094 0.00843062 6.54289e-07 0.0830395 2.84286e-05 
0.000259696 5.21338e-06 0.647745 7.21939e-08 1.91506e-05 6.94071e-06 0.0031148 1.59024e-06 0.0922073 0.0732519 6.49541e-10 0.00304803 0.0199935 3.99897e-05 0.0319595 1.32675e-06 1.96571e-07 0.0568941 0.000197264 0.000143727 0.000474448 1.17932e-09 0.00816666 0.000299027 0.0385307 0.0236401 
5.38696e-06 5.37981e-06 0.357143 5.38093e-06 0.00484659 5.37458e-06 0.0306835 5.38401e-06 0.102902 5.38791e-06 5.38761e-06 0.00431404 5.38537e-06 5.37953e-06 5.38775e-06 5.38213e-06 5.3869e-06 5.38712e-06 5.38759e-06 5.38665e-06 5.38705e-06 5.38664e-06 0.130402 5.38043e-06 0.344852 0.024761 
0.02761 0.000180014 0.412921 2.51711e-06 8.16328e-08 0.00024691 0.0936813 1.64318e-06 0.0325998 0.0158667 0.000563313 0.00823043 0.00444393 0.000967902 0.0724989 4.03244e-06 3.22966e-06 0.0165712 0.00571195 0.0487108 0.00232092 0.0084424 0.170035 1.1518e-07 0.0783132 7.23763e-05 
0.0014057 3.39039e-08 0.553584 1.72013e-11 2.11641e-11 0.000204267 1.45276e-11 0.00689561 4.2775e-06 9.3884e-05 0.000291969 5.5512e-09 1.13858e-09 2.02564e-11 2.26931e-12 6.76098e-05 7.04967e-09 7.22038e-05 0.00700239 2.95022e-08 0.000199457 0.0121067 0.00721157 1.83193e-11 0.221425 0.189435 
0.0120443 0.00176873 0.418293 1.02867e-06 2.1099e-06 2.41509e-05 0.022213 0.0104733 0.0175101 0.0332201 0.00951462 0.0210831 0.00357018 1.62562e-06 0.169128 0.00270617 0.00330261 0.027297 0.0109457 0.0340643 0.0200539 0.00247002 0.0755426 1.76875e-06 0.0775905 0.0271773 
1.58705e-10 0.000121595 0.660244 1.47596e-07 8.36063e-10 3.0446e-07 0.0122414 4.61697e-06 0.0175879 0.0063538 4.35815e-05 0.0014627 1.48533e-06 8.00207e-10 0.00350167 6.38766e-07 7.0793e-06 3.6039e-05 0.00227224 0.0198978 0.00012662 9.09376e-05 0.0164166 7.23681e-10 0.259585 3.15053e-06 
0.0034126 2.349e-06 0.573933 2.74616e-10 1.66694e-07 3.35289e-06 0.000787194 7.98576e-05 0.000766237 0.000386944 0.00581679 0.000698987 3.84103e-05 3.23391e-10 0.158583 1.02619e-06 4.70441e-05 0.0199748 0.000863557 0.0020731 0.0278861 0.00348636 0.00411064 7.78102e-06 0.197039 1.3699e-06 
0.00014278 3.4333e-07 0.716422 1.73287e-09 2.23047e-08 0.000866677 3.56725e-06 0.00040256 0.150536 0.00640143 0.00024693 0.0116462 0.009042 2.04065e-09 0.00245067 4.48458e-05 4.15993e-10 0.00205987 0.00230486 0.0181666 0.00546489 0.000307927 0.00860239 1.84549e-09 0.0648748 1.28736e-05 
0.0371263 1.08714e-07 0.278843 7.00913e-08 9.66862e-07 4.95339e-08 8.07091e-05 0.0016707 0.0179519 0.033632 0.00891886 0.00094573 0.00286367 6.64267e-10 0.0854666 0.000150559 9.8695e-07 0.0315704 0.0136282 0.00862874 0.113406 0.00309067 0.20968 1.94582e-06 0.152332 1.01883e-05 
0.0145849 7.76987e-07 0.439651 6.80047e-07 4.99964e-05 5.24791e-06 3.12553e-06 0.000439043 0.00306979 0.00469238 5.34363e-06 0.00504023 0.000338225 8.00831e-07 0.111426 0.00351055 1.63252e-07 0.293947 0.020994 0.0355084 0.0245531 0.00628834 0.0190195 0.000743702 0.0161144 1.31837e-05 
0.00228676 3.77038e-11 0.396721 3.29997e-11 4.06021e-11 1.7927e-08 2.38123e-07 1.99963e-11 0.0656463 0.00252218 0.000108596 0.00758914 4.74258e-07 6.99424e-08 0.142735 9.11234e-05 6.0769e-06 0.000484685 0.0614761 0.023811 0.0139771 0.00163723 0.134419 3.51444e-11 0.146487 1.75999e-07 
0.0176185 0.000147756 0.314476 0.00169014 1.32876e-05 0.000620514 6.72357e-05 0.00585194 0.170524 0.00294814 0.00051459 0.00240935 0.00345857 0.00430966 0.0250076 0.00216651 3.81469e-06 0.0389138 0.00423602 0.0079324 0.0332119 0.0141128 0.0853774 1.33498e-07 0.263793 0.00059428 
0.00121997 1.47713e-07 0.544253 5.22708e-08 1.03449e-10 0.000509572 8.86562e-05 0.000179699 0.00185735 0.00670401 3.24923e-05 2.38372e-05 0.0015831 9.90125e-11 0.251389 7.12573e-11 2.0184e-11 0.00186627 4.12558e-05 0.000182405 0.0169782 0.00106252 0.158835 3.73411e-06 0.0131792 9.83945e-06 
0.0223599 2.09111e-06 0.450756 1.83022e-06 0.388246 1.68289e-05 0.000134952 1.10903e-06 0.0120237 0.0801834 2.75371e-07 0.000329477 0.000543048 5.11064e-05 0.00138383 8.6101e-05 1.19136e-05 0.00158429 0.000288752 0.000508081 0.00551059 9.51281e-05 0.0124677 1.94917e-06 0.0224811 0.00093095 
3.53967e-05 0.000207984 0.908422 4.51084e-08 8.63119e-08 8.56002e-06 7.08793e-08 0.000293927 0.00114432 0.00115786 2.12863e-06 0.000942106 2.03428e-05 0.0507335 0.000114651 2.69223e-07 3.49711e-06 0.000283475 0.000762433 0.000266764 0.000155747 0.000209625 0.000442293 3.49357e-11 0.0347878 5.25267e-06 
0.0106265 6.48859e-05 0.427626 4.01391e-08 4.68896e-07 1.48879e-05 9.37728e-05 1.61083e-05 0.00917551 0.0428723 2.50373e-05 0.00469809 0.0163136 0.000212879 0.0143816 0.000115617 0.0534763 0.0778661 0.00277906 0.000646521 0.134834 0.00407574 0.0760056 0.00104863 0.122614 0.000417225 
0.000277864 1.43014e-06 0.604592 1.04438e-10 0.000181904 7.13661e-07 0.162725 0.00217815 0.0010628 0.000663623 0.0419566 0.000313425 6.27018e-05 1.22987e-10 0.0171002 9.86393e-05 6.82718e-05 1.04316e-06 0.00223526 0.0357808 0.00117375 0.0259933 2.04167e-06 1.9784e-06 0.0999876 0.00354081 
0.00102536 1.81393e-06 0.672702 1.58761e-06 9.15488e-05 1.01734e-05 1.34084e-06 0.00647932 0.0206936 0.0215386 0.000237578 0.000284671 0.00196401 1.26312e-05 0.0827987 3.69521e-05 4.26579e-06 0.00674989 0.00598382 0.00520982 0.00231146 0.000292357 0.0710047 1.6908e-06 0.100483 7.95983e-05 
0.00320215 9.77146e-09 0.571242 1.21314e-06 0.0017148 7.41214e-05 0.000909095 0.00183168 0.0110683 0.020453 0.00036618 0.00193077 0.00279408 2.30512e-06 0.126382 0.000939859 4.21515e-06 0.0252726 0.00786807 0.0048551 0.00264651 0.000195194 0.112769 2.9432e-06 0.103348 0.000126574 
0.0504414 1.76682e-07 0.266336 4.98565e-07 0.00151172 0.000153171 0.000186181 0.00108639 0.107506 0.0613715 0.00729815 0.0285414 0.00854462 1.08425e-06 0.0554154 9.5792e-05 0.000262954 0.024374 0.00559184 0.00406544 0.0816228 0.00510998 0.235336 5.15318e-07 0.0551341 1.23861e-05 
2.10499e-05 0.000152311 0.613204 2.36682e-11 1.25066e-08 4.27445e-11 1.60326e-08 0.00195233 0.00261868 0.000963843 0.00494829 0.00076758 5.78577e-05 1.45233e-07 0.0748209 3.58839e-09 3.49058e-06 0.00011953 0.00403433 1.95602e-05 0.00165304 1.07764e-05 0.148476 3.04062e-08 0.146177 1.94028e-08 
0.0165603 0.00328871 0.423094 1.8137e-07 2.45158e-05 9.89768e-06 0.00583296 0.00753172 0.0120496 0.0130711 0.0131904 0.0132403 0.00326249 4.16906e-06 0.136318 8.27172e-05 0.000102328 0.00624682 0.0172031 0.013723 0.0109069 0.00132286 0.186699 8.71354e-05 0.104391 0.0117562 
0.0198028 4.25255e-05 0.232233 8.58569e-10 0.00764178 1.53211e-05 0.00151696 0.0015459 0.00267203 0.0526134 2.60951e-05 0.100204 0.00882884 3.20849e-07 0.226162 4.29536e-06 7.11213e-06 0.0352623 0.0732395 0.0100615 0.142877 0.00176679 0.0753278 2.13067e-06 0.00814614 9.87526e-07 
0.00123799 4.29613e-06 0.693003 4.58492e-09 1.17739e-09 0.0010994 9.05782e-05 0.0283593 0.00122777 0.00224406 0.000696276 0.00101816 0.000214882 7.41341e-08 0.0095897 0.00103894 1.4615e-09 0.00163268 0.000868014 0.000419455 0.00305105 0.000163751 0.0569762 1.3212e-06 0.19694 0.000123201 
0.0214079 0.000441784 0.773511 2.31329e-07 3.99889e-05 4.17779e-07 7.90684e-05 5.93503e-05 0.000430166 0.00326225 0.0211213 0.00454899 0.00147597 2.72416e-07 0.000203058 0.00197718 4.36642e-05 0.000668218 0.00334966 0.00395206 0.0450916 0.0352572 0.0444896 4.36406e-06 0.0385317 5.29306e-05 
0.0126877 1.8665e-05 0.512562 3.0342e-06 0.000546008 2.58351e-07 0.00165315 0.000622611 0.0144174 0.0181891 0.000559336 0.0220798 0.00654283 4.58426e-05 0.0145864 0.00033986 0.000186715 0.257339 0.00501937 0.00486191 0.0294309 0.00251964 0.0621126 5.01934e-06 0.0325264 0.00114534 
0.00532144 4.32043e-05 0.674925 2.01396e-07 0.000104444 5.20453e-08 2.81269e-05 0.000260355 0.00333415 0.00494928 0.000386883 0.000537275 4.37777e-06 1.76775e-08 0.00721742 9.56498e-05 0.000307978 0.00383525 0.000714773 0.0272193 0.00595237 0.000594793 0.0133382 1.59869e-08 0.0475546 0.203274 
1.47914e-11 0.000116834 0.553105 1.01503e-08 7.79217e-11 0.00018852 0.0181022 0.00539918 0.0175618 0.00633899 4.23658e-05 0.00345205 1.01988e-07 7.45799e-11 0.0406697 6.30302e-08 6.47857e-06 3.43631e-05 0.00791712 0.0166884 0.000122048 8.48035e-05 0.0163904 6.74476e-11 0.313138 0.000641032 
0.125909 0.00209884 0.234387 4.90903e-06 0.000147201 1.58782e-05 0.00366971 6.79468e-05 0.138062 0.0079137 0.00280469 0.0509158 0.0107233 5.26627e-06 0.207112 0.000524513 0.0145196 0.0154548 0.00141636 0.000766422 0.0340507 0.00779311 0.113396 3.69786e-06 0.0281776 5.89107e-05 
0.006481 6.04377e-06 0.497986 6.21472e-08 5.2158e-06 1.14558e-05 0.00083958 0.000772009 0.2127 0.00837549 0.00441283 0.0583443 0.0169247 2.57921e-07 0.006306 0.000316579 2.01685e-05 0.00581338 0.000491766 1.05063e-09 0.000439069 0.000391016 0.00969066 2.49458e-07 0.169389 0.000283672 
0.00154875 0.000306809 0.539806 4.77624e-09 0.000228696 0.000436965 0.000580538 0.00910781 0.018487 0.0203755 0.0157386 0.0167952 0.00155676 0.000107443 0.0330212 0.000164837 9.52221e-05 0.0172101 0.00846978 0.00272536 0.00579471 0.00069769 0.154169 1.97602e-11 0.134365 0.0182108 
0.00985508 2.64776e-09 0.23228 0.00132425 3.42324e-06 1.97376e-05 0.0228416 0.00705177 0.035883 0.0244106 0.0171405 0.113308 0.0229893 2.72902e-09 0.0834551 0.000314825 0.000103247 0.0396345 0.130436 0.000157996 0.00266594 0.000119827 0.119943 7.7772e-06 0.135845 0.000210037 
0.00108373 2.22702e-07 0.431689 3.90473e-07 7.96007e-07 0.0018614 0.000100055 4.43832e-05 0.00099192 0.00717612 0.000143367 0.0209494 2.00918e-06 6.51299e-10 0.0217016 0.000410985 6.60022e-05 0.271711 0.00657426 0.0367561 0.058918 0.0375083 0.056526 3.05483e-05 0.0453313 0.000423259 
0.0120815 0.000732783 0.62454 1.5329e-07 8.52037e-05 0.000318804 3.07397e-05 0.00865097 0.0168 0.0161676 0.000747409 0.00330154 0.0011902 0.000589005 0.0749644 0.00276928 6.61964e-06 0.0132822 0.0117385 0.00331464 0.0235821 0.00101701 0.138368 2.03319e-06 0.0456241 9.54774e-05 
0.0189437 1.19996e-05 0.288791 1.91985e-06 0.000104611 0.000112951 0.0250858 0.00188366 0.033591 0.0202648 0.000246631 0.00115728 0.00577919 0.000146705 0.136311 0.00943026 6.42795e-05 0.0069641 0.134872 0.0149824 0.0259908 0.0715185 0.12785 0.000278057 0.0661076 0.00950987 
0.00855397 1.55422e-05 0.376758 1.54272e-08 0.00431651 4.422e-05 4.00754e-05 0.00551435 0.00194726 0.0231876 0.00187472 0.0100939 0.000593125 6.68596e-05 0.347409 2.6411e-05 0.00182739 0.015361 0.0131931 0.0388182 0.00655986 0.0014418 0.0777964 1.25091e-06 0.0644621 9.80461e-05 
0.00395021 7.01897e-07 0.394628 7.62511e-06 0.000428648 7.74412e-05 0.0012056 0.089601 0.00144453 0.00298241 0.0289056 0.00372255 0.00130611 0.00182815 0.0634081 6.67973e-05 4.23156e-05 0.0102642 0.00392651 0.00777676 0.0147536 0.00216795 0.013102 1.76684e-05 0.345556 0.00882975 
0.00825805 0.00222068 0.651904 0.000420589 3.1842e-05 0.000196082 0.00195039 0.00307223 0.0304102 0.0207894 0.0135095 0.0128176 0.00901674 0.00554368 0.0228434 0.0013703 3.24448e-05 0.0183073 0.0183063 0.00544021 0.0166353 0.00462827 0.0767251 2.53337e-06 0.0726622 0.00290546 
0.000774058 0.000650724 0.273473 0.000830335 8.41386e-06 7.67655e-05 0.0181494 0.00790358 0.0935267 0.00285664 0.00151053 0.00314192 0.0627112 1.44167e-06 0.0439541 0.00108216 0.000986258 0.0289581 0.0123694 0.000493652 0.0507734 0.0128072 0.117481 7.79294e-07 0.265162 0.000316763 
0.0322311 2.52176e-08 0.530343 2.20713e-08 0.000834685 2.88709e-06 1.86407e-08 2.52736e-06 0.0414052 1.24756e-06 3.32081e-09 8.33956e-09 0.00122645 3.3102e-05 0.0247246 1.87055e-08 6.50563e-08 0.0156417 0.00693198 0.000123509 0.000936828 6.02935e-09 0.00304196 2.35058e-08 0.330647 0.0118725 
0.00531663 1.29879e-09 0.373608 2.07287e-06 1.39863e-09 9.96527e-07 0.00282556 0.00139574 0.00786053 0.00576782 0.00288182 0.000285762 0.00885955 4.89659e-06 0.0577324 0.00016289 4.19898e-08 0.123158 0.191054 0.00059058 0.00165056 0.00165252 0.19123 1.21063e-09 0.0239595 9.26632e-07 
0.00210949 5.88216e-08 0.743291 5.45978e-11 0.000305862 8.6295e-05 5.77265e-05 0.00218926 0.024774 0.0116026 0.00103549 0.0118543 9.54077e-05 4.15073e-06 0.0551307 1.03872e-06 1.35957e-06 0.0231009 0.0108371 0.00183578 0.00381747 0.000402651 0.0599803 4.5618e-06 0.0474794 2.86864e-06 
0.00101523 3.63657e-06 0.711938 5.23618e-07 0.00552139 3.70572e-05 5.0308e-05 0.000247639 0.0219807 0.025442 0.000541224 0.00204927 0.00535894 2.94269e-07 0.0620159 1.68248e-05 7.30113e-07 0.0256549 0.00293104 0.00530939 0.00512621 0.000912983 0.0888014 2.28907e-09 0.0350385 5.65418e-06 
0.00657584 7.27541e-08 0.371405 1.04557e-10 2.08155e-08 1.28596e-07 0.000152808 0.00546524 0.0021882 0.0120427 0.000311564 0.0075202 0.000798193 1.23127e-10 0.21683 1.71329e-07 3.18389e-09 0.0193944 0.00561616 0.00122253 0.0124843 0.0228991 0.290608 2.32733e-08 0.0244652 2.06846e-05 
0.0123102 9.32261e-07 0.382089 3.93844e-08 3.50177e-06 2.26382e-07 1.57642e-06 7.54857e-07 0.00163758 0.00819217 0.000407731 0.00323665 0.00270226 1.12088e-06 0.086258 0.00129031 1.47306e-05 0.251453 0.00319231 0.0906155 0.0136759 0.0390227 0.0960502 4.39667e-09 0.00715342 0.000690471 
0.001763 1.38496e-09 0.822773 1.21217e-09 6.23449e-07 0.000270416 6.16115e-08 0.000177156 0.14648 7.12003e-05 4.89482e-06 0.000313488 5.92641e-07 0.00223644 0.00210924 1.02732e-09 7.41516e-06 0.000621796 3.2256e-07 9.64554e-05 0.000410152 2.59602e-06 0.00761515 1.29095e-09 0.0150433 2.69528e-06 
0.0607364 0.00107687 0.371498 7.55559e-07 8.35737e-06 2.20613e-09 0.00112955 0.000857228 0.00759134 0.00328619 0.000354567 0.0156511 0.0361162 9.13875e-07 0.0928131 0.00040646 1.32148e-06 0.131153 0.0561529 0.00740326 0.0388801 0.000971944 0.0954332 1.384e-05 0.078216 0.000247622 
0.00531663 1.29879e-09 0.373608 2.07287e-06 1.39863e-09 9.96527e-07 0.00282556 0.00139574 0.00786053 0.00576782 0.00288182 0.000285762 0.00885955 4.89659e-06 0.0577324 0.00016289 4.19898e-08 0.123158 0.191054 0.00059058 0.00165056 0.00165252 0.19123 1.21063e-09 0.0239595 9.26632e-07 
0.00704958 4.83248e-08 0.665536 3.71136e-08 2.79211e-05 0.000405189 0.0218481 0.000238276 0.00889328 0.00793822 0.00715007 0.00792055 0.00504508 1.28477e-05 0.122852 0.000333067 4.67424e-05 0.023901 0.00175185 0.00294816 0.00443149 0.0027681 0.0924143 2.50967e-05 0.0147029 0.00175974 
0.00764539 0.00729017 0.29767 3.46665e-10 4.11394e-07 2.96411e-05 7.34021e-05 0.00134383 0.248167 0.0121756 0.0136874 0.00367203 5.5207e-05 8.55756e-05 0.0148326 0.00234047 7.73775e-05 0.0157769 0.0100673 0.000429262 0.0126912 0.00490504 0.154701 1.82909e-06 0.192001 0.000279582 
0.00991476 1.91741e-05 0.62771 7.86267e-07 4.78162e-08 0.00011989 3.23352e-05 0.000369796 0.0625395 0.00720489 0.000190177 0.000972291 0.000433506 1.20251e-06 0.0372958 0.0173246 2.11221e-06 0.0173908 0.00430979 9.38557e-05 0.00811907 0.00111749 0.147202 5.293e-08 0.0576084 2.73517e-05 
0.00181126 4.25022e-07 0.57162 3.71994e-07 1.38651e-05 1.17281e-05 3.14173e-07 2.25411e-07 0.000128155 0.00030817 1.73885e-06 0.00014989 0.000891812 6.69788e-06 0.0268854 0.276793 5.54539e-07 0.0169229 0.000254771 0.0385903 0.0470377 5.78237e-05 0.0130686 3.96171e-07 0.00538568 5.79255e-05 
0.000348891 0.000791997 0.617482 8.4234e-08 0.00279434 8.06679e-06 6.77668e-06 0.0159727 0.000603817 0.00495902 0.00768252 0.0100594 0.000116549 2.02186e-05 0.0346122 0.0012245 1.37229e-06 0.0136515 0.0108423 0.000294229 0.000177058 8.99043e-05 0.0498292 5.24502e-07 0.227948 0.00048273 
0.00558808 0.000301115 0.6849 9.24185e-07 0.00151534 0.000160114 0.00248603 0.000891091 0.0210943 0.0218612 0.00115366 0.00812605 0.102905 0.00016166 0.0145177 0.000794292 0.000837106 0.0260044 0.00776064 0.00576917 0.0157372 0.00115948 0.0354168 2.26762e-06 0.040223 0.000634027 
3.69717e-09 6.00499e-12 0.990687 5.25578e-12 6.4666e-12 5.07377e-06 5.79411e-09 7.05099e-05 1.486e-09 5.86359e-13 5.36787e-06 3.68154e-09 2.29556e-12 6.18927e-12 0.000234114 4.45429e-12 2.38924e-09 1.10916e-12 8.01039e-13 2.85631e-09 1.16036e-12 8.24012e-10 0.000109898 5.59737e-12 0.00888761 4.76342e-12 
0.0141745 0.0005351 0.442073 0.00117172 0.00129519 0.00143412 0.00190674 0.00253317 0.0507312 0.0249604 0.0231984 0.00613594 0.0304792 0.00162833 0.0228351 0.00177896 0.000494027 0.0174265 0.0166525 0.00473126 0.0133732 0.00413135 0.0664599 3.97795e-05 0.242977 0.00684314 
0.0178492 2.45406e-07 0.474604 2.14788e-07 2.64271e-07 3.87906e-07 0.00231424 0.000676983 0.262382 2.39628e-08 0.000388143 0.0768367 0.00362467 2.52937e-07 0.000183026 1.82034e-07 3.52286e-05 0.0395206 2.31684e-06 0.0128786 6.52494e-05 0.0340377 0.0299305 9.09563e-06 0.0445504 0.000110636 
0.000709346 7.25673e-05 0.557297 4.46394e-11 1.05255e-08 3.55172e-06 1.70236e-06 0.000930599 0.00193224 0.00116199 0.00209238 0.000409924 0.000709251 3.40853e-08 0.199063 8.71231e-09 2.53128e-06 0.000129301 0.00334898 0.00353978 0.00192951 0.000375706 0.146318 2.97831e-07 0.0799532 1.88279e-05 
0.0474134 1.98255e-05 0.371627 2.15555e-07 2.65042e-05 0.000660292 0.000312324 0.00244913 0.0525608 0.0461468 0.000616872 0.00700641 0.0180747 5.94633e-06 0.00455183 0.000824337 6.97368e-05 0.0865796 0.0684081 0.000247582 0.209498 0.00126303 0.0374387 0.000827895 0.0432732 9.7295e-05 
0.00777963 6.22276e-05 0.738171 2.13376e-07 0.001598 6.52877e-05 0.000101087 0.000797428 0.0101545 0.00595486 0.00143359 0.00326195 0.00607083 0.00251455 0.0772686 0.000227741 5.83515e-06 0.0108162 0.00197114 0.0155205 0.0130158 0.00789651 0.0601144 1.07437e-07 0.0332399 0.00195816 
0.00108224 8.06599e-05 0.328686 4.98826e-05 1.24297e-08 1.31294e-06 0.000644754 0.00146802 0.00753183 0.0237038 0.00265765 0.000110168 0.0206004 6.4635e-10 0.000724125 3.95959e-05 4.59656e-09 0.000813463 0.00192248 0.000317427 0.0795747 0.00486635 0.0973774 3.16002e-06 0.281516 0.146228 
0.0139254 0.0042445 0.679405 0.0336252 0.00051894 3.39796e-05 0.000576372 9.43807e-05 0.0248836 0.00574729 0.00155675 0.00265498 0.000185917 2.48083e-06 0.0082503 6.71658e-10 3.26935e-06 0.00230734 0.00909997 0.000289351 0.00155531 0.000119506 0.0027112 1.12821e-07 0.208185 2.34529e-05 
0.00125749 6.24602e-05 0.43697 0.000220994 3.73491e-07 0.000492654 0.0030948 0.000101769 0.309111 0.00893971 0.000483142 0.00279871 0.02341 5.67196e-06 0.0151853 5.24669e-05 1.32542e-05 0.0143208 0.0191089 0.00265421 0.0249628 0.000207872 0.049463 1.46995e-08 0.0868421 0.000240357 
0.0147425 0.00271901 0.424855 7.15799e-09 0.0379359 2.18762e-05 0.000514632 0.00013184 0.0111375 0.0378582 0.0407687 0.0272811 0.00639729 6.03981e-05 0.00627514 7.04193e-05 0.00192942 0.0304809 0.0152917 0.00612103 0.00468452 0.00139187 0.0732597 1.49242e-06 0.229425 0.0266452 
0.00120649 0.0302281 0.6103 1.09941e-06 8.68043e-06 3.50645e-07 0.00171771 1.83177e-05 0.0537222 0.0412286 0.000337152 0.0107466 0.0156034 6.10552e-06 0.0736799 0.00101065 0.000234369 0.0180987 0.0032222 0.00102668 0.00100791 0.00516487 0.01094 2.37686e-07 0.12049 2.18301e-07 
