0.0140632 5.69003e-05 0.649763 1.18681e-08 1.1259e-05 0.000111452 0.00225074 0.00288233 0.0703111 0.00193615 0.000276083 0.0510955 0.00595385 1.2322e-06 0.0547392 0.00451323 0.000150863 0.0220571 0.00440829 0.0129856 0.0115582 0.00155578 0.0441942 6.19053e-06 0.0447184 0.00039984 
0.00786868 8.16413e-05 0.225176 5.77942e-08 0.000217799 0.000110819 0.000229346 0.202769 0.0197839 0.0536291 0.191017 0.0218325 0.000234643 0.017871 0.00207771 2.34746e-05 4.80851e-05 0.0101352 0.0125324 0.00748458 0.00364715 0.0103273 0.00345079 3.58223e-05 0.209342 7.35629e-05 
0.000841082 1.89748e-07 0.738624 9.19241e-05 2.04334e-07 2.9993e-07 4.66376e-05 0.00122825 0.0441022 0.000104947 1.40556e-06 0.00237001 0.000436913 1.95571e-07 2.19097e-08 1.40749e-07 3.98679e-08 0.0533833 0.00274756 0.000303307 0.00596317 0.000969351 0.0191892 1.76868e-07 0.128968 0.00062774 
0.00395175 0.000103276 0.446011 9.28455e-09 1.14235e-08 6.46589e-06 6.16264e-05 0.0378771 0.00339901 0.0040504 0.00141864 0.000102342 0.0277626 0.000190685 0.0353512 0.0108465 1.30182e-07 0.0400484 0.0140135 9.11888e-07 0.00102107 0.00108459 0.167113 9.88798e-09 0.205584 1.99273e-06 
0.00228676 3.77038e-11 0.396721 3.29997e-11 4.06021e-11 1.7927e-08 2.38123e-07 1.99963e-11 0.0656463 0.00252218 0.000108596 0.00758914 4.74258e-07 6.99424e-08 0.142735 9.11234e-05 6.0769e-06 0.000484685 0.0614761 0.023811 0.0139771 0.00163723 0.134419 3.51444e-11 0.146487 1.75999e-07 
0.00722865 1.02881e-11 0.655937 9.00455e-12 0.000898533 1.43996e-05 0.000166721 0.000198613 0.0136391 0.0256327 0.00103539 0.0174207 0.000170303 8.84191e-09 0.0839548 5.08599e-07 3.00697e-06 0.0257206 0.0110525 0.00660706 0.008474 0.00101241 0.051375 1.62518e-05 0.0894419 2.7254e-08 
0.0193299 1.62508e-05 0.482412 3.34517e-06 7.80889e-07 0.00016366 3.13178e-05 0.0966306 0.0409821 0.00781584 0.00067649 0.00218236 0.0187519 0.000296341 0.0304821 8.74666e-05 1.36795e-08 0.0619181 0.0145118 0.00103964 0.00681765 0.00388225 0.0551179 1.88932e-06 0.156847 1.7079e-06 
0.000557199 5.53855e-08 0.971011 4.84754e-08 1.32911e-06 0.000514285 2.13901e-05 0.00100205 0.000394239 5.40813e-09 0.000446212 7.569e-05 0.00427929 5.70851e-08 0.00193351 0.00015027 1.63309e-08 0.00411559 0.00173331 1.31929e-06 0.000167144 2.48905e-06 0.00598075 5.16259e-08 0.00761218 4.39342e-08 
0.0101327 8.52154e-08 0.57322 2.80162e-08 0.000479682 0.000741368 2.47608e-05 0.0010987 0.000316632 0.0026369 0.000332296 0.00129275 0.0012566 2.6613e-06 0.174486 5.65025e-05 1.24349e-07 0.140866 0.00344437 0.00173257 0.017251 0.00028773 0.0288998 1.00588e-07 0.0403572 0.00108249 
0.0122627 2.42322e-06 0.308369 9.27822e-09 1.14157e-08 1.6777e-05 0.0294395 0.00396927 0.148885 0.0210606 1.0918e-05 0.0103334 0.03922 9.30146e-06 0.0110332 0.000567974 2.22663e-06 0.153878 0.0267545 0.042634 0.000728127 0.00793698 0.0592799 4.28027e-07 0.123605 1.79709e-06 
0.00608707 0.00499577 0.368454 0.0111765 6.69125e-05 4.50849e-05 2.14268e-05 0.00202933 0.00357256 0.0137762 3.58291e-08 0.121665 0.00103903 2.80429e-07 0.0169322 8.54781e-05 5.71664e-08 0.00203947 0.107117 0.000103593 0.00256932 0.00523069 0.0826962 2.25608e-05 0.246145 0.00412908 
0.00765052 0.000180489 0.239852 3.16026e-06 0.000141167 2.22391e-05 0.116306 0.00157123 0.00969316 0.22426 0.00371556 0.0211376 0.0156348 3.68339e-05 0.0546678 7.37813e-05 0.00129449 0.0218685 0.022003 0.0853154 0.00387739 0.00686796 0.0839731 3.62083e-06 0.0736164 0.00623406 
0.00581076 0.000406176 0.289904 6.17088e-09 3.89769e-07 3.25844e-06 0.0427993 0.00343653 0.0100698 0.00993539 0.0398399 0.000776323 0.00995345 0.00184723 0.0469592 0.00010864 1.06001e-06 0.0044825 0.00855477 0.00212878 0.00190697 0.155 0.0172979 0.000365278 0.250101 0.0983107 
0.25277 3.68489e-10 0.543175 1.77415e-06 3.96815e-10 5.8246e-10 2.72385e-10 1.53609e-05 0.00989825 0.0210709 5.96905e-07 0.00520755 1.40865e-10 3.79797e-10 4.25484e-11 4.23395e-05 7.7423e-11 0.0030393 3.83457e-07 9.78752e-07 2.84112e-06 0.0597334 0.0227109 3.43476e-10 0.0823306 2.92302e-10 
0.0101242 9.16871e-11 0.233703 8.02478e-11 6.4988e-05 0.000657208 2.36272e-08 0.0122798 0.037235 0.000690778 0.00214781 0.000860443 6.12373e-08 2.6419e-07 0.21607 7.4143e-08 4.918e-05 0.0238021 0.00640269 0.0154468 0.00872734 0.00339331 0.194605 2.14741e-08 0.170298 0.0634425 
7.86861e-06 3.8493e-05 0.995263 3.36905e-05 4.1452e-05 6.08448e-05 2.84538e-05 2.04149e-05 0.00189064 3.75866e-06 5.069e-06 0.00240183 1.4715e-05 3.96743e-05 4.44468e-06 2.85528e-05 8.08775e-06 7.10993e-06 5.1348e-06 9.21018e-06 7.43813e-06 9.2034e-06 2.13526e-06 3.58801e-05 2.3793e-06 3.05343e-05 
0.00435596 2.20731e-09 0.297139 1.93192e-09 0.000157169 6.28249e-06 0.000135627 0.00382615 0.000236423 0.0381999 0.00249137 0.00489778 0.000775113 1.27216e-06 0.202962 2.19852e-05 1.54447e-07 0.036043 0.053356 0.00092094 0.0796551 0.00176901 0.188297 7.85744e-07 0.0843205 0.000431173 
0.00424769 4.39988e-05 0.436389 8.71777e-11 8.69425e-05 0.000111573 0.00033837 0.00362353 0.000442796 0.0142713 0.00196807 0.00346469 0.000478556 3.49853e-06 0.158879 6.84632e-08 1.6094e-05 0.0365933 0.00482567 0.0161832 0.0213984 0.00117655 0.207335 3.19791e-08 0.0879778 0.000144849 
0.013613 8.11876e-05 0.724155 0.00402344 0.000589965 0.000112348 0.000415613 0.00425403 0.0304284 0.00448083 0.0110976 0.00648685 0.00305593 0.00133578 0.00707626 0.00125036 4.42483e-05 0.0152014 0.00756101 0.000170165 0.00980693 0.0167318 0.057719 5.52604e-08 0.0800489 0.000259494 
0.0196406 9.89711e-08 0.608544 3.74482e-10 9.01489e-06 0.000982341 8.97789e-06 1.59623e-06 0.0244461 0.00225792 0.000161491 0.0010162 0.00351698 4.40994e-10 0.0182029 0.00124508 8.58191e-06 0.0141584 0.00733007 0.00126686 0.0115045 0.0219343 0.00201548 8.7296e-09 0.26168 6.91335e-05 
0.0318965 0.0038251 0.676574 0.000391052 1.61513e-06 2.34703e-06 0.000325232 0.00115042 0.0923691 0.00221666 0.00206747 0.00109084 0.000277898 0.00134403 0.00839209 0.000653093 6.42381e-05 0.0020606 0.00125809 0.000348614 6.88346e-05 0.000348055 0.0299181 5.01391e-06 0.143013 0.000337852 
2.13664e-05 0.000109975 0.611903 5.79357e-11 3.26288e-08 0.000176021 0.000156168 0.0289085 0.00126273 2.73029e-07 0.00644783 0.000286019 2.53045e-11 6.82257e-11 0.0262896 5.70164e-08 4.08808e-06 5.12682e-05 0.00035553 0.000108943 1.4123e-07 6.2118e-06 0.0149434 8.15971e-09 0.308939 3.01328e-05 
0.00759067 3.84321e-06 0.453811 3.13234e-11 3.85397e-11 8.89439e-06 0.00103424 0.000911852 0.0155626 0.00489177 0.000233766 0.00268167 0.000742967 3.59379e-07 0.168901 0.000209536 8.61635e-06 0.00517194 0.0151669 0.118402 0.00290209 0.00430149 0.143583 2.95255e-06 0.0537659 0.000110856 
0.0395128 6.38426e-06 0.312485 2.23226e-09 5.42318e-05 2.70942e-07 8.84364e-05 0.00109873 0.0979568 0.0119813 0.000106837 0.0107538 0.00381272 2.62873e-09 0.132196 0.00088124 1.53546e-07 0.0471464 0.05863 0.00475653 0.0419704 0.00350883 0.162423 4.77544e-07 0.0706298 2.60456e-07 
0.0121877 0.000387661 0.622597 2.3392e-06 2.39952e-06 0.000295092 0.000108612 0.00151964 0.0236565 0.0270851 0.0131419 0.00979764 0.0141254 9.18362e-06 0.0141767 0.0011545 7.95444e-06 0.0302769 0.0197907 0.00134869 0.0105331 0.00264064 0.100198 4.77214e-06 0.0910843 0.00386757 
0.00126549 4.18729e-05 0.501123 6.28535e-09 2.77204e-06 0.000183788 9.47375e-05 0.0459672 0.00190372 0.00215843 0.0151533 6.57849e-05 9.86241e-05 1.16509e-07 0.0444418 0.00101077 9.07227e-07 0.00227364 0.00299426 0.000339559 0.00285386 0.000349445 0.119632 1.77554e-06 0.258018 2.54529e-05 
3.20284e-05 3.19858e-05 0.227422 3.19925e-05 3.19817e-05 3.19548e-05 0.124831 3.20108e-05 0.105731 3.2034e-05 3.20322e-05 3.20216e-05 3.20189e-05 3.19842e-05 3.20331e-05 3.19997e-05 3.2028e-05 0.217831 0.0737061 0.195394 3.20289e-05 0.0544769 3.20362e-05 3.19895e-05 3.20361e-05 3.19969e-05 
5.64932e-05 0.0005289 0.657611 4.45118e-10 3.92109e-08 0.000753986 0.000526112 0.0284275 0.0532226 0.000952066 0.0309754 0.000994995 0.000243495 5.24176e-10 0.00684902 0.00024318 2.19583e-06 0.000760768 0.000575054 4.9373e-05 6.55e-05 0.000101109 0.00367635 9.51461e-07 0.211543 0.00184146 
0.0591264 0.00276598 0.323395 2.47891e-06 0.00125546 0.000345831 0.0935831 1.58239e-06 0.00235799 0.0398827 0.000562622 0.0120921 0.00444308 0.000961994 0.0383972 3.99029e-06 3.21034e-06 0.0207243 0.00742677 0.0632354 0.00315339 0.00281836 0.217994 1.07432e-07 0.105336 0.000130698 
0.102831 5.82703e-08 0.721794 5.10002e-08 6.27495e-08 3.18e-05 4.3073e-08 1.13789e-05 6.81871e-06 6.67984e-05 2.23066e-06 2.35191e-06 2.06717e-06 5.67394e-05 0.0385452 4.32229e-08 2.93226e-07 0.0160578 0.0727295 0.00539723 1.09858e-06 0.0117205 0.00262807 5.43149e-08 0.0281152 4.62225e-08 
2.17571e-06 1.41971e-10 0.825305 1.24258e-10 2.0327e-07 3.30787e-05 7.57925e-08 6.70593e-05 0.0443296 1.65023e-06 2.10944e-06 0.0215525 0.000130973 1.46328e-10 0.0422965 4.08946e-06 2.98295e-11 0.0322126 0.00430256 0.00337584 0.00060844 1.09396e-06 0.0108811 1.2069e-07 0.0148928 1.58932e-08 
0.129808 0.000624019 0.341454 4.91522e-09 0.000979907 6.59341e-06 0.000437102 0.00447065 0.0398154 0.0859458 0.00283465 0.00333215 0.00177992 6.18461e-05 0.229838 0.00265489 0.000456057 0.00952413 0.0185214 0.00429966 0.0134796 0.0132625 0.0612724 5.35885e-05 0.0348218 0.000265562 
0.00336322 0.000288602 0.479226 2.1896e-11 0.00134049 1.46443e-07 0.00103743 0.000419988 0.00345537 0.00502599 0.00021146 1.21354e-06 0.000355945 2.57849e-11 0.0198612 1.85569e-11 5.25635e-12 8.29952e-08 0.00853233 2.52124e-07 0.00274684 6.63358e-05 0.00522838 2.26346e-08 0.468839 7.27744e-08 
6.95047e-05 3.08849e-07 0.379129 2.70315e-07 3.3259e-07 4.88188e-07 0.000723105 1.87627e-05 0.346117 5.10751e-05 0.0151527 0.0136765 0.108646 0.000535812 1.41136e-05 6.19796e-05 0.000154488 0.0154219 5.48663e-05 0.00014561 0.00546384 1.24551e-05 2.09431e-05 4.25938e-06 0.114279 0.000245723 
2.63319e-06 2.99367e-06 0.791801 1.59533e-06 1.40104e-09 2.0565e-09 9.61713e-10 3.8647e-06 0.0382092 0.0264923 1.71328e-10 2.40986e-06 4.97353e-10 1.34096e-09 1.50226e-10 9.65059e-10 2.73358e-10 4.30177e-06 1.73552e-10 3.11296e-10 2.51402e-10 3.11067e-10 0.022242 1.21272e-09 0.121235 3.09713e-06 
0.00204185 0.000337195 0.208037 7.22727e-07 1.17418e-05 3.21021e-07 0.000239802 0.000554651 0.0185866 0.0360892 0.0162256 0.171582 0.045817 2.52826e-07 0.000773398 0.000999825 0.0322134 0.153323 0.000591715 0.205798 0.00468544 0.0156013 0.0600375 2.12414e-05 0.0251276 0.0013033 
0.131338 4.52214e-05 0.24949 0.11985 0.000875765 3.66018e-06 0.000282923 0.000138249 0.0114094 0.047452 0.000887898 0.00203549 0.0248359 2.15202e-05 0.00320856 0.000179371 1.31124e-05 0.193014 0.00222538 0.00349635 0.0960117 0.00174443 0.0665425 1.78648e-05 0.0428694 0.00201105 
0.00438433 0.000733291 0.273304 4.74299e-07 0.000505597 0.000984956 0.00211118 0.00944935 0.150809 0.0397654 0.00658781 0.00718978 0.00118311 0.00311137 0.00931579 0.0612946 4.74027e-05 0.0099752 0.080831 0.0034331 0.00378362 0.0185796 0.027476 5.98959e-06 0.255602 0.0295362 
0.00441936 2.32364e-05 0.519317 1.01172e-06 0.000136488 0.000135475 0.00104212 0.00228826 0.0667015 0.082746 0.00300222 0.00368436 0.0376555 2.29218e-07 0.00712511 3.33334e-05 1.00575e-06 0.0264914 0.00879396 0.000258794 0.0109998 0.000801522 0.129782 1.59389e-06 0.0940064 0.000552136 
0.00303203 4.21198e-07 0.382219 6.38988e-10 0.00949998 0.000153908 4.06878e-05 0.00414761 0.00550737 0.0324615 0.00160498 0.000735965 0.0102957 6.74643e-08 0.213522 0.00015383 1.32032e-05 0.108963 0.00360337 0.00105722 0.0131084 0.00065675 0.182408 6.80518e-10 0.0267885 2.70466e-05 
0.00236662 0.000272564 0.342926 1.73167e-05 0.00138964 0.00428282 0.000106998 0.000276357 0.00652963 0.127115 0.000905337 0.00345048 0.000384547 0.0953952 0.0962794 0.00668301 0.000257186 0.0171526 0.0563285 0.00184389 0.0206821 0.00632589 0.107505 3.03791e-09 0.100204 0.00131986 
8.03607e-05 2.82237e-05 0.628855 9.23696e-08 1.25628e-06 0.000644451 1.34276e-05 0.0169231 0.0586424 0.00801553 0.0164839 0.000976293 1.85295e-06 1.08776e-07 0.014662 5.21004e-07 2.21743e-08 0.00135233 0.000829045 0.00126781 0.000656237 2.52331e-08 0.0145146 1.72965e-05 0.229853 0.0061812 
0.0196406 9.89711e-08 0.608544 3.74482e-10 9.01489e-06 0.000982341 8.97789e-06 1.59623e-06 0.0244461 0.00225792 0.000161491 0.0010162 0.00351698 4.40994e-10 0.0182029 0.00124508 8.58191e-06 0.0141584 0.00733007 0.00126686 0.0115045 0.0219343 0.00201548 8.7296e-09 0.26168 6.91335e-05 
0.0277323 2.9759e-07 0.320481 7.99736e-06 5.2037e-10 1.90851e-07 1.13082e-07 0.105336 0.0326779 0.000772028 1.2125e-06 8.39999e-07 0.00181688 0.00101912 0.000817061 0.000618404 1.0153e-10 0.0111906 0.0776187 5.68823e-07 0.0354712 0.0125568 0.0625469 0.000487317 0.308846 3.83315e-10 
0.0161688 0.00199494 0.275173 1.61638e-05 0.00141232 3.78609e-05 2.70212e-05 6.23015e-06 0.171312 0.138813 0.00175896 0.00061828 0.027237 0.00428695 0.0024161 0.00207957 1.44537e-06 0.0705783 0.0929207 0.05381 0.00243393 0.0172619 0.00933314 2.27111e-06 0.110298 2.39101e-06 
0.000430738 3.0206e-06 0.809108 2.76424e-08 2.20567e-05 2.26236e-06 3.31151e-05 6.22131e-07 0.0093624 0.00815466 1.61269e-10 0.00506328 2.75415e-06 2.31806e-05 0.0532475 5.18838e-07 7.67998e-08 0.00477271 9.67155e-05 0.000237184 0.000785796 2.92804e-10 0.0136032 1.1747e-05 0.0642018 0.0308368 
0.0675704 4.35871e-05 0.301393 4.67179e-09 1.22703e-06 1.24969e-07 0.000130723 0.00384612 0.0523118 0.00249213 0.00149412 0.00102301 0.00367425 0.000674046 0.103131 3.21291e-05 3.51925e-06 0.0270375 0.0296553 0.0117812 0.0224804 0.00100123 0.0707416 1.79345e-07 0.288261 0.0112203 
0.00123006 0.00116937 0.31503 0.00281025 1.97143e-10 2.89374e-10 0.00868063 0.000140865 0.136593 0.205606 2.25601e-06 0.0220979 0.0638212 1.88688e-10 0.00400957 0.00036061 0.00069276 0.153627 0.00128224 7.88293e-09 0.0222294 0.00816167 0.0310097 1.70644e-10 0.0210963 0.000349141 
0.000995227 9.61332e-05 0.219745 9.09679e-08 0.000166946 8.92306e-07 0.00792295 0.00287618 0.137433 0.049626 0.0015933 0.0909486 0.00519778 8.44444e-06 0.0384058 0.000487799 0.00308547 0.104008 0.0823111 0.0987032 0.00707378 0.0380435 0.0677795 8.60545e-06 0.0433233 0.000159887 
0.00296406 1.9621e-07 0.96263 1.7173e-07 2.11292e-07 3.10143e-07 0.00102991 0.00502621 0.00186905 0.000521143 0.000671814 0.00115506 0.000637627 2.02231e-07 0.00457195 0.00205228 4.12255e-08 0.000815466 0.00202847 0.000530546 3.79142e-08 0.00187654 0.00301162 7.33388e-05 0.00641686 0.00211689 
0.00350496 0.000402976 0.498163 1.96669e-07 2.17084e-05 1.5052e-05 0.00747591 0.000492714 0.148863 0.0142492 1.29915e-05 0.0149277 0.0127312 2.44348e-06 0.101513 0.000448845 6.58211e-05 0.0185369 0.0108685 0.000461243 0.0120549 0.00368785 0.0532734 2.80068e-06 0.0980732 0.000149649 
0.0141889 0.000113994 0.213073 1.7493e-06 0.00185595 0.00226761 0.0119092 0.00373761 0.100985 0.0426934 0.0180192 0.00794034 0.0127085 4.98963e-05 0.179538 0.00225475 5.73955e-05 0.0706821 0.018491 0.0164716 0.0223631 0.0112004 0.199658 2.40876e-05 0.0495283 0.000185817 
0.000199204 5.54807e-05 0.393607 6.957e-11 0.0140353 0.000357772 0.000314782 0.00140109 0.00288583 0.0230125 0.0717975 0.00116471 0.00669819 0.00293584 0.000868798 0.000473438 1.38543e-08 0.000612401 0.00451685 2.12065e-07 0.00195173 0.000218611 0.161055 4.33761e-08 0.311624 0.000212995 
0.00766065 4.37185e-07 0.810993 2.75484e-10 3.3895e-10 5.30514e-06 0.000532906 0.000177468 0.00200794 4.15756e-07 0.0055593 6.86963e-06 1.6732e-06 3.24413e-10 0.00550142 2.33474e-10 2.78192e-06 0.00939187 0.000629987 2.48921e-06 0.000559833 0.000439247 0.00339153 2.93389e-10 0.153132 2.89637e-06 
0.021171 4.0213e-05 0.604791 1.65334e-08 1.94966e-06 1.85231e-05 7.93394e-05 0.00121213 0.0203725 0.00161784 0.014273 0.00799703 0.00703593 0.00202049 0.0383729 0.0020369 3.29937e-06 0.00942518 0.00593444 0.000156161 0.0112657 0.00309262 0.158907 2.47254e-07 0.0897174 0.000457388 
0.0207621 4.92706e-05 0.247881 4.28772e-08 0.00616308 0.000239614 0.000875775 0.0011075 0.0198495 0.231539 0.00318791 0.0212831 0.0175647 2.08958e-05 0.0384843 6.09343e-05 0.00235605 0.175713 0.00974181 0.0436108 0.00575886 0.00439048 0.0862572 1.88748e-06 0.063017 8.42057e-05 
0.051376 1.40492e-05 0.455138 5.19607e-08 1.18616e-05 0.0362055 0.000838909 0.0195621 0.00369858 0.000660755 0.0388187 0.000370464 0.000290995 6.11895e-08 0.00812013 3.15531e-06 0.000302209 0.0725309 0.0177043 0.00728734 0.00297748 0.00121562 0.00695774 5.53378e-08 0.275756 0.000159112 
0.0362386 9.13524e-07 0.442061 4.02628e-10 4.95385e-10 8.71451e-07 3.40046e-10 2.22319e-07 0.130447 0.0115265 0.000117852 0.00845088 1.75856e-10 1.50154e-06 0.151174 0.0298773 6.03449e-08 0.0250744 0.0105944 0.00752335 0.00562891 0.0131166 0.0620881 4.28796e-10 0.0660734 4.35205e-06 
0.00753496 7.01937e-07 0.375773 6.1436e-07 7.55895e-07 1.10953e-06 0.0498614 0.0321261 0.206137 6.85408e-08 3.00263e-05 7.4085e-05 0.000318377 7.23477e-07 7.66674e-06 5.20672e-07 1.47483e-07 0.228729 0.00250953 9.07353e-06 0.00527155 0.000114094 0.00843062 6.54289e-07 0.0830395 2.84286e-05 
5.38696e-06 5.37981e-06 0.357143 5.38093e-06 0.00484659 5.37458e-06 0.0306835 5.38401e-06 0.102902 5.38791e-06 5.38761e-06 0.00431404 5.38537e-06 5.37953e-06 5.38775e-06 5.38213e-06 5.3869e-06 5.38712e-06 5.38759e-06 5.38665e-06 5.38705e-06 5.38664e-06 0.130402 5.38043e-06 0.344852 0.024761 
0.000273485 0.000733522 0.881095 3.9453e-06 0.000134272 1.01547e-05 0.00304716 0.00148344 0.00643702 0.0025639 5.21033e-06 0.0054655 0.000929551 1.52431e-05 0.0242798 2.16075e-05 7.10454e-05 0.000178024 0.000670846 0.000321516 0.00267842 0.000807298 0.0094175 1.66628e-05 0.0592701 6.95015e-05 
0.00108224 8.06599e-05 0.328686 4.98826e-05 1.24297e-08 1.31294e-06 0.000644754 0.00146802 0.00753183 0.0237038 0.00265765 0.000110168 0.0206004 6.4635e-10 0.000724125 3.95959e-05 4.59656e-09 0.000813463 0.00192248 0.000317427 0.0795747 0.00486635 0.0973774 3.16002e-06 0.281516 0.146228 
0.0120443 0.00176873 0.418293 1.02867e-06 2.1099e-06 2.41509e-05 0.022213 0.0104733 0.0175101 0.0332201 0.00951462 0.0210831 0.00357018 1.62562e-06 0.169128 0.00270617 0.00330261 0.027297 0.0109457 0.0340643 0.0200539 0.00247002 0.0755426 1.76875e-06 0.0775905 0.0271773 
0.0145849 7.76987e-07 0.439651 6.80047e-07 4.99964e-05 5.24791e-06 3.12553e-06 0.000439043 0.00306979 0.00469238 5.34363e-06 0.00504023 0.000338225 8.00831e-07 0.111426 0.00351055 1.63252e-07 0.293947 0.020994 0.0355084 0.0245531 0.00628834 0.0190195 0.000743702 0.0161144 1.31837e-05 
0.00228676 3.77038e-11 0.396721 3.29997e-11 4.06021e-11 1.7927e-08 2.38123e-07 1.99963e-11 0.0656463 0.00252218 0.000108596 0.00758914 4.74258e-07 6.99424e-08 0.142735 9.11234e-05 6.0769e-06 0.000484685 0.0614761 0.023811 0.0139771 0.00163723 0.134419 3.51444e-11 0.146487 1.75999e-07 
0.25277 3.68489e-10 0.543175 1.77415e-06 3.96815e-10 5.8246e-10 2.72385e-10 1.53609e-05 0.00989825 0.0210709 5.96905e-07 0.00520755 1.40865e-10 3.79797e-10 4.25484e-11 4.23395e-05 7.7423e-11 0.0030393 3.83457e-07 9.78752e-07 2.84112e-06 0.0597334 0.0227109 3.43476e-10 0.0823306 2.92302e-10 
0.0176185 0.000147756 0.314476 0.00169014 1.32876e-05 0.000620514 6.72357e-05 0.00585194 0.170524 0.00294814 0.00051459 0.00240935 0.00345857 0.00430966 0.0250076 0.00216651 3.81469e-06 0.0389138 0.00423602 0.0079324 0.0332119 0.0141128 0.0853774 1.33498e-07 0.263793 0.00059428 
0.00121997 1.47713e-07 0.544253 5.22708e-08 1.03449e-10 0.000509572 8.86562e-05 0.000179699 0.00185735 0.00670401 3.24923e-05 2.38372e-05 0.0015831 9.90125e-11 0.251389 7.12573e-11 2.0184e-11 0.00186627 4.12558e-05 0.000182405 0.0169782 0.00106252 0.158835 3.73411e-06 0.0131792 9.83945e-06 
0.0223599 2.09111e-06 0.450756 1.83022e-06 0.388246 1.68289e-05 0.000134952 1.10903e-06 0.0120237 0.0801834 2.75371e-07 0.000329477 0.000543048 5.11064e-05 0.00138383 8.6101e-05 1.19136e-05 0.00158429 0.000288752 0.000508081 0.00551059 9.51281e-05 0.0124677 1.94917e-06 0.0224811 0.00093095 
6.30066e-06 9.68584e-08 0.80489 8.47739e-08 7.73869e-06 2.09404e-05 4.67195e-05 0.0014447 0.112367 0.0111396 0.000580542 0.0116799 0.00908377 8.61372e-05 0.00357789 7.18462e-08 6.0031e-06 9.68842e-05 0.00315668 2.31752e-08 0.000636435 0.00288924 0.00401421 2.87339e-06 0.0321047 0.00216091 
0.016541 6.31698e-06 0.437388 4.51776e-10 5.25569e-06 0.000596391 5.22065e-06 7.86653e-05 0.0165053 0.00605413 0.000279392 0.0019603 0.00233795 5.32017e-10 0.0260538 0.0019849 4.9601e-06 0.0198371 0.0122746 0.00268456 0.0151158 0.0167995 0.0197823 5.95056e-09 0.403572 0.000132464 
0.00102536 1.81393e-06 0.672702 1.58761e-06 9.15488e-05 1.01734e-05 1.34084e-06 0.00647932 0.0206936 0.0215386 0.000237578 0.000284671 0.00196401 1.26312e-05 0.0827987 3.69521e-05 4.26579e-06 0.00674989 0.00598382 0.00520982 0.00231146 0.000292357 0.0710047 1.6908e-06 0.100483 7.95983e-05 
0.00320215 9.77146e-09 0.571242 1.21314e-06 0.0017148 7.41214e-05 0.000909095 0.00183168 0.0110683 0.020453 0.00036618 0.00193077 0.00279408 2.30512e-06 0.126382 0.000939859 4.21515e-06 0.0252726 0.00786807 0.0048551 0.00264651 0.000195194 0.112769 2.9432e-06 0.103348 0.000126574 
0.00236348 9.77006e-06 0.252619 2.63401e-05 0.0351137 0.000350113 0.0181922 0.00525918 0.0348045 0.0437368 0.0059711 0.0723482 0.0036556 4.21577e-08 0.0933451 0.00467671 0.000211508 0.0533645 0.03456 0.00393557 0.024394 0.00104131 0.077568 4.2752e-09 0.23034 0.00211298 
2.10499e-05 0.000152311 0.613204 2.36682e-11 1.25066e-08 4.27445e-11 1.60326e-08 0.00195233 0.00261868 0.000963843 0.00494829 0.00076758 5.78577e-05 1.45233e-07 0.0748209 3.58839e-09 3.49058e-06 0.00011953 0.00403433 1.95602e-05 0.00165304 1.07764e-05 0.148476 3.04062e-08 0.146177 1.94028e-08 
0.0165603 0.00328871 0.423094 1.8137e-07 2.45158e-05 9.89768e-06 0.00583296 0.00753172 0.0120496 0.0130711 0.0131904 0.0132403 0.00326249 4.16906e-06 0.136318 8.27172e-05 0.000102328 0.00624682 0.0172031 0.013723 0.0109069 0.00132286 0.186699 8.71354e-05 0.104391 0.0117562 
0.0198028 4.25255e-05 0.232233 8.58569e-10 0.00764178 1.53211e-05 0.00151696 0.0015459 0.00267203 0.0526134 2.60951e-05 0.100204 0.00882884 3.20849e-07 0.226162 4.29536e-06 7.11213e-06 0.0352623 0.0732395 0.0100615 0.142877 0.00176679 0.0753278 2.13067e-06 0.00814614 9.87526e-07 
0.00123799 4.29613e-06 0.693003 4.58492e-09 1.17739e-09 0.0010994 9.05782e-05 0.0283593 0.00122777 0.00224406 0.000696276 0.00101816 0.000214882 7.41341e-08 0.0095897 0.00103894 1.4615e-09 0.00163268 0.000868014 0.000419455 0.00305105 0.000163751 0.0569762 1.3212e-06 0.19694 0.000123201 
0.0126877 1.8665e-05 0.512562 3.0342e-06 0.000546008 2.58351e-07 0.00165315 0.000622611 0.0144174 0.0181891 0.000559336 0.0220798 0.00654283 4.58426e-05 0.0145864 0.00033986 0.000186715 0.257339 0.00501937 0.00486191 0.0294309 0.00251964 0.0621126 5.01934e-06 0.0325264 0.00114534 
0.0463562 6.5015e-11 0.224445 5.15243e-08 0.000378957 0.000461193 3.97853e-05 0.0666957 0.000490198 0.0381174 0.0442478 0.00366966 0.00116923 0.000158735 0.151688 0.00269675 3.96983e-07 0.00419527 0.0503149 0.00911281 0.0121432 0.0402322 0.0847986 3.30835e-06 0.218493 9.13241e-05 
0.00532144 4.32043e-05 0.674925 2.01396e-07 0.000104444 5.20453e-08 2.81269e-05 0.000260355 0.00333415 0.00494928 0.000386883 0.000537275 4.37777e-06 1.76775e-08 0.00721742 9.56498e-05 0.000307978 0.00383525 0.000714773 0.0272193 0.00595237 0.000594793 0.0133382 1.59869e-08 0.0475546 0.203274 
0.125909 0.00209884 0.234387 4.90903e-06 0.000147201 1.58782e-05 0.00366971 6.79468e-05 0.138062 0.0079137 0.00280469 0.0509158 0.0107233 5.26627e-06 0.207112 0.000524513 0.0145196 0.0154548 0.00141636 0.000766422 0.0340507 0.00779311 0.113396 3.69786e-06 0.0281776 5.89107e-05 
0.00214636 5.39939e-06 0.389073 2.62597e-08 8.79498e-07 0.00170786 7.75893e-05 0.147315 0.0142042 0.0124789 0.000566972 7.10625e-05 0.000196265 1.61693e-09 0.0486842 1.36368e-07 1.18395e-06 0.000823253 0.0238686 0.00603736 0.00603071 0.00487957 0.062169 2.33914e-06 0.247454 0.0322055 
0.00154875 0.000306809 0.539806 4.77624e-09 0.000228696 0.000436965 0.000580538 0.00910781 0.018487 0.0203755 0.0157386 0.0167952 0.00155676 0.000107443 0.0330212 0.000164837 9.52221e-05 0.0172101 0.00846978 0.00272536 0.00579471 0.00069769 0.154169 1.97602e-11 0.134365 0.0182108 
0.00985508 2.64776e-09 0.23228 0.00132425 3.42324e-06 1.97376e-05 0.0228416 0.00705177 0.035883 0.0244106 0.0171405 0.113308 0.0229893 2.72902e-09 0.0834551 0.000314825 0.000103247 0.0396345 0.130436 0.000157996 0.00266594 0.000119827 0.119943 7.7772e-06 0.135845 0.000210037 
0.00336322 0.000288602 0.479226 2.1896e-11 0.00134049 1.46443e-07 0.00103743 0.000419988 0.00345537 0.00502599 0.00021146 1.21354e-06 0.000355945 2.57849e-11 0.0198612 1.85569e-11 5.25635e-12 8.29952e-08 0.00853233 2.52124e-07 0.00274684 6.63358e-05 0.00522838 2.26346e-08 0.468839 7.27744e-08 
0.00105787 0.000105413 0.5449 0.000632603 0.00268143 0.000401977 7.21635e-08 0.000456039 0.258986 0.000125894 0.00165907 0.0123306 3.73195e-08 1.0062e-07 0.00116281 0.000377201 5.19063e-05 0.0512604 0.0133963 0.003946 0.00562354 0.00106106 0.000634971 8.47173e-05 0.0987092 0.000354406 
4.6362e-05 8.91344e-12 0.893269 7.80136e-12 4.62573e-08 7.42123e-06 5.98306e-09 0.00767828 4.25739e-05 4.85829e-05 4.63641e-05 0.00020151 3.93435e-09 9.18697e-12 0.00181139 6.61168e-12 1.68436e-09 1.64637e-12 5.83314e-08 6.73234e-06 1.72237e-12 3.3225e-06 0.000394828 8.30839e-12 0.0960682 0.000375133 
0.000774058 0.000650724 0.273473 0.000830335 8.41386e-06 7.67655e-05 0.0181494 0.00790358 0.0935267 0.00285664 0.00151053 0.00314192 0.0627112 1.44167e-06 0.0439541 0.00108216 0.000986258 0.0289581 0.0123694 0.000493652 0.0507734 0.0128072 0.117481 7.79294e-07 0.265162 0.000316763 
0.0322311 2.52176e-08 0.530343 2.20713e-08 0.000834685 2.88709e-06 1.86407e-08 2.52736e-06 0.0414052 1.24756e-06 3.32081e-09 8.33956e-09 0.00122645 3.3102e-05 0.0247246 1.87055e-08 6.50563e-08 0.0156417 0.00693198 0.000123509 0.000936828 6.02935e-09 0.00304196 2.35058e-08 0.330647 0.0118725 
0.00803949 0.000629482 0.557778 8.67631e-05 0.000101734 0.0495431 0.000732363 0.00314064 0.0340262 0.0125489 0.00852749 0.00278027 0.00818581 0.00257356 0.0200651 0.00130466 9.35812e-05 0.00563495 0.130471 0.00601017 0.00413384 0.00791367 0.0512293 9.44656e-05 0.0830667 0.00128896 
0.0261783 0.00165585 0.390014 0.00397871 5.12244e-06 0.000224263 0.00877795 0.00134389 0.141874 0.0155734 0.00394606 0.00224367 0.00684855 0.00676806 0.0111342 0.00375033 0.000108563 0.0428825 0.0657414 0.00828102 0.0025659 0.0127942 0.0201332 0.0515365 0.161564 0.0100766 
0.00210949 5.88216e-08 0.743291 5.45978e-11 0.000305862 8.6295e-05 5.77265e-05 0.00218926 0.024774 0.0116026 0.00103549 0.0118543 9.54077e-05 4.15073e-06 0.0551307 1.03872e-06 1.35957e-06 0.0231009 0.0108371 0.00183578 0.00381747 0.000402651 0.0599803 4.5618e-06 0.0474794 2.86864e-06 
5.47261e-06 5.46535e-06 0.230391 0.0125784 5.46464e-06 5.46004e-06 0.020236 5.46962e-06 0.0213496 0.0968879 5.47328e-06 5.47146e-06 0.11982 5.46507e-06 0.0235412 5.46771e-06 5.47256e-06 0.0859281 0.00110013 5.4723e-06 0.0875686 0.0246308 0.0465341 5.46598e-06 0.229363 5.46723e-06 
0.0113417 4.39766e-06 0.398145 3.16884e-06 4.99938e-08 7.33827e-08 0.00116273 4.19667e-06 0.18628 0.0423388 8.17493e-05 1.06237e-05 7.68039e-05 4.78497e-08 0.00745225 2.90828e-05 8.22613e-07 0.00222754 0.00158698 1.99321e-05 0.0256532 0.00641923 0.00145149 4.32737e-08 0.315707 2.5942e-06 
0.0607364 0.00107687 0.371498 7.55559e-07 8.35737e-06 2.20613e-09 0.00112955 0.000857228 0.00759134 0.00328619 0.000354567 0.0156511 0.0361162 9.13875e-07 0.0928131 0.00040646 1.32148e-06 0.131153 0.0561529 0.00740326 0.0388801 0.000971944 0.0954332 1.384e-05 0.078216 0.000247622 
0.000277024 5.63057e-08 0.625668 1.83899e-10 2.26265e-10 5.4487e-06 1.75531e-05 0.00184822 0.000348863 0.0189327 0.000141898 0.000231564 0.0420815 9.26361e-07 0.00323613 1.32889e-05 3.18571e-09 0.00298797 1.23496e-07 0.000309377 0.025041 0.000495894 0.203414 1.95851e-10 0.0746838 0.000264301 
0.000216122 7.80807e-05 0.430159 6.47953e-06 5.1316e-05 1.1702e-05 5.47239e-06 9.74806e-06 0.000986001 0.113225 0.00226303 0.0941968 0.000181504 7.82886e-06 0.00817299 0.000124486 0.165128 0.00063811 6.37601e-05 0.0224725 9.45378e-05 0.0322887 0.124758 3.37373e-05 0.00224555 0.00258235 
0.00991476 1.91741e-05 0.62771 7.86267e-07 4.78162e-08 0.00011989 3.23352e-05 0.000369796 0.0625395 0.00720489 0.000190177 0.000972291 0.000433506 1.20251e-06 0.0372958 0.0173246 2.11221e-06 0.0173908 0.00430979 9.38557e-05 0.00811907 0.00111749 0.147202 5.293e-08 0.0576084 2.73517e-05 
0.00181126 4.25022e-07 0.57162 3.71994e-07 1.38651e-05 1.17281e-05 3.14173e-07 2.25411e-07 0.000128155 0.00030817 1.73885e-06 0.00014989 0.000891812 6.69788e-06 0.0268854 0.276793 5.54539e-07 0.0169229 0.000254771 0.0385903 0.0470377 5.78237e-05 0.0130686 3.96171e-07 0.00538568 5.79255e-05 
0.000878781 1.15376e-06 0.358803 4.24211e-08 8.78897e-07 2.05092e-05 0.0124963 0.000145443 0.0738337 0.00198931 0.000116476 0.00718008 0.00832769 3.35905e-06 0.0147123 8.96034e-05 4.83003e-05 0.349609 0.0074729 0.0178191 0.0635935 0.00269478 0.0385177 2.14315e-06 0.0409973 0.000647347 
0.00558808 0.000301115 0.6849 9.24185e-07 0.00151534 0.000160114 0.00248603 0.000891091 0.0210943 0.0218612 0.00115366 0.00812605 0.102905 0.00016166 0.0145177 0.000794292 0.000837106 0.0260044 0.00776064 0.00576917 0.0157372 0.00115948 0.0354168 2.26762e-06 0.040223 0.000634027 
0.00692066 3.5149e-07 0.826677 6.26961e-10 5.67724e-08 3.78071e-07 3.66424e-06 0.00460333 0.000318712 0.000465558 6.56323e-05 0.000247724 3.59022e-05 7.38316e-10 0.0281555 5.31352e-10 6.17733e-08 0.000675133 0.00110247 7.38513e-05 0.00113913 3.50755e-06 0.098523 1.15361e-07 0.0309879 8.75544e-08 
0.0178492 2.45406e-07 0.474604 2.14788e-07 2.64271e-07 3.87906e-07 0.00231424 0.000676983 0.262382 2.39628e-08 0.000388143 0.0768367 0.00362467 2.52937e-07 0.000183026 1.82034e-07 3.52286e-05 0.0395206 2.31684e-06 0.0128786 6.52494e-05 0.0340377 0.0299305 9.09563e-06 0.0445504 0.000110636 
0.00123799 4.29613e-06 0.693003 4.58492e-09 1.17739e-09 0.0010994 9.05782e-05 0.0283593 0.00122777 0.00224406 0.000696276 0.00101816 0.000214882 7.41341e-08 0.0095897 0.00103894 1.4615e-09 0.00163268 0.000868014 0.000419455 0.00305105 0.000163751 0.0569762 1.3212e-06 0.19694 0.000123201 
0.00777963 6.22276e-05 0.738171 2.13376e-07 0.001598 6.52877e-05 0.000101087 0.000797428 0.0101545 0.00595486 0.00143359 0.00326195 0.00607083 0.00251455 0.0772686 0.000227741 5.83515e-06 0.0108162 0.00197114 0.0155205 0.0130158 0.00789651 0.0601144 1.07437e-07 0.0332399 0.00195816 
3.69717e-09 6.00499e-12 0.990687 5.25578e-12 6.4666e-12 5.07377e-06 5.79411e-09 7.05099e-05 1.486e-09 5.86359e-13 5.36787e-06 3.68154e-09 2.29556e-12 6.18927e-12 0.000234114 4.45429e-12 2.38924e-09 1.10916e-12 8.01039e-13 2.85631e-09 1.16036e-12 8.24012e-10 0.000109898 5.59737e-12 0.00888761 4.76342e-12 
0.0139254 0.0042445 0.679405 0.0336252 0.00051894 3.39796e-05 0.000576372 9.43807e-05 0.0248836 0.00574729 0.00155675 0.00265498 0.000185917 2.48083e-06 0.0082503 6.71658e-10 3.26935e-06 0.00230734 0.00909997 0.000289351 0.00155531 0.000119506 0.0027112 1.12821e-07 0.208185 2.34529e-05 
0.00041656 0.000133717 0.582256 2.34442e-11 1.97439e-06 0.000139905 6.49548e-05 0.0240585 0.0128848 0.000176869 0.018576 0.0039274 7.34332e-09 1.26997e-06 0.021114 9.67916e-09 2.52973e-07 7.09707e-05 0.001707 0.00112059 2.39498e-08 9.1585e-06 0.0163555 1.39805e-09 0.316437 0.000546883 
0.0487959 0.000260034 0.264715 4.23137e-09 0.00607071 7.85699e-05 0.00325336 0.000255179 0.00473878 0.171275 0.00165984 0.0245889 0.14625 0.000749321 0.0864299 0.00101337 0.00229588 0.065053 0.0041181 0.00910645 0.0276537 0.0054959 0.0735676 8.15173e-06 0.0524703 9.73836e-05 
0.000439554 0.00137899 0.633882 8.29338e-07 3.78507e-05 0.000119718 0.00026111 0.0024351 0.0175262 0.00204446 0.00163317 0.0153265 0.000166099 0.000156715 0.0058689 0.00122634 2.54049e-05 0.00835639 0.00147666 0.000822255 0.00295487 0.00819796 0.0291588 8.97253e-06 0.248141 0.0183537 
0.00966822 0.00263334 0.209502 9.26416e-09 7.07394e-06 5.95801e-07 0.000136591 0.00104622 0.049211 0.0648502 0.00189056 0.00862803 0.000368298 1.63997e-08 0.070136 3.29915e-06 0.0110692 0.16046 0.00689399 0.0224716 0.115702 0.000757286 0.124001 3.83534e-06 0.140557 2.8465e-06 
0.00102574 0.00107578 0.471376 1.3411e-05 8.77464e-06 0.000443986 0.00430337 0.00236112 0.0339951 0.00951428 0.0150558 0.000280914 0.000927869 1.27754e-06 0.0178488 0.00042727 4.99499e-06 0.00334006 0.00467541 5.52696e-05 0.00153946 0.000280383 0.058633 8.2317e-06 0.372286 0.000517805 
1.02741e-06 2.41713e-09 0.469039 3.65711e-05 6.00616e-06 3.82068e-09 1.63207e-06 0.000176945 0.00415341 0.0200346 0.0387299 5.85596e-06 0.00469672 2.4913e-09 0.00329387 1.79294e-09 9.40169e-07 0.0402075 2.3948e-06 8.50771e-07 0.0676166 0.00192053 0.0109094 1.03014e-06 0.339165 1.91737e-09 
0.00108224 8.06599e-05 0.328686 4.98826e-05 1.24297e-08 1.31294e-06 0.000644754 0.00146802 0.00753183 0.0237038 0.00265765 0.000110168 0.0206004 6.4635e-10 0.000724125 3.95959e-05 4.59656e-09 0.000813463 0.00192248 0.000317427 0.0795747 0.00486635 0.0973774 3.16002e-06 0.281516 0.146228 
0.00330965 1.9648e-07 0.851025 2.16092e-08 9.09228e-08 2.98584e-06 5.2368e-06 0.00552113 0.00228903 0.00254427 0.0369686 0.000917336 3.67676e-06 7.56595e-10 0.00294591 0.000154757 1.03646e-07 0.00268488 0.000602797 3.8868e-05 0.00154715 0.000368892 0.0548789 6.8424e-10 0.0341242 6.66337e-05 
0.00141147 0.00898649 0.7686 4.3499e-06 0.000247581 3.582e-05 0.000772805 9.13175e-05 0.0151375 0.0233502 9.76789e-11 0.0018845 1.33062e-06 0.000484808 0.0025495 1.76864e-05 1.88479e-05 0.123408 0.00765609 0.00108809 0.00611024 0.00295601 0.00101427 1.79401e-07 0.0335366 0.000636681 
0.0130342 1.74863e-05 0.265213 3.36323e-09 7.47454e-06 1.04314e-05 4.7687e-05 0.000494298 0.0787474 0.0229487 0.00276633 0.00567006 0.0238721 0.000485385 0.0551117 5.39687e-05 4.89082e-06 0.109896 0.0111242 0.00974217 0.177866 0.00649014 0.174789 2.12623e-06 0.0415988 6.9991e-06 
0.0158376 9.40919e-11 0.500809 1.85243e-08 0.00063509 0.000849404 1.78876e-05 0.000137578 7.77217e-05 0.00312176 0.000194346 0.0032159 0.00302975 1.40648e-05 0.226775 9.90292e-05 5.03858e-07 0.14168 0.0060376 0.0118834 0.0151808 0.000405495 0.0263898 3.36111e-09 0.0415629 0.002044 
0.00330965 1.9648e-07 0.851025 2.16092e-08 9.09228e-08 2.98584e-06 5.2368e-06 0.00552113 0.00228903 0.00254427 0.0369686 0.000917336 3.67676e-06 7.56595e-10 0.00294591 0.000154757 1.03646e-07 0.00268488 0.000602797 3.8868e-05 0.00154715 0.000368892 0.0548789 6.8424e-10 0.0341242 6.66337e-05 
0.00107257 1.0448e-06 0.938368 9.14443e-07 2.22732e-05 1.65148e-06 0.00242921 3.2544e-05 0.00424603 0.000156867 0.0183083 2.40041e-05 0.0130113 1.07686e-06 0.000155968 0.000115231 3.43694e-05 0.00408808 0.000868395 2.72686e-05 0.00132603 0.00153351 0.00021629 1.61225e-05 0.0139152 2.7534e-05 
8.88767e-05 1.6597e-10 0.46431 1.45263e-10 9.23936e-05 5.42171e-06 9.26023e-06 0.0617268 0.00799957 0.00360555 0.0161333 6.62526e-05 0.000223322 2.95327e-06 0.02798 1.5926e-07 1.3867e-06 0.000242874 0.000826476 2.23745e-07 0.00165017 0.00303352 0.117527 1.54704e-10 0.294474 1.46651e-08 
0.0177448 5.59071e-05 0.33499 0.000328483 0.00191646 0.000181545 0.000555923 0.0035686 0.205499 0.00667251 0.00222066 0.0784966 0.00146926 0.00449426 0.0241289 8.68024e-05 0.00736537 0.0355558 0.0158088 0.00879833 0.0137597 0.00129785 0.0462459 0.000154317 0.188468 0.000135687 
0.0974287 0.000862087 0.222607 7.93595e-07 0.0321875 0.000147825 6.70243e-07 0.00864421 0.0831652 0.0147729 0.00205419 0.00267402 0.00895301 0.000360627 0.0699748 0.000241294 1.90511e-07 0.0704877 0.0677402 0.000714638 0.100928 0.00518269 0.107703 7.67385e-06 0.101316 0.0018449 
0.0790248 7.53354e-10 0.442684 1.32346e-06 1.38176e-06 1.1908e-09 0.000199437 0.000118136 0.000609281 0.000505067 1.94165e-08 0.00163513 0.0101405 5.78901e-06 0.265809 0.00128713 3.81823e-08 0.058954 0.00124182 0.00143869 0.0116164 1.14306e-05 0.0802744 6.53659e-08 0.0433707 0.00107196 
0.000491029 0.00162989 0.644588 2.25556e-09 8.52143e-08 4.34114e-06 4.15126e-05 0.0196719 0.0141586 0.000327868 0.00655554 0.000346455 0.00012903 2.65618e-09 0.00258766 0.000377537 2.24861e-06 0.00176684 0.00256406 1.48416e-07 0.00200942 0.000154087 0.00963883 3.82958e-06 0.29262 0.000330451 
0.00108224 8.06599e-05 0.328686 4.98826e-05 1.24297e-08 1.31294e-06 0.000644754 0.00146802 0.00753183 0.0237038 0.00265765 0.000110168 0.0206004 6.4635e-10 0.000724125 3.95959e-05 4.59656e-09 0.000813463 0.00192248 0.000317427 0.0795747 0.00486635 0.0973774 3.16002e-06 0.281516 0.146228 
0.0344558 4.70657e-08 0.442457 3.52473e-05 0.00625544 0.00101455 0.000206697 0.00119691 0.0162846 0.0201484 0.00298886 0.00885638 0.00556321 4.76742e-07 0.217205 2.01992e-10 1.46206e-07 0.020267 0.024458 0.000618765 0.0209353 0.00145044 0.0873024 8.1579e-07 0.0882484 4.94267e-05 
0.00014278 3.4333e-07 0.716422 1.73287e-09 2.23047e-08 0.000866677 3.56725e-06 0.00040256 0.150536 0.00640143 0.00024693 0.0116462 0.009042 2.04065e-09 0.00245067 4.48458e-05 4.15993e-10 0.00205987 0.00230486 0.0181666 0.00546489 0.000307927 0.00860239 1.84549e-09 0.0648748 1.28736e-05 
0.00317269 3.75657e-08 0.670825 2.31726e-10 0.000467302 3.70181e-05 0.000126224 4.69537e-05 0.0149295 0.016797 0.0110685 0.00703899 0.0238731 6.65386e-06 0.0832309 0.00289269 3.51403e-07 0.0330497 0.00100397 0.000655711 0.0335469 0.00111783 0.0604803 6.85991e-09 0.0353863 0.00024593 
0.000775791 2.39045e-11 0.529271 6.86871e-06 2.91974e-05 0.000274356 0.00124005 0.00685806 0.000476166 0.00239823 0.00113397 0.000312706 0.00178827 6.17528e-06 0.0163188 3.61842e-06 3.7077e-07 0.00524163 0.00251199 0.0011098 0.00394722 0.000141134 0.00946464 9.84895e-10 0.389191 0.0274985 
8.72722e-05 2.00442e-09 0.4868 2.2884e-08 1.25575e-08 1.89033e-05 0.000332982 0.000175781 0.0374326 0.0185402 0.00152289 0.0305061 0.00659956 0.000156166 0.0241809 0.00093258 5.80661e-05 0.0904025 0.0652915 0.000472277 0.0210133 0.00226889 0.19526 8.72402e-06 0.0179372 1.42253e-06 
0.0430055 6.51384e-05 0.38695 1.59982e-05 9.59102e-05 0.000739915 0.189637 0.000417173 0.00583459 0.0624821 3.45675e-06 0.00132384 0.000538048 0.00015127 0.0280519 0.0496348 1.52047e-05 0.00281652 0.130551 0.0126881 0.0064616 0.0088628 0.0563649 0.000147882 0.0131411 5.0288e-06 
2.84671e-05 0.000498379 0.893054 8.6591e-07 1.0654e-06 5.24662e-06 7.31318e-07 0.00503109 0.0743312 0.000119411 0.000415662 3.2718e-07 4.89566e-05 1.01971e-06 0.00252261 7.33862e-07 8.45047e-06 1.24484e-06 5.26746e-05 3.61511e-06 1.91174e-07 9.44121e-05 0.00498117 0.000211021 0.0185865 7.84791e-07 
0.0200712 6.45427e-05 0.516763 5.20956e-06 0.000139929 0.00229988 0.000157967 0.0006899 0.0144992 0.0445195 0.0228356 0.00382733 0.006224 0.00231459 0.0462111 0.00207431 5.11736e-06 0.0269022 0.0447682 0.00764371 0.0231687 0.0186205 0.108146 6.5712e-05 0.0879454 3.74145e-05 
0.0101327 8.52154e-08 0.57322 2.80162e-08 0.000479682 0.000741368 2.47608e-05 0.0010987 0.000316632 0.0026369 0.000332296 0.00129275 0.0012566 2.6613e-06 0.174486 5.65025e-05 1.24349e-07 0.140866 0.00344437 0.00173257 0.017251 0.00028773 0.0288998 1.00588e-07 0.0403572 0.00108249 
0.00169311 2.64995e-05 0.572215 2.36448e-06 8.58489e-08 1.26012e-07 0.000299729 3.38794e-05 0.219954 0.000397922 4.9124e-05 0.00338447 0.000668212 0.00910212 0.0042671 0.000914641 6.18314e-06 0.000945023 0.0468443 0.000611034 0.00211605 0.0155184 0.0513727 8.3458e-06 0.0694355 0.000133841 
0.00756004 5.16515e-07 0.445395 4.52072e-07 0.000144366 0.00013471 3.81804e-07 0.000412946 0.00340283 0.00570064 6.80178e-08 0.00522019 1.08076e-05 0.00010995 6.45114e-06 3.83132e-07 2.77773e-06 0.00518808 6.89007e-08 0.000292345 0.000308191 3.02732e-06 0.332124 4.81453e-07 0.193981 4.09722e-07 
0.0196847 1.62418e-05 0.406172 1.89547e-06 1.71181e-05 8.84657e-05 0.00104986 0.00103182 0.00987539 0.0108141 0.000288126 0.000508869 0.0582549 6.09111e-07 0.0760844 0.0140456 4.24261e-06 0.0501985 0.0890978 0.0238431 0.0223268 0.0375907 0.108523 1.86268e-07 0.0704517 2.99809e-05 
