0.00713965 1.73524e-09 0.00608945 2.16785e-06 8.01784e-06 8.32258e-05 0.00151814 0.000621833 0.00145607 0.000919743 6.27253e-05 0.0478734 0.000167742 1.35674e-11 0.0337026 1.03141e-05 0.389911 0.00426989 0.00288995 0.0113238 0.436057 0.00023854 4.27774e-05 1.2593e-05 0.0555032 9.6347e-05 
0.0774778 0.000292144 0.000928301 2.44803e-05 6.43493e-06 0.00015053 0.000124016 0.00123458 0.0169414 0.0956591 0.00146532 0.0031645 0.0277252 6.9224e-05 0.0883958 0.00188835 1.83714e-05 0.0103828 0.075263 0.000835044 0.273095 0.091848 0.218629 2.04679e-06 0.0142715 0.000108223 
0.0520833 0.000213584 0.00405354 0.000151713 0.00137079 0.000608807 0.00100905 0.000458948 0.00509607 0.0419849 0.000524382 0.212704 0.00467632 5.68998e-05 0.0316251 0.00329304 0.0997405 0.0295089 0.0161457 0.0874755 0.260584 0.0229242 0.0886959 0.000121001 0.0322015 0.00269284 
0.00679459 5.26763e-05 0.0968993 1.12233e-06 5.35579e-09 9.69434e-11 0.000155569 6.27799e-05 0.0110218 0.0187078 0.000145606 0.0265258 2.34452e-11 4.19838e-07 0.0251356 0.000458928 4.46366e-05 0.00382277 0.109751 0.000894265 0.394814 0.00144893 0.26774 1.47181e-05 0.0197808 0.0157265 
0.0059285 2.54795e-05 0.0450425 0.0492243 7.9734e-05 3.14947e-06 0.00279404 0.00319392 0.109481 0.0132085 0.000809229 0.00248473 0.00657964 1.90909e-05 0.194554 4.28788e-05 2.81145e-05 0.0223574 0.00529411 0.00241367 0.316169 0.00189452 0.105018 2.17987e-06 0.110994 0.00235927 
0.0360462 0.00329159 0.00159136 0.000526388 0.000221345 2.04862e-07 9.58031e-08 3.18723e-05 0.000828765 0.0573998 0.0018813 0.0126415 9.76134e-05 1.33582e-07 4.59361e-05 0.0910802 0.00010465 0.0719797 0.000990943 0.0191405 0.665049 0.0101229 0.00779886 0.000184027 0.0187293 0.000216231 
0.0607435 0.0765553 0.00452123 1.40481e-06 6.51296e-06 2.53708e-06 4.49616e-05 5.94724e-05 0.00474035 0.00242601 1.25266e-05 1.19627e-05 0.00227192 1.65432e-06 0.00420459 2.88663e-05 2.70981e-05 0.112275 0.00686585 9.48414e-05 0.563482 0.000102078 0.0637462 3.92034e-06 0.0887212 0.00904921 
0.122091 0.000934828 0.00889941 1.6534e-06 9.39626e-05 3.47189e-06 1.78833e-05 0.0701957 0.0248649 0.176624 0.0725954 0.00188751 0.0125449 0.00157869 0.0061959 0.0015107 0.000212241 0.0257292 0.0476405 0.0416845 0.18299 0.00289079 0.159577 1.20473e-05 0.0373051 0.0019174 
0.111877 0.000267646 0.0034428 3.91591e-05 3.72982e-07 0.000231907 4.47781e-06 0.000319253 0.0269302 0.057558 0.0295639 0.00300218 0.00438329 8.96113e-07 0.00675101 0.0427891 7.37237e-07 0.0106207 0.0298746 0.000857083 0.325186 0.0992847 0.155818 6.23618e-07 0.0796745 0.0115219 
0.00720095 0.000207759 0.00179384 6.50849e-06 0.000134462 0.000116043 0.107083 4.85041e-05 0.0073342 0.0928703 0.0330159 0.00857004 0.00622727 1.39762e-05 0.05006 0.00366268 0.0322083 0.130388 0.00874218 0.146952 0.237424 0.0140227 0.0679713 7.4795e-06 0.0434577 0.000479848 
0.00215761 4.57296e-05 0.00449695 2.62594e-06 0.0377945 0.000124366 0.00148533 0.000320998 0.0110442 0.065264 0.00515237 0.00418541 0.00706698 5.27995e-05 0.0265009 0.00204136 0.00225945 0.0226441 0.0354587 0.00836626 0.611006 0.034681 0.0954143 0.000159688 0.0177937 0.00448034 
0.0114598 6.53039e-08 0.0321388 6.62943e-05 0.000224056 2.10362e-05 5.37488e-07 0.000156445 0.053056 0.0971086 0.00383277 0.00180959 0.0036736 0.000689786 0.156883 0.000464963 4.40408e-06 0.168567 0.0386967 0.0101666 0.268253 0.016675 0.100175 1.25486e-06 0.0356994 0.00017617 
0.0129974 6.29145e-07 0.00303414 5.5065e-07 3.69828e-05 0.00469907 0.000775753 0.000128493 0.0104013 0.00686434 0.00141452 2.30818e-05 0.0032311 6.48452e-07 0.00113897 0.000241764 8.14706e-06 0.00533356 0.00311303 0.000352444 0.766747 0.00397 0.0139436 1.35725e-06 0.161471 7.09709e-05 
0.0129947 0.000968282 0.00837266 3.6759e-07 4.59467e-05 3.01917e-05 0.000282766 0.000246156 0.0926398 0.0345647 0.0170129 0.0190645 0.0313826 0.00323281 0.0707805 0.00319259 0.000485558 0.0163203 0.160438 0.0508466 0.219442 0.022693 0.0979378 4.5185e-05 0.136404 0.000576057 
0.00042965 5.79657e-05 0.00147974 7.2077e-07 0.000186984 4.11429e-05 9.74213e-05 0.000164282 0.00715117 0.111228 0.00890573 0.0270269 0.000316781 1.7056e-08 0.0124714 0.000486424 4.31679e-07 0.09055 0.0131692 1.72521e-06 0.499816 0.00176448 0.143919 5.35878e-07 0.0795727 0.00116158 
7.39537e-06 7.38556e-06 0.0221924 7.3871e-06 7.3846e-06 7.37838e-06 7.38876e-06 7.39133e-06 0.0436422 0.170131 7.39627e-06 7.39382e-06 7.39319e-06 7.38518e-06 7.39647e-06 0.14926 0.00962128 0.165669 7.39625e-06 7.39495e-06 0.250715 7.39493e-06 0.188636 7.38641e-06 7.39715e-06 7.3881e-06 
5.54883e-10 4.27917e-05 0.0493315 1.16924e-08 5.78887e-09 8.42623e-11 3.22646e-07 0.00013646 0.00311036 0.147746 7.93331e-05 0.162607 1.13076e-06 5.49439e-11 0.000840576 0.000305975 6.85874e-05 0.00244054 0.0309807 0.000192384 0.343879 0.00205418 0.240428 5.71017e-08 0.0128671 0.00288781 
1.67839e-06 0.198939 0.0014512 4.10036e-10 5.04499e-10 5.44171e-06 0.000453274 2.48463e-10 0.012248 0.0107042 6.16932e-11 9.07292e-05 0.0228858 1.87561e-06 0.235479 5.01491e-05 1.96126e-07 0.0530799 0.000757797 0.000981945 0.412888 0.0133387 0.0254993 4.36685e-10 0.011042 0.000101879 
0.00424715 3.622e-07 0.101212 5.11409e-09 2.16186e-06 7.67859e-07 6.55e-06 3.0989e-09 0.000441808 0.000996092 7.69392e-07 1.93234e-09 0.0079827 4.58419e-07 0.339608 1.85858e-05 4.88007e-09 0.0137853 3.72417e-07 0.00737284 0.399385 0.0147924 0.0711118 5.44647e-09 0.038892 0.000143466 
0.0184045 3.23394e-05 0.0042534 2.02715e-06 0.000116236 1.99532e-05 0.0128571 0.00783761 0.0129065 0.0470103 0.000866891 0.0020803 0.0431084 8.94573e-05 0.041009 0.000326793 6.45625e-05 0.011828 0.042853 0.00266926 0.650573 0.0136856 0.0570058 8.48688e-06 0.0299535 0.00043789 
0.00554159 0.000128718 0.00860192 1.41451e-07 0.000387934 1.52522e-05 0.00105735 5.42897e-05 0.0112581 0.0674434 0.0216672 0.00359861 0.0672536 0.00573031 0.0414522 0.00933038 0.00119488 0.0295779 0.029584 0.0339508 0.443852 0.0402379 0.1611 1.97678e-07 0.0169036 7.69351e-05 
0.00962337 5.65539e-06 0.000433318 0.00812265 2.73527e-06 3.08329e-06 0.00164195 0.000134048 0.1267 0.0285498 1.18272e-07 0.0120046 0.00222854 0.000109011 0.00380542 0.00368093 1.25017e-06 0.00433643 0.086343 0.00100846 0.648826 0.00896091 0.0160745 8.3717e-07 0.0372833 0.000120094 
0.0178837 6.51271e-05 0.0205121 0.0116728 9.56379e-07 5.8889e-06 4.91329e-05 0.00180104 0.0200527 0.013288 0.0198732 0.000228212 0.0100173 9.24325e-05 0.017252 0.000683976 4.38331e-05 0.253279 0.0161591 0.0211619 0.282856 0.00383045 0.0867337 2.36041e-06 0.196829 0.00562593 
0.015662 0.00405642 0.0154058 1.83399e-07 0.000130382 2.8458e-05 9.96668e-05 6.10953e-05 0.038798 0.0445651 0.000281109 0.0020109 0.0830261 4.98342e-05 0.0549069 0.00135668 0.0631131 0.0723443 0.0215264 0.00306956 0.321735 0.035473 0.199297 4.64277e-05 0.0225122 0.00044481 
0.0101103 9.08807e-11 7.71905e-06 7.9542e-11 1.10264e-05 3.35088e-06 1.77622e-07 8.35322e-08 2.33272e-08 0.0331369 4.55897e-07 0.000139549 3.47415e-11 0.05823 0.00127037 0.00517915 4.90691e-06 0.00134265 0.277856 0.00174798 0.352422 0.143719 0.114465 1.14968e-08 9.46046e-05 0.000258737 
0.148104 0.000593156 0.0150599 1.95453e-09 0.0248195 0.0818945 0.000326272 0.000389855 0.15731 0.0947275 0.000571346 0.00194472 0.0790755 2.79616e-06 0.00359427 4.19336e-07 8.13273e-05 0.0553077 0.116838 0.000201786 0.157524 0.000474091 0.0173762 0.0001014 0.0436804 8.78835e-07 
0.0678101 2.22784e-06 0.001167 1.21758e-07 2.87089e-07 6.62025e-05 2.48622e-06 1.45251e-09 0.0506279 5.29076e-06 5.59815e-06 0.318104 0.0012026 3.08454e-06 0.0745896 0.000572441 2.79356e-07 0.010642 0.016332 0.0171871 0.336102 0.0112075 0.0156808 4.13862e-08 0.075333 0.00335594 
0.0528763 2.44661e-06 0.00442299 2.19605e-07 0.000881334 0.000359736 0.00049476 0.00189451 0.00100197 0.0191239 0.00119566 0.00209462 7.46869e-06 0.00137597 0.0481497 0.00285038 0.00292858 0.0047612 0.179802 0.173327 0.256385 0.0128521 0.108093 8.77505e-06 0.0406065 0.0845028 
0.041091 0.000148075 0.00365609 1.2503e-09 1.53834e-09 1.71184e-07 4.10157e-07 2.63941e-06 7.63068e-07 0.000406675 2.78031e-05 1.72135e-08 0.00982797 5.51483e-07 0.126017 0.000289672 2.85243e-08 0.0689551 1.11366e-06 0.00107907 0.698474 0.0283763 0.0202898 6.67181e-07 0.00135421 1.13317e-09 
0.00713965 1.73524e-09 0.00608945 2.16785e-06 8.01784e-06 8.32258e-05 0.00151814 0.000621833 0.00145607 0.000919743 6.27253e-05 0.0478734 0.000167742 1.35674e-11 0.0337026 1.03141e-05 0.389911 0.00426989 0.00288995 0.0113238 0.436057 0.00023854 4.27774e-05 1.2593e-05 0.0555032 9.6347e-05 
2.09083e-05 2.80918e-10 6.54783e-11 2.4587e-10 2.93468e-06 4.44039e-10 2.07653e-10 1.48986e-10 0.0138169 0.0713312 1.22081e-06 1.67231e-06 6.55175e-07 6.66229e-07 0.152541 2.08376e-10 5.90236e-11 1.86848e-07 0.0666115 6.7215e-11 0.654121 6.71655e-11 0.0415484 4.19221e-07 1.5072e-06 2.22837e-10 
0.00832358 1.25573e-08 0.039127 3.65135e-11 4.49254e-11 3.96317e-08 0.00180241 2.65528e-07 0.153504 4.36366e-06 1.63169e-07 0.0667088 0.00780097 4.30416e-08 0.0668672 9.43862e-07 1.84162e-08 0.102105 0.0556361 3.44386e-07 0.271436 2.26433e-07 0.130627 6.6146e-08 0.0960556 3.64352e-08 
0.163737 4.61835e-06 0.00207964 2.75149e-10 3.38537e-10 5.67984e-06 1.32693e-07 0.00019442 0.00788324 0.00376093 0.0332504 0.000753515 0.00572341 0.00248622 0.0401819 0.000267 4.06914e-05 0.0434562 0.0280059 0.00135748 0.436661 0.0142967 0.172511 1.22832e-08 0.0430972 0.000245198 
0.0128922 1.98477e-08 0.00199539 0.00150117 2.74516e-08 0.00137249 2.92955e-05 0.000139569 1.95822e-08 0.0482788 2.86055e-08 0.00484921 2.83046e-12 7.63144e-12 0.0415788 9.93918e-05 4.01426e-08 0.0698483 0.00374345 0.246525 0.333312 0.0387299 0.146073 5.22813e-06 0.0476539 0.00137192 
0.0246021 9.38139e-07 0.000684984 1.2046e-06 6.13059e-06 2.04743e-09 1.28692e-05 7.31812e-06 0.00411031 0.151228 0.00633632 0.000157272 0.00728999 0.000770025 0.0376541 0.00107796 1.70919e-06 0.0113312 0.0621786 0.000450857 0.573833 0.00881278 0.103795 2.79821e-07 0.00559867 5.80006e-05 
0.00232425 1.4556e-06 0.000478648 8.19465e-10 2.09494e-06 2.49653e-07 0.000170195 2.18695e-05 0.0198513 0.0488002 0.0011855 0.000629058 1.88519e-06 9.65011e-10 0.201777 0.00122279 6.10399e-05 0.00191199 0.169155 0.0360269 0.396342 0.024307 0.0821629 8.37964e-06 0.012537 0.00102171 
0.0299967 2.61534e-05 0.0560867 3.66848e-05 5.5323e-05 4.72765e-05 0.000274952 3.49672e-05 0.104785 0.0958493 0.121176 0.00542494 0.00689459 6.85907e-07 0.0869761 0.0633472 0.00012318 0.0404759 0.0119037 0.00109469 0.233709 0.00233918 0.0389662 1.22743e-06 0.0995474 0.000827197 
8.87653e-10 2.87633e-05 0.0707089 1.79561e-08 9.03035e-09 4.72649e-10 4.90387e-07 9.12425e-05 0.00207435 0.128377 5.30061e-05 0.166269 1.9095e-06 3.08194e-10 0.000560647 0.000204417 4.58496e-05 0.00162751 0.0206555 0.00119992 0.349222 0.00137018 0.244173 8.69632e-08 0.0114091 0.00192663 
0.000784264 9.00693e-06 0.00658542 1.79269e-11 0.000136886 0.000283243 0.00572595 0.000449033 0.0493593 0.201587 0.00664713 0.00468038 0.0142315 1.5015e-08 0.0165128 0.000559903 4.60148e-06 0.0191229 0.0134621 0.00109288 0.32689 0.0273157 0.263481 1.19915e-07 0.0279521 0.0131258 
0.0703112 0.00123931 0.00474292 9.2793e-05 5.57914e-05 0.000284825 0.00328597 0.000129893 0.0586146 0.0391857 0.018122 0.000803666 0.0832405 0.00116705 0.0332082 0.0266665 2.30511e-05 0.0272343 0.0476615 0.00274186 0.466639 0.0312681 0.0246501 1.82889e-06 0.0459789 0.0126506 
0.0568995 2.7754e-05 0.000688799 3.80368e-08 7.94094e-06 0.000604463 2.1506e-05 9.20323e-05 0.000428759 0.100845 0.0184148 0.00203819 0.00218698 0.00306531 0.0118468 0.00106652 1.9506e-05 0.0485085 0.154167 0.0171753 0.346119 0.116894 0.102019 2.72196e-06 0.0168541 7.01264e-06 
0.051453 0.00902066 0.00140419 5.28645e-07 0.0145999 0.0089275 0.000133258 0.0514337 0.0122423 0.0137989 0.0312934 0.0686055 0.00272166 0.0037535 0.0283197 0.00913267 0.0754227 0.0641661 0.027815 0.0234728 0.167918 0.161395 0.0645486 7.02595e-06 0.107689 0.000725335 
0.0174424 5.06056e-10 0.00784929 1.02518e-08 1.76862e-05 0.000181456 0.000105511 9.80511e-05 0.000564039 0.011155 0.000952774 0.000328025 0.00189846 2.36133e-05 0.050558 0.031779 3.48741e-05 0.0114643 0.00572227 0.00160768 0.457529 0.268297 0.12728 6.89639e-09 0.00508603 2.60349e-05 
0.0344469 8.23297e-08 0.00267805 9.94277e-07 5.49967e-05 2.4549e-07 0.000670732 0.00107913 0.0439724 0.125059 0.000728603 0.00361372 0.0300181 3.00156e-07 0.0759802 0.00367713 0.000145084 0.0394365 0.0343475 0.00653701 0.304312 0.0985266 0.14374 1.32117e-05 0.050751 0.00021005 
0.000840794 1.90837e-08 0.000604058 1.426e-10 2.29565e-05 1.7472e-06 0.000172691 0.000151897 0.00106747 0.0397742 0.00164456 0.00300114 0.000867302 4.70951e-07 0.0116254 0.00931917 1.06094e-08 0.00331458 0.0339391 7.96685e-05 0.341548 0.319451 0.222634 3.85368e-08 0.0098661 7.32452e-05 
0.0503387 0.000340135 0.0167153 0.000173182 6.58039e-06 6.91785e-07 6.94376e-05 1.41935e-05 0.0247866 0.0265719 0.0154888 0.00167677 0.0038996 0.00100304 0.0760801 0.00188883 1.42738e-07 0.0611862 0.0149215 1.4414e-08 0.35329 0.000484176 0.262861 1.84606e-05 0.0879515 0.000232887 
0.00773553 2.26141e-08 0.0011973 0.000901901 0.000106627 0.000824504 3.41119e-05 8.37718e-05 1.07804e-06 0.0488049 3.25846e-08 0.00405731 5.52678e-12 1.49012e-11 0.0249477 5.96702e-05 4.57267e-08 0.196503 0.00413042 0.168098 0.301109 0.0299166 0.18207 3.14714e-06 0.0285926 0.000823272 
0.0236885 9.5086e-06 0.00332218 8.32257e-09 6.50691e-07 7.92902e-06 0.000267908 4.82972e-07 0.00359489 0.131827 0.000422778 0.00374994 0.00950871 3.55939e-06 0.314988 0.000576138 3.25026e-05 0.00905238 0.00845414 1.25446e-05 0.342982 0.0685425 0.0734797 2.99103e-07 0.00524448 0.000231078 
0.00446322 5.39425e-07 7.03395e-05 1.39545e-07 1.25486e-06 1.63019e-05 1.17855e-07 0.00405578 0.0209731 0.00723569 3.40122e-05 0.0149119 0.00170618 0.00131515 0.0719298 3.68037e-05 3.28378e-05 0.0354078 0.0248505 0.000558093 0.688802 0.000953486 0.0708933 0.000565953 0.0511855 1.26473e-07 
0.0016937 6.52511e-07 0.000210049 1.13589e-08 3.24101e-05 3.28242e-06 7.99266e-05 1.39207e-05 0.00140968 0.193524 0.000797405 0.0092275 0.00399668 3.65958e-06 0.0199231 0.00329791 7.68646e-07 0.0920454 0.0018365 2.51739e-05 0.537587 0.0850801 0.047079 1.53997e-07 0.00209585 3.603e-05 
0.000119573 0.00025781 0.000460562 3.32654e-07 1.05684e-06 2.24265e-07 0.000321054 0.044615 4.41519e-06 2.53785e-05 9.39208e-06 0.00044839 0.00214293 1.46234e-07 0.00126163 8.47956e-06 0.00407306 0.000341875 1.59135e-06 6.7215e-05 0.925243 0.000265915 2.2975e-05 1.27731e-05 0.0202947 1.12545e-07 
0.0156971 4.63663e-07 0.0159696 3.42547e-08 2.03673e-05 5.6915e-09 4.42642e-05 0.000106124 0.0199428 0.00221699 0.00171804 7.83227e-05 0.000795414 1.95262e-05 0.0578877 0.000173292 6.54912e-06 0.0026389 0.00276752 0.00520123 0.775178 0.00423865 0.0471534 3.35627e-09 0.0329979 0.0151479 
0.0374461 0.00425894 0.000948685 1.08793e-07 3.63745e-07 7.35376e-06 6.42974e-05 0.000123698 0.0238447 0.062827 0.00141347 0.0540529 2.98451e-05 4.52692e-07 0.0375666 1.05758e-05 2.04895e-06 0.16257 0.15666 0.0566092 0.199914 0.139269 0.0478992 1.29796e-05 0.0101438 0.00432476 
0.0111533 0.000611817 0.00343288 2.21124e-08 0.00979698 1.42003e-05 0.000365663 0.000174354 0.0160498 0.112347 0.000824578 0.00313443 0.0879936 5.89991e-05 0.0164153 0.0522699 0.00248806 0.0392769 0.0429968 0.00447472 0.331827 0.10734 0.146538 1.24531e-05 0.0102471 0.000156521 
0.0708341 5.10098e-06 0.0309543 1.24651e-05 0.000159506 0.000129305 0.000997101 8.56652e-05 0.00819362 0.0509936 0.00146645 0.00128379 0.0135735 0.0402208 0.065378 0.00228609 0.00732592 0.0146512 0.0302898 0.00423689 0.381918 0.00756038 0.21942 6.61779e-05 0.0476789 0.000279342 
0.00489434 2.73821e-11 0.0100621 6.25648e-09 0.000440352 4.40432e-05 0.000133686 0.000317184 0.000582391 0.0551725 0.00799635 0.000384937 0.00115773 1.14798e-06 0.0328931 0.00195521 4.27204e-07 0.00341217 0.0381083 0.00173172 0.711317 0.010642 0.0921889 3.8043e-08 0.0264422 0.000122323 
0.00900564 8.56509e-05 0.105379 1.08475e-06 9.85843e-09 1.0712e-10 0.00016905 7.9109e-05 0.0119276 0.0178439 0.00016321 0.0260732 2.59063e-11 7.55819e-05 0.0283604 0.000458302 4.35655e-05 0.00442463 0.106665 0.000846761 0.38806 0.00144967 0.26168 1.41406e-05 0.0193959 0.0177979 
0.003401 5.29762e-06 0.00681134 6.27888e-10 7.7254e-10 1.13396e-09 4.55873e-05 8.43207e-09 0.00227252 0.0194476 0.00693656 3.20983e-07 0.00166671 0.000280168 0.00955635 0.000252068 1.50731e-10 0.00890025 0.00513798 0.000431383 0.71529 0.00222619 0.0876188 6.68696e-10 0.12972 3.0312e-07 
0.0161983 0.0040994 0.00645326 0.000188274 0.000911827 0.000151581 0.0129263 0.000451163 0.0313283 0.205766 0.00915144 0.0223666 0.0094035 0.00371028 0.0223893 0.00397958 0.000790199 0.0946947 0.0188264 0.0130287 0.268907 0.0926237 0.120073 0.000940936 0.0373162 0.00332392 
0.0901422 5.50443e-06 0.0444665 1.96427e-06 0.00142656 5.7566e-05 0.000236681 0.00017152 0.0039583 0.253925 0.000833258 5.90149e-05 0.00735703 1.33067e-07 0.00627073 3.08171e-05 9.87771e-06 0.00542395 0.00128053 0.00062076 0.391643 0.00590934 0.084576 3.44156e-07 0.101535 5.83873e-05 
0.0141985 4.28148e-06 0.0326605 7.76035e-11 0.00242289 3.78918e-05 9.01587e-05 0.000369041 0.0197041 0.0634625 0.0158643 0.00371499 0.117133 0.000762282 0.0984413 4.76336e-05 6.21682e-06 0.0463154 0.0163848 0.010768 0.260457 0.00252181 0.206672 6.29155e-08 0.0819541 0.00600766 
0.0081587 0.0047626 0.00230092 1.02889e-07 3.9723e-06 0.000253617 0.00232072 0.0113964 0.0389691 0.00616237 0.00447899 0.00566852 0.00277201 1.59136e-05 0.0397682 0.00210146 0.000534184 0.0283419 0.00597856 0.0100584 0.771236 0.0086287 0.0275214 3.2853e-06 0.0183407 0.000222938 
0.00683763 8.16384e-08 0.00632683 0.00137961 1.16262e-05 0.000105963 0.000644651 0.000443267 0.08339 0.0524059 0.000344537 0.00102677 0.0127588 0.00152486 0.0047221 0.000113467 0.00056769 0.00534511 0.0960313 0.00341679 0.618454 0.00579173 0.0196262 3.5572e-06 0.0762421 0.00248538 
0.0142811 8.73662e-07 0.00184736 0.0275181 1.5455e-06 0.00592696 2.94352e-05 0.000126337 4.74626e-06 0.0451918 1.35442e-05 0.00466096 2.67081e-12 7.20099e-12 0.0545087 9.18052e-05 1.67211e-05 0.0646172 0.00430336 0.240026 0.311006 0.040899 0.138939 5.70156e-06 0.0447051 0.00127839 
0.0985845 0.0017032 0.00097667 1.26698e-09 5.59065e-05 3.13889e-06 0.000468541 6.68153e-05 0.157268 0.176305 5.78085e-05 0.00221063 0.13356 0.00850848 0.0385235 0.000869152 2.04362e-05 0.00963648 0.0259429 0.00955019 0.18623 0.000566431 0.1366 7.06884e-07 0.0120709 0.000220165 
0.00159 4.30218e-09 0.00598211 4.55075e-11 7.74152e-05 4.61877e-06 0.000961682 0.000173894 0.000684083 0.0107423 0.0280144 0.000127917 0.0529995 7.99981e-05 0.00290086 0.0216803 3.61054e-05 0.00392716 0.128875 0.00657645 0.414169 0.203825 0.108546 5.8684e-09 0.00777243 0.000253391 
0.00391796 0.000154854 0.008261 1.10861e-10 1.82685e-05 3.8594e-06 4.68943e-05 1.91154e-05 0.00031144 0.0253214 0.000597569 0.000237615 0.0305042 0.00398782 0.048491 0.000284013 3.29855e-08 0.0165603 0.00753899 0.00644814 0.733376 0.00830252 0.0906393 3.32652e-07 0.0149772 5.30753e-08 
0.00273025 4.39771e-06 0.00464516 5.85821e-06 2.24984e-07 0.00308586 1.52975e-07 0.000177707 0.0209621 0.0403283 0.000168301 0.00180377 7.17158e-08 9.50692e-05 0.1099 0.000175043 2.10466e-08 0.0510882 0.0602788 0.00673597 0.367928 0.0130724 0.283196 1.01954e-08 0.0330159 0.000602366 
0.166639 0.00129476 0.00173101 1.66225e-09 2.86729e-05 1.81818e-06 6.90582e-05 4.36024e-05 0.014955 0.0987639 0.000183833 0.000847817 0.0208806 0.0264363 0.00704855 0.00736514 2.14515e-05 0.0474599 0.00786866 0.00342629 0.448272 0.0603832 0.0319302 1.97241e-07 0.0543265 2.21465e-05 
0.0824194 8.38008e-06 0.00497975 4.91085e-09 9.57356e-05 7.11258e-07 4.50128e-05 5.72985e-06 0.0232148 0.0940596 0.0111254 0.00175406 0.0187607 0.0184016 0.0293516 0.00591675 2.83005e-06 0.0248122 0.00851459 0.0230035 0.390057 0.00494647 0.220603 5.27515e-07 0.0375376 0.000382222 
0.0184045 3.23394e-05 0.0042534 2.02715e-06 0.000116236 1.99532e-05 0.0128571 0.00783761 0.0129065 0.0470103 0.000866891 0.0020803 0.0431084 8.94573e-05 0.041009 0.000326793 6.45625e-05 0.011828 0.042853 0.00266926 0.650573 0.0136856 0.0570058 8.48688e-06 0.0299535 0.00043789 
0.0600818 0.000571868 0.00109439 8.42448e-10 1.09591e-06 0.000168354 0.000186559 9.5705e-05 0.000811619 0.0284594 0.00460119 0.00185036 0.00807595 0.0918903 0.0977919 0.00762284 0.000191048 0.0898926 0.0284452 0.0116952 0.206295 0.175909 0.158549 4.55925e-08 0.0235621 0.00215791 
1.88676e-06 1.88426e-06 1.88667e-06 1.88465e-06 1.88401e-06 1.88243e-06 1.88508e-06 0.0126363 0.0954765 1.8871e-06 1.88699e-06 0.159588 1.88621e-06 1.88416e-06 0.000190591 0.0103697 0.00528477 0.113211 0.0164187 0.0535829 0.527928 0.0052845 1.88723e-06 1.88447e-06 1.88722e-06 1.88491e-06 
0.00512016 1.4594e-06 0.00698668 8.03296e-08 0.000437423 2.21821e-07 4.05862e-05 6.8555e-06 6.19012e-05 0.127046 0.0041388 0.000116012 0.0238893 3.5542e-07 0.0350288 0.00175108 2.87461e-06 0.0548519 0.0090276 0.0416199 0.546623 0.0338464 0.106283 1.3115e-08 0.00305469 6.50174e-05 
0.0826857 0.00175655 0.00444851 0.0159412 9.21544e-05 6.92878e-06 0.00556599 6.78424e-05 0.0151492 0.0194965 0.0118264 0.00498573 0.00637063 4.78452e-06 0.000184467 0.0160484 0.00830272 0.21153 0.0101288 0.00206697 0.554687 0.00659434 0.00353844 0.00453808 0.0139459 3.65355e-05 
0.00713965 1.73524e-09 0.00608945 2.16785e-06 8.01784e-06 8.32258e-05 0.00151814 0.000621833 0.00145607 0.000919743 6.27253e-05 0.0478734 0.000167742 1.35674e-11 0.0337026 1.03141e-05 0.389911 0.00426989 0.00288995 0.0113238 0.436057 0.00023854 4.27774e-05 1.2593e-05 0.0555032 9.6347e-05 
0.0433004 0.0002611 0.00392402 3.16053e-09 2.16457e-06 7.16998e-08 0.00336724 0.000371093 0.000106442 0.000523583 4.28228e-05 0.00107611 0.000461834 1.4185e-10 0.0086551 9.80782e-05 0.00205898 0.00287643 0.00143042 0.00183584 0.858921 0.00489521 0.000744892 1.3853e-07 0.064685 0.000362515 
0.166466 1.50545e-05 0.000154928 1.34226e-08 1.23355e-07 7.5253e-05 7.72192e-05 0.000294519 0.00622847 0.000736938 0.00304231 9.38027e-06 1.22325e-10 3.2981e-10 0.147513 0.00314447 1.10091e-05 0.00580273 0.0327733 0.0177536 0.459538 0.0542566 0.0635039 3.32943e-07 0.0356578 0.00294471 
0.00987581 1.10738e-05 0.0132782 1.38379e-06 3.77778e-05 5.18463e-05 0.000944876 0.000794168 0.0111883 0.00310063 0.000226002 0.0552952 0.00122885 4.40853e-08 0.0689061 6.43243e-06 0.260672 0.00383921 0.00560168 0.0405332 0.42947 0.0016265 0.00266142 7.97905e-06 0.0754155 0.0152254 
0.0452815 0.000738746 0.0261362 4.73396e-11 1.78736e-08 3.61591e-08 6.8014e-06 8.94582e-05 0.0139692 0.0527633 5.59075e-07 0.0339994 0.00654784 0.000285043 0.0275414 0.000284958 9.87778e-06 0.0910769 0.0119852 0.00610279 0.543856 0.00619057 0.109699 3.8199e-09 0.0234354 1.56086e-07 
0.00603099 1.19408e-07 0.000153434 8.17484e-11 4.44456e-08 3.03925e-05 1.14663e-06 2.60372e-06 0.0105427 0.0588236 1.83235e-08 0.00267051 3.51087e-06 9.62679e-11 5.83642e-07 0.000406378 2.66418e-08 0.0256694 0.0234318 2.0264e-07 0.451355 0.134684 0.282627 2.06743e-07 0.00356648 4.78157e-08 
0.00375648 6.27619e-12 0.00934911 3.42043e-09 5.14907e-06 1.89071e-06 2.02658e-05 5.50157e-05 4.62551e-05 0.0456844 0.00762087 0.000258904 0.0012676 6.46879e-12 0.2045 1.4862e-05 3.78287e-05 0.0383626 0.0137902 0.00128081 0.33161 0.0605699 0.281246 1.40391e-09 0.000522203 8.254e-09 
0.00167693 4.14581e-05 0.00392064 4.65781e-10 4.90314e-05 2.76175e-05 1.91465e-05 2.35578e-05 0.00523549 0.0560278 0.00207273 0.000850202 0.0102898 1.34402e-09 0.0369039 0.00584512 0.00168609 0.0160458 0.0308626 0.000240303 0.630928 0.0224379 0.168231 8.79913e-07 0.00654004 4.42982e-05 
0.00169063 0.000152086 0.000579802 1.62942e-08 0.00121832 6.91629e-06 0.000521324 1.89202e-05 0.00953975 0.07537 0.00661313 0.0128254 0.00852192 7.68684e-06 0.0536176 0.000496925 1.41064e-05 0.0348811 0.0386761 9.05828e-05 0.402147 0.0155906 0.31474 4.33523e-07 0.0218598 0.000819913 
0.026077 1.13567e-05 0.0098208 6.7637e-09 6.95506e-05 1.98336e-05 0.0183422 0.00042339 0.0736367 0.00897341 0.00892973 0.029507 0.00827936 2.71866e-10 0.0697274 0.000222493 0.00234353 0.104684 0.0135108 0.00166445 0.472232 0.000768879 0.120882 1.36411e-08 0.0296211 0.000252884 
0.0140786 1.07175e-07 0.007772 1.96543e-08 6.80269e-06 7.40874e-08 0.000648521 1.55626e-06 0.000812001 0.00632627 0.00938151 0.00047082 0.00103351 1.60862e-05 0.0396726 0.00234199 0.000139608 0.0227675 0.00171417 0.0106442 0.836026 0.0156387 0.0120286 1.44868e-07 0.018352 0.000126249 
0.00846773 5.19256e-05 0.000582383 4.40449e-07 0.000822765 9.31688e-06 8.42048e-05 0.000121512 0.00710134 0.247872 0.0116854 0.0210727 0.0019701 9.39473e-06 0.0245669 0.00135974 0.00265474 0.123354 0.00639241 0.00209811 0.471716 0.00883824 0.0465342 4.09603e-06 0.0122084 0.000421638 
0.0662859 5.27154e-06 1.09981e-08 0.000156801 1.39359e-05 7.45835e-08 3.48787e-08 3.3146e-06 0.00326786 4.25436e-06 5.88266e-06 9.27367e-06 1.80376e-08 0.250218 5.44828e-09 1.29374e-05 2.03473e-06 0.0311851 0.080465 3.53228e-06 0.341224 0.0205335 0.000320003 0.204801 0.00143105 5.20935e-05 
0.00365089 0.0232631 0.00379097 2.5835e-06 0.000139307 0.000657909 7.56578e-05 0.00869269 0.0773828 0.110944 0.00343713 0.00513018 0.0416971 2.09657e-05 0.0636572 0.0102532 6.77231e-05 0.0576548 0.0534454 0.0102337 0.237868 0.0336077 0.213984 7.68944e-06 0.03939 0.000945329 
0.00323983 0.000340753 0.00926507 4.17265e-10 2.13529e-06 7.53578e-10 7.36241e-06 0.0257328 0.000497787 0.0114446 0.0106285 0.000534684 0.0015805 3.84668e-07 0.004588 0.000950754 4.18464e-06 0.00558923 0.0112465 6.99013e-07 0.815967 0.0107533 0.0560056 5.08955e-06 0.0316029 1.24355e-05 
0.00892476 2.27988e-05 0.0119421 1.40106e-05 9.0324e-05 5.90502e-06 0.00569154 9.40886e-05 0.149375 0.0286114 0.0059737 0.000297014 0.0218618 1.67437e-06 0.0271537 0.00531914 6.56221e-06 0.0426887 0.0395272 0.000536216 0.465062 0.00710481 0.129821 2.48039e-06 0.0498028 6.87512e-05 
0.00807006 1.66652e-05 0.000154649 3.83424e-08 0.000307376 4.19983e-05 3.98156e-05 0.000402745 0.000876468 0.013847 0.000740105 0.00385582 0.000820346 8.09637e-06 0.0131186 0.0113184 7.38029e-05 0.054194 0.00302305 0.0718761 0.695116 0.0862541 0.00241596 1.70457e-05 0.0296126 0.00379972 
0.021991 0.000127413 0.0109529 0.00187643 4.05301e-06 0.000257388 0.000131895 0.000173613 0.0106634 0.00583724 0.00801901 0.00327381 0.00177048 0.000705543 0.0114911 0.000102195 3.38563e-06 0.0241351 0.034253 0.00609188 0.504252 0.00704304 0.28563 2.95039e-06 0.0609453 0.000266231 
0.00603099 1.19408e-07 0.000153434 8.17484e-11 4.44456e-08 3.03925e-05 1.14663e-06 2.60372e-06 0.0105427 0.0588236 1.83235e-08 0.00267051 3.51087e-06 9.62679e-11 5.83642e-07 0.000406378 2.66418e-08 0.0256694 0.0234318 2.0264e-07 0.451355 0.134684 0.282627 2.06743e-07 0.00356648 4.78157e-08 
0.0172464 6.76832e-07 0.000824102 0.000738049 0.000181798 0.000549328 4.65675e-05 6.45339e-05 1.24739e-05 0.21939 1.59959e-05 0.00254257 0.000158079 5.70938e-09 0.0200376 0.000153813 2.31624e-08 0.0988462 0.00265155 0.126827 0.302371 0.0829016 0.104002 2.09452e-06 0.0197746 0.00066095 
2.13764e-11 0.00197421 0.0038538 2.75493e-08 1.12611e-10 1.65295e-10 7.72996e-11 4.77014e-07 0.0310409 0.257975 2.10707e-07 3.49283e-09 0.000100134 1.07782e-10 2.00452e-07 7.75685e-11 1.20866e-07 0.00140264 3.18064e-07 2.5021e-11 0.436655 1.09514e-06 0.266547 9.74743e-11 1.01675e-06 0.000447606 
0.00362534 3.89885e-10 5.91744e-05 1.3257e-06 1.0212e-05 0.00012177 1.27818e-06 0.298502 0.00556284 0.0027059 0.000122853 0.0938207 0.000174083 1.50468e-06 0.0500824 3.20283e-07 0.0121628 0.00021263 0.00370526 0.0477873 0.466972 3.80802e-07 0.00625983 3.63419e-10 0.00810826 1.68374e-07 
0.00391839 3.35804e-08 0.00224717 1.39224e-10 4.85866e-06 9.51053e-05 0.00267825 0.000186237 0.0214508 0.00397812 1.39553e-06 0.0120247 0.000463933 0.000128406 0.0176087 0.00129025 0.00104771 0.00862859 0.0302009 0.0105144 0.805522 0.0397053 0.0244033 7.10474e-07 0.0139005 1.32826e-07 
0.108191 1.63889e-05 0.000492417 4.30019e-07 1.05513e-06 7.76612e-07 2.52974e-06 4.92393e-06 7.32499e-05 0.00246594 6.46998e-08 1.19554e-05 1.87819e-07 5.06396e-07 0.115471 3.64443e-07 9.07767e-05 0.0111879 6.55397e-08 0.0352797 0.691831 0.000126491 0.0347481 4.57967e-07 2.55716e-06 3.89735e-07 
0.0229055 5.61574e-05 0.0141775 2.84944e-07 0.00888095 0.000503059 0.0714416 0.000238569 0.0119532 0.0509276 0.0199136 0.0100966 0.0366431 3.27243e-06 0.0302856 0.0074385 0.000565692 0.0185925 0.0218832 0.238037 0.260829 0.0269964 0.10472 5.21302e-07 0.0285749 0.0143353 
0.0140786 1.07175e-07 0.007772 1.96543e-08 6.80269e-06 7.40874e-08 0.000648521 1.55626e-06 0.000812001 0.00632627 0.00938151 0.00047082 0.00103351 1.60862e-05 0.0396726 0.00234199 0.000139608 0.0227675 0.00171417 0.0106442 0.836026 0.0156387 0.0120286 1.44868e-07 0.018352 0.000126249 
0.0666397 0.000580202 0.00723128 0.00274993 3.46943e-05 0.00584432 0.000170498 7.54814e-05 0.0827797 0.0858194 0.0100203 0.0413742 0.0191531 0.000314355 0.0515307 0.00072797 3.0676e-05 0.0152631 0.0598438 3.53268e-05 0.365062 0.0376703 0.0929069 9.11149e-05 0.0511011 0.00294951 
0.00813813 0.00320428 0.0189928 3.25682e-06 0.00023168 0.000152366 0.000115667 0.0105238 0.0361449 0.0559792 0.0115319 0.00243861 0.0370377 1.60837e-06 0.0682189 0.00381885 2.67777e-05 0.101025 0.065153 0.000235983 0.221023 0.00939982 0.21873 2.15719e-06 0.127763 0.000108211 
0.01847 3.26641e-05 0.00104157 1.58979e-05 0.000412278 0.000115253 0.00148351 0.000539447 0.013246 0.0430098 0.0208403 0.019494 0.000613492 4.50758e-06 0.0178899 0.00221626 9.16185e-05 0.0413014 0.214466 0.0098066 0.340722 0.0478802 0.14133 2.21714e-06 0.0557269 0.00924875 
0.102168 0.00296303 0.0066959 5.31956e-07 0.000114385 0.00629098 0.00149677 6.11214e-06 0.00266407 0.0493849 0.00252056 0.00826978 0.00673144 0.00205857 0.012106 0.0293776 0.00244141 0.0211934 0.0132579 0.00449344 0.43454 0.247 0.0241623 4.44525e-07 0.0164737 0.00358832 
0.0326008 0.000417693 0.0356007 4.03017e-06 0.00216433 5.14596e-06 6.46924e-05 2.84745e-07 0.0300565 0.0111219 1.33245e-07 2.96893e-05 0.255988 1.2938e-06 0.0257888 0.0218182 1.64149e-05 0.0882327 0.00104311 0.00989042 0.352172 0.00650224 0.0574974 6.89453e-07 0.0688114 0.000171004 
0.00893273 5.24448e-06 0.0787733 5.24558e-06 5.24381e-06 5.23939e-06 0.00420264 5.24858e-06 0.0603998 5.25238e-06 5.25209e-06 0.0168063 0.00578015 0.0136402 5.25223e-06 5.24675e-06 0.00368123 0.0646001 5.25207e-06 5.25115e-06 0.7431 5.25114e-06 5.25275e-06 5.24509e-06 5.25272e-06 5.24629e-06 
0.325207 1.77109e-06 0.0149886 1.03702e-08 0.000752108 1.83161e-05 1.17742e-05 2.85263e-05 0.00162651 0.0140559 0.000159052 0.00072229 0.00926645 1.12117e-06 0.0398059 1.66963e-06 1.36959e-07 0.0917443 0.0150717 0.000825275 0.421297 0.00577336 0.0299199 1.5724e-07 0.0287064 1.42846e-05 
0.00385598 1.86009e-05 0.0124216 2.04942e-08 0.000232373 0.00160045 0.0517386 4.73271e-05 0.017382 0.114538 0.00283968 0.000668308 0.00590315 0.00647157 0.0578703 0.000820748 6.2216e-05 0.00800611 0.155716 0.0025749 0.219666 0.0727319 0.188235 3.70979e-05 0.076083 0.000478212 
0.01413 0.000275575 0.000431229 2.23864e-08 0.00284696 3.1962e-06 1.331e-05 0.000133229 0.0110832 0.0618139 0.00932413 0.016941 0.000703055 1.94121e-05 0.0774975 0.000781312 0.00167144 0.0672078 0.0551005 0.0106604 0.608635 0.00373189 0.0410942 2.55476e-07 0.0147108 0.00119104 
0.0315706 0.0015102 0.0128926 4.9555e-08 7.99557e-05 0.00281794 0.0120106 2.09683e-05 0.0415727 0.041823 0.0124146 0.00299281 0.0506395 1.8023e-05 0.0214896 0.00573057 3.295e-05 0.106853 0.0252204 0.000573693 0.416998 0.01318 0.164252 4.23255e-05 0.0347838 0.000480294 
0.00985456 2.38353e-07 0.000604679 4.78243e-11 1.98721e-05 8.63703e-11 1.70662e-08 1.10499e-05 0.00269359 0.293148 0.0078828 2.75746e-05 0.00333035 2.6526e-05 0.0423583 0.000925493 9.86961e-07 0.00855799 0.00319373 0.000873402 0.547128 0.00590246 0.0706207 3.12377e-07 0.00273825 0.000101423 
0.0998417 1.33348e-06 0.000361803 4.65487e-07 0.00240868 8.76294e-07 4.44207e-05 1.24928e-05 0.000237081 0.0368923 1.57238e-06 0.0189126 0.000263174 4.60954e-05 0.111577 0.00210444 6.55239e-11 0.213629 0.00238387 0.104454 0.234159 0.0903334 0.0686727 0.000213426 0.0126528 0.000795925 
0.00985456 2.38353e-07 0.000604679 4.78243e-11 1.98721e-05 8.63703e-11 1.70662e-08 1.10499e-05 0.00269359 0.293148 0.0078828 2.75746e-05 0.00333035 2.6526e-05 0.0423583 0.000925493 9.86961e-07 0.00855799 0.00319373 0.000873402 0.547128 0.00590246 0.0706207 3.12377e-07 0.00273825 0.000101423 
0.00997954 2.95677e-07 0.000650307 4.89771e-11 2.14504e-05 8.84523e-11 1.05883e-07 1.11405e-05 0.00307089 0.287344 0.00972953 3.67236e-05 0.00368778 3.69752e-05 0.0451906 0.000951284 1.19104e-06 0.00893643 0.0035055 0.000925532 0.543115 0.00573122 0.0735685 5.59584e-07 0.00340205 0.000104343 
0.0199168 0.000210599 0.0127697 0.0056096 0.00166315 2.43834e-05 0.0179923 0.000415966 0.0124324 0.0177393 0.00661433 0.0734802 0.00679037 0.000392392 0.101106 0.00305561 0.000264519 0.0298477 0.10193 0.0691754 0.28657 0.0126843 0.184808 1.32591e-05 0.029612 0.00488119 
0.000786959 4.76645e-08 0.00331979 7.38695e-11 2.0267e-06 1.67724e-08 0.0013121 5.69292e-05 0.0283706 0.000409639 6.25411e-08 0.00927463 0.000745392 8.69896e-11 0.00470989 5.4025e-05 0.00141616 0.00729873 0.0018752 0.00121921 0.920792 0.000112354 0.00505599 6.93565e-08 0.0131882 2.098e-07 
0.00283706 9.89165e-07 0.00362551 9.004e-05 0.000108783 8.0694e-07 3.20277e-05 5.39618e-05 0.0413017 0.0631969 0.00833161 0.000347177 0.0616382 6.30592e-05 0.000948399 0.00765047 6.68648e-05 0.0388469 0.00130266 0.00129175 0.690548 0.0447568 0.031517 7.64548e-07 0.00143449 7.90662e-06 
0.00206593 9.41535e-05 0.0010116 2.51884e-08 4.03424e-05 1.58771e-05 0.00125919 0.00415827 0.0297431 0.0103002 0.000232251 0.0156938 0.02192 1.35254e-10 0.019177 0.000198709 1.21313e-05 0.059727 0.00373845 0.00514789 0.763735 0.00612709 0.00934201 1.22319e-10 0.0462522 7.38577e-06 
0.0227877 0.00274753 0.0223394 2.65167e-05 0.00123304 0.000304044 0.000842287 0.00322149 0.0114022 0.0345364 0.0210695 0.00251948 0.0103122 0.000946983 0.12902 0.00731687 4.17081e-05 0.0267462 0.025875 0.0105202 0.300112 0.112221 0.220367 3.04737e-06 0.0323986 0.00108992 
0.00778707 1.63915e-05 0.00165899 4.35229e-09 0.0140008 1.4161e-07 0.0110557 0.000170427 0.0125297 0.038119 0.0134121 0.0265526 0.00391358 0.00521139 0.017492 8.96155e-05 0.0209095 0.0149726 0.0476314 0.0180705 0.601617 0.00395754 0.0958677 1.27794e-05 0.0447564 0.0001956 
0.120366 0.00126882 0.00103022 1.12599e-09 3.59329e-05 1.05254e-06 3.98564e-05 3.03989e-05 0.00889066 0.214935 0.000136752 0.00543955 0.0158256 0.0172543 0.0091483 0.00564798 0.00184038 0.062811 0.0109326 0.00709326 0.36566 0.0427141 0.0737362 1.06718e-06 0.0351432 1.7431e-05 
0.0230893 0.00191266 0.0042998 1.02014e-08 0.00344444 1.42306e-05 0.000289849 0.0175277 0.00174899 0.0507628 0.0272083 0.00272074 0.00163501 1.26062e-05 0.0383398 0.00186381 0.0033793 0.0443949 0.0557755 0.119742 0.402121 0.0559376 0.0870996 2.10354e-05 0.0456373 0.011021 
0.00709308 0.0179642 0.00965846 0.000468888 0.00313719 1.23346e-05 0.00337778 0.000961944 0.00882146 0.102485 0.00307137 0.0634509 0.00252241 2.61089e-06 0.00841952 0.000401537 2.08388e-05 0.034117 0.0117723 0.00111562 0.443811 0.0444092 0.21212 3.24352e-05 0.0206163 0.00013754 
0.0512549 0.000127951 0.00466492 1.37364e-06 7.12379e-05 0.0118093 0.00186356 0.000628699 0.0273303 0.0710608 0.00497125 0.140839 0.00053971 2.45739e-05 0.0262935 0.0035794 0.0712068 0.0532059 0.030176 0.00767308 0.377955 0.00609303 0.0517143 1.75114e-05 0.056261 0.000636342 
0.0144043 0.000425943 0.0045485 0.000439062 3.688e-05 4.31265e-06 0.00152081 0.000316296 0.01689 0.19101 0.00314882 0.0216726 0.00857226 0.00136104 0.014876 0.00501883 1.13706e-05 0.0418373 0.0471493 0.00135105 0.36096 0.088756 0.154304 2.4667e-06 0.0207044 0.000679289 
0.00713965 1.73524e-09 0.00608945 2.16785e-06 8.01784e-06 8.32258e-05 0.00151814 0.000621833 0.00145607 0.000919743 6.27253e-05 0.0478734 0.000167742 1.35674e-11 0.0337026 1.03141e-05 0.389911 0.00426989 0.00288995 0.0113238 0.436057 0.00023854 4.27774e-05 1.2593e-05 0.0555032 9.6347e-05 
0.00826424 1.92908e-06 0.0119067 1.44572e-09 0.00568012 8.68494e-07 8.96411e-05 0.000556885 0.010042 0.0173192 0.000171295 0.0484665 0.00061268 3.29244e-06 0.0117682 2.41709e-07 0.000556547 0.174014 6.98147e-07 0.0755183 0.601274 0.0114765 0.00116523 1.53968e-09 0.019186 0.00192529 
0.0062392 6.97743e-08 0.0127292 6.97889e-08 0.00224652 6.97066e-08 0.000572466 0.000551717 0.00881072 0.0615919 0.235138 6.98524e-08 0.0390861 6.97707e-08 6.98774e-08 0.0359143 0.000146789 0.0239862 0.0260636 0.00208898 0.281199 0.0352319 0.106867 6.97824e-08 0.116825 0.00471146 
0.00611329 0.00221298 0.011664 2.04834e-07 0.00213796 0.000137115 0.0714359 0.000253397 0.0585726 0.177167 0.00927197 0.00127734 0.00390139 0.00794694 0.00012084 0.00134055 0.000323042 0.133946 0.0125642 0.00216952 0.418989 0.0320762 0.0110264 1.91519e-05 0.0347412 0.000591094 
0.00713965 1.73524e-09 0.00608945 2.16785e-06 8.01784e-06 8.32258e-05 0.00151814 0.000621833 0.00145607 0.000919743 6.27253e-05 0.0478734 0.000167742 1.35674e-11 0.0337026 1.03141e-05 0.389911 0.00426989 0.00288995 0.0113238 0.436057 0.00023854 4.27774e-05 1.2593e-05 0.0555032 9.6347e-05 
0.019928 0.000110862 0.000291377 4.47929e-08 0.00284651 7.18677e-06 0.00265893 0.000569137 0.00103365 0.164831 0.000125331 0.00336105 5.21272e-05 0.000132941 0.0320165 3.00903e-05 0.00180116 0.294867 0.00947668 0.0476367 0.34524 0.0187615 0.0426151 3.55609e-07 0.0116021 4.20704e-06 
0.00613912 3.42463e-05 0.000366409 6.097e-07 9.93942e-06 9.79627e-05 4.06124e-06 6.97996e-05 0.000863543 0.00971602 0.000167105 0.000865272 0.000499573 7.1799e-07 0.0057251 0.000223031 6.34498e-06 0.0116928 0.0152676 0.00699698 0.854589 0.0153283 0.0366935 8.58409e-06 0.0340979 0.000536733 
0.0185384 0.00113304 0.0087187 1.72674e-07 5.01281e-05 2.94476e-06 0.00111313 0.00720861 0.0413837 0.0731414 0.0150035 0.00634494 0.00381433 0.000310557 0.206873 0.000823624 0.0309739 0.0147035 0.0200047 0.0213679 0.288659 0.0247593 0.141477 0.000293331 0.0576067 0.0156947 
0.00365224 0.000221905 0.0302761 2.10013e-08 0.000866127 8.55912e-07 0.000290058 0.000218597 0.00429831 0.174522 0.00592394 0.12167 0.00162224 5.36714e-05 0.00782355 0.000395239 0.00562792 0.00618477 0.127319 0.0279892 0.24228 0.00355994 0.21622 1.07744e-05 0.0175307 0.00144297 
0.00130758 5.75332e-08 0.0102606 7.67533e-09 9.44356e-09 4.24754e-06 0.000826738 8.14885e-06 0.0264792 0.0394381 6.3688e-07 8.81319e-06 0.0244859 9.03856e-09 0.0259605 3.6839e-06 1.84254e-09 0.0309569 0.00765745 1.13667e-05 0.711776 0.000367386 0.111157 2.65743e-07 0.00922253 6.72987e-05 
0.0148966 1.85516e-05 0.00353022 0.000185345 1.22858e-06 4.06987e-05 4.11928e-06 5.74413e-05 0.00537842 0.000342889 0.00086929 0.000201768 0.00122089 0.000543774 0.0047617 0.0025446 5.54999e-06 0.0057986 0.00361554 0.000442403 0.927384 0.00312702 0.00321576 0.000641336 0.0210958 7.63114e-05 
0.003961 0.00161282 0.00934892 3.24221e-05 0.0004057 1.3002e-05 0.000332191 4.50412e-05 0.0766258 0.0366532 0.00116771 0.0084306 0.0299983 3.36588e-06 0.0181153 0.00550738 0.0243224 0.024529 0.0334815 0.0756888 0.435509 0.00451978 0.147639 5.00812e-05 0.0620045 3.3843e-06 
0.00778707 1.63915e-05 0.00165899 4.35229e-09 0.0140008 1.4161e-07 0.0110557 0.000170427 0.0125297 0.038119 0.0134121 0.0265526 0.00391358 0.00521139 0.017492 8.96155e-05 0.0209095 0.0149726 0.0476314 0.0180705 0.601617 0.00395754 0.0958677 1.27794e-05 0.0447564 0.0001956 
0.0134011 2.24811e-06 0.00169948 2.46429e-08 0.000472019 6.28539e-06 5.54402e-05 0.000120922 0.000920551 0.0160859 0.00186495 0.000495752 0.000701167 4.501e-05 0.10807 0.00143686 7.96219e-06 0.145127 0.00510454 0.0355244 0.498912 0.0701119 0.0917222 4.88719e-07 0.00795699 0.000154062 
0.00985456 2.38353e-07 0.000604679 4.78243e-11 1.98721e-05 8.63703e-11 1.70662e-08 1.10499e-05 0.00269359 0.293148 0.0078828 2.75746e-05 0.00333035 2.6526e-05 0.0423583 0.000925493 9.86961e-07 0.00855799 0.00319373 0.000873402 0.547128 0.00590246 0.0706207 3.12377e-07 0.00273825 0.000101423 
