2.17008e-11 0.0389872 2.94929e-05 9.29149e-11 1.1432e-10 6.54601e-07 2.19802e-07 3.04088e-07 0.958176 6.22065e-08 1.07658e-07 0.00234192 4.05824e-11 1.09418e-10 3.43346e-08 7.87457e-11 0.000461473 8.43362e-08 1.35962e-07 2.54007e-11 2.05136e-11 2.5382e-11 2.56759e-07 3.66226e-07 9.83627e-07 2.44295e-07 
3.66258e-06 7.72659e-05 1.33026e-06 5.48935e-09 0.00119803 9.91373e-09 2.20601e-06 0.00481646 0.00271388 0.0458958 0.0129444 1.03149e-05 2.39758e-09 4.05622e-05 0.0114669 4.65224e-09 0.00143314 0.130106 0.669149 3.58789e-06 1.21193e-09 0.0131945 1.55879e-05 2.18562e-05 0.106905 4.97511e-09 
0.0645501 5.08902e-08 0.0103558 4.09379e-11 4.15516e-06 7.39335e-11 3.45747e-11 0.106641 0.00189688 0.000793202 0.000769914 0.000229438 2.29679e-09 4.82089e-11 0.00024812 0.00153115 9.82756e-12 0.000133479 0.0022764 5.9049e-10 9.0382e-12 8.74492e-05 0.000277207 4.35985e-11 0.807905 0.00230133 
1.48453e-05 0.00343053 2.43305e-05 5.33854e-09 2.43083e-05 9.64136e-09 0.000131234 0.000907768 0.896806 0.00217794 0.00897505 0.0010643 0.00296997 6.28672e-09 4.90099e-07 0.000227585 0.000123523 1.38679e-05 0.0188483 0.000407057 1.17863e-09 0.00114939 0.0128761 0.00436743 0.04545 9.75299e-06 
7.94231e-05 2.81648e-08 3.66825e-05 2.46508e-08 3.03298e-08 4.45192e-08 2.03583e-06 1.49372e-08 0.94299 0.00118698 0.00111816 0.000392158 0.0116838 2.90291e-08 2.32293e-05 2.08917e-08 2.90298e-06 7.54264e-07 8.36382e-05 5.3763e-05 5.44237e-09 1.64902e-05 0.000620428 2.62529e-08 0.0416957 1.35334e-05 
0.000180423 5.04933e-07 0.00157785 4.41935e-07 5.43747e-07 7.98131e-07 1.00644e-05 0.00362976 0.958117 0.000895178 3.89707e-06 0.00288697 0.00108712 5.20428e-07 0.0070279 0.00221561 9.34676e-06 2.84777e-05 0.0025242 1.20815e-07 9.75697e-08 1.20726e-07 0.000544771 4.70657e-07 0.0181602 0.00109769 
0.0112162 3.70537e-08 0.00353752 3.24307e-08 3.9902e-08 5.85696e-08 0.000306518 0.0369978 0.016256 0.00279232 0.00241841 2.69738e-05 0.00131998 3.81908e-08 7.68098e-05 2.74851e-08 4.40667e-06 1.70835e-05 0.000768701 8.86579e-09 7.16e-09 2.41461e-05 7.96655e-06 3.45385e-08 0.924183 4.6054e-05 
0.000198416 0.00135185 0.012274 4.7563e-07 5.85205e-07 0.000205032 4.01701e-07 0.00386272 0.900965 0.00225098 3.3655e-05 0.00889019 2.07741e-07 5.60107e-07 0.000904612 4.03098e-07 3.28209e-05 2.64059e-05 0.000742463 0.000317761 1.05009e-07 0.00051285 0.00910161 5.06542e-07 0.0582493 7.6621e-05 
0.0011925 1.04844e-06 0.0104909 4.14699e-10 0.000371248 7.48944e-10 4.34155e-07 0.0280406 0.12528 0.045967 0.0487562 1.56692e-10 1.18599e-06 9.94207e-07 0.031638 1.24727e-07 9.95528e-11 9.60711e-07 0.00125766 1.13369e-10 9.15566e-11 1.45673e-07 2.68664e-06 4.41652e-10 0.706997 8.23893e-07 
2.71401e-07 5.64886e-05 0.000122211 0.00262694 1.84403e-08 8.929e-05 2.53117e-05 2.72362e-05 0.286053 0.0844055 0.00209242 0.00711667 6.54608e-09 8.46789e-05 1.77854e-05 1.2702e-08 0.000133439 4.06613e-07 0.240678 4.09723e-09 3.30892e-09 5.52452e-07 1.12415e-06 0.360555 0.0159141 1.35835e-08 
3.92026e-06 1.84354e-06 0.333781 3.81881e-06 5.61605e-08 8.68824e-06 0.0238366 2.76587e-08 0.395911 0.00172561 0.000788627 4.48066e-05 1.94648e-06 0.00432846 3.21212e-06 1.43489e-06 3.80239e-07 0.00182114 0.0170193 0.00904325 1.00774e-08 0.000239591 0.0287095 4.86115e-08 0.182724 1.72713e-06 
0.00296406 1.9621e-07 0.96263 1.7173e-07 2.11292e-07 3.10143e-07 0.00102991 0.00502621 0.00186905 0.000521143 0.000671814 0.00115506 0.000637627 2.02231e-07 0.00457195 0.00205228 4.12255e-08 0.000815466 0.00202847 0.000530546 3.79142e-08 0.00187654 0.00301162 7.33388e-05 0.00641686 0.00211689 
1.33003e-08 5.48757e-05 9.77711e-07 5.69471e-08 2.0688e-05 1.02846e-07 0.0294639 0.0213573 0.593449 0.00492034 1.7883e-06 8.75525e-06 0.0466075 6.70616e-08 0.00126324 0.0449145 1.36707e-08 0.0290712 9.37339e-06 1.5568e-08 1.25727e-08 3.63231e-05 0.21971 6.06483e-08 0.00910941 5.16123e-08 
0.0524761 2.05122e-07 4.78112e-08 1.7953e-07 2.2089e-07 3.24231e-07 6.12402e-05 0.00211781 0.889999 0.000736081 2.23026e-05 0.000188798 0.000141245 1.37618e-06 5.79094e-06 7.79995e-06 3.58664e-06 0.00408158 0.0371095 0.000603229 3.96364e-08 5.94249e-06 0.00226403 0.000324912 0.00982089 2.79521e-05 
3.90355e-07 9.65174e-08 4.35376e-07 5.89064e-11 7.24771e-11 1.06385e-10 6.25821e-07 0.00126 0.169597 0.0252712 7.47559e-09 0.00986984 1.6705e-05 6.93688e-11 2.88602e-07 1.26592e-06 0.00278982 1.05734e-06 0.113704 8.03901e-07 1.30053e-11 0.000929093 0.00176142 0.674796 3.07735e-07 5.3388e-11 
0.0645501 5.08902e-08 0.0103558 4.09379e-11 4.15516e-06 7.39335e-11 3.45747e-11 0.106641 0.00189688 0.000793202 0.000769914 0.000229438 2.29679e-09 4.82089e-11 0.00024812 0.00153115 9.82756e-12 0.000133479 0.0022764 5.9049e-10 9.0382e-12 8.74492e-05 0.000277207 4.35985e-11 0.807905 0.00230133 
1.68269e-11 0.612874 1.062e-06 7.20468e-11 8.86448e-11 1.30116e-10 0.00168142 4.41494e-08 0.239122 0.00134873 0.0503745 0.0235861 0.000347554 8.48431e-11 1.68122e-08 6.10599e-11 0.000595208 0.000536649 0.00391627 0.000227831 1.59064e-11 1.96814e-11 6.31494e-09 0.000303949 0.0645102 0.000573846 
0.0165474 0.235259 4.80179e-06 4.42754e-05 0.0631366 5.31725e-07 2.48659e-07 0.00574979 0.375424 0.0483438 7.50695e-05 0.0650426 4.66083e-05 2.66634e-06 0.000216401 2.49524e-07 0.0135062 0.0345518 0.00776387 0.000278165 6.50021e-08 0.133843 2.67348e-05 1.37138e-05 6.78862e-05 5.56094e-05 
3.76511e-06 1.61933e-08 0.130349 1.49859e-05 1.74381e-08 2.21328e-05 0.0390926 3.98983e-07 0.534968 0.000223849 0.000221684 9.24806e-06 0.113654 1.89788e-05 3.25914e-06 5.55211e-06 3.40237e-09 0.0589336 0.0423976 7.08383e-07 3.12909e-09 0.00598319 0.0119281 1.50941e-08 0.05897 0.00319923 
0.0734192 0.00353853 0.000437032 8.37841e-08 1.64511e-05 1.51314e-07 1.77579e-05 0.000196839 0.100081 6.46553e-07 0.0306843 4.20345e-05 3.65943e-08 9.86651e-08 1.24977e-05 7.10073e-08 6.3385e-07 0.00655782 0.00251942 2.29046e-08 1.84977e-08 1.33316e-05 0.14937 8.92295e-08 0.633089 3.57622e-06 
9.08613e-07 0.0167639 0.00502412 6.58461e-08 8.10157e-08 0.000631918 0.00363219 0.00248531 0.769368 1.74929e-05 0.00253134 0.000281506 2.87596e-08 0.00150996 4.6013e-07 3.03756e-05 6.64292e-05 6.93806e-06 0.00923831 2.81233e-06 1.45374e-08 0.000304705 0.00983711 0.00248884 0.175777 5.96777e-08 
4.82283e-10 4.33414e-05 2.92213e-06 2.06496e-09 2.54068e-09 6.55195e-06 2.09178e-05 0.000664701 0.951868 0.0050857 0.000365578 0.00139177 7.02675e-06 1.10412e-05 3.437e-07 1.75006e-09 0.000259654 0.00242856 8.92514e-06 1.26604e-06 4.55898e-10 5.64096e-10 0.00577183 5.30184e-06 0.0320537 2.44543e-06 
2.21296e-06 1.08258e-05 2.52334e-06 9.47509e-06 1.16579e-05 0.000560672 8.00234e-06 5.74146e-06 0.997645 0.000317653 0.000109276 3.01337e-05 4.13843e-06 1.1158e-05 2.16469e-05 8.03017e-06 2.27459e-06 2.5729e-05 0.000856632 0.000155395 2.0919e-06 2.58836e-06 0.000162742 1.00909e-05 1.55583e-05 8.58746e-06 
0.000821787 0.0182915 5.1391e-05 1.39e-10 2.24439e-07 2.51032e-10 5.36596e-05 2.87148e-05 0.227236 0.00355668 1.23691e-06 0.00313508 6.07108e-11 1.63688e-10 0.00128952 1.17803e-10 0.00112642 7.80468e-08 0.0944915 6.43685e-05 3.06881e-11 7.46225e-07 0.000145679 0.647853 0.00185204 2.4233e-07 
0.000623943 0.00050118 8.9689e-05 9.89153e-08 0.000796448 0.00017948 1.43605e-05 5.72415e-05 0.856073 0.0172884 3.721e-06 0.00367048 9.17223e-06 1.16484e-07 9.90005e-05 8.38311e-08 2.22274e-05 1.46985e-05 0.0971658 6.81047e-06 2.18384e-08 1.92144e-05 0.0163451 0.00596293 0.00105705 8.96489e-08 
0.0479234 0.0236707 0.00399139 0.00463338 3.99515e-05 9.18839e-05 2.59206e-07 0.0542076 0.468426 0.00172262 0.000292961 0.0217168 0.000287287 3.61421e-07 0.0100943 3.41826e-05 0.000153921 6.20943e-05 0.0147582 8.39021e-08 6.77592e-08 0.00082624 0.249762 0.000532463 0.0967309 4.07654e-05 
0.000164251 6.43963e-09 0.00302979 5.63619e-09 6.93465e-09 3.09198e-05 2.57502e-06 0.000835751 0.706511 1.50512e-06 2.57097e-07 0.00245797 1.74629e-06 6.832e-06 9.22403e-06 1.73213e-06 2.82858e-07 3.01204e-06 0.0437101 1.5408e-09 1.24435e-09 0.000923234 0.0454728 1.07645e-06 0.196829 7.08649e-06 
0.000447582 4.85457e-05 5.25173e-05 2.1455e-08 1.85132e-09 2.71743e-09 0.000146152 9.11761e-10 0.419445 0.355074 5.07511e-07 0.00800222 2.78032e-06 1.77192e-09 0.0275534 1.29467e-05 0.00148184 0.00689268 0.084453 6.35971e-06 3.32199e-10 0.00257168 0.0671085 2.99059e-07 0.0266986 1.65415e-06 
6.31117e-08 3.08741e-07 7.19633e-08 2.70221e-07 3.32474e-07 4.88017e-07 2.28219e-07 0.000671503 0.00101849 0.001224 0.000158602 1.02102e-07 1.18024e-07 0.000318533 3.92499e-05 2.29013e-07 6.48693e-08 0.000410648 0.00212517 7.3872e-08 5.96589e-08 7.38177e-08 0.000191831 0.00152554 0.000398866 0.991915 
0.0949375 0.0403669 0.00264723 1.5033e-08 0.0245988 2.71496e-08 1.40855e-05 9.10932e-09 0.331736 2.64481e-05 1.35052e-06 1.91673e-05 6.56598e-09 1.77031e-08 0.0366171 1.27406e-08 1.33952e-05 0.236292 0.187312 1.22834e-05 3.31897e-09 2.18109e-06 0.0328814 1.31324e-05 0.0125089 1.36247e-08 
7.94231e-05 2.81648e-08 3.66825e-05 2.46508e-08 3.03298e-08 4.45192e-08 2.03583e-06 1.49372e-08 0.94299 0.00118698 0.00111816 0.000392158 0.0116838 2.90291e-08 2.32293e-05 2.08917e-08 2.90298e-06 7.54264e-07 8.36382e-05 5.3763e-05 5.44237e-09 1.64902e-05 0.000620428 2.62529e-08 0.0416957 1.35334e-05 
0.0271117 2.42851e-11 0.245843 2.12552e-11 2.61519e-11 3.83867e-11 0.000905184 0.030048 0.0124923 0.00175453 0.00216201 0.00254488 0.000670897 2.50303e-11 0.114194 0.00358183 5.10253e-12 0.00227106 0.0194579 0.000742095 4.69269e-12 0.00929071 0.103141 3.63996e-06 0.420221 0.00356359 
3.16501e-11 0.00146921 9.63615e-07 1.35514e-10 1.66733e-10 8.32352e-07 1.1445e-10 0.00896895 0.517426 0.00525021 9.9927e-08 0.088534 5.91883e-11 3.00031e-06 4.43392e-07 2.88281e-06 0.000816331 3.34605e-06 0.164185 0.00696673 2.99186e-11 8.81091e-07 0.0358168 2.23712e-06 0.170534 1.87791e-05 
0.00716898 0.00108852 9.99994e-05 1.39004e-06 0.000165001 1.28886e-09 0.00483832 0.000492802 0.642777 0.106215 0.000402173 0.0140415 0.0996376 0.00227507 3.66819e-06 0.00155731 0.000239574 0.04148 0.0135611 2.67789e-07 1.5756e-10 0.000116108 0.0230838 5.64253e-05 0.0406982 6.46803e-10 
0.0645501 5.08902e-08 0.0103558 4.09379e-11 4.15516e-06 7.39335e-11 3.45747e-11 0.106641 0.00189688 0.000793202 0.000769914 0.000229438 2.29679e-09 4.82089e-11 0.00024812 0.00153115 9.82756e-12 0.000133479 0.0022764 5.9049e-10 9.0382e-12 8.74492e-05 0.000277207 4.35985e-11 0.807905 0.00230133 
0.00869051 3.43311e-05 0.00102343 0.000144059 1.29477e-05 0.129147 0.0148839 0.00607226 0.505277 0.221045 1.11949e-06 0.00189528 0.0560614 4.92457e-08 0.000955471 3.24447e-06 6.54691e-07 0.00990972 0.00584444 0.00404568 9.23258e-09 4.66729e-06 0.0201486 1.47448e-06 0.014747 4.94238e-05 
0.0001091 4.4414e-05 6.84136e-07 2.09016e-08 5.10874e-05 3.77482e-08 5.59487e-05 1.26654e-08 0.116655 0.311803 9.97075e-06 0.0477882 9.12919e-09 2.4614e-08 0.143991 1.29744e-05 5.01765e-09 0.0554969 0.181206 5.71401e-09 4.61463e-09 0.059972 0.071371 2.22601e-08 0.0114232 8.02171e-06 
1.68269e-11 0.612874 1.062e-06 7.20468e-11 8.86448e-11 1.30116e-10 0.00168142 4.41494e-08 0.239122 0.00134873 0.0503745 0.0235861 0.000347554 8.48431e-11 1.68122e-08 6.10599e-11 0.000595208 0.000536649 0.00391627 0.000227831 1.59064e-11 1.96814e-11 6.31494e-09 0.000303949 0.0645102 0.000573846 
0.00800128 6.37187e-10 0.0297318 5.57688e-10 6.86168e-10 1.00718e-09 4.71005e-10 0.000960204 0.247697 0.00164325 0.000595963 0.0014903 2.43581e-10 6.5674e-10 0.0356915 0.000543457 0.000118812 1.66727e-06 0.020007 7.29758e-07 1.23126e-10 0.000707015 0.0267172 3.03774e-07 0.622771 0.00332195 
2.84671e-05 0.000498379 0.893054 8.6591e-07 1.0654e-06 5.24662e-06 7.31318e-07 0.00503109 0.0743312 0.000119411 0.000415662 3.2718e-07 4.89566e-05 1.01971e-06 0.00252261 7.33862e-07 8.45047e-06 1.24484e-06 5.26746e-05 3.61511e-06 1.91174e-07 9.44121e-05 0.00498117 0.000211021 0.0185865 7.84791e-07 
3.29314e-05 0.935237 0.000960714 4.6844e-07 5.76359e-07 8.46e-07 3.95629e-07 0.00440001 0.0323362 0.00222117 0.00043705 1.76998e-07 2.046e-07 5.51641e-07 0.0073048 3.97005e-07 1.12454e-07 1.98705e-05 0.00097819 1.28061e-07 1.03422e-07 0.00175327 0.00441481 0.00204592 0.00785376 4.24557e-07 
2.17008e-11 0.0389872 2.94929e-05 9.29149e-11 1.1432e-10 6.54601e-07 2.19802e-07 3.04088e-07 0.958176 6.22065e-08 1.07658e-07 0.00234192 4.05824e-11 1.09418e-10 3.43346e-08 7.87457e-11 0.000461473 8.43362e-08 1.35962e-07 2.54007e-11 2.05136e-11 2.5382e-11 2.56759e-07 3.66226e-07 9.83627e-07 2.44295e-07 
0.000313897 0.000435752 0.000256361 2.63006e-08 8.41678e-05 4.74988e-08 0.0023279 7.01386e-05 0.00161674 0.00212233 0.000291249 0.00122333 0.981773 0.00288352 0.00102879 0.000646429 0.000238666 0.00267364 0.0007993 7.18998e-09 5.80661e-09 7.61649e-05 0.000820618 0.000131675 0.000186486 2.38368e-08 
0.0910856 0.0584851 0.00844822 0.049615 3.62323e-06 1.32179e-06 7.00933e-05 0.001964 0.0502423 0.00467938 0.000161269 5.5877e-07 0.00273948 0.000300547 0.000161059 0.00634704 0.000575208 0.00695317 0.0119891 2.05419e-06 1.61586e-07 0.0130469 0.00041835 0.201773 0.490936 6.63327e-07 
0.0108581 0.00533794 6.9389e-05 1.01641e-06 0.000123451 4.98185e-05 0.000643694 0.00157395 0.547256 0.0520336 2.84694e-06 0.00617664 0.00885294 4.27947e-05 0.00272215 2.95412e-06 0.000124606 0.0410349 0.214219 0.00011349 1.23957e-08 0.0284082 0.0438268 8.83977e-05 0.0327479 0.00368906 
9.53283e-07 2.90857e-06 2.61785e-05 1.93969e-05 5.39934e-10 7.92534e-10 1.7568e-05 2.65914e-10 0.829203 9.25364e-07 6.66866e-09 0.0121031 1.93586e-08 5.16778e-10 0.00258661 3.71915e-10 0.00227787 5.1122e-06 0.0210145 6.11953e-07 9.68854e-11 1.19879e-10 0.0228574 4.67357e-10 0.109881 2.42652e-06 
3.25294e-07 1.57557e-08 0.000822634 0.00060953 1.69669e-08 2.49046e-08 0.000552059 2.51518e-06 0.865971 0.0523707 2.09556e-07 0.000158404 6.08325e-07 1.62392e-08 2.80185e-05 1.16871e-08 7.15083e-05 0.000160646 4.85524e-05 3.76986e-09 3.04453e-09 1.50721e-05 0.0790012 1.46862e-08 0.000111023 7.62512e-05 
0.000443982 1.53039e-06 0.00067856 2.57575e-07 3.16914e-07 0.000146864 0.00116702 0.000105521 0.608235 0.00130388 0.0902523 0.135989 1.12501e-07 3.03323e-07 0.000651039 2.18296e-07 6.18335e-08 0.0499462 7.38379e-06 0.000674062 5.6867e-08 6.42128e-05 0.00019377 3.91123e-06 0.100574 0.00956078 
1.33003e-08 5.48757e-05 9.77711e-07 5.69471e-08 2.0688e-05 1.02846e-07 0.0294639 0.0213573 0.593449 0.00492034 1.7883e-06 8.75525e-06 0.0466075 6.70616e-08 0.00126324 0.0449145 1.36707e-08 0.0290712 9.37339e-06 1.5568e-08 1.25727e-08 3.63231e-05 0.21971 6.06483e-08 0.00910941 5.16123e-08 
5.4443e-07 0.577239 0.00152752 7.54049e-10 9.27765e-10 1.40419e-06 0.000246677 4.21595e-07 0.148196 0.00171295 0.00131458 0.0294896 0.00224385 6.67995e-07 4.70175e-06 6.39059e-10 0.00076505 0.000167887 0.00523692 0.00539554 1.66478e-10 2.05987e-10 9.74291e-07 0.013282 0.213173 1.87735e-07 
0.0022642 0.00117193 0.000530106 9.03025e-09 3.02187e-06 1.63086e-08 8.33102e-05 5.60989e-05 0.468385 0.0905465 0.00112917 4.37794e-05 0.00677797 0.000103195 3.68159e-05 0.000426914 0.000217286 0.00122403 0.0310046 0.0154184 1.99368e-09 6.33216e-05 0.0755154 0.000121496 0.106323 0.198555 
2.38102e-10 0.00961647 0.00300491 1.01946e-09 1.25433e-09 2.46079e-06 8.61005e-10 0.00223068 0.862647 0.000141098 0.00055663 1.54375e-06 1.96915e-06 7.98935e-05 1.29097e-07 1.02371e-06 0.000143868 0.00028141 2.18583e-06 0.00816191 2.25076e-10 2.78492e-10 0.000920224 1.08572e-09 0.111944 0.000262643 
0.0165474 0.235259 4.80179e-06 4.42754e-05 0.0631366 5.31725e-07 2.48659e-07 0.00574979 0.375424 0.0483438 7.50695e-05 0.0650426 4.66083e-05 2.66634e-06 0.000216401 2.49524e-07 0.0135062 0.0345518 0.00776387 0.000278165 6.50021e-08 0.133843 2.67348e-05 1.37138e-05 6.78862e-05 5.56094e-05 
1.21227e-10 5.77579e-06 8.30434e-07 2.81333e-07 6.38629e-10 9.37402e-10 2.37604e-07 3.85721e-05 0.922277 0.00285961 3.50156e-07 0.00957962 2.26706e-10 7.56755e-07 0.000125204 2.54973e-07 6.74248e-07 1.7731e-07 0.00201107 1.41896e-10 1.14595e-10 1.41792e-10 0.00501192 2.77758e-06 0.0580845 6.18559e-07 
2.23772e-07 1.09469e-06 1.49981e-05 9.5811e-07 1.17884e-06 1.46906e-05 0.00208281 5.8057e-07 0.993507 0.00129943 1.91164e-05 0.000244397 0.000213344 1.12828e-06 2.89628e-06 8.12002e-07 1.00204e-05 4.22199e-06 0.00250724 4.28611e-05 2.1153e-07 1.82995e-06 1.4615e-05 1.02038e-06 8.17645e-06 5.51404e-06 
0.0241696 2.35017e-05 0.00477039 2.37975e-07 1.97908e-06 5.60089e-05 6.6973e-07 1.05018e-06 0.201233 8.43246e-06 1.73845e-07 3.1371e-06 4.94718e-11 1.33519e-07 0.0427187 9.59947e-11 1.04144e-06 6.8845e-07 0.656138 3.09647e-11 2.5007e-11 2.16903e-08 0.0668612 6.64678e-06 0.00400476 1.02657e-10 
1.01942e-10 3.9402e-06 0.00248608 4.36478e-10 5.37033e-10 2.68093e-06 3.68634e-10 4.81389e-06 1.04422e-05 0.00181452 3.21856e-07 1.88836e-05 1.9064e-10 9.66374e-06 1.42813e-06 3.69917e-10 1.19461e-06 1.07773e-05 1.24135e-05 0.0094985 9.63649e-11 2.83791e-06 2.96554e-06 7.20557e-06 0.986051 6.04859e-05 
9.869e-08 0.00767559 2.47487e-06 6.29391e-08 0.000304493 1.13668e-07 0.000480123 0.000284839 0.822609 0.0359433 1.12768e-06 0.00545408 2.74899e-08 7.41178e-08 0.00100377 5.33411e-08 4.32829e-05 4.7624e-05 0.0317611 0.00831627 1.38956e-08 7.23187e-05 0.0115913 0.0687855 0.00562351 5.7043e-08 
0.00168856 1.69997e-06 0.0572756 1.48787e-06 1.83064e-06 2.68709e-06 0.000326459 2.81084e-05 0.756971 0.00328839 0.0416757 0.000866372 0.0317115 0.00158933 1.64857e-05 1.26098e-06 0.000884002 0.000453988 0.0231187 0.000878368 3.2849e-07 1.70523e-05 0.00437402 0.00029814 0.0741547 0.000374677 
5.64393e-05 3.38497e-07 7.88991e-08 2.96265e-07 3.64518e-07 5.35052e-07 5.91246e-06 0.000349819 0.842565 0.0150344 8.26247e-05 0.000181536 1.29399e-07 0.000166078 2.04622e-05 7.70307e-05 8.77041e-06 0.000213902 0.132106 8.09918e-08 6.54089e-08 8.09322e-08 0.00286589 0.000794678 0.000354661 0.00511498 
1.95518e-06 1.52473e-07 0.00115157 4.169e-11 1.12899e-07 4.81942e-07 3.5562e-09 4.54973e-08 0.02519 0.000625777 1.19242e-08 1.57524e-11 2.87719e-07 9.82382e-08 0.00191645 0.781998 1.00081e-11 5.36694e-07 0.0605184 1.04864e-07 9.20425e-12 0.125961 0.00263486 3.4636e-07 2.79732e-08 3.77844e-11 
0.00177044 6.3974e-07 0.00227273 2.75698e-10 0.00298108 0.113534 1.53075e-06 1.6706e-10 0.00932679 0.0165029 6.35577e-07 0.000334483 0.000106358 3.24666e-10 1.84618e-07 2.26196e-06 6.61842e-11 0.000793484 0.00749292 0.000475376 6.08683e-11 1.09954e-08 0.001101 1.98967e-07 0.843302 1.93585e-07 
3.2154e-07 0.545115 0.00021588 2.47144e-10 3.0408e-10 8.29076e-07 0.00063264 2.48909e-07 0.121373 0.000787092 0.0030462 0.0973846 0.00747337 2.91039e-10 1.85658e-07 2.09455e-10 0.000825601 0.000557655 0.0133963 5.62825e-07 5.4564e-11 6.75135e-11 5.75486e-07 8.66677e-07 0.209189 2.48467e-07 
0.0430047 7.49982e-06 0.0985042 0.000150426 1.09419e-08 1.60609e-08 0.00663458 0.00228125 0.416671 0.00677712 2.04145e-05 0.0191383 4.31233e-05 1.04726e-08 0.0480111 6.92025e-05 3.12825e-06 4.75678e-06 0.230116 0.0217469 1.96341e-09 2.42938e-09 0.0534713 0.0297977 0.0235463 7.24566e-07 
0.00121752 0.000479619 0.000712205 1.9963e-12 1.66168e-05 3.60531e-12 0.0185178 2.34298e-05 0.0374283 0.116518 0.00162708 0.0114304 0.624345 0.0203769 0.0231532 0.00142296 0.000684784 0.0977553 0.0120975 5.45742e-13 4.4074e-13 6.12861e-05 0.0306642 4.69842e-05 0.00142116 1.80929e-12 
4.72313e-06 0.0194778 3.22298e-06 1.27492e-06 1.34102e-05 2.30249e-06 0.000478078 3.21188e-05 0.0490856 0.00548716 0.00010798 0.0505729 0.0020873 0.0283534 0.00533133 1.0805e-06 6.31924e-05 0.00349477 0.0263022 0.207256 2.81474e-07 0.0100123 1.95428e-05 9.68571e-06 0.0101537 0.581649 
2.17008e-11 0.0389872 2.94929e-05 9.29149e-11 1.1432e-10 6.54601e-07 2.19802e-07 3.04088e-07 0.958176 6.22065e-08 1.07658e-07 0.00234192 4.05824e-11 1.09418e-10 3.43346e-08 7.87457e-11 0.000461473 8.43362e-08 1.35962e-07 2.54007e-11 2.05136e-11 2.5382e-11 2.56759e-07 3.66226e-07 9.83627e-07 2.44295e-07 
0.000168071 0.000129321 0.00115713 8.84522e-07 1.0883e-06 0.000325306 2.76647e-05 1.57735e-05 0.704328 0.00754759 2.81671e-06 0.149507 0.00166091 0.00846891 0.0470241 0.000479079 0.000145341 0.000172106 0.00753148 0.00017765 1.95283e-07 3.35681e-06 0.0693245 0.00172641 7.46142e-05 8.0166e-07 
3.05529e-06 0.0903246 1.00251e-06 1.35873e-09 1.67175e-09 0.001418 7.9276e-07 4.5909e-06 0.711754 2.31736e-06 0.000128341 5.1339e-10 5.93452e-10 1.57327e-06 0.000530714 1.15153e-09 0.000197395 1.66519e-05 0.000459692 3.71445e-10 2.99978e-10 0.000986871 0.0118498 2.13536e-06 0.182318 1.23144e-09 
5.73306e-07 0.000955778 3.74074e-07 4.57771e-09 1.53684e-06 8.26732e-09 0.047451 4.0561e-06 0.562404 0.000756464 1.39387e-05 0.00937875 2.38007e-06 2.89039e-05 1.48851e-06 3.87963e-09 0.0195647 4.15388e-06 0.0463772 0.312292 1.01066e-09 2.75285e-06 2.51689e-06 0.000755472 1.71141e-06 4.14887e-09 
0.000352249 2.7473e-05 2.44059e-05 1.03223e-08 2.03435e-05 8.68326e-05 5.13546e-05 1.56716e-05 0.777536 0.138245 6.07118e-06 1.52466e-05 1.7252e-05 2.71107e-05 3.31963e-05 0.00149718 7.027e-06 0.0459132 0.0251557 0.000319657 2.27893e-09 0.00025935 3.12284e-05 0.00113227 0.00922596 9.35527e-09 
7.94231e-05 2.81648e-08 3.66825e-05 2.46508e-08 3.03298e-08 4.45192e-08 2.03583e-06 1.49372e-08 0.94299 0.00118698 0.00111816 0.000392158 0.0116838 2.90291e-08 2.32293e-05 2.08917e-08 2.90298e-06 7.54264e-07 8.36382e-05 5.3763e-05 5.44237e-09 1.64902e-05 0.000620428 2.62529e-08 0.0416957 1.35334e-05 
0.0102753 0.0609192 0.00134182 9.56288e-08 0.000412262 0.021604 1.65099e-05 0.00030383 0.137739 0.0382007 0.00452469 0.00191195 0.00012014 5.50914e-05 0.0135438 8.10458e-08 1.37412e-05 0.00378848 0.0121551 2.93202e-05 2.11128e-08 1.6962e-05 0.00116085 1.01844e-07 0.691849 1.80569e-05 
2.52629e-09 0.324985 3.17155e-06 1.08166e-08 6.7887e-05 1.95348e-08 0.000107806 7.8659e-05 0.62102 0.00966705 5.86045e-06 4.0911e-06 5.2445e-05 1.27378e-08 1.14175e-05 1.84259e-06 2.59664e-09 1.46116e-05 3.083e-05 2.95701e-09 2.38808e-09 2.95483e-09 1.995e-05 9.22722e-06 0.0439203 9.80332e-09 
3.05529e-06 0.0903246 1.00251e-06 1.35873e-09 1.67175e-09 0.001418 7.9276e-07 4.5909e-06 0.711754 2.31736e-06 0.000128341 5.1339e-10 5.93452e-10 1.57327e-06 0.000530714 1.15153e-09 0.000197395 1.66519e-05 0.000459692 3.71445e-10 2.99978e-10 0.000986871 0.0118498 2.13536e-06 0.182318 1.23144e-09 
0.000251911 0.0515131 0.00113539 1.74926e-06 1.90911e-10 0.0134462 4.25394e-07 0.002738 0.503207 0.00124742 0.000181303 3.80316e-07 7.35084e-07 1.62347e-07 0.0035336 1.31502e-10 0.000120344 0.000335513 1.55335e-07 2.32566e-06 3.42569e-11 0.0125385 0.30648 1.27173e-07 0.103265 2.26218e-07 
2.86174e-06 0.00953896 0.000675775 3.40426e-08 0.0003416 6.14808e-08 1.74461e-06 0.000732108 0.204731 0.0482276 0.000291631 0.030481 4.23445e-05 4.0089e-08 0.0143975 6.86798e-05 2.67668e-06 0.00514791 0.650858 0.000155219 7.51588e-09 0.00027307 0.0110621 1.70675e-05 0.0229512 3.08535e-08 
1.68269e-11 0.612874 1.062e-06 7.20468e-11 8.86448e-11 1.30116e-10 0.00168142 4.41494e-08 0.239122 0.00134873 0.0503745 0.0235861 0.000347554 8.48431e-11 1.68122e-08 6.10599e-11 0.000595208 0.000536649 0.00391627 0.000227831 1.59064e-11 1.96814e-11 6.31494e-09 0.000303949 0.0645102 0.000573846 
0.0107034 2.25781e-06 0.157114 1.03714e-05 9.41112e-10 3.45737e-06 1.07322e-06 0.0149289 0.0718527 5.42874e-07 6.99832e-07 0.00198716 6.64392e-07 9.00751e-10 0.0103286 2.1381e-06 1.83621e-10 0.00336568 0.00125824 5.52763e-07 1.68873e-10 1.95472e-06 0.0434896 7.70119e-08 0.666573 0.0183754 
1.41704e-05 0.0163547 3.44664e-05 6.85526e-08 6.71444e-06 0.000151723 0.793855 0.000104811 0.0252488 0.0126793 0.000189668 0.0130987 0.0198974 3.57088e-06 0.000121115 1.73263e-06 1.64568e-08 0.000612594 0.00208482 1.46349e-05 1.51349e-08 0.000395773 0.00402557 7.3008e-08 0.110907 0.000197664 
0.000607858 6.84431e-05 0.000891056 2.22796e-07 4.36589e-08 6.40841e-08 0.00137223 0.00202944 0.184957 0.258585 4.7682e-06 0.000139794 2.61136e-05 4.17865e-08 2.47056e-05 3.00729e-08 0.00104789 0.00374877 0.359911 0.012652 7.83413e-09 0.00315367 0.169821 2.83059e-06 0.000955592 3.216e-08 
6.34608e-05 3.2284e-07 0.0396841 2.82561e-07 3.47657e-07 5.10304e-07 2.38642e-07 0.00049639 0.496881 0.0151106 0.00154674 0.00531753 0.00021132 3.32747e-07 0.00421342 2.39472e-07 6.78318e-08 0.0128227 0.0150907 0.000245107 6.23835e-08 7.71888e-08 0.0436801 3.00926e-07 0.364634 2.56091e-07 
0.0645501 5.08902e-08 0.0103558 4.09379e-11 4.15516e-06 7.39335e-11 3.45747e-11 0.106641 0.00189688 0.000793202 0.000769914 0.000229438 2.29679e-09 4.82089e-11 0.00024812 0.00153115 9.82756e-12 0.000133479 0.0022764 5.9049e-10 9.0382e-12 8.74492e-05 0.000277207 4.35985e-11 0.807905 0.00230133 
1.33003e-08 5.48757e-05 9.77711e-07 5.69471e-08 2.0688e-05 1.02846e-07 0.0294639 0.0213573 0.593449 0.00492034 1.7883e-06 8.75525e-06 0.0466075 6.70616e-08 0.00126324 0.0449145 1.36707e-08 0.0290712 9.37339e-06 1.5568e-08 1.25727e-08 3.63231e-05 0.21971 6.06483e-08 0.00910941 5.16123e-08 
0.00888802 0.000901327 0.0124122 3.59321e-09 4.35338e-05 0.00028261 0.0915608 0.00216507 0.0528075 0.00428392 0.0178365 0.0405834 0.00642064 4.11125e-05 0.0104929 0.000640884 2.55816e-05 0.0116515 0.00506061 9.82299e-10 7.93303e-10 0.00217576 0.00379989 5.9309e-06 0.712834 0.0150863 
5.73306e-07 0.000955778 3.74074e-07 4.57771e-09 1.53684e-06 8.26732e-09 0.047451 4.0561e-06 0.562404 0.000756464 1.39387e-05 0.00937875 2.38007e-06 2.89039e-05 1.48851e-06 3.87963e-09 0.0195647 4.15388e-06 0.0463772 0.312292 1.01066e-09 2.75285e-06 2.51689e-06 0.000755472 1.71141e-06 4.14887e-09 
0.0474684 0.00308674 0.131822 1.85098e-07 5.20862e-06 0.000381413 0.0531896 0.060526 0.38097 0.0219658 0.0939495 0.0362881 1.43879e-06 2.6045e-09 0.0158792 1.27302e-07 5.30937e-10 0.0565888 0.000855465 5.06015e-08 4.88291e-10 0.00400198 9.70098e-07 2.35542e-09 0.0905935 0.00242514 
8.7228e-07 3.59089e-06 8.85745e-06 0.51208 1.73397e-10 2.54518e-10 9.88022e-07 5.38085e-07 0.164107 0.00940931 3.6104e-05 1.33177e-07 5.10958e-07 1.6596e-10 3.70007e-07 3.70379e-07 1.49877e-06 3.00418e-07 0.295941 8.74598e-07 3.11142e-11 5.81367e-07 5.91306e-07 0.000341438 0.0180649 4.47173e-07 
1.71955e-08 0.301514 0.0258148 7.36248e-08 9.05863e-08 1.32966e-07 0.000712222 9.9978e-07 0.65562 5.90536e-06 3.74734e-07 0.000762477 1.91596e-05 3.65415e-05 0.000148776 6.23973e-08 0.000382862 1.25193e-05 0.00680556 2.31839e-06 1.62548e-08 2.58376e-06 0.00011082 5.00844e-05 0.00799749 6.67276e-08 
1.20666e-08 0.0109656 0.00119601 5.16647e-08 6.35671e-08 0.0002027 0.000203241 9.41571e-05 0.961624 0.00199122 3.53851e-05 0.00374267 0.000180167 0.000380528 1.06327e-05 1.55794e-05 0.000450586 2.61146e-05 0.00049801 1.41239e-08 1.14064e-08 1.41135e-08 0.00335545 5.50225e-08 0.014833 0.000194628 
1.14424e-08 4.72336e-06 0.00724108 4.89922e-08 0.000120689 8.84796e-08 0.000103614 2.17141e-05 0.829458 8.02274e-06 4.00238e-05 1.58484e-05 5.26561e-05 5.76938e-08 1.3529e-05 5.21955e-06 1.17611e-08 0.00794551 0.000178598 1.33933e-08 1.08164e-08 1.33835e-08 0.00151189 5.21764e-08 0.0722085 0.0810696 
2.25471e-06 0.000132036 1.57662e-06 0.340031 4.493e-07 0.019224 7.69107e-10 5.51814e-10 0.226058 0.0216376 1.94575e-06 0.0792585 3.97746e-10 1.0724e-09 6.24846e-07 6.02067e-06 0.00167443 2.09497e-06 0.286888 2.48951e-10 2.01053e-10 1.17919e-05 0.00945019 3.78333e-06 0.0156158 8.25344e-10 
0.0022642 0.00117193 0.000530106 9.03025e-09 3.02187e-06 1.63086e-08 8.33102e-05 5.60989e-05 0.468385 0.0905465 0.00112917 4.37794e-05 0.00677797 0.000103195 3.68159e-05 0.000426914 0.000217286 0.00122403 0.0310046 0.0154184 1.99368e-09 6.33216e-05 0.0755154 0.000121496 0.106323 0.198555 
0.0645501 5.08902e-08 0.0103558 4.09379e-11 4.15516e-06 7.39335e-11 3.45747e-11 0.106641 0.00189688 0.000793202 0.000769914 0.000229438 2.29679e-09 4.82089e-11 0.00024812 0.00153115 9.82756e-12 0.000133479 0.0022764 5.9049e-10 9.0382e-12 8.74492e-05 0.000277207 4.35985e-11 0.807905 0.00230133 
8.7452e-05 0.000125605 0.00339101 5.14485e-06 2.94487e-05 9.29156e-06 0.000643997 2.23857e-05 0.0638188 0.000583743 8.0802e-05 0.000338085 0.211276 0.000798379 0.682244 0.000181979 6.68135e-05 0.00829973 0.0111844 1.40648e-06 1.13587e-06 0.00107723 0.015636 4.16529e-05 5.16051e-05 4.66288e-06 
5.58524e-05 0.000749923 0.129227 1.43131e-07 1.89043e-05 5.40868e-06 8.22405e-05 0.000227148 0.709136 0.000735033 7.35884e-07 0.00376819 5.82695e-07 1.23139e-06 0.00222892 0.00067253 0.000207154 5.71296e-06 0.0204529 0.00305762 1.43027e-08 0.000212683 0.0354274 0.00063255 0.0930591 3.45897e-05 
0.00074413 0.00196323 9.5469e-06 3.37502e-09 1.23047e-05 6.09527e-09 0.000535625 2.04511e-09 0.671906 1.48238e-06 3.52849e-06 0.00314267 1.47411e-09 3.97447e-09 0.2154 8.3216e-06 5.24439e-07 4.25869e-06 0.0669526 0.00539267 7.45132e-10 1.08291e-06 2.67368e-06 3.59438e-09 0.0320236 0.00189589 
4.77643e-08 0.82167 0.000106363 2.04509e-07 2.51623e-07 0.000238643 1.72721e-07 0.000110819 0.00193708 2.26679e-05 3.92231e-05 0.00014963 8.93233e-08 2.40832e-07 1.25234e-05 1.73322e-07 0.0019982 0.173084 8.8695e-05 5.5908e-08 4.51512e-08 5.58668e-08 9.34945e-05 2.17801e-07 0.000358142 8.91002e-05 
0.0645501 5.08902e-08 0.0103558 4.09379e-11 4.15516e-06 7.39335e-11 3.45747e-11 0.106641 0.00189688 0.000793202 0.000769914 0.000229438 2.29679e-09 4.82089e-11 0.00024812 0.00153115 9.82756e-12 0.000133479 0.0022764 5.9049e-10 9.0382e-12 8.74492e-05 0.000277207 4.35985e-11 0.807905 0.00230133 
3.21356e-07 0.00183234 0.000760216 1.37593e-06 0.000894357 0.000652302 0.0761754 0.00172273 0.740035 0.000261228 0.0247706 0.000282005 0.000112066 1.62031e-06 0.00162122 1.16611e-06 1.84638e-05 2.32083e-05 0.00082047 7.17754e-05 3.03776e-07 0.0577264 6.75181e-05 2.6219e-06 0.0894294 0.00271566 
0.000211335 0.00125001 0.00373823 1.98303e-07 3.27253e-07 4.67171e-08 7.46621e-07 2.15891e-06 0.460557 0.000157285 6.37742e-08 0.407955 0.00026969 5.72754e-10 2.23486e-07 1.52621e-07 0.00389851 0.00508591 0.00715658 0.00477089 1.0738e-10 3.5867e-08 0.000364836 0.000207184 0.104373 5.06521e-07 
1.71955e-08 0.301514 0.0258148 7.36248e-08 9.05863e-08 1.32966e-07 0.000712222 9.9978e-07 0.65562 5.90536e-06 3.74734e-07 0.000762477 1.91596e-05 3.65415e-05 0.000148776 6.23973e-08 0.000382862 1.25193e-05 0.00680556 2.31839e-06 1.62548e-08 2.58376e-06 0.00011082 5.00844e-05 0.00799749 6.67276e-08 
1.11802e-05 0.0395953 0.000556167 2.01873e-06 3.28468e-06 1.22551e-08 0.00013103 3.3853e-05 0.93908 7.02431e-05 1.19992e-06 0.000762575 0.000156745 8.12119e-07 2.71153e-07 2.81419e-06 0.00100347 0.00965481 0.00619095 9.66158e-07 1.49816e-09 0.000950463 0.000704422 0.000220227 0.000787246 7.94536e-05 
1.26856e-07 0.303099 0.0010468 1.59292e-05 2.52787e-08 0.000577903 4.32719e-11 1.67682e-07 0.645127 0.000936487 5.93656e-08 0.0208629 2.23782e-11 6.03358e-11 1.8933e-08 3.38738e-07 0.000491533 0.000506953 9.55034e-07 1.40066e-11 1.13117e-11 1.39963e-11 0.00151508 2.1286e-07 0.0258186 1.3471e-07 
5.73321e-07 2.80467e-06 0.14626 0.00453433 3.02027e-06 4.43326e-06 2.0732e-06 0.00015203 0.0757442 0.00788102 3.25932e-05 9.27516e-07 0.00801623 2.89074e-06 7.83075e-05 2.08041e-06 9.31348e-05 0.324235 0.226256 6.7107e-07 5.41955e-07 5.91769e-05 0.0154386 0.033942 0.15721 4.88107e-05 
8.42599e-07 0.204989 0.00187085 0.000105796 1.68268e-07 0.000195723 5.45603e-10 1.05666e-06 0.775288 0.000313352 3.74076e-07 0.0069669 2.8216e-10 7.60755e-10 1.19328e-07 2.25003e-06 0.000164849 0.000170005 6.34302e-06 1.76605e-10 1.42626e-10 1.76475e-10 0.000506091 0.000807276 0.00861051 8.49024e-07 
3.5429e-11 1.73318e-10 1.1231e-06 1.51694e-10 1.86641e-10 8.24615e-08 0.0062977 0.00629623 0.867462 0.0164687 9.13169e-08 0.00158711 4.30924e-05 1.78637e-10 7.44483e-07 0.0143718 3.7876e-07 2.72754e-06 0.0165286 4.14696e-11 3.34908e-11 6.54778e-07 1.1066e-06 0.000126318 0.070811 1.37483e-10 
4.97083e-07 2.43172e-06 0.0866786 2.12833e-06 0.000803043 3.84375e-06 1.79751e-06 0.184558 0.608972 0.0303091 0.00195794 0.0570697 0.00692733 2.50634e-06 0.000426807 1.80377e-06 5.10927e-07 0.0183985 0.000529132 5.81835e-07 4.69889e-07 5.81406e-07 0.00144323 2.26665e-06 0.00190471 1.92895e-06 
3.78927e-05 2.75426e-07 0.651966 2.41063e-07 2.96598e-07 8.24819e-06 2.03593e-07 0.0155692 0.0524749 0.0504317 0.00161987 2.70616e-05 0.00014162 2.83878e-07 0.0452127 2.04301e-07 2.74668e-05 0.00107611 0.033625 6.59008e-08 5.32214e-08 0.00171808 0.0244487 3.02105e-06 0.119043 0.00256807 
2.02822e-06 7.50678e-05 1.2669e-06 3.57144e-09 4.39423e-09 0.00012284 2.7086e-06 7.27745e-07 0.856147 0.0147186 2.76785e-07 6.75777e-06 0.0177539 4.20577e-09 0.000243915 3.02681e-09 2.14717e-06 4.40608e-06 0.105746 1.74682e-06 7.88498e-10 8.16389e-08 0.00183042 8.41622e-05 0.00325251 3.21466e-06 
2.17008e-11 0.0389872 2.94929e-05 9.29149e-11 1.1432e-10 6.54601e-07 2.19802e-07 3.04088e-07 0.958176 6.22065e-08 1.07658e-07 0.00234192 4.05824e-11 1.09418e-10 3.43346e-08 7.87457e-11 0.000461473 8.43362e-08 1.35962e-07 2.54007e-11 2.05136e-11 2.5382e-11 2.56759e-07 3.66226e-07 9.83627e-07 2.44295e-07 
5.73306e-07 0.000955778 3.74074e-07 4.57771e-09 1.53684e-06 8.26732e-09 0.047451 4.0561e-06 0.562404 0.000756464 1.39387e-05 0.00937875 2.38007e-06 2.89039e-05 1.48851e-06 3.87963e-09 0.0195647 4.15388e-06 0.0463772 0.312292 1.01066e-09 2.75285e-06 2.51689e-06 0.000755472 1.71141e-06 4.14887e-09 
0.0263408 1.92551e-06 4.50671e-06 2.5765e-08 3.17007e-08 2.90421e-05 3.33455e-06 1.56124e-08 0.747349 0.023937 0.000313524 1.20681e-06 0.0848253 3.03412e-08 7.06899e-06 0.000309311 1.87268e-07 8.19369e-06 0.0705461 2.77031e-06 5.68836e-09 0.00239083 0.0439202 2.43748e-06 6.98042e-06 2.33513e-08 
7.94231e-05 2.81648e-08 3.66825e-05 2.46508e-08 3.03298e-08 4.45192e-08 2.03583e-06 1.49372e-08 0.94299 0.00118698 0.00111816 0.000392158 0.0116838 2.90291e-08 2.32293e-05 2.08917e-08 2.90298e-06 7.54264e-07 8.36382e-05 5.3763e-05 5.44237e-09 1.64902e-05 0.000620428 2.62529e-08 0.0416957 1.35334e-05 
3.33629e-05 0.000593454 7.87885e-09 1.3047e-09 2.36701e-11 2.56183e-08 0.0815449 1.16574e-11 0.00726848 0.162275 3.26889e-08 0.709593 1.79111e-07 2.2655e-11 0.000140472 3.34966e-08 0.000797059 0.00966128 0.0178128 0.00269341 4.24736e-12 0.00524724 0.00190727 1.91866e-08 0.000431047 6.53786e-08 
7.24564e-05 0.0225103 0.00016719 6.1486e-08 1.94931e-05 1.11043e-07 0.587924 1.62207e-05 0.070765 0.0398708 0.0266194 0.0291705 0.0472079 0.000665545 0.000237438 0.000149235 0.000303058 0.060346 0.00821587 0.000387076 1.35748e-08 1.7593e-05 0.000189392 3.92741e-05 0.104935 0.000170795 
4.33944e-09 0.28498 2.72445e-05 1.85799e-08 2.28603e-08 3.84869e-05 3.11158e-05 1.78757e-05 0.713722 3.65661e-06 6.32779e-06 0.000832904 8.11513e-09 2.18799e-08 2.01917e-06 1.57465e-08 0.000173812 4.95822e-06 1.92452e-05 1.52633e-06 4.10204e-09 5.07557e-09 1.50876e-05 5.18421e-05 5.77972e-05 1.43662e-05 
4.68667e-06 1.2995e-05 8.28541e-06 0.48299 3.81434e-07 5.59882e-07 2.61827e-07 1.4382e-06 0.00031296 1.25283e-05 8.78954e-07 0.00895268 1.35404e-07 3.65075e-07 7.80776e-05 2.62738e-07 6.61944e-06 0.000354052 6.29425e-05 8.47504e-08 6.84443e-08 8.4688e-08 0.507183 1.43711e-05 1.77991e-06 2.80971e-07 
1.33003e-08 5.48757e-05 9.77711e-07 5.69471e-08 2.0688e-05 1.02846e-07 0.0294639 0.0213573 0.593449 0.00492034 1.7883e-06 8.75525e-06 0.0466075 6.70616e-08 0.00126324 0.0449145 1.36707e-08 0.0290712 9.37339e-06 1.5568e-08 1.25727e-08 3.63231e-05 0.21971 6.06483e-08 0.00910941 5.16123e-08 
5.28298e-07 2.42132e-07 0.0980276 6.23116e-11 7.66669e-11 0.0001353 5.26263e-11 3.77579e-11 0.712392 8.34907e-09 0.010973 0.000881842 2.72158e-11 0.0896582 4.33232e-07 5.28093e-11 3.59155e-08 8.81185e-08 4.34971e-07 9.284e-07 1.37571e-11 1.7022e-11 0.00309219 6.63614e-11 0.0848375 5.64743e-11 
6.76924e-05 1.81012e-09 0.141825 0.000291758 1.94926e-09 3.71472e-06 5.96564e-06 0.00789292 0.494857 0.00661223 0.00845074 3.56326e-06 1.7491e-05 1.86567e-09 9.68599e-07 1.34268e-09 6.16855e-07 0.0102092 1.26875e-05 8.07003e-08 3.49775e-10 0.00347284 0.00779413 1.52077e-05 0.314499 0.00396743 
0.00192275 0.0169837 0.0010204 1.70437e-06 5.50277e-05 4.1499e-07 0.0033834 3.94534e-07 0.905375 6.25718e-05 0.000350759 0.000255961 8.09838e-05 0.000250501 0.00186623 1.94744e-07 3.59506e-06 0.00132311 0.00363787 0.00331653 5.07315e-08 1.1046e-06 0.000482378 0.000134767 0.0594876 3.45391e-06 
8.48639e-11 0.0130037 0.000128878 3.63356e-10 4.47065e-10 1.09262e-06 5.66182e-07 5.07518e-07 0.958822 1.03819e-07 1.79667e-07 0.00287585 1.58703e-10 4.27892e-10 4.64454e-06 3.07945e-10 0.000658323 1.40765e-07 0.00237822 9.93329e-11 8.02211e-11 1.18138e-07 0.000583267 9.4331e-07 0.0215412 4.07811e-07 
2.30683e-10 1.1285e-09 0.00107343 1.84257e-06 1.21525e-09 1.78378e-09 5.19543e-06 1.58544e-06 0.708655 1.09728e-05 6.14205e-07 0.0494369 1.74534e-06 2.74269e-06 0.0275466 2.7227e-07 7.10899e-07 0.0483588 2.21667e-06 0.0175888 2.18063e-10 4.52795e-06 5.13726e-09 0.000369814 0.146938 8.95174e-10 
0.0645501 5.08902e-08 0.0103558 4.09379e-11 4.15516e-06 7.39335e-11 3.45747e-11 0.106641 0.00189688 0.000793202 0.000769914 0.000229438 2.29679e-09 4.82089e-11 0.00024812 0.00153115 9.82756e-12 0.000133479 0.0022764 5.9049e-10 9.0382e-12 8.74492e-05 0.000277207 4.35985e-11 0.807905 0.00230133 
3.30207e-11 1.61537e-10 0.000787649 1.41383e-10 2.19199e-06 2.06848e-06 0.00145281 8.56712e-11 0.441199 0.00352877 0.0193802 8.70812e-07 0.522879 1.66494e-10 7.66619e-07 3.60665e-08 0.00010975 4.7769e-08 1.55581e-06 3.86507e-11 3.12142e-11 3.86222e-11 0.00285779 2.98146e-06 0.0077944 2.30776e-07 
0.00773592 0.160001 0.00869202 1.80756e-06 8.7117e-06 9.01566e-08 0.0180615 4.71648e-06 0.216222 0.000363341 1.90147e-06 3.94296e-05 0.549595 0.0013137 0.00025659 4.2308e-08 4.88416e-05 0.0239336 0.00165032 0.000184543 1.10214e-08 0.000650675 0.00159523 7.91504e-06 0.00963121 4.52442e-08 
0.000695361 0.000941497 0.00181883 4.86016e-07 5.97983e-07 0.197043 4.10472e-07 0.000261579 0.00841518 0.00283424 0.000167671 0.000190263 2.12277e-07 5.72338e-07 0.110465 0.000734889 7.10981e-06 0.0147111 0.59277 1.32865e-07 1.07302e-07 0.00803279 0.0504811 5.17603e-07 0.00941754 0.00101001 
0.0918833 0.000717472 0.000552722 0.103403 2.08421e-09 3.05928e-09 1.43066e-09 7.42478e-07 0.244588 0.0110797 0.000177557 0.00531301 5.33452e-06 1.99483e-09 3.92105e-07 1.43564e-09 1.5826e-06 7.865e-05 0.329207 6.69476e-07 3.7399e-10 0.000112036 0.119108 0.0443127 0.0494574 1.53527e-09 
5.39576e-06 0.00869143 6.14655e-05 0.0102979 1.51325e-08 2.8504e-05 8.05937e-06 2.01886e-06 0.475605 3.7916e-06 1.16555e-07 4.41148e-07 5.37186e-09 0.000109124 0.0159085 1.04235e-08 0.000290678 0.0286408 0.118437 0.00238389 2.71537e-09 3.3598e-09 0.00645989 0.269974 0.0630853 6.75854e-06 
0.00141809 0.040522 0.00433025 5.8493e-07 1.08709e-08 1.59567e-08 0.0050761 6.28892e-06 0.877793 0.0215565 5.46916e-07 0.000788371 3.85905e-09 1.04047e-08 0.0100047 4.95729e-07 5.43307e-05 1.75006e-06 0.00282611 0.00157284 1.95067e-09 1.40081e-05 0.00995098 9.40967e-09 0.024083 8.00773e-09 
0.000464406 0.0621402 0.00151713 2.23156e-07 0.000114718 2.5102e-05 0.000102465 0.00150893 0.649389 0.0105675 0.00108876 0.0420728 2.39456e-07 1.37573e-06 0.00373895 3.11442e-07 0.000481849 0.00417935 0.0281867 0.00258414 1.94092e-07 0.00160355 0.0640183 0.000701148 0.123702 0.00181065 
0.0126862 0.0180086 0.000253659 6.73264e-06 2.14911e-07 9.17072e-07 1.55878e-07 6.70511e-05 0.409375 0.0305439 9.31614e-06 6.6733e-05 1.25592e-07 2.09263e-10 0.000155628 0.004548 0.000627798 0.000202279 0.128898 0.000742866 3.92325e-11 0.00220967 0.000793614 0.389783 0.00102095 1.43597e-07 
5.73306e-07 0.000955778 3.74074e-07 4.57771e-09 1.53684e-06 8.26732e-09 0.047451 4.0561e-06 0.562404 0.000756464 1.39387e-05 0.00937875 2.38007e-06 2.89039e-05 1.48851e-06 3.87963e-09 0.0195647 4.15388e-06 0.0463772 0.312292 1.01066e-09 2.75285e-06 2.51689e-06 0.000755472 1.71141e-06 4.14887e-09 
0.00465519 0.0835623 1.57275e-09 5.90567e-09 1.4163e-05 8.21517e-07 7.11675e-07 3.57856e-09 0.79203 0.0243691 0.00069208 0.0190452 1.06398e-05 8.88157e-07 0.0440934 9.57845e-06 0.00042945 0.00196676 0.00336719 6.36361e-06 1.30384e-09 1.8141e-06 0.01283 4.46795e-06 0.0128918 1.85851e-05 
