0.000410329 1.00361e-07 0.00503182 8.78398e-08 0.000983601 0.00204659 0.0321526 0.000324738 0.00196867 0.00893351 0.0141083 3.31899e-08 0.0423979 1.03441e-07 0.000152979 0.00291084 2.10868e-08 0.000593215 0.00327198 2.40133e-08 0.874368 0.000897462 0.00526935 9.35487e-08 0.00403472 0.000143379 
0.0774778 0.000292144 0.000928301 2.44803e-05 6.43493e-06 0.00015053 0.000124016 0.00123458 0.0169414 0.0956591 0.00146532 0.0031645 0.0277252 6.9224e-05 0.0883958 0.00188835 1.83714e-05 0.0103828 0.075263 0.000835044 0.273095 0.091848 0.218629 2.04679e-06 0.0142715 0.000108223 
0.0351994 0.00389034 0.00121989 2.52569e-06 0.000789906 0.00022667 0.000147288 0.0740689 0.00336628 0.0508562 0.00021167 0.1172 0.000752315 0.00128074 0.0642118 4.55234e-06 0.168044 0.00443293 0.0154643 0.0416512 0.346566 0.0165008 0.0184162 0.000194657 0.0346701 0.000630949 
0.0677503 0.000148125 0.00934018 8.48968e-06 0.00649167 4.15717e-06 1.9013e-05 1.02443e-05 0.000120447 0.0304941 0.0022158 0.00338578 0.00152992 0.000298857 0.130087 0.000317816 2.05455e-05 0.0639126 0.0109407 0.0409534 0.372399 0.0472787 0.20817 2.75148e-06 0.00409516 5.04966e-06 
0.0119772 0.00188263 0.00773985 1.66625e-07 0.000649784 0.000416236 0.0244828 0.000800425 0.0624574 0.0487677 1.66832e-07 0.0117079 0.145049 1.66582e-07 0.0798648 0.00335007 0.00200189 0.0800888 0.0439769 0.0133777 0.208168 0.026872 0.191013 1.66609e-07 0.0344049 0.000950056 
0.00788308 2.57531e-06 0.00467908 1.45879e-06 1.9581e-05 7.39747e-08 6.59053e-06 2.15973e-05 0.00253941 0.0132305 0.00623948 0.00527764 0.0192503 5.3129e-06 0.0853812 0.00217054 2.76948e-06 0.00927274 0.00330131 0.0172854 0.468739 0.0086493 0.326086 1.05252e-07 0.0197985 0.000155908 
0.0360462 0.00329159 0.00159136 0.000526388 0.000221345 2.04862e-07 9.58031e-08 3.18723e-05 0.000828765 0.0573998 0.0018813 0.0126415 9.76134e-05 1.33582e-07 4.59361e-05 0.0910802 0.00010465 0.0719797 0.000990943 0.0191405 0.665049 0.0101229 0.00779886 0.000184027 0.0187293 0.000216231 
0.122091 0.000934828 0.00889941 1.6534e-06 9.39626e-05 3.47189e-06 1.78833e-05 0.0701957 0.0248649 0.176624 0.0725954 0.00188751 0.0125449 0.00157869 0.0061959 0.0015107 0.000212241 0.0257292 0.0476405 0.0416845 0.18299 0.00289079 0.159577 1.20473e-05 0.0373051 0.0019174 
0.00720095 0.000207759 0.00179384 6.50849e-06 0.000134462 0.000116043 0.107083 4.85041e-05 0.0073342 0.0928703 0.0330159 0.00857004 0.00622727 1.39762e-05 0.05006 0.00366268 0.0322083 0.130388 0.00874218 0.146952 0.237424 0.0140227 0.0679713 7.4795e-06 0.0434577 0.000479848 
0.000210474 2.19766e-06 0.0070431 2.3592e-06 0.00186823 1.57403e-05 0.000632158 0.00157932 0.0086625 0.235726 0.060432 8.39858e-06 0.0403059 1.00213e-08 0.0062089 0.000862992 7.62556e-05 0.0112841 0.0113946 2.55961e-05 0.47328 0.0247587 0.0992645 4.99465e-07 0.0161894 0.000166193 
0.00985456 2.38353e-07 0.000604679 4.78243e-11 1.98721e-05 8.63703e-11 1.70662e-08 1.10499e-05 0.00269359 0.293148 0.0078828 2.75746e-05 0.00333035 2.6526e-05 0.0423583 0.000925493 9.86961e-07 0.00855799 0.00319373 0.000873402 0.547128 0.00590246 0.0706207 3.12377e-07 0.00273825 0.000101423 
0.0114598 6.53039e-08 0.0321388 6.62943e-05 0.000224056 2.10362e-05 5.37488e-07 0.000156445 0.053056 0.0971086 0.00383277 0.00180959 0.0036736 0.000689786 0.156883 0.000464963 4.40408e-06 0.168567 0.0386967 0.0101666 0.268253 0.016675 0.100175 1.25486e-06 0.0356994 0.00017617 
0.00042965 5.79657e-05 0.00147974 7.2077e-07 0.000186984 4.11429e-05 9.74213e-05 0.000164282 0.00715117 0.111228 0.00890573 0.0270269 0.000316781 1.7056e-08 0.0124714 0.000486424 4.31679e-07 0.09055 0.0131692 1.72521e-06 0.499816 0.00176448 0.143919 5.35878e-07 0.0795727 0.00116158 
0.00288347 0.000556414 0.00171686 1.57259e-07 2.66704e-06 2.23439e-05 0.00169607 0.000199375 0.0765775 0.111719 0.00772478 0.00552914 0.0061204 1.30679e-05 0.00696401 0.0563067 2.57792e-05 0.027679 0.0332689 0.00757995 0.313136 0.161234 0.15896 2.7297e-05 0.0186717 0.0013847 
1.67839e-06 0.198939 0.0014512 4.10036e-10 5.04499e-10 5.44171e-06 0.000453274 2.48463e-10 0.012248 0.0107042 6.16932e-11 9.07292e-05 0.0228858 1.87561e-06 0.235479 5.01491e-05 1.96126e-07 0.0530799 0.000757797 0.000981945 0.412888 0.0133387 0.0254993 4.36685e-10 0.011042 0.000101879 
0.00935285 0.000204994 0.00521567 0.00149695 0.000216724 1.42313e-05 0.00273518 0.000537007 0.0083439 0.0440881 0.00190706 0.000540462 0.130837 0.001067 0.00734233 0.00754508 0.00855828 0.0360125 0.00385911 0.00874338 0.588506 0.0377537 0.0726342 5.24345e-06 0.02228 0.000203205 
0.0420676 2.36256e-10 0.000653019 2.0678e-10 5.85806e-06 0.000555066 0.00269253 3.34471e-05 0.000368871 0.0358805 8.9695e-05 0.019317 0.00306302 0.0119936 0.0097075 0.00598191 0.000423665 0.0142105 0.0669643 0.00366195 0.638126 0.0236989 0.0952051 4.86593e-08 0.0253002 1.87409e-10 
0.015662 0.00405642 0.0154058 1.83399e-07 0.000130382 2.8458e-05 9.96668e-05 6.10953e-05 0.038798 0.0445651 0.000281109 0.0020109 0.0830261 4.98342e-05 0.0549069 0.00135668 0.0631131 0.0723443 0.0215264 0.00306956 0.321735 0.035473 0.199297 4.64277e-05 0.0225122 0.00044481 
0.148104 0.000593156 0.0150599 1.95453e-09 0.0248195 0.0818945 0.000326272 0.000389855 0.15731 0.0947275 0.000571346 0.00194472 0.0790755 2.79616e-06 0.00359427 4.19336e-07 8.13273e-05 0.0553077 0.116838 0.000201786 0.157524 0.000474091 0.0173762 0.0001014 0.0436804 8.78835e-07 
0.0678101 2.22784e-06 0.001167 1.21758e-07 2.87089e-07 6.62025e-05 2.48622e-06 1.45251e-09 0.0506279 5.29076e-06 5.59815e-06 0.318104 0.0012026 3.08454e-06 0.0745896 0.000572441 2.79356e-07 0.010642 0.016332 0.0171871 0.336102 0.0112075 0.0156808 4.13862e-08 0.075333 0.00335594 
0.0528763 2.44661e-06 0.00442299 2.19605e-07 0.000881334 0.000359736 0.00049476 0.00189451 0.00100197 0.0191239 0.00119566 0.00209462 7.46869e-06 0.00137597 0.0481497 0.00285038 0.00292858 0.0047612 0.179802 0.173327 0.256385 0.0128521 0.108093 8.77505e-06 0.0406065 0.0845028 
0.041091 0.000148075 0.00365609 1.2503e-09 1.53834e-09 1.71184e-07 4.10157e-07 2.63941e-06 7.63068e-07 0.000406675 2.78031e-05 1.72135e-08 0.00982797 5.51483e-07 0.126017 0.000289672 2.85243e-08 0.0689551 1.11366e-06 0.00107907 0.698474 0.0283763 0.0202898 6.67181e-07 0.00135421 1.13317e-09 
0.00920179 2.8477e-05 0.000898899 1.44433e-05 0.000237665 0.000105328 0.000185398 2.44782e-05 0.00170533 0.00712138 8.96976e-05 0.00384822 0.00210962 6.53141e-05 0.157061 0.000338008 0.000106054 0.00843449 0.00853182 0.023544 0.639727 0.00500598 0.120432 1.61085e-06 0.00787047 0.00331131 
0.00713965 1.73524e-09 0.00608945 2.16785e-06 8.01784e-06 8.32258e-05 0.00151814 0.000621833 0.00145607 0.000919743 6.27253e-05 0.0478734 0.000167742 1.35674e-11 0.0337026 1.03141e-05 0.389911 0.00426989 0.00288995 0.0113238 0.436057 0.00023854 4.27774e-05 1.2593e-05 0.0555032 9.6347e-05 
2.09083e-05 2.80918e-10 6.54783e-11 2.4587e-10 2.93468e-06 4.44039e-10 2.07653e-10 1.48986e-10 0.0138169 0.0713312 1.22081e-06 1.67231e-06 6.55175e-07 6.66229e-07 0.152541 2.08376e-10 5.90236e-11 1.86848e-07 0.0666115 6.7215e-11 0.654121 6.71655e-11 0.0415484 4.19221e-07 1.5072e-06 2.22837e-10 
0.166639 0.00129476 0.00173101 1.66225e-09 2.86729e-05 1.81818e-06 6.90582e-05 4.36024e-05 0.014955 0.0987639 0.000183833 0.000847817 0.0208806 0.0264363 0.00704855 0.00736514 2.14515e-05 0.0474599 0.00786866 0.00342629 0.448272 0.0603832 0.0319302 1.97241e-07 0.0543265 2.21465e-05 
0.163737 4.61835e-06 0.00207964 2.75149e-10 3.38537e-10 5.67984e-06 1.32693e-07 0.00019442 0.00788324 0.00376093 0.0332504 0.000753515 0.00572341 0.00248622 0.0401819 0.000267 4.06914e-05 0.0434562 0.0280059 0.00135748 0.436661 0.0142967 0.172511 1.22832e-08 0.0430972 0.000245198 
0.0106955 0.00213925 0.00187862 0.00111181 0.00014375 5.49035e-06 5.95937e-05 0.000853907 0.00706401 0.0221428 0.2702 0.00234861 0.00617237 1.90076e-06 0.00660237 6.9195e-06 4.12578e-06 0.00906827 0.0140526 0.00136996 0.447716 0.00131027 0.0410851 5.66416e-06 0.153121 0.000839901 
0.0565136 4.07231e-08 0.00392204 2.00419e-08 5.8989e-06 2.52055e-05 0.00315726 0.00466512 0.012385 0.00273208 5.38982e-05 0.0838397 0.0133459 1.48487e-10 0.0394086 8.33425e-05 0.356556 0.0200856 0.000659011 0.0143773 0.35788 0.00378406 0.00167858 3.05049e-06 0.0246022 0.000236404 
0.00232425 1.4556e-06 0.000478648 8.19465e-10 2.09494e-06 2.49653e-07 0.000170195 2.18695e-05 0.0198513 0.0488002 0.0011855 0.000629058 1.88519e-06 9.65011e-10 0.201777 0.00122279 6.10399e-05 0.00191199 0.169155 0.0360269 0.396342 0.024307 0.0821629 8.37964e-06 0.012537 0.00102171 
8.87653e-10 2.87633e-05 0.0707089 1.79561e-08 9.03035e-09 4.72649e-10 4.90387e-07 9.12425e-05 0.00207435 0.128377 5.30061e-05 0.166269 1.9095e-06 3.08194e-10 0.000560647 0.000204417 4.58496e-05 0.00162751 0.0206555 0.00119992 0.349222 0.00137018 0.244173 8.69632e-08 0.0114091 0.00192663 
0.000784264 9.00693e-06 0.00658542 1.79269e-11 0.000136886 0.000283243 0.00572595 0.000449033 0.0493593 0.201587 0.00664713 0.00468038 0.0142315 1.5015e-08 0.0165128 0.000559903 4.60148e-06 0.0191229 0.0134621 0.00109288 0.32689 0.0273157 0.263481 1.19915e-07 0.0279521 0.0131258 
0.0278716 6.73335e-11 0.00869357 5.89327e-11 9.58061e-05 2.4814e-05 0.00118743 0.000211884 0.00419079 0.000100835 2.1263e-08 0.00318392 0.00611758 3.96494e-07 0.0112052 9.07875e-05 0.000100612 0.00402247 0.00137132 0.000265906 0.898952 0.00195545 0.00136412 6.14235e-08 0.028993 1.4125e-09 
0.00713965 1.73524e-09 0.00608945 2.16785e-06 8.01784e-06 8.32258e-05 0.00151814 0.000621833 0.00145607 0.000919743 6.27253e-05 0.0478734 0.000167742 1.35674e-11 0.0337026 1.03141e-05 0.389911 0.00426989 0.00288995 0.0113238 0.436057 0.00023854 4.27774e-05 1.2593e-05 0.0555032 9.6347e-05 
0.051453 0.00902066 0.00140419 5.28645e-07 0.0145999 0.0089275 0.000133258 0.0514337 0.0122423 0.0137989 0.0312934 0.0686055 0.00272166 0.0037535 0.0283197 0.00913267 0.0754227 0.0641661 0.027815 0.0234728 0.167918 0.161395 0.0645486 7.02595e-06 0.107689 0.000725335 
0.00137858 8.18491e-08 0.000801813 1.41724e-10 3.21834e-07 3.39271e-05 1.36776e-07 9.69931e-08 0.0203138 0.00301824 2.13236e-11 0.0208398 1.99247e-07 0.0126208 0.0329025 8.55196e-05 8.45738e-05 1.78944e-06 0.372379 6.24204e-07 0.436839 0.0917383 0.00350217 3.42146e-08 0.00345821 1.28448e-10 
0.0174424 5.06056e-10 0.00784929 1.02518e-08 1.76862e-05 0.000181456 0.000105511 9.80511e-05 0.000564039 0.011155 0.000952774 0.000328025 0.00189846 2.36133e-05 0.050558 0.031779 3.48741e-05 0.0114643 0.00572227 0.00160768 0.457529 0.268297 0.12728 6.89639e-09 0.00508603 2.60349e-05 
0.0491235 0.000122887 0.00828632 0.000129627 7.60329e-05 0.000178161 0.000433858 4.68409e-05 0.0010733 0.113531 0.00939543 0.0244291 0.00146439 0.00113135 0.0675261 0.00041697 0.000841699 0.185571 0.0190606 0.0911299 0.237885 0.0296277 0.138118 2.02099e-06 0.0203139 8.49063e-05 
0.00259431 1.14489e-11 0.000124715 1.00205e-11 5.97357e-06 2.84562e-08 1.79507e-05 8.52289e-06 0.000291027 0.0279613 0.00108574 1.29256e-05 1.24675e-07 2.21075e-08 0.0184986 0.0019524 1.20197e-06 0.000150292 0.0244706 0.00050097 0.786166 0.00654677 0.111902 5.50899e-09 0.0176219 8.69673e-05 
0.0307581 0.00188072 0.00202787 4.66987e-07 1.56819e-06 1.55546e-07 3.75025e-06 1.54256e-05 0.0103352 0.141047 0.0187168 0.00137224 0.000369004 6.66387e-05 0.0595781 0.00403884 3.63233e-07 0.0548347 0.0607793 0.00431815 0.223412 0.180113 0.202037 2.91158e-08 0.00426703 2.66199e-05 
0.00445074 0.0124239 0.000402086 0.00134834 0.0212005 0.00227282 0.000702415 0.00107785 0.0958219 0.227621 4.55131e-05 0.0235636 0.00114943 3.14168e-06 0.0165804 0.00318074 0.00027707 0.0519901 0.0433476 0.0516947 0.278048 0.00231714 0.126392 0.00194069 0.031285 0.000862613 
0.003401 5.29762e-06 0.00681134 6.27888e-10 7.7254e-10 1.13396e-09 4.55873e-05 8.43207e-09 0.00227252 0.0194476 0.00693656 3.20983e-07 0.00166671 0.000280168 0.00955635 0.000252068 1.50731e-10 0.00890025 0.00513798 0.000431383 0.71529 0.00222619 0.0876188 6.68696e-10 0.12972 3.0312e-07 
0.0542428 0.00200961 0.00413567 0.000282453 0.000332059 0.000764202 0.000930377 0.00321968 0.00624174 0.0673573 0.00734395 0.00411851 0.00611575 0.00354238 0.0964137 0.00737219 0.000836898 0.035049 0.0689929 0.0444117 0.25466 0.138428 0.160981 5.74891e-05 0.0312671 0.000893702 
0.0161983 0.0040994 0.00645326 0.000188274 0.000911827 0.000151581 0.0129263 0.000451163 0.0313283 0.205766 0.00915144 0.0223666 0.0094035 0.00371028 0.0223893 0.00397958 0.000790199 0.0946947 0.0188264 0.0130287 0.268907 0.0926237 0.120073 0.000940936 0.0373162 0.00332392 
0.0307074 0.000356982 0.00828398 2.65261e-06 3.88658e-05 0.000724317 0.000108578 0.000281871 0.00778152 0.045611 0.00894782 0.00244379 0.014783 9.98592e-06 0.0144834 0.00347498 0.000129176 0.019378 0.00907025 0.00882468 0.712806 0.0494183 0.026328 2.18533e-05 0.0339655 0.00201773 
7.2099e-10 3.52706e-09 4.40895e-06 6.53252e-07 6.73009e-06 5.52799e-07 7.82733e-06 3.94156e-06 0.0475548 0.211514 4.64466e-10 3.78709e-05 1.34831e-09 0.255521 0.00132409 3.0914e-06 6.87951e-05 0.000959661 0.00399139 0.00455264 0.444057 0.0222646 6.27541e-06 3.28765e-09 0.00811456 5.23277e-06 
0.0081587 0.0047626 0.00230092 1.02889e-07 3.9723e-06 0.000253617 0.00232072 0.0113964 0.0389691 0.00616237 0.00447899 0.00566852 0.00277201 1.59136e-05 0.0397682 0.00210146 0.000534184 0.0283419 0.00597856 0.0100584 0.771236 0.0086287 0.0275214 3.2853e-06 0.0183407 0.000222938 
0.00549647 2.18084e-07 0.0641783 2.28586e-09 1.8121e-07 8.53703e-07 0.00207126 0.0102639 0.000498899 0.052773 1.2237e-06 2.47694e-05 0.0480542 2.76235e-07 0.17666 0.000280916 9.76105e-08 0.0196592 0.0116977 0.00351971 0.347123 0.0237702 0.216077 2.03899e-08 0.0178354 1.33778e-05 
0.0985845 0.0017032 0.00097667 1.26698e-09 5.59065e-05 3.13889e-06 0.000468541 6.68153e-05 0.157268 0.176305 5.78085e-05 0.00221063 0.13356 0.00850848 0.0385235 0.000869152 2.04362e-05 0.00963648 0.0259429 0.00955019 0.18623 0.000566431 0.1366 7.06884e-07 0.0120709 0.000220165 
0.00630508 7.72876e-07 0.0044396 2.91156e-10 6.45645e-07 5.25825e-10 0.00586273 0.000144029 0.000237603 0.111674 0.0297162 0.000663514 0.000199655 3.42868e-10 0.0728069 1.34869e-07 4.86004e-05 0.00027711 0.0369068 0.0977058 0.419746 0.104533 0.105721 7.90744e-07 0.00301107 2.6388e-10 
0.00679459 5.26763e-05 0.0968993 1.12233e-06 5.35579e-09 9.69434e-11 0.000155569 6.27799e-05 0.0110218 0.0187078 0.000145606 0.0265258 2.34452e-11 4.19838e-07 0.0251356 0.000458928 4.46366e-05 0.00382277 0.109751 0.000894265 0.394814 0.00144893 0.26774 1.47181e-05 0.0197808 0.0157265 
0.00391796 0.000154854 0.008261 1.10861e-10 1.82685e-05 3.8594e-06 4.68943e-05 1.91154e-05 0.00031144 0.0253214 0.000597569 0.000237615 0.0305042 0.00398782 0.048491 0.000284013 3.29855e-08 0.0165603 0.00753899 0.00644814 0.733376 0.00830252 0.0906393 3.32652e-07 0.0149772 5.30753e-08 
0.0824194 8.38008e-06 0.00497975 4.91085e-09 9.57356e-05 7.11258e-07 4.50128e-05 5.72985e-06 0.0232148 0.0940596 0.0111254 0.00175406 0.0187607 0.0184016 0.0293516 0.00591675 2.83005e-06 0.0248122 0.00851459 0.0230035 0.390057 0.00494647 0.220603 5.27515e-07 0.0375376 0.000382222 
0.0184045 3.23394e-05 0.0042534 2.02715e-06 0.000116236 1.99532e-05 0.0128571 0.00783761 0.0129065 0.0470103 0.000866891 0.0020803 0.0431084 8.94573e-05 0.041009 0.000326793 6.45625e-05 0.011828 0.042853 0.00266926 0.650573 0.0136856 0.0570058 8.48688e-06 0.0299535 0.00043789 
0.0826857 0.00175655 0.00444851 0.0159412 9.21544e-05 6.92878e-06 0.00556599 6.78424e-05 0.0151492 0.0194965 0.0118264 0.00498573 0.00637063 4.78452e-06 0.000184467 0.0160484 0.00830272 0.21153 0.0101288 0.00206697 0.554687 0.00659434 0.00353844 0.00453808 0.0139459 3.65355e-05 
0.00713965 1.73524e-09 0.00608945 2.16785e-06 8.01784e-06 8.32258e-05 0.00151814 0.000621833 0.00145607 0.000919743 6.27253e-05 0.0478734 0.000167742 1.35674e-11 0.0337026 1.03141e-05 0.389911 0.00426989 0.00288995 0.0113238 0.436057 0.00023854 4.27774e-05 1.2593e-05 0.0555032 9.6347e-05 
0.0994942 0.000364563 0.0119529 3.03803e-05 3.29057e-05 0.00789079 0.000138297 0.00208283 0.0374976 0.0104863 0.000413318 0.0777036 0.00767754 0.000361271 0.0596633 0.016321 0.17837 0.00929521 0.0155036 0.0166488 0.320746 0.0553914 0.0543277 1.17255e-05 0.0168433 0.000751171 
0.0433004 0.0002611 0.00392402 3.16053e-09 2.16457e-06 7.16998e-08 0.00336724 0.000371093 0.000106442 0.000523583 4.28228e-05 0.00107611 0.000461834 1.4185e-10 0.0086551 9.80782e-05 0.00205898 0.00287643 0.00143042 0.00183584 0.858921 0.00489521 0.000744892 1.3853e-07 0.064685 0.000362515 
0.0119772 0.00188263 0.00773985 1.66625e-07 0.000649784 0.000416236 0.0244828 0.000800425 0.0624574 0.0487677 1.66832e-07 0.0117079 0.145049 1.66582e-07 0.0798648 0.00335007 0.00200189 0.0800888 0.0439769 0.0133777 0.208168 0.026872 0.191013 1.66609e-07 0.0344049 0.000950056 
0.00544769 1.88295e-06 0.0300361 4.58764e-09 9.49327e-05 1.36557e-06 0.000311692 4.1522e-06 0.000878079 0.250156 5.46552e-05 0.000163369 0.0393256 1.39122e-05 0.0269548 0.000130668 1.24916e-07 0.0998465 0.00115401 0.00239934 0.360528 0.00569746 0.169969 2.46898e-09 0.00682297 8.36296e-06 
0.0452815 0.000738746 0.0261362 4.73396e-11 1.78736e-08 3.61591e-08 6.8014e-06 8.94582e-05 0.0139692 0.0527633 5.59075e-07 0.0339994 0.00654784 0.000285043 0.0275414 0.000284958 9.87778e-06 0.0910769 0.0119852 0.00610279 0.543856 0.00619057 0.109699 3.8199e-09 0.0234354 1.56086e-07 
0.00375648 6.27619e-12 0.00934911 3.42043e-09 5.14907e-06 1.89071e-06 2.02658e-05 5.50157e-05 4.62551e-05 0.0456844 0.00762087 0.000258904 0.0012676 6.46879e-12 0.2045 1.4862e-05 3.78287e-05 0.0383626 0.0137902 0.00128081 0.33161 0.0605699 0.281246 1.40391e-09 0.000522203 8.254e-09 
0.00167693 4.14581e-05 0.00392064 4.65781e-10 4.90314e-05 2.76175e-05 1.91465e-05 2.35578e-05 0.00523549 0.0560278 0.00207273 0.000850202 0.0102898 1.34402e-09 0.0369039 0.00584512 0.00168609 0.0160458 0.0308626 0.000240303 0.630928 0.0224379 0.168231 8.79913e-07 0.00654004 4.42982e-05 
0.0106524 0.00140429 0.00856118 6.38558e-08 2.47417e-05 7.01967e-06 0.00119081 6.26225e-05 0.0185805 0.0518968 0.0318637 0.00113369 0.0172649 0.000187962 0.152586 0.00321778 0.00187442 0.0295842 0.0247056 0.0221245 0.354084 0.0159351 0.200071 2.1471e-05 0.0508486 0.0021169 
0.00260246 2.33207e-08 0.0233423 4.08487e-09 5.04679e-12 1.56142e-08 1.92718e-05 4.80255e-09 4.6655e-09 0.00916056 0.000862094 6.331e-08 0.00491179 2.96046e-08 0.287191 1.38373e-08 4.51073e-05 0.0189159 1.77221e-07 0.00307359 0.426759 0.0710793 0.149755 4.36841e-12 0.0022825 3.71756e-12 
0.00846773 5.19256e-05 0.000582383 4.40449e-07 0.000822765 9.31688e-06 8.42048e-05 0.000121512 0.00710134 0.247872 0.0116854 0.0210727 0.0019701 9.39473e-06 0.0245669 0.00135974 0.00265474 0.123354 0.00639241 0.00209811 0.471716 0.00883824 0.0465342 4.09603e-06 0.0122084 0.000421638 
0.0662859 5.27154e-06 1.09981e-08 0.000156801 1.39359e-05 7.45835e-08 3.48787e-08 3.3146e-06 0.00326786 4.25436e-06 5.88266e-06 9.27367e-06 1.80376e-08 0.250218 5.44828e-09 1.29374e-05 2.03473e-06 0.0311851 0.080465 3.53228e-06 0.341224 0.0205335 0.000320003 0.204801 0.00143105 5.20935e-05 
0.00753408 2.80237e-05 0.0029588 6.38812e-07 3.04033e-05 0.000122931 0.00036726 0.05441 0.0508457 0.00929435 0.00199553 0.00653969 0.0107073 1.58927e-06 0.070224 1.27869e-05 0.00602953 0.0113748 0.0196711 0.0234791 0.668598 0.00481963 0.0125528 6.00386e-10 0.038387 1.458e-05 
0.000411438 0.000123886 0.00012142 9.97777e-07 2.78779e-05 4.68053e-06 6.95191e-05 2.58487e-05 0.00937334 0.0120119 0.000214828 3.09409e-05 0.000644528 1.17499e-06 0.000740471 0.00134162 7.7501e-05 0.0189464 0.367142 0.000890206 0.568574 0.00383498 0.0121615 0.000436721 0.002775 1.68798e-05 
9.68951e-13 7.15425e-05 0.00439199 4.14869e-12 1.31386e-05 0.000204632 6.37188e-09 3.91483e-05 0.000438737 0.223696 0.000481164 0.000700061 0.00125227 4.88555e-12 0.00122538 0.000598016 0.00271831 0.00832903 0.0212963 2.47162e-06 0.388686 0.0164054 0.314675 9.04386e-08 0.0147364 3.95906e-05 
0.0266682 4.24774e-05 0.0176389 2.01166e-08 2.06058e-05 5.46873e-05 7.79234e-05 3.51393e-06 0.0477804 0.0712777 0.00263511 0.00591787 0.0178023 2.36895e-08 0.138426 0.00246781 2.37871e-06 0.0321303 0.0635299 0.00705271 0.345599 0.00845337 0.199238 2.1424e-08 0.0131557 2.52111e-05 
0.0264289 2.55413e-07 0.006708 0.000366316 9.73478e-05 4.83889e-05 0.000265733 0.00010278 0.0246808 0.0561907 0.00382235 0.00164287 0.0368998 2.71915e-08 0.00666955 0.00428486 1.66961e-07 0.111901 0.00388006 0.0244713 0.601771 0.0141395 0.0529166 3.08147e-09 0.0227035 8.20028e-06 
0.00807006 1.66652e-05 0.000154649 3.83424e-08 0.000307376 4.19983e-05 3.98156e-05 0.000402745 0.000876468 0.013847 0.000740105 0.00385582 0.000820346 8.09637e-06 0.0131186 0.0113184 7.38029e-05 0.054194 0.00302305 0.0718761 0.695116 0.0862541 0.00241596 1.70457e-05 0.0296126 0.00379972 
0.021991 0.000127413 0.0109529 0.00187643 4.05301e-06 0.000257388 0.000131895 0.000173613 0.0106634 0.00583724 0.00801901 0.00327381 0.00177048 0.000705543 0.0114911 0.000102195 3.38563e-06 0.0241351 0.034253 0.00609188 0.504252 0.00704304 0.28563 2.95039e-06 0.0609453 0.000266231 
0.00603099 1.19408e-07 0.000153434 8.17484e-11 4.44456e-08 3.03925e-05 1.14663e-06 2.60372e-06 0.0105427 0.0588236 1.83235e-08 0.00267051 3.51087e-06 9.62679e-11 5.83642e-07 0.000406378 2.66418e-08 0.0256694 0.0234318 2.0264e-07 0.451355 0.134684 0.282627 2.06743e-07 0.00356648 4.78157e-08 
0.00391839 3.35804e-08 0.00224717 1.39224e-10 4.85866e-06 9.51053e-05 0.00267825 0.000186237 0.0214508 0.00397812 1.39553e-06 0.0120247 0.000463933 0.000128406 0.0176087 0.00129025 0.00104771 0.00862859 0.0302009 0.0105144 0.805522 0.0397053 0.0244033 7.10474e-07 0.0139005 1.32826e-07 
0.0183413 7.02019e-07 0.00846128 8.47999e-07 0.000228126 9.6933e-06 0.00019858 0.000725733 0.00700971 0.0461041 0.000209121 0.00165627 0.00249762 4.17423e-06 0.00139818 0.00807382 8.67628e-06 0.13547 0.00348102 0.00740026 0.61353 0.0212277 0.00413572 2.11862e-08 0.114633 0.00519443 
0.0229055 5.61574e-05 0.0141775 2.84944e-07 0.00888095 0.000503059 0.0714416 0.000238569 0.0119532 0.0509276 0.0199136 0.0100966 0.0366431 3.27243e-06 0.0302856 0.0074385 0.000565692 0.0185925 0.0218832 0.238037 0.260829 0.0269964 0.10472 5.21302e-07 0.0285749 0.0143353 
0.027012 0.000497853 0.0246476 1.64211e-08 2.84186e-05 2.96563e-08 7.14371e-05 0.00667095 0.00370806 0.0834493 0.00117894 0.0132087 0.00458979 0.000271136 0.0266141 0.000951658 5.31396e-06 0.0775444 0.0129276 0.0226868 0.420244 0.0144059 0.180796 7.37644e-07 0.0784817 8.17137e-06 
0.00713965 1.73524e-09 0.00608945 2.16785e-06 8.01784e-06 8.32258e-05 0.00151814 0.000621833 0.00145607 0.000919743 6.27253e-05 0.0478734 0.000167742 1.35674e-11 0.0337026 1.03141e-05 0.389911 0.00426989 0.00288995 0.0113238 0.436057 0.00023854 4.27774e-05 1.2593e-05 0.0555032 9.6347e-05 
0.01847 3.26641e-05 0.00104157 1.58979e-05 0.000412278 0.000115253 0.00148351 0.000539447 0.013246 0.0430098 0.0208403 0.019494 0.000613492 4.50758e-06 0.0178899 0.00221626 9.16185e-05 0.0413014 0.214466 0.0098066 0.340722 0.0478802 0.14133 2.21714e-06 0.0557269 0.00924875 
0.102168 0.00296303 0.0066959 5.31956e-07 0.000114385 0.00629098 0.00149677 6.11214e-06 0.00266407 0.0493849 0.00252056 0.00826978 0.00673144 0.00205857 0.012106 0.0293776 0.00244141 0.0211934 0.0132579 0.00449344 0.43454 0.247 0.0241623 4.44525e-07 0.0164737 0.00358832 
0.00893273 5.24448e-06 0.0787733 5.24558e-06 5.24381e-06 5.23939e-06 0.00420264 5.24858e-06 0.0603998 5.25238e-06 5.25209e-06 0.0168063 0.00578015 0.0136402 5.25223e-06 5.24675e-06 0.00368123 0.0646001 5.25207e-06 5.25115e-06 0.7431 5.25114e-06 5.25275e-06 5.24509e-06 5.25272e-06 5.24629e-06 
0.00471808 0.00126001 0.0187557 0.00112129 0.000791058 6.49321e-07 0.000439921 0.000244594 0.187823 0.0197653 0.00054906 0.173242 0.00709547 0.00113694 0.0101983 0.00226975 0.00258966 0.0268622 0.0152221 0.003645 0.315282 0.00491878 0.074444 2.84648e-05 0.127419 0.000177476 
0.00620714 1.2265e-06 0.0211407 1.96618e-09 4.24239e-07 1.37776e-06 1.92028e-05 8.72002e-05 0.000350099 0.0286333 1.42148e-07 0.000551338 0.0207624 1.55651e-06 0.0312339 9.12046e-06 1.30196e-08 0.0505305 1.93317e-06 0.000837735 0.737156 0.00708016 0.0844907 4.88315e-07 0.0108849 1.81939e-05 
0.0242649 4.02687e-05 0.0248876 0.000638908 3.66221e-05 0.00010116 0.0118942 0.00108016 0.0113418 0.0345941 0.00418994 0.00129528 0.0127351 0.000687217 0.170861 0.00500752 7.01782e-05 0.0442974 0.0187209 0.036445 0.197823 0.189001 0.18773 5.43373e-06 0.0188559 0.00339512 
0.00985456 2.38353e-07 0.000604679 4.78243e-11 1.98721e-05 8.63703e-11 1.70662e-08 1.10499e-05 0.00269359 0.293148 0.0078828 2.75746e-05 0.00333035 2.6526e-05 0.0423583 0.000925493 9.86961e-07 0.00855799 0.00319373 0.000873402 0.547128 0.00590246 0.0706207 3.12377e-07 0.00273825 0.000101423 
0.00760792 1.4191e-08 0.0137644 6.12526e-08 2.06312e-05 4.80397e-05 0.00173555 2.39109e-05 0.0195711 0.0222437 0.00146531 0.000336737 0.333219 0.00137193 0.0039427 0.0125909 0.000222253 0.0268878 0.00758333 0.00447113 0.475661 0.00863136 0.0301232 1.32277e-08 0.0274738 0.00100359 
0.00997954 2.95677e-07 0.000650307 4.89771e-11 2.14504e-05 8.84523e-11 1.05883e-07 1.11405e-05 0.00307089 0.287344 0.00972953 3.67236e-05 0.00368778 3.69752e-05 0.0451906 0.000951284 1.19104e-06 0.00893643 0.0035055 0.000925532 0.543115 0.00573122 0.0735685 5.59584e-07 0.00340205 0.000104343 
0.082639 5.56192e-07 0.00972418 5.63553e-10 0.000275794 2.78046e-05 0.000631651 0.00077012 0.00621027 0.0542221 0.00116676 0.00580094 0.0341332 0.000223992 0.076345 0.000397885 4.13898e-05 0.0662518 0.0418775 0.00433636 0.372264 0.0399491 0.120582 1.70639e-05 0.0806382 0.0014727 
0.0199168 0.000210599 0.0127697 0.0056096 0.00166315 2.43834e-05 0.0179923 0.000415966 0.0124324 0.0177393 0.00661433 0.0734802 0.00679037 0.000392392 0.101106 0.00305561 0.000264519 0.0298477 0.10193 0.0691754 0.28657 0.0126843 0.184808 1.32591e-05 0.029612 0.00488119 
5.54883e-10 4.27917e-05 0.0493315 1.16924e-08 5.78887e-09 8.42623e-11 3.22646e-07 0.00013646 0.00311036 0.147746 7.93331e-05 0.162607 1.13076e-06 5.49439e-11 0.000840576 0.000305975 6.85874e-05 0.00244054 0.0309807 0.000192384 0.343879 0.00205418 0.240428 5.71017e-08 0.0128671 0.00288781 
0.0374461 0.00425894 0.000948685 1.08793e-07 3.63745e-07 7.35376e-06 6.42974e-05 0.000123698 0.0238447 0.062827 0.00141347 0.0540529 2.98451e-05 4.52692e-07 0.0375666 1.05758e-05 2.04895e-06 0.16257 0.15666 0.0566092 0.199914 0.139269 0.0478992 1.29796e-05 0.0101438 0.00432476 
0.00283706 9.89165e-07 0.00362551 9.004e-05 0.000108783 8.0694e-07 3.20277e-05 5.39618e-05 0.0413017 0.0631969 0.00833161 0.000347177 0.0616382 6.30592e-05 0.000948399 0.00765047 6.68648e-05 0.0388469 0.00130266 0.00129175 0.690548 0.0447568 0.031517 7.64548e-07 0.00143449 7.90662e-06 
0.0227877 0.00274753 0.0223394 2.65167e-05 0.00123304 0.000304044 0.000842287 0.00322149 0.0114022 0.0345364 0.0210695 0.00251948 0.0103122 0.000946983 0.12902 0.00731687 4.17081e-05 0.0267462 0.025875 0.0105202 0.300112 0.112221 0.220367 3.04737e-06 0.0323986 0.00108992 
0.00778707 1.63915e-05 0.00165899 4.35229e-09 0.0140008 1.4161e-07 0.0110557 0.000170427 0.0125297 0.038119 0.0134121 0.0265526 0.00391358 0.00521139 0.017492 8.96155e-05 0.0209095 0.0149726 0.0476314 0.0180705 0.601617 0.00395754 0.0958677 1.27794e-05 0.0447564 0.0001956 
0.0140434 4.01978e-06 1.09085e-05 7.20025e-08 0.00393062 1.36823e-06 3.14144e-05 0.000334253 1.9347e-07 0.0796636 2.72637e-05 0.000194154 0.00179605 3.54153e-07 0.0175018 0.0293475 1.22613e-06 0.170818 0.000526875 0.176102 0.308139 0.193073 0.00368476 2.96842e-07 0.000517408 0.000251121 
0.0212413 1.3122e-07 0.000251506 1.14849e-07 0.103467 0.00110125 3.25187e-05 0.000616754 9.29999e-05 0.0958889 0.0003979 0.00537497 7.83629e-06 0.00738434 0.0103567 6.86682e-05 5.14338e-06 0.0170203 0.101704 0.00210961 0.367285 0.0616803 0.119291 0.000667774 0.0806462 0.00330789 
0.120366 0.00126882 0.00103022 1.12599e-09 3.59329e-05 1.05254e-06 3.98564e-05 3.03989e-05 0.00889066 0.214935 0.000136752 0.00543955 0.0158256 0.0172543 0.0091483 0.00564798 0.00184038 0.062811 0.0109326 0.00709326 0.36566 0.0427141 0.0737362 1.06718e-06 0.0351432 1.7431e-05 
0.0230893 0.00191266 0.0042998 1.02014e-08 0.00344444 1.42306e-05 0.000289849 0.0175277 0.00174899 0.0507628 0.0272083 0.00272074 0.00163501 1.26062e-05 0.0383398 0.00186381 0.0033793 0.0443949 0.0557755 0.119742 0.402121 0.0559376 0.0870996 2.10354e-05 0.0456373 0.011021 
0.0493467 1.27936e-05 0.00873604 2.34521e-09 1.12893e-05 3.52988e-07 0.00282742 9.22209e-09 0.0308377 0.0334181 0.0104249 0.0252699 0.0266324 2.42614e-05 0.0354548 0.00086471 5.62992e-10 0.256336 0.000998204 0.00562807 0.357169 0.000757299 0.136251 1.25893e-07 0.0189987 2.12551e-09 
0.158119 1.08065e-06 0.000664372 6.61116e-09 0.00146817 2.36608e-05 6.65159e-06 0.000168788 0.00162788 0.0306367 0.00914632 0.00410705 4.72491e-05 0.00150628 0.0448299 0.00440417 0.00058022 0.060392 0.239615 0.0662527 0.262662 0.0190923 0.0628244 1.14667e-05 0.0312319 0.000580681 
0.00709308 0.0179642 0.00965846 0.000468888 0.00313719 1.23346e-05 0.00337778 0.000961944 0.00882146 0.102485 0.00307137 0.0634509 0.00252241 2.61089e-06 0.00841952 0.000401537 2.08388e-05 0.034117 0.0117723 0.00111562 0.443811 0.0444092 0.21212 3.24352e-05 0.0206163 0.00013754 
6.64284e-07 2.61015e-11 0.0307141 2.2845e-11 3.62621e-07 1.23815e-07 1.19642e-07 8.22289e-07 0.00604481 0.251241 2.48647e-06 8.82184e-07 3.97133e-07 2.69025e-11 4.35714e-06 0.00394415 7.73325e-08 0.0763673 6.77285e-06 5.17739e-07 0.39266 1.73554e-06 0.218488 3.65189e-08 0.0200478 0.000473987 
0.0512549 0.000127951 0.00466492 1.37364e-06 7.12379e-05 0.0118093 0.00186356 0.000628699 0.0273303 0.0710608 0.00497125 0.140839 0.00053971 2.45739e-05 0.0262935 0.0035794 0.0712068 0.0532059 0.030176 0.00767308 0.377955 0.00609303 0.0517143 1.75114e-05 0.056261 0.000636342 
0.00597015 1.7409e-08 0.00326417 1.78351e-11 6.38207e-05 1.24543e-08 8.6899e-07 3.4011e-05 4.38953e-05 0.0290744 6.50402e-11 0.000859183 0.0522187 7.79553e-06 0.00880344 0.00156978 1.82501e-10 0.004217 1.36466e-08 0.016916 0.719138 0.00391162 0.146662 1.89942e-11 0.00724593 2.16713e-08 
0.0144043 0.000425943 0.0045485 0.000439062 3.688e-05 4.31265e-06 0.00152081 0.000316296 0.01689 0.19101 0.00314882 0.0216726 0.00857226 0.00136104 0.014876 0.00501883 1.13706e-05 0.0418373 0.0471493 0.00135105 0.36096 0.088756 0.154304 2.4667e-06 0.0207044 0.000679289 
0.00826424 1.92908e-06 0.0119067 1.44572e-09 0.00568012 8.68494e-07 8.96411e-05 0.000556885 0.010042 0.0173192 0.000171295 0.0484665 0.00061268 3.29244e-06 0.0117682 2.41709e-07 0.000556547 0.174014 6.98147e-07 0.0755183 0.601274 0.0114765 0.00116523 1.53968e-09 0.019186 0.00192529 
0.0062392 6.97743e-08 0.0127292 6.97889e-08 0.00224652 6.97066e-08 0.000572466 0.000551717 0.00881072 0.0615919 0.235138 6.98524e-08 0.0390861 6.97707e-08 6.98774e-08 0.0359143 0.000146789 0.0239862 0.0260636 0.00208898 0.281199 0.0352319 0.106867 6.97824e-08 0.116825 0.00471146 
0.00611329 0.00221298 0.011664 2.04834e-07 0.00213796 0.000137115 0.0714359 0.000253397 0.0585726 0.177167 0.00927197 0.00127734 0.00390139 0.00794694 0.00012084 0.00134055 0.000323042 0.133946 0.0125642 0.00216952 0.418989 0.0320762 0.0110264 1.91519e-05 0.0347412 0.000591094 
0.00713965 1.73524e-09 0.00608945 2.16785e-06 8.01784e-06 8.32258e-05 0.00151814 0.000621833 0.00145607 0.000919743 6.27253e-05 0.0478734 0.000167742 1.35674e-11 0.0337026 1.03141e-05 0.389911 0.00426989 0.00288995 0.0113238 0.436057 0.00023854 4.27774e-05 1.2593e-05 0.0555032 9.6347e-05 
0.00613912 3.42463e-05 0.000366409 6.097e-07 9.93942e-06 9.79627e-05 4.06124e-06 6.97996e-05 0.000863543 0.00971602 0.000167105 0.000865272 0.000499573 7.1799e-07 0.0057251 0.000223031 6.34498e-06 0.0116928 0.0152676 0.00699698 0.854589 0.0153283 0.0366935 8.58409e-06 0.0340979 0.000536733 
0.0185384 0.00113304 0.0087187 1.72674e-07 5.01281e-05 2.94476e-06 0.00111313 0.00720861 0.0413837 0.0731414 0.0150035 0.00634494 0.00381433 0.000310557 0.206873 0.000823624 0.0309739 0.0147035 0.0200047 0.0213679 0.288659 0.0247593 0.141477 0.000293331 0.0576067 0.0156947 
0.00130758 5.75332e-08 0.0102606 7.67533e-09 9.44356e-09 4.24754e-06 0.000826738 8.14885e-06 0.0264792 0.0394381 6.3688e-07 8.81319e-06 0.0244859 9.03856e-09 0.0259605 3.6839e-06 1.84254e-09 0.0309569 0.00765745 1.13667e-05 0.711776 0.000367386 0.111157 2.65743e-07 0.00922253 6.72987e-05 
0.0148966 1.85516e-05 0.00353022 0.000185345 1.22858e-06 4.06987e-05 4.11928e-06 5.74413e-05 0.00537842 0.000342889 0.00086929 0.000201768 0.00122089 0.000543774 0.0047617 0.0025446 5.54999e-06 0.0057986 0.00361554 0.000442403 0.927384 0.00312702 0.00321576 0.000641336 0.0210958 7.63114e-05 
0.00145093 0.0254055 0.000546495 4.92081e-05 0.00763509 6.16938e-05 0.000789188 9.66201e-06 5.3626e-05 0.00325227 2.34929e-08 5.89978e-08 0.000106842 1.83875e-07 0.223872 1.32331e-07 1.35865e-05 0.0808628 0.0139212 0.00072337 0.484218 0.0147229 0.131387 3.97272e-05 0.0106599 0.000218629 
0.003961 0.00161282 0.00934892 3.24221e-05 0.0004057 1.3002e-05 0.000332191 4.50412e-05 0.0766258 0.0366532 0.00116771 0.0084306 0.0299983 3.36588e-06 0.0181153 0.00550738 0.0243224 0.024529 0.0334815 0.0756888 0.435509 0.00451978 0.147639 5.00812e-05 0.0620045 3.3843e-06 
0.000546676 5.82205e-08 0.0109879 1.02577e-10 0.000334591 2.05042e-08 0.00014604 4.07411e-05 0.00198342 0.00302901 0.0386359 0.00323571 0.0069773 1.32367e-07 0.0154195 0.000680479 9.33337e-06 0.021939 0.00274339 0.00220413 0.827727 0.00761029 0.0269095 3.23483e-08 0.0288295 1.06052e-05 
0.00778707 1.63915e-05 0.00165899 4.35229e-09 0.0140008 1.4161e-07 0.0110557 0.000170427 0.0125297 0.038119 0.0134121 0.0265526 0.00391358 0.00521139 0.017492 8.96155e-05 0.0209095 0.0149726 0.0476314 0.0180705 0.601617 0.00395754 0.0958677 1.27794e-05 0.0447564 0.0001956 
0.112998 1.71957e-05 0.0296495 1.38965e-08 1.5941e-07 2.90313e-06 6.30708e-06 8.42064e-09 0.00662636 0.184197 2.93256e-05 1.34368e-05 2.78756e-05 1.63647e-08 0.00423235 1.4386e-06 6.3888e-07 0.107567 2.89894e-05 0.0435013 0.263366 0.0253056 0.120581 2.20103e-07 0.101847 1.25947e-08 
0.0134011 2.24811e-06 0.00169948 2.46429e-08 0.000472019 6.28539e-06 5.54402e-05 0.000120922 0.000920551 0.0160859 0.00186495 0.000495752 0.000701167 4.501e-05 0.10807 0.00143686 7.96219e-06 0.145127 0.00510454 0.0355244 0.498912 0.0701119 0.0917222 4.88719e-07 0.00795699 0.000154062 
0.0619682 0.000110741 0.00976849 3.348e-07 0.00325779 0.0776809 0.00238704 0.000949663 0.00442497 0.0168734 0.00244899 0.00697348 0.00366917 1.77911e-05 0.0152109 0.0133182 0.0086671 0.0212581 0.0124448 0.0035423 0.544277 0.0740305 0.00759226 6.59777e-07 0.0301413 0.0789855 
0.0108339 5.08053e-09 0.000126765 2.40349e-11 7.62106e-08 4.34069e-11 3.7831e-08 1.4564e-11 2.55419e-05 0.0274042 1.3405e-05 3.86336e-05 0.00010877 0.146118 0.0232264 0.000202146 1.37015e-08 0.000241806 0.0475998 0.000367771 0.396646 0.0406708 0.304363 2.5597e-11 0.00201227 4.65236e-08 
0.00471808 0.00126001 0.0187557 0.00112129 0.000791058 6.49321e-07 0.000439921 0.000244594 0.187823 0.0197653 0.00054906 0.173242 0.00709547 0.00113694 0.0101983 0.00226975 0.00258966 0.0268622 0.0152221 0.003645 0.315282 0.00491878 0.074444 2.84648e-05 0.127419 0.000177476 
0.00529098 6.48456e-05 0.00772843 1.39502e-05 0.000174696 3.18729e-05 0.000756127 8.62667e-05 0.0683645 0.117795 0.00229345 0.00140619 0.0356119 7.60685e-07 0.00182519 0.00610564 1.55068e-07 0.0783392 0.000590999 0.00371576 0.530085 0.0113139 0.0293547 3.4737e-06 0.0957581 0.00328882 
0.00165277 2.46828e-06 0.0123467 1.38029e-06 3.20959e-05 5.36428e-06 7.87567e-05 0.00019012 0.0529458 0.00117784 5.15264e-06 7.21789e-07 0.0010908 3.05722e-06 0.101402 5.45396e-06 0.091939 0.00966468 1.23518e-05 0.000621325 0.687132 0.00163588 0.0358064 1.05878e-05 0.00222504 1.25206e-05 
0.00263424 0.00115055 0.00281927 4.54949e-09 6.91225e-06 8.21634e-09 1.48984e-06 0.000302284 0.00110363 0.0244005 0.0239786 0.000315235 0.254779 1.39209e-06 0.103294 2.91449e-07 4.4229e-08 0.0792185 0.00158959 3.09327e-05 0.299374 0.0272862 0.139215 7.34691e-06 0.0384917 4.12329e-09 
0.00826424 1.92908e-06 0.0119067 1.44572e-09 0.00568012 8.68494e-07 8.96411e-05 0.000556885 0.010042 0.0173192 0.000171295 0.0484665 0.00061268 3.29244e-06 0.0117682 2.41709e-07 0.000556547 0.174014 6.98147e-07 0.0755183 0.601274 0.0114765 0.00116523 1.53968e-09 0.019186 0.00192529 
0.0425759 5.54918e-05 0.00706273 8.45028e-06 5.16067e-05 0.000216985 5.84783e-06 0.00226189 0.00551495 0.00957955 0.00145141 0.00610298 0.00171728 1.3881e-07 0.218693 0.00185907 2.31296e-06 0.133349 0.00315692 0.00138729 0.325042 0.00413834 0.173381 5.42098e-05 0.0622734 5.89716e-05 
0.0165561 5.67523e-05 0.0878062 1.8074e-10 2.22378e-10 1.40702e-06 7.00546e-05 1.73656e-06 0.0261264 0.0292975 0.00514099 0.00038333 0.0682302 3.36237e-06 0.135205 0.000237861 2.13734e-08 0.0351915 0.00575361 0.00276236 0.291385 0.000961356 0.262858 2.67588e-08 0.0319619 9.35341e-06 
0.00605747 4.27897e-11 0.0260622 1.60767e-08 0.000667621 6.76336e-05 0.000151454 0.000840289 0.000497589 0.0794738 0.00897898 0.000826755 0.00169059 2.79239e-08 0.0334474 0.00154283 4.62106e-08 0.00727405 0.0419387 0.00295402 0.672819 0.0136124 0.0726525 2.88682e-09 0.0283238 0.00012112 
5.03342e-07 0.00675468 0.000342395 4.17313e-10 5.13453e-10 4.38811e-08 0.000777757 6.01114e-07 0.016122 0.066549 0.0006304 0.0271947 0.000552236 4.91433e-10 0.00379925 0.00214648 1.35529e-06 0.0070421 0.00999114 0.00274675 0.449297 0.00421997 0.397104 4.44436e-10 0.00358364 0.00114431 
0.0005637 4.34821e-05 0.00121385 0.000112607 0.000125087 8.11569e-11 0.00926682 2.91835e-06 0.00208401 0.159793 6.30382e-05 0.0802988 0.000711883 2.59179e-06 0.000969099 0.000333405 5.23378e-06 0.0783803 0.013671 0.0024572 0.557043 0.0197864 0.0681641 4.78581e-11 0.00489619 1.25583e-05 
0.0472729 2.48482e-06 0.00556212 2.04362e-05 0.000244292 1.28192e-05 9.5798e-05 0.000300259 0.0013493 0.0581417 0.000451265 0.00115806 0.020718 0.000502606 0.0197436 0.00363094 3.77338e-05 0.0437507 0.0257769 0.0217726 0.540898 0.0416796 0.128289 1.10061e-06 0.0382889 0.000298832 
0.012536 0.00267423 0.00691732 2.76867e-05 5.71938e-05 0.00014826 0.0115016 0.00308229 0.060046 0.105758 0.0205943 0.0066435 0.0076 0.000213646 0.0663824 0.00562781 0.0194285 0.031819 0.0852704 0.0371701 0.225304 0.0556999 0.201779 5.83247e-05 0.0316323 0.00202806 
0.0369864 1.09473e-05 0.0142057 0.000142756 0.000377153 0.00016926 0.00358751 0.000160694 0.0103849 0.107446 0.0197898 0.00822429 0.00430333 0.000819373 0.0330147 0.00260609 8.73674e-05 0.172846 0.0244083 0.0172496 0.32191 0.113325 0.0750783 1.99847e-05 0.0312994 0.00154635 
0.00985456 2.38353e-07 0.000604679 4.78243e-11 1.98721e-05 8.63703e-11 1.70662e-08 1.10499e-05 0.00269359 0.293148 0.0078828 2.75746e-05 0.00333035 2.6526e-05 0.0423583 0.000925493 9.86961e-07 0.00855799 0.00319373 0.000873402 0.547128 0.00590246 0.0706207 3.12377e-07 0.00273825 0.000101423 
0.0189838 0.000267175 0.00311177 2.45278e-07 0.000220388 2.08335e-06 0.00147695 6.36882e-05 0.0255496 0.18745 0.0113474 0.00304516 0.0619464 0.000705919 0.0111919 0.0367212 0.0125311 0.0316013 0.0116017 0.012679 0.43386 0.0217784 0.102925 6.01133e-05 0.0105306 0.000348545 
0.0560932 3.03982e-07 0.0176218 8.89589e-08 0.000148807 1.07768e-05 0.000503485 0.0170381 0.00593944 0.151245 0.0253364 0.000193262 0.116526 0.00208535 0.0333957 0.0190101 1.41098e-05 0.14218 0.00513399 0.00363042 0.210627 0.042339 0.10302 3.79555e-09 0.0478023 0.000105651 
0.012218 1.03952e-08 0.00520192 9.09824e-09 6.01486e-07 1.64314e-08 0.000118374 0.0011528 0.00677626 0.0517428 1.52076e-06 0.000518077 3.85248e-06 1.07142e-08 0.0144874 8.14237e-05 3.36465e-07 0.0360007 0.0262797 0.00323305 0.728573 0.0329069 0.0327251 3.0878e-07 0.0479595 1.83449e-05 
0.00282589 0.00451464 0.0046099 6.41143e-09 0.000169613 1.24208e-06 0.000696058 0.000205974 0.0810086 0.0987703 0.0112489 0.00245943 0.0268072 6.17898e-05 0.0091776 0.00264872 1.33046e-06 0.00794667 0.00247011 2.58361e-05 0.595944 0.0703189 0.0648793 3.36736e-06 0.0131666 3.75106e-05 
