4.34233e-08 0.23693 0.00142211 4.62819e-11 0.00011389 1.47537e-07 0.00265579 0.00377588 0.656454 0.00644366 0.00243064 0.00148104 1.81979e-07 5.45021e-11 0.000354091 2.96837e-05 3.02353e-07 0.000297081 0.00251772 3.94293e-08 2.38181e-07 1.26431e-11 0.0164428 4.07063e-07 0.0686504 9.60819e-08 
0.00708397 0.00137072 0.00147222 1.01207e-07 0.000167639 3.36947e-09 0.00302745 1.07484e-06 0.0630312 0.0139455 0.00831854 0.309231 0.000541897 0.368348 0.00429107 2.50271e-07 7.40492e-05 0.0195972 0.00468982 0.000865516 0.00618638 5.09668e-10 0.0110005 4.92526e-05 0.176707 1.0298e-07 
0.00045297 0.00010996 0.0803397 8.91331e-08 3.983e-06 4.05519e-06 0.0661008 0.000114813 0.147825 0.00183129 0.0698514 0.000988402 0.000174581 1.04964e-07 0.00367138 5.86223e-06 2.25622e-05 0.00865539 0.00157788 1.57229e-05 0.00268247 2.43489e-08 0.0108084 8.47256e-06 0.604129 0.000626249 
0.00148304 6.6181e-06 6.67653e-08 1.47385e-10 1.81339e-10 2.66177e-10 5.72715e-07 8.93085e-11 0.926469 0.0106652 6.56408e-07 4.66677e-06 6.43733e-11 1.73562e-10 2.27515e-07 3.75977e-08 7.43361e-08 0.0014786 0.037139 4.02916e-11 2.34316e-07 4.0262e-11 7.56675e-05 0.000345806 0.0223306 1.33578e-10 
1.48467e-05 5.14431e-05 0.0217604 2.13561e-08 2.62761e-08 0.520186 9.32782e-06 0.185034 0.122174 4.18206e-05 0.000173942 0.138727 9.94847e-07 2.51492e-08 0.00234972 1.80994e-08 1.61141e-05 0.000880142 0.000136136 0.000408557 1.76994e-06 5.83395e-09 2.18684e-06 2.27441e-08 0.00765782 0.000374228 
0.00231047 0.00014375 0.000857384 5.11885e-06 1.65239e-05 4.67127e-05 7.14766e-05 0.143845 0.000733271 0.00578302 4.7875e-05 0.0348485 8.19296e-06 0.000257027 0.221063 1.00378e-06 0.327672 0.00132381 0.00319719 0.0924325 0.145579 7.36613e-08 0.00327468 1.48504e-05 0.0158658 0.000602014 
0.0375551 1.1965e-09 0.0237574 3.2178e-06 2.23909e-05 7.28767e-07 0.000904979 6.17872e-07 0.0999079 3.96339e-06 0.00129047 2.22335e-05 8.50972e-08 5.44662e-06 0.000398116 8.87521e-10 5.29775e-05 0.00415168 0.000971321 2.86285e-10 1.08836e-07 2.86074e-10 0.000774437 1.11528e-09 0.830012 0.000164877 
5.04655e-05 0.0185006 0.0416011 1.08639e-06 4.76816e-07 0.0017123 0.000172236 0.129313 0.0218985 0.00605253 9.19253e-05 0.00546675 0.00241862 5.32934e-05 0.31895 4.95458e-06 0.31562 0.00346228 6.13652e-05 0.0308449 0.0737077 2.57841e-10 2.46419e-05 3.44299e-05 0.0299576 8.55446e-10 
0.000158734 0.0206012 2.57314e-05 4.0154e-07 4.70929e-05 7.25179e-07 7.37637e-06 2.43315e-07 0.920637 0.00241885 0.00283714 0.00245514 5.33778e-05 0.000129452 0.00106937 3.40307e-07 1.00956e-06 0.00731914 0.0254433 0.00557122 0.000260399 1.09691e-07 0.00549769 4.28587e-06 0.00541514 4.50503e-05 
1.93393e-05 4.63496e-06 4.05587e-08 2.46226e-12 4.22946e-06 4.86363e-09 1.05261e-08 0.000324364 0.00185742 0.00380805 3.1788e-07 0.571032 5.30674e-05 2.89958e-12 0.00257093 2.08677e-12 0.413223 3.6436e-08 0.00340711 4.92618e-05 0.00111778 6.72627e-13 1.13155e-08 8.8006e-06 0.00251934 9.37987e-08 
8.56144e-05 0.0260437 0.0119737 1.29468e-08 1.25199e-06 0.00139451 0.000852185 0.000168597 0.594392 0.0134897 0.0153283 0.0365747 0.000277354 1.9948e-05 0.0122595 5.60705e-07 6.44485e-05 8.52706e-06 0.0130446 8.8725e-05 0.000386885 3.53674e-09 0.00201497 3.38527e-06 0.27136 0.000166717 
4.85152e-09 7.75859e-05 0.0177465 2.25763e-12 5.55826e-09 4.07726e-12 1.39209e-08 8.30481e-05 0.00116652 2.93432e-08 0.420542 0.00407675 1.27212e-08 2.65861e-12 1.90026e-08 1.91335e-12 7.04611e-09 3.35421e-08 2.62542e-08 6.17182e-13 4.39527e-06 6.16728e-13 0.000250013 2.40436e-12 0.526176 0.0298767 
1.18561e-07 3.25022e-07 0.0106237 4.3758e-11 7.48416e-07 4.90045e-05 1.77429e-07 2.49271e-07 0.0870539 2.6997e-07 1.1436e-06 1.65338e-11 2.59944e-07 5.15299e-11 2.1591e-07 3.70851e-11 1.15655e-08 1.00666e-07 0.0108033 2.72755e-07 0.00153255 1.19536e-11 0.0088564 6.05871e-07 0.879726 0.00135046 
9.12093e-07 5.20199e-05 2.08578e-06 2.18158e-10 2.68416e-10 3.93991e-10 1.97164e-06 1.46748e-06 0.493597 0.0261854 0.343306 9.56264e-07 0.0532171 2.56905e-10 3.94326e-07 1.51628e-06 7.33715e-08 0.0162325 0.0335903 5.96392e-11 5.57749e-06 5.95953e-11 0.00104611 8.13406e-07 0.0327558 2.92646e-06 
3.10756e-06 2.65671e-07 1.8332e-06 3.17612e-09 3.90783e-09 5.73606e-09 0.0143761 0.000783832 0.375255 0.203814 0.00188818 4.91595e-06 5.56254e-06 0.00674698 1.08023e-05 9.7214e-06 2.2657e-06 0.087272 0.298008 0.00135343 1.63559e-05 8.67638e-10 2.62229e-05 4.19819e-06 0.0104172 2.87858e-09 
0.00583911 5.06643e-10 0.000606905 4.43432e-10 0.000458649 8.00835e-10 0.00567341 0.000234692 0.0139539 5.94249e-07 0.0155242 0.276297 2.86383e-06 0.579083 0.00290492 2.5465e-07 1.78637e-05 0.00415821 0.00203913 1.85779e-07 0.00710364 1.21135e-10 0.00161053 4.72252e-10 0.084491 4.01891e-10 
0.000609671 0.00465215 0.0242292 0.00695485 1.86299e-05 7.69518e-06 0.00029873 0.00156402 0.55177 0.0174504 0.000164114 0.082254 0.0123439 7.27859e-06 0.0385077 0.00242649 0.000205128 0.0203088 0.0263542 0.00298366 0.00121553 2.84807e-06 0.0376124 4.49155e-05 0.16634 0.00167417 
2.10759e-05 1.41028e-08 0.0381092 1.23433e-08 3.51206e-06 2.22919e-08 1.04247e-08 0.0169824 0.263642 0.0018369 0.0318426 0.00335747 0.0239503 1.75628e-05 0.00242479 6.23395e-05 0.000512875 1.04092e-06 0.137205 1.55731e-06 3.01507e-05 3.37188e-09 0.000906852 2.02239e-05 0.47907 2.58704e-06 
0.00199565 4.06285e-08 0.00296819 3.55595e-08 4.37516e-08 6.42202e-08 0.00626942 1.82167e-06 0.551157 0.0529005 0.0348551 0.181188 0.000657461 3.15579e-06 0.00149924 3.01368e-08 8.1573e-07 0.00187515 0.0536463 0.000110604 6.66139e-06 9.71397e-09 0.000721079 0.000611971 0.109531 3.22283e-08 
0.0151136 7.65718e-06 0.00634727 5.79461e-08 7.12956e-08 1.0465e-07 0.00533525 0.0341894 0.749636 0.00141019 0.0211993 0.00707948 0.00204816 3.4919e-05 4.21992e-06 0.00185405 9.82055e-06 0.0142391 0.0215384 8.05582e-06 0.000768622 1.58294e-08 0.00414483 1.30692e-06 0.114193 0.000836993 
4.85152e-09 7.75859e-05 0.0177465 2.25763e-12 5.55826e-09 4.07726e-12 1.39209e-08 8.30481e-05 0.00116652 2.93432e-08 0.420542 0.00407675 1.27212e-08 2.65861e-12 1.90026e-08 1.91335e-12 7.04611e-09 3.35421e-08 2.62542e-08 6.17182e-13 4.39527e-06 6.16728e-13 0.000250013 2.40436e-12 0.526176 0.0298767 
0.00583911 5.06643e-10 0.000606905 4.43432e-10 0.000458649 8.00835e-10 0.00567341 0.000234692 0.0139539 5.94249e-07 0.0155242 0.276297 2.86383e-06 0.579083 0.00290492 2.5465e-07 1.78637e-05 0.00415821 0.00203913 1.85779e-07 0.00710364 1.21135e-10 0.00161053 4.72252e-10 0.084491 4.01891e-10 
2.05546e-06 0.00751438 0.00119055 8.82998e-10 1.08642e-09 4.51084e-06 7.4575e-10 0.000244847 0.587774 0.0049252 0.00017377 0.013428 3.85667e-10 1.03983e-09 0.000287349 7.33605e-07 6.74644e-05 3.11181e-05 0.0993314 7.86416e-07 3.14639e-07 2.41213e-10 0.125558 9.40387e-10 0.159463 1.68349e-06 
0.010531 0.000454523 0.233817 3.52588e-08 1.13278e-05 3.61572e-06 2.97784e-08 2.27441e-06 0.655946 0.019791 1.50845e-07 1.07842e-05 3.47989e-06 4.15211e-08 0.0136693 2.98819e-08 1.18885e-06 0.00150443 1.28881e-05 0.00215032 0.00175223 9.63182e-09 0.0221661 4.78933e-06 0.0381592 7.89494e-06 
0.0262725 0.000125546 6.1587e-05 1.09567e-07 7.29927e-06 0.122227 9.25368e-08 0.00447118 0.132597 0.00280664 0.00535298 0.00339229 5.21391e-06 1.29028e-07 6.28279e-06 9.28587e-08 2.77952e-06 0.00033173 0.26459 6.89778e-06 0.0130727 2.99311e-08 0.000365261 3.0198e-05 0.424274 9.9303e-08 
4.85152e-09 7.75859e-05 0.0177465 2.25763e-12 5.55826e-09 4.07726e-12 1.39209e-08 8.30481e-05 0.00116652 2.93432e-08 0.420542 0.00407675 1.27212e-08 2.65861e-12 1.90026e-08 1.91335e-12 7.04611e-09 3.35421e-08 2.62542e-08 6.17182e-13 4.39527e-06 6.16728e-13 0.000250013 2.40436e-12 0.526176 0.0298767 
0.000111166 0.000646188 0.000466274 6.17958e-07 0.000763228 0.000234839 0.000187593 3.74454e-07 0.932877 0.0115411 9.59533e-05 0.00011872 0.000302459 7.27714e-07 7.83629e-05 5.23722e-07 0.000646123 0.0449782 9.90955e-05 1.68935e-07 0.000164976 1.68811e-07 0.00440877 0.00221242 6.40208e-05 5.60068e-07 
0.000132422 0.000245596 0.0133602 1.96625e-09 2.41923e-09 1.08021e-06 0.000158501 0.000194878 0.624325 0.0294369 0.0145576 0.00291586 0.0325154 1.08332e-05 0.00131763 0.00104144 0.00102359 0.0286427 0.00348558 0.000818495 1.29073e-06 5.37132e-10 0.0184942 5.94444e-06 0.227304 1.07943e-05 
0.0809313 3.04951e-08 0.00055898 2.66904e-08 2.92002e-06 4.82027e-08 2.25418e-08 0.000199084 0.483433 0.000558165 0.000420077 3.55769e-06 1.16575e-08 3.14309e-08 0.0760158 2.26202e-08 7.82353e-07 0.00175025 1.19681e-05 7.29652e-09 3.37011e-06 7.29115e-09 0.00290001 2.84251e-08 0.351666 0.00154505 
0.00583911 5.06643e-10 0.000606905 4.43432e-10 0.000458649 8.00835e-10 0.00567341 0.000234692 0.0139539 5.94249e-07 0.0155242 0.276297 2.86383e-06 0.579083 0.00290492 2.5465e-07 1.78637e-05 0.00415821 0.00203913 1.85779e-07 0.00710364 1.21135e-10 0.00161053 4.72252e-10 0.084491 4.01891e-10 
3.86219e-06 0.0948585 0.020187 5.75129e-09 3.99886e-06 1.3124e-05 0.000273448 0.000419999 0.816024 0.00257649 0.00012092 0.00227591 2.51199e-09 6.77279e-09 7.92924e-06 1.98542e-05 0.000347838 8.31515e-06 0.00171768 3.50705e-06 2.11828e-05 1.57111e-09 0.00453238 0.000746518 0.0507286 0.00510871 
0.00583911 5.06643e-10 0.000606905 4.43432e-10 0.000458649 8.00835e-10 0.00567341 0.000234692 0.0139539 5.94249e-07 0.0155242 0.276297 2.86383e-06 0.579083 0.00290492 2.5465e-07 1.78637e-05 0.00415821 0.00203913 1.85779e-07 0.00710364 1.21135e-10 0.00161053 4.72252e-10 0.084491 4.01891e-10 
0.000586012 0.00338639 0.0260266 4.61398e-11 6.0105e-08 2.17681e-07 0.0014602 0.00094089 0.446145 0.038327 6.10137e-06 0.00293754 0.000306202 5.43347e-11 0.0212104 2.33052e-08 0.00024614 0.00507871 0.0346781 1.50027e-07 0.0022273 1.26042e-11 0.0364991 9.1877e-08 0.379936 1.08512e-06 
0.00388232 1.68748e-05 0.0504989 3.16634e-08 2.27976e-05 5.71839e-08 0.00225261 0.000626274 0.605861 0.0308511 1.11347e-06 1.19639e-08 0.0211854 3.72872e-08 0.0305971 2.68348e-08 0.000510353 0.0338389 0.0806824 0.00503555 0.000172332 8.64965e-09 0.0581323 1.4606e-06 0.075831 2.86972e-08 
1.12113e-06 1.97358e-06 4.3612e-07 2.55726e-06 1.24217e-06 4.05087e-10 1.36413e-06 9.51549e-07 0.548112 0.0177352 1.06647e-06 3.70371e-06 2.29255e-06 2.6414e-10 0.0090275 5.70478e-07 0.000687075 3.24729e-06 0.00365236 0.343919 0.000223577 6.12736e-11 2.10966e-06 7.73992e-06 0.0766112 1.9721e-06 
0.000978985 0.0168995 0.0181832 2.98644e-09 3.67446e-09 5.3935e-09 0.00781345 0.00682517 0.182762 7.42379e-06 0.0312561 0.00079135 0.00321398 3.51687e-09 0.0378169 1.72219e-06 0.00010009 0.00319358 0.0687827 8.16424e-10 0.0269991 8.15822e-10 0.152243 9.25543e-07 0.423438 0.0186934 
4.12926e-08 0.833911 0.0037888 0.00206962 8.32697e-09 4.83492e-08 0.00126485 8.97253e-08 0.088535 0.01165 5.75812e-05 0.00703888 0.000470438 0.00201779 0.0014638 1.10281e-07 0.00101071 0.00159273 0.0395912 2.28571e-08 3.26912e-08 2.72924e-11 3.61049e-06 5.13856e-05 0.00548143 6.63654e-07 
0.000108605 0.000212755 0.00361317 7.33909e-09 0.000101658 2.7607e-10 1.26135e-05 0.000104398 0.0060037 0.000552731 0.353923 0.0264746 4.83473e-06 1.80014e-10 0.000654928 1.29552e-10 5.36683e-05 0.000684112 0.000755177 2.95531e-05 0.000390933 4.17585e-11 0.000775996 0.0855326 0.518324 0.00168684 
0.000729422 0.270285 0.00176386 0.000165524 1.5125e-06 0.0505037 0.00409308 1.26654e-06 0.570363 0.000925209 0.0108357 0.0127143 1.74521e-09 4.70542e-09 1.15172e-06 6.06847e-05 0.000100318 0.0212597 0.00409506 5.10077e-07 0.0353496 1.09154e-09 9.98059e-05 6.63516e-05 0.0164438 0.000140834 
0.00135078 0.00635413 0.000858396 2.43241e-10 3.46725e-08 0.000157798 0.000788284 0.00027111 0.901649 0.0059046 0.0025433 0.01318 1.44157e-06 2.86443e-10 0.000669265 2.06148e-10 0.000108768 2.04437e-07 0.0231205 0.00625702 0.000930555 6.64474e-11 0.0105388 0.000567636 0.0247481 6.1673e-08 
4.12926e-08 0.833911 0.0037888 0.00206962 8.32697e-09 4.83492e-08 0.00126485 8.97253e-08 0.088535 0.01165 5.75812e-05 0.00703888 0.000470438 0.00201779 0.0014638 1.10281e-07 0.00101071 0.00159273 0.0395912 2.28571e-08 3.26912e-08 2.72924e-11 3.61049e-06 5.13856e-05 0.00548143 6.63654e-07 
0.00232402 0.00045297 5.41469e-06 0.722691 0.000456038 0.000642664 0.0324502 2.81768e-05 0.138419 0.00312877 2.56827e-05 6.71267e-05 3.03369e-05 8.02911e-07 6.65988e-06 5.77839e-07 8.67292e-06 1.07336e-06 0.00117556 0.000439227 1.83031e-05 4.1763e-07 0.0408624 0.0387715 0.00544824 0.0125455 
4.85152e-09 7.75859e-05 0.0177465 2.25763e-12 5.55826e-09 4.07726e-12 1.39209e-08 8.30481e-05 0.00116652 2.93432e-08 0.420542 0.00407675 1.27212e-08 2.65861e-12 1.90026e-08 1.91335e-12 7.04611e-09 3.35421e-08 2.62542e-08 6.17182e-13 4.39527e-06 6.16728e-13 0.000250013 2.40436e-12 0.526176 0.0298767 
3.38778e-06 0.0130931 4.37827e-07 4.71495e-10 5.80117e-10 9.81884e-07 3.98208e-10 0.000544941 0.539938 0.0016381 0.000379034 0.00199346 0.00417016 5.55238e-10 0.000134911 3.99594e-10 0.000832008 1.26495e-07 0.00632125 0.00298555 7.70667e-07 1.28801e-10 0.325944 1.30672e-06 0.102018 3.66513e-07 
2.04282e-07 6.6557e-06 2.96092e-07 1.48223e-10 1.8237e-10 2.67689e-10 0.0167037 8.9816e-11 0.883458 9.8393e-07 6.60138e-07 0.0234711 5.82715e-07 1.74549e-10 0.0021739 1.25619e-10 7.47585e-08 0.000640295 0.0187951 4.05206e-11 2.35648e-07 4.04907e-11 0.00658791 3.15869e-07 0.0481598 1.34337e-10 
1.83756e-07 0.106575 0.000653674 2.27385e-11 2.7977e-11 4.10656e-11 3.78341e-07 8.81963e-08 0.342492 1.71745e-07 0.0358303 0.0340679 4.6679e-07 2.67772e-11 2.00391e-07 6.55406e-08 0.000228352 0.000278433 0.0113801 2.99004e-07 2.8118e-08 6.2116e-12 1.68038e-07 4.86749e-09 0.468492 1.31914e-07 
4.12926e-08 0.833911 0.0037888 0.00206962 8.32697e-09 4.83492e-08 0.00126485 8.97253e-08 0.088535 0.01165 5.75812e-05 0.00703888 0.000470438 0.00201779 0.0014638 1.10281e-07 0.00101071 0.00159273 0.0395912 2.28571e-08 3.26912e-08 2.72924e-11 3.61049e-06 5.13856e-05 0.00548143 6.63654e-07 
0.00237618 0.000105016 0.000583813 1.43176e-06 1.76161e-06 2.71087e-05 0.000273554 8.67582e-07 0.89793 0.0649015 0.000833038 7.3441e-05 0.000409893 1.68606e-06 0.00085559 1.21342e-06 3.26148e-05 0.0153827 0.00472497 3.9141e-07 0.000118379 3.91122e-07 0.00587116 0.000158645 0.00533351 1.29764e-06 
0.000126736 0.000223162 0.000228791 0.000289121 0.000140502 2.01767e-07 0.00254126 0.000107601 0.000514551 0.0970958 0.0119829 0.000418644 0.000259153 1.31563e-07 0.0298226 0.173169 5.17571e-05 0.0340381 0.0294924 0.00308482 0.512133 3.05193e-08 0.103694 1.18982e-07 0.000363814 0.000222975 
0.00583911 5.06643e-10 0.000606905 4.43432e-10 0.000458649 8.00835e-10 0.00567341 0.000234692 0.0139539 5.94249e-07 0.0155242 0.276297 2.86383e-06 0.579083 0.00290492 2.5465e-07 1.78637e-05 0.00415821 0.00203913 1.85779e-07 0.00710364 1.21135e-10 0.00161053 4.72252e-10 0.084491 4.01891e-10 
4.12926e-08 0.833911 0.0037888 0.00206962 8.32697e-09 4.83492e-08 0.00126485 8.97253e-08 0.088535 0.01165 5.75812e-05 0.00703888 0.000470438 0.00201779 0.0014638 1.10281e-07 0.00101071 0.00159273 0.0395912 2.28571e-08 3.26912e-08 2.72924e-11 3.61049e-06 5.13856e-05 0.00548143 6.63654e-07 
0.000777738 0.000131676 0.0421576 1.65101e-10 8.963e-07 7.42399e-08 0.00180073 0.000159244 0.0257836 0.00333963 0.129677 0.0015701 0.000270814 1.94425e-10 0.00673108 1.64585e-06 2.72093e-05 0.0158508 0.0028613 2.306e-07 0.00467022 4.51015e-11 0.0200025 1.23213e-07 0.743145 0.00104044 
1.4276e-05 7.25621e-06 0.00445608 1.84556e-06 7.13175e-07 3.75341e-06 0.00079725 0.134236 0.021117 3.19232e-06 9.93222e-08 0.0187612 1.42561e-05 1.03814e-06 0.00886318 3.61152e-08 0.394572 0.00317457 0.000125336 0.0409206 0.350205 5.15301e-11 3.2436e-08 3.69095e-06 0.0227215 1.70963e-10 
4.37328e-07 0.00300913 0.0089077 4.87588e-08 3.06352e-07 9.77338e-11 2.31728e-06 2.09902e-07 0.833193 6.03807e-08 0.000388764 5.90955e-07 2.36364e-11 6.3728e-11 0.0227495 1.55983e-07 0.000106095 0.000351223 0.0223551 2.10091e-07 0.00177343 1.47832e-11 0.0178769 5.76335e-11 0.0892846 4.90467e-11 
3.08504e-06 8.67601e-08 0.282328 7.59355e-08 9.34293e-08 1.37139e-07 6.41325e-08 0.0054723 0.366031 0.00569893 2.30167e-05 0.247855 0.0397665 8.94225e-08 1.50597e-06 6.01601e-06 0.000353055 0.0257762 0.000157002 8.06801e-05 9.45519e-05 2.07437e-08 0.000595484 1.49951e-05 0.0257312 1.02523e-05 
0.00237813 0.00226073 0.0380845 3.43462e-07 4.22588e-07 2.57452e-05 0.000128524 4.23447e-06 0.585133 0.00285892 0.00352915 0.000291751 0.013176 0.0205037 0.000232139 2.91085e-07 2.39944e-05 0.00441571 0.00236355 0.00280978 1.92245e-07 9.38252e-08 0.000662633 0.000182314 0.32093 4.85569e-06 
6.37933e-06 9.38013e-07 2.16882e-06 8.20983e-07 1.01012e-06 3.33801e-05 4.57395e-06 4.97477e-07 0.43786 0.00084468 1.65738e-06 0.0126519 0.360856 9.66799e-07 0.00155703 1.06086e-06 2.60652e-05 6.29167e-05 0.00363609 2.24437e-07 0.162165 2.24272e-07 0.0199057 8.74341e-07 0.000376158 3.0865e-06 
4.85398e-07 0.0608123 0.000452602 1.06091e-06 2.02983e-05 1.65449e-06 0.00206148 0.0006296 0.899058 0.00103599 0.000362506 0.00115752 2.75367e-06 6.74822e-09 5.21597e-05 4.8499e-06 0.000201095 0.000912539 0.00833558 0.000110759 2.65693e-06 1.56541e-09 0.00924243 0.000983642 0.0145145 4.37473e-05 
0.00483179 0.00781323 1.88393e-07 0.00141993 8.63717e-11 1.2678e-10 2.78458e-07 0.00204696 0.429584 0.000527054 7.48137e-09 0.000130858 3.06609e-11 8.26675e-11 0.00271853 5.94942e-11 0.00096539 1.57986e-07 0.305053 8.35809e-05 7.88564e-08 1.91767e-11 1.18392e-07 0.225497 0.0193271 2.8637e-07 
0.00333363 3.9872e-07 0.000771463 3.48973e-07 4.29369e-07 6.30244e-07 2.94731e-07 2.11462e-07 0.962565 0.000576248 0.00119719 0.000804465 1.52421e-07 4.10955e-07 0.00460394 2.95756e-07 0.000176011 0.0015982 0.00271261 9.54011e-08 0.00076283 9.53309e-08 0.00257228 3.71654e-07 0.0058927 0.0124301 
0.00117268 0.00238185 0.000257452 2.18898e-05 0.00219961 2.76555e-05 2.20896e-05 1.20979e-05 0.942749 0.0122462 1.12978e-05 0.00146542 3.56123e-05 8.96526e-08 8.89107e-06 3.05139e-05 0.000262309 0.028111 0.00119781 2.08124e-08 1.94246e-05 2.07971e-08 0.0068512 0.000251006 0.000664913 6.89989e-08 
0.00467073 0.00717482 0.026606 6.93255e-09 4.14494e-06 1.25201e-08 0.0013547 4.2008e-09 0.786924 0.00908772 0.000224454 0.000493411 0.00202164 8.16385e-09 0.00324433 0.000797793 2.88429e-07 0.00579615 0.0416339 1.8952e-09 0.00774875 1.8938e-09 0.0853133 3.18786e-06 0.0169004 6.28311e-09 
0.0145231 0.457083 0.00781886 1.06871e-08 1.31492e-08 1.93009e-08 9.02599e-09 1.11953e-05 0.165934 7.24479e-08 9.2702e-05 0.00610266 7.75001e-05 1.25853e-08 3.43679e-06 9.05739e-09 0.000394187 0.0346823 0.00117064 2.92161e-09 0.113991 2.91946e-09 0.00118384 2.29492e-06 0.186748 0.0101804 
6.87242e-08 2.74107e-06 0.0221022 2.82907e-11 1.11422e-07 4.03685e-07 1.72056e-07 5.31446e-07 1.92096e-06 7.79911e-07 0.0339645 1.09889e-06 1.7671e-07 3.33155e-11 0.00278487 4.31816e-08 5.43998e-09 1.45086e-07 0.000862911 7.73402e-12 0.000244005 7.72833e-12 1.53162e-06 3.01294e-11 0.94003 2.0128e-06 
0.000842259 7.0365e-06 0.00135212 4.90698e-08 8.41264e-06 3.1637e-05 0.000199214 2.45046e-05 0.479711 0.0285293 0.000439959 0.000490309 0.0154208 5.77852e-08 0.0119368 4.15869e-08 0.00048288 0.394287 3.94783e-05 2.51108e-05 1.31996e-05 1.34047e-08 1.56638e-05 5.2259e-08 0.0660132 0.000129861 
0.00125506 2.8848e-08 0.0518162 2.52487e-08 3.10655e-08 4.55991e-08 0.000138002 1.52996e-08 0.674058 0.0010182 1.31581e-06 0.000169018 1.10279e-08 2.97332e-08 0.03578 2.13984e-08 0.000699597 0.0930116 0.00452956 6.90241e-09 0.0643384 6.89733e-09 0.0211137 1.48048e-06 0.0520694 2.28834e-08 
3.08227e-06 4.45181e-09 0.00570937 1.49648e-06 2.52654e-07 5.65978e-06 0.00134797 0.132438 0.000146828 0.000678796 7.91504e-07 0.264618 2.02767e-05 3.46086e-06 0.00701391 2.87034e-07 0.426338 8.59251e-05 0.000173731 0.0204101 0.0814625 1.45394e-10 1.13696e-07 1.86142e-06 0.0595388 4.82377e-10 
1.90228e-05 8.81123e-06 0.122739 0.00826717 1.2619e-05 0.000516681 0.000449498 5.20332e-08 0.0575978 0.000130114 9.13886e-06 0.70818 5.27843e-07 1.01122e-07 0.00940583 7.27752e-08 0.00127003 0.0194865 0.00181448 6.98225e-05 0.000772385 2.34576e-08 0.00210284 5.35035e-05 0.0668938 0.000199268 
0.0145231 0.457083 0.00781886 1.06871e-08 1.31492e-08 1.93009e-08 9.02599e-09 1.11953e-05 0.165934 7.24479e-08 9.2702e-05 0.00610266 7.75001e-05 1.25853e-08 3.43679e-06 9.05739e-09 0.000394187 0.0346823 0.00117064 2.92161e-09 0.113991 2.91946e-09 0.00118384 2.29492e-06 0.186748 0.0101804 
2.51281e-07 0.00323256 0.0314171 1.34757e-09 1.65802e-09 1.06058e-06 7.78302e-08 4.92404e-07 0.921595 9.31791e-05 0.000281083 0.00183203 5.88578e-10 1.58692e-09 0.00790073 1.14207e-09 2.59317e-05 0.000359625 0.00351149 1.76509e-07 0.00236645 3.68123e-10 0.00317353 0.000191868 0.023875 0.000142464 
0.0262725 0.000125546 6.1587e-05 1.09567e-07 7.29927e-06 0.122227 9.25368e-08 0.00447118 0.132597 0.00280664 0.00535298 0.00339229 5.21391e-06 1.29028e-07 6.28279e-06 9.28587e-08 2.77952e-06 0.00033173 0.26459 6.89778e-06 0.0130727 2.99311e-08 0.000365261 3.0198e-05 0.424274 9.9303e-08 
7.21467e-05 5.25417e-05 1.43017e-08 0.000202053 7.90547e-11 6.74254e-08 5.42653e-11 0.000169602 0.00671922 0.00240836 7.8372e-09 0.000807843 2.80635e-11 5.42574e-10 6.48267e-05 5.44541e-11 0.000229246 3.01433e-05 0.16092 2.49083e-05 2.84421e-06 1.75522e-11 2.63563e-07 0.828293 3.58504e-06 5.82332e-11 
7.60347e-05 1.83264e-05 6.22393e-06 1.563e-07 1.92308e-07 2.7017e-05 0.00028858 1.39285e-05 0.857204 0.00306928 2.72398e-07 0.0073145 3.33201e-05 1.84061e-07 0.00637895 1.32465e-07 3.6967e-05 0.0090952 0.101988 3.04886e-06 3.23951e-05 4.26973e-08 0.00875363 0.00339623 0.00225251 1.06832e-05 
0.00362125 1.20608e-06 0.0234111 7.59372e-11 9.34314e-11 1.37142e-10 6.41339e-11 0.00106063 0.222514 3.45663e-07 0.000530782 8.2924e-07 3.3167e-11 8.94245e-11 0.0259664 0.00190446 7.44839e-05 0.00170159 0.100439 2.07594e-11 0.00115509 2.07441e-11 0.106231 8.08725e-11 0.511387 5.91948e-07 
0.000473162 0.0017184 0.00141276 1.95925e-06 0.000364147 0.00134581 0.000125997 0.00171256 0.032689 0.00282345 1.15168e-05 0.364598 0.00403406 1.24146e-05 0.0109623 3.46919e-09 0.296577 0.00641853 0.00245869 0.0182206 0.252975 1.11822e-09 0.000519912 7.14174e-06 0.000537092 3.70995e-09 
0.000232682 2.38602e-11 0.00084245 1.18056e-09 2.3319e-07 3.77151e-11 0.000584965 0.079808 4.50895e-08 3.65341e-09 3.47513e-08 0.000894376 2.15615e-08 2.45924e-11 0.00252853 7.63421e-06 0.00833251 0.000667729 1.60605e-06 0.000112772 0.863756 5.70481e-12 4.33383e-05 2.22406e-11 0.0421866 1.8927e-11 
4.77047e-06 3.28644e-09 0.00014049 2.87641e-09 3.53907e-09 5.19478e-09 0.00102347 1.74297e-09 0.993575 8.02296e-06 0.00498236 2.2716e-05 1.25633e-09 3.3873e-09 4.28812e-05 2.43777e-09 2.83179e-06 2.02753e-05 3.22664e-05 1.58055e-07 6.67443e-05 7.85764e-10 2.48482e-05 5.5171e-06 4.75752e-05 2.60695e-09 
4.85152e-09 7.75859e-05 0.0177465 2.25763e-12 5.55826e-09 4.07726e-12 1.39209e-08 8.30481e-05 0.00116652 2.93432e-08 0.420542 0.00407675 1.27212e-08 2.65861e-12 1.90026e-08 1.91335e-12 7.04611e-09 3.35421e-08 2.62542e-08 6.17182e-13 4.39527e-06 6.16728e-13 0.000250013 2.40436e-12 0.526176 0.0298767 
9.22796e-07 0.0480928 0.000769434 1.05632e-08 3.1346e-05 3.14503e-06 0.0221835 0.00155911 0.770616 0.0339782 0.000515339 0.0244076 5.92256e-06 1.24394e-08 7.39721e-05 0.00608284 6.41207e-06 6.30201e-05 0.0541142 8.38506e-07 5.05146e-06 2.88561e-09 0.00644489 8.63979e-06 0.0310349 2.04559e-06 
9.99793e-08 0.0554853 0.00186005 4.22175e-07 1.6245e-07 5.87457e-07 0.000111857 7.72642e-07 0.210391 0.0414831 0.00433082 0.00141175 2.57008e-07 5.39265e-10 0.0183946 4.55078e-05 8.50503e-07 0.00014905 0.0156029 9.22424e-07 0.00010357 1.25095e-10 0.0958522 4.49612e-07 0.55477 2.92573e-06 
9.31885e-05 4.6123e-05 0.00218836 1.39929e-06 1.72165e-06 2.52711e-06 1.18179e-06 0.000744943 0.835802 0.000194155 3.35588e-05 0.000638373 6.11166e-07 1.64782e-06 0.00388768 1.44307e-05 5.23666e-06 4.48139e-05 0.000455788 3.82532e-07 2.15567e-05 3.82251e-07 0.00630038 1.49023e-06 0.11807 0.0314483 
1.48467e-05 5.14431e-05 0.0217604 2.13561e-08 2.62761e-08 0.520186 9.32782e-06 0.185034 0.122174 4.18206e-05 0.000173942 0.138727 9.94847e-07 2.51492e-08 0.00234972 1.80994e-08 1.61141e-05 0.000880142 0.000136136 0.000408557 1.76994e-06 5.83395e-09 2.18684e-06 2.27441e-08 0.00765782 0.000374228 
1.17996e-06 0.00203498 8.47661e-06 1.52107e-06 9.53687e-06 1.01934e-08 0.0035823 3.42014e-09 0.892462 0.000848027 0.000213383 2.70851e-05 2.46523e-09 6.64671e-09 0.00312086 4.7835e-09 1.1292e-05 9.78304e-05 0.0721935 0.0171339 0.000544565 1.54186e-09 0.00201375 1.82787e-06 0.00569388 5.11548e-09 
0.000439858 0.00486218 0.00584513 7.04851e-07 8.67234e-07 1.27296e-06 8.7416e-05 4.27107e-07 0.0235671 0.00417226 0.00139638 4.23755e-05 0.0182205 8.30041e-07 0.0258857 6.73643e-05 3.3981e-06 0.782238 0.00177314 0.000504527 0.0714596 1.92548e-07 0.0588434 0.000288244 0.000296191 3.21022e-06 
0.00583911 5.06643e-10 0.000606905 4.43432e-10 0.000458649 8.00835e-10 0.00567341 0.000234692 0.0139539 5.94249e-07 0.0155242 0.276297 2.86383e-06 0.579083 0.00290492 2.5465e-07 1.78637e-05 0.00415821 0.00203913 1.85779e-07 0.00710364 1.21135e-10 0.00161053 4.72252e-10 0.084491 4.01891e-10 
3.97991e-07 1.29669e-05 4.92262e-07 2.88773e-10 3.553e-10 5.21522e-10 1.12213e-06 2.27653e-07 0.726109 1.91693e-06 1.28611e-06 0.0749869 1.26127e-10 3.40062e-10 4.45772e-07 2.44736e-10 0.000204051 2.01169e-07 0.0940857 7.89438e-11 4.59099e-07 7.88857e-11 7.37593e-07 6.15389e-07 0.104594 2.61721e-10 
0.000108605 0.000212755 0.00361317 7.33909e-09 0.000101658 2.7607e-10 1.26135e-05 0.000104398 0.0060037 0.000552731 0.353923 0.0264746 4.83473e-06 1.80014e-10 0.000654928 1.29552e-10 5.36683e-05 0.000684112 0.000755177 2.95531e-05 0.000390933 4.17585e-11 0.000775996 0.0855326 0.518324 0.00168684 
0.0145231 0.457083 0.00781886 1.06871e-08 1.31492e-08 1.93009e-08 9.02599e-09 1.11953e-05 0.165934 7.24479e-08 9.2702e-05 0.00610266 7.75001e-05 1.25853e-08 3.43679e-06 9.05739e-09 0.000394187 0.0346823 0.00117064 2.92161e-09 0.113991 2.91946e-09 0.00118384 2.29492e-06 0.186748 0.0101804 
0.00117268 0.00238185 0.000257452 2.18898e-05 0.00219961 2.76555e-05 2.20896e-05 1.20979e-05 0.942749 0.0122462 1.12978e-05 0.00146542 3.56123e-05 8.96526e-08 8.89107e-06 3.05139e-05 0.000262309 0.028111 0.00119781 2.08124e-08 1.94246e-05 2.07971e-08 0.0068512 0.000251006 0.000664913 6.89989e-08 
0.00899533 0.00370142 0.118407 6.45742e-09 6.04626e-06 0.000253564 1.36975e-06 0.00773065 0.108595 0.0118655 0.089213 0.00126068 0.00093996 7.60433e-09 0.0709514 2.04069e-05 2.83551e-05 0.00395178 0.176183 0.00241367 0.00916585 1.76401e-09 0.195819 0.000110078 0.189067 0.00131919 
0.000186688 5.88887e-08 0.00121727 7.9813e-06 5.05044e-07 3.0782e-10 0.000904297 1.47176e-05 0.821912 0.0027216 0.00557101 0.0559081 0.000810316 1.39751e-06 0.000716602 1.44452e-10 2.09176e-05 0.00682025 0.0196089 0.00310547 0.00251685 4.6561e-11 0.0255808 1.81521e-10 0.0507019 0.00167193 
9.83234e-06 2.43514e-05 0.00904066 1.05723e-08 0.00137569 1.1347e-05 0.147673 9.91944e-05 0.100345 0.0216338 0.0938461 0.00754912 1.81114e-05 2.41267e-06 0.0109415 9.59428e-08 0.000115425 4.13459e-05 0.000628878 1.08683e-05 2.61543e-05 2.88809e-09 0.000419984 1.12594e-08 0.539783 0.0664041 
0.00241136 0.0279162 0.000706913 1.32232e-08 1.62695e-08 0.000163793 0.038523 0.000339732 0.602097 0.0141976 0.00567539 0.0117622 0.231337 0.000215706 0.00155049 0.000815829 6.83426e-05 0.00138016 0.00286174 3.61491e-09 0.000216955 3.61225e-09 0.0459637 0.000212852 0.0115839 1.19844e-08 
0.0432282 5.02841e-06 0.177367 1.46486e-05 1.13605e-08 1.75921e-06 0.000236389 0.00507205 0.352015 1.23047e-05 0.0932383 0.00185187 0.0127 1.90459e-06 0.00719534 5.58389e-05 3.017e-05 0.153636 8.50612e-06 1.51693e-05 0.0385498 2.52232e-09 0.0427412 9.83344e-09 0.072022 5.39642e-07 
3.2612e-05 1.08599e-05 0.0810975 0.175014 5.65044e-06 3.41324e-05 9.30649e-05 0.000844892 0.24552 0.00327142 3.88137e-06 0.000570861 0.000115953 4.13934e-07 0.00164086 2.979e-07 6.76335e-06 0.0366822 0.0176978 0.00180579 0.00299481 9.6022e-08 0.0292525 3.74349e-07 0.403303 3.18574e-07 
0.00352599 1.41034e-06 0.0777065 6.27042e-05 1.51875e-06 1.64212e-05 4.27593e-05 7.47976e-07 0.870222 5.95725e-05 0.00223282 0.00952819 5.39139e-07 1.45362e-06 0.000399866 2.48793e-05 4.04134e-05 0.0329267 1.5758e-05 0.00157028 7.64532e-06 3.37202e-07 1.60156e-05 1.31461e-06 0.00158831 6.20593e-06 
2.01089e-06 8.27971e-06 0.0037816 0.000166092 1.07186e-08 9.17041e-06 0.00162336 0.0107297 0.598922 0.0101899 0.0362715 0.00297167 0.000103744 1.0259e-08 8.53265e-07 0.000725231 3.45381e-06 0.00663162 0.190773 2.01657e-06 0.000222301 2.37981e-09 0.0212506 0.0187076 0.096899 5.62933e-06 
0.000390457 0.00269098 0.0195573 1.42231e-10 1.12966e-05 0.0316003 0.000139489 0.106252 0.167956 0.00232042 0.00374805 0.00132751 3.84256e-06 1.67493e-10 0.00110016 1.20542e-10 3.74931e-05 0.000106802 0.0123579 0.00101898 0.00148249 3.88541e-11 0.0106181 8.5785e-06 0.636995 0.000277135 
0.00170991 0.0022862 0.010241 3.87593e-05 5.31672e-08 7.80407e-08 2.12622e-05 0.00418592 0.45516 0.000537645 0.000364197 0.329136 1.88737e-08 4.78771e-06 0.00020499 2.26e-05 0.000637149 0.00016385 0.0746 6.09008e-05 0.0120308 1.18045e-08 0.0787309 0.00590488 0.0239032 5.53566e-05 
0.000140908 0.00089929 1.59474e-05 1.29014e-09 2.37442e-06 2.32999e-09 1.30952e-06 6.95395e-06 0.621343 0.00845562 0.0420037 0.132273 5.43356e-06 1.51929e-09 0.00108351 1.0934e-09 7.47114e-05 0.000549696 0.125967 3.52695e-10 0.000309649 3.52435e-10 0.00203486 7.18733e-07 0.064795 3.68812e-05 
0.00593592 0.00197006 9.83017e-05 3.1995e-06 3.9366e-06 5.77828e-06 2.37092e-05 1.93875e-06 0.973901 0.000569028 2.45626e-05 0.00873667 1.39745e-06 3.76777e-06 0.000116496 2.71159e-06 5.02515e-05 0.000138372 0.00632786 9.42383e-05 9.3017e-06 8.74025e-07 1.40137e-05 1.49247e-05 0.00153436 0.000417453 
1.04274e-06 2.10079e-06 2.64358e-06 4.73195e-07 2.97309e-06 9.48488e-10 2.24888e-05 3.1824e-10 0.806523 0.0107827 2.9245e-07 1.9844e-10 8.26021e-07 2.76462e-05 0.00198632 4.451e-10 0.000383718 1.17496e-06 0.12571 2.0389e-06 3.0728e-06 1.43469e-10 1.48791e-06 2.24287e-07 0.0545449 8.57256e-07 
0.00432219 1.09681e-05 0.273576 3.9869e-08 4.92909e-07 1.6804e-06 7.19186e-07 0.000189248 0.347212 0.00142869 0.0571804 0.00224714 7.2152e-07 3.80074e-06 0.00519001 2.05764e-07 0.000355 5.8653e-07 0.0018062 8.35179e-08 6.16095e-07 1.08912e-08 0.00571938 4.24602e-08 0.290555 0.0101987 
0.000777738 0.000131676 0.0421576 1.65101e-10 8.963e-07 7.42399e-08 0.00180073 0.000159244 0.0257836 0.00333963 0.129677 0.0015701 0.000270814 1.94425e-10 0.00673108 1.64585e-06 2.72093e-05 0.0158508 0.0028613 2.306e-07 0.00467022 4.51015e-11 0.0200025 1.23213e-07 0.743145 0.00104044 
1.38333e-06 0.00103519 0.00346004 2.1266e-06 1.46749e-06 4.73671e-06 0.00254658 8.11943e-05 0.945013 0.00367855 0.00508597 0.00423609 3.08974e-06 8.17084e-06 0.00231514 2.99827e-05 0.000305478 0.000825335 0.0025164 0.000630743 0.000200257 7.03587e-08 7.68546e-06 1.2927e-05 0.0192382 0.00875996 
4.85152e-09 7.75859e-05 0.0177465 2.25763e-12 5.55826e-09 4.07726e-12 1.39209e-08 8.30481e-05 0.00116652 2.93432e-08 0.420542 0.00407675 1.27212e-08 2.65861e-12 1.90026e-08 1.91335e-12 7.04611e-09 3.35421e-08 2.62542e-08 6.17182e-13 4.39527e-06 6.16728e-13 0.000250013 2.40436e-12 0.526176 0.0298767 
2.36491e-05 0.000728696 0.00125771 3.21724e-08 3.95842e-08 5.81031e-08 1.39324e-05 0.000501181 0.941133 0.000181338 5.68309e-06 0.00211813 1.40519e-08 0.00010806 2.57864e-05 5.62538e-05 3.58952e-06 1.79726e-06 0.0044411 8.79517e-09 3.62416e-06 8.78869e-09 0.00548954 1.50638e-05 0.0438916 2.91584e-08 
2.82199e-06 0.582437 0.000297576 5.38658e-07 2.75299e-06 8.53221e-06 0.000497976 6.15871e-06 0.00823311 0.0284071 0.0106763 0.000559695 4.75179e-05 0.235894 0.000431208 0.00046959 5.26636e-05 6.12849e-05 0.0034255 2.42437e-06 0.000829608 1.47148e-07 0.10441 3.4161e-05 0.0232069 5.65473e-06 
0.00148304 6.6181e-06 6.67653e-08 1.47385e-10 1.81339e-10 2.66177e-10 5.72715e-07 8.93085e-11 0.926469 0.0106652 6.56408e-07 4.66677e-06 6.43733e-11 1.73562e-10 2.27515e-07 3.75977e-08 7.43361e-08 0.0014786 0.037139 4.02916e-11 2.34316e-07 4.0262e-11 7.56675e-05 0.000345806 0.0223306 1.33578e-10 
8.84627e-07 7.69971e-07 0.00228812 8.11719e-08 8.79345e-07 0.000483495 0.00011402 4.08336e-06 0.736719 0.0132036 6.28087e-09 0.00133137 0.00432793 1.32354e-06 0.165779 2.1957e-06 2.88857e-06 0.0385646 1.1066e-06 5.06562e-06 0.0247341 2.62362e-10 0.00165988 2.41069e-07 0.0107755 8.70443e-10 
0.0235559 0.000106596 0.000128677 5.80409e-07 7.14122e-07 1.04821e-06 0.000120959 3.51701e-07 0.39664 0.0237529 1.40372e-05 0.0139181 2.53505e-07 9.08223e-06 0.0097239 4.91899e-07 2.42215e-06 0.0274766 0.389834 0.00520315 4.9788e-05 1.58553e-07 0.00257366 6.18131e-07 0.106885 5.26036e-07 
0.00512875 0.000209297 0.692724 1.22985e-06 9.96123e-06 3.28344e-05 1.89713e-05 4.1051e-05 0.0389573 0.000475911 0.00869731 0.0012596 1.39387e-05 1.44828e-06 0.00141914 4.31556e-06 1.07676e-05 0.00152746 0.00705546 6.3757e-06 0.000467984 8.03667e-07 0.00722749 1.17503e-05 0.234265 0.000431946 
0.000808582 0.00258257 0.00170595 2.11227e-06 2.14566e-05 3.3518e-07 0.014435 7.87081e-05 0.0391945 0.00578411 0.00661093 0.208236 0.00458764 0.447659 0.00269002 0.000401558 0.000144346 0.00249972 0.00276192 0.00307441 0.00496211 4.24783e-08 0.0315755 0.000422014 0.219761 3.4701e-07 
2.14758e-06 0.682953 0.000437534 4.6866e-07 1.98649e-06 6.17064e-06 0.000658771 4.63236e-06 0.00845504 0.0303587 0.0108638 0.000755062 0.00132061 0.121439 0.000554087 0.00279829 4.80637e-05 8.35124e-05 0.00442863 1.80774e-06 0.000973076 1.28026e-07 0.109887 2.79168e-05 0.0239362 4.13548e-06 
0.00148304 6.6181e-06 6.67653e-08 1.47385e-10 1.81339e-10 2.66177e-10 5.72715e-07 8.93085e-11 0.926469 0.0106652 6.56408e-07 4.66677e-06 6.43733e-11 1.73562e-10 2.27515e-07 3.75977e-08 7.43361e-08 0.0014786 0.037139 4.02916e-11 2.34316e-07 4.0262e-11 7.56675e-05 0.000345806 0.0223306 1.33578e-10 
0.0125629 6.54924e-09 0.000524001 5.73213e-09 7.05268e-09 5.4459e-06 0.0318571 1.28771e-07 0.637016 0.0185888 5.09499e-07 2.16586e-09 3.52248e-05 6.75022e-09 0.0085202 2.524e-05 5.4005e-05 0.110774 4.63359e-06 1.44727e-05 0.0261726 1.56587e-09 0.10804 6.10467e-09 0.0457847 2.0245e-05 
0.000342885 3.81591e-05 0.0123267 2.76013e-06 3.39601e-06 0.000578765 2.33111e-06 0.000594441 0.0172019 0.00972306 3.14542e-05 2.95981e-05 0.00851122 0.000375831 0.000856155 0.000128707 1.00017e-05 0.0365452 8.34303e-05 9.23295e-05 0.00260865 7.54e-07 0.00480014 9.84476e-06 0.90435 0.000752234 
0.00483179 0.00781323 1.88393e-07 0.00141993 8.63717e-11 1.2678e-10 2.78458e-07 0.00204696 0.429584 0.000527054 7.48137e-09 0.000130858 3.06609e-11 8.26675e-11 0.00271853 5.94942e-11 0.00096539 1.57986e-07 0.305053 8.35809e-05 7.88564e-08 1.91767e-11 1.18392e-07 0.225497 0.0193271 2.8637e-07 
4.12926e-08 0.833911 0.0037888 0.00206962 8.32697e-09 4.83492e-08 0.00126485 8.97253e-08 0.088535 0.01165 5.75812e-05 0.00703888 0.000470438 0.00201779 0.0014638 1.10281e-07 0.00101071 0.00159273 0.0395912 2.28571e-08 3.26912e-08 2.72924e-11 3.61049e-06 5.13856e-05 0.00548143 6.63654e-07 
0.00135018 0.1185 0.000711442 2.08069e-10 5.7778e-05 2.22362e-07 0.0013296 0.0126125 0.421268 0.0156738 0.00121676 0.00113113 0.018685 2.20223e-08 0.000177268 0.000385491 4.55217e-07 0.0135379 0.00131297 0.000170695 0.0242392 5.68392e-11 0.180841 0.0016793 0.185119 1.44774e-07 
7.19357e-07 0.0145983 0.00173906 2.87075e-08 3.53211e-08 2.1747e-05 2.03346e-06 0.0152186 0.60687 0.00218388 0.00177772 0.153786 9.91873e-06 3.38063e-08 0.000759795 2.17437e-05 0.000501447 0.000105865 0.0244307 2.67899e-05 8.28437e-07 7.84219e-09 1.32276e-06 0.15085 0.0270936 2.60182e-08 
0.000807546 0.079931 0.00428013 3.27875e-10 3.52672e-05 4.36007e-07 0.0043623 0.0703371 0.731645 0.00326779 0.00602745 0.00342202 0.000175833 3.8611e-10 0.00161728 9.06058e-06 0.00036015 0.000528651 0.0108069 1.16483e-07 0.000679127 8.95674e-11 0.00589976 1.20222e-06 0.0749669 0.000839349 
0.0262725 0.000125546 6.1587e-05 1.09567e-07 7.29927e-06 0.122227 9.25368e-08 0.00447118 0.132597 0.00280664 0.00535298 0.00339229 5.21391e-06 1.29028e-07 6.28279e-06 9.28587e-08 2.77952e-06 0.00033173 0.26459 6.89778e-06 0.0130727 2.99311e-08 0.000365261 3.0198e-05 0.424274 9.9303e-08 
0.000261095 8.29362e-07 0.000294198 7.25887e-07 8.93115e-07 1.31095e-06 3.6634e-06 4.39854e-07 0.98252 0.0017936 1.05246e-05 4.78103e-05 3.17045e-07 8.54813e-07 8.98335e-05 6.15192e-07 0.000104771 0.000999931 0.0134994 1.9844e-07 0.000139837 1.98294e-07 0.000116491 1.23124e-05 9.96127e-05 6.57886e-07 
0.00483179 0.00781323 1.88393e-07 0.00141993 8.63717e-11 1.2678e-10 2.78458e-07 0.00204696 0.429584 0.000527054 7.48137e-09 0.000130858 3.06609e-11 8.26675e-11 0.00271853 5.94942e-11 0.00096539 1.57986e-07 0.305053 8.35809e-05 7.88564e-08 1.91767e-11 1.18392e-07 0.225497 0.0193271 2.8637e-07 
0.000431856 0.00645717 0.033519 4.74828e-06 9.07036e-05 4.86881e-07 0.0013239 0.00793349 0.745203 1.59194e-05 0.0016068 0.000580396 1.54335e-05 3.17474e-07 0.0325045 7.3364e-05 4.19371e-05 0.00127065 0.00647557 0.000302247 0.00393978 7.36458e-08 0.0413827 4.36625e-05 0.114342 0.00244006 
0.00117268 0.00238185 0.000257452 2.18898e-05 0.00219961 2.76555e-05 2.20896e-05 1.20979e-05 0.942749 0.0122462 1.12978e-05 0.00146542 3.56123e-05 8.96526e-08 8.89107e-06 3.05139e-05 0.000262309 0.028111 0.00119781 2.08124e-08 1.94246e-05 2.07971e-08 0.0068512 0.000251006 0.000664913 6.89989e-08 
0.0471076 1.22321e-09 0.0365132 1.0706e-09 1.31724e-09 0.000195191 5.89019e-07 1.05554e-06 0.231585 0.076369 0.00532518 0.12539 0.00917192 1.26075e-09 0.0668876 1.27075e-06 2.50738e-07 1.08797e-06 0.0649597 7.22512e-05 0.00288317 2.92461e-10 0.205551 8.91564e-08 0.0938162 0.0341689 
0.0103047 0.0706442 0.000861998 4.29792e-07 2.75543e-06 1.23312e-05 0.024906 0.000503427 0.792613 0.0131401 1.43618e-05 1.19056e-06 0.00273385 5.43317e-09 0.00963262 2.09388e-06 0.000525107 0.00283923 0.0204896 9.3113e-07 0.0163808 1.26035e-09 0.0101824 0.000966139 0.023241 1.55021e-06 
4.12926e-08 0.833911 0.0037888 0.00206962 8.32697e-09 4.83492e-08 0.00126485 8.97253e-08 0.088535 0.01165 5.75812e-05 0.00703888 0.000470438 0.00201779 0.0014638 1.10281e-07 0.00101071 0.00159273 0.0395912 2.28571e-08 3.26912e-08 2.72924e-11 3.61049e-06 5.13856e-05 0.00548143 6.63654e-07 
0.000140908 0.00089929 1.59474e-05 1.29014e-09 2.37442e-06 2.32999e-09 1.30952e-06 6.95395e-06 0.621343 0.00845562 0.0420037 0.132273 5.43356e-06 1.51929e-09 0.00108351 1.0934e-09 7.47114e-05 0.000549696 0.125967 3.52695e-10 0.000309649 3.52435e-10 0.00203486 7.18733e-07 0.064795 3.68812e-05 
0.000108605 0.000212755 0.00361317 7.33909e-09 0.000101658 2.7607e-10 1.26135e-05 0.000104398 0.0060037 0.000552731 0.353923 0.0264746 4.83473e-06 1.80014e-10 0.000654928 1.29552e-10 5.36683e-05 0.000684112 0.000755177 2.95531e-05 0.000390933 4.17585e-11 0.000775996 0.0855326 0.518324 0.00168684 
4.08668e-07 4.0151e-08 1.30993e-05 3.51416e-08 4.32374e-08 6.34654e-08 0.011314 0.00957325 0.366025 7.63994e-05 0.00018483 0.54054 0.0387757 1.48485e-05 2.79449e-06 0.0100129 1.04634e-05 9.23455e-06 0.0195667 9.60688e-09 6.63914e-07 9.59981e-09 0.00380116 3.74255e-08 7.55547e-05 2.8657e-06 
4.37328e-07 0.00300913 0.0089077 4.87588e-08 3.06352e-07 9.77338e-11 2.31728e-06 2.09902e-07 0.833193 6.03807e-08 0.000388764 5.90955e-07 2.36364e-11 6.3728e-11 0.0227495 1.55983e-07 0.000106095 0.000351223 0.0223551 2.10091e-07 0.00177343 1.47832e-11 0.0178769 5.76335e-11 0.0892846 4.90467e-11 
0.00229655 5.84979e-05 0.0588974 1.02824e-06 6.51726e-05 0.000137048 0.000141367 4.59826e-05 0.0107538 0.0226879 4.54356e-05 0.00119604 0.0604344 1.21086e-06 0.142741 0.00120503 7.85363e-06 0.62165 0.000276674 0.000204934 0.0026845 2.80889e-07 0.0700866 1.09507e-06 0.00434952 3.13924e-05 
0.000119652 0.00021295 4.71014e-05 0.000274405 0.000135652 4.16432e-05 0.0031334 0.00156228 0.859077 0.00391956 0.000995974 0.0009236 0.00249221 3.76339e-06 0.000281952 0.000805702 5.88607e-05 0.0110687 0.0274004 0.00289567 0.000235487 8.73009e-07 0.020226 4.57104e-05 0.0638299 0.000212044 
