0.0369851 3.62142e-10 0.0205598 3.1696e-10 3.89981e-10 0.000702196 4.64844e-09 8.55108e-07 0.0139188 0.00191789 0.000108025 0.000704043 0.0245286 3.73256e-10 0.281588 9.55918e-07 7.60895e-11 0.0139565 0.00625452 6.68508e-08 0.0604813 0.00531874 0.487826 0.000120505 0.0450281 9.85037e-08 
0.0713953 9.77179e-05 0.0143726 4.97547e-07 0.000107026 0.000543324 6.7952e-06 0.00614152 0.0153329 0.0115194 0.0034476 0.00317438 0.00073657 9.48569e-09 0.0766968 0.00399163 3.70149e-06 0.177961 0.00873369 0.00351154 0.0599253 0.010096 0.388393 0.000128668 0.143549 0.000134524 
0.0202381 5.32058e-05 0.00459852 4.97296e-09 1.05753e-07 1.02536e-08 0.00370209 0.000122116 0.00384822 0.0640386 0.0062381 0.0216197 0.0485038 1.72991e-07 0.151156 3.73865e-07 0.0146348 0.0323679 0.0689296 0.0387108 0.0132652 0.00293396 0.454456 4.10986e-06 0.0505202 5.7576e-05 
0.00768273 0.00112242 0.0159435 0.00238453 0.000260688 0.00022013 0.000374865 6.63358e-05 0.0491123 0.00406484 0.000624387 0.00107328 0.0275414 0.000423193 0.0142797 0.00911847 1.1017e-05 0.00978151 0.0266055 0.00314577 0.0178117 0.00521074 0.697315 3.05716e-06 0.0895823 0.0162407 
0.0148464 6.02591e-05 0.000266642 3.02914e-09 0.000787964 4.39955e-07 0.000443062 6.65907e-05 0.00157887 0.294701 0.0129747 0.00684911 0.000188544 0.000284498 0.0302687 0.00136442 0.0314907 0.0219075 0.150039 0.0392172 0.0162728 0.00903573 0.362759 5.76327e-06 0.00443717 0.000154358 
0.0232994 0.000211788 0.0031835 0.00332558 4.91778e-05 9.10074e-05 0.00062563 0.00744345 0.00944768 0.033304 0.0142883 0.00615206 0.00385517 0.00091879 0.0555614 0.00133416 0.000359169 0.017689 0.187779 0.130874 0.019179 0.0247642 0.388002 1.08545e-05 0.0675234 0.000728826 
0.0425458 6.20121e-05 0.00311375 3.56626e-06 0.000114586 0.000190261 5.95651e-05 0.00900489 0.00277147 0.159999 0.00774605 0.00572788 0.00979236 0.00674093 0.0635236 0.00101979 0.000865324 0.00565197 0.045719 0.0114777 0.100417 0.133907 0.347602 4.97363e-07 0.0418743 7.06502e-05 
0.0130089 0.000224182 0.00890574 0.000240937 0.00115047 0.000289828 0.00156796 0.00217856 0.0105309 0.211553 0.0142016 0.0179918 0.00544013 0.000507277 0.0400429 0.00265062 0.00568362 0.0307764 0.0836461 0.0202407 0.0520023 0.0714247 0.362537 4.27507e-05 0.042247 0.000914722 
6.41881e-05 1.63307e-05 0.0144034 7.37139e-10 2.2685e-06 1.61815e-05 0.000162374 0.00019992 0.0223928 0.0444039 0.0462822 0.00440075 0.00120867 0.00346341 0.0589324 0.000340489 0.000130019 0.000382235 0.176459 0.00344486 0.00522757 0.0051847 0.462345 3.33026e-07 0.150444 9.35792e-05 
0.00374458 5.89475e-05 0.102058 1.11924e-09 1.37708e-09 7.45786e-07 6.3707e-06 5.00793e-05 0.0921942 0.0496313 0.000229113 0.00316725 0.00277232 1.31802e-09 0.0237238 7.20456e-05 0.000280438 0.169086 0.0428345 0.00295072 0.00985229 0.00544488 0.354037 3.78978e-06 0.1378 2.13411e-06 
8.92848e-08 7.12856e-12 0.0130471 6.23917e-12 7.67654e-12 1.07395e-08 0.00129162 0.000580667 0.00036304 0.0248067 0.133277 0.000763077 0.0915308 3.73716e-07 0.0132349 0.0138953 4.89694e-05 0.00408113 0.139514 0.0118215 0.025443 0.202426 0.299128 6.64467e-12 0.0246824 6.47941e-05 
0.0286912 2.30329e-10 0.149835 2.01592e-10 1.35952e-06 1.46821e-06 2.46886e-05 0.00208455 0.0028617 0.0888976 0.000756964 0.00476974 0.00923757 8.63991e-08 0.163135 5.79893e-05 1.12313e-05 0.0154607 0.0283197 0.0216755 0.0313374 0.0130019 0.398 8.44322e-07 0.0418018 3.66306e-05 
0.000495846 0.000541865 0.0075927 7.09534e-12 1.44167e-05 2.17156e-05 5.75534e-05 0.00164816 0.00797501 0.0853192 0.0231865 0.00423435 0.0139617 7.68266e-08 0.0563587 0.000170506 6.23394e-05 0.00823675 0.110071 0.000146997 0.0147413 0.00121739 0.621809 1.36063e-07 0.0420526 8.4148e-05 
0.000371788 9.05013e-06 0.0896911 1.38851e-08 0.000500726 2.70493e-05 3.10022e-05 0.000732228 0.000993403 0.0206712 0.00491819 0.0042307 0.000642251 4.06199e-06 0.322357 1.54174e-06 2.59778e-06 0.000648449 0.00637467 0.00228561 0.0313096 0.000698969 0.494254 7.9248e-07 0.0171656 0.00207882 
0.000801901 1.17176e-10 0.000546556 1.02557e-10 9.17789e-07 1.85319e-07 6.81833e-05 6.21444e-11 0.0131659 0.114954 5.81644e-08 0.00804344 0.179437 8.86474e-08 0.102135 1.80486e-07 4.10393e-08 0.0193952 0.00839511 1.04402e-07 0.138977 0.00255611 0.405115 2.51208e-07 0.00640825 9.2949e-11 
0.00020756 0.000546908 0.00849164 1.57108e-11 9.29612e-06 3.90624e-07 0.000370895 1.96397e-05 0.00830459 0.101811 5.47219e-05 0.00366719 0.107745 1.85013e-11 0.0438352 0.000453759 4.63444e-07 0.0312295 0.0131931 0.00469268 0.012829 0.0045123 0.645705 8.59912e-09 0.0121862 0.000134502 
0.0145433 3.56668e-12 7.15996e-05 3.12169e-12 2.15126e-08 5.63774e-12 2.63647e-12 6.90452e-08 0.0118443 0.00222227 3.48509e-08 0.00730554 1.97715e-08 3.67613e-12 0.0757995 0.00125353 7.49393e-13 0.00190416 0.0331961 0.00141766 0.0581653 4.43524e-09 0.776498 3.32457e-12 0.0157783 2.82925e-12 
0.0428941 0.0103787 0.0269462 2.11108e-06 0.00611246 2.23762e-05 0.000592166 0.0035716 0.0122602 0.0413215 0.0353266 0.0127288 0.00729381 1.94286e-05 0.264722 9.94229e-05 7.21713e-05 0.0117058 0.0117936 0.0145811 0.0323626 0.0107005 0.350914 2.61793e-05 0.103349 0.000204221 
0.0223162 4.68949e-05 0.00898993 1.11666e-10 4.13636e-05 3.42461e-05 0.000622768 0.0115899 0.0103028 0.0917717 0.0316468 0.0175534 0.0418545 1.315e-10 0.0286394 6.1092e-05 0.000108215 0.0520642 0.0467111 0.0371407 0.0880894 0.0322429 0.432303 8.93382e-07 0.0458471 2.11617e-05 
0.018943 0.00255582 0.00454659 1.38478e-05 0.000280818 0.000334202 0.000394388 0.00324194 0.0141404 0.340691 0.014648 0.00669075 0.00579826 6.82989e-05 0.0644827 0.00252984 0.000144887 0.0232032 0.025582 0.0235359 0.0168113 0.0129747 0.369364 1.78817e-05 0.0449633 0.00404345 
6.84869e-08 0.00112176 0.0768729 6.84103e-08 6.16169e-05 0.0108098 6.84257e-08 0.0086384 0.0139515 0.076623 0.0139868 0.00768951 0.00192398 6.83925e-08 0.0365089 0.00144385 6.84862e-08 0.00484225 0.0296516 6.8483e-08 0.0274502 0.00459527 0.438014 6.84039e-08 0.243666 0.00214844 
0.0419611 0.000456666 0.0379373 2.6738e-07 3.40672e-05 0.000538894 0.000519682 0.0455326 0.0891756 0.0225565 0.0271413 0.0158868 0.00342291 4.56551e-05 0.0780816 0.00305094 0.000229982 0.00917381 0.0447292 0.00161654 0.0120538 0.00510696 0.335236 2.98101e-07 0.225269 0.00024313 
0.000493851 0.0147014 0.0176601 4.33221e-07 3.18556e-06 0.000799132 1.06924e-05 0.00621197 0.0401231 0.0159979 0.0775173 0.000996499 3.88177e-05 4.70935e-12 0.081729 1.44927e-05 1.22509e-05 0.00444157 0.0140216 0.00455247 0.035447 0.00473249 0.48103 2.94983e-06 0.199369 9.30288e-05 
2.92703e-11 8.5928e-07 5.30008e-06 1.25325e-10 1.54197e-10 4.75531e-07 0.00517594 6.62213e-06 0.301518 0.178127 2.29103e-06 5.75819e-06 2.63295e-06 1.47584e-10 1.42719e-05 0.000132384 0.000185612 0.00298512 8.25158e-06 0.0223859 0.0895133 2.93402e-06 0.399804 1.3347e-10 7.23011e-06 0.000116094 
1.69768e-05 0.00295492 0.0034533 0.0605024 1.73242e-05 1.46911e-06 0.081551 0.00477614 0.191474 0.0865818 0.00375185 0.110488 0.00399155 7.43705e-11 0.0120162 4.96736e-05 0.000548058 0.0219021 0.0523768 0.0237383 0.000529652 0.00165002 0.25183 6.77199e-06 0.0857659 2.55568e-05 
0.0436504 0.000108696 0.07176 4.30005e-09 3.45856e-05 5.25377e-06 0.00463218 0.00280685 0.0152847 0.133506 0.0169212 0.036549 0.00566816 7.23229e-12 0.0262576 0.0031127 0.018661 0.0561068 0.0219519 0.000726748 0.0374417 0.0117554 0.292744 3.28662e-05 0.196803 0.00347991 
6.84869e-08 0.00112176 0.0768729 6.84103e-08 6.16169e-05 0.0108098 6.84257e-08 0.0086384 0.0139515 0.076623 0.0139868 0.00768951 0.00192398 6.83925e-08 0.0365089 0.00144385 6.84862e-08 0.00484225 0.0296516 6.8483e-08 0.0274502 0.00459527 0.438014 6.84039e-08 0.243666 0.00214844 
0.0214734 2.77173e-05 0.0943482 2.42315e-07 2.05582e-05 4.32961e-05 9.54769e-05 3.15054e-05 0.000702655 0.000982342 0.00122833 8.927e-05 0.00642606 0.000176303 0.0469719 0.00073816 2.66144e-05 0.00168885 0.00176219 0.014688 0.00919344 0.00227293 0.763409 2.58064e-07 0.0331904 0.000412471 
0.00494919 0.0501665 0.00253383 1.2935e-12 1.29867e-05 7.43235e-05 0.00418958 0.000159648 0.065275 0.0278028 0.112791 0.00804591 0.10664 6.50938e-08 0.0327652 0.000311676 0.000170132 0.019024 0.0505338 0.0179792 0.0491281 0.00694489 0.39362 7.69472e-06 0.0467588 0.000115972 
0.00597349 4.27054e-05 0.0193445 3.29417e-06 4.85868e-11 7.13174e-11 0.000229792 2.61263e-07 0.0434363 0.00641786 0.00317026 0.00433534 0.000473365 6.75758e-07 0.180137 6.60192e-07 1.61729e-05 0.000377193 0.0154657 0.0226588 0.0206627 0.0052143 0.579353 2.31532e-08 0.0792801 0.0134069 
0.000256195 7.70123e-09 0.00054194 9.56681e-13 7.02437e-06 2.39648e-09 4.81438e-09 0.000869507 0.00271312 0.00644822 0.0077814 0.00150094 2.76378e-10 1.1266e-12 0.352474 2.21316e-05 2.98094e-06 0.000114558 0.0320788 0.00299296 0.00351399 0.000287714 0.560677 2.57311e-07 0.0277171 5.40481e-09 
0.00489429 0.00395633 0.00446883 0.000114982 9.22241e-05 1.00552e-05 0.00124101 0.00190777 0.237729 0.0384942 0.020801 0.00410448 0.00172279 6.5159e-07 0.184323 0.000808911 2.66056e-05 0.010623 0.0936495 0.00495904 0.0212309 0.00263036 0.265794 6.30668e-05 0.076893 0.0194623 
0.00625994 9.47878e-07 0.0121644 3.15623e-11 5.45372e-08 3.33633e-07 0.00220919 0.00063973 0.00117423 0.0942135 0.0179378 0.00190921 0.0466385 6.58471e-05 0.0720691 0.00159137 0.000134348 0.0353463 0.191183 0.178179 0.0229346 0.0763849 0.213504 5.72198e-09 0.0247305 0.000728606 
0.0020239 0.00624597 0.0104672 8.5045e-10 7.8062e-06 1.18979e-06 0.00105102 0.000181245 0.0043954 0.022434 0.0354633 0.000217133 0.000299294 2.98976e-12 0.333985 6.12914e-08 0.000111349 0.0008991 0.00539358 0.0455567 0.0224681 0.0222837 0.435265 9.49416e-06 0.0511407 9.9932e-05 
0.0125564 2.76057e-07 0.0105799 8.10073e-09 0.00187824 9.00036e-06 0.000149193 1.56818e-05 0.0371871 0.0697419 0.000131101 0.00468931 0.0545876 7.5894e-08 0.208137 0.000280729 1.54068e-05 0.0150349 0.0182069 0.00103683 0.0868796 0.0128233 0.420001 2.53531e-05 0.0459926 4.07266e-05 
0.00837851 0.00523956 0.0330279 0.000179254 0.00109893 9.48627e-05 0.00072245 0.00186496 0.0359957 0.119527 0.012696 0.0868159 0.0031437 0.00147079 0.043696 0.00112024 0.00239405 0.0515751 0.123346 0.0456323 0.0275709 0.00767248 0.33449 3.23814e-05 0.0446072 0.00760724 
0.0384424 0.000265475 0.0605413 2.64774e-10 5.93186e-09 9.89155e-06 0.000538516 0.00745184 0.0372831 0.0392983 0.00512108 0.00103575 0.00212078 3.11801e-10 0.0943089 0.00100584 6.35723e-05 0.108228 0.0265194 0.125998 0.0897789 0.0417912 0.171736 3.68167e-08 0.148331 0.00013034 
0.0516186 5.88542e-06 0.0047913 5.96e-11 7.33305e-11 0.000117527 0.000370254 5.75786e-05 0.00841887 0.0282701 0.00164709 0.00380748 0.00131281 0.000912549 0.0685555 0.000413287 0.000122918 0.000579015 0.263774 0.0703849 0.0889684 0.00445196 0.32835 5.69521e-08 0.0730693 7.70444e-07 
0.00601707 4.27933e-06 0.000569006 1.02415e-11 1.26009e-11 1.8496e-11 0.000103001 7.26254e-05 0.0027817 0.0151634 1.65182e-08 3.63928e-08 5.08927e-08 1.11153e-08 0.393835 7.4614e-05 1.08346e-08 0.00500376 0.0336439 0.124873 0.00855218 0.00116885 0.407415 4.30453e-08 0.000720624 1.03077e-06 
0.015475 0.000142732 0.00270586 0.00129122 4.62416e-05 0.0165061 0.000203076 0.000530767 0.0451863 0.252589 0.00142488 0.0102366 0.000978122 5.52737e-10 0.0180117 0.000872216 0.0738945 0.100205 0.0944575 0.0236581 0.0224771 0.00849595 0.289954 9.83647e-06 0.0200518 0.00059664 
1.64905e-08 0.00163895 0.004826 5.83205e-09 6.44072e-11 3.56558e-06 2.5389e-05 0.000223632 0.0851208 0.257478 3.22097e-07 0.00197691 0.0385855 6.1645e-11 0.0517196 2.35938e-07 4.73803e-06 0.00424109 0.0237028 0.00448489 0.00251126 0.00162374 0.393083 2.7304e-08 0.128093 0.000656862 
0.00653959 0.000434077 0.00861273 6.45729e-05 0.000195387 2.68086e-05 0.00115986 0.001422 0.012937 0.0722236 0.0117042 0.0156368 0.00185918 0.00064429 0.0441561 0.000660502 0.00276201 0.00989266 0.337503 0.0101738 0.00811483 0.00687831 0.403113 1.23893e-05 0.0414154 0.00185844 
0.0206323 0.00197908 0.00307164 1.20616e-08 0.138208 0.000133038 8.38638e-06 0.0016849 0.0524412 0.100206 0.0013083 0.154308 0.000111019 0.000708786 0.0216741 0.000939741 0.00859127 0.118642 0.0363695 0.152869 0.00973534 0.00372054 0.155436 2.73079e-06 0.0167119 0.000507872 
0.0732976 0.000143401 0.00818482 0.000304233 8.40456e-08 1.8478e-11 0.000472431 0.000236025 0.00398409 0.0487346 2.35576e-05 6.88203e-05 0.00324699 1.20487e-11 0.0174868 0.00144617 2.11036e-06 0.00112507 0.000447426 0.0633399 0.0185534 0.0231386 0.685812 0.000175471 0.0468386 0.00293816 
0.02403 0.000363662 0.0101639 3.26577e-05 0.000143893 0.00020621 0.00153416 0.000899444 0.0841579 0.102907 0.027539 0.0167113 0.00692006 0.000513426 0.0544189 0.0215429 0.00682994 0.137994 0.0750444 0.0546719 0.0144487 0.0370061 0.242929 2.70423e-06 0.0787148 0.000275155 
3.16834e-08 0.0459477 0.00592485 3.01453e-12 2.9305e-08 2.06934e-08 7.68907e-08 6.5031e-08 0.0122768 0.0204731 0.00746561 0.00139828 0.00120342 3.54994e-12 0.0854781 2.55482e-12 7.28018e-08 2.64656e-08 0.00532652 0.0145558 0.00164612 8.11975e-08 0.640808 1.28742e-07 0.157092 0.000403329 
0.0738103 2.59969e-11 0.00592776 2.27534e-11 8.81787e-05 3.31713e-08 0.000737083 0.000103669 0.0066609 0.279992 0.00581671 0.000343932 0.00573502 0.0238982 0.0255968 0.000689218 1.40467e-05 0.00601827 0.040015 0.000371955 0.0314663 0.00117026 0.316615 6.42973e-09 0.174436 0.000494135 
0.0477969 0.000181919 0.00447706 8.30309e-05 5.5335e-05 5.80686e-05 4.03346e-05 0.00111215 0.0032869 0.0322389 0.00234358 0.00347447 0.00296643 0.000940081 0.0702551 0.00225688 5.84224e-06 0.239297 0.0648516 0.0102266 0.0250741 0.0279128 0.407556 1.2339e-05 0.0534743 2.18866e-05 
5.5865e-05 2.68342e-10 0.0242723 1.34688e-12 9.87368e-06 2.07676e-08 0.00540351 0.00360292 0.0104014 0.130354 0.0675728 0.00164095 0.0436916 6.64303e-08 0.0242404 0.00062772 2.50833e-07 0.00147159 0.0321721 4.81975e-08 0.0405749 0.000750941 0.568028 1.41068e-09 0.0451232 5.06597e-06 
8.14169e-05 0.000141813 0.00202097 1.88699e-13 5.86979e-06 6.20053e-06 4.30717e-05 0.00954662 0.00683932 0.0596642 0.0407627 0.00116553 7.33302e-05 2.22214e-13 0.130679 4.04763e-05 9.8609e-06 0.00416052 0.0284911 0.000602289 0.0185571 0.00096314 0.639356 1.70152e-07 0.0479768 0.00881246 
0.00702686 0.000457687 0.00620671 6.11589e-07 8.95677e-05 5.95608e-05 0.000424605 0.00178087 0.0110062 0.264414 0.0103083 0.0491087 0.0672847 0.00173588 0.0447435 0.000756052 0.00147086 0.0614758 0.0210782 0.00969194 0.00770378 0.0114313 0.370894 1.36649e-06 0.0506626 0.000186315 
0.0259684 0.000536238 0.0694717 2.81763e-06 3.28117e-05 0.000620535 0.00564108 0.00628138 0.0854156 0.0570043 0.0276274 0.0441222 0.000320828 0.000341471 0.015405 0.000128474 0.000416026 0.0265749 0.0921686 0.00593054 0.0171563 0.00179195 0.328943 0.00140716 0.180313 0.00637834 
0.000688945 1.60519e-07 0.00157907 7.06499e-09 1.71706e-06 9.70983e-08 0.000216392 1.17931e-06 0.138981 0.0271056 0.00047685 0.00173238 0.000209347 1.02254e-05 0.134595 0.000272965 2.71162e-05 0.00227864 0.144583 0.00627956 0.0201148 0.00772808 0.476298 1.73012e-07 0.0355608 0.00125925 
0.00965746 0.000565014 0.0223882 0.00128377 7.53956e-06 0.0156941 0.000290153 0.000714276 0.031384 0.0418072 0.0907826 0.015959 0.020605 0.00150367 0.0749486 0.00610782 8.35369e-05 0.025994 0.169286 0.0137746 0.00955924 0.00868628 0.324242 1.91976e-05 0.114457 0.000199736 
0.00791549 0.024309 0.0189662 1.34659e-07 2.87503e-05 7.2196e-05 0.0076188 0.00199229 0.268445 0.0844478 0.0173228 0.00336698 0.000767132 0.000833912 0.034048 0.000689902 2.55673e-05 0.00416442 0.043335 0.00804658 0.00857002 0.0290259 0.269694 1.46581e-05 0.159841 0.0064576 
0.175947 5.82248e-07 0.00916123 5.42714e-10 5.97834e-07 9.80138e-10 2.42921e-07 7.11003e-07 0.0106862 0.0918085 3.92371e-07 3.02354e-05 0.0102437 0.00912654 0.00888257 0.000365037 4.27431e-05 0.00293913 0.0280422 0.000423439 0.00672976 0.0125923 0.462315 9.5351e-07 0.17062 4.04884e-05 
0.0339111 7.86302e-05 0.00167576 3.03627e-07 6.06363e-05 0.000332549 3.59797e-05 7.62556e-05 0.00158549 0.00795553 0.000338951 0.00114795 0.00403622 0.000110113 0.220212 0.00433662 1.64097e-05 0.0689791 0.15292 0.082657 0.0109207 0.0432694 0.300124 2.17797e-06 0.065216 1.79275e-06 
0.0214365 9.23053e-06 0.0364193 4.63664e-06 0.000686702 1.27593e-05 0.00011307 0.00361455 0.00351651 0.0801148 0.00196193 0.00215738 0.0142276 1.28978e-08 0.125505 0.000626619 1.06207e-05 0.181088 0.098862 0.0662163 0.0375888 0.018427 0.273157 1.74464e-07 0.0342049 3.83433e-05 
0.00138315 3.69418e-05 0.00395403 1.35046e-10 9.72498e-07 2.33913e-09 0.0676008 6.4333e-05 0.00156682 0.14864 0.044153 0.033828 0.00115462 6.3017e-07 0.00980396 0.000395085 0.0582505 0.0116736 0.0751133 0.0825133 0.00208685 0.0030688 0.400914 7.79318e-06 0.0533418 0.000447495 
0.00396609 2.04724e-05 0.00871242 2.56426e-08 1.19078e-07 1.75551e-05 0.00062263 0.0391304 0.00849475 0.0445906 0.0187955 0.0329502 1.10232e-06 1.24395e-10 0.130021 0.00684449 4.71261e-05 0.0102431 0.0860781 0.00740988 0.0584262 0.173892 0.293861 7.68165e-06 0.0750664 0.000801393 
0.000954813 0.0152418 0.000718225 4.41285e-11 4.28667e-05 0.000544718 1.0941e-05 0.00153609 0.00305138 0.0062213 0.0215017 0.00118441 0.00011798 5.19663e-11 0.174278 0.000128803 1.44873e-05 0.00191272 0.225566 6.97509e-06 0.000393151 0.000804373 0.395489 7.27124e-07 0.15028 8.18513e-08 
0.00378877 0.000562102 0.00395844 2.53967e-05 0.000182654 7.98087e-05 0.0004071 0.000707158 0.00781385 0.131726 0.0169235 0.0323188 0.0140902 0.00259244 0.0305178 0.00128083 0.00335878 0.044979 0.0605775 0.00914698 0.0154424 0.00944929 0.580208 9.28172e-05 0.0291497 0.000619967 
0.000167488 6.18765e-07 0.00302177 1.53244e-12 1.64056e-08 3.18298e-08 0.00034833 1.86292e-06 0.0485745 0.010826 1.60366e-06 0.00232878 6.69321e-13 1.80461e-12 0.323691 0.000200953 1.59617e-05 1.73925e-07 0.0677391 0.000702914 0.00632539 0.000699931 0.365261 4.08171e-09 0.170093 2.02638e-07 
0.00346306 0.173742 0.0127047 7.68692e-08 0.00060714 0.000291834 0.00232205 0.00273819 0.0925586 0.0370682 0.10735 0.00383933 0.00549306 7.68492e-08 0.0831702 7.68863e-08 0.0077417 7.69576e-08 0.0270377 0.00951118 0.00881162 0.00758742 0.280286 0.00308224 0.129647 0.000945697 
0.0238723 0.000129196 0.0134621 7.24758e-07 0.00176373 5.1923e-06 0.000303587 0.00103756 0.00751978 0.205066 0.0100282 0.0118959 0.000996283 0.00275967 0.101627 0.00110581 0.0111425 0.0345903 0.0294487 0.183424 0.0291805 0.0290686 0.210641 1.49351e-05 0.0841091 0.00680799 
0.00798818 0.000161773 0.00206881 7.01986e-07 3.8476e-06 8.05465e-06 5.18488e-05 0.000921453 0.00836043 0.0292581 0.00808654 0.000374819 0.00595745 0.000818278 0.0730956 0.00042397 6.00299e-06 0.000339848 0.053466 0.018403 0.00250021 0.000156442 0.759643 5.07178e-05 0.0277638 9.09372e-05 
0.00387417 3.93097e-06 0.00924196 6.85133e-10 3.67215e-07 1.23735e-09 5.7864e-10 0.000293168 0.201378 0.0863115 0.0156582 0.0622965 0.00648863 8.0682e-10 0.00462894 0.000503159 7.16302e-05 0.0160188 0.0249019 1.87299e-10 0.0699037 0.0135509 0.367414 6.65576e-07 0.114793 0.0026669 
0.0493627 0.00126245 0.00604432 0.000213311 0.00142169 0.000307454 0.000810667 0.00229587 0.0177417 0.204749 0.00724046 0.00906139 0.0360777 0.00130255 0.0562479 0.0147003 0.00369775 0.0686149 0.0536648 0.0253669 0.0783403 0.0945669 0.232366 0.000493465 0.0320144 0.00203548 
0.0025742 0.0626248 0.00413493 9.29528e-07 4.06301e-08 2.86905e-08 1.06606e-07 0.000396806 0.12046 0.0128452 8.77108e-07 0.00154464 1.30341e-07 4.92184e-12 0.179942 2.09022e-08 4.04755e-05 6.12139e-08 0.00868293 1.41224e-07 0.0142213 0.0067885 0.528767 0.000250072 0.0567252 4.65959e-08 
0.0306729 0.000181501 0.0214235 3.19096e-05 4.04012e-06 0.0010445 0.000199255 0.000130785 0.0822088 0.0242279 9.70338e-05 3.09016e-05 0.0349795 4.88142e-08 0.096683 6.17197e-05 6.20114e-06 0.0137469 0.0299444 0.000710028 2.89993e-05 0.000458208 0.634774 5.26076e-06 0.0283396 8.85296e-06 
0.0127903 0.000252418 0.0756505 4.49887e-09 0.000321285 1.29701e-05 0.00290985 0.00408578 0.0464503 0.0974711 0.0219103 0.0310661 0.0110948 0.000480825 0.169103 0.00594261 0.00826065 0.0175138 0.0547254 0.023134 0.0222882 0.0222102 0.280221 1.90708e-05 0.0876114 0.00447425 
0.0689961 0.0115726 0.0264517 6.1466e-08 1.13244e-05 1.97552e-07 0.00114858 0.0161837 0.104199 0.0632103 0.0280612 0.00245833 0.00174695 0.000742153 0.0499073 0.000612949 5.34952e-05 0.0465264 0.14555 0.00111958 0.0449424 0.0115379 0.223754 0.0017952 0.136413 0.013006 
0.0065896 1.74113e-06 0.00557896 1.13795e-09 8.47721e-06 1.83226e-05 0.000103549 0.0031564 0.0128745 0.0306162 0.0115397 0.0134172 0.000797331 1.34007e-09 0.30603 3.99987e-05 3.44888e-06 0.0284103 0.0592595 0.00721217 0.0159461 0.0327385 0.422746 1.26842e-08 0.042911 5.70802e-07 
0.00347867 0.000571963 0.010297 8.57893e-08 2.28235e-05 1.54935e-07 7.58551e-05 0.000261537 0.144833 0.254141 1.28619e-05 0.00521305 0.0181938 1.01026e-07 0.0899767 0.00143288 1.52802e-05 0.0868716 0.0229559 0.0179942 0.0612936 0.00463368 0.26083 2.17123e-05 0.0168013 7.2008e-05 
0.0434449 2.85642e-12 0.000932647 2.50004e-12 5.07388e-05 0.00017259 7.18911e-05 0.000135618 0.00891407 0.0149755 0.00478108 0.000208026 0.00226647 0.0716328 0.159265 0.000209672 1.41617e-05 0.00233863 0.302255 0.0145064 0.0252349 0.0128147 0.306357 1.9883e-08 0.0289068 0.000510827 
0.0110485 0.00157698 0.0232465 9.44547e-06 0.000796385 0.000173486 0.00512125 0.00272111 0.0658789 0.135197 0.00763699 0.00247274 0.100178 0.00109064 0.0492545 0.00572303 0.000132264 0.158745 0.0368881 0.0122262 0.0997091 0.0127972 0.219553 3.03067e-06 0.0408283 0.00699182 
0.042846 0.000111166 0.0578043 4.32814e-06 5.08652e-06 0.0141467 6.25579e-05 0.00189378 0.0176674 0.01625 0.0197341 0.0024621 0.00235383 0.00052569 0.0251193 0.0172435 1.41935e-05 0.0127585 0.0451786 0.0153049 0.00957118 0.0207077 0.586608 1.79548e-06 0.0871993 0.00442575 
0.112192 1.6447e-10 0.00562052 1.4395e-10 9.13629e-07 1.75375e-07 3.41485e-05 8.41653e-07 1.11954e-07 0.00194567 0.0155629 0.000180637 0.00355454 1.69517e-10 0.179872 0.000289968 3.45567e-11 0.0222386 0.00143995 0.00690672 0.0530518 0.0602407 0.453834 4.10498e-08 0.0830342 1.30465e-10 
0.00752981 0.00017381 0.00505835 1.51754e-06 9.62103e-07 3.79509e-05 1.99511e-05 0.00123688 0.0364139 0.0442006 0.104018 0.184669 0.0056432 0.00680899 0.0521609 0.0039369 8.22114e-05 0.00981438 0.0735902 0.000412606 0.0271593 0.00118373 0.281325 2.94084e-07 0.152752 0.00176971 
0.00507465 0.0117798 0.00583127 0.00353561 4.53618e-06 1.249e-05 6.98626e-05 0.00322059 0.117573 0.0540194 0.00645606 0.00689245 0.000451167 0.000491143 0.0820601 0.000884695 2.78923e-05 0.0082513 0.0319957 0.00717335 0.0391487 0.00703139 0.549868 4.47482e-05 0.0576347 0.000467542 
0.0052796 1.79674e-05 0.0271171 0.000378191 1.37656e-06 4.82461e-07 2.90545e-05 0.00404619 0.000862708 0.0507515 0.0464854 0.000833476 2.07734e-05 1.80645e-05 0.0250034 9.72201e-05 9.34971e-07 0.00333467 0.0676248 0.00669926 0.053466 0.0113137 0.59877 9.33316e-06 0.0973531 0.000486026 
0.000755798 2.40171e-08 0.0377444 1.81044e-12 0.00160139 0.000474288 1.11282e-05 0.000480925 0.00330185 0.245409 0.00974573 0.00498157 0.00036826 0.000227135 0.132224 0.000389919 1.84055e-05 0.0602242 0.0965502 0.00425139 0.0454159 0.00730483 0.2617 1.51813e-09 0.0835486 0.00327142 
0.0269854 3.67542e-05 0.0296826 7.64119e-09 3.56405e-05 0.00413024 0.0372279 0.000140506 0.11731 0.081506 0.0128484 0.00498848 0.092681 0.00124077 0.0146237 0.0122785 0.00011786 0.0302848 0.115357 0.0146033 0.0573249 0.0396309 0.264621 0.000130233 0.0421651 4.82399e-05 
0.0107798 0.00129018 0.00360942 8.65995e-06 3.90179e-07 2.04842e-05 0.000289116 0.00404429 0.0309228 0.0273045 0.0169202 0.0096577 0.0053351 0.000243947 0.0346845 0.000135381 4.48238e-05 0.00466815 0.0595049 0.0155675 0.0123385 0.00620569 0.701283 2.74932e-06 0.0550258 0.00011273 
0.0424324 0.000108677 0.00301828 0.00132787 5.35612e-06 4.5694e-11 5.81702e-05 2.91324e-08 0.0730613 0.0398036 0.00390381 0.00328661 0.00158337 3.05302e-07 0.273977 0.00048102 9.83824e-07 0.0650279 0.0225404 6.91679e-12 0.131064 0.00144129 0.324746 8.41152e-06 0.0120691 5.35197e-05 
0.00143632 0.0027607 0.00195891 4.12107e-11 6.04651e-06 5.51568e-05 0.000146608 0.00844999 0.00236946 0.029051 0.0227697 0.00073958 0.104367 5.87447e-05 0.238608 0.000274636 4.40775e-06 0.00611471 0.00973761 0.0181512 0.0307356 0.00180169 0.509778 3.09899e-07 0.0105867 3.71931e-05 
0.113908 0.00114544 0.00728667 3.589e-07 0.00218396 0.000316051 0.000134192 0.00042828 0.039967 0.0499182 0.00448899 0.00118136 0.0486134 2.01573e-07 0.0940573 0.00103755 0.000400735 0.0226683 0.0392538 0.105819 0.0541428 0.0511153 0.278589 0.0169908 0.0433838 0.0229696 
0.0572297 1.89163e-06 0.00251562 8.26204e-06 1.16167e-05 0.000133174 9.21775e-05 0.000138214 0.00200317 0.0245178 0.00106512 0.000720116 0.00101373 0.000140426 0.183097 0.00296544 4.30697e-06 0.0703192 0.0590259 0.00970223 0.0774749 0.119168 0.333034 8.43262e-07 0.0545554 0.00106172 
0.00827637 5.38867e-10 0.0031315 4.71635e-10 1.6691e-07 5.3274e-07 3.98327e-10 1.4364e-07 0.263531 0.0170774 0.000233107 5.28263e-05 2.05996e-10 5.55403e-10 0.0932163 0.000137912 8.47222e-08 0.00231185 0.141542 1.0001e-07 0.030129 0.00025356 0.322574 1.03339e-07 0.117531 1.16001e-06 
0.0144418 5.85215e-07 0.0222354 4.53235e-11 0.00263245 2.04716e-07 5.62317e-06 1.31854e-07 0.0554083 0.0846922 6.81929e-12 1.20221e-06 1.72184e-05 5.33735e-11 0.0772864 7.72117e-07 0.000143764 0.129044 0.00655709 0.0108326 0.117391 0.0396953 0.269332 4.82693e-11 0.165599 0.00468389 
0.00521323 5.25498e-06 0.00912995 5.53825e-09 5.28779e-09 3.33578e-05 0.000174195 0.00667326 0.0123646 0.0428178 0.00131234 0.00289965 0.000710851 0.000260968 0.0746551 0.000240576 2.0497e-05 0.00557162 0.112005 0.0161099 0.0254712 0.00977735 0.563856 1.37831e-05 0.109973 0.00071026 
0.00705249 1.02328e-05 0.00920527 2.35402e-06 3.16142e-07 1.14013e-10 0.000946455 3.8254e-11 0.0829119 0.0366195 0.0426289 0.0487237 0.000443928 1.13641e-06 0.01224 0.000560508 0.00085836 0.0029179 0.114923 0.0106538 0.00799121 0.0178328 0.581531 1.64003e-08 0.0218733 7.16449e-05 
0.0158507 0.00304964 0.00384345 0.000453703 8.02522e-05 0.000145523 0.000202009 0.00127487 0.0075192 0.0808173 0.00646649 0.00157888 0.0109987 0.00267884 0.0825522 0.00103478 0.000379331 0.0211609 0.0341874 0.0136556 0.295331 0.0142338 0.371218 1.42207e-06 0.0309862 0.000300253 
0.0192618 4.65144e-06 0.00313991 0.000509161 2.22977e-06 8.14458e-06 0.000396895 0.00042412 0.00899016 0.0909897 0.0470384 0.00398645 0.172302 0.0218688 0.00331594 0.00616991 0.000298452 0.0392749 0.030355 0.00904332 0.0553956 0.0291828 0.391519 8.36537e-10 0.0656386 0.00088377 
0.0127014 0.00203053 0.00516503 0.000254548 0.00230677 0.000824942 0.00350061 0.00199825 0.00791895 0.107756 0.016155 0.0568802 0.0073856 0.00685948 0.0734897 0.00354128 0.00392768 0.0442067 0.121271 0.0968828 0.0868231 0.10152 0.1961 3.08652e-05 0.0391956 0.00127426 
0.0355688 6.39482e-05 0.000292592 1.01501e-10 0.000109664 5.29972e-05 0.00243153 0.000222484 0.00157187 0.0128339 0.000193107 0.00416791 2.00205e-06 0.000211601 0.160968 0.00350056 7.91133e-09 0.00444858 0.146843 0.00345799 0.00338809 0.00105502 0.598788 6.5638e-07 0.0197408 8.65282e-05 
0.020356 0.000384806 0.00515959 2.6961e-08 0.0226813 7.91705e-05 0.000740819 0.00070908 0.00592492 0.0957857 0.0087038 0.0104658 0.00354845 9.99675e-05 0.0492508 0.000927368 0.00362913 0.0825541 0.0366255 0.0105619 0.0269651 0.0057778 0.57792 2.93761e-06 0.0299637 0.00118187 
0.0266625 1.77394e-07 0.00776224 1.77431e-07 0.000496817 0.00108123 1.77471e-07 0.00087009 0.0379437 0.0499941 0.00515207 0.0036941 1.77578e-07 1.77385e-07 0.0866786 0.00095852 0.00129686 0.00312657 0.0635281 1.7762e-07 0.0886391 0.0100002 0.375229 0.000355006 0.231827 0.00470275 
0.0145258 0.00018567 0.00105564 9.62847e-05 0.000349051 0.000956526 0.000251722 0.00155681 0.00352836 0.124777 0.00272317 0.0119643 0.000456896 2.48324e-06 0.0794611 0.00216888 0.00787751 0.0495943 0.140519 0.214415 0.0401518 0.049233 0.225603 1.9678e-05 0.0283171 0.000210359 
0.0279449 4.86307e-05 0.0108572 0.00362797 0.000415431 0.000928895 0.000684662 0.000704102 0.0154109 0.183865 0.00839772 0.0158265 0.00564776 0.0118465 0.036431 0.00435176 0.00550969 0.0330237 0.15324 0.0231784 0.0348722 0.0157658 0.32641 2.98985e-05 0.0794032 0.00157895 
0.00684332 4.14816e-05 0.00549897 1.86164e-08 0.00183464 1.92433e-06 0.00102682 0.000258914 0.00210258 0.137423 0.000260343 0.00452234 0.00237121 0.000685047 0.175076 0.00107424 0.00960371 0.0441125 0.100498 0.0295392 0.0991592 0.112187 0.239257 8.72214e-06 0.0265432 7.19261e-05 
0.275948 1.84245e-05 0.0211685 4.35555e-07 0.000248145 0.000957054 1.43076e-05 6.48539e-05 0.00648598 0.0827541 0.0172073 0.00222074 0.00858171 0.000229267 0.0181707 0.000256232 0.000547114 0.00624135 0.0297882 0.0152693 0.0191543 0.00939747 0.338788 4.56491e-06 0.145756 0.000727451 
0.000584034 1.65301e-05 0.117723 4.25189e-11 4.76678e-05 0.00019654 3.18396e-06 0.004662 0.0312701 0.0807311 0.00274518 0.000652553 0.000343641 5.00708e-11 0.0663859 0.000418349 1.10495e-06 0.0105596 0.0238408 4.85191e-05 0.0148334 0.0262191 0.484193 3.31941e-06 0.134379 0.000141769 
0.0169684 2.74688e-06 0.00515886 6.62626e-10 0.000797396 1.93808e-06 6.56127e-06 5.0417e-08 0.0523214 0.0552841 0.0164479 0.0117935 0.00483732 1.08402e-05 0.000612036 0.00738682 0.000131093 0.00361421 0.0431988 6.85542e-05 0.0341702 0.0342042 0.393169 5.23232e-08 0.318676 0.00113881 
0.0404641 1.99644e-08 0.000623417 5.44011e-12 2.81583e-05 0.000197337 7.11301e-05 0.000202297 0.000679373 0.165454 0.0229552 0.000666896 0.000841072 0.0893987 0.0193655 0.00133615 4.34253e-06 0.00150789 0.236907 0.00773315 0.0623811 0.0205106 0.317998 2.29042e-07 0.0105142 0.000160235 
0.000289681 3.63343e-08 0.0193096 4.03393e-12 3.7488e-05 1.23052e-05 1.48374e-08 0.00109456 0.0667303 0.0906614 0.118835 0.00412919 0.0201256 4.7504e-12 0.0760129 0.00110073 4.7205e-05 0.0221599 0.042206 0.00371532 0.0234417 0.0124618 0.257342 9.01639e-07 0.240286 3.87242e-08 
0.00668887 0.000138251 0.00498036 2.29954e-09 1.9858e-07 3.22863e-06 0.000602367 0.000517579 0.0106441 0.015757 0.0417354 0.0130932 0.00268992 0.00069977 0.0354311 0.000155412 3.31201e-06 0.0210343 0.00979043 0.00278845 0.0258498 0.000433705 0.787507 2.63868e-08 0.0192566 0.000199807 
0.028063 1.70818e-06 0.000743135 2.57305e-11 9.72196e-06 2.70571e-08 3.91622e-05 1.67354e-05 0.000353141 0.025674 0.000228126 0.000203019 6.3227e-05 0.0487091 0.142751 0.00177053 1.39676e-06 0.00374404 0.0445206 0.0403016 0.241419 0.0434068 0.368611 1.07847e-07 0.00937017 3.14437e-08 
0.049939 0.000695486 0.0266125 0.00202101 0.000794366 0.00032362 0.000102094 0.001216 0.0205402 0.120937 0.00641825 0.00966726 0.00708767 0.000455838 0.078416 0.00327408 0.00488539 0.130153 0.05906 0.0136802 0.0441698 0.0225111 0.332415 6.00385e-06 0.0643458 0.000272843 
0.130327 0.000448557 0.0162288 0.000388549 0.00215299 0.000638103 0.00118125 0.0016469 0.0223088 0.0321457 0.0150909 0.00629728 0.0152193 0.00232604 0.118214 0.00681596 0.00107128 0.0441344 0.108865 0.044078 0.0382953 0.0538027 0.2738 5.37028e-05 0.0629849 0.00148461 
0.0892724 0.000357576 0.00480085 1.73311e-05 7.72184e-05 1.06769e-07 0.00459641 0.000881976 0.010139 0.0445285 0.0199921 0.000265492 0.00742002 0.000125294 0.0911603 0.000667214 1.00782e-05 0.00653087 0.00692817 0.0267913 0.0413402 0.0378069 0.555414 6.0364e-06 0.0503015 0.00056931 
0.0122988 4.28711e-05 0.00283451 9.9588e-09 1.14848e-06 0.00077868 0.21373 0.00195242 0.0569172 0.00209046 0.000111082 0.0219636 0.00958011 1.17276e-08 0.125431 0.000387152 4.06587e-05 0.0191646 0.174486 0.00311527 0.00205544 0.00131703 0.325588 2.93219e-07 0.0256207 0.00049227 
0.0819746 4.35046e-05 0.00868902 0.000131418 1.28955e-07 2.27148e-11 0.00786499 0.000127675 0.0987216 0.0759847 0.00094359 0.000770565 0.0217098 1.48114e-11 0.00762799 0.00820148 1.04066e-08 0.119888 0.00748266 2.92163e-06 0.180146 0.0131799 0.335446 1.33949e-11 0.0307606 0.000301913 
8.53878e-05 4.46751e-05 0.0339927 1.38765e-12 1.31493e-05 0.000340553 2.85666e-09 0.0101827 0.013866 0.101511 0.00500964 0.000814064 0.000395445 1.63411e-12 0.0845126 0.00309999 0.0279786 0.00299531 0.0460378 3.79351e-13 0.0153711 0.00625577 0.505517 6.17568e-05 0.141654 0.000261332 
0.00590966 0.000100877 0.0295713 9.67e-07 9.10327e-05 7.95778e-06 0.000732516 0.000945294 0.0825188 0.0175921 0.118095 0.00332108 0.0188477 4.23962e-06 0.139829 0.0148846 0.000397901 0.0127955 0.0434813 0.0002135 0.0461015 0.0364538 0.358489 6.69014e-09 0.0686637 0.000951827 
0.143664 1.93034e-05 0.0160646 0.00268723 9.70863e-05 0.000388946 0.000755706 0.000453455 0.013247 0.0438419 0.00503167 0.00201923 0.0314964 0.00162659 0.148691 0.00713598 0.00108968 0.0149394 0.0631436 0.0296486 0.0309018 0.0512665 0.295769 1.13778e-05 0.0950983 0.000911945 
0.00450557 4.88724e-06 0.00324531 9.7123e-12 2.85771e-08 1.81777e-05 0.000133742 0.000605888 0.00349304 0.0285035 0.000245767 0.00224689 0.000172365 4.39509e-08 0.154147 0.000360035 1.77326e-05 0.00269479 0.0353413 0.173706 0.012467 0.00290057 0.537189 1.16309e-06 0.0291221 0.00887849 
0.343159 8.27731e-09 0.00238645 7.24459e-09 4.51306e-06 1.28653e-05 0.0429387 2.44237e-05 0.0024821 0.00398548 0.000100037 5.09488e-06 0.0999939 8.53131e-09 0.00137991 0.000477543 1.28961e-07 0.00232157 0.000173035 0.017811 0.008909 2.6478e-06 0.469604 5.13729e-07 0.00422633 1.55422e-06 
0.0176816 2.54124e-05 0.000617928 2.22808e-07 5.09757e-09 4.82135e-12 2.19293e-05 3.01773e-05 0.00328723 0.0183182 0.00238777 0.00423172 0.000282721 2.66784e-08 0.124556 0.00016114 9.5296e-06 0.00167975 0.0336321 0.00575233 0.0191468 0.00958209 0.742421 1.00108e-06 0.0160964 7.78508e-05 
0.00235083 0.000298102 0.00429599 2.11433e-05 1.83789e-07 0.000529827 0.010045 0.000380783 0.082897 0.00363416 0.00396806 0.116606 0.00211466 1.08917e-08 0.0391961 0.000498582 0.000174391 0.000219766 0.144661 0.01424 0.0480078 0.0782921 0.408249 5.27335e-08 0.0333914 0.00592836 
0.0895275 0.000612396 0.0297339 0.000250274 0.000486316 0.00113222 0.00103353 0.00213398 0.0314426 0.0334072 0.0128385 0.00770344 0.00959586 0.00143846 0.147669 0.00195503 0.00127356 0.0514117 0.143109 0.035545 0.0278442 0.0294369 0.266458 0.00202692 0.0663679 0.00556728 
0.0276506 0.0068581 0.0129097 7.16257e-06 0.000986708 0.000967465 0.00145286 0.00050998 0.0576753 0.0794105 0.0114806 0.00127515 0.0153026 3.87979e-06 0.190104 0.00198461 0.0055789 0.0392863 0.0246073 0.00303842 0.0523561 0.0133623 0.430802 5.82563e-05 0.0222698 6.20383e-05 
0.0713953 9.77179e-05 0.0143726 4.97547e-07 0.000107026 0.000543324 6.7952e-06 0.00614152 0.0153329 0.0115194 0.0034476 0.00317438 0.00073657 9.48569e-09 0.0766968 0.00399163 3.70149e-06 0.177961 0.00873369 0.00351154 0.0599253 0.010096 0.388393 0.000128668 0.143549 0.000134524 
0.0338611 0.00947369 0.0109594 0.00169654 0.000419691 1.48538e-05 4.81721e-05 0.00915934 0.106746 0.0500174 0.00131242 0.0957748 0.00779225 8.31095e-08 0.0375263 0.00071951 9.76173e-05 0.10226 0.0852436 0.0152119 0.0242418 0.0179934 0.234382 0.000105154 0.154522 0.000421722 
0.000140434 5.40638e-08 0.00712689 4.80876e-13 1.95432e-06 8.02192e-07 3.47535e-06 0.038607 0.00132841 0.0197511 0.0482367 0.000224755 4.17167e-09 4.03298e-09 0.134897 2.09438e-05 8.35425e-07 0.000311975 0.0330607 9.63521e-05 0.015516 0.000578193 0.631474 3.99304e-08 0.0686024 2.05161e-05 
0.0246852 0.00294822 0.0102841 0.00270231 0.00115964 3.86776e-05 0.000395976 0.00320689 0.0346534 0.0822368 0.0147338 0.0256098 0.00991444 0.000177925 0.0575068 0.000899349 0.00338949 0.0327904 0.0254468 0.00308872 0.205485 0.0111482 0.372959 1.68674e-05 0.0721226 0.00239964 
0.343159 8.27731e-09 0.00238645 7.24459e-09 4.51306e-06 1.28653e-05 0.0429387 2.44237e-05 0.0024821 0.00398548 0.000100037 5.09488e-06 0.0999939 8.53131e-09 0.00137991 0.000477543 1.28961e-07 0.00232157 0.000173035 0.017811 0.008909 2.6478e-06 0.469604 5.13729e-07 0.00422633 1.55422e-06 
0.0019732 0.000102339 0.0287447 6.39925e-05 2.12911e-06 6.40361e-05 0.000187218 0.00311048 0.0148309 0.243842 0.00292571 0.0071861 0.00350561 0.000245635 0.0616584 0.000431355 0.000177243 0.0153011 0.033554 0.00529169 0.0191529 0.0167228 0.504704 1.5691e-06 0.0361478 7.28381e-05 
0.00298113 0.000142457 0.0126302 3.43825e-08 2.14077e-05 0.000193946 0.000736955 0.000772732 0.00545005 0.196296 0.00387381 0.00205678 0.0260657 0.000367829 0.0295939 0.000278872 0.000495791 0.0134499 0.0849944 0.00468785 0.0147468 0.00761412 0.568814 3.67405e-06 0.0228732 0.000858516 
0.0225072 6.92712e-05 0.0181745 0.000198402 0.150948 0.000679292 0.00043333 0.000890671 0.0223327 0.0345948 0.00494745 0.000654154 0.00577734 4.4801e-07 0.251782 0.000572945 4.66135e-06 0.0192574 0.0294548 0.023418 0.0322236 0.0100005 0.311094 9.88223e-07 0.0598205 0.000163465 
0.0144049 0.00227211 0.00319712 0.000651467 0.000128735 0.000226634 0.000519831 0.00178829 0.0152198 0.283017 0.0116589 0.00654008 0.00307661 0.00109398 0.0305953 0.00117127 0.000149702 0.0162958 0.114769 0.0478287 0.0274632 0.0149218 0.377135 5.60418e-06 0.0247263 0.00114299 
0.0288037 0.0336993 0.00164743 4.97054e-09 2.6671e-05 1.63275e-06 0.000127734 0.0183278 0.0168795 0.0310493 0.034343 0.00090859 0.000966087 2.5374e-11 0.294964 0.000286496 0.000112953 0.00378258 0.0674269 0.00923384 0.00907004 0.00838597 0.386482 2.86943e-05 0.0528389 0.000607452 
0.0645996 0.000324171 0.00665787 1.61216e-05 0.0300577 3.76268e-06 0.000848035 0.000702528 0.0203183 0.0390848 0.00065372 0.0618176 0.0373481 5.74235e-06 0.110686 0.000316278 5.7345e-07 0.0322302 0.0550845 0.0135132 0.00477402 0.0140237 0.461393 2.15618e-08 0.0348512 0.0106896 
0.00218757 8.79149e-06 0.0033559 1.22443e-11 3.38928e-06 4.54345e-09 0.00014255 0.00855393 0.00592581 0.0311185 0.000612049 0.005103 8.00663e-05 1.44191e-11 0.140123 0.000152808 2.87964e-05 0.00119461 0.0547035 0.00830785 0.0303042 0.0108953 0.674255 1.30401e-11 0.0214559 0.00148714 
0.00192352 0.00365901 0.0108157 2.05862e-07 5.30464e-05 0.000195099 0.000101276 0.00154618 0.00495428 0.329489 0.0135704 0.00145369 0.00395689 0.004351 0.0361055 0.000686953 0.0011227 0.0304905 0.0609595 0.00488086 0.0073463 0.00945724 0.411157 9.2993e-06 0.0616098 0.000105233 
0.0196672 4.81332e-07 0.141392 5.5023e-10 6.1144e-06 2.35847e-08 0.00544815 0.00101691 0.026905 0.0688581 0.00526814 0.0107169 0.0504187 0.00693938 0.0742405 0.0203993 5.99988e-05 0.103248 0.0127484 0.00217746 0.00866991 0.00257768 0.316801 6.33398e-07 0.12244 4.89714e-07 
0.0789596 2.13393e-10 0.00775752 2.34841e-07 3.64769e-05 8.31513e-07 0.000129494 5.0899e-05 0.0248856 0.0264749 0.000167814 0.011516 0.000908671 0.0443748 0.0503077 0.000519875 6.50124e-07 0.00555136 0.247311 0.00205481 0.115739 0.0963198 0.273177 1.8716e-07 0.0131763 0.000579374 
0.00163024 0.000444372 0.00260993 1.0215e-11 1.53376e-06 1.07203e-06 0.000140839 9.53572e-05 0.00329897 0.0894226 0.108148 0.0194319 0.00180729 1.19787e-06 0.00224221 0.000722497 0.124438 0.0151294 0.0657008 0.0137594 0.0134165 0.00346144 0.496157 1.81207e-06 0.0373936 0.000544733 
0.0150004 0.000715894 0.0843444 5.62096e-06 2.59883e-05 0.000485582 0.000262495 0.001358 0.00733114 0.0637598 0.0185982 0.010574 0.00735893 7.68203e-09 0.0878739 0.00196191 0.023391 0.0163319 0.0391463 0.183787 0.0152884 0.0127294 0.281288 2.15756e-05 0.11742 0.0109392 
0.00251217 0.00298248 0.00356919 4.37522e-11 2.85209e-06 0.000820788 0.000104031 0.00020027 0.0128748 0.106069 0.00997911 0.00533172 0.00118437 0.0042532 0.0323493 0.00206044 2.91261e-05 0.00465523 0.0691422 0.000319318 0.0171246 0.00808069 0.676467 4.42987e-06 0.0398492 3.46475e-05 
0.00119585 0.000572839 0.0218377 0.00690674 2.30248e-05 3.62098e-05 0.00617951 0.00201752 0.122797 0.0849647 0.0255989 0.045626 0.00388763 0.0212075 0.0450818 0.00449586 3.58471e-05 0.0146506 0.0759086 0.00511895 0.172271 0.0227445 0.217074 8.65846e-07 0.0908695 0.00889777 
0.126499 0.000611527 0.0228996 7.05446e-08 5.4688e-05 3.95243e-07 0.000552219 0.00186148 0.012163 0.0655642 0.00518623 0.00346633 0.104311 1.43397e-05 0.0149056 0.000105767 0.0041698 0.0031706 0.0372092 0.00125466 0.00347328 0.0185519 0.520651 9.96594e-05 0.0529673 0.000257801 
