0.0713953 9.77179e-05 0.0143726 4.97547e-07 0.000107026 0.000543324 6.7952e-06 0.00614152 0.0153329 0.0115194 0.0034476 0.00317438 0.00073657 9.48569e-09 0.0766968 0.00399163 3.70149e-06 0.177961 0.00873369 0.00351154 0.0599253 0.010096 0.388393 0.000128668 0.143549 0.000134524 
7.29432e-14 0.000120349 0.0519198 1.11964e-07 4.0451e-08 0.00191841 9.68754e-05 0.00176484 0.00465729 0.0465115 0.000387531 0.00112322 0.000125538 3.67787e-13 0.0469341 1.5196e-05 5.08656e-07 0.000331427 0.00515223 0.00779803 0.0057286 0.00170842 0.503897 3.32614e-13 0.319773 3.59842e-05 
0.00106429 1.11677e-06 0.00506199 5.51451e-10 0.000364304 4.9999e-07 0.000121485 0.00815662 0.00370202 0.338363 0.00366058 0.000867736 0.00054805 2.76306e-09 0.0297161 4.45095e-05 2.12966e-06 0.0280577 0.0177119 0.00244176 0.0390187 0.00545494 0.501589 1.58153e-10 0.0112123 0.00283917 
2.92703e-11 8.5928e-07 5.30008e-06 1.25325e-10 1.54197e-10 4.75531e-07 0.00517594 6.62213e-06 0.301518 0.178127 2.29103e-06 5.75819e-06 2.63295e-06 1.47584e-10 1.42719e-05 0.000132384 0.000185612 0.00298512 8.25158e-06 0.0223859 0.0895133 2.93402e-06 0.399804 1.3347e-10 7.23011e-06 0.000116094 
0.00408886 6.77867e-06 0.000263538 7.30406e-13 5.16393e-06 0.00079362 2.35171e-06 0.000154471 0.000531225 0.063499 0.000513615 0.00259529 1.1291e-08 0.0435988 0.115157 0.00088837 2.56644e-07 0.00117534 0.170078 0.00628938 0.0230649 0.0117858 0.54714 2.40686e-06 0.00834254 2.34986e-05 
0.0241158 0.000581315 0.0592736 1.53037e-05 0.00162571 0.000574724 0.000809526 0.00344406 0.0104107 0.0490218 0.0321374 0.00591748 0.0040233 0.000757388 0.228996 0.00539223 0.00368489 0.0235576 0.0644502 0.0678478 0.0293738 0.0287229 0.280602 4.28316e-05 0.0727946 0.00182762 
0.000647764 3.00306e-07 0.00126591 3.58402e-12 4.4097e-12 2.77549e-08 5.9801e-05 6.28925e-05 0.0113727 0.0863377 0.0032003 0.00477913 0.00140144 0.00779121 0.0926072 0.000777725 1.82612e-06 0.00129355 0.10992 0.00185498 0.0588493 0.00294765 0.574499 3.65306e-07 0.0403258 3.95185e-06 
0.0360096 3.80676e-05 0.00295097 0.00456764 4.28124e-06 1.73278e-06 0.000177199 4.91869e-05 0.0121665 0.00924878 0.00196851 0.000963134 0.29503 0.000558765 0.0531426 0.0503657 1.85047e-05 0.0444184 0.0133461 0.0271463 0.0195142 0.00898911 0.394566 1.72836e-06 0.0245882 0.000169535 
0.0120872 9.56922e-05 0.00333814 1.3842e-07 0.00027771 0.000738323 0.000280434 0.000899427 0.00517948 0.10725 0.0138746 0.00341395 0.0138519 0.0253081 0.0635055 0.00217306 0.000886829 0.0217784 0.116698 0.0319004 0.0391295 0.0271061 0.462424 4.86242e-06 0.0472435 0.000554695 
3.79371e-07 7.72671e-06 0.00303233 4.86696e-07 4.93957e-05 2.28739e-06 4.66145e-05 0.000297112 0.00852107 0.267513 0.0344572 4.883e-07 0.00333818 1.3498e-06 0.0154319 0.000179668 0.0620178 0.00277731 0.0274368 0.0100764 0.0504788 0.0485776 0.438692 7.90743e-07 0.0267195 0.000344076 
9.022e-07 0.000499159 0.00590718 7.29702e-09 0.000281951 4.06691e-08 6.85676e-08 4.70818e-08 0.0139927 0.323901 0.00215885 4.06214e-08 0.00780055 3.73449e-12 0.00281014 0.00361351 8.39115e-06 0.0644657 0.0212491 6.98765e-08 0.117603 0.00676828 0.327305 1.61779e-07 0.101558 7.5833e-05 
0.0155183 3.37255e-05 0.012476 2.80798e-07 0.0012655 8.79907e-05 0.00467965 0.00677439 0.0272739 0.110119 0.026107 0.0116318 0.00374893 0.0051947 0.0677009 0.00136695 0.00244626 0.046732 0.182674 0.0238484 0.0277044 0.0329034 0.272213 7.69708e-06 0.115933 0.00155855 
0.000122234 0.000170889 0.00630263 4.01452e-07 6.21254e-06 0.000126295 0.000309992 0.000338353 0.0127902 0.164225 0.0267588 0.0071194 0.00159808 0.0194951 0.00657035 0.00108553 7.80708e-06 0.00778118 0.0860238 0.00455203 0.00315809 0.0011279 0.569164 2.98427e-09 0.080456 0.000710272 
0.000371788 9.05013e-06 0.0896911 1.38851e-08 0.000500726 2.70493e-05 3.10022e-05 0.000732228 0.000993403 0.0206712 0.00491819 0.0042307 0.000642251 4.06199e-06 0.322357 1.54174e-06 2.59778e-06 0.000648449 0.00637467 0.00228561 0.0313096 0.000698969 0.494254 7.9248e-07 0.0171656 0.00207882 
0.0222511 1.30093e-05 0.00809797 5.63391e-11 3.7321e-05 9.48456e-06 0.00012944 0.000238994 0.00332774 0.0317554 0.000647265 0.000594823 0.0115339 0.00100156 0.0519653 0.000443784 7.97865e-06 0.00396422 0.0765516 0.00955961 0.0105938 0.012253 0.638654 8.83962e-09 0.116258 0.000110746 
0.0101908 1.27039e-05 0.00936532 1.9071e-05 3.44889e-05 4.31836e-05 0.00146381 0.000323768 0.016035 0.0506759 0.00124536 0.00397193 0.00414277 0.0131131 0.00435522 0.000735925 1.80541e-05 0.0530461 0.0302587 0.00136706 0.0503358 0.0518994 0.629437 2.27639e-07 0.0677037 0.000205287 
0.00821696 1.37301e-05 0.0050145 1.60031e-05 0.000811436 7.17625e-06 0.00104254 0.0112619 0.00877041 0.0599732 0.0503829 0.00921808 0.0235739 0.00223548 0.078598 0.00347255 0.00724453 0.00857433 0.0667302 0.00994876 0.190198 0.0168683 0.365701 9.24995e-06 0.0703711 0.0017453 
0.0322664 8.25958e-09 0.0286462 6.84429e-12 0.000118575 2.16662e-05 0.000151676 0.00168698 3.06611e-07 0.00565353 0.00860955 0.000783133 0.000106114 4.49146e-07 0.242842 0.000909366 1.67434e-05 0.0153006 0.0309977 0.205173 0.0407563 0.0248369 0.289271 9.91229e-07 0.0718513 6.6407e-09 
0.00112645 0.000645227 0.00546699 3.82975e-10 8.05787e-08 7.43405e-06 0.00168366 0.000191513 0.0172886 0.0604474 0.00539646 0.0232744 0.000227426 2.65641e-05 0.0646344 0.00489012 9.4048e-05 0.00479775 0.158056 0.032261 0.0747331 0.00346256 0.497549 4.5233e-06 0.0436533 8.15308e-05 
0.00110894 1.27397e-05 9.2828e-05 2.81195e-12 3.45976e-12 5.07837e-12 0.000308612 0.000217604 3.09444e-08 0.013781 6.89663e-09 1.51945e-08 2.12486e-08 4.63925e-09 0.163002 0.000223613 4.52343e-09 1.89308e-08 0.0648314 0.148555 0.00092325 0.00350572 0.603016 1.79712e-08 0.000420355 8.15783e-09 
0.00985497 0.00417005 0.00892948 3.31739e-09 5.2599e-06 8.18699e-07 0.00070105 0.000121 0.00724969 0.0149567 0.0236435 0.000144894 0.00205214 2.6941e-11 0.326116 2.45767e-07 9.14015e-05 0.00257364 0.00359611 0.0303727 0.0285323 0.0226933 0.469872 6.43634e-06 0.0442488 6.69207e-05 
0.00588154 0.000761142 0.000312152 5.96754e-05 1.0723e-05 2.90789e-05 0.00182214 8.74122e-06 0.00996343 0.0124804 0.000388229 0.304048 0.0572545 0.000127756 0.00383619 9.52965e-07 2.55517e-05 0.0313038 0.0172383 0.0112668 0.00650207 0.00581693 0.505884 2.59032e-05 0.0249526 2.17569e-07 
0.00653167 0.000188756 0.0310822 0.00216889 5.24907e-07 1.89803e-06 9.47965e-05 0.00222806 0.00909498 0.0561788 0.0342894 0.00299528 0.0069538 3.25726e-11 0.22634 0.000367183 1.34446e-05 0.026474 0.0319817 0.0297201 0.0312417 0.0211546 0.460834 3.43904e-06 0.0196619 0.000399021 
0.0961813 2.15852e-06 0.00173623 3.33325e-09 2.93767e-06 1.1685e-07 0.000721484 0.00159024 0.0113457 0.00662871 0.00488889 0.00174584 1.94909e-05 0.00183344 0.0832403 0.00064153 6.37806e-07 0.00174956 0.0979032 0.0142237 0.00954068 0.00209563 0.632511 1.77579e-08 0.0313964 7.0866e-07 
0.0107479 0.00368129 0.00981803 3.61666e-08 0.000160898 6.90785e-07 0.000315469 0.00775937 0.00162272 0.169224 0.0435845 0.00603725 0.00723437 0.00198347 0.0257145 0.00378106 6.38422e-05 0.0426353 0.0375184 0.0177192 0.0623424 0.0103244 0.468639 5.41597e-07 0.0689393 0.000151891 
0.0435516 0.000765201 0.0117049 0.0065432 0.00364823 0.00510353 0.000358219 0.000367381 0.0387687 0.104605 0.00914188 0.0106029 0.00545076 0.0010322 0.107697 0.0186101 0.00243609 0.0527596 0.0672503 0.0173454 0.168084 0.0754196 0.171704 1.55985e-05 0.0741512 0.00288378 
0.01065 0.0306127 0.00160099 8.27303e-10 0.000526293 4.45964e-05 0.00328886 0.000125118 0.0405847 0.179625 0.0692237 0.00628637 0.0697079 9.5322e-05 0.0231679 0.000340614 0.000102081 0.0887166 0.0367603 0.0253659 0.0647505 0.0141929 0.304088 4.61981e-06 0.0299764 0.000162377 
0.0043633 0.00129571 0.00657045 9.12821e-07 9.08656e-09 4.20659e-05 0.000415812 0.00109034 0.0642905 0.019646 0.0518124 0.0250426 0.00232121 4.91943e-07 0.211653 0.000108534 0.000169687 0.00567033 0.0474702 0.00158889 0.00549624 0.00380353 0.398204 2.44911e-07 0.148837 0.000107123 
0.000715162 9.29778e-05 0.00138592 2.13976e-09 4.60672e-05 8.29997e-07 0.0382197 6.3947e-05 0.0022537 0.306237 0.0181126 0.0562946 0.00450924 0.0162934 0.000608894 0.000337248 0.114734 0.0200134 0.053045 0.0134597 0.00187196 0.00298251 0.316689 4.75979e-06 0.0316823 0.000346249 
0.0436997 4.70272e-07 4.70874e-07 4.7037e-07 4.70211e-07 4.69815e-07 0.00348199 0.00164771 0.00635788 0.0382912 0.00475711 0.018032 0.0018835 4.70248e-07 0.175152 4.70475e-07 0.00659297 0.00579268 0.140203 0.0513724 0.0836335 0.188913 0.202866 4.70326e-07 0.0273191 4.70434e-07 
0.000995311 7.83518e-06 0.00159746 1.39972e-09 1.72219e-09 2.52789e-09 0.0002529 0.00215047 0.0115434 0.0156661 0.00528371 0.000683325 0.0152878 4.03057e-06 0.343269 4.4138e-07 3.98477e-07 0.0301846 0.00916942 0.00661525 0.0467141 0.00140493 0.486616 5.782e-05 0.0224958 1.60116e-07 
0.0312769 0.000131133 0.018354 3.37601e-06 0.000270179 9.38758e-06 6.55225e-05 0.00448319 0.00516244 0.0212826 0.0198602 0.00238906 0.00146236 2.54878e-05 0.298739 0.000734952 0.000324056 0.0250145 0.0378769 0.0742506 0.0186251 0.0106392 0.38886 6.13448e-07 0.0393798 0.000779513 
0.0020239 0.00624597 0.0104672 8.5045e-10 7.8062e-06 1.18979e-06 0.00105102 0.000181245 0.0043954 0.022434 0.0354633 0.000217133 0.000299294 2.98976e-12 0.333985 6.12914e-08 0.000111349 0.0008991 0.00539358 0.0455567 0.0224681 0.0222837 0.435265 9.49416e-06 0.0511407 9.9932e-05 
0.00207327 0.0443545 0.161982 3.54961e-05 0.000115476 0.000372789 3.81585e-05 1.20628e-06 0.150176 0.0309403 0.00313828 0.00150948 0.000746791 0.00184076 0.13475 0.000552616 7.19318e-06 0.0460004 0.0327977 1.80163e-05 0.0106078 0.0038577 0.207302 3.51101e-06 0.166164 0.000614108 
0.00164296 0.00645565 0.0041497 0.0152413 4.2388e-05 3.00216e-06 8.88607e-05 0.000719926 0.0449407 0.0525258 0.013013 0.00414516 0.0273902 3.32862e-10 0.00546583 9.26834e-05 0.000264148 0.0514984 0.0569799 0.00417812 0.0593189 0.00212064 0.571586 0.0297546 0.0475202 0.000861835 
0.00237899 4.56e-05 0.0313875 9.60261e-09 0.00012742 3.361e-05 0.000462746 0.0120489 0.14591 0.00761582 0.00333138 0.000635063 0.00252688 0.00452356 0.152499 8.35853e-06 2.54469e-05 0.0015923 0.177681 0.10654 0.00439019 0.00227231 0.232182 0.000112206 0.099354 0.0123158 
0.0182865 0.00247564 0.00592109 0.000117233 3.332e-05 3.85471e-05 0.00950637 0.00219952 0.01243 0.0730183 0.0155097 0.00576684 0.0147065 0.00110534 0.091216 0.00246493 0.0023847 0.0698649 0.0638441 0.0200058 0.0957454 0.0203098 0.437903 3.36044e-05 0.0345828 0.000529792 
0.0317519 0.000497237 0.00706705 1.85118e-05 8.87139e-05 0.000109172 0.000547811 0.00206253 0.00911156 0.0811683 0.0188895 0.00546313 0.00475994 0.00390293 0.103446 0.00165273 0.00168597 0.0252185 0.116983 0.0161448 0.0419632 0.028749 0.4536 5.82472e-05 0.0394391 0.00562062 
2.2428e-06 0.0609986 0.0162446 4.80257e-08 8.49755e-07 1.17086e-07 0.00431921 1.84507e-06 0.0236856 0.0596726 3.78652e-11 0.00131995 0.0156078 2.96365e-10 0.169589 0.000242438 1.01575e-07 0.00836797 0.0228088 0.0176019 0.18828 0.00833079 0.24101 2.68023e-10 0.160535 0.00138041 
0.000383331 6.50176e-06 0.0168078 3.30617e-06 1.55286e-08 1.28214e-05 1.19458e-05 0.00649084 0.0265215 0.00776177 0.000737988 0.000447197 0.000348186 1.76869e-06 0.0559551 4.47807e-06 2.21453e-05 0.0009216 0.0151154 0.000452793 0.0044677 0.000246331 0.796189 9.67182e-06 0.0525406 0.0145404 
1.64905e-08 0.00163895 0.004826 5.83205e-09 6.44072e-11 3.56558e-06 2.5389e-05 0.000223632 0.0851208 0.257478 3.22097e-07 0.00197691 0.0385855 6.1645e-11 0.0517196 2.35938e-07 4.73803e-06 0.00424109 0.0237028 0.00448489 0.00251126 0.00162374 0.393083 2.7304e-08 0.128093 0.000656862 
0.0642323 5.7379e-05 0.151541 0.0579399 2.90549e-07 2.91575e-05 0.000144493 0.00483699 0.050389 0.0121317 0.012147 0.00672014 0.0102639 1.02318e-06 0.028326 8.37863e-05 2.67789e-05 0.009391 0.0174999 0.00347328 0.00160479 8.2341e-05 0.328347 5.22092e-06 0.211182 0.0295434 
0.0011775 0.0188814 0.00831574 8.07279e-11 1.0003e-06 3.56352e-05 7.24549e-05 0.000615127 0.11943 0.041313 0.00748548 0.0106599 0.000249135 0.00370692 0.0660525 0.000169312 0.000267411 0.000820548 0.223587 0.00786559 0.00680421 0.0426882 0.233741 0.000197087 0.1826 0.023264 
6.16909e-05 7.42132e-05 0.0882186 2.56402e-07 7.01274e-06 1.85226e-08 5.8207e-06 0.00531896 0.0307683 0.0408748 0.0302412 0.00678101 0.0141449 0.0358056 0.0022207 0.00129688 5.76751e-09 0.00335152 0.034051 0.000235694 0.000464969 0.00304173 0.36917 2.46282e-09 0.333589 0.000276784 
1.55556e-06 8.86911e-11 0.00118698 7.76256e-11 9.55088e-11 1.40191e-10 4.45873e-07 4.70375e-11 8.45398e-05 0.382697 1.16794e-11 0.00188988 4.84866e-07 9.14128e-11 1.01386e-06 0.00374245 0.00072608 2.91434e-06 0.0576023 0.0281633 0.0653382 0.0429012 0.383196 8.26707e-11 0.0324659 1.05601e-07 
0.000138377 0.000162809 0.00440993 1.25086e-07 5.38883e-06 6.71443e-05 0.000255199 0.00097361 0.00914124 0.19079 0.0298113 0.00402398 0.000754169 0.00599881 0.0194506 0.000627686 1.91818e-05 0.00772676 0.0993972 0.00344276 0.011008 0.00158764 0.544912 4.20967e-06 0.0647878 0.000504109 
0.0274783 3.17039e-05 0.00317474 6.98129e-10 9.60345e-05 0.000169696 2.28959e-06 1.74534e-06 0.15137 0.138938 1.01814e-07 2.48237e-06 0.12749 0.00538617 0.0646714 0.0044505 0.000555653 0.00941525 0.0611933 0.00330456 0.00291183 0.0128196 0.353209 7.43502e-10 0.0333273 3.27389e-07 
0.0464926 0.000172868 0.0242645 5.67621e-06 0.00015039 0.000420243 0.0013135 0.00102028 0.0213147 0.0387357 0.00565019 0.00819324 0.00419954 0.000148256 0.104833 0.00124733 0.000509331 0.185299 0.0705134 0.0155214 0.0660554 0.121397 0.219288 6.55852e-05 0.0623852 0.000804342 
0.0126876 0.00218094 0.00346467 8.15692e-11 6.78333e-09 1.353e-07 2.95699e-07 2.26462e-05 0.0502486 0.0370938 0.0292455 0.0065774 0.0391482 9.60568e-11 0.195799 6.70731e-08 3.78299e-05 0.00347589 0.0781976 0.0497087 0.00513547 0.00443144 0.408734 2.40474e-06 0.0738074 7.39278e-11 
0.0381376 0.00113053 0.0953772 2.36387e-10 1.46652e-08 1.62502e-05 3.21499e-05 0.00511219 0.0334321 0.0217664 0.0036152 0.00455427 0.0505521 7.09903e-05 0.0128173 6.05594e-06 6.35471e-06 0.00728112 0.0125795 5.79025e-05 0.0231976 0.000642219 0.550839 3.94691e-05 0.134649 0.00408788 
0.0176816 2.54124e-05 0.000617928 2.22808e-07 5.09757e-09 4.82135e-12 2.19293e-05 3.01773e-05 0.00328723 0.0183182 0.00238777 0.00423172 0.000282721 2.66784e-08 0.124556 0.00016114 9.5296e-06 0.00167975 0.0336321 0.00575233 0.0191468 0.00958209 0.742421 1.00108e-06 0.0160964 7.78508e-05 
0.0498758 1.1772e-07 0.0248078 1.03033e-07 1.48289e-06 1.28426e-06 9.73751e-06 3.82806e-05 0.000184075 0.030827 0.0105594 0.00457366 0.0190391 1.21332e-07 0.0887061 0.000149234 2.27183e-06 0.0118012 0.103712 0.0011479 0.00503365 0.00164636 0.464661 3.38959e-07 0.183173 4.91946e-05 
0.00707884 1.04144e-05 0.011972 4.59822e-12 5.76185e-06 0.000401367 6.99419e-09 0.0123225 0.0220042 0.0423253 0.00527024 0.00126395 0.00410668 5.41492e-12 0.139099 0.00228279 1.24529e-06 0.00282277 0.0558192 0.00172674 0.00831446 0.00307534 0.493085 4.26658e-09 0.186483 0.000529626 
0.0953404 0.00150107 0.00864127 5.18652e-09 6.98141e-05 9.59828e-08 0.000806881 0.00124044 0.0668028 0.0106869 0.000633806 0.0123589 0.0100063 3.10876e-08 0.225092 2.37686e-05 1.11008e-05 0.00789945 0.0561301 0.00409529 0.0396643 0.00135536 0.398305 9.48109e-05 0.0592323 8.0827e-06 
0.0200814 0.000238272 0.00642303 0.000219456 0.0136739 8.0678e-05 0.00344605 0.000419357 0.105981 0.125985 0.00969905 0.179016 0.0105566 0.00153478 0.0364525 0.00243944 0.00673892 0.0309727 0.0350144 0.0293256 0.028622 0.00941438 0.246036 1.5355e-06 0.0973222 0.000305061 
0.0428455 5.09878e-05 0.00735837 2.78259e-08 0.000715542 7.13264e-06 3.41018e-05 0.000791986 0.00715671 0.129723 0.0406604 0.0042219 0.00716078 0.00493835 0.0432013 0.00177819 0.0256085 0.0560509 0.0376554 0.0614958 0.0258595 0.0116421 0.461357 1.24442e-05 0.0296648 9.04444e-06 
0.00509956 4.73804e-05 0.00259682 1.39851e-09 9.98209e-07 1.13572e-08 0.0034948 1.94713e-05 0.00122506 0.0696537 0.0354045 0.0140883 0.0014738 8.14485e-08 0.00590772 0.000974324 0.0257621 0.010512 0.160549 0.0972634 0.00358359 0.0040435 0.522532 4.55283e-06 0.0351917 0.00057143 
0.0041185 2.60604e-06 0.0201949 3.16913e-08 1.69936e-06 3.74088e-05 0.000289309 2.00885e-05 0.0451545 0.0327281 0.00209102 0.00234002 0.00683802 3.732e-08 0.126417 0.000343569 6.96195e-06 0.0967114 0.014894 0.000353013 0.0284075 0.00307106 0.55385 1.29062e-05 0.0621064 9.24871e-06 
0.00120485 0.000128712 0.0107413 5.53443e-09 9.05219e-07 9.99514e-09 0.00043026 4.52749e-06 0.00791147 0.146896 2.62813e-07 5.24017e-06 0.0186406 6.51741e-09 0.0239288 3.59379e-05 1.21636e-05 0.278643 0.00112708 2.4991e-06 0.0866399 0.000666129 0.420429 5.89413e-09 0.00255111 5.01596e-09 
0.0109495 7.05477e-05 0.0124342 4.42423e-09 1.70683e-05 6.66376e-05 0.000355577 0.00144804 0.00112527 0.0373017 0.00135778 0.00203771 0.0112047 0.000765873 0.289761 0.000196321 1.3612e-05 0.00698122 0.00686792 0.0150101 0.0267141 0.00360923 0.521421 3.20152e-06 0.0502098 7.73679e-05 
1.09454e-07 0.000185935 0.00157618 1.09332e-07 0.00106027 0.0108439 0.000864022 0.00235209 0.00748713 0.155639 0.0022223 0.0267013 1.09422e-07 1.09303e-07 0.0553046 0.00104993 3.29454e-05 0.0248141 0.115882 0.00734406 0.0287105 0.0266944 0.505453 0.000404598 0.0253776 1.09347e-07 
0.0097222 9.4433e-06 0.0473927 1.10136e-10 4.68083e-06 1.39076e-06 0.000149558 0.00808857 0.00514144 0.00529521 0.0509446 0.000250318 6.37791e-05 1.29697e-10 0.238458 1.48776e-07 1.11786e-08 4.85685e-05 0.0358418 3.01085e-11 0.000292661 0.00124111 0.44906 1.17294e-10 0.147826 0.000167997 
0.0120062 1.48214e-05 0.0298315 9.61785e-08 1.02254e-06 4.22719e-05 4.65365e-06 1.48349e-05 0.0262544 0.0234808 0.0278752 0.0127436 0.00594094 0.00058113 0.0738578 0.00103239 5.40885e-05 0.0104266 0.19783 0.00287691 0.0126894 0.00257641 0.284854 5.18552e-08 0.272677 0.00233363 
1.26397e-08 6.53452e-08 0.0142426 3.9859e-09 1.2786e-08 8.22074e-09 1.72297e-05 0.00425449 0.00653594 0.0220799 8.58797e-05 4.59358e-05 3.21489e-05 2.79119e-11 0.335967 2.02033e-07 2.82615e-07 0.00156482 0.00205421 5.47858e-07 0.021805 0.00032669 0.498124 2.52426e-11 0.0928434 1.95325e-05 
0.00727864 0.000658268 0.00668274 0.000648304 0.00139119 0.000189177 0.00113796 0.00187016 0.0145565 0.0793659 0.00969649 0.00457643 0.0708722 0.0027371 0.0502132 0.00228076 0.00285306 0.0193404 0.0621104 0.0202673 0.0695899 0.028714 0.506286 3.07417e-05 0.0360295 0.000624037 
6.84869e-08 0.00112176 0.0768729 6.84103e-08 6.16169e-05 0.0108098 6.84257e-08 0.0086384 0.0139515 0.076623 0.0139868 0.00768951 0.00192398 6.83925e-08 0.0365089 0.00144385 6.84862e-08 0.00484225 0.0296516 6.8483e-08 0.0274502 0.00459527 0.438014 6.84039e-08 0.243666 0.00214844 
6.16909e-05 7.42132e-05 0.0882186 2.56402e-07 7.01274e-06 1.85226e-08 5.8207e-06 0.00531896 0.0307683 0.0408748 0.0302412 0.00678101 0.0141449 0.0358056 0.0022207 0.00129688 5.76751e-09 0.00335152 0.034051 0.000235694 0.000464969 0.00304173 0.36917 2.46282e-09 0.333589 0.000276784 
5.13344e-05 2.49653e-06 0.0182451 3.86322e-09 1.40608e-06 3.41923e-05 0.00102777 0.000147998 0.00542691 0.0497039 0.0434876 0.00167807 0.00030535 1.94623e-06 0.105534 0.000318623 2.00042e-07 0.00612642 0.0661515 0.0131206 0.0398739 0.00266595 0.590444 1.45676e-07 0.0556505 1.64148e-11 
0.00809962 0.000329861 0.00311821 5.71071e-07 0.000890727 0.00247907 6.76944e-05 0.000119354 0.00279205 0.0778351 0.0269407 0.000883162 0.00185182 0.00933673 0.0679744 0.000733165 9.54317e-06 0.00406171 0.168787 0.00694359 0.0384686 0.0498194 0.45838 9.65088e-06 0.0635575 0.00651103 
0.00710711 2.43651e-11 0.000240809 2.13252e-11 8.96365e-06 1.28441e-07 3.40441e-08 0.00035055 0.0144361 0.0417953 0.000100104 0.00180104 9.31421e-12 2.51128e-11 0.149214 0.000120859 1.94772e-06 0.00371227 0.0306672 3.02746e-07 0.0282411 0.00274358 0.682006 2.48485e-08 0.0369852 0.000466922 
0.0420984 1.30855e-07 0.000610229 7.00575e-09 2.3459e-08 0.000237581 0.00092677 0.000103778 0.002096 0.032401 0.00211266 0.00404231 0.00193447 0.00316229 0.0932341 0.00140682 7.6568e-06 0.0249959 0.0777954 0.000703077 0.315317 0.0188307 0.373866 3.31709e-07 0.0041029 1.47419e-05 
0.011119 0.00100888 0.0139029 5.37902e-07 6.07298e-05 0.000739235 0.000118641 0.00957053 0.0436671 0.0678203 0.0593203 0.0253973 0.00282043 0.00100883 0.140878 0.00667245 0.00789781 0.0226038 0.0806765 0.0186895 0.0242976 0.00860486 0.250906 2.59444e-05 0.198718 0.00347451 
0.0137766 3.53501e-05 0.0172298 0.00502372 0.000110101 0.00314729 0.000595481 0.000406075 0.0245232 0.114938 0.000410037 0.00315192 0.0193331 4.56591e-06 0.0476126 0.00301477 0.000185275 0.142758 0.0130211 0.101396 0.135654 0.0501029 0.22064 3.8356e-07 0.0814391 0.00149016 
0.0168432 0.000291827 0.00857314 1.62254e-05 0.0051927 4.50534e-05 0.00258612 0.00146109 0.0108043 0.250558 0.0293633 0.00477245 0.0088476 0.000257989 0.0771408 0.00257843 0.00346991 0.0479081 0.0465925 0.0399907 0.11555 0.0169522 0.27186 7.55229e-06 0.0332428 0.00509353 
0.0433757 1.64816e-06 0.00257751 5.99591e-12 1.14657e-05 1.6039e-06 0.000181866 1.03909e-05 0.00471411 0.0359745 0.00647158 0.000377223 0.000358469 0.0133777 0.158061 0.00753005 2.75231e-05 0.00612916 0.125244 0.121363 0.118746 0.108663 0.224622 1.07449e-06 0.0211175 0.00106182 
5.15693e-08 3.9955e-09 7.88458e-09 2.05585e-12 7.85479e-05 3.68691e-07 1.37185e-08 0.000249127 0.0007936 0.018587 0.00039373 0.0084157 8.97934e-13 1.76757e-08 0.038928 0.000147225 1.48552e-10 0.00831123 0.319126 3.77122e-08 0.00945312 0.00263009 0.591573 8.1032e-09 0.00131257 1.86326e-12 
0.00640658 9.38832e-05 0.00781894 0.294609 5.59466e-05 6.70104e-06 0.00126034 0.000530093 0.00241036 0.0343445 0.0292836 0.00344284 0.00511835 0.00988887 0.0445344 0.000179916 2.64472e-05 0.0633226 0.0336237 0.000681881 0.015426 0.00354619 0.377957 1.39898e-05 0.0503401 0.0150783 
0.000584034 1.65301e-05 0.117723 4.25189e-11 4.76678e-05 0.00019654 3.18396e-06 0.004662 0.0312701 0.0807311 0.00274518 0.000652553 0.000343641 5.00708e-11 0.0663859 0.000418349 1.10495e-06 0.0105596 0.0238408 4.85191e-05 0.0148334 0.0262191 0.484193 3.31941e-06 0.134379 0.000141769 
0.000143608 4.48707e-06 0.130008 1.12244e-06 0.00350151 0.000908242 0.00138014 0.00243399 0.0970861 0.105602 0.0668732 0.00272431 0.00700208 0.000106571 0.0255751 0.000507201 5.31665e-06 0.0869046 0.0102648 0.00373035 0.0792407 0.001848 0.28904 1.2247e-08 0.0848733 0.000235405 
0.00236501 0.0036935 0.0336932 1.58958e-08 2.72255e-06 9.58144e-05 4.72218e-05 0.00197314 0.0258069 0.111998 0.00184874 0.00382226 0.0157068 0.000825938 0.0851997 0.000442673 2.97933e-05 0.0106836 0.0298624 0.0089455 0.0419399 0.0105114 0.534755 5.16916e-08 0.0707912 0.00495922 
0.00707899 0.00195682 0.00265211 3.96769e-06 3.54269e-05 6.48806e-06 0.000702017 0.00478215 0.0091658 0.114756 0.0311216 0.0150637 0.00300945 0.00326369 0.178748 0.001553 0.000177186 0.00621697 0.104349 0.00496494 0.0609659 0.0210107 0.372813 9.6833e-06 0.0540962 0.00149819 
5.18283e-07 5.17595e-07 0.00274728 5.17703e-07 5.17528e-07 5.17092e-07 0.00212357 5.18e-07 0.0129582 0.271629 0.00181473 5.18174e-07 0.0517617 5.17568e-07 0.0325535 5.17818e-07 5.18278e-07 0.0543701 5.18344e-07 5.18253e-07 0.197314 0.0595477 0.312654 5.17655e-07 5.18408e-07 0.000518291 
0.0424324 0.000108677 0.00301828 0.00132787 5.35612e-06 4.5694e-11 5.81702e-05 2.91324e-08 0.0730613 0.0398036 0.00390381 0.00328661 0.00158337 3.05302e-07 0.273977 0.00048102 9.83824e-07 0.0650279 0.0225404 6.91679e-12 0.131064 0.00144129 0.324746 8.41152e-06 0.0120691 5.35197e-05 
0.00569742 0.00219328 0.00543896 0.00160995 2.32081e-06 1.70937e-06 0.000756028 0.000108572 0.0101272 0.034631 0.00365757 0.000267642 0.000130036 1.22696e-06 0.0376755 0.000181843 2.36812e-05 0.00104364 0.0287117 0.0613534 0.00229809 0.0110701 0.778177 0.000846573 0.0139772 1.85321e-05 
8.17377e-08 0.000489856 0.0129794 8.16462e-08 8.16186e-08 0.000171336 0.00153537 0.00712373 0.0577341 0.0860686 0.00993241 0.00993726 0.0039305 8.16249e-08 0.0705665 0.000506401 0.000719366 0.00177385 0.0353149 0.01405 0.0400604 0.00700459 0.489852 8.16386e-08 0.0667873 0.0834618 
0.00397182 0.00240731 0.00050465 8.27891e-11 0.000271715 7.61133e-06 2.96742e-05 0.000433921 0.0370117 0.278398 0.00749486 0.00238335 5.967e-05 3.24234e-07 0.0683479 0.00127917 1.1526e-05 0.0254089 0.072355 0.00179289 0.027321 0.006242 0.438145 3.07239e-07 0.0075 0.0186226 
0.011174 9.96816e-05 0.0397782 2.65494e-07 0.000683407 1.63284e-05 0.0627298 3.41549e-05 0.000596385 0.115129 0.00145041 0.128215 0.0704629 0.0199316 0.0332373 0.000247115 0.00741867 0.0240961 0.0675198 0.102857 0.00202768 0.00411412 0.246306 1.0124e-05 0.0616315 0.000232569 
0.00972349 1.52978e-09 0.0325089 1.02768e-05 2.19367e-06 0.00289257 0.00401709 0.00425746 0.205595 0.00694337 0.00162423 0.00913972 0.00208498 2.90822e-07 0.131499 0.00597666 0.000234391 0.00729558 0.0499901 0.00180144 0.00923591 0.0419279 0.257588 3.25855e-07 0.156015 0.0596365 
0.000612226 2.16589e-07 0.0932892 1.87877e-08 2.67047e-08 7.05682e-08 0.00229028 0.00019156 0.0141943 0.0074892 0.00290165 3.66245e-05 0.00165566 2.74787e-07 0.157611 0.000160843 1.15531e-05 0.120241 0.029721 0.000616618 0.161597 0.0552546 0.266869 6.77785e-10 0.085255 4.08409e-08 
0.0141376 5.46938e-07 0.0221299 9.41163e-10 5.78536e-06 1.08186e-06 0.000118236 5.62734e-05 0.0444262 0.0556177 0.000272015 0.00298661 0.00114142 7.6225e-12 0.120339 0.000632197 1.7862e-05 0.0114118 0.0316172 0.00311188 0.0723647 0.0232881 0.488619 7.09495e-06 0.107551 0.000146956 
0.0305364 5.09941e-05 0.048752 4.89962e-05 6.78256e-05 2.18814e-05 0.0137294 0.00500414 0.0633097 0.0555445 0.00776476 0.0190397 0.00956545 0.000308094 0.0417363 0.000228518 0.000105479 0.0422815 0.00769688 0.0134872 0.00537044 0.00131241 0.341653 9.15612e-09 0.291641 0.00074339 
0.01572 0.0380412 0.00764884 4.06708e-06 0.000167149 1.51845e-05 0.00284298 4.32624e-05 0.00882003 0.128636 0.00239026 0.00353663 0.000940919 0.0011516 0.0611839 0.00316765 0.00707392 0.0217505 0.16391 0.0230086 0.0256138 0.0322933 0.419609 5.90645e-05 0.0323241 4.71809e-05 
0.000113368 7.21465e-09 7.10411e-05 2.85167e-12 1.17225e-08 3.99475e-09 6.63398e-05 0.000825058 0.0213072 0.0179931 1.92307e-08 0.00590544 2.21011e-08 3.35816e-12 0.173928 0.000110745 3.9401e-06 0.000118866 0.0485848 0.00301286 0.0315872 0.000109834 0.683162 3.03701e-12 0.00905219 0.0040482 
0.0458836 0.0238356 0.00285564 0.000350197 0.002131 4.31589e-05 1.862e-05 0.0019098 0.0153037 0.0897578 0.0262234 0.267018 0.00331092 6.3469e-05 0.0376947 0.000232458 0.00239493 0.0513164 0.0116047 0.0151199 0.00465187 0.00362396 0.342323 6.45694e-06 0.0523062 2.04451e-05 
0.042846 0.000111166 0.0578043 4.32814e-06 5.08652e-06 0.0141467 6.25579e-05 0.00189378 0.0176674 0.01625 0.0197341 0.0024621 0.00235383 0.00052569 0.0251193 0.0172435 1.41935e-05 0.0127585 0.0451786 0.0153049 0.00957118 0.0207077 0.586608 1.79548e-06 0.0871993 0.00442575 
0.01978 2.53546e-05 0.00629877 8.62658e-07 0.000157964 2.71663e-06 0.0016216 0.000586683 0.0340139 0.0993556 0.0153625 0.00550695 0.011196 0.000188411 0.178629 0.00477658 3.33117e-05 0.0073137 0.125274 0.0179659 0.0703162 0.0909343 0.239067 0.000105846 0.0710064 0.000480566 
0.000366341 8.22774e-07 0.000187922 2.1039e-10 2.40368e-07 3.03882e-07 7.91654e-07 8.93683e-06 4.24031e-11 0.0435212 7.53494e-06 4.85101e-07 3.99858e-06 2.67627e-06 0.019281 6.87174e-05 5.05062e-11 7.05805e-06 0.00903366 6.45257e-05 0.234059 0.000622785 0.692664 5.10277e-08 9.72069e-05 4.85533e-07 
0.00283199 5.71504e-12 0.0038987 5.00201e-12 0.000602792 9.03359e-12 0.00140122 6.30475e-08 0.018746 0.27006 0.0273297 0.00740651 0.0324773 1.72472e-06 2.32951e-08 4.64199e-07 1.34632e-06 0.00310287 0.106074 0.00111494 0.0427883 0.0061571 0.420483 9.0614e-09 0.0535498 0.00197223 
1.69768e-05 0.00295492 0.0034533 0.0605024 1.73242e-05 1.46911e-06 0.081551 0.00477614 0.191474 0.0865818 0.00375185 0.110488 0.00399155 7.43705e-11 0.0120162 4.96736e-05 0.000548058 0.0219021 0.0523768 0.0237383 0.000529652 0.00165002 0.25183 6.77199e-06 0.0857659 2.55568e-05 
0.00507465 0.0117798 0.00583127 0.00353561 4.53618e-06 1.249e-05 6.98626e-05 0.00322059 0.117573 0.0540194 0.00645606 0.00689245 0.000451167 0.000491143 0.0820601 0.000884695 2.78923e-05 0.0082513 0.0319957 0.00717335 0.0391487 0.00703139 0.549868 4.47482e-05 0.0576347 0.000467542 
0.000488779 0.0022415 0.00254365 1.92319e-07 1.95211e-05 3.03358e-08 0.0110758 0.000331486 0.248586 0.0914242 0.00662665 0.0299888 0.0514284 0.00064042 0.0410084 0.000505133 0.000553865 0.0449024 0.0756368 0.00155139 0.00381344 0.00162742 0.319259 1.29156e-05 0.0653647 0.000369085 
0.014697 1.55244e-06 0.000380896 3.86809e-08 2.27559e-10 3.34019e-10 1.56203e-10 4.33775e-07 3.72759e-11 1.54295e-07 1.16119e-08 6.98827e-11 0.0100474 2.178e-10 0.0206871 1.10582e-07 4.43993e-11 0.00407103 5.40581e-05 0.00270898 0.353579 0.000772465 0.587935 8.14056e-07 0.00506394 1.67624e-10 
0.00400026 0.00087278 0.00835649 2.31699e-07 2.1936e-05 2.2431e-05 0.00210679 0.000131004 0.0732978 0.0628711 6.56609e-05 0.0018445 0.00453665 2.72851e-07 0.08824 4.85876e-05 4.88522e-05 0.00710551 0.172305 0.00515424 0.0208219 0.000781933 0.531248 0.000113308 0.0159181 8.6375e-05 
0.00962044 4.73816e-05 0.00694178 3.50009e-05 0.000771209 0.00582425 0.000210663 6.25474e-05 0.0146398 0.149016 0.0100734 0.00252583 0.00372652 0.00018157 0.0184251 0.000295567 0.00853074 0.0743779 0.0416471 0.00114342 0.0339608 0.00745845 0.530825 1.23801e-05 0.0793281 0.00031953 
0.0029138 0.000196044 0.00126355 5.64943e-05 1.30054e-08 7.01591e-07 0.000123017 0.000163319 0.0658545 0.0264863 0.000135933 0.000616083 0.00285702 3.62945e-11 0.00495558 2.81652e-06 5.7166e-06 7.95879e-05 0.00452259 0.0075576 0.00198685 0.000221232 0.827791 5.92666e-06 0.0221698 0.0300344 
0.0165518 0.00370592 0.0179021 1.03939e-07 0.000346167 0.000111446 0.00436947 0.000382932 0.00941055 0.082333 0.0116297 0.0437477 0.00115469 0.000126221 0.133158 0.00275 0.00278443 0.0086134 0.0901728 0.164822 0.150034 0.0423225 0.172159 8.86774e-06 0.038577 0.00282665 
0.00148712 1.42228e-10 1.10532e-07 1.24483e-10 0.000181361 2.24816e-10 1.05134e-10 2.09781e-05 9.41913e-07 0.0340879 3.78043e-08 4.70354e-11 5.43705e-11 1.46593e-10 0.190162 6.7564e-07 6.00862e-07 0.00232834 6.42391e-07 0.0129266 0.304217 0.0588847 0.394571 1.32574e-10 0.00113008 1.12822e-10 
0.00822922 0.000169223 0.0103965 0.000503386 6.38476e-05 0.00012173 0.00388961 0.00450135 0.0214444 0.178419 0.00945178 0.00631929 0.0560483 0.000147483 0.076317 0.00169915 0.000292256 0.0377749 0.108536 0.105975 0.0377407 0.0661922 0.215881 0.000221978 0.0473954 0.00226964 
0.009223 0.0029918 0.00341044 4.84215e-08 0.000525671 0.000638477 0.00137898 0.000173918 0.0116603 0.115557 0.00639746 0.00847769 0.00202268 5.08416e-05 0.0581991 0.000626189 0.00115313 0.0342256 0.0417509 0.279323 0.0176957 0.0333783 0.344031 1.1555e-05 0.0241909 0.00290689 
0.02626 3.89044e-05 0.0266764 1.89319e-09 2.0122e-05 1.3598e-06 0.0213932 1.61602e-05 0.000798011 0.19724 0.0109707 0.0428501 0.00644778 0.00766408 0.0166014 0.00265992 0.0715075 0.0447888 0.189755 0.0780089 0.00464217 0.00813713 0.210936 4.06478e-05 0.0320666 0.000478694 
0.00346306 0.173742 0.0127047 7.68692e-08 0.00060714 0.000291834 0.00232205 0.00273819 0.0925586 0.0370682 0.10735 0.00383933 0.00549306 7.68492e-08 0.0831702 7.68863e-08 0.0077417 7.69576e-08 0.0270377 0.00951118 0.00881162 0.00758742 0.280286 0.00308224 0.129647 0.000945697 
0.0216414 0.00265264 0.0110329 6.74432e-06 0.00027742 3.53015e-06 0.000144895 0.0108351 0.0349278 0.0257914 0.0453883 0.00415114 0.00368448 1.62467e-07 0.0618925 0.000274459 6.55548e-05 0.00230926 0.0254732 0.00550733 0.0181283 0.00734596 0.668193 8.2197e-06 0.0496918 0.000572833 
0.00469745 4.42899e-05 0.00288945 1.37289e-05 1.89632e-06 2.1569e-05 0.00014994 0.000296365 0.0138867 0.272721 0.00897202 0.00384868 0.00901227 2.69926e-05 0.104207 0.00400257 4.1066e-05 0.033217 0.0574317 0.015116 0.03856 0.0940088 0.316109 6.76759e-05 0.0206351 2.20923e-05 
0.0196634 0.00400539 0.0122377 2.91703e-05 0.0520234 8.30185e-06 0.000998945 0.00386678 0.0138525 0.0409951 0.027523 0.0052508 0.00646427 7.6799e-06 0.10544 0.000503562 0.000113324 0.0249286 0.204558 0.0483239 0.0729121 0.00530401 0.296765 0.0110997 0.0423718 0.000753939 
9.34627e-11 9.23624e-06 5.65681e-05 5.60643e-07 4.92364e-10 1.15706e-06 1.51753e-05 0.00353857 2.73818e-05 5.30741e-05 1.19822e-06 0.0154358 5.66314e-06 4.71248e-10 8.71463e-05 3.39148e-10 5.86097e-07 6.00458e-06 0.107691 0.0233169 1.76346e-05 2.44435e-05 0.849598 4.26181e-10 0.000114129 3.62685e-10 
0.00548398 0.000875964 0.0155047 2.97942e-08 3.60671e-08 0.00489334 0.00597632 0.000745285 0.0256756 0.124349 2.11239e-05 0.0367342 0.00386859 0.00985453 0.023832 0.00244545 0.000163666 0.00940435 0.0789231 0.000353061 0.0255057 0.168559 0.382241 1.19253e-08 0.0744156 0.000174112 
3.92335e-05 4.44843e-08 0.00619362 9.29679e-11 1.20664e-05 2.47194e-08 0.00341 0.00865773 0.0797793 0.0733245 0.000195161 0.00389157 0.000288337 1.51847e-07 0.0635714 3.96177e-05 3.6497e-06 0.00102421 0.0143232 0.00533207 0.149511 0.00180526 0.570944 9.90101e-11 0.0159289 0.00172599 
0.000102159 7.73344e-09 0.000936964 6.31786e-12 1.03473e-08 5.3282e-09 5.33585e-12 1.93211e-08 0.0031438 0.132099 3.83053e-05 0.000816088 0.0168657 7.43998e-12 0.0100597 0.00158919 1.08248e-05 0.00255506 0.233343 0.00337964 0.0297001 0.00991488 0.533979 6.72847e-12 0.0208067 0.000658665 
0.0245359 2.46295e-06 0.200049 1.00567e-07 0.00287756 1.34834e-05 2.92439e-05 0.00150997 0.015964 0.0492545 0.0061658 0.0149442 0.092866 2.61858e-07 0.065817 8.0261e-05 5.99214e-07 0.201008 0.00851035 0.00760122 0.0272702 0.00769579 0.228305 1.02039e-09 0.045464 3.49969e-05 
0.000103 1.64717e-09 1.41291e-05 1.44166e-09 9.93502e-06 8.33424e-06 9.89902e-05 3.61672e-05 0.332294 0.000129475 6.07563e-07 0.177017 2.53765e-05 1.69772e-09 0.000204136 5.82817e-05 0.02526 5.95105e-05 0.00134195 0.000573203 0.000132472 0.000184036 0.462435 2.45811e-06 1.01407e-05 2.74518e-06 
0.0175427 0.00170434 0.0113835 0.000390576 0.000632274 0.000392405 0.00160221 0.00132339 0.0202528 0.102809 0.0117737 0.0104522 0.0799526 0.00415532 0.0441761 0.00249496 0.00125248 0.0442368 0.066879 0.0158507 0.0442616 0.0183536 0.451027 2.4773e-05 0.045279 0.00179719 
0.00591558 0.000104214 0.0104878 6.33922e-09 1.39252e-05 7.00039e-05 3.51048e-05 0.0124096 0.00403114 0.0511291 0.0127089 0.00166517 0.000918716 2.05512e-05 0.0975823 7.62087e-05 1.45663e-05 0.00413186 0.0478714 0.0071658 0.0243466 0.00167866 0.661072 1.46396e-07 0.0363039 0.0202464 
9.34467e-06 5.28304e-07 0.00071661 1.20118e-11 4.16211e-09 4.6769e-09 1.01448e-11 3.03931e-05 0.000831559 0.0177032 0.00781597 0.000733137 5.2464e-12 1.41453e-11 0.00967123 9.55825e-05 5.75099e-06 3.18003e-05 0.408974 1.81637e-05 0.000538779 0.000349565 0.536379 1.01256e-06 0.0160944 1.08866e-11 
0.0192618 4.65144e-06 0.00313991 0.000509161 2.22977e-06 8.14458e-06 0.000396895 0.00042412 0.00899016 0.0909897 0.0470384 0.00398645 0.172302 0.0218688 0.00331594 0.00616991 0.000298452 0.0392749 0.030355 0.00904332 0.0553956 0.0291828 0.391519 8.36537e-10 0.0656386 0.00088377 
0.0204265 0.000118172 0.000852632 3.32901e-06 3.84157e-06 1.94273e-09 1.5914e-05 1.09203e-05 0.00335927 0.318654 0.00339874 0.00935371 0.00965771 5.13782e-05 0.00282116 0.000178277 0.00564003 0.0196909 0.0323272 0.00456379 0.0309775 0.0208273 0.511586 4.29113e-07 0.00546438 1.61725e-05 
0.00854484 4.07479e-06 0.0100386 2.02626e-07 2.05416e-05 3.68718e-10 6.69018e-07 0.000290641 0.00612798 0.0906303 0.000533134 0.0100908 0.0027509 2.40426e-10 0.056316 0.000399708 0.000120884 0.286522 0.0185232 0.0110556 0.0146269 0.00019201 0.478885 2.17433e-10 0.00432566 8.82887e-07 
0.0653599 4.45184e-05 0.0412253 0.000122297 8.66941e-05 8.31676e-06 0.000491056 0.00059845 0.145915 0.0137492 0.0100563 0.00241173 0.0128335 9.31277e-06 0.21481 0.000692715 0.000101413 0.0488965 0.00426439 0.0212408 0.0352911 0.00285291 0.269667 1.65458e-07 0.108312 0.000958534 
8.53878e-05 4.46751e-05 0.0339927 1.38765e-12 1.31493e-05 0.000340553 2.85666e-09 0.0101827 0.013866 0.101511 0.00500964 0.000814064 0.000395445 1.63411e-12 0.0845126 0.00309999 0.0279786 0.00299531 0.0460378 3.79351e-13 0.0153711 0.00625577 0.505517 6.17568e-05 0.141654 0.000261332 
0.00236013 0.000163115 0.000334898 1.19819e-07 0.000562597 1.73511e-05 3.50107e-05 0.011374 0.000289752 0.195164 0.0197947 0.0197816 1.08969e-05 0.000140478 0.061811 0.000141527 0.0012171 0.0197345 0.029873 0.0121117 0.00279707 0.000986257 0.598324 4.62669e-06 0.0228669 0.00010407 
0.0822723 0.000131279 0.00224845 3.7649e-08 0.000344716 0.000139098 0.000552966 0.000351348 0.00767386 0.0842179 0.0302067 0.00268122 0.000703644 0.0118124 0.0557791 0.00134804 1.28121e-05 0.0123419 0.0707675 0.0100262 0.0506178 0.0738691 0.461434 3.55935e-06 0.039427 0.00103741 
0.00684332 4.14816e-05 0.00549897 1.86164e-08 0.00183464 1.92433e-06 0.00102682 0.000258914 0.00210258 0.137423 0.000260343 0.00452234 0.00237121 0.000685047 0.175076 0.00107424 0.00960371 0.0441125 0.100498 0.0295392 0.0991592 0.112187 0.239257 8.72214e-06 0.0265432 7.19261e-05 
0.16518 0.00126932 0.00825482 0.00222499 2.60296e-05 0.000158297 0.00123503 0.00501006 0.0295255 0.00734915 0.0178145 0.0132791 0.00642534 4.70215e-06 0.0410732 0.000847626 9.93171e-05 0.217912 0.00591267 0.00694467 0.0333973 0.00327371 0.347171 0.000765075 0.0843388 0.000506372 
0.011639 4.70129e-06 0.00357396 1.29642e-05 1.25904e-05 2.20735e-06 0.00118571 0.00450846 0.0440838 0.126621 0.0340602 0.00593852 0.00234686 0.00982251 0.102791 0.000200138 0.000614126 0.0187597 0.153466 0.0680172 0.0246205 0.0218247 0.333185 4.07074e-08 0.0239831 0.00872585 
0.000180422 3.45982e-05 0.00696362 2.53285e-06 5.52523e-05 6.76186e-06 0.00145731 0.000240307 0.222302 0.160837 0.0311794 0.0181971 0.0105216 0.00118161 0.0100847 0.00162359 1.97198e-05 0.0310091 0.0080439 0.00275338 0.052635 0.0269784 0.239873 7.13714e-08 0.163594 0.010226 
0.0263613 1.46253e-05 0.000849086 0.00175287 3.10576e-06 0.0207826 8.40019e-05 0.000728541 0.000313055 0.0374084 0.00127858 0.000925059 0.00125383 0.0106209 0.121571 0.00027939 1.55342e-05 0.018892 0.113582 0.124469 0.184334 0.0515944 0.26156 2.64685e-06 0.0211001 0.000223905 
0.00516968 0.00370657 0.00292997 2.45262e-09 4.44905e-05 0.000160818 0.000597957 0.000584812 0.00672812 0.0393358 0.00280083 0.000398591 0.000220191 7.03696e-11 0.261431 0.000113544 3.30903e-05 0.00146846 0.121117 0.0313391 0.0614054 0.00941426 0.423395 2.19221e-05 0.0164941 0.0110892 
0.0287868 0.00086182 0.00387876 2.34244e-09 6.83519e-05 2.09979e-05 1.18897e-05 0.00162178 0.00317245 0.0439964 0.121119 0.0476712 3.78488e-12 1.02047e-11 0.169548 0.00277979 1.49655e-06 0.0131502 0.0755565 0.0276999 0.0366012 0.0797948 0.271006 3.57782e-05 0.0721874 0.000429692 
0.0241691 0.00179273 0.00897531 8.15559e-10 1.03764e-06 7.34189e-05 0.0111045 0.00358775 0.0173586 0.0588101 0.0415532 0.0647763 0.000393407 0.00213636 0.0794905 0.00212127 5.53546e-05 0.0557333 0.0322962 0.0854104 0.0140264 0.0193255 0.361848 2.62739e-07 0.114823 0.000137929 
0.0605858 0.00963673 0.0054901 4.98063e-08 4.26926e-05 7.75965e-05 0.00311822 0.00115809 0.0401972 0.065238 0.0756613 0.106269 0.0191196 0.0010023 0.064424 0.00109663 0.0303981 0.0312705 0.0284799 0.0986616 0.0208387 0.00331351 0.259752 2.8834e-05 0.0732123 0.000927312 
0.0141412 0.0134268 0.00344167 0.00146799 6.84016e-05 2.8389e-05 0.000896954 0.00355047 0.00302585 0.0374117 0.00557185 0.0363721 0.00133817 4.6521e-06 0.0482437 0.00256098 0.000191586 0.0224145 0.0790596 0.178789 0.0688755 0.0267243 0.420237 0.000212847 0.0319034 4.15063e-05 
0.00479303 4.37878e-05 0.00273535 1.19109e-05 2.30352e-06 1.29448e-05 0.000168001 0.000216315 0.00662171 0.243528 0.011479 0.00261135 0.00568705 9.26401e-06 0.101417 0.00455977 2.97639e-05 0.0210534 0.0735429 0.0251541 0.0265453 0.148556 0.303176 0.000370376 0.0176529 2.24022e-05 
