0.0086489 0.000149017 0.0156213 0.000227695 3.59858e-05 1.42068e-06 7.67926e-05 0.00482721 0.00570766 0.0198577 0.00694956 0.00208482 0.00238646 8.34927e-05 0.35107 0.00666284 2.67936e-05 0.0261753 0.0590186 0.0771102 0.0390284 0.00893859 0.320892 1.03388e-06 0.0443087 0.000110251 
0.0210955 0.000127371 0.0098489 5.27566e-05 0.00042857 3.62338e-05 0.084692 5.01147e-05 0.0127103 0.287453 0.122948 0.0173723 0.014554 0.0115716 0.117559 0.000181171 0.0111656 0.0482581 0.0632659 0.016495 0.00619203 0.00299129 0.0771622 1.01973e-05 0.0735405 0.000238051 
0.169645 0.000159549 0.00429366 0.000579219 6.12141e-05 4.05137e-05 0.000317462 0.00282384 0.00876498 0.0516844 0.00737361 0.0105873 0.00784295 0.000102134 0.188281 0.0086845 0.000478859 0.0347335 0.0333558 0.0170778 0.101887 0.0633374 0.257489 5.42999e-06 0.024352 0.00604179 
0.0308647 2.20704e-09 0.073483 0.00998797 0.00172471 1.0929e-06 7.32318e-05 0.000373912 0.0165135 0.0141791 0.000712209 0.00194714 0.0156683 2.22599e-07 0.020529 0.00571457 1.75825e-05 0.590168 0.00303914 0.0010829 0.0527474 0.0134368 0.0396837 2.05722e-09 0.107921 0.000131114 
0.0333535 0.00226502 0.0197565 0.0096368 0.00307292 0.000322932 0.0251838 0.0224984 0.0964068 0.026835 0.0737322 0.0100388 0.00832648 0.00231592 0.0487557 0.00253796 0.00729912 0.0201538 0.021738 0.0413132 0.0178036 0.00680637 0.111989 7.58204e-05 0.379558 0.00822389 
4.36343e-06 0.226346 0.00133511 3.89348e-07 0.000261164 1.72488e-09 2.47667e-06 0.000809158 0.148931 0.00793807 0.000359891 0.0038209 0.00785375 1.12472e-09 0.135339 4.44509e-06 0.00061961 0.0293453 0.0398212 0.00155788 0.0179253 1.46263e-06 0.24571 1.01716e-09 0.130838 0.00117591 
0.00360146 0.000211917 0.00414888 0.00112266 0.00509429 2.14341e-05 0.00186774 0.000205504 0.00572217 0.0902002 0.00646112 0.586142 0.000824507 4.76099e-05 0.0157844 0.000266408 0.0472369 0.0374704 0.0284184 0.0524727 0.00356693 0.00152995 0.0842166 1.61661e-06 0.0232823 8.24769e-05 
0.0945411 1.33568e-06 0.0936568 1.52626e-05 0.00340931 1.53436e-05 1.47182e-05 0.0260537 0.000177822 0.00948321 0.00681314 0.00498998 0.00344277 4.60343e-05 0.351832 0.000439421 8.48516e-07 0.130245 0.00856394 0.0103357 0.0197815 0.00195494 0.168114 1.42096e-08 0.0660537 1.82758e-05 
0.00142354 0.00026992 0.00169767 1.02631e-06 1.60772e-05 5.90864e-06 0.00208386 3.59514e-05 0.442211 0.322396 4.68426e-06 4.13087e-05 0.096527 2.22465e-08 0.0102274 1.9297e-05 4.10063e-06 0.0199624 6.60876e-05 0.000334154 0.0145286 0.0232998 0.035964 2.0119e-08 0.0288803 2.01375e-07 
0.00360146 0.000211917 0.00414888 0.00112266 0.00509429 2.14341e-05 0.00186774 0.000205504 0.00572217 0.0902002 0.00646112 0.586142 0.000824507 4.76099e-05 0.0157844 0.000266408 0.0472369 0.0374704 0.0284184 0.0524727 0.00356693 0.00152995 0.0842166 1.61661e-06 0.0232823 8.24769e-05 
0.0104514 5.19711e-05 0.0157786 2.02345e-06 1.63341e-05 7.9239e-06 0.000355478 0.00483615 0.0295805 0.165518 0.00294933 0.00156835 0.0199345 0.00115893 0.0104466 0.000148876 1.77667e-06 0.0201813 0.011424 0.00776655 0.0143669 0.00239224 0.608307 9.35055e-10 0.0651829 0.00757265 
0.000160811 0.000153922 0.00310749 0.000493194 5.23975e-06 0.930341 2.57399e-05 0.00051759 0.00416512 0.00247175 0.000754838 0.000357486 3.90347e-08 2.51433e-11 0.00840885 7.72553e-06 3.98057e-06 0.000238861 0.00164515 2.90639e-05 0.00036801 0.00108167 0.0169236 2.27388e-11 0.0283419 0.00039694 
0.0660197 2.87225e-05 0.0399569 6.461e-07 0.00208122 3.31744e-05 0.00298576 0.0345956 0.0025743 0.149433 0.0820037 0.0134586 0.000652719 0.00466024 0.0216673 0.00894751 2.69046e-05 0.100754 0.0532394 0.00448937 0.136374 0.00738217 0.0541107 4.14791e-08 0.214373 0.000152303 
0.0948034 0.000258729 0.0148234 9.32127e-05 0.00279721 8.21685e-06 0.000347793 8.04721e-05 0.0130069 0.168931 0.0227174 0.0295185 0.00527905 1.33776e-05 0.252549 0.000267231 0.00855259 0.156384 0.0135551 0.00721336 0.0316126 0.00990246 0.109842 6.48276e-07 0.0422524 0.0151899 
0.0444507 4.43644e-08 0.111422 0.0304092 0.000210884 6.64073e-06 0.000423618 0.00252414 0.11562 0.0129649 0.0189031 0.00418084 0.00821781 0.000633249 0.0210601 0.000490057 0.00015069 0.0258408 0.0428731 0.00175433 0.11566 0.0634306 0.0897037 7.8702e-10 0.288791 0.000277697 
0.00701586 0.00933414 0.00179917 0.000357661 2.67783e-05 0.000272907 0.198379 0.000201234 0.0115432 0.0251514 0.0286882 0.00652677 0.0105241 0.00109518 0.0962872 0.000977722 0.000610679 0.00473045 0.198776 0.148183 0.0154791 0.0395762 0.178056 2.52426e-05 0.0163478 3.41157e-05 
0.0191741 0.0012608 0.0340675 0.000147145 0.000337398 0.00125604 0.00043453 0.032971 0.0302994 0.0138642 0.0405684 0.00445999 0.00287373 0.000560447 0.0391794 0.00105874 0.00342265 0.0167211 0.0207811 0.0183445 0.0163408 0.0101191 0.0831287 5.26179e-06 0.594159 0.0144651 
0.00498498 0.00119497 0.141583 0.000112909 0.000473049 0.000895946 0.00105692 0.0215579 0.0303454 0.0144523 0.0385572 0.0145394 0.00811668 0.00210848 0.0125208 0.000330301 6.23904e-05 0.0109591 0.0150136 0.00422352 0.00680002 0.00337622 0.062746 2.235e-05 0.600147 0.00381877 
0.00484961 1.73624e-05 0.00454138 3.28679e-06 1.24688e-07 0.000664765 5.13583e-06 1.07286e-06 0.61723 0.00470703 9.84938e-05 0.000160077 4.96604e-06 9.72124e-06 0.0452374 0.00133297 0.000108279 0.0394827 0.0188313 0.00434635 0.00637838 0.000689028 0.0316896 1.07928e-07 0.212844 0.00676708 
0.241025 8.05218e-08 0.0799129 2.87367e-08 1.95339e-06 0.0162324 4.82851e-08 0.0018747 0.0136863 0.00391092 0.0843435 0.0296934 0.000888061 1.69501e-07 0.0466009 0.0212284 6.27973e-07 0.074352 0.00468619 0.0126384 0.0181216 0.0277713 0.0295559 2.70482e-08 0.293422 5.31123e-05 
0.0110136 0.00091535 0.00541387 6.24344e-05 0.00164506 0.000142599 0.00564073 0.00033181 0.0153788 0.133067 0.000818965 0.283025 0.018978 1.45036e-08 0.0447927 0.000332956 3.29042e-05 0.127248 0.0633345 0.00609141 0.144024 0.00618727 0.119838 1.33646e-10 0.0116783 6.30953e-06 
0.0377947 8.40211e-06 0.00558408 3.13712e-06 7.47407e-06 0.00217478 0.000166212 0.00261625 0.00784118 0.0831918 0.0049673 0.00261798 0.00049319 0.00122228 0.0348317 0.00803742 6.59853e-06 0.0445332 0.0678281 0.0235027 0.0213978 0.184173 0.444515 2.54552e-06 0.0223723 0.000110117 
0.0112067 3.55959e-05 0.00210973 0.000132804 2.91777e-05 4.2883e-06 0.0126441 4.51276e-05 0.0389502 0.211475 0.00816742 0.0887375 0.0621588 0.00423259 0.00208931 7.52332e-05 0.000100304 0.0472347 0.181078 0.0183792 0.0281944 0.117322 0.122841 1.74574e-06 0.0421064 0.000649312 
0.0222113 0.000975931 0.0461807 0.000127058 5.35451e-05 0.000210812 0.00055236 0.000188879 0.00857091 0.206624 0.0103565 0.051096 0.00758421 6.32288e-05 0.0529616 0.00716899 0.000298479 0.0503819 0.0279357 0.0472931 0.0908437 0.023586 0.250587 9.81303e-07 0.0934643 0.000682458 
0.0117413 0.00433428 0.00236815 0.00017959 2.64681e-07 0.00368599 4.89629e-05 2.27234e-07 0.00875757 0.0480537 0.00173585 0.0178159 0.0125684 5.19818e-06 0.0116038 0.000278475 0.000155966 0.00282277 0.00674574 0.0922138 0.00356122 0.0809066 0.217995 3.75463e-08 0.472101 0.000319766 
0.0102646 0.0032398 0.0255483 0.00067373 0.00283397 0.00286966 0.00399628 0.00293202 0.161362 0.0464546 0.0515978 0.021558 0.00683684 0.00234055 0.023301 0.00181737 0.000748622 0.0124837 0.0592083 0.00603967 0.0195245 0.0102762 0.104863 0.000157284 0.404185 0.0148869 
0.00537909 0.000380991 0.00060076 0.00341652 0.00127258 8.59264e-05 0.000594938 0.00645045 0.0142808 0.111339 0.0129826 0.393931 6.41204e-05 8.66685e-05 0.0307323 0.00457854 0.000347813 0.0275264 0.0757721 0.0211041 0.0110073 0.0110329 0.16296 1.65515e-06 0.0799957 0.0240759 
0.0226956 0.000635671 0.0210402 4.43706e-05 0.0224877 0.000167384 0.000343525 0.00302096 0.00499695 0.0517414 0.0118025 0.00351871 0.0183893 0.00198781 0.341694 0.00117378 0.00017051 0.0725679 0.0531683 0.0294647 0.0199398 0.0269583 0.179412 1.19701e-05 0.089584 0.0229824 
0.0173311 0.0290527 0.00368157 0.00323632 0.00058579 0.00153296 0.00128474 0.0107241 0.0543368 0.476341 0.0153327 0.0177244 0.0108548 0.0175131 0.0245856 0.00466714 0.00297763 0.0464343 0.0999992 0.0195445 0.0155572 0.0162754 0.0754563 8.15514e-05 0.032568 0.00232154 
0.0520289 0.000252753 0.0540104 0.000490756 0.000159263 2.86334e-05 0.0839217 1.02293e-05 0.211334 0.0598931 0.0321972 0.0346692 0.0057323 8.11705e-06 0.0148331 0.00387598 1.69352e-05 0.029396 0.00749879 0.00103503 0.0443774 0.00747412 0.0540438 1.76294e-06 0.30184 0.000870022 
0.0272459 4.6197e-05 0.0197374 0.000212298 0.000124852 0.000169914 0.000776742 0.00188359 0.100775 0.0160093 0.0289959 0.0301484 0.00138106 0.0194452 0.308018 0.00120376 0.000211552 0.0134025 0.0228793 0.048745 0.0249154 0.0101893 0.150958 1.39669e-05 0.163829 0.00868338 
0.0108112 0.000150131 0.0156121 0.00236419 0.0017568 0.000126383 0.00241912 0.00486289 0.0517302 0.0385271 0.0213898 0.371438 0.00104612 0.00023628 0.15657 0.0010862 0.00853745 0.0267022 0.0729969 0.0263368 0.0168416 0.0102822 0.0772993 6.80396e-05 0.0804984 0.000310742 
0.0159677 0.000301884 0.00733844 0.000766728 0.000281185 3.16786e-05 0.000107429 0.000120151 0.00994869 0.0257066 0.0159576 0.00266953 0.00766178 2.49918e-05 0.0312437 0.000397603 0.00252576 0.674232 0.0112051 0.0183444 0.0513679 0.0323081 0.048644 7.9801e-07 0.0423791 0.00046649 
0.0312613 0.00253743 0.0319091 2.87833e-05 0.000108615 0.000238574 6.43515e-05 0.00285534 0.0342797 0.0506041 0.00951682 0.000397884 0.00182701 0.0295115 0.091727 0.00142633 3.3626e-05 0.00739942 0.0957948 0.0146523 0.0261792 0.0152944 0.424985 2.18933e-05 0.127294 5.14611e-05 
0.00579225 0.000131476 0.0083282 1.53301e-05 0.000736458 4.56839e-05 0.00717619 7.37435e-05 0.0363631 0.0886114 0.000206583 0.00216771 0.511978 0.0015006 0.0273179 0.0306532 2.39027e-05 0.104992 0.0146808 0.0262849 0.0326139 0.00148654 0.0852896 2.03302e-06 0.0129935 0.000535359 
0.0293679 0.00131487 0.0557414 0.000374821 0.00061399 0.00121967 0.00135851 0.00443618 0.0306067 0.0455324 0.0219207 0.00630683 0.0105906 0.00147203 0.125956 0.00254948 0.000371774 0.0304652 0.083411 0.00982667 0.033852 0.0172996 0.395842 6.06608e-06 0.0884099 0.00115407 
0.0100638 0.00448355 0.000880115 0.00713945 0.00287889 5.33703e-05 0.00115669 0.000383047 0.0960904 0.17409 0.055265 0.0251258 0.0045114 0.169908 0.023643 0.000579328 0.00477261 0.0331994 0.106848 0.100997 0.0212686 0.0098941 0.117253 1.40368e-05 0.0254498 0.00405269 
0.00159941 0.000318951 0.0138062 3.36774e-06 1.37002e-05 0.00629227 0.0026503 0.00751132 0.0776653 0.0228398 0.0160677 0.00364095 0.00355206 0.00399375 0.0537934 0.000876567 2.84813e-05 0.0222216 0.0349634 0.00601644 0.00607154 0.0113527 0.629457 1.28872e-06 0.0739823 0.00128004 
0.00887526 0.0303408 0.0245827 0.00115293 0.000231239 7.78329e-05 0.000175941 0.0081678 0.0996346 0.0351084 0.0634315 0.0252719 0.00120612 0.00102428 0.116987 0.000365452 0.0029697 0.0137331 0.100367 0.0771783 0.0143046 0.00987535 0.251411 5.74752e-05 0.111531 0.00193947 
0.00831799 1.00105e-05 0.10519 4.3243e-07 1.17262e-05 9.86236e-06 0.000348384 0.00729957 0.0409774 0.0104938 0.0699317 0.00534815 0.00161048 8.36906e-06 0.0108618 0.00366238 2.99893e-05 0.0177054 0.0307893 0.00123968 0.00081223 0.0193325 0.0165755 2.29392e-08 0.635631 0.0138029 
0.0103845 0.0104629 0.0050513 1.42677e-06 5.31134e-06 3.97419e-05 0.000142661 0.00096782 0.0133068 0.0705543 0.00641786 0.0547669 0.0550015 1.38259e-06 0.0597682 0.000426606 5.02476e-05 0.160199 0.0324841 0.108107 0.0228792 0.0060792 0.3564 2.5336e-07 0.0262705 0.000231913 
0.0196836 0.000849762 0.00817564 5.17582e-05 0.0020548 4.50811e-05 0.00146009 0.00082277 0.0284197 0.176778 0.022834 0.00749517 0.00601597 0.00095958 0.0337826 0.00618428 0.000807921 0.0159343 0.367065 0.0221564 0.0130472 0.00996115 0.213225 4.49325e-05 0.0409129 0.001232 
0.106829 7.05575e-05 0.00327554 0.00282558 0.000754003 0.00140494 0.000180419 0.000220459 0.00231808 0.333547 0.00186481 0.0155287 0.00471012 6.62795e-05 0.0606045 0.079503 0.0188713 0.0745331 0.0208756 0.0380832 0.0503481 0.0463053 0.121206 4.33014e-05 0.00949169 0.00653955 
0.00278925 6.6572e-06 0.00320232 0.00244717 2.67807e-06 0.00727285 0.000329484 0.00562011 0.0468588 0.035775 0.00106315 0.00899691 0.0196872 0.000343025 0.0284819 0.00153771 0.000158849 0.0100295 0.0584855 0.0236432 0.099905 0.0811628 0.48769 5.28702e-07 0.0724189 0.00209155 
0.00291682 0.000258982 0.00364393 0.000420635 0.00210889 3.73931e-05 0.00162593 0.000342681 0.0148732 0.107708 0.00559054 0.647184 0.00207987 0.000213395 0.0116374 0.000196692 0.0588204 0.028898 0.0137006 0.0274544 0.00512791 0.00113311 0.0372331 4.57505e-06 0.0253042 0.00148471 
0.0656051 7.56076e-08 4.66527e-05 8.84399e-08 0.0003108 0.448804 1.25598e-06 1.35769e-07 0.022872 0.0239457 9.91481e-07 0.000788381 0.00135574 4.06873e-07 0.00329379 0.0115328 3.10693e-07 0.23207 0.000329489 0.00124718 0.02943 0.131213 0.0207292 1.01155e-08 0.00642232 6.72706e-07 
0.0526294 1.16035e-07 0.0140041 2.92145e-07 7.32186e-05 6.21988e-08 0.00107386 0.000202301 0.0653107 0.0263232 0.000133576 0.011603 0.0145908 7.67738e-07 0.332843 0.00040186 0.000190233 0.295151 0.0167157 0.00266285 0.0227012 0.00190437 0.110902 3.50751e-08 0.0305799 2.20639e-06 
0.0278346 0.000135653 0.102428 1.13073e-06 0.00213922 0.000400887 0.00614214 0.00311053 0.0055484 0.00379234 0.00194016 0.0038934 2.54997e-07 3.4097e-07 0.00443654 2.3869e-05 7.46509e-07 0.0231398 0.00101278 0.00389834 0.0013265 0.00261919 0.0234795 4.98409e-11 0.781956 0.000739681 
0.345049 2.27129e-10 0.00715962 1.58944e-05 2.17017e-05 3.32658e-05 0.000156607 0.0019185 0.00178781 0.0180151 0.017124 0.000305115 0.000870363 0.00121413 0.125855 7.47743e-05 2.78868e-06 0.0114222 0.0998621 6.98584e-08 0.0135224 0.0325289 0.0633505 2.11712e-10 0.242933 0.0167768 
0.0564085 4.23896e-10 0.110126 1.46123e-07 6.55002e-06 5.92252e-08 3.40965e-05 0.00294097 0.0489728 0.0113862 0.00362383 1.24307e-05 9.54686e-05 0.000157361 0.0371085 6.65909e-07 7.03153e-09 0.0144729 0.000300606 1.1328e-06 0.0061451 0.000722524 0.223196 3.95122e-10 0.482547 0.00174049 
0.0028087 0.000236466 0.10247 3.55694e-06 0.00025373 0.000108485 0.000817081 0.015199 0.0109941 0.0126229 0.1855 0.00336087 0.000784961 0.000837841 0.022631 7.24362e-05 8.66654e-06 0.0072941 0.0100933 0.00114462 0.00412861 0.00143199 0.0548775 1.32449e-07 0.555514 0.00680584 
0.0194407 0.00154197 0.127646 0.000245308 0.00062772 0.000754295 0.00208638 0.0160345 0.0191091 0.0207288 0.0532648 0.00599659 0.00554123 0.000156787 0.0209486 0.000889555 0.00149864 0.0102899 0.014918 0.00556581 0.00613186 0.00652358 0.0904592 1.63103e-05 0.560198 0.00938623 
0.00900316 1.25995e-06 0.0108538 1.11007e-06 0.000190112 2.33077e-05 0.00133067 3.35563e-05 0.006634 0.184936 0.0014172 0.000907215 0.00762604 8.20783e-07 0.0122187 0.000193018 1.86274e-05 0.550875 0.0123299 0.000990745 0.0970987 0.0107069 0.0262346 2.63352e-07 0.0442555 0.0221197 
0.0519684 0.000125953 0.0153237 6.28786e-05 0.000545923 0.00313395 0.00595591 0.00175872 0.00872065 0.188487 0.005337 0.00568151 0.00954998 0.00417683 0.0747727 0.00349398 0.00457714 0.0698432 0.0425915 0.0349574 0.207941 0.0758915 0.158535 7.84931e-06 0.0245941 0.00196626 
0.0254665 0.00146329 0.0128776 0.000330808 0.000476756 0.000889949 0.00186597 0.00220167 0.0194068 0.102259 0.0135392 0.00671014 0.0260962 0.00260645 0.10262 0.00320079 0.00260747 0.0330187 0.0976621 0.0305942 0.043704 0.0297567 0.38059 2.68747e-05 0.0549391 0.00508862 
0.0149919 0.0010159 0.0257707 0.000280424 0.00241644 0.00225405 0.000323307 0.000138495 0.0160666 0.151343 0.0019288 0.0406283 0.0139789 0.000142036 0.0171407 0.00289192 0.010202 0.457986 0.0192895 0.0183581 0.065334 0.0113937 0.0936231 1.3924e-05 0.0316808 0.000808262 
0.0242858 0.000110264 0.357293 4.01422e-05 0.00245104 0.0108153 0.0469567 0.000434139 0.0402071 0.0181904 0.00250486 0.0528867 0.00290754 0.000902075 0.0492868 0.00200982 0.015629 0.114432 0.0107121 0.0641834 0.0577071 0.00479257 0.031039 2.83415e-05 0.089832 0.000362513 
0.00267507 9.47208e-06 0.0104991 1.30642e-05 0.000211418 0.000824038 0.00144638 0.000120663 0.0145539 0.152762 0.000599262 0.00671684 0.259155 0.0186254 0.0104884 0.0397227 1.62342e-05 0.0164233 0.031416 0.0292308 0.036457 0.0032212 0.314309 8.01998e-06 0.0471378 0.00335764 
0.0156463 1.25889e-06 0.0189485 4.76872e-06 0.000417896 9.07597e-06 0.010994 0.000531921 0.00774206 0.00398675 0.0249118 0.192637 0.00470702 0.305946 0.0539373 0.000177132 1.06558e-05 0.0069942 0.0144846 0.00201875 0.011435 0.00103376 0.126721 2.07359e-07 0.196622 8.05757e-05 
0.0624237 0.00869321 0.00615415 1.66897e-08 0.000167885 1.65356e-08 0.000321222 0.000147082 0.0313553 0.128467 0.0437335 0.0204006 0.0121231 1.14593e-11 0.036075 5.79641e-05 9.72095e-08 0.046298 0.0472292 0.0418909 0.0551197 0.00267857 0.412869 1.03634e-11 0.0435341 0.000261287 
0.0120062 1.48214e-05 0.0298315 9.61785e-08 1.02254e-06 4.22719e-05 4.65365e-06 1.48349e-05 0.0262544 0.0234808 0.0278752 0.0127436 0.00594094 0.00058113 0.0738578 0.00103239 5.40885e-05 0.0104266 0.19783 0.00287691 0.0126894 0.00257641 0.284854 5.18552e-08 0.272677 0.00233363 
0.00637183 0.000389046 0.0112428 1.04513e-05 5.68728e-05 1.95243e-06 0.155192 0.000355832 0.153999 0.0853569 0.0383921 0.0125336 0.001345 0.000702167 0.0802997 0.000273362 0.00065935 0.0861134 0.144374 0.0224173 0.00763756 0.00185859 0.0759281 9.15713e-07 0.114109 0.000378852 
0.0652779 0.092267 0.00418204 2.1776e-06 2.39074e-06 0.000132813 8.79982e-05 0.00691744 0.0244992 0.052377 4.20627e-05 0.00303228 0.0140796 0.00770296 0.00816306 0.00223521 1.10145e-05 0.247961 0.086245 0.000946982 0.0907919 0.0422116 0.143947 2.05125e-06 0.106879 3.11658e-06 
0.00980804 2.53457e-05 0.00657313 0.000844051 0.000406335 5.93124e-05 0.000434737 0.000265154 0.00388719 0.239858 0.00524914 0.00288122 0.0126647 0.000487012 0.0501689 0.000418127 1.60705e-05 0.0182242 0.0479098 0.0108293 0.0200442 0.00894142 0.536757 4.95645e-06 0.0231507 9.17015e-05 
0.00884757 1.18445e-06 0.0116712 0.000786439 2.46636e-05 1.14502e-06 0.128036 0.0137348 0.0947879 0.0170034 0.0271844 0.0144399 0.41921 0.00170268 0.0492698 0.00103825 8.71424e-05 0.0354153 0.0194944 0.0158779 0.0021465 0.0193144 0.100468 2.96312e-07 0.0194411 1.57797e-05 
0.014939 0.000210442 0.000800162 1.93107e-05 0.00412223 0.000537923 0.0024457 0.000278331 0.00966927 0.13249 0.00210602 0.00968874 0.00772326 0.00405305 0.0460765 0.0019247 0.00322578 0.0498874 0.378288 0.213891 0.0162848 0.0137098 0.0622968 7.20591e-06 0.0253143 9.74739e-06 
0.0315006 0.000123083 0.18606 4.55345e-05 5.18795e-05 0.00023542 0.00289015 0.00512523 0.0375087 0.00875242 0.0276499 0.00964963 0.00571349 8.48061e-05 0.0633508 0.00123742 0.000174156 0.0177012 0.0151894 0.00491043 0.0179184 0.0112868 0.0324131 4.90762e-06 0.51781 0.00261243 
0.0136451 2.14629e-05 0.00575106 1.60523e-05 0.00436807 8.86187e-05 0.0045056 0.000843658 0.170409 0.0269613 0.0107625 0.312201 0.00403694 0.000377722 0.12319 0.00158041 0.00234878 0.0189336 0.00790059 0.00255051 0.0172782 0.00130884 0.0328653 1.22064e-06 0.188145 0.0499083 
0.131762 5.02927e-06 0.00373239 0.0479581 0.000147917 1.3952e-05 9.33686e-06 9.7476e-06 0.00462009 0.104352 0.0284191 0.00141021 0.00358155 5.85175e-06 0.0228975 0.242292 2.42686e-06 0.0208843 0.0234552 0.00587036 0.031443 0.232408 0.0793522 1.19798e-06 0.0153483 1.73132e-05 
0.00262078 0.003038 0.0592803 0.000629181 0.000233038 0.0382107 0.00116606 0.00172837 0.486787 0.0131727 0.0199121 0.00422907 0.00801325 4.32935e-05 0.0111333 0.00353703 9.67283e-05 0.00686209 0.0238702 0.00590679 0.0117208 0.00145952 0.0153654 2.91426e-07 0.271081 0.00990371 
0.00854965 0.000195552 0.0528343 1.83214e-05 0.00976116 0.00497405 0.000300582 0.00205451 0.00646796 0.0115965 0.0312972 0.00394073 0.00062849 0.000819757 0.0113851 0.000139275 0.000141405 0.0113056 0.0227354 0.0191205 0.00643344 0.0166274 0.0301599 3.0206e-06 0.547067 0.201443 
0.000143608 4.48707e-06 0.130008 1.12244e-06 0.00350151 0.000908242 0.00138014 0.00243399 0.0970861 0.105602 0.0668732 0.00272431 0.00700208 0.000106571 0.0255751 0.000507201 5.31665e-06 0.0869046 0.0102648 0.00373035 0.0792407 0.001848 0.28904 1.2247e-08 0.0848733 0.000235405 
0.025673 0.00100338 0.00243899 0.000715332 0.000122158 0.00101526 0.000431131 0.0030772 0.00703217 0.0662876 0.0217548 0.00440631 0.00247062 0.00104654 0.333343 0.00731423 0.000576605 0.0120032 0.138559 0.136476 0.013665 0.0495779 0.13047 6.80315e-05 0.0386473 0.00182522 
0.0153115 0.000749097 0.00504276 0.000146965 0.00117118 0.00017719 0.000781966 0.000743559 0.0113028 0.366637 0.0128016 0.0111496 0.00937098 0.00558514 0.0315791 0.00509239 0.00583887 0.0644043 0.0767241 0.035543 0.0846652 0.0832193 0.142887 3.13032e-05 0.0281817 0.000862508 
0.0135671 0.00024328 0.0108413 0.00064063 0.00299039 0.000571182 0.000216514 0.000266943 0.0133216 0.280956 0.0153201 0.0136916 0.0105508 0.000348001 0.0618526 0.000991257 0.00046488 0.0608567 0.0822204 0.00876789 0.112787 0.0243236 0.262333 6.3812e-07 0.0214171 0.000459607 
0.0122447 0.000335691 0.152119 4.51881e-05 0.00723561 0.0010393 0.000855443 0.0169622 0.0139506 0.0217421 0.044217 0.00285899 0.00294339 5.03115e-06 0.0182655 0.000263924 0.000409524 0.0193451 0.0225952 0.00483165 0.0332316 0.00353626 0.0673692 4.02989e-06 0.513318 0.0402754 
0.00743924 1.58662e-05 0.0375171 9.12243e-08 8.01148e-06 6.87667e-05 0.000215462 0.00487794 0.202923 0.00477062 7.07398e-05 0.0452279 0.00232355 8.91278e-06 0.376562 2.20718e-05 1.39992e-06 0.000162895 0.000491565 0.0746755 0.00319043 0.00105582 0.188181 1.36586e-08 0.0501564 3.36879e-05 
0.00971416 0.00320346 0.131995 0.000538374 0.00249306 0.000313517 0.00357084 0.00622136 0.0111175 0.0224165 0.04604 0.00582139 0.0107548 0.00320665 0.0195585 0.000634383 0.000288031 0.00924619 0.0115617 0.00734106 0.00987797 0.00852523 0.0562751 1.9288e-05 0.614875 0.00439149 
0.000130286 1.28248e-05 0.000443665 7.55796e-07 3.6887e-05 8.14544e-06 2.9118e-05 0.000474334 0.00064308 0.00418189 1.17064e-08 1.1911e-05 4.157e-08 0.986637 0.00021924 5.80774e-06 2.58688e-07 0.000556656 0.000260471 0.000526899 9.41849e-05 3.08783e-05 0.000259962 4.12962e-09 0.00543368 1.97798e-06 
0.00272358 0.00118621 0.00188957 0.00202448 0.000140882 7.57722e-06 0.00255912 0.000330872 0.0894506 0.250745 0.000256887 0.222131 1.55239e-05 3.63713e-05 0.026482 0.000401415 0.000139262 0.0278466 0.197456 0.0117153 0.0395726 0.0164358 0.0827624 4.54367e-06 0.0190587 0.00462767 
0.0029011 1.03874e-05 0.00764176 0.00010568 1.95038e-06 2.92767e-05 0.00538131 0.00100083 0.0154312 0.210463 0.00166736 0.00267123 0.0337707 0.0117671 0.0547212 0.000557871 0.000224176 0.0203267 0.128759 0.0368013 0.0299718 0.0240388 0.378401 5.98841e-11 0.0301463 0.00320821 
0.0098925 0.00314997 0.00675487 4.96834e-05 0.000219491 0.000250565 0.00103415 0.00215665 0.0205925 0.0811074 0.0233279 0.0100682 0.0099969 5.45762e-05 0.0972001 0.00350689 0.0220537 0.02505 0.0710804 0.0253587 0.0567798 0.00959288 0.450715 2.65993e-05 0.0688388 0.00114157 
0.0905702 0.000148474 0.00308706 0.00443985 2.60344e-06 5.78993e-05 0.000676472 0.000306137 0.0247954 0.0401653 0.0022264 0.00678824 0.00381659 0.00217305 0.0554954 0.000397988 4.22473e-05 0.0227814 0.0688351 0.00833293 0.0343348 0.0243624 0.575204 1.40938e-06 0.0308535 0.000105275 
0.0205717 0.000742561 0.0122992 3.29772e-05 0.000188577 5.64043e-05 0.000126791 0.0112749 0.130901 0.00753425 0.00278479 0.0255137 4.32852e-05 1.08298e-05 0.400512 0.00667785 0.000421906 0.0185066 0.0301769 0.0328857 0.0101044 0.0119781 0.164824 3.75585e-07 0.108762 0.00306922 
0.00499452 0.00178366 0.00251123 1.25416e-06 8.74435e-07 1.61295e-06 0.000211338 4.64737e-05 0.0133866 0.0992794 0.000335702 0.00413796 0.0194272 5.67289e-06 0.0297806 0.000937906 3.07064e-06 0.588923 0.0219859 0.0459045 0.00814548 0.0128616 0.0667994 3.96852e-07 0.0785248 9.85955e-06 
0.0201879 4.32496e-05 0.016336 0.00232715 2.35035e-05 0.00165 0.000352895 0.000740325 0.0092561 0.0501348 0.0127815 0.0027204 0.00577472 0.0284469 0.0445323 0.00280039 3.50246e-05 0.0181604 0.103901 0.0272967 0.218139 0.0507592 0.311649 1.67861e-05 0.066769 0.00516659 
0.0429982 1.6655e-05 0.030234 3.90173e-05 0.00047722 3.5058e-07 1.99421e-05 0.000208353 0.20784 0.0115893 0.0100646 0.0485964 0.00241255 3.21232e-06 0.0573438 0.000681116 8.70544e-06 0.0713756 0.0158654 0.00295621 0.0444601 0.00148533 0.070344 2.33528e-07 0.380832 0.000148259 
0.0122972 0.000384743 0.105397 0.0013986 0.00207443 0.00187216 0.00204339 0.00508031 0.0407071 0.0124118 0.0285737 0.00221858 0.00520977 0.000601934 0.0503083 0.00526523 0.00323966 0.0168282 0.0181529 0.00735621 0.0169365 0.00536503 0.0512523 5.79727e-05 0.595998 0.0089692 
0.00310032 0.000297542 0.00682601 7.15343e-07 2.87521e-06 9.3565e-06 0.000218985 0.00422168 0.0016432 0.00885917 0.303114 0.0262996 0.000144111 1.22465e-05 0.0433031 4.42696e-05 1.14526e-05 0.00197395 0.0189156 0.00942837 0.0110329 0.00386507 0.0626182 5.22e-07 0.483315 0.0107413 
0.405729 2.321e-06 0.00388029 4.92782e-05 0.000130743 0.000138483 0.000108604 3.96149e-07 0.0167134 0.0117981 0.00929972 0.000708254 0.00138388 0.000315016 0.00750816 0.0101874 1.60073e-05 0.0484047 0.0050801 0.0312465 0.0656779 0.281736 0.0445532 3.40881e-07 0.0399583 0.0153739 
0.00753408 2.80237e-05 0.0029588 6.38812e-07 3.04033e-05 0.000122931 0.00036726 0.05441 0.0508457 0.00929435 0.00199553 0.00653969 0.0107073 1.58927e-06 0.070224 1.27869e-05 0.00602953 0.0113748 0.0196711 0.0234791 0.668598 0.00481963 0.0125528 6.00386e-10 0.038387 1.458e-05 
0.0373839 0.00122368 0.00684017 0.000414359 0.000218725 0.000149246 0.00422109 0.000794352 0.0296329 0.224483 0.0179969 0.0297972 0.00803694 0.000332024 0.0432867 0.00282586 0.0076409 0.0456061 0.0401062 0.0356504 0.12919 0.0205726 0.236771 7.99498e-05 0.0755193 0.00122695 
0.0533855 0.00028938 0.00752326 2.59334e-05 0.00249918 0.00591243 0.000993995 0.000373762 0.00305466 0.0751075 0.0118105 0.00381007 0.00198715 0.00106914 0.349601 0.00246842 0.0151216 0.0129863 0.0804239 0.125655 0.0219646 0.0226598 0.158499 2.40689e-05 0.0420029 0.000751694 
0.0234631 4.98105e-07 0.00462075 1.04645e-07 0.000129288 1.62423e-06 9.69423e-07 6.65694e-07 0.133047 0.343921 3.13491e-07 5.74116e-07 0.229566 1.96569e-09 3.94194e-07 0.00168253 4.92197e-07 0.0117468 0.0902208 9.86975e-07 0.0217139 0.00122722 0.0936736 1.77771e-09 0.0449808 1.78288e-06 
0.00193341 0.0150429 0.0137934 0.000309199 0.00101057 1.00981e-06 0.00407426 0.000607292 0.122114 0.00853675 0.07135 0.00272569 0.00121519 1.4947e-06 0.261344 0.000246174 4.7942e-05 0.00883198 0.138557 0.00770576 0.00365953 0.0119908 0.157715 6.33902e-07 0.16718 5.38303e-06 
0.0127106 0.000558977 0.0249503 3.34086e-05 0.000104769 3.32944e-05 8.62793e-05 0.000297745 0.00220755 0.0126865 0.0251156 0.000225967 0.00779765 3.09934e-05 0.137453 0.00218291 0.0070144 0.0598034 0.0263464 0.0199553 0.0409027 0.562086 0.0361218 8.3432e-06 0.0209732 0.000312723 
0.0153244 0.000180818 0.0437328 0.0003982 0.000164441 0.000116113 0.000314435 0.00102539 0.00722916 0.0228499 0.0114234 0.00560519 0.0117235 1.34492e-05 0.104327 0.000482972 0.00134768 0.377847 0.0186732 0.0364341 0.0612759 0.0270177 0.219447 6.64083e-06 0.0327399 0.000298939 
0.0119158 8.84737e-05 0.0298803 2.23298e-07 0.000113401 1.05578e-05 0.00811314 0.0293753 0.116758 0.0237313 0.000934957 0.0123604 0.00425364 1.09947e-05 0.0983288 0.000170238 1.21029e-05 0.0409013 0.0409641 0.00970005 0.0253107 0.011653 0.450675 2.09928e-07 0.0843398 0.000398157 
0.0607455 0.000694483 0.0122609 0.000180077 0.000136009 0.000120782 0.000644473 0.000304876 0.0573741 0.014565 0.00329364 0.00402295 0.0109036 0.00120988 0.055005 0.0192102 1.4236e-05 0.0123509 0.0229651 0.00549234 0.0150475 0.0117905 0.646601 2.08094e-07 0.0432762 0.00179079 
0.0289536 0.00111305 0.0111229 0.000214081 0.0206911 0.00050546 0.00057118 0.0264262 0.00975516 0.0604191 0.00530654 0.0302109 0.00123226 0.000629551 0.169616 0.000595305 0.0379613 0.0123486 0.0671012 0.235694 0.0377121 0.039221 0.140753 5.02832e-05 0.0609104 0.000886533 
0.0294665 1.14025e-05 0.00128593 9.70361e-05 1.80784e-05 0.00152824 0.0049196 4.67375e-05 0.00263175 0.15137 0.0030273 0.0353273 0.000911523 0.00794232 0.0223255 0.000425541 6.25373e-05 0.00858769 0.080431 0.0989435 0.0366117 0.0175472 0.466378 1.05791e-05 0.0295679 0.000525224 
3.19215e-05 9.49321e-05 0.000984924 1.55238e-09 7.79917e-05 8.62128e-06 0.00135947 0.00224086 0.0337689 0.131796 0.00573707 0.123379 0.000346717 4.78722e-12 0.0806424 0.000882969 1.9721e-06 0.0320918 0.0523888 0.000942126 0.0130773 0.00136107 0.425331 4.3294e-12 0.0622442 0.0312099 
0.325895 4.45553e-06 0.00828882 5.68942e-07 6.11222e-09 2.11358e-06 0.000469524 0.00171362 0.111887 0.146364 0.000171802 0.00104749 0.0115424 1.12911e-06 0.0923375 0.00390027 0.000251174 0.0341297 0.00995456 0.0104049 0.0837488 0.00489331 0.0902394 2.02904e-10 0.0605776 0.00217415 
0.0232181 0.00315113 0.0260792 2.36924e-05 0.000269573 0.000301613 0.000154144 0.00661391 0.030048 0.0353623 0.0244226 0.00471802 0.00924971 0.000208429 0.207908 0.000710586 0.000954352 0.0219595 0.0543737 0.024163 0.0714011 0.0278189 0.376081 5.70029e-06 0.0497165 0.00108679 
0.00230433 0.000769449 4.49801e-05 3.56628e-05 0.000202876 2.87023e-06 0.00501183 7.01953e-05 0.405469 0.148986 1.31879e-05 0.00040671 0.213875 1.14637e-05 0.00783451 2.72754e-05 9.92035e-06 0.0186959 0.0629023 0.00217508 0.0103111 0.0570779 0.0267092 2.32424e-06 0.0293608 0.00769067 
0.104857 0.00273169 0.037446 0.0023436 0.000592355 0.000580201 0.000665168 0.00241054 0.0217385 0.0502637 0.0145581 0.00520629 0.0172257 0.00341397 0.144242 0.0139955 0.00202227 0.0443691 0.0440119 0.0292979 0.0147929 0.0465927 0.294319 2.18495e-05 0.101022 0.00128047 
0.00532144 4.32043e-05 0.674925 2.01396e-07 0.000104444 5.20453e-08 2.81269e-05 0.000260355 0.00333415 0.00494928 0.000386883 0.000537275 4.37777e-06 1.76775e-08 0.00721742 9.56498e-05 0.000307978 0.00383525 0.000714773 0.0272193 0.00595237 0.000594793 0.0133382 1.59869e-08 0.0475546 0.203274 
0.0640941 0.0340471 0.00124107 7.5829e-05 0.000789251 0.000151912 0.000351187 0.00867562 0.00415506 0.106825 0.00706042 0.00941951 0.00165456 0.0014897 0.318141 0.00336053 0.011097 0.0156829 0.152347 0.0415992 0.0236415 0.0272998 0.127696 6.95583e-05 0.0389014 0.000134054 
0.00962044 4.73816e-05 0.00694178 3.50009e-05 0.000771209 0.00582425 0.000210663 6.25474e-05 0.0146398 0.149016 0.0100734 0.00252583 0.00372652 0.00018157 0.0184251 0.000295567 0.00853074 0.0743779 0.0416471 0.00114342 0.0339608 0.00745845 0.530825 1.23801e-05 0.0793281 0.00031953 
0.0032382 2.10018e-10 0.103438 0.000643456 0.00110446 3.31968e-10 0.00414592 1.10858e-07 0.294383 0.0131082 7.12846e-05 0.439674 5.15684e-07 5.65952e-07 0.00186321 1.50309e-05 0.000330374 0.014739 0.00954814 0.00193007 0.0320267 0.00142702 0.0203302 1.95762e-10 0.0579759 6.62492e-06 
0.000160811 0.000153922 0.00310749 0.000493194 5.23975e-06 0.930341 2.57399e-05 0.00051759 0.00416512 0.00247175 0.000754838 0.000357486 3.90347e-08 2.51433e-11 0.00840885 7.72553e-06 3.98057e-06 0.000238861 0.00164515 2.90639e-05 0.00036801 0.00108167 0.0169236 2.27388e-11 0.0283419 0.00039694 
0.0437551 0.000369501 0.00518723 0.000247447 0.00136961 0.000318513 0.000580367 0.000261973 0.0564988 0.0501298 0.001222 0.249237 0.000658204 0.00041001 0.0422945 0.00240596 0.154188 0.0372449 0.0215411 0.248254 0.0171975 0.00484706 0.0467154 0.000148661 0.0144327 0.000484562 
0.00575046 0.000915548 0.00289982 0.000612534 0.0001615 0.000232791 0.00750274 0.000397599 0.0291676 0.327333 0.00545859 0.0689986 0.130142 0.00169324 0.0143568 0.00146889 0.0103431 0.0692189 0.0525673 0.0110899 0.0172787 0.0166429 0.21128 1.54962e-05 0.0143372 0.000135312 
0.0160242 0.000360509 0.0892072 2.51644e-05 0.00013979 0.00101707 0.0157498 0.00131906 0.0282717 0.0320117 0.00795368 0.00188475 0.0155256 0.000141127 0.272606 0.00292603 0.00382599 0.0204958 0.111701 0.157921 0.0112374 0.0186864 0.126649 1.1678e-05 0.0641646 0.000144934 
0.122535 0.00176981 0.012156 0.00103616 0.000189113 0.00117851 0.000499377 0.00111629 0.0283066 0.0356989 0.0120093 0.0125529 0.00273761 0.000377997 0.164602 0.00560428 0.00136574 0.0230149 0.0369629 0.0317005 0.0356408 0.0237463 0.354327 1.08794e-05 0.0902798 0.00058204 
0.00721977 0.000121724 0.010516 1.62944e-08 0.000881934 4.42761e-07 0.0206604 2.64795e-08 0.184291 0.19778 0.000229246 0.000520702 0.123964 8.03605e-08 0.00943998 0.000495421 6.65098e-05 0.229655 0.0185609 0.00284233 0.0950277 0.0128498 0.0664215 3.64819e-10 0.0182257 0.000229853 
0.0032382 2.10018e-10 0.103438 0.000643456 0.00110446 3.31968e-10 0.00414592 1.10858e-07 0.294383 0.0131082 7.12846e-05 0.439674 5.15684e-07 5.65952e-07 0.00186321 1.50309e-05 0.000330374 0.014739 0.00954814 0.00193007 0.0320267 0.00142702 0.0203302 1.95762e-10 0.0579759 6.62492e-06 
0.0130772 0.00584133 0.0204395 0.000157605 0.000856158 4.90848e-05 0.000207599 0.0256476 0.0397929 0.00936647 0.185553 0.0060834 0.00163501 0.00108246 0.0720415 0.000633907 0.00312366 0.0054555 0.00732451 0.00172937 0.0469578 0.0063652 0.0480026 1.17403e-05 0.492999 0.00556632 
0.0199168 0.000210599 0.0127697 0.0056096 0.00166315 2.43834e-05 0.0179923 0.000415966 0.0124324 0.0177393 0.00661433 0.0734802 0.00679037 0.000392392 0.101106 0.00305561 0.000264519 0.0298477 0.10193 0.0691754 0.28657 0.0126843 0.184808 1.32591e-05 0.029612 0.00488119 
0.000160811 0.000153922 0.00310749 0.000493194 5.23975e-06 0.930341 2.57399e-05 0.00051759 0.00416512 0.00247175 0.000754838 0.000357486 3.90347e-08 2.51433e-11 0.00840885 7.72553e-06 3.98057e-06 0.000238861 0.00164515 2.90639e-05 0.00036801 0.00108167 0.0169236 2.27388e-11 0.0283419 0.00039694 
1.09673e-06 0.00296143 0.00630835 2.55359e-07 2.32529e-06 3.39639e-06 0.00108562 0.00135953 0.016463 0.00714191 5.39798e-07 0.00102781 0.000163671 3.74661e-09 0.585496 2.95746e-05 5.70227e-06 0.00333073 0.00893028 0.00904697 0.00611216 0.00051171 0.314548 3.38831e-09 0.0353941 7.50116e-05 
0.016334 0.00856877 0.00339374 0.00144752 0.00103554 0.000494045 0.000754135 0.000167369 0.0788463 0.200029 0.00227507 0.0211907 0.00298232 0.000721277 0.0513169 0.009139 0.000159149 0.0759975 0.0752231 0.0685449 0.055512 0.0557557 0.218246 1.6728e-08 0.0323273 0.0195387 
0.0182191 0.00105596 0.0386371 3.10119e-06 0.0216804 0.000746287 0.0052726 0.0035827 0.0526594 0.0216798 0.149624 0.00564493 0.0123329 0.00472926 0.0631424 0.000420923 4.43803e-05 0.00937659 0.0215529 0.00502578 0.012298 0.00771004 0.1181 6.64945e-07 0.424792 0.00166803 
0.024825 0.00011649 0.00650525 0.000160317 2.14044e-05 0.00898487 0.000699096 0.00180096 0.00809272 0.0632919 0.00767093 0.000540928 0.00192098 0.000346753 0.205926 0.00461891 0.000709164 0.0169495 0.0577019 0.0193121 0.198423 0.0328723 0.301076 4.42101e-06 0.036845 0.000583654 
0.0787441 0.00326208 0.0141342 0.00180189 0.00015883 0.000433573 0.00294203 0.000644914 0.033295 0.0885534 0.0104442 0.0112506 0.014308 0.00756759 0.0410782 0.0159225 0.000367671 0.0593477 0.143452 0.0346783 0.0726746 0.0861333 0.192348 1.76048e-05 0.0850425 0.00139771 
0.00896977 0.00256823 0.046253 0.000140328 8.65024e-06 4.45307e-05 0.00213589 0.00381858 0.295755 0.0121879 0.0359836 0.0339409 0.00256345 0.00162014 0.0517706 0.00231031 0.000551868 0.0146293 0.0690362 0.0061409 0.0074294 0.0554294 0.0675315 3.17845e-06 0.276071 0.00310623 
0.0190957 0.00180842 0.00279312 0.000464562 0.000185659 0.000178117 0.000259913 0.00142789 0.0104064 0.416834 0.0108964 0.00966795 0.00282951 0.00211121 0.0372741 0.00750733 0.00360153 0.0270345 0.128755 0.0151981 0.0134364 0.00803298 0.24438 6.60648e-05 0.0356003 0.000155069 
0.220633 1.10384e-05 0.0087571 7.00032e-05 0.000307438 0.0213058 0.00082179 0.000243801 0.00259539 0.0587986 0.0059108 0.00627103 0.00122183 0.000119853 0.034562 0.0307715 5.13862e-05 0.0336538 0.0194887 0.0825483 0.0309299 0.286689 0.125348 1.90785e-06 0.0269021 0.00198507 
0.13939 3.11447e-06 0.0211489 0.00573579 0.0064173 3.86581e-05 0.00283339 0.000159686 0.00794737 0.0697964 0.000101891 0.000927244 0.00395585 1.19645e-05 0.0248909 0.00924497 4.59533e-06 0.0934367 0.0110042 0.000840146 0.0665574 0.473961 0.0364596 1.45881e-06 0.0247798 0.000351959 
0.0467417 0.000831466 0.0855675 0.0322476 0.000839764 0.000164924 0.00284232 0.00055515 0.420729 0.0667861 2.14633e-05 0.0103316 0.000310641 0.0361166 0.0204736 2.5265e-05 0.000116831 0.00498493 0.074884 0.00235594 0.00925312 0.00518366 0.024764 4.61808e-06 0.112795 0.0410729 
0.00401736 0.00133581 0.00540891 5.8192e-06 0.0195287 5.04283e-06 0.000271922 0.0107682 0.00913042 0.0429208 0.060409 0.00819915 0.0108112 0.00254041 0.032121 0.00223443 3.88663e-05 0.0154331 0.0563005 0.0199637 0.0646928 0.00343393 0.595561 3.41493e-07 0.0347879 7.92284e-05 
0.0073439 0.000594448 0.0146948 1.28814e-07 0.00471654 0.000143471 1.1304e-06 0.000481495 0.566999 0.0111683 1.01236e-06 4.44704e-05 9.94118e-05 5.44708e-09 0.00226353 7.85233e-07 0.000141685 0.00967379 0.222857 1.33502e-06 1.03899e-06 0.0823987 0.017725 4.92616e-09 0.0586486 4.24045e-07 
0.0135512 2.63328e-06 0.0438702 6.49923e-07 2.73025e-06 2.59748e-05 0.000373314 0.11975 0.378286 0.00202965 0.00607013 0.161609 0.000855623 2.48714e-08 0.00275089 3.95522e-05 9.60094e-05 0.0732965 0.00187505 0.00327465 0.0202249 1.40338e-06 0.0324008 2.24929e-08 0.13961 3.05927e-06 
0.00375343 0.00252216 0.0413906 0.0113719 4.11966e-06 2.8223e-05 0.000260323 0.000709326 0.220093 0.0984253 0.0012274 0.0144509 0.000327288 0.000236444 0.0447748 0.0137993 0.000168056 0.139692 0.178755 0.00123443 0.0142327 0.00342163 0.139524 2.34732e-06 0.060494 0.00910133 
0.000180422 3.45982e-05 0.00696362 2.53285e-06 5.52523e-05 6.76186e-06 0.00145731 0.000240307 0.222302 0.160837 0.0311794 0.0181971 0.0105216 0.00118161 0.0100847 0.00162359 1.97198e-05 0.0310091 0.0080439 0.00275338 0.052635 0.0269784 0.239873 7.13714e-08 0.163594 0.010226 
0.0708391 0.00119536 0.0413582 2.8908e-06 2.55077e-06 6.69771e-09 0.00769518 0.000245549 0.33704 0.129769 0.000513154 6.89731e-07 0.00375902 2.44113e-07 0.0286818 8.36526e-07 2.19105e-05 0.00371207 0.0609224 0.0020844 0.0254394 0.00382346 0.168809 3.94963e-09 0.114068 1.59765e-05 
0.00118435 3.16774e-05 0.00748093 4.60203e-05 0.000378871 2.94553e-05 0.000278171 1.23898e-05 0.0161691 0.0874831 8.55092e-07 0.000257067 0.647363 0.00148645 0.00402828 0.0515073 2.94524e-05 0.0523183 0.00285333 0.017622 0.0590788 0.00123103 0.0420416 2.51997e-07 0.00698848 9.9306e-05 
0.000101803 0.00127229 0.00232842 1.62383e-05 0.000199915 9.30243e-05 0.00198073 0.000194997 0.473438 0.0897564 0.0229975 0.00974781 0.0174589 0.0772895 0.00561021 0.000289615 0.000513691 0.000571187 0.18747 0.00296558 0.00651677 0.0012589 0.0638841 6.30844e-06 0.0303342 0.00370401 
0.00843868 1.53909e-05 0.00224863 4.83526e-06 2.4477e-05 6.03992e-05 0.00034078 0.00210044 0.0140614 0.116149 0.0282602 0.00556745 0.00149621 1.80458e-05 0.0436285 0.00351737 8.504e-05 0.00592066 0.0925502 0.0574228 0.168743 0.16568 0.261088 3.12849e-06 0.022151 0.00042364 
0.0145685 0.0217961 0.032144 2.17675e-06 0.00333031 0.00128711 6.87983e-05 0.00020047 0.334014 0.0116767 0.00804663 0.0769753 0.0686095 2.58457e-06 0.0135363 0.000560193 2.4754e-07 0.00101827 0.00136171 1.33411e-06 0.000985043 0.000555494 0.0578192 4.54655e-10 0.346593 0.00484696 
0.00270589 0.00109534 0.00210983 5.58632e-06 0.137644 1.31436e-05 4.35556e-06 0.000457989 0.351514 0.0264314 0.00343604 0.123397 0.000726478 2.56438e-06 0.0865969 1.71061e-06 4.40657e-06 0.0126395 0.0157223 0.00125446 0.000778054 0.000195152 0.034085 1.91439e-07 0.199084 9.43161e-05 
0.00102911 0.0032043 0.0162903 1.03772e-05 1.72626e-06 5.31958e-05 0.00241382 0.0125769 0.816826 0.0184015 0.000838182 0.0149691 0.00814712 1.02603e-07 0.0030092 5.82159e-06 1.39096e-05 0.0191565 0.00422938 0.00394726 0.00448918 0.00145136 0.00192709 9.27912e-08 0.0669755 3.32161e-05 
0.107728 0.00197059 0.00112905 6.89508e-07 0.00791841 0.000772547 0.000105683 6.45435e-05 0.0117969 0.103061 0.000184832 0.236758 0.000400371 0.00442436 0.0149624 0.000427054 0.00392124 0.0574702 0.0510808 0.155677 0.0117671 0.00551347 0.115235 1.66927e-07 0.107208 0.000422745 
