0.00298889 0.00204232 0.00863389 5.94884e-09 0.0135528 1.09126e-07 3.03425e-06 0.0491806 0.219334 0.00234083 0.00151324 0.0060762 8.60981e-05 8.11654e-07 0.139038 0.0099883 6.93705e-06 0.0418984 0.0612058 0.000199369 0.0177192 0.00152629 0.108028 1.35591e-06 0.314634 1.67481e-06 
0.0108966 3.35812e-05 0.0545643 1.75134e-06 0.000179229 9.63259e-05 0.000829651 0.0074834 0.0148408 0.00406229 0.0946358 0.00102475 0.00146318 6.31787e-05 0.0665792 0.000537221 0.000168986 0.00385389 0.0775801 0.18374 0.00482014 0.0052737 0.0873321 1.51381e-06 0.369465 0.0104735 
0.0385792 6.50758e-05 0.224765 0.00215974 0.000529672 9.46781e-05 0.00134368 0.00521531 0.0456512 0.00428142 0.0168024 0.00577181 0.0171085 0.00772336 0.0165719 0.0125486 4.1525e-05 0.0528931 0.00992474 0.0023843 0.0131387 0.00351641 0.105234 5.3975e-06 0.410375 0.00327564 
0.0755508 1.08039e-05 0.115159 0.00986694 0.000236519 0.00150864 0.00012849 0.00267806 0.0162642 0.00763132 0.0381381 0.00128163 0.00413544 0.000776323 0.0240807 0.00119768 8.05999e-06 0.0285726 0.0241472 0.00850784 0.0462569 0.0137665 0.0419305 1.75942e-05 0.531543 0.00660483 
0.0259347 0.000122155 0.21567 1.45433e-06 0.0731449 2.90243e-09 0.00792739 0.000314558 0.00116552 0.0134214 0.0246965 0.00833905 0.000483121 3.39672e-07 0.0538121 0.000253505 0.000232828 0.00739486 0.0268298 0.0389436 0.00455424 0.00570895 0.166005 6.0439e-06 0.310562 0.0144761 
0.00070949 0.000783878 0.0376105 7.58988e-12 1.13272e-07 4.88342e-05 4.10142e-05 0.00115266 0.00248834 0.00206683 0.230806 0.000554655 2.76235e-07 3.58159e-09 0.0262629 0.000378611 4.18413e-05 0.0212324 0.0249164 0.0104189 0.0015528 0.00418421 0.0474144 2.89601e-07 0.583511 0.00382305 
0.00045297 0.00010996 0.0803397 8.91331e-08 3.983e-06 4.05519e-06 0.0661008 0.000114813 0.147825 0.00183129 0.0698514 0.000988402 0.000174581 1.04964e-07 0.00367138 5.86223e-06 2.25622e-05 0.00865539 0.00157788 1.57229e-05 0.00268247 2.43489e-08 0.0108084 8.47256e-06 0.604129 0.000626249 
0.145936 0.000634937 0.0411781 8.74658e-08 0.000397955 5.07029e-08 0.000112916 0.0186992 0.013326 0.0026015 0.0146518 0.00110037 0.000788956 0.000197911 0.0310215 0.000131533 5.54632e-06 0.00120665 0.0109855 0.00833525 0.00635958 0.00224974 0.0353932 4.38e-05 0.661336 0.00330643 
0.00103885 7.94707e-06 0.00991078 7.73849e-08 8.78517e-08 9.7796e-05 0.000147557 0.000628647 0.00270101 0.00443048 0.000289321 0.000445051 0.000213727 7.9894e-11 0.0265261 5.487e-06 2.27757e-05 0.000531414 0.00157065 0.00169178 0.00196302 0.000537453 0.00785711 2.22284e-07 0.939357 2.57612e-05 
0.0180857 0.000451274 0.0471168 2.12636e-07 0.00959142 6.88484e-05 0.00845972 0.0172687 0.0106092 0.0111924 0.0776808 0.00665195 0.000608015 0.00014899 0.0262856 0.000695602 0.000427683 0.00418628 0.0133205 0.0301009 0.0063105 0.0173184 0.0442154 2.06542e-05 0.634385 0.0147991 
0.00197368 3.82305e-05 0.127016 4.37922e-07 1.95027e-06 0.00180687 0.00017552 0.0112228 0.114866 0.00139946 0.0330044 0.0175736 0.00859 0.000387362 0.0225234 0.000267714 0.000134852 0.00195207 0.00194603 0.00193802 0.000734514 0.000194116 0.0337036 3.00434e-06 0.618295 0.000250601 
0.0114961 8.08255e-05 0.167364 2.01602e-08 0.000184124 0.00331238 0.00119705 0.00920077 0.0239907 0.00650348 0.00847395 0.000625785 9.64176e-05 3.38344e-09 0.0217409 0.000297077 2.06204e-06 0.00509501 0.0292965 0.00125467 0.00179373 0.00147032 0.118297 1.82663e-08 0.585761 0.00246674 
0.0299343 3.7803e-06 0.00748491 2.51856e-07 8.9284e-06 0.000211216 0.000502966 0.00136206 0.00652691 0.236921 0.0831727 0.00548373 0.00831428 4.81056e-06 0.0406012 0.00313255 4.43174e-05 0.0138177 0.0222038 0.00477522 0.0319028 0.138513 0.0881719 7.36468e-06 0.262333 0.0145653 
0.056791 8.84306e-05 0.104872 9.21564e-05 4.00672e-09 5.88121e-09 0.0014112 0.0026828 0.00765169 0.269536 4.89966e-10 0.10741 1.42234e-09 3.83489e-09 0.000797828 2.75989e-09 7.81755e-10 0.00915775 0.115611 0.0021274 0.0387234 1.90666e-06 0.00404577 3.46815e-09 0.277923 0.00107634 
0.0445619 6.02194e-07 0.125659 6.0232e-07 6.02116e-07 6.01609e-07 0.00427803 0.0291093 0.0325639 0.016405 0.0156803 0.0107316 0.00512454 6.02163e-07 0.121703 0.0084952 6.02988e-07 0.0135684 0.0467382 0.00681405 6.03005e-07 0.024119 0.16689 0.000241506 0.31912 0.00819327 
0.00274527 0.000255745 0.0331972 8.25318e-12 1.53406e-06 1.58505e-05 0.000125367 0.0192262 0.0179533 0.0455806 0.269628 4.78046e-06 0.0104571 0.000174941 0.0135246 0.00285014 0.0319053 0.00335402 0.0220329 0.000121183 0.00730779 0.00419766 0.183841 2.0798e-06 0.330964 0.000533023 
0.00561694 6.97529e-08 0.029134 0.000515945 7.21786e-05 2.60853e-05 1.2757e-05 0.00548065 0.146095 0.0183972 0.0644736 0.000385637 3.06046e-11 8.25156e-11 0.0505351 3.27234e-06 1.66195e-08 0.0207693 0.0377844 0.0212001 0.0117166 0.0631728 0.0310188 6.581e-08 0.49326 0.000329365 
0.0061713 0.00020067 0.0280165 5.23271e-08 0.00621616 0.000199034 0.00724709 0.00251575 0.014141 0.00882026 0.173926 0.00580487 0.00029818 7.25119e-06 0.0305952 0.000780506 0.00239807 0.00942985 0.0218618 0.0756917 0.00378741 0.023671 0.0601876 3.0572e-05 0.5055 0.0125029 
0.0777434 2.3852e-05 0.0486816 3.00976e-05 0.00172836 0.000431606 0.00141946 0.0002904 0.0151945 0.00842639 9.55677e-05 0.000141085 0.00279613 5.65011e-06 0.0649688 0.000265402 0.000297049 0.0553802 0.00131726 0.000239405 0.0351009 0.0127196 0.0557871 1.31037e-06 0.615039 0.00187617 
0.00284064 0.0117587 0.00888916 4.71778e-08 0.000135972 1.62522e-05 0.0717846 0.0036745 0.0430257 0.0205522 0.0792983 0.0846253 0.034586 0.00213137 0.0673584 0.00100387 0.00012435 0.0231531 0.0306251 0.0180965 0.00237187 0.000678398 0.117029 0.000230681 0.375395 0.000614948 
0.00115769 4.64372e-06 0.012983 4.57245e-08 8.97116e-06 6.04298e-05 9.00803e-05 0.00582542 0.00311453 0.00267178 0.000348633 0.00770179 0.000202372 9.33427e-11 0.0154737 8.41946e-05 1.64603e-05 0.000735224 0.0011706 0.00161484 0.00132565 0.00100616 0.0102391 1.46315e-06 0.934148 1.50371e-05 
0.00511621 0.00068597 0.0249072 6.20651e-06 0.000791716 4.66869e-05 0.000990952 0.00451727 0.024688 0.0205389 0.00166 0.0296289 0.00364827 0.000226023 0.100243 0.000261003 0.00859331 0.0354492 0.00644574 0.0025578 0.00403375 0.00221558 0.0384669 0.000125516 0.683965 0.000191211 
3.80166e-05 0.000214711 0.00187673 1.79639e-11 6.85172e-09 7.28783e-05 2.49278e-06 0.00279695 0.000374879 0.00134817 0.0386883 0.000681168 7.84608e-12 2.11545e-11 0.245243 3.15168e-06 1.01794e-05 0.00160424 0.00744138 0.00265643 0.000298706 0.0036665 0.0182796 1.4235e-07 0.673862 0.000840381 
0.0104033 2.91689e-05 0.11765 2.15449e-07 0.000692914 0.00064366 5.09025e-05 0.0110852 0.00408489 0.00572046 0.167592 0.00145341 0.00019811 3.40892e-06 0.0655781 0.000401405 1.4568e-05 0.00418234 0.0159141 0.00308435 0.0048557 0.00634976 0.0329528 1.4191e-06 0.535521 0.0115362 
0.0405791 0.00041154 0.0426836 0.00799542 0.00242448 2.82743e-06 3.45481e-05 0.0732551 0.0423109 0.0155781 0.00237907 0.0142773 0.00164041 3.7564e-08 0.0513595 7.36128e-05 5.51981e-06 0.0287365 0.00253978 0.00108293 0.021932 0.0210142 0.0572608 3.09681e-08 0.57214 0.000283086 
0.0260143 2.0807e-05 0.0844843 1.08717e-06 1.8056e-05 3.63752e-05 0.000131601 0.00801581 0.102235 0.00639268 0.00222515 0.000129492 0.0472496 0.000106592 0.0145708 0.000117002 4.58737e-06 0.000787177 0.00316626 0.000302486 0.0400987 0.000185907 0.0398368 3.92018e-05 0.623476 0.000353487 
3.28421e-05 1.26016e-05 0.00120133 5.84604e-07 0.00824258 2.59722e-06 5.28067e-06 0.000928162 0.0125582 0.0969509 0.00109573 0.00270804 0.00161634 7.23335e-05 0.0872297 1.28626e-05 0.000238584 6.79609e-05 0.162036 0.0639712 0.0042834 0.00967394 0.211091 2.60823e-06 0.335961 4.02206e-06 
0.00830267 5.22786e-09 0.0560918 3.68129e-11 0.000395253 8.90715e-06 3.37489e-05 0.00206829 0.00294325 0.0289239 0.162836 4.79676e-05 0.000235332 0.00144112 0.0901093 2.43385e-05 6.29742e-06 0.0110281 0.0318758 0.00460019 0.00823588 0.00644164 0.154267 4.1764e-08 0.430062 2.08383e-05 
0.0538158 3.22594e-07 0.0962242 3.22662e-07 0.00193564 3.22281e-07 0.00151717 0.0100086 0.131606 0.0522747 0.0199332 0.0168585 0.00452132 0.00251642 0.0779573 0.000871703 0.00135701 0.0435775 0.0571176 0.0059436 0.00416739 0.00494227 0.142036 3.22631e-07 0.265427 0.0053895 
0.00523635 0.203898 0.0428139 3.85578e-06 3.95621e-06 2.27035e-06 0.000451697 0.00395134 0.00151061 0.0031688 0.0246368 1.25252e-05 0.00562631 1.23135e-07 0.0471494 5.88151e-05 5.9873e-05 0.0515592 0.00959932 0.00182948 0.00341537 0.000705337 0.0190192 4.08868e-09 0.574854 0.000433828 
0.000196347 7.02945e-05 0.0415362 3.38284e-11 2.41141e-05 0.000243042 1.49229e-05 0.0194719 0.085308 0.00364439 0.0114561 0.0256536 0.000588118 3.98367e-11 0.00189499 0.000292474 1.87622e-05 0.00243153 0.00684846 5.41478e-05 0.00212733 0.000854998 0.0895536 1.52152e-05 0.707701 8.26115e-08 
0.020301 0.00205135 0.0461057 0.00766453 0.000181262 6.08626e-05 0.00101763 0.00126352 0.101323 0.0508029 0.0264667 0.00619174 0.0233754 0.00627023 0.0289846 0.00269645 0.000792214 0.0549277 0.0765762 0.0149897 0.0202834 0.00586141 0.224028 1.32251e-06 0.273535 0.00424838 
2.58756e-08 0.00162983 0.0058845 1.68115e-12 1.79977e-08 0.000129235 0.000445817 0.0819551 0.0148714 1.50909e-07 0.0659753 0.00180276 7.34277e-13 1.97975e-12 1.74583e-06 3.14891e-08 1.09374e-08 0.000763407 0.00532367 0.000400098 7.80559e-08 3.91745e-08 9.93818e-07 4.47783e-09 0.820371 0.00044483 
0.000692774 4.30403e-06 0.161069 4.85307e-09 5.97111e-09 5.82431e-07 0.00075557 0.00128475 0.0146962 0.00532779 0.0127234 0.00172506 2.97906e-05 8.58289e-07 0.0517105 3.37854e-06 4.93095e-06 0.000327918 0.00795595 0.00228419 0.000702049 0.00115054 0.0882181 1.34578e-07 0.645249 0.00408326 
0.0194407 0.00154197 0.127646 0.000245308 0.00062772 0.000754295 0.00208638 0.0160345 0.0191091 0.0207288 0.0532648 0.00599659 0.00554123 0.000156787 0.0209486 0.000889555 0.00149864 0.0102899 0.014918 0.00556581 0.00613186 0.00652358 0.0904592 1.63103e-05 0.560198 0.00938623 
0.0471335 0.000373672 0.082239 0.000372025 0.000436668 0.00733904 0.00140803 0.00870206 0.041585 0.0276059 0.00996624 0.0113377 0.0046109 0.00227749 0.0288754 0.00050042 3.65471e-05 0.047051 0.0151877 0.00472716 0.0250739 0.0202726 0.0591567 7.62923e-05 0.540669 0.0129864 
0.0289288 9.48537e-05 0.00229569 1.8475e-08 0.00265062 8.57852e-06 8.84302e-05 0.0844196 0.000886533 0.00931769 0.0138469 0.00479997 4.59811e-05 6.3112e-05 0.0136108 0.000180538 0.00191897 0.00408311 0.0259132 0.0200551 0.00402501 0.00234042 0.0238681 8.93089e-06 0.745658 0.0108906 
0.00168327 0.000104075 0.00802626 6.84498e-11 0.000194649 0.00024137 3.48139e-05 0.00535672 0.00525542 0.0292482 0.0963215 0.000378535 8.73429e-05 3.56557e-08 0.342532 8.4774e-05 3.73086e-07 0.00360758 0.0104627 0.00892014 0.000538339 0.000656354 0.0952145 5.44541e-08 0.390816 0.000235284 
7.79926e-08 3.81538e-07 0.0123711 3.33936e-07 4.10867e-07 6.03085e-07 0.00105524 2.02349e-07 0.0459858 0.0276445 0.00392831 0.00557596 0.0883721 3.93246e-07 0.0687727 0.00137518 0.000197128 0.000718063 0.123433 0.00175125 0.00124572 0.0034187 0.0207271 3.19806e-05 0.592918 0.000475919 
0.0560875 3.43477e-07 0.0062034 1.10249e-08 2.27813e-06 0.000151781 3.25565e-05 0.000219824 0.000787762 0.0139343 0.0296476 0.00307271 1.9774e-08 1.12183e-06 0.100401 0.00381224 1.16188e-05 0.000786102 0.0199716 0.01264 0.00278615 0.0750052 0.0128557 2.46784e-06 0.660343 0.00124372 
0.253043 4.64037e-06 0.122419 4.38291e-09 2.66661e-05 2.67227e-06 0.000142925 0.012494 0.0306068 0.0418096 0.00954049 0.0413849 2.88281e-05 0.000296508 0.035691 0.000469912 2.48221e-05 0.00605188 0.0527729 0.0287145 0.00201137 0.0140261 0.0641858 4.45821e-06 0.281996 0.00225117 
7.18216e-07 0.00118797 2.68894e-05 5.9542e-10 7.32591e-10 1.07532e-09 2.00328e-06 0.00180372 0.195126 0.00318508 0.00344728 0.00158329 0.000175738 1.01195e-06 0.0435822 5.0462e-10 1.42937e-10 0.000125496 0.00241121 0.0103079 0.000471774 6.58194e-05 0.0102803 1.20665e-07 0.724677 0.00153897 
0.0741533 0.000109999 0.0593319 8.00156e-11 7.27487e-09 0.000144454 0.000164441 0.0319224 0.0284892 0.00670035 0.0192997 0.000128427 0.0120974 9.42273e-11 0.100453 0.00352246 7.58265e-08 0.0191863 0.0440392 0.00190778 0.0526667 0.00421546 0.11106 2.18956e-06 0.430405 2.54729e-07 
4.37803e-06 0.00093454 0.00916708 4.37898e-12 9.45018e-07 4.48014e-05 0.000115045 0.00121309 0.0101794 0.000605265 0.138283 0.000547277 8.34738e-09 5.15674e-12 0.00422793 9.30927e-07 3.14087e-09 0.000535841 0.0015141 9.26338e-09 3.09393e-05 1.12474e-08 0.0214214 1.28966e-09 0.807748 0.00342602 
0.132592 0.000107003 0.00273076 1.79228e-08 0.00297788 0.00220987 0.000236363 9.52846e-06 0.0247325 0.0392603 0.00013693 0.131292 0.000205292 0.000653167 0.0174053 0.000201849 0.000559002 0.0383675 0.0856155 0.160619 0.0280632 0.00258789 0.0537429 9.62113e-09 0.27457 0.00112515 
0.000888366 2.0089e-11 0.0224771 1.75826e-11 0.000210432 9.55797e-09 5.95472e-09 0.0875383 0.0018616 6.67141e-09 5.76733e-08 3.63931e-06 5.22284e-08 2.07055e-11 2.31962e-12 2.68238e-07 5.06928e-09 1.36553e-07 4.42191e-08 0.00054076 3.3776e-08 0.00210081 2.12287e-07 3.93419e-08 0.884378 1.59354e-11 
0.00330376 1.89752e-05 0.317775 3.97673e-10 4.89289e-10 7.18196e-10 0.00032177 0.00327959 0.000669753 1.30898e-06 0.046454 5.92635e-05 1.73692e-10 6.2984e-08 0.00675919 0.000805521 5.90096e-07 0.00920966 0.005019 2.67606e-05 6.5429e-06 5.06831e-05 0.0123135 4.23519e-10 0.578165 0.0157602 
0.0190965 1.96668e-05 0.00678162 3.39647e-05 0.000884587 0.000263598 0.000397752 0.00327841 0.0442285 0.0093495 0.0658075 0.00447882 0.00135748 0.00199772 0.0342673 0.00715283 0.00010445 0.00208848 0.0371912 0.00598098 0.00226764 0.0059962 0.0366082 4.38394e-05 0.693779 0.016544 
0.00252483 2.23233e-05 0.0529879 3.26579e-09 0.00345646 1.11568e-05 4.41118e-05 0.0135045 0.00121722 0.0241959 0.123026 0.0926508 0.000291895 7.59368e-09 0.0265614 0.00271239 1.27015e-05 0.00760598 0.0166932 0.00376702 0.000969449 0.0239411 0.01498 6.37144e-06 0.584752 0.00406463 
0.0122447 0.000335691 0.152119 4.51881e-05 0.00723561 0.0010393 0.000855443 0.0169622 0.0139506 0.0217421 0.044217 0.00285899 0.00294339 5.03115e-06 0.0182655 0.000263924 0.000409524 0.0193451 0.0225952 0.00483165 0.0332316 0.00353626 0.0673692 4.02989e-06 0.513318 0.0402754 
0.0044105 1.11629e-05 0.0177893 1.59886e-09 2.24525e-06 6.13421e-06 1.00835e-05 1.70153e-05 0.0292793 0.0175485 0.0411782 0.00842507 0.000988389 1.88284e-09 0.000873486 2.04779e-08 7.01993e-06 0.00111574 0.00171652 0.0175921 0.00255152 3.02906e-07 0.00531411 1.70278e-09 0.843658 0.00750571 
0.0275223 5.7106e-05 0.0138491 1.57257e-08 0.000235863 4.26285e-05 0.000269578 0.0128002 0.00013237 0.00762193 0.168528 0.000276119 6.83191e-06 2.7547e-06 0.0197609 9.79397e-05 1.34219e-05 0.00196471 0.0206632 0.00879408 0.00060551 0.00231891 0.0409943 5.21387e-07 0.669514 0.00392718 
1.39322e-06 4.54068e-11 0.0174586 3.97416e-11 5.87256e-08 7.03449e-07 0.000306333 0.00618469 4.88675e-08 0.00831677 2.24235e-07 5.40597e-07 1.52767e-07 4.68002e-11 2.27598e-06 1.95384e-07 6.31583e-07 0.0391478 5.66948e-07 3.95466e-06 0.412215 0.0220633 0.00535605 4.23246e-11 0.445875 0.0430657 
0.000784399 2.82725e-05 0.12122 6.07068e-06 9.28207e-05 0.000326435 0.000116541 0.0170997 0.0783351 0.0168647 0.000154389 0.11313 0.00168 1.41585e-10 0.0592969 1.34089e-05 0.0876324 0.00328522 0.00559255 0.0105149 0.00341689 0.00162074 0.12049 8.5011e-05 0.358092 0.000121594 
0.0148128 0.00482473 0.03839 0.100236 0.000237069 0.0011052 8.7124e-05 0.335165 0.00844442 0.00644318 0.000318294 0.000539408 8.49929e-05 9.40085e-05 0.0168874 5.13681e-05 0.000112627 0.00810474 0.00308414 0.000818689 0.0127386 0.00211096 0.0269586 1.96691e-05 0.387436 0.0308957 
0.000158242 3.69707e-08 0.0509631 2.07127e-11 5.26134e-09 4.86156e-08 0.0124463 0.00165108 0.00189116 9.28515e-10 0.0828143 0.000678295 2.37683e-05 2.43916e-11 0.000507828 3.60829e-08 7.07395e-05 1.44593e-07 3.39418e-09 5.66238e-12 0.00280555 2.0121e-08 2.9467e-09 5.00119e-09 0.844247 0.00174244 
0.000590894 8.97137e-05 0.0516305 0.142232 6.53463e-11 0.00153602 4.46836e-08 0.0127327 0.0056453 0.0104451 3.78338e-06 0.00107703 1.08876e-05 6.25439e-11 0.0075493 0.000205127 2.97235e-05 0.0121574 0.0067186 0.00348744 0.0185558 0.00250976 0.0250486 9.06674e-06 0.440423 0.257312 
0.0017564 0.00874192 0.0221555 7.18322e-10 0.000536686 2.08125e-05 0.0005188 0.0453606 0.00274472 0.0216397 0.117028 0.00576183 0.0293984 3.66515e-05 0.00159546 0.000320756 8.09268e-06 0.0150839 0.00959077 0.00310013 0.0127223 0.00162428 0.0333323 5.15515e-09 0.666663 0.000259502 
2.31328e-05 0.000265626 1.14634e-08 0.000968553 5.29615e-08 7.77388e-08 3.63543e-08 5.48009e-05 7.2883e-05 4.80229e-09 6.47645e-09 0.000348072 1.88007e-08 5.06902e-08 0.12409 3.64807e-08 4.44438e-05 9.90254e-05 6.23315e-05 6.47328e-05 9.50338e-09 6.11575e-05 2.72814e-09 0.000114652 0.873419 0.000312139 
0.00321917 0.00267732 0.0248693 8.01285e-09 0.00231129 0.000127483 0.000451122 0.00408993 0.00801027 0.0170335 0.0319345 0.00703334 0.0148178 4.09985e-05 0.0151108 0.000146652 0.00124804 0.0148326 0.00959559 0.0105318 0.00646637 0.00309176 0.0167811 2.64692e-07 0.803804 0.00177483 
0.0124372 9.40775e-10 0.000676415 8.234e-10 0.0966202 7.19255e-08 5.74411e-05 0.000293818 0.000154751 6.78266e-06 0.199118 6.27115e-06 3.59636e-10 2.14291e-07 0.000597796 1.45356e-05 2.93114e-08 6.74293e-06 3.64543e-05 0.00153842 1.13515e-05 0.00113226 0.00212472 2.01557e-07 0.586756 0.0984105 
0.00664642 7.87024e-05 0.00764194 2.18962e-08 4.67891e-05 2.24758e-05 0.000413928 0.00019339 0.00951849 0.0390949 0.0427792 0.0652435 0.00292498 9.38051e-10 0.211307 0.00169104 1.37683e-05 0.0557876 0.0194951 0.0217341 0.0253455 0.0453217 0.0829749 6.53811e-07 0.358555 0.00316933 
0.00336164 3.63494e-05 0.00730004 2.02881e-11 3.52669e-09 0.000136817 0.0469927 0.00255054 0.000876492 0.00382016 0.0404709 5.72054e-05 0.000614457 2.38915e-11 0.00726202 6.14433e-09 1.1906e-05 0.00326106 0.000546071 0.000107272 0.000115648 7.67047e-05 0.00446223 8.92589e-10 0.877834 0.000105847 
0.0139001 0.00155566 0.00369141 9.24323e-05 0.000207425 0.00380594 0.000188405 0.00771036 0.0445353 0.0184064 0.0227975 0.130875 0.00398597 9.53292e-05 0.0254058 0.00147042 0.000310268 0.0369023 0.0743574 0.00237195 0.0198006 0.0484026 0.0635459 3.76336e-05 0.474266 0.00128223 
0.00665737 0.000162502 0.0109405 5.37813e-07 0.00280034 0.00499558 0.00155824 0.0348738 0.00859003 0.00908815 0.0229773 0.00472667 0.000268594 0.000428271 0.0391601 0.000191304 0.000524984 0.0134243 0.0142767 0.0094832 0.000475082 0.00217755 0.0144757 0.000383055 0.779239 0.0181207 
0.00221887 0.000145218 0.0258408 1.80583e-09 4.34399e-05 0.00952967 0.000462136 0.0165389 0.00417744 0.0453645 0.273325 0.00295518 0.00966466 2.68868e-05 0.00717981 0.00499506 0.0373995 0.00777339 0.0097263 0.00532078 0.0187772 0.0101719 0.103111 0.00119812 0.403867 0.000186582 
0.00950771 0.00525704 0.00516655 9.56809e-11 1.17724e-10 1.72799e-10 8.08088e-11 4.11704e-07 0.205356 0.217843 5.72972e-07 6.18245e-07 2.88396e-07 1.12675e-10 1.67897e-07 5.19056e-07 2.06745e-07 0.00383021 0.225903 0.0146074 6.422e-07 0.00716623 0.0637302 8.45868e-07 0.241628 3.29612e-07 
0.000816355 0.00290249 0.000654553 3.67683e-09 2.39829e-07 6.02085e-06 0.000313508 0.00248949 0.10655 0.0265946 0.00368625 0.00352728 0.000238796 1.93527e-05 0.1801 2.11707e-06 6.64284e-07 0.00148609 0.0300771 0.058254 0.0076289 0.00271567 0.258702 1.47538e-05 0.312889 0.000331793 
0.000387336 0.0616862 0.00393656 1.3661e-06 0.000147073 3.47804e-07 0.00133539 0.00149484 0.18141 0.0174997 0.0611434 0.0100551 1.96004e-05 4.16697e-07 0.0103851 7.71639e-07 4.08227e-05 0.000478326 0.0124805 0.00119633 0.000660335 0.00120802 0.0234848 1.46812e-05 0.608417 0.00251536 
0.00248521 0.000288067 0.0385132 7.47415e-06 2.47535e-06 0.0001749 2.84229e-05 0.0020772 0.0993415 0.00673794 0.0189655 0.00810608 2.24009e-05 0.00103674 0.00435142 0.000715349 2.87531e-05 0.00411513 0.0114467 0.00149414 0.00359596 0.000410342 0.0237994 5.39959e-08 0.751499 0.0207565 
0.0102815 3.15226e-05 0.0274498 0.000233359 0.00213366 0.00114692 0.000872435 0.00389898 0.0026942 0.00759756 0.00503734 0.00688868 0.000537532 1.93605e-08 0.0492429 0.000191283 0.00298147 0.013286 0.00319599 0.0118853 0.00410097 0.0025711 0.0151887 3.94087e-05 0.828284 0.000228855 
0.0470816 0.000957203 0.0458573 0.00656785 0.005213 0.00230779 3.30101e-07 0.00310436 0.0420287 0.0117314 0.0132178 0.00505431 3.30299e-07 3.29941e-07 0.091633 0.00462173 0.002247 0.191769 0.0591483 0.0194265 0.0451663 0.0403723 0.104167 0.000825318 0.253442 0.00406021 
0.132592 0.000107003 0.00273076 1.79228e-08 0.00297788 0.00220987 0.000236363 9.52846e-06 0.0247325 0.0392603 0.00013693 0.131292 0.000205292 0.000653167 0.0174053 0.000201849 0.000559002 0.0383675 0.0856155 0.160619 0.0280632 0.00258789 0.0537429 9.62113e-09 0.27457 0.00112515 
6.11458e-08 4.12578e-07 0.0211106 1.56534e-10 1.92596e-10 2.82699e-10 1.37001e-07 0.166806 8.67005e-08 5.03295e-07 5.67552e-05 3.75016e-07 6.83692e-11 1.84336e-10 4.80421e-06 1.32663e-10 2.98158e-08 3.59545e-07 2.96255e-06 1.64245e-06 3.25609e-08 2.10135e-07 0.000323861 2.0273e-07 0.811659 3.28654e-05 
0.0134106 0.00182049 0.0547536 1.07205e-05 0.00177453 0.00135986 0.00579778 0.0309529 0.0215812 0.0175413 0.0669502 0.00857686 0.00232624 0.00293398 0.0274948 0.00119001 0.00035891 0.0127048 0.0186711 0.0155285 0.00835676 0.0134433 0.0581018 4.68427e-05 0.590705 0.0236079 
0.0570997 1.2764e-09 0.0864896 3.65122e-05 0.0107771 0.0200862 0.000143862 0.00141702 0.0225438 0.114659 0.000208899 0.000567194 0.000661322 0.00104149 0.138632 0.000135146 2.85696e-06 0.0495595 0.0579487 0.00214018 0.0291455 0.0058364 0.0794434 0.00010582 0.320439 0.000879749 
0.0234532 0.000271961 0.04744 1.9113e-07 0.00174855 0.000532816 0.000211379 0.0326216 0.011677 0.0110507 0.0578825 0.0264316 0.004617 0.0039838 0.0339079 0.00185726 0.000399642 0.00434771 0.0257814 0.00498398 0.0204536 0.0137992 0.0402587 1.1629e-06 0.63182 0.000466851 
0.00350984 2.90589e-06 0.0128545 1.87397e-06 6.50994e-10 9.55553e-10 4.46861e-10 0.000218887 0.0001751 0.000606943 0.0337872 1.99918e-10 4.34917e-06 2.60618e-07 0.000391458 5.93293e-06 2.80343e-06 0.00264365 0.000174263 2.13077e-07 9.41173e-05 4.79657e-05 1.56529e-07 5.63489e-10 0.945477 4.46465e-07 
0.0276383 0.000156132 0.0761039 0.0054951 5.21012e-06 1.40731e-06 0.00273348 0.00252679 0.26258 0.0265036 0.00326313 0.00778769 4.41801e-05 7.98854e-07 0.0754097 0.00174636 0.000949713 0.0399488 0.0261158 0.00742382 0.00142602 0.00068521 0.108696 1.13239e-07 0.321827 0.00093042 
1.9245e-05 4.91618e-06 0.025516 1.10865e-06 0.0126542 5.37909e-09 0.0869039 1.80481e-09 0.120768 0.00214568 0.000310712 1.1254e-09 5.75001e-06 3.50747e-09 0.0970796 1.63526e-05 4.72588e-07 0.00717129 0.00229533 4.76988e-06 0.0404165 0.00787953 0.0505962 6.26278e-07 0.54621 2.69944e-09 
0.00275184 5.10535e-07 0.0186232 3.22122e-11 1.59833e-05 1.72701e-05 1.79181e-05 0.000354965 0.0046198 0.0344634 0.00211759 0.000353074 0.0263373 1.28786e-07 0.0150091 0.000593807 9.51242e-07 0.0201583 0.0260701 0.000328122 0.0214348 0.00628541 0.0573555 6.45586e-08 0.763056 3.51615e-05 
0.00103885 7.94707e-06 0.00991078 7.73849e-08 8.78517e-08 9.7796e-05 0.000147557 0.000628647 0.00270101 0.00443048 0.000289321 0.000445051 0.000213727 7.9894e-11 0.0265261 5.487e-06 2.27757e-05 0.000531414 0.00157065 0.00169178 0.00196302 0.000537453 0.00785711 2.22284e-07 0.939357 2.57612e-05 
0.00734578 1.34397e-07 1.10217e-06 0.211433 1.32678e-09 1.94749e-09 9.10735e-10 3.60986e-06 0.129586 0.122019 1.62246e-10 0.00517352 0.0139267 1.26987e-09 0.0597693 9.13903e-10 3.21677e-07 3.2356e-06 0.0358764 2.94795e-10 0.000868004 0.159262 0.0422991 4.97584e-07 0.212392 3.9456e-05 
1.54537e-11 9.14826e-07 0.00552995 6.61671e-11 8.22247e-09 8.72451e-07 5.58825e-11 3.72916e-07 0.251692 0.0454932 1.22461e-07 0.00496019 2.88998e-11 1.50392e-06 8.49361e-07 0.0216546 6.03754e-08 1.18693e-06 0.0632886 0.0722398 0.136325 0.00547781 0.040492 3.31203e-06 0.351962 0.000876314 
0.00944568 8.54806e-05 0.0296995 3.08129e-08 6.04185e-11 1.5889e-06 0.000174858 0.0415574 0.0045005 0.0132399 0.0123162 0.012444 7.53837e-07 8.70464e-05 0.0174429 0.000205047 3.687e-06 0.00708776 0.00417447 0.0006973 0.0106245 0.00411581 0.0130538 5.22971e-11 0.616277 0.202765 
0.00335104 0.000579996 0.19826 2.59495e-06 0.0030959 0.00188398 0.00220868 0.0633897 0.0174613 0.0206424 0.0501684 0.00631506 0.00200301 0.00551704 0.0508056 0.00212911 4.40681e-05 0.0143525 0.0137564 0.00752462 0.0107235 0.00278086 0.0464456 1.36664e-06 0.469064 0.00749316 
2.54826e-05 4.03163e-06 0.182428 1.31981e-05 2.06191e-05 0.0104239 0.00181988 0.000958541 0.00263981 0.0107795 0.039896 0.000292911 0.128029 4.71086e-05 0.000182682 0.000236144 9.59065e-05 0.00251028 0.0101423 0.0369493 0.00663338 0.00119153 0.0155014 1.28015e-08 0.52538 0.023799 
7.63811e-06 0.0167892 0.0404876 7.62956e-06 7.62698e-06 7.62056e-06 0.132029 7.63393e-06 0.121459 0.0603594 7.63903e-06 0.0244444 7.63585e-06 7.62757e-06 7.63924e-06 7.63126e-06 7.63803e-06 0.118402 0.0168135 7.63767e-06 0.0534753 7.63765e-06 0.0229276 7.62885e-06 0.392699 7.6306e-06 
0.00646989 4.83921e-06 0.0782946 1.09558e-10 0.00143185 0.000320246 0.00020399 0.00303974 0.000455199 0.00952549 0.063782 0.000331664 0.00177533 1.4928e-08 0.084205 0.000550452 4.01353e-05 0.00298032 0.00947382 0.00436124 0.019764 0.0243338 0.0101375 1.10518e-06 0.469816 0.208702 
0.000918659 0.110514 0.0232178 4.41865e-09 0.00102762 3.85826e-06 0.00272321 0.000394173 0.00440302 0.0515473 0.0835348 0.0227803 0.0017944 9.44839e-07 0.000120545 0.00102256 7.66263e-08 0.0261576 0.0133869 0.000254768 0.00144943 0.000242241 0.0616177 6.53112e-11 0.590259 0.00262877 
0.00640926 0.19964 0.00461802 3.25298e-09 3.56505e-11 4.9225e-06 0.000412214 0.0659339 0.0134131 0.0120354 0.0153516 0.00390091 3.26011e-08 3.41216e-11 0.0376172 5.50776e-08 0.000268675 0.00900721 0.0115058 0.0105881 0.00504867 0.00998307 0.0582145 0.000475328 0.53549 8.20201e-05 
0.00120375 2.50793e-07 0.00576051 1.00064e-10 3.30271e-07 0.000368377 0.0107147 0.000254923 0.0082347 0.0217474 0.0447701 0.0245152 5.40009e-05 0.00697152 0.00149545 1.53013e-05 2.69371e-05 0.000324562 0.0106636 0.000924457 0.00133968 0.000475637 0.00960541 1.06567e-10 0.847104 0.00342955 
0.00264838 0.000195021 0.0302553 3.22878e-09 2.48581e-08 2.35496e-05 0.000381054 0.0011136 0.0901949 0.0773206 0.0100173 0.00134562 0.00146376 2.03578e-11 0.100545 0.000170469 0.000303179 0.00135413 0.0619368 0.000420834 0.0407258 0.000544527 0.202685 3.64829e-06 0.376351 8.92051e-08 
0.0376079 1.06713e-05 0.0268719 2.23541e-05 0.000135743 0.0304782 0.00102624 0.000189963 0.0182526 0.0230682 0.0328168 0.00103513 0.00150211 1.55541e-06 0.00319816 0.000785537 2.39891e-05 0.0093869 0.0113249 0.00585207 0.00337995 0.0184716 0.0312765 6.76845e-05 0.742852 0.000361162 
0.00259381 1.00273e-09 0.0194309 8.77621e-10 1.87927e-05 8.10096e-05 0.00745005 0.000844 7.65886e-05 0.00147721 0.0767342 0.0137971 3.83318e-10 7.81658e-07 0.0254846 2.83076e-06 0.000201965 0.000305056 0.00303757 0.00281953 0.00087848 0.000365317 0.0305352 3.27001e-07 0.813865 7.95406e-10 
0.00734578 1.34397e-07 1.10217e-06 0.211433 1.32678e-09 1.94749e-09 9.10735e-10 3.60986e-06 0.129586 0.122019 1.62246e-10 0.00517352 0.0139267 1.26987e-09 0.0597693 9.13903e-10 3.21677e-07 3.2356e-06 0.0358764 2.94795e-10 0.000868004 0.159262 0.0422991 4.97584e-07 0.212392 3.9456e-05 
1.11961e-07 3.50144e-07 0.0083911 1.64565e-10 0.000123315 1.15102e-07 0.000934419 2.0224e-06 0.20968 0.103226 0.019985 1.14189e-06 1.03093e-06 1.93794e-10 0.00250352 8.9571e-07 3.95056e-11 0.00493598 0.0045381 1.09662e-07 0.00559742 0.00298166 0.0265089 1.32352e-06 0.608857 0.0017298 
0.121654 0.000150777 0.0257677 2.97391e-06 1.71411e-06 1.0739e-07 3.34604e-06 7.91015e-05 0.00912168 0.16548 0.0413491 9.63519e-05 0.00338054 2.82829e-05 0.00483643 0.0115358 0.000821425 0.180905 0.0113678 0.000518532 0.0699868 0.0135152 0.0650393 1.54657e-05 0.269416 0.00492724 
0.00201139 0.0490918 0.0260765 1.44172e-07 4.62374e-07 0.000162622 0.00466984 0.00397189 0.243119 0.0185728 0.0306101 0.027542 2.29757e-07 0.00126705 0.00928936 0.000234486 0.000274917 0.00322222 0.0242026 0.00134258 0.000105315 0.00161389 0.0652546 3.25959e-05 0.479027 0.00830435 
2.74866e-06 0.00762636 0.019628 2.55256e-07 0.000103766 1.55598e-05 0.0959138 0.0731574 0.0281537 0.0139068 0.00623233 0.00221031 0.00100893 2.914e-09 0.00453747 0.000156804 2.59901e-05 0.00262824 0.00220986 0.0159276 0.00139892 6.9803e-05 0.00530192 3.38533e-07 0.698379 0.0214047 
0.0959342 0.000515133 0.0513749 7.5142e-05 5.6977e-08 3.05742e-06 0.00342157 0.0166568 0.025499 0.0220042 0.00279494 0.0221333 0.00215456 0.000279202 0.0780809 0.00766722 0.000143212 0.00907484 0.131358 0.00712774 0.00394832 0.0758104 0.140474 8.57569e-07 0.293411 0.0100584 
0.0616439 4.60611e-07 0.0339173 1.17756e-08 3.12625e-06 4.80129e-06 0.000346079 0.00218287 2.70447e-07 0.00612402 0.0382654 2.12476e-05 1.84878e-08 1.01221e-06 0.123518 0.000905035 1.60257e-06 0.000581024 0.0151054 0.00550261 0.00304096 0.057879 0.0209557 3.42719e-06 0.627022 0.00297466 
0.0187125 0.00178058 0.0614495 8.60742e-06 0.000625691 0.000410888 0.00220325 0.0211873 0.0319804 0.0151651 0.0955244 0.00676533 0.00546559 0.000681829 0.0444724 0.00219784 0.00108622 0.00917693 0.0280035 0.00599628 0.0147599 0.0069358 0.101097 1.97617e-05 0.482875 0.0414185 
0.000954752 0.0266143 0.0323388 0.0191811 1.07843e-05 7.29521e-06 0.00115364 0.00318892 0.0910872 0.0195315 0.0558451 0.0900185 0.00395554 2.96169e-11 0.00943155 0.000165086 3.00545e-05 0.0219468 0.004817 5.55376e-05 0.00846934 0.00375962 0.0817342 5.97369e-05 0.525498 0.000145367 
0.0013672 0.000101984 0.0679106 2.98295e-07 0.0001919 0.00198642 7.14865e-06 0.00351197 0.0443496 0.0173902 0.242258 0.00262028 0.00055144 6.12938e-07 0.0147685 0.000540017 0.000253579 0.0295563 0.0290216 0.0218482 0.00274015 0.00136429 0.0373067 5.02524e-08 0.478867 0.00148534 
0.00403599 0.00113785 0.0090708 5.70837e-08 8.12353e-09 2.21776e-07 0.000128649 2.56557e-05 0.0164167 0.0035868 0.00164357 0.0461554 0.00359629 1.52669e-07 0.026378 0.000148569 2.91344e-05 0.00157896 0.000222417 0.00502545 0.00154849 0.00044678 0.0206575 1.2317e-09 0.857434 0.000732948 
1.53539e-05 1.53336e-05 1.53532e-05 1.53368e-05 1.53316e-05 1.53187e-05 1.53402e-05 1.53456e-05 0.36085 0.0537638 1.53558e-05 1.53507e-05 1.53494e-05 0.0122815 1.53562e-05 1.53402e-05 1.53538e-05 1.53544e-05 0.0691163 1.53531e-05 1.53542e-05 1.5353e-05 1.53577e-05 1.53353e-05 0.439243 0.0644386 
6.02889e-06 0.0130864 0.00257947 7.70871e-11 1.1108e-06 1.02224e-06 7.11598e-05 0.00361191 0.00602807 0.00130948 0.195953 0.170868 0.0045599 1.12092e-07 0.00275155 8.39683e-06 0.000232749 0.000861594 0.00060632 1.97308e-05 3.23283e-05 9.85161e-06 0.0103365 4.28282e-08 0.586635 0.000429988 
0.00201645 0.00256634 0.0226961 1.42285e-08 6.46687e-05 0.000196083 0.00489337 0.0113058 0.00630366 0.00676831 0.0194032 0.00374041 0.00118836 2.28627e-06 0.00701589 1.23864e-05 1.39293e-05 0.00130446 0.0190195 0.00127929 0.00163642 0.00018238 0.0321058 2.38473e-08 0.850238 0.0060471 
0.0149486 0.00414742 0.229189 7.54096e-07 0.00565457 7.53206e-07 7.54266e-07 7.54528e-07 7.54976e-07 7.55074e-07 7.55032e-07 7.54782e-07 7.54718e-07 7.539e-07 0.0123081 7.54264e-07 7.54933e-07 0.0407688 0.0468881 7.54897e-07 7.54954e-07 7.54896e-07 0.0126114 7.54025e-07 0.633471 7.54199e-07 
0.00128938 7.88196e-05 0.0193782 1.07375e-08 2.64416e-06 7.20332e-05 3.49582e-05 0.000161773 0.00312014 0.036562 0.106561 0.0479095 0.0166493 0.00370085 0.00292693 9.77856e-05 0.00025663 0.00169716 0.045573 0.000574987 0.00259531 2.45511e-05 0.094623 1.14354e-08 0.612095 0.00401456 
4.80212e-06 4.78241e-07 0.224546 0.0066072 2.80511e-06 1.82433e-06 4.51002e-07 8.2194e-07 0.01443 0.0101156 8.68385e-07 8.34179e-07 1.3802e-06 1.69914e-10 0.0227029 1.71209e-06 2.3557e-07 0.277486 0.000791215 2.31938e-06 0.0696787 0.0216796 0.0245035 3.84314e-07 0.327439 1.6086e-06 
0.179917 1.35569e-09 0.004142 3.83773e-07 7.07546e-07 1.82683e-06 0.0027327 0.0023585 0.0106544 0.00818041 0.00325642 0.000483154 0.000547764 1.39729e-09 0.0130269 4.55661e-06 0.000234325 0.00073779 0.20052 3.24374e-10 0.0111288 0.00179453 2.51215e-06 7.14301e-07 0.559857 0.000417347 
0.0211593 1.25295e-07 0.155839 0.000133556 3.45049e-08 1.04286e-07 0.00158524 0.000572548 0.000135697 0.00232878 0.00229796 9.82091e-05 0.000223728 2.15048e-10 0.00988208 2.21365e-06 1.32627e-06 0.0131916 0.00152219 0.0175151 0.0411396 0.00984567 0.0330996 4.562e-06 0.688565 0.000857321 
0.00179341 7.67063e-11 0.0387672 1.82816e-07 1.47764e-07 2.1054e-07 0.00133119 0.0323744 0.0197934 0.00341193 0.0175606 7.18378e-08 5.29983e-06 0.015957 0.0024077 1.13644e-07 0.000174994 1.01825e-06 0.0122482 1.35044e-06 9.08982e-08 0.00077496 0.0497281 4.38657e-08 0.802942 0.000726368 
1.39322e-06 4.54068e-11 0.0174586 3.97416e-11 5.87256e-08 7.03449e-07 0.000306333 0.00618469 4.88675e-08 0.00831677 2.24235e-07 5.40597e-07 1.52767e-07 4.68002e-11 2.27598e-06 1.95384e-07 6.31583e-07 0.0391478 5.66948e-07 3.95466e-06 0.412215 0.0220633 0.00535605 4.23246e-11 0.445875 0.0430657 
0.00340076 0.000200236 0.00631912 2.61007e-05 0.00040358 0.00100393 2.10986e-05 0.00215053 0.175656 0.0220906 0.207844 0.00403433 0.0099152 1.30908e-05 0.0481154 9.6992e-05 1.53935e-05 0.0368814 0.0159635 0.00287236 0.0109457 0.00533723 0.163502 1.49617e-06 0.282386 0.000803545 
0.016212 0.0113427 0.00699656 7.98397e-07 0.0157415 4.87855e-06 0.00021129 0.00259486 0.0887155 0.0785711 0.00799717 0.0138683 0.0150148 0.00111169 0.0773119 0.00033741 0.00170344 0.0157055 0.105683 0.0105075 0.0143452 0.00501769 0.215057 7.0035e-05 0.295366 0.000513261 
0.0233661 1.47769e-05 0.0365932 4.26004e-08 4.24854e-06 9.63754e-10 0.00227098 0.00160558 0.0373982 0.0097818 0.00544356 0.000344116 0.000938418 6.28423e-10 0.15156 1.58362e-06 7.51451e-08 0.022882 0.00971628 0.019734 0.0482457 0.0212581 0.133869 5.68325e-10 0.474919 5.32075e-05 
0.0213644 1.32848e-05 0.0899471 1.55864e-10 0.00302404 0.00133737 7.70413e-05 0.00589568 1.73707e-05 0.00664858 0.0134029 0.000644463 0.000244665 7.05492e-05 0.108186 0.00037924 3.34444e-05 0.00267257 0.0117133 0.00562212 0.0112652 0.0211303 0.0124569 2.16634e-07 0.550958 0.132895 
0.0947946 0.000452976 0.0510756 0.00814765 0.0322936 0.000201893 0.000353429 0.005952 0.0589522 0.0828282 0.000785401 0.00270831 0.00921048 2.6352e-07 0.179429 5.04977e-06 1.32902e-07 0.0168328 0.0290502 0.0011694 0.0387964 0.003724 0.0734981 2.30579e-05 0.301012 0.00870312 
0.000677052 1.1297e-10 0.0219545 9.88753e-11 7.84043e-07 5.14866e-05 0.00772845 0.00994962 0.00429213 0.00940523 0.165782 4.52381e-06 3.37944e-05 2.3654e-07 0.000559227 0.000707611 3.22904e-08 0.00012088 0.0401249 2.44944e-07 0.00785534 0.00542324 0.0184441 1.05302e-10 0.411207 0.295678 
0.00936643 4.88575e-06 0.0782966 8.68026e-05 0.00386402 2.46782e-05 0.000668655 0.000183437 0.0188115 0.0039178 0.00317579 0.0041507 0.000120785 2.27864e-06 0.054896 0.00560967 7.51344e-06 0.0161058 0.0538468 0.00171496 0.00478627 0.000845655 0.0627695 1.23901e-08 0.675257 0.00148656 
0.0241032 1.36247e-05 0.0148249 1.16052e-10 6.44255e-08 5.81079e-06 0.000222416 0.0008555 0.00782565 0.00169279 0.190208 0.000113505 5.06879e-11 8.1035e-07 0.160947 0.00288981 1.38656e-05 0.00170658 0.0059449 0.00606813 0.00271631 0.0165709 0.028141 1.55028e-08 0.531256 0.00387834 
0.0100111 7.54273e-05 0.00412072 2.37949e-07 0.014024 2.41681e-05 0.00101706 0.0019307 0.0296472 0.10064 0.00161662 0.0219728 0.125543 0.03117 0.0286856 7.92567e-05 0.00431847 0.205787 0.0402913 0.0241431 0.0221608 0.00552315 0.0563069 0.000269002 0.265605 0.0050369 
8.61002e-05 2.68185e-06 0.0425092 1.9204e-06 7.92079e-06 0.00265579 0.000162719 0.0123588 0.0653433 0.0162804 0.0121987 0.000735719 0.000977797 3.03575e-07 0.00833722 7.78372e-05 9.78795e-06 0.0196727 0.0228193 0.00412806 0.006813 0.00261456 0.0468077 2.49522e-06 0.733947 0.00144868 
1.37245e-06 5.59035e-09 0.00011532 4.89287e-09 8.36853e-05 0.00547951 4.13235e-09 2.96485e-09 8.36253e-05 3.01871e-05 0.000127874 1.84875e-09 2.9066e-05 5.7619e-09 6.45501e-10 4.14672e-09 1.17458e-09 1.03258e-09 3.39313e-05 0.0549277 0.0889935 1.33661e-09 3.64065e-05 6.77464e-05 0.849957 3.28198e-05 
0.000509283 0.00359661 0.000616219 3.13415e-07 2.22873e-06 0.00644282 0.000282443 0.000859238 0.0103569 0.00206603 0.0139368 0.0121129 0.000356059 8.47664e-08 0.00330076 0.00334103 2.03144e-05 0.000649094 0.000500756 0.00829435 0.00124129 2.5609e-05 0.0112089 1.10311e-05 0.920144 0.000124413 
0.0235846 0.0990082 0.0120678 1.31505e-06 0.000143921 4.96446e-07 0.00525834 0.00103598 0.340252 0.00428529 0.000975825 0.00326639 3.73244e-08 9.30389e-07 0.0239995 0.000243973 0.00124274 0.0239601 0.0071585 0.0172785 0.0261774 0.00421615 0.0571108 1.36941e-06 0.348615 0.000114923 
0.000888366 2.0089e-11 0.0224771 1.75826e-11 0.000210432 9.55797e-09 5.95472e-09 0.0875383 0.0018616 6.67141e-09 5.76733e-08 3.63931e-06 5.22284e-08 2.07055e-11 2.31962e-12 2.68238e-07 5.06928e-09 1.36553e-07 4.42191e-08 0.00054076 3.3776e-08 0.00210081 2.12287e-07 3.93419e-08 0.884378 1.59354e-11 
0.0232506 0.0122116 0.0158702 7.26014e-10 6.07671e-05 4.63225e-05 0.000181725 0.00562224 0.0307581 0.0538898 0.0414707 0.00464071 0.000508599 0.00588261 0.0491881 0.00297349 0.000219968 0.0074004 0.0774756 0.00419878 0.00275758 0.0139664 0.237895 1.034e-05 0.367706 0.0418142 
0.0401439 3.01822e-06 0.0164358 1.29205e-06 5.07227e-06 6.68822e-05 1.91545e-07 6.99996e-05 0.341621 0.0134468 0.00100622 0.116472 4.69889e-05 3.22531e-09 0.0138796 0.00209076 4.48032e-08 0.0116574 0.0006053 0.0154864 0.0026764 0.0191343 0.0354747 1.02147e-05 0.36953 0.000135423 
0.0482478 0.000657814 0.0529653 1.49541e-06 0.00412938 1.68229e-05 0.0010529 0.0125348 0.0340834 0.0575022 0.0419744 0.00293231 0.044304 0.014074 0.114865 0.00131986 0.0112948 0.0202956 0.0538637 0.00468661 0.0203031 0.00557899 0.0459374 2.29063e-05 0.402768 0.00458671 
0.0199715 0.0175756 0.00232987 1.17942e-10 1.45113e-10 5.64415e-07 3.23826e-07 1.0134e-06 0.013621 0.0115259 0.000438435 0.00408549 0.0195757 0.0934414 0.00901997 3.43592e-07 3.25393e-05 0.00541552 0.0606448 0.00309557 0.0119161 5.97421e-07 0.195637 1.51689e-06 0.531657 1.2733e-05 
0.0174184 9.35383e-05 0.0269711 2.73699e-06 1.11734e-05 7.85336e-06 0.000221952 0.298861 0.0103648 0.00727532 0.0782558 0.00562826 0.00368694 0.0044497 0.0302072 0.00273587 0.00807203 0.0053288 0.00638794 0.00709671 0.0338062 0.00511079 0.0490862 0.000177671 0.380626 0.0181154 
0.00089179 7.45082e-07 0.0114373 2.73836e-09 2.83967e-07 8.09976e-06 8.96232e-06 8.1987e-05 9.891e-05 0.0025707 4.12007e-10 2.05409e-07 0.0296378 2.28715e-05 0.000627325 4.08507e-05 6.57371e-10 0.0295633 0.00141116 0.000222394 0.0419944 0.00337858 0.00324615 2.91633e-09 0.874756 1.5827e-07 
0.00246004 0.0917825 0.0119005 1.92493e-10 1.04799e-05 0.0100452 0.0146858 0.00779004 0.157918 0.0232924 0.0121701 0.0255371 2.53812e-07 3.11665e-05 0.0487978 2.07111e-06 6.80506e-05 2.42134e-06 0.103757 0.00329696 0.0578516 0.0190841 0.108476 1.30957e-05 0.301027 9.0874e-08 
0.00129396 9.8976e-07 0.0128198 2.01617e-11 2.48066e-11 1.20951e-05 1.37763e-05 9.36115e-09 0.000158094 0.00412778 3.03349e-12 3.08098e-08 0.0476013 2.36082e-07 0.000228935 6.44143e-05 4.84003e-12 0.0133762 0.00226421 0.00035594 0.0131302 0.00330529 0.00521444 2.14721e-11 0.896032 9.80212e-09 
0.126607 8.03923e-09 0.076978 7.03622e-09 0.0019163 6.97199e-06 5.84558e-07 0.0270222 0.00451972 0.14392 0.159689 0.00016205 0.0953445 8.28593e-09 0.00590886 0.000697085 1.79439e-05 0.0211767 0.0167003 0.00030783 0.00964547 0.00252998 0.0638297 6.09348e-07 0.242347 0.000672759 
0.000793189 0.00100061 0.0476105 5.37714e-10 2.30723e-06 9.71108e-10 0.0275514 0.0138945 0.0845061 0.0247564 0.0036994 0.00934339 0.000583574 0.0193402 0.00668775 0.000566662 3.19796e-05 0.00222416 0.0510947 0.0412436 0.146252 0.0103916 0.116049 5.72662e-10 0.391407 0.00096895 
