0.0107567 6.81139e-05 0.0641996 1.77793e-08 2.12915e-05 7.39665e-05 0.128851 0.000355312 0.00356328 0.00829516 0.00452168 0.00114478 0.196756 5.44648e-09 0.000859438 0.000216424 0.000191418 0.00378324 0.00109927 0.0048128 0.0103754 0.0464301 0.0564549 1.19847e-07 0.454686 0.00248365 
0.00351649 0.0255657 0.0607153 7.29127e-08 3.36613e-05 5.40768e-05 0.000495102 0.0103989 0.158997 0.0860396 0.0766032 0.0111868 0.00721617 0.000431151 0.0887202 0.000176534 0.000122623 0.0122508 0.0161961 0.00402202 0.00830988 0.00406546 0.144376 1.61787e-05 0.278219 0.00227213 
0.0140356 4.20949e-05 0.00825733 3.90244e-10 4.11956e-06 8.19296e-06 0.00058232 2.36469e-10 0.0262471 0.0364576 0.00281087 0.0118654 0.019356 0.00162464 0.130203 1.81921e-06 8.48821e-07 0.0102821 0.0377232 0.00083589 0.151488 0.0295899 0.0158327 3.62325e-07 0.263791 0.23896 
0.0289288 9.48537e-05 0.00229569 1.8475e-08 0.00265062 8.57852e-06 8.84302e-05 0.0844196 0.000886533 0.00931769 0.0138469 0.00479997 4.59811e-05 6.3112e-05 0.0136108 0.000180538 0.00191897 0.00408311 0.0259132 0.0200551 0.00402501 0.00234042 0.0238681 8.93089e-06 0.745658 0.0108906 
1.10945e-05 1.26669e-07 0.0023211 8.19676e-12 0.000399968 3.13413e-06 1.55922e-05 0.0158423 0.000142498 0.000840322 0.310896 0.00489175 4.3758e-09 2.94695e-05 0.00835984 3.26574e-07 2.6045e-05 0.00124205 0.00124181 1.16385e-05 8.37295e-05 6.03181e-05 0.0196466 5.75232e-07 0.633934 4.14869e-08 
0.0240645 8.04878e-07 0.00711369 2.98584e-08 0.015016 0.00129214 0.0188796 3.0313e-05 0.000641632 0.0819862 0.00696068 0.00012049 4.84818e-05 3.45043e-05 0.122797 2.2214e-05 8.1714e-07 0.00851855 0.0878162 0.129434 0.0137061 0.0058226 0.0280128 3.1799e-08 0.447577 0.000103299 
0.0203072 0.00943092 0.172214 8.81868e-10 0.000368077 6.8861e-05 0.000478177 0.00481072 0.0177543 0.0137383 0.00229353 0.0139472 0.00229126 1.0385e-09 0.0164832 1.93628e-06 7.06037e-06 0.0166328 0.0117057 0.00841972 0.038249 0.00222098 0.00287309 0.000114388 0.645037 0.00055336 
8.22944e-05 0.000470588 0.0208926 4.26786e-07 7.23126e-05 0.000397828 7.56882e-05 0.0196835 0.113596 0.0264218 0.11985 0.155639 0.00266614 0.000180806 0.012089 0.000696146 0.000117453 0.0090909 0.00891043 0.00283867 0.00114408 0.000292942 0.105696 4.44894e-06 0.398121 0.000969336 
0.0232352 2.41687e-06 0.0108923 2.41737e-06 2.41656e-06 2.41452e-06 2.41792e-06 2.41876e-06 0.00363271 0.064872 0.0208176 2.41957e-06 0.0123412 0.000244091 0.019608 2.41791e-06 2.42006e-06 0.0384827 0.0137985 2.41994e-06 2.42012e-06 0.00944016 0.106512 2.41715e-06 0.676092 2.4177e-06 
0.00498498 0.00119497 0.141583 0.000112909 0.000473049 0.000895946 0.00105692 0.0215579 0.0303454 0.0144523 0.0385572 0.0145394 0.00811668 0.00210848 0.0125208 0.000330301 6.23904e-05 0.0109591 0.0150136 0.00422352 0.00680002 0.00337622 0.062746 2.235e-05 0.600147 0.00381877 
0.0305989 0.000103955 0.0835774 4.21083e-07 1.38107e-05 5.1158e-07 5.18572e-05 4.48514e-06 0.119777 0.0151557 0.00667904 0.000379008 0.00249169 9.53948e-10 0.00469083 1.0842e-05 1.50765e-06 0.0360641 0.173389 5.44897e-05 0.0820102 0.0122146 0.153168 1.5127e-07 0.266589 0.0129735 
0.0169035 5.61733e-08 0.0175815 3.75171e-09 4.61602e-09 6.77557e-09 1.58143e-05 0.000222055 0.0426049 0.00135268 0.0280398 0.00156642 0.0222686 4.22072e-07 0.00954602 6.71261e-06 1.63855e-05 0.0332921 0.000960443 0.00117046 0.00821074 0.00422503 0.133134 3.99555e-09 0.678881 1.74579e-06 
0.000645139 0.00192827 0.044574 4.17339e-08 3.51644e-05 6.4084e-05 0.000174209 0.0373999 0.0249481 0.0177224 0.0288107 0.0060207 0.000675683 9.52289e-08 0.0264669 0.00143815 1.70015e-05 0.00517217 0.00496649 0.00115431 0.00574406 0.00138009 0.0590127 9.20168e-07 0.72912 0.00252875 
0.016259 0.00939767 0.00830446 1.30232e-05 0.000176798 6.13197e-06 0.00135122 0.00299305 0.263549 0.0324297 0.0157891 0.0144513 0.00452469 4.20148e-05 0.0500651 0.00352236 0.000677263 0.0143228 0.0358756 0.0260089 0.0101959 0.00560759 0.14669 5.33119e-05 0.310177 0.027517 
5.47862e-05 6.83536e-05 0.000104488 6.98863e-08 3.48647e-05 2.69805e-08 1.95974e-06 0.0100555 0.12359 0.00397792 0.024475 0.0820961 3.56419e-07 1.75928e-08 0.0134804 1.84388e-06 5.54966e-06 0.0180418 0.249357 0.000129652 3.15637e-06 0.00137607 0.113021 2.15997e-05 0.360099 4.64032e-06 
0.132592 0.000107003 0.00273076 1.79228e-08 0.00297788 0.00220987 0.000236363 9.52846e-06 0.0247325 0.0392603 0.00013693 0.131292 0.000205292 0.000653167 0.0174053 0.000201849 0.000559002 0.0383675 0.0856155 0.160619 0.0280632 0.00258789 0.0537429 9.62113e-09 0.27457 0.00112515 
0.00103885 7.94707e-06 0.00991078 7.73849e-08 8.78517e-08 9.7796e-05 0.000147557 0.000628647 0.00270101 0.00443048 0.000289321 0.000445051 0.000213727 7.9894e-11 0.0265261 5.487e-06 2.27757e-05 0.000531414 0.00157065 0.00169178 0.00196302 0.000537453 0.00785711 2.22284e-07 0.939357 2.57612e-05 
0.00403599 0.00113785 0.0090708 5.70837e-08 8.12353e-09 2.21776e-07 0.000128649 2.56557e-05 0.0164167 0.0035868 0.00164357 0.0461554 0.00359629 1.52669e-07 0.026378 0.000148569 2.91344e-05 0.00157896 0.000222417 0.00502545 0.00154849 0.00044678 0.0206575 1.2317e-09 0.857434 0.000732948 
0.00103885 7.94707e-06 0.00991078 7.73849e-08 8.78517e-08 9.7796e-05 0.000147557 0.000628647 0.00270101 0.00443048 0.000289321 0.000445051 0.000213727 7.9894e-11 0.0265261 5.487e-06 2.27757e-05 0.000531414 0.00157065 0.00169178 0.00196302 0.000537453 0.00785711 2.22284e-07 0.939357 2.57612e-05 
0.000823078 4.9722e-09 0.00192049 4.35185e-09 0.000128456 0.000105745 0.00915067 2.63702e-09 0.105976 0.158674 1.02338e-05 0.00262993 0.00496326 4.30221e-07 0.00728031 0.00236503 6.63258e-07 0.0398456 0.0118914 0.003852 0.292878 0.000848756 0.0318172 7.27671e-06 0.318541 0.00629019 
4.95865e-06 0.186503 0.000457811 2.86983e-07 4.87704e-06 6.24332e-05 1.21134e-05 0.00012188 0.287484 0.0014108 0.00141428 0.00149826 1.46398e-05 3.37954e-07 0.000392048 2.43219e-07 0.00181169 4.82957e-06 0.00252132 1.58048e-05 1.18289e-05 1.26147e-05 0.00828207 2.01822e-05 0.507891 4.54789e-05 
0.000888366 2.0089e-11 0.0224771 1.75826e-11 0.000210432 9.55797e-09 5.95472e-09 0.0875383 0.0018616 6.67141e-09 5.76733e-08 3.63931e-06 5.22284e-08 2.07055e-11 2.31962e-12 2.68238e-07 5.06928e-09 1.36553e-07 4.42191e-08 0.00054076 3.3776e-08 0.00210081 2.12287e-07 3.93419e-08 0.884378 1.59354e-11 
0.0281921 1.19565e-05 0.0686441 4.18309e-09 4.63895e-07 1.01388e-05 0.000687866 0.0455491 0.0107899 0.00385302 0.00536118 0.000149404 0.000122836 6.38591e-08 0.129976 3.75241e-06 1.78399e-05 0.000768295 0.0417365 0.00481964 0.0042222 0.011324 0.166531 1.49721e-08 0.406846 0.0703823 
0.00831799 1.00105e-05 0.10519 4.3243e-07 1.17262e-05 9.86236e-06 0.000348384 0.00729957 0.0409774 0.0104938 0.0699317 0.00534815 0.00161048 8.36906e-06 0.0108618 0.00366238 2.99893e-05 0.0177054 0.0307893 0.00123968 0.00081223 0.0193325 0.0165755 2.29392e-08 0.635631 0.0138029 
0.0538158 3.22594e-07 0.0962242 3.22662e-07 0.00193564 3.22281e-07 0.00151717 0.0100086 0.131606 0.0522747 0.0199332 0.0168585 0.00452132 0.00251642 0.0779573 0.000871703 0.00135701 0.0435775 0.0571176 0.0059436 0.00416739 0.00494227 0.142036 3.22631e-07 0.265427 0.0053895 
0.0171349 0.00559897 0.0021613 0.0890452 3.31795e-07 3.29172e-07 1.96199e-07 0.0212215 0.0658808 0.0156852 0.00109858 0.0290783 5.5703e-11 1.50186e-10 0.0170501 0.00485034 6.5275e-07 0.0900451 0.0769375 0.0308909 0.0229776 0.00385802 0.00851376 0.173428 0.324524 1.81699e-05 
0.0051071 0.000144416 0.00265976 5.08772e-09 1.41808e-05 3.38867e-05 8.10132e-05 0.0146403 0.00742736 0.00805313 0.281611 0.00074192 2.7494e-08 1.67381e-08 0.0481623 1.75537e-05 6.31087e-07 0.00551575 0.0116677 0.0010002 0.00300164 0.0020136 0.0981335 1.07088e-07 0.498168 0.0118057 
0.000196347 7.02945e-05 0.0415362 3.38284e-11 2.41141e-05 0.000243042 1.49229e-05 0.0194719 0.085308 0.00364439 0.0114561 0.0256536 0.000588118 3.98367e-11 0.00189499 0.000292474 1.87622e-05 0.00243153 0.00684846 5.41478e-05 0.00212733 0.000854998 0.0895536 1.52152e-05 0.707701 8.26115e-08 
0.0227223 0.00018507 0.0216925 6.38441e-10 8.13366e-05 7.64213e-05 0.00164817 0.0043747 0.00983709 0.0131968 0.047572 0.00079891 0.0026186 0.00104307 0.00758889 0.00379461 5.06427e-06 0.00380729 0.0206494 0.0637915 0.0269013 0.00816522 0.0716316 4.84022e-08 0.525928 0.14189 
0.00095214 0.00316497 0.0126523 1.44619e-08 0.000419072 9.12733e-06 0.000453336 0.00163138 0.0178702 0.0302574 0.159741 0.0410215 0.00479226 0.00505572 0.0081643 0.000159541 6.83252e-05 0.0029282 0.00641957 0.00109891 0.00509892 0.000759865 0.158047 0.000144392 0.538208 0.000882514 
0.0194407 0.00154197 0.127646 0.000245308 0.00062772 0.000754295 0.00208638 0.0160345 0.0191091 0.0207288 0.0532648 0.00599659 0.00554123 0.000156787 0.0209486 0.000889555 0.00149864 0.0102899 0.014918 0.00556581 0.00613186 0.00652358 0.0904592 1.63103e-05 0.560198 0.00938623 
0.038635 2.43985e-05 0.0176551 1.85969e-07 0.000599856 0.000197497 0.00131418 0.00275189 0.0373559 0.0185576 0.111951 0.0265195 0.00437265 0.000945078 0.0257491 0.000951377 3.35551e-05 0.032864 0.0243846 0.0148573 0.0559603 0.00545507 0.0567778 5.19957e-06 0.519947 0.00213515 
0.00394009 0.00252729 0.0145944 6.94814e-05 0.00127209 0.000605226 0.00106478 0.108717 0.00511699 0.00566983 0.184157 0.0115463 9.72098e-05 2.776e-06 0.0440145 8.12699e-05 0.003485 0.00852403 0.0123199 0.00609681 0.00334743 0.00414231 0.030085 5.44417e-06 0.545254 0.00326456 
0.000263868 0.000488341 0.00420595 6.93665e-10 8.5347e-10 1.48438e-06 0.000311828 0.000388143 0.266103 0.0525335 0.0786765 0.0616711 0.00136202 6.18107e-06 0.000570245 0.00155246 1.66521e-10 0.0488184 0.0289724 2.53882e-06 7.36411e-07 1.89492e-10 0.137199 1.9782e-08 0.316866 6.15893e-06 
0.0293357 0.000675906 0.00185397 2.14597e-06 4.32149e-07 5.1163e-09 0.000117675 0.000789894 0.00677304 0.0374738 0.0774116 0.000931113 4.73489e-05 2.22856e-11 0.135289 0.000336844 3.2372e-05 0.00404098 0.222536 0.0503594 0.00535114 0.0377495 0.141752 3.73676e-05 0.245477 0.0016256 
2.58756e-08 0.00162983 0.0058845 1.68115e-12 1.79977e-08 0.000129235 0.000445817 0.0819551 0.0148714 1.50909e-07 0.0659753 0.00180276 7.34277e-13 1.97975e-12 1.74583e-06 3.14891e-08 1.09374e-08 0.000763407 0.00532367 0.000400098 7.80559e-08 3.91745e-08 9.93818e-07 4.47783e-09 0.820371 0.00044483 
0.000632684 1.48041e-05 0.0115379 1.90966e-07 4.06132e-05 2.7676e-08 0.000154856 0.00116385 0.00450987 0.00109069 0.0906456 0.0132909 2.29122e-05 6.25655e-05 0.0219287 5.84301e-07 3.72712e-05 0.00075665 0.00166009 0.000200804 8.56642e-05 1.25259e-05 0.017879 5.39625e-07 0.834267 3.7928e-06 
0.00103885 7.94707e-06 0.00991078 7.73849e-08 8.78517e-08 9.7796e-05 0.000147557 0.000628647 0.00270101 0.00443048 0.000289321 0.000445051 0.000213727 7.9894e-11 0.0265261 5.487e-06 2.27757e-05 0.000531414 0.00157065 0.00169178 0.00196302 0.000537453 0.00785711 2.22284e-07 0.939357 2.57612e-05 
0.00036751 0.000350515 0.0278865 0.0162404 2.15052e-06 0.000517105 6.13492e-07 0.00694398 0.000700454 0.0038623 0.00176107 0.000621827 3.98395e-06 9.2766e-09 0.0274565 2.19538e-05 3.85202e-06 0.00695069 0.00756755 0.00774794 0.0121354 0.00532662 0.0525024 3.00755e-06 0.772751 0.0482746 
1.20808e-06 2.17858e-07 0.0242859 1.32128e-11 5.79136e-09 1.47035e-05 0.000178066 0.0437379 0.00303372 0.000890229 0.0930785 0.121108 0.00033694 0.000317541 0.00488943 1.85596e-05 0.000308268 0.000891985 0.000689602 1.03574e-08 6.29315e-06 3.91317e-05 0.019344 1.37219e-06 0.686828 7.13527e-08 
0.00239803 3.74598e-06 0.014261 1.8513e-08 1.06731e-05 0.000148541 0.000217223 0.242803 0.00329594 0.00817086 0.0577447 0.00251199 0.000770923 1.15401e-07 0.0291429 2.16909e-05 6.76858e-05 0.00068623 0.00550937 0.0058683 0.00298079 0.00323851 0.0188558 1.17267e-07 0.601071 0.000220441 
1.68296e-06 6.11157e-05 0.0173053 9.17136e-10 3.33109e-08 6.40981e-08 0.00338469 3.65545e-06 0.00471436 0.00214942 0.0584755 0.000330543 4.00577e-10 1.08003e-09 0.003118 1.06185e-06 3.68738e-06 0.00139004 0.00150269 0.000345832 0.00371985 7.03076e-08 0.00207953 8.98148e-09 0.901352 6.10618e-05 
8.9395e-08 6.39373e-11 0.00481419 5.59602e-11 1.62999e-07 1.01064e-10 4.7262e-11 0.0132648 0.00270587 1.89802e-05 0.0699983 6.34764e-07 0.00207398 6.58993e-11 0.00073967 0.000102541 1.34338e-11 6.12784e-08 0.000778048 7.17219e-08 1.32785e-07 4.05704e-05 8.28489e-08 5.95972e-11 0.905461 3.96439e-07 
0.031977 0.00444857 0.0282009 0.00107108 0.00407481 0.00170225 0.00246824 0.0318111 0.033947 0.0322379 0.0808116 0.00796218 0.0127841 0.00240674 0.0262329 0.0021654 0.00233246 0.0151152 0.040425 0.0231923 0.00949515 0.0178021 0.108159 5.96156e-05 0.47014 0.00897709 
6.17757e-05 0.000703752 0.171857 3.0807e-08 9.74443e-06 3.34644e-05 9.81464e-05 0.00638446 0.081586 0.0621794 0.0640717 0.0284553 0.00305242 2.81214e-11 0.0377627 7.58053e-06 3.37546e-05 0.00868803 0.0175968 0.00113548 0.00132145 0.000806526 0.163078 9.14344e-07 0.350767 0.000308086 
0.00023196 0.0120809 0.0183395 4.84516e-11 0.000122745 6.62409e-05 0.00154354 0.00471056 0.158757 0.0257967 0.00202295 0.0183636 2.08467e-07 5.70571e-11 0.0249974 1.57572e-06 0.00251787 2.28212e-07 0.0141477 0.109117 0.00179393 0.00149468 0.138572 0.000170838 0.461301 0.00385073 
0.0109029 0.00537576 0.0975886 2.23173e-08 0.000994921 0.000252111 0.00204946 0.00341629 0.0329537 0.0148049 0.00911277 0.0562796 0.0182321 5.74896e-06 0.0098838 0.00866669 3.98114e-05 0.0236501 0.00611658 0.0161175 0.00835212 0.0125214 0.0188086 6.87299e-05 0.626324 0.0174817 
0.000373196 4.89273e-06 0.00438406 1.21173e-11 1.29723e-07 2.51686e-07 3.06003e-07 1.47306e-05 0.0389649 0.00761507 1.26805e-05 0.00151532 5.29248e-12 1.42695e-11 0.237841 2.26966e-07 7.8834e-08 0.00784042 0.0261631 0.000930422 0.000281867 2.8236e-07 0.160462 3.87622e-05 0.513554 1.60231e-06 
0.0112026 0.000273385 0.0353947 0.0228597 0.000176554 1.1002e-07 0.00257327 0.0349618 0.0617249 0.017087 0.0598318 0.000350961 0.00189399 7.1739e-08 0.0367796 0.000135221 1.4292e-05 0.280651 0.0119352 0.00086912 0.0485119 0.0114421 0.0184255 3.35249e-06 0.342831 7.04996e-05 
0.130306 0.000872743 0.136966 7.11099e-06 2.08798e-07 0.0167485 1.56883e-05 0.0336169 0.0497328 0.00374155 0.00839811 0.000734465 4.26496e-05 1.19142e-08 0.0179425 1.68674e-06 2.68056e-05 0.00568536 0.0187219 0.00111042 0.00658366 0.000751985 0.049662 7.54467e-05 0.479322 0.0389339 
0.00264838 0.000195021 0.0302553 3.22878e-09 2.48581e-08 2.35496e-05 0.000381054 0.0011136 0.0901949 0.0773206 0.0100173 0.00134562 0.00146376 2.03578e-11 0.100545 0.000170469 0.000303179 0.00135413 0.0619368 0.000420834 0.0407258 0.000544527 0.202685 3.64829e-06 0.376351 8.92051e-08 
0.00391808 4.45677e-07 0.00851308 2.54501e-07 5.90107e-06 0.000216987 0.00034714 1.04966e-05 0.00571676 0.00164169 0.0244633 0.000258378 0.00340254 2.99704e-07 0.00818188 1.9978e-05 1.0479e-05 0.0792053 0.00680426 0.00543648 0.000871194 0.00105444 0.0454986 1.51511e-06 0.767622 0.0367987 
0.0032109 0.000600604 0.0163803 1.98345e-08 3.39535e-05 9.27615e-05 0.000127165 0.303245 0.00411438 0.00619375 0.132446 0.00111538 0.000146883 0.000405324 0.0202971 0.00150472 0.0111674 0.00166447 0.00500535 0.00942975 0.00206094 0.00434449 0.0193335 8.87468e-05 0.451366 0.00562431 
0.0336452 3.03332e-06 0.030975 0.0502196 0.013955 5.66321e-05 4.87999e-05 0.00669301 0.252849 0.0199001 0.0106674 0.00673869 8.00016e-05 2.81291e-06 0.0778891 0.000195365 5.4781e-05 0.00819727 0.0435243 0.000122991 0.0145714 0.00994213 0.0361079 4.39436e-05 0.382502 0.00101539 
0.019185 0.000152506 0.00168877 3.05933e-08 0.00298713 7.60648e-06 1.315e-05 0.162095 0.00155281 0.00717601 0.00953818 0.00562674 3.56643e-05 1.94663e-06 0.0106405 3.66072e-05 0.00308589 0.00471699 0.00890864 0.0285732 0.00418802 0.00195826 0.00914901 1.43711e-05 0.717668 0.00100079 
2.73024e-05 0.000144052 0.0132607 1.88689e-10 0.00012443 0.000240038 4.68405e-08 0.000454263 0.00078349 0.00924696 0.00646229 0.000467506 0.000103065 2.22203e-10 0.0657489 1.373e-05 2.07786e-06 0.00292951 0.010266 0.0096025 0.0110258 0.00753492 0.12569 5.12274e-09 0.735667 0.000205323 
0.00154233 3.54282e-09 0.0100249 2.74271e-08 1.87805e-08 1.68432e-06 2.61883e-09 0.000416487 6.97562e-05 3.45939e-10 0.000936311 1.17162e-09 3.72785e-07 3.65153e-09 3.19574e-07 2.62794e-09 7.44378e-10 9.05712e-05 3.42898e-06 8.47685e-10 8.94125e-05 6.99588e-08 3.95935e-05 3.30233e-09 0.986754 3.07106e-05 
0.000784399 2.82725e-05 0.12122 6.07068e-06 9.28207e-05 0.000326435 0.000116541 0.0170997 0.0783351 0.0168647 0.000154389 0.11313 0.00168 1.41585e-10 0.0592969 1.34089e-05 0.0876324 0.00328522 0.00559255 0.0105149 0.00341689 0.00162074 0.12049 8.5011e-05 0.358092 0.000121594 
0.000796716 0.000215502 0.0227387 5.51316e-10 9.98968e-07 1.21642e-05 1.67612e-05 0.0112677 0.00338721 0.00163559 0.041373 8.37412e-05 0.000650055 1.54251e-07 0.0539049 8.20628e-07 2.88031e-07 0.00376908 0.00120748 2.32366e-05 0.000154318 0.000259517 0.0264424 1.35489e-07 0.832055 4.17897e-06 
0.0210883 0.0365211 0.00375884 7.57605e-07 0.00118796 8.7625e-05 0.000162415 0.00744226 0.0660474 0.234225 0.035982 0.0185868 0.000110514 0.00150594 0.0443719 0.013482 0.000236414 0.0214861 0.0605485 0.0128457 0.00512477 0.0387712 0.0576105 0.000274493 0.313944 0.00459774 
1.71305e-07 3.73288e-08 0.0102686 7.46619e-12 8.30421e-09 1.71602e-05 1.23388e-05 0.0282812 1.69278e-05 2.64829e-08 0.00121882 6.94187e-08 5.362e-08 8.79227e-12 0.00369065 5.09376e-09 3.62821e-08 0.000120788 1.39788e-07 3.18184e-05 0.000959887 1.67177e-05 1.64364e-05 3.59795e-09 0.955348 2.97943e-08 
0.00422645 9.24364e-05 0.00893431 2.95923e-08 1.0823e-05 5.34434e-08 0.0505976 0.000318559 0.124376 0.126271 0.00170482 0.0951424 1.2925e-08 3.48482e-08 0.0447761 0.0231083 6.53398e-05 0.137185 3.2351e-05 0.0106216 0.00445219 0.043459 1.87552e-09 3.15155e-08 0.324615 1.03561e-05 
0.00725826 0.00299193 0.00720553 1.28516e-08 7.45773e-05 9.9711e-06 0.0151715 0.00312094 0.169579 0.0937383 0.0314768 0.00920643 0.00132273 1.42878e-10 0.0531755 0.000454983 1.66121e-07 0.0266256 0.200041 0.000606975 0.0184801 0.00213507 0.0673748 0.000670119 0.266842 0.0224382 
0.156872 0.00013811 0.00457978 9.31569e-08 0.000288845 2.54389e-09 8.63658e-07 5.93064e-07 0.221602 0.0442235 2.79298e-07 0.0130895 9.73259e-05 1.65876e-09 0.0255325 0.00200583 9.46647e-07 0.000174182 0.0063162 0.00385073 0.00205116 0.00129407 0.194483 1.50013e-09 0.323397 1.58842e-06 
0.0623471 0.00257723 0.000543086 5.20703e-05 5.61087e-05 4.50226e-05 0.00143932 1.45049e-06 0.122113 0.0101978 0.0129182 0.031066 5.39657e-06 2.51219e-08 0.222587 1.34825e-07 0.000355733 0.00612926 0.0828071 3.74008e-05 0.0601842 0.00220409 0.0845289 5.60886e-06 0.288955 0.0088442 
5.41922e-06 5.41203e-06 0.146317 5.41315e-06 5.41133e-06 5.40677e-06 5.41438e-06 0.216114 0.0178897 5.42018e-06 5.41988e-06 5.41808e-06 5.41762e-06 5.41175e-06 5.42002e-06 5.41436e-06 5.41917e-06 5.41939e-06 5.41986e-06 5.41891e-06 5.41932e-06 5.4189e-06 5.42055e-06 5.41265e-06 0.610356 0.00920902 
0.0173686 0.00147865 0.144599 4.72506e-06 4.89913e-05 1.34894e-05 0.000309793 0.00292334 0.090972 0.0590615 0.0101828 0.00199825 0.0267871 0.00089795 0.0156636 0.0028179 9.74773e-05 0.0246846 0.00759222 0.00178007 0.0623874 0.018161 0.0890189 1.74113e-05 0.410622 0.0105118 
0.0122972 0.000384743 0.105397 0.0013986 0.00207443 0.00187216 0.00204339 0.00508031 0.0407071 0.0124118 0.0285737 0.00221858 0.00520977 0.000601934 0.0503083 0.00526523 0.00323966 0.0168282 0.0181529 0.00735621 0.0169365 0.00536503 0.0512523 5.79727e-05 0.595998 0.0089692 
0.00051109 1.23457e-06 0.0152933 2.46196e-08 1.24159e-05 4.8798e-05 0.0132738 0.00390292 0.00422387 0.0178563 0.179866 5.6999e-06 0.0413207 6.96974e-06 0.000452838 0.000525768 1.51781e-06 0.000262679 0.10528 5.85314e-06 0.142174 0.00346197 0.0914146 5.03301e-07 0.243295 0.136802 
0.00646225 0.000510304 0.00397717 2.31626e-07 4.0101e-05 2.11117e-06 0.00063118 0.0112223 0.007925 0.00499683 0.368612 0.00983853 0.00140328 8.81919e-05 0.0297679 0.000222731 0.000101899 0.00191146 0.00693673 0.00120895 0.00282643 0.00112833 0.0413361 4.80251e-07 0.472094 0.0267553 
0.0206276 0.00501894 0.0617091 1.44984e-06 0.122726 0.00124342 0.00193534 0.00302945 0.00882051 0.028542 0.0335948 0.0225043 0.00331827 0.00106963 0.0302914 0.000247155 7.06697e-05 0.0329384 0.00850061 0.0141655 0.00710158 0.00246545 0.076146 6.14932e-06 0.507099 0.0068274 
0.0112299 0.00275631 0.00984158 0.00011574 0.00936652 0.000360632 0.0390728 0.00703862 0.0644011 0.0834221 0.0406419 0.00945666 0.00115546 0.00260268 0.0643468 0.00118297 0.000418593 0.0129292 0.188124 0.0219951 0.0217104 0.0519638 0.127316 6.31505e-05 0.224995 0.00349286 
0.00160907 0.0327504 0.00221187 2.22341e-08 2.77047e-06 0.004097 0.00063446 4.47897e-05 0.018648 0.0209491 0.214541 0.0245298 0.000771081 0.00196782 0.00120546 0.0119767 0.000289611 0.00404348 0.00713281 0.0137608 0.003389 0.00320118 0.0530507 5.97876e-08 0.578457 0.000735939 
0.0340927 0.00567348 0.023135 0.0238181 0.00538994 0.000188415 0.0391414 0.0019971 0.212606 0.0152694 0.00290001 0.0218405 7.65825e-05 0.00257524 0.00961347 0.000537092 0.0111664 0.00773221 0.190867 0.0132583 0.0060123 0.00237738 0.0275957 0.00837817 0.314444 0.0193148 
0.0633198 0.000312237 0.00503421 7.79474e-05 0.0134728 0.00135784 0.00184525 0.00015895 0.0785986 0.0801893 0.00369644 0.169764 0.00439726 0.00450015 0.0296067 0.00113546 0.0042977 0.0381379 0.0557209 0.0849149 0.0306537 0.00624221 0.147443 6.1144e-07 0.174388 0.000734561 
0.105627 3.16646e-08 0.00238308 1.8557e-10 1.7902e-07 6.53545e-06 0.000161756 0.000787204 0.00455469 0.00554347 0.08337 0.00124632 8.10513e-11 2.18529e-10 0.0829359 0.0115561 4.27634e-05 0.0024572 0.17253 0.0153156 0.0111386 0.0451446 0.0867073 4.29726e-08 0.347248 0.0212441 
0.00221887 0.000145218 0.0258408 1.80583e-09 4.34399e-05 0.00952967 0.000462136 0.0165389 0.00417744 0.0453645 0.273325 0.00295518 0.00966466 2.68868e-05 0.00717981 0.00499506 0.0373995 0.00777339 0.0097263 0.00532078 0.0187772 0.0101719 0.103111 0.00119812 0.403867 0.000186582 
0.0159165 0.000358621 0.045818 2.437e-06 0.00355266 7.69207e-05 0.00388354 0.0126984 0.0156794 0.00874314 0.0996572 0.00375825 0.00342642 1.46158e-06 0.0267017 0.000594924 9.17014e-06 0.0472954 0.0172269 0.00272676 0.00619606 0.00317715 0.0385212 4.24582e-05 0.637557 0.00637772 
0.0863171 0.000397314 0.0379093 0.0015104 7.06398e-05 0.00384665 0.000840916 0.000320014 0.0591121 0.0310362 0.0530728 0.00363084 0.0103926 7.56311e-06 0.0561651 0.00086477 3.67793e-05 0.0614539 0.0204718 0.027747 0.183751 0.0841635 0.0626078 1.72992e-07 0.207566 0.00670757 
0.0601221 0.00174021 0.0195831 1.7122e-05 0.000815621 1.39693e-05 0.000141489 0.174023 0.00618731 0.0451453 0.0833743 0.0151339 0.000357792 0.00409306 0.0332258 0.0075384 0.00125115 0.0112185 0.0250673 0.00526694 0.0108149 0.0119433 0.0472902 1.76283e-05 0.418503 0.017115 
0.0445619 6.02194e-07 0.125659 6.0232e-07 6.02116e-07 6.01609e-07 0.00427803 0.0291093 0.0325639 0.016405 0.0156803 0.0107316 0.00512454 6.02163e-07 0.121703 0.0084952 6.02988e-07 0.0135684 0.0467382 0.00681405 6.03005e-07 0.024119 0.16689 0.000241506 0.31912 0.00819327 
0.0199003 2.53282e-07 0.0211156 8.3276e-11 1.02461e-10 1.69239e-05 4.27669e-05 0.00167617 0.09393 0.0213536 0.105524 0.00153188 0.00445753 6.87794e-05 0.0528116 0.0022166 2.50912e-05 0.00934076 0.139529 0.000337331 0.000567211 0.00110749 0.106147 2.72679e-07 0.360044 0.0582551 
0.00429312 0.00366568 0.099194 0.0037979 0.00018937 0.000564281 0.000670751 0.0283133 0.0102094 0.0148996 0.111309 0.00418249 0.00721106 0.00230775 0.0424649 0.00117626 0.000832238 0.00738446 0.010082 0.00825837 0.00629706 0.0098626 0.0708187 5.64713e-06 0.549449 0.00256178 
0.00204131 0.00079211 0.0052184 3.17053e-06 5.22689e-05 0.000524968 8.37128e-05 0.257767 0.00903505 0.0114619 0.190814 0.0043612 0.00100827 0.00511901 0.0442745 9.1275e-05 0.000127986 0.00348743 0.00556925 0.0178531 0.00631972 0.00205948 0.0189704 1.14468e-05 0.409922 0.00303047 
0.00718485 2.79059e-05 0.0898928 6.82629e-08 4.11492e-06 2.87372e-05 0.00020842 0.0197624 0.0409315 0.0629125 0.00496422 0.00133175 0.002782 0.00385833 0.0552419 0.0010641 0.000129525 0.0140086 0.1076 0.0397241 0.0673791 0.0383747 0.176377 7.3942e-08 0.263767 0.00244413 
0.00800412 0.000265158 0.0115744 7.51068e-07 0.00019228 0.00132772 0.000273996 0.00251586 0.247015 0.0508362 0.00989787 0.0200117 0.00373452 0.0272882 0.0896542 0.00178767 0.00317091 0.00688008 0.066955 0.0391552 0.00720025 0.0218324 0.105741 2.13006e-05 0.272907 0.00175596 
8.50766e-05 0.0017429 0.00686697 1.01766e-11 5.92227e-07 3.01641e-05 1.94362e-05 0.00609874 0.0138644 0.0207817 0.17021 0.000385341 4.44481e-12 9.39607e-05 0.0673495 0.000212175 9.34251e-06 0.00158573 0.0302172 0.000210596 0.00952632 0.00227532 0.222577 4.59774e-08 0.357556 0.0883021 
1.58035e-05 0.00391118 0.00748713 1.72499e-11 9.89401e-09 1.91867e-08 0.000299859 0.0129912 0.0190394 0.00313045 0.0650399 0.348088 0.000598434 0.000395099 0.0293862 7.81234e-05 0.00115998 0.000892047 0.0751278 1.7705e-08 0.00133548 0.0225939 0.0311715 2.61704e-05 0.377232 1.21976e-07 
0.0253903 7.39242e-06 0.000979543 9.99064e-09 8.45567e-05 1.8043e-08 0.000113706 0.000162436 0.0770334 0.00790838 0.0138796 0.000291694 0.00265782 1.17651e-08 0.0143684 9.13341e-06 3.77389e-05 8.56338e-05 0.0121116 0.277754 0.00504728 0.0251417 0.139469 1.064e-08 0.396094 0.00137267 
0.005595 0.000593627 0.0133937 5.89826e-09 0.00955468 9.25e-05 0.000249317 0.00738493 0.00378212 0.0246074 0.0742034 0.0123835 0.000906143 1.03439e-06 0.0371496 0.000209621 0.00254141 0.0136194 0.0248851 0.0436384 0.00136247 0.0038245 0.0206665 8.60754e-07 0.695265 0.00408996 
0.0570997 1.2764e-09 0.0864896 3.65122e-05 0.0107771 0.0200862 0.000143862 0.00141702 0.0225438 0.114659 0.000208899 0.000567194 0.000661322 0.00104149 0.138632 0.000135146 2.85696e-06 0.0495595 0.0579487 0.00214018 0.0291455 0.0058364 0.0794434 0.00010582 0.320439 0.000879749 
0.00572658 0.000266843 0.00338436 0.000231485 0.000594762 4.06748e-05 9.08446e-05 0.0158895 0.0278873 0.0369352 0.0138492 0.0275452 0.000162248 8.39753e-05 0.00639562 0.00394263 0.00156743 0.171514 0.0728019 0.116822 0.00234598 0.000494562 0.0516799 3.61593e-06 0.439732 1.25851e-05 
1.9245e-05 4.91618e-06 0.025516 1.10865e-06 0.0126542 5.37909e-09 0.0869039 1.80481e-09 0.120768 0.00214568 0.000310712 1.1254e-09 5.75001e-06 3.50747e-09 0.0970796 1.63526e-05 4.72588e-07 0.00717129 0.00229533 4.76988e-06 0.0404165 0.00787953 0.0505962 6.26278e-07 0.54621 2.69944e-09 
0.00794172 1.8624e-05 0.084272 2.50395e-09 2.45433e-05 1.14084e-07 0.000282739 0.00573845 0.00645083 0.00862566 0.00382965 0.00144107 0.00135389 0.000444316 0.0254204 0.00074526 5.03683e-06 0.000822699 0.00869156 0.00232461 0.00425691 0.000391444 0.131155 2.66669e-09 0.705557 0.000206067 
0.00275184 5.10535e-07 0.0186232 3.22122e-11 1.59833e-05 1.72701e-05 1.79181e-05 0.000354965 0.0046198 0.0344634 0.00211759 0.000353074 0.0263373 1.28786e-07 0.0150091 0.000593807 9.51242e-07 0.0201583 0.0260701 0.000328122 0.0214348 0.00628541 0.0573555 6.45586e-08 0.763056 3.51615e-05 
0.00873363 0.000218229 0.00203154 2.28717e-10 6.19418e-06 9.82655e-06 0.0133878 0.000251659 0.0389554 0.0131196 0.252262 0.00285519 0.00160801 0.0784522 0.029849 0.000265686 4.56998e-05 0.00970568 0.0639099 0.000553989 0.00702984 0.00734039 0.154463 3.37136e-07 0.314162 0.000783391 
2.18049e-10 4.92385e-07 0.0524861 9.33606e-10 1.35176e-06 0.005772 5.25037e-05 0.000440537 0.00954492 4.87324e-07 0.0165578 0.00247469 4.69507e-07 2.58806e-06 0.0013889 2.1452e-06 2.24122e-10 2.23004e-07 5.47791e-07 0.00030643 1.65572e-06 8.26577e-08 0.00020012 2.80659e-05 0.908798 0.00194023 
0.016678 8.6652e-06 0.0264965 0.00342512 0.00297796 0.000182828 6.54432e-06 0.000218453 0.019762 0.0153874 0.00756287 0.00096188 0.00444935 1.24743e-07 0.132704 9.03722e-06 9.74877e-05 0.0219983 0.00587691 2.93527e-05 0.0432853 0.000472158 0.0427261 2.3351e-07 0.654676 7.69501e-06 
0.00809197 0.000235781 0.0177458 1.938e-05 0.000973237 0.000733525 0.0013771 0.00257974 0.0284268 0.0719593 0.0504776 0.0226875 0.0243235 3.01946e-05 0.128003 0.00028318 0.0150295 0.066224 0.0239526 0.111669 0.0130648 0.00296949 0.123334 1.64655e-05 0.284763 0.00103015 
0.00362507 8.95307e-11 0.0220903 7.83604e-11 2.50128e-05 0.000111687 0.0104096 0.00117654 0.000106148 0.00205962 0.107405 0.0192953 3.42254e-11 1.97756e-07 0.0356536 3.16949e-06 0.000281371 0.00042516 0.00423905 0.00386318 0.00122078 0.000506842 0.0427245 1.74345e-07 0.744778 7.10196e-11 
0.000918659 0.110514 0.0232178 4.41865e-09 0.00102762 3.85826e-06 0.00272321 0.000394173 0.00440302 0.0515473 0.0835348 0.0227803 0.0017944 9.44839e-07 0.000120545 0.00102256 7.66263e-08 0.0261576 0.0133869 0.000254768 0.00144943 0.000242241 0.0616177 6.53112e-11 0.590259 0.00262877 
0.000332234 1.0625e-05 0.0172961 4.55833e-08 9.87784e-13 3.71814e-06 0.000497883 0.00534004 0.00817392 0.010344 0.00987438 0.000377054 1.04435e-05 3.16288e-06 0.0346574 3.3449e-05 5.18555e-06 0.000157726 0.00425017 0.00644847 0.00217914 0.0039932 0.0628958 8.55007e-13 0.497178 0.335938 
0.0182191 0.00105596 0.0386371 3.10119e-06 0.0216804 0.000746287 0.0052726 0.0035827 0.0526594 0.0216798 0.149624 0.00564493 0.0123329 0.00472926 0.0631424 0.000420923 4.43803e-05 0.00937659 0.0215529 0.00502578 0.012298 0.00771004 0.1181 6.64945e-07 0.424792 0.00166803 
0.00264838 0.000195021 0.0302553 3.22878e-09 2.48581e-08 2.35496e-05 0.000381054 0.0011136 0.0901949 0.0773206 0.0100173 0.00134562 0.00146376 2.03578e-11 0.100545 0.000170469 0.000303179 0.00135413 0.0619368 0.000420834 0.0407258 0.000544527 0.202685 3.64829e-06 0.376351 8.92051e-08 
0.00350984 2.90589e-06 0.0128545 1.87397e-06 6.50994e-10 9.55553e-10 4.46861e-10 0.000218887 0.0001751 0.000606943 0.0337872 1.99918e-10 4.34917e-06 2.60618e-07 0.000391458 5.93293e-06 2.80343e-06 0.00264365 0.000174263 2.13077e-07 9.41173e-05 4.79657e-05 1.56529e-07 5.63489e-10 0.945477 4.46465e-07 
4.21837e-08 0.00021606 0.00915068 2.58426e-10 4.61441e-06 0.000360017 6.93299e-08 0.000215684 0.000493426 0.00324377 0.00111506 0.000701245 3.37914e-07 3.04325e-10 0.0760652 2.3253e-06 3.11553e-06 0.00211802 0.00877084 0.0130219 0.00244584 0.002424 0.0606377 7.56195e-09 0.81877 0.000240028 
0.00982299 5.72318e-08 0.129275 3.75891e-05 0.000169571 0.00188733 0.000624166 0.00110676 0.0220521 0.00288092 4.77536e-05 0.0346416 3.13659e-06 4.8612e-10 0.00241548 0.000513106 0.000107903 0.0201369 0.000799042 0.00921669 0.0121699 0.000515101 0.00315693 0.000173846 0.745735 0.00251116 
0.000888366 2.0089e-11 0.0224771 1.75826e-11 0.000210432 9.55797e-09 5.95472e-09 0.0875383 0.0018616 6.67141e-09 5.76733e-08 3.63931e-06 5.22284e-08 2.07055e-11 2.31962e-12 2.68238e-07 5.06928e-09 1.36553e-07 4.42191e-08 0.00054076 3.3776e-08 0.00210081 2.12287e-07 3.93419e-08 0.884378 1.59354e-11 
0.000333634 0.000341048 0.0296393 2.20249e-08 9.39532e-05 0.000786273 0.0024679 3.67697e-05 0.00477986 0.0644279 0.0464963 0.0057769 0.00120854 4.8334e-11 0.000228288 2.16077e-05 8.61462e-07 0.00686385 0.0270521 3.42051e-05 0.000233749 5.18473e-05 0.0421666 6.64643e-06 0.766583 0.000369178 
4.00798e-06 0.000765293 0.0156396 3.24167e-08 2.91224e-07 2.5443e-11 0.000670443 0.410893 9.4041e-07 1.33393e-06 0.00439617 1.80459e-07 7.59932e-07 1.65903e-11 0.00125222 3.47457e-07 3.38199e-12 1.3605e-06 3.55146e-07 3.10423e-07 0.00262273 1.94739e-07 9.09229e-07 1.50037e-11 0.563749 5.60541e-07 
0.0141467 9.32518e-06 0.121184 1.06938e-07 6.5987e-05 0.000238351 0.0126464 0.000452069 0.0160221 0.0410384 0.0421132 0.00517386 0.0208311 0.00399056 0.0300167 0.00130833 0.00269384 0.00569469 0.0184786 0.000148596 0.0520618 0.0047889 0.120589 6.80409e-06 0.485643 0.000657757 
0.000954752 0.0266143 0.0323388 0.0191811 1.07843e-05 7.29521e-06 0.00115364 0.00318892 0.0910872 0.0195315 0.0558451 0.0900185 0.00395554 2.96169e-11 0.00943155 0.000165086 3.00545e-05 0.0219468 0.004817 5.55376e-05 0.00846934 0.00375962 0.0817342 5.97369e-05 0.525498 0.000145367 
0.231163 1.17449e-09 0.00748383 1.02796e-09 0.000120414 1.85648e-09 1.03811e-06 0.00121392 0.0606724 0.0140045 0.00368904 3.88409e-10 8.15463e-06 1.21053e-09 1.1732e-05 3.44702e-06 2.46772e-10 0.00553157 0.0851526 2.55216e-06 3.86029e-05 1.42185e-05 0.0461291 1.09477e-09 0.544634 0.000126585 
0.0230277 2.25029e-07 0.0301953 7.67453e-11 1.27738e-08 5.85286e-06 0.000246377 5.54483e-06 0.00124258 0.0103712 0.00136244 0.000206682 0.000387727 9.03762e-11 0.23174 2.06705e-07 2.18045e-05 0.010207 0.0219858 0.000131602 0.115652 0.0267539 0.256889 7.54016e-07 0.269235 0.000331187 
0.00103885 7.94707e-06 0.00991078 7.73849e-08 8.78517e-08 9.7796e-05 0.000147557 0.000628647 0.00270101 0.00443048 0.000289321 0.000445051 0.000213727 7.9894e-11 0.0265261 5.487e-06 2.27757e-05 0.000531414 0.00157065 0.00169178 0.00196302 0.000537453 0.00785711 2.22284e-07 0.939357 2.57612e-05 
0.0140162 0.00199229 0.00182873 1.05571e-07 2.25791e-07 3.34687e-06 0.000455734 0.16876 0.164586 0.00276492 0.00543633 0.00177285 0.00048667 0.0118917 0.0381926 0.000904288 0.000141897 0.000802018 0.277784 0.00776251 0.000594646 0.000292851 0.0203158 0.000493122 0.278541 0.000179798 
0.0156427 0.00353687 0.0962339 2.2511e-10 1.50361e-05 0.000205172 0.00104659 0.000721104 0.0247335 0.0169467 6.68264e-05 0.0154104 0.00136157 3.6148e-08 0.0649584 0.000335875 0.000115441 0.00652481 0.112674 0.0171581 0.00883399 0.00549898 0.187511 1.38787e-06 0.420268 0.000199781 
0.0236447 0.00879006 0.0187369 1.28079e-09 0.000321485 3.14674e-05 0.00110584 0.0733639 0.00194202 0.00121827 0.0154402 4.98696e-05 3.30594e-05 1.50827e-09 0.0111752 5.42056e-06 7.08635e-06 0.0043053 0.00444867 0.000518327 0.0236638 0.0070269 0.00839689 3.90356e-07 0.795451 0.000323453 
0.131005 5.28094e-07 0.0655467 9.94026e-10 3.17031e-08 1.28565e-05 2.96077e-08 1.72749e-05 0.0608449 0.00699627 0.000125854 0.00113048 0.0016113 1.17058e-09 0.0720392 0.000172329 1.3355e-07 0.00927677 0.0056931 0.00507075 0.014402 0.0171654 0.053228 1.42501e-08 0.555627 3.40441e-05 
6.02889e-06 0.0130864 0.00257947 7.70871e-11 1.1108e-06 1.02224e-06 7.11598e-05 0.00361191 0.00602807 0.00130948 0.195953 0.170868 0.0045599 1.12092e-07 0.00275155 8.39683e-06 0.000232749 0.000861594 0.00060632 1.97308e-05 3.23283e-05 9.85161e-06 0.0103365 4.28282e-08 0.586635 0.000429988 
0.00329459 0.000217676 0.126448 4.5319e-09 1.57617e-05 1.22158e-05 0.000129901 0.135474 0.00843595 0.00826373 0.0998265 0.0469074 0.000981891 1.94314e-05 0.09564 3.6369e-05 0.000126371 0.00634708 0.024858 0.00290582 0.0121411 0.0300021 0.14881 5.49627e-06 0.246389 0.00271162 
0.0282386 0.00448637 0.0904397 1.62473e-05 0.000536956 7.52277e-05 0.00127039 0.0027259 0.103591 0.0246252 0.0190609 0.0120655 0.00547804 0.000202349 0.0282288 0.00135413 0.00101532 0.0160562 0.0136313 0.00386861 0.0110482 0.00997245 0.0781862 0.00032544 0.542602 0.000898586 
0.0146833 0.00109511 0.0336808 1.25234e-06 0.106624 0.000110078 2.11288e-05 0.121394 0.00246399 0.0268289 0.0159831 0.0147943 2.12573e-05 5.56062e-05 0.080342 0.000921147 0.00136245 0.0560691 0.0330863 0.0248412 0.00371247 0.00326431 0.0335236 3.6957e-06 0.406282 0.0188351 
0.022108 3.99481e-06 0.11339 8.7645e-07 4.30943e-09 0.000280484 0.000220823 0.0169014 0.0164912 0.0156777 0.0229605 0.0148377 0.00274572 1.29694e-05 0.0903572 0.00192887 9.16993e-07 0.0156094 0.0362442 0.0475738 0.00415518 0.0129397 0.233933 1.05207e-07 0.331424 0.000202851 
0.0106029 5.12088e-05 0.125179 4.2488e-06 1.75025e-05 9.65889e-05 0.0011623 0.11846 0.0130285 0.0290712 0.154565 0.00675118 0.00172517 0.00338633 0.0651635 0.00699337 6.14811e-05 0.00513698 0.0136874 0.00611808 0.00897626 0.00342631 0.147612 1.10802e-05 0.278169 0.00054337 
0.00574951 0.0240486 0.00453595 9.18823e-06 0.000838292 0.000156129 0.000299103 0.216326 0.00472254 0.00403006 0.0366485 0.00688045 2.04735e-05 1.72035e-06 0.062593 0.0019343 0.00012778 0.00372477 0.00447027 0.00333518 0.000709455 0.00185192 0.0126119 2.48474e-05 0.601221 0.00312919 
0.00176151 7.49269e-06 0.0469888 0.00723026 1.63043e-05 0.000314048 8.89638e-05 0.00466757 0.0244691 0.0290874 0.0190022 0.000998116 0.00289312 1.53656e-06 0.0289486 1.94957e-05 2.36161e-05 0.00549838 0.00657555 0.00796643 0.00505952 0.00195772 0.118364 1.16191e-06 0.687997 6.25501e-05 
0.00155998 0.0031187 0.00915079 3.76794e-07 0.0027115 0.000342888 0.00110345 0.00400301 0.213152 0.000845485 0.0014111 0.0478359 0.00143319 0.00290828 4.97092e-08 3.19334e-07 9.04532e-08 0.0142189 0.00447186 0.00262346 0.00552639 2.69206e-05 0.00130657 4.01283e-07 0.682228 2.10613e-05 
0.00403599 0.00113785 0.0090708 5.70837e-08 8.12353e-09 2.21776e-07 0.000128649 2.56557e-05 0.0164167 0.0035868 0.00164357 0.0461554 0.00359629 1.52669e-07 0.026378 0.000148569 2.91344e-05 0.00157896 0.000222417 0.00502545 0.00154849 0.00044678 0.0206575 1.2317e-09 0.857434 0.000732948 
0.00986578 9.40954e-06 0.0598094 2.88833e-08 0.000498722 0.000158788 0.00243827 0.000102877 0.0569885 0.0815189 0.047844 0.000833372 0.0504396 4.18033e-10 0.0119704 0.000246534 8.47894e-05 0.0128908 0.0616905 0.00145068 0.0534762 0.000673972 0.115174 3.64898e-07 0.42759 0.00424449 
6.24603e-05 0.00189934 0.0138815 1.51811e-09 0.000158278 2.02696e-05 0.0325432 0.000192854 0.0380457 0.0238638 0.287379 0.00760183 0.00102457 8.17917e-12 0.00074031 5.85271e-05 2.07497e-08 0.0169756 0.00659279 0.000584421 0.000344728 0.000295412 0.0275079 1.54302e-05 0.535686 0.00452589 
0.000961176 0.000419892 0.000539751 1.57853e-05 0.000256944 0.00093442 0.000161452 0.0296661 0.00245221 0.00420468 0.0487092 0.00790195 5.02501e-09 4.85962e-11 0.196388 0.00138062 2.04548e-06 0.000309004 0.00281181 0.000203688 1.40226e-05 0.00304795 0.00467562 1.26662e-06 0.693672 0.00127014 
0.000867432 4.96942e-11 0.00893058 4.34941e-11 6.30891e-08 0.000103501 0.000160194 0.000574513 9.00158e-05 0.00600746 0.0469943 0.00017377 0.00210046 0.000180279 0.000790745 9.80365e-05 3.04191e-06 4.74413e-05 0.0122485 0.000350787 0.021605 0.00253074 0.0168411 4.6321e-11 0.878994 0.000307796 
0.00246677 0.000198895 0.107451 3.32112e-08 2.09234e-07 6.33106e-05 4.84881e-05 0.00455754 0.330698 0.00645247 0.0123227 0.00167393 2.49188e-05 3.61379e-06 0.00879695 7.28366e-05 3.34348e-05 0.00426988 0.00298736 1.55609e-07 4.37245e-06 0.000159308 0.0246676 6.59113e-07 0.492928 0.000117387 
0.0381088 7.86756e-10 0.0402022 5.56604e-08 1.58654e-06 0.00134124 0.00701754 0.00312956 0.00142379 0.00117555 0.0158409 0.106384 0.0025377 4.23002e-06 0.0467155 1.62484e-06 0.140292 0.00135957 0.000701288 3.24959e-07 6.92387e-05 0.0003496 0.0083504 2.25468e-06 0.584991 6.13249e-07 
0.034898 1.19024e-05 0.0174776 9.1074e-06 0.000351 0.0414292 0.000156245 0.0113414 0.0295345 0.00443907 0.0345943 0.000664031 0.000244337 0.0143274 0.0806207 0.0126853 0.00781474 0.00163781 0.0895102 0.0195061 0.00179564 0.00245448 0.0217906 1.76727e-05 0.518665 0.0540237 
0.0237877 7.06982e-05 0.0208244 2.81439e-07 0.00186462 0.0166573 0.000410667 0.00368888 0.0775026 0.167518 0.0104721 0.0102331 0.0169111 4.11333e-06 0.0610052 0.00591516 7.65637e-06 0.00995566 0.0263965 0.00285569 0.02824 0.0426836 0.084563 1.00144e-05 0.313211 0.0752105 
0.000509283 0.00359661 0.000616219 3.13415e-07 2.22873e-06 0.00644282 0.000282443 0.000859238 0.0103569 0.00206603 0.0139368 0.0121129 0.000356059 8.47664e-08 0.00330076 0.00334103 2.03144e-05 0.000649094 0.000500756 0.00829435 0.00124129 2.5609e-05 0.0112089 1.10311e-05 0.920144 0.000124413 
0.0008789 3.23441e-05 0.0312321 1.08567e-08 3.30576e-06 0.00517198 5.17786e-05 0.00112276 0.00129086 2.60042e-05 0.00164414 3.81453e-05 8.8395e-07 1.2785e-08 3.26239e-06 5.63508e-07 2.30349e-08 4.16616e-06 0.000119723 1.8352e-05 8.47534e-06 7.6137e-08 0.006425 2.1788e-06 0.951154 0.00077086 
0.00981062 0.112417 0.00638995 1.34658e-11 7.30296e-07 6.86836e-05 3.77581e-05 0.0340665 0.0134264 0.0368848 0.121067 0.0573416 9.52239e-05 1.58574e-11 0.0175528 0.000340573 0.000765214 0.0124361 0.0319957 0.00493133 0.0434749 0.0107419 0.161652 0.000169143 0.316159 0.00817598 
