0.564594 9.81999e-06 0.0342135 2.23319e-07 6.49896e-05 0.000742775 0.000216179 9.36543e-05 0.00884546 0.00616468 7.77279e-07 0.000336183 0.0216121 0.000492857 0.0274631 0.0121411 1.14592e-05 0.124953 0.000466291 0.0002293 0.0629973 0.0397579 0.0736657 8.22219e-06 0.0209196 2.02398e-07 
0.222093 0.00101461 0.0115338 0.000112616 0.000144976 0.000472567 1.57382e-05 0.00136119 0.0011922 0.0400833 0.00094973 0.0662855 9.00424e-06 4.81822e-05 0.0192798 0.00471878 0.00179654 0.128161 0.339765 0.0232972 0.0221823 0.0648502 0.0254123 0.020662 0.00455203 6.19135e-06 
0.0439261 0.000164279 0.0122289 5.18169e-05 1.23902e-06 2.34743e-05 0.00320342 0.000179799 0.282456 0.0345145 8.63568e-06 0.000652753 0.012039 8.12766e-07 0.00595277 1.8601e-06 5.01608e-05 0.221919 0.139679 0.0308877 0.0358874 0.0794969 0.0866597 0.0091053 0.000909619 6.68446e-10 
1.67974e-05 2.10814e-06 0.00335539 3.40244e-09 4.18629e-09 3.26892e-06 6.38485e-05 0.000843666 0.060676 0.00175259 3.67209e-07 0.864308 0.000320049 2.6204e-05 0.00150049 5.33955e-06 0.000338642 0.00166065 0.000178135 0.00124048 6.85506e-06 5.95493e-05 0.0312286 0.000219654 0.0321934 3.0837e-09 
0.00444042 6.56075e-05 0.00276601 5.62444e-06 2.78224e-05 1.05885e-09 0.821184 1.22124e-05 0.0928542 0.00236886 8.03098e-05 0.000399121 6.6677e-05 1.66981e-06 0.00968625 1.28954e-06 1.59876e-05 0.00599668 0.010086 0.0131646 0.0030755 0.00630583 0.0197813 9.70638e-06 0.00760408 5.31373e-10 
0.00344254 4.0976e-10 0.00417529 3.58636e-10 4.68148e-06 1.05948e-07 0.000226805 0.000592142 0.74691 0.0178006 0.0133022 0.00311183 0.0505421 0.000718205 0.00120561 0.00418834 6.71107e-06 0.026303 0.0316927 6.35503e-08 0.00559049 0.00330626 0.0566106 1.69832e-08 0.03027 3.25039e-10 
0.00276809 0.000365595 0.00184121 7.63567e-06 3.10927e-05 1.78376e-07 0.115231 2.05392e-05 0.645782 0.0747976 0.000191607 0.00191144 0.0190369 0.000749493 0.00329086 0.000273269 0.000265143 0.0240349 0.00652823 6.68134e-05 0.0111834 0.00739627 0.0309897 2.60326e-05 0.0532115 8.95163e-08 
0.0141854 1.095e-06 4.3376e-05 9.35941e-12 1.54747e-09 4.50896e-05 1.66661e-08 2.85683e-08 0.00142403 0.00172301 3.57596e-08 0.000209981 1.07902e-05 1.10217e-11 0.883657 1.47894e-07 6.2308e-07 0.002294 0.0435835 6.84331e-08 0.000535458 2.00958e-05 0.0504921 2.53684e-09 0.00177444 8.48261e-12 
8.30367e-05 2.18361e-06 0.042518 5.58469e-09 6.87128e-09 3.38602e-06 0.0157074 0.00108123 0.515009 0.0295596 0.000227751 0.150091 0.00357471 0.000104204 0.0262308 0.000189707 1.21687e-06 0.0212139 0.00857433 0.000270832 0.00841265 0.000643539 0.0616641 6.43769e-07 0.114836 5.06151e-09 
0.000797463 2.1411e-07 0.0121256 3.27485e-06 3.0697e-06 2.7198e-06 0.000308164 0.00225918 0.581649 0.00734137 2.01788e-07 0.00390118 7.33481e-06 4.83649e-05 0.0433618 0.000217736 1.83592e-05 0.00460682 0.147528 0.012753 0.0536937 5.26524e-05 0.0920168 9.01718e-07 0.0373034 1.69841e-07 
0.00248459 1.85164e-06 3.3476e-05 9.81284e-09 2.11531e-06 0.000142995 0.000103127 3.68061e-06 4.88471e-05 0.657345 7.48225e-07 1.17985e-05 0.0117192 2.71408e-05 0.00745667 3.13189e-05 8.53047e-06 0.021256 0.0115731 0.220727 0.0272156 0.00298751 0.036608 3.65922e-07 0.000210915 8.89357e-09 
0.0229084 1.70767e-05 0.000279515 5.84799e-08 7.18525e-05 3.9578e-08 0.000399992 7.87082e-05 0.0036568 0.0606115 5.37454e-06 0.554589 0.0118076 2.91738e-07 0.023693 0.000954223 0.0245379 0.18445 0.0147696 0.0238963 0.00698105 0.0240952 0.0357408 1.18301e-05 0.00644422 1.50831e-08 
0.00179401 2.06541e-07 0.00354184 4.94873e-08 3.99458e-08 1.14295e-10 1.10313e-06 0.000118218 0.011773 0.00356714 0.000235803 0.00323236 0.701887 1.36643e-06 0.00229258 3.06356e-07 6.84889e-05 0.199906 0.00842662 6.34888e-05 0.00519651 0.000170873 0.0194482 5.55206e-05 0.038219 5.73578e-11 
0.00747387 0.000502039 0.000932732 0.0112642 0.000101658 7.7557e-05 0.000280621 0.000290639 0.0182958 0.0370294 5.60017e-05 0.0143829 4.95497e-05 0.00478529 0.0141784 0.00459984 0.0297373 0.00470102 0.675824 0.0273758 0.0118909 0.0274915 0.0228981 0.0782733 0.00749954 8.06077e-06 
0.300736 0.000402581 0.00692767 1.1378e-08 7.83413e-08 0.000227094 0.000494958 7.67107e-05 0.20718 0.010123 0.00187121 0.00171851 0.00334543 0.0254471 0.00376519 0.0288864 6.2986e-07 0.0220334 0.0294392 0.0139042 0.00699925 0.00102287 0.232336 1.04939e-07 0.103062 1.03121e-08 
0.00191018 8.92256e-09 0.000149372 5.49749e-07 5.09605e-06 0.00326103 0.000598163 0.109692 0.000718366 0.0180714 6.10663e-06 0.0821188 8.23777e-06 0.01011 0.0875865 0.000552657 0.201024 0.00311451 0.106966 0.0474112 0.195101 0.103436 0.00737041 2.76407e-05 0.0207625 5.0357e-11 
0.0659026 0.00149783 0.0305872 2.30575e-09 2.83695e-09 1.12835e-06 0.000339926 1.62368e-06 0.410573 0.0106905 1.57176e-05 3.36444e-06 0.0124518 3.49e-06 0.0599757 1.84069e-06 0.000307069 3.34456e-06 0.019191 0.0355407 0.00191539 1.5591e-06 0.0133608 2.1485e-07 0.337635 2.08975e-09 
0.00234967 3.89835e-06 7.18757e-06 9.21244e-07 1.86618e-06 6.7976e-07 0.00261254 5.58167e-06 0.280158 0.00139267 2.53822e-07 0.000114857 0.00552751 6.55097e-10 0.00794502 0.0613506 2.73336e-06 0.0129413 0.601879 7.4044e-07 0.000783562 0.0176609 0.00521854 1.16909e-05 3.04261e-05 5.04179e-10 
0.201183 0.000329508 0.00139317 5.47613e-11 6.66543e-07 5.91644e-05 0.000428014 0.000255902 0.0244031 0.00547125 4.16991e-07 0.00283582 0.00707811 6.44875e-11 0.0936578 2.82721e-05 2.34118e-05 0.00237976 0.504366 0.00891806 0.0229314 0.0431245 0.0716524 6.29698e-07 0.00948012 4.96313e-11 
0.0333884 4.94114e-07 0.000813663 0.000184325 6.98287e-06 0.000210737 0.00318118 0.000725007 0.75633 0.00690514 1.11078e-06 5.80928e-06 0.0521135 5.09277e-07 0.0825662 0.010512 1.11071e-06 0.017249 0.00133773 0.00254011 0.00501449 0.000232467 0.0055726 4.60573e-07 0.0211068 3.91953e-07 
0.00588154 0.000761142 0.000312152 5.96754e-05 1.0723e-05 2.90789e-05 0.00182214 8.74122e-06 0.00996343 0.0124804 0.000388229 0.304048 0.0572545 0.000127756 0.00383619 9.52965e-07 2.55517e-05 0.0313038 0.0172383 0.0112668 0.00650207 0.00581693 0.505884 2.59032e-05 0.0249526 2.17569e-07 
0.0036652 2.04767e-05 0.000557839 2.20151e-12 8.62993e-06 5.71675e-06 6.5355e-05 4.25932e-05 0.00370876 0.746381 0.000167078 0.00250913 0.016641 2.359e-08 0.0118719 0.000694799 1.89308e-05 0.0543427 0.012253 0.00145876 0.0279841 0.0178932 0.0924071 8.31144e-07 0.0073018 1.99527e-12 
1.85797e-08 9.20487e-09 0.000810569 6.29359e-13 7.7435e-13 1.13662e-12 4.89066e-09 0.0006069 0.00254566 0.0216764 0.0248214 0.00170798 8.68291e-06 6.73705e-08 0.160365 7.36124e-09 2.8145e-06 0.00016055 0.0389197 0.0154706 0.0032931 0.000307131 0.691872 2.01146e-09 0.037431 5.704e-13 
0.00344254 4.0976e-10 0.00417529 3.58636e-10 4.68148e-06 1.05948e-07 0.000226805 0.000592142 0.74691 0.0178006 0.0133022 0.00311183 0.0505421 0.000718205 0.00120561 0.00418834 6.71107e-06 0.026303 0.0316927 6.35503e-08 0.00559049 0.00330626 0.0566106 1.69832e-08 0.03027 3.25039e-10 
0.000200648 3.94629e-06 0.0158324 9.66338e-09 4.55854e-07 5.15784e-07 4.09223e-05 0.000219763 0.456316 0.00353562 0.00156441 0.00803803 0.000382396 1.13797e-08 0.0261354 8.03551e-05 0.00038289 0.0134306 0.00982062 1.18637e-06 0.0131652 0.0010475 0.414063 2.37118e-06 0.0357348 8.75811e-09 
0.000663522 0.00457263 0.00149017 8.56806e-07 7.01767e-08 5.04069e-05 0.000230198 0.000760891 0.141189 0.0286205 0.0415809 0.00126791 0.00199188 1.53696e-06 0.0291887 2.42712e-05 0.000899483 0.000456159 0.629494 4.5695e-07 0.000240614 0.000441378 0.0981675 0.000552114 0.0181147 8.82442e-09 
0.00108321 0.00779347 0.0069565 5.50585e-10 8.56249e-06 9.51755e-08 0.00631527 0.0012901 0.699871 0.00532184 0.000330941 0.00472333 6.75103e-05 1.03001e-07 0.0166816 3.06993e-06 0.000124246 0.0137209 0.115981 5.51452e-08 0.000283673 0.00287603 0.0594054 0.000376325 0.0567866 4.99006e-10 
2.05777e-06 5.79249e-12 0.00141224 5.06979e-12 6.23776e-12 9.15602e-12 9.27099e-05 0.0019518 0.000214437 0.000393242 0.908969 0.0191582 2.98306e-05 0.000926199 0.000932746 3.37544e-08 2.69397e-05 0.000325693 0.000469411 0.000312473 0.000473239 5.70771e-05 0.00314469 5.39929e-12 0.0611082 4.59485e-12 
0.019988 5.51132e-07 0.453506 1.05667e-05 5.50088e-10 0.000195661 2.92924e-05 0.000342946 0.135797 0.0266588 0.000621371 0.00699287 0.00338197 5.26497e-10 0.0479302 0.000891177 3.22069e-07 0.0902223 0.0845508 0.000967253 0.00087164 0.00465775 0.0467457 0.000442393 0.0751954 4.05205e-10 
0.000641742 3.85314e-08 0.000109649 2.12109e-12 1.27392e-07 4.64271e-06 1.66151e-08 6.97537e-05 0.0179566 0.0307631 6.21255e-05 0.000904981 0.00115261 3.78113e-09 0.0405893 0.000832767 5.91402e-06 0.000833095 0.815935 0.000101866 0.0050063 0.0550298 0.029476 3.06369e-05 0.000494581 1.92238e-12 
0.00332836 0.000180708 0.249011 1.65668e-09 2.03835e-09 0.00074741 6.04917e-05 2.07153e-07 0.101209 0.00112166 0.0483409 0.00202399 0.0414404 0.0488911 0.00888021 3.33438e-07 0.000314253 0.000688344 0.00119185 0.00268291 0.000986795 0.00198511 0.0554117 9.44851e-08 0.431502 1.50149e-09 
0.0341434 0.00108736 0.0485264 1.01941e-07 1.11293e-06 1.84105e-07 0.000228003 0.00015933 0.325486 0.00663911 2.38142e-06 0.0159523 0.000531362 0.00851518 0.00960264 0.000122255 2.52446e-05 0.0202075 0.355376 0.00235205 0.0027503 2.3503e-05 0.12515 8.81403e-07 0.043117 9.23912e-08 
0.00380713 4.42122e-07 0.00386142 1.84682e-05 0.000153124 1.19012e-05 0.000662625 0.000887317 0.660703 0.0560766 0.000735143 0.111048 0.000620394 1.51788e-09 0.00226228 0.026308 0.000135755 0.0205119 0.00812543 0.000989838 0.00763519 0.00727805 0.0148763 1.94204e-05 0.0732722 1.1682e-09 
0.00408515 0.0842106 0.000314875 0.0103892 1.39826e-05 1.3507e-06 1.09592e-06 3.12623e-08 0.508618 0.0230126 0.000765733 0.00197468 2.77582e-06 1.75984e-08 0.0245912 0.104477 0.00875519 0.0111446 0.0373144 0.00682133 0.0239247 0.0135497 0.0265991 0.000832399 0.1086 1.35442e-08 
0.0303546 0.00274535 0.00709526 0.00994144 6.2446e-05 0.000246594 0.000759773 0.000451852 0.298699 0.149289 0.00032255 0.0264721 0.0152839 0.00623419 0.0369448 0.0317058 0.000184594 0.0284758 0.146014 0.0154061 0.0370672 0.0244105 0.101672 0.00287588 0.0272565 2.87669e-05 
6.76034e-05 8.17657e-07 0.341102 2.58094e-07 1.53586e-07 2.17416e-07 5.33123e-07 7.51275e-07 0.296641 0.000445206 0.000417382 0.00185036 1.47476e-06 5.25924e-10 0.0492549 3.01561e-07 7.81511e-05 0.0368383 0.0273423 0.0387028 0.000632445 0.000623905 0.138969 4.75628e-10 0.0670301 4.04765e-10 
0.0310415 0.00134684 0.00359327 1.57104e-08 9.86767e-05 1.34668e-07 0.00024465 6.00901e-05 0.0092145 0.107139 4.8451e-07 0.0205509 0.00684755 0.000736193 0.0141932 0.000234634 6.52045e-06 0.000769633 0.481943 0.00126556 0.00995883 0.00389681 0.255369 1.99495e-05 0.0514696 1.95662e-11 
0.0239397 0.00615753 0.000163357 0.0115599 0.000145885 3.95121e-06 0.000211672 0.000751449 0.00312799 0.171029 0.000126129 0.30602 0.00545046 7.2281e-05 0.0101373 0.00217801 0.00872573 0.177489 0.138862 0.00684914 0.0184713 0.0134314 0.0766472 0.0157947 0.00265383 1.63304e-06 
0.963795 7.57721e-05 0.00224243 1.28286e-09 1.5784e-09 5.98108e-05 9.89763e-06 8.85874e-05 0.0079427 0.000444681 1.66647e-06 7.14798e-06 0.000804377 1.5107e-09 5.50083e-06 7.81501e-06 4.12486e-06 0.00229737 0.0016146 3.9744e-06 0.017103 0.000652651 0.00258493 1.36623e-09 0.000254345 1.16268e-09 
0.00215762 3.96176e-08 0.0141947 2.4178e-09 0.000332862 3.74508e-06 6.50779e-08 0.000214053 0.00123373 0.0240952 5.73479e-06 7.49548e-05 0.00066733 1.84678e-11 0.418603 0.00242429 3.62735e-07 0.0331462 0.00371179 0.01178 0.158201 0.00801408 0.286323 1.67017e-11 0.0348158 1.42133e-11 
0.0433211 1.3193e-07 0.00177152 1.3012e-09 9.55349e-08 4.08686e-06 9.3719e-07 3.42795e-07 0.00154261 0.0384015 2.07898e-06 8.37049e-07 0.0099263 1.53231e-09 0.132353 1.83477e-05 1.83915e-07 0.0749031 0.640932 5.42086e-06 1.25301e-06 0.0412141 0.0146279 2.46164e-08 0.000973384 1.17931e-09 
0.000546923 1.09158e-07 0.000296761 9.55393e-08 3.93683e-05 1.72543e-07 0.001901 3.24282e-06 0.914455 0.0137967 2.50155e-06 0.00258157 0.00356505 1.12508e-07 0.00677015 8.415e-07 4.5701e-06 0.00109393 0.00425365 1.59149e-05 0.00591928 2.99407e-05 0.0178212 1.01749e-07 0.0269015 8.65892e-08 
0.00264115 1.51927e-12 5.34443e-05 1.32972e-12 9.16358e-09 7.6871e-09 9.13037e-08 3.33588e-08 0.00787604 0.0226783 5.60386e-10 0.0049692 2.34061e-08 1.56589e-12 0.122931 0.000677383 1.79082e-08 0.00083987 0.486809 0.011949 0.049864 1.69746e-07 0.287414 2.26724e-09 0.00129731 1.20515e-12 
0.199216 1.24531e-10 0.00665657 1.08994e-10 1.69437e-07 2.38856e-07 1.28729e-05 4.48333e-06 0.0984607 0.00476421 0.00310487 0.0010006 0.000831063 0.0338284 0.0772502 0.000197473 2.80309e-06 0.00710267 0.196148 0.00195502 0.0175511 0.000148305 0.267911 1.16077e-10 0.0838536 9.87831e-11 
0.0455304 0.000975301 0.00455488 0.0530889 2.29954e-06 1.10521e-05 0.0142473 0.000684071 0.556629 0.00196715 0.00371595 0.0569708 2.13502e-06 5.6863e-05 0.0169786 3.9162e-07 0.000358127 0.0076487 0.0254687 0.00197307 0.00781254 5.46621e-05 0.077267 3.24832e-05 0.12397 2.67965e-08 
0.0133127 0.000125055 0.000163625 5.36675e-07 6.60313e-07 9.69232e-07 2.49575e-05 5.07203e-05 0.87034 0.000412364 6.08341e-05 0.000102606 4.41637e-05 6.31995e-07 0.00201566 0.00224572 1.91838e-06 0.00240575 0.00211609 0.000320948 0.00715256 0.0601202 0.023056 7.47176e-05 0.0158499 4.86399e-07 
0.00083903 6.29389e-05 0.0300472 1.84999e-11 2.27619e-11 0.000138021 0.000164064 0.000182126 0.00660725 0.086066 0.000221273 0.00590334 0.00332324 0.000396892 0.0470941 0.000189855 8.72822e-06 0.00586867 0.0380676 0.00241902 0.0067302 0.00300186 0.676594 1.61546e-06 0.0860726 1.67668e-11 
2.43695e-05 3.34494e-09 0.0288017 2.92761e-09 3.60207e-09 6.27132e-06 5.61e-05 2.0497e-06 0.778585 0.00209248 8.21386e-06 1.49612e-06 4.55731e-05 3.44759e-09 0.00554922 0.000395096 5.80056e-05 9.02396e-06 0.00310058 1.67622e-05 1.87023e-05 1.36644e-05 0.0118989 3.11788e-09 0.169317 2.65335e-09 
0.00120485 0.000128712 0.0107413 5.53443e-09 9.05219e-07 9.99514e-09 0.00043026 4.52749e-06 0.00791147 0.146896 2.62813e-07 5.24017e-06 0.0186406 6.51741e-09 0.0239288 3.59379e-05 1.21636e-05 0.278643 0.00112708 2.4991e-06 0.0866399 0.000666129 0.420429 5.89413e-09 0.00255111 5.01596e-09 
0.00630508 7.72876e-07 0.0044396 2.91156e-10 6.45645e-07 5.25825e-10 0.00586273 0.000144029 0.000237603 0.111674 0.0297162 0.000663514 0.000199655 3.42868e-10 0.0728069 1.34869e-07 4.86004e-05 0.00027711 0.0369068 0.0977058 0.419746 0.104533 0.105721 7.90744e-07 0.00301107 2.6388e-10 
0.0712822 3.67603e-05 2.932e-05 9.30472e-08 4.1889e-07 0.0137489 2.05848e-07 7.75223e-05 0.0612351 0.0117895 0.00173809 0.00441063 9.54894e-05 0.000170209 0.0189671 0.000611015 0.000117413 0.00783442 0.335448 0.000361758 0.0086092 0.00358196 0.0066307 0.431541 0.0216824 3.46151e-08 
0.00535617 0.000248908 0.0278317 1.90644e-09 5.82291e-07 3.43609e-05 0.600904 9.74757e-06 0.0310028 0.0752563 0.000748774 0.00213509 0.0574719 1.77047e-06 0.045238 0.000508462 8.83207e-05 0.0677892 0.00295561 0.00215288 0.030991 0.000623175 0.0172937 5.79335e-06 0.0313514 1.72784e-09 
0.00448471 7.67398e-05 0.00115873 0.000140768 0.00316392 0.000766206 0.000346341 0.000600511 0.1087 0.06046 0.00653207 0.0608438 0.00569569 3.65848e-06 0.0130177 0.000304753 0.563994 0.00924167 0.0636731 0.0048395 0.00162705 0.00894328 0.0336808 0.0366262 0.0110773 1.57458e-06 
0.0017733 3.81861e-05 0.000203276 9.74811e-06 0.000113528 3.72174e-05 0.0289791 0.000304116 0.907723 0.00051267 2.75721e-06 0.00035099 0.00028527 2.76748e-06 0.00210677 0.000232642 7.74024e-05 0.00363967 0.00908841 0.0374158 0.000524786 0.00243188 0.00249348 5.43826e-05 0.00159682 2.12993e-06 
0.00738748 0.000321389 7.99419e-06 5.65351e-08 1.82674e-06 0.00138396 0.0549493 3.43395e-06 0.272208 0.000266501 0.000498038 0.00128903 0.0248228 8.711e-07 0.0146099 3.01007e-05 3.25348e-06 0.0182365 0.516328 0.0023638 0.000315008 0.0163785 0.0336395 8.90671e-05 0.0348661 5.12389e-08 
0.00814303 0.000253591 0.141985 0.000360592 0.000913784 0.000148656 0.000545359 0.000333196 0.0564069 0.0142369 0.00115936 0.086485 0.00687511 0.000152272 0.0115058 0.000798282 0.510814 0.0310821 0.0129205 0.00929102 0.0138167 0.00128602 0.0484868 0.000986615 0.040917 9.70385e-05 
0.0108272 0.00319722 0.0426192 0.0450301 9.16461e-05 0.000103333 0.0190551 0.000358244 0.275071 0.206014 0.000100949 0.00410922 0.0182186 0.00021169 0.00295158 0.00274218 4.1421e-05 0.049061 0.0540417 7.59053e-05 0.0154171 0.0216413 0.0556521 1.00566e-06 0.173366 9.09151e-07 
1.16033e-08 2.64035e-05 0.00201526 6.23369e-07 2.63589e-08 9.9388e-06 9.75479e-05 8.66958e-05 0.00438931 0.0129947 5.20397e-06 0.000234701 0.000388053 2.54741e-08 0.00368313 5.18136e-08 8.78337e-07 0.000674104 0.000472432 0.926346 0.000235904 0.000220389 0.0375855 4.18598e-11 0.0105334 3.56231e-11 
0.0148039 0.00480375 0.000657222 0.00124766 0.000118222 1.56754e-05 0.000113211 0.000429314 0.774643 0.00244643 3.68765e-05 0.0246769 1.77008e-06 5.60675e-05 0.000629152 5.53385e-06 0.000262788 0.0179594 0.0878106 0.00104928 3.13639e-05 0.00576234 0.00137507 0.0479875 0.013076 9.81668e-07 
0.0769215 0.000142437 0.00051336 6.30068e-08 3.74702e-08 2.24029e-05 1.30193e-07 0.00213467 0.00266455 0.0447788 0.000130749 0.0100078 5.05784e-06 8.45163e-11 0.371987 3.61903e-05 1.17558e-06 0.0117741 0.0270853 0.0838305 0.0142512 0.0240424 0.319608 7.82176e-09 0.0100628 6.50459e-11 
0.0126068 3.28343e-12 1.77562e-08 2.87377e-12 1.52076e-08 1.50562e-08 0.000253294 5.54848e-05 0.000478575 0.00304975 0.000146315 0.00106055 0.000311365 7.78701e-09 0.0650844 1.04487e-07 5.79636e-05 0.000617713 0.285361 0.00501424 0.0237084 0.574864 0.0270483 3.06054e-12 0.000281348 2.60455e-12 
0.010286 0.000379915 8.58249e-05 2.76644e-05 9.70542e-07 0.00542516 0.00299962 0.00451874 0.198238 0.071551 0.000253699 0.0086103 0.00150767 0.0010919 0.00595206 0.00738997 9.42722e-06 0.00467271 0.513284 0.00203299 0.000220383 0.000389664 0.10183 0.00109329 0.0581488 2.60361e-07 
0.0134321 0.00101713 0.00408433 0.000210869 2.17242e-07 3.18875e-07 0.00271551 4.98686e-05 0.307149 0.00661474 1.17049e-06 0.0532564 0.328958 7.06614e-05 0.0056745 2.50805e-05 0.000107307 0.0427397 0.0694645 0.000927862 0.0319545 0.00458 0.0683154 9.85877e-05 0.0585527 1.60024e-07 
0.000779675 1.35851e-06 0.021781 1.18912e-09 4.36014e-05 1.2592e-07 1.47155e-06 0.000245774 0.01498 0.0163795 2.9633e-06 1.31464e-06 3.77495e-07 1.40032e-09 0.0488284 8.66805e-07 2.88715e-07 0.00759766 0.748249 0.0115295 0.0604794 0.0125363 0.0560547 3.77606e-08 0.000506668 1.07772e-09 
0.00980091 4.67834e-08 0.0292497 1.66395e-10 2.04729e-10 3.00508e-10 9.23601e-08 1.26377e-07 0.226848 0.0677474 1.97031e-05 0.000463693 0.00908595 1.95948e-10 0.369194 0.00251891 3.55592e-05 0.0147022 0.0169193 2.41774e-06 3.65742e-07 0.007786 0.163791 6.16315e-05 0.0817724 1.50807e-10 
0.000460033 2.81553e-05 5.57342e-05 7.11421e-09 4.81086e-05 2.35524e-05 0.000456774 0.000291629 0.00128995 0.00464503 0.000147404 0.00350663 0.000180385 0.000226007 0.00208959 0.000164667 0.000547284 0.000964213 0.0298939 0.947087 0.000374276 0.00175019 0.00555047 1.69895e-05 0.000202237 6.44775e-09 
0.0141854 1.095e-06 4.3376e-05 9.35941e-12 1.54747e-09 4.50896e-05 1.66661e-08 2.85683e-08 0.00142403 0.00172301 3.57596e-08 0.000209981 1.07902e-05 1.10217e-11 0.883657 1.47894e-07 6.2308e-07 0.002294 0.0435835 6.84331e-08 0.000535458 2.00958e-05 0.0504921 2.53684e-09 0.00177444 8.48261e-12 
0.00197023 0.00952881 0.00215821 7.62482e-08 7.16361e-07 5.87424e-07 0.00411286 9.5386e-05 0.0372827 0.549261 2.19629e-06 0.0330735 0.049714 6.86533e-06 0.0147622 0.00978491 3.85728e-05 0.169007 0.0225497 0.00870588 0.00723206 0.00560338 0.0662574 2.62327e-06 0.00884914 2.47863e-10 
0.0555138 0.00014116 0.0244386 4.25399e-05 0.000368849 5.238e-05 0.000670361 0.0011123 0.0564749 0.0813302 0.000177697 0.559866 0.0164764 0.00280823 0.0108465 0.0200035 0.00621987 0.0741465 0.00807828 0.0133902 0.00137152 0.00351435 0.042253 9.13499e-05 0.0206111 3.41087e-07 
0.00113394 0.00442211 0.149304 4.82427e-05 3.16506e-08 1.75543e-06 9.85193e-07 0.00024883 0.347258 0.00929731 0.0118967 0.00477585 0.0189299 3.02933e-08 0.0833313 0.000312103 2.32217e-07 0.00938037 0.152202 0.0263441 0.0048771 0.00219605 0.138958 1.48448e-05 0.0350654 2.33145e-08 
2.05777e-06 5.79249e-12 0.00141224 5.06979e-12 6.23776e-12 9.15602e-12 9.27099e-05 0.0019518 0.000214437 0.000393242 0.908969 0.0191582 2.98306e-05 0.000926199 0.000932746 3.37544e-08 2.69397e-05 0.000325693 0.000469411 0.000312473 0.000473239 5.70771e-05 0.00314469 5.39929e-12 0.0611082 4.59485e-12 
0.00144649 4.24155e-08 0.0236573 2.58258e-09 0.00023013 6.21173e-06 6.96805e-08 0.000253155 0.00205609 0.028932 9.55161e-06 0.000124876 0.00111209 1.2219e-11 0.376559 0.00403979 2.69296e-09 0.0414462 0.00618617 0.00569455 0.15742 0.00786563 0.28591 1.10505e-11 0.0570504 9.40405e-12 
2.05777e-06 5.79249e-12 0.00141224 5.06979e-12 6.23776e-12 9.15602e-12 9.27099e-05 0.0019518 0.000214437 0.000393242 0.908969 0.0191582 2.98306e-05 0.000926199 0.000932746 3.37544e-08 2.69397e-05 0.000325693 0.000469411 0.000312473 0.000473239 5.70771e-05 0.00314469 5.39929e-12 0.0611082 4.59485e-12 
0.0146465 5.28874e-05 0.00739582 9.90298e-12 1.21844e-11 2.81608e-08 1.93111e-05 1.49694e-09 7.41848e-09 0.0116548 1.25347e-05 2.7928e-09 0.000780116 4.70731e-08 0.227122 5.1445e-08 4.13402e-07 0.00596463 1.85504e-07 0.00732258 0.568661 0.0225748 0.132827 1.10941e-07 0.000965305 8.97526e-12 
0.00260246 2.33207e-08 0.0233423 4.08487e-09 5.04679e-12 1.56142e-08 1.92718e-05 4.80255e-09 4.6655e-09 0.00916056 0.000862094 6.331e-08 0.00491179 2.96046e-08 0.287191 1.38373e-08 4.51073e-05 0.0189159 1.77221e-07 0.00307359 0.426759 0.0710793 0.149755 4.36841e-12 0.0022825 3.71756e-12 
0.00167282 1.0427e-06 0.00890982 9.12605e-07 2.23005e-05 0.150485 0.00279143 0.000997938 0.0244344 0.0658981 0.0407794 0.000402382 7.81642e-05 0.000725755 0.0439673 0.000162009 1.10971e-05 0.0155398 0.323227 0.000775708 0.0012554 0.00191587 0.14683 6.36339e-06 0.169109 8.27112e-07 
0.00344254 4.0976e-10 0.00417529 3.58636e-10 4.68148e-06 1.05948e-07 0.000226805 0.000592142 0.74691 0.0178006 0.0133022 0.00311183 0.0505421 0.000718205 0.00120561 0.00418834 6.71107e-06 0.026303 0.0316927 6.35503e-08 0.00559049 0.00330626 0.0566106 1.69832e-08 0.03027 3.25039e-10 
0.000132054 2.55004e-05 0.00296567 1.80923e-12 0.000142048 0.000409814 0.000328964 0.000608469 0.0110442 0.0778248 0.319492 0.00261068 0.0011806 2.13057e-12 0.0457081 5.04651e-05 1.17533e-05 0.00377683 0.0394411 0.00323063 0.0269009 0.0109546 0.42507 1.27663e-05 0.0280782 1.63974e-12 
1.98827e-06 0.00094653 6.07596e-05 7.72902e-06 5.37545e-06 7.68799e-06 0.000770845 0.000180626 0.97348 0.000159971 4.31417e-06 4.43516e-05 0.0168103 1.45183e-06 0.00101241 8.63868e-06 2.52762e-06 0.00271579 0.00117103 0.00131992 0.00110382 1.60022e-05 0.000127314 1.31298e-06 3.79755e-05 1.11736e-06 
0.00231573 1.05953e-07 0.000273836 2.10424e-06 0.000144508 3.5352e-05 0.00688535 0.000269434 0.00619146 0.0075051 0.000890855 0.000950555 0.00040267 0.00772856 0.0467529 0.00100756 6.06353e-05 0.00207687 0.377437 0.454714 0.00456395 0.00191939 0.0745494 3.65885e-07 0.00332149 4.638e-08 
0.00344254 4.0976e-10 0.00417529 3.58636e-10 4.68148e-06 1.05948e-07 0.000226805 0.000592142 0.74691 0.0178006 0.0133022 0.00311183 0.0505421 0.000718205 0.00120561 0.00418834 6.71107e-06 0.026303 0.0316927 6.35503e-08 0.00559049 0.00330626 0.0566106 1.69832e-08 0.03027 3.25039e-10 
2.0038e-07 5.34442e-05 0.00560543 4.76317e-08 5.86051e-08 8.60226e-08 0.000220479 2.53982e-05 0.645758 0.00440839 0.00114771 0.000265081 3.55403e-05 5.60917e-08 0.0458977 0.000935652 3.44055e-05 0.0112593 0.10147 0.00152414 0.00108416 0.0106927 0.100321 6.0707e-05 0.0692004 4.31696e-08 
0.00146408 6.82617e-05 0.000131818 7.03712e-08 2.10281e-05 2.84336e-05 4.68654e-05 9.74631e-05 0.00197807 0.0553066 0.0003322 0.000506479 0.0046298 1.07287e-05 0.689485 0.000142965 1.40376e-05 0.00772537 0.128705 0.00901026 0.0197378 0.0371615 0.0425731 8.02895e-06 0.000814475 6.37788e-08 
1.16033e-08 2.64035e-05 0.00201526 6.23369e-07 2.63589e-08 9.9388e-06 9.75479e-05 8.66958e-05 0.00438931 0.0129947 5.20397e-06 0.000234701 0.000388053 2.54741e-08 0.00368313 5.18136e-08 8.78337e-07 0.000674104 0.000472432 0.926346 0.000235904 0.000220389 0.0375855 4.18598e-11 0.0105334 3.56231e-11 
0.18768 0.0168916 0.15539 4.72217e-06 5.86242e-05 2.96246e-06 0.000101606 1.50388e-06 0.00916625 0.0612248 0.000663491 0.001747 0.000103269 0.0414619 0.0532613 0.000189002 7.34744e-06 0.100838 0.0526668 0.00120906 0.114489 0.0182428 0.127561 3.96316e-06 0.0570345 1.12002e-08 
0.00649152 4.13251e-06 0.00215857 4.40612e-05 0.000103225 1.17151e-05 9.2582e-06 1.23863e-05 0.00596643 0.0244491 0.00116838 0.0730796 3.49083e-05 0.00109449 0.0127577 0.000235543 0.707122 0.00910046 0.0696557 0.00901207 0.000507653 0.000957609 0.0651945 2.1946e-05 0.0108045 2.26578e-06 
0.00872773 5.9107e-05 0.000869786 1.06843e-05 0.00027258 3.81027e-05 0.000175797 0.000250184 0.0181489 0.0189439 0.00457626 0.000170431 0.000704688 1.49378e-06 0.115306 2.4615e-05 1.65236e-05 0.0458735 0.137605 0.0045471 0.0457534 0.570297 0.0246338 1.10487e-05 0.00298165 7.25202e-07 
0.0279658 0.00125932 0.0040868 0.0200503 2.10424e-05 5.36969e-06 0.000334076 0.00136355 0.0159588 0.161703 0.0011689 0.14475 0.161155 0.000668879 0.0153165 0.00287872 5.82262e-05 0.250692 0.0365617 0.0206709 0.00938724 0.0196779 0.0886598 2.05e-05 0.0155863 8.57678e-09 
0.0239397 0.00615753 0.000163357 0.0115599 0.000145885 3.95121e-06 0.000211672 0.000751449 0.00312799 0.171029 0.000126129 0.30602 0.00545046 7.2281e-05 0.0101373 0.00217801 0.00872573 0.177489 0.138862 0.00684914 0.0184713 0.0134314 0.0766472 0.0157947 0.00265383 1.63304e-06 
0.00417981 7.05663e-05 0.0248659 0.00450088 5.58301e-07 0.14339 3.85426e-05 0.000113145 0.481758 0.0184165 0.00643852 0.000218804 0.000974168 0.0492456 0.00133745 0.000391954 1.15934e-05 0.000828253 0.0865399 0.0118691 0.0233425 0.00231786 0.130809 4.76517e-05 0.00829343 4.11255e-07 
0.00428023 0.00407363 0.000416289 3.47765e-06 4.92712e-09 7.23221e-09 0.000965382 3.18911e-05 0.0149655 0.0329535 0.000689805 0.00333816 4.43869e-05 4.71582e-09 0.184503 0.000411763 0.000833058 0.00516759 0.0408101 0.0104956 0.0300452 0.00885183 0.590871 1.05617e-05 0.0662382 3.62941e-09 
0.00725963 0.00119983 0.00179185 0.0582055 1.64412e-08 1.78291e-06 1.25213e-08 0.000108539 0.0058239 0.0323251 7.91756e-05 0.125038 0.0014338 1.10506e-09 0.0282662 0.000279508 6.23036e-06 0.541444 0.0105244 0.00811689 0.0301291 0.0398453 0.0711808 1.69106e-08 0.0369403 3.26736e-11 
0.00162709 0.000846135 0.00899203 1.66657e-07 9.90083e-08 0.000378516 3.44566e-07 0.00058334 0.188963 0.120912 1.05906e-07 1.12569e-06 0.00953745 3.38316e-11 9.1115e-07 1.94808e-07 5.72495e-08 0.0698147 0.0218629 0.088132 0.00954514 0.0169978 0.461805 2.75672e-08 9.71848e-07 2.60377e-11 
4.03234e-05 1.24299e-06 0.00341134 7.58348e-06 1.24792e-06 4.96812e-09 0.000247472 0.000174276 0.727209 0.0480751 2.93214e-06 0.0306634 0.00240342 3.2395e-09 0.0513209 0.00125086 3.02358e-05 0.01229 0.0890759 0.000583855 0.000699789 0.00211781 0.0205929 1.48799e-06 0.0097985 2.4932e-09 
0.00215686 1.06784e-12 0.000222591 9.34615e-13 2.12609e-05 1.35128e-05 6.41743e-08 2.34468e-08 0.00116765 8.39373e-08 3.93876e-10 5.73503e-08 1.64513e-08 1.10061e-12 0.0366181 3.77834e-08 1.25871e-08 0.00229555 0.940878 3.71601e-07 8.58801e-08 1.19308e-07 0.0165192 3.50744e-06 0.000102563 8.4706e-13 
0.0141854 1.095e-06 4.3376e-05 9.35941e-12 1.54747e-09 4.50896e-05 1.66661e-08 2.85683e-08 0.00142403 0.00172301 3.57596e-08 0.000209981 1.07902e-05 1.10217e-11 0.883657 1.47894e-07 6.2308e-07 0.002294 0.0435835 6.84331e-08 0.000535458 2.00958e-05 0.0504921 2.53684e-09 0.00177444 8.48261e-12 
0.0131363 0.000336683 7.69779e-05 1.4606e-06 1.84637e-05 2.63784e-06 3.34739e-05 6.13138e-05 0.0326522 0.268783 9.2181e-06 0.0928877 0.00574633 1.72002e-06 0.0201573 0.00019574 6.44763e-05 0.0861865 0.468275 0.000275001 0.00847099 0.000421005 0.000173339 1.55553e-06 0.00203038 1.32377e-06 
0.160802 0.00976793 0.000848675 0.00561234 0.0013154 0.000495733 0.000547019 0.000358349 0.00731953 0.102201 0.00198624 0.0130248 0.0121489 0.00110704 0.0364149 0.000669628 0.0215277 0.235437 0.200479 0.0257264 0.0169141 0.0206193 0.0863335 0.0260376 0.0122879 1.81697e-05 
0.000141477 3.5356e-06 0.000787985 6.44935e-07 1.05662e-06 7.71583e-05 0.000349746 0.114306 0.00340154 0.00274359 3.00527e-07 0.0448951 0.00104339 1.65554e-06 0.0333831 3.33448e-05 0.373302 0.00227894 0.00202691 0.00987198 0.354503 2.11795e-06 4.05117e-06 2.62641e-05 0.0568151 2.46185e-10 
0.00725107 3.88866e-05 0.00110112 0.00095936 0.000764035 1.87505e-05 0.0017888 0.00016018 0.511984 0.0224937 0.00511318 0.0298274 7.42578e-06 0.024782 0.0187578 0.00023242 5.60334e-05 0.0254862 0.0155913 0.000589733 5.31778e-06 0.000254509 0.188727 3.95394e-05 0.143967 2.78673e-06 
0.000597135 6.74132e-11 0.0237723 5.90024e-11 7.25953e-11 1.06558e-10 9.95828e-05 0.0285808 0.00775287 0.00263408 0.640387 0.0297673 8.51987e-06 0.00107735 0.00137142 0.0008084 5.44771e-05 0.00280143 0.0029457 0.000611943 0.00677127 0.000101199 0.0276207 6.28372e-11 0.222236 5.34751e-11 
0.00258487 2.17084e-06 0.00419005 7.37836e-10 2.03124e-07 1.33253e-09 0.00911565 0.000289161 0.000269231 0.239678 0.000608075 0.043762 0.351581 3.56443e-06 5.04049e-07 0.00944391 4.30262e-07 0.307474 0.000918351 0.0109913 0.00110562 0.00125144 0.00778995 7.8579e-10 0.00894123 6.68715e-10 
0.0141854 1.095e-06 4.3376e-05 9.35941e-12 1.54747e-09 4.50896e-05 1.66661e-08 2.85683e-08 0.00142403 0.00172301 3.57596e-08 0.000209981 1.07902e-05 1.10217e-11 0.883657 1.47894e-07 6.2308e-07 0.002294 0.0435835 6.84331e-08 0.000535458 2.00958e-05 0.0504921 2.53684e-09 0.00177444 8.48261e-12 
0.00420401 8.00513e-06 0.00135253 1.27056e-07 7.98348e-06 2.29463e-07 0.000678488 9.39727e-06 0.00269604 0.113143 0.00662811 0.00320285 0.0140774 0.00323426 0.0217839 0.000356529 4.54702e-05 0.70222 0.014623 0.000102998 0.0328509 0.000965585 0.0696074 2.51008e-06 0.00819941 1.15154e-07 
2.01283e-06 0.00203126 5.6299e-05 9.29138e-08 2.26484e-07 3.54354e-06 0.0822523 0.00155149 0.523189 0.0294644 7.2008e-08 9.61578e-07 0.0191518 2.06166e-09 3.05478e-06 1.03291e-05 4.71022e-07 0.125136 0.0741308 0.00694831 1.52327e-06 0.0952891 0.0355993 2.71759e-07 0.00517757 1.58671e-09 
0.0294996 0.00030388 0.0185772 0.000457704 8.26566e-06 0.000679107 0.00118033 0.000174736 0.111662 0.111432 0.00841092 0.0292474 0.0171076 0.00575891 0.0268495 0.0134984 0.000269322 0.0496604 0.324283 0.0162944 0.0308864 0.00435817 0.15499 9.4019e-05 0.0443126 4.31375e-06 
0.226492 2.10765e-08 0.00030347 1.25917e-06 6.35972e-07 0.000860722 3.03886e-05 3.08894e-06 0.0375302 0.006193 1.55871e-06 0.0102552 8.78947e-05 2.17232e-08 0.0448773 0.000772938 0.000301054 0.072425 0.521755 0.00558832 0.000200621 0.0456529 0.0170497 1.11046e-07 0.0096184 1.67188e-08 
0.00398893 8.99862e-05 1.44944e-05 0.000307517 0.000120211 3.10771e-05 7.45972e-06 0.000123164 0.000989975 0.00938242 0.000246298 0.00876892 9.06864e-05 5.67416e-06 0.000812789 5.49182e-06 0.390412 0.013937 0.0217189 0.00306672 0.000554364 0.00074706 0.0020474 0.54191 0.00061682 4.25478e-06 
0.00927486 0.0343854 0.00777563 0.00090802 2.49019e-06 3.19735e-05 0.000732805 1.16334e-05 0.697263 0.0255332 2.36857e-06 0.0325718 0.00291111 2.34467e-05 0.00290513 0.000251277 0.000356728 0.0709166 0.0709017 8.97234e-07 1.82935e-06 0.000986025 0.0121792 0.00105726 0.0290152 1.00018e-08 
0.0128467 0.000137705 0.00139294 1.85852e-06 8.85542e-07 0.000243414 0.000175322 0.00142919 0.451349 0.0102403 0.0273286 0.00232814 0.0103871 0.0137647 0.0907975 0.000352964 0.00171185 0.0732851 0.19739 0.0422381 0.0118313 0.00040208 0.0336898 2.88918e-05 0.0166468 4.27829e-08 
0.000779971 0.000215807 3.13816e-05 2.91934e-10 9.00816e-10 3.15329e-08 9.36968e-07 0.000287188 0.139578 0.224238 4.77812e-05 0.00214406 0.00732962 3.43785e-10 0.205693 2.41321e-07 1.06898e-05 0.055808 0.170424 0.00073467 0.0093751 0.00527248 0.17518 1.7915e-05 0.00283111 2.64586e-10 
0.0604589 0.000294455 0.00663419 0.000511882 0.000306934 5.39221e-05 0.0398629 0.000413008 0.0153727 0.0665252 0.000169041 0.0225127 0.0160673 0.000275934 0.0424057 0.0183838 0.00177648 0.471678 0.0405889 0.0192332 0.015171 0.0168551 0.115551 0.0022012 0.0266609 3.50613e-05 
0.0526617 6.70276e-06 0.000332352 6.447e-09 4.78095e-07 0.000130905 2.13475e-05 3.12149e-06 0.00441905 0.000935934 0.0043845 0.00111735 0.000244094 0.00928642 0.00866325 0.00509758 2.49234e-07 0.00217669 0.890904 2.04621e-05 0.000830102 0.000648698 0.0124878 5.20453e-07 0.00562682 5.84304e-09 
4.57172e-05 0.000181833 0.0045831 0.000185163 4.50855e-05 8.8268e-06 0.00258039 0.000107837 0.0572851 0.0115868 1.69169e-05 0.000243455 0.0939871 9.79821e-06 0.20134 0.0792899 2.2466e-05 0.00527789 0.206025 0.00555631 0.0506586 0.0505985 0.157983 8.88277e-06 0.0723726 5.19024e-08 
0.00389389 5.6592e-06 0.000917683 3.41297e-12 3.92495e-09 6.33449e-06 2.3332e-05 1.36891e-07 0.000607871 0.765485 6.79265e-07 1.59792e-05 0.048083 4.01915e-12 0.0080238 6.34268e-06 4.90267e-06 0.036484 0.00121083 0.00143901 0.0372416 0.00162241 0.0911669 1.05275e-06 0.00375955 3.09324e-12 
0.000411446 1.12951e-05 8.07429e-05 8.66719e-13 2.36931e-09 3.17544e-09 4.65985e-05 1.16687e-09 0.000441535 0.942997 1.35573e-06 1.63935e-06 0.0177238 1.02066e-12 0.00137178 1.26652e-05 9.79558e-06 0.0134866 0.000795449 0.000211207 0.00293644 0.000409827 0.0188415 8.78249e-10 0.000209787 7.85524e-13 
0.00147283 5.40333e-06 0.000349117 9.8454e-11 2.78916e-08 0.000101914 2.27382e-05 8.30409e-05 0.0140616 0.00321809 1.79337e-05 0.00276441 0.00056627 0.169673 0.0176574 7.70417e-05 0.000101181 1.72205e-05 0.678097 0.000367156 0.0531221 0.0494789 0.00663543 3.97834e-07 0.00210973 8.92308e-11 
0.0677817 2.65199e-08 0.198916 1.17306e-09 1.56159e-07 0.00128486 5.88116e-05 0.00073269 0.0433216 0.0102124 0.000505406 0.00764743 0.0115541 9.31287e-08 0.145021 0.02178 6.20369e-06 0.0274555 0.0344825 0.00120094 0.0913612 0.0131496 0.299613 2.23321e-05 0.0238927 1.06317e-09 
9.91114e-09 5.59435e-08 0.00508856 4.66277e-12 5.73697e-12 8.6744e-08 0.000287862 0.00133943 0.566597 0.0695892 6.32098e-10 0.0102511 0.175243 5.49093e-12 0.0263371 0.00360365 0.000324832 0.0219827 0.0270739 2.57744e-07 1.82212e-07 0.00189997 0.0264737 2.13261e-05 0.0638867 4.22596e-12 
0.0016001 0.00020196 0.0102498 1.08443e-07 1.76017e-06 1.95847e-07 5.66825e-06 1.28847e-05 0.00488384 0.000615735 0.000366979 8.40693e-05 0.031495 7.59713e-06 0.682309 0.000606921 7.88829e-07 0.0236335 0.000885121 0.00613254 0.106269 0.0156021 0.109089 4.33736e-06 0.00594211 9.82839e-08 
0.000411446 1.12951e-05 8.07429e-05 8.66719e-13 2.36931e-09 3.17544e-09 4.65985e-05 1.16687e-09 0.000441535 0.942997 1.35573e-06 1.63935e-06 0.0177238 1.02066e-12 0.00137178 1.26652e-05 9.79558e-06 0.0134866 0.000795449 0.000211207 0.00293644 0.000409827 0.0188415 8.78249e-10 0.000209787 7.85524e-13 
5.67379e-05 2.2605e-05 0.00225251 1.92667e-06 7.2912e-07 1.2212e-09 4.4525e-05 1.41287e-06 0.00520438 0.509601 4.17306e-06 0.375664 0.00878372 1.66628e-06 0.00166899 2.31008e-05 4.23056e-06 0.0251001 0.00407577 0.0639948 0.000282125 0.00113734 0.00182494 7.20142e-10 0.000249208 6.12848e-10 
0.00428289 0.000860789 9.11911e-05 0.0002304 0.00229261 6.72636e-06 0.000666059 0.000160938 0.0346283 0.89963 3.70426e-05 0.00371609 0.00755299 0.000251804 0.000483719 0.000992982 3.1337e-05 0.0243424 0.00387759 7.84254e-05 0.000430181 0.000240102 0.0141549 1.37317e-05 0.000941016 5.47001e-06 
0.00617884 1.09495e-07 0.0124458 1.39323e-09 2.16553e-08 1.2437e-05 4.47138e-08 0.0003524 0.033442 0.0172756 7.55693e-05 0.000620504 0.0015899 1.65396e-11 0.313069 0.00154767 5.73773e-05 0.0207341 0.0615373 0.000571468 0.0130892 0.0220801 0.222861 9.27247e-07 0.272458 1.27293e-11 
2.61157e-07 8.5178e-07 3.73681e-07 1.60506e-10 1.97484e-10 2.89874e-10 0.00128934 4.05203e-07 0.804816 0.138225 0.000289572 0.00669916 4.46089e-07 7.00956e-07 4.08145e-05 0.000465312 1.81692e-07 0.00709356 0.0202103 8.03795e-08 1.07207e-06 3.74327e-07 7.05817e-07 3.36606e-07 0.0208655 1.4547e-10 
0.0769215 0.000142437 0.00051336 6.30068e-08 3.74702e-08 2.24029e-05 1.30193e-07 0.00213467 0.00266455 0.0447788 0.000130749 0.0100078 5.05784e-06 8.45163e-11 0.371987 3.61903e-05 1.17558e-06 0.0117741 0.0270853 0.0838305 0.0142512 0.0240424 0.319608 7.82176e-09 0.0100628 6.50459e-11 
0.00147283 5.40333e-06 0.000349117 9.8454e-11 2.78916e-08 0.000101914 2.27382e-05 8.30409e-05 0.0140616 0.00321809 1.79337e-05 0.00276441 0.00056627 0.169673 0.0176574 7.70417e-05 0.000101181 1.72205e-05 0.678097 0.000367156 0.0531221 0.0494789 0.00663543 3.97834e-07 0.00210973 8.92308e-11 
1.11209e-07 5.86236e-12 8.19875e-08 5.13094e-12 6.313e-12 9.26645e-12 0.000295091 0.000290641 0.00208169 0.0401215 0.00680209 0.00660867 0.000235825 5.49247e-07 0.0991869 6.00136e-08 6.55503e-05 0.000693972 0.18068 0.0434769 0.0311438 0.0465063 0.527833 5.46442e-12 0.0139765 4.65027e-12 
0.0886518 3.81887e-05 0.000643149 1.14711e-10 1.41137e-10 0.000172265 1.15815e-05 0.000207273 0.00124258 0.0612489 0.000108833 0.000720496 0.000115431 0.000393094 0.138676 0.00237418 3.31119e-07 0.0424676 0.0282103 0.277116 0.0294912 0.017426 0.308236 1.22166e-10 0.00244874 1.03964e-10 
0.00218547 0.00237585 9.23399e-05 8.75891e-08 0.000892577 0.000217322 1.12229e-07 0.000731176 0.232762 0.0735762 1.64491e-05 0.0424365 1.26799e-07 3.06886e-11 0.042981 0.000752535 4.42e-07 0.00497737 0.335567 0.000158273 0.00105833 0.00293224 0.25029 7.36943e-06 0.00598905 2.36187e-11 
0.00132883 0.00560179 6.87732e-05 1.36866e-06 1.5473e-05 6.99762e-05 0.00575038 3.5465e-05 0.806461 0.00641868 9.40886e-05 0.00550795 0.00403216 0.000463844 0.018632 0.000104781 0.000265386 0.00042888 0.136991 1.48682e-05 2.51292e-05 0.000177205 0.00668686 0.000274984 0.000548544 1.24044e-06 
0.0160723 0.00476837 0.00218573 0.00373406 0.00079277 7.21e-05 0.000878268 0.000169108 0.177893 0.0153882 0.00278747 0.184874 2.93056e-05 0.00124684 0.0268376 0.00426735 0.00209032 0.0251048 0.363167 0.0193441 0.0498826 0.0131266 0.0577506 0.0131631 0.0143748 3.1011e-07 
0.021149 3.70821e-07 0.106343 4.07362e-06 2.90033e-10 9.68432e-05 0.248268 0.00484625 0.0187444 0.000892946 0.0333772 0.00793927 0.00292798 0.000209956 0.0133238 0.00642764 0.00033554 0.0519048 0.00996585 0.00346383 0.00164348 0.00477922 0.0126196 2.1338e-05 0.450716 2.13644e-10 
0.00344254 4.0976e-10 0.00417529 3.58636e-10 4.68148e-06 1.05948e-07 0.000226805 0.000592142 0.74691 0.0178006 0.0133022 0.00311183 0.0505421 0.000718205 0.00120561 0.00418834 6.71107e-06 0.026303 0.0316927 6.35503e-08 0.00559049 0.00330626 0.0566106 1.69832e-08 0.03027 3.25039e-10 
0.0390106 0.000428655 0.0103443 1.86587e-07 2.31154e-07 3.36975e-07 6.67142e-07 0.0134668 0.23305 0.0139568 5.10666e-07 0.0775054 2.97549e-06 1.1067e-06 0.00219247 0.00663192 8.17391e-05 0.00906411 0.364361 0.00282482 0.0241264 0.046662 0.0594708 1.75463e-07 0.0968163 9.22539e-10 
0.00263424 0.00115055 0.00281927 4.54949e-09 6.91225e-06 8.21634e-09 1.48984e-06 0.000302284 0.00110363 0.0244005 0.0239786 0.000315235 0.254779 1.39209e-06 0.103294 2.91449e-07 4.4229e-08 0.0792185 0.00158959 3.09327e-05 0.299374 0.0272862 0.139215 7.34691e-06 0.0384917 4.12329e-09 
0.0355342 9.72626e-05 0.00173456 1.38863e-09 2.43848e-06 2.82885e-06 0.00212989 2.82248e-06 0.0439728 0.226271 3.67556e-08 2.32228e-08 0.0224374 1.63527e-09 0.0100759 0.000392088 0.000970387 0.523879 0.0129174 0.000149625 0.0528431 0.0524259 0.0127442 1.47888e-09 0.00141725 1.25855e-09 
0.000487533 0.0813502 0.00198097 0.0169267 2.55138e-06 0.000355466 0.0309742 9.29239e-05 0.725646 0.0294391 0.000635755 0.00258634 0.00430543 3.28397e-05 0.00168839 1.68524e-05 0.000196047 0.0654891 0.00413748 0.00903814 0.0010655 6.41736e-06 0.00791697 1.44448e-05 0.0156139 5.41164e-07 
0.166421 9.46507e-08 0.00326022 2.58799e-11 3.18421e-11 3.22545e-07 8.52653e-08 2.82433e-08 0.0330185 2.38492e-07 1.10468e-06 0.00166449 1.11916e-07 0.0336219 0.294675 0.00026248 1.01274e-07 1.99354e-07 0.276152 0.0397449 0.00374004 0.029867 0.106685 2.75619e-11 0.0108851 2.34555e-11 
