0.0060262 0.00130325 0.0109091 3.19443e-09 0.00023103 1.4044e-06 0.0055489 1.71402e-05 0.0363847 0.160716 0.000579565 0.00073895 0.197583 0.011717 0.0335908 0.00161615 9.14231e-06 0.230038 0.0129755 0.002921 0.122734 0.0119127 0.139822 1.76635e-05 0.0125587 4.72789e-05 
0.0858667 0.000305503 0.0400135 2.94767e-11 0.000395271 0.00128335 0.00523271 0.000233124 0.00478139 0.024588 0.044572 0.0252393 0.000536104 1.27357e-07 0.0919298 8.88456e-05 0.00893461 0.0487838 0.306662 0.0133159 0.00679209 0.00683241 0.194744 1.29661e-05 0.0887711 8.54301e-05 
0.00060594 6.2253e-06 3.02469e-05 1.3376e-09 0.000183185 3.55339e-07 2.05673e-06 7.34408e-06 2.17869e-05 0.00484946 2.07148e-05 0.00544406 6.26857e-05 1.22381e-07 0.00113584 2.12223e-05 0.981776 0.00211799 0.000677382 0.00110825 0.000330879 0.000186363 0.00103355 3.44706e-05 0.00034039 3.28821e-06 
0.00060594 6.2253e-06 3.02469e-05 1.3376e-09 0.000183185 3.55339e-07 2.05673e-06 7.34408e-06 2.17869e-05 0.00484946 2.07148e-05 0.00544406 6.26857e-05 1.22381e-07 0.00113584 2.12223e-05 0.981776 0.00211799 0.000677382 0.00110825 0.000330879 0.000186363 0.00103355 3.44706e-05 0.00034039 3.28821e-06 
0.00652096 5.11296e-06 0.000666481 1.17387e-09 4.86036e-05 3.35074e-06 0.000559345 0.000171401 0.00329659 0.0124247 0.0144083 0.00494725 0.000142187 0.00168417 0.171383 0.00188451 5.50735e-05 0.00409923 0.54422 0.112536 0.00373483 0.035011 0.0785675 3.91109e-06 0.00352791 9.74606e-05 
0.000702833 0.0188693 0.000317272 1.02136e-05 0.00011684 0.000361991 0.0249366 0.000115757 0.447591 0.155829 0.000208542 0.101798 0.104106 0.000558903 0.0019902 0.00695189 0.00133023 0.010814 0.0723557 0.0101646 0.00204613 0.00467478 0.0277834 5.47894e-05 0.00624226 7.05504e-05 
0.00568169 0.0017711 0.00507118 5.07072e-06 5.38841e-05 7.86758e-06 0.000886888 0.00240371 0.0447904 0.0477708 0.0387841 0.000579834 0.299193 0.000364389 0.0213781 0.00152166 1.39779e-05 0.0241243 0.00962665 0.00659888 0.154343 0.0403751 0.264523 1.48718e-05 0.0300118 0.000105357 
0.00060594 6.2253e-06 3.02469e-05 1.3376e-09 0.000183185 3.55339e-07 2.05673e-06 7.34408e-06 2.17869e-05 0.00484946 2.07148e-05 0.00544406 6.26857e-05 1.22381e-07 0.00113584 2.12223e-05 0.981776 0.00211799 0.000677382 0.00110825 0.000330879 0.000186363 0.00103355 3.44706e-05 0.00034039 3.28821e-06 
0.00060594 6.2253e-06 3.02469e-05 1.3376e-09 0.000183185 3.55339e-07 2.05673e-06 7.34408e-06 2.17869e-05 0.00484946 2.07148e-05 0.00544406 6.26857e-05 1.22381e-07 0.00113584 2.12223e-05 0.981776 0.00211799 0.000677382 0.00110825 0.000330879 0.000186363 0.00103355 3.44706e-05 0.00034039 3.28821e-06 
0.000698378 6.26935e-05 0.000250454 3.0364e-12 2.48229e-06 1.82797e-07 0.000125375 0.00107158 0.000240905 0.00543094 0.00217985 0.00216921 9.32038e-07 3.5757e-12 0.666753 3.2859e-05 1.1126e-05 0.00129764 0.0193377 0.0746323 0.0093035 0.00213692 0.20579 1.05749e-07 0.00845964 1.28084e-05 
0.00570436 2.60104e-08 0.0004203 2.27653e-08 8.76983e-06 5.35844e-05 2.84155e-06 3.81851e-05 0.037515 0.000660627 0.000613154 5.93032e-05 0.0037391 0.00254118 0.00455633 0.000146206 3.49801e-07 0.0108508 0.905974 0.00858052 0.00646834 0.00395504 0.00787495 3.97061e-06 0.000201627 3.14135e-05 
0.0181741 0.00046099 0.0203341 2.55098e-06 0.00510264 0.000237548 0.000536852 0.00602225 0.0303144 0.498012 0.000591982 0.00044295 0.0119588 3.60022e-05 0.0571472 4.06456e-06 3.86782e-05 0.0548688 0.0139828 0.00575743 0.0450338 0.00600073 0.13943 9.82272e-06 0.0854163 8.30645e-05 
0.00463577 0.00105062 0.00165637 6.11497e-09 3.41675e-06 6.86317e-06 0.763578 7.08794e-05 0.0166477 0.0378501 0.0224823 0.0162071 0.0223119 4.81244e-07 0.00277932 0.000583737 0.000771637 0.015684 0.00384162 0.00185372 0.000541768 0.000135716 0.0731208 2.86886e-05 0.0141539 3.32627e-06 
0.00299312 1.39251e-05 0.00120039 1.0815e-09 0.00247396 0.000136758 0.000796724 0.00051791 0.00406561 0.735699 0.00413456 0.00376271 0.00594691 8.02606e-05 0.0160742 0.000170979 7.45748e-06 0.0371596 0.0433944 0.00689183 0.0134325 0.00644764 0.104091 0.000262319 0.00849943 0.00174646 
0.128797 5.56767e-07 0.0347454 4.19068e-08 7.00414e-05 1.40491e-05 6.47031e-05 0.000112754 0.00132017 0.00534707 0.000544372 0.000541293 0.00017817 0.00405722 0.182467 0.0111089 1.62427e-05 0.00153459 0.343631 0.0697323 0.015789 0.010884 0.187542 8.18572e-06 0.00140811 8.55246e-05 
0.0559688 0.000562824 0.00478883 1.89179e-09 0.000107563 0.000790838 4.11662e-06 0.00887299 0.00228806 0.12277 8.79421e-05 0.000449846 0.00881909 2.42924e-08 0.13484 2.28586e-05 0.000101373 0.0680606 0.0216957 0.0966306 0.101804 0.00495889 0.321339 4.25807e-06 0.0450255 6.83368e-06 
0.0419611 0.000456666 0.0379373 2.6738e-07 3.40672e-05 0.000538894 0.000519682 0.0455326 0.0891756 0.0225565 0.0271413 0.0158868 0.00342291 4.56551e-05 0.0780816 0.00305094 0.000229982 0.00917381 0.0447292 0.00161654 0.0120538 0.00510696 0.335236 2.98101e-07 0.225269 0.00024313 
0.00715217 5.13036e-05 0.000461733 3.32468e-09 0.000274985 8.57469e-09 8.12842e-05 0.000103866 0.000227145 0.762817 0.00154562 0.00222444 0.000526236 1.63739e-05 0.00986262 0.0035318 0.00401626 0.0152434 0.077897 0.016047 0.00311207 0.0733131 0.0120339 3.71222e-05 0.00870957 0.000714322 
0.0299343 3.7803e-06 0.00748491 2.51856e-07 8.9284e-06 0.000211216 0.000502966 0.00136206 0.00652691 0.236921 0.0831727 0.00548373 0.00831428 4.81056e-06 0.0406012 0.00313255 4.43174e-05 0.0138177 0.0222038 0.00477522 0.0319028 0.138513 0.0881719 7.36468e-06 0.262333 0.0145653 
3.21506e-05 0.00145097 0.00109616 8.65548e-10 3.31567e-09 1.30407e-07 0.000152007 3.37784e-08 0.315548 0.0132259 0.000344885 0.00337064 2.43267e-07 1.01928e-09 0.00426522 9.15253e-07 4.44628e-06 0.00437303 0.522943 2.77423e-05 0.00158223 0.000209504 0.0938219 6.3986e-05 0.0374862 1.05931e-06 
0.000185471 5.02189e-05 0.000114322 3.37913e-11 0.000317076 6.10269e-11 0.000730912 0.000723428 0.0149886 0.713177 0.00696051 0.00148686 0.047924 0.000403351 0.0107187 3.46554e-05 7.24376e-05 0.00349894 0.0362778 0.00013588 0.00717821 0.000366903 0.139221 6.2156e-06 0.0154027 2.52557e-05 
0.0542051 7.47712e-05 0.00799321 4.88611e-12 1.63757e-05 0.00158869 3.80756e-05 0.0483769 0.0069743 0.0232074 0.132236 0.00255257 3.51616e-08 2.21028e-08 0.0959842 4.63141e-05 4.54427e-06 0.0183272 0.0572418 0.0118066 0.035902 0.0327793 0.203658 2.7499e-05 0.265644 0.00131607 
0.00060594 6.2253e-06 3.02469e-05 1.3376e-09 0.000183185 3.55339e-07 2.05673e-06 7.34408e-06 2.17869e-05 0.00484946 2.07148e-05 0.00544406 6.26857e-05 1.22381e-07 0.00113584 2.12223e-05 0.981776 0.00211799 0.000677382 0.00110825 0.000330879 0.000186363 0.00103355 3.44706e-05 0.00034039 3.28821e-06 
0.00060594 6.2253e-06 3.02469e-05 1.3376e-09 0.000183185 3.55339e-07 2.05673e-06 7.34408e-06 2.17869e-05 0.00484946 2.07148e-05 0.00544406 6.26857e-05 1.22381e-07 0.00113584 2.12223e-05 0.981776 0.00211799 0.000677382 0.00110825 0.000330879 0.000186363 0.00103355 3.44706e-05 0.00034039 3.28821e-06 
0.00167588 1.10709e-05 0.00435553 1.04919e-12 0.00295403 1.42664e-05 0.000289377 3.79549e-05 0.000378137 0.86649 0.000213673 0.00232664 0.0141312 4.04612e-06 0.0136154 1.43409e-05 7.99289e-06 0.045902 0.00425054 0.00203418 0.00457536 0.00106644 0.0325431 9.74524e-08 0.00310645 2.08048e-06 
0.0351623 1.21386e-05 0.0473257 6.73096e-06 0.00315619 0.000156192 0.00104229 0.0879283 0.0558464 0.0465069 0.0308508 0.00424297 0.00827632 0.00431526 0.107183 7.23784e-05 0.0666318 0.0672165 0.0942631 0.0752944 0.0246985 0.0169862 0.0925063 0.000939683 0.129356 2.36395e-05 
0.00904743 0.000898774 0.00200827 4.47887e-06 0.00238315 1.25306e-05 0.000411353 0.000195786 0.0214286 0.458435 0.00440233 0.020876 0.0140145 7.11045e-05 0.0243176 0.00170915 0.00405612 0.152953 0.026225 0.0311586 0.0311259 0.0199209 0.134095 7.76978e-06 0.0401621 7.94288e-05 
0.0210341 2.41964e-06 0.0470949 2.02096e-07 7.41375e-05 0.000200108 0.000696948 0.00135463 0.451573 0.00213006 0.00208506 0.00326012 8.85435e-05 0.000494977 0.13874 0.000702986 3.29395e-05 0.0105828 0.000488069 0.00839569 0.0411297 0.0083938 0.0351018 7.33375e-07 0.17787 0.048472 
0.00276784 4.54459e-06 0.00145718 1.27718e-07 7.03581e-05 2.72611e-07 9.78505e-05 0.000154614 0.000822245 0.00980011 0.00719408 3.08459e-05 0.00198427 2.2774e-06 0.257848 0.00153104 4.00281e-06 0.00310384 0.0207764 0.0107285 0.00236837 0.628453 0.0460098 1.39803e-06 0.00477293 1.5467e-05 
0.00305321 1.3199e-06 0.0003038 4.24211e-11 1.20836e-05 7.66122e-11 0.000103236 0.00536096 0.183755 0.00806377 0.000100918 0.030782 1.15777e-07 4.99556e-11 0.305443 2.74931e-05 0.000129559 0.00365213 0.130906 0.01144 0.0142447 0.00467822 0.255748 0.000105535 0.0418504 0.000239102 
0.0339317 1.553e-05 0.0051255 3.54844e-09 0.000497602 2.15348e-06 0.00937362 0.000233663 0.000327046 0.00937335 0.0364978 0.00754493 0.000542142 0.000493815 0.0690619 0.00157556 0.0095817 0.018349 0.0140246 0.671445 0.00660772 0.0289882 0.0444113 5.64162e-06 0.0297701 0.00222066 
0.00301389 0.000187851 0.000238616 3.66423e-12 6.30664e-06 0.000136483 0.000139865 0.00158257 0.000214174 0.00286528 0.00098911 0.00327194 3.24355e-08 4.0985e-07 0.796367 4.1713e-05 2.34187e-05 0.00345059 0.0472005 0.0342921 0.00458241 0.0155775 0.067689 4.52661e-07 0.0180824 4.57557e-05 
0.000155937 1.23097e-05 0.000871464 1.05921e-06 0.000116855 3.95631e-06 7.93516e-05 0.00258411 0.000457475 0.0611242 4.79222e-05 2.99277e-05 0.000420605 0.881827 0.00025348 0.000346974 2.12722e-06 0.000246872 0.0121453 0.00052157 0.000187522 0.000870296 0.0251602 1.58283e-05 0.0115862 0.000931272 
0.0532564 3.30402e-06 0.0139425 5.84814e-09 3.03097e-07 1.05617e-08 3.63729e-06 4.05658e-05 0.216847 0.191173 0.000125697 4.58207e-06 0.0116497 1.17121e-05 0.111206 0.026057 0.000339353 0.120652 0.0634589 0.0343007 0.00565392 0.0404665 0.0313011 6.22823e-09 0.0743688 0.00513684 
0.00060594 6.2253e-06 3.02469e-05 1.3376e-09 0.000183185 3.55339e-07 2.05673e-06 7.34408e-06 2.17869e-05 0.00484946 2.07148e-05 0.00544406 6.26857e-05 1.22381e-07 0.00113584 2.12223e-05 0.981776 0.00211799 0.000677382 0.00110825 0.000330879 0.000186363 0.00103355 3.44706e-05 0.00034039 3.28821e-06 
0.0258061 8.87862e-06 0.0153162 2.22276e-07 4.20708e-05 2.38154e-05 0.00143154 0.00167439 0.48928 0.0210878 0.00465327 0.00773503 0.00422139 3.43029e-05 0.121179 0.000706043 2.58003e-05 0.0229148 0.0148316 0.00261095 0.0192977 0.0146483 0.0839512 5.61823e-06 0.134017 0.0144962 
0.00090801 3.80364e-11 0.059238 3.32908e-11 0.00161736 1.56765e-05 0.00151866 0.000482745 3.73205e-05 0.127695 0.00715018 0.00289829 0.000369812 1.39018e-07 0.468903 5.2675e-07 1.80854e-06 0.0209575 0.0235169 0.00553311 0.0114749 0.0012618 0.236284 3.70815e-08 0.0288161 0.00132 
1.10945e-05 1.26669e-07 0.0023211 8.19676e-12 0.000399968 3.13413e-06 1.55922e-05 0.0158423 0.000142498 0.000840322 0.310896 0.00489175 4.3758e-09 2.94695e-05 0.00835984 3.26574e-07 2.6045e-05 0.00124205 0.00124181 1.16385e-05 8.37295e-05 6.03181e-05 0.0196466 5.75232e-07 0.633934 4.14869e-08 
0.00060594 6.2253e-06 3.02469e-05 1.3376e-09 0.000183185 3.55339e-07 2.05673e-06 7.34408e-06 2.17869e-05 0.00484946 2.07148e-05 0.00544406 6.26857e-05 1.22381e-07 0.00113584 2.12223e-05 0.981776 0.00211799 0.000677382 0.00110825 0.000330879 0.000186363 0.00103355 3.44706e-05 0.00034039 3.28821e-06 
0.0131221 0.00434771 0.00444418 8.26072e-06 0.000108785 0.000687637 1.61343e-05 0.00301395 0.0178725 0.152929 0.00133018 0.014697 0.000201855 0.00240483 0.0078599 0.027567 0.0128382 0.00860872 0.552305 0.0134392 0.00956977 0.0158669 0.0231003 4.45446e-05 0.0289703 0.0846455 
5.39809e-05 1.41416e-09 0.00287715 9.98982e-13 1.22913e-12 3.61026e-06 1.65025e-05 0.0191391 0.000900666 0.000704973 0.0027902 0.000312161 1.67445e-07 1.78554e-09 0.00391138 3.03101e-05 4.47635e-06 6.03431e-05 0.00137144 0.00105956 0.000780777 0.000174193 0.0131431 1.15427e-09 0.0307246 0.921941 
0.00468922 3.61649e-08 0.000193458 1.41873e-09 1.13023e-05 7.53587e-05 2.51104e-07 2.01784e-07 1.2191e-06 0.00436491 0.0120076 1.33502e-07 2.09423e-06 1.67071e-09 0.0111794 0.000563396 3.56823e-05 0.0887941 6.95122e-07 0.0549581 0.233442 0.584008 0.00120633 4.84901e-08 0.00446418 1.618e-06 
0.00060594 6.2253e-06 3.02469e-05 1.3376e-09 0.000183185 3.55339e-07 2.05673e-06 7.34408e-06 2.17869e-05 0.00484946 2.07148e-05 0.00544406 6.26857e-05 1.22381e-07 0.00113584 2.12223e-05 0.981776 0.00211799 0.000677382 0.00110825 0.000330879 0.000186363 0.00103355 3.44706e-05 0.00034039 3.28821e-06 
0.00092973 0.728757 0.00742201 5.72043e-12 1.58333e-05 8.86154e-06 0.00179461 0.0100852 0.00114005 0.00194865 0.00333635 5.35209e-05 0.00027492 6.73644e-12 0.0627441 1.00545e-05 7.56387e-06 0.0371834 0.00782055 0.000231917 0.00301558 0.000506969 0.0595692 2.30583e-09 0.072834 0.000309735 
5.46685e-05 2.31113e-05 0.000103448 4.53935e-12 1.23958e-05 1.24429e-08 0.991957 1.61748e-05 0.0016364 0.000502815 0.000110744 6.79208e-05 2.2593e-05 2.59542e-05 0.000263777 4.34308e-05 1.5539e-05 7.09995e-05 0.00014859 0.000411218 1.74402e-05 0.00184241 0.000947384 4.67097e-07 0.00170476 1.08081e-06 
0.0669295 1.22972e-05 0.000376945 1.21988e-08 0.000192239 0.000725152 1.50731e-05 0.0123212 0.00133122 0.00501041 0.000233536 0.00111134 1.40602e-07 0.000259889 0.509933 0.00014951 2.70866e-05 0.00277833 0.156674 0.00721553 0.00896571 0.0698194 0.146033 0.000222621 0.00931466 0.0003476 
5.39809e-05 1.41416e-09 0.00287715 9.98982e-13 1.22913e-12 3.61026e-06 1.65025e-05 0.0191391 0.000900666 0.000704973 0.0027902 0.000312161 1.67445e-07 1.78554e-09 0.00391138 3.03101e-05 4.47635e-06 6.03431e-05 0.00137144 0.00105956 0.000780777 0.000174193 0.0131431 1.15427e-09 0.0307246 0.921941 
0.00557301 0.000107335 0.0198122 2.7744e-09 4.76098e-06 1.55126e-05 0.00615273 0.000148197 0.00781202 0.189118 0.000274473 0.0770992 0.00388584 5.33522e-07 0.00928838 2.6336e-06 9.60192e-05 0.059901 0.168932 0.00243966 0.0592337 0.00756507 0.324768 3.81834e-08 0.0441611 0.013608 
0.0138273 1.37593e-05 0.00154839 3.17461e-07 0.000458292 8.89661e-06 0.000115117 0.000279077 0.00275307 0.348446 0.00389122 0.00146694 0.00044281 7.23792e-06 0.126357 0.00475936 1.64499e-05 0.0342905 0.101448 0.0337488 0.0150752 0.22258 0.0421347 1.16353e-05 0.0462621 5.77292e-05 
0.00060594 6.2253e-06 3.02469e-05 1.3376e-09 0.000183185 3.55339e-07 2.05673e-06 7.34408e-06 2.17869e-05 0.00484946 2.07148e-05 0.00544406 6.26857e-05 1.22381e-07 0.00113584 2.12223e-05 0.981776 0.00211799 0.000677382 0.00110825 0.000330879 0.000186363 0.00103355 3.44706e-05 0.00034039 3.28821e-06 
0.014104 0.000476782 0.103532 8.8254e-07 0.00335401 0.000375632 0.00102959 0.0468356 0.0133207 0.00738979 0.122172 0.00330467 0.000743715 0.000349445 0.0267339 0.000885127 5.00087e-05 0.00954023 0.0105907 0.00344247 0.0134793 0.0116224 0.0393892 2.48495e-06 0.553388 0.0138878 
0.01526 1.72983e-08 0.0723173 1.17437e-11 9.56481e-07 3.82332e-08 0.000986 0.000550708 0.00325769 0.0340442 0.00283806 0.0303727 0.000162719 1.43909e-06 0.156524 8.07463e-07 3.58516e-05 0.0047972 0.07992 0.403699 0.00354933 0.00393043 0.0479911 1.34717e-06 0.139655 0.000103988 
0.162114 2.03438e-08 0.0100325 1.78056e-08 9.80542e-07 0.00832025 1.20271e-06 0.00146297 0.000446307 0.00604015 0.000160454 3.362e-05 0.0469858 2.09681e-08 0.272909 0.00136267 5.47148e-07 0.00890762 0.00562136 0.00017889 0.0328942 0.0132007 0.344929 6.28642e-06 0.0840993 0.000292192 
0.0236932 0.00119158 0.00656872 8.15191e-11 0.000173239 0.000592836 0.000112723 0.000714513 0.0907052 0.113053 0.000164402 0.00604818 7.30255e-05 0.00224829 0.0777595 0.0109367 0.000149297 0.028543 0.431441 0.0115044 0.0405767 0.00346198 0.12082 0.000852337 0.0283369 0.000279359 
0.00427979 3.10795e-05 0.122748 3.9133e-10 4.81484e-10 2.53893e-05 0.000233731 0.00164415 0.000659812 0.000484483 7.37413e-05 0.00204551 0.000914997 0.000186645 0.0229004 9.69234e-06 2.41212e-05 0.00172811 0.000740636 0.00967164 0.000554377 0.000118945 0.00492453 1.12022e-06 0.821855 0.00414321 
0.0592531 0.000276458 0.00139996 4.86845e-09 1.74093e-05 8.79238e-09 2.24956e-05 3.42942e-05 0.0146674 0.496389 0.00124706 0.0463412 0.00654328 9.63858e-06 0.0536454 0.000226234 5.4785e-05 0.0246123 0.119641 0.0341662 0.0224403 0.0054126 0.110395 1.32117e-06 0.00302862 0.000175302 
0.0136448 3.54332e-05 0.025445 1.20941e-08 0.000632515 0.000414144 0.000853506 0.00956371 0.00666663 0.292928 0.000529372 0.00879659 0.076626 9.5767e-06 0.0739238 0.00243887 0.000103359 0.0770293 0.0318917 0.00159233 0.0383193 0.0134774 0.166354 4.98438e-06 0.158708 1.20365e-05 
0.0222414 1.37465e-05 0.00133995 4.92618e-08 2.4001e-06 5.99472e-06 0.00045992 5.64069e-05 0.000175334 0.0116289 0.00071104 0.000206279 0.00863765 0.00010831 0.0323468 6.95786e-05 2.04032e-06 0.00106002 0.00365698 0.00597551 0.00367973 0.000996688 0.896457 1.9192e-07 0.0101179 5.04533e-05 
0.00348262 0.000132054 0.0680192 1.59261e-05 7.50585e-05 3.27346e-05 0.000128908 0.00286086 0.307216 0.0147 0.00077323 0.119974 0.0464296 0.000310377 0.272688 5.55226e-05 0.0119148 0.0160254 0.027136 0.00794029 0.00165981 0.00247779 0.0723815 3.34079e-05 0.0206239 0.00291214 
0.00942225 0.00850804 0.0178695 1.14022e-07 3.91107e-05 1.39719e-05 0.000133937 0.00753274 0.0708376 0.0455504 0.067331 0.00305747 0.012831 2.40176e-07 0.0735519 0.0289965 4.17115e-05 0.013293 0.0406711 0.0114719 0.0130474 0.0334099 0.380366 1.61198e-06 0.160978 0.00104299 
7.34888e-05 1.12896e-05 0.010939 4.25486e-08 1.3219e-05 0.00429579 0.000378789 0.000204195 0.00297444 0.0127009 0.0642608 0.0029424 7.48201e-06 3.97864e-05 8.5937e-08 0.000376559 6.33715e-07 0.0152455 0.000407716 0.00705275 0.00567502 0.000486664 0.00928578 5.29924e-06 0.857584 0.00503842 
4.09691e-05 0.987696 6.59443e-05 3.98278e-13 1.60484e-07 5.3751e-07 7.67548e-06 0.0012059 0.000995409 0.0004268 0.00104465 0.000317588 2.08694e-09 4.69017e-13 0.0016883 2.89223e-06 0.000471529 0.000100785 0.000686062 1.71696e-05 0.00013129 9.86078e-05 0.00222043 0.000284322 0.00247973 1.71333e-05 
0.0121218 0.000203408 0.0147792 5.08247e-12 0.000148806 6.56541e-06 0.000497132 0.000495051 0.0363175 0.0700261 0.000488472 0.00956204 0.0107335 0.000103555 0.245478 6.99107e-06 0.00032521 0.00367452 0.0273023 0.27256 0.0237675 0.0058077 0.209829 9.9965e-09 0.0447058 0.0110596 
0.00316065 5.2199e-05 0.000302092 3.13916e-06 0.00232681 9.06627e-05 1.82764e-05 7.32366e-05 0.0563022 0.0382532 9.86039e-05 0.708701 4.75293e-05 0.000164205 0.00680057 0.000729229 0.00938125 0.0746198 0.0148822 0.00802146 0.00208337 0.0051169 0.00369521 0.0336343 0.00620842 0.0252335 
0.0313032 2.28442e-06 0.000713289 6.99713e-10 3.33377e-05 0.000227604 0.000140064 7.70219e-05 0.000840306 0.0178295 0.00963086 0.000486239 0.000135811 4.16995e-05 0.244729 0.00224515 3.72574e-05 0.00184034 0.225032 0.047711 0.0106471 0.361164 0.0359592 2.29984e-06 0.00893794 0.000233459 
0.0361851 3.02219e-05 0.000392533 1.11066e-07 0.00156613 0.000307258 5.90054e-05 0.0426806 0.00024873 0.0464334 0.00352473 0.0187972 0.000263306 0.00448531 0.458093 0.000769693 0.00177435 0.00825552 0.0945361 0.147204 0.00966665 0.0118618 0.0543719 3.7015e-07 0.0584121 8.07737e-05 
0.0131577 0.00269615 0.0638766 1.32235e-08 0.0223673 8.67036e-07 7.82124e-05 0.013409 0.00789024 0.0102881 0.340088 0.000251909 0.00150983 0.000269961 0.0214277 4.41702e-05 1.64723e-05 0.00278415 0.00594664 0.000378298 0.00391233 0.00178974 0.0493261 2.54813e-05 0.419314 0.0191515 
4.09691e-05 0.987696 6.59443e-05 3.98278e-13 1.60484e-07 5.3751e-07 7.67548e-06 0.0012059 0.000995409 0.0004268 0.00104465 0.000317588 2.08694e-09 4.69017e-13 0.0016883 2.89223e-06 0.000471529 0.000100785 0.000686062 1.71696e-05 0.00013129 9.86078e-05 0.00222043 0.000284322 0.00247973 1.71333e-05 
2.06248e-05 0.98357 2.73862e-05 5.2133e-12 5.10472e-08 1.68325e-07 1.14018e-05 0.000456704 0.00436506 0.0018818 0.000342304 0.000590824 1.22927e-05 1.66705e-08 0.000519526 1.24707e-05 0.0030742 7.07959e-05 0.00201427 8.7695e-05 0.000377696 0.000211331 0.000806909 0.000559984 0.000968552 1.7823e-05 
0.00100485 0.000245335 0.0026734 3.80865e-08 2.87103e-05 2.10271e-05 0.000125302 0.00341557 0.0107372 0.035106 0.00650174 0.00477869 0.00230048 0.000607583 0.377255 0.000278378 0.000274183 0.00207696 0.0342955 0.305003 0.0224272 0.00478341 0.13245 2.83763e-06 0.0527462 0.00086232 
0.00060594 6.2253e-06 3.02469e-05 1.3376e-09 0.000183185 3.55339e-07 2.05673e-06 7.34408e-06 2.17869e-05 0.00484946 2.07148e-05 0.00544406 6.26857e-05 1.22381e-07 0.00113584 2.12223e-05 0.981776 0.00211799 0.000677382 0.00110825 0.000330879 0.000186363 0.00103355 3.44706e-05 0.00034039 3.28821e-06 
0.00145501 1.19742e-06 0.00648317 2.6402e-08 1.94093e-07 0.000245317 0.000281443 2.22437e-05 0.0816842 0.098111 9.98243e-05 0.00626171 0.000942187 0.0590546 0.00379854 0.000219305 0.000116089 0.00242836 0.615682 0.000827791 0.0122745 0.0168844 0.0742854 1.01255e-07 0.0188413 2.59372e-07 
0.0324561 0.000748357 0.0618348 3.69345e-06 1.48309e-05 0.000345616 0.000775749 0.000996443 0.0687506 0.07618 0.00176146 0.0152384 0.00388587 0.000165381 0.0803073 0.000968409 3.24182e-05 0.0228582 0.0567324 0.00750344 0.0133576 0.00502108 0.512385 3.124e-05 0.0375606 8.50192e-05 
0.00168796 2.92908e-07 0.00082071 8.34689e-08 4.03383e-05 1.66266e-05 0.00237856 0.000313155 2.11758e-05 0.0048281 0.0369469 0.000153164 2.52357e-05 3.79939e-05 0.0482481 0.00925174 1.3231e-05 0.00114343 0.0138128 0.00640493 0.00400494 0.840561 0.0205995 4.02552e-07 0.00863759 5.19405e-05 
0.00761888 0.000105288 0.0689445 3.98749e-07 0.000429312 0.00727492 0.000833857 0.00663788 0.123367 0.044362 0.0211702 0.00727408 0.00136355 6.06479e-05 0.128225 0.000637007 0.000189541 0.0125203 0.00964899 0.00654368 0.0105184 0.00293056 0.216377 1.0878e-05 0.288253 0.0347035 
0.00202596 0.000847955 0.00179472 1.47187e-11 2.41164e-06 1.26973e-08 3.4302e-05 0.00205328 0.00097678 0.00874644 0.00409212 0.000323172 7.83349e-06 1.73329e-11 0.509141 5.68236e-06 3.49423e-07 0.00504132 0.00405208 0.00470843 0.112566 0.0017038 0.330045 9.13865e-08 0.0118307 8.06853e-08 
0.000199204 5.54807e-05 0.393607 6.957e-11 0.0140353 0.000357772 0.000314782 0.00140109 0.00288583 0.0230125 0.0717975 0.00116471 0.00669819 0.00293584 0.000868798 0.000473438 1.38543e-08 0.000612401 0.00451685 2.12065e-07 0.00195173 0.000218611 0.161055 4.33761e-08 0.311624 0.000212995 
0.000584034 1.65301e-05 0.117723 4.25189e-11 4.76678e-05 0.00019654 3.18396e-06 0.004662 0.0312701 0.0807311 0.00274518 0.000652553 0.000343641 5.00708e-11 0.0663859 0.000418349 1.10495e-06 0.0105596 0.0238408 4.85191e-05 0.0148334 0.0262191 0.484193 3.31941e-06 0.134379 0.000141769 
0.143554 0.000651392 0.000825563 2.43919e-08 3.00113e-08 0.00156893 0.000247175 0.00135458 0.104839 0.00126452 1.51252e-05 5.70037e-06 0.374586 2.87242e-08 0.0403958 0.00550978 3.57724e-05 0.0939378 0.0538499 0.000664856 0.0565583 0.0159626 0.00859012 0.0368077 0.0587722 2.8475e-06 
0.00060594 6.2253e-06 3.02469e-05 1.3376e-09 0.000183185 3.55339e-07 2.05673e-06 7.34408e-06 2.17869e-05 0.00484946 2.07148e-05 0.00544406 6.26857e-05 1.22381e-07 0.00113584 2.12223e-05 0.981776 0.00211799 0.000677382 0.00110825 0.000330879 0.000186363 0.00103355 3.44706e-05 0.00034039 3.28821e-06 
0.0199903 0.00249426 0.000464746 4.4942e-10 0.00807851 0.000283011 8.31252e-05 0.00349225 0.0176448 0.195208 5.15495e-05 0.208702 1.01871e-08 0.000122466 0.120813 0.00103215 0.00348071 0.1056 0.0960726 0.0561455 0.0011592 0.0240782 0.0379007 0.00179949 0.0953035 3.15046e-08 
0.00236501 0.0036935 0.0336932 1.58958e-08 2.72255e-06 9.58144e-05 4.72218e-05 0.00197314 0.0258069 0.111998 0.00184874 0.00382226 0.0157068 0.000825938 0.0851997 0.000442673 2.97933e-05 0.0106836 0.0298624 0.0089455 0.0419399 0.0105114 0.534755 5.16916e-08 0.0707912 0.00495922 
0.00060594 6.2253e-06 3.02469e-05 1.3376e-09 0.000183185 3.55339e-07 2.05673e-06 7.34408e-06 2.17869e-05 0.00484946 2.07148e-05 0.00544406 6.26857e-05 1.22381e-07 0.00113584 2.12223e-05 0.981776 0.00211799 0.000677382 0.00110825 0.000330879 0.000186363 0.00103355 3.44706e-05 0.00034039 3.28821e-06 
0.00060594 6.2253e-06 3.02469e-05 1.3376e-09 0.000183185 3.55339e-07 2.05673e-06 7.34408e-06 2.17869e-05 0.00484946 2.07148e-05 0.00544406 6.26857e-05 1.22381e-07 0.00113584 2.12223e-05 0.981776 0.00211799 0.000677382 0.00110825 0.000330879 0.000186363 0.00103355 3.44706e-05 0.00034039 3.28821e-06 
0.00406177 9.731e-06 0.00206666 3.84288e-10 1.07866e-05 2.75436e-06 0.798544 0.000161916 0.0214266 0.0755306 0.00721408 0.00101525 0.00257974 0.00097528 0.000971089 0.00488297 0.000127416 0.00754456 0.00521198 0.0279202 0.00643894 0.0054605 0.0174071 4.51361e-06 0.00994405 0.000487592 
8.19491e-05 7.53122e-06 8.21844e-05 4.74849e-11 2.65001e-09 8.52969e-10 0.98761 9.56006e-06 0.000547218 0.002304 0.00280658 0.000223667 0.000689844 2.93283e-09 0.000122769 1.43279e-08 0.000327427 0.00056096 0.000258007 0.00234816 8.7344e-05 0.00072748 0.00102506 5.046e-06 0.000157361 1.77452e-05 
0.00060594 6.2253e-06 3.02469e-05 1.3376e-09 0.000183185 3.55339e-07 2.05673e-06 7.34408e-06 2.17869e-05 0.00484946 2.07148e-05 0.00544406 6.26857e-05 1.22381e-07 0.00113584 2.12223e-05 0.981776 0.00211799 0.000677382 0.00110825 0.000330879 0.000186363 0.00103355 3.44706e-05 0.00034039 3.28821e-06 
6.13367e-05 4.8834e-06 6.94461e-05 4.10117e-10 3.03618e-09 1.45662e-07 1.34785e-06 0.00015266 0.0780844 0.00953223 2.63022e-05 0.0026844 0.000803716 4.82958e-10 0.615329 1.62404e-06 4.97959e-05 0.00824606 0.0754796 1.58172e-07 0.0127948 0.00262446 0.191453 3.85278e-06 0.00259609 6.2995e-08 
0.00060594 6.2253e-06 3.02469e-05 1.3376e-09 0.000183185 3.55339e-07 2.05673e-06 7.34408e-06 2.17869e-05 0.00484946 2.07148e-05 0.00544406 6.26857e-05 1.22381e-07 0.00113584 2.12223e-05 0.981776 0.00211799 0.000677382 0.00110825 0.000330879 0.000186363 0.00103355 3.44706e-05 0.00034039 3.28821e-06 
0.000665434 0.01407 0.0491415 2.6142e-11 0.000599944 2.29587e-07 8.34882e-05 0.00233598 0.285902 0.0325736 0.016541 0.00468188 0.000208322 3.07851e-11 0.0328828 1.44905e-05 4.98391e-08 0.0100117 0.103812 6.44853e-07 0.00983006 0.00492751 0.157389 1.54781e-07 0.266723 0.00760497 
0.00060594 6.2253e-06 3.02469e-05 1.3376e-09 0.000183185 3.55339e-07 2.05673e-06 7.34408e-06 2.17869e-05 0.00484946 2.07148e-05 0.00544406 6.26857e-05 1.22381e-07 0.00113584 2.12223e-05 0.981776 0.00211799 0.000677382 0.00110825 0.000330879 0.000186363 0.00103355 3.44706e-05 0.00034039 3.28821e-06 
0.00469452 6.12486e-05 0.00378405 3.10721e-07 9.39888e-06 4.80804e-05 0.000560619 0.000149552 0.0177645 0.0128481 0.0400713 0.002084 0.00450806 6.99468e-05 0.0615894 0.00181298 7.8609e-05 0.0065332 0.627071 0.0322523 0.0263772 0.0872587 0.0559445 4.54617e-06 0.0143979 2.60699e-05 
0.010045 0.000363035 0.00315072 7.35317e-11 2.71506e-06 6.64694e-06 3.31441e-05 0.000893965 0.00184545 0.119595 0.000967511 0.00855865 0.00513879 2.753e-05 0.380421 5.49892e-05 0.00117716 0.0223724 0.0187093 0.0130221 0.0270201 0.0134856 0.327683 1.93418e-05 0.045364 4.36665e-05 
0.0125844 0.0122125 0.00233442 1.15961e-07 0.000976585 0.000117531 0.000100589 0.0122081 0.00205575 0.0190127 0.0282509 0.00752164 9.87297e-05 0.00766183 0.531902 0.000208109 0.00303272 0.0125422 0.092019 0.0346803 0.00991403 0.00416483 0.160127 3.78834e-07 0.0461732 0.000100059 
4.80262e-07 0.252353 0.0534133 1.91137e-09 1.33757e-06 0.00120719 0.180212 0.000460621 0.0623573 0.0170126 0.0117164 0.00324401 0.0218639 2.25085e-09 0.00290135 5.25569e-05 0.000234249 0.00025824 0.00602755 0.0106326 0.00335551 3.68309e-05 0.192195 8.69008e-06 0.180061 0.000393097 
0.0220483 0.0148863 0.00156045 1.11383e-06 0.000211959 1.87433e-05 0.0143652 0.000129094 0.0668744 0.0419003 6.74908e-05 0.00824767 0.0393734 5.75796e-06 0.0221317 0.0209736 0.00198554 0.0293724 0.416837 0.0588138 0.00133732 0.0545536 0.143078 0.0231447 0.0180229 5.98783e-05 
0.02289 5.35732e-08 0.00255166 1.88046e-09 0.000152613 8.44118e-07 6.01438e-05 0.0511677 0.000579284 0.00106983 0.00508531 0.00018102 5.05923e-05 2.74683e-09 0.00278984 6.1567e-05 4.6443e-06 0.000420105 0.00834854 0.00134825 0.00201487 0.00102121 0.0112038 1.7614e-06 0.874095 0.0149018 
0.0128992 0.000500343 0.0352668 4.36789e-08 2.65185e-05 3.08442e-06 0.000523333 0.00706582 0.0443033 0.0127657 0.0223246 0.0431588 0.00277961 2.64727e-05 0.0991035 0.00987068 0.00023328 0.0221971 0.029707 0.12769 0.0160727 0.0073038 0.264583 4.64005e-06 0.24025 0.00134062 
0.0031435 5.65341e-05 0.000484804 8.40492e-11 1.83792e-08 3.56111e-08 4.31852e-08 0.00657991 0.00135675 0.00281734 0.00339698 0.000115913 2.62652e-07 9.89773e-11 0.750809 3.59681e-05 9.37018e-06 0.00038782 0.00682061 0.00374773 0.0252827 0.000185226 0.164009 1.00918e-07 0.0301795 0.000580536 
0.00271612 0.000409705 0.00159006 5.5775e-08 0.000141449 1.96322e-05 4.10547e-05 0.00229534 0.0017445 0.056073 0.0101782 0.0830903 0.00025092 0.000219023 0.0396306 0.00113451 0.54508 0.0352581 0.0446824 0.0199761 0.0149639 0.0209097 0.0924585 0.00023365 0.0265676 0.000335725 
0.0820551 0.000257778 0.0128991 4.83563e-09 1.16798e-05 0.000130159 0.0059708 0.000379535 0.0326058 0.152132 0.152458 0.00102117 0.0091966 5.92626e-08 0.00989464 0.0158993 2.34723e-05 0.00570149 0.0369809 0.0115292 0.0420426 0.136647 0.0681753 3.49468e-05 0.216422 0.00753122 
0.000240936 0.688267 0.000928703 1.18255e-07 0.051896 1.73161e-05 2.30173e-05 0.000802299 0.00254027 0.00935211 0.061429 0.000855146 0.000181693 2.19086e-07 0.0413628 0.00012538 6.52537e-05 0.00268844 0.00109171 0.0055085 0.0370333 0.001997 0.0638014 8.42849e-06 0.0294653 0.000319071 
0.00836546 0.00658332 0.00431282 2.06167e-08 0.00163892 2.28146e-05 0.000188847 0.0108832 0.00939578 0.160556 0.00121391 0.102309 8.62482e-05 0.00722326 0.105469 0.000838146 0.0134554 0.0842294 0.198936 0.0404081 0.0498078 0.0164638 0.167027 1.58707e-05 0.0105528 1.7847e-05 
0.00060594 6.2253e-06 3.02469e-05 1.3376e-09 0.000183185 3.55339e-07 2.05673e-06 7.34408e-06 2.17869e-05 0.00484946 2.07148e-05 0.00544406 6.26857e-05 1.22381e-07 0.00113584 2.12223e-05 0.981776 0.00211799 0.000677382 0.00110825 0.000330879 0.000186363 0.00103355 3.44706e-05 0.00034039 3.28821e-06 
0.000833006 2.13285e-05 0.00313913 5.59793e-07 3.6391e-05 1.14966e-05 0.000365327 0.00202041 0.0164533 0.0290237 0.00457794 0.000621109 0.00450165 0.902282 0.000730383 0.000584845 3.70205e-06 0.00388592 0.000670541 0.00076562 0.00113015 0.000166283 0.00541905 2.56027e-06 0.0224341 0.000319892 
0.00060594 6.2253e-06 3.02469e-05 1.3376e-09 0.000183185 3.55339e-07 2.05673e-06 7.34408e-06 2.17869e-05 0.00484946 2.07148e-05 0.00544406 6.26857e-05 1.22381e-07 0.00113584 2.12223e-05 0.981776 0.00211799 0.000677382 0.00110825 0.000330879 0.000186363 0.00103355 3.44706e-05 0.00034039 3.28821e-06 
0.0477678 7.15619e-05 0.0259483 1.45399e-09 8.99805e-05 8.07264e-06 0.000717436 2.2406e-05 0.207309 0.0637788 0.00746075 0.00437405 0.000868079 0.00169841 0.0534344 0.00095236 0.000538418 0.00637484 0.362776 0.00584766 0.0105566 0.00235391 0.168706 5.27474e-06 0.0279701 0.000368891 
0.00275184 5.10535e-07 0.0186232 3.22122e-11 1.59833e-05 1.72701e-05 1.79181e-05 0.000354965 0.0046198 0.0344634 0.00211759 0.000353074 0.0263373 1.28786e-07 0.0150091 0.000593807 9.51242e-07 0.0201583 0.0260701 0.000328122 0.0214348 0.00628541 0.0573555 6.45586e-08 0.763056 3.51615e-05 
0.0539885 6.35809e-05 0.0396966 2.32629e-07 0.000847419 5.78772e-05 0.00024216 0.000267376 0.0018431 0.048945 0.00895766 0.0327682 0.000925753 0.0321954 0.100501 0.138943 0.00557663 0.0401794 0.15464 0.207873 0.0244243 0.0444973 0.0555107 6.98081e-05 0.00683029 0.00015592 
0.00755549 9.00599e-06 0.0264603 1.63812e-10 2.04693e-06 2.69147e-05 6.83268e-05 0.0156068 0.00672788 0.0661164 0.0314539 0.000643113 0.00558815 1.92907e-10 0.0368822 0.000444639 6.08961e-06 0.0241141 0.153842 0.000175051 0.0303975 0.00186069 0.547591 1.9557e-05 0.044133 0.000275921 
0.000603823 0.000221844 0.0123979 2.72736e-06 0.0617778 0.000427018 0.00366646 0.000586168 0.544028 0.0329989 0.0320863 0.0132428 0.000327203 9.11352e-05 0.017483 3.43506e-05 9.15123e-05 0.00484282 0.0687239 0.000544452 0.0022261 0.0136161 0.0648289 3.93064e-06 0.119938 0.00520858 
0.00545662 0.0245417 0.00147179 9.00108e-10 1.78434e-06 1.62559e-09 0.000154161 0.000193702 0.59703 0.0756192 0.0303319 0.00231938 0.0284749 1.05998e-09 0.000401633 0.00322854 0.00108097 0.00837606 0.143137 0.00253436 0.00396219 0.00165579 0.0381823 0.000214712 0.0316308 1.4084e-07 
0.00060594 6.2253e-06 3.02469e-05 1.3376e-09 0.000183185 3.55339e-07 2.05673e-06 7.34408e-06 2.17869e-05 0.00484946 2.07148e-05 0.00544406 6.26857e-05 1.22381e-07 0.00113584 2.12223e-05 0.981776 0.00211799 0.000677382 0.00110825 0.000330879 0.000186363 0.00103355 3.44706e-05 0.00034039 3.28821e-06 
0.000786959 4.76645e-08 0.00331979 7.38695e-11 2.0267e-06 1.67724e-08 0.0013121 5.69292e-05 0.0283706 0.000409639 6.25411e-08 0.00927463 0.000745392 8.69896e-11 0.00470989 5.4025e-05 0.00141616 0.00729873 0.0018752 0.00121921 0.920792 0.000112354 0.00505599 6.93565e-08 0.0131882 2.098e-07 
0.0185068 0.0013037 0.00598256 1.82326e-09 0.000298929 1.80328e-05 0.00203149 0.000555564 0.0195849 0.265191 0.0427396 0.0206314 0.00550749 0.000126583 0.0798954 0.0297358 0.000133504 0.0103376 0.11708 0.156324 0.0284272 0.0444762 0.0913447 0.000100357 0.0582077 0.00146003 
0.0377284 0.000317944 0.0100184 2.00929e-06 3.82388e-06 6.05158e-06 0.00214468 0.0018822 0.315271 0.0610107 0.00633417 0.00948501 0.0638906 0.00090827 0.0955032 0.000771306 0.00328063 0.224551 0.0297709 0.00452209 0.00366922 0.0104098 0.0505753 1.01626e-05 0.0674496 0.000482919 
0.000387043 0.117249 6.20506e-05 2.34277e-09 7.60873e-05 1.62305e-07 2.58275e-05 1.53866e-05 0.00306501 0.0199526 2.73468e-05 0.0109427 0.000264737 0.000134903 0.00047 0.000120873 0.831169 0.00161239 0.00670312 0.00202838 0.00238757 0.000942322 0.000802245 0.00097544 0.000556971 2.85202e-05 
0.024249 1.4268e-07 0.000126654 1.6191e-10 8.75856e-08 1.47372e-07 0.000206752 1.83996e-05 0.00460841 0.000412626 4.1403e-09 0.000302081 0.00369031 1.92097e-08 0.00570394 5.75113e-05 0.00175044 0.939621 0.00012503 0.000345414 0.0157003 0.000506865 0.00254425 4.38256e-06 2.0232e-05 6.04587e-06 
0.00060594 6.2253e-06 3.02469e-05 1.3376e-09 0.000183185 3.55339e-07 2.05673e-06 7.34408e-06 2.17869e-05 0.00484946 2.07148e-05 0.00544406 6.26857e-05 1.22381e-07 0.00113584 2.12223e-05 0.981776 0.00211799 0.000677382 0.00110825 0.000330879 0.000186363 0.00103355 3.44706e-05 0.00034039 3.28821e-06 
0.0133582 1.1253e-05 0.00179311 7.34531e-11 0.000300854 1.84652e-05 0.00220156 0.000425921 0.00818937 0.0123401 0.0182657 0.669271 0.00154071 9.55789e-08 0.0214216 0.00104246 0.00130479 0.0223892 0.0046198 0.111317 0.0139193 0.0314729 0.02362 8.24663e-05 0.0410087 8.5864e-05 
0.0393717 5.86837e-05 0.0252873 2.72661e-05 0.00644692 0.00150131 0.000201034 0.00463151 0.016851 0.0262435 0.037539 0.00118315 0.000978961 0.00395082 0.0289757 0.00931373 0.000219656 0.00499612 0.0142213 0.00706099 0.00982919 0.014118 0.0567599 4.8876e-05 0.686565 0.00361899 
0.0182716 2.19818e-05 0.0157617 5.00156e-06 0.00251413 0.261034 0.00633975 0.000853034 0.00958456 0.0166347 0.00646146 0.00359846 0.00390715 0.000828472 0.114617 0.000518613 0.000772618 0.00639728 0.0608965 0.0611327 0.00774876 0.00795536 0.0635016 2.0533e-05 0.3301 0.000523337 
0.000164287 2.06317e-09 0.00224258 2.71232e-12 5.65397e-10 5.4654e-06 1.08084e-05 0.0128561 0.000864998 0.000558078 0.00213097 0.000264799 3.87181e-05 1.85068e-07 0.004106 1.98486e-05 2.9317e-06 0.000101752 0.00117309 0.000950799 0.000702391 0.000276089 0.0115139 1.77914e-09 0.0213703 0.940646 
0.00457379 0.000100697 0.00139466 8.54767e-12 6.82958e-06 7.33586e-05 8.79529e-05 0.00106425 0.000431175 0.00261193 0.000937802 0.00176365 0.000234119 3.98146e-07 0.786145 2.23669e-05 1.25543e-05 0.00391254 0.0364413 0.0223356 0.00447326 0.0233618 0.095177 2.44504e-07 0.014747 9.09198e-05 
0.00359079 0.00199919 0.00997083 3.44915e-07 0.000119104 0.00311411 0.000768069 0.00104201 0.411474 0.102744 0.000113281 0.0185211 0.0106491 1.02329e-05 0.0713364 0.00198666 0.000660027 0.00673916 0.0157827 0.0235526 0.0125832 0.0099882 0.0833268 4.03017e-06 0.208257 0.00166758 
0.00060594 6.2253e-06 3.02469e-05 1.3376e-09 0.000183185 3.55339e-07 2.05673e-06 7.34408e-06 2.17869e-05 0.00484946 2.07148e-05 0.00544406 6.26857e-05 1.22381e-07 0.00113584 2.12223e-05 0.981776 0.00211799 0.000677382 0.00110825 0.000330879 0.000186363 0.00103355 3.44706e-05 0.00034039 3.28821e-06 
0.00060594 6.2253e-06 3.02469e-05 1.3376e-09 0.000183185 3.55339e-07 2.05673e-06 7.34408e-06 2.17869e-05 0.00484946 2.07148e-05 0.00544406 6.26857e-05 1.22381e-07 0.00113584 2.12223e-05 0.981776 0.00211799 0.000677382 0.00110825 0.000330879 0.000186363 0.00103355 3.44706e-05 0.00034039 3.28821e-06 
0.00169036 0.0522826 0.00157499 1.08078e-10 1.36531e-07 4.48284e-07 1.37775e-06 0.00183539 0.169226 0.348288 4.13178e-06 0.00263259 6.52837e-06 1.27274e-10 0.00564883 8.50967e-08 9.18798e-07 0.0100397 0.0141882 0.099548 0.0846166 0.00123114 0.0878931 0.0130963 0.105637 0.00055713 
0.00114551 2.58844e-08 0.00111362 1.05053e-08 2.96205e-05 4.29934e-07 0.010872 0.000111127 0.00275828 0.00150453 0.0088422 0.252232 0.00650052 0.568426 0.00213072 2.97148e-05 1.50156e-05 0.00228376 0.0022112 0.000145984 0.00620738 5.44008e-08 0.0267801 9.69573e-08 0.106659 4.46979e-07 
0.00138579 0.000555485 0.0159006 1.21288e-09 0.00371192 4.59634e-05 0.000171489 0.000206319 0.00494277 0.637807 0.0156519 0.00923131 0.00335092 8.1792e-07 0.00942382 0.000425627 0.0256259 0.0413219 0.0162128 0.00449228 0.0183293 0.0459403 0.115496 2.22008e-05 0.0297187 2.88945e-05 
0.0239257 4.58601e-05 0.013007 2.64711e-11 3.63445e-06 4.69758e-07 0.0859714 0.00288758 5.78035e-05 0.0156429 0.00221997 0.000406077 0.00200207 3.11727e-11 0.246193 4.83183e-05 0.000150238 0.00195372 0.00532793 0.083121 0.0636612 0.0407066 0.327327 4.57059e-06 0.0767695 0.00856664 
0.0342483 0.000857077 0.0032721 8.85836e-10 0.0276134 5.92513e-06 0.000412496 0.000382795 0.0236822 0.412043 0.0377023 0.0923282 0.00402704 8.00544e-05 0.0266872 2.10111e-07 0.00696998 0.0310574 0.0708023 0.00681699 0.0403289 0.000756913 0.0314188 1.42947e-06 0.147844 0.000660035 
0.00525393 0.000572468 0.00154505 1.42292e-09 1.04173e-05 8.45942e-05 0.00629414 0.0175749 0.0434952 0.219981 0.0306297 0.390103 0.000948019 0.000137026 0.0411118 0.00681752 0.0800609 0.0181097 0.0211601 0.00914531 0.00308101 0.00845894 0.0361371 6.84118e-07 0.0511243 0.0081629 
5.46685e-05 2.31113e-05 0.000103448 4.53935e-12 1.23958e-05 1.24429e-08 0.991957 1.61748e-05 0.0016364 0.000502815 0.000110744 6.79208e-05 2.2593e-05 2.59542e-05 0.000263777 4.34308e-05 1.5539e-05 7.09995e-05 0.00014859 0.000411218 1.74402e-05 0.00184241 0.000947384 4.67097e-07 0.00170476 1.08081e-06 
0.00060594 6.2253e-06 3.02469e-05 1.3376e-09 0.000183185 3.55339e-07 2.05673e-06 7.34408e-06 2.17869e-05 0.00484946 2.07148e-05 0.00544406 6.26857e-05 1.22381e-07 0.00113584 2.12223e-05 0.981776 0.00211799 0.000677382 0.00110825 0.000330879 0.000186363 0.00103355 3.44706e-05 0.00034039 3.28821e-06 
0.00060594 6.2253e-06 3.02469e-05 1.3376e-09 0.000183185 3.55339e-07 2.05673e-06 7.34408e-06 2.17869e-05 0.00484946 2.07148e-05 0.00544406 6.26857e-05 1.22381e-07 0.00113584 2.12223e-05 0.981776 0.00211799 0.000677382 0.00110825 0.000330879 0.000186363 0.00103355 3.44706e-05 0.00034039 3.28821e-06 
0.0133586 3.39286e-07 0.000217071 8.32874e-09 3.97433e-05 3.34573e-06 2.19642e-05 5.82097e-06 0.000190677 0.735669 5.67856e-06 2.06098e-05 0.00891283 4.08331e-08 0.00252242 7.05217e-06 7.81568e-07 0.0483743 0.00350469 0.00666528 0.105017 0.0206363 0.0547195 1.86035e-08 0.000106258 6.82767e-08 
1.97887e-07 3.82607e-07 0.00131332 4.25193e-10 1.21329e-07 6.90143e-07 0.000757623 9.8174e-06 0.0747475 0.872628 4.76568e-05 0.000120848 0.0121344 5.49719e-07 3.33605e-07 4.29188e-08 2.08105e-05 0.000596575 0.00985859 1.06081e-05 0.00437091 0.000607431 0.0122057 1.0502e-07 0.0105675 1.72799e-07 
