0.00030111 0.866487 0.000919926 0.000237621 3.582e-09 4.77763e-07 0.0027189 0.000100377 0.0408322 0.00127396 0.00958031 0.0297418 0.00165958 4.85115e-05 0.000325068 7.57568e-05 0.00149841 0.000553247 0.0021188 0.000264156 0.000149415 6.47239e-05 0.000533748 2.80942e-05 0.0397378 0.000748774 
0.0016397 0.156529 0.000990238 8.01592e-07 3.8847e-08 4.00677e-05 1.7309e-05 0.000874814 0.598739 0.000992631 0.00299872 0.00179503 8.46191e-05 8.41108e-08 0.00315711 7.21976e-08 0.000171831 0.000105688 0.00979453 0.000375563 0.000169468 0.000133533 0.124691 6.03216e-05 0.0875182 0.00912057 
0.0244354 9.90552e-06 0.00776454 6.10722e-06 6.36977e-08 9.53482e-07 0.000734363 4.92056e-05 0.00190042 0.032936 0.000611075 0.002951 0.0117198 0.000531449 0.0234671 0.00201248 1.3472e-05 0.00519904 0.0280746 0.00437486 0.0197349 0.00440912 0.80834 3.27837e-06 0.0205584 0.000162366 
0.00396115 8.88215e-05 9.58743e-05 1.12899e-05 2.82815e-09 4.15126e-09 4.89233e-05 0.000110354 0.00366578 0.00752986 0.00277639 0.000345579 0.0012972 1.20752e-05 0.013023 1.32097e-06 2.32348e-06 1.23951e-05 0.00413828 0.00455037 0.00077502 2.35674e-05 0.936684 1.60703e-05 0.0207247 0.000105906 
0.0252691 0.000456197 0.0278363 0.00776142 2.29534e-06 0.000169914 0.00391641 0.000354425 0.0539829 0.0398903 0.0244475 0.0269886 0.0244578 5.42046e-06 0.0504318 0.000150714 0.000344249 0.104784 0.0764433 0.0139223 0.137407 0.0218566 0.199923 3.10811e-05 0.158299 0.00086892 
0.00314111 0.000381607 0.00704671 0.00032199 7.66932e-07 0.000272112 0.000330915 0.00363619 0.0608287 0.152585 0.000549369 0.000659391 0.00149007 6.12908e-05 0.0417938 0.000497303 7.50417e-06 0.00501214 0.0717176 0.00553632 0.0133226 0.0187379 0.571466 7.01433e-06 0.0369627 0.00363384 
0.0118554 7.03838e-05 0.0135314 0.118061 1.01643e-08 1.8847e-05 0.000119548 0.288675 0.0178399 0.0271406 0.0118096 0.00855712 0.00072265 1.30196e-07 0.0218338 0.000289934 4.29566e-05 0.0126696 0.106892 0.00144266 0.00981997 0.234276 0.0472681 9.78319e-05 0.063805 0.00316137 
0.00368336 2.68302e-05 0.00946205 6.41495e-05 3.75937e-07 2.08604e-05 4.65779e-05 1.60616e-05 0.0107965 0.0243529 0.00282951 0.00202285 0.00374711 7.72786e-07 0.0688951 0.00828733 4.47152e-05 0.0617192 0.326539 0.00960767 0.0136176 0.391265 0.0499966 3.32298e-06 0.0129536 6.6661e-07 
0.00256603 0.000583799 0.00231339 0.000558112 7.19169e-11 1.68952e-05 0.000472258 1.53342e-05 0.180229 0.0112984 0.003603 0.00756686 1.49721e-07 1.7698e-06 0.00952932 0.00147172 0.00107541 0.000627155 0.629985 0.00763164 1.21667e-05 0.00103264 0.0560264 0.0758015 0.00758279 5.95831e-08 
0.000632944 2.98889e-05 0.000404958 4.70096e-08 5.41993e-12 5.33136e-05 0.00033927 0.00114089 0.00547055 0.0173654 7.25889e-05 0.000160062 0.000411133 4.02165e-09 0.0843137 5.58729e-05 3.45285e-06 3.5597e-05 0.0236555 0.115715 0.00164995 0.00638296 0.73621 9.93369e-06 0.00549494 0.000391923 
0.0160874 0.000153131 0.00198702 0.000980452 6.10274e-06 9.60244e-06 0.000398027 3.45216e-05 0.102162 0.0290383 0.00670109 0.00334008 0.00101052 1.08028e-05 0.0400203 2.70874e-05 0.00161572 0.0351653 0.109087 0.00289527 0.00939325 0.000540205 0.0565813 0.574274 0.00835175 0.000130505 
0.00282466 2.67445e-05 0.000502843 1.81096e-06 1.5767e-07 0.000465179 0.00110904 5.41685e-05 0.020391 0.036011 5.7059e-05 0.0432401 0.000246071 4.00584e-07 0.0258387 0.000528133 4.47299e-05 0.00385235 0.677091 0.0708179 0.00809658 0.00455737 0.0980214 5.59007e-05 0.00615594 1.01218e-05 
0.00555727 0.00369334 0.014603 0.000207161 1.86967e-06 4.18163e-06 0.00802696 0.00205886 0.566302 0.0104108 0.00465702 0.121673 0.0205685 2.09662e-06 0.0092064 0.00528207 0.00144718 0.0286609 0.02888 0.000136782 0.00353867 0.000856504 0.0777381 3.79044e-05 0.0861552 0.000294257 
0.0436966 0.0118108 0.0580784 0.0336073 1.14927e-07 7.25863e-06 4.55224e-05 0.00847053 0.210772 0.00483433 0.000670645 0.00679842 0.000215016 1.15732e-05 0.0178217 8.73007e-07 5.42949e-05 0.00726845 0.00418753 0.00354467 0.0015371 0.00011956 0.0491571 0.000230616 0.537016 4.35211e-05 
0.0152695 0.0116867 0.000798019 1.18198e-05 2.09887e-07 1.01513e-05 0.000365047 0.00588834 0.414937 0.0599031 0.0601981 0.011687 0.0095416 0.000365691 0.0575336 0.00431843 1.76528e-05 0.00548211 0.0155624 0.000586606 0.00448942 0.00183938 0.260624 1.17633e-05 0.0585118 0.000361032 
0.0283647 0.00192972 0.015372 0.00692729 7.20694e-06 5.18925e-05 0.00241699 0.00418398 0.0212365 0.0606636 0.0143516 0.310294 0.0023006 2.92945e-05 0.194064 0.00321911 0.00677301 0.0177391 0.0228034 0.0114001 0.0171379 0.0130074 0.193417 3.87427e-05 0.0521237 0.000147698 
0.00698295 2.05177e-05 0.0130422 1.65929e-09 8.13326e-10 1.79324e-06 0.293885 0.000527658 0.00123298 0.00756918 0.00733452 0.000496209 0.000948325 4.16021e-05 0.0316103 5.67052e-07 0.000183029 0.000681884 0.0852659 0.48336 0.0012891 0.00302262 0.0311996 9.36849e-06 0.0304208 0.000874036 
1.97757e-05 0.000313708 0.05831 4.06816e-07 2.52204e-07 0.000880163 9.82847e-06 0.181655 0.341147 0.0442916 0.00908334 0.00780854 0.0124286 0.000907337 0.0125413 3.43173e-06 3.3084e-05 0.00301819 0.0687989 0.00969813 0.00461722 0.00074853 0.0162525 0.0002426 0.213066 0.0141251 
0.00477966 2.57278e-05 3.19552e-05 1.6392e-05 3.79631e-08 0.00525764 0.00100678 0.000519762 0.824492 0.0262721 0.000115803 0.0475307 0.0403918 0.00336441 0.000507296 0.000293253 0.000128767 0.0031382 0.028605 0.000858309 0.000521856 0.00228124 0.00655628 4.73333e-05 0.00325122 6.37242e-06 
0.0680698 0.0210008 0.0027941 0.00191713 0.00059801 0.000783188 0.00270093 0.00117695 0.404978 0.0398194 0.00900681 0.00781349 0.00321724 0.00199732 0.00631303 0.0109709 0.00320724 0.0429661 0.139529 0.0027616 0.00127694 0.0104531 0.0204336 0.145339 0.0482552 0.00262237 
0.048046 1.11561e-05 0.0435754 1.11584e-05 1.11546e-05 0.0691114 0.0145203 1.11648e-05 0.561933 1.11729e-05 1.11722e-05 1.11685e-05 1.11676e-05 1.11555e-05 1.11725e-05 1.11609e-05 1.11708e-05 1.11712e-05 1.11722e-05 1.11702e-05 1.11711e-05 1.11702e-05 0.13186 1.11573e-05 0.130742 1.11599e-05 
0.00235099 0.000565392 0.0271556 2.73698e-05 3.0069e-06 0.000125176 0.00292947 0.16164 0.00883421 0.00956419 0.00454488 0.0168976 0.000692765 0.00115201 0.0311712 0.000307681 9.91737e-05 0.00271519 0.0136746 0.0108621 0.00552168 0.00159473 0.0625682 6.39714e-06 0.633625 0.00137095 
0.0262681 0.00206796 0.00725031 2.04547e-05 1.2499e-05 0.000707069 0.00069452 0.000675612 0.0266643 0.0369737 0.0409129 0.00794448 0.0256674 0.0141149 0.186904 0.00219509 0.00784015 0.0154496 0.0625396 0.0195758 0.0524252 0.00914855 0.370042 1.86476e-05 0.0837321 0.00015572 
0.00030111 0.866487 0.000919926 0.000237621 3.582e-09 4.77763e-07 0.0027189 0.000100377 0.0408322 0.00127396 0.00958031 0.0297418 0.00165958 4.85115e-05 0.000325068 7.57568e-05 0.00149841 0.000553247 0.0021188 0.000264156 0.000149415 6.47239e-05 0.000533748 2.80942e-05 0.0397378 0.000748774 
0.000632944 2.98889e-05 0.000404958 4.70096e-08 5.41993e-12 5.33136e-05 0.00033927 0.00114089 0.00547055 0.0173654 7.25889e-05 0.000160062 0.000411133 4.02165e-09 0.0843137 5.58729e-05 3.45285e-06 3.5597e-05 0.0236555 0.115715 0.00164995 0.00638296 0.73621 9.93369e-06 0.00549494 0.000391923 
0.00503764 0.000120952 0.00544555 0.0470362 1.58788e-06 0.00052436 0.000143005 0.0135867 0.0445642 0.122995 0.000272725 0.165468 0.0293739 0.000761597 0.0390859 0.000387424 0.0045706 0.114441 0.16987 0.00601036 0.0855831 0.00353092 0.10361 8.5443e-06 0.0375333 3.74888e-05 
0.00477653 0.000250125 0.00565685 1.61575e-05 1.76176e-07 0.000100648 0.000115394 9.8572e-06 0.199493 0.0625535 0.0240507 0.0436967 0.000213219 1.85051e-05 0.093115 4.9191e-05 9.88323e-06 0.0229913 0.315907 0.0298846 0.000395705 0.00376683 0.0880311 5.12401e-06 0.104893 2.31998e-07 
0.0124458 0.0001339 0.00258784 0.00130071 1.3354e-06 0.00013904 0.000599334 0.000135825 0.0230812 0.0975098 0.000750982 0.000550118 0.0089751 0.000221501 0.0400899 0.000264768 0.00352228 0.0234088 0.0153237 0.00348721 0.0211386 0.00528589 0.69928 0.000172524 0.0376009 0.00199283 
0.00438641 0.00691201 0.00237836 0.0126015 0.000165907 0.00481868 0.00426278 0.00218397 0.522782 0.0339097 0.00032763 0.0171548 0.0105522 0.00497228 0.00199039 0.00239134 0.000223596 0.00798886 0.0682652 0.0353711 0.0105178 0.00656728 0.016398 0.000445678 0.22085 0.00158222 
0.000774112 8.23406e-05 0.111165 2.4252e-06 1.47949e-07 0.00054515 1.57358e-05 0.0129177 0.304321 0.0170805 0.0842351 0.0588801 0.0204328 4.50096e-07 0.0435843 0.00180134 0.000179867 0.0303257 0.0291063 0.0228471 0.0182525 0.00276923 0.0505771 0.00201339 0.186776 0.00131437 
0.101352 0.00161573 0.00507786 6.00628e-05 1.1546e-05 0.000252323 0.00012518 3.09813e-05 0.0153798 0.0388877 0.000123923 0.00303468 0.0116865 0.000310078 0.0129362 0.629629 2.77718e-05 0.033339 0.0538848 0.00213453 0.0116071 0.0454966 0.0300488 7.93856e-05 0.00231631 0.000552718 
0.0178837 6.51271e-05 0.0205121 0.0116728 9.56379e-07 5.8889e-06 4.91329e-05 0.00180104 0.0200527 0.013288 0.0198732 0.000228212 0.0100173 9.24325e-05 0.017252 0.000683976 4.38331e-05 0.253279 0.0161591 0.0211619 0.282856 0.00383045 0.0867337 2.36041e-06 0.196829 0.00562593 
0.0161639 0.00616668 0.014816 0.000801856 2.44512e-06 0.0241759 0.000574559 0.00449671 0.245015 0.0115756 0.0015316 0.212163 0.0134266 0.00301293 0.0405145 0.0225204 0.0232734 0.00381967 0.149587 0.0278762 0.00728364 0.00828785 0.0546737 0.0228458 0.0853648 2.98079e-05 
0.0215609 0.00101545 0.000186188 0.047147 5.96052e-06 5.19395e-05 0.00074128 0.000727675 0.0240083 0.339272 8.65443e-06 0.300932 0.00102043 0.000161192 0.0333992 0.000525175 8.32868e-05 0.0440756 0.0229086 0.0102582 0.0311847 0.028804 0.0848397 7.47421e-06 0.00603284 0.00104237 
0.159798 0.00274745 0.00478804 0.00316194 6.00555e-05 0.00106857 0.000191072 0.000887337 0.1896 0.106874 0.00340234 0.133017 0.00198381 9.15312e-05 0.0450856 0.00398559 0.00504261 0.10938 0.0964947 0.00127069 0.00869208 0.0149502 0.0530833 0.00943952 0.0441532 0.000751783 
0.0509868 2.63441e-05 0.000876732 4.6318e-05 1.60536e-06 0.000257189 0.000259963 0.000284644 0.00109371 0.028278 0.0258512 0.00117914 0.000251037 0.00163955 0.281142 0.0050451 8.43087e-06 0.00312392 0.279987 0.0174846 0.0335456 0.0734652 0.172255 6.40559e-06 0.0228385 6.64705e-05 
5.89532e-07 5.8875e-07 0.0369035 0.541174 5.88674e-07 0.00111813 5.89005e-07 0.00371261 0.0336645 0.141042 0.00560182 0.00559993 0.0350673 5.88719e-07 5.89619e-07 5.89004e-07 5.89526e-07 0.0499355 0.00825502 5.89498e-07 0.0212831 0.00931465 0.0274206 5.88817e-07 0.0799011 5.88953e-07 
0.0342128 9.07564e-05 0.000784633 0.00374572 1.39424e-06 0.000155312 3.56126e-05 0.00199472 0.00658438 0.0121127 0.000923138 0.0147628 0.00537578 1.73686e-05 0.0676583 0.00246974 0.000966634 0.0138391 0.302598 0.0573291 0.0917776 0.223978 0.13884 6.7485e-05 0.019651 2.80935e-05 
0.221645 0.00150308 0.0149716 0.000527994 0.000122093 0.00138193 0.000837707 0.00137631 0.160006 0.0796153 0.00581664 0.0284787 0.00461337 0.000685122 0.0305559 0.00571655 0.00172784 0.0188815 0.0895848 0.00334826 0.0347641 0.0764745 0.108151 0.00183297 0.0954012 0.0119805 
0.017288 0.000218579 0.0258245 3.36974e-06 9.44026e-07 0.00248598 0.000373574 0.00260539 0.12612 0.0575292 0.00602736 0.00194431 0.0259338 4.61901e-05 0.0393725 0.00360284 9.15668e-05 0.0273079 0.113915 0.00189781 0.139429 0.0136998 0.302702 2.0872e-05 0.0906809 0.000879474 
0.00834533 0.000153134 0.0289818 0.0137839 7.59185e-07 0.000286881 0.00300689 0.029303 0.510219 0.00312472 0.0215176 0.00754762 0.0101351 9.87909e-06 0.0563845 0.00187906 2.57437e-05 0.0271117 0.00830731 0.00260643 0.001739 0.000671747 0.108253 2.32704e-05 0.152266 0.00431711 
0.0269474 0.000281176 0.00426547 5.91695e-06 1.25e-07 2.36087e-07 0.000355068 0.00557063 0.0441226 0.033545 0.0419636 0.0458785 0.0736828 0.000362788 0.0453782 0.00264566 0.000484698 0.00619425 0.0201886 0.00113132 0.0234473 0.0687965 0.442398 1.53395e-07 0.111839 0.000514883 
0.00269238 0.000109923 0.0062147 0.00675989 4.45279e-07 5.39771e-06 0.00142871 8.02703e-05 0.111996 0.119082 0.0270943 0.00658103 0.0197738 0.0407532 0.0129613 0.00162276 7.12445e-05 0.00898552 0.106097 0.00245528 0.0091102 0.00156926 0.46009 5.63916e-07 0.0538654 0.000598805 
0.0263111 0.000696829 0.0133833 0.00120111 8.3133e-08 6.03198e-06 0.000117395 0.0048057 0.293778 0.00298626 0.00483453 0.00145095 0.0048021 2.52689e-07 0.00430447 2.5026e-05 1.1888e-05 0.0188893 0.0155749 4.97845e-06 0.000211296 0.00263974 0.0448823 1.20119e-06 0.558273 0.000808582 
0.017442 0.00818421 0.00199546 7.49096e-06 2.37625e-06 7.11439e-05 0.00137967 0.00668167 0.0127357 0.0193868 0.0303777 0.0068949 0.0007159 0.000222607 0.232518 0.00356634 0.000144409 0.0165965 0.139702 0.0151457 0.0419299 0.129736 0.219818 2.76478e-05 0.0850946 0.00962338 
0.0183773 0.599365 0.000541748 1.32604e-07 1.15629e-09 4.08882e-05 8.83496e-07 0.00811915 0.0284096 0.0293178 0.000110615 0.180899 0.000294228 3.43666e-07 0.0377309 0.00456519 0.00875358 0.00657587 0.0570513 0.000199768 0.000774577 0.00128196 0.00601522 1.16441e-05 0.0112867 0.000276673 
0.00368336 2.68302e-05 0.00946205 6.41495e-05 3.75937e-07 2.08604e-05 4.65779e-05 1.60616e-05 0.0107965 0.0243529 0.00282951 0.00202285 0.00374711 7.72786e-07 0.0688951 0.00828733 4.47152e-05 0.0617192 0.326539 0.00960767 0.0136176 0.391265 0.0499966 3.32298e-06 0.0129536 6.6661e-07 
0.00368336 2.68302e-05 0.00946205 6.41495e-05 3.75937e-07 2.08604e-05 4.65779e-05 1.60616e-05 0.0107965 0.0243529 0.00282951 0.00202285 0.00374711 7.72786e-07 0.0688951 0.00828733 4.47152e-05 0.0617192 0.326539 0.00960767 0.0136176 0.391265 0.0499966 3.32298e-06 0.0129536 6.6661e-07 
3.04948e-06 0.0100529 0.00549183 3.04607e-06 3.04504e-06 0.0100432 0.00609654 0.00914649 0.64317 0.0314182 0.0137274 0.062809 3.04858e-06 0.0146204 0.0274524 3.04675e-06 3.04945e-06 3.04957e-06 0.0439207 3.0493e-06 3.04953e-06 3.0493e-06 3.05023e-06 3.04578e-06 0.122011 3.04648e-06 
0.0103756 0.000962505 0.000284784 0.000995262 3.15243e-07 0.000514317 1.15623e-05 0.000454783 0.0361846 0.021003 0.0011424 0.00564487 0.000740954 1.49486e-05 0.0044282 0.000668605 0.000186908 0.00382107 0.443602 0.000675414 0.00116833 0.0107782 0.0262102 0.427001 0.00303751 9.19857e-05 
0.00368336 2.68302e-05 0.00946205 6.41495e-05 3.75937e-07 2.08604e-05 4.65779e-05 1.60616e-05 0.0107965 0.0243529 0.00282951 0.00202285 0.00374711 7.72786e-07 0.0688951 0.00828733 4.47152e-05 0.0617192 0.326539 0.00960767 0.0136176 0.391265 0.0499966 3.32298e-06 0.0129536 6.6661e-07 
5.33564e-05 0.0111721 0.000388511 5.92462e-08 4.94442e-08 9.56208e-08 3.69767e-05 0.00482035 0.652003 0.00813367 0.00246372 0.0124514 0.000145508 3.18242e-07 0.0457927 0.00884506 0.000689924 0.00093253 0.136978 0.00551086 0.000299646 0.000232945 0.0344271 0.000504438 0.0720499 0.00206755 
0.0102416 0.000469571 0.0150012 6.64848e-08 4.25289e-08 7.82136e-07 5.23711e-08 1.6923e-07 0.0318649 0.269573 6.53585e-05 0.0251977 0.0102173 2.7408e-05 0.0584778 0.00119283 5.41783e-08 0.144647 0.00582059 0.0202673 0.0435482 0.0156439 0.327479 1.02982e-06 0.00974189 0.0105213 
0.0642323 5.7379e-05 0.151541 0.0579399 2.90549e-07 2.91575e-05 0.000144493 0.00483699 0.050389 0.0121317 0.012147 0.00672014 0.0102639 1.02318e-06 0.028326 8.37863e-05 2.67789e-05 0.009391 0.0174999 0.00347328 0.00160479 8.2341e-05 0.328347 5.22092e-06 0.211182 0.0295434 
0.0327452 0.000772529 0.000947724 0.000203422 2.1284e-05 0.000203546 0.000100865 0.00200144 0.00595653 0.0210521 0.00562303 0.00117277 0.000233127 0.00238937 0.35025 0.000352948 6.46791e-05 0.0151679 0.140412 0.0354182 0.0932751 0.0183803 0.236436 0.0217154 0.0147996 0.000305263 
0.0348674 1.36449e-05 0.0016595 0.000585437 6.57128e-09 0.000167242 0.000935611 0.00129549 0.0244362 0.00185015 0.00207299 0.0460934 0.000206353 6.00383e-07 0.0400357 0.00011783 6.58016e-06 0.00422958 0.108928 0.0255663 0.0020802 0.000754858 0.0346664 4.34053e-05 0.669263 0.000124165 
0.0180716 0.000366935 0.00555784 0.0150457 5.90825e-06 2.81427e-05 0.000921604 0.00237954 0.142302 0.109555 0.000755365 0.00674329 0.00377148 0.000920332 0.0375068 0.014521 0.000327317 0.00496258 0.422106 0.020339 0.02257 0.0263262 0.10796 0.000797346 0.0345205 0.0016386 
0.000315472 0.00297325 0.0112572 0.00269073 6.84136e-07 1.60238e-05 0.000936583 0.682961 0.00188037 0.00764384 0.0384129 0.000220694 0.000128684 2.90403e-06 0.0205025 6.66689e-05 1.84613e-05 0.00125399 0.00767987 0.000267641 0.00292969 0.000744107 0.0373597 1.75806e-06 0.157557 0.0221784 
0.689505 0.003283 0.001275 0.0125404 2.37345e-05 0.000149908 0.000490417 0.00192293 0.00149895 0.101974 0.00136843 0.00667536 0.00105364 0.000610332 0.0101383 0.00374508 0.000839514 0.0278594 0.0136599 0.00564212 0.0173638 0.0322508 0.0317233 3.10489e-05 0.0292104 0.00516458 
0.00749556 0.00010197 0.000801107 4.45593e-05 9.76111e-07 2.46473e-05 4.58752e-05 2.4227e-05 0.0135445 0.0158741 0.00683767 0.000513163 0.001722 0.000515233 0.00659763 0.000489569 0.000497201 0.00551394 0.820389 0.0281459 0.00272438 0.00162263 0.0757302 3.41975e-06 0.0105627 0.000177593 
0.00479053 0.0164595 0.00184901 0.0586291 5.79948e-06 2.20802e-05 0.00022739 0.000583159 0.075761 0.066889 0.00348343 0.00549398 0.00724345 9.52969e-06 0.194768 0.00068659 0.000290283 0.0129484 0.053222 0.0137113 0.0655064 0.00864678 0.355374 0.000120193 0.0532595 1.93967e-05 
0.0347429 0.00187001 0.00511218 0.00067185 3.1917e-05 0.00339292 0.000348901 0.00482431 0.00931625 0.0381022 0.0111671 0.004047 0.00731059 0.014251 0.0595069 0.00473414 0.00115511 0.0168851 0.114129 0.0173519 0.11167 0.182542 0.296682 0.000104337 0.0585907 0.00146056 
0.000632944 2.98889e-05 0.000404958 4.70096e-08 5.41993e-12 5.33136e-05 0.00033927 0.00114089 0.00547055 0.0173654 7.25889e-05 0.000160062 0.000411133 4.02165e-09 0.0843137 5.58729e-05 3.45285e-06 3.5597e-05 0.0236555 0.115715 0.00164995 0.00638296 0.73621 9.93369e-06 0.00549494 0.000391923 
0.0505247 0.000141165 0.0367819 0.000211718 1.07796e-05 0.000680168 0.00258727 0.00246508 0.0339044 0.0420385 0.0218411 0.00141387 0.00135968 2.97487e-05 0.0525378 0.00367153 2.67879e-05 0.124931 0.0895931 0.0135605 0.0299736 0.0530991 0.0722845 2.34259e-05 0.304934 0.061374 
0.0112444 3.01402e-05 0.00858088 0.00180977 4.7934e-07 2.72388e-06 0.000907333 0.000330338 0.693806 0.0169885 0.00117885 0.0201769 0.00155887 0.000440677 0.0417795 0.00541587 2.9927e-05 0.00810367 0.0850225 0.00265328 0.00343324 0.0193543 0.0216048 0.00048246 0.0538357 0.00122872 
0.00218539 0.0120534 0.00620167 2.04916e-05 6.1824e-09 2.55762e-05 0.000163349 0.000146592 0.201879 0.0167309 0.000155756 0.00949508 0.00184002 0.0214726 0.0221273 0.000204926 0.000368009 3.26475e-06 0.629902 0.00543568 8.30452e-06 0.00346581 0.0310512 0.00058883 0.034458 1.67984e-05 
0.00749556 0.00010197 0.000801107 4.45593e-05 9.76111e-07 2.46473e-05 4.58752e-05 2.4227e-05 0.0135445 0.0158741 0.00683767 0.000513163 0.001722 0.000515233 0.00659763 0.000489569 0.000497201 0.00551394 0.820389 0.0281459 0.00272438 0.00162263 0.0757302 3.41975e-06 0.0105627 0.000177593 
0.150145 1.48445e-05 0.00436497 6.98538e-05 2.83337e-06 0.000113219 3.54826e-06 0.00647278 0.130734 0.016416 3.39292e-05 0.000748741 0.000433987 0.000691663 0.0484533 0.118921 5.05971e-05 0.0009906 0.413701 0.000425032 0.031176 0.0389321 0.0239161 0.000151508 0.0128333 0.000204614 
0.00657372 0.00512034 0.00192555 2.60355e-05 2.70379e-06 1.19162e-05 0.00048982 0.00173824 0.402626 0.0938758 0.00657696 0.021229 0.00302645 0.0109284 0.0492353 0.000214328 0.000761768 0.0147726 0.13527 0.0749431 0.00311341 0.00118804 0.0711652 0.0114899 0.0811842 0.00251066 
0.0195253 3.346e-06 0.00132908 0.00183474 3.85788e-07 0.00116348 0.00126123 0.0309644 0.156638 0.0245113 0.0377835 0.00894938 2.67998e-05 2.85799e-06 0.00122971 0.000481236 7.77167e-05 0.0516703 0.273336 0.00116999 0.00506751 0.00312245 0.022287 0.288494 0.0690556 1.51029e-05 
0.0025027 0.0128588 0.0229868 1.01385e-05 2.75741e-08 3.90429e-08 0.00386157 0.000242707 0.548846 0.0652781 0.000189054 0.00530243 0.039179 0.00230883 0.00704625 0.0210036 0.000160099 0.00913831 0.0102054 0.00353031 0.0454213 0.00534298 0.0730604 0.00143199 0.11993 0.000163239 
0.001868 1.76741e-05 0.000171804 1.46452e-05 3.37567e-09 6.93781e-05 0.000309216 0.000610041 0.053186 0.0122833 8.75476e-05 0.000585909 0.000257898 9.07648e-07 0.0840616 3.11185e-05 2.03852e-05 6.59691e-05 0.0309387 0.0775132 0.00670562 0.110018 0.616813 8.53742e-06 0.00409923 0.000262756 
0.00982774 0.000196367 0.00298521 0.0193817 4.44584e-08 5.64046e-06 0.0131163 0.000222516 0.641898 0.0272161 1.13056e-05 0.0563722 0.0282916 0.00348904 0.00378778 0.00445036 0.000637296 0.0611611 0.01845 0.000814181 0.0712609 0.00113877 0.014884 1.05952e-05 0.0203777 1.35257e-05 
0.0128952 0.0272427 0.00284788 0.000114091 0.000111699 0.000237687 0.000462149 0.0899137 0.0206062 0.0980139 0.0115762 0.00899047 0.00100042 0.0128321 0.0938073 0.00076309 0.000360725 0.015953 0.25896 0.0126164 0.0214728 0.0139756 0.178123 0.000248329 0.114675 0.00219978 
0.00744835 4.87911e-05 0.0571538 3.69666e-06 3.84284e-07 5.2509e-05 0.0257088 0.000756018 0.214167 0.0620033 1.35711e-05 0.00706448 0.353553 7.91686e-06 0.00147385 0.00021641 2.29685e-05 0.109549 0.0616323 0.000805691 0.00937542 0.0032548 0.0405259 0.000281258 0.044402 0.000478666 
0.00529597 0.00194256 0.00694769 7.05507e-09 1.18209e-10 2.24668e-07 0.000429423 0.000154114 0.026483 0.0177378 0.00128433 0.000245544 0.013397 1.87853e-05 0.0732682 0.000387198 3.74621e-05 0.00910533 0.0762315 0.0272332 0.0775318 0.00961456 0.630359 7.03002e-05 0.022145 7.99244e-05 
0.0173274 0.000271608 0.0343709 0.000194613 5.18389e-06 1.37066e-05 0.0136234 0.00211391 0.0802285 0.228451 0.00197998 0.103513 0.00918281 4.67381e-05 0.0350118 0.00113595 0.00134725 0.0963875 0.0254684 0.0497984 0.0406223 0.0299121 0.135684 0.000761752 0.092079 0.00046839 
0.00218828 0.00023404 4.53844e-05 9.39797e-06 1.18654e-06 0.0433335 0.00121204 3.56836e-06 0.911845 4.38417e-05 0.00364893 0.000341006 3.02988e-05 8.94158e-05 0.000143862 0.000624441 4.03678e-05 0.00559723 0.00490601 0.00017748 5.35546e-05 1.58358e-05 0.0117812 3.72884e-05 0.0133693 0.000227296 
0.0188327 0.0312803 0.0202874 8.81101e-06 7.39125e-08 0.000267163 0.0095534 0.000290836 0.240035 0.034368 0.000263282 0.0678979 0.0017132 1.58671e-05 0.0711207 0.00567332 0.0045703 0.0349633 0.203782 0.00128028 0.00658945 0.0122396 0.0709612 1.5064e-06 0.163692 0.000313444 
0.000469622 0.00249302 0.000563351 0.000134748 3.42851e-07 1.31796e-05 2.18195e-05 0.000170582 0.540874 0.00793111 1.36024e-05 8.72204e-05 4.8592e-05 0.000281159 0.00661419 0.00172626 0.00535613 0.000422761 0.229231 0.0102992 0.0236479 0.000652111 0.0358351 0.0964604 0.0363111 0.000342007 
0.0239873 0.000816016 0.00666329 0.0166714 9.77112e-07 3.18514e-05 0.00127957 3.55696e-06 0.127844 0.0134105 1.52369e-06 0.0286594 0.114227 0.0374155 0.017742 1.28201e-05 0.000223172 0.485332 0.0140242 0.0206569 0.00484363 0.0115371 0.0529449 9.2535e-05 0.0215693 8.9471e-06 
1.33077e-05 0.00200731 0.0371022 5.235e-06 1.12513e-08 0.00127956 0.00120809 0.000367756 0.318283 0.0324006 0.00195547 0.276533 0.000269709 1.93816e-06 0.00764106 6.38576e-05 6.01122e-06 0.00211097 0.020543 0.000982116 0.0217623 0.00128654 0.174782 7.78651e-08 0.0990468 0.000347869 
0.00731164 0.00378741 0.039198 0.00881976 3.32139e-06 0.0168438 0.00219371 0.00296983 0.0652391 0.0673814 0.00377538 0.0193683 0.00182086 5.2739e-05 0.0531225 0.000604545 8.78874e-05 0.00476745 0.145377 0.000798543 0.0810521 0.00193085 0.421041 5.39305e-05 0.0488229 0.00357584 
0.0150628 0.0170584 0.0337847 0.00296843 3.95932e-05 0.00140712 0.0131084 6.96092e-05 0.118706 0.039873 0.0142514 0.0488438 0.0728753 0.00527099 0.0689618 0.00146636 7.08023e-05 0.0345836 0.0444471 0.0074762 0.00679101 0.00220503 0.295089 0.000135174 0.149089 0.00636575 
0.0229696 0.000580408 0.0186697 0.00054489 3.45675e-05 5.47325e-05 0.000182692 0.000237503 0.0576004 0.034981 0.013201 0.0104045 0.00507322 0.000908029 0.33212 0.00517087 0.00021148 0.0327522 0.0863264 0.012449 0.0215856 0.0225732 0.280372 0.000313078 0.0366091 0.00407494 
0.00369477 5.87014e-05 0.00333149 3.46436e-06 1.871e-07 1.13722e-06 0.00272749 1.21099e-05 0.663471 0.00418376 4.18063e-06 0.000130769 6.2347e-05 7.15283e-05 0.00210603 0.000148358 7.21621e-06 0.000281841 0.027177 0.013712 0.00287649 0.00273101 0.264131 0.000256022 0.00860926 0.000210827 
0.00368336 2.68302e-05 0.00946205 6.41495e-05 3.75937e-07 2.08604e-05 4.65779e-05 1.60616e-05 0.0107965 0.0243529 0.00282951 0.00202285 0.00374711 7.72786e-07 0.0688951 0.00828733 4.47152e-05 0.0617192 0.326539 0.00960767 0.0136176 0.391265 0.0499966 3.32298e-06 0.0129536 6.6661e-07 
0.0020084 6.97533e-05 0.0121315 8.11754e-05 6.50733e-06 2.5104e-05 0.831289 0.00144256 0.0135489 0.00904147 0.0104737 0.0102098 0.00604013 6.41825e-05 0.0155249 6.75822e-05 8.70987e-05 0.00293996 0.00435295 0.00457715 0.0125892 0.00753774 0.0156654 1.68778e-05 0.0377478 0.00246101 
0.00421738 1.38728e-05 0.00571228 1.05249e-09 3.79835e-11 1.8301e-08 0.000404136 0.000961239 0.000199844 0.0917728 0.00112562 0.000663946 0.00169985 0.000845176 0.054144 0.000207405 1.63366e-05 0.00312922 0.0290459 0.0390366 0.0103329 0.00312345 0.645938 7.34184e-07 0.107409 2.14663e-08 
0.000218826 7.56006e-05 0.0098808 0.000560049 3.85747e-07 0.00974332 5.42889e-05 0.000424717 0.388799 0.0303656 0.00748292 0.00257761 0.000424614 1.94114e-05 0.000880093 0.000493481 0.000123172 0.0210451 0.00916324 1.58555e-05 0.021371 0.381883 0.0722399 5.36462e-05 0.0421037 1.25177e-06 
0.0365383 0.000353636 0.0117692 0.000440491 0.000275755 0.000821341 0.000946133 0.00347499 0.0199373 0.0544082 0.0137405 0.00443269 0.00424037 0.00454601 0.180263 0.00221783 0.00242898 0.0164962 0.151767 0.0848316 0.0320914 0.016985 0.279548 0.0151142 0.059758 0.00257315 
0.0173155 0.000385895 0.00234902 1.43414e-06 4.38621e-07 0.000176957 0.000232604 0.000325815 0.00692884 0.0417194 0.000202985 0.00308675 0.0016827 4.6035e-07 0.138899 0.00298478 1.00211e-05 0.013686 0.143575 0.020313 0.0539656 0.00816019 0.508902 4.85951e-06 0.0350777 1.32892e-05 
0.0323086 0.000163941 0.00506314 0.00040769 1.85813e-07 5.11166e-07 6.45401e-06 0.00235025 0.320701 0.0372725 0.00577819 0.012726 0.00138182 2.2851e-05 0.0272998 0.00466686 0.000192275 0.202564 0.0980646 0.0163879 0.0310041 0.0380534 0.0777975 0.000252365 0.0854371 9.65921e-05 
0.0228132 4.86763e-05 0.00143091 0.00287589 3.96622e-05 0.000334307 0.000889392 4.22805e-05 0.135187 0.0179538 0.00324772 0.00350655 0.068727 0.0018113 0.0146346 0.0162631 4.66065e-05 0.0205044 0.136266 0.010052 0.0323845 0.0159067 0.479657 6.86991e-05 0.0142283 0.00108043 
0.000111103 0.000861444 0.0138603 0.000149669 1.75578e-07 0.000430369 0.000463355 0.00012668 0.606114 0.0122256 0.00325016 0.176035 0.000787846 0.000145846 0.00849274 0.000527281 7.15207e-06 0.00603701 0.00772969 0.000763202 0.0195547 0.000501371 0.095575 2.22499e-07 0.0461032 0.000147211 
0.00194671 9.98577e-07 0.021636 7.45136e-06 5.88678e-11 0.00278815 1.47526e-05 0.000126557 0.000346981 0.000812079 0.000501629 7.49332e-05 0.000904807 7.76746e-10 0.013029 0.000127741 7.2167e-06 0.0175914 0.0125894 0.00646513 0.0035483 0.00925539 0.013909 6.34023e-09 0.894008 0.000308095 
0.00368336 2.68302e-05 0.00946205 6.41495e-05 3.75937e-07 2.08604e-05 4.65779e-05 1.60616e-05 0.0107965 0.0243529 0.00282951 0.00202285 0.00374711 7.72786e-07 0.0688951 0.00828733 4.47152e-05 0.0617192 0.326539 0.00960767 0.0136176 0.391265 0.0499966 3.32298e-06 0.0129536 6.6661e-07 
0.0134918 0.00182473 0.154297 0.00223169 3.89158e-06 0.00469396 0.000498144 0.00179905 0.045817 0.37585 0.00928048 0.00338213 0.0187134 3.62353e-05 0.061501 0.00167604 2.19636e-05 0.0449081 0.070193 0.00257249 0.00956366 0.00312033 0.099192 0.000622728 0.0742749 0.000434131 
0.0209568 0.000370664 0.00300918 0.00668486 6.60918e-05 0.000322878 0.00131429 0.00118914 0.0235623 0.06792 0.00632932 0.0053972 0.00689992 0.0042528 0.0391016 0.00388312 0.000233821 0.0110228 0.529896 0.00913886 0.0256213 0.0231189 0.185198 0.00250882 0.0216655 0.000336079 
0.0345594 9.08229e-07 0.0166428 9.08418e-07 9.08111e-07 0.029399 9.08622e-07 0.00236415 0.0041845 9.09596e-07 0.00200191 9.09244e-07 9.09167e-07 0.554628 9.0957e-07 0.0586978 9.09426e-07 9.09463e-07 0.208468 9.09383e-07 0.0301037 0.00809441 9.09659e-07 0.0046334 0.0462112 9.08542e-07 
0.0584946 0.000258202 0.00144925 3.77985e-07 3.98726e-09 1.32109e-05 0.000116045 0.0206666 0.00393237 0.0279633 0.0461164 0.0178992 0.00230657 1.86158e-07 0.177553 0.000138649 1.63174e-05 0.010074 0.0690244 0.0258625 0.0336594 0.0182059 0.44008 4.4165e-09 0.0460339 0.000136378 
0.000632944 2.98889e-05 0.000404958 4.70096e-08 5.41993e-12 5.33136e-05 0.00033927 0.00114089 0.00547055 0.0173654 7.25889e-05 0.000160062 0.000411133 4.02165e-09 0.0843137 5.58729e-05 3.45285e-06 3.5597e-05 0.0236555 0.115715 0.00164995 0.00638296 0.73621 9.93369e-06 0.00549494 0.000391923 
0.000632944 2.98889e-05 0.000404958 4.70096e-08 5.41993e-12 5.33136e-05 0.00033927 0.00114089 0.00547055 0.0173654 7.25889e-05 0.000160062 0.000411133 4.02165e-09 0.0843137 5.58729e-05 3.45285e-06 3.5597e-05 0.0236555 0.115715 0.00164995 0.00638296 0.73621 9.93369e-06 0.00549494 0.000391923 
0.00030111 0.866487 0.000919926 0.000237621 3.582e-09 4.77763e-07 0.0027189 0.000100377 0.0408322 0.00127396 0.00958031 0.0297418 0.00165958 4.85115e-05 0.000325068 7.57568e-05 0.00149841 0.000553247 0.0021188 0.000264156 0.000149415 6.47239e-05 0.000533748 2.80942e-05 0.0397378 0.000748774 
0.0184116 0.000106474 0.00328681 9.77604e-05 7.96491e-06 1.94126e-05 9.00756e-05 0.0343884 0.0316357 0.0418475 0.0215935 0.000962422 0.000737315 1.15262e-05 0.0744532 0.0013167 9.46748e-06 0.00154488 0.00499075 0.00306274 0.0168536 0.012686 0.697111 2.14115e-05 0.032809 0.00194461 
0.00507465 0.0117798 0.00583127 0.00353561 4.53618e-06 1.249e-05 6.98626e-05 0.00322059 0.117573 0.0540194 0.00645606 0.00689245 0.000451167 0.000491143 0.0820601 0.000884695 2.78923e-05 0.0082513 0.0319957 0.00717335 0.0391487 0.00703139 0.549868 4.47482e-05 0.0576347 0.000467542 
0.0515785 0.00110171 0.00660469 1.30274e-05 3.78269e-07 0.000718205 1.60465e-05 1.97728e-05 0.00115033 0.0327887 2.47526e-05 0.00457576 0.00192972 0.000735672 0.0416792 0.00135329 1.90247e-05 0.198779 0.0201012 0.0402069 0.109258 0.412982 0.0497712 4.68868e-06 0.0232813 0.00130705 
0.00731412 0.000903534 0.00442356 0.000483135 0.000114964 0.00071614 0.00303922 0.000214067 0.196927 0.126682 0.00495916 0.015584 0.0062121 0.00893255 0.04392 0.00150555 0.000257491 0.0201258 0.192959 0.0338663 0.0281618 0.00575562 0.225456 0.000243611 0.0688102 0.00243317 
0.00197805 3.26897e-05 0.00013643 0.571798 1.89288e-07 1.0798e-06 3.386e-05 0.0299955 0.00318915 0.0108315 0.000277436 0.0960917 0.000211474 1.80218e-06 0.0841905 5.53592e-06 0.094471 0.00321718 0.0203081 0.0101865 0.0296456 0.000268593 0.0107911 0.00126707 0.0309206 0.000149419 
0.00030111 0.866487 0.000919926 0.000237621 3.582e-09 4.77763e-07 0.0027189 0.000100377 0.0408322 0.00127396 0.00958031 0.0297418 0.00165958 4.85115e-05 0.000325068 7.57568e-05 0.00149841 0.000553247 0.0021188 0.000264156 0.000149415 6.47239e-05 0.000533748 2.80942e-05 0.0397378 0.000748774 
0.00030111 0.866487 0.000919926 0.000237621 3.582e-09 4.77763e-07 0.0027189 0.000100377 0.0408322 0.00127396 0.00958031 0.0297418 0.00165958 4.85115e-05 0.000325068 7.57568e-05 0.00149841 0.000553247 0.0021188 0.000264156 0.000149415 6.47239e-05 0.000533748 2.80942e-05 0.0397378 0.000748774 
7.32273e-05 0.00725294 0.0178911 8.37586e-06 8.90303e-10 0.000266916 0.000146206 0.000818336 0.419583 0.0500617 0.0843982 0.0140993 0.000414089 2.97119e-06 0.00340783 0.00015933 9.26425e-06 0.0587369 0.00366457 0.0152696 0.000540226 3.90158e-07 0.0530471 9.92316e-09 0.250865 0.0192831 
2.49825e-05 0.0013969 0.00522624 6.21016e-08 3.70457e-08 2.20278e-05 0.0341186 0.00268496 0.82096 0.0154837 6.7404e-05 0.00402855 0.00128401 5.17868e-07 0.00195653 0.00147129 8.99622e-05 0.00337297 0.00490244 0.00281293 0.00303424 0.00686787 0.0454722 3.99751e-05 0.0438305 0.000850601 
0.68641 0.000231686 0.000617605 0.00210736 4.32502e-05 0.000212798 0.000247917 0.000253097 0.00222087 0.154793 0.00458467 0.000828003 0.00103528 0.000417434 0.0181712 0.00880375 0.000787833 0.0219673 0.0211025 0.0066536 0.0141758 0.0235409 0.0215256 7.4954e-05 0.0087129 0.00048 
0.00469745 4.42899e-05 0.00288945 1.37289e-05 1.89632e-06 2.1569e-05 0.00014994 0.000296365 0.0138867 0.272721 0.00897202 0.00384868 0.00901227 2.69926e-05 0.104207 0.00400257 4.1066e-05 0.033217 0.0574317 0.015116 0.03856 0.0940088 0.316109 6.76759e-05 0.0206351 2.20923e-05 
0.0107798 0.00129018 0.00360942 8.65995e-06 3.90179e-07 2.04842e-05 0.000289116 0.00404429 0.0309228 0.0273045 0.0169202 0.0096577 0.0053351 0.000243947 0.0346845 0.000135381 4.48238e-05 0.00466815 0.0595049 0.0155675 0.0123385 0.00620569 0.701283 2.74932e-06 0.0550258 0.00011273 
0.0153228 0.00246667 0.0329517 9.62096e-06 7.07501e-07 0.00128014 0.00293318 0.0113407 0.140025 0.132156 0.00509277 0.0294183 0.00188883 6.75276e-05 0.0497633 0.00108693 2.93762e-05 0.0907354 0.0924163 0.0020716 0.00968356 0.0118435 0.0897576 1.44868e-05 0.277185 0.00045788 
0.00521323 5.25498e-06 0.00912995 5.53825e-09 5.28779e-09 3.33578e-05 0.000174195 0.00667326 0.0123646 0.0428178 0.00131234 0.00289965 0.000710851 0.000260968 0.0746551 0.000240576 2.0497e-05 0.00557162 0.112005 0.0161099 0.0254712 0.00977735 0.563856 1.37831e-05 0.109973 0.00071026 
0.00030111 0.866487 0.000919926 0.000237621 3.582e-09 4.77763e-07 0.0027189 0.000100377 0.0408322 0.00127396 0.00958031 0.0297418 0.00165958 4.85115e-05 0.000325068 7.57568e-05 0.00149841 0.000553247 0.0021188 0.000264156 0.000149415 6.47239e-05 0.000533748 2.80942e-05 0.0397378 0.000748774 
0.0159581 9.76257e-05 0.00072288 1.33062e-05 5.79915e-07 8.5122e-07 0.015593 0.000209154 0.664374 0.0156804 5.50538e-05 7.54366e-06 0.0534669 8.79662e-07 0.0432835 0.00667961 1.80239e-05 0.0127298 0.0192973 0.00215462 0.0288171 0.0512623 0.048383 1.18522e-06 0.0211661 2.70158e-05 
0.00932264 0.00061007 0.0111603 0.00103677 0.000587123 0.0013599 0.000708536 0.00105696 0.0665016 0.0192977 0.00208962 0.671095 0.00283003 0.00174397 0.0151166 0.00286793 0.00731642 0.00866555 0.075799 0.0160868 0.00714475 0.00578574 0.0339296 0.000718986 0.0361206 0.00104825 
0.00610083 0.000123779 0.00200909 1.56257e-07 1.01121e-12 7.58361e-09 0.000379919 0.000172782 0.0220155 0.0433714 0.0926441 0.0357028 0.0185632 0.00291453 0.00514112 0.000872732 5.45189e-05 0.0032637 0.0600474 0.00349651 0.00966883 0.0047413 0.655453 6.21241e-11 0.0330965 0.000166797 
0.0107798 0.00129018 0.00360942 8.65995e-06 3.90179e-07 2.04842e-05 0.000289116 0.00404429 0.0309228 0.0273045 0.0169202 0.0096577 0.0053351 0.000243947 0.0346845 0.000135381 4.48238e-05 0.00466815 0.0595049 0.0155675 0.0123385 0.00620569 0.701283 2.74932e-06 0.0550258 0.00011273 
0.0568815 0.00231635 0.000757007 0.000376535 9.47474e-08 8.17239e-05 9.35134e-05 0.00631633 0.11277 0.0132757 2.94265e-05 0.0120273 0.000397144 0.00246413 0.0591787 0.00242285 0.000414353 0.00880369 0.482353 0.024224 0.00443784 0.00591446 0.0280877 0.148186 0.0281864 4.12098e-06 
0.0959342 0.000515133 0.0513749 7.5142e-05 5.6977e-08 3.05742e-06 0.00342157 0.0166568 0.025499 0.0220042 0.00279494 0.0221333 0.00215456 0.000279202 0.0780809 0.00766722 0.000143212 0.00907484 0.131358 0.00712774 0.00394832 0.0758104 0.140474 8.57569e-07 0.293411 0.0100584 
0.00469745 4.42899e-05 0.00288945 1.37289e-05 1.89632e-06 2.1569e-05 0.00014994 0.000296365 0.0138867 0.272721 0.00897202 0.00384868 0.00901227 2.69926e-05 0.104207 0.00400257 4.1066e-05 0.033217 0.0574317 0.015116 0.03856 0.0940088 0.316109 6.76759e-05 0.0206351 2.20923e-05 
0.0261783 0.00165585 0.390014 0.00397871 5.12244e-06 0.000224263 0.00877795 0.00134389 0.141874 0.0155734 0.00394606 0.00224367 0.00684855 0.00676806 0.0111342 0.00375033 0.000108563 0.0428825 0.0657414 0.00828102 0.0025659 0.0127942 0.0201332 0.0515365 0.161564 0.0100766 
8.65374e-05 3.01153e-06 0.00357101 5.27988e-07 1.0185e-07 0.000230444 3.53279e-06 0.0998802 0.0143442 0.0247166 0.000161061 0.0510541 0.00959118 0.0119543 0.074416 2.6616e-05 0.276547 0.0014461 0.0703527 0.0419923 0.197195 0.000146064 0.0498402 2.86092e-05 0.0722501 0.000162339 
0.00368336 2.68302e-05 0.00946205 6.41495e-05 3.75937e-07 2.08604e-05 4.65779e-05 1.60616e-05 0.0107965 0.0243529 0.00282951 0.00202285 0.00374711 7.72786e-07 0.0688951 0.00828733 4.47152e-05 0.0617192 0.326539 0.00960767 0.0136176 0.391265 0.0499966 3.32298e-06 0.0129536 6.6661e-07 
0.00030111 0.866487 0.000919926 0.000237621 3.582e-09 4.77763e-07 0.0027189 0.000100377 0.0408322 0.00127396 0.00958031 0.0297418 0.00165958 4.85115e-05 0.000325068 7.57568e-05 0.00149841 0.000553247 0.0021188 0.000264156 0.000149415 6.47239e-05 0.000533748 2.80942e-05 0.0397378 0.000748774 
0.0784263 0.00161708 0.00285568 0.00127837 8.24638e-05 0.00109028 0.00136598 0.00357732 0.0109174 0.0811382 0.00903055 0.00765455 0.00638813 0.000464223 0.150127 0.00403542 0.00458954 0.0453773 0.120033 0.142873 0.0152104 0.110769 0.16189 0.0177783 0.0203691 0.00106145 
0.0139194 0.000524491 0.0063198 0.000284555 2.08061e-05 2.57542e-05 0.00474955 0.00297426 0.137799 0.0367328 0.000385268 0.00362325 0.00036778 2.89099e-05 0.0279091 0.000854167 0.000407882 0.00856014 0.50023 0.00418783 0.0135854 0.0739467 0.046886 0.0973592 0.0173109 0.00100765 
0.0147474 0.00338988 0.00315221 0.00681374 1.95839e-05 0.000109995 0.000480379 0.00182051 0.0287315 0.0383776 0.0168561 0.00690682 0.106753 0.000107754 0.0711172 0.00271413 2.66832e-05 0.0288838 0.032121 0.00582943 0.17023 0.0577205 0.370303 2.37204e-05 0.030394 0.00237015 
0.0183773 0.599365 0.000541748 1.32604e-07 1.15629e-09 4.08882e-05 8.83496e-07 0.00811915 0.0284096 0.0293178 0.000110615 0.180899 0.000294228 3.43666e-07 0.0377309 0.00456519 0.00875358 0.00657587 0.0570513 0.000199768 0.000774577 0.00128196 0.00601522 1.16441e-05 0.0112867 0.000276673 
3.681e-07 3.67612e-07 0.155147 3.67688e-07 3.67564e-07 0.00143266 3.67771e-07 0.028071 3.68117e-07 0.00802637 0.0170086 0.000626006 0.000110765 3.67593e-07 3.68155e-07 0.00264831 0.0012519 3.68111e-07 0.0641678 0.00460134 0.0174854 0.00467498 0.0967608 3.67654e-07 0.24363 0.354353 
0.0601577 0.00216288 0.0143545 2.98087e-08 2.66029e-10 5.50427e-07 0.0210307 0.000114809 0.037341 0.0213773 0.00298367 0.0425229 0.00992773 0.000100109 0.0383505 0.0138179 5.38022e-05 0.00450241 0.202599 0.000681015 0.0188922 0.0106055 0.433361 8.12451e-05 0.0649513 2.97938e-05 
0.00256603 0.000583799 0.00231339 0.000558112 7.19169e-11 1.68952e-05 0.000472258 1.53342e-05 0.180229 0.0112984 0.003603 0.00756686 1.49721e-07 1.7698e-06 0.00952932 0.00147172 0.00107541 0.000627155 0.629985 0.00763164 1.21667e-05 0.00103264 0.0560264 0.0758015 0.00758279 5.95831e-08 
0.00991476 1.91741e-05 0.62771 7.86267e-07 4.78162e-08 0.00011989 3.23352e-05 0.000369796 0.0625395 0.00720489 0.000190177 0.000972291 0.000433506 1.20251e-06 0.0372958 0.0173246 2.11221e-06 0.0173908 0.00430979 9.38557e-05 0.00811907 0.00111749 0.147202 5.293e-08 0.0576084 2.73517e-05 
0.000198217 2.0535e-05 0.00322304 0.000493563 6.53065e-06 0.000125176 3.68029e-05 0.000585814 0.736182 0.027338 2.00324e-05 0.00232343 0.000257957 5.54681e-05 0.0359705 0.000562849 3.07298e-05 0.00286229 0.0981234 0.00797433 0.00527662 0.00394728 0.0439242 0.000291741 0.0285406 0.00162874 
0.00469745 4.42899e-05 0.00288945 1.37289e-05 1.89632e-06 2.1569e-05 0.00014994 0.000296365 0.0138867 0.272721 0.00897202 0.00384868 0.00901227 2.69926e-05 0.104207 0.00400257 4.1066e-05 0.033217 0.0574317 0.015116 0.03856 0.0940088 0.316109 6.76759e-05 0.0206351 2.20923e-05 
0.00175198 5.8059e-05 0.00397736 2.12035e-07 1.83594e-08 0.00108096 0.00103629 0.00680545 0.0793317 0.117812 0.00287556 0.0362389 0.00671859 1.34752e-05 0.110963 0.000277697 8.07686e-06 0.002309 0.0411749 0.000371878 0.0288346 0.00575776 0.475063 2.20633e-06 0.0775084 2.87847e-05 
