0.0091264 4.75951e-07 0.0043315 5.43459e-06 0.365861 0.000292702 0.00121643 0.00195897 0.00482134 0.0159636 9.14463e-05 0.00973152 0.00270232 1.31281e-05 0.271378 3.83386e-05 1.40138e-05 0.0237136 0.0649091 0.157196 0.0033589 0.0186757 0.00957656 2.53475e-07 0.0337131 0.00130966 
0.00542593 0.00323795 0.0212558 0.0605632 0.350033 1.82265e-05 0.000879007 0.157209 0.0630244 0.0293246 0.00910134 0.0493624 0.000736357 1.27047e-09 0.0247386 0.000361113 0.000530967 0.00306731 0.080906 0.0127899 0.0100451 0.00112886 0.0471728 5.37195e-05 0.06892 0.000114561 
0.0335751 1.55668e-10 0.016239 1.36246e-10 0.344508 5.4751e-07 0.000956445 0.00715392 0.00234566 0.153861 0.000299309 0.00519977 0.000655768 1.13574e-08 0.0910866 0.000590586 1.39042e-09 0.163601 0.0133284 0.0016747 0.0725319 0.019863 0.0153408 8.14712e-09 0.0565017 0.000686729 
0.00879906 5.16259e-08 0.000209125 6.13732e-06 0.813008 3.34942e-10 0.000360081 0.000227636 0.00837113 0.0977476 5.382e-07 0.000337965 0.00174517 0.000536571 0.000867259 1.19164e-05 4.45219e-11 0.0341442 0.00447375 0.000430403 0.0103085 0.0123125 0.00500791 5.53055e-05 0.000844571 0.000194945 
0.00190622 3.47243e-05 0.000552765 3.59396e-07 0.891558 1.89933e-08 0.000366413 9.06292e-06 0.00207548 0.0478542 0.000708015 1.31741e-05 0.000325442 2.05534e-06 0.000469075 6.80218e-06 2.52467e-09 0.0189732 0.00624228 0.000449524 0.00513074 0.00179696 0.0026815 2.78e-08 0.017436 0.00140809 
0.083903 7.41824e-06 2.58275e-07 2.73071e-09 0.596427 4.46978e-05 2.30626e-09 1.65468e-09 0.00265087 0.00678955 4.10856e-10 0.000272454 0.0133673 3.21571e-09 0.287699 0.000228781 6.55534e-10 4.92336e-06 0.00014495 2.64454e-06 1.43602e-06 7.45961e-10 0.00845405 2.90818e-09 1.06004e-06 2.87599e-07 
0.00781083 8.07744e-06 0.00905006 1.45204e-05 0.443781 6.98381e-05 0.000147367 0.00011166 0.00310999 0.0401184 4.50684e-07 0.000144843 0.269364 1.12963e-06 0.00826095 0.000569679 7.2688e-09 0.107547 0.00232805 0.000476376 0.0550785 0.0090941 0.0418259 5.31168e-08 0.000818331 0.000269247 
0.000163081 3.73429e-06 2.62723e-06 6.46555e-05 0.955833 0.00115644 3.79961e-05 4.78945e-06 0.000571242 0.000974594 4.41723e-06 3.19094e-05 4.19473e-05 1.3507e-05 1.85899e-05 2.85079e-05 3.85133e-07 0.0403508 3.31249e-05 0.000118116 0.000234815 0.000209692 7.33106e-05 1.70859e-06 5.73327e-06 2.09525e-05 
0.0215665 1.24985e-07 0.000191599 1.09391e-07 0.829515 1.9756e-07 5.42654e-05 4.97941e-05 0.0557823 0.0424543 0.00649244 8.69784e-05 0.00173771 1.2882e-07 1.9299e-05 9.27094e-08 1.0191e-05 0.000770069 0.0147727 0.000694513 0.00150306 0.00318888 0.0207236 6.79336e-06 0.000272487 0.000106705 
0.083319 1.0044e-05 0.0166443 4.31926e-06 0.286499 8.00753e-05 0.000172179 0.000973541 0.0122226 0.0852516 0.0039054 0.012804 0.00128333 1.07289e-06 0.041146 0.00021466 2.64817e-07 0.0320123 0.0301953 0.0014 0.0148448 0.00763197 0.218996 1.42288e-06 0.15018 0.000206939 
0.0193635 1.21942e-07 0.0407965 0.0796068 0.539552 4.72928e-09 0.00104939 0.00738217 0.0249858 0.00251877 0.010073 0.000282324 0.00013997 5.28372e-11 0.0161753 3.25509e-08 2.7137e-05 0.0056424 0.00183776 0.000513461 0.00958846 0.00271832 0.0102913 5.52429e-09 0.227336 0.000119535 
0.0127614 3.11979e-10 0.00132175 2.82147e-08 0.331187 0.00095865 0.00060031 3.84719e-05 0.0566976 2.01038e-07 0.000207301 3.06075e-05 0.00424931 3.21553e-10 0.311255 2.31415e-10 0.00548069 0.00209924 3.12498e-07 0.000193657 0.01511 0.00490292 0.0868136 0.000116311 0.165156 0.000820149 
1.13835e-05 1.33028e-05 3.56428e-07 1.33838e-06 0.809382 0.000286302 1.13035e-06 6.63886e-06 0.190087 2.00764e-05 2.0137e-07 5.05702e-07 2.49638e-05 1.57609e-06 1.51307e-05 1.13428e-06 1.45041e-05 3.37724e-05 2.03984e-07 5.24877e-06 2.95486e-07 9.00697e-05 8.48251e-08 1.42537e-06 9.45195e-08 1.213e-06 
0.000309212 4.54725e-05 0.0129701 7.69008e-06 0.306147 2.39864e-06 0.00189186 4.90079e-05 0.0154899 0.00382908 0.000574477 0.0031422 6.36799e-05 1.52511e-06 0.00363032 0.00016582 2.27335e-05 0.233821 0.03184 0.00137033 0.0587439 0.0489726 0.0396751 1.08971e-05 0.234448 0.00277578 
4.39032e-09 2.14773e-08 6.79135e-06 1.87977e-08 0.96889 3.39486e-08 1.58759e-08 2.509e-06 3.7886e-09 7.1095e-06 2.82827e-09 7.10264e-09 8.21028e-09 2.21364e-08 2.03883e-06 1.59311e-08 4.51259e-09 7.17433e-06 0.0100457 4.07414e-06 4.15013e-09 0.0158934 1.19138e-09 2.00195e-08 0.000333527 0.00480773 
0.02856 0.00136409 0.000437608 0.0300249 0.128208 6.13586e-05 2.9709e-06 0.0108818 0.072098 0.103974 0.0010118 0.000502193 0.0485164 3.54248e-08 0.0967495 0.0690463 1.08961e-05 0.124257 0.120571 3.99663e-06 0.00411249 0.00458066 0.0436455 0.0215416 0.060653 0.0291845 
0.000851454 0.000302659 0.00301706 2.64832e-07 0.419879 4.78285e-07 0.000973826 0.159871 0.000127274 0.00777491 0.000115881 0.0712041 0.000998407 3.11869e-07 0.0296803 2.7324e-06 1.18858e-05 0.000400712 0.00391852 0.00883115 0.00924607 0.0017576 0.016826 4.66821e-07 0.264034 0.000174388 
0.0020232 1.57141e-05 0.0041196 0.00019934 0.629454 5.67456e-05 0.00031067 0.000347486 0.00191952 0.0719004 0.00372666 0.00166041 0.00315785 0.00058549 0.0291175 0.000343266 0.0250183 0.00651498 0.103569 0.0127893 0.00303489 0.025805 0.0162684 2.72508e-05 0.0510277 0.00700727 
0.00318948 1.82421e-05 0.0367874 6.50975e-06 0.212666 0.000406101 0.000272682 0.0020488 0.0646401 0.095622 0.00461241 0.0141365 0.0067818 7.13889e-05 0.158141 0.00445996 1.34368e-06 0.0167965 0.169899 0.0142728 0.00170824 0.0278558 0.0525517 4.4318e-07 0.111408 0.00164636 
3.97487e-05 1.73232e-08 0.000220525 1.51618e-08 0.779439 2.82139e-05 1.28052e-08 0.000138286 0.00313099 0.00134259 9.71766e-07 0.00977297 6.62223e-09 1.78548e-08 0.000161729 1.86205e-05 2.35255e-06 0.000188291 0.1612 1.26903e-05 0.000655885 0.0345004 0.00201082 0.000115862 0.00260394 0.00441632 
0.00779551 5.9394e-10 0.0176989 5.19837e-10 0.28562 1.28115e-07 0.0018307 8.45196e-07 0.00229735 0.143158 0.243951 9.06625e-07 4.08268e-07 6.12166e-10 0.073841 5.33585e-07 7.95776e-08 3.80899e-06 0.0609222 0.00164609 7.78866e-06 0.0879091 0.0537942 3.80515e-08 0.0190812 0.000439963 
0.0201863 1.73973e-06 0.000856267 0.00102985 0.972613 2.74993e-06 1.25852e-05 0.00401152 0.000296303 3.69507e-06 2.29098e-07 5.75334e-07 5.56956e-06 1.79311e-06 8.43885e-05 1.29047e-06 3.65532e-07 2.14227e-06 9.92708e-07 0.000224451 6.70495e-06 0.000539803 3.3472e-06 1.71769e-06 2.29975e-06 0.000110024 
0.00118515 1.36898e-08 0.00300215 1.19818e-08 0.368162 2.1639e-08 0.000956429 0.159409 0.00150352 0.00776044 3.80852e-05 0.00291401 0.000988527 1.41099e-08 0.289972 8.34654e-07 3.88946e-06 0.000396495 0.00388599 0.103261 0.00941565 0.00174149 0.0168086 7.5939e-08 0.0284252 0.000168586 
0.0246079 9.9555e-06 0.00120184 8.95996e-08 0.814008 0.000146193 0.00309104 5.26764e-06 0.0218528 0.0331028 0.00270162 0.0040298 0.000258306 3.67013e-06 0.00550103 0.000115728 5.76835e-06 0.0316444 0.0034096 0.00245143 0.00352748 0.00762306 0.0230907 2.81046e-07 0.00555616 0.0120548 
0.0127614 3.11979e-10 0.00132175 2.82147e-08 0.331187 0.00095865 0.00060031 3.84719e-05 0.0566976 2.01038e-07 0.000207301 3.06075e-05 0.00424931 3.21553e-10 0.311255 2.31415e-10 0.00548069 0.00209924 3.12498e-07 0.000193657 0.01511 0.00490292 0.0868136 0.000116311 0.165156 0.000820149 
2.04197e-05 0.00122673 0.0181624 2.88773e-09 0.230723 0.0369868 0.029767 0.000513962 0.0280073 0.199737 0.000242775 0.0256157 0.10678 3.40062e-09 0.00651132 4.18116e-05 0.000122045 0.0092982 0.00208376 2.33668e-05 0.110696 0.00245869 0.170409 2.35601e-06 0.0205419 2.88053e-05 
0.00981944 2.1877e-08 0.00313964 5.82325e-06 0.422403 0.0013418 0.127414 0.00841289 0.164592 0.0147514 4.38879e-05 8.27996e-05 0.00529453 0.00965696 0.00708902 3.9195e-06 6.52693e-05 0.00758035 0.122167 0.00111871 0.000125105 0.00559771 0.00791457 6.78578e-05 0.0806333 0.000679779 
0.00320198 8.48984e-05 0.000327695 1.47388e-05 0.384578 9.32078e-07 0.000533085 0.000683127 0.00176466 0.151035 0.00234225 0.0585069 0.00278295 1.73918e-05 0.203062 7.52541e-06 6.17898e-05 0.00967184 0.0502303 0.001909 0.00342562 0.0167458 0.0749311 9.05557e-07 0.0340777 2.07992e-06 
0.00386165 0.000264488 0.00138344 2.80871e-06 0.904668 1.45446e-05 0.000461955 0.00053523 0.00100505 0.0173972 0.00679398 0.00490945 0.000439409 0.00069187 0.00699925 8.87503e-05 0.00502001 0.0095068 0.00399231 0.00711462 0.00299145 0.0015277 0.00764583 2.10145e-05 0.012306 0.00035681 
0.0032738 0.000210995 0.00527129 2.54863e-06 0.759713 0.000125125 0.00468654 0.000396313 0.0749941 0.010744 0.000103825 0.000102176 0.000180516 0.000111816 0.0114369 0.000150068 2.02199e-05 0.00679877 0.0573261 0.0061613 3.02839e-05 0.01375 0.000329631 0.0001178 0.0429483 0.00101427 
0.00515653 0.000905642 0.0262588 1.6765e-08 0.320024 8.00155e-05 0.000232526 0.00019883 0.0245616 0.0513077 0.0060831 0.0216217 0.00992374 0.000545308 0.0831439 0.000282547 4.62828e-05 0.0571078 0.0146814 0.000770831 0.029185 0.00568136 0.234867 5.24654e-08 0.106862 0.000472257 
3.13279e-06 2.22788e-07 1.71707e-05 1.94992e-07 0.780596 4.32752e-07 3.77957e-05 1.19124e-05 0.136299 1.7075e-05 2.60991e-07 1.19445e-05 4.49492e-06 3.72267e-05 4.48918e-05 4.3001e-07 4.68099e-08 0.00253937 0.00466774 3.15796e-06 0.00339645 0.0722705 2.93514e-06 2.94031e-07 3.47964e-05 2.28366e-06 
0.000409378 8.7703e-09 0.0500008 1.06399e-08 0.697912 3.03204e-05 0.0126932 0.000151099 0.00503833 0.0465376 0.000144376 0.0481739 0.01684 5.28264e-08 0.0232614 2.16087e-06 3.16261e-11 0.0013528 0.00228553 0.00045817 0.00187002 0.0182669 0.000656419 6.68484e-09 0.0737895 0.000125799 
0.0111319 1.15963e-08 0.012914 0.000348591 0.472711 0.0014592 0.00255283 0.0075079 0.0858051 0.0225809 2.91104e-05 0.000615516 0.0206072 0.00322342 0.0198717 0.00793848 1.71374e-05 0.00777226 0.103986 0.00687517 0.0128839 0.015932 0.0155369 9.66715e-05 0.0643653 0.103238 
0.0127614 3.11979e-10 0.00132175 2.82147e-08 0.331187 0.00095865 0.00060031 3.84719e-05 0.0566976 2.01038e-07 0.000207301 3.06075e-05 0.00424931 3.21553e-10 0.311255 2.31415e-10 0.00548069 0.00209924 3.12498e-07 0.000193657 0.01511 0.00490292 0.0868136 0.000116311 0.165156 0.000820149 
0.00774303 1.01925e-05 0.0123304 8.73942e-09 0.499763 1.87508e-07 0.00677939 2.19665e-05 0.0421472 0.028287 0.000209758 6.43194e-06 0.0601374 1.02916e-08 0.0459864 0.187007 9.74569e-07 3.08304e-06 0.01853 0.00258699 7.98436e-05 0.00236448 0.0255221 3.10724e-05 0.0604477 3.97305e-06 
0.000988486 3.0724e-08 0.00910282 1.05865e-09 0.92853 1.3639e-05 0.000207227 0.000218106 2.05491e-05 0.012651 0.000646573 0.0021255 0.000610677 1.51788e-06 0.0207604 2.398e-07 1.7702e-07 0.00609879 0.00325837 0.000472224 0.00211937 0.00159599 0.0050476 4.08764e-08 0.00549006 4.0616e-05 
0.0656207 5.81454e-08 6.39004e-08 6.96259e-08 0.83192 5.78175e-09 3.76119e-05 1.11338e-07 0.0500861 2.79256e-05 0.00107208 0.000980112 1.18346e-06 3.36717e-07 0.000708332 0.000368393 4.65417e-07 0.0368467 0.00124896 3.37332e-06 6.71998e-06 0.00767867 0.00240302 3.40949e-09 0.000504188 0.000484428 
3.13279e-06 2.22788e-07 1.71707e-05 1.94992e-07 0.780596 4.32752e-07 3.77957e-05 1.19124e-05 0.136299 1.7075e-05 2.60991e-07 1.19445e-05 4.49492e-06 3.72267e-05 4.48918e-05 4.3001e-07 4.68099e-08 0.00253937 0.00466774 3.15796e-06 0.00339645 0.0722705 2.93514e-06 2.94031e-07 3.47964e-05 2.28366e-06 
0.0143201 8.63812e-05 0.0160077 2.95245e-08 0.160588 3.70625e-05 6.28271e-05 3.87009e-05 0.00134709 0.131828 0.00223344 0.00206593 0.0411313 0.000218832 0.145556 0.000344355 5.85386e-05 0.0528514 0.0853324 0.0557738 0.100655 0.0524821 0.0931665 4.54349e-07 0.0437322 8.13811e-05 
0.00481469 1.27447e-05 0.0076002 1.8903e-06 0.657331 7.20882e-06 8.31306e-05 0.00325328 0.0156864 0.00702149 0.00142376 0.000286605 0.00538318 9.00894e-07 0.0707359 3.24638e-05 2.22524e-05 0.0577398 0.0121729 0.00183532 0.00954589 0.00826035 0.0805864 4.28395e-07 0.028677 0.0274847 
0.0382517 0.00204797 0.000367349 8.29954e-05 0.519477 0.000955621 0.000658111 0.000949997 0.0265187 0.167444 0.00471661 0.0162497 0.000814862 0.000457172 0.00868342 0.00778047 0.000144121 0.0836851 0.0424509 0.00137227 0.0040047 0.0166323 0.0157338 3.62219e-05 0.0365624 0.00392337 
3.64168e-06 0.00016086 0.00907915 4.05838e-05 0.856823 1.41889e-07 5.61763e-05 1.70089e-05 0.000251291 4.31733e-05 0.0232076 8.56498e-05 0.000746314 2.85976e-08 7.17591e-05 3.42604e-07 5.82973e-09 1.93339e-06 8.74687e-06 4.39397e-06 7.34228e-05 7.11674e-06 0.00106487 1.2758e-07 0.10825 2.50346e-06 
0.0219036 0.000199465 0.0543448 0.000276753 0.197693 0.005147 6.92629e-05 0.000104973 0.0166827 0.0810876 0.000881891 0.00819181 0.00205472 0.000377434 0.0176061 0.00118267 0.0001154 0.185821 0.166359 0.0441179 0.0176544 0.0273104 0.0581075 1.78101e-05 0.0896368 0.00305636 
0.00654456 1.4735e-10 5.18556e-08 1.28966e-10 0.449602 6.55295e-06 3.47336e-07 0.000320812 2.87488e-07 0.00276333 7.22614e-09 0.000320688 5.63284e-11 4.88748e-06 0.0409454 0.000398379 4.77019e-08 0.00796917 0.30021 0.00400997 0.0281382 0.130823 0.0129686 2.24549e-08 0.00172066 0.013254 
0.0259881 4.29786e-05 0.023077 8.22159e-09 0.519269 1.02412e-05 0.000218826 0.000673858 0.0047084 0.176492 0.00290114 0.0517699 0.000609625 0.00638588 0.0437094 7.3731e-06 3.23746e-05 0.0119896 0.0789705 0.0019884 0.00380035 0.000651497 0.0267849 7.85336e-07 0.0199049 1.30782e-05 
0.0878469 6.13551e-05 0.0287827 1.02717e-08 0.196249 0.000643095 0.029029 4.78964e-05 0.000273026 0.0339411 0.0334163 0.0119817 0.000703595 2.4135e-08 0.0185579 0.00037276 0.0166943 0.183659 0.0125676 0.0944829 0.0406105 0.0211705 0.0423938 8.61287e-06 0.146281 0.000225792 
0.00302752 6.04579e-07 6.05353e-07 6.04705e-07 0.907419 6.03992e-07 0.00937563 0.00550659 0.00405686 6.0549e-07 0.00351226 6.05256e-07 6.05204e-07 6.04548e-07 0.00109045 6.0484e-07 6.05377e-07 0.00127195 0.00429933 6.05348e-07 6.05394e-07 6.05347e-07 6.05532e-07 6.04649e-07 0.0594029 0.00102874 
0.00111128 0.00106581 7.66637e-05 3.5308e-08 0.526811 6.9094e-06 0.000545829 0.114416 0.0652002 0.0301123 0.00272843 0.0174485 0.00175399 1.35275e-05 0.0278142 1.61323e-05 0.00011039 0.0337443 0.0308534 0.051958 0.000402864 0.000757807 0.0310245 4.11362e-07 0.0620212 5.86689e-06 
0.00535427 7.70557e-05 0.00067409 9.40141e-08 0.299658 3.01484e-07 4.21982e-05 1.48876e-05 0.00937014 0.0501976 5.13524e-05 0.000219533 0.0119009 0.000309558 0.0198035 5.12284e-07 8.24602e-06 0.00448773 0.256025 0.000220522 0.164452 0.133483 0.0286155 2.05545e-07 0.0148836 0.000150975 
7.59928e-05 7.07489e-08 0.000161615 6.1922e-08 0.9782 1.34041e-07 4.15098e-05 0.00252526 0.000417526 2.42696e-05 1.17826e-07 2.33969e-08 6.51635e-06 7.292e-08 0.0169938 1.34581e-07 1.4865e-08 1.96149e-06 6.05044e-06 0.00107805 9.66646e-05 2.94339e-05 1.69803e-05 8.88993e-08 0.000322844 1.18522e-06 
0.0261389 6.68344e-08 0.0108964 2.74976e-05 0.545272 0.000802259 0.126691 0.00331443 0.105959 0.0042379 2.38655e-06 2.44055e-05 0.00993893 0.00313149 0.00446148 8.79598e-06 7.32589e-06 0.0312169 0.0733329 0.000290885 0.00152247 0.00368636 0.00571979 2.40231e-05 0.0398463 0.00344711 
9.72233e-05 2.89339e-05 0.000928399 8.36431e-09 0.800357 9.30094e-07 0.021418 0.00323737 0.0166863 0.00701757 1.86106e-05 3.4634e-06 0.103129 1.32315e-07 0.0134979 2.28599e-07 1.68578e-08 0.000228004 0.006794 6.07995e-05 0.0205086 0.00157496 0.00331381 3.0788e-08 0.00108867 9.81423e-06 
0.202506 0.000102971 0.000458471 5.43177e-10 0.24308 7.6602e-06 0.0701422 8.22188e-08 1.68389e-06 0.0198173 0.0111077 0.0156205 2.51349e-06 3.43166e-09 0.0144414 0.000339511 0.0347639 0.173715 0.00272241 0.0216015 0.00620043 0.0112625 0.00413988 3.78066e-07 0.167715 0.000251178 
0.0127614 3.11979e-10 0.00132175 2.82147e-08 0.331187 0.00095865 0.00060031 3.84719e-05 0.0566976 2.01038e-07 0.000207301 3.06075e-05 0.00424931 3.21553e-10 0.311255 2.31415e-10 0.00548069 0.00209924 3.12498e-07 0.000193657 0.01511 0.00490292 0.0868136 0.000116311 0.165156 0.000820149 
0.0235263 1.5241e-05 0.0419334 1.33395e-05 0.666286 0.000335636 3.29678e-05 1.05521e-05 0.0110144 0.00951497 2.06146e-07 2.57787e-08 0.00862496 8.03433e-08 0.000272204 2.81691e-07 1.63783e-08 0.141619 0.00138188 2.63956e-06 4.36957e-05 0.0610122 0.00895707 1.23544e-07 0.025401 1.30318e-06 
9.36333e-06 2.3669e-06 0.00209206 5.83902e-07 0.919606 4.0481e-07 5.506e-05 1.42562e-05 0.000382513 3.85361e-05 0.0364805 1.28717e-06 0.000597446 3.68529e-09 0.000170819 3.95793e-08 7.51259e-10 2.957e-06 0.00736855 2.68218e-06 0.000299044 0.000174806 0.000285399 1.02945e-08 0.0324145 1.2349e-06 
0.0106759 4.44416e-05 0.00409563 0.000139012 0.558772 7.30003e-05 0.000108978 0.000286923 0.0283447 0.00873502 0.000749858 0.00513555 2.52229e-05 0.000292343 0.147775 0.000287563 0.015915 0.0679111 0.046737 0.041583 0.00883861 0.00527047 0.0157175 1.93892e-05 0.0321375 0.000329783 
0.00506123 4.88975e-07 0.00252023 4.27968e-07 0.942266 7.72907e-07 0.000433253 3.08254e-06 8.6255e-08 4.77461e-08 2.2232e-05 1.61706e-07 1.86923e-07 5.0398e-07 0.00203421 3.62704e-07 0.000276955 9.80807e-07 0.000403686 0.00258875 9.44861e-08 0.00110544 0.00287034 8.7881e-06 0.0351291 0.00527232 
0.150748 1.72119e-09 0.000753421 3.35198e-07 0.296031 2.48958e-06 1.97324e-07 0.00153772 0.00918859 0.0241803 2.26657e-10 0.00599757 2.51636e-06 0.0398478 0.000398909 7.50516e-08 3.61638e-10 0.0117485 0.0821232 4.11828e-10 0.0310371 0.025972 5.76636e-07 0.0011568 0.290601 0.0286721 
0.000107685 1.01358e-07 8.32635e-05 8.87124e-08 0.971005 1.8374e-07 1.98525e-05 0.000402556 0.000636853 9.82941e-06 8.09671e-08 3.35196e-08 1.25014e-06 1.04469e-07 0.0255245 1.52466e-07 2.12963e-08 4.68485e-07 3.0912e-06 0.0016564 8.61239e-05 1.67485e-05 8.08532e-07 1.18203e-07 0.000443991 6.59194e-07 
1.3272e-06 3.69434e-08 1.43619e-05 3.23341e-08 0.895156 9.30838e-08 2.98236e-05 8.51563e-06 0.0144243 1.47755e-05 6.95567e-06 1.22173e-08 9.13073e-05 3.80771e-08 0.000124539 1.41352e-07 7.76215e-09 7.06667e-07 0.0387553 2.1583e-06 4.16756e-05 7.29377e-05 1.2514e-06 7.13527e-08 0.0512531 9.29921e-07 
0.00946215 0.000170248 0.000617948 0.000331419 0.765054 2.17828e-05 0.000122972 0.00341295 0.0748609 0.0108818 0.000300643 0.000786444 0.00433257 0.00384843 0.000919784 1.31353e-05 6.93456e-08 0.00420601 0.072484 2.80468e-05 0.00378488 0.027576 0.00257069 0.00043479 0.0112216 0.00255639 
0.246676 9.63231e-09 2.95332e-05 8.43054e-09 0.563137 1.94979e-07 6.37259e-05 2.19133e-05 4.89909e-06 0.0320287 5.17918e-07 3.18544e-09 6.92076e-06 9.9279e-09 0.0507331 5.97618e-07 2.02384e-09 2.56993e-06 0.0860336 0.00411333 7.83098e-05 0.0160147 4.58516e-06 4.24387e-05 5.88877e-05 0.000948897 
0.0239621 9.04478e-07 0.00911271 7.91632e-07 0.286177 2.90718e-05 4.21416e-05 6.40926e-05 0.000524482 0.0621896 0.00019414 0.000666642 0.00160939 0.000447328 0.0380497 7.87198e-05 3.87172e-06 0.150197 0.0685877 0.00164841 0.233102 0.0710935 0.050588 2.33911e-05 0.00160111 6.48627e-06 
0.010173 7.809e-06 7.81899e-06 7.81063e-06 0.265479 7.80142e-06 7.81239e-06 7.8151e-06 0.193937 7.82076e-06 7.82033e-06 0.057859 7.81707e-06 7.8086e-06 0.115752 7.81237e-06 0.00391747 7.81962e-06 7.8203e-06 7.81893e-06 0.0594361 7.81891e-06 0.198669 7.8099e-06 0.0946448 7.81169e-06 
7.53833e-06 1.70902e-06 3.23083e-05 1.4958e-06 0.999531 2.89537e-06 7.33281e-05 2.47233e-05 5.65476e-06 3.1293e-05 7.82551e-07 5.6518e-07 1.09219e-05 1.76147e-06 7.93455e-05 1.90485e-06 3.59082e-07 4.12816e-06 1.15029e-05 6.75221e-06 8.34515e-05 1.07476e-05 6.90079e-06 1.79412e-06 6.08379e-05 6.26189e-06 
0.0021028 1.42032e-06 0.0101585 3.63775e-07 0.586116 8.17926e-06 0.000506869 1.15095e-05 0.0126449 2.88741e-05 0.0519022 2.69357e-05 9.48372e-05 9.24898e-09 0.0434472 5.6485e-08 1.85462e-05 0.00212829 0.198723 2.28039e-06 0.000480835 5.50668e-06 0.00977423 5.72126e-06 0.0762237 0.00558769 
0.0712485 0.000290295 0.0012625 1.51676e-09 0.429995 0.000356059 0.0148211 3.80481e-06 0.000321713 0.236773 0.0051508 0.0085915 1.85961e-05 3.02144e-05 0.0501143 6.71972e-05 0.00937772 0.059412 0.00420603 0.0337815 0.00258811 0.00442458 0.0175292 4.40708e-07 0.0495715 6.40601e-05 
0.0103209 3.56851e-09 0.0705373 8.2696e-06 0.500329 0.000649689 0.00208021 0.00721062 0.208693 0.0139789 0.000379292 4.01967e-05 0.00653298 1.40754e-05 0.0034164 0.000101029 7.11001e-08 0.0111998 0.027711 0.000257491 9.04582e-07 0.0198063 0.0260716 1.05962e-05 0.0221484 0.0685023 
4.69729e-06 2.29791e-05 5.3561e-06 2.01121e-05 0.999742 3.63223e-05 1.6986e-05 1.2187e-05 4.0535e-06 2.2438e-06 3.02602e-06 7.59926e-06 8.78434e-06 2.36842e-05 2.65332e-06 1.70451e-05 4.82811e-06 4.24439e-06 3.0653e-06 5.49817e-06 4.44031e-06 5.49412e-06 1.27468e-06 2.14192e-05 1.42036e-06 1.8228e-05 
0.00013122 0.000131046 0.328164 0.000131073 0.458733 0.000130918 0.000131103 0.000131148 0.000131226 0.000131243 0.000131236 0.000131192 0.000131181 0.000131039 0.000131239 0.000131102 0.000131219 0.000131224 0.000131235 0.000131212 0.210086 0.000131212 0.000131252 0.000131061 0.000131251 0.000131091 
0.0127614 3.11979e-10 0.00132175 2.82147e-08 0.331187 0.00095865 0.00060031 3.84719e-05 0.0566976 2.01038e-07 0.000207301 3.06075e-05 0.00424931 3.21553e-10 0.311255 2.31415e-10 0.00548069 0.00209924 3.12498e-07 0.000193657 0.01511 0.00490292 0.0868136 0.000116311 0.165156 0.000820149 
0.00110173 7.39762e-07 0.00409682 6.47466e-07 0.798812 0.000243519 1.78568e-05 0.00035928 0.168689 7.27985e-06 2.53199e-07 0.000101063 0.00288049 7.62463e-07 0.0123413 7.26772e-07 2.82069e-05 0.000501515 7.39109e-05 1.77418e-06 0.00217153 3.38881e-05 0.0085191 7.43795e-07 1.36229e-05 1.91024e-06 
3.13501e-05 1.56812e-09 2.65363e-05 1.37248e-09 0.97044 2.47869e-09 0.000103165 1.54696e-05 3.34734e-06 3.2186e-05 2.065e-10 5.18585e-10 4.47799e-05 1.61625e-09 4.25327e-05 1.16318e-09 3.29477e-10 1.66258e-05 6.945e-06 8.9302e-06 0.0291325 2.34333e-05 2.96797e-05 8.78467e-07 2.00156e-05 2.13964e-05 
0.0659059 0.00020849 0.0686996 1.96226e-06 0.329714 4.36962e-05 0.000641911 0.000339067 0.0287728 0.0693702 0.152883 0.0350432 0.00979261 1.13633e-05 0.0383972 4.514e-07 1.52283e-05 0.00582219 0.000316729 0.0116392 0.025149 0.00773085 0.039492 1.00256e-06 0.0679056 0.0421023 
0.0393559 1.13932e-05 0.0313979 6.58122e-08 0.577193 1.14143e-08 0.00103595 1.37669e-05 0.012144 0.0553923 0.000326413 0.00073417 0.00286167 3.643e-07 0.00564777 0.000940106 2.77967e-06 0.0248452 0.013033 0.00279124 0.0179825 0.125773 0.0328252 8.36111e-09 0.0468222 0.0088702 
0.0489379 3.6186e-05 0.00283066 1.19416e-06 0.352652 0.000421719 4.688e-05 0.000654495 0.0205311 0.0925033 0.000100948 0.00490802 0.000103466 0.000110205 0.0874122 7.33579e-07 8.05323e-07 0.104078 0.13194 0.00270565 0.0189323 0.0369783 0.0668379 0.000595855 0.0266797 3.14585e-08 
0.00406415 0.000316315 0.000221489 1.62658e-05 0.828636 5.28584e-10 0.000103658 0.00192532 0.0585653 0.00342371 0.000264826 0.000336746 0.00209648 0.00568354 0.000340994 9.65217e-07 7.02616e-11 0.00134635 0.0683064 8.00127e-11 0.00133739 0.011396 0.000758656 0.000251692 0.00731441 0.00329377 
0.02442 0.0003751 0.000559715 0.000186862 0.793463 0.000143864 0.00229078 7.94045e-06 0.0286422 0.0575289 0.00147093 0.00325803 0.000288775 1.16316e-05 0.00387791 0.00538451 1.40016e-06 0.0266495 0.00219932 0.00155088 0.00267322 0.0170179 0.0118044 7.87669e-06 0.0105869 0.00559828 
0.0756596 7.91855e-06 0.0244394 0.000121294 0.203571 4.03846e-06 0.00109122 0.00384457 0.000864175 0.07594 0.000380043 0.00497228 0.00511664 1.40267e-05 0.105807 0.000582726 0.0266563 0.0718388 0.00880613 0.0112492 0.131285 0.131793 0.086552 7.24455e-05 0.0291487 0.000182362 
0.00114732 1.48166e-06 3.91753e-05 1.71896e-06 0.871635 0.000796251 0.000365585 3.41513e-05 0.00838481 0.0984042 6.85482e-06 2.02984e-05 0.00133017 7.764e-06 0.000522078 2.31291e-05 5.33432e-08 0.00410283 0.00471618 0.000471283 0.0048411 0.00122063 0.00168184 3.01492e-07 0.000209454 3.62912e-05 
0.000606383 3.5951e-05 0.0481477 2.82139e-06 0.53921 0.000428062 0.0268796 0.0101445 0.00172926 0.00351284 0.00085498 0.00103192 0.00604586 1.05464e-05 0.0131401 5.94953e-06 1.3409e-07 0.00181736 0.00891544 0.00129327 0.000434664 0.0344769 0.000799519 1.48057e-05 0.286376 0.0140851 
0.0250846 8.17946e-06 0.00839601 1.84729e-07 0.320289 4.32402e-05 0.000868585 0.000767114 0.0139509 0.0470751 0.00193692 0.00165924 0.000777884 0.000686304 0.117496 0.000834367 9.52843e-05 0.00273799 0.188652 0.121758 0.0314723 0.0198926 0.0626199 2.75336e-06 0.032491 0.000404189 
0.116746 9.88202e-08 0.0923894 1.09088e-07 0.56672 7.15139e-08 0.000104848 1.24425e-05 0.00695257 0.00462899 6.17647e-06 1.09298e-06 0.00526334 4.35698e-07 0.0280155 5.74085e-05 6.95466e-09 0.145693 0.000588791 0.000987717 0.0036636 0.000287595 0.00639353 4.85744e-08 0.0213993 8.78554e-05 
0.161931 8.38291e-05 0.050504 7.93701e-06 0.258824 6.63444e-09 0.000781597 0.0151949 0.0934155 0.0124266 6.36374e-07 0.000775012 0.00280751 9.61704e-06 0.033786 2.17482e-05 8.81878e-10 0.0248433 0.124438 0.00183925 0.00543052 0.0253155 0.0177381 3.33009e-06 0.120085 0.0497368 
0.0212646 2.17139e-07 0.0157847 2.17184e-07 0.620741 2.16928e-07 0.019334 0.00404216 0.00263121 0.0457116 2.17454e-07 2.17382e-07 0.0162372 2.17128e-07 0.0510815 2.17233e-07 2.17425e-07 0.012481 0.00721966 0.00517469 0.0417254 0.0135886 0.0742047 0.000130515 0.0449097 0.00373629 
0.00375049 2.26779e-05 0.0082356 3.33436e-06 0.709547 0.000498556 0.000192387 0.000469657 0.00142521 0.0569306 0.000740037 0.000643019 0.00309844 7.73427e-06 0.0104639 0.00163234 2.60085e-07 0.0568041 0.00296291 0.000432507 0.0384964 0.0709104 0.0181277 1.70846e-07 0.0145834 2.10507e-05 
0.007184 3.75394e-05 0.00677165 1.77877e-06 0.278827 8.12229e-05 0.0127923 0.0091904 0.00568431 0.0543603 0.235122 0.00143084 0.0069908 4.40735e-06 0.0726197 0.00166782 1.48834e-07 0.0109915 0.0490174 0.0110897 0.0842764 0.0463693 0.0291489 4.38092e-06 0.0709086 0.00542763 
0.00487971 1.59118e-05 0.00205386 3.3019e-06 0.448498 4.83118e-06 0.000412787 2.18909e-05 0.127286 0.0263644 0.000265559 0.000726322 0.000785936 0.00195783 0.0713281 6.30391e-05 0.000397801 0.0415368 0.000582904 0.151055 0.0148921 0.00636793 0.0374966 4.64378e-06 0.0629708 2.74906e-05 
0.0263718 3.21648e-05 0.00966273 1.53428e-07 0.290097 5.80098e-05 0.00157172 0.00586359 0.00967091 0.0431304 0.00527307 0.00117892 0.00116753 0.000692605 0.0851466 0.00164039 0.000120706 0.00241351 0.116422 0.113598 0.0273015 0.0155578 0.108924 1.59046e-06 0.133557 0.000547009 
0.0230383 2.29871e-06 0.0952212 7.01667e-07 0.282043 1.16854e-05 0.000625971 0.00755989 0.00875783 0.0926379 0.000697437 0.00479202 0.00559774 7.4871e-07 0.173281 4.74701e-11 6.85007e-06 0.0459095 0.0604175 0.00394161 0.000985085 0.000224647 0.0847635 3.36297e-05 0.109414 3.69192e-05 
0.00573697 0.00709188 0.00212299 2.5661e-07 0.445068 0.00198126 0.000320602 0.00025061 0.000826098 0.162541 0.00122115 0.000122259 0.000236305 0.0012094 0.128793 0.000126927 0.00115487 0.0470983 0.0901605 0.00186743 0.0170465 0.0622961 0.0195606 8.28723e-06 0.00300024 0.000157584 
0.0186598 0.000818255 0.00141857 2.32186e-06 0.255022 0.000365938 0.000180671 0.000169176 0.0236903 0.0831804 0.000309484 0.00978962 0.00773864 7.45286e-07 0.132486 0.151956 7.23048e-06 0.00985556 0.0239708 0.0177596 0.0107248 0.000243609 0.235803 2.25806e-08 0.0124548 0.0033926 
0.00867752 3.6545e-09 0.00407279 1.74479e-07 0.256495 0.0082253 0.000544139 5.22435e-05 0.0160251 0.00270932 0.0271586 9.70861e-08 0.00242811 3.76664e-09 0.209769 4.9177e-05 0.000556867 0.00162488 0.00178249 0.000264548 0.0743936 0.0136361 0.206884 7.94429e-05 0.162834 0.00173645 
0.0319747 2.68366e-10 0.000236911 2.34883e-10 0.45132 0.000486549 2.00373e-05 0.000393425 4.3652e-05 0.00947738 1.30347e-05 0.00300556 3.31067e-07 0.00011502 0.0987694 0.000159662 6.85681e-07 0.0950043 0.143641 0.00913341 0.0162189 0.0848907 0.0196826 1.66005e-08 0.0138706 0.0215416 
0.0248634 5.01689e-05 4.0659e-05 9.32306e-05 0.686087 0.000439904 8.04627e-07 5.77298e-07 8.92968e-05 0.0154656 2.73128e-05 0.00391453 4.16115e-07 0.0002429 0.00159838 0.0546349 2.15031e-05 0.000438196 0.0042927 0.0108413 0.0545217 0.0829361 0.0069504 1.01463e-06 0.000544446 0.0519036 
0.00133423 5.60734e-05 0.000660901 0.00025422 0.455756 0.000140878 0.00058984 0.000532737 0.00326194 0.22646 0.0141435 0.0072245 0.00854403 0.0025311 0.0190867 0.00138804 0.00248062 0.0105104 0.111448 0.0410673 0.0049938 0.00606764 0.0384753 1.3619e-05 0.0423762 0.000601925 
0.0378628 0.00404772 0.00182597 2.30051e-08 0.350901 0.00295792 1.34313e-06 0.00262792 0.00216633 0.0230635 7.96103e-05 9.95527e-05 3.56169e-05 1.66242e-05 0.0749981 0.00520974 5.52261e-09 0.0210097 0.234363 0.000330866 0.0158606 0.135977 0.0461591 2.75669e-06 0.0399641 0.00043975 
4.39032e-09 2.14773e-08 6.79135e-06 1.87977e-08 0.96889 3.39486e-08 1.58759e-08 2.509e-06 3.7886e-09 7.1095e-06 2.82827e-09 7.10264e-09 8.21028e-09 2.21364e-08 2.03883e-06 1.59311e-08 4.51259e-09 7.17433e-06 0.0100457 4.07414e-06 4.15013e-09 0.0158934 1.19138e-09 2.00195e-08 0.000333527 0.00480773 
0.0540688 1.56812e-05 0.0090255 1.70644e-08 0.358794 1.08386e-05 0.000224691 9.78773e-05 0.0352127 0.0853632 0.0188485 0.000316847 0.00731534 2.00952e-08 0.0866763 0.00817962 0.00014357 0.100184 0.0189154 0.00991226 0.0196471 0.0598876 0.0601174 1.95131e-05 0.0655348 0.00148823 
0.0813138 0.010831 0.00802687 2.86474e-05 0.313046 0.00156851 0.000175231 0.000885197 0.0120885 0.104476 0.00595512 0.00829392 0.00501551 0.000416929 0.104317 0.00128251 0.00350883 0.0283943 0.0648619 0.0200728 0.0230967 0.0216844 0.10299 4.86881e-05 0.076527 0.00109427 
0.000395369 2.09838e-08 0.0252469 1.83657e-08 0.502654 5.32945e-06 4.70504e-05 4.81735e-05 1.87469e-06 0.00307271 1.05629e-05 3.02716e-05 0.108956 1.09276e-06 0.0659971 1.5565e-08 1.34292e-07 0.0788692 0.000116916 0.0256643 0.0282221 7.89117e-05 0.156055 5.29325e-08 0.00441472 0.000111527 
0.0018819 1.73125e-08 0.022004 2.08748e-08 0.479905 9.79146e-09 0.000421474 0.127189 0.00474798 0.160495 0.000737961 0.000224123 0.000717746 1.24514e-07 0.0262666 6.30896e-06 5.00482e-08 0.00331904 0.0292567 0.00088134 0.0114222 0.000997795 0.101329 7.09262e-09 0.0281452 5.08307e-05 
3.81127e-05 8.27579e-08 3.72753e-05 7.24327e-08 0.93349 5.48003e-05 0.00235595 2.33313e-05 4.71926e-06 0.00200208 2.15028e-07 2.73684e-08 1.33507e-05 8.52976e-08 0.0121598 0.000441173 1.73882e-08 3.97268e-06 1.26854e-05 4.8403e-06 0.0467776 1.08124e-05 0.00247683 1.14836e-07 8.98257e-05 2.20486e-06 
0.223795 0.000618035 0.00563748 3.86093e-09 0.239832 0.000339753 0.0027666 0.000113281 0.0604988 0.0172481 0.0666929 0.000331992 0.00690648 4.9273e-10 0.0335352 0.00951365 5.39701e-05 0.00672611 0.0184213 0.00193229 0.228549 0.0121366 0.0427377 7.2562e-07 0.0213669 0.000247212 
0.00869319 3.29584e-09 0.113636 5.36092e-06 0.41751 0.000434559 0.00178757 0.00980492 0.170398 0.0127177 0.000625545 2.95401e-05 0.00488275 7.71943e-07 0.00160418 0.000159813 1.29668e-07 0.00851433 0.0363964 0.000422002 1.65777e-06 0.0171761 0.0333072 7.99253e-07 0.0369399 0.124952 
0.0121693 0.000477552 0.00161035 0.000101452 0.954517 5.55386e-06 0.00092738 0.000636862 0.00285578 0.00405028 0.000299713 0.000549035 0.00230855 3.62144e-06 0.000376785 0.00105748 7.38243e-07 0.00413124 0.00107872 0.000943301 0.00398008 0.000592073 0.00276069 3.27511e-06 0.0028581 0.0017046 
1.18225e-05 5.11976e-06 1.03146e-05 4.48099e-06 0.998988 8.09264e-06 3.92452e-05 8.03238e-06 0.000789883 1.15632e-05 6.74201e-07 1.69312e-06 1.73492e-05 5.27687e-06 1.52109e-05 3.79766e-06 1.07571e-06 6.66037e-06 3.07009e-06 4.29446e-06 2.09767e-05 9.27872e-06 1.04858e-05 5.07368e-06 7.1964e-06 1.14154e-05 
0.000357168 1.00062e-06 0.0107362 1.25144e-08 0.609888 3.26473e-08 0.000199312 9.61226e-05 0.0186734 0.00947847 0.00797487 3.59269e-06 0.00359808 1.47371e-08 0.000433488 0.00115378 2.15811e-07 0.00181735 0.0036023 0.000130515 0.289266 0.0213153 0.00916716 2.30295e-08 0.0118834 0.000224674 
0.00244431 0.000261267 0.000635332 8.59896e-07 0.231577 6.37132e-05 7.1983e-05 0.000492819 0.000673179 0.147861 0.00272266 0.050392 0.00205976 0.000156535 0.0120627 0.174094 0.00185466 0.0568999 0.083395 0.00949161 0.11344 0.00257824 0.0764015 2.28252e-05 0.0301742 0.000172724 
0.0127614 3.11979e-10 0.00132175 2.82147e-08 0.331187 0.00095865 0.00060031 3.84719e-05 0.0566976 2.01038e-07 0.000207301 3.06075e-05 0.00424931 3.21553e-10 0.311255 2.31415e-10 0.00548069 0.00209924 3.12498e-07 0.000193657 0.01511 0.00490292 0.0868136 0.000116311 0.165156 0.000820149 
2.67459e-05 0.00171107 0.0254206 2.29189e-10 0.32279 0.0517323 0.0416003 1.54597e-06 0.0391946 0.052826 0.00033935 0.00376626 0.01281 2.69896e-10 0.00911283 5.79218e-05 0.000142113 0.0130129 0.00291584 3.05834e-05 0.154956 0.000192613 0.238563 2.74007e-06 0.0287548 3.97927e-05 
0.0132848 3.35175e-05 0.106336 0.000609706 0.286901 0.00879678 4.09131e-05 1.87008e-05 0.0146563 0.0672024 0.000161196 0.0092098 7.35979e-05 6.05094e-05 0.00978438 0.000459942 0.000210673 0.256863 0.0276953 0.0224371 0.00495911 0.00911915 0.0515673 1.12775e-06 0.105955 0.00356248 
0.0131458 1.04822e-07 0.00631367 9.17441e-08 0.399858 1.54492e-05 0.00012779 5.55926e-08 0.357521 0.00131719 3.71456e-05 0.000114517 2.24927e-05 5.85572e-05 0.0129331 0.00653692 2.20241e-08 0.0101059 0.0208593 2.50807e-08 0.0588569 4.64863e-06 0.0252764 9.77068e-08 0.0868842 1.05788e-05 
0.00111128 0.00106581 7.66637e-05 3.5308e-08 0.526811 6.9094e-06 0.000545829 0.114416 0.0652002 0.0301123 0.00272843 0.0174485 0.00175399 1.35275e-05 0.0278142 1.61323e-05 0.00011039 0.0337443 0.0308534 0.051958 0.000402864 0.000757807 0.0310245 4.11362e-07 0.0620212 5.86689e-06 
0.000353044 1.58271e-05 0.000437705 3.75583e-07 0.977545 2.45364e-05 8.2958e-06 3.62975e-05 3.91379e-06 0.0035943 4.40798e-05 0.00335456 4.13826e-05 4.90763e-06 0.00507382 3.18308e-07 6.3162e-07 0.00356763 0.000215314 0.000477644 0.000305217 2.02838e-05 0.00343631 3.99993e-07 0.00141811 1.99662e-05 
0.00139584 9.09507e-09 0.0466578 7.96033e-09 0.479724 3.74627e-05 4.04081e-05 0.00131393 0.0202997 0.00461632 0.000271928 1.48491e-07 0.00163109 4.68461e-07 0.0315881 3.09845e-07 7.93222e-08 0.0183968 0.10467 0.000226619 0.00214946 0.00358701 0.0442084 1.1137e-07 0.223007 0.0161781 
0.0269916 2.01841e-06 2.04186e-05 1.76659e-06 0.935547 3.33109e-06 4.63075e-05 0.000435411 0.00104392 1.92784e-05 6.70049e-07 6.67496e-07 7.15402e-06 2.08035e-06 4.85828e-05 1.9592e-06 4.24087e-07 0.0185561 0.00416542 0.00012651 0.00991759 0.00301337 4.34223e-06 2.0064e-06 3.72557e-05 4.65055e-06 
0.150748 1.72119e-09 0.000753421 3.35198e-07 0.296031 2.48958e-06 1.97324e-07 0.00153772 0.00918859 0.0241803 2.26657e-10 0.00599757 2.51636e-06 0.0398478 0.000398909 7.50516e-08 3.61638e-10 0.0117485 0.0821232 4.11828e-10 0.0310371 0.025972 5.76636e-07 0.0011568 0.290601 0.0286721 
0.00118515 1.36898e-08 0.00300215 1.19818e-08 0.368162 2.1639e-08 0.000956429 0.159409 0.00150352 0.00776044 3.80852e-05 0.00291401 0.000988527 1.41099e-08 0.289972 8.34654e-07 3.88946e-06 0.000396495 0.00388599 0.103261 0.00941565 0.00174149 0.0168086 7.5939e-08 0.0284252 0.000168586 
0.0201731 0.000194904 0.00874962 2.15726e-08 0.209967 6.84541e-05 0.00213493 0.00791258 0.0113033 0.0225643 0.00940255 0.0012432 0.00136236 0.000386364 0.084406 0.00176802 0.000198271 0.00187 0.102472 0.16779 0.0189884 0.0178074 0.136299 6.87672e-07 0.172604 0.000333436 
0.00275153 0.00992786 2.38745e-07 5.78163e-09 0.362084 1.04416e-08 2.01162e-07 0.000130526 0.000325848 0.11435 7.08466e-06 0.251829 0.0262381 3.04993e-05 0.0335832 0.000149255 0.0742212 0.108487 0.00102335 0.0102562 0.000309674 0.000916089 0.00331989 2.43123e-06 2.81714e-05 2.83084e-05 
0.007041 8.95122e-07 0.114088 7.83442e-07 0.579916 0.000773897 0.221477 2.40488e-06 0.0012622 0.00863696 1.17875e-07 2.9602e-07 5.9296e-06 9.2259e-07 0.00980822 6.6397e-07 1.88073e-07 0.00265275 9.85955e-07 1.32841e-06 0.0465983 3.1379e-06 0.00300798 9.4379e-07 0.00439265 0.000325798 
0.0127614 3.11979e-10 0.00132175 2.82147e-08 0.331187 0.00095865 0.00060031 3.84719e-05 0.0566976 2.01038e-07 0.000207301 3.06075e-05 0.00424931 3.21553e-10 0.311255 2.31415e-10 0.00548069 0.00209924 3.12498e-07 0.000193657 0.01511 0.00490292 0.0868136 0.000116311 0.165156 0.000820149 
0.00116903 1.9872e-06 0.0350706 2.24568e-06 0.436415 0.000545692 0.00162836 9.35205e-06 0.000937089 0.0616173 3.30253e-06 0.000212342 0.0355817 9.52978e-06 0.0278576 0.103562 1.08079e-07 0.132085 0.00140825 0.000275161 0.0813908 0.00659525 0.0697816 5.63514e-07 0.00380039 3.9479e-05 
0.0250846 8.17946e-06 0.00839601 1.84729e-07 0.320289 4.32402e-05 0.000868585 0.000767114 0.0139509 0.0470751 0.00193692 0.00165924 0.000777884 0.000686304 0.117496 0.000834367 9.52843e-05 0.00273799 0.188652 0.121758 0.0314723 0.0198926 0.0626199 2.75336e-06 0.032491 0.000404189 
0.0437039 9.66693e-06 0.00453894 0.0422524 0.202464 0.000257943 0.000809875 0.00701129 0.0271303 0.0884399 0.000533827 0.00895498 0.00101197 1.77717e-05 0.0241868 0.000143305 2.8187e-05 0.0813 0.12184 0.00370166 0.031966 0.0480131 0.0288198 0.00215867 0.200893 0.0298133 
0.0198698 8.50251e-09 0.00459687 1.28556e-08 0.654287 5.9285e-06 0.000381866 0.000221029 3.54006e-05 0.0809376 0.000345003 0.00232748 0.000604229 2.569e-06 0.0348928 6.12836e-06 2.7371e-08 0.154812 0.00146633 0.00436178 0.00684081 0.00789672 0.00941946 3.06623e-09 0.0150737 0.00161557 
8.78158e-11 4.29593e-10 1.00132e-10 3.75995e-10 0.943248 6.79044e-10 3.17552e-10 4.55899e-07 7.57801e-11 1.09106e-07 5.65714e-11 1.42068e-10 1.64223e-10 4.42776e-10 4.96038e-11 3.18657e-10 9.02615e-11 7.93488e-11 0.0150594 1.85121e-07 8.30116e-11 0.0247485 2.38301e-11 4.00432e-10 5.31097e-07 0.0169423 
0.0348255 0.00105225 0.0128368 5.25111e-05 0.157318 0.00142019 0.000925467 0.00459953 0.0145804 0.0413883 0.0209061 0.00479719 0.0020432 0.000837801 0.127914 0.00399522 0.00102498 0.0199011 0.13366 0.044738 0.0228764 0.111275 0.109346 0.000710241 0.090962 0.0360141 
0.0137945 5.09565e-05 0.00682152 7.39809e-07 0.291014 2.90594e-05 0.000711852 0.0018712 0.133617 0.04905 0.000261471 0.000922474 0.000804965 8.71208e-07 0.029449 0.00174374 0.000124189 0.00407547 0.0190971 0.0163405 0.0352356 0.00675286 0.158944 0.000100034 0.199921 0.0292665 
0.00155024 4.09354e-05 0.00532245 1.19723e-08 0.462233 0.0455061 5.58447e-05 0.000206891 0.00636764 0.0219002 0.020898 0.00230906 0.000383705 3.05147e-05 0.0456114 0.00327823 1.19053e-05 0.00697412 0.195879 0.00187539 0.00299357 0.121386 0.0226406 4.0138e-07 0.0248639 0.00768015 
0.00111128 0.00106581 7.66637e-05 3.5308e-08 0.526811 6.9094e-06 0.000545829 0.114416 0.0652002 0.0301123 0.00272843 0.0174485 0.00175399 1.35275e-05 0.0278142 1.61323e-05 0.00011039 0.0337443 0.0308534 0.051958 0.000402864 0.000757807 0.0310245 4.11362e-07 0.0620212 5.86689e-06 
0.0154986 8.62832e-06 0.00101821 4.42166e-07 0.84568 1.36124e-05 0.000110904 0.000237136 0.0196033 0.0122284 0.000594002 0.00626896 0.000126118 0.000118792 0.00742398 1.6792e-05 0.000337843 0.00602807 0.00313098 0.0031733 0.012107 0.000306043 0.00279603 2.8159e-06 0.0631406 2.95632e-05 
0.0207867 1.35089e-06 0.0020078 1.18091e-05 0.602405 0.00124196 0.000541712 6.48145e-05 0.000895526 0.00664064 2.61187e-07 1.00926e-07 0.00143603 4.3951e-07 0.0357747 2.48623e-06 0.196722 0.00325929 0.00332266 0.000290723 0.0647507 0.045575 0.0102137 0.000151462 0.00377414 0.000129679 
0.0256677 5.72674e-07 0.00295952 4.7949e-08 0.86402 0.000110485 0.00225871 7.62368e-08 0.0239255 1.90546e-05 9.99183e-06 0.000410044 0.00058666 2.30273e-07 0.00160332 1.30969e-05 6.30213e-10 0.0539727 0.00113948 0.00111142 4.58538e-06 0.00269904 0.0137621 2.79585e-09 0.00204 0.00368548 
0.00148418 4.92246e-07 0.00151568 5.99449e-07 0.790131 4.67187e-05 0.000358602 0.000299212 0.00356483 0.113939 7.48464e-05 0.000388135 0.00107401 5.37071e-06 0.0305549 1.05378e-05 1.06439e-07 0.0211134 0.00655674 0.00148449 0.00479549 0.00605052 0.00376617 2.20296e-08 0.0126374 0.000147693 
0.000974312 4.26599e-06 0.00101644 2.11293e-08 0.725232 6.797e-06 0.0162557 0.000297194 0.00996288 0.101018 5.00854e-05 0.000372472 0.00965346 0.000183567 0.0246126 3.3728e-06 3.82429e-06 0.0276538 0.00195899 0.00636244 0.0377643 0.0150181 0.00996598 4.69474e-09 0.0115866 4.22338e-05 
