4.02478e-06 4.01944e-06 4.02458e-06 4.02028e-06 4.01892e-06 4.01554e-06 4.02118e-06 0.000406281 4.02497e-06 0.0801114 4.02527e-06 4.02394e-06 0.0527131 4.01923e-06 0.16746 4.02118e-06 4.02474e-06 0.0124812 4.02526e-06 4.02455e-06 0.147716 0.061177 0.477862 4.0199e-06 4.02575e-06 4.02083e-06 
0.000649067 2.33725e-05 0.00157026 1.67337e-07 4.56982e-06 3.02302e-08 0.891093 1.63317e-05 0.00935261 0.0135628 0.00584244 0.00451622 0.0175555 0.000738784 0.000256712 0.00264978 0.000138997 0.00760747 0.00176821 0.0229465 0.00183835 0.00142661 0.0128489 3.38876e-05 0.00349622 6.2809e-05 
0.0389967 0.00044352 0.0140706 0.000619074 0.000516773 7.54828e-05 0.000858426 0.0013124 0.0171758 0.200328 0.0115432 0.0111256 0.0114801 0.00232691 0.0717756 0.0042267 0.00268461 0.0596174 0.0446206 0.0214916 0.0693509 0.138232 0.220432 0.00093887 0.0526822 0.00307448 
0.0375595 0.000265387 0.000780188 0.000726142 0.00346779 7.81107e-07 4.54979e-05 0.000191717 0.0574389 0.0632793 0.00126041 0.00946273 0.00119531 0.000360677 0.022269 0.00529482 0.00535651 0.0713141 0.487837 0.11497 0.0281383 0.00637351 0.0443402 2.95608e-05 0.0374476 0.000594709 
0.114547 0.12022 6.61381e-05 2.37177e-08 1.5013e-05 3.46529e-09 5.37408e-06 2.27614e-06 0.0492296 0.571088 0.0817217 0.0205773 0.0132147 6.69076e-05 0.00209606 0.000679285 6.34093e-05 8.30117e-05 0.00110344 0.0244084 0.000123589 3.44904e-05 2.46796e-07 3.57081e-06 6.08993e-05 0.000588985 
0.0168102 0.00348658 0.0130717 0.000193474 7.56697e-05 1.11031e-07 5.21175e-05 5.36272e-05 0.200698 0.0600732 0.0236886 0.00593141 0.00717909 2.64616e-06 0.0158217 0.0211177 0.000318754 0.00528068 0.425573 0.0031439 0.0138717 0.00272309 0.115157 0.0173792 0.0482316 6.57411e-05 
0.0086588 4.11581e-06 4.12107e-06 4.11666e-06 4.11527e-06 4.11181e-06 4.11759e-06 0.00453504 0.00494988 0.340482 4.12177e-06 0.0313192 4.12006e-06 4.11559e-06 0.0667787 4.11758e-06 0.0119557 0.191649 4.12176e-06 4.12104e-06 0.0408055 0.0671767 0.192103 4.11628e-06 4.12227e-06 0.0395295 
4.24987e-05 4.24423e-05 4.24966e-05 4.24511e-05 4.24368e-05 4.2401e-05 4.24607e-05 4.24754e-05 4.25007e-05 0.998938 4.25038e-05 4.24897e-05 4.24861e-05 4.24401e-05 4.2505e-05 4.24606e-05 4.24982e-05 4.25e-05 4.25037e-05 4.24962e-05 4.24994e-05 4.24961e-05 4.25091e-05 4.24471e-05 4.25089e-05 4.24569e-05 
8.00021e-05 1.75394e-05 0.000197477 0.00268903 5.57368e-08 3.64942e-09 0.00609744 5.79511e-05 0.0029169 0.00364991 0.000963252 0.948632 1.84614e-05 9.06171e-09 0.000265431 3.40816e-05 0.0139882 0.00384771 0.00425241 0.000774419 0.000909851 3.14013e-05 0.00722856 5.3721e-06 0.00334279 6.97643e-08 
0.0324872 0.000364331 0.00705817 0.0153491 0.00427722 1.83659e-06 0.000149289 0.000136511 0.00877739 0.0570579 0.0148382 0.0181434 0.0059699 0.00479683 0.0136531 0.000436188 0.000664701 0.643172 0.0261331 0.0124856 0.00976882 0.00749052 0.0531393 0.00438946 0.0574976 0.00176211 
0.00190571 0.00368351 0.0014393 2.83182e-07 0.000365274 5.51861e-08 0.000121776 0.000298276 0.412935 0.0902795 0.000104706 0.100438 0.00369661 2.41749e-06 0.0146336 0.000725065 0.0192703 0.0416916 0.098301 0.0339271 0.0184003 0.00303291 0.0720803 1.64408e-05 0.0820343 0.000617098 
0.0176816 2.54124e-05 0.000617928 2.22808e-07 5.09757e-09 4.82135e-12 2.19293e-05 3.01773e-05 0.00328723 0.0183182 0.00238777 0.00423172 0.000282721 2.66784e-08 0.124556 0.00016114 9.5296e-06 0.00167975 0.0336321 0.00575233 0.0191468 0.00958209 0.742421 1.00108e-06 0.0160964 7.78508e-05 
0.0188376 0.000463694 0.00383072 6.32936e-05 0.000877776 3.86521e-05 0.000473183 0.000122818 0.019514 0.286678 0.014579 0.032751 0.0175117 0.00297618 0.0561595 0.00698616 0.00772053 0.272031 0.0537083 0.0155144 0.00968804 0.0402702 0.110901 0.000319746 0.0276954 0.000287807 
0.0196684 0.000517043 0.0382458 0.0729838 4.73363e-05 1.64522e-08 0.000125252 0.00143635 0.270104 0.0252734 2.22843e-05 0.00772422 0.0034159 0.00150445 0.00243809 3.32985e-05 0.00174299 0.0129575 0.224484 0.00221345 0.0017078 0.00109027 0.0145015 0.272471 0.0252737 1.85062e-05 
0.0351457 0.0105214 0.00591903 7.98953e-07 4.72283e-06 3.86352e-08 0.309328 0.000549388 0.062096 0.0753805 0.000290665 0.0471903 0.220302 8.43262e-05 0.00208829 0.0997939 0.000992608 0.0580307 0.0104691 0.00146913 0.00635903 0.0158722 0.0202006 4.68532e-05 0.0176392 0.000225635 
0.0278522 0.000917864 0.00102929 6.8295e-07 1.01449e-06 6.8889e-08 0.000312944 0.00455908 0.0123785 0.0269452 0.00123759 0.00254409 0.00010549 7.5388e-08 0.016362 0.000198097 4.34564e-06 0.00422764 0.696629 0.00445496 0.0270301 0.0232175 0.131597 9.83455e-05 0.0180591 0.000237273 
0.114547 0.12022 6.61381e-05 2.37177e-08 1.5013e-05 3.46529e-09 5.37408e-06 2.27614e-06 0.0492296 0.571088 0.0817217 0.0205773 0.0132147 6.69076e-05 0.00209606 0.000679285 6.34093e-05 8.30117e-05 0.00110344 0.0244084 0.000123589 3.44904e-05 2.46796e-07 3.57081e-06 6.08993e-05 0.000588985 
6.60372e-06 0.011218 6.60339e-06 6.59633e-06 6.5941e-06 6.58855e-06 6.59782e-06 6.60011e-06 0.617484 6.60489e-06 6.60452e-06 6.60233e-06 6.60177e-06 6.59462e-06 6.6047e-06 0.0277174 0.0138743 6.60392e-06 0.0653912 0.0389663 6.60384e-06 6.60333e-06 6.60535e-06 0.0164959 0.208734 6.59723e-06 
0.0135975 4.61124e-06 0.00246056 0.000219001 3.00688e-05 1.83359e-06 0.00381869 8.03091e-05 0.551034 0.0251648 0.0183848 0.00245539 0.00503975 0.00129577 0.00237045 0.000959476 0.000837253 0.0138752 0.0140831 0.00132858 0.00113962 0.00373674 0.221447 5.41261e-05 0.116463 0.000118566 
0.00821696 1.37301e-05 0.0050145 1.60031e-05 0.000811436 7.17625e-06 0.00104254 0.0112619 0.00877041 0.0599732 0.0503829 0.00921808 0.0235739 0.00223548 0.078598 0.00347255 0.00724453 0.00857433 0.0667302 0.00994876 0.190198 0.0168683 0.365701 9.24995e-06 0.0703711 0.0017453 
7.39537e-06 7.38556e-06 0.0221924 7.3871e-06 7.3846e-06 7.37838e-06 7.38876e-06 7.39133e-06 0.0436422 0.170131 7.39627e-06 7.39382e-06 7.39319e-06 7.38518e-06 7.39647e-06 0.14926 0.00962128 0.165669 7.39625e-06 7.39495e-06 0.250715 7.39493e-06 0.188636 7.38641e-06 7.39715e-06 7.3881e-06 
7.64164e-06 6.23402e-05 0.00138351 5.09986e-08 2.93829e-08 1.58692e-09 0.970555 3.41498e-06 0.014314 0.00207694 0.000150153 0.000430506 0.000318045 5.69867e-06 0.000941254 1.74631e-05 0.000127144 0.000494034 0.00096348 0.00315209 0.000407772 6.90981e-05 0.00207725 2.15648e-06 0.00240579 3.54677e-05 
0.00981622 0.0105984 0.112306 4.09903e-06 0.00938365 1.64767e-07 0.000741096 1.54497e-06 0.171051 0.0829417 0.0573605 0.0203745 0.0199914 0.00124768 0.0210738 8.6432e-05 2.60341e-05 0.0455597 0.0730758 0.000938354 0.0293382 0.00270339 0.195422 2.9487e-07 0.135832 0.000126361 
0.00182636 1.36216e-06 0.000843594 5.34982e-06 5.05374e-06 8.72773e-07 2.90221e-05 0.00788702 0.112845 0.0407596 0.000149937 0.654381 9.01922e-05 8.97502e-07 0.0240808 0.000257368 3.75673e-05 0.0564517 0.0218926 0.00740781 0.000553496 0.00527344 0.0207519 8.9348e-07 0.0443078 0.000159321 
0.00668525 0.000987065 0.000440201 6.31625e-05 0.000635107 8.31662e-12 0.000119235 5.88311e-05 0.0193201 0.704297 0.202707 0.00849063 3.3236e-08 0.000126351 0.00290953 0.00134024 0.000551868 0.0186717 0.00826899 0.000946036 0.010849 0.00128783 1.66958e-08 5.61556e-05 0.0100278 0.00116107 
0.00407095 0.00108166 0.004386 1.37667e-06 0.000399513 3.22535e-07 0.000309554 0.00118285 0.679996 0.00571413 0.00932377 0.00167771 0.0010118 1.98846e-06 0.0668983 0.000128506 0.000139426 0.00419536 0.0355347 0.00105534 0.00834329 0.00309868 0.0682301 1.97646e-05 0.101994 0.0012042 
0.0646865 0.000127974 0.0199297 0.00198056 0.00231816 0.000121962 0.00215668 0.0014536 0.377592 0.0341822 0.00487296 0.0115656 0.0127923 0.00562618 0.0285479 0.00668153 0.000737577 0.0250868 0.103277 0.0223259 0.0382595 0.0214321 0.123739 0.000257969 0.0798864 0.010363 
8.00021e-05 1.75394e-05 0.000197477 0.00268903 5.57368e-08 3.64942e-09 0.00609744 5.79511e-05 0.0029169 0.00364991 0.000963252 0.948632 1.84614e-05 9.06171e-09 0.000265431 3.40816e-05 0.0139882 0.00384771 0.00425241 0.000774419 0.000909851 3.14013e-05 0.00722856 5.3721e-06 0.00334279 6.97643e-08 
0.0384788 0.0384277 0.0384769 0.0384357 0.0384227 0.0383904 0.0384444 0.0384577 0.0384806 0.0384856 0.0384834 0.0384707 0.0384674 0.0384257 0.0384845 0.0384443 0.0384784 0.03848 0.0384833 0.0384766 0.0384795 0.0384765 0.0384882 0.0384321 0.038488 0.038441 
1.19304e-07 1.19146e-07 0.00715803 1.19171e-07 1.19131e-07 1.1903e-07 0.00109674 0.00318381 0.0177893 0.102871 0.104082 0.0106159 0.0031369 0.0108299 0.0470131 0.00164505 0.000453471 0.00621607 0.0926032 0.0338925 0.0184687 0.00986601 0.449721 1.1916e-07 0.0793567 1.19187e-07 
3.54277e-05 3.53807e-05 0.081515 3.5388e-05 3.53761e-05 3.53463e-05 3.5396e-05 3.54083e-05 0.630677 3.54339e-05 3.5432e-05 0.120464 3.54172e-05 3.53788e-05 3.54329e-05 3.53959e-05 3.54273e-05 3.54288e-05 0.166565 3.54256e-05 3.54283e-05 3.54256e-05 3.54364e-05 3.53847e-05 3.54362e-05 3.53929e-05 
0.00109756 0.000191386 0.00240459 4.51923e-07 0.000104369 3.20452e-07 0.000571391 0.00512944 0.00407178 0.00517947 0.0145 0.662063 0.00155313 0.000144412 0.00115085 7.89287e-05 0.250825 0.00248409 0.00708262 0.00977516 0.00113789 0.000555497 0.0102287 1.11848e-05 0.0195983 6.05701e-05 
0.00109756 0.000191386 0.00240459 4.51923e-07 0.000104369 3.20452e-07 0.000571391 0.00512944 0.00407178 0.00517947 0.0145 0.662063 0.00155313 0.000144412 0.00115085 7.89287e-05 0.250825 0.00248409 0.00708262 0.00977516 0.00113789 0.000555497 0.0102287 1.11848e-05 0.0195983 6.05701e-05 
0.000690233 0.00135491 0.000198186 5.24453e-06 0.000431055 3.97299e-06 0.0673689 7.7449e-05 0.521423 0.0400693 0.018977 0.0836899 0.00382002 0.000512128 0.0055918 0.000608172 0.0287573 0.0141076 0.0475484 0.0514796 0.000989529 0.00880937 0.0570434 0.00065763 0.0457087 7.75645e-05 
0.130371 0.00921306 0.000255698 8.884e-06 2.64433e-05 7.8212e-06 8.54397e-06 0.000916548 0.062452 0.0162945 3.98864e-05 0.0372489 1.64952e-05 9.03934e-05 0.00140299 0.14016 3.11234e-05 0.0153525 0.455784 0.00276803 0.00456243 0.101702 0.0178947 6.75262e-05 0.0032793 4.51851e-05 
0.0585375 0.0017131 4.58233e-05 0.00117968 0.0067283 1.17207e-05 5.33063e-05 0.000496297 0.00428652 0.0662505 5.6262e-05 0.00382678 2.15402e-05 0.000113324 0.0388371 0.00290008 0.00162776 0.0692705 0.65287 0.0245455 0.00423749 0.00939229 0.0206665 0.0255872 0.00540412 0.00134103 
0.0463672 0.00330289 0.00116698 0.00524558 5.82052e-05 1.99094e-05 0.000147089 0.001043 0.00331903 0.319269 0.0411842 0.00321284 0.00325397 0.00481278 0.0437321 0.00455232 0.00014082 0.0316513 0.179053 0.00439596 0.0146442 0.0936484 0.177915 0.00188507 0.0135196 0.00245907 
0.0232134 1.13635e-06 1.1378e-06 1.13659e-06 0.00352337 1.13525e-06 1.13684e-06 0.001707 1.13791e-06 0.043475 1.138e-06 1.13762e-06 1.13753e-06 1.13629e-06 0.349375 1.13684e-06 0.000456277 0.0301555 1.13799e-06 0.0632626 0.121527 0.0279908 0.332565 1.13648e-06 0.00273265 1.13674e-06 
0.0357547 4.31805e-05 0.0456866 3.71257e-05 0.00190573 3.2696e-06 0.0107739 0.00145024 0.0120939 0.049614 0.00507582 0.00320501 0.0121196 0.00114076 0.0895875 0.00656656 0.00238979 0.143809 0.0202195 0.0248094 0.142705 0.201311 0.155448 1.69069e-05 0.0316943 0.00253988 
0.179084 1.52847e-05 1.53042e-05 1.52879e-05 1.52827e-05 1.52698e-05 1.52913e-05 1.52966e-05 0.0734826 1.53077e-05 1.53068e-05 1.53018e-05 1.53005e-05 1.52839e-05 1.53072e-05 1.52913e-05 1.53048e-05 1.53055e-05 1.53068e-05 1.53041e-05 1.53053e-05 1.53041e-05 0.70881 1.52864e-05 0.0382869 1.52899e-05 
0.0522514 0.00073811 0.00396974 1.89651e-05 9.78758e-07 6.29704e-07 0.000661747 0.000138204 0.0653036 0.0270579 0.0133766 0.014496 0.0169102 0.000638564 0.00905734 0.000215318 0.00013336 0.00808882 0.665728 0.000445026 0.007548 0.00144587 0.090467 0.00019664 0.0206551 0.000457251 
0.0115014 2.75159e-06 0.00772169 8.25763e-07 4.11688e-05 6.12195e-08 0.00142017 0.000238976 0.00856007 0.0420406 0.0435768 0.00882368 0.00391958 0.000105517 0.415381 0.00017623 0.000148185 0.0473104 0.0284873 0.0492715 0.038729 0.0149516 0.189298 3.45021e-06 0.0879112 0.000378984 
0.000160662 0.000160449 0.000160654 0.000160483 0.000160428 0.000160293 0.000160519 0.000160575 0.562506 0.000160691 0.000160682 0.000160629 0.000160615 0.240822 0.000160686 0.000160518 0.000160661 0.000160667 0.192978 0.000160653 0.000160665 0.000160653 0.000160702 0.000160468 0.000160701 0.000160504 
0.0517809 0.0112664 0.0132999 2.25255e-06 0.000158905 1.24929e-07 0.00048068 0.0243667 0.0586698 0.0567752 0.0210902 0.0023447 0.0182769 0.00863266 0.0453684 0.0176247 0.000147209 0.0344944 0.138952 0.00189369 0.134425 0.0456466 0.248665 1.04803e-05 0.0550595 0.0105688 
1.30517e-05 1.30344e-05 1.30511e-05 1.30371e-05 1.30327e-05 1.30217e-05 1.304e-05 0.0561048 0.130536 1.3054e-05 1.30533e-05 0.525885 1.30479e-05 1.30337e-05 1.30536e-05 1.304e-05 0.0235058 1.30521e-05 1.30532e-05 0.0313354 1.30519e-05 1.30509e-05 0.0652876 1.30359e-05 0.152754 0.0143558 
0.0182566 0.1267 0.0014979 5.36156e-06 1.01156e-05 2.36937e-06 4.43436e-05 0.00545946 0.238496 0.101358 9.00181e-05 0.0647983 0.000286858 0.000166175 0.0540628 0.00169252 0.0111668 0.0889919 0.135586 0.00607312 0.00358969 0.0088335 0.0495435 0.000677528 0.0818689 0.000742505 
0.00604076 0.0449544 0.0300525 0.00149062 4.10507e-05 1.23514e-07 0.00576834 0.00245534 0.0767713 0.306652 0.117427 0.0212533 0.024989 0.0166488 0.00721502 0.0102479 0.000796793 0.0486587 0.0432101 0.00924814 0.00568908 0.00485716 0.0510125 6.41668e-06 0.152356 0.0121576 
0.00205982 1.90955e-07 6.79839e-05 1.25954e-09 0.00119184 3.43544e-11 0.000156956 3.42971e-06 0.000132602 0.777922 0.000280491 0.000262028 5.32194e-05 0.00135396 0.00247592 3.79595e-05 8.28411e-09 0.142945 0.0153774 0.0072097 0.00886045 0.00976066 0.0142383 1.97984e-08 0.0154753 0.000134347 
0.025301 0.00476416 0.018132 0.000860828 0.000514481 0.00022686 0.00109441 0.00447859 0.0267427 0.11536 0.0150139 0.0171364 0.0111302 0.00152552 0.0441452 0.00934641 0.00106638 0.0863985 0.0418067 0.0406427 0.23391 0.085776 0.17245 0.000380641 0.0399938 0.00180275 
0.0159981 0.00043109 0.0174537 0.000294945 0.000214484 9.67768e-05 0.000720374 0.0135469 0.111842 0.0621792 0.000223489 0.014111 0.000435819 0.19516 0.0551779 0.00553759 0.000111861 0.011133 0.196122 0.0344657 0.00682301 0.132933 0.0520898 0.00147326 0.0693129 0.00211111 
0.0134455 0.000237392 0.00345361 2.14751e-08 0.00100635 1.22794e-09 0.000143039 0.000416615 0.351026 0.382773 0.0365338 0.0237325 0.00312176 9.6294e-05 0.012439 0.000975865 0.00775768 0.0179597 0.0338985 0.000342757 0.005473 0.00706845 0.0133118 0.0001538 0.0160158 0.068618 
0.00255784 0.000574086 0.302391 6.45474e-06 3.40222e-05 1.40258e-08 0.000605233 0.000503941 0.110714 0.106783 3.78142e-05 0.00204917 0.10397 7.20175e-05 0.00385383 1.31691e-05 0.000134656 0.0389211 0.00732027 0.00109237 0.0247259 0.00357685 0.270793 1.37182e-05 0.0191649 9.13519e-05 
0.00472555 0.0356723 0.00847365 0.000288156 3.73792e-05 1.99705e-07 0.000140566 0.00047845 0.545902 0.026777 0.0435419 0.0114579 0.00339817 0.000743904 0.0130097 0.000856093 0.000365257 0.0110371 0.0166045 0.000317458 0.00600229 0.0391147 0.0565436 1.99182e-05 0.174442 5.00802e-05 
0.0246355 5.85805e-05 0.0370785 8.48475e-05 0.000603914 6.55583e-06 0.000103198 0.00175609 0.00230128 0.0833313 0.00318024 0.0100398 0.0053165 0.000157694 0.122105 0.000641042 0.00688122 0.0213363 0.0662936 0.0188874 0.238666 0.0364184 0.299024 9.59464e-06 0.0206361 0.000446819 
0.0168183 0.000661146 0.0307 7.08976e-05 7.9883e-05 2.33121e-05 0.000341339 0.00399698 0.0407635 0.0166369 0.0406567 0.00200193 0.00122234 7.10499e-05 0.0236713 0.000782989 7.88015e-05 0.00499257 0.0299431 0.0329686 0.0143801 0.0145597 0.0425935 6.16904e-05 0.505851 0.176072 
0.00178657 0.00861148 0.00200033 1.71328e-07 5.23714e-05 6.08654e-08 0.000133786 0.000639926 0.017377 0.0232832 0.0005699 0.00874636 0.00077909 2.10464e-07 0.2436 0.000818405 0.000421641 0.0024508 0.0173141 0.34845 0.0103708 0.00113883 0.201258 9.74255e-08 0.0520087 0.0581883 
0.00326967 0.000371726 0.00160823 2.24026e-07 1.69775e-05 1.14546e-07 0.000235745 0.000114508 0.010053 0.00389999 0.00122236 0.00148966 6.4062e-05 1.16049e-07 0.317944 0.000140125 3.51073e-05 0.00269109 0.0299452 0.132082 0.00500981 0.00151176 0.459358 2.59375e-07 0.028932 3.94005e-06 
8.00021e-05 1.75394e-05 0.000197477 0.00268903 5.57368e-08 3.64942e-09 0.00609744 5.79511e-05 0.0029169 0.00364991 0.000963252 0.948632 1.84614e-05 9.06171e-09 0.000265431 3.40816e-05 0.0139882 0.00384771 0.00425241 0.000774419 0.000909851 3.14013e-05 0.00722856 5.3721e-06 0.00334279 6.97643e-08 
0.087562 3.4391e-05 0.00491992 4.87292e-07 8.0032e-05 3.49925e-08 0.0103605 0.000626196 0.00462585 0.0319759 0.000877347 0.00069296 0.00422489 0.00362118 0.00906561 0.00251573 1.83049e-06 0.005862 0.0680606 0.508088 0.0165986 0.00845445 0.212262 1.55302e-05 0.0192236 0.000250879 
0.00109756 0.000191386 0.00240459 4.51923e-07 0.000104369 3.20452e-07 0.000571391 0.00512944 0.00407178 0.00517947 0.0145 0.662063 0.00155313 0.000144412 0.00115085 7.89287e-05 0.250825 0.00248409 0.00708262 0.00977516 0.00113789 0.000555497 0.0102287 1.11848e-05 0.0195983 6.05701e-05 
0.00109756 0.000191386 0.00240459 4.51923e-07 0.000104369 3.20452e-07 0.000571391 0.00512944 0.00407178 0.00517947 0.0145 0.662063 0.00155313 0.000144412 0.00115085 7.89287e-05 0.250825 0.00248409 0.00708262 0.00977516 0.00113789 0.000555497 0.0102287 1.11848e-05 0.0195983 6.05701e-05 
0.00237657 0.00156395 0.00335716 1.24629e-09 0.000149401 2.97476e-11 1.56082e-05 0.000533785 0.000428677 0.0965745 0.810335 0.000320169 0.000927784 5.86134e-05 0.00138057 0.0033166 1.7235e-05 0.000880724 0.00223847 0.000979766 0.0528719 0.00369862 0.00639444 1.30044e-06 0.0108492 0.000730362 
1.51768e-05 1.51566e-05 1.5176e-05 1.51598e-05 1.51547e-05 1.51419e-05 0.00608046 1.51685e-05 1.51775e-05 0.0273382 1.51786e-05 0.0440185 0.0242908 0.0272957 0.100197 1.51632e-05 1.51766e-05 1.51772e-05 0.0819794 1.51759e-05 1.51771e-05 0.101693 1.51805e-05 1.51584e-05 0.0577007 0.529163 
1.39025e-05 1.3884e-05 1.39018e-05 1.38869e-05 1.38822e-05 1.38706e-05 1.38901e-05 1.38949e-05 0.0278203 1.39049e-05 1.39042e-05 1.38996e-05 1.38984e-05 0.971846 1.39045e-05 1.389e-05 1.39023e-05 1.39029e-05 1.39041e-05 1.39017e-05 1.39027e-05 1.39017e-05 1.39059e-05 1.38856e-05 1.39058e-05 1.38888e-05 
0.00175667 1.13782e-06 0.0272753 0.000331041 0.000401536 7.69465e-10 0.000129549 0.00088015 0.0320039 0.250776 0.0276884 0.0017051 0.20256 4.81197e-08 0.00027128 1.18573e-05 2.51287e-06 0.207532 0.00611418 0.00119266 0.0787306 0.00598917 0.0277778 0.000165305 0.126463 0.000240407 
0.00212541 7.24775e-06 4.78399e-05 1.76283e-09 0.000664057 2.06153e-11 2.78636e-05 3.87636e-05 0.000189159 0.816985 2.79105e-05 0.00263174 0.00244054 0.000267553 0.00261534 4.40897e-05 0.00198978 0.0597619 0.0211253 0.00681131 0.010127 0.00721686 0.0643174 6.92079e-06 0.000386648 0.000144757 
0.00434854 0.000209914 0.00239947 0.00130808 0.00225512 9.09644e-06 0.00707887 0.00122485 0.0480351 0.398489 0.00889806 0.0227194 0.0160199 0.00375934 0.0063278 0.00365492 7.54215e-05 0.0250626 0.185336 0.0351969 0.0232571 0.0387767 0.0766711 4.25855e-05 0.0880816 0.000762715 
0.00109756 0.000191386 0.00240459 4.51923e-07 0.000104369 3.20452e-07 0.000571391 0.00512944 0.00407178 0.00517947 0.0145 0.662063 0.00155313 0.000144412 0.00115085 7.89287e-05 0.250825 0.00248409 0.00708262 0.00977516 0.00113789 0.000555497 0.0102287 1.11848e-05 0.0195983 6.05701e-05 
0.000649067 2.33725e-05 0.00157026 1.67337e-07 4.56982e-06 3.02302e-08 0.891093 1.63317e-05 0.00935261 0.0135628 0.00584244 0.00451622 0.0175555 0.000738784 0.000256712 0.00264978 0.000138997 0.00760747 0.00176821 0.0229465 0.00183835 0.00142661 0.0128489 3.38876e-05 0.00349622 6.2809e-05 
0.37175 0.0083177 0.0475951 0.00120594 0.00111888 1.95019e-05 0.000585665 0.000495643 0.0188972 0.0357052 0.00394815 0.00449582 0.000535088 2.67039e-05 0.0111012 0.000772944 0.00179514 0.101694 0.16202 0.0118737 0.0269087 0.0382002 0.0635899 0.0191752 0.067428 0.00074407 
0.00293875 0.0368475 0.0117698 0.00322471 8.7358e-05 9.77144e-08 0.000663652 4.80693e-06 0.0620142 0.579464 0.00426304 0.0460287 0.0220144 0.0360195 0.000542148 0.00680277 0.00134083 0.0132627 0.0559771 0.00787233 0.00845822 0.00284966 0.0870455 1.26444e-05 0.00828792 0.00220777 
0.0618857 0.000487292 0.0716084 0.0310676 0.0186706 2.10308e-05 0.000131314 0.000745548 0.506614 0.00291876 0.00273447 0.00658742 0.00234875 0.000132446 0.0378522 0.000334717 2.50832e-05 0.00575765 0.0313735 0.00361219 0.0201904 0.00896705 0.0628449 0.000125588 0.109475 0.0134889 
0.0297118 9.54064e-07 0.016814 9.54263e-07 9.53941e-07 9.53137e-07 9.54478e-07 9.5481e-07 0.0416554 0.0392721 9.55448e-07 9.55131e-07 9.5505e-07 9.54015e-07 0.40646 9.54476e-07 9.55322e-07 0.122478 0.0159569 0.0213036 0.102319 9.55275e-07 0.18519 9.54174e-07 0.0187299 9.63935e-05 
0.0837752 8.10079e-05 0.000448974 0.000306952 0.00131995 1.56014e-06 0.000460566 0.000555013 0.00291276 0.0527367 0.00784313 0.0204977 1.69351e-05 0.000489232 0.178959 0.00397103 0.011819 0.0179812 0.11909 0.309305 0.0264799 0.0540051 0.0610148 1.50591e-05 0.0453118 0.000602484 
0.000270261 0.000110501 0.0010939 0.000274424 9.9915e-06 2.40416e-07 0.00102114 0.000132193 0.892769 0.00252425 0.00705007 0.000387108 9.44709e-05 0.000943539 0.0166946 0.000513572 3.72103e-06 0.0162048 0.00886715 0.000365031 0.0201026 0.000139207 0.0143645 8.34361e-06 0.0156055 0.000449934 
0.0154409 6.91476e-07 0.00852618 0.00871351 6.03562e-06 2.36324e-07 0.189548 0.000445595 0.219213 0.063359 0.0040372 0.0417259 0.0118726 0.0104894 0.02194 0.006195 0.00032158 0.0102449 0.0721566 0.0203745 0.00948756 0.00360446 0.0862203 1.34692e-05 0.195918 0.00014524 
0.0376 0.000260612 0.000822095 9.35459e-05 0.00298328 1.13072e-08 0.00039303 0.000240446 0.0272632 0.023005 0.000997147 0.00867626 0.00766255 0.000128448 0.246212 0.0014377 6.70754e-05 0.0276341 0.0125141 0.0465404 0.0383146 0.00371563 0.505205 1.39809e-05 0.00821172 7.97941e-06 
0.0185025 0.000398176 0.00668808 3.26551e-05 6.30715e-05 3.13469e-05 0.0172316 0.00177394 0.0372341 0.108099 0.00800951 0.0181144 0.00453563 0.000123426 0.118187 0.00139051 0.00184134 0.0178131 0.0631857 0.00485357 0.0238048 0.00568419 0.465496 5.63746e-05 0.0751649 0.00168415 
0.00807549 8.91052e-05 0.00116628 6.15682e-06 0.00132366 4.02861e-06 3.8144e-05 4.14278e-05 0.0041678 0.14339 0.0652685 0.00748906 0.000263126 0.0137729 0.00916389 0.00927123 0.00570939 0.0309991 0.395537 0.0368341 0.0165757 0.00861023 0.226364 7.73159e-06 0.0152342 0.000597325 
0.0175278 0.00150933 0.0143055 0.00339108 0.00154067 0.000586224 0.00221741 0.00307885 0.23011 0.0359174 0.0176274 0.0201941 0.0348806 0.00472309 0.0234356 0.00560597 0.000782361 0.0124806 0.254172 0.0252074 0.0059131 0.0237397 0.058005 0.00429987 0.136474 0.062274 
0.0242609 8.92992e-05 0.0228276 1.18119e-06 0.00142656 8.59052e-07 1.97966e-05 0.000284873 0.00491225 0.00559549 0.002204 0.0174965 0.0261788 0.00014231 0.336789 0.00152086 8.16629e-05 0.078675 0.0118295 0.0769207 0.142586 0.0169799 0.139528 2.20092e-05 0.0892383 0.000387725 
0.00695411 9.64355e-06 5.86951e-05 7.17483e-07 0.00312424 9.19489e-09 0.000334911 2.56799e-05 0.000967831 0.649701 0.00303302 0.0340741 3.66802e-06 0.000368293 0.0083892 0.000636535 0.00197227 0.0655964 0.0379642 0.0293847 0.00804274 0.00338887 0.138996 1.91477e-06 0.0069221 4.96957e-05 
0.056369 0.000804243 0.00466339 0.00152322 0.00153688 0.000107169 0.00598146 0.00103971 0.0356851 0.0542375 0.0227635 0.00671792 0.0536495 0.000327229 0.0301156 0.00639464 0.000734807 0.221283 0.0628323 0.00505728 0.0367187 0.0185125 0.324759 0.000166807 0.0473711 0.00064873 
0.0384788 0.0384277 0.0384769 0.0384357 0.0384227 0.0383904 0.0384444 0.0384577 0.0384806 0.0384856 0.0384834 0.0384707 0.0384674 0.0384257 0.0384845 0.0384443 0.0384784 0.03848 0.0384833 0.0384766 0.0384795 0.0384765 0.0384882 0.0384321 0.038488 0.038441 
0.0151963 0.000858553 0.00551473 7.97807e-07 0.00132138 7.56422e-07 0.000842849 0.00134909 0.0484431 0.124864 0.000832108 0.115148 7.86308e-05 0.00107989 0.0234592 0.00115218 0.246726 0.00791357 0.294735 0.0414412 0.0103089 0.0146986 0.0259527 5.41043e-05 0.0178768 0.000151867 
0.0320846 1.81406e-06 0.0172628 0.0537812 0.000211989 2.0446e-07 8.54675e-05 9.28575e-05 0.0609411 0.0655501 0.00108137 0.00149177 0.0217514 0.0127234 0.0490067 0.0134013 4.04522e-06 0.0166797 0.27421 0.00358597 0.0456358 0.0273629 0.20956 2.40012e-05 0.092818 0.000651497 
0.0293455 0.00545494 0.00995681 0.00168878 0.000473551 2.20452e-05 0.00503701 0.00254487 0.464844 0.0378217 0.00413132 0.015188 0.0146094 0.0027785 0.0214603 0.00454799 0.00315129 0.0273778 0.219126 0.00293314 0.0133983 0.0240483 0.0523328 0.000176607 0.0368087 0.000742292 
2.29702e-06 2.29397e-06 0.0197557 2.29445e-06 2.29368e-06 2.29175e-06 0.00275625 2.29577e-06 0.587839 0.0700738 0.00781312 0.0532819 0.0211286 2.29385e-06 0.0163135 0.000461287 2.297e-06 0.0133254 0.0941916 2.29689e-06 0.00138053 0.0126352 0.0670918 0.00367307 0.022978 0.00528025 
0.0275277 0.00221278 0.000548543 0.0153187 6.34395e-05 2.56539e-05 0.000379947 0.00573518 0.0181156 0.0285731 0.0279392 0.00224852 0.00251431 0.000410897 0.0739809 0.000754445 9.70819e-05 0.0035908 0.416657 0.071725 0.00265643 0.00127496 0.182865 0.0963888 0.0183597 3.67003e-05 
2.45543e-05 0.0368071 0.0073905 2.45269e-05 2.45186e-05 2.44979e-05 2.45324e-05 2.45409e-05 0.832457 2.45587e-05 2.45573e-05 2.45492e-05 2.45471e-05 2.45205e-05 2.4558e-05 2.45323e-05 0.0417665 2.45551e-05 0.0810635 2.45529e-05 2.45548e-05 2.45529e-05 2.45604e-05 2.45246e-05 2.45603e-05 2.45302e-05 
0.0541172 1.61716e-05 0.0106622 1.32215e-05 0.000255633 1.74297e-08 0.000141699 6.46764e-05 0.015863 0.067297 0.0627474 0.000263759 0.00679789 0.00158538 0.336142 0.0001756 0.0117151 0.0349629 0.0328812 7.37023e-05 0.0849503 0.0111803 0.237373 1.76048e-05 0.0305234 0.000179732 
0.0368382 3.60596e-05 0.000114925 0.000910245 0.00252279 1.61626e-07 0.000305349 0.000644623 0.00420034 0.253392 0.00244802 0.0163295 3.20313e-06 2.47623e-05 0.00135899 0.000517991 2.18992e-05 0.434977 0.0425725 0.00957999 0.0335338 0.00766613 0.0407271 0.000826477 0.110339 0.000108505 
0.0514337 0.000781091 0.005477 0.00304783 0.000112079 1.06191e-05 0.000756315 0.000273797 0.0305021 0.242715 0.00625758 0.00389135 0.0184468 1.15432e-05 0.0467159 0.0103038 0.00305599 0.0428231 0.0612685 0.0192583 0.138727 0.032756 0.244383 0.0121947 0.0242148 0.000580894 
4.45866e-05 4.45275e-05 0.481557 4.45367e-05 4.45217e-05 4.44842e-05 4.45468e-05 4.45623e-05 4.45887e-05 4.45945e-05 4.45921e-05 4.45773e-05 4.45735e-05 4.45252e-05 4.45932e-05 4.45467e-05 4.45862e-05 4.4588e-05 4.45919e-05 4.45841e-05 4.45875e-05 4.4584e-05 4.45976e-05 4.45326e-05 0.517374 4.45428e-05 
0.00268184 1.24901e-05 0.00304622 2.40781e-05 3.33196e-06 3.1993e-06 0.000113788 0.000412493 0.00153703 0.0100111 0.0425684 0.39984 0.00359531 0.000222243 0.0184516 0.000152893 0.409841 0.012174 0.0160209 0.0035706 0.00656554 0.0111026 0.0333783 6.44051e-06 0.024658 6.43463e-06 
0.00586391 0.00193236 0.0221978 0.00286582 5.8963e-05 3.24931e-07 0.00306313 8.23563e-06 0.0126836 0.0244333 6.05499e-05 0.220456 0.000940933 4.90436e-07 0.00356536 3.92138e-05 0.567945 0.0555854 0.00422337 0.00437175 0.0139489 0.000933106 0.0187868 2.41044e-05 0.0349696 0.00104259 
0.0445854 0.00027577 0.0109135 0.0254709 7.58787e-05 4.39406e-09 0.000164337 0.0415387 0.00148322 0.177024 0.0347077 0.171419 0.00479825 0.000343268 0.0528595 0.000446628 0.000796328 0.165284 0.0300892 0.00576691 0.0301881 0.018594 0.117205 4.61991e-06 0.0576151 0.00835001 
0.00266367 0.000108349 0.00314093 1.80856e-07 7.26868e-06 8.29996e-10 0.0107669 0.000945074 0.00552561 0.0497013 1.49311e-05 0.824941 0.00123543 1.43114e-09 0.0165492 0.000185469 0.00192574 0.0320108 0.00556809 0.000790742 0.00901354 0.00530302 0.0184616 2.02168e-05 0.0109227 0.000198298 
0.0501495 2.47984e-05 0.00601678 0.00103707 0.00240766 4.57126e-06 0.000156145 0.0101564 0.0309359 0.0356202 0.0328921 0.0356662 0.00159654 0.000144733 0.293278 0.00104397 0.00430671 0.0435446 0.107686 0.0935106 0.0172592 0.0149653 0.166299 6.86082e-06 0.0508726 0.000418298 
0.00821192 7.65447e-05 0.00237608 0.00280556 2.52918e-05 1.17085e-05 0.00125003 0.0398965 0.059051 0.0425638 0.00468569 0.0129792 0.000154102 4.05067e-05 0.0280288 0.000281318 2.77488e-05 0.00721966 0.0606905 0.00373835 0.0110122 0.0835279 0.0104144 3.04874e-05 0.420613 0.200287 
0.00177763 0.0259208 0.00481432 0.00046818 0.000521979 3.11788e-08 0.00285769 1.10802e-05 0.515453 0.10032 0.000444025 0.00479297 0.0142236 4.2513e-07 0.00194008 0.000801366 0.00103533 0.0926373 0.0146418 0.000848388 0.168879 0.00443916 0.0109339 3.33992e-05 0.0277018 0.00450243 
3.58081e-05 0.0286442 3.58063e-05 3.5768e-05 3.5756e-05 3.57258e-05 3.57761e-05 3.57885e-05 0.623125 3.58144e-05 3.58124e-05 3.58006e-05 0.00361554 3.57587e-05 0.154034 3.5776e-05 3.58077e-05 3.58092e-05 0.0716605 3.5806e-05 3.58087e-05 3.5806e-05 0.100323 0.0179181 3.58167e-05 3.57729e-05 
0.00087794 0.0220214 0.00458951 0.0884064 0.00053455 0.000120993 0.00381818 0.000775456 0.275599 0.0853547 0.013746 0.00676867 0.071008 0.00459349 0.0021088 0.0110494 0.000732255 0.0324155 0.0312196 0.0200999 0.0354625 0.00367348 0.188932 0.00019114 0.0905651 0.00533617 
0.661865 0.000442646 0.00384017 6.52221e-06 9.43546e-05 1.43307e-07 8.99318e-05 0.000674826 0.00206207 0.142724 0.00317436 0.00122593 0.00100117 2.55012e-05 0.00435691 0.00494892 6.92012e-05 0.0099542 0.0121624 0.0204808 0.0372977 0.00920033 0.0202271 1.29156e-05 0.0592051 0.00485713 
0.032148 0.000362561 0.00561755 6.02257e-09 3.06329e-07 5.68456e-10 0.000213128 0.000694809 0.0393066 0.114158 0.00125517 0.000221703 0.0564333 0.00088424 0.0249727 0.00176596 0.00011861 0.00807143 0.08261 0.0125429 0.0450648 0.0103584 0.488303 3.30948e-05 0.0745857 0.000278693 
0.0522586 1.70053e-07 0.00532962 1.70088e-07 0.00066329 1.69888e-07 0.000663664 0.00239979 0.00798661 0.0342833 0.00590956 0.00011934 1.70228e-07 1.70044e-07 0.238272 1.70126e-07 1.70277e-07 0.025645 0.0586682 0.018253 0.0330008 0.0459727 0.398329 1.70072e-07 0.0672423 0.00500144 
0.00444241 0.000193597 0.00016011 1.12941e-06 2.12541e-08 6.57915e-10 3.09883e-07 0.000445766 0.131662 0.00622561 1.00736e-05 0.0021606 2.4234e-07 2.46821e-06 0.0568716 1.34727e-05 2.35592e-05 0.00187316 0.0289458 0.170084 0.00148179 0.000868977 0.0146752 0.557639 0.0222185 6.36439e-09 
0.00109756 0.000191386 0.00240459 4.51923e-07 0.000104369 3.20452e-07 0.000571391 0.00512944 0.00407178 0.00517947 0.0145 0.662063 0.00155313 0.000144412 0.00115085 7.89287e-05 0.250825 0.00248409 0.00708262 0.00977516 0.00113789 0.000555497 0.0102287 1.11848e-05 0.0195983 6.05701e-05 
0.010453 0.000188596 9.49247e-05 3.52771e-07 0.00024535 7.0075e-08 5.38922e-05 0.000590394 0.0446216 0.0329256 2.14421e-06 0.332442 7.99951e-06 8.4611e-07 0.0480413 0.01437 0.23175 0.0940092 0.0366523 0.0504563 0.0263145 0.00382414 0.0650978 5.29326e-06 0.00785197 4.35424e-07 
0.000105115 0.976376 0.00010511 0.000104997 0.000104962 0.000104873 0.000105021 0.000105057 0.00010512 0.000105133 0.000105127 0.000105093 0.000105084 0.00010497 0.00010513 0.000105021 0.000105114 0.000105118 0.000105127 0.000105109 0.000105117 0.000105108 0.000105141 0.0211024 0.00010514 0.000105011 
0.0391691 0.00320951 0.000358615 0.0333666 5.06287e-05 3.43016e-07 0.0016632 0.000149083 0.0178371 0.196741 0.00555699 0.00282801 0.0021416 3.56968e-07 0.0030122 0.00163632 0.00069578 0.0117777 0.153124 0.00215944 0.00533225 0.00480244 0.0276804 0.477348 0.00923899 0.000120584 
0.00486391 2.97035e-07 7.22101e-05 2.19844e-09 0.000311776 4.98381e-11 0.000330567 5.66561e-07 8.80506e-05 0.772709 0.000800035 0.00459199 1.84969e-07 1.06942e-06 0.00640562 0.000730397 5.37812e-06 0.0213187 0.0278286 0.0026869 0.0114609 0.00907251 0.135573 6.38618e-07 0.00108886 5.8502e-05 
0.00024284 0.000636117 0.0195236 3.02832e-07 3.0273e-07 3.02475e-07 3.029e-07 0.00300006 0.0416883 0.116651 0.00606446 0.00588059 0.0602528 3.02753e-07 0.0534876 0.00133306 3.03168e-07 0.0113089 0.167219 0.0133997 0.0481449 0.00700315 0.262915 3.02804e-07 0.178975 0.00227185 
0.000666273 0.000326473 0.00633698 6.60501e-06 2.16144e-06 2.88074e-10 0.00138364 0.00399501 0.561186 0.0213579 0.00106671 0.0041339 0.129094 3.74501e-06 0.0634561 0.00546659 0.000289695 0.0110427 0.0501775 0.00833382 0.00896967 0.00230429 0.0825302 1.19279e-07 0.0378343 3.54531e-05 
0.0306305 1.63573e-06 0.135613 1.63607e-06 1.63552e-06 1.63414e-06 0.0297848 1.63701e-06 0.142179 0.0299806 0.0103217 0.0317703 0.00998989 1.63565e-06 0.0692954 0.0211117 1.63789e-06 0.0815718 0.0568436 0.0252239 0.0113034 0.0553595 0.0430891 1.63592e-06 0.206099 0.0098194 
8.00021e-05 1.75394e-05 0.000197477 0.00268903 5.57368e-08 3.64942e-09 0.00609744 5.79511e-05 0.0029169 0.00364991 0.000963252 0.948632 1.84614e-05 9.06171e-09 0.000265431 3.40816e-05 0.0139882 0.00384771 0.00425241 0.000774419 0.000909851 3.14013e-05 0.00722856 5.3721e-06 0.00334279 6.97643e-08 
0.00861702 0.000409091 0.00420266 1.06875e-06 8.23016e-05 5.76975e-08 0.00027556 0.00178341 0.0809646 0.0455873 1.32556e-07 0.564717 0.00014272 7.675e-07 0.0229741 0.000287132 0.0206451 0.0295128 0.125153 0.0277945 0.00497887 0.00139227 0.0356645 6.64914e-05 0.024703 4.41563e-05 
0.00502145 1.40466e-07 0.00599165 1.40495e-07 0.00286528 1.4033e-07 0.00231883 0.00292412 0.020874 0.282017 0.233244 0.00739691 0.00749471 1.40459e-07 0.00496591 1.40527e-07 0.00156137 0.00416359 0.11812 0.00369909 0.038596 0.0065401 0.189366 0.00023896 0.0585256 0.00407506 
5.47261e-06 5.46535e-06 0.230391 0.0125784 5.46464e-06 5.46004e-06 0.020236 5.46962e-06 0.0213496 0.0968879 5.47328e-06 5.47146e-06 0.11982 5.46507e-06 0.0235412 5.46771e-06 5.47256e-06 0.0859281 0.00110013 5.4723e-06 0.0875686 0.0246308 0.0465341 5.46598e-06 0.229363 5.46723e-06 
1.53539e-05 1.53336e-05 1.53532e-05 1.53368e-05 1.53316e-05 1.53187e-05 1.53402e-05 1.53456e-05 0.36085 0.0537638 1.53558e-05 1.53507e-05 1.53494e-05 0.0122815 1.53562e-05 1.53402e-05 1.53538e-05 1.53544e-05 0.0691163 1.53531e-05 1.53542e-05 1.5353e-05 1.53577e-05 1.53353e-05 0.439243 0.0644386 
0.0062392 6.97743e-08 0.0127292 6.97889e-08 0.00224652 6.97066e-08 0.000572466 0.000551717 0.00881072 0.0615919 0.235138 6.98524e-08 0.0390861 6.97707e-08 6.98774e-08 0.0359143 0.000146789 0.0239862 0.0260636 0.00208898 0.281199 0.0352319 0.106867 6.97824e-08 0.116825 0.00471146 
0.0032522 0.000692317 0.000994703 1.61313e-05 0.000589455 1.42767e-05 0.000167651 0.000176647 0.0151628 0.0368524 0.0251313 0.660425 0.0191666 0.000153294 0.00296733 0.000345685 0.0450202 0.0667818 0.014064 0.0281091 0.00142056 0.00194969 0.0357157 1.69986e-05 0.0406224 0.000191807 
9.90722e-05 0.0712538 0.00135928 2.92883e-05 6.7477e-05 3.83601e-06 4.75665e-05 0.000122364 0.481189 0.022775 0.0012894 0.00955049 4.54489e-06 1.53235e-05 0.00321468 0.00335711 0.00130414 0.00229885 0.0800151 0.00487849 0.00942331 9.55688e-05 0.036213 8.88191e-05 0.271296 8.29933e-06 
0.0210339 4.1436e-06 0.0660342 0.000175379 0.00380254 3.12379e-06 0.000450102 0.000313431 0.0480769 0.0578396 0.000266831 0.0402856 0.0165072 2.17105e-05 0.0224636 0.0175469 0.000878027 0.583819 0.013906 0.00537204 0.0164508 0.0121458 0.0582287 4.90815e-06 0.0143452 2.42531e-05 
0.0325614 0.00145048 0.00755752 0.000269016 0.000969469 1.92582e-05 0.00153858 0.00350418 0.369069 0.16041 0.0153052 0.0289885 0.00387084 0.000626342 0.0354151 8.0337e-05 0.000402883 0.000673392 0.093303 0.00385968 0.00251732 0.00941584 0.0824163 0.000472054 0.131222 0.0140818 
0.0149486 0.00414742 0.229189 7.54096e-07 0.00565457 7.53206e-07 7.54266e-07 7.54528e-07 7.54976e-07 7.55074e-07 7.55032e-07 7.54782e-07 7.54718e-07 7.539e-07 0.0123081 7.54264e-07 7.54933e-07 0.0407688 0.0468881 7.54897e-07 7.54954e-07 7.54896e-07 0.0126114 7.54025e-07 0.633471 7.54199e-07 
8.00021e-05 1.75394e-05 0.000197477 0.00268903 5.57368e-08 3.64942e-09 0.00609744 5.79511e-05 0.0029169 0.00364991 0.000963252 0.948632 1.84614e-05 9.06171e-09 0.000265431 3.40816e-05 0.0139882 0.00384771 0.00425241 0.000774419 0.000909851 3.14013e-05 0.00722856 5.3721e-06 0.00334279 6.97643e-08 
0.00178657 0.00861148 0.00200033 1.71328e-07 5.23714e-05 6.08654e-08 0.000133786 0.000639926 0.017377 0.0232832 0.0005699 0.00874636 0.00077909 2.10464e-07 0.2436 0.000818405 0.000421641 0.0024508 0.0173141 0.34845 0.0103708 0.00113883 0.201258 9.74255e-08 0.0520087 0.0581883 
0.0155551 0.000824403 0.00365786 0.00374529 0.00136688 1.38324e-05 0.00141154 0.000161436 0.0147766 0.116908 0.00169081 0.0145402 0.279143 0.00152713 0.00991237 0.00166396 0.00265374 0.403321 0.0197852 0.00776299 0.0265869 0.0109046 0.0454956 0.000211481 0.0159414 0.000438872 
0.0274593 0.000864652 0.00609287 0.00196668 0.000100806 5.73546e-05 0.00476522 0.00198882 0.290446 0.0219115 0.020545 0.0036066 0.00518211 0.000521063 0.129988 0.00375063 0.00028562 0.017139 0.073566 0.0194139 0.0434824 0.0132122 0.180058 0.000120512 0.12252 0.0109564 
0.0200724 0.000292688 0.00571002 1.76802e-07 1.77692e-05 3.31869e-10 6.54608e-05 0.00030292 0.0227363 0.0931039 0.000327303 0.000835342 0.0464326 0.000186952 0.055513 0.00146562 0.000160913 0.00970645 0.136085 0.0291484 0.0558389 0.0148588 0.392453 0.0650484 0.0495806 5.70341e-05 
8.00021e-05 1.75394e-05 0.000197477 0.00268903 5.57368e-08 3.64942e-09 0.00609744 5.79511e-05 0.0029169 0.00364991 0.000963252 0.948632 1.84614e-05 9.06171e-09 0.000265431 3.40816e-05 0.0139882 0.00384771 0.00425241 0.000774419 0.000909851 3.14013e-05 0.00722856 5.3721e-06 0.00334279 6.97643e-08 
0.0892724 0.000357576 0.00480085 1.73311e-05 7.72184e-05 1.06769e-07 0.00459641 0.000881976 0.010139 0.0445285 0.0199921 0.000265492 0.00742002 0.000125294 0.0911603 0.000667214 1.00782e-05 0.00653087 0.00692817 0.0267913 0.0413402 0.0378069 0.555414 6.0364e-06 0.0503015 0.00056931 
0.0339887 0.000500234 2.45735e-05 5.26284e-06 5.40596e-05 1.93334e-06 5.43405e-06 2.34452e-05 0.0414829 0.643477 0.00434717 0.109756 0.00180746 1.56056e-05 0.0334526 0.00170641 4.34445e-05 0.0139577 0.0927095 0.00438477 0.000962895 0.00117619 0.0110186 8.02959e-06 0.00478023 0.000309514 
0.00862356 0.0001238 0.00321619 2.72357e-07 3.91102e-06 1.32727e-09 0.00183485 0.000199823 0.039056 0.0651731 0.00572668 0.0484137 0.583233 2.48041e-06 0.0109197 0.0013033 0.147749 0.0479124 0.00820769 0.00287424 0.00868533 0.00533687 0.0100437 5.00018e-05 0.00129866 1.22143e-05 
0.0386114 4.0987e-07 0.00133866 8.52266e-08 7.64251e-07 3.93699e-10 0.00215798 0.000630461 0.0718216 0.408075 0.00904276 0.000848165 0.0736846 1.77149e-06 3.25261e-07 9.11711e-07 4.59195e-07 0.164226 0.0059402 0.000502282 0.0393768 5.10949e-07 0.00855068 8.50594e-07 0.169272 0.00591491 
0.0532377 0.000141 0.0200637 0.00024417 0.00245297 0.000133373 0.00300237 0.00171843 0.0117945 0.0863008 0.0101266 0.00729102 0.0148014 0.00078622 0.0911599 0.00314283 0.00357474 0.0916037 0.0526255 0.0492942 0.048002 0.0270679 0.368803 0.000843152 0.050895 0.000893918 
0.0139858 0.0055864 0.00430286 0.000463102 0.000356652 3.23352e-05 0.0020839 0.0016173 0.192301 0.0859895 0.0102882 0.0321648 0.0011882 0.00351373 0.0551985 0.00610763 0.00161623 0.0148071 0.156596 0.0551383 0.0201036 0.0334374 0.158364 0.00569887 0.138619 0.000440166 
0.00918674 0.00101173 0.00470042 0.000118953 9.35511e-05 1.1632e-06 0.000155895 0.0021764 0.0401188 0.0220699 0.0344846 0.0102926 0.0079526 0.000428618 0.47604 0.000244247 0.00868445 0.0157024 0.0238686 0.00503694 0.00924785 0.00618851 0.22826 5.43988e-06 0.0934305 0.000499053 
0.0001096 0.000109455 0.000109595 0.000109478 0.000109441 0.000109349 0.02201 0.00010954 0.526216 0.00010962 0.000109614 0.022025 0.000109568 0.000109449 0.000109617 0.000109502 0.000109599 0.000109604 0.230298 0.000109594 0.000109602 0.000109594 0.000109627 0.197151 0.000109627 0.000109493 
0.108352 0.000481238 0.00335526 8.59381e-08 0.00118563 8.58367e-08 0.000661958 0.00140168 0.017354 0.604593 0.00196191 0.0105112 3.44896e-05 8.59158e-08 0.0219162 0.00961012 0.00187562 0.0228515 0.0734392 0.00695126 0.0228856 0.0308846 0.03888 0.00101406 0.0178909 0.00190817 
