0.0588461 1.23178e-06 0.0397139 3.23354e-07 1.92539e-06 1.44852e-09 6.77394e-10 2.30174e-07 0.273449 0.0379918 0.00240923 0.00315696 0.00732279 9.44517e-10 0.0467932 0.00784892 7.76998e-06 0.197799 0.0503579 4.72833e-07 0.0022037 0.0518823 0.172448 3.96702e-08 0.0470499 0.000715404 
0.000847783 1.51079e-08 9.09298e-05 1.03296e-12 1.27093e-12 1.86552e-12 8.72404e-13 3.73057e-08 0.00410531 0.00783687 4.67031e-08 0.00191823 5.4185e-10 1.21643e-12 0.43616 1.10314e-08 1.21532e-09 7.73877e-05 0.0323714 0.00201999 0.014249 6.09535e-09 0.48751 3.30139e-09 0.0128137 9.36193e-13 
0.103423 0.0216349 0.00282704 7.58469e-06 0.000295274 4.72288e-05 5.03656e-06 0.027303 0.00319483 0.00844435 0.000554785 0.000212161 2.23757e-05 0.00030649 0.344596 0.000553675 4.45383e-05 0.026999 0.0327501 0.0080251 0.159647 0.00407557 0.205351 2.82844e-05 0.0496394 1.22377e-05 
0.00166092 7.95541e-08 3.33566e-09 4.43487e-12 4.87897e-08 8.00935e-12 3.74554e-12 6.55521e-09 4.43771e-09 0.769812 3.60018e-06 0.01876 2.01103e-07 1.13496e-06 0.00499907 0.000117495 2.62446e-06 0.0270749 0.0113231 0.0104837 0.020452 1.11792e-05 0.135165 3.02099e-08 0.000132366 9.63263e-09 
0.300474 7.32583e-07 0.00785894 3.01483e-10 3.70938e-10 4.3849e-07 2.54622e-10 5.43051e-07 3.56757e-07 0.000133285 1.10068e-06 3.39681e-06 0.00578626 3.59809e-06 0.625788 1.35079e-06 6.37338e-05 7.68269e-08 0.000410177 2.36137e-06 0.00592805 6.36476e-06 0.0413719 3.21077e-10 0.0121652 5.8714e-07 
0.00486495 4.80257e-06 0.000769186 1.90141e-06 6.04164e-05 3.43393e-06 1.60586e-06 7.14198e-06 0.0160481 0.0514708 0.00023556 7.96527e-05 0.000125681 0.00135652 0.0865914 1.89403e-05 4.39911e-06 0.12489 0.314807 3.22211e-06 0.0263754 0.172532 0.19445 0.000896688 0.00263921 0.00176141 
0.0203523 0.0132852 0.0120333 1.93385e-05 0.00199148 2.03859e-05 1.13174e-05 0.00149155 0.152633 0.367398 0.00276934 0.0849392 0.0265177 1.18956e-05 0.0395005 0.00327337 0.00822804 0.0405508 0.136388 0.000367328 0.00890286 0.00183073 0.0421014 0.000886156 0.0341225 0.000373737 
0.00163803 0.000127014 0.000490203 0.000114856 0.00011406 0.000114154 1.29258e-06 4.66856e-05 0.0130058 0.000723951 0.000112022 0.000604184 0.015642 1.80229e-06 0.372051 6.88658e-05 3.33397e-05 0.000697852 0.399042 0.000422487 0.00147912 0.00367567 0.0138246 0.172047 0.00385796 6.48709e-05 
0.0131694 1.7062e-05 0.000778539 1.2222e-09 0.000152755 7.44085e-08 1.03223e-09 3.20304e-05 0.00648086 0.370758 0.000331508 0.00336753 0.00313733 0.000245659 0.0257546 0.00065889 1.94178e-06 0.000529088 0.145502 0.00125786 0.0196446 0.0213232 0.326751 3.76332e-06 0.0583631 0.00173939 
0.000533103 6.41873e-08 2.69368e-09 1.43008e-11 3.93711e-08 1.94331e-09 1.20779e-11 5.29448e-09 1.92706e-05 0.91553 1.08362e-06 0.0064332 0.000251881 3.97424e-07 0.00149983 3.70399e-05 2.11712e-06 0.0119621 0.00555141 0.00949695 0.00808822 3.43676e-06 0.04055 2.43813e-08 3.97282e-05 7.78021e-09 
0.000187073 2.25591e-08 0.0212691 1.97445e-08 2.26565e-05 6.65016e-06 1.66755e-08 0.649734 0.152311 0.00178256 0.0464417 1.34212e-06 0.000328863 0.000272059 0.0116904 1.41219e-06 6.52889e-06 0.000612313 0.0916943 4.98899e-05 4.99187e-07 0.00016917 0.000629751 2.10278e-08 0.0227888 4.68948e-07 
0.00148481 0.000212243 0.00330193 5.52336e-08 4.55425e-05 1.72442e-05 4.66484e-08 0.000114639 0.00466521 0.479912 0.00297131 6.07227e-05 0.181759 6.50437e-08 0.0315827 5.0795e-05 3.25634e-06 0.00268813 0.0163579 0.000419436 0.0116243 0.00111735 0.228109 3.94732e-06 0.0334985 5.00593e-08 
0.0133178 4.92511e-07 0.229939 5.61077e-06 0.000444319 8.50685e-05 1.77516e-09 2.10928e-05 0.464328 0.0254975 0.00138361 0.0037781 0.0136673 0.000993761 0.0267658 0.000487153 0.000138207 0.0190875 1.81134e-05 0.000350156 0.0151139 2.57299e-06 0.0418674 1.65396e-07 0.142704 3.57807e-06 
0.0254278 0.00324084 6.69588e-09 0.00315264 5.15075e-08 1.6604e-07 3.38618e-11 0.00221474 0.00110796 0.00199637 0.000280429 0.0021225 2.10167e-08 4.72148e-11 0.000564146 3.39796e-11 3.97461e-05 0.00967261 0.0704462 0.00491558 0.00152362 0.00425998 0.00889471 0.852384 0.00775594 3.63377e-11 
0.000102159 7.73344e-09 0.000936964 6.31786e-12 1.03473e-08 5.3282e-09 5.33585e-12 1.93211e-08 0.0031438 0.132099 3.83053e-05 0.000816088 0.0168657 7.43998e-12 0.0100597 0.00158919 1.08248e-05 0.00255506 0.233343 0.00337964 0.0297001 0.00991488 0.533979 6.72847e-12 0.0208067 0.000658665 
0.0225327 0.00163291 0.167618 0.0020421 4.41563e-05 0.00033744 1.5665e-09 0.000335175 0.225727 0.0378155 8.95336e-08 0.122426 0.014085 6.09998e-06 0.0216932 0.000626048 0.0132607 0.214688 0.000991362 0.000256134 0.032146 0.00361493 0.0598657 1.17527e-06 0.0581525 0.000101215 
0.0360462 0.00329159 0.00159136 0.000526388 0.000221345 2.04862e-07 9.58031e-08 3.18723e-05 0.000828765 0.0573998 0.0018813 0.0126415 9.76134e-05 1.33582e-07 4.59361e-05 0.0910802 0.00010465 0.0719797 0.000990943 0.0191405 0.665049 0.0101229 0.00779886 0.000184027 0.0187293 0.000216231 
0.00959819 0.000829388 0.00147201 2.64066e-06 1.31844e-08 1.0886e-05 9.05015e-09 0.00169176 0.00457137 0.00335247 0.000111547 0.00353821 1.31768e-06 1.48881e-06 0.00366649 0.409273 7.36603e-05 0.362927 0.0022626 0.00203969 0.0962851 0.0602757 0.00717077 1.45505e-05 0.03083 9.71189e-09 
0.0118968 1.6321e-08 0.0212217 1.42847e-08 2.40994e-05 0.00170313 1.20644e-08 0.0356684 0.155891 0.00150059 0.00369337 0.00097304 0.0187763 1.68219e-08 0.00290034 0.000388765 1.95617e-06 0.0200589 0.506303 0.016534 0.00824763 0.0121648 0.00733667 0.000145142 0.174127 0.000443202 
0.0200344 9.56787e-06 0.00396172 1.24164e-08 1.12913e-07 4.42708e-05 1.04865e-08 8.39423e-05 0.0512056 0.156181 0.00121939 0.0676201 3.14512e-06 9.68448e-07 0.0562681 0.00104151 1.82469e-05 0.0461699 0.130275 0.000317713 0.0212632 0.00127201 0.153307 2.67438e-06 0.287382 0.00231883 
0.0581189 9.23867e-05 0.00391883 0.000259308 0.00016993 6.0873e-05 4.27809e-05 0.00078526 0.00305494 0.0365673 0.00601817 0.0034238 0.00470237 0.00734019 0.119169 0.00305412 5.01137e-05 0.011812 0.0486403 0.0497379 0.0514917 0.0146506 0.424995 4.8711e-05 0.141649 0.0101462 
4.51232e-07 1.30456e-06 0.000973889 3.22534e-11 1.44331e-05 2.2723e-07 2.72401e-11 5.86517e-08 0.364718 0.0880886 8.49284e-08 0.104806 4.28267e-07 2.571e-05 8.95738e-06 6.5631e-08 0.00112136 1.38182e-07 0.293754 0.00616984 0.00657874 1.26525e-06 0.126286 2.06131e-07 0.00745019 1.1111e-07 
0.0148507 3.7645e-06 0.00146236 1.61863e-09 1.99153e-09 5.43605e-07 1.36704e-09 3.52037e-06 0.20932 0.0587815 0.000275323 8.14527e-06 0.123377 1.90612e-09 0.0421222 5.21173e-08 6.32842e-07 0.0586907 0.0148882 2.14476e-06 0.00899909 4.43313e-06 0.131862 0.0014236 0.333921 3.52883e-06 
8.23908e-08 2.72491e-05 0.000314988 9.8731e-13 2.35165e-05 1.26616e-08 8.33849e-13 4.36792e-09 1.31533e-08 0.276762 0.0166914 1.10426e-08 0.00415115 6.09249e-08 0.00594051 0.000583783 2.61244e-06 0.0338246 0.0329135 1.97059e-09 0.17371 0.00986948 0.443077 5.54539e-05 0.00205201 5.37786e-10 
0.0245833 6.60597e-05 0.000477845 8.86709e-05 0.000900013 0.000665917 1.38081e-10 0.000175478 0.0347426 0.0100118 0.000515131 0.794016 0.000595942 1.95298e-05 0.00168904 0.0198999 4.212e-09 0.00635146 0.0108806 0.00438539 0.00711696 0.0384337 0.00836905 1.74119e-10 0.0138471 0.022169 
0.00183917 9.72326e-05 0.000106639 3.51115e-10 6.19992e-08 6.34112e-10 2.9654e-10 0.0011242 0.310053 0.381427 3.38865e-08 0.000328007 0.08385 4.13477e-10 0.0110187 0.0044659 7.21591e-08 0.00664395 0.0649609 0.00147525 0.0367349 0.00104451 0.0489304 5.51369e-05 0.0458444 3.39288e-07 
0.00572791 1.3279e-06 0.00377538 4.06477e-12 2.10234e-07 2.10969e-07 3.43297e-12 2.30634e-05 0.000343903 0.0834293 0.00176589 0.000234333 0.000468304 5.34424e-05 0.0071093 2.54696e-05 7.03368e-10 0.00193851 0.0286237 5.02493e-06 0.121061 0.0011277 0.72099 8.66112e-10 0.0231407 0.000154678 
5.59002e-06 1.42333e-08 0.0177365 1.24575e-08 2.01621e-06 2.24981e-08 1.05212e-08 0.018611 0.0458975 0.0141342 0.00128532 0.00215436 1.12255e-05 1.46701e-08 0.00144088 6.09816e-05 4.43893e-06 3.40737e-06 0.00452356 5.3869e-05 0.0029766 2.31704e-05 9.56719e-06 1.32671e-08 0.887141 0.00392476 
0.0160058 0.00538594 0.00867683 0.00680045 0.00422543 0.000473015 0.000341428 0.0006429 0.0102754 0.0868654 0.0193301 0.013431 0.00254232 0.0127601 0.0422752 0.00237205 0.00204777 0.0344188 0.4853 0.0252931 0.0379827 0.0165242 0.113899 0.0108588 0.0378854 0.00338692 
0.0205815 0.000261596 0.00134926 8.15698e-05 6.7308e-05 0.00083878 8.75712e-08 1.05374e-05 0.00265485 0.196559 2.90347e-06 0.0570105 0.00324555 0.000641938 0.0374642 0.00160758 0.00432304 0.143661 0.429465 0.00275339 0.0128094 0.0257872 0.0575915 0.000209541 0.000830087 0.000192776 
0.0212325 6.95491e-07 0.0112068 1.10656e-10 1.36149e-10 1.00122e-07 9.34562e-11 6.50475e-07 0.123636 8.45282e-06 0.000731446 0.00948444 0.173948 1.3031e-10 0.0534397 9.47189e-09 0.000701566 0.0262101 0.386909 0.00447875 0.0279896 0.00385116 0.0940217 3.77231e-07 0.0621479 6.51982e-07 
0.0434457 0.0007745 0.078676 6.10104e-08 7.44579e-07 2.73473e-10 1.27889e-10 2.86113e-07 0.0563354 5.46803e-05 0.0442682 0.00339731 0.0029663 1.7832e-10 0.00406982 1.28333e-10 8.85619e-08 2.04383e-07 0.00665511 3.56264e-07 0.00531166 2.74359e-07 0.000391696 2.278e-06 0.753649 1.3724e-10 
0.00565748 2.47264e-06 0.00939458 1.20926e-08 3.71061e-05 4.98898e-05 1.0213e-08 0.000804412 0.636436 0.0651278 3.08556e-06 7.51645e-06 0.019539 1.42403e-08 0.0309578 3.83169e-06 5.2309e-06 0.0328275 0.0294671 1.2386e-05 0.078229 0.000675627 0.0481473 6.13022e-07 0.0414704 0.00114369 
0.00402954 7.76132e-08 0.000232277 1.91887e-12 6.67911e-07 8.24781e-05 1.62061e-12 1.71016e-05 0.0570078 0.0144581 0.000146533 0.00196513 2.54792e-08 2.25969e-12 0.260006 8.78338e-09 6.08768e-05 7.12759e-09 0.385754 1.47411e-08 0.0125996 0.00423801 0.243357 2.45392e-05 0.01602 4.60882e-08 
0.00610905 0.000352673 0.0148406 0.00131157 2.99488e-05 0.000139121 4.81442e-06 0.000152332 0.0804055 0.015386 7.39733e-05 0.00113974 0.000447042 0.000283111 0.00447466 0.000139301 4.1452e-05 0.0019524 0.192563 0.00076411 0.000833873 0.0139415 0.00504092 0.0901339 0.0269369 0.542502 
0.00397337 2.01337e-07 0.12416 1.87951e-05 5.42052e-07 1.82439e-05 1.71675e-10 1.88226e-07 0.0281631 0.166163 0.000320636 0.0254985 0.201187 2.26265e-06 0.0121029 3.16411e-06 5.91389e-06 0.297405 0.00975786 0.000293319 0.0149824 0.0152328 0.0547217 2.41706e-05 0.0451594 0.000805282 
0.000375544 4.1328e-06 2.89307e-07 2.49202e-05 5.36903e-08 7.7355e-07 2.83046e-08 2.97532e-05 0.00537139 0.0107429 2.71592e-07 0.00728761 1.3588e-06 3.94663e-08 0.854695 2.84031e-08 4.47916e-07 0.00016446 0.0376505 7.86826e-07 0.0595386 0.00741166 0.0130048 6.82568e-07 0.00365315 4.09117e-05 
0.00111941 1.8025e-07 0.00436092 9.83154e-10 0.000247493 0.0200774 8.30338e-10 0.000827602 0.0116776 0.0027259 0.0073715 0.000592615 1.13089e-05 1.15777e-09 0.00147555 4.01081e-05 6.11647e-09 2.7356e-05 0.000579091 1.92665e-07 0.00130156 2.74701e-06 0.00314163 7.64892e-05 0.938255 0.00608807 
0.000132938 1.45321e-06 0.00499276 4.17014e-07 5.20898e-07 9.46491e-06 5.75817e-08 0.00011955 0.0185954 0.211367 0.00449937 0.000634245 0.158248 1.31418e-06 0.00299352 0.000820709 6.01349e-06 0.000893261 0.342935 0.00189154 0.0490793 0.0658767 0.127881 4.54329e-06 0.00854273 0.000472596 
0.0189505 9.32212e-08 0.128907 4.32909e-10 5.32641e-10 9.52313e-07 3.6562e-10 4.72593e-08 1.03681e-07 0.0379321 7.1604e-08 0.0122656 0.00270445 1.39891e-06 0.0748894 0.000105187 1.98811e-08 0.475787 0.0141961 0.00820992 0.0549779 0.0103638 0.118447 4.61045e-10 0.0417995 0.00046231 
0.0821931 1.88133e-06 0.00123315 5.78164e-11 8.81303e-07 1.04416e-10 4.88298e-11 0.000162461 0.000433555 0.0265913 0.00363615 0.000166596 0.000109865 0.00798788 0.394016 0.000115668 7.78306e-07 0.00136314 0.0234415 0.000374102 0.0302489 0.00184838 0.363479 5.57817e-07 0.0622471 0.000347656 
4.2131e-07 5.2857e-07 0.00382148 1.15627e-10 5.26524e-07 2.08822e-10 9.76547e-11 1.68225e-07 0.0911576 8.20446e-07 0.00271442 0.300115 0.0222385 0.00364418 0.029135 7.84936e-08 2.05408e-06 0.0153106 0.037796 2.26329e-06 0.00339112 3.63276e-07 0.268182 1.23142e-10 0.222486 4.08806e-07 
0.102831 5.82703e-08 0.721794 5.10002e-08 6.27495e-08 3.18e-05 4.3073e-08 1.13789e-05 6.81871e-06 6.67984e-05 2.23066e-06 2.35191e-06 2.06717e-06 5.67394e-05 0.0385452 4.32229e-08 2.93226e-07 0.0160578 0.0727295 0.00539723 1.09858e-06 0.0117205 0.00262807 5.43149e-08 0.0281152 4.62225e-08 
0.0213962 5.97565e-06 4.44694e-05 1.38172e-08 0.00167448 2.49538e-08 1.16695e-08 0.00336036 4.70058e-06 0.00469123 1.81096e-05 5.03787e-06 5.40798e-06 1.62713e-08 0.0141009 0.00119863 2.62979e-06 0.0203549 2.72623e-05 0.527741 0.173703 0.231535 3.08443e-05 2.06651e-06 9.0202e-05 7.55726e-06 
0.00808763 0.00874392 0.00103326 9.45427e-11 3.29211e-05 4.14653e-08 7.98476e-11 3.21215e-05 0.00782362 0.0406062 0.0172787 0.00163014 0.00624856 1.11335e-10 0.256544 0.00281456 5.0578e-06 0.0231002 0.103021 0.00190635 0.0893542 0.134851 0.274332 3.04789e-06 0.0224854 6.59273e-05 
0.0821931 1.88133e-06 0.00123315 5.78164e-11 8.81303e-07 1.04416e-10 4.88298e-11 0.000162461 0.000433555 0.0265913 0.00363615 0.000166596 0.000109865 0.00798788 0.394016 0.000115668 7.78306e-07 0.00136314 0.0234415 0.000374102 0.0302489 0.00184838 0.363479 5.57817e-07 0.0622471 0.000347656 
0.00746988 1.74603e-05 0.0461488 0.00563857 2.18156e-06 0.000653781 1.26837e-06 0.00151763 0.233459 0.0222766 0.00958385 0.00967274 0.000135791 5.32178e-06 0.016645 0.0058874 0.000149022 0.0737792 0.0275051 0.00528455 0.0658409 0.0173884 0.102259 1.77578e-06 0.338004 0.0106727 
0.00446322 5.39425e-07 7.03395e-05 1.39545e-07 1.25486e-06 1.63019e-05 1.17855e-07 0.00405578 0.0209731 0.00723569 3.40122e-05 0.0149119 0.00170618 0.00131515 0.0719298 3.68037e-05 3.28378e-05 0.0354078 0.0248505 0.000558093 0.688802 0.000953486 0.0708933 0.000565953 0.0511855 1.26473e-07 
0.679871 2.36459e-06 0.00210763 3.84061e-05 1.89629e-05 0.0259288 3.80412e-08 9.8072e-06 0.0195547 0.0146849 1.01365e-05 7.07539e-07 0.0147177 5.30423e-08 0.00184637 0.0435022 9.10745e-07 0.0301032 0.000188169 8.73422e-06 0.0381147 0.123819 0.00358243 7.01082e-07 0.00169887 0.000189812 
0.00806913 0.000473135 0.0169053 0.0449134 0.00128105 6.75487e-05 4.88108e-06 0.000312385 0.0481793 0.0236463 0.0496624 0.0013928 0.429664 0.0046642 0.0217125 0.000924981 0.0204522 0.0300044 0.0101927 0.000883309 0.0211531 0.00322734 0.0876906 3.03448e-05 0.174482 1.0952e-05 
0.0293469 0.000279386 0.618449 0.00124632 0.000226548 3.6045e-05 8.10037e-06 0.00418598 0.0233275 0.0356498 0.000187088 0.0378968 0.00196846 0.000200637 0.0145392 0.000424843 2.18166e-05 0.0189372 0.0453127 0.00104043 0.0134738 0.0109463 0.0544351 0.0265465 0.0612914 2.22692e-05 
0.00394381 4.82484e-08 2.02296e-09 2.36163e-12 2.95901e-08 4.2651e-12 1.99456e-12 3.97547e-09 2.45009e-09 0.771944 3.59804e-06 0.0187597 0.00498158 1.38275e-10 0.0010238 0.000236791 1.59171e-06 0.0163069 0.00600449 0.00659612 0.0634803 0.034463 0.072254 1.83217e-08 2.63441e-09 5.84179e-09 
0.0162269 0.000145912 8.17532e-05 6.75952e-09 1.35982e-05 2.8453e-05 5.70886e-09 2.81376e-05 0.00458078 0.0026623 0.000286335 0.000435175 0.0101756 7.96009e-09 0.460581 5.52251e-06 4.16272e-06 4.7172e-05 0.346346 0.000186223 0.000135858 0.00131781 0.127617 1.44961e-06 0.0290906 1.64216e-06 
0.0204001 0.00381618 0.00484774 0.000250501 3.96383e-05 0.000280623 1.11183e-05 0.000129508 0.00717231 0.10861 0.00393095 0.00659958 0.0188962 0.000141485 0.0713647 0.00789456 4.32882e-05 0.0608112 0.0547474 0.00492704 0.0182003 0.0205854 0.496144 1.44143e-05 0.0805731 0.00956873 
0.0252803 0.00175073 0.000750499 0.000554999 0.000299396 0.000125985 9.23808e-06 0.000108925 0.00631536 0.497483 0.000155987 0.00979644 0.00261892 0.00440151 0.000958103 0.0187305 1.70117e-05 0.0472006 0.233148 0.000825442 0.014091 0.107648 0.0100181 1.67204e-05 0.00419398 0.0135019 
0.00359706 7.99099e-08 0.00014085 5.46363e-12 6.72234e-12 9.86729e-12 4.6144e-12 1.97321e-07 1.48219e-07 0.00899331 2.47027e-07 0.00153288 2.866e-09 6.43404e-12 0.821525 4.63045e-12 6.42816e-09 0.00165862 4.35346e-07 4.72736e-07 1.84678e-07 3.22401e-08 0.161133 1.7462e-08 0.00141755 4.9518e-12 
0.0289314 4.09062e-05 0.00073134 0.00013541 0.000950161 0.000309685 1.75742e-10 0.000106191 0.0611752 0.0105639 0.00195778 0.749886 7.63131e-07 4.68926e-07 9.86555e-06 0.00147841 2.22501e-08 0.0119042 0.0200369 0.0251289 0.0127659 0.024149 0.00337069 2.2161e-10 0.0288308 0.0175358 
0.013866 0.015607 0.00798499 0.0349698 1.12255e-05 0.0373988 1.21745e-07 0.000374238 0.066162 0.104424 0.0014471 0.0754953 0.000218542 1.29369e-05 8.07726e-05 0.376328 0.000171592 0.0107361 0.0447389 0.00253165 0.070397 0.029681 0.0240394 0.00202969 0.079205 0.00208867 
0.00190366 1.16286e-05 0.000500286 0.000338483 0.000229885 0.025322 1.91952e-06 8.36111e-05 0.0121825 0.00888647 0.000113725 9.56896e-05 7.2022e-06 0.00278933 0.00472 0.000200941 0.000283685 0.0388455 0.599978 0.001585 0.224404 0.0296726 0.0429643 3.24396e-05 0.0046338 0.000213006 
0.0162933 4.48416e-07 0.0323545 2.69212e-06 0.000345585 1.71045e-06 1.80271e-07 0.000520297 0.682662 0.00188369 0.00109198 0.00104831 2.77547e-07 4.17012e-07 0.0259366 9.58109e-05 2.04059e-05 0.0485539 0.0246319 0.00485052 0.00114783 0.00150497 0.0258 3.60353e-07 0.130703 0.000549045 
0.00083064 9.16048e-08 3.84325e-09 1.56604e-11 5.61859e-08 2.45607e-09 1.32262e-11 7.55358e-09 3.21107e-05 0.866331 1.80468e-06 0.0107219 2.3154e-07 6.41024e-07 0.00249967 5.88441e-05 3.02162e-06 0.019022 0.00925227 0.0113895 0.0122014 5.6963e-06 0.0675832 3.47927e-08 6.62067e-05 1.10999e-08 
0.0157101 0.00377005 1.06549e-05 6.37216e-08 0.000224394 1.0743e-05 6.36355e-08 4.03477e-05 0.00889107 0.228288 0.00165768 0.517299 0.000717206 1.19795e-06 0.00514276 7.26386e-05 0.0560921 0.0928514 0.0417332 0.00814405 0.000525323 0.00210388 0.0153439 3.90071e-06 0.00115584 0.000210273 
0.0142609 3.71421e-07 2.71121e-06 5.0355e-10 6.19557e-10 9.09408e-10 4.25281e-10 6.19166e-05 0.00216931 0.00531849 1.55362e-05 4.88191e-05 0.503225 5.92986e-10 0.00887092 0.0105812 2.1415e-07 0.28353 0.00884747 0.00330347 0.0261741 0.0391638 0.0724081 1.5975e-07 0.0215983 0.000419073 
0.00112603 4.99827e-07 4.99085e-05 0.000102052 6.003e-05 7.90062e-07 3.69469e-07 0.000353361 0.602867 0.0240007 0.0597698 0.000147693 9.35188e-05 0.0417817 0.000111537 0.000346316 1.08075e-06 0.0511716 0.0107583 5.35784e-06 1.03521e-05 0.00145779 9.91259e-06 0.00336868 0.0604671 0.141938 
0.0312184 0.00045764 0.0213075 0.000101751 0.000164816 0.000846647 5.30625e-05 0.000971807 0.0683659 0.267107 0.0143571 0.0792359 0.0168172 0.000868844 0.0288064 0.00498045 0.10917 0.0140512 0.134743 0.0271525 0.0346243 0.00841955 0.0747806 0.0004514 0.0535784 0.00736844 
0.148856 0.000279581 0.0700983 0.000624933 0.00745577 0.000170137 1.24431e-07 0.00592031 2.63545e-05 0.0677353 1.5371e-05 0.0922518 0.00463348 7.97676e-06 0.0514657 0.000358424 0.00289306 0.284621 0.0461596 0.0295421 0.0243104 0.0171981 0.0447462 5.14435e-06 0.100538 8.73275e-05 
0.0307067 5.7219e-11 0.00919527 5.00801e-11 6.16174e-11 6.98844e-08 4.22959e-11 6.90734e-08 1.64102e-05 6.85278e-08 0.627378 0.000412773 4.22174e-07 3.07266e-08 0.0123327 4.2443e-11 2.0875e-07 0.000173314 7.34228e-08 7.4565e-05 0.000110954 0.000341924 0.000767034 5.33349e-11 0.318489 4.10025e-08 
1.21021e-06 1.73062e-05 0.109381 1.89966e-07 5.35782e-07 0.0023752 9.13268e-08 0.000202793 0.713853 0.000743626 0.000405121 0.0427084 1.54454e-07 8.36333e-06 0.00140598 9.16445e-08 8.71144e-06 0.00221614 1.45077e-06 0.000264902 0.00117695 5.51231e-05 0.0228305 1.15163e-07 0.102343 9.80046e-08 
0.0222984 4.59869e-07 0.0383789 2.9287e-09 5.12803e-06 5.28922e-09 2.47348e-09 0.00108309 0.0624497 0.00213064 0.00106589 1.49989e-06 2.8525e-06 3.44887e-09 0.00300158 2.82751e-05 9.86105e-06 0.00623888 4.96362e-05 0.00320747 0.00303878 0.00182771 0.00829428 3.11905e-09 0.83411 0.0127772 
9.10908e-05 1.49948e-10 0.000906756 1.3124e-10 1.96386e-08 2.37018e-10 1.1084e-10 0.000229613 0.785445 0.012048 0.00285332 0.00842403 5.35472e-05 1.54549e-10 0.041599 0.00242511 2.68358e-06 0.00274225 0.0243257 1.76652e-07 0.000920421 0.00227954 0.0865998 0.000103041 0.0286434 0.000308027 
0.345135 4.47976e-05 0.00235439 5.48598e-07 5.99055e-08 0.000139286 4.11208e-08 2.45163e-05 0.00401364 0.0779941 0.000524104 0.000836126 0.00301668 5.73364e-08 0.00755955 0.000440383 3.92055e-05 0.0976649 0.126075 0.00163656 0.0118805 0.210881 0.00127363 0.10646 0.00080483 0.00120032 
2.06657e-05 0.000722562 0.000103273 2.17565e-06 6.04161e-05 6.38615e-07 3.34329e-09 5.56334e-06 0.824938 0.0301305 1.06516e-06 0.0981018 1.15371e-05 0.000615966 2.14791e-05 1.66612e-05 0.000184812 0.0190531 0.0108853 0.00438173 0.000356981 0.000900019 0.00581829 4.21587e-09 0.00366475 2.66487e-06 
0.066624 1.69614e-07 0.00685961 1.6206e-11 5.49224e-06 3.64155e-08 1.3687e-11 0.00027365 0.00108832 0.197033 0.0127888 0.00179235 0.00423356 2.50375e-05 0.0777552 0.0273072 0.0101944 0.0817987 0.103467 0.0242123 0.00374842 0.0184137 0.233292 6.44136e-08 0.128853 0.00023443 
0.0179072 3.1207e-06 0.0375596 0.0199271 5.7479e-06 0.0536009 7.87577e-09 0.000131982 0.220795 0.0336774 0.00669562 0.00824218 0.00838711 0.000270515 0.0442241 0.000835459 5.3054e-05 0.0173794 0.220774 0.00300436 0.00437146 0.0347084 0.160513 9.86768e-05 0.106835 8.45163e-09 
0.00183917 9.72326e-05 0.000106639 3.51115e-10 6.19992e-08 6.34112e-10 2.9654e-10 0.0011242 0.310053 0.381427 3.38865e-08 0.000328007 0.08385 4.13477e-10 0.0110187 0.0044659 7.21591e-08 0.00664395 0.0649609 0.00147525 0.0367349 0.00104451 0.0489304 5.51369e-05 0.0458444 3.39288e-07 
0.000699244 2.24472e-08 2.02258e-05 1.99797e-10 2.45826e-10 3.60833e-10 1.68742e-10 0.00156466 0.0150967 0.152378 2.39386e-06 0.00419151 4.13569e-07 2.35284e-10 0.122929 0.000129134 4.916e-05 0.0286533 0.408969 0.000781038 0.0330686 0.00737584 0.213223 0.000393466 0.0104752 4.86633e-07 
0.0300269 2.34329e-10 0.0159252 5.19249e-07 5.63152e-08 0.000775173 1.73214e-10 0.000285278 0.00182676 0.065687 2.81994e-09 0.000453392 0.0607419 1.96709e-07 0.000163428 0.000712067 6.54789e-05 0.625951 0.000160875 0.00727962 0.0704668 0.00743843 0.109418 4.28921e-08 0.00248081 0.000141119 
0.131066 0.000655748 5.65671e-07 2.17232e-10 2.48646e-07 0.000236494 1.83467e-10 0.00026777 0.000130369 0.163018 4.3184e-08 0.00121286 0.00233967 0.00011666 0.160975 2.61321e-05 6.30523e-09 0.0520405 0.0530193 0.0338008 0.100248 0.024666 0.265884 1.16589e-07 0.0102966 1.96882e-10 
0.00151156 0.000119352 0.0085445 3.68846e-07 3.43739e-05 0.000191163 3.11515e-07 5.17925e-05 0.674464 0.00767863 8.71209e-06 0.0369367 0.0264025 4.34357e-07 0.0316598 0.000553953 5.84349e-06 0.0313964 0.0102816 0.00103509 0.00900449 0.056405 0.0728613 0.0030571 0.0276014 0.000193533 
0.021913 0.00130974 0.00244196 0.00522821 0.00265659 0.000379945 0.000218833 0.000857881 0.011074 0.0465206 0.0115264 0.305852 0.00391971 0.00211046 0.0144136 0.00445456 0.00567758 0.0419059 0.33233 0.0790145 0.00834248 0.0153994 0.0583494 0.00134005 0.0221988 0.000563488 
0.0377343 1.80977e-10 0.172776 1.58398e-10 1.94889e-10 2.86065e-10 1.33777e-10 4.02047e-07 0.00530926 0.0436837 0.00300416 0.000181348 3.83032e-06 1.86531e-10 3.03437e-06 3.10699e-07 3.97578e-05 0.0350249 0.0066063 0.00306031 0.0155471 0.0046128 0.295463 6.00371e-08 0.376628 0.000320877 
0.00183917 9.72326e-05 0.000106639 3.51115e-10 6.19992e-08 6.34112e-10 2.9654e-10 0.0011242 0.310053 0.381427 3.38865e-08 0.000328007 0.08385 4.13477e-10 0.0110187 0.0044659 7.21591e-08 0.00664395 0.0649609 0.00147525 0.0367349 0.00104451 0.0489304 5.51369e-05 0.0458444 3.39288e-07 
0.0737511 1.41393e-06 0.00160467 5.8889e-11 6.63033e-07 1.06353e-10 4.97356e-11 0.000121861 0.00180093 0.0242823 0.00272716 0.000124962 8.24219e-05 0.00599121 0.446612 8.67881e-05 5.85336e-07 0.00667654 0.0193246 0.000785375 0.0414659 0.00138632 0.323096 4.19762e-07 0.0498126 0.000264871 
0.00862758 0.000156237 0.0328282 7.7933e-05 1.91933e-08 0.000769461 8.0993e-09 3.3487e-05 0.303398 0.0204885 0.000596448 0.00541004 0.00125808 1.12932e-08 0.438502 2.02658e-06 7.11293e-07 0.00500044 0.0284051 0.00063703 0.00808326 0.00182295 0.129243 5.12764e-05 0.0146076 8.69151e-09 
0.00863205 0.00844739 0.00621839 0.000586133 0.000165159 1.2987e-05 3.15565e-06 2.45744e-05 0.0361335 0.055607 0.000386082 0.614778 9.97902e-05 0.00225938 0.0300874 0.000744615 0.00152644 0.0255303 0.100292 0.0131246 0.0362428 0.00265212 0.0472697 5.20636e-06 0.00911693 5.51996e-05 
0.14902 0.0201954 0.0010453 1.87942e-11 0.00325265 3.39423e-11 1.5873e-11 0.000373753 0.00105267 0.249344 0.00186027 0.000255772 6.20159e-05 0.0135721 0.275431 6.72794e-05 7.1134e-09 0.0420623 0.0323861 0.00284963 0.0402569 0.00360183 0.134149 1.1948e-07 0.0277279 0.001434 
0.0133815 7.92443e-09 6.55838e-08 3.01423e-12 6.67928e-09 5.44368e-12 2.54572e-12 3.79927e-08 2.50232e-07 0.0366557 0.00070601 7.71055e-08 0.000119091 9.30029e-08 0.39742 2.73597e-07 1.194e-08 0.000693402 0.05929 1.077e-07 0.0134326 0.013038 0.442357 6.42347e-09 0.0229055 8.11389e-08 
7.80219e-07 3.8654e-07 5.67294e-07 2.64287e-11 3.25173e-11 4.773e-11 2.23208e-11 0.000859984 7.16963e-07 1.05586e-06 1.19492e-06 8.05875e-07 1.38634e-08 3.11227e-11 0.818718 2.23984e-11 3.10943e-08 1.29402e-07 2.10585e-06 2.28671e-06 8.93325e-07 1.55952e-07 0.180409 8.44671e-08 2.36367e-06 2.39528e-11 
0.00357084 0.000218638 0.0366436 2.34309e-09 1.00428e-07 2.5172e-05 1.9789e-09 2.42173e-05 0.191362 0.0317173 2.1927e-05 0.00089372 0.0238133 1.08884e-07 0.0107504 0.0500376 0.00235979 0.0071675 0.0014175 0.000260753 0.0884881 0.019658 0.498386 3.94485e-05 0.0331408 2.509e-06 
0.21354 2.73735e-06 0.0335323 1.22785e-09 0.00230847 1.15844e-06 1.037e-09 0.000486555 0.00205032 0.000312006 0.0259741 0.0101365 0.00248844 0.0415668 0.00910671 0.000554674 3.51586e-07 0.359523 0.00904233 0.164275 0.0207996 6.84974e-07 0.0861426 1.30765e-09 0.0181549 4.49408e-07 
0.000533103 6.41873e-08 2.69368e-09 1.43008e-11 3.93711e-08 1.94331e-09 1.20779e-11 5.29448e-09 1.92706e-05 0.91553 1.08362e-06 0.0064332 0.000251881 3.97424e-07 0.00149983 3.70399e-05 2.11712e-06 0.0119621 0.00555141 0.00949695 0.00808822 3.43676e-06 0.04055 2.43813e-08 3.97282e-05 7.78021e-09 
0.0412335 0.000100313 0.000467148 0.0718202 0.00034602 9.91654e-05 3.79505e-10 4.22094e-05 0.0273338 0.181846 0.00197586 0.233911 0.000203254 7.58656e-05 1.13516e-06 0.00411801 1.38586e-05 0.14583 0.0359102 0.0492391 0.0670012 0.0750426 0.0264603 4.0919e-06 0.0364827 0.000443538 
0.0291545 1.57955e-07 0.00285328 1.53601e-08 5.8806e-05 2.77402e-08 1.29726e-08 3.29065e-07 0.0124604 0.0257817 5.90376e-05 0.00010517 0.0386001 4.47868e-06 0.0563179 0.000143786 2.25797e-06 0.502888 0.00201468 0.000165678 0.00864595 0.0294549 0.281719 1.01042e-07 0.00957029 1.39211e-08 
0.0035489 2.80564e-08 5.0534e-05 6.93654e-13 8.61992e-11 4.88691e-09 5.85837e-13 1.26139e-09 0.00156304 0.0172469 1.99107e-05 0.000648903 9.21049e-09 9.10876e-07 0.0136006 9.13562e-08 9.07264e-07 6.54364e-09 0.862412 0.000879782 0.00703915 0.0144136 0.0780615 4.43314e-09 0.000513072 1.85465e-08 
0.00678505 2.96656e-10 0.00904973 2.59643e-10 3.32587e-05 4.68914e-10 2.19286e-10 0.00512141 0.000427905 0.00939378 0.0164986 7.32122e-06 0.000153241 3.05759e-10 0.038592 8.38971e-06 7.70337e-06 0.0642748 0.00626063 0.00247006 0.0616701 0.00409841 0.00431683 2.0649e-06 0.770595 0.000233755 
0.00572791 1.3279e-06 0.00377538 4.06477e-12 2.10234e-07 2.10969e-07 3.43297e-12 2.30634e-05 0.000343903 0.0834293 0.00176589 0.000234333 0.000468304 5.34424e-05 0.0071093 2.54696e-05 7.03368e-10 0.00193851 0.0286237 5.02493e-06 0.121061 0.0011277 0.72099 8.66112e-10 0.0231407 0.000154678 
0.0205009 0.0673724 0.00825841 3.56623e-05 3.94797e-07 0.000123126 2.71e-07 0.0122268 0.00200859 0.00304162 9.8204e-06 0.00424527 0.164751 0.0295686 0.0231947 0.000256656 0.00546299 0.00855127 0.0140229 0.00166678 0.051813 0.00248113 0.531551 8.35753e-05 0.0487547 1.87182e-05 
0.0202359 6.55048e-05 0.000601053 9.9391e-05 0.000964545 0.000610714 3.17992e-10 0.000210969 0.0385077 0.00891286 0.000391969 0.797194 0.0010296 2.13268e-05 0.00275023 0.0203962 7.28944e-08 0.00646064 0.00886729 0.00385687 0.00626093 0.0379351 0.0101448 4.00987e-10 0.013414 0.0210681 
0.00950771 0.00525704 0.00516655 9.56809e-11 1.17724e-10 1.72799e-10 8.08088e-11 4.11704e-07 0.205356 0.217843 5.72972e-07 6.18245e-07 2.88396e-07 1.12675e-10 1.67897e-07 5.19056e-07 2.06745e-07 0.00383021 0.225903 0.0146074 6.422e-07 0.00716623 0.0637302 8.45868e-07 0.241628 3.29612e-07 
0.0926354 4.07921e-06 0.000953286 0.000293573 0.0232942 0.00033113 9.56503e-08 0.00272812 0.385766 0.0472001 0.0624381 8.59257e-06 0.000329294 1.33369e-07 0.00296731 7.18194e-06 6.67875e-05 0.0609814 0.059615 0.00023364 0.00298566 0.0275955 0.012498 2.26269e-06 0.216307 0.000758058 
0.00102536 1.81393e-06 0.672702 1.58761e-06 9.15488e-05 1.01734e-05 1.34084e-06 0.00647932 0.0206936 0.0215386 0.000237578 0.000284671 0.00196401 1.26312e-05 0.0827987 3.69521e-05 4.26579e-06 0.00674989 0.00598382 0.00520982 0.00231146 0.000292357 0.0710047 1.6908e-06 0.100483 7.95983e-05 
0.00062565 0.00932446 0.00108801 2.35416e-08 0.00492974 1.84532e-10 8.62956e-11 7.69876e-07 0.0516038 0.0308515 1.4884e-07 0.000882581 8.07675e-08 1.20325e-10 0.231465 0.000276788 1.45198e-07 0.000433195 0.0621003 0.00182814 0.0456838 7.07134e-05 0.497715 3.19761e-08 0.0600755 0.00104489 
0.00659775 5.94714e-06 0.00809092 0.0113783 4.04341e-06 2.4878e-05 2.38108e-06 8.46882e-05 0.035696 0.11374 5.02242e-06 0.0273931 0.00779782 0.000592239 0.00789297 0.000129788 8.88128e-05 0.547625 0.011615 0.0010308 0.0300243 0.0977067 0.0859813 1.96234e-05 0.00561243 0.000860369 
0.00312643 1.76826e-06 0.0285474 8.33484e-11 3.12117e-08 7.093e-07 7.03932e-11 0.0779249 0.0520364 0.128188 0.00229624 0.00986231 7.7556e-05 9.8152e-11 0.0403953 0.00177079 0.00017906 0.00722346 0.30533 0.00802134 0.00743289 0.00508226 0.0896463 0.00016259 0.206281 0.0264144 
0.00436204 2.92593e-05 0.0412278 1.96981e-08 2.42361e-08 3.18709e-06 1.66363e-08 0.000646323 0.499829 0.00174236 0.000168459 0.000150734 3.86004e-06 1.95851e-05 0.0577357 5.63298e-05 7.06955e-07 5.74482e-05 0.0247974 0.00677216 0.00303832 0.00573176 0.178555 5.25302e-06 0.130154 0.0449141 
0.00902873 0.00171538 0.00771339 2.01965e-07 0.00367508 0.00164377 1.97877e-10 0.0123354 0.0138111 0.0468947 0.0284517 0.000464258 0.00148539 1.20205e-06 0.0516167 0.000249554 2.34463e-08 0.00634534 0.10804 0.00263216 0.0226672 0.0603196 0.167677 1.89815e-07 0.443415 0.00981694 
0.0267867 0.00151105 0.0263328 0.000222983 0.00151427 0.000520825 0.000143793 0.00150303 0.428156 0.0356247 0.00104332 0.0271096 0.00295025 0.0201154 0.0274126 0.027082 0.000199386 0.0165782 0.162462 0.0101158 0.030138 0.0506058 0.0386503 0.00586265 0.0477718 0.00958731 
0.0250393 0.0197968 2.30655e-07 2.65527e-10 0.00011051 9.85031e-07 2.24255e-10 0.000585872 0.568755 0.101048 9.07122e-07 0.010149 2.593e-07 3.12687e-10 0.0119875 1.05225e-06 5.7801e-08 0.00975931 0.0414993 0.0514441 0.0148082 3.8472e-07 0.0684099 0.000607108 0.075895 0.000100738 
0.67122 2.28534e-05 0.0047469 1.57687e-09 3.3964e-07 1.53101e-05 1.33177e-09 0.000100486 0.000123833 0.00134274 0.00660717 5.56647e-08 0.000193706 0.0119278 0.0214921 0.000428476 1.59412e-07 2.23197e-05 0.00533788 0.000865502 0.00531455 0.0319641 0.16502 1.67936e-09 0.0697745 0.00347934 
0.00183917 9.72326e-05 0.000106639 3.51115e-10 6.19992e-08 6.34112e-10 2.9654e-10 0.0011242 0.310053 0.381427 3.38865e-08 0.000328007 0.08385 4.13477e-10 0.0110187 0.0044659 7.21591e-08 0.00664395 0.0649609 0.00147525 0.0367349 0.00104451 0.0489304 5.51369e-05 0.0458444 3.39288e-07 
0.0372441 6.46504e-05 0.00693391 0.00013862 7.03619e-05 1.29991e-06 5.42422e-09 8.43038e-05 0.324826 0.00278325 0.00126407 0.0273921 3.97226e-06 1.49088e-06 4.15502e-05 2.95272e-06 0.000367167 0.0187875 0.13751 4.89275e-05 0.229864 0.052869 0.00357374 1.85864e-06 0.155962 0.000163274 
0.0263227 0.000415828 0.000292889 0.000558851 2.68541e-05 3.36532e-05 2.42634e-06 6.39812e-05 0.0153875 0.0604196 0.000281299 0.000529401 0.00357505 3.58854e-05 0.0143609 0.0141909 4.22445e-05 0.0210551 0.759577 0.00100565 0.0008075 0.00654857 0.0171729 0.0227805 0.0344086 0.00010477 
0.0374393 0.00573577 0.0101241 0.00458079 0.000182085 0.00159577 0.000169189 0.00044696 0.0535433 0.0475651 0.00177114 0.00606979 0.000433771 0.00327688 0.0361191 0.00215311 0.0172446 0.0111139 0.345999 0.213018 0.00573515 0.0162181 0.0711564 0.0743343 0.0250172 0.00895769 
0.0114249 0.00769221 0.000689882 0.0233131 0.000237613 0.00887471 4.64367e-05 0.000339656 0.254945 0.0848728 0.000551821 0.10528 0.000103543 0.000276038 0.00930424 0.00317862 0.000966722 0.0459569 0.0467849 0.279014 0.0278194 0.0228409 0.0239719 8.35077e-05 0.0404932 0.000938044 
0.110373 0.000865252 0.0116897 0.108413 0.000256699 0.000760131 2.78947e-06 0.0090673 0.0276801 0.0760886 0.0683026 0.0395167 0.000771603 0.00204734 0.115679 0.000337747 2.83294e-06 0.119222 0.0416524 0.0367267 0.0188416 0.0937 0.0607416 0.000194625 0.0568314 0.000234586 
0.00078569 6.01251e-06 0.0107999 4.72296e-09 7.19347e-06 8.52964e-09 3.98885e-09 0.000839636 0.703929 0.00559342 0.000378607 0.0366774 1.64594e-05 5.56181e-09 0.00247149 6.15997e-06 9.11667e-06 0.0616339 0.00906063 7.10019e-06 0.002068 1.49328e-05 0.0131168 5.02992e-09 0.152467 0.000111719 
0.00237865 4.56085e-06 0.0131902 1.56773e-07 0.000256267 2.3319e-05 1.32405e-07 0.000278952 0.596429 0.046002 7.64369e-05 0.000644238 0.038697 0.000857285 0.0123427 0.0214069 2.61024e-06 0.0057922 0.0104082 0.0228105 0.00346265 0.0044071 0.147096 4.98644e-05 0.0720359 0.00134723 
0.11313 2.19441e-05 0.000533099 0.000415822 0.00031033 0.0129728 2.14431e-06 0.00251277 0.0173744 0.0342213 0.000140163 0.0055049 7.03703e-05 0.000163582 0.00219702 0.0267389 6.10692e-06 0.0341525 0.024413 0.00972299 0.11528 0.547071 0.0374569 0.00125163 0.0128398 0.00149678 
0.000102159 7.73344e-09 0.000936964 6.31786e-12 1.03473e-08 5.3282e-09 5.33585e-12 1.93211e-08 0.0031438 0.132099 3.83053e-05 0.000816088 0.0168657 7.43998e-12 0.0100597 0.00158919 1.08248e-05 0.00255506 0.233343 0.00337964 0.0297001 0.00991488 0.533979 6.72847e-12 0.0208067 0.000658665 
0.0448769 0.0150011 0.00305776 0.0321925 0.000187644 4.33392e-06 9.21098e-08 0.000611205 0.00278984 0.131852 0.00328844 0.0912789 0.00506684 5.54482e-07 0.0178639 0.000680269 0.0099179 0.35039 0.0189899 0.00872843 0.0533397 0.0718166 0.0885255 0.000129892 0.0476246 0.00178555 
0.00269526 5.92209e-05 0.000855291 0.00124818 1.84884e-05 5.48894e-05 4.25285e-08 3.58132e-05 0.00100553 0.200462 8.24788e-06 0.570383 0.0773464 1.69543e-05 0.00409322 0.000234169 0.00214215 0.103764 0.0090668 0.00510204 0.00218224 0.00769451 0.0111499 4.08803e-06 0.000272709 0.000105301 
0.0685923 2.67429e-06 0.000851406 0.000307768 0.00324981 0.00489985 1.24874e-07 0.0086861 0.00936325 0.0606946 0.00229458 0.0161208 0.000554142 1.31658e-05 0.0677468 0.0185337 5.15368e-05 0.0172065 0.154625 0.0157783 0.0735208 0.38051 0.01347 3.21208e-07 0.038742 0.0441844 
0.00970197 0.014082 0.0183175 3.32986e-05 2.54882e-06 1.00269e-05 9.66747e-08 0.000838974 0.662733 0.0418262 0.000215483 0.0117786 0.0087182 0.00036202 0.00120539 0.00364338 7.70511e-05 0.0134418 0.0475068 0.00325528 0.00369061 0.000356454 0.102414 1.21906e-07 0.0557839 5.48567e-06 
0.00183917 9.72326e-05 0.000106639 3.51115e-10 6.19992e-08 6.34112e-10 2.9654e-10 0.0011242 0.310053 0.381427 3.38865e-08 0.000328007 0.08385 4.13477e-10 0.0110187 0.0044659 7.21591e-08 0.00664395 0.0649609 0.00147525 0.0367349 0.00104451 0.0489304 5.51369e-05 0.0458444 3.39288e-07 
1.53506e-08 0.00024106 0.00134861 1.65352e-10 1.40829e-08 3.58138e-06 1.3965e-10 0.000170485 0.00720678 0.03007 3.85115e-07 0.00340871 1.53905e-07 1.9472e-10 0.00297072 2.24278e-07 2.03725e-07 1.87047e-07 0.0260845 0.00010046 0.0143348 2.29795e-07 0.902937 1.31612e-07 0.0111212 3.56849e-07 
6.12944e-07 0.0006968 0.00116432 9.33105e-09 1.14807e-08 1.68518e-08 7.88069e-09 0.000367682 0.652731 0.00336329 9.23096e-05 0.00404575 3.78046e-06 1.09884e-08 0.00707775 4.74171e-06 0.00133589 0.031875 0.000804953 0.00435299 2.67112e-06 3.73341e-05 0.00289233 1.38644e-05 0.287144 0.00199305 
0.0237843 6.8152e-06 0.000613123 0.00437395 1.33588e-08 1.94611e-07 1.36427e-10 8.2587e-05 0.0877107 0.0251749 9.66408e-07 0.00348108 2.42709e-05 1.90226e-10 0.0348676 0.000126637 5.07209e-06 0.0158767 0.563384 0.000898938 0.00545627 0.00300265 0.0223754 0.19555 0.0131801 2.38438e-05 
0.066624 1.69614e-07 0.00685961 1.6206e-11 5.49224e-06 3.64155e-08 1.3687e-11 0.00027365 0.00108832 0.197033 0.0127888 0.00179235 0.00423356 2.50375e-05 0.0777552 0.0273072 0.0101944 0.0817987 0.103467 0.0242123 0.00374842 0.0184137 0.233292 6.44136e-08 0.128853 0.00023443 
0.000375544 4.1328e-06 2.89307e-07 2.49202e-05 5.36903e-08 7.7355e-07 2.83046e-08 2.97532e-05 0.00537139 0.0107429 2.71592e-07 0.00728761 1.3588e-06 3.94663e-08 0.854695 2.84031e-08 4.47916e-07 0.00016446 0.0376505 7.86826e-07 0.0595386 0.00741166 0.0130048 6.82568e-07 0.00365315 4.09117e-05 
0.016656 0.00300367 0.0734917 5.45996e-05 0.00825979 0.000391562 5.39482e-05 0.00440784 0.370033 0.0823591 0.000778735 0.075421 0.00375224 0.0195268 0.0328902 0.0311219 0.000526884 0.0389785 0.0360716 0.00970318 0.0206199 0.0302348 0.0340824 5.50402e-05 0.0912614 0.0162647 
0.00854912 3.32292e-05 0.000261791 1.68321e-07 2.63608e-05 1.64929e-05 1.42158e-07 0.000311715 0.403644 0.00151581 0.00666011 0.000716652 1.75247e-05 1.98217e-07 0.0520779 0.000122541 6.04051e-06 0.00394156 0.00640439 0.000881434 0.00754276 8.97228e-05 0.1982 0.000112833 0.308833 3.54463e-05 
0.168268 1.3533e-08 0.000736626 1.18446e-08 0.0368395 2.13913e-08 1.00035e-08 3.62338e-06 0.237571 0.00391558 7.94128e-06 0.000118608 0.00143231 1.39483e-08 0.0155901 2.39564e-05 1.26403e-06 0.0291232 0.00373054 0.00217235 0.00984158 0.184805 0.29219 1.26144e-08 0.0136283 1.23836e-06 
0.0395629 3.31789e-07 0.0188312 1.40276e-08 3.86962e-08 4.34958e-08 1.20886e-10 0.00833824 0.0112153 7.49224e-07 2.98647e-06 1.5314e-07 1.88056e-07 1.68556e-10 0.139293 0.00302362 3.53047e-06 0.00253008 0.0401575 4.89008e-06 0.00496793 0.0112675 0.130957 9.95899e-09 0.58984 2.16724e-06 
0.00385159 1.34809e-07 0.000140336 3.33296e-12 4.14182e-10 2.34813e-08 2.81491e-12 6.06089e-09 0.0497879 0.0232655 0.000146572 0.00833611 4.42558e-08 3.92494e-12 0.302773 8.75939e-09 1.44829e-08 1.2274e-07 0.421768 0.00328249 0.00272795 0.0282283 0.141366 2.98426e-05 0.0142968 8.45834e-08 
0.0658722 7.10166e-05 0.00101138 0.000147777 8.79327e-07 2.78721e-08 1.30343e-08 4.45935e-05 0.00658581 0.373115 0.000138107 0.0607076 0.106297 8.41821e-06 0.000211381 0.00384137 0.0108786 0.0997873 0.0320741 0.00206042 0.00698073 0.0292754 0.160732 5.49122e-07 0.0401576 1.36608e-06 
0.0163246 0.066417 0.00230049 6.59697e-05 0.00322318 0.000620808 3.80161e-05 0.000235762 0.00940721 0.130464 0.00192751 0.410967 0.000200516 0.000173656 0.00874343 0.00718087 0.0195886 0.0653024 0.031072 0.164083 0.0104095 0.00873944 0.0228454 0.000110098 0.018705 0.000854448 
0.000216122 7.80807e-05 0.430159 6.47953e-06 5.1316e-05 1.1702e-05 5.47239e-06 9.74806e-06 0.000986001 0.113225 0.00226303 0.0941968 0.000181504 7.82886e-06 0.00817299 0.000124486 0.165128 0.00063811 6.37601e-05 0.0224725 9.45378e-05 0.0322887 0.124758 3.37373e-05 0.00224555 0.00258235 
0.00018036 0.00332575 0.00061648 0.00223962 2.69765e-05 0.000735115 4.24981e-08 0.00105667 0.836631 0.00761503 1.3954e-05 0.0126852 2.83269e-05 0.000223839 0.00144846 4.2646e-08 0.00010874 0.00111487 0.0164505 0.00476422 0.000205145 0.000324547 0.00875201 0.00117693 0.0934901 0.00678564 
0.0671159 7.09513e-05 0.000418186 1.08406e-07 1.47543e-06 6.82599e-09 3.19215e-09 1.9984e-07 0.00149767 0.0432013 6.98432e-08 1.00657e-05 0.000196625 1.11864e-08 0.00459864 0.0020542 0.000363247 0.795542 0.0280481 0.00164311 0.0321816 0.00609181 0.0169567 9.14673e-07 9.51894e-07 5.98164e-06 
