0.000398953 0.000641631 9.64766e-06 1.00226e-09 1.23316e-09 1.81007e-09 0.000391804 6.07321e-10 0.758103 0.0457071 0.0286355 0.0118081 5.33844e-06 1.98849e-05 0.00220373 9.96408e-07 9.12423e-08 0.0899252 0.0244553 2.56533e-07 0.00281815 3.61008e-05 0.00788755 3.85558e-07 0.026951 9.08366e-10 
0.0185416 1.43314e-06 0.000828158 5.63809e-12 4.31434e-06 1.05441e-08 1.00032e-08 3.41642e-12 0.000564286 0.027774 0.000553738 0.000276586 0.000661949 7.53538e-05 0.0168489 5.58783e-05 2.8228e-09 0.000943608 0.0134897 0.00379176 0.0201179 0.00818892 0.883434 3.2135e-09 0.00384777 2.06292e-08 
0.0292675 0.0019425 0.0168724 0.0256383 5.98779e-09 8.7891e-09 4.11019e-09 2.94895e-09 0.563967 0.0443839 0.0165239 0.00347898 0.0109785 5.731e-09 0.0121383 0.00015328 0.000429234 0.0105205 0.167838 0.00163281 0.00166328 0.00243151 0.0178652 0.0101268 0.0621484 4.41072e-09 
0.140295 1.19792e-06 0.00446804 6.06254e-08 0.000106125 1.23819e-08 4.34647e-05 4.15442e-09 0.0329256 0.103671 0.00225933 0.00818505 0.000105038 8.07372e-09 0.0299198 0.00428985 0.000151667 0.0528193 0.0236154 0.180677 0.109828 0.0770608 0.149496 4.41223e-06 0.0138902 0.0661876 
0.0140356 4.20949e-05 0.00825733 3.90244e-10 4.11956e-06 8.19296e-06 0.00058232 2.36469e-10 0.0262471 0.0364576 0.00281087 0.0118654 0.019356 0.00162464 0.130203 1.81921e-06 8.48821e-07 0.0102821 0.0377232 0.00083589 0.151488 0.0295899 0.0158327 3.62325e-07 0.263791 0.23896 
0.00228676 3.77038e-11 0.396721 3.29997e-11 4.06021e-11 1.7927e-08 2.38123e-07 1.99963e-11 0.0656463 0.00252218 0.000108596 0.00758914 4.74258e-07 6.99424e-08 0.142735 9.11234e-05 6.0769e-06 0.000484685 0.0614761 0.023811 0.0139771 0.00163723 0.134419 3.51444e-11 0.146487 1.75999e-07 
0.000724246 1.21277e-09 2.6901e-06 1.06146e-09 1.30599e-09 5.37358e-07 4.09287e-08 6.43194e-10 0.022305 1.95187e-07 2.36636e-07 0.000194737 0.000220821 1.24998e-09 0.000719305 8.99589e-10 0.0027511 5.22228e-07 0.972611 7.96236e-07 0.00025349 0.000213042 4.99767e-07 1.13044e-09 1.38482e-06 9.6202e-10 
0.0150149 0.000193461 0.00890162 1.32167e-06 4.8376e-05 0.0211005 0.00114182 8.27669e-07 0.653906 0.00669776 0.00101284 0.0013808 0.0133784 0.00927523 0.0002162 0.00272182 1.88287e-06 0.0260215 0.0206275 0.00354062 0.0116109 0.00312514 0.075295 0.000487086 0.1218 0.00249913 
0.00408338 5.63485e-09 0.023598 9.42994e-12 1.16024e-11 1.95221e-08 5.46398e-08 5.7141e-12 0.00653349 0.0434637 6.4777e-05 0.00993836 5.17715e-07 7.63217e-08 0.206281 0.000661271 4.13363e-05 0.0113326 0.37166 0.0365251 0.0232049 0.00193435 0.231885 2.2552e-08 0.0270301 0.00176175 
0.0733248 0.000785576 0.0922382 1.37036e-05 2.82255e-08 4.94861e-06 3.05996e-06 1.39009e-08 0.15496 0.0998933 1.91841e-05 0.087133 3.95601e-08 8.48666e-06 0.000671362 0.218169 0.000134836 0.0103551 0.0451818 0.0156877 0.00389666 0.0318984 0.0470577 0.000122877 0.0692672 0.0491726 
0.000724246 1.21277e-09 2.6901e-06 1.06146e-09 1.30599e-09 5.37358e-07 4.09287e-08 6.43194e-10 0.022305 1.95187e-07 2.36636e-07 0.000194737 0.000220821 1.24998e-09 0.000719305 8.99589e-10 0.0027511 5.22228e-07 0.972611 7.96236e-07 0.00025349 0.000213042 4.99767e-07 1.13044e-09 1.38482e-06 9.6202e-10 
0.206365 6.28956e-10 0.00147391 5.50484e-10 6.14252e-05 3.31838e-07 0.00318464 3.33568e-10 0.0827753 0.0225256 0.00455221 0.451259 0.00294022 1.90929e-07 0.0929208 3.29126e-07 1.82339e-08 0.00344878 0.000416572 0.000626617 0.0192952 0.00184325 0.0403498 3.06014e-08 0.0609279 0.005033 
0.0438638 0.00117119 0.000239773 1.27142e-09 0.000598435 0.22516 0.000271107 7.70422e-10 0.331843 0.0702473 7.92108e-05 0.107751 1.12253e-06 4.18311e-08 0.0101277 0.00176081 1.18613e-07 0.0020569 0.0213347 0.0166805 0.0129842 0.0345977 0.072759 5.68765e-07 0.0396261 0.00684566 
0.000801901 1.17176e-10 0.000546556 1.02557e-10 9.17789e-07 1.85319e-07 6.81833e-05 6.21444e-11 0.0131659 0.114954 5.81644e-08 0.00804344 0.179437 8.86474e-08 0.102135 1.80486e-07 4.10393e-08 0.0193952 0.00839511 1.04402e-07 0.138977 0.00255611 0.405115 2.51208e-07 0.00640825 9.2949e-11 
0.00366629 0.0128852 0.00475529 0.0644158 0.047576 0.000392424 0.000986784 0.000184714 0.458407 0.10726 0.00115868 0.0460123 0.0174269 0.0376289 0.00385365 0.011693 0.000510339 0.00450746 0.0441947 0.00033262 0.00442525 0.0069052 0.0295599 0.000277623 0.0416824 0.0493013 
0.00267702 5.08659e-05 0.000272984 2.6298e-07 6.97472e-05 4.7494e-07 2.25576e-05 1.59353e-07 0.00474487 0.123742 0.00086916 0.000604896 0.00112114 0.0490605 0.0284519 0.000382658 2.55652e-06 0.000264704 0.503174 1.03267e-05 0.0963404 0.000158485 0.180402 1.87897e-05 0.00740493 0.000151894 
0.0122856 0.12273 7.87592e-07 8.80042e-05 0.000867059 7.82016e-10 3.65707e-10 2.62385e-10 0.80618 0.00890091 4.40375e-08 6.49741e-07 2.25166e-05 5.09919e-10 6.26035e-07 3.66979e-10 0.00346668 2.93964e-07 0.00968921 0.000244222 7.59199e-07 0.00173116 1.44045e-06 0.000938925 0.0328494 1.40269e-06 
0.000724246 1.21277e-09 2.6901e-06 1.06146e-09 1.30599e-09 5.37358e-07 4.09287e-08 6.43194e-10 0.022305 1.95187e-07 2.36636e-07 0.000194737 0.000220821 1.24998e-09 0.000719305 8.99589e-10 0.0027511 5.22228e-07 0.972611 7.96236e-07 0.00025349 0.000213042 4.99767e-07 1.13044e-09 1.38482e-06 9.6202e-10 
0.000196899 1.33382e-07 0.00015549 9.45674e-06 0.000117933 0.0819933 0.000171667 7.07395e-08 0.212113 0.0002006 5.02561e-05 0.433402 0.00398461 1.37475e-07 0.000116457 0.00010696 3.14182e-05 0.00052581 0.0159192 0.225736 0.000345937 0.0101569 0.00537758 0.00133708 0.00743202 0.000518587 
0.000195229 0.000582492 0.012779 0.000797702 0.000877297 3.22705e-06 0.000246331 1.08275e-06 0.0564535 0.0185504 0.00279823 0.000161211 0.0386223 0.00238329 0.000720917 0.000120738 6.95385e-05 0.0024225 0.00163674 3.11769e-05 0.00112948 0.855729 0.00302766 1.99379e-05 0.000639826 1.61946e-06 
0.0678101 2.22784e-06 0.001167 1.21758e-07 2.87089e-07 6.62025e-05 2.48622e-06 1.45251e-09 0.0506279 5.29076e-06 5.59815e-06 0.318104 0.0012026 3.08454e-06 0.0745896 0.000572441 2.79356e-07 0.010642 0.016332 0.0171871 0.336102 0.0112075 0.0156808 4.13862e-08 0.075333 0.00335594 
4.90473e-07 9.7668e-07 0.00735696 2.20054e-07 1.38219e-06 5.87689e-10 1.04544e-05 1.97183e-10 0.510066 0.0376553 0.000178385 5.18858e-07 5.90633e-06 3.83207e-10 0.0420298 2.75787e-10 3.49707e-05 0.00187395 0.0516746 0.00430772 0.0257421 8.88951e-06 0.0308886 3.4656e-10 0.0867547 0.201408 
0.000724246 1.21277e-09 2.6901e-06 1.06146e-09 1.30599e-09 5.37358e-07 4.09287e-08 6.43194e-10 0.022305 1.95187e-07 2.36636e-07 0.000194737 0.000220821 1.24998e-09 0.000719305 8.99589e-10 0.0027511 5.22228e-07 0.972611 7.96236e-07 0.00025349 0.000213042 4.99767e-07 1.13044e-09 1.38482e-06 9.6202e-10 
0.000801901 1.17176e-10 0.000546556 1.02557e-10 9.17789e-07 1.85319e-07 6.81833e-05 6.21444e-11 0.0131659 0.114954 5.81644e-08 0.00804344 0.179437 8.86474e-08 0.102135 1.80486e-07 4.10393e-08 0.0193952 0.00839511 1.04402e-07 0.138977 0.00255611 0.405115 2.51208e-07 0.00640825 9.2949e-11 
0.235564 0.00359135 0.0294695 2.68397e-09 3.3023e-09 6.3405e-06 2.11858e-06 1.62636e-09 0.0111621 0.00518878 0.000229414 7.72907e-07 3.3131e-07 3.16067e-09 0.159552 4.10556e-06 3.72964e-05 0.00785546 0.159122 9.78065e-07 2.11851e-05 9.25898e-06 0.0585461 4.11002e-05 0.329065 0.000531839 
0.0656454 0.0102899 0.0144656 0.0059681 4.03669e-05 0.0005685 0.0817528 1.19343e-06 0.492344 0.0132104 0.0155288 0.00800856 0.020567 1.13954e-05 0.040774 0.0284864 0.000310749 0.0136611 0.0976771 0.00072579 0.00213559 0.00344747 0.0723866 0.00138926 0.007288 0.00331594 
0.0185416 1.43314e-06 0.000828158 5.63809e-12 4.31434e-06 1.05441e-08 1.00032e-08 3.41642e-12 0.000564286 0.027774 0.000553738 0.000276586 0.000661949 7.53538e-05 0.0168489 5.58783e-05 2.8228e-09 0.000943608 0.0134897 0.00379176 0.0201179 0.00818892 0.883434 3.2135e-09 0.00384777 2.06292e-08 
0.105744 0.0252912 2.16305e-05 6.88037e-05 0.00139501 0.000118124 4.25946e-05 4.26561e-08 0.00872951 0.505988 0.000105308 0.00140578 0.00374642 0.000108102 0.000402797 0.000123464 0.00146809 0.0763642 0.0415606 0.0064779 0.0134444 0.0120979 0.0180302 0.000391567 0.00800066 0.168873 
0.0296638 0.0127248 3.54155e-06 4.36782e-09 1.28358e-07 2.49504e-06 5.44403e-06 2.6467e-09 0.257039 0.0200114 0.00953098 0.0647849 0.0128852 5.1436e-09 2.08409e-06 0.00789577 0.000330284 0.0205998 0.217722 4.53705e-05 0.0151307 0.045245 0.216627 1.82072e-07 0.0697506 3.95864e-09 
0.000724246 1.21277e-09 2.6901e-06 1.06146e-09 1.30599e-09 5.37358e-07 4.09287e-08 6.43194e-10 0.022305 1.95187e-07 2.36636e-07 0.000194737 0.000220821 1.24998e-09 0.000719305 8.99589e-10 0.0027511 5.22228e-07 0.972611 7.96236e-07 0.00025349 0.000213042 4.99767e-07 1.13044e-09 1.38482e-06 9.6202e-10 
0.00207327 0.0443545 0.161982 3.54961e-05 0.000115476 0.000372789 3.81585e-05 1.20628e-06 0.150176 0.0309403 0.00313828 0.00150948 0.000746791 0.00184076 0.13475 0.000552616 7.19318e-06 0.0460004 0.0327977 1.80163e-05 0.0106078 0.0038577 0.207302 3.51101e-06 0.166164 0.000614108 
0.000816722 2.09943e-07 0.102865 1.8375e-07 3.97723e-05 0.000824164 0.037376 1.11344e-07 0.000560841 0.000126272 0.000265411 0.000852854 0.000255696 0.000702445 0.770462 1.55729e-07 0.002161 0.000200138 0.0143062 0.00533405 0.0141594 0.00136528 3.09075e-05 1.73109e-05 0.0471359 0.000142177 
0.000823078 4.9722e-09 0.00192049 4.35185e-09 0.000128456 0.000105745 0.00915067 2.63702e-09 0.105976 0.158674 1.02338e-05 0.00262993 0.00496326 4.30221e-07 0.00728031 0.00236503 6.63258e-07 0.0398456 0.0118914 0.003852 0.292878 0.000848756 0.0318172 7.27671e-06 0.318541 0.00629019 
0.0197665 1.62561e-07 8.55654e-06 0.0897036 5.48248e-06 1.72491e-08 4.56316e-05 5.78749e-09 0.330348 0.0617404 7.29866e-05 2.60192e-05 7.16035e-06 1.12474e-08 1.78137e-05 1.93559e-05 0.000285457 0.0102277 0.363726 1.46707e-05 0.00202626 0.0146244 0.103578 2.9288e-07 0.00374693 7.82775e-06 
0.00483818 1.00321e-05 0.0216793 1.80088e-05 7.76131e-05 0.00778524 0.000261738 6.16017e-06 0.440706 0.0140039 0.00143037 0.297481 4.63905e-05 8.3885e-06 0.0461369 0.00585588 1.71107e-05 0.00887572 0.00177439 0.0264217 0.0104652 0.00356449 0.0135017 1.40012e-05 0.0778262 0.0171947 
0.000724246 1.21277e-09 2.6901e-06 1.06146e-09 1.30599e-09 5.37358e-07 4.09287e-08 6.43194e-10 0.022305 1.95187e-07 2.36636e-07 0.000194737 0.000220821 1.24998e-09 0.000719305 8.99589e-10 0.0027511 5.22228e-07 0.972611 7.96236e-07 0.00025349 0.000213042 4.99767e-07 1.13044e-09 1.38482e-06 9.6202e-10 
0.0021932 0.0012796 0.0110373 1.66771e-07 6.91426e-09 1.0149e-08 0.0350712 3.40523e-09 0.903812 0.00487652 8.31209e-06 0.0010041 0.000454247 6.61773e-09 0.000196346 0.00158852 3.57204e-05 0.00899917 0.0195183 0.000540558 6.52052e-07 0.00179309 0.00100297 1.33135e-06 0.00625559 0.000330996 
0.00676276 0.0279942 0.00725794 1.3304e-10 0.00155468 0.00091731 0.00281795 8.06162e-11 0.0659482 0.00439996 8.0417e-05 0.000200884 0.00303853 6.35375e-08 0.483626 6.90931e-09 1.96528e-08 0.0115786 0.0107982 5.4965e-08 0.0096411 0.00125954 0.0625832 1.41687e-10 0.297132 0.00240867 
0.298586 0.000185298 0.0867142 6.31765e-06 4.54217e-08 8.8624e-07 0.0163862 8.49315e-10 0.182471 0.00757329 0.0188595 0.0134992 0.00761638 1.65056e-09 0.00429262 0.000800256 8.53915e-05 0.00709059 0.0665395 0.0277724 0.0349145 0.0203202 0.0906034 7.9993e-07 0.115681 4.26969e-07 
0.000314517 0.00380272 0.00197302 1.15622e-07 9.02496e-10 3.21738e-06 0.000274483 4.44474e-10 0.830921 0.00333837 0.000152379 0.0678114 0.00122832 9.66389e-07 0.000693434 5.57786e-05 0.000372889 8.21701e-06 0.0451054 0.000479135 1.46761e-07 3.64386e-07 0.00592106 4.09813e-05 0.0375011 7.50646e-07 
0.0021345 0.00818066 0.013269 0.00016927 0.000565772 1.12767e-05 0.00470917 3.78843e-10 0.340914 0.0743145 0.00130015 0.173751 0.0491889 3.67512e-07 0.0240874 0.00340716 7.74226e-05 0.0949932 0.0191532 0.0196696 0.0195954 0.0108405 0.0419546 5.259e-07 0.0973263 0.000385638 
0.0095155 2.27154e-06 0.016166 6.82991e-06 6.35074e-05 0.0147723 2.24573e-06 8.74023e-09 0.762358 0.00780184 6.56196e-07 3.00321e-06 0.054443 1.69858e-08 1.51779e-06 2.67182e-05 1.10245e-05 0.082644 1.54961e-06 1.22532e-08 4.50641e-06 0.000410539 0.00953256 7.59953e-07 0.0422252 6.76287e-06 
0.00239083 0.000423616 0.00314949 2.57942e-06 8.52494e-06 5.81085e-06 0.000418551 1.66153e-10 0.328163 0.0353251 0.0130235 0.0141932 0.0361515 3.22903e-10 0.00147224 0.000166882 0.000280633 0.00677643 0.286642 0.0249947 0.00650975 0.0125701 0.209664 9.03958e-08 0.0176608 7.59368e-06 
0.000724246 1.21277e-09 2.6901e-06 1.06146e-09 1.30599e-09 5.37358e-07 4.09287e-08 6.43194e-10 0.022305 1.95187e-07 2.36636e-07 0.000194737 0.000220821 1.24998e-09 0.000719305 8.99589e-10 0.0027511 5.22228e-07 0.972611 7.96236e-07 0.00025349 0.000213042 4.99767e-07 1.13044e-09 1.38482e-06 9.6202e-10 
0.0016076 2.60811e-06 0.132679 2.00478e-06 2.68557e-07 2.80891e-06 0.000127049 1.32263e-07 0.0124628 0.0900808 7.49861e-06 0.0272378 0.0181043 9.96927e-07 0.019384 1.03763e-05 1.88856e-05 0.355474 0.00268005 0.0280538 0.147392 0.000774103 0.153751 4.39932e-07 0.00997846 0.000166635 
0.00519274 1.42131e-07 0.0246374 5.53534e-10 1.36868e-06 0.000181599 0.000237434 3.35416e-10 0.457352 0.175427 0.0582028 0.0144172 0.00311233 8.81445e-06 0.0014462 0.00191719 2.57718e-07 0.00660684 0.109125 0.000177355 4.17934e-06 0.00103428 0.0410904 5.8951e-10 0.0998275 5.01679e-10 
0.206365 6.28956e-10 0.00147391 5.50484e-10 6.14252e-05 3.31838e-07 0.00318464 3.33568e-10 0.0827753 0.0225256 0.00455221 0.451259 0.00294022 1.90929e-07 0.0929208 3.29126e-07 1.82339e-08 0.00344878 0.000416572 0.000626617 0.0192952 0.00184325 0.0403498 3.06014e-08 0.0609279 0.005033 
0.0069464 0.0161543 0.0317295 6.24947e-08 9.76118e-05 8.41179e-06 0.00161948 3.78689e-08 0.629614 0.0261964 3.84985e-05 0.057932 2.96505e-06 1.06252e-05 0.0156449 5.29645e-08 8.67593e-05 0.0139602 0.0140969 0.00721444 0.0052826 0.0169208 0.0772904 0.00731177 0.0701606 0.00168028 
0.00271532 0.0608643 0.00179697 3.70409e-10 1.00167e-07 2.42333e-07 1.53702e-05 2.2445e-10 0.181103 0.370271 0.000137022 0.00384003 0.00296464 7.49018e-09 0.0184603 0.00217729 0.0289061 0.015708 0.0435417 6.88782e-08 0.0138311 0.00175999 0.236084 1.46914e-05 0.0134808 0.00232761 
0.00950689 1.39078e-06 0.034014 6.0245e-06 6.21233e-05 0.0147478 1.60635e-06 5.2107e-09 0.746578 0.00779807 4.69538e-07 2.14947e-06 0.0584425 1.01265e-08 0.000205731 2.61194e-05 1.08266e-05 0.0826255 1.10917e-06 8.30033e-09 0.00194704 0.000409243 0.00952869 0.000124588 0.0324958 0.00146425 
0.0229985 5.40855e-05 3.93278e-05 7.52334e-07 0.000708306 1.35871e-06 6.35395e-07 4.55879e-07 0.428177 0.0151561 9.75855e-07 0.0250286 0.00847365 0.00229902 0.00438576 9.29629e-05 9.29929e-06 0.000212136 0.00347216 0.00216757 0.101512 2.91815e-05 0.0582855 1.14871e-05 0.326874 8.57752e-06 
0.000724246 1.21277e-09 2.6901e-06 1.06146e-09 1.30599e-09 5.37358e-07 4.09287e-08 6.43194e-10 0.022305 1.95187e-07 2.36636e-07 0.000194737 0.000220821 1.24998e-09 0.000719305 8.99589e-10 0.0027511 5.22228e-07 0.972611 7.96236e-07 0.00025349 0.000213042 4.99767e-07 1.13044e-09 1.38482e-06 9.6202e-10 
0.545882 2.99434e-07 0.000567875 2.62075e-07 3.22451e-07 4.73306e-07 2.2134e-07 1.58805e-07 0.00109552 0.00139372 7.1569e-05 9.35918e-05 5.10832e-05 3.08623e-07 0.0100828 0.00114025 2.6859e-06 0.000528624 0.00668465 1.99138e-06 0.00247329 0.220633 0.0797023 2.79108e-07 0.0801228 0.04947 
0.564082 2.351e-05 0.00437322 0.00246478 0.000703766 2.99143e-07 1.39893e-07 1.0037e-07 0.0407184 0.0395785 1.40993e-05 0.000821797 0.000164933 1.95059e-07 0.00465599 0.000695811 1.27214e-05 0.100553 2.57735e-06 0.00370415 0.127433 0.00242393 0.0858623 6.21103e-06 0.021677 2.6723e-05 
0.164268 0.000459851 0.000323913 0.00149476 0.014754 1.47534e-05 0.000227343 8.80495e-06 0.00766608 0.175741 0.00107693 0.0164118 0.000214419 0.0120517 0.00201901 0.0415738 0.000166249 0.0723523 0.434511 0.00419819 0.00533879 0.0164549 0.0238446 9.24959e-05 0.00395531 0.000780087 
1.08804e-05 2.73816e-08 0.00196124 5.39888e-07 6.53595e-06 0.000169156 9.49735e-06 1.45219e-08 0.806108 0.0236014 2.77868e-06 0.00328131 0.13639 2.82219e-08 6.43518e-06 5.92312e-06 1.73968e-06 0.017734 6.56943e-06 4.18118e-08 1.91128e-05 9.09698e-06 1.9716e-06 0.0106348 1.00943e-05 2.86616e-05 
0.0678101 2.22784e-06 0.001167 1.21758e-07 2.87089e-07 6.62025e-05 2.48622e-06 1.45251e-09 0.0506279 5.29076e-06 5.59815e-06 0.318104 0.0012026 3.08454e-06 0.0745896 0.000572441 2.79356e-07 0.010642 0.016332 0.0171871 0.336102 0.0112075 0.0156808 4.13862e-08 0.075333 0.00335594 
0.00277321 3.31298e-07 7.7038e-05 2.89964e-07 3.56765e-07 0.000121641 2.44893e-07 1.75704e-07 0.283692 4.66389e-05 9.21294e-06 0.000270704 5.93728e-05 3.41465e-07 4.14293e-05 0.644895 3.84508e-06 0.0305012 0.00059738 0.000182806 0.000130706 0.0284925 0.0031966 3.08809e-07 0.00486795 3.85699e-05 
0.0254823 0.0105882 0.00488859 1.41929e-07 0.000239464 0.000377964 5.82406e-05 8.60022e-08 0.112467 0.0719132 0.00322276 0.61212 0.000145121 0.0111193 0.00722295 0.00021059 5.87194e-06 0.0877852 0.0156316 0.0337868 0.000127523 0.000390735 0.000616295 1.51153e-07 0.00159965 1.28633e-07 
0.00348808 0.0532147 0.00375982 2.13982e-09 1.45139e-06 2.69939e-05 1.03605e-06 1.29663e-09 0.00179064 0.00314132 2.18617e-07 0.000458581 0.00046002 1.31767e-08 0.0312626 1.8135e-09 1.53436e-06 0.726339 0.0176252 0.0412722 0.0166692 0.0186568 0.0104925 2.27889e-09 0.0713367 1.07522e-06 
0.000724246 1.21277e-09 2.6901e-06 1.06146e-09 1.30599e-09 5.37358e-07 4.09287e-08 6.43194e-10 0.022305 1.95187e-07 2.36636e-07 0.000194737 0.000220821 1.24998e-09 0.000719305 8.99589e-10 0.0027511 5.22228e-07 0.972611 7.96236e-07 0.00025349 0.000213042 4.99767e-07 1.13044e-09 1.38482e-06 9.6202e-10 
1.08804e-05 2.73816e-08 0.00196124 5.39888e-07 6.53595e-06 0.000169156 9.49735e-06 1.45219e-08 0.806108 0.0236014 2.77868e-06 0.00328131 0.13639 2.82219e-08 6.43518e-06 5.92312e-06 1.73968e-06 0.017734 6.56943e-06 4.18118e-08 1.91128e-05 9.09698e-06 1.9716e-06 0.0106348 1.00943e-05 2.86616e-05 
0.00400923 7.02485e-07 0.248273 3.63972e-06 4.85324e-07 4.44317e-07 0.000314264 2.39019e-07 0.0126289 0.106493 0.00162765 0.0021082 0.0307868 0.000530938 0.0248313 2.9506e-05 1.70258e-05 0.30896 0.00901067 0.0507284 0.0265688 0.00123475 0.151892 2.46022e-07 0.0199456 4.31241e-06 
0.0344629 9.3387e-07 0.000375236 1.02344e-05 0.000235243 0.00308824 0.00104656 4.9528e-07 0.00172445 0.0927985 5.07757e-05 0.00543074 0.00401776 3.6892e-05 0.000121753 0.000194461 3.18452e-05 0.745504 0.00338479 0.00027303 0.0237155 0.00243142 0.00237603 5.85372e-05 0.078106 0.000523496 
0.00011001 0.0954336 0.000531276 8.50365e-06 7.30539e-07 9.20328e-05 2.5219e-05 3.59785e-07 0.253861 0.00871798 2.70757e-06 0.00350019 4.11521e-05 0.00657069 0.00775345 3.93844e-05 0.000608707 9.97407e-06 0.462161 1.74614e-05 0.139834 0.000826781 2.40007e-05 9.05632e-06 0.0198208 5.38128e-07 
0.00228676 3.77038e-11 0.396721 3.29997e-11 4.06021e-11 1.7927e-08 2.38123e-07 1.99963e-11 0.0656463 0.00252218 0.000108596 0.00758914 4.74258e-07 6.99424e-08 0.142735 9.11234e-05 6.0769e-06 0.000484685 0.0614761 0.023811 0.0139771 0.00163723 0.134419 3.51444e-11 0.146487 1.75999e-07 
0.000724246 1.21277e-09 2.6901e-06 1.06146e-09 1.30599e-09 5.37358e-07 4.09287e-08 6.43194e-10 0.022305 1.95187e-07 2.36636e-07 0.000194737 0.000220821 1.24998e-09 0.000719305 8.99589e-10 0.0027511 5.22228e-07 0.972611 7.96236e-07 0.00025349 0.000213042 4.99767e-07 1.13044e-09 1.38482e-06 9.6202e-10 
0.0101044 0.00590272 0.000762886 2.55096e-07 8.27459e-07 5.54302e-09 0.221882 1.85981e-09 0.34488 0.0645912 0.000225868 0.000618696 0.0802551 0.06928 0.00632207 0.000734649 0.000360172 0.141505 0.0216124 2.42265e-05 0.00158383 5.26431e-07 0.0150226 2.63227e-06 0.0143277 2.78171e-09 
0.425365 3.60412e-05 0.00287929 6.09434e-10 7.49834e-10 1.10063e-09 0.000705219 3.69288e-10 0.0106242 0.00188946 0.000859419 6.52554e-07 0.00424564 0.00350808 0.486553 7.60824e-08 2.02556e-05 0.00377188 0.000273678 3.73559e-05 0.00196497 4.22792e-09 0.00790975 6.49043e-10 0.0190893 0.0302672 
0.000724246 1.21277e-09 2.6901e-06 1.06146e-09 1.30599e-09 5.37358e-07 4.09287e-08 6.43194e-10 0.022305 1.95187e-07 2.36636e-07 0.000194737 0.000220821 1.24998e-09 0.000719305 8.99589e-10 0.0027511 5.22228e-07 0.972611 7.96236e-07 0.00025349 0.000213042 4.99767e-07 1.13044e-09 1.38482e-06 9.6202e-10 
0.206365 6.28956e-10 0.00147391 5.50484e-10 6.14252e-05 3.31838e-07 0.00318464 3.33568e-10 0.0827753 0.0225256 0.00455221 0.451259 0.00294022 1.90929e-07 0.0929208 3.29126e-07 1.82339e-08 0.00344878 0.000416572 0.000626617 0.0192952 0.00184325 0.0403498 3.06014e-08 0.0609279 0.005033 
0.0656454 0.0102899 0.0144656 0.0059681 4.03669e-05 0.0005685 0.0817528 1.19343e-06 0.492344 0.0132104 0.0155288 0.00800856 0.020567 1.13954e-05 0.040774 0.0284864 0.000310749 0.0136611 0.0976771 0.00072579 0.00213559 0.00344747 0.0723866 0.00138926 0.007288 0.00331594 
0.000618624 8.38286e-08 0.000488501 2.94213e-05 0.000370207 0.971621 0.000539162 4.44586e-08 0.00537375 0.000630288 0.00015787 0.00072358 0.0125202 8.6401e-08 0.000365891 0.00033584 9.86512e-05 0.00165213 0.000373501 2.02581e-06 0.00108693 0.000517124 0.000112072 0.000179796 0.000574118 0.00162923 
7.80762e-06 0.103287 0.00196015 2.51059e-07 1.57598e-06 1.01418e-09 0.0332352 3.4028e-10 0.469182 0.0500451 1.5503e-07 6.26939e-07 0.0121294 1.00019e-06 0.0250292 1.9925e-06 1.07041e-07 0.0113688 0.0345268 0.0063468 0.0871429 0.00339956 0.0449355 5.9806e-10 0.117395 2.63376e-06 
0.050088 0.185795 0.00227275 0.000170936 0.000128136 9.15977e-06 1.8818e-05 3.23339e-06 0.0384807 0.513643 0.00670876 0.0401445 0.0148909 0.00218302 0.0444501 0.00433433 0.00110397 0.00417147 0.0356653 0.000559846 0.000178598 0.0256217 0.01782 0.000333762 0.0109946 0.00022998 
0.0185416 1.43314e-06 0.000828158 5.63809e-12 4.31434e-06 1.05441e-08 1.00032e-08 3.41642e-12 0.000564286 0.027774 0.000553738 0.000276586 0.000661949 7.53538e-05 0.0168489 5.58783e-05 2.8228e-09 0.000943608 0.0134897 0.00379176 0.0201179 0.00818892 0.883434 3.2135e-09 0.00384777 2.06292e-08 
2.38792e-07 3.47658e-11 3.99508e-07 9.74011e-08 3.74382e-11 8.90296e-07 1.43938e-07 1.84381e-11 0.000619051 0.327469 2.19798e-08 0.0180393 9.0386e-08 9.24518e-07 0.0116394 2.84444e-06 2.33821e-08 0.00702454 0.206669 7.4367e-07 0.113286 3.87359e-07 0.312091 3.24059e-11 0.00315588 3.0363e-08 
0.0441685 0.000516113 0.000980811 1.09628e-05 0.000440617 0.000448918 6.23166e-05 1.28338e-06 0.000685254 0.263224 0.000222602 0.0157348 7.69142e-05 3.83152e-05 0.0123784 0.00174417 4.79589e-05 0.301179 0.0544571 0.0594621 0.0725671 0.0245234 0.10168 1.76778e-06 0.0452328 0.000115509 
0.00203612 0.000284913 0.000896731 1.60932e-06 4.2573e-08 2.20513e-06 0.00492815 2.09669e-08 0.870542 1.70235e-06 9.30107e-07 0.000578062 4.93513e-06 4.07472e-08 0.00332356 6.05729e-07 6.05553e-05 3.05447e-05 0.0046551 0.000651461 5.5791e-05 1.73807e-07 0.00413105 1.97871e-06 0.107808 2.87632e-06 
0.0161624 0.039136 0.022227 0.0205052 0.0239546 0.00131304 0.0103044 8.50612e-06 0.215613 0.0599058 0.0652447 0.0238543 0.030662 0.0010506 0.00413024 0.00873774 0.000451712 0.0125408 0.0303575 0.0157267 0.0015849 0.00977022 0.0464234 3.17371e-05 0.324829 0.0154738 
0.00153149 0.127973 0.00168903 8.8757e-06 3.54941e-06 2.09595e-05 0.000400465 2.95813e-06 0.0124608 0.00108707 5.23887e-05 0.0574313 0.200831 0.00056954 0.0423312 0.000359753 5.44279e-05 0.255369 0.00985237 0.0252674 0.000821872 0.000345207 0.259774 3.07231e-06 0.00160147 0.000157725 
0.00504338 1.67728e-05 0.000136396 0.000273126 5.04438e-07 7.40432e-07 0.000104525 2.48432e-07 0.0162655 0.0279514 0.00036791 0.00334235 0.817101 2.67377e-05 0.00101636 0.000970401 3.69778e-05 0.0224892 0.00855348 0.000880239 0.044567 0.000279636 0.0492867 4.36632e-07 0.00127282 1.59737e-05 
0.00135497 0.0137614 0.000176094 2.26898e-08 0.000123965 0.000196545 0.000121757 1.3749e-08 0.76512 3.08326e-06 0.00168731 1.79966e-06 0.0553614 2.67198e-08 1.22021e-06 5.04601e-06 9.11145e-05 0.0187027 0.00025101 0.00022511 0.00130054 1.7465e-06 0.00560392 1.04041e-05 0.135899 2.05642e-08 
0.00277386 1.04119e-11 0.00151691 1.46536e-06 0.000188569 0.0867472 0.000582674 5.52197e-12 0.24255 0.00602799 0.000280416 0.00234574 0.607566 1.07314e-11 0.00171788 0.000225291 6.86286e-05 0.0218953 0.00154949 2.54131e-08 0.00905878 0.00165718 0.000335481 5.13847e-05 0.00790098 0.00495796 
0.210056 2.44637e-07 0.000707745 5.90483e-09 4.09479e-06 0.000347599 4.98702e-09 3.57805e-09 0.000264758 9.13204e-06 1.3871e-06 1.51659e-05 1.78453e-06 6.95359e-09 0.343435 0.0197484 2.6409e-08 4.38789e-05 7.05624e-07 1.05322e-06 0.190748 0.177224 0.0470923 1.1716e-07 0.00965136 0.00064779 
0.0397557 0.00413398 0.0158621 1.00831e-06 7.36287e-05 7.53082e-05 6.91383e-05 2.89729e-10 0.0256404 0.0460759 0.00252385 0.621928 0.0372417 3.87822e-06 0.0136781 0.00291647 0.000127448 0.0510835 0.0306145 0.00361026 0.00790635 0.00336146 0.0776858 1.24376e-06 0.0156303 4.96751e-07 
5.99527e-07 3.03798e-05 0.00139769 1.84448e-08 2.26941e-08 3.33113e-08 0.00249871 1.11767e-08 0.695643 0.00494703 0.000344807 0.0476631 0.00693896 2.17209e-08 0.00554902 0.000650472 3.49256e-06 0.0134918 0.052943 2.35028e-06 0.000445396 0.00036887 0.0643845 9.47448e-07 0.102695 1.67169e-08 
0.0047643 2.21226e-09 2.69562e-05 7.67009e-12 1.49571e-08 1.38521e-11 6.4779e-12 4.64772e-12 0.0026783 0.162531 3.16139e-06 0.000676689 1.08023e-07 9.03239e-12 0.00847741 0.0015723 3.24181e-05 0.0213744 0.436865 0.000616493 0.0103038 0.0116393 0.336936 0.000100611 0.00131794 8.37652e-05 
0.206365 6.28956e-10 0.00147391 5.50484e-10 6.14252e-05 3.31838e-07 0.00318464 3.33568e-10 0.0827753 0.0225256 0.00455221 0.451259 0.00294022 1.90929e-07 0.0929208 3.29126e-07 1.82339e-08 0.00344878 0.000416572 0.000626617 0.0192952 0.00184325 0.0403498 3.06014e-08 0.0609279 0.005033 
0.0436709 7.75876e-08 0.135198 1.79286e-05 4.8111e-06 2.42564e-05 1.32439e-05 4.11487e-08 0.396832 0.0332461 2.50238e-05 1.09143e-05 0.00159646 7.99686e-08 0.0482123 0.00602895 5.70673e-06 0.0501589 0.00746341 2.89424e-05 0.00444961 0.0738221 0.085351 1.68955e-06 0.0989708 0.0148671 
0.0438638 0.00117119 0.000239773 1.27142e-09 0.000598435 0.22516 0.000271107 7.70422e-10 0.331843 0.0702473 7.92108e-05 0.107751 1.12253e-06 4.18311e-08 0.0101277 0.00176081 1.18613e-07 0.0020569 0.0213347 0.0166805 0.0129842 0.0345977 0.072759 5.68765e-07 0.0396261 0.00684566 
0.00216212 0.00126666 0.244398 2.1034e-05 1.15116e-07 1.42509e-06 1.64358e-05 5.66939e-08 0.416033 0.00667867 0.101232 0.00872822 0.00319599 0.000601891 0.0288593 0.000754357 3.1905e-05 0.00356837 0.0333996 0.00499699 0.00161193 0.000680641 0.0443144 9.96424e-08 0.0965688 0.000877739 
0.000724246 1.21277e-09 2.6901e-06 1.06146e-09 1.30599e-09 5.37358e-07 4.09287e-08 6.43194e-10 0.022305 1.95187e-07 2.36636e-07 0.000194737 0.000220821 1.24998e-09 0.000719305 8.99589e-10 0.0027511 5.22228e-07 0.972611 7.96236e-07 0.00025349 0.000213042 4.99767e-07 1.13044e-09 1.38482e-06 9.6202e-10 
0.000933695 2.49329e-06 4.76162e-07 5.55256e-11 6.83175e-11 1.00279e-10 2.15764e-07 3.36459e-11 0.296229 0.00851478 0.511873 1.75815e-06 8.92492e-07 6.53876e-11 8.57135e-08 3.30823e-06 1.96317e-05 0.00215844 0.0723608 5.01071e-08 0.000706295 3.29166e-07 1.41825e-07 1.18328e-07 0.107193 4.37868e-07 
0.00705249 1.02328e-05 0.00920527 2.35402e-06 3.16142e-07 1.14013e-10 0.000946455 3.8254e-11 0.0829119 0.0366195 0.0426289 0.0487237 0.000443928 1.13641e-06 0.01224 0.000560508 0.00085836 0.0029179 0.114923 0.0106538 0.00799121 0.0178328 0.581531 1.64003e-08 0.0218733 7.16449e-05 
6.40779e-05 6.01639e-10 0.0119103 5.26575e-10 4.76326e-08 9.93989e-05 0.00026943 3.1908e-10 0.874769 0.000483882 0.000328148 0.0101349 6.35783e-07 2.22309e-08 0.0524845 2.17144e-07 2.88988e-08 9.49247e-05 5.90474e-08 6.77258e-08 0.00126266 5.83381e-06 0.00207302 8.33003e-07 0.0448018 0.00121662 
0.0584866 2.97894e-05 3.38693e-05 0.0168468 2.0452e-05 0.00084984 8.95303e-05 1.31318e-05 0.487535 0.00742184 0.000222197 0.00195606 0.00057332 0.000709597 0.0113979 9.15446e-05 0.000251825 0.00110436 0.2244 0.000982203 0.0196882 0.0477735 0.0189707 0.0263669 0.0740994 8.52478e-05 
0.00503716 8.88215e-06 0.0148699 3.6449e-06 2.52231e-10 3.70234e-10 0.000521491 1.24222e-10 0.0367971 0.0142028 0.000304444 5.8522e-06 0.0217952 7.22806e-07 0.107038 7.30587e-07 3.52768e-07 0.000193412 0.0119402 0.0134024 0.0169109 0.00660155 0.663782 2.18327e-10 0.0731672 0.0134161 
4.16844e-06 5.64857e-10 0.0750528 1.98248e-07 2.49454e-06 6.48219e-05 3.633e-06 2.99573e-10 0.898032 4.24703e-06 1.06376e-06 4.87566e-06 8.43644e-05 5.82191e-10 0.0110971 2.26297e-06 6.64735e-07 1.11324e-05 0.0156063 1.36504e-08 7.32402e-06 3.48451e-06 7.55166e-07 1.21151e-06 3.86854e-06 1.09781e-05 
0.0200722 0.00183568 0.046096 8.2112e-05 0.00631605 3.12141e-06 0.00321381 1.34009e-06 0.542915 0.0124082 0.0019081 0.0129027 0.0213227 0.00225562 0.0343626 0.00599329 4.39861e-06 0.0205802 0.055637 0.0227509 0.013865 0.0036288 0.0430242 2.85144e-05 0.127537 0.00125594 
6.94028e-07 0.148696 0.00503695 1.3103e-08 1.61216e-08 1.32906e-05 0.000726668 7.93979e-09 0.691398 0.0143586 0.000172408 0.0125848 0.00428173 1.53447e-05 0.0145281 0.0012539 6.11096e-06 0.0200266 0.0151397 7.56469e-05 0.022253 0.00238256 0.0395513 2.00886e-06 0.00685703 0.000639749 
0.000724246 1.21277e-09 2.6901e-06 1.06146e-09 1.30599e-09 5.37358e-07 4.09287e-08 6.43194e-10 0.022305 1.95187e-07 2.36636e-07 0.000194737 0.000220821 1.24998e-09 0.000719305 8.99589e-10 0.0027511 5.22228e-07 0.972611 7.96236e-07 0.00025349 0.000213042 4.99767e-07 1.13044e-09 1.38482e-06 9.6202e-10 
0.0147707 0.222941 0.00365943 0.00888508 4.98417e-05 9.45413e-05 8.16153e-05 3.93053e-06 0.178244 0.0139658 0.00868975 0.00160464 0.000787579 0.00231081 0.00789453 0.0146011 0.00105806 0.00844029 0.315326 0.00342039 0.00917866 0.00719707 0.0537025 0.0888924 0.0339763 0.000223804 
0.000724246 1.21277e-09 2.6901e-06 1.06146e-09 1.30599e-09 5.37358e-07 4.09287e-08 6.43194e-10 0.022305 1.95187e-07 2.36636e-07 0.000194737 0.000220821 1.24998e-09 0.000719305 8.99589e-10 0.0027511 5.22228e-07 0.972611 7.96236e-07 0.00025349 0.000213042 4.99767e-07 1.13044e-09 1.38482e-06 9.6202e-10 
0.0151191 0.000360923 0.000797194 1.80364e-07 3.74889e-06 2.94509e-06 1.49316e-05 6.71096e-08 0.896719 0.0083304 2.97694e-06 0.000467788 5.90243e-07 1.74223e-06 0.00693413 0.011648 0.000125735 0.00579065 0.0359357 0.000461761 1.04501e-06 0.00287883 0.00865161 0.003468 0.00228298 1.99398e-07 
0.0042969 1.04459e-08 0.00292485 2.8773e-06 0.098884 7.54871e-06 0.00114807 5.54001e-09 0.664082 0.0239565 0.0179705 0.00154727 0.0930187 0.000104179 0.0113155 0.000520408 4.1592e-06 0.0342448 0.00266968 0.000475592 0.00741487 0.00151613 0.00206536 7.60244e-08 0.025262 0.00656783 
6.05539e-05 0.00223156 0.0050457 2.21366e-05 8.90892e-05 7.83493e-08 3.50397e-05 2.6288e-08 0.722914 0.0767436 5.6484e-06 0.00118856 0.0265204 5.10882e-08 3.33327e-05 8.42949e-05 4.57672e-05 0.0176395 0.00120524 1.15866e-05 0.0026508 2.69686e-05 0.104199 4.62025e-08 0.039246 3.93188e-08 
0.0648695 1.04122e-10 1.21129e-07 4.23251e-07 1.12125e-10 1.64582e-10 6.40326e-07 5.5221e-11 0.0048293 0.0734653 2.28756e-09 1.15419e-07 0.028782 1.60281e-07 0.0201954 0.00358723 1.23121e-09 0.0182842 6.75141e-05 0.00165113 0.209331 0.194734 0.377557 1.2893e-07 0.00264528 2.96852e-07 
0.00121338 0.000145776 0.296683 7.33945e-06 1.26168e-07 1.85194e-07 8.66053e-08 6.2137e-08 0.144098 0.00766537 0.00129095 0.276114 0.0022065 1.20757e-07 0.00108993 0.0897734 4.15237e-06 0.00885617 0.0168068 3.97221e-05 0.0381149 0.00131293 0.025228 1.09209e-07 0.08933 1.98906e-05 
0.00698014 0.0161166 1.01666e-06 4.48591e-11 3.97449e-07 8.10152e-11 1.74315e-07 2.71825e-11 0.684069 0.0326671 0.0138455 0.00483079 1.21871e-06 2.85315e-07 0.0134341 3.80182e-11 9.73118e-05 0.00102504 0.0536367 1.03504e-06 0.012602 5.98026e-07 0.036746 9.55968e-08 0.123928 1.69173e-05 
0.000846152 2.87916e-06 0.000143441 4.07017e-06 1.59391e-05 2.40034e-05 0.470958 1.03191e-07 0.0421773 0.10351 0.0030122 0.0149044 0.233896 9.6323e-05 0.00260294 0.000329333 5.92452e-05 0.068697 0.0174713 0.00847695 0.000419177 0.00177222 0.0206025 3.36152e-06 0.00953405 0.000441056 
0.00407873 1.52921e-08 2.65283e-08 3.71677e-12 1.00653e-08 6.71247e-12 9.73421e-09 2.25219e-12 0.000743274 0.184696 2.87606e-07 0.000512264 0.00418952 3.54574e-08 1.19553e-05 2.0793e-08 5.03393e-05 0.000539368 0.125048 0.00272551 0.00100031 8.41719e-08 0.670012 3.95834e-12 0.00639125 9.19657e-08 
0.386998 9.84977e-11 0.00532622 2.46694e-06 1.60278e-07 2.70906e-06 7.28089e-11 5.22384e-11 0.00371184 0.0256099 8.89667e-08 2.18681e-07 0.0178348 8.42132e-06 0.179726 3.40664e-05 2.06458e-07 0.162883 0.00219897 0.00125652 0.0254684 0.00593458 0.0792942 1.29529e-05 0.103696 1.95227e-07 
0.000724246 1.21277e-09 2.6901e-06 1.06146e-09 1.30599e-09 5.37358e-07 4.09287e-08 6.43194e-10 0.022305 1.95187e-07 2.36636e-07 0.000194737 0.000220821 1.24998e-09 0.000719305 8.99589e-10 0.0027511 5.22228e-07 0.972611 7.96236e-07 0.00025349 0.000213042 4.99767e-07 1.13044e-09 1.38482e-06 9.6202e-10 
0.00181126 4.25022e-07 0.57162 3.71994e-07 1.38651e-05 1.17281e-05 3.14173e-07 2.25411e-07 0.000128155 0.00030817 1.73885e-06 0.00014989 0.000891812 6.69788e-06 0.0268854 0.276793 5.54539e-07 0.0169229 0.000254771 0.0385903 0.0470377 5.78237e-05 0.0130686 3.96171e-07 0.00538568 5.79255e-05 
0.00224351 1.27002e-07 3.5078e-05 1.11156e-07 1.34291e-05 2.00748e-07 0.00104997 6.73555e-08 0.000991512 0.000960734 0.000380006 0.017466 4.01568e-05 1.30899e-07 0.0914848 0.000724929 1.66486e-05 0.00420009 0.0994883 0.0112852 0.000446455 0.0101791 0.758019 1.18381e-07 0.000852264 0.000121603 
0.00408338 5.63485e-09 0.023598 9.42994e-12 1.16024e-11 1.95221e-08 5.46398e-08 5.7141e-12 0.00653349 0.0434637 6.4777e-05 0.00993836 5.17715e-07 7.63217e-08 0.206281 0.000661271 4.13363e-05 0.0113326 0.37166 0.0365251 0.0232049 0.00193435 0.231885 2.2552e-08 0.0270301 0.00176175 
0.0247594 0.00155316 0.00081135 0.000534557 0.000138244 0.000431612 0.00296129 1.00909e-05 0.0246891 0.0740401 0.043238 0.0212567 0.0422572 0.000478167 0.00452264 0.0102486 6.67218e-05 0.0638446 0.0340263 0.0616645 0.00826626 0.550254 0.00889726 1.63543e-05 0.0140976 0.00693661 
0.00512339 6.46468e-09 0.0159347 4.7554e-06 6.96162e-09 1.02185e-08 3.44818e-06 3.42855e-09 0.0471568 0.0346236 0.000280345 3.66752e-06 0.417524 2.5882e-06 0.0124617 0.0104608 1.41965e-05 0.0133592 0.000520924 5.98848e-07 0.000132291 1.27139e-05 0.440198 8.81522e-07 0.00218201 5.12806e-09 
2.32024e-05 4.3472e-10 5.33996e-05 3.80482e-10 1.124e-06 2.19956e-06 0.000425361 2.30554e-10 1.05832e-06 0.00646006 5.17514e-06 0.0272759 0.011627 8.06956e-07 0.302085 3.2246e-10 4.91411e-06 5.68502e-06 0.102261 1.91398e-06 3.55666e-05 0.0231242 8.77792e-07 4.86657e-07 0.385782 0.140824 
0.011297 0.000293642 0.0196993 0.00040331 4.95076e-07 1.86317e-07 0.00234063 6.13571e-08 0.0480327 0.0248713 0.000218222 0.43663 0.105438 0.000216241 0.029116 0.000131272 9.14419e-05 0.196202 0.00966907 0.00626515 0.0137665 0.0025791 0.0653653 9.63798e-08 0.0264773 0.000895918 
0.000724246 1.21277e-09 2.6901e-06 1.06146e-09 1.30599e-09 5.37358e-07 4.09287e-08 6.43194e-10 0.022305 1.95187e-07 2.36636e-07 0.000194737 0.000220821 1.24998e-09 0.000719305 8.99589e-10 0.0027511 5.22228e-07 0.972611 7.96236e-07 0.00025349 0.000213042 4.99767e-07 1.13044e-09 1.38482e-06 9.6202e-10 
0.112998 1.71957e-05 0.0296495 1.38965e-08 1.5941e-07 2.90313e-06 6.30708e-06 8.42064e-09 0.00662636 0.184197 2.93256e-05 1.34368e-05 2.78756e-05 1.63647e-08 0.00423235 1.4386e-06 6.3888e-07 0.107567 2.89894e-05 0.0435013 0.263366 0.0253056 0.120581 2.20103e-07 0.101847 1.25947e-08 
0.00434572 0.000548928 0.00458422 1.49129e-06 3.09102e-08 4.53711e-08 0.0254197 1.52231e-08 0.640485 0.184131 1.16473e-06 0.00501443 0.025302 2.95846e-08 0.00369605 5.5591e-05 6.89919e-05 0.0107031 0.0323017 0.00221561 0.00195541 3.64204e-05 0.0370985 2.65281e-07 0.0219301 0.000104567 
0.000675252 9.15021e-08 0.000533218 3.21145e-05 0.000404095 0.0105006 0.000588516 4.85283e-08 0.00586565 0.000687984 0.000172321 0.000789816 0.0136663 9.431e-08 0.958922 0.000366582 0.000107682 0.00180336 0.000407691 2.21125e-06 0.00118643 0.000564461 0.00012233 0.000196254 0.000626671 0.00177836 
0.0108339 5.08053e-09 0.000126765 2.40349e-11 7.62106e-08 4.34069e-11 3.7831e-08 1.4564e-11 2.55419e-05 0.0274042 1.3405e-05 3.86336e-05 0.00010877 0.146118 0.0232264 0.000202146 1.37015e-08 0.000241806 0.0475998 0.000367771 0.396646 0.0406708 0.304363 2.5597e-11 0.00201227 4.65236e-08 
0.045375 4.15356e-07 0.0477446 0.0616902 4.47285e-07 6.56541e-07 0.00248329 2.20285e-07 0.0226312 0.00235067 0.000318118 0.00505563 0.00115 4.28102e-07 0.484763 0.000107092 3.03344e-05 0.0385668 0.00235361 0.000237404 0.00348347 0.000413134 0.236717 3.87162e-07 0.0445266 3.29478e-07 
0.122065 0.000941506 0.00158027 7.26017e-08 4.04113e-06 0.0132908 1.23967e-06 7.01932e-10 0.511588 0.0140377 5.76998e-06 0.0067402 0.00212495 1.36414e-09 0.010558 0.0118052 6.50739e-05 0.00142894 0.0355658 0.0330909 0.0168014 0.0237148 0.130107 4.16299e-08 0.0467525 0.0177312 
0.000724246 1.21277e-09 2.6901e-06 1.06146e-09 1.30599e-09 5.37358e-07 4.09287e-08 6.43194e-10 0.022305 1.95187e-07 2.36636e-07 0.000194737 0.000220821 1.24998e-09 0.000719305 8.99589e-10 0.0027511 5.22228e-07 0.972611 7.96236e-07 0.00025349 0.000213042 4.99767e-07 1.13044e-09 1.38482e-06 9.6202e-10 
3.03276e-05 0.000210735 2.62904e-05 5.41525e-06 6.50016e-07 1.36911e-07 6.10217e-06 4.59368e-08 0.973466 2.54011e-05 8.83541e-05 0.00594994 0.000672292 0.000172268 8.3358e-05 0.000589039 0.000776101 0.0018716 0.00847475 1.30241e-05 3.1026e-05 9.1679e-06 5.31233e-05 0.000957022 0.00648169 5.97424e-06 
0.00104414 0.00613729 0.0063459 5.94861e-06 0.000548939 6.02719e-06 0.000459632 3.85254e-06 0.845985 0.00906463 0.00154101 0.0115021 0.000211597 9.8762e-05 0.00918958 0.00235158 0.000240364 0.0113857 0.0172957 0.0101785 0.00052826 0.00309936 0.0284807 0.000753859 0.0262019 0.00734016 
0.00698014 0.0161166 1.01666e-06 4.48591e-11 3.97449e-07 8.10152e-11 1.74315e-07 2.71825e-11 0.684069 0.0326671 0.0138455 0.00483079 1.21871e-06 2.85315e-07 0.0134341 3.80182e-11 9.73118e-05 0.00102504 0.0536367 1.03504e-06 0.012602 5.98026e-07 0.036746 9.55968e-08 0.123928 1.69173e-05 
0.0344587 2.02546e-08 0.0210375 3.96504e-07 3.06854e-07 3.50188e-07 2.50713e-07 6.6661e-11 0.0830173 0.0606543 0.164784 0.00321104 0.0804489 0.000860684 0.0123893 0.000419991 8.8015e-08 0.369517 0.0728125 0.000227039 0.00513142 4.54899e-05 0.0375094 1.1716e-10 0.0530391 0.000434369 
0.0161453 1.04238e-06 0.000988698 8.01984e-11 5.90135e-07 0.000152232 0.00208892 4.85965e-11 5.47978e-07 0.017005 1.77904e-06 0.000193025 0.54863 9.44426e-11 1.46281e-07 0.0317428 2.48774e-05 0.0903182 0.0262071 0.0123033 0.0247785 0.0413977 0.18065 1.25409e-08 0.00737044 7.26854e-11 
0.0120576 0.000210034 0.00281598 0.000342061 0.000101653 0.000390405 0.000851575 1.08556e-05 0.0251041 0.297322 0.000685465 0.00182783 0.294983 0.00231064 0.0520009 0.00583985 0.00315177 0.0670732 0.0462983 0.00216658 0.00779161 0.111803 0.060802 2.69495e-05 0.00340896 0.00062313 
0.016156 3.61034e-06 0.000685306 5.0193e-05 1.37043e-06 6.35953e-07 0.000267314 6.07003e-09 0.0142768 0.0691806 2.81331e-05 8.96567e-05 0.00106695 1.17965e-08 0.0148154 0.000165361 7.95054e-06 0.0280275 0.00996704 7.5749e-05 0.0259002 0.0030343 0.80871 0.000197046 0.0060201 0.00127284 
0.826047 1.85911e-08 0.0100504 1.62716e-08 7.34901e-05 3.27457e-05 2.57785e-06 9.85984e-09 0.000592626 0.000493949 3.85899e-05 2.18674e-05 0.000421319 3.54292e-06 0.0030689 0.000117449 5.67884e-06 0.0922648 0.00433908 0.000934685 0.00236506 0.00063118 0.0232741 1.73292e-08 0.0343344 0.000886851 
0.000526893 1.97125e-06 0.0047697 8.07265e-12 2.33063e-05 3.92353e-08 0.000319451 4.89165e-12 0.0390134 0.152562 0.000624605 0.00341701 0.0314162 1.55865e-06 0.0127649 0.0112027 0.000250484 0.0150972 0.0418753 3.83108e-08 0.0701969 0.00877725 0.554101 3.43834e-05 0.0527152 0.000307901 
