0.00134336 0.00906834 0.00822973 1.04374e-07 7.25326e-07 0.000577439 5.41129e-07 0.000992932 0.561352 0.00957153 0.000112276 0.0318407 0.00018005 6.73877e-06 0.031294 6.94627e-06 0.000420854 0.00092371 0.0557703 0.000794991 0.00220552 0.000510411 0.0676426 0.00121829 0.208349 0.0075868 
4.70788e-05 0.00201486 6.23322e-05 1.83809e-07 2.26154e-07 3.31957e-07 1.55239e-07 2.24186e-05 0.977908 0.000194985 2.76555e-08 9.49825e-05 5.02086e-05 2.16455e-07 0.000130583 1.55779e-07 0.000374423 9.09813e-05 0.0178228 7.16816e-05 7.31886e-05 9.11502e-05 3.89895e-05 0.000796063 1.2981e-08 0.000113999 
0.00918349 1.75378e-06 0.010521 7.11771e-07 0.000183649 0.00196931 0.00030751 5.01847e-05 0.489063 0.0314055 2.02079e-05 0.00221412 0.0161871 1.00656e-08 0.11772 0.000750519 0.00028854 0.00394941 0.0318167 0.0088004 0.017665 0.0850831 0.119231 6.89898e-08 0.0535861 1.65558e-06 
0.00166903 2.66053e-07 0.0102742 3.77862e-08 6.45258e-07 1.53536e-05 0.00176808 1.96253e-06 0.361945 0.0680064 7.17666e-05 0.00195909 0.00162151 0.0128066 0.0088107 4.07228e-06 8.90948e-05 0.0178282 0.183611 0.0015222 0.0149454 0.0178166 0.0722375 1.14486e-08 0.198612 0.0243842 
0.000458825 9.61617e-06 0.0947599 2.01415e-07 0.000321299 4.89231e-05 0.000282606 1.86589e-06 0.652726 0.0581409 0.0021407 0.00681999 0.0233251 0.0384265 0.00399952 0.000595597 0.000351746 0.00416278 0.00204577 0.000522648 0.0268611 0.00458219 0.0173593 1.47071e-05 0.0612606 0.000781463 
0.00369025 9.76346e-05 0.0137302 2.65038e-10 6.07761e-05 2.102e-05 5.4789e-05 0.0553865 0.626128 0.0166429 0.0216808 0.000360531 0.067381 3.18358e-09 0.0981097 0.000179841 9.54199e-06 0.00252286 0.00746623 0.00018159 0.00238946 0.000698278 0.0589575 1.8709e-05 0.0159327 0.00829933 
0.000702833 0.0188693 0.000317272 1.02136e-05 0.00011684 0.000361991 0.0249366 0.000115757 0.447591 0.155829 0.000208542 0.101798 0.104106 0.000558903 0.0019902 0.00695189 0.00133023 0.010814 0.0723557 0.0101646 0.00204613 0.00467478 0.0277834 5.47894e-05 0.00624226 7.05504e-05 
0.0124875 0.000109938 0.017808 4.35888e-08 5.36308e-08 8.47292e-07 0.00381719 0.000154073 0.541753 0.0761308 0.000147939 0.029091 0.00231219 5.27087e-06 0.0090822 0.000236522 0.000797912 0.0169377 0.128314 0.00229111 0.0654124 0.00709609 0.0461472 0.000333306 0.0386861 0.000848097 
0.0213534 1.94186e-05 0.0676509 6.00285e-09 2.27956e-06 1.08411e-08 0.000858285 0.000470064 0.263913 0.00588169 0.000455084 0.00161267 0.007498 3.6942e-05 0.0399961 8.906e-05 0.000199768 0.000830491 0.208402 0.00595343 0.122779 0.00875229 0.0346424 3.34986e-06 0.208601 5.4405e-09 
0.0439261 0.000164279 0.0122289 5.18169e-05 1.23902e-06 2.34743e-05 0.00320342 0.000179799 0.282456 0.0345145 8.63568e-06 0.000652753 0.012039 8.12766e-07 0.00595277 1.8601e-06 5.01608e-05 0.221919 0.139679 0.0308877 0.0358874 0.0794969 0.0866597 0.0091053 0.000909619 6.68446e-10 
3.72394e-08 1.82174e-07 0.0272077 0.00770924 1.96178e-07 2.87957e-07 0.0189461 5.12385e-05 0.80617 0.0360044 2.39898e-08 0.00157436 6.10349e-05 1.87765e-07 4.56572e-05 7.4379e-05 3.82765e-08 0.00617322 2.43012e-08 1.70265e-06 9.35162e-05 0.0562772 3.6384e-05 1.69808e-07 0.0395721 1.44508e-07 
0.00173094 0.0481527 0.00149855 0.101035 1.69397e-05 1.55739e-06 0.000538092 0.000570099 0.465146 0.00629847 0.00332844 0.00456214 0.0011603 2.54353e-06 0.000360092 0.00153385 0.000334668 0.00340363 0.292099 0.00301174 0.00150143 0.000978492 0.00856478 0.0330338 0.0205776 0.000560189 
0.0188558 0.00213252 0.152946 2.89531e-07 0.000115133 2.90617e-09 0.0086811 0.000290494 0.468492 0.0777901 0.0126863 0.00327375 0.00668365 1.89499e-09 8.08705e-05 0.00184395 2.97764e-05 0.000737861 0.0229661 0.00188615 0.042538 0.0021618 0.146723 0.00614883 0.0226332 0.000303326 
2.26529e-10 1.10818e-09 0.0515053 9.69915e-10 1.19336e-09 1.75166e-09 0.000175799 5.87723e-10 0.931633 0.000563696 0.000104234 0.00315312 5.48869e-07 1.14218e-09 0.00236735 1.04076e-05 6.55397e-05 0.00206902 0.00178333 4.4393e-05 0.0040521 0.000381301 0.00159324 1.03295e-09 0.000497821 3.10229e-08 
0.0154243 1.29905e-07 0.10448 0.0382508 0.000196724 6.81433e-06 0.0353855 0.000597075 0.449188 0.000454264 0.000909062 0.00380799 7.61319e-08 1.33891e-07 0.0386215 0.000331728 4.35864e-05 0.0152976 0.00453526 0.00118945 0.00428191 0.00286788 0.0376479 7.58382e-06 0.246417 5.87477e-05 
2.55844e-05 0.131171 0.00621797 1.15806e-05 3.34265e-06 0.000576399 4.34653e-05 0.000414831 0.563566 0.00478533 0.00147673 0.0631282 0.00101027 9.60474e-08 0.00535568 8.37185e-08 0.000999924 0.00193473 0.0378387 0.00680569 0.000229352 0.00310882 0.0730557 0.000104452 0.0981361 6.43375e-08 
0.00303766 0.00144929 0.0388179 8.27099e-05 0.000591281 9.05558e-05 0.000872674 0.000742744 0.493548 0.0140929 0.00130245 0.0855917 0.00143282 0.00218334 0.0894187 0.000428256 0.000950873 0.0141096 0.108475 0.00639147 0.00348682 0.00746685 0.0769159 0.000106388 0.0422141 0.00619921 
0.0190351 0.000239996 0.0935031 3.89613e-10 2.94975e-07 0.000995707 0.00207935 0.00124515 0.423346 0.0153929 0.00166983 0.00632445 0.0171299 1.10371e-06 0.00772093 0.0029574 1.7655e-05 0.0400785 0.0185787 0.00141244 0.0803314 0.0001333 0.126894 2.07682e-06 0.140859 5.08569e-05 
0.128196 0.00827343 0.00443666 9.05905e-06 0.000102384 0.000538489 0.00238096 0.000197425 0.331119 0.0517396 0.0108081 0.00182736 0.00606217 0.00935695 0.0318214 0.00357233 8.88267e-05 0.0402681 0.11851 0.00833131 0.00710676 0.0242645 0.17289 1.24539e-05 0.0379284 0.000159006 
0.00438641 0.00691201 0.00237836 0.0126015 0.000165907 0.00481868 0.00426278 0.00218397 0.522782 0.0339097 0.00032763 0.0171548 0.0105522 0.00497228 0.00199039 0.00239134 0.000223596 0.00798886 0.0682652 0.0353711 0.0105178 0.00656728 0.016398 0.000445678 0.22085 0.00158222 
0.0477972 7.68809e-05 0.0403038 3.7477e-08 0.000579613 2.13316e-07 0.000838608 0.00697726 0.220593 0.0424285 0.000485104 0.00290313 0.0145619 6.47188e-10 0.187772 0.00103156 0.00497191 0.00477334 0.0837506 0.0215341 0.0139568 0.00224974 0.0920241 6.03084e-08 0.209341 0.00104979 
0.00803105 0.000339306 0.00485428 2.35618e-08 1.30574e-06 0.000241887 3.37016e-06 0.00164623 0.707794 7.06014e-06 2.7569e-05 2.48549e-06 0.00709062 2.77466e-08 0.00998609 1.99687e-08 0.000676007 4.9724e-09 0.0101759 4.44475e-06 3.32568e-06 3.54443e-06 0.00251216 5.63467e-06 0.246592 1.48564e-06 
1.11865e-06 6.48005e-09 0.00163842 4.99676e-08 1.0425e-06 0.00135448 6.47718e-05 1.22523e-06 0.94699 0.00123868 3.45016e-06 0.00135705 5.35338e-05 2.78098e-05 0.00123589 4.0613e-06 4.71829e-07 0.000726525 3.60242e-06 1.01875e-06 0.00035706 0.000177075 0.00370735 8.48326e-06 0.00470109 0.0363459 
4.47071e-08 5.70357e-11 1.95029e-07 4.99196e-11 3.04948e-08 4.59366e-08 0.00162798 3.0249e-11 0.831866 0.00154321 5.9957e-07 0.000872279 4.71379e-05 1.33047e-08 0.104337 4.23071e-11 1.19837e-11 0.000339288 3.82023e-08 4.37883e-08 0.00643827 8.57202e-08 0.000585419 4.21249e-09 0.0161511 0.0361912 
7.82215e-05 0.000953359 0.0693006 1.60702e-06 1.34965e-05 0.159875 0.0292982 0.0241362 0.624628 0.00383533 0.000745999 0.0409699 3.5192e-09 9.48842e-09 2.02016e-05 0.000262561 0.016214 0.00111177 0.00137336 0.000770702 0.0240885 1.32331e-05 1.44549e-05 3.71883e-06 0.00119243 0.00109915 
0.00316742 0.00776837 0.000775922 1.28586e-07 4.39972e-05 4.2496e-05 7.02291e-05 0.000170922 0.515747 0.0136546 0.00291231 0.00801379 0.0280512 2.78389e-06 0.0709096 0.00560309 7.30661e-05 0.00354486 0.0429513 0.000333578 0.00843954 0.00666407 0.198278 2.54464e-06 0.078631 0.00414826 
0.0839114 3.20476e-06 0.049009 3.28668e-06 0.000277605 0.00034111 7.46361e-05 0.00421042 0.201337 0.0461459 0.0102074 0.00201409 0.0023645 0.0105128 0.136423 0.00412694 0.000592815 0.0181109 0.0699769 0.00332026 0.0427366 0.021272 0.165316 6.07025e-05 0.122973 0.00467863 
0.019508 8.87188e-08 0.0160887 0.000137518 0.00558564 5.7029e-06 0.00399753 2.46052e-06 0.615895 0.0112183 0.00269101 0.0211465 0.0208565 0.00428958 0.00550306 0.00110922 8.20437e-06 0.0191014 0.0756134 0.00695522 0.0205406 0.00117501 0.0378636 8.33998e-06 0.110168 0.000531172 
1.13569e-05 8.65164e-05 2.29766e-06 1.66474e-07 2.04826e-07 6.55191e-06 0.000395774 0.000912627 0.962431 0.0112683 1.53479e-06 0.00795677 0.0132275 1.79964e-05 2.19624e-08 3.40398e-05 0.00102996 1.33461e-05 2.07698e-06 4.55101e-08 3.67539e-08 1.86417e-05 0.00145277 3.00648e-05 0.00110019 1.50879e-07 
1.19814e-05 1.74964e-10 0.0481101 1.53134e-10 1.56402e-06 9.95893e-07 1.29332e-10 1.8745e-06 0.550891 1.38214e-06 0.00561856 0.037239 1.09697e-06 3.60846e-07 0.303513 1.29782e-10 3.67615e-11 1.40582e-06 0.0440479 1.95924e-06 0.00451463 1.53111e-06 1.95566e-06 1.63087e-10 9.35147e-06 0.00603101 
0.000321373 0.0017397 0.00152219 1.45353e-05 7.47377e-06 5.411e-05 0.000626393 0.000335738 0.799619 0.023047 0.00806611 0.00787589 0.0246777 1.02657e-05 0.0134318 0.00685408 0.000199831 0.00596659 0.0126832 0.00186605 0.00775892 0.00138461 0.0430059 1.35867e-05 0.038884 3.37923e-05 
3.54277e-05 3.53807e-05 0.081515 3.5388e-05 3.53761e-05 3.53463e-05 3.5396e-05 3.54083e-05 0.630677 3.54339e-05 3.5432e-05 0.120464 3.54172e-05 3.53788e-05 3.54329e-05 3.53959e-05 3.54273e-05 3.54288e-05 0.166565 3.54256e-05 3.54283e-05 3.54256e-05 3.54364e-05 3.53847e-05 3.54362e-05 3.53929e-05 
0.0333404 0.0553421 0.0239461 6.3711e-09 8.96409e-07 6.38876e-07 0.000102744 0.000399753 0.566146 0.0551015 0.001699 0.007265 0.00699952 7.50268e-09 1.30332e-05 8.41371e-06 0.00109373 4.90414e-05 0.0102221 0.00190026 0.000100229 0.0250307 0.0465354 0.000565061 0.164137 1.02486e-06 
0.0136657 0.000137689 0.029771 3.8006e-05 0.000745892 6.33954e-07 0.00129433 0.00018296 0.585402 0.038158 0.00284503 0.00272416 0.00106028 9.52559e-10 0.00439738 1.8372e-06 5.6129e-06 0.000453278 0.0650365 0.000212576 0.0280771 0.0010568 0.0788731 4.32093e-05 0.14533 0.000486952 
0.00650967 0.00212547 0.0069516 1.66463e-08 6.28391e-08 9.62865e-05 0.00235026 0.000931477 0.26137 0.208097 0.0228045 0.0299095 0.141017 0.00238106 0.00228944 0.00675045 9.398e-09 0.0197965 0.0068494 0.00027096 0.0543193 0.0214164 0.152689 1.32735e-09 0.0492521 0.00182292 
0.015657 0.000476611 0.0132126 7.55027e-06 9.33781e-05 6.18881e-05 0.00785786 6.17537e-05 0.662909 0.0201548 0.00114641 0.00211591 0.000183894 0.000107176 0.00479054 0.0130402 0.0500915 0.00611707 0.0551766 0.000256079 0.00106708 0.0011611 0.021063 0.00014133 0.117027 0.00602327 
0.000100061 0.00237084 0.00169633 7.68497e-07 7.18633e-05 5.06911e-05 0.00353199 2.37202e-06 0.482755 0.0592706 0.00722721 8.10498e-06 0.00275474 2.27624e-08 0.0127158 1.63817e-08 9.99922e-06 0.049467 0.00209465 0.00878238 0.198402 0.000371835 0.125882 3.02421e-06 0.0400303 0.00240022 
0.00483818 1.00321e-05 0.0216793 1.80088e-05 7.76131e-05 0.00778524 0.000261738 6.16017e-06 0.440706 0.0140039 0.00143037 0.297481 4.63905e-05 8.3885e-06 0.0461369 0.00585588 1.71107e-05 0.00887572 0.00177439 0.0264217 0.0104652 0.00356449 0.0135017 1.40012e-05 0.0778262 0.0171947 
0.00156898 0.00254122 4.93619e-05 1.2894e-06 1.58645e-06 2.32865e-06 3.24434e-05 9.46585e-05 0.728314 0.0654669 5.29316e-05 0.0028975 6.7765e-05 1.51841e-06 2.36587e-05 0.00211834 1.93372e-05 0.00898069 0.0429636 0.00251425 8.23021e-05 0.000209389 0.0104918 0.000249995 0.131209 4.58863e-05 
0.00047976 0.000387836 0.00117584 7.22552e-07 0.00055401 0.0384762 0.000220689 0.00114133 0.316167 0.118805 0.0031646 0.0390349 1.16994e-06 0.000580096 0.0435329 0.00494186 0.000393775 0.0529342 0.0635679 0.0542 0.00653522 0.014801 0.185819 4.14517e-06 0.0523816 0.000699067 
0.00193543 0.00321568 0.0374204 2.65325e-09 6.94393e-06 5.88703e-07 0.00668136 0.00153599 0.5196 0.0465885 0.0110805 0.0857264 0.00111572 3.5324e-05 0.00490931 0.0604847 0.000250832 0.0216446 0.0561345 0.00342218 0.00262391 0.00357618 0.0714508 2.49505e-05 0.0586464 0.00188901 
0.0048019 1.55373e-05 0.00134731 9.99489e-05 1.2584e-06 1.10002e-06 6.03466e-06 0.000367803 0.402272 0.000916754 0.00383281 0.000914409 0.00460208 4.79716e-05 0.0298298 1.86772e-05 2.1324e-06 0.0692897 0.00672936 3.54591e-05 0.000882656 0.00115404 0.0877219 6.48679e-07 0.384973 0.000135591 
0.00989827 0.00647103 0.000522357 4.89986e-07 2.80765e-05 3.06996e-06 0.00156705 0.000958057 0.761451 0.00464686 7.84485e-05 0.00202948 0.0773324 5.77013e-07 0.00409236 0.0072275 5.9946e-05 0.027262 0.0317277 0.00347705 0.00607258 0.00156671 0.0290797 0.00638748 0.0121166 0.00594319 
0.000160662 0.000160449 0.000160654 0.000160483 0.000160428 0.000160293 0.000160519 0.000160575 0.562506 0.000160691 0.000160682 0.000160629 0.000160615 0.240822 0.000160686 0.000160518 0.000160661 0.000160667 0.192978 0.000160653 0.000160665 0.000160653 0.000160702 0.000160468 0.000160701 0.000160504 
0.000546923 1.09158e-07 0.000296761 9.55393e-08 3.93683e-05 1.72543e-07 0.001901 3.24282e-06 0.914455 0.0137967 2.50155e-06 0.00258157 0.00356505 1.12508e-07 0.00677015 8.415e-07 4.5701e-06 0.00109393 0.00425365 1.59149e-05 0.00591928 2.99407e-05 0.0178212 1.01749e-07 0.0269015 8.65892e-08 
0.0908463 8.08844e-05 0.00381363 2.53949e-05 0.000457351 0.00272149 0.00462547 0.000325978 0.428643 0.0465045 0.00513392 0.00779291 0.0365696 0.000623319 0.0279531 0.0241334 0.000297628 0.00358594 0.0582048 0.0320848 0.0384067 0.0407466 0.0595443 2.60958e-05 0.0864446 0.00040769 
0.00102883 3.72449e-07 0.0388904 1.12146e-09 2.33146e-08 5.66146e-06 9.47146e-10 0.00102984 0.469778 0.00880852 0.00851553 0.00397107 2.43603e-07 1.32064e-09 0.0102388 0.00311646 9.10817e-05 0.000235335 0.0358947 3.06581e-10 0.000293156 4.98395e-05 0.0977859 1.09391e-07 0.315633 0.0046328 
0.0227688 5.42527e-05 0.00999672 0.00192141 1.81647e-05 6.84613e-06 8.91073e-05 0.000103362 0.591372 0.051437 1.07032e-05 0.000270287 0.00189005 3.79573e-08 0.00396007 4.37876e-05 8.33557e-06 0.00169287 0.0049081 0.000900839 0.00426284 0.00607981 0.200677 5.36848e-06 0.097498 2.40614e-05 
0.000609671 0.00465215 0.0242292 0.00695485 1.86299e-05 7.69518e-06 0.00029873 0.00156402 0.55177 0.0174504 0.000164114 0.082254 0.0123439 7.27859e-06 0.0385077 0.00242649 0.000205128 0.0203088 0.0263542 0.00298366 0.00121553 2.84807e-06 0.0376124 4.49155e-05 0.16634 0.00167417 
0.0182566 0.1267 0.0014979 5.36156e-06 1.01156e-05 2.36937e-06 4.43436e-05 0.00545946 0.238496 0.101358 9.00181e-05 0.0647983 0.000286858 0.000166175 0.0540628 0.00169252 0.0111668 0.0889919 0.135586 0.00607312 0.00358969 0.0088335 0.0495435 0.000677528 0.0818689 0.000742505 
1.42512e-05 0.00502674 0.0104599 2.8843e-06 3.28256e-07 0.00064296 0.0251631 3.55794e-06 0.607701 0.121214 0.0265558 0.0619249 0.000130294 0.000967512 0.005288 2.33899e-05 6.56879e-05 0.0181176 0.0565312 1.94109e-05 1.45957e-05 1.23424e-05 0.0510632 1.54467e-08 0.00894791 0.000108961 
0.00232809 0.0459682 0.0381351 0.000295085 0.0526319 3.64362e-05 0.00105995 0.00151261 0.336006 0.0302974 0.00230305 0.243477 0.00601191 0.000101272 0.00817033 0.0111442 0.000147941 0.0302885 0.0345471 0.00632831 0.00264863 0.000143644 0.0806196 2.0544e-05 0.0653869 0.000390189 
0.000325574 4.40335e-07 0.00180918 2.2276e-11 8.4145e-07 1.95121e-06 8.8442e-08 0.00813949 0.252952 0.0571533 0.00122415 4.00651e-07 4.71888e-07 2.13534e-06 0.169099 6.57006e-07 3.90426e-08 0.000123312 0.111416 1.11747e-06 2.17674e-06 0.0268132 0.249808 0.00179997 0.119325 1.12456e-06 
0.000584367 6.33068e-06 1.82921e-06 5.94477e-10 6.48799e-05 3.26666e-07 3.96383e-07 1.90582e-05 0.414296 1.4073e-06 0.0302462 0.0173595 4.3496e-07 7.00063e-10 0.136749 0.0300861 1.02131e-07 0.000983076 0.0159747 0.00103528 7.28006e-07 0.00126343 0.0576432 1.83707e-05 0.29208 0.00158579 
0.00276574 7.23313e-05 8.13252e-06 1.13162e-06 6.53445e-06 4.50727e-05 0.000610127 6.44416e-05 0.637255 0.0585154 0.00103146 0.179591 0.0086593 0.000194686 0.000144238 1.18368e-07 0.00544107 0.0136804 0.0188422 0.00126536 0.00171239 0.00165464 0.0024397 0.000171795 0.065705 0.000123429 
0.0127324 0.000549021 0.00183742 0.0380189 5.69689e-05 7.38454e-06 0.00688567 3.68288e-05 0.669208 0.0156339 0.00693691 0.0144135 0.0270382 3.20869e-06 0.000276648 0.00864117 0.000257479 0.0438867 0.00639177 0.000609054 0.00107204 0.0061747 0.0604852 0.000265313 0.0779571 0.000625057 
0.0143463 0.00578628 0.0404774 1.86375e-07 4.84941e-06 3.67111e-05 0.000159704 0.0004849 0.599575 0.0517608 0.000361837 0.000725639 0.0397263 2.06421e-05 0.0124416 0.00224711 6.6152e-05 0.122227 0.0286967 0.00103234 0.000192381 0.00072474 0.0297077 4.84465e-06 0.049005 0.000187856 
0.0913181 7.6436e-06 0.0003231 1.70251e-09 0.000895547 1.33381e-06 6.39989e-07 0.000122526 0.332098 0.00421088 0.000143815 0.000991932 0.00667643 2.00489e-09 0.0325767 0.00229133 3.34238e-05 0.276832 0.0677522 0.00862451 0.0103837 0.0199588 0.136955 1.10533e-05 0.00777535 1.60121e-05 
0.00243878 0.00955512 0.00536468 4.06577e-10 1.11127e-07 6.16315e-05 0.000451911 0.00786406 0.505238 0.015713 0.00121956 0.000710516 0.130521 4.78789e-10 0.0629357 5.00403e-07 0.00053382 0.0185929 0.0499141 4.07822e-05 0.00104317 0.000463915 0.0488631 0.000349673 0.133362 0.00476263 
5.47577e-10 4.74163e-05 0.117034 2.34453e-09 2.88465e-09 1.10131e-05 1.98011e-09 0.0140815 0.653652 1.75275e-06 3.52752e-10 5.89996e-05 1.02402e-09 2.76094e-09 1.05786e-05 5.96296e-06 5.62827e-10 2.34532e-05 3.57331e-10 6.40938e-10 1.86867e-05 0.00303286 0.21196 2.4969e-09 3.09296e-05 3.10255e-05 
1.16082e-05 0.00529796 0.00231471 4.2829e-05 5.11495e-05 3.32848e-05 0.00913699 0.00317144 0.689782 0.0283112 0.00448358 0.0199314 0.000313255 2.62006e-08 0.0211351 0.00119795 0.000783966 0.00124453 0.00597446 0.123723 0.00056266 0.00381273 0.0182391 8.11053e-05 0.060306 5.78874e-05 
0.000208857 5.81738e-07 1.35595e-07 5.09157e-07 6.26456e-07 3.80796e-05 4.30017e-07 3.08526e-07 0.333798 0.000320716 0.000226596 0.265327 2.22384e-07 5.9959e-07 2.7817e-06 0.000478818 1.22229e-07 0.0663286 1.26216e-05 1.39192e-07 0.332645 0.000359934 6.94279e-05 5.42249e-07 0.000178853 4.61459e-07 
7.36851e-07 1.80764e-06 0.000197914 1.30305e-10 2.49838e-09 2.3533e-10 0.000100722 0.000179215 0.736514 0.0210455 5.64552e-06 0.00186119 4.76965e-05 1.53449e-10 0.111765 0.000138939 6.95677e-05 0.00579404 0.0389228 0.0364289 0.00295182 0.00399429 0.0352446 3.10932e-06 0.00471811 1.34507e-05 
0.0069464 0.0161543 0.0317295 6.24947e-08 9.76118e-05 8.41179e-06 0.00161948 3.78689e-08 0.629614 0.0261964 3.84985e-05 0.057932 2.96505e-06 1.06252e-05 0.0156449 5.29645e-08 8.67593e-05 0.0139602 0.0140969 0.00721444 0.0052826 0.0169208 0.0772904 0.00731177 0.0701606 0.00168028 
0.00922281 0.0409987 0.0293692 1.75688e-09 2.26415e-05 0.00122279 0.0016667 0.0414772 0.466546 0.0167137 0.021679 0.00185198 0.000629186 2.06892e-09 0.0466834 8.41423e-05 0.000128058 0.000364684 0.0235739 0.00104909 0.00232942 0.00015996 0.125706 9.772e-05 0.166799 0.00162456 
0.0465439 4.73451e-06 0.0248195 2.05441e-05 0.0015917 0.00133304 0.000278104 0.000863891 0.273808 0.0236848 0.00217838 0.0119883 0.0126007 2.28767e-05 0.053262 0.000214619 0.00019682 0.113755 0.0195359 0.0559495 0.0234548 0.0038812 0.144138 0.026118 0.158849 0.000906822 
0.00950689 1.39078e-06 0.034014 6.0245e-06 6.21233e-05 0.0147478 1.60635e-06 5.2107e-09 0.746578 0.00779807 4.69538e-07 2.14947e-06 0.0584425 1.01265e-08 0.000205731 2.61194e-05 1.08266e-05 0.0826255 1.10917e-06 8.30033e-09 0.00194704 0.000409243 0.00952869 0.000124588 0.0324958 0.00146425 
0.00460503 1.3093e-05 0.0612256 8.00863e-10 7.25304e-06 4.41285e-05 0.00214301 5.77367e-05 0.493666 0.0312129 0.0188762 0.00206411 0.000418067 3.14613e-08 0.137516 7.4201e-07 1.34539e-06 0.00203578 0.0240533 0.00403796 0.0930484 0.00138795 0.0256928 1.05792e-05 0.0911775 0.00670379 
0.000410952 0.000922282 0.000439084 0.00309263 9.14831e-05 3.5714e-06 0.00975028 0.000273309 0.831975 0.0174085 5.27922e-05 0.00550439 0.00571665 1.48007e-08 0.00202373 0.000662606 0.000378799 0.0106072 0.0468768 0.00706928 6.07627e-06 0.000964334 0.00317282 0.0364695 0.0161237 4.20508e-06 
0.00358777 5.26184e-08 0.0126244 4.60535e-08 1.91465e-06 4.44313e-05 0.0396633 0.000299817 0.369306 0.0461669 0.000135431 0.00114601 0.159717 0.00051184 0.014645 0.00833659 0.000152733 0.116091 0.00596044 0.0013343 0.0901299 0.00567747 0.0860142 1.19779e-06 0.038436 1.70013e-05 
0.00640332 0.00092437 0.00244542 2.67875e-06 4.15895e-05 0.000273139 0.00877793 0.000252077 0.407036 0.135786 0.00740577 0.0345094 0.000916926 2.19211e-07 0.0286032 0.000131037 0.000134172 0.0136052 0.0290537 0.0462875 0.0215566 0.0422111 0.160544 3.47798e-05 0.0359184 0.0171457 
7.09402e-07 0.00238349 0.000784875 6.11219e-07 9.9526e-07 3.24567e-10 1.51783e-10 3.37699e-07 0.694361 0.105201 2.70398e-11 1.33101e-06 7.84948e-11 2.11637e-10 2.37095e-11 0.00588719 4.31429e-11 0.00305915 0.0845564 4.91303e-11 3.65074e-07 3.92802e-07 0.0823526 7.67499e-08 0.0214093 4.39941e-07 
0.0178032 0.00534963 0.005383 1.11966e-05 0.000993603 0.000271078 0.000243687 0.000721567 0.528306 0.0378887 0.00055051 0.00740394 0.00346295 0.000221193 0.0352755 0.00799125 7.23598e-05 0.0351664 0.0193729 0.0167216 0.0105529 0.146666 0.0323456 6.50593e-06 0.0847346 0.00248448 
0.00369025 9.76346e-05 0.0137302 2.65038e-10 6.07761e-05 2.102e-05 5.4789e-05 0.0553865 0.626128 0.0166429 0.0216808 0.000360531 0.067381 3.18358e-09 0.0981097 0.000179841 9.54199e-06 0.00252286 0.00746623 0.00018159 0.00238946 0.000698278 0.0589575 1.8709e-05 0.0159327 0.00829933 
0.000275395 0.116234 0.00209376 1.3805e-09 1.23722e-06 2.79192e-05 3.24324e-06 0.000325031 0.713676 0.000268778 0.0485283 0.00133218 3.96459e-06 1.62569e-09 0.0143246 1.4498e-06 0.000221253 1.61865e-05 0.00519667 4.29536e-06 0.000108942 3.42412e-06 0.0300343 5.4299e-06 0.0672843 2.96281e-05 
0.0106252 7.34377e-05 0.018734 6.60199e-10 0.0085673 0.098551 9.12244e-05 0.000428055 0.192873 0.170071 0.0141882 0.0100009 0.0207352 0.00281929 0.0362345 0.000467171 0.00925326 0.0451691 0.0628366 0.052997 0.0162135 0.0024885 0.0422352 0.00022897 0.182708 0.00141028 
4.78185e-07 0.05889 0.0745653 6.13001e-09 4.4846e-07 3.22378e-07 0.00201098 0.000191391 0.64691 0.00382043 0.00809996 0.00192864 1.4173e-06 7.21877e-09 0.0606893 1.95842e-07 0.000382364 0.0117926 0.0119908 1.53442e-06 0.0566559 0.0019203 0.0453385 7.78169e-05 0.0146585 7.33068e-05 
0.0518575 0.00830157 0.0301164 0.000513141 0.00010307 0.000780784 0.00387906 0.00121129 0.191953 0.0529842 0.0182471 0.00735656 0.00911092 0.000238317 0.120511 0.002886 0.00015386 0.0164741 0.130328 0.00651208 0.0138251 0.0116407 0.133168 2.12919e-05 0.178964 0.00886207 
0.00869307 0.0109941 0.0289822 0.0203967 0.000186918 9.90677e-06 0.000304045 0.00307479 0.494996 0.0329691 0.000851015 0.0144723 0.00719375 0.000411652 0.00157475 0.00890937 0.000126671 0.0114984 0.0200574 0.0104932 0.00586392 0.00656165 0.194474 0.000296317 0.107864 0.0087437 
0.000927655 0.00274965 0.00133222 7.66179e-08 3.76357e-06 3.3215e-10 0.00146059 0.000743106 0.419519 0.0015763 0.00162695 0.000827947 0.00298295 2.16581e-10 0.00666567 1.57894e-07 3.47233e-06 0.0215767 0.158826 0.289052 0.00597711 0.0321246 0.0206091 0.000215464 0.0311995 1.32929e-07 
0.00369477 5.87014e-05 0.00333149 3.46436e-06 1.871e-07 1.13722e-06 0.00272749 1.21099e-05 0.663471 0.00418376 4.18063e-06 0.000130769 6.2347e-05 7.15283e-05 0.00210603 0.000148358 7.21621e-06 0.000281841 0.027177 0.013712 0.00287649 0.00273101 0.264131 0.000256022 0.00860926 0.000210827 
0.00291602 5.85692e-09 1.36517e-09 7.70689e-07 2.14507e-05 9.97693e-06 0.154052 3.10623e-09 0.433396 2.08065e-05 1.35565e-06 9.66063e-06 0.213898 1.12946e-05 1.53359e-06 5.42046e-06 1.23059e-09 8.27701e-06 7.81287e-10 1.40138e-09 1.13175e-09 0.00367005 0.120953 5.45935e-09 0.070996 2.79115e-05 
3.30155e-07 4.38147e-11 0.00266733 5.68131e-09 1.07663e-07 0.0208056 0.00159576 0.00119316 0.35223 0.0542481 2.0567e-08 0.00197557 0.0140108 0.000118593 0.17831 0.0175312 0.000688156 4.94221e-07 0.0283708 0.0125674 0.00464205 0.00434203 0.296918 8.5933e-08 0.00565842 0.00212552 
2.34046e-05 0.0117101 2.34035e-05 2.33784e-05 2.33706e-05 2.33509e-05 2.33837e-05 2.33918e-05 0.454095 2.34088e-05 2.34075e-05 2.33997e-05 2.33977e-05 2.33724e-05 2.34081e-05 2.33837e-05 2.34044e-05 0.269185 0.238779 2.34033e-05 2.34051e-05 2.34032e-05 2.34104e-05 0.0163867 2.34103e-05 0.00937599 
0.00364586 3.59927e-07 0.0464501 1.17145e-06 8.44372e-07 8.76885e-10 5.88272e-05 0.00171231 0.731123 0.00297825 8.73019e-06 0.00364919 2.49096e-06 5.71779e-10 0.00499733 0.000105358 1.51307e-07 0.0141126 0.0275387 0.000207731 0.0488884 0.0015317 0.0440383 1.06371e-06 0.0689468 2.32989e-07 
4.0619e-07 5.8811e-10 0.296241 5.14735e-10 6.33319e-10 0.11854 4.2192e-07 0.00682533 0.474423 0.00527286 0.00117596 0.0259979 0.0193483 9.59755e-08 5.30258e-07 1.72092e-06 3.20011e-05 3.21325e-06 0.00977081 0.000392633 0.00297353 0.00430957 0.00883596 5.48189e-10 0.0252361 0.000618374 
0.000355946 0.0056229 0.00116739 0.0105119 0.00102073 1.50857e-05 0.000571174 0.0015613 0.558279 0.018791 0.0151099 0.00669982 6.79221e-05 9.53846e-08 0.000310347 0.00015379 0.000339022 0.0081897 0.0183606 0.029292 5.50476e-05 0.00133128 0.116742 0.00306193 0.201902 0.000487831 
0.000162579 1.10876e-05 0.000457039 0.000177623 1.19399e-05 1.75258e-05 8.19586e-06 5.88031e-06 0.916153 0.0168624 0.00430025 0.00019255 4.23851e-06 1.14278e-05 6.81849e-06 0.00179111 4.50497e-05 0.000342727 0.0572437 2.65291e-06 7.72121e-05 0.00114173 0.000436251 1.03349e-05 0.000397238 0.000129759 
0.0138044 0.000370363 0.00155569 1.79568e-07 0.000465291 2.36284e-06 0.00269821 9.81601e-05 0.264635 0.0483294 0.0106963 0.0062098 0.00430971 0.00895087 0.0551506 0.00106814 0.000116776 0.031728 0.199917 0.011507 0.00708586 0.0142843 0.165466 5.52786e-07 0.146755 0.00479588 
0.00245046 0.000249416 1.60318e-06 6.25186e-10 7.69215e-10 1.12908e-09 5.2801e-10 7.28872e-07 0.931182 0.039149 9.40642e-11 0.00127397 0.000118124 9.10611e-07 0.00238541 2.58129e-06 5.57266e-05 4.66187e-05 0.0026323 2.24093e-07 1.45666e-06 1.70785e-10 0.00194048 4.9311e-07 0.0185076 7.00829e-07 
8.89222e-09 4.35005e-08 3.85398e-05 3.80732e-08 4.68444e-08 6.876e-08 0.000141515 0.000611394 0.887098 4.24762e-09 7.16108e-05 0.108864 0.000113095 4.48354e-08 0.000360145 3.22672e-08 9.13986e-09 0.00132174 5.80277e-09 1.04083e-08 0.000949016 1.04007e-08 0.000195217 4.05477e-08 0.000228551 6.9358e-06 
0.0935057 6.39479e-05 0.0595829 1.49691e-06 0.000153709 4.90366e-06 4.92125e-05 0.00349965 0.355011 0.0140551 0.0030368 0.0298197 0.00213265 2.74554e-05 0.0152563 8.57458e-07 0.000820479 0.0147413 0.0210924 0.00751409 0.0330777 0.00986153 0.0794972 3.29777e-05 0.256177 0.000983615 
0.00269417 0.00151078 0.00440044 6.07509e-06 3.59963e-05 0.000714969 0.000144716 0.000642984 0.525117 0.0373862 0.00969611 0.0216497 3.31103e-06 5.00842e-11 0.0203908 0.000157119 0.000707543 0.0032662 0.265031 0.00016614 0.00990122 0.00297589 0.0270164 0.00710165 0.0592831 4.30876e-07 
0.0224471 0.00665789 0.000917264 8.39296e-05 3.38227e-05 1.04709e-06 0.00653181 0.000741913 0.371569 0.0338466 0.00326497 0.0246275 0.0585764 4.32476e-08 0.117152 5.78828e-07 5.25712e-05 0.00271825 0.245593 0.000665548 0.00797605 0.0241852 0.0133103 5.57203e-05 0.0546492 0.00434295 
0.0341685 9.28855e-09 0.00144216 8.12966e-09 4.90844e-05 1.46821e-08 0.00826262 6.85548e-06 0.735305 0.0290733 2.94929e-07 0.000214121 6.67047e-06 4.15012e-08 0.0168505 9.94928e-07 2.02334e-06 0.00707348 0.0397669 0.000282188 0.0335324 0.00512057 0.0131558 1.42627e-06 0.0726226 0.00306212 
0.0123453 0.000103486 0.00774066 6.89897e-07 3.52629e-06 4.80747e-09 0.0360858 0.003857 0.30617 0.0496646 0.0670122 0.0143309 0.000298664 3.13474e-09 0.0171297 4.19792e-06 9.95924e-06 0.0637271 0.0839799 1.1067e-05 0.0123018 0.0457097 0.171366 3.31762e-05 0.108113 1.01394e-06 
0.00417981 7.05663e-05 0.0248659 0.00450088 5.58301e-07 0.14339 3.85426e-05 0.000113145 0.481758 0.0184165 0.00643852 0.000218804 0.000974168 0.0492456 0.00133745 0.000391954 1.15934e-05 0.000828253 0.0865399 0.0118691 0.0233425 0.00231786 0.130809 4.76517e-05 0.00829343 4.11255e-07 
4.03234e-05 1.24299e-06 0.00341134 7.58348e-06 1.24792e-06 4.96812e-09 0.000247472 0.000174276 0.727209 0.0480751 2.93214e-06 0.0306634 0.00240342 3.2395e-09 0.0513209 0.00125086 3.02358e-05 0.01229 0.0890759 0.000583855 0.000699789 0.00211781 0.0205929 1.48799e-06 0.0097985 2.4932e-09 
0.000211675 0.00952613 0.00567277 2.18438e-09 4.82592e-07 9.35073e-07 0.00241898 5.45029e-05 0.627148 0.000918703 0.00434839 0.00911571 8.36759e-08 2.57235e-09 0.00487816 9.87047e-05 0.00014689 0.0106476 0.116349 0.00021972 3.95909e-05 0.000539529 0.0281838 2.193e-05 0.17698 0.00247837 
0.0252106 7.31108e-06 0.00775211 7.92189e-08 6.49414e-07 9.80597e-08 0.000166039 0.00056766 0.436259 0.0707861 0.00596875 0.000381799 0.077378 0.00381758 0.0059416 0.000151297 2.46354e-05 0.00224507 0.0336182 0.000255943 0.0781376 0.033151 0.0537404 5.57075e-06 0.142971 0.0214615 
0.0226634 6.53918e-06 0.0149762 8.80377e-10 3.03403e-06 1.58996e-09 0.0292752 5.01513e-06 0.359395 9.82189e-11 1.3246e-10 3.32646e-10 1.87266e-05 1.03674e-09 0.158123 7.46123e-10 2.32689e-07 0.124357 0.0621047 2.40674e-10 0.0267901 2.14067e-06 0.0499352 9.37595e-10 0.152341 3.67114e-06 
0.000337413 0.000198959 0.000558636 1.07146e-07 2.80528e-06 3.09545e-05 0.000366406 0.00299911 0.756258 0.00559683 3.79884e-06 0.00846411 0.00167681 1.26786e-05 0.0864939 5.59071e-05 6.20017e-05 0.00187864 0.0175551 0.00393559 0.010413 0.00173582 0.0213661 4.17621e-06 0.0790341 0.000959087 
0.00135497 0.0137614 0.000176094 2.26898e-08 0.000123965 0.000196545 0.000121757 1.3749e-08 0.76512 3.08326e-06 0.00168731 1.79966e-06 0.0553614 2.67198e-08 1.22021e-06 5.04601e-06 9.11145e-05 0.0187027 0.00025101 0.00022511 0.00130054 1.7465e-06 0.00560392 1.04041e-05 0.135899 2.05642e-08 
0.00184731 0.00238117 0.00283533 7.39616e-08 1.00221e-08 4.94448e-08 0.000524262 0.00369941 0.838283 0.004669 5.07505e-06 0.0145055 0.00216998 1.54377e-05 0.0230528 0.000614208 0.000120891 0.0106337 0.0217099 0.00242739 0.00529253 0.000280852 0.0325171 0.000193436 0.0310894 0.00113251 
0.00226252 0.00309646 0.0105374 3.57055e-07 0.000436193 0.000517341 0.000427418 0.136113 0.318792 0.0459812 0.00948692 0.156107 0.0234974 0.000325704 0.0400806 0.000609637 0.000435783 0.0220717 0.0462769 0.000323524 0.00218549 0.0012013 0.0180276 2.00258e-06 0.157623 0.00358153 
0.000579351 0.000578582 0.000579322 0.000578702 0.000578507 0.00057802 0.000578833 0.000579034 0.985523 0.000579453 0.000579421 0.000579229 0.00057918 0.000578552 0.000579437 0.000578832 0.000579345 0.000579369 0.000579419 0.000579318 0.000579361 0.000579316 0.000579493 0.000578648 0.00057949 0.000578781 
5.99527e-07 3.03798e-05 0.00139769 1.84448e-08 2.26941e-08 3.33113e-08 0.00249871 1.11767e-08 0.695643 0.00494703 0.000344807 0.0476631 0.00693896 2.17209e-08 0.00554902 0.000650472 3.49256e-06 0.0134918 0.052943 2.35028e-06 0.000445396 0.00036887 0.0643845 9.47448e-07 0.102695 1.67169e-08 
0.084802 0.0153978 0.00202178 2.51105e-07 0.0264512 0.000444913 0.000191339 0.00295968 0.233954 0.0787713 0.137814 0.0160288 4.21522e-06 0.000235243 0.0258051 0.000272948 0.00934903 0.018591 0.0116828 0.0229508 0.00808161 0.0493127 0.0486703 6.34207e-06 0.206072 0.000129609 
0.00177763 0.0259208 0.00481432 0.00046818 0.000521979 3.11788e-08 0.00285769 1.10802e-05 0.515453 0.10032 0.000444025 0.00479297 0.0142236 4.2513e-07 0.00194008 0.000801366 0.00103533 0.0926373 0.0146418 0.000848388 0.168879 0.00443916 0.0109339 3.33992e-05 0.0277018 0.00450243 
0.0163469 5.41362e-05 0.0656189 4.64311e-05 1.42069e-05 4.54456e-05 0.00137671 0.00421618 0.480585 0.0412892 0.00313336 0.00619035 0.0521649 0.00794556 0.0640116 0.00212455 6.99827e-05 0.0425948 0.0157412 0.000635269 0.0263171 0.0106455 0.0438334 2.38268e-06 0.114888 0.000109394 
0.0121849 5.86081e-05 0.0143071 7.6172e-07 0.000235661 9.92825e-05 0.02201 0.0358956 0.47786 0.013911 0.0285773 0.00264423 0.0587265 6.19792e-10 0.0190516 1.7623e-06 0.000167735 0.0328631 0.00248672 0.0128458 0.0118263 0.00241892 0.0989436 4.70487e-08 0.151814 0.0010691 
3.24037e-07 0.134683 0.00504489 1.38741e-06 2.35809e-05 2.50565e-06 3.57059e-05 8.40703e-07 0.470102 1.54785e-07 1.39594e-05 4.7546e-05 0.383615 0.000181008 0.00192084 4.5436e-05 0.000898412 0.000452163 0.000709943 0.00094495 5.50736e-05 5.72122e-06 0.00117034 3.36647e-05 9.76556e-06 1.25743e-06 
0.0172311 0.00316291 0.00717752 3.57112e-05 0.000468752 0.00174679 0.012913 0.00109402 0.400351 0.0850884 0.0202073 0.0852769 0.00892779 0.00707914 0.0129462 0.00515215 0.000350848 0.020563 0.0160564 0.0380718 0.0193903 0.00595831 0.0892993 0.00129714 0.132045 0.00810938 
3.11892e-05 0.00139092 0.000279179 1.20874e-08 7.15345e-05 1.74183e-05 5.10669e-05 7.32443e-09 0.479926 4.40256e-05 3.613e-07 4.56719e-09 0.0144555 1.42343e-08 5.78014e-05 1.02442e-08 0.000368967 0.331577 0.0342599 0.00237619 0.045024 0.0899031 2.06317e-05 1.2873e-08 9.27298e-05 5.29946e-05 
0.00322321 0.00330921 0.00289837 0.000631431 0.000233923 4.732e-06 0.00258077 0.000734593 0.614632 0.00475552 0.00806946 0.00156535 0.00755157 2.87168e-06 0.00582819 0.00272203 1.38069e-05 0.0752359 0.100515 0.0874859 0.00393272 0.0132505 0.0334465 6.48979e-05 0.0273061 6.26647e-06 
6.77293e-07 3.3133e-06 0.000276543 2.89992e-06 3.568e-06 5.23724e-06 2.44917e-06 0.00045488 0.972399 0.000818567 7.06614e-06 0.000755129 1.2666e-06 0.000185032 3.82577e-07 0.000456818 3.88949e-05 0.0153333 0.00586185 0.00221991 0.0002071 3.28916e-05 0.000191487 0.000120198 0.000618841 2.62825e-06 
0.00359079 0.00199919 0.00997083 3.44915e-07 0.000119104 0.00311411 0.000768069 0.00104201 0.411474 0.102744 0.000113281 0.0185211 0.0106491 1.02329e-05 0.0713364 0.00198666 0.000660027 0.00673916 0.0157827 0.0235526 0.0125832 0.0099882 0.0833268 4.03017e-06 0.208257 0.00166758 
0.00560973 2.16555e-08 0.0384538 9.20974e-05 0.00053926 0.000106636 6.34338e-05 0.00122921 0.470545 0.123399 0.00137926 0.0247932 0.00665827 4.92097e-06 0.00730958 1.60633e-08 4.79455e-05 0.227121 0.00116118 9.78396e-05 0.0050803 0.006181 0.0450815 7.29637e-06 0.0350213 1.6754e-05 
0.0479234 0.0236707 0.00399139 0.00463338 3.99515e-05 9.18839e-05 2.59206e-07 0.0542076 0.468426 0.00172262 0.000292961 0.0217168 0.000287287 3.61421e-07 0.0100943 3.41826e-05 0.000153921 6.20943e-05 0.0147582 8.39021e-08 6.77592e-08 0.00082624 0.249762 0.000532463 0.0967309 4.07654e-05 
0.00158797 1.12451e-07 0.0071562 1.17442e-10 0.00117434 3.62682e-07 0.0131396 0.0013767 0.399246 0.0824602 0.0313224 0.0180804 0.0464462 1.38301e-10 0.0575829 0.0178637 0.00275027 0.0260009 0.0399046 1.85755e-05 0.0354645 0.0130713 0.122888 1.29093e-05 0.0794517 0.00300036 
1.73083e-07 1.19239e-10 0.00192636 1.04362e-10 1.28405e-10 1.88477e-10 7.93354e-07 6.32386e-11 0.280657 0.106112 1.57021e-11 0.029333 4.55822e-11 1.22898e-10 2.80046e-06 0.00749317 0.000381088 2.20243e-11 0.139811 0.069077 0.0270404 0.0243645 0.206956 1.11145e-10 0.106845 1.41973e-07 
0.00511866 0.000223602 0.0410144 6.08016e-07 7.30472e-08 3.85897e-05 4.20096e-07 0.000227071 0.570463 0.00435943 0.00111631 0.00315392 0.00178956 7.98973e-10 0.00201637 4.9748e-06 5.59801e-08 1.18093e-05 0.000949343 1.24184e-06 0.0673566 5.38025e-05 0.242391 2.23279e-07 0.0587202 0.000988973 
0.00145826 0.017692 0.00502722 3.35561e-05 5.3533e-08 4.97203e-05 4.56753e-08 7.73069e-05 0.464352 0.0385344 1.30547e-09 0.0224513 5.35595e-07 3.96882e-10 0.0101153 0.00154187 0.000279389 0.010552 0.0326189 0.0110089 0.00397238 0.00404558 0.00867582 0.000110431 0.367346 5.64431e-05 
1.0208e-05 0.00726586 0.00428816 3.74003e-11 6.51512e-09 1.94903e-08 0.00323259 0.000327718 0.428127 0.0188268 0.213676 0.0368567 1.63353e-11 4.4043e-11 0.0267113 0.000817329 0.000357256 0.000141127 0.00898265 0.00232803 0.000282054 0.000457542 0.111945 9.28017e-08 0.130279 0.00508852 
0.000499313 0.034699 0.000304556 0.0189891 6.33023e-07 1.87487e-06 3.00353e-05 0.000806413 0.480836 0.0140734 0.00701717 0.00138818 0.000163221 3.93229e-09 0.188575 2.55477e-06 0.000196312 0.000280094 0.0415557 0.00102034 0.00791995 0.00282172 0.15271 6.77958e-05 0.0447294 0.00131242 
0.000101803 0.00127229 0.00232842 1.62383e-05 0.000199915 9.30243e-05 0.00198073 0.000194997 0.473438 0.0897564 0.0229975 0.00974781 0.0174589 0.0772895 0.00561021 0.000289615 0.000513691 0.000571187 0.18747 0.00296558 0.00651677 0.0012589 0.0638841 6.30844e-06 0.0303342 0.00370401 
0.005334 0.000108043 0.00628754 6.41971e-06 0.0306687 0.00218657 0.000356274 0.00314412 0.290002 0.028503 0.00631399 0.0116792 0.00688861 0.000292889 0.0691901 0.0041307 0.00103338 0.00793434 0.234667 0.0904871 0.0161464 0.0111936 0.120131 2.04652e-05 0.0526307 0.000663983 
0.00925668 6.74758e-06 0.00964589 1.02581e-06 1.93484e-05 4.41765e-09 0.00150047 0.00125885 0.62029 0.0503315 0.00160972 0.00201538 0.105085 2.88056e-09 0.00693197 0.000194782 0.000104063 0.039153 0.0369302 0.00250144 0.0122966 0.00775506 0.0774718 9.21606e-05 0.00976607 0.00578209 
0.00633425 0.0236599 0.00054925 1.14024e-07 0.00526772 0.000105183 5.7509e-05 0.000442878 0.43721 0.0871935 0.00710134 0.030038 0.00297678 0.078173 0.00694698 0.000107807 0.0351408 0.0500953 0.0688109 0.00728138 0.00199681 0.11206 0.016448 4.24509e-05 0.0219403 2.02718e-05 
0.000586012 0.00338639 0.0260266 4.61398e-11 6.0105e-08 2.17681e-07 0.0014602 0.00094089 0.446145 0.038327 6.10137e-06 0.00293754 0.000306202 5.43347e-11 0.0212104 2.33052e-08 0.00024614 0.00507871 0.0346781 1.50027e-07 0.0022273 1.26042e-11 0.0364991 9.1877e-08 0.379936 1.08512e-06 
0.0255568 0.00030322 0.0180317 5.02398e-10 0.000289789 1.10118e-07 0.015725 0.00113184 0.31642 0.0147838 0.000622469 0.0932293 0.10499 5.80253e-07 0.0417179 0.000411218 7.33873e-05 0.041676 0.0280591 0.00854859 0.0287085 0.00279717 0.0419346 2.67463e-08 0.214989 1.25413e-07 
0.000198217 2.0535e-05 0.00322304 0.000493563 6.53065e-06 0.000125176 3.68029e-05 0.000585814 0.736182 0.027338 2.00324e-05 0.00232343 0.000257957 5.54681e-05 0.0359705 0.000562849 3.07298e-05 0.00286229 0.0981234 0.00797433 0.00527662 0.00394728 0.0439242 0.000291741 0.0285406 0.00162874 
0.0108358 1.14203e-08 0.0848423 9.99545e-09 4.89941e-06 2.36781e-05 2.63624e-06 0.0179897 0.670514 0.00414738 0.000869201 1.30609e-05 0.00391474 6.09254e-06 0.00408139 5.87339e-05 6.6987e-07 1.88487e-05 0.0124932 0.000215595 1.88763e-06 0.000565331 0.0515562 1.06451e-08 0.136366 0.00147832 
0.00851954 0.000155536 0.000982783 4.41182e-05 0.000118654 0.000332524 0.0499615 0.000197018 0.394579 0.00621951 0.00240872 0.00265179 0.0145947 4.66643e-05 0.0951138 9.95303e-05 6.71948e-05 0.00430594 0.361209 0.000695724 0.00564004 0.022157 0.0239694 7.94205e-06 0.00592064 1.60119e-06 
6.98914e-08 0.00123687 0.0481591 2.64414e-06 0.000174171 3.63523e-06 0.00655726 9.73004e-07 0.566297 0.027204 0.00017239 0.0303074 1.56199e-07 1.73864e-06 0.00434621 5.39537e-05 0.00030971 0.003712 0.0175211 0.0103938 0.0014363 0.000200324 0.12762 7.47817e-08 0.151388 0.00290067 
0.000693849 0.0968995 0.000711395 0.00230775 3.39333e-07 0.00052535 0.00011301 7.49969e-06 0.7262 0.00496794 4.96082e-06 0.00486163 0.000213318 2.90963e-06 0.00446605 0.000126135 0.00113519 0.0014347 0.0787881 0.000239259 0.000559365 0.000171496 0.00348932 0.00115383 0.0708089 0.000118219 
0.00434572 0.000548928 0.00458422 1.49129e-06 3.09102e-08 4.53711e-08 0.0254197 1.52231e-08 0.640485 0.184131 1.16473e-06 0.00501443 0.025302 2.95846e-08 0.00369605 5.5591e-05 6.89919e-05 0.0107031 0.0323017 0.00221561 0.00195541 3.64204e-05 0.0370985 2.65281e-07 0.0219301 0.000104567 
0.00181903 0.000567093 0.00173854 8.84026e-06 1.56033e-05 7.62917e-06 0.000134254 0.000289413 0.606465 0.0289143 1.93586e-05 0.00314879 0.000462291 1.43303e-06 0.0922965 3.67918e-05 6.16959e-05 8.92134e-05 0.139884 0.0383426 0.000344944 0.00101054 0.0180487 3.44523e-05 0.0660974 0.000161078 
7.94231e-05 2.81648e-08 3.66825e-05 2.46508e-08 3.03298e-08 4.45192e-08 2.03583e-06 1.49372e-08 0.94299 0.00118698 0.00111816 0.000392158 0.0116838 2.90291e-08 2.32293e-05 2.08917e-08 2.90298e-06 7.54264e-07 8.36382e-05 5.3763e-05 5.44237e-09 1.64902e-05 0.000620428 2.62529e-08 0.0416957 1.35334e-05 
