4.70788e-05 0.00201486 6.23322e-05 1.83809e-07 2.26154e-07 3.31957e-07 1.55239e-07 2.24186e-05 0.977908 0.000194985 2.76555e-08 9.49825e-05 5.02086e-05 2.16455e-07 0.000130583 1.55779e-07 0.000374423 9.09813e-05 0.0178228 7.16816e-05 7.31886e-05 9.11502e-05 3.89895e-05 0.000796063 1.2981e-08 0.000113999 
4.34233e-08 0.23693 0.00142211 4.62819e-11 0.00011389 1.47537e-07 0.00265579 0.00377588 0.656454 0.00644366 0.00243064 0.00148104 1.81979e-07 5.45021e-11 0.000354091 2.96837e-05 3.02353e-07 0.000297081 0.00251772 3.94293e-08 2.38181e-07 1.26431e-11 0.0164428 4.07063e-07 0.0686504 9.60819e-08 
2.71189e-07 9.07827e-07 0.0232143 1.48238e-10 0.000132559 2.73211e-07 0.000866083 0.0264908 0.60622 0.00771544 0.0177729 0.00767246 0.000334983 1.74567e-10 0.00703521 2.45158e-05 6.35455e-06 0.000155618 0.006762 4.05248e-11 0.00128656 0.000846659 0.212136 1.44604e-07 0.0813262 4.25407e-07 
0.0424384 0.00284264 0.0197279 2.57431e-07 1.66241e-05 4.34646e-06 0.000347949 3.83549e-05 0.48568 0.0555846 0.00334845 0.00313873 0.0680437 7.26783e-05 0.0263908 0.00153713 0.000162082 0.0349569 0.116942 0.000492237 0.0151345 0.000907744 0.072702 0.00495628 0.0445024 3.11721e-05 
0.00190571 0.00368351 0.0014393 2.83182e-07 0.000365274 5.51861e-08 0.000121776 0.000298276 0.412935 0.0902795 0.000104706 0.100438 0.00369661 2.41749e-06 0.0146336 0.000725065 0.0192703 0.0416916 0.098301 0.0339271 0.0184003 0.00303291 0.0720803 1.64408e-05 0.0820343 0.000617098 
5.83849e-07 0.00303781 0.00692277 2.00078e-10 2.46171e-10 6.82208e-06 5.78854e-07 2.86387e-06 0.700664 2.23216e-11 2.12705e-06 0.00489718 2.44759e-07 7.33892e-06 0.0282002 1.69567e-10 2.57798e-07 9.7407e-08 0.0417507 0.00167277 4.41729e-11 3.77827e-05 0.0107447 0.000137329 0.201914 3.10446e-07 
0.0250381 0.00537406 0.00305816 5.34118e-06 0.00328435 0.000168577 0.00322675 0.000240604 0.727822 0.0168352 0.0127939 0.0386812 0.0186908 0.00118179 0.00247574 0.00026651 0.00923681 0.0602005 0.0183764 0.00470373 0.0117476 0.00187366 0.0226253 4.97904e-05 0.0110196 0.00102309 
0.0213263 1.07439e-05 0.000171785 5.25536e-05 0.000667383 0.0456755 0.000383353 0.000150861 0.429155 0.0175736 2.6499e-06 0.0307214 5.23476e-05 1.85059e-07 0.0323191 0.000677988 3.7725e-08 0.0477039 0.0261029 0.0250497 0.00135049 0.00429432 0.00223064 1.67362e-07 0.313934 0.000392929 
2.26529e-10 1.10818e-09 0.0515053 9.69915e-10 1.19336e-09 1.75166e-09 0.000175799 5.87723e-10 0.931633 0.000563696 0.000104234 0.00315312 5.48869e-07 1.14218e-09 0.00236735 1.04076e-05 6.55397e-05 0.00206902 0.00178333 4.4393e-05 0.0040521 0.000381301 0.00159324 1.03295e-09 0.000497821 3.10229e-08 
0.00089053 0.000344452 0.00554516 2.62592e-08 0.000272412 4.26352e-05 0.000258574 0.00053759 0.519217 0.0322261 0.0341431 0.000129853 0.00864454 1.40861e-05 0.00887332 4.75891e-05 9.71303e-06 0.0113237 0.0222512 0.00108706 0.0231145 0.0122984 0.0879541 3.87721e-06 0.172974 0.0577974 
0.0427585 0.00803644 4.23289e-06 4.22836e-06 4.22693e-06 4.22337e-06 4.22931e-06 4.23079e-06 0.439421 0.0364153 4.23361e-06 0.0347083 4.23185e-06 0.000849679 0.0245599 0.0219966 4.23306e-06 0.0719692 4.2336e-06 0.0177822 0.104564 0.0376766 0.129992 4.22797e-06 0.0292196 4.22894e-06 
0.0116305 0.00260026 0.0172031 2.23613e-07 1.27611e-05 5.27808e-05 0.00613221 2.92301e-05 0.775847 0.0628807 0.00411371 0.000158256 0.00853008 0.000126114 0.00950081 0.00131265 0.000268356 0.00931973 0.00147437 0.000375099 0.0150544 0.00729993 0.051597 0.00015514 0.0140239 0.000301452 
0.00344254 4.0976e-10 0.00417529 3.58636e-10 4.68148e-06 1.05948e-07 0.000226805 0.000592142 0.74691 0.0178006 0.0133022 0.00311183 0.0505421 0.000718205 0.00120561 0.00418834 6.71107e-06 0.026303 0.0316927 6.35503e-08 0.00559049 0.00330626 0.0566106 1.69832e-08 0.03027 3.25039e-10 
1.52784e-10 0.0103223 3.15152e-05 6.54164e-10 8.05674e-07 1.18142e-09 1.27126e-06 3.96393e-10 0.97886 7.29815e-11 9.84241e-11 1.73045e-06 2.85719e-10 7.70351e-10 4.05704e-07 5.54406e-10 0.00205711 1.38053e-10 0.00872191 1.10894e-06 1.44425e-10 1.9675e-07 5.55608e-07 1.18505e-06 3.55773e-07 5.92881e-10 
0.0663393 1.43125e-06 0.0436003 0.0309771 2.07157e-05 4.49006e-05 0.000148719 0.0110837 0.241343 0.0250617 0.000444642 0.00345762 0.00286972 1.07069e-05 0.0952949 0.00488173 0.000113432 0.0290802 0.0961962 0.00303397 0.0169378 0.000515895 0.105781 9.69599e-09 0.222488 0.000272788 
4.0919e-05 0.00044776 1.58505e-07 5.95185e-07 0.00010218 1.0749e-06 2.59551e-05 3.60654e-07 0.989228 0.000535346 8.95503e-08 0.00154566 2.37834e-06 7.00897e-07 7.85209e-08 5.04421e-07 0.0041251 1.25606e-07 0.00222599 0.00030387 1.31404e-07 0.000114107 6.70955e-05 4.87769e-05 0.00118271 5.39428e-07 
5.28848e-05 5.9912e-05 5.25875e-09 2.93182e-06 2.42957e-08 3.56621e-08 0.000157365 0.0510646 0.717129 2.20301e-09 3.63332e-06 2.83684e-06 0.00075442 2.32537e-08 0.00798288 1.67352e-08 6.99548e-06 4.16724e-09 2.86619e-05 8.44577e-06 4.3596e-09 0.193396 5.41682e-06 2.88192e-05 0.0293092 6.42755e-06 
0.0477972 7.68809e-05 0.0403038 3.7477e-08 0.000579613 2.13316e-07 0.000838608 0.00697726 0.220593 0.0424285 0.000485104 0.00290313 0.0145619 6.47188e-10 0.187772 0.00103156 0.00497191 0.00477334 0.0837506 0.0215341 0.0139568 0.00224974 0.0920241 6.03084e-08 0.209341 0.00104979 
0.000152756 0.293195 0.00971 2.21393e-10 3.35249e-05 8.15549e-05 0.00633844 0.00267422 0.424024 0.0103274 0.0174823 0.0188148 0.000268416 2.60715e-10 0.0265918 0.000163595 0.00349348 0.00188206 0.0245642 0.00106822 0.00186056 0.000306199 0.0733542 0.0001524 0.0820078 0.00145366 
1.78382e-07 0.284994 0.00470207 1.69722e-11 1.64991e-07 1.16507e-07 0.000563208 3.66134e-07 0.559515 9.11909e-07 3.56177e-06 0.00422441 5.29291e-07 1.99867e-11 2.41956e-06 1.4384e-11 0.00225477 3.58176e-12 0.0196295 5.73483e-07 4.29047e-07 4.57153e-07 0.0959672 7.24837e-07 0.027458 0.000681371 
0.00560406 9.71131e-05 0.0157978 5.74488e-08 1.66702e-05 0.000503209 0.000563731 5.06983e-05 0.415369 0.0203561 0.030304 0.000471455 0.0229907 0.0102375 0.0593563 0.000390848 0.000326024 0.000603002 0.00784085 0.0396078 0.0046333 0.00212395 0.168794 1.60815e-06 0.193713 0.000247888 
0.0289648 0.00172351 0.000544098 6.9025e-05 0.000539795 0.000860125 0.00164174 0.00313166 0.343024 0.000291966 7.31003e-05 0.00177302 3.34035e-06 6.44684e-06 0.010086 2.24014e-05 0.000233752 0.160838 0.231001 4.49944e-06 0.00314851 0.0163617 0.0201795 0.115365 0.0601122 1.88312e-07 
4.47071e-08 5.70357e-11 1.95029e-07 4.99196e-11 3.04948e-08 4.59366e-08 0.00162798 3.0249e-11 0.831866 0.00154321 5.9957e-07 0.000872279 4.71379e-05 1.33047e-08 0.104337 4.23071e-11 1.19837e-11 0.000339288 3.82023e-08 4.37883e-08 0.00643827 8.57202e-08 0.000585419 4.21249e-09 0.0161511 0.0361912 
0.000573519 0.148239 0.0140112 3.11683e-06 4.51777e-07 0.00235947 0.000310602 0.0148591 0.397561 0.00322445 0.0043468 0.00510918 0.00011226 2.74305e-06 0.00278824 0.000207336 0.00350478 0.00268114 0.157477 0.00530688 0.000156963 0.00148362 0.0531557 6.2474e-05 0.182036 0.000426812 
7.82215e-05 0.000953359 0.0693006 1.60702e-06 1.34965e-05 0.159875 0.0292982 0.0241362 0.624628 0.00383533 0.000745999 0.0409699 3.5192e-09 9.48842e-09 2.02016e-05 0.000262561 0.016214 0.00111177 0.00137336 0.000770702 0.0240885 1.32331e-05 1.44549e-05 3.71883e-06 0.00119243 0.00109915 
0.0370901 6.90139e-09 3.12088e-05 6.10075e-07 7.43191e-09 1.09088e-08 0.000464237 1.68404e-05 0.891405 6.73889e-10 9.08818e-10 1.32397e-05 6.3344e-06 7.11318e-09 6.45555e-06 5.11921e-09 1.45005e-09 1.27474e-09 0.0709109 1.65129e-09 1.33358e-09 1.65007e-09 3.59898e-06 6.43292e-09 4.68817e-05 4.93251e-06 
1.48453e-05 0.00343053 2.43305e-05 5.33854e-09 2.43083e-05 9.64136e-09 0.000131234 0.000907768 0.896806 0.00217794 0.00897505 0.0010643 0.00296997 6.28672e-09 4.90099e-07 0.000227585 0.000123523 1.38679e-05 0.0188483 0.000407057 1.17863e-09 0.00114939 0.0128761 0.00436743 0.04545 9.75299e-06 
0.00407095 0.00108166 0.004386 1.37667e-06 0.000399513 3.22535e-07 0.000309554 0.00118285 0.679996 0.00571413 0.00932377 0.00167771 0.0010118 1.98846e-06 0.0668983 0.000128506 0.000139426 0.00419536 0.0355347 0.00105534 0.00834329 0.00309868 0.0682301 1.97646e-05 0.101994 0.0012042 
0.00261762 0.000564699 0.00149325 0.000127065 0.000274684 0.000602562 4.25852e-06 0.000704691 0.793829 0.00471327 0.0116209 0.0442458 1.19906e-07 0.000156069 0.00370229 0.00620881 3.24491e-05 0.00775599 0.0167367 0.000611745 0.00190305 0.0202208 4.40807e-05 0.000121006 0.0640076 0.0177012 
0.019508 8.87188e-08 0.0160887 0.000137518 0.00558564 5.7029e-06 0.00399753 2.46052e-06 0.615895 0.0112183 0.00269101 0.0211465 0.0208565 0.00428958 0.00550306 0.00110922 8.20437e-06 0.0191014 0.0756134 0.00695522 0.0205406 0.00117501 0.0378636 8.33998e-06 0.110168 0.000531172 
0.0144573 0.000114545 0.00924226 1.04414e-06 1.82913e-06 4.65646e-05 0.0334642 0.000719675 0.582835 0.0659094 0.000301959 0.00293464 0.0451667 0.00969187 0.0521963 0.000335944 9.69022e-05 0.052258 0.00514006 0.0163816 0.0246065 0.0141232 0.0121553 0.000122337 0.0448862 0.0128109 
0.000158734 0.0206012 2.57314e-05 4.0154e-07 4.70929e-05 7.25179e-07 7.37637e-06 2.43315e-07 0.920637 0.00241885 0.00283714 0.00245514 5.33778e-05 0.000129452 0.00106937 3.40307e-07 1.00956e-06 0.00731914 0.0254433 0.00557122 0.000260399 1.09691e-07 0.00549769 4.28587e-06 0.00541514 4.50503e-05 
0.00118562 6.94165e-08 0.00375322 3.45802e-11 5.50326e-05 1.00702e-05 0.00111121 2.0954e-11 0.746668 3.72773e-07 0.0178847 0.00121712 2.70829e-07 0.00026466 0.0548768 2.93069e-11 8.30134e-12 0.00340324 0.000254309 0.000385668 0.00927425 0.00022119 0.011462 2.77303e-09 0.143599 0.0043729 
0.0503737 0.0135393 0.0113708 3.2451e-06 2.2671e-05 1.74844e-05 0.0109496 0.000390345 0.201999 0.120601 0.0045473 0.00817259 0.00924395 0.000302946 0.0349835 0.0260335 0.000200052 0.0888046 0.140592 0.00476483 0.00953171 0.0267274 0.0909743 0.000123544 0.133364 0.0123669 
0.0688762 8.24489e-05 0.0649669 9.08733e-05 1.10067e-06 1.62212e-09 1.15089e-06 0.000485366 0.402642 5.0369e-06 3.72305e-07 6.81715e-07 2.8698e-06 1.05771e-09 4.68212e-07 0.0261636 2.15619e-10 0.216483 0.0893536 0.00102233 4.94928e-06 7.35546e-07 0.0208577 9.56561e-10 0.108957 2.11732e-06 
0.000209961 9.81696e-07 8.78963e-05 8.59215e-07 0.000106717 0.000705008 0.000985384 3.30436e-05 0.772171 0.000399252 1.29276e-07 3.24651e-07 0.000184789 9.43916e-06 0.00261162 7.28188e-07 2.06263e-07 1.81326e-07 0.179841 2.34889e-07 1.89696e-07 2.35139e-05 0.038526 0.000144386 0.0022472 0.00171011 
0.000180423 5.04933e-07 0.00157785 4.41935e-07 5.43747e-07 7.98131e-07 1.00644e-05 0.00362976 0.958117 0.000895178 3.89707e-06 0.00288697 0.00108712 5.20428e-07 0.0070279 0.00221561 9.34676e-06 2.84777e-05 0.0025242 1.20815e-07 9.75697e-08 1.20726e-07 0.000544771 4.70657e-07 0.0181602 0.00109769 
0.0383726 0.000323922 0.0476062 1.19176e-05 8.14993e-06 4.16198e-05 0.0162408 0.00240206 0.498297 0.0235564 0.0106189 0.00322319 0.00730346 3.20777e-08 0.0120187 8.03503e-05 0.000296639 0.0128592 0.023767 0.00464538 0.046247 0.000199503 0.0636735 7.33337e-07 0.187797 0.000408529 
1.3632e-11 0.00588018 1.59638e-06 5.83674e-11 7.1814e-11 4.11208e-07 0.000999375 8.27645e-07 0.926555 0.00576007 7.25907e-06 0.00502254 0.0104831 6.87341e-11 1.13887e-06 2.96849e-07 0.00120206 8.59787e-07 0.0216512 1.59563e-11 1.23323e-06 1.6265e-07 0.0116708 2.17624e-07 0.0107622 5.28995e-11 
8.73363e-05 0.000554045 0.0399681 9.49728e-06 0.000129773 0.00370114 0.0147391 2.90723e-05 0.580553 0.0152155 0.00509238 0.0395125 0.0886645 2.53709e-07 0.0012359 0.00189452 2.41263e-05 0.00735254 0.00915952 0.00129646 0.0387601 0.00238487 0.0228402 8.713e-06 0.126043 0.000743678 
6.23895e-07 3.05208e-06 0.000935983 2.67129e-06 3.28669e-06 4.82433e-06 0.00134004 1.61868e-06 0.951231 0.000395801 6.38377e-06 5.73427e-05 0.00166675 3.14574e-06 3.52415e-07 0.000485222 5.41339e-06 0.0260025 0.000617972 4.14883e-05 0.000152735 0.00160451 0.0151917 2.8449e-06 0.000240487 2.42104e-06 
0.0021345 0.00818066 0.013269 0.00016927 0.000565772 1.12767e-05 0.00470917 3.78843e-10 0.340914 0.0743145 0.00130015 0.173751 0.0491889 3.67512e-07 0.0240874 0.00340716 7.74226e-05 0.0949932 0.0191532 0.0196696 0.0195954 0.0108405 0.0419546 5.259e-07 0.0973263 0.000385638 
0.100977 0.000166934 0.033546 1.49057e-07 0.00300224 0.000330013 1.04271e-05 0.000587668 0.445728 0.0361829 0.000182219 0.00344036 0.0307447 1.79912e-05 0.0680559 0.012828 1.04818e-06 0.0735138 0.00781793 0.00982142 0.0151495 0.0477755 0.0163993 6.66174e-06 0.0861204 0.00759443 
0.00306351 0.000391192 0.00641211 9.62366e-06 1.8862e-06 4.0916e-08 0.000855645 0.000156463 0.38766 0.0302927 7.80946e-06 0.00476096 1.05968e-07 2.68224e-10 0.0221322 0.00124067 2.41328e-05 0.0121369 0.138951 0.0022026 0.00152545 0.00353734 0.168688 1.77626e-05 0.211083 0.00484902 
0.00476529 0.175633 0.022127 8.45733e-09 0.000197237 4.75835e-05 0.000469908 1.60586e-05 0.594515 0.0525857 0.000204948 3.56338e-05 0.00407537 1.4207e-05 0.043916 7.16762e-09 0.000145617 0.00163284 0.00380264 2.31203e-09 0.0016268 0.00418262 0.0259557 5.44503e-07 0.0640502 7.66504e-09 
1.09372e-06 4.73125e-10 0.0135757 4.14096e-10 5.09494e-10 7.47854e-10 1.60611e-07 2.50923e-10 0.815349 0.00740337 0.0675279 0.00178685 1.80864e-10 4.87644e-10 3.38012e-07 1.21628e-05 0.0003556 2.32413e-06 0.0554666 2.66381e-07 5.12201e-07 0.00139612 0.0296708 4.41009e-10 0.00745025 8.25566e-07 
0.000354587 0.00092984 0.0278504 8.06152e-06 8.53495e-06 0.00186396 0.00199909 0.0282374 0.296771 0.0377637 0.0487462 0.104552 0.044653 2.81255e-06 0.0295494 0.00160613 0.000498007 0.0182356 0.0107448 0.00445142 0.00587252 6.0746e-05 0.214998 5.89546e-10 0.108763 0.0114802 
0.0143463 0.00578628 0.0404774 1.86375e-07 4.84941e-06 3.67111e-05 0.000159704 0.0004849 0.599575 0.0517608 0.000361837 0.000725639 0.0397263 2.06421e-05 0.0124416 0.00224711 6.6152e-05 0.122227 0.0286967 0.00103234 0.000192381 0.00072474 0.0297077 4.84465e-06 0.049005 0.000187856 
0.0218309 9.05319e-05 0.0116207 3.55731e-05 0.000280651 4.69813e-05 0.0178201 0.000512471 0.746558 0.0148286 0.000659096 0.00645814 0.0139697 0.000731114 0.0208533 0.00278023 0.000196236 0.0110187 0.0070452 0.0164287 0.0219699 0.00438596 0.0328479 0.000187655 0.0467157 0.000127876 
0.00162974 1.401e-07 0.00522244 7.98452e-09 9.82398e-09 1.442e-08 1.65264e-06 0.00797246 0.803209 0.0138815 0.000608732 0.000248426 0.000438392 9.40266e-09 0.00390231 0.0112465 1.57053e-06 0.000401765 0.0344585 2.18278e-09 0.00624108 0.0416368 0.0311826 8.50346e-09 0.0377151 1.49191e-06 
0.0478972 0.00644397 9.51624e-05 4.49358e-08 0.000125337 5.27764e-07 1.42491e-06 0.0139627 0.432349 0.00670849 0.0572118 3.82124e-05 0.000123981 2.08112e-05 6.39781e-06 3.62132e-06 0.00695458 0.105155 0.13574 0.0851013 2.77953e-06 0.0165564 0.00619562 6.23168e-07 0.0693205 0.00998435 
0.00380157 0.00397327 0.0772653 1.48557e-08 9.16359e-05 2.81432e-05 1.43299e-05 0.0132248 0.226488 0.075033 0.0201207 0.000494466 0.00672501 1.36058e-05 0.0870267 8.65928e-05 1.5436e-05 0.00395722 0.167405 0.000212002 0.00460469 0.0025895 0.224125 0.000218953 0.0824074 7.81682e-05 
3.92026e-06 1.84354e-06 0.333781 3.81881e-06 5.61605e-08 8.68824e-06 0.0238366 2.76587e-08 0.395911 0.00172561 0.000788627 4.48066e-05 1.94648e-06 0.00432846 3.21212e-06 1.43489e-06 3.80239e-07 0.00182114 0.0170193 0.00904325 1.00774e-08 0.000239591 0.0287095 4.86115e-08 0.182724 1.72713e-06 
0.0017733 3.81861e-05 0.000203276 9.74811e-06 0.000113528 3.72174e-05 0.0289791 0.000304116 0.907723 0.00051267 2.75721e-06 0.00035099 0.00028527 2.76748e-06 0.00210677 0.000232642 7.74024e-05 0.00363967 0.00908841 0.0374158 0.000524786 0.00243188 0.00249348 5.43826e-05 0.00159682 2.12993e-06 
0.0162933 4.48416e-07 0.0323545 2.69212e-06 0.000345585 1.71045e-06 1.80271e-07 0.000520297 0.682662 0.00188369 0.00109198 0.00104831 2.77547e-07 4.17012e-07 0.0259366 9.58109e-05 2.04059e-05 0.0485539 0.0246319 0.00485052 0.00114783 0.00150497 0.0258 3.60353e-07 0.130703 0.000549045 
0.00013514 2.86491e-07 0.0133834 3.28151e-08 1.71977e-06 8.45943e-08 5.17136e-05 0.0132514 0.287913 0.0485716 0.00478984 0.199421 0.000133718 1.03874e-10 0.0205279 0.00295753 2.2242e-05 0.000924289 0.0252243 0.00256221 0.00301131 0.0115563 0.199414 3.04953e-05 0.166106 9.70877e-06 
0.0465439 4.73451e-06 0.0248195 2.05441e-05 0.0015917 0.00133304 0.000278104 0.000863891 0.273808 0.0236848 0.00217838 0.0119883 0.0126007 2.28767e-05 0.053262 0.000214619 0.00019682 0.113755 0.0195359 0.0559495 0.0234548 0.0038812 0.144138 0.026118 0.158849 0.000906822 
0.0303801 0.00189625 0.000349403 0.0330966 4.5125e-08 0.000230094 6.02722e-05 0.00282122 0.574926 0.0220443 0.000155696 0.00530405 0.000301894 4.31897e-08 0.00563689 0.00652603 0.00027507 0.00980121 0.0382281 0.00923094 0.00264896 0.0119439 0.12856 0.000241843 0.109711 0.0056307 
0.0832865 6.9851e-06 0.0515356 2.33103e-06 3.03617e-07 9.71244e-08 2.62067e-06 6.44085e-06 0.421138 0.00448397 0.0127382 0.00355008 0.00188436 4.0557e-05 0.176965 0.00194812 0.00116081 0.0410247 0.048609 0.0022285 0.029179 0.042519 0.0435107 5.72742e-08 0.034001 0.00017882 
0.0671924 0.000146362 0.0105243 0.0129135 0.000184108 0.000548357 0.000808532 0.00260517 0.200819 0.0236799 0.00968942 0.00752013 0.00296746 6.48152e-05 0.00570477 0.00704853 9.02618e-05 0.0858399 0.108923 0.00827822 0.0841707 0.0468257 0.183347 0.0231474 0.105523 0.00143728 
0.00982774 0.000196367 0.00298521 0.0193817 4.44584e-08 5.64046e-06 0.0131163 0.000222516 0.641898 0.0272161 1.13056e-05 0.0563722 0.0282916 0.00348904 0.00378778 0.00445036 0.000637296 0.0611611 0.01845 0.000814181 0.0712609 0.00113877 0.014884 1.05952e-05 0.0203777 1.35257e-05 
0.033622 2.27386e-08 0.00035892 2.37864e-06 4.13579e-05 7.34308e-06 0.011841 3.7282e-06 0.340693 1.62518e-05 2.99436e-09 2.3693e-06 0.00228872 2.34364e-08 0.271869 0.000116709 3.44521e-07 0.00127924 0.161374 5.44064e-09 0.13025 7.79072e-05 1.54888e-05 4.41724e-06 0.0461367 1.80372e-08 
0.00335246 4.47017e-07 8.29482e-05 3.91245e-07 1.50129e-05 7.06586e-07 8.23377e-05 0.000819445 0.966917 4.36491e-08 0.000189982 1.4783e-07 1.96387e-05 0.003539 3.61308e-06 3.31582e-07 9.39224e-08 0.0113474 5.963e-08 7.16145e-06 8.63785e-08 1.06878e-07 2.80511e-06 4.16673e-07 0.0136181 3.54593e-07 
0.0031273 4.76702e-06 0.0019734 2.47717e-07 0.000780685 2.13463e-05 9.02101e-05 1.20406e-05 0.90297 0.00420952 5.58733e-06 0.00144002 0.00549322 2.91714e-07 0.00320424 0.00606804 0.000234977 0.00773632 0.0128482 0.00017931 0.000309354 0.000920397 0.0273693 4.17923e-06 0.0209655 3.20646e-05 
0.319426 3.24772e-08 0.0258898 0.000939793 0.0019235 0.00464286 0.00994393 1.84852e-06 0.343609 0.0019598 8.4065e-05 0.00506127 0.0299113 3.34739e-08 0.00524553 0.00102934 0.000109491 0.14122 0.00159839 0.00155791 0.00709737 0.00176746 0.0822781 1.81227e-06 0.014656 4.56853e-05 
3.78005e-08 8.15633e-05 0.0151057 8.00722e-10 1.36605e-06 2.43324e-05 0.000304704 0.00659051 0.441927 0.0155889 0.0317608 0.00495133 0.00238983 1.68912e-06 0.0469715 6.04839e-05 5.91116e-05 0.00351174 0.0646802 0.00207295 0.00388709 0.00121761 0.0428549 4.22323e-06 0.315952 7.2571e-10 
0.000674986 0.0350394 0.0124888 4.68438e-09 4.6715e-07 7.35095e-05 0.00106048 0.00231664 0.430791 0.0272502 0.000468502 0.0149806 0.00603338 5.51639e-09 0.0138515 0.00071812 8.48353e-05 0.0270588 0.00746481 2.25891e-05 0.0188776 4.07578e-06 0.182404 0.000175897 0.19768 0.0204789 
0.000469014 0.000210821 0.000141666 5.03678e-06 6.19714e-06 0.000117639 0.000144017 0.00205664 0.919859 0.00234379 0.0240893 0.000555319 0.00915096 0.000851366 0.00280642 0.000238017 7.73137e-06 0.000987701 0.00347739 8.55542e-05 0.000382826 0.000361228 0.00172651 6.24095e-06 0.0262573 0.00366271 
2.19329e-07 3.64938e-11 9.56958e-07 1.91964e-08 0.000298903 2.25028e-07 1.30566e-06 1.93546e-11 0.665684 0.0322574 0.0200091 2.23753e-06 0.00060804 3.76137e-11 0.0092219 9.61006e-07 7.66769e-12 0.0264874 1.87427e-07 2.14812e-07 0.0370118 4.20573e-07 7.36465e-07 2.04439e-08 0.208409 4.18597e-06 
0.0518575 0.00830157 0.0301164 0.000513141 0.00010307 0.000780784 0.00387906 0.00121129 0.191953 0.0529842 0.0182471 0.00735656 0.00911092 0.000238317 0.120511 0.002886 0.00015386 0.0164741 0.130328 0.00651208 0.0138251 0.0116407 0.133168 2.12919e-05 0.178964 0.00886207 
9.08482e-08 0.000497322 0.00997854 4.88464e-10 3.89245e-05 1.92697e-05 0.000845237 6.0076e-05 0.818015 0.0319406 0.000175507 0.00298773 0.0108972 5.75221e-10 0.00394438 0.000126828 0.000855422 0.0246191 0.00303971 0.00131695 0.000701083 0.000726405 0.0195309 2.61076e-05 0.0690192 0.000638362 
0.000333704 0.00116864 0.0012899 3.70069e-06 0.0311263 0.00190742 4.96911e-05 0.000294576 0.770918 0.00691083 0.000135017 0.0283564 0.0139843 0.000731712 0.0080873 0.0363189 0.0306748 0.00592218 0.0148027 0.00324484 0.00284613 0.00304499 0.00870319 3.34418e-05 0.0290747 3.65552e-05 
0.012477 0.00313839 0.00289536 1.18678e-06 8.76789e-05 2.91993e-05 3.38991e-05 0.00158438 0.808396 0.00518159 0.00136344 8.61448e-05 0.0125754 1.39756e-06 0.00135299 2.54054e-05 0.000468269 0.0227932 0.0202959 0.000217588 0.00128995 0.0348891 0.0162685 4.73236e-06 0.0543705 0.000173336 
0.00245846 0.0500328 0.00379994 2.71154e-08 0.000204731 1.50197e-06 0.00908351 0.000140514 0.322527 0.087306 0.0614739 0.058451 0.000166001 2.0651e-09 0.0391801 0.00802276 0.000175064 0.00115966 0.0371089 0.00524565 0.00141931 0.0136012 0.20991 1.17231e-05 0.0871907 0.00132919 
8.39896e-07 0.00278105 2.30809e-05 4.43552e-09 5.45737e-09 8.01052e-09 1.04608e-06 2.68772e-09 0.477619 0.266329 2.09272e-07 0.0219101 1.09021e-05 5.22332e-09 5.62649e-06 1.81338e-05 0.000141886 0.0061883 0.20108 1.21257e-09 0.000539078 0.0010557 0.0118499 0.00975344 0.000692296 4.02e-09 
0.0187676 0.000150339 0.00861071 3.39017e-07 1.80718e-05 0.000104374 0.00349414 0.000332486 0.453287 0.0416507 0.0121389 0.00455069 0.0116609 0.000371386 0.00612 0.00288191 2.04182e-05 0.0219433 0.00394179 0.00352542 0.00267697 0.0757269 0.0132388 2.72242e-06 0.0874175 0.227367 
0.000150417 0.0100942 0.0110016 0.00545101 7.07322e-07 0.000125278 0.00306813 0.000181252 0.459336 0.0815135 0.0224483 0.0199976 0.0119097 2.85555e-09 0.00435195 0.00049487 0.000664955 0.0893725 0.0102637 0.00481274 0.0565187 0.00418841 0.177782 2.46611e-06 0.0260074 0.00026236 
0.00369025 9.76346e-05 0.0137302 2.65038e-10 6.07761e-05 2.102e-05 5.4789e-05 0.0553865 0.626128 0.0166429 0.0216808 0.000360531 0.067381 3.18358e-09 0.0981097 0.000179841 9.54199e-06 0.00252286 0.00746623 0.00018159 0.00238946 0.000698278 0.0589575 1.8709e-05 0.0159327 0.00829933 
0.00835324 0.004965 0.0489551 1.76868e-09 9.14738e-06 3.19423e-09 0.00683438 0.00095139 0.665724 0.00299933 0.00103127 0.00623737 0.0341851 0.00710125 0.00160533 0.00154743 0.000299857 0.0519731 0.00810711 0.0091511 0.0154984 0.00333322 0.0120038 8.98193e-08 0.108712 0.00042279 
0.0011338 0.000418627 2.23096e-05 1.04386e-06 8.65396e-05 0.000959155 3.9224e-05 2.4233e-06 0.756054 0.000390622 0.000157552 0.00303441 0.00436847 0.00260576 0.140206 5.79234e-05 0.00166908 0.00570946 0.0376402 1.25419e-06 0.0196992 0.0192862 0.00317189 2.28381e-05 0.00321335 4.90578e-05 
1.60024e-05 1.35039e-05 0.000564021 3.7892e-08 4.66215e-08 6.84328e-08 7.04986e-05 8.91635e-05 0.910758 0.00967367 5.70116e-09 0.00120629 0.0612092 4.46221e-08 0.00154752 2.65305e-05 3.08235e-06 0.00244145 0.00837602 2.4367e-05 2.48807e-05 0.000479983 0.00336068 7.00779e-05 6.44441e-06 3.87405e-05 
0.0192922 0.000347106 0.00528961 5.0035e-07 7.30509e-07 1.30569e-05 0.000176413 0.000471803 0.576068 0.0166881 0.000815652 0.00787761 0.0525062 4.26891e-08 0.0377123 0.000214026 0.000220265 0.0691891 0.0284995 0.0240404 0.00796587 0.0485807 0.0321026 0.00024839 0.0704311 0.00124892 
0.000111166 0.000646188 0.000466274 6.17958e-07 0.000763228 0.000234839 0.000187593 3.74454e-07 0.932877 0.0115411 9.59533e-05 0.00011872 0.000302459 7.27714e-07 7.83629e-05 5.23722e-07 0.000646123 0.0449782 9.90955e-05 1.68935e-07 0.000164976 1.68811e-07 0.00440877 0.00221242 6.40208e-05 5.60068e-07 
0.0341685 9.28855e-09 0.00144216 8.12966e-09 4.90844e-05 1.46821e-08 0.00826262 6.85548e-06 0.735305 0.0290733 2.94929e-07 0.000214121 6.67047e-06 4.15012e-08 0.0168505 9.94928e-07 2.02334e-06 0.00707348 0.0397669 0.000282188 0.0335324 0.00512057 0.0131558 1.42627e-06 0.0726226 0.00306212 
7.80762e-06 0.103287 0.00196015 2.51059e-07 1.57598e-06 1.01418e-09 0.0332352 3.4028e-10 0.469182 0.0500451 1.5503e-07 6.26939e-07 0.0121294 1.00019e-06 0.0250292 1.9925e-06 1.07041e-07 0.0113688 0.0345268 0.0063468 0.0871429 0.00339956 0.0449355 5.9806e-10 0.117395 2.63376e-06 
0.00344254 4.0976e-10 0.00417529 3.58636e-10 4.68148e-06 1.05948e-07 0.000226805 0.000592142 0.74691 0.0178006 0.0133022 0.00311183 0.0505421 0.000718205 0.00120561 0.00418834 6.71107e-06 0.026303 0.0316927 6.35503e-08 0.00559049 0.00330626 0.0566106 1.69832e-08 0.03027 3.25039e-10 
0.0200177 1.48352e-08 0.00266666 1.29843e-08 1.27458e-06 3.02291e-05 1.5231e-06 6.86418e-05 0.451536 0.00679576 0.000286622 0.01978 0.0696788 1.52904e-08 0.0959721 3.06989e-06 3.57883e-07 0.00234149 0.00161925 0.00372468 0.084555 0.0075321 0.148519 2.10561e-07 0.0839647 0.000904187 
0.000267895 1.76057e-07 0.00112979 1.54091e-07 2.27375e-05 0.00638881 2.8385e-05 9.33719e-08 0.788729 0.0048877 2.31842e-08 0.00581917 0.000143186 0.00405799 0.0147511 1.04848e-05 0.00148735 0.00122394 0.0121692 3.46939e-05 0.0226764 9.31358e-05 0.00856272 1.64106e-07 0.127498 1.76716e-05 
0.000327999 0.0572069 0.00245326 2.03234e-08 3.14466e-06 3.06464e-05 0.000180415 0.000304573 0.615726 0.0418823 0.00356247 0.00551019 0.000375891 9.98159e-05 0.00343487 2.88294e-05 0.000403357 1.69625e-05 0.0133922 0.00235504 0.00123472 0.00225998 0.113309 1.37283e-05 0.128948 0.00693922 
0.0270041 9.33074e-05 0.0105426 4.89742e-08 5.85417e-05 4.36213e-06 0.0361178 0.00104874 0.191465 0.0210735 0.00578682 0.174468 4.9715e-05 6.30006e-06 0.127072 0.00232776 0.00228009 0.0995891 0.178639 0.00599385 0.0191159 0.0176534 0.016853 1.04662e-06 0.0622859 0.00046964 
2.36503e-06 0.0080328 0.0111175 2.36238e-06 2.36158e-06 2.35959e-06 0.0385178 2.36373e-06 0.326628 0.0269685 2.36531e-06 0.0617164 0.018917 2.36177e-06 0.0153773 2.36291e-06 0.0125369 0.0421011 0.0149038 0.0551042 0.0886926 0.0297998 0.152111 2.36216e-06 0.0872926 0.0101619 
0.00286483 0.000207287 0.00537256 0.000205631 0.000305743 0.00020385 0.0128025 0.00297956 0.774616 0.0145143 0.00715016 0.00110908 0.030927 1.82523e-05 0.00782521 0.00334029 4.18809e-05 0.0195819 0.0165732 0.00337579 0.00793823 0.00327795 0.015257 1.26293e-05 0.0543543 0.015145 
0.0467141 0.00595533 0.00257955 0.00095127 6.86032e-05 9.09419e-05 1.52957e-05 4.69588e-06 0.717236 0.00619423 0.000373125 0.00340703 7.77983e-05 1.75969e-06 2.06279e-05 0.00340869 0.000121408 0.0215531 0.0991376 2.29572e-05 0.0263852 0.0182536 0.0110359 0.000380567 0.036009 1.44847e-06 
0.000166426 0.34115 0.000136642 6.97404e-06 0.00114037 0.000359527 0.000283573 0.000370588 0.44089 0.000303294 0.000143342 0.0226745 0.000451607 8.21271e-06 9.20063e-07 5.91052e-06 8.76978e-05 0.0111856 0.000148018 0.163222 0.000246222 0.000906105 0.016004 7.4273e-06 9.54584e-05 6.32071e-06 
0.000137661 0.00710438 0.000694765 7.32222e-06 1.76678e-05 6.72204e-05 0.020755 1.72591e-07 0.834829 0.00651157 0.000906493 0.00023104 0.0206077 3.35415e-07 0.000175847 0.00034467 6.83755e-08 0.0390096 0.000166658 0.00351668 4.80555e-05 0.000290966 0.00399419 3.03338e-07 0.0604116 0.000171575 
0.00012645 0.00024348 0.000316582 9.1805e-06 1.12955e-05 4.47515e-05 0.000125695 0.000398056 0.893169 0.00617223 0.000137171 0.00246551 0.000160063 2.32222e-05 0.00431916 0.000421008 1.78959e-05 0.000629499 0.000490474 0.00143756 0.0149792 0.00138708 0.0634937 9.77717e-06 0.00252308 0.00688928 
9.29846e-10 4.56528e-06 0.00387295 3.98126e-09 4.89845e-09 7.19013e-09 6.77614e-07 1.48201e-06 0.941354 0.000578913 5.99012e-10 0.000590083 1.73889e-09 3.65374e-06 2.13886e-06 3.56688e-07 8.11784e-07 8.40192e-10 0.00410102 1.08838e-09 8.78976e-10 1.08758e-09 0.00730156 4.24001e-09 0.0317691 0.0104191 
2.01283e-06 0.00203126 5.6299e-05 9.29138e-08 2.26484e-07 3.54354e-06 0.0822523 0.00155149 0.523189 0.0294644 7.2008e-08 9.61578e-07 0.0191518 2.06166e-09 3.05478e-06 1.03291e-05 4.71022e-07 0.125136 0.0741308 0.00694831 1.52327e-06 0.0952891 0.0355993 2.71759e-07 0.00517757 1.58671e-09 
0.00970197 0.014082 0.0183175 3.32986e-05 2.54882e-06 1.00269e-05 9.66747e-08 0.000838974 0.662733 0.0418262 0.000215483 0.0117786 0.0087182 0.00036202 0.00120539 0.00364338 7.70511e-05 0.0134418 0.0475068 0.00325528 0.00369061 0.000356454 0.102414 1.21906e-07 0.0557839 5.48567e-06 
0.0172311 0.00316291 0.00717752 3.57112e-05 0.000468752 0.00174679 0.012913 0.00109402 0.400351 0.0850884 0.0202073 0.0852769 0.00892779 0.00707914 0.0129462 0.00515215 0.000350848 0.020563 0.0160564 0.0380718 0.0193903 0.00595831 0.0892993 0.00129714 0.132045 0.00810938 
0.000262089 4.3355e-05 0.00386819 8.77622e-08 1.07981e-07 1.35271e-05 0.000539235 6.61477e-05 0.567144 0.0175485 1.91363e-06 0.0010222 0.00197941 0.000326295 0.0599887 4.34115e-05 6.23045e-05 0.00466682 0.0828873 2.39921e-08 0.00469185 0.0596861 0.032016 0.00752253 0.155576 4.48443e-05 
3.11892e-05 0.00139092 0.000279179 1.20874e-08 7.15345e-05 1.74183e-05 5.10669e-05 7.32443e-09 0.479926 4.40256e-05 3.613e-07 4.56719e-09 0.0144555 1.42343e-08 5.78014e-05 1.02442e-08 0.000368967 0.331577 0.0342599 0.00237619 0.045024 0.0899031 2.06317e-05 1.2873e-08 9.27298e-05 5.29946e-05 
0.00322321 0.00330921 0.00289837 0.000631431 0.000233923 4.732e-06 0.00258077 0.000734593 0.614632 0.00475552 0.00806946 0.00156535 0.00755157 2.87168e-06 0.00582819 0.00272203 1.38069e-05 0.0752359 0.100515 0.0874859 0.00393272 0.0132505 0.0334465 6.48979e-05 0.0273061 6.26647e-06 
0.0545744 0.00280191 0.00775526 2.86069e-05 0.0163866 0.028451 0.000127313 0.000110618 0.176197 0.0324737 0.00383132 0.13585 0.0193877 1.3531e-06 0.0225667 0.00288194 0.000281226 0.166977 0.00752304 0.0203294 0.0836082 0.0824265 0.0312004 2.99033e-05 0.0897045 0.014494 
0.00148978 0.0404822 0.00189609 6.52822e-08 1.35736e-08 5.25723e-05 0.0996308 1.85903e-06 0.315784 0.04614 0.00322896 0.0884858 1.23584e-06 1.18852e-10 0.00797587 0.00447195 0.000447004 0.00780138 0.0184818 0.00369222 0.0356263 0.00045265 0.156739 6.9525e-08 0.165395 0.00172279 
0.0584866 2.97894e-05 3.38693e-05 0.0168468 2.0452e-05 0.00084984 8.95303e-05 1.31318e-05 0.487535 0.00742184 0.000222197 0.00195606 0.00057332 0.000709597 0.0113979 9.15446e-05 0.000251825 0.00110436 0.2244 0.000982203 0.0196882 0.0477735 0.0189707 0.0263669 0.0740994 8.52478e-05 
0.000666273 0.000326473 0.00633698 6.60501e-06 2.16144e-06 2.88074e-10 0.00138364 0.00399501 0.561186 0.0213579 0.00106671 0.0041339 0.129094 3.74501e-06 0.0634561 0.00546659 0.000289695 0.0110427 0.0501775 0.00833382 0.00896967 0.00230429 0.0825302 1.19279e-07 0.0378343 3.54531e-05 
2.36503e-06 0.0080328 0.0111175 2.36238e-06 2.36158e-06 2.35959e-06 0.0385178 2.36373e-06 0.326628 0.0269685 2.36531e-06 0.0617164 0.018917 2.36177e-06 0.0153773 2.36291e-06 0.0125369 0.0421011 0.0149038 0.0551042 0.0886926 0.0297998 0.152111 2.36216e-06 0.0872926 0.0101619 
1.98938e-05 0.00208112 2.4708e-05 1.731e-05 2.81018e-05 3.92553e-07 1.86348e-05 0.00014239 0.983677 0.0011098 1.56294e-06 0.00582023 0.000348657 2.55967e-07 8.76653e-05 3.21922e-05 3.0089e-05 7.24708e-05 0.00476761 4.40894e-06 4.4424e-07 4.55373e-06 0.000948488 3.98817e-05 0.000715894 6.43251e-06 
0.0128467 0.000137705 0.00139294 1.85852e-06 8.85542e-07 0.000243414 0.000175322 0.00142919 0.451349 0.0102403 0.0273286 0.00232814 0.0103871 0.0137647 0.0907975 0.000352964 0.00171185 0.0732851 0.19739 0.0422381 0.0118313 0.00040208 0.0336898 2.88918e-05 0.0166468 4.27829e-08 
0.0336764 8.55793e-08 0.012436 2.50506e-10 7.81028e-07 0.000253158 0.00055146 0.000418407 0.806089 5.03899e-07 0.000380389 0.000120224 0.000235113 2.11607e-08 0.0689427 0.00231551 2.24612e-08 0.000887668 2.50031e-07 0.00117365 0.016451 0.00440068 0.00289989 2.66787e-10 0.0465807 0.00218618 
0.013705 0.000346285 0.00334263 3.1162e-06 6.14511e-06 0.000540105 0.000914338 0.0116377 0.300705 0.0721167 0.0726714 0.0027903 0.00606913 0.0011048 0.0290008 0.009225 2.50176e-05 0.012142 0.120572 0.00194023 0.0686478 0.0382925 0.179544 2.01171e-05 0.051776 0.00286187 
7.05929e-06 8.0499e-07 0.00103426 1.43319e-09 5.49302e-06 1.27362e-05 5.78275e-07 3.42763e-06 0.471581 0.149451 1.28854e-06 2.6152e-06 0.00180714 1.39371e-05 0.000453693 0.000348401 0.000399466 0.000597478 0.141755 7.29312e-06 0.0230897 0.0744896 0.064823 1.62621e-05 0.026763 0.043336 
3.86219e-06 0.0948585 0.020187 5.75129e-09 3.99886e-06 1.3124e-05 0.000273448 0.000419999 0.816024 0.00257649 0.00012092 0.00227591 2.51199e-09 6.77279e-09 7.92924e-06 1.98542e-05 0.000347838 8.31515e-06 0.00171768 3.50705e-06 2.11828e-05 1.57111e-09 0.00453238 0.000746518 0.0507286 0.00510871 
0.0138438 0.00415584 2.49516e-07 2.04001e-09 2.50998e-09 3.68424e-09 0.000139332 2.9066e-05 0.932339 0.00537592 0.00055385 0.00979543 7.88381e-07 0.00446946 5.29181e-07 1.65239e-06 0.000872186 0.013579 0.00760494 2.74953e-06 0.00031242 0.000454399 0.00260231 0.000972431 0.00289502 1.8489e-09 
0.00925668 6.74758e-06 0.00964589 1.02581e-06 1.93484e-05 4.41765e-09 0.00150047 0.00125885 0.62029 0.0503315 0.00160972 0.00201538 0.105085 2.88056e-09 0.00693197 0.000194782 0.000104063 0.039153 0.0369302 0.00250144 0.0122966 0.00775506 0.0774718 9.21606e-05 0.00976607 0.00578209 
0.00269334 1.93949e-05 0.0173755 2.0396e-05 4.54047e-08 0.000107745 7.02722e-05 0.00107444 0.596298 0.0151774 6.86363e-06 0.0658896 0.00501964 1.21728e-06 0.0266596 0.00074833 0.000253952 0.0060845 0.0165671 0.00181277 0.0124948 0.00711076 0.0753869 8.95061e-06 0.144584 0.00453425 
0.0255568 0.00030322 0.0180317 5.02398e-10 0.000289789 1.10118e-07 0.015725 0.00113184 0.31642 0.0147838 0.000622469 0.0932293 0.10499 5.80253e-07 0.0417179 0.000411218 7.33873e-05 0.041676 0.0280591 0.00854859 0.0287085 0.00279717 0.0419346 2.67463e-08 0.214989 1.25413e-07 
0.0565966 0.00311451 0.0101612 0.0129336 1.56996e-05 6.72844e-05 0.00149303 0.000151739 0.557491 0.00744094 0.000162542 0.0111536 0.0177093 1.64744e-05 0.000918053 0.00588207 1.22501e-06 0.0615131 0.0520778 0.00144252 0.0534558 0.0070329 0.0811342 4.78294e-06 0.0579347 9.5532e-05 
0.000270804 0.115906 0.00208319 3.63687e-07 1.35419e-07 2.28296e-05 3.54788e-07 0.000318954 0.475139 0.000262286 0.00340998 0.00132274 4.3365e-07 2.76131e-10 0.0375065 2.3629e-07 0.000217313 1.53733e-05 0.00518225 4.69813e-07 0.000105559 3.74524e-07 0.0876481 5.93965e-07 0.270559 2.67565e-05 
0.00506928 0.0089709 1.85413e-06 1.30875e-05 1.55839e-06 2.20233e-08 0.000561718 4.11558e-06 0.728004 0.116514 4.69514e-06 0.0652069 0.00948329 1.43605e-08 0.0215434 0.00942736 9.34555e-05 0.00830911 0.00698239 6.78686e-05 0.000229305 0.000650609 0.0108818 0.000213376 0.00775062 1.48295e-05 
0.00511866 0.000223602 0.0410144 6.08016e-07 7.30472e-08 3.85897e-05 4.20096e-07 0.000227071 0.570463 0.00435943 0.00111631 0.00315392 0.00178956 7.98973e-10 0.00201637 4.9748e-06 5.59801e-08 1.18093e-05 0.000949343 1.24184e-06 0.0673566 5.38025e-05 0.242391 2.23279e-07 0.0587202 0.000988973 
2.6181e-06 0.000249868 0.0127176 7.08804e-09 2.6505e-07 7.27474e-06 0.102144 1.1964e-05 0.484502 0.00744781 6.42164e-05 0.0121124 3.09584e-09 1.60103e-06 0.000367967 0.00633894 0.0001062 0.00133109 0.0229046 0.000515545 0.00029566 0.28325 0.0471697 7.54872e-09 0.0184442 1.47427e-05 
0.0390756 0.0201778 0.0749667 0.00013314 1.18317e-05 8.56761e-05 9.35489e-05 0.0101476 0.421523 0.00918701 0.0216534 0.0337227 0.000913202 1.04284e-05 0.0296305 0.00356603 0.000369236 0.0433972 0.0462502 0.00596074 0.00430177 0.0144337 0.102275 0.000241516 0.117775 9.70448e-05 
4.55318e-06 0.00246954 0.0389887 6.58751e-10 9.71986e-06 1.30153e-06 0.00037259 0.000944522 0.397145 0.0236274 0.000868998 0.00724722 0.00501467 7.75753e-10 0.00797349 0.00367783 1.74681e-05 0.0544397 0.082182 0.0443667 0.0214613 0.00329599 0.0930725 4.19211e-07 0.212078 0.000741118 
0.0115434 0.00204271 0.00249217 0.000696841 9.40622e-07 1.00476e-06 0.00249551 0.000145386 0.560576 0.0360339 0.00489351 0.00941872 0.0974935 1.10621e-05 0.0327896 0.0296824 0.000356421 0.00995269 0.0893449 0.010126 0.00785355 0.00566049 0.0613361 0.00853246 0.016472 4.89242e-05 
0.0188667 5.65404e-05 0.000541643 3.51987e-08 5.95382e-05 7.59988e-05 0.00796587 0.000108376 0.782282 0.00319148 0.00071288 0.00146108 0.0469116 4.14504e-08 3.84309e-05 0.000966622 8.1564e-05 0.0211435 0.0313278 1.07011e-06 0.0148708 0.000582193 0.0546429 2.55884e-05 0.0140845 1.2701e-06 
1.03515e-07 0.00279541 7.86361e-11 2.95277e-10 2.50715e-06 5.33269e-10 1.4716e-06 1.78924e-10 0.759355 0.0486606 2.62162e-07 0.0239787 5.17162e-08 3.47722e-10 4.98663e-07 6.25872e-07 0.00108941 4.49293e-06 0.10339 0.0449113 2.84239e-06 0.0022664 5.38039e-06 0.000220725 0.0130605 0.000254235 
0.0928689 0.000263672 0.00193985 5.45368e-09 7.34286e-06 0.000802201 4.45085e-06 2.22965e-06 0.402413 2.89346e-05 0.000280224 0.0126939 0.000198411 6.42232e-09 0.130584 1.38731e-05 0.000122682 0.0102427 0.102161 0.160311 0.0300654 0.00286362 0.0244503 1.29667e-06 0.0275559 0.000124593 
0.00271051 0.00317668 0.00906323 1.90032e-06 0.00217722 0.000194521 8.20755e-05 0.000156089 0.445641 0.015773 0.00902476 0.00960675 0.00519141 0.00527276 0.0051626 8.07475e-05 0.000795489 0.00884106 0.278745 0.0278738 0.000352602 0.00905099 0.0180068 0.131112 0.0118664 4.05714e-05 
0.00269621 5.46548e-05 0.000448026 4.96098e-08 4.09568e-05 0.000109891 0.000104484 0.00688267 0.424045 0.00689653 0.00493857 0.110528 0.0052056 0.000684157 0.0184777 0.000442441 0.00141333 0.00125092 0.081858 0.0245533 0.0141313 0.0040624 0.117726 2.13842e-05 0.14818 0.025249 
7.25873e-06 1.50721e-05 8.69057e-06 5.8248e-09 2.03976e-05 1.05196e-08 4.91943e-09 0.00297268 0.606414 0.159342 2.59987e-06 2.20088e-09 2.54409e-09 5.22275e-06 0.0023008 4.93654e-09 1.3983e-09 0.041262 0.0853532 3.30588e-06 7.54765e-06 6.1322e-06 0.0112298 2.50067e-05 0.0175351 0.0734889 
0.00599005 0.00614736 0.0267006 1.03729e-09 2.09765e-07 1.15023e-06 2.7228e-05 0.00243746 0.485047 0.000935824 0.000986811 0.00114779 6.42091e-07 1.22153e-09 0.0136039 9.37916e-08 6.17706e-05 0.0027202 0.0136194 1.0211e-06 0.00095693 0.00284933 0.0241323 4.30946e-05 0.384301 0.0282883 
0.0515609 0.000463797 0.0483456 8.76015e-10 5.71267e-07 0.000271881 3.38077e-05 0.000670153 0.332968 0.196703 0.000261417 0.00766631 0.0381595 1.03161e-09 0.0377601 3.18263e-06 1.75953e-07 0.0195272 0.152194 0.0132697 0.000754729 0.00541735 0.00650369 0.000410957 0.0866821 0.000371578 
0.00233715 0.00483065 0.0308906 2.29927e-06 4.21654e-06 1.79586e-05 0.0118357 0.0299181 0.491796 0.022019 0.0266611 0.00886801 0.0118097 2.0108e-05 0.0204057 0.00123985 0.000168238 0.0206052 0.0675067 0.0011619 0.00343288 0.00221437 0.0904832 0.00165992 0.149996 0.000115571 
2.79593e-05 0.266101 0.000440037 7.08083e-06 1.01547e-06 7.37499e-05 0.00022015 0.00011006 0.685872 0.00106837 0.000786989 0.0104588 1.01389e-07 6.19334e-11 0.000194702 1.506e-07 0.000720682 5.07509e-05 0.011855 1.09844e-07 8.218e-08 8.75654e-08 0.00566611 0.00129583 0.0150338 1.58236e-05 
0.000781123 0.00869181 0.0081549 8.57285e-06 0.000167117 0.00181312 0.00719751 0.00398832 0.618073 0.0287495 0.0117682 0.033118 0.00158977 0.000434664 0.00882096 4.08527e-05 0.00534505 0.0224142 0.0633124 0.00340543 0.00408976 0.000249567 0.0434522 9.71805e-05 0.121307 0.00293001 
0.00117471 0.00349636 0.00441469 2.13546e-08 1.44742e-06 3.15974e-06 7.34218e-05 0.000141308 0.361165 0.0848617 5.26256e-06 0.000737584 0.00985899 3.69648e-09 0.0293701 0.00479033 6.25972e-05 0.00473495 0.0299732 0.0204181 0.00167588 0.000414688 0.200976 6.57089e-05 0.241584 8.56678e-07 
0.00344254 4.0976e-10 0.00417529 3.58636e-10 4.68148e-06 1.05948e-07 0.000226805 0.000592142 0.74691 0.0178006 0.0133022 0.00311183 0.0505421 0.000718205 0.00120561 0.00418834 6.71107e-06 0.026303 0.0316927 6.35503e-08 0.00559049 0.00330626 0.0566106 1.69832e-08 0.03027 3.25039e-10 
