0.0438851 9.4715e-10 3.27646e-06 8.28979e-10 7.12557e-07 4.57958e-06 7.00128e-10 0.000383311 0.00240942 9.24848e-11 0.00309816 0.00204368 3.98378e-07 9.76216e-10 0.00844257 3.07613e-07 1.93718e-07 3.71582e-08 0.00229468 0.85277 0.0161703 0.00697344 5.73544e-06 8.82857e-10 0.0615134 5.56649e-07 
0.158586 2.69349e-05 2.43967e-06 3.23494e-08 3.9802e-08 4.79322e-05 2.73212e-08 4.09542e-06 0.65615 3.60905e-09 5.04292e-06 0.0189267 1.41292e-08 3.8095e-08 0.00403341 2.74162e-08 1.50715e-06 5.47059e-05 0.066576 8.84357e-09 7.14205e-09 8.83706e-09 0.0889131 3.44519e-08 0.0066722 2.93189e-08 
0.00057003 9.91545e-08 0.970695 8.67835e-08 2.25557e-06 0.000545214 3.62106e-05 0.0010244 0.000403378 9.68197e-09 0.000453187 8.19581e-05 0.00434086 1.02197e-07 0.00194783 0.000182841 2.87715e-08 0.00415756 0.00174744 2.23144e-06 0.000173812 4.20878e-06 0.0060009 9.24238e-08 0.00763041 7.86536e-08 
0.000829829 1.54435e-05 0.00434996 8.23681e-07 1.01344e-06 1.21901e-05 6.95653e-07 1.77131e-05 1.44512e-06 9.18937e-08 0.000100435 3.11224e-07 3.59759e-07 9.69976e-07 0.000460244 6.98073e-07 2.77325e-06 4.86154e-06 1.25538e-07 2.87114e-05 2.61722e-06 2.25009e-07 3.04175e-05 8.77215e-07 0.993977 0.000159884 
0.000557199 5.53855e-08 0.971011 4.84754e-08 1.32911e-06 0.000514285 2.13901e-05 0.00100205 0.000394239 5.40813e-09 0.000446212 7.569e-05 0.00427929 5.70851e-08 0.00193351 0.00015027 1.63309e-08 0.00411559 0.00173331 1.31929e-06 0.000167144 2.48905e-06 0.00598075 5.16259e-08 0.00761218 4.39342e-08 
5.83849e-07 0.00303781 0.00692277 2.00078e-10 2.46171e-10 6.82208e-06 5.78854e-07 2.86387e-06 0.700664 2.23216e-11 2.12705e-06 0.00489718 2.44759e-07 7.33892e-06 0.0282002 1.69567e-10 2.57798e-07 9.7407e-08 0.0417507 0.00167277 4.41729e-11 3.77827e-05 0.0107447 0.000137329 0.201914 3.10446e-07 
0.0126727 7.54448e-07 0.351193 6.6032e-07 0.0260566 1.19253e-06 4.8223e-06 0.0440084 0.0503739 7.36683e-08 0.0766523 2.49499e-07 3.60056e-05 0.236059 8.71139e-08 5.59623e-07 1.58517e-07 0.0846751 0.011463 8.17079e-05 0.0118241 1.80383e-07 0.0153915 7.03236e-07 0.0795026 5.98461e-07 
0.00591752 1.05826e-06 9.69118e-05 9.26224e-07 1.13961e-06 1.67276e-06 0.33339 0.00145221 0.000140818 1.03334e-07 1.39358e-07 3.4997e-07 4.04547e-07 0.00350614 0.0367959 7.84979e-07 2.2235e-07 1.95467e-07 0.00193639 0.00579522 0.263048 0.00224118 0.337729 0.00146994 0.00199953 0.00447486 
0.000839088 3.13428e-05 0.000410972 2.74323e-05 3.37521e-05 4.95426e-05 0.000245543 1.66227e-05 0.99609 3.06047e-06 4.12741e-06 9.103e-05 0.000245093 3.23046e-05 9.75012e-05 2.3249e-05 6.58541e-06 0.000511892 0.000109386 7.49935e-06 0.000425542 0.000164956 0.000416676 2.92152e-05 6.27474e-05 2.48624e-05 
1.13862e-07 2.25501e-11 0.948549 1.97366e-11 2.42835e-11 1.78577e-08 1.80157e-05 5.02418e-08 4.57491e-08 2.20191e-12 5.58302e-08 1.1336e-07 8.62036e-12 2.32421e-11 5.30395e-07 1.67269e-11 6.6379e-09 1.66648e-08 3.00808e-12 8.79528e-08 4.35743e-12 2.53457e-08 0.00117878 2.10194e-11 0.0502535 1.78877e-11 
0.000812205 0.000983515 0.00027191 6.35519e-06 7.81928e-06 5.97003e-05 5.36737e-06 3.85095e-06 0.00119061 7.09014e-07 0.00112183 0.00278698 2.77575e-06 7.48394e-06 8.3842e-07 5.38604e-06 1.52563e-06 0.000722624 0.000497462 1.73736e-06 1.40309e-06 0.000592567 0.000184865 6.76823e-06 0.00268761 0.988036 
1.52784e-10 0.0103223 3.15152e-05 6.54164e-10 8.05674e-07 1.18142e-09 1.27126e-06 3.96393e-10 0.97886 7.29815e-11 9.84241e-11 1.73045e-06 2.85719e-10 7.70351e-10 4.05704e-07 5.54406e-10 0.00205711 1.38053e-10 0.00872191 1.10894e-06 1.44425e-10 1.9675e-07 5.55608e-07 1.18505e-06 3.55773e-07 5.92881e-10 
0.0427985 3.41184e-06 0.10885 4.58315e-09 5.63901e-09 1.14953e-05 3.87077e-09 4.6199e-06 5.14217e-06 5.11318e-10 6.89572e-10 2.84196e-06 0.0103106 5.4528e-06 1.80948e-05 3.88424e-09 7.96388e-07 0.0122096 8.63479e-06 1.06825e-06 0.47312 0.244123 0.0846767 1.06334e-06 0.0238477 1.18328e-06 
1.13862e-07 2.25501e-11 0.948549 1.97366e-11 2.42835e-11 1.78577e-08 1.80157e-05 5.02418e-08 4.57491e-08 2.20191e-12 5.58302e-08 1.1336e-07 8.62036e-12 2.32421e-11 5.30395e-07 1.67269e-11 6.6379e-09 1.66648e-08 3.00808e-12 8.79528e-08 4.35743e-12 2.53457e-08 0.00117878 2.10194e-11 0.0502535 1.78877e-11 
5.28848e-05 5.9912e-05 5.25875e-09 2.93182e-06 2.42957e-08 3.56621e-08 0.000157365 0.0510646 0.717129 2.20301e-09 3.63332e-06 2.83684e-06 0.00075442 2.32537e-08 0.00798288 1.67352e-08 6.99548e-06 4.16724e-09 2.86619e-05 8.44577e-06 4.3596e-09 0.193396 5.41682e-06 2.88192e-05 0.0293092 6.42755e-06 
0.0370901 6.90139e-09 3.12088e-05 6.10075e-07 7.43191e-09 1.09088e-08 0.000464237 1.68404e-05 0.891405 6.73889e-10 9.08818e-10 1.32397e-05 6.3344e-06 7.11318e-09 6.45555e-06 5.11921e-09 1.45005e-09 1.27474e-09 0.0709109 1.65129e-09 1.33358e-09 1.65007e-09 3.59898e-06 6.43292e-09 4.68817e-05 4.93251e-06 
1.71094e-08 8.36986e-08 0.00064422 0.00126253 9.01325e-08 1.323e-07 1.58383e-05 6.82171e-05 0.614897 8.17277e-09 7.99556e-06 0.00195004 1.26411e-05 8.62671e-08 0.198702 6.20847e-08 1.75859e-08 0.000147399 1.1165e-08 2.7206e-06 0.164471 2.00117e-08 0.000836635 7.80171e-08 0.0169807 8.35942e-07 
0.0438851 9.4715e-10 3.27646e-06 8.28979e-10 7.12557e-07 4.57958e-06 7.00128e-10 0.000383311 0.00240942 9.24848e-11 0.00309816 0.00204368 3.98378e-07 9.76216e-10 0.00844257 3.07613e-07 1.93718e-07 3.71582e-08 0.00229468 0.85277 0.0161703 0.00697344 5.73544e-06 8.82857e-10 0.0615134 5.56649e-07 
2.47701e-06 1.21175e-05 2.82442e-06 1.06056e-05 1.3049e-05 1.91537e-05 8.95716e-06 6.42652e-06 0.0645554 1.18321e-06 1.5957e-06 4.00729e-06 4.63222e-06 0.0162486 0.00951574 8.98832e-06 2.54599e-06 2.23818e-06 0.0140645 2.89933e-06 2.3415e-06 2.8972e-06 0.889418 1.12949e-05 0.0060676 9.6121e-06 
0.0625902 2.02152e-06 0.0409502 5.30617e-08 6.52859e-08 0.000471336 4.48141e-08 3.21529e-08 0.582287 5.9198e-09 0.00146749 0.00151578 0.000235375 8.69683e-05 0.00512962 0.000568971 1.2738e-08 0.0142805 0.0204732 8.91591e-05 0.00423575 0.000370395 0.0140273 3.11289e-05 0.135818 0.115369 
0.0438851 9.4715e-10 3.27646e-06 8.28979e-10 7.12557e-07 4.57958e-06 7.00128e-10 0.000383311 0.00240942 9.24848e-11 0.00309816 0.00204368 3.98378e-07 9.76216e-10 0.00844257 3.07613e-07 1.93718e-07 3.71582e-08 0.00229468 0.85277 0.0161703 0.00697344 5.73544e-06 8.82857e-10 0.0615134 5.56649e-07 
3.49998e-07 1.71218e-06 3.99086e-07 0.000600925 1.8438e-06 2.7064e-06 1.26564e-06 9.08059e-07 0.997811 1.67187e-07 2.25471e-07 5.66225e-07 6.54527e-07 1.76473e-06 0.000296749 1.27004e-06 3.59746e-07 3.16252e-07 2.28397e-07 4.09672e-07 3.3085e-07 4.0937e-07 0.00109233 1.59596e-06 0.00018002 1.35818e-06 
1.45992e-05 2.25149e-08 0.0670232 1.97059e-08 2.42457e-08 1.95919e-05 1.66429e-08 1.19408e-08 0.0216009 2.19848e-09 0.0117614 7.44577e-09 2.24118e-05 2.32059e-08 4.65303e-06 1.67008e-08 2.02429e-07 4.23409e-05 3.30066e-06 5.38712e-09 0.000101043 4.70234e-05 0.0120948 2.09866e-08 0.887264 1.78598e-08 
7.10955e-09 3.47797e-08 8.10668e-09 3.04405e-08 3.74533e-08 5.49753e-08 2.5709e-08 1.84455e-08 0.999935 3.39608e-09 4.58001e-09 1.15018e-08 1.32955e-08 3.5847e-08 3.0159e-06 3.45508e-06 7.30755e-09 2.71005e-05 1.11054e-05 8.32171e-09 3.15695e-06 8.31558e-09 5.00274e-06 3.24189e-08 1.15755e-05 2.75888e-08 
0.137104 7.208e-10 2.6489e-06 6.3087e-10 7.76208e-10 7.66485e-06 5.32811e-10 2.38342e-05 1.09194e-06 7.03827e-11 1.08568e-06 9.70441e-09 4.93206e-07 7.42919e-10 0.0390683 5.34664e-10 9.42177e-08 0.00111675 0.128161 7.19413e-07 0.00680428 0.119067 2.58854e-07 6.71872e-10 0.544749 0.0238909 
0.125245 9.34653e-09 0.0207673 8.18042e-09 1.0065e-08 1.47738e-08 3.16942e-06 4.95695e-09 0.801328 9.12645e-10 1.23081e-09 3.09093e-09 3.57296e-09 1.66324e-06 0.00575839 7.54405e-06 0.00151591 5.12966e-06 1.24679e-09 1.79366e-06 1.80606e-09 0.00294201 0.0216779 8.71208e-09 0.0207401 6.37072e-06 
0.0130512 0.000624333 7.66444e-07 4.17037e-05 0.000530123 5.19762e-06 2.43065e-06 1.74392e-06 0.738939 3.21081e-07 4.33016e-07 1.08743e-06 1.25702e-06 3.38915e-06 0.000154044 0.000669507 6.9089e-07 0.0473563 0.054308 7.86773e-07 0.000368392 0.068669 0.0526417 0.000251159 0.0091966 0.013181 
3.05949e-08 1.4967e-07 3.48859e-08 1.30996e-07 1.61175e-07 1.33395e-05 1.10635e-07 7.04211e-05 0.930129 1.46145e-08 8.67603e-05 0.0256429 0.000139488 1.54263e-07 3.06465e-05 1.1102e-07 2.44152e-05 2.7645e-08 0.00648137 3.58113e-08 2.89211e-08 3.57849e-08 9.42547e-06 1.3951e-07 0.0373711 1.18724e-07 
0.00335246 4.47017e-07 8.29482e-05 3.91245e-07 1.50129e-05 7.06586e-07 8.23377e-05 0.000819445 0.966917 4.36491e-08 0.000189982 1.4783e-07 1.96387e-05 0.003539 3.61308e-06 3.31582e-07 9.39224e-08 0.0113474 5.963e-08 7.16145e-06 8.63785e-08 1.06878e-07 2.80511e-06 4.16673e-07 0.0136181 3.54593e-07 
0.614552 1.77768e-10 0.0208837 3.58009e-07 5.76214e-08 1.18045e-06 1.31405e-10 4.24352e-07 1.57105e-08 1.73582e-11 0.00395638 5.87885e-11 6.79564e-11 1.83223e-10 0.256385 8.97992e-06 4.48581e-08 1.40537e-06 5.15532e-06 4.25343e-11 1.15421e-06 2.2357e-06 0.0163271 1.65701e-10 0.0878749 1.41013e-10 
0.0438851 9.4715e-10 3.27646e-06 8.28979e-10 7.12557e-07 4.57958e-06 7.00128e-10 0.000383311 0.00240942 9.24848e-11 0.00309816 0.00204368 3.98378e-07 9.76216e-10 0.00844257 3.07613e-07 1.93718e-07 3.71582e-08 0.00229468 0.85277 0.0161703 0.00697344 5.73544e-06 8.82857e-10 0.0615134 5.56649e-07 
0.00753496 7.01937e-07 0.375773 6.1436e-07 7.55895e-07 1.10953e-06 0.0498614 0.0321261 0.206137 6.85408e-08 3.00263e-05 7.4085e-05 0.000318377 7.23477e-07 7.66674e-06 5.20672e-07 1.47483e-07 0.228729 0.00250953 9.07353e-06 0.00527155 0.000114094 0.00843062 6.54289e-07 0.0830395 2.84286e-05 
0.0202368 1.32881e-06 0.0168186 1.16303e-06 1.43096e-06 0.00126235 0.00226016 0.854217 0.0169241 1.29753e-07 1.74986e-07 0.012964 0.00137204 0.00137096 0.0044651 9.85668e-07 0.000586591 0.0165675 0.00615103 0.0109694 0.0152268 3.1771e-07 0.00211559 1.23861e-06 0.0164846 1.05407e-06 
1.52784e-10 0.0103223 3.15152e-05 6.54164e-10 8.05674e-07 1.18142e-09 1.27126e-06 3.96393e-10 0.97886 7.29815e-11 9.84241e-11 1.73045e-06 2.85719e-10 7.70351e-10 4.05704e-07 5.54406e-10 0.00205711 1.38053e-10 0.00872191 1.10894e-06 1.44425e-10 1.9675e-07 5.55608e-07 1.18505e-06 3.55773e-07 5.92881e-10 
0.0985715 0.000259799 9.58543e-05 6.63671e-07 8.16566e-07 0.00163456 0.000141963 0.00810075 0.407012 7.40422e-08 7.56334e-05 0.000207722 2.89871e-07 7.81547e-07 0.000172189 5.62464e-07 0.00012685 8.03754e-05 0.0244918 1.81432e-07 0.176959 0.0311801 0.0195028 7.06805e-07 0.231237 0.00014602 
5.2045e-08 0.656472 0.0019789 2.22838e-07 2.74175e-07 0.000194887 1.88201e-07 5.32697e-05 0.274764 2.48608e-08 3.35277e-08 9.00145e-05 0.00153212 2.62416e-07 2.53272e-05 1.88856e-07 0.000273201 0.023715 0.0101705 0.00168294 5.94877e-05 2.34178e-05 0.0184395 0.00540624 0.00507148 4.66971e-05 
0.0316673 9.53626e-07 0.000332582 4.01823e-06 1.02693e-06 1.50737e-06 1.02377e-05 5.05757e-07 0.883661 1.25406e-07 1.25579e-07 1.70466e-05 0.000922989 1.66982e-06 2.63906e-05 8.67904e-06 5.0638e-06 0.0664396 1.27209e-07 0.000743075 0.00657389 0.0033096 0.00548565 8.88894e-07 0.000784993 7.56458e-07 
0.00154233 3.54282e-09 0.0100249 2.74271e-08 1.87805e-08 1.68432e-06 2.61883e-09 0.000416487 6.97562e-05 3.45939e-10 0.000936311 1.17162e-09 3.72785e-07 3.65153e-09 3.19574e-07 2.62794e-09 7.44378e-10 9.05712e-05 3.42898e-06 8.47685e-10 8.94125e-05 6.99588e-08 3.95935e-05 3.30233e-09 0.986754 3.07106e-05 
0.00849864 6.76733e-10 0.00014667 5.923e-10 7.28754e-10 1.06969e-09 3.03842e-07 0.000104232 0.00035221 6.60798e-11 8.91163e-11 2.9286e-08 2.58699e-10 2.06116e-08 0.00559029 5.01977e-10 1.99684e-05 0.980618 1.11826e-05 8.15184e-08 0.00238937 0.00085158 0.00103068 6.30796e-10 0.000386272 1.70939e-07 
8.2881e-07 1.06417e-05 1.96845e-10 5.18144e-07 9.09434e-10 1.3349e-09 0.00638948 9.0026e-08 0.951977 8.2463e-11 6.45136e-07 5.0299e-07 3.22838e-10 8.70432e-10 2.04876e-07 6.26432e-10 1.24226e-06 6.24107e-07 5.0921e-06 2.02066e-10 1.63188e-10 2.01917e-10 3.42025e-07 0.000516868 0.0410952 1.13951e-06 
0.948043 8.04561e-11 0.000425653 5.14123e-07 8.66409e-11 1.27175e-10 5.94727e-11 4.26701e-11 1.41925e-11 7.85616e-12 1.0595e-11 2.66072e-11 3.10639e-09 8.29251e-11 0.0175814 5.96796e-11 1.69046e-11 6.42629e-05 1.07325e-11 1.92506e-11 0.000891945 1.92365e-11 1.13811e-07 7.49947e-11 0.0329935 6.38213e-11 
8.89222e-09 4.35005e-08 3.85398e-05 3.80732e-08 4.68444e-08 6.876e-08 0.000141515 0.000611394 0.887098 4.24762e-09 7.16108e-05 0.108864 0.000113095 4.48354e-08 0.000360145 3.22672e-08 9.13986e-09 0.00132174 5.80277e-09 1.04083e-08 0.000949016 1.04007e-08 0.000195217 4.05477e-08 0.000228551 6.9358e-06 
1.52784e-10 0.0103223 3.15152e-05 6.54164e-10 8.05674e-07 1.18142e-09 1.27126e-06 3.96393e-10 0.97886 7.29815e-11 9.84241e-11 1.73045e-06 2.85719e-10 7.70351e-10 4.05704e-07 5.54406e-10 0.00205711 1.38053e-10 0.00872191 1.10894e-06 1.44425e-10 1.9675e-07 5.55608e-07 1.18505e-06 3.55773e-07 5.92881e-10 
0.0949677 0.00660118 0.00183395 0.000189389 1.6294e-06 2.3917e-06 0.000318783 0.0124537 0.809476 1.47746e-07 1.99253e-07 0.06956 0.00110361 1.55952e-06 0.000854373 1.12236e-06 0.000193804 0.000669315 0.00106483 8.72342e-05 2.92379e-07 3.61769e-07 0.000127638 1.41038e-06 0.000487715 1.20025e-06 
0.00129273 8.03238e-07 0.000116221 1.65253e-06 3.92607e-05 5.72686e-06 2.1323e-06 0.00074958 0.0201568 2.62821e-08 2.36222e-07 2.95061e-05 0.0199301 0.000181757 0.0283356 2.98636e-07 0.000890271 0.811743 0.0150249 0.0111791 0.0838267 6.93628e-05 0.00481051 4.52415e-05 0.00149819 6.99438e-05 
9.47543e-05 2.89174e-06 6.74026e-07 2.53096e-06 3.11403e-06 4.57089e-06 2.13756e-06 1.53364e-06 0.140494 2.82365e-07 3.80803e-07 0.780778 1.10544e-06 2.98048e-06 3.33901e-07 2.145e-06 6.07582e-07 0.00532397 0.0699781 0.000162501 0.000116084 0.000211592 5.61586e-05 2.69545e-06 0.00275446 2.29386e-06 
0.0438851 9.4715e-10 3.27646e-06 8.28979e-10 7.12557e-07 4.57958e-06 7.00128e-10 0.000383311 0.00240942 9.24848e-11 0.00309816 0.00204368 3.98378e-07 9.76216e-10 0.00844257 3.07613e-07 1.93718e-07 3.71582e-08 0.00229468 0.85277 0.0161703 0.00697344 5.73544e-06 8.82857e-10 0.0615134 5.56649e-07 
0.0226634 6.53918e-06 0.0149762 8.80377e-10 3.03403e-06 1.58996e-09 0.0292752 5.01513e-06 0.359395 9.82189e-11 1.3246e-10 3.32646e-10 1.87266e-05 1.03674e-09 0.158123 7.46123e-10 2.32689e-07 0.124357 0.0621047 2.40674e-10 0.0267901 2.14067e-06 0.0499352 9.37595e-10 0.152341 3.67114e-06 
0.000100228 0.000196984 0.00010801 1.24025e-08 1.52598e-08 2.23989e-08 1.04748e-08 4.81059e-05 0.00106261 1.38368e-09 2.4074e-05 0.108485 5.41705e-09 5.85675e-06 0.000109302 0.829401 1.51875e-05 7.59308e-06 0.000246306 3.39056e-09 0.0598285 3.38806e-09 9.1655e-05 1.32086e-08 0.000269951 1.12407e-08 
5.29819e-10 2.59186e-09 3.2629e-06 2.26849e-09 2.7911e-09 3.2816e-06 1.34304e-06 9.62358e-06 7.13284e-06 2.53083e-10 3.41313e-10 6.85796e-06 0.000894003 0.0851495 2.40021e-05 1.92255e-09 1.41644e-06 2.76235e-05 0.112784 6.20152e-10 1.68786e-05 6.19696e-10 0.124954 2.41593e-09 0.676117 2.05598e-09 
3.24037e-07 0.134683 0.00504489 1.38741e-06 2.35809e-05 2.50565e-06 3.57059e-05 8.40703e-07 0.470102 1.54785e-07 1.39594e-05 4.7546e-05 0.383615 0.000181008 0.00192084 4.5436e-05 0.000898412 0.000452163 0.000709943 0.00094495 5.50736e-05 5.72122e-06 0.00117034 3.36647e-05 9.76556e-06 1.25743e-06 
0.00129273 8.03238e-07 0.000116221 1.65253e-06 3.92607e-05 5.72686e-06 2.1323e-06 0.00074958 0.0201568 2.62821e-08 2.36222e-07 2.95061e-05 0.0199301 0.000181757 0.0283356 2.98636e-07 0.000890271 0.811743 0.0150249 0.0111791 0.0838267 6.93628e-05 0.00481051 4.52415e-05 0.00149819 6.99438e-05 
3.59042e-07 1.75642e-06 4.09399e-07 1.84631e-05 1.89144e-06 2.77633e-06 1.29834e-06 0.000134263 0.997218 1.71507e-07 2.31297e-07 0.000141278 6.71439e-07 1.81032e-06 2.02995e-05 1.30285e-06 3.69041e-07 0.00142575 0.000345912 4.20258e-07 3.39399e-07 4.19948e-07 0.000356835 0.000199921 0.000123229 1.39327e-06 
0.0113212 7.30379e-10 0.0743882 6.39254e-10 0.00111598 0.0012395 0.000347685 2.19185e-07 0.523137 7.13181e-11 2.02779e-07 8.31344e-05 3.82419e-07 7.52792e-10 0.0877963 4.81444e-06 1.53459e-10 0.00163236 1.73702e-07 7.08191e-05 0.00829983 0.00888617 0.0267279 6.80801e-10 0.245631 0.00931704 
1.3215e-09 1.09965e-05 8.13847e-06 5.65817e-09 9.05716e-06 7.16325e-06 2.1031e-05 1.37486e-06 0.858743 6.31251e-10 1.0472e-05 0.00013469 2.47131e-09 6.66312e-09 7.46464e-10 4.79532e-09 1.3583e-09 1.19408e-09 0.0926191 2.3513e-05 1.2492e-09 5.72052e-06 0.0265175 6.02591e-09 0.0188029 0.00308559 
6.90445e-07 3.37764e-06 0.000184577 2.95623e-06 3.63728e-06 5.33893e-06 0.000306069 1.79134e-06 0.996024 3.29811e-07 0.000666721 1.117e-06 7.52915e-05 3.48129e-06 3.90006e-07 2.50542e-06 7.09673e-07 0.000246396 4.50562e-07 8.08164e-07 6.52672e-07 8.07569e-07 0.00010498 9.50209e-05 0.00226553 2.67929e-06 
0.0104042 1.60595e-06 9.98073e-05 2.16766e-09 1.25932e-07 3.67767e-07 0.000207644 1.40889e-05 0.0730207 2.41834e-10 1.96283e-07 0.000110422 6.77413e-07 4.17823e-08 0.0102877 1.8371e-09 0.000120498 0.88386 0.00207437 0.000115954 0.0109395 0.000675811 0.00257103 2.30854e-09 0.00549523 2.3428e-07 
0.0113212 7.30379e-10 0.0743882 6.39254e-10 0.00111598 0.0012395 0.000347685 2.19185e-07 0.523137 7.13181e-11 2.02779e-07 8.31344e-05 3.82419e-07 7.52792e-10 0.0877963 4.81444e-06 1.53459e-10 0.00163236 1.73702e-07 7.08191e-05 0.00829983 0.00888617 0.0267279 6.80801e-10 0.245631 0.00931704 
3.69717e-09 6.00499e-12 0.990687 5.25578e-12 6.4666e-12 5.07377e-06 5.79411e-09 7.05099e-05 1.486e-09 5.86359e-13 5.36787e-06 3.68154e-09 2.29556e-12 6.18927e-12 0.000234114 4.45429e-12 2.38924e-09 1.10916e-12 8.01039e-13 2.85631e-09 1.16036e-12 8.24012e-10 0.000109898 5.59737e-12 0.00888761 4.76342e-12 
0.0178492 2.45406e-07 0.474604 2.14788e-07 2.64271e-07 3.87906e-07 0.00231424 0.000676983 0.262382 2.39628e-08 0.000388143 0.0768367 0.00362467 2.52937e-07 0.000183026 1.82034e-07 3.52286e-05 0.0395206 2.31684e-06 0.0128786 6.52494e-05 0.0340377 0.0299305 9.09563e-06 0.0445504 0.000110636 
3.6685e-06 3.73802e-09 2.70185e-06 3.27164e-09 4.02536e-09 5.90857e-09 4.03443e-05 1.98246e-09 0.889867 3.65e-10 4.92245e-10 4.95706e-07 1.42895e-09 3.85273e-09 4.31618e-10 2.77273e-09 7.85392e-10 0.00911881 2.29422e-06 8.9439e-10 7.22308e-10 8.93732e-10 0.0109014 3.51911e-07 0.0900632 2.96516e-09 
3.69717e-09 6.00499e-12 0.990687 5.25578e-12 6.4666e-12 5.07377e-06 5.79411e-09 7.05099e-05 1.486e-09 5.86359e-13 5.36787e-06 3.68154e-09 2.29556e-12 6.18927e-12 0.000234114 4.45429e-12 2.38924e-09 1.10916e-12 8.01039e-13 2.85631e-09 1.16036e-12 8.24012e-10 0.000109898 5.59737e-12 0.00888761 4.76342e-12 
0.00849864 6.76733e-10 0.00014667 5.923e-10 7.28754e-10 1.06969e-09 3.03842e-07 0.000104232 0.00035221 6.60798e-11 8.91163e-11 2.9286e-08 2.58699e-10 2.06116e-08 0.00559029 5.01977e-10 1.99684e-05 0.980618 1.11826e-05 8.15184e-08 0.00238937 0.00085158 0.00103068 6.30796e-10 0.000386272 1.70939e-07 
9.6018e-06 4.69718e-05 0.000218888 4.11114e-05 5.05825e-05 7.42468e-05 3.47212e-05 2.49116e-05 0.999006 4.58657e-06 6.18553e-06 1.55337e-05 1.79562e-05 4.84132e-05 5.42369e-06 3.4842e-05 9.8692e-06 8.67601e-06 6.26582e-06 1.12389e-05 9.0765e-06 1.12306e-05 9.23005e-05 4.37833e-05 0.00013042 3.726e-05 
4.64286e-07 2.93924e-06 4.4484e-11 1.67037e-10 2.05518e-10 3.01667e-10 1.41073e-10 9.21172e-07 0.966094 1.86354e-11 2.5132e-11 1.55897e-06 7.30292e-08 1.96704e-10 4.3855e-07 1.41564e-10 1.24346e-07 3.52509e-11 9.92897e-07 2.83162e-07 2.50808e-07 4.56303e-11 9.21138e-08 6.228e-07 0.0338904 6.49469e-06 
0.00776202 2.91647e-08 0.00300836 2.55259e-08 3.14066e-08 4.60997e-08 8.29509e-06 1.26397e-05 0.335097 2.84779e-09 3.84058e-09 0.0145039 1.71259e-05 3.00596e-08 0.291377 1.20675e-05 2.90163e-06 0.000242396 0.00616538 0.0903712 0.00403945 5.96051e-06 0.0484093 6.78409e-05 0.198889 7.66258e-06 
0.000123207 0.00143523 0.0139467 9.0346e-08 0.0120045 1.63164e-07 0.00652321 5.47455e-08 0.861448 1.00794e-08 1.35933e-08 0.00117565 5.63517e-05 1.06393e-07 0.032182 0.000395704 0.000122663 0.00469914 0.006865 0.00238486 1.99465e-08 6.51864e-07 0.00869753 0.000194458 0.0477027 4.25731e-05 
0.000170517 0.000337674 0.00018381 3.74665e-06 4.60979e-06 6.76642e-06 3.16429e-06 8.3682e-05 0.995799 4.17993e-07 0.000837817 0.000230649 0.000978448 4.4121e-06 0.000185496 6.36658e-05 2.66008e-05 1.36384e-05 0.000417467 1.02425e-06 2.67816e-05 1.02349e-06 0.000155372 3.99015e-06 0.000457184 3.39566e-06 
7.55311e-06 7.55162e-11 0.00100163 6.60944e-11 8.13211e-11 1.19366e-10 5.58211e-11 4.00501e-11 0.97759 7.3738e-12 0.00541072 6.27463e-07 5.53887e-05 7.78335e-11 5.71504e-07 5.66051e-07 2.01545e-09 0.00135244 5.64876e-07 1.80687e-11 1.50115e-07 5.93348e-07 1.15503e-06 7.03901e-11 0.0145777 2.60506e-07 
0.001097 2.57645e-09 5.88585e-06 2.255e-09 9.43358e-05 4.07252e-09 1.9045e-09 1.36643e-09 0.651514 2.51578e-10 3.39283e-10 0.0138794 9.94761e-08 2.65552e-09 4.40323e-06 1.91112e-09 2.7121e-07 2.42751e-06 2.23431e-06 6.16465e-10 3.7842e-06 6.16011e-10 3.6303e-06 2.40156e-09 0.333393 2.04375e-09 
0.0438851 9.4715e-10 3.27646e-06 8.28979e-10 7.12557e-07 4.57958e-06 7.00128e-10 0.000383311 0.00240942 9.24848e-11 0.00309816 0.00204368 3.98378e-07 9.76216e-10 0.00844257 3.07613e-07 1.93718e-07 3.71582e-08 0.00229468 0.85277 0.0161703 0.00697344 5.73544e-06 8.82857e-10 0.0615134 5.56649e-07 
8.61132e-07 0.00344963 1.07839e-05 3.28786e-09 7.75979e-07 5.93785e-09 1.22149e-06 1.99229e-09 0.982373 3.66809e-10 4.94684e-10 1.66065e-06 1.43604e-09 3.87182e-09 3.89454e-07 2.78647e-09 0.000687547 1.68508e-06 0.0124842 1.06429e-06 7.25888e-10 0.000161184 5.33041e-07 1.13939e-06 0.000824743 2.97985e-09 
4.06446e-08 4.11912e-05 0.915038 1.74025e-07 2.14117e-07 3.14288e-07 0.000542344 0.0630384 8.91026e-06 1.9415e-08 2.61835e-08 6.57546e-08 7.60088e-08 2.04934e-07 2.29586e-08 1.47487e-07 4.17765e-08 3.67257e-08 2.65233e-08 7.74753e-05 3.8421e-08 4.75394e-08 2.21502e-05 1.85336e-07 0.0212094 2.07176e-05 
1.17846e-05 2.50803e-06 2.59285e-06 1.37109e-09 1.68696e-09 2.47618e-09 8.11738e-07 8.30816e-10 0.0272184 1.52965e-10 2.06291e-10 1.71011e-06 0.953893 1.61461e-09 0.0188451 1.162e-09 3.29144e-10 2.19935e-06 2.94667e-06 3.74823e-10 4.26847e-06 1.38212e-05 7.3872e-07 1.4602e-09 1.94626e-08 1.24264e-09 
1.52784e-10 0.0103223 3.15152e-05 6.54164e-10 8.05674e-07 1.18142e-09 1.27126e-06 3.96393e-10 0.97886 7.29815e-11 9.84241e-11 1.73045e-06 2.85719e-10 7.70351e-10 4.05704e-07 5.54406e-10 0.00205711 1.38053e-10 0.00872191 1.10894e-06 1.44425e-10 1.9675e-07 5.55608e-07 1.18505e-06 3.55773e-07 5.92881e-10 
1.15109e-07 5.6311e-07 0.255209 4.92854e-07 6.06397e-07 8.90092e-07 2.82736e-05 2.98647e-07 0.333418 5.49851e-08 7.41538e-08 2.51121e-05 2.15264e-07 0.000146303 6.50207e-08 4.17696e-07 1.18315e-07 0.33264 7.51164e-08 1.34735e-07 1.08812e-07 1.34636e-07 4.91994e-05 0.000123473 0.0783549 4.46683e-07 
0.0041706 0.000864892 0.00450264 7.31221e-08 8.99679e-08 1.32058e-07 0.000118288 0.000110948 0.740416 8.15784e-09 0.000140765 0.00115934 0.000200924 8.61095e-08 0.00833693 5.26625e-05 2.95421e-05 3.20495e-05 0.0149101 1.99899e-08 3.19627e-05 1.99752e-08 0.00301895 7.78745e-08 0.221903 6.6272e-08 
0.00244579 1.1149e-06 0.0379416 9.75801e-07 0.000728198 1.76229e-06 8.24129e-07 2.09276e-05 0.868623 1.08865e-07 7.58892e-05 0.000717143 0.000520797 1.14911e-06 0.00032777 8.26995e-07 2.34251e-07 2.0593e-07 0.000225287 0.000504878 0.000215091 0.00182928 0.000710495 1.03922e-06 0.0847854 0.000320261 
0.0276486 0.000813561 0.0870808 2.83531e-08 3.48851e-08 7.09901e-06 1.53047e-05 1.71807e-08 0.74788 3.16321e-09 0.0465244 0.00109478 1.23838e-08 0.0402169 0.00698831 2.40294e-08 6.80646e-09 3.68456e-06 0.00465988 3.87696e-05 6.25976e-09 7.74538e-09 0.00342074 1.65465e-05 0.0335901 2.5697e-08 
5.69891e-07 2.78789e-06 0.0286512 2.44006e-06 3.0022e-06 4.40674e-06 2.06079e-06 0.000173613 0.970199 2.72225e-07 3.67127e-07 0.000108257 1.06574e-06 2.87345e-06 3.2191e-07 2.06796e-06 5.85762e-07 5.14943e-07 3.71892e-07 6.67056e-07 5.38713e-07 1.82682e-05 0.000587122 2.59865e-06 0.000118483 0.000116638 
0.000117413 1.68886e-07 3.93651e-08 1.47815e-07 1.81869e-07 2.66953e-07 1.2484e-07 8.95691e-08 0.999579 1.64909e-08 1.55902e-05 5.58513e-08 6.45612e-08 1.74069e-07 0.000163826 1.25274e-07 3.54846e-08 3.11945e-08 1.35397e-05 4.04092e-08 3.26344e-08 4.03794e-08 1.68724e-05 1.58996e-05 7.62152e-05 1.33968e-07 
1.1367e-08 5.48924e-06 0.477388 4.86691e-08 5.98814e-08 8.78961e-08 0.000776715 0.00256125 0.000270567 5.42975e-09 2.76345e-06 0.000158277 1.26293e-06 5.73133e-08 4.17884e-06 1.83257e-06 1.16835e-08 6.98467e-06 1.72552e-06 7.88216e-06 1.07451e-08 3.39895e-05 1.75709e-05 5.18322e-08 3.42734e-05 0.518727 
0.000274132 2.12534e-07 0.202798 7.40106e-11 0.000287127 2.50306e-08 1.7878e-07 2.49217e-06 2.48223e-07 8.25696e-12 0.00105515 2.79646e-11 3.23255e-11 8.71557e-11 7.27104e-08 6.27242e-11 1.32554e-08 3.8529e-07 3.19993e-07 9.29812e-08 1.63399e-11 1.26806e-07 3.57878e-08 7.88207e-11 0.795581 6.70772e-11 
6.09201e-06 1.70219e-10 0.362554 1.48982e-10 4.67494e-09 6.86204e-09 1.25825e-10 2.30079e-07 4.75334e-07 1.66211e-11 0.00392761 6.21277e-08 3.0461e-07 1.75443e-10 2.14994e-06 1.26263e-10 3.57646e-11 3.14407e-11 2.27065e-11 4.07281e-11 0.000336804 6.29309e-07 1.6092e-06 1.58665e-10 0.633169 4.26946e-07 
0.0438851 9.4715e-10 3.27646e-06 8.28979e-10 7.12557e-07 4.57958e-06 7.00128e-10 0.000383311 0.00240942 9.24848e-11 0.00309816 0.00204368 3.98378e-07 9.76216e-10 0.00844257 3.07613e-07 1.93718e-07 3.71582e-08 0.00229468 0.85277 0.0161703 0.00697344 5.73544e-06 8.82857e-10 0.0615134 5.56649e-07 
3.01063e-10 0.010082 3.12427e-06 1.28904e-09 1.58601e-09 2.328e-09 6.54295e-07 1.40676e-06 0.957856 1.43811e-10 1.93946e-10 0.0193325 5.63013e-10 1.51799e-09 1.70059e-10 0.00437913 6.19205e-07 8.16378e-07 2.456e-06 3.52393e-10 2.84592e-10 2.53571e-06 0.000630372 1.37419e-06 0.00770701 1.16828e-09 
6.84793e-07 3.34999e-06 7.80838e-07 0.000570233 3.60751e-06 5.29523e-06 2.4763e-06 1.77668e-06 0.997338 3.27111e-07 4.41148e-07 1.10786e-06 1.28062e-06 3.4528e-06 0.00056638 2.48491e-06 7.03865e-07 6.18767e-07 4.46874e-07 8.01549e-07 6.4733e-07 8.00959e-07 0.000341757 3.12259e-06 0.00114704 2.65736e-06 
1.1367e-08 5.48924e-06 0.477388 4.86691e-08 5.98814e-08 8.78961e-08 0.000776715 0.00256125 0.000270567 5.42975e-09 2.76345e-06 0.000158277 1.26293e-06 5.73133e-08 4.17884e-06 1.83257e-06 1.16835e-08 6.98467e-06 1.72552e-06 7.88216e-06 1.07451e-08 3.39895e-05 1.75709e-05 5.18322e-08 3.42734e-05 0.518727 
0.0167294 2.04996e-06 4.77818e-07 1.7942e-06 2.20754e-06 3.24031e-06 1.51532e-06 1.0872e-06 0.827623 2.00169e-07 0.00289462 0.000162562 7.83651e-07 2.11287e-06 0.00092438 0.00343053 4.30716e-07 0.0680653 0.000992812 4.90492e-07 0.00627929 0.0472849 0.000254003 1.91081e-06 0.0253393 1.62612e-06 
0.00895537 0.138297 0.0722677 1.07959e-07 1.3283e-07 1.94973e-07 9.11783e-08 6.5418e-08 0.778506 1.20444e-08 2.29983e-05 4.07918e-08 0.000140185 1.27134e-07 5.74459e-05 9.14955e-08 7.703e-05 2.27833e-08 9.89582e-05 2.95134e-08 0.000260733 2.94917e-08 4.23543e-05 2.12512e-05 0.00125185 9.78452e-08 
3.69717e-09 6.00499e-12 0.990687 5.25578e-12 6.4666e-12 5.07377e-06 5.79411e-09 7.05099e-05 1.486e-09 5.86359e-13 5.36787e-06 3.68154e-09 2.29556e-12 6.18927e-12 0.000234114 4.45429e-12 2.38924e-09 1.10916e-12 8.01039e-13 2.85631e-09 1.16036e-12 8.24012e-10 0.000109898 5.59737e-12 0.00888761 4.76342e-12 
0.0523685 5.50191e-10 0.434116 1.69304e-06 4.06403e-08 0.00011215 5.0723e-06 2.91795e-10 0.0231419 5.37235e-11 7.24525e-11 1.46371e-06 5.6887e-07 5.67075e-10 0.138382 2.48678e-07 2.33252e-06 0.0204986 7.3393e-11 1.04122e-06 0.273445 1.31547e-10 0.0563865 5.12843e-10 0.00153696 4.36435e-10 
1.71886e-06 0.000149369 0.000589921 1.2632e-09 1.55422e-09 1.33385e-06 0.00377537 0.0868809 0.317621 1.40929e-10 0.000463665 0.00312329 4.27045e-06 1.48756e-09 0.000263543 1.33412e-06 4.67758e-08 0.0217875 0.00942965 3.4533e-10 0.000798489 3.45076e-10 6.21448e-06 2.59618e-05 0.555075 9.22268e-07 
2.25199e-05 2.56143e-08 2.32903e-05 2.24185e-08 2.75832e-08 0.000251064 2.4633e-05 1.35846e-08 0.886609 2.50111e-09 3.37304e-09 8.47073e-09 9.79172e-09 2.64003e-08 2.9576e-09 1.89998e-08 5.38179e-09 4.73587e-06 2.35795e-05 6.12869e-09 4.94952e-09 6.12418e-09 1.67676e-05 2.38755e-08 0.113024 2.03183e-08 
3.51996e-05 4.52074e-05 1.18991e-06 1.89355e-08 2.32978e-08 2.57396e-07 1.59922e-08 1.1474e-08 0.866443 2.11253e-09 2.84899e-09 2.63526e-05 1.95152e-06 2.22986e-08 2.4981e-09 1.60479e-08 2.05167e-06 1.78322e-05 0.00614718 1.55933e-06 4.18054e-09 1.24153e-05 0.00229101 9.41505e-07 0.0632097 0.0617639 
0.292274 1.19597e-05 0.118708 6.53812e-09 8.04436e-09 7.09648e-06 3.87082e-06 3.96179e-09 0.193165 7.29423e-10 9.83712e-10 8.15477e-06 0.000103377 7.69936e-09 0.203779 5.54108e-09 1.72807e-06 1.04877e-05 0.0435733 1.78737e-09 2.03544e-05 6.59071e-05 0.147249 6.96305e-09 0.00100242 1.60051e-05 
0.000142242 3.12023e-08 0.000269102 2.73094e-08 3.36008e-08 4.44378e-05 2.30646e-08 3.32619e-06 0.241499 3.04676e-09 3.53407e-05 1.03187e-08 1.19279e-08 3.21598e-08 6.4887e-06 2.31448e-08 6.55589e-09 8.53024e-05 4.16225e-09 7.46574e-09 6.02932e-09 1.49951e-06 4.4138e-05 2.90843e-08 0.75777 9.90283e-05 
5.6946e-07 0.0297077 2.49646e-10 9.37416e-10 1.15338e-09 1.21911e-05 7.91709e-10 0.00672571 0.884887 1.04582e-10 2.11703e-07 0.0385044 0.00237749 1.10391e-09 2.46116e-06 7.94463e-10 6.97836e-07 2.49285e-06 0.0339959 1.58911e-06 4.55521e-07 1.40869e-06 0.00377421 3.49518e-06 2.01262e-06 8.49599e-10 
3.48188e-11 0.00791259 3.97022e-11 7.84974e-08 1.83426e-10 2.6924e-10 4.524e-05 3.97617e-05 0.965627 1.66322e-11 9.76957e-08 0.00410828 3.1876e-08 1.7556e-10 0.00019692 1.26347e-10 0.000341905 3.14616e-11 0.00958668 1.23487e-07 3.29139e-11 8.67821e-08 0.000229576 0.000865457 0.0110455 1.72585e-07 
9.63585e-07 4.71384e-06 0.00159829 4.12572e-06 3.47735e-05 7.45102e-06 0.00788202 2.33938e-05 0.0849295 4.60284e-07 6.20747e-07 0.000144031 0.000129814 0.000118553 2.10147e-05 3.49656e-06 9.90421e-07 0.00204856 0.00034948 1.12787e-06 0.873773 0.000146815 0.0258281 4.39386e-06 0.00294095 3.73922e-06 
0.00081157 8.04877e-10 0.957115 7.04457e-10 2.44825e-07 0.00071305 4.10334e-06 0.00146089 0.000574103 7.85925e-11 0.000656186 0.0001017 0.00630265 8.29577e-10 0.00287323 0.000163908 1.11321e-09 0.00609412 0.00257332 2.56531e-07 0.000238126 4.86123e-07 0.0089331 7.50242e-10 0.0113839 6.38463e-10 
0.0438851 9.4715e-10 3.27646e-06 8.28979e-10 7.12557e-07 4.57958e-06 7.00128e-10 0.000383311 0.00240942 9.24848e-11 0.00309816 0.00204368 3.98378e-07 9.76216e-10 0.00844257 3.07613e-07 1.93718e-07 3.71582e-08 0.00229468 0.85277 0.0161703 0.00697344 5.73544e-06 8.82857e-10 0.0615134 5.56649e-07 
0.0438851 9.4715e-10 3.27646e-06 8.28979e-10 7.12557e-07 4.57958e-06 7.00128e-10 0.000383311 0.00240942 9.24848e-11 0.00309816 0.00204368 3.98378e-07 9.76216e-10 0.00844257 3.07613e-07 1.93718e-07 3.71582e-08 0.00229468 0.85277 0.0161703 0.00697344 5.73544e-06 8.82857e-10 0.0615134 5.56649e-07 
0.00750374 1.76917e-05 0.000831629 1.6052e-08 3.86815e-06 2.89899e-08 1.3557e-08 2.20083e-06 0.396044 1.79084e-09 2.41516e-09 0.483551 9.15126e-07 1.89031e-08 0.00800456 1.36042e-08 0.00348307 3.38757e-09 0.0062847 0.00196118 3.54394e-09 4.38502e-09 0.0222081 8.5949e-07 0.070097 5.42643e-06 
1.52784e-10 0.0103223 3.15152e-05 6.54164e-10 8.05674e-07 1.18142e-09 1.27126e-06 3.96393e-10 0.97886 7.29815e-11 9.84241e-11 1.73045e-06 2.85719e-10 7.70351e-10 4.05704e-07 5.54406e-10 0.00205711 1.38053e-10 0.00872191 1.10894e-06 1.44425e-10 1.9675e-07 5.55608e-07 1.18505e-06 3.55773e-07 5.92881e-10 
0.0438851 9.4715e-10 3.27646e-06 8.28979e-10 7.12557e-07 4.57958e-06 7.00128e-10 0.000383311 0.00240942 9.24848e-11 0.00309816 0.00204368 3.98378e-07 9.76216e-10 0.00844257 3.07613e-07 1.93718e-07 3.71582e-08 0.00229468 0.85277 0.0161703 0.00697344 5.73544e-06 8.82857e-10 0.0615134 5.56649e-07 
0.0438851 9.4715e-10 3.27646e-06 8.28979e-10 7.12557e-07 4.57958e-06 7.00128e-10 0.000383311 0.00240942 9.24848e-11 0.00309816 0.00204368 3.98378e-07 9.76216e-10 0.00844257 3.07613e-07 1.93718e-07 3.71582e-08 0.00229468 0.85277 0.0161703 0.00697344 5.73544e-06 8.82857e-10 0.0615134 5.56649e-07 
0.00013315 4.8087e-07 0.00334863 4.20875e-07 9.64773e-05 7.60097e-07 3.55456e-07 2.5503e-07 8.48254e-08 4.69547e-08 6.33239e-08 1.59026e-07 1.83825e-07 4.95627e-07 3.06325e-05 3.56693e-07 1.01035e-07 8.88201e-08 6.41459e-08 1.15057e-07 9.292e-08 1.14973e-07 1.22938e-05 4.48228e-07 0.933854 0.06252 
1.0218e-06 0.000200095 1.16511e-06 4.37496e-06 5.38285e-06 0.00067211 3.69494e-06 2.65102e-06 0.983359 4.88091e-07 6.58248e-07 0.00228464 1.91085e-06 5.152e-06 5.77175e-07 3.70779e-06 3.88886e-05 9.23278e-07 0.000244902 0.00114996 4.73646e-05 1.19513e-06 0.0118574 4.6593e-06 0.0001039 3.96511e-06 
0.0438851 9.4715e-10 3.27646e-06 8.28979e-10 7.12557e-07 4.57958e-06 7.00128e-10 0.000383311 0.00240942 9.24848e-11 0.00309816 0.00204368 3.98378e-07 9.76216e-10 0.00844257 3.07613e-07 1.93718e-07 3.71582e-08 0.00229468 0.85277 0.0161703 0.00697344 5.73544e-06 8.82857e-10 0.0615134 5.56649e-07 
0.125756 7.16222e-06 0.295341 1.22325e-07 1.47125e-05 2.20919e-07 1.03312e-07 6.62881e-06 0.412207 1.36472e-08 4.63175e-05 3.95261e-05 0.000129589 1.44052e-07 3.20288e-05 0.000244927 2.93654e-08 1.81682e-05 0.0600329 4.23571e-06 0.0404415 6.29966e-05 0.010821 2.30405e-05 0.0547703 1.10866e-07 
1.52784e-10 0.0103223 3.15152e-05 6.54164e-10 8.05674e-07 1.18142e-09 1.27126e-06 3.96393e-10 0.97886 7.29815e-11 9.84241e-11 1.73045e-06 2.85719e-10 7.70351e-10 4.05704e-07 5.54406e-10 0.00205711 1.38053e-10 0.00872191 1.10894e-06 1.44425e-10 1.9675e-07 5.55608e-07 1.18505e-06 3.55773e-07 5.92881e-10 
1.52784e-10 0.0103223 3.15152e-05 6.54164e-10 8.05674e-07 1.18142e-09 1.27126e-06 3.96393e-10 0.97886 7.29815e-11 9.84241e-11 1.73045e-06 2.85719e-10 7.70351e-10 4.05704e-07 5.54406e-10 0.00205711 1.38053e-10 0.00872191 1.10894e-06 1.44425e-10 1.9675e-07 5.55608e-07 1.18505e-06 3.55773e-07 5.92881e-10 
0.713959 3.21812e-07 7.50099e-08 2.81661e-07 3.4655e-07 5.08678e-07 2.37881e-07 1.70673e-07 0.283061 3.14234e-08 4.23782e-08 1.06424e-07 1.23021e-07 3.31687e-07 3.71587e-08 2.38709e-07 6.76156e-08 0.00228985 5.05713e-05 3.03681e-05 1.84094e-05 0.000344154 9.65165e-05 2.99967e-07 0.000146676 2.55275e-07 
4.83198e-07 0.00159816 0.00848583 2.06887e-06 2.5455e-06 3.73637e-06 0.0176958 0.00231486 0.0349613 2.30813e-07 3.11279e-07 9.97879e-05 0.0108757 2.43633e-06 2.7294e-07 0.000170854 9.48276e-06 0.00387437 0.00176412 0.000218003 4.56763e-07 5.65165e-07 0.00163145 7.39612e-05 0.916211 1.87506e-06 
0.0160015 1.62241e-05 2.88599e-05 3.29909e-07 4.05913e-07 5.95814e-07 2.23099e-06 1.9991e-07 0.85533 3.68062e-08 4.96375e-08 2.67359e-05 8.0087e-06 3.88505e-07 0.089866 2.79599e-07 4.25976e-06 1.11275e-05 1.39788e-05 9.01895e-08 0.00556978 0.00423397 0.0288697 2.32088e-06 7.82689e-06 5.1876e-06 
0.000895294 0.0017391 0.014697 1.60077e-06 1.96955e-06 0.000289227 0.000360922 0.326002 0.343826 1.78589e-07 2.40848e-07 6.04843e-07 6.99166e-07 1.88508e-06 0.136519 0.0088968 3.84281e-07 0.00234923 2.43974e-07 4.37612e-07 3.53415e-07 0.000299503 0.163348 1.70481e-06 0.000765737 1.45081e-06 
0.000734617 8.17503e-08 0.00874004 3.40556e-11 4.19013e-11 6.15042e-11 2.87622e-11 0.108835 9.60994e-08 3.7994e-12 2.94119e-07 4.24764e-08 1.48744e-11 4.01043e-11 6.33059e-05 1.47226e-07 8.1754e-12 4.31291e-08 0.00100156 9.4031e-10 7.51874e-12 9.30314e-12 0.000731183 3.6269e-11 0.879893 5.33999e-07 
2.00315e-06 0.0196085 2.2841e-06 8.57675e-06 1.05526e-05 1.54896e-05 0.00507777 5.19711e-06 0.0909264 9.56862e-07 1.29044e-06 0.818596 3.74606e-06 0.0394004 1.1315e-06 7.26883e-06 2.05894e-06 1.81001e-06 0.00902092 2.34468e-06 1.89356e-06 2.34296e-06 0.00326205 0.00548963 0.0085411 7.77328e-06 
3.25094e-08 0.363206 1.65109e-05 1.39193e-07 0.000127021 2.51382e-07 0.000200386 8.43446e-08 0.30727 1.5529e-08 2.09427e-08 0.000272738 6.5914e-05 1.63916e-07 6.3945e-05 0.00362751 0.000190606 0.307354 0.000416424 0.000174783 4.71204e-05 3.10183e-05 0.00680266 0.000186806 0.00979627 0.000150772 
9.07091e-05 3.68863e-06 0.0436353 6.11613e-09 1.70634e-05 1.10457e-08 0.0340152 0.00365223 0.280711 6.82344e-10 0.00249254 0.00384138 2.17792e-05 7.20243e-09 0.00384746 0.000221619 2.07836e-05 0.00143097 0.00412645 9.46255e-06 0.00024791 1.67078e-09 0.102341 6.51364e-09 0.517882 0.00139211 
2.09959e-06 0.00925432 0.0148456 8.98968e-06 1.10607e-05 1.62353e-05 0.00456301 5.44733e-06 0.0563497 1.00293e-06 0.847115 3.39671e-06 3.92642e-06 1.05864e-05 1.18598e-06 7.61879e-06 2.15807e-06 0.0127128 0.0120585 2.45757e-06 1.98473e-06 2.45576e-06 0.0125922 9.57395e-06 0.030411 8.14753e-06 
0.0239204 6.58476e-06 0.0126614 2.18624e-09 2.6899e-09 7.43695e-06 1.84642e-09 2.09588e-06 2.02038e-05 2.43907e-10 0.00132312 0.191055 0.109731 0.0160834 3.36345e-06 9.78355e-07 2.5586e-05 0.0302538 0.0656096 6.9103e-07 0.0172511 0.463102 0.0141854 2.32833e-09 0.0541483 0.000608437 
0.906009 0.000211509 0.00018587 3.15318e-06 3.8796e-06 5.69462e-06 0.000799021 1.91068e-06 0.00109921 3.51783e-07 4.52756e-05 1.68176e-05 1.37721e-06 0.000480989 0.0477652 9.68223e-06 4.0469e-05 0.0374865 4.80579e-07 0.000104876 6.82624e-05 8.61371e-07 0.000682471 3.35811e-06 0.000225698 0.00474806 
0.000133241 1.11021e-05 0.0034857 9.71694e-06 0.00136526 1.75487e-05 8.20659e-06 0.000795815 0.819662 1.08407e-06 0.00449907 0.000933761 4.24406e-06 1.14428e-05 0.000110812 0.000113162 2.33265e-06 2.05063e-06 0.000163537 2.65638e-06 0.000196698 2.65443e-06 0.000122009 1.03485e-05 0.168327 8.80665e-06 
0.000221704 8.33646e-07 1.94311e-07 7.29636e-07 8.97729e-07 1.31772e-06 6.16226e-07 0.000309929 0.000853066 8.14016e-08 0.00162485 0.00124088 0.00181681 8.59228e-07 9.62586e-08 6.1837e-07 1.75157e-07 0.992419 0.000322604 9.99321e-05 8.07052e-05 1.99319e-07 0.000249761 7.77058e-07 0.000752367 6.61284e-07 
0.0350685 0.00212387 0.00208891 9.4948e-06 1.89371e-06 0.000340426 1.29989e-06 8.70788e-05 0.924484 1.71712e-07 2.31574e-07 2.22103e-05 0.011885 1.81249e-06 0.00294257 0.0011037 7.58385e-06 0.0027749 0.00918619 0.000114603 0.000998877 0.00369982 0.000218174 1.63916e-06 0.00233495 0.000502517 
7.52832e-06 4.3629e-09 8.58419e-06 3.81857e-09 4.69828e-09 6.8963e-09 0.0717564 2.31387e-09 0.737222 4.26017e-10 1.90562e-06 0.0432009 0.0666949 4.49679e-09 2.24038e-06 0.026849 9.16686e-10 3.64455e-06 0.0275464 1.04391e-09 8.43057e-10 1.04314e-09 0.0266977 4.06675e-09 8.37316e-06 3.46084e-09 
0.124637 5.06396e-11 0.104399 4.43216e-11 1.6602e-09 2.43689e-09 3.74325e-11 2.68568e-11 1.6992e-07 4.94472e-12 1.26882e-06 2.22059e-08 1.08888e-07 5.21936e-11 0.00964759 3.75627e-11 1.06399e-11 9.35349e-12 1.70843e-08 5.57892e-08 0.000622614 2.24962e-07 0.00397642 4.72022e-11 0.756639 7.55056e-05 
0.034038 0.000145292 0.000283166 1.13725e-06 1.39925e-06 2.05387e-06 9.60483e-07 5.18128e-06 0.430546 1.26877e-07 0.000326023 0.0375955 4.96716e-07 1.33924e-06 1.50034e-07 5.1524e-06 9.17132e-06 2.40002e-07 0.0797134 0.0382414 2.5108e-07 3.10669e-07 0.171146 3.01603e-05 0.205334 0.00257303 
0.000120087 1.8224e-06 0.21741 1.59503e-06 1.96249e-06 2.88061e-06 1.3471e-06 0.000100357 0.00109513 1.77948e-07 3.7655e-06 0.000474343 0.00675817 1.87832e-06 0.000402548 0.28693 3.82902e-07 0.0408478 0.00376963 0.000612848 0.125523 4.35722e-07 0.315858 1.69869e-06 7.81992e-05 1.4456e-06 
6.98925e-08 3.41913e-07 7.96952e-08 2.99254e-07 3.68196e-07 5.40451e-07 2.5274e-07 1.81334e-07 6.03133e-08 3.33862e-08 4.50252e-08 1.13072e-07 0.000117765 3.52405e-07 3.94796e-08 2.53619e-07 7.1839e-08 6.31536e-08 0.000246337 8.1809e-08 6.60688e-08 8.17488e-08 0.000227615 3.18703e-07 0.999404 2.7122e-07 
0.00132564 2.45143e-05 0.00551408 1.05555e-06 1.29873e-06 1.49631e-05 8.91484e-07 4.42879e-05 1.78894e-06 1.17762e-07 0.00180639 3.98836e-07 4.61033e-07 1.24303e-06 0.00057041 8.94585e-07 4.09386e-06 1.03933e-05 1.60878e-07 4.31192e-05 3.90802e-06 2.88351e-07 3.6518e-05 1.12416e-06 0.988804 0.00178816 
