0.0210955 0.000127371 0.0098489 5.27566e-05 0.00042857 3.62338e-05 0.084692 5.01147e-05 0.0127103 0.287453 0.122948 0.0173723 0.014554 0.0115716 0.117559 0.000181171 0.0111656 0.0482581 0.0632659 0.016495 0.00619203 0.00299129 0.0771622 1.01973e-05 0.0735405 0.000238051 
0.00137774 0.000138682 0.00691542 6.3073e-07 0.00137429 3.61991e-06 6.23706e-05 9.52627e-05 0.0157455 0.31151 0.00223044 0.00301531 0.00120032 1.04581e-08 0.0564696 0.000138514 3.17269e-05 0.0848617 0.0612592 0.0339306 0.0497035 0.0054163 0.305414 1.41492e-11 0.0590402 6.55701e-05 
0.220508 0.00164378 0.0110408 1.42873e-08 0.00821109 5.16437e-05 0.000559884 4.76589e-05 0.0669946 0.300985 0.0292503 0.0294596 0.00950381 4.40739e-05 0.0465636 0.000561353 8.78738e-05 0.0800242 0.105983 0.0104993 0.0251599 0.0140478 0.00938989 3.43286e-05 0.0270383 0.00231019 
0.0120527 0.000432345 0.0286845 5.54903e-05 0.00784051 4.13238e-05 0.00543922 0.00266063 0.0538669 0.244542 0.0409221 0.00275491 0.0292559 0.000889329 0.0593418 0.00389683 2.18175e-05 0.0589313 0.0235882 0.0112844 0.145116 0.0353873 0.157044 2.34795e-06 0.0745803 0.00136889 
0.107722 0.0124751 7.09912e-07 0.0144739 3.99672e-09 5.86653e-09 1.95549e-06 0.00126428 2.47269e-05 0.764751 1.87692e-06 0.0167416 0.0024909 3.82531e-09 4.28547e-10 2.753e-09 7.79804e-10 6.85525e-10 0.0244591 0.041213 2.46025e-06 8.87373e-10 3.54852e-05 5.15212e-06 0.0141974 0.000140022 
0.04108 0.000843163 0.00616156 0.000193205 0.000985734 8.88518e-05 0.00133098 0.00406498 0.0123956 0.354302 0.00736525 0.01295 0.0237015 0.00137509 0.0418054 0.0134762 0.00584281 0.0443966 0.0503115 0.0260307 0.0869257 0.0378742 0.195073 5.09378e-05 0.0287208 0.00265412 
0.0127252 0.052278 0.00398177 1.9458e-09 0.000513202 0.00148417 0.0121166 7.93089e-05 0.0569113 0.218317 0.000721903 0.0367872 0.182103 0.0339058 0.027888 0.056937 0.0195342 0.0168583 0.0854581 0.0297385 0.0384004 0.0026399 0.0742809 0.000189893 0.0358959 0.000255042 
6.53917e-06 9.36302e-07 0.0119218 3.59119e-10 6.44796e-07 6.48566e-10 7.37474e-07 0.000163348 0.186168 0.55058 5.81759e-06 9.51037e-06 0.0916548 6.33504e-07 0.000959991 8.59394e-05 1.6449e-07 0.0049155 0.130434 0.00145136 0.00345266 0.00094819 0.012901 1.5858e-06 0.00433722 3.25476e-10 
0.0237251 0.00530231 0.028291 2.22612e-09 0.00022033 3.22079e-05 0.000442882 0.00012763 0.0193311 0.224196 0.00109221 0.0133048 0.0397255 0.000147595 0.0416607 0.0043817 0.0491276 0.0962921 0.185905 0.00421007 0.0384411 0.0157108 0.093804 1.79597e-06 0.111226 0.00330062 
0.0119857 3.81437e-05 0.0077524 7.2422e-08 7.00074e-06 4.28275e-06 0.000226651 0.000125384 0.00409443 0.548194 5.0079e-06 0.0104081 0.0250995 5.20008e-05 0.00443218 0.000311806 0.000383261 0.348425 0.000743266 0.000354265 0.0119134 0.00417352 0.0157697 1.99237e-06 0.00520067 0.000298987 
0.0247806 0.00228686 0.00705969 2.63403e-07 0.00165125 0.0105025 0.0188145 0.00011112 0.0134081 0.621287 0.00621187 0.0330841 0.00748071 0.00010821 0.0208275 0.000959276 0.00117177 0.0828756 0.00909673 0.092649 0.0054143 0.00847412 0.0196579 0.000199177 0.0105312 0.00135683 
1.97887e-07 3.82607e-07 0.00131332 4.25193e-10 1.21329e-07 6.90143e-07 0.000757623 9.8174e-06 0.0747475 0.872628 4.76568e-05 0.000120848 0.0121344 5.49719e-07 3.33605e-07 4.29188e-08 2.08105e-05 0.000596575 0.00985859 1.06081e-05 0.00437091 0.000607431 0.0122057 1.0502e-07 0.0105675 1.72799e-07 
0.114547 0.12022 6.61381e-05 2.37177e-08 1.5013e-05 3.46529e-09 5.37408e-06 2.27614e-06 0.0492296 0.571088 0.0817217 0.0205773 0.0132147 6.69076e-05 0.00209606 0.000679285 6.34093e-05 8.30117e-05 0.00110344 0.0244084 0.000123589 3.44904e-05 2.46796e-07 3.57081e-06 6.08993e-05 0.000588985 
0.000283996 3.46021e-05 0.00186804 6.05315e-07 1.4837e-07 5.27622e-05 0.156264 0.00047735 0.00164141 0.38639 0.0109753 0.00505229 0.00196606 2.25381e-09 0.0285044 7.10745e-05 0.000183711 0.00508869 0.0455006 0.0818399 0.00400904 0.00705328 0.246013 5.53573e-06 0.0111715 0.00555288 
0.0133254 0.000775455 0.00278315 1.10793e-12 0.00043506 1.13945e-05 0.00260787 0.000113892 0.0112004 0.325415 0.0729233 0.0587974 0.0246974 8.87948e-05 0.012783 0.00872185 0.0295091 0.126041 0.028361 0.0202081 0.0125038 0.00399981 0.185205 1.87601e-08 0.0592834 0.000208824 
0.0621487 2.25834e-06 0.0192255 1.206e-08 6.70603e-06 5.10078e-06 0.000882273 2.22749e-06 0.0383771 0.369577 0.000411229 0.000751023 0.0617929 7.89787e-06 0.00566168 0.00835538 4.39468e-06 0.264943 0.0188823 0.00943095 0.0119481 0.00248696 0.114446 0.000435551 0.0102151 3.39424e-07 
0.0277028 8.25171e-05 0.0369328 4.87148e-06 0.00020825 3.55129e-05 0.000341766 0.000361228 0.171173 0.240855 0.00313867 0.0533058 0.000289463 0.000732741 0.07469 0.000154752 2.00126e-05 0.0745545 0.0314314 0.00803576 0.0286756 0.00316684 0.0680181 4.32864e-05 0.172771 0.0032739 
0.0232949 2.18393e-06 0.0176 3.94961e-05 0.00210598 2.23238e-05 0.0264943 0.000270511 0.0154054 0.221515 0.0531943 0.00228132 0.00864793 1.18581e-05 0.214127 0.000758169 3.75919e-05 0.0274406 0.025265 0.0414511 0.0851907 0.0246451 0.186798 1.43278e-06 0.0230644 0.000335019 
0.0118402 0.000244109 0.00101065 2.73127e-10 0.00489952 1.05171e-08 0.00175476 0.000257769 0.0513748 0.317054 0.00146714 0.0568915 0.0614504 0.0928695 0.00549816 0.00472535 0.0121268 0.030575 0.090985 0.0315139 0.0178504 0.011314 0.144359 1.96647e-05 0.0494015 0.00051643 
0.00109899 6.41668e-06 0.00344227 9.65347e-13 0.00109948 0.000402163 0.000134967 0.000140687 0.000516984 0.742634 0.000236333 0.0050383 0.0108153 3.54924e-09 0.0324906 1.85632e-05 5.67626e-06 0.0357425 0.0167709 0.00135506 0.00810701 0.00254095 0.131371 6.1247e-07 0.00603061 1.09473e-08 
0.012312 5.35358e-05 0.00533417 1.0341e-06 4.42438e-05 2.81559e-05 1.31497e-05 9.391e-05 0.0129768 0.316098 0.000530637 0.00103756 0.247572 1.78613e-05 0.0362176 0.00587582 0.00620568 0.116321 0.0717617 0.00288589 0.0278027 0.0200149 0.0943795 3.18755e-05 0.0222829 0.000107464 
0.00426872 9.96753e-05 0.0132908 2.45876e-11 1.94285e-08 1.70463e-07 4.48979e-08 0.000299092 0.0294851 0.254518 1.28322e-06 0.000462252 0.00823943 1.19854e-08 0.116512 2.78761e-07 6.13661e-08 0.107532 0.0042033 0.00248551 0.250158 0.0149938 0.17666 3.46669e-06 0.0167851 1.17971e-06 
0.0174335 0.00192117 0.00730964 0.0275527 0.000212381 6.81524e-05 0.00692516 0.00805042 0.0614196 0.213377 0.0132169 0.00954196 0.0429084 0.00448142 0.0115879 0.00207973 5.3011e-05 0.114994 0.0475279 0.0204279 0.165569 0.0207699 0.162445 0.000246416 0.0395348 0.000346468 
0.00299312 1.39251e-05 0.00120039 1.0815e-09 0.00247396 0.000136758 0.000796724 0.00051791 0.00406561 0.735699 0.00413456 0.00376271 0.00594691 8.02606e-05 0.0160742 0.000170979 7.45748e-06 0.0371596 0.0433944 0.00689183 0.0134325 0.00644764 0.104091 0.000262319 0.00849943 0.00174646 
0.0134047 0.0468988 0.032408 6.30045e-11 0.00491221 1.29629e-07 0.00222645 0.000385071 0.0657067 0.180876 9.35582e-05 0.0799753 0.136912 0.00700464 0.0832218 1.07849e-05 0.000285778 0.0828657 0.0533834 0.0112861 0.0218009 0.0123963 0.0408257 3.6417e-06 0.122782 0.000335221 
0.0181368 2.51602e-06 6.29608e-05 2.99107e-06 7.75712e-05 3.41799e-06 0.000949002 1.72133e-05 0.0893962 0.815531 7.33721e-06 6.53773e-06 0.0224955 4.38972e-06 0.000872935 6.65375e-06 4.54334e-07 0.0169473 6.40443e-06 0.000602875 0.00566456 0.0231942 0.00411519 2.01559e-06 3.06241e-05 0.00186311 
0.0168741 0.000206635 0.00557138 5.43834e-07 0.00755699 6.2578e-05 0.00069807 0.000276486 0.0113266 0.483001 0.0103858 0.0154981 0.0235457 0.000989494 0.032132 0.000513094 0.00466836 0.0695857 0.0420746 0.0212645 0.021209 0.0082849 0.196429 2.57816e-05 0.0266776 0.00114178 
0.00224897 1.69917e-07 4.38529e-05 7.49265e-10 0.000649568 3.67129e-09 4.11241e-06 6.87239e-05 3.84001e-05 0.869674 5.45548e-05 0.000383777 0.000795145 3.7441e-09 0.00266369 0.000429635 2.94912e-06 0.0440407 0.0123132 0.000541231 0.0170317 0.00629428 0.0425046 1.08408e-09 0.000158905 5.8073e-05 
0.00412843 4.24316e-07 0.000172186 1.82196e-10 2.2417e-10 3.29044e-10 1.53876e-10 5.38874e-08 0.00246035 0.583421 3.00712e-08 0.000467792 0.00491828 3.60526e-07 9.46784e-07 0.011281 4.3738e-11 0.00832127 0.0129394 5.32326e-05 0.012424 0.00121353 0.336411 1.94037e-10 0.0217862 2.7747e-07 
0.00112641 1.46649e-06 0.000793949 8.81493e-10 0.00540299 0.00010702 0.000114447 0.000667504 0.0143969 0.750104 0.00179558 0.000345795 0.00806264 1.13143e-05 0.000951767 0.000324864 1.84352e-05 0.0492221 0.0326483 0.000185809 0.00610737 0.00189113 0.081737 3.61525e-06 0.0439794 5.0297e-07 
0.00533917 5.81447e-05 0.00189895 9.30153e-08 0.00016768 1.47198e-07 0.000351965 0.000780549 0.000731793 0.565032 0.000116699 0.00202224 0.00042397 2.404e-08 0.0515877 0.00022937 0.00395029 0.0334103 0.0152765 0.0101341 0.0120775 0.00625881 0.272292 3.49796e-06 0.017846 1.08303e-05 
0.106829 7.05575e-05 0.00327554 0.00282558 0.000754003 0.00140494 0.000180419 0.000220459 0.00231808 0.333547 0.00186481 0.0155287 0.00471012 6.62795e-05 0.0606045 0.079503 0.0188713 0.0745331 0.0208756 0.0380832 0.0503481 0.0463053 0.121206 4.33014e-05 0.00949169 0.00653955 
0.0111737 0.00638604 0.00217945 3.51723e-09 5.07737e-05 6.6995e-06 0.000743613 0.000135358 0.00156057 0.589892 0.00218458 0.0150976 0.00268464 0.000251214 0.00968676 0.000909665 0.000243995 0.00576203 0.125908 0.0056373 0.00138608 0.00539641 0.199748 9.04843e-05 0.0128153 6.9474e-05 
0.0256601 1.20352e-06 0.00866679 3.17389e-07 0.00091757 0.000163594 0.000101662 0.000305933 0.0166426 0.645893 0.0020753 0.00229289 0.0108895 6.11912e-05 0.0133707 0.00417885 0.00061153 0.0442662 0.0512804 0.0050648 0.0128796 0.0395483 0.0988518 7.98801e-07 0.0161563 0.000119416 
0.0274781 0.000129374 0.00267837 8.74624e-07 5.14071e-05 2.51793e-09 0.000475484 0.000307251 0.0195634 0.348267 0.056715 0.0213294 0.00231612 0.000480591 0.0221703 0.00914388 0.00257336 0.0998932 0.0942282 0.0180519 0.111781 0.0364003 0.106624 7.17438e-06 0.0192576 7.61972e-05 
0.00969765 1.84525e-05 0.0100398 5.69264e-08 0.00114272 1.42222e-05 0.000266028 0.000146734 0.0020086 0.550991 0.00201562 0.00288693 0.0158458 6.63402e-06 0.0641568 0.000667705 4.63992e-06 0.0290187 0.0332913 0.00769846 0.0387931 0.0426811 0.151215 3.95484e-06 0.0373611 2.86149e-05 
0.00047099 1.95053e-06 0.000466275 7.43252e-10 1.49021e-05 1.53736e-05 3.40184e-05 5.12694e-05 0.00351163 0.819119 3.25488e-06 3.28141e-05 0.00687413 3.68074e-09 0.001269 0.00024854 1.40583e-06 0.0938024 0.0142775 0.000179792 0.00814309 0.00656981 0.042505 4.8219e-06 0.00240355 6.16504e-09 
0.0147691 2.18531e-06 0.00474019 2.91692e-06 7.83168e-05 1.26747e-07 4.87153e-05 0.000475138 0.0132545 0.441251 0.00282109 0.000499465 0.00607386 0.0329516 0.0197557 0.00098682 4.63781e-06 0.0624734 0.0126643 0.00733399 0.186118 0.0346866 0.146244 2.23346e-06 0.0125371 0.000225018 
0.00259415 0.000142473 0.00288396 1.31627e-11 4.03236e-08 4.48916e-08 0.000166937 0.000327769 0.00779981 0.648688 0.000186438 0.00253679 0.166024 5.51707e-07 0.00806102 0.000156797 6.2561e-08 0.0110644 0.0247293 0.00058413 0.0157187 0.00151834 0.100998 1.40182e-11 0.00562361 0.000194865 
0.00592099 2.96497e-07 0.00796 1.9653e-11 7.92258e-08 3.54932e-11 0.000216275 0.104492 0.00535685 0.248218 0.00732477 0.115139 0.00123878 2.31436e-11 0.178827 3.68178e-05 0.000112557 0.133265 0.0177647 0.0250446 0.0256641 0.0340935 0.0220913 7.02621e-09 0.0672329 1.54264e-07 
0.0150175 2.49772e-06 0.00107578 1.1595e-09 0.000261745 0.000384623 0.00169801 9.72676e-06 0.000615335 0.449548 0.0013262 0.0046238 0.00181276 0.00896269 0.0419765 0.000522773 2.26184e-05 0.0491755 0.167787 0.00680592 0.0423253 0.0291158 0.168711 3.79305e-07 0.00820318 1.59425e-05 
0.04442 0.0260294 0.00243149 7.05666e-06 0.00276829 9.33932e-05 0.000465811 0.000319848 0.0551168 0.434951 0.0349998 0.0356317 0.0121311 0.00125943 0.0356485 0.0233184 0.00470879 0.0432896 0.0567299 0.0146773 0.0100365 0.0226396 0.113245 0.000174499 0.0217375 0.00316964 
0.0130729 0.000286052 0.00305777 0.000564715 0.000628885 6.4343e-05 0.00503324 0.00020871 0.0932665 0.179955 0.0196696 0.0344133 0.0625286 0.0050636 0.0545842 0.0103301 0.0045376 0.0344898 0.0958393 0.133335 0.0463854 0.044758 0.128085 3.10501e-06 0.0285432 0.00129581 
0.012266 0.000275162 0.0157393 3.56263e-06 0.00320221 3.88486e-06 0.000285089 0.000441764 0.0154057 0.29967 0.000922317 0.0951329 0.153657 0.00393749 0.0283533 0.00395743 0.0011202 0.0189109 0.0109254 0.00986735 0.0328225 0.0157445 0.214535 6.02065e-06 0.0619166 0.000897613 
0.0056979 0.0160256 0.00481624 1.82515e-05 0.00119884 0.000564998 0.000312775 0.000155581 0.00863493 0.324713 0.0100329 0.153127 0.00439785 3.34049e-06 0.0328378 0.000680108 0.0127126 0.0150213 0.0290547 0.235621 0.00541374 0.00870096 0.112086 4.76642e-06 0.0142071 0.00396023 
0.00314231 4.97388e-05 0.00549956 4.59957e-09 0.000694968 1.78574e-07 5.32653e-07 1.02896e-05 0.0465748 0.247595 0.00629477 0.0651282 0.0183244 9.18295e-06 0.000852752 0.0124442 0.241626 0.175248 0.00214597 0.00713882 0.101976 0.000795528 0.0558021 5.99734e-06 0.00863617 4.00461e-06 
0.00784572 0.0001903 0.0181689 0.00540731 0.00217696 0.00048851 0.00488474 0.000470181 0.0206749 0.383091 0.001132 0.0159084 0.00625832 0.0398801 0.0117979 0.00706303 0.00113109 0.062243 0.069052 0.199504 0.0157974 0.0166255 0.0789495 1.34202e-05 0.0299811 0.00126443 
0.0216429 0.000975771 0.00120838 3.14808e-05 0.00362685 8.57556e-05 0.000199395 0.000120283 0.00212671 0.544283 0.0184696 0.00928261 0.00166048 0.00775674 0.0023623 0.00827508 0.000627564 0.072285 0.0838853 0.00814468 0.0359584 0.0836791 0.0826719 2.71483e-07 0.00902365 0.00161631 
0.0252803 0.00175073 0.000750499 0.000554999 0.000299396 0.000125985 9.23808e-06 0.000108925 0.00631536 0.497483 0.000155987 0.00979644 0.00261892 0.00440151 0.000958103 0.0187305 1.70117e-05 0.0472006 0.233148 0.000825442 0.014091 0.107648 0.0100181 1.67204e-05 0.00419398 0.0135019 
0.0168174 7.62088e-05 0.00206965 4.95041e-10 0.000491499 1.26058e-05 0.00818452 0.00148171 0.0203446 0.373367 9.01604e-06 0.0277753 0.0001129 0.00356025 0.0462995 0.000420448 0.00859724 0.121369 0.0194065 0.217924 0.00663497 0.0134739 0.084814 5.0459e-06 0.0267523 3.96991e-08 
0.0189196 0.00908986 0.00889064 1.76714e-07 0.000319584 0.000103087 0.000492224 0.00288116 0.0896969 0.342307 0.0619836 0.022819 0.00343506 2.64028e-05 0.0252002 0.000422945 0.000257409 0.0137988 0.10174 0.0174837 0.0419778 0.0247965 0.0992973 5.32343e-05 0.104734 0.0092747 
0.0448758 0.00396184 0.00486747 0.0371476 0.000729801 0.00241857 2.39113e-05 0.00106014 0.0143997 0.46636 6.06606e-05 0.137114 0.00175724 5.5939e-09 0.0158849 0.00916265 0.0130647 0.133403 0.0442085 0.00104787 0.00161103 0.0149832 0.0265792 0.0123232 0.0128704 8.50304e-05 
0.016226 5.30888e-05 0.000759413 8.4868e-07 5.66516e-09 6.34536e-09 0.000187122 0.000752278 0.00311129 0.443271 0.000115074 0.000855573 0.0129891 4.04987e-12 0.015614 0.00345535 2.70915e-06 0.0203091 0.214319 0.00202955 0.0394066 0.0950775 0.128482 5.53783e-05 0.00290847 1.95985e-05 
0.0347324 0.000692805 0.00118477 2.77847e-08 0.00243281 1.37774e-05 9.12083e-06 0.000683719 0.0185602 0.362041 0.000905405 0.0227498 0.000123034 6.41798e-05 0.0206708 0.0488372 4.68842e-05 0.0299348 0.0421717 0.00669932 0.00368205 0.341608 0.00401605 2.10739e-05 0.0262137 0.0319046 
0.0189727 2.47639e-05 0.0631654 5.9244e-06 0.00201393 3.02519e-05 0.000356256 0.000517043 0.0108067 0.331044 7.85419e-05 0.00839199 0.00336263 0.0205075 0.284034 2.48585e-05 0.0066192 0.0313623 0.0432987 0.0123756 0.0038385 0.00953231 0.0722272 2.37362e-05 0.0710596 0.00632729 
0.136417 4.4518e-08 0.000606948 1.95937e-11 1.18103e-07 1.18982e-07 4.52416e-08 0.000229516 0.0079103 0.29456 0.000451576 3.21106e-07 1.53518e-06 0.260417 0.013529 6.58945e-07 3.63988e-08 0.00473647 0.17053 0.0140917 0.0170194 0.00794749 0.056262 1.95513e-05 0.0152695 1.39941e-07 
0.0106188 0.00012522 0.0275524 1.75249e-06 1.27364e-05 2.27735e-05 0.000125312 0.00729221 0.247351 0.336069 0.000571295 0.0122974 0.00791538 0.00887213 0.0284688 0.000957167 2.60557e-05 0.0167869 0.0275546 0.00605908 0.0205313 0.00410906 0.188401 2.52015e-06 0.0472473 0.00102954 
0.00715217 5.13036e-05 0.000461733 3.32468e-09 0.000274985 8.57469e-09 8.12842e-05 0.000103866 0.000227145 0.762817 0.00154562 0.00222444 0.000526236 1.63739e-05 0.00986262 0.0035318 0.00401626 0.0152434 0.077897 0.016047 0.00311207 0.0733131 0.0120339 3.71222e-05 0.00870957 0.000714322 
0.0293311 0.00193722 0.000479992 4.07188e-07 0.000257123 3.10623e-07 0.00768318 0.000264583 0.0856371 0.337628 0.0606767 0.0597275 0.00510293 0.0513118 0.00305034 0.0283755 0.000244229 0.00757231 0.162625 0.00467758 0.0084806 0.0140455 0.0884339 7.90911e-05 0.0359568 0.00642169 
0.00627434 0.000177455 0.00112518 7.3865e-12 0.000225564 1.21965e-08 0.00048451 4.55047e-06 0.0216545 0.360466 0.000799452 0.0108132 0.0227481 0.00331764 0.00173032 0.00310565 0.0104604 0.0353973 0.0914009 0.00761794 0.0309954 0.00946144 0.305017 0.000161312 0.0283892 0.0481722 
0.0241792 1.4441e-05 0.000447207 2.70433e-10 0.000738061 1.01236e-08 0.000618005 2.81729e-06 0.000211625 0.4303 0.0234076 0.0080015 0.0494446 0.00133938 0.0147901 0.000126537 0.0802181 0.0650651 0.0298292 0.032158 0.00235515 0.00299322 0.177885 1.63771e-06 0.0558268 4.67136e-05 
0.016865 7.55295e-05 0.00456158 0.000122675 0.00227768 0.000913917 0.0185368 0.00107318 0.0220216 0.452214 0.00769455 0.0250517 0.0739867 0.00663251 0.00976023 0.00123554 0.00388341 0.14799 0.0212047 0.0506815 0.0436669 0.0117737 0.056683 2.55396e-05 0.0207107 0.000357417 
0.0105266 0.000166056 0.0174029 7.67908e-10 0.0011711 5.14451e-06 9.97419e-05 0.000564076 0.00196097 0.350698 0.000290058 0.00723597 0.00019691 4.47079e-09 0.279353 1.33855e-07 6.49147e-06 0.0100484 0.0256933 0.0499683 0.0135448 0.0104231 0.155636 1.77553e-08 0.0649616 4.69808e-05 
0.0173274 0.000271608 0.0343709 0.000194613 5.18389e-06 1.37066e-05 0.0136234 0.00211391 0.0802285 0.228451 0.00197998 0.103513 0.00918281 4.67381e-05 0.0350118 0.00113595 0.00134725 0.0963875 0.0254684 0.0497984 0.0406223 0.0299121 0.135684 0.000761752 0.092079 0.00046839 
0.0281275 0.00162117 0.0078588 0.000398937 0.00063712 0.000201207 0.00270748 0.00138974 0.0317021 0.297254 0.0100742 0.00885242 0.01744 0.00346475 0.0287774 0.00896397 0.0028251 0.0396531 0.073261 0.0182645 0.0776861 0.120905 0.182747 6.48132e-05 0.0331611 0.00196137 
0.119439 0.000579277 0.00603431 0.000119358 3.81342e-05 4.33411e-10 1.49202e-05 0.000356963 0.00269661 0.361668 0.0225201 0.0565659 0.0416531 0.00167014 0.0140127 0.00816169 0.00487723 0.127006 0.0194522 0.00954419 0.0716386 0.022672 0.0844266 1.61625e-05 0.0211524 0.00368432 
0.000659533 5.99916e-05 0.00681891 1.27838e-07 3.49943e-05 7.21441e-05 0.000263832 0.000665576 0.0019546 0.593743 8.39162e-05 0.000385738 0.00312764 1.22111e-08 0.0108166 5.01961e-05 3.00264e-06 0.0209845 0.00344118 0.00458969 0.0126849 0.00365256 0.305856 3.35563e-09 0.030029 2.28919e-05 
6.23774e-08 2.96258e-12 0.00114624 2.59296e-12 1.24454e-08 6.69696e-08 1.75216e-08 0.00805298 0.00143816 0.433163 0.00729597 4.55587e-08 0.0556489 3.0535e-12 1.3283e-07 0.000105908 6.22466e-13 0.0105391 0.138204 0.000170993 0.025781 0.109984 0.200792 8.31208e-10 0.00767672 2.27978e-08 
0.0157838 0.0928107 0.000154265 1.15099e-05 0.000674542 4.9828e-05 2.08352e-05 0.000392762 0.00529666 0.318255 0.000198279 0.176489 0.000216073 0.000293754 0.00500688 0.000821361 0.19429 0.0741766 0.0672896 0.0120949 0.00665458 0.0137661 0.00832037 0.00105007 0.00572484 0.000157625 
0.00876522 0.0115383 0.00346632 8.71924e-07 8.37474e-06 0.000748276 0.0035508 0.00203177 0.174767 0.397133 0.0122811 0.000412051 0.0339341 2.14184e-06 0.0561445 0.0960815 4.13585e-05 0.0249972 0.0247736 0.00309302 0.00363121 0.00703235 0.0289621 3.75826e-05 0.106541 2.52312e-05 
0.0388602 1.93461e-08 0.00701512 2.31113e-05 0.00239632 1.09966e-05 3.32704e-05 0.00159845 0.00444627 0.293776 0.000327208 0.0431673 0.00810084 2.79944e-08 0.0963995 0.00873518 3.27354e-06 0.15277 0.0148177 0.012068 0.111193 0.0149375 0.175735 3.77512e-08 0.00347293 0.0101117 
0.0365412 6.45382e-05 0.008988 8.55243e-06 0.000116151 1.6664e-05 0.000245085 0.00496476 0.00335128 0.23977 0.0304429 0.00525159 0.00226085 0.00272174 0.204641 0.00180128 0.000313375 0.0141243 0.108692 0.0499645 0.0337316 0.0350384 0.193363 1.34385e-06 0.0229056 0.000680741 
0.0017746 1.36258e-06 4.80661e-06 2.45014e-09 0.000152769 1.54718e-11 3.86051e-08 1.2616e-05 3.12278e-05 0.781958 1.37294e-05 0.0036153 0.00280011 3.34654e-08 0.00220095 6.61184e-05 0.0013154 0.0813309 0.00722365 0.00486277 0.0117226 0.0044184 0.096476 3.94073e-08 1.67777e-05 1.99985e-06 
0.0234631 4.98105e-07 0.00462075 1.04645e-07 0.000129288 1.62423e-06 9.69423e-07 6.65694e-07 0.133047 0.343921 3.13491e-07 5.74116e-07 0.229566 1.96569e-09 3.94194e-07 0.00168253 4.92197e-07 0.0117468 0.0902208 9.86975e-07 0.0217139 0.00122722 0.0936736 1.77771e-09 0.0449808 1.78288e-06 
0.00244405 0.0010993 0.00567921 1.42571e-07 0.000536183 7.27694e-06 0.0137006 9.11425e-05 0.1157 0.423972 0.0459731 0.0137648 0.00793965 0.00623621 0.00783276 0.0080486 0.000230366 0.00601548 0.0853787 0.0274506 0.0274432 0.00409668 0.104825 0.000123944 0.0836881 0.0077235 
0.128859 0.00199953 0.0126302 3.53946e-07 3.2032e-05 1.65289e-09 0.00104573 0.000434889 0.0357458 0.656528 0.00676239 0.0121068 1.76775e-06 6.61441e-07 0.0102626 0.00134461 0.000254105 0.00526038 0.0177844 0.00106298 0.000778983 0.00242934 0.0824579 0.00127176 0.0194574 0.00148893 
0.0104205 0.00308668 0.0107346 5.1223e-09 0.00106312 4.19321e-05 0.000600458 0.00030324 0.0101639 0.420764 0.0231467 0.0110278 0.00874129 1.01371e-05 0.0161662 0.000588249 0.00478693 0.020484 0.0319333 0.00401096 0.00969456 0.00466979 0.379321 1.16871e-05 0.0277071 0.00052252 
0.0267993 0.000969001 0.00333481 1.73752e-05 0.00126849 0.000111569 0.000125963 0.000139455 0.0666099 0.473789 0.0302689 0.0136972 4.13005e-05 0.00336072 0.0165981 0.0117175 0.0225748 0.0482226 0.0344188 0.0497816 0.0657864 0.0112906 0.029874 1.57753e-05 0.0886502 0.00053702 
0.0147477 4.43552e-05 0.000876965 0.0122493 0.00353094 7.40114e-05 0.00181839 0.00014946 0.00593284 0.358617 0.00618849 0.0811235 0.00436552 0.00191066 0.00519777 0.0127269 0.0458685 0.149964 0.0585322 0.0380928 0.00824678 0.03944 0.126999 5.80611e-06 0.0211646 0.00213213 
0.00771587 0.263679 0.00042942 5.7094e-07 0.000637119 3.52962e-06 4.35021e-05 0.000219703 0.0347406 0.471434 0.00378944 0.0592221 0.000780263 7.56253e-05 0.00276637 0.000810785 0.0244796 0.0117001 0.0695781 0.00137783 0.00271615 0.00784006 0.0134165 0.000775699 0.0135175 0.00825097 
0.0214247 0.000212229 0.00346019 1.49681e-05 0.000155369 1.62961e-05 0.000149438 0.000523374 0.00299949 0.232967 0.00767029 0.00223612 0.00515307 0.0123758 0.175945 0.00345117 0.00721994 0.0162468 0.0821954 0.00216266 0.0322279 0.135226 0.215944 6.49296e-06 0.0372793 0.00273793 
0.00177311 0.000866957 0.00149352 1.57974e-06 0.00154647 7.10954e-08 0.00409002 0.000367957 0.159211 0.272309 0.000475234 0.00671107 0.111407 0.00770779 0.00315709 1.05936e-06 0.000279074 0.00947173 0.20295 0.0337212 0.022815 0.00298689 0.120709 4.91085e-05 0.0356828 0.000215847 
0.050088 0.185795 0.00227275 0.000170936 0.000128136 9.15977e-06 1.8818e-05 3.23339e-06 0.0384807 0.513643 0.00670876 0.0401445 0.0148909 0.00218302 0.0444501 0.00433433 0.00110397 0.00417147 0.0356653 0.000559846 0.000178598 0.0256217 0.01782 0.000333762 0.0109946 0.00022998 
0.295713 0.000477129 0.00161654 7.0443e-07 0.000153856 0.00929388 0.00162845 1.10468e-05 0.00504473 0.309625 0.00349221 0.00137144 0.0915853 5.92788e-06 0.00504214 0.018216 0.0119196 0.0612241 0.0255158 0.0102194 0.0253562 0.0865348 0.0297566 1.33381e-05 0.0060304 0.000151963 
0.0177023 3.38746e-06 0.00458589 0.00322471 7.11442e-05 9.95453e-06 0.00034379 5.96675e-05 0.00333568 0.254537 0.00742739 0.00405639 0.232835 0.00144148 0.0205518 0.00952972 1.66094e-05 0.0177977 0.023419 0.0291499 0.0717674 0.102114 0.143461 8.64084e-07 0.0482096 0.00434819 
0.0345132 0.00537051 0.0118775 0.00126375 0.00175312 0.00021584 0.0128193 0.000399953 0.0464232 0.326969 0.0195028 0.0130681 0.0191181 0.077595 0.0224771 0.0097324 0.00143687 0.0204024 0.11415 0.0398986 0.0450986 0.0354756 0.0800024 7.12542e-06 0.0574916 0.00293752 
0.000292454 0.1257 0.000579605 6.85367e-09 0.0386411 1.43583e-07 8.11195e-05 0.000237418 0.00138706 0.401598 0.0445534 0.00399064 0.00175815 1.18082e-09 0.0217264 7.89643e-05 6.75637e-05 0.016079 0.0255033 0.00848217 0.0326674 0.00384161 0.24437 1.47305e-06 0.0281344 0.000229059 
1.97887e-07 3.82607e-07 0.00131332 4.25193e-10 1.21329e-07 6.90143e-07 0.000757623 9.8174e-06 0.0747475 0.872628 4.76568e-05 0.000120848 0.0121344 5.49719e-07 3.33605e-07 4.29188e-08 2.08105e-05 0.000596575 0.00985859 1.06081e-05 0.00437091 0.000607431 0.0122057 1.0502e-07 0.0105675 1.72799e-07 
0.00575046 0.000915548 0.00289982 0.000612534 0.0001615 0.000232791 0.00750274 0.000397599 0.0291676 0.327333 0.00545859 0.0689986 0.130142 0.00169324 0.0143568 0.00146889 0.0103431 0.0692189 0.0525673 0.0110899 0.0172787 0.0166429 0.21128 1.54962e-05 0.0143372 0.000135312 
0.00230439 0.00558327 0.0019579 4.33425e-10 1.39568e-06 7.82763e-10 5.56174e-07 2.50773e-05 0.110533 0.398286 3.90553e-05 0.14819 0.000832926 2.01964e-09 0.0171147 0.00365983 0.0541169 0.115957 0.0967638 0.00659289 0.00351994 0.00751535 0.0122944 7.51404e-05 0.0145204 0.000114545 
0.00432167 0.000119822 7.12102e-05 3.07617e-07 0.000462559 0.000128459 6.93757e-05 3.55274e-05 0.000431409 0.788097 0.00225898 0.044619 1.37516e-07 8.47861e-05 0.00571509 0.00153713 0.00253485 0.00962973 0.0292079 0.0637293 0.012549 0.00123452 0.0268415 4.89264e-06 0.00592354 0.000392 
0.01047 0.00138481 0.00618775 2.10582e-11 0.000579655 0.000158431 0.0103205 1.30471e-05 0.13805 0.278835 0.0117898 0.000704966 0.111502 2.47983e-11 0.00371647 2.93644e-05 0.000191402 0.173176 0.00381933 0.00301693 0.074983 0.0024357 0.118967 5.89579e-06 0.0496627 3.60766e-07 
0.0189132 8.46061e-06 0.00216762 6.1408e-09 0.103101 1.15661e-07 0.00108223 8.8366e-05 0.00212614 0.535426 0.000650352 0.000444858 0.0242234 1.75312e-05 0.00455398 0.0127207 0.00500555 0.0398691 0.00164058 0.00386243 0.177655 0.0155357 0.0405551 9.59198e-06 0.00995961 0.000383633 
4.69852e-07 5.38639e-09 0.00498801 2.46753e-07 4.09253e-07 7.43956e-06 1.38219e-05 2.64867e-06 0.0241899 0.371352 0.0010177 0.0083391 4.17807e-06 1.5095e-06 9.52345e-07 3.40406e-07 1.00565e-07 7.5366e-06 0.0136414 0.354173 3.47584e-05 0.0154858 0.124805 5.02076e-09 0.0819328 9.27126e-07 
0.0058374 0.000376123 0.000109198 3.7017e-08 0.000196202 6.02926e-08 0.000708754 0.000802923 0.0110641 0.675639 0.0495607 0.0991606 1.74415e-07 0.00615168 0.00158385 0.000731479 1.34735e-05 0.0607376 0.0270946 6.54435e-05 0.00334665 0.00117866 0.024409 3.86164e-06 0.0155588 0.0156699 
0.00738522 7.59697e-05 0.00195745 7.65952e-05 0.00198144 9.1535e-05 0.000565564 0.000345213 0.0206742 0.719522 0.00966971 0.00739199 0.0142521 0.000890457 0.0125639 0.00191399 0.000348152 0.0397456 0.0468168 0.00811471 0.0138622 0.0198898 0.0542917 8.41171e-05 0.0164676 0.00102185 
0.00777916 0.0171473 0.00108824 7.35056e-09 2.13249e-05 7.04262e-06 0.000294132 7.83024e-05 0.00269173 0.307864 0.00253232 0.000895732 0.00282327 1.75758e-07 0.301469 0.00033812 0.00950288 0.015571 0.0379708 0.0327986 0.0309601 0.0167359 0.203207 0.000121972 0.00795959 0.000142158 
0.00379333 7.69335e-05 0.00706327 7.83849e-08 0.00085451 0.000375471 0.000250941 0.000288317 0.00777143 0.233327 0.00244497 0.229793 0.00204849 2.30281e-05 0.0421156 0.000526107 0.0132348 0.103243 0.0966797 0.00351211 0.0223955 0.0211292 0.144081 4.99919e-06 0.0566126 0.00835524 
0.0171121 0.0001634 0.00181112 7.01594e-10 7.45557e-05 4.35376e-05 8.11821e-05 0.000415883 0.00612705 0.238277 0.000669307 0.0123009 0.00847007 1.12672e-07 0.108141 0.00956559 0.014827 0.0531441 0.174285 0.0208064 0.0149641 0.236678 0.038221 3.08021e-05 0.0437761 1.53153e-05 
0.00561519 0.000130366 0.107438 4.18587e-07 0.000698551 1.31645e-05 0.000209644 0.000187813 0.00114443 0.619764 0.00988385 0.00288112 0.0224647 1.3956e-07 0.0581628 0.00278978 3.53786e-05 0.0266976 0.0348591 0.00416291 0.00592273 0.0337095 0.049435 2.50152e-06 0.0136929 9.86153e-05 
0.00247908 0.00103916 0.00021895 3.93278e-06 0.000680516 6.09855e-08 6.16663e-05 0.000166787 0.00178136 0.965546 0.000321997 5.26711e-05 0.000371486 1.95832e-05 3.09203e-05 0.00034757 7.08071e-05 0.0045321 0.0115463 0.00344476 0.000394418 0.00160378 0.00304337 0.000289696 0.00175445 0.000198624 
0.000732799 3.16475e-05 0.00227304 0.000232958 0.000192456 3.74779e-05 5.87143e-05 2.77728e-05 0.000327499 0.648159 0.000147992 0.00135922 0.00399868 1.29282e-08 0.0297661 4.1546e-05 1.2327e-05 0.0200119 0.0600028 0.000349248 0.00268396 0.000507781 0.225525 2.45409e-09 0.00352004 3.98533e-08 
0.00502145 1.40466e-07 0.00599165 1.40495e-07 0.00286528 1.4033e-07 0.00231883 0.00292412 0.020874 0.282017 0.233244 0.00739691 0.00749471 1.40459e-07 0.00496591 1.40527e-07 0.00156137 0.00416359 0.11812 0.00369909 0.038596 0.0065401 0.189366 0.00023896 0.0585256 0.00407506 
0.0190957 0.00180842 0.00279312 0.000464562 0.000185659 0.000178117 0.000259913 0.00142789 0.0104064 0.416834 0.0108964 0.00966795 0.00282951 0.00211121 0.0372741 0.00750733 0.00360153 0.0270345 0.128755 0.0151981 0.0134364 0.00803298 0.24438 6.60648e-05 0.0356003 0.000155069 
0.00397192 5.89851e-09 0.00644808 7.18663e-09 0.00425644 1.04887e-08 6.95201e-06 0.00259287 0.022913 0.416017 0.0203575 0.00245711 0.000142001 3.59824e-08 0.0700683 0.00106437 8.54774e-06 0.0592956 0.063765 0.000293638 0.0173137 0.0114426 0.229017 5.0495e-07 0.0683862 0.000182663 
0.00259415 0.000142473 0.00288396 1.31627e-11 4.03236e-08 4.48916e-08 0.000166937 0.000327769 0.00779981 0.648688 0.000186438 0.00253679 0.166024 5.51707e-07 0.00806102 0.000156797 6.2561e-08 0.0110644 0.0247293 0.00058413 0.0157187 0.00151834 0.100998 1.40182e-11 0.00562361 0.000194865 
0.00723294 0.000624833 0.000122725 8.59413e-10 0.0132027 5.19686e-07 0.000938817 0.000610552 0.0636615 0.463461 0.00114955 0.0540948 0.0104076 0.00836926 0.0130876 6.4045e-05 0.107625 0.018608 0.0970195 0.0550805 0.00820293 0.00532764 0.0440628 5.02889e-05 0.0268265 0.000167976 
1.97887e-07 3.82607e-07 0.00131332 4.25193e-10 1.21329e-07 6.90143e-07 0.000757623 9.8174e-06 0.0747475 0.872628 4.76568e-05 0.000120848 0.0121344 5.49719e-07 3.33605e-07 4.29188e-08 2.08105e-05 0.000596575 0.00985859 1.06081e-05 0.00437091 0.000607431 0.0122057 1.0502e-07 0.0105675 1.72799e-07 
1.97887e-07 3.82607e-07 0.00131332 4.25193e-10 1.21329e-07 6.90143e-07 0.000757623 9.8174e-06 0.0747475 0.872628 4.76568e-05 0.000120848 0.0121344 5.49719e-07 3.33605e-07 4.29188e-08 2.08105e-05 0.000596575 0.00985859 1.06081e-05 0.00437091 0.000607431 0.0122057 1.0502e-07 0.0105675 1.72799e-07 
0.00213751 0.000297794 0.00413341 9.27477e-08 0.00726081 0.0003902 0.000136454 0.000514767 0.0016175 0.478755 0.0300828 0.0148313 0.00122835 2.388e-05 0.050745 0.00176402 0.00171749 0.0294534 0.0591169 0.0101101 0.010038 0.142512 0.139015 2.17684e-06 0.0140931 2.34106e-05 
0.0145406 0.000320659 0.00165821 1.09845e-06 0.00077893 0.000836205 0.000109953 0.000416531 0.0230768 0.208805 0.00236291 0.0526981 0.00840635 0.000257798 0.100248 0.00233256 0.0379406 0.176828 0.0826058 0.164754 0.0146098 0.0160728 0.0793494 4.82694e-05 0.0107829 0.000159089 
0.0185413 0.00107439 0.00245724 2.49809e-07 8.58349e-05 4.58749e-05 2.50606e-05 0.00236713 0.0272501 0.313592 0.0144815 0.0117556 0.0201592 1.77655e-06 0.0600365 0.00865867 5.86784e-05 0.025394 0.130423 0.0141826 0.0146375 0.0174149 0.251978 0.000107397 0.0651432 0.000127569 
1.97887e-07 3.82607e-07 0.00131332 4.25193e-10 1.21329e-07 6.90143e-07 0.000757623 9.8174e-06 0.0747475 0.872628 4.76568e-05 0.000120848 0.0121344 5.49719e-07 3.33605e-07 4.29188e-08 2.08105e-05 0.000596575 0.00985859 1.06081e-05 0.00437091 0.000607431 0.0122057 1.0502e-07 0.0105675 1.72799e-07 
0.000323659 0.000135962 3.51775e-05 4.58535e-10 0.000251867 8.12699e-08 0.000298551 4.20962e-06 0.131426 0.648768 1.72475e-06 9.39358e-05 0.0464633 5.39976e-10 0.00652739 2.32171e-07 3.16284e-05 0.0584496 0.0654607 0.000127896 0.00847401 0.000110801 0.0319789 2.25883e-05 0.00101329 5.25211e-07 
0.056696 0.0371653 0.00602411 4.87728e-05 0.0051602 0.000143692 0.00868106 0.00146616 0.0532306 0.398514 0.0150842 0.0255461 0.0230582 0.0107436 0.0182595 0.00567876 0.0101261 0.0793571 0.0435084 0.0526747 0.0249578 0.0298361 0.0536694 8.44504e-05 0.036182 0.00410402 
0.117693 0.00177583 0.0119929 1.99824e-06 0.0386033 4.1448e-07 0.015305 0.000101887 0.00415146 0.37569 0.000891344 0.000626744 0.0538268 2.39387e-05 0.106742 0.00682705 0.0252971 0.0700629 0.00214205 0.00454336 0.0372229 0.02927 0.0761803 6.26739e-05 0.0208415 0.000123724 
0.0257308 2.6465e-05 0.00380681 0.000118774 0.000875892 8.27191e-05 0.0003374 0.000239558 0.0100202 0.484722 0.000334593 0.000626901 0.0144741 2.69658e-11 0.0852064 0.00030861 0.00590026 0.0491147 0.0528159 0.000899553 0.0252282 0.0380221 0.1764 3.5017e-05 0.0244917 0.000180669 
0.00930366 6.87234e-05 0.000147795 1.70682e-08 9.78471e-05 1.37925e-07 0.000245994 0.000100345 0.0216194 0.432292 0.00151135 0.0623661 0.0138804 5.11614e-06 0.0608433 0.00253588 0.0409053 0.150525 0.0240068 0.0398236 0.0123159 0.0180703 0.0900923 1.19718e-05 0.0191927 3.86801e-05 
0.00190402 2.79154e-05 0.0012325 4.30076e-07 0.000507262 6.55552e-11 1.30491e-07 2.45078e-05 0.00572995 0.496934 4.23479e-05 0.00550706 0.0225077 4.99387e-07 0.0160172 0.00133156 0.00300413 0.0865946 0.0355395 0.0308564 0.0690899 0.00547515 0.197511 6.6565e-08 0.0199415 0.000220932 
0.00251048 5.08284e-05 0.000570539 9.17831e-09 0.00133657 8.19958e-07 0.0170469 0.000212703 0.00057237 0.416826 0.0403045 0.143922 0.00268987 0.000750537 0.00110693 0.000168145 0.121405 0.076408 0.026538 0.0274073 0.00390647 0.00510661 0.0898207 3.11044e-06 0.0211983 0.00013802 
0.0162185 0.000295686 0.00112954 4.07037e-09 0.000512878 1.78835e-06 0.00141678 5.5246e-05 0.0133283 0.609418 0.0457438 0.00730283 0.0297732 0.00427896 0.00676213 0.00146656 0.0106317 0.0307383 0.0238613 0.00700455 0.00990066 0.00423212 0.166675 1.04151e-05 0.00842528 0.000816415 
0.00725628 0.0020254 0.0175309 1.64824e-08 0.00100804 1.0354e-07 0.00741168 0.000887255 0.0899538 0.276085 0.00217976 0.0012159 0.0962721 0.00227065 0.0122352 0.00139112 4.25638e-05 0.128166 0.0268906 0.00263749 0.081088 0.012779 0.202041 2.16799e-07 0.0283406 0.000290213 
0.0665723 0.000206574 0.00410858 1.12415e-08 0.000703595 0.00184762 4.82423e-05 0.00305537 0.018965 0.180803 0.000248759 0.0614297 0.000729726 8.55298e-05 0.11284 0.000203994 0.00794368 0.0490792 0.120649 0.0708804 0.0431158 0.0297484 0.109843 5.5434e-06 0.114726 0.00215997 
0.0068175 0.000149718 0.00907379 1.71142e-08 0.000302828 6.31299e-05 0.0017372 0.000156826 0.0687109 0.282136 0.00154533 0.00695436 0.00511324 8.46421e-08 0.0283483 4.30801e-05 1.50603e-05 0.0544751 0.0330913 0.00602706 0.212562 0.0160521 0.216536 1.70051e-07 0.0456627 0.00442634 
6.23774e-08 2.96258e-12 0.00114624 2.59296e-12 1.24454e-08 6.69696e-08 1.75216e-08 0.00805298 0.00143816 0.433163 0.00729597 4.55587e-08 0.0556489 3.0535e-12 1.3283e-07 0.000105908 6.22466e-13 0.0105391 0.138204 0.000170993 0.025781 0.109984 0.200792 8.31208e-10 0.00767672 2.27978e-08 
0.0110136 0.000360926 0.00084323 1.09506e-09 0.000213294 3.55374e-08 0.000302738 8.92277e-05 0.094679 0.415446 0.029093 0.0332639 0.0252555 1.37028e-05 0.0839476 0.00723417 0.000399062 0.0595328 0.0436933 0.024608 0.018364 0.00447387 0.0731049 1.11533e-05 0.033051 0.0410057 
0.0162814 8.94761e-05 0.00267224 4.17845e-07 0.00446508 2.58284e-07 0.000115807 0.000214954 0.00897706 0.217147 0.00648264 0.0360352 0.00638106 0.000400235 0.111499 0.00375261 0.00283953 0.178415 0.0174988 0.11284 0.0553097 0.0686901 0.13769 1.9491e-06 0.0119605 0.00023983 
0.00943678 0.000104366 7.62959e-05 1.00767e-10 0.00168006 5.2104e-07 1.44696e-05 9.17691e-05 0.000392642 0.565218 0.0104904 0.00597984 5.00711e-06 0.000145278 0.00775334 0.00109673 0.0026764 0.0119127 0.185631 0.00448374 0.00837618 0.00225918 0.179771 5.61739e-06 0.00231503 8.41732e-05 
7.54697e-08 1.2351e-09 8.75565e-05 9.2812e-12 4.41853e-08 1.67618e-11 3.68399e-07 7.1021e-07 3.40102e-05 0.797413 0.000579658 0.00143176 0.00184522 1.09297e-11 0.00199336 3.04159e-05 7.19603e-06 0.0104377 0.0564098 0.00192795 0.00470098 0.00240808 0.118412 2.29264e-09 0.00227977 6.31444e-08 
0.0491598 0.21559 0.00025611 0.000774542 2.0913e-05 5.93607e-09 0.00075721 0.000349018 0.081188 0.28437 0.0102044 0.0723844 0.0252955 0.00174048 0.00805257 0.00587228 0.00225007 0.0766276 0.11071 0.000507296 0.00763147 0.00230471 0.0156077 0.0230989 0.00517747 7.03822e-05 
3.09378e-06 1.01889e-06 4.31391e-06 1.21493e-11 6.24854e-07 2.19416e-11 1.02609e-11 8.39334e-08 6.19532e-08 0.653785 2.9432e-08 0.284762 2.57576e-06 2.87574e-09 7.02038e-07 1.71542e-06 3.36147e-05 0.03948 9.04924e-07 2.05691e-06 0.00295424 2.09323e-06 0.0189657 3.86887e-07 3.77611e-09 1.23336e-07 
0.00313537 0.0105292 0.0014348 6.42298e-08 0.00514421 6.10934e-07 0.0203772 4.47194e-06 0.224053 0.455674 0.016559 0.0152797 0.0210421 0.00738867 0.0150661 0.0208909 0.000513817 0.011022 0.0697118 0.00181112 0.000455908 0.0144846 0.0234414 4.50917e-07 0.0452208 0.0167588 
0.00724543 0.000290388 1.49548e-05 2.87144e-12 0.000391938 5.1858e-12 1.35206e-08 7.73887e-09 0.000789162 0.515999 0.00101101 0.0110708 0.000716097 2.67177e-10 0.00363687 0.00051181 0.023252 0.0605633 0.0364971 0.0121562 0.00873937 0.00546782 0.256244 4.29036e-05 0.00487459 0.0504854 
0.0100056 0.00134791 0.0163146 8.75774e-07 0.00923052 5.14193e-06 0.00079662 0.0369059 0.0125242 0.195609 0.0307077 0.00252869 0.00419239 0.00735677 0.097307 0.000851542 0.00139732 0.0128226 0.0862474 0.00581737 0.0890863 0.162969 0.159641 2.21824e-05 0.0546701 0.00164187 
0.031255 0.00170594 0.000423853 9.0181e-10 3.46572e-05 1.85334e-08 6.07305e-05 1.67217e-05 0.00130068 0.610207 0.0104784 0.0059361 7.21173e-07 1.84016e-05 0.0894664 0.0025908 0.00485437 0.0166756 0.0179355 0.044036 0.0183869 0.0132961 0.118071 8.3859e-05 0.0126812 0.000483889 
1.97887e-07 3.82607e-07 0.00131332 4.25193e-10 1.21329e-07 6.90143e-07 0.000757623 9.8174e-06 0.0747475 0.872628 4.76568e-05 0.000120848 0.0121344 5.49719e-07 3.33605e-07 4.29188e-08 2.08105e-05 0.000596575 0.00985859 1.06081e-05 0.00437091 0.000607431 0.0122057 1.0502e-07 0.0105675 1.72799e-07 
0.00872235 0.00283957 0.00578785 2.24451e-06 0.000342045 4.21679e-06 0.00457712 0.00444112 0.027828 0.363977 0.0381021 0.125402 0.0145825 0.00158855 0.02969 0.00402533 0.00477196 0.0257943 0.0494919 0.0298295 0.0129715 0.037309 0.124372 6.62594e-06 0.0780449 0.00549542 
0.00196601 0.000246138 0.000490162 1.97974e-09 1.94659e-07 2.75725e-07 2.54253e-05 9.58682e-08 0.0386071 0.904639 1.05841e-05 1.0443e-06 0.0253514 2.33137e-09 0.000205871 5.48463e-06 0.000114964 0.0112646 0.0087335 4.40251e-05 0.00108461 0.000327718 0.0049007 0.000125605 0.00185571 1.79428e-09 
0.0287686 0.00118487 0.0943932 9.61846e-08 6.45997e-05 1.59241e-07 0.000678158 0.0454779 0.0624413 0.344967 0.0549983 0.0133073 0.0240918 0.00394125 0.0432818 0.00317383 6.78964e-05 0.0344236 0.0203603 0.00492497 0.0168064 0.0183491 0.0273999 5.10887e-11 0.154705 0.00219241 
1.21445e-05 2.64894e-07 4.2899e-07 0.410403 7.01812e-07 1.14522e-09 5.57487e-05 4.08184e-07 0.107626 0.458209 1.4173e-07 0.0140815 9.62211e-06 7.46752e-10 0.000971277 3.91258e-06 2.16223e-07 2.31436e-06 0.00861196 9.12167e-07 2.42483e-06 4.04925e-06 1.18229e-06 5.19533e-07 6.06243e-07 8.31294e-07 
0.0140247 0.00214215 0.000228484 3.86821e-10 9.64684e-07 1.73449e-05 0.146415 0.000128859 0.0480259 0.480905 4.76352e-05 0.0150456 0.0645267 2.8616e-07 0.000242829 0.00573359 0.00274488 0.0325652 0.00325408 0.000783536 0.0426986 0.0488278 0.0760181 5.70769e-05 0.0153893 0.000176815 
