0.0218977 0.000399954 0.00345407 1.46004e-05 0.000717343 3.91266e-05 0.00188033 0.000593275 0.0227179 0.48599 0.0144322 0.0210159 0.00562109 0.000942989 0.0166109 0.00884141 0.00106702 0.05308 0.0611239 0.0102783 0.0119254 0.0273605 0.202124 1.96537e-05 0.0268698 0.000983322 
1.97887e-07 3.82607e-07 0.00131332 4.25193e-10 1.21329e-07 6.90143e-07 0.000757623 9.8174e-06 0.0747475 0.872628 4.76568e-05 0.000120848 0.0121344 5.49719e-07 3.33605e-07 4.29188e-08 2.08105e-05 0.000596575 0.00985859 1.06081e-05 0.00437091 0.000607431 0.0122057 1.0502e-07 0.0105675 1.72799e-07 
0.0260384 0.000874903 2.20168e-08 4.96889e-09 0.00539178 5.24387e-10 2.94482e-06 1.17855e-06 0.000143577 0.753886 0.0164924 0.0167236 1.2682e-10 3.8648e-05 0.00904428 0.000403683 3.75098e-05 0.00730723 0.00081746 0.153787 0.00770133 2.025e-05 6.02181e-07 1.88639e-06 0.000935741 0.00034997 
0.0112 0.0027521 0.00111922 0.000661933 0.000544927 1.16179e-05 0.000921616 0.00212506 0.0104958 0.279763 0.00291613 0.112295 0.0086947 0.00012571 0.0571636 0.000572564 0.00392848 0.0379436 0.260087 0.0564484 0.00934278 0.00391788 0.129831 6.0277e-05 0.00670178 0.000376525 
0.00202265 8.62914e-06 1.87279e-06 5.03176e-09 2.21724e-06 8.09153e-08 7.34946e-07 3.0614e-05 0.00167216 0.900903 5.35668e-05 0.0633226 3.02139e-07 3.50869e-06 0.00373152 0.000307966 4.12703e-06 7.53916e-05 0.0213877 0.00165256 0.000115231 0.000100902 0.00430493 2.35139e-06 0.000264956 3.02999e-05 
1.21445e-05 2.64894e-07 4.2899e-07 0.410403 7.01812e-07 1.14522e-09 5.57487e-05 4.08184e-07 0.107626 0.458209 1.4173e-07 0.0140815 9.62211e-06 7.46752e-10 0.000971277 3.91258e-06 2.16223e-07 2.31436e-06 0.00861196 9.12167e-07 2.42483e-06 4.04925e-06 1.18229e-06 5.19533e-07 6.06243e-07 8.31294e-07 
0.00259415 0.000142473 0.00288396 1.31627e-11 4.03236e-08 4.48916e-08 0.000166937 0.000327769 0.00779981 0.648688 0.000186438 0.00253679 0.166024 5.51707e-07 0.00806102 0.000156797 6.2561e-08 0.0110644 0.0247293 0.00058413 0.0157187 0.00151834 0.100998 1.40182e-11 0.00562361 0.000194865 
0.0232605 1.88137e-07 0.000491561 6.2041e-05 0.0011257 8.22184e-08 0.000383184 0.000169772 0.00123058 0.703339 1.40076e-05 0.000598892 0.00808404 0.0112944 0.00458887 0.000635134 2.14476e-05 0.0699059 0.0480629 0.00600074 0.0168608 0.0809301 0.0161995 2.52646e-06 0.00199952 0.00473865 
0.0185582 0.000923815 0.0227429 2.40275e-08 3.57616e-05 0.000987858 0.00133695 6.7616e-06 0.0282723 0.304787 2.10391e-05 0.0351478 0.00254211 4.34323e-06 0.00345796 7.50684e-05 0.0290299 0.0267411 0.00395611 0.0134199 0.260068 0.149986 0.0469448 0.000485729 0.0501688 0.000299734 
0.0208145 5.50844e-06 0.00212603 9.2651e-09 5.02347e-05 0.000337383 0.000230696 0.000108111 0.049831 0.255115 4.82233e-07 0.00275481 0.00138198 4.53217e-05 0.022275 0.00083421 8.49123e-05 0.0283165 0.254192 0.0370086 0.0733903 0.123051 0.110212 0.000772337 0.0169874 7.47838e-05 
0.0160856 0.000131879 0.00526686 1.75817e-07 0.000135207 0.000397302 0.000537158 0.00135814 0.00545527 0.381674 0.00182669 0.00309809 0.0233886 2.45947e-06 0.291161 0.000388507 0.000406586 0.0633268 0.0202171 0.025656 0.0323464 0.013825 0.103058 4.84088e-06 0.010163 8.94239e-05 
0.0237251 0.00530231 0.028291 2.22612e-09 0.00022033 3.22079e-05 0.000442882 0.00012763 0.0193311 0.224196 0.00109221 0.0133048 0.0397255 0.000147595 0.0416607 0.0043817 0.0491276 0.0962921 0.185905 0.00421007 0.0384411 0.0157108 0.093804 1.79597e-06 0.111226 0.00330062 
0.0557209 0.00111801 0.000434583 1.5268e-05 0.000288842 2.62239e-06 0.0260642 0.00161806 0.0261193 0.385275 0.0351956 0.0950982 0.0190799 0.00145945 0.00187343 0.01487 0.00727682 0.0625602 0.0700157 0.0103958 0.00813557 0.00236752 0.146812 2.89959e-05 0.0276822 0.000492564 
0.115463 0.000235679 0.0107092 8.62564e-10 0.000944125 4.45717e-08 0.00376461 4.51997e-05 0.111591 0.205293 0.00348243 0.00677861 0.0512332 0.00443893 0.0223282 0.000519803 7.00338e-05 0.00698429 0.0380476 0.0923434 0.0477935 0.0056911 0.170909 5.3234e-05 0.0549253 0.0463559 
0.00230439 0.00558327 0.0019579 4.33425e-10 1.39568e-06 7.82763e-10 5.56174e-07 2.50773e-05 0.110533 0.398286 3.90553e-05 0.14819 0.000832926 2.01964e-09 0.0171147 0.00365983 0.0541169 0.115957 0.0967638 0.00659289 0.00351994 0.00751535 0.0122944 7.51404e-05 0.0145204 0.000114545 
0.0237251 0.00530231 0.028291 2.22612e-09 0.00022033 3.22079e-05 0.000442882 0.00012763 0.0193311 0.224196 0.00109221 0.0133048 0.0397255 0.000147595 0.0416607 0.0043817 0.0491276 0.0962921 0.185905 0.00421007 0.0384411 0.0157108 0.093804 1.79597e-06 0.111226 0.00330062 
0.000413993 6.54704e-05 0.000756234 1.41352e-07 9.64871e-06 1.22701e-06 1.05653e-06 1.01099e-05 0.35326 0.425597 3.44231e-05 0.0997666 0.000155065 3.62585e-06 0.0569085 0.000386005 9.21472e-06 5.74667e-05 0.00637653 0.00433827 0.000506693 0.00013361 0.0271419 3.87362e-06 0.0234622 0.000600587 
0.00513489 2.25645e-05 0.00505185 6.60538e-07 2.89702e-05 4.61389e-06 0.000116527 3.19057e-05 0.00797916 0.753534 0.00327073 0.0020583 0.0106011 0.0145497 0.00741349 0.00107021 0.000749246 0.0269607 0.0312122 0.00307296 0.0166954 0.0215454 0.0841482 3.34258e-06 0.0046835 6.01587e-05 
0.0247806 0.00228686 0.00705969 2.63403e-07 0.00165125 0.0105025 0.0188145 0.00011112 0.0134081 0.621287 0.00621187 0.0330841 0.00748071 0.00010821 0.0208275 0.000959276 0.00117177 0.0828756 0.00909673 0.092649 0.0054143 0.00847412 0.0196579 0.000199177 0.0105312 0.00135683 
0.128859 0.00199953 0.0126302 3.53946e-07 3.2032e-05 1.65289e-09 0.00104573 0.000434889 0.0357458 0.656528 0.00676239 0.0121068 1.76775e-06 6.61441e-07 0.0102626 0.00134461 0.000254105 0.00526038 0.0177844 0.00106298 0.000778983 0.00242934 0.0824579 0.00127176 0.0194574 0.00148893 
1.19737e-06 9.28945e-08 0.0417375 9.09432e-11 1.11895e-10 1.28502e-07 0.000482085 0.00185341 0.0053951 0.731649 0.000751814 0.00255593 0.0775056 1.57814e-06 0.00129397 1.9796e-07 2.18319e-11 4.87199e-07 0.0339917 0.00128378 0.00234085 0.000160012 0.0379983 9.68539e-11 0.0609964 4.65638e-07 
1.97887e-07 3.82607e-07 0.00131332 4.25193e-10 1.21329e-07 6.90143e-07 0.000757623 9.8174e-06 0.0747475 0.872628 4.76568e-05 0.000120848 0.0121344 5.49719e-07 3.33605e-07 4.29188e-08 2.08105e-05 0.000596575 0.00985859 1.06081e-05 0.00437091 0.000607431 0.0122057 1.0502e-07 0.0105675 1.72799e-07 
0.000448979 0.00544639 0.00072372 1.6352e-10 9.39291e-09 2.95317e-10 4.33606e-07 4.46665e-07 0.0134196 0.461933 4.24128e-06 0.049002 0.0219612 8.56233e-07 0.000591682 0.000786773 0.00487463 0.00250181 0.00586201 2.57093e-07 0.248152 0.0812825 0.0976099 2.77866e-07 0.00539682 3.43885e-07 
0.0171431 0.00147238 0.019653 0.000371463 0.00103118 0.000129661 0.133597 0.00246587 0.0423691 0.187111 0.00798717 0.0256767 0.0136966 0.00125193 0.0979025 0.00969923 0.00334322 0.0542871 0.0725772 0.0958247 0.0188455 0.0125174 0.111064 1.07119e-05 0.0699465 2.5002e-05 
0.00509365 4.0983e-06 0.000102539 3.08772e-07 0.0014034 6.00101e-07 0.000308345 5.40744e-05 0.00060266 0.547965 0.00291074 0.0178717 0.00195621 0.000156293 0.00901813 0.00123133 0.00105976 0.0482695 0.0486194 0.0155304 0.0205399 0.0196987 0.252908 9.73557e-07 0.00466413 3.00795e-05 
0.00615898 0.000204988 0.0176072 0.000250218 0.00895753 0.00022616 0.00143947 6.22549e-05 0.135956 0.551192 0.00313149 0.0127454 0.00810457 7.09371e-05 0.00876611 1.61226e-05 0.00455956 0.112175 0.00477548 0.00515914 0.0306346 0.00586607 0.066728 2.52598e-07 0.0150215 0.000190715 
0.00627434 0.000177455 0.00112518 7.3865e-12 0.000225564 1.21965e-08 0.00048451 4.55047e-06 0.0216545 0.360466 0.000799452 0.0108132 0.0227481 0.00331764 0.00173032 0.00310565 0.0104604 0.0353973 0.0914009 0.00761794 0.0309954 0.00946144 0.305017 0.000161312 0.0283892 0.0481722 
0.0392554 0.0628649 0.00074247 3.09432e-07 0.0385913 1.77681e-06 0.00042102 0.00577217 0.0469856 0.475165 0.0516334 0.0660624 0.00342528 2.40922e-07 0.0200833 0.00141125 0.000256867 0.0109109 0.0612428 0.00101582 0.00217158 0.00970524 0.00348818 0.00376384 0.0611546 0.0338739 
0.0232949 2.18393e-06 0.0176 3.94961e-05 0.00210598 2.23238e-05 0.0264943 0.000270511 0.0154054 0.221515 0.0531943 0.00228132 0.00864793 1.18581e-05 0.214127 0.000758169 3.75919e-05 0.0274406 0.025265 0.0414511 0.0851907 0.0246451 0.186798 1.43278e-06 0.0230644 0.000335019 
0.0156368 0.00176794 0.0101686 0.000125236 0.00868293 7.98787e-06 0.0018792 0.00100475 0.0383671 0.190489 0.00539943 0.00393264 0.00541954 0.00127014 0.00793523 0.00327839 2.65787e-05 0.186598 0.0224522 0.0328685 0.171012 0.114617 0.055598 4.89537e-06 0.0585928 0.0628659 
0.0174335 0.00192117 0.00730964 0.0275527 0.000212381 6.81524e-05 0.00692516 0.00805042 0.0614196 0.213377 0.0132169 0.00954196 0.0429084 0.00448142 0.0115879 0.00207973 5.3011e-05 0.114994 0.0475279 0.0204279 0.165569 0.0207699 0.162445 0.000246416 0.0395348 0.000346468 
0.0305502 7.22231e-05 0.00168789 3.39664e-10 9.15133e-07 1.7076e-06 3.74887e-05 0.000285924 1.46202e-05 0.443682 5.58089e-06 0.00675329 0.00222701 4.58891e-09 0.164174 0.00187199 0.0115191 0.0265554 0.00912461 0.126668 0.0159154 0.0612318 0.0711534 5.67528e-05 0.0264103 1.80846e-07 
0.00260526 5.84473e-05 0.000681683 2.25018e-09 0.000208992 1.16168e-08 0.000120564 0.000119035 0.00830061 0.593268 0.000742824 0.00117854 0.0152069 5.78057e-05 0.0133198 0.000124618 2.3409e-05 0.0238763 0.0330988 0.000530091 0.0312055 0.00192988 0.271252 1.08504e-07 0.00203919 5.12559e-05 
0.000948074 4.15971e-05 0.0143997 3.99977e-10 4.65298e-06 1.56799e-07 0.00339967 0.00914673 0.0598238 0.436052 0.00066507 0.00191285 0.0563236 0.00012829 0.0124365 5.87198e-05 6.27571e-06 0.00871209 0.0126656 0.00335469 0.0967135 0.00334916 0.262175 4.25973e-10 0.017541 0.000140708 
0.120209 3.92151e-07 0.0075503 1.22897e-07 5.28631e-06 1.71271e-05 7.23548e-06 0.00017637 0.00930739 0.637574 0.000726186 0.0359443 3.21231e-07 0.0745556 0.00300601 0.000191985 3.5409e-05 0.0117458 0.0131796 0.0017368 0.0188755 0.0161932 0.0109678 9.26882e-10 0.0379652 2.8527e-05 
0.0275031 0.000751399 0.00630773 0.000257208 9.52181e-05 1.42739e-05 0.00310349 0.000414686 0.0271924 0.31426 0.0127137 0.0135438 0.0915907 4.36143e-05 0.021955 0.0525236 0.000398874 0.0476279 0.0104312 0.0233388 0.0213683 0.220306 0.0740107 1.00949e-06 0.0298909 0.000356353 
0.00190183 7.01027e-06 0.00250322 4.83558e-10 0.000744224 6.33991e-06 4.14783e-08 2.13985e-05 0.00885035 0.306744 3.69337e-05 0.0613961 7.26934e-06 0.139916 0.00134675 0.00268639 0.0862178 0.17263 0.0398484 0.139579 0.00638649 0.00655137 0.0178011 8.26292e-07 0.00465983 0.000156915 
0.0342483 0.000857077 0.0032721 8.85836e-10 0.0276134 5.92513e-06 0.000412496 0.000382795 0.0236822 0.412043 0.0377023 0.0923282 0.00402704 8.00544e-05 0.0266872 2.10111e-07 0.00696998 0.0310574 0.0708023 0.00681699 0.0403289 0.000756913 0.0314188 1.42947e-06 0.147844 0.000660035 
0.00167588 1.10709e-05 0.00435553 1.04919e-12 0.00295403 1.42664e-05 0.000289377 3.79549e-05 0.000378137 0.86649 0.000213673 0.00232664 0.0141312 4.04612e-06 0.0136154 1.43409e-05 7.99289e-06 0.045902 0.00425054 0.00203418 0.00457536 0.00106644 0.0325431 9.74524e-08 0.00310645 2.08048e-06 
0.110633 6.2805e-06 0.048028 6.36641e-08 0.000619488 8.82698e-08 0.00525608 0.00478447 0.00558898 0.574261 0.00558321 0.018538 0.00742254 0.000243551 0.0430041 0.00556106 8.37692e-05 0.012558 0.0322396 0.00546325 0.0111244 0.00609206 0.0438664 1.27435e-05 0.0584877 0.000541551 
0.00627434 0.000177455 0.00112518 7.3865e-12 0.000225564 1.21965e-08 0.00048451 4.55047e-06 0.0216545 0.360466 0.000799452 0.0108132 0.0227481 0.00331764 0.00173032 0.00310565 0.0104604 0.0353973 0.0914009 0.00761794 0.0309954 0.00946144 0.305017 0.000161312 0.0283892 0.0481722 
0.000333535 0.0171534 0.00156013 3.25009e-07 0.000324812 6.99741e-06 0.00278354 0.000179419 0.0424036 0.676023 0.00683615 0.0516362 0.0319091 0.000856306 0.0109917 0.000136115 0.00133236 0.0371231 0.0103169 0.0120249 0.0134138 0.00159966 0.0569582 1.46947e-06 0.0232708 0.00082483 
0.0100638 0.00448355 0.000880115 0.00713945 0.00287889 5.33703e-05 0.00115669 0.000383047 0.0960904 0.17409 0.055265 0.0251258 0.0045114 0.169908 0.023643 0.000579328 0.00477261 0.0331994 0.106848 0.100997 0.0212686 0.0098941 0.117253 1.40368e-05 0.0254498 0.00405269 
0.00707286 0.00334745 0.0013324 3.70927e-05 0.000349412 0.000130974 9.59658e-05 0.000177224 0.0025225 0.552099 0.000356936 0.02165 0.00710842 0.000129132 0.0239415 0.000481424 0.00509502 0.099232 0.129983 0.0076119 0.0171334 0.0123664 0.101297 6.4542e-05 0.00635227 3.29513e-05 
1.84842e-05 1.32978e-05 0.0407318 1.62945e-09 0.00320413 7.62958e-07 7.66835e-06 5.02405e-07 0.14063 0.26203 2.2802e-06 0.0186344 0.00679825 1.90146e-08 3.55064e-05 4.67901e-05 0.160335 0.000891763 0.000111662 1.22895e-05 0.0283425 0.000154554 0.244823 1.33381e-05 0.0899958 0.00316605 
0.105744 0.0252912 2.16305e-05 6.88037e-05 0.00139501 0.000118124 4.25946e-05 4.26561e-08 0.00872951 0.505988 0.000105308 0.00140578 0.00374642 0.000108102 0.000402797 0.000123464 0.00146809 0.0763642 0.0415606 0.0064779 0.0134444 0.0120979 0.0180302 0.000391567 0.00800066 0.168873 
0.00112641 1.46649e-06 0.000793949 8.81493e-10 0.00540299 0.00010702 0.000114447 0.000667504 0.0143969 0.750104 0.00179558 0.000345795 0.00806264 1.13143e-05 0.000951767 0.000324864 1.84352e-05 0.0492221 0.0326483 0.000185809 0.00610737 0.00189113 0.081737 3.61525e-06 0.0439794 5.0297e-07 
0.00245698 0.0106437 0.00596658 1.25587e-10 1.54519e-10 2.26809e-10 1.06066e-10 0.000798723 0.139352 0.357956 2.69342e-07 0.00264713 0.00961355 1.47893e-10 1.65683e-11 0.000497429 9.72016e-08 0.0813032 0.136351 0.00312513 8.66157e-07 0.00148847 0.178331 3.97692e-07 0.0692007 0.000266583 
0.0241792 1.4441e-05 0.000447207 2.70433e-10 0.000738061 1.01236e-08 0.000618005 2.81729e-06 0.000211625 0.4303 0.0234076 0.0080015 0.0494446 0.00133938 0.0147901 0.000126537 0.0802181 0.0650651 0.0298292 0.032158 0.00235515 0.00299322 0.177885 1.63771e-06 0.0558268 4.67136e-05 
0.00419724 1.53033e-05 2.47787e-05 7.40459e-08 0.000150193 5.21839e-06 0.000255058 5.54887e-05 0.00172631 0.3191 0.000655852 0.00324533 5.34759e-05 3.15646e-07 0.152962 0.000160722 0.000798654 0.0292112 0.160496 0.0173149 0.00836078 0.00190036 0.298081 2.5566e-06 0.00120361 2.39734e-05 
1.21445e-05 2.64894e-07 4.2899e-07 0.410403 7.01812e-07 1.14522e-09 5.57487e-05 4.08184e-07 0.107626 0.458209 1.4173e-07 0.0140815 9.62211e-06 7.46752e-10 0.000971277 3.91258e-06 2.16223e-07 2.31436e-06 0.00861196 9.12167e-07 2.42483e-06 4.04925e-06 1.18229e-06 5.19533e-07 6.06243e-07 8.31294e-07 
0.029083 0.000215575 0.00488421 9.87797e-05 0.000662875 3.737e-05 0.00211189 2.37858e-05 0.00588154 0.642609 0.000422496 0.0115305 6.4967e-05 9.08708e-06 0.0236812 0.0025773 0.00365578 0.0708803 0.0183623 0.00163722 0.0330743 0.052374 0.0776598 0.000108244 0.0182813 7.36147e-05 
0.00611493 0.00024595 0.000599408 2.48024e-12 4.70823e-05 3.62051e-09 0.00777183 6.07211e-05 0.016382 0.696426 0.00333363 0.00476662 0.0247092 5.3605e-11 0.00172511 0.000565548 0.00922667 0.125537 0.00826051 0.00817393 0.0094834 0.00496528 0.0638352 2.81429e-05 0.00723861 0.000502969 
9.24776e-06 6.79988e-06 0.00144058 7.69664e-10 9.46977e-10 0.000991028 2.08673e-08 8.42903e-07 0.0915457 0.363593 7.19682e-07 1.42034e-06 9.62229e-07 9.06365e-10 0.0840843 0.000640353 0.000294756 0.0499978 0.2538 0.00839409 0.0296215 0.0266985 0.0869399 8.19686e-10 0.00193913 6.97561e-10 
0.0108877 5.83868e-06 0.00139508 1.69912e-09 0.0007746 6.47405e-09 0.00145801 0.000118602 0.0414016 0.321503 0.000157085 0.00385791 0.0135352 8.51012e-09 0.119425 0.00381097 6.04832e-05 0.15917 0.0501945 0.0025562 0.108693 0.0338301 0.10852 3.29591e-09 0.0181524 0.000492625 
0.002419 0.0583175 0.00147434 2.78789e-11 0.000150516 0.000108694 1.59445e-07 0.000196053 0.0132316 0.416336 0.00589185 0.329967 0.00276907 6.39316e-10 0.00787316 0.000232477 0.0142616 0.071352 0.00850238 0.00222331 0.00246192 4.4367e-07 0.0614948 8.20283e-08 6.39119e-06 0.000729513 
0.0421155 0.000193005 0.00532861 3.0249e-05 0.000623449 6.3716e-06 0.0684109 0.000537364 0.073413 0.353857 0.0100561 0.0167827 0.00043509 0.00334532 0.0222267 0.0036201 0.000510839 0.0553661 0.0984424 0.0114307 0.0228637 0.0148939 0.0983135 1.65574e-06 0.09604 0.00115616 
0.121547 0.00354173 0.199818 2.1719e-09 6.24007e-06 1.16838e-06 0.000160021 0.000160829 0.1006 0.357701 2.94111e-07 0.0814166 0.00655679 2.8483e-07 0.00246617 1.71258e-05 0.0301551 0.0317493 0.0176561 0.0156808 1.33991e-05 0.0133031 0.0101051 0.000280939 0.00706156 1.23305e-06 
0.000907189 5.65771e-05 0.0054451 0.000113081 0.000710864 4.21426e-06 0.000739356 0.000321507 0.0213191 0.469916 0.00504982 0.0209857 0.0614428 0.000203584 0.0109444 0.00166191 0.020156 0.0428672 0.0444702 0.0261037 0.0186337 0.00344209 0.225211 4.58066e-06 0.0191951 9.47365e-05 
0.00724543 0.000290388 1.49548e-05 2.87144e-12 0.000391938 5.1858e-12 1.35206e-08 7.73887e-09 0.000789162 0.515999 0.00101101 0.0110708 0.000716097 2.67177e-10 0.00363687 0.00051181 0.023252 0.0605633 0.0364971 0.0121562 0.00873937 0.00546782 0.256244 4.29036e-05 0.00487459 0.0504854 
0.101926 3.20336e-05 0.00171806 1.47791e-09 0.000189557 0.000217128 1.41825e-05 8.55893e-06 0.00752526 0.255108 3.15895e-05 0.00437502 0.00207791 1.09546e-08 0.103126 0.00730242 0.00194519 0.194459 0.0269286 0.0225214 0.0759306 0.0259728 0.163724 2.59811e-05 0.00481768 2.34748e-05 
0.0216429 0.000975771 0.00120838 3.14808e-05 0.00362685 8.57556e-05 0.000199395 0.000120283 0.00212671 0.544283 0.0184696 0.00928261 0.00166048 0.00775674 0.0023623 0.00827508 0.000627564 0.072285 0.0838853 0.00814468 0.0359584 0.0836791 0.0826719 2.71483e-07 0.00902365 0.00161631 
0.00259415 0.000142473 0.00288396 1.31627e-11 4.03236e-08 4.48916e-08 0.000166937 0.000327769 0.00779981 0.648688 0.000186438 0.00253679 0.166024 5.51707e-07 0.00806102 0.000156797 6.2561e-08 0.0110644 0.0247293 0.00058413 0.0157187 0.00151834 0.100998 1.40182e-11 0.00562361 0.000194865 
0.00615211 0.00108712 0.00590981 0.0324369 1.66197e-06 9.54669e-08 7.62823e-05 9.191e-05 0.00417808 0.619451 0.000944365 0.00391343 0.0124785 1.79471e-09 0.00868114 0.00230034 7.95746e-06 0.0829087 0.0175303 0.00166756 0.133781 0.00444627 0.0600204 1.60815e-05 0.00191881 4.28471e-07 
0.0148114 4.74781e-07 0.0054457 2.50447e-10 5.17697e-07 6.56722e-07 0.137025 0.0105052 0.162187 0.290859 0.0245905 0.000447815 0.112591 8.06974e-06 0.00132364 0.000767233 7.21118e-07 0.0332365 0.00258905 0.000375871 0.0074303 0.00468435 0.0389556 3.20154e-07 0.14472 0.00744396 
0.0136448 3.54332e-05 0.025445 1.20941e-08 0.000632515 0.000414144 0.000853506 0.00956371 0.00666663 0.292928 0.000529372 0.00879659 0.076626 9.5767e-06 0.0739238 0.00243887 0.000103359 0.0770293 0.0318917 0.00159233 0.0383193 0.0134774 0.166354 4.98438e-06 0.158708 1.20365e-05 
0.0153651 0.000263332 0.000821471 2.53649e-12 2.23147e-05 1.90217e-06 5.0324e-06 0.000106676 0.00302858 0.393276 0.0233886 0.00759248 0.0099187 0.000450831 0.0129721 0.000648696 0.00164108 0.0775954 0.026106 0.000955144 0.0669328 0.0108941 0.343189 4.24834e-06 0.00226053 0.00255979 
0.000737739 0.0686647 0.00587921 3.46515e-09 0.00278755 1.21951e-07 3.60881e-05 0.00047476 0.211179 0.268541 0.00201975 0.165397 1.02363e-06 0.00203206 0.00793124 2.55935e-06 0.00126401 0.00639534 0.066828 0.00813085 0.000834919 0.00462199 0.0247173 0.000369639 0.112999 0.0381555 
0.198385 5.54504e-07 0.0164311 4.39177e-10 2.87573e-07 1.47852e-06 1.69701e-06 0.0880439 0.0288716 0.318745 2.76398e-05 6.45663e-06 0.00887168 5.1718e-10 0.022009 3.72204e-10 1.05429e-10 0.0647525 0.0315777 1.74819e-06 0.0480073 0.0718243 0.0410207 2.9094e-07 0.0589212 0.00249897 
0.0388602 1.93461e-08 0.00701512 2.31113e-05 0.00239632 1.09966e-05 3.32704e-05 0.00159845 0.00444627 0.293776 0.000327208 0.0431673 0.00810084 2.79944e-08 0.0963995 0.00873518 3.27354e-06 0.15277 0.0148177 0.012068 0.111193 0.0149375 0.175735 3.77512e-08 0.00347293 0.0101117 
0.0738468 0.000740203 0.000935836 0.0140973 1.06849e-05 8.95098e-09 3.43294e-05 0.00164431 0.013908 0.50487 0.0191092 0.00532489 2.83737e-08 1.37189e-05 0.0404831 0.00602038 0.000132439 0.0061101 0.12998 0.00405289 0.0191173 0.00788678 0.117232 7.60992e-05 0.0335934 0.000779346 
0.0160415 2.38018e-05 0.0199554 3.98651e-09 0.00616027 0.000541333 5.93591e-05 0.000238509 0.053644 0.211593 0.00192371 0.0142257 0.0785494 0.037976 0.0597653 0.00505869 0.0124402 0.117805 0.141412 0.00484508 0.0396285 0.0274196 0.1333 7.74705e-07 0.017312 8.07311e-05 
0.0478184 0.00577347 0.00395954 1.06867e-06 0.000254415 9.22357e-05 0.000331242 0.00115585 0.0231269 0.401882 0.0925984 0.0316374 0.00606336 0.000309191 0.0341325 0.0039424 0.02169 0.0303551 0.114542 0.00497658 0.029184 0.0161839 0.0892429 0.000100281 0.0357992 0.00484672 
0.000857293 0.00270603 0.00200099 2.31848e-06 6.88775e-05 4.55097e-06 0.00021268 9.47692e-06 0.00326914 0.811742 0.000105888 0.00139153 0.0152399 0.000516538 0.00044248 0.00175785 0.000253445 0.0103011 0.0730014 0.0120835 0.00595527 0.00106132 0.0556777 0.000214253 0.00107778 4.68267e-05 
0.016226 5.30888e-05 0.000759413 8.4868e-07 5.66516e-09 6.34536e-09 0.000187122 0.000752278 0.00311129 0.443271 0.000115074 0.000855573 0.0129891 4.04987e-12 0.015614 0.00345535 2.70915e-06 0.0203091 0.214319 0.00202955 0.0394066 0.0950775 0.128482 5.53783e-05 0.00290847 1.95985e-05 
0.0189727 2.47639e-05 0.0631654 5.9244e-06 0.00201393 3.02519e-05 0.000356256 0.000517043 0.0108067 0.331044 7.85419e-05 0.00839199 0.00336263 0.0205075 0.284034 2.48585e-05 0.0066192 0.0313623 0.0432987 0.0123756 0.0038385 0.00953231 0.0722272 2.37362e-05 0.0710596 0.00632729 
0.0296876 0.00310235 0.00680837 0.00105904 0.00104945 9.31141e-05 0.00792519 0.00128066 0.0236425 0.29106 0.0229251 0.0218945 0.0410849 0.000553625 0.0865094 0.00499816 0.0104378 0.114632 0.0815747 0.0195653 0.0279367 0.0141652 0.164643 0.000413932 0.0227278 0.000229886 
0.00083064 9.16048e-08 3.84325e-09 1.56604e-11 5.61859e-08 2.45607e-09 1.32262e-11 7.55358e-09 3.21107e-05 0.866331 1.80468e-06 0.0107219 2.3154e-07 6.41024e-07 0.00249967 5.88441e-05 3.02162e-06 0.019022 0.00925227 0.0113895 0.0122014 5.6963e-06 0.0675832 3.47927e-08 6.62067e-05 1.10999e-08 
0.0411776 0.00334 0.0069997 7.93583e-10 0.000619192 4.83617e-05 0.000521907 6.48012e-05 0.0943786 0.387112 2.10991e-06 0.123037 0.0357378 9.34532e-10 0.00720483 2.15101e-05 0.000187573 0.0649196 0.0475954 0.000681009 0.00742155 0.0171724 0.142937 0.00012434 0.0184549 0.000240977 
0.0293311 0.00193722 0.000479992 4.07188e-07 0.000257123 3.10623e-07 0.00768318 0.000264583 0.0856371 0.337628 0.0606767 0.0597275 0.00510293 0.0513118 0.00305034 0.0283755 0.000244229 0.00757231 0.162625 0.00467758 0.0084806 0.0140455 0.0884339 7.90911e-05 0.0359568 0.00642169 
0.00271532 0.0608643 0.00179697 3.70409e-10 1.00167e-07 2.42333e-07 1.53702e-05 2.2445e-10 0.181103 0.370271 0.000137022 0.00384003 0.00296464 7.49018e-09 0.0184603 0.00217729 0.0289061 0.015708 0.0435417 6.88782e-08 0.0138311 0.00175999 0.236084 1.46914e-05 0.0134808 0.00232761 
0.045542 0.00106048 1.93323e-05 1.84505e-09 7.88035e-05 1.58405e-11 4.72846e-06 0.000145461 0.000238652 0.654129 0.0218788 0.0459731 0.00157054 6.4186e-05 0.0162769 0.00485334 0.020768 0.127122 0.0297129 0.00156436 0.0178538 0.00199123 0.00754284 2.22958e-05 0.000907809 0.000678773 
1.97887e-07 3.82607e-07 0.00131332 4.25193e-10 1.21329e-07 6.90143e-07 0.000757623 9.8174e-06 0.0747475 0.872628 4.76568e-05 0.000120848 0.0121344 5.49719e-07 3.33605e-07 4.29188e-08 2.08105e-05 0.000596575 0.00985859 1.06081e-05 0.00437091 0.000607431 0.0122057 1.0502e-07 0.0105675 1.72799e-07 
0.204705 0.0011033 0.0429153 3.34252e-08 0.0121536 7.51141e-05 1.6731e-05 0.00014978 7.19061e-05 0.237306 0.000560153 0.0960249 0.000580322 4.45902e-05 0.0157739 0.000558997 0.0348287 0.176814 0.00347049 0.0205816 0.00411506 0.0131088 0.0826859 0.00301293 0.0493295 1.33773e-05 
0.002924 1.23665e-06 0.00157684 3.68989e-09 3.80621e-06 6.08136e-05 1.18462e-05 0.00023463 0.00771319 0.19744 0.00135547 0.000117415 0.0951848 4.34525e-09 0.058953 0.000627588 0.000675158 0.196011 0.134469 0.00533522 0.0721997 0.0455683 0.154072 3.9297e-09 0.0253184 0.000146396 
0.0315202 5.78453e-05 0.0217058 4.93862e-07 0.000480254 9.28767e-08 5.18624e-05 0.0010628 0.0160564 0.22588 0.000471633 0.203833 2.81455e-05 3.90689e-06 0.00957276 0.00131431 0.00219082 0.113836 0.0764339 0.0720772 0.0232623 0.011317 0.108701 1.13393e-07 0.0794255 0.000716326 
0.0152763 0.000250287 0.00597448 7.031e-06 0.00154618 2.24749e-06 0.00148205 9.99778e-05 0.0193525 0.299821 0.00848632 0.0649781 0.0658899 0.000519634 0.0420348 0.00032036 0.00142559 0.0809252 0.157807 0.0841858 0.0137264 0.00297744 0.121012 7.08392e-06 0.0115146 0.000377524 
0.0241792 1.4441e-05 0.000447207 2.70433e-10 0.000738061 1.01236e-08 0.000618005 2.81729e-06 0.000211625 0.4303 0.0234076 0.0080015 0.0494446 0.00133938 0.0147901 0.000126537 0.0802181 0.0650651 0.0298292 0.032158 0.00235515 0.00299322 0.177885 1.63771e-06 0.0558268 4.67136e-05 
0.0685493 0.0136949 0.000652533 5.87304e-07 6.49461e-05 6.31182e-07 0.00168255 0.00107749 0.151908 0.3057 0.00102466 0.0412865 0.0175355 2.58854e-06 0.0762226 0.00540868 0.017996 0.122328 0.0730354 0.00333231 0.0238978 0.00882846 0.0430256 0.000546001 0.0216662 0.000532952 
6.46514e-10 3.16273e-09 7.37189e-10 2.76813e-09 3.40585e-09 4.99923e-09 5.00327e-05 1.52657e-05 0.464285 0.475669 5.91454e-06 1.48532e-05 1.68068e-05 2.64075e-05 3.65191e-10 2.346e-09 6.84521e-06 7.01604e-05 0.0597964 3.02773e-06 6.11144e-10 7.56185e-10 1.75441e-10 1.26795e-05 2.68803e-05 2.50881e-09 
0.00183917 9.72326e-05 0.000106639 3.51115e-10 6.19992e-08 6.34112e-10 2.9654e-10 0.0011242 0.310053 0.381427 3.38865e-08 0.000328007 0.08385 4.13477e-10 0.0110187 0.0044659 7.21591e-08 0.00664395 0.0649609 0.00147525 0.0367349 0.00104451 0.0489304 5.51369e-05 0.0458444 3.39288e-07 
0.00958024 0.00665201 0.0194791 3.12315e-10 2.84338e-06 1.27697e-06 0.342771 0.000261562 0.0895352 0.371594 6.48109e-05 0.0299461 0.00672091 0.00198584 0.00109039 0.00258176 0.0222762 0.0113709 0.0509448 0.000110455 0.000600686 0.00409584 0.017869 2.54189e-05 0.00999344 0.000446263 
0.00806024 7.03511e-05 0.00824211 1.33186e-08 0.000148533 1.19546e-05 0.00124352 0.000120754 0.0034869 0.61085 0.0331863 0.00873947 0.00122372 0.0197466 0.00901937 0.00170809 2.92396e-05 0.0667564 0.0330133 0.00692303 0.0240978 0.0290195 0.109477 2.16871e-07 0.0240521 0.000773738 
0.0273778 0.000173456 0.00402117 2.17184e-05 0.000643653 2.50628e-05 0.00384063 2.98554e-05 0.0275492 0.513815 0.000587933 0.000981775 0.0354746 0.0131956 0.0197485 0.00146564 4.3897e-05 0.0733571 0.0695863 0.00536233 0.0374166 0.0836321 0.0687246 1.32003e-06 0.0119399 0.000983924 
0.00156796 0.000461603 0.000270466 2.06096e-10 0.000525033 7.71931e-09 5.0892e-05 4.64048e-06 0.000606186 0.521195 0.000618176 0.0215668 0.00180939 9.72087e-07 0.0250523 0.00150384 0.120784 0.0497507 0.0281245 0.0702239 0.00243629 0.000395999 0.13227 2.70323e-06 0.020583 0.000195956 
0.00183917 9.72326e-05 0.000106639 3.51115e-10 6.19992e-08 6.34112e-10 2.9654e-10 0.0011242 0.310053 0.381427 3.38865e-08 0.000328007 0.08385 4.13477e-10 0.0110187 0.0044659 7.21591e-08 0.00664395 0.0649609 0.00147525 0.0367349 0.00104451 0.0489304 5.51369e-05 0.0458444 3.39288e-07 
0.0122819 2.48569e-05 0.011203 1.52263e-08 0.000252099 2.52084e-08 0.0235481 0.000268545 0.0281891 0.563039 0.00646761 0.000255408 0.0162269 0.0895171 0.0358007 0.00014211 0.000194203 0.0305147 0.0492491 0.0257722 0.00944709 0.0324148 0.046687 1.83423e-05 0.0178185 0.000667584 
0.0258748 0.00012382 0.00865242 5.46159e-07 0.000905199 0.000324457 0.0017782 0.000170031 0.0615187 0.324315 0.0147237 0.00475278 0.0166248 0.00996021 0.0182222 0.0198416 0.00358107 0.205863 0.0872727 0.0106775 0.0625096 0.0165732 0.0756924 2.05839e-05 0.0295632 0.00045777 
0.00394646 0.00191797 0.00136551 6.5772e-09 0.0110953 2.2212e-06 0.00405829 0.000559589 0.247004 0.257394 0.00492538 0.0113132 0.101799 0.000956815 0.00594626 0.0668362 0.000188567 0.029802 0.0906471 0.0320568 0.00376023 0.0138404 0.0504487 0.00305164 0.0569555 0.000129222 
0.00272358 0.00118621 0.00188957 0.00202448 0.000140882 7.57722e-06 0.00255912 0.000330872 0.0894506 0.250745 0.000256887 0.222131 1.55239e-05 3.63713e-05 0.026482 0.000401415 0.000139262 0.0278466 0.197456 0.0117153 0.0395726 0.0164358 0.0827624 4.54367e-06 0.0190587 0.00462767 
0.0037105 0.000107189 0.00190527 2.25755e-09 0.00159166 8.05162e-08 0.000131014 6.48445e-05 0.00162904 0.241422 0.0590875 0.00282668 0.0250327 8.01492e-05 0.00297075 0.0031939 0.207468 0.0322013 0.0130561 0.00526696 0.240521 0.0114343 0.123784 5.01037e-05 0.02103 0.00143615 
0.00954927 4.39184e-05 0.00971326 1.06941e-07 1.59678e-05 6.11651e-08 0.00135504 0.000287063 0.00431884 0.657377 0.0398565 0.00575162 6.19917e-06 5.38633e-07 0.0407291 0.00150218 1.04889e-05 0.0653355 0.0194499 0.0470222 0.0202751 0.0627866 0.00895075 4.99965e-06 0.0053992 0.000258596 
0.00353372 6.27405e-09 5.02509e-07 5.49127e-09 0.000969569 2.79399e-06 6.20089e-07 5.59974e-07 0.0030514 0.54173 1.10188e-05 0.00348415 0.0249887 6.46658e-09 0.0116326 4.65387e-09 9.95643e-06 0.000558283 0.305975 3.19037e-07 0.0153573 5.6251e-07 0.0842597 0.000481928 0.00136409 0.0025874 
0.0365412 6.45382e-05 0.008988 8.55243e-06 0.000116151 1.6664e-05 0.000245085 0.00496476 0.00335128 0.23977 0.0304429 0.00525159 0.00226085 0.00272174 0.204641 0.00180128 0.000313375 0.0141243 0.108692 0.0499645 0.0337316 0.0350384 0.193363 1.34385e-06 0.0229056 0.000680741 
0.0278193 0.00171491 0.00225544 0.000738677 0.00368043 0.000153205 0.000327477 0.00463235 0.0071037 0.190976 0.0260898 0.0280139 0.000641601 0.0211784 0.0393694 0.00105763 0.0330211 0.0502347 0.185594 0.143951 0.0787388 0.0299509 0.0974143 1.81465e-05 0.024875 0.000449519 
0.00215553 0.000152012 8.17632e-06 5.75686e-13 9.06825e-06 1.03969e-12 1.21222e-09 2.88889e-06 7.11699e-05 0.928169 0.000187575 0.00171862 0.00662313 7.32501e-08 0.000745003 0.000713183 0.00413069 0.0160429 0.00862785 0.000989795 0.00403599 0.00181624 0.0237187 3.08775e-06 6.58673e-05 1.38664e-05 
0.00105419 2.21216e-06 0.00112261 4.3743e-08 0.00351356 7.99052e-06 5.92855e-05 1.65241e-05 0.000111445 0.917245 6.41967e-05 0.000311782 0.00677369 3.04658e-06 0.00883328 7.04267e-06 3.51123e-06 0.0347111 0.00229463 0.000796487 0.00420796 0.000908131 0.0163898 7.10801e-08 0.00155473 7.83946e-06 
0.147761 8.31579e-05 0.00349012 6.56129e-11 8.40899e-05 1.18496e-10 0.00229401 1.76709e-05 0.0130569 0.348565 0.0875905 0.002344 0.00346147 0.000621385 0.0435938 0.0041805 0.0105803 0.0583513 0.0217835 0.00352489 0.0917224 0.0200053 0.0992473 6.69198e-06 0.0374468 0.000187988 
0.0843355 0.000125854 0.000791663 1.81758e-10 0.00359503 7.77137e-08 1.83451e-05 1.07556e-05 0.010706 0.268861 0.00215986 0.0351149 0.00423201 1.92589e-05 0.0480872 0.00023877 0.0760827 0.129503 0.0632945 0.0104783 0.00544075 0.00951506 0.188743 1.88015e-05 0.00573033 0.0528969 
0.0325194 0.00488142 0.00870387 2.09146e-05 0.00227385 9.71834e-05 0.00784627 0.00173034 0.0113846 0.330449 0.0215603 0.00955989 0.0141219 0.000281564 0.0652672 0.000376928 0.0139783 0.0251862 0.0495557 0.0429483 0.0159665 0.0053274 0.278292 3.51118e-05 0.0542436 0.00339231 
0.0104205 0.00308668 0.0107346 5.1223e-09 0.00106312 4.19321e-05 0.000600458 0.00030324 0.0101639 0.420764 0.0231467 0.0110278 0.00874129 1.01371e-05 0.0161662 0.000588249 0.00478693 0.020484 0.0319333 0.00401096 0.00969456 0.00466979 0.379321 1.16871e-05 0.0277071 0.00052252 
0.00487 3.11832e-05 0.000729062 3.06794e-08 0.000428648 5.98078e-06 0.00266194 2.80329e-05 0.0130085 0.790589 0.000210207 0.00178437 0.0257702 0.00106858 0.0023238 0.000486085 2.76174e-05 0.0375155 0.0143032 0.0215433 0.0120078 0.00340065 0.0644894 2.61989e-05 0.00265716 3.36301e-05 
0.0040527 2.75118e-05 0.00321315 2.21222e-11 0.00252829 0.000466469 0.0015599 0.00173567 0.0113667 0.613951 0.00462333 0.0116937 0.00439942 8.42849e-05 0.0419491 0.000375477 1.40749e-05 0.0393358 0.0823479 0.0108806 0.00613302 0.00896008 0.117844 0.000930027 0.0258116 0.00571539 
0.0154867 0.00217696 0.0112244 5.02266e-08 0.000156061 1.06634e-05 0.000848679 0.000166016 0.0238151 0.497577 0.0073757 0.00365729 0.0631623 2.17726e-05 0.033117 0.00560391 0.00185212 0.0461864 0.0431704 0.00298154 0.0216743 0.0420861 0.146808 1.71501e-05 0.0254221 0.00540252 
0.0943041 0.000306782 0.0116887 2.07064e-08 0.000116206 0.000171146 6.46857e-07 0.0801119 0.0334434 0.183674 0.00371243 0.163707 0.00321944 1.08228e-10 0.0235938 0.00454855 1.91193e-08 0.065319 0.0611586 0.00521028 0.0242751 0.0616433 0.103411 9.78779e-11 0.0762497 0.000134587 
0.00746592 0.000407768 0.024012 3.5567e-08 3.26317e-05 3.00595e-08 0.0059521 9.94748e-05 0.0396307 0.354147 0.00286727 0.00474047 0.0105229 5.46733e-10 0.0238314 0.00165311 0.0061006 0.0658516 0.111347 0.133334 0.00528875 0.0116115 0.171681 3.34571e-05 0.0188851 0.000503959 
0.0116936 2.40311e-06 0.0138817 5.2322e-08 0.191917 4.14933e-06 4.17935e-07 0.000868745 0.0030944 0.280905 2.02553e-06 0.0138739 5.25896e-07 9.77668e-06 0.143524 2.99732e-07 0.0426471 0.0682086 0.0227195 0.00499125 0.00806953 0.0284219 0.0883954 0.000146625 0.0729443 0.00367731 
0.136799 6.16311e-06 0.00117934 1.6537e-06 0.118215 0.000232691 0.000470076 0.000136508 0.132883 0.380364 0.00439 0.00165949 0.0214397 1.55472e-05 0.00789363 0.00013003 0.000258893 0.019815 0.0280433 0.00539259 0.00914656 0.0847 0.0333988 0.00618308 0.00697175 0.000273534 
2.38792e-07 3.47658e-11 3.99508e-07 9.74011e-08 3.74382e-11 8.90296e-07 1.43938e-07 1.84381e-11 0.000619051 0.327469 2.19798e-08 0.0180393 9.0386e-08 9.24518e-07 0.0116394 2.84444e-06 2.33821e-08 0.00702454 0.206669 7.4367e-07 0.113286 3.87359e-07 0.312091 3.24059e-11 0.00315588 3.0363e-08 
0.0187566 8.22182e-05 0.00288932 0.000388055 0.00149199 2.35672e-05 0.000522346 0.000142894 0.0042357 0.332786 0.00653755 0.00397281 0.00861732 8.13533e-05 0.10641 0.00191868 0.00269747 0.0468911 0.0954445 0.0165747 0.0183992 0.0534797 0.264592 3.52179e-06 0.0130128 4.90743e-05 
0.0948558 0.000986932 0.000857024 0.0187964 3.95275e-06 1.51231e-10 3.9693e-05 0.00180489 0.0177264 0.513241 0.016711 0.00645482 3.65744e-11 1.82899e-05 0.0401535 0.0076286 0.000157773 0.00410989 0.130487 0.00491709 0.0143271 0.00794883 0.0774279 9.88009e-05 0.0402679 0.000979447 
0.0145165 0.000340712 0.00191376 0.00229409 0.00458988 0.000257673 0.000588523 0.00306676 0.0288786 0.608186 0.00296474 0.00318605 0.051798 0.0013966 0.0163497 0.00157934 0.0025574 0.0256474 0.0182605 0.016735 0.0485997 0.0241883 0.0999952 1.27179e-05 0.021418 0.000678425 
0.0836924 0.000310037 0.0150844 6.13858e-09 0.00201442 3.98597e-05 0.00213513 0.00231002 0.00276379 0.241043 0.0184218 0.0378656 0.0188991 1.85933e-05 0.0925526 0.00495179 0.0271142 0.112048 0.0545523 0.0504872 0.0346185 0.0312337 0.130049 1.92449e-05 0.0375868 0.000188025 
0.00874979 0.000468444 0.0205683 5.59277e-07 0.0278963 9.25339e-07 0.000683946 0.000622139 0.00857214 0.544707 0.00217147 0.00587464 0.00737088 0.00331587 0.0107338 0.000657974 0.000414879 0.0708889 0.0268761 0.0170747 0.0592677 0.0383415 0.109411 1.66223e-06 0.0324028 0.00292616 
0.00234399 6.60257e-05 1.02631e-05 3.08279e-10 0.000594678 3.62381e-05 7.33705e-05 0.000331282 0.00187645 0.382901 0.000115158 0.291653 2.31631e-05 0.000122166 0.00484147 0.000448302 0.00150291 0.206674 0.0312685 0.022391 0.0137326 0.00725044 0.0299462 1.68509e-06 0.00177247 2.36225e-05 
0.00368499 0.000115815 0.0110463 2.8215e-08 1.95977e-05 1.13126e-05 0.0296105 0.000256591 0.0263102 0.45116 0.0885555 0.0341502 0.0242804 7.1617e-05 0.0109346 0.00359312 9.70879e-05 0.195753 0.0135927 0.00683051 0.010022 0.0024103 0.078801 3.67984e-05 0.00785473 0.000801222 
0.00171743 3.14355e-07 0.000141776 4.31451e-10 4.91908e-05 0.00010635 0.000110011 7.73187e-05 0.000173711 0.593461 1.69382e-05 0.000116111 0.000830281 0.0422196 0.00467119 2.74057e-05 0.000571963 0.00193582 0.15839 0.00377386 0.0140965 0.0220326 0.153762 2.82599e-06 0.00169888 1.78017e-05 
0.00541124 3.52206e-05 0.000462093 7.78582e-08 1.07424e-05 0.00357815 0.000599118 4.06597e-05 0.00108873 0.510025 0.000189221 0.0174387 0.00396186 5.9434e-12 0.0241122 6.3e-05 0.000322447 0.029056 0.0340547 0.115208 0.0522804 0.0293022 0.159356 6.31434e-07 0.0133757 2.84379e-05 
0.00448178 0.00828255 0.000136099 3.40637e-07 2.77805e-05 1.04972e-05 1.16031e-05 7.47275e-05 0.0254541 0.833822 0.013188 0.0767947 6.28151e-05 8.74161e-05 0.00271649 0.000508616 0.000205979 0.0107051 0.0144602 0.00330115 0.00142929 0.000894229 4.88294e-05 0.000248083 4.49018e-05 0.00300277 
0.00958024 0.00665201 0.0194791 3.12315e-10 2.84338e-06 1.27697e-06 0.342771 0.000261562 0.0895352 0.371594 6.48109e-05 0.0299461 0.00672091 0.00198584 0.00109039 0.00258176 0.0222762 0.0113709 0.0509448 0.000110455 0.000600686 0.00409584 0.017869 2.54189e-05 0.00999344 0.000446263 
0.0272507 0.00297805 0.00480773 8.00948e-05 0.000149313 2.72692e-08 0.000625387 2.0161e-05 0.000792996 0.215787 0.0873067 0.172944 0.000165646 0.000597242 0.0789733 0.00150213 0.00827758 0.0151072 0.0425876 0.16801 0.00989195 0.0163486 0.107363 1.80246e-05 0.0351942 0.00322111 
0.00929116 0.00279706 0.00194212 8.61476e-05 0.0163157 8.05455e-06 0.000433898 0.00321618 0.039656 0.585649 0.0102523 0.0179499 0.0276456 0.00176223 0.0100672 0.00225839 0.0115299 0.143862 0.0215651 0.0149318 0.00631971 0.00666681 0.0492095 2.76007e-06 0.0157134 0.000868207 
0.0164991 9.83616e-07 0.000134533 3.90557e-07 0.000930149 2.01309e-07 4.95732e-05 9.27696e-06 5.27201e-06 0.740069 0.000300822 0.000246142 3.13785e-07 1.91836e-05 0.00327504 0.000652826 6.21538e-08 0.0241013 0.036448 0.00472895 0.00899135 0.1527 0.00979581 3.03331e-06 0.00096702 7.10485e-05 
1.48865e-05 0.0238291 0.00134156 3.25462e-08 6.06325e-06 0.0344342 2.43601e-05 0.000205365 0.0545906 0.324251 0.00152534 0.0469035 0.000516054 1.36279e-06 0.00308455 0.00630511 0.0600691 0.0280886 0.068021 0.0316449 0.0299856 0.00561921 0.151682 0.000314799 0.127087 0.000454331 
0.0171121 0.0001634 0.00181112 7.01594e-10 7.45557e-05 4.35376e-05 8.11821e-05 0.000415883 0.00612705 0.238277 0.000669307 0.0123009 0.00847007 1.12672e-07 0.108141 0.00956559 0.014827 0.0531441 0.174285 0.0208064 0.0149641 0.236678 0.038221 3.08021e-05 0.0437761 1.53153e-05 
0.0170549 0.00042199 6.01677e-05 3.81936e-09 0.00419854 6.79931e-09 0.000108309 3.82029e-05 0.00233318 0.718605 0.000949764 0.0107671 0.000819849 7.9829e-05 0.0112259 0.00114718 0.0221823 0.0273923 0.0260103 0.0175753 0.00594692 0.0136366 0.109324 6.43632e-05 0.00999321 6.53996e-05 
0.00561519 0.000130366 0.107438 4.18587e-07 0.000698551 1.31645e-05 0.000209644 0.000187813 0.00114443 0.619764 0.00988385 0.00288112 0.0224647 1.3956e-07 0.0581628 0.00278978 3.53786e-05 0.0266976 0.0348591 0.00416291 0.00592273 0.0337095 0.049435 2.50152e-06 0.0136929 9.86153e-05 
0.064092 4.07773e-08 0.000181067 1.79044e-06 0.000251102 1.21181e-06 2.37137e-05 3.98756e-05 1.69634e-05 0.688683 0.000110889 0.00451308 7.41857e-05 0.000421972 0.036637 0.000905302 1.90276e-07 0.057502 0.0225501 0.00204363 0.024596 0.0277595 0.0682117 3.4561e-06 0.00132738 5.29693e-05 
0.0338405 6.30477e-05 0.000484161 3.09247e-08 0.000518105 3.39001e-07 0.000664768 0.000219061 0.000798429 0.628568 0.00164537 0.103982 4.54691e-05 0.000145818 0.0153934 0.00180358 0.0115206 0.0226405 0.0240202 0.0765935 0.0277997 0.0131463 0.0336731 9.08954e-06 0.00227072 0.000154641 
0.0891725 0.00314329 0.00336725 8.54781e-08 0.000226091 9.42943e-05 0.000233248 0.00031349 0.0476814 0.491476 0.000781082 0.0660702 0.00134998 0.000211535 0.0179241 0.00663049 0.00722723 0.0843584 0.0593657 0.00296411 0.0240865 0.0299242 0.0497308 3.02296e-05 0.0129929 0.000644954 
0.0188055 0.00054732 2.83146e-08 8.52251e-10 3.76594e-06 3.31826e-08 0.000306965 1.8812e-07 0.00319101 0.346093 2.71659e-07 0.0262563 0.00322989 0.0119229 4.57524e-05 2.54604e-07 0.0195855 0.0171328 0.299584 0.0515726 0.0020037 2.93133e-07 0.182136 4.167e-08 0.0175817 7.24632e-08 
