0.246739 0.00155868 0.00478411 0.0138483 0.0594132 0.00164853 0.000108778 0.00225511 1.38342e-06 1.444e-05 0.160394 0.0276177 0.0211201 0.0289074 2.92371e-05 3.3883e-08 0.0303594 6.76664e-05 0.000139984 7.99686e-08 0.00162616 0.0102385 0.000467338 0.158805 3.16039e-05 0.0015805 0.228244 
0.267637 0.0776877 0.0213905 0.00163777 0.0805428 0.0366111 0.00114503 0.0144304 0.0208278 1.10896e-06 0.0926084 0.0403367 0.00267569 0.0516086 4.3637e-05 8.5487e-06 0.148847 3.27708e-06 0.00281578 2.50214e-05 0.00124518 0.0398292 0.00568241 0.00843551 0.00288573 0.0413892 0.039648 
0.452206 0.032559 0.0156045 0.00891694 0.0289244 0.0288297 0.00359705 0.00109162 0.000120698 7.16285e-07 0.17626 0.0822785 0.00612504 0.00647424 2.81676e-05 5.60851e-08 0.111686 0.0132741 0.000180833 0.00626066 0.0045469 0.00138152 7.53103e-06 0.00282119 1.99942e-05 0.0135584 0.00324526 
0.352956 0.0168529 0.0282089 0.0111835 0.180685 0.0105637 0.00358473 0.0368571 0.000143781 8.51971e-06 0.0501198 0.0512854 0.010787 0.0118208 0.000452544 7.03938e-05 0.0315291 0.000997509 0.00144415 0.00082046 0.0156192 0.0242979 0.000259726 0.0102391 7.7642e-05 0.000889079 0.148247 
0.646963 0.00877876 0.0187287 0.000575266 0.0796771 0.00233435 0.00560817 0.0657116 4.11467e-05 1.18241e-07 0.00745898 0.00886795 0.00717784 0.0341802 5.34953e-08 8.40746e-08 0.0862265 0.00177445 0.000858876 9.11717e-05 0.00106234 5.25941e-05 0.00282919 0.0078557 3.65829e-06 0.0110124 0.00212989 
0.436127 0.0448689 0.000622654 0.0388612 0.0223564 0.00385724 0.00167368 0.195474 4.48193e-05 3.72981e-05 0.0193849 0.0148901 0.0709201 0.00179801 1.24836e-05 3.92988e-05 0.0237397 9.20496e-05 0.000208423 9.21144e-06 0.000452352 0.0335192 0.000153144 0.0135196 2.98662e-06 0.00194851 0.075386 
0.929522 6.47299e-05 0.060212 1.74778e-10 0.000557193 7.02615e-07 0.00150343 2.57607e-10 2.2499e-08 1.67741e-07 0.00171802 2.44627e-07 0.000885609 0.000998567 7.06292e-10 5.23967e-10 0.000243349 5.01509e-10 5.85981e-10 4.38624e-10 1.10587e-10 1.71325e-07 5.17076e-10 0.00342206 2.56633e-05 6.27841e-08 0.000846266 
0.929522 6.47299e-05 0.060212 1.74778e-10 0.000557193 7.02615e-07 0.00150343 2.57607e-10 2.2499e-08 1.67741e-07 0.00171802 2.44627e-07 0.000885609 0.000998567 7.06292e-10 5.23967e-10 0.000243349 5.01509e-10 5.85981e-10 4.38624e-10 1.10587e-10 1.71325e-07 5.17076e-10 0.00342206 2.56633e-05 6.27841e-08 0.000846266 
0.472013 0.00748398 0.00110785 0.00307947 0.07358 0.0179713 4.89308e-06 0.0159501 2.52016e-05 3.41869e-06 0.0518552 0.162775 0.00272723 0.0449276 7.65513e-05 4.87159e-08 0.0301943 0.00610644 0.00349255 3.39018e-05 0.00333515 0.0202251 2.80312e-06 0.0124672 0.00706562 0.00213392 0.0613615 
0.840676 0.0452884 0.00266599 1.50313e-06 0.000713224 0.00252527 9.50703e-07 0.00143514 2.65123e-06 3.60393e-06 0.0141477 0.0889314 0.00171808 0.000846023 6.07428e-06 4.50623e-06 0.000556571 4.31309e-06 5.03957e-06 3.77227e-06 9.51075e-07 8.53916e-07 0.000178797 0.000177618 8.22681e-07 5.12663e-07 0.000104437 
0.993884 5.24528e-07 6.18205e-07 0.00266335 4.35222e-05 1.12151e-06 7.0159e-07 1.63495e-06 1.95653e-06 2.65959e-06 1.85381e-07 3.23811e-07 3.08767e-07 0.00157301 4.48263e-06 3.32546e-06 0.000801008 3.18293e-06 3.71905e-06 2.78382e-06 7.01864e-07 6.30164e-07 3.28173e-06 7.45576e-07 6.07114e-07 3.7833e-07 0.00100112 
0.468577 1.82486e-06 0.0229373 1.37422e-09 8.68652e-07 1.38939e-09 1.00124e-05 2.02548e-09 2.40888e-06 3.29485e-09 0.0228074 0.0325629 8.17203e-06 0.00621441 5.55334e-09 4.11978e-09 0.138401 3.9432e-09 4.60738e-09 0.304064 7.15296e-07 0.00440745 4.0656e-09 3.26918e-06 6.7023e-07 3.37433e-07 5.90312e-10 
0.929522 6.47299e-05 0.060212 1.74778e-10 0.000557193 7.02615e-07 0.00150343 2.57607e-10 2.2499e-08 1.67741e-07 0.00171802 2.44627e-07 0.000885609 0.000998567 7.06292e-10 5.23967e-10 0.000243349 5.01509e-10 5.85981e-10 4.38624e-10 1.10587e-10 1.71325e-07 5.17076e-10 0.00342206 2.56633e-05 6.27841e-08 0.000846266 
0.317821 0.0205446 0.0240285 0.0100248 0.111761 0.0363629 0.00306037 0.00488578 4.99756e-05 1.05896e-05 0.147313 0.0405558 0.0152533 0.0275916 9.00923e-05 2.54418e-07 0.142829 8.05873e-06 2.29746e-05 0.00047151 0.0168031 0.0296171 0.000166686 0.00401468 6.03761e-08 0.0135722 0.0331411 
0.419712 0.00503067 1.40696e-08 2.48213e-07 0.101392 0.0200555 5.91969e-07 0.00393816 6.9581e-08 1.13012e-09 0.0802564 0.0197895 0.00605587 0.222802 5.76705e-07 1.41307e-09 0.013626 7.24393e-08 2.62945e-07 0.000647159 0.000466293 0.00119984 1.13744e-06 0.104094 2.57977e-10 0.000931425 2.10999e-07 
0.245968 0.0239936 0.00355385 0.0176402 0.0512549 0.00282708 0.000230159 0.00918503 2.41914e-06 9.23374e-08 0.106444 0.241259 0.0222826 0.0418452 0.00013509 6.27963e-08 0.0402311 8.88771e-05 0.00024989 0.00443587 0.0376925 0.017485 0.00812179 0.0248196 8.64761e-07 0.0562097 0.0440438 
0.343653 0.0159427 1.31596e-06 0.00312611 0.320851 0.000331512 1.68302e-07 0.0211603 3.73507e-07 1.5091e-09 0.0300032 0.0156182 0.00994446 0.0263817 3.36383e-05 1.88694e-09 0.0415848 1.80606e-09 4.14568e-07 0.000510294 0.0844868 1.75834e-07 0.000920998 2.45785e-07 3.44489e-10 0.00385542 0.0815938 
0.422193 0.0132144 0.00168987 0.00881776 0.0397902 0.000452945 0.000102999 0.0198402 1.899e-05 1.09923e-05 0.225453 0.0331828 0.0236472 0.0119384 2.16811e-05 1.65539e-06 0.0259858 3.09933e-05 0.00120363 3.43742e-06 0.000985112 0.0192023 5.00257e-08 0.0248036 5.28195e-06 0.00167535 0.125728 
0.295053 1.0547e-06 7.23016e-06 1.10818e-06 0.130628 1.39388e-06 0.00306692 0.0142642 1.41851e-06 6.24188e-10 0.00310914 0.18031 5.85658e-07 0.0593524 1.16459e-05 2.09014e-07 0.271229 2.88431e-06 0.000329017 4.25962e-09 0.0112889 0.000275949 4.4766e-05 0.00586509 1.42486e-10 0.001943 0.0232127 
0.541842 5.73325e-06 0.0093969 3.45773e-06 0.0014623 9.06748e-06 0.00406613 2.88118e-06 1.74414e-09 2.37088e-09 0.0277157 0.328039 1.89677e-06 0.0049528 3.99603e-09 2.96448e-09 0.0709979 2.83742e-09 3.31534e-09 2.48163e-09 5.04064e-06 0.00820046 0.00035586 0.00293417 5.4121e-10 1.02553e-06 7.89823e-06 
0.600973 0.0299955 0.0653114 0.0477517 0.0665836 0.000144141 0.00264485 0.0698498 0.002271 1.74167e-05 0.00814226 0.0148395 0.023421 0.0154222 2.8848e-06 0.000772243 0.0150072 6.4848e-06 0.00258935 0.000960979 0.00801958 0.00998548 0.00135421 0.00194202 2.09971e-06 0.00991776 0.00207252 
0.929522 6.47299e-05 0.060212 1.74778e-10 0.000557193 7.02615e-07 0.00150343 2.57607e-10 2.2499e-08 1.67741e-07 0.00171802 2.44627e-07 0.000885609 0.000998567 7.06292e-10 5.23967e-10 0.000243349 5.01509e-10 5.85981e-10 4.38624e-10 1.10587e-10 1.71325e-07 5.17076e-10 0.00342206 2.56633e-05 6.27841e-08 0.000846266 
0.445497 0.00170165 0.00397931 0.00160821 0.188826 0.00364387 0.000925255 0.00102723 0.00604201 5.52122e-06 0.132759 0.0238792 0.00365301 0.03012 2.31769e-05 5.5131e-08 0.0552947 9.99421e-05 0.00633597 2.86931e-05 0.00407196 0.00776982 5.4406e-08 0.00173884 2.2731e-06 0.0686588 0.0123087 
0.929522 6.47299e-05 0.060212 1.74778e-10 0.000557193 7.02615e-07 0.00150343 2.57607e-10 2.2499e-08 1.67741e-07 0.00171802 2.44627e-07 0.000885609 0.000998567 7.06292e-10 5.23967e-10 0.000243349 5.01509e-10 5.85981e-10 4.38624e-10 1.10587e-10 1.71325e-07 5.17076e-10 0.00342206 2.56633e-05 6.27841e-08 0.000846266 
0.245546 0.0369571 0.0588013 0.00736501 0.096321 0.00170078 0.0023578 0.0779845 0.00235801 2.11283e-06 0.0943812 0.0877035 0.0746222 0.0485828 3.22969e-06 4.55061e-09 0.0335543 0.040978 0.000928342 0.00056595 0.0148439 0.0107571 1.32784e-06 0.0401107 6.6232e-05 0.00110178 0.0224062 
0.375583 0.0281468 0.12749 0.0199524 0.0787005 0.00527188 0.00361114 0.057985 0.000393702 0.000129461 0.0370249 0.0153578 0.114515 0.00847346 0.000309911 0.000783714 0.0331372 0.000159689 0.00113144 0.00600446 0.00988839 0.00959481 0.00393472 0.0162788 3.30867e-05 0.0131491 0.0329599 
0.497697 0.000173606 0.000609499 9.46754e-08 0.00362145 0.000145208 0.00165857 0.000258509 0.0292332 2.47101e-05 2.17267e-05 0.213443 0.00135072 0.128539 0.000360083 2.83827e-07 0.0571227 8.41073e-06 0.00022095 0.000715061 0.00195484 0.000119619 2.80094e-07 0.0154244 0.0022615 0.000235891 0.0447991 
0.929522 6.47299e-05 0.060212 1.74778e-10 0.000557193 7.02615e-07 0.00150343 2.57607e-10 2.2499e-08 1.67741e-07 0.00171802 2.44627e-07 0.000885609 0.000998567 7.06292e-10 5.23967e-10 0.000243349 5.01509e-10 5.85981e-10 4.38624e-10 1.10587e-10 1.71325e-07 5.17076e-10 0.00342206 2.56633e-05 6.27841e-08 0.000846266 
0.929522 6.47299e-05 0.060212 1.74778e-10 0.000557193 7.02615e-07 0.00150343 2.57607e-10 2.2499e-08 1.67741e-07 0.00171802 2.44627e-07 0.000885609 0.000998567 7.06292e-10 5.23967e-10 0.000243349 5.01509e-10 5.85981e-10 4.38624e-10 1.10587e-10 1.71325e-07 5.17076e-10 0.00342206 2.56633e-05 6.27841e-08 0.000846266 
0.292964 0.0104058 0.000516829 0.000948743 0.122207 0.00708763 0.0016448 0.00225368 0.0437329 6.95067e-08 0.14545 0.0846655 0.0159363 0.154347 6.79468e-05 0.000262381 0.0477602 2.26939e-07 0.000786776 0.000104763 0.00277791 0.00332905 1.80396e-05 0.0040528 4.61868e-05 0.00589565 0.0527375 
0.424331 0.000765772 1.69153e-05 0.0159257 0.0453169 1.36081e-07 0.000141982 0.0046207 4.12754e-08 1.10995e-09 0.263324 0.0463179 0.0130989 0.00177476 9.96616e-09 4.50461e-12 0.130172 5.66211e-09 0.00212118 2.09953e-10 0.00106012 0.00864473 9.7268e-09 0.0169642 8.67462e-10 0.000567737 0.0248356 
0.409481 0.0142564 0.000682203 0.00257939 0.173605 7.24577e-08 8.88972e-05 0.0133158 5.87069e-05 1.66177e-10 0.106056 0.0164256 0.0163512 0.00371165 0.000106517 0.00318594 0.115553 7.79663e-08 2.90179e-05 4.90374e-05 0.0234489 0.0365394 0.00032554 0.0250748 7.12316e-07 0.0162194 0.0228566 
0.628353 0.000731317 0.000389302 0.0112402 0.020196 0.000557142 0.000165422 0.00392401 5.10918e-06 2.85637e-07 0.12688 0.0417931 0.0976498 0.000802812 6.99035e-06 3.08019e-11 0.013052 3.71866e-07 0.000523295 3.24731e-06 0.000896558 0.0165171 2.34751e-07 0.0117055 1.39942e-06 0.00126086 0.0233447 
0.632541 0.0123675 0.0146763 3.9499e-05 0.0511918 0.00134801 0.00145352 0.00128888 3.10657e-05 1.84222e-06 0.0676373 0.0272739 0.0155645 0.0214855 8.31842e-05 1.46004e-06 0.104318 0.00705877 0.000535266 8.35236e-05 0.0027896 0.00515441 9.01352e-05 0.0090298 1.27997e-05 0.0176494 0.0062935 
0.177758 0.0119251 0.174269 0.000529247 0.10983 0.0481329 0.0169115 0.145506 0.00975285 2.80315e-06 0.072284 0.0234219 0.0135665 0.0317674 2.38459e-05 2.27388e-06 0.0125031 9.73284e-10 0.000184715 7.82787e-05 0.00175789 0.0413847 1.0035e-09 0.00283232 0.000171014 0.0220571 0.0833481 
0.929522 6.47299e-05 0.060212 1.74778e-10 0.000557193 7.02615e-07 0.00150343 2.57607e-10 2.2499e-08 1.67741e-07 0.00171802 2.44627e-07 0.000885609 0.000998567 7.06292e-10 5.23967e-10 0.000243349 5.01509e-10 5.85981e-10 4.38624e-10 1.10587e-10 1.71325e-07 5.17076e-10 0.00342206 2.56633e-05 6.27841e-08 0.000846266 
0.243492 0.00227817 4.69166e-06 0.084467 0.0137354 1.26917e-08 0.000472614 0.00121264 1.0009e-08 3.46033e-07 0.239844 0.0457235 0.0508721 0.00115681 8.89606e-06 4.46885e-12 0.0658185 3.88432e-05 0.000338809 3.40647e-09 0.000686456 0.0222272 1.45333e-09 0.032448 3.31399e-06 0.00182563 0.193345 
0.863151 1.52053e-08 3.15833e-08 2.46028e-08 0.0279178 2.70597e-08 3.53205e-12 0.015602 9.84984e-12 1.33893e-11 0.0271961 0.00275063 0.00304791 0.000988007 2.25671e-11 1.67416e-11 0.0552317 1.6024e-11 5.6512e-08 1.40147e-11 0.000196361 4.55071e-05 1.65214e-11 0.00139975 5.17198e-09 0.00214276 0.000330083 
0.320174 0.0601196 0.000581718 0.0133942 0.0332851 6.45297e-05 0.000187031 0.0837806 5.68973e-06 2.44385e-06 0.00902776 0.127358 0.000583403 0.247854 6.82835e-06 7.96436e-07 0.0299145 0.000100624 0.000912249 2.04762e-05 0.000197237 0.024715 6.10461e-06 0.0327945 0.00162074 0.0119855 0.00130753 
0.453581 0.0256702 0.00025613 0.00912809 0.0145829 1.03145e-06 0.000606538 0.0270596 3.49701e-05 6.63313e-05 0.107577 0.0491611 0.00380178 0.00226223 9.58016e-05 2.11429e-08 0.200058 0.000237127 0.000560953 1.59716e-06 0.000467335 0.0104804 8.67645e-05 0.0793782 0.00011508 0.000298073 0.0144316 
0.782239 0.00526536 0.0328699 0.0021875 0.0722899 0.000199627 0.00883229 0.00180748 2.15775e-09 7.86433e-06 0.0251302 0.000376617 0.000653736 0.00483601 1.06598e-05 3.66748e-09 0.00284773 3.51028e-09 0.000314154 3.74107e-07 0.000554483 0.00937811 6.49101e-05 0.0245331 0.00190339 4.99084e-07 0.0236968 
0.826502 3.21794e-06 0.000540981 6.23744e-06 0.000955653 2.60906e-10 1.30165e-06 0.00126654 1.55037e-07 5.95989e-07 0.00580115 0.0513611 0.0795138 0.0007097 3.18317e-07 7.7363e-10 0.0146989 7.60417e-07 1.24968e-06 1.40281e-06 0.000141623 0.00948371 5.13933e-07 0.000279257 2.48971e-07 1.91891e-07 0.00872903 
0.468577 1.82486e-06 0.0229373 1.37422e-09 8.68652e-07 1.38939e-09 1.00124e-05 2.02548e-09 2.40888e-06 3.29485e-09 0.0228074 0.0325629 8.17203e-06 0.00621441 5.55334e-09 4.11978e-09 0.138401 3.9432e-09 4.60738e-09 0.304064 7.15296e-07 0.00440745 4.0656e-09 3.26918e-06 6.7023e-07 3.37433e-07 5.90312e-10 
0.330175 0.0963677 0.0198902 0.00812408 0.0350057 0.0061726 0.0150119 0.0495619 1.51337e-07 2.05718e-07 0.0767847 0.0041774 0.0559062 0.00382771 1.88672e-06 0.0002436 0.0824451 0.00560569 0.000188585 8.82267e-06 1.5245e-05 0.00928856 2.53841e-07 0.201026 1.2898e-05 1.26368e-05 0.000145846 
0.411544 0.00857448 0.0151437 0.000849743 0.0276554 0.0249654 0.0458409 0.0160407 4.41692e-05 0.00104143 0.00926475 0.0240366 0.00893342 0.0116706 2.01463e-05 2.40041e-09 0.114654 0.000292742 0.000723837 0.0055721 0.0467628 0.00204349 0.000687804 0.122727 0.0872511 6.63777e-05 0.0135928 
0.64645 9.70034e-07 5.85691e-10 1.05092e-09 0.246167 0.00360014 6.6469e-10 5.60693e-07 0.0185866 2.51971e-09 0.0287502 0.000152534 3.42526e-07 0.0167751 0.00258767 3.15056e-09 0.0213549 3.78823e-07 1.07858e-06 2.63741e-09 1.6149e-05 0.0149468 3.10913e-09 2.67195e-06 5.75183e-10 2.9918e-07 0.000606091 
0.250317 0.0104686 0.0819095 0.00113731 0.185732 0.0210811 0.0467002 0.0020011 0.0158853 0.000114172 0.0766786 0.0614414 0.0397866 0.028447 0.00155606 6.30645e-07 0.0731038 1.55507e-05 0.00012217 0.0458924 0.000408321 0.0107237 0.000150268 0.00443619 0.000193556 0.0116593 0.0300378 
0.891787 0.0116414 0.010857 3.15221e-07 0.00930974 3.18702e-07 0.00960991 0.0180272 0.000278551 7.55779e-07 0.00202823 0.00276063 8.77427e-08 0.0107242 1.27384e-06 9.45002e-07 0.00257887 9.04497e-07 0.00348865 7.91082e-07 0.0101522 0.00161185 9.32574e-07 0.00991578 0.000673018 1.07511e-07 0.0045498 
0.968181 0.00197835 0.00616576 0.000300168 0.00155868 0.00077903 5.44165e-05 0.00140543 0.000151751 4.38805e-08 0.00260653 0.000868171 0.000972005 0.00147678 0.00034768 0.000181116 0.00363741 5.25151e-08 0.000711845 0.000702777 0.000141288 0.00114369 5.41452e-08 0.00187103 9.31658e-05 0.00414349 0.000528314 
0.666481 0.00102833 0.125552 4.02664e-07 0.0558544 0.00307139 0.00801971 0.00065686 0.00619855 1.79617e-06 0.0631182 0.0085622 0.00196658 0.0381081 4.49914e-06 1.20715e-06 0.00171456 2.56154e-05 0.000292117 0.000238986 0.0125058 0.00189374 0.000451508 0.00153474 0.000950781 8.97363e-05 0.00167678 
0.372629 0.0105245 0.0084967 0.0382558 0.10552 0.0120848 0.000719355 0.041361 0.000107668 2.95434e-06 0.155876 0.0741174 0.0696159 0.025639 3.56597e-05 3.61771e-08 0.0263531 2.63196e-06 0.000267883 0.0012894 0.000484812 0.00972915 2.04738e-07 0.0294037 3.14356e-05 0.00403078 0.0134206 
0.483764 0.000536763 0.000172607 0.0196083 0.0730794 0.00155106 0.000169202 0.00832924 3.76214e-08 4.0382e-08 0.25027 0.0264247 0.0326612 0.0053712 7.98231e-06 4.94488e-06 0.0251114 4.89134e-05 0.00088393 0.000114777 0.0033891 0.0104136 2.87288e-09 0.0267537 5.83418e-07 0.00462771 0.0267057 
0.516922 0.0518317 0.0274812 0.000299198 0.263046 0.000568023 0.000330762 0.0060681 0.00115206 3.55609e-09 0.0109062 0.00336955 0.0273192 0.0196898 5.79137e-05 0.000101094 0.00685395 8.64656e-05 3.68417e-06 0.000265038 0.00364318 0.000196555 0.000328609 0.0569299 3.01515e-05 0.00141135 0.0011085 
0.91275 1.00567e-07 9.79486e-12 3.53264e-09 0.00877316 1.77693e-11 1.1116e-11 0.0607956 3.09993e-11 4.21386e-11 2.93718e-12 0.0133873 2.94016e-09 0.000498634 7.10229e-11 4.21563e-07 0.00348202 5.04304e-11 5.89837e-08 3.09189e-08 1.78037e-08 3.39567e-08 5.19958e-11 0.000312166 9.61912e-12 5.99427e-12 7.54963e-12 
0.198788 0.191531 0.00670067 0.00294526 0.0461605 0.000276182 0.000269714 0.00827282 2.68689e-05 2.48914e-06 0.0902641 0.0998233 0.102378 0.137888 9.19101e-05 1.30653e-06 0.020453 7.99741e-05 0.00668981 1.09302e-06 0.00124415 0.021118 8.70595e-09 0.0228237 1.58465e-05 0.00124618 0.0409085 
0.245448 0.0317203 0.00304088 0.00399816 0.0897067 0.00731158 0.00593751 0.00311081 0.000632522 2.0666e-05 0.0929401 0.0669289 0.0656354 0.00789514 5.33057e-05 5.88932e-07 0.194667 0.000580577 0.000288378 0.000505336 0.00287359 0.0244981 0.000586617 0.00510308 0.00511781 0.00344719 0.137952 
0.540535 0.00305076 0.00114565 0.000146325 0.109562 0.0111054 2.95679e-06 0.0344562 0.000359486 7.50589e-11 0.052185 0.105731 0.000692087 0.0112661 6.79719e-07 4.09601e-05 0.0990808 2.86594e-05 0.000409946 0.000204759 0.0100659 0.00208736 0.000428329 0.0066108 1.44122e-06 0.00151293 0.00928897 
0.761687 0.00368113 0.00242772 1.25949e-10 0.00530078 0.000606605 7.96605e-11 0.093281 0.000121994 3.01977e-10 0.00476867 0.00319442 0.0019129 0.00240104 1.01104e-07 3.77582e-10 0.116429 3.61399e-10 4.22272e-10 0.000270944 3.91838e-08 1.9767e-08 0.00291812 7.34858e-05 1.0781e-05 0.000521839 0.000391861 
0.732899 5.69009e-05 5.34788e-06 6.24093e-07 0.120579 0.000344407 0.0135762 0.00337137 0.0166531 1.78075e-06 0.000259009 0.00360628 0.000483178 0.027437 1.50038e-05 3.79937e-07 0.0251001 0.000164334 1.04296e-10 7.80689e-11 0.0301449 0.0096073 9.33946e-06 0.000571447 4.59509e-05 0.00766525 0.00740213 
0.320502 0.0254013 0.0325577 0.00156937 0.0939652 0.0342993 0.0611512 0.00857181 0.000572519 0.000262178 0.0224657 0.0107959 0.0244378 0.0137504 1.58771e-06 5.75696e-09 0.0856076 0.00156469 0.140728 0.0136755 0.0292377 0.00445302 0.000448154 0.0425763 0.0130564 0.00255307 0.0157961 
0.424305 0.0346253 0.177818 0.000717319 0.00910558 0.00539893 8.7698e-07 1.06377e-05 4.66131e-06 8.71503e-07 0.118885 0.0137075 0.00429254 0.00800774 1.31188e-06 2.62537e-09 0.0780761 2.51284e-09 3.37269e-06 1.56024e-05 6.55583e-06 0.00674205 3.85843e-05 8.96614e-06 6.98103e-05 3.70274e-05 0.118121 
0.28993 0.0249867 0.00277336 0.000142909 0.0187803 0.00376906 9.512e-05 0.00454565 2.14405e-05 1.5587e-05 0.194243 0.172019 0.042848 0.00644586 5.09868e-05 3.52918e-09 0.0936884 0.000138108 0.000668832 0.000316647 0.000226023 0.0186385 6.98613e-08 0.0388828 0.007451 0.0629302 0.016392 
0.739774 0.000886459 7.07197e-12 0.00788051 0.163043 2.54151e-08 8.0185e-09 0.0364893 2.23817e-11 3.04244e-11 0.00412399 0.0232932 0.000290372 0.00675189 1.33493e-07 3.80417e-11 0.0110198 7.27188e-08 1.407e-07 1.96399e-07 0.0048452 0.000225613 3.75414e-11 0.00119653 6.94509e-12 1.26794e-05 0.000166324 
0.338423 0.0131984 0.0113884 6.11927e-05 0.216523 0.00245828 0.0545064 1.89073e-06 1.23821e-09 5.08041e-07 0.162633 0.0235425 0.00103901 0.0333347 1.08727e-07 2.10455e-09 0.052356 0.00524532 0.00025549 1.76177e-09 0.0190023 0.00618558 2.07688e-09 3.79135e-07 1.43916e-07 0.0135059 0.0463397 
0.330712 0.140508 0.00547929 0.00281049 0.0711025 0.0360196 0.0141813 0.00166029 0.00104063 4.5197e-06 0.0332664 0.0238711 0.110097 0.0425441 0.00420736 1.00492e-07 0.0518287 8.0755e-06 0.00043662 0.00215611 1.16267e-05 0.00721677 4.35842e-05 0.0781293 1.3179e-05 0.0290223 0.0136283 
0.717709 0.00533635 0.00269666 0.000651699 0.0156357 0.00354276 0.000773301 0.000373008 1.64208e-05 2.81426e-05 0.044415 0.0182172 0.00471619 0.00917927 6.38959e-06 2.71576e-06 0.121407 0.000224688 4.78404e-05 0.00914599 0.0148235 0.00282297 0.000475039 0.00300219 0.00310226 0.00782076 0.0138285 
0.260194 0.0105247 0.000503896 0.0772532 0.0935474 0.0160958 0.00509702 0.0750881 0.0158505 1.50873e-05 0.0756767 0.083009 0.00836481 0.102595 3.15185e-05 0.059453 0.0387204 2.73686e-05 0.000278917 0.000163442 0.0048559 0.0101733 2.48688e-05 0.00693741 0.019801 0.0128473 0.0228706 
0.477206 0.00597909 0.00247122 5.7233e-07 0.0267495 0.000447929 0.000201445 0.000611629 6.07292e-05 3.6781e-06 0.0442849 0.0485676 0.00111243 0.0067299 2.35037e-05 3.45755e-07 0.321039 0.00020032 0.000513512 0.000309519 0.000698755 0.02746 0.000101735 0.0244785 0.00152428 0.000876174 0.00834796 
0.460856 0.0739449 0.10462 1.12326e-08 0.0337142 0.0105779 0.0112195 0.000689857 4.26088e-05 1.19918e-06 0.00235895 0.00630627 0.0287663 0.0472711 4.24582e-07 5.16857e-06 0.0995685 0.102618 2.18024e-06 5.3533e-06 0.0025252 0.00106281 0.00113268 0.0107651 0.000205098 0.000543017 0.0011981 
0.555652 0.282206 3.06689e-06 4.92546e-06 0.000131344 0.00261566 5.45871e-05 0.000142404 4.89172e-06 3.96223e-07 0.0205033 0.0526987 0.0253224 0.02434 1.77456e-06 2.14266e-07 0.00101471 1.29747e-06 4.75165e-06 5.65141e-06 3.30341e-05 0.0169774 2.59106e-08 0.0162867 4.79341e-09 0.00123866 0.00075691 
0.519546 0.00897031 0.000105154 0.00477883 0.140877 2.58975e-05 2.69571e-05 0.2221 4.55311e-06 4.14385e-11 0.024126 0.0425973 0.0047573 0.00784968 1.7209e-05 5.18134e-11 0.0105248 0.000110109 4.45832e-05 1.43283e-05 0.00617817 0.000766191 5.79766e-05 0.0049595 9.45932e-12 8.32309e-05 0.00147839 
0.468577 1.82486e-06 0.0229373 1.37422e-09 8.68652e-07 1.38939e-09 1.00124e-05 2.02548e-09 2.40888e-06 3.29485e-09 0.0228074 0.0325629 8.17203e-06 0.00621441 5.55334e-09 4.11978e-09 0.138401 3.9432e-09 4.60738e-09 0.304064 7.15296e-07 0.00440745 4.0656e-09 3.26918e-06 6.7023e-07 3.37433e-07 5.90312e-10 
0.470704 0.00098728 0.00744678 6.86323e-05 0.184953 2.06964e-07 1.60946e-07 0.0641853 0.000150082 3.14333e-10 0.06063 0.0268479 0.00113883 0.00696535 3.8591e-05 0.00135571 0.12549 6.11011e-06 1.02456e-06 0.000537875 0.0181351 0.00278029 0.000430387 0.0117104 2.81998e-06 0.0108574 0.00457701 
0.739774 0.000886459 7.07197e-12 0.00788051 0.163043 2.54151e-08 8.0185e-09 0.0364893 2.23817e-11 3.04244e-11 0.00412399 0.0232932 0.000290372 0.00675189 1.33493e-07 3.80417e-11 0.0110198 7.27188e-08 1.407e-07 1.96399e-07 0.0048452 0.000225613 3.75414e-11 0.00119653 6.94509e-12 1.26794e-05 0.000166324 
0.1833 0.126736 0.160374 0.0156621 0.0612484 0.0164519 0.00154271 0.0327042 0.0133048 4.27307e-07 0.0654219 0.0373621 0.0674134 0.060625 8.51963e-07 1.1035e-08 0.0837144 9.26047e-07 2.20693e-06 9.23768e-09 0.0045231 0.0167835 1.76385e-06 0.0527859 3.98632e-05 1.9298e-07 1.58118e-09 
0.282175 0.0692644 0.000470086 0.0135707 0.030937 0.000425622 0.000275543 0.00641699 1.27235e-07 2.3204e-07 0.189063 0.186259 0.0791643 0.000857231 6.94132e-06 2.53691e-10 0.0760704 0.00109146 0.000499307 2.90921e-05 0.00671936 0.00739704 2.62535e-08 0.0443944 3.1979e-08 0.00151567 0.00339656 
0.21438 0.0216082 0.0747891 0.000701671 0.178686 0.0117763 0.000540845 3.92748e-05 0.000111925 4.149e-06 0.0294957 0.114752 0.00697104 0.172014 1.15944e-05 6.27516e-06 0.0656502 8.62945e-06 6.33466e-05 0.00459295 0.0550982 0.00360461 0.0136959 0.0132472 1.62373e-05 0.0149608 0.00317515 
0.23341 0.00854868 0.00141677 3.22759e-08 0.18349 0.0124911 0.00570517 3.92151e-07 0.000386642 1.63365e-10 0.100541 0.201468 0.00975258 0.1414 3.44599e-05 2.04266e-10 0.0422322 3.72223e-06 0.000923494 2.61487e-05 0.0321835 0.000209188 0.00499855 0.011923 1.99781e-05 0.00561036 0.00322532 
0.369298 0.175944 0.000384757 0.00249085 0.0623746 0.0134136 0.000131386 0.0125483 5.80601e-11 7.19244e-06 0.0219618 0.197032 0.0164589 0.00553481 1.30662e-07 2.82136e-06 0.0889419 1.2779e-05 0.00110642 5.26631e-08 0.000223257 0.0079558 1.57643e-07 0.0190398 1.92092e-07 0.000235346 0.00490061 
0.294401 0.0318483 0.125695 0.0464515 0.0922862 0.0102364 0.00184922 0.012107 0.0186599 2.19339e-05 0.0521835 0.0285986 0.129406 0.0178856 1.31555e-05 0.00323319 0.018882 0.000426832 0.000251739 0.000852536 0.0174833 0.0184889 0.00372658 0.0254058 0.0018723 0.00916063 0.0385729 
0.983201 0.011699 0.00180944 2.31587e-06 0.000343494 2.34144e-06 1.46474e-06 0.000800406 4.08474e-06 5.55255e-06 2.2979e-05 6.76036e-07 6.44628e-07 1.26261e-06 9.35861e-06 6.94274e-06 0.000788112 6.64516e-06 7.76445e-06 5.81192e-06 0.000429139 1.31562e-06 6.85143e-06 1.55658e-06 0.000839583 7.89858e-07 9.94806e-07 
0.277887 0.0534795 0.0041564 0.000750701 0.107642 0.000403649 2.92557e-05 0.0278947 1.1909e-06 2.41857e-09 0.162883 0.105652 0.00180702 0.010264 3.6392e-05 0.0589696 0.139739 0.00052041 0.00029925 1.89422e-07 0.00382135 0.00988565 2.71947e-06 0.0210809 5.52095e-10 0.00632426 0.0064688 
0.252902 0.0197221 3.66134e-05 0.000920587 0.0137921 0.00363887 0.000962909 0.00909226 1.19743e-07 9.43424e-11 0.225548 0.0949869 0.201781 0.00196109 1.5901e-10 1.17963e-10 0.125965 0.0197014 4.65144e-05 9.87493e-11 0.00164768 0.00569178 2.46029e-08 0.0116832 6.30202e-07 0.00186914 0.00805017 
0.867483 0.00681821 0.104102 0.00879973 0.000131587 0.0014534 0.000457995 0.0017262 2.11428e-05 7.20637e-08 0.000376989 5.04851e-05 0.000170312 7.35744e-05 4.32855e-06 2.17456e-05 0.00258657 8.62441e-08 0.0012098 0.000157188 1.30652e-06 0.00269388 0.000149158 0.00112223 2.8962e-05 8.39105e-06 0.00035169 
0.308173 0.0208205 0.00323744 0.00432081 0.187544 0.000136404 0.00308689 0.154071 0.000372967 0.00144404 0.0268868 0.0400972 0.00776026 0.0105817 7.00256e-05 0.0550591 0.030796 0.000767926 0.00255547 0.000169211 0.0247951 0.00998796 0.0214996 0.0362813 0.00293204 0.00395445 0.042599 
0.929522 6.47299e-05 0.060212 1.74778e-10 0.000557193 7.02615e-07 0.00150343 2.57607e-10 2.2499e-08 1.67741e-07 0.00171802 2.44627e-07 0.000885609 0.000998567 7.06292e-10 5.23967e-10 0.000243349 5.01509e-10 5.85981e-10 4.38624e-10 1.10587e-10 1.71325e-07 5.17076e-10 0.00342206 2.56633e-05 6.27841e-08 0.000846266 
0.578181 0.0249808 0.0407365 1.43156e-05 0.00583354 0.00113542 0.000664026 0.00391543 0.000880542 8.06875e-07 0.0221105 0.00936227 0.00425717 0.0412123 8.68845e-06 1.00889e-06 0.00294331 4.43476e-06 8.22183e-06 3.47887e-05 0.0002652 0.00119844 0.219509 0.0424297 4.63498e-05 1.14779e-07 0.00026606 
0.170962 0.0593786 0.0017071 0.000797335 0.0361267 0.143978 0.00716639 0.013561 0.000955079 5.83152e-06 0.0513511 0.125438 0.138106 0.157697 7.93386e-05 6.30429e-09 0.0295708 0.00472896 0.00206608 0.00817709 0.00605763 0.00655573 0.000581572 0.0201836 0.00286866 0.00230483 0.00959576 
0.929522 6.47299e-05 0.060212 1.74778e-10 0.000557193 7.02615e-07 0.00150343 2.57607e-10 2.2499e-08 1.67741e-07 0.00171802 2.44627e-07 0.000885609 0.000998567 7.06292e-10 5.23967e-10 0.000243349 5.01509e-10 5.85981e-10 4.38624e-10 1.10587e-10 1.71325e-07 5.17076e-10 0.00342206 2.56633e-05 6.27841e-08 0.000846266 
0.629022 0.0150858 0.0179578 0.00760431 0.134765 0.00283318 0.00114377 0.0591713 0.00415058 6.14785e-05 0.0207333 0.00529234 0.00490147 0.00953561 2.36849e-05 0.000109945 0.0214167 6.6192e-07 8.26392e-05 0.000123906 0.00515275 0.0146362 8.65425e-05 0.0442276 5.83686e-05 0.00107156 0.000751029 
0.310198 0.027492 0.0568303 6.68114e-09 0.0194959 0.0878002 0.155725 0.0293833 0.000270406 3.94728e-07 0.0138345 0.0557178 0.0195712 0.150858 1.04827e-06 7.67249e-06 0.00465304 1.91709e-08 0.00361402 0.00489235 0.0315732 6.26277e-05 1.9766e-08 0.0268343 3.65667e-09 0.000413683 0.000770779 
0.929522 6.47299e-05 0.060212 1.74778e-10 0.000557193 7.02615e-07 0.00150343 2.57607e-10 2.2499e-08 1.67741e-07 0.00171802 2.44627e-07 0.000885609 0.000998567 7.06292e-10 5.23967e-10 0.000243349 5.01509e-10 5.85981e-10 4.38624e-10 1.10587e-10 1.71325e-07 5.17076e-10 0.00342206 2.56633e-05 6.27841e-08 0.000846266 
0.929522 6.47299e-05 0.060212 1.74778e-10 0.000557193 7.02615e-07 0.00150343 2.57607e-10 2.2499e-08 1.67741e-07 0.00171802 2.44627e-07 0.000885609 0.000998567 7.06292e-10 5.23967e-10 0.000243349 5.01509e-10 5.85981e-10 4.38624e-10 1.10587e-10 1.71325e-07 5.17076e-10 0.00342206 2.56633e-05 6.27841e-08 0.000846266 
0.403519 0.00451956 0.000417763 0.0365469 0.0259481 0.00867698 0.000131846 0.00494805 3.35426e-05 3.461e-08 0.26426 0.0941698 0.025404 0.0173783 0.000148818 5.89065e-11 0.0275041 6.57694e-09 0.000688283 0.000301823 0.000488409 0.0132315 8.73911e-09 0.0449254 3.98648e-06 0.00187239 0.0248819 
0.329495 0.010175 0.141453 0.00596598 0.098213 4.77379e-08 6.69419e-05 0.00397428 8.32808e-08 0.000166053 0.0201147 0.004168 0.000368151 0.012706 4.23783e-05 1.41551e-07 0.162122 1.50914e-05 1.58304e-07 0.00034574 5.48271e-05 0.00966474 8.05149e-05 0.00063136 2.16319e-05 0.000142383 0.200013 
0.311757 0.0698819 0.0101725 0.00957891 0.122126 0.014786 0.00228116 0.040568 0.000627955 4.26887e-07 0.106572 0.0524805 0.0176236 0.0395942 2.26441e-05 1.53844e-05 0.0962375 9.04524e-05 0.00329301 0.0023794 0.00399286 0.0172994 0.000167513 0.0237998 1.32814e-05 0.0185272 0.0361114 
0.510389 0.130513 0.0199589 0.00345464 0.0115929 4.26954e-05 0.0113503 0.0289842 0.097299 3.25577e-05 7.33122e-06 0.0185092 0.00176967 0.000254268 4.19044e-07 3.1087e-07 0.00503225 2.97546e-07 0.000115407 1.1954e-05 0.000268689 0.0390479 3.06782e-07 0.00371605 0.00448049 0.000116841 0.113052 
0.361764 0.0748129 0.00599823 0.00120212 0.0224238 0.0499573 0.00251592 0.0123249 3.07825e-05 5.94451e-06 0.0311845 0.0585222 0.0137195 0.0423511 5.01862e-06 7.11017e-07 0.0513449 0.00340014 0.000860633 9.65956e-06 0.000902055 0.0248105 0.000517537 0.192726 0.000159196 0.00605366 0.0423973 
0.2565 0.00439952 0.0025651 0.00971107 0.0510955 0.00114553 0.00136533 0.0011561 1.61146e-05 6.17894e-06 0.233452 0.0305557 0.0363649 0.0209995 4.3171e-05 1.03558e-07 0.0324737 1.69734e-05 9.3732e-05 7.13405e-06 0.000833273 0.0081 9.80244e-05 0.186127 4.96274e-05 0.000547735 0.122276 
0.701243 0.0108702 0.00112313 7.3838e-07 0.000527496 0.0650424 0.000140211 1.0883e-06 0.111213 1.77035e-06 0.00241609 2.15544e-07 9.08382e-05 0.0278718 2.98386e-06 0.000199764 3.59498e-05 2.11871e-06 0.0366451 0.000225592 0.0404451 4.19467e-07 9.38002e-05 7.99595e-05 4.04124e-07 0.00167339 5.35996e-05 
0.408264 0.0579316 0.0129581 0.00112459 0.0703683 0.00858505 0.0128415 0.000396626 0.000117602 1.42083e-06 0.177956 0.0617402 0.0440191 0.0365766 1.19937e-05 2.86698e-05 0.0580753 0.00614122 0.000459147 0.000467663 0.00434162 0.00548028 0.000339961 0.0175823 0.000184943 0.00652918 0.00747742 
0.338423 0.0131984 0.0113884 6.11927e-05 0.216523 0.00245828 0.0545064 1.89073e-06 1.23821e-09 5.08041e-07 0.162633 0.0235425 0.00103901 0.0333347 1.08727e-07 2.10455e-09 0.052356 0.00524532 0.00025549 1.76177e-09 0.0190023 0.00618558 2.07688e-09 3.79135e-07 1.43916e-07 0.0135059 0.0463397 
0.613509 0.00181002 0.235776 0.000999122 1.76161e-06 0.000100079 6.47606e-06 7.65826e-06 4.49233e-05 5.15335e-06 0.0720762 0.00266236 0.00334101 0.000265879 6.77252e-06 2.56764e-08 0.0282156 3.50696e-05 2.87153e-08 3.06554e-05 2.47093e-05 0.000627059 1.1109e-05 0.000163304 0.000158376 1.45501e-05 0.0401068 
0.310198 0.027492 0.0568303 6.68114e-09 0.0194959 0.0878002 0.155725 0.0293833 0.000270406 3.94728e-07 0.0138345 0.0557178 0.0195712 0.150858 1.04827e-06 7.67249e-06 0.00465304 1.91709e-08 0.00361402 0.00489235 0.0315732 6.26277e-05 1.9766e-08 0.0268343 3.65667e-09 0.000413683 0.000770779 
0.210107 0.183487 0.0594699 0.00115676 0.00986792 0.02366 0.141544 0.000177956 0.000143386 1.49521e-08 0.048654 0.0431649 0.0916547 0.0995184 5.61454e-07 1.86956e-08 0.0278477 5.35782e-07 0.000241203 0.00196609 0.000319785 0.0154046 6.23235e-05 0.0393882 0.000475207 0.00168213 5.87397e-06 
0.727015 0.00992655 0.0410792 4.99993e-05 0.0118642 0.0464517 0.0362209 0.000199593 5.65853e-05 5.81848e-06 0.00656453 0.00491034 0.00322824 0.0387264 3.13048e-06 1.14701e-07 0.0403241 0.000958254 3.7555e-05 7.64151e-05 0.000775286 0.000538057 1.52023e-05 0.0264594 0.000178034 2.8648e-05 0.00430661 
0.23341 0.00854868 0.00141677 3.22759e-08 0.18349 0.0124911 0.00570517 3.92151e-07 0.000386642 1.63365e-10 0.100541 0.201468 0.00975258 0.1414 3.44599e-05 2.04266e-10 0.0422322 3.72223e-06 0.000923494 2.61487e-05 0.0321835 0.000209188 0.00499855 0.011923 1.99781e-05 0.00561036 0.00322532 
0.646152 0.0118937 0.0141316 3.7908e-05 0.0494323 0.00129356 0.00139727 0.001246 2.98157e-05 1.78149e-06 0.0650136 0.026172 0.0149356 0.020702 7.98328e-05 1.40368e-06 0.100149 0.00677357 0.000513759 8.0159e-05 0.00268402 0.00494619 8.65256e-05 0.00913979 1.22922e-05 0.0169364 0.00615763 
0.613509 0.00181002 0.235776 0.000999122 1.76161e-06 0.000100079 6.47606e-06 7.65826e-06 4.49233e-05 5.15335e-06 0.0720762 0.00266236 0.00334101 0.000265879 6.77252e-06 2.56764e-08 0.0282156 3.50696e-05 2.87153e-08 3.06554e-05 2.47093e-05 0.000627059 1.1109e-05 0.000163304 0.000158376 1.45501e-05 0.0401068 
0.736473 6.50642e-07 0.00113149 1.26116e-06 0.00200505 3.34919e-11 2.63176e-07 0.00263908 3.13141e-08 1.2046e-07 0.0121763 0.0475279 0.166913 9.89867e-05 6.42851e-08 9.93089e-11 0.0029403 1.53698e-07 2.52614e-07 2.83592e-07 0.00029598 0.0199038 1.03858e-07 0.000582822 5.03302e-08 3.87929e-08 0.00730907 
0.304662 0.0244392 0.00306237 1.32181e-06 0.143148 5.97298e-11 3.56111e-08 0.0390168 4.53315e-07 1.41645e-10 0.0583404 0.125401 0.0024563 0.0158554 2.38737e-10 1.77108e-10 0.104887 0.000204749 6.24844e-07 7.37118e-07 0.0159617 0.0054371 1.37495e-08 0.149411 4.27243e-08 6.01483e-09 0.00771469 
0.232487 0.105739 0.0127755 0.0349861 0.0639125 0.0302641 0.00347042 0.0255128 0.000707561 1.00474e-06 0.0672596 0.0728505 0.0685445 0.0244014 5.30967e-05 0.00173071 0.0247822 2.24788e-06 0.00494918 0.000929038 0.00632347 0.174639 3.83522e-05 0.0196449 0.000483813 0.0123848 0.0111278 
0.706024 0.0312568 0.0311541 0.00109003 0.062924 0.0718789 0.00209966 0.000254095 2.63461e-05 1.86042e-06 0.00777788 0.00541013 0.00962315 0.0159769 1.19848e-06 8.15179e-09 0.011292 2.63106e-06 4.41035e-05 0.000829015 0.000141393 1.18706e-05 6.02918e-06 0.0183912 0.000224049 8.36121e-07 0.023558 
0.128473 0.00751132 0.104875 0.0079787 0.0654292 0.0103213 0.00842654 0.0730646 0.00610517 6.0182e-05 0.0750654 0.0412569 0.0447413 0.0935023 5.47192e-05 5.7712e-09 0.102904 0.000144581 0.00323685 0.0041148 0.00338094 0.051486 0.000978127 0.0388404 7.39501e-05 0.0106837 0.117292 
0.231131 0.0168639 0.0373043 0.00134462 0.100473 0.0346084 0.00106288 0.00134185 6.05455e-07 4.09611e-05 0.118089 0.0278628 0.0893541 0.100842 9.29913e-05 3.20761e-05 0.0289176 0.00537298 0.000277115 0.000676676 0.0556412 0.00440999 6.79098e-05 0.0323219 3.16953e-05 0.00151432 0.110325 
0.685189 0.000648945 0.0460153 1.66002e-10 0.0203213 0.00015526 0.0620089 2.15496e-05 0.000112152 7.80463e-06 0.019841 0.0301792 0.0110918 0.00536866 6.70827e-10 4.97657e-10 0.0178969 4.76326e-10 5.68882e-07 4.05065e-07 2.01469e-05 0.00535404 1.09142e-06 0.0225898 0.000303565 8.91926e-05 0.0727838 
0.929522 6.47299e-05 0.060212 1.74778e-10 0.000557193 7.02615e-07 0.00150343 2.57607e-10 2.2499e-08 1.67741e-07 0.00171802 2.44627e-07 0.000885609 0.000998567 7.06292e-10 5.23967e-10 0.000243349 5.01509e-10 5.85981e-10 4.38624e-10 1.10587e-10 1.71325e-07 5.17076e-10 0.00342206 2.56633e-05 6.27841e-08 0.000846266 
0.613509 0.00181002 0.235776 0.000999122 1.76161e-06 0.000100079 6.47606e-06 7.65826e-06 4.49233e-05 5.15335e-06 0.0720762 0.00266236 0.00334101 0.000265879 6.77252e-06 2.56764e-08 0.0282156 3.50696e-05 2.87153e-08 3.06554e-05 2.47093e-05 0.000627059 1.1109e-05 0.000163304 0.000158376 1.45501e-05 0.0401068 
0.646152 0.0118937 0.0141316 3.7908e-05 0.0494323 0.00129356 0.00139727 0.001246 2.98157e-05 1.78149e-06 0.0650136 0.026172 0.0149356 0.020702 7.98328e-05 1.40368e-06 0.100149 0.00677357 0.000513759 8.0159e-05 0.00268402 0.00494619 8.65256e-05 0.00913979 1.22922e-05 0.0169364 0.00615763 
0.929522 6.47299e-05 0.060212 1.74778e-10 0.000557193 7.02615e-07 0.00150343 2.57607e-10 2.2499e-08 1.67741e-07 0.00171802 2.44627e-07 0.000885609 0.000998567 7.06292e-10 5.23967e-10 0.000243349 5.01509e-10 5.85981e-10 4.38624e-10 1.10587e-10 1.71325e-07 5.17076e-10 0.00342206 2.56633e-05 6.27841e-08 0.000846266 
0.804456 0.00220644 0.000756323 1.45598e-10 0.00451753 0.000909704 9.20882e-11 0.0531401 4.28414e-07 3.49088e-10 0.00715289 0.00228754 0.00286923 0.00202959 1.69377e-08 4.36489e-10 0.118777 4.1778e-10 4.8815e-10 7.61864e-07 5.26489e-08 2.65539e-08 2.71747e-06 0.000110196 5.83198e-06 0.000560499 0.000216982 
0.383591 0.0162049 0.000364448 1.0256e-06 0.00510963 0.000525496 0.000511169 0.33826 2.61421e-06 4.77928e-09 0.000303345 0.0214218 0.000451264 0.014512 8.05529e-09 0.000181362 0.00970807 0.0054122 6.19817e-07 4.63323e-05 0.00256076 0.00520817 8.1605e-08 0.195342 1.88038e-07 0.000108445 0.000172289 
0.42417 0.00440253 0.00110402 0.00968553 0.0243702 0.0038666 0.00301176 0.002153 0.00041303 1.32607e-05 0.306574 0.0338468 0.0402657 0.0217083 3.6273e-05 1.86254e-05 0.0463142 0.000143291 0.00182912 5.22533e-05 0.00147195 0.00362363 4.84902e-05 0.0077906 1.0587e-05 0.0235431 0.0395333 
0.300137 0.00691824 0.0497207 1.00371e-07 0.0669934 0.00900106 0.0404427 0.00399683 2.74951e-08 8.97942e-08 0.0251566 0.0940173 0.11418 0.0331141 6.12353e-05 1.34989e-11 0.0604558 0.0004967 1.64117e-07 0.00968135 0.0259875 0.00160997 0.000962439 0.00738207 0.110773 0.00117642 0.0377346 
0.28993 0.0249867 0.00277336 0.000142909 0.0187803 0.00376906 9.512e-05 0.00454565 2.14405e-05 1.5587e-05 0.194243 0.172019 0.042848 0.00644586 5.09868e-05 3.52918e-09 0.0936884 0.000138108 0.000668832 0.000316647 0.000226023 0.0186385 6.98613e-08 0.0388828 0.007451 0.0629302 0.016392 
0.5143 0.00515561 0.00920702 0.00285358 0.0635057 0.20716 0.00216414 0.04202 0.000825445 4.74888e-06 0.0537829 0.0124239 0.0296349 0.0046848 3.15239e-06 0.00803857 0.0058985 0.000218852 0.00216442 0.000532849 0.00121771 0.0203994 0.000588407 0.00429121 2.34077e-05 0.000323522 0.0085773 
0.780169 0.00605146 5.2416e-07 0.0059271 0.0241953 3.03277e-05 0.000570586 0.0520949 1.81446e-05 2.63505e-08 0.0344993 0.00957335 3.60442e-05 0.00882413 9.41461e-06 1.98906e-06 0.0437973 1.53735e-06 0.000168516 2.75814e-08 0.000221192 0.0100755 1.04108e-05 0.0149747 6.01512e-09 5.83035e-06 0.00874355 
0.214406 0.0312028 0.00134931 0.0058087 0.00323025 0.0060199 0.00175498 0.000144951 2.38771e-10 3.92861e-06 0.205597 0.213377 0.00585622 0.0161052 5.47053e-10 0.00687559 0.186148 3.99053e-07 4.53867e-10 3.39733e-10 0.000137905 0.0782919 4.00497e-10 0.0091338 4.54605e-05 0.000257141 0.0142529 
0.232401 0.00361437 0.0135858 0.000601663 0.140674 0.00903623 0.00220071 0.00662573 0.00111974 2.87191e-05 0.0646513 0.0888503 0.158371 0.0145171 1.18997e-05 9.5934e-09 0.12238 0.00421219 0.00150785 2.85643e-05 0.0185435 0.0163392 0.000307468 0.00380415 0.0193649 0.0056142 0.0716083 
0.370792 0.0144738 0.000265988 0.113878 0.0520197 0.00184754 4.72671e-07 0.30358 0.000851365 6.51826e-05 0.00924633 0.029089 0.0240504 0.00991754 3.19034e-05 1.77437e-05 0.00334221 2.79989e-07 2.83801e-05 1.86525e-05 0.000951776 0.0558307 2.40471e-05 0.00417038 9.10669e-08 4.7768e-05 0.00545903 
0.811897 3.08389e-11 3.19045e-07 6.52176e-11 0.00429636 2.73353e-07 4.1249e-11 0.0051583 1.15031e-10 1.56367e-10 0.0238408 0.0014184 0.00064991 0.000284369 2.6355e-10 1.95516e-10 0.152027 1.87136e-10 2.18656e-10 1.63671e-10 8.23533e-08 4.14949e-08 1.92945e-10 0.000366718 5.22498e-08 1.45519e-06 5.88263e-05 
0.386619 0.000109237 2.8938e-05 1.9142e-05 0.0654387 4.87061e-06 0.00125502 0.00972565 5.69779e-06 2.55129e-06 0.00211669 0.0617159 9.33761e-06 0.225129 4.57512e-05 9.73445e-07 0.211641 9.87115e-07 1.0853e-05 2.32238e-08 0.00328182 0.000183972 2.6461e-06 0.00171725 5.82393e-07 0.00152101 0.0294139 
0.389475 0.0101011 0.000965836 0.00438219 0.0976957 0.00181877 0.00263945 0.015186 4.18911e-05 2.85376e-06 0.0946348 0.166612 0.0177154 0.0184614 2.46425e-05 2.63646e-05 0.115619 7.46724e-05 0.00103588 0.000145525 0.00232052 0.0228327 3.49901e-06 0.00967072 9.29997e-06 0.015002 0.0135026 
0.2003 0.0586476 0.0214348 0.00217249 0.0649821 0.166557 0.00331646 0.0354938 0.000396879 7.84325e-06 0.045729 0.076241 0.0712404 0.0419974 7.54838e-05 1.12966e-07 0.03928 0.000203835 0.000169225 0.000497135 0.00344983 0.0179397 0.000390624 0.0626247 0.0699368 0.00246649 0.0144493 
