3.4013e-06 0.0160722 0.209401 0.000237346 0.0391652 0.000320338 0.0458346 0.000145067 0.00153462 0.00020102 0.0690287 0.0104625 0.354241 0.00573232 0.00147962 0.000138768 0.0456859 0.00233461 0.000119044 0.000352627 0.00468905 0.00252166 5.75828e-05 0.00717888 0.00720508 0.00645424 0.169404 
6.51842e-10 0.0150601 0.00300266 0.0018804 0.0200111 0.00240931 0.0608619 0.00331322 0.000280297 1.08344e-05 0.423899 0.205298 0.0226362 0.00361935 1.5066e-05 1.25584e-09 0.132579 0.000301939 6.05459e-05 1.80816e-05 0.00179821 0.00718882 1.48433e-05 0.00737338 7.13644e-05 0.00618389 0.0821123 
6.29417e-08 0.910084 0.0199235 0.000287233 0.00482193 0.00140278 0.00456157 0.000667791 0.000706387 0.00114449 0.0110944 0.00353409 0.00349486 0.00217446 0.00174918 1.21263e-07 0.00418722 6.97555e-05 0.000339175 0.00185778 0.00129762 0.00351122 0.000718133 0.00185421 0.000411796 0.000699464 0.0194067 
1.97369e-12 0.0159184 0.0535508 0.00660414 0.0582934 0.00212934 0.0023206 0.00684332 2.35104e-07 6.48709e-06 0.163202 0.0129977 0.0522158 0.00748575 7.42307e-05 3.80252e-12 0.514369 2.18202e-05 5.05102e-05 0.00191378 0.00124288 0.026524 0.0106864 0.0438869 0.000137202 0.000472407 0.0190531 
7.46892e-08 0.000794065 0.000359442 0.00180495 0.0178703 0.000383204 0.716649 2.64538e-05 0.00137776 3.2312e-05 8.29714e-05 0.0284844 0.0473835 0.00141314 4.03486e-05 2.84281e-07 0.0776173 0.000102356 0.000498565 5.05704e-06 0.000799935 0.0460301 1.97455e-05 0.000639196 0.000106087 0.00753029 0.0499493 
1.40722e-09 0.000774131 0.381139 0.00113205 0.0269204 0.0127788 0.00450848 0.038029 0.00385587 0.00557936 0.145839 0.000176154 0.0718794 0.200031 1.59308e-05 2.71115e-09 0.0284884 7.90498e-05 3.04733e-06 0.00210241 0.00184499 0.00601691 0.000294951 0.0349993 7.17633e-07 0.010651 0.0228595 
1.47856e-07 0.0305398 0.760532 0.000227954 0.0919893 0.0140217 0.0021899 0.000138987 0.00237942 3.87298e-05 0.0291379 5.52594e-07 0.0249963 0.0153519 2.66758e-06 3.93101e-07 0.0137575 1.03565e-05 3.13832e-07 0.00112183 0.00133759 0.000244138 3.35387e-07 0.00915375 0.00114797 0.000949811 0.000728523 
1.44502e-11 0.00307404 0.027237 4.67186e-08 9.99266e-09 1.36862e-06 0.000360844 2.32994e-08 1.13893e-05 0.00076542 2.93241e-05 1.24571e-05 0.00716292 1.16145e-08 0.944586 2.78397e-11 2.56692e-05 2.66464e-11 8.63374e-05 0.0026445 9.13289e-09 0.000225251 9.45234e-08 0.000230895 0.0112151 1.854e-07 0.0023308 
1.13705e-10 0.0204156 0.00625671 1.38493e-07 0.310982 0.0089374 0.00360527 0.000348573 0.000968196 1.75199e-10 0.131937 0.0100238 0.0115782 0.0211166 0.000476797 2.19064e-10 0.30494 0.0822548 2.44991e-10 0.0069208 0.00194476 1.6161e-07 0.00231962 0.0627981 1.16325e-07 4.96058e-08 0.0121757 
1.44502e-11 0.00307404 0.027237 4.67186e-08 9.99266e-09 1.36862e-06 0.000360844 2.32994e-08 1.13893e-05 0.00076542 2.93241e-05 1.24571e-05 0.00716292 1.16145e-08 0.944586 2.78397e-11 2.56692e-05 2.66464e-11 8.63374e-05 0.0026445 9.13289e-09 0.000225251 9.45234e-08 0.000230895 0.0112151 1.854e-07 0.0023308 
1.47856e-07 0.0305398 0.760532 0.000227954 0.0919893 0.0140217 0.0021899 0.000138987 0.00237942 3.87298e-05 0.0291379 5.52594e-07 0.0249963 0.0153519 2.66758e-06 3.93101e-07 0.0137575 1.03565e-05 3.13832e-07 0.00112183 0.00133759 0.000244138 3.35387e-07 0.00915375 0.00114797 0.000949811 0.000728523 
1.13705e-10 0.0204156 0.00625671 1.38493e-07 0.310982 0.0089374 0.00360527 0.000348573 0.000968196 1.75199e-10 0.131937 0.0100238 0.0115782 0.0211166 0.000476797 2.19064e-10 0.30494 0.0822548 2.44991e-10 0.0069208 0.00194476 1.6161e-07 0.00231962 0.0627981 1.16325e-07 4.96058e-08 0.0121757 
7.62791e-10 6.25885e-06 0.00290291 3.43196e-06 2.83335e-05 4.7089e-06 0.000292003 1.21391e-05 1.28839e-05 5.88839e-07 2.02189e-05 0.863984 4.2136e-05 0.0696486 1.98097e-09 1.46959e-09 5.2829e-05 1.88499e-05 3.30349e-07 1.23023e-09 0.000650703 6.85094e-06 8.41302e-06 0.0617177 3.28398e-05 0.000278777 0.000274484 
3.27926e-08 0.0207001 0.0818911 0.000116439 0.0214209 0.000570702 0.000767829 0.00213768 0.000138016 1.34983e-05 0.245976 0.0200658 0.0728126 0.005238 0.000467289 0.165085 0.0331706 0.000487838 0.000616497 0.000350534 1.12202e-05 0.00165647 0.000138051 0.324641 3.85588e-05 0.000166445 0.00132166 
2.76404e-10 0.00891409 0.201123 0.00145604 0.014302 0.0284051 0.000116592 0.0659882 2.79283e-07 9.64161e-06 0.0897535 0.00944401 0.425319 0.000433362 1.35979e-05 5.3252e-10 0.00734066 7.23731e-08 0.000863788 4.45784e-10 0.0291599 0.00187815 0.000892496 0.0567249 2.57493e-05 5.38523e-08 0.0578358 
7.17585e-12 0.00379461 0.00618044 8.00757e-06 0.00625976 0.00154773 0.0236273 0.000490779 0.00175394 3.33113e-07 0.0505347 0.103635 0.00388154 0.000387189 8.76212e-07 1.3825e-11 0.0926246 2.46035e-05 6.01698e-05 1.15732e-11 0.00420726 0.000257169 3.50782e-05 0.00127157 1.12083e-06 0.0108982 0.688518 
1.69329e-08 0.11293 0.071914 0.00103617 0.0355464 0.0463155 0.412833 0.000782399 0.00258314 4.99281e-08 0.0397937 0.0177162 0.102943 0.028266 0.00171285 7.95324e-08 0.00500404 0.000224625 0.000541196 0.00104149 0.00747191 0.0804163 0.000125156 0.0165461 0.00843569 0.000251384 0.00556931 
1.44502e-11 0.00307404 0.027237 4.67186e-08 9.99266e-09 1.36862e-06 0.000360844 2.32994e-08 1.13893e-05 0.00076542 2.93241e-05 1.24571e-05 0.00716292 1.16145e-08 0.944586 2.78397e-11 2.56692e-05 2.66464e-11 8.63374e-05 0.0026445 9.13289e-09 0.000225251 9.45234e-08 0.000230895 0.0112151 1.854e-07 0.0023308 
6.44401e-10 1.91713e-05 0.134575 9.35967e-06 0.777224 3.30355e-05 5.45334e-05 6.7148e-06 7.31163e-07 9.92909e-10 1.61741e-05 0.0527997 1.82362e-05 1.35491e-06 6.86306e-06 1.2415e-09 0.00272833 1.18829e-09 1.38844e-09 1.03929e-09 9.95971e-07 7.31682e-06 1.73987e-05 1.70073e-05 2.04012e-06 3.95622e-07 0.0324614 
1.44502e-11 0.00307404 0.027237 4.67186e-08 9.99266e-09 1.36862e-06 0.000360844 2.32994e-08 1.13893e-05 0.00076542 2.93241e-05 1.24571e-05 0.00716292 1.16145e-08 0.944586 2.78397e-11 2.56692e-05 2.66464e-11 8.63374e-05 0.0026445 9.13289e-09 0.000225251 9.45234e-08 0.000230895 0.0112151 1.854e-07 0.0023308 
1.44502e-11 0.00307404 0.027237 4.67186e-08 9.99266e-09 1.36862e-06 0.000360844 2.32994e-08 1.13893e-05 0.00076542 2.93241e-05 1.24571e-05 0.00716292 1.16145e-08 0.944586 2.78397e-11 2.56692e-05 2.66464e-11 8.63374e-05 0.0026445 9.13289e-09 0.000225251 9.45234e-08 0.000230895 0.0112151 1.854e-07 0.0023308 
0.000109217 0.0373903 0.20891 0.00475481 0.177992 0.000452436 0.0176852 0.0393452 0.00191841 0.00068443 0.125916 0.0293986 0.039748 0.0203963 0.000135897 0.0123694 0.0226977 0.000136648 0.000496246 0.158922 0.00953719 0.00677464 0.000399401 0.0634389 0.000554833 0.0101422 0.00969391 
1.02738e-10 4.59256e-06 0.0646182 0.110879 0.0784962 0.0896183 0.0121034 0.0785658 1.16454e-10 1.45653e-06 0.110172 0.130824 0.136963 0.0339761 1.33432e-06 1.97935e-10 0.0630123 1.11795e-06 2.21362e-10 4.97255e-07 4.42864e-07 3.78868e-07 0.000142514 0.0659576 0.000733898 0.00194603 0.0219823 
2.0378e-11 2.84919e-08 0.00987382 4.20393e-07 0.0360291 2.37018e-07 0.0383696 9.45998e-08 0.00566555 9.73684e-08 1.57601e-08 1.986e-06 1.53212e-06 0.00826432 4.28718e-07 1.96694e-08 0.0132338 4.81028e-07 4.39069e-11 0.000933749 0.881772 6.59905e-07 3.56483e-07 0.00444241 4.80232e-07 0.0014073 1.27362e-06 
9.75266e-09 0.0243906 0.457922 4.34687e-05 0.0608 0.0196806 1.69328e-06 0.0216845 1.10547e-08 1.50271e-08 0.0595949 0.00676501 0.100932 0.0104227 2.89523e-05 1.87895e-08 0.0330022 4.84619e-05 2.10133e-08 1.57291e-08 0.00210485 0.00144524 0.0484327 0.134413 7.14492e-06 2.95076e-06 0.0182767 
4.34078e-06 0.000107915 7.65416e-05 2.74625e-05 2.42363e-05 0.000338264 2.61898e-05 0.000221174 4.92031e-06 4.04917e-05 0.000158305 6.50093e-05 0.000300654 1.78133e-05 4.22373e-05 8.36294e-06 4.38876e-05 3.39485e-05 9.35275e-06 1.85386e-05 1.20433e-05 1.03777e-05 0.998125 0.000230335 4.46238e-06 5.65548e-06 4.23415e-05 
8.09219e-08 0.0497938 0.00150167 0.000355017 0.00907436 0.00114831 0.875009 2.04317e-05 0.000102727 4.37883e-06 0.000164066 0.012592 0.00969652 7.00626e-05 4.17472e-06 4.87236e-06 0.00460666 0.00176685 0.000277241 9.09543e-06 0.00174678 0.000172579 0.000799346 0.00554078 0.00162044 0.000131596 0.0237876 
1.40459e-11 0.0336507 0.0260291 0.00202685 0.42072 5.25683e-07 0.00495474 7.58485e-08 1.59212e-11 2.16423e-11 0.170854 3.39942e-08 0.0324422 0.00888718 3.64773e-11 5.14427e-08 0.00638377 6.57911e-07 0.0088987 1.2235e-07 0.0176082 1.62048e-07 2.0483e-06 0.00292163 0.000542359 0.208876 0.0551998 
2.61061e-09 0.00270165 0.809676 0.000112992 0.0416206 0.0381844 0.00968469 6.76137e-05 0.000130232 1.9989e-05 0.0398812 0.0193161 0.0145082 0.0014359 2.2289e-05 5.0296e-09 0.00920768 4.81402e-09 0.000301102 0.00235038 8.07538e-05 0.00029498 1.49022e-06 0.00691606 0.000777159 0.000199058 0.00251001 
1.63115e-08 1.57482e-05 0.111126 1.55249e-07 0.175175 0.0177824 3.16942e-06 0.0100772 1.84892e-08 2.51331e-08 0.106953 0.0397774 0.324369 0.00290725 0.000493872 3.14256e-08 0.0194984 3.00787e-08 0.157008 0.000176365 0.00576902 1.70133e-05 0.00164027 0.00789612 3.83953e-05 5.52408e-06 0.0192707 
3.51027e-09 0.0694631 0.236088 0.0152984 0.106041 0.000474795 0.018911 0.00636064 6.92394e-06 5.40871e-09 0.415627 1.45956e-05 0.0120096 5.50052e-06 3.56359e-06 6.76288e-09 0.0105785 6.47301e-09 6.34566e-05 0.00221622 0.000352454 0.0525047 1.06474e-05 0.0130053 0.000568224 0.0126909 0.0277063 
2.1732e-12 0.0467676 0.00209524 0.00341402 0.0908429 0.00374952 0.0013705 0.0261839 4.16328e-08 1.74126e-07 0.355688 0.0847307 0.25645 0.0108573 2.59671e-08 4.18688e-12 0.0117842 0.000256547 1.45202e-08 3.50493e-12 0.00487458 0.0236405 1.93373e-07 0.0665909 8.43704e-06 0.00267978 0.00801504 
7.84074e-11 0.0836277 0.13275 0.00179987 0.0556425 0.029356 0.00235023 0.00333053 8.88755e-11 4.28151e-07 0.279174 7.83817e-07 0.348787 0.00813535 2.03624e-10 1.5106e-10 3.57908e-07 1.44585e-10 0.000591049 0.00614966 0.014651 8.12821e-07 0.00128209 6.36838e-07 6.46721e-05 3.40681e-07 0.0323054 
8.41624e-06 0.0216718 0.160581 0.445828 0.00442045 0.000103992 0.0376144 0.000812728 2.67239e-05 1.66493e-05 0.0495099 0.00208084 0.0179685 0.000466541 5.20481e-05 0.000111819 0.0074432 2.31256e-05 0.00112603 0.00064567 0.00128631 0.106302 8.42479e-06 0.00379193 3.10724e-05 7.31172e-05 0.137995 
7.22662e-09 0.0122502 0.798023 0.012133 0.0310066 1.84749e-05 0.00893452 0.00121475 4.16583e-07 1.1135e-08 0.00827338 0.00711585 0.0185132 7.59949e-07 3.85503e-06 1.39228e-08 0.0878625 1.3326e-08 0.00026127 1.63106e-05 0.00234051 0.00308994 9.74084e-06 0.000936502 4.80326e-05 2.22701e-07 0.00794658 
4.33424e-09 0.000114122 0.983791 1.69719e-07 0.00952875 9.59434e-05 0.00109542 0.000145231 3.22444e-05 5.41157e-06 0.000944364 2.05504e-06 0.000676044 0.00020823 4.0332e-05 8.35035e-09 0.00165216 4.84711e-08 2.08191e-06 0.000523028 0.00057199 2.0425e-06 8.74237e-05 0.00030268 0.000167097 4.07513e-07 1.12816e-05 
3.96654e-07 0.00122756 0.733064 0.00124532 0.210397 0.000572423 0.00396466 0.00186088 0.0009013 9.85981e-06 0.0144127 3.66702e-06 0.00212604 0.00224174 0.000197119 2.82121e-05 0.00246106 4.55326e-05 8.5464e-07 0.000374953 6.89749e-05 0.000223256 0.0092182 5.47962e-05 0.000320583 5.97529e-05 0.014919 
4.41563e-11 0.00840247 0.14412 0.00232995 0.559758 0.00622265 0.00771255 2.56987e-05 0.000378909 6.80371e-11 0.0721475 2.82883e-06 0.0169574 0.00138044 2.93164e-07 8.50715e-11 0.00873125 5.79092e-07 9.51402e-11 4.72153e-07 0.00722857 0.00847769 2.18281e-06 0.0175857 9.45185e-08 0.12763 0.0109047 
1.44502e-11 0.00307404 0.027237 4.67186e-08 9.99266e-09 1.36862e-06 0.000360844 2.32994e-08 1.13893e-05 0.00076542 2.93241e-05 1.24571e-05 0.00716292 1.16145e-08 0.944586 2.78397e-11 2.56692e-05 2.66464e-11 8.63374e-05 0.0026445 9.13289e-09 0.000225251 9.45234e-08 0.000230895 0.0112151 1.854e-07 0.0023308 
5.12835e-08 0.00278583 0.000226707 2.64776e-06 0.000555398 0.000513981 7.6344e-05 7.72154e-06 9.2851e-05 7.70551e-06 3.62571e-05 0.000175521 3.59493e-07 9.12582e-05 5.22501e-06 9.88028e-08 0.000352094 6.01164e-07 9.97518e-06 8.271e-08 0.0153022 0.000712554 9.75034e-08 0.97496 0.00397045 3.73539e-07 0.000113562 
7.37985e-06 0.0556338 0.246829 0.00189835 0.0365077 0.00143102 0.112739 0.00891208 0.00156544 0.00208117 0.115392 0.109005 0.12879 0.00148332 0.00379656 0.00217393 0.040328 0.0348215 3.96001e-05 0.00630685 0.000813876 0.0295768 0.000899541 0.0326203 0.000167283 5.40192e-05 0.0261265 
1.73551e-10 0.118281 0.283525 0.218769 0.050943 4.92352e-05 0.00290004 0.00579044 1.27852e-07 0.129441 0.00720608 0.00905956 0.0689585 0.00525092 8.88625e-07 0.00214655 0.0396876 3.53029e-05 3.39822e-06 0.00498637 0.00256346 0.00303032 3.29965e-10 0.018123 0.000700878 7.51168e-05 0.0284738 
9.06243e-08 0.00224444 0.0209373 0.00474394 0.000231724 9.19014e-05 0.000552172 0.899651 2.43772e-05 7.18985e-06 0.0250509 0.000791791 0.0131166 0.000274941 3.64591e-05 1.74597e-07 0.00258469 8.19667e-05 4.00641e-05 1.20105e-05 6.74082e-05 0.00309411 8.89834e-05 0.00564827 9.5532e-06 0.00636378 0.0142539 
4.33424e-09 0.000114122 0.983791 1.69719e-07 0.00952875 9.59434e-05 0.00109542 0.000145231 3.22444e-05 5.41157e-06 0.000944364 2.05504e-06 0.000676044 0.00020823 4.0332e-05 8.35035e-09 0.00165216 4.84711e-08 2.08191e-06 0.000523028 0.00057199 2.0425e-06 8.74237e-05 0.00030268 0.000167097 4.07513e-07 1.12816e-05 
7.56251e-07 0.0368723 0.126155 0.112718 0.0210708 0.0698451 0.000242126 0.326058 0.000187578 4.29298e-05 0.0174207 0.0240202 0.0413524 0.0261409 0.00636839 1.45699e-06 0.162883 0.000268187 0.0101309 1.21968e-06 0.00082057 0.000679628 3.63863e-05 0.0112659 1.85495e-06 0.000450489 0.00496605 
2.0413e-09 0.0209564 0.0207816 1.70159e-06 0.0211589 0.024507 1.68405e-06 1.49603e-05 4.35859e-06 0.00839057 0.213858 4.42424e-06 0.0165807 0.00424798 0.00190295 3.93277e-09 0.314191 1.79163e-06 4.39824e-09 7.98392e-07 0.00193172 6.06688e-07 0.257944 0.0510045 2.24451e-05 3.24616e-07 0.0424918 
1.44502e-11 0.00307404 0.027237 4.67186e-08 9.99266e-09 1.36862e-06 0.000360844 2.32994e-08 1.13893e-05 0.00076542 2.93241e-05 1.24571e-05 0.00716292 1.16145e-08 0.944586 2.78397e-11 2.56692e-05 2.66464e-11 8.63374e-05 0.0026445 9.13289e-09 0.000225251 9.45234e-08 0.000230895 0.0112151 1.854e-07 0.0023308 
3.18926e-10 0.00271475 0.0215062 0.000264154 0.0151737 0.0414125 0.00139888 0.00546592 3.61505e-10 4.78015e-06 0.481107 0.0012024 0.170006 0.019891 0.000136391 6.14442e-10 0.00160649 1.5142e-07 6.34952e-08 1.56176e-06 0.000121294 0.00729208 0.0132583 0.0367903 9.12646e-06 0.00087194 0.179765 
1.01824e-09 0.0111498 0.310687 5.7214e-07 0.0681705 1.28218e-06 0.515852 0.00367649 0.00047999 1.48103e-05 0.00138341 4.75717e-07 0.0126265 0.00340259 0.00331409 1.96173e-09 0.0511434 5.03452e-05 0.000464514 0.00135328 0.0102204 0.000663222 3.35852e-06 0.00119956 0.00266687 0.00108387 0.000391961 
6.15168e-08 0.0291896 0.0191448 0.232077 0.059776 0.000709643 0.0164946 0.0012076 6.97298e-08 0.000257148 0.0159598 0.00107831 0.044256 0.00101078 2.40741e-06 9.19929e-05 0.00433721 9.93223e-06 0.11349 0.00829042 0.00366529 0.0531006 1.1696e-07 0.108639 0.000101677 0.00134632 0.285764 
1.5469e-06 0.0425948 0.35561 0.000154027 0.167752 0.000353633 0.00142535 2.93499e-05 0.0581618 2.43263e-05 6.67422e-05 0.0196557 0.0882894 1.47433e-05 0.000312044 2.98026e-06 0.00944627 2.85252e-06 3.53511e-05 0.000596377 0.000407976 0.0502906 2.94106e-06 0.195835 0.000129074 1.5602e-05 0.00878938 
4.20619e-07 0.000670905 0.00101015 0.138218 0.000382111 0.00053395 0.000787069 0.604515 4.76775e-07 0.000259083 0.00129198 0.000228724 0.0679509 0.00010671 0.00013467 8.10364e-07 0.000851645 7.75631e-07 9.06276e-07 6.78374e-07 0.000148394 0.0758397 7.99707e-07 0.103833 1.90259e-05 4.46975e-05 0.00316899 
1.44502e-11 0.00307404 0.027237 4.67186e-08 9.99266e-09 1.36862e-06 0.000360844 2.32994e-08 1.13893e-05 0.00076542 2.93241e-05 1.24571e-05 0.00716292 1.16145e-08 0.944586 2.78397e-11 2.56692e-05 2.66464e-11 8.63374e-05 0.0026445 9.13289e-09 0.000225251 9.45234e-08 0.000230895 0.0112151 1.854e-07 0.0023308 
1.44502e-11 0.00307404 0.027237 4.67186e-08 9.99266e-09 1.36862e-06 0.000360844 2.32994e-08 1.13893e-05 0.00076542 2.93241e-05 1.24571e-05 0.00716292 1.16145e-08 0.944586 2.78397e-11 2.56692e-05 2.66464e-11 8.63374e-05 0.0026445 9.13289e-09 0.000225251 9.45234e-08 0.000230895 0.0112151 1.854e-07 0.0023308 
4.19339e-10 0.0111754 0.54701 0.000408529 0.057532 0.023939 0.000694848 0.000371206 7.28658e-07 0.101568 0.0589774 0.00212095 0.0832781 0.00167924 5.88653e-05 8.07899e-10 0.00897298 2.08946e-06 7.45621e-05 0.00286394 0.00851274 0.011966 6.27429e-07 0.00216214 7.4947e-05 0.00574514 0.0708109 
1.44502e-11 0.00307404 0.027237 4.67186e-08 9.99266e-09 1.36862e-06 0.000360844 2.32994e-08 1.13893e-05 0.00076542 2.93241e-05 1.24571e-05 0.00716292 1.16145e-08 0.944586 2.78397e-11 2.56692e-05 2.66464e-11 8.63374e-05 0.0026445 9.13289e-09 0.000225251 9.45234e-08 0.000230895 0.0112151 1.854e-07 0.0023308 
1.98029e-08 0.0529191 0.608035 0.000975513 0.0277672 0.000909842 0.0197813 0.000568097 0.000146872 0.000493387 0.0343879 0.000288593 0.0248064 7.93958e-05 0.00213951 3.81523e-08 0.00271262 8.17072e-05 0.000130993 0.00131855 0.132342 7.75352e-05 0.0418387 0.00312766 0.000790775 0.000977467 0.0433036 
1.25966e-11 0.000590994 0.00771011 0.000193251 0.00890812 0.00101603 0.000452863 1.54176e-07 3.65899e-08 6.78327e-06 0.560146 7.10593e-05 0.349334 0.00106582 2.75156e-05 2.42686e-11 0.00209848 1.19027e-07 6.03836e-08 1.36154e-05 0.000560548 0.00136592 1.2879e-07 0.0129014 1.42224e-08 0.00193047 0.0516068 
2.91594e-11 0.00229712 0.0111342 1.31194e-07 0.01354 1.80008e-07 0.118333 0.00227428 0.00334959 2.25097e-08 0.0395739 0.126436 0.0278675 0.00217861 7.5727e-11 5.61785e-11 0.122384 0.000793359 2.57657e-07 2.02269e-07 2.48746e-05 2.61893e-07 3.21607e-07 1.68401e-06 0.00175878 0.0159959 0.512056 
1.44502e-11 0.00307404 0.027237 4.67186e-08 9.99266e-09 1.36862e-06 0.000360844 2.32994e-08 1.13893e-05 0.00076542 2.93241e-05 1.24571e-05 0.00716292 1.16145e-08 0.944586 2.78397e-11 2.56692e-05 2.66464e-11 8.63374e-05 0.0026445 9.13289e-09 0.000225251 9.45234e-08 0.000230895 0.0112151 1.854e-07 0.0023308 
2.84301e-08 0.00874666 0.856044 0.00133106 0.0140493 0.00561013 0.0192723 0.000493255 0.00732695 0.0190563 0.00299688 0.000741295 0.0308961 0.000516354 1.36053e-06 1.73971e-06 0.0074129 5.25399e-05 0.000112875 9.49944e-05 0.00290747 0.00139766 5.20712e-05 0.000494566 0.000160071 0.000573824 0.0196576 
2.76404e-10 0.00891409 0.201123 0.00145604 0.014302 0.0284051 0.000116592 0.0659882 2.79283e-07 9.64161e-06 0.0897535 0.00944401 0.425319 0.000433362 1.35979e-05 5.3252e-10 0.00734066 7.23731e-08 0.000863788 4.45784e-10 0.0291599 0.00187815 0.000892496 0.0567249 2.57493e-05 5.38523e-08 0.0578358 
2.68015e-10 0.000229956 0.000108106 1.41048e-05 0.000911687 1.26791e-05 0.0290832 0.000100651 0.000212974 8.51633e-07 3.18118e-06 0.0351144 0.00998016 0.000212209 4.56761e-07 5.16358e-10 0.0235985 2.96605e-06 8.1216e-06 4.32255e-10 0.00726977 0.0162393 2.93086e-05 0.00638424 0.000113888 0.0292596 0.84111 
2.76404e-10 0.00891409 0.201123 0.00145604 0.014302 0.0284051 0.000116592 0.0659882 2.79283e-07 9.64161e-06 0.0897535 0.00944401 0.425319 0.000433362 1.35979e-05 5.3252e-10 0.00734066 7.23731e-08 0.000863788 4.45784e-10 0.0291599 0.00187815 0.000892496 0.0567249 2.57493e-05 5.38523e-08 0.0578358 
4.26211e-05 0.0116388 0.0673723 0.00497542 0.0386765 0.0209741 0.00118479 0.0211797 0.0108555 0.000236196 0.590021 0.0292412 0.0839022 0.00977002 5.00779e-05 0.000107856 0.0361254 0.00977666 0.00034084 0.00585979 0.00537942 0.00338132 0.0060238 0.0141288 0.000191186 0.00204295 0.026522 
1.69329e-08 0.11293 0.071914 0.00103617 0.0355464 0.0463155 0.412833 0.000782399 0.00258314 4.99281e-08 0.0397937 0.0177162 0.102943 0.028266 0.00171285 7.95324e-08 0.00500404 0.000224625 0.000541196 0.00104149 0.00747191 0.0804163 0.000125156 0.0165461 0.00843569 0.000251384 0.00556931 
2.73911e-06 0.248426 0.054175 0.00273145 0.0298031 0.00116836 0.0719468 0.000413462 0.000211741 1.01783e-05 0.0333083 0.00901381 0.248258 8.44364e-05 0.000307902 6.58715e-05 0.0424595 6.42099e-05 0.145995 0.0937734 0.000967902 0.00530492 0.000950953 0.00268652 1.23784e-05 9.07367e-06 0.00784811 
2.42193e-10 0.0197587 0.0657593 0.0197891 0.0435646 0.000305241 0.0109639 0.0463496 2.74528e-10 3.73177e-10 0.0279434 0.0144975 0.00862895 0.517432 7.35834e-05 4.66609e-10 0.195446 4.46609e-10 1.54563e-07 0.000436238 0.000842567 0.0150033 5.35448e-06 0.00777893 3.32634e-08 0.000566062 0.00485547 
1.29455e-10 0.0109063 0.696881 0.00930134 0.0350225 4.45883e-07 5.4729e-07 1.21407e-06 1.46739e-10 1.99668e-07 0.154305 2.35595e-07 0.0796036 0.00209536 3.36195e-10 8.98121e-07 2.42458e-07 8.35751e-07 2.78927e-10 0.00188088 0.00212839 0.000242322 9.86976e-08 6.87845e-07 5.92387e-08 2.8403e-08 0.00762813 
2.76404e-10 0.00891409 0.201123 0.00145604 0.014302 0.0284051 0.000116592 0.0659882 2.79283e-07 9.64161e-06 0.0897535 0.00944401 0.425319 0.000433362 1.35979e-05 5.3252e-10 0.00734066 7.23731e-08 0.000863788 4.45784e-10 0.0291599 0.00187815 0.000892496 0.0567249 2.57493e-05 5.38523e-08 0.0578358 
1.44502e-11 0.00307404 0.027237 4.67186e-08 9.99266e-09 1.36862e-06 0.000360844 2.32994e-08 1.13893e-05 0.00076542 2.93241e-05 1.24571e-05 0.00716292 1.16145e-08 0.944586 2.78397e-11 2.56692e-05 2.66464e-11 8.63374e-05 0.0026445 9.13289e-09 0.000225251 9.45234e-08 0.000230895 0.0112151 1.854e-07 0.0023308 
1.10329e-10 0.0158544 0.00829403 0.0179734 0.0081371 0.000484667 0.0015969 0.00463174 0.806359 2.59002e-08 0.0428188 0.0277936 0.014626 0.000282859 2.86524e-10 2.12559e-10 0.00748248 1.05597e-07 0.000225657 9.41905e-05 0.000562726 0.0142141 1.14745e-06 0.0202208 3.74629e-05 0.000507444 0.00780121 
2.15789e-09 0.0417331 0.0197876 0.0122418 0.000481118 0.00539114 3.4029e-06 0.000245833 1.14874e-05 8.56817e-07 0.0882346 0.00409584 0.00806536 0.00386453 1.31003e-06 4.15738e-09 0.00433404 5.59167e-08 1.93026e-05 8.49478e-05 9.34784e-05 0.770463 0.000368162 0.00103586 3.07862e-07 5.41283e-05 0.0393891 
2.91594e-11 0.00229712 0.0111342 1.31194e-07 0.01354 1.80008e-07 0.118333 0.00227428 0.00334959 2.25097e-08 0.0395739 0.126436 0.0278675 0.00217861 7.5727e-11 5.61785e-11 0.122384 0.000793359 2.57657e-07 2.02269e-07 2.48746e-05 2.61893e-07 3.21607e-07 1.68401e-06 0.00175878 0.0159959 0.512056 
1.47856e-07 0.0305398 0.760532 0.000227954 0.0919893 0.0140217 0.0021899 0.000138987 0.00237942 3.87298e-05 0.0291379 5.52594e-07 0.0249963 0.0153519 2.66758e-06 3.93101e-07 0.0137575 1.03565e-05 3.13832e-07 0.00112183 0.00133759 0.000244138 3.35387e-07 0.00915375 0.00114797 0.000949811 0.000728523 
1.29566e-09 0.0116835 0.106935 0.122995 0.0291917 0.0049429 0.00319543 0.00410585 1.98269e-06 0.127232 0.0128771 0.000242098 0.0647647 0.00848913 0.000111032 0.000155705 0.0044457 5.94298e-05 0.00134826 0.000184411 0.000748973 0.0195516 6.97742e-06 0.00772958 0.000271727 0.0358835 0.432847 
2.30456e-12 0.0227683 0.0561173 0.00340319 0.039295 0.00270993 0.00321125 0.00917408 3.52656e-07 1.10115e-08 0.208088 0.0175768 0.0569284 0.00724206 7.04266e-05 4.43997e-12 0.447293 2.10983e-05 5.42565e-05 0.00195617 7.83416e-08 0.0286331 0.0159816 0.0651639 0.000113503 3.54603e-08 0.0141991 
1.44502e-11 0.00307404 0.027237 4.67186e-08 9.99266e-09 1.36862e-06 0.000360844 2.32994e-08 1.13893e-05 0.00076542 2.93241e-05 1.24571e-05 0.00716292 1.16145e-08 0.944586 2.78397e-11 2.56692e-05 2.66464e-11 8.63374e-05 0.0026445 9.13289e-09 0.000225251 9.45234e-08 0.000230895 0.0112151 1.854e-07 0.0023308 
7.66581e-09 0.201351 0.0358769 0.000119923 0.122803 1.00437e-05 0.102899 1.27044e-05 1.11043e-05 1.18117e-08 2.34899e-06 2.27264e-05 0.025613 0.0102342 6.65657e-06 1.47689e-08 0.0180358 1.41359e-08 0.00196451 0.0460526 0.162008 0.253859 0.000107012 2.37871e-05 1.72419e-06 0.00272733 0.0162584 
6.7265e-11 0.000107571 0.00709427 0.00321599 0.00499383 0.937117 9.02061e-08 0.00527215 1.0709e-07 7.50632e-09 0.000665695 0.00267503 0.0309062 0.000819152 1.74687e-10 5.17238e-07 0.00546933 1.24038e-10 1.44931e-10 1.08485e-10 3.16638e-07 1.00879e-07 1.27888e-10 0.00144208 1.33831e-08 1.42308e-08 0.000220436 
8.22504e-08 1.71332e-05 0.123405 0.0112929 0.280982 0.0524058 0.000387565 7.3447e-06 5.33111e-07 2.19655e-06 0.0902318 0.113505 0.0559763 0.129113 0.000169837 1.58464e-07 0.00743903 1.51672e-07 0.109945 0.0209195 0.000222347 1.87558e-05 0.00395118 1.62152e-06 7.23494e-07 1.10416e-06 3.00584e-06 
5.7971e-11 1.64741e-06 0.00826168 0.00601493 0.105525 0.00187547 0.0001758 0.209848 2.40122e-07 8.93231e-11 0.0244936 0.112064 0.0402107 0.0395451 1.49854e-07 1.11687e-10 0.0710899 2.95893e-07 9.10618e-08 9.34956e-11 0.0683976 0.0360195 0.00352797 0.0442698 3.58368e-09 0.224736 0.00394272 
8.21687e-10 0.00340862 0.0848308 0.00277177 0.430223 7.07463e-07 0.00721842 0.0726921 6.56345e-07 1.26608e-09 0.113177 0.0168966 0.00816335 0.0132974 4.10862e-07 1.58306e-09 0.216859 8.09086e-07 1.77043e-09 1.32522e-09 1.33034e-06 0.00218755 0.00107004 0.0247591 1.073e-06 0.000314334 0.00212655 
2.16343e-08 0.00075662 0.732121 4.73433e-06 0.120435 0.00012334 0.00798851 8.10926e-05 2.45227e-08 1.598e-06 0.00202349 2.65584e-06 0.100025 0.00195406 3.3087e-06 4.16806e-08 0.0331265 3.98941e-08 2.78467e-05 7.7869e-06 1.88961e-05 1.47847e-06 2.16487e-06 0.00129199 1.16246e-06 3.38605e-07 1.1086e-06 
4.60617e-09 0.000620974 0.00792655 1.69557e-06 0.00367719 0.0134573 0.00141395 0.0182205 3.27773e-07 0.00125423 0.244567 2.96682e-05 0.452162 2.09525e-05 0.000133135 8.87425e-09 0.0358453 0.00117665 6.89148e-05 0.000511002 7.50802e-07 0.000331487 1.14432e-06 0.000762383 7.74958e-05 1.13437e-05 0.217728 
1.95729e-06 0.000109472 0.863079 0.00543019 0.00605755 0.000151072 0.0963894 6.16342e-05 0.00137896 6.45383e-05 8.85543e-05 0.00125563 0.000968731 0.000409038 0.000735088 2.32885e-05 0.0108939 0.000307623 4.21723e-06 0.000589646 0.000858684 0.00116371 0.000229014 0.00048487 0.000850985 5.01157e-05 0.00836316 
1.00334e-08 0.110137 0.0154237 1.35567e-06 0.0200091 0.116331 0.00738339 0.000862747 0.286641 1.21824e-06 0.00823352 0.224698 0.0309229 0.10218 5.30797e-06 1.93303e-08 0.0290693 1.85017e-08 1.03934e-05 4.14287e-06 0.000710679 0.0141685 0.00117849 0.0320257 5.43972e-08 1.6847e-06 1.3043e-06 
8.70858e-08 0.00147335 0.795368 1.4789e-05 0.0530245 1.44076e-05 0.00209408 0.000890118 1.521e-05 0.000111938 0.0638609 0.00260299 0.0157484 0.0112752 7.34459e-05 6.82844e-07 0.0144536 5.94482e-07 0.00013485 0.00321936 0.00266963 0.00194444 0.00871816 0.000893914 0.000415676 2.07378e-05 0.0209605 
4.37373e-09 1.28219e-05 0.00380604 1.15377e-06 0.0242554 3.3806e-06 0.031729 9.20136e-06 0.0284218 6.73915e-09 0.0382774 5.91227e-06 0.00215076 2.31141e-06 6.14743e-07 8.42642e-09 0.418128 0.000492334 5.93463e-07 2.80181e-06 5.63644e-05 5.57518e-06 0.446976 5.64408e-05 2.3989e-07 4.16541e-06 0.00560153 
4.33424e-09 0.000114122 0.983791 1.69719e-07 0.00952875 9.59434e-05 0.00109542 0.000145231 3.22444e-05 5.41157e-06 0.000944364 2.05504e-06 0.000676044 0.00020823 4.0332e-05 8.35035e-09 0.00165216 4.84711e-08 2.08191e-06 0.000523028 0.00057199 2.0425e-06 8.74237e-05 0.00030268 0.000167097 4.07513e-07 1.12816e-05 
2.89321e-11 0.00253938 0.193375 0.00421919 2.65031e-07 1.42448e-05 0.00411778 4.67506e-08 3.17371e-07 0.7197 0.0133233 1.97504e-08 0.00829246 3.46868e-07 0.00045659 5.57406e-11 0.000699419 5.33515e-11 0.000561204 3.08133e-06 2.25341e-07 0.000482479 1.04513e-08 1.39642e-07 0.00240607 5.13945e-09 0.0498083 
2.52976e-10 7.03417e-06 0.00389723 3.68235e-05 0.0594303 2.63156e-07 9.15251e-07 0.0343949 2.8675e-10 3.89791e-10 8.42528e-08 0.238924 0.0360925 0.458434 6.56978e-10 3.26595e-06 0.0154464 4.66493e-10 5.45067e-10 4.07999e-10 0.123871 0.0294585 4.80973e-10 2.1637e-06 1.51353e-07 6.26623e-07 4.74953e-07 
1.00219e-08 0.0112861 0.837447 0.000313005 0.0199373 0.0450082 0.00140509 0.000861141 0.00515775 1.5442e-08 0.016449 0.0111486 0.0186364 0.0130134 2.60269e-08 1.93082e-08 0.00058169 2.6958e-06 0.00275492 0.00807975 0.00333386 1.16661e-05 0.000491294 0.00218232 7.05395e-05 5.35199e-05 0.00177459 
0.00026727 0.0257966 0.0190046 0.0221051 0.0373822 0.00148023 0.461845 0.000497305 0.000520832 0.00236531 0.0637034 0.0255973 0.0427414 0.00643715 0.0588208 0.000283672 0.0583761 0.00142263 0.00486607 0.00524958 0.00592532 0.0291101 0.00444575 0.00898376 0.0130885 0.0199148 0.0797692 
1.09653e-09 0.00972297 0.118735 0.0100631 0.0743915 0.0149998 4.52227e-07 0.0519535 6.5039e-07 1.68957e-09 0.282001 0.0077572 0.325275 0.00561685 4.07667e-07 2.11258e-09 7.53575e-07 8.22629e-05 2.36262e-09 1.76849e-09 1.31774e-06 0.0125069 0.0263608 0.0223615 5.91511e-07 4.09495e-07 0.0381674 
2.16343e-08 0.00075662 0.732121 4.73433e-06 0.120435 0.00012334 0.00798851 8.10926e-05 2.45227e-08 1.598e-06 0.00202349 2.65584e-06 0.100025 0.00195406 3.3087e-06 4.16806e-08 0.0331265 3.98941e-08 2.78467e-05 7.7869e-06 1.88961e-05 1.47847e-06 2.16487e-06 0.00129199 1.16246e-06 3.38605e-07 1.1086e-06 
1.44502e-11 0.00307404 0.027237 4.67186e-08 9.99266e-09 1.36862e-06 0.000360844 2.32994e-08 1.13893e-05 0.00076542 2.93241e-05 1.24571e-05 0.00716292 1.16145e-08 0.944586 2.78397e-11 2.56692e-05 2.66464e-11 8.63374e-05 0.0026445 9.13289e-09 0.000225251 9.45234e-08 0.000230895 0.0112151 1.854e-07 0.0023308 
5.33073e-11 1.82273e-06 0.915211 5.81283e-08 0.0108671 2.83784e-07 9.22744e-07 1.35121e-07 1.42936e-07 0.000142745 0.018239 7.14894e-07 0.00183676 4.39869e-07 0.000411807 1.02702e-10 0.00595131 1.41852e-08 6.86967e-08 0.000514306 0.000143803 7.10275e-07 1.45343e-07 3.75093e-07 0.000122544 1.41498e-07 0.0465533 
8.19574e-07 0.00579283 0.113484 0.0131937 0.0556655 0.00110768 0.00419879 0.530341 7.09703e-05 1.26282e-06 0.0513665 0.001551 0.00206709 0.0128788 8.299e-05 1.57899e-06 0.00556499 6.11498e-05 5.82014e-05 5.39853e-05 0.00689674 0.000387695 6.37094e-05 0.193931 1.37897e-06 0.000144085 0.00103285 
1.62247e-07 0.0444168 0.325253 6.05951e-06 0.0837409 3.00378e-07 0.476671 0.00371905 0.00763067 0.00145138 0.0265423 0.00012627 1.35046e-05 0.00015932 6.84717e-06 4.61205e-07 6.43159e-05 3.28353e-05 2.5014e-05 0.000155806 0.000425611 2.64522e-06 3.08475e-07 0.00517955 0.0194775 8.88557e-05 0.00481029 
1.6068e-10 0.00122033 0.000380795 5.96351e-08 0.000260208 6.33808e-05 0.0804706 0.00845833 9.10602e-07 1.04428e-08 0.00295576 0.017712 0.00315651 0.000391653 1.88294e-05 3.09566e-10 0.0226596 5.11435e-06 1.83181e-05 2.2614e-06 0.228163 8.20649e-07 1.46236e-07 0.594563 0.0118908 4.83647e-06 0.0276034 
1.17756e-08 0.0400364 0.530203 0.000215784 0.039002 0.00072884 0.000470813 0.00160461 0.000495932 0.0157985 0.139581 0.0235175 0.0275869 0.0283787 4.87036e-05 6.61394e-05 0.0325508 2.41113e-08 0.0011001 0.00018837 0.00258897 0.0178215 0.00140059 0.0306518 8.33927e-05 3.35436e-05 0.0658461 
1.44502e-11 0.00307404 0.027237 4.67186e-08 9.99266e-09 1.36862e-06 0.000360844 2.32994e-08 1.13893e-05 0.00076542 2.93241e-05 1.24571e-05 0.00716292 1.16145e-08 0.944586 2.78397e-11 2.56692e-05 2.66464e-11 8.63374e-05 0.0026445 9.13289e-09 0.000225251 9.45234e-08 0.000230895 0.0112151 1.854e-07 0.0023308 
1.05709e-07 0.376047 0.16053 0.000249891 0.00874569 0.00169428 0.00407707 0.00364838 0.132511 2.2821e-07 0.0239175 0.0249051 0.0601516 0.00940209 7.37111e-06 0.00322347 0.00134672 2.04202e-06 2.05698e-05 0.00169311 0.000247253 0.13248 6.78125e-05 0.0472487 7.99927e-05 0.00011001 0.00759361 
1.3322e-09 0.018736 0.00893301 0.0214223 0.00806844 0.0004427 0.00137359 0.00546109 0.776914 2.98852e-08 0.0509925 0.030988 0.0151992 0.000312098 3.45973e-09 2.56662e-09 0.00860854 3.67642e-07 0.000153377 0.000110966 0.000478173 0.0197406 2.36403e-06 0.0240522 3.0795e-05 0.000378027 0.00760196 
3.45775e-10 0.00198992 0.013442 3.15428e-07 0.0800829 0.0203935 0.000117599 0.0374736 3.91939e-10 5.32779e-10 0.388015 0.00428655 0.138786 0.00396755 0.000104178 6.6617e-10 0.0128797 6.37617e-10 7.45015e-10 4.02713e-06 0.000808664 0.0117298 0.000322533 0.0391708 9.62388e-06 3.37292e-06 0.246412 
1.75906e-10 0.00636034 0.578072 9.92372e-07 0.10284 1.62369e-07 0.00985481 0.0127795 1.99391e-10 0.000106873 0.0478605 0.0505475 0.0765138 0.000224383 6.90867e-07 3.389e-10 0.0425952 0.000164575 1.61454e-06 1.65359e-06 0.00409057 1.28454e-06 3.34443e-10 0.00779345 9.64057e-05 7.52888e-07 0.0600927 
1.10004e-12 4.91735e-08 0.0051543 1.13825e-08 0.000562868 0.0044877 8.90285e-05 0.0036049 2.50627e-10 1.55954e-08 0.0071575 2.96137e-08 0.0155905 6.23915e-05 1.42868e-08 2.11933e-12 0.00059508 1.19701e-08 2.37017e-12 5.32421e-09 2.1343e-05 2.06928e-05 0.961645 1.05391e-07 4.06514e-06 4.34266e-06 0.00100026 
4.91467e-05 0.0546441 0.505671 0.00121595 0.122128 0.0023996 0.0425616 0.00261442 0.00157097 0.0255215 0.069772 0.00585919 0.0155916 0.0340803 0.00079164 0.000284489 0.0221887 0.000313601 0.00379757 0.00337971 0.03718 0.000161301 0.00210958 0.00393198 0.000336239 0.00294555 0.0388998 
2.76404e-10 0.00891409 0.201123 0.00145604 0.014302 0.0284051 0.000116592 0.0659882 2.79283e-07 9.64161e-06 0.0897535 0.00944401 0.425319 0.000433362 1.35979e-05 5.3252e-10 0.00734066 7.23731e-08 0.000863788 4.45784e-10 0.0291599 0.00187815 0.000892496 0.0567249 2.57493e-05 5.38523e-08 0.0578358 
1.44502e-11 0.00307404 0.027237 4.67186e-08 9.99266e-09 1.36862e-06 0.000360844 2.32994e-08 1.13893e-05 0.00076542 2.93241e-05 1.24571e-05 0.00716292 1.16145e-08 0.944586 2.78397e-11 2.56692e-05 2.66464e-11 8.63374e-05 0.0026445 9.13289e-09 0.000225251 9.45234e-08 0.000230895 0.0112151 1.854e-07 0.0023308 
3.02923e-10 6.86728e-06 0.114962 2.41787e-05 0.499971 6.63314e-06 3.91557e-06 1.20227e-05 3.43366e-10 1.4474e-06 2.34862e-05 7.09789e-06 2.31383e-05 0.232053 3.85557e-06 5.89447e-08 8.82797e-05 1.73221e-06 2.54613e-06 1.43639e-05 0.0113376 2.38659e-05 3.57138e-06 6.34619e-06 2.13104e-06 4.66107e-06 0.141416 
1.44502e-11 0.00307404 0.027237 4.67186e-08 9.99266e-09 1.36862e-06 0.000360844 2.32994e-08 1.13893e-05 0.00076542 2.93241e-05 1.24571e-05 0.00716292 1.16145e-08 0.944586 2.78397e-11 2.56692e-05 2.66464e-11 8.63374e-05 0.0026445 9.13289e-09 0.000225251 9.45234e-08 0.000230895 0.0112151 1.854e-07 0.0023308 
2.9765e-05 0.0502453 0.0235536 0.0468461 0.0133501 0.000288306 0.462821 0.0348779 0.000622047 0.000126635 0.0394251 0.0447172 0.0451945 0.00587959 0.000119507 7.83221e-05 0.0661461 0.00116872 0.000178676 0.000396457 0.00132091 0.00519228 0.00185797 0.00875037 0.126036 0.0016655 0.0191116 
1.13753e-09 3.1944e-06 0.947823 4.56931e-06 0.00566697 0.0117249 2.9324e-07 0.00128832 1.28941e-09 0.00148823 0.000439218 0.00281136 0.0179127 0.00208869 8.74463e-07 8.62168e-08 0.00314325 2.09764e-09 2.45096e-09 0.00420567 0.000126651 0.00052443 2.16275e-09 2.39299e-06 0.000153584 2.58352e-07 0.000591007 
4.48745e-10 0.00293838 0.933555 3.50067e-08 0.00144133 3.14441e-06 0.0195891 1.04463e-06 5.39804e-07 6.91437e-10 0.0359265 0.000648081 6.95476e-07 9.40644e-06 1.16539e-09 2.93223e-07 0.00262798 4.50198e-07 9.66876e-10 7.23735e-10 0.00108496 0.000995202 8.61302e-07 4.35601e-06 0.000565143 9.42074e-08 0.000607365 
5.97966e-06 0.0360732 0.258864 0.00892125 0.0343036 0.000937675 0.358259 0.00231242 0.000106214 4.68405e-05 0.0141737 0.0333947 0.0798095 0.00167047 0.000821867 0.00581715 0.0315996 0.000273116 0.0479742 0.00461338 0.00200878 0.0271698 0.000373213 0.0248601 0.000694692 0.000666174 0.0242493 
2.77583e-07 0.00157496 0.81463 0.000540826 0.102739 0.000699449 0.00121098 0.00704993 0.000480234 4.27707e-07 0.0308384 2.9573e-06 0.00193332 0.0016011 7.62451e-05 1.4942e-05 0.011219 1.75135e-05 3.15052e-05 0.00283126 9.62074e-05 2.67958e-05 8.09559e-05 0.0190398 2.45897e-05 0.00289201 0.000346823 
2.04941e-11 1.0195e-06 0.0403189 6.63811e-07 0.142031 1.1119e-06 0.00409824 2.2326e-07 2.32303e-11 0.00147952 0.395226 0.184976 0.0947875 0.00574373 5.32233e-11 3.9484e-11 0.0396777 1.88996e-07 0.000493089 3.53699e-07 0.0609235 0.0245969 1.87069e-07 2.3751e-06 7.95648e-05 0.00206433 0.00349748 
3.11552e-06 0.0453275 0.0182253 0.0111842 0.020252 0.00153351 0.386761 0.0010238 0.000523753 1.88843e-05 0.0852664 0.01095 0.0805833 0.00449627 5.41589e-06 3.10743e-05 0.0464204 0.00145837 0.000626145 3.73593e-05 0.00311575 0.209452 7.03675e-06 0.0222785 0.0168664 0.00288546 0.0306663 
1.01824e-09 0.0111498 0.310687 5.7214e-07 0.0681705 1.28218e-06 0.515852 0.00367649 0.00047999 1.48103e-05 0.00138341 4.75717e-07 0.0126265 0.00340259 0.00331409 1.96173e-09 0.0511434 5.03452e-05 0.000464514 0.00135328 0.0102204 0.000663222 3.35852e-06 0.00119956 0.00266687 0.00108387 0.000391961 
2.4374e-09 0.0597325 0.61157 0.000208563 0.0155786 0.00657685 0.0253779 5.05315e-06 0.137806 5.172e-06 0.0198208 0.0178045 0.0465935 0.00347527 0.0024214 4.69589e-09 0.00210707 4.49462e-09 1.58543e-05 5.55233e-06 2.02936e-06 0.00421771 4.72063e-06 0.00518552 2.08778e-06 1.30102e-06 0.0414816 
1.44502e-11 0.00307404 0.027237 4.67186e-08 9.99266e-09 1.36862e-06 0.000360844 2.32994e-08 1.13893e-05 0.00076542 2.93241e-05 1.24571e-05 0.00716292 1.16145e-08 0.944586 2.78397e-11 2.56692e-05 2.66464e-11 8.63374e-05 0.0026445 9.13289e-09 0.000225251 9.45234e-08 0.000230895 0.0112151 1.854e-07 0.0023308 
5.49263e-12 0.00106821 3.9268e-09 0.000332324 0.00621312 0.00146449 4.18621e-07 0.0018146 5.5269e-09 8.46319e-12 0.175998 0.710045 0.0221843 0.00253219 8.70496e-09 1.05821e-11 0.0417035 0.000498862 9.1866e-05 8.85851e-12 0.00105194 0.0208539 1.04429e-11 0.0139382 6.97457e-10 0.000141672 6.73344e-05 
1.44502e-11 0.00307404 0.027237 4.67186e-08 9.99266e-09 1.36862e-06 0.000360844 2.32994e-08 1.13893e-05 0.00076542 2.93241e-05 1.24571e-05 0.00716292 1.16145e-08 0.944586 2.78397e-11 2.56692e-05 2.66464e-11 8.63374e-05 0.0026445 9.13289e-09 0.000225251 9.45234e-08 0.000230895 0.0112151 1.854e-07 0.0023308 
4.48745e-10 0.00293838 0.933555 3.50067e-08 0.00144133 3.14441e-06 0.0195891 1.04463e-06 5.39804e-07 6.91437e-10 0.0359265 0.000648081 6.95476e-07 9.40644e-06 1.16539e-09 2.93223e-07 0.00262798 4.50198e-07 9.66876e-10 7.23735e-10 0.00108496 0.000995202 8.61302e-07 4.35601e-06 0.000565143 9.42074e-08 0.000607365 
9.22857e-10 0.000291157 0.000352442 0.0974036 0.000391986 1.58402e-05 0.263149 0.000117566 0.000313042 3.52078e-06 0.00676031 0.0405839 0.00266835 0.000198454 4.2443e-06 1.77798e-09 0.0269838 1.59302e-06 2.94679e-05 1.48838e-09 0.00743855 0.000402512 0.00245721 0.00134565 0.000245187 0.0121784 0.536664 
2.76404e-10 0.00891409 0.201123 0.00145604 0.014302 0.0284051 0.000116592 0.0659882 2.79283e-07 9.64161e-06 0.0897535 0.00944401 0.425319 0.000433362 1.35979e-05 5.3252e-10 0.00734066 7.23731e-08 0.000863788 4.45784e-10 0.0291599 0.00187815 0.000892496 0.0567249 2.57493e-05 5.38523e-08 0.0578358 
2.76404e-10 0.00891409 0.201123 0.00145604 0.014302 0.0284051 0.000116592 0.0659882 2.79283e-07 9.64161e-06 0.0897535 0.00944401 0.425319 0.000433362 1.35979e-05 5.3252e-10 0.00734066 7.23731e-08 0.000863788 4.45784e-10 0.0291599 0.00187815 0.000892496 0.0567249 2.57493e-05 5.38523e-08 0.0578358 
1.34201e-09 0.0123452 0.0510279 6.43428e-07 0.553082 0.00229572 7.75716e-07 0.0565574 7.25693e-05 1.90633e-07 0.0850694 5.80408e-07 0.108628 0.0290944 1.26125e-07 8.42352e-08 0.0047475 0.000414164 0.000151999 2.39402e-07 0.0590314 0.00367846 8.19821e-07 0.00447669 4.51911e-08 0.0232674 0.00605606 
8.80406e-11 0.00210186 0.162447 4.97198e-07 0.00465525 1.76758e-05 0.0136021 2.19085e-06 0.762499 2.84404e-05 6.46588e-07 2.26926e-05 0.0259454 0.00118602 2.60651e-07 1.69619e-10 0.00618768 1.62349e-10 0.000793989 3.3787e-07 0.00100005 0.00109948 1.67388e-10 5.96621e-05 0.00132423 3.71209e-05 0.0169881 
9.51515e-09 0.0422345 0.675424 0.00393623 0.0241628 0.00416561 0.00938502 0.000292854 8.83544e-05 1.46612e-08 0.0884845 6.31036e-05 0.0167753 0.00246324 2.14652e-06 1.83319e-08 0.0194083 0.00281958 2.05016e-08 0.0764936 0.000754098 0.00153797 0.010226 0.0202256 9.34451e-05 0.000173152 0.000790342 
2.77771e-09 3.59151e-06 0.463807 0.00397926 0.052507 0.00364306 0.00176819 6.85557e-05 5.61456e-05 0.0281467 0.0698386 0.0015533 0.0783613 0.0354042 6.93322e-05 9.90846e-08 0.0113482 2.63684e-08 0.000168181 0.000526297 0.0501609 0.000881464 5.42684e-08 0.00356068 0.00030149 0.0331416 0.160704 
