0.000253192 0.338826 0.0183111 0.00403613 0.00723446 0.00390391 0.126558 0.000971474 0.000121272 2.30645e-09 0.0288005 0.128374 0.0572188 0.0121552 3.88744e-09 2.88392e-09 0.0323431 4.43073e-06 2.37058e-05 0.0003072 3.22266e-05 0.110181 1.05584e-05 0.0834518 4.27846e-05 6.88676e-05 0.0467696 
0.00110353 0.332906 0.00699581 0.000981818 0.000790397 0.0206879 0.000219374 0.0490738 0.0244724 5.70953e-07 0.275615 9.36346e-06 0.00709784 0.210161 6.08996e-05 8.04716e-09 0.00664991 6.27003e-07 4.74538e-06 2.20911e-05 0.000813153 0.000370859 7.96695e-07 0.00018042 1.89364e-05 0.000220116 0.0615421 
0.00140034 0.352485 0.0314583 1.37269e-07 0.112605 0.000706885 0.00254644 5.77826e-05 2.42115e-07 3.29117e-07 0.0190944 0.00247071 0.000268377 0.284382 5.54714e-07 4.11518e-07 0.0012284 3.9388e-07 4.60224e-07 3.9561e-05 0.173148 0.00146177 4.06106e-07 0.0163491 7.51288e-08 0.00010664 0.000189354 
7.70695e-06 0.515848 2.50898e-05 0.000549825 0.00818355 0.000440348 0.224797 5.98622e-08 3.69863e-07 3.82929e-08 0.0542586 0.0259308 0.127984 3.1802e-07 0.00164579 1.11351e-10 0.00659342 3.70491e-05 0.000123422 1.64864e-06 7.17483e-05 0.0120438 6.27827e-07 0.0128377 0.000108347 6.22475e-05 0.00844797 
1.83125e-07 0.508173 5.03601e-05 0.00584671 0.020404 0.0023172 0.0503752 0.000382243 0.000235109 3.75711e-07 0.115584 0.0183411 0.103219 0.0043463 7.48326e-06 1.42247e-10 0.121837 0.00525637 0.000390464 2.44198e-07 0.000302688 0.00380017 0.000884856 0.0284133 1.11104e-05 0.000481495 0.00934054 
0.00100067 0.317596 0.00629202 0.0359913 0.00776455 0.000959646 0.0382185 0.00109868 3.41062e-05 2.68204e-06 0.0680564 0.0762982 0.0840972 0.00184092 1.84126e-06 2.26406e-07 0.0246316 0.000306864 0.000278081 0.000191991 0.00267398 0.218053 5.50575e-06 0.0734433 6.68741e-05 0.0122831 0.028812 
0.0115135 0.449274 0.100882 0.00325972 0.0400585 0.0255826 0.00628308 0.000241246 0.0165886 1.24567e-05 0.103312 0.043702 0.106975 0.0121628 2.24863e-05 1.67041e-07 0.00763096 4.21441e-05 0.000542295 0.00256985 0.00139281 0.00665652 9.79644e-05 0.0201107 8.17038e-05 0.0370227 0.00398329 
0.000896612 0.287812 0.0185788 0.0112276 0.0258715 0.0292953 0.0275709 0.0027753 0.000499207 0.000148656 0.0985972 0.098104 0.243203 0.00461124 3.76533e-05 9.81227e-06 0.0442575 0.000511476 0.00042027 0.00259932 0.00119732 0.0301503 5.1873e-05 0.00362511 0.00818409 0.0146129 0.0451517 
6.68934e-07 0.917728 0.000327264 0.00254593 1.95257e-07 2.91289e-06 1.93903e-06 0.00109531 5.44398e-07 2.71382e-07 0.00193354 0.0312812 0.022216 4.14798e-08 5.76684e-10 4.27816e-10 5.1682e-07 4.18875e-07 3.23072e-07 0.00484033 2.85306e-07 0.00214889 4.2219e-10 0.0124401 2.73325e-05 1.56476e-08 0.00340845 
0.000821482 0.422966 0.000112691 0.00288092 0.00990732 0.00193888 0.046553 7.78944e-05 0.000310152 9.87643e-06 0.0451891 0.160652 0.0250986 0.0011368 1.75841e-05 2.64971e-05 0.251662 0.000511932 0.00021273 0.000308782 0.00276027 0.00414533 8.78459e-05 0.00524623 0.0118362 0.00286348 0.00266556 
0.00203006 0.314844 0.00189321 0.000720467 0.0782754 0.000424787 0.0574065 1.2513e-06 1.86697e-08 2.35892e-06 0.0828889 0.0872239 0.0902168 0.00836705 2.29247e-05 9.21511e-09 0.052702 0.00455993 0.0165889 3.23256e-05 0.00325448 0.0633357 1.09785e-08 0.0182716 0.00209222 0.00475401 0.110091 
0.00149242 0.390092 0.297431 4.41321e-07 0.0237907 0.0489701 3.17946e-06 0.00453268 0.00195106 1.57627e-09 0.0174321 0.0210789 0.0256238 0.149187 5.35509e-05 3.47953e-05 0.00362266 1.88644e-09 2.20419e-09 0.000908628 0.00139417 0.0103871 0.00104834 0.000231543 0.000711667 2.3019e-05 2.82408e-10 
0.00141577 0.922414 0.000597388 0.0118503 0.00736356 0.000383015 0.000444161 3.03416e-07 8.60309e-08 0.000776984 0.0020632 0.00548575 0.0208337 1.91319e-07 1.14903e-09 8.52413e-10 0.000800399 0.000452876 3.63627e-07 5.43657e-07 1.46539e-07 0.00584799 8.41202e-10 0.0174355 1.55621e-10 9.69769e-11 0.00183417 
5.21828e-05 0.378777 0.000397303 0.00233909 0.02563 0.00463948 0.0182356 0.0030613 6.13527e-08 1.04205e-06 0.114601 0.0719534 0.0458934 0.000187948 2.00172e-06 5.8531e-10 0.0997798 0.119767 0.0106096 0.0119431 0.00115762 0.0131252 3.63935e-08 0.0205532 0.0344599 0.0177887 0.00504504 
0.00065076 0.937813 0.000845649 0.000173066 0.00160118 0.00192043 0.00410833 9.20088e-08 4.85576e-07 8.06926e-10 1.53164e-06 0.00145142 0.00662372 0.00339322 1.62656e-07 2.80809e-05 0.00542309 1.27075e-06 7.76407e-05 6.44742e-05 2.44343e-07 0.0176179 1.01128e-06 0.0170941 4.09063e-09 2.96581e-07 0.00110902 
0.00269413 0.167958 0.0008309 0.00267603 0.0388953 0.00667192 0.0994099 0.00198377 0.10689 9.3738e-06 0.0427742 0.0855305 0.0894778 0.00292929 0.00110032 8.75501e-07 0.070882 9.85799e-05 0.000456941 0.000382908 0.0005907 0.0320402 0.000368415 0.167412 0.0285098 0.0386642 0.0107618 
0.000600668 0.921954 6.75386e-06 3.02551e-07 0.0045385 0.0251136 4.61109e-07 0.000451461 0.00067304 2.15127e-09 0.0054087 0.00395238 0.00569961 0.000491172 3.62588e-09 1.38561e-05 0.0193511 0.00258663 8.08923e-06 2.25176e-09 0.000629962 0.00493315 2.12643e-07 0.00278703 1.98789e-09 2.5537e-08 0.000799337 
0.00349933 0.247686 0.0065589 0.0025762 0.00669088 0.094382 0.0404342 0.00251377 0.000984854 1.28566e-05 0.0676046 0.0103028 0.175514 0.0114943 1.50007e-05 1.84598e-08 0.0407051 0.0731706 0.000332067 0.00550142 0.00264873 0.00506625 1.91012e-05 0.0154882 0.160835 0.00157248 0.0243917 
0.00162946 0.254877 0.00895862 0.0392414 0.0167545 0.00320949 0.0579973 0.000677897 0.00268528 0.00493271 0.177194 0.0239838 0.163583 0.00310311 6.49718e-05 1.57634e-05 0.029487 0.00216281 0.00224986 0.000554569 0.00179425 0.0160623 6.10376e-05 0.019548 0.0752921 0.00953584 0.0843436 
0.00368727 0.930752 0.00122369 0.000133338 1.3403e-05 0.000815974 0.000113157 0.0159981 0.000218265 9.88179e-08 0.00183271 0.00425336 0.00922617 0.000175656 3.75676e-10 1.37954e-07 0.00174942 0.000326722 8.34022e-07 8.19492e-06 7.99236e-05 0.00175536 7.59066e-07 0.0238491 0.00296861 7.98422e-08 0.000817305 
0.00103431 0.636722 0.00181429 0.00132914 0.0336256 0.00790529 0.00620746 0.024455 9.01763e-05 1.96609e-05 0.0321735 0.107841 0.0243339 0.00908486 1.42848e-05 0.00271689 0.0286163 0.00161696 0.000273325 5.70304e-05 0.0028768 0.0244133 0.00014771 0.0225123 0.00195559 0.0171416 0.0110215 
0.00355053 0.318362 0.00895872 0.00159169 0.025364 0.00470033 0.258369 0.0470676 3.07882e-06 0.000442614 0.0848522 0.0245316 0.0238688 0.074946 9.58314e-05 1.34344e-05 0.0227349 6.75455e-05 1.13276e-05 0.0383385 0.00192289 0.00143692 0.000509876 0.00830029 0.0301711 2.12774e-05 0.0197682 
0.00210711 0.754942 0.0124638 0.00166042 0.00245992 0.0371711 0.00177532 0.00224255 6.37159e-07 0.0027764 0.0307608 0.0114193 0.0207235 0.00188758 1.89895e-05 4.91854e-09 0.0228794 0.000579806 7.80164e-05 0.000718493 0.000580636 0.0038755 0.000240705 0.0697297 0.00409121 4.01893e-05 0.0147765 
0.00737981 0.241248 0.0818216 0.004207 0.0356883 0.0010119 0.174574 0.00269626 0.00205721 0.000455723 0.0491583 0.0128208 0.046123 0.000391453 0.000345614 7.6778e-09 0.00873663 0.0360775 3.09055e-05 0.0389598 0.0574226 5.23657e-07 7.79896e-07 0.00665459 0.166719 0.00209945 0.02332 
0.000167907 0.230358 0.0681853 0.00266275 0.00415587 0.000482032 0.056412 7.40182e-05 7.51562e-08 1.0583e-06 0.183438 0.0354478 0.22293 0.00197109 0.000229818 0.0733588 0.00633327 0.00309543 0.00432549 0.000681738 0.00112178 0.00248359 0.000170483 0.00449485 0.0910164 0.00464579 0.00175633 
0.0259914 0.272923 0.0264144 0.0164055 0.057497 0.00614872 0.0167952 0.00917467 0.012092 2.9727e-06 0.060086 0.0560091 0.215733 0.0148577 0.000163275 6.00126e-06 0.0216029 3.28529e-05 0.000422126 0.00103143 0.00109321 0.111696 0.00756675 0.0236913 0.00142565 0.00110625 0.0400309 
0.00466456 0.296311 0.166794 0.00217475 0.0868836 0.0271597 0.0175121 0.000331094 0.000233022 5.83291e-05 0.0618744 0.0856489 0.140782 0.0139505 7.40753e-10 5.49532e-10 0.0512688 5.03361e-05 0.000104983 0.003357 0.00244029 0.00125337 1.02501e-06 0.0120211 0.00739753 0.0078348 0.00989268 
0.00767096 0.302327 0.145232 0.00180835 0.0570759 0.0109064 0.0980304 0.00247942 1.55461e-06 0.00016313 0.0643454 0.0808437 0.0678149 0.00045308 0.00173234 1.8508e-05 0.0261893 4.04459e-05 2.08712e-05 0.00366848 0.00147851 0.0249475 9.59834e-05 0.0122839 0.0377301 0.00801974 0.0446224 
5.68784e-07 0.225251 0.0766343 0.00157581 0.0177891 0.000430169 0.0221195 0.010928 1.03009e-11 1.59618e-05 0.216485 0.0367922 0.197506 0.00405558 3.62538e-05 1.75082e-11 0.0396999 1.67578e-11 0.0668014 3.54584e-05 0.0120052 0.0186194 1.7278e-11 0.0133704 1.00341e-06 0.000164135 0.0396837 
0.261208 0.289576 0.0734355 8.52334e-05 0.0721403 0.000238907 1.10356e-08 0.0289481 4.61467e-05 4.18337e-08 0.000405785 6.1848e-06 6.11918e-05 0.0164663 9.39878e-05 5.23075e-08 0.00236639 5.21376e-06 0.0229466 3.89758e-06 0.00332892 9.91209e-09 0.014879 0.207437 1.77079e-05 1.09084e-06 0.00630195 
0.000480947 0.282564 0.0113697 0.00188407 0.0632264 0.0237406 0.218537 0.000191225 4.19705e-06 1.41987e-05 0.0498618 0.0239722 0.133329 0.00915848 1.42701e-06 3.05541e-10 0.0226519 0.001654 0.000746153 0.00180248 0.00719562 0.0148291 0.000305664 0.0153878 0.107883 0.00039377 0.00881477 
0.0141825 0.387853 0.0245858 0.0114182 0.0179703 0.00708927 8.66111e-05 0.2061 0.000181316 9.34688e-07 0.015699 0.0266586 0.00126482 0.00177055 4.66704e-05 1.15681e-09 0.0252805 1.10723e-09 3.46444e-05 9.68395e-10 0.0955732 0.00439321 1.1416e-09 0.155363 2.11194e-10 0.00116894 0.00327887 
0.000915039 0.464551 4.74024e-05 0.00913603 4.23083e-05 0.0177562 0.00222447 0.00011627 8.10363e-06 1.39202e-05 0.124108 0.137781 0.153085 0.00247241 3.50803e-11 8.54304e-08 0.0408135 0.000645893 0.000148741 0.00031858 7.57369e-05 0.0168916 9.16972e-06 0.0257427 3.32913e-05 4.7371e-07 0.00306381 
0.000649662 0.755121 0.00158812 0.000710413 0.000862264 0.00300521 0.000852214 0.0001441 3.75967e-05 3.17798e-07 0.00682577 0.00566959 0.02805 0.000986409 3.71546e-05 0.169697 0.000588442 0.000244716 1.45401e-05 5.09471e-06 2.45982e-05 0.00599371 1.08165e-05 0.0186244 1.03781e-08 1.33913e-07 0.000256221 
0.00103431 0.636722 0.00181429 0.00132914 0.0336256 0.00790529 0.00620746 0.024455 9.01763e-05 1.96609e-05 0.0321735 0.107841 0.0243339 0.00908486 1.42848e-05 0.00271689 0.0286163 0.00161696 0.000273325 5.70304e-05 0.0028768 0.0244133 0.00014771 0.0225123 0.00195559 0.0171416 0.0110215 
0.00144447 0.26509 0.0126513 0.00583619 0.0435696 0.00343746 0.157628 0.00751622 0.00188589 0.00139546 0.11581 0.049224 0.0903943 0.00410879 0.000942166 6.66988e-06 0.0368614 0.000846697 0.00361239 0.00276069 0.00173362 0.0141627 0.000288605 0.0934446 0.00795218 0.00878328 0.0686123 
0.024084 0.300681 0.0237668 0.00197124 0.035675 0.0415951 0.00263314 0.0111378 0.000239545 5.81188e-07 0.170657 0.0585237 0.0172186 0.212518 4.13914e-07 1.081e-09 0.0367875 1.16415e-06 0.0152277 0.00041002 0.000951447 0.00521829 1.67478e-06 0.0351424 5.92513e-08 4.31775e-05 0.00551514 
4.60181e-07 0.302287 0.00472659 0.000811101 0.0657966 0.0619211 0.00366661 0.0381914 1.62425e-10 6.81032e-05 0.0793812 0.0166308 0.136788 0.148262 4.93613e-07 3.09391e-05 0.0125331 4.97715e-05 1.68478e-06 0.00220969 1.69312e-05 0.00223997 0.00576155 0.113762 8.0141e-06 0.000320089 0.00453367 
0.000925568 0.302121 0.0357719 0.000714742 0.0270555 0.0694963 0.00624399 0.000963286 1.9006e-05 3.62842e-06 0.11688 0.0186019 0.18708 0.0113185 9.39914e-06 2.65855e-08 0.0111685 0.000624732 0.000172614 0.000813024 0.00289599 0.0223582 7.75485e-05 0.162713 0.000938931 0.00778956 0.0132437 
7.50964e-05 0.351701 0.0222278 0.00332276 0.1044 0.00337906 0.100243 0.00407645 0.00166947 7.27727e-10 0.0383349 0.00508933 0.248487 0.00215528 9.40574e-05 6.0226e-08 0.0271759 6.49741e-05 0.000170343 0.00167787 0.00448634 0.0372583 9.23972e-06 0.00220737 0.000627248 0.0389283 0.00213927 
0.00108972 0.292902 0.00153441 0.0147006 0.047817 0.0548611 0.000125539 0.00655306 0.000480199 7.31659e-08 0.132567 0.148557 0.0233903 0.0579664 0.000344968 7.79442e-10 0.122515 0.000592134 0.000117599 3.74967e-08 0.00185162 0.00716256 2.68518e-07 0.0663343 2.16077e-08 0.0160391 0.00249716 
0.00427661 0.833482 0.000775355 0.000824897 0.000663844 0.006246 0.0750702 0.000935468 9.20581e-10 9.98301e-07 0.00680848 0.0182222 0.0300654 0.00144522 2.6311e-06 1.56469e-09 0.00204312 1.54087e-06 7.63579e-05 0.00532979 2.36594e-05 0.000561534 1.54411e-09 0.00213767 0.0104862 9.68123e-06 0.000511347 
0.000827188 0.668187 0.0015685 0.00733215 0.00144672 0.000111971 0.17082 0.0076204 2.49396e-10 0.000795785 0.0137035 0.0137905 0.0415522 0.000929185 3.01104e-05 0.00397967 0.0118515 0.000383617 0.000644186 0.0195956 0.000115782 0.00336188 4.18317e-10 0.00033906 7.99796e-05 1.70083e-05 0.0309163 
0.00711325 0.624728 0.000409417 0.000877214 0.000159264 0.00704145 0.0559593 0.000437173 1.04333e-11 0.000173259 0.0585673 0.0462342 0.123089 0.000216764 0.000118831 1.77333e-11 0.0243064 2.1269e-06 0.000330073 0.0191092 1.3668e-05 0.00373114 3.38541e-08 0.00698899 0.0151884 0.000223822 0.0049819 
9.81423e-05 0.340351 0.00384537 0.00294951 0.0285058 0.00391355 0.130289 0.00374707 0.000586606 1.29335e-05 0.138241 0.0792424 0.0487663 0.0103206 0.000242987 0.00131024 0.0347759 0.00276609 0.000348182 0.000140149 0.00394823 0.011617 6.1454e-05 0.127292 2.82738e-05 0.0230189 0.00358216 
0.00146259 0.409471 0.0103712 0.00436611 0.00234757 0.0121393 0.0605376 0.000296787 0.000174771 0.0121753 0.115519 0.0190367 0.11875 0.000174035 0.00273632 0.000497759 0.0190914 3.96989e-05 0.000149131 0.119903 0.000107538 0.0130077 0.000264159 0.00980502 0.0119668 0.000213744 0.0553955 
0.00731878 0.496268 1.71325e-05 0.000134294 0.0146262 0.00205704 0.00490899 4.36162e-07 2.28138e-07 3.88637e-10 0.0967496 0.0934164 0.023767 0.159903 2.633e-05 4.8594e-10 0.0564317 4.65111e-10 0.0104027 3.05379e-06 0.000448842 0.0113127 0.00511837 0.00993779 4.84645e-08 4.48878e-08 0.00715149 
0.000100534 0.770843 0.000277252 0.000711192 2.65025e-05 0.0137752 0.000178094 0.000877752 2.90143e-07 2.06042e-05 0.0238064 0.0298955 0.0560807 4.29108e-05 4.5068e-08 3.48854e-07 0.000541864 0.000246276 7.26372e-05 3.52674e-05 2.03912e-05 0.00775108 9.68566e-11 0.090628 3.72221e-06 2.97563e-06 0.00406106 
0.000167907 0.230358 0.0681853 0.00266275 0.00415587 0.000482032 0.056412 7.40182e-05 7.51562e-08 1.0583e-06 0.183438 0.0354478 0.22293 0.00197109 0.000229818 0.0733588 0.00633327 0.00309543 0.00432549 0.000681738 0.00112178 0.00248359 0.000170483 0.00449485 0.0910164 0.00464579 0.00175633 
0.0195674 0.558492 0.000115183 0.00663919 0.0230152 0.00739545 0.0105078 0.0146036 4.39457e-06 4.32429e-05 0.0393453 0.0830749 0.0478656 0.00994485 1.2917e-06 0.00660444 0.02362 0.00579492 0.000910398 4.41724e-05 0.00273434 0.0691963 2.19531e-05 0.0508735 0.00941009 0.000193816 0.00998087 
0.000895665 0.358832 0.0319037 0.000583258 0.101855 0.0445086 0.00103927 0.0432137 0.000670727 3.81107e-05 0.0133436 0.02289 0.00669556 0.0419077 0.000217545 0.0146076 0.00924213 0.210846 5.23862e-06 8.75624e-05 0.0673632 0.00684309 4.1026e-08 0.0211364 7.58973e-09 0.00051322 0.000760945 
0.000779617 0.438804 0.0292806 0.00227953 0.00736675 0.2236 0.0207197 0.00636562 0.000128583 6.66571e-05 0.0578893 0.0153257 0.0902206 0.00793879 1.2056e-05 5.59262e-10 0.0158982 0.00065774 0.000115002 0.00320125 0.00137323 0.00563363 0.000207829 0.0351703 0.0243546 0.00344066 0.00917047 
0.000182122 0.451859 0.00803311 0.00308936 0.0703454 0.00118582 0.0125431 0.00412726 8.12075e-07 4.18352e-06 0.185214 0.0672365 0.0098544 0.0715105 1.42176e-05 3.65739e-09 0.0759393 6.13201e-05 0.013863 4.08463e-06 0.0154561 0.000538746 4.88638e-06 0.00426807 6.12441e-06 0.00382899 0.000829118 
0.00112274 0.328601 0.01061 0.0154345 0.0388902 0.0104911 0.0589588 0.00180585 0.00017031 0.00015589 0.0403919 0.155645 0.120399 0.00250345 0.000255985 2.40706e-07 0.0659882 2.18623e-05 0.000981319 0.001614 0.00190562 0.0635952 0.000258502 0.0507171 0.00015027 0.00847863 0.0208531 
0.000169092 0.501993 0.0601921 0.228546 0.0301765 0.00115148 1.84587e-05 0.00667458 4.98837e-06 0.00055399 0.0346709 0.00730159 0.000728193 0.0134763 1.69551e-08 1.25782e-08 0.0113296 1.20391e-08 0.000296334 0.00609732 0.00138931 8.50564e-06 1.24128e-08 0.0366333 4.63911e-06 6.03956e-08 0.0585838 
0.000162873 0.175784 0.00800333 0.00246966 0.0246719 0.0094636 0.167005 0.000263891 0.000410628 3.43951e-06 0.0423028 0.0852165 0.139077 0.0280719 0.00100815 2.76713e-08 0.0581014 0.000255406 0.000186164 0.0102718 0.00370085 0.0212522 0.000154209 0.0590074 0.00126831 0.13441 0.0274781 
0.00370363 0.595025 0.0114977 0.0020692 0.0207842 0.0063979 0.0314047 0.0113568 0.000245918 8.82831e-06 0.0739187 0.023011 0.132001 0.00740536 6.46774e-06 0.00030661 0.0196583 0.00201374 0.000440548 0.00039424 0.00321257 0.0128946 0.000219726 0.0217648 0.0088496 0.0029047 0.00850429 
0.00654029 0.478405 0.00295259 0.000399814 0.0619276 0.0186822 0.00470553 0.00170833 0.000572221 2.69361e-06 0.044544 0.0105409 0.207627 0.00871507 3.94747e-06 6.19219e-05 0.00947151 3.92751e-05 8.24898e-05 1.12658e-05 0.00375241 0.0180229 0.000335013 0.112864 1.53055e-05 0.0018691 0.0061482 
0.00466456 0.296311 0.166794 0.00217475 0.0868836 0.0271597 0.0175121 0.000331094 0.000233022 5.83291e-05 0.0618744 0.0856489 0.140782 0.0139505 7.40753e-10 5.49532e-10 0.0512688 5.03361e-05 0.000104983 0.003357 0.00244029 0.00125337 1.02501e-06 0.0120211 0.00739753 0.0078348 0.00989268 
0.0017493 0.258742 0.0834057 0.000239264 0.0137284 0.256357 0.0322865 0.000309114 0.00336892 4.63143e-06 0.0207028 0.00981765 0.117952 0.0236405 2.68429e-05 0.0171243 0.00263409 0.000144816 1.78496e-05 3.85883e-05 0.00232465 0.00556002 5.63243e-08 0.12165 0.000185043 0.00297635 0.0250143 
0.00459953 0.371779 0.00408052 0.000758794 0.0260142 0.0179575 0.022027 0.00697488 2.95149e-05 3.42406e-07 0.0783242 0.280975 0.0555395 0.0282804 4.10627e-05 5.96651e-08 0.0158572 0.0049382 2.11506e-06 0.00231513 0.000778471 0.0277712 4.57959e-06 0.0422769 0.000193437 0.000661957 0.00781879 
0.000480947 0.282564 0.0113697 0.00188407 0.0632264 0.0237406 0.218537 0.000191225 4.19705e-06 1.41987e-05 0.0498618 0.0239722 0.133329 0.00915848 1.42701e-06 3.05541e-10 0.0226519 0.001654 0.000746153 0.00180248 0.00719562 0.0148291 0.000305664 0.0153878 0.107883 0.00039377 0.00881477 
0.000181654 0.524721 0.0591278 0.00352993 0.0119949 0.0165021 0.00327784 0.00338342 6.24736e-05 7.31292e-06 0.106973 0.0159896 0.0212321 0.0240904 1.92529e-05 4.64668e-07 0.000795894 4.08408e-06 0.000322788 0.000352684 6.87037e-05 0.126461 3.88079e-05 0.0457725 0.0101652 0.0108532 0.0140709 
0.00214105 0.436233 0.0126779 0.00647034 0.0257356 0.0227756 0.059302 0.00363429 0.000389026 3.84287e-05 0.0976887 0.0470237 0.132595 0.0289863 0.0015971 0.000450414 0.0272353 0.00502146 0.00106656 0.000490478 0.00245222 0.0211035 0.000136889 0.0446931 0.00852806 0.00197397 0.00955941 
0.000315924 0.435 0.0185746 0.00423058 0.0554539 0.00187284 0.09911 5.27696e-05 0.00106824 5.21314e-05 0.0897899 0.0345801 0.0576331 0.00413366 1.80523e-05 4.76461e-07 0.048965 0.002903 0.0103031 8.78256e-05 0.0863325 0.00446891 1.1228e-05 0.00579816 0.0210717 0.0084352 0.00973735 
0.000318606 0.300065 0.00734049 1.85061e-05 0.00738825 0.0356833 0.051279 9.41096e-05 0.000200975 2.04176e-06 0.152951 0.0713379 0.0799951 0.209283 4.78267e-06 3.11244e-06 0.00496545 8.99328e-07 2.27972e-06 1.05709e-08 0.000529059 0.0240884 0.000189013 0.0527233 1.91929e-05 1.27175e-05 0.001505 
0.00075332 0.255236 0.133566 0.000583084 0.00137028 0.0288027 0.0437803 0.00116261 9.09794e-05 0.00159223 0.0932672 0.00391907 0.190553 0.00153867 3.3544e-05 3.53815e-06 0.018689 0.000435642 9.67836e-06 0.150581 7.82173e-05 0.000810077 1.55867e-09 0.000433239 0.0412627 0.000254005 0.0311941 
0.000317868 0.612879 0.00518219 0.00244432 0.0153119 0.00311156 0.065223 0.0004227 1.72455e-08 2.34425e-08 0.0341892 0.00888285 0.152941 0.00144096 0.000349684 2.93118e-08 0.0103533 1.38444e-05 0.000298427 0.0690541 0.00486249 0.0060479 6.36854e-05 0.00193569 0.000440281 1.16233e-05 0.0042221 
2.44787e-06 0.639866 0.00133236 0.00530625 0.0454426 1.59049e-06 9.94971e-07 0.000402767 2.77468e-06 0.000162223 0.0252344 0.000686058 4.37883e-07 8.57667e-07 6.35711e-06 4.71606e-06 0.0447499 4.51392e-06 0.0442547 3.94792e-06 7.78598e-05 0.115789 0.000340899 0.00461781 8.60988e-07 4.19691e-05 0.0716663 
0.000169092 0.501993 0.0601921 0.228546 0.0301765 0.00115148 1.84587e-05 0.00667458 4.98837e-06 0.00055399 0.0346709 0.00730159 0.000728193 0.0134763 1.69551e-08 1.25782e-08 0.0113296 1.20391e-08 0.000296334 0.00609732 0.00138931 8.50564e-06 1.24128e-08 0.0366333 4.63911e-06 6.03956e-08 0.0585838 
0.00119461 0.505816 0.0183127 0.000677423 0.0239348 0.0199954 0.0738653 0.0425274 0.0245256 0.000261227 0.000420759 0.00191811 0.019784 0.000469829 5.92278e-05 6.52515e-07 0.000368483 0.000319842 1.51559e-05 0.193014 0.00797113 0.000995446 6.43934e-07 4.66463e-05 0.0039683 0.0585731 0.000963687 
0.00314936 0.729134 0.00108337 0.00263658 0.000646834 2.51063e-07 0.00127797 6.05755e-07 1.19475e-05 1.11429e-10 0.00995498 0.162883 0.0131264 0.00041057 8.17632e-08 1.39328e-10 0.0364177 5.89126e-05 0.00857067 6.72481e-05 0.00011706 0.00677986 1.37495e-10 0.00336162 3.59325e-08 1.5851e-11 0.020311 
1.39416e-05 0.330249 0.0117981 0.000259894 0.05303 0.000550022 0.0885269 7.69414e-06 1.19039e-05 2.2253e-07 0.2434 0.0142561 0.0699673 0.00559103 3.10957e-05 5.61245e-08 0.0437774 0.000153212 0.0276257 0.000158705 0.000409156 0.0149844 1.39746e-07 0.00445394 5.29461e-05 0.000142407 0.090549 
2.5105e-05 0.940584 0.0127428 1.2559e-06 0.00332208 0.000214928 0.00702322 0.000187984 0.000968119 2.97818e-08 0.00189325 0.00177468 0.0140416 0.00533671 3.0571e-05 0.000292628 0.00422377 8.73305e-05 3.55828e-05 2.21613e-05 0.000352086 0.0038997 1.85207e-05 0.00261374 2.80711e-05 6.30985e-06 0.000273397 
0.00682812 0.182391 0.0172216 0.0371958 0.0738749 0.107217 0.0117181 0.00134414 0.0410064 5.01535e-06 0.174291 0.0658131 0.0538887 0.05568 2.39367e-05 1.75946e-06 0.0399734 0.00316413 0.000482743 0.000104699 0.0015046 0.0327176 0.00864693 0.0342645 2.46161e-05 0.000505986 0.0501105 
0.001783 0.329782 0.000139623 0.0348964 0.0698511 0.0053974 0.105845 0.000964182 1.88014e-06 2.19165e-06 0.0257441 0.096845 0.0713144 0.0650308 2.29428e-05 5.36009e-05 0.0933513 0.00635197 0.000750508 0.00103494 0.0353537 0.0189317 7.23899e-07 0.0109311 0.00284219 0.000107189 0.0226713 
0.00065938 0.172452 0.108243 0.000556819 0.0128016 0.0464676 0.0834777 3.57856e-07 0.105117 0.000114738 0.0690707 0.00135059 0.143233 0.0767064 3.00059e-07 8.84322e-08 0.00416713 0.000226906 0.000799225 0.105062 3.37515e-07 0.0476426 9.25019e-07 0.0125086 0.00199583 0.00124532 0.00609978 
0.00161004 0.416746 1.88501e-07 0.00202009 0.00448076 1.45062e-08 0.00190396 0.00176435 1.51284e-07 1.40789e-10 1.84681e-07 0.26573 0.00416289 2.30936e-07 8.59154e-08 1.61406e-07 0.0594309 4.35706e-08 4.11533e-07 9.57735e-08 0.00140632 0.00319506 4.92417e-07 0.233568 4.75588e-07 2.01789e-07 0.00397938 
0.00119543 0.793243 8.75044e-06 0.00204862 0.00110265 0.00122112 0.000567828 0.000805889 6.55107e-08 2.20307e-06 0.0108917 0.0395921 0.0483025 0.000234035 0.000111464 0.00126397 0.0261703 7.3286e-06 3.06677e-05 0.000643982 7.51927e-05 0.0593019 2.48541e-07 0.00320192 0.00390795 3.28394e-07 0.00606836 
0.000614217 0.676013 0.0953588 0.00086902 0.0496281 0.0130663 0.00575774 0.000730662 0.000942187 1.895e-06 0.0292396 0.00932801 0.0516961 0.00343223 2.17427e-06 0.00187733 0.00449555 0.000498308 0.00178598 0.00161615 0.00907051 0.0138176 2.54134e-05 0.0230801 4.83056e-05 0.00390765 0.0030971 
0.00242876 0.865811 0.00119194 0.0020176 7.70622e-05 1.17542e-06 5.43283e-05 0.00651773 0.000289587 1.70707e-05 0.00256606 0.00119635 0.000136994 0.0649984 4.69809e-06 0.0140874 0.0344158 3.33592e-06 0.00297148 1.22099e-05 9.86149e-05 0.000188921 3.43947e-06 0.000384152 6.09231e-06 0.000222154 0.00029805 
0.000769778 0.930473 0.00748923 0.000847977 0.00388106 0.0140014 8.87745e-05 0.00201401 0.000538432 0.00212994 0.00277346 0.00170286 0.0250272 7.20747e-05 1.83041e-06 1.82201e-09 0.000228819 1.68605e-06 7.94758e-06 0.000684949 0.000196528 0.000797644 1.79805e-09 0.000255292 0.00367207 0.000472846 0.00187132 
9.8897e-05 0.494517 0.00122306 0.00907926 0.000301261 0.00494322 0.0369914 0.000207779 3.46741e-12 4.71339e-12 0.00386685 0.0115664 0.39453 2.4119e-08 0.000150951 5.89347e-12 0.00412437 2.8606e-05 1.87871e-07 0.00190145 0.000335858 0.0332918 5.81596e-12 0.000941396 0.000563018 1.36686e-05 0.00132336 
0.000649662 0.755121 0.00158812 0.000710413 0.000862264 0.00300521 0.000852214 0.0001441 3.75967e-05 3.17798e-07 0.00682577 0.00566959 0.02805 0.000986409 3.71546e-05 0.169697 0.000588442 0.000244716 1.45401e-05 5.09471e-06 2.45982e-05 0.00599371 1.08165e-05 0.0186244 1.03781e-08 1.33913e-07 0.000256221 
0.000789924 0.331584 0.266444 6.13711e-06 0.0144681 1.18571e-07 0.0197973 5.71056e-05 2.06853e-07 0.000665411 0.330228 3.41162e-05 0.0338487 6.39393e-08 4.30454e-05 2.74218e-05 3.89249e-05 3.36514e-07 2.89855e-05 0.000905478 7.42043e-08 0.000205095 3.4696e-07 7.88257e-08 7.36462e-05 3.82189e-07 0.000752112 
0.00252529 0.451301 0.00739098 0.00157223 0.0172748 0.0146409 0.12523 0.00313802 0.000143504 3.34868e-07 0.0398073 0.0660951 0.113271 0.0790261 9.72651e-06 8.74367e-10 0.0114573 0.00115384 0.000601425 0.000438916 0.00213176 0.00914702 9.55723e-05 0.026281 4.46813e-05 0.0196298 0.00759318 
1.38578e-08 0.460284 0.17407 0.0211002 0.0585585 0.0164308 5.63269e-09 0.0626367 1.57079e-08 2.13524e-08 0.0972621 2.5997e-09 0.0432115 9.07613e-06 5.37227e-06 2.66983e-08 0.0231299 2.5554e-08 0.0096275 2.75282e-05 6.52272e-06 0.0202916 2.63472e-08 1.36745e-05 4.87418e-09 3.03741e-09 0.0133352 
0.000731198 0.418767 0.0505516 0.11202 0.0192284 0.0332063 0.131434 0.00606028 0.000913067 7.83093e-05 0.0333848 0.0178767 0.05742 0.0259152 0.00477639 5.65384e-05 0.0212082 0.000376944 0.000145622 0.0471272 0.00253502 0.0014426 2.22731e-07 0.00253461 0.00785482 0.00037724 0.00397829 
5.21618e-05 0.781026 1.63697e-05 0.000488858 0.000670998 0.000444521 0.029404 0.00230944 2.71217e-05 1.07431e-05 0.0894434 0.0179663 0.00911454 0.000205488 2.07218e-05 1.18561e-06 0.0364859 0.00106919 0.00566381 3.63834e-05 6.39371e-05 0.00564296 5.29701e-05 0.00881353 2.16452e-07 6.71609e-05 0.0109019 
0.0374108 0.563439 0.0301107 0.0127382 0.0568954 0.0258795 0.000182614 0.0137242 5.61815e-07 2.56766e-07 0.0478031 0.0678692 0.0180125 0.0165823 8.36434e-07 4.50357e-08 0.0126951 0.00015979 0.000325877 0.000198234 3.66439e-05 0.00722505 0.00201432 0.0805666 2.24834e-08 0.000891455 0.00523791 
0.000129106 0.76172 0.0095645 4.95908e-05 0.07902 0.0171376 0.000395661 8.54266e-07 0.000296642 2.69966e-05 0.00511675 3.33616e-05 0.0572719 0.0114359 2.34218e-06 1.73756e-06 0.0124333 0.00015869 4.5424e-05 6.4633e-05 3.89819e-05 0.00393031 8.29644e-05 0.034709 6.59581e-05 0.00373749 0.00252987 
0.00158525 0.3964 0.00598107 0.0781947 0.0107102 0.00215632 0.0196913 0.000895675 9.84781e-06 5.41549e-08 0.0585181 0.112435 0.0731345 0.0254196 5.60252e-06 7.37084e-05 0.0344317 0.00200771 7.57279e-08 0.000605499 0.000472815 0.0302356 2.48006e-06 0.13865 5.17138e-06 7.19383e-05 0.00830567 
0.000769778 0.930473 0.00748923 0.000847977 0.00388106 0.0140014 8.87745e-05 0.00201401 0.000538432 0.00212994 0.00277346 0.00170286 0.0250272 7.20747e-05 1.83041e-06 1.82201e-09 0.000228819 1.68605e-06 7.94758e-06 0.000684949 0.000196528 0.000797644 1.79805e-09 0.000255292 0.00367207 0.000472846 0.00187132 
0.0156366 0.334814 0.00276564 0.00121737 0.0223799 0.00457516 0.00919047 0.0122359 0.000325203 2.03337e-05 0.0968556 0.299695 0.0196026 0.0438659 9.55406e-05 0.00141111 0.0580829 0.000849382 0.00122701 5.03049e-05 0.00539634 0.0226385 0.000304394 0.0144851 0.00104593 0.0118802 0.0193539 
0.000215875 0.557295 0.00465731 0.00165542 0.0014266 0.00382071 0.0570662 0.00265817 0.000181389 9.30053e-06 0.109368 0.0309115 0.106458 0.00250229 2.47893e-05 8.61415e-06 0.0583911 1.25971e-05 0.000142164 0.0108738 0.000140689 0.0179973 0.00010826 0.0158231 0.00988575 0.000510821 0.00785515 
0.00329186 0.273372 0.0120232 0.0284247 0.0565305 0.109217 0.0078129 0.0159937 0.0012018 6.41656e-05 0.0700696 0.120673 0.124468 0.0210063 3.93813e-05 0.00109748 0.0337428 0.000519457 0.00112077 0.000232017 0.00302944 0.0520771 3.71031e-05 0.0202293 0.00973284 0.00543919 0.0285543 
0.00549977 0.299272 0.0393324 0.00508886 0.00722321 0.0560482 0.00597734 0.00765035 0.00127243 4.15553e-06 0.0747943 0.164135 0.141696 0.00775034 1.88963e-05 1.46421e-08 0.0677605 0.000104117 0.00830235 0.00312244 0.0023898 0.020199 2.34167e-07 0.00395635 0.0100991 0.000924565 0.0673788 
0.00252529 0.451301 0.00739098 0.00157223 0.0172748 0.0146409 0.12523 0.00313802 0.000143504 3.34868e-07 0.0398073 0.0660951 0.113271 0.0790261 9.72651e-06 8.74367e-10 0.0114573 0.00115384 0.000601425 0.000438916 0.00213176 0.00914702 9.55723e-05 0.026281 4.46813e-05 0.0196298 0.00759318 
0.00221764 0.599038 0.0177492 0.0118929 0.0222363 0.021808 0.0131645 0.0256352 0.000192465 2.98427e-05 0.0363242 0.0322218 0.0168515 0.0130607 3.97495e-05 0.00190455 0.0183061 2.18821e-05 0.00124431 0.000279978 0.00200115 0.0122315 0.000385357 0.142878 0.00322349 0.00138778 0.00367458 
0.00115035 0.838121 0.00083036 0.000936441 0.00192187 0.00166718 0.000636003 0.000433833 1.67308e-05 5.2568e-06 0.0246828 0.0104454 0.0314412 0.00195082 0.000167521 0.0580672 0.00393909 0.000253852 7.01912e-05 1.94349e-05 0.000166874 0.00406532 7.70079e-05 0.0154214 1.28196e-06 0.000331843 0.00317927 
1.28822e-07 0.303451 0.00322108 3.78093e-05 0.0152473 6.08948e-05 0.29533 3.5856e-07 1.80514e-06 1.16679e-09 0.0371321 0.00564711 0.0376601 4.05249e-07 0.000363431 1.45892e-09 2.36324e-06 1.39639e-09 0.00836692 0.0939119 0.000156033 0.192877 8.55092e-06 0.0061011 1.01615e-07 0.000126918 0.000295071 
0.0113955 0.230153 0.0278351 0.0242422 0.101281 0.0129547 0.00565602 0.0106073 6.62859e-06 0.00216997 0.061782 0.12791 0.183787 0.0055348 4.31881e-05 2.96366e-05 0.0213395 0.000327882 0.0216962 0.00172405 0.00616493 0.061615 4.81353e-05 0.0615911 0.000555486 0.00139354 0.0181556 
0.000475316 0.452675 0.00011417 0.0155485 0.00376152 1.66895e-05 0.0799368 0.00219824 9.27095e-07 1.821e-06 0.0143578 0.104145 0.0157422 0.00585602 3.61614e-06 5.13313e-06 0.260837 0.00558698 0.000130463 2.24622e-05 0.000702583 0.00782049 8.01556e-05 0.00256316 0.000450289 0.0004832 0.0264849 
0.000102628 0.329955 0.00335736 0.00104531 0.0650937 0.00170664 0.225669 0.00204342 0.00120274 2.97859e-05 0.104183 0.0270189 0.0514085 0.0112862 0.000465248 0.00133579 0.0509241 0.00763771 0.000745215 0.000239024 0.0099909 0.00426418 0.000166637 0.0550441 4.67141e-05 0.0394235 0.00561544 
0.000116886 0.697719 0.0155249 0.000452295 0.0011241 0.0701138 0.00385542 0.000617722 0.00124555 5.85537e-07 0.0224342 0.143958 0.000747394 0.00330909 3.59566e-05 7.32137e-07 0.0308201 7.00756e-07 0.000816727 0.00039191 9.20453e-05 0.000523098 0.000304599 0.000314923 6.78056e-05 6.02682e-05 0.00535252 
1.66966e-05 0.701938 0.00739661 3.96004e-08 0.172228 0.0015139 0.00262374 0.000207721 0.000350127 4.51441e-09 8.45198e-07 7.21149e-06 0.00779629 0.00533914 1.15527e-06 1.14404e-06 0.000935422 2.88798e-05 6.31276e-09 0.00209082 0.0962176 0.00110195 5.57044e-09 5.16684e-06 7.23444e-09 0.000162241 3.78918e-05 
1.92934e-09 0.450078 0.0376289 0.00802735 0.0248887 4.63837e-05 4.7759e-05 3.67342e-05 2.18692e-09 2.97277e-09 0.136539 0.000124038 0.000651185 2.43362e-05 1.65396e-05 3.71706e-09 0.000178106 6.76327e-06 0.341405 1.89841e-05 5.89177e-05 0.000125449 3.66818e-09 4.15028e-05 2.02909e-05 3.25661e-06 3.2969e-05 
0.000415767 0.340994 0.111698 0.00508232 0.00109233 0.00135809 0.0474209 0.000151315 2.79072e-07 0.00101067 0.013089 0.00549855 0.291297 0.00713088 6.90996e-07 5.47506e-10 0.0260896 2.53369e-06 0.000579253 0.0127012 5.12216e-07 0.00973335 7.02454e-05 0.0020935 0.0650749 2.93915e-05 0.057386 
0.00241766 0.763855 0.000729587 0.000780012 0.00139081 0.0147033 0.000189536 0.00544665 5.08783e-06 8.81166e-05 0.0491708 0.0954249 0.00725434 0.00628565 1.69803e-05 6.95721e-11 0.00487367 1.09911e-07 4.07506e-07 3.91571e-08 0.000981902 0.00954107 8.97377e-08 0.0293016 3.94393e-06 0.000641371 0.00689694 
7.83182e-05 0.681849 0.00275211 0.000307649 0.000811602 0.00655147 0.114333 0.000275288 0.000334433 1.0786e-06 0.0399942 0.0287888 0.0459845 0.002713 0.00234658 8.01827e-11 0.040678 3.72935e-08 1.75481e-05 0.00790061 5.34364e-05 0.00528562 0.000488185 0.003638 0.00818961 1.51506e-05 0.00661279 
0.00103601 0.187814 0.0539698 0.00216413 0.0337997 0.00484198 0.0181111 0.00560453 0.000506611 0.000144601 0.0559097 0.0369801 0.125273 0.00194251 1.4655e-05 5.65335e-07 0.0930707 0.000126533 0.00947639 4.0356e-05 0.00602312 0.0228959 0.0683806 0.183521 2.45786e-05 0.00635037 0.0819762 
0.00532213 0.265001 0.0314666 0.000200477 0.0965767 0.0107118 0.0480752 0.00380929 0.00237006 0.000798189 0.0958883 0.0231963 0.025058 0.11548 0.000215859 1.56491e-09 0.056485 1.1522e-05 6.18136e-06 0.0461621 0.115839 0.00264511 4.07837e-05 0.00190748 0.000643577 0.0103441 0.0417455 
0.00323045 0.838321 0.000687462 1.22086e-10 0.00739392 0.00617873 0.0013478 0.000427454 1.42969e-05 2.92714e-10 0.00442663 0.0334253 0.0162344 0.0278551 8.38591e-07 1.64654e-08 0.0394798 2.61281e-05 1.17692e-06 7.48369e-07 0.00575657 0.00594606 1.71307e-05 0.00559992 4.88369e-08 2.49996e-06 0.00362615 
0.000313322 0.368286 0.000605642 0.0716809 0.000954744 0.0155997 0.000932006 0.00952579 0.000567742 0.00379243 0.0271766 0.155946 0.00939934 0.00454646 1.53253e-05 2.75445e-05 0.0185121 0.000491849 0.000407793 0.000113668 3.27147e-05 0.179217 0.000239076 0.103969 1.13779e-05 7.13262e-07 0.0276369 
0.00984496 0.381852 0.00145302 0.00101178 0.00080201 0.0684005 0.203424 0.000302746 1.04575e-08 2.02759e-06 0.00525102 0.00521266 0.248786 0.000557771 0.000346157 8.79565e-05 0.00938418 6.86136e-06 2.63156e-05 0.0364221 2.34159e-06 0.00698712 0.007664 0.0021074 0.00348193 2.13033e-05 0.00656183 
0.00874824 0.830326 0.0583158 5.79058e-07 0.0114447 0.0113785 3.66244e-07 0.0218897 0.0198954 1.38836e-06 0.00117485 7.63385e-07 0.013651 0.00184027 2.34002e-06 0.00107373 0.00751547 0.000670878 3.69412e-05 4.42011e-06 3.38612e-05 0.00425768 9.363e-05 0.00601861 4.60712e-07 1.97496e-07 0.00162443 
0.000769707 0.279614 0.000631323 0.164699 0.0465064 7.09593e-06 0.00436855 0.000408307 5.18741e-06 0.000795899 0.124186 0.019193 0.0765978 0.00185377 0.000250911 4.48185e-07 0.0193448 0.000749471 0.0116645 9.20383e-05 0.02496 0.0576957 2.04377e-05 0.0783409 5.31476e-06 0.000821156 0.0864184 
0.0215414 0.536971 0.000843353 0.0228667 0.0156349 0.00323212 0.0052463 0.00518059 4.35817e-05 0.00042679 0.0124234 0.256795 0.0132702 0.0129282 7.12998e-06 1.1572e-07 0.0516928 0.000454181 0.0010179 1.99686e-05 0.00243026 0.00810974 9.49937e-05 0.0149509 0.00172407 1.37138e-05 0.0120813 
0.000478636 0.561568 0.0164653 0.000218429 0.00786914 0.00185994 0.00404655 2.86981e-05 0.000343545 0.000318493 0.229317 0.00463223 0.0625966 0.0452229 0.000739535 7.87348e-07 0.003098 7.04433e-06 0.00103856 0.0239227 0.000500371 0.00114807 0.000415279 0.000194636 0.00022243 0.00304304 0.0307042 
0.0383818 0.31896 0.00508183 0.00305021 0.0495349 0.0779131 0.00536203 0.226514 0.000260958 2.28079e-05 0.0513341 0.0844841 0.0193126 0.0319255 0.000131839 1.84921e-05 0.0377557 1.40813e-07 0.00152216 0.000649293 0.00385589 0.00149598 0.000358319 0.0358535 9.88028e-05 0.000268929 0.00585336 
0.00585263 0.409345 0.0170124 0.0025543 0.0125263 0.0163236 0.00349638 0.00305914 0.00395525 1.52397e-06 0.154209 0.256786 0.0343344 0.0164249 6.25643e-07 6.04976e-09 0.0219864 1.93611e-05 0.000501237 0.00342273 0.000270844 0.0108327 0.000102265 0.00631158 1.10447e-09 0.0167884 0.00388296 
5.96511e-05 0.292985 0.0237427 1.79818e-05 0.00134139 0.0045328 0.0281064 9.7796e-05 2.32905e-09 3.02891e-06 0.216406 0.100698 0.0620664 0.0623504 3.43488e-07 3.95864e-09 0.127419 7.50793e-07 0.00595884 0.00449818 2.17099e-05 0.0106735 1.7185e-06 0.0150943 0.00128676 1.5032e-05 0.0426218 
0.0205921 0.582574 0.00781164 0.000394001 0.00712887 0.00620309 0.00927523 0.0188792 0.000894179 6.90187e-07 0.0446312 0.0228869 0.0278389 0.123493 2.38808e-05 1.15866e-09 0.0299431 4.94174e-05 2.36434e-06 0.0175297 0.000368531 0.00671415 0.000850499 0.0665173 3.19813e-08 6.71712e-06 0.0053906 
1.12527e-07 0.390769 0.0360941 0.00121458 0.132219 0.00035939 0.0098256 2.22638e-07 1.57404e-06 1.41925e-09 0.225671 0.0385561 0.0217364 0.000645405 2.15841e-07 1.07756e-10 0.123138 0.00138402 0.000218787 5.49853e-07 1.27458e-06 0.00086636 1.06339e-10 0.00333249 9.49621e-08 3.82296e-06 0.0139615 
0.00649162 0.488637 0.0223408 0.0113866 0.0263419 0.0105724 0.0259097 0.00411153 0.0107482 0.00574461 0.0896542 0.0245444 0.103886 0.00656151 2.60269e-05 0.00318306 0.0379081 0.00227024 0.00280045 0.000709181 0.00679255 0.0214015 0.0011029 0.033567 0.00854498 0.00507554 0.0396882 
0.000675739 0.699481 0.00641994 0.00854507 0.0167717 0.00212308 0.00325077 0.00267069 0.000440647 0.000691999 0.0576145 0.0586278 0.0427728 0.0439122 2.00324e-05 0.00217571 0.0031577 0.000141394 0.000112039 4.99544e-05 0.000891197 0.00600536 4.5289e-05 0.0316373 7.39026e-05 0.00427957 0.00741312 
0.00420452 0.63445 1.74598e-05 0.00175329 2.00919e-05 0.00856338 0.0745724 1.64056e-07 2.85564e-11 4.20018e-08 0.0319134 0.0139486 0.144561 0.000306483 0.000189436 4.85367e-11 0.00910642 6.48342e-08 0.000590829 0.0144389 0.000102233 0.00323053 4.78983e-11 0.0013028 0.0550875 1.19087e-06 0.00163928 
0.0181013 0.656051 0.000373761 0.111428 0.00299293 0.0139946 0.0361704 7.51204e-05 0.000214401 5.46921e-06 0.0237317 0.0166484 0.0271627 0.00567716 2.17347e-05 3.13468e-05 0.0564611 1.83396e-05 5.78745e-05 0.000913198 9.70576e-05 0.00746749 8.38735e-08 0.00456097 0.00670255 0.000195936 0.0108455 
0.00554766 0.267991 0.228138 0.00235061 0.0256267 0.231218 0.00128769 0.0201501 0.0436675 4.29691e-07 0.00762593 0.0228103 0.0472864 0.0251874 7.24227e-07 5.37272e-07 0.00772338 2.24192e-05 4.90703e-05 0.00261722 0.00791186 0.0033299 0.000243839 0.0289155 0.00358654 0.000180384 0.0165313 
0.0124584 0.387068 0.0309467 0.005517 0.000611613 0.148671 2.39233e-07 0.0123306 6.09086e-06 1.53548e-09 0.00731174 0.0519351 0.228484 0.00542309 1.77378e-06 1.91991e-09 0.00276226 6.1348e-06 4.07359e-06 1.7628e-06 7.77918e-08 0.0920782 1.89466e-09 0.0069308 0.000444682 5.12474e-08 0.0070071 
0.0159821 0.289826 0.114462 0.00562323 0.0101003 0.00247968 0.00034374 0.0546154 2.50272e-08 3.40205e-08 0.0470449 0.166586 0.0199134 0.00107198 5.73402e-08 4.25382e-08 0.0432859 0.00554659 0.0253464 3.56097e-08 7.97946e-06 0.167836 3.25364e-06 0.0121961 7.76598e-09 2.93801e-05 0.0176993 
0.00640794 0.316069 0.00182707 0.000351492 0.0068311 0.000482219 0.0398473 0.000464797 0.00230233 2.25766e-05 0.0531262 0.0784439 0.141536 0.000216185 6.72555e-07 4.34034e-09 0.0201269 0.0023649 1.52277e-05 1.79092e-06 0.00727856 0.074147 7.43312e-07 0.239151 0.00238288 0.000173673 0.00642836 
0.00194415 0.253052 0.0128386 0.00414153 0.0526997 0.00417645 0.00238238 0.0327994 0.00110414 0.000272786 0.186048 0.109047 0.00735493 0.0128981 3.35715e-05 3.21965e-06 0.0765596 8.00671e-05 0.13709 5.00629e-05 0.0289005 0.0025666 0.000233603 0.0457327 0.000109002 0.0202192 0.00766359 
0.0757911 0.214199 0.0356074 0.00322305 0.04279 0.00457692 0.0224188 0.0036339 0.000577195 2.06027e-05 0.0996138 0.0417101 0.104971 0.00473602 9.09428e-05 9.87571e-07 0.0420407 4.74811e-05 0.000425813 0.00480454 0.04266 0.0342826 0.000957559 0.107664 0.00159723 0.000921032 0.110639 
0.00432285 0.640168 0.00649049 0.0310995 0.0349618 0.0915673 0.0305597 0.0203736 3.05005e-05 8.17609e-07 0.00829549 0.0278207 0.00509132 0.031226 4.80931e-06 7.11295e-07 0.0199313 8.697e-05 0.000324696 0.00197788 0.00244393 0.00816774 0.000466297 0.0325691 9.48521e-06 0.000399893 0.00160865 
