0.00110353 0.332906 0.00699581 0.000981818 0.000790397 0.0206879 0.000219374 0.0490738 0.0244724 5.70953e-07 0.275615 9.36346e-06 0.00709784 0.210161 6.08996e-05 8.04716e-09 0.00664991 6.27003e-07 4.74538e-06 2.20911e-05 0.000813153 0.000370859 7.96695e-07 0.00018042 1.89364e-05 0.000220116 0.0615421 
0.00398053 0.199738 0.0516769 0.00321537 0.02946 0.0681221 0.023526 0.00520176 1.50609e-07 3.25291e-05 0.180869 0.0391724 0.131108 0.00527289 1.11581e-06 5.61383e-06 0.0605802 0.000231442 0.000754075 0.0044153 0.00182197 0.0427976 0.000504681 0.0905371 0.0197091 1.94546e-05 0.037246 
7.70695e-06 0.515848 2.50898e-05 0.000549825 0.00818355 0.000440348 0.224797 5.98622e-08 3.69863e-07 3.82929e-08 0.0542586 0.0259308 0.127984 3.1802e-07 0.00164579 1.11351e-10 0.00659342 3.70491e-05 0.000123422 1.64864e-06 7.17483e-05 0.0120438 6.27827e-07 0.0128377 0.000108347 6.22475e-05 0.00844797 
0.00100067 0.317596 0.00629202 0.0359913 0.00776455 0.000959646 0.0382185 0.00109868 3.41062e-05 2.68204e-06 0.0680564 0.0762982 0.0840972 0.00184092 1.84126e-06 2.26406e-07 0.0246316 0.000306864 0.000278081 0.000191991 0.00267398 0.218053 5.50575e-06 0.0734433 6.68741e-05 0.0122831 0.028812 
0.00706744 0.523206 0.0194176 0.000242612 0.0288476 0.014116 0.00660302 0.00866371 0.00648475 3.54884e-07 0.0255865 0.0629903 0.0449395 0.136256 5.4273e-07 0.00306759 0.0333257 0.0242219 0.000109046 0.000414638 0.0022534 0.0290072 0.000191672 0.00757712 0.00880093 4.64737e-05 0.00656261 
0.00212286 0.324176 0.156993 0.00137976 0.0709932 0.0263262 0.000160812 0.0330564 2.30462e-09 8.90267e-07 0.0129662 0.078371 0.0132079 0.180621 5.28015e-09 0.00199944 0.023366 4.92703e-05 0.00221952 0.0169503 0.0040305 0.00267686 4.08388e-07 0.02415 0.0175759 5.1502e-08 0.00660644 
0.000821482 0.422966 0.000112691 0.00288092 0.00990732 0.00193888 0.046553 7.78944e-05 0.000310152 9.87643e-06 0.0451891 0.160652 0.0250986 0.0011368 1.75841e-05 2.64971e-05 0.251662 0.000511932 0.00021273 0.000308782 0.00276027 0.00414533 8.78459e-05 0.00524623 0.0118362 0.00286348 0.00266556 
0.0199723 0.636584 0.0784675 1.90004e-07 0.00226874 0.00835398 0.00208433 0.0224672 0.000209574 4.55556e-07 0.0151905 0.00385123 0.0436695 0.00324381 1.52872e-05 0.0449055 0.000932026 0.000453188 0.000200044 1.34365e-05 0.0297691 1.09421e-05 4.55461e-05 0.0516322 9.48897e-07 4.33741e-05 0.0356149 
0.0119857 0.360968 0.0302619 0.00201429 0.0425009 0.0207889 0.00263499 0.0153989 0.00621556 1.82354e-07 0.0414331 0.0118584 0.0422181 0.0646705 1.3893e-05 2.2801e-07 0.0129007 0.000253021 9.33471e-06 0.00022721 0.0012784 0.0244695 8.50157e-05 0.277315 0.00099701 0.00388396 0.0256177 
0.00460088 0.273075 0.00774206 0.00490855 0.0159845 0.000283174 0.042384 0.00054504 8.43035e-06 0.0126337 0.0390613 0.00505745 0.218014 0.00167587 6.00741e-05 9.85564e-06 0.0142651 0.000171902 0.000870765 0.269047 0.000948677 0.00310558 4.76256e-07 0.000508219 0.0463806 8.00042e-05 0.038578 
0.00368727 0.930752 0.00122369 0.000133338 1.3403e-05 0.000815974 0.000113157 0.0159981 0.000218265 9.88179e-08 0.00183271 0.00425336 0.00922617 0.000175656 3.75676e-10 1.37954e-07 0.00174942 0.000326722 8.34022e-07 8.19492e-06 7.99236e-05 0.00175536 7.59066e-07 0.0238491 0.00296861 7.98422e-08 0.000817305 
0.000201152 0.328373 0.00371454 0.00040176 0.0761942 0.00107138 0.0126553 9.15009e-05 4.85179e-05 3.12907e-06 0.156343 0.303937 0.0520142 0.00233048 1.78245e-05 3.78139e-08 0.0325826 0.000171171 0.000224373 4.48802e-05 0.00388511 0.00332601 3.73166e-08 0.011839 1.05038e-05 0.00915843 0.0013615 
0.00210711 0.754942 0.0124638 0.00166042 0.00245992 0.0371711 0.00177532 0.00224255 6.37159e-07 0.0027764 0.0307608 0.0114193 0.0207235 0.00188758 1.89895e-05 4.91854e-09 0.0228794 0.000579806 7.80164e-05 0.000718493 0.000580636 0.0038755 0.000240705 0.0697297 0.00409121 4.01893e-05 0.0147765 
8.37711e-05 0.62712 0.0707806 0.000993227 0.0277309 0.00765397 0.0439047 0.00172644 1.59426e-05 9.29003e-07 0.0235186 0.0125905 0.0802458 0.00736297 7.09891e-05 3.46916e-10 0.00556146 1.2534e-05 1.6294e-05 0.0378243 3.13494e-07 0.0053754 0.000116511 0.0198896 0.0169249 1.35674e-06 0.0104774 
0.0137611 0.420473 0.0194604 0.00325307 0.0874466 0.0711578 0.00728829 0.0304646 0.00337397 1.31592e-05 0.0647803 0.0601668 0.0648748 0.0123299 6.55145e-05 0.00137584 0.0473275 0.000497323 9.05228e-05 0.000897881 0.00695668 0.0133457 0.000425027 0.0456114 4.37645e-05 0.00819496 0.0163248 
0.00144447 0.26509 0.0126513 0.00583619 0.0435696 0.00343746 0.157628 0.00751622 0.00188589 0.00139546 0.11581 0.049224 0.0903943 0.00410879 0.000942166 6.66988e-06 0.0368614 0.000846697 0.00361239 0.00276069 0.00173362 0.0141627 0.000288605 0.0934446 0.00795218 0.00878328 0.0686123 
0.00613976 0.212792 0.018812 0.0265479 0.0345001 0.00575737 0.0264538 0.0136593 0.00188492 0.00883497 0.154921 0.10386 0.0715279 0.00959489 0.000227166 0.00114669 0.0965557 0.00192675 0.00173659 0.00310961 0.00618088 0.0761125 0.00181554 0.0561688 0.00326002 0.00803059 0.048444 
0.000925568 0.302121 0.0357719 0.000714742 0.0270555 0.0694963 0.00624399 0.000963286 1.9006e-05 3.62842e-06 0.11688 0.0186019 0.18708 0.0113185 9.39914e-06 2.65855e-08 0.0111685 0.000624732 0.000172614 0.000813024 0.00289599 0.0223582 7.75485e-05 0.162713 0.000938931 0.00778956 0.0132437 
9.81423e-05 0.340351 0.00384537 0.00294951 0.0285058 0.00391355 0.130289 0.00374707 0.000586606 1.29335e-05 0.138241 0.0792424 0.0487663 0.0103206 0.000242987 0.00131024 0.0347759 0.00276609 0.000348182 0.000140149 0.00394823 0.011617 6.1454e-05 0.127292 2.82738e-05 0.0230189 0.00358216 
0.000915039 0.464551 4.74024e-05 0.00913603 4.23083e-05 0.0177562 0.00222447 0.00011627 8.10363e-06 1.39202e-05 0.124108 0.137781 0.153085 0.00247241 3.50803e-11 8.54304e-08 0.0408135 0.000645893 0.000148741 0.00031858 7.57369e-05 0.0168916 9.16972e-06 0.0257427 3.32913e-05 4.7371e-07 0.00306381 
0.000136507 0.482092 7.04156e-05 1.49701e-09 0.00323869 0.00450159 2.4627e-06 1.30202e-05 2.45586e-05 3.58925e-09 4.05318e-06 0.137514 7.79264e-06 8.1617e-10 6.04953e-09 4.48788e-09 0.358508 4.29552e-09 1.15488e-05 1.87883e-05 9.47201e-10 3.4026e-06 3.10464e-06 1.42889e-05 8.20149e-07 1.94069e-06 0.0138317 
6.46375e-07 0.564952 0.0311712 0.000388414 0.00486661 0.00201163 0.10529 0.000365778 0.000360089 5.60286e-06 0.0567885 0.00403421 0.16483 0.000280726 1.74107e-06 3.37448e-09 0.0111865 0.017295 0.00274957 1.79062e-05 0.00085064 0.00120956 4.0416e-07 0.0199511 0.00385921 0.000840435 0.00669204 
0.000100534 0.770843 0.000277252 0.000711192 2.65025e-05 0.0137752 0.000178094 0.000877752 2.90143e-07 2.06042e-05 0.0238064 0.0298955 0.0560807 4.29108e-05 4.5068e-08 3.48854e-07 0.000541864 0.000246276 7.26372e-05 3.52674e-05 2.03912e-05 0.00775108 9.68566e-11 0.090628 3.72221e-06 2.97563e-06 0.00406106 
4.76962e-05 0.374142 0.000125636 0.000408127 0.0523732 0.000590791 0.251111 1.41226e-11 7.40171e-08 7.66795e-09 0.082372 0.0187554 0.134302 0.000998535 0.00240777 9.63094e-09 0.0178164 2.4579e-05 0.0035689 0.000231732 0.000483974 0.0164711 1.25641e-07 0.0151693 8.11523e-05 0.000129868 0.028389 
0.00125578 0.59504 0.00205015 0.00659891 4.42009e-06 0.00855384 0.0932116 0.000543222 6.00204e-07 0.178348 0.00599034 0.00430915 0.0556776 3.46549e-05 0.00266633 7.42687e-06 0.00395225 6.20517e-06 0.000578977 0.0184301 3.84812e-05 0.00185322 3.38731e-08 0.00215274 0.00975138 1.74794e-06 0.00894245 
7.83182e-05 0.681849 0.00275211 0.000307649 0.000811602 0.00655147 0.114333 0.000275288 0.000334433 1.0786e-06 0.0399942 0.0287888 0.0459845 0.002713 0.00234658 8.01827e-11 0.040678 3.72935e-08 1.75481e-05 0.00790061 5.34364e-05 0.00528562 0.000488185 0.003638 0.00818961 1.51506e-05 0.00661279 
0.000480947 0.282564 0.0113697 0.00188407 0.0632264 0.0237406 0.218537 0.000191225 4.19705e-06 1.41987e-05 0.0498618 0.0239722 0.133329 0.00915848 1.42701e-06 3.05541e-10 0.0226519 0.001654 0.000746153 0.00180248 0.00719562 0.0148291 0.000305664 0.0153878 0.107883 0.00039377 0.00881477 
0.0115667 0.369338 0.0213802 0.00891698 0.0696657 0.00116936 0.0631955 0.00546511 0.0420586 1.65817e-05 0.0158717 0.0158776 0.0153102 0.172644 0.00185875 3.04668e-05 0.0791277 0.000282902 0.00015217 0.000667058 0.00593535 0.00483453 0.000911551 0.065871 0.0120561 0.00195747 0.0138387 
0.0520949 0.363042 1.33917e-07 0.00116134 0.0173071 0.000204478 0.0143903 0.00216813 9.96539e-06 2.57379e-06 0.00157731 0.0985387 0.0198666 0.00295822 7.8059e-07 6.95234e-07 0.0257182 0.000259172 7.94587e-07 1.58511e-07 0.00666586 0.194365 0.00106313 0.14828 0.0116424 0.0329771 0.00570492 
0.00331317 0.254047 0.024029 0.0124362 0.062598 0.0111614 0.0133932 0.00885235 0.000318045 0.000550869 0.202404 0.0695342 0.12611 0.0169036 5.51301e-05 7.71905e-05 0.0365969 0.000416269 0.00107117 0.00877198 0.00380356 0.0258479 0.000419107 0.0635642 0.0160278 0.0192711 0.0184268 
0.00126453 0.49011 0.061419 0.00590166 0.0179042 0.0322644 0.00127778 0.00679125 0.00116537 0.0100831 0.0282298 0.0242018 0.275012 0.000766586 4.61188e-05 2.66499e-09 0.00278123 1.02289e-05 1.53898e-05 0.000883138 0.000725967 0.00307311 2.93974e-05 0.00646543 0.00239534 0.0115431 0.0156391 
0.000121345 0.362245 0.00142571 0.0123047 0.00792918 0.00434174 0.0878976 0.00058073 0.000345394 1.38358e-06 0.12492 0.0350649 0.0534065 0.00016213 1.02502e-05 2.75793e-09 0.251019 8.33256e-05 0.000379926 0.0105634 0.000431487 0.00277751 0.000109067 0.00184884 0.0303502 0.000187467 0.0114925 
2.44787e-06 0.639866 0.00133236 0.00530625 0.0454426 1.59049e-06 9.94971e-07 0.000402767 2.77468e-06 0.000162223 0.0252344 0.000686058 4.37883e-07 8.57667e-07 6.35711e-06 4.71606e-06 0.0447499 4.51392e-06 0.0442547 3.94792e-06 7.78598e-05 0.115789 0.000340899 0.00461781 8.60988e-07 4.19691e-05 0.0716663 
0.000169092 0.501993 0.0601921 0.228546 0.0301765 0.00115148 1.84587e-05 0.00667458 4.98837e-06 0.00055399 0.0346709 0.00730159 0.000728193 0.0134763 1.69551e-08 1.25782e-08 0.0113296 1.20391e-08 0.000296334 0.00609732 0.00138931 8.50564e-06 1.24128e-08 0.0366333 4.63911e-06 6.03956e-08 0.0585838 
0.00187576 0.56681 0.0336147 0.00746716 0.00779477 0.0163387 0.0239169 0.00655542 0.000192267 0.00149123 0.0587693 0.0219546 0.109833 0.00380275 0.00132782 0.000105139 0.00372536 6.72236e-05 0.00129873 0.0643903 0.00471817 0.00619295 5.45985e-05 0.0123718 0.0299556 6.68735e-05 0.0153091 
2.5105e-05 0.940584 0.0127428 1.2559e-06 0.00332208 0.000214928 0.00702322 0.000187984 0.000968119 2.97818e-08 0.00189325 0.00177468 0.0140416 0.00533671 3.0571e-05 0.000292628 0.00422377 8.73305e-05 3.55828e-05 2.21613e-05 0.000352086 0.0038997 1.85207e-05 0.00261374 2.80711e-05 6.30985e-06 0.000273397 
0.000480947 0.282564 0.0113697 0.00188407 0.0632264 0.0237406 0.218537 0.000191225 4.19705e-06 1.41987e-05 0.0498618 0.0239722 0.133329 0.00915848 1.42701e-06 3.05541e-10 0.0226519 0.001654 0.000746153 0.00180248 0.00719562 0.0148291 0.000305664 0.0153878 0.107883 0.00039377 0.00881477 
0.00272554 0.894896 0.000220071 0.000150484 0.00139941 0.00416258 0.00650116 0.000425864 1.4926e-05 8.97973e-05 0.00388111 0.048368 0.00621964 0.00199397 9.34636e-05 1.42227e-06 0.0253627 1.36131e-06 2.22755e-05 0.0006536 0.000289093 0.000679189 2.52148e-05 0.000188876 1.17033e-05 0.000713778 0.000908956 
0.00065938 0.172452 0.108243 0.000556819 0.0128016 0.0464676 0.0834777 3.57856e-07 0.105117 0.000114738 0.0690707 0.00135059 0.143233 0.0767064 3.00059e-07 8.84322e-08 0.00416713 0.000226906 0.000799225 0.105062 3.37515e-07 0.0476426 9.25019e-07 0.0125086 0.00199583 0.00124532 0.00609978 
0.00104276 0.676275 0.0103006 0.000405325 0.0185469 0.00315429 0.00537661 0.000162748 0.000852395 0.00343477 0.0447312 0.0825559 0.0283676 0.00874928 1.89388e-05 0.00254025 0.00895178 0.000140236 0.000172107 0.000192911 0.00544537 0.00549609 0.000271799 0.0248371 7.88549e-05 0.000198711 0.0677004 
2.73911e-06 0.248426 0.054175 0.00273145 0.0298031 0.00116836 0.0719468 0.000413462 0.000211741 1.01783e-05 0.0333083 0.00901381 0.248258 8.44364e-05 0.000307902 6.58715e-05 0.0424595 6.42099e-05 0.145995 0.0937734 0.000967902 0.00530492 0.000950953 0.00268652 1.23784e-05 9.07367e-06 0.00784811 
0.000696199 0.403242 0.015832 0.012317 0.0470082 0.0200625 0.00874223 0.0103529 0.000960301 0.00141167 0.0723458 0.0486092 0.0257052 0.00727075 6.9895e-05 0.000200887 0.0236284 0.00113969 0.00324274 0.00706811 0.00572301 0.0461052 0.00104455 0.205006 0.00209869 0.0027659 0.0273506 
0.00158257 0.415777 0.150028 0.00579704 0.0192326 0.151577 0.00662198 0.00316993 0.091736 3.98586e-05 0.0188862 0.0683441 0.0049737 0.0142679 6.46987e-07 2.85034e-08 0.0122376 2.72817e-08 1.76434e-05 0.00242208 6.49963e-05 0.00559606 0.000219919 0.00702752 0.000201606 2.13395e-05 0.0201565 
0.00150218 0.746977 0.00796968 0.00279228 0.0128896 0.00669337 0.0211721 0.00792885 1.96869e-05 2.43729e-09 0.0426283 0.0126696 0.0242044 0.00244598 5.04928e-05 3.04751e-09 0.0633636 2.91689e-09 0.000140949 0.000944313 0.000151029 0.0166504 2.07884e-05 0.0026235 0.000217542 0.000159695 0.0257849 
0.000731198 0.418767 0.0505516 0.11202 0.0192284 0.0332063 0.131434 0.00606028 0.000913067 7.83093e-05 0.0333848 0.0178767 0.05742 0.0259152 0.00477639 5.65384e-05 0.0212082 0.000376944 0.000145622 0.0471272 0.00253502 0.0014426 2.22731e-07 0.00253461 0.00785482 0.00037724 0.00397829 
0.0291145 0.18839 0.0105299 0.0375028 0.0697132 0.00446344 0.000553478 0.0969954 0.00306035 4.37468e-05 0.0466848 0.0512506 0.0735233 0.013815 2.34923e-06 0.000319203 0.0795732 0.00422758 0.00694219 0.000420727 0.00544637 0.0991782 0.000211275 0.0695584 7.51886e-05 0.0473056 0.0610987 
3.74117e-05 0.582897 0.0578203 0.0391448 0.00487024 0.000483729 0.165338 0.0188179 5.82741e-06 3.16706e-07 0.0201366 3.49377e-05 0.0458717 0.0101061 5.75081e-05 3.95999e-07 0.0309894 4.51848e-05 2.41651e-05 0.0121671 0.000621483 4.45672e-05 3.90791e-07 6.2077e-05 8.42515e-05 0.00859332 0.00174523 
0.000308438 0.322715 0.0155664 0.0122109 0.0891821 0.000654632 0.00201677 0.0195348 0.000360129 0.019593 0.0601049 0.0642849 0.0277981 0.0589913 9.56089e-05 0.00349934 0.0192776 0.000591378 0.000416638 0.0146289 0.00178197 0.0318236 0.000141606 0.023029 0.00274074 0.0063075 0.202345 
0.000129106 0.76172 0.0095645 4.95908e-05 0.07902 0.0171376 0.000395661 8.54266e-07 0.000296642 2.69966e-05 0.00511675 3.33616e-05 0.0572719 0.0114359 2.34218e-06 1.73756e-06 0.0124333 0.00015869 4.5424e-05 6.4633e-05 3.89819e-05 0.00393031 8.29644e-05 0.034709 6.59581e-05 0.00373749 0.00252987 
0.00135811 0.36843 0.00256433 0.0161925 0.0301312 0.000229478 0.0026151 0.000739526 6.80707e-05 0.000760325 0.0804706 0.0324816 0.0459363 0.000372958 2.12779e-06 6.77045e-08 0.00800381 0.000145192 0.00137392 0.000284137 0.000411426 0.0729197 0.00166608 0.324818 4.89012e-06 3.35533e-05 0.00798637 
0.000215875 0.557295 0.00465731 0.00165542 0.0014266 0.00382071 0.0570662 0.00265817 0.000181389 9.30053e-06 0.109368 0.0309115 0.106458 0.00250229 2.47893e-05 8.61415e-06 0.0583911 1.25971e-05 0.000142164 0.0108738 0.000140689 0.0179973 0.00010826 0.0158231 0.00988575 0.000510821 0.00785515 
0.00252529 0.451301 0.00739098 0.00157223 0.0172748 0.0146409 0.12523 0.00313802 0.000143504 3.34868e-07 0.0398073 0.0660951 0.113271 0.0790261 9.72651e-06 8.74367e-10 0.0114573 0.00115384 0.000601425 0.000438916 0.00213176 0.00914702 9.55723e-05 0.026281 4.46813e-05 0.0196298 0.00759318 
0.00540559 0.57194 0.0400012 0.00044775 0.00656083 0.00956561 0.00998017 0.000747789 0.00010411 2.57887e-05 0.0744124 0.0594447 0.127124 0.00770173 2.22878e-05 0.0177076 0.000953417 4.56117e-05 4.99478e-05 0.000666002 0.000820577 0.0312062 7.03037e-05 0.0241155 1.69867e-05 2.4524e-05 0.0108389 
4.63789e-07 0.75761 0.00225017 0.0180608 0.0670063 2.01189e-06 0.00480497 0.000833303 1.08162e-06 1.90514e-07 0.00141636 0.0078883 0.0845231 0.000546769 3.01338e-07 4.29784e-09 0.0134935 0.000236819 3.69024e-05 2.08208e-06 0.00130995 0.0251285 4.24132e-09 0.00102786 1.88662e-05 2.11492e-05 0.0137805 
0.0010041 0.370984 0.0231332 0.00237759 0.0230936 0.0108233 0.188231 0.00834571 0.0014662 4.61777e-06 0.131479 0.0304015 0.0729229 0.00909016 0.00113355 9.34175e-08 0.0612021 0.000623367 0.000277686 0.00515186 0.00166775 0.0121631 0.00032825 0.0122753 0.0152349 0.00205957 0.0145258 
0.000167907 0.230358 0.0681853 0.00266275 0.00415587 0.000482032 0.056412 7.40182e-05 7.51562e-08 1.0583e-06 0.183438 0.0354478 0.22293 0.00197109 0.000229818 0.0733588 0.00633327 0.00309543 0.00432549 0.000681738 0.00112178 0.00248359 0.000170483 0.00449485 0.0910164 0.00464579 0.00175633 
0.0167695 0.280361 0.0141795 0.00566335 0.00991558 0.0400439 0.0447264 0.00524972 2.56759e-08 1.54641e-07 0.0726034 0.174833 0.169925 0.027502 0.00173437 1.32348e-10 0.00889254 0.000957091 0.000442331 0.029859 0.00313132 0.00411791 5.49418e-07 0.0607099 0.00883745 0.0035363 0.016008 
0.00409287 0.257607 0.00627064 0.001885 0.0291447 0.0077517 0.058904 0.00307444 4.67639e-05 8.8483e-06 0.0917557 0.09689 0.154633 0.00778492 0.00054519 1.45441e-11 0.0486799 5.72697e-05 0.0542683 0.00880593 0.081835 0.0166633 0.00185881 0.00732918 0.00242145 0.0361363 0.0215504 
0.000102628 0.329955 0.00335736 0.00104531 0.0650937 0.00170664 0.225669 0.00204342 0.00120274 2.97859e-05 0.104183 0.0270189 0.0514085 0.0112862 0.000465248 0.00133579 0.0509241 0.00763771 0.000745215 0.000239024 0.0099909 0.00426418 0.000166637 0.0550441 4.67141e-05 0.0394235 0.00561544 
0.00287628 0.283977 0.0795749 0.00167223 0.132564 4.27077e-05 0.217343 0.000180479 1.48917e-07 1.3719e-07 0.0306928 0.000196166 0.0244095 0.0183675 3.51597e-05 1.27526e-09 0.0415568 0.00279151 3.78206e-05 0.0410777 0.00311864 0.000118622 8.82424e-08 0.000904423 0.0042482 2.46785e-05 0.114189 
0.000116886 0.697719 0.0155249 0.000452295 0.0011241 0.0701138 0.00385542 0.000617722 0.00124555 5.85537e-07 0.0224342 0.143958 0.000747394 0.00330909 3.59566e-05 7.32137e-07 0.0308201 7.00756e-07 0.000816727 0.00039191 9.20453e-05 0.000523098 0.000304599 0.000314923 6.78056e-05 6.02682e-05 0.00535252 
0.00812388 0.247969 0.0596055 0.00522591 0.109528 0.0042549 0.0124371 0.00487117 0.00113972 5.68024e-05 0.102665 0.0415689 0.131347 0.0102959 0.0214397 8.21555e-05 0.0916124 0.000589062 0.00101379 0.00320929 0.00947681 0.00649813 0.000727174 0.0257391 0.00795967 0.0368268 0.0557384 
0.000415767 0.340994 0.111698 0.00508232 0.00109233 0.00135809 0.0474209 0.000151315 2.79072e-07 0.00101067 0.013089 0.00549855 0.291297 0.00713088 6.90996e-07 5.47506e-10 0.0260896 2.53369e-06 0.000579253 0.0127012 5.12216e-07 0.00973335 7.02454e-05 0.0020935 0.0650749 2.93915e-05 0.057386 
0.00533212 0.380799 0.0132609 0.00707997 0.0516216 0.029175 0.0194916 0.00513091 0.00113439 7.30664e-07 0.096076 0.136486 0.037213 0.0376556 1.16775e-05 0.000825384 0.0556376 0.00284148 0.00134192 0.000260144 0.0144804 0.0480367 0.00132162 0.0347117 3.01036e-05 0.00492974 0.0151146 
0.000725466 0.312471 0.0146517 0.00429655 0.104893 0.0309928 0.0333651 0.00840039 0.000218922 2.81205e-06 0.281616 0.0434807 0.0243862 0.00862539 0.000322242 5.7176e-05 0.0605245 3.60639e-05 0.00473369 0.00527964 0.00838084 0.00380175 0.00129182 0.0318938 0.00036141 0.0034693 0.0117205 
0.00103601 0.187814 0.0539698 0.00216413 0.0337997 0.00484198 0.0181111 0.00560453 0.000506611 0.000144601 0.0559097 0.0369801 0.125273 0.00194251 1.4655e-05 5.65335e-07 0.0930707 0.000126533 0.00947639 4.0356e-05 0.00602312 0.0228959 0.0683806 0.183521 2.45786e-05 0.00635037 0.0819762 
0.000151986 0.341722 0.00351796 0.000947902 0.000806966 0.00121821 0.234627 4.85648e-05 1.09685e-05 2.72924e-06 0.054429 0.0113847 0.294517 0.000275682 0.000118816 5.65441e-11 0.00687962 0.000526522 0.00243703 0.00800801 0.00137847 0.00751951 1.7664e-05 0.00607283 0.00311019 0.000179241 0.0200919 
0.0269638 0.356355 0.064502 0.00443924 0.0179276 0.0559534 0.00470675 0.00475603 0.000173167 4.60558e-05 0.023268 0.0292018 0.154825 0.00429424 5.67101e-05 1.7193e-07 0.0832915 0.000472958 0.000205183 2.82427e-05 0.0135307 0.0190351 0.000252448 0.116685 1.30783e-05 0.00452812 0.014489 
0.00532213 0.265001 0.0314666 0.000200477 0.0965767 0.0107118 0.0480752 0.00380929 0.00237006 0.000798189 0.0958883 0.0231963 0.025058 0.11548 0.000215859 1.56491e-09 0.056485 1.1522e-05 6.18136e-06 0.0461621 0.115839 0.00264511 4.07837e-05 0.00190748 0.000643577 0.0103441 0.0417455 
0.000573063 0.554394 0.000588835 0.0588305 0.00341275 0.00638898 0.00038405 0.014105 0.000497739 4.90602e-06 0.109917 0.0239173 0.0487624 0.000773797 8.35695e-06 3.34485e-07 0.012392 2.81488e-06 0.00025579 0.000539731 5.6755e-06 0.00941256 8.30614e-06 0.134433 4.30036e-06 0.000100326 0.0202869 
0.0030094 0.266162 0.0110017 0.00351846 0.00940132 0.0444119 0.0141508 0.00237292 0.000410002 8.16199e-05 0.119894 0.0534431 0.247028 0.0110399 2.10966e-05 6.79537e-05 0.00791537 0.000845427 0.000957666 0.00160611 0.00077383 0.0402164 0.00157668 0.124093 0.0314719 0.000114332 0.00441634 
0.00323045 0.838321 0.000687462 1.22086e-10 0.00739392 0.00617873 0.0013478 0.000427454 1.42969e-05 2.92714e-10 0.00442663 0.0334253 0.0162344 0.0278551 8.38591e-07 1.64654e-08 0.0394798 2.61281e-05 1.17692e-06 7.48369e-07 0.00575657 0.00594606 1.71307e-05 0.00559992 4.88369e-08 2.49996e-06 0.00362615 
0.00178493 0.25927 0.109469 0.0299868 0.20988 0.00655258 0.0179108 0.00569145 0.000666797 3.30881e-07 0.0250001 0.00749179 0.213395 0.0140551 7.5563e-07 3.07805e-06 0.0268137 2.82799e-08 2.63577e-07 0.00533978 0.0132322 0.0298232 7.42328e-06 0.0088413 4.63856e-05 0.00150076 0.0132365 
0.00211341 0.938895 0.000312139 0.000215737 4.02683e-09 0.000894741 7.18655e-06 0.0153938 0.000195188 1.64119e-06 0.00188845 0.00548938 0.000118231 0.000234604 3.001e-10 2.61432e-08 0.00218006 4.9851e-05 5.2908e-08 4.91747e-07 4.92522e-05 0.000966544 1.13218e-07 0.0303636 4.46169e-06 2.57164e-09 0.000626251 
0.00223192 0.28948 0.00679317 0.000612928 0.0566467 0.0035625 0.0960025 0.000592289 0.000196447 3.51259e-06 0.158247 0.0178258 0.196025 0.0114601 0.000273139 0.001579 0.0618375 0.000625789 0.000374353 0.000239233 0.0034215 0.0252648 6.55501e-06 0.0241288 0.0181949 0.00256139 0.0218125 
0.00984496 0.381852 0.00145302 0.00101178 0.00080201 0.0684005 0.203424 0.000302746 1.04575e-08 2.02759e-06 0.00525102 0.00521266 0.248786 0.000557771 0.000346157 8.79565e-05 0.00938418 6.86136e-06 2.63156e-05 0.0364221 2.34159e-06 0.00698712 0.007664 0.0021074 0.00348193 2.13033e-05 0.00656183 
0.0111115 0.332958 0.00504083 0.00156238 0.00148006 0.0891699 0.0443944 0.00153922 1.66139e-05 2.03259e-06 0.0603276 0.051517 0.246716 0.0190299 0.000138602 3.97729e-06 0.0271947 0.000662795 0.00141682 0.0419424 0.000600283 0.0507843 0.00103541 0.00117889 0.00116507 0.000457203 0.00855349 
0.000769707 0.279614 0.000631323 0.164699 0.0465064 7.09593e-06 0.00436855 0.000408307 5.18741e-06 0.000795899 0.124186 0.019193 0.0765978 0.00185377 0.000250911 4.48185e-07 0.0193448 0.000749471 0.0116645 9.20383e-05 0.02496 0.0576957 2.04377e-05 0.0783409 5.31476e-06 0.000821156 0.0864184 
0.000130446 0.497893 0.000271211 0.000761707 0.00584474 0.00385908 0.00871428 0.000645888 0.000160899 3.58486e-07 0.0714692 0.130443 0.0688987 0.00432699 0.000210156 7.40632e-10 0.0699588 0.018606 2.34484e-05 4.79917e-05 0.000258864 0.00538704 6.76619e-05 0.102523 3.58976e-07 0.00159019 0.00790636 
0.0205921 0.582574 0.00781164 0.000394001 0.00712887 0.00620309 0.00927523 0.0188792 0.000894179 6.90187e-07 0.0446312 0.0228869 0.0278389 0.123493 2.38808e-05 1.15866e-09 0.0299431 4.94174e-05 2.36434e-06 0.0175297 0.000368531 0.00671415 0.000850499 0.0665173 3.19813e-08 6.71712e-06 0.0053906 
1.12527e-07 0.390769 0.0360941 0.00121458 0.132219 0.00035939 0.0098256 2.22638e-07 1.57404e-06 1.41925e-09 0.225671 0.0385561 0.0217364 0.000645405 2.15841e-07 1.07756e-10 0.123138 0.00138402 0.000218787 5.49853e-07 1.27458e-06 0.00086636 1.06339e-10 0.00333249 9.49621e-08 3.82296e-06 0.0139615 
0.00649162 0.488637 0.0223408 0.0113866 0.0263419 0.0105724 0.0259097 0.00411153 0.0107482 0.00574461 0.0896542 0.0245444 0.103886 0.00656151 2.60269e-05 0.00318306 0.0379081 0.00227024 0.00280045 0.000709181 0.00679255 0.0214015 0.0011029 0.033567 0.00854498 0.00507554 0.0396882 
0.000415767 0.340994 0.111698 0.00508232 0.00109233 0.00135809 0.0474209 0.000151315 2.79072e-07 0.00101067 0.013089 0.00549855 0.291297 0.00713088 6.90996e-07 5.47506e-10 0.0260896 2.53369e-06 0.000579253 0.0127012 5.12216e-07 0.00973335 7.02454e-05 0.0020935 0.0650749 2.93915e-05 0.057386 
7.83182e-05 0.681849 0.00275211 0.000307649 0.000811602 0.00655147 0.114333 0.000275288 0.000334433 1.0786e-06 0.0399942 0.0287888 0.0459845 0.002713 0.00234658 8.01827e-11 0.040678 3.72935e-08 1.75481e-05 0.00790061 5.34364e-05 0.00528562 0.000488185 0.003638 0.00818961 1.51506e-05 0.00661279 
0.00420452 0.63445 1.74598e-05 0.00175329 2.00919e-05 0.00856338 0.0745724 1.64056e-07 2.85564e-11 4.20018e-08 0.0319134 0.0139486 0.144561 0.000306483 0.000189436 4.85367e-11 0.00910642 6.48342e-08 0.000590829 0.0144389 0.000102233 0.00323053 4.78983e-11 0.0013028 0.0550875 1.19087e-06 0.00163928 
0.0181013 0.656051 0.000373761 0.111428 0.00299293 0.0139946 0.0361704 7.51204e-05 0.000214401 5.46921e-06 0.0237317 0.0166484 0.0271627 0.00567716 2.17347e-05 3.13468e-05 0.0564611 1.83396e-05 5.78745e-05 0.000913198 9.70576e-05 0.00746749 8.38735e-08 0.00456097 0.00670255 0.000195936 0.0108455 
0.00554766 0.267991 0.228138 0.00235061 0.0256267 0.231218 0.00128769 0.0201501 0.0436675 4.29691e-07 0.00762593 0.0228103 0.0472864 0.0251874 7.24227e-07 5.37272e-07 0.00772338 2.24192e-05 4.90703e-05 0.00261722 0.00791186 0.0033299 0.000243839 0.0289155 0.00358654 0.000180384 0.0165313 
0.00194415 0.253052 0.0128386 0.00414153 0.0526997 0.00417645 0.00238238 0.0327994 0.00110414 0.000272786 0.186048 0.109047 0.00735493 0.0128981 3.35715e-05 3.21965e-06 0.0765596 8.00671e-05 0.13709 5.00629e-05 0.0289005 0.0025666 0.000233603 0.0457327 0.000109002 0.0202192 0.00766359 
0.056679 0.215358 0.000335904 0.0183227 0.00984997 0.00100362 0.00767097 0.0346799 7.53937e-07 0.000103457 0.0107239 0.0955904 0.149529 0.00298667 3.04167e-06 0.00233919 0.0998863 0.0050249 0.000307483 0.0480521 0.0359555 0.149075 0.000173045 0.017131 0.01019 0.000495751 0.0285322 
0.00351746 0.722178 0.000261526 0.00156739 0.00367586 0.00540565 0.000303808 0.0187313 3.49067e-05 3.47181e-06 0.0619585 0.0464063 0.0420011 0.000394399 5.58281e-07 4.14164e-07 0.00385149 9.68867e-05 0.000148554 3.52395e-05 1.1022e-06 0.0181232 1.12713e-06 0.0709122 0.000331199 9.70977e-07 5.69393e-05 
0.0118759 0.832677 0.0023944 0.00740786 0.0128372 0.000352929 0.0099061 0.000684567 3.70603e-06 1.91244e-06 0.062297 0.00585524 0.00644327 0.00341576 1.71841e-05 6.18351e-06 0.0191965 2.29953e-05 9.28093e-05 0.000976805 0.00022679 0.0079116 0.000312885 0.00814599 5.28908e-05 0.000238689 0.0066461 
0.00407402 0.491416 0.00939228 0.00206041 0.14775 0.0150629 0.00567693 0.0342169 0.00152517 3.71872e-06 0.0207868 0.0436948 0.0270851 0.0210912 3.51674e-07 0.000656781 0.0400703 0.00168541 0.000890755 1.51304e-06 0.00200329 0.0450112 0.000198303 0.0782711 8.53171e-06 0.000231798 0.00713491 
0.00273361 0.560926 0.0263546 0.00323668 0.0240616 0.0131782 0.0196239 0.00336639 0.00146988 0.0028278 0.095071 0.0190307 0.129933 0.00849165 8.32334e-05 0.00148627 0.0229516 0.00105737 0.00138477 0.000806554 0.00408731 0.0110198 0.00200404 0.0209235 0.00161431 0.00480426 0.0174723 
0.010211 0.309506 0.0233776 0.0145833 0.223279 7.97374e-05 0.0771055 0.0140877 0.00178931 1.54488e-06 0.0213867 0.0259232 0.0305817 0.0315828 0.00713266 0.0189587 0.0118652 0.000684795 0.00138417 0.00270236 0.0407586 0.0250303 0.000492563 0.0819233 1.00586e-05 0.00368479 0.0218773 
0.0707987 0.316619 2.90746e-06 2.23925e-06 0.303501 5.85452e-07 1.35649e-06 0.108175 0.000625894 2.12624e-07 0.0253735 5.68112e-06 0.00834445 0.0867799 9.31374e-07 0.00986181 4.87761e-06 2.98387e-06 2.97145e-06 1.48271e-10 5.88778e-06 0.019947 2.2375e-06 0.0499361 2.29618e-07 8.38284e-07 3.41351e-06 
0.00512147 0.218641 0.00557537 0.0266439 0.140063 0.0200611 0.00212933 0.00997631 0.00286621 2.59111e-06 0.190035 0.212408 0.00544773 0.00613111 6.11573e-06 1.32213e-05 0.0699093 7.69203e-07 0.0089771 0.000257457 0.000176043 0.0110858 6.94953e-06 0.00280888 4.81506e-08 0.000141494 0.0615141 
0.00238486 0.274704 0.00913977 0.0139514 0.00215721 0.0113523 0.105543 0.0046283 0.000145961 1.646e-05 0.00393091 0.00998878 0.253844 5.54987e-05 0.00189415 2.56229e-08 0.00359163 0.00047208 7.47226e-05 0.221953 0.000384012 0.0110113 7.83637e-06 0.00155477 0.0339686 0.0110966 0.0221496 
0.00207072 0.213616 0.0885006 0.00424529 0.0503411 0.0212407 0.0515914 0.0350916 4.30179e-05 0.000207451 0.0275907 0.00706535 0.0135445 0.00660912 0.000110599 9.81664e-07 0.0936492 0.000495933 0.00428545 0.000625856 0.0641107 0.0611016 0.000279368 0.19198 6.19687e-05 0.0091303 0.0524097 
5.46956e-05 0.67339 1.43061e-07 0.00336784 8.05571e-05 0.000495261 0.00114994 0.00162255 3.7866e-06 1.37125e-08 0.00155968 0.0301736 0.0342197 6.60816e-05 2.31119e-08 1.71457e-08 0.00104104 0.000234798 1.3115e-06 1.4353e-08 9.26162e-07 0.22646 0.000428239 0.023928 1.06459e-08 4.585e-07 0.00172092 
0.00393945 0.432836 0.00534868 0.00448839 0.0273436 0.00539044 0.0148786 0.0065865 0.00784354 1.22554e-05 0.0752145 0.115343 0.0544215 0.0308025 0.000200531 0.00307812 0.0400166 0.000228976 0.00144513 0.000735652 0.00343479 0.0367586 0.000625992 0.109163 0.000750682 0.00983334 0.00927949 
0.0158733 0.439779 0.0295595 0.00249839 0.00210013 0.0757121 0.0576809 0.0016315 0.000212712 1.3547e-05 0.0461236 0.042739 0.175976 0.00449788 2.95595e-05 2.93739e-05 0.0187474 0.000677721 0.00022664 0.00637732 0.000340677 0.0163968 0.000153243 0.00196336 0.0451273 0.000382338 0.0151514 
0.00403589 0.542707 0.052749 0.000204026 0.028437 0.0711119 0.108011 0.00391854 0.00747912 1.89452e-09 0.0597017 0.0441474 0.0110167 0.02676 5.3796e-05 0.00076941 0.017041 4.79627e-07 0.000165249 0.00115477 0.000391419 0.0021511 2.85918e-06 0.00953057 0.000336859 0.00027996 0.00784286 
0.0129108 0.635244 0.0126308 0.0014561 0.0302416 0.0751866 0.000361572 0.00434669 0.00228535 6.2357e-09 0.0318924 0.0198706 0.0949909 0.00602601 5.18941e-06 3.39706e-07 0.00703289 0.00429042 0.000417512 7.46234e-07 0.0267403 0.000837949 7.16861e-05 0.0330535 1.27795e-05 3.15778e-07 9.24951e-05 
0.000167907 0.230358 0.0681853 0.00266275 0.00415587 0.000482032 0.056412 7.40182e-05 7.51562e-08 1.0583e-06 0.183438 0.0354478 0.22293 0.00197109 0.000229818 0.0733588 0.00633327 0.00309543 0.00432549 0.000681738 0.00112178 0.00248359 0.000170483 0.00449485 0.0910164 0.00464579 0.00175633 
4.1054e-07 0.150483 0.00684863 0.00367197 0.010154 0.000568173 0.12641 0.00168148 0.00361358 2.34922e-06 0.115763 0.0280037 0.12508 0.00105249 4.76734e-05 6.52058e-13 0.113182 0.0104583 0.000307747 0.000945541 0.000310771 0.0113823 0.0642441 0.115175 0.0857144 0.00039098 0.0245079 
0.00195215 0.409796 0.0317841 0.00339357 0.0340506 0.0305125 0.111354 0.00334412 0.00223534 0.00109469 0.0777521 0.0228967 0.129975 0.0137384 0.000638988 0.000638064 0.0212855 0.00537179 0.001932 0.000894884 0.00543589 0.015458 0.00188465 0.0323583 0.0187094 0.00936573 0.0121466 
0.00240534 0.358244 0.00855051 0.0120027 0.0539443 0.0133591 0.0183341 0.00844437 0.00100234 0.000423393 0.113678 0.057965 0.177857 0.00905797 4.29624e-05 0.0011159 0.0660765 0.00418945 0.00417742 0.000827191 0.00753522 0.0137093 0.000510992 0.0147644 0.00261091 0.00747991 0.041692 
0.000480947 0.282564 0.0113697 0.00188407 0.0632264 0.0237406 0.218537 0.000191225 4.19705e-06 1.41987e-05 0.0498618 0.0239722 0.133329 0.00915848 1.42701e-06 3.05541e-10 0.0226519 0.001654 0.000746153 0.00180248 0.00719562 0.0148291 0.000305664 0.0153878 0.107883 0.00039377 0.00881477 
0.00613 0.309703 0.0210111 0.00177676 0.0123136 0.00826657 0.0898567 0.0206861 0.000366454 0.000398257 0.118196 0.0321826 0.0558678 0.00618644 0.00222743 2.16076e-10 0.0592627 8.57278e-06 0.00218011 0.0935356 0.00391005 0.0136852 0.000363754 0.0260873 0.0456161 0.000359758 0.0698216 
0.0124584 0.387068 0.0309467 0.005517 0.000611613 0.148671 2.39233e-07 0.0123306 6.09086e-06 1.53548e-09 0.00731174 0.0519351 0.228484 0.00542309 1.77378e-06 1.91991e-09 0.00276226 6.1348e-06 4.07359e-06 1.7628e-06 7.77918e-08 0.0920782 1.89466e-09 0.0069308 0.000444682 5.12474e-08 0.0070071 
2.38567e-05 0.852131 0.00971897 0.000280478 0.00394475 0.000120654 0.00781878 5.44929e-05 0.000119197 2.11473e-06 0.0223987 0.0139242 0.0241765 0.0100305 0.000280882 8.91216e-06 0.00512827 0.0010121 8.8226e-05 0.00203954 0.000291688 0.00918802 1.40693e-06 0.027434 0.000176926 0.00577937 0.00382628 
8.42488e-05 0.581425 0.00157495 0.00292763 3.17408e-08 0.0592753 0.00324293 7.60023e-07 0.00177966 6.23778e-12 1.14194e-06 9.0103e-07 0.346255 0.00326382 1.05135e-11 7.79952e-12 0.00013064 3.57883e-06 2.24181e-07 3.92402e-09 9.35029e-08 2.645e-06 6.62015e-08 2.06745e-06 5.70141e-06 2.40508e-05 2.2698e-07 
3.97597e-05 0.511356 0.238824 2.69543e-05 0.0116827 0.0724452 0.00601757 0.00342911 0.0066325 0.00116263 0.0066962 0.0215565 0.0141564 0.0442577 2.77055e-05 0.000184629 0.011237 0.00644778 1.49322e-06 1.03109e-05 0.000489341 0.0315232 1.58145e-05 0.00391064 5.33633e-06 6.37033e-05 0.00779963 
0.000241753 0.37117 0.0107071 0.00306039 0.0463074 0.00157929 0.0167212 0.00518107 1.01925e-06 5.39422e-06 0.201085 0.0896432 0.013137 0.0953395 1.85476e-05 2.85893e-09 0.101245 8.08583e-05 0.0112457 5.16489e-06 0.0206013 0.000717242 4.82696e-06 0.00568898 8.06264e-06 0.00510115 0.00110439 
0.000440241 0.838231 0.000197961 2.99914e-07 9.55524e-05 0.078217 0.00017 0.000485182 3.43074e-07 6.42678e-10 0.0318603 0.0145462 0.000630121 0.000785883 1.28297e-07 8.03584e-10 0.0145442 0.000171491 8.98693e-10 3.2632e-06 2.21486e-07 0.00125479 6.60142e-05 0.0182058 4.0153e-07 8.95645e-08 9.34134e-05 
0.00109702 0.369059 0.00264787 0.0707087 0.0450416 0.0125555 0.0172856 0.0457865 9.34266e-06 0.00017035 0.18783 0.0504474 0.0342967 0.0690169 0.000578992 9.30901e-06 0.0453975 3.92099e-05 0.00176536 0.0021511 0.00448255 0.00425166 5.33588e-05 0.00192583 0.00381534 0.000492054 0.029085 
0.00589272 0.806053 0.055425 0.000164367 0.00710231 0.00135127 3.35583e-06 0.0134191 0.044676 9.48323e-06 0.000761725 0.00453849 0.0029012 0.0128763 1.11951e-06 3.63674e-09 0.00288461 3.48087e-09 0.00188934 2.78208e-05 0.00164345 9.92198e-07 0.0242608 0.0126054 6.30997e-08 2.82493e-07 0.00151213 
3.55967e-10 0.358122 0.0461423 2.28762e-10 0.00305572 0.00302319 0.280996 1.16625e-06 4.03491e-10 5.48483e-10 0.00924233 1.35932e-06 0.0466352 0.0112104 5.34718e-07 6.85805e-10 0.00606891 6.56411e-10 7.66975e-10 0.229129 1.44744e-10 7.54144e-07 6.76786e-10 2.3401e-06 0.00591326 0.000454198 6.0878e-07 
0.0182109 0.203314 0.106467 0.00123222 0.0210608 0.035898 0.00784586 0.002959 0.000954022 2.58931e-05 0.17471 0.047384 0.0647031 0.11215 9.13925e-05 3.84182e-08 0.0380709 0.000330055 5.09467e-05 0.00140484 0.0762914 0.00106683 0.0269624 0.0151587 0.00018447 0.0294068 0.0140665 
0.0701366 0.232539 0.0773629 0.000488594 0.0459889 0.0991131 0.00145407 0.177926 1.14648e-06 0.000329109 0.0486472 0.187535 0.0167665 0.00295094 2.15144e-05 3.24554e-08 0.0133124 0.0187934 1.98185e-05 8.14191e-06 0.000764409 0.00198627 1.63639e-06 0.00358354 1.00427e-06 2.26235e-07 0.000268129 
0.00183848 0.226013 0.0192154 0.00284646 0.131102 2.53597e-05 0.043203 0.110053 0.000132748 3.54324e-05 0.0143199 0.0727873 0.0400591 0.00766454 8.15323e-05 1.71288e-08 0.0740715 0.000126 0.151159 0.0125604 0.0081109 0.00299709 1.93105e-05 2.50603e-05 0.0316429 0.0339591 0.0159507 
0.000769778 0.930473 0.00748923 0.000847977 0.00388106 0.0140014 8.87745e-05 0.00201401 0.000538432 0.00212994 0.00277346 0.00170286 0.0250272 7.20747e-05 1.83041e-06 1.82201e-09 0.000228819 1.68605e-06 7.94758e-06 0.000684949 0.000196528 0.000797644 1.79805e-09 0.000255292 0.00367207 0.000472846 0.00187132 
0.00396765 0.757419 0.000817382 4.30898e-10 0.00504083 0.0137226 0.00151541 0.000285843 9.47131e-06 1.03313e-09 0.00297273 0.0770942 0.0201399 0.0186773 3.48792e-06 3.38797e-08 0.0566122 0.00400736 0.0155863 4.25034e-06 0.00375052 0.0116555 4.77631e-05 0.00382966 1.06364e-07 0.00030898 0.00253189 
0.0349952 0.390135 1.98343e-05 0.000924223 0.0368818 0.00916036 0.00079646 0.00272257 1.52832e-05 3.6751e-09 0.0837843 0.188615 0.0177876 0.0149949 2.50753e-05 6.45475e-07 0.117252 2.82636e-07 0.000194397 0.000681988 0.00219166 0.0178198 0.000103986 0.0704606 9.28925e-05 0.000168774 0.0101755 
6.17519e-05 0.612327 0.0372554 0.00521651 0.00169346 0.00309564 0.102105 0.0011586 0.000116479 1.36966e-06 0.0270123 0.0187089 0.0716892 0.015095 0.000780775 9.74705e-06 0.0421708 4.16568e-05 3.58935e-05 0.00770759 0.00132996 0.0152885 0.000682433 0.00452688 0.0138126 7.20504e-05 0.0180042 
0.107958 0.272438 0.00465201 0.000260469 0.0564202 0.000268375 0.00146251 0.0872457 0.0162001 8.68787e-09 0.0238625 0.0240904 0.000155747 0.112713 1.19812e-06 5.73222e-05 0.244183 0.00111121 0.0274742 3.10106e-07 0.000790747 0.00778991 0.0032188 0.00696852 3.75111e-06 1.23586e-09 0.000674512 
0.000634737 0.426465 0.0019962 0.00184561 9.86747e-05 0.0713069 0.0735721 0.00130602 0.000585975 1.12511e-05 0.0604448 0.00704734 0.206139 0.000189836 4.70968e-05 1.29104e-11 0.0151343 0.000474869 0.000241697 0.0142622 0.00040426 0.000959316 1.52723e-08 0.000174169 0.103561 0.000995638 0.0121027 
8.23242e-05 0.692986 3.82203e-06 0.0717301 0.00369925 0.0010251 0.00353633 0.0030117 3.13887e-09 1.17553e-07 0.000554596 0.044128 0.0110556 9.70241e-10 7.19152e-09 4.07398e-05 0.0021637 0.00202276 2.22377e-06 0.000340088 2.42064e-06 0.0320581 0.000113986 0.105909 1.00721e-07 4.32569e-07 0.0255329 
0.00251514 0.422276 0.00321312 0.00428343 0.0237306 0.0112353 3.38217e-05 0.00870698 0.000389341 2.41976e-07 0.0204892 0.0134368 0.052403 0.0312605 8.65349e-06 7.53139e-05 0.00484063 0.000472777 0.000154577 1.28627e-06 0.00139298 0.0435038 2.4521e-05 0.350738 1.7441e-05 0.000499463 0.004297 
0.00581048 0.384819 0.00187004 0.0110403 0.00247025 0.00164993 0.0110192 0.0131829 4.79775e-11 2.24281e-06 0.0469369 0.0952184 0.248664 0.000134283 6.18286e-05 0.00111055 0.0145725 0.00133153 5.61842e-05 0.00199916 0.000413043 0.090437 3.81017e-08 0.0429738 7.76849e-06 0.000650725 0.0235687 
0.000480947 0.282564 0.0113697 0.00188407 0.0632264 0.0237406 0.218537 0.000191225 4.19705e-06 1.41987e-05 0.0498618 0.0239722 0.133329 0.00915848 1.42701e-06 3.05541e-10 0.0226519 0.001654 0.000746153 0.00180248 0.00719562 0.0148291 0.000305664 0.0153878 0.107883 0.00039377 0.00881477 
0.00551575 0.291623 0.0184981 0.00419811 0.0654763 0.0136847 0.191493 0.00234296 0.00192118 0.00335081 0.0875468 0.0295494 0.10839 0.0118892 0.000119793 1.37967e-05 0.0594584 0.00557837 0.00676688 0.00749453 0.00594254 0.00859521 0.000210279 0.0205339 0.00847804 0.0143786 0.0269509 
0.00167149 0.939205 2.82808e-05 0.000866033 0.00312336 0.000251967 0.000125895 0.00031903 2.78985e-07 3.40833e-06 0.0141782 0.0073558 0.00103918 0.0017361 3.07267e-05 4.74185e-07 0.0113338 0.000198912 0.000127908 1.26208e-05 0.00044138 0.000165639 3.09284e-05 0.00255858 7.20819e-06 0.00230521 0.0128823 
0.0252076 0.5416 0.00153147 0.00541513 0.00685788 0.00107091 0.000154521 0.335187 1.21331e-07 1.6493e-07 0.00190826 0.00448873 7.28598e-06 0.00486421 2.77983e-07 2.06224e-07 0.00560961 1.97384e-07 2.30631e-07 1.72634e-07 0.0033049 0.0201946 7.71394e-05 0.0424569 1.68388e-05 2.34616e-08 4.53671e-05 
0.00358072 0.308128 0.017354 0.00634782 0.0280047 0.0101243 0.00608842 0.0175801 0.00369993 2.5186e-05 0.0615419 0.0443617 0.229516 0.0193784 9.60951e-06 2.68542e-06 0.0358995 0.00304732 0.000299918 0.0165053 0.0255471 0.0497573 0.000699923 0.0929887 0.000220656 0.00143183 0.0178596 
0.010799 0.261242 0.0553204 0.00299918 0.0677219 0.0511673 0.0135765 0.0568265 0.0332068 5.18885e-06 0.0588879 0.00464472 0.0657366 0.0135059 1.17322e-05 5.93285e-09 0.0078964 1.1234e-07 0.000451972 0.000295372 0.017617 0.00163158 0.000837935 0.260737 7.04075e-06 0.010864 0.00401023 
