0.000312716 0.0155476 0.0283279 0.0122929 0.0510686 0.00906383 0.18815 0.000395385 0.00120117 4.09316e-06 0.192717 0.124597 0.0326104 0.0158881 0.000352704 0.000442437 0.0814044 0.00037459 0.00144446 0.000862341 0.0158168 0.00452813 0.0003699 0.0594753 0.00155987 0.0116576 0.149536 
0.00198298 0.183462 0.00807933 0.03076 0.0770852 0.00232071 0.00416762 0.0110282 6.83953e-06 7.09398e-05 0.201095 0.12409 0.0107933 0.0193239 4.66794e-05 8.1776e-07 0.154343 0.000397541 0.00300943 8.85574e-08 0.0680031 0.00226157 3.89888e-07 0.0891459 3.63738e-06 0.0034943 0.00502793 
0.000154722 1.05983e-06 0.00129038 3.42101e-06 0.03605 0.000261963 0.000542842 0.000110872 2.15217e-05 1.22441e-05 0.709037 0.206514 0.00487256 0.000182244 1.89918e-05 4.34974e-09 0.0188074 4.1633e-09 0.0146368 0.000605062 0.00121093 9.30377e-06 6.19019e-06 0.000261169 2.88745e-07 0.00270094 0.00268791 
0.000649336 9.84977e-05 0.00153643 1.40642e-13 0.261627 0.00928747 0.00116797 2.07293e-13 8.3703e-05 3.37204e-13 0.45522 0.101127 0.0260922 0.0760377 9.02862e-06 0.0007148 0.0250051 3.30253e-07 0.000107654 0.000544249 0.033581 0.00273538 0.000147333 0.000813528 5.08424e-06 0.00062229 0.00278657 
0.000126621 0.0157155 0.00561608 0.000455851 0.017615 0.00273805 0.15896 0.000628372 6.11094e-05 6.43275e-07 0.20236 0.190613 0.115923 0.00106395 8.43719e-05 4.23421e-12 0.116642 2.78486e-08 9.73544e-05 9.91468e-09 0.000581233 0.00534005 3.21283e-05 0.035127 0.000130774 0.000790624 0.129297 
0.0221419 0.204453 0.0220171 0.000711075 0.0969439 0.0470378 0.00304245 0.00020844 0.000289822 1.08466e-05 0.213894 0.170738 0.0202774 0.012296 5.003e-05 3.25332e-08 0.0275491 8.13965e-07 0.0204072 0.000683189 0.00305056 0.0128702 7.4677e-05 0.0588434 8.9963e-05 0.0193451 0.0429734 
0.00336644 0.0271786 0.0154755 0.00709561 0.10223 0.00699586 0.0043135 0.00613151 0.000391488 3.06423e-06 0.155686 0.153482 0.13382 0.0402169 1.09651e-05 1.68062e-07 0.113636 0.000438213 0.0027694 0.00101868 0.00746887 0.0293718 0.00889905 0.0364975 6.4431e-05 0.0542307 0.0892062 
0.0003709 0.014476 0.00149665 0.00350023 0.00364973 0.000516555 0.0355836 0.00350763 0.000465169 9.03322e-06 0.416307 0.0892467 0.270059 0.000308621 1.11914e-05 4.21745e-12 0.0574507 0.000733082 0.000654298 5.95999e-05 0.000180209 0.0112156 6.92208e-06 0.00662353 0.0307185 0.0129574 0.0398929 
0.000786396 0.000131666 0.00642083 0.000670918 0.00194292 5.31887e-05 0.00103456 8.21389e-06 0.000872191 1.70546e-06 0.711515 0.00397688 0.00379202 0.0223181 1.79468e-05 7.09165e-12 0.0612777 8.58207e-07 7.93099e-12 2.2312e-05 0.00912654 0.000615817 3.14951e-05 0.00026531 2.05296e-05 0.000110152 0.174987 
6.15668e-08 0.00270595 0.000485042 0.00184722 0.0223199 0.00409901 0.000985483 0.0106134 4.40887e-12 5.99317e-12 0.682745 0.0253595 0.073127 0.00152067 8.70264e-06 7.49367e-12 0.00966212 1.57257e-08 7.2713e-09 6.27312e-12 3.28218e-08 0.0170991 0.000607317 0.0336548 9.50094e-06 2.81336e-05 0.113122 
0.00863835 0.0154146 0.0397024 3.58021e-06 0.154265 0.000281939 0.0185056 4.77103e-05 0.000202286 6.25865e-09 0.369953 0.0273238 0.0187748 0.148495 0.000153874 0.00317701 0.0820616 0.00138199 0.000104521 0.00409469 0.0664258 0.000508047 0.00208668 0.00130198 0.000161593 0.0305646 0.00636884 
0.00221071 3.91152e-06 0.000564746 2.88046e-05 0.110278 0.000195254 0.000427008 3.95933e-06 9.35098e-07 5.46749e-07 0.673984 0.113073 0.0265684 0.000380051 5.37572e-06 1.75938e-09 0.00616326 3.1075e-06 5.21426e-07 9.55779e-06 0.000200104 0.00225719 1.73625e-09 0.00223293 3.31569e-07 3.06456e-06 0.0614056 
0.00569435 0.00305609 0.00202673 0.00381533 0.109286 0.0161968 0.00382225 0.000549901 0.000449828 7.50245e-09 0.467982 0.192848 0.0248679 0.00885338 8.41389e-07 7.84027e-11 0.0800047 2.53534e-05 0.000439163 1.70138e-05 0.00466097 0.01137 7.7583e-07 0.00641408 4.60656e-06 0.000944636 0.0566693 
0.00347931 0.00253333 0.0405789 0.00275766 0.217645 0.000328111 0.000451511 0.00626633 1.42528e-07 2.42693e-05 0.443757 0.0265704 0.0258638 0.00344692 5.29631e-05 2.42251e-07 0.0789028 5.65513e-05 2.60472e-05 0.0018817 0.0181453 0.00302071 0.00127172 0.00438814 2.16133e-06 0.000116332 0.118433 
9.89089e-05 0.0120836 0.0385249 0.0015254 0.011805 0.0105293 0.00497763 0.000174798 0.0212246 7.93784e-07 0.559403 0.0822654 0.0920867 0.00415518 1.84841e-05 2.65655e-07 0.0906898 2.84264e-05 0.000162257 0.000187367 0.0159329 0.00531587 0.00200095 0.00392212 1.89124e-05 0.00469005 0.0381771 
0.0108697 0.0297733 0.00343585 0.025573 0.0263998 0.0257383 0.00979708 0.00859279 0.000864194 2.48192e-05 0.217976 0.0768906 0.0936531 0.00695138 0.000364404 0.000431965 0.0644131 0.000398022 0.00166559 0.000535874 0.00415663 0.111879 0.00181148 0.214281 0.00134996 0.0105421 0.0516305 
0.0001937 0.0180134 0.00338203 0.00120717 0.053314 0.00194175 0.0115873 0.000188527 0.000296739 2.76864e-05 0.480831 0.0619844 0.126401 0.00971454 4.85841e-05 2.67463e-08 0.0714029 0.000284799 0.00155195 0.000173946 0.0481301 0.00784072 4.40099e-05 0.0132968 0.0216015 0.0238502 0.0426909 
3.1423e-05 0.0108479 0.00158796 0.00122847 0.00537986 0.000409381 0.0507832 0.000125048 5.86003e-05 3.35744e-05 0.244557 0.00948737 0.213656 0.000275589 3.9034e-05 3.04698e-12 0.0956231 0.00694771 0.000222108 0.000188385 0.0005427 0.0880969 2.93911e-05 0.00501476 0.0285087 0.0113606 0.224965 
0.000124591 0.0826627 0.00489521 0.00126137 0.0805571 0.000459696 0.159846 4.73629e-08 0.000395169 1.72958e-07 0.41135 0.0125195 0.107548 0.00381817 4.85908e-05 7.1697e-10 0.0607276 0.000325533 0.000262801 0.000126245 0.00727812 0.00240801 0.000275177 0.00135061 0.00376688 0.0393286 0.0186646 
0.00171131 0.0184221 0.245436 2.04796e-06 0.203013 0.00692555 0.00569919 0.00242355 0.0604747 9.84792e-08 0.281638 0.00179126 0.0546358 0.011771 8.70853e-08 6.62939e-07 0.0319803 1.86808e-07 0.00375591 0.000638041 0.00535 0.0112966 0.00157354 0.0175225 0.000133487 0.000351538 0.0334537 
0.0741623 0.0457506 0.00590266 0.00929685 0.0150408 0.00632802 0.00119137 0.000370992 0.00210099 9.67015e-07 0.486334 0.114543 0.0149458 0.0216907 1.40035e-05 6.2291e-08 0.110194 4.50031e-05 9.63589e-05 2.6401e-06 0.00147409 0.00691324 5.57926e-05 0.0488413 2.57956e-05 0.00261228 0.032066 
0.00263847 0.000560105 0.00732405 6.18277e-05 0.0534482 0.000120733 0.000207102 1.25305e-10 1.41873e-05 1.05177e-06 0.547554 0.00957165 0.00230156 0.00654197 1.5496e-05 2.54869e-10 0.153112 4.48274e-05 3.15347e-05 0.00010091 0.0397085 0.000550834 1.93462e-05 0.000614466 1.51116e-05 0.173276 0.00216641 
0.00824396 0.0158977 3.27232e-13 0.0168123 0.000725535 9.29707e-08 0.000143559 0.00263979 1.01689e-08 8.901e-05 0.304543 0.0702532 0.0637819 5.26322e-05 7.6109e-06 1.76026e-12 0.184826 5.24988e-06 8.93448e-05 0.0230483 0.00587172 0.034761 3.59285e-09 0.0757365 9.34337e-05 0.00130695 0.191071 
0.0010413 0.0362373 0.00332997 0.000170629 0.0117952 0.0108112 0.00108993 0.000203193 9.01098e-05 3.43368e-05 0.38453 0.230394 0.00227077 0.00237932 2.53259e-05 1.98243e-09 0.256615 1.89746e-09 1.14189e-05 2.16723e-05 0.0145 0.00161556 1.95636e-09 0.0287191 3.4465e-07 0.00509195 0.00902279 
0.000141961 0.000101384 0.0703844 0.000709197 0.00705743 2.88816e-05 0.00124411 0.00108014 3.589e-08 2.68121e-06 0.618631 0.0164549 0.037555 0.000462978 6.92185e-06 8.23445e-08 0.0139093 4.44946e-08 0.000134636 4.02389e-06 0.000188099 0.000981383 2.93691e-05 0.00154206 0.000113046 0.000292317 0.228945 
0.00294796 0.0147605 0.0765043 0.00949338 0.05419 0.00387663 0.0112688 0.000219673 0.00579118 2.01874e-05 0.590857 0.0424396 0.021861 0.0224385 6.52006e-05 3.30767e-07 0.0817888 0.000205391 0.000592205 5.51303e-05 0.0216902 0.0110966 0.00023512 0.00950233 1.90557e-05 0.0135814 0.00449934 
0.000519977 0.00108911 0.00036085 0.000829714 0.00398594 0.00046211 0.000511658 0.000186065 9.00411e-09 3.26615e-09 0.691565 0.220756 0.0187654 0.000890556 4.74148e-09 7.80252e-12 0.0318103 3.32709e-06 3.62786e-05 7.57704e-09 5.71609e-05 0.00835873 7.69991e-12 0.0112863 1.60329e-09 0.000487017 0.00803883 
0.0441234 0.00053953 0.0303764 0.0315576 0.00468526 0.000167262 0.00525137 0.00314094 0.00308096 2.23021e-06 0.635177 0.0126789 0.0250008 0.00150639 1.54507e-05 1.05384e-08 0.0591159 3.35146e-06 4.42755e-05 1.45762e-05 0.000185952 0.00166498 5.38447e-07 0.0292885 1.33933e-05 0.00975545 0.102609 
0.00329085 0.0110903 0.0198777 0.000803255 0.033383 0.0107396 0.00318646 0.000495896 0.000165107 2.59273e-05 0.720156 0.0517136 0.0446415 0.00886101 3.01124e-05 8.72414e-08 0.013597 6.61261e-06 0.00822046 0.00594327 0.00524607 0.0182136 0.00533182 0.00247536 8.1022e-05 0.00414489 0.0282797 
0.00090241 0.00607042 0.00264195 0.00186039 0.0510021 0.00467313 0.00646173 0.00121034 0.0112236 4.65051e-07 0.589632 0.0504142 0.0545081 0.00541983 3.57076e-05 8.56799e-05 0.124486 1.19756e-05 0.000898219 6.48027e-05 0.0176764 0.00394081 4.26764e-06 0.0025309 6.02415e-05 0.0426287 0.0215561 
0.00179593 0.0134189 0.0445119 0.0749779 0.0878802 0.00747906 0.030932 0.00123944 0.00047284 2.83007e-07 0.448421 0.0224948 0.0270645 0.0124906 6.94391e-05 4.26555e-06 0.14711 9.68575e-05 0.000160222 0.000294635 0.00910788 0.00718326 1.66692e-06 0.0146137 5.14137e-05 0.0100289 0.0380985 
0.00603634 0.0649952 0.0756427 0.0046669 0.209513 0.000509771 0.00699001 0.108596 0.000144044 3.42773e-06 0.239672 0.114658 0.0190548 0.0139807 3.49752e-06 3.91675e-10 0.0731352 1.4064e-06 0.000804525 0.00497248 0.0230714 0.0120173 1.79092e-07 0.00455491 7.15062e-11 0.000215159 0.0167621 
0.00419249 0.0331161 0.0102961 0.0149601 0.0511381 0.0510003 0.000878995 0.0346624 0.002056 5.34671e-08 0.247086 0.119081 0.0904036 0.0162676 2.6813e-06 9.3427e-08 0.0614458 0.0282135 0.000245758 1.68994e-08 0.00122987 0.0918874 6.54615e-08 0.0994464 1.4571e-06 0.000948806 0.0414395 
0.00174104 0.0261173 0.000683905 0.010484 0.0220354 0.000119442 0.00146687 0.00312224 2.30985e-05 3.44403e-07 0.427458 0.0115034 0.00922647 0.00355356 1.88383e-05 8.95374e-10 0.0913428 3.85983e-06 0.000410254 4.09574e-06 0.00945924 0.271726 9.62074e-07 0.00552673 2.78615e-06 0.0322362 0.0717327 
0.0027265 0.0430014 0.0105296 0.0103972 0.0319467 0.0206843 0.0232452 0.00457889 0.00158497 8.75226e-05 0.336867 0.116351 0.143185 0.0133614 0.000217987 0.000340943 0.0772983 0.000957156 0.00246618 0.00199986 0.00553364 0.044639 0.00236348 0.0465423 0.00234586 0.0114687 0.0452811 
0.000442388 0.000445492 0.000124663 0.000103753 0.0155995 5.14898e-05 0.000408327 4.38145e-05 4.68365e-05 8.42548e-10 0.690519 0.114798 0.0329127 0.00129141 8.98593e-06 1.03064e-11 0.0659242 7.81406e-08 0.048579 3.5117e-05 0.00476711 6.34587e-05 2.16746e-08 0.0001129 3.30017e-06 0.000385097 0.0233333 
0.000343973 0.00751555 0.00597326 0.000768637 0.0499501 0.00373547 0.00502023 2.55363e-05 0.00135315 5.31596e-06 0.640195 0.0145532 0.146745 0.0057692 2.76846e-05 2.07995e-08 0.0345138 1.80537e-05 0.00034537 0.000138941 0.00857909 0.00323577 7.77151e-06 0.0032374 2.14245e-05 0.028093 0.0398275 
0.00316384 0.161131 0.0857797 0.0184381 0.0693568 0.00584077 0.0388263 0.00939147 0.00170939 2.84039e-06 0.206721 0.074256 0.0783474 0.0132158 3.41493e-05 6.98506e-06 0.092683 0.000336317 0.00012145 0.00300823 0.00697616 0.0455039 0.000267031 0.0115957 0.00650948 0.0291269 0.0376502 
1.00552e-07 0.00179644 0.00551277 5.56096e-08 0.00114032 2.56347e-05 0.0117731 0.00534914 7.95846e-08 5.90865e-09 0.477239 0.031303 0.0224665 0.000300904 3.35685e-08 2.11024e-12 0.152284 1.71703e-08 0.000306201 0.000280503 1.49208e-08 0.0201178 8.35079e-10 0.00485015 2.30002e-08 2.85716e-09 0.265255 
0.000438031 0.0115589 0.00119941 0.000190244 0.00307147 0.00184543 1.71221e-07 1.71897e-08 3.16423e-12 6.45622e-09 0.77839 1.04298e-06 0.0456996 0.00369865 7.75784e-08 5.37818e-12 0.105741 0.030672 3.2841e-07 4.41593e-05 1.19414e-07 4.26818e-07 5.30745e-12 0.00925669 1.83618e-08 4.42499e-07 0.00819152 
0.00242936 0.226106 0.00163766 0.014884 0.0322108 0.00437005 0.00783292 0.00325697 2.31458e-05 7.83585e-06 0.335449 0.0565052 0.0262776 0.00716055 2.67879e-05 0.000203306 0.197309 9.32597e-05 0.00229317 6.01541e-05 0.00885578 0.0237466 2.06735e-05 0.0183412 1.95722e-06 0.00224833 0.0286489 
0.00428604 0.057816 0.00438301 0.0127213 0.0235024 0.0208151 0.0202352 0.000576322 0.00201723 0.00013224 0.360692 0.105539 0.148952 0.0117797 0.000104352 5.81082e-09 0.0905921 0.00193971 0.000990192 0.00158282 0.00310315 0.0348455 0.00129553 0.0179409 0.00326439 0.00200993 0.0688831 
0.000362509 0.00287201 0.00561302 0.00101003 0.0139877 0.00100014 0.0097849 0.00231419 6.54561e-06 4.77708e-06 0.564749 0.162043 0.00955245 0.00122592 2.10614e-05 3.733e-05 0.190485 2.20751e-07 0.000130958 0.000200415 0.000736409 0.00957389 6.28537e-07 0.0119543 7.52445e-05 0.00280848 0.00945055 
0.216604 7.72451e-05 0.00344829 0.0093684 0.00497853 4.97804e-07 0.00777477 0.00156561 0.000737035 2.86316e-06 0.342925 0.021516 0.0426492 0.00166476 4.11017e-05 1.43653e-11 0.112609 7.90301e-08 7.8143e-05 1.84993e-07 1.53435e-05 0.00693333 1.41763e-11 0.0271603 8.34569e-06 0.00462759 0.195214 
8.00817e-06 0.101269 0.0527884 0.153625 0.027997 0.00135282 0.124704 0.0154591 0.000937071 0.000148741 0.289817 0.0214471 0.00529938 0.00855134 2.66758e-06 2.50864e-05 0.0762412 7.14221e-05 0.0167747 9.58415e-06 0.000163231 0.0512823 2.30853e-06 0.0482235 2.3095e-06 0.000487035 0.00330941 
1.68177e-05 0.0129218 0.00780048 0.00340996 0.0350385 0.0013512 0.00255357 0.00273803 9.1582e-05 7.34235e-07 0.457089 0.0607367 0.0285891 0.00602326 3.17615e-05 3.53128e-07 0.1114 1.66782e-07 0.00225097 0.000242302 0.00189514 0.0112502 0.00120694 0.111125 2.3326e-05 0.000293064 0.14192 
0.0464921 0.0995781 0.0296749 0.000166686 0.0108891 0.143578 0.00167004 0.00482723 7.84532e-08 0.00011821 0.278202 0.0090969 0.191351 0.0425693 2.70243e-05 9.44579e-08 0.107235 6.9853e-06 3.63475e-07 0.00030273 0.00488841 0.00117437 0.00189337 0.0224519 7.84559e-05 0.00128091 0.00244652 
0.0512792 0.130697 0.046679 5.55671e-07 0.0840068 0.0326791 0.0967265 0.0101154 0.00188419 2.46516e-08 0.177958 0.00845917 0.0469295 0.043148 1.53822e-07 3.74267e-07 0.0454113 0.13184 2.99741e-07 0.000141504 0.0282396 0.0123972 6.25815e-08 0.0309115 2.04717e-09 0.0132963 0.0071993 
0.000252863 0.00918023 0.0023441 0.000526904 0.0759291 4.51035e-05 0.00105971 0.00058439 1.36648e-06 2.56341e-06 0.517501 0.191456 0.0263233 0.00366034 1.53275e-05 0.00971838 0.124396 0.000203695 0.00418348 8.32048e-05 0.010508 0.00284872 0.000500469 0.00157184 2.61081e-05 0.0109321 0.00614514 
0.000647056 0.00185946 0.00440877 0.000126359 0.0658387 0.00130633 0.0340048 3.92832e-05 0.00140302 0.000141924 0.374715 0.0237992 0.0334694 0.0039834 2.49415e-05 1.71257e-06 0.0842241 0.00432146 0.319963 0.000248153 0.0080128 0.00261025 9.9638e-05 0.00184768 0.000216821 0.0180119 0.0146752 
1.58576e-07 0.00378837 0.000969424 0.004972 0.0833812 7.85465e-06 0.00462913 0.000912427 1.69349e-07 1.69522e-09 0.309354 0.0477137 0.0143499 0.167449 0.00314569 7.2813e-08 0.182739 2.0288e-09 9.62241e-06 2.26161e-07 0.0938134 0.00812393 2.09177e-09 0.0405767 9.07299e-08 3.76016e-06 0.03406 
3.1535e-05 0.0131164 0.00201136 0.000476139 0.0436552 0.00074972 0.137781 0.000456488 0.125359 5.01057e-06 0.362552 0.0181171 0.0883294 0.00537488 5.07271e-06 2.70035e-12 0.0371452 5.87432e-09 0.000267527 1.92237e-05 0.000867396 0.00308255 1.04907e-09 0.00182875 0.0528546 0.0390937 0.0668214 
0.00266601 3.77565e-05 0.000221769 0.0253878 0.000445491 2.07312e-06 0.000204451 0.000940224 3.27479e-05 2.45656e-06 0.37327 0.0684834 0.0138505 5.65633e-05 8.06233e-07 3.5162e-12 0.209263 6.08174e-07 1.94913e-05 7.9657e-09 6.61963e-05 0.000873142 2.21039e-05 0.00175731 3.77402e-09 2.21897e-05 0.302373 
0.00106421 0.0184522 0.0743589 2.42398e-05 0.0795423 0.00126541 0.00522417 0.000344897 0.000209588 7.12735e-05 0.355706 0.23354 0.105155 0.0159186 0.00117962 0.000238586 0.0317276 3.20504e-06 0.00511374 0.0177199 0.00101468 0.030517 0.00047586 0.00633448 1.32598e-05 0.000756891 0.0140289 
0.000591736 0.0226894 0.020523 0.00773468 0.159781 0.00351065 0.0327003 0.00288705 0.000173433 2.69454e-05 0.24733 0.0321062 0.0581058 0.0198996 0.00150088 3.72748e-08 0.220838 8.82001e-05 0.00079692 0.00437639 0.0329672 0.0126946 0.00302453 0.0158827 0.00664311 0.0597493 0.0333783 
0.0140761 0.0750666 0.00050689 0.0896042 0.113138 0.0115762 0.00819817 0.000678681 9.27141e-08 5.18858e-08 0.21194 0.0817297 0.169286 0.00971543 1.25709e-08 2.16545e-11 0.08088 0.000139687 0.000153673 5.76293e-07 0.00545704 0.0117933 5.89937e-08 0.00206359 0.00820489 0.0122737 0.0935183 
0.00110434 0.0630082 0.063173 9.17432e-05 0.0617868 0.0289147 0.00356142 0.00299517 0.00211025 1.42282e-08 0.23702 0.0838241 0.0899339 0.168088 0.000317999 8.08469e-07 0.0214594 0.00201769 0.00216759 0.000212855 0.0228346 0.0030372 0.000113563 0.0529874 8.86116e-06 0.0795384 0.00969288 
0.000323343 0.00197519 0.0420564 0.00373998 0.00439105 8.8702e-05 0.00286187 0.00162032 0.0020853 1.98765e-06 0.757804 0.00984557 0.0223395 0.0108375 1.91782e-05 2.07548e-06 0.0621474 1.31754e-05 4.25157e-05 0.00043522 0.00253417 0.00251005 0.00367034 0.0085332 2.86512e-05 6.02415e-05 0.0600329 
7.62628e-05 0.0309291 6.34949e-06 0.00172749 0.0109467 0.0187944 0.127449 0.00028917 0.016185 1.17036e-07 0.473119 0.170054 0.0111541 0.00303423 2.49937e-06 4.54313e-08 0.0219308 7.38146e-05 0.000768962 8.40225e-05 0.000169659 0.0163752 0.000220226 0.0917936 2.82166e-05 0.00355071 0.00123721 
0.0012743 0.00901139 0.0344648 0.000629306 0.0467531 0.00500011 0.0140947 0.00163014 0.000303902 5.02875e-06 0.597616 0.130608 0.0139077 0.00368591 5.09666e-05 5.69509e-06 0.0551812 6.52488e-07 5.73494e-05 0.000483398 0.0131236 0.00691684 8.33362e-06 0.0082128 9.50731e-05 0.0157816 0.0410981 
0.000396894 0.0210026 0.0695398 0.00268219 0.0707355 0.0193777 0.000979502 0.00357642 0.000167271 1.82167e-06 0.574368 0.0394183 0.0548333 0.0653106 2.86831e-05 0.000195842 0.0329248 2.90365e-05 0.00125201 0.00231009 0.00217344 0.00635043 0.00121493 0.00806967 2.16405e-05 0.00098485 0.0220542 
0.0129121 0.00476 0.00108714 6.20649e-05 0.0321517 0.00940148 0.00336627 0.000169845 0.000101544 1.93013e-07 0.650898 0.0633588 0.0557174 0.0296835 3.11041e-05 1.1299e-08 0.063261 0.00388442 0.000125777 2.18886e-05 0.0187801 0.00219438 5.78771e-05 0.00398842 5.4444e-06 0.0233326 0.0206467 
0.00683009 0.000130158 0.0619178 4.51343e-06 0.00435517 0.000398175 0.00162406 1.52023e-08 1.81924e-08 2.47296e-08 0.715959 0.0393663 0.11095 0.00252986 6.91484e-06 0.0374276 0.00753084 3.62713e-06 3.45808e-08 0.000723069 0.00872684 0.000831161 2.90768e-06 0.000166063 2.36682e-06 0.000446851 6.72937e-05 
0.00297478 0.0300271 0.0109011 0.0015089 0.0153001 0.0142867 0.00478551 0.00189469 0.000331146 3.12054e-05 0.359608 0.231101 0.231603 0.00960151 1.64093e-05 2.45049e-05 0.0330365 0.000277608 0.000588114 0.000561188 0.00925119 0.00991538 1.43545e-05 0.0086491 2.79757e-05 0.0057952 0.0178872 
0.00418858 0.1116 0.00170264 0.0867934 0.0482109 0.000270957 0.0252303 0.00470559 0.00305178 4.08836e-06 0.22914 0.0734281 0.0486251 0.00961467 6.13449e-06 0.000160734 0.0571287 0.0302593 0.000574975 4.80908e-05 0.00773638 0.174173 2.48703e-05 0.0365076 0.00113107 0.0171412 0.0285416 
0.000976135 0.0424372 0.000333843 0.00188701 0.0273298 0.0254857 4.00948e-05 0.000707005 3.02447e-05 1.85416e-06 0.375301 0.304679 0.0412657 0.00847412 1.63532e-06 2.64402e-08 0.062566 4.72207e-06 0.00269076 9.3104e-06 0.00426011 0.00258408 6.12597e-11 0.0755782 6.27578e-09 0.0202425 0.00311332 
0.000499332 0.0461032 0.0245198 0.00278031 0.0268822 0.00010029 0.00277572 0.000851172 8.02872e-06 1.85567e-07 0.476039 0.0272955 0.220664 0.000791386 0.00011897 1.09363e-10 0.110315 0.000187082 4.84398e-05 5.35693e-05 0.00131175 0.00914515 8.63651e-08 0.01191 1.52089e-05 0.00663556 0.0309492 
0.0153884 0.0171313 0.0155098 0.0100574 0.0450101 0.00504582 0.0312371 0.00604869 0.000867506 0.0145759 0.23849 0.152879 0.0425157 0.0132793 0.000677416 0.000576395 0.197706 0.000195445 0.000455902 0.00058414 0.0159511 0.0157529 0.00282681 0.0168789 0.00245788 0.012337 0.125564 
0.00195614 0.0151638 0.0022456 0.0485781 0.0642442 0.00253796 0.0140246 0.0103612 0.000799458 8.18844e-06 0.30797 0.0704549 0.0438708 0.0183842 0.000999863 0.00290013 0.0709047 3.55946e-05 0.00068311 3.27689e-05 0.00496514 0.0521221 0.0012267 0.182124 2.34505e-05 0.0128291 0.0705544 
0.000648263 0.018991 0.130831 0.00108064 0.167252 0.00156083 0.009557 0.00213755 0.00109303 0.00010208 0.404414 0.111732 0.00842531 0.0255542 9.3257e-05 0.00505375 0.0556663 6.77511e-06 3.39374e-05 0.00522774 0.00644977 0.00164136 0.000323085 0.00363386 5.73271e-05 0.00254814 0.0358852 
0.000431801 0.00676633 0.276046 0.000318237 0.0952322 0.0121345 0.00906235 0.0016639 0.00382995 2.53737e-06 0.376761 0.00914918 0.02448 0.0142374 5.33402e-05 3.03466e-07 0.0467263 2.26536e-05 7.06988e-05 0.000189021 0.0127135 0.00819366 0.00436017 0.0425416 0.00157837 0.0429782 0.010457 
0.000494059 0.00763478 0.00614629 0.000922207 0.0421355 0.0277405 0.0528809 0.000610448 1.42495e-05 3.60498e-06 0.530108 0.026277 0.0502873 0.0636741 5.34162e-05 6.10647e-05 0.00211122 8.03596e-06 1.86341e-05 0.000214346 0.000222507 0.042067 0.00145568 0.118658 8.03508e-05 0.0227064 0.00341475 
4.55973e-06 0.00219513 6.78893e-06 3.87748e-06 7.47848e-06 0.0529111 1.40214e-09 3.26749e-09 3.91016e-09 5.31524e-09 0.719311 0.128326 0.00827942 0.000187654 8.95863e-09 6.64601e-09 0.00165488 6.36115e-09 7.4326e-09 5.56352e-09 1.40269e-09 0.0115134 6.5586e-09 0.0753857 1.21333e-09 2.00207e-05 0.000193105 
0.00121229 0.0239689 0.00610569 0.126946 0.0130588 0.00282464 0.00778563 0.0145405 0.00113618 2.96159e-05 0.230208 0.0543745 0.188143 0.0026145 4.58291e-05 9.75131e-07 0.145593 6.4959e-05 0.000207077 9.48415e-05 0.000764065 0.0144428 0.0156811 0.0430931 0.00661065 0.00589321 0.0945603 
0.000522355 0.00184618 0.000185001 0.000667968 0.0282986 0.000759976 0.00018877 6.1319e-05 5.37714e-13 2.58021e-10 0.803734 0.0729844 0.0391047 0.013616 4.57785e-06 2.5082e-08 0.00891742 1.05201e-06 0.000241481 3.90393e-05 0.00846792 0.00141938 0.000180756 0.00600865 3.15607e-07 0.00774796 0.00500196 
0.00159102 0.0212908 0.0515363 0.0202231 0.0802247 0.00167001 0.0168687 0.0119085 0.000308825 0.000143442 0.255599 0.106289 0.042472 0.0422946 3.11031e-05 9.05113e-05 0.111828 0.0075498 0.0165904 0.0015985 0.00898894 0.0108525 0.000731237 0.0551793 7.74802e-05 0.0199822 0.11408 
0.00184312 0.0264252 0.0199364 0.00755616 0.0105165 0.00944262 0.0150973 7.43242e-05 0.00124166 9.18678e-07 0.50118 0.0315955 0.0878193 0.00263852 0.000172823 1.93604e-07 0.0193843 2.21892e-05 0.0008428 0.0014214 0.000810629 0.111781 5.90398e-05 0.0208781 0.000135988 0.00955771 0.119566 
0.00164994 8.16863e-05 0.0297248 0.000151429 0.057394 3.83829e-08 0.000560724 0.00014242 2.24885e-08 5.63643e-05 0.344042 0.00840598 0.106768 0.00647497 4.90146e-05 1.38686e-11 0.214157 6.1038e-05 7.40612e-05 0.000523787 0.00361623 0.00807921 0.00475092 0.00525883 2.70857e-05 9.97221e-05 0.207851 
0.000632425 0.0451886 0.000253835 0.00339802 0.00341485 0.00071495 0.0030925 0.00073809 2.53407e-05 1.00208e-05 0.527529 0.00874689 0.114065 0.000184723 7.12479e-06 3.36611e-09 0.100628 0.00136083 0.00198069 2.81785e-09 0.0880227 0.014528 0.000160635 0.0586764 1.42818e-06 0.000235795 0.0264045 
0.00149039 0.0532088 0.023733 0.000557328 0.0634458 0.00269094 0.0135437 0.00806038 0.0589832 2.36528e-08 0.206053 0.0706321 0.0636027 0.0747364 1.22097e-07 3.79236e-07 0.0665225 0.00241921 0.000937844 0.00236305 0.0167692 0.0112603 0.0361772 0.191824 0.000905524 0.00500982 0.025073 
0.0370303 0.0370561 0.0370541 0.0370436 0.0370625 0.0370434 0.0370524 0.0370324 0.0370255 0.0370106 0.0370633 0.0370603 0.0370607 0.0370544 0.0369717 0.0369964 0.0370609 0.0369995 0.036988 0.037008 0.0370523 0.0370538 0.0369974 0.0370514 0.0370543 0.0370592 0.0370571 
0.00109525 0.0435607 0.0259507 0.00464815 0.0345955 0.00835178 0.0366943 0.00326097 0.000960858 4.15912e-05 0.314781 0.221282 0.0909882 0.00947135 0.000232265 0.000339506 0.0747634 8.28557e-05 0.000558422 0.00117336 0.0052103 0.0249914 0.00113624 0.0196733 0.0115961 0.024988 0.0395729 
0.000943944 0.0514552 0.0233838 0.000564809 0.0651344 0.000903953 0.0738712 2.66893e-12 0.0008029 1.70733e-10 0.484129 0.0132811 0.115127 0.00174524 6.02227e-05 5.42855e-12 0.120318 6.78114e-05 0.00014536 0.00016511 0.0108059 0.00386949 0.00499812 0.00404052 2.27005e-05 0.00603255 0.0181324 
0.00225966 0.0105351 0.00547231 0.0107129 0.0170866 0.0204889 0.00545585 0.00245523 0.00055134 6.95337e-06 0.575836 0.0138288 0.079856 0.00311225 1.17109e-05 1.56e-06 0.0211586 1.89281e-05 0.000507358 0.000225861 8.83526e-05 0.156303 0.000208883 0.0422316 4.08017e-05 0.0110832 0.0204629 
0.00221071 3.91152e-06 0.000564746 2.88046e-05 0.110278 0.000195254 0.000427008 3.95933e-06 9.35098e-07 5.46749e-07 0.673984 0.113073 0.0265684 0.000380051 5.37572e-06 1.75938e-09 0.00616326 3.1075e-06 5.21426e-07 9.55779e-06 0.000200104 0.00225719 1.73625e-09 0.00223293 3.31569e-07 3.06456e-06 0.0614056 
0.00819557 1.88036e-07 0.322745 2.56336e-08 0.153848 3.7614e-07 2.70717e-07 0.000399641 5.12234e-07 8.00974e-07 0.363814 3.85332e-06 0.0148047 0.0205766 3.06849e-07 2.84511e-11 0.0751199 2.72317e-11 1.94124e-07 6.02786e-05 1.26042e-06 0.0009617 1.04449e-06 3.71891e-07 4.73195e-07 0.00229366 0.0371719 
2.68152e-05 0.0580712 0.00115497 0.0145834 0.0247583 0.00762735 0.0914133 0.00109311 0.0437784 2.44006e-05 0.242481 0.0315505 0.157755 0.0372408 7.93003e-06 9.57339e-11 0.0444082 1.0832e-06 0.000502809 4.44157e-05 0.000825874 0.0107776 1.02532e-05 0.00158862 0.0699405 0.00871506 0.151619 
0.00412208 0.00746243 0.0616865 0.000332881 0.0208181 0.0295343 0.000408235 0.000605791 2.13154e-10 3.31516e-05 0.624248 0.0736745 0.0575544 0.041403 5.57017e-06 0.000169029 0.0208003 5.44643e-06 0.00126704 0.000525875 0.000952278 0.00142116 0.000716063 0.0101327 0.000193719 0.00037837 0.0415494 
0.000103629 0.0143108 0.000859663 0.000561198 0.00553056 0.00154928 0.0574937 0.00187594 0.00168315 3.05653e-06 0.513905 0.152555 0.0469192 0.000636558 6.8023e-06 4.82858e-12 0.102714 4.0446e-05 0.00126035 1.95471e-07 7.36237e-05 0.0135994 6.90465e-09 0.00786498 0.0343773 0.00733773 0.0347391 
0.000920251 0.0618919 0.068 0.0177624 0.0604388 0.0121184 0.184472 0.0206419 0.00112031 7.28917e-06 0.20044 0.0138033 0.0471851 0.0143678 0.000252282 4.93596e-05 0.113929 0.00103919 0.00737079 0.00161216 0.00440787 0.0202018 0.000484848 0.0839703 0.000775697 0.0243836 0.0383531 
0.00154912 0.0102739 2.44094e-08 0.000577178 0.0249448 6.77144e-08 0.000215004 0.000955525 1.00902e-12 1.36328e-06 0.536118 0.133812 0.0338792 0.000396318 2.1947e-05 1.71502e-12 0.166851 8.53982e-06 0.00102834 3.3306e-05 0.00060868 0.011643 4.84346e-09 0.0673652 1.60614e-09 0.00445009 0.00526711 
0.00999431 0.0449271 0.00671512 0.0354796 0.109346 0.000306383 0.0129547 0.000238026 2.89789e-08 2.1803e-05 0.500884 0.0553544 0.048015 0.00694123 6.52337e-05 6.08462e-11 0.0613274 0.000301449 0.000318455 0.000253917 0.00565717 0.0202064 0.00048017 0.0096442 5.97213e-05 0.0243021 0.0462062 
6.18445e-06 6.84182e-06 0.100416 6.47703e-06 0.0884994 2.31986e-05 1.19019e-08 0.00062034 3.31908e-08 4.51176e-08 0.58672 5.02234e-05 2.06107e-05 0.00367781 7.60439e-08 5.64136e-08 0.178603 5.39956e-08 2.63167e-05 2.53714e-05 6.65207e-06 8.31139e-06 0.000420604 0.0408305 1.02991e-08 6.41804e-09 3.21885e-05 
0.00450248 0.010657 0.029619 0.0180169 0.0584173 0.0029658 0.0284692 0.000991627 0.00874661 1.20247e-06 0.393521 0.101814 0.0821379 0.0174463 0.000314241 3.29438e-11 0.0109551 4.02602e-08 0.0065057 7.7463e-05 0.0048575 0.157013 3.86315e-05 0.0138104 0.000273071 0.000118057 0.0487301 
0.00218432 0.00520221 0.0697592 0.0122088 0.237352 0.00559056 0.00120904 0.00629657 4.27381e-07 1.82295e-05 0.281739 0.090987 0.00750487 0.120976 7.95668e-06 2.59471e-10 0.0453196 8.83864e-06 0.00485784 0.00139423 0.0738671 0.00234032 0.000350672 0.017807 2.95112e-05 0.0012751 0.0117142 
0.00902838 4.03064e-09 4.33768e-05 6.22543e-05 0.0298604 0.000183136 0.000336296 5.73757e-05 1.79177e-08 3.25632e-10 0.529725 0.350395 0.00683429 0.00588337 2.39792e-06 1.53709e-12 0.0446789 1.2072e-06 0.000379189 0.000117205 0.00246547 0.000943823 1.19188e-08 0.000432397 9.10908e-10 0.000955537 0.0176147 
0.000463292 2.45523e-12 0.00130306 9.62166e-05 0.0105603 1.62092e-08 0.000478944 8.73383e-06 9.15817e-12 1.02493e-06 0.802114 0.00145758 0.00866612 0.00124505 2.65201e-06 1.55659e-11 0.0123229 1.05535e-09 4.64572e-08 1.30306e-11 0.000759362 0.000454567 1.53612e-11 0.00042816 8.63007e-06 0.00638894 0.15324 
0.00971168 0.0390889 0.0275696 0.00611083 0.03482 0.174771 0.00892053 0.0169178 0.00442603 1.34126e-05 0.290037 0.0557437 0.102388 0.0170283 4.13471e-05 1.02764e-06 0.0740408 0.00114395 0.00307334 0.00380631 0.014856 0.0227354 0.00221133 0.0336629 0.00520048 0.0245484 0.0271317 
0.000311354 0.0292915 0.00176277 0.00477993 0.0051724 0.012357 0.00620329 0.00342189 2.83205e-05 1.42178e-05 0.458831 0.11936 0.275716 0.00123769 3.60794e-05 9.32735e-07 0.0118858 3.24322e-06 0.00287635 0.00029463 3.83854e-06 0.0212022 1.9183e-08 0.021758 0.00625096 0.00330567 0.0138948 
0.00131898 0.0914404 0.00305376 0.00365141 0.0227528 0.00349405 0.0122835 0.00556256 0.00061173 4.27275e-06 0.521505 0.116276 0.0752793 0.00671895 1.92876e-05 4.54032e-07 0.0648768 0.0107106 0.000377344 0.000617899 0.00573922 0.0108954 0.00165258 0.00832605 0.00397064 0.0087388 0.0201222 
0.00111527 0.0110585 0.183576 0.00153116 0.146582 2.94598e-06 0.0131125 9.82292e-06 0.00924587 0.132319 0.198369 0.00158298 0.00856258 0.0156696 4.90297e-05 1.56105e-08 0.0873361 1.49414e-08 8.50531e-05 0.0503985 0.00745875 0.000291959 0.000424464 0.0789442 0.000125305 0.00422614 0.0479236 
1.49952e-07 2.1729e-07 0.255839 9.49893e-09 0.0293593 2.14037e-05 0.0102563 0.00022543 6.37545e-08 0.000254119 0.306618 0.0128831 0.00308689 0.000432404 7.09061e-05 4.14286e-11 0.171164 3.96529e-11 3.82979e-05 0.193465 0.00108996 0.00109222 0.000210919 0.00125805 0.000150091 5.69619e-07 0.0124824 
0.0220716 0.00557717 0.00668582 4.9493e-05 0.0272082 0.00402769 0.000640949 0.000809988 6.54403e-05 0.000168168 0.534485 0.0841484 0.147596 0.0137577 2.1335e-05 8.50149e-09 0.0459714 0.000535451 0.0118405 0.00264395 0.00127447 0.000737948 4.84686e-05 0.00213856 0.00582439 0.00136331 0.0803087 
0.00336671 0.01414 0.00378917 0.0299302 0.118564 0.0426811 0.000236792 0.011276 1.71589e-07 2.68711e-09 0.250566 0.196358 0.0529712 0.0157828 2.1488e-05 3.35988e-09 0.0182604 9.02525e-07 2.73085e-05 6.4479e-05 0.013733 0.0164806 0.0015963 0.205238 1.44565e-05 0.000865854 0.00403596 
0.00142649 0.00869976 0.0195488 0.00279631 0.0180081 0.00179611 0.0447477 0.00109376 0.00611498 2.92193e-05 0.293401 0.162679 0.0401835 0.00666146 0.00102034 1.87994e-06 0.154459 0.0111947 0.000906341 0.00105084 0.00923114 0.0167119 0.00017416 0.00428879 0.00576157 0.00834854 0.179665 
0.00847557 0.038479 0.0172061 0.0433172 0.0383796 0.015672 0.0365286 0.0315209 0.00435903 5.96935e-06 0.231164 0.183299 0.0594914 0.00873758 0.00157549 0.000104428 0.119162 0.000750182 0.00480275 0.00217542 0.00532854 0.0402903 0.000444035 0.0241973 0.00299078 0.0204517 0.0610912 
0.00589491 0.0351779 0.0038289 0.00223248 0.0142601 0.00341186 0.00794704 0.000342185 5.26258e-08 7.89597e-05 0.394263 0.104908 0.169737 0.0053826 0.000562331 5.25845e-08 0.0890595 0.00090458 0.00287052 0.000368259 0.00554029 0.0220566 5.25858e-08 0.0425515 0.000984918 0.0380936 0.0495421 
4.17269e-05 0.00945403 0.0232274 0.039237 0.317352 0.0105474 0.00504576 0.000115833 5.24627e-05 5.44523e-08 0.434688 0.0022849 0.0195613 0.0191906 6.79073e-08 6.98493e-10 0.00507071 0.00044464 0.000321105 0.00187094 0.00135621 0.0674296 1.09177e-06 0.0078913 0.000207172 0.0162646 0.0183449 
0.199627 0.0959666 0.0283218 0.00133071 0.0419516 0.0283201 0.0220894 0.0350781 0.0033623 1.05967e-05 0.295195 0.0251297 0.0360132 0.0136697 3.13212e-05 1.26126e-05 0.0316812 5.36715e-05 0.000165045 0.000588829 0.00328686 0.117268 3.24148e-08 0.00164486 0.000193779 0.0110501 0.0079573 
0.00159682 0.0285113 0.00272775 0.00434504 0.00854948 0.00249598 0.0245524 0.000159433 4.63558e-05 8.47635e-07 0.467975 0.0118151 0.0172451 0.00213069 1.41172e-05 6.78956e-11 0.379383 0.000272371 0.00160709 0.00043007 0.00214458 0.0080133 2.27652e-05 0.00902331 1.85246e-06 0.00335017 0.0235858 
0.00666912 0.0458173 0.0603609 0.00361618 0.118803 0.00801678 0.0408512 0.00475048 0.00235604 1.38772e-05 0.218756 0.0460117 0.0700015 0.0104713 4.09877e-05 1.77082e-05 0.213125 9.95235e-05 0.00436236 0.00264005 0.0271672 0.0125002 0.00124981 0.0230291 0.000422422 0.0411751 0.0376746 
3.18926e-10 0.00271475 0.0215062 0.000264154 0.0151737 0.0414125 0.00139888 0.00546592 3.61505e-10 4.78015e-06 0.481107 0.0012024 0.170006 0.019891 0.000136391 6.14442e-10 0.00160649 1.5142e-07 6.34952e-08 1.56176e-06 0.000121294 0.00729208 0.0132583 0.0367903 9.12646e-06 0.00087194 0.179765 
0.0164755 0.0214181 0.124439 0.00438922 0.102779 0.00343736 0.158025 1.9818e-09 2.76668e-05 7.54998e-06 0.224145 0.00067923 0.116506 0.0297587 1.7407e-05 4.03095e-09 0.00233511 0.000170426 5.84976e-06 0.000348532 0.00814897 0.0245648 0.0181238 0.00108717 0.00261253 0.02324 0.117257 
0.00900033 0.000219024 0.000117105 0.259953 0.0214576 1.9357e-05 0.00138737 0.000330377 1.6498e-11 1.2352e-05 0.304579 0.014594 0.0343705 0.00175093 6.67931e-05 2.80413e-11 0.00206652 1.18298e-08 0.000107377 2.3474e-11 0.0221665 0.0315781 5.29683e-06 0.0822032 6.40159e-06 0.000956161 0.213054 
0.000211269 0.000455251 0.000737903 0.00107444 0.0143237 0.00197537 0.00283008 5.81414e-06 0.000635583 4.19538e-08 0.852113 0.0152954 0.0717779 0.00116082 1.77765e-05 1.06951e-12 0.0135933 1.01965e-06 0.00241372 3.50962e-05 0.00106585 0.00171714 0.000380967 0.000591757 3.21004e-07 0.00626606 0.0113202 
0.00877927 0.0909053 0.0268148 0.000429473 0.0670029 0.0863681 0.00136295 0.00687072 0.000609725 7.51673e-05 0.312603 0.160083 0.0850542 0.0178313 1.58508e-05 6.13389e-06 0.0562617 0.00101575 0.00203956 0.000253149 0.00795286 0.0180638 0.000189542 0.0166125 6.18387e-06 0.0173697 0.0154238 
0.0187301 0.0146576 0.01921 0.00233392 0.0341163 0.0129269 0.00337192 0.0125397 0.000319878 2.22346e-05 0.483745 0.169324 0.0221551 0.0131059 3.24873e-05 5.42419e-08 0.110095 4.56174e-11 0.00313776 0.000142829 0.00201826 0.0108869 0.000603481 0.0377167 2.62371e-05 0.00466402 0.0241184 
0.000635683 0.0153407 0.00620039 0.00105255 0.186485 0.0170923 0.00537669 0.00265176 0.00270625 6.70519e-08 0.320702 0.0695795 0.0217358 0.0282678 3.46691e-05 5.14403e-10 0.225916 5.74838e-05 0.000435332 0.000103281 0.0130795 0.0118685 0.000213038 0.0329361 1.70221e-07 0.0247185 0.0128102 
0.000306684 0.00327105 0.0104905 9.97251e-05 0.0243895 0.0112784 0.0176519 6.20556e-08 7.47089e-05 2.01471e-05 0.414337 0.0247724 0.308749 0.0143004 0.00711058 0.000153898 0.00841489 3.23672e-07 0.0032024 0.00129776 0.00377729 0.080056 0.00146667 0.0552203 0.00101465 0.00502643 0.00351735 
0.00452691 0.0179761 0.00468187 0.00306429 0.0147466 0.00838956 0.0142964 0.000509922 0.000208701 0.000612059 0.241522 0.15242 0.2101 0.00313978 2.3368e-05 7.96104e-06 0.0949263 1.84672e-06 0.000848688 0.00010193 0.0012666 0.130434 5.37657e-08 0.0152874 5.57024e-05 0.0124698 0.0683831 
0.000404789 0.00199636 0.0444933 0.00178698 0.0598162 0.0059264 0.0135959 0.0018947 0.000738697 3.68129e-06 0.450066 0.0861898 0.114617 0.00484321 1.31686e-05 1.76507e-06 0.141117 1.91962e-07 0.000112318 0.00423665 0.0268615 0.00316145 0.0010245 0.0245296 1.92565e-05 0.00209119 0.0104583 
0.00285985 0.0263828 0.00683837 0.00129036 0.0361633 0.014754 0.0258201 0.00119051 0.000824377 2.65919e-06 0.483576 0.0968952 0.0807357 0.0133136 2.10541e-05 0.0011204 0.0211225 0.00188164 0.000961849 0.000196387 0.00108008 0.0222383 0.0022677 0.109974 0.00128455 0.0390691 0.00813655 
0.00389234 0.0415048 0.00381211 0.00689653 0.0365027 0.0225857 0.0037001 0.00932428 0.000655349 4.51897e-07 0.446366 0.101977 0.0078151 0.00328396 7.97214e-05 2.26867e-06 0.177739 2.39076e-05 0.014234 6.68038e-06 0.0111807 0.0303584 1.17341e-07 0.00795868 6.89722e-05 0.021823 0.0482083 
0.00627576 7.69611e-08 0.0692613 7.6935e-08 0.117725 0.00301592 0.00347067 0.000392326 0.00235314 0.0027058 0.231113 0.107058 0.020251 0.016192 0.000614363 7.68371e-08 0.0607688 7.68435e-08 0.000468676 0.194528 0.0161526 0.00653367 0.00285848 0.00448634 0.0070109 0.108863 0.0179017 
0.00108786 0.000639838 0.00175373 1.85828e-08 0.0392349 0.000397351 0.00934013 1.24087e-08 6.25856e-05 8.49648e-08 0.475493 0.0939961 0.0838958 0.00799027 2.52684e-06 6.84634e-08 0.186157 4.4302e-10 4.97777e-05 3.90416e-05 0.0113213 0.0102416 0.00061048 0.00357708 2.79266e-09 0.00547526 0.0686343 
0.00306644 0.0239723 0.0150601 0.00359534 0.0524081 0.0234401 0.0457296 0.000886708 0.00292418 5.94476e-06 0.326776 0.0830028 0.191064 0.0099456 0.000324156 3.71281e-07 0.0426445 0.00158422 0.000187456 9.14317e-05 0.012035 0.00998261 9.76219e-05 0.00794625 5.60339e-05 0.0563473 0.0868263 
0.00194205 0.0493641 0.0749713 0.00596571 0.0869504 0.00913457 0.191487 0.0297422 0.00314027 8.42737e-06 0.279224 0.0212052 0.0901058 0.012071 4.46823e-05 1.02129e-07 0.0622623 0.00332116 0.000537439 0.000677276 0.00517427 0.0176874 2.73178e-05 0.0202076 0.00820772 0.00960091 0.0169393 
0.200401 0.00312573 5.60617e-05 0.0211943 0.0249778 0.00117726 0.000249085 0.000253121 1.15249e-07 5.69385e-11 0.383577 0.0580636 0.115788 0.00289904 2.51929e-06 7.11941e-11 0.0561399 1.98128e-05 0.00194751 2.68511e-07 0.00149481 0.0127525 0.0018436 0.062257 5.06158e-07 0.00333826 0.0484411 
0.00116984 0.0794056 0.0261543 0.0099333 0.110806 0.00165064 0.0338174 0.00761255 0.000656989 0.0021821 0.230723 0.0884758 0.02385 0.0309401 0.000100553 0.0191878 0.0671214 0.00116796 0.00350557 0.000603196 0.00295817 0.00504655 0.00448174 0.0159058 0.000601085 0.00161627 0.230327 
4.9462e-07 0.0105624 0.163938 4.88953e-05 0.00225791 0.00041203 0.0105308 2.50422e-05 1.97554e-07 0.00029743 0.430407 0.011545 0.0722902 0.00155908 1.22958e-07 1.96722e-10 0.0409831 1.4023e-07 0.0551934 0.140284 0.00214729 0.000618731 1.94134e-10 0.0030609 0.00202955 0.0219851 0.0298236 
7.45045e-07 0.0365245 0.000168522 0.000763612 0.0146853 0.00736821 0.000316613 0.000460947 6.11263e-07 1.0128e-08 0.520418 0.152813 0.224567 0.00696873 7.38198e-06 2.47092e-10 0.00394349 3.3909e-08 4.63279e-05 0.000112782 0.00032806 0.00718467 0.000265552 0.0206399 1.27005e-08 0.00118729 0.00122854 
0.00244688 0.0235694 0.0657381 0.00324449 0.0299137 0.00445296 0.0292294 0.00258971 0.10526 0.000285764 0.16054 0.139725 0.141929 0.00691255 2.88302e-05 2.30986e-06 0.0681004 8.06986e-05 0.00337214 0.0056859 0.030861 0.0353682 3.54689e-05 0.028558 0.00077061 0.0210235 0.0902769 
0.00918657 0.00232007 0.21037 0.00872645 0.0199722 0.000230779 0.0170942 0.000651658 0.00293485 1.39116e-07 0.234822 0.000480829 0.112497 0.178736 0.000170655 4.27399e-07 0.0919704 1.19037e-06 0.000509472 0.00211001 0.000231042 0.00447289 2.48015e-05 0.00624864 0.00230961 0.0339007 0.0600261 
0.0391011 0.00433553 0.0140389 0.0188768 0.131131 0.00256287 0.00191283 0.00270365 4.4926e-05 3.69502e-05 0.27435 0.0136673 0.0837738 0.0129523 0.000118513 3.70318e-11 0.0938362 6.43668e-05 0.00316528 0.00493967 0.00214283 0.00505796 0.000144194 0.0118564 1.19138e-05 0.0126989 0.266476 
0.0053655 0.0295472 0.0612383 0.00438528 0.0351204 0.0171617 0.017801 0.0113663 0.00151913 0.000152222 0.212231 0.127406 0.0485217 0.0263386 4.50991e-05 8.23819e-05 0.172819 0.0045241 0.00459306 0.00324099 0.00992277 0.0242307 0.00494992 0.104985 0.00018747 0.0128787 0.0593871 
0.000187866 0.0509595 0.00301589 0.000825941 0.0158663 0.00961078 0.00837763 0.000422275 7.26705e-05 5.77333e-06 0.597807 0.0647184 0.0817711 0.00997953 2.39548e-05 5.26403e-06 0.0342847 0.00126291 0.000168073 0.000111608 0.0054632 0.0113631 0.000998366 0.0156703 0.000467657 0.00487386 0.0816864 
