0.00255557 0.00013973 0.00333653 0.00453783 0.0210773 0.00079887 0.00145505 3.49286e-05 0.00141721 5.00695e-07 0.67942 0.0113557 0.0268594 0.0117727 3.80725e-05 2.18864e-06 0.0329827 4.72566e-06 0.000236666 5.85636e-05 0.0103639 0.012253 1.12583e-05 0.000686706 6.03401e-05 0.00392007 0.17462 
0.00107515 0.000954292 0.00232178 0.0110978 0.00538736 1.97995e-05 0.00236775 0.000376107 1.27568e-05 6.79967e-06 0.359682 0.0502728 0.0125682 0.00024822 1.98811e-05 2.98278e-12 0.317714 6.42055e-05 0.00124971 0.00018979 0.00821297 0.00220851 2.32401e-05 0.00318195 3.9041e-06 0.00156428 0.219177 
0.00147139 0.0125455 0.0388835 0.00802453 0.0796767 0.00137806 0.0319711 0.000866939 0.0027735 3.06023e-05 0.465988 0.0764188 0.0322381 0.00964013 1.14351e-05 7.99658e-06 0.105792 1.12273e-05 0.0045039 0.000326211 0.0220341 0.0237284 0.00986656 0.00558135 0.0209314 0.0217668 0.0235316 
0.0225115 0.0379636 0.00123322 3.60857e-07 0.0443752 0.0492285 0.0310051 0.000321467 0.00296467 3.21612e-06 0.489257 0.133726 0.0408283 0.00330873 7.28319e-06 5.90932e-11 0.0814696 6.991e-07 0.00100991 3.46925e-05 0.00252825 0.00075336 6.61843e-09 0.0125948 0.0140798 0.0060115 0.0247825 
0.000898823 0.0282395 0.00432763 0.00253402 0.0507108 0.00982079 0.0248178 0.000773225 0.00107214 1.3097e-05 0.487914 0.10861 0.0759591 0.00530055 3.18752e-05 9.89307e-05 0.117799 6.67592e-07 0.000117082 0.000825426 0.00171408 0.00979778 3.5971e-08 0.005086 0.00800399 0.0398628 0.0156703 
0.000786396 0.000131666 0.00642083 0.000670918 0.00194292 5.31887e-05 0.00103456 8.21389e-06 0.000872191 1.70546e-06 0.711515 0.00397688 0.00379202 0.0223181 1.79468e-05 7.09165e-12 0.0612777 8.58207e-07 7.93099e-12 2.2312e-05 0.00912654 0.000615817 3.14951e-05 0.00026531 2.05296e-05 0.000110152 0.174987 
9.22451e-05 0.0121299 0.0110807 0.000322741 0.0355721 0.0302853 0.00434425 0.0179039 0.000167938 6.63766e-09 0.612294 0.0621524 0.123884 0.0159815 5.26286e-05 1.07081e-09 0.0275202 1.25914e-05 2.71507e-05 5.90025e-05 0.0119696 0.00430542 0.0175903 0.00572773 4.4249e-07 0.00271132 0.0038126 
0.00275836 0.0125689 0.182635 0.000311158 0.156691 0.000934046 0.0022683 0.00361465 0.00453764 5.54908e-05 0.407658 0.0335076 0.0142446 0.0607262 0.000895061 6.70845e-05 0.0370797 7.87871e-07 0.00236836 0.000452523 0.0667766 0.000222536 0.0005869 0.000250682 1.12603e-05 0.00307345 0.00570382 
4.47641e-07 0.00563498 0.00034994 0.000273184 0.00878354 0.0281072 0.00242968 0.0182552 0.00028792 1.97533e-08 0.507405 0.0589806 0.207844 0.003466 1.93815e-06 9.59968e-11 0.0472976 0.00157278 0.0175637 9.55897e-06 0.000525994 0.0100491 3.96521e-06 0.0547139 5.63123e-06 0.0150812 0.0113564 
0.00271862 0.00930401 0.00384454 0.017353 0.00661068 0.00013822 0.00210206 0.000645333 6.57374e-05 1.71857e-06 0.417361 0.05327 0.0455836 0.0039996 2.25171e-05 5.122e-08 0.0573811 2.48933e-05 0.00958451 4.19068e-05 0.0050351 0.0116978 4.709e-05 0.0104367 1.70423e-05 0.00130209 0.341411 
0.0080571 0.0959784 0.222222 0.00589272 0.0668903 0.049732 0.00854579 0.000889231 0.000201587 1.08536e-05 0.275047 0.00138435 0.0322417 0.00407502 3.72033e-06 2.21696e-07 0.144202 9.60994e-07 2.98658e-06 7.20383e-05 0.0132115 0.0134292 6.27988e-09 0.00269024 8.67544e-06 0.0479601 0.00724989 
0.00170768 0.100891 0.0144508 0.00920024 0.160408 0.0299507 0.0197743 0.0427426 0.000149158 1.30481e-05 0.198326 0.062017 0.0161874 0.0885951 0.000138074 0.00123188 0.113561 0.000205144 0.00386757 0.000133889 0.025148 0.012344 0.000999913 0.0304237 0.00746944 0.0378457 0.0222186 
0.0038425 0.0104493 0.00740357 0.019295 0.018751 0.0124246 0.00865359 0.00162492 0.00146966 0.00024341 0.530402 0.0608761 0.0209907 0.00111584 4.34185e-05 1.28063e-06 0.14349 1.69583e-05 0.010813 0.0154795 0.00321399 0.0189057 1.7647e-05 0.0172911 0.000572344 0.0014589 0.0911544 
3.67861e-07 0.0235343 0.00568081 2.41629e-07 0.00642333 0.194397 0.00424419 0.000539005 1.57686e-07 1.6605e-07 0.476421 0.110594 0.0675609 0.0017893 1.05727e-07 1.38311e-10 0.0797573 9.79931e-07 0.000845513 0.000731698 7.27203e-08 0.016556 4.07176e-05 0.00936183 5.72018e-08 1.1216e-06 0.00151987 
0.00612657 0.0717575 0.00507674 0.00531615 0.0808733 0.0121826 0.0599748 0.00609101 0.000655796 5.81653e-06 0.219692 0.132045 0.156242 0.0624899 0.0022001 4.40889e-05 0.052799 4.49012e-05 0.00144665 0.00394593 0.00219387 0.0380454 0.000244268 0.052654 0.000249239 0.0114208 0.0161821 
0.00347931 0.00253333 0.0405789 0.00275766 0.217645 0.000328111 0.000451511 0.00626633 1.42528e-07 2.42693e-05 0.443757 0.0265704 0.0258638 0.00344692 5.29631e-05 2.42251e-07 0.0789028 5.65513e-05 2.60472e-05 0.0018817 0.0181453 0.00302071 0.00127172 0.00438814 2.16133e-06 0.000116332 0.118433 
0.00229024 0.0551834 0.00653944 0.0186205 0.0311586 0.00264547 0.0295864 0.000366097 0.00443307 1.768e-05 0.299216 0.0384709 0.195477 0.00289708 3.85638e-05 1.30764e-08 0.0449275 0.000638744 0.00154049 0.00747851 0.00662784 0.0331723 3.72161e-05 0.148522 0.00782387 0.0141552 0.0481363 
0.000377105 5.98045e-05 0.0024967 2.40468e-05 0.00312684 5.8926e-05 0.00249019 2.72425e-08 0.000578908 4.35471e-09 0.421829 0.329812 0.0122986 0.000608007 1.81354e-05 6.55114e-12 0.0845462 6.27035e-12 0.0108771 8.859e-05 0.00232489 0.00168473 0.00800015 0.00041328 3.2857e-06 9.75946e-05 0.118186 
0.0001937 0.0180134 0.00338203 0.00120717 0.053314 0.00194175 0.0115873 0.000188527 0.000296739 2.76864e-05 0.480831 0.0619844 0.126401 0.00971454 4.85841e-05 2.67463e-08 0.0714029 0.000284799 0.00155195 0.000173946 0.0481301 0.00784072 4.40099e-05 0.0132968 0.0216015 0.0238502 0.0426909 
0.00191353 0.0558057 0.00528746 0.000267744 0.0369377 0.00635927 0.0388088 0.000959817 0.000509904 2.4e-06 0.303959 0.208172 0.0835012 0.0116939 0.000132839 1.51064e-10 0.0490731 2.72798e-05 0.001093 6.68767e-06 0.00670331 0.0234503 0.00134288 0.0921909 0.000130364 0.0343976 0.0372725 
0.00205846 0.0618185 0.0568805 0.00232369 0.0760002 0.0056713 0.00487106 0.093475 0.000435506 9.31656e-08 0.372185 0.0680678 0.0730883 0.0276487 9.23249e-06 0.00455213 0.0444619 0.000321382 2.86907e-08 2.48483e-05 0.0165545 0.0159485 0.000626815 0.0505255 8.37558e-05 0.00753789 0.0148289 
0.0115636 0.00566696 0.000166126 0.00620536 0.00409828 0.000362875 0.000678376 0.000185081 4.15275e-09 1.36985e-07 0.717117 0.0512668 0.0794899 0.00498936 1.61578e-06 1.67898e-12 0.0318958 2.30266e-06 0.000162844 1.77497e-06 0.00482572 0.0121972 1.44276e-08 0.0336965 2.13036e-06 0.0020271 0.0333967 
0.00266403 0.00215371 0.000407591 1.23291e-05 0.0577125 0.00124518 0.00363149 0.00654729 7.39814e-05 4.84385e-07 0.281166 0.171156 0.0234905 0.0118872 2.75025e-05 1.74128e-12 0.22159 1.19629e-06 0.000206813 6.07387e-05 0.00573419 0.0194316 0.000308874 0.00524305 0.000107934 0.0995158 0.0856241 
0.000441002 0.000563896 0.000620239 0.000429858 0.0149267 5.69887e-05 0.00131954 3.22506e-09 8.59838e-07 9.2368e-09 0.839294 0.0102472 0.0255581 0.00135446 2.54119e-06 5.26374e-12 0.0517156 5.0217e-06 0.000161043 1.51488e-06 0.0073666 0.00337713 5.19451e-12 0.00123627 5.98598e-07 0.0324537 0.00886728 
0.000460627 0.00439797 0.00195778 0.000113684 0.0249309 0.000364646 0.00215785 4.68925e-06 7.3145e-06 4.57615e-06 0.632361 0.0243697 0.152731 0.00263323 1.60509e-05 4.47697e-12 0.0645486 2.31906e-05 0.000139781 7.72726e-06 0.011815 0.00477076 1.42063e-08 0.00742489 2.58937e-05 0.0229262 0.0418069 
0.00037602 0.03473 0.0450413 0.00057649 0.0527055 0.0234177 0.0112581 0.00731216 0.00595902 8.40087e-06 0.399058 0.0738734 0.0214029 0.00434956 0.000106709 1.93779e-12 0.0579129 2.08758e-09 4.77911e-05 0.0306372 0.00145055 0.00778777 0.00926836 0.0484919 0.000110917 0.123099 0.041018 
0.000102298 0.00549703 0.000401274 0.000416473 0.00293371 0.00959128 0.0144186 6.20924e-05 9.25475e-05 5.15134e-06 0.377718 0.0109224 0.314377 0.000649082 5.69053e-05 8.56868e-09 0.0114866 0.000212918 0.000188767 2.96024e-05 9.45439e-05 0.00287654 9.99905e-07 0.000888959 0.00160796 0.00152398 0.243846 
0.00034915 0.0103132 0.00146737 4.57983e-05 0.0256179 0.000735476 0.0014363 7.1334e-08 2.06604e-05 1.43047e-08 0.525776 0.0209776 0.00284044 0.0079815 2.23088e-06 1.90824e-11 0.338817 0.014879 5.26596e-06 6.3752e-05 0.0108818 6.57011e-05 6.1613e-08 0.00309764 5.2172e-09 0.0328583 0.00176778 
0.002788 0.0401969 0.0286552 0.0083845 0.0447368 0.0305847 0.00770995 0.0244646 0.00117963 1.63387e-05 0.329756 0.0816108 0.0397367 0.0119576 4.11756e-05 0.000197107 0.148509 0.000243006 0.0026707 0.00788372 0.0044771 0.0182219 0.00293439 0.133855 0.0015353 0.01304 0.0146136 
0.000956509 0.00433036 0.00265017 0.000916504 0.0665402 0.00305609 0.00194597 0.00144451 4.47803e-05 3.3739e-05 0.458936 0.20388 0.0331629 0.0118314 3.63824e-05 0.000751953 0.123607 2.47202e-06 0.00375105 0.0186946 0.0124818 0.00585283 0.000418187 0.0126337 0.000166139 0.00145627 0.0304188 
0.0215519 0.0465896 0.0662363 0.0271772 0.101804 0.0139629 0.00967686 0.0230405 0.00262232 0.000113131 0.235872 0.101444 0.0588778 0.0369521 6.10151e-05 0.00100373 0.101145 0.00380102 0.00245838 0.00276662 0.0135894 0.0191641 0.000894084 0.0241546 0.00115922 0.0135666 0.0703168 
0.000611896 0.0245254 0.0661905 0.00206365 0.0752012 8.34192e-05 0.0355284 1.18015e-05 1.1123e-07 1.02394e-07 0.368941 0.0333219 0.0859534 0.0170299 5.4642e-05 4.61214e-07 0.0209365 6.97924e-06 7.01539e-07 4.16435e-07 0.0336683 0.0271246 0.00343723 0.002125 0.00408701 0.00143041 0.197665 
0.0170287 0.0117592 0.0162893 0.01294 0.16378 0.00628865 0.00765583 0.00213507 8.59121e-05 5.92122e-07 0.260042 0.116299 0.0286217 0.0111256 2.01834e-05 3.65281e-07 0.205051 0.000219776 0.000237494 0.000260249 0.0177241 0.0149245 0.000180941 0.0447446 1.19539e-05 0.0103774 0.0521972 
0.00344377 0.0518128 0.0581733 0.0216787 0.0311937 0.00357681 0.0152418 0.00308236 0.0479711 0.000153934 0.37949 0.0239372 0.0317409 0.0223473 0.000777809 1.51357e-10 0.178748 2.29169e-05 0.000531675 0.0890951 0.00239374 0.00666733 2.34907e-07 0.0119216 0.000597457 0.00850617 0.00689356 
0.0780067 0.0566598 0.0307965 0.0088677 0.0274486 0.0215227 0.00556412 0.00502585 2.73412e-07 0.0200518 0.307532 0.223547 0.0379706 0.0606731 5.22767e-05 4.54714e-06 0.0240384 1.01151e-07 0.00293016 0.000393787 0.00441068 0.0154146 4.81778e-05 0.0309708 0.000606189 0.00115785 0.0363054 
0.000519977 0.00108911 0.00036085 0.000829714 0.00398594 0.00046211 0.000511658 0.000186065 9.00411e-09 3.26615e-09 0.691565 0.220756 0.0187654 0.000890556 4.74148e-09 7.80252e-12 0.0318103 3.32709e-06 3.62786e-05 7.57704e-09 5.71609e-05 0.00835873 7.69991e-12 0.0112863 1.60329e-09 0.000487017 0.00803883 
0.00152382 0.00469408 0.0143599 0.00436278 0.0140483 0.00968623 0.00737601 0.000748195 0.00209781 9.0346e-06 0.766981 0.0277247 0.0432005 0.0021052 6.36178e-05 5.39788e-10 0.0458434 1.59923e-05 0.00095236 0.000438816 0.00420909 0.00244506 1.87884e-06 0.000456005 6.89232e-06 0.00519979 0.0414498 
0.00232665 0.00749019 0.0378268 0.00577143 0.138956 0.0521246 0.0187913 0.000516529 0.00904949 1.86832e-07 0.322356 0.0947216 0.0419312 0.134728 1.55946e-05 6.59023e-09 0.00874202 2.58244e-06 0.0242282 0.000263918 0.0255153 0.0256123 0.00208373 0.00472695 0.000451884 0.0355335 0.00623524 
0.000488155 0.0620527 0.136202 2.41007e-07 0.190893 1.16658e-05 0.0132111 6.0059e-05 5.65278e-07 8.52424e-10 0.204012 0.00407549 3.37459e-06 0.192804 7.77645e-07 1.06584e-09 0.186177 1.97408e-07 0.000515953 0.00205368 0.00412807 0.00111308 2.28664e-06 0.000570967 0.000568198 0.000265981 0.00078939 
0.00516212 0.0384088 0.0524996 0.0030649 0.0386579 0.0711676 0.0284202 0.000243588 0.00275488 2.14504e-06 0.37786 0.0391968 0.224562 0.0112997 0.000248915 3.30301e-10 0.0132105 0.000540946 0.00111685 0.000448125 0.000964985 0.00689368 0.00294121 0.0366503 0.00161974 0.0245398 0.0175247 
0.253331 0.00764512 0.0109074 0.00129736 0.0766817 0.114417 0.00244837 7.32861e-05 0.0308706 3.38074e-05 0.261654 0.0831476 0.0164851 0.0216267 0.00542205 1.44905e-09 0.0495809 1.99488e-05 6.61339e-05 0.00243335 0.0139447 0.00618287 0.0102476 0.00440898 7.3871e-05 0.00836381 0.0186368 
0.037378 0.0142072 0.014908 0.0128926 0.0429892 0.00038171 0.0240995 0.00161072 9.2391e-06 4.00554e-05 0.348435 0.026114 0.121255 0.00737744 0.000269771 8.864e-06 0.0716563 2.25899e-05 8.07911e-05 0.00382448 0.00820797 0.00450065 0.000498937 0.0292453 0.000194741 0.00558058 0.224211 
0.00329085 0.0110903 0.0198777 0.000803255 0.033383 0.0107396 0.00318646 0.000495896 0.000165107 2.59273e-05 0.720156 0.0517136 0.0446415 0.00886101 3.01124e-05 8.72414e-08 0.013597 6.61261e-06 0.00822046 0.00594327 0.00524607 0.0182136 0.00533182 0.00247536 8.1022e-05 0.00414489 0.0282797 
0.000818947 0.0314425 0.0177145 0.0173437 0.114565 0.00285471 0.0269395 4.25528e-05 0.0101243 5.34173e-11 0.381977 0.00232833 0.104806 0.00442994 1.07092e-07 6.67913e-11 0.154952 1.93183e-06 0.000275347 8.09174e-08 0.0104154 0.00506095 0.0129901 0.012893 1.56107e-07 0.068068 0.0199556 
0.000240228 0.0487588 0.00741289 0.0660644 0.00864595 0.0295987 0.0026633 0.000274054 0.000174384 8.54321e-06 0.584556 0.0139598 0.0961521 0.000582756 4.02835e-06 2.76892e-08 0.0847806 0.000428121 0.000703191 9.94201e-06 0.000237845 0.012326 6.91687e-07 0.0137132 6.2529e-07 0.00145891 0.0272452 
0.134177 0.00148906 0.00639069 0.00052021 0.0215017 3.54125e-05 8.68235e-05 0.00290106 9.11574e-08 0.000135803 0.335223 0.105622 0.0217049 0.00404445 1.26201e-05 3.79301e-10 0.323366 3.83357e-06 8.09523e-06 0.002224 0.0107509 0.00194479 2.86681e-05 0.00380752 4.55627e-06 0.00215821 0.0218591 
0.00419249 0.0331161 0.0102961 0.0149601 0.0511381 0.0510003 0.000878995 0.0346624 0.002056 5.34671e-08 0.247086 0.119081 0.0904036 0.0162676 2.6813e-06 9.3427e-08 0.0614458 0.0282135 0.000245758 1.68994e-08 0.00122987 0.0918874 6.54615e-08 0.0994464 1.4571e-06 0.000948806 0.0414395 
0.00370851 0.00385858 0.0593847 0.0003102 0.142867 0.100592 0.00128626 3.33761e-11 2.37064e-05 3.39314e-08 0.425206 0.0460848 0.155722 0.00745886 5.98494e-07 6.78863e-11 0.027473 4.46029e-09 1.3782e-05 0.00348206 0.00589712 0.000847205 3.54433e-07 0.00322927 7.70447e-05 1.92856e-08 0.0124762 
0.000412811 0.023855 0.00138423 7.80262e-05 0.00622556 0.00172206 0.00256299 1.58555e-05 4.39776e-05 1.52581e-10 0.548377 0.0807692 0.247592 0.00587403 1.21857e-05 3.53768e-13 0.0334549 0.000318334 0.000155658 1.69735e-05 0.0135771 0.012481 0.00284857 0.0113556 1.58518e-06 0.00319815 0.00366759 
7.57795e-05 0.00426383 0.0217616 0.000775009 0.2892 0.0122 0.00349465 0.000544232 0.000179664 1.54046e-09 0.413616 0.00581766 0.046904 0.116737 0.000152999 1.38811e-10 0.0154361 1.33997e-07 0.00444439 8.46255e-05 0.0250055 0.00148963 7.86049e-08 0.000160283 1.7128e-06 0.0325474 0.00510746 
0.000104815 0.0220673 0.00944808 0.000796183 0.0272771 0.00262446 0.045706 0.000467327 0.000269875 0.000109038 0.295127 0.06006 0.105187 0.0144975 0.000153193 1.7357e-10 0.00315016 2.44344e-05 0.00115777 9.00672e-05 0.00349613 0.147635 0.00050962 0.0637512 0.00017499 0.00147607 0.19464 
0.000721963 0.00194157 5.42969e-05 0.000401461 0.0231936 0.00129809 0.000194511 6.3326e-05 3.20343e-12 9.48369e-10 0.743201 0.115116 0.0525191 0.00406998 2.31289e-06 1.10961e-07 0.0110926 1.36954e-07 0.000299037 0.000104816 0.000292125 0.00413201 0.000159019 0.0314178 1.09585e-09 0.00227948 0.00744516 
0.00152165 0.00846934 0.0192255 0.00797049 0.0542446 0.016885 0.00290032 0.00105871 0.00179634 9.34036e-06 0.515352 0.0590519 0.0686682 0.00661283 1.75627e-05 6.19068e-06 0.077742 1.84678e-05 0.00554083 0.00372066 0.0107604 0.0167036 0.00130454 0.0177972 4.66518e-05 0.0227349 0.0798407 
0.000193701 0.00414056 0.254801 0.000567091 0.155378 0.00721657 0.014983 0.00145296 0.00719233 3.59955e-06 0.338911 0.0480661 0.0260432 0.0260528 0.000403058 1.65017e-07 0.0318639 9.81024e-07 0.000206774 0.00369698 0.0482158 0.00261342 0.00134362 0.00321585 7.60424e-05 0.0100454 0.0133162 
0.000380762 0.0226632 0.00231249 0.00422728 0.0175046 0.0305447 0.0396487 0.0020479 0.000401819 9.37138e-06 0.271553 0.0722156 0.179668 0.00399189 3.1177e-05 0.00021528 0.0471448 7.69166e-05 3.42011e-05 5.84702e-05 0.00303351 0.0648491 0.000121267 0.0476387 0.000196689 0.0108534 0.178577 
0.00060402 0.0540398 0.0093429 0.00312335 0.0167822 0.00043412 0.0235334 0.000988162 0.000297663 0.00033382 0.313666 0.0266626 0.0830435 0.00264118 2.22536e-05 3.47377e-07 0.12677 0.00163128 0.000465021 0.000466798 0.00471144 0.00371408 0.00369361 0.0358231 0.00308844 0.00323557 0.280885 
0.152088 0.0065434 0.00209105 0.00273763 0.132021 0.00194344 0.000449686 0.00412671 0.000429529 2.51162e-05 0.299191 0.0740541 0.230644 0.00607036 2.17035e-05 2.68194e-11 0.0327727 0.000121151 0.00123894 1.91508e-05 0.0045163 0.00669183 4.95488e-07 0.0210998 1.77155e-05 0.0105002 0.010584 
0.000786396 0.000131666 0.00642083 0.000670918 0.00194292 5.31887e-05 0.00103456 8.21389e-06 0.000872191 1.70546e-06 0.711515 0.00397688 0.00379202 0.0223181 1.79468e-05 7.09165e-12 0.0612777 8.58207e-07 7.93099e-12 2.2312e-05 0.00912654 0.000615817 3.14951e-05 0.00026531 2.05296e-05 0.000110152 0.174987 
0.00208254 0.0129552 0.00825535 0.0114803 0.0515535 0.00266819 0.0166858 0.00672154 0.000411892 4.70178e-06 0.254825 0.0964842 0.026306 0.0191009 1.34833e-05 5.71271e-11 0.192977 3.11194e-05 0.000104386 0.000911265 0.00581495 0.0913521 0.000504262 0.0261827 9.98137e-06 0.000193988 0.172369 
0.0372897 1.04555e-06 0.0828339 8.02963e-05 0.0150615 5.33535e-08 7.05666e-05 3.7709e-06 9.30774e-08 3.04968e-07 0.616116 0.000843015 0.0590054 0.036962 0.000152831 1.58202e-07 0.00254557 1.51421e-07 1.89298e-05 1.32434e-07 0.000212111 0.00659687 1.56121e-07 0.00799568 2.88821e-08 2.8453e-07 0.134209 
0.00144201 0.132974 0.0587726 0.000177882 0.00980794 0.00104099 0.154212 0.000662268 0.00368041 9.06543e-08 0.464686 0.135776 0.00685483 0.00141268 0.000163294 9.80928e-09 0.00648828 9.38884e-09 7.70369e-05 0.00347102 0.00111019 0.00657411 2.24261e-05 0.00775692 8.47394e-07 0.00257095 0.000265776 
0.00510846 0.0248371 0.00660035 0.00199166 0.0144407 0.00270291 0.0206865 1.09393e-07 1.09372e-07 0.00050302 0.506846 0.0735782 0.118212 0.00491474 0.00102672 1.09286e-07 0.0682041 0.00104934 0.0266927 0.00171644 0.0059871 0.0321364 0.000852564 0.0101132 1.09457e-07 0.0025727 0.0692262 
0.0686046 7.84517e-07 0.083793 3.19221e-06 0.0880907 1.33535e-05 0.00107892 7.40259e-05 0.000270291 2.56269e-05 0.375411 0.0380054 0.00855669 0.00186375 8.18962e-05 9.63036e-11 0.146481 9.47206e-07 1.25837e-06 0.13382 0.0218373 3.45898e-05 0.000159848 0.00464473 0.0010236 0.0117314 0.0143925 
0.00540343 0.0222212 0.0037316 0.00434145 0.0286957 0.00594379 0.0171361 0.00222349 0.00173727 7.06937e-05 0.459944 0.0517933 0.105052 0.00624573 3.41803e-05 0.00098901 0.115583 0.00685332 0.000537537 0.0016622 0.0106221 0.0194467 0.000668543 0.0142909 0.0135537 0.0204253 0.0807945 
0.00201817 0.108794 0.180467 1.41188e-06 0.0739122 0.00632716 0.00693906 0.000718433 0.0147015 2.54841e-09 0.383451 0.00591696 0.0496103 0.0297256 3.25588e-06 0.000379979 0.0397836 4.51927e-05 4.73738e-05 0.00464418 0.0197139 0.0283839 0.0142423 0.0195598 1.36756e-06 0.00070786 0.00990545 
2.34715e-08 0.0165562 0.00202193 5.08144e-09 0.135328 0.00394599 0.0036104 3.72091e-08 1.84839e-08 1.90334e-12 0.380529 0.108345 0.0504785 0.212068 0.000200938 2.82256e-07 0.037873 1.82458e-09 6.54771e-08 0.000652757 0.0266246 0.016002 0.00169316 0.00301399 4.34482e-13 0.00105628 6.58144e-08 
0.001153 0.0440989 0.012985 0.00651742 0.0246752 0.000172334 0.00604993 0.000103495 9.15677e-08 2.55227e-08 0.415179 0.0142722 0.0187822 0.00731799 2.97441e-05 0.00532265 0.175074 7.77085e-06 0.000271754 0.000107043 0.00112041 0.0708029 3.08553e-07 0.178696 2.23186e-08 0.000181836 0.0170793 
0.00976979 0.0462107 0.0407513 0.012931 0.209491 0.0075196 0.0116991 0.0396236 1.55193e-05 1.79791e-06 0.292797 0.0827843 0.072836 0.0518978 9.78001e-05 2.39554e-06 0.0315592 0.000101571 0.00479081 0.000979329 0.010321 0.0244874 0.00135943 0.0212915 0.000226721 0.000882816 0.0255713 
0.000360268 7.17888e-05 0.00302351 1.15306e-08 0.0203747 0.000477208 0.00255793 2.71288e-13 1.9785e-05 6.82824e-11 0.791781 0.050143 0.0208837 0.0111769 7.90234e-06 5.51793e-13 0.0402925 9.05814e-10 4.84291e-05 4.53855e-05 0.0347814 0.00164801 0.00402157 0.000896443 4.32265e-10 0.0123087 0.00507975 
0.000489879 0.00111462 0.00143931 3.88121e-05 0.00643261 8.13774e-05 0.0555275 2.10631e-05 8.77913e-05 2.37346e-07 0.281309 0.134133 0.0540915 0.000862325 1.08399e-05 3.47161e-12 0.156723 0.000219616 5.91675e-08 5.68054e-09 0.0787842 0.0017132 0.000136132 0.0152184 0.000268011 0.053754 0.157543 
0.00605904 0.0207131 0.154024 0.0204639 0.0994779 0.0225174 0.0108014 0.00276369 0.000420483 1.61394e-05 0.273457 0.035229 0.0310142 0.0260406 9.06455e-05 1.87401e-07 0.107789 1.26045e-05 0.000198161 0.000326463 0.00654565 0.0110676 3.22311e-05 0.0101576 6.56079e-05 0.0899491 0.0707676 
0.000411132 0.00151748 0.000560119 0.000411376 0.00344796 0.000430783 0.00842025 4.0874e-13 5.03856e-09 6.149e-07 0.829199 0.0186404 0.0539455 0.00043788 9.49235e-06 8.31368e-13 0.0337691 7.63985e-09 0.00199909 5.90179e-05 0.00157891 0.00501865 6.40022e-09 0.00120046 1.51779e-13 0.00190805 0.0370345 
1.25966e-11 0.000590994 0.00771011 0.000193251 0.00890812 0.00101603 0.000452863 1.54176e-07 3.65899e-08 6.78327e-06 0.560146 7.10593e-05 0.349334 0.00106582 2.75156e-05 2.42686e-11 0.00209848 1.19027e-07 6.03836e-08 1.36154e-05 0.000560548 0.00136592 1.2879e-07 0.0129014 1.42224e-08 0.00193047 0.0516068 
0.0289241 0.00172148 0.00522218 0.0196559 0.0242369 0.00223629 0.00243811 0.00596699 0.000188178 3.83408e-06 0.33868 0.0191319 0.0160202 0.00164033 4.81037e-05 3.34744e-12 0.313498 3.07458e-05 0.00855488 1.37795e-10 0.00101504 0.00987734 7.37003e-05 0.0236908 1.87149e-05 0.00563209 0.171494 
0.00154243 0.00333319 0.0100067 0.000840151 0.0342718 0.00608584 0.00389148 0.00111411 5.03339e-05 4.35878e-09 0.577064 0.254339 0.0223997 0.0137677 1.49163e-05 0.000169462 0.0288916 9.45994e-06 0.00013888 0.000231299 0.00124383 0.0170789 0.000703033 0.0129639 1.16891e-05 0.00104656 0.00879039 
0.00054772 9.05882e-05 0.00152262 0.000393556 0.0288072 0.000655528 0.00690861 0.000194061 0.000150385 1.35074e-08 0.479452 0.0554719 0.0122375 0.00757009 0.0576428 4.24128e-06 0.104699 1.40105e-05 6.43713e-05 5.82621e-05 0.126073 0.0718541 0.00138053 0.00369182 3.99704e-06 0.0324675 0.00804382 
0.000134081 0.00414915 0.000236506 0.020205 0.00776285 0.00438047 0.00244264 3.11562e-05 8.59959e-05 9.68479e-06 0.351049 0.0139693 0.173299 0.00132073 0.000136346 4.56176e-09 0.0557144 5.04324e-05 5.88502e-05 3.00245e-06 0.00676022 0.0309165 3.43217e-06 0.000807672 1.15894e-05 0.0029542 0.323507 
0.00166014 0.0312715 0.00472467 0.00119968 0.0314763 0.00230462 0.0218368 0.00159085 0.00159554 5.65451e-07 0.649797 0.0472052 0.0646049 0.0042177 1.89044e-05 6.52534e-06 0.0625372 7.33893e-05 0.00579492 1.75187e-05 0.00406419 0.0131563 2.86621e-05 0.0271235 1.89434e-05 0.00217329 0.0215008 
0.000491678 0.000725312 0.0011457 2.56783e-06 0.0230169 0.000336085 0.00010468 0.000198552 7.2954e-08 2.35597e-05 0.7203 0.0498564 0.0404967 0.00648834 2.71658e-06 3.97817e-11 0.0190256 1.00661e-07 1.04017e-07 0.000869394 0.000855876 4.5367e-08 4.85488e-08 0.000499593 3.57179e-05 4.66841e-05 0.135478 
0.00178604 0.0107704 0.00624253 0.0021238 0.0362227 0.00458523 0.0112303 0.00152179 0.00215073 1.41038e-05 0.384638 0.0435245 0.0866706 0.00441008 4.42168e-05 7.69424e-05 0.255031 2.0218e-05 0.000242105 0.00354255 0.0176399 0.0549416 4.6547e-05 0.00588527 0.000260412 0.029081 0.0372971 
0.0046571 0.0525883 0.00929277 0.00693575 0.0161162 0.00515521 0.017249 0.00281163 0.00011071 1.59738e-06 0.336045 0.0604302 0.243369 0.0117362 2.95178e-05 0.00162858 0.0744468 0.00317597 0.000193888 0.00121761 0.00218749 0.0469299 0.00248123 0.0587723 0.000578824 0.0153046 0.0265547 
0.00477016 0.00861282 0.00791687 0.00490086 0.0466882 0.000555591 0.00637439 0.00170284 0.000109366 9.28215e-06 0.396108 0.296565 0.0245846 0.0472692 2.109e-05 8.87377e-07 0.0312908 2.03299e-05 0.00133356 0.000101375 0.00126235 0.0390513 0.000267091 0.009759 8.82903e-05 0.00112373 0.0695136 
0.00263847 0.000560105 0.00732405 6.18277e-05 0.0534482 0.000120733 0.000207102 1.25305e-10 1.41873e-05 1.05177e-06 0.547554 0.00957165 0.00230156 0.00654197 1.5496e-05 2.54869e-10 0.153112 4.48274e-05 3.15347e-05 0.00010091 0.0397085 0.000550834 1.93462e-05 0.000614466 1.51116e-05 0.173276 0.00216641 
0.000499332 0.0461032 0.0245198 0.00278031 0.0268822 0.00010029 0.00277572 0.000851172 8.02872e-06 1.85567e-07 0.476039 0.0272955 0.220664 0.000791386 0.00011897 1.09363e-10 0.110315 0.000187082 4.84398e-05 5.35693e-05 0.00131175 0.00914515 8.63651e-08 0.01191 1.52089e-05 0.00663556 0.0309492 
3.80234e-07 0.0557171 0.149337 0.00100674 1.27087e-06 0.10284 0.0161903 0.000862955 3.63345e-07 3.06884e-08 0.340842 0.120091 0.0998819 0.0116311 4.99502e-07 4.2588e-11 0.0500604 1.26405e-07 5.192e-07 1.2514e-06 0.00118495 0.0273045 4.20279e-11 0.0200134 4.43257e-08 7.94652e-08 0.00303198 
0.0683297 0.027263 0.00380866 0.000599443 0.0592426 0.00884618 0.00699561 0.000868846 0.000298847 4.88268e-06 0.269679 0.0554331 0.0901557 0.0308735 3.93425e-05 3.98325e-09 0.217062 0.00325631 0.000624868 0.00010803 0.017231 0.0245337 0.000128739 0.0228477 0.00899234 0.0591915 0.0235846 
0.000713941 0.0183017 0.00879877 0.109277 0.0590326 0.0119153 0.0100303 0.000488389 0.000793146 5.05963e-07 0.493844 0.00870565 0.0195459 0.00392652 0.000150289 8.84323e-06 0.191782 0.000211905 0.000300581 0.000339488 0.00386601 0.00681283 7.28735e-08 0.00301493 4.77667e-05 0.0208121 0.0272807 
0.000489879 0.00111462 0.00143931 3.88121e-05 0.00643261 8.13774e-05 0.0555275 2.10631e-05 8.77913e-05 2.37346e-07 0.281309 0.134133 0.0540915 0.000862325 1.08399e-05 3.47161e-12 0.156723 0.000219616 5.91675e-08 5.68054e-09 0.0787842 0.0017132 0.000136132 0.0152184 0.000268011 0.053754 0.157543 
0.000451399 0.00019149 0.0237416 3.1817e-05 0.0173072 4.42925e-05 0.0023718 1.27753e-06 2.71981e-05 2.97907e-07 0.520508 0.045301 0.0148921 0.00447151 2.01675e-05 2.03623e-10 0.264397 3.22709e-06 9.79249e-05 0.00188715 0.00880564 0.00664538 0.0450169 0.00419629 3.27353e-06 0.000472424 0.0391138 
0.00540751 0.0118369 0.0113793 0.00137631 0.0216191 0.00828786 0.00415982 0.00740657 0.000173999 1.8715e-06 0.462471 0.0820517 0.026053 0.00249121 3.4055e-05 5.22695e-11 0.215961 5.42623e-08 8.68275e-05 0.000612382 0.00153705 0.0166147 0.000740262 0.0218805 3.69497e-06 0.000298396 0.0975149 
0.0366882 0.0103848 0.00893274 0.0102085 0.00976139 0.0936665 0.00944489 0.000461614 6.5344e-05 8.97576e-08 0.260208 0.0563861 0.0872943 0.00865704 2.23838e-05 1.92344e-08 0.167114 1.71775e-05 0.000264261 2.27858e-05 9.69478e-05 0.0769882 0.000103427 0.15765 7.67113e-06 0.00254832 0.0030055 
0.00128822 0.00940669 0.0101172 0.00253114 0.0652835 0.0076799 0.0286529 0.000174766 0.0037956 0.000118999 0.395732 0.039727 0.108295 0.00627201 6.53359e-05 0.000998618 0.0801882 0.000433161 0.00260017 0.0111118 0.00926138 0.021401 0.000249495 0.00556274 0.024397 0.0439456 0.12071 
0.00510726 0.00332315 0.00380549 0.00340957 0.100271 0.00972255 0.00165064 0.00084345 0.000653016 2.88059e-05 0.417768 0.113437 0.0133135 0.0169388 1.07446e-05 8.72756e-08 0.0998758 1.44437e-05 0.000297136 0.000250092 0.024011 0.0116191 0.000323438 0.00306938 2.43873e-05 0.106489 0.0637441 
0.000347676 0.00368561 0.0145157 2.069e-05 0.0241055 0.000944196 0.00499238 0.000402687 0.000222306 4.51527e-06 0.483 0.165058 0.0205424 0.00168927 1.5142e-05 1.98925e-11 0.196683 1.17886e-06 0.00708211 0.000718453 0.00357952 0.00614727 3.43407e-05 0.00357873 6.79181e-06 6.92894e-05 0.0625533 
0.0437581 0.00142711 0.0310539 0.0212819 0.0741775 4.57722e-06 0.000100882 0.00486929 0.000469194 9.99382e-09 0.552609 0.0126396 0.0565565 0.00461571 0.000150657 1.2496e-08 0.132817 6.10168e-05 6.78293e-05 2.00018e-05 0.000526557 0.00742337 0.000211527 0.00732215 2.37358e-05 0.00148017 0.0463333 
0.0159477 0.0695338 0.00276418 0.14309 0.0174885 0.00414435 0.0275626 0.0137499 0.00400099 5.28974e-08 0.197074 0.0737873 0.0250558 0.0215638 3.69396e-05 1.63853e-06 0.114491 2.75671e-05 0.00576809 0.00034033 0.00103945 0.11737 3.3885e-07 0.0275397 3.74283e-05 0.00860965 0.108974 
1.06502e-05 0.040935 0.0250712 0.0073744 0.00140396 0.00245491 0.000648168 0.0540421 0.000250673 4.05221e-06 0.531748 0.00985354 0.0546056 0.00502565 6.59528e-05 7.87369e-09 0.0581606 9.52416e-06 8.80559e-09 0.000120035 6.84171e-06 0.000460738 5.19531e-05 0.204225 2.89902e-06 6.03389e-06 0.00346268 
0.000662285 0.0102513 0.0259021 0.0394074 0.0480456 6.23061e-05 0.00148755 0.0584887 0.000585162 2.54199e-06 0.493839 0.017298 0.0170238 0.00141229 2.68422e-06 1.15322e-07 0.171904 3.63471e-05 0.000313877 0.00061752 0.00607207 0.0035184 0.000374327 0.0198632 3.25785e-06 0.00122508 0.0816012 
0.00304152 0.00279152 0.000177628 0.0288208 0.0160819 0.000445749 0.00295668 0.000990378 2.38874e-05 1.29188e-05 0.28101 0.144295 0.0386408 0.000798446 1.5709e-06 1.97897e-07 0.173776 1.11214e-05 4.05432e-05 2.37176e-07 0.000325999 0.122367 0.000740884 0.0745693 1.19056e-05 0.0254325 0.0826364 
0.000377105 5.98045e-05 0.0024967 2.40468e-05 0.00312684 5.8926e-05 0.00249019 2.72425e-08 0.000578908 4.35471e-09 0.421829 0.329812 0.0122986 0.000608007 1.81354e-05 6.55114e-12 0.0845462 6.27035e-12 0.0108771 8.859e-05 0.00232489 0.00168473 0.00800015 0.00041328 3.2857e-06 9.75946e-05 0.118186 
0.00040171 0.0215365 0.0369783 0.00133748 0.038317 0.0046876 0.00132689 0.000797604 5.12601e-05 7.97251e-05 0.413972 0.0198786 0.13052 0.0201296 3.71021e-05 2.48007e-10 0.0545322 0.000309317 0.00114689 0.00120714 0.00143725 0.0525846 0.0015123 0.175597 1.07757e-05 0.00166421 0.0199469 
0.0120078 0.124359 0.0099764 0.0212847 0.0866955 0.0288936 0.00850414 0.0115327 0.000147547 1.20293e-05 0.198726 0.129837 0.0589576 0.0307952 7.27377e-06 2.52279e-05 0.148058 0.00042516 0.000435069 0.000120358 0.0126134 0.0241958 0.000364219 0.0492938 0.000648952 0.0115643 0.0305195 
1.08016e-06 0.0258129 0.0405752 0.000723996 0.0690354 0.00894818 0.000416318 0.0110161 5.79961e-08 1.74764e-06 0.265171 0.00993802 0.22825 0.00100613 2.97851e-05 9.88861e-11 0.104896 2.1475e-05 9.91508e-05 7.27479e-05 0.000763069 0.00702827 4.93958e-07 0.0323445 2.83597e-05 0.00237087 0.191449 
0.00225966 0.0105351 0.00547231 0.0107129 0.0170866 0.0204889 0.00545585 0.00245523 0.00055134 6.95337e-06 0.575836 0.0138288 0.079856 0.00311225 1.17109e-05 1.56e-06 0.0211586 1.89281e-05 0.000507358 0.000225861 8.83526e-05 0.156303 0.000208883 0.0422316 4.08017e-05 0.0110832 0.0204629 
0.000384883 0.0347945 0.0496946 0.00174157 0.0864984 0.001827 0.0125237 9.49383e-05 8.79534e-07 3.70697e-09 0.345804 0.0531492 0.0252966 0.0620625 8.19922e-05 5.82564e-07 0.0569441 9.11173e-07 0.00585816 0.000741658 0.00328562 0.065766 0.000690291 0.0456668 8.75913e-05 0.130008 0.0169961 
0.000990682 0.000107821 0.000818465 5.71561e-10 0.0443768 0.000366695 0.00283695 3.55589e-09 0.000179262 5.07358e-13 0.541838 0.295612 0.0101593 0.00721483 2.42543e-05 6.34385e-13 0.0525692 6.07194e-13 0.000385189 0.000159644 0.0036774 0.00176434 0.0108571 0.000860029 4.29242e-06 0.000217792 0.0249801 
0.0118849 0.00137769 0.000203898 0.00651415 0.0156806 0.0820845 0.00306905 3.5271e-08 0.0007238 6.63496e-10 0.33187 0.0147205 0.0188725 0.00425383 4.88946e-06 7.34732e-12 0.0119077 7.0324e-12 5.47253e-05 1.85913e-08 0.0101661 0.262775 7.2507e-12 0.00174302 4.93697e-09 0.118204 0.103889 
0.00227332 0.0394249 0.0103402 0.00749643 0.123703 0.0222461 0.0100797 0.00385979 0.00187928 0.000128631 0.341778 0.021178 0.316965 0.0011129 2.22908e-05 8.46971e-12 0.00319333 9.23534e-05 0.000384188 0.00490704 0.000544991 0.0154797 0.000273246 0.00976442 0.0114233 0.000653705 0.0507958 
0.00125957 0.00557062 0.00931928 0.0034962 0.0236346 0.00123358 0.00225776 0.00201522 0.000424935 1.95596e-07 0.386732 0.0905716 0.0294715 0.00227979 3.24742e-05 1.04338e-08 0.128215 6.37697e-06 0.000455567 5.53307e-05 0.00187522 0.187339 0.000157131 0.0753781 9.05959e-06 0.0169352 0.031275 
0.000357837 0.00250128 0.00287216 0.000974411 0.0140352 2.45053e-05 0.00698493 0.00225933 1.72961e-08 4.2727e-06 0.580005 0.164361 0.00940807 0.00119951 1.99355e-05 5.38764e-08 0.180307 3.42049e-09 9.58249e-05 0.00017721 0.000635381 0.00944804 5.87536e-09 0.0121469 2.54466e-05 0.00256964 0.00958736 
0.0001117 0.00393469 0.047113 0.00433435 0.000745285 0.0031336 0.000117187 0.0029824 5.38033e-05 0.000127636 0.561629 0.0916841 0.00522971 0.0049218 0.000128996 1.19143e-07 0.212501 8.48379e-05 0.0184911 0.00616003 0.000246134 0.00582227 1.17576e-07 0.0132318 7.47101e-05 1.35546e-08 0.0171399 
0.00196766 0.0264276 0.0116779 0.00833272 0.0490933 0.00798816 0.0132987 0.000736513 0.00050867 0.000118333 0.554268 0.0600703 0.0950109 0.0111632 2.47566e-05 1.79424e-05 0.0336826 0.000386628 0.0013584 0.0140968 0.0129409 0.0101175 0.00256719 0.00839969 8.38708e-05 0.038036 0.0376254 
0.00014232 0.00012488 0.0437611 2.40221e-05 0.0571208 0.00472293 0.000994381 9.94792e-05 6.03721e-05 4.94696e-06 0.616412 0.224676 0.0176888 0.00161254 5.62359e-05 4.8258e-11 0.00824394 1.68454e-08 0.0164171 0.00148076 0.000578315 0.000334188 0.00205772 0.000819264 3.81789e-06 0.000111382 0.00245285 
0.0151135 0.0226994 0.121819 0.0252354 0.0427158 0.0671422 0.00833349 0.000977948 0.0248491 0.000133313 0.279107 0.0337988 0.100088 0.0283143 8.22267e-06 1.33688e-08 0.0198489 6.09767e-05 0.00227447 0.00023297 0.00218002 0.0661215 0.000185051 0.036289 0.000114096 0.0134276 0.08893 
0.00171641 0.0134887 0.0247425 0.0066498 0.0344664 0.00553161 0.0107064 0.00374322 0.000282547 1.68199e-05 0.492619 0.0262809 0.0276966 0.00410158 0.000238835 2.42262e-08 0.116715 6.20139e-05 0.00219224 0.000216901 0.00889463 0.0145435 3.16707e-05 0.0184453 4.78833e-05 0.0393742 0.147195 
0.11851 0.192265 0.0137202 0.0134633 0.0694826 0.0134017 0.00091775 0.0137138 1.07432e-05 3.77516e-05 0.267808 0.0466572 0.0418755 0.0321666 0.000239581 2.84205e-05 0.0286383 9.36752e-05 1.44969e-05 0.00020043 0.00618042 0.0109169 0.000814556 0.0913632 0.00700791 0.021229 0.00924342 
0.0122047 0.0191633 0.00618702 0.0341348 0.0601649 0.00664247 9.89078e-05 0.000560251 0.0263152 1.96318e-07 0.613529 0.00337299 0.0405309 0.00341614 9.90537e-05 2.8648e-09 0.135244 8.19765e-07 0.00220303 2.39819e-09 0.00376687 0.00524193 8.3585e-05 0.0145426 3.26323e-07 0.00633867 0.00615873 
0.00474817 9.42243e-08 0.0716755 1.08594e-08 0.0270069 0.0166761 0.00151263 0.000172817 2.28056e-08 3.56608e-08 0.378477 0.0909255 0.0285395 0.00991673 3.68995e-05 1.26669e-12 0.0502906 1.01854e-08 8.64277e-09 0.299236 0.00168354 0.000974143 0.000869643 0.00517415 0.00132517 0.00458633 0.00617222 
0.0224545 0.0388831 0.0083994 0.0148675 0.0402016 0.00240828 0.0198449 0.00263391 0.00281114 1.30259e-06 0.271106 0.190663 0.0458401 0.0884961 3.59678e-05 2.38355e-07 0.0944459 0.00126621 0.0334445 0.00248493 0.0137235 0.0191145 5.36126e-05 0.0470334 0.00330152 0.0227379 0.0137475 
9.63606e-05 0.00365669 0.00690776 0.000986527 0.0899526 0.00168389 0.00500131 0.000190771 8.90993e-05 9.00304e-06 0.445046 0.208833 0.033066 0.0116682 7.00593e-06 1.54111e-09 0.0623615 7.64159e-09 0.000546602 4.54332e-05 0.0266637 0.0121543 1.86992e-05 0.00428108 2.25074e-05 0.00128847 0.0854236 
3.62234e-05 0.00195375 0.00553988 0.00155557 0.101291 0.00151137 0.000771037 0.000176514 1.03611e-12 9.60942e-05 0.524649 0.0412951 0.0613222 0.0480916 2.42093e-05 6.44226e-08 0.109452 1.80237e-05 5.84214e-05 0.000339075 0.0429128 0.0121815 0.000197818 0.00617936 0.0300259 0.00450134 0.00582043 
0.00902838 4.03064e-09 4.33768e-05 6.22543e-05 0.0298604 0.000183136 0.000336296 5.73757e-05 1.79177e-08 3.25632e-10 0.529725 0.350395 0.00683429 0.00588337 2.39792e-06 1.53709e-12 0.0446789 1.2072e-06 0.000379189 0.000117205 0.00246547 0.000943823 1.19188e-08 0.000432397 9.10908e-10 0.000955537 0.0176147 
0.00111527 0.0110585 0.183576 0.00153116 0.146582 2.94598e-06 0.0131125 9.82292e-06 0.00924587 0.132319 0.198369 0.00158298 0.00856258 0.0156696 4.90297e-05 1.56105e-08 0.0873361 1.49414e-08 8.50531e-05 0.0503985 0.00745875 0.000291959 0.000424464 0.0789442 0.000125305 0.00422614 0.0479236 
0.00326598 0.146051 0.0178627 0.0106102 0.0366458 0.0247941 0.0213424 0.00125996 0.000304357 1.16889e-06 0.177665 0.0727992 0.0261892 0.0818786 6.59814e-05 9.05723e-10 0.0290504 0.000139403 0.000444703 5.5583e-05 0.0500096 0.0913973 0.000305127 0.0333172 0.002277 0.00956672 0.162702 
0.00130049 0.00394514 0.00684877 6.84675e-08 0.195185 0.00256759 0.00674572 6.84469e-08 6.84342e-08 6.84067e-08 0.422101 0.05995 0.0514566 0.0953072 0.000690251 0.00810999 0.0456277 5.47773e-05 0.00168185 0.00287294 0.0387823 0.0118482 0.00370639 0.0119022 6.84875e-08 0.0160968 0.0132191 
0.00283251 0.0281243 0.00732335 0.0286064 0.024662 0.0131067 0.0207696 0.01282 0.00161904 1.07637e-05 0.217296 0.157097 0.0600677 0.00715708 4.01407e-05 2.6959e-05 0.210915 0.000526687 0.00141068 0.00113819 0.0116244 0.0182745 3.23888e-05 0.0186135 0.000530283 0.0193896 0.135985 
0.00818157 0.0318003 0.00682939 0.0171163 0.0311779 0.0170052 0.0167588 0.00789324 0.00472703 6.37717e-05 0.256749 0.108423 0.156611 0.00790484 8.15103e-05 0.000258436 0.0647788 0.00084381 0.00146756 0.0012541 0.00830953 0.096619 0.00331294 0.0796507 0.00300098 0.0181326 0.0510494 
0.199627 0.0959666 0.0283218 0.00133071 0.0419516 0.0283201 0.0220894 0.0350781 0.0033623 1.05967e-05 0.295195 0.0251297 0.0360132 0.0136697 3.13212e-05 1.26126e-05 0.0316812 5.36715e-05 0.000165045 0.000588829 0.00328686 0.117268 3.24148e-08 0.00164486 0.000193779 0.0110501 0.0079573 
5.06093e-09 0.139644 0.0114058 0.00191234 0.0439044 0.0128579 0.0948783 0.00496033 4.96442e-05 1.50554e-08 0.30602 0.0264831 0.0938668 0.0104564 3.2669e-05 1.57384e-08 0.147652 1.03081e-06 0.00244076 0.000792681 0.00305269 0.0204613 2.94221e-05 0.0109075 0.00728753 0.0035307 0.0573729 
0.00666912 0.0458173 0.0603609 0.00361618 0.118803 0.00801678 0.0408512 0.00475048 0.00235604 1.38772e-05 0.218756 0.0460117 0.0700015 0.0104713 4.09877e-05 1.77082e-05 0.213125 9.95235e-05 0.00436236 0.00264005 0.0271672 0.0125002 0.00124981 0.0230291 0.000422422 0.0411751 0.0376746 
0.0101758 0.028178 0.0024506 0.0273813 0.0368755 3.80594e-05 0.000366482 0.000327025 1.94465e-06 4.1079e-05 0.352045 0.0248094 0.162833 0.00154023 5.57691e-05 7.42059e-10 0.178781 1.15359e-05 0.000452269 5.62983e-05 0.00260342 0.0186776 0.000103262 0.0106383 1.86736e-05 0.000641425 0.140897 
0.0152557 0.00530804 0.0125496 0.000477707 0.0633791 0.00548091 0.00373207 0.000599619 0.000118952 5.15259e-05 0.468516 0.0882823 0.0881212 0.0132007 3.6183e-05 1.21195e-08 0.0818939 7.42236e-05 0.000742343 0.006958 0.0118324 0.0081707 0.00200248 0.0245702 0.0216025 0.0284729 0.0485709 
1.67798e-07 0.000812892 0.000303207 7.44691e-08 0.00579453 0.00530993 0.00272085 0.000216251 2.99634e-08 3.63633e-12 0.776062 0.0103403 0.114676 0.000147744 1.83928e-08 4.54675e-12 0.0111146 1.17544e-08 1.75434e-07 3.80619e-12 2.34158e-08 7.32363e-08 9.01879e-10 0.000649426 1.30817e-05 0.00123355 0.0706057 
0.00178261 0.038978 0.000943323 0.000893443 0.0612376 0.00209068 0.00278424 0.000401744 8.60418e-05 3.54663e-06 0.257174 0.230476 0.0925997 0.0115213 1.83075e-05 2.86655e-10 0.175522 0.0065815 9.16934e-05 0.00082757 0.0308957 0.00407805 0.0125154 0.0165713 3.45386e-06 0.0427444 0.00917845 
0.0370303 0.0370561 0.0370541 0.0370436 0.0370625 0.0370434 0.0370524 0.0370324 0.0370255 0.0370106 0.0370633 0.0370603 0.0370607 0.0370544 0.0369717 0.0369964 0.0370609 0.0369995 0.036988 0.037008 0.0370523 0.0370538 0.0369974 0.0370514 0.0370543 0.0370592 0.0370571 
0.000580629 0.00581652 0.0137671 0.000415494 0.0469211 0.0286328 0.000613485 0.0064038 2.1871e-05 0.0528131 0.308766 0.147353 0.0623948 0.00553017 0.000230819 2.67338e-10 0.0642902 3.92453e-07 0.00156268 0.00586274 0.00199307 0.0357736 0.00806182 0.052867 0.000131789 0.000251513 0.148945 
