0.00410745 0.028392 0.000829239 0.000945537 0.0293894 0.0337153 4.75161e-05 0.012691 1.67781e-06 5.26705e-11 0.167617 0.260318 0.0357056 0.0121324 3.39033e-06 6.58575e-11 0.0366578 0.000152619 4.39002e-05 5.51308e-11 0.00103018 0.117511 0.000551018 0.253735 2.21056e-09 0.00243678 0.00198647 
0.002347 0.133904 0.00730537 0.00191236 0.0364618 0.00426179 0.147166 0.00165617 0.00222028 1.43512e-06 0.105315 0.222521 0.0545515 0.0177467 0.000317742 0.000119254 0.111157 0.00413679 0.0043309 0.000537431 0.0110517 0.0304329 0.000949127 0.0226886 0.000105587 0.00505249 0.0717483 
0.224306 0.0353321 0.0142047 0.0259836 0.0892034 4.98522e-05 0.00428038 0.0103535 8.32996e-06 2.08323e-05 0.065463 0.309831 0.0677937 0.0191564 3.06164e-05 1.55139e-07 0.0940739 0.000917008 0.000440772 0.00104834 0.00230133 0.00251551 0.000234736 0.0159661 1.08905e-05 0.00138978 0.0150833 
0.00338794 0.0754435 0.00249266 0.0100024 0.0422208 0.00411225 0.0135029 0.00738539 0.000373518 1.07324e-05 0.17701 0.235828 0.119447 0.0120423 5.42009e-05 0.00135627 0.161136 0.000581381 0.000399266 0.000605956 0.0123589 0.0450833 0.000123378 0.0285661 0.00512154 0.0131137 0.0282401 
0.00351978 0.043133 0.0476993 0.00833873 0.0654776 0.107273 0.00402585 0.0170449 0.00233816 1.60536e-05 0.181278 0.203255 0.0184675 0.0182695 1.143e-05 4.6056e-06 0.0463434 1.60392e-05 0.00376355 0.000163396 0.00413205 0.0155236 0.0058445 0.182393 3.44662e-05 0.0126302 0.00900311 
0.000236805 0.0124811 2.1256e-06 0.00666169 0.00748106 0.00236744 0.0261861 0.000711457 0.000177381 2.94948e-09 0.146696 0.314926 0.0286801 9.421e-05 8.14229e-05 8.66193e-11 0.314903 0.00111631 0.000176613 3.84093e-09 0.000197022 0.069537 4.00675e-08 0.0190613 4.03272e-08 0.00011585 0.0481098 
0.000572287 0.015565 3.47114e-09 0.00091143 0.000739137 3.39547e-08 0.0165717 3.97976e-08 0.000118276 7.1579e-10 0.034264 0.675472 0.00301489 0.000564828 9.80371e-10 5.59026e-13 0.218464 3.64642e-05 0.0139038 9.36413e-10 9.82399e-05 0.0100372 9.93069e-09 0.00439471 4.20606e-05 4.4202e-09 0.00522971 
1.24664e-07 1.60701e-08 2.41124e-08 0.00014417 9.67898e-05 1.42141e-08 1.45883e-07 3.27909e-08 0.000309311 5.2389e-09 0.185087 0.368167 0.0128951 2.89458e-08 1.71028e-08 4.09153e-12 0.17049 3.91616e-12 0.000574734 3.42511e-12 2.5821e-08 0.00139214 0.000112702 0.000211937 5.00545e-09 8.14644e-09 0.260519 
0.0108007 0.158221 0.00360206 0.0193034 0.0231498 0.000822272 0.0253038 0.0105056 0.00157884 1.8283e-05 0.0549593 0.235908 0.0395042 0.00300446 0.00101924 0.000281742 0.0922253 5.36713e-05 0.00331231 0.000102149 0.00251303 0.0524471 0.000169946 0.089347 3.88964e-05 0.00216662 0.169641 
0.0157644 0.000483142 0.00457442 0.000469062 0.0166517 0.000714691 0.00107714 0.00141235 0.00152162 1.06463e-05 0.268033 0.30957 0.0220155 0.0115654 4.63645e-05 8.16737e-06 0.194171 1.12333e-06 1.4384e-05 0.00586128 0.00249861 0.00462726 5.48188e-05 0.0138466 4.94878e-05 0.002846 0.122112 
0.00225415 0.00431788 1.44361e-08 0.000974205 0.000742101 0.000271282 4.47609e-06 0.00368584 9.17562e-06 5.92327e-05 0.00910968 0.888444 0.000566487 0.000327949 1.04677e-07 7.76549e-08 0.00845331 7.43265e-08 8.68458e-08 6.50066e-08 1.63896e-08 0.0131914 7.66336e-08 0.0632647 3.10017e-06 8.85902e-06 0.00431177 
0.00780456 0.00633393 0.0138476 0.00238482 0.00783532 0.0197352 0.019899 0.00709277 0.00141146 0.000104578 0.164487 0.270195 0.0506761 0.00296579 3.66213e-05 2.2054e-05 0.0943099 0.000221969 7.26232e-05 0.0121317 0.00170945 0.0107193 5.44068e-05 0.0059132 0.000146597 0.0387525 0.261137 
0.00461919 0.0183024 0.0104708 0.0076405 0.0528627 0.0140177 0.0142716 0.00203642 0.00240237 1.15617e-05 0.203409 0.289098 0.0298922 0.0169208 3.18447e-05 0.000323893 0.199189 0.000314098 0.0052576 0.00146669 0.0217544 0.0294712 0.00126652 0.0196322 0.00139227 0.0144936 0.0394509 
7.62791e-10 6.25885e-06 0.00290291 3.43196e-06 2.83335e-05 4.7089e-06 0.000292003 1.21391e-05 1.28839e-05 5.88839e-07 2.02189e-05 0.863984 4.2136e-05 0.0696486 1.98097e-09 1.46959e-09 5.2829e-05 1.88499e-05 3.30349e-07 1.23023e-09 0.000650703 6.85094e-06 8.41302e-06 0.0617177 3.28398e-05 0.000278777 0.000274484 
0.000397012 0.0241618 0.0446631 0.00218982 0.0534402 0.00151615 0.00458137 0.00209647 0.000386223 7.85879e-06 0.0765936 0.245643 0.0460308 0.241262 4.53511e-05 1.39471e-07 0.0686959 1.33493e-07 5.58216e-05 2.12641e-05 0.000422251 0.00880354 0.00108796 0.050122 6.78706e-06 5.53295e-05 0.127714 
0.00212526 0.0105566 0.000516384 0.00940472 0.009948 0.00971708 0.00202979 0.0182784 0.00385045 2.71651e-05 0.127112 0.677051 0.0479212 0.00975722 0.000292013 2.01828e-10 0.00604712 5.93764e-08 0.0186356 7.54555e-06 0.000870708 0.00702069 1.02901e-05 0.0108089 1.21926e-05 0.000134043 0.0278655 
0.0109161 0.00116329 0.0109433 0.000319343 0.0230467 3.50895e-05 0.00853904 0.00278337 0.000368165 8.56384e-06 0.0955126 0.442958 0.00181657 0.00428171 8.72682e-07 2.69543e-09 0.342894 0.00385807 1.53873e-05 0.00126238 0.00460883 0.00760676 1.43816e-05 0.000907124 7.3287e-05 0.00245823 0.0336091 
0.132134 0.00960452 0.057089 0.00125977 0.0822408 0.0293436 0.00319516 0.0308983 0.0111539 1.21025e-05 0.181334 0.185681 0.01296 0.0929899 1.6127e-05 7.46677e-10 0.105513 0.00255643 0.00131097 0.00073585 0.031303 0.00149755 0.00267128 0.0023208 7.93731e-06 0.00333385 0.0188367 
0.0127831 0.0215656 0.0221769 0.00324396 0.0452087 0.0213191 0.0385244 0.00598289 0.00270229 0.00852666 0.0370972 0.186422 0.0484006 0.0172781 5.33251e-05 2.41994e-06 0.101673 0.000680836 0.160121 0.135377 0.0440759 0.0144141 0.00189779 0.0174994 0.000966714 0.0167455 0.0352615 
1.24664e-07 1.60701e-08 2.41124e-08 0.00014417 9.67898e-05 1.42141e-08 1.45883e-07 3.27909e-08 0.000309311 5.2389e-09 0.185087 0.368167 0.0128951 2.89458e-08 1.71028e-08 4.09153e-12 0.17049 3.91616e-12 0.000574734 3.42511e-12 2.5821e-08 0.00139214 0.000112702 0.000211937 5.00545e-09 8.14644e-09 0.260519 
0.00471866 0.0465364 0.000383895 0.0219134 0.0228959 0.0071781 0.0118017 0.0184684 1.90982e-07 2.21915e-05 0.179998 0.350965 0.082868 0.00511522 8.4178e-08 3.16164e-07 0.0789805 0.000126638 0.00173242 0.0158441 0.0220989 0.00259577 5.66931e-05 0.111795 3.13666e-05 9.6224e-05 0.0137773 
0.00325622 0.000819531 0.00727789 0.00106948 0.0350274 0.000777011 0.00488378 0.00104602 0.000117649 0.000111336 0.173194 0.523292 0.0120147 0.136616 3.77372e-05 1.13302e-11 0.050647 2.44711e-08 0.000551708 0.0235033 0.00291605 0.00329046 6.24489e-05 0.000863269 5.9512e-05 0.00050318 0.0180624 
0.0031688 0.000335672 3.28463e-05 0.00737999 0.217478 0.000506202 0.000310879 0.0122171 0.000100321 1.28967e-05 0.0124323 0.704297 0.00236053 0.00916638 0.000353313 6.86242e-06 0.00513545 6.56829e-06 7.67463e-06 0.000512053 0.015088 0.00214898 6.77217e-06 0.00632313 1.25284e-06 0.000321 0.000290334 
0.00148422 0.0190159 0.00184224 0.0126077 0.00335549 0.0361624 0.0312619 0.0408029 0.00351491 8.19619e-08 0.182739 0.30326 0.0273093 0.000565912 5.06828e-07 1.28133e-05 0.208041 1.68333e-05 5.61121e-05 3.09828e-09 0.000875129 0.0326147 3.97912e-06 0.0283045 6.33546e-06 0.00469317 0.0614522 
0.00603579 0.016963 0.0434034 0.160122 0.0695749 1.96475e-05 0.0459077 0.00567877 2.73504e-05 0.00328219 0.0531641 0.271976 0.00849158 0.0067126 2.6868e-05 5.12928e-06 0.0740918 1.41634e-06 2.07052e-05 1.37033e-05 0.00175519 0.105875 0.000382666 0.0553532 4.69448e-05 0.00581021 0.0652575 
0.00124135 2.34313e-07 0.00013119 4.53807e-10 0.0398545 7.08371e-09 0.00128657 6.12684e-05 1.0313e-08 6.04651e-10 0.248148 0.458974 0.00211317 0.00399211 1.13718e-05 5.03688e-13 0.219923 4.82099e-13 1.47027e-08 0.00016489 0.00541966 6.41414e-09 6.85998e-09 0.000476988 5.4002e-06 0.000444385 0.0177509 
0.00586696 0.00179699 0.00645795 0.00157101 0.0144508 0.0150504 0.00962614 0.00196883 0.000504058 5.96568e-07 0.314691 0.496263 0.00316024 0.0235029 7.48563e-08 3.38275e-08 0.0959072 4.82815e-05 0.0032792 0.000463534 0.000436142 0.00114983 0.000505051 0.00259014 0.000290675 7.61401e-06 0.000411133 
0.00116137 0.0114468 0.00395875 0.00101569 0.0108806 0.00469787 0.000227329 0.00276406 2.57179e-05 2.26143e-07 0.103573 0.474481 0.234909 0.00215851 3.60541e-06 5.0795e-11 0.027022 0.000139474 2.40952e-05 4.6548e-05 0.000169459 0.0147805 0.00198884 0.0925844 2.119e-06 0.00986634 0.00207274 
0.00574062 0.0190369 0.00105824 0.00151239 0.0153483 0.00745665 0.0313087 0.00141375 0.000443938 1.35298e-06 0.0439817 0.586925 0.0239082 0.0950349 5.10953e-05 1.12667e-11 0.0802865 0.000294808 0.00495023 7.1942e-05 0.00366925 0.00332312 0.000116085 0.0233151 1.13757e-05 0.00817924 0.0425604 
0.141616 0.263475 5.21343e-11 1.28347e-05 3.55528e-06 4.3129e-06 1.08872e-06 0.0126381 1.64997e-10 2.24288e-10 0.161438 0.272838 1.39571e-06 1.53519e-06 3.78028e-10 0.000156123 0.103298 3.49217e-07 1.16076e-06 2.34764e-10 1.24304e-06 0.0443054 2.76754e-10 6.47626e-06 5.11989e-11 3.19052e-11 0.000201309 
0.00520868 0.0475142 0.00732221 0.00044831 0.0360231 0.00527754 0.0396347 0.00976669 0.00288883 1.89107e-05 0.22645 0.340827 0.0360402 0.0149306 0.000518763 4.81447e-05 0.0918111 0.000122201 0.0166017 0.00185592 0.0020356 0.0100115 0.00696819 0.0132913 0.00979336 0.0198742 0.0547168 
0.001082 0.000554269 0.00304626 0.000586143 0.0413326 0.343671 0.0026434 2.2388e-05 0.00168195 2.04652e-05 0.162159 0.347345 0.0199056 0.00580574 6.10621e-05 5.52418e-08 0.02824 2.81186e-05 0.000100708 0.000410156 0.00297516 0.0195887 0.00184839 0.000978726 9.20529e-06 0.000895402 0.0150079 
0.000257228 0.00720308 0.0705423 0.00171515 0.0315497 0.00209852 0.00105854 0.0105923 6.52776e-07 1.46961e-05 0.340994 0.455651 0.00694488 0.0104766 4.83553e-06 0.00044236 0.0194341 4.11251e-06 0.000282347 0.000139735 0.00359861 0.00398789 0.00634283 0.0058762 6.18665e-06 0.0164364 0.00434623 
0.00816378 0.0172237 0.000489589 1.33526e-08 0.0226453 0.0334826 0.000602368 8.97226e-08 5.60302e-08 1.75936e-11 0.151379 0.456383 0.0187011 0.0147289 1.50825e-09 2.19984e-11 0.190732 0.000149689 4.33003e-05 6.77847e-08 0.00315717 0.00913902 2.17091e-11 0.0712968 7.69388e-09 9.21218e-09 0.0016824 
0.0120032 0.00588734 0.00501357 0.00548722 0.0118867 0.00700003 0.00831982 0.00162415 0.00570798 1.11054e-05 0.167705 0.337654 0.0159471 0.00738437 3.86965e-05 3.36487e-06 0.0828476 0.000118664 2.51945e-05 0.00341755 0.000403775 0.0105052 0.000144489 0.00819092 7.07744e-05 0.00361575 0.298987 
0.0310556 0.0111211 0.132448 0.0727733 0.145796 0.00163043 0.0215808 0.00109785 9.67295e-07 4.17368e-09 0.00506793 0.2536 0.207383 0.00115445 5.43534e-06 5.21864e-09 0.0278537 1.50204e-07 0.00178534 0.003202 0.00063587 0.0456569 5.15001e-09 0.000637927 0.000390305 0.000135918 0.0349879 
0.000468146 0.0139319 0.00408383 0.000642491 0.0412912 0.0110639 0.000950037 0.00222257 3.28727e-05 0.0942274 0.0790413 0.545783 0.0852328 0.00952977 4.85132e-05 4.77765e-11 0.00346453 0.000150456 0.00789251 0.000719595 0.0184933 0.0440888 0.000155053 0.00745129 0.000168226 0.00773821 0.0211279 
0.0362249 0.0183751 0.0112535 0.00649379 0.0454731 0.0127136 0.00849316 0.00940353 0.00207475 2.32303e-05 0.303376 0.376186 0.0215792 0.0140981 8.76849e-06 8.149e-06 0.0613111 0.00298797 0.00112461 0.00723843 0.00362225 0.0161496 0.000181636 0.0118991 6.09669e-05 0.00736871 0.0222704 
0.00531251 0.0108185 7.77052e-05 0.000507924 0.00653048 0.06297 0.000113951 0.0035115 5.66772e-05 3.56119e-07 0.0673585 0.618005 0.0184412 0.0125772 1.26432e-05 8.22011e-11 0.00104041 3.47738e-07 0.00348316 0.0238067 0.000179023 0.087767 2.58303e-08 0.0584321 2.95057e-09 0.0182571 0.000739735 
0.00426647 0.015981 4.77749e-05 0.00152457 0.0830388 0.000647807 0.00325262 0.000275376 2.62216e-05 2.18166e-07 0.0474193 0.537209 0.00551243 0.0329735 2.18513e-07 1.59972e-10 0.20203 1.49072e-05 0.00264501 5.02143e-09 0.00823691 0.0289543 5.20132e-08 0.0182802 0.000113698 0.00039416 0.00715547 
0.0244277 0.0120932 0.000759606 0.00027247 0.0308876 0.00594853 0.00209943 0.000860581 0.000688584 1.5594e-06 0.152932 0.537119 0.0522251 0.0758205 2.51491e-05 1.21683e-08 0.0189935 0.000234293 0.00489271 1.09796e-05 0.00272604 0.0109658 1.51883e-05 0.0419589 0.00437959 0.00925193 0.0104106 
0.000807878 0.166916 0.0168994 0.0020219 0.0667767 0.00438583 0.00744669 0.000198498 8.34129e-05 8.12995e-08 0.191999 0.262007 0.0161005 0.0170055 5.66883e-07 6.14937e-06 0.195497 1.77584e-05 0.00205118 1.80276e-05 0.0130467 0.00698323 1.14648e-05 0.0192363 1.70156e-05 0.00833112 0.00213578 
0.000770765 0.0988079 0.00672516 0.00305229 0.160198 0.0342382 0.000596932 0.00312909 0.00204509 9.44149e-06 0.0798364 0.454788 0.0087525 0.00300542 7.9253e-06 7.99949e-09 0.111976 1.2113e-06 9.73807e-05 0.00340175 0.00531124 0.000714514 2.36634e-07 0.00151005 3.23825e-05 0.00306506 0.017927 
1.24664e-07 1.60701e-08 2.41124e-08 0.00014417 9.67898e-05 1.42141e-08 1.45883e-07 3.27909e-08 0.000309311 5.2389e-09 0.185087 0.368167 0.0128951 2.89458e-08 1.71028e-08 4.09153e-12 0.17049 3.91616e-12 0.000574734 3.42511e-12 2.5821e-08 0.00139214 0.000112702 0.000211937 5.00545e-09 8.14644e-09 0.260519 
0.00354536 0.0656541 0.00563248 0.0251832 0.0185426 0.0123415 0.0146291 0.0103282 0.00304477 2.04525e-05 0.133578 0.202635 0.165999 0.0127839 0.00161617 4.61742e-05 0.0767786 0.000441527 0.00105382 0.000379232 0.00459239 0.0865758 0.00229585 0.110994 0.00466807 0.00544347 0.0311972 
0.179945 0.0118996 0.000622974 0.0126893 0.0731935 0.00500336 0.00708559 0.00832326 9.1101e-05 2.61928e-05 0.139393 0.376045 0.0646884 0.0096188 3.02955e-05 7.66605e-08 0.0416772 0.000490406 0.000446681 0.0025919 0.00798467 0.00833424 1.07513e-05 0.0167675 0.00100438 0.00550043 0.0265366 
0.000816005 1.60662e-07 0.010006 3.63302e-07 0.00253873 1.81139e-08 0.000548355 0.0124453 0.00203809 8.5182e-11 0.0651098 0.778193 0.000972594 1.93698e-11 1.52313e-07 1.06509e-10 0.0384763 1.01944e-10 1.19115e-10 1.83661e-07 0.000478872 0.0271348 2.45365e-07 0.00371166 0.000306041 4.82451e-08 0.0572232 
0.00322456 0.0861667 0.00100867 0.00407126 0.0473216 0.00622881 0.02883 0.00607235 6.24027e-05 4.31134e-05 0.116747 0.407177 0.0869436 0.000517506 1.54562e-05 6.36379e-11 0.125075 0.000234651 0.00141795 0.000860802 0.000347561 0.0111786 1.61479e-06 0.00570316 0.00761447 0.00012242 0.0530132 
0.00166002 0.0853928 0.00156056 0.0102181 0.0207022 0.00279457 0.0378532 0.00321844 0.000377871 7.87261e-06 0.111952 0.292007 0.0599486 0.0025537 0.000100973 9.03638e-07 0.0837921 0.00933323 0.000432232 0.000237916 0.00164855 0.153271 0.000260144 0.0385064 0.00200673 0.0048106 0.0753526 
0.00534439 0.0154177 0.00363899 0.00138092 0.0616889 0.130201 0.0053864 0.00294188 7.37849e-05 5.5076e-07 0.136317 0.355958 0.0465806 0.0445874 3.02172e-05 9.16644e-11 0.052692 0.00215843 0.00712967 0.000149112 0.00581017 0.00571413 0.00868875 0.0689339 2.49422e-05 0.0187004 0.0204508 
0.0211274 0.00192491 0.00492014 0.000236766 0.00309067 8.98697e-05 0.00664548 0.000615108 0.000451745 2.21991e-07 0.0469395 0.437839 0.0121145 0.0174826 5.11273e-05 2.11157e-08 0.0266069 0.000344737 3.18163e-05 5.76165e-05 0.130046 0.0163392 0.000108573 0.0011651 0.00011246 0.000204844 0.271453 
0.000836692 0.0351428 0.0164765 0.000791776 0.0331994 0.00113865 0.0118304 0.0194124 0.000856211 5.53911e-06 0.0330821 0.712571 0.0143951 0.0124708 3.43326e-05 0.000253949 0.0201971 2.80956e-05 4.82753e-05 1.95948e-05 0.0038605 0.00469265 0.000141323 0.00628913 2.44267e-06 0.00103197 0.0711916 
0.00247804 0.038499 0.00505625 0.00297253 0.0227944 0.00377312 0.241764 0.000728744 0.00125061 4.4025e-06 0.0535998 0.359152 0.0627284 0.0480606 0.000185337 8.10872e-10 0.0702299 0.00462229 0.00388908 0.000270237 0.00418428 0.00551293 0.000329394 0.0174796 0.00208172 0.00700346 0.0413497 
0.00533218 0.0137268 0.000271631 0.000713166 0.0228784 0.00542988 0.0179173 0.00446726 2.93005e-05 0.000233182 0.112141 0.437131 0.0511182 0.00135183 3.14539e-05 8.62746e-10 0.159902 9.96432e-07 0.0128222 0.0636166 0.00571003 0.0167233 5.87467e-08 0.01777 0.000252013 0.00135479 0.0490744 
0.00918879 0.0319657 0.00236885 0.0111539 0.0188146 0.00380622 0.0702584 0.0060079 0.000576653 2.85029e-05 0.130124 0.208704 0.151177 0.00462235 0.00102971 0.0015671 0.152157 8.73678e-05 0.000553533 0.00230053 0.00391131 0.0456991 0.000150453 0.0551314 0.00135075 0.00372816 0.083537 
0.000499024 0.0607852 0.00126432 0.000295999 0.00919949 0.0002917 0.00329012 0.000658096 9.8004e-05 3.95081e-06 0.114177 0.688451 0.0112358 0.0314343 6.35625e-06 2.05191e-08 0.0453569 2.8277e-07 0.000118183 0.00195503 0.0035122 0.00855564 2.92805e-05 0.00520644 5.63163e-06 0.000520377 0.0130492 
0.000478758 0.0989023 5.99121e-05 0.00241212 0.00576016 0.00495988 0.0245261 0.000248715 3.07113e-05 2.29098e-09 0.0289415 0.655223 0.0103763 0.0278315 2.4438e-07 7.35214e-11 0.118718 4.07908e-05 0.00114227 2.9821e-09 0.000231549 0.00379851 2.608e-05 0.00489268 7.48065e-06 4.90815e-06 0.011387 
0.00204745 0.0534003 0.00508668 0.0099171 0.031037 0.00316268 0.0151578 0.00406234 0.0010819 5.5243e-05 0.0364509 0.498055 0.166277 0.0124986 1.73232e-05 2.76105e-07 0.0780091 0.00152501 0.000708033 0.000593619 0.0052207 0.0162813 6.89511e-05 0.0460953 2.11262e-05 0.00661393 0.00655512 
0.0134473 0.0366858 0.0109836 0.0447708 0.0448768 0.0411184 0.00407745 0.00697122 0.000796694 5.50012e-05 0.0727905 0.184458 0.099994 0.0677649 3.86949e-05 4.12371e-06 0.0271713 0.00875089 0.0021004 0.00197449 0.00189795 0.157219 0.00155229 0.136504 0.0121116 0.0112827 0.0106023 
0.00247364 0.00364365 0.00604896 0.000351049 0.0106044 0.000988409 0.000816087 7.05937e-05 2.3861e-05 1.28914e-05 0.376047 0.377173 0.0222476 0.00139824 2.09845e-05 0.00128529 0.119905 1.69826e-06 0.000256445 0.0443727 0.000585855 0.00365277 0.000142061 0.00658166 0.000233587 0.0041155 0.0169473 
0.00100641 0.0014051 0.000421597 0.000166076 0.00613592 0.00206363 0.00230112 0.000242631 4.00654e-08 1.00458e-06 0.301254 0.423736 0.020265 0.000793007 3.52322e-05 2.00591e-12 0.133716 8.0486e-09 0.00113675 1.07213e-05 0.00269369 0.00117955 4.08299e-09 0.00426378 1.00782e-05 0.00279206 0.0943707 
0.00172244 0.0691869 0.00039514 9.17251e-05 0.00188042 0.080322 0.000392591 0.000714186 0.000315295 2.5477e-09 0.156193 0.333001 0.23551 0.0300432 3.04811e-08 1.81148e-11 0.0063016 0.000119189 0.0115002 6.43909e-06 0.000268169 0.0193314 1.39863e-08 0.0506429 2.68874e-06 0.000718005 0.00134192 
0.0151355 0.0156207 0.0840515 0.0067135 0.0587582 0.0130646 0.027206 0.0180048 2.02748e-05 2.66294e-06 0.221802 0.250583 0.0242302 0.00444603 3.91279e-06 3.57728e-07 0.21446 1.09246e-05 0.00398713 0.000859136 0.0042116 0.0097244 0.00133166 0.0102088 9.77859e-06 0.00657658 0.00897684 
0.00595238 0.0585265 0.00129044 0.0243916 0.0336133 0.00113407 0.0144412 0.00800587 0.000522413 0.000106252 0.0673426 0.215825 0.037336 0.0170036 6.58558e-05 0.00129186 0.165342 0.000547467 0.00635406 0.000447356 0.0107628 0.208049 0.00123092 0.0261009 0.00161587 0.0166298 0.0760708 
0.000132535 0.11041 1.45036e-06 0.0571986 0.000708351 0.0137912 0.0444513 0.00205541 0.000146391 0.000133658 0.0775375 0.351329 0.0892477 0.00051782 1.29301e-07 3.14129e-08 0.0607808 3.46874e-05 0.000929152 2.81178e-05 3.28782e-05 0.069906 2.83132e-05 0.0557627 0.0553894 6.67478e-05 0.00938011 
0.0136057 0.0176033 0.000815882 1.10186e-08 0.0377416 0.0558035 0.000155437 8.85553e-08 5.38954e-08 1.08312e-11 0.132352 0.502927 0.0207192 0.0245478 1.44064e-09 1.35431e-11 0.120977 4.07594e-05 7.21058e-05 6.52011e-08 0.00412615 0.00876068 1.33649e-11 0.0569477 7.39997e-09 8.86106e-09 0.00280384 
0.000715601 0.00265482 5.03558e-09 1.22934e-07 0.000381519 0.000982315 7.70709e-09 0.00395104 4.50212e-05 1.02237e-07 0.0356018 0.895258 0.00573516 0.00220898 1.31671e-11 9.76808e-12 0.0135412 9.34941e-12 5.04432e-07 2.68852e-08 3.2863e-10 0.0202171 9.63962e-12 0.0131408 8.51205e-06 6.97101e-05 0.00548787 
0.0025386 0.0275686 0.00546508 0.00089664 0.0345087 0.00340515 0.275608 0.00524409 0.000206054 2.2236e-06 0.125744 0.285869 0.0616769 0.0368416 1.47376e-05 0.00227674 0.0417874 1.15461e-05 0.00243017 2.1654e-05 0.00314079 0.0484236 6.9641e-05 0.0165883 9.9917e-06 0.00327173 0.0163793 
0.000860392 0.00315634 0.00350399 0.00065403 0.0113882 0.000388252 0.0214102 0.000704816 0.00023944 3.35044e-08 0.182794 0.460981 0.00423416 0.00183928 7.27359e-07 2.84064e-10 0.282855 2.22594e-05 0.00115693 4.60296e-05 0.00184616 0.00305146 2.18343e-06 0.00104221 1.29299e-05 0.000697344 0.0171126 
0.0250421 0.0262109 0.0208376 0.00725632 0.0401053 0.00360302 0.0138575 0.00215654 0.00266602 3.99783e-05 0.12063 0.172039 0.0761078 0.0131833 5.23772e-05 3.46636e-06 0.166329 0.0024539 0.000246566 0.00135793 0.00836319 0.00633632 0.00115669 0.0878389 0.0183164 0.0182212 0.165589 
0.00770373 0.021803 0.197309 0.0147518 0.108738 2.19266e-06 1.17402e-07 6.41722e-07 9.04303e-11 2.8983e-08 0.249595 0.258182 0.0406351 0.0136483 1.33974e-07 1.53702e-10 6.90557e-07 9.80074e-08 3.63382e-07 0.00171696 0.0106391 0.0468202 1.61273e-06 0.0284461 2.80607e-11 3.934e-06 1.64385e-06 
0.0179287 0.0755882 0.000554936 0.0010082 0.0326907 0.00363936 0.00981183 0.00337177 0.00153708 3.74362e-07 0.0450676 0.391448 0.00882455 0.00779769 4.55139e-05 9.61882e-09 0.169738 0.000380427 0.00028475 0.000152028 0.000842404 0.00963482 0.000243383 0.00493961 1.5573e-05 0.00365273 0.210802 
0.000138007 0.00709458 0.0039802 0.000631119 0.162304 0.000288668 0.000316601 0.0012172 0.000152348 1.91239e-05 0.103423 0.519799 0.0607142 0.00614669 1.21332e-05 7.04043e-10 0.00696643 0.000374937 0.00272472 0.00031734 0.00796949 0.00531638 0.000651815 0.00174098 3.06525e-06 0.101563 0.00613498 
0.00228804 0.0496648 0.0114375 0.00379701 0.0156752 0.0353216 0.0296015 0.00413836 0.000644472 4.74596e-05 0.082468 0.489208 0.152941 0.00876326 1.30505e-05 3.91263e-06 0.0650439 3.63637e-05 3.54486e-05 0.00209425 0.000902525 0.00519858 0.00091031 0.0226824 0.000191037 0.00473606 0.0121564 
0.00862353 0.0115415 0.00249483 1.45831e-08 0.114343 0.0321122 0.00117252 0.0180385 3.27987e-05 2.47534e-11 0.066386 0.471561 0.015934 0.0297028 3.12875e-06 3.09509e-11 0.117471 1.63437e-05 0.000239235 1.61588e-05 0.00520623 0.00608568 1.75384e-07 0.0818682 2.60967e-06 4.74649e-05 0.0171009 
0.00161095 0.0431078 0.00254688 0.00865253 0.0694699 0.00655312 0.0400197 0.0149982 1.37569e-05 2.47494e-05 0.0456233 0.559538 0.00239243 0.0208544 6.33557e-05 4.14537e-07 0.0759284 0.000165994 0.00313447 6.45376e-05 0.00575321 0.014262 8.82896e-05 0.0656818 0.000134148 0.00144819 0.0178691 
0.000474604 0.0326364 0.00604654 0.00947856 0.022768 0.00995925 0.0063638 0.00775356 0.000409604 8.38258e-05 0.300979 0.327201 0.113456 0.00405725 5.7467e-05 1.05131e-07 0.0706434 2.83521e-05 0.00206493 3.18083e-05 0.00359567 0.015247 0.000436033 0.0219833 0.00353796 0.0264166 0.0142899 
0.0529804 0.022659 0.000589756 0.000173871 0.0298307 0.0113284 0.00309306 0.00224119 9.90259e-05 4.13276e-06 0.202745 0.447682 0.00283717 0.0939744 3.06193e-06 3.94423e-05 0.0713001 0.000955425 6.51349e-05 0.0016313 0.00278817 0.0107389 0.000102763 0.0103925 2.59256e-05 0.0217129 0.0100058 
0.0237772 0.00578101 1.86617e-05 0.000881337 0.0767903 0.0231753 0.00102005 0.0023626 0.000174896 3.12602e-05 0.244946 0.286909 0.0124422 0.0182727 1.91949e-06 1.88929e-09 0.00751495 0.000450958 0.0193792 2.323e-05 0.000942747 0.00684027 1.21573e-05 0.222083 0.0103956 0.0346197 0.00115386 
3.49351e-07 0.000499459 3.0943e-08 6.28296e-07 0.000631716 0.0199102 4.72001e-11 4.79749e-05 1.31627e-10 1.94478e-07 0.149152 0.734856 2.17282e-07 0.000276541 3.01573e-10 1.05354e-07 0.000924689 2.14134e-10 3.72019e-08 9.84949e-07 0.000407871 0.000221428 2.20781e-10 0.0930683 6.28185e-09 2.49715e-08 4.39749e-07 
0.0357791 0.0209523 0.0213426 0.00394088 0.139725 0.00339371 0.0626027 0.00707668 0.00824522 2.70779e-05 0.0619156 0.321988 0.0322614 0.0377585 0.000350853 0.00140986 0.0854034 0.000677688 0.000768132 0.00242347 0.014873 0.0119566 0.000878249 0.0258224 0.0195976 0.0111568 0.0676738 
0.00844097 0.00771159 0.00697798 0.00286341 0.21455 0.0100219 0.000191615 0.00623613 0.000410619 3.11976e-05 0.193452 0.246303 0.0367765 0.0268861 1.39478e-05 1.96673e-08 0.0625198 0.00153188 0.00252867 9.89531e-05 0.0378497 0.00519755 4.26347e-06 0.00449677 1.00401e-05 0.114948 0.00994737 
0.00129012 0.00309034 0.0168965 0.000783373 0.0300399 0.000118003 0.0153927 0.00208744 0.00121963 7.91784e-07 0.154328 0.313672 0.0266379 0.00458837 3.34837e-05 1.15805e-11 0.289186 8.3787e-08 6.78548e-06 2.04075e-05 0.0131907 0.00486828 0.00184769 0.00696015 7.74893e-05 0.00342005 0.110245 
0.000441517 0.0365461 0.0011149 0.0194876 0.0190518 0.00267866 0.0038291 0.0241965 1.94152e-06 1.76283e-06 0.223177 0.490081 0.063478 0.00769446 1.21763e-05 1.02472e-05 0.0222385 3.24363e-05 1.41309e-08 0.000560249 0.037576 0.0427545 3.06357e-05 0.00433431 5.33523e-06 0.000285569 0.000379592 
0.00225281 0.0137343 0.0627384 0.00438333 0.0556506 0.00538835 0.0203907 0.00501365 0.000985213 8.44507e-05 0.0279729 0.501152 0.0157551 0.0038107 0.00040468 7.62176e-07 0.0431796 5.43641e-05 0.000306443 0.000172029 0.00222179 0.00531428 0.0164248 0.0267937 3.98241e-05 0.00293795 0.182838 
0.00028555 0.00547578 0.0349812 5.45687e-05 0.0324225 0.0347675 0.0233494 0.0133287 0.00194442 4.30386e-07 0.200641 0.304891 0.0192233 0.0545785 0.00052126 6.84342e-08 0.108902 6.5501e-08 0.000272599 0.000875289 0.000946442 0.0024686 0.0088514 0.0431356 7.47257e-06 0.0659234 0.0421515 
0.00511345 7.46766e-07 0.0802687 0.000378609 0.00468074 3.69257e-07 0.00368554 0.00302998 0.000528264 7.89795e-08 0.0709608 0.72028 0.0114893 0.00484806 0.000155837 3.31115e-11 0.0677516 3.58222e-06 1.61341e-07 1.02589e-07 0.0046928 0.000921446 0.000862151 0.000432901 2.79025e-05 3.4275e-07 0.0198866 
0.00509877 0.0887267 8.64386e-05 0.00683271 0.026245 0.0349869 0.0331147 0.00282473 8.72803e-06 1.63961e-05 0.0875204 0.533382 0.0458248 0.0116494 8.56809e-06 2.95394e-08 0.00419915 0.00017105 0.000119293 8.91949e-05 0.00370574 0.0974011 0.00166006 0.0101052 0.000270889 7.44617e-06 0.00594409 
0.00199088 0.00582413 0.00210729 0.00122618 0.00338873 0.00370581 1.18308e-05 0.00070846 8.92142e-09 3.85309e-07 0.0442877 0.591919 0.282257 0.000545166 2.83777e-06 6.67071e-11 0.00947133 2.24839e-05 1.26976e-05 1.18834e-05 2.55705e-05 0.0111679 1.88535e-05 0.0306208 1.43098e-08 0.00883149 0.00184073 
0.131794 0.0206329 7.24494e-06 0.00335275 0.0142984 0.00516748 0.0246648 0.107931 8.76465e-05 4.78308e-06 0.00731593 0.549177 0.00325292 0.0440631 4.91707e-05 4.18691e-08 0.0289157 1.18827e-06 1.92188e-05 0.00185975 0.0008186 0.0500338 0.000109096 0.00252429 1.64131e-06 0.00104827 0.00286967 
0.00197751 0.00598957 0.00238436 0.00125297 0.0037682 0.00400217 1.78889e-05 0.000853518 4.18453e-08 7.27533e-07 0.0468863 0.586601 0.278106 0.000593867 2.92541e-06 7.0141e-11 0.0115519 2.48183e-05 1.35955e-05 1.40358e-05 2.61763e-05 0.0108565 2.18757e-05 0.0320759 2.9373e-07 0.0110421 0.00193626 
0.000906362 0.0843264 0.0391538 0.0146051 0.0218187 0.000622305 0.0766721 0.000208845 2.56203e-05 8.50384e-05 0.0319469 0.151872 0.131956 0.000502271 0.00208401 2.03888e-07 0.118662 5.85155e-07 0.000177432 0.0456479 0.000517517 0.0635366 2.35673e-07 0.13767 2.40787e-06 0.000272183 0.0767278 
0.000131846 0.0887488 0.0220526 0.000252314 0.0169051 0.017156 0.0247892 0.00228855 3.30998e-05 3.19938e-08 0.120679 0.259633 0.009724 0.258711 0.000104105 3.80216e-09 0.111208 4.20853e-05 0.000682636 0.000342678 0.000170147 0.0143145 4.05667e-07 0.0211396 3.41812e-05 0.00788267 0.0229745 
0.0589599 0.0810255 0.00373886 0.00334282 0.144383 0.0176801 0.0118203 0.00296418 0.000903402 8.18652e-07 0.0548706 0.181748 0.00978798 0.121086 2.5067e-05 1.36315e-09 0.081986 0.00663838 0.00149793 7.29035e-05 0.0490088 0.0829305 0.000802991 0.00264439 3.36932e-05 0.0233807 0.0586678 
0.000945813 0.0337646 1.16808e-11 0.00167082 0.000630662 0.00815899 2.76807e-06 0.00249854 0.00126129 4.33996e-09 0.0466977 0.821961 0.00133968 0.000721611 5.95919e-09 6.28335e-11 0.0513829 0.000479148 0.0233766 5.6652e-09 1.3789e-06 1.54342e-05 5.96103e-08 0.0050904 6.00503e-08 2.65135e-08 3.06566e-07 
0.0325509 0.005925 0.00351964 0.000206399 0.0331772 0.00291088 0.00810356 0.00137825 0.000234309 4.77995e-05 0.0839864 0.457075 0.0438307 0.121041 2.10635e-05 3.63979e-11 0.154757 0.00113857 0.000319391 0.00941126 0.00586301 0.00638634 0.000267131 0.000766116 0.00731242 0.0039256 0.0158447 
0.0143147 0.00338639 4.09349e-05 0.00340652 0.0220147 0.000590023 0.00147266 0.0303355 0.00090667 1.23855e-05 0.117354 0.378537 0.00440687 0.00263011 3.59656e-05 5.49112e-07 0.340392 2.99717e-05 0.000551015 2.40071e-05 0.00720878 0.039715 5.8661e-07 0.013241 1.00067e-05 0.00579885 0.0135828 
0.00115743 0.0985843 0.00143493 0.00518026 0.00281308 0.0128769 0.0456326 0.00174867 0.000489718 8.40094e-06 0.132908 0.294683 0.24775 0.00102007 7.8338e-05 2.34684e-07 0.0505042 0.000233372 0.000305121 0.00250685 0.000211639 0.0535269 0.000179275 0.0077993 0.0206543 0.00192247 0.0157905 
0.000468146 0.0139319 0.00408383 0.000642491 0.0412912 0.0110639 0.000950037 0.00222257 3.28727e-05 0.0942274 0.0790413 0.545783 0.0852328 0.00952977 4.85132e-05 4.77765e-11 0.00346453 0.000150456 0.00789251 0.000719595 0.0184933 0.0440888 0.000155053 0.00745129 0.000168226 0.00773821 0.0211279 
6.42079e-05 0.00091257 1.93437e-05 0.000188275 0.0125643 0.00230403 5.46982e-07 0.00064246 2.07322e-07 1.30804e-07 0.202052 0.754692 0.0013259 0.00155386 0.00025842 4.02359e-07 0.000135964 4.05324e-05 0.0103055 7.29605e-09 0.000884958 0.00754979 1.1208e-10 0.00449702 2.07235e-09 7.15185e-06 3.04866e-08 
0.000591813 0.168182 0.00185353 0.0345908 0.000506404 0.00363164 0.140237 0.00125039 0.000194678 2.74268e-05 0.0597043 0.276508 0.0445714 0.000152775 0.000107854 1.11986e-07 0.118808 2.70994e-05 0.00928549 0.00593511 5.60936e-05 0.026691 3.64853e-06 0.0184708 0.00542947 0.000277096 0.0829061 
0.000108785 0.00199408 0.00218233 0.000462996 0.0040778 0.000199192 0.00152564 1.99712e-07 0.000166457 3.23823e-08 0.292604 0.433997 0.0218371 0.0025975 5.47994e-06 6.83455e-10 0.157255 0.00059863 0.0153976 2.5894e-05 0.00143642 0.00398094 0.00230363 0.00847563 9.84706e-07 2.81205e-05 0.0487381 
0.0026563 0.0287957 0.00407215 9.7851e-05 0.0510528 0.00058647 0.0109626 5.05823e-05 1.14459e-05 3.01224e-07 0.0744754 0.530317 0.0333335 0.0130887 4.90753e-06 4.42775e-10 0.201864 6.45173e-05 0.000133053 1.21538e-06 0.027055 0.00894064 4.46395e-08 0.00333769 5.54562e-05 0.00125212 0.00779084 
0.0223257 0.022809 0.0217354 0.00452897 0.0499471 0.022993 0.0401296 0.00868815 0.00280204 0.00964432 0.0309208 0.187548 0.0463266 0.0157959 5.3229e-05 2.40549e-06 0.11116 0.000592128 0.155074 0.144499 0.0242377 0.013975 0.00130048 0.0149758 0.00138115 0.0110919 0.0354628 
0.00141963 0.00324488 0.000739793 0.010126 0.00720006 0.00242136 0.0213182 0.00157041 0.000820383 1.00921e-05 0.109475 0.212536 0.0194748 0.000481368 1.26076e-06 2.25751e-07 0.19981 3.04418e-05 5.9119e-05 3.14837e-10 0.000428285 0.0701596 2.18319e-07 0.146135 3.79376e-06 0.00609408 0.18644 
0.00155756 0.00224612 0.0117225 0.000212487 0.0147459 0.000260988 0.0097492 0.00386399 0.000965089 1.35944e-06 0.116342 0.397979 0.00638074 0.000748415 2.80953e-05 3.56914e-07 0.294767 8.12026e-07 3.78145e-06 6.81032e-05 0.0102225 0.0168206 2.13986e-05 0.00200612 8.98449e-05 0.00375592 0.105439 
0.00180772 0.0806 0.0096717 0.0183669 0.0383067 0.0201083 0.0518977 0.00106942 0.000288728 0.00012841 0.109133 0.362915 0.0777293 0.0235599 0.000150322 0.000406291 0.0722607 0.000142567 0.00115125 0.00278265 0.00415202 0.0300079 8.09365e-05 0.0208764 0.000334566 0.00749739 0.0645747 
0.0034409 0.00348547 0.0106949 0.00104406 0.121904 0.00164364 0.00365675 0.0016272 0.000365178 2.32206e-05 0.158815 0.412272 0.0106436 0.0918395 0.00381949 3.65687e-05 0.0275957 0.00035424 0.000100176 0.000100333 0.00290355 0.02654 0.00478339 0.0877489 3.22904e-06 0.0144663 0.0100927 
0.00249932 0.0023109 9.091e-05 0.000634148 0.00654268 5.90116e-05 0.00593442 5.48129e-05 6.27094e-05 3.99648e-08 0.0836683 0.567149 0.00156061 0.0010847 1.47837e-06 9.05032e-12 0.315323 3.67851e-06 0.00201628 1.80169e-05 0.00129174 0.00141489 5.74756e-06 0.00106872 1.22402e-05 9.56101e-05 0.00709717 
0.00389502 0.00518837 0.000307494 0.000746891 0.00792773 0.000260514 0.0127183 2.01736e-08 3.94314e-05 6.27046e-08 0.232137 0.423988 0.00570729 0.00318433 7.52505e-07 8.41037e-13 0.269431 1.59801e-05 0.00892824 4.75134e-10 0.00175011 0.0103682 5.03441e-09 0.00332714 1.40224e-05 0.00169964 0.00836444 
0.000540454 0.142521 0.000381824 0.00136604 0.00571958 0.000719566 0.00434764 0.00200962 5.2845e-05 2.23047e-07 0.024314 0.609494 0.0149266 0.00157983 5.20297e-05 9.06636e-07 0.0853406 1.3856e-05 0.000322782 1.99611e-06 0.00103672 0.0604206 1.08415e-05 0.0377543 5.53668e-06 0.0024867 0.00458014 
0.00199088 0.00582413 0.00210729 0.00122618 0.00338873 0.00370581 1.18308e-05 0.00070846 8.92142e-09 3.85309e-07 0.0442877 0.591919 0.282257 0.000545166 2.83777e-06 6.67071e-11 0.00947133 2.24839e-05 1.26976e-05 1.18834e-05 2.55705e-05 0.0111679 1.88535e-05 0.0306208 1.43098e-08 0.00883149 0.00184073 
0.0013759 0.0398997 0.00504952 0.00298138 0.0483219 0.0125279 0.0165107 0.0375722 0.00324498 1.39598e-05 0.16138 0.23521 0.0327999 0.115364 3.36582e-05 2.5065e-07 0.17405 2.85137e-05 0.000440058 0.000338058 0.0150068 0.0182424 0.000419158 0.0264414 5.09788e-05 0.00291999 0.0497766 
0.0509595 0.00483811 0.00631433 0.000244804 0.0417332 0.0179304 0.0196704 0.00536492 0.00237186 6.47732e-05 0.287354 0.298537 0.00338988 0.0363351 2.73425e-05 2.34984e-07 0.147479 1.10868e-07 2.49205e-05 0.00529335 0.00609897 0.00369576 2.51291e-05 0.0196691 0.00012127 0.00851929 0.0339372 
0.000633358 0.0266695 0.00439264 0.0136847 0.0274768 0.0185285 2.51173e-05 0.00161069 8.9197e-06 5.49628e-07 0.140219 0.553804 0.018907 0.00710627 4.10207e-06 0.0354083 0.0203949 2.36687e-06 0.00869474 0.000357531 0.00031346 0.061625 4.59281e-06 0.0484443 8.79958e-07 0.00482497 0.00685752 
0.0788185 0.0136969 0.0486492 0.000325782 0.0677593 0.050288 0.0303204 0.00331598 5.5592e-05 7.77786e-05 0.134975 0.300103 0.00757361 0.0461471 1.56504e-05 9.36582e-05 0.108682 1.57901e-05 0.00899777 0.00172211 0.00645877 0.0252564 0.00835599 0.0255173 0.0097106 0.00313709 0.0199311 
0.325111 0.00288206 0.0176334 2.08384e-06 0.000615893 0.000658744 9.91284e-07 0.0146624 3.55688e-05 3.7296e-06 0.00819673 0.61521 0.000535333 0.00340606 1.54054e-06 3.06735e-07 0.00203399 1.12028e-05 0.000788732 1.58537e-05 0.000255674 0.00193013 9.04038e-06 0.00180205 0.00318225 8.59992e-05 0.000929525 
0.000669583 0.00170437 0.00148545 2.01922e-08 0.0283602 0.00105626 0.023727 0.000900374 0.000172842 1.25579e-06 0.292815 0.343619 0.0162539 0.00409433 7.92757e-06 1.21985e-11 0.121567 3.05669e-08 0.00106609 9.42306e-05 0.00350592 0.00697582 0.0215833 0.00336121 1.61766e-05 0.000236168 0.126726 
0.00136466 0.00609932 2.69994e-05 0.000579838 0.0393977 0.000687768 0.00800585 0.00900433 0.000215339 1.74909e-06 0.0826635 0.2672 0.0358511 0.00586455 3.97451e-06 4.87434e-09 0.145893 1.55272e-06 0.000153806 1.41283e-05 0.000886687 0.191493 1.00771e-05 0.00968699 8.24321e-05 0.000903129 0.193909 
0.0317802 0.0273456 3.09322e-07 0.0103376 0.00426217 0.0125644 0.0102983 0.000102894 7.55541e-06 7.08844e-07 0.0500287 0.728585 0.0080462 0.000108936 1.0753e-08 1.71026e-07 0.110384 0.000130552 0.000160901 9.91973e-09 0.00020675 0.00162931 0.000179682 0.00208185 9.92258e-08 0.00162499 0.000132851 
0.00374736 0.0933503 0.038862 0.00846442 0.0576885 0.00591476 0.0401122 0.00793562 0.0103069 3.80614e-05 0.1624 0.226785 0.0674074 0.00680292 3.84787e-05 8.78565e-09 0.153926 2.5541e-05 0.00025778 1.53853e-05 0.000883448 0.0497074 0.00328464 0.028645 0.000193382 0.0127606 0.0204467 
0.000397735 0.0128433 0.00229327 5.60132e-07 0.125083 0.000137077 0.000222911 0.000886032 3.43092e-05 8.937e-06 0.182261 0.193312 0.0946995 0.0572317 0.0052421 0.000687177 0.19297 3.07731e-06 4.03186e-05 0.00138424 0.0667897 0.00609402 0.00035521 0.00152043 9.07166e-06 0.0406295 0.0148651 
0.000183538 0.0417196 0.00103685 0.00153354 0.00515551 0.0703352 0.000195081 0.000685497 0.000274075 1.02756e-07 0.242741 0.436883 0.00187729 0.00102178 4.92533e-07 1.18414e-06 0.0439627 1.31431e-05 0.0226002 0.0039686 0.0187407 0.0300524 2.06758e-09 0.0598567 1.30385e-07 0.0168822 0.000279426 
0.00214947 0.0282614 0.00679704 0.00671452 0.0288821 0.00247954 0.0549904 0.00390143 0.0012186 2.4898e-05 0.176822 0.319755 0.0976532 0.00943167 0.000122747 0.00119098 0.110648 0.00475033 0.00135912 0.00492273 0.0056703 0.0289483 0.000150168 0.0108966 0.00276501 0.0132772 0.0762171 
0.00361212 0.139974 0.00319732 0.000245431 0.0385383 0.0112129 0.121938 0.0236484 0.00430491 1.70332e-07 0.0348658 0.269324 0.0540746 0.159949 8.57012e-06 6.56303e-08 0.0951175 0.000478662 9.84489e-05 0.00133177 0.00308933 0.00651349 0.000392293 0.0169095 0.000910509 0.00165197 0.00861312 
0.000276905 0.00570267 0.00015205 1.35475e-05 0.00742236 0.0953396 0.00200331 0.000227586 9.55694e-05 2.39273e-07 0.0968922 0.656584 0.0476847 0.00630841 9.19419e-09 1.31118e-11 0.00369539 6.72586e-09 0.0121896 0.000164942 0.000297996 0.0103745 2.95164e-09 0.0387792 3.09662e-06 0.00138739 0.0144044 
0.00377534 0.0157438 0.00516107 0.000225788 0.0493053 0.00293528 0.0140756 0.00173738 0.000218816 3.37788e-06 0.122396 0.284042 0.00849968 0.148195 2.48056e-05 2.91047e-08 0.222734 4.2159e-05 4.67117e-08 0.000408689 0.048768 0.0229324 4.45746e-05 0.0031313 5.79121e-06 0.0409528 0.00464131 
0.0427779 0.115192 0.0135965 0.00487308 0.0125801 0.00148945 3.05723e-10 0.00432119 8.52571e-10 1.15894e-09 0.075941 0.623084 0.00180938 0.00061074 1.95334e-09 1.4491e-09 0.0540349 6.42003e-05 1.62061e-09 2.86816e-06 1.37366e-06 0.00178899 1.43004e-09 0.047693 2.58911e-07 0.000131206 8.14923e-06 
0.059636 0.0212527 0.00127846 0.00138754 0.0572658 0.0960428 0.00115148 0.00147586 0.000504008 8.91805e-05 0.142817 0.151946 0.0403136 0.10921 4.18317e-06 1.70903e-06 0.060719 1.50697e-05 0.0108011 0.000150865 0.00866817 0.0319413 5.39847e-05 0.0565537 0.0323618 0.108949 0.00540954 
0.00300185 0.00183996 0.00287418 0.000794903 0.0214085 0.00184554 0.00393182 0.000441874 0.00294973 7.72603e-05 0.0804742 0.502708 0.00955954 0.0390063 0.00206907 1.85498e-07 0.0521397 0.000103392 0.00581636 8.17023e-05 0.138212 0.0774705 0.00335413 0.00212581 3.46143e-05 0.0174487 0.03023 
0.0250569 0.0226731 0.0037652 9.41567e-05 0.00955218 0.00425075 4.67017e-05 6.73743e-06 0.000189626 3.216e-05 0.094436 0.442572 0.004593 0.003327 1.5025e-07 1.50876e-06 0.157048 0.0701791 1.41203e-05 0.045853 0.00608158 0.0479867 5.00383e-07 0.0562745 1.86569e-06 2.18032e-06 0.00596126 
0.0256169 0.0118584 0.00161466 0.00161384 0.203912 0.00389543 0.0212733 0.0153161 0.000353734 0.000263591 0.0304952 0.311157 0.0875096 0.0386066 8.69716e-05 6.70601e-07 0.0381635 0.0887362 0.0010697 0.000217032 0.016509 0.0241285 0.000837311 0.0148532 6.23563e-06 0.0196632 0.0422422 
0.00617817 0.0260273 0.000506301 0.0126609 0.0601018 8.58619e-05 0.00155822 0.0206924 0.00573432 2.86329e-05 0.0402298 0.672795 0.0075195 0.0018457 0.000485833 9.38661e-08 0.0661228 8.75738e-06 0.00018833 0.000179674 0.000605424 0.0153513 2.88947e-05 0.0442292 3.94648e-05 0.0114995 0.00529711 
0.000797112 0.0516916 0.00839463 0.00231343 0.0361646 0.0130315 0.0262308 0.00440172 0.00357267 2.46283e-07 0.151423 0.322353 0.039894 0.0310383 3.29713e-06 3.90733e-07 0.211169 0.00641286 0.000573422 0.000183242 0.00653151 0.012348 0.000748678 0.0186958 4.37976e-05 0.0333874 0.0185963 
0.00574062 0.0190369 0.00105824 0.00151239 0.0153483 0.00745665 0.0313087 0.00141375 0.000443938 1.35298e-06 0.0439817 0.586925 0.0239082 0.0950349 5.10953e-05 1.12667e-11 0.0802865 0.000294808 0.00495023 7.1942e-05 0.00366925 0.00332312 0.000116085 0.0233151 1.13757e-05 0.00817924 0.0425604 
0.0491435 0.0402323 0.0267975 0.000637029 0.0127009 0.0596427 0.0036392 0.000715941 0.000192482 9.14408e-06 0.0830342 0.301663 0.0195252 0.212683 3.27794e-06 5.79707e-10 0.0746841 0.00148503 0.000124829 0.00608201 0.00538633 0.0205491 0.0007203 0.0427309 0.000159938 0.025358 0.0120999 
