0.00117821 0.00361137 0.00902122 6.12291e-05 0.028437 0.000605613 0.0150664 0.00111725 0.000470955 1.08753e-05 0.180272 0.399452 0.0195568 0.00170994 2.32854e-05 3.95872e-09 0.188812 1.27427e-05 0.00194399 0.000206909 0.00269983 0.00470508 3.07639e-05 0.00944542 2.54947e-05 4.19125e-05 0.131482 
0.056828 0.0137911 0.00784208 0.00168646 0.0378486 0.021924 0.000281211 0.0087589 0.00010311 2.57495e-05 0.110473 0.492195 0.0155719 0.0778891 2.20839e-05 1.11436e-10 0.0377852 6.74644e-07 0.000341128 0.000167614 0.00135801 0.00256217 0.013881 0.0657377 0.000978946 0.00526907 0.0266787 
0.000662264 0.00787734 7.75162e-14 0.000111765 0.000464124 0.000770705 0.0545537 0.000937915 5.40388e-05 2.60199e-08 0.0307058 0.40524 0.0070188 0.00424296 5.84676e-06 4.16977e-13 0.332608 8.2407e-06 0.00103675 4.24364e-08 8.22572e-05 0.123532 4.01193e-06 0.00532477 0.00031909 0.00870827 0.0157314 
0.00514782 0.0508932 0.0170457 0.00664676 0.0621383 0.0258714 0.00446735 0.0490273 0.00420743 2.57766e-05 0.099893 0.276981 0.174253 0.0352241 1.31516e-05 1.4707e-05 0.0275009 0.00481553 0.00120318 0.000498872 0.0113908 0.0656168 0.00213889 0.0248796 4.76831e-05 0.0341549 0.0159022 
0.0017201 0.0122651 0.000326612 0.0127634 0.0101546 0.0036538 0.012634 0.00192192 0.000185864 4.36761e-05 0.0396926 0.383926 0.113741 0.00369348 4.22104e-06 1.15487e-06 0.0914009 0.000456465 9.07758e-05 1.79535e-06 0.00350494 0.0679307 0.000265587 0.0823984 0.0139144 0.0234662 0.119842 
0.00509306 0.0302933 0.000461872 0.142873 0.00331163 0.000664832 0.0654674 0.0686925 0.000162545 2.38909e-08 0.0521847 0.151744 0.064694 0.000370375 3.75184e-08 0.0178076 0.146922 0.000333768 0.00789794 3.98884e-07 0.000258388 0.112815 0.0125753 0.0942369 1.77406e-11 0.0146359 0.00650431 
0.224306 0.0353321 0.0142047 0.0259836 0.0892034 4.98522e-05 0.00428038 0.0103535 8.32996e-06 2.08323e-05 0.065463 0.309831 0.0677937 0.0191564 3.06164e-05 1.55139e-07 0.0940739 0.000917008 0.000440772 0.00104834 0.00230133 0.00251551 0.000234736 0.0159661 1.08905e-05 0.00138978 0.0150833 
0.0111019 0.049963 3.15698e-05 0.000543443 0.00312888 0.00158904 0.010958 0.00406515 8.34414e-05 3.41336e-06 0.0832695 0.607329 0.0261517 0.00705249 1.18945e-05 7.13592e-08 0.102761 0.00364268 0.00213769 0.000419531 4.84024e-05 0.0535084 7.01574e-07 0.0208642 1.60333e-05 0.00223264 0.00908637 
0.00338794 0.0754435 0.00249266 0.0100024 0.0422208 0.00411225 0.0135029 0.00738539 0.000373518 1.07324e-05 0.17701 0.235828 0.119447 0.0120423 5.42009e-05 0.00135627 0.161136 0.000581381 0.000399266 0.000605956 0.0123589 0.0450833 0.000123378 0.0285661 0.00512154 0.0131137 0.0282401 
0.0401142 0.109419 0.000263718 0.0226528 0.0183336 0.00416121 0.00508475 0.00118017 2.9212e-05 7.28898e-09 0.0492759 0.346632 0.00743158 0.0674345 5.12963e-06 2.08456e-05 0.232193 0.0029878 0.000122243 1.38744e-05 0.0715103 0.00191359 6.61219e-05 0.00152317 6.88676e-07 0.00638261 0.0112483 
0.0481346 0.0401451 0.00379002 0.0871104 0.0350739 0.0106129 0.00374315 0.00465758 0.000221365 1.15045e-05 0.102373 0.256098 0.0546935 0.0102509 5.91889e-06 0.000562266 0.13661 4.57735e-05 0.000606881 0.000972259 0.0108395 0.150347 2.96857e-05 0.0174714 1.35311e-06 0.000439939 0.0251523 
0.00297077 0.0112309 0.000373774 0.000708793 0.00510147 0.0426779 0.00797864 1.9391e-05 0.000200634 5.65635e-05 0.193084 0.312475 0.0575707 0.00168647 5.23059e-06 2.03606e-09 0.301905 2.54235e-06 0.000691179 1.1501e-05 0.000856727 0.00799901 2.27328e-06 0.015022 0.0356169 5.60749e-05 0.00169736 
0.017297 0.011724 0.00117494 3.5087e-05 0.0459179 0.00290929 0.111938 0.00681295 0.00011581 2.27325e-05 0.0420511 0.488937 0.00628406 0.121521 1.31017e-05 2.60591e-10 0.0886847 7.73996e-05 0.001441 0.005653 0.0100789 0.00628863 0.000278906 0.00402108 9.25191e-05 0.00201131 0.0246194 
0.000951227 0.0231973 0.020588 0.00477003 0.023362 0.004152 0.014175 0.000449347 0.000235597 1.52242e-05 0.19381 0.381694 0.0207135 0.00727961 1.55113e-05 7.5427e-06 0.220328 0.000159982 0.000277291 0.00210281 0.00628874 0.0186059 1.56562e-05 0.00754717 0.000696144 0.012959 0.0356035 
0.264423 7.5428e-05 2.70044e-06 0.00200462 0.0732453 2.10793e-06 1.18224e-05 0.00329521 4.69088e-06 6.38844e-10 0.165378 0.392398 0.000834626 0.0289157 1.64504e-05 3.30084e-07 0.0527985 1.54679e-05 4.3574e-05 6.06372e-07 0.0119157 0.000608464 0.000120115 0.000848141 3.01735e-08 0.000728294 0.0023135 
6.33672e-05 2.41555e-06 0.173832 0.00781042 0.0430186 5.66886e-08 0.0519308 0.000596263 0.000594589 4.78165e-05 0.141716 0.313382 0.0675146 0.000548046 9.77077e-05 2.48573e-11 0.0857486 6.21189e-06 0.00131356 0.00231621 0.0540075 0.0157706 0.000162706 0.000856441 0.0201254 0.00116401 0.0173733 
0.0314446 0.0289371 0.00210489 0.00242486 0.105339 0.000697416 0.00324008 7.36154e-05 0.00134802 9.60936e-06 0.0738979 0.330974 0.0070879 0.0945154 1.35915e-06 6.08639e-07 0.281502 0.000158829 0.00253229 1.68551e-06 0.00283259 0.0074175 1.20028e-05 0.0106807 6.6941e-05 7.78519e-05 0.012621 
0.00225415 0.00431788 1.44361e-08 0.000974205 0.000742101 0.000271282 4.47609e-06 0.00368584 9.17562e-06 5.92327e-05 0.00910968 0.888444 0.000566487 0.000327949 1.04677e-07 7.76549e-08 0.00845331 7.43265e-08 8.68458e-08 6.50066e-08 1.63896e-08 0.0131914 7.66336e-08 0.0632647 3.10017e-06 8.85902e-06 0.00431177 
0.00208588 0.000520214 0.000500835 3.76296e-09 0.0127615 0.000289799 0.00323671 0.000126756 1.03013e-05 4.10223e-07 0.171943 0.519859 0.0151453 0.0975045 5.37855e-05 1.1281e-08 0.150895 0.000264189 0.000570761 0.000249316 0.00469508 0.000345992 0.00830313 0.000823213 4.10634e-06 0.00541181 0.00439887 
0.00457375 0.0512272 0.00211041 0.00109529 0.0779315 0.0189037 0.017567 0.00837353 0.00192343 1.44168e-05 0.092169 0.260502 0.133193 0.00815044 9.92359e-05 6.28008e-07 0.0708123 0.000922286 9.44413e-05 0.00141762 0.00105578 0.00564491 0.000130364 0.00689913 0.00497394 0.00380801 0.226406 
0.00620379 0.0141003 0.00153767 0.0514093 0.0447589 0.00102136 0.0109081 0.0250595 0.00947496 1.09512e-05 0.149932 0.243057 0.0283575 0.00641746 4.26668e-06 1.97342e-06 0.232457 0.0155765 0.00112638 1.0915e-05 0.00866429 0.0311567 9.40077e-06 0.0835079 1.30909e-05 0.0106424 0.0245801 
0.0040187 0.0104168 0.0828818 0.00299676 0.0717538 0.00274293 0.0291264 0.000631085 5.65617e-05 0.000166731 0.0100731 0.576174 0.136046 0.00118758 0.000580391 2.02816e-07 0.0350804 7.03885e-05 0.000171093 0.000196479 0.00499661 0.00447224 2.00148e-07 0.0177083 0.000976513 0.000449179 0.00702623 
0.000111713 0.0240047 0.00117446 0.00022034 0.0216897 0.0150228 0.0365808 0.00135496 0.000777413 2.45031e-07 0.102937 0.383525 0.0372839 0.0134389 2.07731e-05 1.15466e-09 0.0793487 1.2116e-05 0.000150605 4.11081e-05 0.00201446 0.176307 7.66546e-05 0.0139922 1.13612e-05 0.00496922 0.0849344 
0.00108991 0.00827033 1.22771e-08 0.0122002 0.0338072 0.000118368 0.0204776 0.000152572 0.000115702 1.34399e-06 0.0856528 0.472205 0.00436284 0.0229793 1.74963e-07 7.70548e-12 0.208882 9.94675e-05 0.00134843 6.70062e-10 0.02395 0.0102346 2.17545e-07 0.0185379 1.4425e-05 0.00841801 0.0670822 
0.000870563 0.00873613 0.0276526 0.000244723 0.0455523 0.00107994 0.015186 0.00209654 0.000694799 4.01645e-08 0.286538 0.381315 0.00795913 0.00271154 4.30324e-05 6.95006e-09 0.0936481 2.45419e-09 2.92834e-05 0.000207473 0.0207416 0.00713445 1.24284e-05 0.000491676 1.4829e-05 0.00147173 0.0955689 
0.00124141 0.0737932 0.00309004 0.000493992 0.124027 0.0116571 0.0102385 0.00921831 0.000273183 6.80026e-06 0.137055 0.338619 0.0357771 0.00744138 6.16388e-05 8.21522e-05 0.0603017 2.95325e-06 0.00320873 0.00171585 0.0282164 0.0717586 0.00788272 0.0261157 1.52612e-05 0.0133536 0.0343532 
0.0031688 0.000335672 3.28463e-05 0.00737999 0.217478 0.000506202 0.000310879 0.0122171 0.000100321 1.28967e-05 0.0124323 0.704297 0.00236053 0.00916638 0.000353313 6.86242e-06 0.00513545 6.56829e-06 7.67463e-06 0.000512053 0.015088 0.00214898 6.77217e-06 0.00632313 1.25284e-06 0.000321 0.000290334 
0.00135973 0.0200197 0.0119728 0.0095006 0.0414928 0.0335421 0.0139703 0.00275447 0.000332221 3.07679e-07 0.276362 0.384979 0.0333406 0.0195117 8.16428e-07 1.76542e-07 0.0550177 3.52213e-05 0.00103947 0.000611535 0.0203322 0.014151 0.000871656 0.0476502 0.000405311 0.00133594 0.00940979 
0.00148422 0.0190159 0.00184224 0.0126077 0.00335549 0.0361624 0.0312619 0.0408029 0.00351491 8.19619e-08 0.182739 0.30326 0.0273093 0.000565912 5.06828e-07 1.28133e-05 0.208041 1.68333e-05 5.61121e-05 3.09828e-09 0.000875129 0.0326147 3.97912e-06 0.0283045 6.33546e-06 0.00469317 0.0614522 
0.0290763 0.00902968 0.00620191 0.000378208 0.0124311 0.0021881 0.0100586 0.00484722 0.0038038 0.00013431 0.0209233 0.692197 0.00541923 0.000319102 8.46336e-06 2.05086e-06 0.152208 0.000385413 8.71079e-05 5.9859e-05 0.000200676 0.0190546 0.00022277 0.0230126 0.000292087 0.00308215 0.00437666 
0.00214624 0.180666 0.148965 0.00161073 0.0190087 0.158596 0.00180837 0.00270992 3.09274e-06 5.57148e-06 0.0731982 0.208428 0.0365614 0.0166989 1.62293e-07 0.00583709 0.00555863 9.15038e-05 0.00086984 0.000306466 0.000527378 0.0124358 4.79506e-05 0.0405672 0.00421732 0.00964902 0.0694855 
0.00603579 0.016963 0.0434034 0.160122 0.0695749 1.96475e-05 0.0459077 0.00567877 2.73504e-05 0.00328219 0.0531641 0.271976 0.00849158 0.0067126 2.6868e-05 5.12928e-06 0.0740918 1.41634e-06 2.07052e-05 1.37033e-05 0.00175519 0.105875 0.000382666 0.0553532 4.69448e-05 0.00581021 0.0652575 
0.00124135 2.34313e-07 0.00013119 4.53807e-10 0.0398545 7.08371e-09 0.00128657 6.12684e-05 1.0313e-08 6.04651e-10 0.248148 0.458974 0.00211317 0.00399211 1.13718e-05 5.03688e-13 0.219923 4.82099e-13 1.47027e-08 0.00016489 0.00541966 6.41414e-09 6.85998e-09 0.000476988 5.4002e-06 0.000444385 0.0177509 
0.00105916 0.000574191 9.59962e-06 0.00143346 0.0206649 0.00453251 0.00018915 0.0252429 5.65413e-05 1.97454e-07 0.0661849 0.786524 5.4853e-05 0.0594166 9.31283e-06 2.46891e-07 0.0281606 2.36308e-07 0.000350558 0.000333786 0.000773616 5.10897e-05 0.000112437 0.000733584 1.38143e-05 0.000888871 0.00262905 
0.000846512 0.000118966 0.00300177 5.77581e-08 0.0589842 0.000561036 5.02172e-05 2.53852e-06 8.20433e-08 1.52705e-11 0.202435 0.620084 0.00883907 0.0180312 1.17233e-07 1.90937e-11 0.0557919 1.98436e-07 2.98422e-08 1.31549e-05 0.0296608 0.000952499 7.74817e-08 3.88537e-05 1.12646e-08 0.000130248 0.000458184 
0.00863033 0.000468541 0.00209777 3.75282e-08 0.0427143 0.00285556 0.00399265 0.000408638 0.000692281 7.22995e-06 0.20689 0.509638 0.00921568 0.00742217 2.75315e-06 2.28441e-08 0.117462 9.58176e-07 1.47797e-05 0.0112105 0.00773657 0.0143027 3.18732e-08 0.00222796 0.000152118 0.0396686 0.0121876 
2.36969e-06 0.0331119 0.027093 5.15335e-05 0.110426 0.0239758 5.66734e-05 0.0554178 1.04598e-05 1.24933e-05 0.0487201 0.241589 0.210889 0.0561076 4.01389e-09 2.97773e-09 7.10588e-05 0.00198762 2.01387e-06 1.06667e-05 0.0047738 0.000227545 2.93856e-09 0.0244637 0.160954 2.02803e-06 4.35296e-05 
5.04524e-05 0.150794 3.02992e-06 0.00543262 0.0111704 0.0155393 0.0406527 0.00231873 0.000121163 8.91569e-06 0.0174432 0.331125 0.0566637 0.00287569 5.53189e-06 1.27204e-08 0.043449 0.00171363 0.000208421 0.00166427 0.000915033 0.0355397 3.58481e-05 0.163783 0.0829372 0.016915 0.0186351 
2.32568e-05 0.00535047 0.00142604 0.000960241 0.142876 0.00232125 0.000276657 0.00243103 0.00119675 4.6354e-08 0.356186 0.368944 0.00439571 0.0385768 0.00011009 1.5557e-06 0.0148214 7.95253e-06 0.000267483 4.61509e-07 0.00690417 0.000459216 0.000550159 0.005698 8.40291e-06 0.00305011 0.043157 
0.000264558 0.0145398 0.00383784 0.000965293 0.0684457 0.00244415 0.00035728 0.00556423 4.63819e-05 8.27927e-05 0.100968 0.551105 0.0908539 0.0109623 4.65448e-05 2.42319e-08 0.00382925 0.000786045 0.00912569 0.00173361 0.00487741 0.0382679 0.00225632 0.0431782 3.14689e-05 0.0409687 0.00446204 
0.001082 0.000554269 0.00304626 0.000586143 0.0413326 0.343671 0.0026434 2.2388e-05 0.00168195 2.04652e-05 0.162159 0.347345 0.0199056 0.00580574 6.10621e-05 5.52418e-08 0.02824 2.81186e-05 0.000100708 0.000410156 0.00297516 0.0195887 0.00184839 0.000978726 9.20529e-06 0.000895402 0.0150079 
0.0580464 0.0714687 0.0052064 0.00562635 0.106287 0.00537234 0.0159623 0.0151594 6.51904e-05 1.65824e-08 0.133864 0.201614 0.0392539 0.100123 4.14795e-06 1.14511e-09 0.172453 0.00167263 9.39664e-05 0.000453238 0.00955559 0.0130107 0.00695259 0.00939598 0.000177628 0.0242864 0.00389569 
0.00410448 0.00173236 0.00251233 0.000212229 0.0237202 0.000556783 0.0841882 0.0183373 0.0448428 4.07846e-05 0.0551854 0.429706 0.0186946 0.00139705 5.40333e-05 2.9429e-10 0.0918265 1.42579e-06 0.00116202 0.00157079 0.00123212 0.0152307 0.00078721 0.00127759 0.000516665 0.0018799 0.199231 
0.000408226 0.0509663 0.000180563 0.00236428 0.00185348 0.200574 0.000426439 0.00121623 0.000548046 5.86502e-08 0.0531152 0.411321 0.00246676 0.00902463 4.05746e-07 4.1614e-10 0.0921306 0.000136823 0.011102 7.46757e-09 7.21309e-05 0.00057962 3.37595e-06 0.159234 7.62312e-08 6.40565e-06 0.00226856 
0.00161951 0.10585 0.0870621 0.125952 0.024291 0.0117126 0.00747803 0.10918 2.88182e-05 7.83467e-06 0.0949537 0.175935 0.126644 0.0121375 1.56554e-07 0.000104136 0.0414433 0.00162704 0.000492439 0.00214852 0.00237974 0.0299589 5.39927e-07 0.0173996 0.0109323 8.91053e-05 0.0105716 
0.0362249 0.0183751 0.0112535 0.00649379 0.0454731 0.0127136 0.00849316 0.00940353 0.00207475 2.32303e-05 0.303376 0.376186 0.0215792 0.0140981 8.76849e-06 8.149e-06 0.0613111 0.00298797 0.00112461 0.00723843 0.00362225 0.0161496 0.000181636 0.0118991 6.09669e-05 0.00736871 0.0222704 
0.00183504 0.181359 0.000943906 0.0127932 0.013723 0.00267003 0.0761049 0.00158838 0.00044418 5.48188e-06 0.124165 0.217044 0.101537 0.00946557 0.00029802 1.21549e-05 0.0666411 6.15979e-05 0.0143881 5.45061e-05 0.000737444 0.0383663 0.000120618 0.0954063 0.00163438 0.010048 0.0285517 
0.000644996 0.00114493 0.00105573 0.000431467 0.0651534 0.000470306 0.000219355 0.0101333 0.00032713 6.41478e-05 0.133651 0.708963 0.0278522 0.00455595 7.2189e-05 1.08595e-08 0.00383193 6.53682e-08 0.0155701 0.000330866 0.00123507 0.0151391 4.40921e-05 0.00193142 1.43362e-09 0.00014153 0.00703728 
0.0558006 0.183299 0.00010291 0.000465843 0.0348637 0.00760184 0.0057562 0.00201562 1.95805e-05 2.8834e-06 0.0527389 0.232324 0.0420731 0.0102627 1.4504e-06 1.89294e-07 0.0690161 0.000577758 7.5586e-05 1.56111e-05 0.00758678 0.112014 0.000569876 0.142213 0.0143772 0.019604 0.00662173 
0.000807878 0.166916 0.0168994 0.0020219 0.0667767 0.00438583 0.00744669 0.000198498 8.34129e-05 8.12995e-08 0.191999 0.262007 0.0161005 0.0170055 5.66883e-07 6.14937e-06 0.195497 1.77584e-05 0.00205118 1.80276e-05 0.0130467 0.00698323 1.14648e-05 0.0192363 1.70156e-05 0.00833112 0.00213578 
0.000770765 0.0988079 0.00672516 0.00305229 0.160198 0.0342382 0.000596932 0.00312909 0.00204509 9.44149e-06 0.0798364 0.454788 0.0087525 0.00300542 7.9253e-06 7.99949e-09 0.111976 1.2113e-06 9.73807e-05 0.00340175 0.00531124 0.000714514 2.36634e-07 0.00151005 3.23825e-05 0.00306506 0.017927 
0.000145939 0.0795836 8.76504e-07 6.08753e-05 0.000457714 6.80711e-05 0.177175 0.000716469 0.0012177 1.32121e-06 0.0282899 0.254876 0.167829 8.36357e-08 1.30503e-05 1.77195e-09 0.112157 0.00556064 0.00036873 8.30346e-07 0.000177384 0.0118887 3.14553e-05 0.0161916 8.63665e-06 3.3295e-05 0.143146 
0.0026112 0.00238331 0.00228261 0.00879029 0.073887 0.00492817 0.0204668 0.000536376 0.000750517 1.97978e-07 0.066123 0.539806 0.00494456 0.0476165 6.16479e-07 1.30314e-06 0.186054 6.34183e-06 0.000705099 1.10814e-05 0.015173 0.00575716 4.99619e-06 0.00540967 6.89199e-05 0.00399925 0.00768151 
0.0181341 0.0652987 0.0027234 0.0207967 0.0395457 0.00145133 0.020849 0.00772444 0.000388795 0.000181887 0.0447517 0.348041 0.0292694 0.00978058 4.89162e-05 0.000381295 0.0938531 0.000167699 0.00158862 0.000696598 0.00807591 0.14574 0.00110206 0.0227029 0.00210969 0.0061828 0.108413 
0.000870563 0.00873613 0.0276526 0.000244723 0.0455523 0.00107994 0.015186 0.00209654 0.000694799 4.01645e-08 0.286538 0.381315 0.00795913 0.00271154 4.30324e-05 6.95006e-09 0.0936481 2.45419e-09 2.92834e-05 0.000207473 0.0207416 0.00713445 1.24284e-05 0.000491676 1.4829e-05 0.00147173 0.0955689 
3.57404e-06 0.204823 0.0175379 0.00132507 0.0231305 0.00622312 0.0029538 6.01184e-08 3.73226e-05 4.46222e-11 0.168586 0.364048 0.0394628 0.0134716 2.08395e-07 5.57942e-11 0.0217473 6.49442e-06 0.00121926 0.00218031 0.00222629 0.00185151 0.000269632 0.0181087 1.21326e-08 0.0620388 0.0487487 
0.0190397 0.00293045 0.0103475 0.00811708 0.0782652 0.00402258 0.000819842 0.00142749 3.4942e-05 4.86841e-07 0.274456 0.294964 0.0054759 0.0747247 1.72425e-06 3.777e-07 0.200074 5.36599e-05 0.000326941 1.53818e-06 0.00307316 0.00186107 5.33478e-06 0.0150841 1.00574e-07 0.00390001 0.000992172 
0.000906362 0.0843264 0.0391538 0.0146051 0.0218187 0.000622305 0.0766721 0.000208845 2.56203e-05 8.50384e-05 0.0319469 0.151872 0.131956 0.000502271 0.00208401 2.03888e-07 0.118662 5.85155e-07 0.000177432 0.0456479 0.000517517 0.0635366 2.35673e-07 0.13767 2.40787e-06 0.000272183 0.0767278 
0.00284443 0.0115806 0.0297345 0.00456004 0.0244432 0.0176558 0.0542843 0.0104429 0.001284 1.03355e-05 0.273316 0.274465 0.0322342 0.00245864 3.7861e-05 1.92015e-05 0.0806264 2.86027e-08 0.000134077 0.000288104 0.000652836 0.0929526 9.20396e-09 0.000894035 3.2772e-05 0.0150858 0.0699614 
0.00234952 0.153252 0.00475675 0.0161714 0.00421812 0.0185655 0.000153357 0.0260281 0.000226584 0.000138818 0.164085 0.179809 0.0389144 0.012951 3.71338e-06 3.73997e-09 0.0973104 4.09269e-05 0.0237135 1.70561e-05 0.00413621 0.0989499 0.000272288 0.145827 2.94845e-05 0.000665937 0.00741332 
0.000453576 0.026703 0.00096294 9.05398e-06 0.00701193 0.0182647 0.000941498 3.59417e-05 0.000104576 3.30955e-07 0.265794 0.47901 0.0521446 0.00332392 4.2421e-06 4.60203e-10 0.0446541 2.95802e-07 6.98821e-06 0.000119889 0.000129948 0.00253108 1.16262e-06 0.0908712 1.66423e-06 0.000669256 0.00625063 
0.00289638 0.019795 2.73393e-07 0.020991 0.0315297 0.00590386 2.7338e-07 0.00278725 2.73182e-07 2.73072e-07 0.325911 0.366654 0.0116215 0.0130959 2.72785e-07 2.72967e-07 0.145363 2.7299e-07 0.000300469 2.73053e-07 0.00538584 0.0114827 2.72974e-07 0.018535 2.73395e-07 2.7343e-07 0.0177449 
1.24664e-07 1.60701e-08 2.41124e-08 0.00014417 9.67898e-05 1.42141e-08 1.45883e-07 3.27909e-08 0.000309311 5.2389e-09 0.185087 0.368167 0.0128951 2.89458e-08 1.71028e-08 4.09153e-12 0.17049 3.91616e-12 0.000574734 3.42511e-12 2.5821e-08 0.00139214 0.000112702 0.000211937 5.00545e-09 8.14644e-09 0.260519 
0.179945 0.0118996 0.000622974 0.0126893 0.0731935 0.00500336 0.00708559 0.00832326 9.1101e-05 2.61928e-05 0.139393 0.376045 0.0646884 0.0096188 3.02955e-05 7.66605e-08 0.0416772 0.000490406 0.000446681 0.0025919 0.00798467 0.00833424 1.07513e-05 0.0167675 0.00100438 0.00550043 0.0265366 
0.00175069 0.0125635 0.00564987 0.00158505 0.0557074 0.0230801 0.000475292 0.000297714 9.28529e-05 2.66267e-06 0.245085 0.441141 0.0318523 0.0472726 8.33733e-06 5.03524e-12 0.0175273 1.46396e-09 0.00361302 0.000183924 0.0581085 0.00714408 0.00565928 0.0169603 2.08781e-06 0.0143259 0.00991028 
0.00322456 0.0861667 0.00100867 0.00407126 0.0473216 0.00622881 0.02883 0.00607235 6.24027e-05 4.31134e-05 0.116747 0.407177 0.0869436 0.000517506 1.54562e-05 6.36379e-11 0.125075 0.000234651 0.00141795 0.000860802 0.000347561 0.0111786 1.61479e-06 0.00570316 0.00761447 0.00012242 0.0530132 
0.00258094 0.0618593 0.00321941 0.00630333 0.0217444 0.0120595 0.0173121 0.000656851 0.000290234 2.94725e-05 0.264698 0.281525 0.115031 0.00787622 1.69475e-05 5.73164e-08 0.0736241 0.00064964 0.000378568 0.000337821 0.00434714 0.0100664 4.24503e-05 0.00987191 0.0238447 0.0424353 0.0391992 
0.00297638 0.0295477 0.0386799 0.00051543 0.0974676 0.00372231 0.0078578 0.000138 0.00010929 0.000738335 0.0747531 0.412144 0.0364645 0.0128844 2.16874e-05 8.28229e-08 0.0197808 0.0055632 0.000248217 0.169894 0.0036859 0.0470104 0.000215654 0.0196444 0.00020676 0.00347498 0.0122558 
0.0123735 0.0688489 0.0350199 0.00393579 0.0339136 0.00434411 0.0188536 0.00205474 0.000226161 1.83389e-05 0.166615 0.312898 0.12788 0.0192228 5.07586e-05 3.33562e-08 0.0930796 0.000739927 6.28848e-05 9.48692e-05 0.0235714 0.0299196 7.01826e-05 0.00751341 0.0152392 0.0036495 0.0198036 
0.00367364 3.15238e-05 2.42605e-09 6.18942e-05 0.00437195 0.000101303 0.000310416 0.000705921 8.67822e-05 2.34092e-12 0.466932 0.467331 0.00576707 0.000842095 2.70201e-09 2.92701e-12 0.0352778 3.88037e-09 0.000150288 0.000332745 0.000176665 0.000886385 1.00986e-08 0.00106248 7.71971e-10 8.43207e-06 0.0118899 
0.0400135 0.124135 0.000284325 2.34747e-05 0.0354401 0.00414463 0.101724 0.00173948 2.17496e-05 1.46567e-05 0.033362 0.309605 0.0511221 0.00999142 0.000211787 1.8076e-08 0.0482066 0.00125113 0.000235086 0.00225628 0.0775442 0.0129054 0.0240335 0.00511255 0.0218585 0.00160322 0.09316 
0.00918879 0.0319657 0.00236885 0.0111539 0.0188146 0.00380622 0.0702584 0.0060079 0.000576653 2.85029e-05 0.130124 0.208704 0.151177 0.00462235 0.00102971 0.0015671 0.152157 8.73678e-05 0.000553533 0.00230053 0.00391131 0.0456991 0.000150453 0.0551314 0.00135075 0.00372816 0.083537 
0.0391213 0.121799 0.0195171 0.0252075 0.0659232 0.00688407 0.0222418 0.0124628 0.00450965 8.39145e-05 0.0886219 0.151544 0.0867812 0.0265936 0.000808501 0.000506564 0.117588 0.00335192 0.00459869 0.00144507 0.0125328 0.0520843 0.00333115 0.0600242 0.00566224 0.0162867 0.0504888 
0.000549466 0.0223677 0.00199173 0.000799593 0.012677 0.00763038 0.00989256 0.00110638 4.56504e-05 1.53148e-05 0.295902 0.31178 0.0673363 0.0322088 2.21985e-05 5.17322e-05 0.06702 0.000627606 0.00114079 0.000160862 0.00640152 0.0876693 4.44237e-05 0.013468 0.00720446 0.00310556 0.0487804 
0.00862353 0.0115415 0.00249483 1.45831e-08 0.114343 0.0321122 0.00117252 0.0180385 3.27987e-05 2.47534e-11 0.066386 0.471561 0.015934 0.0297028 3.12875e-06 3.09509e-11 0.117471 1.63437e-05 0.000239235 1.61588e-05 0.00520623 0.00608568 1.75384e-07 0.0818682 2.60967e-06 4.74649e-05 0.0171009 
0.00736438 0.104883 0.0427482 0.00361278 0.0511804 0.00614548 0.0324264 0.00169382 0.000223021 3.03264e-06 0.125298 0.331804 0.06339 0.0574251 7.19991e-06 7.46174e-08 0.0902901 0.000923492 0.00187245 0.000686208 0.0299251 0.0204607 0.000134396 0.00811147 0.000866178 0.00804698 0.0104776 
0.00185443 0.0879462 0.000118809 2.56383e-05 0.0205967 0.00231523 0.146981 0.00111806 3.82317e-05 1.43218e-06 0.0139217 0.405623 0.0529575 0.00137845 0.000109158 1.53873e-07 0.0250099 1.00155e-10 0.000113682 0.00188577 0.0643764 0.0366334 0.0119802 0.00382309 0.000125384 0.000669388 0.120397 
0.00820135 0.0964937 0.00315525 0.00285161 0.0238252 0.024155 0.00549705 0.00109191 7.67356e-05 7.08918e-07 0.186765 0.296072 0.0867141 0.0378191 3.8607e-05 1.40785e-08 0.0629359 0.00981526 0.000155949 0.00010123 0.0104874 0.0197482 6.84185e-05 0.0184349 1.45789e-05 0.00272627 0.102755 
0.000665811 2.387e-05 6.93128e-05 0.000178259 0.0664408 0.00322205 0.000889511 1.31726e-06 0.000618519 1.30364e-07 0.222531 0.566845 0.0716691 0.0151211 1.64005e-08 2.72934e-09 0.0304005 6.58092e-06 1.78257e-07 0.00122718 0.0104005 0.00180199 2.69344e-09 0.000368457 9.43692e-06 0.00260558 0.00490393 
0.00265301 0.0344964 0.0179445 0.00238222 0.028745 0.11791 0.0797749 0.00146673 0.0207121 1.04416e-05 0.146734 0.16416 0.162162 0.00789195 2.19995e-05 2.76545e-06 0.054549 0.0052818 0.000273291 0.00338453 0.00400467 0.00576968 0.000113936 0.00987772 0.00790584 0.0242756 0.0974968 
0.00100641 0.0014051 0.000421597 0.000166076 0.00613592 0.00206363 0.00230112 0.000242631 4.00654e-08 1.00458e-06 0.301254 0.423736 0.020265 0.000793007 3.52322e-05 2.00591e-12 0.133716 8.0486e-09 0.00113675 1.07213e-05 0.00269369 0.00117955 4.08299e-09 0.00426378 1.00782e-05 0.00279206 0.0943707 
0.00612338 0.257697 0.00860859 0.000284071 0.0177157 0.00957039 0.0100139 0.0154246 1.75909e-05 4.46831e-09 0.104928 0.39309 0.0288521 0.0274964 5.74594e-05 5.79513e-11 0.0039955 1.50497e-08 0.00819458 0.000118505 0.00117855 0.0156379 1.27145e-07 0.0787949 0.000130656 0.000453692 0.0116154 
0.000330904 0.0772642 0.0138688 0.0358111 0.0295223 0.0029812 0.00280875 0.0270691 0.000871005 2.50777e-06 0.0296259 0.393257 0.0309971 0.0342253 5.49899e-06 3.19626e-05 0.0481592 1.69015e-05 0.000242028 0.00259777 0.0189966 0.128354 7.89655e-06 0.00990791 0.0200614 0.00182165 0.0911623 
0.0517009 0.00580759 0.0127371 0.00674625 0.0220323 0.00568556 0.00103726 0.000329797 0.000358131 5.37448e-05 0.345721 0.353146 0.0104502 0.00694336 3.14004e-05 1.27072e-10 0.0303578 1.21626e-10 2.10406e-05 0.0108316 0.00188011 0.00919234 0.000543343 0.0170605 1.35339e-05 0.00160775 0.105711 
0.00044664 0.00523837 0.0120349 4.14002e-08 0.0956407 0.000704511 0.0158193 0.00237481 0.000115382 8.60095e-07 0.241995 0.268988 0.0234533 0.00599576 5.37568e-06 1.43405e-10 0.114965 6.27252e-08 0.000712078 6.29508e-05 0.00432774 0.0241099 0.0367401 0.00487683 7.77252e-05 0.000157513 0.141157 
0.0018609 0.00364872 9.42385e-06 0.00268034 0.0077298 0.00535391 3.34421e-05 1.12222e-05 0.000385686 4.33001e-08 0.00719001 0.916226 0.00630921 0.0182335 5.50786e-06 3.97571e-09 0.00544147 0.00035855 5.86871e-06 3.15793e-07 0.000335827 0.00177916 2.76205e-07 0.0223314 4.34187e-08 5.88037e-06 6.30463e-05 
1.6758e-06 0.00818732 0.0131753 0.000133179 0.00476884 8.26414e-05 0.453941 3.15445e-05 3.75637e-05 1.42681e-05 0.000283216 0.494453 0.008539 4.9237e-05 7.52765e-06 6.78478e-08 0.00302768 0.00261671 0.000582822 1.99916e-05 0.00230194 7.03342e-05 0.000148163 0.000334186 0.000427535 0.000182188 0.00658296 
0.000715601 0.00265482 5.03558e-09 1.22934e-07 0.000381519 0.000982315 7.70709e-09 0.00395104 4.50212e-05 1.02237e-07 0.0356018 0.895258 0.00573516 0.00220898 1.31671e-11 9.76808e-12 0.0135412 9.34941e-12 5.04432e-07 2.68852e-08 3.2863e-10 0.0202171 9.63962e-12 0.0131408 8.51205e-06 6.97101e-05 0.00548787 
0.00957952 0.0204495 0.0254742 0.00272208 0.054425 0.00099005 0.0109567 0.0176567 0.000329699 4.30295e-05 0.0774399 0.296265 0.0388459 0.0516491 0.000305075 1.00356e-05 0.250133 0.00100924 0.000361796 1.93105e-05 0.00506756 0.0907682 0.000278359 0.00276863 0.000107796 0.0171763 0.0251679 
0.0364948 0.131108 0.0845701 4.97917e-05 0.00248231 0.0337073 0.020314 0.110545 0.000468365 1.8006e-08 0.0167097 0.218533 0.00951838 0.102274 0.00113854 3.46306e-05 0.0287997 0.000614934 2.78476e-06 0.00747818 1.43154e-06 0.0562475 0.000273664 0.13211 0.000553504 8.07001e-05 0.00588952 
0.00309396 0.0104507 0.00247566 0.000925956 0.029189 0.00537753 0.00310448 0.0466873 0.000271782 3.86742e-05 0.295124 0.475847 0.0567238 0.00252928 1.3045e-05 4.35441e-11 0.0124263 7.0238e-05 0.000650515 0.000581865 0.0013316 0.0177565 0.000154936 0.0225228 5.82978e-05 0.00544203 0.00715285 
0.00103854 0.0163205 2.58112e-05 0.00345608 0.00517869 0.000815012 0.0177561 0.000912656 2.89676e-05 7.93667e-06 0.046655 0.374419 0.106855 0.000723193 1.11514e-07 6.26799e-10 0.0569494 1.63862e-05 0.000132369 0.00140313 0.000343611 0.00622685 5.21465e-07 0.00210312 0.0552281 0.000224082 0.303179 
0.00228804 0.0496648 0.0114375 0.00379701 0.0156752 0.0353216 0.0296015 0.00413836 0.000644472 4.74596e-05 0.082468 0.489208 0.152941 0.00876326 1.30505e-05 3.91263e-06 0.0650439 3.63637e-05 3.54486e-05 0.00209425 0.000902525 0.00519858 0.00091031 0.0226824 0.000191037 0.00473606 0.0121564 
0.00686122 0.00844372 0.00164122 0.00380424 0.0696272 0.00260515 0.00425983 0.207156 0.00158737 2.22251e-08 0.059891 0.267171 0.00388319 0.0207787 1.9561e-06 3.17218e-06 0.0519166 5.76615e-05 0.000479457 5.0638e-05 0.0289164 0.00172785 0.000649444 0.244884 0.00177154 0.00683253 0.00499903 
0.000145496 0.00287712 0.00267545 0.000270265 0.000168582 3.07534e-05 0.0120037 1.76152e-07 8.52519e-06 2.86547e-07 1.99732e-08 0.871282 0.00252736 0.000320945 4.82964e-07 3.5829e-07 0.0183932 0.000402274 6.1828e-06 6.77109e-06 7.56198e-08 9.24235e-05 3.53578e-07 0.0887763 2.96001e-06 4.07618e-08 7.90403e-06 
0.0133765 0.00910844 1.09763e-06 0.000375747 0.0832734 0.0134497 0.000969396 0.0427225 1.77483e-06 3.46439e-09 0.0181882 0.337967 0.229386 0.0094813 1.43983e-07 4.33176e-09 0.224763 1.7763e-05 6.96894e-07 1.01034e-06 0.000198732 0.00146046 3.53003e-06 0.0021668 2.26104e-05 0.000174784 0.012889 
0.00791263 0.0232836 0.00707581 0.0172039 0.0544023 0.00628853 0.0132909 0.0157167 0.00202836 0.000127768 0.201289 0.255421 0.0604735 0.0128598 0.000126487 0.000320117 0.153901 0.000258954 0.00291534 0.00532964 0.00460649 0.0733757 0.000274327 0.0372976 0.00462842 0.0162138 0.0233784 
0.0320477 0.0349778 0.00191601 2.66013e-06 0.00559718 0.000745694 0.022373 0.00152521 0.000732751 2.83081e-07 0.0553192 0.422149 0.0787616 0.15587 0.000362299 6.7103e-10 0.0205803 0.00420594 7.07654e-05 0.0160205 0.00302563 0.00115102 6.08629e-06 0.0146113 1.00182e-05 0.0003031 0.127635 
0.0185967 0.00927912 0.00495718 0.00219292 0.0408038 0.00239261 0.0301339 0.00494887 0.000152976 0.0119923 0.0830368 0.345599 0.0525838 0.0165329 4.362e-05 4.58417e-07 0.212738 0.000337889 0.00312702 0.00119221 0.0264091 0.0354824 0.000729276 0.00470812 0.00154521 0.0153688 0.0751147 
6.16037e-05 0.0375983 0.178362 0.000920666 0.203604 0.104919 0.0100201 0.00148518 3.38453e-05 9.79092e-06 0.132313 0.209478 0.00731723 0.00411914 2.25759e-05 6.6567e-07 0.0317073 0.000225187 1.31663e-05 8.31159e-06 0.0265558 0.00251251 0.00440243 0.0228424 3.55547e-06 0.0199144 0.00155015 
7.82905e-05 0.026841 0.00249002 0.0079673 0.0670043 0.000421635 0.0011254 0.00287711 3.51866e-06 3.4702e-06 0.242684 0.309623 0.0587854 0.0122636 1.63145e-05 2.14641e-06 0.0203762 2.7726e-07 6.42327e-05 9.91888e-08 0.0183375 0.156286 9.92719e-10 0.0616199 5.74805e-08 0.00859338 0.00253529 
0.00436897 0.053168 0.0102771 0.000720651 0.0510479 0.132074 0.0145692 0.0054236 0.0077342 3.9285e-06 0.193664 0.242403 0.0577498 0.014554 1.68297e-05 1.03232e-08 0.107077 0.000235908 0.00216206 0.00136268 0.00920196 0.01301 9.08903e-05 0.0267731 0.00136218 0.0352129 0.0157358 
0.0136887 0.00941054 0.00899482 0.00437205 0.0483459 0.0046753 0.0157496 0.0027354 0.00181788 3.36312e-05 0.134324 0.287786 0.0414038 0.0268189 0.000759955 1.67351e-05 0.141969 0.00451757 0.000155564 0.00254925 0.0651527 0.0456677 0.00280804 0.0144626 8.84317e-05 0.0352934 0.086403 
0.0357791 0.0209523 0.0213426 0.00394088 0.139725 0.00339371 0.0626027 0.00707668 0.00824522 2.70779e-05 0.0619156 0.321988 0.0322614 0.0377585 0.000350853 0.00140986 0.0854034 0.000677688 0.000768132 0.00242347 0.014873 0.0119566 0.000878249 0.0258224 0.0195976 0.0111568 0.0676738 
3.43094e-07 0.104685 0.00480643 0.0239351 0.0313725 9.47602e-09 7.91526e-08 0.162453 1.05254e-08 0.000123617 0.0215696 0.217646 0.0909812 0.00197135 1.03237e-07 0.116882 0.0442105 9.77308e-08 2.85409e-11 5.09099e-06 0.000212502 0.174195 9.32089e-08 0.0024752 0.000150578 1.7653e-07 0.00232477 
0.00509877 0.0887267 8.64386e-05 0.00683271 0.026245 0.0349869 0.0331147 0.00282473 8.72803e-06 1.63961e-05 0.0875204 0.533382 0.0458248 0.0116494 8.56809e-06 2.95394e-08 0.00419915 0.00017105 0.000119293 8.91949e-05 0.00370574 0.0974011 0.00166006 0.0101052 0.000270889 7.44617e-06 0.00594409 
0.00199088 0.00582413 0.00210729 0.00122618 0.00338873 0.00370581 1.18308e-05 0.00070846 8.92142e-09 3.85309e-07 0.0442877 0.591919 0.282257 0.000545166 2.83777e-06 6.67071e-11 0.00947133 2.24839e-05 1.26976e-05 1.18834e-05 2.55705e-05 0.0111679 1.88535e-05 0.0306208 1.43098e-08 0.00883149 0.00184073 
0.131794 0.0206329 7.24494e-06 0.00335275 0.0142984 0.00516748 0.0246648 0.107931 8.76465e-05 4.78308e-06 0.00731593 0.549177 0.00325292 0.0440631 4.91707e-05 4.18691e-08 0.0289157 1.18827e-06 1.92188e-05 0.00185975 0.0008186 0.0500338 0.000109096 0.00252429 1.64131e-06 0.00104827 0.00286967 
0.00120235 0.0355624 0.00116741 0.000287635 0.00230358 0.000671444 0.0947393 0.00114885 9.59827e-05 3.18565e-06 0.00460231 0.557555 0.00467656 0.00111677 1.01376e-06 9.19394e-09 0.11619 5.14142e-05 0.000200739 1.26381e-06 0.000107327 0.0331852 3.01763e-05 0.118897 0.00988061 1.92222e-05 0.0163041 
0.015875 0.0685037 0.017746 0.0179835 0.0157824 0.00689381 0.00811188 0.0211058 0.000505654 1.22366e-06 0.0860438 0.486503 0.00612867 0.0622876 2.95223e-06 0.0002999 0.107408 1.62605e-05 0.000925208 0.00247728 0.00400016 0.0209403 2.28232e-05 0.0493589 6.40675e-05 5.95513e-05 0.000951838 
0.00197751 0.00598957 0.00238436 0.00125297 0.0037682 0.00400217 1.78889e-05 0.000853518 4.18453e-08 7.27533e-07 0.0468863 0.586601 0.278106 0.000593867 2.92541e-06 7.0141e-11 0.0115519 2.48183e-05 1.35955e-05 1.40358e-05 2.61763e-05 0.0108565 2.18757e-05 0.0320759 2.9373e-07 0.0110421 0.00193626 
0.00222226 0.059216 0.00278493 0.00439702 0.0324154 0.00795733 0.115933 0.00128756 0.010769 5.45944e-06 0.0795925 0.25607 0.0619131 0.168409 0.000836744 1.38764e-05 0.128078 0.000215965 0.00140885 0.000123747 0.0144625 0.0311695 0.000504173 0.00770234 0.000420227 0.000828924 0.0112621 
0.000138604 0.0655787 0.00358781 0.000904807 0.000618109 0.13704 0.0205923 0.000213905 8.78458e-06 7.49095e-08 0.207244 0.230181 0.171943 0.000632632 1.36349e-07 2.71377e-07 0.115535 6.38117e-05 0.000445054 9.72513e-08 8.33253e-06 0.0128988 1.00316e-06 0.0288282 5.9528e-06 2.8894e-05 0.00350096 
0.00242207 0.081692 0.0198513 0.00199172 0.0422029 0.0495079 0.0459918 0.0032682 0.000589756 3.34298e-05 0.0800752 0.271775 0.142219 0.0135885 0.000742775 8.36937e-07 0.112314 0.00454392 0.000195073 0.000524667 0.0113546 0.0110578 0.000887214 0.0215709 0.0191268 0.0256694 0.0368031 
5.27261e-05 0.0259859 0.0562882 0.0138014 0.00261589 0.00478739 0.254172 0.000158927 3.44977e-05 0.113792 0.00553995 0.268762 0.0251791 0.00204723 6.36495e-07 6.20085e-05 0.111372 3.40232e-06 0.00193478 0.000259301 0.000468217 0.00651329 1.20037e-05 0.00328059 0.00186722 0.000702736 0.100308 
0.0589599 0.0810255 0.00373886 0.00334282 0.144383 0.0176801 0.0118203 0.00296418 0.000903402 8.18652e-07 0.0548706 0.181748 0.00978798 0.121086 2.5067e-05 1.36315e-09 0.081986 0.00663838 0.00149793 7.29035e-05 0.0490088 0.0829305 0.000802991 0.00264439 3.36932e-05 0.0233807 0.0586678 
0.0153371 0.0199948 0.00641724 0.000468672 0.0868624 0.00117193 0.0188213 0.00269244 0.00445131 4.47791e-08 0.142849 0.198733 0.0209882 0.164513 2.47462e-06 1.42611e-07 0.175396 0.000265645 2.80339e-05 0.000163702 0.0308533 0.0228102 0.00148348 0.0381596 2.30793e-06 0.0241968 0.0233381 
0.000945813 0.0337646 1.16808e-11 0.00167082 0.000630662 0.00815899 2.76807e-06 0.00249854 0.00126129 4.33996e-09 0.0466977 0.821961 0.00133968 0.000721611 5.95919e-09 6.28335e-11 0.0513829 0.000479148 0.0233766 5.6652e-09 1.3789e-06 1.54342e-05 5.96103e-08 0.0050904 6.00503e-08 2.65135e-08 3.06566e-07 
0.000704443 0.0209497 0.0145483 0.00588733 0.0158708 0.00182558 0.190357 0.0183459 0.000300113 2.51527e-06 0.0103218 0.296859 0.229164 0.00104009 5.75422e-06 1.73236e-07 0.0910655 3.96543e-05 3.24651e-05 0.00642334 0.000627862 0.0149883 7.96597e-05 0.00742095 0.000378009 0.0174734 0.0552887 
0.00896106 1.51591e-10 1.78664e-10 3.20583e-10 0.000345427 3.24122e-10 0.00452126 4.72509e-10 1.51652e-07 7.68633e-10 5.3576e-11 0.799147 0.00815655 1.74782e-10 1.2955e-09 9.61074e-10 0.124417 9.19881e-10 9.72622e-07 8.04537e-10 2.89705e-07 0.00437866 9.48435e-10 4.60812e-07 1.75459e-10 1.09339e-10 0.0500718 
0.0143147 0.00338639 4.09349e-05 0.00340652 0.0220147 0.000590023 0.00147266 0.0303355 0.00090667 1.23855e-05 0.117354 0.378537 0.00440687 0.00263011 3.59656e-05 5.49112e-07 0.340392 2.99717e-05 0.000551015 2.40071e-05 0.00720878 0.039715 5.8661e-07 0.013241 1.00067e-05 0.00579885 0.0135828 
0.00115743 0.0985843 0.00143493 0.00518026 0.00281308 0.0128769 0.0456326 0.00174867 0.000489718 8.40094e-06 0.132908 0.294683 0.24775 0.00102007 7.8338e-05 2.34684e-07 0.0505042 0.000233372 0.000305121 0.00250685 0.000211639 0.0535269 0.000179275 0.0077993 0.0206543 0.00192247 0.0157905 
0.00372827 0.00914882 0.0156596 0.000265557 0.0542805 0.00725536 0.00338368 0.121295 0.00379377 6.34408e-06 0.220194 0.240675 0.0964971 0.0250892 1.47359e-05 5.70572e-09 0.0591297 7.31872e-05 0.000262084 0.000262875 0.0109196 0.0152264 0.000490236 0.0794825 4.60871e-05 0.0268904 0.00592929 
0.0165875 0.0301233 0.0437349 0.00322004 0.0799002 0.00782983 0.0037868 0.0142089 0.00134461 1.03621e-06 0.0709205 0.604429 0.00661459 0.0210478 2.73207e-05 1.96769e-07 0.0407814 0.000167358 0.000793897 0.00155572 0.00626735 0.0186355 6.23491e-05 0.00986809 0.00578753 0.00178986 0.0105147 
0.00367364 3.15238e-05 2.42605e-09 6.18942e-05 0.00437195 0.000101303 0.000310416 0.000705921 8.67822e-05 2.34092e-12 0.466932 0.467331 0.00576707 0.000842095 2.70201e-09 2.92701e-12 0.0352778 3.88037e-09 0.000150288 0.000332745 0.000176665 0.000886385 1.00986e-08 0.00106248 7.71971e-10 8.43207e-06 0.0118899 
1.24664e-07 1.60701e-08 2.41124e-08 0.00014417 9.67898e-05 1.42141e-08 1.45883e-07 3.27909e-08 0.000309311 5.2389e-09 0.185087 0.368167 0.0128951 2.89458e-08 1.71028e-08 4.09153e-12 0.17049 3.91616e-12 0.000574734 3.42511e-12 2.5821e-08 0.00139214 0.000112702 0.000211937 5.00545e-09 8.14644e-09 0.260519 
0.0111517 0.0187507 0.000177039 0.00112934 0.0161521 0.00266879 0.0170367 0.00173549 0.000208005 1.28365e-07 0.118441 0.395279 0.0372984 0.00949821 1.09923e-05 4.40021e-06 0.276082 0.000396078 0.012251 2.56064e-05 0.00685581 0.0341725 0.00229602 0.00763311 1.80021e-05 0.0150968 0.0156308 
0.0696504 0.00157708 1.80246e-08 0.000593251 0.127234 0.0275958 0.0152399 0.00207663 0.00333241 1.18554e-10 0.0210092 0.21958 0.0280036 0.0885034 0.000128112 1.48236e-10 0.178661 0.150316 2.60563e-05 1.21687e-07 0.010552 0.0394995 4.22101e-07 0.00929207 1.26699e-07 0.0027586 0.00437068 
0.0003736 0.0966628 0.00237429 0.0266129 0.0106776 0.0071769 0.0406697 0.023521 0.000144226 3.80092e-05 0.0431774 0.278562 0.0644644 0.0033941 4.41433e-07 6.16619e-10 0.157308 0.000131448 0.0114675 0.000142057 0.000264876 0.0137728 1.89091e-07 0.0309618 0.00667703 4.91369e-05 0.181376 
0.012691 0.00996077 0.00336177 0.00927285 0.0662799 0.0771361 0.000840638 0.00485291 3.11007e-07 3.10881e-07 0.314468 0.371879 0.0386329 0.0147224 0.000435088 3.10762e-07 0.0255584 3.10788e-07 0.0107503 3.1086e-07 0.0138501 3.11244e-07 3.1077e-07 0.0119513 3.11249e-07 0.00756467 0.00578997 
0.000108785 0.00199408 0.00218233 0.000462996 0.0040778 0.000199192 0.00152564 1.99712e-07 0.000166457 3.23823e-08 0.292604 0.433997 0.0218371 0.0025975 5.47994e-06 6.83455e-10 0.157255 0.00059863 0.0153976 2.5894e-05 0.00143642 0.00398094 0.00230363 0.00847563 9.84706e-07 2.81205e-05 0.0487381 
0.000115077 0.0222148 2.82482e-08 0.0248486 0.000131624 0.01372 5.0998e-06 0.00160641 0.000739849 1.60571e-06 0.142994 0.6803 0.00520685 0.000911427 1.15534e-08 5.42043e-10 0.0215961 2.21894e-05 0.000826196 1.0794e-08 4.09142e-08 0.0508213 1.10243e-07 0.0274686 6.09691e-05 4.8895e-08 0.00640894 
0.0138593 0.0414801 0.013953 0.0666343 0.0278964 0.0046005 0.0233108 0.00821438 0.00044163 0.000125876 0.173507 0.35785 0.0400532 0.01612 0.000251171 2.91217e-05 0.104465 0.000254441 0.000413108 0.0088868 0.00317379 0.028489 0.00230738 0.0264843 0.000486392 0.00238443 0.0343281 
0.00605173 0.00980121 0.00031037 0.0586029 0.0134986 0.00160709 0.000649332 0.000832123 0.00138127 1.84517e-05 0.0527586 0.31823 0.0166285 0.00600344 5.76277e-05 8.2409e-09 0.241996 0.204978 0.00150748 0.000385198 0.00117041 0.0139391 0.0143075 0.0294621 0.000789894 0.000734555 0.00429906 
0.00141963 0.00324488 0.000739793 0.010126 0.00720006 0.00242136 0.0213182 0.00157041 0.000820383 1.00921e-05 0.109475 0.212536 0.0194748 0.000481368 1.26076e-06 2.25751e-07 0.19981 3.04418e-05 5.9119e-05 3.14837e-10 0.000428285 0.0701596 2.18319e-07 0.146135 3.79376e-06 0.00609408 0.18644 
0.0164871 0.00783892 0.00451207 0.000273336 0.0477839 0.00588207 0.00145573 0.00509532 0.00427371 4.0986e-06 0.255652 0.416197 0.0387234 0.00618184 5.73482e-05 1.97341e-08 0.0952073 0.000193974 0.00143927 7.81117e-05 0.00538777 0.0391458 0.000271887 0.0147923 4.51783e-06 0.0211022 0.0119596 
