1.47228e-06 0.00478764 0.0350135 9.46158e-07 0.000942103 0.00688852 5.98428e-07 0.943834 1.66884e-06 2.26852e-06 0.00117026 8.31357e-05 2.63366e-07 5.15846e-07 0.00229792 2.83649e-06 0.00118913 2.71491e-06 3.1722e-06 2.37449e-06 5.98662e-07 5.37504e-07 2.79918e-06 6.35946e-07 0.000518361 3.227e-07 0.00325187 
8.94857e-10 2.71933e-10 0.970017 5.7508e-10 0.0192211 2.09373e-06 3.4194e-06 8.47614e-10 1.01433e-09 3.22657e-05 1.52821e-06 1.67874e-10 1.60075e-10 3.13534e-10 2.32394e-09 1.72403e-09 7.53511e-07 1.65014e-09 1.92808e-09 8.67377e-07 2.1472e-06 3.26698e-10 1.70136e-09 3.86531e-10 3.14748e-10 1.96139e-10 0.0107184 
3.57128e-11 1.08526e-11 1.27907e-11 2.29509e-11 0.162886 2.32042e-11 1.26304e-07 3.38274e-11 4.04808e-11 5.50272e-11 1.03598e-08 6.69969e-12 6.38843e-12 0.0870864 9.27463e-11 6.88043e-11 7.85453e-08 6.58553e-11 7.69477e-11 5.75976e-11 0.0058078 1.30382e-11 2.37717e-07 1.54261e-11 1.25613e-11 0.744219 1.28263e-08 
0.00417759 1.61559e-07 0.000157732 3.41663e-07 0.122779 3.45435e-07 2.16096e-07 5.03579e-07 0.749494 0.00147699 0.0753113 0.00782183 9.51028e-08 1.86275e-07 0.00119563 3.02467e-05 0.0276269 9.80369e-07 1.1455e-06 0.000927931 0.00165195 0.00130132 0.00335254 0.000976849 1.86996e-07 1.16529e-07 0.00171393 
1.11212e-07 3.96854e-10 4.77038e-08 8.30952e-12 0.0288096 3.44536e-08 5.25562e-12 2.57319e-08 1.2606e-07 1.9923e-11 9.30915e-05 5.28314e-07 2.31298e-12 0.968695 3.35794e-11 2.49111e-11 4.30979e-07 2.38434e-11 2.78595e-11 2.08536e-11 0.00240055 4.72057e-12 2.45835e-11 2.26203e-07 9.5551e-09 3.91131e-08 3.56945e-12 
3.75189e-10 1.14014e-10 0.98814 2.41115e-10 0.000782527 2.46216e-08 1.41841e-06 3.55382e-10 3.4065e-07 1.15678e-06 5.96411e-07 7.03851e-11 6.71151e-11 1.31456e-10 9.74367e-10 7.22839e-10 0.00365245 6.23363e-07 8.08392e-10 0.00610465 1.52561e-10 3.28877e-07 1.99805e-06 1.62062e-10 0.00131286 8.22357e-11 8.8048e-07 
1.08897e-05 0.00923607 6.12944e-06 6.71072e-06 0.0298312 0.0158521 0.00606477 1.48351e-05 3.23358e-09 4.39554e-09 0.0235758 0.34818 5.10304e-10 0.140585 7.40851e-09 5.49604e-09 0.00742138 5.26047e-09 6.14653e-09 4.60086e-09 9.69232e-06 0.297937 6.64506e-06 0.120861 8.60782e-07 1.18385e-07 0.000399636 
1.11212e-07 3.96854e-10 4.77038e-08 8.30952e-12 0.0288096 3.44536e-08 5.25562e-12 2.57319e-08 1.2606e-07 1.9923e-11 9.30915e-05 5.28314e-07 2.31298e-12 0.968695 3.35794e-11 2.49111e-11 4.30979e-07 2.38434e-11 2.78595e-11 2.08536e-11 0.00240055 4.72057e-12 2.45835e-11 2.26203e-07 9.5551e-09 3.91131e-08 3.56945e-12 
2.51202e-08 7.63363e-09 0.692307 3.00486e-06 0.118128 1.63217e-08 1.02105e-08 2.3794e-08 2.8474e-08 2.27303e-05 0.00232659 0.00064496 4.49359e-09 8.80144e-09 6.52372e-08 4.83965e-08 0.00275731 4.63222e-08 9.51774e-06 0.0701358 0.0190834 0.0945369 1.03634e-05 4.19858e-06 5.55222e-06 3.40331e-06 2.06908e-05 
0.00813485 0.00373621 0.0184019 6.49659e-11 0.661315 1.77859e-07 8.31456e-05 1.35796e-05 1.14587e-10 2.40914e-06 0.0128018 0.00542004 1.80834e-11 0.175318 2.62532e-10 1.94761e-10 3.3655e-07 7.71348e-07 0.0159059 0.00772595 0.0343843 3.3622e-07 0.00128485 0.00611048 0.000209877 0.0416979 0.00745285 
0.0201056 0.0061205 0.0812513 4.06504e-07 0.649755 1.73918e-07 9.1257e-08 0.0382561 1.61531e-06 1.3621e-09 0.00613517 0.000807881 1.58134e-10 0.0449726 2.29576e-09 5.5647e-06 0.000279014 2.10205e-06 0.000454279 4.3477e-07 0.141395 3.22736e-10 1.68019e-06 1.21273e-06 0.000109898 0.0103439 4.24095e-07 
0.129386 1.03919e-09 0.870456 2.19767e-09 3.64213e-05 2.22194e-09 3.05936e-06 5.18591e-06 3.10489e-06 5.26917e-09 4.44441e-06 6.41533e-10 6.11728e-10 2.88771e-05 8.88098e-09 6.5884e-09 3.17332e-06 6.30601e-09 7.36818e-09 5.5153e-09 2.61433e-05 4.37092e-06 1.62608e-05 5.91001e-06 1.20281e-09 4.34812e-06 1.61439e-05 
6.92716e-08 0.000108484 0.294235 4.45174e-08 0.0114898 1.20098e-06 0.000865844 6.56145e-08 4.73212e-06 1.06735e-07 1.62667e-05 3.31791e-05 1.23915e-08 0.00209355 1.79898e-07 0.0067551 0.387509 1.27738e-07 3.46642e-06 1.11721e-07 7.95327e-05 2.52899e-08 1.31703e-07 0.296798 2.43649e-08 6.37044e-06 1.91229e-08 
8.5904e-08 5.28644e-08 0.00020876 0.00030818 0.835183 7.09095e-08 0.0132632 6.39572e-12 7.65367e-12 1.49937e-08 0.000346413 0.00041838 1.20786e-12 0.0382421 1.75355e-11 1.30088e-11 3.12674e-08 1.765e-05 1.45484e-11 1.08899e-11 0.111755 0.000138827 1.28377e-11 3.76638e-10 2.37495e-12 2.77939e-08 0.000117665 
2.05277e-10 3.76161e-06 0.0642123 0.00278224 0.175377 4.1174e-05 0.00278696 0.342877 6.28479e-07 3.79873e-07 8.42209e-07 1.35559e-06 3.67207e-11 0.0445799 5.33106e-10 3.95487e-10 0.348116 3.78536e-10 4.42296e-10 3.31071e-10 0.00380237 7.49435e-11 3.90286e-10 6.91708e-07 2.32346e-05 2.63619e-05 0.0153679 
4.59412e-07 1.39608e-07 0.000214068 2.95241e-07 8.07411e-05 2.98501e-07 1.86735e-07 4.35158e-07 5.20748e-07 7.07874e-07 0.998838 8.61853e-08 8.21812e-08 1.60966e-07 1.19309e-06 0.000354926 0.000102691 8.47167e-07 9.89861e-07 0.000371211 1.86808e-07 1.67724e-07 8.73463e-07 1.98442e-07 1.61589e-07 3.03095e-05 1.26824e-07 
0.000695592 0.00167507 0.00741769 1.25422e-09 0.201424 0.00140522 0.000592713 0.0048616 0.00286301 3.00713e-09 0.00614106 0.0116445 3.49115e-10 0.736014 5.0684e-09 3.76002e-09 0.00722218 3.59886e-09 0.000103116 0.000123138 0.00811438 0.000298564 7.34818e-05 0.000346432 2.03938e-06 0.000607087 0.00837551 
1.23252e-08 1.08631e-05 0.0101053 7.92076e-09 0.671866 1.2403e-05 5.00974e-09 1.71297e-05 1.39707e-08 1.89909e-08 0.00469699 0.0195012 2.20476e-09 0.196535 6.312e-06 2.37456e-08 2.10944e-06 2.27279e-08 2.65561e-08 1.9878e-08 0.0105713 0.0272824 2.34333e-08 0.0592815 8.95937e-08 0.000110949 3.40245e-09 
0.0139703 1.08241e-05 2.38542e-06 8.23123e-06 3.57834e-05 7.11219e-06 2.51164e-09 0.96443 7.00421e-09 9.52111e-09 0.00232098 0.00109033 1.10536e-09 0.0123013 1.60475e-08 0.00100038 5.49018e-06 1.31756e-05 1.33139e-08 0.000643771 2.18632e-05 0.00413443 1.17483e-08 2.40103e-06 2.17342e-09 1.5854e-06 1.70582e-09 
2.44787e-06 0.639866 0.00133236 0.00530625 0.0454426 1.59049e-06 9.94971e-07 0.000402767 2.77468e-06 0.000162223 0.0252344 0.000686058 4.37883e-07 8.57667e-07 6.35711e-06 4.71606e-06 0.0447499 4.51392e-06 0.0442547 3.94792e-06 7.78598e-05 0.115789 0.000340899 0.00461781 8.60988e-07 4.19691e-05 0.0716663 
3.76149e-06 0.00022925 0.963936 4.53621e-08 0.0291904 9.11754e-05 2.86907e-08 0.000159071 8.00099e-08 1.08761e-07 2.42915e-05 1.32419e-08 1.26267e-08 2.47314e-08 0.000516206 1.35991e-07 4.24994e-05 1.30162e-07 1.52086e-07 1.13841e-07 0.00562225 2.57698e-08 1.34203e-07 3.04895e-08 1.69014e-05 8.33647e-05 8.35691e-05 
0.108594 2.69893e-06 2.41287e-07 2.91219e-05 0.151813 1.01774e-10 6.36672e-11 0.0761432 1.77549e-10 2.4135e-10 1.08004e-06 0.107134 2.80197e-11 0.0234651 4.06785e-10 3.01776e-10 0.525548 2.88841e-10 3.37493e-10 2.52623e-10 0.00301195 0.00424746 2.97807e-10 1.01495e-06 6.61676e-08 2.03937e-06 7.26015e-06 
0.891787 0.0116414 0.010857 3.15221e-07 0.00930974 3.18702e-07 0.00960991 0.0180272 0.000278551 7.55779e-07 0.00202823 0.00276063 8.77427e-08 0.0107242 1.27384e-06 9.45002e-07 0.00257887 9.04497e-07 0.00348865 7.91082e-07 0.0101522 0.00161185 9.32574e-07 0.00991578 0.000673018 1.07511e-07 0.0045498 
3.75189e-10 1.14014e-10 0.98814 2.41115e-10 0.000782527 2.46216e-08 1.41841e-06 3.55382e-10 3.4065e-07 1.15678e-06 5.96411e-07 7.03851e-11 6.71151e-11 1.31456e-10 9.74367e-10 7.22839e-10 0.00365245 6.23363e-07 8.08392e-10 0.00610465 1.52561e-10 3.28877e-07 1.99805e-06 1.62062e-10 0.00131286 8.22357e-11 8.8048e-07 
0.00243792 0.000109117 0.0689587 0.0493497 0.075642 2.88954e-07 0.000225463 0.0322508 0.000246852 6.85235e-07 0.00219895 0.000298299 7.95529e-08 0.000288429 1.15494e-06 8.56797e-07 0.0197612 8.20073e-07 9.58204e-07 0.000401306 0.0501134 0.0189038 8.22423e-06 0.662272 0.000256004 0.0162726 1.22768e-07 
0.000125375 0.0019734 0.53432 1.49835e-06 0.0127767 0.000518069 2.46616e-05 1.93674e-07 2.31767e-07 0.00014682 0.00243036 6.05967e-05 3.6576e-08 0.00128114 1.94702e-05 3.93928e-07 0.000986331 3.77044e-07 3.2128e-05 0.336003 0.0025354 2.19502e-05 0.000476207 0.0997351 0.000555219 4.48163e-08 0.00597542 
0.00785226 0.0272947 0.00332952 1.21386e-07 0.000642168 0.00105843 6.04841e-06 0.942586 3.78262e-06 2.91036e-07 0.00165429 0.00898338 3.3788e-08 0.00031435 4.90529e-07 2.03874e-06 0.0004326 1.85537e-06 8.69771e-05 3.0463e-07 2.22959e-05 0.00414775 3.59116e-07 0.00157003 1.63514e-06 4.14002e-08 8.03808e-06 
0.00145438 0.000195931 5.14486e-06 1.28746e-09 0.823061 1.30167e-09 8.14293e-10 0.000125504 2.27082e-09 3.08682e-09 0.000197825 0.000111278 3.58367e-10 0.0241656 2.14614e-06 1.23734e-07 1.98907e-05 3.7944e-08 0.127778 2.76562e-08 0.0208978 5.32828e-08 1.77553e-05 4.53914e-08 7.04639e-10 0.00196732 7.06783e-08 
0.00127123 0.978599 7.46082e-07 2.71162e-10 8.64857e-05 2.74155e-10 4.8043e-09 0.006058 2.65231e-07 6.5014e-10 0.000758525 0.00138812 7.54785e-11 0.00027494 1.09579e-09 6.83123e-08 0.00332683 7.06943e-07 9.09128e-10 6.80509e-10 0.000129681 0.00077537 2.66745e-07 0.0071107 1.4841e-10 9.24833e-11 0.000218984 
0.0413478 0.0963505 0.00165364 0.0450806 0.0178627 5.48125e-05 0.00675654 0.076433 3.93607e-10 4.29585e-07 1.44708e-06 0.0407998 6.21166e-11 0.0086507 9.01799e-10 3.03891e-07 0.0442617 1.03139e-07 8.35483e-07 5.60039e-10 1.69853e-06 0.536393 9.5178e-07 0.0591551 1.22137e-10 0.000720602 0.0244737 
6.21948e-10 6.23888e-07 0.907044 7.19853e-07 0.0853208 4.04107e-10 2.528e-10 6.71646e-06 1.04344e-05 0.00328349 0.00182158 1.16677e-10 1.11256e-10 2.17914e-10 1.6152e-09 1.19824e-09 7.16053e-07 1.14689e-09 2.27945e-06 7.02254e-06 1.6188e-06 2.27063e-10 2.4844e-06 1.07486e-06 1.33464e-06 8.18066e-07 0.00249461 
2.84955e-06 0.000508078 0.00210438 5.35328e-11 0.0215607 1.82368e-07 0.000170896 0.887639 0.000319385 1.28351e-10 0.0112769 0.000761904 1.4901e-11 0.0025342 4.30742e-07 1.63445e-08 0.039886 1.53607e-10 5.10741e-05 3.05786e-05 0.0133145 0.000167799 0.000385679 6.06532e-08 6.80434e-05 0.0192046 1.3094e-05 
1.27183e-08 0.484385 0.514004 8.17341e-09 6.20644e-05 8.26364e-09 2.63697e-05 1.20468e-08 2.30805e-05 1.95967e-08 8.0592e-05 0.000164394 2.27509e-09 3.47624e-05 3.30294e-08 2.4503e-08 0.000111226 2.34528e-08 1.64693e-05 2.0512e-08 0.000394077 4.64324e-09 2.41808e-08 0.000666382 4.4734e-09 3.15033e-05 3.51098e-09 
3.75189e-10 1.14014e-10 0.98814 2.41115e-10 0.000782527 2.46216e-08 1.41841e-06 3.55382e-10 3.4065e-07 1.15678e-06 5.96411e-07 7.03851e-11 6.71151e-11 1.31456e-10 9.74367e-10 7.22839e-10 0.00365245 6.23363e-07 8.08392e-10 0.00610465 1.52561e-10 3.28877e-07 1.99805e-06 1.62062e-10 0.00131286 8.22357e-11 8.8048e-07 
0.000263002 0.000823909 0.838025 0.0877372 0.000614331 0.000682195 0.000785946 0.00136721 0.000347669 1.05897e-06 0.0289032 1.28931e-07 1.22941e-07 0.0192324 0.00159344 1.3241e-06 0.000905242 1.26734e-06 0.00108476 0.00825076 0.00777764 2.50912e-07 1.30668e-06 0.000661247 0.000323164 1.50639e-07 0.000615705 
5.12265e-09 2.64794e-06 0.999855 3.29207e-09 1.67143e-06 3.32842e-09 8.74722e-06 4.85221e-09 6.97368e-06 5.53308e-06 4.73202e-06 2.69177e-06 9.16357e-10 1.79484e-09 1.33035e-08 9.86929e-09 5.01761e-06 9.44628e-09 0.000102659 8.26181e-09 2.08299e-09 1.8702e-09 9.7395e-09 2.21272e-09 3.78555e-06 1.12281e-09 1.41415e-09 
7.81034e-07 0.00171229 0.98201 0.000251065 0.000821014 5.07473e-07 0.00792409 7.398e-07 0.00196583 1.20344e-06 0.000628193 1.46521e-07 1.39714e-07 0.000273593 2.02835e-06 1.50474e-06 0.000615197 1.44024e-06 1.68283e-06 1.25965e-06 8.67926e-05 0.00196719 1.48495e-06 0.000321849 2.74713e-07 1.71191e-07 0.00140921 
0.00792832 0.984644 0.00279389 8.37353e-05 4.95219e-06 1.44806e-09 2.72569e-05 0.00147778 1.88198e-07 3.43398e-09 3.86919e-05 6.32474e-05 3.98671e-10 0.00186992 5.78784e-09 4.29374e-09 0.000205447 2.30998e-07 4.80193e-09 3.59439e-09 4.98793e-07 0.000117436 4.23727e-09 0.000223172 7.83887e-10 4.88489e-10 0.000521023 
7.71135e-06 4.84157e-07 4.47282e-06 5.39145e-07 0.999808 5.4455e-10 1.90802e-06 7.93852e-10 1.42508e-05 1.29136e-09 2.79126e-07 1.57226e-10 1.49922e-10 4.8599e-05 6.09649e-06 1.61468e-09 3.8893e-07 1.54547e-09 1.80579e-09 1.35169e-09 9.06847e-05 3.05976e-10 1.38646e-05 3.62015e-10 2.94784e-10 2.64544e-06 2.31363e-10 
3.72523e-06 6.57436e-06 0.157359 2.4268e-06 0.0750705 1.40569e-05 2.07392e-10 0.0943354 0.0246223 7.86181e-10 0.0564191 1.60818e-06 9.12723e-11 0.0507917 1.32508e-09 9.83016e-10 0.282165 4.51717e-06 1.09936e-09 5.26741e-06 0.0214166 5.77649e-07 9.79788e-08 0.23778 3.05268e-07 1.11835e-10 7.04408e-07 
0.000289264 3.21485e-05 0.00561319 3.49546e-06 0.405519 1.12752e-08 2.02799e-07 0.501863 6.98431e-06 2.67384e-08 0.0394402 2.74577e-06 3.10422e-09 0.00111741 0.000190693 3.34329e-08 0.00116096 6.45052e-06 1.4686e-06 0.00250135 0.00978597 6.33542e-09 0.000365311 3.78955e-05 2.51422e-07 0.0313174 0.00074414 
9.6978e-07 0.0397478 0.863874 6.2323e-07 6.1887e-05 0.0686173 1.34661e-05 9.18582e-07 0.000913346 1.21508e-05 5.60083e-06 5.31268e-06 1.73478e-07 0.000964983 2.51852e-06 1.86838e-06 0.0215911 7.52739e-06 2.08951e-06 0.000499031 3.94335e-07 3.38401e-06 2.0253e-05 0.000614722 0.00115939 2.41909e-05 0.00185487 
1.15095e-05 0.00888582 0.00569425 3.39838e-06 0.442524 0.00187106 6.99652e-05 0.00940642 2.2714e-05 2.06632e-08 0.00150987 0.00713205 2.39892e-09 0.488494 1.30909e-06 2.58367e-08 0.0319306 0.000241821 0.000379979 2.16285e-08 0.000584281 5.09968e-06 2.54969e-08 0.00122402 2.62895e-08 1.05152e-06 6.52859e-06 
1.80254e-06 0.00215246 0.88856 1.15841e-06 9.38781e-05 0.0022456 8.55194e-05 1.70738e-06 2.0432e-06 0.000121192 0.106104 3.38156e-07 3.22445e-07 6.31563e-07 4.68121e-06 3.47278e-06 6.63291e-05 3.32393e-06 0.000240435 2.90714e-06 0.000139124 6.5808e-07 3.42711e-06 7.78604e-07 6.34008e-07 5.20784e-06 0.000158097 
2.43138e-10 0.00165696 0.00400453 2.43806e-06 0.167009 1.57978e-10 0.000143102 0.667622 0.000248272 3.74633e-10 0.00638803 0.00304871 4.34934e-11 0.0728952 1.22828e-07 4.6843e-10 0.057206 0.000318029 7.48331e-05 1.55695e-08 0.000653726 0.00461707 4.12095e-06 0.0141083 1.32474e-08 8.61744e-08 6.71201e-11 
0.983201 0.011699 0.00180944 2.31587e-06 0.000343494 2.34144e-06 1.46474e-06 0.000800406 4.08474e-06 5.55255e-06 2.2979e-05 6.76036e-07 6.44628e-07 1.26261e-06 9.35861e-06 6.94274e-06 0.000788112 6.64516e-06 7.76445e-06 5.81192e-06 0.000429139 1.31562e-06 6.85143e-06 1.55658e-06 0.000839583 7.89858e-07 9.94806e-07 
0.0045629 0.69995 0.000558223 4.28539e-06 2.04224e-07 0.00239988 2.53708e-09 0.16653 0.007369 9.61755e-09 2.55756e-06 2.76858e-06 1.11656e-09 2.18696e-09 1.621e-08 1.20255e-08 2.42393e-06 0.0383794 1.34488e-08 1.00668e-08 1.02194e-06 2.27879e-09 1.18673e-08 0.0800273 1.32487e-06 1.36811e-09 0.000207833 
2.43138e-10 0.00165696 0.00400453 2.43806e-06 0.167009 1.57978e-10 0.000143102 0.667622 0.000248272 3.74633e-10 0.00638803 0.00304871 4.34934e-11 0.0728952 1.22828e-07 4.6843e-10 0.057206 0.000318029 7.48331e-05 1.55695e-08 0.000653726 0.00461707 4.12095e-06 0.0141083 1.32474e-08 8.61744e-08 6.71201e-11 
3.66363e-09 1.39416e-11 1.57129e-09 2.13121e-12 0.000841725 2.15474e-12 1.34795e-12 3.14121e-12 4.15276e-09 5.10983e-12 1.97641e-05 0.000109878 5.93229e-13 0.996319 8.61241e-12 6.38916e-12 0.00021184 6.11532e-12 7.14536e-12 5.34851e-12 0.0024952 1.21072e-12 6.30514e-12 1.98169e-11 3.1554e-10 3.05689e-06 9.15487e-13 
0.000287196 0.0422743 0.101262 9.61493e-06 0.0183113 0.00236653 0.0435786 0.00269152 0.00427075 0.0011204 0.0270954 0.00941652 2.18548e-08 0.726355 8.37756e-05 7.86899e-06 0.000217157 2.2529e-07 5.0384e-06 0.00236699 0.00158777 0.00602573 0.000927307 0.00896599 0.000178279 0.000526162 6.77255e-05 
1.54633e-06 0.0404912 0.277744 1.79784e-06 0.0551467 0.109051 2.99157e-10 0.0651822 0.324342 3.28986e-06 0.0303307 2.92727e-06 1.31658e-10 1.3412e-06 1.91138e-09 1.41797e-09 0.0870103 1.35719e-09 1.22122e-05 1.18702e-09 0.0106708 2.04239e-06 4.21198e-07 3.17912e-10 2.58872e-10 1.61319e-10 4.89679e-06 
0.00792832 0.984644 0.00279389 8.37353e-05 4.95219e-06 1.44806e-09 2.72569e-05 0.00147778 1.88198e-07 3.43398e-09 3.86919e-05 6.32474e-05 3.98671e-10 0.00186992 5.78784e-09 4.29374e-09 0.000205447 2.30998e-07 4.80193e-09 3.59439e-09 4.98793e-07 0.000117436 4.23727e-09 0.000223172 7.83887e-10 4.88489e-10 0.000521023 
3.66363e-09 1.39416e-11 1.57129e-09 2.13121e-12 0.000841725 2.15474e-12 1.34795e-12 3.14121e-12 4.15276e-09 5.10983e-12 1.97641e-05 0.000109878 5.93229e-13 0.996319 8.61241e-12 6.38916e-12 0.00021184 6.11532e-12 7.14536e-12 5.34851e-12 0.0024952 1.21072e-12 6.30514e-12 1.98169e-11 3.1554e-10 3.05689e-06 9.15487e-13 
0.00127123 0.978599 7.46082e-07 2.71162e-10 8.64857e-05 2.74155e-10 4.8043e-09 0.006058 2.65231e-07 6.5014e-10 0.000758525 0.00138812 7.54785e-11 0.00027494 1.09579e-09 6.83123e-08 0.00332683 7.06943e-07 9.09128e-10 6.80509e-10 0.000129681 0.00077537 2.66745e-07 0.0071107 1.4841e-10 9.24833e-11 0.000218984 
2.84955e-06 0.000508078 0.00210438 5.35328e-11 0.0215607 1.82368e-07 0.000170896 0.887639 0.000319385 1.28351e-10 0.0112769 0.000761904 1.4901e-11 0.0025342 4.30742e-07 1.63445e-08 0.039886 1.53607e-10 5.10741e-05 3.05786e-05 0.0133145 0.000167799 0.000385679 6.06532e-08 6.80434e-05 0.0192046 1.3094e-05 
1.31681e-10 1.32092e-07 0.902744 5.93223e-08 0.0899479 5.21998e-07 0.00170535 2.12052e-06 1.50754e-08 6.69765e-07 3.09736e-07 1.1366e-07 2.35556e-11 4.61375e-11 8.21083e-07 2.53697e-10 0.00559023 2.42823e-10 2.83723e-10 6.30775e-06 4.81955e-07 4.80746e-11 5.26008e-07 5.68793e-11 1.5289e-07 2.88625e-11 3.74457e-07 
7.16722e-05 3.08373e-05 0.308584 2.9115e-06 0.411544 2.14083e-06 7.25031e-10 0.0435697 2.02189e-09 2.74845e-09 0.00361901 0.0214736 3.19083e-10 2.02194e-05 4.6324e-09 0.000892978 0.0505434 1.17542e-05 3.84331e-09 0.0111548 0.103715 2.90157e-06 1.1387e-05 0.0234806 6.27397e-10 0.00681963 0.0144489 
3.49581e-09 8.60587e-06 0.562287 2.24658e-09 0.437603 2.27139e-09 1.42092e-09 3.31126e-09 3.96253e-09 5.39184e-06 1.95614e-05 6.55811e-10 6.25343e-10 4.28816e-06 9.08771e-06 6.73503e-09 1.21331e-05 6.44636e-09 7.53216e-09 5.63805e-09 3.5112e-05 5.36158e-06 6.64646e-09 1.51001e-09 1.72265e-06 5.44099e-06 2.7031e-06 
9.75726e-09 0.00244351 0.0460549 6.27051e-09 0.158384 4.90421e-06 0.00441392 0.0062942 4.39286e-06 3.93271e-05 0.0111593 1.83045e-09 1.74541e-09 0.00516909 5.27301e-07 1.45419e-05 0.724258 1.79926e-08 2.10232e-08 1.57365e-08 0.00622955 5.84668e-06 0.00245626 0.0270101 5.14743e-05 2.13864e-09 0.00600519 
4.38415e-11 0.00132687 0.969703 3.03177e-07 0.0238466 0.000364461 4.06238e-07 6.81993e-08 4.96947e-11 6.75521e-11 1.10513e-06 8.22463e-12 7.84252e-12 0.00134077 1.13856e-10 8.4465e-11 1.12572e-06 8.08447e-11 9.4841e-08 7.07076e-11 2.9277e-08 6.27582e-07 8.33542e-11 1.77874e-07 1.54204e-11 0.00341401 2.42797e-07 
1.99152e-07 6.05191e-08 0.000228319 1.27985e-07 3.00042e-05 0.000245986 0.981739 0.00020769 2.2574e-07 3.06858e-07 0.00013691 3.73607e-08 3.56249e-08 0.000286157 0.0160854 3.83686e-07 3.0829e-05 3.6724e-07 0.000300797 3.21192e-07 8.09798e-08 7.27071e-08 3.7864e-07 8.60231e-08 7.00476e-08 9.60764e-05 0.000610303 
0.0030981 0.00144628 0.877595 9.73758e-07 0.000199895 0.00289488 0.00142864 1.43523e-06 1.71752e-06 8.20652e-05 0.0442204 0.000154912 2.71048e-07 0.0589195 3.93503e-06 2.91923e-06 0.000252957 2.7941e-06 0.00325955 4.58361e-06 5.9213e-06 5.53183e-07 2.88083e-06 0.00613201 5.32949e-07 0.000270244 1.69616e-05 
1.79815e-09 6.61498e-07 0.993682 1.15558e-09 0.00168451 1.03661e-07 1.30783e-06 3.01274e-06 3.15597e-07 1.06836e-06 5.49823e-07 3.17243e-08 3.21659e-10 6.30023e-10 4.6698e-09 3.46431e-09 0.00121895 0.000148336 3.87434e-09 0.00204073 6.81047e-07 0.000776327 1.84421e-06 7.76706e-10 0.000438887 3.94127e-10 8.11873e-07 
7.63349e-09 5.46142e-05 0.00113214 4.90566e-09 0.664093 0.00058458 3.39127e-07 7.23049e-09 3.02192e-05 1.17619e-08 3.35294e-07 1.43203e-09 1.3655e-09 0.00986217 1.98242e-08 1.46713e-06 1.30836e-07 3.39712e-06 1.64473e-08 3.95864e-07 4.52509e-06 2.78686e-09 5.80572e-06 3.29727e-09 3.71496e-06 0.324223 2.10728e-09 
2.27063e-05 0.903726 1.27048e-09 3.23736e-05 2.37629e-05 1.75191e-05 5.91302e-06 2.58754e-05 4.02088e-09 5.46575e-09 0.0505273 1.76356e-05 6.34551e-10 1.069e-05 9.21231e-09 6.8342e-09 0.0455741 6.54128e-09 5.35779e-06 5.72106e-09 1.44241e-09 4.92251e-06 6.74432e-09 6.1305e-06 1.24769e-09 7.77511e-10 9.79255e-10 
3.75189e-10 1.14014e-10 0.98814 2.41115e-10 0.000782527 2.46216e-08 1.41841e-06 3.55382e-10 3.4065e-07 1.15678e-06 5.96411e-07 7.03851e-11 6.71151e-11 1.31456e-10 9.74367e-10 7.22839e-10 0.00365245 6.23363e-07 8.08392e-10 0.00610465 1.52561e-10 3.28877e-07 1.99805e-06 1.62062e-10 0.00131286 8.22357e-11 8.8048e-07 
0.00118429 0.0109755 0.726879 0.00193553 0.0357531 0.000107052 0.00510886 0.0249458 8.10016e-05 2.95388e-07 0.0168885 0.0211507 3.42933e-08 0.0919009 4.97865e-07 5.02004e-05 0.00757615 3.53513e-07 6.45224e-05 0.0166202 7.30953e-05 0.00782272 0.00373227 1.3837e-05 4.47395e-06 2.21242e-05 0.0271094 
6.87901e-07 0.0164421 0.819873 0.00171798 0.0623654 0.000883411 0.00254809 6.51584e-07 7.79742e-07 1.05994e-06 0.0075401 0.00198862 1.23054e-07 0.0480315 1.88813e-05 1.32531e-06 0.00286804 0.000389692 0.00346629 0.000139121 2.79717e-07 0.00220801 0.019409 0.000489455 2.41955e-07 0.000124259 0.00949149 
0.000382441 5.25678e-06 0.260615 0.000124288 0.364958 2.06988e-07 0.00206461 0.00028358 0.00125387 4.90857e-07 0.0224432 5.9763e-08 5.69864e-08 0.199545 8.2732e-07 6.13752e-07 7.46358e-05 5.87446e-07 6.86393e-07 5.13786e-07 9.484e-06 1.16304e-07 6.0568e-07 1.37604e-07 1.1205e-07 0.148035 0.000200703 
3.82174e-07 1.26386e-11 1.43301e-09 4.1984e-10 0.00209204 3.27753e-09 7.15912e-08 2.6252e-12 3.78725e-09 4.27043e-12 0.000279452 0.00022504 4.95779e-13 0.989318 1.0566e-08 5.3396e-12 0.000210518 5.11074e-12 5.97158e-12 4.4699e-12 0.00787211 1.01184e-12 8.72004e-08 1.79648e-11 8.78749e-07 1.22368e-06 7.65098e-13 
0.0233282 0.0311324 0.147394 0.00351897 0.0706695 0.00530737 2.46496e-07 0.000616919 3.05652e-05 2.63255e-05 0.00473339 0.00762277 1.08482e-07 0.000180118 1.57492e-06 1.16837e-06 0.00245925 9.15256e-05 1.30665e-06 0.000323271 0.000132079 1.7543e-05 1.153e-06 0.701955 2.13303e-07 3.31001e-05 0.000422177 
1.50526e-06 4.57425e-07 0.930457 9.67356e-07 2.36732e-05 9.78035e-07 6.11835e-07 0.000239344 1.70623e-06 2.31934e-06 0.00144332 2.82385e-07 2.69266e-07 0.0672579 3.90916e-06 2.90003e-06 3.06363e-05 4.44892e-05 3.24327e-06 0.000111877 0.000110568 5.49546e-07 2.86189e-06 0.000235257 2.24784e-05 3.2993e-07 4.15538e-07 
0.000340165 6.78371e-05 0.00990517 3.42856e-07 0.129655 1.49869e-10 0.000490563 0.794497 0.000970518 3.55404e-10 0.00458281 0.000555881 4.12609e-11 0.0130013 5.99019e-10 3.43308e-08 0.043278 1.1946e-06 0.000911163 5.02836e-07 0.000145276 5.85521e-07 5.35491e-07 0.0015957 8.11292e-11 1.49289e-08 6.36748e-11 
1.24265e-05 1.24287e-06 0.000102804 7.61535e-06 2.63726e-05 1.93353e-08 1.20957e-08 2.81872e-08 0.000768583 4.58523e-08 3.89425e-07 0.000173233 5.32326e-09 0.527332 7.72822e-08 5.73322e-08 1.91849e-06 5.48749e-08 6.41178e-08 9.21556e-06 0.00732692 5.58922e-06 0.464226 1.2854e-08 9.8973e-07 3.94765e-06 8.21499e-09 
5.83944e-07 2.19063e-05 0.996246 0.000138232 0.000504775 3.79415e-07 7.19279e-05 0.000167618 6.61905e-07 8.99755e-07 9.27288e-05 1.09547e-07 1.04458e-07 0.000187267 1.5165e-06 1.12503e-06 0.000133599 1.07681e-06 0.00127488 0.000446851 0.000374337 2.13188e-07 1.11023e-06 2.52233e-07 4.54754e-05 0.000171481 0.000114648 
0.0132244 0.00129185 0.536645 0.000277584 0.0203987 0.000296628 0.000463001 0.000417925 0.000755323 2.6876e-07 0.0119485 0.00387652 3.12019e-08 0.033076 9.87289e-06 1.78066e-05 0.00202472 1.97642e-06 3.75822e-07 0.000264668 9.26956e-06 1.42218e-05 4.78549e-06 0.367475 0.00034371 8.88954e-07 0.00716033 
2.23841e-10 7.27899e-07 0.996008 1.43851e-10 0.000372554 1.04731e-06 9.09833e-11 1.42077e-06 5.83821e-07 9.66065e-07 1.77923e-07 1.26397e-08 4.00414e-11 7.84278e-11 3.4937e-07 4.31252e-10 0.000578716 4.12767e-10 1.4517e-07 2.45523e-06 9.10189e-11 8.17207e-11 1.281e-07 9.66875e-11 0.000362605 4.90624e-11 0.00267028 
1.11426e-10 1.82714e-07 3.9908e-11 2.55996e-07 0.45466 3.79131e-07 4.52909e-11 3.54633e-06 1.26303e-10 1.71689e-10 8.75025e-07 1.17488e-06 1.99323e-11 0.502685 2.89375e-10 2.14674e-10 4.85352e-06 2.05473e-10 0.0103799 1.79708e-10 0.0142012 1.14369e-06 2.11851e-10 0.000393278 3.9192e-11 0.0176688 3.07601e-11 
4.08421e-07 1.24113e-07 0.000419584 2.62472e-07 0.00100743 2.6537e-07 1.66009e-07 3.86859e-07 4.62949e-07 6.29305e-07 8.62906e-05 0.000235468 7.30597e-08 1.431e-07 1.06067e-06 7.86864e-07 0.00044273 7.53137e-07 0.997712 6.58701e-07 8.86029e-05 1.49108e-07 7.76515e-07 1.76416e-07 1.43654e-07 8.95196e-08 1.12748e-07 
1.24265e-05 1.24287e-06 0.000102804 7.61535e-06 2.63726e-05 1.93353e-08 1.20957e-08 2.81872e-08 0.000768583 4.58523e-08 3.89425e-07 0.000173233 5.32326e-09 0.527332 7.72822e-08 5.73322e-08 1.91849e-06 5.48749e-08 6.41178e-08 9.21556e-06 0.00732692 5.58922e-06 0.464226 1.2854e-08 9.8973e-07 3.94765e-06 8.21499e-09 
4.79964e-06 0.0800966 0.148608 0.68861 0.0199724 3.11854e-06 0.000127838 0.000982418 5.44043e-06 7.3954e-06 0.000174223 0.000792809 8.58575e-07 0.000186559 1.24647e-05 9.24698e-06 0.0218231 8.85064e-06 0.000430503 7.74085e-06 1.95164e-06 0.034665 9.12537e-06 0.000688994 1.68817e-06 0.00228649 0.00048265 
0.000702029 0.000121754 0.785378 1.18211e-07 0.00259626 0.0088957 7.47661e-08 0.000216206 2.085e-07 2.25958e-05 8.20587e-05 0.00507213 3.29043e-08 0.195679 4.77699e-07 3.54384e-07 4.59024e-05 3.39194e-07 3.96327e-07 2.96662e-07 7.47953e-08 6.71544e-08 3.49723e-07 0.00055208 0.000302651 6.50612e-05 0.0002662 
3.66363e-09 1.39416e-11 1.57129e-09 2.13121e-12 0.000841725 2.15474e-12 1.34795e-12 3.14121e-12 4.15276e-09 5.10983e-12 1.97641e-05 0.000109878 5.93229e-13 0.996319 8.61241e-12 6.38916e-12 0.00021184 6.11532e-12 7.14536e-12 5.34851e-12 0.0024952 1.21072e-12 6.30514e-12 1.98169e-11 3.1554e-10 3.05689e-06 9.15487e-13 
2.17249e-09 0.670077 0.0853035 1.39615e-09 0.00371835 1.41156e-09 0.000211039 2.05779e-09 6.06555e-05 3.34742e-09 0.042787 0.017423 3.88622e-10 0.000422349 5.64195e-09 4.18551e-09 0.00871341 4.00611e-09 0.000296782 3.50378e-09 0.0461837 7.9314e-10 4.13047e-09 0.124251 7.64128e-10 0.000552086 1.19468e-07 
0.00721648 0.00996377 0.00420536 0.000486837 5.23571e-08 8.59334e-07 1.25416e-06 0.000694659 5.07723e-06 5.41301e-10 0.0131981 0.137375 6.28428e-11 0.483986 1.4858e-06 2.75461e-06 0.0780391 1.32442e-07 2.32153e-06 0.000322268 1.42849e-10 1.28256e-10 7.02743e-07 0.26288 2.39666e-06 7.70009e-11 0.00161498 
0.00381675 0.0283747 0.170962 7.28478e-07 0.255254 0.0320805 0.00017019 0.0569605 0.00531825 6.50892e-07 0.142455 2.30276e-10 2.19577e-10 0.000454222 3.18779e-09 2.36488e-09 7.78617e-07 2.26352e-09 0.00232669 0.000867752 0.281421 8.53197e-07 2.33378e-09 0.00466008 2.52414e-07 0.00017121 0.0147048 
9.68027e-06 0.00344088 0.224666 0.0072212 0.389535 7.08291e-11 1.63987e-07 0.037107 1.23564e-10 3.86491e-07 2.11922e-07 1.01231e-06 1.95002e-11 0.043167 2.83101e-10 2.73236e-07 0.0287601 2.01018e-10 7.51842e-07 1.01989e-06 0.029517 3.29531e-06 2.07258e-10 1.86469e-06 1.03562e-07 0.22337 0.013197 
2.84955e-06 0.000508078 0.00210438 5.35328e-11 0.0215607 1.82368e-07 0.000170896 0.887639 0.000319385 1.28351e-10 0.0112769 0.000761904 1.4901e-11 0.0025342 4.30742e-07 1.63445e-08 0.039886 1.53607e-10 5.10741e-05 3.05786e-05 0.0133145 0.000167799 0.000385679 6.06532e-08 6.80434e-05 0.0192046 1.3094e-05 
0.00023631 8.97618e-05 0.167341 1.18635e-08 0.799046 1.19944e-08 7.50342e-09 0.000124165 2.09248e-08 2.8444e-08 3.07327e-05 6.02618e-05 3.30223e-09 0.000297533 4.79412e-08 3.55654e-08 4.44351e-06 3.4041e-08 3.97748e-08 3.00703e-06 0.0327217 6.80692e-07 3.50977e-08 7.97384e-09 6.49301e-09 4.32984e-05 5.09608e-09 
5.35986e-10 1.46606e-06 0.864619 0.00396022 2.52145e-06 1.67197e-06 4.33561e-06 5.07689e-10 6.07544e-10 2.72616e-06 1.26073e-06 1.0055e-10 9.58789e-11 1.87795e-10 3.34208e-06 1.03263e-09 0.0191027 9.88369e-10 1.84891e-06 0.102724 0.00667179 1.9568e-10 2.14102e-06 2.43117e-06 6.22311e-07 1.1748e-10 0.00289744 
8.7626e-11 2.66281e-11 0.973632 1.64605e-05 0.0122608 5.69345e-11 0.00107848 8.29999e-11 7.65136e-08 0.000586588 0.00129702 1.64385e-11 1.56748e-11 1.34665e-07 2.7193e-07 1.6882e-10 0.000709937 1.61584e-10 0.000145526 0.00677988 0.00135453 9.84791e-08 0.000169899 3.78498e-11 0.000301425 8.4509e-08 0.00166727 
3.84949e-06 0.031595 0.455388 2.47388e-06 0.00188964 9.81933e-05 7.22744e-05 0.000461572 0.0691635 5.9314e-06 0.120251 0.00031485 6.8861e-07 0.00205281 9.99714e-06 7.41643e-06 8.70239e-05 7.09855e-06 8.29421e-06 0.000383523 1.19802e-05 0.00026421 7.3189e-06 0.317609 1.35398e-06 1.79365e-05 0.000286248 
0.000145486 7.56168e-08 0.999417 3.31134e-05 2.89775e-05 1.61679e-07 2.26804e-05 2.35697e-07 2.82056e-07 2.50739e-05 1.34505e-05 4.6681e-08 4.45123e-08 3.48967e-05 6.46223e-07 4.79404e-07 9.98557e-05 4.58856e-07 2.58553e-05 5.55346e-05 8.8686e-05 9.08453e-08 4.73099e-07 1.07483e-07 5.72371e-06 5.45406e-08 6.86925e-08 
1.63901e-05 1.47453e-06 0.552003 8.6822e-09 0.0849053 8.77806e-09 0.266542 0.0231608 1.53137e-08 1.81344e-06 0.0212797 0.0267294 2.41671e-09 0.00575077 0.00136401 1.14675e-06 2.30062e-06 1.46588e-05 9.44966e-05 0.00515992 0.00120799 4.93228e-09 2.56861e-08 5.83561e-09 0.0061307 2.57965e-07 0.00563361 
3.75189e-10 1.14014e-10 0.98814 2.41115e-10 0.000782527 2.46216e-08 1.41841e-06 3.55382e-10 3.4065e-07 1.15678e-06 5.96411e-07 7.03851e-11 6.71151e-11 1.31456e-10 9.74367e-10 7.22839e-10 0.00365245 6.23363e-07 8.08392e-10 0.00610465 1.52561e-10 3.28877e-07 1.99805e-06 1.62062e-10 0.00131286 8.22357e-11 8.8048e-07 
2.27063e-05 0.903726 1.27048e-09 3.23736e-05 2.37629e-05 1.75191e-05 5.91302e-06 2.58754e-05 4.02088e-09 5.46575e-09 0.0505273 1.76356e-05 6.34551e-10 1.069e-05 9.21231e-09 6.8342e-09 0.0455741 6.54128e-09 5.35779e-06 5.72106e-09 1.44241e-09 4.92251e-06 6.74432e-09 6.1305e-06 1.24769e-09 7.77511e-10 9.79255e-10 
0.000340165 6.78371e-05 0.00990517 3.42856e-07 0.129655 1.49869e-10 0.000490563 0.794497 0.000970518 3.55404e-10 0.00458281 0.000555881 4.12609e-11 0.0130013 5.99019e-10 3.43308e-08 0.043278 1.1946e-06 0.000911163 5.02836e-07 0.000145276 5.85521e-07 5.35491e-07 0.0015957 8.11292e-11 1.49289e-08 6.36748e-11 
5.14065e-05 0.00126494 0.00299723 2.60823e-10 0.049419 0.000158393 1.75624e-06 9.19112e-06 9.69546e-05 6.25352e-10 0.00165104 0.0140352 7.26007e-11 0.905011 1.05401e-09 7.8192e-10 0.00768032 7.48406e-10 1.39047e-05 4.56622e-07 0.0065972 0.00218435 1.59768e-06 0.00140255 1.72236e-06 3.77953e-05 0.00738443 
0.0170201 8.42776e-07 0.00185438 3.35548e-09 0.841054 3.39253e-09 2.12228e-09 4.94567e-09 1.2467e-05 8.04515e-09 2.63881e-07 3.68199e-05 9.34008e-10 0.1328 1.35598e-08 1.00594e-08 0.000394079 9.62824e-09 1.125e-08 6.25862e-06 0.00642712 4.5508e-07 9.9271e-09 2.60413e-07 6.69471e-07 0.000392685 1.44139e-09 
5.92195e-07 9.74114e-06 0.803369 0.0043261 0.160903 3.84776e-07 2.02177e-05 5.35428e-05 6.71258e-07 9.12469e-07 9.63791e-06 1.11095e-07 1.05934e-07 0.00594605 1.53793e-06 1.14092e-06 2.32264e-05 7.53858e-06 0.00334382 8.39402e-05 2.408e-07 0.0180053 1.12592e-06 0.000141432 0.000151649 1.298e-07 0.00359861 
6.09238e-07 0.00229997 0.794733 0.00171995 0.0004939 3.9585e-07 0.193373 5.77074e-07 0.000113022 9.3873e-07 1.973e-05 0.000503896 1.08983e-07 2.13461e-07 1.58219e-06 1.17376e-06 0.00458249 5.73957e-05 1.31268e-06 9.82579e-07 0.000111925 0.000423578 1.15832e-06 2.63159e-07 2.14287e-07 1.33536e-07 0.00155864 
0.00463038 0.0407136 0.0344454 0.0066688 0.000869718 0.906931 0.000155801 0.00167829 1.00729e-06 1.36925e-06 1.98896e-05 0.000139797 1.58964e-07 0.00266615 2.30781e-06 1.71206e-06 0.000191972 0.000135622 1.9147e-06 1.43321e-06 4.21559e-05 3.2443e-07 0.000139831 0.000124391 3.12563e-07 2.81616e-05 0.000408736 
9.43583e-05 0.00889571 0.432991 0.000356345 0.15313 0.000244915 3.29508e-06 1.0903e-05 1.8605e-07 2.80292e-05 0.115983 6.42856e-05 2.93613e-08 0.258456 4.26263e-07 3.16225e-07 4.04871e-05 3.02671e-07 0.000662243 3.66069e-05 0.00199207 0.00912113 3.12067e-07 0.0114173 5.77317e-08 9.92629e-05 0.00637082 
1.66982e-08 5.07432e-09 1.23731e-05 1.07311e-08 0.109478 1.08496e-08 6.78723e-09 1.58166e-08 1.89276e-08 2.5729e-08 2.74289e-06 3.13257e-09 2.98703e-09 0.00880618 3.12346e-05 0.000177916 9.61121e-06 3.07919e-08 3.59784e-08 1.51601e-05 0.87809 6.09624e-09 0.000246937 7.21275e-09 4.724e-07 0.00312927 4.60966e-09 
3.75189e-10 1.14014e-10 0.98814 2.41115e-10 0.000782527 2.46216e-08 1.41841e-06 3.55382e-10 3.4065e-07 1.15678e-06 5.96411e-07 7.03851e-11 6.71151e-11 1.31456e-10 9.74367e-10 7.22839e-10 0.00365245 6.23363e-07 8.08392e-10 0.00610465 1.52561e-10 3.28877e-07 1.99805e-06 1.62062e-10 0.00131286 8.22357e-11 8.8048e-07 
5.6998e-07 0.0039578 0.456214 0.269522 0.09817 0.0105273 0.0239741 5.39888e-07 4.49608e-05 0.000199882 0.000340941 0.00914014 1.0196e-07 0.0213622 0.000783804 1.09812e-06 0.00962987 0.000150386 1.22809e-06 9.19263e-07 0.00545126 0.000121415 0.000148737 0.0083336 9.71516e-05 0.00803623 0.07379 
3.75189e-10 1.14014e-10 0.98814 2.41115e-10 0.000782527 2.46216e-08 1.41841e-06 3.55382e-10 3.4065e-07 1.15678e-06 5.96411e-07 7.03851e-11 6.71151e-11 1.31456e-10 9.74367e-10 7.22839e-10 0.00365245 6.23363e-07 8.08392e-10 0.00610465 1.52561e-10 3.28877e-07 1.99805e-06 1.62062e-10 0.00131286 8.22357e-11 8.8048e-07 
4.80893e-07 0.000706849 0.14743 0.34137 0.000206266 0.00022299 1.95466e-07 0.00016808 4.21668e-05 7.40972e-07 4.47414e-05 0.00494227 8.60237e-08 0.172151 1.24888e-06 9.26488e-07 0.157716 8.86777e-07 1.03614e-06 0.000474544 0.165378 6.72039e-05 9.14303e-07 5.30772e-05 1.69144e-07 1.05404e-07 0.00902064 
2.55089e-08 4.79145e-06 1.30751e-06 2.95163e-10 0.000444491 0.000147092 0.000329765 4.35043e-10 0.000200529 1.56939e-07 8.44008e-07 3.47833e-07 8.21595e-11 1.60923e-10 1.43237e-06 8.84869e-10 0.0757331 8.46942e-10 9.89599e-10 7.40744e-10 1.85719e-07 1.6768e-10 0.923135 5.25764e-07 1.61546e-10 1.00669e-10 1.1209e-07 
3.57128e-11 1.08526e-11 1.27907e-11 2.29509e-11 0.162886 2.32042e-11 1.26304e-07 3.38274e-11 4.04808e-11 5.50272e-11 1.03598e-08 6.69969e-12 6.38843e-12 0.0870864 9.27463e-11 6.88043e-11 7.85453e-08 6.58553e-11 7.69477e-11 5.75976e-11 0.0058078 1.30382e-11 2.37717e-07 1.54261e-11 1.25613e-11 0.744219 1.28263e-08 
9.97439e-08 0.331801 0.287787 0.0020418 0.0180398 9.82508e-05 0.000232359 9.44781e-08 5.58436e-05 0.000189546 0.00592274 1.87119e-08 1.78425e-08 3.49476e-08 2.59035e-07 1.92167e-07 0.0125895 0.000102181 5.86549e-05 0.0153444 4.1005e-05 5.38858e-05 0.325235 0.000108832 0.000153513 2.18623e-08 0.000144238 
0.660376 0.000344632 9.16589e-08 1.64466e-07 0.00042786 1.66282e-07 1.45548e-05 3.63819e-05 2.90087e-07 3.94327e-07 0.229694 0.00559993 4.57797e-08 0.0962304 4.11996e-05 4.93054e-07 0.000119677 4.71921e-07 3.60499e-05 0.000109511 0.00626995 0.000569019 9.1162e-05 1.10544e-07 9.00144e-08 5.60935e-08 3.81317e-05 
9.38489e-07 0.000941417 0.981152 6.0312e-07 0.00533322 0.0033544 3.81462e-07 8.88943e-07 0.000639335 1.44605e-06 0.00169343 1.7606e-07 1.6788e-07 0.00217055 2.43726e-06 1.80809e-06 0.00232206 1.73059e-06 2.02209e-06 1.51359e-06 0.00095441 3.42627e-07 1.78431e-06 4.05378e-07 3.30094e-07 0.001111 0.000311151 
0.0256072 0.0131158 2.5238e-05 0.0116507 0.115898 0.0103401 0.154597 0.0271006 1.50856e-09 2.05065e-09 0.143903 5.11348e-07 2.38071e-10 0.0138931 3.45628e-09 2.56406e-09 0.00255328 2.45416e-09 2.86754e-09 7.9037e-07 8.98815e-06 0.444802 2.53034e-09 0.0243016 3.33237e-05 1.63588e-06 0.012167 
1.39375e-07 6.04884e-05 0.0298919 3.24121e-06 0.300119 4.75858e-06 1.49389e-05 4.38029e-05 1.57982e-07 2.14752e-07 0.0217059 5.21952e-05 2.49318e-08 0.592005 1.93792e-05 2.68519e-07 0.0545063 2.13928e-05 0.000100043 0.000583031 0.000438557 0.000301817 6.68446e-05 1.1151e-05 7.21601e-06 4.16575e-05 3.84754e-08 
0.0113635 1.61835e-05 0.144031 0.00996779 0.0999431 0.0256178 3.54464e-05 7.9595e-05 0.00847981 1.34565e-08 0.0713395 0.217119 1.56225e-09 2.80971e-05 2.26805e-08 1.68256e-08 0.0550351 1.61045e-08 1.8817e-08 1.40851e-08 0.291825 0.0650747 1.66043e-08 3.77234e-09 3.07177e-09 3.18751e-05 1.22067e-05 
3.34334e-05 9.46665e-05 0.00482231 2.98131e-06 0.134706 0.000128008 0.000160134 0.000195289 5.25844e-06 1.42055e-05 0.000153698 8.70288e-07 8.29855e-07 0.00435739 0.000785231 8.93766e-06 0.00023767 0.000698817 0.000227112 0.00037684 0.849349 0.000163898 8.82012e-06 0.000178087 1.6317e-06 0.00328838 1.28065e-06 
3.87248e-06 6.80182e-11 5.21158e-07 1.43844e-10 0.279838 1.45432e-10 2.75675e-06 2.75828e-07 8.62876e-07 3.44882e-10 0.00724559 0.0370381 4.00393e-11 1.38034e-06 5.81285e-10 4.31229e-10 1.32829e-05 4.12746e-10 2.74941e-06 6.93108e-05 0.577558 8.17165e-11 0.043804 1.5769e-05 9.44808e-07 0.0543994 5.5117e-06 
3.81581e-10 7.09037e-07 0.640907 1.94711e-08 0.04605 1.57473e-06 0.00147257 3.38187e-06 6.21059e-06 5.8795e-10 0.00182517 1.35942e-06 6.82586e-11 0.307793 0.000483462 7.35155e-10 0.000134729 7.03645e-10 8.22165e-10 6.15414e-10 0.00115949 1.39309e-10 7.25486e-10 1.37575e-07 1.00098e-07 0.0001605 1.05338e-10 
3.40957e-07 7.65129e-08 1.10466e-11 0.000198472 0.644434 1.58764e-07 1.25366e-11 0.0254214 3.49608e-11 4.75236e-11 3.66445e-07 0.014264 5.51729e-12 0.169274 8.00992e-11 5.9422e-11 0.0261293 5.68751e-11 0.112969 4.97435e-11 0.00539481 4.78956e-07 5.86406e-11 3.77176e-07 1.08484e-11 0.00191405 8.51443e-12 
1.35579e-07 0.000333765 0.00436061 0.00032247 0.00435061 8.8092e-08 5.51082e-08 0.000770659 1.5368e-07 2.08904e-07 0.987011 7.88724e-05 2.42529e-08 0.000166309 0.000352452 2.61207e-07 0.000470563 2.50011e-07 2.92123e-07 2.18662e-07 0.00136176 0.00020794 2.57772e-07 5.85632e-08 4.76873e-08 0.00021102 3.74277e-08 
0.000418859 0.00949103 0.000525681 0.0036915 1.79472e-05 0.00632953 0.0265299 5.75185e-07 6.88316e-07 9.35656e-07 0.153756 0.191197 1.08626e-07 0.256115 3.95229e-05 1.16991e-06 3.72896e-05 1.11977e-06 1.30838e-06 9.79362e-07 0.00022379 5.92331e-05 1.15453e-06 0.349768 2.13586e-07 1.1142e-05 0.00177971 
0.000349148 1.86108e-08 0.00921914 9.44986e-05 0.024709 0.000143293 0.000234021 5.80099e-08 6.94197e-08 0.00220824 0.000104589 1.14892e-08 1.09554e-08 5.58122e-05 1.59049e-07 1.17991e-07 2.84206e-05 1.12934e-07 1.31956e-07 5.93625e-05 0.000146952 2.23589e-08 1.16439e-07 2.64538e-08 2.1541e-08 1.34236e-08 0.962647 
0.229117 0.00134661 0.000215913 1.90302e-06 0.705866 8.27613e-09 2.80716e-08 0.0165281 0.000140602 1.96263e-08 4.8527e-05 0.00342371 2.27853e-09 0.0153179 4.56865e-06 0.00942578 0.00358314 6.83927e-06 0.000139488 5.09912e-05 0.0143946 1.97341e-05 6.50108e-07 1.14023e-05 2.56298e-06 0.000353683 3.51628e-09 
0.0172516 0.000287647 6.27616e-06 0.0671066 0.791486 6.19212e-07 8.70284e-10 0.0198964 2.42696e-09 3.29907e-09 0.00153457 0.010338 3.83008e-10 0.041498 5.56046e-09 4.12505e-09 0.0373534 3.94825e-09 7.43948e-07 2.78029e-06 0.000233299 0.00318828 0.000973622 0.000371568 7.53091e-10 0.00548197 0.00298831 
1.44268e-08 5.34837e-11 6.18781e-09 5.36277e-12 0.000780732 1.05004e-09 3.39185e-12 7.90422e-12 1.63528e-08 1.28578e-11 3.29574e-05 0.000183191 1.49274e-12 0.994039 2.16714e-11 1.6077e-11 0.000350939 1.53879e-11 1.79798e-11 1.34584e-11 0.00461144 3.04654e-12 1.58656e-11 7.60229e-11 1.24129e-09 2.04694e-06 3.10907e-09 
8.57571e-06 7.58061e-06 8.86586e-08 1.59083e-07 0.0407898 1.49458e-06 1.88852e-06 2.34473e-07 0.000168254 9.68931e-06 1.80917e-06 0.00488986 4.42812e-08 0.00250165 2.4706e-06 4.76914e-07 0.00632781 0.943647 1.84774e-05 3.99236e-07 7.11197e-06 0.000860181 5.82297e-06 1.06925e-07 0.000208577 2.25376e-05 0.000518245 
0.00792832 0.984644 0.00279389 8.37353e-05 4.95219e-06 1.44806e-09 2.72569e-05 0.00147778 1.88198e-07 3.43398e-09 3.86919e-05 6.32474e-05 3.98671e-10 0.00186992 5.78784e-09 4.29374e-09 0.000205447 2.30998e-07 4.80193e-09 3.59439e-09 4.98793e-07 0.000117436 4.23727e-09 0.000223172 7.83887e-10 4.88489e-10 0.000521023 
0.000389807 0.187001 2.43788e-05 1.17426e-06 0.583186 1.18722e-06 7.42698e-07 0.007034 2.07116e-06 2.81542e-06 0.0136994 3.42784e-07 3.26858e-07 0.000178309 4.74528e-06 3.52031e-06 0.00393993 0.198135 0.00519364 2.94693e-06 7.42988e-07 6.34779e-05 3.47402e-06 0.000924561 6.42686e-07 4.82397e-05 0.000156877 
