0.00216242 0.0488011 0.00391464 0.00742197 0.0199416 0.0044049 0.00674303 0.00124024 0.000403773 4.57255e-05 0.197617 0.0244716 0.433036 0.00224084 9.64529e-06 1.00392e-06 0.027241 0.000116318 0.000201319 0.00115387 0.00311164 0.00703999 4.56098e-06 0.003321 0.00526738 0.0125116 0.187576 
0.0137488 0.0550458 0.0101498 0.00299438 0.0571867 0.0133521 0.0307961 0.00124249 0.0816475 7.0041e-06 0.075564 0.0113267 0.244807 0.0204176 1.91053e-06 6.06526e-09 0.0763685 0.000319706 0.10084 0.000112196 0.00173712 0.00603865 3.70745e-07 0.00619107 0.0106488 0.128136 0.0513191 
0.0147508 0.0508087 0.00671943 0.00120311 0.0145021 0.0334521 0.0229977 0.00287507 0.000953769 1.00761e-05 0.180727 0.083851 0.395205 0.00679648 2.01801e-05 1.27288e-06 0.0523392 0.00182628 0.000580323 0.000487012 0.00144193 0.0131475 0.000341844 0.0187307 0.038341 0.00529678 0.052594 
3.13419e-05 0.0815239 0.00910457 9.6487e-05 0.000935871 0.0239888 0.00204713 0.0425593 8.49826e-06 1.89267e-06 0.00162971 0.121007 0.507844 0.00177721 0.000172432 2.36654e-06 0.00484222 0.000117225 0.0005035 1.98108e-06 5.20136e-06 0.00251644 1.94597e-05 0.0976074 1.21443e-06 1.44789e-05 0.10164 
0.00228925 0.0814188 0.0292139 0.103053 0.0154542 0.0331675 0.0451163 0.00215536 0.000146111 0.000129468 0.067365 0.0621792 0.249533 0.00803651 3.41134e-05 7.26957e-06 0.0619022 0.0046596 0.00045329 0.00110181 0.00371358 0.045023 0.000636872 0.0213132 0.00706078 0.00623858 0.148598 
0.00109333 0.0348686 0.00550054 0.035975 0.0186739 0.0324047 0.0328475 0.00212577 0.0130479 2.45075e-05 0.241946 0.0136864 0.321428 0.00270516 0.000111085 5.74615e-06 0.0577739 3.7537e-05 0.000300352 0.000976237 0.00109429 0.0240684 4.65295e-05 0.00273205 0.0100576 0.0451243 0.101344 
0.000139895 0.0475187 6.04471e-06 0.00335983 0.00155272 0.00036127 0.0291983 0.000505556 0.000382197 4.09246e-06 0.331694 0.0122745 0.505769 0.000137819 7.32798e-06 4.98664e-12 0.0370268 4.56306e-05 0.000116419 1.99296e-07 9.44232e-09 0.00503499 4.92106e-12 0.00666788 0.00549339 0.000947736 0.0117554 
0.00780195 0.0736284 0.000890139 0.00946243 0.0124453 0.0498116 0.0596752 0.000194712 0.000595284 1.34019e-06 0.0292464 0.00655766 0.631112 0.0093839 1.86834e-05 2.39724e-09 0.0201704 0.024188 0.00098916 8.35319e-05 0.00374267 0.00527556 1.75375e-05 0.00157383 0.0180614 0.00148688 0.033586 
0.000910107 0.0366536 0.0127532 0.0232089 0.0135396 0.00291006 0.154485 0.000306755 0.00162269 2.35188e-05 0.151082 0.0111865 0.417603 0.000810148 9.77419e-06 1.53082e-08 0.0150351 0.00123387 0.000406087 0.000389422 0.000647033 0.00829279 0.000584248 0.00668159 0.0390971 0.00214227 0.0983851 
0.007328 0.0184011 0.000501577 0.00210317 0.036943 0.0168993 0.00330721 0.000190749 0.000139803 3.17829e-06 0.0901124 0.110051 0.496964 0.015871 2.12005e-05 2.64827e-06 0.0452283 0.00195471 0.000190494 5.86636e-06 0.00277538 0.0427654 0.000142521 0.010487 1.56212e-05 0.00291004 0.0946856 
1.51116e-06 0.000993721 0.0385902 2.3716e-05 0.014065 0.00172903 0.000144773 0.000383505 0.00100095 5.07144e-06 0.0420394 0.000578219 0.494113 0.00304713 9.51027e-07 2.34269e-10 0.0006012 2.08598e-07 0.000116056 0.391203 0.000386407 0.00148163 0.0018422 0.00504702 2.58322e-05 1.15916e-05 0.00256854 
0.00478884 0.0319849 0.000188975 0.00214107 0.0252881 0.00277955 0.0416487 0.000831738 8.16102e-05 5.2905e-05 0.0283539 0.316295 0.331242 0.00225613 1.25528e-05 4.35718e-10 0.0909979 1.02762e-06 0.000154762 0.000361899 0.000724423 0.0642497 7.87603e-08 0.0103578 0.00807018 1.28174e-05 0.0371235 
0.000268735 0.0125626 0.20031 0.00996017 0.0282742 0.00672121 0.00300829 0.00455088 0.0575782 0.00321307 0.0836617 0.0453798 0.329198 0.000694305 0.00316095 1.27097e-07 0.0530968 0.000113058 0.00119975 0.0228351 0.000323115 0.000599432 4.94387e-05 0.0104635 0.00221478 0.0238082 0.0967548 
0.000109984 0.0031135 0.000403363 1.28422e-07 0.00967575 6.88511e-06 0.000534891 9.55236e-05 4.57741e-05 3.25399e-05 7.45398e-08 6.71489e-08 0.953684 0.00169565 3.7683e-05 2.31354e-12 0.000238594 0.0015674 0.000107548 4.14755e-08 0.0261665 0.00025747 1.32542e-05 4.16058e-05 9.72139e-05 4.95523e-08 0.00207454 
0.000251168 0.0181406 0.0114388 0.0591264 0.00349051 0.00465974 0.0233293 0.00730154 1.05225e-06 2.83684e-05 0.0213586 0.00457026 0.753076 0.000876287 6.18892e-05 1.66596e-06 0.00867706 0.000693044 0.000577047 0.000112818 0.00130146 0.0163637 0.0309 0.0120092 1.00017e-05 0.000551775 0.021092 
2.84727e-12 0.0166105 0.0125482 0.00328948 0.0595234 0.00245529 0.100517 0.0160767 0.00257269 0.000173705 0.118563 0.136581 0.212597 0.0102925 0.000137866 2.05045e-09 0.0359181 0.000598316 9.51243e-09 2.43133e-08 0.00468882 0.0190459 0.00116595 0.0433926 0.181786 0.00147124 0.0199945 
0.000392864 0.212843 0.0126164 0.00155348 0.0148118 0.0012123 0.248248 5.80613e-07 0.0148871 1.94256e-09 0.106417 0.0296483 0.254532 0.000194686 0.000362938 5.19212e-11 0.0138969 0.000261654 0.000109046 0.0764995 0.000293033 0.00210927 5.12383e-11 0.000538209 0.000411218 0.00075643 0.00740391 
6.63575e-05 0.193399 5.34075e-07 0.0244486 0.00216729 0.152232 0.0022384 0.0811752 3.42674e-08 4.79916e-06 0.00945888 0.138983 0.281957 0.0497085 1.72434e-05 5.82435e-08 4.92606e-06 2.74977e-06 0.0228473 4.87569e-08 1.22927e-08 0.021227 5.74775e-08 0.0200556 1.2439e-06 3.52902e-06 8.34555e-09 
0.00135805 0.0615222 0.0148739 0.0047052 0.0225477 0.148292 0.0272475 0.00789297 0.00531794 1.21317e-06 0.0667964 0.0481165 0.27583 0.0091094 1.00371e-05 0.00398597 0.0336722 9.41174e-05 0.000387913 0.00307931 0.00387669 0.219078 5.39862e-06 0.00924531 0.000365623 0.0165362 0.0160525 
0.00110459 0.0334264 0.00545337 0.00349237 0.0514891 0.0108047 0.00190345 0.002519 0.00454299 1.90776e-05 0.0674877 0.0693085 0.322698 0.00547732 1.22617e-05 2.13636e-06 0.00538452 9.98453e-05 0.00246493 0.000265121 0.00274307 0.0942264 0.103031 0.0760161 5.43304e-05 0.0614097 0.0745649 
0.000452882 0.0118459 0.000441213 0.00497279 0.00178431 2.63308e-05 0.00851831 0.00070143 2.01108e-06 8.21902e-06 0.298143 0.0240636 0.56725 8.97425e-05 1.36943e-05 2.44245e-12 0.0196617 0.00152806 0.000217792 0.000218878 0.00027515 0.00396218 6.46957e-06 0.00360507 0.00306465 0.0107724 0.0383737 
2.96824e-05 0.0181364 0.0777519 1.00902e-05 0.000996847 0.0214891 1.48871e-05 0.00894882 0.000704097 1.38841e-06 1.90208e-05 0.023394 0.825623 7.13329e-05 2.34011e-06 1.73603e-06 0.00125114 6.09696e-05 5.65646e-06 1.45327e-06 3.45815e-05 0.0206127 2.81015e-06 0.000566946 3.64132e-07 9.93033e-07 0.000267625 
0.0052836 0.131812 0.0622156 0.00873848 0.0355879 0.0139924 0.103992 0.00376839 0.00156892 7.10196e-06 0.0371639 0.012218 0.333752 0.0149405 0.000154721 2.6106e-09 0.0379248 1.13441e-05 0.000385788 0.0744192 0.00604325 0.0101029 0.000503731 0.00652415 0.00170513 0.083834 0.0133499 
0.00060938 0.0717292 0.00747645 0.0122171 0.00172644 0.000423697 0.0238317 0.00453121 1.22189e-05 0.000715339 0.0147876 0.0103514 0.511092 8.48602e-05 3.64303e-05 5.20198e-07 0.00924527 4.03312e-05 0.00129934 0.249136 3.64158e-05 0.0134681 1.63718e-06 0.000808126 0.0111187 0.000534654 0.0546855 
9.4861e-08 0.142724 0.0192891 0.000991716 0.00578208 0.00073791 0.151696 0.0185831 0.00131953 1.21429e-06 0.0773796 0.048866 0.335854 0.00170938 0.000262646 0.0519919 0.0417979 2.79934e-06 0.00142919 0.0231443 0.00160749 0.030099 0.000108161 0.032113 0.000266159 7.25144e-06 0.0122367 
0.000932364 0.00552664 0.0113983 4.09763e-05 0.00583255 0.0483476 0.000941203 0.0028569 0.000650321 4.04439e-06 0.30035 0.00713296 0.569373 0.000338421 1.63477e-05 4.86743e-11 0.0111949 0.000288353 0.000139621 0.00202207 0.00645138 0.000853569 0.000182636 0.002561 0.000113603 0.00738312 0.0150678 
0.000433197 0.0262241 0.0161042 0.0025354 0.0125247 0.000185014 0.00506178 0.00188022 7.62296e-05 6.32244e-05 2.2351e-08 0.00162672 0.720598 0.000232048 1.71714e-05 3.95834e-07 0.0062314 0.000172039 4.50999e-08 0.00158857 5.576e-05 0.00304364 2.93381e-08 0.0192039 0.000581229 0.178911 0.00265079 
0.00594369 0.0635542 0.0813957 0.00353875 0.146256 0.00621773 0.0616685 0.00195229 3.939e-05 3.19386e-06 0.0999342 0.131817 0.22747 0.013258 2.76623e-05 1.50893e-05 0.0563249 0.000393865 0.000245791 0.00113123 0.0121602 0.0118593 1.21783e-06 0.0259543 0.00521508 0.00667429 0.0369485 
0.000121934 0.0121192 0.00794362 0.00119823 0.0485457 0.000379934 0.202823 0.00252652 0.00248754 6.95661e-05 0.0918068 0.220244 0.279523 0.000640777 0.0011873 2.14794e-11 0.0407658 0.00011418 0.00360415 0.00288649 0.00146925 0.00940161 0.00403987 0.00640503 0.000685778 0.00830511 0.0507051 
0.0291815 0.010453 0.00585772 0.0132454 0.042429 0.00620133 0.0101426 0.0313676 0.000121539 1.68698e-05 0.0406578 0.0849275 0.581381 0.0469729 4.57468e-05 1.18621e-10 0.0229878 0.000482842 0.0108371 0.00441737 0.0210285 0.00534955 0.00024196 0.00822137 0.000140789 0.00611895 0.0171721 
0.000682766 0.0256826 0.0426201 0.118774 0.0231819 0.107238 0.00102723 0.0270894 0.0223581 2.03221e-05 0.0536327 0.0208285 0.482248 0.0088677 1.23479e-05 1.53844e-10 0.000219692 2.0223e-05 5.94212e-05 4.93989e-07 0.00113377 0.0107754 0.0190666 0.0159423 0.00978366 0.00684221 0.00189284 
7.68714e-07 0.0268222 0.00316801 0.00163179 0.0254022 0.00739912 0.000557697 1.17523e-10 0.000129488 9.22881e-08 0.424586 0.00978097 0.462058 0.000206311 2.99562e-08 2.3904e-10 0.00206619 2.28795e-10 0.00015402 3.89816e-05 1.39319e-05 0.0312776 2.35897e-10 0.00295938 4.36404e-11 3.62335e-08 0.00174764 
3.28264e-08 0.0364005 1.45201e-09 8.06338e-08 4.13438e-14 0.00747814 0.00398813 5.20091e-08 1.87163e-10 1.33054e-08 0.0353943 0.0111335 0.89202 2.03247e-09 8.55912e-13 6.34963e-13 0.00269411 2.05424e-08 7.28628e-05 1.47822e-07 1.34014e-13 8.52251e-08 6.26613e-13 0.00120476 0.00509982 7.65798e-10 0.00451357 
0.00863549 0.118038 0.0416282 6.99669e-05 0.0300601 0.00398537 0.0976619 3.04663e-06 0.000556 6.13111e-06 0.206604 0.0127316 0.254587 0.000911601 0.000108297 2.84028e-06 0.0245215 1.79754e-05 2.23277e-05 0.000126239 0.00266617 0.00165042 3.15496e-05 0.0112529 6.30779e-05 0.00010524 0.183953 
0.000140082 0.00855936 0.0010699 0.000239485 0.00126626 2.27324e-05 0.00181337 6.48906e-05 4.07198e-05 1.90639e-05 0.000138983 0.00012521 0.893113 0.000588778 4.73076e-05 1.54267e-07 0.000247749 0.0826112 0.00319994 7.74542e-05 0.00157449 0.000371401 1.22512e-05 0.000333858 0.00175488 9.24044e-05 0.0024748 
0.000469948 0.0270214 5.53864e-05 0.000405999 0.00027222 0.02732 0.000162155 0.000732317 7.99359e-05 5.56018e-07 0.041685 0.148276 0.596607 0.000975103 4.7894e-07 5.03809e-10 0.00351154 0.00082694 0.000455013 8.15331e-05 8.35487e-05 0.124807 1.58954e-07 0.0243241 1.90272e-05 2.80202e-05 0.00180049 
0.000201766 0.000243791 0.00303034 0.000422105 0.00810113 0.00161826 0.000440976 0.000130595 0.000161798 6.8379e-06 0.00366222 0.000368737 0.944364 0.00225281 9.01615e-06 5.50783e-12 0.000875166 0.000179855 0.000154659 4.61073e-12 0.0325872 7.61467e-05 0.000200604 0.000245454 1.78861e-06 0.000170707 0.000494065 
0.000622896 0.0680686 0.000376412 0.014743 0.00715817 0.0026541 0.00272081 0.00243139 0.000120603 4.19044e-06 0.00653788 0.0367262 0.506981 0.000774431 1.68247e-08 0.00531826 0.0183086 0.00088586 0.0019522 0.000109265 0.000957706 0.21126 2.34734e-05 0.00700539 2.764e-05 0.000330703 0.103901 
7.86162e-05 0.100122 0.0108879 0.000227999 0.0321586 0.00279672 0.0140886 0.0114954 6.83501e-05 3.39506e-05 0.268233 0.00902892 0.308051 0.00212303 9.43085e-05 1.61798e-05 0.0664644 0.00325827 0.000432062 0.000393736 0.0202651 0.013778 0.0141021 0.0287395 4.77693e-06 0.00737879 0.0856788 
0.000352381 0.0121357 0.23215 0.0348247 0.0397597 0.00620397 0.00374984 0.00650788 0.0043142 1.32239e-05 0.200282 0.0373151 0.304716 0.0118152 4.79605e-05 8.40678e-07 0.0109723 1.50302e-05 0.00243407 0.010698 0.00161641 0.0123049 9.87717e-07 0.00532597 8.61592e-05 0.00208704 0.0602711 
0.00590781 0.105423 0.0265204 0.00742088 0.0471673 0.00781346 0.012174 0.0387405 0.0577209 4.29983e-06 0.201992 0.0507755 0.212886 0.0164687 0.000173905 2.27225e-07 0.0384499 0.000117995 0.00331836 0.00176577 0.00455131 0.0703992 0.000451643 0.0691766 0.000121983 0.00254655 0.0179124 
0.000819905 0.00835557 0.00169776 0.00505903 0.0123364 0.00186181 0.00365641 0.000805477 0.000531879 0.000136719 0.272258 0.0624484 0.526397 0.00201222 1.22291e-05 1.59146e-10 0.0125818 3.96203e-05 0.000219636 0.0330514 0.00130514 0.003123 7.28589e-06 0.00065639 0.000412212 0.00229407 0.0479205 
0.00537357 0.0286068 0.00130151 0.00534306 0.0151754 0.00776523 0.0092731 0.000617622 0.000546181 4.46282e-06 0.216632 0.01532 0.56121 0.00651757 0.000163027 1.68997e-12 0.0185147 0.00388349 0.000264583 3.19105e-06 0.00187631 0.0096279 8.77188e-05 0.0105101 1.76245e-05 0.0255553 0.0558095 
0.000668802 0.157912 0.0226169 0.00536526 0.0212079 0.00156583 0.0142894 0.0191312 0.00030621 7.25257e-06 0.078356 0.140868 0.285602 0.00162035 6.1138e-05 1.05729e-09 0.0284332 4.75039e-05 0.00219368 0.000515649 0.000299578 0.0900268 1.89381e-07 0.0196843 0.00775381 0.0595579 0.04191 
4.84206e-06 0.00857946 0.00855265 3.11175e-06 0.00267481 0.000884469 0.00276247 5.54239e-05 0.000390325 3.07858e-05 0.0649403 0.000411141 0.900592 0.000415886 1.25748e-05 1.99341e-05 0.000363536 8.92886e-06 6.38055e-05 9.88088e-05 5.73679e-05 0.00315074 9.20602e-06 0.000222627 4.13946e-05 2.00645e-05 0.00563314 
0.00701546 0.0267745 0.00854444 0.00259696 0.0537448 0.162471 0.135869 0.00238918 0.000277577 3.76311e-06 0.204964 0.0530063 0.227711 0.0170251 2.45022e-05 1.86478e-06 0.0309257 0.00251923 0.00123958 0.000210699 0.00755971 0.0365681 0.000116477 0.0105557 0.0011725 0.00131173 0.00540062 
0.00858573 0.103687 0.164419 0.0120739 0.0159867 0.00219048 0.140093 0.000518083 0.000181424 2.63934e-05 0.0278555 0.00893733 0.263738 0.001472 0.000139881 2.86867e-06 0.0133066 6.33958e-06 4.7121e-05 0.0295466 0.00672146 0.00179168 3.12093e-05 0.0034487 0.127942 0.0405195 0.0267317 
0.0051529 0.0632471 0.125613 0.000602122 0.187879 0.0016299 0.0529462 0.00114938 0.0550496 2.99148e-05 0.0402832 0.00980149 0.218139 0.00981022 0.00166643 5.19321e-09 0.00758823 7.9926e-06 0.000426 0.173028 0.00828513 0.00512543 8.45575e-05 0.010514 0.000876291 0.00791566 0.01315 
2.9702e-06 0.108652 0.00653555 0.00114683 0.0757447 0.0225579 0.00993583 0.00853034 0.00026024 8.35194e-08 0.075267 0.031348 0.504105 0.0422999 5.78997e-05 0.013927 0.00165722 0.000274931 2.63235e-06 5.94697e-11 0.00318546 0.0693131 1.73749e-05 0.015113 3.5973e-06 0.00206347 0.00799815 
0.000235237 0.00449109 0.000375848 0.000192007 0.00923557 6.85435e-06 0.0090937 0.000100217 4.44148e-05 3.56046e-05 0.000386912 0.000179785 0.912109 0.00192262 3.47531e-05 2.37915e-12 0.000973165 0.00330967 0.000110443 8.01074e-06 0.0368629 0.000289991 1.63586e-05 4.96789e-05 0.0169023 8.38116e-05 0.00295002 
3.58322e-06 0.00729661 0.0445335 0.0131281 0.0229697 2.32818e-06 0.00742935 3.39405e-06 4.06161e-06 5.52111e-06 3.84838e-07 6.72208e-07 0.874038 1.25546e-06 9.30562e-06 6.90342e-06 0.00671106 6.60753e-06 7.72049e-06 5.77901e-06 0.00772367 1.30817e-06 6.81264e-06 1.54776e-06 0.00264793 7.85386e-07 0.0134537 
0.00083955 0.0703415 0.000315995 0.00318849 0.0691893 0.00332805 0.0105692 0.0026306 9.81174e-09 2.82663e-05 0.215071 0.0444604 0.50806 2.33378e-05 1.77802e-05 4.19803e-12 0.00410652 0.000197549 0.000196629 0.0086121 1.53121e-08 0.00746619 4.14282e-12 0.00481954 0.0160634 0.000142908 0.0303317 
0.00302575 0.215463 0.00302901 0.038488 0.00404127 0.00458556 0.0112853 0.0145362 1.51315e-05 2.4602e-05 0.132448 0.0495304 0.247906 0.0017267 2.07822e-06 1.16392e-10 0.167102 3.33327e-05 9.1079e-05 0.000418209 7.39251e-05 0.0361729 4.10524e-09 0.0512003 0.00193763 3.36286e-05 0.01683 
0.00140325 0.055289 0.005119 0.0665743 0.00482649 0.00268815 0.00811971 0.00139436 2.99309e-08 1.60207e-05 0.0361447 0.00293552 0.518556 0.00130823 1.79536e-06 0.014074 0.00354031 0.000237572 0.00146604 0.000460418 0.000910068 0.102946 5.13621e-05 0.0171778 2.5059e-05 0.000190539 0.154545 
0.000294875 0.120905 0.00437806 0.0139106 0.0210314 0.000788457 0.184421 0.000373499 0.00707692 8.04617e-06 0.0639101 0.0794784 0.357464 0.000542082 0.000187636 4.54999e-11 0.0590854 0.000345703 0.000118142 0.000107567 0.00592856 0.00838939 1.81919e-05 0.0137474 0.0094534 1.77903e-07 0.0480359 
0.000200424 0.0130643 0.207766 0.00347203 0.155042 2.17792e-05 0.0519331 0.00149423 6.51491e-06 0.000463756 0.0395434 0.000630721 0.264883 0.0104109 0.00088818 1.06012e-06 0.0174116 0.000491573 0.000446367 0.178671 0.00346294 0.00537113 0.000198823 0.00251655 0.00225173 0.00355142 0.0358055 
0.00818956 0.0496639 0.180098 2.52134e-05 0.19487 0.0086214 0.00277767 0.000472785 8.75523e-06 3.56325e-08 0.00590886 0.0545952 0.238905 0.0905841 1.87201e-05 4.45538e-08 0.0229485 0.000321051 0.000276753 0.000719057 0.00421396 0.0249976 0.000209856 0.0230128 4.8606e-07 0.00136857 0.0871917 
5.12987e-11 0.0875157 0.00258386 3.29671e-11 0.00874967 1.33658e-08 2.08511e-11 6.65737e-07 5.87289e-09 2.53015e-07 0.207728 0.0582572 0.615344 1.54592e-07 1.33223e-10 9.8832e-11 0.00870972 1.1361e-07 1.10529e-10 1.99474e-05 2.08592e-11 7.86609e-07 9.75323e-11 0.00446951 1.80433e-11 1.12439e-11 0.00662089 
3.381e-06 0.143907 9.43524e-05 0.000164915 0.00984423 0.000118138 0.00159368 0.000433778 8.05237e-05 8.31277e-09 0.0217708 0.00728234 0.789256 0.00039588 3.32698e-11 1.42467e-07 0.00405565 0.000881392 0.000471535 2.06613e-11 0.00180658 0.00832817 3.58977e-06 0.00218798 1.69105e-06 0.00019171 0.00712701 
5.53185e-05 0.00374657 0.00535831 4.36408e-12 0.0181129 5.03716e-05 2.60958e-09 4.14806e-05 0.000460976 0.000134449 5.42126e-08 1.27394e-12 0.948942 0.000989057 4.81836e-05 1.30831e-11 4.49268e-08 8.51838e-06 3.49333e-06 4.58618e-08 0.0214131 1.37909e-08 2.89777e-08 5.31259e-09 2.23532e-06 2.96319e-08 0.000632378 
0.00722669 0.0508256 0.0150962 0.022881 0.024996 0.0845325 0.0133833 0.00821008 0.00252834 4.38336e-05 0.152648 0.0610379 0.223223 0.00902847 0.000210042 0.000240315 0.037461 0.000769017 0.00107498 0.000584641 0.00373411 0.203001 0.000673381 0.0437796 0.00211769 0.00593048 0.0247628 
0.000263433 0.0357031 0.00913282 0.00362706 0.0209805 0.00127492 0.220776 0.00182638 0.00886791 1.49661e-05 0.0627735 0.109229 0.342201 0.00399253 8.16505e-05 1.36025e-08 0.0552147 4.64827e-05 0.00299598 0.00266295 0.00125794 0.0329627 2.43408e-06 0.0174459 0.00580022 0.0128017 0.0480634 
4.1248e-06 0.0988233 0.0156732 0.0133044 0.00358074 0.0174936 0.195783 0.000593113 6.21939e-06 3.20617e-06 0.0200377 0.0948506 0.300089 5.15768e-05 3.56083e-05 4.44004e-11 0.0329394 0.000278003 1.85609e-05 0.00013581 0.000127584 0.0139629 5.19208e-05 0.0082614 0.171055 8.5623e-05 0.0127541 
0.0110052 0.00597526 0.0173435 0.00712991 0.156815 0.0188854 0.121377 0.000989629 0.00131565 3.61861e-06 0.0926525 0.0122263 0.35009 0.00254858 9.14043e-06 6.60583e-10 0.045842 3.14629e-06 0.000983999 0.00050075 0.0191498 0.00648809 1.15669e-05 0.0666623 0.000437456 0.0308278 0.0307255 
0.000254607 0.000247254 0.000238895 6.34982e-05 1.46941e-05 0.00029941 4.7728e-06 1.11223e-05 1.33099e-05 1.80927e-05 0.0108348 6.23776e-05 0.981128 0.0054164 3.04946e-05 2.26226e-05 0.000550365 2.16529e-05 0.000173398 1.89379e-05 4.77467e-06 4.2869e-06 2.23251e-05 5.07203e-06 4.13009e-06 2.57372e-06 0.000531875 
0.000172472 0.12772 0.0188014 0.0060762 0.0142735 0.0801889 0.0537315 0.001003 0.0199489 2.56352e-05 0.0561899 0.036975 0.470795 0.00628911 0.00011443 2.48487e-06 0.0200857 0.00248104 0.00264884 0.000267219 0.00247578 0.0159153 0.000750076 0.0392399 0.00382076 0.00780127 0.0122069 
0.000374764 0.0639359 0.00112964 0.00448032 0.0121219 0.00371594 0.00740216 0.00060009 0.000474849 2.6405e-07 0.135343 0.0103863 0.642739 0.00528492 2.27191e-05 1.02513e-11 0.0242616 8.06463e-05 0.0021335 3.43476e-05 0.000707083 0.0334796 1.02641e-06 0.0115524 3.515e-05 0.0323256 0.00737781 
0.000535194 0.128761 0.0142562 0.0225147 0.00942687 0.000760511 0.00655449 0.0162735 1.00271e-06 2.01262e-05 0.0321984 0.0515181 0.573079 0.00271757 2.35907e-05 2.68659e-10 0.0107729 6.83039e-05 3.87557e-05 0.000326311 0.00695604 0.0260627 0.00127104 0.0833295 4.12197e-05 0.0049769 0.00751607 
0.00296974 0.00415763 0.00106929 0.000938631 0.00641434 0.0118224 0.000556488 0.00280132 0.00277816 4.43502e-06 0.0498938 0.069559 0.817295 0.000388762 2.93921e-05 3.72572e-12 0.00181979 1.28791e-05 8.06878e-08 0.00191271 0.000187605 0.000488104 1.11344e-06 0.00114711 0.000219527 0.0225585 0.000974627 
2.15633e-05 0.21201 0.0699359 0.000464713 0.022224 0.0153105 0.00252852 0.0188157 0.021575 3.02781e-10 0.141058 0.00946339 0.216865 0.016418 5.10326e-10 1.31116e-06 0.0218878 0.014915 0.00015352 1.47713e-07 0.00159715 0.0199064 0.0959075 0.0896695 1.63794e-05 6.99669e-05 0.00918381 
0.000197303 0.000680439 0.00876587 0.000437065 0.0152772 0.00321163 0.000467533 0.000423191 0.000341615 6.07042e-06 0.00432104 0.000868597 0.922316 0.00371153 9.08916e-06 6.09719e-12 0.00104304 0.000189907 0.000133495 1.14363e-07 0.0339273 0.00026131 0.000293962 0.000442215 1.89839e-06 0.00207457 0.000597878 
0.00580799 0.0110594 0.0122862 9.66248e-05 0.0112713 0.0179939 0.000541079 0.00355578 0.0125435 4.82446e-06 0.0331147 0.0494993 0.736434 0.0058005 2.69296e-05 6.88861e-08 0.0305709 0.000161383 7.16074e-06 9.18676e-09 0.000839311 0.0129695 7.39885e-05 0.00333223 0.000100477 0.00552616 0.0463828 
0.000606123 0.028797 0.0326903 0.00557066 0.0892497 0.0137618 0.0140952 0.00346752 0.000137938 7.11677e-07 0.0854337 0.0343986 0.276051 0.0229671 0.000168973 0.00239355 0.00948112 0.00115942 2.33797e-05 2.45125e-05 0.00949023 0.0617002 0.00023641 0.0231865 6.68747e-06 0.262475 0.0224273 
9.22581e-05 0.0308279 0.20015 0.0507222 0.107536 0.0822586 0.101917 0.00316305 0.00291191 0.000227424 0.0689462 0.00606495 0.228735 0.00232241 1.18136e-06 7.45898e-08 0.0112635 0.0019243 1.12346e-05 0.00175982 0.00293494 0.0221551 0.000116689 0.00657119 0.000187401 0.00489025 0.06231 
0.000553021 0.0337352 0.110846 0.00555383 0.0200123 1.74492e-05 0.20125 0.00258765 0.00192156 7.45272e-06 0.150891 0.00690957 0.231299 0.00272489 0.000132864 1.70938e-09 0.0385808 0.000208339 0.0172712 0.0108661 0.000980552 0.0280066 0.00644855 0.0230918 0.00019088 0.000386239 0.105527 
0.00225883 0.0485084 0.000834931 0.000767627 0.0118736 0.0468407 0.0653372 1.78671e-06 0.00147044 4.90213e-05 0.23513 0.0113184 0.490208 0.00235847 1.36896e-05 5.37156e-12 0.00978287 0.000253095 6.97838e-05 2.99483e-05 0.00108705 0.00297013 4.879e-09 0.00104848 0.00432973 0.0474598 0.0159974 
0.000430027 0.000158416 0.000527233 0.000697495 0.021912 0.000385147 8.42245e-05 8.50436e-05 5.87365e-05 1.8344e-05 0.0388253 0.000571987 0.887004 0.0029257 2.45796e-05 0.000109227 0.000616276 7.81214e-05 0.00110009 3.2044e-12 0.032428 0.000314083 1.34041e-05 0.000105579 1.3568e-06 5.5232e-05 0.0114707 
1.51116e-06 0.000993721 0.0385902 2.3716e-05 0.014065 0.00172903 0.000144773 0.000383505 0.00100095 5.07144e-06 0.0420394 0.000578219 0.494113 0.00304713 9.51027e-07 2.34269e-10 0.0006012 2.08598e-07 0.000116056 0.391203 0.000386407 0.00148163 0.0018422 0.00504702 2.58322e-05 1.15916e-05 0.00256854 
2.83561e-05 2.76204e-06 0.150311 0.00320326 0.0614483 7.76576e-06 0.0478419 0.0857262 1.50908e-05 9.62501e-09 1.10076e-05 0.0231067 0.353467 1.27603e-06 1.62226e-08 1.20348e-08 7.51772e-06 1.1519e-08 2.86852e-05 8.06693e-06 4.8654e-06 0.047619 7.78293e-06 0.103003 5.80594e-06 1.36917e-09 0.124145 
0.00188478 0.168241 0.00698684 0.00802628 0.0104652 0.00865912 0.101908 0.000605082 0.000395182 4.47716e-06 0.0885641 0.0286293 0.254496 0.00144249 0.000257744 1.66954e-08 0.0288865 0.000230344 0.000892293 0.000355896 0.000367026 0.0431763 0.000134254 0.0910848 0.0394329 0.0174151 0.0974589 
0.000557467 0.000546988 0.000206286 0.0157653 7.96196e-07 0.00133908 0.000915518 0.00477402 1.19604e-05 1.46971e-10 0.138359 0.00850525 0.745916 0.000221129 9.34342e-07 1.83768e-10 0.0291235 1.75891e-10 6.26134e-05 1.53836e-10 0.000114239 0.0177929 2.42364e-08 0.00441489 9.13145e-06 1.40581e-05 0.0313481 
0.00320598 0.0381596 0.0381312 0.1609 0.00604175 3.53816e-08 0.00213183 0.0596556 4.16776e-05 1.50981e-05 0.006133 0.0158595 0.360142 3.7228e-05 8.24757e-05 1.55863e-09 0.0318921 1.06138e-05 0.0281812 0.0856711 0.00100013 0.0924816 1.30846e-07 0.00294144 0.000899369 0.0121993 0.0541858 
0.000909471 0.0514278 0.00137099 0.0240303 0.0133511 0.00762976 0.00653612 0.00153479 0.00414565 1.44526e-05 0.0471256 0.152332 0.270444 0.0019186 2.27285e-05 1.64008e-08 0.0289418 0.000209517 0.000672502 0.000466443 0.00396475 0.140219 1.99161e-05 0.00902895 6.57085e-05 0.00127468 0.232343 
0.0020796 0.1441 0.000941479 0.000494136 0.000478778 0.00116597 0.00528491 0.00251944 6.7071e-06 2.50179e-05 0.0120371 0.0163753 0.740199 0.000503201 1.25573e-06 8.06081e-09 0.0109851 0.00272328 0.000164072 7.0242e-05 0.000604065 0.0156885 4.6875e-07 0.0135517 6.41149e-05 4.3869e-05 0.0298922 
0.00959735 0.0209334 0.000408059 0.000182838 0.00823943 0.00889488 0.040088 0.000270394 0.00026398 1.46843e-07 0.0750109 0.234948 0.453387 0.00683219 8.60716e-06 2.99746e-11 0.0129624 0.000660698 4.60525e-08 2.92853e-08 0.0242628 0.00550262 2.79922e-05 0.00881736 0.000190343 0.00953087 0.078979 
1.06152e-05 0.0992904 1.80066e-06 0.000850599 0.0161988 0.000800854 0.0667428 0.00166412 7.56405e-05 4.04249e-06 0.112589 0.0674166 0.207393 0.00142513 0.0013079 2.57961e-06 0.0940873 0.000194019 0.000267519 5.85674e-12 0.00066783 0.184498 0.000314759 0.141864 6.33814e-07 7.17306e-05 0.00226107 
0.00296435 0.0097626 0.000352233 0.0344799 0.0190763 0.00236456 0.0277305 0.00103747 0.00189384 1.83501e-05 0.248185 0.074831 0.258495 0.00492625 1.55902e-05 1.07608e-07 0.0406066 9.89737e-06 6.3466e-05 0.000135155 0.000908256 0.16512 2.29168e-06 0.0116317 6.17811e-05 0.0778082 0.0175202 
7.79392e-05 0.0201668 0.000607743 0.0045681 0.000496522 4.25334e-05 0.00253588 0.00369412 4.78639e-05 5.05181e-06 2.13583e-08 0.00229818 0.910421 1.21156e-06 1.71041e-05 3.36161e-13 0.00163865 0.000620569 4.1932e-09 0.00158812 5.31213e-07 0.00293321 4.81453e-06 0.00394553 0.000176843 0.0424648 0.00164713 
0.000101352 0.119573 0.000928253 0.00974584 0.010699 0.00391524 0.0283795 0.000144532 2.43925e-05 3.15999e-05 0.0438111 0.0123501 0.557685 0.000392773 1.85878e-05 4.52269e-07 0.0150692 0.00239125 0.000368305 0.000125401 0.00127509 0.0473545 1.69715e-05 0.0090549 0.00443584 0.00443742 0.12767 
0.000665631 0.0207238 0.157809 0.00649257 0.0107159 0.0111588 0.0112675 0.00098523 0.299227 3.09213e-05 0.0373285 0.00484341 0.357253 0.0251397 6.96162e-06 4.11816e-10 0.00288503 2.02305e-06 7.21633e-06 0.00316845 0.000873457 0.00446515 9.41383e-05 0.000329346 0.0271089 0.00210091 0.0153174 
7.56701e-07 0.00369187 0.0110306 3.12091e-05 0.122341 0.00847707 0.00784279 0.000102118 1.46911e-05 1.79514e-05 0.323039 0.00724417 0.41276 0.0289456 0.000114595 7.71647e-12 0.010245 6.04602e-08 8.16556e-05 5.33114e-05 0.00443042 0.00416783 6.54192e-08 0.0167883 1.91222e-05 0.00739047 0.0311699 
2.32656e-05 0.0611571 1.31811e-05 0.00018807 0.000187338 0.00602851 0.00145656 3.16838e-05 4.15621e-09 1.30031e-06 0.265609 0.0218007 0.587855 0.000129578 2.98374e-06 1.98624e-13 0.00726156 0.000394712 0.000161214 5.94273e-06 7.89564e-05 0.0189349 8.50576e-10 0.0194531 3.41984e-07 0.000478174 0.00874658 
0.0450386 0.00922763 0.153088 0.0134514 0.0134834 0.00248746 0.00390429 0.019463 3.50715e-05 0.000227347 0.0263549 0.00478086 0.486602 0.00210548 1.50086e-05 1.69366e-10 0.029375 7.82531e-05 2.09901e-05 0.149395 1.62173e-07 0.0206263 8.41914e-05 0.000835898 0.00248065 0.00809651 0.00874356 
0.00391512 0.111842 0.00206123 0.000473111 0.0104243 0.00906564 0.0867542 0.00012441 8.5816e-05 7.89941e-07 0.0639058 0.0279744 0.621141 0.0029453 3.27884e-05 9.76135e-13 0.0118532 0.0250593 0.000167053 0.00010988 0.00135855 0.00348828 3.06993e-05 0.00331582 0.00238708 0.000979858 0.0105042 
0.00126725 0.00911783 0.0319374 0.00163127 0.154359 0.00235833 0.00552222 0.0373231 0.00377584 0.000166755 0.0876641 0.0597663 0.26545 0.030655 4.16609e-05 1.3748e-07 0.041161 0.146837 0.000303229 0.0221214 0.0249752 0.00883865 0.00752167 0.0149042 0.000139691 0.034402 0.00776046 
0.0122485 0.00548887 0.00357766 0.000461339 0.271907 0.00185411 0.00233335 0.000905134 0.000150502 6.22885e-08 0.116856 0.033384 0.366243 0.0475508 0.00230103 3.37123e-10 0.0898544 0.000368673 0.000210665 5.43356e-05 0.00790591 0.007216 1.04931e-06 0.0120567 0.000251431 0.000337566 0.0164824 
0.000106112 0.0422876 0.0896429 0.00372042 0.0552281 0.000358824 0.182116 0.000285101 0.0042358 9.7338e-07 0.0385893 0.00373428 0.226471 0.00268275 9.01899e-05 8.83705e-09 0.0604258 4.98629e-05 0.000291249 0.00200773 0.0312696 0.0140596 0.000247521 0.00530681 0.193465 0.0277512 0.0155757 
0.0001557 0.0022096 0.00103039 0.000396346 0.00187318 1.0313e-05 0.000516026 8.61606e-05 5.39173e-05 1.30741e-05 0.180877 0.00556762 0.558236 0.000144269 4.31325e-06 6.38833e-06 0.0129579 4.04322e-05 0.000208861 5.35329e-07 0.000108557 0.0163252 2.22252e-06 0.055677 0.000356642 1.39209e-05 0.163129 
2.85831e-06 0.000855802 0.0093039 1.76111e-08 0.16699 4.73156e-06 0.000166155 0.000955803 0.00899628 1.01293e-05 9.45163e-06 0.0205662 0.480885 0.0154555 7.75019e-06 8.09517e-06 0.00984034 0.00156306 2.03389e-05 1.54518e-06 0.0111843 0.202294 0.00245101 0.0506602 3.83401e-06 6.24441e-06 0.0177575 
0.0166365 0.0984609 0.00678795 0.0133157 0.014275 0.0246488 0.0103946 0.00347483 0.00120646 9.29517e-06 0.0685822 0.0271566 0.599819 0.00481497 7.94405e-05 3.60012e-07 0.0359184 0.00461121 0.000263867 0.0036628 0.00137905 0.00878148 0.000753137 0.00350201 0.0138284 0.0164297 0.0212072 
0.000255931 0.000120279 0.000511206 1.32558e-07 0.0238265 0.00010904 8.57223e-05 6.1958e-05 5.59804e-05 9.54317e-06 4.04332e-07 0.000547929 0.947921 0.00275806 2.59736e-05 5.25444e-08 0.000614212 3.49844e-05 0.000981469 3.52962e-12 0.01498 0.00013308 1.82805e-08 0.00010929 2.3729e-07 4.59569e-05 0.00681071 
1.38686e-07 0.08644 0.00983892 6.0825e-05 0.0301938 0.15836 0.00308064 0.145872 0.000559231 2.80476e-05 0.0980962 0.151272 0.168796 0.00513941 0.000232827 2.07499e-11 0.0517797 8.36928e-05 0.000275564 0.000386432 0.000227628 0.00460938 0.0303717 0.0444813 6.60793e-05 0.00107253 0.00867498 
0.000377726 0.000146577 0.000525424 0.000494099 0.0225806 0.000303968 8.66523e-05 7.79418e-05 5.87116e-05 1.57204e-05 0.0275014 0.000581276 0.904555 0.00286626 2.48317e-05 7.73852e-05 0.00063163 6.53321e-05 0.00108298 3.30691e-12 0.0272607 0.000260499 9.50007e-06 0.000108764 1.0289e-06 5.38942e-05 0.0102525 
0.0127629 0.0233115 0.00687644 0.00166891 0.0183938 0.0697264 0.00256627 0.00103466 0.000146509 5.18534e-07 0.0875192 0.0707674 0.356668 0.0150694 4.16561e-05 2.61005e-11 0.0228188 0.000945828 0.00225657 0.000215665 0.0121083 0.0754064 0.000521024 0.0449951 2.06737e-05 0.00727871 0.166879 
0.000600149 0.0170124 0.00112856 0.00329288 0.00191184 0.000411274 0.00856212 0.00121819 6.84648e-06 1.28269e-05 0.181839 0.0231306 0.682007 0.000122664 9.00206e-06 7.01959e-12 0.0237313 0.000957789 0.000209313 0.000223859 0.000410927 0.00519104 2.30978e-05 0.00418422 0.00430261 0.00581203 0.0336887 
3.64235e-06 0.0575944 2.51726e-05 6.85003e-07 2.66827e-05 0.0194441 0.000538342 4.53115e-05 3.86577e-07 0.000252528 0.0048598 0.0230224 0.87471 0.000175729 1.53385e-09 1.1379e-09 0.00785003 4.27016e-06 5.26907e-05 9.52558e-10 4.30507e-06 0.00193204 8.00837e-08 0.00935373 1.6838e-07 6.56277e-07 0.000103059 
0.000331248 4.20383e-05 0.000220096 1.11436e-12 0.00132345 5.63443e-09 2.53802e-09 0.000248582 5.10644e-05 2.67179e-12 1.86232e-13 3.25297e-13 0.996654 0.000348272 1.01034e-05 3.34072e-12 3.009e-11 2.07363e-05 8.59681e-09 2.7966e-12 0.000750571 1.34214e-08 1.48389e-08 5.16883e-09 3.0556e-10 3.80066e-13 2.22114e-08 
0.00202061 0.246571 0.0330912 0.126046 0.109777 0.00872568 0.0026952 7.24463e-06 0.000176733 4.07528e-07 0.0775053 0.0728735 0.255785 0.0146746 5.45589e-05 4.93884e-09 0.0143527 1.64686e-06 0.0208963 0.000212548 0.00185465 0.00117988 0.000829727 0.00535141 1.72017e-05 0.000217599 0.00508237 
0.00198892 0.000157322 0.0319759 6.24833e-05 0.042323 8.18163e-05 0.000175323 0.00119828 0.000235976 3.30344e-08 0.00397793 0.00174509 0.856931 0.0139732 3.58556e-06 2.11495e-11 0.00496841 0.000324304 0.000114534 1.77047e-11 0.0261479 5.14226e-05 0.0117031 0.00166198 1.33604e-07 5.27626e-08 0.000198514 
0.00140419 0.0421921 3.93952e-05 0.000535334 0.000111168 0.019131 0.000116054 0.00478701 5.42915e-05 1.13996e-07 0.090459 0.0587835 0.734823 0.000106582 1.41334e-06 1.65934e-10 0.00190324 1.28752e-05 1.99606e-07 0.000254051 4.99923e-06 0.0287674 2.39187e-08 0.00916626 2.77127e-06 0.000188496 0.00715531 
0.00251367 0.0354791 0.00827985 0.0116862 0.0256986 0.00435865 0.00945057 0.00327386 0.000544044 6.23415e-05 0.277677 0.0363866 0.372116 0.00323115 2.74132e-05 0.000252441 0.0576648 0.000241346 0.000607102 0.00315183 0.00840694 0.013611 7.63684e-05 0.00673323 0.00443661 0.0113275 0.102705 
5.53185e-05 0.00374657 0.00535831 4.36408e-12 0.0181129 5.03716e-05 2.60958e-09 4.14806e-05 0.000460976 0.000134449 5.42126e-08 1.27394e-12 0.948942 0.000989057 4.81836e-05 1.30831e-11 4.49268e-08 8.51838e-06 3.49333e-06 4.58618e-08 0.0214131 1.37909e-08 2.89777e-08 5.31259e-09 2.23532e-06 2.96319e-08 0.000632378 
0.00357676 0.0505618 0.0288096 0.0114018 0.0511628 0.00671927 0.01753 0.00337764 0.00325924 1.78066e-05 0.0633459 0.0222851 0.502816 0.010365 3.64875e-05 6.76087e-05 0.0857357 0.00646031 0.000660706 0.00221669 0.00693766 0.0428702 0.00249468 0.0337353 0.00735182 0.0110256 0.0251786 
0.0388267 0.0547544 0.0122656 0.00119441 0.0724597 0.00703167 0.0512178 0.000622294 0.000271031 2.17497e-06 0.0483347 0.0119394 0.398494 0.0155661 3.87526e-05 1.84633e-10 0.0378991 0.0230997 0.0183753 0.029699 0.012281 0.000828555 0.000502199 0.0474311 0.00693728 0.0524847 0.0574428 
0.00963404 0.00713195 0.000983863 0.000890988 0.00265087 0.00671772 0.0213635 0.000596543 1.05317e-05 1.08982e-06 0.0338513 0.0176753 0.863723 0.00201321 0.000261634 1.19036e-11 0.00742782 0.000507699 1.38816e-05 0.0104108 0.000290862 0.000835686 0.000306138 0.00136753 1.86699e-05 0.00230914 0.00900675 
0.000233131 0.0469369 0.0108455 0.0234186 0.00429504 0.000753986 0.238124 0.00059881 0.000108328 0.122359 0.0408811 0.00597824 0.260998 0.000328267 5.53497e-05 5.73799e-06 0.029447 0.0021431 0.0166726 0.00106818 0.0142609 0.00298719 1.4004e-05 0.00347281 0.0143712 0.00184907 0.157794 
0.000295455 0.0372603 0.000546037 0.00444225 0.00035273 0.0199806 0.0609549 0.000390275 8.28245e-05 8.941e-06 0.0451776 0.135093 0.510525 5.04141e-06 4.28119e-06 4.10709e-10 0.0115547 0.000422664 1.18557e-05 0.000785862 7.0464e-05 0.016926 4.17952e-06 0.0514891 0.079256 0.00273702 0.0216236 
0.00083955 0.0703415 0.000315995 0.00318849 0.0691893 0.00332805 0.0105692 0.0026306 9.81174e-09 2.82663e-05 0.215071 0.0444604 0.50806 2.33378e-05 1.77802e-05 4.19803e-12 0.00410652 0.000197549 0.000196629 0.0086121 1.53121e-08 0.00746619 4.14282e-12 0.00481954 0.0160634 0.000142908 0.0303317 
0.000280133 0.205901 0.125524 0.000833662 0.0605317 0.00613303 0.0830361 0.000766076 5.2779e-06 0.00143018 0.0997401 0.00605166 0.224936 0.000576715 0.000108206 7.20784e-10 0.0220748 0.000219352 1.21021e-05 0.0256386 0.0225134 0.0276968 0.00022608 0.00204283 0.0476013 0.00820899 0.0279127 
0.000692162 0.276377 0.0247823 0.00226743 0.0472061 0.0418553 0.0377233 0.0049316 0.000956174 3.89538e-06 0.0758768 0.0141126 0.306173 0.0144932 5.3083e-05 0.00117205 0.0411809 0.00261051 5.68283e-05 0.000478826 0.00309784 0.0276229 0.000235214 0.0278721 0.0145775 0.00891867 0.0246725 
5.84144e-11 6.24859e-07 0.0129605 3.754e-11 0.0367347 0.0146622 0.0140878 0.0175266 6.02607e-07 1.80103e-07 0.196125 9.42541e-08 0.627095 1.16868e-06 0.00127542 1.12541e-10 0.0239891 1.96057e-06 9.94429e-07 3.01568e-07 1.39905e-06 1.58669e-06 2.12138e-06 4.16581e-06 0.000117357 2.11886e-05 0.0553898 
2.88106e-06 0.00623869 0.00368485 0.000203102 0.254834 0.00189047 0.000308483 0.0560267 6.17207e-05 5.60291e-07 0.0123024 0.0205981 0.578078 6.50688e-06 1.64904e-05 2.56697e-09 0.000299317 6.96191e-05 2.87079e-09 1.60442e-05 4.35441e-06 0.0164095 0.0183589 0.0125908 5.5653e-07 1.35295e-06 0.017997 
2.76404e-10 0.00891409 0.201123 0.00145604 0.014302 0.0284051 0.000116592 0.0659882 2.79283e-07 9.64161e-06 0.0897535 0.00944401 0.425319 0.000433362 1.35979e-05 5.3252e-10 0.00734066 7.23731e-08 0.000863788 4.45784e-10 0.0291599 0.00187815 0.000892496 0.0567249 2.57493e-05 5.38523e-08 0.0578358 
0.00026819 0.0283588 0.0286869 0.0198136 0.0615253 0.0190128 0.00927703 0.00136581 5.67877e-05 0.00023554 0.250423 0.0950458 0.272452 0.00319185 5.48972e-05 5.96821e-06 0.0649069 3.08687e-05 0.000341591 0.0062597 0.0113935 0.0227602 1.66503e-05 0.0131578 0.000136578 0.0145889 0.0766327 
0.000174347 0.0372502 0.0102581 0.0408632 0.0419397 0.00835075 0.00367166 0.0783312 0.00991687 8.83245e-05 0.188347 0.0684639 0.195316 0.0123422 5.70505e-05 3.15828e-09 0.0688664 0.000658805 0.00210391 0.00406195 0.00268948 0.104624 0.000164075 0.0302257 7.21909e-05 0.0166403 0.0745227 
0.000106112 0.0422876 0.0896429 0.00372042 0.0552281 0.000358824 0.182116 0.000285101 0.0042358 9.7338e-07 0.0385893 0.00373428 0.226471 0.00268275 9.01899e-05 8.83705e-09 0.0604258 4.98629e-05 0.000291249 0.00200773 0.0312696 0.0140596 0.000247521 0.00530681 0.193465 0.0277512 0.0155757 
0.0132743 0.0116687 0.0347658 0.0128234 0.0261175 9.63443e-06 0.00230353 0.00259253 0.00042287 0.00204335 0.0636231 0.00732104 0.670071 0.00668886 5.9226e-06 1.11268e-09 0.120368 1.8003e-05 1.24437e-09 0.00881957 0.000573323 0.00331988 3.52112e-07 0.00167367 0.000263551 0.0072222 0.00400996 
0.00260774 0.141269 0.00582127 0.0631533 0.0116326 0.00475327 0.0188943 0.00201466 5.82994e-11 0.00117921 0.0881514 0.119779 0.329316 0.00177018 0.00067638 9.90903e-11 0.1213 1.34599e-07 8.74425e-05 0.00151286 2.04928e-07 0.0496666 3.74837e-06 0.00717149 8.78526e-06 0.00618221 0.0230488 
0.00145058 0.065922 0.0139994 0.00202764 0.016857 0.00246137 0.00994551 0.0139727 0.000465955 1.86931e-06 0.0937126 0.0315222 0.583299 0.00276017 5.07197e-06 1.52962e-08 0.04332 0.0137639 8.34661e-05 0.000220985 0.000604864 0.0350185 0.000394335 0.0130588 0.00414808 0.00292708 0.0480573 
5.66313e-05 0.00744234 1.61563e-05 1.50801e-05 0.00172819 0.00321586 0.00529719 1.03623e-05 9.18875e-06 6.33494e-07 0.222146 0.00313577 0.727845 0.00021204 5.50624e-07 1.28074e-11 0.0079095 2.8943e-08 7.65145e-05 9.29171e-09 3.47157e-05 0.00273004 1.2639e-11 0.00163746 7.35055e-06 0.000648273 0.015825 
0.000195265 0.00134409 0.0174207 0.000436755 0.0257501 0.00565803 0.000510983 0.000861924 0.00061802 5.15156e-06 0.00386729 0.00162652 0.889512 0.00590104 8.2173e-06 6.91525e-12 0.00134536 0.000217512 8.50795e-05 2.8355e-07 0.0372297 0.000540649 0.000446639 0.000747287 2.11295e-06 0.00490206 0.000767557 
0.000199098 0.0470107 0.00466012 0.00165829 0.0081801 0.0167328 0.0501634 0.000117034 9.946e-05 7.20228e-09 0.311015 0.0153987 0.497678 0.000310361 1.09004e-05 1.27244e-11 0.0134236 0.00197968 0.000192173 6.18851e-05 0.000712407 0.00342404 0.00100499 0.00125652 0.000986082 0.00764311 0.016081 
0.00122655 0.0387389 0.000435934 0.00134232 0.0117529 0.00177534 0.00792241 0.00136818 8.42601e-05 0.000194885 0.315843 0.0317894 0.389083 0.00624142 2.51926e-05 1.07414e-11 0.0412847 0.0013067 0.000428263 0.00748114 0.0239117 0.0211901 0.000734732 0.0439056 0.0260377 0.000499436 0.025396 
0.0866079 0.0655948 0.0159652 0.015962 0.00550029 0.254803 0.00210287 0.0022133 0.00164576 4.06046e-06 0.0875786 0.0245967 0.317721 0.00254581 1.45979e-05 2.10962e-05 0.00499528 9.17751e-05 0.00011264 0.000441542 8.95152e-05 0.0514444 5.40931e-05 0.00449349 0.00396843 0.000793992 0.0506379 
0.000628352 0.0250169 0.022245 0.007512 0.0740044 0.039067 0.120253 0.00126708 0.00372034 5.93858e-06 0.123185 0.0299099 0.342073 0.00689896 0.000165961 1.14846e-07 0.0507147 0.00180665 0.000291296 0.00899989 0.014352 0.0432397 0.000638156 0.00908378 0.00491822 0.0386581 0.0313448 
