0.01161 0.0645645 0.010046 0.00477153 0.0461583 0.0114538 0.0148722 0.0107374 0.000614805 0.000838299 0.177119 0.150294 0.183724 0.0143899 8.61843e-05 0.000705871 0.0655448 0.000431833 0.00123391 0.00125897 0.0064847 0.143617 0.000782901 0.0308564 0.00288424 0.011675 0.0332443 
3.26127e-05 0.00344953 0.0501382 0.0130913 0.00195961 0.000128968 0.000336586 0.00094695 1.38838e-06 2.9895e-06 1.88815e-10 0.104135 0.677763 3.97013e-08 9.89836e-06 3.38707e-09 0.00307708 8.32815e-06 3.78795e-09 0.0515299 8.71958e-09 6.73117e-05 4.83669e-07 0.000227932 8.8008e-05 0.0925261 0.000478767 
0.000242099 0.0648342 0.0020175 0.00474499 0.0058217 0.000268009 0.0128385 0.00434548 0.000758697 1.5037e-05 0.0468849 0.154609 0.620902 0.000817495 0.000669735 3.48043e-07 0.0234744 0.000211731 0.000312172 3.52754e-05 0.00102554 0.0152627 4.99635e-05 0.0047145 0.000160546 0.00145272 0.033531 
3.73625e-05 5.55297e-10 0.00447126 1.17433e-09 3.36351e-05 1.1873e-09 0.00368686 0.0229609 6.76412e-07 3.17587e-06 0.104598 3.15762e-05 0.616443 8.50443e-07 0.00123365 3.52053e-09 3.60069e-08 3.36964e-09 0.000112508 0.185416 2.4198e-06 6.67129e-10 4.78885e-06 2.43214e-06 6.42726e-10 1.66546e-06 0.0609587 
2.96119e-05 0.00611602 0.00533061 0.000106131 0.00542137 0.155613 0.00416697 0.00408464 1.22466e-07 2.33245e-08 0.187272 0.0121021 0.578052 0.00398446 0.000130185 1.84805e-11 0.00949304 5.73897e-08 3.29123e-08 0.000153156 0.000108894 0.00387895 0.000602151 0.00984014 8.19467e-08 0.000402578 0.0131117 
0.000139895 0.0475187 6.04471e-06 0.00335983 0.00155272 0.00036127 0.0291983 0.000505556 0.000382197 4.09246e-06 0.331694 0.0122745 0.505769 0.000137819 7.32798e-06 4.98664e-12 0.0370268 4.56306e-05 0.000116419 1.99296e-07 9.44232e-09 0.00503499 4.92106e-12 0.00666788 0.00549339 0.000947736 0.0117554 
0.000171907 0.0172148 0.152469 0.00236948 0.00785458 0.0253635 0.0234917 0.00195936 0.000532206 2.81278e-05 0.112454 0.00346324 0.583036 0.010783 0.00357324 2.88552e-07 0.00180792 9.70156e-06 5.02335e-05 0.00267709 9.64986e-05 0.00681941 0.00795185 0.00531872 0.00184263 0.00573597 0.0229252 
6.23156e-05 0.00459476 0.00112053 0.00745394 0.00636045 7.0993e-05 0.00231792 0.00291764 1.83431e-06 0.000313476 1.21068e-07 0.00631991 0.693963 4.40621e-05 1.71194e-05 1.59089e-12 0.00516324 7.53727e-05 4.85755e-09 0.00158822 6.06855e-06 0.00401237 9.18651e-09 0.00836683 0.187502 0.063666 0.00406214 
4.37665e-08 0.00325838 0.00697114 0.00017253 0.00838465 0.0288851 0.000713762 0.00673665 7.33143e-05 8.66676e-06 0.12074 0.00482486 0.754323 0.00267786 6.51003e-05 3.85222e-12 0.00264403 2.40087e-05 1.39237e-08 4.22358e-09 0.000532858 0.00674343 0.000652315 0.00889511 7.87988e-06 0.00377128 0.0388931 
0.00639511 0.0130971 0.0361315 0.164704 0.0749904 0.000779709 0.00286992 0.0144624 6.71981e-05 1.86315e-06 0.0590474 0.0397171 0.372182 0.0083132 2.99623e-07 6.78812e-06 0.0825976 2.3316e-07 0.00110732 0.00415056 0.00741811 0.0273706 1.29931e-10 0.00813767 7.42724e-05 0.00181272 0.0745649 
0.00106684 0.0245781 0.00476909 0.00253825 0.00398969 0.0151763 0.00252854 0.00170053 6.91822e-05 1.16112e-05 0.107134 0.0306328 0.742453 0.00605389 8.00293e-06 1.89183e-06 0.00852542 1.49307e-05 0.000665964 0.000139774 0.000244774 0.0165069 2.27953e-05 0.00728628 0.000592402 0.00337374 0.019915 
1.44199e-05 0.0532937 0.0133131 0.00855853 0.0185592 0.00789711 0.0670046 0.00241052 0.019189 0.000158794 0.00813797 0.0822464 0.655215 0.0103887 4.1704e-05 0.000140506 0.0272862 0.00141705 0.000122417 0.000389454 0.000461637 0.0074131 0.001359 0.00355434 0.00280222 0.00436844 0.00425716 
6.60941e-09 2.01768e-07 0.00437733 1.5738e-07 0.0602617 0.0370408 0.00833414 0.00200449 3.49411e-07 9.5706e-09 0.121363 0.0073192 0.681773 0.0502584 0.000690445 1.36015e-10 0.00151977 1.30185e-10 1.52113e-10 1.13861e-10 0.00085516 5.63119e-07 1.48142e-06 0.00242764 2.48315e-11 0.00182092 0.0199512 
0.000282556 0.00105732 0.0441069 3.95718e-05 0.0162993 0.00230661 0.000218746 0.000621455 0.00133837 6.20011e-06 0.0479473 0.000721373 0.46655 0.00547467 1.3242e-06 2.41142e-10 0.000637261 3.08673e-06 0.000122276 0.399393 0.000498273 0.00184946 0.00217334 0.00500638 3.32554e-05 1.61179e-05 0.00329557 
0.00413123 0.0276802 0.00128889 0.000790687 0.017681 0.0567996 0.00448358 0.0345678 4.48605e-08 3.11408e-05 0.113851 0.0580114 0.520557 0.0040468 5.85266e-05 3.51304e-12 0.00554096 3.4437e-05 1.44457e-08 4.83288e-09 0.00311313 0.00839679 0.0208659 0.112754 2.54547e-05 0.000268371 0.00502184 
0.00127602 0.0151333 0.00562671 0.000895331 0.00248686 0.103602 0.00380349 0.00159191 0.000136647 5.78746e-06 0.164838 0.00864092 0.64904 0.000920072 1.19473e-05 4.90998e-08 0.0139875 0.000206008 6.00098e-05 0.000288493 0.0016769 0.00319059 4.13404e-05 0.00712805 4.84739e-05 0.00373646 0.0116282 
0.000280514 0.00379109 0.000255736 3.94634e-07 0.00596419 4.98851e-07 0.00117777 3.09911e-05 0.0154875 2.22274e-08 0.0165746 0.0440817 0.453054 0.00205973 2.15855e-06 3.80628e-07 0.00594419 5.7252e-05 0.000142423 3.0917e-05 0.368227 0.00662509 2.09052e-05 0.000325562 3.31042e-06 0.0179777 0.0578843 
0.00165459 0.0339177 0.00896556 0.00384157 0.0323954 0.00265008 0.0303165 0.000692727 0.000111606 7.65784e-06 0.0515525 0.0434525 0.462126 0.0178587 4.29759e-05 3.20133e-08 0.163816 0.00115989 6.26218e-05 0.000796914 0.0214528 0.0192745 4.18416e-06 0.0125768 0.0259518 0.0221468 0.043171 
3.26127e-05 0.00344953 0.0501382 0.0130913 0.00195961 0.000128968 0.000336586 0.00094695 1.38838e-06 2.9895e-06 1.88815e-10 0.104135 0.677763 3.97013e-08 9.89836e-06 3.38707e-09 0.00307708 8.32815e-06 3.78795e-09 0.0515299 8.71958e-09 6.73117e-05 4.83669e-07 0.000227932 8.8008e-05 0.0925261 0.000478767 
0.00195482 0.0308582 0.00825026 0.0297233 0.0289942 0.00766189 0.0490447 0.00437568 0.00931574 1.38523e-05 0.113769 0.0253052 0.54753 0.00257823 4.83431e-05 3.03006e-05 0.0154533 0.000825542 0.00170924 0.00311158 0.000705649 0.0104035 0.000113671 0.00391494 0.00562296 0.0672158 0.0314699 
0.007328 0.0184011 0.000501577 0.00210317 0.036943 0.0168993 0.00330721 0.000190749 0.000139803 3.17829e-06 0.0901124 0.110051 0.496964 0.015871 2.12005e-05 2.64827e-06 0.0452283 0.00195471 0.000190494 5.86636e-06 0.00277538 0.0427654 0.000142521 0.010487 1.56212e-05 0.00291004 0.0946856 
2.76404e-10 0.00891409 0.201123 0.00145604 0.014302 0.0284051 0.000116592 0.0659882 2.79283e-07 9.64161e-06 0.0897535 0.00944401 0.425319 0.000433362 1.35979e-05 5.3252e-10 0.00734066 7.23731e-08 0.000863788 4.45784e-10 0.0291599 0.00187815 0.000892496 0.0567249 2.57493e-05 5.38523e-08 0.0578358 
0.00727749 0.0169476 0.00106223 3.20413e-05 0.00229326 0.0261271 0.00156751 0.00014251 1.27977e-05 1.85331e-06 0.0591462 0.0384233 0.812236 0.00504889 2.4409e-05 1.8017e-12 0.00416715 0.000539681 1.88531e-08 1.19876e-08 0.00087555 0.00210376 8.69799e-06 0.00312087 1.19765e-05 0.00032538 0.018504 
0.00102874 0.0475004 0.0157246 0.00689084 0.0384836 0.0179547 0.0505611 0.00322984 0.000132141 1.26895e-05 0.172326 0.0542624 0.439372 0.00539689 3.81625e-05 0.000956128 0.0387247 0.00262963 0.0239335 0.00155703 0.00250334 0.0120561 0.00244348 0.0144889 0.0108032 0.00471753 0.0322722 
0.007328 0.0184011 0.000501577 0.00210317 0.036943 0.0168993 0.00330721 0.000190749 0.000139803 3.17829e-06 0.0901124 0.110051 0.496964 0.015871 2.12005e-05 2.64827e-06 0.0452283 0.00195471 0.000190494 5.86636e-06 0.00277538 0.0427654 0.000142521 0.010487 1.56212e-05 0.00291004 0.0946856 
0.000207855 0.000225523 0.00286951 0.000427961 0.00806761 0.00152457 0.000444749 0.000126594 0.000149838 7.12692e-06 0.00389034 0.000350964 0.944971 0.0022431 9.53603e-06 5.54197e-12 0.00081222 0.000165961 0.00015977 4.63931e-12 0.0322279 7.05793e-05 0.000184705 0.00022893 1.85815e-06 0.000158811 0.000472739 
0.00316039 0.019699 0.00814554 0.000979259 0.038193 0.00762661 0.037628 0.0016953 0.000421271 2.29181e-05 0.225971 0.147382 0.365547 0.00476641 0.000495334 6.43672e-08 0.0577532 0.00157776 0.00058769 0.00728295 0.00489083 0.00939084 0.000237644 0.0105934 0.00147735 0.0139217 0.0305541 
0.00103067 0.000136123 0.000846764 0.00150544 0.000381212 2.30562e-06 0.0173077 0.000776472 8.09602e-08 1.32466e-06 0.0234126 0.000547257 0.901761 8.85489e-06 0.000248796 1.1793e-10 0.00447194 1.89859e-06 5.54329e-08 0.0409899 1.99883e-07 0.000197734 6.94909e-05 0.00019832 5.85972e-06 8.3413e-05 0.00601463 
0.000888492 0.0245242 0.00060582 0.00225022 0.0158271 0.0164356 0.219337 0.002178 0.00137013 5.03941e-06 0.0541089 0.11551 0.3711 0.00194523 0.000497145 3.64129e-07 0.0833351 0.000450684 0.000103682 4.54662e-06 0.000804542 0.0461776 0.0012189 0.012411 0.000129484 0.00404777 0.0247328 
1.94254e-09 9.15796e-05 0.00996942 1.24837e-09 0.245477 1.26215e-09 0.0292268 0.000202855 0.0014535 2.99311e-09 2.08629e-10 0.00603553 0.269836 0.0572806 0.00887279 3.74249e-09 0.0965777 3.58208e-09 4.18544e-09 0.000546511 0.0985986 7.09189e-10 3.69327e-09 0.10526 6.05642e-06 1.16666e-05 0.070553 
0.00110459 0.0334264 0.00545337 0.00349237 0.0514891 0.0108047 0.00190345 0.002519 0.00454299 1.90776e-05 0.0674877 0.0693085 0.322698 0.00547732 1.22617e-05 2.13636e-06 0.00538452 9.98453e-05 0.00246493 0.000265121 0.00274307 0.0942264 0.103031 0.0760161 5.43304e-05 0.0614097 0.0745649 
0.0228765 0.0037452 0.000704849 9.91443e-05 0.154462 0.00331202 3.6269e-06 0.00145999 7.46229e-08 0.000370933 0.150247 0.0204236 0.283596 0.0608627 7.88638e-08 2.50925e-11 0.0373698 0.00127124 2.04251e-06 8.86556e-08 0.00816147 0.012382 6.11157e-07 0.00246685 0.176124 0.000500888 0.0595565 
0.00945319 0.119767 8.3032e-05 0.0119283 0.0284484 0.000708938 0.00863905 0.00163824 2.81114e-05 1.67073e-06 0.143674 0.134295 0.204591 0.00380971 3.71322e-08 6.17859e-11 0.0646182 0.011002 0.00131626 9.93716e-08 0.0157455 0.108534 2.12838e-05 0.0303769 0.00557498 0.0530937 0.0426514 
0.00933351 0.0467499 0.00206143 0.00202052 0.00515986 0.0227068 0.00247722 0.000136497 2.11154e-05 4.32762e-06 0.12639 0.0396801 0.690206 0.00084918 8.15594e-06 3.06394e-12 0.00499558 1.38363e-05 1.987e-05 2.77286e-05 0.000306293 0.0239619 8.72494e-10 0.0164231 1.58133e-05 0.000223792 0.00620708 
6.06568e-05 0.105231 0.0916073 0.00209921 0.0156524 0.01653 0.0191099 0.00574059 0.0013977 4.90429e-08 0.105832 0.0232395 0.525451 0.0248716 1.39701e-05 0.00218504 0.00872645 0.00482864 0.000147742 1.99097e-07 0.00137822 0.00428633 1.55942e-05 0.0328465 0.00341737 0.00371536 0.00161605 
0.00736435 0.028139 0.00027386 2.32468e-05 0.00174219 0.0241013 0.00606701 7.81789e-05 0.000164486 8.72828e-08 0.0443467 0.0331644 0.83776 0.0046693 1.21033e-05 1.44041e-12 0.00252934 0.00249976 3.43707e-06 1.85765e-06 0.000550267 0.000957112 3.04826e-05 0.00174083 1.232e-05 0.000287213 0.0034811 
0.00394679 0.0876956 0.0017131 0.00334697 0.00877936 0.0252988 0.0140008 0.00055908 0.00118509 6.90824e-05 0.275369 0.0979446 0.369482 0.00251247 1.30263e-05 1.14088e-09 0.0409491 0.00146286 0.000379716 7.19003e-05 0.00172649 0.0136124 5.75839e-06 0.0140155 0.00720952 0.00418948 0.0244622 
0.00366765 0.0296489 0.0351518 0.000548168 0.00428145 0.0265138 0.000569613 1.75584e-05 0.000334341 0.000465776 0.154283 0.031556 0.582012 0.00544282 8.84577e-06 3.82016e-07 0.0240587 0.00016323 0.000243207 0.00194889 0.00593176 0.000381022 0.00017736 0.00595272 0.000180591 0.000776779 0.0856837 
0.00204326 0.0209336 0.0086097 0.00261063 0.0130016 0.0114945 0.02875 0.00732284 0.000106291 0.000397109 0.130394 0.0266969 0.604557 0.00401797 0.00022773 4.03468e-10 0.0100569 0.000671419 0.000901237 0.0189856 0.000748535 0.0139505 0.00012003 0.0162968 0.00503992 0.0386069 0.0334585 
0.000682766 0.0256826 0.0426201 0.118774 0.0231819 0.107238 0.00102723 0.0270894 0.0223581 2.03221e-05 0.0536327 0.0208285 0.482248 0.0088677 1.23479e-05 1.53844e-10 0.000219692 2.0223e-05 5.94212e-05 4.93989e-07 0.00113377 0.0107754 0.0190666 0.0159423 0.00978366 0.00684221 0.00189284 
3.28264e-08 0.0364005 1.45201e-09 8.06338e-08 4.13438e-14 0.00747814 0.00398813 5.20091e-08 1.87163e-10 1.33054e-08 0.0353943 0.0111335 0.89202 2.03247e-09 8.55912e-13 6.34963e-13 0.00269411 2.05424e-08 7.28628e-05 1.47822e-07 1.34014e-13 8.52251e-08 6.26613e-13 0.00120476 0.00509982 7.65798e-10 0.00451357 
0.000928484 0.0130077 0.000785379 1.66666e-05 0.0238765 0.0222687 0.00137179 5.49927e-05 0.000215047 3.61777e-09 0.386818 0.0513508 0.467745 0.00916443 5.78255e-06 1.66558e-07 0.00546299 5.99233e-05 3.58077e-05 3.84352e-05 0.00516773 0.00615384 2.18221e-05 0.00372391 6.95888e-06 0.000137547 0.00158148 
0.000147365 0.00382415 0.0155059 0.00353807 0.00367771 0.000867982 0.00230241 0.00200218 0.00158524 7.37398e-05 0.0131695 0.00503827 0.893613 0.000305234 6.83285e-05 2.66127e-07 0.00276429 8.1017e-06 1.31044e-05 0.00112454 0.000212796 0.00185053 8.01217e-06 0.000639687 0.000252692 0.0435791 0.00382824 
0.000140082 0.00855936 0.0010699 0.000239485 0.00126626 2.27324e-05 0.00181337 6.48906e-05 4.07198e-05 1.90639e-05 0.000138983 0.00012521 0.893113 0.000588778 4.73076e-05 1.54267e-07 0.000247749 0.0826112 0.00319994 7.74542e-05 0.00157449 0.000371401 1.22512e-05 0.000333858 0.00175488 9.24044e-05 0.0024748 
1.69848e-06 0.0101997 0.0438506 0.0266775 0.159798 1.69908e-06 0.135451 1.69858e-06 1.69826e-06 1.69758e-06 0.115091 0.0509976 0.173219 1.69959e-06 1.6958e-06 1.69693e-06 0.0491286 1.69707e-06 1.69654e-06 0.00560329 0.0134277 0.0717233 0.00458353 0.00272082 0.0185272 1.69981e-06 0.118981 
0.000350763 0.00745145 0.000571411 0.000649542 0.016086 9.71772e-06 0.0187794 7.30171e-05 1.79229e-05 1.88652e-05 0.00667019 0.000380493 0.852041 0.00701623 1.35356e-05 1.44785e-09 0.00830039 0.00704798 7.64097e-05 1.80998e-05 0.00274025 0.00345528 5.54935e-07 7.54619e-05 0.0355407 0.00017792 0.0324375 
0.00133613 0.0091123 0.00514804 0.0114911 0.00127493 0.00534525 0.0148756 0.000526993 3.08741e-05 4.13044e-05 0.123016 0.00901641 0.667418 0.00054895 0.00011827 1.0779e-10 0.0441516 0.000863151 0.0030221 0.0135009 0.000332837 0.00122287 0.000135555 0.00281291 0.00151785 0.00171317 0.0814264 
0.162838 0.0266131 0.169087 0.00125048 0.191703 0.00455602 0.00571837 0.000825381 0.000960667 9.42729e-06 0.0602896 0.0215652 0.198238 0.0622105 4.86509e-05 9.9685e-08 0.0223572 1.30648e-05 0.00287989 8.34486e-08 0.014537 0.00880937 9.83741e-08 0.0399026 3.12093e-06 0.00183024 0.00375399 
0.000946916 0.0796628 0.00375634 0.0668483 0.00808327 0.011349 0.0193503 0.00257539 0.000298637 4.04853e-05 0.05294 0.1916 0.33308 0.00305154 2.45245e-05 2.93416e-06 0.0670907 0.000213233 0.000394737 0.000391388 0.000729931 0.083735 0.00863101 0.0179557 0.0207789 0.00211614 0.0243531 
0.000352381 0.0121357 0.23215 0.0348247 0.0397597 0.00620397 0.00374984 0.00650788 0.0043142 1.32239e-05 0.200282 0.0373151 0.304716 0.0118152 4.79605e-05 8.40678e-07 0.0109723 1.50302e-05 0.00243407 0.010698 0.00161641 0.0123049 9.87717e-07 0.00532597 8.61592e-05 0.00208704 0.0602711 
0.0388267 0.0547544 0.0122656 0.00119441 0.0724597 0.00703167 0.0512178 0.000622294 0.000271031 2.17497e-06 0.0483347 0.0119394 0.398494 0.0155661 3.87526e-05 1.84633e-10 0.0378991 0.0230997 0.0183753 0.029699 0.012281 0.000828555 0.000502199 0.0474311 0.00693728 0.0524847 0.0574428 
0.00578625 0.0242395 0.000832906 0.00226977 0.0281329 0.0350582 0.00326258 4.26213e-05 0.000237589 1.86875e-06 0.137608 0.131608 0.487896 0.0122251 3.86908e-05 8.60852e-10 0.0378738 0.00114821 0.000139526 6.82661e-05 0.002842 0.0415041 8.26114e-05 0.0163826 1.42086e-05 0.00249843 0.0282053 
4.84206e-06 0.00857946 0.00855265 3.11175e-06 0.00267481 0.000884469 0.00276247 5.54239e-05 0.000390325 3.07858e-05 0.0649403 0.000411141 0.900592 0.000415886 1.25748e-05 1.99341e-05 0.000363536 8.92886e-06 6.38055e-05 9.88088e-05 5.73679e-05 0.00315074 9.20602e-06 0.000222627 4.13946e-05 2.00645e-05 0.00563314 
0.00337829 0.0990215 0.00499788 0.00330522 0.0248384 0.0119769 0.00801831 0.00204271 0.0027861 6.33546e-06 0.165977 0.144106 0.320213 0.00227029 0.000493496 6.05795e-06 0.0456864 2.66593e-05 0.000257071 0.000259417 0.00746278 0.018494 0.000104751 0.0247186 0.000616468 0.00505079 0.103886 
0.000461889 0.0624089 0.00501452 0.00292329 0.0034396 0.0118885 0.00119552 0.0101468 4.70478e-05 2.64719e-05 0.10223 0.0741752 0.599462 0.00132574 2.41289e-05 1.44368e-10 0.0154468 0.00036335 0.00834272 6.14629e-05 0.000251492 0.0456479 3.5347e-05 0.025476 0.000425128 0.0034457 0.0257342 
5.19954e-10 0.0142081 0.123924 0.0264338 0.00135764 1.23985e-06 0.00300208 3.81898e-07 5.51031e-08 8.01159e-10 0.0442247 0.0461176 0.366935 0.0024881 2.45767e-06 1.00174e-09 0.266679 9.58808e-10 7.21651e-06 0.00396373 2.11426e-10 0.01721 9.8857e-10 0.0315149 0.000442303 7.0113e-07 0.0514878 
0.00206 0.239754 0.000110993 0.00638144 0.000447455 0.0573751 0.000889371 0.000757272 4.64491e-05 1.73618e-06 0.242327 0.0628198 0.334687 7.8091e-09 4.52627e-05 4.32953e-11 0.00171406 7.44531e-06 4.3594e-05 0.0002682 2.62583e-08 0.0178293 4.27259e-11 0.0276624 0.000854922 9.33333e-05 0.00382362 
0.00198446 0.0913864 0.000913916 0.0252405 0.00579109 0.00371072 0.00451031 0.000734045 2.01372e-06 0.000100681 0.104333 0.0338631 0.494703 0.00264031 3.05234e-05 1.07853e-09 0.049915 0.000691597 0.00329615 0.000278132 0.00184768 0.0320071 1.19348e-06 0.00688751 0.0320106 0.00186657 0.101255 
0.000109984 0.0031135 0.000403363 1.28422e-07 0.00967575 6.88511e-06 0.000534891 9.55236e-05 4.57741e-05 3.25399e-05 7.45398e-08 6.71489e-08 0.953684 0.00169565 3.7683e-05 2.31354e-12 0.000238594 0.0015674 0.000107548 4.14755e-08 0.0261665 0.00025747 1.32542e-05 4.16058e-05 9.72139e-05 4.95523e-08 0.00207454 
0.000101048 0.00665833 0.000877254 0.000439909 0.0194198 1.37877e-05 0.00107106 8.90097e-05 2.54385e-05 2.43749e-05 0.00936053 2.58847e-07 0.881826 0.00807381 1.88456e-05 6.98375e-12 0.0112757 0.00527416 6.99143e-05 1.59879e-07 0.00402065 0.00470051 2.50221e-08 8.32685e-05 0.000196078 1.91015e-07 0.0463803 
0.00388933 0.0407905 0.000231629 0.000986415 0.00428131 0.0140194 0.00422347 0.000189866 1.91396e-05 6.79215e-06 0.0607719 0.0353319 0.752585 0.00392187 9.04944e-06 2.11156e-12 0.0134618 0.000887579 0.000141756 0.000117866 0.00127246 0.00365357 4.66961e-06 0.00364104 0.0501688 0.00068381 0.00470942 
0.000235237 0.00449109 0.000375848 0.000192007 0.00923557 6.85435e-06 0.0090937 0.000100217 4.44148e-05 3.56046e-05 0.000386912 0.000179785 0.912109 0.00192262 3.47531e-05 2.37915e-12 0.000973165 0.00330967 0.000110443 8.01074e-06 0.0368629 0.000289991 1.63586e-05 4.96789e-05 0.0169023 8.38116e-05 0.00295002 
0.00299304 0.0283214 0.0235306 0.0332628 0.0126334 0.0304431 0.0479151 0.00191676 0.0048858 2.58757e-06 0.0706076 0.00282381 0.483577 0.00536204 8.03127e-05 1.84217e-09 0.0110343 0.00197425 0.00110491 3.16529e-05 0.00653344 0.0096829 3.63438e-05 0.00572701 0.0156632 0.000759081 0.199097 
0.000410468 0.00708453 0.00962242 0.00357526 0.00092131 0.00824241 8.59459e-05 0.00202133 1.29701e-05 3.59297e-06 0.103795 0.0357147 0.733556 0.000521251 3.09756e-06 1.78011e-06 0.00830792 3.71533e-05 4.51638e-05 2.17704e-05 2.71591e-06 0.0239612 0.000447313 0.0604732 3.24987e-07 5.96321e-05 0.00107166 
0.0270527 0.0915574 0.00662435 0.00189456 0.114302 0.0588652 0.0039851 0.00107658 0.000619322 5.07942e-06 0.15472 0.121404 0.245383 0.0314613 0.000215365 2.6531e-11 0.0342987 0.000572269 0.00443561 1.66304e-05 0.0271577 0.0158731 3.57194e-05 0.0336891 9.75346e-05 0.000801908 0.0238566 
0.00140325 0.055289 0.005119 0.0665743 0.00482649 0.00268815 0.00811971 0.00139436 2.99309e-08 1.60207e-05 0.0361447 0.00293552 0.518556 0.00130823 1.79536e-06 0.014074 0.00354031 0.000237572 0.00146604 0.000460418 0.000910068 0.102946 5.13621e-05 0.0171778 2.5059e-05 0.000190539 0.154545 
0.00442967 0.0251206 0.0362744 0.0142812 0.0440464 0.010784 0.00722817 0.00361108 0.00280512 0.000209361 0.267762 0.036878 0.375781 0.0432636 1.00278e-05 1.31157e-06 0.0228704 0.000303009 0.000828045 0.00202705 0.0154832 0.0177544 7.0184e-05 0.010189 4.66206e-05 0.028943 0.0289994 
0.00215918 0.109026 0.0259547 0.101628 0.0122698 0.137499 0.00527699 0.00177157 2.10578e-05 8.14404e-07 0.161628 0.0865415 0.165208 0.0175523 0.000162908 2.15548e-05 0.0561073 0.00622861 0.000289262 0.000212393 0.000826095 0.0271266 0.000127638 0.0148057 0.00983846 0.00195346 0.055763 
0.00207075 0.00765033 0.0101497 9.86659e-05 0.000948926 0.0259918 0.00577293 0.00075567 0.000414738 0.000282714 0.083874 0.00847105 0.812648 0.000526868 0.00190833 1.73656e-10 0.000574156 1.0749e-05 2.34151e-07 3.53044e-05 7.38253e-05 0.00222377 0.000403302 0.0027135 0.000225861 0.000143301 0.0320314 
8.31072e-07 0.0110612 3.68715e-08 0.000290594 0.000220568 0.00157009 0.0132585 0.000323628 4.27831e-07 3.37257e-07 0.0603427 0.0290322 0.872287 2.00399e-06 4.58866e-07 6.94993e-10 0.0049433 5.20506e-07 4.01521e-07 3.74143e-06 1.46684e-10 0.000247852 6.85853e-10 0.00219438 0.0010882 1.16954e-06 0.00313033 
0.000139895 0.0475187 6.04471e-06 0.00335983 0.00155272 0.00036127 0.0291983 0.000505556 0.000382197 4.09246e-06 0.331694 0.0122745 0.505769 0.000137819 7.32798e-06 4.98664e-12 0.0370268 4.56306e-05 0.000116419 1.99296e-07 9.44232e-09 0.00503499 4.92106e-12 0.00666788 0.00549339 0.000947736 0.0117554 
1.51116e-06 0.000993721 0.0385902 2.3716e-05 0.014065 0.00172903 0.000144773 0.000383505 0.00100095 5.07144e-06 0.0420394 0.000578219 0.494113 0.00304713 9.51027e-07 2.34269e-10 0.0006012 2.08598e-07 0.000116056 0.391203 0.000386407 0.00148163 0.0018422 0.00504702 2.58322e-05 1.15916e-05 0.00256854 
8.81009e-05 0.0502319 0.00166334 0.00315701 0.0115494 0.00545402 0.0283498 0.00167729 0.0221443 2.32191e-05 0.165861 0.0172535 0.500372 0.000840747 1.8112e-06 7.22527e-05 0.00885894 0.000185252 0.00117424 0.000353613 0.000622049 0.0310977 2.2029e-06 0.00251776 0.0750914 0.00069785 0.0706595 
2.66792e-05 3.00387e-05 1.81088e-06 9.02338e-10 1.76136e-10 0.000121519 5.07991e-06 2.12927e-06 1.59155e-09 2.16346e-09 3.99317e-05 4.59383e-05 0.999696 4.96924e-06 3.64642e-09 2.70512e-09 5.25924e-06 2.58917e-09 3.02528e-09 2.26451e-09 5.13898e-06 2.5123e-06 2.66954e-09 8.61281e-06 3.21058e-06 7.69698e-07 3.87609e-10 
0.00289879 0.104369 0.00646376 0.0021759 0.00550181 0.0707183 0.0633067 0.00960937 0.00154783 1.1182e-05 0.0792029 0.0748427 0.254146 0.00894167 6.15802e-05 2.218e-05 0.0440028 0.000347429 0.000430374 0.0043196 0.000881957 0.00147331 0.00076277 0.00856059 0.00466524 0.0114715 0.239265 
0.000172472 0.12772 0.0188014 0.0060762 0.0142735 0.0801889 0.0537315 0.001003 0.0199489 2.56352e-05 0.0561899 0.036975 0.470795 0.00628911 0.00011443 2.48487e-06 0.0200857 0.00248104 0.00264884 0.000267219 0.00247578 0.0159153 0.000750076 0.0392399 0.00382076 0.00780127 0.0122069 
0.000970784 0.0160184 0.000884149 1.74518e-05 0.000815002 0.0100142 0.00195023 1.43579e-05 0.000161791 1.04239e-07 0.189793 0.157302 0.58021 0.000857972 3.80664e-06 1.33397e-11 0.0138528 5.69278e-06 4.97461e-08 4.78362e-09 0.00015842 0.00659188 4.73626e-09 0.00308356 1.05579e-05 0.00011916 0.0171656 
8.89016e-08 0.00846129 0.0169804 8.97949e-05 0.00627298 0.0336344 0.000891533 0.000406468 8.55613e-09 3.27298e-05 0.304227 0.0139083 0.52691 0.00187943 6.02034e-05 5.78346e-12 0.00835475 3.52597e-05 8.10102e-06 0.000165828 0.000886186 0.00523089 8.48946e-05 0.0251292 5.08499e-05 0.00226051 0.0440383 
0.0104612 0.142697 0.0148324 0.00125984 0.0412327 0.000687584 0.0658112 0.00602277 2.9414e-06 7.56583e-07 0.0708866 0.0853404 0.304932 0.0112035 0.000473499 1.24059e-08 0.0739534 0.000808473 0.00025237 0.0462184 0.00726803 0.0264645 0.000271825 0.00639209 0.000489262 0.054552 0.0274857 
0.000544026 0.0704756 8.32063e-05 0.00381584 0.0163641 0.00631475 0.0405432 1.37327e-05 0.000136623 3.15284e-06 0.159682 0.0294522 0.455765 0.000728893 1.95021e-08 1.05634e-11 0.059231 0.00048072 0.000646645 0.00200025 0.000765019 0.000465214 0.000111224 0.00149553 0.120562 0.000876556 0.0294436 
2.76404e-10 0.00891409 0.201123 0.00145604 0.014302 0.0284051 0.000116592 0.0659882 2.79283e-07 9.64161e-06 0.0897535 0.00944401 0.425319 0.000433362 1.35979e-05 5.3252e-10 0.00734066 7.23731e-08 0.000863788 4.45784e-10 0.0291599 0.00187815 0.000892496 0.0567249 2.57493e-05 5.38523e-08 0.0578358 
0.0023044 0.0440869 0.0106107 0.0270745 0.0319475 0.013507 0.0213899 0.00528378 0.000465313 6.75258e-05 0.175944 0.0653807 0.333288 0.00375963 1.88145e-05 5.77334e-06 0.0802155 0.000893038 0.00022607 0.00150247 0.00388017 0.05208 0.000917172 0.0140395 0.00930021 0.0213599 0.080451 
0.000197303 0.000680439 0.00876587 0.000437065 0.0152772 0.00321163 0.000467533 0.000423191 0.000341615 6.07042e-06 0.00432104 0.000868597 0.922316 0.00371153 9.08916e-06 6.09719e-12 0.00104304 0.000189907 0.000133495 1.14363e-07 0.0339273 0.00026131 0.000293962 0.000442215 1.89839e-06 0.00207457 0.000597878 
0.00369395 0.0796444 0.00760622 0.0080826 0.0173449 0.00828465 0.00221787 0.00258292 0.000712986 1.74391e-05 0.0909751 0.0376596 0.570538 0.0226986 6.57737e-06 1.01217e-09 0.032 0.000129704 6.61347e-05 0.00172429 0.00198403 0.0587414 6.50195e-05 0.0396378 0.00711177 0.000463766 0.00601064 
0.000102168 0.0159599 0.00187491 1.91437e-06 0.00232967 1.39095e-05 0.00107865 5.91755e-05 2.56561e-05 1.5147e-07 1.11115e-06 1.00098e-06 0.806561 0.000967904 1.9132e-05 4.20653e-11 1.98073e-06 0.158142 0.004708 6.18276e-07 0.00278056 0.000515801 9.67769e-08 0.000496107 0.000205911 7.3867e-07 0.00415197 
5.52434e-05 0.000393167 0.00141987 5.95061e-08 0.0104464 0.000204053 1.0536e-05 0.00016552 0.000210948 1.54085e-08 4.99425e-08 4.55596e-08 0.941812 0.00247657 8.89332e-06 3.98181e-12 0.000111991 0.000165577 8.00253e-05 3.33326e-12 0.0416178 9.02507e-05 0.000161882 7.30484e-05 1.35732e-10 3.59832e-08 0.000496117 
9.60236e-05 0.0622499 0.00701189 0.000758679 0.0435779 0.061455 0.00821672 0.0145124 0.000168888 3.08866e-07 0.118352 0.0259408 0.547501 0.0265793 0.000105179 0.00532312 0.00481841 0.000149418 3.36354e-06 1.6885e-05 0.00160644 0.0436348 0.000241487 0.0143368 1.34136e-05 0.00205652 0.0112729 
5.6313e-08 0.0110493 2.49388e-09 0.000288146 2.96054e-05 0.00286919 0.0156017 0.000347432 2.14161e-08 2.2836e-08 0.0564248 0.00654015 0.895076 1.87122e-06 2.44476e-08 1.94045e-11 0.00493862 3.52518e-08 2.71828e-08 2.53559e-07 4.09548e-12 0.000245611 1.91494e-11 0.00240298 0.00105648 1.07751e-06 0.00312657 
8.72419e-05 0.0174258 4.16521e-05 2.26658e-08 0.000150424 0.00027352 0.00012461 0.000582321 6.77277e-05 2.46344e-13 4.50976e-08 3.55837e-08 0.977286 0.000294447 1.16298e-09 3.08021e-13 1.71405e-08 0.000339348 2.03717e-05 2.57851e-13 0.000112629 0.00221459 2.61445e-09 0.000563454 5.63746e-08 1.89585e-09 0.000415936 
0.0123609 0.026583 0.000102124 1.9499e-05 0.00174352 0.0249698 0.00183431 0.000146928 1.9186e-05 1.22588e-07 0.105074 0.0897114 0.705721 0.00357874 1.76576e-05 1.03435e-12 0.00496252 0.000571501 2.37916e-05 2.40866e-05 0.00047994 0.00229872 1.30191e-05 0.00871368 8.52287e-06 0.0058269 0.00519506 
0.00776925 0.143478 0.073369 0.00216201 0.0362734 0.0941209 0.000845916 0.00676353 0.00798973 9.59425e-05 0.0475291 0.0633356 0.427086 0.0248167 1.23675e-05 6.14221e-10 0.0164457 2.4456e-05 7.98695e-05 0.0116037 0.000769839 0.00253443 4.05018e-07 0.00453608 0.000431011 0.0164624 0.0114642 
0.000119352 0.0168456 1.45991e-05 0.00150191 3.1671e-05 0.0102561 0.00172499 0.000350372 3.27032e-08 1.30653e-05 0.0411966 0.00866675 0.902953 2.16471e-05 6.69684e-07 7.88609e-13 0.00135815 6.21264e-06 2.06294e-05 0.00063474 1.46324e-06 0.00299761 3.03267e-09 0.00163962 0.00546434 0.000239387 0.00394157 
0.000909471 0.0514278 0.00137099 0.0240303 0.0133511 0.00762976 0.00653612 0.00153479 0.00414565 1.44526e-05 0.0471256 0.152332 0.270444 0.0019186 2.27285e-05 1.64008e-08 0.0289418 0.000209517 0.000672502 0.000466443 0.00396475 0.140219 1.99161e-05 0.00902895 6.57085e-05 0.00127468 0.232343 
0.00260497 0.0891128 0.0124465 0.0219477 0.0319782 0.0099391 0.0374055 0.00902548 0.00148176 9.72952e-05 0.150656 0.142117 0.238121 0.0133988 6.10779e-05 0.000613039 0.0704838 0.00675368 0.000977257 0.0278054 0.005932 0.0230888 0.00109672 0.0187974 0.00656261 0.0184567 0.0590396 
0.000329407 0.0404804 0.000498331 0.000762021 0.00235202 7.28123e-08 0.0268235 0.000619239 6.57109e-07 1.61484e-06 4.74107e-07 0.0389891 0.84024 7.64597e-09 5.43176e-06 4.45538e-10 0.0177989 0.00269199 4.9827e-10 0.0004784 1.64334e-09 3.98826e-05 9.34067e-08 0.00281613 0.000146582 0.0130449 0.0118806 
0.00343712 0.0231869 4.78095e-05 1.02414e-05 0.000535706 0.011127 0.00140952 6.2868e-05 2.72551e-05 6.53506e-08 0.0236583 0.0187993 0.906028 0.00161451 6.43909e-06 1.13388e-09 0.00290342 0.00286518 9.92679e-06 2.01616e-06 0.000321701 0.000902588 1.66321e-05 0.0020817 6.22886e-06 0.000111575 0.00082772 
0.0323497 0.0126408 0.00321203 0.00589251 0.0691253 0.0060617 0.0250586 0.00351238 0.00189771 9.24359e-06 0.104893 0.0167202 0.415853 0.0027768 1.30224e-06 0.00014446 0.0951289 0.00868874 0.0148613 1.49291e-05 0.00328377 0.00898083 4.18083e-05 0.00717929 0.0356187 0.00461109 0.121443 
0.000811057 0.0211763 2.28026e-09 0.00138084 0.000205151 0.00337541 0.000530462 0.000320965 4.87437e-06 3.65054e-05 0.200291 0.117385 0.604777 0.000262007 1.48967e-06 1.60183e-11 0.0211637 3.22351e-08 0.000162462 7.3156e-05 1.5894e-09 0.0175961 7.071e-08 0.00241 2.10446e-06 1.19592e-05 0.00802181 
0.000349381 0.0491499 0.00261319 0.00045629 0.0255505 0.045286 0.024264 0.000730469 0.00125828 1.07407e-05 0.115476 0.00738441 0.447034 0.00180112 1.77492e-05 8.26377e-08 0.0139077 0.00424033 0.00394645 0.000155792 0.00367418 0.16902 0.00425626 0.0225578 0.00530838 0.0248592 0.0266917 
1.11608e-05 0.00684474 0.00037305 1.75603e-06 9.59347e-05 0.000118834 0.0141257 2.61886e-06 0.00018733 1.58244e-07 0.0226109 0.00886955 0.736075 1.30356e-05 8.07085e-10 5.9874e-10 0.17189 0.00696737 6.69605e-10 5.01219e-10 4.51552e-06 0.00385732 5.43364e-06 5.52849e-06 1.46955e-05 2.73455e-07 0.0279255 
0.00959735 0.0209334 0.000408059 0.000182838 0.00823943 0.00889488 0.040088 0.000270394 0.00026398 1.46843e-07 0.0750109 0.234948 0.453387 0.00683219 8.60716e-06 2.99746e-11 0.0129624 0.000660698 4.60525e-08 2.92853e-08 0.0242628 0.00550262 2.79922e-05 0.00881736 0.000190343 0.00953087 0.078979 
0.000584949 0.0506248 0.207902 0.0260478 0.105109 0.00761433 0.00365449 0.00533474 0.00103765 0.000151063 0.123299 0.0139575 0.34207 0.0167027 8.20362e-06 4.64417e-07 0.0254582 7.76952e-05 4.07277e-06 0.0108549 0.00193228 0.00329515 0.000721835 0.0252315 0.0201633 0.00254863 0.00561447 
0.000706727 0.013083 0.0451216 0.00193961 0.0204923 0.000413881 0.0107711 0.00273096 1.7843e-05 0.000534127 0.0277503 0.00541999 0.417625 0.000336081 2.0158e-05 1.62856e-09 0.00957938 7.03119e-05 1.73979e-05 0.377561 0.000416777 0.0036971 4.47634e-05 0.00323874 0.0316748 0.00394874 0.0227879 
0.00407604 0.0731403 0.000295364 3.44927e-08 0.0707641 2.68608e-07 0.00644592 0.00180501 1.71821e-07 0.000143295 0.0700398 0.0295055 0.316347 0.0192169 0.000365694 1.52928e-10 0.127604 0.158213 0.0036283 0.00132919 0.0033981 0.0233392 1.40684e-06 0.00604379 0.0493163 6.25634e-08 0.0349815 
6.00676e-05 0.0878394 0.000924999 0.0012276 0.0146177 0.00535345 0.194018 0.0001095 0.022763 1.03852e-06 0.129564 0.00542179 0.345527 0.00125309 6.92691e-06 2.46117e-11 0.00770128 0.00109417 0.000248393 0.00057691 0.00186069 0.00776354 1.78849e-07 0.00152721 0.121743 0.0373825 0.0114146 
0.000613099 0.011635 0.000692961 2.24797e-05 0.0236337 0.00267322 0.00684835 0.000169893 5.67059e-05 6.0068e-06 0.243058 0.0411603 0.354626 0.001492 1.35957e-05 1.37921e-09 0.0296411 0.0060991 0.00113856 0.178133 0.00174439 0.00823907 0.000222303 0.0207948 8.83928e-05 0.0457624 0.0214353 
0.000193371 0.00122588 0.0158049 0.000422864 0.0236204 0.00524713 0.000501004 0.000776719 0.000572593 5.22762e-06 0.00352958 0.00148841 0.895748 0.00547024 7.94892e-06 6.72142e-12 0.00134213 0.000223889 8.67214e-05 2.49388e-07 0.0370206 0.000489007 0.000429626 0.000699935 2.04329e-06 0.00434234 0.000749308 
0.00126725 0.00911783 0.0319374 0.00163127 0.154359 0.00235833 0.00552222 0.0373231 0.00377584 0.000166755 0.0876641 0.0597663 0.26545 0.030655 4.16609e-05 1.3748e-07 0.041161 0.146837 0.000303229 0.0221214 0.0249752 0.00883865 0.00752167 0.0149042 0.000139691 0.034402 0.00776046 
0.00627452 0.163393 0.0130248 0.0403522 0.0317657 0.0136225 0.0813259 0.00733013 0.00158981 6.13506e-05 0.0768502 0.158597 0.182999 0.0149579 0.000516629 0.000556695 0.0573913 0.00142252 0.00145844 0.000966071 0.00369713 0.0415946 0.000373483 0.0463094 0.010743 0.012591 0.0302354 
0.0122485 0.00548887 0.00357766 0.000461339 0.271907 0.00185411 0.00233335 0.000905134 0.000150502 6.22885e-08 0.116856 0.033384 0.366243 0.0475508 0.00230103 3.37123e-10 0.0898544 0.000368673 0.000210665 5.43356e-05 0.00790591 0.007216 1.04931e-06 0.0120567 0.000251431 0.000337566 0.0164824 
0.000937104 0.0388006 0.0218011 0.00328981 0.0143651 0.000936252 0.019308 0.001747 9.4808e-05 0.000240477 0.139505 0.0350822 0.435983 0.000420079 0.000151453 5.74407e-12 0.067618 0.000166372 7.18219e-06 0.00293843 0.00077978 0.00763239 0.000147447 0.00817816 0.124889 0.0184643 0.0565174 
6.00676e-05 0.0878394 0.000924999 0.0012276 0.0146177 0.00535345 0.194018 0.0001095 0.022763 1.03852e-06 0.129564 0.00542179 0.345527 0.00125309 6.92691e-06 2.46117e-11 0.00770128 0.00109417 0.000248393 0.00057691 0.00186069 0.00776354 1.78849e-07 0.00152721 0.121743 0.0373825 0.0114146 
0.000106112 0.0422876 0.0896429 0.00372042 0.0552281 0.000358824 0.182116 0.000285101 0.0042358 9.7338e-07 0.0385893 0.00373428 0.226471 0.00268275 9.01899e-05 8.83705e-09 0.0604258 4.98629e-05 0.000291249 0.00200773 0.0312696 0.0140596 0.000247521 0.00530681 0.193465 0.0277512 0.0155757 
0.0153443 0.0863424 0.00814985 0.0194205 0.0592167 0.00182613 0.0564842 0.00741565 2.85094e-05 9.39908e-06 0.0882608 0.0414706 0.28193 0.00488789 0.000458909 8.72444e-06 0.0507718 0.000427756 0.000316717 0.00175367 0.00197953 0.0604941 3.24659e-05 0.0215517 0.00299242 0.0131619 0.175264 
0.00344594 0.150658 0.00263792 0.0106401 0.0027394 0.183505 0.00374633 0.00512606 0.000872364 1.27132e-05 0.0468105 0.0969693 0.25337 0.000816274 3.80822e-06 1.192e-06 0.0377961 0.000413102 0.0245498 0.000575744 0.00179065 0.0684145 3.38358e-05 0.0793453 0.00118296 0.00146332 0.0230794 
1.38686e-07 0.08644 0.00983892 6.0825e-05 0.0301938 0.15836 0.00308064 0.145872 0.000559231 2.80476e-05 0.0980962 0.151272 0.168796 0.00513941 0.000232827 2.07499e-11 0.0517797 8.36928e-05 0.000275564 0.000386432 0.000227628 0.00460938 0.0303717 0.0444813 6.60793e-05 0.00107253 0.00867498 
5.51809e-07 0.0240849 0.204435 0.134945 0.0301239 0.00738116 0.10701 5.21977e-07 0.0199048 4.39064e-09 0.0782757 9.42505e-11 0.242439 0.004806 1.30474e-09 6.36946e-06 0.0399681 5.68044e-07 0.0029314 8.85718e-05 0.000205342 0.0183387 9.55202e-10 0.00811299 0.000291539 0.00127205 0.0753782 
0.00145993 0.0349858 0.0195473 0.00352584 0.0140678 0.0294746 0.00961511 0.00136676 0.000539535 9.00051e-05 0.0672781 0.0136198 0.698661 0.00229997 5.47107e-05 6.9693e-06 0.0238924 0.000373796 0.000284209 0.000297751 0.00226424 0.0291601 0.000231898 0.0102714 0.00041447 0.0097849 0.0264319 
0.000600149 0.0170124 0.00112856 0.00329288 0.00191184 0.000411274 0.00856212 0.00121819 6.84648e-06 1.28269e-05 0.181839 0.0231306 0.682007 0.000122664 9.00206e-06 7.01959e-12 0.0237313 0.000957789 0.000209313 0.000223859 0.000410927 0.00519104 2.30978e-05 0.00418422 0.00430261 0.00581203 0.0336887 
0.135202 0.0751331 0.00165002 0.0313206 0.030251 3.02137e-06 0.082296 0.0250801 7.44718e-06 1.46563e-06 0.0958365 0.137998 0.166098 0.00256705 1.37058e-05 3.05878e-07 0.0934342 0.000262139 0.00104421 0.000277693 0.0197589 0.00362335 0.000340022 0.057108 0.0204979 0.00951756 0.0106767 
0.00287611 0.0763662 0.00331312 0.00814538 0.0248661 0.0133656 0.0047342 0.0508491 0.000174355 1.01992e-06 0.0543131 0.050995 0.341799 0.00206404 6.16226e-07 1.45183e-09 0.0106072 0.000112685 0.00913187 0.000121189 0.00213959 0.0923898 8.99842e-05 0.243374 0.00209438 0.000151635 0.00592452 
5.49323e-06 0.00888685 0.00182188 0.00141044 0.00132873 0.000233938 0.00178956 0.00111275 5.46701e-05 0.000268874 0.0131623 0.000152197 0.958345 0.000264181 5.91317e-08 4.38672e-08 7.33146e-05 0.000604541 0.000354666 0.000277871 0.00071271 0.000446776 0.000298091 0.000349222 7.87409e-05 0.000383522 0.00758365 
0.000225316 0.144173 0.00103181 0.00310875 0.010647 0.0180334 0.0185962 0.00041894 9.45379e-05 5.23615e-06 0.121489 0.0969284 0.288947 0.00066868 2.35652e-06 9.36228e-07 0.0355793 0.000252847 0.000577371 0.000795279 0.000306216 0.0328219 7.74935e-05 0.21394 0.00652452 0.000668986 0.00408483 
0.000362854 0.00107549 0.0456831 4.4102e-05 0.0169377 0.00247163 0.000239881 0.000689441 0.00143478 6.52259e-06 0.0496353 0.000762274 0.458675 0.00616826 1.43081e-06 2.43106e-10 0.000647564 3.90905e-06 0.000124053 0.401733 0.000530235 0.00195455 0.00226795 0.00499478 3.53763e-05 1.74111e-05 0.00350329 
0.000152731 0.00712604 0.101875 0.000828405 0.0575441 0.00180481 0.011079 0.00020169 2.70592e-07 0.000208134 0.00352056 0.020253 0.264999 0.016382 9.98904e-06 2.8996e-07 0.22073 8.06057e-08 3.00506e-05 3.35128e-06 0.0102483 0.0159861 0.00144284 0.183818 0.00153432 0.00160367 0.0786187 
0.00861878 0.0723081 0.00242832 0.00751064 0.0373105 0.00274568 0.083588 0.000610207 5.06776e-05 1.69982e-06 0.166375 0.0534662 0.419989 0.0233939 0.00536089 3.09834e-06 0.0391933 0.000283066 0.000409821 0.0593796 0.00022275 0.00256088 1.99721e-06 0.00277591 0.00172671 0.00065415 0.00903112 
1.51116e-06 0.000993721 0.0385902 2.3716e-05 0.014065 0.00172903 0.000144773 0.000383505 0.00100095 5.07144e-06 0.0420394 0.000578219 0.494113 0.00304713 9.51027e-07 2.34269e-10 0.0006012 2.08598e-07 0.000116056 0.391203 0.000386407 0.00148163 0.0018422 0.00504702 2.58322e-05 1.15916e-05 0.00256854 
0.00243902 0.0313095 0.00225801 0.00010716 0.0203945 0.00733441 0.0134591 0.000160206 2.46826e-05 1.80104e-05 0.138465 0.0308176 0.593693 0.0230607 6.83079e-05 3.79827e-09 0.0159949 0.0030873 0.000176122 0.0034658 0.00180179 0.0469364 0.000124143 0.00874607 0.0292764 0.0167579 0.0100233 
0.000336945 0.0187267 3.37094e-05 0.000186372 7.43507e-05 0.00984632 0.00480851 7.15659e-05 2.66285e-05 6.02496e-07 0.0976638 0.0136497 0.843137 4.1606e-05 2.20113e-06 3.32685e-12 0.00390151 3.24411e-06 3.4803e-06 6.99914e-08 3.49567e-06 0.000536928 8.9288e-10 0.00293567 0.00196474 3.83275e-06 0.00204122 
3.98233e-10 1.93748e-07 0.0376656 2.58485e-08 1.70602e-05 2.5875e-10 1.61868e-10 3.77209e-10 6.32412e-07 5.95263e-06 4.27703e-11 3.36262e-07 0.509899 7.81384e-06 2.7934e-06 7.67236e-10 0.00301076 1.10226e-06 2.57499e-06 6.4227e-10 0.449383 1.45389e-10 7.57146e-10 8.94655e-07 1.4007e-10 8.72866e-11 2.04491e-06 
0.0050082 0.0127538 0.000329037 2.33145e-06 0.00434216 0.0223313 0.00293883 0.000156739 4.15901e-05 1.6651e-06 0.120813 0.0283836 0.759774 0.00480333 2.67082e-05 1.08145e-12 0.00640686 0.00145891 4.63679e-05 1.80263e-05 0.00100736 0.00211632 0.000134672 0.00429489 1.31415e-05 0.0112249 0.0115721 
0.00017208 0.0137219 0.123516 0.00542477 0.0368256 0.000789432 0.209826 0.00413546 0.000119007 7.10949e-05 0.0295085 0.00723647 0.251903 0.00385616 0.000331281 1.68579e-10 0.0515737 5.75268e-05 2.2358e-05 0.0039857 0.0013177 0.00346833 0.000173659 0.0191827 0.200673 0.00607353 0.0260356 
1.51116e-06 0.000993721 0.0385902 2.3716e-05 0.014065 0.00172903 0.000144773 0.000383505 0.00100095 5.07144e-06 0.0420394 0.000578219 0.494113 0.00304713 9.51027e-07 2.34269e-10 0.0006012 2.08598e-07 0.000116056 0.391203 0.000386407 0.00148163 0.0018422 0.00504702 2.58322e-05 1.15916e-05 0.00256854 
0.000241017 0.0258433 0.000463245 0.00028068 0.000489149 0.00131854 0.000117564 0.00145835 4.4412e-08 2.58605e-08 0.119959 0.027803 0.773593 0.000110215 4.04445e-06 8.99668e-11 0.00388107 4.90805e-07 0.000261527 0.000158967 2.20817e-05 0.0241671 9.1651e-09 0.0143334 2.90223e-07 2.83415e-06 0.0054906 
0.00243221 0.0219567 0.00125658 0.0021724 0.0086724 0.0016813 0.0235807 0.000445068 4.68327e-05 4.3236e-06 0.127788 0.0589735 0.465226 0.00488291 0.00011641 1.19363e-08 0.0589821 0.00611257 0.00202808 0.000865648 0.00297458 0.130832 2.75614e-05 0.00206359 0.00172064 0.0334889 0.0416691 
