7.72358e-08 0.00109611 0.00159615 0.00416947 0.0041362 0.0034025 3.13936e-08 7.31582e-08 0.0370151 0.000321438 0.00945975 0.0038397 0.0120243 0.743977 0.00166503 1.48802e-07 1.327e-08 0.00135318 1.66414e-07 1.24566e-07 0.00202885 0.00180467 0.138417 0.0138919 2.71661e-08 0.0174707 0.00233046 
0.000208724 0.0107853 0.00753458 5.37177e-05 0.00774778 0.00207099 0.318594 0.000226754 0.00014726 3.75806e-06 0.0141785 0.0599208 0.00115021 0.535088 1.31065e-05 1.38764e-07 0.0269517 6.27126e-07 0.000687506 2.58165e-08 0.00258302 0.00208517 0.000130877 0.00161922 0.000376528 0.00784088 1.21304e-06 
0.00576959 0.0134588 0.00688592 2.26521e-11 0.0253581 1.25131e-05 0.025267 0.000816969 0.0285736 2.48407e-07 0.00491166 0.00794588 0.000651749 0.826241 1.96103e-07 6.79087e-11 0.000652604 1.5698e-09 0.000124417 5.03952e-07 0.0476015 0.00207207 0.00151156 0.000531764 0.000291807 6.13721e-06 0.00131386 
0.000591939 0.0319216 0.00127545 0.00465288 0.00367873 0.027289 0.000107972 0.00149346 0.00550915 4.57589e-09 0.169759 0.00846515 0.00270503 0.595346 1.33147e-06 5.72154e-09 0.0284535 5.47631e-09 5.14752e-05 0.000142002 0.101069 0.00672496 1.36848e-06 0.0020532 8.50852e-08 0.00202168 0.00668672 
0.00639163 0.045936 0.0501342 0.0014266 0.0964669 0.00435108 0.00796167 0.0208583 6.3442e-05 2.28159e-06 0.148768 0.126037 0.0322849 0.287025 5.66656e-05 0.000264717 0.0850772 0.00100124 0.000488465 6.12972e-06 0.0198689 0.0131043 0.000187988 0.0211426 5.78776e-05 0.000722744 0.0303146 
0.000163761 0.00345166 0.0285522 0.000202454 0.132058 4.36027e-07 0.00537823 0.0032017 0.000441652 3.74112e-11 0.0997471 0.0410941 0.00142591 0.436746 2.52404e-08 4.67778e-11 0.199607 4.47728e-11 0.00226192 0.0010457 0.00498098 0.00146777 0.000132873 0.00569839 7.34083e-06 5.45895e-05 0.0322811 
0.0385441 0.0206787 0.0095794 4.08632e-07 0.0697958 0.00101352 0.0148806 5.02189e-05 5.4806e-05 2.33518e-08 0.0208413 0.0824342 0.0234505 0.63607 1.65554e-05 1.2381e-11 0.0520043 0.000659323 0.00143476 0.000114225 0.00707519 0.00046946 9.3739e-08 0.00837301 3.2652e-06 0.000992035 0.0114638 
0.000672618 0.00618575 0.000297356 0.000157249 0.249867 0.00383576 0.00306571 0.00150631 0.00171192 1.04715e-05 0.0567733 0.0672383 0.0147394 0.278373 2.9292e-05 4.98482e-07 0.14372 0.0683971 0.0114354 0.00116411 0.0173538 0.0052027 0.000953682 0.00320249 0.000564046 0.0266752 0.0368676 
0.00241194 0.0146444 0.229789 0.00259292 0.199697 0.0149566 0.0171961 0.0934368 0.00309041 1.1732e-06 0.0431806 0.00834294 0.00404914 0.264435 7.97978e-05 0.000632485 0.0238987 9.03895e-07 0.000768995 6.5377e-06 0.0149017 0.0280809 0.000597971 0.0267503 0.000451786 0.00012323 0.00588233 
1.31145e-05 0.00335049 7.26489e-05 0.000934035 0.00138859 0.00510785 1.9805e-05 6.11227e-06 1.70318e-05 5.05285e-08 0.00325246 0.00227068 2.52023e-06 0.974057 4.09674e-06 6.31793e-08 0.00165767 6.04713e-08 3.43939e-05 5.28888e-08 0.006473 3.88907e-06 4.19233e-06 0.000646305 2.66214e-07 0.000241706 0.000441824 
0.117124 0.0907453 0.107892 0.00555213 0.0961148 0.014874 0.0359104 0.000167907 0.0394831 8.28069e-06 0.0529785 0.0257235 0.0180652 0.33024 1.2684e-08 9.40971e-09 0.0299351 1.60226e-07 1.34034e-06 0.000143404 0.0124449 0.00798758 1.51917e-06 0.00369702 1.72273e-06 1.26085e-05 0.0108964 
0.00044228 0.0178094 0.0049943 0.000285573 0.0811793 0.0201071 0.0571515 0.0055244 0.114183 2.62223e-06 0.0369665 0.061236 0.201834 0.255966 1.77714e-05 1.23506e-07 0.0487565 3.33769e-05 0.00407754 0.000782424 0.00875523 0.00223347 6.97707e-05 0.00423111 0.000911111 0.00350946 0.0689394 
0.358173 0.00435236 0.000241788 5.26538e-08 0.0515221 0.00131786 0.000815433 0.000710044 9.86639e-07 1.23929e-10 0.00806966 0.0105153 0.00276021 0.556438 1.24099e-07 1.54957e-10 0.00282371 3.86242e-06 1.74089e-07 0.000159184 0.00132214 9.24745e-08 0.000279885 0.000111523 1.11627e-06 0.000120029 0.000261029 
2.79858e-06 0.109232 0.0287706 0.000279171 0.017607 0.000957551 0.0035494 0.00152962 4.42302e-07 3.79558e-08 0.162885 0.0284015 0.0432401 0.359756 3.7024e-05 4.10428e-07 0.0581983 1.27268e-07 4.70366e-07 0.000441135 3.44991e-07 0.167601 8.07051e-10 7.88213e-06 2.74578e-05 0.0174726 2.12477e-06 
0.0128639 0.00589753 0.00339689 0.00117426 0.293806 0.00188862 0.000720682 0.00112686 0.000624243 1.52892e-07 0.0568302 0.0212337 0.0043294 0.413575 7.49562e-05 6.26069e-06 0.0236569 9.93951e-05 9.71445e-05 0.00288123 0.0937873 0.00737505 8.50567e-05 0.00192132 8.0721e-06 0.0487281 0.0038119 
0.0256962 0.0137947 0.00638634 6.80381e-05 0.0471722 0.00111593 0.0107965 3.34965e-05 0.000102468 1.9867e-08 0.0151899 0.0572114 0.0156337 0.750447 1.10462e-05 1.19064e-11 0.0356145 0.000439691 0.00095656 7.61638e-05 0.00471683 0.000313003 7.61674e-08 0.00584237 2.17779e-06 0.000736998 0.00764262 
5.06271e-07 0.119585 0.0965753 3.86161e-05 0.0591713 8.60719e-05 4.09362e-05 9.28306e-05 5.73863e-07 7.80076e-07 0.0260208 2.66268e-06 0.00836189 0.399762 1.31479e-06 1.00479e-05 8.69832e-08 0.160956 0.00174499 0.0020322 0.0478413 2.66698e-07 3.23249e-05 0.0415756 1.78071e-07 0.0353595 0.000706647 
0.00337163 0.0762268 0.0660302 0.0984241 0.0530628 0.000211908 0.00535804 0.0102172 2.36375e-06 3.73575e-06 0.0403294 0.0526414 0.00104463 0.334013 0.00464222 0.000488025 0.0767051 3.80361e-05 0.000986024 0.000116591 0.00492284 0.13108 0.00264744 0.00931097 8.12296e-06 1.04684e-05 0.028107 
1.11212e-07 3.96854e-10 4.77038e-08 8.30952e-12 0.0288096 3.44536e-08 5.25562e-12 2.57319e-08 1.2606e-07 1.9923e-11 9.30915e-05 5.28314e-07 2.31298e-12 0.968695 3.35794e-11 2.49111e-11 4.30979e-07 2.38434e-11 2.78595e-11 2.08536e-11 0.00240055 4.72057e-12 2.45835e-11 2.26203e-07 9.5551e-09 3.91131e-08 3.56945e-12 
8.09304e-06 0.00681294 0.05226 2.83893e-05 0.0968494 0.000899504 0.00432808 0.00249529 0.000801103 1.95356e-07 0.00813597 0.0050674 0.000192794 0.721677 1.46495e-05 1.09202e-08 0.00171315 2.2582e-07 0.000295218 0.00102739 0.0235123 0.00363072 0.000477241 0.000431748 1.44007e-05 0.0682215 0.00110489 
1.01804e-06 0.0017946 0.0722402 5.91237e-07 0.0573097 0.0492998 0.0414292 0.00012531 3.20138e-06 1.7148e-07 0.010789 0.00898709 0.00473322 0.743835 3.21085e-05 2.44286e-06 0.00251389 1.78419e-08 5.39451e-05 0.000290652 0.00165995 0.000362431 1.37263e-05 0.00357859 3.97547e-10 0.000334051 0.000610583 
0.0211466 0.0180801 0.000134045 3.09762e-11 0.0625998 0.000789137 0.00319218 0.000337204 6.96568e-05 2.9999e-08 0.1038 0.315598 0.00630954 0.392304 6.60188e-06 5.28966e-07 0.0251812 5.31646e-05 0.000195403 0.000375958 0.0280181 0.000973961 0.000354628 0.00320675 7.60207e-06 0.00197913 0.0152862 
0.00317162 0.257863 0.0196446 0.00550014 0.0788628 0.00185724 0.00667203 0.0056309 4.2419e-05 9.4252e-07 0.0824942 0.0315102 0.00481364 0.298059 4.67778e-05 1.1785e-06 0.0269481 0.0946547 0.000309522 0.0132748 0.00123113 0.00098564 0.000369986 0.0428825 4.28177e-06 0.0179606 0.00520768 
0.000251573 0.0715791 0.216027 0.00258007 0.0948967 0.00164395 0.000655026 0.00216252 0.000704164 1.04163e-06 0.0587701 0.0153891 0.0130608 0.371727 0.000116722 2.40201e-07 0.0178203 2.36923e-05 3.93948e-05 0.0126646 0.104652 0.00131379 0.00140246 0.0025147 2.16138e-05 0.00851011 0.00147153 
3.92659e-05 0.000151389 0.00102182 7.89136e-08 0.100392 5.42729e-06 0.000127491 3.23574e-08 8.07852e-05 4.34645e-09 0.00552952 0.00224422 1.47161e-07 0.722638 8.80362e-08 8.26632e-11 0.0271628 4.00923e-07 1.39232e-06 2.94499e-06 0.133407 4.55906e-08 8.1576e-11 1.25131e-07 6.74746e-07 0.00686408 0.000330866 
0.000898573 0.00400966 0.00452306 0.000211724 0.0253117 0.00065733 0.0143021 0.00804482 0.00146505 1.84535e-06 0.0391579 0.212048 0.00339229 0.462058 1.61401e-05 4.01725e-11 0.139041 3.84506e-11 0.00017773 1.51355e-07 0.00837342 0.00227923 4.42434e-05 0.00105959 2.54871e-05 0.000241512 0.0726586 
0.000543687 1.17503e-05 0.0710142 1.80021e-06 0.00824405 0.00866229 0.00148621 0.00082298 0.00833661 4.80545e-06 0.0420254 0.0339662 0.00776718 0.518696 4.07983e-06 4.26681e-06 0.0167823 3.10679e-07 1.67376e-05 1.12317e-05 0.0222265 0.000174343 0.111494 0.000361149 1.64207e-06 0.000594303 0.146746 
1.85543e-07 0.00099674 0.00868494 6.75868e-05 0.263885 0.0032536 0.00301613 0.000210094 0.0117545 1.76776e-11 0.12137 0.0336653 0.022825 0.47561 2.54192e-09 2.21035e-11 0.020857 1.06818e-05 0.000218271 0.000514496 0.0214005 0.00155885 1.29651e-07 0.00295556 2.43417e-05 0.00354168 0.00358025 
0.00366922 0.0031406 0.000469993 0.000617556 0.0751996 0.000744838 0.00275087 6.1634e-05 4.24858e-05 7.70231e-08 0.0445913 0.0350005 0.00489313 0.679129 0.000119836 8.10012e-05 0.0134986 1.06659e-05 0.000294473 2.6591e-05 0.128423 0.00095157 0.000509525 0.00181957 1.63871e-06 0.00232837 0.00162452 
0.00180462 0.0851471 0.0753563 0.00888379 0.0596275 0.00383691 0.000418491 0.0005336 3.39251e-07 1.11829e-05 0.0203847 0.0620372 0.0205659 0.496605 2.04183e-05 1.16087e-05 0.039572 5.02957e-10 0.002667 2.6287e-05 0.00796491 0.00393696 1.21743e-06 0.00177735 7.00073e-06 0.000656274 0.108146 
0.00334161 0.0509901 0.0164368 0.006979 0.18185 0.00377676 0.0322844 0.0728506 0.0029988 9.56454e-06 0.0256845 0.0524375 0.0521776 0.292395 0.00249445 4.73954e-06 0.0586145 6.12145e-05 8.77484e-05 7.77054e-07 0.0079775 0.0112986 0.00120632 0.0258011 4.43072e-05 0.0495537 0.0486422 
0.000400013 0.00140376 0.0131649 0.000713586 0.247698 0.0103554 0.000161045 0.0003429 7.83911e-06 8.52146e-06 0.0345585 0.00361339 0.0328294 0.445813 3.0859e-05 1.33614e-08 0.0752953 1.55465e-05 0.000180152 0.00127045 0.0030963 0.0179331 0.00188636 0.0540702 3.17162e-05 0.051699 0.00342087 
0.00357351 0.00478352 0.027831 0.00236953 0.254483 0.00488859 0.019882 0.000626643 0.00294577 2.73933e-06 0.048876 0.0270481 0.00257582 0.324661 9.25383e-05 3.21614e-05 0.019815 9.95088e-06 0.000224387 0.00271272 0.189039 0.00211148 0.00152357 0.00669253 0.000154874 0.0509514 0.00209311 
0.000746813 0.000681635 0.0462871 0.000172685 0.073158 0.000424531 0.00021362 1.0782e-06 7.57711e-05 5.60598e-09 0.00576442 0.000145518 0.000471845 0.68703 0.000664947 5.22131e-10 0.00529942 4.86381e-07 1.86675e-06 5.23475e-05 0.157604 0.000344123 2.92965e-07 2.67163e-05 1.38429e-06 0.0207717 5.95792e-05 
0.00217325 0.00176086 0.000934821 9.92525e-08 0.12377 0.0051563 0.000121827 0.000884171 2.93731e-06 1.12127e-06 0.0231873 0.0464538 0.00185332 0.729037 3.9488e-05 3.48489e-08 0.0177949 4.25688e-06 0.000247137 6.64085e-06 0.0366231 0.000702384 0.00047385 0.00314992 3.42774e-06 0.00381492 0.001803 
0.0032749 0.0184247 0.00773696 3.43029e-05 0.211844 0.0111492 0.00153948 0.0198638 0.000361842 4.37014e-06 0.141933 0.0869419 0.149267 0.237821 0.000166057 1.45872e-11 0.0261595 0.00121481 4.12949e-05 6.95806e-05 0.0244262 0.0046154 0.000465323 0.0125061 3.00653e-06 0.0130525 0.0270851 
0.0012458 0.0928274 3.27965e-06 0.000126165 0.0054933 1.93342e-08 1.75489e-06 2.81856e-08 3.37293e-08 4.58496e-08 0.00358996 0.00320945 1.17528e-05 0.725538 7.72777e-08 5.73289e-08 0.00103609 2.78926e-06 5.27786e-06 6.5524e-06 0.00355309 0.0916174 1.91298e-06 1.13142e-06 0.000299976 1.30504e-05 0.0714161 
1.10954e-06 0.0219101 0.00512477 3.22827e-06 0.0128924 0.000744548 0.00673987 0.0182646 4.77628e-08 1.84539e-07 8.93151e-07 0.0670989 0.0035492 0.835337 3.94355e-05 1.69295e-10 0.0206339 1.91028e-07 1.51949e-06 2.5771e-05 0.00131178 1.12541e-06 1.22134e-08 0.000646459 2.45449e-08 5.14029e-08 0.00567319 
0.012244 0.0125889 0.0117103 0.00552148 0.0191722 0.00228648 0.00371982 0.0282549 0.000480209 0.000114442 0.0774504 0.082119 0.103949 0.423254 0.00035333 3.77187e-08 0.151588 0.000738995 0.000202814 0.00030637 0.0121242 0.0184248 2.74636e-05 0.011937 0.000565995 0.00253605 0.0183293 
1.2357e-06 5.51207e-06 0.0317023 4.96016e-10 0.0458846 5.01492e-10 3.13721e-10 7.31081e-10 8.74874e-10 1.18925e-09 1.96468e-06 0.0548992 0.0127356 0.854743 2.00444e-09 1.487e-09 1.32609e-10 1.42327e-09 4.82436e-06 3.73568e-06 1.48137e-05 1.35283e-06 1.48212e-07 7.33789e-07 5.70368e-07 1.69173e-10 4.05045e-07 
0.101845 0.124361 0.0049276 0.00025992 0.00147467 0.00712413 0.00398361 0.0031823 0.000106685 1.21592e-07 0.0777119 0.117681 0.056841 0.422698 1.80047e-05 1.04974e-08 0.0170092 0.00252842 0.00169723 0.00100297 0.000661567 0.00936101 8.55766e-05 0.010766 4.79543e-06 0.0019827 0.0326854 
0.0131206 0.00424348 0.194759 0.00507451 0.118459 0.00205551 0.0123744 0.00158703 0.00683108 6.38995e-05 0.155377 0.0372709 0.00336639 0.279845 0.000333976 1.8508e-10 0.0733382 1.77147e-10 0.00249409 0.0245649 0.043283 0.000535696 0.000844259 0.00338767 0.000400141 0.00278935 0.0136003 
0.000294863 0.000544417 0.00771659 0.0131036 0.249272 0.0389479 0.000465077 0.00625019 0.000116724 1.03741e-07 0.162789 0.0403141 0.004326 0.415561 2.00909e-05 7.1724e-09 0.00907286 6.86497e-09 0.00204687 0.000277004 0.0389326 4.33358e-05 3.15798e-06 0.000181856 1.921e-06 0.0034279 0.00629153 
0.0015485 0.00466874 0.00112538 0.00257365 0.241881 0.00084678 0.00736779 0.000229367 0.00109601 2.4213e-06 0.0269342 0.0200721 0.00349014 0.301669 0.243356 1.05488e-06 0.0184484 0.000273162 0.000239195 1.72418e-05 0.0854081 0.00154038 0.000602372 0.0028878 1.80137e-05 0.0262117 0.00749126 
0.00306521 0.00318521 0.0404509 8.34142e-06 0.242426 1.1732e-05 0.000740028 0.000289695 0.000203999 1.2709e-07 0.0489288 0.00957975 0.00382476 0.372219 7.8261e-05 0.0608474 0.0425674 0.000130291 2.45346e-06 0.000811905 0.14524 0.000382172 7.05224e-05 0.0010127 5.20396e-06 0.0220009 0.00191617 
0.00164175 0.017475 0.0179543 0.0104023 0.0405627 0.00215174 0.00620518 0.0012382 3.32888e-06 0.0346157 0.0352497 0.0287781 0.0517765 0.645496 0.0199564 6.08908e-05 0.0201001 0.000425505 0.000661619 0.000241662 0.00936668 0.0105584 0.000131436 0.0172908 1.45089e-05 0.00037184 0.0272692 
3.43091e-08 0.000857791 0.00104038 1.05004e-07 0.351254 4.39937e-08 0.00157294 3.10594e-08 6.95423e-12 9.45318e-12 0.0200517 0.00583266 0.00532121 0.587969 4.73715e-08 3.51748e-05 0.00311756 0.00016555 9.57074e-08 1.22304e-07 0.0126601 0.00343157 7.85783e-05 0.00405675 2.08157e-09 9.29957e-08 0.00255516 
0.0517654 0.00434613 0.00140162 0.0801316 0.106044 0.00592323 0.00675432 0.000596807 0.000102499 2.231e-08 0.030579 0.124168 0.0128532 0.25436 8.29848e-06 2.78957e-08 0.0508548 0.000106118 0.000430279 4.28439e-05 0.0124512 0.0022 0.000157112 0.000277157 1.4755e-05 0.000702939 0.253729 
0.00136623 0.00125635 0.0305818 3.27448e-07 0.194034 9.91505e-06 3.73681e-06 7.8948e-05 5.77553e-07 6.24132e-05 0.0324551 0.0226287 0.00113404 0.643806 3.24257e-06 9.81655e-07 0.0023085 0.00015039 1.09784e-06 0.000211795 0.0679284 7.3924e-06 0.000440605 0.000149965 1.79216e-07 0.00125812 0.000120964 
0.0080946 0.00954635 0.00458758 0.00686442 0.062539 0.000640696 0.00339007 0.0353119 4.37113e-05 2.71838e-09 0.120078 0.0444694 0.25944 0.354979 0.000187328 9.96778e-06 0.0351013 0.000271073 0.000104291 3.99233e-05 0.00691231 0.00818506 0.00300539 0.00973778 5.21376e-06 0.00119375 0.0252619 
0.175344 0.00328689 0.0025516 0.00038864 0.0147146 0.00219572 0.0076817 7.12936e-06 0.000244124 1.87962e-05 0.257621 0.121446 0.0161992 0.258367 2.08877e-05 9.32985e-09 0.0945011 0.000235015 0.000385445 2.42748e-05 0.0135517 0.00565388 0.0126851 0.00300022 2.54065e-05 0.00340874 0.00644173 
6.56285e-06 0.0030215 0.02641 5.08075e-07 0.156553 3.21896e-07 0.00124923 3.43483e-08 1.21213e-06 1.0684e-05 0.000539809 0.00207089 0.00243297 0.709685 5.10178e-05 6.98637e-08 0.00593637 1.095e-06 7.81325e-08 2.48926e-05 0.0455643 0.000228564 0.0308197 0.000102258 5.47151e-06 0.0150752 0.000208909 
5.06185e-06 5.11585e-06 0.0266944 3.53548e-10 0.357189 3.57451e-10 1.44009e-05 0.0764681 3.80452e-06 8.4767e-10 0.0484574 0.0364149 2.1553e-06 0.40552 3.85895e-06 0.000121995 6.50309e-06 1.42127e-06 1.18535e-09 8.87266e-10 0.0004272 8.63663e-06 1.04596e-09 0.0486522 1.93501e-10 1.89326e-06 1.53404e-06 
0.116722 0.00461788 0.00523581 3.85661e-05 0.214637 0.0366816 6.13274e-05 8.4568e-07 4.10815e-08 8.51071e-10 0.0383344 0.0173015 0.00573906 0.441568 1.96171e-07 1.06415e-09 0.042028 3.6435e-08 1.54989e-07 0.00094426 0.00272891 0.00048024 5.67045e-07 0.0634029 1.23763e-08 0.00947519 1.43446e-06 
0.000678475 0.00095366 0.000557038 0.000793996 0.0714524 0.000330921 0.00051784 3.79205e-05 4.5901e-05 9.89466e-08 0.0422327 0.0215686 0.00100777 0.711792 8.81094e-05 0.000104142 0.00637563 1.07123e-09 0.000227464 9.15388e-06 0.137046 0.000889055 0.000257963 0.00139136 8.88397e-09 0.00112033 0.000521562 
0.000821074 0.0646782 0.058607 0.00362403 0.11607 0.0344363 0.0494929 0.00135279 0.000901105 2.43402e-08 0.0564763 0.0366342 0.0395295 0.44422 1.39709e-05 2.63816e-08 0.0209246 8.15626e-06 2.52765e-05 1.35875e-06 0.00940231 0.00189503 2.60347e-08 0.0355997 9.59712e-07 0.00444395 0.0208418 
0.00442682 0.00119208 0.1265 0.00233983 0.0986261 0.000383444 0.00676486 0.000537283 0.00545467 0.000166559 0.0241305 0.00112532 0.0611514 0.456523 7.80474e-05 2.05459e-05 0.00847007 0.000162818 0.00099443 0.165028 0.00306467 0.0285321 0.000453536 0.000822856 0.000134389 5.27239e-05 0.0028638 
0.00691995 0.0327601 0.0992326 6.63749e-06 0.0255964 0.0660051 0.013124 0.0014878 8.79967e-05 1.44274e-05 0.0979341 0.150567 0.0919492 0.361819 1.96352e-05 1.30358e-08 0.00651371 6.22219e-05 6.42282e-05 0.00500942 0.000833343 0.00722509 0.00102395 0.0282512 0.000192733 4.90584e-05 0.00325058 
0.00154665 0.202388 0.107948 0.000133673 0.0131195 0.0964304 0.00399788 0.00468132 0.00520404 1.58836e-10 0.0395794 0.0157641 0.134414 0.34108 3.99508e-05 0.00427949 0.00294612 1.90091e-10 2.2211e-10 0.000794607 0.00103576 0.0196376 0.00345392 0.000782498 0.000703901 2.38898e-05 1.49798e-05 
6.24018e-05 0.0128398 0.00232677 0.00440508 0.0512783 6.26465e-06 0.196623 0.00242698 0.000183833 8.99382e-07 0.0423047 0.103829 0.00900285 0.471704 2.05569e-07 1.85533e-08 0.081503 3.14786e-06 0.00120616 0.00144891 0.00192932 0.0110906 0.00290396 0.00225368 3.24296e-05 8.16816e-07 0.000633708 
9.09213e-06 0.00116879 0.00123687 0.00110451 0.195901 0.000385494 0.00046271 1.29876e-05 0.0077966 8.20045e-07 0.160515 0.00245748 0.0147552 0.486243 4.43752e-06 2.58181e-07 0.00643527 0.0131916 2.67557e-06 0.000597188 0.0248585 0.000638487 0.00321845 0.00140458 5.68604e-09 0.0764874 0.00111228 
0.00763724 0.00366737 0.00251514 1.11234e-10 0.0508703 1.46369e-06 7.03533e-11 0.00113449 0.000262567 2.66695e-10 0.0014401 0.00991789 7.21384e-05 0.87604 4.49505e-10 3.33467e-10 0.00213773 3.19175e-10 5.3106e-07 2.79153e-10 0.0352106 0.000395057 1.80697e-07 0.00064635 1.12814e-05 0.00743172 0.000607634 
0.00425811 0.0595792 0.0103881 0.00291032 0.0165748 0.0229944 0.0424057 0.000246716 0.000305716 1.887e-06 0.0547457 0.115945 0.263551 0.311391 0.000151999 1.70959e-08 0.0341597 0.0051314 0.00179683 0.000137506 0.0275325 0.00719776 0.00029659 0.00555183 0.0035073 0.00191067 0.00732845 
0.0120521 0.00589704 0.00465947 9.6867e-10 0.0979424 6.4785e-06 0.000461423 0.00182772 0.000338962 2.3225e-09 0.00160073 0.0138709 0.000117405 0.76194 6.00918e-06 2.90397e-09 0.00268321 2.77951e-09 2.35197e-06 2.43098e-09 0.0807444 0.000636498 0.000289708 0.00104014 1.67662e-05 0.0104311 0.00343517 
0.121095 0.0113237 0.00808725 0.000375006 0.0693108 0.0115812 0.0149184 0.000169253 0.106457 9.37256e-10 0.0608469 0.0991427 0.0111202 0.379806 0.000208027 8.2663e-07 0.0529985 5.55495e-08 4.75081e-05 0.000128431 0.000723409 0.00151904 1.55452e-06 0.00102553 9.20283e-06 0.00340759 0.0456971 
1.80848e-05 0.0148331 0.00944616 0.000307608 0.0563607 0.00563099 0.021581 4.41709e-05 0.000438493 7.65536e-07 0.0570546 0.0668443 0.0859896 0.525356 1.16649e-06 5.11268e-09 0.0260623 5.21678e-05 0.000162314 0.00157347 0.0461664 0.00117005 4.85616e-05 0.0269335 0.00118264 0.00542515 0.0473163 
1.17029e-11 0.000111035 4.19145e-12 0.0032274 0.153485 7.60389e-12 2.30464e-08 1.1085e-11 1.32653e-11 1.80321e-11 0.00976549 0.000670763 0.000289556 0.672069 5.46169e-08 2.25468e-11 0.000359298 2.15804e-11 4.55833e-08 1.88744e-11 0.0631742 0.0094149 0.0831262 0.000928694 4.11625e-12 0.000312062 0.00306579 
0.00238146 0.106082 0.0387424 5.70749e-08 0.0285006 0.0532904 0.00399762 0.00177468 0.00284098 1.01973e-08 0.148528 0.0897969 0.0784273 0.191574 0.000689827 8.04679e-10 0.029212 0.00134299 3.41545e-05 0.00037392 0.00956342 0.00507755 7.1869e-05 0.0748166 2.00947e-05 0.122068 0.0107931 
4.15687e-07 0.000817828 0.0035341 4.2103e-07 0.23645 0.00270775 3.13056e-05 0.00168454 0.000567242 2.29923e-06 0.0653207 0.0353353 0.00849106 0.40517 0.000171699 6.61899e-10 0.00158741 6.33529e-10 0.0414291 5.87639e-06 0.0407492 0.00445007 0.00184602 0.145242 1.39116e-08 0.00282307 0.00158192 
0.000393999 0.0199006 0.384846 2.63296e-06 0.0715936 0.0161464 2.08526e-05 0.000998163 0.010736 1.02282e-09 0.00930042 0.000568935 0.0146341 0.408682 4.14709e-07 0.000146356 0.00829358 0.00497499 4.70666e-06 0.00382674 0.00949346 0.00040685 0.00121586 0.032735 0.000653716 5.69733e-05 0.000367537 
6.52221e-06 4.75522e-05 0.00870674 9.79248e-07 0.18866 2.36048e-05 0.00238516 4.33268e-07 0.0118561 6.31584e-10 0.0155567 0.00254493 0.00522586 0.746857 8.93705e-08 7.89713e-10 0.00523685 1.26161e-07 8.11362e-05 0.000523492 0.00961143 4.86641e-06 3.83033e-06 8.9333e-05 2.52482e-05 0.000235563 0.00231639 
0.00753096 0.00973734 0.000260209 0.000128684 0.0827464 0.000148557 0.00489116 0.000497904 0.000603124 3.4465e-08 0.000469467 0.0348726 0.000532402 0.671158 4.68733e-08 3.18862e-07 0.118464 1.55586e-07 3.38056e-10 1.00681e-05 0.0216607 0.00378393 2.23368e-07 0.0313867 7.10432e-05 0.00912149 0.00192403 
0.0148894 0.0114898 0.00452908 0.000148654 0.0816771 0.0019292 0.00172765 0.0178485 4.1523e-05 5.04457e-07 0.27873 0.0798714 0.0079562 0.290784 6.26126e-08 8.02221e-10 0.0859861 1.06976e-08 2.02172e-05 6.71557e-10 0.00465868 0.00574581 3.81134e-05 0.105036 1.46457e-10 0.00638063 0.000510484 
0.000163761 0.00345166 0.0285522 0.000202454 0.132058 4.36027e-07 0.00537823 0.0032017 0.000441652 3.74112e-11 0.0997471 0.0410941 0.00142591 0.436746 2.52404e-08 4.67778e-11 0.199607 4.47728e-11 0.00226192 0.0010457 0.00498098 0.00146777 0.000132873 0.00569839 7.34083e-06 5.45895e-05 0.0322811 
0.00623105 0.000652575 0.000455186 4.39438e-08 0.0201626 9.60222e-05 0.00024085 0.000120042 4.66235e-05 3.51404e-11 0.000463096 1.03858e-05 0.0122788 0.954447 1.81697e-05 4.39384e-11 2.72012e-05 4.08267e-08 4.57179e-08 4.39501e-08 0.0045669 0.000124643 2.23956e-07 8.49111e-06 6.15607e-06 8.57643e-07 4.33816e-05 
0.000141995 0.054376 0.00791738 5.59202e-05 0.0498411 0.0199584 0.00294113 0.0137494 0.000309108 0.00100269 0.0482512 0.123822 0.0428978 0.508074 6.04367e-06 4.72738e-08 0.00886943 6.52973e-07 0.0103867 0.000917384 0.0139622 0.00920824 4.83826e-05 0.02698 0.0542268 0.00096087 0.00109507 
0.000898888 1.90217e-05 0.110946 0.00104129 0.0133384 0.0144983 0.00772885 0.000242779 3.02987e-05 8.33091e-08 0.00205042 1.01431e-08 0.00450881 0.815025 3.30449e-05 1.04167e-07 0.00212898 3.67466e-06 1.16496e-07 8.72006e-08 0.0237882 0.00062476 0.00147117 0.000545357 5.93567e-07 0.000976065 0.000100176 
0.00605998 0.0305182 0.0279615 0.0362136 0.0844163 0.0618557 0.000125835 0.0174832 0.000787268 7.79034e-06 0.00225102 0.0104815 0.061686 0.599089 1.55104e-05 1.41698e-06 0.013673 3.32205e-05 4.27267e-05 6.80008e-05 0.00101771 0.00299902 0.0347731 0.00677991 2.88352e-06 2.93168e-05 0.00162694 
0.00241641 0.0154549 0.00520669 0.00117997 0.320056 0.00196355 0.00207481 0.00569909 7.44127e-06 8.28948e-09 0.0171558 0.0172244 0.00418934 0.5171 0.000328427 5.62488e-10 0.0306439 1.01222e-06 0.00202069 5.71895e-06 0.00913478 0.0247363 3.10931e-05 0.0130439 3.94141e-06 0.00045896 0.0098626 
0.00984132 0.00888645 0.005922 0.00105317 0.0608728 0.00403684 0.00308958 2.01971e-05 2.18856e-05 3.90436e-06 0.0474459 0.126014 0.0236104 0.609059 1.18889e-05 7.49468e-09 0.0749294 0.00106354 0.000264105 2.90282e-05 0.0200819 0.000541013 2.85126e-05 0.00099999 1.00717e-05 0.000331652 0.00183185 
0.00697482 0.0727593 0.0334994 0.00550614 0.186227 0.0057884 0.0294694 0.000486232 0.0151808 1.66786e-08 0.0930521 0.0367282 0.0458217 0.289853 7.09984e-06 1.29919e-06 0.0767547 0.021221 0.0011646 7.35291e-05 0.0378179 0.00264813 0.000283083 0.0187336 0.00041841 0.00644965 0.01308 
0.000612421 0.00352994 0.000331724 0.000675141 0.151859 0.000237098 1.42235e-05 7.28307e-05 4.82479e-05 4.09634e-05 0.0237498 0.00424448 0.000717343 0.505571 3.32566e-07 1.96276e-09 0.0149995 6.83624e-07 0.0321992 3.93005e-06 0.0534494 0.000266941 4.22399e-07 0.00172846 4.35205e-07 0.203715 0.00193066 
0.0277896 0.00371405 0.00569279 0.00074513 0.0647049 0.00169541 0.0152894 0.000971347 0.00404311 3.53285e-05 0.135539 0.127327 0.00654751 0.439791 6.99378e-05 1.03808e-07 0.0892358 8.32949e-05 0.000215297 0.00413747 0.0242891 0.00146237 0.016538 0.0048806 5.51847e-05 0.0128122 0.0123351 
0.160446 0.0478675 0.0169932 8.89457e-07 0.0145734 0.00319705 5.62566e-07 0.0261431 0.00760927 2.13257e-06 0.0542935 0.115129 0.000980987 0.482791 3.59437e-06 2.6665e-06 0.000259213 2.55221e-06 0.00461353 2.23219e-06 0.000115424 0.00559328 2.63143e-06 0.0593765 4.8681e-07 3.03362e-07 3.82076e-07 
3.32514e-06 0.00482375 0.0112199 0.00379691 0.249204 0.00163478 0.00026025 0.00556516 5.18165e-08 2.7545e-08 0.113285 0.0149184 0.00261313 0.427269 1.50098e-05 2.08407e-07 0.0699109 2.00204e-10 8.72549e-05 5.87162e-06 0.00404192 0.0053686 1.17042e-07 0.0158549 3.18908e-08 0.0695351 0.000586844 
4.1818e-05 0.00773634 0.011762 2.41604e-05 0.251861 0.000966135 0.00306541 0.0103348 1.52724e-08 2.6213e-06 0.242122 0.00668142 0.0155907 0.329784 1.52073e-05 2.59581e-08 0.00774232 2.48455e-08 1.59736e-05 0.0233388 0.00440153 0.0824579 2.56168e-08 5.81987e-09 4.73905e-09 0.00202729 2.80305e-05 
0.000260184 0.0255738 0.0028236 0.00162008 0.0116187 0.00130458 0.0230338 9.85646e-05 0.000143277 7.87066e-06 0.118313 0.0380056 0.0290306 0.326723 4.10575e-06 2.7788e-08 0.167691 4.90539e-08 0.186194 9.99612e-05 0.0023708 0.0160058 0.0180984 0.0029334 0.000137545 9.22483e-07 0.027908 
0.000186944 0.00548731 0.000122078 0.000376081 0.0290359 0.00100165 7.61308e-05 0.0606625 4.07496e-05 2.97451e-06 0.0225554 0.0675006 0.00196037 0.691821 4.59447e-06 1.04763e-07 0.00154368 2.9295e-06 0.00138368 0.0243184 0.00100589 0.0575225 0.00178474 0.00908749 0.00141468 0.019933 0.00116828 
0.00250143 0.236099 0.00916944 0.000461485 0.0226437 0.00729786 0.0127246 0.0040432 0.00179911 5.74985e-06 0.0540713 0.0452719 0.0198993 0.533783 0.000344562 5.5337e-06 0.0162734 0.000227947 0.00101443 0.00076232 0.00306861 0.00693739 0.000324682 0.0189022 0.000348646 0.000763746 0.00125512 
0.200397 0.112544 0.0952385 0.000215451 0.0148476 0.00601081 0.00077574 0.0203635 0.000633822 5.40871e-06 0.032051 0.17481 0.00735428 0.218947 9.31188e-06 5.57153e-05 0.0437962 0.00070548 0.00162863 2.83592e-05 0.000967025 0.0133325 0.000299181 0.0350488 0.0139549 0.00522972 0.000749696 
0.0700574 0.014503 0.21666 0.000109316 0.183865 0.0128736 0.0297234 0.00682997 0.000680529 5.3678e-09 0.00769188 0.00073816 0.00502941 0.429127 1.24088e-05 2.30213e-07 0.00951794 4.5198e-06 1.29597e-06 1.24787e-07 0.00831257 0.000408106 4.24544e-05 4.37651e-05 1.11775e-06 0.00340864 0.000357681 
0.00711001 0.0118821 0.0123065 0.000467504 0.0810477 0.00252397 0.0128285 0.000212004 0.000470698 5.22462e-09 0.12389 0.063927 0.013567 0.567244 4.15887e-06 6.66852e-05 0.0149028 0.00029733 0.000250816 0.000215927 0.0363727 0.00059655 0.0274465 0.000939444 0.000123635 0.0140758 0.00723075 
2.94112e-05 0.155505 0.000417334 0.000734066 0.0296312 0.000507027 0.0564754 5.1296e-07 7.711e-05 3.20227e-05 0.0428803 0.0554122 0.00703859 0.483686 0.00873216 8.02214e-10 0.0205183 5.02215e-07 0.000185903 6.71551e-10 0.000716552 0.0587742 0.000326768 0.0734218 2.72678e-05 0.000267727 0.00460225 
0.0450583 0.00144396 0.000474637 1.56553e-07 0.294896 0.000854407 0.00172116 0.00210022 1.12189e-05 6.53312e-08 0.000798339 0.0113849 0.00234116 0.314583 7.49167e-06 1.04266e-10 0.0342139 3.29414e-07 0.000512886 8.03795e-06 0.265203 0.000729271 5.3244e-06 0.00743138 1.20328e-08 0.00158355 0.0146369 
0.0120364 0.00923177 0.0243598 0.0116479 0.0598162 0.00401642 0.00580742 0.00227227 0.0130882 0.000115858 0.100527 0.123545 0.0110382 0.277713 3.78393e-05 5.688e-05 0.122466 4.95271e-05 0.00319977 2.54404e-05 0.00984919 0.0778159 0.0176666 0.00733571 5.35644e-05 0.000225674 0.106003 
0.00137574 0.165802 0.182889 0.000833607 0.110172 0.0201891 0.0194792 0.00859893 0.0722287 0.00151548 0.017455 0.0118331 0.0487962 0.263548 0.0059437 6.55317e-05 0.0166066 6.94207e-06 0.00324822 0.00217022 0.00589182 0.0202608 0.00171352 0.00293374 0.000815529 0.000795928 0.0148305 
0.172994 0.00563138 0.17859 0.00317152 0.0214312 0.00106304 0.000921742 0.00124315 1.10988e-05 1.50285e-06 0.0881409 0.0473824 0.0152761 0.241533 4.23201e-08 3.13954e-08 0.000494873 1.94632e-06 3.51112e-08 2.62818e-08 0.000360846 0.207022 3.06048e-06 0.0119762 1.94538e-06 3.54108e-05 0.00271229 
0.0149467 0.00773795 0.00151661 0.000287676 0.0308789 0.00132767 0.0224375 3.03917e-05 4.40035e-05 2.22265e-06 0.0343623 0.127166 0.0274039 0.420562 1.52968e-05 1.53957e-07 0.252759 0.00364051 0.000109079 5.03526e-05 0.0239257 0.000952304 7.76279e-05 0.00455879 0.00175413 0.0017693 0.0216848 
0.00244645 0.177148 0.00710344 0.00102198 0.0364099 0.0909237 0.0128734 0.000337727 2.23543e-06 9.32082e-10 0.107712 0.188813 0.0334949 0.201338 5.43286e-05 1.16545e-09 0.0651479 0.00515321 1.70456e-05 0.00195739 0.00647825 0.0124924 2.27291e-05 0.0391606 9.17865e-07 0.00501897 0.00487122 
0.000491558 0.010963 0.0121227 0.00118205 0.0754592 0.00356174 0.000247278 0.0020488 5.16035e-05 1.92282e-06 0.017437 0.00978807 0.00125957 0.421573 9.74402e-05 6.47423e-08 0.0102416 1.10113e-05 1.92754e-05 4.99223e-05 0.0328794 0.00067104 0.392223 0.00210825 1.04714e-06 0.00216389 0.00334622 
0.00903032 0.00527618 0.000580256 8.956e-05 0.165215 0.000835376 0.00538338 0.000283788 0.000813368 3.58716e-06 0.00331886 0.0381283 0.0112733 0.422619 7.70877e-06 1.8579e-05 0.0357423 0.000110258 0.000130527 9.24495e-06 0.242445 0.00284515 0.00886834 0.010776 6.10076e-05 0.0294853 0.00664967 
0.00626363 0.0175585 0.0137017 0.0077998 0.0323417 0.00144366 0.0201844 0.00981531 0.00037918 4.95264e-05 0.0971753 0.161635 0.0372926 0.228809 6.44408e-05 0.000233505 0.187198 0.000331126 0.000952304 0.00408691 0.00658009 0.0203274 0.000786213 0.00540244 0.00143127 0.0110198 0.127137 
0.00279154 0.0192212 0.0215401 0.00602895 0.0516565 0.00881583 0.0086521 0.00439816 0.00220725 2.88652e-06 0.0734057 0.0183709 0.0196744 0.671918 6.2248e-05 0.000522681 0.0286849 0.000712819 0.0002863 0.000303165 0.0138531 0.00531176 0.0033629 0.0151352 3.4103e-05 0.0130171 0.0100307 
1.15095e-05 0.00888582 0.00569425 3.39838e-06 0.442524 0.00187106 6.99652e-05 0.00940642 2.2714e-05 2.06632e-08 0.00150987 0.00713205 2.39892e-09 0.488494 1.30909e-06 2.58367e-08 0.0319306 0.000241821 0.000379979 2.16285e-08 0.000584281 5.09968e-06 2.54969e-08 0.00122402 2.62895e-08 1.05152e-06 6.52859e-06 
0.0191527 0.0879611 0.146101 0.019487 0.136633 0.00769751 0.0167073 1.63693e-06 0.0284789 1.63597e-06 0.0247399 0.0835482 0.026704 0.156258 1.63425e-06 1.63534e-06 0.0501303 1.63548e-06 0.00376206 1.63585e-06 0.0640399 0.0656805 1.63538e-06 1.63777e-06 0.00458776 0.0152361 0.0430816 
0.0532749 0.000393318 0.160438 2.59938e-08 0.222687 0.000850394 0.00634569 0.000658996 0.000106655 3.69448e-05 0.0213167 0.0367876 0.0184044 0.249184 4.06046e-05 7.79267e-08 0.086226 0.0874082 9.77368e-05 0.000240162 0.0118417 0.000701806 7.37683e-05 0.0123989 0.0153362 0.000194549 0.0149553 
0.000977176 0.00378819 0.0391009 0.00666503 0.0748935 0.00764663 0.00298675 0.00131431 0.0037089 1.13355e-05 0.0497314 0.0294663 0.0086225 0.539037 0.0366747 3.28133e-08 0.0202036 0.000103084 0.000116319 0.000433639 0.0188261 0.00525371 0.00199996 0.0102399 7.83981e-05 0.00847838 0.129642 
0.0127663 0.020486 0.0157682 9.06811e-07 0.036191 0.000388509 0.00531277 0.000197348 1.52857e-05 5.18603e-08 0.0446187 0.0483574 0.00916925 0.741963 4.65108e-05 7.80544e-11 0.0347566 0.000215188 0.00039915 0.000235208 0.0167886 0.000256614 0.000868209 0.00273974 9.17634e-07 0.00100916 0.00744938 
0.14857 0.00946111 0.0173828 2.32007e-05 0.0288101 0.0190368 0.00392248 4.2669e-05 3.23057e-05 2.03626e-06 0.0690692 0.0763074 0.0186563 0.568652 1.53756e-05 9.19965e-09 0.0239712 0.00407717 9.16415e-05 0.00023376 0.00619322 0.000810368 0.000332108 0.00262733 2.5797e-06 0.000553331 0.00112338 
0.00786364 0.0336921 0.000497593 2.81072e-05 0.0218973 0.0759739 0.00439087 0.00127572 0.000429484 1.56256e-06 0.0855291 0.164089 0.0512002 0.400463 5.46999e-06 3.64371e-11 0.0437921 0.00118991 9.3446e-05 2.38571e-06 0.0106352 0.00655779 0.000182342 0.0406757 3.27165e-06 0.0404879 0.00904241 
0.104293 0.00223904 0.0381859 0.000699916 0.182781 0.00359146 0.00712496 0.000822404 5.10412e-05 1.80939e-08 0.00368874 0.000440888 0.0359444 0.577274 3.04966e-08 2.27314e-06 0.00788511 2.16544e-08 0.000147635 2.87842e-06 0.00257718 0.0181384 0.00076131 0.00963745 4.13036e-09 0.000247127 0.0034636 
0.00011639 0.00015923 0.048691 0.000291583 0.0177179 0.00113484 0.000234582 6.1252e-05 5.46337e-05 1.36348e-05 0.163846 0.000790602 0.0097702 0.704817 1.49571e-05 3.17868e-05 0.00142591 3.25108e-05 2.92713e-05 0.000466737 0.00086516 0.000881532 0.000484891 0.00616811 9.59722e-05 0.00575848 0.0360456 
4.66823e-05 0.000474853 0.102056 0.00018641 0.0220949 0.00045722 1.46609e-05 0.00194039 6.65007e-05 1.30229e-09 0.0031776 0.00993881 1.54228e-07 0.856822 6.08202e-05 1.62834e-09 0.0010058 2.44345e-07 4.14541e-06 0.000144108 0.00116868 0.000118067 1.60693e-09 0.000179381 5.86951e-06 3.62867e-05 2.33321e-10 
0.0246255 0.0956283 0.00858562 0.00247587 0.0524299 0.0503525 0.011678 0.0197243 0.00123424 1.37707e-05 0.111352 0.0930607 0.00235294 0.406228 1.33483e-05 1.86502e-09 0.0545565 7.344e-07 4.31657e-07 0.00210755 0.00665628 0.00573753 0.000230749 0.020886 4.12894e-08 0.000310975 0.0297583 
0.0122444 0.0143942 0.00563388 7.2695e-05 0.00932606 0.00550222 0.00371672 0.0011224 0.0220772 5.41599e-06 0.062885 0.0582715 0.00554338 0.680731 0.000875416 5.29616e-10 0.0946678 2.81931e-05 0.000907136 3.93609e-06 0.000641767 0.0095292 0.00404452 0.000604229 5.53326e-05 0.00669649 0.000419407 
2.52208e-07 0.00129321 0.000168602 3.18365e-06 0.0212972 0.0437226 0.000512857 2.49708e-07 3.93583e-05 2.45864e-08 0.178829 0.0489123 0.0110664 0.670439 2.16374e-07 2.43127e-10 0.00380144 1.46191e-07 0.000443787 2.03527e-10 0.00993134 0.00163201 1.78436e-06 0.0076951 5.38982e-07 0.000209016 8.95618e-08 
0.000610401 0.00724081 0.0324622 0.0187569 0.0278601 0.000678169 0.000145868 0.000936818 1.61829e-05 1.66741e-06 0.10997 0.0750798 0.00476235 0.661853 2.88774e-05 1.60854e-06 0.0428639 2.50506e-08 1.31295e-05 2.34302e-05 0.00563738 0.00555808 8.87553e-05 0.00487278 1.77927e-06 0.000263386 0.000272473 
0.022439 0.0102599 6.50172e-05 0.0160657 0.00490512 0.00139762 0.012651 0.000204734 4.10856e-06 6.34845e-07 0.00604556 0.035159 0.00700648 0.848811 2.75328e-06 7.9379e-07 0.0106736 1.40016e-05 4.61415e-05 6.645e-07 0.000345525 0.000144474 5.04805e-05 0.0236922 9.18061e-07 8.06821e-07 1.24366e-05 
0.0140065 0.00990071 0.000339585 0.000108993 0.119 0.000215681 0.0037475 6.31955e-06 1.73713e-06 3.00453e-07 0.0489019 0.025997 0.00421586 0.669847 8.72631e-05 1.42712e-07 0.0130503 0.00193031 5.93857e-05 7.92999e-05 0.0689628 0.000374345 0.00121104 5.15676e-05 7.55339e-06 0.00935535 0.00854143 
0.0120201 0.0594755 0.0320874 3.14957e-06 0.130929 0.0121525 0.0291948 0.000181736 0.00150399 2.01054e-09 0.139774 0.0694586 0.0366096 0.344033 0.000182452 2.51391e-09 0.0707902 0.00856425 0.000289627 0.00398448 0.0196493 0.0026527 0.000172651 0.0200794 1.4065e-05 0.00374553 0.0024524 
0.00246495 0.0090583 0.245369 4.7642e-07 0.0263781 0.00772462 0.0124943 9.9263e-05 0.103952 1.14227e-06 7.96196e-08 0.00138126 0.000114231 0.587723 1.92525e-06 1.42826e-06 4.12228e-05 1.36704e-06 1.5973e-06 1.19563e-06 3.79415e-05 0.000924447 0.000443325 0.00168946 3.82559e-06 3.10587e-07 9.14155e-05 
3.66363e-09 1.39416e-11 1.57129e-09 2.13121e-12 0.000841725 2.15474e-12 1.34795e-12 3.14121e-12 4.15276e-09 5.10983e-12 1.97641e-05 0.000109878 5.93229e-13 0.996319 8.61241e-12 6.38916e-12 0.00021184 6.11532e-12 7.14536e-12 5.34851e-12 0.0024952 1.21072e-12 6.30514e-12 1.98169e-11 3.1554e-10 3.05689e-06 9.15487e-13 
0.00420309 5.47802e-06 0.000116945 0.00148738 0.0154293 3.30347e-05 0.000628117 4.87601e-10 5.12766e-08 7.93182e-10 0.0642069 0.0613993 8.46895e-05 0.811246 1.24622e-06 9.9177e-10 0.0143411 3.96345e-08 1.10915e-09 3.22419e-05 0.0263848 0.000178721 3.38681e-07 0.00010791 4.02213e-09 8.09223e-05 3.24903e-05 
0.0210054 0.00911968 0.0065644 0.000657769 0.263729 0.00169863 0.0154947 0.00386783 0.00416854 7.36487e-07 0.0350635 0.0543731 0.0141381 0.319864 0.000144416 0.000439357 0.0538296 0.00229711 0.00033438 6.21781e-05 0.138354 0.00539734 0.000189709 0.00520583 6.21529e-05 0.0245579 0.0193809 
0.00588047 0.0146135 0.0298606 0.00356289 0.218539 0.0322609 0.00622451 0.0135684 0.00212403 4.0144e-05 0.0574031 0.0273484 0.0217158 0.45894 0.000277167 0.00144835 0.0286223 0.00108082 0.000685061 0.000596184 0.020903 0.00522854 0.00272886 0.0122716 0.000755309 0.023122 0.0101986 
0.00103907 0.0242759 0.000748763 0.000580739 0.0248787 0.0148898 0.000637837 0.00809368 1.63269e-05 4.0845e-05 0.0657162 0.0784598 0.0565867 0.451977 3.44985e-08 7.20055e-05 0.010268 4.39767e-06 7.21002e-05 0.000901541 0.00628015 0.0338279 0.00226259 0.216338 8.29205e-05 0.000669954 0.00127932 
0.0221285 0.00597474 0.173414 1.89804e-07 0.22279 8.12958e-07 0.000408741 0.014463 6.32772e-07 1.98577e-08 0.0258563 0.0202894 0.00288702 0.257406 0.00313509 7.31307e-10 0.00234764 5.04634e-06 0.00122282 0.022501 0.186214 0.000791935 7.21689e-10 0.0316065 2.02913e-07 0.00248172 0.00407492 
0.000678475 0.00095366 0.000557038 0.000793996 0.0714524 0.000330921 0.00051784 3.79205e-05 4.5901e-05 9.89466e-08 0.0422327 0.0215686 0.00100777 0.711792 8.81094e-05 0.000104142 0.00637563 1.07123e-09 0.000227464 9.15388e-06 0.137046 0.000889055 0.000257963 0.00139136 8.88397e-09 0.00112033 0.000521562 
0.00695428 0.0244675 0.0312564 0.000109067 0.0175237 0.00925137 0.124995 0.000785579 0.000519901 0.000145211 0.10198 0.0952863 0.0337213 0.201557 0.000796963 8.14375e-05 0.0212033 0.00779466 0.00202217 4.08652e-05 0.013305 0.0108103 0.00189392 0.105721 0.000522496 0.000655538 0.186599 
0.00563592 0.00678254 0.00393405 0.00054273 0.019538 0.0045358 0.0134313 0.0121845 0.000450737 1.21706e-06 0.0312131 0.0538155 0.00648789 0.731817 1.35592e-05 3.15432e-08 0.0724475 0.000985907 0.000314204 8.45059e-05 0.008482 0.0086525 0.00110376 0.0141905 1.07907e-05 0.00158005 0.00176442 
4.15687e-07 0.000817828 0.0035341 4.2103e-07 0.23645 0.00270775 3.13056e-05 0.00168454 0.000567242 2.29923e-06 0.0653207 0.0353353 0.00849106 0.40517 0.000171699 6.61899e-10 0.00158741 6.33529e-10 0.0414291 5.87639e-06 0.0407492 0.00445007 0.00184602 0.145242 1.39116e-08 0.00282307 0.00158192 
0.00353423 0.0279784 0.229749 0.00476245 0.0601916 0.0080019 0.0454264 0.00985955 0.00329157 2.22435e-06 0.165487 0.030926 0.0359275 0.234149 5.71366e-05 0.0070863 0.0302027 4.28794e-06 0.000485038 0.000291532 0.00515951 0.0542066 0.000291494 0.0207368 5.4821e-05 0.00549159 0.0166449 
0.000319617 0.0495719 0.0524999 5.75656e-07 0.103394 0.0119975 0.000966764 0.000296124 0.00274051 1.3802e-06 0.00990787 0.0113028 0.000507888 0.660893 8.6448e-05 5.8913e-06 0.00966656 0.000981246 0.00116608 0.000207083 0.0455772 0.0100114 0.000120618 0.0272196 8.73708e-05 1.96335e-07 0.000470907 
0.00150516 0.0104828 0.0133166 0.00102914 0.305297 0.00423698 0.0100197 0.00454376 0.000971135 3.87001e-08 0.0419902 0.00840861 0.00307265 0.484727 0.000244484 7.72179e-10 0.0268605 4.07834e-05 3.7986e-05 1.98342e-06 0.0237257 0.0104051 1.09071e-07 0.00922833 4.80939e-05 0.0306892 0.00911693 
0.0010011 0.0282977 0.00376874 0.000806779 0.251645 0.0100602 0.0243029 0.000987449 0.000251244 1.02823e-06 0.0515533 0.0258683 0.0346897 0.438354 0.000130089 7.80971e-08 0.0135896 0.0581383 0.00308659 0.00100636 0.00440689 0.00115431 3.48075e-05 0.00422112 0.00168735 0.0371476 0.00380941 
