0.0211976 0.0226135 0.00181062 0.000229274 0.0398979 0.293159 0.00413456 0.000756286 0.00109053 8.56582e-08 0.0781777 0.0383238 0.0375227 0.35453 1.03238e-05 4.24984e-09 0.00326926 0.00837728 5.42217e-05 4.81587e-07 0.00404159 0.00306309 0.000386066 0.0641913 6.2841e-06 0.000358917 0.0227976 
0.00194447 0.0155417 0.0475409 0.000221225 0.0284652 0.015416 0.040315 0.00746275 0.00110417 4.06286e-06 0.0146807 0.0535921 0.00197778 0.702685 0.00115886 2.44939e-08 0.0494982 4.12433e-06 9.31603e-05 0.00056554 0.00517377 0.00247431 0.000452905 0.00717329 0.000126323 0.000184072 0.00214429 
0.000208724 0.0107853 0.00753458 5.37177e-05 0.00774778 0.00207099 0.318594 0.000226754 0.00014726 3.75806e-06 0.0141785 0.0599208 0.00115021 0.535088 1.31065e-05 1.38764e-07 0.0269517 6.27126e-07 0.000687506 2.58165e-08 0.00258302 0.00208517 0.000130877 0.00161922 0.000376528 0.00784088 1.21304e-06 
0.000591939 0.0319216 0.00127545 0.00465288 0.00367873 0.027289 0.000107972 0.00149346 0.00550915 4.57589e-09 0.169759 0.00846515 0.00270503 0.595346 1.33147e-06 5.72154e-09 0.0284535 5.47631e-09 5.14752e-05 0.000142002 0.101069 0.00672496 1.36848e-06 0.0020532 8.50852e-08 0.00202168 0.00668672 
0.00639163 0.045936 0.0501342 0.0014266 0.0964669 0.00435108 0.00796167 0.0208583 6.3442e-05 2.28159e-06 0.148768 0.126037 0.0322849 0.287025 5.66656e-05 0.000264717 0.0850772 0.00100124 0.000488465 6.12972e-06 0.0198689 0.0131043 0.000187988 0.0211426 5.78776e-05 0.000722744 0.0303146 
0.0385441 0.0206787 0.0095794 4.08632e-07 0.0697958 0.00101352 0.0148806 5.02189e-05 5.4806e-05 2.33518e-08 0.0208413 0.0824342 0.0234505 0.63607 1.65554e-05 1.2381e-11 0.0520043 0.000659323 0.00143476 0.000114225 0.00707519 0.00046946 9.3739e-08 0.00837301 3.2652e-06 0.000992035 0.0114638 
0.000672618 0.00618575 0.000297356 0.000157249 0.249867 0.00383576 0.00306571 0.00150631 0.00171192 1.04715e-05 0.0567733 0.0672383 0.0147394 0.278373 2.9292e-05 4.98482e-07 0.14372 0.0683971 0.0114354 0.00116411 0.0173538 0.0052027 0.000953682 0.00320249 0.000564046 0.0266752 0.0368676 
0.00516694 0.0517701 0.0214046 0.00089332 0.0757012 0.0216562 0.00081587 0.00274185 3.27653e-05 1.01742e-06 0.0250908 0.0470102 0.00859241 0.494775 8.95911e-05 2.80166e-10 0.0316331 2.68158e-10 0.000496168 0.000157451 0.189581 0.00388602 7.98859e-06 0.00638387 4.82142e-07 0.000399363 0.0117127 
0.00241194 0.0146444 0.229789 0.00259292 0.199697 0.0149566 0.0171961 0.0934368 0.00309041 1.1732e-06 0.0431806 0.00834294 0.00404914 0.264435 7.97978e-05 0.000632485 0.0238987 9.03895e-07 0.000768995 6.5377e-06 0.0149017 0.0280809 0.000597971 0.0267503 0.000451786 0.00012323 0.00588233 
0.0706453 0.106082 0.000138683 0.000154379 0.0214771 0.00133106 0.00130694 0.000918851 3.20324e-05 1.27979e-07 0.017751 0.0919571 0.00197202 0.589499 0.000273908 5.57827e-10 0.0788384 0.000471454 0.000256401 6.12637e-06 0.00754662 0.00257617 0.00284445 0.000733998 4.26295e-07 0.000335661 0.00285094 
0.358173 0.00435236 0.000241788 5.26538e-08 0.0515221 0.00131786 0.000815433 0.000710044 9.86639e-07 1.23929e-10 0.00806966 0.0105153 0.00276021 0.556438 1.24099e-07 1.54957e-10 0.00282371 3.86242e-06 1.74089e-07 0.000159184 0.00132214 9.24745e-08 0.000279885 0.000111523 1.11627e-06 0.000120029 0.000261029 
2.79858e-06 0.109232 0.0287706 0.000279171 0.017607 0.000957551 0.0035494 0.00152962 4.42302e-07 3.79558e-08 0.162885 0.0284015 0.0432401 0.359756 3.7024e-05 4.10428e-07 0.0581983 1.27268e-07 4.70366e-07 0.000441135 3.44991e-07 0.167601 8.07051e-10 7.88213e-06 2.74578e-05 0.0174726 2.12477e-06 
0.0128639 0.00589753 0.00339689 0.00117426 0.293806 0.00188862 0.000720682 0.00112686 0.000624243 1.52892e-07 0.0568302 0.0212337 0.0043294 0.413575 7.49562e-05 6.26069e-06 0.0236569 9.93951e-05 9.71445e-05 0.00288123 0.0937873 0.00737505 8.50567e-05 0.00192132 8.0721e-06 0.0487281 0.0038119 
0.00962553 0.0308714 0.00125828 4.86902e-06 0.020354 0.00341515 0.0107963 0.00180594 0.00166138 9.69995e-05 0.0209591 0.080697 0.0130464 0.734247 0.000135334 6.2981e-11 0.0141156 0.000751056 0.000454275 2.78217e-05 0.00384301 0.00307256 0.000487314 0.018371 3.62315e-05 0.0065162 0.0233501 
0.00337163 0.0762268 0.0660302 0.0984241 0.0530628 0.000211908 0.00535804 0.0102172 2.36375e-06 3.73575e-06 0.0403294 0.0526414 0.00104463 0.334013 0.00464222 0.000488025 0.0767051 3.80361e-05 0.000986024 0.000116591 0.00492284 0.13108 0.00264744 0.00931097 8.12296e-06 1.04684e-05 0.028107 
0.123975 0.00501265 0.0169191 0.000162468 0.0828425 0.0002995 0.00112274 0.0105067 0.0481683 3.575e-05 0.0347891 0.0741678 0.0146494 0.36285 3.08256e-05 5.66067e-07 0.103536 0.000323268 0.000204811 7.03707e-05 0.00717433 0.0104229 8.36774e-05 0.036385 0.0416261 0.00014968 0.0244915 
1.11212e-07 3.96854e-10 4.77038e-08 8.30952e-12 0.0288096 3.44536e-08 5.25562e-12 2.57319e-08 1.2606e-07 1.9923e-11 9.30915e-05 5.28314e-07 2.31298e-12 0.968695 3.35794e-11 2.49111e-11 4.30979e-07 2.38434e-11 2.78595e-11 2.08536e-11 0.00240055 4.72057e-12 2.45835e-11 2.26203e-07 9.5551e-09 3.91131e-08 3.56945e-12 
1.11212e-07 3.96854e-10 4.77038e-08 8.30952e-12 0.0288096 3.44536e-08 5.25562e-12 2.57319e-08 1.2606e-07 1.9923e-11 9.30915e-05 5.28314e-07 2.31298e-12 0.968695 3.35794e-11 2.49111e-11 4.30979e-07 2.38434e-11 2.78595e-11 2.08536e-11 0.00240055 4.72057e-12 2.45835e-11 2.26203e-07 9.5551e-09 3.91131e-08 3.56945e-12 
8.09304e-06 0.00681294 0.05226 2.83893e-05 0.0968494 0.000899504 0.00432808 0.00249529 0.000801103 1.95356e-07 0.00813597 0.0050674 0.000192794 0.721677 1.46495e-05 1.09202e-08 0.00171315 2.2582e-07 0.000295218 0.00102739 0.0235123 0.00363072 0.000477241 0.000431748 1.44007e-05 0.0682215 0.00110489 
0.00317162 0.257863 0.0196446 0.00550014 0.0788628 0.00185724 0.00667203 0.0056309 4.2419e-05 9.4252e-07 0.0824942 0.0315102 0.00481364 0.298059 4.67778e-05 1.1785e-06 0.0269481 0.0946547 0.000309522 0.0132748 0.00123113 0.00098564 0.000369986 0.0428825 4.28177e-06 0.0179606 0.00520768 
0.000251573 0.0715791 0.216027 0.00258007 0.0948967 0.00164395 0.000655026 0.00216252 0.000704164 1.04163e-06 0.0587701 0.0153891 0.0130608 0.371727 0.000116722 2.40201e-07 0.0178203 2.36923e-05 3.93948e-05 0.0126646 0.104652 0.00131379 0.00140246 0.0025147 2.16138e-05 0.00851011 0.00147153 
0.0519559 0.0015687 0.0669274 0.000328264 0.0833916 0.000915744 0.000526144 0.0207946 0.000226188 3.98383e-06 0.020452 0.0178671 0.00148835 0.688149 9.71756e-06 0.000320688 0.00325663 7.36675e-09 0.00139749 0.0108272 0.0236215 0.000574635 0.00100208 0.000166406 0.000177326 0.00345406 0.000597526 
3.92659e-05 0.000151389 0.00102182 7.89136e-08 0.100392 5.42729e-06 0.000127491 3.23574e-08 8.07852e-05 4.34645e-09 0.00552952 0.00224422 1.47161e-07 0.722638 8.80362e-08 8.26632e-11 0.0271628 4.00923e-07 1.39232e-06 2.94499e-06 0.133407 4.55906e-08 8.1576e-11 1.25131e-07 6.74746e-07 0.00686408 0.000330866 
0.000898573 0.00400966 0.00452306 0.000211724 0.0253117 0.00065733 0.0143021 0.00804482 0.00146505 1.84535e-06 0.0391579 0.212048 0.00339229 0.462058 1.61401e-05 4.01725e-11 0.139041 3.84506e-11 0.00017773 1.51355e-07 0.00837342 0.00227923 4.42434e-05 0.00105959 2.54871e-05 0.000241512 0.0726586 
2.16644e-05 2.16795e-05 0.12142 2.16721e-05 0.106269 2.1672e-05 2.16773e-05 2.16656e-05 2.16616e-05 2.16529e-05 2.16837e-05 2.16819e-05 0.0889186 0.581006 2.16301e-05 2.16446e-05 2.16823e-05 0.00868017 2.16396e-05 2.16514e-05 2.16772e-05 2.16782e-05 2.16451e-05 2.16767e-05 2.16784e-05 0.0932513 2.16801e-05 
1.45913e-11 0.00061366 6.19836e-08 0.00521579 0.239508 2.84029e-08 0.000137216 3.52676e-07 5.05406e-08 9.44912e-09 0.0228498 0.00500199 0.000477796 0.584747 6.6828e-06 2.81116e-11 0.00591527 2.69067e-11 3.45793e-08 2.35328e-11 0.0804843 0.00823816 0.0415665 0.000747624 5.13219e-12 0.000624792 0.00386458 
0.00180462 0.0851471 0.0753563 0.00888379 0.0596275 0.00383691 0.000418491 0.0005336 3.39251e-07 1.11829e-05 0.0203847 0.0620372 0.0205659 0.496605 2.04183e-05 1.16087e-05 0.039572 5.02957e-10 0.002667 2.6287e-05 0.00796491 0.00393696 1.21743e-06 0.00177735 7.00073e-06 0.000656274 0.108146 
0.0032204 0.00127973 0.00385361 0.00292147 0.141504 1.25675e-05 0.000281931 0.208867 2.39191e-06 3.25142e-06 0.0283563 0.0240922 0.0393351 0.51038 1.75333e-05 0.000109064 0.00574007 3.24336e-05 2.89031e-05 0.00289937 0.0206207 0.00056718 5.13651e-05 0.0053417 3.58465e-05 2.41318e-05 0.000421564 
7.40618e-05 0.000996899 0.19325 0.00116143 0.261095 0.0398548 0.00148302 4.10486e-10 0.0121626 1.27874e-07 0.041735 0.012678 2.26144e-07 0.358477 1.04562e-05 8.3492e-10 0.0247275 4.53956e-06 9.33738e-10 6.9893e-10 0.00347503 0.00360505 8.2394e-10 3.29419e-05 5.28682e-05 0.0446736 0.000449292 
0.00334161 0.0509901 0.0164368 0.006979 0.18185 0.00377676 0.0322844 0.0728506 0.0029988 9.56454e-06 0.0256845 0.0524375 0.0521776 0.292395 0.00249445 4.73954e-06 0.0586145 6.12145e-05 8.77484e-05 7.77054e-07 0.0079775 0.0112986 0.00120632 0.0258011 4.43072e-05 0.0495537 0.0486422 
0.000746813 0.000681635 0.0462871 0.000172685 0.073158 0.000424531 0.00021362 1.0782e-06 7.57711e-05 5.60598e-09 0.00576442 0.000145518 0.000471845 0.68703 0.000664947 5.22131e-10 0.00529942 4.86381e-07 1.86675e-06 5.23475e-05 0.157604 0.000344123 2.92965e-07 2.67163e-05 1.38429e-06 0.0207717 5.95792e-05 
0.00217325 0.00176086 0.000934821 9.92525e-08 0.12377 0.0051563 0.000121827 0.000884171 2.93731e-06 1.12127e-06 0.0231873 0.0464538 0.00185332 0.729037 3.9488e-05 3.48489e-08 0.0177949 4.25688e-06 0.000247137 6.64085e-06 0.0366231 0.000702384 0.00047385 0.00314992 3.42774e-06 0.00381492 0.001803 
0.0484894 0.0377836 0.000506409 0.000374739 0.100329 0.0115797 0.0111418 0.00091961 0.106439 1.76731e-09 0.0646195 0.130235 0.0291149 0.342433 0.000742446 7.15165e-07 0.0320475 0.00299621 0.000268275 0.0106576 0.000723045 0.00237085 1.44874e-06 0.000503696 9.17305e-06 0.00340665 0.0623065 
1.10954e-06 0.0219101 0.00512477 3.22827e-06 0.0128924 0.000744548 0.00673987 0.0182646 4.77628e-08 1.84539e-07 8.93151e-07 0.0670989 0.0035492 0.835337 3.94355e-05 1.69295e-10 0.0206339 1.91028e-07 1.51949e-06 2.5771e-05 0.00131178 1.12541e-06 1.22134e-08 0.000646459 2.45449e-08 5.14029e-08 0.00567319 
1.27421e-05 0.153024 0.0777892 1.27466e-05 0.233396 1.27466e-05 1.27497e-05 0.033144 0.0191233 1.27353e-05 0.045925 1.27524e-05 1.27525e-05 0.415673 1.27219e-05 1.27304e-05 1.27526e-05 0.00383216 1.27275e-05 1.27344e-05 1.27496e-05 0.00766283 1.27307e-05 1.27493e-05 1.27503e-05 1.2752e-05 0.0102138 
0.0966302 0.00122953 0.00158086 1.02691e-11 0.401177 0.00101426 0.00180527 0.000521097 3.71792e-05 2.78304e-08 0.00265984 0.0102585 0.000848982 0.40444 2.38503e-05 3.07858e-11 0.00870421 3.49363e-07 0.00170737 3.42541e-06 0.0553224 1.0084e-07 1.71345e-09 0.000179347 5.62041e-12 0.000191601 0.0116653 
0.0339389 0.000286314 0.0664225 0.00122315 0.309799 0.0378886 6.97409e-05 0.00652173 8.9755e-05 0.000368517 0.0375137 0.0151586 0.00623105 0.348777 0.000298884 2.39438e-06 0.0172418 2.15342e-05 0.00165404 8.18222e-07 0.0527907 0.000486846 0.000951024 0.0584403 1.45578e-05 0.00208876 0.00171939 
1.2357e-06 5.51207e-06 0.0317023 4.96016e-10 0.0458846 5.01492e-10 3.13721e-10 7.31081e-10 8.74874e-10 1.18925e-09 1.96468e-06 0.0548992 0.0127356 0.854743 2.00444e-09 1.487e-09 1.32609e-10 1.42327e-09 4.82436e-06 3.73568e-06 1.48137e-05 1.35283e-06 1.48212e-07 7.33789e-07 5.70368e-07 1.69173e-10 4.05045e-07 
0.000743293 2.76803e-09 0.00293615 5.85379e-09 0.00174758 0.0698346 0.000166983 4.4011e-05 0.000315953 0.000494053 0.00293721 0.00237679 0.000428702 0.873615 0.000189269 1.75491e-08 0.00123557 1.67969e-08 0.000119739 0.0371808 0.000777446 0.000282337 0.000644256 0.000229388 0.000291874 0.00282388 0.000584889 
0.101845 0.124361 0.0049276 0.00025992 0.00147467 0.00712413 0.00398361 0.0031823 0.000106685 1.21592e-07 0.0777119 0.117681 0.056841 0.422698 1.80047e-05 1.04974e-08 0.0170092 0.00252842 0.00169723 0.00100297 0.000661567 0.00936101 8.55766e-05 0.010766 4.79543e-06 0.0019827 0.0326854 
0.0131206 0.00424348 0.194759 0.00507451 0.118459 0.00205551 0.0123744 0.00158703 0.00683108 6.38995e-05 0.155377 0.0372709 0.00336639 0.279845 0.000333976 1.8508e-10 0.0733382 1.77147e-10 0.00249409 0.0245649 0.043283 0.000535696 0.000844259 0.00338767 0.000400141 0.00278935 0.0136003 
0.0015485 0.00466874 0.00112538 0.00257365 0.241881 0.00084678 0.00736779 0.000229367 0.00109601 2.4213e-06 0.0269342 0.0200721 0.00349014 0.301669 0.243356 1.05488e-06 0.0184484 0.000273162 0.000239195 1.72418e-05 0.0854081 0.00154038 0.000602372 0.0028878 1.80137e-05 0.0262117 0.00749126 
0.00306521 0.00318521 0.0404509 8.34142e-06 0.242426 1.1732e-05 0.000740028 0.000289695 0.000203999 1.2709e-07 0.0489288 0.00957975 0.00382476 0.372219 7.8261e-05 0.0608474 0.0425674 0.000130291 2.45346e-06 0.000811905 0.14524 0.000382172 7.05224e-05 0.0010127 5.20396e-06 0.0220009 0.00191617 
0.00164175 0.017475 0.0179543 0.0104023 0.0405627 0.00215174 0.00620518 0.0012382 3.32888e-06 0.0346157 0.0352497 0.0287781 0.0517765 0.645496 0.0199564 6.08908e-05 0.0201001 0.000425505 0.000661619 0.000241662 0.00936668 0.0105584 0.000131436 0.0172908 1.45089e-05 0.00037184 0.0272692 
3.43091e-08 0.000857791 0.00104038 1.05004e-07 0.351254 4.39937e-08 0.00157294 3.10594e-08 6.95423e-12 9.45318e-12 0.0200517 0.00583266 0.00532121 0.587969 4.73715e-08 3.51748e-05 0.00311756 0.00016555 9.57074e-08 1.22304e-07 0.0126601 0.00343157 7.85783e-05 0.00405675 2.08157e-09 9.29957e-08 0.00255516 
0.00143768 0.0193163 0.0495985 8.03652e-10 0.0523933 0.0544214 0.00238622 0.00316992 0.000966067 1.20678e-06 0.12675 0.041676 0.0575752 0.536857 1.85179e-06 1.02134e-06 0.0131006 2.86241e-08 0.000109747 0.000231487 0.0228556 0.0070198 0.00656284 0.00133367 1.55406e-06 0.00211167 0.000120951 
0.134484 0.0686069 0.00362677 1.90014e-06 0.0130612 0.00810048 0.00086088 0.000289406 4.33782e-06 7.81426e-10 0.178914 0.219932 0.0152136 0.299328 9.24854e-06 2.87551e-06 0.0234005 0.0114713 2.44479e-05 3.29045e-05 0.0170626 0.000804062 0.000177799 0.00124359 1.82715e-06 0.00164068 0.00170482 
0.0080946 0.00954635 0.00458758 0.00686442 0.062539 0.000640696 0.00339007 0.0353119 4.37113e-05 2.71838e-09 0.120078 0.0444694 0.25944 0.354979 0.000187328 9.96778e-06 0.0351013 0.000271073 0.000104291 3.99233e-05 0.00691231 0.00818506 0.00300539 0.00973778 5.21376e-06 0.00119375 0.0252619 
0.175344 0.00328689 0.0025516 0.00038864 0.0147146 0.00219572 0.0076817 7.12936e-06 0.000244124 1.87962e-05 0.257621 0.121446 0.0161992 0.258367 2.08877e-05 9.32985e-09 0.0945011 0.000235015 0.000385445 2.42748e-05 0.0135517 0.00565388 0.0126851 0.00300022 2.54065e-05 0.00340874 0.00644173 
6.56285e-06 0.0030215 0.02641 5.08075e-07 0.156553 3.21896e-07 0.00124923 3.43483e-08 1.21213e-06 1.0684e-05 0.000539809 0.00207089 0.00243297 0.709685 5.10178e-05 6.98637e-08 0.00593637 1.095e-06 7.81325e-08 2.48926e-05 0.0455643 0.000228564 0.0308197 0.000102258 5.47151e-06 0.0150752 0.000208909 
5.06185e-06 5.11585e-06 0.0266944 3.53548e-10 0.357189 3.57451e-10 1.44009e-05 0.0764681 3.80452e-06 8.4767e-10 0.0484574 0.0364149 2.1553e-06 0.40552 3.85895e-06 0.000121995 6.50309e-06 1.42127e-06 1.18535e-09 8.87266e-10 0.0004272 8.63663e-06 1.04596e-09 0.0486522 1.93501e-10 1.89326e-06 1.53404e-06 
0.00019686 0.00981666 0.00674595 0.00163385 0.198262 0.00340278 0.0012877 0.00953851 5.49823e-07 1.21473e-08 0.00223433 0.00649437 0.00190283 0.684668 0.000568366 4.26747e-10 0.0253268 1.68437e-06 1.85766e-06 1.04463e-07 0.00221095 0.020398 1.64057e-07 0.0157176 6.81496e-06 0.000191337 0.0093915 
0.0171298 0.0510631 0.178448 6.98177e-05 0.0293552 0.00156795 0.00357819 0.00567185 2.09499e-06 9.76632e-06 0.00399804 0.0491059 0.00647788 0.573941 1.75888e-05 5.46624e-05 0.0297566 6.38375e-05 0.000329955 0.000216979 0.0147746 0.000786896 0.000702851 0.00474013 0.00380989 0.0112199 0.0131078 
0.0236121 0.000915769 0.00895839 4.9427e-10 0.0592722 3.24709e-06 0.00158135 1.10134e-06 0.000295582 1.03267e-07 0.0148513 0.0145696 0.00718753 0.825187 2.37018e-06 1.48177e-09 0.0215252 1.15103e-05 1.03094e-06 1.24042e-09 0.000230998 1.03397e-06 0.0217922 3.32216e-10 9.83865e-08 1.68578e-10 2.12319e-10 
5.06092e-05 0.00204191 0.0845072 0.000623888 0.227581 0.000245144 0.000233439 0.0231053 0.0746081 3.90886e-08 0.0307969 0.000491615 0.00397668 0.501473 3.09727e-06 0.000388791 0.0357968 4.67803e-08 0.00465049 4.09145e-08 0.00136211 1.6633e-06 2.3571e-06 7.28268e-05 4.94211e-07 0.00346979 0.00451706 
0.00128857 0.020697 0.0294662 0.00225879 0.230334 0.00467931 0.00127537 0.00855829 0.000295668 1.94551e-07 0.0407273 0.0872376 0.00270889 0.32573 6.1796e-07 4.13819e-09 0.167155 8.36223e-07 0.000108294 0.0001631 0.0415562 0.00497275 0.00198565 0.00988264 1.21911e-05 0.00146823 0.0174367 
0.00154665 0.202388 0.107948 0.000133673 0.0131195 0.0964304 0.00399788 0.00468132 0.00520404 1.58836e-10 0.0395794 0.0157641 0.134414 0.34108 3.99508e-05 0.00427949 0.00294612 1.90091e-10 2.2211e-10 0.000794607 0.00103576 0.0196376 0.00345392 0.000782498 0.000703901 2.38898e-05 1.49798e-05 
6.24018e-05 0.0128398 0.00232677 0.00440508 0.0512783 6.26465e-06 0.196623 0.00242698 0.000183833 8.99382e-07 0.0423047 0.103829 0.00900285 0.471704 2.05569e-07 1.85533e-08 0.081503 3.14786e-06 0.00120616 0.00144891 0.00192932 0.0110906 0.00290396 0.00225368 3.24296e-05 8.16816e-07 0.000633708 
0.00411221 0.0104602 0.00549542 0.00848292 0.0657188 0.00867463 0.00471975 0.00297205 0.000379416 4.7976e-06 0.0987364 0.0261559 0.00162449 0.660777 3.38983e-05 1.84063e-08 0.0519878 2.68597e-06 0.000240382 8.75479e-05 0.00962519 0.00651014 0.000657541 0.0129375 4.1483e-06 0.0156159 0.00398322 
0.00425811 0.0595792 0.0103881 0.00291032 0.0165748 0.0229944 0.0424057 0.000246716 0.000305716 1.887e-06 0.0547457 0.115945 0.263551 0.311391 0.000151999 1.70959e-08 0.0341597 0.0051314 0.00179683 0.000137506 0.0275325 0.00719776 0.00029659 0.00555183 0.0035073 0.00191067 0.00732845 
0.0246622 0.245319 0.0252184 0.0195337 0.0770903 2.03931e-05 0.00244573 0.00129983 0.000101394 1.16182e-05 0.0226376 0.019111 0.000668265 0.481512 7.25831e-05 0.00102525 0.0247715 0.000119953 0.000244986 5.62325e-05 0.00440301 0.000586969 0.000313491 0.045291 9.42204e-06 0.000308253 0.00316637 
2.42193e-10 0.0197587 0.0657593 0.0197891 0.0435646 0.000305241 0.0109639 0.0463496 2.74528e-10 3.73177e-10 0.0279434 0.0144975 0.00862895 0.517432 7.35834e-05 4.66609e-10 0.195446 4.46609e-10 1.54563e-07 0.000436238 0.000842567 0.0150033 5.35448e-06 0.00777893 3.32634e-08 0.000566062 0.00485547 
0.00030408 0.219911 0.00329638 1.79528e-07 0.12421 0.000174844 4.56636e-05 0.0990536 0.000258958 4.30437e-07 0.00368062 0.00343767 1.12041e-06 0.485749 7.25486e-07 5.38205e-07 1.39037e-05 5.15137e-07 6.01905e-07 4.50544e-07 0.0399922 8.26219e-05 9.02882e-05 0.0181784 9.82575e-08 2.57383e-05 0.00149089 
0.0120521 0.00589704 0.00465947 9.6867e-10 0.0979424 6.4785e-06 0.000461423 0.00182772 0.000338962 2.3225e-09 0.00160073 0.0138709 0.000117405 0.76194 6.00918e-06 2.90397e-09 0.00268321 2.77951e-09 2.35197e-06 2.43098e-09 0.0807444 0.000636498 0.000289708 0.00104014 1.67662e-05 0.0104311 0.00343517 
5.38358e-06 5.38733e-06 0.0156278 5.3855e-06 0.289894 5.38548e-06 5.38678e-06 0.0603049 0.032841 5.38071e-06 0.0425735 0.0969883 5.38799e-06 0.394878 5.37506e-06 5.37865e-06 5.38803e-06 0.00753611 5.37742e-06 5.38033e-06 0.0511797 5.38699e-06 5.37878e-06 0.00808536 5.38707e-06 5.38777e-06 5.38747e-06 
0.0253332 0.00613157 0.0365814 2.0741e-05 0.219294 0.0121328 4.37646e-05 0.00215205 8.31206e-08 1.3182e-10 0.0955876 0.0445479 0.0104521 0.362825 6.7412e-06 8.84479e-07 0.107241 1.3323e-05 2.27891e-07 0.000942626 0.00576956 0.00557381 0.00119086 0.0140823 2.96718e-05 0.0217176 0.0283288 
1.80848e-05 0.0148331 0.00944616 0.000307608 0.0563607 0.00563099 0.021581 4.41709e-05 0.000438493 7.65536e-07 0.0570546 0.0668443 0.0859896 0.525356 1.16649e-06 5.11268e-09 0.0260623 5.21678e-05 0.000162314 0.00157347 0.0461664 0.00117005 4.85616e-05 0.0269335 0.00118264 0.00542515 0.0473163 
0.00238146 0.106082 0.0387424 5.70749e-08 0.0285006 0.0532904 0.00399762 0.00177468 0.00284098 1.01973e-08 0.148528 0.0897969 0.0784273 0.191574 0.000689827 8.04679e-10 0.029212 0.00134299 3.41545e-05 0.00037392 0.00956342 0.00507755 7.1869e-05 0.0748166 2.00947e-05 0.122068 0.0107931 
0.000393999 0.0199006 0.384846 2.63296e-06 0.0715936 0.0161464 2.08526e-05 0.000998163 0.010736 1.02282e-09 0.00930042 0.000568935 0.0146341 0.408682 4.14709e-07 0.000146356 0.00829358 0.00497499 4.70666e-06 0.00382674 0.00949346 0.00040685 0.00121586 0.032735 0.000653716 5.69733e-05 0.000367537 
0.0569069 0.0240849 0.0133437 0.000707162 0.0535831 0.00193348 0.0264502 0.00164195 0.0119488 4.22973e-06 0.0422079 0.131598 0.0296103 0.397828 8.11594e-05 6.38084e-09 0.0899138 2.68586e-05 0.0223231 0.00144778 0.0324209 0.00491698 0.0266011 0.00468966 0.00497501 0.00876953 0.0119856 
0.00753096 0.00973734 0.000260209 0.000128684 0.0827464 0.000148557 0.00489116 0.000497904 0.000603124 3.4465e-08 0.000469467 0.0348726 0.000532402 0.671158 4.68733e-08 3.18862e-07 0.118464 1.55586e-07 3.38056e-10 1.00681e-05 0.0216607 0.00378393 2.23368e-07 0.0313867 7.10432e-05 0.00912149 0.00192403 
0.00127182 0.168972 0.00530679 0.000514899 0.0109423 0.0456585 0.0316917 0.000392014 0.000278118 1.12931e-05 0.071639 0.118675 0.0853491 0.434354 1.38968e-06 5.81288e-06 0.00394054 1.84869e-06 0.000100423 7.46556e-06 0.00164947 0.00123394 0.00112244 0.00776171 2.28208e-05 0.00110927 0.00798647 
1.01804e-06 0.0017946 0.0722402 5.91237e-07 0.0573097 0.0492998 0.0414292 0.00012531 3.20138e-06 1.7148e-07 0.010789 0.00898709 0.00473322 0.743835 3.21085e-05 2.44286e-06 0.00251389 1.78419e-08 5.39451e-05 0.000290652 0.00165995 0.000362431 1.37263e-05 0.00357859 3.97547e-10 0.000334051 0.000610583 
0.0148894 0.0114898 0.00452908 0.000148654 0.0816771 0.0019292 0.00172765 0.0178485 4.1523e-05 5.04457e-07 0.27873 0.0798714 0.0079562 0.290784 6.26126e-08 8.02221e-10 0.0859861 1.06976e-08 2.02172e-05 6.71557e-10 0.00465868 0.00574581 3.81134e-05 0.105036 1.46457e-10 0.00638063 0.000510484 
2.52976e-10 7.03417e-06 0.00389723 3.68235e-05 0.0594303 2.63156e-07 9.15251e-07 0.0343949 2.8675e-10 3.89791e-10 8.42528e-08 0.238924 0.0360925 0.458434 6.56978e-10 3.26595e-06 0.0154464 4.66493e-10 5.45067e-10 4.07999e-10 0.123871 0.0294585 4.80973e-10 2.1637e-06 1.51353e-07 6.26623e-07 4.74953e-07 
0.000482815 0.00596797 0.143692 0.00029622 0.114563 0.000646986 0.0620866 0.000741972 0.0126006 4.21123e-05 0.198583 0.00117545 0.0436839 0.201657 1.791e-05 7.86347e-09 0.0257679 6.99339e-06 0.000117865 0.00130341 0.0110001 0.00330976 0.000254616 0.000876459 0.000960646 0.00585535 0.16431 
0.00223489 0.0279831 0.102759 0.0199533 0.174472 0.0110342 0.0104826 0.00891679 4.75666e-06 1.50042e-07 0.0688994 0.0191069 0.00204088 0.404219 0.000428752 0.00190889 0.0745018 5.56554e-06 8.63167e-06 0.00112633 0.0295681 0.00850143 7.2003e-09 0.0270003 1.35524e-06 0.00060851 0.00423377 
0.00623105 0.000652575 0.000455186 4.39438e-08 0.0201626 9.60222e-05 0.00024085 0.000120042 4.66235e-05 3.51404e-11 0.000463096 1.03858e-05 0.0122788 0.954447 1.81697e-05 4.39384e-11 2.72012e-05 4.08267e-08 4.57179e-08 4.39501e-08 0.0045669 0.000124643 2.23956e-07 8.49111e-06 6.15607e-06 8.57643e-07 4.33816e-05 
0.000898888 1.90217e-05 0.110946 0.00104129 0.0133384 0.0144983 0.00772885 0.000242779 3.02987e-05 8.33091e-08 0.00205042 1.01431e-08 0.00450881 0.815025 3.30449e-05 1.04167e-07 0.00212898 3.67466e-06 1.16496e-07 8.72006e-08 0.0237882 0.00062476 0.00147117 0.000545357 5.93567e-07 0.000976065 0.000100176 
0.00697482 0.0727593 0.0334994 0.00550614 0.186227 0.0057884 0.0294694 0.000486232 0.0151808 1.66786e-08 0.0930521 0.0367282 0.0458217 0.289853 7.09984e-06 1.29919e-06 0.0767547 0.021221 0.0011646 7.35291e-05 0.0378179 0.00264813 0.000283083 0.0187336 0.00041841 0.00644965 0.01308 
0.0277896 0.00371405 0.00569279 0.00074513 0.0647049 0.00169541 0.0152894 0.000971347 0.00404311 3.53285e-05 0.135539 0.127327 0.00654751 0.439791 6.99378e-05 1.03808e-07 0.0892358 8.32949e-05 0.000215297 0.00413747 0.0242891 0.00146237 0.016538 0.0048806 5.51847e-05 0.0128122 0.0123351 
0.160446 0.0478675 0.0169932 8.89457e-07 0.0145734 0.00319705 5.62566e-07 0.0261431 0.00760927 2.13257e-06 0.0542935 0.115129 0.000980987 0.482791 3.59437e-06 2.6665e-06 0.000259213 2.55221e-06 0.00461353 2.23219e-06 0.000115424 0.00559328 2.63143e-06 0.0593765 4.8681e-07 3.03362e-07 3.82076e-07 
3.32514e-06 0.00482375 0.0112199 0.00379691 0.249204 0.00163478 0.00026025 0.00556516 5.18165e-08 2.7545e-08 0.113285 0.0149184 0.00261313 0.427269 1.50098e-05 2.08407e-07 0.0699109 2.00204e-10 8.72549e-05 5.87162e-06 0.00404192 0.0053686 1.17042e-07 0.0158549 3.18908e-08 0.0695351 0.000586844 
0.000678475 0.00095366 0.000557038 0.000793996 0.0714524 0.000330921 0.00051784 3.79205e-05 4.5901e-05 9.89466e-08 0.0422327 0.0215686 0.00100777 0.711792 8.81094e-05 0.000104142 0.00637563 1.07123e-09 0.000227464 9.15388e-06 0.137046 0.000889055 0.000257963 0.00139136 8.88397e-09 0.00112033 0.000521562 
0.00250143 0.236099 0.00916944 0.000461485 0.0226437 0.00729786 0.0127246 0.0040432 0.00179911 5.74985e-06 0.0540713 0.0452719 0.0198993 0.533783 0.000344562 5.5337e-06 0.0162734 0.000227947 0.00101443 0.00076232 0.00306861 0.00693739 0.000324682 0.0189022 0.000348646 0.000763746 0.00125512 
4.45553e-05 4.45863e-05 4.45838e-05 4.45712e-05 0.49504 4.4571e-05 4.45818e-05 4.45578e-05 4.45495e-05 4.45316e-05 4.4595e-05 4.45914e-05 4.45918e-05 0.503846 4.44848e-05 4.45145e-05 4.45921e-05 4.45182e-05 4.45044e-05 4.45285e-05 4.45817e-05 4.45836e-05 4.45156e-05 4.45807e-05 4.45842e-05 4.459e-05 4.45875e-05 
0.0289164 0.0627686 0.0268204 0.00637418 0.171317 0.00519401 0.00415166 0.0200116 0.000493136 2.36375e-06 0.160096 0.131208 0.0238701 0.173763 5.13469e-05 2.7158e-06 0.104387 0.000272931 0.000145129 0.000458904 0.0234818 0.00455492 2.66517e-05 0.0300137 3.5269e-05 0.000342025 0.0212423 
0.015168 0.121571 0.093808 0.000553515 0.153573 0.0408174 0.000511214 0.00663186 0.00814699 4.03661e-06 0.116871 0.0287001 0.0189587 0.25517 2.33005e-06 6.71254e-09 0.0406072 2.15285e-06 3.81963e-06 0.00110472 0.0135591 0.00376597 0.000158075 0.000292139 8.71564e-05 0.0358398 0.0440937 
0.00137574 0.165802 0.182889 0.000833607 0.110172 0.0201891 0.0194792 0.00859893 0.0722287 0.00151548 0.017455 0.0118331 0.0487962 0.263548 0.0059437 6.55317e-05 0.0166066 6.94207e-06 0.00324822 0.00217022 0.00589182 0.0202608 0.00171352 0.00293374 0.000815529 0.000795928 0.0148305 
0.0149467 0.00773795 0.00151661 0.000287676 0.0308789 0.00132767 0.0224375 3.03917e-05 4.40035e-05 2.22265e-06 0.0343623 0.127166 0.0274039 0.420562 1.52968e-05 1.53957e-07 0.252759 0.00364051 0.000109079 5.03526e-05 0.0239257 0.000952304 7.76279e-05 0.00455879 0.00175413 0.0017693 0.0216848 
0.0966302 0.00122953 0.00158086 1.02691e-11 0.401177 0.00101426 0.00180527 0.000521097 3.71792e-05 2.78304e-08 0.00265984 0.0102585 0.000848982 0.40444 2.38503e-05 3.07858e-11 0.00870421 3.49363e-07 0.00170737 3.42541e-06 0.0553224 1.0084e-07 1.71345e-09 0.000179347 5.62041e-12 0.000191601 0.0116653 
0.000491558 0.010963 0.0121227 0.00118205 0.0754592 0.00356174 0.000247278 0.0020488 5.16035e-05 1.92282e-06 0.017437 0.00978807 0.00125957 0.421573 9.74402e-05 6.47423e-08 0.0102416 1.10113e-05 1.92754e-05 4.99223e-05 0.0328794 0.00067104 0.392223 0.00210825 1.04714e-06 0.00216389 0.00334622 
0.00903032 0.00527618 0.000580256 8.956e-05 0.165215 0.000835376 0.00538338 0.000283788 0.000813368 3.58716e-06 0.00331886 0.0381283 0.0112733 0.422619 7.70877e-06 1.8579e-05 0.0357423 0.000110258 0.000130527 9.24495e-06 0.242445 0.00284515 0.00886834 0.010776 6.10076e-05 0.0294853 0.00664967 
0.00626363 0.0175585 0.0137017 0.0077998 0.0323417 0.00144366 0.0201844 0.00981531 0.00037918 4.95264e-05 0.0971753 0.161635 0.0372926 0.228809 6.44408e-05 0.000233505 0.187198 0.000331126 0.000952304 0.00408691 0.00658009 0.0203274 0.000786213 0.00540244 0.00143127 0.0110198 0.127137 
0.000870887 0.0178897 0.0588969 0.000111651 0.157278 0.0885512 0.000372853 0.000434886 0.0137513 4.23947e-07 0.0974946 0.0498323 0.00198377 0.338064 0.000202677 0.000264489 0.039056 1.50936e-05 0.00110492 0.00351394 0.0603502 0.0222902 0.00181693 0.0373592 0.000622664 0.0026239 0.00524686 
0.0532749 0.000393318 0.160438 2.59938e-08 0.222687 0.000850394 0.00634569 0.000658996 0.000106655 3.69448e-05 0.0213167 0.0367876 0.0184044 0.249184 4.06046e-05 7.79267e-08 0.086226 0.0874082 9.77368e-05 0.000240162 0.0118417 0.000701806 7.37683e-05 0.0123989 0.0153362 0.000194549 0.0149553 
0.000977176 0.00378819 0.0391009 0.00666503 0.0748935 0.00764663 0.00298675 0.00131431 0.0037089 1.13355e-05 0.0497314 0.0294663 0.0086225 0.539037 0.0366747 3.28133e-08 0.0202036 0.000103084 0.000116319 0.000433639 0.0188261 0.00525371 0.00199996 0.0102399 7.83981e-05 0.00847838 0.129642 
0.0127663 0.020486 0.0157682 9.06811e-07 0.036191 0.000388509 0.00531277 0.000197348 1.52857e-05 5.18603e-08 0.0446187 0.0483574 0.00916925 0.741963 4.65108e-05 7.80544e-11 0.0347566 0.000215188 0.00039915 0.000235208 0.0167886 0.000256614 0.000868209 0.00273974 9.17634e-07 0.00100916 0.00744938 
0.00786364 0.0336921 0.000497593 2.81072e-05 0.0218973 0.0759739 0.00439087 0.00127572 0.000429484 1.56256e-06 0.0855291 0.164089 0.0512002 0.400463 5.46999e-06 3.64371e-11 0.0437921 0.00118991 9.3446e-05 2.38571e-06 0.0106352 0.00655779 0.000182342 0.0406757 3.27165e-06 0.0404879 0.00904241 
0.000259779 0.0566076 0.000537841 0.00119494 0.0070332 0.00280054 0.0541359 0.00309352 4.3347e-06 1.13671e-07 0.0299525 0.221163 0.00720313 0.432362 1.56804e-07 4.50273e-09 0.0665654 2.16138e-06 0.000194265 1.13074e-05 3.65489e-05 0.10779 8.76871e-05 0.00531955 4.73856e-06 0.000158286 0.00348123 
0.00011639 0.00015923 0.048691 0.000291583 0.0177179 0.00113484 0.000234582 6.1252e-05 5.46337e-05 1.36348e-05 0.163846 0.000790602 0.0097702 0.704817 1.49571e-05 3.17868e-05 0.00142591 3.25108e-05 2.92713e-05 0.000466737 0.00086516 0.000881532 0.000484891 0.00616811 9.59722e-05 0.00575848 0.0360456 
2.52208e-07 0.00129321 0.000168602 3.18365e-06 0.0212972 0.0437226 0.000512857 2.49708e-07 3.93583e-05 2.45864e-08 0.178829 0.0489123 0.0110664 0.670439 2.16374e-07 2.43127e-10 0.00380144 1.46191e-07 0.000443787 2.03527e-10 0.00993134 0.00163201 1.78436e-06 0.0076951 5.38982e-07 0.000209016 8.95618e-08 
0.000610401 0.00724081 0.0324622 0.0187569 0.0278601 0.000678169 0.000145868 0.000936818 1.61829e-05 1.66741e-06 0.10997 0.0750798 0.00476235 0.661853 2.88774e-05 1.60854e-06 0.0428639 2.50506e-08 1.31295e-05 2.34302e-05 0.00563738 0.00555808 8.87553e-05 0.00487278 1.77927e-06 0.000263386 0.000272473 
0.022439 0.0102599 6.50172e-05 0.0160657 0.00490512 0.00139762 0.012651 0.000204734 4.10856e-06 6.34845e-07 0.00604556 0.035159 0.00700648 0.848811 2.75328e-06 7.9379e-07 0.0106736 1.40016e-05 4.61415e-05 6.645e-07 0.000345525 0.000144474 5.04805e-05 0.0236922 9.18061e-07 8.06821e-07 1.24366e-05 
0.0120201 0.0594755 0.0320874 3.14957e-06 0.130929 0.0121525 0.0291948 0.000181736 0.00150399 2.01054e-09 0.139774 0.0694586 0.0366096 0.344033 0.000182452 2.51391e-09 0.0707902 0.00856425 0.000289627 0.00398448 0.0196493 0.0026527 0.000172651 0.0200794 1.4065e-05 0.00374553 0.0024524 
0.00246495 0.0090583 0.245369 4.7642e-07 0.0263781 0.00772462 0.0124943 9.9263e-05 0.103952 1.14227e-06 7.96196e-08 0.00138126 0.000114231 0.587723 1.92525e-06 1.42826e-06 4.12228e-05 1.36704e-06 1.5973e-06 1.19563e-06 3.79415e-05 0.000924447 0.000443325 0.00168946 3.82559e-06 3.10587e-07 9.14155e-05 
0.00425501 0.0178125 0.0120993 0.000804787 0.0337032 0.143839 0.0057445 0.00267254 0.00360674 7.06622e-06 0.0254269 0.0281563 0.0168177 0.65913 6.35005e-05 5.44793e-07 0.0135702 0.00104665 8.2823e-05 9.60906e-05 0.00398926 0.00236361 0.000538848 0.015947 0.000899277 0.00104827 0.00627904 
0.00588047 0.0146135 0.0298606 0.00356289 0.218539 0.0322609 0.00622451 0.0135684 0.00212403 4.0144e-05 0.0574031 0.0273484 0.0217158 0.45894 0.000277167 0.00144835 0.0286223 0.00108082 0.000685061 0.000596184 0.020903 0.00522854 0.00272886 0.0122716 0.000755309 0.023122 0.0101986 
0.000628043 0.260979 0.00300709 0.00044347 0.0297917 0.0144587 0.0792626 0.000875731 0.000126015 0.000386973 0.0485071 0.0779048 0.0437883 0.269414 4.99061e-05 8.10652e-10 0.0481607 6.48129e-06 0.000303116 0.0011497 0.000335545 0.0310235 0.000202823 0.0699593 0.0114315 0.000158116 0.00764502 
0.0221285 0.00597474 0.173414 1.89804e-07 0.22279 8.12958e-07 0.000408741 0.014463 6.32772e-07 1.98577e-08 0.0258563 0.0202894 0.00288702 0.257406 0.00313509 7.31307e-10 0.00234764 5.04634e-06 0.00122282 0.022501 0.186214 0.000791935 7.21689e-10 0.0316065 2.02913e-07 0.00248172 0.00407492 
0.000678475 0.00095366 0.000557038 0.000793996 0.0714524 0.000330921 0.00051784 3.79205e-05 4.5901e-05 9.89466e-08 0.0422327 0.0215686 0.00100777 0.711792 8.81094e-05 0.000104142 0.00637563 1.07123e-09 0.000227464 9.15388e-06 0.137046 0.000889055 0.000257963 0.00139136 8.88397e-09 0.00112033 0.000521562 
0.0129684 0.00402398 0.0252557 4.33373e-10 0.160966 0.00201679 0.000718308 0.00527252 0.000106667 1.63888e-07 0.00285063 0.0147319 0.00789204 0.697916 0.000113756 0.0281763 0.00183873 0.000330981 8.9822e-05 0.00296028 0.017233 4.31678e-06 3.70387e-05 0.000316112 7.81017e-06 0.00166069 0.0125118 
0.00353423 0.0279784 0.229749 0.00476245 0.0601916 0.0080019 0.0454264 0.00985955 0.00329157 2.22435e-06 0.165487 0.030926 0.0359275 0.234149 5.71366e-05 0.0070863 0.0302027 4.28794e-06 0.000485038 0.000291532 0.00515951 0.0542066 0.000291494 0.0207368 5.4821e-05 0.00549159 0.0166449 
0.000319617 0.0495719 0.0524999 5.75656e-07 0.103394 0.0119975 0.000966764 0.000296124 0.00274051 1.3802e-06 0.00990787 0.0113028 0.000507888 0.660893 8.6448e-05 5.8913e-06 0.00966656 0.000981246 0.00116608 0.000207083 0.0455772 0.0100114 0.000120618 0.0272196 8.73708e-05 1.96335e-07 0.000470907 
0.000267558 0.0230614 0.244385 7.05986e-05 0.0698968 0.0287275 0.000912031 0.000509532 0.00231296 1.56749e-08 0.0427892 0.0354729 0.0053995 0.499437 4.13444e-05 0.00223841 0.00929464 3.45617e-07 0.000324645 0.00238234 0.00206609 0.000826564 0.00189361 0.0155463 2.51305e-05 0.000699842 0.0114192 
1.91367e-05 0.000121495 0.00447862 0.00012461 0.155092 2.93264e-06 0.007445 0.00228524 3.35571e-05 5.57173e-08 0.0128973 0.00116522 3.79455e-05 0.661882 6.54674e-06 3.01394e-11 0.0294103 7.21357e-08 2.99123e-06 1.50622e-06 0.10678 5.83289e-06 0.000197606 4.22904e-08 5.20741e-06 0.0179166 8.81302e-05 
0.000451769 0.0155483 0.0124241 0.000618267 0.000250472 0.00024171 0.000562694 0.00119564 2.22559e-07 3.02534e-07 0.0656342 0.000638656 0.000120044 0.874816 0.000798173 3.78279e-07 1.94759e-05 0.000179222 0.00152225 3.16665e-07 0.0028507 9.74519e-05 3.73304e-07 0.0220294 6.90604e-08 4.30358e-08 5.42025e-08 
0.0108093 0.0092761 0.00121036 0.000447971 0.0249056 0.0200133 0.00230755 0.00039706 0.00012416 8.23014e-08 0.00853261 0.0141152 0.00386096 0.802847 0.00020726 5.39908e-05 0.00276411 4.73807e-07 0.000324331 3.21169e-05 0.0921314 0.00132484 0.000166213 0.00306567 1.26155e-06 0.000659378 0.000421595 
0.0205242 0.00270395 0.0251096 0.000727195 0.235946 0.000631259 5.54718e-05 0.00023219 0.00297364 3.8942e-06 0.0452126 0.0199694 0.00818004 0.56919 6.09303e-05 7.43463e-05 0.00687983 1.29699e-06 0.000397841 0.00194988 0.0400678 0.000528623 0.000198173 0.00082307 8.09058e-06 0.0159632 0.00158683 
0.00526153 0.0571321 0.00687791 2.46275e-10 0.0162365 0.00020802 0.000368476 0.000180393 0.000472045 1.11309e-07 0.00285136 1.56085e-05 0.0762289 0.82056 1.16686e-06 1.64799e-06 0.00232699 0.00160143 7.78841e-05 1.8585e-07 0.00460629 0.00323986 4.52353e-06 0.000785825 2.57716e-06 8.39955e-11 0.000958756 
0.078508 0.0307533 0.0295329 3.91736e-10 0.142899 2.64765e-06 2.70242e-06 0.00101458 2.50314e-05 3.63119e-07 0.104681 7.19954e-06 0.00150277 0.528946 1.66412e-05 1.6406e-06 0.0517687 1.12405e-09 2.26348e-06 0.000114022 0.0118504 1.89015e-07 1.10229e-05 2.87936e-07 2.14402e-10 0.0153506 0.00300855 
0.00142653 0.00201248 0.00139999 1.36339e-05 0.0229125 5.63545e-05 0.000381716 0.000153384 1.54753e-07 7.15258e-10 0.0512837 0.00643906 0.000262824 0.867697 0.000109448 1.46233e-06 0.00412446 6.13555e-08 3.40009e-07 0.000184858 0.00534509 0.00146224 1.18093e-05 0.000505599 4.4491e-09 0.0342079 7.58087e-06 
0.0016049 0.15569 0.105173 0.053734 0.0498838 0.0888058 1.99605e-07 0.000202927 0.000450244 4.77878e-05 0.176618 0.0198994 0.00589786 0.283198 0.00617064 2.94898e-10 0.0294396 2.82258e-10 3.53215e-05 0.000518478 0.00397316 0.00845914 0.00145538 0.00673365 2.17576e-07 0.000467929 0.00154075 
5.6596e-08 6.38253e-06 0.00948101 7.58464e-11 0.0276777 0.00018417 2.26317e-05 0.00085985 2.40113e-07 1.8185e-10 0.0721603 0.102011 0.00168379 0.502069 4.90799e-09 2.2738e-10 0.00844209 1.55819e-05 2.54292e-10 7.53823e-06 0.266139 0.000303654 3.58771e-08 0.000675807 4.97745e-08 0.00454588 0.0037146 
0.155813 0.0462525 0.000362429 0.0013835 0.0208895 0.0158777 0.000360749 0.00217791 0.000409737 6.24063e-08 0.0346292 0.118035 0.00098593 0.442034 2.13773e-07 4.4593e-07 0.147315 1.26986e-06 6.22647e-07 7.94154e-10 0.00209839 0.00344557 0.00224483 0.00541158 5.94259e-08 3.86621e-05 0.000231832 
0.000109571 0.00210791 0.0149284 0.000300692 0.159272 1.98101e-05 4.26473e-05 8.48824e-07 1.16508e-05 1.68134e-06 0.0118791 3.33676e-05 0.000105382 0.716173 3.18622e-07 2.57661e-09 0.0130385 1.43921e-06 2.07949e-06 4.63929e-05 0.0742414 0.000827959 6.39958e-07 0.00133297 1.45651e-06 0.00549594 2.41237e-05 
0.00186268 0.00891052 0.0825218 0.000641306 0.141459 0.00528236 0.000697126 0.0422609 0.0108619 5.44988e-06 0.0689332 0.0895846 0.00397814 0.323333 0.00039172 1.44499e-07 0.092757 1.21916e-06 0.0113383 0.0411975 0.0126856 0.000770105 0.00637938 0.0213478 5.03375e-05 0.0310428 0.00170612 
4.15687e-07 0.000817828 0.0035341 4.2103e-07 0.23645 0.00270775 3.13056e-05 0.00168454 0.000567242 2.29923e-06 0.0653207 0.0353353 0.00849106 0.40517 0.000171699 6.61899e-10 0.00158741 6.33529e-10 0.0414291 5.87639e-06 0.0407492 0.00445007 0.00184602 0.145242 1.39116e-08 0.00282307 0.00158192 
0.0162093 0.0179305 0.00603298 1.58892e-06 0.0515737 0.00121354 0.00216426 0.00871563 0.000187172 1.84103e-07 0.0555936 0.101753 0.0177765 0.453927 0.00213709 7.06635e-07 0.195473 0.00503097 0.00357991 0.00112402 0.0096818 0.00101083 0.000203848 0.0238052 1.60199e-06 0.00281302 0.0220586 
1.01804e-06 0.0017946 0.0722402 5.91237e-07 0.0573097 0.0492998 0.0414292 0.00012531 3.20138e-06 1.7148e-07 0.010789 0.00898709 0.00473322 0.743835 3.21085e-05 2.44286e-06 0.00251389 1.78419e-08 5.39451e-05 0.000290652 0.00165995 0.000362431 1.37263e-05 0.00357859 3.97547e-10 0.000334051 0.000610583 
0.000121403 0.0779217 0.0395771 0.00542117 0.013782 0.00957761 0.00469008 0.00173778 0.00176877 6.76513e-08 0.201122 0.0184265 0.0100966 0.551709 2.94736e-09 2.18651e-09 0.0289699 6.24387e-09 0.000115089 0.000145626 0.00124011 0.00248265 0.00111754 0.014299 0.000138318 0.000845795 0.0146947 
0.000994151 0.0021609 0.0155981 0.11168 0.00990761 4.5632e-06 0.00397826 0.00248622 0.144918 2.22139e-05 0.0480232 0.124963 0.0757658 0.299223 0.000193642 1.11907e-07 0.0316252 1.07364e-05 1.25152e-07 3.45497e-05 0.000419665 0.00686084 1.10435e-07 0.00560469 1.9286e-05 4.18548e-06 0.115502 
3.66912e-07 0.00190002 0.0632419 0.00039307 0.128037 0.000162837 0.0005371 0.000674906 4.15898e-07 5.65348e-07 0.000170345 8.13225e-05 0.000688334 0.733925 9.52871e-07 7.06893e-07 0.000897097 6.76594e-07 5.78207e-05 5.91756e-07 0.0607038 1.33954e-07 6.97596e-07 3.75758e-05 1.29054e-07 8.04215e-08 0.00848664 
0.0027834 0.0211249 0.00696323 0.00352317 0.0657849 0.00692455 0.0048069 0.00708286 0.000242402 6.74251e-05 0.0912227 0.0561541 0.0404079 0.543268 0.000165241 1.42422e-05 0.0607957 0.000126867 0.000131287 0.000764464 0.00475213 0.0227053 1.93576e-05 0.0104182 4.45581e-06 0.0235971 0.0261491 
