0.0025597 0.0929202 0.080649 0.0155595 0.00723661 0.00418643 0.0310506 0.00380407 0.000140568 0.0284463 0.0310719 0.0128092 0.359502 0.000483004 3.83669e-05 0.000774362 0.0192289 5.21981e-05 0.0295816 0.188639 0.000714896 0.00885562 0.000578946 0.011729 0.00265722 0.0155047 0.0512263 
0.00394592 0.113786 0.00938374 0.0118104 0.121417 0.00957709 0.0373381 0.0114285 0.00229252 1.14549e-05 0.322865 0.0688388 0.0474962 0.0718576 5.74356e-06 1.34084e-05 0.0223564 9.68913e-05 0.0103401 3.89325e-05 0.0449903 0.0126277 5.62765e-05 0.0379827 3.75686e-05 0.000234385 0.0391725 
0.00269894 0.511026 0.00829462 0.0245748 0.0232392 0.0166322 0.0326473 0.00807062 0.000707415 0.000184104 0.0693549 0.0512154 0.0950062 0.0117429 6.83602e-05 0.00136415 0.0286641 0.00117958 0.00199724 0.00158692 0.00265968 0.0254158 0.000950646 0.053923 0.00411604 0.00332762 0.0193518 
0.000823097 0.0393099 0.0320424 0.0216779 0.0112773 0.0466677 0.00776671 0.00549514 0.000854792 0.00163523 0.0643951 0.0639297 0.0967514 0.0070214 2.19242e-05 0.000157855 0.0343918 0.000102652 0.000403595 0.00121917 0.00100789 0.0255419 0.000114981 0.36103 4.18524e-05 0.00617474 0.170144 
4.2472e-05 4.25017e-05 4.24993e-05 4.24872e-05 4.2509e-05 4.2487e-05 4.24973e-05 4.24744e-05 4.24666e-05 4.24494e-05 0.136074 4.25065e-05 0.165819 4.24996e-05 4.24049e-05 4.24332e-05 4.25072e-05 4.24367e-05 4.24235e-05 4.24465e-05 4.24972e-05 4.2499e-05 4.24342e-05 4.24963e-05 4.24996e-05 4.25051e-05 0.697088 
3.21338e-07 0.0213199 0.0412545 0.0167481 0.10517 0.0036006 0.174012 0.0048528 0.0322263 0.00334047 0.0452529 0.0660889 0.121405 0.00520937 3.2083e-07 3.21044e-07 0.116163 0.00269732 3.20971e-07 3.21145e-07 0.0180059 0.0402896 3.21052e-07 0.0410585 3.21547e-07 0.0690455 0.0722571 
0.0540294 0.0284491 0.00749858 0.0017564 0.0325652 0.00749194 0.0168976 0.000992297 0.00116571 2.46285e-06 0.100381 0.232703 0.0108074 0.0224612 1.80201e-06 0.00339922 0.402462 0.00211128 0.000271972 0.00112097 0.00425756 0.0140988 6.68534e-05 0.0387322 4.92948e-05 0.00374484 0.012482 
1.05437e-06 0.0485359 0.0462121 0.0222563 0.0968765 1.05474e-06 0.0864054 0.005695 0.00411257 0.00516474 1.05531e-06 0.107212 0.103836 0.0163545 1.0527e-06 1.05341e-06 0.192477 1.05349e-06 0.00863704 0.0545845 1.055e-06 0.0950602 1.05343e-06 0.0097068 0.00654239 0.0072819 0.08304 
0.00948393 0.0144823 0.0895535 0.00514568 0.0207287 0.000959934 0.0145248 0.00473898 0.00613867 0.00112611 0.133259 0.0447653 0.123495 0.00644643 0.000104699 0.000245769 0.187053 0.000264606 0.0018787 0.00222249 0.0030236 0.0181521 0.0341214 0.0150922 0.0122197 0.00472961 0.246043 
0.00290585 0.0144883 0.274604 0.0360768 0.0174716 0.000269038 0.00362346 0.00384872 6.03566e-05 0.276148 0.136459 0.00143131 0.0281331 0.0444882 2.44465e-05 0.052119 0.01239 8.77614e-05 0.000578636 0.0041081 0.00373405 0.00138989 0.000540871 0.0011931 0.00191386 0.000139544 0.081773 
0.00505547 0.0295035 0.00421824 0.383673 0.0161977 0.00120775 0.00235683 0.0071298 0.0123314 6.67991e-06 0.0283011 0.313249 0.00534058 0.0319924 1.7742e-06 5.17959e-05 0.0352688 4.48351e-05 0.00113561 3.37709e-05 0.0103231 0.0833691 6.04786e-05 0.0165354 2.00648e-05 0.00797476 0.00461693 
3.01172e-06 0.000896949 0.910773 3.91438e-05 0.0445093 0.00113444 0.0133692 2.45199e-05 0.00292696 5.93828e-06 0.000685175 0.000211344 0.00090013 0.00104951 1.4371e-10 3.09437e-06 0.00018832 2.56756e-07 1.07528e-06 0.000679937 0.00325196 0.00012234 9.82337e-06 0.00062923 0.00271609 0.0156854 0.000183825 
0.000328321 0.0802426 0.0965145 0.000956286 0.0226831 0.206586 0.0128326 0.0209411 0.289606 1.06606e-05 0.022683 0.0259418 0.0572227 0.0109867 9.05946e-08 1.53755e-06 0.00313853 7.15244e-06 4.75733e-05 0.099715 0.00151089 0.0349593 5.82726e-05 0.00433103 0.00150007 0.000350653 0.00684478 
7.31353e-07 0.00649598 0.199573 0.0128364 0.109006 0.000867881 0.0731837 0.0402376 0.000163843 7.52332e-07 0.0770511 0.0301861 0.091582 0.0011779 3.37958e-07 0.0711484 0.0976518 3.09105e-06 0.0181262 0.0792334 5.72054e-05 0.0476221 1.14555e-06 0.0148782 1.14077e-05 0.000108996 0.0287954 
0.00236762 0.0619179 0.153979 0.00692226 0.0909838 0.000137804 0.0216522 0.008867 0.00183223 0.0283577 0.211987 0.00969066 0.0627043 0.00377706 6.69697e-05 0.000833631 0.102431 0.000418721 0.00279226 0.0341986 0.0166807 0.00148369 0.0120929 0.00729953 0.0357118 0.0290251 0.0917894 
0.0190775 0.0115168 0.00374012 0.00663062 0.0801554 0.00150006 0.0111541 0.00356118 0.00202925 9.62019e-06 0.0986625 0.0193498 0.441352 0.00317188 1.96409e-08 1.14943e-07 0.10692 0.00619707 0.01467 5.26397e-08 0.00368812 0.0105312 2.97435e-05 0.00743696 0.0052768 0.00526963 0.138069 
0.00136697 0.0262867 0.00625991 0.00122479 0.0198063 0.0087121 0.0103081 0.00226375 0.00117845 0.00029454 0.167147 0.0650519 0.0587883 0.00559275 1.63087e-05 0.00011597 0.0311012 0.047341 0.000300487 7.2466e-05 0.00177412 0.323619 0.00325911 0.191112 0.00365413 0.00570755 0.0176451 
0.00368727 0.930752 0.00122369 0.000133338 1.3403e-05 0.000815974 0.000113157 0.0159981 0.000218265 9.88179e-08 0.00183271 0.00425336 0.00922617 0.000175656 3.75676e-10 1.37954e-07 0.00174942 0.000326722 8.34022e-07 8.19492e-06 7.99236e-05 0.00175536 7.59066e-07 0.0238491 0.00296861 7.98422e-08 0.000817305 
0.0032599 0.0465841 0.01068 0.0187732 0.0225104 0.00381115 0.017109 0.00200219 0.000182387 7.05407e-05 0.127038 0.0870056 0.368908 0.0028541 3.17269e-05 0.000165186 0.0826526 0.000503049 0.00269011 0.0191404 0.00337868 0.0711175 4.2954e-05 0.0182559 0.00187105 0.00902886 0.0803343 
3.01172e-06 0.000896949 0.910773 3.91438e-05 0.0445093 0.00113444 0.0133692 2.45199e-05 0.00292696 5.93828e-06 0.000685175 0.000211344 0.00090013 0.00104951 1.4371e-10 3.09437e-06 0.00018832 2.56756e-07 1.07528e-06 0.000679937 0.00325196 0.00012234 9.82337e-06 0.00062923 0.00271609 0.0156854 0.000183825 
0.0293986 0.00591384 0.00433921 0.00220067 0.228202 0.000553105 0.00228691 0.00132692 0.000131939 2.77871e-06 0.00468058 0.0730539 0.200067 0.0570416 3.05528e-08 0.000341322 0.251541 0.00158577 5.66822e-05 4.10874e-07 0.0251663 0.0329807 0.00924297 0.0024794 1.87899e-05 0.0229904 0.0443968 
0.00419067 0.0265748 0.0225663 0.0294675 0.0537238 0.00814233 0.0133763 0.00518669 0.000474862 0.000145168 0.106855 0.025587 0.321656 0.00654785 4.21023e-05 0.000316055 0.0295182 6.15612e-05 0.00167928 0.00354785 0.0035273 0.0558812 0.00131088 0.0124738 0.000856254 0.00966065 0.256631 
0.00255576 0.0459723 0.00664444 0.00647585 0.0097683 0.0668545 0.00149811 0.0099184 0.000310824 7.45135e-06 0.0264299 0.118678 0.0103547 0.00228605 1.01909e-06 0.025015 0.010397 1.31923e-05 0.00267943 1.6888e-06 8.85123e-06 0.00480898 0.000617091 0.64839 1.50305e-05 0.000178024 0.000119591 
0.00790274 9.0889e-07 0.00572659 0.748403 0.0390901 9.08577e-07 9.08797e-07 9.08308e-07 9.08139e-07 0.00463055 0.0177277 9.08992e-07 0.00281881 0.0222676 9.0682e-07 9.07425e-07 9.09007e-07 9.07501e-07 0.0032669 9.0771e-07 0.00527192 9.08833e-07 9.07448e-07 0.0167224 9.08845e-07 0.00100077 0.125158 
0.00340768 0.0345398 0.0468172 0.0173827 0.228178 3.56761e-05 0.00144029 0.0868006 0.000916678 8.01635e-05 0.0455077 0.00996956 0.0220942 0.0120386 5.08586e-06 1.06588e-05 0.0926872 0.00973299 0.000397927 0.000936683 0.103912 0.00172839 0.000365155 0.00159988 5.22891e-06 0.00344879 0.275961 
0.00171131 0.0184221 0.245436 2.04796e-06 0.203013 0.00692555 0.00569919 0.00242355 0.0604747 9.84792e-08 0.281638 0.00179126 0.0546358 0.011771 8.70853e-08 6.62939e-07 0.0319803 1.86808e-07 0.00375591 0.000638041 0.00535 0.0112966 0.00157354 0.0175225 0.000133487 0.000351538 0.0334537 
0.00103431 0.636722 0.00181429 0.00132914 0.0336256 0.00790529 0.00620746 0.024455 9.01763e-05 1.96609e-05 0.0321735 0.107841 0.0243339 0.00908486 1.42848e-05 0.00271689 0.0286163 0.00161696 0.000273325 5.70304e-05 0.0028768 0.0244133 0.00014771 0.0225123 0.00195559 0.0171416 0.0110215 
0.00418701 0.308716 0.146723 0.0227526 0.0322265 0.00944631 0.00535002 0.00453063 0.000118661 0.009893 0.0495768 0.0344405 0.0905892 0.00867889 3.89865e-05 0.0294852 0.0820638 5.04432e-05 0.000876754 0.0237719 0.0104538 0.0188023 9.97532e-05 0.00516166 0.00465167 0.00451828 0.0927958 
0.043554 0.0933931 0.142453 1.4819e-06 1.48266e-06 0.0238601 0.0787094 1.48146e-06 1.48118e-06 1.48059e-06 0.19631 0.080209 0.156118 0.0120084 1.47903e-06 1.48002e-06 0.0561918 1.48014e-06 0.00281288 0.0615895 1.48225e-06 1.48232e-06 0.00370161 0.00370704 0.00622729 1.48253e-06 0.0391382 
0.00800214 0.420217 0.0207022 0.030891 0.0220572 0.0305876 0.0103766 0.0899103 0.0043147 0.000178916 0.0651346 0.0319597 0.139335 0.00373144 0.000155925 0.00156379 0.0502458 0.000900191 0.000193743 0.00123411 0.00193455 0.0233411 0.00591366 0.0265095 0.000678801 0.00101094 0.00891932 
1.06721e-05 0.0342629 0.658961 0.000436068 0.103189 0.00538174 0.00342247 1.51184e-05 0.00234929 0.000109296 0.0529499 0.00204823 0.0635997 0.00180411 1.1707e-06 1.24596e-05 0.0185718 2.51263e-05 3.26089e-05 0.0024083 0.005494 0.00467481 0.000146729 0.0296853 0.000309744 0.00973409 0.000364471 
0.0120693 0.0531953 0.0831744 0.155343 0.0258143 0.0125615 0.102815 0.00822633 0.0444869 0.0032913 0.0483258 0.0349643 0.0542385 0.0140122 0.000110599 0.000877898 0.0266246 0.00203455 0.00144 0.00221199 0.00192549 0.207268 0.000199398 0.0576773 0.00171952 0.0236639 0.0217286 
0.000915039 0.464551 4.74024e-05 0.00913603 4.23083e-05 0.0177562 0.00222447 0.00011627 8.10363e-06 1.39202e-05 0.124108 0.137781 0.153085 0.00247241 3.50803e-11 8.54304e-08 0.0408135 0.000645893 0.000148741 0.00031858 7.57369e-05 0.0168916 9.16972e-06 0.0257427 3.32913e-05 4.7371e-07 0.00306381 
3.20586e-06 0.0881845 0.00106554 0.000306399 0.0791137 0.00244045 0.017509 0.0601211 1.44821e-05 0.000206924 0.0188166 0.0214532 0.536404 0.00022361 2.03925e-09 0.00241899 0.00648621 0.000978563 3.6402e-05 0.0904414 2.73692e-06 0.0253677 2.09723e-06 0.0116015 0.00099932 0.000261782 0.0355409 
1.29157e-05 0.571032 0.0792874 0.0115926 0.000463352 0.0142561 0.0333641 8.29936e-05 0.0124743 4.45332e-06 0.0230464 0.00218881 0.166202 6.33218e-05 1.21904e-06 0.000202448 0.00757641 0.000138383 0.0529899 0.00107787 0.000115592 0.0157693 0.000158748 0.00504218 9.01228e-06 0.00163272 0.00121509 
0.000622896 0.0680686 0.000376412 0.014743 0.00715817 0.0026541 0.00272081 0.00243139 0.000120603 4.19044e-06 0.00653788 0.0367262 0.506981 0.000774431 1.68247e-08 0.00531826 0.0183086 0.00088586 0.0019522 0.000109265 0.000957706 0.21126 2.34734e-05 0.00700539 2.764e-05 0.000330703 0.103901 
5.27261e-05 0.0259859 0.0562882 0.0138014 0.00261589 0.00478739 0.254172 0.000158927 3.44977e-05 0.113792 0.00553995 0.268762 0.0251791 0.00204723 6.36495e-07 6.20085e-05 0.111372 3.40232e-06 0.00193478 0.000259301 0.000468217 0.00651329 1.20037e-05 0.00328059 0.00186722 0.000702736 0.100308 
1.81472e-05 0.00186449 0.251153 0.0385561 0.0390317 0.0012948 0.00394821 0.00216926 3.67197e-06 9.3887e-06 0.00810176 0.0329096 0.00272581 0.0166491 6.92771e-07 4.20346e-06 0.335171 0.000285239 1.39848e-06 2.37187e-05 0.00135703 0.00185651 0.000225651 0.00901023 0.000899936 0.00537176 0.247358 
1.13711e-06 0.0323175 1.13784e-06 1.13752e-06 1.1381e-06 1.13751e-06 0.0164991 1.13717e-06 1.13696e-06 1.1365e-06 0.228991 0.21452 0.0391498 1.13785e-06 1.13531e-06 1.13607e-06 0.343579 0.00579557 1.13581e-06 1.13642e-06 0.00466605 0.0293571 1.1361e-06 0.0851053 1.13785e-06 1.138e-06 1.13793e-06 
0.000251951 0.0163154 0.00174276 0.00197694 0.0351958 1.2092e-05 0.0173869 0.000409047 0.00013684 2.18173e-05 0.0818469 0.0095454 0.224969 0.000877028 1.14756e-05 0.000168329 0.143785 0.0025761 0.00248328 6.09086e-05 0.00347407 0.00632003 0.000236667 0.00584975 0.00286071 0.000656217 0.44083 
0.000606684 0.00185074 0.27249 0.00648078 0.0879237 0.00103871 0.013198 0.00218472 0.0474502 9.13196e-05 0.118941 0.00311713 0.0320072 0.0134962 3.9813e-05 0.00224406 0.0329392 0.000193002 0.000274435 0.000799076 0.00365924 0.0047936 0.143229 0.00924536 0.000188297 0.0849736 0.116544 
3.04748e-06 3.0496e-06 0.595251 3.04857e-06 0.148239 3.04855e-06 0.0356797 3.04765e-06 0.0134103 3.04586e-06 0.014949 3.04995e-06 0.0247078 0.0143355 3.04266e-06 3.04469e-06 0.0420929 3.04494e-06 3.044e-06 0.0103583 0.0317156 3.04941e-06 0.0100507 0.0201279 3.04945e-06 0.0164722 0.0225707 
0.000137746 0.00104208 0.869035 0.00700893 0.0116248 3.96414e-05 0.00156616 0.000501342 0.000448244 7.93318e-05 0.037227 0.0015513 0.00395641 0.00119663 8.87076e-08 4.64513e-07 0.00607766 3.16478e-05 8.9179e-07 0.0001522 0.000473293 0.0208675 7.08544e-06 0.000866843 0.00014117 3.38278e-05 0.0359325 
1.52961e-05 1.53068e-05 1.53059e-05 0.00154547 1.53094e-05 1.53015e-05 1.53052e-05 0.116273 1.52942e-05 1.5288e-05 0.535857 0.278631 1.53087e-05 1.53061e-05 1.52719e-05 1.52821e-05 1.53088e-05 1.52834e-05 1.52787e-05 1.52869e-05 0.0474615 1.53059e-05 1.52825e-05 0.0199117 1.53061e-05 1.53081e-05 1.53072e-05 
0.00505547 0.0295035 0.00421824 0.383673 0.0161977 0.00120775 0.00235683 0.0071298 0.0123314 6.67991e-06 0.0283011 0.313249 0.00534058 0.0319924 1.7742e-06 5.17959e-05 0.0352688 4.48351e-05 0.00113561 3.37709e-05 0.0103231 0.0833691 6.04786e-05 0.0165354 2.00648e-05 0.00797476 0.00461693 
0.00640453 0.0173924 0.0512904 0.00255359 0.122139 7.83812e-05 0.0020364 0.00221681 0.00110535 4.97045e-05 0.049994 0.0041221 0.00965255 0.0273711 2.40017e-05 0.0084392 0.021652 9.79772e-05 7.98157e-05 0.00711498 0.620996 0.00930573 0.000507786 0.00621408 0.000103872 0.0113973 0.0176609 
0.0748074 0.143227 0.122631 0.0115896 0.0862374 0.00613676 0.0875882 0.00369204 0.00038842 0.000221213 0.211564 0.0326339 0.0344487 0.00605659 8.16282e-05 0.000142547 0.0656692 0.00207176 0.00297758 0.0233359 0.00548159 0.00992565 0.000633473 0.0218242 0.00515448 0.00178914 0.0396906 
0.0112752 0.0383328 0.0166925 0.0147035 0.0162566 0.000973483 0.0389738 0.470031 0.0018588 0.000823626 0.0218483 0.0542744 0.0623585 0.00142582 4.00381e-05 5.73245e-05 0.030048 0.000130994 0.00251187 0.000317303 0.00338317 0.113538 0.000128967 0.0458653 0.000926903 0.00152773 0.0516968 
0.00292066 0.0178501 0.00850337 0.00738493 0.0170776 0.00454663 0.0267835 0.00325571 0.00047769 3.2725e-05 0.1081 0.126484 0.0218316 0.0995559 1.30852e-05 0.000133176 0.455749 9.30033e-05 0.000246552 0.00713652 0.0251771 0.00965122 0.0105334 0.00598929 0.00128549 0.000391758 0.0387953 
0.00996226 0.0288262 0.0174277 0.000461918 0.0148588 0.00322139 0.00778586 0.00480964 0.004595 1.9543e-05 0.150548 0.089041 0.0776744 0.00501283 1.35036e-05 8.31296e-05 0.412872 0.00230381 0.00013656 0.00346358 0.0183843 0.0435169 0.0221151 0.0255366 0.00545696 0.00894383 0.0429293 
0.00466325 0.0608321 0.0366646 0.0500623 0.0204421 0.0169479 0.0319347 0.00563957 0.00012564 0.000128796 0.125249 0.0410489 0.394902 0.00292322 2.88955e-05 4.42444e-05 0.0475971 0.00189584 0.000364261 0.0506572 0.00311616 0.0253041 0.000277488 0.00745931 0.00484808 0.037869 0.0289738 
0.00738328 0.10466 0.314303 6.83817e-07 0.0968106 0.242413 6.8398e-07 6.83611e-07 0.00266627 0.000957178 0.0233313 6.84127e-07 0.0380385 0.0223681 6.82491e-07 6.82947e-07 0.0296239 0.0025278 0.00116143 0.00225511 0.00547251 0.049044 0.00245936 0.0233238 0.0048572 0.0110148 0.0153238 
0.0115118 0.0196921 0.00591843 0.0358289 0.0376574 0.00594561 0.00888922 0.00334435 0.000312025 0.00116374 0.296183 0.215091 0.0417032 0.00913472 5.93042e-05 0.000299883 0.158992 0.00417767 0.00793726 0.00176474 0.00716192 0.0367121 0.000444046 0.0174809 0.00138748 0.00866403 0.0625434 
1.36305e-05 1.364e-05 0.538766 0.114552 1.36424e-05 1.36353e-05 1.36387e-05 0.0777122 0.0586172 0.0299849 1.36427e-05 0.0982333 0.0409386 1.36394e-05 1.3609e-05 1.36181e-05 1.36418e-05 1.36192e-05 1.3615e-05 1.36223e-05 1.36386e-05 1.36392e-05 1.36184e-05 1.36383e-05 1.36394e-05 0.0409372 1.36404e-05 
0.00429592 0.0262252 0.00632775 0.00869775 0.0366775 0.0369884 0.0135628 0.00471212 0.00077213 0.00018054 0.269872 0.148158 0.189211 0.00798039 5.52225e-05 0.000212519 0.139232 0.00101867 0.00171842 0.00267499 0.00876502 0.0256085 0.00163993 0.0167692 0.000767598 0.0124067 0.0354694 
0.00115609 0.123817 0.0234751 0.00396408 0.034691 0.0123029 0.0222667 0.00637119 0.0101452 0.000752284 0.150767 0.0477695 0.167495 0.00931248 1.41568e-05 0.000355894 0.0285249 0.00055207 0.000647435 0.00834837 0.00352331 0.274792 0.00125948 0.0465771 0.000816038 0.00968387 0.0106195 
6.97669e-06 0.0244424 0.21014 6.97918e-06 0.222059 6.97915e-06 0.0328169 6.97708e-06 0.0237246 6.97297e-06 0.197623 6.98234e-06 0.0398066 6.98121e-06 6.96565e-06 6.9703e-06 0.212273 6.97088e-06 0.00976318 6.97249e-06 0.0167609 6.98112e-06 6.97048e-06 6.98066e-06 0.0104788 6.98212e-06 6.98173e-06 
0.00362149 0.11349 0.00040757 0.000199258 0.00280444 0.0203265 0.0175538 0.000599744 3.13672e-05 0.000105702 0.0269574 0.132998 0.0450142 0.00602484 1.99088e-05 0.000342462 0.535034 0.00011486 5.62791e-05 0.000151311 0.000891833 0.0138313 9.22381e-05 0.00345027 0.000242712 0.00230993 0.0733289 
0.000559392 0.00764286 0.473979 0.00839599 0.0146077 0.00348821 0.0128813 0.000300738 0.000826656 0.00478815 0.0395503 0.0110898 0.0257219 0.00220718 1.80934e-05 1.92002e-05 0.0125724 0.000189916 0.000225691 0.0042418 0.014784 0.00199549 4.8876e-05 0.00545824 0.214269 0.00569621 0.134442 
0.00530041 0.0273555 0.0321199 0.0198752 0.0676752 0.007751 0.00858823 0.00406327 0.000460703 1.17178e-05 0.385556 0.0983163 0.0412889 0.0148725 1.07085e-05 1.50635e-05 0.117401 4.6668e-05 0.00168896 0.0142786 0.00653319 0.0236942 0.000204333 0.0118133 0.0013529 0.00813645 0.10159 
0.0411137 1.71355e-05 0.0617015 1.71297e-05 1.71385e-05 1.71296e-05 1.71337e-05 0.0239914 1.71213e-05 1.71144e-05 1.71388e-05 1.71374e-05 1.71376e-05 1.71347e-05 1.70965e-05 1.71079e-05 0.159398 1.71093e-05 0.619184 1.71132e-05 0.0754055 1.71344e-05 1.71083e-05 0.0188637 1.71347e-05 1.71369e-05 1.71359e-05 
0.00895413 0.0230965 0.0236541 0.000827431 0.0424863 0.0309192 0.00669545 0.00920644 0.00323083 8.58208e-05 0.042655 0.0138536 0.0241689 0.0058586 1.15592e-05 5.73387e-05 0.0670947 0.000349541 0.000333746 0.00292182 0.0610105 0.002211 0.000296758 0.00731724 0.000259275 0.616384 0.00605999 
0.00268069 0.0186174 0.200656 0.00538876 0.114014 2.53773e-06 0.0148092 0.000252894 1.25871e-05 1.15037e-06 0.057226 0.0494917 0.0346712 0.0949195 3.09328e-08 1.15306e-05 0.085584 2.50003e-06 0.000137078 1.44108e-06 0.18746 0.0187477 5.56308e-05 0.0883416 0.000684286 0.00143003 0.0247999 
1.75836e-06 1.75959e-06 0.0534902 0.0650846 0.116331 0.0306081 1.75941e-06 0.0369294 1.75813e-06 1.75743e-06 0.0783186 0.10031 0.0990788 0.0601769 1.75558e-06 1.75675e-06 0.116677 1.7569e-06 1.75635e-06 1.7573e-06 0.0137251 0.0559531 0.0133534 0.0874421 0.00035366 0.0402998 0.031851 
0.00157257 0.155691 0.00851178 0.00676108 0.125355 0.00376712 0.0687135 0.0046316 0.000571381 6.90576e-05 0.0237101 0.164336 0.0886011 0.00882784 2.39961e-05 0.00018893 0.159612 0.000384019 0.00144947 0.00360369 0.042435 0.0388815 0.000458028 0.0112184 0.0125812 0.0140182 0.0540278 
0.00340075 0.0100442 0.0803437 0.00326628 0.0258956 0.000822918 0.00432771 0.0274774 0.000697495 9.16318e-05 0.0428153 0.0336357 0.0938396 0.0255734 7.15948e-06 2.62561e-05 0.407187 0.00370819 0.000703081 0.114564 0.00657177 0.0489811 0.000846456 0.00901148 0.00752299 0.0245965 0.0240426 
0.00738369 0.112835 0.0185882 0.00687283 0.0163982 0.0497988 0.00907858 0.00537858 0.00754436 0.000365362 0.147967 0.127288 0.252608 0.00540896 7.11739e-05 0.00145203 0.0829633 0.000959817 0.0018674 0.0125842 0.00351912 0.0171256 0.000103031 0.00555991 0.0112995 0.0245572 0.0704228 
0.0246036 0.0228632 0.0899572 0.00992899 0.550186 0.0329094 0.00151786 0.0108139 0.000228703 3.05595e-05 0.0687142 0.0293639 0.0504571 0.0318834 1.98042e-05 9.60246e-05 0.0366534 0.000724154 0.000548924 0.00562379 0.00420612 0.00368116 0.00265702 0.00572614 0.000105066 0.00569231 0.010808 
0.00499007 0.0597141 0.00760476 0.00379113 0.0295569 0.0152952 0.00819788 0.00222184 0.00042812 2.64136e-05 0.285846 0.144615 0.141209 0.0109253 1.6529e-05 0.00105428 0.123758 0.0012431 0.001062 0.00388831 0.0273928 0.0219274 0.000133998 0.0493515 0.000725375 0.0116791 0.0433462 
0.0190775 0.0115168 0.00374012 0.00663062 0.0801554 0.00150006 0.0111541 0.00356118 0.00202925 9.62019e-06 0.0986625 0.0193498 0.441352 0.00317188 1.96409e-08 1.14943e-07 0.10692 0.00619707 0.01467 5.26397e-08 0.00368812 0.0105312 2.97435e-05 0.00743696 0.0052768 0.00526963 0.138069 
0.00156168 0.0141472 0.107652 0.00230363 0.309593 0.00719684 0.0251845 0.019025 0.000633751 5.97155e-05 0.142831 0.0293144 0.0415111 0.0467891 3.2749e-05 4.39305e-05 0.101678 4.37978e-05 0.00048875 0.00251746 0.0104074 0.0103025 0.00624983 0.00368454 0.000269425 0.0607205 0.0557583 
0.00218583 0.0514969 0.00618241 0.00759431 0.0415246 0.0171677 0.022471 0.00373437 0.000538366 0.000809666 0.193369 0.320313 0.0722931 0.0200925 3.34481e-05 0.000108674 0.0939397 0.00133551 0.00253303 0.000451879 0.00853277 0.0342423 0.000632133 0.0603167 0.00441223 0.00945117 0.0242378 
0.000821253 0.0162113 0.000112595 0.00416726 0.0074724 0.0038459 0.00469351 0.000244308 5.17426e-05 2.52627e-05 0.0144666 0.00966675 0.77991 0.000458157 3.16707e-08 1.5719e-05 0.0149082 0.000149544 0.000210846 5.22608e-05 0.000662058 0.0516597 6.89178e-06 0.000695447 0.00311412 0.00102503 0.0853532 
7.22325e-05 0.0642244 1.43483e-05 0.000187011 0.00019191 0.00442452 0.00535653 0.000264157 1.44676e-05 8.71088e-06 0.0962098 0.0110417 0.786361 5.03641e-05 4.31002e-09 1.43009e-07 0.00574908 0.000357617 0.000182214 4.89233e-05 6.02789e-05 0.00816167 2.41296e-06 0.00295474 0.00212286 1.78114e-05 0.0119214 
3.02902e-05 0.0856524 0.70917 0.00103954 0.0432306 0.00334261 0.018886 0.0115329 0.00013383 0.000235132 0.0284988 0.000466794 0.0117313 0.00172416 9.00434e-06 0.00115578 0.0101528 3.21111e-05 0.00228836 0.000425076 0.0236005 0.0022136 0.00669848 0.0134399 0.000548209 0.00963826 0.0141234 
0.00305241 0.013675 0.0030195 0.0408583 0.0292982 0.00220088 0.00664785 0.472483 0.000964225 5.9672e-05 0.0134192 0.0684177 0.130689 0.00197215 3.76917e-05 0.00145436 0.0474638 0.00123696 0.00364748 0.000792153 0.0054359 0.0589411 0.0011626 0.0357205 0.000130174 0.00908951 0.0481307 
2.33893e-05 0.257484 0.397895 2.33976e-05 0.00938727 2.33975e-05 2.34032e-05 2.33906e-05 2.33862e-05 0.00469875 2.34101e-05 2.34082e-05 2.34084e-05 2.34044e-05 2.33523e-05 2.33679e-05 0.0655675 2.33698e-05 2.33625e-05 0.0280736 2.34031e-05 2.34041e-05 2.33684e-05 2.34026e-05 2.34044e-05 2.34075e-05 0.236426 
5.41538e-06 5.41916e-06 0.00975937 5.41732e-06 0.425483 5.4173e-06 5.41861e-06 5.41569e-06 5.41468e-06 5.4125e-06 5.42021e-06 5.41977e-06 0.000547402 0.149025 5.40682e-06 5.41043e-06 5.41986e-06 5.41088e-06 5.4092e-06 5.41212e-06 0.393395 5.41882e-06 0.00487492 5.41847e-06 5.4189e-06 0.0168062 5.4193e-06 
0.00205671 0.139778 0.00239388 0.0150778 0.0225556 0.0168468 0.00818867 0.00290958 0.000592298 1.37208e-05 0.366115 0.136083 0.0925239 0.00481702 1.29397e-05 0.00304964 0.04978 0.000767332 0.000824107 0.000104473 0.00120312 0.0707365 0.000104159 0.0340993 0.000997724 0.0101721 0.018196 
2.7074e-07 0.00964535 0.0154695 2.70837e-07 0.0300245 0.000541942 0.0158209 0.0298917 2.70705e-07 2.70596e-07 0.443352 0.0319464 0.0424329 0.0037931 2.70312e-07 2.70492e-07 0.280177 2.70515e-07 0.00186625 0.00219194 2.70901e-07 0.022784 2.70499e-07 0.0322909 2.70916e-07 2.70951e-07 0.0377687 
0.0323497 0.0126408 0.00321203 0.00589251 0.0691253 0.0060617 0.0250586 0.00351238 0.00189771 9.24359e-06 0.104893 0.0167202 0.415853 0.0027768 1.30224e-06 0.00014446 0.0951289 0.00868874 0.0148613 1.49291e-05 0.00328377 0.00898083 4.18083e-05 0.00717929 0.0356187 0.00461109 0.121443 
0.00128822 0.00940669 0.0101172 0.00253114 0.0652835 0.0076799 0.0286529 0.000174766 0.0037956 0.000118999 0.395732 0.039727 0.108295 0.00627201 6.53359e-05 0.000998618 0.0801882 0.000433161 0.00260017 0.0111118 0.00926138 0.021401 0.000249495 0.00556274 0.024397 0.0439456 0.12071 
9.91503e-07 0.00416821 0.764841 0.0157716 0.0298712 9.91853e-07 0.0226208 0.00614867 9.91375e-07 0.00188385 0.0247114 0.00476408 0.0293736 0.00803738 9.89934e-07 9.90595e-07 0.0118096 9.90678e-07 0.000694249 0.00842368 9.92091e-07 9.92133e-07 0.00356723 0.00714388 0.0139903 0.00248169 0.0396899 
0.000695638 0.13291 0.147152 0.00347555 0.0705059 0.0125102 0.18641 0.00529804 0.0230281 1.49752e-05 0.117995 0.0111923 0.0791126 0.0102012 3.06207e-06 6.46836e-06 0.0414569 1.47279e-05 0.000376793 0.0321173 0.00842066 0.00236023 0.00118425 0.0166722 0.000727504 0.0176698 0.078488 
0.00159102 0.0212908 0.0515363 0.0202231 0.0802247 0.00167001 0.0168687 0.0119085 0.000308825 0.000143442 0.255599 0.106289 0.042472 0.0422946 3.11031e-05 9.05113e-05 0.111828 0.0075498 0.0165904 0.0015985 0.00898894 0.0108525 0.000731237 0.0551793 7.74802e-05 0.0199822 0.11408 
0.000856731 0.208317 0.0345023 0.0170804 0.0342928 0.0500259 0.00548318 0.00686343 0.0048629 0.000109368 0.246453 0.0718499 0.0547939 0.00801675 4.96555e-05 0.000180344 0.1266 0.00158987 0.00544066 0.00157375 0.00635054 0.0205731 0.000520426 0.0481372 0.00107638 0.0235935 0.020806 
0.00791263 0.0232836 0.00707581 0.0172039 0.0544023 0.00628853 0.0132909 0.0157167 0.00202836 0.000127768 0.201289 0.255421 0.0604735 0.0128598 0.000126487 0.000320117 0.153901 0.000258954 0.00291534 0.00532964 0.00460649 0.0733757 0.000274327 0.0372976 0.00462842 0.0162138 0.0233784 
1.27611e-06 0.0900299 0.419985 0.00497991 0.0411279 0.0275751 0.00945014 1.27619e-06 0.0145471 1.27543e-06 0.0669292 1.27715e-06 0.088253 0.0231139 1.27409e-06 1.27495e-06 0.0372947 0.0131343 0.00535482 1.27535e-06 0.0108547 1.27692e-06 1.27498e-06 0.109554 0.0120045 0.0257989 1.27704e-06 
0.00136855 0.0117508 0.00405612 0.652034 0.0196864 0.00440466 0.00571209 0.00468747 7.8174e-05 9.50934e-05 0.0383712 0.019797 0.0321368 0.00401076 2.74032e-05 8.02099e-05 0.0213746 0.000165028 0.00060569 0.00079505 0.00414972 0.103016 0.0189993 0.0206445 0.00118285 0.00602372 0.0247474 
0.00682365 0.0533911 0.742283 2.43701e-06 0.016095 2.437e-06 0.0204782 2.43628e-06 0.0146174 2.43485e-06 0.0141447 2.43812e-06 0.0504719 2.43772e-06 2.43229e-06 2.43391e-06 0.0260907 2.43412e-06 2.43336e-06 0.0168017 2.43759e-06 2.43769e-06 2.43397e-06 2.43753e-06 0.0273049 0.0114613 2.43791e-06 
0.0115524 0.0251085 0.00126296 0.00272833 0.0712844 0.00245126 0.000966857 0.210248 0.00097166 0.000129715 0.0319467 0.0746606 0.0371599 0.0146137 1.07196e-05 0.00873341 0.0863232 0.123199 9.30838e-05 0.00015965 0.0102513 0.226206 0.000514124 0.0216953 0.0108706 0.0144674 0.0123912 
1.2044e-06 0.0101252 0.0601391 0.00060362 1.20544e-06 1.20482e-06 0.0148241 0.0133707 1.20424e-06 0.0438178 0.115967 0.0183229 0.135245 1.20518e-06 1.20249e-06 1.20329e-06 0.300023 1.20339e-06 0.00938475 0.0122786 1.20511e-06 1.20516e-06 1.20332e-06 0.0121725 1.20518e-06 1.20533e-06 0.25371 
0.000287269 0.00438069 0.77811 0.00195092 0.0451466 3.06355e-05 0.000695054 0.00237159 0.000148209 3.33441e-05 0.00699713 0.000371635 0.107951 0.00661105 1.17262e-07 0.000571614 0.00258938 0.000375249 0.000322985 0.000151836 0.0078008 0.000336541 0.000198894 0.000447649 0.000139802 2.56696e-05 0.0319549 
0.017882 0.023406 7.54966e-07 0.000302656 0.514855 0.00332165 7.54932e-07 7.54525e-07 7.54385e-07 7.54081e-07 0.0113281 0.0212944 7.55101e-07 0.314976 7.53289e-07 7.53792e-07 7.55106e-07 0.0070116 7.5362e-07 0.00482653 0.0308019 7.54962e-07 7.53811e-07 7.54913e-07 0.00181269 7.5507e-07 0.0481716 
0.000384194 0.010143 0.80095 0.000674499 0.0268291 0.000594753 0.0169905 0.0116316 0.0053877 0.000108094 0.0259527 0.00140396 0.0178364 0.00339715 2.69312e-06 0.00279777 0.0074653 5.52467e-06 0.000390154 0.0105497 0.0314992 0.0114624 0.000137809 0.00234505 0.000384664 0.000106285 0.0105698 
0.000578671 0.000579074 0.984952 0.000578877 0.000579174 0.000578875 0.000579015 0.000578703 0.000578596 0.000578363 0.000579186 0.000579139 0.000579145 0.000579046 0.000577755 0.000578141 0.000579149 0.000578189 0.000578009 0.000578322 0.000579014 0.000579038 0.000578155 0.000579 0.000579046 0.000579122 0.000579089 
0.00672363 0.0746548 0.00374218 0.0419046 0.0127771 0.00224708 0.000186363 0.015541 7.78656e-05 2.26744e-06 0.119935 0.0967235 0.0450106 0.00493306 1.50448e-06 0.00237458 0.014312 1.68366e-05 0.000595023 2.11019e-05 0.00282043 0.501906 9.39256e-05 0.0354561 5.49692e-06 0.00484801 0.0130892 
1.75836e-06 1.75959e-06 0.0534902 0.0650846 0.116331 0.0306081 1.75941e-06 0.0369294 1.75813e-06 1.75743e-06 0.0783186 0.10031 0.0990788 0.0601769 1.75558e-06 1.75675e-06 0.116677 1.7569e-06 1.75635e-06 1.7573e-06 0.0137251 0.0559531 0.0133534 0.0874421 0.00035366 0.0402998 0.031851 
0.011195 0.0161075 0.0864213 0.00347977 0.033705 0.00179845 0.0292972 0.00753056 0.000162036 0.00100685 0.0640725 0.0792913 0.0367266 0.00192685 1.74853e-05 0.000210376 0.12891 1.92035e-05 0.000694193 0.18213 0.00618089 0.0315875 0.00110035 0.166443 0.0465601 0.00343839 0.0599882 
0.00605228 0.00484693 0.0118118 0.0109731 0.0425947 0.0386642 0.130378 0.00705403 0.00183995 8.35891e-05 0.0561309 0.0791809 0.262836 0.00625056 3.61071e-06 4.75252e-05 0.11403 0.00188304 0.000420983 0.000145637 0.00911593 0.0294387 0.000171178 0.0271906 6.97261e-05 0.0418444 0.116942 
0.0131513 0.0848759 0.437849 0.00124691 0.0611487 0.0157039 0.00537546 0.00382543 0.029008 2.99457e-06 0.0461641 0.0367322 0.0935448 0.0395651 5.23005e-07 0.0102556 0.0112787 0.000556475 8.03249e-05 8.17258e-05 0.0113441 0.00200769 0.0110975 0.058657 0.000383096 0.00318282 0.0228809 
5.27261e-05 0.0259859 0.0562882 0.0138014 0.00261589 0.00478739 0.254172 0.000158927 3.44977e-05 0.113792 0.00553995 0.268762 0.0251791 0.00204723 6.36495e-07 6.20085e-05 0.111372 3.40232e-06 0.00193478 0.000259301 0.000468217 0.00651329 1.20037e-05 0.00328059 0.00186722 0.000702736 0.100308 
0.00120843 0.00120927 0.968576 0.00120886 0.00120948 0.00120886 0.00120915 0.0012085 0.00120828 0.00120779 0.00120951 0.00120941 0.00120942 0.00120922 0.00120652 0.00120733 0.00120943 0.00120743 0.00120705 0.0012077 0.00120915 0.0012092 0.00120736 0.00120912 0.00120922 0.00120937 0.00120931 
2.72085e-05 0.0327002 0.141602 0.00274905 2.72322e-05 0.0218017 2.72247e-05 2.721e-05 2.7205e-05 2.7194e-05 0.231506 2.72305e-05 0.106227 2.72262e-05 2.71655e-05 2.71836e-05 2.7231e-05 2.71859e-05 2.71774e-05 2.71921e-05 2.72246e-05 0.280453 2.71843e-05 0.0789769 2.72262e-05 2.72297e-05 0.103494 
3.01172e-06 0.000896949 0.910773 3.91438e-05 0.0445093 0.00113444 0.0133692 2.45199e-05 0.00292696 5.93828e-06 0.000685175 0.000211344 0.00090013 0.00104951 1.4371e-10 3.09437e-06 0.00018832 2.56756e-07 1.07528e-06 0.000679937 0.00325196 0.00012234 9.82337e-06 0.00062923 0.00271609 0.0156854 0.000183825 
0.00126472 0.0143891 0.0630132 0.00456299 0.112666 0.00148262 0.0513095 0.031892 0.000237466 6.26556e-05 0.316656 0.0435581 0.0545836 0.0104402 1.75268e-05 0.000440448 0.0679715 0.00154255 0.000143237 0.000124605 0.0117315 0.160472 3.56148e-05 0.0095163 0.00387445 0.0178813 0.0201312 
0.000280577 0.031253 0.00511902 0.00698266 0.026421 0.00203199 0.286208 0.000901067 0.00160911 0.00011361 0.062836 0.0845947 0.125854 0.00124883 2.64395e-05 2.86755e-05 0.133191 0.000670831 0.000436456 0.001118 0.0248364 0.0434406 0.0024423 0.00989001 0.0209538 0.0015405 0.125971 
0.0173135 0.0214071 0.0136853 0.0142725 0.0285328 0.108547 0.00221191 0.0059478 8.37848e-05 6.75735e-05 0.0285768 0.0985432 0.0177404 0.006961 5.91889e-05 6.26237e-05 0.485423 0.000105069 0.00404513 9.5335e-05 0.0194105 0.0376449 0.00137957 0.0271313 0.00436964 0.00843177 0.0479508 
0.000834759 0.0111515 0.22527 0.00195883 0.278489 0.000135575 0.00446272 0.0662375 0.0356506 7.7358e-08 0.136467 0.0514863 0.0291688 0.0819997 4.13073e-08 6.96337e-06 0.0177374 4.60252e-05 0.000356594 0.0037538 0.00339626 0.00128751 0.00295576 0.0143906 1.94561e-05 0.000989722 0.0317472 
0.00649162 0.488637 0.0223408 0.0113866 0.0263419 0.0105724 0.0259097 0.00411153 0.0107482 0.00574461 0.0896542 0.0245444 0.103886 0.00656151 2.60269e-05 0.00318306 0.0379081 0.00227024 0.00280045 0.000709181 0.00679255 0.0214015 0.0011029 0.033567 0.00854498 0.00507554 0.0396882 
0.000789929 0.00543951 0.0578785 4.2022e-05 0.0204785 0.80584 8.33106e-05 4.8127e-06 0.00271532 1.3493e-05 0.00753761 0.00626492 0.061556 0.00944412 5.37683e-07 2.29573e-06 0.000632876 7.19214e-06 7.73909e-06 2.557e-06 0.000252902 0.00257314 0.000465906 0.00711941 0.000105557 0.000295795 0.0104458 
2.36343e-06 0.0560546 0.286161 2.36427e-06 0.0939127 0.0082773 0.0749677 2.36356e-06 0.0397028 2.36217e-06 0.149504 0.0598455 0.0248387 0.022233 2.35969e-06 2.36127e-06 0.0423427 2.36146e-06 2.36073e-06 0.00401777 0.0101711 0.0342938 2.36133e-06 0.0851343 0.00780674 2.36527e-06 0.000711907 
0.0111129 0.0352884 0.00337753 0.00241963 0.0151915 0.00686756 0.00408238 0.00347086 0.000568098 5.166e-05 0.391574 0.0687807 0.131223 0.0066881 3.75992e-05 6.33685e-05 0.0351571 0.00562571 0.000589125 5.22076e-05 0.00114271 0.0317392 0.000116824 0.0366385 0.00413503 0.00847629 0.195529 
0.00867858 0.403147 0.00313801 0.0196451 0.0240152 0.000485107 0.0100054 0.00488421 0.00485727 1.05809e-05 0.0237917 0.0340267 0.131495 0.00573853 4.48289e-07 1.61106e-06 0.011726 0.000550215 0.00866884 0.000113783 0.002127 0.0538648 1.54451e-05 0.244037 8.56777e-05 0.000422994 0.00446716 
0.00906702 0.0294154 0.000699182 0.0100614 0.0246174 0.00295909 0.00786401 0.00333651 0.000104926 1.64011e-05 0.0491544 0.186857 0.0177482 0.00342704 1.03047e-05 4.72302e-05 0.522139 8.98511e-05 0.000443744 0.00325294 0.00796645 0.031234 9.71504e-05 0.0197805 0.000544445 0.0220725 0.0469936 
0.00649923 0.0242523 0.00519377 4.51465e-07 0.224585 0.025463 4.51572e-07 0.00446861 4.51245e-07 0.000180876 0.325997 0.0387085 0.148285 0.0888297 4.50589e-07 4.5089e-07 0.00817578 4.50928e-07 4.50788e-07 4.51032e-07 0.0172053 4.5159e-07 4.50902e-07 0.00799309 0.00103912 0.0108402 0.0622802 
3.01172e-06 0.000896949 0.910773 3.91438e-05 0.0445093 0.00113444 0.0133692 2.45199e-05 0.00292696 5.93828e-06 0.000685175 0.000211344 0.00090013 0.00104951 1.4371e-10 3.09437e-06 0.00018832 2.56756e-07 1.07528e-06 0.000679937 0.00325196 0.00012234 9.82337e-06 0.00062923 0.00271609 0.0156854 0.000183825 
0.000395285 0.0585094 0.00721491 0.0117283 0.103315 0.0504148 0.0197962 0.0191503 7.90312e-05 2.86349e-05 0.0994603 0.0142509 0.0885404 0.0351038 2.30995e-05 5.78602e-05 0.309498 0.000125117 0.00320873 0.000148563 0.00235613 0.0627925 0.000298128 0.0331763 4.58707e-05 0.0588874 0.021395 
0.000328321 0.0802426 0.0965145 0.000956286 0.0226831 0.206586 0.0128326 0.0209411 0.289606 1.06606e-05 0.022683 0.0259418 0.0572227 0.0109867 9.05946e-08 1.53755e-06 0.00313853 7.15244e-06 4.75733e-05 0.099715 0.00151089 0.0349593 5.82726e-05 0.00433103 0.00150007 0.000350653 0.00684478 
0.00407402 0.491416 0.00939228 0.00206041 0.14775 0.0150629 0.00567693 0.0342169 0.00152517 3.71872e-06 0.0207868 0.0436948 0.0270851 0.0210912 3.51674e-07 0.000656781 0.0400703 0.00168541 0.000890755 1.51304e-06 0.00200329 0.0450112 0.000198303 0.0782711 8.53171e-06 0.000231798 0.00713491 
0.0062259 0.0235373 0.00611957 0.00216295 0.0507097 0.00255824 0.0011253 0.00710078 0.000147854 0.000262765 0.103893 0.113924 0.0207017 0.00561799 6.9117e-05 0.000219621 0.389646 0.025073 0.00198654 0.015428 0.00474418 0.0187245 0.00338322 0.154419 0.000214444 0.0284658 0.0135401 
0.00380409 0.103835 0.0333546 0.00557987 0.161519 0.00262633 0.0949689 0.0116239 0.00329432 0.00205752 0.0700153 0.04837 0.174516 0.019096 1.6319e-05 9.30363e-05 0.0327964 0.000139159 0.000282748 0.0532894 0.0204737 0.0295335 0.0153647 0.0217167 0.0038026 0.00553112 0.0823001 
0.00248052 0.114626 0.0123901 0.00922376 0.0156349 0.00946309 0.0113354 0.00149825 0.000311251 0.00762036 0.120791 0.1325 0.0476835 0.00417546 3.34107e-05 0.00080073 0.105141 0.000295552 0.282486 0.00388486 0.00193412 0.024402 0.00897042 0.0366223 0.00025364 0.00158641 0.0438551 
0.00310551 0.0442192 0.0603334 0.0229663 0.0663776 0.00965427 0.000938633 0.0706458 0.000143186 0.000112276 0.0349326 0.0411011 0.0670341 0.0344479 1.03906e-05 1.47491e-05 0.0261198 0.000238105 1.19939e-05 0.000567566 0.00705164 0.443971 0.0103166 0.037663 8.29167e-05 0.00466941 0.0132709 
0.00185591 0.00914947 0.00859833 0.00277516 0.0490089 0.00245277 0.0107857 0.0108012 0.00125275 0.000288639 0.45544 0.0470089 0.0345174 0.00714054 3.14902e-05 0.00110322 0.165361 3.41636e-05 4.38649e-05 0.000349546 0.0208548 0.0236233 0.000288109 0.0184057 4.78601e-05 0.0234568 0.105324 
4.46087e-07 0.00339307 0.00995455 4.46246e-07 0.041612 0.0166008 0.00584764 4.46112e-07 4.46029e-07 0.000981317 0.222618 0.0146886 0.0891569 4.46376e-07 4.45381e-07 4.45679e-07 0.43208 0.00356617 4.45577e-07 4.45818e-07 4.46351e-07 0.0647689 4.4569e-07 0.0201304 4.46376e-07 0.0125453 0.0620514 
2.22929e-05 0.0590016 0.399914 0.0310945 0.112904 0.00023137 0.0186092 0.00435751 0.0089088 9.38569e-05 0.0234442 0.014747 0.0524536 0.0272656 5.13061e-06 0.000110536 0.0729952 1.6331e-05 0.000144117 0.00271712 0.0146053 0.0318837 0.000254764 0.0242519 1.20679e-05 0.0247842 0.075172 
0.011075 0.0705758 0.00413524 0.0390235 0.0255809 0.0473248 0.0179414 0.0427206 0.00295947 4.33047e-05 0.0953938 0.0885748 0.162362 0.00984863 2.50804e-05 8.57036e-05 0.0498193 0.000981461 0.0012483 7.7307e-05 0.00500368 0.163392 0.000356594 0.0542329 0.00385735 0.0111669 0.0921938 
0.0125371 0.0114232 0.00466065 0.00947996 0.0651173 0.000519092 0.0138338 0.00518361 0.000973852 8.43695e-05 0.361883 0.0314891 0.0197135 0.00912841 3.15825e-05 4.21132e-05 0.229219 0.00298196 0.000685826 6.65729e-05 0.00252001 0.0187578 0.0092555 0.0269429 0.00754285 0.0093002 0.146626 
0.00182288 0.0111071 0.516448 0.0183364 0.0185323 0.0827625 0.0193274 0.00116363 0.00260571 8.01395e-05 0.0549894 0.0066385 0.0132172 0.00293619 1.96863e-05 0.000466788 0.0911759 9.86677e-05 0.00241297 0.00726735 0.000877095 0.0229523 0.0595545 0.0166865 0.000892159 0.00501359 0.0426151 
0.0114682 0.00528796 0.00176812 0.00198037 0.0163739 0.0153999 0.0279424 0.00546454 0.00284634 0.00032718 0.0395272 0.123713 0.0820449 0.0049112 1.63336e-07 1.63445e-07 0.03476 0.00415202 1.63408e-07 1.63496e-07 0.00366687 0.0417596 1.63449e-07 0.0363226 1.63701e-07 0.529576 0.010707 
0.308173 0.0208205 0.00323744 0.00432081 0.187544 0.000136404 0.00308689 0.154071 0.000372967 0.00144404 0.0268868 0.0400972 0.00776026 0.0105817 7.00256e-05 0.0550591 0.030796 0.000767926 0.00255547 0.000169211 0.0247951 0.00998796 0.0214996 0.0362813 0.00293204 0.00395445 0.042599 
3.27368e-05 3.27596e-05 0.756737 3.27485e-05 3.27652e-05 3.27483e-05 0.124507 3.27386e-05 3.27325e-05 3.27193e-05 3.27659e-05 3.27633e-05 3.27636e-05 3.2758e-05 3.2685e-05 3.27068e-05 3.27638e-05 3.27095e-05 3.26993e-05 3.27171e-05 3.27562e-05 3.27575e-05 3.27076e-05 3.27554e-05 3.2758e-05 0.00986142 0.108142 
0.00233035 0.0589909 0.0114332 0.0144085 0.0807182 0.0169951 0.00873547 0.169875 1.87957e-07 2.65303e-07 0.0314263 0.0884935 0.0526374 0.0328246 4.27352e-08 5.002e-06 0.0747323 8.18779e-06 0.00063798 5.41683e-07 0.00748737 0.133993 0.000165926 0.0739112 1.65724e-06 0.0087997 0.131387 
0.00127695 0.0205165 0.0159124 0.00980739 0.0257857 0.00505896 0.0189638 0.0016878 0.00210224 0.000140906 0.593446 0.0236551 0.0619794 0.00355217 6.28745e-05 0.000229128 0.0473645 0.000128554 0.000927204 0.00380602 0.00277833 0.0161374 0.00040327 0.012476 0.00285094 0.0180483 0.110902 
2.7074e-07 0.00964535 0.0154695 2.70837e-07 0.0300245 0.000541942 0.0158209 0.0298917 2.70705e-07 2.70596e-07 0.443352 0.0319464 0.0424329 0.0037931 2.70312e-07 2.70492e-07 0.280177 2.70515e-07 0.00186625 0.00219194 2.70901e-07 0.022784 2.70499e-07 0.0322909 2.70916e-07 2.70951e-07 0.0377687 
3.01172e-06 0.000896949 0.910773 3.91438e-05 0.0445093 0.00113444 0.0133692 2.45199e-05 0.00292696 5.93828e-06 0.000685175 0.000211344 0.00090013 0.00104951 1.4371e-10 3.09437e-06 0.00018832 2.56756e-07 1.07528e-06 0.000679937 0.00325196 0.00012234 9.82337e-06 0.00062923 0.00271609 0.0156854 0.000183825 
