0.000817736 0.000973589 0.00132733 0.000324706 0.0821765 0.00100691 0.0127272 0.000117698 0.00156808 1.33177e-06 0.0571576 0.00100975 0.00544158 0.00846765 4.24871e-06 6.07941e-10 0.00885565 0.00770228 9.70224e-05 1.30368e-05 0.0215817 0.00450523 4.52964e-06 0.000277629 5.04308e-05 0.782172 0.00161827 
0.000195409 0.00397871 0.000393321 0.00129444 0.0105539 0.000138707 0.891842 0.000503911 0.000327727 1.63782e-05 0.00259726 0.0164147 0.00858073 0.000721433 4.67985e-05 6.74989e-08 0.0386816 0.000626423 6.07443e-05 1.64762e-05 0.00191385 0.00526888 2.01464e-05 0.00160323 0.00521095 0.00354535 0.00544708 
0.000129395 0.00238674 1.57377e-05 8.32637e-05 0.000250179 8.21548e-05 0.00613321 2.95356e-05 5.46952e-07 3.68511e-05 0.00118765 0.00082893 0.00435606 4.01778e-05 9.693e-07 4.20328e-14 0.0009301 0.000184332 1.61781e-05 4.443e-05 4.48952e-05 0.000242351 1.04315e-06 0.000221873 0.982107 2.09671e-05 0.000625791 
0.0157609 0.00573687 0.00175 0.00229713 0.269021 0.0172327 6.49063e-05 0.00970461 0.000879369 3.75797e-05 0.100697 0.373135 0.0112019 0.0254183 3.26457e-06 2.56264e-08 0.0114451 0.00199534 0.00427664 1.00242e-05 0.0431675 0.00200919 2.96512e-08 0.000640954 5.41639e-07 0.098155 0.00535893 
0.000112816 0.00285895 0.001434 0.000215047 0.0217753 1.84288e-05 0.000449717 0.00680883 8.51098e-05 9.18139e-07 0.0401612 0.0100847 0.00451564 0.00349107 1.80489e-05 2.79117e-10 0.0188835 2.35728e-05 5.85734e-07 0.000546324 0.866951 0.000519618 0.00514428 0.00430371 1.36151e-05 0.00876594 0.00281836 
0.000255921 0.0100035 0.0423912 0.000346668 0.0479963 0.000161184 0.00100449 0.00139049 8.90899e-05 8.03178e-07 0.093116 0.00718091 0.00186555 0.00385658 1.3515e-05 2.412e-08 0.187157 3.69593e-06 1.68374e-05 2.80009e-06 1.9401e-05 0.163725 1.42164e-06 0.00167735 6.88422e-05 0.000189843 0.437466 
0.000129395 0.00238674 1.57377e-05 8.32637e-05 0.000250179 8.21548e-05 0.00613321 2.95356e-05 5.46952e-07 3.68511e-05 0.00118765 0.00082893 0.00435606 4.01778e-05 9.693e-07 4.20328e-14 0.0009301 0.000184332 1.61781e-05 4.443e-05 4.48952e-05 0.000242351 1.04315e-06 0.000221873 0.982107 2.09671e-05 0.000625791 
0.00336644 0.0271786 0.0154755 0.00709561 0.10223 0.00699586 0.0043135 0.00613151 0.000391488 3.06423e-06 0.155686 0.153482 0.13382 0.0402169 1.09651e-05 1.68062e-07 0.113636 0.000438213 0.0027694 0.00101868 0.00746887 0.0293718 0.00889905 0.0364975 6.4431e-05 0.0542307 0.0892062 
0.000129395 0.00238674 1.57377e-05 8.32637e-05 0.000250179 8.21548e-05 0.00613321 2.95356e-05 5.46952e-07 3.68511e-05 0.00118765 0.00082893 0.00435606 4.01778e-05 9.693e-07 4.20328e-14 0.0009301 0.000184332 1.61781e-05 4.443e-05 4.48952e-05 0.000242351 1.04315e-06 0.000221873 0.982107 2.09671e-05 0.000625791 
3.89916e-05 0.0212539 0.681405 0.00131418 0.0136426 0.0162897 0.0916428 0.00987363 0.000404155 0.000372246 0.032826 0.00707503 0.0166324 0.00482241 0.001116 1.14494e-06 0.00797784 0.00250957 0.00217543 0.00614275 0.000989976 0.00302484 0.00215981 0.0164581 0.0333507 0.0131327 0.0133686 
0.000209012 0.000702275 0.273447 0.000923742 0.0456454 0.000253706 0.0409876 0.00138628 1.77349e-07 6.00623e-06 0.0206735 0.000927114 0.505787 0.00117691 0.000158401 1.76155e-08 0.0909414 1.27587e-06 3.60191e-05 0.0112576 4.90979e-05 0.000165081 6.1451e-05 0.00355943 1.97303e-05 8.74445e-05 0.00153688 
0.00078902 0.00580599 0.241265 0.0124303 0.0476679 0.00143333 0.00628131 0.000465579 0.022867 5.51356e-05 0.0817779 0.0262478 0.0493049 0.0107045 7.73802e-05 3.54264e-07 0.0629983 7.94951e-05 0.000162485 0.000198837 0.0172894 0.0269494 0.0110697 0.0278252 0.000218086 0.00363485 0.3424 
3.80259e-06 0.288153 5.90244e-05 0.00394452 0.000389846 0.000465515 0.0507958 0.000192851 0.000108509 1.41451e-09 0.0272582 0.0110922 0.533758 4.18174e-05 2.15415e-09 5.68685e-14 0.0115444 0.046453 0.00025009 5.77463e-09 0.000475866 0.0139685 7.77185e-06 0.0045796 0.000247808 0.000373264 0.00583676 
0.000129395 0.00238674 1.57377e-05 8.32637e-05 0.000250179 8.21548e-05 0.00613321 2.95356e-05 5.46952e-07 3.68511e-05 0.00118765 0.00082893 0.00435606 4.01778e-05 9.693e-07 4.20328e-14 0.0009301 0.000184332 1.61781e-05 4.443e-05 4.48952e-05 0.000242351 1.04315e-06 0.000221873 0.982107 2.09671e-05 0.000625791 
0.000756808 0.0129715 0.600528 0.000357009 0.00461679 0.0717816 0.0504316 0.00126833 0.0242495 1.40385e-05 0.0316749 0.00202092 0.120418 0.000653283 0.00017309 1.42898e-08 0.002734 7.00792e-05 1.63358e-07 0.026267 0.000176035 0.00882814 0.00111081 0.00090872 0.00152568 0.000341792 0.0361223 
0.0111983 0.00305977 0.000485993 0.00144464 0.00103442 0.0112416 0.000627478 0.000531369 3.91131e-05 9.43586e-07 0.181099 0.00964666 0.732542 0.000478851 5.04917e-06 1.9755e-12 0.00160753 1.44011e-05 9.1464e-06 1.98424e-09 7.57039e-05 0.00558059 4.35806e-06 0.00892759 1.31625e-05 0.00107215 0.0292598 
6.69534e-05 0.000671566 0.00326084 0.000584733 0.0614643 0.000879611 0.00599445 0.00011879 0.00766372 4.39789e-06 0.579423 0.0419405 0.0419817 0.00176972 3.43005e-05 1.27291e-11 0.00790742 9.62771e-09 0.229543 0.000655938 0.00207035 0.000394422 4.13835e-05 0.000331619 3.28476e-08 0.00639241 0.00680478 
0.119324 0.0533663 0.000102952 2.32448e-05 0.0665136 0.000584288 0.00454707 0.000492262 3.48504e-05 1.55035e-06 0.233468 0.0499115 0.00492275 0.295815 1.97187e-05 2.88051e-09 0.059815 0.000128567 5.79239e-06 3.68334e-06 0.0212205 0.000569127 1.27796e-05 0.0826996 2.40505e-07 0.00194221 0.00447561 
0.00136964 0.000938349 0.000106297 0.037407 0.000623482 0.00480108 0.00994154 0.0248388 0.00238613 1.35622e-05 0.189941 0.0992795 0.00625777 0.0346538 2.04438e-05 4.48914e-09 0.29208 6.25561e-05 0.0011133 2.90295e-08 9.91218e-05 0.0649667 4.34984e-05 0.00708763 2.31817e-05 0.000548411 0.221397 
0.000129395 0.00238674 1.57377e-05 8.32637e-05 0.000250179 8.21548e-05 0.00613321 2.95356e-05 5.46952e-07 3.68511e-05 0.00118765 0.00082893 0.00435606 4.01778e-05 9.693e-07 4.20328e-14 0.0009301 0.000184332 1.61781e-05 4.443e-05 4.48952e-05 0.000242351 1.04315e-06 0.000221873 0.982107 2.09671e-05 0.000625791 
0.00860071 0.0172482 0.0793328 0.0105794 0.417558 0.00147122 0.0514429 1.77659e-05 0.00700294 4.1997e-05 0.0385767 0.048741 0.0589972 0.0143859 0.00155785 4.88057e-08 0.00317233 0.00405051 0.00519117 0.0211467 0.00680281 0.0887607 5.50383e-06 0.0137739 0.00548123 0.0290047 0.0670557 
0.000257235 0.0568422 0.0520805 0.0013891 0.0483461 0.0169741 0.245879 0.00173472 0.17365 1.38615e-05 0.059367 0.014251 0.0724603 0.0168856 0.000136909 2.11514e-07 0.151444 0.00234473 0.000408743 0.00116969 0.0133714 0.00363048 0.00233305 0.0108274 0.0124052 0.0226629 0.019135 
0.000396313 0.419175 5.12758e-06 0.00270892 0.000614561 3.65927e-06 0.00872818 0.000114249 1.72207e-05 3.4185e-07 0.150011 0.0159511 0.363888 0.00010094 1.06349e-06 1.74924e-09 0.00710949 5.27305e-07 4.07163e-07 3.78398e-06 4.702e-06 0.00889467 2.2339e-06 0.0141428 0.00108868 3.20797e-06 0.0070335 
0.0461606 0.00774498 0.0397824 0.000281347 0.0591136 0.0104165 0.000198138 0.00241054 1.17448e-05 1.63604e-05 0.181352 0.0456769 0.0343515 0.00245409 1.57659e-05 2.97411e-06 0.360088 0.0160889 0.000296241 0.0184621 0.106954 0.00703528 1.57622e-05 0.00594715 0.000155417 0.0198853 0.0350811 
0.00017075 0.00504096 0.000209921 0.00175107 0.00754391 0.000201983 0.00799115 0.000119765 4.80765e-05 3.45394e-07 0.044523 0.0402691 0.00197578 0.00163819 1.50331e-05 1.03701e-11 0.844413 2.8398e-05 0.000183215 2.31978e-07 0.0057756 0.00647992 1.94602e-06 0.00269952 1.40054e-05 0.00114795 0.0277572 
0.000692819 0.00184028 0.00895493 0.000595529 0.010415 0.00438536 0.00564441 0.00180593 8.04413e-05 1.74566e-06 0.776071 0.0948837 0.0217694 0.0013849 1.35656e-05 2.95785e-08 0.0321462 1.18946e-06 0.00011036 0.000136012 0.000376352 0.0105477 0.000142743 0.0113583 9.63886e-06 0.00793345 0.00869912 
0.00643193 0.00354169 0.0702686 0.0208725 0.312515 0.0690131 0.0260088 0.0135368 0.00016013 9.86444e-06 0.0241861 0.0478252 0.018085 0.024311 0.000589938 1.91172e-07 0.169619 1.09469e-05 0.0100202 1.20729e-05 0.0179152 0.0244696 9.65776e-07 0.0238049 0.000260282 0.0468168 0.0697138 
5.04179e-05 5.13545e-05 0.00013361 1.57354e-05 0.0153391 2.36156e-09 0.00064087 2.65883e-05 6.06518e-06 5.92877e-10 0.00683676 0.00177054 0.000461355 0.00258551 5.14965e-06 9.69897e-13 0.00288685 2.5336e-11 4.76435e-06 1.54427e-06 0.0356956 0.000389636 0.929939 0.000106927 2.47684e-06 0.00231795 0.000732511 
0.0640139 0.0566939 0.00303154 2.65914e-05 0.0487204 0.018442 0.00134573 0.00324633 1.29208e-05 5.51331e-08 0.0577249 0.449799 0.0176718 0.0813649 1.39993e-05 1.88795e-11 0.106477 0.00271427 0.00216911 2.91035e-05 0.0166669 0.0144163 0.000128855 0.0459998 0.00120081 0.000188678 0.00790131 
0.000102168 0.0159599 0.00187491 1.91437e-06 0.00232967 1.39095e-05 0.00107865 5.91755e-05 2.56561e-05 1.5147e-07 1.11115e-06 1.00098e-06 0.806561 0.000967904 1.9132e-05 4.20653e-11 1.98073e-06 0.158142 0.004708 6.18276e-07 0.00278056 0.000515801 9.67769e-08 0.000496107 0.000205911 7.3867e-07 0.00415197 
0.000129395 0.00238674 1.57377e-05 8.32637e-05 0.000250179 8.21548e-05 0.00613321 2.95356e-05 5.46952e-07 3.68511e-05 0.00118765 0.00082893 0.00435606 4.01778e-05 9.693e-07 4.20328e-14 0.0009301 0.000184332 1.61781e-05 4.443e-05 4.48952e-05 0.000242351 1.04315e-06 0.000221873 0.982107 2.09671e-05 0.000625791 
0.000129395 0.00238674 1.57377e-05 8.32637e-05 0.000250179 8.21548e-05 0.00613321 2.95356e-05 5.46952e-07 3.68511e-05 0.00118765 0.00082893 0.00435606 4.01778e-05 9.693e-07 4.20328e-14 0.0009301 0.000184332 1.61781e-05 4.443e-05 4.48952e-05 0.000242351 1.04315e-06 0.000221873 0.982107 2.09671e-05 0.000625791 
0.000439807 0.0347482 0.000296003 0.00981615 0.00680031 1.38025e-08 0.0747183 0.000203584 7.56108e-05 2.16548e-06 0.0418553 0.0347737 0.0241087 0.000194381 5.06672e-05 5.46512e-09 0.509049 0.000202879 0.000608374 2.72223e-05 0.0209536 0.0166926 0.000104208 0.0016133 0.00291447 0.00405445 0.215697 
0.000129395 0.00238674 1.57377e-05 8.32637e-05 0.000250179 8.21548e-05 0.00613321 2.95356e-05 5.46952e-07 3.68511e-05 0.00118765 0.00082893 0.00435606 4.01778e-05 9.693e-07 4.20328e-14 0.0009301 0.000184332 1.61781e-05 4.443e-05 4.48952e-05 0.000242351 1.04315e-06 0.000221873 0.982107 2.09671e-05 0.000625791 
0.000413232 0.00243112 0.0122831 0.000497654 0.0459455 0.00250645 0.0476229 1.11492e-05 0.00141807 1.46361e-07 0.0813824 0.0893282 0.019805 0.00372568 5.01727e-07 2.2637e-11 0.395108 2.69424e-08 0.00135444 0.0120109 0.00430436 0.00182146 0.0936892 0.031403 0.000550721 0.000633449 0.151753 
8.05877e-05 0.0621079 1.4386e-06 0.000298202 4.99859e-06 0.00557041 0.00916172 0.000131944 6.49962e-07 5.97735e-09 0.0635101 0.00965298 0.836581 1.2348e-05 4.44197e-09 1.57035e-12 0.00273318 0.000110956 1.59851e-05 6.63976e-08 4.07636e-06 0.00183006 1.24148e-09 0.00342725 0.00264285 1.27784e-06 0.00212033 
0.000719271 0.0017253 0.0130468 0.0005141 0.11666 0.00236124 0.0664519 0.000139543 0.00114459 3.77091e-06 0.0731822 0.00407571 0.00303771 0.104945 3.41696e-05 3.75676e-07 0.0161557 2.63836e-06 0.000135405 0.00246167 0.31403 0.00691933 0.00173067 0.0021163 0.00028219 0.265668 0.00245648 
0.000129395 0.00238674 1.57377e-05 8.32637e-05 0.000250179 8.21548e-05 0.00613321 2.95356e-05 5.46952e-07 3.68511e-05 0.00118765 0.00082893 0.00435606 4.01778e-05 9.693e-07 4.20328e-14 0.0009301 0.000184332 1.61781e-05 4.443e-05 4.48952e-05 0.000242351 1.04315e-06 0.000221873 0.982107 2.09671e-05 0.000625791 
0.000129395 0.00238674 1.57377e-05 8.32637e-05 0.000250179 8.21548e-05 0.00613321 2.95356e-05 5.46952e-07 3.68511e-05 0.00118765 0.00082893 0.00435606 4.01778e-05 9.693e-07 4.20328e-14 0.0009301 0.000184332 1.61781e-05 4.443e-05 4.48952e-05 0.000242351 1.04315e-06 0.000221873 0.982107 2.09671e-05 0.000625791 
0.000129395 0.00238674 1.57377e-05 8.32637e-05 0.000250179 8.21548e-05 0.00613321 2.95356e-05 5.46952e-07 3.68511e-05 0.00118765 0.00082893 0.00435606 4.01778e-05 9.693e-07 4.20328e-14 0.0009301 0.000184332 1.61781e-05 4.443e-05 4.48952e-05 0.000242351 1.04315e-06 0.000221873 0.982107 2.09671e-05 0.000625791 
0.000129395 0.00238674 1.57377e-05 8.32637e-05 0.000250179 8.21548e-05 0.00613321 2.95356e-05 5.46952e-07 3.68511e-05 0.00118765 0.00082893 0.00435606 4.01778e-05 9.693e-07 4.20328e-14 0.0009301 0.000184332 1.61781e-05 4.443e-05 4.48952e-05 0.000242351 1.04315e-06 0.000221873 0.982107 2.09671e-05 0.000625791 
0.000442388 0.000445492 0.000124663 0.000103753 0.0155995 5.14898e-05 0.000408327 4.38145e-05 4.68365e-05 8.42548e-10 0.690519 0.114798 0.0329127 0.00129141 8.98593e-06 1.03064e-11 0.0659242 7.81406e-08 0.048579 3.5117e-05 0.00476711 6.34587e-05 2.16746e-08 0.0001129 3.30017e-06 0.000385097 0.0233333 
0.00582385 0.0119091 0.0798478 3.50177e-05 0.0122808 0.0166862 0.00219246 0.000421784 0.000339028 8.32626e-07 0.0857582 0.0193685 0.58383 0.00423156 1.04042e-05 5.79863e-08 0.00973268 0.0369023 0.000128431 0.00790667 0.00278651 0.00096785 0.000931353 0.00364568 0.00155563 0.026685 0.0860219 
0.0148632 0.00779808 0.00380441 0.0426041 0.0265251 0.00416171 0.0141276 0.000939101 0.000192909 1.17227e-06 0.384261 0.0510861 0.214055 0.00810365 4.10018e-05 1.16039e-10 0.0527693 0.00215185 0.001029 0.000529617 0.00852711 0.0105259 4.18566e-05 0.018191 0.000263578 0.00773898 0.125668 
9.75145e-05 0.00489672 0.00510049 0.00324814 0.0050562 0.00903894 0.0248385 0.000446876 0.00289005 2.83565e-06 0.0358767 0.0496672 0.0126542 0.000583662 3.88296e-05 2.23143e-12 0.0407049 7.46704e-06 1.35651e-05 3.88497e-05 0.000132802 0.00375059 2.66902e-05 0.00422713 6.86899e-05 0.00123975 0.795353 
0.000173151 0.0616807 0.0892852 0.0104034 0.0163065 0.00308758 0.326471 0.177996 5.44315e-05 2.66206e-05 0.090564 0.0441201 0.0152281 0.0143555 0.000543582 7.8312e-08 0.0364112 1.08185e-07 0.00212169 0.0831756 0.000700759 0.00525294 3.85573e-05 0.00957471 0.00129963 0.000171432 0.0109574 
0.010899 0.0137007 0.00238701 0.0525754 0.0135742 0.000218792 0.00404285 6.97861e-05 3.59928e-07 5.20429e-06 0.239366 0.0731959 0.0272457 0.00269494 9.6091e-07 6.65611e-08 0.0985586 4.67508e-07 0.00543433 0.00285007 0.00475824 0.326557 0.000154746 0.0303271 7.22945e-06 0.00101364 0.0903611 
0.000195095 0.00015583 7.45056e-05 4.93142e-05 0.00725357 0.00013358 0.00109584 2.65457e-05 3.89693e-05 2.89272e-08 0.00240582 0.00804451 0.0026356 0.00172722 0.0014465 1.55258e-12 0.00487112 3.70909e-06 1.73634e-12 7.87329e-07 0.792398 0.00100169 0.000355718 0.000439858 1.1123e-05 0.16889 0.00674437 
0.000129395 0.00238674 1.57377e-05 8.32637e-05 0.000250179 8.21548e-05 0.00613321 2.95356e-05 5.46952e-07 3.68511e-05 0.00118765 0.00082893 0.00435606 4.01778e-05 9.693e-07 4.20328e-14 0.0009301 0.000184332 1.61781e-05 4.443e-05 4.48952e-05 0.000242351 1.04315e-06 0.000221873 0.982107 2.09671e-05 0.000625791 
0.000129395 0.00238674 1.57377e-05 8.32637e-05 0.000250179 8.21548e-05 0.00613321 2.95356e-05 5.46952e-07 3.68511e-05 0.00118765 0.00082893 0.00435606 4.01778e-05 9.693e-07 4.20328e-14 0.0009301 0.000184332 1.61781e-05 4.443e-05 4.48952e-05 0.000242351 1.04315e-06 0.000221873 0.982107 2.09671e-05 0.000625791 
0.000129395 0.00238674 1.57377e-05 8.32637e-05 0.000250179 8.21548e-05 0.00613321 2.95356e-05 5.46952e-07 3.68511e-05 0.00118765 0.00082893 0.00435606 4.01778e-05 9.693e-07 4.20328e-14 0.0009301 0.000184332 1.61781e-05 4.443e-05 4.48952e-05 0.000242351 1.04315e-06 0.000221873 0.982107 2.09671e-05 0.000625791 
6.56472e-08 0.0304902 0.0676736 8.86784e-05 0.0195255 0.0282505 0.00975687 0.0003337 0.000955396 4.7018e-06 0.0774057 0.0135111 0.0125143 0.00161295 0.000873931 3.59007e-11 0.00835946 1.94549e-06 4.18705e-08 0.000106259 0.000110558 0.00228024 0.000138112 0.00202271 3.52784e-05 0.00515649 0.718792 
0.000129395 0.00238674 1.57377e-05 8.32637e-05 0.000250179 8.21548e-05 0.00613321 2.95356e-05 5.46952e-07 3.68511e-05 0.00118765 0.00082893 0.00435606 4.01778e-05 9.693e-07 4.20328e-14 0.0009301 0.000184332 1.61781e-05 4.443e-05 4.48952e-05 0.000242351 1.04315e-06 0.000221873 0.982107 2.09671e-05 0.000625791 
8.56259e-05 0.000357132 0.000126875 3.09666e-05 0.0370303 2.26545e-05 0.00264259 7.00611e-05 1.97522e-05 7.65319e-07 0.00513583 0.00252344 0.000918907 0.00192127 0.000241128 4.39394e-12 0.00566542 2.76761e-05 9.80987e-06 0.000333313 0.80239 0.000222219 0.00190769 0.000314936 7.48102e-05 0.136131 0.00179595 
0.00151176 0.0191462 0.0253126 0.00159954 0.00926636 0.00471523 0.00523513 0.00594958 0.00194561 2.45792e-06 0.0303874 0.0372403 0.0092711 0.00412465 2.20522e-05 4.51346e-07 0.0348347 2.0406e-06 0.00014668 0.010032 0.01527 0.0101505 2.02567e-05 0.766225 0.000512036 0.0044518 0.00262429 
0.000982861 0.0160278 0.0119267 0.0494764 0.0153129 0.0047042 0.055685 0.00731915 0.000837909 1.08924e-06 0.18833 0.0673135 0.0217328 0.00828534 2.82705e-06 1.92348e-09 0.0815284 0.000532614 5.05335e-05 0.000136801 0.00703712 0.339719 0.000491418 0.021015 0.00107682 0.0368358 0.0636375 
0.00126453 0.49011 0.061419 0.00590166 0.0179042 0.0322644 0.00127778 0.00679125 0.00116537 0.0100831 0.0282298 0.0242018 0.275012 0.000766586 4.61188e-05 2.66499e-09 0.00278123 1.02289e-05 1.53898e-05 0.000883138 0.000725967 0.00307311 2.93974e-05 0.00646543 0.00239534 0.0115431 0.0156391 
0.0460654 0.0265413 0.0164378 0.00287121 0.0173444 0.00243298 0.0139653 0.0153538 0.000595793 2.44608e-05 0.0654901 0.160973 0.013898 0.0149183 4.16002e-05 3.02839e-07 0.073017 0.00101175 0.000410795 0.000508395 0.00671233 0.0141894 0.000240697 0.00578062 0.00430249 0.0143493 0.482523 
0.000129395 0.00238674 1.57377e-05 8.32637e-05 0.000250179 8.21548e-05 0.00613321 2.95356e-05 5.46952e-07 3.68511e-05 0.00118765 0.00082893 0.00435606 4.01778e-05 9.693e-07 4.20328e-14 0.0009301 0.000184332 1.61781e-05 4.443e-05 4.48952e-05 0.000242351 1.04315e-06 0.000221873 0.982107 2.09671e-05 0.000625791 
0.00187167 0.0347832 0.411217 0.0441297 0.0659991 0.0337901 0.00833704 0.0236599 2.93008e-05 2.68334e-05 0.120789 0.0061754 0.122859 0.00340861 1.48203e-05 7.04486e-08 0.0223678 0.00031839 0.000326957 0.00215036 0.00029618 0.00786658 8.39384e-05 0.0718752 0.000570898 1.48815e-05 0.0170378 
0.000311896 0.000384776 0.000317666 0.00488403 0.0233382 0.00105946 0.00112121 1.81766e-05 0.000490887 5.04053e-09 0.842388 0.0374812 0.0161718 0.00217824 3.37575e-06 2.32348e-11 0.0342379 3.62547e-07 0.000183337 8.14529e-06 0.00501873 0.0025515 1.88637e-08 0.000304222 1.76514e-07 0.0143523 0.0131946 
0.000129395 0.00238674 1.57377e-05 8.32637e-05 0.000250179 8.21548e-05 0.00613321 2.95356e-05 5.46952e-07 3.68511e-05 0.00118765 0.00082893 0.00435606 4.01778e-05 9.693e-07 4.20328e-14 0.0009301 0.000184332 1.61781e-05 4.443e-05 4.48952e-05 0.000242351 1.04315e-06 0.000221873 0.982107 2.09671e-05 0.000625791 
0.000122676 0.0029498 0.0129267 0.0286699 0.00457255 8.36094e-05 0.0160213 0.00609533 0.00118877 0.34279 0.00296156 0.038483 0.0239626 0.00407683 0.102069 6.62377e-07 0.22037 1.07362e-06 3.16707e-05 0.000217956 0.000517442 0.0330386 0.00110106 0.000595624 0.00115809 0.0205772 0.135417 
0.000277575 0.00685716 0.287588 8.93057e-05 0.173903 0.00147782 0.135297 0.000462564 3.85537e-05 3.66303e-05 0.200617 0.0244694 0.0359297 0.023126 0.00081087 2.92484e-08 0.0396861 1.18792e-06 4.80793e-07 0.000641884 0.0504094 0.0102319 0.00133556 0.000772265 3.72965e-07 0.00374359 0.00219641 
0.000109606 0.00716603 0.0012242 0.000125629 0.00509195 0.032592 0.00489076 0.00143064 0.000209794 1.52595e-06 0.226474 0.00536686 0.667526 0.00148177 3.30786e-05 1.94805e-11 0.0100546 1.2503e-05 4.05093e-05 4.79036e-05 0.000116352 0.00347025 0.000152373 0.00506112 2.23614e-05 0.00943661 0.0178612 
0.00205099 0.00900109 0.00428674 0.00140601 0.0276341 0.00104547 0.024462 0.00592127 0.777523 7.393e-06 0.0136022 0.0130681 0.0180089 0.00790071 6.50293e-06 3.79394e-09 0.0292825 0.0099828 0.000324927 7.77113e-05 0.00842526 0.010907 0.000724075 0.00339174 0.00016631 0.0185555 0.0122373 
0.000129395 0.00238674 1.57377e-05 8.32637e-05 0.000250179 8.21548e-05 0.00613321 2.95356e-05 5.46952e-07 3.68511e-05 0.00118765 0.00082893 0.00435606 4.01778e-05 9.693e-07 4.20328e-14 0.0009301 0.000184332 1.61781e-05 4.443e-05 4.48952e-05 0.000242351 1.04315e-06 0.000221873 0.982107 2.09671e-05 0.000625791 
0.00220537 0.00353477 0.079016 0.000299445 0.0393052 0.00119397 0.000551083 0.000792832 2.78091e-09 2.21711e-05 0.202316 0.0207805 0.00981125 0.00924053 2.20295e-05 1.28944e-11 0.550224 2.37406e-05 8.05522e-07 0.00235964 0.0218677 0.000574108 1.29628e-05 0.00233929 7.44598e-05 0.00419527 0.0492371 
0.00694635 0.00415608 0.000372504 0.00048326 0.000540522 0.000222558 0.0017109 0.00100529 2.51176e-05 5.81725e-05 0.270813 0.058394 0.0262089 0.000384798 4.85719e-05 6.43309e-12 0.00387132 4.76918e-05 4.85717e-05 2.88284e-05 9.96627e-05 0.00871946 6.05163e-07 0.00714169 2.59739e-05 0.000418002 0.608228 
0.00426188 0.0105125 0.00465173 0.00265316 0.0117971 0.00817757 0.0731214 0.00283738 0.00061134 0.000175852 0.0463084 0.0457994 0.026337 0.0018148 5.25236e-05 7.37174e-12 0.0497021 8.71963e-05 4.59066e-05 0.000285028 0.000675099 0.00740564 0.000238289 0.0104138 0.487893 0.00199583 0.202146 
0.00023002 0.0315128 0.175238 0.00396328 0.0308204 0.00258416 0.234696 0.00119455 0.000716101 0.000385155 0.0902635 0.0579939 0.0452819 0.00111785 0.000433652 5.10608e-09 0.0571657 0.000108761 7.37083e-06 0.00409454 0.00175673 0.00769124 0.00296007 0.0308382 0.138852 0.00102925 0.079065 
0.00612338 0.257697 0.00860859 0.000284071 0.0177157 0.00957039 0.0100139 0.0154246 1.75909e-05 4.46831e-09 0.104928 0.39309 0.0288521 0.0274964 5.74594e-05 5.79513e-11 0.0039955 1.50497e-08 0.00819458 0.000118505 0.00117855 0.0156379 1.27145e-07 0.0787949 0.000130656 0.000453692 0.0116154 
0.000585931 0.0112771 0.291345 0.00202827 0.165023 0.0106759 0.00049725 2.0634e-06 0.000924991 9.90931e-05 0.169117 0.0318993 0.058317 0.018961 1.67082e-06 8.83561e-09 0.0534994 7.39281e-07 1.26892e-06 0.103578 0.0256391 0.00153553 0.0237252 0.0284794 1.61587e-05 0.00133389 0.00143699 
0.000254638 0.00333205 0.000121402 0.0428598 0.46405 0.000617201 0.00166708 0.00154224 9.13015e-07 8.1556e-07 0.000772736 0.026212 0.00846796 0.00436961 0.00605347 8.39594e-10 0.0170981 0.0465595 0.000879781 2.57199e-07 0.169514 0.0166536 1.1515e-07 0.00296372 1.78367e-06 0.185019 0.000988289 
0.0703882 0.070698 0.0290653 0.000891257 0.0858857 0.0244073 0.0197524 0.00253613 0.00010984 6.08988e-07 0.22917 0.0194783 0.188127 0.00796372 1.44781e-05 3.78714e-10 0.0864046 0.00413394 0.00813253 0.014525 0.0205224 0.00510006 3.47668e-05 0.0280927 0.00166573 0.0207101 0.0621899 
0.00452546 0.00399131 0.00471184 0.0006216 0.00424644 0.0175409 0.00359115 0.00223559 4.41973e-08 2.89281e-05 0.259874 0.20912 0.0304264 0.0437976 1.06239e-05 1.91574e-10 0.0856732 1.76719e-08 0.00705251 1.60051e-05 0.000238153 0.0023807 2.1474e-06 0.0131296 1.27524e-05 5.87804e-05 0.306715 
0.000521312 0.00401668 0.04603 0.00715141 0.00995373 0.00969323 0.0112223 0.000754665 0.00299088 4.43331e-06 0.220901 0.222481 0.0154419 0.00653963 1.70134e-05 6.96739e-11 0.377919 7.03371e-05 0.0011063 6.60991e-05 0.000720213 0.0087485 0.000778639 0.00749593 0.000205389 2.47767e-05 0.0451456 
0.000923541 0.0188826 0.010061 0.00357472 0.0479574 0.0238363 0.00635232 0.00663987 0.00131066 2.42049e-05 0.136966 0.335272 0.0418736 0.0111137 6.64339e-06 4.33988e-06 0.131985 1.98721e-05 0.00177293 0.00102428 0.00164693 0.0235525 0.000133417 0.147759 0.00196769 0.0322987 0.0130404 
0.00609239 0.0441777 0.000772203 0.0892904 0.00549999 0.0111697 0.00332608 0.000838058 4.14037e-05 3.91122e-05 0.0309316 0.583387 0.00509862 0.000434792 0.0183913 1.09513e-05 0.140289 2.40414e-05 0.000272829 0.000440577 0.000253524 0.000799982 2.48712e-05 0.00999082 6.04457e-05 0.0015461 0.0467965 
0.000129395 0.00238674 1.57377e-05 8.32637e-05 0.000250179 8.21548e-05 0.00613321 2.95356e-05 5.46952e-07 3.68511e-05 0.00118765 0.00082893 0.00435606 4.01778e-05 9.693e-07 4.20328e-14 0.0009301 0.000184332 1.61781e-05 4.443e-05 4.48952e-05 0.000242351 1.04315e-06 0.000221873 0.982107 2.09671e-05 0.000625791 
0.00123914 0.0296338 0.0476326 0.0282898 0.263617 3.57642e-06 0.0253849 0.00494951 8.19702e-05 0.000211495 0.0672734 0.00913154 0.170632 0.0126787 5.57216e-05 3.50613e-06 0.102224 0.000305252 0.00581569 0.053854 0.0512127 0.0434669 0.000927857 0.00874027 0.000243304 0.039345 0.033047 
0.000129395 0.00238674 1.57377e-05 8.32637e-05 0.000250179 8.21548e-05 0.00613321 2.95356e-05 5.46952e-07 3.68511e-05 0.00118765 0.00082893 0.00435606 4.01778e-05 9.693e-07 4.20328e-14 0.0009301 0.000184332 1.61781e-05 4.443e-05 4.48952e-05 0.000242351 1.04315e-06 0.000221873 0.982107 2.09671e-05 0.000625791 
1.51116e-06 0.000993721 0.0385902 2.3716e-05 0.014065 0.00172903 0.000144773 0.000383505 0.00100095 5.07144e-06 0.0420394 0.000578219 0.494113 0.00304713 9.51027e-07 2.34269e-10 0.0006012 2.08598e-07 0.000116056 0.391203 0.000386407 0.00148163 0.0018422 0.00504702 2.58322e-05 1.15916e-05 0.00256854 
0.0569069 0.0240849 0.0133437 0.000707162 0.0535831 0.00193348 0.0264502 0.00164195 0.0119488 4.22973e-06 0.0422079 0.131598 0.0296103 0.397828 8.11594e-05 6.38084e-09 0.0899138 2.68586e-05 0.0223231 0.00144778 0.0324209 0.00491698 0.0266011 0.00468966 0.00497501 0.00876953 0.0119856 
0.000844708 0.04506 0.038287 0.00694451 0.136053 0.00848968 0.0457411 0.0845697 0.000518778 0.0243789 0.131134 0.222896 0.0731376 0.00742011 0.00123673 3.82659e-10 0.0408287 0.00118629 0.0157964 0.00116583 0.00947132 0.0282038 0.00342464 0.0353594 0.000959363 0.00374065 0.0331516 
0.059989 0.00359152 0.000253716 0.00325181 0.0131288 0.00109483 0.00402566 0.00329485 7.01513e-05 9.15881e-06 0.0625434 0.296464 0.00978012 0.010948 3.30816e-05 2.14255e-10 0.431942 9.78788e-05 0.000722084 6.0585e-07 0.00125347 0.0132166 3.4134e-05 0.0265503 0.00793744 7.8358e-06 0.049759 
0.00129365 0.00942471 0.00795811 0.0879014 0.122252 0.00432664 0.00264175 0.0276715 0.000961377 7.56337e-05 0.102846 0.0449891 0.0100718 0.0747075 3.07773e-05 9.95598e-07 0.0847515 3.04e-05 0.0114236 0.00739015 0.0103541 0.237704 1.78031e-05 0.00815682 0.00010647 0.069811 0.0731011 
8.07355e-06 0.00403444 0.0119446 0.000120873 0.0156878 0.00176614 0.592845 0.00025963 0.000308144 2.87956e-05 0.0104826 0.00357408 0.00411973 0.00396346 1.57038e-05 4.5589e-06 0.00143793 8.107e-05 7.7074e-05 0.000435234 0.0160975 0.000637318 5.20268e-06 0.00118343 0.308843 0.0146876 0.00735064 
0.000482815 0.00596797 0.143692 0.00029622 0.114563 0.000646986 0.0620866 0.000741972 0.0126006 4.21123e-05 0.198583 0.00117545 0.0436839 0.201657 1.791e-05 7.86347e-09 0.0257679 6.99339e-06 0.000117865 0.00130341 0.0110001 0.00330976 0.000254616 0.000876459 0.000960646 0.00585535 0.16431 
0.00235519 0.00460782 7.47609e-05 0.0102574 0.00257198 0.000533225 0.018605 0.001392 0.000145722 8.97039e-06 0.391409 0.139424 0.0543348 0.000824183 4.72407e-06 7.47124e-12 0.0596409 1.78325e-05 0.000341358 1.97012e-07 0.000308141 0.179475 3.41051e-05 0.0288355 6.43845e-05 0.00024294 0.104491 
0.000129395 0.00238674 1.57377e-05 8.32637e-05 0.000250179 8.21548e-05 0.00613321 2.95356e-05 5.46952e-07 3.68511e-05 0.00118765 0.00082893 0.00435606 4.01778e-05 9.693e-07 4.20328e-14 0.0009301 0.000184332 1.61781e-05 4.443e-05 4.48952e-05 0.000242351 1.04315e-06 0.000221873 0.982107 2.09671e-05 0.000625791 
0.00204338 0.007281 0.654488 0.00193329 0.00983453 0.0417501 0.00110921 0.000210515 0.000576299 4.03109e-05 0.0652894 0.0545124 0.00921553 0.00118825 6.08272e-05 3.17287e-08 0.00796916 3.06748e-05 3.11856e-05 0.125632 0.000255883 0.000673562 0.00020986 0.0131043 0.000502686 0.00131308 0.00074476 
0.000129395 0.00238674 1.57377e-05 8.32637e-05 0.000250179 8.21548e-05 0.00613321 2.95356e-05 5.46952e-07 3.68511e-05 0.00118765 0.00082893 0.00435606 4.01778e-05 9.693e-07 4.20328e-14 0.0009301 0.000184332 1.61781e-05 4.443e-05 4.48952e-05 0.000242351 1.04315e-06 0.000221873 0.982107 2.09671e-05 0.000625791 
0.0165937 0.0156937 0.00252524 0.00021807 0.107186 0.0041344 0.00638358 0.000627596 0.000172496 3.06242e-05 0.0179882 0.00441948 0.0584451 0.00372511 5.26803e-05 2.89459e-05 0.0171129 0.00560674 0.00152956 4.7301e-05 0.0188096 0.00641875 0.000731705 0.370779 0.0249718 0.00420147 0.311566 
3.83786e-05 8.23356e-05 0.000517173 7.24527e-06 0.00123718 3.09144e-07 1.18226e-05 2.02163e-06 3.4926e-06 0.000230671 0.00185615 0.000546462 0.000180332 5.78901e-05 6.46003e-07 4.93643e-13 0.00132835 3.07854e-10 2.50181e-07 0.989074 0.00312019 8.49781e-05 2.05163e-06 6.89437e-05 0.000380164 0.000881857 0.000286844 
0.000406962 0.00473258 0.53453 0.0273123 0.0566075 0.0713597 0.00472211 0.00314196 0.000186757 0.0167414 0.110061 0.0539073 0.0362037 0.00445609 0.000111337 1.72473e-07 0.0193167 2.03011e-06 0.000123799 0.00198478 0.00347249 0.00575635 0.00326311 0.0010211 0.000957674 0.013423 0.0261981 
0.00876872 0.000737778 0.000287765 0.000327429 0.0563409 0.000373124 0.371212 0.0396154 0.0502092 3.32162e-05 0.00670764 0.0698287 0.0163192 0.00415342 0.000156393 7.76313e-10 0.0452658 9.11392e-06 1.05448e-05 1.45389e-05 0.187888 0.00552621 0.0457931 0.0252653 0.000253115 0.000687178 0.0642162 
0.00724183 0.0114696 0.0180234 0.000808045 0.0135799 0.0246488 0.0363406 2.08632e-05 4.1541e-05 0.000301294 0.0228883 0.0033685 0.0280817 0.00189267 3.91185e-05 3.90206e-12 0.00919327 0.00013007 0.000282029 0.0001758 0.00151122 0.00216522 7.50488e-07 0.00688053 0.803669 1.47949e-05 0.00723137 
0.000329407 0.0404804 0.000498331 0.000762021 0.00235202 7.28123e-08 0.0268235 0.000619239 6.57109e-07 1.61484e-06 4.74107e-07 0.0389891 0.84024 7.64597e-09 5.43176e-06 4.45538e-10 0.0177989 0.00269199 4.9827e-10 0.0004784 1.64334e-09 3.98826e-05 9.34067e-08 0.00281613 0.000146582 0.0130449 0.0118806 
0.00615409 0.0238323 0.0455336 0.00944315 0.0914689 0.0114287 0.0167794 0.245657 0.00343803 0.000273562 0.146652 0.0580423 0.0376576 0.024255 0.000422675 0.000203948 0.183157 0.000402018 0.00226272 0.00170123 0.00917751 0.0124768 0.00526051 0.0253535 0.000959602 0.0135507 0.0244563 
0.000166436 0.0556916 0.00133053 0.00565661 0.0270352 0.00153162 0.018779 0.00205265 3.12816e-05 7.26341e-06 0.151313 0.341779 0.0770421 0.00254826 7.12741e-06 3.36422e-11 0.159029 0.000641631 0.000130129 0.000342178 0.0039441 0.0285031 4.78674e-07 0.021986 0.0035382 0.00063851 0.0962739 
0.000195265 0.00134409 0.0174207 0.000436755 0.0257501 0.00565803 0.000510983 0.000861924 0.00061802 5.15156e-06 0.00386729 0.00162652 0.889512 0.00590104 8.2173e-06 6.91525e-12 0.00134536 0.000217512 8.50795e-05 2.8355e-07 0.0372297 0.000540649 0.000446639 0.000747287 2.11295e-06 0.00490206 0.000767557 
0.000180734 0.0692782 0.073924 0.0274091 0.00359514 0.0314228 0.459548 0.000118299 3.49392e-05 1.41197e-05 0.098162 0.00334363 0.0782012 0.00150578 0.000918213 7.97414e-07 0.0148053 0.00349072 0.0592924 0.000259322 0.00113465 0.0237083 2.10594e-06 0.00788567 0.0037277 0.000757926 0.0372787 
0.00027096 0.00153277 0.00131172 2.88119e-05 0.0209426 0.000392019 0.000927467 5.00713e-05 2.6254e-05 6.4383e-06 0.024335 0.045728 0.00688489 0.00155434 9.24476e-06 1.71564e-09 0.0235003 0.00851115 0.000525134 0.767413 0.00360647 0.00519908 0.00107804 0.0253593 4.92151e-05 0.0581773 0.0025805 
0.00469657 0.0020251 0.199954 5.36787e-05 0.0779363 0.0173517 0.00793657 0.00219553 0.000242517 2.127e-05 0.167935 0.0215172 0.022464 0.00877213 8.16229e-05 3.82342e-11 0.0243465 3.21355e-08 0.000201209 0.318698 0.00209144 0.00326159 0.000568037 0.00263393 0.000354429 0.109028 0.00563496 
3.83786e-05 8.23356e-05 0.000517173 7.24527e-06 0.00123718 3.09144e-07 1.18226e-05 2.02163e-06 3.4926e-06 0.000230671 0.00185615 0.000546462 0.000180332 5.78901e-05 6.46003e-07 4.93643e-13 0.00132835 3.07854e-10 2.50181e-07 0.989074 0.00312019 8.49781e-05 2.05163e-06 6.89437e-05 0.000380164 0.000881857 0.000286844 
0.00250465 0.00542367 0.0436698 0.000504398 0.0116673 0.00320135 0.00403785 0.000942711 0.0418268 5.82271e-05 0.369416 0.0164095 0.0199759 0.00803245 2.50825e-05 2.15158e-07 0.428039 4.04092e-05 2.98191e-05 0.00301675 0.000846953 0.000841984 8.03599e-05 0.0132237 6.98725e-05 6.10215e-05 0.0260542 
0.00186149 0.0671698 0.0101295 0.00512945 0.0867741 0.0117477 0.0259269 0.0259008 0.00184666 0.000286481 0.0576087 0.0461972 0.346759 0.0529621 0.000197482 2.87151e-05 0.0262024 0.00644869 0.00291426 0.00352706 0.0114494 0.151393 0.0077074 0.0217595 0.00077859 0.00366645 0.0236268 
3.83786e-05 8.23356e-05 0.000517173 7.24527e-06 0.00123718 3.09144e-07 1.18226e-05 2.02163e-06 3.4926e-06 0.000230671 0.00185615 0.000546462 0.000180332 5.78901e-05 6.46003e-07 4.93643e-13 0.00132835 3.07854e-10 2.50181e-07 0.989074 0.00312019 8.49781e-05 2.05163e-06 6.89437e-05 0.000380164 0.000881857 0.000286844 
4.25482e-07 0.00516555 0.069678 0.000252268 0.0921292 1.52142e-06 0.00100734 0.691457 0.00255579 4.29835e-06 0.0355533 7.50111e-07 0.000441315 0.0392105 1.34758e-05 2.84937e-09 0.0542603 7.94184e-05 2.5679e-06 1.18042e-06 0.00047028 2.7674e-05 1.90265e-06 0.00752767 3.62103e-07 1.84443e-06 0.000156212 
0.000129395 0.00238674 1.57377e-05 8.32637e-05 0.000250179 8.21548e-05 0.00613321 2.95356e-05 5.46952e-07 3.68511e-05 0.00118765 0.00082893 0.00435606 4.01778e-05 9.693e-07 4.20328e-14 0.0009301 0.000184332 1.61781e-05 4.443e-05 4.48952e-05 0.000242351 1.04315e-06 0.000221873 0.982107 2.09671e-05 0.000625791 
0.000182553 0.000645644 0.000913448 8.53868e-06 0.000169269 0.000824617 0.00139272 0.000241118 0.986015 3.17292e-06 0.00120336 0.000471452 0.00239626 2.61823e-05 2.36815e-06 3.59217e-12 0.000272575 3.52135e-09 1.71103e-09 1.66253e-05 7.97351e-06 0.000848456 1.27528e-08 6.93826e-05 0.00032342 0.00332023 0.000645614 
0.000117303 0.00168345 0.0206387 0.000410034 0.000590728 5.81316e-05 0.0379953 2.09579e-05 3.97596e-07 0.0430457 0.00283842 0.000584753 0.00600337 2.84325e-05 0.000206173 6.92298e-12 0.00173002 0.00013027 8.50552e-05 0.00038978 0.000142085 0.000171074 7.96141e-07 0.000203435 0.866152 1.48153e-05 0.0167584 
0.00103601 0.187814 0.0539698 0.00216413 0.0337997 0.00484198 0.0181111 0.00560453 0.000506611 0.000144601 0.0559097 0.0369801 0.125273 0.00194251 1.4655e-05 5.65335e-07 0.0930707 0.000126533 0.00947639 4.0356e-05 0.00602312 0.0228959 0.0683806 0.183521 2.45786e-05 0.00635037 0.0819762 
0.00461235 0.012071 0.000192466 6.34769e-05 0.00201518 0.000874749 0.0210862 0.000194772 0.000189551 4.53851e-10 0.114887 0.107017 0.0130581 0.00815002 1.38962e-05 7.27678e-12 0.638712 0.027496 0.000306324 0.000181135 0.00231573 0.00170761 0.0282658 0.00805413 1.31416e-05 0.000787375 0.00773483 
0.00876872 0.000737778 0.000287765 0.000327429 0.0563409 0.000373124 0.371212 0.0396154 0.0502092 3.32162e-05 0.00670764 0.0698287 0.0163192 0.00415342 0.000156393 7.76313e-10 0.0452658 9.11392e-06 1.05448e-05 1.45389e-05 0.187888 0.00552621 0.0457931 0.0252653 0.000253115 0.000687178 0.0642162 
0.00574514 0.0145779 0.320672 0.0168071 0.0633755 0.0113352 0.00772814 0.00350799 0.00563408 0.00196073 0.176894 0.0197363 0.0243358 0.0278216 7.676e-05 1.56558e-06 0.0892538 1.39385e-05 0.000250738 0.000559471 0.00760085 0.0479467 1.54807e-05 0.00574747 9.39743e-05 0.0473024 0.101005 
2.90782e-06 0.00100124 1.54167e-09 4.01076e-05 0.00482805 8.18057e-05 0.841265 3.69702e-05 0.000692308 3.12825e-07 0.00391026 0.0773663 0.0081587 0.000274705 1.18608e-05 5.30728e-12 0.0398327 3.37041e-05 0.000106092 6.48466e-08 0.000164913 0.00133934 7.48595e-05 0.00272095 0.000139101 7.13733e-05 0.0178467 
0.000129395 0.00238674 1.57377e-05 8.32637e-05 0.000250179 8.21548e-05 0.00613321 2.95356e-05 5.46952e-07 3.68511e-05 0.00118765 0.00082893 0.00435606 4.01778e-05 9.693e-07 4.20328e-14 0.0009301 0.000184332 1.61781e-05 4.443e-05 4.48952e-05 0.000242351 1.04315e-06 0.000221873 0.982107 2.09671e-05 0.000625791 
0.00313144 0.0167505 0.0105376 0.00789312 0.0484314 0.0172541 0.0152032 0.00406359 0.00574219 2.29413e-05 0.112325 0.105536 0.104509 0.00226213 3.12326e-05 9.92915e-08 0.106815 2.8746e-05 0.0001015 0.000740989 0.00129871 0.103718 0.000421221 0.00608384 0.00458882 0.00760754 0.314903 
0.00238979 0.00110773 0.00293369 0.000451824 0.0248231 2.64329e-05 0.0225428 1.59894e-05 2.87741e-05 6.82639e-07 0.602262 0.0563092 0.0266823 0.00252737 3.59953e-05 1.63e-09 0.110066 4.06252e-06 0.000803692 6.87319e-05 0.0175479 0.0106223 6.81344e-06 0.00046962 0.000211851 0.0111968 0.106865 
2.23903e-05 0.00805574 0.0749555 0.00494273 0.624204 0.000143346 0.00334048 0.000404496 0.000995949 3.09473e-05 0.00917743 0.0033347 0.0643828 0.00302752 0.0197492 1.74383e-05 0.0509668 0.000252044 0.0026163 0.000316719 0.0384266 0.0450048 2.26101e-05 0.0128828 4.02252e-05 0.00640303 0.0262831 
0.00470659 0.00302541 4.09583e-05 0.00231379 0.00215369 0.00119605 0.00815948 3.74358e-05 9.05945e-05 1.075e-06 0.51644 0.185716 0.0535897 0.00114662 1.33386e-05 1.58032e-09 0.133249 0.00109011 0.000361187 4.84064e-06 0.000345738 0.0100255 2.46498e-05 0.0140711 1.82045e-06 0.0125343 0.0496603 
0.000129395 0.00238674 1.57377e-05 8.32637e-05 0.000250179 8.21548e-05 0.00613321 2.95356e-05 5.46952e-07 3.68511e-05 0.00118765 0.00082893 0.00435606 4.01778e-05 9.693e-07 4.20328e-14 0.0009301 0.000184332 1.61781e-05 4.443e-05 4.48952e-05 0.000242351 1.04315e-06 0.000221873 0.982107 2.09671e-05 0.000625791 
0.0074779 0.00131468 0.100174 0.0385744 0.130466 0.00453435 0.0544243 3.62946e-06 0.00378786 5.94896e-07 0.130437 0.00309862 0.0121584 0.0143057 9.1468e-06 1.40348e-08 0.0379855 3.67759e-05 0.000217791 0.00526196 0.0162149 0.000690761 4.10275e-06 0.00107851 0.000497032 0.388465 0.0487822 
0.000497014 0.0215739 0.00298314 0.000785291 0.0206586 0.00334345 0.651655 0.000307987 1.62474e-05 1.03573e-05 0.0243168 0.00996011 0.0176631 0.00597338 5.07539e-05 2.59792e-08 0.0175564 0.00421079 0.000371466 0.000237693 0.0111441 0.00682467 1.7253e-05 0.00348293 0.157566 0.0309843 0.00780877 
0.000791521 0.00587956 0.000556977 0.00428472 0.103519 0.0130485 0.0100654 0.000654138 3.21871e-05 5.9116e-07 0.260267 0.0931044 0.0755435 0.0344092 9.33576e-05 3.92701e-08 0.068971 6.5986e-06 0.0004452 2.6169e-05 0.0397851 0.0761046 0.0206659 0.00234981 0.000138552 0.022025 0.167231 
0.00245723 0.00525772 0.00143432 9.21995e-05 0.00672093 0.00136354 0.00551601 0.00152316 0.000605259 2.6925e-09 0.339992 0.543376 0.0125627 0.00077806 2.73197e-06 9.08305e-12 0.043021 3.68582e-08 0.000169432 4.90424e-05 0.000428664 0.00740249 2.46576e-08 0.000939185 1.35524e-06 0.000144711 0.0261618 
0.00253823 0.0278586 0.0211437 0.00672247 0.0423423 0.00242846 0.00916866 0.0105693 0.00010882 1.34676e-05 0.124428 0.104132 0.0590167 0.00314125 1.04255e-05 1.51696e-07 0.348701 6.00928e-05 0.000177075 0.00107017 0.00243863 0.0133166 4.21662e-05 0.0086401 0.0115195 0.00635918 0.194052 
0.000129395 0.00238674 1.57377e-05 8.32637e-05 0.000250179 8.21548e-05 0.00613321 2.95356e-05 5.46952e-07 3.68511e-05 0.00118765 0.00082893 0.00435606 4.01778e-05 9.693e-07 4.20328e-14 0.0009301 0.000184332 1.61781e-05 4.443e-05 4.48952e-05 0.000242351 1.04315e-06 0.000221873 0.982107 2.09671e-05 0.000625791 
0.000129395 0.00238674 1.57377e-05 8.32637e-05 0.000250179 8.21548e-05 0.00613321 2.95356e-05 5.46952e-07 3.68511e-05 0.00118765 0.00082893 0.00435606 4.01778e-05 9.693e-07 4.20328e-14 0.0009301 0.000184332 1.61781e-05 4.443e-05 4.48952e-05 0.000242351 1.04315e-06 0.000221873 0.982107 2.09671e-05 0.000625791 
0.0003736 0.0966628 0.00237429 0.0266129 0.0106776 0.0071769 0.0406697 0.023521 0.000144226 3.80092e-05 0.0431774 0.278562 0.0644644 0.0033941 4.41433e-07 6.16619e-10 0.157308 0.000131448 0.0114675 0.000142057 0.000264876 0.0137728 1.89091e-07 0.0309618 0.00667703 4.91369e-05 0.181376 
0.000178318 0.0756793 0.127023 0.000174226 0.032599 0.0147539 0.274586 0.000455163 0.00536235 4.99627e-09 0.235169 0.0210479 0.0731861 0.0174638 8.92301e-05 5.7823e-10 0.00558504 2.15925e-05 0.000125698 0.060785 0.00276418 0.00210478 0.000188028 0.00677277 0.0009152 0.0364859 0.0064848 
0.000994826 0.0233376 0.0184895 0.00654255 0.00612869 0.00273089 0.0351355 0.000370716 0.00113194 4.28824e-06 0.138696 0.0717822 0.189567 0.000546531 4.0332e-05 5.88901e-10 0.0439706 0.000342027 0.00010706 4.42254e-05 0.00728386 0.170472 0.00028221 0.0105573 0.0024389 0.00841722 0.260586 
