0.00357375 0.0264289 1.70279e-07 0.013125 0.0591007 1.7023e-07 0.00669184 0.00895163 1.70148e-07 1.7008e-07 0.276722 0.162406 0.0249335 0.00703276 0.000509872 1.70014e-07 0.308586 0.000408238 0.00533743 1.71768e-05 0.00781562 0.026836 0.000680244 0.0327937 1.70281e-07 0.00757865 0.0204694 
0.00319258 0.0128208 0.0136653 0.00173158 0.160117 0.000690682 0.0042797 2.44841e-08 0.000261956 3.91761e-05 0.209384 0.0242062 0.0116095 0.0186704 0.000476682 2.44603e-08 0.231918 0.00306271 0.000156535 0.000619064 0.127562 0.00176145 2.44609e-08 0.00135959 0.000627189 0.167617 0.00417 
0.00201375 0.000471128 0.0359476 0.00216587 0.00363157 9.85247e-08 9.68123e-05 0.00142493 1.3138e-11 0.000283964 0.126731 0.00969071 0.0121782 0.000694621 1.56174e-05 2.23304e-11 0.484171 3.7423e-06 3.78323e-08 0.0717524 0.0356258 0.00415576 0.000483857 0.00787833 0.000225157 6.86346e-05 0.20029 
0.00240693 0.00396928 0.0270163 0.00941409 0.0232332 0.000132257 0.0191619 0.0150907 3.69371e-05 1.61665e-05 0.0526543 0.0142292 0.00433709 0.0161948 1.23393e-05 4.19198e-07 0.654935 6.3231e-05 0.000785471 0.0137694 0.0365576 0.019318 2.78143e-06 0.00301045 7.34872e-05 0.0400105 0.0435678 
0.0929305 5.43271e-07 0.033553 5.44751e-05 0.0123841 0.00021438 0.000104116 2.45281e-07 4.17653e-08 9.26491e-07 0.196465 0.027746 0.000572324 0.000256726 1.24388e-05 5.73285e-10 0.587976 3.00317e-05 4.77429e-08 0.000971786 0.00171151 7.5323e-05 3.55733e-07 6.44248e-05 9.98175e-06 0.000551306 0.0443141 
0.427145 8.7097e-07 1.93902e-07 6.76883e-07 0.00678757 0.00103069 4.86176e-07 0.0236954 2.35765e-10 3.20486e-10 0.0230289 0.0191217 0.000195158 0.00689402 4.85187e-07 4.00725e-10 0.443352 3.83549e-10 4.48153e-10 7.30978e-06 0.000106903 0.000109777 3.95455e-10 0.0450241 8.80485e-05 8.84194e-07 0.00340933 
0.000130769 0.00313456 4.95933e-09 0.00166573 0.00108384 2.16516e-07 0.0115731 0.000222105 0.000111249 6.00615e-07 0.0645342 0.11512 0.0181321 6.65665e-05 1.20811e-06 9.96979e-12 0.659715 1.55193e-05 0.000451974 5.97644e-09 1.15969e-05 0.0164736 6.33298e-08 0.00921636 3.1059e-05 4.59085e-06 0.0983041 
0.00257841 0.0151758 0.0681245 0.00253445 0.155177 6.77778e-05 0.00314188 0.00466059 9.69428e-07 6.18717e-07 0.175435 0.0644962 0.0361641 0.060873 7.23425e-05 1.16647e-09 0.259856 3.91608e-08 0.00707656 0.000153244 0.00928711 0.0178136 1.15113e-09 0.0981308 1.10514e-06 0.00125171 0.0179272 
1.13711e-06 0.0323175 1.13784e-06 1.13752e-06 1.1381e-06 1.13751e-06 0.0164991 1.13717e-06 1.13696e-06 1.1365e-06 0.228991 0.21452 0.0391498 1.13785e-06 1.13531e-06 1.13607e-06 0.343579 0.00579557 1.13581e-06 1.13642e-06 0.00466605 0.0293571 1.1361e-06 0.0851053 1.13785e-06 1.138e-06 1.13793e-06 
0.0554776 0.0226872 0.00132868 0.000220126 0.118168 0.00582498 0.000415006 0.262082 2.89761e-05 2.95072e-06 0.0125636 0.00738631 0.00176799 0.0126393 3.8786e-05 0.0213593 0.358651 0.000238652 0.000156726 0.00360693 0.0135489 0.00463087 0.000343911 0.0801241 5.59552e-06 0.0159704 0.000732566 
0.000143962 0.000893359 0.000527866 0.000326369 0.0110932 2.86245e-05 0.0204742 0.000179903 0.000258931 4.50453e-06 0.0349422 0.0896784 0.00491743 0.00057143 4.72647e-05 7.28646e-09 0.494596 1.02341e-05 6.7892e-06 3.96292e-09 0.0302594 0.00455442 3.89001e-05 0.00299853 0.00019576 0.0298989 0.273354 
0.000175948 0.000594641 1.67068e-05 0.000123629 0.0141577 8.35762e-06 0.00225511 4.34299e-05 1.6564e-05 1.58476e-06 0.0153056 0.0146676 0.00052835 0.000420621 2.23149e-05 8.11796e-09 0.896948 1.88313e-05 1.29907e-09 3.84087e-09 0.0189135 0.00406481 5.59374e-09 0.000634009 2.19704e-05 0.0304518 0.000608726 
0.00185803 3.70811e-05 0.00532035 3.89963e-05 0.0323375 0.00439041 0.000401201 0.000144485 0.000190616 8.80459e-06 0.0840503 0.113331 0.00750671 0.000356833 4.58069e-05 6.60643e-07 0.475944 1.88702e-08 0.000223638 0.0608465 0.0274327 0.00571957 0.00012336 0.000168903 5.32957e-05 0.0322869 0.147182 
0.000502335 0.0116971 0.00297038 0.000672921 0.0851775 0.00272734 0.0396042 0.000783167 0.00178437 2.5546e-05 0.295914 0.0700483 0.0309832 0.00165277 8.11849e-06 1.88036e-08 0.310977 3.60467e-05 0.000155162 6.66889e-05 0.00663589 0.0108254 3.03372e-06 0.00456156 0.00654955 0.0671617 0.0484765 
5.45757e-05 0.013359 0.000831967 0.00506315 0.0213898 8.77028e-05 0.252665 0.00141901 7.79668e-05 1.80369e-06 0.0230239 0.0670784 0.0187987 0.0016345 9.7921e-06 4.37429e-09 0.372521 0.00127412 0.00026148 1.05412e-05 0.0572973 0.0113363 3.73771e-06 0.00892607 0.00511223 0.0097263 0.128036 
0.000384979 0.00257543 0.00026446 0.00112157 0.0317255 3.3216e-05 0.0109877 9.04234e-05 4.80254e-05 5.8245e-07 0.20584 0.0405151 0.0477283 0.000606039 1.89078e-05 1.01435e-06 0.433213 0.00143501 4.17797e-05 5.56131e-06 0.0466928 0.00668929 6.48707e-07 0.0105241 1.74934e-05 0.0198913 0.139548 
0.00407375 0.00102051 0.0228645 0.00269504 0.0116802 4.36943e-05 0.000203148 0.00250593 1.09128e-07 0.000312922 0.393303 0.0468273 0.0195358 0.00527389 2.53171e-05 1.66059e-10 0.43778 1.26702e-05 4.25143e-06 0.00566771 0.00880762 0.00357591 9.21463e-05 0.00116972 4.02939e-05 0.000373608 0.0321112 
0.0170501 0.0589506 0.0066855 0.00658374 0.0454219 0.00466325 0.0526394 0.00205889 0.00157063 0.000107773 0.0735659 0.146079 0.0793001 0.0263702 0.000252323 8.00115e-05 0.298137 0.0060482 0.00218119 0.00269355 0.011934 0.0304338 0.0018947 0.00768606 0.000400739 0.0176258 0.0995852 
0.00378478 0.0497892 0.0147138 0.0197964 0.0241553 0.00277511 0.052294 0.00395205 4.42456e-05 6.63594e-06 0.0353182 0.125023 0.0535044 0.0126498 7.63325e-05 6.70469e-08 0.36453 0.00181182 0.00128243 4.98803e-05 0.0359617 0.0113782 8.27345e-05 0.010981 0.0357012 0.00193047 0.138408 
0.00589191 0.0660264 0.00701452 0.021684 0.0263898 0.00576978 0.0235222 0.00713614 0.00255568 0.000197923 0.111942 0.176778 0.067658 0.0252928 4.38215e-05 0.00150512 0.195966 0.000903362 0.00153612 0.00426064 0.0111873 0.125613 0.000561873 0.0315266 0.00357376 0.0149374 0.0605264 
0.0205747 0.035469 0.023196 0.00467612 0.0767628 0.00410705 0.0166168 0.00483595 0.000198325 2.11336e-06 0.170708 0.201949 0.0135502 0.0211528 2.29145e-05 1.45128e-05 0.284537 4.68634e-05 0.0135743 0.00096959 0.0074701 0.0122821 0.00360039 0.0299315 0.000284944 0.0137243 0.0397431 
0.000901322 0.0511083 7.4814e-05 0.000132117 0.000286612 0.00131553 0.0646963 0.000580522 0.000146142 9.33289e-10 0.071092 0.141953 0.118646 9.41014e-05 1.27918e-09 4.35142e-12 0.322831 0.000495461 0.00157978 1.22019e-09 0.000689111 0.0391508 0.134971 0.0447399 0.000164584 0.000375012 0.00397648 
0.000175948 0.000594641 1.67068e-05 0.000123629 0.0141577 8.35762e-06 0.00225511 4.34299e-05 1.6564e-05 1.58476e-06 0.0153056 0.0146676 0.00052835 0.000420621 2.23149e-05 8.11796e-09 0.896948 1.88313e-05 1.29907e-09 3.84087e-09 0.0189135 0.00406481 5.59374e-09 0.000634009 2.19704e-05 0.0304518 0.000608726 
0.000113535 0.00392788 0.00685074 4.68448e-05 0.0142027 5.1291e-05 0.00250272 8.9253e-05 5.83763e-09 7.28511e-07 0.0908868 0.0032205 0.00226376 0.00902561 1.26426e-05 7.46018e-11 0.858488 1.10357e-07 1.42388e-06 2.07702e-05 0.00264454 3.15612e-05 7.36207e-11 0.00358114 3.31408e-07 0.00162034 0.000417218 
0.000125291 0.00280583 0.0102296 0.000117513 0.000459477 0.00124721 2.06718e-06 0.000189411 5.33825e-05 6.12771e-06 0.227122 0.0613759 0.0446954 0.00074958 2.42643e-07 2.80321e-10 0.263659 0.140349 9.77723e-05 1.49527e-07 3.65924e-07 0.000233326 1.99446e-05 0.000731944 8.08621e-05 1.15458e-07 0.245648 
0.00367636 0.0131593 0.00866579 0.00829677 0.0114604 0.000255081 0.00867228 0.000885679 8.87497e-05 0.023034 0.192273 0.0887182 0.0219311 0.00137428 7.59986e-05 7.05298e-06 0.444958 6.50729e-05 0.00318352 0.000457747 0.00436308 0.0179977 2.35203e-05 0.0685463 7.61827e-05 0.00442364 0.0733306 
0.0443643 0.0168515 0.0563928 0.000917491 0.113999 0.025533 0.201237 0.00444797 0.000112457 2.101e-05 0.0165709 0.0415788 0.0275128 0.00516363 0.00713926 0.000201908 0.375166 0.000218088 0.00208951 0.000669761 0.00387171 0.00818314 0.00115699 0.0048897 0.0182098 0.00655086 0.0169507 
0.00833168 0.00960834 0.00128598 0.00177405 0.00392083 0.00204286 0.0022304 0.00349002 2.48547e-05 2.63634e-07 0.0579966 0.0493238 0.136621 0.00551235 7.29414e-06 8.39952e-07 0.33378 5.19683e-07 7.60237e-06 9.68293e-05 0.000288201 0.0791646 0.000168531 0.302709 2.26352e-05 0.000169973 0.00142045 
0.0182447 0.0114802 0.135476 0.032287 0.0654814 0.0217926 0.00776729 0.00980056 3.49174e-05 4.22264e-05 0.0319269 0.0233116 0.154632 0.0305407 1.91548e-05 1.5728e-08 0.292469 0.000443834 0.00234932 4.95366e-06 0.0186665 0.0215212 0.000372306 0.0120949 0.0323693 0.000675233 0.0761962 
0.00113772 0.00752232 0.00160315 0.000511941 0.0351017 0.00815441 0.0403224 0.0314889 0.000416358 6.83895e-07 0.0540068 0.0786696 0.161605 0.00283191 3.28978e-05 1.9428e-07 0.392852 0.000204425 0.000265399 3.05808e-05 0.0138094 0.0155752 0.0269703 0.00900176 0.00203283 0.0158716 0.0999804 
0.00641299 0.000399009 0.00028063 8.36959e-05 0.0309074 0.0018877 0.00231197 0.00221063 5.87896e-05 7.77324e-06 0.15544 0.0262231 0.00213277 0.00774206 2.95376e-06 1.44654e-06 0.661087 7.32137e-05 0.0002168 0.000136591 0.00320412 0.00207963 0.000171832 0.0776542 0.00589802 0.0054041 0.00797225 
0.000177925 0.0279116 0.0142676 0.00152681 0.0306352 0.000662707 0.0722986 0.00272703 0.00417923 1.27371e-06 0.150623 0.0246381 0.0700571 0.00289861 4.18029e-05 5.91945e-09 0.364889 9.35198e-05 0.000339955 0.000114395 0.0205043 0.0111809 0.11583 0.0133848 0.00527455 0.022241 0.0435016 
0.0147003 0.00225108 0.00356929 0.000237013 0.0371149 0.00480975 0.0413871 0.0139701 0.00261823 5.81656e-07 0.14618 0.146623 0.00593846 0.00166335 1.18243e-06 9.59191e-08 0.494263 7.60757e-06 0.00176881 7.55192e-06 0.00262471 0.00641621 9.29152e-09 0.0155827 7.40007e-06 0.0249516 0.033306 
0.000730219 0.00089161 5.60239e-05 7.61188e-07 0.00272534 3.70948e-05 0.00582888 8.81845e-05 0.00013592 2.13593e-07 0.0154385 0.0823476 0.00292039 0.00014276 4.46488e-06 2.36968e-08 0.826941 2.80726e-06 1.42514e-11 1.14951e-05 0.00115029 0.0066992 4.45443e-08 0.00167691 7.7353e-05 0.00255669 0.0495365 
1.35489e-05 0.0116806 0.00159772 0.0511342 0.00744982 1.24753e-08 0.00175513 0.00077935 0.000982747 1.58492e-06 0.366885 0.00488327 0.00878455 0.000888147 2.2243e-05 9.99474e-11 0.489971 7.78091e-05 3.80918e-06 0.000803447 0.00999586 0.00169917 3.05952e-05 0.00187329 5.98768e-09 0.000201145 0.0384856 
0.0172017 0.128321 0.00174548 0.00578354 0.0518419 0.00227445 0.0303466 0.000195115 2.68136e-05 3.20835e-07 0.102665 0.172465 0.0556555 0.0101117 2.18216e-05 7.1995e-08 0.350558 0.00956824 0.00050072 0.000163114 0.0266554 0.000622195 0.000369682 0.00392203 0.00103272 0.00634829 0.0216037 
0.00651827 0.0217907 0.0343308 0.00799661 0.158022 0.00631726 0.0211595 0.0301313 0.00239528 1.77398e-05 0.197831 0.067267 0.038589 0.0198979 0.000564525 0.00141488 0.220508 0.0012247 0.00592234 0.00377453 0.0178692 0.0294261 0.00280578 0.0406449 0.00190412 0.0226037 0.0390736 
0.000117821 0.015074 0.104261 0.0517253 0.0399286 0.00335362 0.00167075 0.0375248 1.90249e-06 5.19633e-08 0.0187024 0.0430934 0.00863201 0.0576516 4.35883e-06 2.28978e-06 0.456685 6.21884e-08 8.81878e-06 8.68927e-06 0.000113546 0.0320824 4.94321e-05 0.10968 0.000673297 0.0158753 0.00307939 
0.00163742 0.00318132 0.00101673 0.000523038 0.0243323 0.00176227 0.136966 0.001241 0.00269412 2.69365e-06 0.0670126 0.268817 0.0164657 0.00209297 0.000476294 1.21195e-06 0.299122 3.84097e-05 0.00200665 0.000103639 0.00223007 0.00697682 0.000178762 0.00306384 0.000130396 0.0131061 0.144821 
0.00605467 0.000736856 0.00232573 0.000121738 0.0282722 5.60576e-06 0.00114503 0.000305819 2.97549e-06 4.98705e-05 0.0664519 0.0596157 0.0021032 0.00751646 1.19148e-05 3.41491e-08 0.763793 2.67288e-05 2.56421e-05 0.000402761 0.00780382 0.00813188 7.42961e-08 0.000740952 2.24016e-05 0.0238264 0.0205064 
0.0158332 0.00756322 0.259287 0.0119138 0.0133037 5.46363e-06 0.000696788 0.0268086 9.62433e-09 7.86141e-05 0.156631 0.0849951 0.0147862 0.0420608 2.00674e-05 1.63583e-08 0.333408 2.74728e-05 0.00411971 0.00289441 0.0001797 0.00459208 0.00148189 0.00176232 1.65229e-06 0.000518841 0.0170306 
0.167432 0.106058 0.000283246 0.000592374 0.0217027 0.000329873 0.00036862 0.00147211 1.26665e-11 2.19066e-07 0.122788 0.0724604 0.19926 0.00156458 1.5734e-06 2.1529e-11 0.251448 0.00129953 3.73099e-05 0.000495725 0.0038886 0.00820295 1.5225e-08 0.0197872 9.07698e-09 0.00196514 0.0185625 
0.000176252 0.0388881 0.000256365 4.56217e-05 0.114059 0.000980819 0.054565 0.000537741 1.99377e-07 1.93534e-05 0.0854275 0.0349897 0.0494455 0.0215951 0.00026363 4.51077e-05 0.320007 0.143949 0.000511313 0.00426081 0.0141025 0.0298807 4.25008e-06 0.00677008 1.24724e-05 0.00314748 0.0760592 
0.00017075 0.00504096 0.000209921 0.00175107 0.00754391 0.000201983 0.00799115 0.000119765 4.80765e-05 3.45394e-07 0.044523 0.0402691 0.00197578 0.00163819 1.50331e-05 1.03701e-11 0.844413 2.8398e-05 0.000183215 2.31978e-07 0.0057756 0.00647992 1.94602e-06 0.00269952 1.40054e-05 0.00114795 0.0277572 
0.0683473 0.00127794 8.11635e-05 1.17601e-08 0.00178964 9.66064e-05 0.0266435 0.000457408 2.93959e-05 1.84692e-06 0.0126174 0.14016 0.00490771 0.00118604 4.89881e-07 1.03492e-11 0.481899 0.00103675 0.00263029 8.35586e-07 0.000901868 0.00624958 0.200125 0.00789345 0.0371633 0.00012975 0.00437357 
0.00417676 0.0576465 0.12594 0.020882 0.0140155 0.0823654 7.06348e-05 0.0172663 2.32319e-05 0.0198641 0.00978355 0.0123881 0.115111 0.000320744 1.61489e-05 0.0458714 0.143218 0.0734668 4.29491e-05 0.00209701 0.0541731 0.000234574 5.22307e-05 0.11597 4.79741e-06 5.3763e-05 0.0849451 
0.00961214 0.0357496 0.00245957 0.00360703 0.0393183 0.0297212 0.0419116 0.0078151 0.00232459 1.54729e-05 0.131835 0.247597 0.0386587 0.0126539 0.000192812 1.53912e-05 0.251705 0.000553928 0.00213303 0.0026359 0.00382377 0.0260591 0.00014223 0.0258233 0.000102158 0.0201639 0.0633697 
0.000559719 0.169684 0.00192309 0.0265217 0.0355971 0.0017566 0.114343 0.000453884 1.45065e-05 1.42655e-06 0.0713609 0.144161 0.0540279 0.0258075 9.6123e-06 3.0132e-05 0.19508 0.00448629 0.00722478 0.000318109 0.0114849 0.0245344 5.79571e-06 0.0410629 0.00886515 0.000366128 0.0603203 
0.00017075 0.00504096 0.000209921 0.00175107 0.00754391 0.000201983 0.00799115 0.000119765 4.80765e-05 3.45394e-07 0.044523 0.0402691 0.00197578 0.00163819 1.50331e-05 1.03701e-11 0.844413 2.8398e-05 0.000183215 2.31978e-07 0.0057756 0.00647992 1.94602e-06 0.00269952 1.40054e-05 0.00114795 0.0277572 
0.00146164 0.00801507 0.00136813 0.00723817 0.0243898 0.000244771 0.022507 0.000391302 4.6528e-05 1.00759e-06 0.133182 0.0275914 0.0146589 0.00318217 0.000119223 1.31881e-08 0.629193 0.00833421 0.000249628 0.00831082 0.0271346 0.00298355 2.26409e-06 0.00485233 0.000507343 0.0254907 0.0485443 
9.89741e-05 0.0581909 0.129189 1.85364e-07 0.136628 0.00145116 0.00176552 0.0515648 0.00163827 0.0002694 0.00760106 0.0100989 0.0346051 0.0222336 0.0274629 3.92002e-05 0.260732 8.06727e-05 0.000325369 0.0147228 0.00550783 0.00246766 0.00655523 0.00131997 0.00324057 0.00176706 0.220443 
0.00138235 0.0479911 0.00148469 0.00544976 0.0449197 0.000953214 0.137113 0.0017979 0.000109014 3.66664e-05 0.0758299 0.115695 0.101303 0.0131577 0.00330105 8.66496e-12 0.291703 0.00173844 0.00366089 0.000330643 0.013393 0.0378014 0.000260265 0.00884527 0.0140012 0.00275119 0.0749911 
0.00152553 0.0217843 0.209546 0.00577533 0.0787088 0.00421333 0.00895914 0.00228728 0.00441713 4.74151e-07 0.152923 0.0160966 0.108298 0.00235967 9.56072e-06 3.32356e-06 0.221186 0.00397724 0.000721206 0.000601333 0.0320877 0.0115608 0.00978441 0.00362055 9.73725e-05 0.00881436 0.0906415 
3.30493e-07 0.00147644 1.18368e-07 2.12391e-07 4.14587e-08 0.000172003 1.34333e-07 6.29219e-05 3.74616e-07 0.00804637 0.000461469 6.20001e-08 5.91196e-08 1.15796e-07 8.58289e-07 6.36727e-07 0.988619 6.09436e-07 7.12087e-07 5.33018e-07 1.34386e-07 1.20657e-07 6.28353e-07 0.000699644 1.16244e-07 7.24389e-08 0.000456265 
4.55233e-05 0.000443602 0.000834315 0.00164163 0.0206081 1.82253e-08 0.000480154 1.25315e-06 1.20942e-08 3.43283e-08 0.0937915 0.0245229 0.00167331 0.000788589 0.000416672 8.28064e-11 0.834403 3.55905e-05 1.37878e-08 8.92792e-06 0.0115984 0.000149916 8.17174e-11 0.0050185 9.65539e-06 0.00335615 0.000172448 
0.00141507 0.00668183 0.0225576 0.00468815 0.0896545 0.000673868 0.00887676 5.0955e-05 0.000134026 0.000131129 0.2645 0.047535 0.0256368 0.0109517 5.77815e-05 1.434e-09 0.328016 3.53272e-05 3.54475e-05 0.000152875 0.0383676 0.000848134 0.000185373 0.00767689 8.45495e-05 0.0316536 0.1094 
0.000195378 0.00492465 0.000232933 0.000972081 0.0082002 1.4589e-05 0.0133923 4.43985e-05 8.96994e-05 6.40221e-07 0.0344305 0.0318261 0.00233315 0.000424156 1.8742e-05 4.67929e-12 0.843225 4.28009e-05 0.000102618 3.68307e-07 0.00904276 0.00380516 6.90652e-07 0.00204515 2.61302e-05 0.00123523 0.043375 
0.0242137 0.0200813 0.00933738 0.00564729 0.0578098 0.00352928 0.0465063 0.00166794 0.000253247 0.000280873 0.102696 0.117821 0.0861068 0.0241136 0.000123154 1.47521e-06 0.306851 0.0128982 0.000465169 0.000431223 0.00870268 0.00699475 0.000287283 0.022536 0.00580729 0.0055346 0.129302 
9.43224e-06 0.00104716 0.0485145 5.17446e-05 0.098233 0.0614451 0.00438333 0.00400091 1.92068e-06 2.3483e-05 0.0450475 0.00992635 0.0125722 0.00739264 0.000959704 0.00312966 0.513295 0.000226862 0.0383708 0.0323048 0.00954931 0.0202571 0.000270396 0.0285171 6.57882e-06 0.0599066 0.000557355 
0.000940979 0.00672548 0.000686938 0.00290916 0.00779666 0.000202221 0.0247992 0.000172552 0.000178436 1.60641e-06 0.0732062 0.0722657 0.0104611 0.00076991 4.63754e-05 3.85336e-07 0.582609 4.15583e-05 0.00010886 1.632e-05 0.00411499 0.0316267 1.03994e-06 0.005696 4.55433e-05 0.0178256 0.156752 
0.00604089 0.00765903 0.0192519 0.0111447 0.0879076 0.00679359 0.00382767 0.198819 0.000676994 2.32651e-06 0.0889095 0.0135926 0.00508997 0.00698238 9.85059e-05 7.37807e-08 0.480441 3.87239e-06 0.00048133 0.000365271 0.00919464 0.00770013 0.00404249 0.0166567 3.45155e-05 0.0177439 0.00653968 
0.00220537 0.00353477 0.079016 0.000299445 0.0393052 0.00119397 0.000551083 0.000792832 2.78091e-09 2.21711e-05 0.202316 0.0207805 0.00981125 0.00924053 2.20295e-05 1.28944e-11 0.550224 2.37406e-05 8.05522e-07 0.00235964 0.0218677 0.000574108 1.29628e-05 0.00233929 7.44598e-05 0.00419527 0.0492371 
0.00240859 0.00413054 0.0195739 0.00134142 0.0285717 0.000194679 0.0173077 0.000498589 0.000551061 0.000996953 0.113791 0.0913564 0.00615639 0.00438682 2.24536e-05 6.30464e-07 0.56447 1.91524e-05 8.25029e-05 0.0257821 0.0148604 0.00868871 2.82941e-05 0.00857 7.35691e-05 0.0128714 0.073265 
0.000505999 0.044192 0.0142276 0.00171752 0.0999145 0.000254046 0.0578937 1.41517e-05 7.82234e-06 3.26607e-06 0.0877246 0.0187501 0.112529 0.0183077 3.51579e-05 1.92681e-08 0.426699 4.63959e-06 0.000164344 0.000136124 0.0394614 0.00433845 4.35218e-08 0.0146655 0.0010795 0.0048487 0.0525247 
0.00017075 0.00504096 0.000209921 0.00175107 0.00754391 0.000201983 0.00799115 0.000119765 4.80765e-05 3.45394e-07 0.044523 0.0402691 0.00197578 0.00163819 1.50331e-05 1.03701e-11 0.844413 2.8398e-05 0.000183215 2.31978e-07 0.0057756 0.00647992 1.94602e-06 0.00269952 1.40054e-05 0.00114795 0.0277572 
0.000730219 0.00089161 5.60239e-05 7.61188e-07 0.00272534 3.70948e-05 0.00582888 8.81845e-05 0.00013592 2.13593e-07 0.0154385 0.0823476 0.00292039 0.00014276 4.46488e-06 2.36968e-08 0.826941 2.80726e-06 1.42514e-11 1.14951e-05 0.00115029 0.0066992 4.45443e-08 0.00167691 7.7353e-05 0.00255669 0.0495365 
8.33291e-05 0.0201969 0.118356 0.00380296 0.0538678 0.000157041 0.037986 0.001624 2.61688e-06 2.88645e-05 0.0448557 0.00680959 0.0077543 0.11701 0.000218968 6.30466e-08 0.507537 0.00731631 0.000125058 0.000267653 0.0211681 0.00100433 0.00227989 0.00207657 0.0130774 0.00654914 0.0258449 
3.72523e-06 6.57436e-06 0.157359 2.4268e-06 0.0750705 1.40569e-05 2.07392e-10 0.0943354 0.0246223 7.86181e-10 0.0564191 1.60818e-06 9.12723e-11 0.0507917 1.32508e-09 9.83016e-10 0.282165 4.51717e-06 1.09936e-09 5.26741e-06 0.0214166 5.77649e-07 9.79788e-08 0.23778 3.05268e-07 1.11835e-10 7.04408e-07 
0.042518 0.163574 0.00297616 0.00135247 0.015271 0.00911219 0.102613 0.00226601 0.000539361 2.97586e-08 0.114786 0.0882171 0.0558839 0.00343452 1.77024e-05 7.53147e-05 0.358162 0.000684254 8.19716e-05 0.000339341 0.00145627 0.00900334 2.63171e-05 0.00185212 7.2326e-05 0.00288513 0.0228018 
0.0425857 0.131032 0.00257339 0.000285773 0.00676282 0.0473843 0.0130466 0.0206261 2.5276e-05 0.000106837 0.102931 0.1244 0.0472431 0.0227526 0.000220239 0.000205612 0.366955 6.95854e-05 0.000794993 0.000162037 0.00156798 0.0102091 5.5365e-05 0.00231119 0.000143408 0.00261571 0.0529348 
0.0157043 0.0250117 0.0831335 0.0110358 0.067612 0.00190558 0.00748469 0.00184685 4.60654e-05 0.000501612 0.180354 0.0693568 0.084461 0.0111087 0.000696344 4.9123e-09 0.190715 0.000196074 0.000722021 0.0614075 0.0181146 0.0274503 2.19805e-06 0.0162964 6.91135e-05 0.0154583 0.10931 
0.00362149 0.11349 0.00040757 0.000199258 0.00280444 0.0203265 0.0175538 0.000599744 3.13672e-05 0.000105702 0.0269574 0.132998 0.0450142 0.00602484 1.99088e-05 0.000342462 0.535034 0.00011486 5.62791e-05 0.000151311 0.000891833 0.0138313 9.22381e-05 0.00345027 0.000242712 0.00230993 0.0733289 
2.37739e-06 0.00155954 1.67208e-05 0.00214039 0.00876477 2.9634e-09 0.00131678 6.25761e-05 9.98606e-07 2.82321e-07 0.0613721 0.021905 0.000968686 0.000180145 2.72564e-05 4.07258e-12 0.880089 3.73261e-08 1.35515e-06 6.59965e-09 0.0123253 0.0023797 1.15045e-08 0.00414339 3.60953e-06 0.00102188 0.00171787 
0.00188425 0.00116648 0.00948659 1.48552e-08 0.0483763 0.00646789 1.96488e-05 4.70988e-05 5.16122e-08 6.73167e-07 0.0341638 0.0285064 0.004377 0.00147383 3.90566e-05 1.10519e-06 0.633229 1.59077e-06 2.8322e-05 0.112306 0.0366144 0.00827463 4.49059e-05 0.00173839 4.2303e-05 0.0466496 0.025061 
0.134859 0.0119191 0.0134278 0.000227492 0.148321 0.0467823 0.00646518 0.0055458 0.00115212 5.89377e-05 0.070997 0.0481595 0.00568141 0.0350766 0.000159935 9.74041e-06 0.399912 0.000507154 0.000281257 0.00502683 0.00860987 0.0186114 0.000147182 0.00454591 0.0155294 0.0102549 0.00773144 
0.000841234 0.00653746 0.00539836 0.000407751 0.102181 0.01306 0.014645 0.00763277 0.000612395 1.63427e-06 0.22792 0.0954306 0.00846964 0.00910519 3.03707e-05 5.93068e-09 0.386731 4.91533e-05 3.89869e-05 0.000175844 0.0140557 0.00549406 3.16385e-05 0.00374852 3.65021e-05 0.0384539 0.0589112 
0.00473361 0.00744175 0.000815375 0.00429923 0.022833 0.00247836 0.00316164 0.00160155 1.11816e-05 0.000123377 0.256227 0.0530502 0.0208959 0.00490304 7.99113e-05 1.03953e-10 0.26492 5.94158e-07 0.0596457 0.00404711 0.0360248 0.127086 2.25556e-08 0.0181 1.5027e-05 0.00297173 0.104534 
0.00710097 0.0122383 0.010866 0.000747388 0.0907861 0.00316769 0.00403193 0.264922 0.000448626 1.05913e-06 0.0727268 0.0168077 0.00966315 0.0135364 0.000373333 7.56356e-06 0.428313 0.000714347 0.000315474 0.000102979 0.0289554 0.00301808 0.00748216 0.00621744 7.78138e-05 0.0107496 0.00662867 
0.0432825 0.0026048 0.19858 5.96349e-06 0.058325 0.136348 0.000254916 1.02144e-06 4.30097e-05 2.08127e-06 0.07676 0.0271299 0.0018137 0.0120147 1.29154e-05 2.53784e-09 0.270749 3.59424e-08 0.000150081 7.92674e-05 0.00751251 0.0181591 0.000314114 0.00391106 6.97105e-05 0.135876 0.00600044 
0.00132113 0.00362212 0.000749772 0.00531236 0.00392053 0.000123916 0.00751048 0.00321727 5.61368e-05 4.92789e-06 0.0274012 0.0441598 0.00417731 0.00111429 1.39301e-05 1.44595e-08 0.792361 1.61908e-05 0.00392923 8.508e-05 0.000368908 0.0537246 5.99633e-12 0.00723332 8.83144e-05 0.00914147 0.0303468 
0.000461965 0.0182378 0.183428 0.00695187 0.0277533 0.000989458 0.0267798 0.00349516 0.0023368 0.000142509 0.0791246 0.0488906 0.0498124 0.0151289 2.98368e-05 5.22486e-05 0.37454 0.0128603 0.000261164 0.0126255 0.0388113 0.00797346 2.09743e-05 0.0205146 0.00083858 0.00437323 0.0635665 
0.000312141 0.0117538 0.0988732 0.0867218 0.169804 0.00557129 0.0062778 0.0191714 0.000480271 0.000693989 0.110254 0.115595 0.0046566 0.0308461 3.8903e-05 1.48719e-06 0.254991 4.64194e-05 0.000294796 0.000423448 0.00928906 0.00821268 0.0173287 0.0166672 7.04162e-05 0.0252606 0.00636388 
0.00121218 0.00243588 0.000187767 0.000991392 0.0114602 0.000132957 0.0921657 0.000342286 0.000335332 5.29456e-06 0.0185359 0.0999755 0.0101366 0.00175819 0.000346579 8.27139e-07 0.579431 0.00133854 5.15354e-05 3.89445e-06 0.010651 0.00346319 0.000104771 0.00274979 8.39472e-05 0.017727 0.144373 
0.00205323 0.0138724 0.000669386 0.00240863 0.0398186 0.000866839 0.015086 0.00306106 0.000223708 5.52232e-06 0.0886068 0.0923791 0.0194044 0.0145338 4.23515e-05 1.75536e-07 0.617096 0.00185685 0.000489654 1.59903e-05 0.0222081 0.0286097 0.00209451 0.0147912 0.000782011 0.0124629 0.00656096 
0.000561954 0.00861485 0.000447307 0.015078 0.024075 0.00058256 0.0063818 0.0027852 1.69079e-05 8.71223e-06 0.042914 0.0252334 0.00756079 0.00694346 0.000121463 1.88473e-08 0.471402 1.77353e-05 8.55628e-05 4.45424e-05 0.00267626 0.333939 2.40579e-06 0.00245072 1.63079e-05 0.0144068 0.0336328 
0.0184767 0.0157705 0.00285151 0.00123451 0.0355658 0.00343044 0.15662 0.00813819 0.000212011 5.59757e-07 0.036287 0.166269 0.00921846 0.0186035 7.75727e-05 8.31657e-06 0.304685 0.00014767 0.000349502 8.17378e-05 0.00644227 0.00833939 0.00398921 0.0773494 0.000121715 0.00413685 0.121593 
0.00017075 0.00504096 0.000209921 0.00175107 0.00754391 0.000201983 0.00799115 0.000119765 4.80765e-05 3.45394e-07 0.044523 0.0402691 0.00197578 0.00163819 1.50331e-05 1.03701e-11 0.844413 2.8398e-05 0.000183215 2.31978e-07 0.0057756 0.00647992 1.94602e-06 0.00269952 1.40054e-05 0.00114795 0.0277572 
0.00013982 0.00450006 0.0111068 5.47405e-05 0.0150555 6.42772e-05 0.00335799 1.06407e-06 0.000509531 2.55104e-09 0.242351 0.0237154 0.00498761 0.00118087 1.8142e-05 4.45815e-11 0.638244 8.4592e-05 2.58794e-06 4.77746e-05 0.0130209 0.000918737 0.00691933 0.0305948 8.20425e-06 1.5299e-06 0.00311507 
0.00845346 0.0449883 0.0765808 0.01339 0.05178 0.0139092 0.00383263 0.120187 0.00238102 5.7787e-05 0.153106 0.0693474 0.0401605 0.0269149 0.000132805 0.00330402 0.244497 0.0164124 0.00516164 0.0025503 0.00266312 0.019074 0.00644118 0.0480569 0.00317081 0.0121662 0.0112815 
0.00251869 0.0144488 0.00492499 0.000491758 0.0324021 0.00138108 0.186978 0.000443914 0.000503172 4.10266e-06 0.0837022 0.0866875 0.0167135 0.00665623 0.000234348 4.66981e-07 0.456545 0.0083968 0.00560116 0.000219602 0.00924716 0.0192365 0.00419283 0.00700586 0.00213727 0.0110582 0.0382686 
0.000395285 0.0585094 0.00721491 0.0117283 0.103315 0.0504148 0.0197962 0.0191503 7.90312e-05 2.86349e-05 0.0994603 0.0142509 0.0885404 0.0351038 2.30995e-05 5.78602e-05 0.309498 0.000125117 0.00320873 0.000148563 0.00235613 0.0627925 0.000298128 0.0331763 4.58707e-05 0.0588874 0.021395 
0.00355598 0.00204913 0.0324916 0.00102702 0.0114327 0.000174135 0.0734349 0.00219292 0.00191679 6.31811e-05 0.210662 0.0748559 0.0125915 0.000790874 2.30241e-05 4.63584e-08 0.436383 2.61545e-05 8.80852e-05 0.0154858 0.0166678 0.0362355 0.00105736 0.00668471 8.88203e-05 0.00534015 0.0546814 
0.00372556 0.00805069 0.000728486 0.000694868 0.0180081 0.000113515 0.0017131 0.00197497 1.46817e-06 1.14916e-07 0.0774374 0.055209 0.0347585 0.00150947 1.05312e-05 8.76559e-08 0.736871 2.29295e-05 8.5591e-05 2.67292e-05 0.0114577 0.0203018 1.21521e-05 0.00516351 3.2678e-05 0.0184328 0.00365721 
0.000984281 0.00630864 0.000258105 0.0025845 0.0196017 9.25908e-05 0.0317268 0.000182065 5.19143e-05 8.25799e-06 0.0282462 0.0545811 0.0262891 0.000741169 1.5039e-05 7.12011e-07 0.567445 0.000494243 0.000248672 8.31184e-05 0.0321379 0.0247251 0.00010241 0.00103173 0.000855738 0.0962836 0.104921 
0.00837127 0.0515991 0.00538121 0.0526364 0.0206165 0.0116957 0.00561938 0.015663 9.53712e-07 1.9021e-07 0.106601 0.20248 0.0463773 0.0131633 1.0837e-05 2.37832e-07 0.414121 0.0233019 0.000918114 0.000134235 0.0101099 0.00482134 0.000489243 0.00123408 3.0561e-05 0.00173672 0.00288608 
1.90949e-08 0.000856612 5.56547e-05 7.34493e-05 0.0261347 2.68332e-09 0.00069666 3.15088e-09 3.3147e-06 9.34051e-07 0.0312631 0.00666213 0.000504454 0.000487509 3.367e-05 9.16311e-13 0.887783 3.38074e-08 2.02023e-09 5.97566e-09 0.0410833 0.000515732 6.32456e-09 0.000258366 1.20201e-05 0.00340565 0.000170017 
0.000195378 0.00492465 0.000232933 0.000972081 0.0082002 1.4589e-05 0.0133923 4.43985e-05 8.96994e-05 6.40221e-07 0.0344305 0.0318261 0.00233315 0.000424156 1.8742e-05 4.67929e-12 0.843225 4.28009e-05 0.000102618 3.68307e-07 0.00904276 0.00380516 6.90652e-07 0.00204515 2.61302e-05 0.00123523 0.043375 
0.0242385 0.0651806 0.000344789 0.0111238 0.00647942 0.00058074 0.0571138 0.00060979 9.3088e-06 0.000800707 0.0231042 0.149198 0.138284 0.00138708 0.000230987 1.77257e-10 0.276314 0.00230148 0.00129446 0.000264115 0.000755506 0.0507284 0.0370225 0.0068625 0.128459 0.00375728 0.0135545 
0.0046024 0.0178216 0.0228945 0.00312705 0.052008 0.00304931 0.0637969 0.00141039 0.00134315 8.58739e-05 0.272525 0.109816 0.0327878 0.00624047 0.000314636 0.00155416 0.298461 0.000165741 0.00099602 0.000758188 0.00774977 0.0177 0.00466377 0.0397206 0.00173823 0.0105661 0.0241029 
0.117649 0.0108631 0.0154552 0.00353927 0.223485 0.000521897 0.00168799 2.63658e-07 3.49682e-08 5.83219e-07 0.205153 0.0695019 0.00920364 0.0205557 9.4095e-06 1.7365e-11 0.23715 6.43203e-09 0.000949226 1.216e-07 0.0169165 0.0189572 1.71366e-11 0.0121857 2.11779e-05 1.68921e-06 0.0361918 
4.46087e-07 0.00339307 0.00995455 4.46246e-07 0.041612 0.0166008 0.00584764 4.46112e-07 4.46029e-07 0.000981317 0.222618 0.0146886 0.0891569 4.46376e-07 4.45381e-07 4.45679e-07 0.43208 0.00356617 4.45577e-07 4.45818e-07 4.46351e-07 0.0647689 4.4569e-07 0.0201304 4.46376e-07 0.0125453 0.0620514 
0.0433974 0.0192864 0.00393423 0.0703108 0.0880956 0.00257446 0.00922436 0.0545155 7.92815e-06 0.000225809 0.0809186 0.0737911 0.163611 0.0349055 2.23069e-05 1.75612e-10 0.237148 0.0045655 0.000700843 0.000357589 0.0111429 0.0306729 0.000382374 0.0344377 2.84416e-05 0.00918974 0.0265528 
0.000175948 0.000594641 1.67068e-05 0.000123629 0.0141577 8.35762e-06 0.00225511 4.34299e-05 1.6564e-05 1.58476e-06 0.0153056 0.0146676 0.00052835 0.000420621 2.23149e-05 8.11796e-09 0.896948 1.88313e-05 1.29907e-09 3.84087e-09 0.0189135 0.00406481 5.59374e-09 0.000634009 2.19704e-05 0.0304518 0.000608726 
0.00103625 0.0258672 0.00633849 0.00066195 0.039753 0.00259954 0.0100858 0.00125461 0.00115361 4.78634e-07 0.150393 0.24081 0.0202652 0.00870062 6.4238e-05 2.8757e-10 0.255786 0.000103798 0.000177052 8.66863e-05 0.00813412 0.0105615 0.000184005 0.0192678 1.81611e-05 0.0173658 0.179331 
1.98242e-07 0.00351753 1.4203e-08 4.67725e-07 4.10903e-07 1.01206e-07 1.50793e-07 4.70319e-07 1.06999e-11 1.45448e-11 0.036733 0.0302294 2.47211e-07 0.0054231 7.35685e-08 1.81864e-11 0.910677 4.17938e-08 6.38662e-07 1.53764e-09 1.76185e-07 0.0134159 7.18066e-08 7.85315e-07 3.32019e-12 9.20734e-08 3.13229e-07 
8.0817e-05 0.0205897 0.0855491 4.77174e-07 0.0147019 0.0258594 5.35933e-07 0.0432029 6.17009e-07 2.01533e-06 0.0558244 9.51129e-06 0.0714947 0.0318311 6.5196e-07 5.09062e-11 0.398429 0.00189925 0.00810746 7.33015e-07 2.50662e-06 3.59623e-06 0.0020266 0.0559984 0.18438 2.24716e-07 4.69237e-06 
7.99335e-05 0.00845273 6.10203e-05 0.0126385 0.0235346 2.35248e-05 0.0841589 0.000157706 9.79963e-05 2.84785e-06 0.0554472 0.151524 0.0282371 0.000457369 2.77561e-05 2.15605e-08 0.461401 0.000587861 0.0041792 3.01143e-05 0.0379445 0.00775204 2.53635e-06 0.00443564 0.00360912 0.00445192 0.110705 
1.89813e-07 0.0141701 0.0609692 0.0235834 0.145314 0.00639914 0.00603982 0.00795378 1.89788e-07 0.000588298 0.137148 0.023727 0.0811167 0.0250147 0.000928799 1.89639e-07 0.322226 0.000588118 0.000739615 0.00557729 0.0158779 0.0409878 0.00117598 0.00921134 0.00379889 0.0133354 0.0535282 
0.00162271 0.00578022 0.000176159 0.0114345 0.00625396 0.000137972 0.00035995 0.000337772 1.50544e-05 4.06729e-09 0.0108237 0.0276561 0.00144602 9.84704e-05 2.41565e-06 3.76186e-08 0.910422 3.68244e-07 2.99236e-07 0.000227642 0.00052178 0.0132315 0.000220287 0.00229771 9.38649e-06 5.08129e-07 0.00692379 
0.0296067 0.00638954 0.00434424 0.00495958 0.0531398 0.00404682 0.000690462 0.00234291 6.45853e-06 6.53903e-05 0.0681345 0.0420967 0.0111814 0.0111898 2.86873e-05 4.85674e-12 0.633568 6.64503e-05 0.000371751 0.0301917 0.0375331 0.00216667 0.000126523 0.0127364 0.0169176 0.000511658 0.0275873 
0.00238563 0.0025623 0.00107349 0.00202812 0.0112412 0.00123273 0.0310389 0.00131257 1.11317e-05 1.17099e-05 0.0695426 0.0148931 0.368521 0.000415237 0.000383774 1.10557e-07 0.437125 4.0022e-05 1.87499e-06 0.0098534 0.00532012 0.00671389 0.000120732 0.00376304 8.63226e-05 0.0222975 0.00802454 
1.13335e-07 0.00189362 0.0309242 0.000236978 0.104299 1.59254e-08 0.000888771 3.43298e-08 0.000115974 2.14401e-09 0.35485 0.00684581 0.00528169 0.00508263 4.40159e-08 1.67445e-12 0.457361 2.00657e-07 6.47405e-05 0.000120616 0.0244772 0.000323987 1.65243e-12 0.00154396 7.82613e-09 1.3032e-06 0.00568848 
0.00613665 0.00540985 0.00282163 0.00252701 0.0211682 0.0013711 0.00675119 0.00284796 3.34504e-05 3.40629e-05 0.141671 0.044628 0.0276123 0.00232869 6.24138e-05 2.05255e-05 0.632737 0.000168438 0.00181804 9.83199e-05 0.0178832 0.0245168 8.41156e-05 0.0171396 0.00284574 0.00913708 0.0281472 
0.00121238 0.0124629 0.0102813 0.00673094 0.0450791 0.00941934 0.01262 0.00907743 0.000583715 6.7828e-06 0.21004 0.141103 0.0258462 0.0195157 1.16726e-05 3.25746e-07 0.23613 0.134225 0.0493523 1.34128e-07 0.00940157 0.0098328 4.88465e-09 0.0327035 1.65973e-06 0.00332999 0.0210317 
0.135704 0.0120492 0.00454682 0.0452317 0.0788092 0.00239746 0.00384219 0.0518482 0.00132775 3.7567e-06 0.172287 0.0730244 0.0431856 0.00562656 2.29613e-05 0.000296709 0.233305 0.00041528 0.00158263 0.000135714 0.0081003 0.0318396 6.04098e-05 0.0156234 0.00205166 0.0278152 0.0488672 
0.00317227 0.00417127 0.00277101 0.000398958 0.0425709 0.000844911 0.0509142 0.000711785 0.000630135 0.00106867 0.0903846 0.14321 0.0395 0.176 2.96594e-05 6.39381e-11 0.193733 2.68226e-06 5.57478e-05 7.31895e-06 0.00287647 0.178166 6.30821e-05 0.00851753 4.25545e-05 0.000131397 0.0600259 
0.00104472 0.00132006 0.00717725 0.000132066 0.0208263 0.000426426 0.023788 0.00101054 0.000344093 2.9668e-08 0.265405 0.285968 0.00242153 0.00270193 1.3279e-06 3.34214e-11 0.350768 2.01267e-05 0.000263713 0.000105531 0.00338779 0.00251851 2.06549e-06 0.000534975 1.11427e-05 0.00143384 0.0283871 
1.90255e-07 0.0181739 3.19227e-08 0.00132092 0.0163715 0.00224217 0.0309596 0.0105269 0.00515175 4.66924e-09 0.0274811 0.093743 0.0120289 0.00284265 1.52218e-05 4.34574e-08 0.57284 3.39184e-05 2.53971e-09 1.21494e-08 1.21784e-07 0.0685711 4.70617e-07 0.124117 6.93268e-05 5.87565e-07 0.0135096 
0.00107467 0.0475666 0.0079114 0.00206544 0.145894 0.000903075 0.0200038 3.47542e-05 0.000145029 3.74969e-07 0.183895 0.112543 0.0542831 0.0134702 0.000209844 1.50399e-07 0.289023 1.85151e-05 2.99441e-07 0.000252047 0.0182135 0.0261227 4.31252e-07 0.0157871 0.000111364 0.0245292 0.0359411 
0.00902098 0.0295653 0.00663649 0.0159663 0.0285508 0.00194263 0.00926017 0.000879191 0.000195168 2.8716e-06 0.18528 0.162436 0.0541623 0.00254713 1.08829e-05 2.01239e-07 0.269597 0.0215604 0.00061207 5.94663e-06 0.00122369 0.119887 0.000290885 0.031715 0.000603916 0.000907982 0.0471401 
3.3411e-11 0.00818959 1.19663e-11 2.14716e-11 4.19124e-12 2.17086e-11 0.00285568 3.16471e-11 3.78716e-11 5.14805e-11 0.145262 0.222714 0.00707298 1.17063e-11 8.67684e-11 6.43696e-11 0.523205 0.00160312 7.19881e-11 5.38852e-11 0.000228487 0.00811995 6.3523e-11 0.0807485 1.17516e-11 7.32317e-12 9.22335e-12 
0.00978061 0.000566034 7.53406e-05 0.0234963 0.101688 1.55592e-07 0.141418 7.83374e-05 0.00123148 2.18451e-06 0.0228551 0.0200245 0.0210039 0.000835883 2.26453e-05 4.10469e-09 0.340078 3.20901e-05 0.000171551 4.24419e-08 0.000839717 0.0360528 3.73459e-06 0.0041938 0.000139947 0.0150378 0.260372 
0.000495517 0.00200388 0.00117929 5.46979e-05 0.00827497 0.000335201 0.0126753 0.000119229 2.91094e-05 6.17669e-08 0.0836983 0.117222 0.00229379 0.000975021 2.53239e-05 7.13781e-12 0.654405 0.000340595 8.78317e-06 9.19479e-05 0.0128896 0.00273629 1.019e-05 0.00120983 1.96223e-05 0.056209 0.0426969 
0.000762287 0.00729823 0.000216735 0.00759114 0.0264197 0.000346929 0.0882626 0.0021709 4.65136e-05 1.29046e-06 0.0252748 0.0826557 0.0422586 0.00124114 9.59853e-05 4.705e-09 0.54541 0.00194718 0.000466046 0.00148879 0.0498043 0.00925515 1.16021e-06 0.00370303 0.00171394 0.00307238 0.0984951 
0.00180463 2.46514e-08 0.00989613 1.51842e-08 0.0746232 0.00835741 3.27244e-05 7.8449e-05 5.20666e-08 1.06864e-06 0.0126856 0.0285138 0.00305724 0.000309981 6.50369e-05 9.32281e-07 0.53263 2.66258e-08 4.71361e-05 0.152114 0.0610234 0.00728768 7.47609e-05 7.65751e-05 7.04682e-05 0.0777486 0.0295007 
0.000259117 0.00822278 0.0268594 0.00234047 0.158957 0.00221748 0.0549259 0.0431342 0.000152852 1.77581e-06 0.0531748 0.038049 0.00465595 0.0190596 0.000331539 6.02804e-10 0.197827 4.84474e-08 1.8169e-05 0.000138252 0.186317 0.0175054 0.00410499 0.00451488 1.10051e-10 0.12446 0.0527711 
0.00725684 0.11952 0.014331 9.55063e-07 0.0133787 0.00582683 9.55291e-07 9.54776e-07 9.54599e-07 9.54214e-07 0.121454 0.0494957 0.0384123 0.0245532 9.53212e-07 9.53849e-07 0.462372 9.63466e-05 9.53631e-07 0.00772954 9.55288e-07 0.0267501 9.53872e-07 0.0774731 9.55342e-07 9.55466e-07 0.0313385 
0.00104472 0.00132006 0.00717725 0.000132066 0.0208263 0.000426426 0.023788 0.00101054 0.000344093 2.9668e-08 0.265405 0.285968 0.00242153 0.00270193 1.3279e-06 3.34214e-11 0.350768 2.01267e-05 0.000263713 0.000105531 0.00338779 0.00251851 2.06549e-06 0.000534975 1.11427e-05 0.00143384 0.0283871 
0.00429205 0.0103746 0.00923862 0.000439332 0.0910966 0.0022063 0.00445616 0.000375353 0.00173459 2.40713e-05 0.0428661 0.053419 0.0047161 0.0269211 8.98999e-05 2.37259e-07 0.388631 3.87385e-06 0.000126766 2.718e-05 0.0396151 0.00622308 0.231721 0.0104056 0.00138529 0.0641557 0.00545518 
0.0157734 0.0167207 0.0249476 0.000103407 0.0536071 0.0116253 0.0353944 0.00185336 7.5483e-05 4.09618e-08 0.118115 0.0640782 0.0490116 0.0480569 8.62433e-05 4.27942e-08 0.443012 0.0157779 0.000109661 0.000219271 0.0306026 0.00465517 0.000115145 0.00199893 1.30635e-05 0.0491063 0.0149408 
0.000624317 0.00248793 0.000785101 5.88602e-05 0.0129371 0.000379514 0.0129951 5.91748e-08 0.000201329 1.01672e-07 0.0342932 0.0651245 0.00133706 0.00185021 0.000148469 2.13866e-11 0.805788 4.8973e-05 8.84794e-06 3.74512e-07 0.0205874 0.00218151 4.58517e-05 0.0033736 3.44802e-05 0.00581455 0.0288938 
0.00985888 0.026428 0.0014082 0.0217847 0.0702319 0.000816939 0.00825555 0.000414482 3.83687e-05 2.92538e-05 0.150287 0.111662 0.0239958 0.0588649 1.64725e-05 0.000119172 0.356873 0.000883431 0.000760526 3.91225e-05 0.0246371 0.0303341 3.24435e-05 0.00424544 7.12044e-06 0.0459341 0.0520418 
0.014002 0.0027013 0.184786 6.54294e-05 0.163454 6.36924e-05 0.00334365 0.00830056 6.74299e-06 3.03226e-06 0.142168 0.0613659 0.0128285 0.105122 2.1696e-06 0.00106427 0.231262 0.000233237 0.0001225 0.00227047 0.04342 0.00248095 0.000116184 0.00255805 2.04856e-06 0.00625603 0.012001 
0.0012056 0.00639395 1.67535e-05 0.0133266 0.0323059 8.37626e-06 0.0056758 0.00337895 1.11859e-05 5.85621e-06 0.023802 0.0617115 0.0110415 0.000362812 0.000106801 2.32431e-08 0.753654 1.88906e-05 4.40809e-09 1.30204e-08 0.0184703 0.0272403 9.27909e-12 0.000439763 5.74707e-06 0.0304524 0.0103647 
0.00342788 0.0364012 0.0272588 0.0162662 0.0778499 0.00481678 0.0263269 0.0228107 0.00188118 4.82501e-06 0.08387 0.0498318 0.107248 0.0214717 0.000109812 0.000135696 0.283552 0.00104431 3.84559e-05 2.07422e-05 0.0181159 0.167696 0.000338578 0.0119979 0.00155116 0.00552243 0.0304107 
