0.000177925 0.0279116 0.0142676 0.00152681 0.0306352 0.000662707 0.0722986 0.00272703 0.00417923 1.27371e-06 0.150623 0.0246381 0.0700571 0.00289861 4.18029e-05 5.91945e-09 0.364889 9.35198e-05 0.000339955 0.000114395 0.0205043 0.0111809 0.11583 0.0133848 0.00527455 0.022241 0.0435016 
0.00536117 3.58245e-08 0.0002862 0.000101987 0.00556239 5.0533e-09 7.3183e-05 3.79738e-05 5.03909e-10 6.2288e-07 0.0316574 0.00237708 0.0013823 9.75156e-05 4.82702e-05 9.18468e-12 0.797954 1.50597e-08 1.23519e-07 0.000307592 0.00108289 0.00344966 6.56903e-08 0.000242054 1.80935e-05 0.00118275 0.148777 
0.0145267 0.00768675 0.00480343 0.00718333 0.0646959 0.0102306 0.00448665 0.00253366 0.000760746 1.5766e-05 0.220978 0.110777 0.0372349 0.0803381 0.000494841 0.000112116 0.238534 0.000234748 0.00118946 8.87235e-05 0.016446 0.0107565 2.77255e-05 0.00522358 1.1137e-05 0.00531105 0.155319 
1.90949e-08 0.000856612 5.56547e-05 7.34493e-05 0.0261347 2.68332e-09 0.00069666 3.15088e-09 3.3147e-06 9.34051e-07 0.0312631 0.00666213 0.000504454 0.000487509 3.367e-05 9.16311e-13 0.887783 3.38074e-08 2.02023e-09 5.97566e-09 0.0410833 0.000515732 6.32456e-09 0.000258366 1.20201e-05 0.00340565 0.000170017 
0.00240693 0.00396928 0.0270163 0.00941409 0.0232332 0.000132257 0.0191619 0.0150907 3.69371e-05 1.61665e-05 0.0526543 0.0142292 0.00433709 0.0161948 1.23393e-05 4.19198e-07 0.654935 6.3231e-05 0.000785471 0.0137694 0.0365576 0.019318 2.78143e-06 0.00301045 7.34872e-05 0.0400105 0.0435678 
0.0935738 0.0308395 0.0124472 7.51087e-08 0.0464968 0.0116527 0.00164601 0.0431882 0.000491965 0.000139859 0.102424 0.183906 0.0307717 0.0251694 5.8804e-05 1.60583e-07 0.209145 4.37448e-07 2.5537e-07 0.00049807 0.00283276 0.0419358 3.50374e-07 0.0806845 0.0766585 0.000426883 0.00501013 
0.00184349 0.00368386 0.00159302 0.0461935 0.00106527 0.00012738 0.000310857 3.4021e-05 1.8895e-05 1.79164e-06 0.125015 0.0428767 0.0108903 0.000193743 2.29736e-05 9.79011e-12 0.617086 3.80158e-06 0.000184008 7.75768e-05 0.000840545 0.000153 4.94395e-06 0.00244057 9.98937e-06 0.000417877 0.144911 
0.133319 0.0218896 0.00111636 0.00132579 0.0674088 7.90934e-08 0.0022947 0.000286629 5.24318e-08 2.95334e-07 0.0963473 0.270804 0.001085 0.0285651 5.70422e-08 2.25597e-10 0.309257 5.28856e-08 3.67615e-06 1.67273e-07 0.00560701 0.00832936 2.2263e-10 0.0283175 1.09283e-05 0.0011363 0.0228959 
0.000130769 0.00313456 4.95933e-09 0.00166573 0.00108384 2.16516e-07 0.0115731 0.000222105 0.000111249 6.00615e-07 0.0645342 0.11512 0.0181321 6.65665e-05 1.20811e-06 9.96979e-12 0.659715 1.55193e-05 0.000451974 5.97644e-09 1.15969e-05 0.0164736 6.33298e-08 0.00921636 3.1059e-05 4.59085e-06 0.0983041 
0.0111342 0.00292477 0.00120213 0.000641764 0.00313315 6.73386e-05 0.00040319 0.000188183 1.87227e-05 2.90029e-06 0.28901 0.14921 0.0250124 0.00183913 7.55658e-06 1.41275e-11 0.449792 5.50884e-05 1.05787e-05 5.07089e-05 0.00915081 0.00186363 1.02697e-07 0.000268483 6.10207e-06 0.0160423 0.0379645 
0.00257841 0.0151758 0.0681245 0.00253445 0.155177 6.77778e-05 0.00314188 0.00466059 9.69428e-07 6.18717e-07 0.175435 0.0644962 0.0361641 0.060873 7.23425e-05 1.16647e-09 0.259856 3.91608e-08 0.00707656 0.000153244 0.00928711 0.0178136 1.15113e-09 0.0981308 1.10514e-06 0.00125171 0.0179272 
0.00175185 0.00339974 0.000632584 0.0276184 0.0401875 6.39195e-05 0.0626726 0.000142106 1.58448e-05 7.56921e-06 0.0556259 0.0801753 0.0493855 0.0019838 8.13307e-05 7.33825e-07 0.353821 0.00104627 0.00111724 3.12688e-05 0.0147483 0.0778256 0.000117099 0.00521582 0.00338847 0.00485529 0.214089 
0.165888 0.00151038 0.000224015 0.000562575 0.0476075 0.000306428 9.91291e-05 0.00272613 2.84799e-11 6.20955e-07 0.287788 0.143274 0.0229453 0.00185815 5.5992e-06 4.84066e-11 0.294032 1.28372e-06 6.40736e-05 0.000127753 0.00295925 0.00556936 6.71536e-08 0.0104961 1.81362e-06 0.00411912 0.00783357 
0.00223566 0.000144614 0.111765 5.47357e-05 0.0253497 0.000151092 2.4039e-05 0.0110942 0.000204835 2.06816e-06 0.0608372 0.309289 0.0374427 0.0108388 4.52579e-06 0.000117029 0.355494 2.4543e-05 1.82547e-05 2.11099e-05 0.000545957 8.19728e-05 0.00131399 0.0729272 4.7916e-06 8.01837e-06 5.67691e-06 
0.00138815 0.00097435 2.80937e-05 1.99407e-08 0.000242983 8.32746e-08 0.0646783 9.76046e-08 6.90495e-08 1.75762e-09 0.025605 0.140832 0.00297614 7.39353e-05 2.40798e-09 4.06439e-12 0.485183 3.43847e-08 0.00183505 2.2988e-09 0.000185808 0.00632498 0.255269 0.0108357 0.000308695 0.000194151 0.0030648 
3.5652e-07 2.38837e-06 0.148931 7.6148e-08 0.0122883 3.71832e-07 0.0207164 0.00163677 4.98521e-05 3.0339e-07 0.300763 0.0132051 0.0118612 0.00263787 4.04266e-05 7.70555e-11 0.390442 4.07125e-06 8.99509e-08 4.92455e-07 0.00122989 0.00101723 0.000120272 0.00103827 1.31249e-05 1.85403e-07 0.0940011 
0.000595086 0.0341534 0.0552854 0.00284417 0.00819823 0.00829907 0.105945 0.0178672 0.000971658 6.01505e-06 0.0691973 0.015953 0.0505428 0.0318314 0.000472809 1.97762e-10 0.462363 0.0125443 0.000556845 0.00017867 0.000794015 0.00769178 0.000457154 0.00302032 0.00149791 0.00630549 0.102428 
0.00818019 0.205332 0.00404343 0.000637627 0.0163231 0.00531988 0.0100934 0.00149741 1.36537e-07 0.000743103 0.096556 0.145148 0.0734266 0.037386 1.60625e-05 0.0046048 0.268452 0.000138229 0.00012053 1.77426e-05 0.00379877 0.0249775 0.000325102 0.0678729 1.00986e-05 0.00399894 0.0209804 
0.00017075 0.00504096 0.000209921 0.00175107 0.00754391 0.000201983 0.00799115 0.000119765 4.80765e-05 3.45394e-07 0.044523 0.0402691 0.00197578 0.00163819 1.50331e-05 1.03701e-11 0.844413 2.8398e-05 0.000183215 2.31978e-07 0.0057756 0.00647992 1.94602e-06 0.00269952 1.40054e-05 0.00114795 0.0277572 
9.8345e-07 0.0327443 0.000366876 1.45426e-05 0.00663006 0.0162305 0.000343592 0.0190895 0.000311983 2.9888e-10 0.020178 0.000953778 0.0210003 0.00899619 5.03751e-10 3.7371e-10 0.365254 0.193347 4.17941e-10 0.000376927 1.18942e-05 5.84279e-07 3.20465e-05 0.314084 8.82238e-08 4.25161e-11 3.24182e-05 
0.00138815 0.00097435 2.80937e-05 1.99407e-08 0.000242983 8.32746e-08 0.0646783 9.76046e-08 6.90495e-08 1.75762e-09 0.025605 0.140832 0.00297614 7.39353e-05 2.40798e-09 4.06439e-12 0.485183 3.43847e-08 0.00183505 2.2988e-09 0.000185808 0.00632498 0.255269 0.0108357 0.000308695 0.000194151 0.0030648 
0.0281314 0.0317865 0.00165534 0.00240347 0.0340185 0.00126223 0.01781 0.00104121 0.000110873 1.38623e-05 0.0923438 0.183174 0.0989168 0.0101514 3.42992e-05 1.36258e-07 0.223532 0.00241659 0.000323806 0.00134375 0.00220681 0.0457229 7.66306e-05 0.00849643 0.0356247 0.00232599 0.175077 
0.000228271 0.00500066 0.0526551 0.00124184 0.0636126 0.000132265 0.0166159 0.000302026 2.77506e-07 2.53701e-07 0.00528011 0.0303761 0.170655 0.0170355 4.49991e-09 2.97196e-07 0.296905 8.22999e-08 4.46832e-05 2.79455e-09 0.0153705 0.0139319 9.00457e-07 0.25935 0.000105818 0.000617056 0.0505374 
0.000431353 0.0227874 0.000511272 0.00145519 0.0124107 0.000712763 0.0619712 0.06312 0.000316234 1.37121e-05 0.197694 0.103889 0.0566366 0.00742728 0.000656373 0.000211978 0.322894 1.03102e-05 0.000323458 1.9062e-05 0.000787969 0.0173072 0.00351084 0.0263122 5.39462e-05 0.00238621 0.0961492 
0.00109509 0.00024966 8.3986e-05 1.10395e-06 0.00271853 1.64237e-05 0.00758487 0.000132189 0.000203734 3.15389e-07 0.0175316 0.114861 0.00438032 0.000214079 6.66335e-06 1.26975e-08 0.767246 4.188e-06 3.08898e-12 1.28894e-08 0.00172525 0.00461377 2.07423e-08 0.00178319 3.57589e-05 0.00345443 0.0720569 
0.00222523 0.00111184 0.00164784 0.000684259 0.0143268 0.000194713 0.00146511 0.000929796 4.75831e-06 0.000287484 0.117492 0.0244022 0.00778911 0.00119605 1.29661e-05 2.98872e-06 0.627401 4.8519e-05 1.63853e-06 0.0144725 0.0570292 0.00799452 9.99682e-06 0.00548791 0.0684257 0.0181343 0.0272214 
2.47136e-06 0.00416338 0.022133 0.0042523 0.0110781 0.000370648 0.00093113 0.000380171 1.03638e-06 3.02664e-07 0.0909067 0.0060469 0.01854 0.00153953 2.74487e-05 4.77521e-11 0.798089 5.24289e-05 2.29975e-05 3.50525e-08 0.0123275 0.00144255 4.02645e-05 0.0264625 5.93523e-05 0.00102297 0.000106965 
0.00196379 0.0260145 0.00724343 0.00763101 0.0214225 0.0039735 0.0503271 0.000672834 0.00318102 5.40651e-06 0.205212 0.106842 0.0526634 0.00358474 3.52885e-05 2.28135e-07 0.261814 0.00017007 0.000324136 2.82604e-05 0.00780488 0.0148308 0.000130965 0.0109927 0.00534983 0.0210519 0.186729 
0.00158702 0.000108202 0.00253745 1.01513e-06 0.0104867 0.000528679 0.0012802 1.49224e-06 5.42621e-07 0.000106606 0.0558114 0.00321757 0.0432002 5.93488e-07 9.02838e-08 6.17971e-07 0.825067 5.86131e-05 1.35101e-10 1.01127e-10 1.7315e-06 0.0214047 1.19214e-10 0.00140884 1.40809e-07 0.00560769 0.0275832 
0.00017075 0.00504096 0.000209921 0.00175107 0.00754391 0.000201983 0.00799115 0.000119765 4.80765e-05 3.45394e-07 0.044523 0.0402691 0.00197578 0.00163819 1.50331e-05 1.03701e-11 0.844413 2.8398e-05 0.000183215 2.31978e-07 0.0057756 0.00647992 1.94602e-06 0.00269952 1.40054e-05 0.00114795 0.0277572 
0.00042065 0.00950677 0.0148346 0.00210403 0.053074 0.00430794 0.00572724 0.000778624 0.00168282 1.32201e-06 0.134964 0.0294281 0.0111841 0.000937044 7.08857e-05 4.15261e-10 0.414295 5.71585e-05 4.31492e-05 8.34316e-05 0.00518926 0.00773999 0.00377718 0.03657 3.25048e-05 0.023411 0.239779 
0.0240644 0.00812177 0.00196683 0.00297537 0.0279966 0.00341713 0.0170289 0.00174963 0.0002001 1.05812e-05 0.0875001 0.144944 0.0208185 0.00723813 5.42962e-05 6.21184e-05 0.526879 3.74318e-05 0.000174198 0.000551163 0.00589955 0.0282012 0.000104638 0.00840225 4.77045e-05 0.0249202 0.0566339 
0.000444822 0.00698088 0.000420609 0.000156505 0.0081592 0.000419435 0.0285646 2.77509e-05 0.000214439 9.73671e-08 0.0601028 0.112719 0.00645275 0.00186084 8.33766e-05 1.64923e-11 0.698849 4.41614e-05 0.00017644 4.04256e-07 0.0112783 0.0131858 3.56392e-05 0.015495 3.54416e-05 0.00341016 0.0308827 
1.03871e-05 0.000148229 2.02881e-05 1.9934e-06 0.000758972 1.4542e-05 0.00151241 0.000222511 2.48992e-08 1.25246e-06 0.0440575 2.17544e-06 0.00796714 8.76308e-07 1.65673e-06 4.23206e-08 0.912511 6.43501e-07 3.75171e-05 0.0200212 0.000205745 0.00953961 2.67319e-06 0.00290745 6.60371e-07 2.115e-07 5.30935e-05 
0.00202532 0.0217171 0.00254847 0.00334789 0.0242539 0.00107302 0.0166666 0.00138283 9.52798e-05 6.23973e-07 0.217962 0.255813 0.0134026 0.0209617 8.76743e-06 3.71819e-06 0.329252 0.000298777 0.00444019 2.13367e-05 0.0139365 0.00938854 0.000886665 0.00663296 0.000384077 0.0202235 0.0332721 
0.00457322 0.00221622 0.0349058 0.000552438 0.0417662 0.000839672 0.0124227 0.000841324 0.00406711 1.70559e-05 0.134059 0.0558212 0.0202887 0.0058762 1.31937e-05 6.59088e-07 0.512634 0.000876136 0.000411619 0.00157403 0.0876337 0.00558201 0.00357489 0.00813423 0.000106246 0.0127827 0.0484298 
5.42148e-05 0.00105627 0.000395809 0.00195476 0.0181026 9.9915e-06 0.00489616 9.7182e-06 6.62505e-06 9.64034e-08 0.0770018 0.0441404 0.00235241 0.000955305 0.000235083 4.3328e-11 0.816635 4.9192e-05 5.98567e-06 4.86118e-06 0.0167571 0.00122238 1.47197e-08 0.00701312 1.58395e-05 0.00679677 0.000328033 
0.00110445 0.00766345 0.0113747 0.00120228 0.142694 0.000879576 0.0228494 0.00948537 0.000888971 4.19535e-06 0.100658 0.103821 0.0223164 0.00294542 1.31313e-05 1.50309e-06 0.522202 8.97326e-07 0.000831505 0.000212889 0.0115101 0.00898646 7.33657e-05 0.00160588 0.000188087 0.017858 0.00862888 
0.000685353 0.0145835 0.0105224 0.00620538 0.0283701 0.000995892 0.0195625 0.000309321 0.00411361 3.17426e-06 0.149417 0.0286695 0.0425786 0.00358946 8.85031e-05 1.22903e-08 0.49514 0.00026267 0.000305118 2.47049e-05 0.0184378 0.0108958 0.000492161 0.0123823 3.51334e-05 0.0438192 0.10851 
0.000413232 0.00243112 0.0122831 0.000497654 0.0459455 0.00250645 0.0476229 1.11492e-05 0.00141807 1.46361e-07 0.0813824 0.0893282 0.019805 0.00372568 5.01727e-07 2.2637e-11 0.395108 2.69424e-08 0.00135444 0.0120109 0.00430436 0.00182146 0.0936892 0.031403 0.000550721 0.000633449 0.151753 
0.000730219 0.00089161 5.60239e-05 7.61188e-07 0.00272534 3.70948e-05 0.00582888 8.81845e-05 0.00013592 2.13593e-07 0.0154385 0.0823476 0.00292039 0.00014276 4.46488e-06 2.36968e-08 0.826941 2.80726e-06 1.42514e-11 1.14951e-05 0.00115029 0.0066992 4.45443e-08 0.00167691 7.7353e-05 0.00255669 0.0495365 
0.00149033 0.0154866 0.00842301 0.00322473 0.0181523 0.00596454 0.00113638 0.000916774 7.64997e-11 4.42962e-06 0.239283 0.0936298 0.0300261 0.001664 6.31627e-05 1.30025e-10 0.265969 2.54568e-05 6.11872e-05 0.0211271 0.000742784 0.162799 4.41319e-05 0.0748005 3.48927e-08 0.0134172 0.0415484 
0.000273419 0.00526464 0.0111129 0.002813 0.00688924 2.05118e-11 0.0224605 1.62335e-08 0.000256065 1.34966e-05 0.156984 0.0528892 0.0206717 0.0104975 1.08891e-06 6.08209e-11 0.633941 8.81497e-08 0.00261073 0.00030724 0.00147288 0.0059808 0.0346091 0.0153962 3.1732e-05 0.00110537 0.0144179 
0.00059696 0.00791433 0.0120136 0.00887232 0.0321308 0.00174274 0.000612214 1.74981e-05 0.000537422 7.4511e-08 0.135428 0.0174447 0.00322952 0.00307139 1.24925e-05 1.73799e-10 0.752793 6.87113e-07 0.000277141 8.0853e-05 0.0010856 6.46777e-05 1.09618e-07 0.000877134 6.13917e-06 0.00845901 0.0127318 
0.00187009 0.00115037 0.00559248 2.78637e-05 0.0248504 0.00385264 0.00028662 0.000103227 0.000136198 6.3057e-06 0.0869011 0.0963861 0.00790948 0.000994757 3.27405e-05 7.31805e-07 0.543137 7.63562e-07 0.000159786 0.0534795 0.019595 0.00648987 8.81479e-05 0.00165514 3.80803e-05 0.0230623 0.122193 
0.000563686 0.00473688 0.00267028 0.00837051 0.0180423 0.000565111 0.0543631 0.00205437 0.000109529 2.82709e-06 0.0357258 0.108297 0.0330706 0.00201089 2.43875e-06 1.15922e-08 0.626314 1.79851e-05 4.6974e-05 3.72696e-06 0.00129018 0.0465698 8.28605e-06 0.00826515 9.12284e-05 0.00393347 0.0428742 
0.0249512 0.0222384 2.48421e-05 5.80169e-08 0.0602935 0.0103126 0.0320396 2.21216e-05 5.23241e-05 3.01331e-09 0.0258382 0.0806325 0.210638 0.0351628 0.000186757 8.02663e-10 0.249945 0.00358584 0.000590281 3.75419e-05 0.0109425 0.0287884 0.000111151 0.00130863 5.61438e-06 0.0576893 0.144603 
0.00902926 0.0616662 0.247012 0.00146416 0.0348811 0.000328443 0.00800257 8.17163e-05 1.22974e-06 1.07188e-06 0.0267041 0.0271378 0.0172964 0.0170375 2.63299e-05 1.36414e-07 0.306471 0.000248325 0.000210933 7.22025e-06 0.00245607 0.0730253 0.011566 0.00561775 3.9404e-06 0.00124986 0.148473 
0.0119194 0.338094 0.0299709 0.00277741 0.0188097 0.0314081 0.00121348 0.0135502 0.000633278 1.66497e-08 0.0781063 0.0307599 0.0185677 0.0265207 1.33325e-05 6.32626e-07 0.357806 8.41044e-05 0.00013801 0.00175464 0.00271555 0.00355437 1.47798e-07 0.0169775 0.000375593 0.000503185 0.0137454 
0.0175412 0.00821177 0.00448597 0.000159524 0.0174429 0.0117077 0.00998044 0.00302341 0.00253527 2.4237e-05 0.0997577 0.307483 0.0720274 0.0076414 1.65284e-05 4.91153e-08 0.310595 0.0023654 0.00199703 8.92611e-05 0.00465168 0.0148222 0.000268888 0.00127637 0.00113286 0.0047019 0.0960616 
5.54737e-05 0.00023106 0.207262 2.26247e-05 0.000184978 0.0010925 0.000274013 0.00865796 5.30336e-05 2.12888e-07 0.000583605 0.000220981 0.000316031 0.0257701 0.00639331 2.66188e-07 0.729919 1.86456e-05 0.0184423 0.000182345 0.00010144 7.9684e-05 2.62687e-07 7.89917e-05 6.49857e-06 1.15948e-05 4.08918e-05 
0.00359439 0.0204387 0.0522795 0.000932083 0.129711 0.0027324 0.0251075 0.0241512 8.73406e-05 0.000258334 0.0845244 0.0799055 0.0402267 0.0110238 2.42952e-05 4.40746e-06 0.449225 1.97028e-05 0.00280805 0.000355457 0.0115205 0.0141759 0.00155914 0.00365269 0.000210816 0.00105271 0.0404176 
2.13453e-08 0.0243412 0.0229316 0.00107943 0.0503802 0.00196738 0.0134412 0.0540501 4.87444e-07 4.90813e-12 0.0596043 0.0118849 0.01688 0.00975163 1.98622e-08 6.13697e-12 0.399375 9.78126e-05 0.000126899 9.19644e-08 1.81078e-07 0.00660242 3.56231e-06 0.321276 7.8439e-09 3.22571e-08 0.00620548 
0.00113772 0.00752232 0.00160315 0.000511941 0.0351017 0.00815441 0.0403224 0.0314889 0.000416358 6.83895e-07 0.0540068 0.0786696 0.161605 0.00283191 3.28978e-05 1.9428e-07 0.392852 0.000204425 0.000265399 3.05808e-05 0.0138094 0.0155752 0.0269703 0.00900176 0.00203283 0.0158716 0.0999804 
0.000421828 0.0153579 0.0759789 0.0507639 0.0454026 0.00379238 0.00224694 0.000477162 0.0072074 6.59479e-06 0.0401988 0.0127629 0.00197569 0.00050695 2.88361e-05 9.76581e-07 0.589694 8.44327e-06 0.000869472 0.000720783 0.00043753 9.01888e-05 9.63737e-07 0.00474227 0.0001043 0.1051 0.0411022 
0.000730219 0.00089161 5.60239e-05 7.61188e-07 0.00272534 3.70948e-05 0.00582888 8.81845e-05 0.00013592 2.13593e-07 0.0154385 0.0823476 0.00292039 0.00014276 4.46488e-06 2.36968e-08 0.826941 2.80726e-06 1.42514e-11 1.14951e-05 0.00115029 0.0066992 4.45443e-08 0.00167691 7.7353e-05 0.00255669 0.0495365 
0.0119182 0.023944 0.0256183 0.0019787 0.0404228 0.00108682 0.0103435 0.00409946 0.00225526 1.99433e-05 0.229021 0.142786 0.0214326 0.00659418 4.53449e-05 2.62611e-06 0.305943 5.00983e-05 0.000242437 0.00166349 0.00478604 0.0115749 0.00254882 0.0803933 0.000309594 0.0156795 0.0552398 
0.000175948 0.000594641 1.67068e-05 0.000123629 0.0141577 8.35762e-06 0.00225511 4.34299e-05 1.6564e-05 1.58476e-06 0.0153056 0.0146676 0.00052835 0.000420621 2.23149e-05 8.11796e-09 0.896948 1.88313e-05 1.29907e-09 3.84087e-09 0.0189135 0.00406481 5.59374e-09 0.000634009 2.19704e-05 0.0304518 0.000608726 
3.2301e-05 0.00111996 0.000298923 0.000509044 0.0124084 1.46277e-05 0.00695578 3.77485e-06 1.43656e-05 4.44448e-06 0.0413667 0.0540452 0.00432432 0.000697381 0.000141815 2.88667e-11 0.858186 2.68074e-05 8.88388e-06 3.79318e-07 0.00933786 0.00124225 1.86095e-08 0.0072829 6.81682e-06 0.00127807 0.000692765 
0.00103603 0.00585442 0.0361376 0.000351241 0.0625563 0.00238283 0.0406593 0.000824364 0.000396462 1.90926e-06 0.249791 0.0554169 0.00969749 0.00783467 2.19459e-05 1.20891e-07 0.421552 7.42458e-05 0.000323245 9.13283e-05 0.0107719 0.00658064 0.0402621 0.00993377 0.000466069 0.0271712 0.00981116 
0.00604847 0.0234064 0.00698523 0.0211504 0.0375261 0.0268377 0.0115503 0.00115997 0.000436538 1.8388e-05 0.19203 0.16585 0.0293067 0.0161849 9.82933e-05 0.000540188 0.196603 1.97843e-05 0.00139717 0.000179693 0.00658128 0.0647492 0.000117443 0.0283276 1.66015e-05 0.00524312 0.157635 
0.00216113 0.016645 0.013637 0.000542333 0.049165 0.00198542 0.116852 0.00101577 0.000500215 7.78289e-05 0.164727 0.161124 0.0334151 0.00511627 4.87197e-05 0.000365034 0.266882 0.000121678 0.000127751 0.00816862 0.0148023 0.00552047 0.000292325 0.00865319 0.0237376 0.0202385 0.0840786 
0.00469801 0.0143168 0.000176613 0.00669865 0.126575 1.06236e-05 0.00357707 0.000220948 4.5537e-06 6.28233e-06 0.0329723 0.0481538 0.0040536 0.00751819 5.53994e-05 7.24627e-11 0.557813 9.95104e-05 0.000387016 1.6302e-08 0.0148249 0.0512963 7.15098e-11 0.0438413 2.86248e-05 0.0424388 0.040233 
1.90949e-08 0.000856612 5.56547e-05 7.34493e-05 0.0261347 2.68332e-09 0.00069666 3.15088e-09 3.3147e-06 9.34051e-07 0.0312631 0.00666213 0.000504454 0.000487509 3.367e-05 9.16311e-13 0.887783 3.38074e-08 2.02023e-09 5.97566e-09 0.0410833 0.000515732 6.32456e-09 0.000258366 1.20201e-05 0.00340565 0.000170017 
0.00098436 0.0185476 0.156793 0.00323343 0.0498154 0.00425571 0.0676692 0.000891804 0.00864429 7.12082e-05 0.139055 0.093643 0.115243 0.0227214 0.000313628 9.11694e-08 0.20511 0.000108727 0.0113407 0.00224305 0.0157126 0.0152428 4.03985e-05 0.0177573 6.47598e-05 0.000343208 0.0501537 
1.33661e-06 0.127149 2.32202e-07 0.0718566 0.0101231 3.21711e-11 0.00294495 0.0256798 5.61238e-11 7.62914e-11 0.0224497 0.153624 4.31497e-07 0.00763758 1.53916e-07 9.53924e-11 0.436267 9.13037e-11 4.28742e-07 7.98551e-11 3.11681e-08 0.0157059 9.41379e-11 0.0501352 1.31723e-08 3.43913e-07 0.0764246 
0.0145047 0.110423 0.00554199 0.0247744 0.0151769 0.00124598 0.0101496 0.0135674 1.97444e-05 2.60695e-07 0.0643933 0.0286394 0.00378786 0.00545272 1.52685e-05 2.41266e-11 0.624963 6.73132e-08 1.00826e-07 7.09859e-08 0.000200471 0.0129345 2.38093e-11 0.0180267 1.96208e-05 0.000810456 0.0453523 
0.00017075 0.00504096 0.000209921 0.00175107 0.00754391 0.000201983 0.00799115 0.000119765 4.80765e-05 3.45394e-07 0.044523 0.0402691 0.00197578 0.00163819 1.50331e-05 1.03701e-11 0.844413 2.8398e-05 0.000183215 2.31978e-07 0.0057756 0.00647992 1.94602e-06 0.00269952 1.40054e-05 0.00114795 0.0277572 
0.00442347 0.0251838 0.00136662 0.00900167 0.0216214 0.00251534 0.0124284 0.00639394 0.000988292 1.37032e-05 0.174657 0.167755 0.0407289 0.00200862 0.00011884 1.10857e-06 0.38898 0.000197946 0.00103231 0.000223006 0.00785805 0.0556223 1.0284e-05 0.0104797 0.000700122 0.0120018 0.0536892 
0.00123953 0.136894 0.00999303 0.0181162 0.0170548 5.98124e-05 0.223168 0.00118116 7.15862e-05 0.000116786 0.0376299 0.0476465 0.013181 0.00532572 9.5872e-05 1.9683e-05 0.359419 0.00119947 0.000256731 0.004785 0.0158864 0.0102018 0.00152584 0.0164171 0.041386 0.00536405 0.0317652 
0.000521312 0.00401668 0.04603 0.00715141 0.00995373 0.00969323 0.0112223 0.000754665 0.00299088 4.43331e-06 0.220901 0.222481 0.0154419 0.00653963 1.70134e-05 6.96739e-11 0.377919 7.03371e-05 0.0011063 6.60991e-05 0.000720213 0.0087485 0.000778639 0.00749593 0.000205389 2.47767e-05 0.0451456 
0.000176252 0.0388881 0.000256365 4.56217e-05 0.114059 0.000980819 0.054565 0.000537741 1.99377e-07 1.93534e-05 0.0854275 0.0349897 0.0494455 0.0215951 0.00026363 4.51077e-05 0.320007 0.143949 0.000511313 0.00426081 0.0141025 0.0298807 4.25008e-06 0.00677008 1.24724e-05 0.00314748 0.0760592 
0.00628653 0.00805491 0.000932392 0.00189146 0.0497159 4.20116e-05 0.000912335 1.11607e-11 2.46704e-06 2.19695e-07 0.205881 0.272561 0.00268306 0.0119123 1.36075e-06 2.27006e-11 0.357985 3.07543e-05 0.00121701 2.42944e-08 0.0146152 0.0145632 2.2402e-11 0.00107974 1.18423e-05 0.0377491 0.0118712 
0.00118968 0.00230051 0.00057004 0.0170857 0.00141449 0.000679735 0.0215042 0.000498456 0.000655385 4.44974e-06 0.0255026 0.057927 0.00382801 0.00014051 7.44182e-06 2.52099e-08 0.487839 1.85448e-05 1.23304e-07 1.29536e-09 0.00075541 0.00440077 4.8474e-06 0.00185602 3.90949e-05 0.000735828 0.371043 
2.30456e-12 0.0227683 0.0561173 0.00340319 0.039295 0.00270993 0.00321125 0.00917408 3.52656e-07 1.10115e-08 0.208088 0.0175768 0.0569284 0.00724206 7.04266e-05 4.43997e-12 0.447293 2.10983e-05 5.42565e-05 0.00195617 7.83416e-08 0.0286331 0.0159816 0.0651639 0.000113503 3.54603e-08 0.0141991 
0.00513252 0.0438455 0.00337293 0.00184437 0.0176084 0.00459329 0.040004 0.00345179 0.000174705 1.24858e-05 0.102269 0.147966 0.0390842 0.00418087 2.28225e-05 2.2017e-05 0.314771 0.000377724 0.000424125 0.000501311 0.0189659 0.00745977 7.89556e-05 0.0257242 0.0503157 0.012896 0.154901 
4.77783e-05 0.00459994 0.000364845 0.00155126 0.0136216 0.000242478 0.0101083 0.00472837 0.000273329 4.7693e-05 0.0667764 0.0191788 0.00333214 0.00142251 6.88716e-06 1.45829e-10 0.755859 0.00190167 5.43185e-05 0.0782606 0.00677251 0.00190109 0.000100155 0.00530985 0.00049532 0.000516452 0.0225262 
0.00397026 0.00483072 0.128799 0.00773502 0.00399798 1.15742e-10 0.01189 0.0761225 2.01916e-10 1.1258e-06 0.0634857 5.22366e-07 4.84945e-07 0.047301 4.62613e-10 3.43192e-10 0.554497 4.64687e-07 1.97338e-06 0.0477372 0.0289297 0.00114957 1.08557e-07 8.20837e-05 0.000118404 0.0018542 0.0174946 
0.00323683 0.030112 0.00163435 0.0443986 0.0232777 0.000741627 0.00234045 0.00293225 0.000109758 4.60675e-05 0.271179 0.106366 0.0139999 0.00202653 0.000281232 8.19974e-11 0.300109 1.04649e-07 0.0255916 0.00647789 0.0643551 0.00764029 1.46919e-05 0.0142228 4.11058e-05 0.000240538 0.0786245 
0.000451562 0.0271456 0.102131 0.000460891 0.0501833 0.00234464 0.00198285 0.000745573 2.1659e-05 8.5524e-05 0.126622 0.02099 0.0514001 0.127759 0.000113094 3.96758e-10 0.351341 8.96866e-05 2.02194e-05 0.00586614 0.0136626 0.0159895 7.9597e-08 0.00592479 0.000318686 0.0292614 0.0650886 
0.00725684 0.11952 0.014331 9.55063e-07 0.0133787 0.00582683 9.55291e-07 9.54776e-07 9.54599e-07 9.54214e-07 0.121454 0.0494957 0.0384123 0.0245532 9.53212e-07 9.53849e-07 0.462372 9.63466e-05 9.53631e-07 0.00772954 9.55288e-07 0.0267501 9.53872e-07 0.0774731 9.55342e-07 9.55466e-07 0.0313385 
0.00043103 0.00402662 9.91023e-06 0.0714679 0.000235662 0.000126483 0.019492 0.000429663 4.72899e-06 1.21285e-07 0.163661 0.0985606 0.0751767 0.000166975 1.66456e-07 1.43877e-09 0.302081 2.35567e-06 0.000574016 1.58387e-07 0.00468004 0.00216065 0.229056 0.015932 9.65091e-05 5.98634e-05 0.0115678 
0.00138779 0.000128956 0.000139967 2.5737e-08 0.00453085 2.73662e-05 0.00581536 0.000220295 3.37664e-05 5.24544e-07 0.0181842 0.108622 0.00430222 0.000356785 1.19046e-06 1.56665e-08 0.81595 7.63816e-09 1.87836e-12 1.5511e-08 0.00246015 0.00768955 2.69879e-08 0.000954696 3.35255e-05 0.0057573 0.0234033 
0.000195378 0.00492465 0.000232933 0.000972081 0.0082002 1.4589e-05 0.0133923 4.43985e-05 8.96994e-05 6.40221e-07 0.0344305 0.0318261 0.00233315 0.000424156 1.8742e-05 4.67929e-12 0.843225 4.28009e-05 0.000102618 3.68307e-07 0.00904276 0.00380516 6.90652e-07 0.00204515 2.61302e-05 0.00123523 0.043375 
0.000249056 0.00306869 0.00267036 0.0001246 0.0170794 8.85934e-05 0.00393324 0.000367413 0.000342071 5.1781e-07 0.0881141 0.0213828 0.00242778 0.000853705 2.32435e-05 1.81032e-08 0.792767 5.67746e-05 9.0265e-07 1.645e-05 0.0213567 0.00442918 0.00190461 0.0139699 1.83307e-05 0.0222944 0.00245996 
0.0040156 0.000330638 0.00232514 0.00045758 0.0109135 5.57347e-06 0.00114476 0.00125423 2.94604e-06 4.70626e-05 0.0855868 0.0215093 0.00168042 0.000800017 1.18441e-05 7.17956e-09 0.681579 2.66203e-05 8.86857e-10 0.0254475 0.0920437 0.00367088 5.85909e-06 0.00228316 0.000113015 0.0241628 0.0405824 
0.00461235 0.012071 0.000192466 6.34769e-05 0.00201518 0.000874749 0.0210862 0.000194772 0.000189551 4.53851e-10 0.114887 0.107017 0.0130581 0.00815002 1.38962e-05 7.27678e-12 0.638712 0.027496 0.000306324 0.000181135 0.00231573 0.00170761 0.0282658 0.00805413 1.31416e-05 0.000787375 0.00773483 
1.98242e-07 0.00351753 1.4203e-08 4.67725e-07 4.10903e-07 1.01206e-07 1.50793e-07 4.70319e-07 1.06999e-11 1.45448e-11 0.036733 0.0302294 2.47211e-07 0.0054231 7.35685e-08 1.81864e-11 0.910677 4.17938e-08 6.38662e-07 1.53764e-09 1.76185e-07 0.0134159 7.18066e-08 7.85315e-07 3.32019e-12 9.20734e-08 3.13229e-07 
0.0423983 0.00743957 0.0014117 0.00235091 0.0625361 0.000149074 0.00749405 0.00644116 0.00227924 1.11216e-07 0.208784 0.209702 0.021031 0.0157416 8.02402e-05 1.7605e-05 0.220298 1.39673e-05 4.07217e-05 0.00017656 0.00935091 0.0411141 0.000136339 0.0214211 1.46909e-05 0.00754582 0.112031 
0.000177925 0.0279116 0.0142676 0.00152681 0.0306352 0.000662707 0.0722986 0.00272703 0.00417923 1.27371e-06 0.150623 0.0246381 0.0700571 0.00289861 4.18029e-05 5.91945e-09 0.364889 9.35198e-05 0.000339955 0.000114395 0.0205043 0.0111809 0.11583 0.0133848 0.00527455 0.022241 0.0435016 
0.000730219 0.00089161 5.60239e-05 7.61188e-07 0.00272534 3.70948e-05 0.00582888 8.81845e-05 0.00013592 2.13593e-07 0.0154385 0.0823476 0.00292039 0.00014276 4.46488e-06 2.36968e-08 0.826941 2.80726e-06 1.42514e-11 1.14951e-05 0.00115029 0.0066992 4.45443e-08 0.00167691 7.7353e-05 0.00255669 0.0495365 
0.00220537 0.00353477 0.079016 0.000299445 0.0393052 0.00119397 0.000551083 0.000792832 2.78091e-09 2.21711e-05 0.202316 0.0207805 0.00981125 0.00924053 2.20295e-05 1.28944e-11 0.550224 2.37406e-05 8.05522e-07 0.00235964 0.0218677 0.000574108 1.29628e-05 0.00233929 7.44598e-05 0.00419527 0.0492371 
0.00034855 0.000867452 0.329677 0.000608064 0.070653 0.000257023 0.0354513 0.000387462 1.16831e-05 5.01463e-08 0.0300479 0.00369678 0.00800332 0.0235346 6.82572e-08 4.62543e-07 0.335643 3.79783e-06 2.16243e-07 7.08889e-06 0.0552171 0.00064643 2.35889e-06 0.00018006 0.000132792 0.0953789 0.00924355 
0.00157531 0.0197041 0.00018802 0.00209917 0.00630762 0.000504665 0.195079 0.000368596 0.000122943 1.3674e-05 0.123713 0.141386 0.0717297 0.000826164 3.47381e-05 7.48027e-09 0.308193 0.00237467 0.00634125 9.86004e-05 0.00320364 0.034635 2.38035e-05 0.00431145 0.00528837 0.0151708 0.0567069 
0.00236142 0.0124627 0.000761856 0.0010554 0.0305616 0.00746218 0.0047227 9.86566e-05 0.000253128 2.2047e-05 0.126504 0.130086 0.00719445 0.00745585 3.35712e-06 2.54494e-11 0.568381 0.0024124 7.61737e-05 0.0366352 0.0126911 0.00498355 4.60709e-05 0.0205005 0.000263826 0.000320274 0.0226845 
0.00793728 0.0179642 1.06287e-07 0.0166193 0.07169 0.00696322 9.97618e-06 0.0240656 0.00185715 1.62195e-07 0.015247 1.00041e-05 1.29204e-06 0.0040614 2.20225e-07 1.50958e-06 0.720088 7.35929e-07 7.24735e-08 5.51703e-07 0.029194 1.51043e-05 2.77929e-11 0.0223639 0.00144506 2.04102e-05 0.0604433 
0.00020504 8.75437e-05 0.00063263 8.41444e-05 0.000785704 1.94552e-05 0.110705 1.43144e-06 7.05274e-05 1.19615e-05 0.00617439 0.00949046 0.00781462 0.000251721 3.34383e-07 4.10533e-08 0.789043 5.21943e-06 1.97295e-05 4.81791e-06 0.000179027 0.00983181 1.67581e-05 0.000118376 1.34907e-05 0.000183482 0.0642492 
0.00375967 0.0747106 0.00666744 0.00185627 0.0260856 0.00646779 0.00973056 0.0376616 0.000623396 1.11643e-06 0.134325 0.087895 0.0296395 0.0630418 8.80707e-05 4.5298e-09 0.299292 0.00127347 3.21449e-06 3.4745e-05 8.7574e-05 0.00381315 0.000136011 0.203464 6.71186e-07 0.000187598 0.00915438 
3.72523e-06 6.57436e-06 0.157359 2.4268e-06 0.0750705 1.40569e-05 2.07392e-10 0.0943354 0.0246223 7.86181e-10 0.0564191 1.60818e-06 9.12723e-11 0.0507917 1.32508e-09 9.83016e-10 0.282165 4.51717e-06 1.09936e-09 5.26741e-06 0.0214166 5.77649e-07 9.79788e-08 0.23778 3.05268e-07 1.11835e-10 7.04408e-07 
0.00187009 0.00115037 0.00559248 2.78637e-05 0.0248504 0.00385264 0.00028662 0.000103227 0.000136198 6.3057e-06 0.0869011 0.0963861 0.00790948 0.000994757 3.27405e-05 7.31805e-07 0.543137 7.63562e-07 0.000159786 0.0534795 0.019595 0.00648987 8.81479e-05 0.00165514 3.80803e-05 0.0230623 0.122193 
0.00140456 0.0285754 0.0813386 0.00455426 0.0643763 0.0294441 0.0556181 0.00974856 0.00755543 1.66993e-05 0.0993477 0.0794267 0.0193008 0.00826526 7.24194e-05 1.54438e-07 0.37432 0.000244246 0.00816768 0.000936046 0.0206385 0.006271 0.00106247 0.0253516 0.00041761 0.00707124 0.0664746 
0.0364496 0.00567521 0.000229519 0.0135516 0.0125985 8.46645e-05 0.00301896 0.000738241 5.62495e-08 6.9523e-05 0.0181509 0.0597131 0.00960836 0.0063117 9.58212e-06 1.46404e-10 0.528859 0.0202399 0.00265461 6.68447e-08 0.000682871 0.0136521 0.00936395 0.0119406 0.0233779 2.66268e-05 0.222993 
0.00112897 0.00397899 0.000715903 4.81018e-05 0.000289668 0.000171648 3.37355e-07 7.58311e-08 0.000103347 1.21188e-08 0.161244 0.192777 0.0136556 0.000886339 3.95567e-08 1.43361e-11 0.433562 1.25535e-09 0.000191752 8.79728e-08 5.97118e-08 0.00428853 3.76362e-05 0.00517061 1.1576e-08 1.88391e-08 0.181749 
0.00082269 0.00252248 0.000448893 0.00968668 0.00103264 6.39663e-05 5.74377e-05 1.09636e-08 6.30121e-07 1.24198e-09 0.038899 0.0301164 0.000665641 0.000154313 8.37796e-06 1.23268e-11 0.908437 1.19731e-09 1.62082e-07 0.000168615 0.000184555 4.69653e-09 1.64859e-08 0.000583525 2.9727e-06 3.56749e-08 0.00614398 
0.00137563 0.000982876 0.0620721 0.000489969 0.0211067 2.65624e-05 0.00789937 0.00216883 0.000273657 0.000151722 0.024534 0.0239509 0.00474152 0.0133624 0.000812982 9.10915e-08 0.597027 3.02588e-05 1.58959e-05 0.0422696 0.0974501 0.00482055 0.000646523 0.00307734 0.000117005 0.00148867 0.0891077 
0.00231914 0.0191812 0.000503241 0.00058914 0.00582869 0.00596847 0.00544192 0.0010303 0.000246818 0.00116128 0.159868 0.0961158 0.266395 0.000938475 1.00382e-05 6.07216e-07 0.327915 2.07475e-05 5.67793e-05 0.0221188 0.000624411 0.0214788 4.62e-05 0.0144123 0.00773339 0.00225574 0.0377394 
0.00473361 0.00744175 0.000815375 0.00429923 0.022833 0.00247836 0.00316164 0.00160155 1.11816e-05 0.000123377 0.256227 0.0530502 0.0208959 0.00490304 7.99113e-05 1.03953e-10 0.26492 5.94158e-07 0.0596457 0.00404711 0.0360248 0.127086 2.25556e-08 0.0181 1.5027e-05 0.00297173 0.104534 
0.00220961 0.0033796 6.18073e-05 8.05844e-05 0.0112005 0.00110212 0.00119225 0.000329447 0.000113573 5.72038e-07 0.0609703 0.335175 0.00311763 0.00604031 1.48445e-05 9.40659e-09 0.498063 6.75468e-06 0.000227029 1.20914e-05 0.00749731 0.031728 1.51797e-08 0.00744641 0.000100837 0.0262977 0.00363186 
0.00121218 0.00243588 0.000187767 0.000991392 0.0114602 0.000132957 0.0921657 0.000342286 0.000335332 5.29456e-06 0.0185359 0.0999755 0.0101366 0.00175819 0.000346579 8.27139e-07 0.579431 0.00133854 5.15354e-05 3.89445e-06 0.010651 0.00346319 0.000104771 0.00274979 8.39472e-05 0.017727 0.144373 
0.000108018 0.0102799 0.000346583 0.0131876 0.0118927 7.80824e-05 0.0317621 0.000632765 0.000118115 1.13134e-05 0.0691299 0.148842 0.0146389 0.000763125 0.000151063 5.97673e-07 0.560487 0.000115915 0.000256512 2.88987e-05 0.0132457 0.0257942 5.44143e-07 0.00662219 0.00128518 0.00960503 0.0806162 
0.000624317 0.00248793 0.000785101 5.88602e-05 0.0129371 0.000379514 0.0129951 5.91748e-08 0.000201329 1.01672e-07 0.0342932 0.0651245 0.00133706 0.00185021 0.000148469 2.13866e-11 0.805788 4.8973e-05 8.84794e-06 3.74512e-07 0.0205874 0.00218151 4.58517e-05 0.0033736 3.44802e-05 0.00581455 0.0288938 
0.0381842 0.0635671 0.0327609 0.00397276 0.0380759 0.000582067 0.0353379 3.87689e-05 0.000910901 6.89208e-06 0.151788 0.0378249 0.0697935 0.0104061 0.000110194 5.50517e-11 0.322482 0.0105518 0.00136893 0.000953704 0.0250281 0.0235703 0.00158571 0.0314887 0.00170561 0.0114766 0.0864283 
0.000346404 0.0134123 0.00102372 0.00983085 0.0107397 0.000561983 0.0341969 0.0002801 6.7785e-05 1.50197e-06 0.0394744 0.0246471 0.00989137 0.000505218 2.97934e-05 9.64433e-07 0.780684 0.000208843 0.000258812 0.00018372 0.0128204 0.00587383 1.9595e-08 0.00455674 0.00230038 0.0105239 0.037579 
0.000730219 0.00089161 5.60239e-05 7.61188e-07 0.00272534 3.70948e-05 0.00582888 8.81845e-05 0.00013592 2.13593e-07 0.0154385 0.0823476 0.00292039 0.00014276 4.46488e-06 2.36968e-08 0.826941 2.80726e-06 1.42514e-11 1.14951e-05 0.00115029 0.0066992 4.45443e-08 0.00167691 7.7353e-05 0.00255669 0.0495365 
0.000561954 0.00861485 0.000447307 0.015078 0.024075 0.00058256 0.0063818 0.0027852 1.69079e-05 8.71223e-06 0.042914 0.0252334 0.00756079 0.00694346 0.000121463 1.88473e-08 0.471402 1.77353e-05 8.55628e-05 4.45424e-05 0.00267626 0.333939 2.40579e-06 0.00245072 1.63079e-05 0.0144068 0.0336328 
0.0190661 0.00963668 0.00180956 0.000399136 0.0511304 0.00356957 0.0315076 0.00083454 3.0058e-05 7.0343e-05 0.0320138 0.0835048 0.0315456 0.00951058 8.0955e-05 4.91818e-08 0.619983 0.000631866 0.000280675 0.000291795 0.018092 0.00226172 0.00010512 0.0163819 0.0432437 0.00259079 0.0214271 
0.00188425 0.00116648 0.00948659 1.48552e-08 0.0483763 0.00646789 1.96488e-05 4.70988e-05 5.16122e-08 6.73167e-07 0.0341638 0.0285064 0.004377 0.00147383 3.90566e-05 1.10519e-06 0.633229 1.59077e-06 2.8322e-05 0.112306 0.0366144 0.00827463 4.49059e-05 0.00173839 4.2303e-05 0.0466496 0.025061 
0.000195378 0.00492465 0.000232933 0.000972081 0.0082002 1.4589e-05 0.0133923 4.43985e-05 8.96994e-05 6.40221e-07 0.0344305 0.0318261 0.00233315 0.000424156 1.8742e-05 4.67929e-12 0.843225 4.28009e-05 0.000102618 3.68307e-07 0.00904276 0.00380516 6.90652e-07 0.00204515 2.61302e-05 0.00123523 0.043375 
0.00044872 0.00142392 0.000818026 0.00526277 0.00725983 0.000202388 0.0970874 0.000909092 9.2965e-05 1.25458e-06 0.109164 0.0719474 0.00635775 0.000514832 3.65864e-06 1.30584e-08 0.616122 5.20937e-06 5.42024e-06 7.90468e-09 0.00195915 0.0220291 2.25238e-05 0.00545681 7.30481e-05 0.0155021 0.0373309 
0.000685353 0.0145835 0.0105224 0.00620538 0.0283701 0.000995892 0.0195625 0.000309321 0.00411361 3.17426e-06 0.149417 0.0286695 0.0425786 0.00358946 8.85031e-05 1.22903e-08 0.49514 0.00026267 0.000305118 2.47049e-05 0.0184378 0.0108958 0.000492161 0.0123823 3.51334e-05 0.0438192 0.10851 
0.00837127 0.0515991 0.00538121 0.0526364 0.0206165 0.0116957 0.00561938 0.015663 9.53712e-07 1.9021e-07 0.106601 0.20248 0.0463773 0.0131633 1.0837e-05 2.37832e-07 0.414121 0.0233019 0.000918114 0.000134235 0.0101099 0.00482134 0.000489243 0.00123408 3.0561e-05 0.00173672 0.00288608 
0.0216336 0.0145897 0.0398073 0.00547511 0.0440251 0.000453916 0.0710612 0.00154939 5.03624e-05 8.41055e-07 0.03501 0.0655985 0.00730704 0.00473319 0.000133979 1.18638e-09 0.445828 3.67186e-05 0.00205453 1.28032e-07 0.0566432 0.00547249 0.00245054 0.0063148 9.9568e-05 0.000740036 0.168931 
0.000208851 0.000914095 0.00045571 0.000279486 0.0318152 5.45574e-05 0.00385057 0.001307 1.1046e-05 1.05757e-06 0.0147818 0.0119963 0.000952006 0.00150543 1.48815e-05 7.86477e-09 0.877953 7.89243e-05 2.0536e-06 3.47791e-09 0.0224572 0.00394204 6.20782e-09 0.00245334 1.46488e-05 0.0234341 0.00151713 
0.00319258 0.0128208 0.0136653 0.00173158 0.160117 0.000690682 0.0042797 2.44841e-08 0.000261956 3.91761e-05 0.209384 0.0242062 0.0116095 0.0186704 0.000476682 2.44603e-08 0.231918 0.00306271 0.000156535 0.000619064 0.127562 0.00176145 2.44609e-08 0.00135959 0.000627189 0.167617 0.00417 
0.00135038 0.0159736 0.0421898 0.00892102 0.150645 0.00757213 0.00828084 0.194166 0.00460545 0.000457266 0.152157 0.0396707 0.022049 0.00855158 1.46611e-05 2.75495e-05 0.208709 7.26366e-05 0.00509575 0.00386518 0.00984815 0.0144529 0.0018891 0.0174229 0.000351292 0.0204973 0.0611649 
1.33661e-06 0.127149 2.32202e-07 0.0718566 0.0101231 3.21711e-11 0.00294495 0.0256798 5.61238e-11 7.62914e-11 0.0224497 0.153624 4.31497e-07 0.00763758 1.53916e-07 9.53924e-11 0.436267 9.13037e-11 4.28742e-07 7.98551e-11 3.11681e-08 0.0157059 9.41379e-11 0.0501352 1.31723e-08 3.43913e-07 0.0764246 
0.096982 0.00779376 0.0230333 0.000667858 0.0348781 0.000208565 0.0404197 0.0031698 2.7982e-05 2.98325e-06 0.0309787 0.0273365 0.0145015 0.00162874 9.06367e-05 4.08696e-09 0.443386 0.000142235 0.00112938 0.000864418 0.0105751 0.0973158 5.86604e-07 0.0069989 0.000108992 0.00107907 0.15668 
0.000789333 0.00811137 0.0458139 0.00259535 0.124611 0.000795612 0.0902988 0.0240636 0.000212912 2.22212e-05 0.161599 0.0321669 0.0426836 0.00985814 0.000197527 3.95728e-07 0.324688 9.11334e-06 6.66228e-05 0.00258886 0.0237586 0.011042 0.0110455 0.0252582 0.000189034 0.00224242 0.0552917 
0.000301056 0.000598354 8.58168e-07 0.00118233 0.200576 0.000396197 0.00190783 0.0263581 9.99375e-06 1.05344e-08 0.00596353 0.0173851 0.00185933 0.0376811 4.34108e-06 9.71191e-08 0.28464 4.74136e-08 1.71497e-05 1.21818e-10 0.251314 0.0159314 3.52228e-06 0.0031204 4.59398e-06 0.145602 0.00514347 
0.113574 0.00243231 0.00860943 3.36195e-08 0.000928604 0.0120497 2.12637e-08 4.9552e-08 0.000231322 0.00011293 0.000191596 9.81402e-09 0.000520318 0.000599389 1.35859e-07 1.00788e-07 0.856616 0.000357028 0.000191731 0.00027851 0.000170197 0.00136941 0.000358164 0.000770574 0.000130661 0.00018462 0.000323507 
0.0683473 0.00127794 8.11635e-05 1.17601e-08 0.00178964 9.66064e-05 0.0266435 0.000457408 2.93959e-05 1.84692e-06 0.0126174 0.14016 0.00490771 0.00118604 4.89881e-07 1.03492e-11 0.481899 0.00103675 0.00263029 8.35586e-07 0.000901868 0.00624958 0.200125 0.00789345 0.0371633 0.00012975 0.00437357 
0.000195378 0.00492465 0.000232933 0.000972081 0.0082002 1.4589e-05 0.0133923 4.43985e-05 8.96994e-05 6.40221e-07 0.0344305 0.0318261 0.00233315 0.000424156 1.8742e-05 4.67929e-12 0.843225 4.28009e-05 0.000102618 3.68307e-07 0.00904276 0.00380516 6.90652e-07 0.00204515 2.61302e-05 0.00123523 0.043375 
0.000169355 0.010414 0.00195223 0.0165425 0.00132162 0.00101268 0.00189356 0.000312186 1.12231e-09 7.61285e-08 0.120415 0.0538239 0.0252369 8.24984e-05 2.84908e-05 1.90756e-09 0.445162 0.293768 0.00026906 0.000631724 0.00027627 0.00660024 1.67536e-06 0.0171824 2.12653e-07 5.11678e-06 0.00289799 
0.00443836 0.0109073 0.00240008 0.0220248 0.0273891 0.000658543 0.00220001 0.00924045 1.58502e-05 7.29411e-05 0.0584882 0.153007 0.00182851 0.00270253 8.08224e-06 1.41923e-07 0.59761 5.6313e-07 0.00411694 0.000176423 0.00160345 0.070339 0.000175075 0.00774592 1.45281e-05 0.00636866 0.0164671 
0.00017075 0.00504096 0.000209921 0.00175107 0.00754391 0.000201983 0.00799115 0.000119765 4.80765e-05 3.45394e-07 0.044523 0.0402691 0.00197578 0.00163819 1.50331e-05 1.03701e-11 0.844413 2.8398e-05 0.000183215 2.31978e-07 0.0057756 0.00647992 1.94602e-06 0.00269952 1.40054e-05 0.00114795 0.0277572 
