0.000463057 0.00138509 0.000227568 3.13288e-05 0.574668 0.000323218 0.0029652 0.000112331 0.00119617 4.47854e-07 0.000485107 0.0364927 4.52368e-06 0.245047 3.74939e-05 2.77422e-11 0.0251832 2.65531e-11 0.00594425 1.07119e-05 0.104328 9.54604e-06 6.15549e-05 2.59895e-06 2.6385e-05 0.000663183 0.000330684 
0.000493096 0.00616544 0.291219 0.0028952 0.203635 0.00135832 0.0101369 0.00727727 3.21325e-08 0.000203975 0.075143 1.24051e-06 0.00167856 0.0210613 0.000161988 8.0272e-09 0.211312 7.68314e-09 0.000120391 0.0453597 0.0610783 0.000914172 0.000428862 0.0148512 0.000231834 2.76726e-05 0.0442455 
0.00170728 0.00520432 0.206306 0.00156149 0.0288217 0.00186368 0.0109983 0.000617733 0.000713407 0.0514533 0.239507 0.0149923 0.118067 0.00424859 0.000722523 0.00141724 0.019176 0.000453479 0.00329252 0.0222335 0.00598868 0.00957387 0.000713547 0.00418341 0.000621602 0.011166 0.234396 
6.35993e-05 0.00348857 0.536982 0.00130027 0.0299374 0.0459084 0.0105815 0.00466133 0.0133762 0.000197829 0.0867488 0.00047975 0.0311381 0.125675 9.26338e-05 6.34538e-06 0.00691242 2.55767e-06 0.00173713 2.35683e-05 0.00281565 0.0114216 3.30846e-05 0.00719718 7.14729e-05 0.00586362 0.0732838 
1.24585e-06 0.0949566 0.0217778 7.36053e-05 0.0147807 0.00319398 0.000122978 0.00683376 4.85706e-05 8.64348e-06 0.266639 0.0417819 0.028122 0.00465538 7.25476e-05 0.00116191 0.456876 6.92596e-08 9.25395e-08 7.7857e-05 4.40742e-05 0.0159383 0.000265907 0.0365659 8.44157e-06 0.00287005 0.00312215 
0.000524741 0.00719454 9.52078e-07 0.00233106 0.00278194 0.000826457 0.00114079 0.00282227 9.69518e-07 6.5716e-08 0.0584603 0.544187 0.00594875 0.086056 1.97197e-09 1.46292e-09 0.258027 1.40021e-09 9.63669e-06 1.00401e-06 0.000220987 0.000143077 2.69943e-05 0.00583325 3.82079e-06 9.38204e-08 0.0234578 
0.00156897 6.78979e-05 0.00231985 0.000208033 0.0316188 3.76796e-06 0.0312742 0.00229866 2.22362e-07 5.20952e-07 0.00899312 0.187464 0.0117672 0.0125516 1.38026e-10 1.02395e-10 0.290545 9.80064e-11 0.000174852 4.9912e-06 0.00441374 0.00123704 0.00518409 0.311755 0.00256067 0.00107091 0.0929167 
0.00516694 0.0517701 0.0214046 0.00089332 0.0757012 0.0216562 0.00081587 0.00274185 3.27653e-05 1.01742e-06 0.0250908 0.0470102 0.00859241 0.494775 8.95911e-05 2.80166e-10 0.0316331 2.68158e-10 0.000496168 0.000157451 0.189581 0.00388602 7.98859e-06 0.00638387 4.82142e-07 0.000399363 0.0117127 
0.000434986 0.0022338 0.0236663 0.000552593 0.0692398 0.000216093 0.0495518 0.000446072 0.000545601 6.29573e-05 0.0272394 0.0921853 0.0613619 0.00277725 1.80798e-05 5.27837e-12 0.0837894 5.05214e-12 0.00026379 7.80826e-05 0.00513339 0.00208383 0.000111619 0.00937238 0.000147849 0.000254516 0.568233 
2.57162e-06 0.00300342 0.249114 7.77596e-05 0.00525149 0.000102873 0.00143309 0.000454402 0.000400062 5.54384e-05 0.222339 0.0742664 0.0290116 0.00312295 0.00851631 5.08876e-07 0.228001 2.99301e-09 2.54874e-06 6.86053e-05 0.000107576 0.00204765 0.000364839 0.0041996 3.22849e-05 2.351e-05 0.168001 
6.81769e-05 0.00294987 0.798621 0.0136318 0.0465271 4.93967e-05 0.00302707 0.000148693 5.11147e-05 0.000101466 0.00629746 0.000458165 0.0150369 0.0196659 5.68887e-07 3.0072e-07 0.000801416 2.87831e-07 4.51758e-05 0.0051444 0.0259433 0.00967818 0.041713 4.7871e-05 0.00148989 0.000522306 0.00797913 
0.000169668 0.0168301 0.374874 0.000452157 0.0291301 0.51413 0.00342617 0.00191543 2.68668e-05 1.80033e-06 0.016742 0.00251634 0.00690148 0.00484033 3.0467e-06 0.00251376 0.00429267 5.62674e-07 5.29984e-05 0.00029705 0.000226793 0.00252051 1.39518e-06 0.00460949 5.83117e-06 0.00656577 0.00695418 
0.00182074 0.00771001 0.0261733 0.000499879 0.0379932 0.00179518 0.0211534 0.00115503 0.000334192 3.2363e-05 0.598797 0.060691 0.0144882 0.0409718 3.35024e-05 0.000243024 0.0824963 1.25815e-05 0.000268343 0.000209936 0.00881368 0.0532817 0.000249224 0.0100755 0.000110125 0.00658453 0.0240066 
0.00275836 0.0125689 0.182635 0.000311158 0.156691 0.000934046 0.0022683 0.00361465 0.00453764 5.54908e-05 0.407658 0.0335076 0.0142446 0.0607262 0.000895061 6.70845e-05 0.0370797 7.87871e-07 0.00236836 0.000452523 0.0667766 0.000222536 0.0005869 0.000250682 1.12603e-05 0.00307345 0.00570382 
2.47034e-06 0.105557 0.400695 0.00124357 0.011546 1.50571e-05 0.239184 0.00867289 4.28607e-06 4.2136e-07 0.0551387 0.0158091 0.026574 0.00783911 2.15441e-06 4.88814e-09 0.0242648 4.67862e-09 0.00460014 3.06274e-06 8.50967e-05 0.0162322 4.28831e-06 0.0519899 1.46339e-07 7.35031e-07 0.0305354 
0.000903099 0.18797 0.0689763 0.00982367 0.00519376 0.00401243 0.454158 0.00431523 0.00560306 3.89745e-06 0.041458 0.043915 0.0247071 0.0337422 0.000424406 1.14538e-08 0.0331119 1.09629e-08 0.000170375 0.00659306 4.68751e-05 0.00126725 5.33798e-05 0.00566801 0.0198101 0.00166738 0.0464052 
0.0126575 0.0118422 0.234262 0.00645601 0.124377 0.0484404 0.235803 4.23414e-06 0.00338867 1.12096e-05 0.0603389 0.0167807 0.0158883 0.0544288 2.04155e-06 9.22342e-09 0.00342433 8.82809e-09 0.000129583 0.000246506 0.00848288 6.25866e-06 9.89596e-06 0.00364367 1.08303e-06 0.149625 0.00974986 
4.5309e-07 0.00359329 0.0256071 4.93282e-07 0.00395672 0.0197778 0.0301004 2.4599e-07 0.000348596 2.34951e-07 0.136167 0.0121927 0.433386 0.00182746 2.0268e-05 2.3595e-10 0.00260325 2.25837e-10 0.00104557 1.01041e-06 0.000725843 0.168058 9.98016e-07 0.15582 0.00473486 4.54509e-06 2.6578e-05 
0.000457115 0.00298209 0.00161151 4.10363e-05 0.0054034 0.000101633 0.0324103 0.00012958 0.887238 1.76498e-07 0.0174493 0.000486981 0.0173245 0.000615087 1.10784e-05 7.75675e-13 0.00316748 7.42428e-13 8.98937e-09 1.86733e-05 0.000747541 0.000792344 1.08477e-08 8.08835e-06 0.000394769 0.0247233 0.00388629 
0.000457115 0.00298209 0.00161151 4.10363e-05 0.0054034 0.000101633 0.0324103 0.00012958 0.887238 1.76498e-07 0.0174493 0.000486981 0.0173245 0.000615087 1.10784e-05 7.75675e-13 0.00316748 7.42428e-13 8.98937e-09 1.86733e-05 0.000747541 0.000792344 1.08477e-08 8.08835e-06 0.000394769 0.0247233 0.00388629 
9.1535e-05 0.177486 0.1216 0.00154293 0.238909 0.0118473 0.00783836 4.24235e-05 5.23467e-05 4.00915e-06 0.0497044 0.003219 0.0211862 0.0883057 4.26813e-05 0.00286123 0.0274191 1.93799e-06 1.3097e-05 0.000224808 0.154801 0.0115506 0.000433481 0.0117643 7.90711e-05 0.00955113 0.0594289 
0.000397012 0.0241618 0.0446631 0.00218982 0.0534402 0.00151615 0.00458137 0.00209647 0.000386223 7.85879e-06 0.0765936 0.245643 0.0460308 0.241262 4.53511e-05 1.39471e-07 0.0686959 1.33493e-07 5.58216e-05 2.12641e-05 0.000422251 0.00880354 0.00108796 0.050122 6.78706e-06 5.53295e-05 0.127714 
0.00072463 0.00293421 0.00485776 0.000177423 0.0431513 0.000360097 0.0698124 0.000127223 0.000909219 1.3955e-05 0.0253661 0.153642 0.0257955 0.00232601 3.01128e-05 2.74446e-12 0.139649 2.62683e-12 0.000189846 2.36968e-08 0.00366706 0.00347297 1.17698e-05 0.0156204 9.63222e-05 2.12598e-05 0.507044 
0.00338315 0.018128 0.0163264 0.00340803 0.477166 0.00280556 0.0167862 0.00286387 0.0091794 1.45291e-07 0.100993 0.0629365 0.012578 0.0256586 9.99623e-05 2.91056e-09 0.0472321 2.78581e-09 0.0107233 9.82967e-05 0.0748464 0.0269771 0.000426911 0.00894428 4.89585e-05 0.0588116 0.019578 
0.00450294 0.0558494 0.679072 0.0011437 0.0683835 0.0030819 0.000784743 0.0014909 0.00250978 0.000179221 0.0508021 0.00376471 0.010626 0.00329153 8.1128e-06 0.00129815 0.00516941 9.42422e-07 0.000733505 0.0183873 0.00121321 0.0169478 4.49849e-05 0.0339003 0.000178762 0.0258351 0.0108003 
0.000543687 1.17503e-05 0.0710142 1.80021e-06 0.00824405 0.00866229 0.00148621 0.00082298 0.00833661 4.80545e-06 0.0420254 0.0339662 0.00776718 0.518696 4.07983e-06 4.26681e-06 0.0167823 3.10679e-07 1.67376e-05 1.12317e-05 0.0222265 0.000174343 0.111494 0.000361149 1.64207e-06 0.000594303 0.146746 
0.00197914 0.0515102 0.0119477 0.010055 0.0107069 0.00619831 0.00447874 0.000190395 6.59726e-06 5.46625e-06 0.0541186 0.0468566 0.0229117 0.0113911 3.14531e-05 0.000112829 0.0788395 2.29538e-06 0.000153781 3.38983e-05 0.000335016 0.328566 3.76127e-06 0.0048673 6.31114e-05 0.00342015 0.351215 
0.0129892 0.00088532 0.768548 0.0249491 0.0393545 0.0653645 0.000533324 0.000111886 0.000236387 2.32964e-05 0.0126355 0.0415456 0.00119361 0.0175743 0.000118902 3.46913e-07 0.000731014 3.32044e-07 3.87973e-07 0.00310441 1.92564e-05 0.000303486 0.000236541 0.00137932 0.000376969 4.05396e-05 0.00774356 
0.00645846 0.000818891 0.154175 0.00200949 0.0163017 1.44273e-07 0.000875948 0.000333591 0.000126098 0.000992819 0.218215 0.00134518 0.0241386 0.00265883 0.000261282 1.17343e-06 0.0430482 7.02703e-08 1.96606e-07 0.0169997 0.000684329 0.00050323 0.00364404 0.00117769 0.00133279 0.0433724 0.460525 
0.00725666 0.0027457 0.0012732 4.19192e-05 0.0380515 6.40868e-05 0.0409105 0.000177221 0.000869298 1.77942e-05 4.91407e-05 0.00796482 0.000905205 0.00612777 2.50052e-05 1.74899e-05 0.0108003 2.60225e-06 3.35702e-05 0.000325969 0.00318356 0.000168778 1.37845e-05 0.489059 0.382174 0.000122622 0.00761944 
0.0127633 0.00292455 0.0161031 0.00010364 0.0167083 0.00376148 0.00115582 4.39298e-05 0.000421369 2.24993e-05 0.644446 0.0369686 0.15544 0.0284444 3.37032e-05 0.000147977 0.0232112 6.34277e-06 0.00105486 0.0248041 0.00411717 0.00379964 0.00202778 0.00377885 4.481e-05 0.0115798 0.00608634 
0.000270462 0.000439052 0.000893566 0.0022303 0.0207217 1.84333e-08 0.000311385 0.00430516 4.25283e-05 3.92111e-08 0.00866258 0.000881891 0.00264058 0.000122011 1.50547e-06 0.000371 0.00122173 8.71538e-11 0.00239035 8.72526e-06 0.00195764 0.00091755 0.948401 0.00120222 1.45737e-05 0.000550368 0.00144233 
0.000669488 0.0193197 0.0278441 2.16639e-05 0.0378604 0.000103424 0.00105154 1.19006e-06 0.00346612 5.82884e-07 0.38871 0.154488 0.00161568 0.133273 7.73936e-07 1.12094e-09 0.0281937 1.07289e-09 6.19612e-06 2.36388e-06 0.00067589 0.00408531 2.8914e-06 0.000396422 9.75177e-06 0.000324163 0.197877 
0.000457115 0.00298209 0.00161151 4.10363e-05 0.0054034 0.000101633 0.0324103 0.00012958 0.887238 1.76498e-07 0.0174493 0.000486981 0.0173245 0.000615087 1.10784e-05 7.75675e-13 0.00316748 7.42428e-13 8.98937e-09 1.86733e-05 0.000747541 0.000792344 1.08477e-08 8.08835e-06 0.000394769 0.0247233 0.00388629 
8.64817e-05 0.00208957 0.118622 0.0026408 0.256891 1.30118e-05 0.0251584 3.35133e-07 1.38575e-05 0.00148842 0.0902091 0.00469972 0.0148381 0.00432951 0.000185268 1.30648e-06 0.0104745 3.98913e-11 0.000184525 0.424392 0.0120611 0.00432349 3.43003e-05 0.000709586 0.00109691 0.0124413 0.0130148 
0.00142684 0.0154369 0.0664477 0.00115493 0.0884618 0.00259797 0.00166001 0.0995887 0.000762625 4.46033e-05 0.268043 0.102043 0.0263624 0.00703134 7.57552e-05 7.03284e-05 0.202848 3.49561e-05 0.000121654 0.00639853 0.0111169 0.00398858 0.00765792 0.00837475 5.37622e-05 0.0239034 0.0542926 
0.0010413 0.0362373 0.00332997 0.000170629 0.0117952 0.0108112 0.00108993 0.000203193 9.01098e-05 3.43368e-05 0.38453 0.230394 0.00227077 0.00237932 2.53259e-05 1.98243e-09 0.256615 1.89746e-09 1.14189e-05 2.16723e-05 0.0145 0.00161556 1.95636e-09 0.0287191 3.4465e-07 0.00509195 0.00902279 
4.25837e-08 0.0114171 0.45131 1.28463e-07 0.11393 3.348e-06 0.224794 0.00302491 9.5261e-07 0.000133937 0.153676 0.00988206 0.0166511 0.00674779 4.77955e-07 2.53278e-10 2.94788e-06 2.42422e-10 2.83255e-10 0.00130147 0.000611499 0.00420506 0.00230158 5.56217e-06 3.23895e-08 1.63355e-07 4.86725e-07 
6.42435e-05 0.0438875 0.248176 0.000459736 0.0758642 0.0107297 0.0364942 0.0385762 0.247487 2.27284e-05 0.0994713 0.0277847 0.0296585 0.00914505 0.00650266 0.0003603 0.00881725 2.05699e-05 3.19221e-05 0.000446623 0.00126871 0.0190967 0.00214613 0.060897 0.00132421 0.0273399 0.00392648 
0.00725666 0.0027457 0.0012732 4.19192e-05 0.0380515 6.40868e-05 0.0409105 0.000177221 0.000869298 1.77942e-05 4.91407e-05 0.00796482 0.000905205 0.00612777 2.50052e-05 1.74899e-05 0.0108003 2.60225e-06 3.35702e-05 0.000325969 0.00318356 0.000168778 1.37845e-05 0.489059 0.382174 0.000122622 0.00761944 
0.0201661 0.0661027 0.00704721 0.217102 0.0299518 0.00365997 0.00639604 0.0231207 0.000269291 0.000130886 0.0692769 0.0512879 0.110535 0.0154599 0.000119212 0.00622273 0.0539254 5.12736e-05 0.00401504 0.000303843 0.00191936 0.0365088 0.00080819 0.0427752 0.00136572 0.00104026 0.230439 
0.00301353 0.380533 0.00349643 0.0270186 0.00045848 0.341853 0.0142011 0.00111658 0.0129207 7.84908e-06 0.0370416 0.0277328 0.0809734 0.003991 5.98855e-05 6.89189e-06 0.0280214 2.5102e-06 0.00111743 0.00775397 9.2492e-05 0.00135576 8.47309e-05 0.00220703 0.0130172 0.00475062 0.00717125 
4.71823e-05 0.00676717 0.000734427 0.00026434 0.0162525 0.0237382 9.86901e-05 0.00014176 2.74314e-05 3.20348e-06 0.133122 0.172785 0.023798 0.0160793 1.09722e-05 2.57563e-05 0.0153033 6.25646e-07 2.04959e-05 1.01974e-05 0.0151544 0.0252997 0.000145013 0.525176 0.00595677 0.0188682 0.000169291 
0.0273108 0.0250392 0.148321 0.0038244 0.64345 0.0109443 0.000658587 0.00345946 4.29859e-05 1.52624e-06 0.039845 0.00135093 0.0024853 0.0213801 0.00122492 0.000117598 0.014749 2.89991e-07 0.00877447 9.52528e-05 0.0320601 0.000274737 0.000612389 0.000145887 5.80224e-06 0.00633188 0.00749443 
0.000321541 0.00570952 0.0813719 0.011756 0.00257461 0.000448343 0.00232819 0.000845916 8.97688e-06 0.452811 0.0621087 0.00322463 0.0140503 0.000430598 0.000145283 2.85302e-06 0.00840521 1.45272e-06 0.000260333 0.00339945 0.000435142 0.00758707 1.48038e-05 0.00228416 0.000175266 0.00101506 0.338284 
0.0335853 3.61297e-07 0.292507 0.00325477 0.0320327 2.27698e-06 0.00807229 3.9796e-05 0.00028484 0.000777401 0.0844347 0.00220791 0.023137 0.0105219 0.000105617 2.4956e-05 0.0343435 1.45947e-07 0.00114812 0.00874879 0.000749182 0.00521129 0.000212448 1.86163e-05 0.000524409 0.00016112 0.457893 
0.000270462 0.000439052 0.000893566 0.0022303 0.0207217 1.84333e-08 0.000311385 0.00430516 4.25283e-05 3.92111e-08 0.00866258 0.000881891 0.00264058 0.000122011 1.50547e-06 0.000371 0.00122173 8.71538e-11 0.00239035 8.72526e-06 0.00195764 0.00091755 0.948401 0.00120222 1.45737e-05 0.000550368 0.00144233 
0.00322243 0.0221565 0.353606 0.0484849 0.0375927 0.0193545 0.0231075 0.00551731 0.000338462 0.00133384 0.0142291 1.55451e-07 0.380509 0.0220074 0.000843773 5.78958e-07 0.00836498 7.33839e-08 4.47947e-06 0.0156734 0.00434894 0.0323475 1.4934e-06 4.21083e-05 2.04141e-06 8.94219e-08 0.00691115 
0.000270462 0.000439052 0.000893566 0.0022303 0.0207217 1.84333e-08 0.000311385 0.00430516 4.25283e-05 3.92111e-08 0.00866258 0.000881891 0.00264058 0.000122011 1.50547e-06 0.000371 0.00122173 8.71538e-11 0.00239035 8.72526e-06 0.00195764 0.00091755 0.948401 0.00120222 1.45737e-05 0.000550368 0.00144233 
0.000441758 0.000522404 0.161678 0.000590302 0.28753 0.00130926 0.0375285 0.048749 0.00231171 1.57455e-06 0.0264313 0.00630843 0.0096894 0.064001 0.000424522 2.48893e-07 0.253613 3.35134e-08 2.56676e-05 0.00281461 0.0177131 0.00281828 0.000594045 0.0177493 4.90445e-05 0.0498586 0.00724662 
0.00162376 0.0109612 0.560028 7.2665e-05 0.0567908 0.00203963 0.000409387 0.0265063 0.0258394 6.51463e-07 0.0423998 0.0498729 0.00124877 0.0939387 3.49607e-06 3.0082e-09 0.00375577 2.87926e-09 8.9392e-05 0.0477358 0.00990963 0.00890134 0.00122182 0.000223579 0.000211445 0.00174103 0.0544746 
0.0131206 0.00424348 0.194759 0.00507451 0.118459 0.00205551 0.0123744 0.00158703 0.00683108 6.38995e-05 0.155377 0.0372709 0.00336639 0.279845 0.000333976 1.8508e-10 0.0733382 1.77147e-10 0.00249409 0.0245649 0.043283 0.000535696 0.000844259 0.00338767 0.000400141 0.00278935 0.0136003 
0.000609637 6.35516e-09 0.226568 4.22528e-09 0.0970848 7.60852e-08 0.000377902 0.000111148 1.03614e-07 1.6202e-07 0.037856 0.00522307 0.00040785 0.0035236 6.8338e-05 5.75507e-12 0.00421442 5.5084e-12 3.92673e-08 0.616983 0.00359516 9.25901e-08 2.11278e-07 7.52257e-08 0.000411681 0.00296433 1.91809e-07 
5.78769e-07 3.4465e-05 0.606359 0.00050599 0.00146081 0.0051339 0.0122042 0.000233128 0.00638313 0.000797022 0.0277524 0.0140497 0.0261074 0.00219829 0.000109205 1.73371e-07 0.0069415 1.02249e-07 9.21456e-06 0.00117777 7.39625e-06 0.00174309 7.66612e-07 4.75286e-05 0.000421159 1.252e-06 0.286321 
0.000677985 0.018308 0.02136 0.0540075 0.238623 4.9409e-05 0.00090612 0.00874144 3.23143e-06 7.96651e-06 0.019956 0.0191201 0.0244258 0.000311017 1.55695e-05 2.9306e-07 0.00827218 1.02881e-07 0.0143539 1.2117e-05 0.000366357 0.477732 5.72222e-07 0.00421445 4.47415e-06 0.000240034 0.0882902 
0.00354126 0.0527206 0.00602633 0.0414741 0.0125315 0.000421462 0.00492429 0.00440577 2.17708e-05 3.44754e-05 0.0636422 0.111384 0.0083953 0.00164784 5.19894e-05 2.26565e-05 0.557 1.47591e-05 0.0018114 0.000627205 0.00213735 0.0381168 2.55145e-05 0.00184146 8.88497e-05 0.0094589 0.0776322 
0.0276863 0.00809837 0.0367994 0.000775307 0.0421603 0.00465828 0.00680172 0.000961993 0.000100152 0.000113355 0.291478 0.102918 0.0412146 0.00445865 5.33473e-05 0.000180009 0.196195 1.24308e-05 0.0914369 0.0335893 0.00413917 0.0245239 2.47843e-05 0.0540521 0.000191961 0.00393336 0.0234444 
3.28587e-07 0.00189801 0.870768 9.08896e-07 0.042009 4.17026e-05 0.0211905 0.000952086 0.000142675 2.8909e-05 0.0059183 2.59975e-07 0.0005062 0.00764133 2.53208e-05 9.35398e-10 0.00768946 8.95305e-10 1.40171e-06 0.00722976 6.33108e-06 5.52655e-09 0.000442208 0.00034921 0.000555514 0.000397476 0.0322048 
0.000270462 0.000439052 0.000893566 0.0022303 0.0207217 1.84333e-08 0.000311385 0.00430516 4.25283e-05 3.92111e-08 0.00866258 0.000881891 0.00264058 0.000122011 1.50547e-06 0.000371 0.00122173 8.71538e-11 0.00239035 8.72526e-06 0.00195764 0.00091755 0.948401 0.00120222 1.45737e-05 0.000550368 0.00144233 
1.76795e-06 0.000839664 0.535376 0.000270154 0.00494293 0.000157267 0.016522 9.03658e-05 3.27443e-06 0.0415025 0.0103804 0.000316762 0.0307955 0.00031778 0.266221 0.000623634 0.00611979 3.59735e-08 8.55925e-05 0.0247688 0.000252565 0.00108319 0.000157079 0.00115781 0.00656911 8.61138e-06 0.0514363 
0.000457115 0.00298209 0.00161151 4.10363e-05 0.0054034 0.000101633 0.0324103 0.00012958 0.887238 1.76498e-07 0.0174493 0.000486981 0.0173245 0.000615087 1.10784e-05 7.75675e-13 0.00316748 7.42428e-13 8.98937e-09 1.86733e-05 0.000747541 0.000792344 1.08477e-08 8.08835e-06 0.000394769 0.0247233 0.00388629 
0.000193735 0.00460561 0.620184 0.0126368 0.0188249 0.000740818 0.000953002 0.00104175 3.47937e-05 0.111669 0.0681148 0.000253823 0.00492388 0.000535521 1.35537e-06 1.00549e-06 0.0443957 9.62392e-07 1.12449e-06 8.73293e-06 0.000703216 0.0996569 9.92265e-07 0.0102652 1.85176e-05 7.09351e-05 0.000162337 
0.000248943 0.0069822 0.00892091 0.000122981 0.0538531 3.30175e-08 0.0247301 2.5403e-08 0.000377908 5.2284e-06 0.15795 0.180072 0.0423987 0.00225424 9.02481e-05 5.24367e-12 0.248673 5.01892e-12 0.000396071 0.000172359 0.00251369 0.0207233 0.0212869 0.00696927 2.00785e-05 0.000569236 0.22067 
0.0108391 0.00289484 0.00484189 0.00272324 0.0468443 0.00301536 0.00669694 9.98206e-05 7.40915e-05 2.41846e-06 0.701923 0.073913 0.0432996 0.0431208 0.000149312 2.26574e-11 0.0224239 2.16863e-11 0.00077813 0.000113608 0.00889333 0.00176828 4.83399e-09 0.00604774 4.87585e-06 0.000337162 0.0191953 
0.000299336 0.023252 0.298801 0.00192467 0.242959 6.39928e-05 0.00395588 0.00285766 0.00058775 1.98171e-05 0.238709 0.0223002 0.0185896 0.0131032 7.23743e-06 1.58217e-05 0.0321006 7.38333e-08 1.08533e-07 0.00118854 0.0044141 0.00214848 0.00264143 0.00134514 2.59197e-05 0.00197969 0.086709 
6.05876e-05 0.00267613 0.0281195 0.000150218 0.0653275 0.00692123 0.00422424 4.18034e-05 0.000116302 4.75048e-06 0.25105 0.30076 0.021753 0.0111569 7.63027e-06 2.74529e-07 0.168152 1.60222e-08 0.000120255 0.00036668 0.0524721 0.0112306 1.98866e-05 0.0119363 2.05144e-05 0.00284176 0.0604703 
0.000377105 5.98045e-05 0.0024967 2.40468e-05 0.00312684 5.8926e-05 0.00249019 2.72425e-08 0.000578908 4.35471e-09 0.421829 0.329812 0.0122986 0.000608007 1.81354e-05 6.55114e-12 0.0845462 6.27035e-12 0.0108771 8.859e-05 0.00232489 0.00168473 0.00800015 0.00041328 3.2857e-06 9.75946e-05 0.118186 
0.00183055 0.00395049 0.00705817 0.0127845 0.0296757 0.00222196 0.0027596 0.00211195 7.232e-05 6.61216e-06 0.748807 0.0331331 0.0480433 0.00576446 0.000113755 1.89125e-07 0.03885 1.62194e-07 0.00116701 0.0105082 0.00279491 0.0102499 7.73094e-05 0.00748641 1.69477e-05 0.0107492 0.0197659 
0.000362509 0.00287201 0.00561302 0.00101003 0.0139877 0.00100014 0.0097849 0.00231419 6.54561e-06 4.77708e-06 0.564749 0.162043 0.00955245 0.00122592 2.10614e-05 3.733e-05 0.190485 2.20751e-07 0.000130958 0.000200415 0.000736409 0.00957389 6.28537e-07 0.0119543 7.52445e-05 0.00280848 0.00945055 
0.0420501 0.00289028 0.129339 0.000258235 0.0846191 0.00671472 0.00449409 0.00845879 0.227219 2.82361e-07 0.00196111 3.12896e-06 0.0721889 0.00667701 2.67864e-06 2.5418e-08 0.202893 2.43286e-08 0.000413829 0.00017872 0.0017088 0.00412554 2.93503e-06 0.201956 0.00183494 6.24132e-07 9.44765e-06 
0.142602 0.0298547 0.00051508 0.00178161 0.0138432 0.0230009 0.000310651 0.00303181 2.0451e-06 0.00026993 0.0386463 0.301898 0.029369 0.00981577 2.24439e-06 2.06485e-08 0.000463813 1.97635e-08 0.0187969 2.99033e-05 5.23061e-05 0.00753658 4.05049e-07 0.367221 0.0101378 2.95244e-05 0.000788845 
0.00174374 0.0207398 0.0396859 0.00287042 0.0379925 0.000741084 0.209533 0.00389766 0.0387268 0.000121093 0.190141 0.0321329 0.0592803 0.01399 0.000719494 0.000131708 0.139564 2.43976e-05 0.0256934 0.0339177 0.0178817 0.00847179 0.00388907 0.0263222 0.0393936 0.0154357 0.0369585 
0.000213368 0.0227684 0.0123101 0.0185574 0.00854962 0.00249804 0.00463172 3.27383e-06 6.97249e-07 0.0274567 0.477236 0.164488 0.0131102 0.000702727 0.000467822 2.17062e-06 0.0582387 1.60848e-09 0.000667256 0.00110397 0.000654291 0.0218897 1.65841e-09 0.104089 0.0012295 0.0123734 0.0467572 
0.00200189 0.0924964 0.0217745 0.0130731 0.0302325 0.0108482 0.0183453 0.00622666 0.0012257 0.000517928 0.164292 0.0967687 0.10301 0.0204119 0.000442889 0.000825541 0.0552554 0.000410691 0.00195559 0.0107906 0.0118328 0.192213 0.00126896 0.0770998 0.00133683 0.0153281 0.0500155 
0.0124455 0.0181065 0.0201772 0.0181118 0.299659 0.00721645 8.4167e-05 0.00377174 0.000224369 8.19768e-07 0.0981674 0.116327 0.00470832 0.094683 1.81449e-05 1.08982e-10 0.0765017 1.04311e-10 1.45463e-07 0.000289286 0.135748 0.00786146 0.00215793 0.030782 9.1304e-08 0.0246681 0.0282908 
4.34336e-05 0.00516539 0.00821507 0.00192286 0.00799783 0.00511607 0.0738379 0.00173056 0.000779819 1.17211e-05 0.0954097 0.0696183 0.00852114 0.00118198 2.75873e-05 3.85968e-08 0.0421166 6.87151e-10 4.59963e-05 3.58089e-05 0.000474371 0.00229242 7.13509e-07 0.00415118 0.000285118 0.017002 0.654016 
0.00113855 0.00508283 0.0142739 0.00407454 0.0246043 0.0011031 0.0122271 0.00201975 0.00305867 7.84921e-05 0.299698 0.0392018 0.0872083 0.00379735 0.000181272 0.000600246 0.157055 1.86633e-05 0.138943 0.0370759 0.00724538 0.0311161 0.0018138 0.110824 0.00207695 0.0104483 0.00503595 
1.50925e-05 0.000985175 0.414571 0.0312456 0.199736 0.000856999 0.0062335 0.000227557 2.0551e-05 0.000641255 0.221082 0.00016949 0.013329 0.00306207 0.0060104 6.61787e-08 0.0175796 6.33422e-08 0.000717857 0.000244126 0.00129156 0.000585834 1.68204e-05 0.00350136 0.0004059 0.000214655 0.0772559 
0.000832563 0.00732638 0.0761375 0.0101468 0.00101094 0.00081154 0.00581981 0.000726449 1.31516e-05 0.244523 0.0669849 0.00271948 0.0167312 0.00021639 9.21913e-05 0.00105934 0.0161899 4.29959e-06 0.000126156 0.00240014 4.8705e-05 0.00624442 4.81871e-06 0.00164449 0.00189908 0.00167579 0.53461 
7.84283e-05 0.00225735 0.876307 0.000244606 0.0264565 0.00818273 0.0054762 0.000192079 0.00356071 0.000483854 0.0326152 0.0189274 0.00229845 0.001037 5.26368e-07 1.37243e-08 0.00145038 1.3136e-08 1.34203e-05 0.00627465 0.000350263 0.00302509 0.00013154 0.000509689 0.000858032 0.000700421 0.00856885 
0.00173195 0.00438352 0.741776 0.000740356 0.0574142 0.00218037 0.000366804 0.000413065 0.000403055 3.31185e-05 0.0514619 0.0063119 0.0532812 0.00672758 1.07386e-05 0.000352199 0.0151188 1.03277e-06 8.32313e-06 0.00320707 0.00104367 0.000786559 0.000131251 0.00897157 6.43008e-05 0.00166744 0.0414119 
0.270888 0.0776549 0.272739 0.00250341 0.118811 8.50653e-05 0.000642991 0.00176059 0.000213778 0.000186238 0.1241 0.0295711 0.0136507 0.00120037 0.00122117 0.0126266 0.0245097 2.52177e-07 0.0170425 0.00874681 0.000459447 0.00137533 0.000446281 0.00108188 0.000251993 0.00770792 0.0105231 
0.0565196 9.97897e-05 0.00170496 1.49554e-05 0.00272152 3.84838e-05 0.00225548 4.45329e-05 0.000400471 2.50165e-06 0.505424 0.251222 0.00792662 0.000251821 1.71559e-05 5.27914e-09 0.0506267 5.05287e-09 0.00465345 0.00011603 0.00140926 0.00839977 0.00544349 0.000694316 2.0967e-05 8.82083e-05 0.099904 
0.000209951 0.0646792 0.562792 0.00296556 0.0226224 0.0600595 0.042448 0.0576572 0.0227925 2.55248e-06 0.0387121 0.0127138 0.0181784 0.00345373 3.70289e-05 0.00339873 0.00418364 9.4144e-08 5.39923e-06 2.77318e-05 0.000976422 0.00755919 1.01515e-06 0.0665925 0.0010563 1.62535e-05 0.0068587 
4.75296e-06 0.00017099 0.000901046 4.06475e-08 0.000356676 0.000367838 0.000638123 0.00226345 0.988875 4.30185e-07 0.000934087 0.00267426 0.000841072 7.54179e-06 7.33272e-09 7.93691e-12 0.00114992 7.59672e-12 2.30692e-09 1.35497e-07 1.16465e-05 0.000202377 2.64527e-08 0.000252872 3.12142e-05 4.30668e-05 0.000273323 
0.00341856 0.0348905 0.309056 1.40684e-05 0.0964351 0.290911 0.00171851 0.0204226 0.00678659 8.1691e-05 0.031572 0.0279271 0.00807006 0.00675452 0.000112251 2.50166e-07 0.0192095 2.39443e-07 0.0528574 0.000773072 1.69162e-05 0.0228438 3.7749e-05 0.0217603 8.67577e-05 7.58207e-06 0.0442353 
0.0371449 0.00948843 0.0232083 0.009039 0.44552 0.000289101 0.00165431 0.0301077 1.13605e-05 1.93729e-05 0.0404683 0.0349594 0.00302153 0.132111 0.011937 5.63884e-06 0.0238447 1.73751e-06 0.000396054 0.000802234 0.137551 0.000165801 0.0269122 0.00608661 2.4639e-05 0.00779096 0.0174383 
0.0517009 0.00580759 0.0127371 0.00674625 0.0220323 0.00568556 0.00103726 0.000329797 0.000358131 5.37448e-05 0.345721 0.353146 0.0104502 0.00694336 3.14004e-05 1.27072e-10 0.0303578 1.21626e-10 2.10406e-05 0.0108316 0.00188011 0.00919234 0.000543343 0.0170605 1.35339e-05 0.00160775 0.105711 
4.75296e-06 0.00017099 0.000901046 4.06475e-08 0.000356676 0.000367838 0.000638123 0.00226345 0.988875 4.30185e-07 0.000934087 0.00267426 0.000841072 7.54179e-06 7.33272e-09 7.93691e-12 0.00114992 7.59672e-12 2.30692e-09 1.35497e-07 1.16465e-05 0.000202377 2.64527e-08 0.000252872 3.12142e-05 4.30668e-05 0.000273323 
0.000901929 0.131987 0.21314 6.35536e-05 0.00884188 0.00416174 0.241957 4.94499e-07 2.74127e-05 4.77546e-09 0.0722287 0.00190232 0.159437 6.20632e-05 6.38629e-07 5.94027e-10 0.00560774 5.68566e-10 0.000168718 0.13327 1.53681e-07 0.000903839 2.7386e-05 0.0018641 0.000555312 1.50047e-05 0.022876 
0.00158257 0.415777 0.150028 0.00579704 0.0192326 0.151577 0.00662198 0.00316993 0.091736 3.98586e-05 0.0188862 0.0683441 0.0049737 0.0142679 6.46987e-07 2.85034e-08 0.0122376 2.72817e-08 1.76434e-05 0.00242208 6.49963e-05 0.00559606 0.000219919 0.00702752 0.000201606 2.13395e-05 0.0201565 
0.0723464 0.0208873 0.0929708 0.00377603 0.135998 0.109149 0.0244805 0.00141422 0.00916541 6.15143e-05 0.209416 0.0638053 0.027193 0.0310708 0.00104061 1.13588e-06 0.0631042 1.27618e-07 0.000174932 0.0719409 0.00585402 0.00215512 0.0055124 0.0028786 8.48511e-05 0.0217525 0.0237674 
0.000279546 0.0333738 0.331108 0.0558085 0.0289342 0.0113343 0.000870792 0.0565154 0.00307126 0.139078 0.054178 0.00998363 0.0158774 0.0130614 2.93169e-05 9.59252e-06 0.0125657 5.99435e-06 0.00138867 0.00153027 0.00319974 0.0159749 0.00589287 0.0773573 0.000214706 0.000298838 0.128058 
6.16106e-05 2.9365e-05 0.408428 0.000324564 0.353858 1.66318e-07 0.000210231 0.000279169 2.26562e-07 0.000334567 0.0130383 0.000524001 4.11068e-05 0.00787085 0.000262585 5.3252e-10 0.00543397 5.09695e-10 2.47034e-05 0.128778 0.0533083 2.02282e-07 0.00684785 1.64382e-07 0.000547697 0.0160055 0.00378973 
2.74712e-07 8.85952e-08 0.0410202 1.14687e-08 0.0815115 9.44077e-05 6.17146e-08 0.000967839 8.18571e-05 0.000201038 0.417723 0.273016 0.00630616 0.00737109 0.000209924 1.44896e-06 0.155352 6.20791e-12 4.42539e-08 1.37415e-05 0.00195416 0.00645926 0.000881241 0.00412033 0.000205067 1.04367e-06 0.00250776 
1.67052e-08 0.0025237 0.0161959 2.45973e-09 0.0109419 0.00263606 0.00183928 8.63111e-09 0.000251825 1.77926e-09 0.737364 0.0520995 0.0727533 0.00357156 9.60966e-05 1.17029e-12 0.0551844 1.12013e-12 2.72244e-08 0.000294506 0.000266952 0.00511949 0.0229312 0.0130422 4.02939e-06 0.000371724 0.00251273 
0.00213123 0.0174014 0.383994 0.0620853 0.00959678 0.0636858 0.00173972 0.000250912 0.00109598 0.000125389 0.130474 0.186598 0.0285605 0.00174126 0.000264245 1.00593e-05 0.000910011 2.67378e-06 0.00158771 7.97526e-05 0.00173163 0.0249348 0.00467985 0.0560837 3.01854e-05 0.00204803 0.0181578 
0.000270462 0.000439052 0.000893566 0.0022303 0.0207217 1.84333e-08 0.000311385 0.00430516 4.25283e-05 3.92111e-08 0.00866258 0.000881891 0.00264058 0.000122011 1.50547e-06 0.000371 0.00122173 8.71538e-11 0.00239035 8.72526e-06 0.00195764 0.00091755 0.948401 0.00120222 1.45737e-05 0.000550368 0.00144233 
0.00117104 0.0108192 0.687082 0.000383662 0.0288861 0.0242713 0.00929563 0.0418823 1.1369e-06 1.36399e-07 0.0792774 0.005681 0.0106037 0.00580521 0.000459605 7.63734e-06 0.0265637 2.63691e-09 3.08106e-09 0.0180018 0.00330749 5.34865e-06 2.71876e-09 0.046493 3.12961e-07 5.23365e-07 3.70651e-07 
0.057337 0.00517894 0.0182312 0.00031812 0.0938185 0.00117244 0.00183483 0.0111891 0.00356562 4.12683e-07 0.0945964 0.0697373 0.220058 0.0231195 2.55495e-07 7.81112e-07 0.0331609 1.85261e-07 0.27259 0.000115568 0.0208474 0.0124905 0.00162967 0.00111186 2.72026e-05 0.000278594 0.0575888 
0.00528434 0.00720605 0.00347081 2.32787e-05 0.459143 5.04025e-06 0.0015737 0.00597166 0.00768553 2.03053e-07 0.0314772 0.00529998 0.00836841 0.0482978 2.03734e-05 0.00531559 0.0291679 7.28255e-09 0.000373916 0.000189797 0.0420258 0.00570159 0.237108 0.0176896 1.57662e-05 0.0349416 0.0436424 
0.424305 0.0346253 0.177818 0.000717319 0.00910558 0.00539893 8.7698e-07 1.06377e-05 4.66131e-06 8.71503e-07 0.118885 0.0137075 0.00429254 0.00800774 1.31188e-06 2.62537e-09 0.0780761 2.51284e-09 3.37269e-06 1.56024e-05 6.55583e-06 0.00674205 3.85843e-05 8.96614e-06 6.98103e-05 3.70274e-05 0.118121 
0.00383913 0.00141285 0.691933 4.83049e-06 0.0707082 0.000267714 0.00916933 0.000175569 8.14404e-05 6.85742e-05 0.0914558 0.0063272 0.00125957 0.00412667 0.00049711 2.37071e-08 0.00875525 2.26909e-08 9.46828e-05 0.0804253 0.0052947 0.000978953 1.70674e-05 0.00731249 0.000583996 0.000338941 0.0148716 
0.000571386 0.00478144 0.0128047 0.00040892 0.0107362 0.00587062 0.00106423 0.000132816 0.927902 9.71017e-08 0.00116681 0.00329627 0.00963688 0.0105376 6.40969e-07 1.34271e-09 0.00230252 1.28516e-09 6.6749e-06 2.80218e-07 0.00532538 0.000717973 1.32505e-09 0.000148339 5.61502e-05 0.00109424 0.00143828 
0.00131869 0.0125179 0.0365937 1.14459e-06 0.0525299 2.64638e-05 0.00999109 0.000202847 0.000506208 4.81615e-06 0.437004 0.086826 0.020158 0.000478624 3.42012e-07 1.15018e-06 0.293564 4.55363e-09 1.76756e-06 0.000594726 0.00547404 0.0187946 3.56853e-06 0.0101505 0.000944096 0.000687357 0.0116242 
0.00230223 2.0849e-08 0.452253 8.59445e-05 0.160579 5.42948e-08 0.000854249 0.00281842 7.39418e-08 1.1562e-07 0.0633641 0.00180281 0.000507337 0.00569942 9.11082e-05 2.1068e-11 0.0208455 2.0165e-11 0.000110645 0.269917 0.0052524 0.000341561 0.000650936 0.000446281 0.000390798 0.00636243 0.00532386 
0.00177316 0.0368472 0.0283342 0.0461117 0.0674789 0.00667336 0.00405773 0.0061629 0.000104127 0.000173699 0.117974 0.0100931 0.0523695 0.0141971 3.56775e-05 0.00825105 0.0703749 2.52476e-05 0.000931043 0.00178075 0.000326955 0.0381623 0.000795476 0.467383 0.00020771 0.00539507 0.0139807 
0.000470777 0.0391137 0.742296 0.000590462 0.00908294 0.00801878 0.00515906 4.69839e-06 7.74427e-05 2.27792e-05 0.0236813 0.00254223 0.0356836 0.00585418 1.21828e-05 1.11502e-05 0.0452804 4.92877e-07 0.000193087 6.64561e-07 0.00310657 0.00153397 4.40681e-05 0.000237356 6.77479e-05 2.81144e-06 0.0769119 
0.000663037 0.000903513 0.000653932 0.000466958 0.0352483 9.18372e-05 0.00074992 0.000287203 5.18729e-05 3.27559e-06 0.0417182 0.0136176 0.00108105 0.172741 7.3816e-05 2.13173e-05 0.0198776 4.18854e-07 6.45148e-05 0.000941126 0.700846 0.000499158 0.000154326 0.00195828 2.70198e-05 0.00596316 0.00129567 
0.00108103 0.000531468 0.555805 0.000989857 0.146714 0.000241094 0.00325749 0.000148624 9.94226e-05 1.30372e-05 0.128663 0.018079 0.031334 0.00513166 4.70238e-05 2.97249e-08 0.0082741 2.84508e-08 3.19435e-05 0.0713039 0.00979928 0.00316536 0.00612979 8.72412e-05 0.000398566 0.00487444 0.00379951 
0.00197914 0.0515102 0.0119477 0.010055 0.0107069 0.00619831 0.00447874 0.000190395 6.59726e-06 5.46625e-06 0.0541186 0.0468566 0.0229117 0.0113911 3.14531e-05 0.000112829 0.0788395 2.29538e-06 0.000153781 3.38983e-05 0.000335016 0.328566 3.76127e-06 0.0048673 6.31114e-05 0.00342015 0.351215 
4.36191e-05 0.00471595 0.0469319 1.36675e-06 0.00604371 0.000153712 0.00200876 0.000239777 0.910379 1.40868e-07 0.000770928 0.00950564 0.000895948 0.0117315 5.14642e-07 6.75895e-10 0.000813689 6.46925e-10 2.28982e-05 2.94815e-07 0.000520713 0.00226268 6.67006e-10 3.498e-05 0.000111496 0.00141025 0.001401 
0.000457115 0.00298209 0.00161151 4.10363e-05 0.0054034 0.000101633 0.0324103 0.00012958 0.887238 1.76498e-07 0.0174493 0.000486981 0.0173245 0.000615087 1.10784e-05 7.75675e-13 0.00316748 7.42428e-13 8.98937e-09 1.86733e-05 0.000747541 0.000792344 1.08477e-08 8.08835e-06 0.000394769 0.0247233 0.00388629 
0.00281587 0.0708959 0.128171 0.00824996 0.172946 0.00241193 0.0189947 0.0111011 0.00229653 1.64206e-05 0.117687 0.0182754 0.129463 0.106449 0.00363751 1.68477e-05 0.0799522 7.40341e-07 0.000746263 0.00217869 0.0465657 0.00675879 0.000129572 0.00940364 0.000266113 0.0057491 0.0548191 
5.79634e-07 0.00259845 0.00672802 0.016371 0.040104 1.14827e-06 0.0390162 2.90677e-07 3.31747e-07 8.79937e-09 0.636846 1.82608e-06 0.0516462 0.020034 6.64812e-08 5.47385e-11 0.110995 5.23924e-11 5.38773e-07 0.00608848 1.90048e-06 1.12545e-06 5.40187e-11 0.0124898 1.10027e-08 5.34567e-06 0.0570696 
0.00178493 0.25927 0.109469 0.0299868 0.20988 0.00655258 0.0179108 0.00569145 0.000666797 3.30881e-07 0.0250001 0.00749179 0.213395 0.0140551 7.5563e-07 3.07805e-06 0.0268137 2.82799e-08 2.63577e-07 0.00533978 0.0132322 0.0298232 7.42328e-06 0.0088413 4.63856e-05 0.00150076 0.0132365 
4.75296e-06 0.00017099 0.000901046 4.06475e-08 0.000356676 0.000367838 0.000638123 0.00226345 0.988875 4.30185e-07 0.000934087 0.00267426 0.000841072 7.54179e-06 7.33272e-09 7.93691e-12 0.00114992 7.59672e-12 2.30692e-09 1.35497e-07 1.16465e-05 0.000202377 2.64527e-08 0.000252872 3.12142e-05 4.30668e-05 0.000273323 
0.00504689 0.0214633 0.0318668 0.00650893 0.07262 0.0100081 0.00690766 0.00807769 0.009421 8.40675e-06 0.158731 0.215516 0.0621869 0.0318667 0.000482246 6.74429e-06 0.203035 8.1957e-07 0.000707328 0.000294986 0.0125898 0.0415621 0.000169274 0.0428705 7.18782e-05 0.00512357 0.052856 
0.0259812 0.00171288 0.027398 4.42833e-05 0.7927 0.0149427 0.00173915 0.0114272 1.09059e-06 1.76182e-06 0.00849822 0.000525083 0.0125479 0.050338 0.000653934 1.0316e-05 0.000362354 3.08732e-07 0.00560471 0.000768018 0.00666636 0.000450713 0.00474925 0.000381716 6.3039e-07 0.0264219 0.00607228 
1.76297e-05 0.00147983 0.139967 0.000371981 0.0199982 1.12094e-05 0.0142417 7.53164e-05 1.69802e-05 0.557693 0.0150115 0.020273 0.00499562 0.000589193 1.96051e-05 0.000113734 0.083703 4.44647e-09 0.00053815 0.000396335 0.00171429 0.00262726 9.20216e-08 0.00022841 4.23681e-05 9.41952e-05 0.13578 
0.00505722 0.00906143 0.0217897 0.000999295 0.0693157 0.00218102 0.000545392 0.0047971 0.000288338 4.07526e-06 0.297484 0.0992227 0.0215113 0.254755 2.78355e-05 2.31344e-05 0.133507 3.33335e-06 2.96642e-05 0.000189533 0.0140816 0.0329391 7.75037e-06 0.0218749 4.69965e-05 0.00751946 0.00273725 
0.000962215 0.0149132 0.0367219 0.0239032 0.00979131 0.00180017 0.00216001 0.00386578 0.000730708 0.495583 0.035484 0.0166464 0.179851 0.000371993 8.89224e-05 0.000732562 0.00523721 5.99356e-05 0.0220139 0.00705385 0.000306115 0.00492108 7.01007e-05 0.00353042 0.000942092 0.00602628 0.126233 
0.163876 0.139127 0.00323351 0.00566949 0.00424172 0.0100548 0.000305464 0.000861123 0.000904148 9.88132e-09 0.229249 0.0119945 0.00634671 0.223974 6.22696e-06 2.11746e-06 0.0711025 1.43095e-09 0.000233209 2.46718e-07 0.0183686 0.00183974 6.09123e-05 0.00270751 3.46105e-08 0.00626273 0.0995789 
2.00969e-05 0.0271158 0.0443294 0.000271705 0.0167518 0.0258996 0.038809 0.0002926 0.000750857 2.12288e-05 0.476721 0.0251443 0.0419999 0.0150896 8.24823e-05 5.9674e-06 0.0390401 2.2633e-07 0.00158324 2.44167e-05 0.000271835 0.00822315 0.000310213 0.0377133 2.80053e-05 0.000503943 0.198996 
0.00483821 0.0055854 0.00527982 0.0170836 0.00234721 0.0421132 0.000704947 0.0177238 4.10421e-05 5.28391e-08 0.0969159 0.408916 0.000661121 0.0447973 5.5319e-05 2.99976e-06 0.112322 5.00475e-09 0.000206902 3.54763e-05 0.000210815 0.00517736 5.16011e-09 0.233312 7.07791e-07 0.000253902 0.00141503 
0.00122848 0.0030853 0.00579635 0.0139355 0.00917061 0.00913931 0.0219687 0.00139927 0.00201546 1.77271e-06 0.0962418 0.082656 0.032465 0.0029866 4.37735e-05 1.80122e-06 0.0656025 1.49932e-06 0.000123364 2.37694e-05 0.0182628 0.400891 4.51565e-06 0.00675805 0.000107534 0.0615577 0.164532 
0.000377105 5.98045e-05 0.0024967 2.40468e-05 0.00312684 5.8926e-05 0.00249019 2.72425e-08 0.000578908 4.35471e-09 0.421829 0.329812 0.0122986 0.000608007 1.81354e-05 6.55114e-12 0.0845462 6.27035e-12 0.0108771 8.859e-05 0.00232489 0.00168473 0.00800015 0.00041328 3.2857e-06 9.75946e-05 0.118186 
0.000792789 0.214695 0.0073427 0.183089 0.0961783 0.00182652 0.000375479 0.0034219 4.5968e-06 7.18398e-06 0.131654 0.100127 0.0232694 0.00635107 8.86852e-06 3.35025e-08 0.180369 3.20665e-08 0.00264758 0.0035865 0.00127499 0.0180493 0.000779971 0.0166634 7.22951e-06 0.00418118 0.00329809 
0.000152731 0.00712604 0.101875 0.000828405 0.0575441 0.00180481 0.011079 0.00020169 2.70592e-07 0.000208134 0.00352056 0.020253 0.264999 0.016382 9.98904e-06 2.8996e-07 0.22073 8.06057e-08 3.00506e-05 3.35128e-06 0.0102483 0.0159861 0.00144284 0.183818 0.00153432 0.00160367 0.0786187 
4.75296e-06 0.00017099 0.000901046 4.06475e-08 0.000356676 0.000367838 0.000638123 0.00226345 0.988875 4.30185e-07 0.000934087 0.00267426 0.000841072 7.54179e-06 7.33272e-09 7.93691e-12 0.00114992 7.59672e-12 2.30692e-09 1.35497e-07 1.16465e-05 0.000202377 2.64527e-08 0.000252872 3.12142e-05 4.30668e-05 0.000273323 
0.00197914 0.0515102 0.0119477 0.010055 0.0107069 0.00619831 0.00447874 0.000190395 6.59726e-06 5.46625e-06 0.0541186 0.0468566 0.0229117 0.0113911 3.14531e-05 0.000112829 0.0788395 2.29538e-06 0.000153781 3.38983e-05 0.000335016 0.328566 3.76127e-06 0.0048673 6.31114e-05 0.00342015 0.351215 
6.47803e-05 0.00312063 0.397298 3.12993e-06 0.0975885 0.00339269 0.108879 0.00146906 8.64247e-07 7.64438e-05 0.124483 0.109944 0.00757874 0.0205854 6.20373e-07 5.06143e-07 0.00379707 2.82025e-07 0.000627919 0.0230413 0.00262707 0.007429 6.21509e-06 0.0131147 0.00182047 0.0666545 0.00639641 
0.00210946 0.00417812 0.484251 0.000840821 0.0082946 0.0427256 0.00826504 0.0056157 0.000738032 3.27531e-06 0.00311898 4.90339e-05 0.251528 0.000905712 3.45488e-05 2.64814e-08 0.0110435 2.53464e-08 2.96157e-08 4.52143e-06 7.44588e-07 0.117414 2.74443e-06 0.00294995 3.71524e-05 6.13029e-07 0.0558889 
0.163876 0.139127 0.00323351 0.00566949 0.00424172 0.0100548 0.000305464 0.000861123 0.000904148 9.88132e-09 0.229249 0.0119945 0.00634671 0.223974 6.22696e-06 2.11746e-06 0.0711025 1.43095e-09 0.000233209 2.46718e-07 0.0183686 0.00183974 6.09123e-05 0.00270751 3.46105e-08 0.00626273 0.0995789 
