9.41636e-08 0.000255641 0.988808 1.40486e-05 1.2058e-05 2.83463e-05 0.00010048 7.52813e-05 1.06735e-07 0.000407045 4.69015e-05 5.0699e-05 0.000164236 3.45757e-05 2.44543e-07 1.81415e-07 9.21881e-05 1.7364e-07 2.02887e-07 0.000612804 3.02347e-05 4.63111e-05 1.7903e-07 0.00011397 0.000178617 2.06392e-08 0.00892783 
4.15732e-06 0.0132628 0.450756 0.00211229 0.0774265 0.00489181 0.260077 0.0120624 0.0171742 0.000132358 0.0174759 0.0277557 0.0561859 0.00632706 7.39079e-10 5.89748e-05 0.00186779 1.11572e-06 0.00248302 1.76805e-07 0.0134224 0.00935597 2.28305e-06 0.00940449 0.000770772 0.0116176 0.00537065 
8.94857e-10 2.71933e-10 0.970017 5.7508e-10 0.0192211 2.09373e-06 3.4194e-06 8.47614e-10 1.01433e-09 3.22657e-05 1.52821e-06 1.67874e-10 1.60075e-10 3.13534e-10 2.32394e-09 1.72403e-09 7.53511e-07 1.65014e-09 1.92808e-09 8.67377e-07 2.1472e-06 3.26698e-10 1.70136e-09 3.86531e-10 3.14748e-10 1.96139e-10 0.0107184 
2.30373e-05 0.0726212 0.358697 0.0348493 0.213278 0.0250081 0.00117706 0.000140846 3.70627e-06 2.48921e-05 0.087619 0.0463794 0.0144275 0.058802 2.15385e-05 2.22658e-06 0.068476 5.51006e-06 0.000820808 0.000408424 0.0068469 0.000239694 2.53201e-05 0.00247595 7.23778e-06 0.000494113 0.00712479 
0.00406306 0.196972 0.333631 0.00835941 0.0774397 0.00644861 0.0328913 0.00368485 0.000994542 1.80178e-05 0.0431932 0.00443716 0.142696 0.000968104 0.000170093 1.23284e-07 0.00222457 1.05313e-06 1.65978e-06 0.0840191 0.00199318 0.00311618 1.91515e-05 0.0124267 0.00301373 0.00314447 0.0340727 
0.00710726 8.23039e-05 0.807417 0.00107349 0.0362648 3.76529e-07 0.0320452 0.0291047 9.27714e-06 8.92911e-07 0.0192161 0.0250248 0.00025919 0.0275297 1.50497e-06 1.11647e-06 0.00849398 1.06861e-06 1.24861e-06 1.04123e-05 0.000963271 0.00429235 1.1946e-05 0.000955113 2.03828e-07 0.00012871 3.69078e-06 
3.55805e-07 0.0240502 0.549008 0.00885569 0.0861294 0.00813478 0.00186929 0.000404757 0.00528574 7.5074e-06 0.0795947 0.0250694 0.0936817 0.00776195 0.000180636 1.00367e-09 0.00973228 0.000230254 0.00322318 0.00420034 0.008602 0.0124337 0.0164857 0.0250637 0.000451204 0.00603229 0.0235113 
0.000756808 0.0129715 0.600528 0.000357009 0.00461679 0.0717816 0.0504316 0.00126833 0.0242495 1.40385e-05 0.0316749 0.00202092 0.120418 0.000653283 0.00017309 1.42898e-08 0.002734 7.00792e-05 1.63358e-07 0.026267 0.000176035 0.00882814 0.00111081 0.00090872 0.00152568 0.000341792 0.0361223 
0.00103102 0.0406653 0.44964 0.0010289 0.27999 5.16518e-06 0.000224676 0.0503089 8.25754e-06 1.47494e-07 0.00951589 0.0662709 0.00246216 0.02347 0.000291443 4.04675e-06 0.0395792 1.76518e-07 3.26962e-06 0.00076012 0.00126832 0.00018263 0.000485299 0.000335529 3.05265e-05 7.03042e-05 0.0323672 
0.004034 0.0750518 0.43443 0.000966514 0.0353119 0.0152512 0.000781603 0.0306771 0.000233568 0.00021423 0.0762668 0.0176327 0.0467493 0.0224586 5.86711e-05 0.00017593 0.0456022 0.000437485 0.00226376 0.00766548 0.00273331 0.00152004 2.08581e-05 0.041126 0.000311208 0.000388117 0.137638 
5.36812e-05 0.000647168 0.985685 1.22012e-07 0.00232034 4.04448e-06 0.000207645 7.50477e-05 0.000118095 1.15323e-05 0.0029369 0.00102644 0.000270285 0.000141316 1.55265e-05 0.00393245 0.000697094 1.19983e-07 2.36165e-05 9.36104e-08 0.000643454 4.59665e-07 0.000422816 2.58674e-07 9.40244e-05 8.89524e-05 0.000583681 
2.52385e-05 0.00931671 0.65567 0.00130145 0.0174108 0.00900174 0.0107956 0.0347108 0.00732903 0.000110247 0.087081 0.0177352 0.0438477 0.0323264 3.93545e-05 3.0435e-07 0.0274703 2.58464e-06 0.000367992 0.000536973 0.000195107 0.00789644 3.00348e-07 0.0309408 0.000253684 0.00461421 0.00101992 
0.0376803 0.0531019 0.262533 0.0025971 0.0141558 0.0223568 0.0163968 0.0527256 0.0617776 5.74652e-07 0.0494086 0.00374288 0.162232 0.0219206 0.000122699 0.0662906 0.00760809 7.89119e-05 0.000529101 0.00034122 0.027741 0.0373867 0.00440106 0.0326977 0.0021326 0.00440711 0.0556333 
5.21891e-05 0.0107904 0.584946 0.0263488 0.000878158 9.7265e-06 0.0215834 2.13028e-05 0.0131378 2.24375e-05 0.00343884 0.00671448 0.00428399 4.91395e-05 3.24679e-05 4.09943e-07 0.0208222 0.0015412 0.0610818 0.000148788 0.000579957 0.000229069 0.000150411 0.000423981 0.00188425 9.08297e-05 0.240738 
0.000105206 0.0326267 0.296718 0.000568335 0.129624 0.00237506 0.00271457 2.42198e-05 0.0174387 3.7332e-05 0.0938659 0.00711548 0.112593 0.0118525 0.000155864 0.000378732 0.0465912 5.01636e-05 9.04258e-05 0.00148581 0.0430392 0.002448 0.0246207 0.0203296 0.00011329 0.139064 0.0139739 
0.000521287 0.0309159 0.269858 0.00903435 0.058317 0.0092823 0.0199743 0.0161662 0.0325064 1.71327e-07 0.167821 0.0321422 0.0411445 0.0258945 2.60674e-05 3.15269e-05 0.0813829 0.000471193 0.00225386 0.00127937 0.00222404 0.0284851 5.0209e-05 0.0281407 0.000243288 0.0159141 0.12592 
8.05328e-05 7.66787e-07 0.810111 0.000249337 0.0167173 0.0171277 0.00108208 2.39007e-06 1.84644e-05 7.86278e-06 0.146844 0.000111781 0.00459277 7.68073e-05 6.55298e-06 4.86136e-06 0.000491004 4.653e-06 5.43674e-06 4.06956e-06 1.02603e-06 9.21211e-07 4.79743e-06 4.4547e-05 8.87515e-07 0.000509365 0.00189922 
0.00275002 0.0256604 0.209109 0.000443197 0.193795 0.0280118 0.0560266 0.000717167 2.87145e-05 0.00176476 0.0484415 0.0298436 0.0150688 0.12064 8.46541e-05 2.38141e-07 0.0389035 1.05841e-07 0.000565784 0.00087765 0.0187511 0.0108944 0.007106 0.0555648 0.000586541 0.109764 0.0246003 
0.047295 0.004456 0.382806 1.02442e-07 0.069778 0.000607826 0.00069444 0.0055159 0.000300047 1.83095e-06 0.336551 0.0820326 0.0197715 0.00342093 1.79947e-06 3.85075e-05 0.00337255 0.000276622 7.40458e-06 3.70094e-05 0.0310307 0.00348537 0.00151669 0.00186156 0.000197842 0.000116271 0.00482639 
9.36797e-07 3.48864e-12 0.472931 7.37773e-12 0.0433922 2.92408e-07 2.10454e-07 0.000166461 0.000358784 6.22671e-07 0.0544211 2.99554e-06 0.00561973 0.00634815 2.38542e-07 2.21177e-11 0.0266302 2.11697e-11 1.50911e-07 0.374928 9.79841e-07 3.59397e-05 0.00332991 2.89105e-07 0.00202359 3.55902e-06 0.00980489 
0.000304278 1.73851e-08 0.863061 3.67658e-08 0.0376017 0.0402145 4.12013e-06 1.1338e-06 0.000211421 0.00061366 0.0163729 5.83258e-05 0.00486541 0.00319359 3.14047e-05 1.1022e-07 3.03248e-05 1.05496e-07 4.82849e-06 0.0189143 1.9098e-05 0.00593556 0.00308935 5.65271e-06 0.000185814 6.92971e-05 0.00521169 
3.53146e-05 0.0571176 0.715295 0.0440758 0.000265818 0.0272574 0.00206875 4.96222e-06 0.00451865 0.000570327 0.00491698 0.000814582 0.00191145 4.16353e-06 4.09422e-06 0.0002403 0.00170131 6.82826e-07 1.56088e-05 0.0484765 2.92798e-06 0.000642544 1.32538e-08 0.000287523 2.97742e-06 0.0131583 0.0766103 
7.80628e-09 0.000208481 0.517239 0.00347482 0.0360931 0.00173167 0.00103302 0.000516882 0.0957765 3.94551e-06 8.38395e-10 8.02573e-05 0.0352629 0.157959 1.7343e-05 0.0122102 7.42672e-05 1.94517e-05 1.68196e-08 9.4423e-06 0.0231442 2.667e-05 0.00340817 0.091799 0.0183017 0.00155841 5.14701e-05 
0.124656 0.030518 0.143856 0.0334999 0.0977871 0.00407009 0.0160973 0.0308944 0.000543995 0.00216322 0.141575 0.0328356 0.0590487 0.0216927 0.00016169 0.000208739 0.0553474 4.26895e-05 0.00131876 0.00759462 0.00893019 0.130787 0.00139749 0.0138791 0.0019368 0.00572286 0.033435 
2.13371e-05 0.00970722 0.301127 0.0122174 0.11361 0.000801755 0.0114903 2.75715e-05 0.00421529 7.7746e-07 0.174597 0.0337409 0.0371488 0.0645582 9.87526e-05 2.08376e-07 0.0339837 0.00128644 2.33039e-07 2.72276e-06 0.000786809 3.69142e-05 2.05636e-07 0.03375 2.16024e-05 4.05635e-05 0.166728 
0.00238784 0.00282209 0.495118 0.00596703 0.0434249 0.00188574 0.00559872 0.0185339 0.000580171 0.000120825 0.0605663 0.0665986 0.0476183 0.00330697 4.91606e-05 0.00154411 0.0494323 0.00060449 5.36079e-05 0.000567019 0.00173489 0.00738391 0.00188215 0.0271117 0.00013204 0.0646072 0.0903679 
0.00119089 0.0807934 0.870064 0.000380938 0.00046066 1.47673e-05 0.000595998 4.26897e-06 0.000218528 6.94435e-06 0.00568602 0.000105671 0.0128537 0.000393449 1.17044e-05 0.00317032 0.00606947 8.31083e-06 0.000110039 0.000170528 3.36571e-05 0.000700642 3.55131e-05 0.0146104 0.000124275 1.78502e-05 0.00216788 
7.36494e-06 0.0103255 0.449558 7.36757e-06 0.0206472 7.36754e-06 7.36933e-06 7.36536e-06 0.0368273 7.36102e-06 7.37151e-06 0.053815 0.0552896 7.36972e-06 0.0088313 7.3582e-06 0.101727 0.0625573 0.0949067 7.36051e-06 0.0339062 0.00664002 7.35839e-06 7.36914e-06 7.36972e-06 7.37068e-06 0.0648658 
0.00873912 0.196807 0.28749 0.0142382 0.056268 0.0351795 0.0276113 0.00599623 0.000368765 1.25446e-05 0.0364135 0.0155047 0.0338724 0.0173583 0.000475921 1.1504e-05 0.0898292 0.00186076 5.86166e-05 0.000330329 0.00178315 0.0129911 0.00301986 0.0622862 0.00868551 0.0157528 0.0670556 
3.03306e-07 0.00902939 0.387786 7.8184e-05 0.0589343 0.0014876 0.00765956 0.052143 0.00552368 0.000179604 0.111036 0.0117966 0.0605025 0.00390596 0.000140152 2.06119e-08 0.0352888 7.48002e-05 0.00168963 0.0748376 0.0108618 0.00723275 0.000153856 0.0137137 0.000228824 0.125331 0.0203847 
7.22662e-09 0.0122502 0.798023 0.012133 0.0310066 1.84749e-05 0.00893452 0.00121475 4.16583e-07 1.1135e-08 0.00827338 0.00711585 0.0185132 7.59949e-07 3.85503e-06 1.39228e-08 0.0878625 1.3326e-08 0.00026127 1.63106e-05 0.00234051 0.00308994 9.74084e-06 0.000936502 4.80326e-05 2.22701e-07 0.00794658 
6.10479e-06 2.91361e-06 0.713008 5.64754e-06 5.73807e-07 1.99786e-07 0.00095551 9.67384e-06 2.75041e-05 5.3954e-07 2.56394e-06 2.9212e-06 0.273529 0.000147706 2.88066e-07 5.90541e-10 0.000993922 6.88401e-07 1.13137e-06 0.00418567 4.85482e-07 4.25736e-06 4.97724e-05 0.000528348 3.99493e-05 1.73732e-07 0.0064966 
0.00135807 0.0132335 0.595273 0.0293557 0.109607 0.00185672 0.00132382 0.0105084 4.36101e-05 0.0013502 0.0418569 0.053405 0.0279526 0.0269193 1.06522e-05 3.75497e-08 0.0190581 0.000111579 0.00051139 4.20523e-05 0.00991669 0.00190822 4.03316e-05 0.0338045 0.000240299 0.000744386 0.0195677 
0.000137746 0.00104208 0.869035 0.00700893 0.0116248 3.96414e-05 0.00156616 0.000501342 0.000448244 7.93318e-05 0.037227 0.0015513 0.00395641 0.00119663 8.87076e-08 4.64513e-07 0.00607766 3.16478e-05 8.9179e-07 0.0001522 0.000473293 0.0208675 7.08544e-06 0.000866843 0.00014117 3.38278e-05 0.0359325 
0.00238269 0.0395857 0.30242 0.0830661 0.108204 0.00975765 0.0199863 0.0181853 0.00394803 2.41418e-06 0.161012 0.00795407 0.0424222 0.0198833 0.000104814 0.0155448 0.0440147 7.28659e-07 0.00246321 0.000332024 0.00211078 0.0259322 0.000233674 0.0419664 0.000815703 0.0276468 0.0200246 
4.91649e-05 0.113207 0.452656 4.91824e-05 4.92076e-05 0.10825 0.137793 4.91676e-05 4.91585e-05 4.91387e-05 4.92087e-05 4.92047e-05 0.0984595 4.91968e-05 4.90871e-05 4.91199e-05 4.92055e-05 4.91239e-05 4.91087e-05 4.91353e-05 4.9194e-05 0.0886018 4.91211e-05 4.91929e-05 4.91968e-05 4.92032e-05 4.92004e-05 
3.96654e-07 0.00122756 0.733064 0.00124532 0.210397 0.000572423 0.00396466 0.00186088 0.0009013 9.85981e-06 0.0144127 3.66702e-06 0.00212604 0.00224174 0.000197119 2.82121e-05 0.00246106 4.55326e-05 8.5464e-07 0.000374953 6.89749e-05 0.000223256 0.0092182 5.47962e-05 0.000320583 5.97529e-05 0.014919 
2.66689e-06 2.66875e-06 0.616182 2.66784e-06 0.0896884 2.66783e-06 0.0277548 2.66704e-06 2.66655e-06 0.0114642 0.0403086 2.66905e-06 0.0387043 0.018683 2.66267e-06 2.66445e-06 0.0814104 2.66467e-06 0.00586315 0.012796 2.66847e-06 2.66859e-06 0.00772977 2.66841e-06 0.00774168 2.66897e-06 0.0416362 
0.00234326 2.69651e-05 0.485497 1.19219e-05 0.015089 0.000491437 0.0174759 0.000727265 0.11241 1.9791e-05 0.0800547 0.0332352 0.0106197 0.0471381 8.22919e-05 5.2964e-07 0.00301138 5.97113e-06 0.0090036 0.000862117 0.00153309 0.0586882 0.000381059 1.71337e-05 0.000229206 4.26453e-06 0.121041 
0.000206368 0.00149077 0.467961 0.00103029 0.036897 3.44186e-05 0.00128989 0.000115315 5.1806e-05 0.0164085 0.204539 0.00175028 0.0140729 0.00683279 1.30498e-05 4.01337e-10 0.0360286 5.45874e-05 1.24656e-06 0.0021811 0.00707428 0.00356998 0.00418338 0.00162061 0.00100337 0.0782099 0.113379 
0.000857711 0.0678991 0.651816 1.17486e-05 0.00893989 0.00102252 0.000195514 0.000190698 0.000406856 0.000165876 0.0559533 0.0390111 0.00358842 0.0147953 2.9816e-07 5.58034e-05 0.00865276 6.80896e-05 0.106358 0.00039686 0.0109885 0.011634 2.18283e-07 0.00683562 5.36054e-06 0.000238533 0.00991126 
1.81774e-06 7.32052e-07 0.896399 3.00406e-07 0.0139236 0.00237426 0.000625719 3.78403e-11 9.23816e-07 1.72416e-07 0.0363075 8.69365e-07 0.00639906 1.79305e-06 2.59474e-07 7.69663e-11 8.48365e-07 7.36674e-11 8.60758e-11 0.0163945 1.29956e-06 3.80678e-07 0.0260132 1.77739e-06 0.00154362 7.34041e-06 1.32451e-06 
0.00115024 0.000546289 0.817376 9.36762e-06 0.0103849 2.06301e-06 0.000591294 0.00029284 0.000169687 0.0202947 0.0164834 0.00038915 0.0348882 0.000218733 3.68432e-05 1.44729e-06 0.000510938 3.26716e-05 2.45807e-05 0.000676609 0.00019839 0.020812 3.3397e-07 3.40393e-05 0.000291763 2.53877e-06 0.0745808 
0.000326257 0.00739928 0.407874 0.000700937 0.0952507 0.000279807 0.0179449 0.00129227 0.00139118 0.138691 0.0332916 0.0112266 0.0112628 0.0292973 0.000269984 2.49457e-05 0.0854913 0.000108868 0.000383336 0.0511397 0.00546916 0.00509849 0.000391045 0.0162568 0.0014452 0.00889044 0.0688023 
0.00175144 0.015491 0.75562 0.000127741 0.071116 0.00750006 0.00187046 0.00245671 0.000905264 1.58676e-06 0.0365355 0.0133022 0.0216019 0.0177291 3.50746e-05 3.55021e-08 0.013742 0.000114085 2.16088e-05 0.010281 0.00156668 0.00180808 0.000247271 0.0188353 4.13517e-05 0.00167409 0.00562425 
5.40501e-05 0.00603686 0.545644 0.00156143 0.0156464 0.00179232 0.0200182 0.0471959 4.00898e-06 2.45465e-06 0.047941 0.0127758 0.00641548 0.0554918 0.000445159 4.71262e-06 0.21033 1.04788e-05 0.00177216 0.00247451 1.73529e-06 0.004052 1.90804e-06 0.0181971 5.91072e-06 0.000783741 0.00134115 
0.00738328 0.10466 0.314303 6.83817e-07 0.0968106 0.242413 6.8398e-07 6.83611e-07 0.00266627 0.000957178 0.0233313 6.84127e-07 0.0380385 0.0223681 6.82491e-07 6.82947e-07 0.0296239 0.0025278 0.00116143 0.00225511 0.00547251 0.049044 0.00245936 0.0233238 0.0048572 0.0110148 0.0153238 
8.21375e-05 0.00251196 0.696713 0.000472659 0.0293877 3.43516e-06 0.00592625 1.72688e-05 0.0185268 6.76886e-07 0.0255738 0.00911146 0.00365336 0.0250503 1.77962e-05 2.01105e-05 0.0146888 7.81616e-07 3.17832e-06 0.000550539 0.0196233 0.00131529 0.000761001 6.43847e-07 0.000176294 0.000121908 0.14569 
3.44239e-06 0.00121369 0.959113 0.000981848 0.00061954 0.0344868 0.000194049 3.26066e-06 3.90198e-06 5.30413e-06 8.11644e-05 0.000257053 0.000227857 1.20612e-06 8.9399e-06 6.63211e-06 0.000184288 6.34785e-06 0.000212131 0.000889954 4.62194e-05 0.000514329 6.54489e-06 0.000452601 1.28415e-05 7.5452e-07 0.0004665 
2.5172e-10 0.0228668 0.779091 0.00132399 0.00655572 0.00030185 0.00956023 0.0128972 2.42725e-08 0.000941565 0.0145422 0.00335047 0.0368819 0.00083384 6.53718e-10 4.84964e-10 0.0466803 4.64178e-10 5.42362e-10 0.00431399 0.00259583 0.00143596 3.82274e-06 0.00735327 7.45211e-08 5.05636e-07 0.0484693 
1.76795e-06 0.000839664 0.535376 0.000270154 0.00494293 0.000157267 0.016522 9.03658e-05 3.27443e-06 0.0415025 0.0103804 0.000316762 0.0307955 0.00031778 0.266221 0.000623634 0.00611979 3.59735e-08 8.55925e-05 0.0247688 0.000252565 0.00108319 0.000157079 0.00115781 0.00656911 8.61138e-06 0.0514363 
0.0004952 0.0025672 0.796096 0.00166654 0.0512203 0.0086791 0.00657163 0.0034784 7.85344e-05 4.9802e-05 0.031799 0.0104618 0.0239326 0.00736663 3.10614e-05 2.04463e-08 0.0068397 9.63553e-05 0.00133495 0.000400428 0.00546936 0.00184909 2.01774e-08 0.00573041 7.86451e-05 0.000523161 0.0331845 
3.55282e-06 1.63355e-06 0.997958 2.09469e-09 8.40047e-06 1.86084e-05 1.32485e-09 6.22763e-06 3.69462e-09 4.01121e-06 1.25735e-06 6.88504e-07 2.53061e-06 8.75073e-07 8.4648e-09 6.27966e-09 1.55816e-06 6.0105e-09 7.0229e-09 2.01665e-06 0.00180209 1.18997e-09 6.19707e-09 5.70335e-06 2.6484e-06 0.000161393 1.87003e-05 
0.0392106 0.0450762 0.223204 0.0147389 0.0534577 0.023392 0.002492 0.0130702 0.00123804 0.000148365 0.0788579 0.0558965 0.14065 0.00565 2.17029e-05 8.81696e-11 0.0392139 2.79661e-05 5.18303e-05 0.0590475 0.00244232 0.114204 0.000837374 0.00429622 0.000408194 0.0381012 0.0442656 
0.00202697 0.00234815 0.512396 0.000114357 0.107564 1.34366e-05 0.000117291 1.20951e-05 0.0227288 1.13334e-05 0.106016 0.0961504 0.0562578 0.0351415 5.85054e-05 9.74209e-07 0.0191438 0.000166096 1.09545e-05 3.00062e-05 0.0105207 0.000291543 1.60704e-05 0.000333813 9.94733e-06 0.0010728 0.0274475 
0.00873167 0.0300873 0.612893 6.03048e-08 0.127135 0.00342115 0.111782 0.0020182 0.000535466 5.77773e-05 0.00781244 0.00342539 0.0416408 0.000140723 0.00031575 1.80788e-07 0.000107702 9.80736e-06 3.11873e-05 0.0168487 0.00449066 0.00333475 0.000500199 0.00126635 0.00310936 0.00216201 0.0181424 
0.000242609 0.00741836 0.268062 0.00200781 0.115096 0.00949313 0.0650036 1.1428e-05 0.0114138 5.7072e-10 0.226821 0.0276878 0.0387687 0.0516306 0.000191875 0.0284161 0.0496195 0.000341423 7.99075e-05 0.00235092 0.0388898 0.000503958 0.00508035 0.00419799 0.000846914 0.0440528 0.00177186 
0.000123464 0.193332 0.293616 8.08537e-06 0.0701709 0.000236572 0.0145881 0.104603 7.11185e-07 6.60656e-07 0.00418513 0.0121681 0.0745575 0.000486172 1.00964e-06 2.72278e-08 8.35874e-06 0.000260415 4.42557e-06 2.63104e-06 0.0185278 3.53064e-06 0.00239523 0.0373506 0.0052645 0.0176687 0.150437 
4.19339e-10 0.0111754 0.54701 0.000408529 0.057532 0.023939 0.000694848 0.000371206 7.28658e-07 0.101568 0.0589774 0.00212095 0.0832781 0.00167924 5.88653e-05 8.07899e-10 0.00897298 2.08946e-06 7.45621e-05 0.00286394 0.00851274 0.011966 6.27429e-07 0.00216214 7.4947e-05 0.00574514 0.0708109 
3.14042e-05 0.000461555 0.739082 0.000344356 0.0350605 0.000337351 0.0648533 1.78082e-05 0.00932699 7.06972e-05 0.00950424 0.0372102 0.0180136 0.00345282 9.44376e-05 2.18877e-06 0.0409361 5.31052e-05 5.9257e-05 0.00833063 0.013188 0.0036138 0.000549295 0.00060332 0.000692042 0.00838945 0.00572143 
0.00374492 0.00592353 0.509223 0.0580498 0.0631399 0.00462026 0.0163484 0.000963206 0.000199669 0.00556674 0.0834068 0.00380558 0.0303052 0.0252294 5.59288e-05 7.32095e-06 0.0139378 0.000172242 2.24328e-05 0.000186087 0.00204818 0.00674146 0.000367609 0.00705666 6.45834e-05 0.00360469 0.155209 
0.000277575 0.00685716 0.287588 8.93057e-05 0.173903 0.00147782 0.135297 0.000462564 3.85537e-05 3.66303e-05 0.200617 0.0244694 0.0359297 0.023126 0.00081087 2.92484e-08 0.0396861 1.18792e-06 4.80793e-07 0.000641884 0.0504094 0.0102319 0.00133556 0.000772265 3.72965e-07 0.00374359 0.00219641 
0.00130549 0.0160608 0.447901 0.0149914 0.0808684 0.0033921 0.0355856 0.0005465 0.00279904 0.00739791 0.0863758 0.0267594 0.0798631 0.00467754 6.48435e-05 3.53132e-09 0.0881209 0.000220087 5.04197e-05 0.000733096 0.0203402 0.000765696 0.00822397 0.00100584 0.000471587 0.00570738 0.0657718 
5.23799e-05 0.00129944 0.834448 2.4631e-05 0.036769 0.000193429 0.000629142 1.42556e-05 0.000201267 0.0104905 0.0320954 0.00335443 0.00387068 0.00682433 5.20784e-06 6.9248e-08 0.0117442 5.96106e-05 6.41289e-06 0.0362601 0.0107222 0.000322923 4.29342e-05 4.47091e-05 6.66625e-05 0.00884399 0.00161377 
8.49556e-05 0.0163864 0.743244 5.22321e-05 0.0977445 0.00247656 0.00215472 0.0146409 0.00449848 2.24944e-06 0.00624135 1.63741e-08 0.00217768 0.0157158 1.1858e-06 4.95697e-08 0.0048883 4.7445e-08 0.000277678 0.000858954 0.0577104 6.34462e-05 4.7886e-06 0.00275913 5.6113e-07 0.0233247 0.00469092 
7.60345e-06 0.0533437 0.483964 2.7222e-05 0.192253 1.97214e-05 0.0660604 3.9524e-05 0.0690638 3.14549e-08 0.0598305 3.82971e-09 6.41955e-06 0.0217214 0.00148218 3.11344e-05 0.00721961 3.76445e-08 3.13595e-05 0.000238515 0.0446133 7.45294e-09 3.8813e-08 1.91157e-05 9.34227e-06 4.4745e-09 1.77991e-05 
0.00173195 0.00438352 0.741776 0.000740356 0.0574142 0.00218037 0.000366804 0.000413065 0.000403055 3.31185e-05 0.0514619 0.0063119 0.0532812 0.00672758 1.07386e-05 0.000352199 0.0151188 1.03277e-06 8.32313e-06 0.00320707 0.00104367 0.000786559 0.000131251 0.00897157 6.43008e-05 0.00166744 0.0414119 
0.270888 0.0776549 0.272739 0.00250341 0.118811 8.50653e-05 0.000642991 0.00176059 0.000213778 0.000186238 0.1241 0.0295711 0.0136507 0.00120037 0.00122117 0.0126266 0.0245097 2.52177e-07 0.0170425 0.00874681 0.000459447 0.00137533 0.000446281 0.00108188 0.000251993 0.00770792 0.0105231 
0.00788136 0.0457134 0.190813 0.00255954 0.111436 0.00233093 0.0124954 0.0044705 1.47032e-05 0.00013164 0.190407 0.0345678 0.123966 0.137804 6.02551e-05 4.473e-09 0.0724739 0.000123833 1.76591e-05 0.00772946 0.0264167 0.000656591 0.000130258 0.000483772 9.95803e-05 0.00200232 0.0252143 
0.00435876 0.00616117 0.316633 2.38329e-07 0.0424182 0.085881 0.0036153 0.0219254 4.91551e-07 8.05851e-08 0.0936148 0.0146736 0.273162 0.00409542 8.57544e-06 6.34445e-11 0.0210967 5.73971e-05 3.58773e-07 0.0142807 0.00139201 0.0012154 0.0119681 0.0540074 0.000326198 0.000296246 0.0288115 
5.97601e-07 0.00773285 0.753444 0.000454459 0.0141948 0.00655224 0.000264402 8.39587e-05 3.48271e-05 0.000106249 0.0629662 0.00409792 0.0995158 0.000898809 1.28124e-05 2.13208e-09 0.00030318 2.9755e-07 1.26842e-06 7.05354e-07 0.00127056 0.00136654 2.10404e-09 0.0101799 8.26382e-05 0.00485084 0.0315837 
0.000526394 0.0220702 0.365462 0.000134647 0.0435092 0.000737575 0.0419692 0.00523701 0.00755062 8.68971e-06 0.142905 0.0542838 0.109852 0.00549003 0.000193114 0.000556352 0.0674776 2.96741e-05 0.000269878 0.00427453 0.00257732 0.0605667 0.0223425 0.0135178 0.000171619 0.00817779 0.0201089 
0.00370422 0.00731214 0.336541 0.00228139 0.0585744 0.000285397 0.0141292 0.000936166 0.00297289 0.00298239 0.121468 0.0178586 0.0166066 0.0361521 0.000113897 6.80093e-06 0.20835 0.000103396 0.00123495 0.0921745 0.0072563 0.00680725 3.1727e-05 0.0109355 0.000316776 0.0154503 0.0354146 
0.0383735 0.0205907 0.668639 0.0341211 0.0376421 0.0185473 0.0388272 0.00145247 2.30459e-07 0.00200915 0.034187 0.0447469 0.00538913 0.00937785 5.28009e-07 3.91707e-07 0.0287394 0.000128535 4.38068e-07 2.63384e-05 0.000199619 0.0013195 0.000362425 0.00968979 7.15119e-08 3.14346e-05 0.00559829 
0.00231665 0.04561 0.490401 0.0191378 0.084645 0.00470032 0.0131325 0.031149 0.000469613 5.35293e-06 0.028836 0.0410429 0.0409424 0.00791489 3.2064e-05 0.00329097 0.0278877 0.00153919 0.0015266 0.00953023 0.0100221 0.116531 6.97816e-05 0.0044579 6.72478e-05 0.000584065 0.014157 
6.74882e-06 0.0176673 0.712022 8.74326e-05 0.0807254 4.83985e-05 0.000694339 0.000159654 1.03108e-05 2.95136e-06 0.0190477 0.00678173 0.0154881 0.0224465 8.86427e-05 7.54577e-08 0.104858 0.000500334 0.00977511 4.21754e-05 0.00437104 0.00196046 3.34994e-06 4.38891e-05 5.35913e-05 0.000331337 0.00278345 
0.00178413 0.00537332 0.263783 0.000568486 0.0295024 0.0105025 0.018176 0.000648469 6.87509e-07 2.84256e-05 0.201364 0.00431459 0.00649901 0.250174 0.000106644 6.74648e-05 0.139806 3.36423e-06 1.30685e-06 0.00497755 0.000912794 0.00465015 9.46129e-06 0.00535549 2.81033e-07 0.0105268 0.0408633 
0.00126011 0.0142876 0.35046 0.0176848 0.08219 0.00464015 0.0236333 0.0126716 0.0332949 3.55219e-05 0.116347 0.00541686 0.141501 0.0388762 7.1157e-05 3.5419e-05 0.0310565 1.81937e-05 0.000154144 0.0262185 0.00256619 0.00276496 0.000361106 0.0117235 0.000311936 0.0755416 0.00687743 
1.64369e-05 0.00955252 0.651904 5.39709e-05 0.00747282 0.0822652 1.34977e-08 8.25727e-06 0.0220217 5.1167e-08 0.191611 0.0193189 4.96308e-06 7.50174e-06 2.63982e-05 6.39776e-08 4.08669e-06 6.99634e-06 7.15497e-08 7.63512e-05 0.0155583 3.61205e-05 1.51165e-05 3.39831e-05 1.16801e-08 4.41132e-07 4.43523e-06 
0.000107539 0.00214554 0.203908 0.00097072 0.136022 0.00993052 0.000708239 8.69559e-06 0.00197655 9.9161e-06 0.109614 0.0579616 0.188242 0.0130277 8.54472e-07 1.93342e-11 0.0481855 0.000300462 0.000145458 0.095548 0.0157667 0.00365163 0.000806953 0.00438872 0.000221501 0.104363 0.00198883 
0.000102179 0.00991642 0.833117 0.000580828 0.098502 0.000334396 5.55591e-05 0.00239976 1.01259e-05 2.84175e-06 0.000714951 0.0268204 0.00511595 0.00291992 9.31671e-05 2.89882e-06 0.00126689 0.000450451 1.20303e-05 0.000208118 0.00164967 0.00997375 1.13677e-06 5.50431e-05 0.000217583 0.0011682 0.00430913 
0.000697343 5.24027e-07 0.335675 0.0102405 0.0112261 2.78873e-06 0.00346585 0.00156505 0.00932133 1.05667e-07 0.172315 0.310217 0.0287037 0.00118617 9.04985e-05 5.17819e-11 0.0598455 1.44234e-07 5.55554e-07 9.20656e-08 0.00232462 0.0110986 0.0074696 0.00355928 0.00104305 5.89111e-12 0.0299525 
0.0311434 0.000288338 0.46363 0.012326 0.134635 1.20041e-05 7.81026e-07 0.00830946 4.08125e-06 8.21238e-08 0.0844166 0.0078243 0.0297715 0.00422477 6.66671e-06 5.50701e-05 0.00018927 0.000683648 1.40737e-06 3.03164e-09 0.00413253 0.0139546 1.35931e-05 0.0253957 1.03718e-05 4.68047e-06 0.178966 
1.05362e-06 0.0318437 0.317655 0.0113319 0.188563 0.000276061 0.0349258 0.00272606 1.93099e-05 2.73729e-06 0.0586616 0.152666 0.0526489 0.000196594 2.92987e-08 2.17354e-08 0.0104083 2.64994e-06 0.00183909 0.00497793 0.00180959 0.110862 1.83226e-07 0.0109344 3.96813e-09 0.000521516 0.00712611 
1.00219e-08 0.0112861 0.837447 0.000313005 0.0199373 0.0450082 0.00140509 0.000861141 0.00515775 1.5442e-08 0.016449 0.0111486 0.0186364 0.0130134 2.60269e-08 1.93082e-08 0.00058169 2.6958e-06 0.00275492 0.00807975 0.00333386 1.16661e-05 0.000491294 0.00218232 7.05395e-05 5.35199e-05 0.00177459 
1.14494e-05 0.0100638 0.419951 0.0292178 0.0118236 2.50947e-05 0.0574393 0.0105279 0.000770478 0.00831837 0.05525 0.0440517 0.0204999 0.00154226 9.75259e-06 2.08227e-06 0.0285041 1.59213e-05 0.000894746 0.00991961 0.00864641 0.00526074 1.61451e-07 0.00126738 0.00160102 0.0105923 0.263793 
0.0262439 0.0109743 0.229195 0.00260933 0.152657 0.00596684 0.042502 0.00681064 0.166551 1.22855e-05 0.11328 0.0220522 0.0728427 0.0150008 1.30265e-05 0.0148965 0.0211415 0.000240262 0.000571449 0.000787823 0.0167486 0.00434987 4.26389e-06 0.00744934 0.000734606 0.00588234 0.0604827 
0.00166188 0.0918085 0.361345 2.67073e-05 0.0637393 0.000179053 0.000207459 0.00369441 0.00311593 0.000125566 0.189851 0.0449929 0.0118413 0.0126039 0.00408275 1.6082e-08 0.0132914 2.41283e-06 0.00117214 0.125586 0.00394085 0.0507043 0.000454428 0.00449386 0.00157436 0.00325173 0.00625299 
3.38058e-05 0.032454 0.423248 7.68846e-05 0.041262 0.0064071 0.0803469 3.48949e-05 0.0387703 8.35965e-07 0.228452 0.00322405 0.0576909 0.00394529 5.18934e-05 6.34959e-11 0.036851 0.00018327 4.00746e-05 0.000759923 0.0220082 0.00220747 4.25949e-08 0.000208574 0.000458654 0.00512477 0.0161598 
1.27183e-08 0.484385 0.514004 8.17341e-09 6.20644e-05 8.26364e-09 2.63697e-05 1.20468e-08 2.30805e-05 1.95967e-08 8.0592e-05 0.000164394 2.27509e-09 3.47624e-05 3.30294e-08 2.4503e-08 0.000111226 2.34528e-08 1.64693e-05 2.0512e-08 0.000394077 4.64324e-09 2.41808e-08 0.000666382 4.4734e-09 3.15033e-05 3.51098e-09 
0.000362264 8.0767e-10 0.993023 6.91779e-05 1.46038e-05 1.72691e-09 5.36925e-05 6.34437e-05 3.01267e-09 4.25947e-05 0.000505361 7.58883e-05 0.000109162 3.0359e-05 5.59161e-05 5.17177e-07 0.00100553 0.00212904 5.72661e-09 0.000254196 2.96132e-05 9.42198e-05 9.19737e-05 0.000104243 2.28109e-05 7.22425e-06 0.00185541 
1.69904e-05 2.21768e-07 0.704191 0.101426 0.00700002 0.121496 1.17714e-05 0.00112932 0.00016532 2.18866e-07 0.01515 0.000973698 0.000704241 2.1708e-06 2.70928e-06 9.45422e-09 3.16476e-05 9.049e-09 1.05732e-08 7.91434e-09 7.4285e-07 0.000426284 9.32988e-09 0.00136265 1.02845e-06 0.005018 0.0408895 
0.00765032 0.00683381 0.688469 0.00123806 0.101667 6.78613e-06 0.00130703 0.00434769 0.00525126 1.2274e-06 0.00658762 0.0240948 0.0364908 0.00203677 4.82232e-06 1.06568e-08 0.010418 1.02e-08 0.000676417 0.000219741 0.00114473 0.00377929 2.98309e-05 0.0648039 1.94555e-09 5.53663e-05 0.0328857 
1.45215e-07 0.0186112 0.658552 9.08388e-05 0.105689 0.00308887 0.00422905 0.00255063 4.68021e-05 2.2375e-07 0.0110727 0.0063065 0.01904 0.108051 0.000336867 0.000146789 0.0436584 5.77323e-05 3.12883e-07 0.00040161 0.0082573 0.000112845 0.00251683 0.00627031 1.66579e-06 0.000808774 0.000101726 
0.000263002 0.000823909 0.838025 0.0877372 0.000614331 0.000682195 0.000785946 0.00136721 0.000347669 1.05897e-06 0.0289032 1.28931e-07 1.22941e-07 0.0192324 0.00159344 1.3241e-06 0.000905242 1.26734e-06 0.00108476 0.00825076 0.00777764 2.50912e-07 1.30668e-06 0.000661247 0.000323164 1.50639e-07 0.000615705 
0.00508817 1.03537e-12 0.373408 1.51104e-08 0.206955 8.67819e-08 0.000999409 0.000656856 1.18181e-07 1.84799e-07 0.138212 0.000178695 0.00102643 0.00854003 9.91843e-05 6.56417e-12 0.0529178 6.28282e-12 0.000331475 0.166902 0.0079973 0.0010245 0.00195219 0.00133859 0.000556899 0.015845 0.0159709 
3.14498e-08 9.5571e-09 0.999443 0.000103098 0.000144794 2.04344e-08 1.27832e-08 2.97895e-08 3.56486e-08 7.75824e-05 3.37771e-09 2.95588e-06 5.62585e-09 1.10192e-08 8.16752e-08 6.05912e-08 5.40344e-09 5.79942e-08 6.77626e-08 0.000147145 8.05786e-05 1.14818e-08 5.97944e-08 1.35847e-08 1.10618e-08 6.89332e-09 8.68196e-09 
0.00199305 0.0560604 0.212076 0.00394038 0.100512 0.0159555 0.131244 0.00057359 0.0339187 7.29954e-05 0.117846 0.0107309 0.149046 0.00742444 3.37856e-05 6.98108e-08 0.0311889 0.000127309 0.000301085 0.0702322 0.00278055 0.00810311 0.00119782 0.00317241 0.00184904 0.0335162 0.00610316 
0.00421926 0.0295249 0.486459 0.00195289 0.0520244 0.0142408 0.0267952 0.00825817 8.92485e-05 0.000109546 0.119376 0.0126145 0.152758 0.00897478 0.00288557 1.15265e-06 0.00731828 2.01703e-07 0.00923546 0.0332737 0.000920787 0.00366454 8.89563e-05 0.0180914 0.00336368 0.000562194 0.00319758 
5.36812e-05 0.000647168 0.985685 1.22012e-07 0.00232034 4.04448e-06 0.000207645 7.50477e-05 0.000118095 1.15323e-05 0.0029369 0.00102644 0.000270285 0.000141316 1.55265e-05 0.00393245 0.000697094 1.19983e-07 2.36165e-05 9.36104e-08 0.000643454 4.59665e-07 0.000422816 2.58674e-07 9.40244e-05 8.89524e-05 0.000583681 
0.000224099 0.0399292 0.381365 0.000668159 0.15335 0.00357544 0.127871 0.00770771 0.00120931 4.15252e-06 0.0898853 0.0111214 0.00730193 0.0623603 0.00302303 2.14762e-06 0.03408 6.25094e-06 0.000185929 0.00155385 0.000651097 0.00124923 0.0332247 0.00896478 0.00041297 0.00638479 0.0236888 
0.00121239 0.22672 0.27618 0.0123502 0.0778297 4.78447e-09 0.00558281 0.0101929 8.34672e-09 4.49488e-07 0.00951256 0.0025471 0.00389238 0.0104939 1.91233e-08 1.41867e-08 0.0259629 1.35787e-08 0.0005137 2.06354e-06 0.00810893 0.0865209 0.00513242 0.17496 0.00040895 0.00251684 0.0593588 
0.0253132 0.00171921 0.681562 0.00109862 0.0912046 0.000768441 0.0206044 0.0142368 0.000511634 6.48393e-06 0.0328581 0.00545326 0.00398438 0.00125689 1.21158e-05 1.85046e-07 0.0708921 2.05366e-06 7.19178e-05 5.8199e-05 0.0217007 0.00100367 7.31592e-05 0.0212789 2.90844e-05 4.15492e-06 0.00429592 
0.000320464 0.0015084 0.513951 0.0126348 0.00988922 6.00648e-07 6.49604e-05 5.17621e-07 0.00391306 8.81609e-07 0.139211 0.000503818 0.00551193 0.00294271 9.34569e-06 5.79715e-07 0.119082 2.52254e-05 4.5492e-07 4.60505e-05 0.00109202 0.00304681 7.51291e-07 3.99971e-05 4.35292e-06 0.00668729 0.179512 
4.48745e-10 0.00293838 0.933555 3.50067e-08 0.00144133 3.14441e-06 0.0195891 1.04463e-06 5.39804e-07 6.91437e-10 0.0359265 0.000648081 6.95476e-07 9.40644e-06 1.16539e-09 2.93223e-07 0.00262798 4.50198e-07 9.66876e-10 7.23735e-10 0.00108496 0.000995202 8.61302e-07 4.35601e-06 0.000565143 9.42074e-08 0.000607365 
8.86363e-06 6.92075e-06 0.751581 0.000305874 0.18588 8.67126e-06 7.12019e-06 1.08998e-06 0.00186415 0.000304345 0.0215725 0.000517454 1.3816e-05 0.00617692 3.34614e-06 9.4207e-08 0.000379719 9.01691e-08 0.00373172 0.00955648 0.0139113 0.000402982 9.47586e-07 2.11214e-08 7.5362e-05 0.00343204 0.000256581 
1.48109e-06 0.00713249 0.905032 8.37714e-07 0.0511735 6.38432e-06 1.66057e-06 4.31821e-06 1.84712e-05 5.78647e-06 0.0241304 7.44208e-07 0.00259554 3.31859e-06 7.68122e-05 2.64439e-09 1.05784e-06 2.53105e-09 2.95737e-09 0.00727486 0.00195574 5.01103e-10 2.60961e-09 5.92878e-10 0.000276794 0.000299576 8.64386e-06 
0.00059314 0.293708 0.459257 0.00034896 0.0768131 5.3163e-05 0.0215926 0.000997398 1.95564e-05 3.32059e-05 0.0108257 0.000885263 9.35461e-05 0.106374 0.00118232 0.000731509 0.000760056 0.00487561 0.000463127 1.00636e-07 0.00777765 0.000341543 0.000348747 0.00967183 3.57968e-05 0.00168494 0.00053192 
2.21398e-05 0.00356464 0.360053 0.000148217 0.0173761 1.39119e-05 0.25594 6.15716e-07 0.000153406 5.50459e-06 0.0331558 0.00262921 0.0922614 0.000564935 1.63471e-05 4.24118e-08 0.0708272 0.000447391 0.00112848 0.0670782 0.0032636 0.00306459 0.000320888 0.00394151 0.012051 0.00102882 0.0709427 
8.50217e-06 0.000964418 0.831805 0.00509243 0.057894 1.87342e-09 0.00633184 0.0255634 0.00552637 2.50775e-07 0.00642244 0.00132475 0.0171886 0.00173549 2.5679e-06 5.55499e-09 0.0021388 1.00788e-06 6.21246e-09 0.0317861 0.000560398 2.80873e-06 1.45265e-06 0.000574472 0.000148106 7.13137e-07 0.00492567 
2.61456e-06 0.043173 0.360521 0.0734982 0.00785313 0.0700976 2.61612e-06 0.0198744 2.61422e-06 2.61317e-06 0.098921 2.61668e-06 0.150724 0.0141304 2.61042e-06 2.61217e-06 0.0910646 0.000786324 0.0057481 2.61299e-06 2.61611e-06 2.61622e-06 0.00104751 0.0580788 0.00445024 2.6166e-06 2.61645e-06 
7.26529e-06 1.8837e-05 0.89815 0.000978442 0.00214831 6.58843e-05 0.00046793 0.00028971 6.69397e-08 0.00503565 0.0307975 0.000841296 0.0139002 0.000129931 8.92579e-06 1.13776e-07 7.47224e-05 0.00110251 1.27242e-07 0.0112028 5.95968e-05 2.15601e-08 1.1228e-07 0.000609487 1.83177e-05 1.09885e-06 0.0340907 
1.67366e-06 0.0123403 0.97849 0.000203928 0.00102304 6.44068e-06 0.00161763 1.5853e-06 1.89711e-06 8.5095e-05 0.00138331 3.13977e-07 0.000347808 0.000210858 0.000624843 3.22447e-06 0.000140405 3.08627e-06 3.60611e-06 6.73572e-05 6.65948e-05 7.23254e-05 3.18207e-06 0.000510985 3.15607e-05 3.6684e-07 0.00275876 
0.00274154 0.0524032 0.459014 0.000827479 0.0781521 0.0864877 0.0038652 0.000610074 0.00248532 9.2171e-06 0.0161779 0.0501415 0.0480955 0.0529928 9.98153e-07 1.34581e-08 0.0114156 7.68225e-06 8.45662e-06 0.000220693 0.0457145 0.00462213 0.000799814 0.0485387 1.72597e-05 0.0236929 0.0109573 
0.00774775 0.00319124 0.533235 0.0135505 0.0835923 0.000497698 0.00131245 0.00513861 2.77378e-05 0.0167063 0.0292081 0.000213591 0.00576482 0.000388382 4.24226e-06 0.00118519 0.0606223 1.279e-05 0.000859205 0.000139168 0.000228233 0.0281589 0.000107837 0.0251619 0.000283447 0.000542904 0.182119 
1.22446e-07 0.000275935 0.984979 5.0821e-05 0.0011476 0.000129679 0.00116142 0.000115338 1.38794e-07 7.77558e-06 0.00284191 5.14013e-06 0.000618849 2.89582e-05 3.34124e-05 1.97398e-05 0.000170637 1.83751e-05 2.63826e-07 0.0073413 8.05156e-05 1.66924e-05 0.000639779 1.29575e-05 7.70088e-05 1.71539e-06 0.000225041 
0.0142736 0.00661994 0.480845 0.106042 0.0356225 0.00179133 0.00404564 0.00240886 1.62149e-06 0.0192063 0.0721856 0.0126126 0.0103313 0.00282076 6.14767e-06 1.89779e-05 0.0212341 1.04809e-05 0.000294057 0.125731 0.00157089 0.00921741 2.03588e-07 0.00489782 0.000836323 0.00783103 0.0595454 
0.00620749 0.000846231 0.492422 0.00353177 0.069692 0.000149725 0.00194138 0.000558393 0.000143133 7.43449e-06 0.127572 0.00920526 0.0495902 0.0374242 0.000250251 8.83964e-05 0.0961297 0.000106655 0.0109826 0.00482113 0.0540619 0.00186423 0.000224108 0.00324661 4.32983e-05 0.00561056 0.0232795 
0.000475984 0.0220846 0.294038 0.00727934 0.191982 0.0192114 0.05236 0.00960031 0.0105087 5.54962e-09 0.0653263 0.000235766 0.213042 0.0178716 5.52916e-05 0.0537224 0.0226321 7.08699e-06 4.68095e-06 0.000124084 0.00185872 0.0020086 0.00123901 0.00621031 1.20552e-07 0.00691249 0.00120936 
0.00381792 0.0208335 0.552891 0.00117636 0.038919 0.00213893 0.0108821 0.000455937 0.00279766 0.000151677 0.0608199 0.0234614 0.0427325 0.00399364 0.000107045 2.65051e-09 0.0850813 3.68649e-05 0.000604169 0.000691878 0.00173203 0.000665385 6.82914e-06 0.00563507 0.0568296 8.42834e-05 0.0834539 
0.000478521 0.00398087 0.321571 1.03794e-10 0.105286 0.00566291 0.00486379 1.41507e-08 2.94785e-05 0.000185349 0.247207 0.00737919 0.0603242 0.0193899 5.04557e-05 8.81039e-05 0.0603765 1.20757e-07 0.0760843 0.00178911 0.0188192 0.00716303 0.0187892 0.0279318 0.000858325 0.0062163 0.00547626 
0.00210946 0.00417812 0.484251 0.000840821 0.0082946 0.0427256 0.00826504 0.0056157 0.000738032 3.27531e-06 0.00311898 4.90339e-05 0.251528 0.000905712 3.45488e-05 2.64814e-08 0.0110435 2.53464e-08 2.96157e-08 4.52143e-06 7.44588e-07 0.117414 2.74443e-06 0.00294995 3.71524e-05 6.13029e-07 0.0558889 
3.57459e-08 4.56339e-05 0.996825 0.000365281 0.000134978 2.32257e-08 0.000331287 0.000209959 4.05183e-08 0.000104704 9.55977e-05 3.21951e-05 0.00018928 0.00010146 9.28322e-08 6.88681e-08 7.30906e-05 6.59163e-08 5.39903e-05 0.00049009 1.45351e-08 1.30503e-08 0.000244733 0.000111186 0.000177291 1.95953e-05 0.000394728 
0.00612715 9.13574e-07 0.323807 3.74896e-07 0.301934 8.22821e-07 2.16849e-07 4.72233e-11 1.15289e-06 2.15168e-07 4.00942e-06 1.08494e-06 0.00348739 0.0187986 0.000809859 9.60512e-11 0.0276339 9.19343e-11 1.07419e-10 3.85959e-06 0.0428172 0.000998127 9.54526e-06 2.21811e-06 0.000566983 0.272993 1.65294e-06 
0.000879301 0.0201263 0.624126 0.000429562 0.121617 0.00615453 0.00953142 0.00012688 0.00166739 5.06583e-06 0.0751242 0.00281217 0.0319207 0.0115178 2.87667e-05 2.543e-10 0.0358972 0.0016395 1.09789e-05 0.000995337 0.0169136 0.00658984 0.000586474 0.000972247 0.001179 0.0127148 0.0164338 
1.2508e-10 0.00287576 0.965899 8.03824e-11 0.0295254 7.80276e-07 5.08404e-11 3.67395e-07 1.30451e-06 3.27827e-07 2.09576e-07 9.8576e-08 3.53542e-07 5.30321e-07 3.24832e-10 2.40978e-10 3.01076e-08 2.3065e-10 2.695e-10 1.61584e-07 5.08603e-11 4.61212e-09 2.37809e-10 5.40278e-11 4.39942e-11 0.00169518 3.45291e-11 
1.14139e-10 5.20621e-08 0.931648 3.30155e-07 0.0406058 7.41611e-11 0.00178587 4.00126e-07 1.29377e-10 7.56407e-07 0.00335078 2.14123e-11 2.96075e-07 0.00313604 2.96418e-10 2.199e-10 0.00975021 2.10474e-10 5.41286e-07 0.00512681 8.95788e-07 4.16702e-11 6.2954e-07 4.9302e-11 0.000314568 4.10312e-07 0.00427714 
0.000896794 0.011637 0.205427 0.00234318 0.127532 0.00759591 0.000896648 0.0424755 0.00800012 5.13721e-09 0.199403 0.0218666 0.151987 0.0577685 8.65857e-09 6.4234e-09 0.0985664 1.46125e-06 7.18365e-09 0.000607058 0.00444831 0.00468674 2.10673e-06 0.0226843 4.84805e-07 0.000485838 0.0306877 
0.000836043 0.00925278 0.50309 0.00710108 0.0478091 0.0150813 0.0124105 0.00269357 0.000114746 0.00854487 0.0514171 0.00613848 0.0151561 0.00174093 0.00040801 3.58027e-05 0.0106765 7.44117e-06 9.58575e-05 0.00075389 0.000256945 0.0118742 0.000851585 0.00305926 0.000592672 0.0582457 0.231756 
0.000175319 0.00216183 0.475432 0.000306164 0.0274441 0.0165983 0.00187286 0.000135765 0.00144959 3.452e-06 0.0720704 0.00108808 0.265516 0.00280268 0.00018378 8.62573e-09 0.0131568 2.89993e-05 7.43729e-05 0.000361197 0.00314903 0.00192694 0.00074641 0.00196161 0.000526286 0.0224174 0.0884109 
0.00419514 0.0376039 0.585934 0.000214009 0.0135098 0.0981773 0.00486014 0.00264339 0.00187515 8.96887e-06 0.0782425 0.0240028 0.0396608 0.0111681 2.19581e-05 2.17321e-06 0.0106747 2.24729e-05 2.35636e-06 0.000149302 0.00797368 0.0120607 0.000637941 0.0403814 0.000180841 0.00129246 0.024504 
0.00031277 0.00352699 0.784152 0.000234425 0.0307712 0.00054518 0.000497461 0.00114858 6.05029e-06 0.0563921 0.0630803 0.00104214 0.00635442 0.00709734 9.73546e-05 1.70885e-08 0.0078037 6.19161e-05 2.73843e-05 0.0194951 0.00308893 0.000335834 4.01726e-05 0.000146138 0.00118814 0.000429835 0.0121245 
0.00301465 0.00772052 0.273398 0.000705227 0.265067 0.0004543 0.0215421 0.00057282 0.000184283 0.000143997 0.189849 0.0144935 0.0410622 0.0237977 8.95135e-05 0.000101202 0.0532155 0.00124074 0.00027829 0.00566064 0.0375345 0.00299177 0.0147536 0.00988121 0.00433063 0.00547313 0.0224447 
5.04479e-08 0.206449 0.513716 0.000240385 0.0081746 2.11094e-06 0.0607166 0.000922277 1.10359e-06 0.0427137 0.0171941 0.00369847 0.000772388 0.0605994 0.00295713 9.71928e-08 0.0517792 1.96198e-07 1.74932e-05 0.0101346 0.00125336 0.00283812 3.56769e-05 0.00216678 6.2779e-07 0.000346624 0.0132696 
