9.3875e-07 0.0227785 0.546438 0.00929969 0.000748553 3.66517e-05 0.0015158 0.00195244 7.58837e-08 0.0604223 0.0774216 0.00293567 0.0204443 0.000725477 0.000209906 5.4704e-05 0.0219335 2.17173e-06 3.1365e-05 0.00113121 0.00139865 0.00306313 9.45102e-06 0.00532784 8.4046e-05 0.000108394 0.221925 
8.94857e-10 2.71933e-10 0.970017 5.7508e-10 0.0192211 2.09373e-06 3.4194e-06 8.47614e-10 1.01433e-09 3.22657e-05 1.52821e-06 1.67874e-10 1.60075e-10 3.13534e-10 2.32394e-09 1.72403e-09 7.53511e-07 1.65014e-09 1.92808e-09 8.67377e-07 2.1472e-06 3.26698e-10 1.70136e-09 3.86531e-10 3.14748e-10 1.96139e-10 0.0107184 
0.00154371 0.0392686 0.511571 0.000160942 0.194466 0.0151411 0.00786503 0.000104992 0.00116288 0.00250659 0.0555602 0.00900563 0.0106466 0.0521899 0.000109135 7.34021e-09 0.00282869 1.92243e-05 9.1969e-07 0.000645605 0.0482615 0.000966645 3.44796e-05 0.0196977 0.000395785 0.0237152 0.00213236 
0.00710726 8.23039e-05 0.807417 0.00107349 0.0362648 3.76529e-07 0.0320452 0.0291047 9.27714e-06 8.92911e-07 0.0192161 0.0250248 0.00025919 0.0275297 1.50497e-06 1.11647e-06 0.00849398 1.06861e-06 1.24861e-06 1.04123e-05 0.000963271 0.00429235 1.1946e-05 0.000955113 2.03828e-07 0.00012871 3.69078e-06 
3.5855e-07 0.0534212 0.331267 0.00284005 0.0319975 0.0736289 0.0459124 0.00194745 0.0558502 5.824e-09 0.0561115 0.00959363 0.258406 0.0501267 3.90757e-05 1.67396e-06 0.00371037 6.06348e-06 8.50729e-10 0.000246183 0.000410496 0.00311394 0.00237063 0.00870714 0.000585786 5.5453e-05 0.00965067 
0.00161751 0.0234439 0.644899 0.00414199 0.0237081 0.061771 0.0219802 0.00817682 0.00356699 2.16463e-05 0.0348394 0.0694973 0.0369273 0.0143986 5.91335e-05 2.32303e-06 0.0109861 4.35291e-05 0.000221089 0.000560159 0.00140194 0.00227704 0.00073341 0.012992 0.00272225 0.0045522 0.0144591 
0.000756808 0.0129715 0.600528 0.000357009 0.00461679 0.0717816 0.0504316 0.00126833 0.0242495 1.40385e-05 0.0316749 0.00202092 0.120418 0.000653283 0.00017309 1.42898e-08 0.002734 7.00792e-05 1.63358e-07 0.026267 0.000176035 0.00882814 0.00111081 0.00090872 0.00152568 0.000341792 0.0361223 
7.96721e-06 0.07374 0.282632 0.0474811 0.230654 0.000764491 0.00278066 0.0232105 0.00444842 3.21052e-09 0.0947309 0.0139859 0.0111042 0.0708877 8.45693e-05 7.38942e-07 0.0532689 1.43896e-06 0.00425918 0.0163954 0.0318783 0.00800761 0.00145035 0.0201292 8.35245e-06 0.00390482 0.0041839 
8.80809e-09 0.0103909 0.837433 3.19037e-07 0.0856064 1.12606e-06 1.85884e-06 2.28883e-07 2.49227e-08 3.38446e-11 0.0367732 0.00890922 0.0106923 0.00174118 2.33936e-07 4.23183e-11 4.62681e-07 4.05044e-11 4.73269e-11 3.36579e-07 0.00133084 2.49404e-07 0.0071173 5.79716e-07 6.95403e-08 1.34853e-08 4.60845e-07 
0.000105206 0.0326267 0.296718 0.000568335 0.129624 0.00237506 0.00271457 2.42198e-05 0.0174387 3.7332e-05 0.0938659 0.00711548 0.112593 0.0118525 0.000155864 0.000378732 0.0465912 5.01636e-05 9.04258e-05 0.00148581 0.0430392 0.002448 0.0246207 0.0203296 0.00011329 0.139064 0.0139739 
3.55282e-06 1.63355e-06 0.997958 2.09469e-09 8.40047e-06 1.86084e-05 1.32485e-09 6.22763e-06 3.69462e-09 4.01121e-06 1.25735e-06 6.88504e-07 2.53061e-06 8.75073e-07 8.4648e-09 6.27966e-09 1.55816e-06 6.0105e-09 7.0229e-09 2.01665e-06 0.00180209 1.18997e-09 6.19707e-09 5.70335e-06 2.6484e-06 0.000161393 1.87003e-05 
0.00568464 0.000414021 0.392869 0.001177 0.155558 0.0259492 0.000607439 6.84534e-05 0.0066291 1.36925e-06 0.124295 0.106543 0.01508 0.0282683 3.07148e-06 3.16754e-09 0.0470818 1.66201e-06 0.00232945 0.00426673 0.00442859 0.00974302 0.0212757 0.00487813 0.000403071 0.035148 0.00729661 
0.00284515 0.00551168 0.802387 0.00972461 0.0130141 0.00333823 0.00823673 1.19019e-05 0.00175707 1.22047e-05 0.0160128 0.0304558 0.0147899 0.0121224 8.03162e-06 9.39679e-08 0.0205811 0.00450385 9.25096e-05 0.00381595 0.00546398 0.00380552 0.000623417 0.00029045 0.00307102 0.000555137 0.0369692 
0.000893237 0.0659788 0.529665 5.01544e-05 0.0147854 0.0127236 0.0025815 0.00018227 8.49857e-05 2.46614e-09 0.272741 0.00813581 0.0315454 0.00425493 1.77879e-06 3.08359e-09 0.0171 4.5195e-07 1.84811e-06 0.00899125 0.0159275 0.00258833 3.60819e-06 0.000830801 1.58034e-07 0.0014783 0.00945446 
3.89287e-06 0.0188597 0.687791 1.0449e-06 0.032134 0.00250343 0.00774994 0.00136107 0.000162022 1.24146e-06 0.0419781 0.0352556 0.102038 0.020053 0.000279639 6.81182e-08 0.0238534 9.71721e-10 1.65213e-06 0.000474712 0.0113473 0.00400702 1.00188e-09 0.00417698 7.08859e-05 1.15501e-10 0.00589623 
5.67343e-05 0.081595 0.743877 0.000341389 0.0933444 0.0181505 9.49823e-05 0.00750311 1.40341e-05 0.000349142 0.0146645 0.00473265 0.000597828 0.0133764 1.77677e-07 1.31811e-07 0.00312525 1.26161e-07 0.000110882 0.00195763 0.00280463 0.00416735 3.07397e-07 0.00668768 1.59347e-05 0.000302313 0.00213008 
8.64208e-09 2.62619e-09 0.44229 5.66548e-05 0.354337 3.42581e-05 4.92129e-06 9.25081e-05 2.94856e-06 1.33159e-08 0.00470066 8.75637e-06 4.73067e-05 0.0157593 2.24435e-08 1.66498e-08 1.44041e-05 1.59362e-08 1.86204e-08 0.0267999 1.26542e-05 3.15508e-09 0.00829927 8.81008e-05 3.03968e-09 0.00225866 0.145193 
0.00538937 0.00845264 0.777136 0.00445806 0.0483356 0.0338628 0.0042001 0.000330104 0.000566606 7.10428e-06 0.0553094 0.00645918 0.0132521 0.0032432 2.22366e-05 1.32433e-05 0.00878412 4.54128e-06 0.000102974 0.000548776 0.0012192 0.00285638 2.6462e-06 0.0106012 0.00028106 0.00916805 0.00539309 
0.00473164 0.00202103 0.588388 0.0155458 0.0210188 0.000639225 0.00220381 0.00770074 0.000631415 6.11987e-06 0.0951486 0.000843207 0.0755206 0.00769147 6.0434e-05 4.04061e-06 0.0743552 0.000258664 3.1378e-08 3.40353e-05 0.000711359 0.00283279 0.000115385 0.0238398 0.000606732 9.27227e-05 0.074998 
0.00195393 0.0643233 0.519097 0.000333164 0.0920632 0.000267303 0.0159127 0.0619848 3.02619e-05 0.000111037 0.03956 0.0149216 0.0116446 0.0703026 3.44189e-05 7.67778e-05 0.0217054 0.000165677 0.000766616 0.000252456 0.00554136 0.00136968 0.00109558 0.00142959 6.57857e-05 0.000160239 0.0748308 
7.22662e-09 0.0122502 0.798023 0.012133 0.0310066 1.84749e-05 0.00893452 0.00121475 4.16583e-07 1.1135e-08 0.00827338 0.00711585 0.0185132 7.59949e-07 3.85503e-06 1.39228e-08 0.0878625 1.3326e-08 0.00026127 1.63106e-05 0.00234051 0.00308994 9.74084e-06 0.000936502 4.80326e-05 2.22701e-07 0.00794658 
4.33424e-09 0.000114122 0.983791 1.69719e-07 0.00952875 9.59434e-05 0.00109542 0.000145231 3.22444e-05 5.41157e-06 0.000944364 2.05504e-06 0.000676044 0.00020823 4.0332e-05 8.35035e-09 0.00165216 4.84711e-08 2.08191e-06 0.000523028 0.00057199 2.0425e-06 8.74237e-05 0.00030268 0.000167097 4.07513e-07 1.12816e-05 
0.00135807 0.0132335 0.595273 0.0293557 0.109607 0.00185672 0.00132382 0.0105084 4.36101e-05 0.0013502 0.0418569 0.053405 0.0279526 0.0269193 1.06522e-05 3.75497e-08 0.0190581 0.000111579 0.00051139 4.20523e-05 0.00991669 0.00190822 4.03316e-05 0.0338045 0.000240299 0.000744386 0.0195677 
4.12533e-07 2.39543e-07 0.687341 1.38581e-05 0.0497847 3.84609e-08 0.00293844 0.000343157 2.02273e-08 0.011012 0.134864 9.17119e-07 0.0130403 4.80101e-07 5.14982e-05 5.04275e-08 0.0492333 2.43253e-05 0.000296115 0.00880754 0.00144863 0.000843403 1.18572e-07 3.32715e-06 0.000874876 3.9432e-06 0.0390725 
5.66205e-07 0.0126376 0.830809 0.00457734 0.0188165 3.67889e-07 0.00068028 0.00464473 2.33673e-05 5.86771e-05 0.0208203 0.0039758 0.0565594 0.0152542 1.47044e-06 1.09085e-06 4.73017e-05 1.0441e-06 5.13561e-05 0.00190943 0.000526979 0.000108708 5.61516e-05 2.44481e-05 5.42992e-05 0.00635602 0.0220041 
1.38899e-05 0.0062951 0.555979 0.00340375 0.115696 0.00204466 0.00350328 0.000191804 0.0130327 0.000219069 0.0559596 0.0467007 0.0166992 0.0203646 7.01039e-05 5.62055e-08 0.0086847 2.03264e-05 9.06687e-05 0.069772 0.00578091 0.00464823 0.0203003 0.0138398 0.000329877 0.00712934 0.0292302 
1.10575e-05 0.0182683 0.344886 5.89931e-06 0.144796 0.000111641 0.00198199 0.00194194 1.96019e-05 1.72583e-05 0.276777 0.014613 0.0117876 0.0491113 0.000164993 3.57206e-06 0.0581029 0.00206819 9.00212e-06 0.000590077 0.00416807 0.00609402 0.000117643 0.00452831 9.52454e-06 0.00760049 0.0522152 
0.00165317 0.00161736 0.43383 0.0432531 0.00855759 0.0014446 0.0019584 0.000657971 0.00027112 0.00011353 0.179193 0.0481327 0.0132466 0.00113018 0.000148362 7.34039e-08 0.0526552 1.14595e-05 3.52661e-07 0.0240159 0.0016425 0.000403197 0.000275615 0.00120133 0.000343039 0.000633742 0.18361 
0.0100693 0.0181957 0.48298 0.00209195 0.0690404 0.0043614 0.0144559 0.000108116 2.21075e-05 2.64527e-05 0.20937 0.0257951 0.038878 0.0448611 3.07918e-05 1.0827e-07 0.031196 3.57033e-06 4.45435e-05 0.0191228 0.00321589 0.000640114 1.4193e-05 0.014506 0.000378362 0.00270951 0.0078823 
0.00306782 0.0067228 0.314245 0.0257191 0.118924 0.00259374 0.00338582 0.000678111 0.00032339 0.083265 0.118255 0.059071 0.125624 0.00281883 2.02298e-05 1.95031e-09 0.020344 0.000254406 0.0012044 0.00834692 0.00229591 0.00132425 6.46757e-07 0.00012797 8.46111e-05 0.000436084 0.100866 
0.000128901 0.00865151 0.470517 0.0199689 0.203618 0.00224489 0.00014717 0.042155 2.38816e-06 1.94472e-05 0.0281702 0.0274186 0.00337354 0.00913363 3.35467e-06 2.33395e-08 0.104427 0.000149512 0.00301024 0.00289917 0.0160874 1.20461e-05 6.23311e-05 0.00247463 0.00842055 0.00213588 0.0447684 
0.000121468 0.00305736 0.831949 5.6909e-05 0.0538715 1.58602e-05 0.00110247 4.29274e-08 0.00046848 0.00399012 0.0113599 0.000983436 0.00408429 0.001919 1.15612e-05 8.73135e-08 0.00225417 0.000136078 1.39054e-05 0.0427006 0.0179954 4.2674e-05 9.85709e-05 3.83113e-05 0.000155849 0.0208239 0.00274901 
0.00430482 0.0245614 0.235154 0.000341374 0.151277 0.000484507 0.00242856 0.00295998 0.000292333 1.35835e-05 0.167166 0.0133348 0.026864 0.0019945 0.0017571 3.24252e-08 0.0612821 0.000580984 0.00564417 0.00661475 0.0139609 0.189087 0.000233041 0.00809438 4.96051e-05 0.0406553 0.0408645 
0.000114419 1.90797e-05 0.656124 4.03639e-06 0.0331087 0.000494568 0.000303358 8.79108e-05 3.28383e-06 0.000513199 0.0150068 0.00176628 0.00162788 0.00102785 1.45695e-05 3.70756e-10 0.00593978 3.54864e-10 3.51299e-07 0.275247 0.00205348 7.60379e-06 0.00273719 4.31935e-06 0.000399513 0.0018251 0.00156992 
5.36812e-05 0.000647168 0.985685 1.22012e-07 0.00232034 4.04448e-06 0.000207645 7.50477e-05 0.000118095 1.15323e-05 0.0029369 0.00102644 0.000270285 0.000141316 1.55265e-05 0.00393245 0.000697094 1.19983e-07 2.36165e-05 9.36104e-08 0.000643454 4.59665e-07 0.000422816 2.58674e-07 9.40244e-05 8.89524e-05 0.000583681 
0.00155037 0.011054 0.666324 2.70001e-05 0.0101881 0.00292537 0.0141145 7.3267e-07 0.0176859 1.08462e-08 0.12608 0.00149771 0.0986353 0.020976 2.33846e-05 7.03872e-05 0.00880598 1.29804e-08 6.74835e-06 0.000108296 0.000250234 2.57389e-05 1.33833e-08 2.24198e-05 0.000143099 0.0107338 0.0087506 
8.99282e-05 5.24452e-06 0.613838 0.000512331 0.35005 0.00025664 9.85677e-05 0.00229057 8.51634e-07 1.15766e-06 0.00274065 0.00186876 3.32866e-06 0.0122148 1.95119e-06 1.4475e-06 0.0015206 1.38546e-06 1.61882e-06 1.71183e-05 0.0105952 0.000146748 0.00370111 4.14641e-05 2.64263e-07 1.64679e-07 2.07409e-07 
0.000174868 0.0185004 0.2899 0.0177265 0.130744 0.0592618 0.0706705 0.0071088 3.42837e-05 2.50705e-05 0.0171512 0.00484008 0.0955767 0.179079 1.29038e-05 2.43735e-05 0.00933008 5.88817e-06 1.59416e-05 0.000311173 0.0097504 0.0215878 0.000283435 0.0452313 0.000149576 0.00439052 0.0181129 
0.060214 0.000174242 0.314544 1.48612e-05 0.1579 4.79661e-06 0.0251609 1.54482e-06 0.000337739 0.000121386 0.0569484 0.0030533 0.0354849 0.0559965 1.40238e-06 5.95396e-08 0.0332547 5.69877e-08 0.000521864 9.78537e-06 0.00670991 0.0407159 1.24587e-05 0.0144695 0.000980701 4.91655e-06 0.193362 
0.000206398 0.0327056 0.627329 0.00185226 0.104609 0.0255119 0.0050291 0.0116426 0.00422467 0.000782859 0.0491671 0.0102847 0.0120285 0.00218612 3.39987e-05 0.0668414 0.00269753 6.46748e-05 0.000244921 0.000330657 0.000245281 0.0151824 1.18406e-06 0.0195213 0.000250463 0.00585856 0.00116842 
0.100688 0.0189199 0.213817 7.28331e-05 0.0162039 0.00452319 0.103642 0.0051373 6.78903e-05 3.28703e-05 0.0750024 0.0519463 0.00897958 0.0878699 0.000237597 0.000148498 0.181297 6.29381e-05 0.000404318 0.0023498 0.00811385 0.00265943 0.0831574 0.00409991 0.0143341 0.000925659 0.0153058 
0.000805416 1.33886e-05 0.364786 1.54689e-06 0.00451727 0.10851 0.000258168 3.39593e-05 2.47227e-06 3.8644e-06 0.146394 0.257211 0.00477531 0.00166471 8.29502e-06 1.23656e-08 0.0533203 1.45873e-06 9.47883e-07 0.0501791 0.000287787 0.00414637 0.000153288 0.000876741 0.000225201 0.000786847 0.00103703 
0.000308885 1.15029e-09 0.977345 2.43262e-09 0.000726231 9.64142e-05 6.93918e-05 1.82893e-05 0.000131299 0.00020531 0.0012206 0.000987705 0.000178153 0.000279048 7.86531e-05 7.29275e-09 0.000513457 6.98017e-09 4.9759e-05 0.015451 0.000323078 0.000117329 0.000267729 9.5325e-05 0.000121292 0.0011735 0.000243058 
2.12408e-09 0.0316295 0.486626 2.86796e-06 0.146998 2.07155e-06 8.63363e-10 2.01194e-09 2.40766e-09 3.27284e-09 0.123988 2.09602e-05 6.76371e-06 7.91858e-05 5.52175e-06 8.1886e-06 0.131533 3.91685e-09 4.57659e-09 0.000235008 3.69672e-05 7.75467e-10 0.0787907 3.44986e-05 2.91445e-06 4.65565e-10 5.86368e-10 
2.45786e-06 0.00536384 0.700041 3.07156e-05 0.00554243 0.000758929 0.0110777 0.000136013 2.46115e-05 1.32641e-06 0.0303762 0.0550277 0.0277204 0.000181791 3.39844e-05 2.01322e-10 0.0733578 7.52374e-09 3.59163e-08 1.95729e-07 0.000217299 0.0032311 0.0350096 0.00173508 3.96472e-05 2.02279e-05 0.0500701 
0.000277575 0.00685716 0.287588 8.93057e-05 0.173903 0.00147782 0.135297 0.000462564 3.85537e-05 3.66303e-05 0.200617 0.0244694 0.0359297 0.023126 0.00081087 2.92484e-08 0.0396861 1.18792e-06 4.80793e-07 0.000641884 0.0504094 0.0102319 0.00133556 0.000772265 3.72965e-07 0.00374359 0.00219641 
1.78027e-10 1.75537e-06 0.603107 8.57056e-07 0.0449363 3.02483e-06 0.0220888 6.14926e-07 1.33667e-05 0.00172343 0.00643881 1.17885e-06 0.00952124 0.000280781 0.0123488 3.42986e-10 0.00184151 3.28285e-10 8.27926e-05 0.259694 4.01858e-05 6.69978e-07 4.25661e-05 0.00223361 0.0172037 1.82898e-05 0.018376 
2.32367e-07 0.0011912 0.92906 0.000962769 0.00746724 6.95836e-05 2.74426e-05 0.000594417 2.6339e-07 3.99972e-05 0.004784 4.35919e-08 0.00506996 0.00116929 6.03458e-07 0.0280805 0.00721233 6.24642e-05 5.00664e-07 3.74762e-07 6.36635e-05 0.00262821 0.000154701 7.53214e-05 8.17305e-08 1.50152e-05 0.0112694 
8.49556e-05 0.0163864 0.743244 5.22321e-05 0.0977445 0.00247656 0.00215472 0.0146409 0.00449848 2.24944e-06 0.00624135 1.63741e-08 0.00217768 0.0157158 1.1858e-06 4.95697e-08 0.0048883 4.7445e-08 0.000277678 0.000858954 0.0577104 6.34462e-05 4.7886e-06 0.00275913 5.6113e-07 0.0233247 0.00469092 
0.270888 0.0776549 0.272739 0.00250341 0.118811 8.50653e-05 0.000642991 0.00176059 0.000213778 0.000186238 0.1241 0.0295711 0.0136507 0.00120037 0.00122117 0.0126266 0.0245097 2.52177e-07 0.0170425 0.00874681 0.000459447 0.00137533 0.000446281 0.00108188 0.000251993 0.00770792 0.0105231 
6.04473e-06 0.0280426 0.283015 0.011891 0.00918789 0.0204243 0.00233428 0.246699 1.15139e-07 1.32097e-05 0.152832 0.0435341 0.00632914 0.0555721 7.96018e-07 1.957e-07 0.0172807 1.87312e-07 2.18862e-07 0.000192835 3.93579e-05 0.0485387 0.0683094 0.00572772 8.28632e-07 2.22643e-08 2.80916e-05 
0.00341856 0.0348905 0.309056 1.40684e-05 0.0964351 0.290911 0.00171851 0.0204226 0.00678659 8.1691e-05 0.031572 0.0279271 0.00807006 0.00675452 0.000112251 2.50166e-07 0.0192095 2.39443e-07 0.0528574 0.000773072 1.69162e-05 0.0228438 3.7749e-05 0.0217603 8.67577e-05 7.58207e-06 0.0442353 
0.0383735 0.0205907 0.668639 0.0341211 0.0376421 0.0185473 0.0388272 0.00145247 2.30459e-07 0.00200915 0.034187 0.0447469 0.00538913 0.00937785 5.28009e-07 3.91707e-07 0.0287394 0.000128535 4.38068e-07 2.63384e-05 0.000199619 0.0013195 0.000362425 0.00968979 7.15119e-08 3.14346e-05 0.00559829 
0.00312508 0.00431429 0.299671 0.000165601 0.0447537 6.34491e-06 0.00367724 3.02643e-06 3.20257e-06 5.18605e-06 0.064706 0.024914 0.138121 0.00285401 7.92838e-06 1.84894e-08 0.0545051 3.32383e-07 0.000150285 0.0988227 0.0065761 0.000813394 0.136976 0.0231648 0.000163063 0.00079122 0.0917089 
0.0115064 0.0452971 0.217039 0.00142953 0.053538 0.000265788 0.000162237 0.176101 0.00105042 0.000257176 0.101447 0.0825021 0.058407 0.114213 1.39733e-05 4.30679e-08 0.117074 4.43973e-06 1.29562e-05 0.00296021 0.00265128 0.000796072 4.26643e-06 0.000213381 0.000466132 0.000224026 0.0123629 
0.0111121 0.0355981 0.395403 5.38313e-09 0.115018 0.0257307 0.000499269 0.00131788 8.39117e-05 2.21846e-06 0.189505 0.0490785 0.0115023 0.0204705 0.000174348 0.0707654 0.0165273 2.25583e-07 9.32114e-05 0.0425084 0.00807244 0.000389696 0.00106412 0.000344587 1.26726e-05 0.00160669 0.00311999 
6.63191e-05 0.00150136 0.952637 1.72165e-05 0.00244802 0.0106085 0.000214706 0.000100781 0.000124211 1.66937e-05 0.00333706 0.00422623 0.000330668 0.000181763 1.70268e-05 0.020844 0.000873937 3.3871e-06 2.51066e-05 2.36564e-06 0.000622666 0.000244172 0.000419973 6.54663e-05 9.63829e-05 9.16654e-05 0.000883013 
0.001023 0.0108379 0.461552 0.00505194 0.15611 0.00458946 0.0034234 0.000405664 0.000279046 0.000291096 0.112745 0.0432675 0.0314885 0.0105469 0.00203363 1.02768e-05 0.01244 2.33602e-05 0.0741724 0.0226603 0.00532497 0.00696355 0.000947626 0.0180478 8.05813e-05 0.000926876 0.0147576 
0.000245509 0.000557633 0.596237 5.37927e-05 0.0208541 6.28807e-05 0.021204 0.00269183 0.000956688 0.000180882 0.259921 0.0248099 0.0249301 0.00497955 3.43409e-06 3.92334e-05 0.0099488 2.22195e-07 5.3893e-06 7.70127e-05 0.000410714 0.00161103 0.015195 0.000819777 6.12767e-06 3.00686e-06 0.0141961 
4.14429e-06 1.86765e-06 0.442284 7.05977e-06 0.116454 0.247013 6.35657e-06 4.93993e-06 0.14653 5.46765e-09 0.0433067 2.57006e-05 1.42846e-05 1.24331e-09 9.21552e-09 6.83658e-09 2.11876e-06 6.54356e-09 1.13918e-05 5.72306e-09 2.12065e-06 0.00430686 2.19478e-05 1.53278e-09 7.86869e-07 1.83666e-06 3.60663e-07 
6.16106e-05 2.9365e-05 0.408428 0.000324564 0.353858 1.66318e-07 0.000210231 0.000279169 2.26562e-07 0.000334567 0.0130383 0.000524001 4.11068e-05 0.00787085 0.000262585 5.3252e-10 0.00543397 5.09695e-10 2.47034e-05 0.128778 0.0533083 2.02282e-07 0.00684785 1.64382e-07 0.000547697 0.0160055 0.00378973 
1.83885e-06 0.00681164 0.605996 0.0204942 0.0503607 0.000914036 0.0039414 0.00782306 0.00872207 2.51642e-07 0.163915 0.0029391 0.0223262 0.0104258 8.27865e-07 5.53023e-10 0.0359124 6.44736e-07 0.000417186 4.62948e-10 0.00237998 0.00831692 5.4575e-10 0.00851382 0.000390123 6.29161e-11 0.0393964 
0.0043855 0.0103072 0.575292 0.0205154 0.0780827 0.001056 0.0274513 0.118715 0.000979029 0.000183086 0.0138842 0.00946713 0.00638246 0.00614549 1.25408e-07 9.30347e-08 0.104766 0.000242292 1.04046e-07 9.0686e-05 0.000809174 0.015521 2.71982e-05 0.00310095 1.48949e-07 8.20045e-05 0.0025128 
0.0311434 0.000288338 0.46363 0.012326 0.134635 1.20041e-05 7.81026e-07 0.00830946 4.08125e-06 8.21238e-08 0.0844166 0.0078243 0.0297715 0.00422477 6.66671e-06 5.50701e-05 0.00018927 0.000683648 1.40737e-06 3.03164e-09 0.00413253 0.0139546 1.35931e-05 0.0253957 1.03718e-05 4.68047e-06 0.178966 
1.00219e-08 0.0112861 0.837447 0.000313005 0.0199373 0.0450082 0.00140509 0.000861141 0.00515775 1.5442e-08 0.016449 0.0111486 0.0186364 0.0130134 2.60269e-08 1.93082e-08 0.00058169 2.6958e-06 0.00275492 0.00807975 0.00333386 1.16661e-05 0.000491294 0.00218232 7.05395e-05 5.35199e-05 0.00177459 
1.14494e-05 0.0100638 0.419951 0.0292178 0.0118236 2.50947e-05 0.0574393 0.0105279 0.000770478 0.00831837 0.05525 0.0440517 0.0204999 0.00154226 9.75259e-06 2.08227e-06 0.0285041 1.59213e-05 0.000894746 0.00991961 0.00864641 0.00526074 1.61451e-07 0.00126738 0.00160102 0.0105923 0.263793 
0.00213123 0.0174014 0.383994 0.0620853 0.00959678 0.0636858 0.00173972 0.000250912 0.00109598 0.000125389 0.130474 0.186598 0.0285605 0.00174126 0.000264245 1.00593e-05 0.000910011 2.67378e-06 0.00158771 7.97526e-05 0.00173163 0.0249348 0.00467985 0.0560837 3.01854e-05 0.00204803 0.0181578 
3.68523e-05 7.99344e-09 0.999144 1.69044e-08 3.29974e-09 0.000176055 1.06917e-08 0.000147026 2.98161e-08 4.05302e-08 2.82508e-09 1.53023e-05 4.70539e-09 9.2163e-09 6.83122e-08 5.06777e-08 4.51937e-09 4.85056e-08 5.66758e-08 4.24235e-08 1.06959e-08 0.000227606 5.00113e-08 0.000106815 9.25198e-09 5.76548e-09 0.000145963 
0.00129139 0.00374169 0.584559 5.01555e-05 0.163274 0.0111443 0.00398302 0.0124494 0.00221544 1.27577e-05 0.056407 0.0208618 0.0228393 0.0213478 1.18827e-05 0.000159006 0.035202 1.2034e-05 1.36573e-05 0.0163484 0.0163004 0.000902686 0.00265672 0.0148507 0.000165378 0.00679295 0.00240767 
9.63147e-07 0.194596 0.320784 6.7004e-06 0.057232 8.34229e-05 3.25965e-10 7.59614e-10 9.0902e-10 1.23567e-09 6.84737e-06 0.0498685 0.0390574 0.126975 2.08267e-09 1.54504e-09 4.02345e-06 1.47882e-09 1.72791e-09 1.29339e-09 3.26092e-10 0.0711852 1.52472e-09 1.2159e-05 2.8207e-10 1.75776e-10 0.140187 
0.000299494 0.00701587 0.83774 0.00246308 0.0312462 0.0178366 0.0211456 0.00033862 0.0107638 1.21174e-05 0.015771 0.00163702 0.00333687 0.0120234 0.0107645 0.000728899 0.00459269 1.35497e-05 7.73275e-06 4.32046e-05 0.000240597 0.00110575 0.000279919 0.00212862 4.09882e-05 0.0107877 0.00763584 
0.0099387 0.0444774 0.361209 8.32512e-07 0.0353218 2.4414e-06 0.00446676 0.158459 1.07048e-05 1.33072e-06 0.0392717 0.0581508 0.000117098 0.0728747 4.39738e-07 2.8107e-09 8.00373e-06 2.09057e-07 0.000103184 0.000336683 0.00166512 0.00289841 0.0175046 0.193141 3.91453e-05 3.19767e-10 1.52965e-06 
0.00166188 0.0918085 0.361345 2.67073e-05 0.0637393 0.000179053 0.000207459 0.00369441 0.00311593 0.000125566 0.189851 0.0449929 0.0118413 0.0126039 0.00408275 1.6082e-08 0.0132914 2.41283e-06 0.00117214 0.125586 0.00394085 0.0507043 0.000454428 0.00449386 0.00157436 0.00325173 0.00625299 
4.85368e-07 3.242e-07 0.968031 5.12117e-10 0.00683405 5.17771e-10 4.85859e-07 9.02529e-07 0.000217306 4.36926e-07 2.95343e-07 8.26772e-09 0.00388909 0.000250042 0.000194662 8.49075e-08 0.000109082 5.44756e-05 8.36971e-07 0.00568302 0.000300728 1.32738e-06 0.00193445 3.44212e-10 0.000277241 1.74665e-10 0.0122199 
0.00585313 0.112312 0.474761 0.0114187 0.0715698 0.0281274 0.0175181 0.00274119 1.2018e-05 0.00823765 0.0474694 0.00273841 0.00956892 0.0161886 0.000397695 2.20997e-07 0.0640527 9.09806e-07 0.000798799 0.000488038 0.00100107 0.00574169 0.00712362 0.0128745 6.43824e-05 0.00161455 0.0973256 
8.82608e-05 0.00288551 0.467764 0.0135099 1.6286e-06 0.00221737 2.53371e-05 0.0019105 3.3503e-05 1.30645e-05 0.0140322 0.000149237 0.010803 1.11857e-06 7.87336e-06 5.4997e-09 0.00524025 4.89967e-06 6.15062e-09 6.37537e-06 0.0800322 1.13303e-05 6.32683e-06 3.34587e-05 7.02636e-05 0.00314772 0.398005 
0.00994484 0.0199855 0.226818 0.00165221 0.134316 2.62488e-07 0.00816589 0.0241895 0.000351272 4.02042e-07 0.0488052 0.083849 0.0092213 0.00718547 0.0019191 1.64298e-10 0.20859 2.23488e-08 0.000326948 0.004295 0.0276935 0.00929861 0.011762 0.153191 0.000440629 1.86918e-11 0.0079981 
0.000263002 0.000823909 0.838025 0.0877372 0.000614331 0.000682195 0.000785946 0.00136721 0.000347669 1.05897e-06 0.0289032 1.28931e-07 1.22941e-07 0.0192324 0.00159344 1.3241e-06 0.000905242 1.26734e-06 0.00108476 0.00825076 0.00777764 2.50912e-07 1.30668e-06 0.000661247 0.000323164 1.50639e-07 0.000615705 
0.000697343 5.24027e-07 0.335675 0.0102405 0.0112261 2.78873e-06 0.00346585 0.00156505 0.00932133 1.05667e-07 0.172315 0.310217 0.0287037 0.00118617 9.04985e-05 5.17819e-11 0.0598455 1.44234e-07 5.55554e-07 9.20656e-08 0.00232462 0.0110986 0.0074696 0.00355928 0.00104305 5.89111e-12 0.0299525 
6.39953e-05 1.06758e-08 0.791193 1.22362e-05 2.58276e-06 2.28264e-08 0.000191561 1.12343e-05 5.68841e-06 7.57384e-06 8.92292e-05 1.34052e-05 0.101046 5.37227e-06 9.96245e-06 6.76839e-08 0.00017754 3.78569e-06 7.56947e-08 0.00131157 0.000102007 0.0161718 5.84518e-05 0.000320927 0.000242103 1.2831e-06 0.0889587 
2.29572e-06 0.0349215 0.526289 2.29654e-06 0.0232092 0.016078 0.0202166 0.00413481 2.29542e-06 2.29449e-06 0.142004 2.29758e-06 0.0321687 0.0153936 0.00252358 2.29361e-06 0.0259653 2.29381e-06 2.29309e-06 0.033729 2.29708e-06 0.0167717 0.0183517 0.036525 0.00413727 0.0094221 0.0381388 
1.75906e-10 0.00636034 0.578072 9.92372e-07 0.10284 1.62369e-07 0.00985481 0.0127795 1.99391e-10 0.000106873 0.0478605 0.0505475 0.0765138 0.000224383 6.90867e-07 3.389e-10 0.0425952 0.000164575 1.61454e-06 1.65359e-06 0.00409057 1.28454e-06 3.34443e-10 0.00779345 9.64057e-05 7.52888e-07 0.0600927 
0.000309001 0.0577303 0.739496 0.000195705 0.0440641 0.038873 0.00190673 0.00564734 0.00449802 1.18449e-05 0.0366006 0.000389299 0.0306178 0.00434088 3.11365e-06 1.34869e-09 0.0147127 0.000354651 7.86656e-05 0.00208361 0.0012642 0.00392374 0.000623391 0.00228223 0.000757646 0.00113884 0.00809645 
0.00440956 0.00872385 0.425283 0.00531886 0.177392 0.0215632 0.0581363 0.00388082 0.00801004 1.23193e-05 0.0456135 0.00547853 0.0585807 0.0332454 0.000300122 0.0015351 0.0122163 0.018676 0.00044779 0.00966112 0.00313439 0.00520099 3.85498e-05 0.00740416 0.000326852 0.0759489 0.0094623 
0.000240943 0.0265727 0.48388 0.0191386 0.0991291 0.0665564 9.33524e-05 0.0633175 9.0838e-08 0.000668347 0.0195337 0.00223484 0.018286 0.00332727 5.41407e-06 1.54395e-07 0.0168675 0.000318435 1.72669e-07 0.0189017 1.5872e-05 0.0110822 5.80559e-06 0.0717128 0.000189202 0.00168107 0.0762408 
4.66703e-06 4.67029e-06 0.360064 4.6687e-06 0.0551237 4.66868e-06 0.0266226 0.0266083 4.66643e-06 0.0181964 0.114916 4.67081e-06 0.0752054 0.000938685 4.65965e-06 4.66276e-06 4.67089e-06 0.00373518 4.6617e-06 0.00933311 0.0228867 4.67e-06 4.66288e-06 4.66969e-06 0.00794376 4.67067e-06 0.278361 
0.00583677 0.0322424 0.292945 0.000398692 0.230213 0.0109947 0.0248218 0.00641333 0.00153755 1.17578e-06 0.207279 0.00546851 0.0182742 0.0617481 1.2762e-05 0.00544271 0.0203089 2.98938e-05 7.9396e-06 0.00194073 0.0182834 0.0206424 0.00123632 0.00675407 7.47474e-05 0.0179554 0.00913668 
5.36812e-05 0.000647168 0.985685 1.22012e-07 0.00232034 4.04448e-06 0.000207645 7.50477e-05 0.000118095 1.15323e-05 0.0029369 0.00102644 0.000270285 0.000141316 1.55265e-05 0.00393245 0.000697094 1.19983e-07 2.36165e-05 9.36104e-08 0.000643454 4.59665e-07 0.000422816 2.58674e-07 9.40244e-05 8.89524e-05 0.000583681 
0.00288135 0.0330648 0.194026 0.0130408 0.0481783 7.00422e-05 0.0117954 0.0175412 0.00339457 0.000118291 0.18315 0.0183707 0.192289 0.00325789 0.000267923 3.76478e-07 0.0889977 3.15928e-05 0.00454956 0.0067694 0.00479319 0.0133804 0.000234089 0.0105213 0.000607806 0.0118498 0.136819 
0.00568564 0.0246019 0.153218 0.005242 0.0614261 0.102854 0.0071178 0.0116719 0.000349121 1.22596e-06 0.127028 0.0409101 0.07981 0.0322326 0.00019115 4.05565e-11 0.0783067 0.0006014 0.000214609 0.00270662 0.0079794 0.0502681 0.0748182 0.0340242 0.000164828 0.0105487 0.0880272 
4.12259e-06 0.000317212 0.423774 0.000830829 0.179383 0.000165987 0.140676 0.0012598 4.44309e-06 2.84212e-05 0.00667416 2.15917e-05 0.0224511 0.00108001 0.00023207 6.26585e-08 0.062646 4.33965e-07 0.00279432 0.00183928 0.0042434 2.90987e-05 5.86523e-06 2.69013e-05 6.83191e-05 0.000313975 0.15113 
0.0131513 0.0848759 0.437849 0.00124691 0.0611487 0.0157039 0.00537546 0.00382543 0.029008 2.99457e-06 0.0461641 0.0367322 0.0935448 0.0395651 5.23005e-07 0.0102556 0.0112787 0.000556475 8.03249e-05 8.17258e-05 0.0113441 0.00200769 0.0110975 0.058657 0.000383096 0.00318282 0.0228809 
9.1192e-09 1.38836e-06 0.861038 6.4524e-06 1.14396e-09 5.92515e-09 3.70663e-09 8.63776e-09 1.03367e-08 1.40652e-05 9.79403e-10 1.71075e-09 6.85299e-06 3.22707e-07 2.36826e-08 1.7569e-08 1.56678e-09 1.6816e-08 1.96484e-08 0.119232 3.70808e-09 3.32927e-09 1.7338e-08 3.93902e-09 0.00629569 1.99879e-09 0.0134058 
0.000207411 0.0452068 0.595608 0.000115427 0.0184869 0.00289058 0.202552 3.02784e-05 0.0011927 1.29871e-06 0.0159306 0.0147843 0.0359819 0.000953702 0.00607056 8.24064e-07 0.00550696 8.71794e-05 1.72418e-06 0.0328245 0.000216523 0.00595039 0.000448861 0.00937978 0.000405625 0.000550295 0.00461497 
4.48745e-10 0.00293838 0.933555 3.50067e-08 0.00144133 3.14441e-06 0.0195891 1.04463e-06 5.39804e-07 6.91437e-10 0.0359265 0.000648081 6.95476e-07 9.40644e-06 1.16539e-09 2.93223e-07 0.00262798 4.50198e-07 9.66876e-10 7.23735e-10 0.00108496 0.000995202 8.61302e-07 4.35601e-06 0.000565143 9.42074e-08 0.000607365 
0.000980681 0.012271 0.409765 0.0174563 0.0449487 0.00263779 0.001023 0.0169906 2.14675e-05 7.65086e-08 0.154369 0.00777089 0.00995263 0.00244801 0.000252137 2.57423e-07 0.0493151 0.000625184 7.58584e-10 1.23334e-05 0.000452753 0.00241704 0.000334687 0.00320956 3.6519e-05 0.00122616 0.261484 
1.67366e-06 0.0123403 0.97849 0.000203928 0.00102304 6.44068e-06 0.00161763 1.5853e-06 1.89711e-06 8.5095e-05 0.00138331 3.13977e-07 0.000347808 0.000210858 0.000624843 3.22447e-06 0.000140405 3.08627e-06 3.60611e-06 6.73572e-05 6.65948e-05 7.23254e-05 3.18207e-06 0.000510985 3.15607e-05 3.6684e-07 0.00275876 
2.39973e-06 1.033e-05 0.921454 1.42782e-10 3.94378e-06 5.11752e-05 9.03069e-11 2.10447e-10 9.82423e-07 4.79613e-07 8.13709e-07 4.16801e-11 0.0106092 0.0600788 5.76993e-10 4.28045e-10 0.00777029 1.5163e-06 8.14282e-07 1.18283e-06 7.22828e-07 5.81589e-06 1.52112e-06 3.27262e-06 5.54916e-07 7.84082e-07 1.37393e-06 
4.48745e-10 0.00293838 0.933555 3.50067e-08 0.00144133 3.14441e-06 0.0195891 1.04463e-06 5.39804e-07 6.91437e-10 0.0359265 0.000648081 6.95476e-07 9.40644e-06 1.16539e-09 2.93223e-07 0.00262798 4.50198e-07 9.66876e-10 7.23735e-10 0.00108496 0.000995202 8.61302e-07 4.35601e-06 0.000565143 9.42074e-08 0.000607365 
1.14139e-10 5.20621e-08 0.931648 3.30155e-07 0.0406058 7.41611e-11 0.00178587 4.00126e-07 1.29377e-10 7.56407e-07 0.00335078 2.14123e-11 2.96075e-07 0.00313604 2.96418e-10 2.199e-10 0.00975021 2.10474e-10 5.41286e-07 0.00512681 8.95788e-07 4.16702e-11 6.2954e-07 4.9302e-11 0.000314568 4.10312e-07 0.00427714 
7.2367e-06 0.000481931 0.75773 4.2415e-06 0.0263399 2.47095e-09 1.54576e-09 3.60218e-09 0.000133481 0.000557534 0.00471139 0.000577955 0.00137936 0.0483573 8.10415e-05 7.32676e-09 4.42546e-05 6.314e-06 0.000102442 0.149222 0.00105944 1.11503e-05 0.00861459 2.10541e-05 0.000403425 0.00014557 8.16458e-06 
0.00343816 0.0374168 0.153684 0.00509184 0.117691 0.00166653 0.141919 0.00170571 0.00578093 9.41678e-06 0.0604423 0.00533712 0.138702 0.0524128 0.000111333 2.39534e-10 0.132209 2.81578e-06 0.000683163 0.0289228 0.00570799 0.000843421 3.27403e-05 0.000947992 0.00456329 0.00474917 0.0959287 
0.00316788 0.0238719 0.671505 0.00164189 0.0696959 0.00897643 0.0296778 7.79895e-05 0.00952049 9.95222e-07 0.0499564 0.063895 0.0135477 0.00670328 1.92647e-06 1.21419e-06 0.0276589 1.20173e-08 0.000229381 3.08704e-05 0.00365113 0.00216979 1.22539e-06 0.00956066 1.01992e-06 1.4284e-09 0.00445517 
1.73169e-06 0.000141635 0.990775 1.11287e-06 0.00263605 0.003607 0.000615845 1.64027e-06 0.000181398 8.3973e-05 0.000138465 3.24863e-07 5.97327e-06 0.000440625 4.4972e-06 3.33627e-06 2.97524e-07 0.000105805 3.73114e-06 2.79287e-06 0.000442704 6.32211e-07 3.29239e-06 7.47998e-07 6.09086e-07 0.000800728 4.78045e-07 
0.000133074 5.03454e-05 0.818702 0.000552856 0.032817 2.12617e-05 0.0111693 5.71648e-05 0.000117691 1.74117e-06 0.013541 5.82446e-06 0.0169691 0.000174388 2.12628e-05 1.08014e-07 0.000247843 1.03384e-07 1.20798e-07 1.57095e-05 0.000358927 2.30974e-05 1.06593e-07 7.51277e-06 9.5348e-05 0.0709855 0.0339319 
3.45755e-05 0.0625308 0.558057 0.00331016 0.0461713 0.0360374 0.0028729 0.00652154 0.0284484 9.13274e-06 0.044125 0.00981104 0.0288076 0.0103344 3.16165e-05 1.82505e-05 0.0183047 3.20286e-06 5.05305e-05 0.00090399 0.118958 0.009994 2.12181e-05 0.00436406 7.92043e-05 0.00170582 0.00849395 
0.00010893 0.00193214 0.512778 2.73102e-05 0.148746 2.26151e-07 0.0341037 6.22637e-05 0.00309589 7.98036e-08 0.140625 0.00260391 0.0359765 0.0666244 6.48503e-06 2.1205e-06 0.0145625 0.000205045 0.000328742 0.00282504 0.00367384 0.00048126 0.0250708 0.00114329 0.000251266 0.000238199 0.00452702 
3.61946e-07 0.0143532 0.775109 1.1386e-06 0.0286594 0.0729054 1.75366e-07 0.00336626 0.0258471 1.89357e-10 0.051641 2.89907e-06 0.00410278 0.00190019 1.40336e-07 2.36766e-10 0.00410971 2.26618e-10 2.64789e-10 3.35856e-05 2.34975e-07 0.00215151 7.45734e-07 0.0156452 2.86636e-05 0.00014104 2.24641e-07 
3.50536e-09 1.06522e-09 0.428463 2.73666e-05 0.283909 1.16875e-05 1.36369e-05 3.3203e-09 0.000108826 0.0201727 3.76476e-10 6.57602e-10 3.04701e-07 0.00111564 9.10342e-09 6.47908e-07 0.0138234 6.46396e-09 1.82426e-05 5.65344e-09 0.0578675 3.30597e-06 3.17026e-06 8.8217e-06 0.000133315 0.194318 9.31787e-07 
0.000126713 0.00668345 0.845707 0.000381533 0.0077277 0.00108336 0.000988803 0.000936838 2.45264e-05 0.0350174 0.0207452 0.0035977 0.0102796 0.000348493 5.12821e-05 1.41708e-07 0.00696759 3.3651e-05 0.000104144 0.0081255 0.00312945 0.000813253 4.64726e-05 0.00504621 0.000165559 0.00389821 0.0379699 
0.00874031 0.15236 0.28491 0.0127079 0.0890601 0.00134633 0.0233191 0.0155809 4.25159e-05 2.00781e-05 0.0875272 0.0212226 0.00805657 0.135939 5.16136e-05 0.000139296 0.0435748 1.07862e-05 0.000504857 0.001602 0.0337123 0.00450926 1.15444e-06 0.00673021 0.000153302 0.0219246 0.0462537 
7.27862e-06 0.0223108 0.313954 7.79871e-05 0.161208 6.00996e-07 0.000427806 0.000313486 9.81686e-07 0.000651159 0.0450509 4.94237e-07 0.189165 0.0178291 3.34114e-07 4.0354e-09 0.0185199 0.000271297 4.51301e-09 0.024361 0.0299467 0.00144521 3.98233e-09 0.00118453 0.000212356 0.0141818 0.158879 
0.0301446 0.00927276 0.224298 0.0267603 0.0706133 0.00124831 0.0106673 0.000481554 0.0362781 5.33869e-09 0.107638 0.0618567 0.00452389 0.0144098 1.8768e-05 6.67533e-09 0.130248 6.38921e-09 0.000178766 0.00601033 0.0232836 0.133484 2.5782e-05 0.0253505 0.000147009 0.016728 0.0663336 
1.83598e-07 0.00085313 0.952368 0.000509471 0.00447465 1.19292e-07 7.46259e-08 1.73905e-07 2.0811e-07 6.81289e-05 7.9738e-05 3.44427e-08 0.000181195 6.43277e-08 4.76803e-07 3.53719e-07 0.000183758 3.38558e-07 0.000352782 0.000578562 7.46551e-08 6.70285e-08 0.00023954 0.000148718 6.45767e-08 4.02418e-08 0.0399605 
0.000671612 0.0287927 0.411417 0.0262765 0.102051 1.25362e-06 0.000848876 0.000524773 1.47769e-07 4.75427e-05 0.0743516 0.00856237 0.00499079 0.000752664 1.68217e-05 2.51159e-07 0.0543861 2.40394e-07 2.80886e-07 0.122272 0.0841436 0.0215048 1.08115e-06 0.0130333 7.27143e-06 3.56797e-07 0.0453442 
0.00175022 0.000947308 0.271247 0.000151689 0.167501 4.95298e-06 0.00193857 0.00229442 0.00076959 3.29424e-05 0.0732249 0.00952117 0.0224191 0.0733082 1.83003e-06 1.72941e-08 0.151394 2.40161e-06 0.00138191 0.000882953 0.00672148 0.00101342 0.164182 0.0422975 3.15731e-09 7.00861e-06 0.00700496 
9.40119e-06 1.1276e-05 0.229881 0.00134719 0.0198891 0.0437568 0.0484191 0.0681034 6.93664e-06 3.5816e-06 0.0197586 0.0434457 0.00887487 0.00395681 3.28552e-06 7.69536e-09 0.139744 0.000680947 2.51172e-05 0.000276581 1.08877e-06 9.31501e-07 0.000349886 0.141536 0.000179723 8.78779e-05 0.229651 
0.000186303 0.0145239 0.446653 0.000485045 0.0251208 0.0207626 0.00876251 7.01057e-05 0.000141913 0.000365718 0.0747077 0.0646256 0.145018 0.0170482 0.000135998 7.66342e-09 0.06072 7.33496e-09 0.00104403 0.000145494 0.00202058 0.0536682 0.00403076 0.00456515 0.000255438 0.000281107 0.054662 
1.80278e-05 1.35597e-07 0.744053 2.50362e-06 1.77293e-06 7.23008e-10 1.49303e-06 9.27636e-06 1.51484e-06 8.58995e-07 0.0139508 4.86414e-06 0.228319 3.08044e-06 1.64749e-05 2.14384e-09 1.85468e-06 2.05195e-09 2.34986e-05 2.69377e-06 0.0133085 0.000155512 2.11564e-09 4.80652e-10 1.33112e-06 2.43899e-10 0.000123243 
0.00022688 0.0263631 0.73773 0.0124903 0.0126649 0.00169412 0.00110476 0.00427624 2.04291e-05 0.0181328 0.0533453 0.0083517 0.0210303 0.000849791 4.25836e-05 0.015906 0.00959547 0.000102431 9.84459e-05 0.003357 0.00101072 0.00634131 0.000157456 0.00264017 0.00102084 0.000280695 0.0611657 
1.31681e-10 1.32092e-07 0.902744 5.93223e-08 0.0899479 5.21998e-07 0.00170535 2.12052e-06 1.50754e-08 6.69765e-07 3.09736e-07 1.1366e-07 2.35556e-11 4.61375e-11 8.21083e-07 2.53697e-10 0.00559023 2.42823e-10 2.83723e-10 6.30775e-06 4.81955e-07 4.80746e-11 5.26008e-07 5.68793e-11 1.5289e-07 2.88625e-11 3.74457e-07 
3.19803e-06 0.00281121 0.647444 0.00931975 0.00438234 0.00914036 0.000697603 0.00543141 0.000130352 5.75276e-05 0.129368 0.00671291 0.00403087 0.00152749 0.000151824 6.90242e-08 0.0976237 6.60657e-08 0.000119366 0.00125689 7.28264e-05 0.00155665 0.00024542 0.0017389 1.6166e-05 6.55364e-06 0.076155 
9.96368e-05 0.0113699 0.921508 0.0166049 0.0176345 0.000595581 5.12955e-05 0.00028426 0.00498619 2.55181e-06 0.00759092 0.00548298 0.00219928 0.00494919 6.66514e-06 9.97065e-10 0.0025598 1.7729e-07 2.02857e-07 2.0082e-05 0.000251148 0.000106267 0.000132364 0.000344634 0.000246395 0.00193195 0.00104077 
8.70519e-11 0.0176016 0.522014 0.0157719 0.217878 5.65616e-11 0.0719674 8.24562e-11 9.86741e-11 2.46816e-06 0.0693252 1.63309e-11 9.45244e-07 0.000816776 0.00325736 0.00115631 0.0101169 1.60526e-10 1.78205e-06 0.00247639 0.0104007 0.00212886 1.65509e-10 7.03194e-07 0.00107301 1.46939e-07 0.0540092 
3.4604e-08 1.05156e-08 0.998656 2.22383e-08 6.07771e-05 9.6703e-05 1.40653e-08 3.27771e-08 3.92239e-08 1.6049e-05 3.71647e-09 6.49168e-09 5.63359e-05 8.00326e-05 8.98666e-08 6.66681e-08 6.8972e-05 6.38106e-08 7.45586e-08 0.000602797 1.40708e-08 1.26334e-08 0.00027639 1.49471e-08 8.5211e-05 7.58466e-09 9.55269e-09 
3.41626e-10 0.0213356 0.494855 0.0100198 0.0496426 0.00103005 0.00845613 0.169155 3.87236e-10 5.26386e-10 0.0264082 0.0163281 0.169776 3.01438e-06 8.87203e-10 6.58176e-10 0.0246685 1.24878e-06 3.17349e-07 5.50974e-10 6.15997e-06 8.64577e-09 6.49521e-10 0.00145121 1.2016e-10 7.48791e-11 0.00686282 
1.97945e-06 2.8918e-11 0.778384 6.11555e-11 0.0572905 6.18306e-11 3.86797e-11 0.00470701 0.000213909 1.46627e-10 0.0141085 8.37284e-07 0.0171567 0.0205083 2.47134e-10 1.83338e-10 0.0228154 3.86231e-07 2.87257e-07 1.22796e-06 4.91465e-07 3.50893e-09 0.084809 1.29895e-06 1.84125e-07 2.08579e-11 3.49417e-07 
3.38058e-05 0.032454 0.423248 7.68846e-05 0.041262 0.0064071 0.0803469 3.48949e-05 0.0387703 8.35965e-07 0.228452 0.00322405 0.0576909 0.00394529 5.18934e-05 6.34959e-11 0.036851 0.00018327 4.00746e-05 0.000759923 0.0220082 0.00220747 4.25949e-08 0.000208574 0.000458654 0.00512477 0.0161598 
0.00649072 0.00644252 0.451733 2.98074e-05 0.154782 0.010866 0.00290167 0.000850928 0.000796937 0.00014203 0.101953 0.00224512 0.0428315 0.03529 0.000133886 1.00267e-09 0.00879689 3.89639e-05 0.000174256 0.00397359 0.0170497 0.0021126 0.0264341 0.00260094 7.39586e-05 0.112775 0.00848123 
0.000420336 0.00763406 0.691147 0.000596498 0.12847 0.002293 0.0139819 0.00786569 0.00432477 9.98419e-08 0.0526624 0.00649675 0.0134972 0.0274231 0.00101107 1.24839e-07 0.0116561 3.4061e-05 6.79072e-06 0.00294924 0.00524437 0.00052519 0.00158081 0.00635171 6.53057e-05 0.000578112 0.0131842 
1.27611e-06 0.0900299 0.419985 0.00497991 0.0411279 0.0275751 0.00945014 1.27619e-06 0.0145471 1.27543e-06 0.0669292 1.27715e-06 0.088253 0.0231139 1.27409e-06 1.27495e-06 0.0372947 0.0131343 0.00535482 1.27535e-06 0.0108547 1.27692e-06 1.27498e-06 0.109554 0.0120045 0.0257989 1.27704e-06 
5.71935e-05 0.178172 0.475598 8.31767e-05 0.0206261 0.00384636 0.121721 0.0014824 0.00425901 1.06396e-05 0.0185876 3.82822e-05 0.0324432 0.000778101 2.14872e-05 1.55428e-06 2.5058e-05 0.00011514 8.92185e-06 3.54856e-05 0.00324905 0.0257486 0.000506774 0.000429273 3.71395e-05 0.0952832 0.0168353 
0.00210844 0.00502785 0.447289 2.06617e-08 0.139418 0.0130057 0.00282811 0.00104267 2.30498e-06 3.59685e-06 0.0821289 1.70719e-05 0.0078937 0.00537421 1.74418e-05 6.19417e-08 0.00781778 5.92868e-08 9.28884e-07 0.0372381 0.00231778 0.0500921 0.00036341 0.00234073 3.80558e-05 0.000803722 0.192831 
0.000836674 0.000679265 0.375948 8.90347e-07 0.0269922 0.012314 9.04012e-08 7.48799e-06 0.00858775 9.48403e-06 0.122825 0.0775523 0.0552558 0.0105661 1.29672e-06 1.80074e-09 0.00619684 1.32747e-05 3.54584e-05 0.139133 0.114803 1.52553e-07 0.0131854 1.24069e-07 0.000402555 0.0339878 0.00066608 
