0.000121078 0.000506696 0.0012856 0.00182717 0.0449648 0.000277651 0.00550039 0.000284464 5.87811e-09 2.72054e-06 0.00848905 0.0211166 0.0289657 0.00492121 6.78788e-06 5.24435e-12 0.00928814 3.17931e-06 0.000170081 1.09558e-08 0.814941 0.00157796 1.31045e-05 0.00181369 3.84984e-06 0.0415959 0.0123237 
0.00230535 0.00287124 0.0331684 0.00142397 0.127878 0.000164763 0.0020059 0.00268232 0.000235509 2.85203e-05 0.055671 0.00706485 0.0183028 0.0148337 1.20295e-05 1.24864e-08 0.0267375 0.000163635 9.66862e-06 0.0070585 0.644568 0.00140195 0.00285897 0.00497477 0.000125171 0.0394563 0.00399641 
0.0011805 0.000231696 3.83554e-05 6.1043e-05 0.0114485 4.67888e-06 0.000387501 0.000154115 1.77772e-05 1.93338e-06 0.00466467 0.00110804 0.000548091 0.00164078 8.47848e-06 5.17503e-09 0.0055196 9.2957e-06 2.06648e-06 0.00257239 0.96348 5.10185e-05 0.00407519 0.000426998 2.11475e-05 0.00165149 0.000694375 
0.000137874 0.000155418 0.000219166 2.94617e-05 0.00653893 1.18607e-06 0.000200467 1.41317e-05 5.07299e-06 1.11896e-06 0.0193617 0.00258973 0.00043897 0.00140176 4.44559e-06 2.09522e-10 0.0175466 9.41201e-07 7.12468e-07 0.000667577 0.941048 6.38354e-05 0.000257227 0.00023365 1.66353e-05 0.00824761 0.000817436 
0.00135048 0.00629376 0.0004841 0.00432491 0.25818 1.73771e-05 0.0264554 0.00271382 3.28903e-05 7.08098e-06 0.0193641 0.0111526 0.010407 0.00438412 4.21185e-05 5.41516e-07 0.0269132 0.000751039 1.98287e-05 7.60696e-05 0.585383 0.00196313 0.00525453 0.00289117 0.000418531 0.0147693 0.0163498 
0.00461158 0.00164272 0.00573367 0.000585761 0.191439 0.000780671 0.00749154 0.00233167 9.39214e-06 1.12131e-09 0.162961 0.0389344 0.0112455 0.0659578 1.22791e-05 6.55098e-09 0.0768745 1.01838e-07 6.12814e-09 1.56449e-06 0.308146 0.00310128 0.0344096 0.00284139 9.74398e-05 0.0663769 0.0144144 
0.000763259 0.005376 0.0189491 3.62855e-05 0.0469361 0.00053953 0.000482512 6.95141e-05 0.000117193 8.03242e-08 0.00628212 0.00443831 0.00651918 0.00903441 3.99928e-10 2.96689e-10 0.00158646 4.57308e-05 3.34895e-07 2.48365e-10 0.635198 7.48394e-05 0.000654274 0.00140262 3.4677e-05 0.257533 0.0039274 
0.000303358 0.00125825 0.000210163 0.000186456 0.07734 0.00066573 6.6038e-05 0.000119228 3.67452e-06 2.50623e-07 0.0229774 0.00502359 0.00177097 0.0124319 2.50435e-06 4.87963e-10 0.0319117 1.17766e-06 2.44248e-05 0.00052195 0.752515 0.000590624 7.41821e-07 0.00235541 5.11561e-05 0.088632 0.00103598 
0.000137874 0.000155418 0.000219166 2.94617e-05 0.00653893 1.18607e-06 0.000200467 1.41317e-05 5.07299e-06 1.11896e-06 0.0193617 0.00258973 0.00043897 0.00140176 4.44559e-06 2.09522e-10 0.0175466 9.41201e-07 7.12468e-07 0.000667577 0.941048 6.38354e-05 0.000257227 0.00023365 1.66353e-05 0.00824761 0.000817436 
0.000205575 0.000237395 0.000360245 5.38309e-05 0.00961427 2.53968e-06 0.000113188 1.3497e-05 6.28846e-06 4.09867e-07 0.0388224 0.00509973 0.000700043 0.00248114 4.28432e-06 2.67345e-10 0.0374128 2.01067e-06 1.41918e-06 0.000893725 0.886316 0.00011027 1.26222e-06 0.000480826 3.56445e-05 0.0157664 0.0012647 
0.000228268 0.00311565 0.000567679 0.00130964 0.0621991 0.000512075 0.000710418 0.00476333 0.00631367 8.28668e-05 0.0292639 0.0229625 0.0103173 0.00763657 2.04235e-05 1.07852e-11 0.00929871 3.62953e-07 2.5432e-05 0.0579182 0.714208 0.00317022 0.0234442 0.0129652 0.000395272 0.0220514 0.00651987 
0.00011286 0.000739273 0.000179356 0.000342876 0.0085426 9.7642e-07 0.000164065 1.42075e-05 4.16469e-06 9.2864e-07 0.0239358 0.00211897 0.000359197 0.00416518 3.65275e-06 8.46796e-10 0.0390276 7.83643e-07 5.9094e-07 0.000546813 0.909551 5.22512e-05 0.00021101 0.000668508 1.36262e-05 0.00674824 0.00249541 
0.000294208 3.63065e-08 9.53368e-05 1.38909e-07 0.114584 1.544e-08 1.44088e-05 3.25857e-08 2.93056e-08 9.7743e-12 0.00200363 0.00260617 9.15186e-05 0.0220198 1.7015e-07 1.22215e-11 0.000810801 0.0885646 2.2861e-08 1.02309e-11 0.612544 0.00156942 5.33957e-06 9.80789e-05 2.25337e-09 0.153933 0.000764718 
0.00149678 0.0208528 0.0220917 0.000495766 0.0677994 0.0034673 0.00678691 0.00051358 1.34988e-05 0.000235144 0.105656 0.104028 0.05455 0.0175551 0.00117422 1.73965e-08 0.0429975 5.72108e-05 0.000868618 0.000565441 0.460623 0.00186274 2.75323e-05 0.00902745 1.82675e-05 0.0577643 0.019472 
1.28491e-07 0.000447344 0.00397016 1.09142e-10 0.103106 0.000185247 0.00100463 0.231248 1.15775e-06 4.33542e-08 0.0183742 2.9249e-07 0.00163709 0.000146395 5.06067e-06 3.27196e-10 0.011073 3.13172e-10 5.1076e-08 2.73903e-10 0.615351 3.58053e-05 3.22893e-10 6.73921e-05 2.0755e-08 0.00530836 0.00803798 
2.12804e-05 0.00114535 0.000258888 1.23453e-05 0.212568 2.85421e-06 0.00270042 4.52913e-12 1.47622e-06 2.17022e-07 0.0195911 0.00232837 0.000608207 0.00608007 2.4181e-06 9.21217e-12 0.00403539 0.0002001 9.31105e-05 6.69869e-09 0.462781 1.84559e-05 2.26565e-07 7.74148e-05 4.65974e-05 0.287266 0.000161349 
0.00150669 0.00440961 0.018353 0.000998168 0.14861 0.00189368 0.00468064 0.00398423 0.000303652 3.57156e-05 0.029239 0.033132 0.00541783 0.0236954 4.74002e-05 7.49638e-07 0.0345959 1.80732e-06 0.000115089 0.0290605 0.627084 0.0037422 0.000864472 0.0110681 0.000228338 0.00970415 0.00722695 
2.12804e-05 0.00114535 0.000258888 1.23453e-05 0.212568 2.85421e-06 0.00270042 4.52913e-12 1.47622e-06 2.17022e-07 0.0195911 0.00232837 0.000608207 0.00608007 2.4181e-06 9.21217e-12 0.00403539 0.0002001 9.31105e-05 6.69869e-09 0.462781 1.84559e-05 2.26565e-07 7.74148e-05 4.65974e-05 0.287266 0.000161349 
0.0366516 0.0241086 0.000211324 0.00552126 0.0771996 0.00073398 0.0202259 6.50519e-05 7.61948e-05 3.36388e-06 0.0570853 0.0409442 0.0242766 0.00999203 1.36853e-05 0.000689444 0.152478 0.00516772 0.000253164 2.36784e-05 0.207173 0.0599803 2.39332e-05 0.0014687 0.000369472 0.149295 0.125969 
1.57648e-05 0.00175489 0.040283 0.00155643 0.0745687 2.18916e-05 0.000576743 0.0063661 0.013582 9.8975e-06 0.0665236 0.00725769 0.0657187 0.00942491 2.97168e-05 9.90733e-10 0.0832874 3.31074e-05 7.83266e-07 4.00525e-06 0.482278 6.44563e-05 0.100633 0.0127516 3.19212e-07 0.0324285 0.000828664 
0.000726705 0.000606598 0.0183288 0.00187932 0.317557 0.0014111 0.00140581 0.00205338 0.000175791 3.42615e-05 0.156456 0.0301076 0.0300498 0.00761957 8.94421e-05 1.71628e-10 0.0354165 0.000691612 0.0118789 0.00859455 0.333833 0.00139249 0.0102813 0.00109448 3.50778e-05 0.0163063 0.0119752 
2.0378e-11 2.84919e-08 0.00987382 4.20393e-07 0.0360291 2.37018e-07 0.0383696 9.45998e-08 0.00566555 9.73684e-08 1.57601e-08 1.986e-06 1.53212e-06 0.00826432 4.28718e-07 1.96694e-08 0.0132338 4.81028e-07 4.39069e-11 0.000933749 0.881772 6.59905e-07 3.56483e-07 0.00444241 4.80232e-07 0.0014073 1.27362e-06 
0.000137874 0.000155418 0.000219166 2.94617e-05 0.00653893 1.18607e-06 0.000200467 1.41317e-05 5.07299e-06 1.11896e-06 0.0193617 0.00258973 0.00043897 0.00140176 4.44559e-06 2.09522e-10 0.0175466 9.41201e-07 7.12468e-07 0.000667577 0.941048 6.38354e-05 0.000257227 0.00023365 1.66353e-05 0.00824761 0.000817436 
0.0172131 0.00713653 0.0100515 0.0712663 0.101897 0.00123595 0.00565498 0.00409653 2.71372e-07 1.34335e-07 0.0628769 0.0570041 0.0116111 0.0131197 0.000103789 2.92838e-10 0.143522 0.000260327 0.000350258 6.41049e-08 0.17267 0.0467031 0.080912 0.0684546 9.25918e-06 0.0352727 0.0885774 
0.00652405 0.00909879 0.0178129 0.00426435 0.00583337 0.00170305 0.00231184 5.28126e-07 0.0109974 8.59106e-07 0.000904282 0.00533462 0.00162584 0.0186371 1.44799e-06 1.0742e-06 0.00293144 1.02816e-06 0.00276428 8.99236e-07 0.895353 0.00816284 1.06007e-06 2.40838e-07 0.000549307 0.00113667 0.00404822 
0.000121078 0.000506696 0.0012856 0.00182717 0.0449648 0.000277651 0.00550039 0.000284464 5.87811e-09 2.72054e-06 0.00848905 0.0211166 0.0289657 0.00492121 6.78788e-06 5.24435e-12 0.00928814 3.17931e-06 0.000170081 1.09558e-08 0.814941 0.00157796 1.31045e-05 0.00181369 3.84984e-06 0.0415959 0.0123237 
1.28491e-07 0.000447344 0.00397016 1.09142e-10 0.103106 0.000185247 0.00100463 0.231248 1.15775e-06 4.33542e-08 0.0183742 2.9249e-07 0.00163709 0.000146395 5.06067e-06 3.27196e-10 0.011073 3.13172e-10 5.1076e-08 2.73903e-10 0.615351 3.58053e-05 3.22893e-10 6.73921e-05 2.0755e-08 0.00530836 0.00803798 
0.000137874 0.000155418 0.000219166 2.94617e-05 0.00653893 1.18607e-06 0.000200467 1.41317e-05 5.07299e-06 1.11896e-06 0.0193617 0.00258973 0.00043897 0.00140176 4.44559e-06 2.09522e-10 0.0175466 9.41201e-07 7.12468e-07 0.000667577 0.941048 6.38354e-05 0.000257227 0.00023365 1.66353e-05 0.00824761 0.000817436 
0.000163608 4.28304e-07 5.74009e-08 0.00518977 1.30305e-07 1.25447e-11 7.84763e-12 1.50327e-06 2.18847e-11 0.0183269 1.34949e-06 0.00412511 0.00276373 2.09035e-07 5.01404e-11 2.97947e-08 3.33442e-06 1.78369e-08 4.15994e-11 4.83392e-05 0.694304 0.00472847 8.81353e-08 1.18507e-06 3.85049e-07 3.47051e-08 0.270341 
0.0130405 0.00230004 0.00319975 8.64147e-06 0.111523 0.000430047 2.61683e-05 2.93804e-06 6.45391e-06 1.17467e-07 0.0166849 0.0118282 0.00142207 0.0388168 6.62941e-06 6.99107e-09 0.019943 1.45493e-05 0.000519582 4.98915e-06 0.717633 0.000160991 4.58267e-10 7.48938e-05 1.43313e-06 0.0614887 0.000863099 
0.0183942 0.0218554 0.0124274 0.000807453 0.249437 0.00188702 0.00480137 0.0116267 0.00196042 8.68362e-06 0.0763113 0.0186914 0.0078168 0.0961683 0.00106093 0.00272406 0.0287621 0.00517742 0.00184859 0.017085 0.359441 0.00785565 0.00334091 0.0130347 5.39986e-05 0.0301835 0.00723805 
0.00182809 0.00454611 0.00491931 0.00147983 0.256653 0.00162132 0.00244577 0.000712509 0.000244515 1.30435e-06 0.0428332 0.0198825 0.00497622 0.0285155 4.76929e-05 1.09886e-05 0.0414962 0.000197782 2.4559e-05 0.00306226 0.501968 0.0030602 0.00192672 0.00994379 6.45773e-05 0.0582217 0.00931613 
2.12804e-05 0.00114535 0.000258888 1.23453e-05 0.212568 2.85421e-06 0.00270042 4.52913e-12 1.47622e-06 2.17022e-07 0.0195911 0.00232837 0.000608207 0.00608007 2.4181e-06 9.21217e-12 0.00403539 0.0002001 9.31105e-05 6.69869e-09 0.462781 1.84559e-05 2.26565e-07 7.74148e-05 4.65974e-05 0.287266 0.000161349 
0.0168214 0.00429296 0.0159373 0.0078025 0.244735 0.00282476 0.00127302 0.00257269 0.00046064 5.64599e-06 0.0105195 0.00169132 0.00190505 0.233499 1.22953e-05 3.96911e-07 0.062115 5.54284e-05 3.48129e-09 4.99344e-06 0.279487 0.0223446 0.00233386 0.0553603 6.27552e-07 0.0314615 0.00248272 
9.12504e-05 0.000525819 0.000879932 0.00106587 0.0395694 0.000221568 0.00380312 0.000165952 1.65381e-06 1.58966e-06 0.00495197 0.0135225 0.0208785 0.0037796 1.17822e-05 5.14628e-12 0.00761904 1.85625e-06 9.92331e-05 9.22962e-06 0.810172 0.000924263 7.65001e-06 0.001058 2.24773e-06 0.0832534 0.00738253 
0.000325376 0.000378812 0.000917486 8.13924e-05 0.0424751 2.99589e-05 0.000876541 0.00011545 4.22883e-05 5.42899e-07 0.0301511 0.00624412 0.00131214 0.00829811 1.39301e-05 8.89654e-10 0.0228777 1.42011e-06 4.12774e-05 0.000528987 0.543422 0.000493657 0.312677 0.00129117 6.09679e-05 0.0254005 0.00194303 
0.000100979 0.000420659 0.00070395 0.000852708 0.0378696 0.000177258 0.00327027 0.000132766 3.39894e-06 1.27252e-06 0.00396158 0.0122553 0.0173095 0.00376469 0.00101061 4.83893e-12 0.00683829 1.48556e-06 7.9392e-05 7.38484e-06 0.815083 0.0010087 6.12207e-06 0.000888967 7.19697e-06 0.0883392 0.00590603 
4.92087e-05 0.00878322 0.0654306 1.482e-07 0.343032 4.45654e-06 8.34421e-09 1.20566e-06 2.05429e-07 8.80166e-08 0.0528995 3.72719e-11 0.014442 0.0223171 5.15968e-10 3.82774e-10 0.0045177 1.79091e-06 0.00179499 1.99935e-08 0.41853 0.000102298 9.35776e-07 5.81759e-08 2.70996e-08 0.0668416 0.00125023 
0.00228579 0.00892428 0.00267524 2.04143e-07 0.0634192 2.04142e-07 0.0309558 2.04082e-07 2.04044e-07 0.000652883 0.0288202 0.0112128 0.0183407 0.00671847 0.000774443 2.03883e-07 2.04239e-07 2.039e-07 6.13551e-05 0.000734412 0.610102 0.00394125 0.169228 2.04187e-07 2.04203e-07 0.0196879 0.0214635 
3.1098e-05 4.25974e-05 6.78796e-05 3.36948e-06 0.000482722 1.22899e-12 1.78269e-05 1.68659e-05 1.42921e-06 1.94688e-06 0.000170853 1.53823e-05 2.33545e-05 1.88163e-05 6.18653e-07 3.64416e-12 0.000158904 3.48797e-12 5.65873e-07 0.000630082 0.997607 9.40207e-06 0.00030855 0.000192724 1.92634e-05 8.741e-06 0.000169928 
0.00661107 0.00197379 0.0209231 0.000178513 0.186938 7.73444e-05 0.00206281 0.0061034 3.9532e-07 1.87069e-07 0.0900979 0.0153891 0.00234276 0.0155597 2.04324e-06 0.00427949 0.0520123 6.97027e-05 0.000859226 0.000167687 0.368227 0.0522654 1.05635e-07 0.000424073 6.37868e-06 0.170769 0.0026595 
0.0125824 0.0044739 0.00369358 0.000875567 0.201435 0.00192416 0.00176982 0.0276903 3.56101e-05 2.97376e-06 0.0109517 0.0200596 0.0155421 0.0446326 0.00175255 3.8416e-09 0.0114557 2.041e-05 1.06309e-05 0.000217137 0.498081 0.0022454 0.0386692 0.00146127 3.89418e-05 0.0870272 0.0133519 
0.00772935 0.0105363 0.0252453 0.000223013 0.118886 0.00240857 0.0225448 0.0033343 0.00191817 9.97839e-06 0.0806045 0.0091776 0.00666531 0.0245854 1.98205e-05 0.00320221 0.0318919 0.00513543 0.000217652 0.0107077 0.508335 0.00115896 0.000624243 0.00231673 0.000217699 0.118842 0.00346192 
0.000202017 0.0285628 0.00199259 0.00943316 0.164887 0.00200338 0.000571502 0.00264162 4.2116e-05 3.17599e-07 0.0855596 0.0106776 0.0007227 0.0143172 0.000887742 6.5449e-07 0.146581 0.000152136 0.00114664 2.09636e-08 0.260363 0.0164797 0.00347366 0.00940807 1.44161e-05 0.228459 0.0114198 
0.000220413 0.211735 0.0280526 0.00405461 0.0864966 0.000163692 0.0900099 4.32928e-05 0.000201249 4.47996e-10 0.0467514 0.0259827 0.0556492 0.00359865 9.56957e-06 9.41024e-11 0.120392 0.000688791 0.00339823 0.000271199 0.30567 0.000360177 5.82877e-05 0.00447255 7.21871e-05 0.0103457 0.0013018 
0.00135048 0.00629376 0.0004841 0.00432491 0.25818 1.73771e-05 0.0264554 0.00271382 3.28903e-05 7.08098e-06 0.0193641 0.0111526 0.010407 0.00438412 4.21185e-05 5.41516e-07 0.0269132 0.000751039 1.98287e-05 7.60696e-05 0.585383 0.00196313 0.00525453 0.00289117 0.000418531 0.0147693 0.0163498 
0.0172131 0.00713653 0.0100515 0.0712663 0.101897 0.00123595 0.00565498 0.00409653 2.71372e-07 1.34335e-07 0.0628769 0.0570041 0.0116111 0.0131197 0.000103789 2.92838e-10 0.143522 0.000260327 0.000350258 6.41049e-08 0.17267 0.0467031 0.080912 0.0684546 9.25918e-06 0.0352727 0.0885774 
4.35041e-05 3.03505e-05 6.55474e-06 4.70422e-06 0.000504455 3.34614e-13 1.22377e-05 3.78192e-05 1.33578e-05 2.71003e-06 0.000188762 3.35912e-05 3.26854e-05 8.9738e-05 8.60147e-07 9.92185e-13 0.000118172 9.49659e-13 3.16304e-08 0.000735573 0.997429 1.31494e-05 0.000185388 0.000242175 2.69547e-05 2.67948e-05 0.000221723 
0.000887651 0.00561387 0.0281145 8.09167e-05 0.137361 0.00450741 0.0016151 0.000402889 0.000673783 5.57275e-06 0.0880881 0.00448908 0.0131998 0.00905804 7.66633e-06 3.04606e-08 0.0196502 1.95852e-05 0.000175598 0.0086925 0.638748 0.000219431 0.00337932 0.0100452 0.000203935 0.0174597 0.00730145 
0.00163387 0.00102427 0.00830076 4.35772e-05 0.0410674 2.12071e-05 0.0100866 0.000395012 2.25812e-05 5.22097e-05 0.11217 0.0163508 0.00778556 0.00382278 1.45303e-05 2.68121e-09 0.0882619 6.52718e-05 0.0207337 0.00857253 0.639021 0.000347958 0.00127841 0.00631163 0.000294674 0.0163189 0.0160028 
1.86984e-06 0.0162052 0.0385427 0.0163492 0.145304 1.51331e-06 3.19646e-07 0.00114547 3.14714e-10 0.00031953 0.0528831 0.00252683 0.00118446 0.311502 7.21047e-10 5.34913e-10 0.0462773 5.11986e-10 2.56863e-06 1.23797e-07 0.314127 0.0155399 5.27878e-10 0.0231894 1.79366e-08 0.000308958 0.0145874 
1.28491e-07 0.000447344 0.00397016 1.09142e-10 0.103106 0.000185247 0.00100463 0.231248 1.15775e-06 4.33542e-08 0.0183742 2.9249e-07 0.00163709 0.000146395 5.06067e-06 3.27196e-10 0.011073 3.13172e-10 5.1076e-08 2.73903e-10 0.615351 3.58053e-05 3.22893e-10 6.73921e-05 2.0755e-08 0.00530836 0.00803798 
0.000471872 0.00269109 0.00493497 8.3298e-05 0.056953 0.000139133 0.00184024 0.000134558 0.00103935 1.70282e-05 0.0668788 0.00627194 0.0053586 0.00658295 5.83593e-06 2.78969e-08 0.0250468 6.41648e-06 2.36575e-05 0.00748178 0.768632 0.00101536 0.00144127 0.00466322 0.000164719 0.0317018 0.00642074 
0.000140163 0.000152454 0.00195495 2.05839e-08 0.152495 5.44815e-05 0.000343766 6.68775e-08 3.28745e-12 4.70142e-05 0.258998 0.0148338 0.160574 0.0718058 4.4226e-05 8.99193e-08 0.0322827 1.12254e-05 0.00275087 5.5231e-05 0.287179 0.00324109 0.000607379 0.000344235 1.0201e-12 0.00170567 0.0103782 
4.05897e-08 0.000371724 0.00111055 0.000688622 0.0472885 0.000197174 0.00625127 0.000547147 6.95378e-05 4.39071e-07 0.0243294 0.0554847 0.00152209 0.0283797 1.87316e-07 6.06446e-12 0.0226493 2.57245e-06 6.78223e-12 5.0767e-12 0.659174 0.000152944 4.58439e-05 0.000599186 4.0569e-08 0.141089 0.010046 
0.00607265 0.00791674 0.008405 0.000838715 0.0679386 0.00551995 0.0140292 0.00213696 0.010373 1.40117e-05 0.0688621 0.13725 0.0185294 0.0154512 4.77505e-05 5.27084e-08 0.0519995 3.95967e-05 0.000133899 0.00324162 0.396885 0.00189158 0.00223197 0.00656958 0.000529659 0.0106189 0.162473 
0.000137874 0.000155418 0.000219166 2.94617e-05 0.00653893 1.18607e-06 0.000200467 1.41317e-05 5.07299e-06 1.11896e-06 0.0193617 0.00258973 0.00043897 0.00140176 4.44559e-06 2.09522e-10 0.0175466 9.41201e-07 7.12468e-07 0.000667577 0.941048 6.38354e-05 0.000257227 0.00023365 1.66353e-05 0.00824761 0.000817436 
0.000126222 0.000455912 0.000779494 0.00102708 0.0437835 0.000199716 0.00061079 0.000122215 9.45089e-07 1.30905e-06 0.00408193 0.00918848 0.0176485 0.00398551 0.00126323 5.53539e-12 0.00629081 1.65492e-07 9.92363e-05 9.23029e-06 0.831362 0.00116697 3.43128e-08 0.000686967 2.6408e-07 0.0752209 0.00188863 
0.00742113 0.0411831 0.0180562 0.00347927 0.0962018 7.15061e-05 0.0220572 0.000561153 1.98084e-07 0.234995 0.0132082 0.000127161 0.0535689 0.00947851 0.000231047 0.0107202 0.00359358 5.92113e-05 0.000634205 0.00394184 0.25708 0.00382205 0.000368199 0.00281426 0.000401007 0.0209025 0.195023 
0.0194964 0.000388519 0.000944319 2.01009e-05 0.0206381 1.27518e-05 0.000282385 0.00036039 6.77202e-05 3.14587e-05 0.0174125 0.0101001 0.000746672 0.00870421 1.18723e-05 6.16868e-10 0.0357806 6.50869e-05 0.000290126 0.000929302 0.85644 0.000413168 0.00420815 0.000898535 0.0103842 0.00835104 0.00302259 
0.000220413 0.211735 0.0280526 0.00405461 0.0864966 0.000163692 0.0900099 4.32928e-05 0.000201249 4.47996e-10 0.0467514 0.0259827 0.0556492 0.00359865 9.56957e-06 9.41024e-11 0.120392 0.000688791 0.00339823 0.000271199 0.30567 0.000360177 5.82877e-05 0.00447255 7.21871e-05 0.0103457 0.0013018 
4.45797e-05 0.00977985 0.000894741 0.000362293 0.0212475 0.000307834 0.00169827 0.000186501 1.76627e-06 1.27723e-09 0.0182207 0.0146467 0.0716433 0.00485986 0.00241284 9.6247e-11 0.0268991 1.88107e-05 0.000969704 3.21355e-05 0.671564 0.00139514 1.78652e-07 0.000281751 4.96635e-05 0.151088 0.00139478 
0.00615158 0.00159392 0.00159382 0.000642569 0.266511 0.000196203 0.000725876 0.00116724 5.04239e-05 1.40535e-05 0.0416628 0.0137193 0.00303813 0.0327368 9.35048e-06 7.00905e-08 0.0242137 2.3907e-05 0.0060924 0.00100648 0.580791 0.00067551 0.00163838 0.00585735 6.98196e-05 0.0055719 0.00424629 
0.000951023 0.00166763 0.00259604 0.000255659 0.0908631 0.00077194 0.00163537 0.000159937 0.00290278 6.62452e-09 0.0822528 0.0539989 0.0236637 0.0260169 0.00332371 1.77802e-09 0.0857112 2.2509e-06 1.2112e-05 0.000116113 0.295422 0.0303524 5.9196e-05 0.00283791 0.00015433 0.268781 0.0254919 
0.00150886 0.00875126 0.00655727 0.000602526 0.253082 0.000614493 0.00260439 0.00356867 0.000774718 7.38846e-06 0.0484864 0.0291674 0.00586629 0.0323461 0.000115249 2.38668e-07 0.0359217 5.06604e-05 0.00104662 0.0129237 0.323438 0.00476074 0.00117521 0.00511088 5.02167e-05 0.213289 0.0081801 
0.00357726 0.00652576 0.00936419 0.00282223 0.275407 0.00460181 0.0163391 0.00332623 0.00169077 6.54403e-06 0.057537 0.0319129 0.0065928 0.0397187 0.00103454 3.23353e-06 0.0477842 0.0101731 0.0206394 0.00119768 0.306813 0.00448988 0.00288737 0.00664203 0.000113369 0.13015 0.00864935 
1.09907e-08 5.80072e-06 0.000663088 1.65359e-05 0.00187883 4.95282e-05 0.000640358 5.58247e-09 1.76263e-05 1.03128e-07 0.00226733 0.00653694 0.000856048 0.00201888 1.80216e-10 2.4851e-12 0.000910635 1.53698e-06 2.77923e-12 2.08033e-12 0.545413 3.15043e-09 2.74548e-05 0.000441364 1.36303e-05 0.437372 0.000869159 
0.00039754 0.00537597 1.39919e-06 1.02252e-07 0.23628 6.87342e-08 2.50655e-06 0.00729686 8.12988e-06 6.53503e-11 8.31723e-06 0.000577868 1.52607e-06 0.0200856 1.10145e-10 8.1712e-11 0.000221338 0.0293708 9.13831e-11 1.17032e-06 0.63843 0.00029035 0.00215572 0.044893 7.86138e-09 0.0124035 0.00219796 
0.00941071 0.00771701 0.00185368 0.00061062 0.225777 0.00044605 0.00938486 0.00473679 9.72504e-05 0.015294 0.0378329 0.056021 0.011877 0.0307795 6.79705e-05 8.22629e-08 0.12291 0.0010243 0.00438856 0.0210142 0.363063 0.00471672 0.000171035 0.00225012 0.00254327 0.0418985 0.024113 
0.111669 0.00941673 0.0516654 0.000606984 0.240221 0.000375329 0.00221923 0.0051695 0.00116385 4.55827e-05 0.0692535 0.0508466 0.0395888 0.02371 2.39266e-06 1.02133e-06 0.0207708 0.000148397 0.000415466 3.76121e-05 0.266066 0.00229353 6.52263e-05 0.00780323 5.57502e-05 0.087142 0.00924748 
0.023072 0.0494925 0.0312775 6.75669e-05 0.0753588 0.00881216 0.000239925 0.0129055 0.00248995 6.96279e-06 0.0207037 0.0167881 0.0222091 0.115135 1.93127e-05 0.0259321 0.0233639 0.000142178 1.74214e-05 0.000136671 0.428459 0.00887989 0.000178884 0.0908733 1.97462e-05 0.0358976 0.00752058 
4.35041e-05 3.03505e-05 6.55474e-06 4.70422e-06 0.000504455 3.34614e-13 1.22377e-05 3.78192e-05 1.33578e-05 2.71003e-06 0.000188762 3.35912e-05 3.26854e-05 8.9738e-05 8.60147e-07 9.92185e-13 0.000118172 9.49659e-13 3.16304e-08 0.000735573 0.997429 1.31494e-05 0.000185388 0.000242175 2.69547e-05 2.67948e-05 0.000221723 
0.000100979 0.000420659 0.00070395 0.000852708 0.0378696 0.000177258 0.00327027 0.000132766 3.39894e-06 1.27252e-06 0.00396158 0.0122553 0.0173095 0.00376469 0.00101061 4.83893e-12 0.00683829 1.48556e-06 7.9392e-05 7.38484e-06 0.815083 0.0010087 6.12207e-06 0.000888967 7.19697e-06 0.0883392 0.00590603 
0.000469459 0.00045766 0.000519847 0.00990421 0.0406834 0.000111204 0.00143109 3.72046e-05 9.8005e-06 2.61937e-06 0.0128533 0.0192312 0.00955157 0.037088 2.34742e-07 1.37988e-11 0.0113458 5.20937e-06 1.99706e-07 3.30785e-07 0.534563 0.009701 0.00049816 0.00171395 2.91416e-08 0.28449 0.0253317 
0.00047767 0.00182287 0.0023407 0.00129313 0.18122 0.000311603 0.00693873 0.00108672 0.000210766 3.63817e-05 0.0129451 0.00727907 0.00856934 0.0159712 0.00018963 8.39761e-07 0.0270594 8.53111e-06 7.1008e-05 0.00121639 0.588375 0.00432971 0.00668884 0.00302449 0.0112318 0.113444 0.00385813 
1.16799e-05 0.000195172 0.000182884 0.000148134 0.302733 1.64085e-11 2.12233e-05 0.00631511 0.0140979 3.89116e-11 5.29689e-05 0.000392 5.09784e-05 0.00794278 1.52647e-06 4.86538e-11 0.00166274 0.0200289 3.72124e-05 1.05006e-05 0.549222 0.0461917 0.00819196 2.9902e-05 9.80968e-07 0.0419123 0.000566457 
0.000137874 0.000155418 0.000219166 2.94617e-05 0.00653893 1.18607e-06 0.000200467 1.41317e-05 5.07299e-06 1.11896e-06 0.0193617 0.00258973 0.00043897 0.00140176 4.44559e-06 2.09522e-10 0.0175466 9.41201e-07 7.12468e-07 0.000667577 0.941048 6.38354e-05 0.000257227 0.00023365 1.66353e-05 0.00824761 0.000817436 
0.00156463 0.006836 0.000960009 0.000956204 0.234305 2.79461e-05 0.0380895 0.00203541 2.81922e-06 1.1393e-05 0.00782377 0.0084347 0.00931244 0.00344312 2.3282e-05 5.11377e-07 0.0184713 0.000234118 3.19538e-05 0.000122303 0.643391 0.00152718 0.000318481 0.0031908 0.000673697 0.0106542 0.0075583 
6.87675e-07 3.70369e-07 0.000895839 1.30191e-10 0.407109 1.31629e-10 0.00225538 2.14585e-07 0.00319014 8.53076e-08 0.0027758 0.0033606 9.33295e-10 4.04189e-07 5.21458e-07 3.90301e-10 2.44148e-05 3.73572e-10 4.36495e-10 3.26729e-10 0.464672 3.31449e-07 1.15899e-06 4.50637e-07 6.88609e-08 0.115712 5.59252e-11 
0.000137874 0.000155418 0.000219166 2.94617e-05 0.00653893 1.18607e-06 0.000200467 1.41317e-05 5.07299e-06 1.11896e-06 0.0193617 0.00258973 0.00043897 0.00140176 4.44559e-06 2.09522e-10 0.0175466 9.41201e-07 7.12468e-07 0.000667577 0.941048 6.38354e-05 0.000257227 0.00023365 1.66353e-05 0.00824761 0.000817436 
0.000137874 0.000155418 0.000219166 2.94617e-05 0.00653893 1.18607e-06 0.000200467 1.41317e-05 5.07299e-06 1.11896e-06 0.0193617 0.00258973 0.00043897 0.00140176 4.44559e-06 2.09522e-10 0.0175466 9.41201e-07 7.12468e-07 0.000667577 0.941048 6.38354e-05 0.000257227 0.00023365 1.66353e-05 0.00824761 0.000817436 
0.000220413 0.211735 0.0280526 0.00405461 0.0864966 0.000163692 0.0900099 4.32928e-05 0.000201249 4.47996e-10 0.0467514 0.0259827 0.0556492 0.00359865 9.56957e-06 9.41024e-11 0.120392 0.000688791 0.00339823 0.000271199 0.30567 0.000360177 5.82877e-05 0.00447255 7.21871e-05 0.0103457 0.0013018 
0.000158085 0.00118037 0.000791593 7.79572e-05 0.0284976 8.99928e-06 0.0008971 1.65449e-05 0.000103068 1.86927e-06 0.0282218 0.00298357 0.00178421 0.00322949 8.39371e-06 8.33514e-09 0.0199536 2.03574e-05 4.40634e-06 0.00442604 0.884577 0.000146113 0.0016342 0.0004262 4.71544e-05 0.0191178 0.0016865 
1.09907e-08 5.80072e-06 0.000663088 1.65359e-05 0.00187883 4.95282e-05 0.000640358 5.58247e-09 1.76263e-05 1.03128e-07 0.00226733 0.00653694 0.000856048 0.00201888 1.80216e-10 2.4851e-12 0.000910635 1.53698e-06 2.77923e-12 2.08033e-12 0.545413 3.15043e-09 2.74548e-05 0.000441364 1.36303e-05 0.437372 0.000869159 
0.00480424 0.0169251 0.0087644 0.00117732 0.152887 0.000196022 0.00675571 0.00231232 0.00144791 9.30081e-05 0.012431 0.00764963 0.00967936 0.017284 0.00221323 4.64041e-08 0.0314558 0.00139746 0.00148196 5.61258e-05 0.660311 0.00208162 0.0154457 0.000661598 0.000705924 0.0309891 0.0107935 
0.000278176 0.000117047 0.000548521 4.93457e-05 0.0241866 0.000465487 0.00105697 7.2595e-05 0.000110592 3.03002e-08 0.00638114 0.0472922 0.00546539 0.0170165 0.0014478 8.56821e-12 0.00465288 3.72334e-06 9.85186e-09 4.32292e-05 0.714188 0.0122497 0.000355862 0.0034933 1.11408e-05 0.15401 0.00650464 
4.84993e-05 3.90098e-05 0.000104303 3.84405e-06 0.00502289 3.59363e-05 0.00126605 2.63691e-09 2.07678e-05 1.28512e-10 0.000974297 0.00659072 0.000878336 0.00166426 0.000729017 1.0941e-12 0.00131666 1.02279e-06 1.22359e-12 1.09965e-06 0.835994 2.15072e-05 1.82951e-05 0.000118494 1.5569e-05 0.144332 0.000803645 
0.00164667 0.00161259 0.00483255 0.000168882 0.234972 0.000545805 0.00170977 0.00173463 0.000417814 3.4826e-06 0.0439411 0.0924036 0.00733076 0.0161725 5.74398e-05 7.09702e-11 0.013773 0.0164345 0.00250429 0.000587616 0.491098 0.00237057 3.64448e-05 0.000148079 3.26494e-05 0.0614027 0.00406208 
1.9343e-05 0.000878477 3.16501e-05 0.00216291 0.133724 5.54928e-05 0.000818049 0.000249949 1.22715e-05 3.3881e-10 0.0163691 0.0230948 0.00152432 0.0136125 3.6974e-08 1.18193e-11 0.034049 0.0416929 9.3616e-08 3.80095e-09 0.507972 0.00260139 0.00429318 0.001852 3.22398e-05 0.20438 0.0105747 
3.00966e-05 6.80162e-05 5.90305e-05 0.000123284 0.0397125 1.35628e-05 0.000942824 1.20934e-05 2.28576e-05 2.10157e-10 0.00224042 0.00712222 0.0003804 0.00810995 6.51463e-08 2.3717e-12 0.00169801 0.00634867 2.65241e-12 8.2468e-10 0.694599 0.000288429 0.00801245 0.000210079 1.00921e-05 0.225371 0.00462493 
0.000143631 0.000169148 0.00024592 0.00125002 0.0926741 5.8272e-05 0.00011025 0.0010801 3.30417e-05 5.10238e-07 0.014792 0.0123662 0.000502201 0.0271077 2.52267e-06 4.44646e-07 0.0390753 4.40346e-07 0.000182594 0.000770587 0.73075 0.00270579 0.00538592 0.00178836 9.51635e-06 0.0672315 0.0015644 
0.000113061 0.000127317 0.000179531 2.42059e-05 0.00535082 1.00874e-06 0.000164216 1.16565e-05 4.19541e-06 9.6344e-07 0.0158428 0.00211948 0.000359368 0.0011476 3.71276e-06 3.78503e-09 0.0143578 8.95318e-07 6.08622e-07 0.000548497 0.951744 6.28769e-05 0.000211938 0.000191369 1.36618e-05 0.00674925 0.000669154 
0.000137874 0.000155418 0.000219166 2.94617e-05 0.00653893 1.18607e-06 0.000200467 1.41317e-05 5.07299e-06 1.11896e-06 0.0193617 0.00258973 0.00043897 0.00140176 4.44559e-06 2.09522e-10 0.0175466 9.41201e-07 7.12468e-07 0.000667577 0.941048 6.38354e-05 0.000257227 0.00023365 1.66353e-05 0.00824761 0.000817436 
0.000613748 0.00120973 0.00185226 0.000344635 0.187956 0.000753805 0.000547471 0.000966827 0.000494796 2.63699e-06 0.0216145 0.00385615 0.00105345 0.0470788 3.30121e-06 4.21469e-09 0.0192516 0.000862105 4.84464e-05 0.00144764 0.615845 0.00152119 0.00852126 0.00399102 5.98044e-05 0.0789224 0.00118063 
1.34268e-05 1.34362e-05 0.166613 1.34316e-05 0.201591 0.030906 1.34348e-05 1.34276e-05 1.34251e-05 1.34197e-05 0.0524247 0.0766085 1.34378e-05 0.0067312 1.34056e-05 1.34145e-05 1.34379e-05 1.34156e-05 1.34115e-05 1.34187e-05 0.464857 1.34353e-05 1.34149e-05 1.34345e-05 1.34355e-05 1.34373e-05 1.34365e-05 
0.000112145 0.000976468 0.0109622 0.000493403 0.0300531 1.79461e-05 0.000544801 0.00143517 0.00334408 6.0473e-06 0.0429319 0.00626073 0.0164987 0.00515324 1.88675e-05 3.17079e-09 0.0468887 1.67038e-05 1.07124e-06 0.000568889 0.773675 8.03101e-05 0.0300372 0.00374671 1.15461e-05 0.0250339 0.00113076 
0.00215212 0.00865341 0.000715257 0.00269758 0.353447 3.71802e-05 0.0476225 0.00297337 1.63537e-05 1.5141e-05 0.00607633 0.00901654 0.0101749 0.00616722 2.40709e-05 9.13109e-09 0.0116317 0.000309293 4.23033e-05 0.000146207 0.496426 0.00354546 0.0101333 0.00392266 0.000382416 0.0160913 0.00758005 
0.000181116 0.0012544 0.0177216 0.000652275 0.146476 0.0033046 0.0042983 0.000683548 0.000259045 4.361e-07 0.0117693 0.00362859 0.0126254 0.00571911 0.000126933 1.34216e-05 0.0730001 0.00692216 0.000125467 0.000218119 0.570014 0.00391673 0.000789736 0.00112379 1.87129e-05 0.12974 0.00541674 
0.0180794 0.00085944 0.00779557 1.52146e-06 0.128956 0.000131966 0.000745971 0.00108909 2.7856e-05 4.33218e-08 0.0421906 0.116363 0.00675563 0.289433 0.00144938 2.10237e-09 0.016715 1.01121e-06 0.000244581 1.22722e-05 0.311592 0.00381004 0.0274371 0.000368571 1.77236e-07 0.000673933 0.0252682 
0.000136938 0.000379987 0.000529115 0.000396474 0.0213261 7.00811e-05 0.00140288 9.97239e-05 3.70285e-06 4.06648e-06 0.013555 0.00804809 0.00741235 0.00310671 9.09456e-06 2.2477e-10 0.0142612 2.13961e-06 3.11774e-05 0.000419293 0.885588 0.00040053 8.11233e-05 0.000641737 1.99203e-05 0.0384643 0.00361014 
0.000137874 0.000155418 0.000219166 2.94617e-05 0.00653893 1.18607e-06 0.000200467 1.41317e-05 5.07299e-06 1.11896e-06 0.0193617 0.00258973 0.00043897 0.00140176 4.44559e-06 2.09522e-10 0.0175466 9.41201e-07 7.12468e-07 0.000667577 0.941048 6.38354e-05 0.000257227 0.00023365 1.66353e-05 0.00824761 0.000817436 
2.65127e-05 0.00120449 0.000299176 1.67909e-05 0.207303 3.92133e-06 0.00696697 4.60722e-12 2.34743e-06 2.46547e-07 0.0209107 0.00237201 0.000689339 0.00594538 2.932e-06 9.371e-12 0.00831989 0.000235115 0.000121477 3.1542e-07 0.452925 2.01145e-05 0.000392126 9.46474e-05 7.42201e-05 0.291876 0.000196837 
0.00628654 0.0127132 0.0139192 0.00416044 0.249465 0.00354376 0.00870207 0.00019582 0.00164405 2.21583e-05 0.0380435 0.0376775 0.0243495 0.216139 0.000474688 1.31791e-05 0.0431019 0.00699926 0.00220223 6.20976e-05 0.272132 0.00406836 0.000629554 0.00368803 7.0922e-05 0.0417571 0.00793784 
0.00231664 0.00158908 0.000212101 0.00242367 0.320766 1.27925e-05 0.0014613 0.00382884 2.09539e-05 7.80244e-08 0.0264668 0.00795547 0.00148456 0.00594534 3.29124e-05 3.19804e-07 0.0271089 5.95174e-05 1.22085e-06 5.85578e-09 0.563417 0.000888892 0.00488431 0.00194487 4.60197e-07 0.0225316 0.00464565 
0.000453875 0.00142948 0.00050008 0.00129597 0.0374809 8.38733e-05 0.000913805 8.13549e-05 3.68504e-05 6.80115e-07 0.0439692 0.0118348 0.000995003 0.177923 6.36721e-05 1.94957e-05 0.0296815 3.87247e-07 5.20826e-05 0.000655143 0.681574 0.000414712 0.00191356 0.00122896 2.4674e-05 0.00530555 0.00206686 
0.000329889 0.000461314 0.000434343 0.000239347 0.0235393 4.83594e-05 0.000769884 5.12876e-05 2.77162e-05 1.38586e-06 0.0339932 0.00830742 0.000850457 0.0897801 3.94604e-05 1.09313e-05 0.0182912 2.71158e-06 3.0528e-05 0.00231095 0.807461 0.000274152 0.00310343 0.000577269 2.3335e-05 0.00799648 0.00104402 
6.51834e-05 0.000741251 0.00220703 0.000489725 0.116333 0.00151296 0.0374387 6.56754e-05 9.69114e-06 7.65783e-07 0.0115746 0.00725001 0.0097464 0.0138431 1.26288e-05 9.64717e-12 0.00963307 7.01755e-06 0.000366923 5.97643e-06 0.681555 0.000647809 3.04831e-06 0.000486758 0.000201165 0.102545 0.00325774 
4.20583e-08 0.000547946 0.00328224 5.72158e-06 0.322198 0.00104436 0.101294 8.11875e-12 3.0905e-05 8.08192e-10 0.0242091 0.000586635 0.000128951 0.0403088 9.787e-06 1.65134e-11 5.24389e-07 7.44643e-08 0.000677135 1.31717e-08 0.411417 8.89164e-05 1.62962e-11 5.40381e-06 0.000701543 0.0934341 2.9827e-05 
0.000131879 0.00739301 0.00127742 0.000298962 0.237562 0.000214057 0.00117461 0.0287933 0.000403488 6.74406e-05 0.0302798 0.0713412 0.0052153 0.00821137 4.27904e-07 3.04295e-11 0.0297008 2.87346e-09 0.000111054 0.205026 0.332122 0.00708154 0.000214456 0.00104998 0.000322853 0.0210835 0.0109231 
3.1098e-05 4.25974e-05 6.78796e-05 3.36948e-06 0.000482722 1.22899e-12 1.78269e-05 1.68659e-05 1.42921e-06 1.94688e-06 0.000170853 1.53823e-05 2.33545e-05 1.88163e-05 6.18653e-07 3.64416e-12 0.000158904 3.48797e-12 5.65873e-07 0.000630082 0.997607 9.40207e-06 0.00030855 0.000192724 1.92634e-05 8.741e-06 0.000169928 
0.00017234 0.000194271 0.000255123 3.68261e-05 0.00747073 1.48221e-06 0.000247621 1.76636e-05 5.2534e-06 1.39822e-06 0.0241069 0.00323715 0.000548711 0.00162632 5.55624e-06 2.25655e-10 0.0218241 1.17526e-06 8.90327e-07 0.000742141 0.927684 7.97932e-05 0.000321518 0.000280485 2.07936e-05 0.0100959 0.00102179 
2.12804e-05 0.00114535 0.000258888 1.23453e-05 0.212568 2.85421e-06 0.00270042 4.52913e-12 1.47622e-06 2.17022e-07 0.0195911 0.00232837 0.000608207 0.00608007 2.4181e-06 9.21217e-12 0.00403539 0.0002001 9.31105e-05 6.69869e-09 0.462781 1.84559e-05 2.26565e-07 7.74148e-05 4.65974e-05 0.287266 0.000161349 
0.00465481 0.0798175 0.0953361 3.54189e-05 0.0824525 1.03863e-06 0.129092 0.23159 0.00100257 1.93212e-08 0.0350798 0.0237236 0.00159209 0.0144908 3.25651e-08 4.56823e-07 0.00227021 2.12679e-07 1.55669e-06 0.000400418 0.272641 1.7842e-06 0.00404964 0.0104738 9.30657e-05 0.00552661 0.00567269 
0.000220413 0.211735 0.0280526 0.00405461 0.0864966 0.000163692 0.0900099 4.32928e-05 0.000201249 4.47996e-10 0.0467514 0.0259827 0.0556492 0.00359865 9.56957e-06 9.41024e-11 0.120392 0.000688791 0.00339823 0.000271199 0.30567 0.000360177 5.82877e-05 0.00447255 7.21871e-05 0.0103457 0.0013018 
0.000137874 0.000155418 0.000219166 2.94617e-05 0.00653893 1.18607e-06 0.000200467 1.41317e-05 5.07299e-06 1.11896e-06 0.0193617 0.00258973 0.00043897 0.00140176 4.44559e-06 2.09522e-10 0.0175466 9.41201e-07 7.12468e-07 0.000667577 0.941048 6.38354e-05 0.000257227 0.00023365 1.66353e-05 0.00824761 0.000817436 
0.00374583 0.11774 0.00114714 0.00394851 0.104189 3.62339e-05 0.0289133 0.00439497 1.27979e-05 2.98491e-06 0.0247563 0.03854 0.026445 0.0357356 6.87144e-05 1.34938e-05 0.0700059 0.0568269 0.000331224 5.26534e-05 0.417296 0.00162099 0.0148255 0.00221939 0.00207589 0.0174419 0.0276134 
0.000303358 0.00125825 0.000210163 0.000186456 0.07734 0.00066573 6.6038e-05 0.000119228 3.67452e-06 2.50623e-07 0.0229774 0.00502359 0.00177097 0.0124319 2.50435e-06 4.87963e-10 0.0319117 1.17766e-06 2.44248e-05 0.00052195 0.752515 0.000590624 7.41821e-07 0.00235541 5.11561e-05 0.088632 0.00103598 
0.000220413 0.211735 0.0280526 0.00405461 0.0864966 0.000163692 0.0900099 4.32928e-05 0.000201249 4.47996e-10 0.0467514 0.0259827 0.0556492 0.00359865 9.56957e-06 9.41024e-11 0.120392 0.000688791 0.00339823 0.000271199 0.30567 0.000360177 5.82877e-05 0.00447255 7.21871e-05 0.0103457 0.0013018 
0.000560021 0.000780581 0.001055 0.00035505 0.177463 0.00503798 0.00230977 0.000804761 9.39729e-05 1.0221e-06 0.0282552 0.0654032 0.00243284 0.00617449 3.63898e-05 1.96916e-05 0.0938148 0.0154809 0.0019253 0.000631461 0.547414 0.00707976 3.2179e-06 0.000294943 9.06709e-06 0.0393382 0.00322555 
0.000137874 0.000155418 0.000219166 2.94617e-05 0.00653893 1.18607e-06 0.000200467 1.41317e-05 5.07299e-06 1.11896e-06 0.0193617 0.00258973 0.00043897 0.00140176 4.44559e-06 2.09522e-10 0.0175466 9.41201e-07 7.12468e-07 0.000667577 0.941048 6.38354e-05 0.000257227 0.00023365 1.66353e-05 0.00824761 0.000817436 
0.0328278 0.000290375 0.00101961 0.000275888 0.0960885 0.000106037 7.97366e-06 2.17611e-05 0.000102135 2.78771e-08 0.000364129 0.00975799 0.000543488 0.1474 0.00750676 6.08205e-10 0.00653423 7.91962e-05 2.70862e-07 1.01423e-07 0.683071 0.00137758 5.30282e-08 0.00087156 1.41273e-08 0.0114517 0.000301212 
0.00172072 0.00161814 0.00145704 0.000554256 0.200707 0.000501248 0.0054573 0.00283706 0.00275939 1.75931e-06 0.019414 0.0112469 0.00692595 0.010238 8.22429e-05 1.89886e-07 0.0787922 8.26177e-05 0.000278015 0.00123065 0.580073 0.011147 0.000583106 0.00290256 4.11445e-05 0.0507389 0.00861023 
0.00435178 0.00480448 0.0091346 0.0101329 0.139489 0.00196734 0.00758437 0.00154361 0.00223 4.00466e-06 0.124376 0.0419207 0.0215424 0.141318 0.0016495 3.75947e-05 0.0553854 1.91326e-05 0.000363232 6.88331e-05 0.264087 0.00504311 3.40637e-05 0.0054583 0.000106436 0.144823 0.0125243 
0.00017234 0.000194271 0.000255123 3.68261e-05 0.00747073 1.48221e-06 0.000247621 1.76636e-05 5.2534e-06 1.39822e-06 0.0241069 0.00323715 0.000548711 0.00162632 5.55624e-06 2.25655e-10 0.0218241 1.17526e-06 8.90327e-07 0.000742141 0.927684 7.97932e-05 0.000321518 0.000280485 2.07936e-05 0.0100959 0.00102179 
0.000137874 0.000155418 0.000219166 2.94617e-05 0.00653893 1.18607e-06 0.000200467 1.41317e-05 5.07299e-06 1.11896e-06 0.0193617 0.00258973 0.00043897 0.00140176 4.44559e-06 2.09522e-10 0.0175466 9.41201e-07 7.12468e-07 0.000667577 0.941048 6.38354e-05 0.000257227 0.00023365 1.66353e-05 0.00824761 0.000817436 
1.67924e-06 0.000258387 0.000225741 4.45554e-07 0.010801 0.000266895 0.0125917 0.00115495 0.000927169 8.9226e-08 0.00342076 0.0370866 0.00834132 0.00181329 2.34543e-08 1.73997e-08 0.197002 0.337304 2.86916e-05 0.0107201 0.357247 0.000365532 1.09513e-06 0.00734045 3.70459e-05 3.57278e-05 0.0130285 
0.000469459 0.00045766 0.000519847 0.00990421 0.0406834 0.000111204 0.00143109 3.72046e-05 9.8005e-06 2.61937e-06 0.0128533 0.0192312 0.00955157 0.037088 2.34742e-07 1.37988e-11 0.0113458 5.20937e-06 1.99706e-07 3.30785e-07 0.534563 0.009701 0.00049816 0.00171395 2.91416e-08 0.28449 0.0253317 
0.000137874 0.000155418 0.000219166 2.94617e-05 0.00653893 1.18607e-06 0.000200467 1.41317e-05 5.07299e-06 1.11896e-06 0.0193617 0.00258973 0.00043897 0.00140176 4.44559e-06 2.09522e-10 0.0175466 9.41201e-07 7.12468e-07 0.000667577 0.941048 6.38354e-05 0.000257227 0.00023365 1.66353e-05 0.00824761 0.000817436 
3.36274e-05 0.00052581 0.000653042 0.000149865 0.03624 0.00022156 0.0040878 0.000165943 4.24645e-06 1.58799e-06 0.0022525 0.0141459 0.0191885 0.00394027 0.00126308 3.79663e-12 0.00735836 1.85482e-06 9.92221e-05 9.22703e-06 0.798698 0.000578115 7.64408e-06 0.000510768 8.99321e-06 0.104965 0.00488878 
0.00353025 0.00639806 0.00523603 0.00147528 0.280102 0.00227207 0.00851814 0.00447964 0.000818404 0.00366614 0.0267132 0.0206288 0.0111428 0.041979 0.000364878 2.61438e-05 0.0415528 0.00634678 0.014313 0.00386947 0.429759 0.00633672 0.00412101 0.00695619 0.000817068 0.0560611 0.0125157 
3.10846e-05 2.16828e-05 1.46475e-05 3.36416e-06 0.00134453 7.7136e-13 8.74768e-06 0.000212857 9.54934e-06 1.94052e-06 0.000198918 4.02304e-05 2.33501e-05 6.41054e-05 6.16324e-07 2.28721e-12 0.00061452 2.18917e-12 2.3208e-08 0.00259336 0.994207 9.39659e-06 0.000132575 0.000172996 1.92578e-05 6.58045e-05 0.000209575 
0.00011286 0.000739273 0.000179356 0.000342876 0.0085426 9.7642e-07 0.000164065 1.42075e-05 4.16469e-06 9.2864e-07 0.0239358 0.00211897 0.000359197 0.00416518 3.65275e-06 8.46796e-10 0.0390276 7.83643e-07 5.9094e-07 0.000546813 0.909551 5.22512e-05 0.00021101 0.000668508 1.36262e-05 0.00674824 0.00249541 
0.000543618 0.00730711 0.00549307 0.000332079 0.161611 0.000118101 0.00903303 0.00216513 0.000731812 1.98275e-05 0.053145 0.00911783 0.0035841 0.0179584 3.01677e-05 0.00639802 0.0148903 4.05987e-07 0.000290264 0.00245543 0.649263 0.00246958 0.00211783 0.012633 0.000469191 0.0348702 0.00295237 
