0.0011805 0.000231696 3.83554e-05 6.1043e-05 0.0114485 4.67888e-06 0.000387501 0.000154115 1.77772e-05 1.93338e-06 0.00466467 0.00110804 0.000548091 0.00164078 8.47848e-06 5.17503e-09 0.0055196 9.2957e-06 2.06648e-06 0.00257239 0.96348 5.10185e-05 0.00407519 0.000426998 2.11475e-05 0.00165149 0.000694375 
0.000137874 0.000155418 0.000219166 2.94617e-05 0.00653893 1.18607e-06 0.000200467 1.41317e-05 5.07299e-06 1.11896e-06 0.0193617 0.00258973 0.00043897 0.00140176 4.44559e-06 2.09522e-10 0.0175466 9.41201e-07 7.12468e-07 0.000667577 0.941048 6.38354e-05 0.000257227 0.00023365 1.66353e-05 0.00824761 0.000817436 
0.000137874 0.000155418 0.000219166 2.94617e-05 0.00653893 1.18607e-06 0.000200467 1.41317e-05 5.07299e-06 1.11896e-06 0.0193617 0.00258973 0.00043897 0.00140176 4.44559e-06 2.09522e-10 0.0175466 9.41201e-07 7.12468e-07 0.000667577 0.941048 6.38354e-05 0.000257227 0.00023365 1.66353e-05 0.00824761 0.000817436 
0.00135048 0.00629376 0.0004841 0.00432491 0.25818 1.73771e-05 0.0264554 0.00271382 3.28903e-05 7.08098e-06 0.0193641 0.0111526 0.010407 0.00438412 4.21185e-05 5.41516e-07 0.0269132 0.000751039 1.98287e-05 7.60696e-05 0.585383 0.00196313 0.00525453 0.00289117 0.000418531 0.0147693 0.0163498 
0.00461158 0.00164272 0.00573367 0.000585761 0.191439 0.000780671 0.00749154 0.00233167 9.39214e-06 1.12131e-09 0.162961 0.0389344 0.0112455 0.0659578 1.22791e-05 6.55098e-09 0.0768745 1.01838e-07 6.12814e-09 1.56449e-06 0.308146 0.00310128 0.0344096 0.00284139 9.74398e-05 0.0663769 0.0144144 
0.000763259 0.005376 0.0189491 3.62855e-05 0.0469361 0.00053953 0.000482512 6.95141e-05 0.000117193 8.03242e-08 0.00628212 0.00443831 0.00651918 0.00903441 3.99928e-10 2.96689e-10 0.00158646 4.57308e-05 3.34895e-07 2.48365e-10 0.635198 7.48394e-05 0.000654274 0.00140262 3.4677e-05 0.257533 0.0039274 
0.000303358 0.00125825 0.000210163 0.000186456 0.07734 0.00066573 6.6038e-05 0.000119228 3.67452e-06 2.50623e-07 0.0229774 0.00502359 0.00177097 0.0124319 2.50435e-06 4.87963e-10 0.0319117 1.17766e-06 2.44248e-05 0.00052195 0.752515 0.000590624 7.41821e-07 0.00235541 5.11561e-05 0.088632 0.00103598 
0.00131076 0.00476939 0.00280557 0.000848561 0.211641 0.000466414 0.0050601 0.0237074 0.00176561 7.98812e-05 0.0553822 0.0280893 0.00762483 0.00761704 0.000149592 1.00196e-10 0.104056 8.61064e-05 0.000322582 0.0405934 0.395964 0.00489087 0.0175825 0.0037885 0.000624922 0.0749424 0.00583076 
0.00435366 0.00100601 0.0126952 0.0064136 0.0056944 2.83193e-05 3.79457e-06 4.28942e-06 3.25513e-09 4.42484e-09 0.0113991 0.000557699 0.00254465 0.00432313 4.16236e-06 5.53267e-09 0.00640228 9.42801e-07 6.1875e-09 4.63153e-09 0.630866 1.44086e-05 0.00052022 1.24044e-09 8.45101e-07 0.0474026 0.265764 
0.000178784 0.00316966 0.00203257 0.00010882 0.164645 0.00672701 0.00129228 0.00030515 9.33994e-05 0.000156549 0.00923261 0.0181595 0.00373049 0.00178976 0.000118783 4.99681e-09 0.0395784 0.000122952 7.71215e-05 0.000365142 0.70925 0.000699438 2.66698e-05 0.00546944 2.53812e-06 0.0300412 0.00262649 
0.00011286 0.000739273 0.000179356 0.000342876 0.0085426 9.7642e-07 0.000164065 1.42075e-05 4.16469e-06 9.2864e-07 0.0239358 0.00211897 0.000359197 0.00416518 3.65275e-06 8.46796e-10 0.0390276 7.83643e-07 5.9094e-07 0.000546813 0.909551 5.22512e-05 0.00021101 0.000668508 1.36262e-05 0.00674824 0.00249541 
0.000294208 3.63065e-08 9.53368e-05 1.38909e-07 0.114584 1.544e-08 1.44088e-05 3.25857e-08 2.93056e-08 9.7743e-12 0.00200363 0.00260617 9.15186e-05 0.0220198 1.7015e-07 1.22215e-11 0.000810801 0.0885646 2.2861e-08 1.02309e-11 0.612544 0.00156942 5.33957e-06 9.80789e-05 2.25337e-09 0.153933 0.000764718 
0.00301567 0.00209355 0.00439439 7.94701e-11 0.142136 0.000819173 0.00126417 0.220468 0.000182299 3.83903e-05 0.0228481 0.00693081 0.00560899 0.00459741 3.70978e-05 2.38243e-10 0.056816 2.49316e-06 6.88013e-05 2.89789e-07 0.487131 0.00149032 1.99695e-06 0.00102909 0.00499483 0.00484741 0.0291839 
5.56049e-06 0.00248686 0.029774 0.000216801 0.298958 0.0022665 0.017376 0.00110413 0.000221015 6.72658e-10 0.0697795 0.0133025 0.00282175 0.00420541 2.65878e-06 3.36753e-09 0.0912973 0.000162215 3.6295e-09 0.000590368 0.348746 0.000225933 4.19331e-08 0.000601081 1.33593e-05 0.0966009 0.0192423 
0.00149678 0.0208528 0.0220917 0.000495766 0.0677994 0.0034673 0.00678691 0.00051358 1.34988e-05 0.000235144 0.105656 0.104028 0.05455 0.0175551 0.00117422 1.73965e-08 0.0429975 5.72108e-05 0.000868618 0.000565441 0.460623 0.00186274 2.75323e-05 0.00902745 1.82675e-05 0.0577643 0.019472 
9.12504e-05 0.000525819 0.000879932 0.00106587 0.0395694 0.000221568 0.00380312 0.000165952 1.65381e-06 1.58966e-06 0.00495197 0.0135225 0.0208785 0.0037796 1.17822e-05 5.14628e-12 0.00761904 1.85625e-06 9.92331e-05 9.22962e-06 0.810172 0.000924263 7.65001e-06 0.001058 2.24773e-06 0.0832534 0.00738253 
0.00507039 0.000318572 0.000344058 3.87297e-06 0.0540835 0.00160084 0.000146846 0.000125448 0.00049205 6.94869e-10 0.013735 0.048069 0.00630867 0.0288782 3.17823e-08 1.27719e-11 0.00896278 0.132875 1.65331e-08 1.06916e-11 0.627569 0.00096084 2.11281e-05 0.00648463 1.31584e-05 0.0546063 0.00933007 
7.83623e-05 0.00234978 0.0178622 1.09229e-06 0.295967 0.000803594 0.00119471 0.0642436 0.00780057 1.46241e-08 0.0254925 6.56891e-05 0.00275005 0.00582029 1.41802e-06 3.55891e-10 0.00707333 1.99031e-06 3.36052e-08 4.35396e-06 0.479355 0.000102254 4.74865e-05 1.8818e-05 1.36172e-08 0.0846834 0.00428229 
9.03897e-05 8.33299e-05 0.000492356 3.72272e-05 0.00567174 1.64452e-05 0.000593232 1.37767e-05 1.22151e-05 1.13497e-06 0.014982 0.0054181 0.000730829 0.00242178 1.44582e-06 2.56039e-10 0.0119798 6.09999e-06 3.30304e-07 0.000266733 0.764149 3.42097e-05 1.6483e-05 0.000436817 3.8847e-05 0.19032 0.00218574 
0.000356288 0.0054749 0.00758685 0.000407738 0.116684 0.000602834 0.00723265 0.000452928 4.41542e-05 1.8286e-05 0.0719755 0.0200859 0.0160753 0.0361914 2.53388e-05 2.25064e-07 0.0299435 5.4369e-05 1.38251e-05 0.00408973 0.605009 0.00386139 0.00728288 0.0238821 0.000596817 0.00591259 0.0361388 
0.000716271 0.00221749 0.00304102 0.0010137 0.103442 0.000268678 0.00527417 0.000642972 4.6615e-05 1.22171e-07 0.0138834 0.013568 0.00183614 0.0114605 0.00149832 1.37121e-08 0.0223996 3.99944e-06 0.00096934 1.31287e-06 0.446359 0.00284959 0.000753752 0.00318237 3.16721e-05 0.358297 0.0062435 
0.000137874 0.000155418 0.000219166 2.94617e-05 0.00653893 1.18607e-06 0.000200467 1.41317e-05 5.07299e-06 1.11896e-06 0.0193617 0.00258973 0.00043897 0.00140176 4.44559e-06 2.09522e-10 0.0175466 9.41201e-07 7.12468e-07 0.000667577 0.941048 6.38354e-05 0.000257227 0.00023365 1.66353e-05 0.00824761 0.000817436 
2.12804e-05 0.00114535 0.000258888 1.23453e-05 0.212568 2.85421e-06 0.00270042 4.52913e-12 1.47622e-06 2.17022e-07 0.0195911 0.00232837 0.000608207 0.00608007 2.4181e-06 9.21217e-12 0.00403539 0.0002001 9.31105e-05 6.69869e-09 0.462781 1.84559e-05 2.26565e-07 7.74148e-05 4.65974e-05 0.287266 0.000161349 
0.00150669 0.00440961 0.018353 0.000998168 0.14861 0.00189368 0.00468064 0.00398423 0.000303652 3.57156e-05 0.029239 0.033132 0.00541783 0.0236954 4.74002e-05 7.49638e-07 0.0345959 1.80732e-06 0.000115089 0.0290605 0.627084 0.0037422 0.000864472 0.0110681 0.000228338 0.00970415 0.00722695 
1.28491e-07 0.000447344 0.00397016 1.09142e-10 0.103106 0.000185247 0.00100463 0.231248 1.15775e-06 4.33542e-08 0.0183742 2.9249e-07 0.00163709 0.000146395 5.06067e-06 3.27196e-10 0.011073 3.13172e-10 5.1076e-08 2.73903e-10 0.615351 3.58053e-05 3.22893e-10 6.73921e-05 2.0755e-08 0.00530836 0.00803798 
0.0018449 0.0015108 0.000470894 0.000223642 0.151383 0.00017569 0.00142108 0.00135515 0.000121443 1.14938e-05 0.00941397 0.0156647 0.0102775 0.0219666 7.77297e-06 8.43552e-06 0.0325217 2.7662e-06 6.4308e-05 0.000706171 0.698642 0.00198291 0.0217057 0.0116192 0.00017121 0.0129351 0.00379201 
0.00507039 0.000318572 0.000344058 3.87297e-06 0.0540835 0.00160084 0.000146846 0.000125448 0.00049205 6.94869e-10 0.013735 0.048069 0.00630867 0.0288782 3.17823e-08 1.27719e-11 0.00896278 0.132875 1.65331e-08 1.06916e-11 0.627569 0.00096084 2.11281e-05 0.00648463 1.31584e-05 0.0546063 0.00933007 
5.18524e-05 0.0096903 0.00042687 0.00180786 0.264626 0.000831524 0.00172278 0.00427525 0.00362482 0.00019139 0.0379934 0.0311387 0.0134198 0.034135 0.000300912 1.74615e-07 0.00775936 1.72908e-05 0.00029403 0.0516665 0.419806 0.00432474 0.0290744 0.0186593 0.000160095 0.0550853 0.00891609 
0.011838 0.0065423 0.0105099 0.00276134 0.176988 0.001392 0.00179753 0.00364912 0.00105454 4.16133e-05 0.052059 0.0225607 0.00921588 0.175504 5.67587e-05 7.54709e-06 0.024829 0.00583629 0.00176381 0.000700243 0.467193 0.00155902 0.00611763 0.00549142 2.67321e-05 0.0058115 0.00469388 
0.000968433 0.0288883 0.0196747 3.18928e-05 0.180845 0.0052673 0.0139508 0.000225343 0.000222236 0.000957331 0.0996702 0.0335267 0.205937 0.0136551 0.00315582 1.93444e-09 0.0133111 0.000140952 4.92422e-05 0.00606618 0.214399 0.00103209 0.00290625 0.00273723 0.00148944 0.145904 0.00498892 
1.57648e-05 0.00175489 0.040283 0.00155643 0.0745687 2.18916e-05 0.000576743 0.0063661 0.013582 9.8975e-06 0.0665236 0.00725769 0.0657187 0.00942491 2.97168e-05 9.90733e-10 0.0832874 3.31074e-05 7.83266e-07 4.00525e-06 0.482278 6.44563e-05 0.100633 0.0127516 3.19212e-07 0.0324285 0.000828664 
0.000726705 0.000606598 0.0183288 0.00187932 0.317557 0.0014111 0.00140581 0.00205338 0.000175791 3.42615e-05 0.156456 0.0301076 0.0300498 0.00761957 8.94421e-05 1.71628e-10 0.0354165 0.000691612 0.0118789 0.00859455 0.333833 0.00139249 0.0102813 0.00109448 3.50778e-05 0.0163063 0.0119752 
2.12804e-05 0.00114535 0.000258888 1.23453e-05 0.212568 2.85421e-06 0.00270042 4.52913e-12 1.47622e-06 2.17022e-07 0.0195911 0.00232837 0.000608207 0.00608007 2.4181e-06 9.21217e-12 0.00403539 0.0002001 9.31105e-05 6.69869e-09 0.462781 1.84559e-05 2.26565e-07 7.74148e-05 4.65974e-05 0.287266 0.000161349 
0.000137874 0.000155418 0.000219166 2.94617e-05 0.00653893 1.18607e-06 0.000200467 1.41317e-05 5.07299e-06 1.11896e-06 0.0193617 0.00258973 0.00043897 0.00140176 4.44559e-06 2.09522e-10 0.0175466 9.41201e-07 7.12468e-07 0.000667577 0.941048 6.38354e-05 0.000257227 0.00023365 1.66353e-05 0.00824761 0.000817436 
0.0177028 0.0176633 0.000666865 0.000413639 0.0283748 0.000118644 0.00375302 0.0590025 0.000393402 2.83096e-07 0.0339349 0.121193 0.000913786 0.0417628 1.31818e-07 2.3123e-08 0.0168513 1.7097e-06 8.99684e-11 6.7344e-11 0.535451 0.00193884 2.87799e-05 0.00617598 2.62887e-07 0.0846624 0.0289954 
0.000121078 0.000506696 0.0012856 0.00182717 0.0449648 0.000277651 0.00550039 0.000284464 5.87811e-09 2.72054e-06 0.00848905 0.0211166 0.0289657 0.00492121 6.78788e-06 5.24435e-12 0.00928814 3.17931e-06 0.000170081 1.09558e-08 0.814941 0.00157796 1.31045e-05 0.00181369 3.84984e-06 0.0415959 0.0123237 
1.28491e-07 0.000447344 0.00397016 1.09142e-10 0.103106 0.000185247 0.00100463 0.231248 1.15775e-06 4.33542e-08 0.0183742 2.9249e-07 0.00163709 0.000146395 5.06067e-06 3.27196e-10 0.011073 3.13172e-10 5.1076e-08 2.73903e-10 0.615351 3.58053e-05 3.22893e-10 6.73921e-05 2.0755e-08 0.00530836 0.00803798 
0.000760038 0.00537326 0.0194845 3.6048e-05 0.0293195 0.000692318 0.000527584 6.88601e-05 0.000116682 5.41199e-08 0.0103713 0.00836183 0.00712656 0.0112619 4.73014e-10 2.1683e-11 0.00224881 4.50183e-05 4.83465e-08 1.81513e-11 0.552501 7.43658e-05 0.000651908 0.00180338 3.44776e-05 0.345215 0.00392574 
0.000303358 0.00125825 0.000210163 0.000186456 0.07734 0.00066573 6.6038e-05 0.000119228 3.67452e-06 2.50623e-07 0.0229774 0.00502359 0.00177097 0.0124319 2.50435e-06 4.87963e-10 0.0319117 1.17766e-06 2.44248e-05 0.00052195 0.752515 0.000590624 7.41821e-07 0.00235541 5.11561e-05 0.088632 0.00103598 
0.000137874 0.000155418 0.000219166 2.94617e-05 0.00653893 1.18607e-06 0.000200467 1.41317e-05 5.07299e-06 1.11896e-06 0.0193617 0.00258973 0.00043897 0.00140176 4.44559e-06 2.09522e-10 0.0175466 9.41201e-07 7.12468e-07 0.000667577 0.941048 6.38354e-05 0.000257227 0.00023365 1.66353e-05 0.00824761 0.000817436 
0.0283495 0.063367 0.0330724 0.00295111 0.0581292 0.00457683 0.0579201 0.000566028 0.00100307 0.000996865 0.0582545 0.141633 0.0563065 0.0390923 3.64235e-05 4.24739e-08 0.0501718 0.000819952 0.000731918 4.41369e-06 0.159252 0.0378878 0.00542373 0.00705839 0.0720226 0.032054 0.0883193 
0.000137874 0.000155418 0.000219166 2.94617e-05 0.00653893 1.18607e-06 0.000200467 1.41317e-05 5.07299e-06 1.11896e-06 0.0193617 0.00258973 0.00043897 0.00140176 4.44559e-06 2.09522e-10 0.0175466 9.41201e-07 7.12468e-07 0.000667577 0.941048 6.38354e-05 0.000257227 0.00023365 1.66353e-05 0.00824761 0.000817436 
9.12504e-05 0.000525819 0.000879932 0.00106587 0.0395694 0.000221568 0.00380312 0.000165952 1.65381e-06 1.58966e-06 0.00495197 0.0135225 0.0208785 0.0037796 1.17822e-05 5.14628e-12 0.00761904 1.85625e-06 9.92331e-05 9.22962e-06 0.810172 0.000924263 7.65001e-06 0.001058 2.24773e-06 0.0832534 0.00738253 
9.12504e-05 0.000525819 0.000879932 0.00106587 0.0395694 0.000221568 0.00380312 0.000165952 1.65381e-06 1.58966e-06 0.00495197 0.0135225 0.0208785 0.0037796 1.17822e-05 5.14628e-12 0.00761904 1.85625e-06 9.92331e-05 9.22962e-06 0.810172 0.000924263 7.65001e-06 0.001058 2.24773e-06 0.0832534 0.00738253 
0.00119848 0.000483518 0.00229253 0.00395578 0.0496364 0.0008879 0.00157044 0.000260594 0.000156721 1.39076e-06 0.0470939 0.0084918 0.00174139 0.00635912 2.92569e-06 1.61659e-08 0.0139271 4.78698e-05 0.000103854 0.0023238 0.555667 0.00121907 0.000151056 0.00143442 2.52897e-05 0.29704 0.00392711 
0.000137874 0.000155418 0.000219166 2.94617e-05 0.00653893 1.18607e-06 0.000200467 1.41317e-05 5.07299e-06 1.11896e-06 0.0193617 0.00258973 0.00043897 0.00140176 4.44559e-06 2.09522e-10 0.0175466 9.41201e-07 7.12468e-07 0.000667577 0.941048 6.38354e-05 0.000257227 0.00023365 1.66353e-05 0.00824761 0.000817436 
9.06386e-06 0.000264675 1.97509e-05 1.51412e-07 0.0143612 1.11185e-05 5.16405e-05 1.54803e-05 4.68285e-05 5.05184e-12 4.3116e-08 0.0065619 0.000258889 0.00458104 0.00109463 6.31666e-12 0.00217462 6.04592e-12 7.06427e-12 1.78731e-08 0.91864 0.0011596 3.69868e-09 9.2074e-05 2.80293e-09 0.0506421 1.47074e-05 
0.000921987 0.008324 0.00989203 0.000319093 0.214578 0.00359127 0.00515544 0.00318409 0.000399196 0.0130877 0.0281147 0.0228833 0.00592518 0.0149054 6.04353e-05 7.59945e-06 0.101839 0.000387171 0.00847966 0.0191843 0.471916 0.00393976 0.00965379 0.00318333 0.00015535 0.0363119 0.0135993 
0.000137874 0.000155418 0.000219166 2.94617e-05 0.00653893 1.18607e-06 0.000200467 1.41317e-05 5.07299e-06 1.11896e-06 0.0193617 0.00258973 0.00043897 0.00140176 4.44559e-06 2.09522e-10 0.0175466 9.41201e-07 7.12468e-07 0.000667577 0.941048 6.38354e-05 0.000257227 0.00023365 1.66353e-05 0.00824761 0.000817436 
0.000136938 0.000379987 0.000529115 0.000396474 0.0213261 7.00811e-05 0.00140288 9.97239e-05 3.70285e-06 4.06648e-06 0.013555 0.00804809 0.00741235 0.00310671 9.09456e-06 2.2477e-10 0.0142612 2.13961e-06 3.11774e-05 0.000419293 0.885588 0.00040053 8.11233e-05 0.000641737 1.99203e-05 0.0384643 0.00361014 
5.31635e-05 0.000913814 0.000110915 1.15731e-08 0.141198 4.66856e-09 0.00311305 3.51163e-12 3.67697e-06 5.39179e-07 0.00857987 0.00194598 2.98691e-05 0.0054833 1.29061e-08 7.14259e-12 0.00684422 8.13962e-05 1.67292e-05 1.03972e-08 0.47881 1.95557e-05 7.04866e-12 0.000105422 2.74766e-05 0.352663 1.19664e-08 
0.000719271 0.0017253 0.0130468 0.0005141 0.11666 0.00236124 0.0664519 0.000139543 0.00114459 3.77091e-06 0.0731822 0.00407571 0.00303771 0.104945 3.41696e-05 3.75676e-07 0.0161557 2.63836e-06 0.000135405 0.00246167 0.31403 0.00691933 0.00173067 0.0021163 0.00028219 0.265668 0.00245648 
0.000137874 0.000155418 0.000219166 2.94617e-05 0.00653893 1.18607e-06 0.000200467 1.41317e-05 5.07299e-06 1.11896e-06 0.0193617 0.00258973 0.00043897 0.00140176 4.44559e-06 2.09522e-10 0.0175466 9.41201e-07 7.12468e-07 0.000667577 0.941048 6.38354e-05 0.000257227 0.00023365 1.66353e-05 0.00824761 0.000817436 
0.0100978 0.00259437 0.000693083 0.00154598 0.155734 0.000135203 0.0239754 0.000559654 0.00035181 2.40493e-06 0.0415504 0.0229501 0.00687641 0.0411461 4.1469e-05 2.88881e-07 0.0699925 0.000348688 0.000150464 0.000103917 0.526322 0.00351529 0.00458874 0.00361254 0.00216464 0.0483444 0.0326023 
4.92087e-05 0.00878322 0.0654306 1.482e-07 0.343032 4.45654e-06 8.34421e-09 1.20566e-06 2.05429e-07 8.80166e-08 0.0528995 3.72719e-11 0.014442 0.0223171 5.15968e-10 3.82774e-10 0.0045177 1.79091e-06 0.00179499 1.99935e-08 0.41853 0.000102298 9.35776e-07 5.81759e-08 2.70996e-08 0.0668416 0.00125023 
0.000317857 0.00108439 0.00075307 0.000144541 0.0305361 0.000117419 0.000418594 0.000286527 0.000537537 3.41931e-06 0.0370267 0.00369269 0.00409915 0.00869436 2.84701e-05 0.00325461 0.0217837 5.38534e-06 1.00953e-05 0.0021494 0.816668 0.000605974 0.037495 0.00309769 1.56189e-05 0.0244082 0.00276581 
0.00661107 0.00197379 0.0209231 0.000178513 0.186938 7.73444e-05 0.00206281 0.0061034 3.9532e-07 1.87069e-07 0.0900979 0.0153891 0.00234276 0.0155597 2.04324e-06 0.00427949 0.0520123 6.97027e-05 0.000859226 0.000167687 0.368227 0.0522654 1.05635e-07 0.000424073 6.37868e-06 0.170769 0.0026595 
0.000202017 0.0285628 0.00199259 0.00943316 0.164887 0.00200338 0.000571502 0.00264162 4.2116e-05 3.17599e-07 0.0855596 0.0106776 0.0007227 0.0143172 0.000887742 6.5449e-07 0.146581 0.000152136 0.00114664 2.09636e-08 0.260363 0.0164797 0.00347366 0.00940807 1.44161e-05 0.228459 0.0114198 
0.0125824 0.0044739 0.00369358 0.000875567 0.201435 0.00192416 0.00176982 0.0276903 3.56101e-05 2.97376e-06 0.0109517 0.0200596 0.0155421 0.0446326 0.00175255 3.8416e-09 0.0114557 2.041e-05 1.06309e-05 0.000217137 0.498081 0.0022454 0.0386692 0.00146127 3.89418e-05 0.0870272 0.0133519 
0.00772935 0.0105363 0.0252453 0.000223013 0.118886 0.00240857 0.0225448 0.0033343 0.00191817 9.97839e-06 0.0806045 0.0091776 0.00666531 0.0245854 1.98205e-05 0.00320221 0.0318919 0.00513543 0.000217652 0.0107077 0.508335 0.00115896 0.000624243 0.00231673 0.000217699 0.118842 0.00346192 
0.0130405 0.00230004 0.00319975 8.64147e-06 0.111523 0.000430047 2.61683e-05 2.93804e-06 6.45391e-06 1.17467e-07 0.0166849 0.0118282 0.00142207 0.0388168 6.62941e-06 6.99107e-09 0.019943 1.45493e-05 0.000519582 4.98915e-06 0.717633 0.000160991 4.58267e-10 7.48938e-05 1.43313e-06 0.0614887 0.000863099 
0.0301463 0.00945092 5.41064e-05 3.40731e-07 0.0213625 0.000526157 0.000334652 0.00231909 0.000106638 2.2324e-08 0.00218965 0.139966 1.77503e-07 0.150048 3.03247e-08 2.07435e-07 0.0879562 1.01151e-07 6.30025e-11 3.44935e-08 0.400276 0.00751932 5.55941e-11 0.0631788 9.54159e-05 0.0739804 0.0104883 
1.28491e-07 0.000447344 0.00397016 1.09142e-10 0.103106 0.000185247 0.00100463 0.231248 1.15775e-06 4.33542e-08 0.0183742 2.9249e-07 0.00163709 0.000146395 5.06067e-06 3.27196e-10 0.011073 3.13172e-10 5.1076e-08 2.73903e-10 0.615351 3.58053e-05 3.22893e-10 6.73921e-05 2.0755e-08 0.00530836 0.00803798 
0.000220413 0.211735 0.0280526 0.00405461 0.0864966 0.000163692 0.0900099 4.32928e-05 0.000201249 4.47996e-10 0.0467514 0.0259827 0.0556492 0.00359865 9.56957e-06 9.41024e-11 0.120392 0.000688791 0.00339823 0.000271199 0.30567 0.000360177 5.82877e-05 0.00447255 7.21871e-05 0.0103457 0.0013018 
0.0172131 0.00713653 0.0100515 0.0712663 0.101897 0.00123595 0.00565498 0.00409653 2.71372e-07 1.34335e-07 0.0628769 0.0570041 0.0116111 0.0131197 0.000103789 2.92838e-10 0.143522 0.000260327 0.000350258 6.41049e-08 0.17267 0.0467031 0.080912 0.0684546 9.25918e-06 0.0352727 0.0885774 
0.0157327 0.053129 0.0967958 4.37552e-07 0.124594 0.00758005 0.000538102 9.43686e-07 0.00108125 2.90513e-10 0.0215492 0.0216093 1.26207e-05 0.021623 4.89648e-10 3.63248e-10 0.0250205 5.0907e-07 4.06241e-10 2.19096e-06 0.447435 0.0088464 1.60223e-06 0.134637 6.48776e-05 0.0148332 0.00491363 
4.35041e-05 3.03505e-05 6.55474e-06 4.70422e-06 0.000504455 3.34614e-13 1.22377e-05 3.78192e-05 1.33578e-05 2.71003e-06 0.000188762 3.35912e-05 3.26854e-05 8.9738e-05 8.60147e-07 9.92185e-13 0.000118172 9.49659e-13 3.16304e-08 0.000735573 0.997429 1.31494e-05 0.000185388 0.000242175 2.69547e-05 2.67948e-05 0.000221723 
8.56259e-05 0.000357132 0.000126875 3.09666e-05 0.0370303 2.26545e-05 0.00264259 7.00611e-05 1.97522e-05 7.65319e-07 0.00513583 0.00252344 0.000918907 0.00192127 0.000241128 4.39394e-12 0.00566542 2.76761e-05 9.80987e-06 0.000333313 0.80239 0.000222219 0.00190769 0.000314936 7.48102e-05 0.136131 0.00179595 
0.000851704 0.00542835 0.00092791 0.000444792 0.239503 0.000631933 0.000209592 0.00695596 0.000121305 1.97878e-08 0.0195082 0.00540976 0.000966699 0.0206055 3.16233e-07 3.14981e-10 0.00407243 0.00594094 1.84568e-06 9.96664e-05 0.435882 0.000965154 0.00104214 0.0150089 2.63131e-07 0.23279 0.00263104 
1.86984e-06 0.0162052 0.0385427 0.0163492 0.145304 1.51331e-06 3.19646e-07 0.00114547 3.14714e-10 0.00031953 0.0528831 0.00252683 0.00118446 0.311502 7.21047e-10 5.34913e-10 0.0462773 5.11986e-10 2.56863e-06 1.23797e-07 0.314127 0.0155399 5.27878e-10 0.0231894 1.79366e-08 0.000308958 0.0145874 
0.0026941 0.00809929 0.0199665 2.11178e-10 0.0478534 2.13509e-10 0.000213454 1.10569e-06 1.92956e-07 4.62872e-07 0.000606685 0.00048234 6.50737e-08 0.00100309 4.07947e-08 5.29317e-08 0.00264724 6.05954e-10 4.03446e-07 2.40289e-08 0.89361 2.86378e-08 6.38749e-06 0.0161295 5.52309e-08 0.00646479 0.000221134 
1.28491e-07 0.000447344 0.00397016 1.09142e-10 0.103106 0.000185247 0.00100463 0.231248 1.15775e-06 4.33542e-08 0.0183742 2.9249e-07 0.00163709 0.000146395 5.06067e-06 3.27196e-10 0.011073 3.13172e-10 5.1076e-08 2.73903e-10 0.615351 3.58053e-05 3.22893e-10 6.73921e-05 2.0755e-08 0.00530836 0.00803798 
0.00596096 0.000978427 0.00679092 0.000908651 0.0424325 6.46276e-05 0.0237631 0.000352212 8.70032e-05 1.64275e-05 0.0135879 0.0198555 0.00174133 0.0200722 0.000503824 2.08193e-06 0.0630426 0.00200215 1.61248e-05 0.000372454 0.752989 0.000232887 2.29219e-05 0.000206544 0.0107173 0.0139165 0.0193639 
0.00567212 0.00837978 0.00690252 0.00431827 0.22331 0.0105488 0.00317478 0.0010567 0.00107567 8.66227e-06 0.0423249 0.025993 0.0093667 0.173611 4.14558e-05 6.76081e-06 0.0233948 9.37908e-05 0.0004682 0.00238712 0.414502 0.00556091 0.0105724 0.00457733 5.30351e-05 0.00807534 0.0145239 
0.001271 0.0145809 0.0121358 0.00451881 0.263122 0.0192937 0.0419182 0.000857873 0.000301115 8.24993e-06 0.0567725 0.0192841 0.0188134 0.0643361 0.000233873 0.000374549 0.0306476 0.000259236 0.0681362 0.00236616 0.346836 0.00422454 0.00189622 0.00888484 0.00103783 0.00904163 0.00884785 
0.00742113 0.0411831 0.0180562 0.00347927 0.0962018 7.15061e-05 0.0220572 0.000561153 1.98084e-07 0.234995 0.0132082 0.000127161 0.0535689 0.00947851 0.000231047 0.0107202 0.00359358 5.92113e-05 0.000634205 0.00394184 0.25708 0.00382205 0.000368199 0.00281426 0.000401007 0.0209025 0.195023 
0.0194964 0.000388519 0.000944319 2.01009e-05 0.0206381 1.27518e-05 0.000282385 0.00036039 6.77202e-05 3.14587e-05 0.0174125 0.0101001 0.000746672 0.00870421 1.18723e-05 6.16868e-10 0.0357806 6.50869e-05 0.000290126 0.000929302 0.85644 0.000413168 0.00420815 0.000898535 0.0103842 0.00835104 0.00302259 
3.5739e-05 0.00782546 0.0043865 0.000290299 0.0266375 0.000913525 0.00135899 0.000149443 1.42893e-06 1.73086e-09 0.0176926 0.0166815 0.0573185 0.00411079 0.00193232 2.25864e-10 0.0215208 1.51608e-05 0.00077709 2.58422e-05 0.714954 0.00111684 2.2988e-07 0.000225657 3.98516e-05 0.120873 0.00111615 
0.00772905 0.000605204 0.00154467 0.000162518 0.337151 0.00106373 0.00319378 0.000152266 0.000133732 3.95924e-07 0.0110985 0.0195422 0.00660276 0.015378 0.000988784 1.88196e-09 0.0144426 2.25401e-06 4.23657e-06 2.84012e-05 0.506806 0.00229627 0.000256934 0.00292555 7.60761e-05 0.0594899 0.00832469 
0.000220413 0.211735 0.0280526 0.00405461 0.0864966 0.000163692 0.0900099 4.32928e-05 0.000201249 4.47996e-10 0.0467514 0.0259827 0.0556492 0.00359865 9.56957e-06 9.41024e-11 0.120392 0.000688791 0.00339823 0.000271199 0.30567 0.000360177 5.82877e-05 0.00447255 7.21871e-05 0.0103457 0.0013018 
1.30894e-08 0.000366633 0.000787452 0.000125388 0.0241013 0.000340081 0.00120866 5.4095e-05 6.07365e-09 5.69682e-06 0.00411008 0.02675 0.0304133 0.00622678 1.77837e-07 2.77744e-12 0.00405434 6.66342e-06 7.12957e-05 2.32505e-12 0.821295 0.000138059 2.74626e-05 0.00101158 8.06816e-06 0.0730366 0.00586131 
0.000137874 0.000155418 0.000219166 2.94617e-05 0.00653893 1.18607e-06 0.000200467 1.41317e-05 5.07299e-06 1.11896e-06 0.0193617 0.00258973 0.00043897 0.00140176 4.44559e-06 2.09522e-10 0.0175466 9.41201e-07 7.12468e-07 0.000667577 0.941048 6.38354e-05 0.000257227 0.00023365 1.66353e-05 0.00824761 0.000817436 
1.89783e-07 0.00133496 0.00176929 2.74516e-12 0.0104742 2.54215e-08 2.55587e-05 0.000216591 6.00966e-05 6.58184e-12 0.000312332 1.428e-07 5.16676e-08 0.00717951 9.28458e-09 3.01491e-07 0.00174523 1.32009e-07 1.11225e-08 1.54747e-08 0.964354 9.42049e-08 7.04311e-08 0.0109811 0.000843327 0.000149926 0.000552602 
4.45797e-05 0.00977985 0.000894741 0.000362293 0.0212475 0.000307834 0.00169827 0.000186501 1.76627e-06 1.27723e-09 0.0182207 0.0146467 0.0716433 0.00485986 0.00241284 9.6247e-11 0.0268991 1.88107e-05 0.000969704 3.21355e-05 0.671564 0.00139514 1.78652e-07 0.000281751 4.96635e-05 0.151088 0.00139478 
0.000951023 0.00166763 0.00259604 0.000255659 0.0908631 0.00077194 0.00163537 0.000159937 0.00290278 6.62452e-09 0.0822528 0.0539989 0.0236637 0.0260169 0.00332371 1.77802e-09 0.0857112 2.2509e-06 1.2112e-05 0.000116113 0.295422 0.0303524 5.9196e-05 0.00283791 0.00015433 0.268781 0.0254919 
0.000634559 0.000439516 0.00146873 0.000861089 0.13948 7.99537e-05 1.04593e-05 5.32832e-05 1.29501e-08 1.1237e-05 0.0403598 0.00575152 0.000834229 0.0347666 1.541e-05 2.2011e-08 0.0250602 2.52183e-06 0.000279058 0.000222555 0.546568 0.000326833 8.49947e-05 0.000860844 4.02172e-05 0.190239 0.0115496 
0.000137874 0.000155418 0.000219166 2.94617e-05 0.00653893 1.18607e-06 0.000200467 1.41317e-05 5.07299e-06 1.11896e-06 0.0193617 0.00258973 0.00043897 0.00140176 4.44559e-06 2.09522e-10 0.0175466 9.41201e-07 7.12468e-07 0.000667577 0.941048 6.38354e-05 0.000257227 0.00023365 1.66353e-05 0.00824761 0.000817436 
0.000756088 0.00277436 0.00127626 0.00253568 0.172667 0.000186244 0.011444 0.000193028 7.66954e-05 5.7567e-08 0.0367806 0.0240816 0.00437602 0.0134093 3.1072e-05 1.15366e-07 0.0404461 0.00596895 0.000423232 2.1484e-05 0.43322 0.000662344 0.00168026 0.00191885 2.22175e-05 0.215434 0.0296142 
0.00150886 0.00875126 0.00655727 0.000602526 0.253082 0.000614493 0.00260439 0.00356867 0.000774718 7.38846e-06 0.0484864 0.0291674 0.00586629 0.0323461 0.000115249 2.38668e-07 0.0359217 5.06604e-05 0.00104662 0.0129237 0.323438 0.00476074 0.00117521 0.00511088 5.02167e-05 0.213289 0.0081801 
0.00039754 0.00537597 1.39919e-06 1.02252e-07 0.23628 6.87342e-08 2.50655e-06 0.00729686 8.12988e-06 6.53503e-11 8.31723e-06 0.000577868 1.52607e-06 0.0200856 1.10145e-10 8.1712e-11 0.000221338 0.0293708 9.13831e-11 1.17032e-06 0.63843 0.00029035 0.00215572 0.044893 7.86138e-09 0.0124035 0.00219796 
0.000360052 0.00174019 0.000382844 0.000401549 0.0675751 0.00224345 0.000319942 0.000279846 7.88913e-06 1.40114e-06 0.0287893 0.00515646 0.00395624 0.0101178 0.000182366 3.53747e-07 0.0210535 4.50919e-06 6.81147e-06 0.0028534 0.769693 0.000975436 8.86585e-05 0.00121221 4.11769e-05 0.0783012 0.00425542 
0.00418948 0.0121929 0.00508916 0.015163 0.233993 0.00293944 0.0176616 0.0015855 0.00157907 1.8815e-05 0.0464276 0.0436796 0.0149355 0.0348731 0.000426202 0.00062856 0.0743105 0.00026907 0.0239447 0.00352684 0.343701 0.00815719 0.000467813 0.00528667 0.000152313 0.0676632 0.0371385 
4.35041e-05 3.03505e-05 6.55474e-06 4.70422e-06 0.000504455 3.34614e-13 1.22377e-05 3.78192e-05 1.33578e-05 2.71003e-06 0.000188762 3.35912e-05 3.26854e-05 8.9738e-05 8.60147e-07 9.92185e-13 0.000118172 9.49659e-13 3.16304e-08 0.000735573 0.997429 1.31494e-05 0.000185388 0.000242175 2.69547e-05 2.67948e-05 0.000221723 
1.16799e-05 0.000195172 0.000182884 0.000148134 0.302733 1.64085e-11 2.12233e-05 0.00631511 0.0140979 3.89116e-11 5.29689e-05 0.000392 5.09784e-05 0.00794278 1.52647e-06 4.86538e-11 0.00166274 0.0200289 3.72124e-05 1.05006e-05 0.549222 0.0461917 0.00819196 2.9902e-05 9.80968e-07 0.0419123 0.000566457 
0.000137874 0.000155418 0.000219166 2.94617e-05 0.00653893 1.18607e-06 0.000200467 1.41317e-05 5.07299e-06 1.11896e-06 0.0193617 0.00258973 0.00043897 0.00140176 4.44559e-06 2.09522e-10 0.0175466 9.41201e-07 7.12468e-07 0.000667577 0.941048 6.38354e-05 0.000257227 0.00023365 1.66353e-05 0.00824761 0.000817436 
0.000137874 0.000155418 0.000219166 2.94617e-05 0.00653893 1.18607e-06 0.000200467 1.41317e-05 5.07299e-06 1.11896e-06 0.0193617 0.00258973 0.00043897 0.00140176 4.44559e-06 2.09522e-10 0.0175466 9.41201e-07 7.12468e-07 0.000667577 0.941048 6.38354e-05 0.000257227 0.00023365 1.66353e-05 0.00824761 0.000817436 
0.0121735 0.00638644 0.00482916 0.000342224 0.150098 0.000259641 0.000620272 0.00669744 5.29892e-05 1.66403e-05 0.0253439 0.0086444 0.00439096 0.0499955 0.000410385 0.130383 0.0142034 0.000194587 3.99902e-05 0.00570217 0.55106 0.00351852 0.0116643 0.0112817 9.21708e-05 0.000257113 0.00134063 
4.35041e-05 3.03505e-05 6.55474e-06 4.70422e-06 0.000504455 3.34614e-13 1.22377e-05 3.78192e-05 1.33578e-05 2.71003e-06 0.000188762 3.35912e-05 3.26854e-05 8.9738e-05 8.60147e-07 9.92185e-13 0.000118172 9.49659e-13 3.16304e-08 0.000735573 0.997429 1.31494e-05 0.000185388 0.000242175 2.69547e-05 2.67948e-05 0.000221723 
0.00082576 0.000119624 9.91645e-05 2.52255e-12 0.394415 2.70583e-08 2.08498e-05 4.81761e-08 9.92812e-09 4.57085e-09 6.72402e-05 1.17331e-07 2.56151e-08 0.0110682 1.01938e-11 7.56236e-12 0.00213728 1.52475e-09 4.11448e-08 2.17292e-08 0.589069 6.20044e-05 7.46291e-12 0.00159468 3.3925e-08 0.00052035 1.39579e-07 
0.000137874 0.000155418 0.000219166 2.94617e-05 0.00653893 1.18607e-06 0.000200467 1.41317e-05 5.07299e-06 1.11896e-06 0.0193617 0.00258973 0.00043897 0.00140176 4.44559e-06 2.09522e-10 0.0175466 9.41201e-07 7.12468e-07 0.000667577 0.941048 6.38354e-05 0.000257227 0.00023365 1.66353e-05 0.00824761 0.000817436 
3.42165e-05 0.000104883 0.000117235 8.71753e-06 0.289441 0.000855626 5.28712e-08 0.0043787 0.00248693 2.4491e-10 0.0158178 0.03758 0.00168153 0.134087 5.94614e-08 3.06228e-10 0.0423622 0.000965515 3.27792e-05 0.000108193 0.322167 0.129095 3.022e-10 0.00631427 1.54087e-08 0.012328 3.42212e-05 
0.000220413 0.211735 0.0280526 0.00405461 0.0864966 0.000163692 0.0900099 4.32928e-05 0.000201249 4.47996e-10 0.0467514 0.0259827 0.0556492 0.00359865 9.56957e-06 9.41024e-11 0.120392 0.000688791 0.00339823 0.000271199 0.30567 0.000360177 5.82877e-05 0.00447255 7.21871e-05 0.0103457 0.0013018 
0.000137874 0.000155418 0.000219166 2.94617e-05 0.00653893 1.18607e-06 0.000200467 1.41317e-05 5.07299e-06 1.11896e-06 0.0193617 0.00258973 0.00043897 0.00140176 4.44559e-06 2.09522e-10 0.0175466 9.41201e-07 7.12468e-07 0.000667577 0.941048 6.38354e-05 0.000257227 0.00023365 1.66353e-05 0.00824761 0.000817436 
0.000158085 0.00118037 0.000791593 7.79572e-05 0.0284976 8.99928e-06 0.0008971 1.65449e-05 0.000103068 1.86927e-06 0.0282218 0.00298357 0.00178421 0.00322949 8.39371e-06 8.33514e-09 0.0199536 2.03574e-05 4.40634e-06 0.00442604 0.884577 0.000146113 0.0016342 0.0004262 4.71544e-05 0.0191178 0.0016865 
0.000137874 0.000155418 0.000219166 2.94617e-05 0.00653893 1.18607e-06 0.000200467 1.41317e-05 5.07299e-06 1.11896e-06 0.0193617 0.00258973 0.00043897 0.00140176 4.44559e-06 2.09522e-10 0.0175466 9.41201e-07 7.12468e-07 0.000667577 0.941048 6.38354e-05 0.000257227 0.00023365 1.66353e-05 0.00824761 0.000817436 
4.05897e-08 0.000371724 0.00111055 0.000688622 0.0472885 0.000197174 0.00625127 0.000547147 6.95378e-05 4.39071e-07 0.0243294 0.0554847 0.00152209 0.0283797 1.87316e-07 6.06446e-12 0.0226493 2.57245e-06 6.78223e-12 5.0767e-12 0.659174 0.000152944 4.58439e-05 0.000599186 4.0569e-08 0.141089 0.010046 
0.000129591 0.000174868 0.000120234 2.5123e-05 0.00850092 1.18592e-06 0.00035051 6.30024e-06 2.87939e-06 2.11595e-06 0.0203265 0.00280209 0.000557696 0.00165137 5.1552e-06 1.95699e-10 0.0173054 9.40683e-07 1.72774e-07 0.000624362 0.930547 7.68167e-05 0.00636795 0.000236964 1.66351e-05 0.00914848 0.00101871 
0.0136513 6.95701e-05 5.15036e-05 0.00022186 0.152895 1.06762e-07 0.0111957 0.001227 9.76059e-08 1.20164e-08 0.000102382 0.0119551 0.00257792 0.0455164 3.66377e-06 8.91129e-06 0.0584878 1.33836e-06 4.5193e-07 2.18686e-07 0.354973 0.00153842 1.36083e-06 8.64998e-05 3.09026e-05 0.340226 0.00517751 
0.00298406 0.000540973 0.00116334 0.000236022 0.143899 0.000384439 0.00176099 0.000117909 0.000110128 5.51071e-06 0.0141408 0.00554806 0.00295399 0.00606679 6.20815e-05 1.12622e-05 0.064827 6.47424e-05 3.27911e-05 0.00344025 0.724632 0.00189077 0.000207074 0.00205745 7.31305e-05 0.0182115 0.00457841 
0.00480424 0.0169251 0.0087644 0.00117732 0.152887 0.000196022 0.00675571 0.00231232 0.00144791 9.30081e-05 0.012431 0.00764963 0.00967936 0.017284 0.00221323 4.64041e-08 0.0314558 0.00139746 0.00148196 5.61258e-05 0.660311 0.00208162 0.0154457 0.000661598 0.000705924 0.0309891 0.0107935 
0.000278176 0.000117047 0.000548521 4.93457e-05 0.0241866 0.000465487 0.00105697 7.2595e-05 0.000110592 3.03002e-08 0.00638114 0.0472922 0.00546539 0.0170165 0.0014478 8.56821e-12 0.00465288 3.72334e-06 9.85186e-09 4.32292e-05 0.714188 0.0122497 0.000355862 0.0034933 1.11408e-05 0.15401 0.00650464 
0.0181981 0.000601414 0.0024573 0.000337571 0.193025 0.000138767 0.00480869 8.54315e-05 5.83356e-05 4.32926e-06 0.0223693 0.0121182 0.00144234 0.0173602 1.43588e-05 6.57318e-08 0.0239202 4.17573e-06 9.37669e-05 0.00540248 0.62087 0.000320027 0.00142993 0.00615986 6.91548e-05 0.0647742 0.00393692 
4.84993e-05 3.90098e-05 0.000104303 3.84405e-06 0.00502289 3.59363e-05 0.00126605 2.63691e-09 2.07678e-05 1.28512e-10 0.000974297 0.00659072 0.000878336 0.00166426 0.000729017 1.0941e-12 0.00131666 1.02279e-06 1.22359e-12 1.09965e-06 0.835994 2.15072e-05 1.82951e-05 0.000118494 1.5569e-05 0.144332 0.000803645 
0.000137874 0.000155418 0.000219166 2.94617e-05 0.00653893 1.18607e-06 0.000200467 1.41317e-05 5.07299e-06 1.11896e-06 0.0193617 0.00258973 0.00043897 0.00140176 4.44559e-06 2.09522e-10 0.0175466 9.41201e-07 7.12468e-07 0.000667577 0.941048 6.38354e-05 0.000257227 0.00023365 1.66353e-05 0.00824761 0.000817436 
6.13974e-05 0.000970086 0.00192131 0.00386038 0.169605 0.000125381 0.00169367 0.00347631 0.000369799 4.46325e-06 0.0152996 0.0235901 0.00775731 0.00862866 7.87738e-07 5.76848e-09 0.07923 6.72725e-07 6.45122e-09 0.000183202 0.636696 0.017275 1.76464e-05 0.00211869 6.09426e-06 0.0168463 0.0102619 
0.000304224 0.000550725 4.95059e-05 1.03175e-07 0.0114786 4.33493e-08 0.000279589 0.000706508 6.18044e-06 6.68219e-09 0.000667984 0.00172538 1.28433e-06 0.00561234 1.3367e-08 2.89174e-11 9.53024e-05 2.76779e-11 9.05316e-10 7.84548e-07 0.954263 9.61528e-05 0.00861389 0.0142615 7.92393e-09 0.000608388 0.000678067 
1.25544e-05 0.000184928 0.000827154 0.000421953 0.0584847 5.86334e-05 0.00169766 0.000173855 9.64911e-05 9.67922e-07 0.0064084 0.0124938 0.000737892 0.0221097 3.69955e-07 8.84407e-12 0.00649835 0.00264802 9.89082e-12 1.05534e-09 0.598267 0.000362759 0.00333925 0.00032496 8.22821e-06 0.281248 0.00359458 
0.0163806 0.0023735 0.000432055 1.23099e-06 0.116117 0.00143713 0.0205162 4.62081e-05 2.35315e-05 4.07717e-12 0.0372791 0.0167333 0.0873024 0.0361394 0.0714276 5.09797e-12 0.029742 9.13378e-07 0.000306621 0.000118933 0.433758 0.00440636 2.81914e-05 0.00415671 2.98496e-05 0.0939294 0.027314 
7.82168e-05 0.000825927 0.000620802 0.000735629 0.328854 1.44845e-11 5.64679e-05 0.110505 2.52688e-11 1.25564e-08 0.000557655 0.000567981 0.00130754 0.0185205 4.23231e-08 4.29488e-11 0.000265156 5.43741e-09 3.13164e-08 0.000651253 0.532536 0.000199495 0.00123313 1.1702e-08 1.43891e-09 0.00158967 0.000895443 
0.000137874 0.000155418 0.000219166 2.94617e-05 0.00653893 1.18607e-06 0.000200467 1.41317e-05 5.07299e-06 1.11896e-06 0.0193617 0.00258973 0.00043897 0.00140176 4.44559e-06 2.09522e-10 0.0175466 9.41201e-07 7.12468e-07 0.000667577 0.941048 6.38354e-05 0.000257227 0.00023365 1.66353e-05 0.00824761 0.000817436 
0.00215212 0.00865341 0.000715257 0.00269758 0.353447 3.71802e-05 0.0476225 0.00297337 1.63537e-05 1.5141e-05 0.00607633 0.00901654 0.0101749 0.00616722 2.40709e-05 9.13109e-09 0.0116317 0.000309293 4.23033e-05 0.000146207 0.496426 0.00354546 0.0101333 0.00392266 0.000382416 0.0160913 0.00758005 
0.00282058 0.00554065 0.00816326 0.00211949 0.200727 0.00011669 0.00224724 0.00281536 0.000464439 1.00221e-05 0.0436679 0.0389527 0.00761749 0.0391649 0.000297746 0.000475104 0.0364808 0.00385832 0.00218686 0.00126727 0.539707 0.00354927 0.00761236 0.00417127 3.79829e-05 0.014866 0.0310629 
4.54167e-05 4.56129e-05 1.82654e-05 3.35989e-06 0.000156845 2.29156e-13 2.25704e-05 1.68454e-05 4.50587e-06 1.93541e-06 0.000170833 3.37275e-05 2.33465e-05 2.60728e-05 6.14269e-07 6.79485e-13 0.000230843 6.50361e-13 5.61319e-07 0.000683381 0.997841 9.39215e-06 4.82941e-05 0.000181827 1.92531e-05 0.000212051 0.000203429 
0.000137874 0.000155418 0.000219166 2.94617e-05 0.00653893 1.18607e-06 0.000200467 1.41317e-05 5.07299e-06 1.11896e-06 0.0193617 0.00258973 0.00043897 0.00140176 4.44559e-06 2.09522e-10 0.0175466 9.41201e-07 7.12468e-07 0.000667577 0.941048 6.38354e-05 0.000257227 0.00023365 1.66353e-05 0.00824761 0.000817436 
2.65127e-05 0.00120449 0.000299176 1.67909e-05 0.207303 3.92133e-06 0.00696697 4.60722e-12 2.34743e-06 2.46547e-07 0.0209107 0.00237201 0.000689339 0.00594538 2.932e-06 9.371e-12 0.00831989 0.000235115 0.000121477 3.1542e-07 0.452925 2.01145e-05 0.000392126 9.46474e-05 7.42201e-05 0.291876 0.000196837 
0.00107794 0.000114478 0.000106647 0.000485294 0.0560994 4.33682e-06 0.000486254 0.000476083 2.57788e-06 1.14954e-06 0.0324272 0.00190738 0.00176666 0.0111919 0.000119568 2.48954e-07 0.00636071 1.62671e-09 5.75286e-06 0.0044259 0.876369 0.000499076 0.00239274 0.00137066 1.12508e-05 0.000361464 0.00193599 
0.00628654 0.0127132 0.0139192 0.00416044 0.249465 0.00354376 0.00870207 0.00019582 0.00164405 2.21583e-05 0.0380435 0.0376775 0.0243495 0.216139 0.000474688 1.31791e-05 0.0431019 0.00699926 0.00220223 6.20976e-05 0.272132 0.00406836 0.000629554 0.00368803 7.0922e-05 0.0417571 0.00793784 
0.000303358 0.00125825 0.000210163 0.000186456 0.07734 0.00066573 6.6038e-05 0.000119228 3.67452e-06 2.50623e-07 0.0229774 0.00502359 0.00177097 0.0124319 2.50435e-06 4.87963e-10 0.0319117 1.17766e-06 2.44248e-05 0.00052195 0.752515 0.000590624 7.41821e-07 0.00235541 5.11561e-05 0.088632 0.00103598 
0.00231664 0.00158908 0.000212101 0.00242367 0.320766 1.27925e-05 0.0014613 0.00382884 2.09539e-05 7.80244e-08 0.0264668 0.00795547 0.00148456 0.00594534 3.29124e-05 3.19804e-07 0.0271089 5.95174e-05 1.22085e-06 5.85578e-09 0.563417 0.000888892 0.00488431 0.00194487 4.60197e-07 0.0225316 0.00464565 
0.000137874 0.000155418 0.000219166 2.94617e-05 0.00653893 1.18607e-06 0.000200467 1.41317e-05 5.07299e-06 1.11896e-06 0.0193617 0.00258973 0.00043897 0.00140176 4.44559e-06 2.09522e-10 0.0175466 9.41201e-07 7.12468e-07 0.000667577 0.941048 6.38354e-05 0.000257227 0.00023365 1.66353e-05 0.00824761 0.000817436 
9.12504e-05 0.000525819 0.000879932 0.00106587 0.0395694 0.000221568 0.00380312 0.000165952 1.65381e-06 1.58966e-06 0.00495197 0.0135225 0.0208785 0.0037796 1.17822e-05 5.14628e-12 0.00761904 1.85625e-06 9.92331e-05 9.22962e-06 0.810172 0.000924263 7.65001e-06 0.001058 2.24773e-06 0.0832534 0.00738253 
0.000329889 0.000461314 0.000434343 0.000239347 0.0235393 4.83594e-05 0.000769884 5.12876e-05 2.77162e-05 1.38586e-06 0.0339932 0.00830742 0.000850457 0.0897801 3.94604e-05 1.09313e-05 0.0182912 2.71158e-06 3.0528e-05 0.00231095 0.807461 0.000274152 0.00310343 0.000577269 2.3335e-05 0.00799648 0.00104402 
