0.00344158 0.000248356 0.162181 0.00119669 0.000202796 0.00140314 0.000116365 0.000141376 0.0443179 1.24478e-06 4.85298e-05 1.51555e-07 0.000241492 0.000132314 2.09803e-06 1.55644e-06 1.38801e-07 1.48973e-06 1.74065e-06 1.30293e-06 3.28498e-07 0.000556845 1.53597e-06 0.784157 2.84151e-07 4.39775e-05 0.00155908 
0.00220075 0.0126441 0.00832468 0.0169042 0.0119575 0.0060524 0.00111915 0.00386615 8.4029e-05 1.90768e-06 0.193665 0.0605382 0.0773464 0.000730054 1.60024e-05 1.68621e-08 0.155345 8.22706e-06 0.00128471 0.000174678 0.00287328 0.0459101 1.02364e-06 0.35908 5.14768e-05 0.00139162 0.0384296 
0.00156897 6.78979e-05 0.00231985 0.000208033 0.0316188 3.76796e-06 0.0312742 0.00229866 2.22362e-07 5.20952e-07 0.00899312 0.187464 0.0117672 0.0125516 1.38026e-10 1.02395e-10 0.290545 9.80064e-11 0.000174852 4.9912e-06 0.00441374 0.00123704 0.00518409 0.311755 0.00256067 0.00107091 0.0929167 
8.89254e-05 0.00499587 0.0170178 0.0121775 0.0965454 0.00637096 0.00160866 0.0112717 0.000309658 4.19713e-07 0.19567 0.1701 0.00463686 0.0202441 6.38952e-06 0.0034553 0.0263176 5.12351e-05 0.000636442 0.000488561 0.00411082 0.00343947 0.00660947 0.385332 6.10432e-06 0.00157621 0.0269325 
0.00210301 0.106449 7.61805e-06 0.000655302 0.000421708 0.0121047 0.0449155 0.0166717 0.000140202 4.9434e-06 0.0445101 0.154844 0.00324127 0.000755627 7.07626e-08 3.93764e-05 0.0645935 8.51667e-06 0.000293342 0.0689755 0.00994942 0.0156124 2.67135e-06 0.440308 4.41643e-05 1.99491e-05 0.0133281 
0.000260645 0.0417881 0.000863717 0.0813318 0.0245454 0.00134982 0.00273703 0.00232994 0.00186326 3.20366e-06 0.0759051 0.01717 0.0385641 0.00324729 2.3389e-06 1.43792e-09 0.0202965 0.0023808 7.6933e-05 2.07799e-06 0.000151331 0.0674638 1.54644e-05 0.583963 6.19165e-05 0.00758593 0.0260404 
1.66724e-07 0.072709 0.035335 0.00308567 0.0296528 0.0089564 0.0179837 0.0167235 0.022505 1.66635e-07 0.194339 0.0543128 0.0539627 0.0113614 0.00039967 1.66571e-07 0.11113 0.000266702 0.000466461 0.00298272 1.66823e-07 0.0263091 0.09798 0.225155 0.00116799 1.66854e-07 0.0132142 
0.000844271 0.132385 0.000676692 0.0424761 0.0156132 0.00416068 0.122254 0.00672062 5.18169e-05 5.21923e-06 0.0189001 0.050238 0.0317977 0.00285531 4.37832e-06 2.36678e-06 0.00655816 0.0101756 0.0015341 5.17555e-05 0.00245072 0.0168124 6.22304e-05 0.486996 0.0327879 0.00393009 0.00965558 
3.27926e-08 0.0207001 0.0818911 0.000116439 0.0214209 0.000570702 0.000767829 0.00213768 0.000138016 1.34983e-05 0.245976 0.0200658 0.0728126 0.005238 0.000467289 0.165085 0.0331706 0.000487838 0.000616497 0.000350534 1.12202e-05 0.00165647 0.000138051 0.324641 3.85588e-05 0.000166445 0.00132166 
0.000760951 0.0255201 0.00489109 0.00131574 0.00332658 0.00759217 0.00315883 0.00178083 0.00137327 2.14019e-05 0.0535411 0.0243307 0.0605009 0.0186977 0.00142586 7.79956e-08 0.00644775 1.89286e-06 8.25364e-05 5.56175e-05 0.000286353 0.20936 0.000192081 0.560584 0.00570505 0.00534645 0.00370093 
0.00255576 0.0459723 0.00664444 0.00647585 0.0097683 0.0668545 0.00149811 0.0099184 0.000310824 7.45135e-06 0.0264299 0.118678 0.0103547 0.00228605 1.01909e-06 0.025015 0.010397 1.31923e-05 0.00267943 1.6888e-06 8.85123e-06 0.00480898 0.000617091 0.64839 1.50305e-05 0.000178024 0.000119591 
7.39009e-06 0.111676 0.0273683 0.121988 7.39652e-06 0.0576705 7.39449e-06 7.39051e-06 7.38914e-06 7.38616e-06 0.227085 7.39608e-06 0.144232 0.0133182 7.3784e-06 7.38333e-06 0.0037055 7.38394e-06 7.38165e-06 7.38564e-06 7.39447e-06 0.0229313 7.38351e-06 0.260286 0.00962075 7.39585e-06 7.39544e-06 
0.00377333 0.013155 0.00844842 0.00343628 0.0126008 0.0358224 0.00111712 0.0013596 0.0110866 7.13481e-06 0.0717957 0.0197339 0.0429614 0.00433783 1.87584e-05 1.37088e-08 0.0408777 3.85777e-05 0.00167786 0.000162966 0.0098029 0.0108415 0.00115919 0.683126 4.33367e-05 0.000961328 0.0216543 
1.11691e-06 0.220077 0.0372055 2.63632e-05 9.04127e-05 1.77263e-05 1.14235e-05 0.000863027 1.70277e-05 1.72096e-06 0.152997 0.178309 0.000112487 0.0171499 1.27299e-05 2.15184e-06 1.84846e-05 2.14805e-05 2.40652e-06 1.80135e-06 3.24389e-05 3.85272e-05 7.53353e-05 0.386809 3.92851e-07 1.01818e-05 0.00609486 
0.00202761 0.0206269 0.00761517 0.00845489 0.0174389 0.0898924 0.0153294 0.000586945 0.00190151 8.61629e-07 0.146974 0.180909 0.0653762 0.00974679 4.38262e-05 2.95137e-09 0.0367625 0.000102197 0.000962948 4.03728e-05 0.000877909 0.0559011 8.77598e-05 0.280131 0.00143316 0.0229774 0.0338003 
0.0102259 0.00744789 0.0106092 0.00375534 0.00213793 0.0115744 6.61374e-05 3.88192e-05 4.59945e-07 6.25222e-07 0.000505569 7.61222e-08 0.00582869 0.00233176 0.00031719 7.89575e-05 6.9716e-08 7.48251e-07 8.83028e-05 6.54427e-07 1.64996e-07 1.4814e-07 7.71477e-07 0.940665 1.42722e-07 0.00103178 0.00329338 
0.000247388 0.0393492 0.000994497 0.00464185 0.0169077 0.0340523 0.0240094 0.00561983 0.000236357 0.000222503 0.070077 0.0314199 0.139522 0.0032335 0.00038877 0.000831401 0.0593295 1.00489e-05 6.12359e-05 4.79176e-07 0.00215768 0.0435564 0.00182797 0.49741 0.0125205 0.00210151 0.0092715 
0.000137959 0.000164964 8.19896e-05 0.00096815 0.0142934 9.89991e-08 1.60019e-05 2.65137e-05 2.32332e-06 7.70706e-09 0.157203 0.00961867 0.0257904 0.000223332 1.37879e-06 1.33645e-11 0.045861 3.70421e-06 7.34925e-05 1.27894e-08 0.000403819 0.0239123 8.72792e-05 0.717667 1.33661e-06 0.00105594 0.00240649 
0.0234618 0.0381305 0.140538 0.0314963 0.027252 0.000148832 0.00126861 2.11802e-05 0.00122635 7.57339e-07 0.050004 1.34064e-05 0.0093086 0.00649677 5.6957e-05 9.46953e-07 0.00495777 1.54967e-06 0.000341912 7.08726e-06 0.000142814 0.00783742 0.00504115 0.642527 7.09713e-07 1.07733e-07 0.0097173 
0.000345317 0.0649037 0.118051 0.00380111 0.0131458 0.00783768 0.0138043 0.00140988 1.22114e-05 3.71846e-06 0.0806037 0.00744561 0.0161166 0.00986673 6.88437e-06 6.09811e-05 0.0467146 0.00514845 0.0380994 3.8076e-06 0.000147884 0.00891871 0.000112977 0.560467 1.13672e-05 0.00106055 0.00190001 
0.0124198 0.0483469 0.0251769 0.00183797 0.0157997 0.0640235 0.0035205 0.00337595 1.94299e-05 5.21741e-05 0.148546 0.166794 0.0373978 0.013993 1.57538e-05 5.06879e-09 0.0328957 0.000144417 0.000338241 0.000388916 0.000370602 0.0370836 0.000190301 0.285769 0.080521 0.00328207 0.0176968 
0.00277523 0.0119975 7.62408e-12 3.46122e-07 0.350565 1.24619e-08 1.82049e-06 0.000150398 1.23082e-07 3.27997e-11 2.28623e-12 0.0433204 0.00777487 0.0143979 5.52826e-11 1.31279e-07 1.64472e-06 3.53677e-08 3.34866e-07 3.43318e-11 0.0299027 0.0179613 4.00717e-07 0.521149 3.87101e-07 1.64241e-07 6.70509e-07 
0.000545434 0.000167395 0.025135 0.000337612 0.0119003 0.000122904 0.000278553 3.14365e-05 4.0413e-09 1.19905e-05 0.202595 0.0466495 0.0348784 0.00127526 7.70763e-05 6.8689e-09 0.213143 3.34739e-05 0.00145867 0.0145219 0.00105808 0.0681233 1.89954e-05 0.328434 5.73293e-06 0.0123489 0.0368482 
0.00025624 0.000659455 0.000923534 4.23177e-05 0.0121877 7.47514e-05 0.0536883 0.00162239 2.29297e-05 1.81535e-05 0.0027731 0.0328114 0.00272598 0.00295103 1.91834e-05 2.67956e-08 0.0618813 8.5968e-08 9.06883e-05 0.00467935 0.0575048 0.000310716 0.00080855 0.480499 0.243812 0.000217661 0.0394187 
0.00137251 0.0228634 0.0181162 0.0142788 0.0454647 0.0350384 0.0133632 0.00193095 0.00175002 0.000172369 0.28449 0.0871926 0.0511462 0.0193809 0.000104247 0.000883569 0.0246102 0.00854223 0.000185679 0.00134727 0.00528336 0.0214471 0.000643818 0.303186 0.00452447 0.00766914 0.0250131 
0.00129834 0.20252 2.28574e-05 0.00367309 0.167053 0.000134017 0.0841967 0.00963743 4.20529e-06 3.14225e-06 0.00440146 0.0185756 0.00783771 0.00113158 8.66242e-06 3.96136e-09 2.37411e-06 0.000129143 3.97846e-07 2.82633e-05 0.0334088 0.0419527 0.00758414 0.404243 4.46121e-06 0.000608045 0.0115413 
0.000243438 0.00532859 0.00459899 0.00411844 0.0462999 0.0107829 0.0227495 0.00198683 5.18814e-05 4.66668e-07 0.0407111 0.12301 0.0175391 0.00163342 3.1108e-06 9.57192e-07 0.0728586 4.73579e-05 0.000156846 0.000875049 0.0143014 0.0204159 2.89835e-05 0.32002 4.67787e-05 0.0203268 0.271864 
3.72858e-06 0.00595013 0.0439783 9.10133e-08 0.00109181 3.20124e-06 0.0362093 0.00365933 0.000107263 1.15509e-05 0.000164568 0.000190909 0.00306822 0.0414825 0.00259234 8.11577e-10 0.0984834 3.75061e-06 8.62087e-06 8.88062e-05 0.135581 3.00503e-09 8.00903e-10 0.349157 0.275337 0.000230375 0.00259646 
0.00437808 0.0607851 0.00569509 0.010005 0.0390206 0.0166129 0.000776315 0.0813696 0.000228812 1.48018e-07 0.0178751 0.0544857 0.210764 0.00332522 8.09212e-08 2.2154e-09 0.00396754 0.000150323 0.0147122 4.05529e-05 0.00370854 0.138882 0.000155941 0.327455 1.59652e-05 0.000224357 0.00536598 
1.28409e-05 0.0630723 8.22104e-09 0.000716189 0.0395682 3.30603e-12 0.125193 8.11503e-07 3.82987e-05 1.00961e-05 0.123993 0.104212 0.0531077 0.00339644 0.00326886 5.03089e-06 0.184724 3.61178e-08 0.000533155 8.20625e-12 0.0014105 0.082598 0.000727821 0.208833 2.7595e-08 0.000103803 0.00447464 
0.00103713 0.0149615 0.0647709 0.00179535 0.00474848 0.0994939 0.00194974 0.0361057 0.000649139 9.35086e-07 0.0938009 0.0525028 0.0409596 0.00246078 5.14268e-06 1.1692e-06 0.033991 3.23535e-05 0.00638576 0.000360165 3.5801e-05 9.14751e-05 0.000495527 0.538731 0.000190803 1.33017e-07 0.00444317 
0.00478901 0.0238017 0.0160934 0.00020514 0.00599118 0.0102517 0.0969516 0.0276223 0.000479923 2.83081e-06 0.000903632 0.0148452 0.00328732 0.00436029 9.26865e-07 5.63878e-07 0.0130488 2.79129e-05 0.000237773 7.84114e-06 0.00816974 0.00307977 5.09622e-06 0.466072 0.292556 0.000122749 0.00708525 
4.71823e-05 0.00676717 0.000734427 0.00026434 0.0162525 0.0237382 9.86901e-05 0.00014176 2.74314e-05 3.20348e-06 0.133122 0.172785 0.023798 0.0160793 1.09722e-05 2.57563e-05 0.0153033 6.25646e-07 2.04959e-05 1.01974e-05 0.0151544 0.0252997 0.000145013 0.525176 0.00595677 0.0188682 0.000169291 
0.00100661 0.00193477 0.00475493 0.000616013 0.00905024 2.1226e-05 0.00535848 0.0298881 0.000222765 7.57604e-06 0.157792 0.0242217 0.042357 0.00040914 5.44573e-07 3.72449e-06 0.256034 1.81619e-06 6.98117e-05 3.23836e-05 0.00100584 0.0172787 6.96554e-06 0.289778 3.15507e-05 0.000738834 0.157378 
0.00467808 0.0280384 0.027983 0.0265851 0.10332 0.00371705 0.00157609 0.060446 0.000128176 2.57175e-06 0.0295163 0.0230585 0.102282 0.0570113 5.62325e-05 2.15182e-05 0.118172 3.56447e-05 0.000213332 0.000420309 0.00111068 0.0483414 0.000163563 0.269985 0.000204262 0.0878328 0.00510138 
0.00979974 0.038366 0.0193048 0.0449991 0.0555685 0.0192114 0.0015415 0.037806 0.00282896 6.36178e-06 0.0214519 0.0711749 0.031463 0.00898508 3.42544e-05 0.00207391 0.0184025 1.98235e-05 0.000226301 0.00129278 0.00094373 0.020523 0.00081481 0.533172 1.76717e-05 0.0188551 0.0411171 
0.00277523 0.0119975 7.62408e-12 3.46122e-07 0.350565 1.24619e-08 1.82049e-06 0.000150398 1.23082e-07 3.27997e-11 2.28623e-12 0.0433204 0.00777487 0.0143979 5.52826e-11 1.31279e-07 1.64472e-06 3.53677e-08 3.34866e-07 3.43318e-11 0.0299027 0.0179613 4.00717e-07 0.521149 3.87101e-07 1.64241e-07 6.70509e-07 
0.0434204 0.00539213 0.000804326 0.00212008 0.0176722 0.00220514 0.00100421 0.0177917 0.000656088 2.90675e-06 0.00132652 0.00413773 0.000346307 0.00436412 8.61739e-10 5.21822e-11 0.00142522 0.000336655 2.45626e-07 7.67692e-09 0.00128998 0.00302038 5.14959e-11 0.891533 8.12466e-05 1.15191e-05 0.00105802 
0.00725666 0.0027457 0.0012732 4.19192e-05 0.0380515 6.40868e-05 0.0409105 0.000177221 0.000869298 1.77942e-05 4.91407e-05 0.00796482 0.000905205 0.00612777 2.50052e-05 1.74899e-05 0.0108003 2.60225e-06 3.35702e-05 0.000325969 0.00318356 0.000168778 1.37845e-05 0.489059 0.382174 0.000122622 0.00761944 
6.54109e-05 0.00110162 0.00698878 0.000150549 0.00417638 0.00172238 0.0684117 0.00301682 0.00068765 5.43795e-06 0.0141371 0.0222075 0.013719 0.0014877 1.4181e-05 5.16616e-08 0.27016 2.52145e-06 6.40293e-05 0.000950491 0.0276144 0.00100608 0.000295941 0.280525 0.0814806 0.00252599 0.197483 
3.92476e-08 0.0197729 0.209446 4.97606e-05 0.124934 0.00176836 0.00334427 0.000183214 0.000247031 1.27579e-05 0.0106485 2.1125e-05 0.0114401 0.209245 2.61554e-05 7.56143e-08 0.0132593 7.23734e-08 7.49669e-05 6.32985e-08 0.00670075 4.16106e-05 4.86871e-05 0.221589 1.61446e-05 0.166081 0.00104869 
0.00845467 0.0278543 0.00872977 0.0238154 0.0574888 0.131694 0.000749648 0.0118321 0.000265866 5.35176e-07 0.0877479 0.103313 0.0137171 0.0530886 0.00011805 0.00589713 0.0678742 1.57424e-05 0.00265067 1.64668e-05 0.000307225 0.0683751 0.000232066 0.318507 2.66307e-05 0.00277115 0.00445721 
0.000137959 0.000164964 8.19896e-05 0.00096815 0.0142934 9.89991e-08 1.60019e-05 2.65137e-05 2.32332e-06 7.70706e-09 0.157203 0.00961867 0.0257904 0.000223332 1.37879e-06 1.33645e-11 0.045861 3.70421e-06 7.34925e-05 1.27894e-08 0.000403819 0.0239123 8.72792e-05 0.717667 1.33661e-06 0.00105594 0.00240649 
0.0064594 0.0313314 0.033221 0.0453769 0.215376 0.0322675 0.00728652 0.0359843 9.54872e-07 9.69068e-05 0.0122969 0.0147196 0.00540217 0.0487279 0.000221 1.03192e-05 0.0621611 1.18063e-05 0.000220453 1.09167e-05 0.0224726 0.0185415 5.06702e-05 0.40157 3.29612e-05 0.000224541 0.00592548 
0.000117368 0.0984645 0.000204632 0.00281703 0.00178843 0.00399022 0.00210327 0.000328762 1.17191e-05 1.57444e-07 0.0447893 0.0402305 0.179962 0.000260065 7.10843e-06 1.54406e-08 0.0267503 2.89959e-05 0.000105781 7.7848e-06 9.53557e-05 0.143133 7.10772e-05 0.45383 4.86818e-06 0.000632876 0.000264333 
5.12835e-08 0.00278583 0.000226707 2.64776e-06 0.000555398 0.000513981 7.6344e-05 7.72154e-06 9.2851e-05 7.70551e-06 3.62571e-05 0.000175521 3.59493e-07 9.12582e-05 5.22501e-06 9.88028e-08 0.000352094 6.01164e-07 9.97518e-06 8.271e-08 0.0153022 0.000712554 9.75034e-08 0.97496 0.00397045 3.73539e-07 0.000113562 
0.00268995 0.0626803 0.00414272 0.0538829 0.0307719 0.00313202 0.0185378 0.000662086 0.000153402 6.44709e-06 0.0474182 0.111666 0.0381968 0.0199315 0.000199234 0.000549478 0.0723641 0.00195019 0.00152087 0.000614073 0.0115017 0.108512 5.37032e-05 0.283711 0.000942522 0.00359451 0.120615 
0.00446077 0.00130521 0.000644671 0.00162967 0.0180675 0.000693185 0.000910654 0.0209197 8.0251e-07 2.46429e-09 0.0265113 0.0438696 0.00472627 0.0251247 8.62339e-07 3.08127e-09 0.0564545 1.34115e-05 0.00554717 7.56286e-08 0.00158903 0.0026045 0.00643333 0.776296 1.01944e-06 0.00158272 0.000613649 
0.000726115 0.047086 0.0136316 0.0155376 0.0110777 0.0751825 0.00137204 0.00112752 0.000332263 1.03852e-05 0.129362 0.0719644 0.12396 0.00370684 2.47934e-05 3.21579e-08 0.0121016 0.0160917 0.000188715 0.00381586 0.000719018 0.211787 0.000756241 0.221446 0.00351557 0.00172697 0.0327483 
1.52617e-05 5.48018e-05 0.000175413 0.00417008 0.00416204 0.0123873 0.00010171 0.000744379 6.07565e-06 6.6998e-06 0.0181386 8.13951e-05 0.000992846 0.00834536 2.01141e-05 8.37722e-06 0.000176703 3.81387e-05 2.66542e-05 7.01276e-06 2.37802e-05 0.0132094 0.000152002 0.931027 2.92756e-06 0.00590812 1.74812e-05 
0.0104103 0.00255601 0.000931166 0.00136022 0.0803676 0.0113588 7.16969e-05 0.000211621 0.000119277 2.19719e-07 0.0401222 0.0781676 0.0843195 0.0463342 5.68021e-05 3.07237e-08 0.00322845 2.3577e-06 1.81252e-05 1.57031e-05 0.0172507 0.00668752 3.94757e-06 0.610952 6.81384e-06 0.00141041 0.00403645 
0.00310752 0.0228575 0.00209298 0.00684533 0.0227959 0.0171154 0.003953 0.0110928 4.75933e-05 4.34853e-06 0.0184989 0.0200397 0.0355708 0.00916112 2.30002e-06 3.9158e-05 0.0253112 0.000269315 3.49544e-05 3.98394e-05 0.001886 0.0430715 0.00137443 0.734048 3.6304e-05 0.0110578 0.00964627 
0.00286615 0.182095 0.00374477 0.000736259 0.00271161 0.00354575 0.00175798 0.015803 6.72603e-05 2.4831e-05 0.0178438 0.089902 0.0416594 0.00825073 9.52237e-06 1.2365e-05 0.00543539 0.0618934 0.000600175 0.0012132 0.00171694 0.0184709 0.00143393 0.527407 0.00780385 0.000817316 0.00217775 
0.00151176 0.0191462 0.0253126 0.00159954 0.00926636 0.00471523 0.00523513 0.00594958 0.00194561 2.45792e-06 0.0303874 0.0372403 0.0092711 0.00412465 2.20522e-05 4.51346e-07 0.0348347 2.0406e-06 0.00014668 0.010032 0.01527 0.0101505 2.02567e-05 0.766225 0.000512036 0.0044518 0.00262429 
0.00725666 0.0027457 0.0012732 4.19192e-05 0.0380515 6.40868e-05 0.0409105 0.000177221 0.000869298 1.77942e-05 4.91407e-05 0.00796482 0.000905205 0.00612777 2.50052e-05 1.74899e-05 0.0108003 2.60225e-06 3.35702e-05 0.000325969 0.00318356 0.000168778 1.37845e-05 0.489059 0.382174 0.000122622 0.00761944 
0.00110021 0.0184675 0.0269587 0.0774835 0.0388058 0.00526965 0.00196803 0.0119624 1.93376e-07 3.76727e-06 0.0153176 0.00216199 0.00946247 0.00269931 0.00223392 0.00460628 0.0211925 5.43353e-06 0.000390629 9.70053e-06 0.0212086 0.0112832 5.13922e-06 0.716388 1.4475e-06 7.93163e-06 0.011006 
0.0167479 0.0272963 0.0217311 0.0082454 0.0839727 0.044974 0.00650352 0.0313194 0.000726189 2.32151e-05 0.0630055 0.0962087 0.0275282 0.0205792 0.000120576 0.00136315 0.131363 0.00292582 0.000281785 0.00012435 0.00342116 0.121227 0.00457086 0.160207 0.0072544 0.00140188 0.116877 
1.64693e-05 0.0010706 0.312196 0.000503285 3.83672e-08 1.98724e-07 0.167575 2.89702e-07 3.46682e-07 4.7126e-07 9.20384e-05 2.88412e-05 0.000164862 0.000328575 7.9429e-07 5.89248e-07 5.25483e-08 5.63992e-07 6.58989e-07 4.93273e-07 1.24365e-07 0.000602331 5.81499e-07 0.517225 1.07576e-07 0.000191377 8.44318e-08 
0.0751646 0.0410349 0.024203 0.109036 0.0573889 3.9927e-05 0.00692217 0.0491589 1.85147e-06 0.000857576 0.0161882 0.0199309 0.0242313 0.00579331 7.24309e-05 1.49552e-08 0.154014 6.32709e-05 0.000505224 0.00134609 0.0161627 0.0303786 0.00260821 0.329255 0.000243565 0.00214214 0.033257 
0.000797326 0.0322151 0.00262878 9.59398e-06 0.0161951 0.000263147 0.00561924 0.00265331 0.00148475 1.0105e-10 0.0196597 0.0260422 0.00871703 0.00293442 7.39741e-05 4.30746e-06 0.013152 0.00517847 1.34098e-08 1.28623e-05 0.0026985 0.00480766 3.6291e-05 0.852031 3.42708e-07 0.000313031 0.00247221 
0.00637707 0.00346952 0.00661626 2.61098e-05 0.0778213 0.000379852 0.0629203 0.0076944 0.000848383 1.12082e-05 0.00108712 0.0415313 0.00304718 0.0110811 0.000596089 1.09412e-05 0.02417 1.63145e-06 0.000125587 0.000442983 0.00414043 0.000488772 0.000117728 0.469465 0.253026 0.000262588 0.0242418 
1.66724e-07 0.072709 0.035335 0.00308567 0.0296528 0.0089564 0.0179837 0.0167235 0.022505 1.66635e-07 0.194339 0.0543128 0.0539627 0.0113614 0.00039967 1.66571e-07 0.11113 0.000266702 0.000466461 0.00298272 1.66823e-07 0.0263091 0.09798 0.225155 0.00116799 1.66854e-07 0.0132142 
0.00057778 1.27623e-05 0.00148827 0.000289411 9.08265e-06 2.78999e-06 0.000282277 0.000279018 4.86727e-06 6.61628e-06 0.000160234 1.26701e-05 3.01629e-06 0.000678426 1.11515e-05 8.27279e-06 0.000543531 6.35771e-05 9.25192e-06 1.41177e-05 1.74603e-06 0.000350821 8.16399e-06 0.99421 3.92575e-05 9.41175e-07 0.000931631 
0.013824 0.0120333 0.000435512 0.000516629 0.0111798 0.00174937 0.00289398 0.00192845 0.000798151 1.20555e-07 0.0124894 0.0192445 0.00953324 0.00887507 3.31351e-07 3.45683e-05 0.0468897 4.36077e-06 6.23318e-08 2.79558e-07 0.000357201 0.0210176 2.80064e-05 0.825748 7.64353e-05 0.00961961 0.00072272 
0.00277523 0.0119975 7.62408e-12 3.46122e-07 0.350565 1.24619e-08 1.82049e-06 0.000150398 1.23082e-07 3.27997e-11 2.28623e-12 0.0433204 0.00777487 0.0143979 5.52826e-11 1.31279e-07 1.64472e-06 3.53677e-08 3.34866e-07 3.43318e-11 0.0299027 0.0179613 4.00717e-07 0.521149 3.87101e-07 1.64241e-07 6.70509e-07 
0.000337921 0.0326505 0.0100654 0.00288129 0.0572863 0.000407193 0.0349162 0.056369 5.25445e-08 3.75185e-05 0.0436743 0.135887 0.0446792 0.0118836 5.45508e-05 1.17234e-11 0.181999 8.59039e-07 0.0170204 1.01546e-07 0.0153585 0.0469065 1.15399e-07 0.214331 9.38604e-06 0.000811318 0.0924322 
0.214167 0.0679918 0.0253606 0.0157124 0.0140939 1.37883e-06 0.000461698 0.0247977 4.76894e-09 5.11098e-05 0.0222521 0.00320087 0.0068745 0.0023493 1.95617e-05 8.10566e-09 0.00178463 0.000149527 0.000181549 0.000323517 0.00154006 0.0440646 1.80519e-06 0.545195 3.80184e-05 8.4112e-05 0.00930312 
3.66615e-05 0.0221775 0.00394983 0.106857 3.30425e-05 2.21955e-08 3.84086e-06 3.7962e-06 3.8721e-08 0.200176 0.00461393 0.00208155 0.00751111 1.19688e-08 3.18457e-06 0.000182567 2.56036e-06 5.71843e-07 1.19173e-05 9.70368e-06 0.000470609 0.00227606 6.49476e-08 0.611441 2.27154e-06 2.4942e-07 0.0381543 
4.50298e-05 0.0169833 0.000504402 0.00390948 0.0590845 0.00363162 0.000710202 0.00911639 1.77936e-07 7.09094e-05 0.316398 0.0795319 0.00203445 0.010296 6.98659e-06 1.5287e-06 0.0398549 1.22598e-05 0.000563497 0.0327336 0.00939616 0.00299122 1.56179e-05 0.390691 0.00646691 3.89358e-05 0.014911 
0.0122348 0.0748593 0.0243622 0.00133062 0.0171229 0.0943736 0.00134438 0.000251424 0.000662718 6.43646e-07 0.0215487 0.0898433 0.0141207 0.0171143 6.91863e-05 1.94589e-07 0.0109136 0.00142585 0.013032 0.0136806 8.59965e-05 0.0526835 0.00242443 0.527203 0.000112839 0.00112985 0.00806956 
1.96442e-05 0.108566 0.00864582 0.00533167 0.0149567 0.0156368 0.0108525 0.0090071 4.15558e-06 3.23951e-09 0.064087 0.0434363 0.0533497 0.0274129 4.99072e-05 0.000452495 0.018798 5.53754e-05 9.07368e-07 3.59592e-07 0.000251976 0.0283316 0.00167121 0.583863 8.46664e-07 0.00348615 0.00173187 
2.30161e-08 0.0284947 0.00342347 0.00306756 0.00358486 1.83803e-07 0.000622659 0.000399251 8.06018e-07 1.59983e-07 0.275177 0.0377927 0.0335154 0.000247984 1.47109e-05 9.96376e-11 0.000635754 4.52665e-06 0.000192746 0.000800252 2.10293e-11 0.154021 0.00905368 0.446071 1.29859e-08 1.13355e-11 0.00287913 
1.6068e-10 0.00122033 0.000380795 5.96351e-08 0.000260208 6.33808e-05 0.0804706 0.00845833 9.10602e-07 1.04428e-08 0.00295576 0.017712 0.00315651 0.000391653 1.88294e-05 3.09566e-10 0.0226596 5.11435e-06 1.83181e-05 2.2614e-06 0.228163 8.20649e-07 1.46236e-07 0.594563 0.0118908 4.83647e-06 0.0276034 
0.00610123 0.0498766 0.0166452 0.0258796 0.0766284 1.21465e-06 0.00433729 0.00651532 0.00183464 1.15194e-06 0.0172642 0.0124027 0.0118378 0.043345 7.34886e-05 4.43381e-08 0.0868256 0.000108491 0.00180359 3.71164e-08 0.0056304 0.0551192 0.0113191 0.527835 3.4039e-06 0.00981437 0.0287973 
1.54872e-06 0.000333978 0.00374401 0.00730209 0.00199962 1.08705e-08 0.00450195 7.22047e-06 1.8964e-08 0.0001754 8.57014e-05 3.1386e-09 7.8744e-05 0.000157365 4.87459e-06 0.00050654 0.000396965 3.08512e-08 0.000106756 2.69827e-08 0.00184716 0.000180255 3.18088e-08 0.88583 4.12421e-06 2.40663e-05 0.0927117 
0.00491461 0.00518917 0.138768 0.0856839 0.0120772 0.00513421 0.0141354 0.00551231 3.39753e-06 0.000135852 0.0874054 0.00323019 0.0161677 0.0104689 1.8315e-06 2.53956e-08 0.0196197 4.84018e-06 0.000472901 2.12338e-05 0.000226731 0.199579 1.51823e-05 0.285088 0.000530834 0.00068867 0.104925 
0.00725666 0.0027457 0.0012732 4.19192e-05 0.0380515 6.40868e-05 0.0409105 0.000177221 0.000869298 1.77942e-05 4.91407e-05 0.00796482 0.000905205 0.00612777 2.50052e-05 1.74899e-05 0.0108003 2.60225e-06 3.35702e-05 0.000325969 0.00318356 0.000168778 1.37845e-05 0.489059 0.382174 0.000122622 0.00761944 
0.00177316 0.0368472 0.0283342 0.0461117 0.0674789 0.00667336 0.00405773 0.0061629 0.000104127 0.000173699 0.117974 0.0100931 0.0523695 0.0141971 3.56775e-05 0.00825105 0.0703749 2.52476e-05 0.000931043 0.00178075 0.000326955 0.0381623 0.000795476 0.467383 0.00020771 0.00539507 0.0139807 
0.00358217 0.0688336 0.0195903 0.00341439 0.0827833 0.255856 0.000638925 0.0110312 0.000109947 1.62934e-07 0.042575 0.160265 0.00822275 0.0327575 9.96851e-06 4.05978e-10 0.00368181 0.000209602 3.00316e-07 7.92955e-05 7.52181e-05 0.0156469 4.64663e-05 0.282022 4.52098e-06 2.52917e-05 0.00853845 
5.24822e-06 0.0598767 0.0105084 5.2501e-06 5.25279e-06 5.25007e-06 5.25135e-06 0.0351704 0.00105476 5.24543e-06 0.0336237 0.02049 0.0325709 0.0934839 5.23992e-06 5.24342e-06 0.0262681 5.24385e-06 5.24222e-06 5.24506e-06 5.25133e-06 5.25155e-06 5.24355e-06 0.686864 5.25163e-06 5.25231e-06 5.25202e-06 
1.37474e-06 3.21518e-07 3.98114e-07 0.00045115 0.0110814 4.62196e-10 0.056586 0.000851355 8.06321e-10 1.09607e-09 7.6399e-11 6.99392e-07 2.74204e-09 0.00079475 1.84738e-09 1.37049e-09 0.0200222 1.31174e-09 1.53269e-09 1.14726e-09 5.40709e-06 0.00045304 1.8819e-06 0.844962 3.9667e-08 0.00190818 0.0628796 
0.00255401 0.045536 0.237311 0.000755772 0.156815 0.0091516 0.0627783 2.70877e-05 0.00263994 1.72521e-05 0.0691881 0.0624142 0.0190996 0.0214004 0.00162883 0.000651779 0.0111255 0.0002779 0.000562452 0.000623325 0.0012537 0.00976404 3.79016e-05 0.270006 0.00429569 0.000721076 0.00936299 
0.000393306 0.0429864 9.31584e-05 3.34866e-05 0.00760971 0.0233612 0.000202032 0.000473168 0.000126552 3.21895e-07 0.0399884 0.398491 0.0211001 0.0172833 9.40317e-05 9.9401e-09 0.00316433 7.66549e-07 0.000132121 8.22975e-05 0.0003555 0.0127738 0.000121804 0.430896 9.63596e-07 8.73907e-05 0.000148846 
0.00110298 3.50563e-08 0.0013111 3.75903e-08 0.0108258 1.90142e-08 0.0394156 0.00383059 3.55571e-07 2.37705e-08 0.00292191 0.149598 0.00909038 0.0022392 1.36765e-10 1.0146e-10 0.265388 9.71115e-11 0.000291336 7.44241e-06 0.00409938 1.41746e-07 0.0086396 0.444455 0.00294536 7.01266e-05 0.0537681 
4.87352e-05 0.0397392 0.00509842 0.00217688 0.0111699 0.00180595 0.0202105 0.00137894 3.67668e-06 3.38738e-07 0.0774675 0.00753585 0.0761332 0.000857521 4.3195e-06 6.25431e-10 0.147055 0.00239227 0.00107738 3.45103e-06 0.00120825 0.00797445 2.28525e-05 0.56943 0.00218917 0.00916775 0.0158489 
0.00129649 0.0153992 0.0107463 0.0104138 0.0228269 0.225961 0.00222729 0.00335805 0.00918174 9.31958e-09 0.0454582 0.0140434 0.0194055 0.0155283 2.8956e-07 1.76376e-07 0.00374173 1.14606e-05 0.00195755 5.79091e-07 0.000399887 0.0168974 0.00052818 0.575176 0.000316697 0.00143023 0.0036936 
0.00940088 0.101481 0.0619145 0.0256737 0.0702113 2.33181e-06 0.00236503 0.00054734 0.00060201 2.88739e-09 0.0312656 3.21988e-08 0.0792607 6.78716e-06 8.61151e-07 0.000128286 0.0188107 3.58623e-05 4.0376e-09 1.535e-05 0.00104049 0.0162066 4.56875e-05 0.559681 8.87405e-07 0.00121169 0.0200911 
0.00628003 0.0459792 0.00211648 0.0227744 0.00125411 8.99011e-09 0.000499073 0.000812858 1.59826e-06 0.00100438 0.00410994 0.000432933 0.00078158 9.97144e-07 6.71551e-07 2.66571e-08 0.00713515 3.05585e-06 1.61185e-06 2.23153e-08 0.000467482 0.010024 1.5926e-07 0.870051 4.86666e-09 2.176e-05 0.0262474 
0.0007245 0.0320442 0.0344938 0.00751678 0.00131492 0.0717534 0.000540224 0.000627905 3.78488e-07 8.70467e-07 0.0258285 0.0255399 0.0521181 0.00305526 6.67525e-06 4.50992e-07 0.00070882 0.000153839 0.000941745 8.02568e-06 5.79195e-05 0.0780358 1.46248e-05 0.654869 1.96752e-05 0.00908348 0.000541677 
0.00574847 0.0266622 0.00994016 0.15337 0.0210483 0.000462574 0.0312948 0.00323756 3.48009e-07 5.10858e-07 0.0160154 0.0244148 0.0600304 0.00104129 0.00473465 0.00226693 0.14602 1.94276e-05 0.0592629 2.21081e-05 0.0156598 0.121963 0.000422229 0.221328 8.52994e-06 0.0035161 0.0715107 
0.00210713 0.0115164 0.0165267 0.000741077 0.0703411 0.0134542 0.0465319 0.0222902 0.00252411 7.27415e-06 0.11393 0.103489 0.0503941 0.00844572 0.000446191 2.01603e-06 0.128915 0.000921472 0.000131767 0.00152475 0.0561744 0.0310206 0.000656934 0.188776 0.0671115 0.000592371 0.0614287 
0.00256163 0.0575688 0.00104916 0.00637975 0.0237834 4.74222e-05 0.0170897 0.0357928 1.53038e-05 1.42516e-05 0.0712228 0.0222494 0.0361444 0.00105746 9.52865e-06 5.39853e-10 0.0916939 0.00140849 0.00235125 4.67763e-06 0.00301112 0.0213305 8.99173e-05 0.348249 0.000657559 0.00741176 0.248806 
0.00126472 0.00640332 0.00295161 0.000443352 0.0447869 0.0518576 0.000738176 0.00952973 0.000104938 7.12583e-05 0.136387 0.0949042 0.0457271 0.0325606 1.08935e-05 0.000494387 0.018947 8.50345e-05 0.000112077 5.97263e-05 0.020435 0.0149984 8.87863e-05 0.489613 0.0174108 0.00717143 0.0028429 
1.05354e-05 0.0127149 0.00834459 0.00727269 0.00214739 0.0917701 0.00510892 0.0185979 3.82983e-08 3.16582e-05 0.00706115 0.00773738 0.00646259 0.0622149 4.95514e-05 6.50947e-08 9.98162e-06 6.23046e-08 1.57377e-05 0.000882877 8.35521e-07 0.00360662 7.46593e-05 0.765856 2.65477e-07 2.6967e-05 1.28808e-06 
0.00130227 0.0138989 0.00986057 0.000144564 0.0546599 0.000865594 0.0301333 0.0809624 0.000258379 1.07602e-08 0.0240982 0.225509 0.027687 0.00509978 6.68244e-08 4.46262e-08 0.142966 9.244e-08 0.000896399 0.00704663 0.00508823 0.00133015 0.00866989 0.313145 0.00144936 0.00290862 0.0420194 
1.87432e-10 0.00131891 0.00775003 4.05534e-05 0.020612 0.00136862 0.0299321 0.00387209 0.000468325 2.12913e-05 0.0670223 0.00450824 0.0128152 0.00335085 0.000138283 3.19445e-11 0.016937 1.91161e-08 9.75484e-06 2.43811e-06 0.0936327 0.000133515 0.000238441 0.347794 0.29124 4.27367e-05 0.096751 
0.00328156 0.0572467 0.0537556 0.0115431 0.00487052 0.0130789 0.000701387 0.0109469 5.20546e-07 8.58023e-05 0.0558694 0.194556 0.214816 0.0129028 1.19203e-05 0.00013017 0.00963765 0.0109905 6.17171e-05 0.0795224 0.000657067 0.0175091 1.1004e-05 0.218112 5.90604e-05 0.000514413 0.029128 
0.000633205 0.013677 4.50671e-05 0.000451106 0.028488 0.000386811 0.00471389 0.000710961 4.09648e-07 1.37481e-05 0.0401634 0.0100827 0.00836399 0.000564932 6.48375e-05 9.74774e-06 0.0194632 4.68776e-06 0.000336511 3.68146e-05 0.00197221 0.017641 1.73714e-05 0.845237 3.96775e-06 0.000247967 0.00666904 
0.000539326 0.00310263 0.00126558 5.38826e-05 0.00294101 0.000521914 0.000877645 0.00102265 0.00307636 1.41848e-08 0.0120599 0.00211574 0.00220418 0.00154864 5.60697e-06 0.000262764 0.00406006 1.17212e-05 1.14664e-08 5.45113e-08 1.2279e-05 0.00129712 2.10916e-06 0.96276 2.32765e-06 5.54469e-08 0.000255973 
0.00354351 0.0222624 0.00489172 0.00490295 0.0562409 0.00637856 0.00816674 0.0321695 0.000608713 0.00029664 0.110605 0.114178 0.0448146 0.00970526 9.73959e-05 1.06728e-06 0.223313 3.67466e-05 0.000167738 0.000562032 0.0142539 0.0274592 0.00853552 0.245062 0.0309097 0.0165999 0.0142364 
0.00350514 0.106681 0.00411647 0.0251305 0.0284763 0.000751782 0.00252867 0.167067 7.78639e-06 2.83993e-07 0.00445255 0.141007 0.0580525 0.00169784 1.40597e-09 0.00218223 0.0311921 5.75017e-05 0.000368404 2.56849e-07 0.000606536 0.130006 0.000190882 0.269533 4.49301e-05 1.99337e-05 0.0223236 
0.0750281 0.0832846 0.0872865 0.00181294 9.54159e-07 0.0105867 0.0247069 0.00495855 0.0358415 9.52822e-07 9.54179e-07 0.0360659 9.54111e-07 0.0678266 0.00456969 0.0114304 0.0527636 0.000572474 9.5224e-07 0.0154356 9.53895e-07 9.53935e-07 0.00295364 0.37659 0.0545667 9.54072e-07 0.0537123 
0.0131994 0.0846187 0.00833535 0.10685 0.0167882 0.0466848 0.00503825 0.00685778 0.00053001 8.62197e-06 0.0933197 0.0394963 0.00906017 0.0920376 2.78889e-05 0.0355653 0.00513046 6.17315e-06 3.56197e-05 2.70405e-05 0.00123955 0.0266516 1.16704e-05 0.351351 3.42012e-05 0.000255887 0.0568381 
1.28409e-05 0.0630723 8.22104e-09 0.000716189 0.0395682 3.30603e-12 0.125193 8.11503e-07 3.82987e-05 1.00961e-05 0.123993 0.104212 0.0531077 0.00339644 0.00326886 5.03089e-06 0.184724 3.61178e-08 0.000533155 8.20625e-12 0.0014105 0.082598 0.000727821 0.208833 2.7595e-08 0.000103803 0.00447464 
5.21076e-06 0.0156439 0.000248158 8.01419e-05 0.0164856 0.000282057 0.00220376 0.000476977 2.23082e-05 2.00557e-08 0.0254194 0.0214899 0.00272105 0.0156164 6.46428e-07 1.17792e-10 0.0156432 0.000204584 1.24336e-06 6.84054e-08 0.000533148 0.0107884 0.00211542 0.829625 2.51991e-07 0.0399589 0.000434347 
0.000125233 0.0117632 0.0149447 0.000370233 0.038842 0.00230244 0.0650926 0.00141356 0.0013939 4.64466e-06 0.134948 0.14096 0.109834 0.00590611 0.000388907 4.47554e-07 0.105228 4.72846e-06 8.15716e-05 0.000468043 0.0417603 0.00893994 0.000134386 0.233634 8.81615e-05 0.0162158 0.0651561 
2.3593e-09 0.00483119 0.0122342 0.000476912 0.000671561 0.000140231 0.0117612 0.0110285 1.83525e-05 3.63527e-09 0.0062368 0.00254719 0.00387447 3.9228e-05 0.000705033 4.54543e-09 7.91562e-06 4.35061e-09 5.08341e-09 1.46492e-06 7.6602e-06 0.0547623 0.000243956 0.890365 8.29837e-10 3.49375e-05 1.2071e-05 
0.00811486 0.0248599 0.0144675 0.000843799 0.036912 0.00377318 0.0197387 0.000157199 0.0157414 1.44632e-05 0.106439 0.0205511 0.0423785 0.00323574 1.3571e-05 1.00516e-09 0.0352112 0.0182613 0.00376876 0.00203192 0.00104096 0.0159141 0.000577977 0.544115 0.0230569 0.0159719 0.0428092 
0.0215611 0.0740489 0.00641599 0.00131659 0.00517158 0.0108532 0.00854043 0.00978704 6.89899e-05 5.54995e-06 0.0181884 0.04858 0.0280938 0.00567659 5.96012e-06 0.00794313 0.118053 2.31828e-05 0.000617665 7.10782e-05 0.00448836 0.187839 0.0164786 0.410024 5.14061e-05 9.94318e-05 0.0159967 
0.000124465 0.000201532 0.0912114 3.1642e-05 0.00010161 6.7925e-05 0.111441 0.328409 2.02968e-05 0.000221343 1.5714e-08 4.02552e-06 1.90877e-05 5.1264e-08 4.02198e-05 2.81886e-07 0.0019362 2.69804e-07 3.15249e-07 2.35973e-07 5.94941e-08 0.000120652 2.78179e-07 0.465694 1.69985e-05 1.79384e-05 0.000319669 
2.17847e-07 0.0265612 0.00304229 0.00573168 0.0272348 0.00153355 0.00766265 0.000655325 0.000464443 0.000265374 0.0576238 0.0455632 0.0381854 0.00763435 9.58442e-07 1.00981e-08 0.039117 1.25931e-05 0.000533029 0.00119194 7.38152e-05 0.171551 0.00215919 0.516577 0.0191061 0.00538852 0.0221301 
0.00255401 0.045536 0.237311 0.000755772 0.156815 0.0091516 0.0627783 2.70877e-05 0.00263994 1.72521e-05 0.0691881 0.0624142 0.0190996 0.0214004 0.00162883 0.000651779 0.0111255 0.0002779 0.000562452 0.000623325 0.0012537 0.00976404 3.79016e-05 0.270006 0.00429569 0.000721076 0.00936299 
7.5097e-07 0.0486592 0.00182069 0.00341943 0.0726823 0.00102657 0.00666543 0.130031 0.000477893 1.75893e-07 0.041356 0.00400906 0.116301 0.0153821 0.000126417 4.43879e-05 0.00106796 0.000219956 4.4153e-05 1.84109e-07 0.000578327 0.0182825 0.00118086 0.53431 2.37827e-05 0.00175946 0.000530897 
0.000201435 0.069297 0.154383 2.54349e-08 0.045611 0.0102077 1.87596e-05 0.0465383 3.6411e-05 4.27333e-05 0.0191328 0.00594571 0.00117726 0.0132053 1.50724e-05 7.62511e-08 0.023553 5.53817e-05 8.52759e-08 0.0025085 8.86418e-06 0.00532868 0.0107349 0.584268 0.000136059 3.80295e-05 0.00755593 
0.000155786 0.0597806 0.032357 0.00875593 0.0744049 0.0085576 0.0347359 0.00213735 0.00413972 6.13236e-06 0.136094 0.0623126 0.0327911 0.014771 1.70477e-05 1.96498e-06 0.193046 0.00149911 0.000262774 0.0024066 0.0241174 0.00686348 0.00331222 0.258402 0.00731968 0.0107854 0.0209664 
0.00488848 0.0337777 0.0203765 0.00311754 0.0387544 0.0303512 0.0108589 0.00415745 0.000679571 1.76073e-05 0.176567 0.130026 0.0343413 0.0311811 0.000234021 0.000173011 0.0843836 6.7782e-05 0.000775382 0.00192339 0.00691447 0.0119311 0.0026426 0.335206 0.00230209 0.010117 0.0242351 
0.00461181 0.0847238 0.0103277 4.59499e-07 0.0157021 3.7456e-06 0.0666167 7.82948e-05 0.000691339 1.53489e-09 2.37329e-07 0.0712479 0.0395424 0.00469792 1.18123e-05 4.72678e-05 0.00277725 0.00289789 6.28812e-05 1.61811e-06 0.000777271 0.0110462 5.33097e-07 0.683107 0.00036328 0.000238281 0.000423756 
1.71543e-06 0.0180664 0.0271365 2.04034e-05 0.00499499 1.4326e-09 1.98447e-06 3.37305e-05 2.49923e-09 4.83357e-07 0.100509 2.1468e-07 0.252481 1.16493e-06 5.72602e-09 4.24788e-09 0.0896016 5.84991e-06 1.7254e-07 1.86753e-05 7.7809e-07 0.159553 3.75501e-06 0.329077 5.75976e-07 1.37033e-07 0.0184908 
1.38738e-06 0.0309087 0.00495413 0.000950479 0.00916654 0.00801225 0.000746591 1.97668e-05 0.00014636 1.86703e-06 0.0956535 0.185367 0.0111587 0.0281288 1.06262e-05 0.000314775 0.0779984 3.53416e-06 2.3812e-06 0.000344711 0.000216041 0.00294435 0.16728 0.374867 8.76003e-07 0.000561762 0.000238651 
8.13029e-08 0.0119697 0.0189281 1.89287e-06 1.82363e-06 0.000176399 0.00610905 0.00140361 0.000342719 6.39847e-05 0.000524673 0.000671487 0.000806457 0.00049711 7.63254e-05 8.73775e-09 0.00110982 9.67397e-07 2.14797e-05 0.000124957 0.0373393 1.35751e-08 8.62284e-09 0.683137 0.235684 1.04422e-06 0.00100748 
0.00694937 0.217176 0.0142045 0.0128063 0.0610334 0.0103025 0.0186376 0.0177401 0.0020244 0.000591105 0.139767 0.0428653 0.0382697 0.0177421 0.000320857 0.00264038 0.106138 0.00206961 0.0090837 0.00108726 0.00707867 0.0213745 0.000674392 0.222729 0.00155186 0.00638136 0.0187608 
0.00307821 0.0158896 8.75302e-05 0.00399336 0.00347647 0.000911331 0.002047 0.016101 6.49406e-06 3.50572e-06 0.0919896 0.0359306 0.0617539 0.00117756 2.46987e-06 1.18303e-10 0.00921467 1.88104e-05 7.2804e-06 1.27082e-07 0.000585164 0.185238 1.43002e-05 0.5565 3.18639e-06 5.35107e-05 0.0119169 
0.00749089 0.0991106 0.0232285 0.000224796 0.0204736 0.232952 0.005 7.02468e-05 0.000194986 0.000847424 0.0375869 0.0664564 0.0134697 0.0244716 7.3151e-07 2.39641e-06 0.097356 4.88903e-05 0.00101427 0.0162493 0.00940168 0.00401236 0.000115049 0.309484 0.000145975 0.0172364 0.0133553 
0.00725666 0.0027457 0.0012732 4.19192e-05 0.0380515 6.40868e-05 0.0409105 0.000177221 0.000869298 1.77942e-05 4.91407e-05 0.00796482 0.000905205 0.00612777 2.50052e-05 1.74899e-05 0.0108003 2.60225e-06 3.35702e-05 0.000325969 0.00318356 0.000168778 1.37845e-05 0.489059 0.382174 0.000122622 0.00761944 
0.00415766 0.0412214 0.000543288 0.0104142 0.0322217 0.034962 0.00192615 0.00462338 0.000286534 2.72292e-06 0.141124 0.0847607 0.0509016 0.00889315 3.20678e-05 1.16189e-05 0.017904 0.000151984 0.0275729 1.18001e-05 0.0029199 0.161569 1.45945e-05 0.340266 8.54444e-05 0.000683811 0.032738 
0.00156063 0.0666873 0.00950131 0.0135796 0.0223223 0.0675752 0.0169356 0.00219954 0.0022835 4.18151e-05 0.172335 0.0911536 0.202447 0.00821667 9.26224e-06 7.34239e-05 0.0169349 0.00333755 0.000700345 0.00107403 0.0017431 0.047646 0.000926837 0.215721 0.00708306 0.0100499 0.017862 
0.00152412 0.0539763 0.00596398 0.0405467 0.00953184 0.00205034 0.103517 0.000266829 0.000331875 1.80858e-07 0.171358 0.0130004 0.0600991 0.0183303 0.00235909 1.13577e-10 0.0236937 0.000527356 0.00409342 0.000141362 0.00101448 0.0589383 9.03657e-06 0.342622 0.000108951 0.0135949 0.0724003 
3.68373e-05 0.0260241 0.00132667 2.2931e-05 0.0114266 0.0132182 9.96712e-05 0.00207141 2.44633e-07 3.76389e-05 0.149177 0.0279902 0.0162167 0.0180095 1.38019e-06 1.57813e-07 0.0142257 4.13714e-06 0.000321072 3.46075e-05 2.94635e-06 0.00770085 0.00119302 0.707711 2.13842e-07 0.00265377 0.000493714 
0.00601623 0.0825008 0.00372988 0.0819633 0.00089869 1.72042e-09 1.07625e-09 0.000548828 9.02897e-07 0.00563599 0.00158915 0.000318862 0.000127319 9.2773e-10 6.87643e-09 5.10132e-09 0.0127408 4.88267e-09 5.70509e-09 4.27043e-09 0.00137141 0.00576296 5.03423e-09 0.791299 9.31322e-10 5.80364e-10 0.00549562 
0.00725666 0.0027457 0.0012732 4.19192e-05 0.0380515 6.40868e-05 0.0409105 0.000177221 0.000869298 1.77942e-05 4.91407e-05 0.00796482 0.000905205 0.00612777 2.50052e-05 1.74899e-05 0.0108003 2.60225e-06 3.35702e-05 0.000325969 0.00318356 0.000168778 1.37845e-05 0.489059 0.382174 0.000122622 0.00761944 
2.30161e-08 0.0284947 0.00342347 0.00306756 0.00358486 1.83803e-07 0.000622659 0.000399251 8.06018e-07 1.59983e-07 0.275177 0.0377927 0.0335154 0.000247984 1.47109e-05 9.96376e-11 0.000635754 4.52665e-06 0.000192746 0.000800252 2.10293e-11 0.154021 0.00905368 0.446071 1.29859e-08 1.13355e-11 0.00287913 
0.00776066 0.00657105 0.000163741 0.000675425 0.0202422 0.00154195 0.000502356 0.00110692 5.45292e-05 4.09002e-09 0.101514 0.0562358 0.0792652 0.0277615 0.000275505 5.13573e-11 0.0336304 0.000560647 2.86208e-05 1.66708e-05 0.00385129 0.0392986 0.000272064 0.601503 1.94021e-07 0.00887136 0.00829558 
0.00397586 0.0707358 0.192701 3.88246e-05 0.0582651 0.000404662 0.021923 0.000986981 0.0269772 7.56159e-06 0.0121341 0.0921034 0.0127554 0.089866 1.74421e-05 0.00263498 0.0499651 0.00660902 1.08192e-07 8.29801e-06 0.00169336 0.00259473 4.56622e-07 0.211628 0.000325423 4.53238e-05 0.141603 
5.48813e-05 0.00408533 0.00518484 0.000592797 0.0141612 0.0046834 0.004071 0.00132586 0.0186897 7.37605e-06 0.24245 0.0389806 0.0387149 0.00652504 1.52956e-05 5.73156e-08 0.00782181 6.70955e-06 0.000213743 0.000604325 0.0148634 0.0711845 0.00476514 0.485036 0.00270006 0.0313399 0.00192193 
0.00111683 0.000577837 0.015726 0.00108879 0.0609971 1.96374e-05 0.071072 0.00703838 0.000322841 2.2029e-07 0.00380401 0.00462638 0.0032882 0.00521498 1.55684e-07 1.00365e-06 0.262672 6.33483e-07 1.41555e-06 6.46898e-09 0.0017238 0.00435931 0.00021175 0.503044 2.92807e-06 0.00249868 0.0505915 
