0.00725666 0.0027457 0.0012732 4.19192e-05 0.0380515 6.40868e-05 0.0409105 0.000177221 0.000869298 1.77942e-05 4.91407e-05 0.00796482 0.000905205 0.00612777 2.50052e-05 1.74899e-05 0.0108003 2.60225e-06 3.35702e-05 0.000325969 0.00318356 0.000168778 1.37845e-05 0.489059 0.382174 0.000122622 0.00761944 
0.00748434 0.0424259 0.00479646 0.0103945 0.0251654 0.00247044 0.204259 0.00757022 0.000686924 0.000240658 0.054788 0.133562 0.0466117 0.00556673 0.000367338 0.000633491 0.0276044 0.00116619 0.0119494 0.000534221 0.00253955 0.02387 2.35219e-05 0.254477 0.0983771 0.000974785 0.0314603 
8.89254e-05 0.00499587 0.0170178 0.0121775 0.0965454 0.00637096 0.00160866 0.0112717 0.000309658 4.19713e-07 0.19567 0.1701 0.00463686 0.0202441 6.38952e-06 0.0034553 0.0263176 5.12351e-05 0.000636442 0.000488561 0.00411082 0.00343947 0.00660947 0.385332 6.10432e-06 0.00157621 0.0269325 
1.66724e-07 0.072709 0.035335 0.00308567 0.0296528 0.0089564 0.0179837 0.0167235 0.022505 1.66635e-07 0.194339 0.0543128 0.0539627 0.0113614 0.00039967 1.66571e-07 0.11113 0.000266702 0.000466461 0.00298272 1.66823e-07 0.0263091 0.09798 0.225155 0.00116799 1.66854e-07 0.0132142 
0.00162998 0.0502182 0.0228822 0.116468 0.0452654 0.00817076 0.0598601 0.0143112 0.000870699 6.35531e-07 0.0617696 0.0362345 0.0484087 0.0117746 7.79954e-05 0.000676747 0.0772447 0.000209426 0.00376439 0.000367276 0.00326386 0.0248944 5.89972e-05 0.402203 1.59683e-05 0.000657836 0.00870148 
0.00381104 0.215739 4.2819e-06 0.020781 0.0143264 0.0952451 0.00109989 0.0454531 2.21689e-08 9.94873e-06 0.0013109 0.0102525 0.00588895 0.00500033 1.3364e-06 3.76799e-08 0.0141828 3.60649e-08 4.21396e-08 0.0927372 0.01881 0.182032 3.71844e-08 0.26995 7.0384e-06 0.000165591 0.00319235 
0.00463408 0.00899561 0.000266645 0.013512 0.044321 0.00151586 3.8428e-05 0.0109115 5.58502e-07 2.78639e-06 0.0790274 3.9067e-05 0.00882583 0.00466568 5.42112e-06 9.49274e-07 0.0134083 0.027356 5.70031e-06 9.1327e-05 0.00275753 4.24484e-05 0.00131866 0.777391 9.72609e-07 8.98636e-06 0.000856081 
3.04955e-05 0.00626002 0.00268898 0.000344516 0.0133848 0.0442988 0.00049483 0.000563889 0.000148183 9.0672e-07 0.143079 0.00634704 0.245839 0.0102992 2.24534e-05 1.25856e-06 0.0123773 0.000395483 3.5334e-05 1.43793e-06 0.00296059 0.0485499 0.00243924 0.396747 0.000277041 0.0596112 0.00280084 
0.000428977 0.00547384 0.00439297 0.00234171 0.129739 0.000192871 2.78425e-05 0.00741501 0.000203379 8.39852e-06 0.0128923 0.013885 0.00864045 0.00238039 0.000170908 5.43743e-07 0.00198025 2.24221e-05 2.25466e-06 4.55179e-07 0.00128458 0.00330658 0.00341868 0.799326 3.82992e-07 0.0012135 0.00125162 
3.27926e-08 0.0207001 0.0818911 0.000116439 0.0214209 0.000570702 0.000767829 0.00213768 0.000138016 1.34983e-05 0.245976 0.0200658 0.0728126 0.005238 0.000467289 0.165085 0.0331706 0.000487838 0.000616497 0.000350534 1.12202e-05 0.00165647 0.000138051 0.324641 3.85588e-05 0.000166445 0.00132166 
0.00255576 0.0459723 0.00664444 0.00647585 0.0097683 0.0668545 0.00149811 0.0099184 0.000310824 7.45135e-06 0.0264299 0.118678 0.0103547 0.00228605 1.01909e-06 0.025015 0.010397 1.31923e-05 0.00267943 1.6888e-06 8.85123e-06 0.00480898 0.000617091 0.64839 1.50305e-05 0.000178024 0.000119591 
0.0021311 0.0797417 0.00132835 0.000968897 0.00954526 0.0156704 0.00417828 0.00813572 0.000192288 4.91328e-06 0.122149 0.0429135 0.158457 0.00647471 0.000703867 5.95449e-07 0.00547341 7.20023e-06 0.000114293 5.92254e-05 0.002118 0.208399 5.02813e-07 0.320164 1.74331e-08 0.000111506 0.0109567 
0.00377333 0.013155 0.00844842 0.00343628 0.0126008 0.0358224 0.00111712 0.0013596 0.0110866 7.13481e-06 0.0717957 0.0197339 0.0429614 0.00433783 1.87584e-05 1.37088e-08 0.0408777 3.85777e-05 0.00167786 0.000162966 0.0098029 0.0108415 0.00115919 0.683126 4.33367e-05 0.000961328 0.0216543 
1.11691e-06 0.220077 0.0372055 2.63632e-05 9.04127e-05 1.77263e-05 1.14235e-05 0.000863027 1.70277e-05 1.72096e-06 0.152997 0.178309 0.000112487 0.0171499 1.27299e-05 2.15184e-06 1.84846e-05 2.14805e-05 2.40652e-06 1.80135e-06 3.24389e-05 3.85272e-05 7.53353e-05 0.386809 3.92851e-07 1.01818e-05 0.00609486 
0.000786903 0.0263212 0.00549254 0.00388401 0.0110848 0.117739 0.00197014 0.0023659 0.00352815 7.3755e-06 0.0571322 0.0610416 0.0355712 0.0057927 1.03762e-05 0.000613049 0.0113947 0.000386443 0.000278927 3.05987e-05 0.00729307 0.0496697 0.00155016 0.582319 0.0086993 0.00204181 0.00299525 
0.00277523 0.0119975 7.62408e-12 3.46122e-07 0.350565 1.24619e-08 1.82049e-06 0.000150398 1.23082e-07 3.27997e-11 2.28623e-12 0.0433204 0.00777487 0.0143979 5.52826e-11 1.31279e-07 1.64472e-06 3.53677e-08 3.34866e-07 3.43318e-11 0.0299027 0.0179613 4.00717e-07 0.521149 3.87101e-07 1.64241e-07 6.70509e-07 
0.000545434 0.000167395 0.025135 0.000337612 0.0119003 0.000122904 0.000278553 3.14365e-05 4.0413e-09 1.19905e-05 0.202595 0.0466495 0.0348784 0.00127526 7.70763e-05 6.8689e-09 0.213143 3.34739e-05 0.00145867 0.0145219 0.00105808 0.0681233 1.89954e-05 0.328434 5.73293e-06 0.0123489 0.0368482 
0.00025624 0.000659455 0.000923534 4.23177e-05 0.0121877 7.47514e-05 0.0536883 0.00162239 2.29297e-05 1.81535e-05 0.0027731 0.0328114 0.00272598 0.00295103 1.91834e-05 2.67956e-08 0.0618813 8.5968e-08 9.06883e-05 0.00467935 0.0575048 0.000310716 0.00080855 0.480499 0.243812 0.000217661 0.0394187 
0.00137251 0.0228634 0.0181162 0.0142788 0.0454647 0.0350384 0.0133632 0.00193095 0.00175002 0.000172369 0.28449 0.0871926 0.0511462 0.0193809 0.000104247 0.000883569 0.0246102 0.00854223 0.000185679 0.00134727 0.00528336 0.0214471 0.000643818 0.303186 0.00452447 0.00766914 0.0250131 
0.00725666 0.0027457 0.0012732 4.19192e-05 0.0380515 6.40868e-05 0.0409105 0.000177221 0.000869298 1.77942e-05 4.91407e-05 0.00796482 0.000905205 0.00612777 2.50052e-05 1.74899e-05 0.0108003 2.60225e-06 3.35702e-05 0.000325969 0.00318356 0.000168778 1.37845e-05 0.489059 0.382174 0.000122622 0.00761944 
0.00129834 0.20252 2.28574e-05 0.00367309 0.167053 0.000134017 0.0841967 0.00963743 4.20529e-06 3.14225e-06 0.00440146 0.0185756 0.00783771 0.00113158 8.66242e-06 3.96136e-09 2.37411e-06 0.000129143 3.97846e-07 2.82633e-05 0.0334088 0.0419527 0.00758414 0.404243 4.46121e-06 0.000608045 0.0115413 
0.000243438 0.00532859 0.00459899 0.00411844 0.0462999 0.0107829 0.0227495 0.00198683 5.18814e-05 4.66668e-07 0.0407111 0.12301 0.0175391 0.00163342 3.1108e-06 9.57192e-07 0.0728586 4.73579e-05 0.000156846 0.000875049 0.0143014 0.0204159 2.89835e-05 0.32002 4.67787e-05 0.0203268 0.271864 
0.00437808 0.0607851 0.00569509 0.010005 0.0390206 0.0166129 0.000776315 0.0813696 0.000228812 1.48018e-07 0.0178751 0.0544857 0.210764 0.00332522 8.09212e-08 2.2154e-09 0.00396754 0.000150323 0.0147122 4.05529e-05 0.00370854 0.138882 0.000155941 0.327455 1.59652e-05 0.000224357 0.00536598 
0.0353499 0.0412387 0.00364208 0.00994544 0.0334999 0.0041486 0.000561728 0.0395168 4.23156e-06 1.56017e-08 0.143774 0.0274009 0.00294056 0.00290931 1.87153e-05 3.29104e-10 0.126148 3.14998e-10 4.32262e-06 4.8298e-06 0.00250952 0.0192441 3.92912e-08 0.455092 1.18915e-05 0.034949 0.0170848 
0.00725666 0.0027457 0.0012732 4.19192e-05 0.0380515 6.40868e-05 0.0409105 0.000177221 0.000869298 1.77942e-05 4.91407e-05 0.00796482 0.000905205 0.00612777 2.50052e-05 1.74899e-05 0.0108003 2.60225e-06 3.35702e-05 0.000325969 0.00318356 0.000168778 1.37845e-05 0.489059 0.382174 0.000122622 0.00761944 
1.28409e-05 0.0630723 8.22104e-09 0.000716189 0.0395682 3.30603e-12 0.125193 8.11503e-07 3.82987e-05 1.00961e-05 0.123993 0.104212 0.0531077 0.00339644 0.00326886 5.03089e-06 0.184724 3.61178e-08 0.000533155 8.20625e-12 0.0014105 0.082598 0.000727821 0.208833 2.7595e-08 0.000103803 0.00447464 
0.00103713 0.0149615 0.0647709 0.00179535 0.00474848 0.0994939 0.00194974 0.0361057 0.000649139 9.35086e-07 0.0938009 0.0525028 0.0409596 0.00246078 5.14268e-06 1.1692e-06 0.033991 3.23535e-05 0.00638576 0.000360165 3.5801e-05 9.14751e-05 0.000495527 0.538731 0.000190803 1.33017e-07 0.00444317 
1.37474e-06 3.21518e-07 3.98114e-07 0.00045115 0.0110814 4.62196e-10 0.056586 0.000851355 8.06321e-10 1.09607e-09 7.6399e-11 6.99392e-07 2.74204e-09 0.00079475 1.84738e-09 1.37049e-09 0.0200222 1.31174e-09 1.53269e-09 1.14726e-09 5.40709e-06 0.00045304 1.8819e-06 0.844962 3.9667e-08 0.00190818 0.0628796 
0.00478901 0.0238017 0.0160934 0.00020514 0.00599118 0.0102517 0.0969516 0.0276223 0.000479923 2.83081e-06 0.000903632 0.0148452 0.00328732 0.00436029 9.26865e-07 5.63878e-07 0.0130488 2.79129e-05 0.000237773 7.84114e-06 0.00816974 0.00307977 5.09622e-06 0.466072 0.292556 0.000122749 0.00708525 
4.71823e-05 0.00676717 0.000734427 0.00026434 0.0162525 0.0237382 9.86901e-05 0.00014176 2.74314e-05 3.20348e-06 0.133122 0.172785 0.023798 0.0160793 1.09722e-05 2.57563e-05 0.0153033 6.25646e-07 2.04959e-05 1.01974e-05 0.0151544 0.0252997 0.000145013 0.525176 0.00595677 0.0188682 0.000169291 
0.00100661 0.00193477 0.00475493 0.000616013 0.00905024 2.1226e-05 0.00535848 0.0298881 0.000222765 7.57604e-06 0.157792 0.0242217 0.042357 0.00040914 5.44573e-07 3.72449e-06 0.256034 1.81619e-06 6.98117e-05 3.23836e-05 0.00100584 0.0172787 6.96554e-06 0.289778 3.15507e-05 0.000738834 0.157378 
0.00445919 0.0391835 0.000151546 0.0655638 0.0123279 0.00253131 0.00466027 1.91566e-05 8.73423e-05 5.2174e-06 0.141153 0.0251069 0.0877825 0.000545379 7.97448e-06 1.0408e-09 0.0397575 6.6568e-06 0.000789558 0.00360764 0.000524256 0.113946 0.000281457 0.351078 2.4722e-05 0.0185973 0.0878025 
0.00277523 0.0119975 7.62408e-12 3.46122e-07 0.350565 1.24619e-08 1.82049e-06 0.000150398 1.23082e-07 3.27997e-11 2.28623e-12 0.0433204 0.00777487 0.0143979 5.52826e-11 1.31279e-07 1.64472e-06 3.53677e-08 3.34866e-07 3.43318e-11 0.0299027 0.0179613 4.00717e-07 0.521149 3.87101e-07 1.64241e-07 6.70509e-07 
0.00507154 0.163095 0.00697435 0.0798417 0.00763283 0.00400079 0.00148545 0.000151207 1.43001e-06 0.000115798 0.0248359 0.0163839 0.0740604 0.024949 6.05823e-05 6.47581e-08 0.0945828 0.000300603 0.0640478 6.38417e-05 0.00202322 0.101219 2.99318e-05 0.271512 5.72813e-07 0.00167138 0.055889 
0.00725666 0.0027457 0.0012732 4.19192e-05 0.0380515 6.40868e-05 0.0409105 0.000177221 0.000869298 1.77942e-05 4.91407e-05 0.00796482 0.000905205 0.00612777 2.50052e-05 1.74899e-05 0.0108003 2.60225e-06 3.35702e-05 0.000325969 0.00318356 0.000168778 1.37845e-05 0.489059 0.382174 0.000122622 0.00761944 
0.0014963 0.0617914 0.0104011 0.156418 0.054204 0.00571497 0.0410363 0.00839268 0.0002859 3.95973e-06 0.0571039 0.0511935 0.013204 0.00371932 6.9882e-05 3.53085e-09 0.0263151 0.00140571 0.00401771 7.71861e-05 0.0999741 0.0588066 0.0042199 0.176838 0.101136 0.037319 0.0248557 
0.000103671 0.0163806 1.69679e-08 0.00349781 0.000125111 3.07823e-08 0.305949 8.35796e-05 3.69046e-06 1.53866e-05 5.08818e-09 0.0491507 0.00381999 9.87667e-05 1.23035e-07 9.12744e-08 0.000136504 0.00114044 1.02077e-07 7.64079e-08 0.00354367 0.0358384 0.000141914 0.373281 2.98934e-06 5.29263e-05 0.206634 
3.92476e-08 0.0197729 0.209446 4.97606e-05 0.124934 0.00176836 0.00334427 0.000183214 0.000247031 1.27579e-05 0.0106485 2.1125e-05 0.0114401 0.209245 2.61554e-05 7.56143e-08 0.0132593 7.23734e-08 7.49669e-05 6.32985e-08 0.00670075 4.16106e-05 4.86871e-05 0.221589 1.61446e-05 0.166081 0.00104869 
0.0750281 0.0832846 0.0872865 0.00181294 9.54159e-07 0.0105867 0.0247069 0.00495855 0.0358415 9.52822e-07 9.54179e-07 0.0360659 9.54111e-07 0.0678266 0.00456969 0.0114304 0.0527636 0.000572474 9.5224e-07 0.0154356 9.53895e-07 9.53935e-07 0.00295364 0.37659 0.0545667 9.54072e-07 0.0537123 
0.00845467 0.0278543 0.00872977 0.0238154 0.0574888 0.131694 0.000749648 0.0118321 0.000265866 5.35176e-07 0.0877479 0.103313 0.0137171 0.0530886 0.00011805 0.00589713 0.0678742 1.57424e-05 0.00265067 1.64668e-05 0.000307225 0.0683751 0.000232066 0.318507 2.66307e-05 0.00277115 0.00445721 
0.0711978 0.00785774 0.00954113 0.000527301 0.0579156 0.000823848 0.0145363 0.000174621 0.00538547 0.000149117 0.0288421 0.0591238 0.0254248 0.0125339 1.63753e-05 3.66383e-08 0.0435966 0.00170255 2.16211e-05 1.68714e-05 0.0134589 0.0198977 4.41316e-07 0.365787 1.11935e-05 0.000276239 0.261181 
0.00094687 0.0277666 0.0628244 0.0016302 0.034913 0.0335912 0.00197008 0.0072844 0.0239483 3.93347e-05 0.101337 0.0256757 0.00656312 0.0308413 0.00737026 3.03566e-05 0.0280373 3.64205e-05 0.00198487 2.37757e-07 0.000936014 0.0198265 0.00153099 0.552141 2.86417e-05 0.00413823 0.0246076 
0.000117368 0.0984645 0.000204632 0.00281703 0.00178843 0.00399022 0.00210327 0.000328762 1.17191e-05 1.57444e-07 0.0447893 0.0402305 0.179962 0.000260065 7.10843e-06 1.54406e-08 0.0267503 2.89959e-05 0.000105781 7.7848e-06 9.53557e-05 0.143133 7.10772e-05 0.45383 4.86818e-06 0.000632876 0.000264333 
0.00268995 0.0626803 0.00414272 0.0538829 0.0307719 0.00313202 0.0185378 0.000662086 0.000153402 6.44709e-06 0.0474182 0.111666 0.0381968 0.0199315 0.000199234 0.000549478 0.0723641 0.00195019 0.00152087 0.000614073 0.0115017 0.108512 5.37032e-05 0.283711 0.000942522 0.00359451 0.120615 
0.00446077 0.00130521 0.000644671 0.00162967 0.0180675 0.000693185 0.000910654 0.0209197 8.0251e-07 2.46429e-09 0.0265113 0.0438696 0.00472627 0.0251247 8.62339e-07 3.08127e-09 0.0564545 1.34115e-05 0.00554717 7.56286e-08 0.00158903 0.0026045 0.00643333 0.776296 1.01944e-06 0.00158272 0.000613649 
0.0824183 0.0820577 0.244289 0.0376127 0.0598143 0.0200203 0.00457799 0.00940571 0.000135354 1.14438e-06 0.0453001 0.00656341 0.0278766 0.0267805 4.35982e-06 2.06994e-06 0.00755304 0.000102769 0.0054461 0.00133755 0.000918345 0.000885613 1.13052e-05 0.249356 3.14324e-07 0.00300575 0.0845231 
0.000726115 0.047086 0.0136316 0.0155376 0.0110777 0.0751825 0.00137204 0.00112752 0.000332263 1.03852e-05 0.129362 0.0719644 0.12396 0.00370684 2.47934e-05 3.21579e-08 0.0121016 0.0160917 0.000188715 0.00381586 0.000719018 0.211787 0.000756241 0.221446 0.00351557 0.00172697 0.0327483 
0.00347747 0.00295747 0.00016848 0.00090394 0.0204434 0.00100036 0.000309538 0.00048011 8.79183e-05 7.39291e-08 0.127884 0.0342794 0.0551267 0.0115534 0.00010216 3.29881e-11 0.0468657 0.000356963 6.34464e-05 7.62507e-06 0.00230386 0.0323264 0.000228058 0.645075 7.12866e-07 0.00788908 0.00610899 
0.00277523 0.0119975 7.62408e-12 3.46122e-07 0.350565 1.24619e-08 1.82049e-06 0.000150398 1.23082e-07 3.27997e-11 2.28623e-12 0.0433204 0.00777487 0.0143979 5.52826e-11 1.31279e-07 1.64472e-06 3.53677e-08 3.34866e-07 3.43318e-11 0.0299027 0.0179613 4.00717e-07 0.521149 3.87101e-07 1.64241e-07 6.70509e-07 
0.000595186 0.0137244 0.0238106 0.105495 0.00299455 1.60123e-05 0.000259209 0.000992631 2.82312e-06 3.15955e-05 0.0731076 0.00696268 0.00778466 0.000826083 4.32967e-05 0.000553308 0.00726361 0.000261263 0.000558678 4.63246e-07 0.0129683 0.0134547 0.00026732 0.65088 0.000300716 0.000123047 0.0767226 
0.00437808 0.0607851 0.00569509 0.010005 0.0390206 0.0166129 0.000776315 0.0813696 0.000228812 1.48018e-07 0.0178751 0.0544857 0.210764 0.00332522 8.09212e-08 2.2154e-09 0.00396754 0.000150323 0.0147122 4.05529e-05 0.00370854 0.138882 0.000155941 0.327455 1.59652e-05 0.000224357 0.00536598 
0.00340027 0.018472 0.00541881 0.00489059 0.0399053 0.0203745 0.00203791 0.0295006 0.000191499 6.68981e-07 0.101321 0.0508813 0.16712 0.00632419 9.2316e-08 4.73349e-09 0.131255 0.0001279 6.8364e-05 0.000424713 0.00231204 0.0154255 0.000917348 0.367386 2.61399e-06 0.00975002 0.0224922 
0.00377333 0.013155 0.00844842 0.00343628 0.0126008 0.0358224 0.00111712 0.0013596 0.0110866 7.13481e-06 0.0717957 0.0197339 0.0429614 0.00433783 1.87584e-05 1.37088e-08 0.0408777 3.85777e-05 0.00167786 0.000162966 0.0098029 0.0108415 0.00115919 0.683126 4.33367e-05 0.000961328 0.0216543 
1.88562e-06 0.0803852 0.0837771 0.00999926 1.88726e-06 1.88628e-06 0.179053 0.0105619 1.88537e-06 1.88461e-06 0.0409562 0.0307624 0.00415364 1.88684e-06 0.0126155 1.88389e-06 1.88718e-06 1.88405e-06 1.88346e-06 0.00395929 1.88674e-06 0.00547364 0.000378672 0.535822 1.88684e-06 0.00207768 1.88698e-06 
0.00725666 0.0027457 0.0012732 4.19192e-05 0.0380515 6.40868e-05 0.0409105 0.000177221 0.000869298 1.77942e-05 4.91407e-05 0.00796482 0.000905205 0.00612777 2.50052e-05 1.74899e-05 0.0108003 2.60225e-06 3.35702e-05 0.000325969 0.00318356 0.000168778 1.37845e-05 0.489059 0.382174 0.000122622 0.00761944 
0.0751646 0.0410349 0.024203 0.109036 0.0573889 3.9927e-05 0.00692217 0.0491589 1.85147e-06 0.000857576 0.0161882 0.0199309 0.0242313 0.00579331 7.24309e-05 1.49552e-08 0.154014 6.32709e-05 0.000505224 0.00134609 0.0161627 0.0303786 0.00260821 0.329255 0.000243565 0.00214214 0.033257 
0.00127747 0.0162149 0.0107213 0.0854449 0.0152591 0.00683602 0.0449639 0.0460317 1.96615e-05 5.74135e-06 0.0382431 0.0538921 0.00792301 0.0122163 7.5722e-06 2.30177e-07 0.066466 0.000113114 0.00349363 0.00238406 0.00209213 0.0305108 1.51494e-06 0.340035 0.198133 0.000443267 0.0172706 
0.00516966 0.00164633 1.45563e-05 0.00140571 0.0549734 0.000259271 0.00064866 0.0139594 0.00194253 3.60081e-06 0.00033786 0.00889304 0.000670169 0.00338039 7.91151e-08 1.15837e-10 0.00836922 2.77975e-05 4.21942e-05 9.69701e-11 0.00312488 0.00285912 1.33036e-07 0.889117 0.00121849 0.000161004 0.00177594 
0.00637707 0.00346952 0.00661626 2.61098e-05 0.0778213 0.000379852 0.0629203 0.0076944 0.000848383 1.12082e-05 0.00108712 0.0415313 0.00304718 0.0110811 0.000596089 1.09412e-05 0.02417 1.63145e-06 0.000125587 0.000442983 0.00414043 0.000488772 0.000117728 0.469465 0.253026 0.000262588 0.0242418 
1.66724e-07 0.072709 0.035335 0.00308567 0.0296528 0.0089564 0.0179837 0.0167235 0.022505 1.66635e-07 0.194339 0.0543128 0.0539627 0.0113614 0.00039967 1.66571e-07 0.11113 0.000266702 0.000466461 0.00298272 1.66823e-07 0.0263091 0.09798 0.225155 0.00116799 1.66854e-07 0.0132142 
1.37474e-06 3.21518e-07 3.98114e-07 0.00045115 0.0110814 4.62196e-10 0.056586 0.000851355 8.06321e-10 1.09607e-09 7.6399e-11 6.99392e-07 2.74204e-09 0.00079475 1.84738e-09 1.37049e-09 0.0200222 1.31174e-09 1.53269e-09 1.14726e-09 5.40709e-06 0.00045304 1.8819e-06 0.844962 3.9667e-08 0.00190818 0.0628796 
0.000149184 0.0200917 0.0235368 0.0206006 0.0478436 0.00830696 0.0146958 0.0404793 0.0271878 1.73934e-06 0.0279494 0.0139918 0.00223662 0.0102786 3.62226e-06 5.64723e-07 0.0506875 6.37794e-06 7.60012e-05 1.76196e-06 0.08434 0.0041948 7.65478e-05 0.598955 0.00022531 0.000198762 0.00388377 
0.000303045 0.0678153 0.0434602 0.0060346 0.00424952 0.00970088 0.000295027 0.0389309 0.00437273 0.000236951 0.0339236 0.00595009 0.0364702 0.00118127 5.57496e-06 1.86434e-05 0.18418 2.44405e-05 0.00734359 0.0137961 0.0229163 0.0211804 7.26606e-06 0.489468 0.00366995 1.03979e-05 0.00445599 
1.07014e-06 0.00584414 1.97463e-07 8.98483e-10 0.00320424 6.91376e-05 2.89694e-06 8.9998e-08 1.58475e-09 2.15421e-09 0.0946383 0.187337 2.69161e-06 0.00535625 3.63084e-09 2.69356e-09 0.192042 4.80922e-07 3.01236e-09 2.25484e-09 0.000206482 0.00857606 2.65814e-09 0.498615 2.76913e-06 3.0644e-10 0.00410259 
0.00240671 0.0107724 0.00132325 0.000683229 0.00475881 0.0212583 0.000296886 0.000353239 7.66122e-06 1.19027e-06 0.171046 0.136437 0.044976 0.00449344 8.04445e-06 6.90029e-10 0.0266334 2.17778e-05 0.000477428 1.68728e-05 0.000176513 0.0526519 0.000107437 0.500996 0.00377817 0.0021122 0.0142067 
0.00080691 0.000818758 0.00171317 0.00748707 0.0103588 1.28112e-11 0.000251458 0.000267369 0.00111809 2.53894e-08 0.0751863 4.84549e-07 0.00236937 0.000140009 0.000723259 3.79873e-11 0.0720163 4.17661e-08 2.23889e-07 2.90516e-05 0.0123669 0.0216218 3.74877e-11 0.515748 2.24383e-08 0.0023951 0.274582 
0.00423936 0.0147516 0.00297582 0.0185288 0.0615295 0.000734758 0.00187325 0.0172468 0.00284806 1.25529e-11 0.0237957 0.0416781 0.00333502 0.010553 5.2805e-06 7.48713e-08 0.0308977 9.75774e-07 0.000254212 0.000172746 0.00282953 0.00737003 0.00819214 0.73451 0.00254778 0.000462138 0.00866791 
0.00389226 0.00892861 0.0202098 3.0447e-05 0.0111301 0.00108189 0.0108094 0.00305396 0.000196868 7.00513e-06 0.00726872 0.0175276 0.00855956 0.00225988 3.95251e-06 5.39955e-10 0.0356779 5.98822e-06 3.58742e-06 1.32472e-07 0.0802183 0.00218207 0.00259717 0.74721 0.00462197 0.00185369 0.0306694 
0.0122348 0.0748593 0.0243622 0.00133062 0.0171229 0.0943736 0.00134438 0.000251424 0.000662718 6.43646e-07 0.0215487 0.0898433 0.0141207 0.0171143 6.91863e-05 1.94589e-07 0.0109136 0.00142585 0.013032 0.0136806 8.59965e-05 0.0526835 0.00242443 0.527203 0.000112839 0.00112985 0.00806956 
0.00223738 0.00511409 3.01896e-05 0.00112217 0.00945156 0.00231913 1.67724e-05 0.00178494 1.51972e-06 5.5069e-06 0.0660953 0.118761 0.0098983 0.014229 4.60181e-07 7.64916e-10 0.00261047 1.44683e-06 0.00072401 0.00473241 0.0354618 0.0433844 3.15731e-05 0.667279 0.000122154 0.0107801 0.00380543 
0.0165937 0.0156937 0.00252524 0.00021807 0.107186 0.0041344 0.00638358 0.000627596 0.000172496 3.06242e-05 0.0179882 0.00441948 0.0584451 0.00372511 5.26803e-05 2.89459e-05 0.0171129 0.00560674 0.00152956 4.7301e-05 0.0188096 0.00641875 0.000731705 0.370779 0.0249718 0.00420147 0.311566 
0.000120111 0.0114967 0.0466286 0.00189738 0.0367676 0.0187598 0.000309641 0.00725506 0.00333427 1.87303e-06 0.109634 0.0395721 0.0192781 0.0127669 1.40897e-05 1.30572e-05 0.057172 3.77262e-05 8.0582e-06 7.1601e-05 0.00110929 0.0134781 6.84136e-05 0.601886 2.20835e-05 0.00632669 0.0119707 
0.0060385 0.0270223 0.00658464 0.000345317 0.0442699 0.0023655 0.00281959 0.0079273 0.000117888 2.15297e-05 0.316856 0.029082 0.00342969 0.0163662 6.50364e-05 0.00806835 0.0352371 1.94407e-05 0.000504768 3.36677e-05 0.00372799 0.0186435 0.000156649 0.45277 2.17025e-06 0.00878911 0.00873657 
2.30161e-08 0.0284947 0.00342347 0.00306756 0.00358486 1.83803e-07 0.000622659 0.000399251 8.06018e-07 1.59983e-07 0.275177 0.0377927 0.0335154 0.000247984 1.47109e-05 9.96376e-11 0.000635754 4.52665e-06 0.000192746 0.000800252 2.10293e-11 0.154021 0.00905368 0.446071 1.29859e-08 1.13355e-11 0.00287913 
1.6068e-10 0.00122033 0.000380795 5.96351e-08 0.000260208 6.33808e-05 0.0804706 0.00845833 9.10602e-07 1.04428e-08 0.00295576 0.017712 0.00315651 0.000391653 1.88294e-05 3.09566e-10 0.0226596 5.11435e-06 1.83181e-05 2.2614e-06 0.228163 8.20649e-07 1.46236e-07 0.594563 0.0118908 4.83647e-06 0.0276034 
0.00993489 0.15907 0.0152858 0.00114631 0.012081 0.00747238 0.000681409 0.00180974 1.20385e-05 1.48528e-06 0.0282375 0.0313957 0.00535548 0.0168909 2.75818e-05 1.492e-05 0.0483332 0.000178593 0.000481274 0.000148777 0.000387781 0.00511671 0.000499834 0.574609 9.34436e-05 0.0785813 0.00215238 
7.04578e-05 0.00582218 0.0114795 0.00377727 0.00977867 5.87786e-06 0.0111942 0.000889106 0.00247644 1.39508e-08 0.0304308 0.00437676 0.00436577 0.0039258 3.1475e-05 1.26581e-10 0.0361635 2.45342e-06 3.17644e-06 0.000100518 0.000160795 0.0325919 0.00022009 0.822235 0.000577837 1.1132e-05 0.0193096 
0.00101459 0.00519761 4.24087e-05 0.00236146 0.00693832 8.54032e-07 1.24402e-06 9.43358e-05 1.98759e-06 4.71964e-08 0.225581 0.0133584 0.0338391 0.000696645 5.64106e-07 9.40267e-07 0.11464 3.08366e-05 2.38635e-06 2.293e-07 0.00115157 0.0184867 0.000193974 0.555641 2.65311e-06 0.000186238 0.0205347 
1.54872e-06 0.000333978 0.00374401 0.00730209 0.00199962 1.08705e-08 0.00450195 7.22047e-06 1.8964e-08 0.0001754 8.57014e-05 3.1386e-09 7.8744e-05 0.000157365 4.87459e-06 0.00050654 0.000396965 3.08512e-08 0.000106756 2.69827e-08 0.00184716 0.000180255 3.18088e-08 0.88583 4.12421e-06 2.40663e-05 0.0927117 
9.81816e-05 0.0158211 0.0113253 0.00615142 0.0157675 0.00386313 0.00310675 0.011343 0.000863936 0.02479 0.0454801 0.0387795 0.00164698 0.00883253 7.38295e-06 2.88273e-06 0.103898 1.6416e-06 6.1177e-05 2.07072e-08 0.0103185 0.0366698 2.91277e-05 0.628815 2.34278e-05 0.00780786 0.0244952 
0.00725666 0.0027457 0.0012732 4.19192e-05 0.0380515 6.40868e-05 0.0409105 0.000177221 0.000869298 1.77942e-05 4.91407e-05 0.00796482 0.000905205 0.00612777 2.50052e-05 1.74899e-05 0.0108003 2.60225e-06 3.35702e-05 0.000325969 0.00318356 0.000168778 1.37845e-05 0.489059 0.382174 0.000122622 0.00761944 
0.000706906 0.0298011 0.0163341 0.00435502 0.0547608 0.000478119 0.0209598 0.000916631 0.00109845 5.00921e-05 0.258899 0.016691 0.0375335 0.00127903 1.94064e-05 0.000189169 0.0435795 0.000266956 4.89428e-05 1.75579e-05 0.00303334 0.0336803 0.00125309 0.430158 7.73027e-05 0.0181418 0.025671 
0.0238399 0.0438217 0.0343521 0.0158747 0.0462155 0.00278268 0.00791865 0.0801141 0.000848576 2.94986e-05 0.0317498 0.0547943 0.122296 0.00258014 4.41124e-05 1.48652e-07 0.0352124 6.03393e-05 0.000157923 0.00152387 0.000729465 0.0183712 4.77639e-06 0.43856 0.0101332 0.00225325 0.0257315 
0.00305409 0.045832 0.00577679 0.00401047 0.0374954 0.0766524 0.00130997 0.010224 0.000613664 1.8245e-07 0.114691 0.060934 0.203929 0.0247424 0.000234121 1.56448e-10 0.0197133 0.000735402 0.000754922 0.00111967 0.00412483 0.0280455 0.000252647 0.332892 2.17842e-05 0.0134789 0.00936169 
0.00358217 0.0688336 0.0195903 0.00341439 0.0827833 0.255856 0.000638925 0.0110312 0.000109947 1.62934e-07 0.042575 0.160265 0.00822275 0.0327575 9.96851e-06 4.05978e-10 0.00368181 0.000209602 3.00316e-07 7.92955e-05 7.52181e-05 0.0156469 4.64663e-05 0.282022 4.52098e-06 2.52917e-05 0.00853845 
1.37474e-06 3.21518e-07 3.98114e-07 0.00045115 0.0110814 4.62196e-10 0.056586 0.000851355 8.06321e-10 1.09607e-09 7.6399e-11 6.99392e-07 2.74204e-09 0.00079475 1.84738e-09 1.37049e-09 0.0200222 1.31174e-09 1.53269e-09 1.14726e-09 5.40709e-06 0.00045304 1.8819e-06 0.844962 3.9667e-08 0.00190818 0.0628796 
0.00255401 0.045536 0.237311 0.000755772 0.156815 0.0091516 0.0627783 2.70877e-05 0.00263994 1.72521e-05 0.0691881 0.0624142 0.0190996 0.0214004 0.00162883 0.000651779 0.0111255 0.0002779 0.000562452 0.000623325 0.0012537 0.00976404 3.79016e-05 0.270006 0.00429569 0.000721076 0.00936299 
0.000393306 0.0429864 9.31584e-05 3.34866e-05 0.00760971 0.0233612 0.000202032 0.000473168 0.000126552 3.21895e-07 0.0399884 0.398491 0.0211001 0.0172833 9.40317e-05 9.9401e-09 0.00316433 7.66549e-07 0.000132121 8.22975e-05 0.0003555 0.0127738 0.000121804 0.430896 9.63596e-07 8.73907e-05 0.000148846 
1.41039e-06 0.11475 0.0012304 5.2237e-05 0.0348303 2.59682e-06 0.0173912 2.86293e-06 0.000107543 4.16565e-06 0.00929014 0.148964 0.000116403 0.0678704 6.34943e-06 4.32006e-08 0.0541783 0.0703247 2.84678e-05 1.69015e-05 0.0105297 0.00238823 8.53103e-05 0.451209 0.00740115 4.13894e-05 0.00917673 
0.00110298 3.50563e-08 0.0013111 3.75903e-08 0.0108258 1.90142e-08 0.0394156 0.00383059 3.55571e-07 2.37705e-08 0.00292191 0.149598 0.00909038 0.0022392 1.36765e-10 1.0146e-10 0.265388 9.71115e-11 0.000291336 7.44241e-06 0.00409938 1.41746e-07 0.0086396 0.444455 0.00294536 7.01266e-05 0.0537681 
0.00224147 0.00481786 2.05818e-05 2.45434e-05 0.000228902 0.0524495 0.00764007 0.00153307 0.000220411 9.70216e-07 0.0492834 0.314413 0.130213 0.00116182 1.36477e-06 1.2527e-08 0.00410747 6.31748e-05 3.84765e-05 5.58102e-07 6.71813e-05 0.0289356 1.23622e-08 0.367283 3.21328e-07 0.0341122 0.00114119 
4.87352e-05 0.0397392 0.00509842 0.00217688 0.0111699 0.00180595 0.0202105 0.00137894 3.67668e-06 3.38738e-07 0.0774675 0.00753585 0.0761332 0.000857521 4.3195e-06 6.25431e-10 0.147055 0.00239227 0.00107738 3.45103e-06 0.00120825 0.00797445 2.28525e-05 0.56943 0.00218917 0.00916775 0.0158489 
0.00110293 0.0777356 0.0336024 0.00841422 0.0386586 0.0688836 0.00036888 0.00540385 0.0060739 3.94062e-05 0.150843 0.107421 0.039548 0.0165312 4.66458e-06 1.68964e-08 0.0245293 6.51268e-05 0.00172713 0.000861705 0.000778674 0.0362585 2.22175e-05 0.350014 3.58495e-05 0.0133624 0.0177143 
5.24822e-06 0.0598767 0.0105084 5.2501e-06 5.25279e-06 5.25007e-06 5.25135e-06 0.0351704 0.00105476 5.24543e-06 0.0336237 0.02049 0.0325709 0.0934839 5.23992e-06 5.24342e-06 0.0262681 5.24385e-06 5.24222e-06 5.24506e-06 5.25133e-06 5.25155e-06 5.24355e-06 0.686864 5.25163e-06 5.25231e-06 5.25202e-06 
0.00129649 0.0153992 0.0107463 0.0104138 0.0228269 0.225961 0.00222729 0.00335805 0.00918174 9.31958e-09 0.0454582 0.0140434 0.0194055 0.0155283 2.8956e-07 1.76376e-07 0.00374173 1.14606e-05 0.00195755 5.79091e-07 0.000399887 0.0168974 0.00052818 0.575176 0.000316697 0.00143023 0.0036936 
0.00940088 0.101481 0.0619145 0.0256737 0.0702113 2.33181e-06 0.00236503 0.00054734 0.00060201 2.88739e-09 0.0312656 3.21988e-08 0.0792607 6.78716e-06 8.61151e-07 0.000128286 0.0188107 3.58623e-05 4.0376e-09 1.535e-05 0.00104049 0.0162066 4.56875e-05 0.559681 8.87405e-07 0.00121169 0.0200911 
0.00518478 0.16538 0.00561329 0.0174041 0.0733001 0.0445034 0.00701878 0.0100728 1.88567e-05 1.42324e-05 0.155208 0.0828624 0.032031 0.0105602 4.12173e-05 2.26767e-09 0.0580839 0.000116335 1.27774e-05 0.000395474 0.00878819 0.0981206 0.000236314 0.179898 6.92933e-05 0.00331382 0.0417525 
0.00628003 0.0459792 0.00211648 0.0227744 0.00125411 8.99011e-09 0.000499073 0.000812858 1.59826e-06 0.00100438 0.00410994 0.000432933 0.00078158 9.97144e-07 6.71551e-07 2.66571e-08 0.00713515 3.05585e-06 1.61185e-06 2.23153e-08 0.000467482 0.010024 1.5926e-07 0.870051 4.86666e-09 2.176e-05 0.0262474 
0.0007245 0.0320442 0.0344938 0.00751678 0.00131492 0.0717534 0.000540224 0.000627905 3.78488e-07 8.70467e-07 0.0258285 0.0255399 0.0521181 0.00305526 6.67525e-06 4.50992e-07 0.00070882 0.000153839 0.000941745 8.02568e-06 5.79195e-05 0.0780358 1.46248e-05 0.654869 1.96752e-05 0.00908348 0.000541677 
0.0023434 0.0145012 0.0150122 0.0618495 0.0186769 7.25907e-05 0.00275527 0.00545916 0.000205257 1.03871e-05 0.0178007 0.0318544 0.00352551 0.00158831 1.32829e-05 5.70053e-06 0.00775451 2.76963e-07 0.000130018 0.00274323 0.00802055 0.173654 0.00102268 0.623459 2.37533e-05 0.000147733 0.00737013 
0.00224707 0.0189256 0.00103191 0.302908 0.0269701 0.000399692 0.0324058 0.00323611 4.73542e-05 1.85893e-10 0.0167707 0.00179252 0.025979 0.00609155 5.30809e-05 0.00386247 0.0152639 0.0165531 0.00172596 9.38991e-05 0.00364233 0.10936 1.30233e-05 0.392897 7.12322e-05 0.000233624 0.017425 
0.00811486 0.0248599 0.0144675 0.000843799 0.036912 0.00377318 0.0197387 0.000157199 0.0157414 1.44632e-05 0.106439 0.0205511 0.0423785 0.00323574 1.3571e-05 1.00516e-09 0.0352112 0.0182613 0.00376876 0.00203192 0.00104096 0.0159141 0.000577977 0.544115 0.0230569 0.0159719 0.0428092 
0.000461272 0.0458626 0.0046739 0.146159 1.14746e-05 0.0003221 0.027156 4.59103e-05 4.51606e-05 9.86333e-07 0.0897878 0.0174851 0.0140301 7.11934e-05 4.48593e-05 2.58197e-07 0.0682726 1.09488e-05 0.000136398 4.02537e-06 0.0160903 0.0243369 2.54801e-07 0.532964 2.26639e-06 0.000270407 0.0117538 
0.00109865 0.103103 7.61586e-08 0.0285249 0.000268747 3.71547e-06 0.0267471 0.000251098 5.70359e-05 1.80933e-07 3.06326e-06 0.0846367 0.126503 1.71165e-05 2.29491e-09 2.14249e-07 0.00343418 0.00387045 2.99068e-05 1.42519e-09 0.000513929 0.0563998 1.23456e-05 0.561239 3.22255e-06 3.00931e-05 0.00325219 
0.0367075 0.0538393 0.00866809 0.0246085 0.0516013 0.041476 0.0209186 0.0150752 7.27119e-05 5.08663e-05 0.0886291 0.0707908 0.0674371 0.0499113 4.17281e-05 0.000770874 0.0601779 0.00736904 0.000145721 0.000255837 0.00687104 0.0219547 0.00237727 0.327237 0.0325366 0.00166263 0.00881338 
0.00101373 0.0570439 0.000377553 0.00386242 0.0209906 0.00192808 0.0140824 0.00607078 3.84626e-05 2.27793e-05 0.0492509 0.0736129 0.045479 0.00401429 3.24343e-05 2.36392e-05 0.0751804 0.00242579 9.6854e-05 0.0025028 0.0419381 0.0491087 0.000405341 0.452106 0.0025316 0.0279596 0.0679006 
0.00256163 0.0575688 0.00104916 0.00637975 0.0237834 4.74222e-05 0.0170897 0.0357928 1.53038e-05 1.42516e-05 0.0712228 0.0222494 0.0361444 0.00105746 9.52865e-06 5.39853e-10 0.0916939 0.00140849 0.00235125 4.67763e-06 0.00301112 0.0213305 8.99173e-05 0.348249 0.000657559 0.00741176 0.248806 
0.00609273 0.0372669 0.00133905 0.0047037 0.0189068 0.00057412 0.0459149 0.000328949 0.00177776 2.37494e-08 0.00967764 0.156406 0.00652019 0.00269573 3.14356e-05 1.97844e-07 0.180278 0.00012217 0.000228962 0.000297074 0.00431737 0.000931799 1.34251e-05 0.480889 0.00628659 0.000183376 0.0342158 
0.00725666 0.0027457 0.0012732 4.19192e-05 0.0380515 6.40868e-05 0.0409105 0.000177221 0.000869298 1.77942e-05 4.91407e-05 0.00796482 0.000905205 0.00612777 2.50052e-05 1.74899e-05 0.0108003 2.60225e-06 3.35702e-05 0.000325969 0.00318356 0.000168778 1.37845e-05 0.489059 0.382174 0.000122622 0.00761944 
1.05354e-05 0.0127149 0.00834459 0.00727269 0.00214739 0.0917701 0.00510892 0.0185979 3.82983e-08 3.16582e-05 0.00706115 0.00773738 0.00646259 0.0622149 4.95514e-05 6.50947e-08 9.98162e-06 6.23046e-08 1.57377e-05 0.000882877 8.35521e-07 0.00360662 7.46593e-05 0.765856 2.65477e-07 2.6967e-05 1.28808e-06 
0.00461181 0.0847238 0.0103277 4.59499e-07 0.0157021 3.7456e-06 0.0666167 7.82948e-05 0.000691339 1.53489e-09 2.37329e-07 0.0712479 0.0395424 0.00469792 1.18123e-05 4.72678e-05 0.00277725 0.00289789 6.28812e-05 1.61811e-06 0.000777271 0.0110462 5.33097e-07 0.683107 0.00036328 0.000238281 0.000423756 
0.00187205 0.0351556 0.00137218 0.00392543 0.0453984 0.000706773 0.00311697 0.000177286 0.00233428 1.03448e-07 0.00822651 0.0407804 0.00939313 0.0303306 1.1215e-06 0.0371753 0.197697 4.6561e-07 2.22241e-05 1.90838e-05 0.0342245 0.0265932 9.5524e-05 0.475981 1.32149e-06 0.00618328 0.0392163 
0.00328156 0.0572467 0.0537556 0.0115431 0.00487052 0.0130789 0.000701387 0.0109469 5.20546e-07 8.58023e-05 0.0558694 0.194556 0.214816 0.0129028 1.19203e-05 0.00013017 0.00963765 0.0109905 6.17171e-05 0.0795224 0.000657067 0.0175091 1.1004e-05 0.218112 5.90604e-05 0.000514413 0.029128 
0.000539326 0.00310263 0.00126558 5.38826e-05 0.00294101 0.000521914 0.000877645 0.00102265 0.00307636 1.41848e-08 0.0120599 0.00211574 0.00220418 0.00154864 5.60697e-06 0.000262764 0.00406006 1.17212e-05 1.14664e-08 5.45113e-08 1.2279e-05 0.00129712 2.10916e-06 0.96276 2.32765e-06 5.54469e-08 0.000255973 
0.00354351 0.0222624 0.00489172 0.00490295 0.0562409 0.00637856 0.00816674 0.0321695 0.000608713 0.00029664 0.110605 0.114178 0.0448146 0.00970526 9.73959e-05 1.06728e-06 0.223313 3.67466e-05 0.000167738 0.000562032 0.0142539 0.0274592 0.00853552 0.245062 0.0309097 0.0165999 0.0142364 
3.93513e-09 0.0384302 0.0142555 4.05625e-07 0.00814567 0.0163275 0.00101207 1.41831e-06 0.000544735 2.97538e-07 0.0997196 0.030274 0.0344286 0.0104318 1.50988e-06 7.58142e-09 0.0279549 7.25647e-09 8.47873e-09 2.14197e-06 0.000210493 0.00130044 0.000586831 0.715725 1.02939e-07 5.49572e-06 0.000641274 
0.000241026 0.00246892 0.000229034 0.000399461 0.0034777 0.00062261 0.000101826 0.000592178 3.02237e-08 3.41507e-07 0.0197443 0.013662 0.00527011 0.00237199 2.91499e-07 1.81809e-10 0.00277284 2.47044e-06 5.65513e-07 1.52197e-10 0.000523389 0.00493235 2.48909e-05 0.940924 5.02561e-08 0.00073409 0.000903175 
0.00350514 0.106681 0.00411647 0.0251305 0.0284763 0.000751782 0.00252867 0.167067 7.78639e-06 2.83993e-07 0.00445255 0.141007 0.0580525 0.00169784 1.40597e-09 0.00218223 0.0311921 5.75017e-05 0.000368404 2.56849e-07 0.000606536 0.130006 0.000190882 0.269533 4.49301e-05 1.99337e-05 0.0223236 
7.42675e-05 0.00299977 1.78927e-05 0.000117072 0.0122153 0.00324029 0.000127818 4.95986e-06 9.15369e-07 4.85297e-05 0.0025795 0.00127649 0.00188463 0.0179917 3.21567e-06 1.20383e-06 0.000151502 6.59105e-06 4.46753e-06 2.37905e-06 0.0720083 0.00425827 0.00139905 0.801082 0.0751932 9.77024e-05 0.00321342 
3.78401e-05 0.0285371 0.0512138 0.000565949 0.0648697 0.0607725 0.0189195 0.0151024 0.000469773 2.07885e-05 0.144305 0.0807038 0.0269429 0.016296 1.47306e-05 3.72938e-11 0.0210877 3.16485e-05 4.82661e-08 0.000268515 0.000698252 0.00918786 3.62445e-07 0.396691 0.0255118 0.00119221 0.0365589 
0.00277523 0.0119975 7.62408e-12 3.46122e-07 0.350565 1.24619e-08 1.82049e-06 0.000150398 1.23082e-07 3.27997e-11 2.28623e-12 0.0433204 0.00777487 0.0143979 5.52826e-11 1.31279e-07 1.64472e-06 3.53677e-08 3.34866e-07 3.43318e-11 0.0299027 0.0179613 4.00717e-07 0.521149 3.87101e-07 1.64241e-07 6.70509e-07 
1.28409e-05 0.0630723 8.22104e-09 0.000716189 0.0395682 3.30603e-12 0.125193 8.11503e-07 3.82987e-05 1.00961e-05 0.123993 0.104212 0.0531077 0.00339644 0.00326886 5.03089e-06 0.184724 3.61178e-08 0.000533155 8.20625e-12 0.0014105 0.082598 0.000727821 0.208833 2.7595e-08 0.000103803 0.00447464 
0.000125233 0.0117632 0.0149447 0.000370233 0.038842 0.00230244 0.0650926 0.00141356 0.0013939 4.64466e-06 0.134948 0.14096 0.109834 0.00590611 0.000388907 4.47554e-07 0.105228 4.72846e-06 8.15716e-05 0.000468043 0.0417603 0.00893994 0.000134386 0.233634 8.81615e-05 0.0162158 0.0651561 
0.000253117 0.0401711 0.00559106 0.000360404 0.00319171 0.0276386 0.0380858 0.0129084 0.000149741 2.52761e-06 0.136312 0.0284368 0.0294472 0.0420191 1.20325e-06 1.22033e-06 0.00630845 2.10896e-06 0.003656 5.21914e-06 8.80012e-07 0.000197723 1.8549e-08 0.352996 3.45459e-06 2.1384e-09 0.27226 
0.0215611 0.0740489 0.00641599 0.00131659 0.00517158 0.0108532 0.00854043 0.00978704 6.89899e-05 5.54995e-06 0.0181884 0.04858 0.0280938 0.00567659 5.96012e-06 0.00794313 0.118053 2.31828e-05 0.000617665 7.10782e-05 0.00448836 0.187839 0.0164786 0.410024 5.14061e-05 9.94318e-05 0.0159967 
4.014e-09 0.00119827 0.211674 0.0212448 0.201092 2.60808e-09 0.0229582 1.73656e-05 4.54991e-09 6.18488e-09 0.0258395 1.60681e-06 0.0080727 3.68317e-06 1.04244e-08 1.06503e-06 0.0278896 7.40191e-09 8.64867e-09 1.09815e-05 1.4298e-06 0.0166078 7.63167e-09 0.427796 1.41184e-09 8.79807e-10 0.0355917 
0.0075168 0.0617449 0.00141308 0.00340387 0.0146038 0.0229972 0.0020335 0.00584493 4.06936e-05 2.63504e-06 0.0557141 0.0799975 0.131924 0.014009 9.25602e-05 6.2828e-10 0.00326843 0.00048303 0.000488434 5.92273e-05 0.00444883 0.0672978 0.000728537 0.471637 2.24961e-06 0.0479056 0.00234268 
0.00987926 0.0636912 0.0508964 0.00316248 0.0387895 0.160487 0.0105915 0.00682168 0.00786383 1.74815e-05 0.0708382 0.186599 0.0134709 0.0750737 1.45268e-05 2.59779e-07 0.0277894 0.000343954 6.54638e-05 0.000149594 0.00615675 0.0203477 0.000613025 0.243148 0.000825137 0.000664022 0.00169955 
6.15714e-08 0.0751473 0.31829 2.4368e-05 0.00279226 4.00057e-08 0.0388599 0.00862225 0.00222399 9.48708e-08 0.00675517 1.15507e-08 0.00681009 9.43679e-06 1.59901e-07 1.18623e-07 0.00095938 1.13539e-07 1.32663e-07 0.00574836 0.000618423 1.45114e-05 0.00158171 0.518424 0.0130993 7.5132e-06 1.14597e-05 
7.5097e-07 0.0486592 0.00182069 0.00341943 0.0726823 0.00102657 0.00666543 0.130031 0.000477893 1.75893e-07 0.041356 0.00400906 0.116301 0.0153821 0.000126417 4.43879e-05 0.00106796 0.000219956 4.4153e-05 1.84109e-07 0.000578327 0.0182825 0.00118086 0.53431 2.37827e-05 0.00175946 0.000530897 
0.000201435 0.069297 0.154383 2.54349e-08 0.045611 0.0102077 1.87596e-05 0.0465383 3.6411e-05 4.27333e-05 0.0191328 0.00594571 0.00117726 0.0132053 1.50724e-05 7.62511e-08 0.023553 5.53817e-05 8.52759e-08 0.0025085 8.86418e-06 0.00532868 0.0107349 0.584268 0.000136059 3.80295e-05 0.00755593 
0.000155786 0.0597806 0.032357 0.00875593 0.0744049 0.0085576 0.0347359 0.00213735 0.00413972 6.13236e-06 0.136094 0.0623126 0.0327911 0.014771 1.70477e-05 1.96498e-06 0.193046 0.00149911 0.000262774 0.0024066 0.0241174 0.00686348 0.00331222 0.258402 0.00731968 0.0107854 0.0209664 
0.00069007 0.0846444 0.00645772 0.131167 0.00845599 0.00791682 0.00300482 0.0198751 0.000221693 0.0400268 0.0230139 0.0149388 0.0143889 0.00883004 3.10642e-05 0.0343541 0.0209939 3.89962e-06 0.000175795 1.97848e-05 0.00281221 0.0348715 7.65521e-06 0.421758 3.33976e-05 0.00518853 0.116118 
0.0104835 0.000822923 0.0184586 7.75208e-05 0.0116085 0.000124521 0.0497636 0.00412235 5.79979e-05 1.28391e-05 0.00345626 0.0121193 0.00437863 0.00380277 1.70991e-05 3.08356e-10 0.167286 1.0047e-05 6.0364e-05 0.00314577 0.0511759 4.50581e-05 0.000322855 0.496882 0.146467 4.55394e-06 0.0152945 
1.15553e-05 0.0592275 0.000406344 0.011933 0.00288611 8.39993e-05 3.41125e-06 0.0935936 5.55672e-08 7.55348e-08 0.0023363 0.0160686 0.00506949 9.82113e-05 1.27311e-07 9.44463e-08 0.0095953 6.60463e-06 0.000289674 4.26548e-06 1.50208e-05 0.0156146 2.97168e-06 0.782671 1.72426e-08 9.62026e-07 8.09798e-05 
