0.0115172 2.33656e-06 0.0273009 1.94562e-07 0.00356111 1.9671e-07 0.000594148 0.0213366 0.00513492 4.66484e-07 0.0620855 0.0245587 0.00267125 0.00238136 7.8624e-07 5.83277e-07 0.0630019 5.58276e-07 6.52311e-07 0.775387 9.02298e-06 9.1172e-05 5.75606e-07 1.30772e-07 5.4686e-06 4.80967e-07 0.000356819 
0.00435366 0.00100601 0.0126952 0.0064136 0.0056944 2.83193e-05 3.79457e-06 4.28942e-06 3.25513e-09 4.42484e-09 0.0113991 0.000557699 0.00254465 0.00432313 4.16236e-06 5.53267e-09 0.00640228 9.42801e-07 6.1875e-09 4.63153e-09 0.630866 1.44086e-05 0.00052022 1.24044e-09 8.45101e-07 0.0474026 0.265764 
5.53374e-07 1.34659e-07 0.659536 3.23721e-06 0.185812 3.00483e-07 2.0678e-06 7.39039e-06 2.43323e-07 3.11941e-05 0.0048199 1.20309e-06 1.75044e-07 0.0196221 2.43403e-06 2.81156e-10 0.115449 2.69105e-10 1.7275e-06 1.87296e-06 0.0147024 1.64931e-07 8.58822e-07 6.30358e-11 2.64766e-07 3.37487e-06 1.66753e-06 
0.00185058 0.00166323 0.519165 0.00311915 0.00562425 7.13971e-07 7.89146e-08 0.0010013 0.00837274 0.000972063 0.0641894 0.020258 0.00394512 0.00111701 0.000597687 2.21612e-10 0.00962181 3.59805e-07 0.00277534 0.000203662 5.95067e-08 4.17216e-07 4.33286e-07 4.96859e-11 7.26636e-05 8.57359e-09 0.355449 
5.2157e-06 9.81987e-06 0.621642 2.47164e-07 0.00591653 0.0604272 0.00356947 2.3098e-06 6.13389e-09 2.69332e-05 0.104747 5.86568e-06 0.0433719 4.45577e-06 1.73737e-06 1.10625e-06 1.57537e-06 9.97878e-09 1.16909e-06 0.025704 2.54161e-05 2.74604e-05 1.02885e-08 2.33745e-09 2.98055e-06 1.50382e-08 0.134506 
0.00652405 0.00909879 0.0178129 0.00426435 0.00583337 0.00170305 0.00231184 5.28126e-07 0.0109974 8.59106e-07 0.000904282 0.00533462 0.00162584 0.0186371 1.44799e-06 1.0742e-06 0.00293144 1.02816e-06 0.00276428 8.99236e-07 0.895353 0.00816284 1.06007e-06 2.40838e-07 0.000549307 0.00113667 0.00404822 
2.83981e-05 1.72126e-05 0.877422 0.00146865 0.0531806 0.0053793 0.00023281 1.25263e-05 1.46183e-05 0.00206204 0.00405013 0.0113001 0.00256162 0.000562536 1.4394e-05 7.41823e-09 0.000192206 2.66025e-05 4.90454e-06 0.00405051 0.00702465 0.000206574 2.31579e-06 1.66318e-09 0.000117085 0.0101241 0.0199439 
0.00435366 0.00100601 0.0126952 0.0064136 0.0056944 2.83193e-05 3.79457e-06 4.28942e-06 3.25513e-09 4.42484e-09 0.0113991 0.000557699 0.00254465 0.00432313 4.16236e-06 5.53267e-09 0.00640228 9.42801e-07 6.1875e-09 4.63153e-09 0.630866 1.44086e-05 0.00052022 1.24044e-09 8.45101e-07 0.0474026 0.265764 
7.96815e-07 0.000814904 0.771221 6.59729e-05 0.0523085 5.8728e-05 0.000244504 0.0890725 1.01464e-06 4.21669e-07 0.00132819 0.0016365 0.000699971 0.00894919 7.10706e-07 5.27241e-07 0.00530285 5.04643e-07 5.89643e-07 0.00223609 0.0326248 5.88553e-06 0.0300112 1.18209e-07 0.00052107 2.56658e-06 0.00289119 
0.000607552 0.000516511 0.261291 0.000343652 0.0656474 5.19942e-07 0.00684473 0.00177088 9.07062e-07 1.23301e-06 0.015129 0.000305203 0.00125813 0.0151538 0.000695399 1.54171e-06 0.00472954 1.47563e-06 1.72418e-06 0.0198075 0.60432 0.00057036 1.52144e-06 3.45655e-07 0.00036735 0.000170403 0.000462066 
8.21375e-05 0.00251196 0.696713 0.000472659 0.0293877 3.43516e-06 0.00592625 1.72688e-05 0.0185268 6.76886e-07 0.0255738 0.00911146 0.00365336 0.0250503 1.77962e-05 2.01105e-05 0.0146888 7.81616e-07 3.17832e-06 0.000550539 0.0196233 0.00131529 0.000761001 6.43847e-07 0.000176294 0.000121908 0.14569 
7.44868e-05 0.00420879 0.697922 4.21928e-11 0.268936 3.11129e-07 1.11926e-07 2.55459e-07 7.44197e-11 1.45511e-07 0.00692327 0.000197001 0.000559484 0.00168811 1.70504e-10 1.2649e-10 0.000714271 1.67929e-07 1.4146e-10 0.000472376 0.0156859 1.03384e-07 0.00132625 2.83592e-11 1.42488e-08 0.00129086 4.4011e-07 
0.000204083 0.0286141 0.81243 0.000133394 0.0672612 0.045317 0.00290291 2.02599e-07 0.0151994 3.29568e-07 0.00287492 0.000166752 0.000731789 0.000582507 5.55474e-07 8.06809e-06 0.000753637 3.94419e-07 0.00421122 0.0106866 0.0052641 0.00167835 4.06662e-07 9.23896e-08 1.72358e-05 0.00083449 0.000126568 
0.00568472 0.0230175 0.8711 3.88038e-07 0.0706389 0.00319553 4.46103e-06 1.41126e-05 0.000348939 5.10734e-06 0.00120096 1.39429e-07 0.00130763 0.00329824 2.20336e-05 1.5349e-07 0.00259282 1.46911e-07 1.71656e-07 0.000514435 0.000559944 8.45042e-07 1.01167e-05 3.44127e-08 7.1283e-05 3.53262e-06 0.0164077 
8.86363e-06 6.92075e-06 0.751581 0.000305874 0.18588 8.67126e-06 7.12019e-06 1.08998e-06 0.00186415 0.000304345 0.0215725 0.000517454 1.3816e-05 0.00617692 3.34614e-06 9.4207e-08 0.000379719 9.01691e-08 0.00373172 0.00955648 0.0139113 0.000402982 9.47586e-07 2.11214e-08 7.5362e-05 0.00343204 0.000256581 
1.67796e-05 0.0464792 0.545337 0.000295538 0.360189 0.00240878 0.0108859 5.60337e-09 6.70547e-09 5.48343e-07 0.00389245 0.00242729 0.00485739 0.00162561 6.15071e-06 1.13971e-08 0.00519757 1.09086e-08 3.02888e-06 0.00395663 0.00989912 0.000485473 3.55986e-06 2.55526e-09 0.00127123 6.46249e-05 0.000697777 
1.46545e-08 0.0143793 0.961804 6.6349e-07 0.00352812 9.52166e-09 1.67561e-07 1.38808e-08 1.6611e-08 0.000119961 2.86989e-07 2.26741e-06 0.00031674 7.52751e-06 3.80576e-08 2.82333e-08 0.000378204 2.70231e-08 0.000179035 0.000891298 1.47742e-06 1.64361e-05 0.00308124 6.32996e-09 1.21831e-06 7.46811e-07 0.0152909 
0.000309848 3.92391e-06 0.635768 1.37622e-06 0.232749 7.25305e-06 4.81402e-07 0.00251291 1.74932e-06 1.27188e-06 0.0639713 0.043429 7.56071e-07 0.00777904 1.03404e-06 9.75945e-09 0.00447715 9.34114e-09 1.09145e-08 2.68355e-07 0.00401363 9.11232e-06 2.64173e-06 2.18809e-09 1.34035e-07 7.0831e-07 0.00495991 
2.75868e-08 0.000645655 0.57336 0.000188239 0.00682429 1.79244e-08 1.68503e-05 1.47448e-05 4.07078e-06 1.37702e-05 7.08372e-06 0.186079 0.070609 0.0543701 7.16429e-08 5.31487e-08 0.0442097 0.0131085 5.94391e-08 5.17725e-05 3.93725e-05 3.91323e-06 2.3767e-05 1.1916e-08 1.11342e-05 3.41195e-06 0.0504155 
2.78325e-08 0.000167616 0.915818 2.27602e-07 0.0398984 1.43871e-07 0.00116945 1.9147e-10 2.2913e-10 3.11465e-10 0.0203819 2.63097e-07 0.00379841 0.00751041 5.24963e-10 3.89446e-10 0.00386407 3.46543e-07 4.3554e-10 0.00024429 0.000230953 7.59377e-05 0.00386857 8.73147e-11 0.000167314 3.45675e-07 0.0028036 
0.000640121 0.000311487 0.902054 5.57347e-08 0.0650061 1.92353e-06 0.000495552 0.000249326 5.59747e-08 1.4654e-05 0.00454888 0.00302316 6.24141e-07 3.80446e-07 2.74711e-05 3.1383e-07 0.00290849 1.59403e-09 6.16725e-05 0.0188051 0.00141151 0.000262101 5.96302e-05 3.73388e-10 2.98426e-05 2.64159e-05 6.0888e-05 
0.0051201 0.0895859 0.543452 0.00210237 0.0501598 0.143288 0.00112496 0.0126375 0.00402149 3.54013e-05 0.0544064 5.18772e-07 0.0734982 0.000454354 1.22485e-05 1.9779e-06 2.66018e-06 0.000130814 1.68486e-06 0.0120848 0.00137123 0.000352597 2.17742e-07 1.38523e-07 0.000624489 0.000917826 0.00461274 
1.57855e-06 1.32763e-06 0.0479599 0.000389634 0.659716 1.78598e-07 0.00284269 0.0619234 4.68417e-10 2.92368e-07 0.0344323 0.000253796 0.00259928 0.0567473 1.0732e-09 7.96158e-10 0.0906839 2.1164e-07 8.38646e-07 0.0011286 0.0264705 0.00284877 7.85687e-10 1.785e-10 8.56809e-05 0.000486982 0.0114267 
6.05439e-05 0.0528443 0.396375 1.1274e-05 0.146496 0.000385197 0.0240554 3.94867e-05 0.295221 1.33341e-06 1.08275e-06 0.00129265 0.0358302 0.00389554 6.38861e-06 1.31165e-07 1.06144e-05 1.25543e-07 3.70674e-06 6.40066e-06 0.0384056 4.12912e-06 0.000230593 2.94075e-08 0.000194724 0.00179906 0.00283006 
7.06533e-05 2.24972e-07 0.408548 1.21038e-05 0.157548 3.56358e-06 0.000670774 7.7133e-07 3.46014e-10 0.00020409 0.371675 0.0302928 0.000481969 5.92751e-07 8.37746e-05 5.88112e-10 0.000654332 5.62904e-10 1.11221e-05 0.0290614 0.000619689 5.36467e-08 8.45127e-07 1.31856e-10 6.02111e-05 7.42153e-08 6.01532e-07 
2.26303e-07 0.00690526 0.796242 4.03055e-07 0.0163123 0.000648695 0.00243142 0.000807421 0.0032467 0.0994293 0.0172076 0.0185617 0.00772033 0.00365244 2.36121e-05 1.56372e-09 0.0084645 1.21692e-06 0.00783997 0.000473723 0.00192555 0.00173409 7.73235e-07 3.50588e-10 0.000274451 0.00276336 0.00333343 
0.000862019 0.00120222 0.00235361 0.000563446 0.00077076 0.000225023 0.000305463 6.97811e-08 0.00145309 1.13513e-07 0.000119482 0.00070486 0.000214821 0.987464 1.91322e-07 1.41933e-07 0.000387329 1.3585e-07 0.000365242 1.18816e-07 0.00117131 0.00107855 1.40067e-07 3.18217e-08 7.25797e-05 0.000150187 0.00053489 
2.87071e-07 0.000507226 0.0096088 2.13267e-08 0.504538 1.31266e-08 1.72972e-07 6.83187e-12 0.000716101 1.11134e-11 0.00228709 0.000211864 2.40628e-07 0.316219 1.87313e-11 1.38959e-11 0.00256515 4.52343e-08 1.55405e-11 0.00535339 0.0924819 8.53191e-08 3.63413e-07 3.11549e-12 6.09111e-09 0.0655106 3.10632e-08 
0.00111542 0.000824699 0.0130685 5.98542e-07 0.240857 1.95774e-06 0.000818841 0.000107284 3.15392e-05 3.13568e-06 0.00331395 0.000735428 0.00124376 0.0150456 9.08149e-05 5.55951e-11 0.00885444 1.04543e-06 2.69916e-07 0.000286678 0.544102 3.71832e-05 6.23588e-05 1.24645e-11 1.32029e-07 0.167259 0.00213853 
6.0724e-10 0.00513185 0.475584 0.000145521 0.201228 1.36834e-06 5.04355e-05 5.75182e-10 3.91569e-07 2.92332e-06 0.000592673 1.99835e-08 2.93021e-06 0.174456 0.0206388 1.16991e-09 6.74991e-05 1.11976e-09 1.56162e-06 8.51023e-06 0.00470045 1.05775e-06 1.15452e-09 2.62296e-10 0.00109076 0.000108549 0.116187 
0.00134822 3.77805e-07 1.33986e-06 5.61699e-06 0.910525 3.42302e-08 4.5106e-07 1.78155e-11 1.34334e-07 2.89805e-11 1.92326e-06 1.97243e-07 6.27485e-07 0.038838 4.88455e-11 3.62363e-11 0.00529573 1.17957e-07 4.05251e-11 2.84841e-06 0.0161484 0.000267206 9.47671e-07 8.12425e-12 2.65281e-09 0.0275629 8.10035e-08 
2.59197e-10 0.000769401 0.00936223 9.38858e-07 0.45017 1.68412e-10 1.05785e-06 4.13716e-07 2.93802e-10 0.000158256 0.00964858 0.000601745 0.365648 0.0568769 6.86759e-07 4.99369e-10 0.0392467 2.71123e-07 0.000532301 1.00228e-06 0.0554743 0.00471094 4.92802e-10 1.1196e-10 1.1229e-07 4.41646e-07 0.00679514 
3.40963e-08 5.31168e-05 0.860577 2.1912e-08 0.00616905 2.21539e-08 0.000902282 3.22963e-08 1.72855e-06 0.0517985 0.0287662 0.00272009 0.0193886 3.12472e-05 4.92823e-06 4.49582e-06 0.00131638 0.000237517 0.000362323 0.00505572 0.000726885 3.99274e-06 7.17169e-06 1.47278e-08 9.29683e-05 7.75573e-07 0.0217793 
5.27844e-05 0.00522528 0.963967 0.00308181 0.00685886 1.37858e-05 0.00126531 2.50801e-05 8.89677e-05 3.40761e-08 0.0014846 0.00270687 0.00156743 0.00197204 5.7434e-08 1.85771e-05 2.37126e-05 1.7288e-05 2.23955e-05 3.23599e-05 0.00221767 0.000402351 2.07436e-06 9.55273e-09 0.00502809 9.19727e-06 0.00391625 
0.000153892 0.000646551 0.650152 7.11876e-07 0.0756419 0.0413509 0.00205718 0.0130834 0.00033467 0.000247037 0.00686278 7.27759e-05 0.00127941 0.0678365 2.87675e-06 2.13413e-06 0.000607646 1.83734e-05 0.000245435 3.7494e-05 0.00644053 5.46193e-05 2.10606e-06 4.78477e-07 0.000538116 0.113467 0.0188636 
0.00200071 0.00149925 0.0308157 6.75671e-05 0.419689 6.93008e-09 0.0274142 3.60683e-12 2.71966e-08 5.86725e-12 0.399887 0.00208454 0.0131739 0.034293 9.88903e-12 7.33623e-12 0.00904166 2.38811e-08 8.20452e-12 0.0020766 0.00399573 0.00420261 1.91861e-07 1.6448e-12 5.79947e-08 0.0497579 1.63996e-08 
0.0182617 0.0238393 0.640964 0.000167255 0.117814 0.0347723 0.00172006 7.15072e-05 2.47039e-05 4.49352e-05 0.0523825 9.82967e-05 0.000566955 0.0294601 6.32223e-06 1.25716e-06 0.00093001 1.20327e-06 1.40595e-06 0.00190625 0.018206 0.011665 0.000219833 2.81857e-07 4.45317e-05 0.0107887 0.0360417 
0.00111542 0.000824699 0.0130685 5.98542e-07 0.240857 1.95774e-06 0.000818841 0.000107284 3.15392e-05 3.13568e-06 0.00331395 0.000735428 0.00124376 0.0150456 9.08149e-05 5.55951e-11 0.00885444 1.04543e-06 2.69916e-07 0.000286678 0.544102 3.71832e-05 6.23588e-05 1.24645e-11 1.32029e-07 0.167259 0.00213853 
0.00200071 0.00149925 0.0308157 6.75671e-05 0.419689 6.93008e-09 0.0274142 3.60683e-12 2.71966e-08 5.86725e-12 0.399887 0.00208454 0.0131739 0.034293 9.88903e-12 7.33623e-12 0.00904166 2.38811e-08 8.20452e-12 0.0020766 0.00399573 0.00420261 1.91861e-07 1.6448e-12 5.79947e-08 0.0497579 1.63996e-08 
0.00111542 0.000824699 0.0130685 5.98542e-07 0.240857 1.95774e-06 0.000818841 0.000107284 3.15392e-05 3.13568e-06 0.00331395 0.000735428 0.00124376 0.0150456 9.08149e-05 5.55951e-11 0.00885444 1.04543e-06 2.69916e-07 0.000286678 0.544102 3.71832e-05 6.23588e-05 1.24645e-11 1.32029e-07 0.167259 0.00213853 
2.52297e-12 1.1996e-09 0.000126465 1.62139e-12 2.24377e-08 5.62113e-09 7.07061e-05 2.38977e-12 0.999141 3.88745e-12 1.34144e-05 7.12861e-09 2.34566e-05 8.28463e-09 3.74394e-09 4.86075e-12 4.32795e-09 6.33159e-08 5.43605e-12 4.06904e-12 0.000461391 5.64879e-07 4.79682e-12 1.08979e-12 7.05488e-06 3.82104e-05 0.000117998 
0.00111542 0.000824699 0.0130685 5.98542e-07 0.240857 1.95774e-06 0.000818841 0.000107284 3.15392e-05 3.13568e-06 0.00331395 0.000735428 0.00124376 0.0150456 9.08149e-05 5.55951e-11 0.00885444 1.04543e-06 2.69916e-07 0.000286678 0.544102 3.71832e-05 6.23588e-05 1.24645e-11 1.32029e-07 0.167259 0.00213853 
0.00381178 0.00194079 0.0194321 0.000851486 0.151308 1.8982e-05 0.034646 2.05891e-07 7.42005e-05 3.34923e-07 0.157188 0.00283066 0.00857689 0.0166793 5.645e-07 4.18778e-07 0.00567731 6.53304e-05 4.68342e-07 0.557547 0.0033911 0.00857468 0.000522192 9.38908e-08 0.00315284 0.0236652 4.46586e-05 
3.64551e-06 2.85562e-06 0.678127 6.05221e-10 0.201882 6.11902e-10 1.63834e-06 4.32409e-07 7.36264e-07 5.38782e-07 0.0103924 0.00523959 2.07264e-06 1.26291e-06 0.000909882 1.81439e-09 0.00134173 1.73662e-09 0.000205274 0.100902 1.99629e-05 0.000873343 3.53793e-06 4.0679e-10 1.08193e-06 8.79522e-05 7.49022e-07 
2.76376e-09 2.62472e-06 0.439211 8.39248e-06 1.24433e-06 3.84395e-06 0.453726 1.01753e-07 0.0401401 8.91208e-07 1.91681e-06 6.41108e-06 0.000975686 8.26047e-07 7.1775e-09 5.32467e-09 0.00204013 1.11482e-06 5.95488e-09 0.00246469 0.00135004 2.03567e-06 7.01955e-06 1.1938e-09 0.0092053 1.36098e-05 0.0508369 
0.000292309 0.000570125 0.00201019 8.78807e-07 0.469339 2.87028e-06 0.000822368 2.16897e-05 0.0110792 2.592e-11 0.00324377 7.29167e-05 0.000294888 0.11764 6.26959e-06 5.51253e-08 0.0024155 1.52532e-06 7.48549e-05 0.000821473 0.125241 1.27565e-05 0.000184144 7.26628e-12 6.01021e-05 0.265641 0.000151107 
4.41033e-06 0.000436217 0.761084 0.000282764 0.00963397 3.29876e-07 0.0667243 6.07866e-10 7.27425e-10 3.77805e-07 0.151926 3.27153e-06 0.00541327 4.7992e-06 1.66661e-09 1.23639e-09 0.00204358 1.18339e-09 1.38272e-09 0.000196436 9.62394e-05 0.0013559 1.22013e-09 2.77201e-10 0.000791322 1.633e-06 1.01734e-06 
0.00200071 0.00149925 0.0308157 6.75671e-05 0.419689 6.93008e-09 0.0274142 3.60683e-12 2.71966e-08 5.86725e-12 0.399887 0.00208454 0.0131739 0.034293 9.88903e-12 7.33623e-12 0.00904166 2.38811e-08 8.20452e-12 0.0020766 0.00399573 0.00420261 1.91861e-07 1.6448e-12 5.79947e-08 0.0497579 1.63996e-08 
3.64551e-06 2.85562e-06 0.678127 6.05221e-10 0.201882 6.11902e-10 1.63834e-06 4.32409e-07 7.36264e-07 5.38782e-07 0.0103924 0.00523959 2.07264e-06 1.26291e-06 0.000909882 1.81439e-09 0.00134173 1.73662e-09 0.000205274 0.100902 1.99629e-05 0.000873343 3.53793e-06 4.0679e-10 1.08193e-06 8.79522e-05 7.49022e-07 
0.00184873 0.000555583 0.398714 1.1069e-07 0.102699 8.89518e-11 2.19454e-07 9.28969e-05 6.31528e-07 2.10943e-10 0.229815 0.0813881 0.000524919 0.00234501 4.10557e-05 2.63756e-10 0.0147707 2.52451e-10 0.0291569 0.124787 0.0130637 3.04628e-07 8.29059e-07 5.91347e-11 0.000129414 6.44811e-05 1.35385e-06 
6.9289e-08 8.26579e-05 0.0203777 4.59878e-06 0.156078 0.018096 0.0118181 0.000440057 0.760498 1.06762e-07 0.00646772 0.00155264 0.0138737 0.000326656 1.79944e-07 1.33492e-07 0.0004688 1.27771e-07 8.86251e-06 0.00488966 0.0010886 0.00147763 7.74247e-05 2.99292e-08 2.57333e-07 0.000265585 0.00210682 
0.0313581 0.00310398 0.000144762 1.18868e-05 0.00138699 8.45697e-07 9.53394e-06 6.40628e-06 1.09966e-05 3.17069e-07 0.00726835 0.001462 5.01961e-05 0.935854 1.50645e-08 8.24868e-07 0.000348409 6.69599e-07 4.12295e-05 9.35538e-09 0.0141564 0.0030584 0.00166114 3.73765e-09 5.50806e-05 8.57636e-06 6.82953e-07 
2.76376e-09 2.62472e-06 0.439211 8.39248e-06 1.24433e-06 3.84395e-06 0.453726 1.01753e-07 0.0401401 8.91208e-07 1.91681e-06 6.41108e-06 0.000975686 8.26047e-07 7.1775e-09 5.32467e-09 0.00204013 1.11482e-06 5.95488e-09 0.00246469 0.00135004 2.03567e-06 7.01955e-06 1.1938e-09 0.0092053 1.36098e-05 0.0508369 
0.000177235 0.00135829 0.00484977 5.18083e-05 0.27985 6.56509e-08 0.659119 9.57067e-08 0.00245351 0.000202687 0.00586057 0.00233424 0.000248948 0.0173737 2.62404e-07 1.94665e-07 0.000147805 1.86322e-07 0.00991261 7.80758e-05 0.0124021 0.000457127 1.92105e-07 4.36444e-08 0.000204409 0.00290932 7.28506e-06 
1.611e-06 0.00197305 0.332478 0.000282432 0.374226 0.0364342 0.00824303 0.00146404 0.000134101 1.12962e-08 0.0287034 0.0616676 2.20359e-06 0.0081482 1.90394e-08 1.41245e-08 0.0175907 1.35191e-08 0.00772126 1.18239e-08 0.120543 1.44384e-06 2.82259e-07 3.16673e-09 1.69517e-06 0.000344232 3.92132e-05 
0.000186335 0.000485419 0.32029 0.000105394 0.633771 0.0014488 0.000208894 0.000543214 0.000999709 3.08797e-07 0.00771072 9.36192e-05 0.00445938 0.00269333 0.000213212 3.8611e-07 0.000133071 3.69561e-07 4.31808e-07 0.0196393 0.00155625 1.38695e-05 0.00131759 8.65666e-08 0.00157695 0.00034722 0.00220471 
4.86599e-08 3.24035e-06 0.467268 0.151756 0.15927 1.27801e-05 0.00961553 0.0317781 4.19749e-07 7.49765e-08 1.45691e-05 0.000551437 0.000812146 0.113055 7.00478e-05 9.37482e-08 0.00361213 1.53203e-05 0.0604035 0.000963325 1.0952e-05 5.12794e-05 4.19683e-05 2.10185e-08 0.000613826 2.74541e-06 7.67763e-05 
1.82539e-08 0.00157004 0.740609 7.69197e-06 0.0259297 5.06098e-07 5.74014e-05 2.56768e-09 1.30651e-05 0.00109589 0.0545548 1.48489e-07 0.000579673 0.131321 6.033e-06 5.2226e-09 0.0214177 1.58446e-05 8.62897e-07 0.000753217 0.00308808 0.00041234 0.00726823 1.17092e-09 0.000167775 0.000188415 0.0109429 
5.49299e-06 0.000787324 0.46773 0.00456077 0.153325 1.60123e-09 3.23655e-06 2.33429e-09 2.79341e-09 0.0302449 0.0427126 0.036691 1.07296e-05 6.32834e-06 1.59247e-05 2.44375e-07 0.118097 4.54439e-09 3.11315e-06 0.00457916 0.00679955 0.133684 0.000484735 1.06449e-09 0.000150454 0.000101336 6.79326e-06 
0.00230169 0.0170913 0.816257 0.00244891 0.0267117 0.000186797 0.0494688 6.70246e-08 8.02073e-08 1.09029e-07 0.0447681 0.00110563 0.00419849 0.023659 1.76517e-05 1.21622e-06 0.00905344 1.30483e-07 1.52462e-07 0.000143822 0.00142083 0.00058624 9.77074e-05 3.05647e-08 0.000452419 1.63633e-05 1.27852e-05 
2.76376e-09 2.62472e-06 0.439211 8.39248e-06 1.24433e-06 3.84395e-06 0.453726 1.01753e-07 0.0401401 8.91208e-07 1.91681e-06 6.41108e-06 0.000975686 8.26047e-07 7.1775e-09 5.32467e-09 0.00204013 1.11482e-06 5.95488e-09 0.00246469 0.00135004 2.03567e-06 7.01955e-06 1.1938e-09 0.0092053 1.36098e-05 0.0508369 
0.0313581 0.00310398 0.000144762 1.18868e-05 0.00138699 8.45697e-07 9.53394e-06 6.40628e-06 1.09966e-05 3.17069e-07 0.00726835 0.001462 5.01961e-05 0.935854 1.50645e-08 8.24868e-07 0.000348409 6.69599e-07 4.12295e-05 9.35538e-09 0.0141564 0.0030584 0.00166114 3.73765e-09 5.50806e-05 8.57636e-06 6.82953e-07 
0.00200071 0.00149925 0.0308157 6.75671e-05 0.419689 6.93008e-09 0.0274142 3.60683e-12 2.71966e-08 5.86725e-12 0.399887 0.00208454 0.0131739 0.034293 9.88903e-12 7.33623e-12 0.00904166 2.38811e-08 8.20452e-12 0.0020766 0.00399573 0.00420261 1.91861e-07 1.6448e-12 5.79947e-08 0.0497579 1.63996e-08 
0.00141271 0.000845233 0.0123538 0.000203869 0.782093 7.69902e-06 0.0145827 4.54728e-08 3.01522e-05 7.39708e-08 0.138557 0.00116789 0.00534425 0.0129856 1.24675e-07 9.24907e-08 0.00365226 2.65135e-05 1.03438e-07 0.00158464 0.00204317 0.0029424 0.000212445 2.07366e-08 0.000666991 0.0192689 1.8164e-05 
2.48261e-07 2.11123e-07 0.943605 1.40416e-07 0.0221923 1.36969e-10 2.78358e-07 7.23857e-07 3.44167e-07 5.69476e-07 0.00203156 0.000297681 4.5103e-05 5.56298e-07 2.83989e-07 4.06136e-10 0.000116531 3.88729e-10 8.57267e-08 0.0296826 0.00158379 8.35212e-08 7.56463e-08 9.10566e-11 0.000441761 6.96379e-08 1.96715e-07 
0.00435366 0.00100601 0.0126952 0.0064136 0.0056944 2.83193e-05 3.79457e-06 4.28942e-06 3.25513e-09 4.42484e-09 0.0113991 0.000557699 0.00254465 0.00432313 4.16236e-06 5.53267e-09 0.00640228 9.42801e-07 6.1875e-09 4.63153e-09 0.630866 1.44086e-05 0.00052022 1.24044e-09 8.45101e-07 0.0474026 0.265764 
6.34394e-08 1.87179e-05 0.57567 4.07694e-08 0.210178 2.45393e-05 2.24467e-05 2.11582e-05 5.45044e-06 6.12689e-05 0.00190708 4.6606e-06 1.56006e-05 2.14839e-05 1.64752e-07 1.22222e-07 0.0741931 3.986e-05 0.000403853 0.000313036 0.00049297 4.00993e-05 0.000275155 2.74025e-08 9.6604e-05 0.133849 0.00234497 
5.68745e-07 0.012085 0.00576335 0.000292732 0.00468853 1.52296e-05 7.58805e-06 5.38719e-07 6.44678e-07 8.76337e-07 0.019539 0.0318966 0.00144755 0.0273427 0.00190785 0.0448799 0.733397 1.04878e-06 1.22543e-06 0.00159124 0.000611091 0.0415386 0.00179052 2.45668e-07 1.39581e-06 0.00011914 0.0710796 
0.000187122 2.21914e-05 0.492092 0.000274248 0.136944 3.09001e-09 1.59979e-06 4.50466e-09 7.38264e-07 0.00322517 0.0145983 0.000132193 0.00921843 0.0103842 8.03432e-05 9.16238e-09 0.0965197 8.76967e-09 0.019043 0.00359753 0.00805423 4.48219e-05 7.97762e-07 2.05422e-09 4.04465e-05 0.165953 0.0395855 
2.76376e-09 2.62472e-06 0.439211 8.39248e-06 1.24433e-06 3.84395e-06 0.453726 1.01753e-07 0.0401401 8.91208e-07 1.91681e-06 6.41108e-06 0.000975686 8.26047e-07 7.1775e-09 5.32467e-09 0.00204013 1.11482e-06 5.95488e-09 0.00246469 0.00135004 2.03567e-06 7.01955e-06 1.1938e-09 0.0092053 1.36098e-05 0.0508369 
0.00200071 0.00149925 0.0308157 6.75671e-05 0.419689 6.93008e-09 0.0274142 3.60683e-12 2.71966e-08 5.86725e-12 0.399887 0.00208454 0.0131739 0.034293 9.88903e-12 7.33623e-12 0.00904166 2.38811e-08 8.20452e-12 0.0020766 0.00399573 0.00420261 1.91861e-07 1.6448e-12 5.79947e-08 0.0497579 1.63996e-08 
1.49377e-07 1.78955e-06 0.840983 8.09313e-10 0.0127874 1.69248e-05 2.88461e-06 3.06284e-05 2.05045e-07 1.94042e-09 0.00644207 0.00247756 0.00318551 0.0010086 3.2705e-09 2.42624e-09 4.61426e-06 9.24483e-07 2.7134e-09 5.67554e-06 0.000662508 1.67279e-06 0.132373 5.43968e-10 9.48188e-07 3.94008e-07 1.30672e-05 
2.6155e-06 0.0893966 0.0115322 0.0097926 0.0371253 3.54181e-06 0.0530533 8.81118e-06 2.13405e-06 3.21106e-05 0.00203468 0.000505915 0.00403304 0.0623716 0.00113225 5.6448e-09 0.0884432 1.64522e-05 7.8377e-06 0.464152 0.0963405 0.00460229 2.87759e-06 1.26558e-09 7.53683e-08 0.0687237 0.00668452 
0.00334502 0.00333931 0.533502 6.11615e-06 0.182837 4.6062e-06 5.34928e-06 2.68049e-07 2.02596e-06 4.97388e-05 0.0209324 0.0108056 1.42762e-05 1.30364e-05 0.000458893 4.01183e-07 0.00126203 8.51861e-07 1.28929e-06 0.0683617 0.132862 0.00131967 0.000240406 1.14121e-09 0.000110386 0.0405203 4.95489e-06 
6.11157e-05 8.52353e-05 0.934624 3.99474e-05 5.46456e-05 1.59538e-05 2.16568e-05 4.94737e-09 0.000103021 8.0479e-09 8.4711e-06 4.99735e-05 1.52305e-05 0.000174588 1.35644e-08 1.00628e-08 2.7461e-05 9.63154e-09 2.58951e-05 1.09594e-05 8.30442e-05 7.64676e-05 9.93051e-09 2.25611e-09 5.14578e-06 1.0648e-05 0.0645067 
0.00200071 0.00149925 0.0308157 6.75671e-05 0.419689 6.93008e-09 0.0274142 3.60683e-12 2.71966e-08 5.86725e-12 0.399887 0.00208454 0.0131739 0.034293 9.88903e-12 7.33623e-12 0.00904166 2.38811e-08 8.20452e-12 0.0020766 0.00399573 0.00420261 1.91861e-07 1.6448e-12 5.79947e-08 0.0497579 1.63996e-08 
0.0134745 5.56105e-07 0.0369755 7.01191e-07 0.645187 2.38794e-05 6.67148e-07 3.08491e-10 7.24918e-07 5.01824e-10 0.0553001 0.000527126 0.000985555 0.152747 2.6024e-08 5.92704e-07 0.00229325 1.29749e-06 1.50158e-06 3.668e-06 0.00786521 0.0230864 6.19213e-10 1.40679e-10 0.000101129 0.0594135 0.00200998 
0.00200071 0.00149925 0.0308157 6.75671e-05 0.419689 6.93008e-09 0.0274142 3.60683e-12 2.71966e-08 5.86725e-12 0.399887 0.00208454 0.0131739 0.034293 9.88903e-12 7.33623e-12 0.00904166 2.38811e-08 8.20452e-12 0.0020766 0.00399573 0.00420261 1.91861e-07 1.6448e-12 5.79947e-08 0.0497579 1.63996e-08 
6.45092e-08 7.73323e-07 0.972262 4.13205e-07 0.0183158 3.25735e-10 1.77885e-07 4.74861e-10 5.6826e-10 0.00390102 0.000527149 6.0949e-07 4.92436e-07 2.11388e-06 1.30195e-09 9.65858e-10 4.10957e-07 9.2446e-10 1.30845e-06 0.00168149 0.00159669 1.59775e-07 0.000753345 2.16547e-10 0.000952973 4.69507e-07 2.85757e-06 
2.46128e-06 5.66644e-06 0.937549 6.26093e-05 0.00173688 5.46219e-06 1.07568e-05 2.33133e-06 5.59573e-09 9.10787e-07 0.0569132 8.30378e-07 3.18149e-06 4.40696e-05 1.87532e-05 0.000928192 0.000718777 9.10328e-09 1.06366e-08 0.00176623 5.87052e-06 3.40471e-06 1.56118e-05 2.13237e-09 0.000191096 9.70185e-07 1.36969e-05 
0.041143 0.0294891 0.160697 0.00839651 0.0257395 0.00334187 0.155119 3.14844e-09 0.00989219 5.12159e-09 0.260742 0.155262 0.112352 0.0186978 0.000206825 6.40387e-09 0.00140274 0.000150975 7.16181e-09 0.00505861 0.000288148 0.00141378 3.0831e-07 1.43576e-09 0.00016301 0.000135128 0.0103077 
0.00200071 0.00149925 0.0308157 6.75671e-05 0.419689 6.93008e-09 0.0274142 3.60683e-12 2.71966e-08 5.86725e-12 0.399887 0.00208454 0.0131739 0.034293 9.88903e-12 7.33623e-12 0.00904166 2.38811e-08 8.20452e-12 0.0020766 0.00399573 0.00420261 1.91861e-07 1.6448e-12 5.79947e-08 0.0497579 1.63996e-08 
0.00011426 8.94981e-05 0.166748 5.81963e-06 0.192468 1.62336e-06 5.73202e-05 1.35612e-05 2.60589e-05 1.88595e-05 0.0136897 0.00301901 7.25127e-05 0.00699121 4.18162e-05 7.61424e-08 0.00081043 7.28788e-08 0.00326685 0.195839 0.414099 0.000576793 0.000123787 1.70713e-08 3.39113e-05 0.00186635 2.62065e-05 
0.0238658 0.000545218 0.00379678 3.63966e-06 0.876847 0.000360105 0.00289025 0.0111684 0.00043337 3.48356e-09 0.00162891 0.00129534 0.0103397 0.040613 0.00139324 0.000401971 0.016324 4.16904e-09 4.87127e-09 3.64629e-09 0.00329938 0.00106567 4.29845e-09 9.76565e-10 0.000150515 0.00175563 0.00182154 
6.16432e-06 0.00117067 0.885133 5.08357e-07 0.0428401 1.8984e-05 0.00177888 7.71037e-05 5.58426e-07 0.00196592 0.000875038 0.000825797 6.93148e-06 0.0554668 6.95561e-06 1.52329e-06 0.000571418 2.56416e-08 2.99605e-08 0.00526427 0.00375263 1.58857e-05 0.000186157 6.00633e-09 2.97949e-05 1.87584e-06 3.1605e-06 
2.16407e-06 0.0850586 0.556613 1.41451e-06 0.11408 0.00106259 0.00078045 2.63873e-10 0.0113721 8.83132e-07 0.0448602 1.76947e-06 0.065224 0.0544771 4.43887e-07 5.36712e-10 0.0228212 4.62131e-07 9.17092e-07 9.63699e-07 0.00844723 0.00275554 1.47596e-06 1.20332e-10 0.00129472 0.00804317 0.0230993 
5.53422e-05 0.00618705 3.50244e-05 7.82391e-07 0.0430264 0.317957 2.47782e-06 0.072008 0.000110867 0.535766 0.000128674 0.00157887 0.000791333 7.01134e-06 3.16171e-06 2.34553e-06 2.39991e-06 9.0944e-06 2.62314e-06 1.63587e-05 0.00264124 0.00904439 2.31468e-06 5.25872e-07 0.00385334 0.00504975 0.00171785 
2.76376e-09 2.62472e-06 0.439211 8.39248e-06 1.24433e-06 3.84395e-06 0.453726 1.01753e-07 0.0401401 8.91208e-07 1.91681e-06 6.41108e-06 0.000975686 8.26047e-07 7.1775e-09 5.32467e-09 0.00204013 1.11482e-06 5.95488e-09 0.00246469 0.00135004 2.03567e-06 7.01955e-06 1.1938e-09 0.0092053 1.36098e-05 0.0508369 
0.159808 0.0132513 0.00943587 2.23648e-06 0.27135 1.3078e-06 0.000176302 2.38578e-05 0.112397 3.15871e-09 0.00206284 0.00805004 6.01783e-06 0.174678 1.36628e-06 2.02416e-07 4.79185e-06 3.78026e-09 9.46135e-05 0.00053706 0.196004 0.010008 0.000192728 8.85497e-10 7.9327e-06 0.0416485 0.000257838 
0.00435366 0.00100601 0.0126952 0.0064136 0.0056944 2.83193e-05 3.79457e-06 4.28942e-06 3.25513e-09 4.42484e-09 0.0113991 0.000557699 0.00254465 0.00432313 4.16236e-06 5.53267e-09 0.00640228 9.42801e-07 6.1875e-09 4.63153e-09 0.630866 1.44086e-05 0.00052022 1.24044e-09 8.45101e-07 0.0474026 0.265764 
2.2783e-06 0.000934603 0.341371 1.69877e-07 0.41083 1.04837e-07 0.00542884 3.38745e-06 4.09878e-07 1.74779e-07 0.0134615 0.0015829 0.00576721 0.179248 2.983e-09 2.18538e-07 0.0394379 3.3125e-05 0.00104051 0.000399574 7.79652e-06 6.77197e-07 2.88487e-06 4.96149e-10 3.54067e-07 3.3525e-05 0.000412494 
2.42158e-09 3.5661e-07 0.721851 0.00197267 0.14071 0.000482307 0.0286807 2.29374e-09 0.0467318 0.0173215 0.00293164 6.67973e-05 0.00379108 0.0254217 1.2373e-06 4.66541e-09 1.51904e-06 4.46545e-09 0.000468196 0.00148738 0.00627092 9.5799e-06 3.64003e-06 1.04599e-09 0.00021412 3.48887e-07 0.00158128 
2.76376e-09 2.62472e-06 0.439211 8.39248e-06 1.24433e-06 3.84395e-06 0.453726 1.01753e-07 0.0401401 8.91208e-07 1.91681e-06 6.41108e-06 0.000975686 8.26047e-07 7.1775e-09 5.32467e-09 0.00204013 1.11482e-06 5.95488e-09 0.00246469 0.00135004 2.03567e-06 7.01955e-06 1.1938e-09 0.0092053 1.36098e-05 0.0508369 
0.00111542 0.000824699 0.0130685 5.98542e-07 0.240857 1.95774e-06 0.000818841 0.000107284 3.15392e-05 3.13568e-06 0.00331395 0.000735428 0.00124376 0.0150456 9.08149e-05 5.55951e-11 0.00885444 1.04543e-06 2.69916e-07 0.000286678 0.544102 3.71832e-05 6.23588e-05 1.24645e-11 1.32029e-07 0.167259 0.00213853 
0.00568472 0.0230175 0.8711 3.88038e-07 0.0706389 0.00319553 4.46103e-06 1.41126e-05 0.000348939 5.10734e-06 0.00120096 1.39429e-07 0.00130763 0.00329824 2.20336e-05 1.5349e-07 0.00259282 1.46911e-07 1.71656e-07 0.000514435 0.000559944 8.45042e-07 1.01167e-05 3.44127e-08 7.1283e-05 3.53262e-06 0.0164077 
9.36865e-05 0.00239812 0.364684 0.000580429 0.0725726 0.000329463 0.0023474 0.00281929 6.18287e-05 1.00722e-06 0.285602 0.0587306 0.0128635 0.00250825 1.59859e-05 1.85173e-06 0.00327408 1.72318e-06 0.000762788 0.0464897 0.00369662 2.57301e-05 0.0296883 4.67347e-07 4.28432e-05 0.0735824 0.0368261 
9.65414e-06 0.0293311 0.298022 7.27694e-07 0.58026 0.000107039 0.0142344 1.76991e-08 1.75001e-06 2.87912e-08 0.0484293 2.54232e-06 8.08009e-06 5.31827e-05 4.85265e-08 3.59997e-08 0.0166106 1.55232e-06 4.02604e-08 3.66937e-05 3.29955e-05 0.00074167 1.22332e-05 8.0712e-09 2.92596e-05 0.0120739 1.04774e-06 
9.156e-10 1.78729e-06 0.966224 7.96907e-07 0.010992 5.94907e-10 0.000383974 0.000926146 0.000384768 1.24364e-06 0.00235836 1.16498e-05 0.0151974 1.50211e-07 6.19601e-07 9.33421e-08 1.14229e-07 6.15259e-07 1.97277e-09 0.001571 2.33634e-07 4.53286e-05 4.97715e-07 3.95491e-10 0.00022419 2.08093e-07 0.00167526 
3.18347e-06 0.0159841 0.603584 1.40444e-07 0.00698847 0.000112911 0.000142361 0.0393973 4.20928e-05 8.86041e-05 0.0137903 0.109032 0.0348877 0.160104 5.67547e-07 4.21038e-07 1.92264e-05 4.02992e-07 4.7087e-07 3.5246e-07 3.38637e-05 5.13387e-06 9.53266e-05 9.43976e-08 8.0197e-06 1.0227e-06 0.0156782 
1.81917e-08 0.00650288 0.338526 1.10478e-05 0.162772 1.18199e-08 0.000328112 2.23871e-05 2.06204e-08 2.80302e-08 2.4467e-06 2.35209e-06 0.00524578 0.286061 4.72438e-08 3.50481e-08 0.00405046 3.35458e-08 3.91962e-08 0.134136 0.000134657 0.000137661 3.45871e-08 7.85785e-09 0.002407 0.0388933 0.0207659 
7.96533e-06 0.0111876 0.648758 5.96618e-07 0.23307 3.69397e-07 4.79776e-06 8.30539e-09 1.43754e-06 1.35104e-08 0.0226898 0.000870363 6.67101e-06 4.39137e-05 2.27713e-08 1.6893e-08 0.0026167 1.26956e-06 0.000291006 0.0351111 0.0233456 0.000613762 0.000158428 3.78745e-09 6.36172e-07 0.0152417 0.00597819 
0.000375904 0.00212587 0.00876102 8.66898e-06 0.350314 2.82512e-05 0.0069764 1.02815e-12 7.75259e-09 1.6725e-12 0.0192464 1.13832e-08 0.00294776 0.0277523 2.81894e-12 2.09124e-12 0.0018858 1.49832e-05 2.33875e-12 0.00376459 0.0252771 1.284e-08 0.000929807 4.68861e-13 1.8937e-08 0.549458 0.000133237 
9.09029e-06 0.00309663 0.901471 0.00154326 0.0217201 2.37406e-06 0.000211449 3.45535e-09 0.00097805 0.0290692 0.00428361 7.43119e-06 0.00273646 0.00645297 9.47371e-09 7.02812e-09 0.00103437 5.00487e-06 0.00150533 0.00203602 0.00496843 0.00195641 2.28876e-07 1.57572e-09 0.000340658 0.00170477 0.0148676 
9.49987e-07 0.000104658 0.785211 0.0197204 0.0225143 1.46904e-08 0.000237674 2.46146e-06 2.128e-06 0.033169 0.0217236 0.0011901 0.00631161 0.000733778 1.06183e-05 1.67545e-06 0.0192537 9.62611e-07 4.8715e-08 0.0650686 0.000172161 0.00137942 0.000429559 9.76613e-09 0.00996284 2.96525e-05 0.0127689 
6.22437e-12 1.55916e-09 0.000363695 4.00009e-12 3.9508e-08 3.46041e-05 0.000221482 3.94932e-08 0.997213 9.59066e-12 6.71145e-06 0.000148633 7.19267e-05 0.000420977 6.59688e-09 1.19919e-11 8.81964e-05 1.11489e-07 1.34112e-11 1.00387e-11 0.00114431 9.94628e-07 1.18342e-11 2.6886e-12 3.5329e-06 1.91165e-05 0.000262899 
0.000386319 0.473762 0.113983 0.110675 0.166087 0.000101117 0.000136932 0.0101699 0.000650824 0.000317598 0.00148796 0.00230348 0.0281216 0.00870562 1.89984e-06 1.4094e-06 0.00137522 0.000366567 0.000164895 0.000628196 0.00247167 0.0717041 0.00139604 3.15991e-07 7.49862e-05 0.000441015 0.00448418 
0.000255502 2.88404e-05 0.425115 0.000360045 0.0879611 0.000119628 3.81519e-05 0.000631239 2.92447e-07 4.5718e-07 0.00973593 0.00774681 0.0292267 0.00654483 4.93119e-05 1.94121e-05 0.126037 0.00114859 5.34166e-07 0.133807 0.0245052 0.000474014 3.7941e-05 2.12125e-07 8.40766e-05 0.143174 0.00289923 
0.00200071 0.00149925 0.0308157 6.75671e-05 0.419689 6.93008e-09 0.0274142 3.60683e-12 2.71966e-08 5.86725e-12 0.399887 0.00208454 0.0131739 0.034293 9.88903e-12 7.33623e-12 0.00904166 2.38811e-08 8.20452e-12 0.0020766 0.00399573 0.00420261 1.91861e-07 1.6448e-12 5.79947e-08 0.0497579 1.63996e-08 
0.00287024 0.0849061 0.263781 0.0154245 0.0172965 0.000328461 0.0121603 0.185872 0.00760315 7.04187e-08 0.145914 0.00449266 0.0676272 0.00271216 3.28206e-06 8.80493e-08 0.0403788 0.000256722 7.5971e-06 0.000812854 0.01114 0.00118401 0.000439759 1.97408e-08 9.30961e-05 0.00485844 0.129837 
0.00172141 0.00506649 0.839633 7.47542e-05 0.0173242 0.028427 0.00137466 3.8197e-05 0.000153054 3.13383e-09 1.1465e-05 0.00193396 0.0205455 0.0167094 3.60347e-06 0.00914644 0.0316663 1.11282e-05 1.16331e-07 0.00982827 0.0113524 0.000266015 3.17592e-06 8.78522e-10 0.000147501 0.000156617 0.00440507 
2.75104e-05 0.321645 0.258093 0.0247911 0.0266517 0.0106217 4.05069e-06 1.42308e-09 1.95745e-05 2.31493e-09 0.101479 0.00363677 0.00357785 0.00656438 3.90172e-09 2.90598e-07 6.74055e-06 2.44324e-06 3.7847e-06 2.42306e-09 0.215483 8.72849e-07 0.00292004 6.48956e-10 5.91863e-05 0.0229303 0.00148153 
6.51284e-05 9.19087e-05 0.0900989 4.29875e-06 0.666207 8.21513e-05 0.000143008 2.38788e-07 1.58655e-08 1.01689e-10 0.00286374 4.83367e-05 6.32532e-05 0.00440538 9.36753e-08 1.27149e-10 0.000373788 1.14885e-05 1.42198e-10 0.00527053 0.00262085 2.61803e-08 1.11536e-07 2.85071e-11 4.95274e-08 0.22765 9.54092e-09 
0.00111542 0.000824699 0.0130685 5.98542e-07 0.240857 1.95774e-06 0.000818841 0.000107284 3.15392e-05 3.13568e-06 0.00331395 0.000735428 0.00124376 0.0150456 9.08149e-05 5.55951e-11 0.00885444 1.04543e-06 2.69916e-07 0.000286678 0.544102 3.71832e-05 6.23588e-05 1.24645e-11 1.32029e-07 0.167259 0.00213853 
1.71123e-05 0.000976571 0.780752 1.19215e-06 0.135973 4.67431e-06 0.000907212 1.20193e-05 1.15855e-08 7.45808e-06 0.00403269 7.32044e-06 6.74657e-08 0.00537136 8.10527e-07 1.76778e-06 0.000520225 1.88475e-08 8.32325e-06 0.0119441 0.00580481 4.56824e-07 1.94326e-08 4.41489e-09 1.30135e-06 0.00570222 0.0479524 
0.686362 0.00112951 0.161074 0.00167937 0.00402942 1.85011e-07 0.000243316 0.000106949 3.22759e-07 4.3874e-07 0.0635793 0.0205073 0.0263714 0.0172833 7.39479e-07 5.48586e-07 0.00271296 5.25073e-07 6.13515e-07 4.59234e-07 0.000366484 0.00733847 5.41372e-07 1.22994e-07 5.48172e-05 6.82578e-05 0.00708913 
1.23175e-07 1.43042e-05 0.878445 7.91585e-08 0.00200713 0.00164975 3.14656e-05 0.000333729 0.000214895 1.89791e-07 0.0195212 2.15236e-05 0.00416207 0.000518095 5.22756e-05 2.37309e-07 0.0115083 4.86064e-05 2.65396e-07 0.000532451 0.000515468 1.82611e-05 0.0785661 5.32052e-08 1.03668e-05 1.34467e-05 0.00181417 
0.00200071 0.00149925 0.0308157 6.75671e-05 0.419689 6.93008e-09 0.0274142 3.60683e-12 2.71966e-08 5.86725e-12 0.399887 0.00208454 0.0131739 0.034293 9.88903e-12 7.33623e-12 0.00904166 2.38811e-08 8.20452e-12 0.0020766 0.00399573 0.00420261 1.91861e-07 1.6448e-12 5.79947e-08 0.0497579 1.63996e-08 
0.00134822 3.77805e-07 1.33986e-06 5.61699e-06 0.910525 3.42302e-08 4.5106e-07 1.78155e-11 1.34334e-07 2.89805e-11 1.92326e-06 1.97243e-07 6.27485e-07 0.038838 4.88455e-11 3.62363e-11 0.00529573 1.17957e-07 4.05251e-11 2.84841e-06 0.0161484 0.000267206 9.47671e-07 8.12425e-12 2.65281e-09 0.0275629 8.10035e-08 
2.83981e-05 1.72126e-05 0.877422 0.00146865 0.0531806 0.0053793 0.00023281 1.25263e-05 1.46183e-05 0.00206204 0.00405013 0.0113001 0.00256162 0.000562536 1.4394e-05 7.41823e-09 0.000192206 2.66025e-05 4.90454e-06 0.00405051 0.00702465 0.000206574 2.31579e-06 1.66318e-09 0.000117085 0.0101241 0.0199439 
3.10832e-10 0.0128861 0.9226 2.75684e-06 0.0173501 2.01961e-10 1.31408e-06 0.00903964 3.24179e-06 8.14673e-07 0.0164582 0.00237644 0.0162545 2.07033e-07 8.0723e-10 2.15645e-06 7.48195e-08 2.0067e-06 6.69725e-10 0.00301201 5.94166e-07 9.18061e-06 2.3698e-07 1.34263e-10 1.42237e-07 1.36327e-07 2.06024e-07 
0.000375904 0.00212587 0.00876102 8.66898e-06 0.350314 2.82512e-05 0.0069764 1.02815e-12 7.75259e-09 1.6725e-12 0.0192464 1.13832e-08 0.00294776 0.0277523 2.81894e-12 2.09124e-12 0.0018858 1.49832e-05 2.33875e-12 0.00376459 0.0252771 1.284e-08 0.000929807 4.68861e-13 1.8937e-08 0.549458 0.000133237 
0.000416705 0.0233688 0.683321 0.00042665 0.128184 0.00117945 0.0469352 1.22476e-05 3.57734e-05 1.11897e-07 0.0314879 0.016594 0.0141259 0.00166953 4.95879e-06 1.39913e-07 0.0109242 1.3435e-05 1.56472e-07 0.0243696 0.00432305 7.69578e-05 0.00010611 3.13687e-08 0.000209757 0.00183366 0.010381 
