8.34818e-12 4.20111e-07 0.0563372 4.47443e-07 0.374695 5.42419e-12 0.000146033 0.0438592 9.46274e-12 0.000279348 0.0194866 6.32241e-07 0.0335604 0.0306428 3.90266e-07 1.60836e-11 0.129999 1.53942e-11 0.0283412 9.1594e-05 0.194554 0.0114434 1.92068e-07 6.74681e-07 2.9363e-12 0.00579151 0.0707695 
0.000285039 0.0288838 0.0348879 0.000950571 0.00697507 0.0297843 0.00805841 0.0983835 0.00381352 3.46706e-08 0.0387538 0.0075455 0.679616 0.00550351 8.6236e-06 1.98734e-06 0.000346385 0.000303623 0.000789556 0.00117652 0.000138407 0.0404045 6.7708e-05 0.0129428 7.91437e-09 9.96938e-05 0.000279408 
0.00509306 0.0302933 0.000461872 0.142873 0.00331163 0.000664832 0.0654674 0.0686925 0.000162545 2.38909e-08 0.0521847 0.151744 0.064694 0.000370375 3.75184e-08 0.0178076 0.146922 0.000333768 0.00789794 3.98884e-07 0.000258388 0.112815 0.0125753 0.0942369 1.77406e-11 0.0146359 0.00650431 
0.00722709 0.0278904 0.00595419 0.0103652 0.434192 0.0054429 0.00382068 0.0424485 0.000126279 1.78769e-05 0.0373369 0.0286724 0.00705821 0.163163 0.000772614 0.0130052 0.0499204 0.000175596 0.000828952 7.60648e-05 0.0478701 0.0140632 0.000984609 0.0407087 6.63023e-06 0.0422617 0.015611 
0.00655921 0.0474732 0.00277013 0.000108437 0.505412 0.00144196 0.0182809 0.00427649 0.000198574 9.93181e-05 0.00762156 0.012902 0.0189055 0.17499 0.000332486 6.63682e-06 0.0243327 0.0377041 1.63719e-05 4.80896e-06 0.0743688 0.00587949 6.09707e-06 0.0542641 1.89712e-07 0.000122228 0.0019221 
0.00243692 0.0249311 0.277975 0.0186189 0.0977031 0.000329202 0.00506206 0.000705543 0.0246616 5.51814e-05 0.143086 0.0235614 0.0642799 0.0439762 0.00135371 0.000102672 0.0289216 0.000157285 0.000890635 0.000663632 0.00991013 0.00865035 0.00535513 0.0336704 1.42494e-05 0.0078762 0.175051 
1.08356e-07 0.00564573 1.84793e-12 2.55652e-07 2.24594e-07 1.25719e-07 8.24213e-08 2.5707e-07 5.84842e-12 7.94999e-12 0.590061 0.195589 0.0134583 0.000141934 4.02116e-08 9.94042e-12 0.0909125 2.2844e-08 3.49084e-07 8.40456e-10 9.63004e-08 0.0250264 3.92485e-08 0.0773928 1.81477e-12 7.55395e-05 0.00169512 
0.000599833 0.00210185 0.042776 0.00529047 0.0350325 0.00230511 0.00230457 0.00254311 0.00023358 5.46424e-05 0.595664 0.0698785 0.131048 0.0106257 4.45605e-05 0.000205729 0.0493864 0.00013589 5.40644e-05 0.00137035 0.0118299 0.0184449 0.000431328 0.00781447 8.22279e-06 0.000463345 0.00935342 
0.000341145 0.0020468 0.322327 3.28552e-05 0.158439 0.00104297 0.000790163 9.33683e-05 0.00041374 4.16339e-08 0.0679903 0.0182836 0.0194648 0.0529197 0.000230155 0.00200438 0.00100389 1.29903e-05 0.000465004 0.231294 0.0129456 0.00203049 0.000903984 0.0791018 9.50392e-09 0.0253549 0.000467365 
0.00710726 8.23039e-05 0.807417 0.00107349 0.0362648 3.76529e-07 0.0320452 0.0291047 9.27714e-06 8.92911e-07 0.0192161 0.0250248 0.00025919 0.0275297 1.50497e-06 1.11647e-06 0.00849398 1.06861e-06 1.24861e-06 1.04123e-05 0.000963271 0.00429235 1.1946e-05 0.000955113 2.03828e-07 0.00012871 3.69078e-06 
0.00294785 0.16021 0.0433528 0.000619897 0.139152 0.00153503 0.00885776 0.0114726 5.41617e-05 1.65867e-08 0.189339 0.1382 0.0651404 0.114849 0.000112151 1.51447e-10 0.0956534 4.56562e-05 8.24595e-05 0.0077494 0.00318264 0.00801627 1.25225e-06 0.00331496 2.7649e-11 0.00310707 0.0030042 
0.317821 0.0205446 0.0240285 0.0100248 0.111761 0.0363629 0.00306037 0.00488578 4.99756e-05 1.05896e-05 0.147313 0.0405558 0.0152533 0.0275916 9.00923e-05 2.54418e-07 0.142829 8.05873e-06 2.29746e-05 0.00047151 0.0168031 0.0296171 0.000166686 0.00401468 6.03761e-08 0.0135722 0.0331411 
0.419712 0.00503067 1.40696e-08 2.48213e-07 0.101392 0.0200555 5.91969e-07 0.00393816 6.9581e-08 1.13012e-09 0.0802564 0.0197895 0.00605587 0.222802 5.76705e-07 1.41307e-09 0.013626 7.24393e-08 2.62945e-07 0.000647159 0.000466293 0.00119984 1.13744e-06 0.104094 2.57977e-10 0.000931425 2.10999e-07 
0.00386545 0.00136281 0.00131791 0.030435 8.23515e-08 0.00634736 8.04402e-09 2.87541e-08 3.8765e-08 9.47569e-09 0.0642163 0.032716 0.0026979 0.0171626 4.98934e-12 3.70137e-12 0.00326125 3.54272e-12 0.000491405 7.59163e-08 0.00539134 2.38481e-06 6.72132e-08 0.003764 6.75741e-13 0.802231 0.0247373 
1.98242e-07 0.00351753 1.4203e-08 4.67725e-07 4.10903e-07 1.01206e-07 1.50793e-07 4.70319e-07 1.06999e-11 1.45448e-11 0.036733 0.0302294 2.47211e-07 0.0054231 7.35685e-08 1.81864e-11 0.910677 4.17938e-08 6.38662e-07 1.53764e-09 1.76185e-07 0.0134159 7.18066e-08 7.85315e-07 3.32019e-12 9.20734e-08 3.13229e-07 
0.00111355 0.0135285 0.0465295 0.00243485 0.66373 0.00680258 0.019724 0.00273479 0.00298296 0.00287196 0.0730847 0.0110801 0.0260074 0.0356236 0.000790682 0.000198605 0.0149242 0.000188606 0.0133714 0.00607299 0.0222896 0.00449877 0.000518313 0.00411961 4.72427e-05 0.0158659 0.00886587 
0.000310283 0.0130956 0.0263487 0.0815026 0.0191127 0.00683394 0.732184 0.00970811 1.79691e-10 2.44261e-10 0.0116135 0.000361288 0.00865665 0.00188633 6.70415e-07 0.00345439 0.0147077 0.000949463 0.0149113 1.73566e-05 0.00205528 0.0329131 3.014e-10 0.0148223 5.57583e-11 0.000611694 0.00394282 
0.0021311 0.0797417 0.00132835 0.000968897 0.00954526 0.0156704 0.00417828 0.00813572 0.000192288 4.91328e-06 0.122149 0.0429135 0.158457 0.00647471 0.000703867 5.95449e-07 0.00547341 7.20023e-06 0.000114293 5.92254e-05 0.002118 0.208399 5.02813e-07 0.320164 1.74331e-08 0.000111506 0.0109567 
9.79471e-05 0.00393634 0.000344285 0.000482923 0.0204744 0.00027628 0.00222302 3.21434e-05 0.000512916 8.35964e-08 0.523641 0.0183949 0.220239 0.0072603 1.81223e-05 2.34015e-05 0.0599446 6.86862e-07 0.000183496 1.02036e-05 0.00371268 0.077781 1.32644e-05 0.0163458 1.37876e-08 0.00351025 0.0405402 
0.000915949 0.00878845 0.0248618 3.38847e-06 0.536026 7.96771e-06 0.0122781 3.92968e-05 1.9918e-08 2.70753e-08 0.129654 0.0515718 0.0385873 0.0826522 4.45726e-05 0.000702012 0.0611135 1.44663e-06 3.7861e-08 2.70827e-06 0.000598436 0.00129566 1.23789e-05 0.0427222 6.18058e-09 0.0034304 0.00469008 
8.5963e-06 0.0016719 0.301842 0.00203073 0.252789 0.0101511 0.00556163 0.0231939 0.000297451 2.38864e-06 0.00976166 0.0152575 0.0127766 0.189991 7.80785e-06 4.42424e-06 0.0176344 0.00113432 1.86375e-05 4.13642e-05 0.0189172 0.0286241 0.0355348 0.0365524 2.18354e-07 0.0297383 0.00645704 
1.11691e-06 0.220077 0.0372055 2.63632e-05 9.04127e-05 1.77263e-05 1.14235e-05 0.000863027 1.70277e-05 1.72096e-06 0.152997 0.178309 0.000112487 0.0171499 1.27299e-05 2.15184e-06 1.84846e-05 2.14805e-05 2.40652e-06 1.80135e-06 3.24389e-05 3.85272e-05 7.53353e-05 0.386809 3.92851e-07 1.01818e-05 0.00609486 
2.96824e-05 0.0181364 0.0777519 1.00902e-05 0.000996847 0.0214891 1.48871e-05 0.00894882 0.000704097 1.38841e-06 1.90208e-05 0.023394 0.825623 7.13329e-05 2.34011e-06 1.73603e-06 0.00125114 6.09696e-05 5.65646e-06 1.45327e-06 3.45815e-05 0.0206127 2.81015e-06 0.000566946 3.64132e-07 9.93033e-07 0.000267625 
0.000649662 0.755121 0.00158812 0.000710413 0.000862264 0.00300521 0.000852214 0.0001441 3.75967e-05 3.17798e-07 0.00682577 0.00566959 0.02805 0.000986409 3.71546e-05 0.169697 0.000588442 0.000244716 1.45401e-05 5.09471e-06 2.45982e-05 0.00599371 1.08165e-05 0.0186244 1.03781e-08 1.33913e-07 0.000256221 
0.0281841 0.0977831 0.00579285 0.00350839 0.020484 0.0264597 0.00441618 0.0171104 0.00587246 1.03339e-05 0.0572488 0.187811 0.126127 0.0355802 3.75638e-06 9.02909e-06 0.0799527 0.00481479 0.000913089 2.14792e-05 0.00204722 0.213366 0.00239058 0.0342466 4.3978e-07 0.024343 0.0215032 
0.013285 0.00372489 0.0148761 0.00151441 0.00138386 0.024542 5.84385e-05 0.000208682 0.000281275 0.855763 0.00709775 0.00184717 0.0331422 0.00155802 0.000301498 0.000616902 0.00129465 0.00050264 0.000429715 0.000550588 0.000179559 1.58079e-07 0.000487667 0.01256 1.52296e-07 0.0192389 0.00455435 
0.600973 0.0299955 0.0653114 0.0477517 0.0665836 0.000144141 0.00264485 0.0698498 0.002271 1.74167e-05 0.00814226 0.0148395 0.023421 0.0154222 2.8848e-06 0.000772243 0.0150072 6.4848e-06 0.00258935 0.000960979 0.00801958 0.00998548 0.00135421 0.00194202 2.09971e-06 0.00991776 0.00207252 
0.000303904 0.0053037 0.263744 1.39078e-10 0.466649 2.38969e-06 0.00274744 0.0467784 8.76932e-06 3.33455e-10 0.014807 0.00967103 0.0559274 0.0116932 5.62026e-10 4.16942e-10 0.0247972 6.62075e-07 4.6629e-10 2.48167e-06 5.84502e-08 0.0123758 9.55516e-07 0.0391062 7.6119e-11 1.23609e-07 0.0460795 
3.36343e-06 8.79625e-06 0.581246 9.18913e-06 0.164085 5.77058e-06 1.96358e-05 8.48622e-05 2.91907e-09 1.93671e-06 0.00460576 5.75021e-06 0.00742424 0.0131858 6.68792e-09 4.96147e-09 0.221243 0.00116156 0.00681898 4.15336e-09 2.85162e-05 6.59376e-06 4.89622e-09 3.74857e-05 9.05791e-10 5.08015e-06 1.23389e-05 
0.000550282 0.0292926 0.881404 1.48867e-05 0.000598083 0.0159819 2.6735e-05 0.00562374 1.88125e-05 2.8088e-07 0.00509665 0.00226131 0.00723489 0.00263946 4.73412e-07 3.51203e-07 0.000140509 0.000114135 4.50996e-05 2.94e-07 1.2212e-05 0.00103509 3.46584e-07 0.0478781 6.41174e-08 3.50952e-07 2.9211e-05 
2.40537e-07 0.0252392 0.00408734 0.0413475 0.00839767 6.8795e-05 0.795814 0.00134136 8.97953e-06 2.67097e-06 0.0047353 0.0157061 0.0245648 0.00267055 0.0048473 7.91807e-07 0.00700609 0.000272081 0.0269771 2.26995e-05 0.000326827 0.0162155 5.60777e-08 0.00811905 1.28949e-08 0.000396265 0.0118319 
4.23202e-05 0.00152525 0.000101682 0.000218506 0.0264139 0.00038421 0.000494619 1.48724e-06 5.9072e-11 9.3882e-08 0.84919 0.0395717 0.039503 0.0113397 1.2123e-05 2.31085e-06 0.0133072 0.000126148 0.000919597 5.07718e-05 0.00445819 0.0047141 3.8841e-05 0.003962 1.83302e-11 0.00120026 0.00242176 
0.00236685 0.0013004 0.00107738 0.000985431 0.082632 0.000301 5.5954e-05 2.95748e-05 4.24522e-05 2.29775e-07 0.0882171 0.0293075 0.00095541 0.519892 6.13833e-05 3.33277e-08 0.0366076 1.57683e-05 0.000302005 2.55314e-06 0.21483 0.00127118 3.22818e-08 0.00102427 4.6793e-09 0.0177848 0.000936118 
1.23614e-08 9.35584e-06 0.71097 7.94406e-09 0.0757268 2.59183e-05 0.000316741 1.17088e-08 1.40118e-08 2.28639e-06 0.0606321 0.0277562 0.11092 5.33198e-06 3.21026e-08 2.38155e-08 1.29804e-05 2.27947e-08 0.00249813 2.82353e-05 8.42395e-05 0.00964542 1.49447e-05 1.81614e-05 4.34787e-09 1.61537e-06 0.00133095 
0.00763506 0.00175433 0.0825073 0.0339779 0.100955 0.0125635 0.00684158 0.0125568 0.000202722 5.21379e-06 0.435027 0.00584968 0.0216722 0.0108463 8.86412e-05 5.26115e-05 0.052451 7.20416e-05 0.00037902 0.000123577 0.0132029 0.0302806 0.000798659 0.0172789 3.24202e-06 0.00663943 0.146235 
0.000280859 9.59106e-05 1.07911e-05 0.00033037 0.00456278 0.00081952 0.00100887 6.68753e-06 1.96954e-05 1.13766e-06 0.00134874 0.00833759 0.014392 0.000477252 2.11173e-05 9.24974e-10 0.00559316 8.34443e-05 1.00572e-05 0.000207466 0.000868574 0.0390931 2.35958e-06 0.00264712 5.72288e-10 0.917777 0.00200424 
0.375583 0.0281468 0.12749 0.0199524 0.0787005 0.00527188 0.00361114 0.057985 0.000393702 0.000129461 0.0370249 0.0153578 0.114515 0.00847346 0.000309911 0.000783714 0.0331372 0.000159689 0.00113144 0.00600446 0.00988839 0.00959481 0.00393472 0.0162788 3.30867e-05 0.0131491 0.0329599 
2.40537e-07 0.0252392 0.00408734 0.0413475 0.00839767 6.8795e-05 0.795814 0.00134136 8.97953e-06 2.67097e-06 0.0047353 0.0157061 0.0245648 0.00267055 0.0048473 7.91807e-07 0.00700609 0.000272081 0.0269771 2.26995e-05 0.000326827 0.0162155 5.60777e-08 0.00811905 1.28949e-08 0.000396265 0.0118319 
0.000255278 0.00238583 0.000127257 2.78644e-07 0.0249945 0.0335706 3.56999e-05 2.12299e-05 2.12452e-11 2.88795e-11 0.637088 0.233394 0.00547787 0.00757682 1.2232e-05 1.03331e-06 0.0330982 6.70564e-09 0.000603643 3.06345e-07 0.00336672 0.00545676 4.66032e-07 0.0117964 6.59242e-12 0.000411393 0.000325784 
0.00313212 0.00338719 0.218639 0.00434551 0.141085 0.00089195 0.000537377 0.0474643 4.63024e-08 0.00012506 0.00817669 0.0206341 0.000170093 0.0387414 1.06084e-07 8.8418e-05 0.0226976 7.5326e-08 0.000243275 0.000897055 0.00537262 0.00106622 0.436581 0.0144458 1.43677e-08 0.0194134 0.0118645 
0.000485893 0.373561 0.00299757 0.00291181 0.00181629 0.0123726 2.07838e-07 3.48103e-05 0.00120347 3.88783e-09 0.0160194 0.00974461 2.44501e-06 0.000721268 1.81999e-06 3.1543e-08 0.00148249 4.65286e-09 2.67523e-07 4.06944e-09 0.00616942 0.564157 3.11282e-08 0.00463145 8.87489e-10 0.000908637 0.00077751 
2.59507e-08 2.14162e-07 0.000971254 1.67123e-07 0.150361 0.0306103 0.00575005 3.6682e-06 3.70988e-07 4.05187e-10 0.124915 0.0232877 0.272461 0.1749 0.00381063 5.06633e-10 0.0448057 4.84918e-10 5.66597e-10 4.24114e-10 0.00456513 0.0119606 0.00363804 0.0165797 9.24936e-11 0.0799394 0.0514395 
0.000271735 0.00540842 0.14124 0.000725336 8.13213e-05 4.13004e-08 0.000671701 7.38721e-05 0.000118926 0.0286775 0.536128 0.00232565 0.036492 5.77185e-05 1.65076e-07 1.22462e-07 0.0293965 1.17213e-07 0.000118122 0.000115591 3.96325e-07 0.000209581 1.20852e-07 0.0365609 2.23573e-08 7.20319e-06 0.181319 
0.0158502 1.86311e-06 0.263137 3.80237e-05 0.2212 0.022736 0.0022743 0.00209411 1.98547e-10 2.67468e-07 0.0894908 6.46184e-06 0.00471467 0.0387203 2.32894e-07 1.40697e-05 0.0571046 2.4789e-07 4.47164e-06 7.08744e-07 0.00136073 1.93108e-07 3.33028e-10 0.0214922 6.16094e-11 2.07074e-05 0.259738 
7.86162e-05 0.100122 0.0108879 0.000227999 0.0321586 0.00279672 0.0140886 0.0114954 6.83501e-05 3.39506e-05 0.268233 0.00902892 0.308051 0.00212303 9.43085e-05 1.61798e-05 0.0664644 0.00325827 0.000432062 0.000393736 0.0202651 0.013778 0.0141021 0.0287395 4.77693e-06 0.00737879 0.0856788 
3.55156e-06 0.150003 0.37393 0.00943361 0.134114 0.0132435 0.000280371 0.0917232 8.34307e-07 1.09424e-09 0.0317176 5.01767e-06 0.00329905 0.113822 5.21631e-07 1.3682e-09 0.00145194 1.02831e-06 7.06205e-07 1.5082e-06 0.00588186 2.01607e-06 3.87289e-06 4.96953e-06 2.49785e-10 5.25637e-07 0.0710745 
0.00985888 0.026428 0.0014082 0.0217847 0.0702319 0.000816939 0.00825555 0.000414482 3.83687e-05 2.92538e-05 0.150287 0.111662 0.0239958 0.0588649 1.64725e-05 0.000119172 0.356873 0.000883431 0.000760526 3.91225e-05 0.0246371 0.0303341 3.24435e-05 0.00424544 7.12044e-06 0.0459341 0.0520418 
0.000895665 0.358832 0.0319037 0.000583258 0.101855 0.0445086 0.00103927 0.0432137 0.000670727 3.81107e-05 0.0133436 0.02289 0.00669556 0.0419077 0.000217545 0.0146076 0.00924213 0.210846 5.23862e-06 8.75624e-05 0.0673632 0.00684309 4.1026e-08 0.0211364 7.58973e-09 0.00051322 0.000760945 
0.000310742 0.0178098 0.00818546 0.0257254 0.454088 0.00234076 0.00265423 0.00126335 0.000453429 2.6536e-05 0.201194 0.0396144 0.0223587 0.0297061 5.74282e-06 7.20204e-05 0.0565964 2.28062e-05 0.000224032 0.00126561 0.00256827 0.0308337 0.000362148 0.0412404 4.78973e-06 0.055184 0.00588968 
2.07749e-08 0.0246753 0.000810785 0.00227386 9.00892e-07 0.846625 8.44427e-09 4.05917e-06 2.35486e-08 1.30086e-07 0.00465345 0.00276306 0.00951583 7.20934e-07 2.38836e-05 1.0134e-07 2.35482e-06 3.83094e-08 4.47622e-08 3.35058e-08 8.44757e-09 0.00366707 2.72983e-05 0.104955 7.30716e-09 1.92898e-07 6.91021e-07 
0.000610559 0.000765249 0.217605 0.00192726 0.0223485 0.00155604 0.000704003 0.00151445 2.28415e-06 5.00627e-09 0.032045 0.011158 0.00937513 0.0086961 8.43788e-09 6.25968e-09 0.0025462 5.99138e-09 0.592689 6.21758e-06 0.0256625 0.0336923 2.40529e-07 0.00320055 1.1428e-09 0.000611374 0.0332834 
0.00448247 0.0113895 0.000653938 0.000139724 0.556756 0.000199535 0.00159116 0.0291461 0.000958598 1.09153e-06 0.0320612 0.0740703 0.00458381 0.13785 4.72552e-06 0.0338343 0.00674664 4.46732e-06 0.000256713 4.37016e-05 0.0525779 0.0099021 0.000884707 0.0196114 2.47778e-07 0.0174928 0.00475741 
0.0190397 0.00293045 0.0103475 0.00811708 0.0782652 0.00402258 0.000819842 0.00142749 3.4942e-05 4.86841e-07 0.274456 0.294964 0.0054759 0.0747247 1.72425e-06 3.777e-07 0.200074 5.36599e-05 0.000326941 1.53818e-06 0.00307316 0.00186107 5.33478e-06 0.0150841 1.00574e-07 0.00390001 0.000992172 
0.0824183 0.0820577 0.244289 0.0376127 0.0598143 0.0200203 0.00457799 0.00940571 0.000135354 1.14438e-06 0.0453001 0.00656341 0.0278766 0.0267805 4.35982e-06 2.06994e-06 0.00755304 0.000102769 0.0054461 0.00133755 0.000918345 0.000885613 1.13052e-05 0.249356 3.14324e-07 0.00300575 0.0845231 
0.149299 0.00556071 0.0216065 5.85745e-05 0.322969 0.000213552 1.11347e-05 0.0107856 4.47128e-05 3.102e-10 0.12803 0.111999 0.017641 0.122671 1.09416e-06 1.69962e-05 0.0165766 7.3569e-06 2.67449e-05 5.7496e-08 0.0741601 5.78255e-05 0.0133121 0.00264361 7.08104e-11 0.00230839 4.89846e-08 
0.00376677 0.00845919 6.42391e-08 0.00888718 0.78856 1.16539e-07 0.00286519 0.00893648 2.03307e-07 2.76364e-07 0.0312972 0.0320867 0.00469723 0.00259549 0.00139786 3.45556e-07 0.0558359 0.000794119 0.0121351 2.92166e-05 0.00334767 0.01032 0.00136439 0.0149217 6.30865e-08 0.00174947 0.00595162 
0.00108585 0.00945604 0.00112119 0.172594 0.0185106 0.000807789 0.00011559 0.0146715 4.84092e-07 6.45041e-07 0.162775 0.219778 0.0051682 0.0170662 0.000215388 1.97847e-06 0.310809 3.75045e-05 2.29012e-05 1.4041e-07 0.00903833 0.0264946 1.92542e-06 0.0240172 1.27545e-07 0.00154206 0.00466753 
0.00242936 0.226106 0.00163766 0.014884 0.0322108 0.00437005 0.00783292 0.00325697 2.31458e-05 7.83585e-06 0.335449 0.0565052 0.0262776 0.00716055 2.67879e-05 0.000203306 0.197309 9.32597e-05 0.00229317 6.01541e-05 0.00885578 0.0237466 2.06735e-05 0.0183412 1.95722e-06 0.00224833 0.0286489 
0.00144594 0.0181049 0.000516173 0.000868679 0.13416 0.00328081 1.16668e-05 0.000434991 3.54283e-05 1.22925e-07 0.151127 0.569099 0.00918408 0.00645616 2.57114e-09 1.90741e-09 0.000650367 1.82566e-09 9.79535e-05 0.000107572 0.00422194 0.0551201 7.71514e-05 0.0343066 3.48227e-10 0.00646259 0.00423077 
0.0372897 1.04555e-06 0.0828339 8.02963e-05 0.0150615 5.33535e-08 7.05666e-05 3.7709e-06 9.30774e-08 3.04968e-07 0.616116 0.000843015 0.0590054 0.036962 0.000152831 1.58202e-07 0.00254557 1.51421e-07 1.89298e-05 1.32434e-07 0.000212111 0.00659687 1.56121e-07 0.00799568 2.88821e-08 2.8453e-07 0.134209 
0.0116301 0.679593 0.0230015 0.000377099 0.00546709 0.00174945 0.0030052 0.000756389 2.53366e-06 9.38905e-10 0.0658641 0.0535311 0.0817303 0.00151743 1.58249e-09 1.17398e-09 0.0451214 2.3113e-06 0.000361205 0.000664444 0.000665182 0.00918408 1.03785e-05 0.0103332 2.14327e-10 4.69381e-05 0.00538587 
0.00136623 0.00125635 0.0305818 3.27448e-07 0.194034 9.91505e-06 3.73681e-06 7.8948e-05 5.77553e-07 6.24132e-05 0.0324551 0.0226287 0.00113404 0.643806 3.24257e-06 9.81655e-07 0.0023085 0.00015039 1.09784e-06 0.000211795 0.0679284 7.3924e-06 0.000440605 0.000149965 1.79216e-07 0.00125812 0.000120964 
0.000410468 0.00708453 0.00962242 0.00357526 0.00092131 0.00824241 8.59459e-05 0.00202133 1.29701e-05 3.59297e-06 0.103795 0.0357147 0.733556 0.000521251 3.09756e-06 1.78011e-06 0.00830792 3.71533e-05 4.51638e-05 2.17704e-05 2.71591e-06 0.0239612 0.000447313 0.0604732 3.24987e-07 5.96321e-05 0.00107166 
0.000466019 0.000734043 0.000360408 0.000446972 0.0216957 0.000238327 1.11395e-05 4.48588e-05 8.59274e-06 3.28217e-09 0.00162281 0.00528614 0.000259348 0.017159 4.79126e-12 3.55442e-12 0.000270694 1.1845e-06 2.04962e-08 3.32421e-05 0.00122047 1.18423e-08 0.000159405 0.000136636 6.48913e-13 0.948401 0.00144429 
0.000836692 0.0351428 0.0164765 0.000791776 0.0331994 0.00113865 0.0118304 0.0194124 0.000856211 5.53911e-06 0.0330821 0.712571 0.0143951 0.0124708 3.43326e-05 0.000253949 0.0201971 2.80956e-05 4.82753e-05 1.95948e-05 0.0038605 0.00469265 0.000141323 0.00628913 2.44267e-06 0.00103197 0.0711916 
5.6113e-07 0.0225883 0.0346314 0.0277577 0.0322218 0.00010815 0.728332 0.0276463 1.83475e-10 2.49406e-10 0.00312728 0.000779536 0.0136026 0.00199287 2.9702e-06 7.58612e-06 0.0244186 0.00205154 0.0259773 3.44518e-05 0.00235573 0.0141592 3.07748e-10 0.0249771 5.69327e-11 0.00217443 0.0110522 
2.34715e-08 0.0165562 0.00202193 5.08144e-09 0.135328 0.00394599 0.0036104 3.72091e-08 1.84839e-08 1.90334e-12 0.380529 0.108345 0.0504785 0.212068 0.000200938 2.82256e-07 0.037873 1.82458e-09 6.54771e-08 0.000652757 0.0266246 0.016002 0.00169316 0.00301399 4.34482e-13 0.00105628 6.58144e-08 
0.003762 0.0171555 0.0026666 0.248286 0.0095011 1.94728e-05 0.0144081 0.0186048 0.00049485 1.59104e-06 0.185265 0.0852546 0.162595 0.00106676 6.09729e-05 3.24756e-06 0.165289 3.9982e-05 0.000692833 2.23624e-05 7.93478e-05 0.0212062 0.00831663 0.0114762 7.76402e-08 0.00632598 0.0374062 
0.0512792 0.130697 0.046679 5.55671e-07 0.0840068 0.0326791 0.0967265 0.0101154 0.00188419 2.46516e-08 0.177958 0.00845917 0.0469295 0.043148 1.53822e-07 3.74267e-07 0.0454113 0.13184 2.99741e-07 0.000141504 0.0282396 0.0123972 6.25815e-08 0.0309115 2.04717e-09 0.0132963 0.0071993 
0.000121829 0.00946289 0.000215906 2.67306e-05 0.688204 1.79633e-05 0.00115306 9.97863e-05 3.07777e-06 3.41366e-06 0.0467963 0.0228666 0.00278163 0.0494608 0.00022896 0.0217127 0.0377861 4.53467e-06 0.000265328 0.000116536 0.0478437 0.0056683 0.0462774 0.0037972 1.7506e-06 0.00255274 0.0125304 
0.001153 0.0440989 0.012985 0.00651742 0.0246752 0.000172334 0.00604993 0.000103495 9.15677e-08 2.55227e-08 0.415179 0.0142722 0.0187822 0.00731799 2.97441e-05 0.00532265 0.175074 7.77085e-06 0.000271754 0.000107043 0.00112041 0.0708029 3.08553e-07 0.178696 2.23186e-08 0.000181836 0.0170793 
0.000714116 0.00990827 0.00222555 0.00129034 0.511077 0.00451881 0.00152378 0.0203522 0.000827337 7.90395e-06 0.042995 0.0227987 0.0229912 0.0330374 2.74346e-05 1.24908e-07 0.00519134 2.45157e-05 1.65839e-07 0.000981504 0.28127 0.00135942 0.011546 0.00892787 4.0922e-09 0.0116875 0.00471685 
0.0020206 0.00191049 0.0245611 0.00357215 0.461585 0.00386078 0.00119332 0.0862027 0.000154834 1.45788e-06 0.0903703 0.0117493 0.0108285 0.0914438 2.32576e-06 1.60624e-06 0.0340177 0.000118087 0.000164192 0.0023767 0.017513 0.00929864 0.0970014 0.0150981 1.00488e-06 0.0329991 0.00195428 
2.06117e-07 0.000268699 7.55323e-07 2.56645e-11 0.726615 0.00933891 0.000337425 0.000587539 4.52671e-11 5.48629e-09 0.000667944 1.47991e-08 4.32819e-08 0.0215084 5.94411e-07 7.69396e-11 0.000273444 1.75209e-07 0.000169097 2.83972e-07 0.153104 0.000771003 1.61704e-06 1.35364e-07 1.40465e-11 0.0863547 9.8454e-08 
1.54376e-07 0.00133705 0.00109481 0.0025002 0.948637 0.000501627 0.00122993 0.00622938 0.000892606 0.000166745 0.00330441 0.00489152 0.000483296 0.0112669 0.000160767 2.97421e-07 0.0063153 2.84673e-07 3.32623e-07 2.48978e-07 0.00763326 0.00118926 2.9351e-07 0.000360152 5.42987e-08 0.00061925 0.00118479 
2.31864e-10 0.0021907 0.0314875 1.1343e-06 0.400004 0.000460236 0.00226711 0.0103056 2.6282e-10 3.72558e-07 0.0162901 0.00262994 0.00926734 0.315525 0.00868753 9.61027e-05 0.0676643 5.82925e-07 2.38981e-07 3.73951e-10 0.073387 0.00119844 0.0308886 0.00250913 8.15536e-11 0.000112658 0.0250267 
1.0474e-06 0.0100441 0.109295 7.78119e-08 0.596352 4.78932e-08 6.31102e-07 3.39026e-07 1.87954e-07 4.05481e-11 0.102258 0.00742397 0.0153649 0.0838197 6.15764e-08 5.07001e-11 0.0544927 0.00186512 5.67008e-11 3.98536e-06 0.0121953 0.00470084 1.32594e-06 2.06892e-07 9.25606e-12 1.54196e-05 0.00216484 
2.06117e-07 0.000268699 7.55323e-07 2.56645e-11 0.726615 0.00933891 0.000337425 0.000587539 4.52671e-11 5.48629e-09 0.000667944 1.47991e-08 4.32819e-08 0.0215084 5.94411e-07 7.69396e-11 0.000273444 1.75209e-07 0.000169097 2.83972e-07 0.153104 0.000771003 1.61704e-06 1.35364e-07 1.40465e-11 0.0863547 9.8454e-08 
0.0383735 0.0205907 0.668639 0.0341211 0.0376421 0.0185473 0.0388272 0.00145247 2.30459e-07 0.00200915 0.034187 0.0447469 0.00538913 0.00937785 5.28009e-07 3.91707e-07 0.0287394 0.000128535 4.38068e-07 2.63384e-05 0.000199619 0.0013195 0.000362425 0.00968979 7.15119e-08 3.14346e-05 0.00559829 
0.000354797 0.0124913 0.00169743 0.0120935 0.0751915 7.87885e-05 0.0136918 0.00539639 5.01262e-05 2.23901e-05 0.0735591 0.0691583 0.00678012 0.0059657 7.89548e-05 0.000235193 0.0350291 0.120995 0.53512 0.0110454 0.00227313 0.0117423 0.000215756 0.00327693 1.2428e-06 0.00054657 0.00290925 
0.00414164 0.000860449 0.00144699 6.74232e-05 0.478483 0.00229024 0.0138969 0.000195844 5.15681e-05 2.19887e-05 0.0762312 0.0255367 0.0360159 0.0230717 1.15982e-05 6.91468e-06 0.0734635 0.0288515 3.11594e-05 9.35616e-06 0.188829 0.00215799 0.00419702 0.000808043 3.09217e-06 0.0365874 0.00273196 
0.00160933 0.0021856 0.913926 0.00031039 0.0235969 0.00799586 0.00144902 0.000689827 0.000288356 1.80446e-05 0.0146533 0.000449829 0.000390652 0.000125704 9.27602e-05 5.46914e-06 0.00253305 5.23472e-06 0.000172541 0.000227633 0.00622037 0.000395256 4.01265e-05 0.000325624 9.98474e-07 0.0220272 0.000265159 
0.0129389 0.126244 0.0371726 0.00226395 0.0409298 0.00273475 0.00486206 0.208973 0.00136936 0.000651437 0.147382 0.085053 0.0271246 0.123775 5.63163e-05 0.00020045 0.0762866 9.16591e-05 0.000274947 0.0104764 0.0114497 0.00757054 0.000189616 0.0380919 4.83162e-05 0.00103542 0.0327539 
3.8387e-06 0.000755247 0.130431 0.000503901 0.000140081 2.49418e-06 0.0063081 0.000282299 4.3512e-06 5.91477e-06 0.000217238 0.000158294 0.000291659 0.000167166 0.00273943 7.39564e-06 0.000108344 0.000258675 0.855798 0.000202171 7.5244e-05 0.000389776 7.29838e-06 0.000481419 1.35019e-06 0.000391479 0.000267656 
1.67645e-06 8.46078e-07 3.00056e-06 1.24544e-07 0.944748 7.6657e-08 1.01013e-06 3.98969e-11 0.000301135 6.49005e-11 0.010772 4.41718e-07 1.40522e-06 0.0434925 1.09387e-10 8.11496e-11 1.56026e-06 2.6416e-07 9.07541e-11 6.37889e-06 5.73935e-06 4.98249e-07 0.000638805 1.81939e-11 1.48151e-11 2.46804e-05 1.81404e-07 
1.64369e-05 0.00955252 0.651904 5.39709e-05 0.00747282 0.0822652 1.34977e-08 8.25727e-06 0.0220217 5.1167e-08 0.191611 0.0193189 4.96308e-06 7.50174e-06 2.63982e-05 6.39776e-08 4.08669e-06 6.99634e-06 7.15497e-08 7.63512e-05 0.0155583 3.61205e-05 1.51165e-05 3.39831e-05 1.16801e-08 4.41132e-07 4.43523e-06 
0.00518969 0.00625655 0.0231931 0.27627 0.00745571 0.000291317 0.000630324 0.0458353 1.6803e-07 3.29768e-05 0.0768433 0.0131497 0.0389105 6.65305e-05 3.98031e-06 0.00236272 0.0209862 4.09031e-05 0.00177623 0.00171577 0.000300362 0.00770844 0.0695085 0.014457 1.26749e-07 2.17321e-05 0.386993 
5.13592e-05 0.00619675 7.47648e-05 4.00372e-05 0.189483 0.0182163 0.000147158 5.23131e-05 3.73493e-06 9.7698e-12 0.00395421 0.00301472 0.00254506 0.0148211 5.91474e-09 1.22159e-11 0.000271132 1.12354e-08 0.74856 1.02262e-11 0.00668524 0.00338682 1.20552e-11 0.00204589 2.23019e-12 1.40448e-05 0.000435988 
0.000562106 0.106775 4.45932e-09 0.00160426 0.005395 1.38078e-07 0.0251446 4.81232e-09 1.96429e-05 1.36325e-08 0.0481318 0.0424679 0.0837372 0.000677277 5.55087e-05 2.25101e-06 0.105534 1.40499e-08 0.000653409 7.10638e-06 0.000151894 0.378463 4.52145e-09 0.0395929 2.24783e-09 0.0031801 0.157845 
0.0036159 0.0242715 0.614102 9.95662e-07 0.0710495 2.13453e-07 0.000235427 0.00496587 2.37853e-07 0.000416116 0.0913957 0.0133895 0.00262965 0.0950743 2.41709e-07 5.70111e-05 0.0109121 0.000446746 0.000195061 0.000174993 0.00674606 0.0138869 0.0181582 0.0231597 2.0763e-07 7.11301e-05 0.00504456 
0.00184483 0.0388369 0.312907 3.2371e-05 0.102463 0.00215881 1.02734e-05 0.00623451 0.000130221 2.13828e-05 0.0877721 0.0506465 0.00407995 0.0485582 5.66981e-06 6.76965e-08 0.00262374 8.27895e-06 1.03542e-06 4.43072e-05 0.0285392 0.000719976 0.298449 0.0137757 1.2359e-08 0.000129246 8.03979e-06 
1.01804e-06 0.0017946 0.0722402 5.91237e-07 0.0573097 0.0492998 0.0414292 0.00012531 3.20138e-06 1.7148e-07 0.010789 0.00898709 0.00473322 0.743835 3.21085e-05 2.44286e-06 0.00251389 1.78419e-08 5.39451e-05 0.000290652 0.00165995 0.000362431 1.37263e-05 0.00357859 3.97547e-10 0.000334051 0.000610583 
0.00590087 0.0572212 0.122815 0.0718969 0.370399 8.25347e-05 0.0114917 0.00208744 0.000424362 0.0624057 0.0148541 0.00454522 0.0164107 0.0243726 0.00502173 7.82065e-05 0.0427619 0.000160954 0.00730142 0.000245733 0.0496326 0.0158716 2.88433e-05 0.012286 1.5859e-05 0.01656 0.0851282 
2.70973e-05 0.00216763 0.000252869 0.329689 0.000113322 1.40477e-05 0.00295348 0.000464291 1.42502e-07 8.00239e-12 0.0287304 0.0212427 0.000970045 9.48645e-05 1.34877e-11 4.1555e-07 0.0557011 3.70137e-08 0.000580262 9.74027e-09 0.000257884 0.530116 9.87435e-12 0.00430517 1.82673e-12 0.00127933 0.0210389 
1.05362e-06 0.0318437 0.317655 0.0113319 0.188563 0.000276061 0.0349258 0.00272606 1.93099e-05 2.73729e-06 0.0586616 0.152666 0.0526489 0.000196594 2.92987e-08 2.17354e-08 0.0104083 2.64994e-06 0.00183909 0.00497793 0.00180959 0.110862 1.83226e-07 0.0109344 3.96813e-09 0.000521516 0.00712611 
0.000275139 0.0486593 0.00168759 0.00564741 0.0015916 0.0416989 2.00177e-06 0.0480262 0.0130093 3.51795e-08 0.401252 0.269718 0.05076 1.39884e-06 4.20137e-07 0.000339455 0.00772549 3.1632e-07 3.63443e-06 6.86932e-06 6.67631e-12 0.00956514 3.12166e-11 0.0953136 5.77501e-12 0.00414163 0.000574283 
0.00182905 0.00104125 0.000192931 0.00227918 0.297872 7.50796e-08 0.00176754 0.00382912 1.82051e-05 1.40325e-06 0.00982151 0.00614389 0.00125876 0.00499608 2.51064e-05 3.23453e-07 0.00817549 1.2877e-05 4.67658e-07 1.45771e-08 0.639725 0.000792222 0.00760238 0.00166589 2.96948e-09 0.0066415 0.00430756 
8.9669e-05 0.000134029 0.000291357 9.07747e-05 0.0187606 0.000248334 0.00129102 2.28787e-09 2.02369e-05 5.37802e-07 0.273991 0.564737 0.00956939 0.00372656 2.44743e-05 0.000155929 0.00922089 1.01114e-06 0.000118791 0.00010034 0.0043137 0.000842746 7.03247e-05 0.104058 8.49563e-10 0.00507768 0.00306547 
0.00172158 8.34295e-06 5.22805e-11 9.3263e-05 6.89222e-05 0.0155034 2.97917e-07 1.62849e-06 3.14242e-07 7.3465e-08 0.471403 0.464329 0.0271361 1.45256e-06 3.39847e-07 2.81229e-10 0.00982968 2.48616e-07 0.00274982 1.09904e-06 5.93554e-11 0.000779721 1.88464e-06 0.00222237 5.13425e-11 9.98357e-06 0.00413674 
1.98242e-07 0.00351753 1.4203e-08 4.67725e-07 4.10903e-07 1.01206e-07 1.50793e-07 4.70319e-07 1.06999e-11 1.45448e-11 0.036733 0.0302294 2.47211e-07 0.0054231 7.35685e-08 1.81864e-11 0.910677 4.17938e-08 6.38662e-07 1.53764e-09 1.76185e-07 0.0134159 7.18066e-08 7.85315e-07 3.32019e-12 9.20734e-08 3.13229e-07 
0.00540559 0.57194 0.0400012 0.00044775 0.00656083 0.00956561 0.00998017 0.000747789 0.00010411 2.57887e-05 0.0744124 0.0594447 0.127124 0.00770173 2.22878e-05 0.0177076 0.000953417 4.56117e-05 4.99478e-05 0.000666002 0.000820577 0.0312062 7.03037e-05 0.0241155 1.69867e-05 2.4524e-05 0.0108389 
0.00765032 0.00683381 0.688469 0.00123806 0.101667 6.78613e-06 0.00130703 0.00434769 0.00525126 1.2274e-06 0.00658762 0.0240948 0.0364908 0.00203677 4.82232e-06 1.06568e-08 0.010418 1.02e-08 0.000676417 0.000219741 0.00114473 0.00377929 2.98309e-05 0.0648039 1.94555e-09 5.53663e-05 0.0328857 
1.98242e-07 0.00351753 1.4203e-08 4.67725e-07 4.10903e-07 1.01206e-07 1.50793e-07 4.70319e-07 1.06999e-11 1.45448e-11 0.036733 0.0302294 2.47211e-07 0.0054231 7.35685e-08 1.81864e-11 0.910677 4.17938e-08 6.38662e-07 1.53764e-09 1.76185e-07 0.0134159 7.18066e-08 7.85315e-07 3.32019e-12 9.20734e-08 3.13229e-07 
9.82419e-07 1.16449e-06 3.64602e-06 2.54898e-10 0.738408 2.57712e-10 1.06563e-05 3.75695e-10 8.35623e-07 4.32933e-07 0.000250679 9.03114e-07 1.40855e-06 0.0938248 9.79934e-05 7.64157e-10 0.000411341 7.31404e-10 5.75303e-08 3.61445e-06 0.166818 6.17951e-07 0.000138365 7.10138e-07 1.39508e-10 2.37536e-05 2.54404e-06 
0.00115035 0.838121 0.00083036 0.000936441 0.00192187 0.00166718 0.000636003 0.000433833 1.67308e-05 5.2568e-06 0.0246828 0.0104454 0.0314412 0.00195082 0.000167521 0.0580672 0.00393909 0.000253852 7.01912e-05 1.94349e-05 0.000166874 0.00406532 7.70079e-05 0.0154214 1.28196e-06 0.000331843 0.00317927 
0.00322696 0.00330829 0.00065588 0.00312568 0.00102062 0.00404917 5.63838e-07 0.00928379 0.000125558 8.68126e-06 0.000779728 0.104675 0.109428 0.00130227 1.37204e-07 1.56228e-08 0.109323 6.00539e-08 0.000246462 1.92768e-08 0.000348295 0.205286 1.94032e-08 8.56038e-08 9.61131e-09 0.000115014 0.443691 
4.1818e-05 0.00773634 0.011762 2.41604e-05 0.251861 0.000966135 0.00306541 0.0103348 1.52724e-08 2.6213e-06 0.242122 0.00668142 0.0155907 0.329784 1.52073e-05 2.59581e-08 0.00774232 2.48455e-08 1.59736e-05 0.0233388 0.00440153 0.0824579 2.56168e-08 5.81987e-09 4.73905e-09 0.00202729 2.80305e-05 
0.000303083 0.00105234 0.0177921 0.000609289 0.567944 3.54781e-05 0.000864262 0.00146335 0.0261187 4.79674e-06 0.0724328 0.00369757 0.0217965 0.0128176 1.4647e-05 2.78978e-06 0.0385802 1.88325e-05 0.00763865 2.376e-05 0.179447 0.00010331 0.0222801 0.00433103 1.94678e-06 0.0199706 0.000655328 
3.30185e-05 0.0126281 0.764575 0.00208703 0.0469837 0.00716317 0.000961021 0.00298114 0.00108864 0.000404057 0.0463885 0.00297231 0.0164783 0.00815593 0.000234758 0.00225214 0.016986 0.000488838 0.000408236 0.000562144 0.0039248 0.00446405 0.00217651 0.0143837 1.88617e-05 0.0101443 0.0310555 
5.25851e-08 1.88736e-05 0.75777 3.13724e-05 0.0356716 6.84544e-06 0.00654129 1.34369e-05 0.000106472 1.50797e-05 0.0281962 0.106196 6.32147e-05 0.00897625 1.36564e-07 1.0131e-07 5.8094e-05 1.45951e-05 1.13301e-07 8.48092e-08 2.13344e-05 4.28355e-05 9.99781e-08 0.0561535 1.84957e-08 4.40577e-05 5.80731e-05 
2.28769e-06 0.00281185 1.41396e-06 0.989864 1.51091e-06 0.00421142 0.00014908 5.27593e-07 7.1127e-07 1.73915e-07 1.99997e-06 0.00102822 9.66112e-05 3.94586e-06 1.99492e-10 1.47994e-10 3.95473e-07 1.41651e-10 1.0862e-06 1.39291e-06 4.54379e-07 0.000844528 1.23324e-06 0.000404611 2.70185e-11 1.02963e-05 0.000562317 
0.739774 0.000886459 7.07197e-12 0.00788051 0.163043 2.54151e-08 8.0185e-09 0.0364893 2.23817e-11 3.04244e-11 0.00412399 0.0232932 0.000290372 0.00675189 1.33493e-07 3.80417e-11 0.0110198 7.27188e-08 1.407e-07 1.96399e-07 0.0048452 0.000225613 3.75414e-11 0.00119653 6.94509e-12 1.26794e-05 0.000166324 
0.00047523 0.00186204 0.000770342 0.0075754 0.00223402 1.43271e-06 0.000460383 0.00208287 0.00122025 3.39756e-06 0.0089527 0.00349281 0.0023467 0.00115249 0.932453 4.24821e-06 0.00715773 0.00225126 4.75101e-06 3.55627e-06 0.0150101 8.0502e-07 0.00049197 0.000465003 7.75574e-07 0.000624318 0.00890227 
0.00234313 0.0192696 0.00491242 0.000867236 0.65424 0.00460143 0.00266518 0.00378607 0.00205856 1.25457e-06 0.00872336 0.0198061 0.0144262 0.102248 0.000470464 1.10598e-05 0.109062 0.00052125 7.18818e-05 0.00200782 0.0118662 0.0103174 0.000165665 0.0074266 4.21782e-08 0.0104049 0.00772657 
0.00628003 0.0459792 0.00211648 0.0227744 0.00125411 8.99011e-09 0.000499073 0.000812858 1.59826e-06 0.00100438 0.00410994 0.000432933 0.00078158 9.97144e-07 6.71551e-07 2.66571e-08 0.00713515 3.05585e-06 1.61185e-06 2.23153e-08 0.000467482 0.010024 1.5926e-07 0.870051 4.86666e-09 2.176e-05 0.0262474 
1.98242e-07 0.00351753 1.4203e-08 4.67725e-07 4.10903e-07 1.01206e-07 1.50793e-07 4.70319e-07 1.06999e-11 1.45448e-11 0.036733 0.0302294 2.47211e-07 0.0054231 7.35685e-08 1.81864e-11 0.910677 4.17938e-08 6.38662e-07 1.53764e-09 1.76185e-07 0.0134159 7.18066e-08 7.85315e-07 3.32019e-12 9.20734e-08 3.13229e-07 
0.000280859 9.59106e-05 1.07911e-05 0.00033037 0.00456278 0.00081952 0.00100887 6.68753e-06 1.96954e-05 1.13766e-06 0.00134874 0.00833759 0.014392 0.000477252 2.11173e-05 9.24974e-10 0.00559316 8.34443e-05 1.00572e-05 0.000207466 0.000868574 0.0390931 2.35958e-06 0.00264712 5.72288e-10 0.917777 0.00200424 
0.0966302 0.00122953 0.00158086 1.02691e-11 0.401177 0.00101426 0.00180527 0.000521097 3.71792e-05 2.78304e-08 0.00265984 0.0102585 0.000848982 0.40444 2.38503e-05 3.07858e-11 0.00870421 3.49363e-07 0.00170737 3.42541e-06 0.0553224 1.0084e-07 1.71345e-09 0.000179347 5.62041e-12 0.000191601 0.0116653 
0.00567122 0.00333174 0.00909915 0.0314792 0.746854 0.00242783 0.00335174 0.00407951 0.00121639 2.98797e-05 0.0179006 0.0134678 0.0192392 0.0506383 0.000698098 0.000211089 0.0118733 8.33172e-05 0.000160068 0.00133348 0.0118552 0.0118934 0.000305917 0.0113405 2.00443e-05 0.0339943 0.00744417 
9.06701e-12 1.19195e-06 0.004253 2.82612e-07 0.0909241 1.87348e-07 0.000181448 9.4987e-06 0.000451794 1.39707e-11 0.00689171 1.04559e-06 1.23738e-06 0.00948158 1.0834e-07 1.74685e-11 0.0014516 2.1403e-07 1.9536e-11 5.85079e-08 0.878382 4.2007e-07 8.06792e-07 0.00600705 3.18914e-12 0.00196025 3.78709e-07 
8.64009e-05 0.670369 0.000167453 0.00062219 0.000988523 0.000131807 4.15327e-05 0.00965766 1.43425e-06 1.74953e-05 0.00472047 0.0201091 0.0591848 0.00272888 3.41057e-06 6.80171e-08 0.000711217 0.00169088 7.40008e-05 5.69386e-08 4.17316e-07 0.0250389 0.0273462 0.175631 2.46909e-08 1.74215e-06 0.000675519 
0.00389325 0.536409 0.00115022 0.00033099 0.00101087 0.145709 0.00504611 0.0547971 1.81607e-05 8.05093e-06 0.036368 0.0737553 0.0282358 0.0544347 3.3355e-06 0.0180983 0.00115052 0.000220881 0.000253788 0.00404434 0.000635867 0.00543153 1.4046e-05 0.0261424 2.98927e-06 0.000650316 0.00218493 
1.02715e-12 0.00327037 2.10063e-08 4.15929e-09 0.000973697 0.00065824 0.00169216 1.07412e-07 1.16428e-12 1.74108e-08 0.785933 0.00939873 0.121371 0.000254967 5.60442e-09 1.9789e-12 0.0264592 1.89409e-12 0.000169543 0.000138239 2.38109e-09 0.0150276 1.95288e-12 0.0148506 3.61279e-13 6.84436e-09 0.0198033 
0.00153118 0.0748428 0.0158411 0.0389821 0.115987 0.00104118 0.0461075 0.00137481 0.000461294 4.2311e-06 0.0142275 0.0898603 0.0138922 0.0300142 5.27292e-06 1.70361e-08 0.166166 0.000593556 6.68321e-05 0.330857 0.000516721 0.00563851 3.67733e-05 0.00964488 3.1102e-09 0.00602883 0.0362778 
0.104293 0.00223904 0.0381859 0.000699916 0.182781 0.00359146 0.00712496 0.000822404 5.10412e-05 1.80939e-08 0.00368874 0.000440888 0.0359444 0.577274 3.04966e-08 2.27314e-06 0.00788511 2.16544e-08 0.000147635 2.87842e-06 0.00257718 0.0181384 0.00076131 0.00963745 4.13036e-09 0.000247127 0.0034636 
0.00217937 0.0762992 0.333757 0.0012247 0.241174 1.78426e-05 0.115939 0.0123302 0.000544094 5.12493e-05 0.00586736 0.00394044 0.0125984 0.0271064 0.00742736 0.000171284 0.00818452 7.04306e-05 6.97351e-06 0.0130852 0.00504783 0.00792914 0.117474 0.000159093 5.02593e-06 0.000539038 0.00687121 
0.000681015 0.643481 0.00970258 0.00343257 0.015274 0.0251431 0.00124321 0.00475025 0.00541632 1.43268e-05 0.0426271 0.018815 0.0764057 0.00556667 0.000103219 0.0579902 0.00369014 0.000395839 0.000294555 3.29592e-05 0.000426606 0.00610116 0.0326953 0.0355352 5.58107e-06 0.00814514 0.00203162 
2.06117e-07 0.000268699 7.55323e-07 2.56645e-11 0.726615 0.00933891 0.000337425 0.000587539 4.52671e-11 5.48629e-09 0.000667944 1.47991e-08 4.32819e-08 0.0215084 5.94411e-07 7.69396e-11 0.000273444 1.75209e-07 0.000169097 2.83972e-07 0.153104 0.000771003 1.61704e-06 1.35364e-07 1.40465e-11 0.0863547 9.8454e-08 
0.0183312 0.0117048 0.0335877 0.0113233 0.334354 0.000277614 0.00995194 0.000866525 0.000219045 2.69e-05 0.019603 0.0339197 0.0156114 0.0534832 0.00102243 2.75495e-05 0.0437603 3.61193e-05 0.0138051 0.000699881 0.278896 0.0154704 0.0043304 0.00744513 1.33795e-05 0.081902 0.00933116 
0.000232355 6.90883e-06 1.44619e-05 0.51182 0.286051 0.000174989 0.00255564 0.11965 1.71016e-07 2.3247e-07 1.17734e-05 2.2139e-05 0.0409522 0.00241693 1.0167e-05 2.90673e-07 0.016232 2.78214e-07 1.50246e-05 8.21103e-06 0.0133943 0.00137867 2.8685e-07 0.0043374 5.30667e-08 0.000679774 3.46563e-05 
5.46956e-05 0.67339 1.43061e-07 0.00336784 8.05571e-05 0.000495261 0.00114994 0.00162255 3.7866e-06 1.37125e-08 0.00155968 0.0301736 0.0342197 6.60816e-05 2.31119e-08 1.71457e-08 0.00104104 0.000234798 1.3115e-06 1.4353e-08 9.26162e-07 0.22646 0.000428239 0.023928 1.06459e-08 4.585e-07 0.00172092 
0.00124265 0.134203 0.00628406 0.065813 0.0510418 0.150085 0.241376 0.00215102 0.00744897 2.48511e-06 0.0997402 0.0131103 0.135754 0.00497753 4.55456e-06 1.9705e-05 0.0215134 3.08377e-05 0.00367525 0.000861453 0.00106815 0.0156653 2.57546e-05 0.00595361 2.09509e-06 0.0287777 0.00917196 
0.00966373 0.0170913 0.0163517 0.00358416 0.25338 0.0140396 0.000560294 0.0446284 0.000799627 4.77119e-05 0.0347778 0.10012 0.10711 0.0661747 2.69749e-05 0.0181274 0.177698 0.00851687 0.000357052 0.000573842 0.0546381 0.00250414 0.000524186 0.044044 1.02121e-06 0.00221089 0.0224479 
0.000244769 0.50619 0.000892987 0.000711866 0.0679591 1.12001e-05 0.00188862 0.0002432 8.37287e-06 9.4447e-06 0.126568 0.0141171 0.00159648 0.00252252 0.000128981 2.42093e-05 0.117553 0.126559 0.000990025 7.44826e-06 0.0156022 0.00125559 7.52325e-05 0.0104714 5.21156e-06 0.00409784 0.00026557 
