4.00075e-08 0.000229105 0.000101625 1.02711e-07 0.0317863 7.92537e-08 0.0350429 3.27233e-12 2.99586e-05 6.0963e-10 0.0140417 1.26035e-07 0.000154444 0.00240557 4.59237e-09 6.65586e-12 2.46322e-07 6.37058e-12 0.00019406 1.7084e-08 0.0272713 9.58156e-05 6.56833e-12 0.000185192 3.49962e-08 0.888461 2.66125e-07 
0.000229635 0.000101406 0.000580955 0.000267234 0.0125861 0.000219821 0.00398169 7.5763e-07 0.00035077 3.77939e-08 0.0358324 0.0060071 0.00192347 0.00415263 2.38289e-07 1.77628e-12 0.00427765 6.99936e-07 2.06727e-05 1.18184e-09 0.141478 0.00637244 4.16979e-06 0.000475411 2.52924e-05 0.77778 0.0033314 
4.00075e-08 0.000229105 0.000101625 1.02711e-07 0.0317863 7.92537e-08 0.0350429 3.27233e-12 2.99586e-05 6.0963e-10 0.0140417 1.26035e-07 0.000154444 0.00240557 4.59237e-09 6.65586e-12 2.46322e-07 6.37058e-12 0.00019406 1.7084e-08 0.0272713 9.58156e-05 6.56833e-12 0.000185192 3.49962e-08 0.888461 2.66125e-07 
3.57128e-11 1.08526e-11 1.27907e-11 2.29509e-11 0.162886 2.32042e-11 1.26304e-07 3.38274e-11 4.04808e-11 5.50272e-11 1.03598e-08 6.69969e-12 6.38843e-12 0.0870864 9.27463e-11 6.88043e-11 7.85453e-08 6.58553e-11 7.69477e-11 5.75976e-11 0.0058078 1.30382e-11 2.37717e-07 1.54261e-11 1.25613e-11 0.744219 1.28263e-08 
0.00386545 0.00136281 0.00131791 0.030435 8.23515e-08 0.00634736 8.04402e-09 2.87541e-08 3.8765e-08 9.47569e-09 0.0642163 0.032716 0.0026979 0.0171626 4.98934e-12 3.70137e-12 0.00326125 3.54272e-12 0.000491405 7.59163e-08 0.00539134 2.38481e-06 6.72132e-08 0.003764 6.75741e-13 0.802231 0.0247373 
0.000776237 0.00032391 0.000346713 0.000959155 0.0333169 0.00063985 0.00251626 1.21893e-09 0.00129739 1.59646e-10 0.136444 0.00373319 0.00336515 0.00873867 1.27138e-06 1.28149e-12 0.00891493 3.80895e-10 0.00013635 2.22994e-09 0.0168568 0.0382505 1.26463e-12 0.00048985 3.784e-06 0.740695 0.00219394 
0.0237473 0.0020384 0.000296892 0.0014779 0.227769 0.00097464 0.00029684 0.00495347 1.96044e-05 8.38294e-07 0.00812767 0.0165447 0.00263724 0.0376941 0.000256375 4.75212e-09 0.00450689 8.66428e-06 3.12496e-05 5.13133e-05 0.100866 0.00172451 0.00031685 0.00581175 8.5346e-07 0.556959 0.00288872 
0.0114682 0.00528796 0.00176812 0.00198037 0.0163739 0.0153999 0.0279424 0.00546454 0.00284634 0.00032718 0.0395272 0.123713 0.0820449 0.0049112 1.63336e-07 1.63445e-07 0.03476 0.00415202 1.63408e-07 1.63496e-07 0.00366687 0.0417596 1.63449e-07 0.0363226 1.63701e-07 0.529576 0.010707 
0.0044398 0.00257669 0.154656 3.50259e-09 0.245129 8.69339e-06 0.00269088 0.000556989 7.84895e-05 8.39784e-09 0.00857126 0.0865462 0.0217975 0.00847972 2.63666e-06 1.05004e-08 0.0366569 9.26872e-06 1.19316e-05 0.00930644 0.00539456 0.000213032 0.00340287 0.00609907 0.000460164 0.355663 0.0472489 
0.000308398 0.000128917 1.05543e-05 0.000575931 0.0045466 0.000859165 0.00109777 1.24634e-05 2.1624e-05 1.37886e-06 0.00138817 0.00863039 0.0148629 0.000479354 2.07519e-05 1.83027e-08 0.00750623 8.63469e-05 1.36718e-05 0.00102017 0.000832999 0.0431184 2.87981e-06 0.00304375 3.71617e-08 0.906463 0.0049683 
0.0675681 0.000449606 0.00469453 0.00165924 0.220983 2.42813e-09 0.0212334 9.28335e-07 4.05171e-06 8.60685e-08 0.0160752 0.0297916 1.17083e-06 0.0560784 2.86072e-06 7.19979e-09 0.0124498 7.33231e-07 0.000525665 0.0132235 0.209529 0.000316266 1.22085e-05 0.0182427 9.22637e-07 0.319419 0.00773852 
0.0010375 0.0332483 0.0177454 0.0304617 0.0773113 0.000962143 0.030374 0.0040193 0.000136302 8.85035e-05 0.0252853 0.0130528 0.0217177 0.0731273 5.51147e-05 0.00180781 0.0339384 5.91695e-05 0.000594577 0.00104987 0.0445623 0.0151089 0.134176 0.0118794 0.0106321 0.414798 0.00277024 
7.91287e-09 4.3306e-06 0.000449716 1.10244e-05 0.00171004 3.30196e-05 0.000557543 4.03101e-09 1.17515e-05 6.88194e-08 0.00155188 0.00435797 0.000590549 0.00134592 1.30749e-10 1.9015e-12 0.000607092 2.08995e-06 2.12655e-12 1.59179e-12 0.371393 2.27486e-09 1.83056e-05 0.000296097 9.08776e-06 0.61627 0.000780838 
0.000517503 0.000215943 0.000231146 0.000639444 0.028184 0.000426572 0.00169902 9.58581e-10 0.000864938 1.32409e-10 0.0909628 0.0024888 0.00225153 0.00594067 8.48325e-07 1.18478e-12 0.0059433 3.15794e-10 9.09048e-05 1.75363e-09 0.012135 0.0255004 1.1692e-12 0.000326571 2.52322e-06 0.820115 0.00146264 
0.000392228 0.0018332 0.00246934 0.000191375 0.146712 0.00187549 0.0387764 0.00010097 0.00316602 3.97379e-07 0.0683305 0.000787058 0.00330737 0.0076313 8.26582e-06 6.63902e-10 0.00954911 1.45257e-05 0.000164725 5.47976e-05 0.025022 0.000439049 3.20911e-06 0.000241826 0.00013693 0.688112 0.000679536 
0.00539054 0.00272919 0.00342765 0.00387685 0.169486 0.00404148 0.00155122 0.00258526 8.08618e-05 7.10238e-06 0.0344877 0.00372878 0.00819474 0.0181639 0.000256352 9.86644e-06 0.0194718 0.000199784 0.00159508 0.000585118 0.181681 0.00312248 5.04304e-05 0.015051 4.59219e-05 0.514067 0.00611269 
0.0155259 0.00678279 0.0176927 1.90061e-05 0.217644 0.00431247 0.00157694 5.67812e-05 0.00375685 2.7903e-07 0.107628 0.0198731 0.00145602 0.0134385 6.57473e-06 1.91774e-11 0.0342161 7.57002e-05 0.000190677 2.18947e-05 0.0113988 0.00215205 3.15031e-08 0.0100656 1.48169e-05 0.531882 0.000212174 
0.00221801 0.00118317 0.00866311 0.00207594 0.158036 0.00187089 0.00106891 0.00104254 0.000221489 6.22507e-07 0.000487491 0.0208521 0.00043183 0.0142246 8.85995e-09 1.65067e-06 0.109947 2.93046e-08 2.12774e-05 2.58713e-07 0.132855 0.00536825 0.00316999 0.018787 1.42574e-05 0.504019 0.0134402 
0.00113339 0.00139177 0.000373271 0.00247412 0.0934029 0.000426097 0.00309422 0.000423031 0.00030509 3.76371e-07 0.0122241 0.00860293 0.0144342 0.00633758 4.61548e-05 1.14564e-06 0.0451839 2.82529e-05 4.47149e-05 0.000312735 0.0367296 0.00386023 5.74496e-07 0.00264121 2.43622e-05 0.76455 0.00195437 
0.000305895 0.00161739 0.0148691 0.000566088 0.122888 0.000889046 0.00333586 0.00020233 0.00441599 1.31229e-06 0.0404681 0.0057871 0.00454344 0.00985814 0.00644758 1.70472e-05 0.0181672 3.68157e-05 0.000196803 0.00035322 0.0454495 0.00653438 0.0115862 0.00290485 2.72763e-05 0.69367 0.00486117 
0.000541054 0.0022704 0.000412432 0.00376972 0.00475327 0.000832511 0.00129546 0.000803322 9.52276e-06 2.5101e-06 0.0233885 0.0192201 0.20622 0.000349074 4.97474e-05 1.22801e-12 0.00552492 0.000241515 1.49905e-05 0.00043484 0.000436125 0.00729937 9.51679e-05 0.0371572 4.83422e-05 0.681752 0.0030777 
0.00183546 0.00517918 0.00948998 0.00104898 0.203933 0.00155961 0.00618938 0.00147958 0.000742186 4.98111e-06 0.0529848 0.0369405 0.0288346 0.0204185 2.56329e-05 1.55228e-06 0.0317344 0.000535266 0.000221864 0.00685552 0.029931 0.0196958 0.00467377 0.00997051 0.00011143 0.516013 0.00959038 
0.0128863 0.00929344 0.0249954 0.000196173 0.222833 0.000630396 0.001787 5.13871e-05 2.31996e-05 5.34061e-10 0.0456788 0.0228245 0.0249071 0.191484 3.64137e-07 6.67773e-10 0.014877 0.000199904 0.00729103 0.000229031 0.010013 0.000736668 0.000211676 0.000801543 1.60529e-06 0.399035 0.00901333 
0.00152545 0.0325195 1.63643e-07 0.0458042 0.178065 0.000229039 0.000162972 0.061566 0.0044095 5.92761e-08 0.0626195 0.0236772 0.00760084 0.00703671 3.23393e-06 1.00516e-08 0.0362958 5.8768e-05 0.00606618 8.41439e-09 0.0086863 0.0974678 9.91937e-09 0.00358166 3.90579e-06 0.416857 0.0057631 
1.29723e-06 0.000388312 6.3402e-07 3.24128e-05 0.0964734 0.00135827 0.000122299 0.000125583 1.7103e-05 5.09812e-07 0.0236216 0.00185406 0.00229672 0.0098386 1.66295e-08 1.23367e-08 0.000543027 0.000498576 4.35229e-05 5.88276e-07 0.0100006 0.00105135 1.21745e-08 0.000345184 3.36793e-07 0.851365 2.15144e-05 
0.00434978 0.0682364 0.0232894 0.00160317 0.100822 0.00416683 0.0193885 0.000516401 0.000204389 2.02543e-06 0.0298521 0.0758733 0.0591529 0.0173723 2.66547e-05 1.33596e-06 0.0478961 0.00113119 0.000915331 0.000763116 0.0164396 0.00780058 5.93182e-05 0.016037 0.00131105 0.488721 0.0140687 
0.00157169 0.0130828 0.0299902 0.00118169 0.0786127 0.00360209 0.00322965 0.000218718 0.000247894 4.59037e-05 0.0483436 0.00863067 0.0433448 0.010137 0.00137977 4.7632e-09 0.00808194 0.000710911 4.67195e-05 0.102579 0.00454336 0.0116595 0.000365373 0.0096264 0.00192028 0.601125 0.0157228 
9.08374e-05 0.00476229 0.00349973 0.00022871 0.0871487 0.000473702 0.00615231 1.59743e-09 0.00319998 9.63794e-08 0.0781059 0.000314258 0.00644717 0.0136382 8.86299e-06 2.81655e-12 0.0274391 3.19048e-05 6.34397e-06 2.45053e-05 0.0152429 0.000331876 2.7795e-12 0.000102236 2.54072e-05 0.751312 0.00141263 
0.000776237 0.00032391 0.000346713 0.000959155 0.0333169 0.00063985 0.00251626 1.21893e-09 0.00129739 1.59646e-10 0.136444 0.00373319 0.00336515 0.00873867 1.27138e-06 1.28149e-12 0.00891493 3.80895e-10 0.00013635 2.22994e-09 0.0168568 0.0382505 1.26463e-12 0.00048985 3.784e-06 0.740695 0.00219394 
2.87249e-05 0.0106504 0.0014943 0.000881452 0.0421797 0.00136258 0.104644 0.000116349 0.000129227 1.09631e-05 0.198359 0.00774705 0.0887366 0.00409551 2.50817e-05 5.5854e-11 0.0466438 0.00221158 0.000511837 9.65824e-05 0.010672 0.0409217 9.40878e-06 0.00412251 0.0122582 0.294206 0.127886 
0.0036813 0.000573036 0.000313732 8.1046e-05 0.0529027 2.30682e-05 1.85968e-05 0.000574083 1.10412e-05 2.53062e-10 0.00161569 0.000375587 1.78987e-05 0.0106109 8.20848e-07 4.00053e-12 0.00774781 2.26127e-05 1.55296e-05 7.60454e-06 0.0195651 3.54119e-05 1.9295e-05 6.22432e-06 1.49189e-06 0.901162 0.00061748 
0.000140475 0.000305418 3.22355e-05 5.04759e-05 0.0379252 2.54147e-06 0.00633097 1.16622e-05 7.91499e-06 1.53513e-08 0.00407395 0.00264912 0.000496542 0.00110972 5.29765e-06 4.8091e-07 0.0529596 7.60994e-06 4.2086e-05 3.32012e-06 0.0974207 0.00145367 2.44594e-12 9.46643e-05 2.99606e-05 0.79126 0.00358621 
0.000776237 0.00032391 0.000346713 0.000959155 0.0333169 0.00063985 0.00251626 1.21893e-09 0.00129739 1.59646e-10 0.136444 0.00373319 0.00336515 0.00873867 1.27138e-06 1.28149e-12 0.00891493 3.80895e-10 0.00013635 2.22994e-09 0.0168568 0.0382505 1.26463e-12 0.00048985 3.784e-06 0.740695 0.00219394 
0.000245282 0.00129939 0.00124461 0.000885871 0.138008 0.00141842 0.0146775 0.00111986 0.00140359 1.37215e-07 0.0375603 0.0017409 0.00372963 0.00644091 1.37501e-05 6.00493e-10 0.00954021 1.98057e-05 6.69874e-05 2.19328e-05 0.0269476 0.00335883 0.0425242 0.00511734 5.77197e-05 0.701544 0.00101263 
0.00021026 0.00238073 0.0151218 4.45543e-05 0.092157 0.000902301 0.00109216 3.15891e-08 0.000514255 2.12382e-07 0.0371879 0.00412566 0.00215557 0.00342077 1.45832e-07 4.42746e-11 0.00214675 5.97201e-05 8.75358e-05 1.57306e-05 0.0213735 6.57702e-05 6.65401e-07 0.000937832 2.57718e-05 0.815649 0.000324383 
0.000230444 0.00222742 0.00778859 0.000458594 0.289341 0.000675863 0.0257381 3.07312e-05 0.001163 0.0154306 0.0348689 0.000774076 0.00186162 0.00839942 0.000201645 2.41426e-08 0.00507487 5.40289e-05 5.00027e-05 0.000264965 0.0337533 0.00038432 3.5668e-05 0.00041516 0.000223426 0.570178 0.000376505 
0.0270269 0.0362291 0.0848061 0.00064374 0.0610753 0.0681579 0.000936082 0.016731 0.00365657 0.000305135 0.041882 0.00619941 0.0261547 0.00501683 4.20897e-05 1.60575e-08 0.0774406 1.02316e-06 0.00201275 0.00717503 0.000608138 0.00392647 1.27722e-06 0.00724827 0.000167 0.518032 0.00452467 
6.48849e-05 0.00341084 0.00251452 0.000163366 0.0643129 0.000338361 0.00449127 1.1875e-09 0.00228571 6.88977e-08 0.0559347 0.000224471 0.00465238 0.00974159 6.33129e-06 2.18494e-12 0.0195994 2.50803e-05 4.53185e-06 1.75048e-05 0.0121548 0.000237055 2.15621e-12 7.36776e-05 1.81483e-05 0.818666 0.00106266 
0.00114119 0.0102799 0.0072563 0.00239838 0.0633341 0.00272206 0.0504933 0.000826371 0.000530342 3.11905e-06 0.0424403 0.0201572 0.0295552 0.0127584 0.00025862 1.22628e-05 0.0490335 0.001214 0.000377054 0.000232635 0.0733596 0.016807 0.000282882 0.00668701 0.000901965 0.595603 0.0113347 
0.0553638 0.00360532 0.0327493 0.000734945 0.187955 0.00021226 0.0724224 0.000441122 0.00252743 2.91651e-06 0.0439722 0.00554222 0.00409642 0.0594448 4.37113e-06 2.24188e-08 0.0418114 9.0968e-06 0.0280725 0.000320358 0.10176 0.000575625 0.00222184 0.00661078 0.0430594 0.301655 0.0048292 
0.00107408 0.00856348 0.011207 0.00189006 0.112973 0.00502446 0.0485905 0.000921493 0.00292688 0.000104489 0.0478827 0.00735129 0.0289124 0.0108583 0.000103663 0.00651793 0.0436793 0.000506651 0.000154781 0.00881214 0.0294124 0.00601301 0.000259253 0.00389577 0.00166236 0.595943 0.0147594 
2.11433e-05 0.00202065 0.00374021 4.27713e-05 0.201825 1.00395e-05 0.00148287 3.76274e-11 2.46328e-05 5.24877e-09 0.019003 0.000219787 0.00135002 0.00267207 6.12996e-06 1.1062e-07 0.00703973 4.80458e-05 1.38845e-06 2.01318e-05 0.144149 3.36731e-05 7.55269e-11 1.71142e-05 3.51888e-06 0.615617 0.000651469 
0.00624973 0.00956196 0.025116 0.00342124 0.167641 0.000537382 0.00469183 0.0038967 0.000227463 5.63723e-08 0.0214967 0.0346325 0.0118045 0.0418919 1.44757e-06 0.000144499 0.103862 0.00110929 5.79392e-05 0.00180051 0.0128715 0.0163087 0.000107554 0.00538114 0.000423953 0.517792 0.00897019 
4.00075e-08 0.000229105 0.000101625 1.02711e-07 0.0317863 7.92537e-08 0.0350429 3.27233e-12 2.99586e-05 6.0963e-10 0.0140417 1.26035e-07 0.000154444 0.00240557 4.59237e-09 6.65586e-12 2.46322e-07 6.37058e-12 0.00019406 1.7084e-08 0.0272713 9.58156e-05 6.56833e-12 0.000185192 3.49962e-08 0.888461 2.66125e-07 
0.000466019 0.000734043 0.000360408 0.000446972 0.0216957 0.000238327 1.11395e-05 4.48588e-05 8.59274e-06 3.28217e-09 0.00162281 0.00528614 0.000259348 0.017159 4.79126e-12 3.55442e-12 0.000270694 1.1845e-06 2.04962e-08 3.32421e-05 0.00122047 1.18423e-08 0.000159405 0.000136636 6.48913e-13 0.948401 0.00144429 
0.000590982 0.0029836 0.0072712 0.000565159 0.30299 0.00738496 0.0814965 6.6183e-05 0.00207269 2.55216e-06 0.092597 0.00397702 0.00728352 0.0280424 5.43161e-06 1.48493e-09 0.0086578 1.20544e-05 0.000107955 3.33749e-05 0.0825393 0.00175207 2.111e-06 0.00299927 8.96805e-05 0.365582 0.000895251 
0.00107919 0.000557429 0.000209426 2.92341e-05 0.260813 0.000187105 0.012414 2.57256e-05 0.000479666 3.21571e-07 0.0258646 0.00153693 0.000948549 0.0170748 2.19025e-07 3.62706e-10 0.00808071 2.06047e-06 0.000201686 2.18679e-08 0.023263 0.000166855 6.73297e-07 0.000787776 0.000176287 0.644442 0.00165905 
0.00895413 0.0230965 0.0236541 0.000827431 0.0424863 0.0309192 0.00669545 0.00920644 0.00323083 8.58208e-05 0.042655 0.0138536 0.0241689 0.0058586 1.15592e-05 5.73387e-05 0.0670947 0.000349541 0.000333746 0.00292182 0.0610105 0.002211 0.000296758 0.00731724 0.000259275 0.616384 0.00605999 
0.000381484 0.00170702 0.00429851 0.000623366 0.345145 0.00299424 0.000173862 0.00162696 3.47427e-05 1.89335e-05 0.0384815 0.0154862 0.00760286 0.0829123 8.58541e-06 1.41592e-10 0.0453051 0.0270956 0.000330448 0.00175453 0.0577445 0.00174681 0.0112795 0.00185018 2.05354e-05 0.348588 0.0027893 
0.00840941 0.00931909 0.00373843 0.000189936 0.0969395 0.000628428 0.00205428 5.01785e-05 2.24576e-05 2.67933e-12 0.0216507 0.0228144 0.0251384 0.0453048 2.64993e-08 3.35016e-12 0.0148684 0.000333915 0.000108188 0.000226993 0.011931 0.000733453 0.000209795 0.000803861 1.49127e-06 0.725168 0.00935475 
0.000613065 3.51118e-06 1.19914e-05 0.000267899 0.123651 2.55495e-05 0.000372162 6.4206e-05 0.000124609 1.64337e-09 4.74445e-06 1.01243e-07 5.16005e-06 0.00234968 2.23197e-09 2.23242e-06 0.0136313 5.36119e-07 2.05647e-06 2.27238e-12 0.0282007 0.00236746 3.33932e-09 6.43755e-05 2.01681e-05 0.828159 5.87485e-05 
0.000307255 0.000511496 0.00044986 0.000935408 0.00527903 0.00049207 0.00114224 0.00016852 2.11434e-05 1.75411e-06 0.00567528 0.0144044 0.0371387 0.00277512 9.04687e-06 2.28396e-10 0.00224821 4.97524e-05 3.59093e-06 0.00110294 0.0316624 0.00780497 8.18389e-05 0.00438086 3.14886e-05 0.879511 0.00381118 
0.000140242 3.28639e-06 2.48811e-05 5.34974e-05 0.0221333 0.00206628 0.000284493 5.62226e-05 3.09986e-08 1.01152e-11 0.0431689 0.00148139 0.0152273 5.40015e-05 1.80358e-08 2.40982e-08 0.00433651 3.42059e-05 1.71933e-07 1.05877e-11 0.000296051 2.45697e-05 1.24813e-11 1.63339e-06 6.10334e-09 0.909068 0.00154549 
0.00558446 0.000306554 0.000909882 3.30638e-05 0.0770002 7.15457e-05 0.00526467 1.25355e-06 1.93726e-05 9.01018e-09 0.00304349 0.00103895 0.000390273 0.0121655 9.6299e-05 1.06582e-09 0.00295248 3.89237e-05 1.31111e-05 6.4863e-05 0.178715 4.99063e-05 7.3908e-05 2.43844e-05 3.00492e-05 0.711594 0.000517801 
0.000284445 0.000666789 6.65154e-06 0.00047798 0.0044099 0.0011546 0.00123618 6.80284e-05 0.00842701 9.43228e-07 0.0066498 0.0126538 0.0165134 0.000357435 9.20353e-06 5.22355e-10 0.00282463 6.15084e-05 7.81327e-06 0.000184309 0.000490335 0.0157027 1.39704e-05 0.0125064 3.07223e-06 0.911767 0.00352196 
0.000930622 0.0165074 0.0142484 0.00521687 0.136351 0.0035677 0.00510381 0.000348643 0.000201936 5.22503e-06 0.0528417 0.0273359 0.0242004 0.0226428 0.00033017 0.00017252 0.0334027 3.55502e-05 5.89305e-05 0.000137021 0.157589 0.143534 0.000628394 0.00326959 3.09054e-05 0.244188 0.107121 
0.000420171 0.000250262 0.00104194 8.15877e-05 0.0556397 0.00133318 8.64142e-05 6.55518e-05 3.82786e-05 1.17816e-06 0.0401244 0.00138166 0.00889709 0.0136712 1.25164e-06 3.69056e-10 0.00340842 0.0130439 1.18813e-05 2.03376e-06 0.0266373 0.000415741 3.9102e-05 0.000623768 9.72427e-06 0.831163 0.00161123 
0.00149022 0.0105039 0.00802914 0.000229845 0.0498462 0.044573 0.00649092 0.0138242 0.000193591 1.18359e-05 0.0278573 0.00329421 0.0149462 0.00549127 4.03632e-05 1.3264e-05 0.000595255 8.08166e-05 1.79923e-05 1.61496e-07 0.006911 0.0120111 0.000470279 0.00367754 9.2943e-05 0.779788 0.0095195 
0.00146857 0.000315239 0.000134681 0.000861811 0.13101 0.000294874 2.14861e-06 0.00268657 1.0993e-07 2.87779e-09 0.0026213 0.00346127 0.000118988 0.00250415 6.56019e-06 4.57452e-06 0.000957616 6.18043e-06 7.29473e-06 3.01221e-09 0.00346744 0.00939179 0.000355363 0.0104737 1.4142e-06 0.829512 0.000336352 
0.00121534 0.0209235 0.00378005 0.0102557 0.0919133 0.0537088 0.0363733 0.00327979 0.00088065 5.65063e-07 0.0200207 0.0680819 0.0372988 0.0119054 4.59479e-06 2.26876e-08 0.195207 0.0030722 0.00107063 1.72276e-05 0.0408005 0.0268064 6.65781e-06 0.0172474 0.00207022 0.28625 0.0678101 
0.000392228 0.0018332 0.00246934 0.000191375 0.146712 0.00187549 0.0387764 0.00010097 0.00316602 3.97379e-07 0.0683305 0.000787058 0.00330737 0.0076313 8.26582e-06 6.63902e-10 0.00954911 1.45257e-05 0.000164725 5.47976e-05 0.025022 0.000439049 3.20911e-06 0.000241826 0.00013693 0.688112 0.000679536 
7.91287e-09 4.3306e-06 0.000449716 1.10244e-05 0.00171004 3.30196e-05 0.000557543 4.03101e-09 1.17515e-05 6.88194e-08 0.00155188 0.00435797 0.000590549 0.00134592 1.30749e-10 1.9015e-12 0.000607092 2.08995e-06 2.12655e-12 1.59179e-12 0.371393 2.27486e-09 1.83056e-05 0.000296097 9.08776e-06 0.61627 0.000780838 
0.00111563 0.00589984 0.0150907 0.00960254 0.234503 0.000883697 0.00281733 0.000377489 0.000955491 0.00337568 0.0625741 0.00863962 0.024118 0.0302048 0.000199153 6.82614e-08 0.0239379 3.6642e-05 0.000165094 0.000208696 0.0940592 0.0135921 0.00208148 0.00657674 4.46719e-05 0.453137 0.00580346 
0.000776237 0.00032391 0.000346713 0.000959155 0.0333169 0.00063985 0.00251626 1.21893e-09 0.00129739 1.59646e-10 0.136444 0.00373319 0.00336515 0.00873867 1.27138e-06 1.28149e-12 0.00891493 3.80895e-10 0.00013635 2.22994e-09 0.0168568 0.0382505 1.26463e-12 0.00048985 3.784e-06 0.740695 0.00219394 
0.0701126 0.0111429 0.0130849 0.00315249 0.0919913 0.000897407 0.00337024 0.00368843 6.00161e-05 2.61846e-07 0.117018 0.139085 0.0078798 0.0149232 2.72903e-06 1.3496e-07 0.0784876 5.55776e-05 0.000182588 2.51297e-07 0.049095 0.0283345 0.000268389 0.00453267 1.57207e-05 0.210064 0.152555 
8.76113e-05 0.0195527 5.48359e-05 0.0135951 0.0144161 5.68194e-05 0.0179443 9.11649e-05 0.000197991 4.03527e-07 0.00855049 0.0531388 0.0123919 0.00077735 5.37005e-06 1.14642e-11 0.190983 0.00243987 0.000311948 1.14549e-07 0.00155653 0.0266505 1.79332e-08 0.00238598 0.00357296 0.494751 0.136487 
0.0135051 0.0401682 0.023321 0.0352422 0.0711657 0.0356374 0.00214479 0.00328817 0.00370368 0.000665735 0.110031 0.147342 0.0601036 0.0665274 2.07758e-07 2.07897e-07 0.0135996 2.07914e-07 0.00297246 0.00509528 0.00660049 2.0822e-07 0.00382561 0.0120762 2.08222e-07 0.277535 0.0654494 
0.00587923 0.00223468 0.00717143 0.00172505 0.331551 0.00120081 0.012569 0.00253888 0.000502273 4.37551e-07 0.0425004 0.00785977 0.00312309 0.0069867 3.56955e-05 8.48216e-08 0.0304932 5.53124e-05 3.08124e-05 5.52411e-05 0.144852 0.00140084 0.000850618 0.00240742 0.000109751 0.391635 0.00223154 
0.000305057 0.000374525 0.000172358 0.00042871 0.0499659 0.000206495 0.0016473 1.2307e-05 0.000251694 6.38246e-09 0.0255055 0.0026876 0.00128233 0.00331362 3.99991e-06 2.80236e-07 0.0276673 2.44752e-06 2.27079e-05 3.94123e-06 0.0454655 0.00531876 3.81592e-09 0.000113558 6.25563e-06 0.832361 0.0028813 
0.00105328 0.000401154 0.00271992 0.00122201 0.0377022 0.000430708 0.00243092 2.95561e-05 6.29264e-05 1.34356e-06 0.0123425 0.0109957 0.00296818 0.00835061 0.000428189 2.37382e-08 0.00489274 7.08583e-06 1.03292e-05 3.50763e-06 0.229438 0.0127108 0.000169396 0.000941541 4.39122e-05 0.606317 0.0643268 
0.000710665 0.0103005 0.0381708 0.000525933 0.148367 0.00420411 0.0040427 0.0010869 0.000280122 2.46429e-05 0.0933689 0.00749795 0.0293144 0.141286 3.03716e-05 0.000263877 0.009116 6.65511e-06 6.92389e-05 0.0262881 0.0595064 0.0119945 0.0382625 0.00214329 0.000130694 0.367866 0.00514258 
0.00116837 1.52263e-07 0.0013468 0.00152769 0.0621641 7.18496e-05 3.18906e-05 1.33457e-07 7.91808e-05 6.5673e-09 0.00284619 0.0039382 0.000220792 0.0167887 6.65545e-10 3.42403e-11 0.0020914 1.44617e-07 2.20432e-08 6.37697e-08 0.364387 0.00104139 4.07256e-07 0.000263083 9.30893e-07 0.542031 9.11592e-08 
0.00148922 0.00365898 0.00343028 0.00156682 0.0719002 0.00135839 0.0126236 0.00132833 0.00062553 0.000177836 0.0404317 0.0211994 0.0117005 0.0105031 0.000300756 9.76701e-07 0.0338495 9.66667e-05 0.00170731 0.00251204 0.0527177 0.00953765 0.00464217 0.00596013 0.00545666 0.67971 0.0215141 
0.000776237 0.00032391 0.000346713 0.000959155 0.0333169 0.00063985 0.00251626 1.21893e-09 0.00129739 1.59646e-10 0.136444 0.00373319 0.00336515 0.00873867 1.27138e-06 1.28149e-12 0.00891493 3.80895e-10 0.00013635 2.22994e-09 0.0168568 0.0382505 1.26463e-12 0.00048985 3.784e-06 0.740695 0.00219394 
0.000483632 0.000572561 0.000928409 0.000151837 0.0763594 0.000600882 0.00586689 0.000118882 0.000451245 3.0343e-06 0.0223517 0.000295134 0.00453846 0.00636298 2.77945e-06 8.18896e-10 0.00443119 0.022503 3.64774e-05 9.0626e-06 0.0142803 0.00020026 1.06584e-05 0.000137849 2.69261e-05 0.838034 0.00124225 
8.37635e-05 0.0015353 0.000893882 0.000135436 0.0372893 0.000198059 0.0072593 1.65676e-05 0.000469403 7.6234e-08 0.0185073 0.0015005 0.00163566 0.00318381 4.89141e-06 2.84922e-06 0.0345925 1.69487e-05 9.15635e-06 5.63424e-06 0.0166672 0.000796531 3.19463e-12 0.000140797 3.07113e-05 0.873298 0.00172658 
7.91287e-09 4.3306e-06 0.000449716 1.10244e-05 0.00171004 3.30196e-05 0.000557543 4.03101e-09 1.17515e-05 6.88194e-08 0.00155188 0.00435797 0.000590549 0.00134592 1.30749e-10 1.9015e-12 0.000607092 2.08995e-06 2.12655e-12 1.59179e-12 0.371393 2.27486e-09 1.83056e-05 0.000296097 9.08776e-06 0.61627 0.000780838 
0.000466019 0.000734043 0.000360408 0.000446972 0.0216957 0.000238327 1.11395e-05 4.48588e-05 8.59274e-06 3.28217e-09 0.00162281 0.00528614 0.000259348 0.017159 4.79126e-12 3.55442e-12 0.000270694 1.1845e-06 2.04962e-08 3.32421e-05 0.00122047 1.18423e-08 0.000159405 0.000136636 6.48913e-13 0.948401 0.00144429 
0.000504288 0.00235697 0.003127 0.00024605 0.143657 0.00230584 0.0496544 0.000129814 0.00407058 5.10737e-07 0.0871893 0.00101193 0.00425233 0.00825114 1.06262e-05 7.97272e-10 0.0122774 1.23582e-08 0.000211785 6.54782e-05 0.0299629 0.000564488 4.1254e-06 0.000310915 0.000176052 0.648785 0.000873685 
2.47607e-12 1.07204e-08 8.86818e-13 1.59125e-12 0.00316351 3.09288e-09 6.92337e-05 2.4739e-08 0.15182 3.60733e-09 2.46996e-09 3.11873e-08 0.000318696 0.000125029 6.43035e-12 4.77039e-12 2.12631e-08 4.56593e-12 5.335e-12 2.23207e-08 0.000281376 9.03973e-13 4.70766e-12 1.06953e-12 2.92027e-08 0.844222 6.21947e-08 
0.00149022 0.0105039 0.00802914 0.000229845 0.0498462 0.044573 0.00649092 0.0138242 0.000193591 1.18359e-05 0.0278573 0.00329421 0.0149462 0.00549127 4.03632e-05 1.3264e-05 0.000595255 8.08166e-05 1.79923e-05 1.61496e-07 0.006911 0.0120111 0.000470279 0.00367754 9.2943e-05 0.779788 0.0095195 
0.00495377 0.170522 0.00180062 0.0157518 0.0095065 0.0143932 0.0166746 0.00275936 0.00138064 5.60926e-08 0.0361048 0.0605043 0.0118444 0.0300014 7.65063e-06 1.98854e-07 0.256709 9.75514e-08 4.14344e-07 1.90739e-07 0.00765294 0.0259111 2.22089e-06 0.0150274 3.11302e-06 0.305218 0.0132702 
6.23541e-05 0.025657 0.0110681 0.000510866 0.0908531 0.0129478 0.00325712 0.099319 0.0150789 0.000131757 0.0799976 0.0248097 0.129299 0.0254042 0.000190005 1.04787e-06 0.000545921 0.000365117 9.89594e-05 5.87604e-12 0.00193868 0.0130771 0.15474 0.0503631 2.57884e-05 0.256165 0.00409402 
0.00454672 0.00624813 0.0282766 0.000920354 0.319824 0.0127786 0.0041512 0.00372406 0.00151565 0.000198142 0.0322809 0.00942718 0.0190398 0.0493406 7.06386e-05 1.13518e-05 0.0252069 8.00295e-06 0.00202429 0.00357734 0.0758891 0.00459656 0.0011216 0.00307299 0.0109366 0.3742 0.00701233 
0.00236072 0.00100689 0.00539593 0.000220501 0.108457 0.00047032 0.000864473 8.57491e-05 0.00588039 8.66576e-07 0.0420069 0.00517881 0.00121101 0.0109061 4.55564e-06 2.92407e-11 0.00853202 1.27767e-05 0.000123083 0.00103024 0.0183385 0.00443425 4.71946e-05 0.000370954 2.50784e-05 0.781916 0.00112004 
0.00181921 0.00268654 0.00315076 0.00292243 0.096454 4.30252e-05 0.0389236 0.000114619 3.01209e-05 3.99011e-09 0.0360453 0.000374163 0.00127226 0.0296514 5.76853e-08 7.09522e-11 0.00155916 6.79111e-11 0.000238527 8.79529e-07 0.155556 0.000155868 7.00191e-11 0.00755453 7.22786e-05 0.620243 0.0011331 
0.00306 1.19512e-07 0.00102345 0.00125706 0.162943 0.000115294 0.000209393 8.69659e-08 3.41301e-08 6.91382e-08 0.00387521 0.0186255 0.00011635 0.0256257 1.01809e-09 2.96961e-11 0.000228607 1.84694e-07 1.98205e-08 2.48593e-11 0.22247 5.82889e-09 2.32097e-05 5.01924e-08 5.38937e-08 0.560426 1.05113e-07 
6.72684e-08 0.000389279 8.93528e-05 5.5846e-08 0.237955 3.10027e-07 0.0348729 4.21507e-08 0.00316413 3.13326e-09 0.259296 0.00349576 0.000756369 0.017133 2.78257e-11 2.06426e-11 0.00160971 1.07259e-07 0.000234542 2.36136e-08 0.0495165 0.000184021 2.03712e-11 0.000180189 1.62637e-07 0.390512 0.000610409 
0.000159469 0.0067687 0.0124445 0.0151335 0.102797 0.0728716 0.000283741 0.000900649 7.9371e-05 2.81293e-07 0.107772 0.186041 0.0240356 0.0301772 1.5612e-08 1.14626e-09 0.0377468 1.41485e-06 0.000220586 9.64495e-07 0.158691 0.0185699 0.00132148 0.0260295 8.99275e-07 0.186211 0.0117419 
0.000504288 0.00235697 0.003127 0.00024605 0.143657 0.00230584 0.0496544 0.000129814 0.00407058 5.10737e-07 0.0871893 0.00101193 0.00425233 0.00825114 1.06262e-05 7.97272e-10 0.0122774 1.23582e-08 0.000211785 6.54782e-05 0.0299629 0.000564488 4.1254e-06 0.000310915 0.000176052 0.648785 0.000873685 
7.05064e-07 0.000133585 0.000153271 4.58466e-05 0.0266875 7.77029e-05 0.000724041 6.64502e-09 1.8949e-08 1.15869e-09 0.000331758 6.8722e-05 1.21491e-09 0.00144784 1.39673e-09 7.42926e-10 0.000618918 7.02452e-09 6.02559e-05 2.28991e-07 0.00166684 2.91173e-05 1.73082e-08 8.93228e-06 2.82213e-08 0.967915 2.99143e-05 
0.0210412 0.00899935 0.0208222 0.0031797 0.155661 0.018256 0.00653027 0.00446256 0.000419682 1.6522e-05 0.0790395 0.0449182 0.0391992 0.0688582 0.00250486 4.74344e-07 0.0671431 4.46142e-05 0.000118563 0.0052923 0.0832085 0.0126523 6.01111e-05 0.0115313 0.000117974 0.324146 0.0217761 
0.00137517 0.0047315 0.00817892 0.00381655 0.183238 0.000854762 0.0165162 0.00110676 0.00116183 6.97392e-06 0.0468533 0.0197833 0.0142792 0.0117738 0.0042768 3.32097e-07 0.0544886 0.00595533 0.000525724 0.00229228 0.0652983 0.00449658 0.00276999 0.00244763 0.00143826 0.519453 0.022881 
0.00221801 0.00118317 0.00866311 0.00207594 0.158036 0.00187089 0.00106891 0.00104254 0.000221489 6.22507e-07 0.000487491 0.0208521 0.00043183 0.0142246 8.85995e-09 1.65067e-06 0.109947 2.93046e-08 2.12774e-05 2.58713e-07 0.132855 0.00536825 0.00316999 0.018787 1.42574e-05 0.504019 0.0134402 
0.000212455 0.000738445 0.000871131 0.00020967 0.0169846 0.000650232 0.00777637 5.70066e-05 0.000883127 1.02486e-07 0.0323552 0.00741496 0.00366856 0.00328527 0.0001856 3.65922e-12 0.0081719 1.10277e-05 2.45136e-05 3.04087e-06 0.226693 0.00431374 5.61627e-05 0.000589899 5.36032e-05 0.675832 0.00895815 
0.000450712 0.000772726 0.00242063 0.000310666 0.0513132 0.000531633 0.00285476 1.08471e-05 0.000985008 6.54945e-07 0.0396907 0.00178422 0.00247919 0.00465886 6.56412e-07 1.08193e-10 0.00492695 0.00458722 8.90792e-05 3.60209e-06 0.0109044 0.00813957 2.63308e-05 0.000423882 7.58555e-06 0.861631 0.000995387 
0.000687322 0.000120585 0.000533931 5.96573e-05 0.0470776 0.000168925 4.49172e-08 0.000149406 1.44193e-08 3.98844e-06 0.00571381 1.9607e-05 0.00225575 0.00567135 2.179e-08 1.69301e-11 0.0020492 0.0767244 3.98389e-06 7.22373e-09 0.00885283 0.000118299 5.07455e-08 9.9626e-08 1.58413e-06 0.847846 0.00194146 
0.0074779 0.00131468 0.100174 0.0385744 0.130466 0.00453435 0.0544243 3.62946e-06 0.00378786 5.94896e-07 0.130437 0.00309862 0.0121584 0.0143057 9.1468e-06 1.40348e-08 0.0379855 3.67759e-05 0.000217791 0.00526196 0.0162149 0.000690761 4.10275e-06 0.00107851 0.000497032 0.388465 0.0487822 
6.48849e-05 0.00341084 0.00251452 0.000163366 0.0643129 0.000338361 0.00449127 1.1875e-09 0.00228571 6.88977e-08 0.0559347 0.000224471 0.00465238 0.00974159 6.33129e-06 2.18494e-12 0.0195994 2.50803e-05 4.53185e-06 1.75048e-05 0.0121548 0.000237055 2.15621e-12 7.36776e-05 1.81483e-05 0.818666 0.00106266 
0.00017203 0.00180614 0.0129425 0.000741111 0.11306 0.0112049 0.0063015 0.000183002 0.000229762 4.28943e-07 0.0561228 0.0255071 0.0177471 0.0185121 0.000113983 1.47528e-07 0.0282815 2.29341e-05 0.000545501 5.43372e-05 0.296197 0.0110052 8.75806e-05 0.00379859 3.5572e-05 0.382374 0.0129538 
0.000797718 0.00084593 1.06263e-07 2.41676e-08 0.367941 0.00142492 0.000279537 5.03821e-13 6.4518e-09 1.31213e-09 0.00888438 0.000433838 0.000608645 0.0172424 2.69377e-08 1.02476e-12 8.64966e-07 0.000650975 1.98141e-05 2.17045e-08 0.125914 0.000230392 1.01128e-12 1.27516e-08 4.78958e-09 0.474228 0.000497357 
0.000517503 0.000215943 0.000231146 0.000639444 0.028184 0.000426572 0.00169902 9.58581e-10 0.000864938 1.32409e-10 0.0909628 0.0024888 0.00225153 0.00594067 8.48325e-07 1.18478e-12 0.0059433 3.15794e-10 9.09048e-05 1.75363e-09 0.012135 0.0255004 1.1692e-12 0.000326571 2.52322e-06 0.820115 0.00146264 
0.00135892 0.00208333 0.00601243 0.00231847 0.124274 0.004866 0.0143505 0.00351882 0.00132334 7.99912e-06 0.0549939 0.0489318 0.0111375 0.0106231 8.83866e-05 1.81488e-08 0.0093718 0.000186668 0.00041255 0.00245977 0.0879432 0.00659386 0.00354677 0.00296274 8.01425e-05 0.596781 0.00377324 
0.00319253 0.0558266 0.0288292 0.0010075 0.260648 0.000285805 0.00153917 0.0119602 0.00068236 4.58866e-10 0.147899 0.0319531 0.0671231 0.0572717 6.13512e-08 3.23314e-05 0.00866531 0.000529858 0.000120345 0.000115484 0.0345609 0.00293628 9.04147e-09 0.00325948 1.802e-05 0.276894 0.00464889 
0.0581813 0.00189781 0.0065208 0.0061432 0.243896 0.000228864 0.00552791 0.00211901 7.93898e-06 1.09131e-05 0.0421577 0.00855018 0.00433521 0.00460883 1.30349e-05 1.38635e-06 0.0908852 5.40923e-05 5.91104e-05 4.12578e-05 0.0579005 0.135644 0.000125913 0.00128263 5.49326e-05 0.274876 0.0548761 
0.000776237 0.00032391 0.000346713 0.000959155 0.0333169 0.00063985 0.00251626 1.21893e-09 0.00129739 1.59646e-10 0.136444 0.00373319 0.00336515 0.00873867 1.27138e-06 1.28149e-12 0.00891493 3.80895e-10 0.00013635 2.22994e-09 0.0168568 0.0382505 1.26463e-12 0.00048985 3.784e-06 0.740695 0.00219394 
0.000262638 0.000489707 0.000942922 0.00685362 0.385246 0.00013226 0.000216773 0.000892071 0.000967965 4.02053e-10 0.0329477 0.000544849 0.000355615 0.0197443 3.42933e-06 8.52571e-10 0.0417038 0.000131231 7.56243e-05 5.26354e-05 0.0564113 0.000381723 1.72546e-08 2.87247e-05 3.27469e-05 0.447729 0.0038538 
0.0114682 0.00528796 0.00176812 0.00198037 0.0163739 0.0153999 0.0279424 0.00546454 0.00284634 0.00032718 0.0395272 0.123713 0.0820449 0.0049112 1.63336e-07 1.63445e-07 0.03476 0.00415202 1.63408e-07 1.63496e-07 0.00366687 0.0417596 1.63449e-07 0.0363226 1.63701e-07 0.529576 0.010707 
0.0036813 0.000573036 0.000313732 8.1046e-05 0.0529027 2.30682e-05 1.85968e-05 0.000574083 1.10412e-05 2.53062e-10 0.00161569 0.000375587 1.78987e-05 0.0106109 8.20848e-07 4.00053e-12 0.00774781 2.26127e-05 1.55296e-05 7.60454e-06 0.0195651 3.54119e-05 1.9295e-05 6.22432e-06 1.49189e-06 0.901162 0.00061748 
0.000369749 0.00582198 0.000814855 0.00330197 0.0793168 0.0977187 0.0017269 1.60429e-05 0.00131704 3.08552e-10 0.170513 0.0238711 0.0194296 0.0286533 6.15672e-07 1.07644e-11 0.00424537 7.28233e-10 0.00433759 6.29121e-09 0.0181827 0.0914136 1.06228e-11 0.00494389 1.81326e-06 0.442959 0.00104482 
0.000942406 2.72799e-05 0.000102496 4.96504e-06 0.20048 2.75653e-07 9.51012e-05 1.24083e-06 5.70474e-07 1.1692e-05 0.000338411 0.000291153 0.00191536 0.000990004 6.96499e-06 7.21144e-10 0.0296844 6.90235e-10 6.86892e-05 0.00088664 0.0207145 0.00485227 0.000226765 4.9687e-05 7.99748e-07 0.733341 0.00496721 
0.000392228 0.0018332 0.00246934 0.000191375 0.146712 0.00187549 0.0387764 0.00010097 0.00316602 3.97379e-07 0.0683305 0.000787058 0.00330737 0.0076313 8.26582e-06 6.63902e-10 0.00954911 1.45257e-05 0.000164725 5.47976e-05 0.025022 0.000439049 3.20911e-06 0.000241826 0.00013693 0.688112 0.000679536 
1.70623e-12 1.29803e-06 1.10634e-06 1.09651e-12 0.00871079 1.10862e-12 0.00353703 1.61616e-12 8.7212e-09 2.62901e-12 6.1342e-05 3.20088e-13 2.65676e-07 0.000793132 4.43109e-12 3.28723e-12 2.9315e-13 7.86833e-10 6.61447e-08 2.75181e-12 0.0121723 1.29651e-09 3.244e-12 6.63637e-06 2.73348e-08 0.974716 1.6195e-09 
0.0114682 0.00528796 0.00176812 0.00198037 0.0163739 0.0153999 0.0279424 0.00546454 0.00284634 0.00032718 0.0395272 0.123713 0.0820449 0.0049112 1.63336e-07 1.63445e-07 0.03476 0.00415202 1.63408e-07 1.63496e-07 0.00366687 0.0417596 1.63449e-07 0.0363226 1.63701e-07 0.529576 0.010707 
0.000455115 0.0017845 0.000333712 0.00291684 0.00359809 0.000662242 0.00101427 0.00065501 1.08119e-05 5.93365e-06 0.0178059 0.0145616 0.155138 0.000280596 5.53111e-05 1.77258e-09 0.00424889 0.000205666 4.94901e-05 0.000384735 0.000345617 0.0055684 9.07287e-05 0.0281057 4.68807e-05 0.759263 0.00241318 
0.000277401 0.000115717 0.000136065 0.000342913 0.238871 0.000256055 0.000941576 1.42065e-09 0.000463445 1.01336e-08 0.0537855 0.00133342 0.0012019 0.0255925 4.58752e-07 1.15733e-11 0.0105703 5.00732e-07 4.87876e-05 2.93413e-07 0.0208473 0.0136655 1.14211e-11 0.000211168 1.35524e-06 0.630553 0.000783734 
0.000215676 0.000129733 9.63246e-05 0.000266466 0.0176208 0.000203578 0.0021848 9.62349e-07 0.043846 5.49766e-08 0.039001 0.00248787 0.00221095 0.00319298 3.56254e-07 2.49842e-12 0.00412093 4.0465e-10 3.78976e-05 9.33175e-07 0.00629801 0.0106255 2.46556e-12 0.000136089 1.40838e-05 0.865368 0.00194111 
0.000331344 0.000678821 0.000811003 0.000346935 0.0820889 0.000887416 0.0112506 3.18288e-05 0.00143333 8.14061e-08 0.0368888 0.000766629 0.00154434 0.00626114 2.43446e-06 6.19471e-09 0.00475897 2.91953e-06 7.68889e-05 1.50213e-05 0.0144462 0.00306252 3.06019e-06 0.000101292 3.98417e-05 0.833645 0.000525051 
0.000172538 0.000156634 0.000111465 0.000213172 0.0232925 0.000142206 0.00707445 7.93771e-10 0.000347502 1.28638e-10 0.0328679 0.000829634 0.000778001 0.00378534 2.85157e-07 2.0656e-12 0.00198115 1.88743e-08 0.000124094 1.45206e-09 0.0147742 0.00876845 2.03843e-12 0.000154202 2.53266e-05 0.903883 0.000517904 
0.000518821 0.000216397 0.000231632 0.000641366 0.177495 0.000427454 0.00167892 1.86106e-08 0.000866668 2.08208e-09 0.0937411 0.00248995 0.00224431 0.0352513 9.19127e-07 7.36888e-11 0.0199579 4.91304e-09 9.16071e-05 3.2897e-06 0.10872 0.025523 7.27197e-11 0.000820583 2.59296e-06 0.527613 0.00146383 
0.000605162 0.00635235 0.00157722 0.00325919 0.23606 0.000269007 0.113324 0.00248952 0.00525912 1.14026e-06 0.0200118 0.0327184 0.013428 0.0114479 1.11806e-05 1.04871e-05 0.154421 0.00111372 0.00144438 2.08033e-05 0.0380382 0.0165506 0.00014288 0.00280318 0.00335991 0.298679 0.0366013 
7.05064e-07 0.000133585 0.000153271 4.58466e-05 0.0266875 7.77029e-05 0.000724041 6.64502e-09 1.8949e-08 1.15869e-09 0.000331758 6.8722e-05 1.21491e-09 0.00144784 1.39673e-09 7.42926e-10 0.000618918 7.02452e-09 6.02559e-05 2.28991e-07 0.00166684 2.91173e-05 1.73082e-08 8.93228e-06 2.82213e-08 0.967915 2.99143e-05 
0.000602404 0.00159573 0.000180609 0.00105206 0.00145023 0.000657389 0.000777051 0.000884209 8.58314e-06 2.5199e-06 0.00654123 0.0239471 0.173492 5.67794e-05 3.08986e-05 1.4613e-12 0.00163202 0.000113561 3.50651e-06 0.00451695 7.36073e-05 0.00938451 9.9003e-06 0.0162049 2.47771e-05 0.755219 0.0015387 
0.00228855 0.0194396 0.0312067 0.0170422 0.0779471 0.0242629 0.02896 0.00241198 0.00332987 2.24291e-05 0.125492 0.0569623 0.0465964 0.0915242 6.73212e-05 0.000525114 0.121936 0.000515406 0.000987186 0.000160353 0.06241 0.022314 0.00142257 0.0124714 0.000665973 0.139622 0.109417 
0.00039917 0.00300987 0.0028783 0.00176609 0.0591441 0.00319504 0.0029581 8.06576e-05 0.000366795 1.0929e-05 0.00694569 0.0161564 0.016889 0.0034252 2.98839e-06 0.000108114 0.0352413 0.000473507 7.05025e-05 0.000169681 0.152552 0.0123008 8.91012e-05 0.00700497 2.37059e-05 0.668364 0.00637312 
0.000160039 0.00025946 0.000167952 0.000141554 0.0183183 0.000202878 0.0123884 1.01474e-05 5.22795e-05 2.36136e-08 0.0175698 0.00660157 0.00474344 0.00248619 0.00065723 4.28324e-12 0.00722338 1.4207e-06 2.11878e-05 7.51854e-06 0.436492 0.00125322 0.000135862 0.000464083 5.58604e-05 0.48263 0.0079556 
0.0544418 0.00496603 0.0193091 0.00108202 0.077452 0.000152044 0.00833176 0.0216853 4.83001e-05 1.62738e-05 0.130109 0.00728469 0.0806591 0.052466 7.43202e-05 2.95486e-06 0.0302091 0.000154324 8.01399e-05 2.57701e-05 0.00603436 0.02413 0.000166838 0.000322576 0.000373382 0.479828 0.000594823 
0.000392228 0.0018332 0.00246934 0.000191375 0.146712 0.00187549 0.0387764 0.00010097 0.00316602 3.97379e-07 0.0683305 0.000787058 0.00330737 0.0076313 8.26582e-06 6.63902e-10 0.00954911 1.45257e-05 0.000164725 5.47976e-05 0.025022 0.000439049 3.20911e-06 0.000241826 0.00013693 0.688112 0.000679536 
2.67214e-07 2.674e-07 2.67385e-07 2.67309e-07 0.114735 2.67308e-07 0.00165798 2.67229e-07 2.67179e-07 2.67071e-07 0.00179219 2.6743e-07 2.67433e-07 0.0160435 2.66791e-07 2.66969e-07 0.00133744 2.66991e-07 0.000827681 2.67053e-07 0.068207 2.67383e-07 2.66976e-07 2.67366e-07 2.67387e-07 0.795395 2.67407e-07 
0.000466019 0.000734043 0.000360408 0.000446972 0.0216957 0.000238327 1.11395e-05 4.48588e-05 8.59274e-06 3.28217e-09 0.00162281 0.00528614 0.000259348 0.017159 4.79126e-12 3.55442e-12 0.000270694 1.1845e-06 2.04962e-08 3.32421e-05 0.00122047 1.18423e-08 0.000159405 0.000136636 6.48913e-13 0.948401 0.00144429 
5.7307e-05 0.000411231 0.000460367 0.000280454 0.0259962 0.00225643 0.00635779 0.000152639 0.00014895 1.66183e-08 0.0217108 0.00481282 0.00589801 0.0052399 1.72162e-06 9.48254e-12 0.00138636 0.000573452 4.0366e-05 3.64491e-06 0.00522764 0.00402797 1.32614e-05 0.0244197 1.88859e-05 0.890084 0.000420143 
0.00440938 0.000243744 0.00200065 0.000183801 0.105202 0.000216545 0.000628866 1.318e-11 1.57724e-11 1.34155e-09 0.141101 0.00310852 0.000945706 0.0143613 1.96162e-08 2.68079e-11 0.0183151 1.40823e-06 0.000517948 2.24415e-11 0.112371 0.152038 2.64554e-11 0.000314974 6.67095e-09 0.438823 0.00521662 
0.000120465 0.00456567 0.00212981 0.00030297 0.0257199 0.00266761 0.00182881 0.000422791 0.00582892 2.48085e-07 0.0610737 0.00544321 0.00426402 0.00241832 1.88298e-05 5.93291e-12 0.0210163 5.10418e-05 3.58626e-05 7.87876e-06 0.00965847 0.00100307 5.85488e-12 0.000777957 1.35015e-05 0.84176 0.00887075 
