0.00225193 0.00194099 0.000315876 0.00183403 0.0189022 0.00244905 1.34834e-07 0.00858593 3.76013e-07 5.1113e-07 0.705467 0.00145755 0.197681 0.0323863 8.61489e-07 0.00088111 0.0023135 0.000432255 7.14742e-07 5.35005e-07 0.000584821 0.00491191 0.00139934 0.0134573 1.16677e-07 7.27089e-08 0.00274485 
9.41636e-08 0.000255641 0.988808 1.40486e-05 1.2058e-05 2.83463e-05 0.00010048 7.52813e-05 1.06735e-07 0.000407045 4.69015e-05 5.0699e-05 0.000164236 3.45757e-05 2.44543e-07 1.81415e-07 9.21881e-05 1.7364e-07 2.02887e-07 0.000612804 3.02347e-05 4.63111e-05 1.7903e-07 0.00011397 0.000178617 2.06392e-08 0.00892783 
0.0123691 9.41846e-05 0.679896 1.69104e-08 0.00595881 1.70971e-08 0.0048634 3.33827e-05 2.98267e-08 4.05447e-08 0.0158463 2.8551e-06 6.27639e-06 6.62722e-06 6.10408e-05 5.06958e-08 0.250248 4.85229e-08 5.57017e-05 2.587e-05 7.19028e-06 9.60667e-09 5.00291e-08 1.13661e-08 1.8868e-06 5.76754e-09 0.030523 
1.80213e-10 8.81759e-07 1.87244e-07 1.15814e-10 0.97631 1.17093e-10 7.32504e-11 1.70699e-10 1.96123e-06 2.77677e-10 2.63246e-07 5.54484e-07 4.93261e-07 3.26319e-05 4.68015e-10 6.9787e-08 3.80872e-07 1.09698e-06 3.88292e-10 2.90648e-10 0.0174178 2.89555e-07 3.42976e-07 0.00623225 6.33864e-11 3.95e-11 3.68194e-07 
0.0134714 0.00207882 0.00703696 0.00106641 0.00894175 0.871374 0.00345621 6.05252e-06 0.000196363 0.000200275 0.00299053 0.00164619 0.0038214 0.00240984 0.000385698 1.23107e-05 0.00362361 1.1783e-05 0.000586287 0.000668074 0.00312337 0.00114049 1.21488e-05 0.00433485 0.000198949 1.40056e-06 0.0672046 
0.000417406 2.53831e-06 0.00126166 5.36798e-06 0.00060201 5.42725e-06 3.39515e-06 0.000332034 5.85095e-05 1.28703e-05 0.000199226 0.000174596 0.00034238 0.000567942 2.16925e-05 1.60927e-05 0.0514996 9.51849e-05 0.021841 1.34715e-05 0.000104954 3.0495e-06 0.918224 0.000272039 2.93796e-06 1.83082e-06 0.00391873 
2.33046e-05 1.23632e-05 0.699537 7.18316e-06 0.00975904 8.02877e-06 2.0321e-09 9.32097e-06 5.66692e-09 9.13003e-06 0.0387588 0.0624324 0.00141551 0.0597445 1.7489e-06 9.63194e-09 0.0102561 7.93308e-06 2.47972e-06 1.66263e-05 6.1122e-06 0.00180584 0.000113661 0.099358 1.51184e-06 1.0958e-09 0.0167132 
0.143291 0.0024971 0.765479 0.000451152 0.0126795 0.0304077 0.00190302 1.47319e-08 0.000348657 1.01997e-05 0.00972915 4.82883e-06 0.00827312 0.00160716 2.34616e-05 2.99644e-08 0.0168086 2.86801e-08 0.000115844 1.95478e-06 0.00116985 0.000706691 6.457e-05 0.000952114 5.07107e-05 3.40898e-09 0.00342455 
2.46744e-06 0.360209 0.602523 1.58096e-05 7.87711e-05 5.32626e-09 1.13321e-05 6.75605e-05 0.000221156 1.26309e-08 0.0217567 3.06045e-05 0.000111301 2.78629e-05 2.12888e-08 1.57932e-08 3.16908e-05 1.51163e-08 1.78391e-06 5.68631e-05 3.33328e-09 1.2001e-06 7.63845e-05 2.97469e-05 8.36443e-06 1.79676e-09 0.0147378 
0.00549157 0.00603693 0.0152757 0.000160912 0.232072 0.00117126 0.036435 0.000119632 1.15788e-05 6.17259e-05 0.452332 0.0122124 0.00904258 0.0628865 0.000139722 5.37982e-06 0.0208518 3.66424e-05 0.0211094 0.0108727 0.0403388 0.0045308 0.0439992 0.00101512 3.31303e-06 6.97404e-08 0.0237878 
0.840676 0.0452884 0.00266599 1.50313e-06 0.000713224 0.00252527 9.50703e-07 0.00143514 2.65123e-06 3.60393e-06 0.0141477 0.0889314 0.00171808 0.000846023 6.07428e-06 4.50623e-06 0.000556571 4.31309e-06 5.03957e-06 3.77227e-06 9.51075e-07 8.53916e-07 0.000178797 0.000177618 8.22681e-07 5.12663e-07 0.000104437 
1.83699e-07 0.0104585 0.0042564 0.015528 0.0378233 2.38238e-10 0.0160071 3.47307e-10 4.15617e-10 5.64965e-10 0.121708 2.56578e-06 1.20036e-06 2.17127e-06 4.38119e-06 7.06415e-10 0.177451 6.76137e-10 7.90024e-10 5.97269e-08 0.127254 0.0304393 6.97125e-10 0.0143006 1.28967e-10 8.03671e-11 0.444762 
0.00141577 0.922414 0.000597388 0.0118503 0.00736356 0.000383015 0.000444161 3.03416e-07 8.60309e-08 0.000776984 0.0020632 0.00548575 0.0208337 1.91319e-07 1.14903e-09 8.52413e-10 0.000800399 0.000452876 3.63627e-07 5.43657e-07 1.46539e-07 0.00584799 8.41202e-10 0.0174355 1.55621e-10 9.69769e-11 0.00183417 
0.00128826 7.71456e-07 0.719514 0.00508252 0.0403627 1.64948e-06 0.000564497 4.91181e-05 2.87758e-06 8.12872e-05 0.00784705 0.000124765 0.0010105 0.000395818 9.90328e-05 4.89096e-06 0.0476085 8.05468e-05 0.000119854 0.00136684 0.000386653 0.00474242 4.82664e-06 0.000254841 9.04248e-05 5.56433e-07 0.168914 
1.30205e-05 0.130275 0.119403 0.00100482 0.0693403 3.41152e-05 0.00518397 0.00140653 0.000487574 0.256748 0.15213 0.0098602 0.00717515 0.00177964 3.88017e-05 1.00016e-06 0.0169058 0.0225536 0.119912 0.0134279 3.92177e-05 0.00121843 0.00108363 0.0253197 2.51801e-05 1.13786e-07 0.0446331 
3.71257e-06 0.00115567 0.0033396 0.000323428 0.000292363 0.000412416 1.50903e-06 0.00479762 0.000466151 0.981658 0.000922377 0.000913205 1.00707e-05 0.0010607 9.64156e-06 7.15264e-06 0.000703088 6.84607e-06 0.000829431 5.98764e-06 9.77299e-05 0.000322921 7.05858e-06 0.00240361 1.30582e-06 8.13739e-07 0.000247805 
3.98241e-10 0.218342 0.0040405 0.0142094 0.000129794 2.18448e-08 0.437539 0.000132043 4.14686e-07 6.13619e-10 0.0681965 0.124141 0.0206256 1.73958e-07 0.000626479 7.6725e-10 0.0580555 7.34365e-10 1.9285e-06 3.7279e-05 1.61934e-10 0.00335638 5.33897e-07 0.0494548 1.40073e-10 8.72882e-11 0.00111133 
0.000718201 0.0130444 0.545496 0.00542017 0.00917025 0.00357281 0.00677398 0.00925789 7.67416e-05 0.00126976 0.0182893 0.0023615 0.0212974 0.0217549 0.000346041 6.12025e-05 0.0165457 2.86795e-05 0.00601406 0.0222188 0.000238366 0.00426342 0.000228875 0.00624317 0.000426774 2.16196e-05 0.28486 
0.000214204 0.00097982 0.0245452 5.1074e-07 0.0257464 7.14151e-05 0.0015095 7.79175e-06 9.00846e-07 1.94964e-06 0.0567304 0.00169418 0.0248776 0.00316215 2.06394e-06 1.53115e-06 0.00363982 1.46552e-06 0.0206349 6.50333e-05 0.00117614 0.811834 0.00587927 0.0003621 7.42966e-06 1.74195e-07 0.0168535 
4.27057e-05 0.00124631 0.0036543 0.00242761 0.0244983 0.00271738 0.000837898 5.09877e-06 0.000464868 8.2942e-06 0.0116293 0.0159614 0.000953744 0.000438652 1.39795e-05 1.03708e-05 0.000376427 9.9263e-06 0.000918529 8.68163e-06 0.00723807 0.924613 1.02344e-05 2.32516e-06 1.89335e-06 1.17986e-06 0.00190982 
0.00325592 5.29536e-06 0.279554 0.00277564 3.08256e-07 8.06981e-07 8.48035e-05 1.33925e-06 9.38639e-07 2.75145e-06 0.0287246 0.000721596 0.00159231 3.25045e-05 1.43345e-05 8.62317e-07 0.0148848 1.35445e-05 1.66534e-06 5.36544e-06 3.22204e-05 0.158231 1.94161e-06 0.000927257 4.97575e-06 1.52521e-07 0.509128 
3.89287e-06 0.0188597 0.687791 1.0449e-06 0.032134 0.00250343 0.00774994 0.00136107 0.000162022 1.24146e-06 0.0419781 0.0352556 0.102038 0.020053 0.000279639 6.81182e-08 0.0238534 9.71721e-10 1.65213e-06 0.000474712 0.0113473 0.00400702 1.00188e-09 0.00417698 7.08859e-05 1.15501e-10 0.00589623 
0.0315508 0.00332246 0.0293002 0.00192039 0.0109398 0.0091218 0.000269811 0.83142 1.10947e-05 0.000133783 0.0206346 0.00629599 0.0073049 0.022819 1.421e-06 1.21057e-06 0.00245479 1.187e-06 4.72633e-05 5.3649e-07 4.66738e-07 0.000639782 0.000148811 0.0214757 1.3723e-05 2.13972e-07 0.000170228 
3.98241e-10 0.218342 0.0040405 0.0142094 0.000129794 2.18448e-08 0.437539 0.000132043 4.14686e-07 6.13619e-10 0.0681965 0.124141 0.0206256 1.73958e-07 0.000626479 7.6725e-10 0.0580555 7.34365e-10 1.9285e-06 3.7279e-05 1.61934e-10 0.00335638 5.33897e-07 0.0494548 1.40073e-10 8.72882e-11 0.00111133 
0.0240603 0.0149916 0.0139189 2.92928e-05 0.89494 0.000781981 0.00326029 2.33004e-08 5.24001e-06 5.28612e-06 0.00400245 0.0019788 0.00146666 0.0140695 1.02363e-05 4.73926e-08 0.014007 4.53613e-08 0.00243524 1.81677e-05 0.00529782 0.00107031 4.67693e-08 0.00298201 5.42971e-06 5.39174e-09 0.000663472 
7.01336e-06 0.0644253 0.727479 4.16258e-07 0.00211823 0.0300606 2.98219e-06 2.23353e-06 0.0110057 2.28637e-06 0.00245709 0.0148121 0.0912993 0.00205212 6.07404e-06 3.09418e-09 0.017585 2.96156e-09 3.46039e-09 2.45448e-06 8.97007e-07 1.37427e-06 8.28656e-05 0.0365908 5.64889e-10 3.52017e-10 6.06481e-06 
0.141616 0.263475 5.21343e-11 1.28347e-05 3.55528e-06 4.3129e-06 1.08872e-06 0.0126381 1.64997e-10 2.24288e-10 0.161438 0.272838 1.39571e-06 1.53519e-06 3.78028e-10 0.000156123 0.103298 3.49217e-07 1.16076e-06 2.34764e-10 1.24304e-06 0.0443054 2.76754e-10 6.47626e-06 5.11989e-11 3.19052e-11 0.000201309 
8.55044e-06 0.0698173 0.0708546 7.1564e-07 0.00236398 0.26804 6.27681e-06 0.146519 2.09823e-06 1.26393e-09 0.139469 0.155247 0.0562015 0.008905 2.13031e-09 1.09389e-07 0.0209578 3.83269e-07 0.000576405 0.0241723 3.31795e-07 6.19117e-07 1.38379e-06 0.033226 4.29881e-07 1.79796e-10 0.00362964 
0.000129436 9.42294e-12 0.154708 0.000757201 0.000249522 2.01475e-11 0.000275791 0.00517136 0.000850288 1.50518e-07 0.0555025 0.751307 0.000517977 7.98476e-08 5.853e-05 5.97406e-11 0.0244648 5.718e-11 6.68113e-11 5.00102e-11 0.000643641 2.6479e-07 3.13374e-07 5.88404e-08 2.71685e-05 6.79655e-12 0.00533627 
1.17801e-06 1.24216e-05 1.83851e-06 0.000156599 3.88532e-06 6.27604e-06 9.97252e-06 0.000472382 2.17143e-09 2.95172e-09 0.00770289 0.00944932 6.2417e-06 4.22848e-06 1.98759e-06 3.69074e-09 0.422639 0.555864 3.39292e-05 6.80548e-05 1.05262e-06 0.000735515 3.25566e-06 0.00282391 6.738e-10 4.19886e-10 2.44978e-06 
0.00218376 1.99773e-05 0.0456459 0.00168987 0.611165 8.18633e-09 0.0299641 0.0716125 0.00023055 1.94133e-08 0.0305386 0.0237873 0.0037258 0.0257485 8.72357e-06 2.42738e-08 0.115223 1.44213e-06 1.08217e-06 0.000137425 0.0117386 0.0050648 0.00156093 0.0199457 4.43154e-09 2.76157e-09 6.01822e-06 
2.3628e-07 3.36172e-05 0.810094 5.6089e-06 0.00177565 0.000358221 3.92806e-05 0.126565 1.08964e-05 3.03799e-05 0.018595 0.000188046 6.41076e-05 0.000490259 6.13619e-07 4.55216e-07 0.018514 4.35705e-07 5.09094e-07 3.26048e-05 1.18763e-05 1.81398e-05 5.45369e-05 0.0230371 8.31066e-08 5.17889e-08 7.97656e-05 
4.19953e-05 0.00640049 0.0190303 0.000220382 1.30561e-05 0.00185211 8.65769e-06 0.00060155 2.47231e-05 3.59768e-06 0.911299 0.00241572 0.000273152 0.00876706 2.04463e-05 4.88493e-09 0.00015136 4.67556e-09 0.000219032 4.08929e-09 0.000135049 0.00163874 5.97019e-05 0.046717 4.64642e-06 5.55747e-10 0.000101899 
0.000121568 6.56039e-11 0.264261 0.00097447 0.00457237 1.4027e-10 0.000580471 0.000784948 2.44707e-10 0.000699027 0.0518248 0.00117108 0.0751179 0.00147011 0.0662796 4.15923e-10 0.00236076 1.20066e-07 2.43391e-07 2.15208e-06 4.22292e-07 0.000232527 4.10453e-10 0.000225013 0.00309908 4.73186e-11 0.526223 
2.06851e-06 6.28588e-07 0.986497 1.32933e-06 0.00449127 2.27228e-05 9.82794e-05 7.31961e-05 2.34468e-06 0.000113984 0.00217886 0.000110907 0.000826011 2.70753e-05 7.40504e-05 3.9852e-06 0.00113661 9.0492e-05 0.000217139 5.35139e-05 8.57569e-05 7.55181e-07 3.93279e-06 9.02291e-05 1.24914e-05 4.53386e-07 0.00378502 
0.012743 1.46554e-06 0.0180863 0.00238249 0.00210176 5.11752e-11 0.0152347 6.33465e-08 8.92774e-11 4.5725e-08 0.00927763 0.0012761 0.00143153 0.00272623 6.60873e-08 1.51743e-10 0.0162299 0.00012945 1.186e-07 5.92261e-08 1.23953e-05 0.108208 1.49747e-10 0.398394 0.000166214 1.72634e-11 0.411599 
0.000697343 5.24027e-07 0.335675 0.0102405 0.0112261 2.78873e-06 0.00346585 0.00156505 0.00932133 1.05667e-07 0.172315 0.310217 0.0287037 0.00118617 9.04985e-05 5.17819e-11 0.0598455 1.44234e-07 5.55554e-07 9.20656e-08 0.00232462 0.0110986 0.0074696 0.00355928 0.00104305 5.89111e-12 0.0299525 
1.01569e-06 0.0164449 4.93959e-07 0.00738992 0.027042 9.30845e-07 0.0429475 5.57006e-07 3.09074e-07 8.23638e-11 0.385096 0.0543339 0.286762 3.29648e-07 1.38821e-10 1.02985e-10 0.0545194 9.8571e-11 7.25711e-07 2.84582e-07 0.00130535 0.0613565 2.74506e-07 0.00796997 0.000492097 1.17164e-11 0.054335 
2.36223e-08 0.000310115 0.997556 0.000252018 0.000156466 9.21063e-05 9.60162e-09 5.59603e-05 2.67761e-08 3.63978e-08 0.0003732 0.000300019 0.000141563 8.27661e-09 6.13471e-08 4.55107e-08 0.00018061 0.000126368 5.08972e-08 3.8098e-08 9.60537e-09 8.71036e-07 4.49122e-08 0.000374482 8.30866e-09 5.17764e-09 7.9564e-05 
0.000824152 1.40712e-05 0.712514 7.69679e-08 1.23474e-06 0.278793 4.86808e-08 0.00648796 0.000248112 7.81548e-05 1.30563e-05 0.000219364 0.000104379 0.000398626 3.11033e-07 2.30742e-07 0.00010067 3.7546e-05 2.58052e-07 1.93159e-07 4.86998e-08 4.37248e-08 2.27707e-07 0.000121848 1.88515e-05 2.62509e-08 2.35192e-05 
3.98241e-10 0.218342 0.0040405 0.0142094 0.000129794 2.18448e-08 0.437539 0.000132043 4.14686e-07 6.13619e-10 0.0681965 0.124141 0.0206256 1.73958e-07 0.000626479 7.6725e-10 0.0580555 7.34365e-10 1.9285e-06 3.7279e-05 1.61934e-10 0.00335638 5.33897e-07 0.0494548 1.40073e-10 8.72882e-11 0.00111133 
1.55539e-06 0.00472652 0.935776 0.000201417 0.00028548 0.00249648 6.32211e-07 1.47328e-06 0.00191283 2.39658e-06 0.0114957 0.000204608 0.000417391 0.00102682 4.03935e-06 2.99661e-06 0.000120619 2.86817e-06 3.35128e-06 2.50853e-06 6.32458e-07 0.040053 2.9572e-06 0.000364382 5.47077e-07 3.40918e-07 0.000892469 
0.00141577 0.922414 0.000597388 0.0118503 0.00736356 0.000383015 0.000444161 3.03416e-07 8.60309e-08 0.000776984 0.0020632 0.00548575 0.0208337 1.91319e-07 1.14903e-09 8.52413e-10 0.000800399 0.000452876 3.63627e-07 5.43657e-07 1.46539e-07 0.00584799 8.41202e-10 0.0174355 1.55621e-10 9.69769e-11 0.00183417 
9.05349e-08 1.0833e-06 0.982952 5.62019e-10 0.0115927 5.68224e-10 3.55467e-10 8.28364e-10 9.91291e-10 3.14751e-05 1.60581e-06 8.53789e-07 0.00453874 2.96113e-06 2.66053e-06 1.68488e-09 1.91653e-06 1.61266e-09 1.88429e-09 3.43576e-06 0.000862746 3.19278e-10 5.11569e-06 3.77753e-10 2.1301e-07 1.91684e-10 2.24467e-06 
8.99282e-05 5.24452e-06 0.613838 0.000512331 0.35005 0.00025664 9.85677e-05 0.00229057 8.51634e-07 1.15766e-06 0.00274065 0.00186876 3.32866e-06 0.0122148 1.95119e-06 1.4475e-06 0.0015206 1.38546e-06 1.61882e-06 1.71183e-05 0.0105952 0.000146748 0.00370111 4.14641e-05 2.64263e-07 1.64679e-07 2.07409e-07 
3.98241e-10 0.218342 0.0040405 0.0142094 0.000129794 2.18448e-08 0.437539 0.000132043 4.14686e-07 6.13619e-10 0.0681965 0.124141 0.0206256 1.73958e-07 0.000626479 7.6725e-10 0.0580555 7.34365e-10 1.9285e-06 3.7279e-05 1.61934e-10 0.00335638 5.33897e-07 0.0494548 1.40073e-10 8.72882e-11 0.00111133 
9.63147e-07 0.194596 0.320784 6.7004e-06 0.057232 8.34229e-05 3.25965e-10 7.59614e-10 9.0902e-10 1.23567e-09 6.84737e-06 0.0498685 0.0390574 0.126975 2.08267e-09 1.54504e-09 4.02345e-06 1.47882e-09 1.72791e-09 1.29339e-09 3.26092e-10 0.0711852 1.52472e-09 1.2159e-05 2.8207e-10 1.75776e-10 0.140187 
0.00171864 0.267893 0.00270839 0.00215163 0.0423185 0.00264747 0.000589964 0.000661572 1.88312e-06 1.14332e-08 0.393178 0.0518235 0.00258181 0.0123002 1.92703e-08 1.42957e-08 0.199958 1.3683e-08 0.00955559 4.9516e-06 0.00145985 0.000811337 4.69149e-05 0.00610498 2.6099e-09 1.62639e-09 0.00148377 
5.12987e-11 0.0875157 0.00258386 3.29671e-11 0.00874967 1.33658e-08 2.08511e-11 6.65737e-07 5.87289e-09 2.53015e-07 0.207728 0.0582572 0.615344 1.54592e-07 1.33223e-10 9.8832e-11 0.00870972 1.1361e-07 1.10529e-10 1.99474e-05 2.08592e-11 7.86609e-07 9.75323e-11 0.00446951 1.80433e-11 1.12439e-11 0.00662089 
0.000334427 0.00895707 0.262912 0.0390928 0.0463766 0.00107902 0.0336237 0.431522 6.83647e-05 7.74679e-07 0.00410886 0.019981 0.00701863 0.0837722 1.20867e-05 2.99135e-07 0.00203883 2.03586e-06 3.09058e-05 2.50413e-07 1.10391e-05 0.0276681 2.95201e-07 0.0301496 2.73247e-06 3.40319e-08 0.00123658 
0.0236121 0.000915769 0.00895839 4.9427e-10 0.0592722 3.24709e-06 0.00158135 1.10134e-06 0.000295582 1.03267e-07 0.0148513 0.0145696 0.00718753 0.825187 2.37018e-06 1.48177e-09 0.0215252 1.15103e-05 1.03094e-06 1.24042e-09 0.000230998 1.03397e-06 0.0217922 3.32216e-10 9.83865e-08 1.68578e-10 2.12319e-10 
0.000102802 1.95506e-09 0.74343 1.20285e-05 0.0582658 4.18019e-09 2.61502e-09 0.108724 3.93478e-06 9.91302e-09 0.0195528 6.69633e-06 6.68237e-08 0.0291188 1.6708e-08 1.23949e-08 0.0125702 1.18637e-08 1.38619e-08 1.03761e-08 1.67222e-05 1.36381e-07 1.22319e-08 0.0253093 0.00288731 1.41014e-09 1.77604e-09 
1.83699e-07 0.0104585 0.0042564 0.015528 0.0378233 2.38238e-10 0.0160071 3.47307e-10 4.15617e-10 5.64965e-10 0.121708 2.56578e-06 1.20036e-06 2.17127e-06 4.38119e-06 7.06415e-10 0.177451 6.76137e-10 7.90024e-10 5.97269e-08 0.127254 0.0304393 6.97125e-10 0.0143006 1.28967e-10 8.03671e-11 0.444762 
4.70585e-06 0.00932433 0.0112591 2.98981e-07 0.113143 1.46275e-05 0.0111596 5.01563e-09 1.49315e-05 7.59155e-05 0.0842591 0.00395238 0.0673176 0.0126429 4.43754e-07 0.03348 0.251314 0.000695414 7.84381e-07 0.000173614 0.0081509 0.0698593 1.00675e-08 0.0467581 1.69213e-05 1.16062e-09 0.276382 
2.12408e-09 0.0316295 0.486626 2.86796e-06 0.146998 2.07155e-06 8.63363e-10 2.01194e-09 2.40766e-09 3.27284e-09 0.123988 2.09602e-05 6.76371e-06 7.91858e-05 5.52175e-06 8.1886e-06 0.131533 3.91685e-09 4.57659e-09 0.000235008 3.69672e-05 7.75467e-10 0.0787907 3.44986e-05 2.91445e-06 4.65565e-10 5.86368e-10 
1.97058e-07 0.0546875 0.868177 3.32139e-05 0.0060547 3.242e-05 4.04821e-05 0.00213857 2.23367e-07 3.03632e-07 0.00339264 0.0109473 0.00455734 4.94067e-05 1.86465e-05 3.79652e-07 2.11456e-05 4.54293e-05 4.24586e-07 2.50944e-05 6.89474e-06 0.00998912 0.000448594 0.000458473 0.000160717 4.31921e-08 0.0387137 
0.00314936 0.729134 0.00108337 0.00263658 0.000646834 2.51063e-07 0.00127797 6.05755e-07 1.19475e-05 1.11429e-10 0.00995498 0.162883 0.0131264 0.00041057 8.17632e-08 1.39328e-10 0.0364177 5.89126e-05 0.00857067 6.72481e-05 0.00011706 0.00677986 1.37495e-10 0.00336162 3.59325e-08 1.5851e-11 0.020311 
0.00145034 0.208162 0.149895 0.0939237 0.000570578 8.99156e-07 0.000943915 0.0202247 5.75066e-09 6.56672e-05 0.0239597 0.025089 0.067393 0.0607004 1.76843e-05 9.77426e-09 0.223884 9.35532e-09 1.09311e-08 2.5552e-05 1.75907e-07 0.0135427 4.36391e-07 0.00644851 3.77061e-05 1.11199e-09 0.103665 
0.00489474 0.0186927 0.871729 5.23794e-07 0.0201901 0.00603838 0.000698156 0.00181642 0.00964021 2.8689e-06 0.00286847 0.00297292 0.0182853 0.00280025 1.17393e-05 1.17561e-08 0.016534 1.12522e-08 1.31475e-08 0.000541259 0.00219114 0.000146658 0.000421663 0.0194967 1.92895e-05 1.33746e-09 7.59443e-06 
4.43653e-09 0.00996056 0.0636613 1.00765e-08 0.00186713 2.88262e-09 0.0015319 0.0125022 5.02885e-09 6.83592e-09 0.000727308 4.24163e-05 1.35543e-07 0.198857 0.0339047 8.54742e-09 0.0101882 8.18107e-09 0.665173 7.15524e-09 1.69251e-05 1.61971e-09 0.00154488 1.74798e-05 5.18644e-06 9.7242e-10 1.22474e-09 
0.135442 2.38875e-05 0.250275 0.00829619 0.0545927 3.47079e-05 4.18476e-06 6.13664e-05 0.0566651 0.00416209 0.0695465 1.18224e-05 1.73256e-05 0.00123208 3.87717e-06 3.93624e-06 0.0254202 8.52167e-05 7.36996e-05 4.16806e-08 9.08744e-05 0.000101709 4.91355e-08 0.156466 4.6061e-07 5.66452e-09 0.23739 
6.04473e-06 0.0280426 0.283015 0.011891 0.00918789 0.0204243 0.00233428 0.246699 1.15139e-07 1.32097e-05 0.152832 0.0435341 0.00632914 0.0555721 7.96018e-07 1.957e-07 0.0172807 1.87312e-07 2.18862e-07 0.000192835 3.93579e-05 0.0485387 0.0683094 0.00572772 8.28632e-07 2.22643e-08 2.80916e-05 
0.00057778 1.27623e-05 0.00148827 0.000289411 9.08265e-06 2.78999e-06 0.000282277 0.000279018 4.86727e-06 6.61628e-06 0.000160234 1.26701e-05 3.01629e-06 0.000678426 1.11515e-05 8.27279e-06 0.000543531 6.35771e-05 9.25192e-06 1.41177e-05 1.74603e-06 0.000350821 8.16399e-06 0.99421 3.92575e-05 9.41175e-07 0.000931631 
0.00386256 0.598645 0.000158933 0.00550748 0.00298998 0.0333053 0.0049274 0.00174342 1.64452e-10 0.000165994 0.0866499 0.105495 0.0554504 0.00351863 1.6514e-07 1.25595e-05 0.00138009 5.98785e-08 6.59956e-07 5.61466e-07 0.000899246 0.00734004 2.32918e-07 0.0878828 6.34903e-05 3.17998e-11 1.30598e-07 
2.30161e-08 0.0284947 0.00342347 0.00306756 0.00358486 1.83803e-07 0.000622659 0.000399251 8.06018e-07 1.59983e-07 0.275177 0.0377927 0.0335154 0.000247984 1.47109e-05 9.96376e-11 0.000635754 4.52665e-06 0.000192746 0.000800252 2.10293e-11 0.154021 0.00905368 0.446071 1.29859e-08 1.13355e-11 0.00287913 
0.000191779 0.0254735 0.712179 5.92694e-05 0.0248138 0.000580374 1.13854e-08 0.00023109 0.01536 4.31596e-08 7.60922e-06 0.0354265 0.127271 0.0143776 7.27438e-08 5.39654e-08 0.000443788 5.16524e-08 6.03525e-08 1.63135e-05 0.00503077 0.000678916 2.42782e-05 0.0285803 9.8522e-09 6.13951e-09 0.00925397 
4.5288e-07 9.01398e-07 0.0640876 0.000153837 0.0616898 5.7583e-12 0.253874 8.39452e-12 1.00456e-11 2.869e-08 0.280089 6.00209e-08 0.115677 0.00130626 8.70889e-05 1.70743e-11 0.0103701 0.000429748 0.000484263 0.00042757 0.000787118 0.0324167 1.68497e-11 0.000574913 0.00109599 1.9425e-12 0.176447 
0.00168897 0.13561 0.0432463 3.61137e-06 0.0289751 0.0295762 5.50447e-07 0.00953489 0.00337617 4.32237e-09 0.189304 0.0102653 0.00163356 0.0221131 7.28518e-09 5.40455e-09 0.000680985 5.1729e-09 1.30262e-06 4.52427e-09 0.0149189 0.250793 2.15054e-06 0.25 0.000173614 6.14863e-10 0.00810272 
1.07014e-06 0.00584414 1.97463e-07 8.98483e-10 0.00320424 6.91376e-05 2.89694e-06 8.9998e-08 1.58475e-09 2.15421e-09 0.0946383 0.187337 2.69161e-06 0.00535625 3.63084e-09 2.69356e-09 0.192042 4.80922e-07 3.01236e-09 2.25484e-09 0.000206482 0.00857606 2.65814e-09 0.498615 2.76913e-06 3.0644e-10 0.00410259 
0.00436484 0.0391938 1.47565e-05 0.00587013 0.00432529 0.0101502 0.000363404 0.00278689 8.45833e-12 1.2948e-06 0.129384 0.0595344 0.337597 0.015331 1.9379e-11 0.300245 3.80831e-05 1.13298e-05 0.000350921 4.38159e-05 0.000141181 0.0634142 0.000989588 0.0167091 4.35826e-06 1.63557e-12 0.00913591 
2.95046e-07 0.0284903 0.0443375 0.7512 3.47873e-05 0.000248039 8.05033e-05 6.06155e-05 0.000127949 4.54615e-07 0.000317593 9.12076e-05 4.51013e-05 0.000152958 7.66235e-07 5.68436e-07 0.00072733 0.139926 6.35714e-07 0.000167716 1.48778e-05 1.07717e-07 5.26657e-05 0.0339013 1.03777e-07 6.46696e-08 2.03241e-05 
1.93908e-07 0.00103125 0.00463929 1.24615e-07 0.000600849 1.25991e-07 0.00190745 1.83671e-07 0.00101128 2.98779e-07 0.0116833 0.00125505 0.00388498 0.000944442 5.0358e-07 3.73584e-07 0.00234878 3.57571e-07 4.178e-07 0.000375595 7.88477e-08 0.00382288 3.68671e-07 0.00229506 0.000211498 4.25017e-08 0.963985 
1.43483e-09 0.43395 0.080582 0.0349221 6.13766e-06 0.0782785 5.83207e-10 1.50684e-06 1.62639e-09 2.21082e-09 0.103751 0.00645367 0.184587 0.0577686 3.72625e-09 2.76434e-09 5.0462e-06 2.64586e-09 1.43014e-06 7.35681e-06 1.29315e-06 0.0154268 1.5468e-05 1.45073e-05 5.04672e-10 3.14492e-10 0.00422755 
2.65529e-07 1.79271e-11 0.87415 4.73938e-07 0.00121401 3.83305e-11 0.000943381 0.00398239 6.01889e-07 0.00170241 0.0297866 3.55698e-06 0.004197 4.65358e-05 3.52525e-07 1.13656e-10 8.63572e-07 8.71366e-08 1.27108e-10 1.90383e-07 0.000611456 2.15375e-11 9.0862e-07 2.5482e-11 7.76844e-05 1.29304e-11 0.0832813 
0.000417449 0.0309757 0.0164051 0.000204023 0.000117119 0.0268276 5.36162e-06 0.796294 3.43532e-06 4.00207e-07 0.0101555 0.0625455 0.00485849 0.0114619 6.74534e-07 1.94387e-06 2.03963e-06 0.000969233 0.000879683 4.18902e-07 1.05615e-07 0.0345007 4.93826e-07 0.00256149 1.47208e-06 5.69301e-08 0.000810512 
0.000365362 0.225257 8.82101e-05 1.73913e-08 6.45041e-05 0.771828 4.29097e-05 0.00028199 0.00045095 4.16975e-08 0.000447886 0.000124386 5.22866e-05 9.48173e-09 7.02796e-08 5.21373e-08 0.000123682 4.99026e-08 5.83081e-08 4.36453e-08 1.1004e-08 0.000426819 5.14516e-08 0.000146128 1.71427e-05 5.93153e-09 0.000282397 
3.15466e-05 0.0061702 0.257418 0.0219931 0.264607 0.000216069 0.0142632 0.0688338 0.00015005 0.000178709 0.149464 0.0900807 0.00812933 0.0103318 0.000358799 0.000162577 0.0396528 6.30121e-07 0.00218481 0.00630727 0.000158619 0.00107603 6.4968e-07 0.00948332 0.000273407 7.48975e-08 0.0484739 
0.00889483 0.00126451 0.697705 0.0011679 0.14413 0.00104697 9.18884e-05 6.97231e-05 1.08079e-05 4.02193e-07 0.0524575 0.0181477 0.0311935 0.0180423 6.7788e-07 5.02889e-07 0.0102795 0.000389925 0.000193833 0.000167113 0.00553787 0.00441287 0.000916567 0.00367834 9.18099e-08 5.72124e-08 0.000199797 
0.000697343 5.24027e-07 0.335675 0.0102405 0.0112261 2.78873e-06 0.00346585 0.00156505 0.00932133 1.05667e-07 0.172315 0.310217 0.0287037 0.00118617 9.04985e-05 5.17819e-11 0.0598455 1.44234e-07 5.55554e-07 9.20656e-08 0.00232462 0.0110986 0.0074696 0.00355928 0.00104305 5.89111e-12 0.0299525 
0.0272966 0.821895 0.0154826 1.16148e-06 0.00560789 4.43874e-06 2.57224e-05 0.0866828 0.000539206 8.59716e-10 0.0104725 0.00302243 0.0100603 0.0061694 1.44902e-09 8.56037e-07 3.37203e-07 3.09889e-06 1.20219e-09 8.99875e-10 0.000509383 2.33483e-08 6.13263e-08 0.000268615 2.55797e-07 1.22296e-10 0.0119572 
2.83561e-05 2.76204e-06 0.150311 0.00320326 0.0614483 7.76576e-06 0.0478419 0.0857262 1.50908e-05 9.62501e-09 1.10076e-05 0.0231067 0.353467 1.27603e-06 1.62226e-08 1.20348e-08 7.51772e-06 1.1519e-08 2.86852e-05 8.06693e-06 4.8654e-06 0.047619 7.78293e-06 0.103003 5.80594e-06 1.36917e-09 0.124145 
1.15865e-07 0.00264699 0.229284 0.00322737 0.00228489 4.35336e-07 0.00804855 3.04804e-07 4.36322e-05 1.90427e-07 0.235099 0.0621767 0.362313 0.00299744 1.53831e-07 5.78947e-11 0.0331422 5.54132e-11 1.27031e-07 4.8465e-11 0.000113085 1.14086e-07 3.96474e-07 0.00512997 0.000149233 6.58654e-12 0.0533427 
8.02971e-09 2.95031e-05 0.312553 4.17097e-07 0.203247 5.21726e-09 3.26379e-09 1.69175e-05 1.01811e-05 1.23724e-08 2.7758e-06 0.0535332 0.0532178 5.39678e-05 2.08532e-08 4.14281e-06 0.174206 1.4807e-08 1.7301e-08 1.29503e-08 0.0346222 2.93152e-09 1.52666e-08 1.4401e-05 3.77038e-06 1.75999e-09 0.168485 
1.30464e-11 4.01447e-08 1.05964e-08 0.000128968 0.000228097 1.56159e-08 2.09595e-08 3.08251e-08 1.47882e-11 2.01022e-11 0.694409 0.011481 0.0775971 1.66156e-08 2.05141e-08 2.51352e-11 0.00828345 2.40578e-11 0.187782 2.10412e-11 2.41031e-09 3.66703e-10 2.48046e-11 7.83696e-08 5.23512e-09 2.85957e-12 0.0200903 
2.37982e-08 0.000721751 0.00169959 0.000198837 0.000283016 0.99272 9.67313e-09 2.25418e-08 2.69755e-08 3.66689e-08 0.000203198 0.000202694 0.000413795 0.00101811 6.1804e-08 4.58496e-08 0.000119398 4.38845e-08 5.12762e-08 3.83818e-08 9.67691e-09 0.00117293 4.52467e-08 0.000360823 8.37054e-09 5.2162e-09 0.000884942 
9.63147e-07 0.194596 0.320784 6.7004e-06 0.057232 8.34229e-05 3.25965e-10 7.59614e-10 9.0902e-10 1.23567e-09 6.84737e-06 0.0498685 0.0390574 0.126975 2.08267e-09 1.54504e-09 4.02345e-06 1.47882e-09 1.72791e-09 1.29339e-09 3.26092e-10 0.0711852 1.52472e-09 1.2159e-05 2.8207e-10 1.75776e-10 0.140187 
0.000174672 0.00194025 0.141445 0.0935863 3.64819e-06 8.15145e-08 0.00028245 1.38327e-05 1.42206e-07 5.33986e-06 0.0278169 3.46854e-05 0.00168518 9.37271e-05 4.08771e-05 1.1641e-05 0.0065866 2.00691e-05 2.22905e-05 0.603597 8.36234e-06 0.00925145 5.84057e-06 0.0137476 9.22326e-06 2.7498e-08 0.0996164 
0.000231347 0.000919345 0.000117054 1.13832e-05 0.000490016 0.00431483 3.51929e-05 2.59452e-05 2.20682e-05 8.94923e-06 0.00755218 0.00226061 0.981727 0.000445751 8.30941e-06 3.32467e-06 0.000162927 2.88973e-05 3.71817e-06 2.78316e-06 9.3095e-05 0.000513882 4.34555e-06 0.000190825 6.0031e-06 2.7628e-06 0.000817083 
0.0099387 0.0444774 0.361209 8.32512e-07 0.0353218 2.4414e-06 0.00446676 0.158459 1.07048e-05 1.33072e-06 0.0392717 0.0581508 0.000117098 0.0728747 4.39738e-07 2.8107e-09 8.00373e-06 2.09057e-07 0.000103184 0.000336683 0.00166512 0.00289841 0.0175046 0.193141 3.91453e-05 3.19767e-10 1.52965e-06 
1.21211e-07 0.054766 0.375854 0.013792 0.0345643 0.0893605 0.0430193 0.00621014 0.00375996 2.87373e-06 0.0466687 0.00517585 0.0893767 0.00620718 5.60307e-05 2.33525e-07 0.139856 4.39466e-05 2.61165e-07 0.0254527 0.000111129 0.0247849 4.7516e-06 0.00262321 1.03345e-05 2.65676e-08 0.0382987 
8.44485e-08 5.36327e-05 0.888561 5.42708e-08 0.0267827 0.00567035 4.35102e-05 0.00831284 9.57231e-08 1.3012e-07 0.0323747 9.37562e-05 0.00484331 0.00595358 1.20053e-05 1.62698e-07 0.0224247 1.55725e-07 1.75395e-05 0.000657663 0.00200906 3.08308e-08 1.60559e-07 0.000103479 5.69674e-06 1.85098e-08 0.00207969 
2.13963e-08 0.00202275 0.940411 0.000128348 0.000339287 0.0282815 0.00109996 2.55875e-05 7.91995e-05 9.4845e-05 0.00521947 0.0002936 0.0068957 0.000461872 5.96585e-06 4.12221e-08 0.00208825 3.94553e-08 1.70333e-05 2.81203e-05 0.0002321 0.000572116 4.068e-08 0.00537778 3.66682e-06 4.68974e-09 0.00632169 
4.85368e-07 3.242e-07 0.968031 5.12117e-10 0.00683405 5.17771e-10 4.85859e-07 9.02529e-07 0.000217306 4.36926e-07 2.95343e-07 8.26772e-09 0.00388909 0.000250042 0.000194662 8.49075e-08 0.000109082 5.44756e-05 8.36971e-07 0.00568302 0.000300728 1.32738e-06 0.00193445 3.44212e-10 0.000277241 1.74665e-10 0.0122199 
5.96477e-09 0.0038076 0.638065 3.83326e-09 0.00434145 0.000575394 2.32406e-06 5.64987e-09 1.23768e-07 9.19067e-09 0.0080689 6.87569e-06 0.0316097 0.00156187 5.28765e-06 3.49475e-05 0.276707 6.51294e-06 1.28518e-08 1.56345e-06 1.59977e-07 7.87852e-06 9.16158e-06 8.16215e-06 7.1305e-05 1.30739e-09 0.0351088 
0.125784 0.272453 0.0121006 0.071813 3.58859e-06 4.42589e-06 3.09332e-10 0.00193189 2.21676e-06 1.17261e-09 1.99243e-06 0.0312716 0.0100148 1.28867e-05 1.9764e-09 2.68597e-06 0.0329452 6.80913e-05 1.63973e-09 0.000111963 0.00879651 0.232601 0.113711 0.057341 3.017e-05 1.66806e-10 0.028998 
0.160446 0.0478675 0.0169932 8.89457e-07 0.0145734 0.00319705 5.62566e-07 0.0261431 0.00760927 2.13257e-06 0.0542935 0.115129 0.000980987 0.482791 3.59437e-06 2.6665e-06 0.000259213 2.55221e-06 0.00461353 2.23219e-06 0.000115424 0.00559328 2.63143e-06 0.0593765 4.8681e-07 3.03362e-07 3.82076e-07 
0.000298734 0.000370578 0.991546 2.1249e-07 1.17791e-05 0.00105936 1.34396e-07 0.000833411 3.7479e-07 5.09468e-07 9.54145e-06 0.000236481 0.000504838 0.000118402 4.68307e-05 3.65684e-05 0.00355092 6.09719e-07 7.12418e-07 0.000434846 1.34448e-07 7.40008e-05 6.28645e-07 0.000864011 1.16298e-07 7.24725e-08 9.12773e-08 
2.50078e-07 0.0102962 2.24258e-07 0.00951318 0.00309076 1.27932e-11 0.0164034 3.7675e-07 8.48316e-08 3.03381e-11 0.495366 0.00556051 0.326219 0.0015998 0.000326493 3.79338e-11 0.04284 3.63079e-11 4.24235e-11 3.17553e-11 3.44348e-08 5.78667e-07 3.7435e-11 0.0376837 8.73091e-05 4.31564e-12 0.0510121 
0.0099387 0.0444774 0.361209 8.32512e-07 0.0353218 2.4414e-06 0.00446676 0.158459 1.07048e-05 1.33072e-06 0.0392717 0.0581508 0.000117098 0.0728747 4.39738e-07 2.8107e-09 8.00373e-06 2.09057e-07 0.000103184 0.000336683 0.00166512 0.00289841 0.0175046 0.193141 3.91453e-05 3.19767e-10 1.52965e-06 
6.27315e-10 0.0185687 0.692999 0.0216084 0.0360727 8.32552e-07 2.54981e-10 0.000555508 7.11067e-10 9.66582e-10 0.0832756 0.00013776 0.0399583 1.64253e-07 6.77091e-07 1.01428e-07 1.63209e-06 0.000399831 1.35163e-09 1.84671e-06 2.55081e-10 0.0675186 1.19269e-09 0.0280281 9.17031e-08 1.37498e-10 0.0108716 
0.00707468 0.043788 0.414572 0.000937441 0.0444787 0.0163285 0.00213688 0.00270282 0.000122609 0.0454667 0.0726805 0.0170226 0.0823093 0.00996278 9.89651e-05 0.0351032 0.0123937 0.000135476 0.014258 0.0930041 0.00813381 0.00306984 0.000168069 0.00215156 0.00214632 4.9807e-05 0.0697039 
3.36244e-07 0.112148 0.00967391 0.323285 0.312211 2.18473e-07 0.000159791 0.00463768 3.81136e-07 5.18094e-07 0.0094766 0.125985 0.00933189 0.0237962 8.73227e-07 6.47808e-07 0.0358218 6.20042e-07 7.2448e-07 0.000217335 0.00314034 0.000911738 6.39288e-07 0.000857551 1.18267e-07 7.36996e-08 0.0283408 
0.00299978 8.47038e-06 0.701874 0.00550894 0.211668 8.06789e-05 0.00345124 0.00240701 3.06959e-05 5.95549e-06 0.000401059 7.40746e-05 0.033907 0.00284329 1.51555e-05 2.03452e-07 0.00656112 1.86731e-05 2.41596e-05 1.70314e-07 0.000249073 3.69694e-06 2.07182e-05 0.0268563 0.000925589 2.31463e-08 6.54132e-05 
0.000606918 0.00843006 0.864064 0.000374503 0.00212533 0.0926761 0.00264405 4.26908e-07 1.19669e-07 0.00023849 0.0022595 0.000103657 0.00312284 0.000159353 0.0148763 6.96237e-07 0.000158977 1.04957e-09 0.000229354 0.0049776 1.881e-07 1.5355e-07 1.08215e-09 1.09871e-06 0.00236339 1.24754e-10 0.000586471 
1.15865e-07 0.00264699 0.229284 0.00322737 0.00228489 4.35336e-07 0.00804855 3.04804e-07 4.36322e-05 1.90427e-07 0.235099 0.0621767 0.362313 0.00299744 1.53831e-07 5.78947e-11 0.0331422 5.54132e-11 1.27031e-07 4.8465e-11 0.000113085 1.14086e-07 3.96474e-07 0.00512997 0.000149233 6.58654e-12 0.0533427 
0.017448 0.00335379 0.0175286 0.00287844 0.0112214 0.00140436 0.00041253 0.914051 0.00224393 0.000874948 0.00450274 0.00391639 0.000228808 6.78163e-05 2.69548e-06 7.59816e-07 0.000892631 1.85988e-06 9.74471e-07 5.44411e-06 5.15621e-07 0.00572415 0.00445088 0.00408307 0.000193951 2.36834e-07 0.00451032 
0.0001117 0.00393469 0.047113 0.00433435 0.000745285 0.0031336 0.000117187 0.0029824 5.38033e-05 0.000127636 0.561629 0.0916841 0.00522971 0.0049218 0.000128996 1.19143e-07 0.212501 8.48379e-05 0.0184911 0.00616003 0.000246134 0.00582227 1.17576e-07 0.0132318 7.47101e-05 1.35546e-08 0.0171399 
0.0099387 0.0444774 0.361209 8.32512e-07 0.0353218 2.4414e-06 0.00446676 0.158459 1.07048e-05 1.33072e-06 0.0392717 0.0581508 0.000117098 0.0728747 4.39738e-07 2.8107e-09 8.00373e-06 2.09057e-07 0.000103184 0.000336683 0.00166512 0.00289841 0.0175046 0.193141 3.91453e-05 3.19767e-10 1.52965e-06 
7.58357e-05 0.128876 0.206596 3.32695e-05 0.0148029 0.0221531 0.000249526 0.581154 0.00945315 7.33722e-05 0.0193259 0.000679846 6.78978e-05 0.00721478 5.13988e-07 3.81305e-07 0.000152435 3.64962e-07 4.26435e-07 3.19199e-07 0.0001358 0.000207178 0.00857331 8.71327e-05 6.9613e-08 4.33802e-08 8.59485e-05 
3.27169e-07 3.94236e-06 0.907443 5.24326e-10 0.0842247 5.30114e-10 3.31626e-10 7.72807e-10 9.2573e-07 1.2697e-07 5.84469e-06 3.10724e-06 0.000755644 1.07773e-05 4.66356e-06 1.57187e-09 4.06656e-07 1.5045e-09 1.75792e-09 0.00751365 1.30052e-05 2.97865e-10 1.8616e-05 3.52417e-10 2.86969e-10 1.78828e-10 1.59936e-06 
1.45883e-07 0.180334 1.02948e-07 0.00243779 5.36402e-06 2.87639e-08 0.0471174 0.00167921 0.000158178 7.92247e-11 0.0257386 0.402617 0.0419318 0.00055509 1.57769e-09 9.90601e-11 0.112417 9.48142e-11 0.000383479 8.29254e-11 2.10768e-09 0.0907665 9.77573e-11 0.0766069 1.70911e-08 1.12698e-11 0.0172514 
6.18445e-06 6.84182e-06 0.100416 6.47703e-06 0.0884994 2.31986e-05 1.19019e-08 0.00062034 3.31908e-08 4.51176e-08 0.58672 5.02234e-05 2.06107e-05 0.00367781 7.60439e-08 5.64136e-08 0.178603 5.39956e-08 2.63167e-05 2.53714e-05 6.65207e-06 8.31139e-06 0.000420604 0.0408305 1.02991e-08 6.41804e-09 3.21885e-05 
0.0263486 1.69618e-05 8.94659e-06 9.41428e-06 0.770182 1.00181e-09 6.26708e-10 1.46045e-09 1.7477e-09 2.37572e-09 0.13744 1.92065e-05 1.26901e-06 3.72808e-06 3.48405e-05 2.97053e-09 1.60272e-05 2.84321e-09 3.32211e-09 2.4867e-09 6.26953e-10 5.68534e-08 1.17552e-06 1.65841e-05 1.51902e-06 3.3795e-10 0.0658996 
0.000313322 0.368286 0.000605642 0.0716809 0.000954744 0.0155997 0.000932006 0.00952579 0.000567742 0.00379243 0.0271766 0.155946 0.00939934 0.00454646 1.53253e-05 2.75445e-05 0.0185121 0.000491849 0.000407793 0.000113668 3.27147e-05 0.179217 0.000239076 0.103969 1.13779e-05 7.13262e-07 0.0276369 
6.93521e-10 4.65778e-06 0.961317 7.58124e-07 6.5258e-07 0.0030666 5.44081e-06 4.0735e-06 2.3662e-07 4.16858e-06 0.00736848 0.00164994 8.89519e-06 1.87128e-06 1.80108e-09 1.33614e-09 4.99269e-06 1.27887e-09 1.49428e-09 4.47517e-06 1.63589e-06 2.50687e-06 1.31857e-09 0.026543 2.43932e-10 1.52009e-10 1.10661e-05 
0.000124042 1.79522e-06 2.03084e-10 7.3014e-05 1.39715e-07 3.68423e-10 0.000903728 1.16681e-06 6.4273e-10 2.41024e-07 0.0116261 0.00592503 0.00108175 3.06005e-07 2.05154e-05 1.09243e-09 0.97256 1.04561e-09 1.22173e-09 9.14501e-10 1.74907e-06 0.00345185 2.34206e-06 0.00411808 4.33276e-07 1.24284e-10 0.000107617 
0.0175078 0.000410133 0.652056 2.59814e-08 0.207151 0.000236852 1.64328e-08 0.0110552 0.000714686 6.22934e-08 0.00350992 0.0334633 0.000525015 0.0172612 1.04993e-07 7.78897e-08 0.00256294 7.45512e-08 0.00051374 2.36964e-05 0.0479441 0.000110818 7.04133e-06 0.00231313 0.0025578 8.86132e-09 7.50682e-05 
3.58453e-07 0.000414821 0.988104 0.000337238 0.000209285 0.000123387 1.45699e-07 7.51461e-05 4.0631e-07 0.000404005 0.00049912 0.000401281 0.00744665 1.25592e-07 9.30904e-07 6.90596e-07 0.000241589 0.000169596 7.72333e-07 0.000845174 1.45756e-07 1.28418e-06 6.81514e-07 0.00050094 0.000115248 7.85675e-08 0.000106492 
5.6914e-11 0.018051 0.000977357 0.0132599 0.00303524 0.0310813 0.000356229 0.00126275 5.65737e-07 1.0774e-07 0.1711 0.376144 0.0611652 7.36185e-08 1.47806e-10 6.60068e-07 0.0185219 1.04951e-10 1.22628e-10 9.17909e-11 8.06368e-05 0.234795 1.08208e-10 0.0701685 2.00183e-11 1.24747e-11 1.57115e-11 
3.98241e-10 0.218342 0.0040405 0.0142094 0.000129794 2.18448e-08 0.437539 0.000132043 4.14686e-07 6.13619e-10 0.0681965 0.124141 0.0206256 1.73958e-07 0.000626479 7.6725e-10 0.0580555 7.34365e-10 1.9285e-06 3.7279e-05 1.61934e-10 0.00335638 5.33897e-07 0.0494548 1.40073e-10 8.72882e-11 0.00111133 
1.8664e-09 1.44067e-05 0.980732 1.36749e-05 4.70603e-08 8.50092e-07 7.96632e-06 4.95179e-06 2.11558e-09 1.15319e-06 0.0191592 3.5017e-06 2.93836e-06 7.85377e-07 4.84704e-09 3.5958e-09 2.88633e-06 3.44168e-09 9.25322e-06 1.83648e-05 2.73287e-06 2.52183e-06 3.54851e-09 2.26547e-05 3.2889e-07 4.09086e-10 5.15233e-10 
6.61663e-11 0.0463445 7.25179e-07 7.90952e-07 3.27037e-07 0.0281085 1.1269e-06 6.26732e-11 0.00101832 1.01951e-10 0.155988 1.50568e-06 0.682426 2.31829e-11 1.71834e-10 1.27476e-10 0.00953892 1.22012e-10 0.0046578 2.14493e-08 2.69048e-11 3.14056e-07 1.258e-10 9.03167e-07 4.43182e-05 1.45026e-11 0.0718677 
0.0925176 0.0162075 0.0499325 0.0458254 0.0870614 0.0677328 0.00363456 0.000108651 0.0025536 1.28675e-06 0.320768 0.0179787 0.00601176 0.00680892 2.81768e-06 0.00343484 0.0729618 2.42829e-05 1.09952e-05 3.80788e-05 0.00333644 0.0978822 2.97762e-05 0.103669 1.24658e-05 8.17584e-07 0.00145339 
0.000129436 9.42294e-12 0.154708 0.000757201 0.000249522 2.01475e-11 0.000275791 0.00517136 0.000850288 1.50518e-07 0.0555025 0.751307 0.000517977 7.98476e-08 5.853e-05 5.97406e-11 0.0244648 5.718e-11 6.68113e-11 5.00102e-11 0.000643641 2.6479e-07 3.13374e-07 5.88404e-08 2.71685e-05 6.79655e-12 0.00533627 
0.00049685 0.0059992 0.339541 0.111453 0.0192345 1.29799e-06 0.000153069 0.0282362 4.18989e-07 0.000205689 0.0645353 0.0246581 0.0133645 0.0018118 0.000275782 1.71408e-06 0.0249161 8.40914e-07 5.1763e-07 2.03966e-07 0.000365603 0.0181902 0.00346225 0.0436981 2.0954e-05 1.46902e-10 0.299376 
1.53675e-07 0.0946089 1.03155e-07 0.00260941 8.03949e-06 2.743e-11 0.070675 0.00251851 0.000186029 6.50484e-11 0.0188254 0.399952 0.0554781 0.000832519 1.7544e-09 8.13344e-11 0.152293 7.78483e-11 0.000575025 6.80869e-11 2.1082e-09 0.0965015 8.02648e-11 0.0907613 1.85607e-08 9.25322e-12 0.0141745 
0.00316788 0.0238719 0.671505 0.00164189 0.0696959 0.00897643 0.0296778 7.79895e-05 0.00952049 9.95222e-07 0.0499564 0.063895 0.0135477 0.00670328 1.92647e-06 1.21419e-06 0.0276589 1.20173e-08 0.000229381 3.08704e-05 0.00365113 0.00216979 1.22539e-06 0.00956066 1.01992e-06 1.4284e-09 0.00445517 
3.71596e-05 0.188747 9.2419e-07 0.0574238 0.0191395 6.45078e-06 0.00275263 0.086636 0.000882057 3.15813e-07 8.75135e-07 0.039545 0.00727807 0.000283084 3.43903e-07 1.02752e-09 0.0113805 4.8274e-07 2.04167e-06 3.92467e-06 4.18504e-07 0.538982 1.01401e-09 0.0466351 1.8759e-10 1.16899e-10 0.000262119 
0.00274815 0.0144511 3.6123e-05 2.9056e-08 0.0035304 1.70225e-05 0.000149698 3.82492e-06 0.000265533 1.08151e-05 0.114589 0.0686766 0.00269725 4.94986e-05 1.17418e-07 1.03954e-05 0.15303 0.590412 9.74166e-08 1.23207e-06 0.00106258 0.0165003 8.59614e-08 0.029077 7.20795e-08 9.90995e-09 0.00268079 
2.86009e-05 0.00798377 0.0680559 3.00301e-05 0.0140912 0.00303961 7.37626e-08 0.849138 9.95701e-05 0.000359544 0.00492665 0.0262383 3.33548e-05 0.00147738 3.87999e-05 3.49627e-07 7.36381e-06 0.00261722 2.97446e-05 1.08962e-05 1.31279e-05 0.0161294 1.33756e-05 0.00158774 6.38297e-08 3.97762e-08 0.00405008 
5.89138e-08 0.000928684 0.875761 5.77867e-10 0.0886849 5.84247e-10 3.6549e-10 2.61e-06 1.01924e-09 1.3855e-09 0.00775154 5.52505e-07 4.46407e-07 0.0231859 2.33521e-09 1.73239e-09 1.13895e-06 3.19126e-07 3.72879e-07 0.000165761 2.31219e-06 3.28281e-10 0.00351283 3.88405e-10 2.72809e-07 1.97089e-10 8.79485e-07 
