4.00075e-08 0.000229105 0.000101625 1.02711e-07 0.0317863 7.92537e-08 0.0350429 3.27233e-12 2.99586e-05 6.0963e-10 0.0140417 1.26035e-07 0.000154444 0.00240557 4.59237e-09 6.65586e-12 2.46322e-07 6.37058e-12 0.00019406 1.7084e-08 0.0272713 9.58156e-05 6.56833e-12 0.000185192 3.49962e-08 0.888461 2.66125e-07 
0.000776237 0.00032391 0.000346713 0.000959155 0.0333169 0.00063985 0.00251626 1.21893e-09 0.00129739 1.59646e-10 0.136444 0.00373319 0.00336515 0.00873867 1.27138e-06 1.28149e-12 0.00891493 3.80895e-10 0.00013635 2.22994e-09 0.0168568 0.0382505 1.26463e-12 0.00048985 3.784e-06 0.740695 0.00219394 
0.000655476 0.00277203 0.00156856 0.00200967 0.0493337 0.00171823 0.0148113 0.000769559 0.000695829 1.89044e-06 0.0518173 0.00821118 0.0799498 0.00287307 3.12972e-05 3.85381e-10 0.00984104 0.000125959 0.000163417 0.00036483 0.0065755 0.00360662 5.10466e-05 0.01331 0.000179387 0.746357 0.00220614 
0.00386545 0.00136281 0.00131791 0.030435 8.23515e-08 0.00634736 8.04402e-09 2.87541e-08 3.8765e-08 9.47569e-09 0.0642163 0.032716 0.0026979 0.0171626 4.98934e-12 3.70137e-12 0.00326125 3.54272e-12 0.000491405 7.59163e-08 0.00539134 2.38481e-06 6.72132e-08 0.003764 6.75741e-13 0.802231 0.0247373 
0.000776237 0.00032391 0.000346713 0.000959155 0.0333169 0.00063985 0.00251626 1.21893e-09 0.00129739 1.59646e-10 0.136444 0.00373319 0.00336515 0.00873867 1.27138e-06 1.28149e-12 0.00891493 3.80895e-10 0.00013635 2.22994e-09 0.0168568 0.0382505 1.26463e-12 0.00048985 3.784e-06 0.740695 0.00219394 
0.000776237 0.00032391 0.000346713 0.000959155 0.0333169 0.00063985 0.00251626 1.21893e-09 0.00129739 1.59646e-10 0.136444 0.00373319 0.00336515 0.00873867 1.27138e-06 1.28149e-12 0.00891493 3.80895e-10 0.00013635 2.22994e-09 0.0168568 0.0382505 1.26463e-12 0.00048985 3.784e-06 0.740695 0.00219394 
0.0237473 0.0020384 0.000296892 0.0014779 0.227769 0.00097464 0.00029684 0.00495347 1.96044e-05 8.38294e-07 0.00812767 0.0165447 0.00263724 0.0376941 0.000256375 4.75212e-09 0.00450689 8.66428e-06 3.12496e-05 5.13133e-05 0.100866 0.00172451 0.00031685 0.00581175 8.5346e-07 0.556959 0.00288872 
0.000369749 0.00582198 0.000814855 0.00330197 0.0793168 0.0977187 0.0017269 1.60429e-05 0.00131704 3.08552e-10 0.170513 0.0238711 0.0194296 0.0286533 6.15672e-07 1.07644e-11 0.00424537 7.28233e-10 0.00433759 6.29121e-09 0.0181827 0.0914136 1.06228e-11 0.00494389 1.81326e-06 0.442959 0.00104482 
0.0044398 0.00257669 0.154656 3.50259e-09 0.245129 8.69339e-06 0.00269088 0.000556989 7.84895e-05 8.39784e-09 0.00857126 0.0865462 0.0217975 0.00847972 2.63666e-06 1.05004e-08 0.0366569 9.26872e-06 1.19316e-05 0.00930644 0.00539456 0.000213032 0.00340287 0.00609907 0.000460164 0.355663 0.0472489 
0.000308398 0.000128917 1.05543e-05 0.000575931 0.0045466 0.000859165 0.00109777 1.24634e-05 2.1624e-05 1.37886e-06 0.00138817 0.00863039 0.0148629 0.000479354 2.07519e-05 1.83027e-08 0.00750623 8.63469e-05 1.36718e-05 0.00102017 0.000832999 0.0431184 2.87981e-06 0.00304375 3.71617e-08 0.906463 0.0049683 
0.0675681 0.000449606 0.00469453 0.00165924 0.220983 2.42813e-09 0.0212334 9.28335e-07 4.05171e-06 8.60685e-08 0.0160752 0.0297916 1.17083e-06 0.0560784 2.86072e-06 7.19979e-09 0.0124498 7.33231e-07 0.000525665 0.0132235 0.209529 0.000316266 1.22085e-05 0.0182427 9.22637e-07 0.319419 0.00773852 
0.0010375 0.0332483 0.0177454 0.0304617 0.0773113 0.000962143 0.030374 0.0040193 0.000136302 8.85035e-05 0.0252853 0.0130528 0.0217177 0.0731273 5.51147e-05 0.00180781 0.0339384 5.91695e-05 0.000594577 0.00104987 0.0445623 0.0151089 0.134176 0.0118794 0.0106321 0.414798 0.00277024 
7.91287e-09 4.3306e-06 0.000449716 1.10244e-05 0.00171004 3.30196e-05 0.000557543 4.03101e-09 1.17515e-05 6.88194e-08 0.00155188 0.00435797 0.000590549 0.00134592 1.30749e-10 1.9015e-12 0.000607092 2.08995e-06 2.12655e-12 1.59179e-12 0.371393 2.27486e-09 1.83056e-05 0.000296097 9.08776e-06 0.61627 0.000780838 
0.000517503 0.000215943 0.000231146 0.000639444 0.028184 0.000426572 0.00169902 9.58581e-10 0.000864938 1.32409e-10 0.0909628 0.0024888 0.00225153 0.00594067 8.48325e-07 1.18478e-12 0.0059433 3.15794e-10 9.09048e-05 1.75363e-09 0.012135 0.0255004 1.1692e-12 0.000326571 2.52322e-06 0.820115 0.00146264 
0.00221801 0.00118317 0.00866311 0.00207594 0.158036 0.00187089 0.00106891 0.00104254 0.000221489 6.22507e-07 0.000487491 0.0208521 0.00043183 0.0142246 8.85995e-09 1.65067e-06 0.109947 2.93046e-08 2.12774e-05 2.58713e-07 0.132855 0.00536825 0.00316999 0.018787 1.42574e-05 0.504019 0.0134402 
0.000392228 0.0018332 0.00246934 0.000191375 0.146712 0.00187549 0.0387764 0.00010097 0.00316602 3.97379e-07 0.0683305 0.000787058 0.00330737 0.0076313 8.26582e-06 6.63902e-10 0.00954911 1.45257e-05 0.000164725 5.47976e-05 0.025022 0.000439049 3.20911e-06 0.000241826 0.00013693 0.688112 0.000679536 
0.00539054 0.00272919 0.00342765 0.00387685 0.169486 0.00404148 0.00155122 0.00258526 8.08618e-05 7.10238e-06 0.0344877 0.00372878 0.00819474 0.0181639 0.000256352 9.86644e-06 0.0194718 0.000199784 0.00159508 0.000585118 0.181681 0.00312248 5.04304e-05 0.015051 4.59219e-05 0.514067 0.00611269 
0.000759949 0.00208994 0.00107008 0.00022964 0.0619279 0.00353607 0.00462874 0.00164454 0.000184435 1.94996e-06 0.0141431 0.00411642 0.00328511 0.00562727 1.61065e-05 9.67766e-06 0.0397234 0.00317266 7.27538e-05 1.5797e-05 0.0526425 0.00521764 0.000156854 0.000704147 3.72786e-05 0.788374 0.00661226 
0.0155259 0.00678279 0.0176927 1.90061e-05 0.217644 0.00431247 0.00157694 5.67812e-05 0.00375685 2.7903e-07 0.107628 0.0198731 0.00145602 0.0134385 6.57473e-06 1.91774e-11 0.0342161 7.57002e-05 0.000190677 2.18947e-05 0.0113988 0.00215205 3.15031e-08 0.0100656 1.48169e-05 0.531882 0.000212174 
0.00221801 0.00118317 0.00866311 0.00207594 0.158036 0.00187089 0.00106891 0.00104254 0.000221489 6.22507e-07 0.000487491 0.0208521 0.00043183 0.0142246 8.85995e-09 1.65067e-06 0.109947 2.93046e-08 2.12774e-05 2.58713e-07 0.132855 0.00536825 0.00316999 0.018787 1.42574e-05 0.504019 0.0134402 
0.00113339 0.00139177 0.000373271 0.00247412 0.0934029 0.000426097 0.00309422 0.000423031 0.00030509 3.76371e-07 0.0122241 0.00860293 0.0144342 0.00633758 4.61548e-05 1.14564e-06 0.0451839 2.82529e-05 4.47149e-05 0.000312735 0.0367296 0.00386023 5.74496e-07 0.00264121 2.43622e-05 0.76455 0.00195437 
0.00314875 0.00339878 0.178101 0.000556349 0.137667 0.00939926 6.09649e-05 6.21715e-05 0.0012027 3.51417e-05 0.15627 0.0251119 0.0104919 0.0269828 2.66351e-05 1.0964e-11 0.00456048 2.48009e-08 5.47181e-05 0.039268 0.0229909 0.0108964 0.0201247 0.0694302 0.000399524 0.27328 0.00647922 
0.00183546 0.00517918 0.00948998 0.00104898 0.203933 0.00155961 0.00618938 0.00147958 0.000742186 4.98111e-06 0.0529848 0.0369405 0.0288346 0.0204185 2.56329e-05 1.55228e-06 0.0317344 0.000535266 0.000221864 0.00685552 0.029931 0.0196958 0.00467377 0.00997051 0.00011143 0.516013 0.00959038 
0.0128863 0.00929344 0.0249954 0.000196173 0.222833 0.000630396 0.001787 5.13871e-05 2.31996e-05 5.34061e-10 0.0456788 0.0228245 0.0249071 0.191484 3.64137e-07 6.67773e-10 0.014877 0.000199904 0.00729103 0.000229031 0.010013 0.000736668 0.000211676 0.000801543 1.60529e-06 0.399035 0.00901333 
4.00075e-08 0.000229105 0.000101625 1.02711e-07 0.0317863 7.92537e-08 0.0350429 3.27233e-12 2.99586e-05 6.0963e-10 0.0140417 1.26035e-07 0.000154444 0.00240557 4.59237e-09 6.65586e-12 2.46322e-07 6.37058e-12 0.00019406 1.7084e-08 0.0272713 9.58156e-05 6.56833e-12 0.000185192 3.49962e-08 0.888461 2.66125e-07 
1.29723e-06 0.000388312 6.3402e-07 3.24128e-05 0.0964734 0.00135827 0.000122299 0.000125583 1.7103e-05 5.09812e-07 0.0236216 0.00185406 0.00229672 0.0098386 1.66295e-08 1.23367e-08 0.000543027 0.000498576 4.35229e-05 5.88276e-07 0.0100006 0.00105135 1.21745e-08 0.000345184 3.36793e-07 0.851365 2.15144e-05 
0.00157169 0.0130828 0.0299902 0.00118169 0.0786127 0.00360209 0.00322965 0.000218718 0.000247894 4.59037e-05 0.0483436 0.00863067 0.0433448 0.010137 0.00137977 4.7632e-09 0.00808194 0.000710911 4.67195e-05 0.102579 0.00454336 0.0116595 0.000365373 0.0096264 0.00192028 0.601125 0.0157228 
0.000466019 0.000734043 0.000360408 0.000446972 0.0216957 0.000238327 1.11395e-05 4.48588e-05 8.59274e-06 3.28217e-09 0.00162281 0.00528614 0.000259348 0.017159 4.79126e-12 3.55442e-12 0.000270694 1.1845e-06 2.04962e-08 3.32421e-05 0.00122047 1.18423e-08 0.000159405 0.000136636 6.48913e-13 0.948401 0.00144429 
0.000466019 0.000734043 0.000360408 0.000446972 0.0216957 0.000238327 1.11395e-05 4.48588e-05 8.59274e-06 3.28217e-09 0.00162281 0.00528614 0.000259348 0.017159 4.79126e-12 3.55442e-12 0.000270694 1.1845e-06 2.04962e-08 3.32421e-05 0.00122047 1.18423e-08 0.000159405 0.000136636 6.48913e-13 0.948401 0.00144429 
9.08374e-05 0.00476229 0.00349973 0.00022871 0.0871487 0.000473702 0.00615231 1.59743e-09 0.00319998 9.63794e-08 0.0781059 0.000314258 0.00644717 0.0136382 8.86299e-06 2.81655e-12 0.0274391 3.19048e-05 6.34397e-06 2.45053e-05 0.0152429 0.000331876 2.7795e-12 0.000102236 2.54072e-05 0.751312 0.00141263 
0.000776237 0.00032391 0.000346713 0.000959155 0.0333169 0.00063985 0.00251626 1.21893e-09 0.00129739 1.59646e-10 0.136444 0.00373319 0.00336515 0.00873867 1.27138e-06 1.28149e-12 0.00891493 3.80895e-10 0.00013635 2.22994e-09 0.0168568 0.0382505 1.26463e-12 0.00048985 3.784e-06 0.740695 0.00219394 
2.87249e-05 0.0106504 0.0014943 0.000881452 0.0421797 0.00136258 0.104644 0.000116349 0.000129227 1.09631e-05 0.198359 0.00774705 0.0887366 0.00409551 2.50817e-05 5.5854e-11 0.0466438 0.00221158 0.000511837 9.65824e-05 0.010672 0.0409217 9.40878e-06 0.00412251 0.0122582 0.294206 0.127886 
0.0036813 0.000573036 0.000313732 8.1046e-05 0.0529027 2.30682e-05 1.85968e-05 0.000574083 1.10412e-05 2.53062e-10 0.00161569 0.000375587 1.78987e-05 0.0106109 8.20848e-07 4.00053e-12 0.00774781 2.26127e-05 1.55296e-05 7.60454e-06 0.0195651 3.54119e-05 1.9295e-05 6.22432e-06 1.49189e-06 0.901162 0.00061748 
6.48849e-05 0.00341084 0.00251452 0.000163366 0.0643129 0.000338361 0.00449127 1.1875e-09 0.00228571 6.88977e-08 0.0559347 0.000224471 0.00465238 0.00974159 6.33129e-06 2.18494e-12 0.0195994 2.50803e-05 4.53185e-06 1.75048e-05 0.0121548 0.000237055 2.15621e-12 7.36776e-05 1.81483e-05 0.818666 0.00106266 
0.000517503 0.000215943 0.000231146 0.000639444 0.028184 0.000426572 0.00169902 9.58581e-10 0.000864938 1.32409e-10 0.0909628 0.0024888 0.00225153 0.00594067 8.48325e-07 1.18478e-12 0.0059433 3.15794e-10 9.09048e-05 1.75363e-09 0.012135 0.0255004 1.1692e-12 0.000326571 2.52322e-06 0.820115 0.00146264 
6.67145e-05 0.000490386 0.000463448 9.27431e-05 0.0160304 0.00627821 8.40869e-08 0.000686656 0.000222744 3.74138e-09 0.00506095 0.00984346 0.00751728 0.00475913 4.60956e-06 8.44303e-12 0.000495524 0.00253608 1.0209e-08 1.80297e-06 0.000182997 0.0115384 5.95905e-05 0.0925323 8.0826e-07 0.841088 4.71821e-05 
0.000140475 0.000305418 3.22355e-05 5.04759e-05 0.0379252 2.54147e-06 0.00633097 1.16622e-05 7.91499e-06 1.53513e-08 0.00407395 0.00264912 0.000496542 0.00110972 5.29765e-06 4.8091e-07 0.0529596 7.60994e-06 4.2086e-05 3.32012e-06 0.0974207 0.00145367 2.44594e-12 9.46643e-05 2.99606e-05 0.79126 0.00358621 
0.000776237 0.00032391 0.000346713 0.000959155 0.0333169 0.00063985 0.00251626 1.21893e-09 0.00129739 1.59646e-10 0.136444 0.00373319 0.00336515 0.00873867 1.27138e-06 1.28149e-12 0.00891493 3.80895e-10 0.00013635 2.22994e-09 0.0168568 0.0382505 1.26463e-12 0.00048985 3.784e-06 0.740695 0.00219394 
0.0010582 0.00312049 0.00162324 0.000547511 0.0755327 0.00134968 0.00292509 0.00115426 0.00264892 1.75335e-07 0.0334803 0.00494182 0.00322623 0.00504036 9.61593e-06 1.07086e-06 0.0249698 3.61117e-05 1.51285e-05 8.0897e-06 0.0100909 0.0047876 3.90749e-05 0.00307525 1.30123e-05 0.815594 0.00471089 
0.000245282 0.00129939 0.00124461 0.000885871 0.138008 0.00141842 0.0146775 0.00111986 0.00140359 1.37215e-07 0.0375603 0.0017409 0.00372963 0.00644091 1.37501e-05 6.00493e-10 0.00954021 1.98057e-05 6.69874e-05 2.19328e-05 0.0269476 0.00335883 0.0425242 0.00511734 5.77197e-05 0.701544 0.00101263 
0.000230444 0.00222742 0.00778859 0.000458594 0.289341 0.000675863 0.0257381 3.07312e-05 0.001163 0.0154306 0.0348689 0.000774076 0.00186162 0.00839942 0.000201645 2.41426e-08 0.00507487 5.40289e-05 5.00027e-05 0.000264965 0.0337533 0.00038432 3.5668e-05 0.00041516 0.000223426 0.570178 0.000376505 
0.000490877 0.0118221 0.0165268 0.0335151 0.116346 0.00595348 0.0110983 0.00911094 0.000701429 9.40232e-06 0.0699229 0.033331 0.0893239 0.00735075 8.06551e-05 2.00152e-07 0.0325034 0.00165284 0.000193457 0.00144311 0.135699 0.0341765 0.00282705 0.0711713 0.000380872 0.267108 0.0472615 
6.48849e-05 0.00341084 0.00251452 0.000163366 0.0643129 0.000338361 0.00449127 1.1875e-09 0.00228571 6.88977e-08 0.0559347 0.000224471 0.00465238 0.00974159 6.33129e-06 2.18494e-12 0.0195994 2.50803e-05 4.53185e-06 1.75048e-05 0.0121548 0.000237055 2.15621e-12 7.36776e-05 1.81483e-05 0.818666 0.00106266 
0.00114119 0.0102799 0.0072563 0.00239838 0.0633341 0.00272206 0.0504933 0.000826371 0.000530342 3.11905e-06 0.0424403 0.0201572 0.0295552 0.0127584 0.00025862 1.22628e-05 0.0490335 0.001214 0.000377054 0.000232635 0.0733596 0.016807 0.000282882 0.00668701 0.000901965 0.595603 0.0113347 
0.0553638 0.00360532 0.0327493 0.000734945 0.187955 0.00021226 0.0724224 0.000441122 0.00252743 2.91651e-06 0.0439722 0.00554222 0.00409642 0.0594448 4.37113e-06 2.24188e-08 0.0418114 9.0968e-06 0.0280725 0.000320358 0.10176 0.000575625 0.00222184 0.00661078 0.0430594 0.301655 0.0048292 
0.00107408 0.00856348 0.011207 0.00189006 0.112973 0.00502446 0.0485905 0.000921493 0.00292688 0.000104489 0.0478827 0.00735129 0.0289124 0.0108583 0.000103663 0.00651793 0.0436793 0.000506651 0.000154781 0.00881214 0.0294124 0.00601301 0.000259253 0.00389577 0.00166236 0.595943 0.0147594 
0.00624973 0.00956196 0.025116 0.00342124 0.167641 0.000537382 0.00469183 0.0038967 0.000227463 5.63723e-08 0.0214967 0.0346325 0.0118045 0.0418919 1.44757e-06 0.000144499 0.103862 0.00110929 5.79392e-05 0.00180051 0.0128715 0.0163087 0.000107554 0.00538114 0.000423953 0.517792 0.00897019 
0.000466019 0.000734043 0.000360408 0.000446972 0.0216957 0.000238327 1.11395e-05 4.48588e-05 8.59274e-06 3.28217e-09 0.00162281 0.00528614 0.000259348 0.017159 4.79126e-12 3.55442e-12 0.000270694 1.1845e-06 2.04962e-08 3.32421e-05 0.00122047 1.18423e-08 0.000159405 0.000136636 6.48913e-13 0.948401 0.00144429 
0.000392228 0.0018332 0.00246934 0.000191375 0.146712 0.00187549 0.0387764 0.00010097 0.00316602 3.97379e-07 0.0683305 0.000787058 0.00330737 0.0076313 8.26582e-06 6.63902e-10 0.00954911 1.45257e-05 0.000164725 5.47976e-05 0.025022 0.000439049 3.20911e-06 0.000241826 0.00013693 0.688112 0.000679536 
0.000613065 3.51118e-06 1.19914e-05 0.000267899 0.123651 2.55495e-05 0.000372162 6.4206e-05 0.000124609 1.64337e-09 4.74445e-06 1.01243e-07 5.16005e-06 0.00234968 2.23197e-09 2.23242e-06 0.0136313 5.36119e-07 2.05647e-06 2.27238e-12 0.0282007 0.00236746 3.33932e-09 6.43755e-05 2.01681e-05 0.828159 5.87485e-05 
1.34963e-08 0.0348045 0.00761933 0.00061825 0.375933 2.95438e-08 0.00175996 9.83293e-13 1.8886e-07 1.61553e-10 0.0444101 2.51242e-09 0.0316432 0.00583228 2.58838e-08 2e-12 0.0020114 0.000812079 0.000174503 6.59671e-08 0.0567993 3.90745e-08 1.51385e-07 0.000228702 0.000111657 0.432244 0.00499659 
0.000466019 0.000734043 0.000360408 0.000446972 0.0216957 0.000238327 1.11395e-05 4.48588e-05 8.59274e-06 3.28217e-09 0.00162281 0.00528614 0.000259348 0.017159 4.79126e-12 3.55442e-12 0.000270694 1.1845e-06 2.04962e-08 3.32421e-05 0.00122047 1.18423e-08 0.000159405 0.000136636 6.48913e-13 0.948401 0.00144429 
0.000590982 0.0029836 0.0072712 0.000565159 0.30299 0.00738496 0.0814965 6.6183e-05 0.00207269 2.55216e-06 0.092597 0.00397702 0.00728352 0.0280424 5.43161e-06 1.48493e-09 0.0086578 1.20544e-05 0.000107955 3.33749e-05 0.0825393 0.00175207 2.111e-06 0.00299927 8.96805e-05 0.365582 0.000895251 
0.000517503 0.000215943 0.000231146 0.000639444 0.028184 0.000426572 0.00169902 9.58581e-10 0.000864938 1.32409e-10 0.0909628 0.0024888 0.00225153 0.00594067 8.48325e-07 1.18478e-12 0.0059433 3.15794e-10 9.09048e-05 1.75363e-09 0.012135 0.0255004 1.1692e-12 0.000326571 2.52322e-06 0.820115 0.00146264 
0.00107919 0.000557429 0.000209426 2.92341e-05 0.260813 0.000187105 0.012414 2.57256e-05 0.000479666 3.21571e-07 0.0258646 0.00153693 0.000948549 0.0170748 2.19025e-07 3.62706e-10 0.00808071 2.06047e-06 0.000201686 2.18679e-08 0.023263 0.000166855 6.73297e-07 0.000787776 0.000176287 0.644442 0.00165905 
7.05064e-07 0.000133585 0.000153271 4.58466e-05 0.0266875 7.77029e-05 0.000724041 6.64502e-09 1.8949e-08 1.15869e-09 0.000331758 6.8722e-05 1.21491e-09 0.00144784 1.39673e-09 7.42926e-10 0.000618918 7.02452e-09 6.02559e-05 2.28991e-07 0.00166684 2.91173e-05 1.73082e-08 8.93228e-06 2.82213e-08 0.967915 2.99143e-05 
0.000381484 0.00170702 0.00429851 0.000623366 0.345145 0.00299424 0.000173862 0.00162696 3.47427e-05 1.89335e-05 0.0384815 0.0154862 0.00760286 0.0829123 8.58541e-06 1.41592e-10 0.0453051 0.0270956 0.000330448 0.00175453 0.0577445 0.00174681 0.0112795 0.00185018 2.05354e-05 0.348588 0.0027893 
0.000613065 3.51118e-06 1.19914e-05 0.000267899 0.123651 2.55495e-05 0.000372162 6.4206e-05 0.000124609 1.64337e-09 4.74445e-06 1.01243e-07 5.16005e-06 0.00234968 2.23197e-09 2.23242e-06 0.0136313 5.36119e-07 2.05647e-06 2.27238e-12 0.0282007 0.00236746 3.33932e-09 6.43755e-05 2.01681e-05 0.828159 5.87485e-05 
0.000140242 3.28639e-06 2.48811e-05 5.34974e-05 0.0221333 0.00206628 0.000284493 5.62226e-05 3.09986e-08 1.01152e-11 0.0431689 0.00148139 0.0152273 5.40015e-05 1.80358e-08 2.40982e-08 0.00433651 3.42059e-05 1.71933e-07 1.05877e-11 0.000296051 2.45697e-05 1.24813e-11 1.63339e-06 6.10334e-09 0.909068 0.00154549 
0.00558446 0.000306554 0.000909882 3.30638e-05 0.0770002 7.15457e-05 0.00526467 1.25355e-06 1.93726e-05 9.01018e-09 0.00304349 0.00103895 0.000390273 0.0121655 9.6299e-05 1.06582e-09 0.00295248 3.89237e-05 1.31111e-05 6.4863e-05 0.178715 4.99063e-05 7.3908e-05 2.43844e-05 3.00492e-05 0.711594 0.000517801 
0.000284445 0.000666789 6.65154e-06 0.00047798 0.0044099 0.0011546 0.00123618 6.80284e-05 0.00842701 9.43228e-07 0.0066498 0.0126538 0.0165134 0.000357435 9.20353e-06 5.22355e-10 0.00282463 6.15084e-05 7.81327e-06 0.000184309 0.000490335 0.0157027 1.39704e-05 0.0125064 3.07223e-06 0.911767 0.00352196 
0.000930622 0.0165074 0.0142484 0.00521687 0.136351 0.0035677 0.00510381 0.000348643 0.000201936 5.22503e-06 0.0528417 0.0273359 0.0242004 0.0226428 0.00033017 0.00017252 0.0334027 3.55502e-05 5.89305e-05 0.000137021 0.157589 0.143534 0.000628394 0.00326959 3.09054e-05 0.244188 0.107121 
0.000420171 0.000250262 0.00104194 8.15877e-05 0.0556397 0.00133318 8.64142e-05 6.55518e-05 3.82786e-05 1.17816e-06 0.0401244 0.00138166 0.00889709 0.0136712 1.25164e-06 3.69056e-10 0.00340842 0.0130439 1.18813e-05 2.03376e-06 0.0266373 0.000415741 3.9102e-05 0.000623768 9.72427e-06 0.831163 0.00161123 
0.00149022 0.0105039 0.00802914 0.000229845 0.0498462 0.044573 0.00649092 0.0138242 0.000193591 1.18359e-05 0.0278573 0.00329421 0.0149462 0.00549127 4.03632e-05 1.3264e-05 0.000595255 8.08166e-05 1.79923e-05 1.61496e-07 0.006911 0.0120111 0.000470279 0.00367754 9.2943e-05 0.779788 0.0095195 
0.00146857 0.000315239 0.000134681 0.000861811 0.13101 0.000294874 2.14861e-06 0.00268657 1.0993e-07 2.87779e-09 0.0026213 0.00346127 0.000118988 0.00250415 6.56019e-06 4.57452e-06 0.000957616 6.18043e-06 7.29473e-06 3.01221e-09 0.00346744 0.00939179 0.000355363 0.0104737 1.4142e-06 0.829512 0.000336352 
0.000680695 0.00139385 0.00191454 0.000822782 0.233154 0.00102426 0.00116447 0.000663771 0.00126051 1.24779e-06 0.0919247 0.0442521 0.0117318 0.0618345 6.51717e-06 1.8991e-06 0.014169 6.77243e-06 5.2381e-05 8.90598e-05 0.0263786 0.00350351 0.0833458 0.00228136 5.53641e-06 0.388736 0.0296005 
4.00075e-08 0.000229105 0.000101625 1.02711e-07 0.0317863 7.92537e-08 0.0350429 3.27233e-12 2.99586e-05 6.0963e-10 0.0140417 1.26035e-07 0.000154444 0.00240557 4.59237e-09 6.65586e-12 2.46322e-07 6.37058e-12 0.00019406 1.7084e-08 0.0272713 9.58156e-05 6.56833e-12 0.000185192 3.49962e-08 0.888461 2.66125e-07 
0.00121534 0.0209235 0.00378005 0.0102557 0.0919133 0.0537088 0.0363733 0.00327979 0.00088065 5.65063e-07 0.0200207 0.0680819 0.0372988 0.0119054 4.59479e-06 2.26876e-08 0.195207 0.0030722 0.00107063 1.72276e-05 0.0408005 0.0268064 6.65781e-06 0.0172474 0.00207022 0.28625 0.0678101 
0.00166914 0.000889428 0.0065045 0.00156079 0.118542 0.00140628 0.000804062 0.00078591 0.000167744 5.73863e-07 0.000366701 0.0156449 0.000324935 0.010676 3.68083e-08 1.45754e-06 0.147816 1.16956e-07 1.67313e-05 8.77269e-07 0.0996685 0.00403108 0.00238795 0.0141152 1.09319e-05 0.562522 0.0100865 
0.000504288 0.00235697 0.003127 0.00024605 0.143657 0.00230584 0.0496544 0.000129814 0.00407058 5.10737e-07 0.0871893 0.00101193 0.00425233 0.00825114 1.06262e-05 7.97272e-10 0.0122774 1.23582e-08 0.000211785 6.54782e-05 0.0299629 0.000564488 4.1254e-06 0.000310915 0.000176052 0.648785 0.000873685 
7.91287e-09 4.3306e-06 0.000449716 1.10244e-05 0.00171004 3.30196e-05 0.000557543 4.03101e-09 1.17515e-05 6.88194e-08 0.00155188 0.00435797 0.000590549 0.00134592 1.30749e-10 1.9015e-12 0.000607092 2.08995e-06 2.12655e-12 1.59179e-12 0.371393 2.27486e-09 1.83056e-05 0.000296097 9.08776e-06 0.61627 0.000780838 
0.000481709 0.00742722 0.00481098 0.000784317 0.0471947 0.00138164 0.0150895 0.00012816 0.0106043 2.20336e-05 0.133338 0.0048433 0.0494994 0.0121496 1.67206e-05 2.86947e-11 0.0403939 0.0166389 4.69514e-05 5.87912e-05 0.0170791 0.0136093 1.17542e-05 0.00131758 0.00299694 0.567962 0.0521131 
8.76113e-05 0.0195527 5.48359e-05 0.0135951 0.0144161 5.68194e-05 0.0179443 9.11649e-05 0.000197991 4.03527e-07 0.00855049 0.0531388 0.0123919 0.00077735 5.37005e-06 1.14642e-11 0.190983 0.00243987 0.000311948 1.14549e-07 0.00155653 0.0266505 1.79332e-08 0.00238598 0.00357296 0.494751 0.136487 
0.0135051 0.0401682 0.023321 0.0352422 0.0711657 0.0356374 0.00214479 0.00328817 0.00370368 0.000665735 0.110031 0.147342 0.0601036 0.0665274 2.07758e-07 2.07897e-07 0.0135996 2.07914e-07 0.00297246 0.00509528 0.00660049 2.0822e-07 0.00382561 0.0120762 2.08222e-07 0.277535 0.0654494 
0.00587923 0.00223468 0.00717143 0.00172505 0.331551 0.00120081 0.012569 0.00253888 0.000502273 4.37551e-07 0.0425004 0.00785977 0.00312309 0.0069867 3.56955e-05 8.48216e-08 0.0304932 5.53124e-05 3.08124e-05 5.52411e-05 0.144852 0.00140084 0.000850618 0.00240742 0.000109751 0.391635 0.00223154 
0.00105328 0.000401154 0.00271992 0.00122201 0.0377022 0.000430708 0.00243092 2.95561e-05 6.29264e-05 1.34356e-06 0.0123425 0.0109957 0.00296818 0.00835061 0.000428189 2.37382e-08 0.00489274 7.08583e-06 1.03292e-05 3.50763e-06 0.229438 0.0127108 0.000169396 0.000941541 4.39122e-05 0.606317 0.0643268 
0.000392228 0.0018332 0.00246934 0.000191375 0.146712 0.00187549 0.0387764 0.00010097 0.00316602 3.97379e-07 0.0683305 0.000787058 0.00330737 0.0076313 8.26582e-06 6.63902e-10 0.00954911 1.45257e-05 0.000164725 5.47976e-05 0.025022 0.000439049 3.20911e-06 0.000241826 0.00013693 0.688112 0.000679536 
0.000825738 0.000904005 0.00021035 0.0020031 0.0391593 0.000687855 0.00115595 0.000626278 6.09293e-05 1.08885e-06 0.00474398 0.0131375 0.0512521 0.000975233 1.04064e-05 3.70246e-07 0.00832377 5.01816e-05 9.22574e-06 0.00104246 0.0060514 0.0111802 3.25005e-05 0.0156868 4.93882e-05 0.84035 0.00146994 
0.000262638 0.000489707 0.000942922 0.00685362 0.385246 0.00013226 0.000216773 0.000892071 0.000967965 4.02053e-10 0.0329477 0.000544849 0.000355615 0.0197443 3.42933e-06 8.52571e-10 0.0417038 0.000131231 7.56243e-05 5.26354e-05 0.0564113 0.000381723 1.72546e-08 2.87247e-05 3.27469e-05 0.447729 0.0038538 
7.52781e-05 0.00206978 0.00105272 0.000866893 0.0889316 0.000550431 0.00171543 0.000122983 0.000891338 1.92794e-08 0.0279324 0.00104431 0.00463471 0.00810126 1.26281e-05 3.92772e-12 0.0139789 2.85329e-05 3.37477e-06 7.26942e-06 0.0187167 0.00317708 0.055702 0.00484971 9.09141e-06 0.76433 0.00119593 
0.00042446 0.000524893 6.13108e-05 0.00014119 0.050339 1.03064e-05 0.00151594 4.60888e-05 7.77173e-06 5.82413e-08 0.00997654 0.0073719 0.00123535 0.000864818 1.50352e-05 2.6339e-06 0.143085 2.3262e-05 1.15504e-05 1.01412e-05 0.156166 0.00449492 1.64975e-12 0.000171436 8.73282e-06 0.613544 0.00994746 
0.00116837 1.52263e-07 0.0013468 0.00152769 0.0621641 7.18496e-05 3.18906e-05 1.33457e-07 7.91808e-05 6.5673e-09 0.00284619 0.0039382 0.000220792 0.0167887 6.65545e-10 3.42403e-11 0.0020914 1.44617e-07 2.20432e-08 6.37697e-08 0.364387 0.00104139 4.07256e-07 0.000263083 9.30893e-07 0.542031 9.11592e-08 
0.00148922 0.00365898 0.00343028 0.00156682 0.0719002 0.00135839 0.0126236 0.00132833 0.00062553 0.000177836 0.0404317 0.0211994 0.0117005 0.0105031 0.000300756 9.76701e-07 0.0338495 9.66667e-05 0.00170731 0.00251204 0.0527177 0.00953765 0.00464217 0.00596013 0.00545666 0.67971 0.0215141 
0.000148023 0.0117179 0.00286839 0.0036254 0.136819 0.0248647 0.00701516 0.111425 0.000251779 5.53057e-09 0.0325235 0.0529335 0.0402263 0.0110513 8.32619e-05 2.35795e-05 0.0851538 8.82151e-05 9.25128e-06 3.8284e-12 0.0030371 0.137341 0.00225751 0.120577 2.10131e-05 0.2137 0.00223853 
0.000514966 0.000734915 5.48977e-05 0.00018502 0.0582109 9.30286e-06 0.00173907 4.27192e-05 8.58966e-06 5.44798e-08 0.0118596 0.00971323 0.00172371 0.0011283 1.93885e-05 1.74756e-06 0.194184 2.49777e-05 3.20675e-06 1.21517e-05 0.207209 0.0050987 1.75005e-12 0.000208339 1.20206e-05 0.494515 0.0127852 
7.91287e-09 4.3306e-06 0.000449716 1.10244e-05 0.00171004 3.30196e-05 0.000557543 4.03101e-09 1.17515e-05 6.88194e-08 0.00155188 0.00435797 0.000590549 0.00134592 1.30749e-10 1.9015e-12 0.000607092 2.08995e-06 2.12655e-12 1.59179e-12 0.371393 2.27486e-09 1.83056e-05 0.000296097 9.08776e-06 0.61627 0.000780838 
0.000726022 0.00568396 0.00205095 0.000565019 0.0693789 0.00223705 0.0111389 0.00133223 0.000500126 2.30664e-06 0.0247277 0.00846552 0.00955498 0.00711429 0.000169176 6.40169e-06 0.0121203 0.000786285 0.000161707 4.71802e-05 0.107682 0.00230832 0.0240061 0.00377915 0.000206231 0.698085 0.00716358 
0.000193494 0.00184081 0.000809547 0.000173087 0.0553728 0.000131615 0.00363134 8.76282e-06 0.000586412 1.03921e-07 0.0285157 0.00225546 0.00305407 0.00420867 1.07261e-05 2.52472e-07 0.0630954 2.53576e-05 8.3588e-06 1.72996e-05 0.0605693 0.00158823 1.86693e-12 0.000139643 1.49488e-05 0.769354 0.00439501 
2.04401e-05 3.45323e-05 1.11252e-05 0.000137767 0.0356891 0.000157119 2.46122e-06 7.80857e-09 4.97293e-08 7.14517e-12 0.000178869 4.36423e-05 1.39187e-05 0.00198693 1.6232e-09 8.6268e-10 3.79754e-06 8.55117e-12 7.03498e-09 9.1555e-09 0.00215845 2.6509e-05 2.03397e-08 2.57651e-09 2.2675e-07 0.959493 4.18756e-05 
0.000517503 0.000215943 0.000231146 0.000639444 0.028184 0.000426572 0.00169902 9.58581e-10 0.000864938 1.32409e-10 0.0909628 0.0024888 0.00225153 0.00594067 8.48325e-07 1.18478e-12 0.0059433 3.15794e-10 9.09048e-05 1.75363e-09 0.012135 0.0255004 1.1692e-12 0.000326571 2.52322e-06 0.820115 0.00146264 
0.000504288 0.00235697 0.003127 0.00024605 0.143657 0.00230584 0.0496544 0.000129814 0.00407058 5.10737e-07 0.0871893 0.00101193 0.00425233 0.00825114 1.06262e-05 7.97272e-10 0.0122774 1.23582e-08 0.000211785 6.54782e-05 0.0299629 0.000564488 4.1254e-06 0.000310915 0.000176052 0.648785 0.000873685 
0.000514182 6.34085e-05 2.22325e-05 0.00056619 0.0495205 0.000297672 0.00100215 4.38172e-05 8.78941e-05 4.47689e-07 0.0004259 0.00470816 0.00372448 0.00152329 5.51043e-06 8.40431e-07 0.0148586 2.75206e-05 1.3104e-05 4.71952e-05 0.0102167 0.0182232 1.86577e-06 0.00114165 5.98661e-06 0.891171 0.00178662 
0.00036784 0.000524943 3.92148e-05 0.000132162 0.0506904 6.64595e-06 0.00126337 3.05166e-05 6.1368e-06 3.90342e-08 0.00847117 0.00693804 0.00123743 0.00085758 1.38516e-05 1.24933e-06 0.138703 1.78435e-05 2.29235e-06 8.68135e-06 0.152878 0.00364195 1.62767e-12 0.000148818 8.58674e-06 0.624877 0.00913231 
2.47607e-12 1.07204e-08 8.86818e-13 1.59125e-12 0.00316351 3.09288e-09 6.92337e-05 2.4739e-08 0.15182 3.60733e-09 2.46996e-09 3.11873e-08 0.000318696 0.000125029 6.43035e-12 4.77039e-12 2.12631e-08 4.56593e-12 5.335e-12 2.23207e-08 0.000281376 9.03973e-13 4.70766e-12 1.06953e-12 2.92027e-08 0.844222 6.21947e-08 
0.000337101 0.000527514 0.00025974 0.000324065 0.0155049 0.000174772 8.34601e-06 3.33989e-05 7.01212e-06 1.8645e-07 0.00205384 0.00378269 0.000187421 0.0122689 5.23416e-10 3.88299e-10 0.000194469 1.73281e-06 1.1636e-06 2.55992e-05 0.00903771 6.71702e-07 0.000117603 9.90835e-05 7.08899e-11 0.954016 0.00103593 
0.000541054 0.0022704 0.000412432 0.00376972 0.00475327 0.000832511 0.00129546 0.000803322 9.52276e-06 2.5101e-06 0.0233885 0.0192201 0.20622 0.000349074 4.97474e-05 1.22801e-12 0.00552492 0.000241515 1.49905e-05 0.00043484 0.000436125 0.00729937 9.51679e-05 0.0371572 4.83422e-05 0.681752 0.0030777 
0.000504288 0.00235697 0.003127 0.00024605 0.143657 0.00230584 0.0496544 0.000129814 0.00407058 5.10737e-07 0.0871893 0.00101193 0.00425233 0.00825114 1.06262e-05 7.97272e-10 0.0122774 1.23582e-08 0.000211785 6.54782e-05 0.0299629 0.000564488 4.1254e-06 0.000310915 0.000176052 0.648785 0.000873685 
7.96313e-05 0.0010416 0.000624736 0.000569601 0.0222018 0.000828462 0.000983123 0.000120852 0.000211227 5.14184e-07 0.0275073 0.00259465 0.0321416 0.00202079 9.71335e-06 2.93101e-12 0.0039105 5.96181e-05 7.1551e-06 0.0003582 0.00210245 0.00259721 0.000108212 0.0112265 1.46701e-05 0.887221 0.00145884 
0.000392228 0.0018332 0.00246934 0.000191375 0.146712 0.00187549 0.0387764 0.00010097 0.00316602 3.97379e-07 0.0683305 0.000787058 0.00330737 0.0076313 8.26582e-06 6.63902e-10 0.00954911 1.45257e-05 0.000164725 5.47976e-05 0.025022 0.000439049 3.20911e-06 0.000241826 0.00013693 0.688112 0.000679536 
0.00236072 0.00100689 0.00539593 0.000220501 0.108457 0.00047032 0.000864473 8.57491e-05 0.00588039 8.66576e-07 0.0420069 0.00517881 0.00121101 0.0109061 4.55564e-06 2.92407e-11 0.00853202 1.27767e-05 0.000123083 0.00103024 0.0183385 0.00443425 4.71946e-05 0.000370954 2.50784e-05 0.781916 0.00112004 
7.91287e-09 4.3306e-06 0.000449716 1.10244e-05 0.00171004 3.30196e-05 0.000557543 4.03101e-09 1.17515e-05 6.88194e-08 0.00155188 0.00435797 0.000590549 0.00134592 1.30749e-10 1.9015e-12 0.000607092 2.08995e-06 2.12655e-12 1.59179e-12 0.371393 2.27486e-09 1.83056e-05 0.000296097 9.08776e-06 0.61627 0.000780838 
0.00181921 0.00268654 0.00315076 0.00292243 0.096454 4.30252e-05 0.0389236 0.000114619 3.01209e-05 3.99011e-09 0.0360453 0.000374163 0.00127226 0.0296514 5.76853e-08 7.09522e-11 0.00155916 6.79111e-11 0.000238527 8.79529e-07 0.155556 0.000155868 7.00191e-11 0.00755453 7.22786e-05 0.620243 0.0011331 
0.00306 1.19512e-07 0.00102345 0.00125706 0.162943 0.000115294 0.000209393 8.69659e-08 3.41301e-08 6.91382e-08 0.00387521 0.0186255 0.00011635 0.0256257 1.01809e-09 2.96961e-11 0.000228607 1.84694e-07 1.98205e-08 2.48593e-11 0.22247 5.82889e-09 2.32097e-05 5.01924e-08 5.38937e-08 0.560426 1.05113e-07 
6.72684e-08 0.000389279 8.93528e-05 5.5846e-08 0.237955 3.10027e-07 0.0348729 4.21507e-08 0.00316413 3.13326e-09 0.259296 0.00349576 0.000756369 0.017133 2.78257e-11 2.06426e-11 0.00160971 1.07259e-07 0.000234542 2.36136e-08 0.0495165 0.000184021 2.03712e-11 0.000180189 1.62637e-07 0.390512 0.000610409 
0.000159469 0.0067687 0.0124445 0.0151335 0.102797 0.0728716 0.000283741 0.000900649 7.9371e-05 2.81293e-07 0.107772 0.186041 0.0240356 0.0301772 1.5612e-08 1.14626e-09 0.0377468 1.41485e-06 0.000220586 9.64495e-07 0.158691 0.0185699 0.00132148 0.0260295 8.99275e-07 0.186211 0.0117419 
7.05064e-07 0.000133585 0.000153271 4.58466e-05 0.0266875 7.77029e-05 0.000724041 6.64502e-09 1.8949e-08 1.15869e-09 0.000331758 6.8722e-05 1.21491e-09 0.00144784 1.39673e-09 7.42926e-10 0.000618918 7.02452e-09 6.02559e-05 2.28991e-07 0.00166684 2.91173e-05 1.73082e-08 8.93228e-06 2.82213e-08 0.967915 2.99143e-05 
0.0210412 0.00899935 0.0208222 0.0031797 0.155661 0.018256 0.00653027 0.00446256 0.000419682 1.6522e-05 0.0790395 0.0449182 0.0391992 0.0688582 0.00250486 4.74344e-07 0.0671431 4.46142e-05 0.000118563 0.0052923 0.0832085 0.0126523 6.01111e-05 0.0115313 0.000117974 0.324146 0.0217761 
0.000280859 9.59106e-05 1.07911e-05 0.00033037 0.00456278 0.00081952 0.00100887 6.68753e-06 1.96954e-05 1.13766e-06 0.00134874 0.00833759 0.014392 0.000477252 2.11173e-05 9.24974e-10 0.00559316 8.34443e-05 1.00572e-05 0.000207466 0.000868574 0.0390931 2.35958e-06 0.00264712 5.72288e-10 0.917777 0.00200424 
0.00143754 0.00794273 0.00246583 0.00324516 0.268933 0.0260702 0.0804668 0.0004282 0.0119139 5.02859e-05 0.0626456 0.0346314 0.0692576 0.0319255 5.6427e-06 3.11091e-06 0.0124234 0.0203731 0.00347127 6.91696e-06 0.0302752 0.0479865 0.000144531 0.00379506 1.53759e-05 0.27202 0.00806596 
0.00137517 0.0047315 0.00817892 0.00381655 0.183238 0.000854762 0.0165162 0.00110676 0.00116183 6.97392e-06 0.0468533 0.0197833 0.0142792 0.0117738 0.0042768 3.32097e-07 0.0544886 0.00595533 0.000525724 0.00229228 0.0652983 0.00449658 0.00276999 0.00244763 0.00143826 0.519453 0.022881 
0.000164735 0.00144396 0.000575555 0.000330771 0.0201344 0.000835722 0.00356083 0.00028042 0.0012017 1.93674e-07 0.0102431 0.00506491 0.00110129 0.00171165 3.92469e-06 7.99213e-07 0.0297093 1.44382e-05 2.3611e-05 3.88631e-06 0.00772081 0.00245567 4.41454e-09 0.000429841 5.86449e-06 0.908779 0.00420376 
0.000212455 0.000738445 0.000871131 0.00020967 0.0169846 0.000650232 0.00777637 5.70066e-05 0.000883127 1.02486e-07 0.0323552 0.00741496 0.00366856 0.00328527 0.0001856 3.65922e-12 0.0081719 1.10277e-05 2.45136e-05 3.04087e-06 0.226693 0.00431374 5.61627e-05 0.000589899 5.36032e-05 0.675832 0.00895815 
0.000450712 0.000772726 0.00242063 0.000310666 0.0513132 0.000531633 0.00285476 1.08471e-05 0.000985008 6.54945e-07 0.0396907 0.00178422 0.00247919 0.00465886 6.56412e-07 1.08193e-10 0.00492695 0.00458722 8.90792e-05 3.60209e-06 0.0109044 0.00813957 2.63308e-05 0.000423882 7.58555e-06 0.861631 0.000995387 
0.0074779 0.00131468 0.100174 0.0385744 0.130466 0.00453435 0.0544243 3.62946e-06 0.00378786 5.94896e-07 0.130437 0.00309862 0.0121584 0.0143057 9.1468e-06 1.40348e-08 0.0379855 3.67759e-05 0.000217791 0.00526196 0.0162149 0.000690761 4.10275e-06 0.00107851 0.000497032 0.388465 0.0487822 
6.48849e-05 0.00341084 0.00251452 0.000163366 0.0643129 0.000338361 0.00449127 1.1875e-09 0.00228571 6.88977e-08 0.0559347 0.000224471 0.00465238 0.00974159 6.33129e-06 2.18494e-12 0.0195994 2.50803e-05 4.53185e-06 1.75048e-05 0.0121548 0.000237055 2.15621e-12 7.36776e-05 1.81483e-05 0.818666 0.00106266 
0.00616824 0.00533637 0.00753992 0.00283546 0.284083 0.00191732 0.0267881 0.00207075 0.000677424 1.13393e-05 0.0566426 0.0190111 0.0104887 0.0363437 0.000137369 0.00126947 0.0391463 0.000253987 0.000566157 0.000532534 0.174857 0.00885261 0.000949808 0.0041208 8.3623e-05 0.303489 0.00582811 
0.000797718 0.00084593 1.06263e-07 2.41676e-08 0.367941 0.00142492 0.000279537 5.03821e-13 6.4518e-09 1.31213e-09 0.00888438 0.000433838 0.000608645 0.0172424 2.69377e-08 1.02476e-12 8.64966e-07 0.000650975 1.98141e-05 2.17045e-08 0.125914 0.000230392 1.01128e-12 1.27516e-08 4.78958e-09 0.474228 0.000497357 
0.00482657 0.0146699 0.0037542 0.045548 0.131428 0.000420665 0.00490872 0.0404324 0.000878988 1.56874e-09 0.0137928 0.0189391 0.0128077 0.0206653 1.69952e-06 4.34112e-06 0.036148 0.000282329 0.00179923 5.31878e-05 0.0213918 0.0195886 0.00046307 0.00667638 7.52849e-07 0.577098 0.0234198 
0.000517503 0.000215943 0.000231146 0.000639444 0.028184 0.000426572 0.00169902 9.58581e-10 0.000864938 1.32409e-10 0.0909628 0.0024888 0.00225153 0.00594067 8.48325e-07 1.18478e-12 0.0059433 3.15794e-10 9.09048e-05 1.75363e-09 0.012135 0.0255004 1.1692e-12 0.000326571 2.52322e-06 0.820115 0.00146264 
0.00235504 0.0161388 0.214788 0.000935991 0.0776677 0.00120039 0.0804355 0.00141899 6.93544e-05 3.12492e-05 0.0107885 0.0397452 0.00412047 0.00887747 1.69298e-05 1.10123e-06 0.149768 7.12933e-05 0.000111406 0.00327524 0.00408215 0.00229082 2.43506e-05 5.43912e-05 0.000211354 0.245463 0.136057 
0.00135892 0.00208333 0.00601243 0.00231847 0.124274 0.004866 0.0143505 0.00351882 0.00132334 7.99912e-06 0.0549939 0.0489318 0.0111375 0.0106231 8.83866e-05 1.81488e-08 0.0093718 0.000186668 0.00041255 0.00245977 0.0879432 0.00659386 0.00354677 0.00296274 8.01425e-05 0.596781 0.00377324 
0.0581813 0.00189781 0.0065208 0.0061432 0.243896 0.000228864 0.00552791 0.00211901 7.93898e-06 1.09131e-05 0.0421577 0.00855018 0.00433521 0.00460883 1.30349e-05 1.38635e-06 0.0908852 5.40923e-05 5.91104e-05 4.12578e-05 0.0579005 0.135644 0.000125913 0.00128263 5.49326e-05 0.274876 0.0548761 
0.000517503 0.000215943 0.000231146 0.000639444 0.028184 0.000426572 0.00169902 9.58581e-10 0.000864938 1.32409e-10 0.0909628 0.0024888 0.00225153 0.00594067 8.48325e-07 1.18478e-12 0.0059433 3.15794e-10 9.09048e-05 1.75363e-09 0.012135 0.0255004 1.1692e-12 0.000326571 2.52322e-06 0.820115 0.00146264 
0.000275024 0.000816782 0.00428104 0.000328058 0.050318 0.000514898 0.00777356 0.000126124 0.00651646 0.000639503 0.0247463 0.006413 0.00704252 0.0042829 3.95005e-06 1.20736e-07 0.0152164 2.90159e-05 7.25948e-05 0.00206195 0.0377082 0.00482695 0.00205359 0.00117044 8.98735e-05 0.818038 0.0046547 
0.0114682 0.00528796 0.00176812 0.00198037 0.0163739 0.0153999 0.0279424 0.00546454 0.00284634 0.00032718 0.0395272 0.123713 0.0820449 0.0049112 1.63336e-07 1.63445e-07 0.03476 0.00415202 1.63408e-07 1.63496e-07 0.00366687 0.0417596 1.63449e-07 0.0363226 1.63701e-07 0.529576 0.010707 
0.0036813 0.000573036 0.000313732 8.1046e-05 0.0529027 2.30682e-05 1.85968e-05 0.000574083 1.10412e-05 2.53062e-10 0.00161569 0.000375587 1.78987e-05 0.0106109 8.20848e-07 4.00053e-12 0.00774781 2.26127e-05 1.55296e-05 7.60454e-06 0.0195651 3.54119e-05 1.9295e-05 6.22432e-06 1.49189e-06 0.901162 0.00061748 
0.0038276 0.00725538 0.00690063 0.0100183 0.13769 0.00059687 0.0055313 0.00254477 0.00381376 2.37491e-07 0.0602189 0.0209744 0.0352729 0.00914051 3.32118e-05 3.84837e-08 0.0535567 0.00167562 0.00136221 0.000665049 0.0535944 0.0340064 7.03809e-05 0.00511722 7.54045e-06 0.532029 0.0140968 
0.000192126 0.00271242 0.00427805 0.000146606 0.0724931 0.000555556 0.0105744 2.53286e-05 0.000732884 2.97315e-06 0.0414147 0.00321378 0.0055082 0.00364194 9.55735e-06 1.05979e-07 0.0167345 1.0511e-05 7.43364e-05 0.0231737 0.0225852 0.00313763 1.03656e-05 0.000388996 8.19991e-05 0.785929 0.00237213 
0.000942406 2.72799e-05 0.000102496 4.96504e-06 0.20048 2.75653e-07 9.51012e-05 1.24083e-06 5.70474e-07 1.1692e-05 0.000338411 0.000291153 0.00191536 0.000990004 6.96499e-06 7.21144e-10 0.0296844 6.90235e-10 6.86892e-05 0.00088664 0.0207145 0.00485227 0.000226765 4.9687e-05 7.99748e-07 0.733341 0.00496721 
0.0269454 0.000189938 0.000887424 8.37105e-06 0.0228084 1.18263e-06 0.0151719 4.06817e-09 2.54057e-06 1.65365e-07 0.032435 0.0215139 5.45832e-06 0.00733773 3.27206e-06 8.27458e-09 0.0309586 0.173638 7.84352e-06 0.000245596 0.0378199 7.97046e-06 8.16576e-09 0.00214694 5.81314e-07 0.620955 0.00690906 
0.000392228 0.0018332 0.00246934 0.000191375 0.146712 0.00187549 0.0387764 0.00010097 0.00316602 3.97379e-07 0.0683305 0.000787058 0.00330737 0.0076313 8.26582e-06 6.63902e-10 0.00954911 1.45257e-05 0.000164725 5.47976e-05 0.025022 0.000439049 3.20911e-06 0.000241826 0.00013693 0.688112 0.000679536 
7.91287e-09 4.3306e-06 0.000449716 1.10244e-05 0.00171004 3.30196e-05 0.000557543 4.03101e-09 1.17515e-05 6.88194e-08 0.00155188 0.00435797 0.000590549 0.00134592 1.30749e-10 1.9015e-12 0.000607092 2.08995e-06 2.12655e-12 1.59179e-12 0.371393 2.27486e-09 1.83056e-05 0.000296097 9.08776e-06 0.61627 0.000780838 
0.00221801 0.00118317 0.00866311 0.00207594 0.158036 0.00187089 0.00106891 0.00104254 0.000221489 6.22507e-07 0.000487491 0.0208521 0.00043183 0.0142246 8.85995e-09 1.65067e-06 0.109947 2.93046e-08 2.12774e-05 2.58713e-07 0.132855 0.00536825 0.00316999 0.018787 1.42574e-05 0.504019 0.0134402 
