0.468577 1.82486e-06 0.0229373 1.37422e-09 8.68652e-07 1.38939e-09 1.00124e-05 2.02548e-09 2.40888e-06 3.29485e-09 0.0228074 0.0325629 8.17203e-06 0.00621441 5.55334e-09 4.11978e-09 0.138401 3.9432e-09 4.60738e-09 0.304064 7.15296e-07 0.00440745 4.0656e-09 3.26918e-06 6.7023e-07 3.37433e-07 5.90312e-10 
0.00149242 0.390092 0.297431 4.41321e-07 0.0237907 0.0489701 3.17946e-06 0.00453268 0.00195106 1.57627e-09 0.0174321 0.0210789 0.0256238 0.149187 5.35509e-05 3.47953e-05 0.00362266 1.88644e-09 2.20419e-09 0.000908628 0.00139417 0.0103871 0.00104834 0.000231543 0.000711667 2.3019e-05 2.82408e-10 
6.63575e-05 0.193399 5.34075e-07 0.0244486 0.00216729 0.152232 0.0022384 0.0811752 3.42674e-08 4.79916e-06 0.00945888 0.138983 0.281957 0.0497085 1.72434e-05 5.82435e-08 4.92606e-06 2.74977e-06 0.0228473 4.87569e-08 1.22927e-08 0.021227 5.74775e-08 0.0200556 1.2439e-06 3.52902e-06 8.34555e-09 
5.00849e-05 0.0141352 0.395568 7.28968e-08 0.263158 4.66017e-05 0.000439408 0.000230055 9.14174e-05 1.43782e-05 0.0397952 2.02362e-06 0.0127439 0.077663 2.94582e-07 2.18537e-07 6.46204e-05 1.10381e-06 0.00381899 1.82942e-07 0.169937 0.01355 0.00554884 2.69483e-05 0.00310561 8.37152e-06 3.13136e-08 
1.86518e-05 0.00194127 0.00630116 3.47191e-09 0.464171 0.0377346 2.19592e-09 9.07477e-06 6.12377e-09 0.000549795 2.46124e-06 0.0256459 0.000119088 0.246958 3.07983e-06 1.04084e-08 0.0156754 1.21935e-06 2.83783e-06 1.28987e-05 0.200829 6.0322e-06 1.02715e-08 1.10495e-05 1.90021e-09 6.62877e-06 1.4914e-09 
0.00350276 1.98118e-06 0.129531 0.0163022 0.265668 0.0589835 0.0167308 3.52564e-06 7.51699e-05 2.82364e-06 0.0582078 0.14656 0.000350443 0.0717938 2.18746e-08 1.62278e-08 0.00840406 1.55322e-08 2.2477e-05 1.99212e-05 0.172371 0.0221648 1.60144e-08 0.0293006 8.00271e-07 2.42081e-06 2.32524e-09 
8.97993e-07 3.72402e-06 3.7789e-07 5.62672e-07 8.27789e-07 1.31248e-05 9.12276e-11 0.0503237 9.92439e-07 3.45825e-10 0.224131 7.91159e-06 0.366146 7.86383e-11 5.82875e-10 4.32409e-10 0.0522907 4.13875e-10 2.51515e-06 3.61979e-10 4.29859e-06 1.25287e-05 0.00657153 0.300488 7.89428e-11 2.85375e-07 6.19588e-11 
0.00481684 0.0371003 0.00108803 3.84536e-05 0.0112913 2.12834e-08 4.32415e-07 0.929671 3.71298e-08 1.78363e-06 0.00385918 0.000556344 0.00513869 0.00111694 8.50687e-08 6.31087e-08 0.00500568 6.04038e-08 7.0578e-08 5.28297e-08 0.000121006 1.29818e-05 5.02479e-05 9.10328e-05 1.15214e-08 3.94544e-05 9.04268e-09 
4.29123e-05 0.132351 0.772468 1.63849e-06 0.0197385 1.56646e-05 0.00516945 1.09321e-06 6.82348e-05 0.00106897 0.0198764 4.37881e-06 0.0183567 0.00051363 9.81759e-08 5.62197e-09 0.00621025 5.84348e-07 2.48674e-06 1.38316e-06 4.63268e-06 1.06534e-09 5.54803e-09 0.0232986 0.000772422 3.28762e-05 8.05557e-10 
0.0023126 0.00312631 2.49111e-05 0.000753017 0.618874 2.50705e-09 1.56835e-09 8.80255e-06 0.0121322 7.2109e-06 0.0429779 0.070726 0.000117275 0.0413995 2.58595e-06 7.43381e-09 2.18362e-06 1.22649e-06 1.99281e-06 0.0800601 0.0819762 0.0341547 5.5129e-06 0.0103623 0.000945501 2.81446e-05 1.06517e-09 
0.468577 1.82486e-06 0.0229373 1.37422e-09 8.68652e-07 1.38939e-09 1.00124e-05 2.02548e-09 2.40888e-06 3.29485e-09 0.0228074 0.0325629 8.17203e-06 0.00621441 5.55334e-09 4.11978e-09 0.138401 3.9432e-09 4.60738e-09 0.304064 7.15296e-07 0.00440745 4.0656e-09 3.26918e-06 6.7023e-07 3.37433e-07 5.90312e-10 
6.87675e-07 3.70369e-07 0.000895839 1.30191e-10 0.407109 1.31629e-10 0.00225538 2.14585e-07 0.00319014 8.53076e-08 0.0027758 0.0033606 9.33295e-10 4.04189e-07 5.21458e-07 3.90301e-10 2.44148e-05 3.73572e-10 4.36495e-10 3.26729e-10 0.464672 3.31449e-07 1.15899e-06 4.50637e-07 6.88609e-08 0.115712 5.59252e-11 
6.45518e-11 0.000730825 0.0138399 4.14842e-11 0.005911 1.42189e-06 2.6238e-11 6.11439e-11 7.31701e-11 9.94631e-11 0.338379 0.024807 0.200551 0.00211503 1.67641e-10 1.24366e-10 0.00640243 1.19035e-10 1.67041e-07 1.04109e-10 6.16861e-07 0.0301118 1.2273e-10 0.377149 1.15817e-07 2.1649e-07 1.782e-11 
0.0101912 0.0472343 5.60491e-10 0.0125699 6.48369e-07 0.00146918 0.000354738 0.779844 2.26948e-05 2.4113e-09 0.00105107 0.00687025 0.000204502 8.28331e-05 8.65431e-08 3.01501e-09 0.000451301 8.9543e-07 7.41457e-05 6.26219e-07 3.98645e-08 0.124522 2.57799e-07 0.015045 4.5461e-08 1.02952e-05 4.32013e-10 
2.63895e-06 0.0276588 0.941572 1.83517e-05 2.71743e-05 9.49805e-05 0.00798962 2.49963e-06 8.88639e-05 4.06616e-06 0.0100374 0.000975389 8.26157e-05 4.30686e-05 6.85335e-06 5.0842e-06 3.37931e-05 0.000131087 6.58236e-05 0.000303585 2.40418e-05 9.63437e-07 5.01733e-06 0.0107728 2.28999e-05 3.00015e-05 7.28501e-07 
2.38883e-06 8.02234e-07 0.418653 0.0136308 0.301134 2.13338e-09 0.00307698 3.11006e-09 0.000370099 1.18884e-06 0.00245134 1.03699e-06 0.00224066 2.77711e-06 8.527e-09 6.3258e-09 0.0366645 3.60234e-07 0.206049 0.005947 0.00300608 5.6217e-07 6.24261e-09 0.00574513 0.00102053 1.32166e-06 9.06408e-10 
0.00382603 0.12066 2.49388e-07 0.000129597 0.0404285 0.000412169 1.69137e-06 0.580578 7.89276e-07 6.89701e-06 0.0514098 0.0100413 0.000690889 0.00601505 1.80832e-06 1.34151e-06 0.0666858 6.03602e-05 0.000174067 1.12301e-06 0.00080358 0.00305835 1.32387e-06 0.0446449 2.44914e-07 0.0703653 1.92222e-07 
6.20278e-06 0.00133335 6.12403e-06 0.00302858 0.00499176 0.0038474 8.57627e-06 0.0022717 4.44481e-09 6.04202e-09 0.00770968 0.015746 5.92148e-06 0.000373487 1.01836e-08 7.55475e-09 0.700489 1.04865e-06 1.05145e-06 6.32425e-09 1.39039e-05 0.206706 7.45539e-09 0.0534598 1.37923e-09 3.48572e-07 1.0825e-09 
0.0180253 0.00353542 4.12835e-05 2.02068e-08 0.0448403 0.00247077 4.56297e-05 2.9783e-08 3.56409e-08 0.00525456 0.750598 0.0288671 0.0282571 0.0091157 5.43397e-06 6.0578e-08 3.6172e-05 5.79816e-08 0.0549724 5.07112e-08 0.00101489 0.0309826 0.0141181 0.00770486 1.68591e-05 9.78433e-05 8.68007e-09 
0.000668406 0.00821037 4.55501e-06 1.38502e-11 0.622774 1.40031e-11 0.0141626 0.0036853 0.00030372 2.90938e-08 0.00188859 2.145e-05 0.000130028 0.292406 5.59699e-11 4.15216e-11 0.00154084 2.95041e-05 0.00736616 3.47587e-11 0.0341683 0.00108132 0.0112275 8.64964e-09 0.000101922 0.000228779 5.94952e-12 
0.000248482 0.000196103 0.163596 1.47913e-05 0.48972 2.04876e-06 0.00122318 0.00890921 0.000271714 8.45939e-06 0.019182 0.000265462 0.000918563 0.0631841 0.000116205 1.88004e-07 0.00759633 7.9216e-06 0.00240485 3.84088e-05 0.00927532 3.5626e-08 0.228248 0.00453169 2.12148e-05 2.04196e-05 2.69386e-08 
4.6744e-08 0.00126698 0.625361 0.000407221 0.0138536 7.84536e-08 1.30682e-07 2.89896e-07 3.32139e-07 5.22239e-05 0.00593473 0.00106086 0.00529278 0.000625259 1.54475e-07 2.1446e-07 0.000606788 0.000153814 1.19014e-07 0.343429 0.000490612 6.21762e-05 7.18423e-05 2.43951e-07 0.00132806 1.68672e-06 2.04897e-08 
0.000821065 0.971946 0.00128663 0.000384906 0.000324667 0.0157336 2.67875e-06 6.24243e-06 7.47022e-06 1.01546e-05 0.000949954 0.00139424 0.00426937 4.67822e-05 1.71152e-05 1.2697e-05 0.00244001 1.21528e-05 1.41997e-05 4.47479e-05 2.67979e-06 2.40603e-06 1.253e-05 2.84669e-06 0.000117652 0.000135709 1.81932e-06 
6.15332e-07 0.141512 0.170944 0.00084124 0.0249466 0.00297592 0.00728326 0.00106353 0.245946 2.69408e-07 0.186612 0.0280588 0.0500327 0.0029808 4.89292e-08 9.3839e-10 0.0056201 3.05498e-07 0.0010633 7.26e-07 0.000680867 7.5568e-06 6.8521e-06 0.120464 0.000348716 0.00861027 1.34459e-10 
0.468577 1.82486e-06 0.0229373 1.37422e-09 8.68652e-07 1.38939e-09 1.00124e-05 2.02548e-09 2.40888e-06 3.29485e-09 0.0228074 0.0325629 8.17203e-06 0.00621441 5.55334e-09 4.11978e-09 0.138401 3.9432e-09 4.60738e-09 0.304064 7.15296e-07 0.00440745 4.0656e-09 3.26918e-06 6.7023e-07 3.37433e-07 5.90312e-10 
4.66823e-05 0.000474853 0.102056 0.00018641 0.0220949 0.00045722 1.46609e-05 0.00194039 6.65007e-05 1.30229e-09 0.0031776 0.00993881 1.54228e-07 0.856822 6.08202e-05 1.62834e-09 0.0010058 2.44345e-07 4.14541e-06 0.000144108 0.00116868 0.000118067 1.60693e-09 0.000179381 5.86951e-06 3.62867e-05 2.33321e-10 
1.2508e-10 0.00287576 0.965899 8.03824e-11 0.0295254 7.80276e-07 5.08404e-11 3.67395e-07 1.30451e-06 3.27827e-07 2.09576e-07 9.8576e-08 3.53542e-07 5.30321e-07 3.24832e-10 2.40978e-10 3.01076e-08 2.3065e-10 2.695e-10 1.61584e-07 5.08603e-11 4.61212e-09 2.37809e-10 5.40278e-11 4.39942e-11 0.00169518 3.45291e-11 
0.1833 0.126736 0.160374 0.0156621 0.0612484 0.0164519 0.00154271 0.0327042 0.0133048 4.27307e-07 0.0654219 0.0373621 0.0674134 0.060625 8.51963e-07 1.1035e-08 0.0837144 9.26047e-07 2.20693e-06 9.23768e-09 0.0045231 0.0167835 1.76385e-06 0.0527859 3.98632e-05 1.9298e-07 1.58118e-09 
2.5872e-08 0.00402113 0.00377841 0.000184297 0.00135228 0.000104462 0.00114586 0.96309 0.0105564 3.98643e-08 9.22904e-05 0.00421663 0.00451139 0.00365522 0.000226875 6.98089e-07 0.000712658 2.26368e-07 5.57445e-08 4.17264e-08 1.05202e-08 1.76554e-05 1.08445e-05 0.00207721 0.00024341 1.76173e-06 7.14217e-09 
0.00784537 0.0018887 0.141119 2.93044e-08 0.404756 0.000176748 5.65588e-05 0.0012894 0.0013412 7.38637e-11 0.00344007 0.00167675 0.000109268 0.400249 2.65013e-05 0.00353936 0.00187179 6.47386e-08 3.68079e-08 5.017e-05 0.0260432 9.40238e-06 0.000785964 3.91921e-06 0.000241429 0.00347998 1.32336e-11 
2.61828e-09 0.011195 0.721324 6.87999e-07 0.0257004 0.0137396 2.97762e-06 2.67179e-05 1.31458e-05 4.03431e-09 1.42241e-05 0.168458 0.00311589 1.36962e-05 6.79968e-09 7.9411e-06 0.0514702 4.82817e-09 7.93219e-06 4.92214e-06 1.06465e-09 9.55892e-10 2.82741e-05 9.27065e-06 0.0012885 0.00357929 7.22796e-10 
0.000198825 0.0431664 0.0640753 4.32222e-08 0.612798 0.0172701 0.000894829 3.70137e-06 1.55234e-06 2.66784e-06 0.00902245 3.42278e-06 2.05009e-06 0.0321929 1.74664e-07 1.29576e-07 1.05687e-05 1.24022e-07 1.44912e-07 1.08471e-07 0.0844938 0.000237312 7.9357e-05 0.135544 2.3656e-08 1.72192e-06 1.85666e-08 
2.70334e-07 0.00265018 4.92297e-06 0.000716266 0.719135 1.26425e-05 8.80856e-05 0.00198862 5.45129e-05 2.44589e-05 0.0591389 0.029646 0.000209789 0.163452 0.00101026 5.20825e-07 0.0195088 6.16311e-05 0.000380006 8.15655e-05 0.000460679 9.66868e-07 5.13976e-07 0.00136946 1.15981e-06 2.56333e-06 7.46277e-08 
6.58652e-07 0.13752 3.56106e-07 0.000321024 0.10424 1.23478e-07 2.31659e-06 6.23879e-07 7.17802e-11 9.75738e-11 0.350946 0.0292294 0.0122968 7.69934e-07 1.64457e-10 1.22003e-10 0.131408 3.27083e-07 6.27652e-06 1.02132e-10 0.0107154 0.0124089 8.54951e-07 0.210902 1.1159e-08 9.32751e-07 1.74815e-11 
0.000965716 0.00024376 0.25045 1.4214e-10 0.514042 0.0282049 3.33814e-07 6.55325e-05 0.000147298 3.40798e-10 0.00726398 1.93386e-06 0.153349 0.00293977 2.38297e-05 2.02899e-07 2.47961e-09 7.07954e-07 4.76557e-10 1.58937e-06 0.0173407 8.07487e-11 0.00061631 3.01363e-06 7.77951e-11 0.0243399 6.1058e-11 
4.66823e-05 0.000474853 0.102056 0.00018641 0.0220949 0.00045722 1.46609e-05 0.00194039 6.65007e-05 1.30229e-09 0.0031776 0.00993881 1.54228e-07 0.856822 6.08202e-05 1.62834e-09 0.0010058 2.44345e-07 4.14541e-06 0.000144108 0.00116868 0.000118067 1.60693e-09 0.000179381 5.86951e-06 3.62867e-05 2.33321e-10 
6.45518e-11 0.000730825 0.0138399 4.14842e-11 0.005911 1.42189e-06 2.6238e-11 6.11439e-11 7.31701e-11 9.94631e-11 0.338379 0.024807 0.200551 0.00211503 1.67641e-10 1.24366e-10 0.00640243 1.19035e-10 1.67041e-07 1.04109e-10 6.16861e-07 0.0301118 1.2273e-10 0.377149 1.15817e-07 2.1649e-07 1.782e-11 
6.45518e-11 0.000730825 0.0138399 4.14842e-11 0.005911 1.42189e-06 2.6238e-11 6.11439e-11 7.31701e-11 9.94631e-11 0.338379 0.024807 0.200551 0.00211503 1.67641e-10 1.24366e-10 0.00640243 1.19035e-10 1.67041e-07 1.04109e-10 6.16861e-07 0.0301118 1.2273e-10 0.377149 1.15817e-07 2.1649e-07 1.782e-11 
5.80015e-08 0.0257755 6.15552e-05 3.24097e-05 0.506446 6.11102e-06 0.000852005 0.000372622 0.00107279 4.14492e-10 3.58659e-06 0.0258943 0.00234093 0.0457048 2.76258e-05 5.18268e-10 0.0747896 1.66937e-06 5.79609e-10 0.000185189 0.2946 5.37182e-06 0.0207047 1.00721e-06 7.48584e-08 0.0011226 7.42613e-11 
4.66823e-05 0.000474853 0.102056 0.00018641 0.0220949 0.00045722 1.46609e-05 0.00194039 6.65007e-05 1.30229e-09 0.0031776 0.00993881 1.54228e-07 0.856822 6.08202e-05 1.62834e-09 0.0010058 2.44345e-07 4.14541e-06 0.000144108 0.00116868 0.000118067 1.60693e-09 0.000179381 5.86951e-06 3.62867e-05 2.33321e-10 
0.167423 0.0195819 0.00304195 0.0509416 0.00977262 0.00170357 2.89204e-06 0.466186 0.0267168 1.33733e-06 0.0255832 0.00141973 0.00853878 0.00125806 8.08308e-07 3.81527e-09 0.0214239 3.65174e-09 3.66921e-06 3.04578e-06 8.05242e-10 0.116856 3.7651e-09 0.0794701 2.33125e-05 4.79826e-05 5.4668e-10 
1.15945e-05 0.000157665 0.937511 6.60283e-06 0.0586241 6.2088e-05 0.000107416 0.00262391 2.43695e-06 9.13915e-07 1.86376e-05 0.000128221 2.38895e-06 2.48772e-05 1.41114e-05 1.14273e-06 0.000302847 1.09375e-06 1.27798e-06 0.000360075 2.54713e-05 2.16543e-07 1.1277e-06 2.56202e-07 6.86417e-06 3.2165e-06 1.63739e-07 
0.000108206 0.000202277 0.422224 7.55769e-09 0.000108285 7.64112e-09 4.7801e-09 0.000131455 0.000613203 1.81204e-08 0.562447 3.88314e-05 2.18806e-05 0.00100869 3.05412e-08 0.00116234 0.0113719 2.1686e-08 2.53388e-08 5.12294e-05 6.21702e-05 1.71781e-05 0.000326467 5.07978e-09 9.96917e-05 5.67344e-06 3.24649e-09 
0.000288969 0.000245812 0.983453 0.00016343 0.00245531 7.50722e-08 0.000324094 0.000842805 1.30967e-07 1.78029e-07 0.00048769 0.000145247 5.99592e-05 0.000647761 0.000330366 2.22601e-07 0.000206473 2.1306e-07 2.48948e-07 0.00942921 0.000662491 4.21822e-08 2.19674e-07 4.99077e-08 0.000174789 8.10646e-05 3.1896e-08 
4.66823e-05 0.000474853 0.102056 0.00018641 0.0220949 0.00045722 1.46609e-05 0.00194039 6.65007e-05 1.30229e-09 0.0031776 0.00993881 1.54228e-07 0.856822 6.08202e-05 1.62834e-09 0.0010058 2.44345e-07 4.14541e-06 0.000144108 0.00116868 0.000118067 1.60693e-09 0.000179381 5.86951e-06 3.62867e-05 2.33321e-10 
4.66823e-05 0.000474853 0.102056 0.00018641 0.0220949 0.00045722 1.46609e-05 0.00194039 6.65007e-05 1.30229e-09 0.0031776 0.00993881 1.54228e-07 0.856822 6.08202e-05 1.62834e-09 0.0010058 2.44345e-07 4.14541e-06 0.000144108 0.00116868 0.000118067 1.60693e-09 0.000179381 5.86951e-06 3.62867e-05 2.33321e-10 
1.40837e-09 4.2798e-10 0.00123794 0.505055 3.19796e-06 9.1508e-10 5.72451e-10 1.24076e-05 1.43835e-06 2.17005e-09 0.119316 0.0919772 0.00521732 4.93454e-10 3.65753e-09 2.71336e-09 0.0856817 5.22009e-07 3.0345e-09 2.27141e-09 5.72675e-10 0.191493 2.67767e-09 3.89399e-06 4.95364e-10 8.02908e-07 3.8879e-10 
1.37631e-05 0.000190028 0.708343 1.91499e-05 0.000170262 0.0519787 0.00925796 1.28443e-05 0.0473135 6.19458e-06 6.63756e-05 0.0110371 0.0101506 0.0272397 0.0679601 3.15485e-07 1.49283e-06 7.03922e-06 2.92171e-05 1.63047e-05 5.39618e-05 5.97832e-08 3.11336e-07 0.0657379 1.19088e-05 0.000382599 4.5205e-08 
0.468577 1.82486e-06 0.0229373 1.37422e-09 8.68652e-07 1.38939e-09 1.00124e-05 2.02548e-09 2.40888e-06 3.29485e-09 0.0228074 0.0325629 8.17203e-06 0.00621441 5.55334e-09 4.11978e-09 0.138401 3.9432e-09 4.60738e-09 0.304064 7.15296e-07 0.00440745 4.0656e-09 3.26918e-06 6.7023e-07 3.37433e-07 5.90312e-10 
5.42042e-08 0.00118661 0.615093 1.83563e-05 0.0204113 0.000122493 0.167249 5.13426e-08 6.14409e-08 1.37455e-05 0.00121353 5.08985e-06 3.67889e-05 0.175263 9.233e-06 7.61755e-06 2.01801e-05 9.99538e-08 6.40759e-06 0.000122492 0.0186368 2.37626e-05 1.03056e-07 7.57575e-05 0.000403513 8.10873e-05 1.49635e-08 
9.41492e-06 0.0437032 0.403867 1.25501e-05 0.44032 3.49539e-10 2.18663e-10 0.00734168 6.09787e-10 1.07841e-06 1.89515e-06 1.43319e-06 0.00856653 1.88488e-10 1.39709e-09 1.03644e-09 0.0328355 9.92017e-10 1.15911e-09 8.67628e-10 0.0434066 0.0199132 1.02281e-09 1.96124e-05 1.89218e-10 7.19389e-07 1.48509e-10 
4.66823e-05 0.000474853 0.102056 0.00018641 0.0220949 0.00045722 1.46609e-05 0.00194039 6.65007e-05 1.30229e-09 0.0031776 0.00993881 1.54228e-07 0.856822 6.08202e-05 1.62834e-09 0.0010058 2.44345e-07 4.14541e-06 0.000144108 0.00116868 0.000118067 1.60693e-09 0.000179381 5.86951e-06 3.62867e-05 2.33321e-10 
0.00121457 0.663675 0.192871 0.00421851 0.00192272 0.069407 4.42693e-07 3.23436e-06 0.000499715 5.83514e-10 1.43013e-06 3.43511e-06 0.00467032 0.0157971 9.83491e-10 7.29608e-10 0.000634709 6.98336e-10 8.15961e-10 2.85358e-07 1.53989e-10 2.53928e-06 7.20012e-10 0.0450059 2.07132e-07 7.20998e-05 1.04544e-10 
1.21822e-07 0.000111096 0.987106 0.000227117 0.00020021 7.91533e-08 9.90823e-05 1.15391e-07 0.000262502 1.87707e-07 0.000105991 0.00459819 0.000183074 4.26832e-08 3.16372e-07 2.34702e-07 1.46722e-05 2.24643e-07 2.62481e-07 0.000216318 4.95357e-08 0.000129023 2.31616e-07 5.26208e-08 4.28484e-08 0.00674487 3.36299e-08 
1.54735e-08 0.000180374 0.00484254 0.00152791 0.0893331 4.86717e-06 0.000647656 2.45613e-05 1.75393e-08 2.3842e-08 0.0947815 0.00128179 2.04178e-05 0.000299967 4.01847e-08 2.98112e-08 0.0537017 1.28943e-05 0.73187 2.65082e-05 0.00224023 2.61145e-05 0.000252437 0.0019181 0.000140588 0.0168671 4.27157e-09 
6.18578e-05 0.0115163 0.014924 1.0186e-05 0.091197 4.07665e-07 0.00645869 2.01506e-06 5.86051e-05 2.36252e-05 0.426183 0.128523 0.00143257 0.000311535 5.02118e-08 1.11009e-05 0.142245 0.000104118 2.01314e-05 9.57345e-05 0.00409383 0.000271385 2.77294e-06 0.171635 5.38689e-05 0.000763399 5.33744e-09 
0.00561112 1.9179e-06 0.000289304 4.05595e-06 0.092753 4.10073e-06 2.56531e-06 5.97809e-06 7.15389e-06 9.72458e-06 0.0584756 0.00513191 5.62076e-05 0.000154172 1.63904e-05 1.21593e-05 2.90547e-05 1.16381e-05 0.0850938 1.01788e-05 2.56632e-06 0.002191 1.19994e-05 0.750056 2.21987e-06 5.49072e-05 1.74228e-06 
0.0150962 2.43e-11 2.86398e-11 7.83238e-05 0.473872 2.18313e-09 3.25028e-11 0.00538253 9.06406e-11 1.23212e-10 4.61891e-10 0.00144523 2.71947e-08 0.216832 9.50463e-07 1.5406e-10 0.00091659 1.47457e-10 0.268364 5.68551e-08 0.0135934 3.49302e-07 1.21757e-07 0.000218449 2.81259e-11 0.00419931 2.20748e-11 
1.92665e-06 0.00279129 0.107345 0.000131791 0.0814659 0.000322274 0.000191412 0.000203359 9.20972e-06 2.96864e-06 0.00262467 8.88149e-05 0.000399857 0.799221 0.000388768 3.71189e-06 0.000580364 3.55279e-06 0.000468877 3.1073e-06 0.00248584 0.000464011 0.000141945 0.000638155 6.77661e-07 2.11406e-05 5.31867e-07 
5.15485e-11 3.8739e-06 0.00537381 3.31276e-11 1.1879e-06 2.16706e-06 1.61966e-06 4.88271e-11 5.07767e-06 7.94272e-11 0.0877489 0.0600699 0.204448 0.0811698 2.94651e-07 9.93133e-11 0.000364656 2.66253e-07 1.11068e-10 6.90123e-07 0.466157 1.42483e-05 9.80072e-11 3.09725e-06 0.000208641 0.0944269 1.42303e-11 
0.000296879 0.119989 1.18631e-05 6.44754e-08 0.294266 0.0103314 0.00178317 3.86316e-05 1.91738e-05 3.1201e-06 0.154878 4.36889e-07 0.00856077 0.408259 2.6055e-07 1.93291e-07 0.00132855 3.71798e-07 3.01171e-05 1.61808e-07 2.19535e-05 3.00656e-05 0.00012133 4.33362e-08 2.8856e-06 2.60096e-05 2.76961e-08 
5.15485e-11 3.8739e-06 0.00537381 3.31276e-11 1.1879e-06 2.16706e-06 1.61966e-06 4.88271e-11 5.07767e-06 7.94272e-11 0.0877489 0.0600699 0.204448 0.0811698 2.94651e-07 9.93133e-11 0.000364656 2.66253e-07 1.11068e-10 6.90123e-07 0.466157 1.42483e-05 9.80072e-11 3.09725e-06 0.000208641 0.0944269 1.42303e-11 
4.66823e-05 0.000474853 0.102056 0.00018641 0.0220949 0.00045722 1.46609e-05 0.00194039 6.65007e-05 1.30229e-09 0.0031776 0.00993881 1.54228e-07 0.856822 6.08202e-05 1.62834e-09 0.0010058 2.44345e-07 4.14541e-06 0.000144108 0.00116868 0.000118067 1.60693e-09 0.000179381 5.86951e-06 3.62867e-05 2.33321e-10 
4.66823e-05 0.000474853 0.102056 0.00018641 0.0220949 0.00045722 1.46609e-05 0.00194039 6.65007e-05 1.30229e-09 0.0031776 0.00993881 1.54228e-07 0.856822 6.08202e-05 1.62834e-09 0.0010058 2.44345e-07 4.14541e-06 0.000144108 0.00116868 0.000118067 1.60693e-09 0.000179381 5.86951e-06 3.62867e-05 2.33321e-10 
5.3621e-07 0.991543 0.000998835 3.44595e-07 0.0011772 0.00202107 0.00100279 5.07901e-07 6.07798e-07 8.26205e-07 8.0682e-05 0.000311936 2.88717e-05 1.87873e-07 0.000419153 1.03306e-06 0.000239622 9.88782e-07 1.15533e-06 0.000346784 2.18035e-07 1.95761e-07 1.01947e-06 2.31614e-07 1.88601e-07 0.00182181 1.48025e-07 
0.0533609 0.00280955 0.799539 5.00062e-07 0.0379199 5.05583e-07 0.000511519 0.0842057 9.29317e-05 1.19895e-06 0.00181865 2.31664e-05 0.00161549 6.95814e-05 0.0004422 2.15575e-05 0.000842887 1.43488e-06 3.65195e-05 0.0140107 3.16404e-07 0.00215759 1.47942e-06 4.08102e-05 1.83411e-05 0.000457585 2.14807e-07 
6.24322e-10 0.00107973 0.00622266 4.01221e-10 3.67207e-06 1.13588e-06 2.58553e-07 0.00326753 6.06523e-06 9.61971e-10 0.169989 0.581298 1.22924e-06 0.000909496 5.31943e-08 1.20282e-09 0.0868781 1.15126e-09 1.34518e-09 1.00691e-09 0.150305 2.2793e-10 1.187e-09 2.64655e-06 2.19593e-10 3.57011e-05 1.72349e-10 
0.0323538 0.0957561 0.48473 4.10581e-06 0.290436 1.29682e-09 2.67797e-06 1.89052e-09 1.10879e-05 3.07533e-09 0.0328032 3.7821e-06 2.57099e-06 1.91617e-05 5.18334e-09 3.84529e-09 9.19052e-06 1.84392e-06 4.3004e-09 0.0264152 5.11374e-06 0.0374132 3.33973e-05 8.62122e-10 7.02015e-10 4.41844e-08 5.50982e-10 
9.80585e-05 0.0660455 0.193534 0.000351335 0.0270453 0.0255959 1.40892e-05 0.00160946 4.55085e-07 6.18616e-07 0.0056465 0.0103693 0.000359992 0.632209 1.65168e-05 7.73498e-07 0.000518436 4.70689e-06 0.000437396 6.47512e-07 8.32665e-05 0.00146375 7.63325e-07 0.0343946 9.9441e-05 0.000100134 1.10832e-07 
0.468577 1.82486e-06 0.0229373 1.37422e-09 8.68652e-07 1.38939e-09 1.00124e-05 2.02548e-09 2.40888e-06 3.29485e-09 0.0228074 0.0325629 8.17203e-06 0.00621441 5.55334e-09 4.11978e-09 0.138401 3.9432e-09 4.60738e-09 0.304064 7.15296e-07 0.00440745 4.0656e-09 3.26918e-06 6.7023e-07 3.37433e-07 5.90312e-10 
6.97906e-06 1.73887e-05 0.000142679 0.00124492 0.0941465 0.0115191 1.40085e-08 0.00397423 2.61988e-05 5.31033e-08 0.0624092 0.649928 0.000207811 0.0910389 0.00012002 6.63987e-08 0.0528308 6.35527e-08 8.93157e-05 2.9821e-05 0.0104708 0.0101626 6.55255e-08 0.00540921 1.21221e-08 0.00622537 9.5141e-09 
6.58652e-07 0.13752 3.56106e-07 0.000321024 0.10424 1.23478e-07 2.31659e-06 6.23879e-07 7.17802e-11 9.75738e-11 0.350946 0.0292294 0.0122968 7.69934e-07 1.64457e-10 1.22003e-10 0.131408 3.27083e-07 6.27652e-06 1.02132e-10 0.0107154 0.0124089 8.54951e-07 0.210902 1.1159e-08 9.32751e-07 1.74815e-11 
1.15945e-05 0.000157665 0.937511 6.60283e-06 0.0586241 6.2088e-05 0.000107416 0.00262391 2.43695e-06 9.13915e-07 1.86376e-05 0.000128221 2.38895e-06 2.48772e-05 1.41114e-05 1.14273e-06 0.000302847 1.09375e-06 1.27798e-06 0.000360075 2.54713e-05 2.16543e-07 1.1277e-06 2.56202e-07 6.86417e-06 3.2165e-06 1.63739e-07 
2.71028e-06 0.0702434 0.00113982 1.24289e-06 0.0746097 0.109497 5.13393e-07 0.00164554 9.47542e-10 1.35934e-07 0.0099793 0.129293 0.0322793 0.436067 2.17093e-09 1.61052e-09 0.0140898 1.54149e-09 1.16288e-06 1.3482e-09 0.00794116 0.0179913 1.58933e-09 0.0952171 2.94024e-10 6.54807e-07 2.30767e-10 
0.00956547 0.00854066 1.9412e-10 3.48316e-10 0.298878 0.0604442 2.20304e-10 5.13386e-10 6.14361e-10 8.35127e-10 0.146699 0.00354064 0.0115213 0.146775 1.40757e-09 1.04422e-09 0.022665 9.9946e-10 1.16781e-09 8.74137e-10 0.013758 0.0171179 1.03048e-09 0.177063 1.90637e-10 0.0834326 1.49623e-10 
0.0318099 0.114694 0.00251534 5.63739e-10 0.00299506 0.026107 3.56554e-10 0.653605 0.000160865 7.19274e-07 3.54323e-06 0.00816385 0.00088958 1.36147e-06 2.27811e-09 1.69003e-09 6.24139e-08 4.03178e-07 5.89205e-07 1.41476e-09 4.00327e-07 0.148114 1.6678e-09 0.0109377 3.08541e-10 3.00653e-08 2.4216e-10 
4.3065e-09 0.0236176 0.622655 0.00137011 0.0456154 1.05021e-07 0.00379827 0.00510385 0.00880932 6.63556e-09 0.00734779 7.22341e-08 0.000119713 0.00260414 1.1184e-08 8.29689e-09 0.205751 1.29516e-05 9.27888e-09 6.94552e-09 0.00377505 1.57223e-09 0.0230827 0.0461902 8.72882e-07 0.000146684 1.18884e-09 
0.468577 1.82486e-06 0.0229373 1.37422e-09 8.68652e-07 1.38939e-09 1.00124e-05 2.02548e-09 2.40888e-06 3.29485e-09 0.0228074 0.0325629 8.17203e-06 0.00621441 5.55334e-09 4.11978e-09 0.138401 3.9432e-09 4.60738e-09 0.304064 7.15296e-07 0.00440745 4.0656e-09 3.26918e-06 6.7023e-07 3.37433e-07 5.90312e-10 
6.87675e-07 3.70369e-07 0.000895839 1.30191e-10 0.407109 1.31629e-10 0.00225538 2.14585e-07 0.00319014 8.53076e-08 0.0027758 0.0033606 9.33295e-10 4.04189e-07 5.21458e-07 3.90301e-10 2.44148e-05 3.73572e-10 4.36495e-10 3.26729e-10 0.464672 3.31449e-07 1.15899e-06 4.50637e-07 6.88609e-08 0.115712 5.59252e-11 
4.66823e-05 0.000474853 0.102056 0.00018641 0.0220949 0.00045722 1.46609e-05 0.00194039 6.65007e-05 1.30229e-09 0.0031776 0.00993881 1.54228e-07 0.856822 6.08202e-05 1.62834e-09 0.0010058 2.44345e-07 4.14541e-06 0.000144108 0.00116868 0.000118067 1.60693e-09 0.000179381 5.86951e-06 3.62867e-05 2.33321e-10 
1.04172e-05 0.00507444 0.787077 2.34839e-05 0.058124 0.00641644 0.000657077 2.0344e-07 0.00721037 0.000149375 0.00692073 0.00113806 0.00373747 0.00107662 1.52441e-06 3.66554e-08 0.00162025 4.57415e-06 2.60521e-05 0.0494508 0.00219054 0.000297691 4.12172e-10 0.0155582 0.00358876 0.0496456 5.98461e-11 
1.37495e-07 0.00200645 0.969868 8.8361e-08 0.000973075 0.00300919 0.000465373 1.30236e-07 0.00108115 2.11855e-07 0.00236961 0.000948883 0.0087009 0.00103103 3.57074e-07 2.64897e-07 0.000255718 0.0020537 0.00381231 2.21751e-07 0.000152401 0.0011057 0.000336637 0.00178281 4.8361e-08 4.56521e-05 3.79564e-08 
0.468577 1.82486e-06 0.0229373 1.37422e-09 8.68652e-07 1.38939e-09 1.00124e-05 2.02548e-09 2.40888e-06 3.29485e-09 0.0228074 0.0325629 8.17203e-06 0.00621441 5.55334e-09 4.11978e-09 0.138401 3.9432e-09 4.60738e-09 0.304064 7.15296e-07 0.00440745 4.0656e-09 3.26918e-06 6.7023e-07 3.37433e-07 5.90312e-10 
5.15485e-11 3.8739e-06 0.00537381 3.31276e-11 1.1879e-06 2.16706e-06 1.61966e-06 4.88271e-11 5.07767e-06 7.94272e-11 0.0877489 0.0600699 0.204448 0.0811698 2.94651e-07 9.93133e-11 0.000364656 2.66253e-07 1.11068e-10 6.90123e-07 0.466157 1.42483e-05 9.80072e-11 3.09725e-06 0.000208641 0.0944269 1.42303e-11 
2.41134e-06 0.000100768 0.979253 6.75177e-06 0.000320798 0.0127967 3.27857e-05 0.000390921 0.000914707 3.71545e-06 1.67838e-05 4.04917e-05 0.00129787 0.000127528 6.26224e-06 4.64568e-06 3.939e-06 4.44656e-06 5.19553e-06 0.00441981 9.80506e-07 8.8034e-07 0.000131393 8.4958e-05 7.49154e-06 2.39189e-05 6.65667e-07 
7.21502e-05 0.00995524 0.687391 2.96539e-08 0.126438 0.00514034 1.87555e-08 0.00525955 6.23184e-05 7.10985e-08 0.0035957 9.22591e-05 5.95073e-06 0.0113751 1.19834e-07 8.88993e-08 2.37054e-05 8.5089e-08 9.94211e-08 0.000293472 0.0103931 1.68461e-08 0.139821 2.2352e-05 1.62299e-08 5.7754e-05 1.27382e-08 
6.87675e-07 3.70369e-07 0.000895839 1.30191e-10 0.407109 1.31629e-10 0.00225538 2.14585e-07 0.00319014 8.53076e-08 0.0027758 0.0033606 9.33295e-10 4.04189e-07 5.21458e-07 3.90301e-10 2.44148e-05 3.73572e-10 4.36495e-10 3.26729e-10 0.464672 3.31449e-07 1.15899e-06 4.50637e-07 6.88609e-08 0.115712 5.59252e-11 
4.66823e-05 0.000474853 0.102056 0.00018641 0.0220949 0.00045722 1.46609e-05 0.00194039 6.65007e-05 1.30229e-09 0.0031776 0.00993881 1.54228e-07 0.856822 6.08202e-05 1.62834e-09 0.0010058 2.44345e-07 4.14541e-06 0.000144108 0.00116868 0.000118067 1.60693e-09 0.000179381 5.86951e-06 3.62867e-05 2.33321e-10 
2.30639e-05 0.105101 0.891986 1.30562e-05 0.000194651 1.08288e-07 2.57547e-05 6.69578e-05 1.88913e-07 2.56797e-07 3.86758e-05 1.15432e-05 4.7811e-06 5.14028e-05 2.6597e-05 3.2109e-07 1.6394e-05 3.07328e-07 3.59093e-07 0.000747702 5.25793e-05 6.08455e-08 3.16868e-07 7.19891e-08 0.00163116 6.46046e-06 4.60082e-08 
1.66354e-11 0.073937 0.0162774 8.34966e-07 0.0760952 0.00135267 0.00748594 0.00155713 7.73301e-08 2.56323e-11 0.356601 0.00732719 0.004566 0.000708109 4.32023e-11 3.20498e-11 0.271943 0.000180526 1.64882e-06 2.68296e-11 0.00252937 1.7431e-07 0.000876137 0.177653 4.68679e-09 0.00090686 4.59234e-12 
5.37009e-05 1.80168e-11 9.66313e-06 5.67537e-12 0.00283308 1.6729e-08 3.58957e-12 1.14964e-08 4.92867e-09 1.36073e-11 0.000127231 5.23419e-05 3.9791e-09 0.995277 2.29346e-11 1.70142e-11 0.000403501 1.62849e-11 1.90279e-11 2.28348e-08 0.00123889 3.22413e-12 1.67904e-11 2.56095e-11 1.4575e-07 4.03096e-06 2.43792e-12 
0.468577 1.82486e-06 0.0229373 1.37422e-09 8.68652e-07 1.38939e-09 1.00124e-05 2.02548e-09 2.40888e-06 3.29485e-09 0.0228074 0.0325629 8.17203e-06 0.00621441 5.55334e-09 4.11978e-09 0.138401 3.9432e-09 4.60738e-09 0.304064 7.15296e-07 0.00440745 4.0656e-09 3.26918e-06 6.7023e-07 3.37433e-07 5.90312e-10 
2.47341e-11 0.794229 0.00238902 1.01747e-07 9.51004e-07 0.192364 0.00462442 7.45044e-07 0.000592541 3.8111e-11 1.23658e-06 2.47875e-06 0.00578697 3.05136e-06 3.98318e-07 4.76527e-11 1.13847e-06 4.56103e-11 5.32927e-11 3.11191e-07 9.41389e-07 1.85207e-06 6.25494e-07 3.47235e-07 8.69972e-12 8.99997e-08 6.82804e-12 
4.42696e-05 0.107212 0.567152 0.00127418 0.0302483 8.5011e-05 3.66006e-09 0.109269 0.000236184 1.38746e-08 0.0395444 0.0933848 0.00780179 0.0125466 2.3385e-08 1.73483e-08 0.00479844 1.66047e-08 1.94016e-08 1.45227e-08 5.09172e-05 1.69858e-05 1.70433e-05 0.0149141 3.1672e-09 0.0114042 2.4858e-09 
4.17574e-05 0.0552196 0.00229081 0.00603858 0.0178277 0.00293579 0.000318452 0.353828 0.000306589 6.32125e-07 0.0167176 0.00935999 0.00227274 0.00749942 5.02983e-05 7.90389e-07 0.0655382 0.000598072 9.97169e-06 9.35761e-05 0.385581 0.0109875 0.000112218 0.0592316 1.96469e-06 0.00313694 4.9241e-07 
1.61032e-07 0.0802853 0.0661357 0.00101987 9.82629e-07 0.488951 0.00811482 0.00592836 3.82414e-07 3.93783e-11 0.0470205 0.0653127 0.0290574 0.14125 4.11564e-07 4.92374e-11 1.17633e-06 4.7127e-11 5.50649e-11 3.21539e-07 0.00437809 0.054541 6.46294e-07 0.0080012 4.22574e-08 9.29925e-08 7.05509e-12 
1.15945e-05 0.000157665 0.937511 6.60283e-06 0.0586241 6.2088e-05 0.000107416 0.00262391 2.43695e-06 9.13915e-07 1.86376e-05 0.000128221 2.38895e-06 2.48772e-05 1.41114e-05 1.14273e-06 0.000302847 1.09375e-06 1.27798e-06 0.000360075 2.54713e-05 2.16543e-07 1.1277e-06 2.56202e-07 6.86417e-06 3.2165e-06 1.63739e-07 
6.20278e-06 0.00133335 6.12403e-06 0.00302858 0.00499176 0.0038474 8.57627e-06 0.0022717 4.44481e-09 6.04202e-09 0.00770968 0.015746 5.92148e-06 0.000373487 1.01836e-08 7.55475e-09 0.700489 1.04865e-06 1.05145e-06 6.32425e-09 1.39039e-05 0.206706 7.45539e-09 0.0534598 1.37923e-09 3.48572e-07 1.0825e-09 
1.38659e-05 0.101617 0.73203 0.00743492 0.0514545 0.0221204 4.63639e-09 1.08044e-08 4.89731e-05 1.75756e-08 0.0734704 3.28287e-06 0.00618315 1.71366e-05 2.9623e-08 6.10813e-06 0.00276934 2.10341e-08 2.4577e-08 1.83966e-08 0.000558922 4.16438e-09 8.42534e-06 0.00226295 4.01205e-09 5.56425e-07 3.14889e-09 
0.00127185 0.00293143 0.00855324 0.00510347 0.00810327 0.904756 0.00708648 0.000329753 0.000611255 1.8725e-05 0.010531 0.0199942 0.00451794 0.00706805 2.78813e-06 5.9369e-07 2.29777e-05 4.02644e-08 1.25109e-05 0.00420151 5.25581e-07 0.00312922 4.15143e-08 0.00707269 0.00467907 1.15744e-06 6.02774e-09 
5.65073e-07 0.040707 0.823666 3.63144e-07 0.00237672 0.00223062 0.00059593 5.3524e-07 6.40515e-07 8.70678e-07 0.00150182 0.000598134 0.0115018 0.107295 1.46749e-06 1.08867e-06 0.0016961 0.000936234 1.21752e-06 9.11349e-07 0.00310087 2.06299e-07 0.000147728 0.00122855 1.98753e-07 0.0024099 1.55992e-07 
6.24322e-10 0.00107973 0.00622266 4.01221e-10 3.67207e-06 1.13588e-06 2.58553e-07 0.00326753 6.06523e-06 9.61971e-10 0.169989 0.581298 1.22924e-06 0.000909496 5.31943e-08 1.20282e-09 0.0868781 1.15126e-09 1.34518e-09 1.00691e-09 0.150305 2.2793e-10 1.187e-09 2.64655e-06 2.19593e-10 3.57011e-05 1.72349e-10 
1.3234e-06 3.68919e-11 9.13524e-08 7.80185e-11 5.55411e-06 4.74069e-08 0.00486171 2.53098e-07 6.88184e-07 1.87058e-10 2.00806e-07 0.0352993 7.01471e-07 3.6411e-06 0.000203797 2.33892e-10 0.0300202 3.36024e-07 2.61574e-10 1.97754e-08 0.908173 0.0203463 2.30816e-10 0.00106401 3.28836e-07 1.80119e-05 3.35137e-11 
4.66823e-05 0.000474853 0.102056 0.00018641 0.0220949 0.00045722 1.46609e-05 0.00194039 6.65007e-05 1.30229e-09 0.0031776 0.00993881 1.54228e-07 0.856822 6.08202e-05 1.62834e-09 0.0010058 2.44345e-07 4.14541e-06 0.000144108 0.00116868 0.000118067 1.60693e-09 0.000179381 5.86951e-06 3.62867e-05 2.33321e-10 
5.40611e-06 0.00942336 0.86119 1.03119e-05 0.0945998 1.37562e-09 3.6071e-06 2.0054e-09 2.39984e-09 3.35389e-05 0.00955863 0.000492984 9.62804e-06 0.0109042 9.85865e-07 2.7116e-07 1.45969e-06 3.90412e-09 4.56172e-09 0.0013879 0.00435982 2.83499e-06 0.00801431 9.14509e-10 4.88342e-07 3.34702e-07 5.84462e-10 
7.82705e-07 0.198613 0.655587 0.000156285 0.0114252 0.008211 0.000655225 7.30322e-07 0.0188959 0.00105629 0.0334134 2.93116e-06 0.0231052 0.00250787 6.14936e-08 6.24295e-10 0.00390198 0.000148901 0.000256007 9.23347e-07 0.000957733 1.18302e-10 6.16085e-10 0.0239499 0.00103886 0.0161142 8.94536e-11 
0.00162469 0.000263125 0.142613 0.00677635 0.0115384 0.00212521 0.0621468 0.301735 5.62396e-07 0.002278 0.0461678 0.00194654 0.000389401 0.000952353 1.05022e-05 9.55891e-07 0.000521558 9.1492e-07 1.06903e-06 0.000126254 0.272655 6.40778e-05 0.00166136 0.00047298 1.74512e-07 0.143929 1.36967e-07 
3.81776e-05 0.000155792 0.708906 0.055753 0.000547267 1.71712e-07 1.07419e-07 0.00100618 0.00026987 0.000350914 0.000253966 0.000147903 0.000254271 0.000113206 0.000126 5.09153e-07 0.000106242 5.98072e-05 9.71111e-05 0.224411 0.000141191 0.00283194 5.02457e-07 0.000198121 0.0028617 0.00136919 7.29553e-08 
0.0001311 0.147316 0.611231 0.000609733 0.000787042 0.0341911 0.0324029 4.15038e-07 0.0435762 6.75144e-07 0.0200624 0.0115424 0.0299942 0.00016371 0.000208506 8.44179e-07 0.0511412 0.00235959 0.00240188 1.3479e-05 0.00135993 0.00686891 5.22396e-05 0.00357645 1.54118e-07 7.4949e-06 1.2096e-07 
8.3809e-06 0.0164192 0.32344 0.00226225 0.46169 8.78981e-05 0.00164883 0.000444061 7.46391e-08 1.0146e-07 0.136437 0.00838564 0.00203183 0.00602226 1.71007e-07 1.26862e-07 0.0141688 0.000232837 0.00446731 0.000318606 0.0123401 0.000472279 0.00292044 0.00553882 2.31606e-08 0.000663883 1.81778e-08 
1.04786e-06 0.292801 0.648748 2.40416e-10 0.000619871 1.21295e-05 1.27745e-06 3.54352e-10 2.5447e-06 5.76425e-10 0.0191357 1.66336e-06 0.0386518 6.29291e-07 9.71542e-10 7.20744e-10 6.87806e-07 6.89852e-10 8.06049e-10 4.16373e-06 1.52118e-10 4.53454e-06 7.11265e-10 1.338e-05 1.47386e-06 3.8547e-07 1.03274e-10 
1.96905e-06 1.67498e-06 0.995309 0.00189428 1.67307e-05 5.11547e-10 2.20839e-06 5.74292e-06 8.92416e-10 1.2131e-09 3.32315e-06 9.8972e-07 4.08566e-07 4.41388e-06 2.25114e-06 1.51682e-09 0.00197109 1.45181e-09 1.69634e-09 6.42512e-05 4.51425e-06 2.87432e-10 1.49687e-09 3.74419e-07 0.000715806 5.52379e-07 2.17341e-10 
0.000123695 0.00186285 0.0179121 1.18009e-05 0.021755 0.000825117 0.00110395 1.73934e-05 0.000535414 3.21855e-05 1.00573e-05 0.000200344 0.0142153 0.0103613 8.49592e-07 6.30274e-07 0.000205494 0.000203201 0.930476 8.33446e-06 1.00607e-05 0.000107521 6.21985e-07 1.41309e-07 1.15066e-07 2.07086e-05 9.03104e-08 
0.000788124 0.00662668 6.2279e-08 1.48414e-07 2.12666e-07 0.0560031 5.52139e-12 0.0357606 0.000937082 2.09305e-11 0.298915 0.307126 0.105975 4.98319e-07 4.58961e-08 4.45165e-08 0.00556186 2.6805e-07 0.00301421 2.19082e-11 2.07138e-07 0.0891741 4.90964e-08 0.0900514 4.77787e-12 6.56501e-05 3.74995e-12 
0.0125231 0.142922 0.586032 0.000249951 0.0222388 0.0317035 0.000801834 0.00807735 0.00704833 2.28653e-05 0.0387456 0.00497404 0.00394872 0.0352891 1.21072e-06 8.98183e-07 0.0125489 0.000377402 0.00100434 7.51889e-07 0.000796204 0.0162866 8.86371e-07 0.074193 7.02341e-05 0.000142013 1.28698e-07 
1.2508e-10 0.00287576 0.965899 8.03824e-11 0.0295254 7.80276e-07 5.08404e-11 3.67395e-07 1.30451e-06 3.27827e-07 2.09576e-07 9.8576e-08 3.53542e-07 5.30321e-07 3.24832e-10 2.40978e-10 3.01076e-08 2.3065e-10 2.695e-10 1.61584e-07 5.08603e-11 4.61212e-09 2.37809e-10 5.40278e-11 4.39942e-11 0.00169518 3.45291e-11 
7.82705e-07 0.198613 0.655587 0.000156285 0.0114252 0.008211 0.000655225 7.30322e-07 0.0188959 0.00105629 0.0334134 2.93116e-06 0.0231052 0.00250787 6.14936e-08 6.24295e-10 0.00390198 0.000148901 0.000256007 9.23347e-07 0.000957733 1.18302e-10 6.16085e-10 0.0239499 0.00103886 0.0161142 8.94536e-11 
2.71028e-06 0.0702434 0.00113982 1.24289e-06 0.0746097 0.109497 5.13393e-07 0.00164554 9.47542e-10 1.35934e-07 0.0099793 0.129293 0.0322793 0.436067 2.17093e-09 1.61052e-09 0.0140898 1.54149e-09 1.16288e-06 1.3482e-09 0.00794116 0.0179913 1.58933e-09 0.0952171 2.94024e-10 6.54807e-07 2.30767e-10 
0.0165987 0.038436 0.0191244 0.000109629 0.0114901 0.0364181 0.000336067 0.00052925 0.00370418 1.18246e-06 0.000260635 0.0559537 0.000820009 0.005446 1.993e-06 1.47852e-06 0.00382884 5.73352e-05 0.802094 1.2377e-06 3.12052e-07 0.000573768 1.45907e-06 0.00410953 2.58689e-05 7.63045e-05 2.11853e-07 
0.468577 1.82486e-06 0.0229373 1.37422e-09 8.68652e-07 1.38939e-09 1.00124e-05 2.02548e-09 2.40888e-06 3.29485e-09 0.0228074 0.0325629 8.17203e-06 0.00621441 5.55334e-09 4.11978e-09 0.138401 3.9432e-09 4.60738e-09 0.304064 7.15296e-07 0.00440745 4.0656e-09 3.26918e-06 6.7023e-07 3.37433e-07 5.90312e-10 
6.24322e-10 0.00107973 0.00622266 4.01221e-10 3.67207e-06 1.13588e-06 2.58553e-07 0.00326753 6.06523e-06 9.61971e-10 0.169989 0.581298 1.22924e-06 0.000909496 5.31943e-08 1.20282e-09 0.0868781 1.15126e-09 1.34518e-09 1.00691e-09 0.150305 2.2793e-10 1.187e-09 2.64655e-06 2.19593e-10 3.57011e-05 1.72349e-10 
9.69172e-06 0.00465698 0.921465 1.04015e-10 0.0395989 1.05163e-10 0.00414104 1.53308e-10 3.11848e-07 0.00179445 0.00435722 0.000983203 0.000524982 0.000296136 4.20332e-10 5.43636e-06 7.87367e-07 2.9846e-10 3.48732e-10 0.004591 0.0166092 0.000454398 0.000138541 1.10039e-07 0.000260692 0.00011169 4.46806e-11 
4.66823e-05 0.000474853 0.102056 0.00018641 0.0220949 0.00045722 1.46609e-05 0.00194039 6.65007e-05 1.30229e-09 0.0031776 0.00993881 1.54228e-07 0.856822 6.08202e-05 1.62834e-09 0.0010058 2.44345e-07 4.14541e-06 0.000144108 0.00116868 0.000118067 1.60693e-09 0.000179381 5.86951e-06 3.62867e-05 2.33321e-10 
4.38148e-05 0.00037074 0.154189 0.0151386 0.0171914 0.000357701 1.16766e-05 0.00151562 5.54971e-05 7.96774e-09 0.00247418 0.00774399 2.43e-07 0.75957 4.99103e-05 9.96262e-09 0.000785878 0.00238661 1.33509e-05 0.0041525 0.000912571 9.27325e-05 9.8316e-09 0.0329106 4.78121e-06 2.85911e-05 1.42752e-09 
0.468577 1.82486e-06 0.0229373 1.37422e-09 8.68652e-07 1.38939e-09 1.00124e-05 2.02548e-09 2.40888e-06 3.29485e-09 0.0228074 0.0325629 8.17203e-06 0.00621441 5.55334e-09 4.11978e-09 0.138401 3.9432e-09 4.60738e-09 0.304064 7.15296e-07 0.00440745 4.0656e-09 3.26918e-06 6.7023e-07 3.37433e-07 5.90312e-10 
8.09599e-08 0.00880924 0.391144 8.51283e-08 0.412146 1.7212e-07 6.77983e-08 1.47287e-06 5.75492e-07 0.00194628 0.0552941 3.15635e-07 0.0300123 0.00854852 2.67577e-07 2.53693e-05 0.0563595 0.000430832 2.06145e-07 6.68959e-05 0.00475906 0.00284323 3.82412e-07 0.00744003 6.08174e-07 0.02017 6.6358e-08 
0.0153394 0.00359238 0.00393937 0.000128723 0.126498 0.00386293 3.4973e-10 2.40897e-06 9.75294e-10 1.32576e-09 0.0606304 0.0608695 0.0171362 0.64083 2.23451e-09 1.65769e-09 0.0349431 0.000142783 1.85388e-09 0.000389569 0.00330032 0.000304234 0.000306418 0.0121584 9.75699e-09 0.0156259 2.37525e-10 
1.16133e-06 4.76827e-06 0.957419 1.22112e-06 1.67573e-05 2.28587e-10 1.42998e-10 2.00276e-07 8.25513e-06 1.07337e-05 0.0318896 4.52761e-06 7.78487e-06 3.46386e-06 3.83825e-06 6.77797e-10 3.25199e-06 1.81713e-06 2.95704e-06 0.000959586 4.32038e-06 3.21113e-06 6.68883e-10 6.06349e-06 0.00960506 4.19255e-05 9.71198e-11 
4.66823e-05 0.000474853 0.102056 0.00018641 0.0220949 0.00045722 1.46609e-05 0.00194039 6.65007e-05 1.30229e-09 0.0031776 0.00993881 1.54228e-07 0.856822 6.08202e-05 1.62834e-09 0.0010058 2.44345e-07 4.14541e-06 0.000144108 0.00116868 0.000118067 1.60693e-09 0.000179381 5.86951e-06 3.62867e-05 2.33321e-10 
4.66823e-05 0.000474853 0.102056 0.00018641 0.0220949 0.00045722 1.46609e-05 0.00194039 6.65007e-05 1.30229e-09 0.0031776 0.00993881 1.54228e-07 0.856822 6.08202e-05 1.62834e-09 0.0010058 2.44345e-07 4.14541e-06 0.000144108 0.00116868 0.000118067 1.60693e-09 0.000179381 5.86951e-06 3.62867e-05 2.33321e-10 
