0.011898 0.153517 0.0147712 0.229784 0.00363805 2.16393e-05 0.0262757 8.25619e-05 7.99535e-06 0.0089988 0.0310263 0.012208 0.10488 0.01057 0.00744523 0.000124887 0.0773313 0.000152583 0.000394086 0.00524687 0.00717782 0.0502085 4.89876e-07 0.0198049 0.00221211 0.00099989 0.221222 
0.0288247 0.0438917 0.00142204 0.234938 0.0091594 0.000425321 0.0548953 0.00127881 0.000113345 1.21734e-05 0.0497398 0.0527079 0.0359216 0.00212554 2.26201e-06 9.24972e-05 0.219231 0.000959899 0.0322237 5.6844e-05 0.00324642 0.180522 0.0222647 0.0138686 0.00467918 0.00201377 0.0053839 
7.35364e-06 5.29529e-08 0.00935842 0.98518 8.74387e-07 3.65328e-07 0.000432038 7.21451e-07 3.58606e-10 1.21143e-07 0.000283966 0.000656053 0.00011475 1.53713e-06 8.21608e-10 6.09515e-10 5.27956e-07 5.8339e-10 6.81654e-10 6.72753e-08 2.25725e-08 1.15501e-10 6.01499e-10 0.000264764 0.00137079 1.90784e-07 0.00232744 
0.00145414 0.0659344 0.032724 0.306442 0.0677159 0.0058283 0.0288537 0.0127445 0.0139504 2.2701e-05 0.0140889 0.0573507 0.0150386 0.0136719 0.000103232 1.82987e-05 0.205563 0.000118703 0.010184 0.00242566 0.0046594 0.079562 2.06425e-05 0.0284636 0.000222266 0.0215421 0.0112968 
0.0031352 0.0149153 0.147104 0.328844 0.104451 2.23706e-06 0.0480686 0.00158724 2.31417e-08 0.00100596 0.0191196 0.0020977 0.105284 0.0499034 1.73461e-06 4.73806e-05 0.00989856 3.76475e-08 0.000201685 1.42632e-05 0.00445567 0.0500168 0.0926358 0.00569921 0.000104966 1.8569e-05 0.0113874 
7.35364e-06 5.29529e-08 0.00935842 0.98518 8.74387e-07 3.65328e-07 0.000432038 7.21451e-07 3.58606e-10 1.21143e-07 0.000283966 0.000656053 0.00011475 1.53713e-06 8.21608e-10 6.09515e-10 5.27956e-07 5.8339e-10 6.81654e-10 6.72753e-08 2.25725e-08 1.15501e-10 6.01499e-10 0.000264764 0.00137079 1.90784e-07 0.00232744 
0.00505547 0.0295035 0.00421824 0.383673 0.0161977 0.00120775 0.00235683 0.0071298 0.0123314 6.67991e-06 0.0283011 0.313249 0.00534058 0.0319924 1.7742e-06 5.17959e-05 0.0352688 4.48351e-05 0.00113561 3.37709e-05 0.0103231 0.0833691 6.04786e-05 0.0165354 2.00648e-05 0.00797476 0.00461693 
0.00218647 0.0592588 0.00182587 0.538396 0.0156064 0.0102294 0.00418942 0.0299647 8.9751e-06 2.78908e-05 0.00798643 0.0557659 0.135737 0.00490355 2.97308e-05 0.000180066 0.0222816 7.53973e-05 0.00101789 6.42709e-05 0.000268615 0.0666789 0.000305483 0.0170431 0.00339834 0.00278536 0.0197852 
0.000280575 0.020215 0.0169866 0.660713 0.00871487 0.0108702 0.00207908 0.00472881 2.8698e-05 1.55481e-06 0.0102173 0.0141259 0.0906787 0.000221633 2.04949e-07 0.000611602 0.0312946 9.10078e-07 8.22086e-08 8.65374e-06 1.32293e-05 0.0946112 2.12399e-09 0.0298904 0.000112083 0.000975124 0.00262019 
0.00408455 0.0116274 0.0790481 0.272356 0.159505 0.00249794 0.0359001 0.00541666 0.00272276 2.37495e-05 0.0315605 0.0357924 0.245054 0.00104816 8.67589e-08 8.79019e-05 0.0137572 0.000162658 0.000222319 0.000967046 0.00243872 0.0325812 1.39264e-07 0.00994799 1.92503e-05 0.0151895 0.037989 
0.00486636 0.0970663 0.00144744 0.647044 0.0148631 0.00118437 0.000992257 0.0106382 0.000265557 5.02688e-06 0.0104385 0.0329359 0.0646605 0.00963557 4.21912e-05 2.94012e-08 0.0335025 1.62851e-05 0.000104313 2.54191e-05 0.00222653 0.0355664 1.96908e-07 0.00628238 0.00248759 0.000366518 0.0233366 
0.00033898 0.00659489 0.00732234 0.614374 0.0421643 0.000102035 0.00408367 0.000458878 2.07124e-05 8.62188e-06 0.0177056 0.025415 0.00485972 0.0107074 1.34838e-06 2.30977e-07 0.0321682 9.1535e-07 0.000243525 0.000115467 0.00693687 0.144594 2.27939e-07 0.0468627 1.13224e-05 0.0131879 0.0217208 
0.00172634 0.0286129 0.0389169 0.227312 0.0438107 0.00521752 0.0196609 0.00289209 0.0010822 1.59681e-05 0.208268 0.030166 0.169509 0.00678553 7.82475e-05 9.99666e-05 0.0652814 2.02892e-05 0.00045768 0.00489699 0.00139077 0.048509 4.28669e-05 0.0127765 0.000146818 0.00816627 0.0741579 
1.73778e-06 0.000705939 0.0343615 0.485656 0.0555267 6.79794e-05 3.38858e-05 0.000804957 0.0013388 0.00202383 2.32843e-06 0.0267117 1.04027e-05 0.000569987 2.21164e-08 1.64072e-08 0.058921 2.40153e-06 0.000339312 0.000354807 0.00440702 0.206147 2.56331e-07 8.49966e-06 2.99538e-09 7.25016e-06 0.121997 
2.7555e-07 0.0141887 0.0332467 0.240638 0.0198521 0.0119692 0.0137112 0.00381414 1.42393e-07 5.38932e-05 0.105106 0.00900095 0.173241 0.0879134 9.72817e-08 5.67982e-07 0.0353999 6.51817e-08 3.4574e-07 8.14476e-10 4.05621e-08 0.0238519 5.94621e-06 0.0107621 0.0011344 0.000101927 0.216007 
0.000466422 0.00421786 0.00777699 0.779366 0.00512406 0.00132848 0.00522342 0.00412172 6.07623e-06 1.23331e-07 0.015608 0.0461649 0.0449525 0.000334321 2.51702e-09 1.86726e-09 0.00787382 5.95363e-05 0.0280786 2.26258e-07 0.00186307 0.0410954 0.000235285 0.00096068 3.40897e-10 4.6265e-05 0.00509638 
0.00746178 5.92173e-07 3.47327e-07 0.774834 0.0396096 6.00039e-11 1.01353e-06 1.51339e-06 1.04679e-10 1.42295e-10 2.64722e-06 0.0707319 0.034704 1.0031e-06 0.000864308 1.77921e-10 9.31395e-07 3.40761e-07 8.35912e-07 1.48942e-10 2.02816e-07 0.0330822 8.79662e-08 0.0386829 6.4997e-08 9.18993e-07 1.93422e-05 
0.0105763 0.031093 0.0313907 0.68484 0.0072353 0.00906265 0.0016847 0.00858837 0.000348173 4.18927e-05 0.0299953 0.0262603 0.0331329 0.00384026 8.61463e-05 4.94161e-08 0.0162055 2.62638e-05 0.010487 0.00135697 5.55725e-05 0.0638259 1.2107e-05 0.0099032 4.79402e-05 0.000139031 0.0197642 
0.00790274 9.0889e-07 0.00572659 0.748403 0.0390901 9.08577e-07 9.08797e-07 9.08308e-07 9.08139e-07 0.00463055 0.0177277 9.08992e-07 0.00281881 0.0222676 9.0682e-07 9.07425e-07 9.09007e-07 9.07501e-07 0.0032669 9.0771e-07 0.00527192 9.08833e-07 9.07448e-07 0.0167224 9.08845e-07 0.00100077 0.125158 
5.08854e-07 8.01499e-05 0.00656237 0.96666 0.0049368 3.30625e-07 2.06831e-07 4.8199e-07 0.00181946 7.84055e-07 5.46509e-08 9.54605e-08 7.95738e-05 1.9096e-05 1.32149e-06 2.95309e-05 0.000426028 1.51119e-05 0.0121123 0.0022885 2.718e-05 1.85774e-07 3.69966e-05 0.00489625 1.53071e-06 4.50719e-06 1.40473e-07 
7.35364e-06 5.29529e-08 0.00935842 0.98518 8.74387e-07 3.65328e-07 0.000432038 7.21451e-07 3.58606e-10 1.21143e-07 0.000283966 0.000656053 0.00011475 1.53713e-06 8.21608e-10 6.09515e-10 5.27956e-07 5.8339e-10 6.81654e-10 6.72753e-08 2.25725e-08 1.15501e-10 6.01499e-10 0.000264764 0.00137079 1.90784e-07 0.00232744 
0.169327 0.0198473 0.109151 0.281126 0.189525 4.82584e-05 0.0392413 5.31342e-05 8.40061e-05 7.72629e-05 0.0241915 0.000509529 0.00217192 0.00440102 0.0007993 2.95058e-05 0.0637032 0.00528076 0.000530534 0.00176984 0.0052347 0.00148484 4.94618e-05 0.000211138 0.0222766 0.0378871 0.0209887 
7.35364e-06 5.29529e-08 0.00935842 0.98518 8.74387e-07 3.65328e-07 0.000432038 7.21451e-07 3.58606e-10 1.21143e-07 0.000283966 0.000656053 0.00011475 1.53713e-06 8.21608e-10 6.09515e-10 5.27956e-07 5.8339e-10 6.81654e-10 6.72753e-08 2.25725e-08 1.15501e-10 6.01499e-10 0.000264764 0.00137079 1.90784e-07 0.00232744 
0.000127155 0.000354213 0.0873313 0.40377 0.00357718 3.37364e-06 9.1729e-05 0.0105101 1.60896e-06 0.000136169 0.0428441 0.000143867 0.0188256 5.16048e-05 9.27507e-06 2.96723e-08 0.00333071 1.22984e-05 1.78324e-05 3.25978e-06 0.000765954 0.0105032 9.05743e-06 0.0313126 0.000165721 0.000403343 0.385699 
9.76191e-05 0.0574285 0.000421703 0.417043 0.117881 0.000113587 0.00461502 0.0528088 0.000686105 7.06979e-05 0.0406224 0.0693501 0.00880586 0.00119738 1.54632e-05 1.28297e-06 0.107412 0.000825217 0.00172661 1.84433e-05 0.0293316 0.0350701 1.1994e-06 0.0359945 0.000718706 0.00919604 0.00854776 
7.35364e-06 5.29529e-08 0.00935842 0.98518 8.74387e-07 3.65328e-07 0.000432038 7.21451e-07 3.58606e-10 1.21143e-07 0.000283966 0.000656053 0.00011475 1.53713e-06 8.21608e-10 6.09515e-10 5.27956e-07 5.8339e-10 6.81654e-10 6.72753e-08 2.25725e-08 1.15501e-10 6.01499e-10 0.000264764 0.00137079 1.90784e-07 0.00232744 
8.41624e-06 0.0216718 0.160581 0.445828 0.00442045 0.000103992 0.0376144 0.000812728 2.67239e-05 1.66493e-05 0.0495099 0.00208084 0.0179685 0.000466541 5.20481e-05 0.000111819 0.0074432 2.31256e-05 0.00112603 0.00064567 0.00128631 0.106302 8.42479e-06 0.00379193 3.10724e-05 7.31172e-05 0.137995 
0.00536432 0.0726846 0.0210939 0.459911 0.0873862 0.00353131 0.014322 0.00249961 0.000468651 0.00010941 0.00939228 0.0151982 0.0490292 0.00444928 2.83492e-05 2.28869e-05 0.0220343 0.000197567 5.27188e-05 0.00332957 0.00041361 0.207612 0.000344159 0.00439882 1.56694e-05 0.000224468 0.0158859 
0.00505547 0.0295035 0.00421824 0.383673 0.0161977 0.00120775 0.00235683 0.0071298 0.0123314 6.67991e-06 0.0283011 0.313249 0.00534058 0.0319924 1.7742e-06 5.17959e-05 0.0352688 4.48351e-05 0.00113561 3.37709e-05 0.0103231 0.0833691 6.04786e-05 0.0165354 2.00648e-05 0.00797476 0.00461693 
7.35364e-06 5.29529e-08 0.00935842 0.98518 8.74387e-07 3.65328e-07 0.000432038 7.21451e-07 3.58606e-10 1.21143e-07 0.000283966 0.000656053 0.00011475 1.53713e-06 8.21608e-10 6.09515e-10 5.27956e-07 5.8339e-10 6.81654e-10 6.72753e-08 2.25725e-08 1.15501e-10 6.01499e-10 0.000264764 0.00137079 1.90784e-07 0.00232744 
0.00566545 0.0927771 0.00898726 0.632076 0.00937755 0.00472054 0.000503136 0.00124098 2.48171e-06 0.000138404 0.0111444 0.013731 0.0352718 0.00037154 2.25225e-08 5.27146e-07 0.00443245 0.000413529 0.000655494 1.3987e-08 7.1795e-07 0.0383638 5.22262e-07 0.138566 4.03079e-07 1.16718e-05 0.00154705 
0.00154442 0.00508596 0.0237532 0.794887 0.000341209 0.000938468 0.0266177 0.000961406 2.26307e-06 3.07629e-06 0.0555075 0.0030307 0.000332198 0.000453485 5.18497e-06 3.8465e-06 0.0259837 3.68163e-06 0.000486335 3.21999e-06 0.000412006 0.00667755 3.79591e-06 0.00196077 7.02236e-07 5.43468e-05 0.0509458 
7.35364e-06 5.29529e-08 0.00935842 0.98518 8.74387e-07 3.65328e-07 0.000432038 7.21451e-07 3.58606e-10 1.21143e-07 0.000283966 0.000656053 0.00011475 1.53713e-06 8.21608e-10 6.09515e-10 5.27956e-07 5.8339e-10 6.81654e-10 6.72753e-08 2.25725e-08 1.15501e-10 6.01499e-10 0.000264764 0.00137079 1.90784e-07 0.00232744 
0.000486151 0.00497117 0.09543 0.242315 0.130067 0.00135821 0.00146955 0.010706 0.000623554 1.24975e-05 0.135746 0.192436 0.00917275 0.0252436 0.0749979 2.12137e-06 0.0266463 3.2713e-06 0.00011017 7.35953e-05 0.00388009 0.0181568 1.07834e-05 0.00163815 2.44013e-05 0.00822829 0.0161909 
0.0184526 0.165102 0.000722457 0.518436 0.00460228 3.2704e-05 0.0179977 0.00237594 2.09298e-05 6.83136e-05 0.00282371 0.00754111 0.00671271 0.000618074 2.21472e-05 0.00230778 0.0192043 0.00552412 0.00723801 7.40334e-05 0.000570379 0.174568 0.000171266 0.0132938 0.0160618 0.000182722 0.0152745 
0.003762 0.0171555 0.0026666 0.248286 0.0095011 1.94728e-05 0.0144081 0.0186048 0.00049485 1.59104e-06 0.185265 0.0852546 0.162595 0.00106676 6.09729e-05 3.24756e-06 0.165289 3.9982e-05 0.000692833 2.23624e-05 7.93478e-05 0.0212062 0.00831663 0.0114762 7.76402e-08 0.00632598 0.0374062 
0.00595332 0.0154856 0.0337889 0.766051 0.0100009 0.000902151 0.00134728 0.000654948 9.2547e-05 1.63363e-07 0.00925548 0.0137279 0.00851912 0.000558505 2.75342e-07 5.35139e-05 0.00879565 0.000189483 0.00673616 0.000286401 4.11999e-05 0.0582702 2.01578e-07 0.0565767 6.92562e-07 1.1281e-06 0.00271038 
1.35136e-05 0.0107591 0.00940718 0.836536 0.00253388 0.0162838 0.00112714 0.0024401 0.000491348 3.42876e-05 0.0212349 0.00442522 0.00336927 0.000463843 5.66226e-05 2.28984e-05 0.00615664 3.48197e-06 0.000207992 4.75642e-05 0.00011902 0.0546534 3.82878e-08 0.00806231 5.0983e-07 2.7732e-05 0.0215219 
7.02159e-05 0.000606064 0.000160286 0.529746 0.047582 0.000513846 0.00010832 0.00220465 6.76214e-05 5.91927e-07 8.05216e-06 7.1516e-05 0.0294263 0.0119943 9.9767e-07 0.000124991 0.00134169 0.000810627 0.00323704 0.000193089 2.37425e-06 0.0639941 7.30393e-07 0.306789 1.03692e-05 1.04994e-05 0.000924842 
0.00128268 0.0010532 0.00164792 0.617885 0.00505731 8.42895e-06 0.00168999 0.000558731 1.26421e-05 2.81624e-07 0.0792002 5.84894e-05 0.0915872 0.00164387 0.000196724 2.14527e-09 0.00768579 0.000173373 6.07095e-05 1.79585e-09 0.000365502 0.0041195 1.21076e-07 0.00482343 8.09126e-06 0.000128026 0.180753 
0.00223817 0.0270393 0.0137185 0.355443 0.0229935 0.0393515 0.00916268 0.00912651 0.000980181 1.89713e-05 0.0817218 0.0371345 0.0504994 0.00806305 0.000102149 0.000214748 0.0282878 9.11981e-05 0.00138184 0.000962214 0.00295828 0.247929 0.000754052 0.0281348 0.00106439 0.00961169 0.0210178 
7.35364e-06 5.29529e-08 0.00935842 0.98518 8.74387e-07 3.65328e-07 0.000432038 7.21451e-07 3.58606e-10 1.21143e-07 0.000283966 0.000656053 0.00011475 1.53713e-06 8.21608e-10 6.09515e-10 5.27956e-07 5.8339e-10 6.81654e-10 6.72753e-08 2.25725e-08 1.15501e-10 6.01499e-10 0.000264764 0.00137079 1.90784e-07 0.00232744 
0.00492622 0.115331 0.00278438 0.280153 0.00205527 0.0024344 0.0006649 0.00072227 3.63602e-08 0.16763 0.00662855 0.0190038 0.0516649 0.00355716 3.65224e-05 6.18007e-08 0.0159251 5.91518e-08 0.000255523 3.90637e-05 5.99628e-05 0.218132 0.000615709 0.0213181 0.000130985 0.000552406 0.0853778 
3.33802e-05 0.00135331 4.78203e-06 0.552287 0.240246 0.000111595 2.51015e-05 0.00716475 2.42115e-08 3.29117e-08 0.0544945 0.0899098 0.00155095 0.00142976 5.54714e-08 4.11517e-08 0.0147411 3.93879e-08 0.00884038 2.10413e-06 0.00014609 0.000533035 2.58335e-05 0.00391648 2.67569e-06 0.000141258 0.0230391 
0.000168344 0.0383183 0.00152083 0.592634 0.0225849 0.0109895 0.0043606 0.00189501 0.000313104 5.46601e-08 0.0149213 0.00575673 0.000399064 0.0313223 9.21275e-08 3.12349e-07 0.0246709 6.54159e-08 6.48647e-05 0.00380275 8.15666e-05 0.0330628 5.91969e-05 0.210961 1.39024e-06 2.24755e-06 0.00210873 
2.95046e-07 0.0284903 0.0443375 0.7512 3.47873e-05 0.000248039 8.05033e-05 6.06155e-05 0.000127949 4.54615e-07 0.000317593 9.12076e-05 4.51013e-05 0.000152958 7.66235e-07 5.68436e-07 0.00072733 0.139926 6.35714e-07 0.000167716 1.48778e-05 1.07717e-07 5.26657e-05 0.0339013 1.03777e-07 6.46696e-08 2.03241e-05 
1.26601e-05 3.84721e-06 4.53429e-06 0.993298 1.58815e-06 0.00164859 5.14589e-06 1.19917e-05 1.43503e-05 1.9507e-05 1.3597e-06 1.20963e-05 2.26468e-06 4.43576e-06 3.28783e-05 2.4391e-05 0.000125548 0.0046788 2.72778e-05 2.04182e-05 5.1479e-06 4.622e-06 2.40702e-05 5.4685e-06 4.45294e-06 2.7749e-06 3.49492e-06 
7.35364e-06 5.29529e-08 0.00935842 0.98518 8.74387e-07 3.65328e-07 0.000432038 7.21451e-07 3.58606e-10 1.21143e-07 0.000283966 0.000656053 0.00011475 1.53713e-06 8.21608e-10 6.09515e-10 5.27956e-07 5.8339e-10 6.81654e-10 6.72753e-08 2.25725e-08 1.15501e-10 6.01499e-10 0.000264764 0.00137079 1.90784e-07 0.00232744 
1.88703e-06 0.000341646 0.214242 0.437674 0.000281218 1.22609e-06 0.0222264 0.000126589 0.000110001 0.00625177 7.1853e-05 0.00046541 0.000429821 0.00013317 4.90062e-06 3.63555e-06 0.286791 3.47973e-06 0.000435155 0.00204145 7.67311e-07 0.00362044 3.58774e-06 9.77767e-05 0.000766985 3.73148e-05 0.0238374 
0.000558107 0.00082789 0.0953095 0.766749 0.000934097 1.03366e-08 4.34046e-06 2.26019e-06 1.91878e-06 6.05006e-06 0.00874781 1.00018e-05 0.00469236 2.12062e-05 1.32755e-06 3.06497e-08 0.000572345 8.90451e-07 3.34628e-05 1.29535e-05 6.1012e-06 2.33623e-05 3.02466e-08 0.000688469 4.6848e-07 3.08352e-07 0.120795 
0.00411965 0.0921316 0.0109586 0.207728 0.0663001 0.134414 0.0131185 0.0130431 0.0010021 5.42958e-05 0.0506284 0.0899201 0.0463415 0.0183918 4.93249e-05 4.03509e-07 0.0971297 0.000461662 0.000579442 0.00086231 0.00771338 0.0613624 0.000865612 0.0371948 0.00428315 0.0132471 0.0280987 
2.53256e-05 1.8634e-10 0.254012 0.500588 3.16159e-06 3.98421e-10 9.99461e-08 0.0051627 6.95063e-10 2.92992e-06 0.21953 1.63361e-06 1.5642e-05 2.17017e-06 2.54955e-06 1.18138e-09 5.24453e-05 2.71492e-06 1.32121e-09 9.88962e-10 9.57489e-06 2.23868e-10 1.16585e-09 0.020237 2.15679e-10 1.34403e-10 0.000351216 
7.35364e-06 5.29529e-08 0.00935842 0.98518 8.74387e-07 3.65328e-07 0.000432038 7.21451e-07 3.58606e-10 1.21143e-07 0.000283966 0.000656053 0.00011475 1.53713e-06 8.21608e-10 6.09515e-10 5.27956e-07 5.8339e-10 6.81654e-10 6.72753e-08 2.25725e-08 1.15501e-10 6.01499e-10 0.000264764 0.00137079 1.90784e-07 0.00232744 
0.000493569 0.0314766 5.01558e-06 0.66765 0.0133512 4.86718e-06 3.80857e-05 0.004222 2.63855e-07 7.72315e-08 0.0294046 0.0114571 0.00212125 0.00347775 7.85337e-06 7.19558e-09 0.0107347 1.24506e-07 6.38979e-07 6.02358e-09 7.69181e-06 0.0748342 2.61104e-06 0.121459 2.86328e-06 0.00104419 0.0282029 
0.00505547 0.0295035 0.00421824 0.383673 0.0161977 0.00120775 0.00235683 0.0071298 0.0123314 6.67991e-06 0.0283011 0.313249 0.00534058 0.0319924 1.7742e-06 5.17959e-05 0.0352688 4.48351e-05 0.00113561 3.37709e-05 0.0103231 0.0833691 6.04786e-05 0.0165354 2.00648e-05 0.00797476 0.00461693 
6.48499e-08 0.000794883 0.0180886 0.432949 0.194801 4.21359e-08 0.00206089 0.00061499 7.35079e-08 1.52654e-05 2.30344e-05 1.21658e-08 0.00704351 0.0253504 1.68415e-07 1.2494e-07 2.1227e-05 1.19585e-07 3.76593e-05 0.0354171 0.0576397 2.36756e-08 1.23297e-07 0.0359501 1.55902e-06 0.0145708 0.174619 
0.000151954 5.45798e-07 0.0226515 0.90435 0.00262858 8.51906e-06 1.77649e-06 0.000612755 3.3689e-06 7.59058e-07 0.00093447 3.57811e-07 3.76252e-05 0.000464256 6.59914e-10 4.89561e-10 3.39947e-06 1.90533e-06 2.58044e-05 4.09822e-10 8.07355e-05 1.96696e-06 4.83122e-10 0.00200773 3.24295e-07 5.80707e-05 0.0659739 
0.127359 0.0467735 0.0402526 0.180084 0.0458803 0.0274871 0.0249985 0.0491484 0.00512077 6.90893e-05 0.0569893 0.066058 0.0691979 0.0200175 1.88113e-05 0.000163079 0.0637153 0.00247416 0.000192971 0.000975182 0.0176295 0.0441505 0.00331533 0.053415 0.00227891 0.00989848 0.0423368 
0.0081519 0.0260663 0.0400694 0.254727 0.0467867 0.109022 0.00336854 0.123581 0.000727838 1.37372e-05 0.0155247 0.00427624 0.0303094 0.00172528 9.20423e-05 1.72751e-08 0.172081 2.43384e-05 0.00072315 0.000929538 0.0029866 0.00706158 0.00473885 0.00284524 5.3352e-05 0.00489829 0.139217 
7.35364e-06 5.29529e-08 0.00935842 0.98518 8.74387e-07 3.65328e-07 0.000432038 7.21451e-07 3.58606e-10 1.21143e-07 0.000283966 0.000656053 0.00011475 1.53713e-06 8.21608e-10 6.09515e-10 5.27956e-07 5.8339e-10 6.81654e-10 6.72753e-08 2.25725e-08 1.15501e-10 6.01499e-10 0.000264764 0.00137079 1.90784e-07 0.00232744 
0.00790274 9.0889e-07 0.00572659 0.748403 0.0390901 9.08577e-07 9.08797e-07 9.08308e-07 9.08139e-07 0.00463055 0.0177277 9.08992e-07 0.00281881 0.0222676 9.0682e-07 9.07425e-07 9.09007e-07 9.07501e-07 0.0032669 9.0771e-07 0.00527192 9.08833e-07 9.07448e-07 0.0167224 9.08845e-07 0.00100077 0.125158 
0.000108164 0.0140867 0.0910758 0.4233 0.00859663 0.166477 0.000441448 0.00155853 2.71469e-06 5.13988e-05 0.0828748 0.0140456 0.168036 0.00130885 7.7326e-06 5.51855e-09 0.00791622 3.18319e-06 0.000267708 0.000964225 0.000163504 0.00784722 1.46092e-05 0.00251563 0.000136537 0.000145866 0.008053 
0.000126496 0.00190695 0.0174511 0.795329 0.011349 0.000517073 0.00460998 0.000104506 1.60199e-05 6.94982e-05 0.0148944 0.00679562 0.00518911 0.00370069 2.39347e-06 6.41551e-06 0.0199202 4.81485e-05 0.000558734 8.38118e-05 5.20754e-05 0.0963805 9.36149e-08 0.0033542 2.08231e-05 0.00368946 0.013824 
0.00604202 0.215499 0.0507341 0.240811 0.0429902 0.0332093 0.002537 0.0734151 0.000523031 9.18418e-05 0.032241 0.0587985 0.0348045 0.00775177 1.24481e-05 8.34347e-06 0.015847 7.65474e-05 3.0872e-05 4.88058e-06 0.00125071 0.126697 7.79053e-08 0.0398155 7.04097e-07 0.00465092 0.012157 
0.00136855 0.0117508 0.00405612 0.652034 0.0196864 0.00440466 0.00571209 0.00468747 7.8174e-05 9.50934e-05 0.0383712 0.019797 0.0321368 0.00401076 2.74032e-05 8.02099e-05 0.0213746 0.000165028 0.00060569 0.00079505 0.00414972 0.103016 0.0189993 0.0206445 0.00118285 0.00602372 0.0247474 
3.36244e-07 0.112148 0.00967391 0.323285 0.312211 2.18473e-07 0.000159791 0.00463768 3.81136e-07 5.18094e-07 0.0094766 0.125985 0.00933189 0.0237962 8.73227e-07 6.47808e-07 0.0358218 6.20042e-07 7.2448e-07 0.000217335 0.00314034 0.000911738 6.39288e-07 0.000857551 1.18267e-07 7.36996e-08 0.0283408 
0.00179571 0.00230851 0.0265491 0.881109 0.00613162 0.00170341 0.00101013 0.0181819 0.000156545 1.14188e-07 0.0068634 0.00542557 0.00879135 0.000111959 6.49055e-07 8.68472e-05 0.00874662 1.69513e-06 6.86317e-05 4.05189e-06 2.35232e-05 0.0154581 0.000854873 0.000839608 4.03906e-06 0.000217296 0.013556 
0.0260674 0.000315694 3.18351e-07 0.331853 0.119208 0.000432059 5.76899e-05 0.0175131 9.81358e-07 3.2296e-09 0.11836 0.0313412 0.000836381 0.0106122 1.79228e-06 6.01031e-08 0.288219 5.57454e-07 2.95711e-05 4.64787e-05 0.00220151 0.0394558 3.98508e-09 0.00444081 9.49577e-08 0.00749436 0.00151253 
2.28769e-06 0.00281185 1.41396e-06 0.989864 1.51091e-06 0.00421142 0.00014908 5.27593e-07 7.1127e-07 1.73915e-07 1.99997e-06 0.00102822 9.66112e-05 3.94586e-06 1.99492e-10 1.47994e-10 3.95473e-07 1.41651e-10 1.0862e-06 1.39291e-06 4.54379e-07 0.000844528 1.23324e-06 0.000404611 2.70185e-11 1.02963e-05 0.000562317 
0.00278893 0.00754319 0.103158 0.374757 0.0375556 0.0129122 0.0250159 0.0290487 1.07283e-05 3.15047e-05 0.0869711 3.48797e-05 0.0357497 0.00251337 0.000232675 1.36656e-07 0.00625695 0.000195878 0.000476797 0.00105128 0.0156667 0.0351977 0.000817657 0.0199032 0.000152413 0.141426 0.0605319 
2.62049e-07 0.210389 0.00169028 0.411493 0.115227 0.00670934 0.000216341 0.00221698 0.000146485 0.000398731 0.0598531 0.0563472 0.0170729 0.0382854 6.69537e-05 5.04864e-07 0.0101369 0.0383148 0.00120845 4.22633e-07 0.0012996 0.0101432 5.30402e-06 0.00648907 2.87334e-05 0.00777542 0.00448469 
0.00012887 2.13985e-09 0.000857484 0.665218 0.000279667 4.57528e-09 4.57978e-05 0.000266136 7.98178e-09 1.085e-08 9.514e-05 2.65523e-07 8.06293e-06 8.38874e-05 2.56204e-05 1.35664e-08 0.000138527 1.2985e-08 0.000112289 0.000136293 7.87435e-05 2.49393e-05 0.000108456 0.332214 1.2634e-05 2.31529e-05 0.000141907 
0.00327592 0.0357078 0.00132223 0.225707 0.00487997 0.00172951 0.124328 0.000623585 0.00148027 5.45262e-05 0.0436914 0.0745594 0.0451257 0.044606 2.8162e-05 1.16737e-07 0.127237 0.000879202 0.000111674 7.71117e-05 0.000593412 0.0368377 2.51436e-05 0.00893779 0.00496276 0.00835229 0.204866 
0.00119039 0.012009 0.000474786 0.776688 0.0380702 0.000228583 3.79245e-05 0.00776646 1.46584e-05 2.24285e-07 0.0110625 0.0405142 0.00845926 0.00281156 3.78023e-07 2.80439e-07 0.0126622 5.79042e-05 6.44617e-05 2.21772e-06 0.00390387 0.0567327 2.76751e-07 0.0212198 6.63457e-06 0.000219753 0.00580195 
0.00782338 0.0146104 0.0654291 0.540552 0.0291075 0.00211662 0.000751321 0.000280635 6.28735e-07 0.00504335 0.0306551 0.00192065 0.060596 0.000958475 9.18514e-05 0.000899871 0.0165803 9.57889e-05 0.00140961 0.070202 0.000301461 0.000631986 8.63707e-05 0.00574145 4.98702e-05 0.000822281 0.143242 
0.00588477 0.000697055 0.000276645 0.428023 0.0294849 0.00895911 0.00146279 5.43825e-05 0.0233242 5.02378e-07 0.198598 0.0012162 0.0978639 0.00189709 3.0477e-06 3.16631e-07 0.00396964 1.63696e-05 0.173365 1.19731e-06 0.000319903 0.00554223 7.07944e-07 0.00192013 1.95144e-06 0.00138716 0.0157302 
7.35364e-06 5.29529e-08 0.00935842 0.98518 8.74387e-07 3.65328e-07 0.000432038 7.21451e-07 3.58606e-10 1.21143e-07 0.000283966 0.000656053 0.00011475 1.53713e-06 8.21608e-10 6.09515e-10 5.27956e-07 5.8339e-10 6.81654e-10 6.72753e-08 2.25725e-08 1.15501e-10 6.01499e-10 0.000264764 0.00137079 1.90784e-07 0.00232744 
0.0216025 0.00047889 0.0174511 0.619516 0.00163729 0.00216949 1.11755e-08 0.0164497 2.11677e-05 0.0001096 0.0166037 0.00421197 0.021736 0.00131976 6.33813e-06 1.19436e-08 0.00893558 2.03915e-05 8.4925e-06 9.65808e-06 0.00124805 0.00125505 4.15476e-06 0.0278239 3.10854e-06 1.53401e-06 0.237377 
0.00459015 0.00312615 0.00499012 0.358122 0.00404895 4.61666e-06 0.00274383 0.00871741 8.21565e-05 0.000130725 0.117398 0.0972509 0.116375 0.00169175 0.000355726 4.43921e-08 0.0383384 2.96335e-05 0.000632058 3.22488e-05 0.000237163 0.00148519 2.25227e-05 0.00418553 4.62385e-05 0.000423869 0.23494 
0.000861661 0.0139665 0.000802236 0.373012 0.0197301 0.00263274 0.0109503 0.00246267 0.000664436 0.000151504 0.0597632 0.141681 0.020332 0.00545114 2.01739e-05 2.57921e-05 0.258841 0.000987469 0.00104902 6.64751e-05 0.0119035 0.0347434 1.43141e-05 0.00467572 0.00278113 0.0147816 0.0176485 
0.000572282 0.00500512 0.0158358 0.743552 0.0138026 0.00986629 0.00574685 0.00441742 0.00145692 8.15191e-06 0.0447931 0.0125758 0.0148674 0.0021826 1.44598e-05 3.92814e-05 0.0360566 2.94646e-05 0.000545907 0.00151013 0.00495166 0.0562973 0.00113118 0.00670842 0.000710297 0.00363285 0.01369 
7.35364e-06 5.29529e-08 0.00935842 0.98518 8.74387e-07 3.65328e-07 0.000432038 7.21451e-07 3.58606e-10 1.21143e-07 0.000283966 0.000656053 0.00011475 1.53713e-06 8.21608e-10 6.09515e-10 5.27956e-07 5.8339e-10 6.81654e-10 6.72753e-08 2.25725e-08 1.15501e-10 6.01499e-10 0.000264764 0.00137079 1.90784e-07 0.00232744 
7.35364e-06 5.29529e-08 0.00935842 0.98518 8.74387e-07 3.65328e-07 0.000432038 7.21451e-07 3.58606e-10 1.21143e-07 0.000283966 0.000656053 0.00011475 1.53713e-06 8.21608e-10 6.09515e-10 5.27956e-07 5.8339e-10 6.81654e-10 6.72753e-08 2.25725e-08 1.15501e-10 6.01499e-10 0.000264764 0.00137079 1.90784e-07 0.00232744 
0.000653465 0.00255634 0.00730883 0.58025 0.00508534 2.45728e-05 1.76797e-05 0.00401341 4.85874e-06 5.1633e-07 0.0128855 0.00580276 0.000709916 0.000341795 6.52093e-06 4.77418e-09 0.0150797 4.06722e-07 5.33924e-09 1.77587e-06 5.34492e-05 0.00063649 4.7114e-09 0.000275435 4.55342e-07 0.0039038 0.360387 
2.08756e-05 0.00102248 0.00163745 0.885744 0.00306932 1.5267e-07 0.000387118 0.000573489 1.43938e-08 9.96096e-06 1.95965e-05 0.000200208 0.094886 0.000225462 1.97015e-07 3.90291e-10 0.00169237 6.31972e-05 1.65533e-05 0.00319617 4.12742e-05 0.00145663 9.72678e-06 0.000279199 2.34178e-06 0.00390093 0.00154495 
0.000653465 0.00255634 0.00730883 0.58025 0.00508534 2.45728e-05 1.76797e-05 0.00401341 4.85874e-06 5.1633e-07 0.0128855 0.00580276 0.000709916 0.000341795 6.52093e-06 4.77418e-09 0.0150797 4.06722e-07 5.33924e-09 1.77587e-06 5.34492e-05 0.00063649 4.7114e-09 0.000275435 4.55342e-07 0.0039038 0.360387 
0.0161088 0.0329797 0.0246874 0.42974 0.0423805 0.010621 0.00677631 0.00700297 0.00174508 7.15531e-06 0.0792057 0.0925712 0.0795498 0.011187 4.58943e-05 0.00109027 0.0507966 6.30689e-05 0.00421153 0.000444192 0.0040452 0.0579132 0.00524993 0.0125025 0.000883825 0.00496951 0.0232214 
0.00106644 0.0222619 0.00384947 0.438629 0.0146693 1.09149e-05 0.0205056 0.0347277 0.000831347 2.15144e-08 0.0674301 0.0468553 0.134035 0.0010685 4.52856e-05 4.67278e-06 0.13522 4.46459e-07 4.4258e-05 1.24142e-05 5.55926e-07 0.0230902 5.97029e-06 0.0133325 1.42793e-07 0.0112126 0.0310901 
7.35364e-06 5.29529e-08 0.00935842 0.98518 8.74387e-07 3.65328e-07 0.000432038 7.21451e-07 3.58606e-10 1.21143e-07 0.000283966 0.000656053 0.00011475 1.53713e-06 8.21608e-10 6.09515e-10 5.27956e-07 5.8339e-10 6.81654e-10 6.72753e-08 2.25725e-08 1.15501e-10 6.01499e-10 0.000264764 0.00137079 1.90784e-07 0.00232744 
0.000232355 6.90883e-06 1.44619e-05 0.51182 0.286051 0.000174989 0.00255564 0.11965 1.71016e-07 2.3247e-07 1.17734e-05 2.2139e-05 0.0409522 0.00241693 1.0167e-05 2.90673e-07 0.016232 2.78214e-07 1.50246e-05 8.21103e-06 0.0133943 0.00137867 2.8685e-07 0.0043374 5.30667e-08 0.000679774 3.46563e-05 
0.00393838 0.0302427 0.00336268 0.402609 0.0149951 6.70813e-06 0.00315291 0.00365384 4.4595e-06 1.75384e-05 0.0631182 0.00447747 0.0332415 0.00533875 4.91879e-05 7.77211e-07 0.00309064 0.000756262 0.000851022 0.000202839 1.94523e-05 0.357606 7.6699e-07 0.000340358 1.75285e-05 2.60362e-06 0.0689027 
0.000558107 0.00082789 0.0953095 0.766749 0.000934097 1.03366e-08 4.34046e-06 2.26019e-06 1.91878e-06 6.05006e-06 0.00874781 1.00018e-05 0.00469236 2.12062e-05 1.32755e-06 3.06497e-08 0.000572345 8.90451e-07 3.34628e-05 1.29535e-05 6.1012e-06 2.33623e-05 3.02466e-08 0.000688469 4.6848e-07 3.08352e-07 0.120795 
7.35364e-06 5.29529e-08 0.00935842 0.98518 8.74387e-07 3.65328e-07 0.000432038 7.21451e-07 3.58606e-10 1.21143e-07 0.000283966 0.000656053 0.00011475 1.53713e-06 8.21608e-10 6.09515e-10 5.27956e-07 5.8339e-10 6.81654e-10 6.72753e-08 2.25725e-08 1.15501e-10 6.01499e-10 0.000264764 0.00137079 1.90784e-07 0.00232744 
0.00106644 0.0222619 0.00384947 0.438629 0.0146693 1.09149e-05 0.0205056 0.0347277 0.000831347 2.15144e-08 0.0674301 0.0468553 0.134035 0.0010685 4.52856e-05 4.67278e-06 0.13522 4.46459e-07 4.4258e-05 1.24142e-05 5.55926e-07 0.0230902 5.97029e-06 0.0133325 1.42793e-07 0.0112126 0.0310901 
0.00258616 0.00154387 2.72056e-05 0.251625 0.00649186 0.000155852 0.0571483 2.71026e-05 3.68195e-05 2.73837e-05 0.115624 0.0545751 0.0160611 0.00484895 4.6297e-06 3.74479e-07 0.142267 2.61027e-06 5.6509e-06 4.49384e-07 0.00295459 0.204421 4.56939e-07 0.0037132 2.47051e-05 0.0174535 0.118373 
0.00314734 0.0121685 0.0250055 0.328938 0.0153046 0.000289655 0.255125 0.0175522 0.000576653 3.71474e-05 0.0157044 0.0179249 0.180872 0.00566067 1.38941e-07 7.02748e-10 0.00125454 2.80576e-05 0.000137719 0.000660667 0.00787633 0.0214555 0.000122069 0.00294306 0.0408483 8.48156e-05 0.0462815 
0.000626079 0.0141169 0.0310909 0.214157 0.0332977 0.204903 0.00309146 0.0141631 0.00149876 1.05827e-06 0.101795 0.077663 0.0267308 0.0120481 7.08286e-06 1.01967e-09 0.0245712 2.05698e-06 0.000564283 0.000268395 0.000342641 0.00651843 7.76714e-05 0.0704842 1.27362e-05 0.0325831 0.129385 
3.52383e-07 0.00815191 1.35141e-05 0.852087 3.32648e-06 1.70795e-10 2.37043e-06 1.13949e-05 2.9796e-10 1.62176e-06 5.76224e-06 0.0216021 8.88947e-06 8.778e-07 3.17418e-06 5.06436e-10 0.0324809 4.84729e-10 9.21526e-05 2.47489e-06 4.35615e-06 6.12195e-06 4.99775e-10 0.00930749 1.96658e-08 1.11606e-06 0.0762135 
7.35364e-06 5.29529e-08 0.00935842 0.98518 8.74387e-07 3.65328e-07 0.000432038 7.21451e-07 3.58606e-10 1.21143e-07 0.000283966 0.000656053 0.00011475 1.53713e-06 8.21608e-10 6.09515e-10 5.27956e-07 5.8339e-10 6.81654e-10 6.72753e-08 2.25725e-08 1.15501e-10 6.01499e-10 0.000264764 0.00137079 1.90784e-07 0.00232744 
8.26211e-05 0.0201088 0.105863 0.525653 0.120676 0.00135253 0.00238168 0.0107677 1.04819e-05 3.93066e-06 0.0183234 0.000942467 0.0764482 0.00175404 1.40161e-05 3.24174e-05 0.00676546 0.000309356 0.000168284 5.80356e-05 0.00362532 0.0441174 0.000487177 0.0293026 8.89377e-05 0.024769 0.0058946 
0.0301716 0.0666756 0.0547257 0.245313 0.086525 0.00194364 0.0194255 0.00150676 0.00213231 8.35311e-06 0.0219711 0.0284445 0.0316491 0.0773059 6.94946e-05 0.190785 0.0427931 0.00211864 0.0209124 0.000258106 0.00143498 0.0154613 0.000236872 0.0297068 0.000304805 0.001291 0.02683 
0.000536207 0.010629 0.0121854 0.65126 0.0328433 9.01538e-05 0.000289014 0.0220414 1.06152e-05 0.000178027 0.00684147 0.0284878 0.0215466 0.00126841 6.85859e-05 0.00159875 0.0236388 4.347e-05 0.00191341 0.000128526 0.000251817 0.099201 0.000123216 0.0205445 1.42683e-05 0.000906964 0.0633592 
0.0161048 0.0533165 0.0146596 0.394358 0.375623 1.21131e-08 5.65859e-05 0.00327426 2.11319e-08 1.03221e-05 1.05191e-06 3.49739e-09 0.00027104 9.4136e-06 4.05985e-07 0.000333541 3.20306e-09 4.11754e-06 8.05001e-06 2.0286e-06 3.53471e-06 0.0999024 3.5445e-08 0.0239983 0.000130125 0.0179218 1.0978e-05 
0.000333703 0.0827914 0.00107923 0.412728 0.00566989 0.00541692 0.000803094 0.0135323 2.16631e-06 1.81835e-06 0.0144603 0.033688 0.00939328 0.00135321 4.42043e-06 1.93035e-08 0.360248 4.12929e-06 0.000901556 0.00283917 0.00482596 0.0180908 1.90496e-08 0.0108524 0.0100137 3.30509e-05 0.0109341 
0.0035363 0.168702 0.00075711 0.273176 0.0103952 0.000559663 0.0125211 0.00138233 2.31176e-05 0.0174392 0.0321273 0.0722388 0.0603442 0.000877533 0.00347783 0.00637212 0.0816676 0.000966831 0.000905501 0.000749328 0.000471289 0.0516179 0.000265116 0.0219141 0.0105467 0.0165101 0.150456 
0.000653465 0.00255634 0.00730883 0.58025 0.00508534 2.45728e-05 1.76797e-05 0.00401341 4.85874e-06 5.1633e-07 0.0128855 0.00580276 0.000709916 0.000341795 6.52093e-06 4.77418e-09 0.0150797 4.06722e-07 5.33924e-09 1.77587e-06 5.34492e-05 0.00063649 4.7114e-09 0.000275435 4.55342e-07 0.0039038 0.360387 
4.59741e-06 0.0132751 0.0477937 0.629909 0.00549219 0.0828635 0.00227407 0.0100031 0.00316924 8.58923e-05 0.0621207 0.0143973 0.0190013 0.000817223 0.000165979 4.34592e-07 0.0323858 2.00266e-05 0.000895677 0.0002864 3.29883e-05 0.00913515 6.33664e-09 0.00278955 2.53476e-06 0.000170591 0.0629078 
0.00119575 0.000932423 0.00142586 0.641575 0.00398049 7.14412e-06 0.00152007 0.00035297 9.58886e-06 1.78536e-06 0.0754641 2.89907e-05 0.0798558 0.000975747 0.000180795 3.43387e-08 0.00687033 0.000129578 4.79041e-05 2.87457e-08 0.000341083 0.00255585 1.1888e-06 0.00368169 8.94507e-06 0.000117389 0.178739 
0.0057586 0.02621 0.0187564 0.607033 0.0221136 0.012151 0.00336465 0.0215239 0.000498966 1.20603e-05 0.0441088 0.0178725 0.0197999 0.0028136 1.87484e-05 7.77759e-05 0.0711075 0.00165928 0.000410361 7.73019e-05 0.000865968 0.0464655 0.000826918 0.0616749 0.000755946 0.00362624 0.0104164 
7.35364e-06 5.29529e-08 0.00935842 0.98518 8.74387e-07 3.65328e-07 0.000432038 7.21451e-07 3.58606e-10 1.21143e-07 0.000283966 0.000656053 0.00011475 1.53713e-06 8.21608e-10 6.09515e-10 5.27956e-07 5.8339e-10 6.81654e-10 6.72753e-08 2.25725e-08 1.15501e-10 6.01499e-10 0.000264764 0.00137079 1.90784e-07 0.00232744 
0.00385663 0.0297715 0.135344 0.202574 0.140791 0.0060335 0.00663454 0.0261734 0.000190555 1.83417e-05 0.0688422 0.0212492 0.0320219 0.00677936 4.09631e-05 4.74087e-06 0.0576248 2.7022e-05 5.39657e-05 3.88972e-05 0.00109792 0.188381 4.42046e-05 0.0154708 5.14719e-05 0.00118463 0.0556992 
4.7756e-05 0.0676487 0.00710435 0.269298 0.0979932 0.00247798 0.0254257 2.16616e-05 0.000343643 9.96178e-06 0.0657169 0.13174 0.080122 0.00489138 1.72962e-05 1.45115e-09 0.0717659 0.00343467 0.0212952 0.0068131 8.42794e-05 0.0135051 2.06847e-07 0.0138636 0.000896498 0.00122392 0.114259 
0.00240081 2.02489e-06 0.0656163 0.342552 0.108788 0.000707231 8.35634e-06 7.60618e-05 5.0212e-10 5.94873e-08 0.11401 0.000561013 0.0501802 0.00120124 0.000539768 2.64321e-05 0.017873 1.049e-06 6.13222e-06 0.00849371 0.0128601 7.30617e-06 0.0122523 0.000359574 1.55809e-10 5.95838e-06 0.261472 
7.35364e-06 5.29529e-08 0.00935842 0.98518 8.74387e-07 3.65328e-07 0.000432038 7.21451e-07 3.58606e-10 1.21143e-07 0.000283966 0.000656053 0.00011475 1.53713e-06 8.21608e-10 6.09515e-10 5.27956e-07 5.8339e-10 6.81654e-10 6.72753e-08 2.25725e-08 1.15501e-10 6.01499e-10 0.000264764 0.00137079 1.90784e-07 0.00232744 
0.00603892 0.0564256 0.00319798 0.512075 0.005739 0.000667448 0.0213373 0.00113612 0.000199807 6.62081e-06 0.0372224 0.0432587 0.0326113 0.000503535 3.13445e-06 0.00489805 0.0627613 4.783e-05 0.0191602 7.41612e-05 0.00203816 0.104589 3.28565e-06 0.00800172 3.20037e-06 0.000960307 0.0770395 
0.00553321 0.0401849 0.0226866 0.466274 0.016159 0.00242635 0.00934326 0.00204231 0.00496972 1.88367e-05 0.0584981 0.0316756 0.152354 0.0294286 9.99404e-06 2.98564e-05 0.0408614 0.00545342 0.000396567 0.000599259 0.00847523 0.0571082 1.45558e-07 0.012092 0.00120529 0.00959773 0.0225758 
3.63703e-07 0.000251999 0.00107698 0.936709 0.000258732 5.13162e-07 0.000228866 0.00577887 2.43028e-08 8.09203e-10 0.000265233 0.000739561 2.50478e-05 2.8956e-07 8.45848e-08 1.0118e-09 7.20906e-05 1.65621e-08 7.5424e-07 9.17524e-06 3.18167e-05 0.0537031 9.98496e-10 0.0008461 1.8472e-10 2.17593e-07 8.01363e-07 
2.53256e-05 1.8634e-10 0.254012 0.500588 3.16159e-06 3.98421e-10 9.99461e-08 0.0051627 6.95063e-10 2.92992e-06 0.21953 1.63361e-06 1.5642e-05 2.17017e-06 2.54955e-06 1.18138e-09 5.24453e-05 2.71492e-06 1.32121e-09 9.88962e-10 9.57489e-06 2.23868e-10 1.16585e-09 0.020237 2.15679e-10 1.34403e-10 0.000351216 
0.0683313 0.000456159 0.000193074 0.678588 0.0104855 4.8712e-08 0.00155564 0.000226233 3.43645e-11 1.45589e-08 0.0564751 0.0035317 0.0086567 0.0108645 1.18548e-07 5.84086e-11 0.00649462 8.41764e-08 1.78774e-05 1.06409e-07 0.000222112 0.0125249 2.17405e-08 0.0242874 1.60559e-08 4.2968e-05 0.117046 
0.000709245 0.116659 0.0435351 0.189344 0.163395 0.0194336 0.00767697 0.0137624 0.00545076 0.00753736 0.103716 0.0247464 0.0171402 0.0223932 0.00343638 0.00197754 0.0368439 8.69861e-05 0.00820457 0.000266879 0.0046549 0.0447077 0.00104548 0.0491285 0.00283136 0.0530351 0.0582816 
0.0045718 0.0144603 0.0166417 0.417582 0.00951045 0.000129231 0.0022847 0.000724051 9.93438e-06 1.8855e-07 0.118474 0.0294915 0.0300114 0.000113175 3.10563e-06 3.40221e-06 0.221777 8.34123e-06 1.9537e-08 5.27625e-05 0.000818956 0.0107023 7.11817e-06 0.0355255 4.42186e-06 8.37215e-06 0.0870853 
0.000344589 0.00553452 0.116093 0.322571 0.0450471 1.56403e-05 0.00698439 0.0360853 0.000174892 0.000187263 0.0804417 0.0330353 0.0149207 0.000319033 0.000344049 5.3496e-09 0.110007 4.45436e-07 0.000134087 2.80631e-05 0.0131392 0.000197161 0.0035425 0.00205552 5.88043e-06 0.00273765 0.206054 
0.0010704 0.0142962 0.02152 0.440042 0.0306931 0.00078556 0.00697213 0.00887055 0.000106034 3.21646e-06 0.0474702 0.0126126 0.0552942 0.0155265 3.62444e-05 2.71704e-05 0.0563156 2.77475e-05 0.00193772 0.000563666 0.00206865 0.192986 2.63855e-05 0.0413424 0.000118674 0.0180631 0.0312234 
0.00106644 0.0222619 0.00384947 0.438629 0.0146693 1.09149e-05 0.0205056 0.0347277 0.000831347 2.15144e-08 0.0674301 0.0468553 0.134035 0.0010685 4.52856e-05 4.67278e-06 0.13522 4.46459e-07 4.4258e-05 1.24142e-05 5.55926e-07 0.0230902 5.97029e-06 0.0133325 1.42793e-07 0.0112126 0.0310901 
6.49207e-05 0.0223998 0.00389816 0.450972 0.0191328 0.0163294 0.243699 0.0158672 0.0140933 2.5199e-06 0.0287879 0.0416363 0.0515371 0.00640464 0.000256448 1.45984e-08 0.0102751 7.70323e-05 0.00562523 9.90626e-06 0.000813573 0.0124548 0.000183389 0.0307308 2.19665e-05 0.000504467 0.0242214 
0.000945384 2.71656e-08 0.0115113 0.887305 0.000280478 5.80838e-08 1.07977e-05 1.26116e-06 3.10862e-05 9.39471e-07 0.00413574 0.00014867 4.29754e-06 6.2529e-07 9.29593e-07 1.72228e-07 0.0028068 9.07674e-07 6.8926e-05 1.44176e-07 2.65715e-06 3.26366e-08 1.69963e-07 0.000535779 3.14428e-08 1.95939e-08 0.0922076 
0.0054883 0.0348759 0.0135304 0.593018 0.0160124 0.0226952 0.00221622 0.0390838 0.000114076 8.27945e-08 0.0573759 0.0406515 0.0138397 0.0140241 5.9899e-06 1.69752e-05 0.0378479 6.88978e-07 8.88967e-05 0.000513921 0.00295093 0.0548423 0.00318863 0.0443228 1.87659e-06 0.0023796 0.000914078 
0.00611925 0.0600971 0.00446825 0.480999 0.0127652 0.10486 0.0126587 0.0138458 0.000388912 1.49962e-05 0.0468129 0.0248571 0.136911 0.00297068 1.90474e-06 1.46889e-06 0.00893496 0.0054649 0.000559974 4.56527e-05 0.000368468 0.02717 5.35489e-05 0.0352874 0.00470964 0.00459136 0.00504157 
0.00532534 0.0157481 0.00126215 0.296144 0.0460735 0.00258801 0.0120055 0.0237035 0.00748935 3.25807e-06 0.0930045 0.0278541 0.0299199 0.00132135 1.11743e-05 1.11657e-08 0.264335 0.00196239 0.00526429 2.46276e-05 0.00314116 0.0794763 1.28537e-08 0.0240403 0.00192946 0.0190754 0.0382978 
0.0081519 0.0260663 0.0400694 0.254727 0.0467867 0.109022 0.00336854 0.123581 0.000727838 1.37372e-05 0.0155247 0.00427624 0.0303094 0.00172528 9.20423e-05 1.72751e-08 0.172081 2.43384e-05 0.00072315 0.000929538 0.0029866 0.00706158 0.00473885 0.00284524 5.3352e-05 0.00489829 0.139217 
0.000558107 0.00082789 0.0953095 0.766749 0.000934097 1.03366e-08 4.34046e-06 2.26019e-06 1.91878e-06 6.05006e-06 0.00874781 1.00018e-05 0.00469236 2.12062e-05 1.32755e-06 3.06497e-08 0.000572345 8.90451e-07 3.34628e-05 1.29535e-05 6.1012e-06 2.33623e-05 3.02466e-08 0.000688469 4.6848e-07 3.08352e-07 0.120795 
0.00142258 3.04918e-09 0.0533219 0.262067 0.00315152 0.000192314 0.000119257 0.00476711 1.13737e-08 6.16416e-05 0.104301 0.0040788 0.0226641 0.00200384 7.83904e-05 1.93315e-08 0.172745 2.79801e-05 2.16196e-08 0.000612661 0.0013414 0.000297241 0.000147223 0.239162 8.78752e-05 1.0739e-05 0.127339 
0.00505547 0.0295035 0.00421824 0.383673 0.0161977 0.00120775 0.00235683 0.0071298 0.0123314 6.67991e-06 0.0283011 0.313249 0.00534058 0.0319924 1.7742e-06 5.17959e-05 0.0352688 4.48351e-05 0.00113561 3.37709e-05 0.0103231 0.0833691 6.04786e-05 0.0165354 2.00648e-05 0.00797476 0.00461693 
