0.0327006 0.0401309 0.14495 0.00943961 0.238388 0.000174326 0.0010578 0.00254264 5.0045e-08 1.62927e-06 0.107109 0.0350195 0.00179909 0.0157942 1.14705e-06 9.83157e-09 0.119821 0.0206122 1.42751e-05 0.00542466 0.152816 0.00193473 1.49812e-07 0.0321718 1.57124e-05 0.00139692 0.0366838 
0.000173172 0.00143141 0.00349019 0.000239391 0.749186 0.00039062 0.0185262 1.26874e-10 4.83394e-05 4.64644e-05 0.0850735 0.0433021 0.00601669 0.00450461 3.33627e-07 2.58058e-10 0.00699261 7.71489e-07 0.0012816 4.45702e-07 0.0355527 0.00149475 0.0279519 0.00310398 2.79898e-08 0.00680308 0.00438914 
0.0163714 0.00124138 0.00541265 4.82355e-05 0.66328 0.00126194 0.000725573 0.000276135 0.000115633 3.99268e-07 0.0108498 0.0123238 0.00376854 0.0260723 6.09822e-06 1.21851e-05 0.0103046 3.64335e-06 1.95355e-05 2.49637e-05 0.237423 0.000832913 3.85022e-05 0.00671327 0.000162439 0.000724241 0.00198642 
1.84524e-07 1.13555e-07 0.000626241 0.000924454 0.599016 1.52316e-07 0.0397886 1.09919e-11 1.31539e-11 3.22031e-08 1.7349e-07 0.00125508 2.07586e-12 0.0568753 3.01371e-11 2.23574e-11 1.9938e-12 5.29242e-05 2.50035e-11 1.87158e-11 0.300691 0.000416428 2.20633e-11 5.01257e-12 4.08167e-12 6.18109e-08 0.00035297 
0.00513001 0.0440076 0.003843 0.0121637 0.421169 0.0207735 0.000455464 0.0618715 0.00060742 9.87168e-08 0.0171095 0.0827424 0.0326249 0.0135626 6.73819e-07 0.0117337 0.0710895 2.57668e-06 0.00052229 0.0117739 0.0033057 0.0581068 0.00623602 0.0324913 4.99419e-05 0.00379375 0.0848326 
0.00655921 0.0474732 0.00277013 0.000108437 0.505412 0.00144196 0.0182809 0.00427649 0.000198574 9.93181e-05 0.00762156 0.012902 0.0189055 0.17499 0.000332486 6.63682e-06 0.0243327 0.0377041 1.63719e-05 4.80896e-06 0.0743688 0.00587949 6.09707e-06 0.0542641 1.89712e-07 0.000122228 0.0019221 
0.13799 0.0791764 0.00640807 0.00158091 0.160334 0.0553898 0.0111983 0.063373 0.000158037 5.15802e-05 0.0582457 0.125892 0.0184878 0.0123676 3.27194e-06 0.00246197 0.148189 0.000178712 0.00073151 2.54416e-05 0.00496837 0.0437476 0.000635876 0.0433957 0.00926921 0.00149363 0.0142453 
0.00619454 0.011324 0.0873491 0.00774661 0.563378 0.000850132 0.0307869 0.00564459 9.76974e-05 0.000479746 0.0585748 0.0211427 0.0257716 0.0254393 0.000673729 8.89557e-06 0.0559304 0.000326343 0.00358849 0.0163219 0.00970349 0.00679749 0.00192994 0.0190413 3.93404e-05 0.0335638 0.00729507 
0.00111622 0.0097934 0.0305695 0.000481919 0.501327 0.001362 0.00372995 0.00148068 0.000201899 1.71773e-05 0.220704 0.0679723 0.0192367 0.069399 2.7868e-05 1.31966e-07 0.0267236 8.97916e-10 0.00126983 0.0153707 0.00329224 0.004037 0.000999636 0.00227666 2.01839e-05 0.01479 0.00379976 
0.115023 0.00362312 0.00122917 0.000250306 0.399857 0.00191486 0.000589475 0.00361672 2.72642e-05 4.8438e-09 0.0945024 0.0391693 0.00463202 0.0992457 1.82176e-06 1.06628e-08 0.0383634 2.18713e-05 0.000110983 7.8363e-05 0.0711698 0.00208549 0.00147199 0.0042152 1.51185e-06 0.113968 0.00483161 
0.00358776 0.011313 0.0179873 0.000786315 0.286295 0.000333618 0.000462629 0.0444982 0.000181796 1.56899e-05 0.262837 0.053287 0.0307652 0.04726 0.00313874 1.48636e-10 0.164125 5.22055e-05 0.000623731 2.02306e-05 0.0327773 0.0069387 0.00185799 0.0138355 6.15738e-07 0.00455767 0.0124616 
0.0143551 0.0170389 0.0172872 0.00476865 0.512932 0.00267213 0.0095483 0.00714913 0.00030122 1.03587e-05 0.0504192 0.056006 0.0118223 0.0408551 0.000239467 4.59378e-05 0.0517911 0.000301587 0.0203355 0.00247284 0.0891405 0.0096429 0.00604912 0.0132676 0.00440015 0.0402933 0.016854 
0.00193082 0.00447704 0.0063234 0.00336787 0.61642 0.00297841 0.00571256 0.00562902 0.000624321 0.000116033 0.0249607 0.0182363 0.025872 0.0143675 7.13102e-05 6.15983e-06 0.0389675 0.000168833 0.000103721 0.0172804 0.130652 0.00749926 0.011552 0.00634555 0.000510117 0.0422764 0.0135511 
0.0167751 0.0082411 0.00503346 0.0138202 0.662035 0.000621487 0.00405828 0.0319543 7.96325e-05 3.40607e-05 0.0063305 0.0432084 0.0132782 0.0308606 0.000170519 6.27028e-07 0.0593884 0.0183411 0.000561634 3.59758e-05 0.0256386 0.00798259 0.000121177 0.00197485 0.000292184 0.0345163 0.014646 
0.000226523 0.000614864 0.0243702 5.59319e-05 0.510992 7.75791e-05 0.000104141 0.00176908 0.000216815 1.00204e-05 0.0554631 0.0391276 0.00135401 0.0497926 1.42707e-05 4.10448e-11 0.060392 7.01831e-08 5.15685e-06 0.00407666 0.154948 0.000546499 0.0456184 7.52373e-05 0.000152346 0.0478752 0.00212212 
0.00511623 0.00399428 0.0240863 0.0139959 0.381003 2.17659e-07 0.00255662 0.0119054 0.000369445 3.60535e-08 0.013181 0.0451309 0.0772962 0.00221666 7.5059e-06 7.61665e-10 0.263318 4.0677e-06 2.83709e-07 1.4592e-06 0.0693201 0.0229477 0.00404958 0.000501755 1.08066e-05 0.0028291 0.0561575 
0.0575339 0.034744 0.0345188 0.000632933 0.275854 0.0319092 0.0107063 0.0266864 0.00183321 1.98786e-05 0.136849 0.0839994 0.0299654 0.0834153 3.25209e-05 0.00399077 0.0276349 0.000882904 0.00390306 0.000203362 0.0512503 0.0116383 0.00274112 0.0371083 0.00126608 0.0281055 0.0225747 
0.00160182 0.010223 0.0510139 0.039106 0.167825 0.0271183 0.0356726 0.0246772 0.00129171 9.2087e-05 0.0900535 0.13984 0.0360035 0.0118715 2.23918e-05 2.86771e-07 0.111708 3.50292e-05 0.000536324 0.000931636 0.00517341 0.0220274 0.000633253 0.135212 0.00138853 0.0185113 0.0674315 
0.0128343 0.00963152 0.00401455 0.000253482 0.326781 0.000875294 0.00940299 0.0023414 0.00372502 4.17929e-07 0.0726534 0.0420461 0.00722486 0.0276805 6.52698e-05 9.11597e-09 0.0317841 0.00248731 0.0004482 1.06168e-05 0.173369 0.00716837 0.00112633 0.0186007 6.29616e-05 0.242568 0.00284441 
0.00991395 0.0518675 0.225045 0.00332481 0.404152 0.000103714 0.133226 0.017462 1.5488e-07 3.82262e-05 0.015327 0.0083322 0.00379652 0.0227097 4.72162e-09 1.67373e-06 0.0720582 8.34346e-06 2.15576e-06 0.000548026 0.00578691 0.021965 1.08167e-06 0.000184798 6.39481e-10 0.00326037 0.00088472 
0.00105178 0.00279772 0.000648825 7.43257e-05 0.649114 0.000292731 0.000252294 0.000328652 0.036904 2.95617e-08 0.00341598 0.00209142 0.0037636 0.0152609 1.27212e-05 2.69845e-11 0.00674258 5.34914e-05 0.0321355 1.70513e-06 0.205662 0.000151811 2.63756e-06 7.32526e-05 6.92078e-06 0.0385767 0.00058434 
0.00860071 0.0172482 0.0793328 0.0105794 0.417558 0.00147122 0.0514429 1.77659e-05 0.00700294 4.1997e-05 0.0385767 0.048741 0.0589972 0.0143859 0.00155785 4.88057e-08 0.00317233 0.00405051 0.00519117 0.0211467 0.00680281 0.0887607 5.50383e-06 0.0137739 0.00548123 0.0290047 0.0670557 
1.81349e-05 2.79748e-06 0.298829 1.43187e-06 0.411867 2.77508e-06 0.028154 0.0912512 0.000549612 2.59581e-07 4.02653e-06 0.0372461 0.0220899 0.049654 5.02345e-07 3.92176e-09 0.0457094 3.75367e-09 7.75376e-07 8.89076e-07 4.20346e-06 1.53346e-06 3.87019e-09 5.83475e-06 0.000179266 1.5908e-06 0.0144254 
0.000851396 0.00183142 2.81544e-08 5.05177e-13 0.381588 0.00131972 0.0049538 2.63211e-07 2.29895e-08 1.21122e-12 0.192892 0.195327 1.05632e-07 0.0955517 2.06208e-08 1.79618e-07 0.0489396 1.1611e-09 0.000220879 0.000548513 0.0178661 0.0035996 0.00247888 0.00467393 5.61302e-09 0.00180186 0.0455551 
0.000334171 0.00316289 0.0274465 0.000201348 0.536911 0.000122822 0.0239379 0.00792053 0.00134329 4.96754e-08 0.00794314 0.00791813 0.00276908 0.0216254 0.000318181 1.60334e-07 0.120474 4.64743e-05 0.00167344 0.000356686 0.130381 0.00190304 0.000979634 0.0571539 9.75904e-05 0.0407492 0.00423018 
0.00658285 0.0547261 0.103874 0.00586415 0.351811 0.00345301 0.0215934 0.100627 0.07337 5.13073e-06 0.0675173 0.023642 0.0518529 0.0362093 5.71174e-05 0.000365865 0.0157634 6.28816e-05 0.00019654 0.00425083 0.00122074 0.0334776 5.09488e-05 0.00532289 3.19885e-05 0.035925 0.00214573 
0.000936645 0.000965573 0.00381921 0.00175338 0.312524 0.000667799 0.00126832 0.00121407 1.18905e-07 3.43597e-07 0.00679369 0.0134763 0.00910424 0.215526 3.37978e-06 1.4452e-08 0.00486071 0.011539 6.26049e-05 9.8807e-08 0.179605 0.00756681 0.000247102 0.0136371 1.35288e-05 0.209991 0.00442371 
6.02595e-07 0.0171865 0.0119396 0.0151915 0.292514 0.00301465 0.0118185 0.0256726 0.00307343 0.000422195 0.120205 0.101861 0.0105547 0.125603 0.000241258 6.02044e-07 0.143597 6.02094e-07 6.01906e-07 6.02232e-07 0.0733196 0.0127235 6.02059e-07 0.00325647 6.02986e-07 0.0110367 0.0167649 
0.00123255 0.104206 0.000290025 0.00378393 0.820711 1.07051e-06 6.69682e-07 0.00127646 1.86754e-06 5.16625e-05 0.00154287 0.00495238 0.00486797 0.0151677 4.27876e-06 3.78915e-05 0.00261487 3.03817e-06 9.91223e-05 2.65721e-06 0.000730056 0.0362548 3.13248e-06 0.000237814 5.79502e-07 0.00173215 0.000193314 
0.000754528 0.0223376 0.0668299 0.0251451 0.309678 0.000769846 3.42772e-05 0.00144458 5.74689e-07 4.98188e-07 0.228528 0.0653118 0.142526 0.000155563 0.000407413 1.69824e-07 0.000953608 1.98086e-10 1.08464e-06 9.4562e-05 0.000897305 0.015924 0.00594692 0.0278363 3.6417e-08 4.04984e-05 0.0843825 
0.0240603 0.0149916 0.0139189 2.92928e-05 0.89494 0.000781981 0.00326029 2.33004e-08 5.24001e-06 5.28612e-06 0.00400245 0.0019788 0.00146666 0.0140695 1.02363e-05 4.73926e-08 0.014007 4.53613e-08 0.00243524 1.81677e-05 0.00529782 0.00107031 4.67693e-08 0.00298201 5.42971e-06 5.39174e-09 0.000663472 
0.00643193 0.00354169 0.0702686 0.0208725 0.312515 0.0690131 0.0260088 0.0135368 0.00016013 9.86444e-06 0.0241861 0.0478252 0.018085 0.024311 0.000589938 1.91172e-07 0.169619 1.09469e-05 0.0100202 1.20729e-05 0.0179152 0.0244696 9.65776e-07 0.0238049 0.000260282 0.0468168 0.0697138 
0.0611077 0.0168104 0.0207715 0.000165029 0.323669 0.0670408 0.0187057 0.00017604 4.35987e-05 0.000182434 0.112167 0.0292933 0.014502 0.0953181 0.000295936 0.0198541 0.102221 1.42484e-05 0.00147996 0.000328184 0.0220933 0.00108666 0.000389007 0.0081072 0.000447982 0.0655801 0.0181501 
1.84524e-07 1.13555e-07 0.000626241 0.000924454 0.599016 1.52316e-07 0.0397886 1.09919e-11 1.31539e-11 3.22031e-08 1.7349e-07 0.00125508 2.07586e-12 0.0568753 3.01371e-11 2.23574e-11 1.9938e-12 5.29242e-05 2.50035e-11 1.87158e-11 0.300691 0.000416428 2.20633e-11 5.01257e-12 4.08167e-12 6.18109e-08 0.00035297 
0.0381215 0.00658458 0.0106403 0.00387863 0.522287 0.000417426 0.000453426 0.00516878 0.00143863 2.4074e-06 0.0333566 0.0360564 0.00382687 0.133032 9.59847e-05 0.00152175 0.0462959 0.0105448 0.000803529 0.00675068 0.0942019 0.0104107 9.07623e-05 0.00426396 0.000183228 0.00843137 0.0211417 
0.00269493 0.00824705 0.0683516 0.001197 0.578813 0.0172472 0.00271257 0.00220015 0.00102488 8.76088e-07 0.0221157 0.0246437 0.00932927 0.0153494 0.00188237 0.000336012 0.0280719 0.00472177 0.000935732 0.000924688 0.00985368 0.00176996 0.000168932 0.00714142 1.15149e-05 0.187832 0.00242226 
0.0991285 0.0294008 0.0179846 0.000363208 0.625688 0.00126539 0.0229366 0.000675248 0.000591418 0.000161904 0.035763 0.0244896 0.0189015 0.0297886 8.94202e-06 2.75139e-09 0.0505133 0.000559162 0.000753513 0.0019957 0.0188768 0.00307693 1.28995e-06 0.00347636 0.00899075 0.00103788 0.00357103 
0.00525584 0.0464033 0.0197171 0.000464475 0.447398 0.00503272 0.00894914 0.0170686 0.0039897 1.86941e-06 0.0198207 0.10274 0.00391316 0.208406 2.65615e-05 7.8117e-06 0.0495985 0.000202245 0.000352271 2.82344e-05 0.0417565 0.0023248 0.000259452 0.00311509 0.000182907 0.000156262 0.0128287 
0.00218376 1.99773e-05 0.0456459 0.00168987 0.611165 8.18633e-09 0.0299641 0.0716125 0.00023055 1.94133e-08 0.0305386 0.0237873 0.0037258 0.0257485 8.72357e-06 2.42738e-08 0.115223 1.44213e-06 1.08217e-06 0.000137425 0.0117386 0.0050648 0.00156093 0.0199457 4.43154e-09 2.76157e-09 6.01822e-06 
1.30793e-05 0.0176519 0.0041901 0.00389417 0.371467 0.00621262 0.00943183 0.149919 0.00544837 3.43876e-09 0.0832248 0.0157409 0.117998 0.00284261 0.000213077 4.92098e-07 0.0145852 0.000143446 0.00123529 5.66116e-06 0.000180381 0.00292903 4.76459e-06 0.191876 9.4417e-06 9.73995e-06 0.000773068 
0.000847752 0.00251811 0.0020788 2.98688e-05 0.536508 7.4689e-05 0.0195632 0.000404607 0.00538503 4.85545e-08 0.106684 0.000920379 0.00238744 0.253889 0.000977543 4.71476e-08 0.00236656 9.91551e-06 5.52767e-05 1.21425e-06 0.00465147 0.00110471 0.000233618 8.24798e-05 1.31059e-05 0.0582837 0.000929813 
0.000747199 0.000922911 2.10028e-05 0.002577 0.667965 9.36618e-12 0.000220909 0.0256937 0.00207384 2.22113e-11 0.00128416 0.00250203 1.63151e-05 0.0182428 7.2338e-06 2.77723e-11 0.0195123 9.22923e-08 2.50887e-06 3.21081e-05 0.159043 0.00751304 0.0725149 0.000598558 1.64911e-05 0.0168344 0.00165826 
0.000310742 0.0178098 0.00818546 0.0257254 0.454088 0.00234076 0.00265423 0.00126335 0.000453429 2.6536e-05 0.201194 0.0396144 0.0223587 0.0297061 5.74282e-06 7.20204e-05 0.0565964 2.28062e-05 0.000224032 0.00126561 0.00256827 0.0308337 0.000362148 0.0412404 4.78973e-06 0.055184 0.00588968 
4.90666e-06 0.00040907 0.0528822 0.00994077 0.306448 0.00230785 0.0488539 2.59321e-06 3.98653e-06 3.82172e-06 0.161235 0.113882 0.0473603 0.00408551 5.89932e-06 6.09756e-07 0.0349847 0.00632382 0.00227957 0.0447988 0.00942929 0.0189531 2.73149e-06 0.103952 0.000292021 0.000681199 0.0308756 
0.0203243 0.00544488 0.0982549 0.00222033 0.4522 0.0123845 0.00871373 0.0259835 2.49751e-06 2.00537e-06 0.00822389 0.0161314 0.0224752 0.107235 6.75712e-06 1.7559e-07 0.181284 4.29585e-06 5.07234e-05 2.88779e-07 0.0127566 0.000329441 8.00973e-06 0.0143704 1.66986e-05 0.00253694 0.00903923 
0.000567638 0.00670026 0.052046 0.00223731 0.308925 0.00306838 0.0217726 0.000170805 0.000127877 8.68489e-07 0.141325 0.00958517 0.0321316 0.00478348 0.000271854 2.06284e-08 0.0228317 1.03176e-05 0.241386 0.000305832 0.00393622 0.00219783 0.00031111 0.00242081 1.07452e-05 0.0470433 0.0958326 
3.89344e-10 0.012706 9.94451e-05 3.27595e-07 0.86861 2.52975e-10 2.41965e-05 3.68789e-10 8.83267e-07 9.18048e-08 1.02623e-06 0.00514345 2.17963e-06 0.102935 2.52722e-05 2.59204e-08 0.0015491 8.6451e-05 0.000688599 6.27934e-10 0.00436525 1.09145e-06 8.78212e-05 0.00271841 3.44758e-07 5.53189e-07 0.000954395 
0.00138635 0.012398 0.00196859 0.00711911 0.475306 0.00361197 0.00957548 0.0119272 0.00198729 2.31353e-08 0.0407411 0.0782398 0.00975535 0.0249964 3.43247e-05 2.14127e-11 0.0108665 0.000121023 0.000293208 0.000141664 0.0673143 0.00948396 0.11162 0.00496201 6.29124e-06 0.0533725 0.062771 
0.000678909 4.42875e-08 0.000630878 2.59457e-09 0.540857 1.38891e-08 0.00203548 1.41582e-12 6.77887e-09 2.30313e-12 0.000604087 2.80411e-13 2.17652e-08 0.0267071 6.603e-09 4.6105e-09 1.20447e-08 6.06668e-09 3.22059e-12 0.00082817 0.0192789 5.45704e-13 0.000526681 6.45647e-13 2.60774e-08 0.407853 1.17605e-08 
0.00132462 0.00962077 0.00661262 0.00776916 0.585108 0.00010614 0.0234914 0.000146886 6.33534e-05 4.4469e-06 0.0117265 0.00493759 0.00361437 0.0910681 1.16411e-06 6.08306e-07 0.0192145 1.73206e-05 7.93808e-05 0.000228106 0.154518 0.0043561 0.0081615 7.71701e-05 7.33206e-05 0.0600018 0.00767707 
0.0023179 0.00500872 0.0512383 0.0153301 0.496979 0.00392003 0.0075101 0.000126315 0.00666861 1.52873e-06 0.0243762 0.0318891 0.00662422 0.202235 7.54803e-06 3.33141e-09 0.0339738 0.000558553 0.00034563 4.27029e-06 0.0448946 0.00341074 0.00807813 0.00361994 0.000102751 0.045375 0.00540303 
0.00283536 0.0412604 0.174204 4.6865e-07 0.252375 0.153477 0.000695075 3.92995e-06 0.00197841 1.03365e-07 0.230089 1.22582e-06 0.0341227 0.0127027 0.000118446 5.84124e-11 0.0562585 1.94289e-06 0.000116719 0.00240469 0.0262021 0.00196433 5.76442e-11 4.43538e-05 0.000154481 0.00442153 0.0045678 
0.0179955 0.000981454 0.0060209 0.00175954 0.53943 0.00141441 0.000780709 0.00170222 0.000135055 1.17896e-05 0.0280632 0.00388437 0.00169232 0.00492396 1.88582e-07 1.93334e-07 0.0528873 0.00156585 0.00291924 1.19986e-08 0.0158582 0.000573868 6.15264e-05 0.000291824 3.00442e-06 0.310548 0.00649539 
0.0068998 0.00633469 0.00987554 0.000303055 0.455805 0.00132322 0.00204819 0.000178296 0.00175013 9.77025e-07 0.057291 0.0153189 0.0093291 0.129675 0.00581446 3.77776e-06 0.0164689 0.000339046 0.000421508 0.000147177 0.0669282 0.00139446 0.00600115 0.00385108 1.39762e-05 0.197279 0.00520431 
3.23106e-06 0.000935293 0.290126 0.00179033 0.443904 1.53878e-05 0.00121393 0.0138776 8.5317e-10 1.15975e-09 0.107615 0.00684162 0.00455997 0.0649932 3.07534e-07 2.66344e-06 0.0205047 1.85744e-08 8.12069e-05 0.000254378 0.0168789 0.000127038 0.000665998 0.000502671 0.000117916 0.00877018 0.0162189 
9.48518e-07 0.000638337 0.000604694 0.00682648 0.484714 0.0185878 0.000233727 0.0190438 4.38882e-07 1.70265e-10 0.00227521 0.0707871 3.65282e-07 0.0965464 1.77214e-08 9.45133e-09 0.0994153 4.3312e-07 0.000634553 1.59503e-05 0.037991 0.0175184 0.00012075 0.0109097 4.10136e-05 0.127606 0.00548772 
0.00042864 0.00275733 2.56763e-07 0.000205007 0.925923 4.65636e-06 8.28116e-09 1.66219e-07 3.73512e-10 5.0773e-10 1.11112e-08 0.000510599 0.000854981 0.0187419 4.34717e-08 2.00871e-06 0.00218294 6.07639e-10 6.28e-06 5.31447e-10 0.00604998 6.58476e-05 6.26501e-10 1.28271e-05 4.1175e-06 0.042129 0.000120212 
0.227044 0.000300495 9.28091e-05 0.006393 0.350664 8.9183e-05 0.0210108 0.000636792 7.36747e-05 4.79856e-07 0.00345123 0.0279552 0.0229857 0.0150341 9.605e-06 9.83411e-07 0.102692 1.73727e-06 0.00276051 1.20272e-05 0.108518 0.0398327 1.2903e-05 0.00121432 5.0272e-05 0.0423818 0.0267827 
0.0152611 0.0205641 0.0297716 0.000537367 0.442019 0.00462788 0.0393595 0.0214251 0.00621869 2.98517e-06 0.0644817 0.0609717 0.0162066 0.0743457 5.62211e-05 0.000261843 0.0204852 0.000330163 0.0212563 0.000277914 0.0626035 0.00172555 0.0311651 0.00633878 0.00015709 0.027286 0.0322639 
4.04389e-05 0.0244307 0.0344008 0.000121791 0.388248 0.000370554 0.000117069 8.766e-05 2.18208e-06 1.71461e-09 0.182157 0.0587685 0.00732306 0.0385879 4.0268e-06 9.15843e-09 0.0557819 1.3973e-07 0.00402636 2.34176e-06 0.156617 0.00114263 7.42275e-08 0.00307823 9.49244e-07 0.0408988 0.00379162 
0.00281226 0.0281557 0.107324 0.00314964 0.27544 0.010938 0.0102938 0.0056981 0.00387715 5.74845e-06 0.161855 0.0280722 0.0469244 0.0117054 1.09965e-05 1.43937e-08 0.0241043 5.97729e-06 0.000266322 0.000138801 0.0535538 0.00805225 0.0526659 0.00358614 0.000556814 0.118795 0.0420123 
0.00017021 0.00202032 0.00347705 0.000141329 0.692236 8.61262e-06 0.000689625 0.014182 0.000718155 4.2381e-08 0.00238788 0.00297629 0.00324341 0.0335887 2.50682e-05 5.84698e-08 0.00184434 1.59892e-06 2.85998e-07 0.00030449 0.207771 0.000214542 0.000513681 0.000455082 8.41562e-08 0.0320749 0.000954999 
5.77229e-10 3.82108e-06 1.82095e-06 0.00652511 0.566288 1.28116e-06 4.23695e-07 6.46256e-05 6.54294e-10 8.89409e-10 6.19945e-11 4.24809e-06 5.50681e-07 0.00397791 3.14489e-06 1.11209e-09 0.238586 1.06442e-09 5.05186e-06 8.49427e-08 0.0152407 0.0899781 1.09746e-09 0.0109797 2.01743e-07 1.44432e-06 0.0683377 
1.27485e-06 1.20321e-07 0.037229 1.04522e-06 0.908091 2.85531e-10 1.78621e-10 2.08542e-07 4.98122e-10 6.77118e-10 1.93041e-06 8.24406e-11 1.573e-07 0.0204637 1.14126e-09 8.46647e-10 9.8161e-07 8.10358e-10 2.39564e-05 1.42458e-07 0.0339937 1.60437e-10 8.35512e-10 1.8982e-10 1.54568e-10 0.000193076 2.06355e-07 
0.0184822 0.000310611 0.00140594 5.50026e-05 0.879326 0.00117604 0.00059896 5.87653e-05 9.40765e-05 3.92795e-07 0.00880101 0.00990279 0.00345551 0.0207876 5.52474e-06 2.79154e-09 0.00966959 1.34775e-07 1.83122e-05 1.99269e-05 0.0403251 0.000564049 1.1936e-05 0.00267722 2.58713e-05 0.000576795 0.00165096 
0.000334337 0.100251 0.0706561 0.0589948 0.168332 0.0119827 0.000915353 0.0167368 0.0526695 4.58256e-08 0.120822 0.0300917 0.0488052 0.0495282 9.80754e-06 9.90959e-07 0.0790091 1.51198e-05 0.00186531 1.07756e-06 0.00295406 0.0568873 4.7301e-07 0.111364 1.70099e-05 0.00079013 0.0169649 
0.0184822 0.000310611 0.00140594 5.50026e-05 0.879326 0.00117604 0.00059896 5.87653e-05 9.40765e-05 3.92795e-07 0.00880101 0.00990279 0.00345551 0.0207876 5.52474e-06 2.79154e-09 0.00966959 1.34775e-07 1.83122e-05 1.99269e-05 0.0403251 0.000564049 1.1936e-05 0.00267722 2.58713e-05 0.000576795 0.00165096 
0.0623309 0.00214902 0.00190788 0.000288376 0.38357 0.000128242 0.00464951 0.000348871 0.000532554 1.58766e-09 0.269614 0.0261177 0.0527282 0.051618 0.000168109 2.78688e-10 0.0216534 1.57508e-06 0.00100533 0.0647794 0.00535228 0.00184529 4.22654e-05 0.00107185 0.000387066 0.0428507 0.00485917 
0.000466769 0.00734223 0.0704831 0.00452432 0.570397 0.00029292 0.0444448 0.0115932 0.00235963 6.35841e-08 0.0115543 0.00989763 0.00281174 0.0213501 1.69755e-05 5.87336e-07 0.0742922 2.52832e-05 0.000102424 1.95916e-06 0.0276348 0.00568242 0.0603703 0.00253407 0.000558918 0.0681467 0.00311538 
0.0184822 0.000310611 0.00140594 5.50026e-05 0.879326 0.00117604 0.00059896 5.87653e-05 9.40765e-05 3.92795e-07 0.00880101 0.00990279 0.00345551 0.0207876 5.52474e-06 2.79154e-09 0.00966959 1.34775e-07 1.83122e-05 1.99269e-05 0.0403251 0.000564049 1.1936e-05 0.00267722 2.58713e-05 0.000576795 0.00165096 
0.0128865 0.023892 0.173485 0.00219285 0.301897 0.0040925 0.00593509 0.0383138 0.000958054 3.75252e-05 0.148864 0.0404271 0.0225303 0.0446221 3.53602e-05 4.59004e-05 0.0714612 1.86208e-05 0.00129035 0.000466833 0.0171926 0.00301397 0.000400971 0.0101831 4.45696e-05 0.0661457 0.0095663 
0.121438 0.0255102 0.00704929 0.00389379 0.525834 0.00453995 0.0116627 0.00655931 0.000631402 2.29922e-05 0.0305811 0.0283373 0.0258612 0.0845412 0.000170259 2.85049e-06 0.0238142 0.000147546 0.000264377 4.74178e-05 0.0368592 0.011616 0.0251332 0.00578616 8.48697e-06 0.0117435 0.00794445 
1.84524e-07 1.13555e-07 0.000626241 0.000924454 0.599016 1.52316e-07 0.0397886 1.09919e-11 1.31539e-11 3.22031e-08 1.7349e-07 0.00125508 2.07586e-12 0.0568753 3.01371e-11 2.23574e-11 1.9938e-12 5.29242e-05 2.50035e-11 1.87158e-11 0.300691 0.000416428 2.20633e-11 5.01257e-12 4.08167e-12 6.18109e-08 0.00035297 
0.000200612 0.00763816 0.0616974 0.000165314 0.259197 0.00880937 0.0246247 1.79448e-05 5.57083e-06 5.49413e-08 0.218741 0.0129474 0.0333604 0.219192 9.08314e-05 2.90187e-11 0.0497262 4.89478e-05 4.79539e-06 0.00138329 0.0388523 0.000583298 2.2136e-07 0.00035816 7.6768e-05 0.060519 0.00175853 
0.00027902 0.00265857 0.0341069 0.000534419 0.261193 0.000396807 0.107884 0.00177736 0.0864845 1.13067e-07 0.0700738 0.0268026 0.00413342 0.0508977 1.53811e-07 1.04516e-06 0.175937 5.10045e-07 8.19376e-05 6.67288e-05 0.0132308 0.0157868 0.000180947 0.0362943 0.000792926 0.0434746 0.0669294 
0.0056264 0.00755384 0.000912885 0.000100312 0.870773 0.00391064 0.00017378 0.00300125 0.000652788 8.76469e-08 0.00813657 0.0214707 0.00537758 0.0547708 0.000381405 3.35672e-05 0.00356697 0.00152078 6.40012e-05 0.0059077 0.00409154 1.02523e-06 3.7777e-10 0.000305834 1.45766e-09 0.000158128 0.00150853 
0.0390596 0.047308 0.00178086 0.00041643 0.570361 6.24451e-05 0.0110873 0.0196114 0.00273161 8.00963e-07 0.0122388 0.00904119 0.000186753 0.22228 3.27614e-09 5.85757e-10 0.0100888 0.00119324 0.00814055 0.000393158 0.0164277 0.00574444 0.0052633 0.00474499 9.73101e-05 0.00755057 0.00419012 
0.011355 0.0388092 0.223426 0.000747199 0.226662 0.00852358 0.0672641 0.000158285 0.0118219 9.0707e-06 0.192728 0.000567143 0.0185728 0.0142237 0.000486218 8.22358e-10 0.00782953 5.17425e-08 0.000380785 0.154327 0.00113178 0.00444324 4.21764e-07 0.000959258 0.000369402 0.00820553 0.00699928 
0.0016596 0.13851 0.0203323 0.00692944 0.317468 0.00975054 0.0709922 9.69419e-05 0.0020328 8.63811e-05 0.0665318 0.0258726 0.0825937 0.00414546 4.96213e-08 1.64338e-07 0.0861937 8.10768e-05 0.00119017 0.00299591 0.0342424 0.0278384 0.0016438 0.00310352 0.0476649 0.00746803 0.0405756 
0.00888791 0.00104817 0.0467498 0.0228747 0.277404 9.14694e-06 0.0255862 0.000777906 0.000235176 0.000134533 0.081319 0.04081 0.013839 0.0244727 9.54343e-06 1.80362e-10 0.0860796 0.000140443 0.000317917 0.0158107 0.139304 0.00197536 0.00272005 0.00128264 7.31982e-05 0.00628817 0.201851 
0.0106566 0.00253604 0.0757782 7.99403e-05 0.357022 0.00443602 0.000363839 1.66835e-07 0.00026417 4.23523e-06 0.201761 0.0994888 0.0585346 0.0481906 8.91093e-07 2.26652e-11 0.0476168 8.69135e-08 1.79025e-05 0.000751884 0.0243046 0.00357366 1.0382e-06 0.0229842 0.000451108 0.0139711 0.0272105 
0.00656029 0.0118131 0.0235372 0.00333993 0.484189 0.00269284 0.00800647 0.00369425 0.00113317 0.00187844 0.0640925 0.0223231 0.0202929 0.0900931 0.000213412 3.05338e-06 0.0464128 0.00291305 0.00714393 0.00231039 0.0573355 0.00907302 0.00169664 0.0213509 0.00373954 0.0862198 0.0179418 
0.0255056 0.02726 0.0068806 0.000803745 0.5422 0.000682539 0.0187564 0.0771135 0.0178858 7.43725e-09 0.124764 0.00273642 0.0176669 0.0614662 8.28154e-05 1.07552e-05 0.0165219 0.000764169 0.00516421 8.05112e-05 0.0132409 0.00383021 0.000543379 0.0070347 4.60089e-05 0.000372527 0.0285871 
0.0365671 0.010928 0.0174758 0.00783361 0.478003 0.0215578 0.00249518 6.77896e-06 0.000456816 1.26607e-06 0.0689236 0.0343976 0.000627641 0.109625 2.14892e-06 3.81849e-10 0.0811653 1.12314e-05 0.000327659 8.43512e-05 0.0483244 0.00304487 0.00100306 0.00614853 7.01368e-09 0.0504071 0.0205822 
0.000631765 0.00248557 3.25723e-05 0.00357465 0.606601 5.40778e-05 0.00190271 0.000863071 0.000336565 6.51477e-07 0.0256228 0.00766491 0.0102972 0.0246687 6.97067e-05 1.25023e-07 0.0539336 0.000562546 0.000238011 2.15308e-05 0.0596816 0.000563941 9.14475e-06 0.000477014 1.10553e-05 0.177354 0.0223414 
0.0109556 0.0134943 0.114927 0.00206796 0.266663 0.00568848 0.00238871 0.000300488 0.000309494 4.16981e-05 0.155707 0.0795971 0.0625969 0.055832 0.000256596 1.7233e-07 0.0526309 0.000555371 0.000163773 0.0345746 0.0443559 0.00369951 0.00383244 0.00209174 0.000219621 0.0766857 0.0103645 
0.00278766 0.00987482 0.00410243 0.000219986 0.286928 4.73774e-07 0.00282786 1.30997e-06 4.35358e-08 1.02334e-05 0.0339252 0.00942994 0.008454 0.0911995 0.000962833 0.186549 0.00994682 5.98197e-11 6.92194e-05 0.000104437 0.100952 0.00849808 0.22155 0.0170439 4.52541e-08 7.75587e-05 0.0044851 
0.0652728 0.00781009 0.00250893 8.79375e-08 0.795684 8.89084e-08 1.01705e-05 0.0599477 1.55105e-07 2.1084e-07 7.38357e-05 0.000144885 0.0017559 0.0217413 3.55363e-07 0.00350732 0.0245208 0.00110773 0.00163059 2.16483e-05 0.00706827 0.00501734 2.60161e-07 0.00190227 2.46912e-06 0.000156977 0.000113999 
0.000958382 0.064898 0.162349 0.00177165 0.291313 0.00457343 0.00367181 0.00100098 0.0112603 0.00135412 0.1089 0.0141937 0.0706455 0.00938728 3.63763e-05 1.65016e-10 0.0940163 7.82599e-05 4.38623e-05 0.00430238 0.021241 0.00309152 4.36649e-05 0.00702543 0.000107828 0.0348812 0.0888557 
1.53379e-06 0.0101877 0.0919258 0.00158701 0.2826 0.000319872 0.00347203 0.000131847 3.49154e-05 9.32875e-05 0.18697 0.0219125 0.0179078 0.00487245 7.69691e-05 6.67372e-09 0.0880911 4.11436e-06 0.000141672 0.215356 0.001433 0.00916053 0.000611848 0.0290253 0.000146159 0.00368795 0.0302494 
5.42437e-06 9.19878e-07 0.000129031 0.000712258 0.472931 4.10855e-08 0.000105709 7.75843e-05 1.2974e-05 9.45013e-06 0.00266533 0.00330388 0.000658068 0.00203466 1.29632e-06 1.21825e-07 0.0264412 8.78329e-06 1.36244e-07 7.1892e-05 0.0216773 0.00816815 0.440227 0.00166031 7.69636e-06 0.0190518 3.84679e-05 
2.32303e-05 0.000281963 0.00953976 4.19462e-06 0.388475 0.000320956 0.000564387 0.000185309 0.00105014 8.52236e-07 0.00346705 0.0372956 0.00843449 0.00187443 2.43004e-07 1.80274e-07 0.0176532 0.214422 2.0161e-07 0.103393 0.193897 0.000399048 1.03128e-05 0.00748499 7.29092e-05 0.000335911 0.0108129 
0.00590087 0.0572212 0.122815 0.0718969 0.370399 8.25347e-05 0.0114917 0.00208744 0.000424362 0.0624057 0.0148541 0.00454522 0.0164107 0.0243726 0.00502173 7.82065e-05 0.0427619 0.000160954 0.00730142 0.000245733 0.0496326 0.0158716 2.88433e-05 0.012286 1.5859e-05 0.01656 0.0851282 
0.00391413 0.0102065 0.0957503 0.00474817 0.374028 0.00451714 0.000201697 0.00207979 7.45451e-05 1.54049e-05 0.148235 0.0235441 0.0362681 0.0186644 6.85186e-05 5.80622e-08 0.140706 3.72713e-05 0.000892236 0.000606949 0.022234 0.00497849 0.00554402 0.0118319 4.92132e-05 0.0686564 0.0221485 
0.00200388 0.00549561 0.149201 0.000683594 0.547544 0.00287287 0.0270009 0.0121783 6.6921e-05 4.69369e-07 0.0275378 0.076376 0.0133812 0.0150676 1.29305e-05 8.77358e-09 0.0147234 6.04851e-06 4.17636e-06 0.00282492 0.0110658 0.00705463 0.00017096 0.0741223 0.00138691 0.000401961 0.00881633 
0.00039755 0.00404489 0.00169766 3.37417e-08 0.44755 9.22049e-08 0.0167085 1.13251e-05 0.000733306 3.16458e-05 0.0605859 0.0283901 0.00249441 0.0316733 1.61861e-05 1.01825e-05 0.00683263 0.000939669 0.335777 7.82883e-05 0.0569536 0.000172444 0.00085289 0.000655357 1.51153e-05 0.000580303 0.00279769 
2.76516e-06 0.000649547 0.00687016 0.000170541 0.537655 0.0010365 0.00493612 2.61918e-06 3.13433e-06 4.26063e-06 0.0453659 0.0531527 0.00122416 0.00415335 7.18113e-06 5.32736e-06 4.75086e-07 1.93414e-05 5.95788e-06 4.45965e-06 0.0130197 0.000839887 0.208318 0.000435608 9.72589e-07 0.000202015 0.121914 
0.000851396 0.00183142 2.81544e-08 5.05177e-13 0.381588 0.00131972 0.0049538 2.63211e-07 2.29895e-08 1.21122e-12 0.192892 0.195327 1.05632e-07 0.0955517 2.06208e-08 1.79618e-07 0.0489396 1.1611e-09 0.000220879 0.000548513 0.0178661 0.0035996 0.00247888 0.00467393 5.61302e-09 0.00180186 0.0455551 
0.0302137 0.00769942 0.01249 0.00649985 0.386909 0.00702865 0.0115592 0.00797956 0.000338042 5.50663e-05 0.0445047 0.0259371 0.0213084 0.0410485 0.0419428 9.72958e-05 0.0402539 0.00100299 0.000198238 9.47101e-05 0.189382 0.0107499 0.00150227 0.0261239 0.00204511 0.0506233 0.0324122 
0.00283556 0.00310192 0.043973 0.00609251 0.272113 0.00598376 0.00388217 0.0137191 0.00119142 2.09711e-05 0.150307 0.0374629 0.101137 0.064797 2.00868e-05 2.4332e-11 0.0450899 3.39996e-05 0.00141909 0.00575393 0.0512199 0.0135736 0.00536599 0.12751 6.78048e-05 0.000481077 0.0428473 
0.000746777 2.72659e-05 0.00707971 5.42858e-06 0.535655 8.26318e-05 0.00958596 0.000141152 0.000120344 1.13537e-05 0.164984 0.0808905 0.00537603 0.0229408 0.000100486 4.38285e-07 0.141121 4.195e-07 0.000171689 0.000318881 0.0139048 0.00104004 8.03075e-05 0.000320374 2.43304e-05 0.000409634 0.01486 
0.00316423 0.110718 0.00474851 0.00827744 0.159555 0.000399698 0.0210543 0.0526314 3.536e-06 1.48442e-06 0.0574799 0.069159 0.109985 0.00717494 0.000258003 0.00111949 0.123958 3.27239e-06 7.27942e-07 0.00086757 0.0134808 0.136216 0.0680676 0.0144564 4.39994e-05 0.0052291 0.0319465 
3.02923e-10 6.86728e-06 0.114962 2.41787e-05 0.499971 6.63314e-06 3.91557e-06 1.20227e-05 3.43366e-10 1.4474e-06 2.34862e-05 7.09789e-06 2.31383e-05 0.232053 3.85557e-06 5.89447e-08 8.82797e-05 1.73221e-06 2.54613e-06 1.43639e-05 0.0113376 2.38659e-05 3.57138e-06 6.34619e-06 2.13104e-06 4.66107e-06 0.141416 
0.00382014 0.0110967 0.0130877 0.0279575 0.36212 0.00399139 0.00948319 0.00443017 0.00714373 1.012e-07 0.0916627 0.00307632 0.0230191 0.0525493 0.000347375 1.31716e-07 0.0106443 2.2651e-05 0.000247446 9.72961e-06 0.16684 0.00354481 0.000195586 0.00213431 6.53776e-05 0.196459 0.00605099 
0.0834612 0.0240825 0.339809 1.46364e-06 0.381067 0.0125453 7.97645e-05 0.0737786 0.00122876 1.4038e-08 0.017048 0.00860779 0.0150867 0.0321256 9.85461e-07 1.03469e-06 0.00303645 3.07411e-07 8.64906e-05 0.000109591 0.00253453 4.49227e-07 0.00209432 0.0016675 7.68586e-05 0.00144371 2.67542e-05 
0.234642 1.97955e-07 0.0334864 1.85906e-08 0.246064 1.53071e-07 0.00136046 0.0359794 9.78856e-08 3.19722e-07 0.0294736 0.000303293 0.00126043 0.0317903 0.000144906 8.07602e-12 0.207967 1.00103e-06 0.00432494 0.00139559 0.0109361 0.00553467 0.00649515 0.00624285 0.0877188 0.000534787 0.0543436 
5.93797e-06 0.011619 0.017308 8.39611e-06 0.38318 0.00121927 0.0120245 0.162145 6.70739e-05 1.46125e-08 0.0192105 0.00554111 0.0174274 0.0797787 1.04679e-05 1.19646e-08 0.069556 0.00265262 0.000104668 1.77635e-06 0.0257901 0.00120818 0.00169568 0.000895254 1.60952e-06 0.186703 0.0018453 
0.0427918 0.0200376 0.0431843 0.0136135 0.257729 0.0297359 0.00056189 0.0785509 0.00521869 5.3328e-05 0.039511 0.0505057 0.0141725 0.205053 0.000169097 0.000714082 0.045418 0.00277902 0.000375558 8.56178e-05 0.0172362 0.00888483 9.76288e-05 0.0845226 0.0105295 0.00279438 0.0256746 
0.184006 0.00379679 0.00645229 0.00962953 0.488726 0.000766656 0.000115868 0.0147384 0.000151679 3.67969e-06 0.00882786 0.105274 0.00172362 0.0334508 0.000311663 2.50362e-09 0.0485308 0.00134529 0.000488766 1.00741e-05 0.0117128 0.00262601 0.00584013 0.00576176 0.0362889 0.000298652 0.0291223 
4.845e-05 0.00612057 0.0314025 0.000140867 0.436028 4.9415e-05 0.00766036 3.38012e-05 0.0825246 4.52465e-09 0.00455026 0.000784858 0.00976586 0.03831 3.77198e-07 2.77149e-09 0.00768901 2.03208e-05 2.13524e-05 0.00907081 0.294475 5.64361e-07 0.046789 0.008242 4.179e-05 0.00915701 0.00707323 
0.00187941 0.00464434 0.000170249 0.000530927 0.480498 8.23592e-06 0.00274146 0.0391555 4.24749e-05 5.95958e-10 0.00679244 0.0222737 0.00559879 0.0186809 9.27715e-06 8.68497e-07 0.0641354 8.98047e-06 2.32671e-06 8.36494e-07 0.221028 0.00409988 0.0517765 0.0348173 5.20674e-05 0.0361294 0.00492365 
1.02276e-05 0.0335412 0.00464411 0.00146866 0.645501 0.0148624 0.0187358 3.7481e-05 0.0095882 5.11418e-10 0.0553785 0.00177 0.0460834 0.036046 4.69404e-06 1.0008e-10 0.000861756 6.87815e-05 0.000232293 0.0213808 0.013414 0.000134357 9.87636e-11 0.00177688 2.17583e-05 0.0896961 0.00474169 
0.000544373 0.00540966 0.0255917 0.178932 0.293467 0.000795631 0.0127248 1.42956e-05 0.00624144 0.00017167 0.0770465 0.0175526 0.045127 0.031663 4.94298e-05 1.38056e-07 0.0343035 2.31847e-05 0.00177171 0.000385659 0.0325668 0.167374 1.71735e-05 0.00258262 2.55607e-05 0.00941221 0.0562068 
0.0106566 0.00253604 0.0757782 7.99403e-05 0.357022 0.00443602 0.000363839 1.66835e-07 0.00026417 4.23523e-06 0.201761 0.0994888 0.0585346 0.0481906 8.91093e-07 2.26652e-11 0.0476168 8.69135e-08 1.79025e-05 0.000751884 0.0243046 0.00357366 1.0382e-06 0.0229842 0.000451108 0.0139711 0.0272105 
0.000840853 8.75733e-05 0.000107941 0.00307025 0.58547 3.80127e-05 0.000618656 0.0915889 0.000274876 3.98574e-07 0.0470868 0.023349 0.00119915 0.00718467 3.53663e-05 4.98365e-07 0.0900593 4.77004e-07 7.91053e-05 3.03781e-05 0.0151306 0.00104409 0.102522 0.00412329 8.25261e-06 0.0166853 0.00936427 
0.00155247 0.0196258 0.0231119 0.00198883 0.354201 0.00986546 0.0062039 0.00338251 0.0014888 1.78419e-05 0.106753 0.0513281 0.0265681 0.19184 0.00013732 5.81253e-05 0.0574762 0.00013611 0.0014155 0.00243034 0.0607188 0.00722324 0.00176078 0.0204893 4.07512e-05 0.0353533 0.0148328 
0.00208371 3.69403e-06 0.0706551 4.04557e-10 0.413993 0.00198057 1.21188e-06 3.00343e-06 7.13559e-10 9.69971e-10 0.0203587 0.0310261 0.086606 1.4548e-06 7.48496e-06 0.195185 0.00314671 1.16084e-09 0.0276065 0.000791856 0.000897838 0.0582022 1.19687e-09 0.00121076 2.58838e-07 6.50323e-05 0.0861746 
4.41139e-05 0.00359812 7.53062e-05 1.19682e-07 0.800842 3.68312e-05 0.0009811 1.51959e-10 3.63021e-06 6.73552e-09 0.0460993 0.0265261 0.00204072 0.0174772 4.80824e-05 3.09083e-10 0.0654353 6.07913e-07 0.000281526 2.09578e-05 0.0113112 0.000692938 8.34121e-05 0.000722859 4.59502e-06 0.00269288 0.0209807 
0.00042864 0.00275733 2.56763e-07 0.000205007 0.925923 4.65636e-06 8.28116e-09 1.66219e-07 3.73512e-10 5.0773e-10 1.11112e-08 0.000510599 0.000854981 0.0187419 4.34717e-08 2.00871e-06 0.00218294 6.07639e-10 6.28e-06 5.31447e-10 0.00604998 6.58476e-05 6.26501e-10 1.28271e-05 4.1175e-06 0.042129 0.000120212 
0.000125835 0.0121944 0.00279198 3.37768e-05 0.743728 0.00115411 0.00260982 0.000248459 0.00194001 8.00392e-06 0.0693586 0.00117285 0.0469779 0.0378496 0.000131711 5.31764e-11 0.00147466 6.49187e-06 1.67623e-06 0.000451796 0.0153076 0.000393627 5.24771e-11 0.000211222 2.26726e-05 0.0527754 0.00902981 
0.0151701 0.00821966 0.00809126 0.000833131 0.359661 0.0112758 0.00255934 0.0068144 0.00160405 1.23187e-05 0.10506 0.0621387 0.00599462 0.246297 1.28308e-05 0.00229232 0.0257277 3.1984e-06 0.000952922 0.0032476 0.0575104 0.015156 0.000303936 0.00885764 3.76828e-05 0.0506692 0.00149774 
0.0913598 0.00413916 0.00629764 0.00167084 0.33833 0.0143916 0.00439458 0.00355769 0.0155573 5.55824e-06 0.132522 0.0172087 0.0337225 0.145243 0.000416433 2.79809e-07 0.0118509 9.12332e-05 0.0271752 9.06015e-05 0.0157423 0.00658606 0.000778284 0.0631349 0.00316078 0.0574054 0.00516813 
0.00489296 0.00219499 0.0783201 0.000553144 0.485747 0.0118455 0.0574502 0.000187708 0.00213899 2.93219e-05 0.103699 0.0365633 0.00830163 0.00761526 0.000202409 8.97665e-11 0.0516025 4.40375e-05 0.000285362 0.00873976 0.0531287 0.000945023 1.14431e-07 0.000738259 0.000571307 0.0528214 0.0313825 
0.0164678 0.00932551 0.0137585 0.00329104 0.506109 0.00283807 0.00502704 0.0110652 0.00149874 2.06455e-05 0.0446648 0.022779 0.00741805 0.039211 0.000101474 0.000243193 0.036967 0.000124702 0.00662931 0.000634756 0.0307756 0.00860489 0.00721783 0.0118004 0.00387754 0.201487 0.00806205 
0.000135429 0.0018954 0.0644753 0.000180744 0.739443 0.000767025 0.00225727 0.000418045 0.00505697 1.39576e-05 0.067461 0.01044 0.00500665 0.00736022 0.000133177 5.02799e-07 0.0423029 5.07657e-06 0.00183815 0.00766442 0.00763963 0.000874732 0.00047373 0.00333177 0.000184763 0.0260875 0.0045522 
1.53427e-05 1.53534e-05 0.327025 1.53482e-05 0.500624 1.53481e-05 1.53519e-05 1.53436e-05 1.53407e-05 1.53346e-05 1.53564e-05 1.53552e-05 0.0629721 0.0230445 1.53185e-05 1.53287e-05 1.53554e-05 1.533e-05 1.53252e-05 1.53335e-05 1.53518e-05 1.53525e-05 1.53291e-05 1.53515e-05 1.53527e-05 1.53547e-05 0.0859969 
0.0495958 0.0165899 0.00473737 0.00698422 0.430508 0.00039946 0.00561242 0.110965 7.30649e-06 2.13756e-08 0.0219254 0.0890416 0.00695223 0.0988767 1.9824e-09 1.47065e-09 0.0515607 8.12265e-09 0.000110839 7.11825e-07 0.0704131 0.0143433 1.45131e-09 0.0121701 1.50382e-07 0.000243797 0.00896148 
0.0018156 0.00104311 0.0134076 4.53061e-06 0.565567 0.00147186 0.1382 4.77417e-11 1.30091e-05 2.15359e-09 0.0181466 4.25847e-05 0.000510801 0.00647777 1.20008e-06 9.71057e-11 0.00252123 1.0754e-05 3.90609e-06 0.00031353 0.0404676 5.30642e-05 3.35029e-05 1.96589e-06 0.000843302 0.209024 2.57148e-05 
0.00276326 0.0261249 0.0351619 0.0130183 0.385263 0.0159436 0.0293812 0.0143187 0.00260663 6.59318e-06 0.134603 0.0533355 0.0477405 0.0319426 0.000568563 1.41892e-05 0.060497 0.000811115 0.00054857 0.000524734 0.0368759 0.0240014 0.0228931 0.0132774 0.000299764 0.027417 0.0200606 
0.0306272 0.00934794 0.00286972 0.00709473 0.304206 1.88233e-07 2.2721e-07 0.0739049 1.14992e-10 5.20409e-09 0.0916881 0.0585156 4.92984e-07 0.0354653 7.51324e-08 1.95449e-10 0.125865 1.22692e-08 0.000598931 1.63615e-10 0.219972 0.0103903 3.62025e-06 0.00145797 2.07591e-08 0.0129429 0.015049 
0.017882 0.023406 7.54966e-07 0.000302656 0.514855 0.00332165 7.54932e-07 7.54525e-07 7.54385e-07 7.54081e-07 0.0113281 0.0212944 7.55101e-07 0.314976 7.53289e-07 7.53792e-07 7.55106e-07 0.0070116 7.5362e-07 0.00482653 0.0308019 7.54962e-07 7.53811e-07 7.54913e-07 0.00181269 7.5507e-07 0.0481716 
0.249818 0.00172434 8.34186e-12 0.000119321 0.488181 9.74895e-09 4.93632e-07 0.00134347 3.33936e-08 3.58876e-11 0.00184518 0.0440578 0.00532563 0.0224625 6.04872e-11 3.563e-08 0.0431909 9.62226e-09 0.000140867 3.7564e-11 0.0208999 0.00517636 1.08688e-07 0.0895961 1.04969e-07 0.023456 0.00266261 
0.00639183 0.00431033 0.00277099 0.00116143 0.482036 0.0205837 0.00280665 0.0136913 0.000380338 1.57157e-05 0.0863593 0.00695983 0.0105413 0.0406202 4.62837e-06 0.000292005 0.0577028 0.000148453 0.000214052 3.18216e-05 0.00241515 0.00882108 3.39529e-05 0.0238796 0.0308336 0.191161 0.00583324 
1.21915e-07 0.0130472 0.00713315 0.000345135 0.81224 0.000802426 0.00310392 0.0101386 0.000239151 1.48797e-06 0.00739467 0.0066141 0.0318946 0.0604736 9.25702e-06 1.23906e-08 0.00233686 0.000114729 1.23196e-08 0.000815919 0.00220615 0.00322772 1.20762e-07 0.00302401 1.5733e-05 0.0324093 0.00241174 
0.00607872 0.00774874 1.23452e-05 7.39761e-05 0.551593 0.000173661 0.00162098 0.00963657 0.000882696 1.75219e-06 0.0139106 0.0836621 0.00112092 0.155969 3.35566e-06 0.0543761 0.00626781 1.94322e-08 0.000412549 1.18357e-07 0.0625378 0.0114193 0.000514082 0.0221043 3.9793e-07 0.00491436 0.00496518 
