0.000463057 0.00138509 0.000227568 3.13288e-05 0.574668 0.000323218 0.0029652 0.000112331 0.00119617 4.47854e-07 0.000485107 0.0364927 4.52368e-06 0.245047 3.74939e-05 2.77422e-11 0.0251832 2.65531e-11 0.00594425 1.07119e-05 0.104328 9.54604e-06 6.15549e-05 2.59895e-06 2.6385e-05 0.000663183 0.000330684 
0.00258366 0.000859624 0.00217088 0.000823296 0.402097 0.160241 0.00170397 7.02536e-06 0.111042 1.30201e-07 0.0317808 0.113226 0.0057666 0.0914295 3.97696e-07 8.44812e-10 7.6874e-07 0.000144854 0.000256144 0.000450221 0.0256629 0.00698894 0.01074 0.0210776 0.000341796 0.00958577 0.00101869 
0.0290794 0.095059 0.0132706 0.00105557 0.484537 0.00141002 0.0201904 0.00322943 6.08449e-06 0.000212382 0.022426 0.0471886 0.0138758 0.022582 0.00125575 7.52253e-06 0.064615 8.48444e-06 0.00286198 0.00085087 0.0214584 0.0802436 0.000469336 0.00781397 3.45189e-05 0.0535127 0.0127456 
0.0114386 0.00352984 0.0718695 0.000396037 0.41305 0.00171853 0.102395 0.00199061 0.000311714 9.28407e-06 0.0892822 0.0092252 0.00251194 0.0302992 1.14475e-05 2.1958e-10 0.0744048 1.06366e-05 0.000713447 0.00045146 0.0839006 0.0436498 2.56801e-07 0.000923777 0.00104993 0.0247677 0.0320888 
1.84524e-07 1.13555e-07 0.000626241 0.000924454 0.599016 1.52316e-07 0.0397886 1.09919e-11 1.31539e-11 3.22031e-08 1.7349e-07 0.00125508 2.07586e-12 0.0568753 3.01371e-11 2.23574e-11 1.9938e-12 5.29242e-05 2.50035e-11 1.87158e-11 0.300691 0.000416428 2.20633e-11 5.01257e-12 4.08167e-12 6.18109e-08 0.00035297 
0.13799 0.0791764 0.00640807 0.00158091 0.160334 0.0553898 0.0111983 0.063373 0.000158037 5.15802e-05 0.0582457 0.125892 0.0184878 0.0123676 3.27194e-06 0.00246197 0.148189 0.000178712 0.00073151 2.54416e-05 0.00496837 0.0437476 0.000635876 0.0433957 0.00926921 0.00149363 0.0142453 
0.00930048 0.0208165 0.0559476 0.00590425 0.281914 0.00767826 0.0364417 0.0257199 0.021454 0.000149694 0.0947814 0.0388105 0.0247013 0.0288638 4.15081e-05 0.0065898 0.0668751 0.00206228 0.00456288 0.00471939 0.134382 0.0136148 0.00942574 0.00779542 0.00744538 0.0722102 0.0177926 
0.00963346 0.00855048 0.0155148 0.00572534 0.332009 0.00431205 0.00482838 0.00148467 0.00250045 2.31118e-05 0.0629271 0.0167203 0.0119623 0.128388 0.000215978 2.22564e-05 0.0361048 0.00012727 0.0185199 0.00540238 0.23875 0.00264144 0.00273499 0.00802818 0.00275226 0.0700626 0.0100586 
3.15621e-08 0.0117149 0.0778989 9.83413e-06 0.365373 0.00636518 0.0217131 0.00102026 0.000197838 6.6129e-08 0.216788 0.0108362 0.0113399 0.043098 2.03655e-05 3.79247e-07 0.0454322 2.50638e-09 0.118479 0.00208176 0.0271335 0.00160137 0.000169838 0.000968098 0.000358721 0.0371425 0.000258089 
0.00358776 0.011313 0.0179873 0.000786315 0.286295 0.000333618 0.000462629 0.0444982 0.000181796 1.56899e-05 0.262837 0.053287 0.0307652 0.04726 0.00313874 1.48636e-10 0.164125 5.22055e-05 0.000623731 2.02306e-05 0.0327773 0.0069387 0.00185799 0.0138355 6.15738e-07 0.00455767 0.0124616 
0.00200378 0.00692899 0.00230956 0.00154685 0.422939 0.000566685 0.0133574 8.39162e-07 0.000238822 3.10057e-06 0.071402 0.0122346 0.00816475 0.0202924 3.40373e-05 3.45089e-06 0.0256767 0.000333153 0.000243774 1.94729e-05 0.044453 0.0325489 2.39967e-06 0.000682314 2.18555e-05 0.317796 0.0161958 
0.00729805 0.00588322 0.00185191 0.000634148 0.439479 0.0341535 0.00892768 0.00920771 0.00169177 1.71575e-05 0.0548637 0.081191 0.00554273 0.0952144 5.57205e-07 2.5117e-09 0.0510366 8.02544e-05 8.90545e-06 3.40761e-07 0.0685942 0.0027045 0.0556817 0.0366659 1.46021e-07 0.0328228 0.00644777 
0.000536164 0.00484154 0.00226753 9.77616e-09 0.368861 2.58206e-08 0.0409273 0.000804733 0.000999676 2.55198e-05 0.0692635 0.0216189 0.00298337 0.142805 1.2088e-05 7.23044e-06 0.00836521 0.000711371 0.253997 5.85255e-05 0.0699708 0.000685207 0.00710266 0.000491361 7.13142e-05 0.000494696 0.00209791 
0.00105178 0.00279772 0.000648825 7.43257e-05 0.649114 0.000292731 0.000252294 0.000328652 0.036904 2.95617e-08 0.00341598 0.00209142 0.0037636 0.0152609 1.27212e-05 2.69845e-11 0.00674258 5.34914e-05 0.0321355 1.70513e-06 0.205662 0.000151811 2.63756e-06 7.32526e-05 6.92078e-06 0.0385767 0.00058434 
0.00658285 0.0547261 0.103874 0.00586415 0.351811 0.00345301 0.0215934 0.100627 0.07337 5.13073e-06 0.0675173 0.023642 0.0518529 0.0362093 5.71174e-05 0.000365865 0.0157634 6.28816e-05 0.00019654 0.00425083 0.00122074 0.0334776 5.09488e-05 0.00532289 3.19885e-05 0.035925 0.00214573 
4.70345e-05 0.0241601 0.00144968 0.000243745 0.534015 0.000498358 0.00106319 6.71744e-08 5.99629e-06 1.62517e-06 0.0343248 0.0126783 0.000993425 0.0482792 7.2012e-06 7.97468e-10 0.0478921 3.77211e-08 1.3245e-06 1.5876e-05 0.019985 0.00406852 8.47726e-09 0.000238149 3.08172e-05 0.241584 0.0284166 
0.0026113 0.00489308 0.237146 0.00203669 0.327 0.0176159 0.0021389 0.000200839 0.000713788 2.2339e-05 0.159355 0.0165771 0.0904013 0.0825841 0.000130949 7.71525e-10 0.015447 1.25813e-05 0.00116221 0.000131881 0.00488926 2.25342e-07 0.00819045 0.0137073 4.79088e-06 0.000621516 0.0124058 
0.000459963 0.0010617 0.00203458 3.8185e-05 0.400883 6.63709e-05 0.000203439 5.70722e-06 0.000469468 3.53862e-10 0.0186229 0.0042074 0.00041492 0.145678 1.28192e-05 4.42457e-10 0.0087629 4.23493e-10 2.20959e-05 0.00224548 0.384326 0.000270463 0.0171961 0.000292378 4.36911e-05 0.000298382 0.012385 
0.00548233 0.0289684 0.0257543 0.00407171 0.298491 0.00892979 0.0147788 0.00119386 0.000389658 1.00714e-05 0.0442382 0.0349526 0.00772251 0.0392907 1.12117e-05 0.0290389 0.0643095 0.000150348 0.000224112 0.000197089 0.265604 0.0187588 0.000150535 0.0445363 6.77626e-05 0.0546094 0.0080679 
0.0490022 0.00308742 0.0444518 0.00808608 0.198464 0.000648264 0.00136785 0.0343311 3.37102e-05 4.52092e-07 0.0640963 0.0311196 0.0299483 0.0499237 5.77992e-06 0.0378881 0.0891582 0.00105717 4.24873e-05 0.0125275 0.0827471 0.0768626 2.33225e-07 0.152237 1.184e-05 0.0242134 0.00868774 
0.000878178 0.00272649 0.00107612 1.00153e-07 0.472783 4.76576e-05 0.0528235 0.000858349 4.93115e-08 8.64287e-09 0.0185188 0.0368734 0.00297036 0.0503576 6.01132e-08 2.31747e-11 0.137229 1.04882e-07 0.000442819 1.76951e-07 0.114115 0.000852152 2.28699e-11 0.0368299 0.000143092 0.0696337 0.000840285 
1.53766e-06 0.0017322 0.00258888 1.15396e-07 0.260925 0.0225734 0.0124814 0.00474663 0.00093368 8.72019e-08 0.108164 4.55824e-08 0.0853678 0.0017027 4.40331e-07 2.20364e-10 0.0103343 9.47976e-07 0.0014352 1.45929e-07 0.203668 0.00131874 0.00557211 0.0042706 0.000115582 0.213238 0.0588292 
0.0693316 0.0523839 0.00721786 0.00202791 0.590539 0.00682586 0.000297974 0.0339644 0.00069783 6.686e-05 0.0401674 0.0510647 0.00432735 0.0367697 6.32609e-06 8.56497e-09 0.0479927 0.00128963 0.0221354 1.44828e-05 0.00609818 0.0140354 4.11734e-06 0.0102661 0.00206103 0.000117197 0.000296876 
0.0124883 0.00047195 0.00154318 0.000214887 0.836829 0.00126181 0.0102243 3.42955e-05 5.48937e-05 1.67363e-06 0.00925129 0.00844012 0.00201577 0.0290583 3.22878e-06 3.13667e-09 0.00564066 2.88278e-06 1.06928e-05 1.16363e-05 0.0781842 0.000697495 6.97149e-06 0.00156178 1.50973e-05 0.000604066 0.00137132 
0.0184822 0.000310611 0.00140594 5.50026e-05 0.879326 0.00117604 0.00059896 5.87653e-05 9.40765e-05 3.92795e-07 0.00880101 0.00990279 0.00345551 0.0207876 5.52474e-06 2.79154e-09 0.00966959 1.34775e-07 1.83122e-05 1.99269e-05 0.0403251 0.000564049 1.1936e-05 0.00267722 2.58713e-05 0.000576795 0.00165096 
0.000112664 0.00187353 0.000112183 9.48444e-06 0.530324 8.75963e-07 0.000564578 1.52237e-08 1.02197e-06 8.19081e-08 0.00991876 0.00146345 0.000965503 0.0062363 1.87179e-05 2.36578e-11 0.324795 1.05325e-07 0.0002445 7.02781e-06 0.0786694 0.00139364 2.33467e-11 0.000240044 2.06558e-05 0.0395366 0.00349193 
1.30793e-05 0.0176519 0.0041901 0.00389417 0.371467 0.00621262 0.00943183 0.149919 0.00544837 3.43876e-09 0.0832248 0.0157409 0.117998 0.00284261 0.000213077 4.92098e-07 0.0145852 0.000143446 0.00123529 5.66116e-06 0.000180381 0.00292903 4.76459e-06 0.191876 9.4417e-06 9.73995e-06 0.000773068 
0.000235541 0.0153682 0.00164091 0.00274816 0.20523 0.00189603 0.0728744 0.0203333 0.00187807 2.1373e-06 0.121736 0.115176 0.0272895 0.00683631 0.000219073 2.01903e-06 0.205054 6.79807e-05 0.000826242 1.74827e-05 0.00340872 0.0168939 0.000116311 0.127984 0.000135788 0.040695 0.011335 
0.00158142 0.0404467 0.116512 0.00135141 0.186302 0.0294426 0.0566926 0.00103581 0.0026279 5.45305e-05 0.184341 0.0959365 0.0408117 0.0356411 5.98036e-05 8.21064e-09 0.0751331 0.00154867 0.00126399 0.00775726 0.0358208 0.00468719 0.000541235 0.0100144 0.00581216 0.00640874 0.0581745 
0.0024036 0.0109475 0.0918952 0.00135202 0.391063 0.00242801 0.0068553 0.00426777 0.00120514 2.23523e-06 0.127852 0.0274653 0.0240058 0.032494 3.77012e-05 8.50219e-11 0.00909492 1.28312e-05 1.28043e-06 0.0271873 0.0623381 0.00906721 0.000680943 0.0137866 2.30032e-05 0.137734 0.0157994 
0.000155791 0.0147915 0.00643281 1.39226e-05 0.614494 5.66922e-05 0.0041307 9.06072e-06 0.00012172 5.28717e-09 0.0276333 0.0040493 0.000631897 0.0349934 3.15863e-05 1.69038e-10 0.0462908 1.61573e-05 6.78241e-05 0.000238764 0.0730407 0.000369312 0.000630438 0.00144046 9.02854e-05 0.165281 0.00498882 
1.50153e-07 0.00225243 0.0121464 5.23183e-08 0.560655 2.10989e-08 0.00190522 9.827e-10 0.000135493 2.84052e-09 0.00158611 2.13401e-07 9.75931e-08 0.0147279 5.83151e-08 2.21842e-12 0.024906 2.65844e-07 1.90728e-05 4.23345e-05 0.308175 3.02259e-08 2.18924e-12 2.76048e-08 1.03686e-08 0.0726901 0.000757482 
0.00232978 0.0791321 0.106706 0.00473799 0.399227 0.000746099 0.0179245 0.000780644 0.000134213 1.5414e-06 0.0971688 0.019879 0.0189908 0.062413 3.44672e-06 0.0104881 0.0501524 4.47823e-06 0.00160832 0.000631152 0.0317649 0.0382958 0.000285426 0.0394839 6.85008e-05 0.0100459 0.006996 
0.00678863 0.111372 0.00221814 0.00518466 0.559215 0.00334146 0.00522905 0.00378606 3.54046e-07 3.34703e-08 0.0719645 0.0516509 0.0127904 0.0854266 3.12414e-05 4.18502e-08 0.00796417 0.00644065 0.000223726 0.000242317 0.00515331 0.00461546 0.00205249 0.0398944 3.32379e-05 0.010715 0.00366568 
0.0179955 0.000981454 0.0060209 0.00175954 0.53943 0.00141441 0.000780709 0.00170222 0.000135055 1.17896e-05 0.0280632 0.00388437 0.00169232 0.00492396 1.88582e-07 1.93334e-07 0.0528873 0.00156585 0.00291924 1.19986e-08 0.0158582 0.000573868 6.15264e-05 0.000291824 3.00442e-06 0.310548 0.00649539 
0.000855585 0.000362789 8.16346e-05 3.92413e-07 0.505955 0.00142015 9.11746e-05 0.00023499 4.15502e-05 6.28618e-07 0.003492 0.00113996 0.00183575 0.0170038 1.75974e-05 1.05397e-08 5.26883e-06 3.65676e-06 2.13938e-05 1.91475e-05 0.125185 0.00147953 0.246834 0.00560254 1.72356e-07 0.0880745 0.000242118 
1.23252e-08 1.08631e-05 0.0101053 7.92076e-09 0.671866 1.2403e-05 5.00974e-09 1.71297e-05 1.39707e-08 1.89909e-08 0.00469699 0.0195012 2.20476e-09 0.196535 6.312e-06 2.37456e-08 2.10944e-06 2.27279e-08 2.65561e-08 1.9878e-08 0.0105713 0.0272824 2.34333e-08 0.0592815 8.95937e-08 0.000110949 3.40245e-09 
0.00616868 3.23505e-12 0.229573 6.84145e-12 0.360901 2.71153e-07 0.00269334 5.14365e-08 3.69261e-07 0.000982174 0.0758679 2.7778e-06 5.01032e-07 0.0197774 2.21202e-07 2.051e-11 1.44404e-06 1.96309e-11 1.39941e-07 0.260767 0.0279863 0.00303608 7.52955e-07 2.6809e-07 0.00034146 3.30032e-06 0.0118949 
0.00905306 0.000853432 0.0714105 0.00204938 0.577534 0.0406329 0.00197139 0.0001691 0.00410965 3.0393e-07 0.0669108 0.0325797 0.0316437 0.0536372 0.000140189 3.52371e-07 0.0387484 1.96831e-07 8.55136e-05 0.0074877 0.0182373 0.0019622 0.0273881 0.0021953 2.30017e-05 0.000881891 0.0102949 
0.00281226 0.0281557 0.107324 0.00314964 0.27544 0.010938 0.0102938 0.0056981 0.00387715 5.74845e-06 0.161855 0.0280722 0.0469244 0.0117054 1.09965e-05 1.43937e-08 0.0241043 5.97729e-06 0.000266322 0.000138801 0.0535538 0.00805225 0.0526659 0.00358614 0.000556814 0.118795 0.0420123 
0.384382 0.00407461 0.00170781 8.93687e-05 0.394041 0.000734889 0.00172352 0.000574564 9.07945e-07 2.62944e-10 0.0351962 0.0664014 0.00764998 0.0320517 2.25281e-06 3.3084e-06 0.0256627 0.000155079 0.000566618 8.33314e-08 0.00849497 0.00211482 5.44076e-05 0.00725946 5.47489e-09 0.0152947 0.0117638 
0.000940616 0.00292458 0.00050644 3.09952e-07 0.46367 2.95076e-12 0.00153862 0.00115603 0.000751947 1.33023e-08 9.50623e-08 0.00947749 0.0875528 0.0143661 3.06763e-08 2.28371e-07 0.0150621 1.49911e-07 1.10581e-07 7.32438e-12 0.138475 0.0225634 0.109627 0.00114525 1.00649e-08 0.0075047 0.122738 
0.0124455 0.0181065 0.0201772 0.0181118 0.299659 0.00721645 8.4167e-05 0.00377174 0.000224369 8.19768e-07 0.0981674 0.116327 0.00470832 0.094683 1.81449e-05 1.08982e-10 0.0765017 1.04311e-10 1.45463e-07 0.000289286 0.135748 0.00786146 0.00215793 0.030782 9.1304e-08 0.0246681 0.0282908 
0.00599574 0.00553388 0.000962939 0.000418306 0.593138 0.00075892 0.00102948 0.000169799 2.40042e-06 1.33609e-06 0.0442816 0.068544 0.0108784 0.0338966 1.26108e-05 3.26611e-09 0.0970812 0.00359183 1.605e-05 5.41651e-05 0.102702 0.00181114 0.000308406 0.00262417 3.03654e-05 0.0147791 0.0113771 
0.00727028 0.0166224 0.0232105 0.00902168 0.376392 0.011795 0.0247314 0.00981027 0.00262304 4.70869e-05 0.0968826 0.0289862 0.0275038 0.0356228 0.000211714 0.000207966 0.0497219 0.00414457 0.0147717 0.00278583 0.119885 0.0170732 0.00270044 0.00959401 0.0019521 0.0820871 0.0243454 
0.00766604 0.00487083 0.0249709 0.00498815 0.638007 0.00156138 0.0103712 0.00339612 0.000389168 2.19514e-05 0.0394403 0.0392234 0.0112937 0.0235856 3.72614e-05 0.000238514 0.0225674 6.55736e-05 0.00570852 0.00178102 0.0267904 0.0229099 0.0322767 0.0052537 0.000105574 0.0411824 0.0312976 
0.000883749 4.82323e-08 0.120537 7.11645e-07 0.437272 0.000353664 0.0438657 0.000105806 0.0025374 0.000130646 0.0492281 0.105004 0.0153251 0.0356505 0.000131172 3.33036e-08 0.101271 8.14293e-07 5.93204e-08 0.0255916 0.0314834 0.00213085 0.000504939 0.00169845 0.00166389 0.00937685 0.0152533 
0.0205018 0.0286145 0.0275887 0.00592926 0.437031 0.0056736 0.00520601 0.0190609 0.00143188 2.02347e-05 0.00723007 0.00853925 0.0218028 0.294404 8.65155e-05 2.48779e-05 0.030632 0.000609739 0.00228115 0.00126314 0.0279113 0.00380955 0.00153505 0.0178437 0.000206866 0.0135524 0.0172095 
0.00473634 0.0137697 0.00849897 0.00247364 0.500463 0.0016623 0.00637324 0.0133824 0.00339667 2.00424e-05 0.0370154 0.0306524 0.0132702 0.135932 0.00184194 0.0095649 0.0706313 0.00270253 0.00513954 0.00107448 0.0526282 0.00872399 0.0043734 0.0107766 0.000730797 0.045886 0.0142803 
0.00874396 0.0108899 0.00850775 1.16271e-05 0.439836 0.00567414 0.000449465 0.00022189 0.000500516 3.39565e-07 0.00978503 0.0306725 0.0045689 0.38616 2.61619e-05 6.45153e-06 0.00671483 0.00907391 0.000236774 0.00511187 0.0428619 0.00118748 9.46333e-06 0.00399647 2.33899e-06 0.0187488 0.00600184 
0.0184822 0.000310611 0.00140594 5.50026e-05 0.879326 0.00117604 0.00059896 5.87653e-05 9.40765e-05 3.92795e-07 0.00880101 0.00990279 0.00345551 0.0207876 5.52474e-06 2.79154e-09 0.00966959 1.34775e-07 1.83122e-05 1.99269e-05 0.0403251 0.000564049 1.1936e-05 0.00267722 2.58713e-05 0.000576795 0.00165096 
0.0160062 0.0151775 0.0880282 0.0164157 0.167909 0.0157615 0.00720395 0.0613554 0.00317463 3.11272e-05 0.159621 0.0537707 0.0405758 0.0350607 0.000440971 4.30356e-05 0.144613 4.57887e-05 0.0049827 0.0174512 0.019596 0.0106195 0.0113635 0.0108341 0.000165048 0.0181993 0.0815538 
0.0131083 0.00791946 0.00677622 0.00100638 0.463083 0.0110284 0.0103719 0.00512908 0.00343753 2.28286e-05 0.0520929 0.0213951 0.0202225 0.158152 7.23678e-05 0.000431994 0.0203369 0.00481532 0.0569917 0.00340825 0.0642636 0.00851083 0.00180565 0.00493401 0.000307959 0.0512332 0.00914275 
0.000631765 0.00248557 3.25723e-05 0.00357465 0.606601 5.40778e-05 0.00190271 0.000863071 0.000336565 6.51477e-07 0.0256228 0.00766491 0.0102972 0.0246687 6.97067e-05 1.25023e-07 0.0539336 0.000562546 0.000238011 2.15308e-05 0.0596816 0.000563941 9.14475e-06 0.000477014 1.10553e-05 0.177354 0.0223414 
0.0249501 0.0011464 9.1812e-06 0.00109646 0.460902 0.0155359 0.000163584 0.000245035 1.63374e-06 1.59445e-08 0.00703304 0.0419638 0.0025284 0.0238923 8.24833e-05 9.79838e-08 0.00156849 1.71484e-06 1.93265e-05 4.64522e-06 0.136687 0.00371424 0.249287 0.000273574 5.59692e-08 0.0285252 0.000368587 
0.00770747 0.00296186 0.0109279 0.00030879 0.656805 0.000290325 0.00105721 1.74717e-05 6.56895e-05 6.70819e-07 0.0189253 0.0685251 0.0101215 0.0431273 1.80369e-06 1.59414e-11 0.0138299 1.13142e-05 5.69191e-06 9.9985e-05 0.0675196 0.001214 1.71453e-05 0.00405207 9.8431e-06 0.0910071 0.00139036 
0.0109556 0.0134943 0.114927 0.00206796 0.266663 0.00568848 0.00238871 0.000300488 0.000309494 4.16981e-05 0.155707 0.0795971 0.0625969 0.055832 0.000256596 1.7233e-07 0.0526309 0.000555371 0.000163773 0.0345746 0.0443559 0.00369951 0.00383244 0.00209174 0.000219621 0.0766857 0.0103645 
0.0012883 0.00978689 0.0077619 0.00160792 0.311018 0.000642849 0.0911389 0.00262009 0.000881815 2.53246e-06 0.0118133 0.0217265 0.0116879 0.052682 2.2986e-06 6.46926e-06 0.0532903 0.0255779 0.00532067 0.000291232 0.215655 0.00757606 0.000576701 0.00568637 0.000705389 0.151618 0.00903532 
0.000168946 0.0147794 0.00285659 0.000627088 0.332379 0.0248693 0.00858327 0.000196303 0.00114669 2.15255e-08 0.0300198 0.0167594 0.0199238 0.0368438 3.06237e-06 7.19022e-11 0.00287088 3.99016e-05 0.125374 0.00161158 0.238595 0.00167502 2.31948e-06 0.00538428 1.96852e-05 0.12607 0.00920105 
0.00147226 0.000997419 0.000927638 0.00469078 0.362611 9.17787e-05 0.0373196 0.000187077 8.98582e-05 2.54062e-07 0.0469967 0.011602 0.00626877 0.0140145 4.00079e-05 9.3674e-09 0.0758507 1.40993e-05 0.0122929 3.45164e-05 0.0790379 0.00350923 0.00154247 0.0080725 4.37402e-06 0.319309 0.0130223 
0.0156665 0.000112371 0.00110501 0.297896 0.3355 0.000442788 9.46215e-06 0.176924 1.27642e-06 1.81028e-07 0.0056952 0.0282704 1.22771e-06 0.0455761 2.54744e-07 1.46485e-06 0.00534321 7.3016e-07 0.00391971 0.000518342 0.00454735 0.0659905 3.37213e-08 0.00103159 7.452e-05 0.0113662 5.62055e-06 
0.000136501 0.0100477 0.251627 0.00273121 0.271274 1.00849e-05 0.0185355 0.0776622 0.0356739 0.00841693 0.0302825 0.0060287 0.019248 0.0382402 5.97688e-05 1.71286e-09 0.0289214 0.00539529 0.00214453 0.00172734 0.0223072 0.00358675 0.0272739 0.0066391 0.0132881 0.00365965 0.115083 
0.00039755 0.00404489 0.00169766 3.37417e-08 0.44755 9.22049e-08 0.0167085 1.13251e-05 0.000733306 3.16458e-05 0.0605859 0.0283901 0.00249441 0.0316733 1.61861e-05 1.01825e-05 0.00683263 0.000939669 0.335777 7.82883e-05 0.0569536 0.000172444 0.00085289 0.000655357 1.51153e-05 0.000580303 0.00279769 
6.54224e-11 0.00739022 0.206514 0.00983171 0.287775 4.25079e-11 0.012119 7.7467e-07 7.41569e-11 7.96456e-07 0.172948 4.65165e-07 0.214371 0.00779907 1.69902e-10 1.26043e-10 6.65438e-07 1.2064e-10 0.00241866 0.00502178 1.1519e-06 6.21025e-07 0.00440224 9.63661e-07 2.25531e-07 6.33823e-07 0.0694032 
0.000645402 0.0020182 0.151835 0.000489851 0.556632 0.00355044 0.00167675 7.5987e-06 0.000950472 6.02818e-06 0.021081 0.0154583 0.0123315 0.0081111 0.000166092 3.87869e-08 0.00626061 3.05121e-08 1.7859e-06 0.0788191 0.0655382 0.00065239 0.000311455 0.000120102 7.58389e-05 0.0628177 0.0104434 
0.00838206 0.0403062 0.172958 0.0196169 0.439802 0.00261336 0.0263602 0.00112214 2.88391e-05 7.04092e-05 0.04089 0.0144016 0.00356637 0.0242359 0.0148813 0.00176948 0.0441061 0.000360509 0.000410095 0.0156978 0.0274105 0.0063136 0.00130869 0.0148853 0.00289319 0.0407966 0.0348128 
0.0140194 0.11981 0.0537563 0.000441083 0.168869 0.00975648 0.0478085 0.00165771 0.00206939 0.0189264 0.0985405 0.0313304 0.0825428 0.124992 0.000627466 0.00636165 0.0442241 0.00207117 0.00782005 0.00246027 0.0219597 0.0158774 0.000490388 0.0764987 0.000750352 0.00796583 0.0383722 
0.00789455 0.00671748 0.00420969 0.000857963 0.448307 0.00229195 0.00673808 0.00267323 0.000572942 1.30388e-05 0.0575622 0.0349535 0.0166451 0.124694 0.000265073 0.0066436 0.0318962 0.000574202 0.000297669 0.00318341 0.0968741 0.0114908 0.00884222 0.00431346 0.000959442 0.112272 0.00825785 
0.000181118 0.00113571 0.00777324 0.00208549 0.730129 0.000473179 0.00713172 0.0036736 0.000185357 1.15354e-06 0.0438507 0.00359692 0.00656302 0.0206249 0.000752832 1.64269e-07 0.0126302 0.00378858 0.000435193 3.30227e-05 0.101957 0.00172947 0.00667313 0.00529568 6.33028e-05 0.0307213 0.00851499 
1.64413e-06 0.00620113 0.0114895 0.000277872 0.431284 0.00238881 0.000146507 0.000980177 1.5114e-10 2.04162e-07 0.119268 0.0539268 0.0438876 0.0109942 6.01949e-07 2.56889e-10 0.168367 2.82155e-06 0.00126066 0.000707441 0.0614494 0.0232471 2.53511e-10 0.0216906 2.32463e-06 0.0286794 0.0137465 
0.00042864 0.00275733 2.56763e-07 0.000205007 0.925923 4.65636e-06 8.28116e-09 1.66219e-07 3.73512e-10 5.0773e-10 1.11112e-08 0.000510599 0.000854981 0.0187419 4.34717e-08 2.00871e-06 0.00218294 6.07639e-10 6.28e-06 5.31447e-10 0.00604998 6.58476e-05 6.26501e-10 1.28271e-05 4.1175e-06 0.042129 0.000120212 
0.00133658 0.0430657 0.339729 0.000262935 0.416656 1.85502e-08 1.16045e-08 0.0695449 3.23616e-08 4.39905e-08 1.00743e-05 0.0016572 0.0060562 0.000782664 7.41442e-08 5.50043e-08 0.112636 2.85324e-06 6.15144e-08 7.28532e-06 0.00772981 1.04231e-08 5.42809e-08 0.000166687 9.36723e-07 0.000324478 3.07169e-05 
0.0188914 0.0314094 0.200705 0.000901857 0.243336 0.00831648 0.00667756 0.0528716 0.000619494 1.10975e-07 0.140314 0.0148759 0.0161836 0.0903617 7.56623e-05 0.00688323 0.105391 2.024e-05 0.00104683 0.000744622 0.0415644 0.00173182 0.00259316 0.00106099 0.00103039 0.00688554 0.00550835 
0.00120917 0.116327 0.0510651 1.2229e-05 0.46086 0.000997363 0.0111622 0.00603992 0.00106064 9.63862e-09 0.0511127 0.0239879 0.0402024 0.0500676 1.81715e-07 1.07935e-09 0.0265558 0.00142995 0.00135673 2.26091e-05 0.0423863 0.000237767 0.00103096 0.000316615 1.21464e-05 0.0827331 0.0298136 
0.00382014 0.0110967 0.0130877 0.0279575 0.36212 0.00399139 0.00948319 0.00443017 0.00714373 1.012e-07 0.0916627 0.00307632 0.0230191 0.0525493 0.000347375 1.31716e-07 0.0106443 2.2651e-05 0.000247446 9.72961e-06 0.16684 0.00354481 0.000195586 0.00213431 6.53776e-05 0.196459 0.00605099 
4.97807e-11 0.00390845 0.153524 0.0123966 0.361976 4.78734e-07 0.0775484 1.82957e-06 5.64268e-11 3.81224e-06 0.12554 4.82826e-07 0.0471759 0.0367496 0.000615956 9.59074e-11 0.0449272 9.17966e-11 1.93173e-07 8.02862e-11 0.00961987 0.0998774 6.71051e-06 1.60412e-06 1.75093e-11 0.0010451 0.0250801 
3.10978e-06 0.0385597 0.0552473 0.000830319 0.310179 4.45832e-06 0.22049 4.28105e-05 0.000562814 5.14304e-05 0.00835851 0.00691168 0.0215424 0.00855092 1.03791e-06 1.1795e-07 0.0721405 4.62152e-05 0.0322226 0.000325132 0.0237671 0.0532728 1.46561e-07 0.000206215 0.0001253 0.0116954 0.134864 
1.50153e-07 0.00225243 0.0121464 5.23183e-08 0.560655 2.10989e-08 0.00190522 9.827e-10 0.000135493 2.84052e-09 0.00158611 2.13401e-07 9.75931e-08 0.0147279 5.83151e-08 2.21842e-12 0.024906 2.65844e-07 1.90728e-05 4.23345e-05 0.308175 3.02259e-08 2.18924e-12 2.76048e-08 1.03686e-08 0.0726901 0.000757482 
0.0248228 0.00572805 0.0216244 0.00498223 0.32925 0.00193476 0.00322183 0.00252738 0.0111753 3.56733e-07 0.176065 0.00391082 0.00946316 0.00549103 0.000123923 3.66279e-10 0.0708027 1.68956e-05 0.00977176 6.39948e-05 0.0122355 0.00502325 3.98563e-07 0.0266652 4.47107e-05 0.261584 0.0134712 
0.0175222 0.00364815 0.00399086 0.00302313 0.385941 0.00195967 0.00885697 0.0422036 8.28205e-05 1.13503e-05 0.0442514 0.0320823 0.00812382 0.0260389 5.03934e-05 0.000453946 0.0623452 0.000722445 0.000956452 0.0179026 0.119379 0.00571779 0.000827323 0.0364044 0.00324135 0.169195 0.00506807 
6.44386e-05 3.65147e-05 0.0020698 1.1661e-05 0.443308 0.000212935 7.40301e-11 0.00229396 0.00288791 2.80633e-10 0.00242632 0.0156568 3.92071e-05 0.0991299 6.72346e-08 3.50895e-10 0.020663 1.13128e-06 1.7547e-05 0.000108222 0.310093 0.0887952 3.4628e-10 0.00127564 1.64396e-08 0.0108892 1.92735e-05 
0.000850724 0.0606705 0.015007 0.000432512 0.241604 0.0218113 0.146125 0.0105483 0.00164967 1.49049e-05 0.133041 0.0265079 0.0483853 0.0273261 0.00103536 6.75373e-06 0.152539 0.00125709 0.00409929 0.000790249 0.0119148 0.00661889 0.000771832 0.00848155 0.0125414 0.0520592 0.013911 
0.0666265 0.17186 0.0884861 0.0282295 0.233682 0.00626862 0.0131834 0.000333565 1.13621e-05 1.39487e-07 0.0590174 0.0244662 0.0256619 0.148488 2.50919e-05 0.00234716 0.0379673 1.08709e-06 8.70898e-05 1.81525e-06 0.0147548 0.033366 2.03216e-08 0.0203563 2.58835e-07 0.00958376 0.0151943 
0.000288261 0.0018592 0.20649 0.0182263 0.544145 0.051008 0.010353 0.000419875 3.02466e-05 5.92197e-06 0.0583735 0.000442718 0.00650413 0.00419488 1.3127e-06 9.73835e-07 0.041406 0.000698567 9.82215e-06 0.000760112 0.000689116 0.0202465 0.000143726 0.000853875 0.000252411 0.0325251 7.14948e-05 
0.0249501 0.0011464 9.1812e-06 0.00109646 0.460902 0.0155359 0.000163584 0.000245035 1.63374e-06 1.59445e-08 0.00703304 0.0419638 0.0025284 0.0238923 8.24833e-05 9.79838e-08 0.00156849 1.71484e-06 1.93265e-05 4.64522e-06 0.136687 0.00371424 0.249287 0.000273574 5.59692e-08 0.0285252 0.000368587 
0.0164069 0.0083948 0.0387143 0.00602349 0.252888 0.0189198 0.00344424 0.00118759 0.0055873 1.1532e-06 0.0900729 0.0502242 0.026114 0.0527035 1.69186e-05 9.62234e-05 0.0695249 0.0176698 0.000943042 0.00382027 0.176698 0.00354782 0.00147908 0.0107881 4.55068e-05 0.133425 0.011264 
0.0114563 0.00734697 0.0935527 0.00598564 0.405682 0.00453925 0.00484182 0.0101356 0.00479897 4.61975e-05 0.104368 0.0126384 0.0652227 0.0887633 0.000629972 0.000402685 0.0221892 0.000208089 0.00346181 0.00130779 0.0170247 0.0110649 0.000588729 0.00791896 0.000189883 0.0334226 0.0822135 
0.0018856 0.0296966 0.0139084 0.00132404 0.249932 0.00435699 0.014563 0.173625 0.000251067 1.22964e-08 0.0770742 0.024251 0.00508652 0.069972 0.000408582 0.000648973 0.0256025 3.71393e-07 0.00857973 4.5906e-07 0.00798212 0.0736906 1.01799e-06 0.207172 4.00553e-07 0.000363434 0.00962293 
0.000840853 8.75733e-05 0.000107941 0.00307025 0.58547 3.80127e-05 0.000618656 0.0915889 0.000274876 3.98574e-07 0.0470868 0.023349 0.00119915 0.00718467 3.53663e-05 4.98365e-07 0.0900593 4.77004e-07 7.91053e-05 3.03781e-05 0.0151306 0.00104409 0.102522 0.00412329 8.25261e-06 0.0166853 0.00936427 
0.00159845 1.90632e-05 6.29478e-05 2.5977e-07 0.678124 3.67112e-06 0.0426814 5.39707e-06 0.00861349 2.67917e-07 0.0126657 0.0345716 0.000841647 0.0462667 9.037e-06 1.3302e-09 0.0169816 7.23362e-06 0.000624211 4.20208e-07 0.047034 0.000234526 1.1792e-07 0.000366644 7.0687e-05 0.0965643 0.0126525 
0.00640757 0.00448039 0.00311121 0.0405043 0.635364 0.00343176 0.00397743 0.00464537 0.000231549 0.00206234 0.0431405 0.0194236 0.0208343 0.0365178 0.000153175 2.00808e-05 0.052819 0.00777283 0.000687188 9.40893e-05 0.0398614 0.0126866 0.000110564 0.0115697 0.000223755 0.040824 0.00904568 
2.64174e-05 0.0978391 0.052895 2.64268e-05 0.542055 2.64267e-05 2.64331e-05 2.64189e-05 2.6414e-05 2.64033e-05 2.64409e-05 2.64388e-05 2.6439e-05 0.0211741 2.63756e-05 2.63932e-05 2.64392e-05 2.63954e-05 2.63872e-05 2.64015e-05 2.64331e-05 2.64342e-05 0.0607323 2.64325e-05 2.64345e-05 0.22475 2.64365e-05 
0.00970215 0.0170481 0.00509353 5.21592e-05 0.699419 1.68549e-05 0.0316236 0.0375102 0.000680753 0.000112058 0.00184859 0.00416624 0.0027518 0.136275 0.000727593 0.000123489 0.00512982 0.000117607 0.00763904 5.78003e-06 0.0163164 0.00300598 0.0114096 0.0087796 0.000189491 8.10532e-05 0.000174239 
0.00761792 0.0036113 0.0255808 0.00409737 0.341584 0.0031717 0.0088971 0.00235779 0.00052779 3.83184e-05 0.042452 0.0322326 0.0254705 0.0290689 0.00066636 0.000358646 0.0366289 0.0017776 0.00104154 0.000795367 0.0902206 0.0103821 0.000164415 0.0486251 2.96958e-05 0.246376 0.0362253 
6.42985e-06 6.43433e-06 0.0456877 0.205836 0.227178 0.00129286 6.43367e-06 0.0289424 0.00129223 0.00386229 0.0225309 0.0418343 0.0289644 0.172438 0.00514216 6.42396e-06 0.0888115 6.42449e-06 0.00771343 6.42598e-06 0.0360349 6.43393e-06 6.42412e-06 0.000649785 6.43402e-06 6.43486e-06 0.0817245 
4.845e-05 0.00612057 0.0314025 0.000140867 0.436028 4.9415e-05 0.00766036 3.38012e-05 0.0825246 4.52465e-09 0.00455026 0.000784858 0.00976586 0.03831 3.77198e-07 2.77149e-09 0.00768901 2.03208e-05 2.13524e-05 0.00907081 0.294475 5.64361e-07 0.046789 0.008242 4.179e-05 0.00915701 0.00707323 
0.014439 0.0227195 0.0135907 0.00474433 0.294944 0.0379403 0.0351054 0.00212782 0.00227134 0.000210939 0.0794224 0.0677086 0.0184535 0.0686527 4.16136e-05 0.000494193 0.0723146 0.000316553 0.0261024 2.33093e-05 0.093429 0.0099624 3.53025e-05 0.015143 0.000483357 0.0958769 0.0234465 
0.00338297 0.00216516 0.00279169 0.0164508 0.60867 0.00242386 0.0149387 0.0002046 0.020389 7.12557e-07 0.0282634 0.00328625 0.0670839 0.0538143 3.18487e-06 6.62293e-05 0.00372473 0.000163819 7.3031e-05 1.65885e-06 0.0150746 0.0725007 2.11668e-07 0.000504098 1.01034e-05 0.0735111 0.0105008 
0.00105596 0.0119052 0.0128092 0.0162945 0.60472 0.000148666 0.0104439 0.00170065 9.07468e-05 0.0272955 0.0363813 0.0139973 0.00445926 0.0226804 0.00870845 6.12424e-09 0.0230769 3.45482e-06 0.000374792 0.000680477 0.0684122 0.00205688 0.0129377 0.000709299 9.94244e-05 0.107415 0.0115426 
0.00505176 0.00138049 0.0111673 0.000314748 0.830566 0.00663347 0.0514084 0.000614059 0.00011694 1.11891e-09 0.0149107 0.0110762 0.00328535 0.0198511 1.36423e-05 5.03798e-08 0.0205589 1.98835e-07 0.00499441 0.000481378 0.0116231 0.00124637 0.00192856 0.000639142 2.24016e-05 0.00171236 0.000402692 
0.0859942 0.00318211 0.0098443 5.28306e-06 0.593639 0.000121828 0.000231708 0.0280545 0.000170145 2.63428e-07 0.00719717 0.00778681 0.000124187 0.114132 2.75184e-06 9.21371e-07 0.00539129 0.000319561 0.00299736 8.36962e-05 0.0959479 0.000941067 0.0204804 0.00158552 0.00747564 0.00390121 0.0103891 
1.51737e-10 4.61105e-11 8.26737e-05 9.7514e-11 0.619523 4.26251e-07 1.08491e-07 0.000205662 2.09456e-07 3.27403e-07 0.00720122 0.000159389 0.000394056 0.258396 0.0399255 2.92337e-10 2.15671e-07 3.70075e-07 3.26937e-10 2.44722e-10 0.0574725 0.0007028 5.13856e-05 0.000176897 4.49355e-07 0.0128081 0.00289837 
0.0495958 0.0165899 0.00473737 0.00698422 0.430508 0.00039946 0.00561242 0.110965 7.30649e-06 2.13756e-08 0.0219254 0.0890416 0.00695223 0.0988767 1.9824e-09 1.47065e-09 0.0515607 8.12265e-09 0.000110839 7.11825e-07 0.0704131 0.0143433 1.45131e-09 0.0121701 1.50382e-07 0.000243797 0.00896148 
1.64913e-07 0.00457386 0.382871 1.96226e-11 0.394575 2.20236e-07 0.00377291 5.99843e-06 0.000421148 7.06182e-08 0.0215701 0.040854 0.0314125 0.00211997 0.000168997 5.88265e-11 7.86389e-07 5.63051e-11 2.10591e-07 0.0115535 4.7668e-05 4.76006e-07 1.04501e-06 0.0188112 0.000186853 0.0115131 0.075539 
0.00535312 0.00659735 0.00785119 0.00116386 0.321616 0.0013201 0.0190411 0.00590765 5.35639e-05 2.7413e-06 0.146157 0.047691 0.0131332 0.262595 0.000191816 1.54904e-05 0.0682762 1.71911e-05 0.000437952 2.28155e-05 0.058032 0.00204158 0.000163476 0.00568329 1.9995e-05 0.00924539 0.0173698 
0.017882 0.023406 7.54966e-07 0.000302656 0.514855 0.00332165 7.54932e-07 7.54525e-07 7.54385e-07 7.54081e-07 0.0113281 0.0212944 7.55101e-07 0.314976 7.53289e-07 7.53792e-07 7.55106e-07 0.0070116 7.5362e-07 0.00482653 0.0308019 7.54962e-07 7.53811e-07 7.54913e-07 0.00181269 7.5507e-07 0.0481716 
2.06117e-07 0.000268699 7.55323e-07 2.56645e-11 0.726615 0.00933891 0.000337425 0.000587539 4.52671e-11 5.48629e-09 0.000667944 1.47991e-08 4.32819e-08 0.0215084 5.94411e-07 7.69396e-11 0.000273444 1.75209e-07 0.000169097 2.83972e-07 0.153104 0.000771003 1.61704e-06 1.35364e-07 1.40465e-11 0.0863547 9.8454e-08 
0.249818 0.00172434 8.34186e-12 0.000119321 0.488181 9.74895e-09 4.93632e-07 0.00134347 3.33936e-08 3.58876e-11 0.00184518 0.0440578 0.00532563 0.0224625 6.04872e-11 3.563e-08 0.0431909 9.62226e-09 0.000140867 3.7564e-11 0.0208999 0.00517636 1.08688e-07 0.0895961 1.04969e-07 0.023456 0.00266261 
0.000144792 0.00971825 0.000140141 0.00201217 0.574224 0.000201609 0.000189078 0.0288672 1.59855e-06 1.61273e-06 0.0616205 0.0146814 0.012009 0.0199136 4.02747e-06 8.14587e-09 0.0184135 4.87056e-07 4.20241e-05 6.73177e-06 0.13642 0.00803746 0.046136 0.027056 1.95108e-06 0.0375682 0.00258839 
0.000643675 0.0292815 0.0410782 0.00868418 0.605993 0.00473312 0.00145812 0.0144535 0.000226922 4.44233e-08 0.0267776 0.0520064 0.00245267 0.0389567 4.93356e-07 5.31687e-09 0.0769806 0.000371685 3.56329e-05 0.000577675 0.0595482 0.00210599 2.16145e-05 0.0283478 9.19866e-05 0.000542316 0.00463083 
0.00610259 0.00459305 0.0165584 4.82158e-05 0.61522 0.00411789 0.00516926 4.23647e-05 0.000196316 5.97749e-07 0.105815 0.0377111 0.0199928 0.0694662 0.0011817 0.0133958 0.0214597 1.25353e-07 6.47903e-05 3.09085e-05 0.0447262 0.00228441 2.79861e-05 0.00289218 2.0505e-05 0.0226816 0.0062 
0.00326795 0.00874306 0.040279 0.00019918 0.307746 0.00247324 0.0622756 0.00470566 0.000798365 3.4616e-08 0.0196037 0.230119 0.0373968 0.0563962 1.12252e-10 8.32744e-11 0.110005 2.16525e-08 9.31304e-11 3.33147e-07 0.0387984 0.0177082 8.21792e-11 0.00369942 8.36828e-08 0.0130772 0.0427066 
1.18806e-09 0.0939127 0.361309 7.63509e-10 0.411675 5.08716e-05 6.61629e-06 0.00386182 1.99322e-05 1.10019e-06 0.0731321 2.22879e-10 4.51404e-05 3.43007e-05 4.63119e-06 0.0021271 2.04123e-10 2.19081e-09 2.55983e-09 1.91611e-09 9.66236e-06 1.01934e-05 2.25882e-09 0.0537969 4.17877e-10 2.68243e-06 1.64314e-07 
0.00115312 2.22154e-07 0.351402 4.33456e-05 0.370964 2.73959e-07 0.000427922 0.00141196 3.73122e-07 5.8341e-07 0.0520953 0.0208129 0.000254236 0.00285161 4.62307e-05 3.21938e-10 0.0492835 3.08139e-10 0.00227282 0.135007 0.00520696 0.000171266 0.000326961 0.000223738 0.000195954 0.00318446 0.00266361 
0.00505176 0.00138049 0.0111673 0.000314748 0.830566 0.00663347 0.0514084 0.000614059 0.00011694 1.11891e-09 0.0149107 0.0110762 0.00328535 0.0198511 1.36423e-05 5.03798e-08 0.0205589 1.98835e-07 0.00499441 0.000481378 0.0116231 0.00124637 0.00192856 0.000639142 2.24016e-05 0.00171236 0.000402692 
0.00586556 0.0149583 0.0165891 0.00343751 0.414312 0.00114028 0.0532051 0.00995112 0.000916021 0.000331431 0.0870245 0.0384006 0.0286903 0.0713001 6.03104e-05 1.05697e-07 0.0635286 0.00288788 0.000269513 0.00617353 0.0633206 0.0122706 0.00387322 0.00872411 0.00802341 0.0739915 0.0107542 
0.000822614 0.282957 7.58421e-07 0.00264373 0.431736 0.00156863 0.00133957 0.00637542 9.562e-11 8.45685e-09 8.0105e-08 0.000363559 0.000285042 0.029784 2.19077e-10 5.82759e-08 0.00858769 3.98771e-07 7.61306e-07 1.36052e-10 0.150599 2.99563e-07 0.0175789 1.36085e-05 0.000250778 0.0616614 0.00343122 
0.000789149 0.00231475 0.000914792 0.0147099 0.291471 1.01579e-06 0.00250919 0.00596462 0.0367105 0.00142119 0.00341797 0.0286107 0.0035048 0.1307 0.000223734 1.70974e-10 0.0184788 1.63646e-10 0.0012518 3.60953e-07 0.0764764 0.000843914 0.231653 0.000230215 1.13086e-06 0.13407 0.0137318 
0.00341733 0.144304 0.0165464 0.00258552 0.246746 0.124194 0.0553758 0.00957003 0.00112216 2.33545e-05 0.073489 0.023651 0.109932 0.00893862 6.58204e-05 1.03736e-06 0.0391554 0.0116285 0.0134211 2.20772e-05 0.0245478 0.00509602 0.00203863 0.0426491 0.00443909 0.00218972 0.0348512 
0.00689191 0.0115028 0.00976235 0.00292119 0.324806 0.00245227 0.0117956 0.00454423 0.00125461 4.28709e-06 0.0656039 0.0260025 0.0133693 0.136289 0.000893118 6.25962e-06 0.058589 0.00718258 0.00125339 0.00121002 0.161784 0.0129354 0.00147715 0.0152121 0.000124916 0.102892 0.0192388 
7.36848e-07 8.98418e-07 0.296832 1.70461e-05 0.350542 1.03629e-07 0.00679811 1.43248e-06 0.000371029 1.42071e-08 0.185121 0.00246485 0.0136257 0.00689884 0.00165169 3.49855e-10 0.0492493 1.30459e-06 0.00876845 0.00489591 0.0709624 0.00176406 6.83413e-07 1.35509e-07 2.33698e-05 8.47082e-06 2.65481e-07 
0.00707682 0.00982753 0.00216316 0.00282985 0.361351 0.000444809 0.00404909 0.183985 0.0008248 2.3081e-07 0.0836625 0.0714727 0.00296151 0.021542 7.2097e-07 5.91183e-07 0.177057 5.35439e-05 1.36619e-06 4.1174e-09 0.00288605 0.0299919 0.000158389 0.00640128 2.595e-06 0.0222153 0.00904006 
0.000323896 0.00306552 0.0207017 0.00418776 0.578544 1.89197e-05 0.114289 2.85312e-11 2.51858e-08 2.5465e-08 0.0505724 0.000557832 0.0120542 0.102809 7.82253e-11 5.80319e-11 0.00561875 1.90079e-05 6.49003e-11 5.33442e-07 0.0936729 0.00204738 1.77513e-07 1.02395e-06 6.21615e-08 0.00699667 0.00451871 
0.00115922 0.042594 0.0131546 0.010798 0.251591 0.00251828 0.0309533 0.00258171 0.155505 4.61566e-06 0.00820182 0.0321997 0.00274313 0.209776 2.66832e-07 0.000642275 0.0315574 3.39042e-10 0.0020894 1.07027e-05 0.143834 0.0119667 3.49566e-10 0.000132295 0.000500343 0.0386798 0.00680659 
1.50153e-07 0.00225243 0.0121464 5.23183e-08 0.560655 2.10989e-08 0.00190522 9.827e-10 0.000135493 2.84052e-09 0.00158611 2.13401e-07 9.75931e-08 0.0147279 5.83151e-08 2.21842e-12 0.024906 2.65844e-07 1.90728e-05 4.23345e-05 0.308175 3.02259e-08 2.18924e-12 2.76048e-08 1.03686e-08 0.0726901 0.000757482 
0.000752075 0.0303886 0.0212261 0.00370074 0.688914 0.00145065 0.00696953 0.00845005 0.00162138 1.83405e-05 0.01686 0.0107317 0.0936934 0.00481799 0.0240121 0.000167972 0.00704185 0.000318035 0.000543521 0.0229626 0.004753 0.00932005 0.000288156 0.00551382 0.0002978 0.0241466 0.01104 
0.00213479 0.00408986 0.00111751 0.00432381 0.48097 0.00243205 0.00901644 0.000859653 4.49311e-05 1.78053e-06 0.0464705 0.0291178 0.00953887 0.0566027 0.00483327 0.0177817 0.00831931 0.00729755 0.000385505 2.52558e-05 0.20152 0.00623839 0.0340337 0.0363768 2.96855e-05 0.0314994 0.00493876 
0.00294961 0.0160087 0.0349771 0.000365599 0.539324 0.00219897 0.00243946 0.0069604 0.00132156 3.5415e-07 0.0619154 0.0127892 0.0139435 0.146087 8.51726e-06 3.4752e-06 0.0211511 8.76829e-05 0.000246548 0.00269436 0.0479066 0.00541643 0.00930334 0.00743742 1.0862e-05 0.0501325 0.0143201 
0.000341132 0.000336652 0.203582 4.07007e-06 0.543236 7.91948e-05 0.000215758 0.00579202 0.000272266 1.31944e-06 0.0290074 0.00129263 0.00803305 0.00871527 4.64131e-05 2.91079e-08 0.00763487 2.78603e-08 0.0137897 0.0147187 0.0628762 0.0049048 0.073869 3.86871e-05 0.00083268 0.0139662 0.0064143 
0.0146214 0.0416071 0.0103486 0.000225116 0.318165 0.0319314 0.00174652 0.0046481 0.000984124 3.08256e-07 0.00893561 0.030825 0.00326475 0.0947874 0.236404 1.13223e-05 0.0585378 9.34968e-05 1.7999e-05 5.29013e-06 0.00370519 0.00838022 0.000140411 0.11894 0.00159197 0.000693358 0.00938911 
0.0127486 0.000956762 0.0093627 5.40623e-07 0.789091 0.00061135 0.00100063 0.0611836 0.000445306 2.84037e-06 0.00157869 0.0036473 0.000538232 0.0780253 9.18156e-07 0.00173382 0.0144035 3.93471e-05 2.34477e-05 0.00012907 0.00874202 0.000226419 0.000309097 0.00305997 6.61247e-05 0.0115692 0.000504663 
0.0184822 0.000310611 0.00140594 5.50026e-05 0.879326 0.00117604 0.00059896 5.87653e-05 9.40765e-05 3.92795e-07 0.00880101 0.00990279 0.00345551 0.0207876 5.52474e-06 2.79154e-09 0.00966959 1.34775e-07 1.83122e-05 1.99269e-05 0.0403251 0.000564049 1.1936e-05 0.00267722 2.58713e-05 0.000576795 0.00165096 
0.0626376 0.00129416 0.0573642 0.010154 0.648258 0.00014631 0.000209516 0.0272491 0.00237209 1.30755e-05 0.0253758 0.0276644 0.0146055 0.043248 2.91105e-06 1.55465e-07 0.0406935 0.000137083 0.000534969 0.000340413 0.0179594 0.000478283 0.00445825 0.00772686 2.28052e-06 0.000491828 0.00658281 
0.00093818 0.0118565 0.192464 0.00160562 0.502205 0.0278116 0.00124616 0.00777181 0.00463757 0.000160386 0.0190086 0.00526976 0.00465754 0.0640225 0.00358798 4.48029e-09 0.00562797 0.027755 0.000184354 0.0114936 0.0114527 0.00488818 0.00641606 0.0648719 0.00129959 0.0146795 0.00408806 
0.00146109 0.0172796 0.0491588 0.000428153 0.293061 0.0118361 0.156666 0.0109628 0.00205721 3.8431e-05 0.1864 0.0272155 0.0363336 0.0288185 0.00129389 0.00183729 0.0277474 0.000260057 0.000809555 0.000145547 0.0315595 0.0127757 0.0224902 0.00988008 4.89558e-05 0.0319476 0.0374874 
0.0534415 0.00597099 0.0159653 0.00678755 0.337791 0.00976894 0.00208419 0.0132125 0.00143912 2.48088e-05 0.0446661 0.0743008 0.0924104 0.0603412 0.000213781 1.34469e-06 0.0609421 0.00291779 0.00291578 0.000496182 0.0682657 0.0124814 0.0234506 0.0046096 0.00833582 0.0478869 0.0492783 
