0.0134714 0.00207882 0.00703696 0.00106641 0.00894175 0.871374 0.00345621 6.05252e-06 0.000196363 0.000200275 0.00299053 0.00164619 0.0038214 0.00240984 0.000385698 1.23107e-05 0.00362361 1.1783e-05 0.000586287 0.000668074 0.00312337 0.00114049 1.21488e-05 0.00433485 0.000198949 1.40056e-06 0.0672046 
0.000658741 0.156844 0.0277396 0.0166663 0.0433754 0.215283 0.00176385 0.00422836 0.0764002 1.87477e-05 0.085267 0.059335 0.0983523 0.0385958 0.000229255 1.03976e-05 0.0010744 3.88925e-05 0.00126975 0.000232381 0.000419345 0.059087 8.85143e-08 0.0716186 0.000241299 0.0390479 0.00220225 
0.00404721 0.05672 0.173732 0.0206843 0.0829846 0.251949 0.0319501 0.000581114 0.0593456 4.76955e-05 0.0785873 0.00631946 0.112947 0.00460113 6.32628e-06 0.000123057 0.00661699 6.9268e-05 0.0010288 0.000278483 0.010708 0.00529753 1.39253e-05 0.00191022 0.000108619 0.0288197 0.0605225 
0.0310897 0.013905 0.0107644 0.00185155 0.0329419 0.548027 0.00679323 0.0046217 0.000697472 5.18363e-06 0.120135 0.0173913 0.0545153 0.00635289 7.35612e-06 0.00145007 0.0217074 3.2343e-05 0.000939647 0.000854308 0.00085556 0.0166231 0.000517346 0.094481 9.79734e-05 0.00609033 0.00725143 
0.00105757 0.00648331 0.0546557 0.000320109 0.00211286 0.821834 0.000364443 0.000112368 0.0027128 1.11587e-05 0.00989032 0.00815952 0.0677626 0.00336487 4.65906e-07 3.64346e-08 0.000631989 6.85866e-06 7.15046e-06 2.43662e-06 0.000327653 0.00398147 0.000463279 0.0051328 0.000163977 2.42032e-07 0.0104399 
1.27468e-05 0.000222601 0.000710322 1.95663e-05 2.3802e-05 0.998014 7.47246e-05 1.20738e-05 1.44486e-05 1.96406e-05 1.36901e-06 2.39129e-06 0.000211244 0.000281461 3.31034e-05 2.4558e-05 2.19004e-06 2.35054e-05 2.74646e-05 2.0558e-05 5.18314e-06 4.65365e-06 2.4235e-05 0.000188991 1.90093e-05 2.7939e-06 3.51885e-06 
0.00115961 0.00912626 0.0765107 0.0135475 0.0284523 0.747872 0.0010364 0.00996671 0.000136052 2.218e-06 0.0673689 0.0016701 0.00789228 0.00588956 3.4716e-08 3.29016e-10 0.00121653 5.00212e-06 5.66752e-05 0.000126523 0.00290507 0.00221204 8.071e-05 0.000933774 8.2076e-06 0.0127243 0.00910037 
0.000472116 0.0130122 0.0246164 0.00149366 0.021915 0.26539 0.00103926 0.00826538 0.00111029 7.21629e-06 0.239652 0.0773394 0.0468978 0.0064551 1.54897e-05 9.20488e-07 0.0433873 7.13736e-05 0.00108016 0.00586908 0.00651461 0.0853675 0.00291004 0.0967151 1.77271e-05 0.0370866 0.013298 
0.000169668 0.0168301 0.374874 0.000452157 0.0291301 0.51413 0.00342617 0.00191543 2.68668e-05 1.80033e-06 0.016742 0.00251634 0.00690148 0.00484033 3.0467e-06 0.00251376 0.00429267 5.62674e-07 5.29984e-05 0.00029705 0.000226793 0.00252051 1.39518e-06 0.00460949 5.83117e-06 0.00656577 0.00695418 
0.000816022 0.0533716 0.0103515 0.000667755 0.0221668 0.372845 0.00776038 0.0150881 3.8281e-05 3.81063e-06 0.136813 0.0305912 0.211412 0.0110235 9.92802e-05 0.0170176 0.01543 0.000244536 0.00021211 0.000759918 0.00193825 0.0548879 0.000292778 0.0230988 0.000120288 0.00575377 0.00719597 
0.00662848 0.0876848 0.145197 0.000356922 0.0530993 0.390997 0.00595789 0.0350791 0.000754549 3.09516e-05 0.0332736 0.0366524 0.0432564 0.00251325 3.13089e-05 1.64951e-05 0.0364833 6.49226e-07 0.000711904 0.00142462 3.71871e-05 0.0129636 0.00300235 0.00311555 0.0848323 0.00101685 0.0148822 
0.00149034 0.0117331 0.0851201 0.017417 0.0365807 0.689281 0.00133211 0.0128133 0.000174738 2.81789e-06 0.0866161 0.00214644 0.0101465 0.0075714 3.48697e-08 2.51461e-10 0.00156393 6.39716e-06 7.2659e-05 0.000162358 0.00373467 0.00284376 4.42968e-07 0.00120028 1.05343e-05 0.016358 0.0116212 
9.40815e-05 0.0374687 0.0170049 0.00027728 0.0371837 0.715451 0.00526753 0.0120714 5.44747e-06 3.84808e-06 0.024132 0.0295794 0.0468906 0.0195518 3.23518e-07 7.54617e-08 0.00324085 1.6807e-05 1.34833e-05 0.00582776 5.88935e-07 0.0270539 7.44693e-08 0.0068466 0.0093169 7.96042e-06 0.00269349 
0.00020381 0.00297048 0.00966287 0.00100599 0.0324755 0.287942 0.00318353 0.00277716 6.0274e-05 5.35881e-06 0.177422 0.0155246 0.211706 0.0115549 0.000209789 4.11669e-08 0.00734644 0.000110298 9.65848e-06 0.000424398 0.00251488 0.00796333 0.00527463 0.0430024 4.08444e-05 0.12915 0.0474593 
0.00483482 0.00734917 0.0137912 0.00236337 0.030311 0.774084 0.00314837 1.535e-07 0.00299926 4.12224e-06 0.0131481 0.000247875 0.0398074 0.0169993 9.5759e-06 1.17328e-10 0.0117126 5.51828e-05 0.000227136 4.32703e-07 0.00280342 0.00322704 1.15785e-10 0.00111877 3.85511e-05 0.0284082 0.0433109 
9.40815e-05 0.0374687 0.0170049 0.00027728 0.0371837 0.715451 0.00526753 0.0120714 5.44747e-06 3.84808e-06 0.024132 0.0295794 0.0468906 0.0195518 3.23518e-07 7.54617e-08 0.00324085 1.6807e-05 1.34833e-05 0.00582776 5.88935e-07 0.0270539 7.44693e-08 0.0068466 0.0093169 7.96042e-06 0.00269349 
0.0322344 0.0232403 0.105507 0.000482162 0.0722744 0.273344 0.0422745 9.35698e-05 0.107992 0.000126053 0.0289883 0.0268198 0.00548621 0.00219763 0.00282175 5.78657e-07 0.0163469 0.000101581 0.00014438 0.192951 0.00270267 0.000855513 5.71047e-07 0.0590165 1.78259e-05 0.000306993 0.00367402 
0.0280502 0.161435 0.00406713 0.000784671 0.00946236 0.348805 0.0246151 0.00903872 1.04336e-06 3.35281e-05 0.0390266 0.0424437 0.0987402 0.0181336 4.72438e-05 0.000120221 0.0240439 4.5051e-05 6.65242e-06 0.00288526 0.0215656 0.00738184 5.53766e-05 0.0986004 0.0570769 0.000153085 0.00338199 
0.00115961 0.00912626 0.0765107 0.0135475 0.0284523 0.747872 0.0010364 0.00996671 0.000136052 2.218e-06 0.0673689 0.0016701 0.00789228 0.00588956 3.4716e-08 3.29016e-10 0.00121653 5.00212e-06 5.66752e-05 0.000126523 0.00290507 0.00221204 8.071e-05 0.000933774 8.2076e-06 0.0127243 0.00910037 
0.000977275 0.150724 0.00234702 1.23862e-07 0.0158216 0.757336 0.000515735 0.000958846 7.47362e-07 2.73644e-08 0.0210357 3.47247e-07 0.00361656 0.00655729 3.07829e-08 7.80788e-11 3.61902e-07 2.77514e-05 0.000172366 1.06814e-06 0.00174811 4.52975e-08 5.96762e-07 0.0292433 0.000190969 0.000994954 0.00772912 
0.0159719 0.0114665 0.040137 0.00233591 0.0198746 0.77247 0.00098546 0.000190538 1.79795e-05 1.31524e-06 0.0240451 0.00664173 0.0258656 0.00803645 2.54863e-06 1.64975e-07 0.00584137 3.13533e-09 0.00149532 4.5367e-06 0.00282356 0.0363806 1.42624e-06 0.00749905 3.13397e-05 3.91083e-06 0.0178766 
0.000208985 0.00497243 0.00492631 0.000335207 0.00175665 0.69805 0.0011987 8.00973e-06 0.000870086 4.0483e-06 0.0739211 0.029164 0.0102998 0.000965547 3.5349e-05 8.75892e-08 0.00168517 9.67809e-06 4.95949e-05 0.00166778 8.82864e-05 0.000700849 0.14791 0.000869701 2.37584e-06 0.00869049 0.0116106 
3.57198e-07 0.0141714 0.000928124 0.00671577 0.0465784 0.396263 0.314588 0.000237757 0.012482 1.29667e-06 0.0844846 0.0056604 0.0378822 0.00488468 1.90251e-06 1.07987e-08 0.000778712 0.00201791 2.23782e-05 0.0147092 0.000621907 0.0141431 6.79127e-07 0.00568199 0.0168879 0.00182437 0.0184316 
0.000699208 0.0597305 0.200721 0.000410769 0.0185643 0.446614 0.00399959 0.00018966 0.00969489 2.03863e-05 0.0314231 0.00672434 0.165782 0.00820492 1.28726e-05 6.08929e-06 0.00441058 0.000953477 0.00294475 0.000248804 0.00137374 0.00824818 0.000187113 0.0167138 0.0001464 0.00426736 0.00770812 
0.000767138 0.0290576 0.038269 6.40033e-05 0.00433442 0.409613 0.0370701 0.000106335 0.00330646 3.04589e-06 0.0498075 0.0138281 0.39657 0.00374213 0.000257282 1.0423e-08 0.00635523 1.30728e-05 7.80644e-05 3.39308e-05 0.000249785 0.00366247 1.41446e-05 0.000887954 5.66956e-05 4.09805e-05 0.00181121 
0.0398147 0.0672793 0.0767731 2.68741e-06 0.0813094 0.154733 0.0847021 0.00542596 0.00672653 4.92906e-08 0.105954 0.00703904 0.142287 0.0331248 4.31278e-08 2.90726e-07 0.0597717 0.0869069 0.000550385 0.000369134 0.00747344 0.0151047 1.04172e-06 0.014136 5.20231e-06 0.000441076 0.0100694 
0.00730707 0.115887 0.000830152 0.00732139 0.00521049 0.284129 0.00192875 0.000111458 3.34368e-06 5.97464e-05 0.0432954 0.0956653 0.0183006 0.0159352 3.97056e-05 0.00429163 0.058856 1.79966e-06 7.3553e-06 6.34867e-07 0.000820701 0.0963753 6.80295e-06 0.220236 4.31675e-05 0.00131338 0.0220236 
0.00115961 0.00912626 0.0765107 0.0135475 0.0284523 0.747872 0.0010364 0.00996671 0.000136052 2.218e-06 0.0673689 0.0016701 0.00789228 0.00588956 3.4716e-08 3.29016e-10 0.00121653 5.00212e-06 5.66752e-05 0.000126523 0.00290507 0.00221204 8.071e-05 0.000933774 8.2076e-06 0.0127243 0.00910037 
0.000188339 0.0254031 0.0838149 0.02203 0.229642 0.357925 0.00596949 0.0303636 5.21192e-05 8.43859e-06 0.0800594 0.0109757 0.00661817 0.00978587 3.80156e-05 8.3014e-07 0.102486 4.98071e-07 1.60791e-09 2.86368e-06 0.0034148 0.0112941 0.000403868 0.0174963 7.57323e-06 0.00153674 0.000482175 
0.0016826 0.0374808 0.0239201 0.00492281 0.00877372 0.65009 0.00451145 0.0028022 0.0102115 2.79611e-05 0.0568169 0.0388391 0.0605855 0.00935122 5.74154e-06 4.57885e-08 0.0250001 0.000267726 1.50242e-05 0.00033905 0.00058044 0.00160662 0.000779393 0.0339564 2.45019e-05 0.000265478 0.0271438 
0.0533271 0.01959 0.0315553 0.000700038 0.0615048 0.464247 0.00246027 0.00338575 0.00112814 2.48708e-08 0.0649494 0.044887 0.0555902 0.0994998 7.16783e-05 1.50144e-08 0.0319614 0.000120391 0.00129334 4.67182e-06 0.00745058 0.0116506 0.000466332 0.0340137 9.05496e-05 0.0059803 0.00407171 
4.64178e-07 0.0287531 0.303257 0.0100303 0.0340078 0.352715 0.0131445 4.64204e-07 0.0045024 0.00106751 0.0780983 4.64554e-07 0.051938 0.0159321 0.0012981 4.63753e-07 0.0277812 4.63791e-07 0.00449785 4.63898e-07 0.00891793 0.0147707 4.63764e-07 0.00520224 0.00594579 4.64539e-07 0.038137 
0.000134552 0.00925132 0.15566 0.000640842 0.00298863 0.649302 0.00152119 0.000466161 0.0127523 9.83137e-07 0.0396876 0.0176714 0.0740533 0.00158676 1.88189e-06 5.99639e-09 0.0125033 0.000164746 0.000183134 5.5286e-06 0.000736945 0.000121622 5.91753e-09 0.00146227 2.14248e-06 3.88057e-06 0.0190974 
0.00350867 0.300671 0.00256421 1.40847e-05 0.00112222 0.39874 0.00035557 2.31839e-08 2.77438e-08 3.77133e-08 0.0888337 0.192474 0.000156019 0.000820762 9.60543e-06 1.42045e-05 0.00507216 4.27969e-06 5.945e-05 0.000556317 1.96188e-05 8.32305e-05 4.65353e-08 0.00489446 7.38558e-06 6.11243e-06 1.28121e-05 
0.00524451 0.0316332 0.147273 0.00208613 0.00754941 0.629207 0.000495278 0.000584225 0.00110946 2.64293e-07 0.0166731 0.0438937 0.0798502 0.0117789 2.1306e-05 3.30464e-07 0.00494009 3.37319e-06 3.69576e-07 1.56094e-05 0.00401809 0.00196823 3.11466e-05 0.00849322 1.27458e-05 2.63746e-05 0.00309094 
0.000110115 0.0369035 0.0249311 0.00261907 0.114522 0.277852 0.0253981 0.0295779 0.00293245 9.60046e-05 0.074288 0.0173836 0.131733 0.00946235 6.02415e-05 0.000136112 0.0149544 0.00987253 0.000126234 1.25453e-05 0.0078924 0.107048 6.40644e-05 0.0798161 0.000157784 0.00895291 0.023098 
0.000475634 0.0208314 0.0782778 0.0015751 0.0511989 0.495699 0.00074298 0.00317774 8.12688e-08 8.15404e-05 0.150957 0.0116596 0.0500842 0.0182225 7.9105e-06 0.00022675 0.00587209 1.09732e-10 0.000206234 0.000517417 0.0023518 0.00622481 2.98676e-05 0.0432827 0.000164407 0.00453031 0.0536019 
7.99554e-05 0.000294825 0.00191731 2.3114e-08 0.0106412 0.936026 0.000993182 3.21934e-08 0.000126147 2.64222e-11 0.0276719 0.00765484 0.00678347 0.00265642 6.23827e-07 7.46825e-09 0.0035349 3.00632e-07 9.54058e-06 0.00010117 0.00107497 0.000234406 3.2603e-11 4.58307e-05 1.88566e-06 6.43804e-06 0.000144181 
0.00819687 0.107969 0.0404545 0.0023976 0.0182087 0.597186 0.00331382 0.00199275 0.00153423 3.04908e-06 0.041407 0.0431215 0.0398073 0.0140395 2.52119e-05 6.34571e-07 0.0160466 8.56756e-05 0.000666073 0.000198894 0.00392812 0.0135525 0.0133739 0.0114753 0.0040097 0.00637221 0.0106329 
0.00464365 0.0103756 0.0178985 0.0483088 0.0332173 0.549191 0.000371808 0.000755302 0.000607585 1.13086e-05 0.0813455 0.0318382 0.0447984 0.00831297 8.94296e-06 2.10916e-07 0.0827964 0.00383051 0.000144469 0.000103796 0.00722922 0.0114158 0.000390028 0.0381198 1.76671e-05 0.0078078 0.0164596 
2.07749e-08 0.0246753 0.000810785 0.00227386 9.00892e-07 0.846625 8.44427e-09 4.05917e-06 2.35486e-08 1.30086e-07 0.00465345 0.00276306 0.00951583 7.20934e-07 2.38836e-05 1.0134e-07 2.35482e-06 3.83094e-08 4.47622e-08 3.35058e-08 8.44757e-09 0.00366707 2.72983e-05 0.104955 7.30716e-09 1.92898e-07 6.91021e-07 
3.13525e-07 0.0142864 0.000954252 0.00726128 0.044194 0.398652 0.343818 0.000177273 0.00928212 9.26019e-07 0.091745 0.00612759 0.0395359 0.00258457 1.41147e-06 9.59096e-09 1.20125e-05 6.29206e-05 6.32842e-06 0.00629451 0.000640152 0.00949171 5.96093e-07 0.00309145 8.04067e-05 0.00197167 0.0197268 
0.0413715 0.0351702 0.0239229 0.000625589 0.0521724 0.248034 0.00754745 0.198663 0.00731832 5.0018e-08 0.0736015 0.140911 0.0182567 0.0208986 1.40601e-06 1.34475e-06 0.0166027 1.47052e-05 0.00396102 5.23545e-08 0.0125494 0.033963 0.000149991 0.052441 4.86703e-05 9.47418e-05 0.0116784 
0.000502231 0.0452618 0.0448344 0.00118883 0.0141148 0.418563 0.00167659 0.00938834 2.18084e-05 4.73966e-05 0.160042 0.0515403 0.071361 0.013595 6.65463e-05 9.21068e-08 0.0413219 0.000101059 0.000958436 1.68526e-05 0.00251941 0.0223289 0.000236386 0.0593372 1.86069e-05 0.00958476 0.0313727 
0.000150384 4.56994e-05 5.3861e-05 9.66445e-05 1.8865e-05 0.996761 6.11259e-05 0.000142445 0.000170462 0.000231716 1.61513e-05 2.8212e-05 2.69013e-05 5.26906e-05 0.000390548 0.00028973 2.58377e-05 0.000277312 0.000324022 0.00024254 6.11498e-05 5.49029e-05 0.00028592 6.49582e-05 5.28947e-05 3.29619e-05 4.15147e-05 
0.00115388 0.0183209 0.0195863 0.000902031 0.0483178 0.521687 0.00359302 0.00319772 0.000196301 2.57317e-05 0.109769 0.0036379 0.0194577 0.0392612 0.00172082 0.032215 0.0235592 0.00358871 7.07065e-06 0.000553165 0.00101019 0.00683512 0.000481006 0.0283325 0.0205474 0.0782681 0.0137752 
0.00613045 0.0287192 0.0144502 0.00569729 0.0156513 0.261579 0.0102636 0.00414022 0.000967124 0.0160585 0.196042 0.121672 0.10757 0.0144498 0.000219407 1.99506e-07 0.101601 0.000174661 0.00286736 0.000251021 0.0109698 0.0134737 0.000354602 0.0253137 0.00631191 0.00252847 0.0325431 
0.00142181 0.016294 0.0007816 0.0229328 0.012472 0.343822 0.00231877 0.00317256 0.00736467 8.39158e-07 0.166812 0.340819 0.0409265 0.0116238 9.34403e-06 3.6178e-08 0.0132519 0.000208521 0.00388787 1.29783e-07 0.00106593 0.00781447 7.72569e-11 0.00256868 1.61798e-08 6.40067e-05 0.000367038 
7.42659e-06 2.25682e-06 0.00092647 4.7727e-06 9.31629e-07 0.994036 3.01864e-06 7.03451e-06 8.4181e-06 1.14431e-05 7.97616e-07 1.39322e-06 1.32849e-06 2.60208e-06 1.92869e-05 1.43081e-05 1.27597e-06 1.36948e-05 1.60015e-05 1.19776e-05 3.01982e-06 2.71133e-06 0.00171987 0.00317719 2.61215e-06 1.62779e-06 2.05016e-06 
0.00043517 0.013057 0.0309979 0.00373611 0.0639827 0.451555 0.0090392 0.000847908 0.0012471 2.62851e-06 0.0950837 0.0369696 0.0553037 0.0396491 1.54154e-05 2.0421e-05 0.0144673 2.05368e-06 0.000299822 0.000152773 0.0032429 0.00329091 0.00113888 0.00153778 7.61262e-06 0.00144828 0.172469 
0.0017162 0.0158083 0.0145744 0.00959083 0.0461469 0.337299 0.00686776 0.000145332 0.00973988 3.66812e-06 0.310037 0.0363522 0.0984012 0.0113511 5.36294e-05 1.64391e-07 0.0225719 9.32127e-05 0.00737032 0.000235616 0.00108558 0.0115233 0.00152224 0.0130778 3.09966e-05 0.000885123 0.0435162 
0.000779912 0.00386841 0.00458394 0.00282754 0.015534 0.837537 0.000197831 0.000978588 0.00575274 4.69941e-06 0.0289549 0.0503136 0.0112979 0.00779159 7.99641e-06 8.25113e-07 0.00198399 1.35335e-05 0.000911668 1.71143e-05 0.000245174 0.019279 6.64149e-07 0.003431 8.03232e-06 0.00143855 0.00223983 
7.09054e-06 0.335488 0.0137895 0.000118305 2.2083e-05 0.545741 0.017646 4.03175e-06 7.91314e-07 2.77602e-08 0.0200074 1.06745e-05 0.0611788 0.00455785 1.99668e-07 3.47105e-08 0.00094129 3.31968e-05 3.88187e-08 2.9057e-08 0.000305983 7.65428e-05 3.4254e-08 4.8463e-06 1.98602e-07 6.42888e-05 2.10365e-06 
0.00115961 0.00912626 0.0765107 0.0135475 0.0284523 0.747872 0.0010364 0.00996671 0.000136052 2.218e-06 0.0673689 0.0016701 0.00789228 0.00588956 3.4716e-08 3.29016e-10 0.00121653 5.00212e-06 5.66752e-05 0.000126523 0.00290507 0.00221204 8.071e-05 0.000933774 8.2076e-06 0.0127243 0.00910037 
0.00031645 0.00388416 0.0100506 0.00325758 0.0198088 0.721656 0.00209539 0.000383815 0.0034551 6.65688e-05 0.0576797 0.00500972 0.0914218 0.00308068 2.45183e-08 4.85497e-10 0.0024885 5.31817e-08 0.000536077 0.000154878 0.000603136 0.00433094 1.2148e-07 0.0671208 7.53834e-08 0.000217807 0.00238115 
0.0023763 0.0361122 0.0539241 0.00141306 0.0168041 0.440431 0.0172982 0.00048879 0.125639 6.59747e-07 0.0545041 0.0381789 0.0184776 0.0151497 0.000657151 6.88413e-07 0.0816123 0.000234944 0.0191196 2.10368e-05 0.0139086 0.013448 6.807e-06 0.00077259 0.000217054 0.0249923 0.0242116 
7.744e-08 0.0106509 0.0220854 0.00281138 0.0261419 0.891124 0.000511036 3.37199e-05 8.77789e-08 9.36233e-07 0.000208168 0.00495862 0.0235313 0.00795885 2.01112e-07 6.59915e-07 0.00697229 1.42801e-07 1.66854e-07 0.000181161 0.000715108 0.00174046 1.47234e-07 1.45755e-05 2.7238e-08 0.000352489 5.7294e-06 
7.99554e-05 0.000294825 0.00191731 2.3114e-08 0.0106412 0.936026 0.000993182 3.21934e-08 0.000126147 2.64222e-11 0.0276719 0.00765484 0.00678347 0.00265642 6.23827e-07 7.46825e-09 0.0035349 3.00632e-07 9.54058e-06 0.00010117 0.00107497 0.000234406 3.2603e-11 4.58307e-05 1.88566e-06 6.43804e-06 0.000144181 
0.00415567 0.105196 0.0128858 0.00238511 0.0177037 0.499178 0.0362163 0.00216538 0.000438651 2.57892e-06 0.124041 0.0619105 0.0459703 0.0259795 2.87826e-05 1.21367e-06 0.011724 4.78397e-05 0.00153986 0.0106802 0.000929022 0.0107135 0.000667892 0.0138602 0.000198659 0.00099907 0.0103812 
0.0119183 0.121939 0.00736098 0.00212962 0.017706 0.691175 0.00311412 0.0013704 0.000118186 2.97446e-05 0.0197538 0.00563024 0.0523234 0.0132962 9.99642e-09 7.34282e-11 0.000487915 2.49887e-05 0.000155352 0.000894438 0.00228974 0.00960664 2.11906e-07 0.0144521 0.0130971 0.0018411 0.00928584 
0.139796 0.0496059 0.0609611 0.0645597 0.030527 0.393624 6.69108e-06 0.00459993 2.00818e-06 0.0158486 0.015214 0.00185414 0.00293052 0.00157832 4.81329e-08 3.57077e-08 0.0413741 3.41772e-08 3.99339e-08 1.46709e-05 0.0309322 0.0115747 4.68813e-05 0.132446 2.44117e-07 1.29877e-05 0.00249013 
0.00116069 0.028584 0.161681 0.000638628 0.030103 0.450847 0.00351575 0.00181304 0.0402021 0.000170899 0.0584369 0.00468836 0.0619982 0.0913395 1.00045e-05 1.24078e-06 0.00615345 6.07319e-09 8.38696e-05 0.000108765 0.00550001 0.00446375 0.000434581 0.00919637 8.85921e-06 0.00034501 0.0385155 
0.00055762 0.0195097 0.0162683 0.000262769 0.00178623 0.781551 3.90059e-07 0.0379907 0.000335237 2.66625e-09 0.00305303 0.0584096 0.0607092 0.00229232 5.92543e-08 3.33379e-09 0.00720677 3.58694e-07 3.72837e-09 2.79079e-09 1.60048e-05 0.00345718 3.28995e-09 0.000809568 6.9477e-08 8.35706e-08 0.00578411 
0.00186495 0.0413605 0.000869936 0.00151083 0.0157229 0.818942 0.00575547 9.78362e-05 6.19801e-06 5.0773e-05 0.00989872 0.0020684 0.0576702 0.00424625 4.10662e-06 7.86689e-09 0.00123051 0.000577445 0.000490309 0.000278071 0.00187216 0.00926064 7.76343e-09 0.000405732 0.0158511 0.00251445 0.00745058 
0.00104013 0.0112982 0.00281772 0.279911 0.0128434 0.538631 0.00250905 0.00782186 0.00115499 1.8076e-06 0.0157294 0.00949486 0.026734 0.00544516 9.85515e-10 7.3111e-10 0.00820913 4.43841e-05 0.00068739 5.27195e-05 0.000208909 0.0304024 3.35588e-07 0.0314325 0.0113274 5.24615e-05 0.00214925 
0.0173836 0.00871943 7.09562e-06 0.0314649 0.181766 0.291534 0.0200464 0.000106226 0.000151876 3.63131e-08 0.0647908 0.0767023 0.0370821 0.0285601 1.88616e-05 1.52537e-06 0.0751662 0.000361773 0.00257943 3.85633e-06 0.00618011 0.0251241 1.14403e-05 0.00692737 5.73261e-07 0.0439821 0.0813285 
0.00277737 0.084909 0.0663298 0.00283903 0.0230572 0.388236 0.00347149 0.00463424 0.00229323 7.61283e-06 0.0940751 0.0403669 0.0825829 0.0419409 2.59836e-05 4.0634e-06 0.0174264 0.00600069 1.42936e-05 0.00409918 0.0180945 0.0266302 0.000123458 0.0441182 8.5031e-05 0.0190927 0.0267646 
0.000365362 0.225257 8.82101e-05 1.73913e-08 6.45041e-05 0.771828 4.29097e-05 0.00028199 0.00045095 4.16975e-08 0.000447886 0.000124386 5.22866e-05 9.48173e-09 7.02796e-08 5.21373e-08 0.000123682 4.99026e-08 5.83081e-08 4.36453e-08 1.1004e-08 0.000426819 5.14516e-08 0.000146128 1.71427e-05 5.93153e-09 0.000282397 
0.000647369 0.11563 0.0129847 8.01176e-05 0.0818831 0.279547 0.00250198 7.13394e-05 7.39689e-05 3.05515e-05 0.0649161 0.0103156 0.226401 0.0286263 8.73413e-06 7.46748e-06 0.00103266 0.000186718 0.00166556 0.000285368 0.0189363 0.00638358 0.00526443 0.107814 7.84606e-06 0.030129 0.00456928 
0.0545259 0.0277038 0.00748252 0.014468 0.134572 0.234846 0.00210368 0.0130907 8.40052e-05 0.000965975 0.117759 0.0377247 0.100243 0.0153307 0.000592979 2.4743e-08 0.0457727 2.13465e-05 0.000826518 8.01181e-07 0.00607863 0.0756047 0.000143104 0.0467749 1.52673e-06 0.00612486 0.0571585 
0.0557799 0.0410458 0.0836957 0.0101081 0.0385808 0.385762 0.00790226 0.0104257 0.0329216 4.73248e-06 0.0313376 0.102388 0.0314881 0.0467291 1.8491e-05 2.02447e-06 0.00749874 0.000761365 0.00013288 2.39337e-06 0.00191664 0.052952 5.04344e-06 0.0488645 0.000173431 0.00105448 0.00844878 
4.06838e-05 0.0192504 0.0266654 0.000338471 0.00212773 0.625218 0.000236355 0.000148301 1.83798e-05 4.68102e-07 0.00514781 0.00437491 0.28812 0.0154152 7.17026e-07 9.20004e-10 0.00081678 0.00014388 0.000641811 0.000370549 1.70648e-05 0.00243746 1.6516e-06 0.00835566 2.24412e-06 1.22635e-05 9.77261e-05 
6.7265e-11 0.000107571 0.00709427 0.00321599 0.00499383 0.937117 9.02061e-08 0.00527215 1.0709e-07 7.50632e-09 0.000665695 0.00267503 0.0309062 0.000819152 1.74687e-10 5.17238e-07 0.00546933 1.24038e-10 1.44931e-10 1.08485e-10 3.16638e-07 1.00879e-07 1.27888e-10 0.00144208 1.33831e-08 1.42308e-08 0.000220436 
0.000253193 0.00159914 0.0203659 0.00115364 0.0398956 0.854269 0.00493254 0.000542427 0.00483078 1.02092e-07 0.0292197 0.00113831 0.00844446 0.00171581 7.62671e-07 2.42196e-07 0.00203026 7.82052e-06 5.09808e-05 1.64037e-06 0.00232093 0.000224199 9.6741e-08 9.03533e-05 1.15443e-05 0.0252409 0.00165956 
0.00115961 0.00912626 0.0765107 0.0135475 0.0284523 0.747872 0.0010364 0.00996671 0.000136052 2.218e-06 0.0673689 0.0016701 0.00789228 0.00588956 3.4716e-08 3.29016e-10 0.00121653 5.00212e-06 5.66752e-05 0.000126523 0.00290507 0.00221204 8.071e-05 0.000933774 8.2076e-06 0.0127243 0.00910037 
0.0106807 0.0284753 0.126537 0.00072009 0.0927614 0.38871 0.0299198 0.0132887 0.00123845 0.000149785 0.0716631 0.00816789 0.144701 0.0311516 4.39525e-05 3.56429e-08 0.0196541 9.46688e-06 4.11306e-06 0.000186664 0.00562962 0.00204336 0.000198953 0.0134597 0.000944246 0.000429268 0.00923224 
2.78519e-05 0.0134245 0.0402241 0.00824155 0.0331359 0.525271 0.000142285 2.45827e-05 7.65317e-06 1.5168e-06 0.0138629 0.0249375 0.0305607 0.0105873 0.000268794 8.12524e-07 0.0445336 0.000165691 0.00062749 2.66157e-06 0.0947253 0.124031 6.53901e-05 0.00452416 0.000116398 0.0109031 0.0195858 
6.45239e-05 0.123634 0.103642 0.00012125 0.0565113 0.512923 0.000533185 7.10578e-05 0.0457959 2.17293e-05 0.0257936 0.00803719 0.0758748 0.0262245 1.59163e-05 2.07548e-08 0.00568492 1.64436e-06 3.64204e-06 0.000136937 0.00273491 0.00619389 7.74424e-06 0.00522889 5.17744e-05 0.000584507 0.000108086 
0.000696995 0.0718598 0.0259493 0.00209408 0.021103 0.283431 0.00359833 0.000653811 0.000133807 7.91364e-06 0.160272 0.0517534 0.265964 0.0427959 6.36229e-06 4.36305e-06 0.0353236 0.00112921 0.00161128 0.000565098 0.0022623 0.00490954 4.68622e-05 0.0133955 7.3176e-05 0.000630346 0.00972908 
0.000919453 0.0324205 0.00273889 0.00358179 0.0125647 0.490433 0.00256579 0.00133399 0.0183691 3.24129e-06 0.0744293 0.207018 0.0288965 0.00706747 5.24339e-06 3.24269e-09 0.0289627 0.0013859 0.00111242 0.000112851 0.00859369 0.00751598 8.94448e-05 0.0258585 1.31326e-05 0.000744678 0.0432629 
0.00115961 0.00912626 0.0765107 0.0135475 0.0284523 0.747872 0.0010364 0.00996671 0.000136052 2.218e-06 0.0673689 0.0016701 0.00789228 0.00588956 3.4716e-08 3.29016e-10 0.00121653 5.00212e-06 5.66752e-05 0.000126523 0.00290507 0.00221204 8.071e-05 0.000933774 8.2076e-06 0.0127243 0.00910037 
2.37982e-08 0.000721751 0.00169959 0.000198837 0.000283016 0.99272 9.67313e-09 2.25418e-08 2.69755e-08 3.66689e-08 0.000203198 0.000202694 0.000413795 0.00101811 6.1804e-08 4.58496e-08 0.000119398 4.38845e-08 5.12762e-08 3.83818e-08 9.67691e-09 0.00117293 4.52467e-08 0.000360823 8.37054e-09 5.2162e-09 0.000884942 
0.00205123 0.0500718 0.126332 1.45064e-06 0.121016 0.359979 0.00570769 4.85893e-05 0.000441434 7.54295e-09 0.0357338 0.00187931 0.0940137 0.000876333 7.02596e-06 3.40564e-07 0.0116688 1.53802e-05 0.000634373 2.21443e-06 0.0211134 0.0256447 0.000931374 0.053081 7.15267e-06 0.0245503 0.064192 
7.99554e-05 0.000294825 0.00191731 2.3114e-08 0.0106412 0.936026 0.000993182 3.21934e-08 0.000126147 2.64222e-11 0.0276719 0.00765484 0.00678347 0.00265642 6.23827e-07 7.46825e-09 0.0035349 3.00632e-07 9.54058e-06 0.00010117 0.00107497 0.000234406 3.2603e-11 4.58307e-05 1.88566e-06 6.43804e-06 0.000144181 
0.025004 0.0265959 0.293701 1.49427e-06 0.0120424 0.394724 0.000203106 0.000985407 0.156202 1.22221e-07 0.0257402 0.000500808 0.0439992 0.00120828 4.68655e-07 3.47946e-09 0.00266931 1.10514e-05 0.0071835 0.00178393 1.14702e-05 0.00034789 3.4337e-09 0.000430136 0.000576755 0.000193825 0.00588371 
1.85404e-05 0.00619604 0.0128209 0.000602236 0.0560557 0.518736 0.00010371 0.000475138 4.11942e-07 1.52322e-07 0.0653136 0.180184 0.00628243 0.0570034 0.000123485 3.2034e-08 0.00620212 0.00206151 0.0312775 3.01177e-05 4.27612e-05 0.00581307 0.000237062 0.0369783 7.41469e-05 5.76959e-06 0.0133619 
0.0350235 0.00506518 0.0421803 0.00600096 0.0111177 0.877124 0.000379601 0.000348024 0.00080264 9.17531e-08 0.00798225 0.000108664 0.00277743 0.00136281 8.19108e-08 3.28901e-09 0.000609417 7.97257e-08 1.87008e-05 3.58807e-07 1.62345e-05 0.00147048 3.24576e-09 0.00749368 5.5413e-06 3.6511e-05 7.60511e-05 
0.0206381 0.168996 0.00116239 9.21092e-06 0.0481145 0.518293 0.000237817 0.000327498 0.00406016 1.36935e-06 0.00979692 0.0551508 0.0464461 0.0354311 1.20548e-06 1.71451e-07 0.00496478 0.000398312 1.08175e-05 2.75907e-06 0.000505168 0.00593209 0.00376477 0.0735312 3.57306e-05 0.00163219 0.000555819 
0.000274335 0.07135 0.019402 0.00165013 0.0165076 0.43888 0.00467217 0.000746184 7.06225e-05 7.21276e-05 0.0928878 0.0880826 0.0817128 0.00839359 9.03305e-07 4.05853e-11 0.0257948 7.44848e-07 0.00454537 2.25838e-05 0.00806716 0.0109724 5.40424e-08 0.0156343 0.0996392 0.000297792 0.0103224 
0.00685878 0.0462441 0.0112899 0.000524537 0.10903 0.427853 0.000339534 0.00792577 0.000163082 1.20813e-05 0.0148181 0.0284196 0.255882 0.00813469 5.90927e-06 2.77877e-07 0.000534694 1.21405e-05 6.49487e-05 2.32617e-07 0.00180014 0.0173731 3.8738e-05 0.0518488 4.76298e-06 0.0101117 0.000709357 
6.39691e-09 0.00965101 0.24063 1.56813e-07 0.00144832 0.704099 6.18305e-07 3.76995e-07 0.0012387 9.24069e-06 0.000737459 0.000192475 0.032864 4.91917e-05 1.66128e-08 1.23243e-08 5.4173e-07 1.1796e-08 0.00539093 0.00019754 2.60113e-09 4.61885e-07 1.70974e-05 0.00304621 1.30059e-06 1.44224e-08 0.00042532 
0.0184295 0.0127646 0.303806 0.001588 0.0205799 0.330791 0.000342143 0.000824208 7.44491e-05 6.66791e-05 0.0704197 0.0171183 0.13138 0.00873122 5.60741e-05 4.67108e-07 0.00864935 7.2099e-05 3.59733e-05 0.000441375 0.00082583 0.00282578 0.00630824 0.00842475 0.000127618 0.0516981 0.00361922 
0.000612419 0.106573 0.0799813 0.000346219 0.120765 0.216294 0.0202373 0.000162272 0.00870578 6.62019e-10 0.14203 0.135826 0.0508652 0.0310332 2.984e-07 8.27768e-10 0.050898 6.32207e-05 0.0008259 0.00041489 0.0126425 0.00151668 3.42618e-07 0.0169324 2.66882e-05 1.14372e-05 0.0032355 
0.000457249 0.0019683 0.006967 2.72059e-08 0.000751454 0.984855 1.72072e-08 4.00989e-08 0.000187193 9.13862e-05 0.000155046 7.9418e-09 0.000421057 0.000485044 1.09941e-07 8.15605e-08 0.000314948 0.000288917 0.000155155 0.000225378 0.000137729 0.00110817 0.000289837 0.000623571 0.000105735 0.0001494 0.000261792 
3.16321e-06 0.00174947 0.000155759 0.000386215 0.00123644 0.901267 7.47782e-07 2.50131e-05 1.52886e-05 0.000634907 0.0165484 0.0626431 0.00204226 0.00694242 2.98968e-07 1.31262e-08 0.00180673 1.25636e-08 0.000873829 1.09882e-08 0.000487106 0.000435056 1.29536e-08 0.00272213 6.2183e-08 2.3795e-05 3.99111e-07 
0.0146901 0.0463914 0.0321906 0.10444 0.0513601 0.186209 0.00160967 0.0223644 0.00291652 8.65926e-05 0.139564 0.021256 0.038972 0.0383799 2.51543e-05 2.2949e-08 0.0179463 2.23926e-05 0.000250139 0.000353783 0.000434321 0.0782815 7.23348e-07 0.083541 4.85193e-05 0.0758666 0.0427987 
0.000171827 0.0492435 0.00689354 4.0409e-05 0.0970648 0.655306 0.00142903 0.00309863 0.00307477 2.92138e-05 0.0120578 0.0354976 0.0176867 0.0298231 7.73445e-06 3.0563e-08 0.00107503 8.96881e-06 0.000963684 5.60653e-05 0.000344218 0.0195451 0.0026437 0.0379642 2.09228e-05 0.0218737 0.00407987 
2.47392e-06 2.47565e-06 0.171803 2.47481e-06 0.0438291 0.597171 0.0254991 0.00841428 2.4736e-06 0.0017333 2.47613e-06 2.47593e-06 0.000497666 2.47553e-06 0.00469548 2.47166e-06 0.128258 2.47186e-06 2.4711e-06 2.47243e-06 2.47539e-06 2.47549e-06 0.0108781 0.00198274 2.47553e-06 2.47585e-06 0.00520147 
0.0114956 0.0310684 0.0408761 0.00131385 0.0246454 0.478381 0.0118867 0.00140374 0.000620183 2.12993e-06 0.141462 0.137171 0.0421912 0.00231172 7.60353e-05 7.19096e-06 0.030257 1.64546e-05 8.94e-05 4.27514e-05 5.33812e-05 0.0164161 0.000172775 0.0265311 5.61648e-05 0.000172224 0.00128006 
6.39691e-09 0.00965101 0.24063 1.56813e-07 0.00144832 0.704099 6.18305e-07 3.76995e-07 0.0012387 9.24069e-06 0.000737459 0.000192475 0.032864 4.91917e-05 1.66128e-08 1.23243e-08 5.4173e-07 1.1796e-08 0.00539093 0.00019754 2.60113e-09 4.61885e-07 1.70974e-05 0.00304621 1.30059e-06 1.44224e-08 0.00042532 
0.00350867 0.300671 0.00256421 1.40847e-05 0.00112222 0.39874 0.00035557 2.31839e-08 2.77438e-08 3.77133e-08 0.0888337 0.192474 0.000156019 0.000820762 9.60543e-06 1.42045e-05 0.00507216 4.27969e-06 5.945e-05 0.000556317 1.96188e-05 8.32305e-05 4.65353e-08 0.00489446 7.38558e-06 6.11243e-06 1.28121e-05 
0.00175873 0.214367 0.020889 0.00107611 0.0111013 0.394136 0.000618594 0.00538781 0.0024254 3.41182e-05 0.075604 0.0304408 0.105821 0.00407987 2.03836e-07 4.44409e-07 0.0256939 8.83277e-05 0.00016584 8.79475e-08 0.000273486 0.0197499 8.0264e-06 0.0845891 0.000207484 0.000564808 0.000918096 
0.000105518 0.00745775 0.0314856 0.00080378 0.0013124 0.827807 0.00358969 8.25476e-05 0.000137109 6.71579e-06 0.0372192 0.0120748 0.0366837 4.15547e-05 1.72208e-05 5.5064e-05 0.000928921 5.13502e-07 6.69327e-05 5.05099e-05 7.58951e-06 0.00152536 5.29441e-07 0.0334048 5.16258e-05 0.000425864 0.00465796 
1.81349e-07 0.0207947 0.0844865 0.0411383 0.0822723 0.28492 0.00101017 0.000309092 0.000441192 2.5588e-05 0.249336 0.0972574 0.0330155 0.0325133 3.12806e-08 9.32559e-12 0.00752285 8.92588e-12 0.00354389 0.000104765 0.00153519 0.000743648 0.00097967 0.00640566 3.77942e-05 0.00956725 0.042039 
3.16321e-06 0.00174947 0.000155759 0.000386215 0.00123644 0.901267 7.47782e-07 2.50131e-05 1.52886e-05 0.000634907 0.0165484 0.0626431 0.00204226 0.00694242 2.98968e-07 1.31262e-08 0.00180673 1.25636e-08 0.000873829 1.09882e-08 0.000487106 0.000435056 1.29536e-08 0.00272213 6.2183e-08 2.3795e-05 3.99111e-07 
1.15092e-06 0.0277575 0.0661061 0.0187678 0.0259193 0.564495 1.1516e-06 0.0154243 1.15077e-06 0.000231211 1.15194e-06 0.0572482 0.127051 0.0073718 1.14909e-06 0.000116136 0.0495315 1.14996e-06 1.1496e-06 1.15022e-06 1.1516e-06 0.0132451 1.14989e-06 0.0146261 1.15166e-06 0.00311105 0.00898479 
0.000647369 0.11563 0.0129847 8.01176e-05 0.0818831 0.279547 0.00250198 7.13394e-05 7.39689e-05 3.05515e-05 0.0649161 0.0103156 0.226401 0.0286263 8.73413e-06 7.46748e-06 0.00103266 0.000186718 0.00166556 0.000285368 0.0189363 0.00638358 0.00526443 0.107814 7.84606e-06 0.030129 0.00456928 
0.000711735 0.294842 5.41711e-05 0.00392676 0.00194996 0.452731 0.0562141 2.4882e-07 0.00690161 5.43062e-10 0.00691515 0.0051812 0.157753 0.00565654 1.46892e-06 6.79027e-10 0.000116459 2.10492e-07 6.49483e-05 1.05326e-05 0.000421653 0.000952652 2.54304e-08 0.00135413 2.93065e-05 0.00141416 0.00279674 
6.48585e-08 0.00425829 0.043208 0.000179937 0.0735405 0.59804 0.00024265 0.00463747 0.000186042 4.57173e-07 0.0741258 0.102337 0.0288459 0.014186 7.14206e-05 1.24956e-07 0.0120223 4.77509e-05 0.00162312 1.04604e-07 0.00241626 0.00570772 0.00141839 0.00435081 7.75612e-06 0.00021841 0.0283278 
0.128922 0.00519229 0.0818781 0.000581497 0.185945 0.358492 0.00205457 0.00818193 0.000790473 3.98165e-08 0.0210728 0.0572836 8.99343e-05 0.111773 1.26441e-05 4.97853e-08 0.00101329 4.76514e-08 9.36852e-05 0.000189728 0.000568666 0.00537218 4.91305e-08 0.0297354 9.08905e-09 0.000547289 0.000210986 
0.000484686 0.00255601 0.0830346 0.00082665 0.0693496 0.469793 0.00366935 0.00796091 0.00737925 3.99821e-05 0.106922 0.135878 0.0509448 0.00149867 0.00344681 1.68814e-05 0.0145595 1.40705e-05 0.000506031 0.000188946 0.00201407 0.00316232 7.64269e-05 0.000189245 2.28952e-05 0.0205237 0.0149421 
0.0292862 0.051032 0.137221 3.19952e-05 0.0318534 0.487972 5.35021e-06 0.0140854 1.69079e-05 8.77692e-09 0.128149 0.0237948 0.0007285 0.0237142 0.000129731 0.0522239 7.47277e-05 1.0504e-08 1.22733e-08 9.18691e-09 0.00389709 0.0074456 0.00052007 0.00750591 2.00354e-09 0.000131684 0.000180363 
0.0330137 0.0920403 0.0153527 0.00396814 0.0158572 0.293938 0.0820865 0.00131362 0.000583194 2.40234e-05 0.0108376 0.0708157 0.0529488 0.0721792 6.62833e-06 5.77194e-09 0.115246 0.00231878 0.00330382 0.000939348 0.00158319 0.0044478 0.00237254 0.00223422 0.067464 0.00269627 0.0524279 
0.00353303 0.000371587 0.209987 6.48965e-05 0.0179732 0.435971 0.00062217 0.000574706 0.00158785 0.000648505 0.00385485 0.0145994 0.0408093 0.0365707 0.00044763 0.0115329 0.0426804 0.000329391 0.00016809 0.149089 0.0114005 0.00200518 0.00105934 0.000301081 0.000932141 0.00829728 0.00458882 
0.00279664 0.0240259 0.110604 0.0036319 0.0405898 0.226638 0.00905552 0.000256054 0.0035378 0.0113274 0.0473605 0.0122797 0.0577475 0.0020203 0.000175145 1.99431e-07 0.0869271 5.22519e-05 0.0228349 6.82018e-05 0.012084 0.117501 0.000149668 0.0266653 4.01641e-05 0.0136086 0.168022 
7.62085e-06 0.00682999 0.058214 7.66398e-06 0.0188939 0.618066 0.012955 0.000415191 2.74573e-05 5.4111e-07 0.0100382 0.0965125 0.0176329 0.0967991 3.00313e-05 1.05238e-05 8.33022e-05 6.47588e-07 7.56665e-07 2.33169e-05 6.8974e-05 0.0268249 0.000496107 0.0360081 1.23521e-07 6.65712e-06 4.61517e-05 
0.000789929 0.00543951 0.0578785 4.2022e-05 0.0204785 0.80584 8.33106e-05 4.8127e-06 0.00271532 1.3493e-05 0.00753761 0.00626492 0.061556 0.00944412 5.37683e-07 2.29573e-06 0.000632876 7.19214e-06 7.73909e-06 2.557e-06 0.000252902 0.00257314 0.000465906 0.00711941 0.000105557 0.000295795 0.0104458 
0.00115961 0.00912626 0.0765107 0.0135475 0.0284523 0.747872 0.0010364 0.00996671 0.000136052 2.218e-06 0.0673689 0.0016701 0.00789228 0.00588956 3.4716e-08 3.29016e-10 0.00121653 5.00212e-06 5.66752e-05 0.000126523 0.00290507 0.00221204 8.071e-05 0.000933774 8.2076e-06 0.0127243 0.00910037 
0.000545528 0.0603531 0.254519 0.000986039 0.0368834 0.484521 0.000769872 0.000173385 0.00690638 4.28903e-05 0.0228171 0.0084679 0.0717794 0.00868195 1.38495e-06 6.98905e-06 0.00937642 0.00144513 0.00280802 0.000554298 0.000934542 0.00428273 0.000363876 0.0162939 5.91482e-05 0.00156915 0.00485724 
0.000326907 0.143837 0.000981465 0.00550001 0.0154718 0.267001 0.00105925 0.0525481 0.0016498 1.59786e-06 0.0653837 0.0808508 0.249382 0.00731331 1.67597e-06 6.58331e-06 0.0109475 0.0151505 0.000534851 5.11007e-06 0.0298391 0.0234219 0.00638437 0.0183571 4.32379e-06 0.000312311 0.00372792 
0.0267615 0.00276208 0.0269674 0.00191042 0.0887439 0.33456 0.00020319 0.000102888 0.000174835 3.37673e-05 0.118124 0.147563 0.000872947 0.00932881 0.00199969 1.76048e-06 0.0523455 5.7043e-06 0.000233056 0.040916 0.0862269 0.00314629 0.0427003 0.00132259 1.94388e-05 0.0129353 3.85621e-05 
0.000593876 0.037557 0.0276068 0.0344847 0.034506 0.369775 0.00869997 0.000504823 0.0161681 4.50375e-07 0.0775727 0.00365068 0.113542 0.00121699 3.88261e-05 4.22737e-08 0.0476057 0.000310923 0.000892565 2.58675e-05 0.00185831 0.109521 4.5781e-05 0.0916632 1.26053e-05 0.0149299 0.00721644 
0.0303313 0.00788523 0.0267895 0.00477003 0.0448361 0.4064 0.000609232 0.000254244 0.00322262 7.01438e-06 0.0495342 0.20819 0.0123615 0.00953128 3.8359e-05 0.0043117 0.0197479 0.00042268 0.0077383 0.000108703 0.0134946 0.0327392 3.16351e-07 0.0738082 7.6442e-05 0.0124568 0.0303342 
7.79061e-05 0.00937192 0.0133492 0.000595401 0.00325183 0.82471 0.00122878 0.000128318 0.000968872 9.66679e-06 0.0227755 0.0419082 0.0442577 0.00531188 2.62112e-06 6.48181e-10 0.00240817 7.55453e-05 0.00124806 3.25612e-05 2.20242e-05 0.005238 0.00141811 0.0121581 4.79056e-05 5.83664e-05 0.00934552 
0.00217436 0.00817074 0.0086614 0.00218407 0.0475386 0.627308 9.82176e-06 0.000612126 0.0130662 8.6707e-06 0.0244128 0.0245839 0.0118713 0.0223311 2.47399e-05 2.70335e-08 2.41081e-09 1.64669e-06 0.000146744 2.26304e-08 0.00174281 0.000528358 0.186069 0.0157867 6.54496e-07 0.00231959 0.000445958 
9.99649e-07 0.024048 0.0670695 5.20515e-05 0.0241089 0.172067 0.00197625 0.0140698 0.000120252 0.000541046 0.114102 0.129903 0.136488 0.11223 0.000147518 1.44617e-06 0.0353069 9.28312e-08 5.7038e-06 8.43823e-05 0.000220085 0.00311995 1.00361e-06 0.0660623 7.09671e-05 0.000886788 0.0973168 
0.00151175 0.00640967 0.00970514 0.00529195 0.00302821 0.577382 2.01607e-05 1.12245e-06 0.000724882 8.66387e-06 0.0882476 0.0214015 0.00135659 0.00507913 4.73308e-09 3.51126e-09 0.00329254 3.36076e-09 0.00136579 2.93936e-09 0.000900066 0.249035 3.46508e-09 0.00670407 1.67048e-05 0.0177622 0.00075503 
0.000253193 0.00159914 0.0203659 0.00115364 0.0398956 0.854269 0.00493254 0.000542427 0.00483078 1.02092e-07 0.0292197 0.00113831 0.00844446 0.00171581 7.62671e-07 2.42196e-07 0.00203026 7.82052e-06 5.09808e-05 1.64037e-06 0.00232093 0.000224199 9.6741e-08 9.03533e-05 1.15443e-05 0.0252409 0.00165956 
0.00368464 0.0558739 0.0390824 0.000639625 0.000552697 0.601168 0.0246996 0.00425237 0.000769948 4.63692e-05 0.0127501 0.0140307 0.0419241 0.00303007 1.32179e-05 9.66501e-10 0.00956732 2.33961e-06 6.51462e-05 0.00164292 0.000904696 0.00724836 2.5287e-06 0.00385387 0.15666 0.00575757 0.0117767 
0.00230454 0.0340547 0.0360216 0.00125457 0.0536579 0.455702 0.0132916 0.000890788 0.0013633 2.16684e-05 0.109328 0.0332602 0.0729498 0.0166962 1.93282e-05 1.16622e-07 0.0264475 9.35172e-05 0.00174848 0.00241233 0.000897566 0.003978 0.00124488 0.0268693 8.86402e-05 0.0295078 0.0758949 
0.0527942 0.0966978 0.00369243 0.00920935 0.0154201 0.296395 0.0118497 0.0460258 0.00616445 6.103e-06 0.061104 0.123115 0.0371394 0.152369 2.22718e-05 4.79372e-09 0.0062064 0.00108257 0.00168248 3.86154e-05 0.000886232 0.00828553 0.000127823 0.0290233 1.86683e-06 0.0019895 0.0386716 
0.000476055 0.0116512 0.0417359 0.0726284 0.154668 0.308764 0.000982706 0.00959809 1.07053e-05 1.58622e-06 0.0505161 0.0331937 0.13871 0.0356866 0.000110331 1.65095e-08 0.0322697 0.00153977 0.00648139 5.36386e-05 0.0546157 0.00957823 1.8246e-06 0.0256795 9.4668e-06 0.00044734 0.0105889 
0.000180965 0.00634245 0.0827369 0.000263166 0.0566364 0.533658 0.00121538 8.60726e-05 0.001781 3.94773e-06 0.0901419 0.0219617 0.0209285 0.00847878 4.47876e-05 0.000135447 0.00238038 1.11343e-05 0.00035545 0.00108037 0.000817521 0.00214383 0.11316 0.00832629 2.12788e-06 0.038838 0.00828982 
0.019287 0.0690928 0.0311289 0.00857717 0.0147789 0.425222 0.0585549 0.00147637 0.0104472 1.00128e-05 0.0682935 0.079525 0.0649622 0.00985977 1.20144e-05 0.000530877 0.0676264 0.002549 0.00611073 0.000248441 0.00195092 0.00565394 0.00420733 0.00938051 0.000812812 0.0104272 0.0292738 
0.00769703 0.00828672 0.0032919 0.00189645 0.0394007 0.272452 0.00197655 0.000403837 0.000153213 9.20494e-06 0.272035 0.134299 0.108451 0.0368924 4.90796e-05 2.59675e-05 0.0123612 9.88173e-07 0.00405169 1.98992e-05 0.0412617 0.0030587 5.07776e-05 0.00897356 1.25913e-05 0.0358711 0.00701693 
