0.0134714 0.00207882 0.00703696 0.00106641 0.00894175 0.871374 0.00345621 6.05252e-06 0.000196363 0.000200275 0.00299053 0.00164619 0.0038214 0.00240984 0.000385698 1.23107e-05 0.00362361 1.1783e-05 0.000586287 0.000668074 0.00312337 0.00114049 1.21488e-05 0.00433485 0.000198949 1.40056e-06 0.0672046 
0.000658741 0.156844 0.0277396 0.0166663 0.0433754 0.215283 0.00176385 0.00422836 0.0764002 1.87477e-05 0.085267 0.059335 0.0983523 0.0385958 0.000229255 1.03976e-05 0.0010744 3.88925e-05 0.00126975 0.000232381 0.000419345 0.059087 8.85143e-08 0.0716186 0.000241299 0.0390479 0.00220225 
0.00923105 0.0327899 0.00549289 4.33957e-06 0.0254705 0.799004 0.00308794 1.93405e-05 6.11281e-06 1.80992e-05 0.0091608 0.0113608 0.0374413 0.0442293 4.93313e-06 3.53203e-09 0.00872312 0.00281183 0.00120202 5.17751e-06 0.000634877 0.000550487 0.00171538 0.00281013 1.93934e-06 0.000312662 0.00391158 
0.0310897 0.013905 0.0107644 0.00185155 0.0329419 0.548027 0.00679323 0.0046217 0.000697472 5.18363e-06 0.120135 0.0173913 0.0545153 0.00635289 7.35612e-06 0.00145007 0.0217074 3.2343e-05 0.000939647 0.000854308 0.00085556 0.0166231 0.000517346 0.094481 9.79734e-05 0.00609033 0.00725143 
0.00105757 0.00648331 0.0546557 0.000320109 0.00211286 0.821834 0.000364443 0.000112368 0.0027128 1.11587e-05 0.00989032 0.00815952 0.0677626 0.00336487 4.65906e-07 3.64346e-08 0.000631989 6.85866e-06 7.15046e-06 2.43662e-06 0.000327653 0.00398147 0.000463279 0.0051328 0.000163977 2.42032e-07 0.0104399 
1.27468e-05 0.000222601 0.000710322 1.95663e-05 2.3802e-05 0.998014 7.47246e-05 1.20738e-05 1.44486e-05 1.96406e-05 1.36901e-06 2.39129e-06 0.000211244 0.000281461 3.31034e-05 2.4558e-05 2.19004e-06 2.35054e-05 2.74646e-05 2.0558e-05 5.18314e-06 4.65365e-06 2.4235e-05 0.000188991 1.90093e-05 2.7939e-06 3.51885e-06 
0.00115961 0.00912626 0.0765107 0.0135475 0.0284523 0.747872 0.0010364 0.00996671 0.000136052 2.218e-06 0.0673689 0.0016701 0.00789228 0.00588956 3.4716e-08 3.29016e-10 0.00121653 5.00212e-06 5.66752e-05 0.000126523 0.00290507 0.00221204 8.071e-05 0.000933774 8.2076e-06 0.0127243 0.00910037 
0.0191732 0.0443956 0.00257298 0.0265855 0.0341653 0.307993 0.00377246 0.0116979 0.00084539 2.95115e-06 0.287259 0.105706 0.00905941 0.00318969 6.03628e-06 3.31167e-05 0.065896 7.82437e-06 0.0143121 4.22842e-05 0.000307851 0.0225015 3.80128e-05 0.0253182 2.54608e-05 0.00246342 0.01263 
0.000472116 0.0130122 0.0246164 0.00149366 0.021915 0.26539 0.00103926 0.00826538 0.00111029 7.21629e-06 0.239652 0.0773394 0.0468978 0.0064551 1.54897e-05 9.20488e-07 0.0433873 7.13736e-05 0.00108016 0.00586908 0.00651461 0.0853675 0.00291004 0.0967151 1.77271e-05 0.0370866 0.013298 
0.000169668 0.0168301 0.374874 0.000452157 0.0291301 0.51413 0.00342617 0.00191543 2.68668e-05 1.80033e-06 0.016742 0.00251634 0.00690148 0.00484033 3.0467e-06 0.00251376 0.00429267 5.62674e-07 5.29984e-05 0.00029705 0.000226793 0.00252051 1.39518e-06 0.00460949 5.83117e-06 0.00656577 0.00695418 
0.00149034 0.0117331 0.0851201 0.017417 0.0365807 0.689281 0.00133211 0.0128133 0.000174738 2.81789e-06 0.0866161 0.00214644 0.0101465 0.0075714 3.48697e-08 2.51461e-10 0.00156393 6.39716e-06 7.2659e-05 0.000162358 0.00373467 0.00284376 4.42968e-07 0.00120028 1.05343e-05 0.016358 0.0116212 
9.40815e-05 0.0374687 0.0170049 0.00027728 0.0371837 0.715451 0.00526753 0.0120714 5.44747e-06 3.84808e-06 0.024132 0.0295794 0.0468906 0.0195518 3.23518e-07 7.54617e-08 0.00324085 1.6807e-05 1.34833e-05 0.00582776 5.88935e-07 0.0270539 7.44693e-08 0.0068466 0.0093169 7.96042e-06 0.00269349 
0.00020381 0.00297048 0.00966287 0.00100599 0.0324755 0.287942 0.00318353 0.00277716 6.0274e-05 5.35881e-06 0.177422 0.0155246 0.211706 0.0115549 0.000209789 4.11669e-08 0.00734644 0.000110298 9.65848e-06 0.000424398 0.00251488 0.00796333 0.00527463 0.0430024 4.08444e-05 0.12915 0.0474593 
9.40815e-05 0.0374687 0.0170049 0.00027728 0.0371837 0.715451 0.00526753 0.0120714 5.44747e-06 3.84808e-06 0.024132 0.0295794 0.0468906 0.0195518 3.23518e-07 7.54617e-08 0.00324085 1.6807e-05 1.34833e-05 0.00582776 5.88935e-07 0.0270539 7.44693e-08 0.0068466 0.0093169 7.96042e-06 0.00269349 
0.0322344 0.0232403 0.105507 0.000482162 0.0722744 0.273344 0.0422745 9.35698e-05 0.107992 0.000126053 0.0289883 0.0268198 0.00548621 0.00219763 0.00282175 5.78657e-07 0.0163469 0.000101581 0.00014438 0.192951 0.00270267 0.000855513 5.71047e-07 0.0590165 1.78259e-05 0.000306993 0.00367402 
0.0280502 0.161435 0.00406713 0.000784671 0.00946236 0.348805 0.0246151 0.00903872 1.04336e-06 3.35281e-05 0.0390266 0.0424437 0.0987402 0.0181336 4.72438e-05 0.000120221 0.0240439 4.5051e-05 6.65242e-06 0.00288526 0.0215656 0.00738184 5.53766e-05 0.0986004 0.0570769 0.000153085 0.00338199 
0.000977275 0.150724 0.00234702 1.23862e-07 0.0158216 0.757336 0.000515735 0.000958846 7.47362e-07 2.73644e-08 0.0210357 3.47247e-07 0.00361656 0.00655729 3.07829e-08 7.80788e-11 3.61902e-07 2.77514e-05 0.000172366 1.06814e-06 0.00174811 4.52975e-08 5.96762e-07 0.0292433 0.000190969 0.000994954 0.00772912 
0.0159719 0.0114665 0.040137 0.00233591 0.0198746 0.77247 0.00098546 0.000190538 1.79795e-05 1.31524e-06 0.0240451 0.00664173 0.0258656 0.00803645 2.54863e-06 1.64975e-07 0.00584137 3.13533e-09 0.00149532 4.5367e-06 0.00282356 0.0363806 1.42624e-06 0.00749905 3.13397e-05 3.91083e-06 0.0178766 
0.00223939 0.0702211 0.00482619 0.000113642 0.000872714 0.391027 0.000172211 0.000917047 1.13107e-08 3.48969e-09 0.264903 0.0660359 0.116319 0.00279216 4.24512e-06 5.54575e-12 0.00455078 9.63647e-06 4.38689e-08 0.000564447 1.43465e-08 0.00507479 4.18156e-08 0.065513 2.6018e-08 0.00103489 0.00280877 
0.000767138 0.0290576 0.038269 6.40033e-05 0.00433442 0.409613 0.0370701 0.000106335 0.00330646 3.04589e-06 0.0498075 0.0138281 0.39657 0.00374213 0.000257282 1.0423e-08 0.00635523 1.30728e-05 7.80644e-05 3.39308e-05 0.000249785 0.00366247 1.41446e-05 0.000887954 5.66956e-05 4.09805e-05 0.00181121 
0.0398147 0.0672793 0.0767731 2.68741e-06 0.0813094 0.154733 0.0847021 0.00542596 0.00672653 4.92906e-08 0.105954 0.00703904 0.142287 0.0331248 4.31278e-08 2.90726e-07 0.0597717 0.0869069 0.000550385 0.000369134 0.00747344 0.0151047 1.04172e-06 0.014136 5.20231e-06 0.000441076 0.0100694 
0.00730707 0.115887 0.000830152 0.00732139 0.00521049 0.284129 0.00192875 0.000111458 3.34368e-06 5.97464e-05 0.0432954 0.0956653 0.0183006 0.0159352 3.97056e-05 0.00429163 0.058856 1.79966e-06 7.3553e-06 6.34867e-07 0.000820701 0.0963753 6.80295e-06 0.220236 4.31675e-05 0.00131338 0.0220236 
0.00115961 0.00912626 0.0765107 0.0135475 0.0284523 0.747872 0.0010364 0.00996671 0.000136052 2.218e-06 0.0673689 0.0016701 0.00789228 0.00588956 3.4716e-08 3.29016e-10 0.00121653 5.00212e-06 5.66752e-05 0.000126523 0.00290507 0.00221204 8.071e-05 0.000933774 8.2076e-06 0.0127243 0.00910037 
0.000188339 0.0254031 0.0838149 0.02203 0.229642 0.357925 0.00596949 0.0303636 5.21192e-05 8.43859e-06 0.0800594 0.0109757 0.00661817 0.00978587 3.80156e-05 8.3014e-07 0.102486 4.98071e-07 1.60791e-09 2.86368e-06 0.0034148 0.0112941 0.000403868 0.0174963 7.57323e-06 0.00153674 0.000482175 
0.0533271 0.01959 0.0315553 0.000700038 0.0615048 0.464247 0.00246027 0.00338575 0.00112814 2.48708e-08 0.0649494 0.044887 0.0555902 0.0994998 7.16783e-05 1.50144e-08 0.0319614 0.000120391 0.00129334 4.67182e-06 0.00745058 0.0116506 0.000466332 0.0340137 9.05496e-05 0.0059803 0.00407171 
0.000134552 0.00925132 0.15566 0.000640842 0.00298863 0.649302 0.00152119 0.000466161 0.0127523 9.83137e-07 0.0396876 0.0176714 0.0740533 0.00158676 1.88189e-06 5.99639e-09 0.0125033 0.000164746 0.000183134 5.5286e-06 0.000736945 0.000121622 5.91753e-09 0.00146227 2.14248e-06 3.88057e-06 0.0190974 
0.00350867 0.300671 0.00256421 1.40847e-05 0.00112222 0.39874 0.00035557 2.31839e-08 2.77438e-08 3.77133e-08 0.0888337 0.192474 0.000156019 0.000820762 9.60543e-06 1.42045e-05 0.00507216 4.27969e-06 5.945e-05 0.000556317 1.96188e-05 8.32305e-05 4.65353e-08 0.00489446 7.38558e-06 6.11243e-06 1.28121e-05 
0.00524451 0.0316332 0.147273 0.00208613 0.00754941 0.629207 0.000495278 0.000584225 0.00110946 2.64293e-07 0.0166731 0.0438937 0.0798502 0.0117789 2.1306e-05 3.30464e-07 0.00494009 3.37319e-06 3.69576e-07 1.56094e-05 0.00401809 0.00196823 3.11466e-05 0.00849322 1.27458e-05 2.63746e-05 0.00309094 
0.000110115 0.0369035 0.0249311 0.00261907 0.114522 0.277852 0.0253981 0.0295779 0.00293245 9.60046e-05 0.074288 0.0173836 0.131733 0.00946235 6.02415e-05 0.000136112 0.0149544 0.00987253 0.000126234 1.25453e-05 0.0078924 0.107048 6.40644e-05 0.0798161 0.000157784 0.00895291 0.023098 
0.000475634 0.0208314 0.0782778 0.0015751 0.0511989 0.495699 0.00074298 0.00317774 8.12688e-08 8.15404e-05 0.150957 0.0116596 0.0500842 0.0182225 7.9105e-06 0.00022675 0.00587209 1.09732e-10 0.000206234 0.000517417 0.0023518 0.00622481 2.98676e-05 0.0432827 0.000164407 0.00453031 0.0536019 
7.99554e-05 0.000294825 0.00191731 2.3114e-08 0.0106412 0.936026 0.000993182 3.21934e-08 0.000126147 2.64222e-11 0.0276719 0.00765484 0.00678347 0.00265642 6.23827e-07 7.46825e-09 0.0035349 3.00632e-07 9.54058e-06 0.00010117 0.00107497 0.000234406 3.2603e-11 4.58307e-05 1.88566e-06 6.43804e-06 0.000144181 
0.00819687 0.107969 0.0404545 0.0023976 0.0182087 0.597186 0.00331382 0.00199275 0.00153423 3.04908e-06 0.041407 0.0431215 0.0398073 0.0140395 2.52119e-05 6.34571e-07 0.0160466 8.56756e-05 0.000666073 0.000198894 0.00392812 0.0135525 0.0133739 0.0114753 0.0040097 0.00637221 0.0106329 
0.00464365 0.0103756 0.0178985 0.0483088 0.0332173 0.549191 0.000371808 0.000755302 0.000607585 1.13086e-05 0.0813455 0.0318382 0.0447984 0.00831297 8.94296e-06 2.10916e-07 0.0827964 0.00383051 0.000144469 0.000103796 0.00722922 0.0114158 0.000390028 0.0381198 1.76671e-05 0.0078078 0.0164596 
2.07749e-08 0.0246753 0.000810785 0.00227386 9.00892e-07 0.846625 8.44427e-09 4.05917e-06 2.35486e-08 1.30086e-07 0.00465345 0.00276306 0.00951583 7.20934e-07 2.38836e-05 1.0134e-07 2.35482e-06 3.83094e-08 4.47622e-08 3.35058e-08 8.44757e-09 0.00366707 2.72983e-05 0.104955 7.30716e-09 1.92898e-07 6.91021e-07 
0.0413715 0.0351702 0.0239229 0.000625589 0.0521724 0.248034 0.00754745 0.198663 0.00731832 5.0018e-08 0.0736015 0.140911 0.0182567 0.0208986 1.40601e-06 1.34475e-06 0.0166027 1.47052e-05 0.00396102 5.23545e-08 0.0125494 0.033963 0.000149991 0.052441 4.86703e-05 9.47418e-05 0.0116784 
0.000502231 0.0452618 0.0448344 0.00118883 0.0141148 0.418563 0.00167659 0.00938834 2.18084e-05 4.73966e-05 0.160042 0.0515403 0.071361 0.013595 6.65463e-05 9.21068e-08 0.0413219 0.000101059 0.000958436 1.68526e-05 0.00251941 0.0223289 0.000236386 0.0593372 1.86069e-05 0.00958476 0.0313727 
0.00115388 0.0183209 0.0195863 0.000902031 0.0483178 0.521687 0.00359302 0.00319772 0.000196301 2.57317e-05 0.109769 0.0036379 0.0194577 0.0392612 0.00172082 0.032215 0.0235592 0.00358871 7.07065e-06 0.000553165 0.00101019 0.00683512 0.000481006 0.0283325 0.0205474 0.0782681 0.0137752 
0.00043517 0.013057 0.0309979 0.00373611 0.0639827 0.451555 0.0090392 0.000847908 0.0012471 2.62851e-06 0.0950837 0.0369696 0.0553037 0.0396491 1.54154e-05 2.0421e-05 0.0144673 2.05368e-06 0.000299822 0.000152773 0.0032429 0.00329091 0.00113888 0.00153778 7.61262e-06 0.00144828 0.172469 
0.0017162 0.0158083 0.0145744 0.00959083 0.0461469 0.337299 0.00686776 0.000145332 0.00973988 3.66812e-06 0.310037 0.0363522 0.0984012 0.0113511 5.36294e-05 1.64391e-07 0.0225719 9.32127e-05 0.00737032 0.000235616 0.00108558 0.0115233 0.00152224 0.0130778 3.09966e-05 0.000885123 0.0435162 
7.09054e-06 0.335488 0.0137895 0.000118305 2.2083e-05 0.545741 0.017646 4.03175e-06 7.91314e-07 2.77602e-08 0.0200074 1.06745e-05 0.0611788 0.00455785 1.99668e-07 3.47105e-08 0.00094129 3.31968e-05 3.88187e-08 2.9057e-08 0.000305983 7.65428e-05 3.4254e-08 4.8463e-06 1.98602e-07 6.42888e-05 2.10365e-06 
0.00031645 0.00388416 0.0100506 0.00325758 0.0198088 0.721656 0.00209539 0.000383815 0.0034551 6.65688e-05 0.0576797 0.00500972 0.0914218 0.00308068 2.45183e-08 4.85497e-10 0.0024885 5.31817e-08 0.000536077 0.000154878 0.000603136 0.00433094 1.2148e-07 0.0671208 7.53834e-08 0.000217807 0.00238115 
0.0023763 0.0361122 0.0539241 0.00141306 0.0168041 0.440431 0.0172982 0.00048879 0.125639 6.59747e-07 0.0545041 0.0381789 0.0184776 0.0151497 0.000657151 6.88413e-07 0.0816123 0.000234944 0.0191196 2.10368e-05 0.0139086 0.013448 6.807e-06 0.00077259 0.000217054 0.0249923 0.0242116 
7.744e-08 0.0106509 0.0220854 0.00281138 0.0261419 0.891124 0.000511036 3.37199e-05 8.77789e-08 9.36233e-07 0.000208168 0.00495862 0.0235313 0.00795885 2.01112e-07 6.59915e-07 0.00697229 1.42801e-07 1.66854e-07 0.000181161 0.000715108 0.00174046 1.47234e-07 1.45755e-05 2.7238e-08 0.000352489 5.7294e-06 
7.99554e-05 0.000294825 0.00191731 2.3114e-08 0.0106412 0.936026 0.000993182 3.21934e-08 0.000126147 2.64222e-11 0.0276719 0.00765484 0.00678347 0.00265642 6.23827e-07 7.46825e-09 0.0035349 3.00632e-07 9.54058e-06 0.00010117 0.00107497 0.000234406 3.2603e-11 4.58307e-05 1.88566e-06 6.43804e-06 0.000144181 
0.00415567 0.105196 0.0128858 0.00238511 0.0177037 0.499178 0.0362163 0.00216538 0.000438651 2.57892e-06 0.124041 0.0619105 0.0459703 0.0259795 2.87826e-05 1.21367e-06 0.011724 4.78397e-05 0.00153986 0.0106802 0.000929022 0.0107135 0.000667892 0.0138602 0.000198659 0.00099907 0.0103812 
0.139796 0.0496059 0.0609611 0.0645597 0.030527 0.393624 6.69108e-06 0.00459993 2.00818e-06 0.0158486 0.015214 0.00185414 0.00293052 0.00157832 4.81329e-08 3.57077e-08 0.0413741 3.41772e-08 3.99339e-08 1.46709e-05 0.0309322 0.0115747 4.68813e-05 0.132446 2.44117e-07 1.29877e-05 0.00249013 
0.00186495 0.0413605 0.000869936 0.00151083 0.0157229 0.818942 0.00575547 9.78362e-05 6.19801e-06 5.0773e-05 0.00989872 0.0020684 0.0576702 0.00424625 4.10662e-06 7.86689e-09 0.00123051 0.000577445 0.000490309 0.000278071 0.00187216 0.00926064 7.76343e-09 0.000405732 0.0158511 0.00251445 0.00745058 
0.00104013 0.0112982 0.00281772 0.279911 0.0128434 0.538631 0.00250905 0.00782186 0.00115499 1.8076e-06 0.0157294 0.00949486 0.026734 0.00544516 9.85515e-10 7.3111e-10 0.00820913 4.43841e-05 0.00068739 5.27195e-05 0.000208909 0.0304024 3.35588e-07 0.0314325 0.0113274 5.24615e-05 0.00214925 
0.0173836 0.00871943 7.09562e-06 0.0314649 0.181766 0.291534 0.0200464 0.000106226 0.000151876 3.63131e-08 0.0647908 0.0767023 0.0370821 0.0285601 1.88616e-05 1.52537e-06 0.0751662 0.000361773 0.00257943 3.85633e-06 0.00618011 0.0251241 1.14403e-05 0.00692737 5.73261e-07 0.0439821 0.0813285 
0.00377283 0.03815 0.0669612 0.0301028 0.0114402 0.539601 0.00232592 8.3102e-05 2.13093e-05 1.06708e-05 0.00330783 0.00965975 0.160095 0.0202069 1.26288e-07 1.50551e-10 0.0172033 7.86347e-08 0.000461954 0.000970366 0.000123649 0.0476991 0.000212638 0.0193156 6.41861e-05 0.000565775 0.0276455 
0.000365362 0.225257 8.82101e-05 1.73913e-08 6.45041e-05 0.771828 4.29097e-05 0.00028199 0.00045095 4.16975e-08 0.000447886 0.000124386 5.22866e-05 9.48173e-09 7.02796e-08 5.21373e-08 0.000123682 4.99026e-08 5.83081e-08 4.36453e-08 1.1004e-08 0.000426819 5.14516e-08 0.000146128 1.71427e-05 5.93153e-09 0.000282397 
0.000647369 0.11563 0.0129847 8.01176e-05 0.0818831 0.279547 0.00250198 7.13394e-05 7.39689e-05 3.05515e-05 0.0649161 0.0103156 0.226401 0.0286263 8.73413e-06 7.46748e-06 0.00103266 0.000186718 0.00166556 0.000285368 0.0189363 0.00638358 0.00526443 0.107814 7.84606e-06 0.030129 0.00456928 
0.0557799 0.0410458 0.0836957 0.0101081 0.0385808 0.385762 0.00790226 0.0104257 0.0329216 4.73248e-06 0.0313376 0.102388 0.0314881 0.0467291 1.8491e-05 2.02447e-06 0.00749874 0.000761365 0.00013288 2.39337e-06 0.00191664 0.052952 5.04344e-06 0.0488645 0.000173431 0.00105448 0.00844878 
4.06838e-05 0.0192504 0.0266654 0.000338471 0.00212773 0.625218 0.000236355 0.000148301 1.83798e-05 4.68102e-07 0.00514781 0.00437491 0.28812 0.0154152 7.17026e-07 9.20004e-10 0.00081678 0.00014388 0.000641811 0.000370549 1.70648e-05 0.00243746 1.6516e-06 0.00835566 2.24412e-06 1.22635e-05 9.77261e-05 
6.7265e-11 0.000107571 0.00709427 0.00321599 0.00499383 0.937117 9.02061e-08 0.00527215 1.0709e-07 7.50632e-09 0.000665695 0.00267503 0.0309062 0.000819152 1.74687e-10 5.17238e-07 0.00546933 1.24038e-10 1.44931e-10 1.08485e-10 3.16638e-07 1.00879e-07 1.27888e-10 0.00144208 1.33831e-08 1.42308e-08 0.000220436 
0.00115961 0.00912626 0.0765107 0.0135475 0.0284523 0.747872 0.0010364 0.00996671 0.000136052 2.218e-06 0.0673689 0.0016701 0.00789228 0.00588956 3.4716e-08 3.29016e-10 0.00121653 5.00212e-06 5.66752e-05 0.000126523 0.00290507 0.00221204 8.071e-05 0.000933774 8.2076e-06 0.0127243 0.00910037 
0.0106807 0.0284753 0.126537 0.00072009 0.0927614 0.38871 0.0299198 0.0132887 0.00123845 0.000149785 0.0716631 0.00816789 0.144701 0.0311516 4.39525e-05 3.56429e-08 0.0196541 9.46688e-06 4.11306e-06 0.000186664 0.00562962 0.00204336 0.000198953 0.0134597 0.000944246 0.000429268 0.00923224 
6.45239e-05 0.123634 0.103642 0.00012125 0.0565113 0.512923 0.000533185 7.10578e-05 0.0457959 2.17293e-05 0.0257936 0.00803719 0.0758748 0.0262245 1.59163e-05 2.07548e-08 0.00568492 1.64436e-06 3.64204e-06 0.000136937 0.00273491 0.00619389 7.74424e-06 0.00522889 5.17744e-05 0.000584507 0.000108086 
0.000919453 0.0324205 0.00273889 0.00358179 0.0125647 0.490433 0.00256579 0.00133399 0.0183691 3.24129e-06 0.0744293 0.207018 0.0288965 0.00706747 5.24339e-06 3.24269e-09 0.0289627 0.0013859 0.00111242 0.000112851 0.00859369 0.00751598 8.94448e-05 0.0258585 1.31326e-05 0.000744678 0.0432629 
3.13525e-07 0.0142864 0.000954252 0.00726128 0.044194 0.398652 0.343818 0.000177273 0.00928212 9.26019e-07 0.091745 0.00612759 0.0395359 0.00258457 1.41147e-06 9.59096e-09 1.20125e-05 6.29206e-05 6.32842e-06 0.00629451 0.000640152 0.00949171 5.96093e-07 0.00309145 8.04067e-05 0.00197167 0.0197268 
2.37982e-08 0.000721751 0.00169959 0.000198837 0.000283016 0.99272 9.67313e-09 2.25418e-08 2.69755e-08 3.66689e-08 0.000203198 0.000202694 0.000413795 0.00101811 6.1804e-08 4.58496e-08 0.000119398 4.38845e-08 5.12762e-08 3.83818e-08 9.67691e-09 0.00117293 4.52467e-08 0.000360823 8.37054e-09 5.2162e-09 0.000884942 
7.99554e-05 0.000294825 0.00191731 2.3114e-08 0.0106412 0.936026 0.000993182 3.21934e-08 0.000126147 2.64222e-11 0.0276719 0.00765484 0.00678347 0.00265642 6.23827e-07 7.46825e-09 0.0035349 3.00632e-07 9.54058e-06 0.00010117 0.00107497 0.000234406 3.2603e-11 4.58307e-05 1.88566e-06 6.43804e-06 0.000144181 
0.00461419 0.229541 0.0048506 0.00180858 0.0151395 0.402751 0.0432909 0.00219273 0.00955342 4.35987e-05 0.0300108 0.00668216 0.0967174 0.00194236 9.58539e-05 1.28001e-09 0.0381404 5.90657e-06 9.77607e-05 0.0513073 0.00013714 0.0175515 3.76757e-07 0.00211005 0.0141239 0.00301322 0.0242783 
0.000201801 0.0172892 0.20091 7.69769e-07 0.000550124 0.505873 0.0761621 0.000161469 5.64598e-05 3.17917e-05 0.00360929 0.00482613 0.177097 0.00123282 2.04187e-09 1.51477e-09 0.00522326 3.57e-05 1.69405e-09 0.000256918 0.000173709 0.00102397 8.17045e-07 0.0037665 3.78359e-07 1.72332e-10 0.00151734 
0.025004 0.0265959 0.293701 1.49427e-06 0.0120424 0.394724 0.000203106 0.000985407 0.156202 1.22221e-07 0.0257402 0.000500808 0.0439992 0.00120828 4.68655e-07 3.47946e-09 0.00266931 1.10514e-05 0.0071835 0.00178393 1.14702e-05 0.00034789 3.4337e-09 0.000430136 0.000576755 0.000193825 0.00588371 
0.00108176 0.159652 0.000451538 0.00119607 0.00475155 0.643331 9.73349e-10 0.023673 0.000873464 3.68977e-09 0.00389002 0.0610722 0.00582274 0.0241391 6.21896e-09 4.61357e-09 0.0244658 5.55911e-06 4.77283e-07 3.86213e-09 0.0045643 0.00315971 2.95801e-05 0.0253656 3.16708e-08 0.0106858 0.00178838 
1.85404e-05 0.00619604 0.0128209 0.000602236 0.0560557 0.518736 0.00010371 0.000475138 4.11942e-07 1.52322e-07 0.0653136 0.180184 0.00628243 0.0570034 0.000123485 3.2034e-08 0.00620212 0.00206151 0.0312775 3.01177e-05 4.27612e-05 0.00581307 0.000237062 0.0369783 7.41469e-05 5.76959e-06 0.0133619 
0.0350235 0.00506518 0.0421803 0.00600096 0.0111177 0.877124 0.000379601 0.000348024 0.00080264 9.17531e-08 0.00798225 0.000108664 0.00277743 0.00136281 8.19108e-08 3.28901e-09 0.000609417 7.97257e-08 1.87008e-05 3.58807e-07 1.62345e-05 0.00147048 3.24576e-09 0.00749368 5.5413e-06 3.6511e-05 7.60511e-05 
0.0206381 0.168996 0.00116239 9.21092e-06 0.0481145 0.518293 0.000237817 0.000327498 0.00406016 1.36935e-06 0.00979692 0.0551508 0.0464461 0.0354311 1.20548e-06 1.71451e-07 0.00496478 0.000398312 1.08175e-05 2.75907e-06 0.000505168 0.00593209 0.00376477 0.0735312 3.57306e-05 0.00163219 0.000555819 
0.00685878 0.0462441 0.0112899 0.000524537 0.10903 0.427853 0.000339534 0.00792577 0.000163082 1.20813e-05 0.0148181 0.0284196 0.255882 0.00813469 5.90927e-06 2.77877e-07 0.000534694 1.21405e-05 6.49487e-05 2.32617e-07 0.00180014 0.0173731 3.8738e-05 0.0518488 4.76298e-06 0.0101117 0.000709357 
6.39691e-09 0.00965101 0.24063 1.56813e-07 0.00144832 0.704099 6.18305e-07 3.76995e-07 0.0012387 9.24069e-06 0.000737459 0.000192475 0.032864 4.91917e-05 1.66128e-08 1.23243e-08 5.4173e-07 1.1796e-08 0.00539093 0.00019754 2.60113e-09 4.61885e-07 1.70974e-05 0.00304621 1.30059e-06 1.44224e-08 0.00042532 
0.0184295 0.0127646 0.303806 0.001588 0.0205799 0.330791 0.000342143 0.000824208 7.44491e-05 6.66791e-05 0.0704197 0.0171183 0.13138 0.00873122 5.60741e-05 4.67108e-07 0.00864935 7.2099e-05 3.59733e-05 0.000441375 0.00082583 0.00282578 0.00630824 0.00842475 0.000127618 0.0516981 0.00361922 
0.000612419 0.106573 0.0799813 0.000346219 0.120765 0.216294 0.0202373 0.000162272 0.00870578 6.62019e-10 0.14203 0.135826 0.0508652 0.0310332 2.984e-07 8.27768e-10 0.050898 6.32207e-05 0.0008259 0.00041489 0.0126425 0.00151668 3.42618e-07 0.0169324 2.66882e-05 1.14372e-05 0.0032355 
0.000457249 0.0019683 0.006967 2.72059e-08 0.000751454 0.984855 1.72072e-08 4.00989e-08 0.000187193 9.13862e-05 0.000155046 7.9418e-09 0.000421057 0.000485044 1.09941e-07 8.15605e-08 0.000314948 0.000288917 0.000155155 0.000225378 0.000137729 0.00110817 0.000289837 0.000623571 0.000105735 0.0001494 0.000261792 
0.00115961 0.00912626 0.0765107 0.0135475 0.0284523 0.747872 0.0010364 0.00996671 0.000136052 2.218e-06 0.0673689 0.0016701 0.00789228 0.00588956 3.4716e-08 3.29016e-10 0.00121653 5.00212e-06 5.66752e-05 0.000126523 0.00290507 0.00221204 8.071e-05 0.000933774 8.2076e-06 0.0127243 0.00910037 
3.16321e-06 0.00174947 0.000155759 0.000386215 0.00123644 0.901267 7.47782e-07 2.50131e-05 1.52886e-05 0.000634907 0.0165484 0.0626431 0.00204226 0.00694242 2.98968e-07 1.31262e-08 0.00180673 1.25636e-08 0.000873829 1.09882e-08 0.000487106 0.000435056 1.29536e-08 0.00272213 6.2183e-08 2.3795e-05 3.99111e-07 
0.00134703 0.0162022 0.00210536 0.0056906 0.0406662 0.255133 0.00882316 0.00640155 0.000652465 1.97465e-06 0.121501 0.0692232 0.193431 0.00720466 7.72862e-06 0.00130578 0.0405099 9.49976e-05 0.00118082 2.39001e-05 0.00286883 0.161622 0.000287987 0.0270323 2.66935e-05 0.0111607 0.0254953 
0.000171827 0.0492435 0.00689354 4.0409e-05 0.0970648 0.655306 0.00142903 0.00309863 0.00307477 2.92138e-05 0.0120578 0.0354976 0.0176867 0.0298231 7.73445e-06 3.0563e-08 0.00107503 8.96881e-06 0.000963684 5.60653e-05 0.000344218 0.0195451 0.0026437 0.0379642 2.09228e-05 0.0218737 0.00407987 
2.47392e-06 2.47565e-06 0.171803 2.47481e-06 0.0438291 0.597171 0.0254991 0.00841428 2.4736e-06 0.0017333 2.47613e-06 2.47593e-06 0.000497666 2.47553e-06 0.00469548 2.47166e-06 0.128258 2.47186e-06 2.4711e-06 2.47243e-06 2.47539e-06 2.47549e-06 0.0108781 0.00198274 2.47553e-06 2.47585e-06 0.00520147 
6.39691e-09 0.00965101 0.24063 1.56813e-07 0.00144832 0.704099 6.18305e-07 3.76995e-07 0.0012387 9.24069e-06 0.000737459 0.000192475 0.032864 4.91917e-05 1.66128e-08 1.23243e-08 5.4173e-07 1.1796e-08 0.00539093 0.00019754 2.60113e-09 4.61885e-07 1.70974e-05 0.00304621 1.30059e-06 1.44224e-08 0.00042532 
0.00175873 0.214367 0.020889 0.00107611 0.0111013 0.394136 0.000618594 0.00538781 0.0024254 3.41182e-05 0.075604 0.0304408 0.105821 0.00407987 2.03836e-07 4.44409e-07 0.0256939 8.83277e-05 0.00016584 8.79475e-08 0.000273486 0.0197499 8.0264e-06 0.0845891 0.000207484 0.000564808 0.000918096 
0.000105518 0.00745775 0.0314856 0.00080378 0.0013124 0.827807 0.00358969 8.25476e-05 0.000137109 6.71579e-06 0.0372192 0.0120748 0.0366837 4.15547e-05 1.72208e-05 5.5064e-05 0.000928921 5.13502e-07 6.69327e-05 5.05099e-05 7.58951e-06 0.00152536 5.29441e-07 0.0334048 5.16258e-05 0.000425864 0.00465796 
1.81349e-07 0.0207947 0.0844865 0.0411383 0.0822723 0.28492 0.00101017 0.000309092 0.000441192 2.5588e-05 0.249336 0.0972574 0.0330155 0.0325133 3.12806e-08 9.32559e-12 0.00752285 8.92588e-12 0.00354389 0.000104765 0.00153519 0.000743648 0.00097967 0.00640566 3.77942e-05 0.00956725 0.042039 
3.16321e-06 0.00174947 0.000155759 0.000386215 0.00123644 0.901267 7.47782e-07 2.50131e-05 1.52886e-05 0.000634907 0.0165484 0.0626431 0.00204226 0.00694242 2.98968e-07 1.31262e-08 0.00180673 1.25636e-08 0.000873829 1.09882e-08 0.000487106 0.000435056 1.29536e-08 0.00272213 6.2183e-08 2.3795e-05 3.99111e-07 
1.15092e-06 0.0277575 0.0661061 0.0187678 0.0259193 0.564495 1.1516e-06 0.0154243 1.15077e-06 0.000231211 1.15194e-06 0.0572482 0.127051 0.0073718 1.14909e-06 0.000116136 0.0495315 1.14996e-06 1.1496e-06 1.15022e-06 1.1516e-06 0.0132451 1.14989e-06 0.0146261 1.15166e-06 0.00311105 0.00898479 
0.000647369 0.11563 0.0129847 8.01176e-05 0.0818831 0.279547 0.00250198 7.13394e-05 7.39689e-05 3.05515e-05 0.0649161 0.0103156 0.226401 0.0286263 8.73413e-06 7.46748e-06 0.00103266 0.000186718 0.00166556 0.000285368 0.0189363 0.00638358 0.00526443 0.107814 7.84606e-06 0.030129 0.00456928 
0.000711735 0.294842 5.41711e-05 0.00392676 0.00194996 0.452731 0.0562141 2.4882e-07 0.00690161 5.43062e-10 0.00691515 0.0051812 0.157753 0.00565654 1.46892e-06 6.79027e-10 0.000116459 2.10492e-07 6.49483e-05 1.05326e-05 0.000421653 0.000952652 2.54304e-08 0.00135413 2.93065e-05 0.00141416 0.00279674 
6.48585e-08 0.00425829 0.043208 0.000179937 0.0735405 0.59804 0.00024265 0.00463747 0.000186042 4.57173e-07 0.0741258 0.102337 0.0288459 0.014186 7.14206e-05 1.24956e-07 0.0120223 4.77509e-05 0.00162312 1.04604e-07 0.00241626 0.00570772 0.00141839 0.00435081 7.75612e-06 0.00021841 0.0283278 
4.06838e-05 0.0192504 0.0266654 0.000338471 0.00212773 0.625218 0.000236355 0.000148301 1.83798e-05 4.68102e-07 0.00514781 0.00437491 0.28812 0.0154152 7.17026e-07 9.20004e-10 0.00081678 0.00014388 0.000641811 0.000370549 1.70648e-05 0.00243746 1.6516e-06 0.00835566 2.24412e-06 1.22635e-05 9.77261e-05 
0.00855022 0.00616795 0.101761 0.0205498 0.0958904 0.336575 0.00531003 0.0034146 0.00150812 4.11819e-07 0.054884 0.0774955 0.016103 0.0361614 9.74486e-08 7.33281e-07 0.0544606 1.46607e-06 0.003537 8.12816e-08 0.0406238 0.0787416 0.0059536 0.0121843 8.70903e-05 0.00586439 0.0341742 
0.00353303 0.000371587 0.209987 6.48965e-05 0.0179732 0.435971 0.00062217 0.000574706 0.00158785 0.000648505 0.00385485 0.0145994 0.0408093 0.0365707 0.00044763 0.0115329 0.0426804 0.000329391 0.00016809 0.149089 0.0114005 0.00200518 0.00105934 0.000301081 0.000932141 0.00829728 0.00458882 
0.00279664 0.0240259 0.110604 0.0036319 0.0405898 0.226638 0.00905552 0.000256054 0.0035378 0.0113274 0.0473605 0.0122797 0.0577475 0.0020203 0.000175145 1.99431e-07 0.0869271 5.22519e-05 0.0228349 6.82018e-05 0.012084 0.117501 0.000149668 0.0266653 4.01641e-05 0.0136086 0.168022 
7.62085e-06 0.00682999 0.058214 7.66398e-06 0.0188939 0.618066 0.012955 0.000415191 2.74573e-05 5.4111e-07 0.0100382 0.0965125 0.0176329 0.0967991 3.00313e-05 1.05238e-05 8.33022e-05 6.47588e-07 7.56665e-07 2.33169e-05 6.8974e-05 0.0268249 0.000496107 0.0360081 1.23521e-07 6.65712e-06 4.61517e-05 
0.000789929 0.00543951 0.0578785 4.2022e-05 0.0204785 0.80584 8.33106e-05 4.8127e-06 0.00271532 1.3493e-05 0.00753761 0.00626492 0.061556 0.00944412 5.37683e-07 2.29573e-06 0.000632876 7.19214e-06 7.73909e-06 2.557e-06 0.000252902 0.00257314 0.000465906 0.00711941 0.000105557 0.000295795 0.0104458 
0.00115961 0.00912626 0.0765107 0.0135475 0.0284523 0.747872 0.0010364 0.00996671 0.000136052 2.218e-06 0.0673689 0.0016701 0.00789228 0.00588956 3.4716e-08 3.29016e-10 0.00121653 5.00212e-06 5.66752e-05 0.000126523 0.00290507 0.00221204 8.071e-05 0.000933774 8.2076e-06 0.0127243 0.00910037 
3.54463e-05 0.017951 0.0706332 0.00348219 0.0136008 0.641964 1.91696e-05 0.00112281 1.72019e-05 1.82438e-06 0.082712 0.0227614 0.0666871 0.00446839 6.19533e-07 2.98027e-08 0.000381297 5.42631e-05 2.57402e-06 1.78966e-06 9.90791e-06 0.00702453 7.04568e-06 0.0532092 0.00882829 0.000425769 0.0045978 
0.000326907 0.143837 0.000981465 0.00550001 0.0154718 0.267001 0.00105925 0.0525481 0.0016498 1.59786e-06 0.0653837 0.0808508 0.249382 0.00731331 1.67597e-06 6.58331e-06 0.0109475 0.0151505 0.000534851 5.11007e-06 0.0298391 0.0234219 0.00638437 0.0183571 4.32379e-06 0.000312311 0.00372792 
0.00326073 0.0499928 0.000202047 0.000214475 0.0661636 0.456908 0.0331103 0.0027866 3.95133e-05 4.04559e-08 0.0370354 0.215873 0.0662128 0.0053263 6.19963e-05 4.39589e-06 0.00999555 0.00119366 0.000121339 0.00469837 0.00139799 0.00838887 0.000179069 0.00809763 0.00011276 0.000390768 0.0282318 
0.000593876 0.037557 0.0276068 0.0344847 0.034506 0.369775 0.00869997 0.000504823 0.0161681 4.50375e-07 0.0775727 0.00365068 0.113542 0.00121699 3.88261e-05 4.22737e-08 0.0476057 0.000310923 0.000892565 2.58675e-05 0.00185831 0.109521 4.5781e-05 0.0916632 1.26053e-05 0.0149299 0.00721644 
0.00267725 0.0900626 0.0243998 0.0056741 0.0294079 0.600059 0.0133907 0.0183047 3.8547e-06 1.4001e-06 0.029313 0.00847143 0.0265893 0.0828287 7.64906e-06 5.36059e-09 0.00665626 6.55213e-06 3.19994e-06 0.00507145 0.00120065 0.0263247 0.000193715 0.0279478 0.000126338 0.000162356 0.00111537 
0.0303313 0.00788523 0.0267895 0.00477003 0.0448361 0.4064 0.000609232 0.000254244 0.00322262 7.01438e-06 0.0495342 0.20819 0.0123615 0.00953128 3.8359e-05 0.0043117 0.0197479 0.00042268 0.0077383 0.000108703 0.0134946 0.0327392 3.16351e-07 0.0738082 7.6442e-05 0.0124568 0.0303342 
7.79061e-05 0.00937192 0.0133492 0.000595401 0.00325183 0.82471 0.00122878 0.000128318 0.000968872 9.66679e-06 0.0227755 0.0419082 0.0442577 0.00531188 2.62112e-06 6.48181e-10 0.00240817 7.55453e-05 0.00124806 3.25612e-05 2.20242e-05 0.005238 0.00141811 0.0121581 4.79056e-05 5.83664e-05 0.00934552 
9.99649e-07 0.024048 0.0670695 5.20515e-05 0.0241089 0.172067 0.00197625 0.0140698 0.000120252 0.000541046 0.114102 0.129903 0.136488 0.11223 0.000147518 1.44617e-06 0.0353069 9.28312e-08 5.7038e-06 8.43823e-05 0.000220085 0.00311995 1.00361e-06 0.0660623 7.09671e-05 0.000886788 0.0973168 
0.000136463 0.0393233 0.0245883 0.00343876 0.102499 0.350115 0.0374351 0.000566341 0.00205623 3.32009e-05 0.161825 0.0231565 0.116378 0.0222265 3.66522e-05 1.63309e-06 0.0158935 0.00114805 0.00134478 0.000643438 0.00237276 0.0114455 6.39948e-05 0.0237732 0.0153292 0.0244498 0.0197203 
0.00151175 0.00640967 0.00970514 0.00529195 0.00302821 0.577382 2.01607e-05 1.12245e-06 0.000724882 8.66387e-06 0.0882476 0.0214015 0.00135659 0.00507913 4.73308e-09 3.51126e-09 0.00329254 3.36076e-09 0.00136579 2.93936e-09 0.000900066 0.249035 3.46508e-09 0.00670407 1.67048e-05 0.0177622 0.00075503 
0.00368464 0.0558739 0.0390824 0.000639625 0.000552697 0.601168 0.0246996 0.00425237 0.000769948 4.63692e-05 0.0127501 0.0140307 0.0419241 0.00303007 1.32179e-05 9.66501e-10 0.00956732 2.33961e-06 6.51462e-05 0.00164292 0.000904696 0.00724836 2.5287e-06 0.00385387 0.15666 0.00575757 0.0117767 
0.0179668 0.176219 0.0723305 0.00236596 0.0360786 0.293401 0.00282573 0.0173155 0.00014221 5.81146e-08 0.0208813 0.070593 0.210692 0.0216894 1.26856e-05 8.1413e-10 0.00404798 6.4337e-06 9.10487e-10 3.23642e-07 0.00100636 0.0339122 0.0012043 0.0120257 4.90682e-05 1.12339e-05 0.00522184 
0.000253193 0.00159914 0.0203659 0.00115364 0.0398956 0.854269 0.00493254 0.000542427 0.00483078 1.02092e-07 0.0292197 0.00113831 0.00844446 0.00171581 7.62671e-07 2.42196e-07 0.00203026 7.82052e-06 5.09808e-05 1.64037e-06 0.00232093 0.000224199 9.6741e-08 9.03533e-05 1.15443e-05 0.0252409 0.00165956 
0.0527942 0.0966978 0.00369243 0.00920935 0.0154201 0.296395 0.0118497 0.0460258 0.00616445 6.103e-06 0.061104 0.123115 0.0371394 0.152369 2.22718e-05 4.79372e-09 0.0062064 0.00108257 0.00168248 3.86154e-05 0.000886232 0.00828553 0.000127823 0.0290233 1.86683e-06 0.0019895 0.0386716 
0.000180965 0.00634245 0.0827369 0.000263166 0.0566364 0.533658 0.00121538 8.60726e-05 0.001781 3.94773e-06 0.0901419 0.0219617 0.0209285 0.00847878 4.47876e-05 0.000135447 0.00238038 1.11343e-05 0.00035545 0.00108037 0.000817521 0.00214383 0.11316 0.00832629 2.12788e-06 0.038838 0.00828982 
0.000182985 0.0419886 0.0775547 0.000114105 0.00583173 0.522018 0.00557501 0.000144467 0.0093448 3.0825e-07 0.0403979 0.00828043 0.274806 0.0028899 3.04157e-05 4.6011e-09 0.00216165 3.23196e-05 0.000314971 8.26009e-07 0.000350746 0.000673333 4.54059e-09 0.0044128 8.96782e-06 0.00160711 0.00127748 
0.00115961 0.00912626 0.0765107 0.0135475 0.0284523 0.747872 0.0010364 0.00996671 0.000136052 2.218e-06 0.0673689 0.0016701 0.00789228 0.00588956 3.4716e-08 3.29016e-10 0.00121653 5.00212e-06 5.66752e-05 0.000126523 0.00290507 0.00221204 8.071e-05 0.000933774 8.2076e-06 0.0127243 0.00910037 
0.00115961 0.00912626 0.0765107 0.0135475 0.0284523 0.747872 0.0010364 0.00996671 0.000136052 2.218e-06 0.0673689 0.0016701 0.00789228 0.00588956 3.4716e-08 3.29016e-10 0.00121653 5.00212e-06 5.66752e-05 0.000126523 0.00290507 0.00221204 8.071e-05 0.000933774 8.2076e-06 0.0127243 0.00910037 
0.000266004 0.164565 0.00316958 0.00181645 0.00289035 0.538048 0.025337 0.00057026 0.00108439 2.68974e-06 0.0120212 0.0012028 0.18417 0.000674023 9.62614e-06 1.59265e-09 0.00940358 0.000693455 0.00068795 0.0021754 0.00169341 0.0107769 0.00010654 0.000529876 0.0302183 0.00142668 0.00645973 
0.00927246 0.00924751 0.0178791 0.00192539 0.128607 0.504006 0.00877071 0.00433151 0.0293299 4.45992e-05 0.0147382 0.0285773 0.0399879 0.0477226 0.00129975 4.63427e-08 0.00644673 0.00365601 0.0314113 0.00186057 0.0514367 0.00628806 0.00242119 0.023905 0.000171161 0.0195337 0.00712927 
0.0048463 0.0154687 0.0327903 0.000771133 0.0162569 0.677817 0.00108657 3.32498e-05 0.000720468 5.95297e-05 0.0475048 0.0205427 0.094789 0.00752048 2.58407e-06 1.31643e-09 0.00721393 0.000260594 0.0169314 1.44749e-05 0.000989532 0.0183188 1.29912e-09 0.0309812 4.0495e-05 0.00450702 0.000533174 
0.000585298 0.0217727 0.00964743 1.30787e-05 0.0866722 0.727987 0.000419386 0.0492665 0.00104953 3.48091e-06 0.0205523 0.0358372 0.0144971 0.0116717 3.57514e-05 5.98419e-06 0.0112741 4.47073e-05 0.000253959 0.000126268 0.000754012 0.00208403 5.79674e-05 0.00486644 7.86358e-06 0.000336835 0.000177316 
0.00115961 0.00912626 0.0765107 0.0135475 0.0284523 0.747872 0.0010364 0.00996671 0.000136052 2.218e-06 0.0673689 0.0016701 0.00789228 0.00588956 3.4716e-08 3.29016e-10 0.00121653 5.00212e-06 5.66752e-05 0.000126523 0.00290507 0.00221204 8.071e-05 0.000933774 8.2076e-06 0.0127243 0.00910037 
0.000586854 0.0170564 0.0666537 0.0208226 0.0482264 0.493003 0.00563479 0.011262 3.50973e-05 0.000138322 0.189246 0.0124138 0.0179747 0.00138188 0.000490086 1.27355e-05 0.0148769 0.000230673 0.00252693 7.0486e-06 0.00734548 0.0228912 0.00942424 0.0267787 1.18603e-05 0.00237282 0.0285964 
3.13525e-07 0.0142864 0.000954252 0.00726128 0.044194 0.398652 0.343818 0.000177273 0.00928212 9.26019e-07 0.091745 0.00612759 0.0395359 0.00258457 1.41147e-06 9.59096e-09 1.20125e-05 6.29206e-05 6.32842e-06 0.00629451 0.000640152 0.00949171 5.96093e-07 0.00309145 8.04067e-05 0.00197167 0.0197268 
0.00584923 0.0347434 0.00131463 0.00432486 0.0826116 0.322114 0.000195824 0.0230286 1.04071e-06 9.61065e-10 0.00906488 0.267881 0.106075 0.0251808 3.16525e-08 1.20169e-09 0.000647603 5.22779e-05 0.000141287 4.40607e-07 0.0216281 0.0346209 1.18588e-09 0.0379896 6.02119e-06 0.00135289 0.0211765 
7.99554e-05 0.000294825 0.00191731 2.3114e-08 0.0106412 0.936026 0.000993182 3.21934e-08 0.000126147 2.64222e-11 0.0276719 0.00765484 0.00678347 0.00265642 6.23827e-07 7.46825e-09 0.0035349 3.00632e-07 9.54058e-06 0.00010117 0.00107497 0.000234406 3.2603e-11 4.58307e-05 1.88566e-06 6.43804e-06 0.000144181 
0.00700026 0.143356 0.0800268 0.0138631 0.0270695 0.168114 0.00627691 0.0091347 0.00192533 0.00437469 0.0883578 0.158485 0.0746054 0.0207732 1.90156e-05 0.00246858 0.0224141 0.000645866 0.00312412 0.00191307 0.00431712 0.0129605 0.00148153 0.0197022 0.00864187 0.0215253 0.0974236 
0.001329 0.0230946 0.0391815 0.0203573 0.0447251 0.203178 0.00462346 0.0050214 0.0051428 7.3169e-06 0.171818 0.0859872 0.033965 0.00888468 2.19259e-05 7.57602e-10 0.0608532 1.27746e-05 0.00611413 0.00641165 0.0151029 0.00708453 6.30172e-05 0.0729437 6.51103e-05 0.165924 0.0180877 
0.0367923 0.0120922 0.17661 0.000669927 0.0746801 0.351527 0.0036963 0.00545118 0.00157969 6.027e-07 0.105844 0.0206754 0.0183981 0.0136574 2.725e-05 0.000756778 0.0867631 2.58936e-05 0.00025571 0.0034145 0.00244274 0.0138427 0.00158858 0.0158193 2.40674e-05 0.0473239 0.00604066 
0.021342 0.107037 0.00207447 0.000925588 0.00614503 0.4339 0.1194 3.80332e-05 4.39394e-05 1.62206e-06 0.0136502 0.227194 0.0251039 0.00982943 0.00854896 3.14973e-09 0.00379687 3.01473e-09 1.38063e-05 0.0127296 8.79981e-05 0.00276933 3.10831e-09 0.00285736 0.000308454 2.9855e-05 0.00217312 
0.00276681 0.0162331 0.00644443 0.00570982 0.0284708 0.297272 0.0119085 0.000719271 0.000817241 2.28591e-05 0.175064 0.0986142 0.17266 0.0171522 1.3734e-05 0.00193848 0.0765229 1.73136e-06 8.20255e-05 0.00135407 0.00499727 0.031015 9.48793e-06 0.0155064 1.01643e-05 0.0210155 0.0136792 
0.0012025 0.0146119 0.000973188 0.0472994 0.0274207 0.584161 0.00287268 0.000696202 0.000949331 1.32001e-06 0.0488718 0.0184302 0.0151117 0.0028445 6.33568e-07 0.0150528 0.0193459 1.01211e-05 0.00251665 4.2001e-05 0.00210335 0.0386172 0.00045781 0.0794804 0.0575517 0.0158033 0.00357201 
0.0101597 0.0119934 0.021149 0.0100291 0.0392689 0.370634 0.013198 0.00614535 0.0335651 7.32089e-11 0.23794 0.00817082 0.0368471 0.00216638 1.23391e-10 9.15381e-11 0.111667 0.00015056 0.0269034 2.99477e-07 0.00153825 0.00421221 0.000157368 0.00426345 0.000252841 0.00323521 0.0463524 
0.00354005 0.124366 0.000135515 0.000251087 0.130297 0.309163 0.00954039 0.000384942 2.02804e-07 1.2605e-05 0.0771972 0.0244002 0.218276 0.024843 1.01716e-07 1.89606e-11 0.00676334 0.00102113 0.000401113 0.000970171 0.00179765 0.0218196 2.02825e-07 0.00762886 0.00193013 0.0244589 0.0108012 
0.00115961 0.00912626 0.0765107 0.0135475 0.0284523 0.747872 0.0010364 0.00996671 0.000136052 2.218e-06 0.0673689 0.0016701 0.00789228 0.00588956 3.4716e-08 3.29016e-10 0.00121653 5.00212e-06 5.66752e-05 0.000126523 0.00290507 0.00221204 8.071e-05 0.000933774 8.2076e-06 0.0127243 0.00910037 
1.18283e-08 3.59443e-09 0.0173094 7.60146e-09 1.18853e-06 0.427447 4.80778e-09 1.12038e-08 5.37639e-06 1.82253e-08 0.163319 9.98764e-06 4.23198e-05 0.0368951 3.07181e-08 2.27884e-08 1.05696e-05 2.18116e-08 2.54855e-08 3.05417e-05 6.25737e-06 4.31832e-09 2.24887e-08 0.354923 4.16036e-09 2.59258e-09 3.26529e-09 
0.0104931 0.0201962 0.0165861 0.0212529 0.0587556 0.615502 0.00426654 0.00219045 0.00247992 5.08159e-05 0.0209007 0.0321833 0.0467174 0.0112973 7.04056e-06 9.92165e-11 0.0100757 6.38032e-05 0.000695562 6.44762e-05 0.00245429 0.0164501 5.69813e-07 0.0396491 5.14527e-05 0.0176763 0.0499392 
0.00375118 0.306607 0.00505257 0.00240402 0.00438692 0.375628 0.0183191 0.0022654 0.000388471 2.65953e-06 0.0729477 0.0221763 0.161305 0.00154714 0.000162627 2.34993e-09 0.00492458 1.47383e-06 0.000701959 0.00514579 0.000321441 0.00137387 1.44111e-06 0.000920427 0.00419575 0.00358444 0.00188461 
1.56451e-05 0.0942639 0.162444 0.00319308 0.170984 0.21676 0.0770378 0.0106162 0.0216414 1.14097e-06 0.0552268 0.00211757 0.0695545 0.0180903 0.000178372 0.000705384 0.00122541 0.000684757 5.16204e-05 0.00991291 0.00704976 0.0330763 7.77923e-07 0.0330905 0.00316435 0.000334163 0.00857931 
