6.77147e-05 0.00428334 0.000320861 0.000849109 0.0143635 9.85963e-05 0.729148 0.000126037 0.000809363 5.63758e-06 0.00264269 0.0619654 0.0149625 0.000480808 5.34983e-06 6.4977e-07 0.121728 0.00234029 0.000764144 8.92709e-06 0.00592978 0.00991714 0.000258076 0.00182246 0.00549647 0.00550656 0.0160986 
0.000448258 0.00360104 0.00428962 0.000180439 0.00619655 0.0125724 0.381735 9.43502e-05 0.0001095 3.43563e-05 0.0210866 0.0445508 0.00853921 0.191599 0.000502096 6.94231e-11 0.0263337 4.72061e-05 0.000173616 0.0016666 0.00650248 0.000256441 0.127709 0.00280458 0.15675 0.000159512 0.00205716 
3.27722e-05 0.00545966 0.00779566 1.57905e-07 0.0197413 0.000720701 0.914017 1.16083e-05 0.000141059 1.25068e-08 0.0010861 9.50369e-05 3.51941e-07 0.0103697 6.11051e-07 2.02532e-11 0.00102835 0.000773992 0.000171177 0.000601736 0.0061958 8.12213e-05 7.99882e-09 7.34306e-05 0.0194033 0.0121991 2.5378e-07 
0.000145787 0.067418 0.00591418 0.000121269 0.0912073 0.000948676 0.631357 0.000802503 5.58804e-05 7.5684e-07 0.0368678 0.0107537 0.0458862 0.00817374 0.000216952 1.40525e-11 0.0139198 0.00021114 0.00196277 4.1252e-08 0.0288195 0.00243378 6.38378e-06 0.00972735 0.0173632 0.0121283 0.0135577 
9.8218e-07 0.230755 0.00776445 0.00658288 0.008753 0.00575273 0.632408 0.000167339 1.63829e-05 2.36905e-06 0.0228084 0.0115242 0.0319544 0.000199605 3.92306e-05 1.32851e-09 0.00275176 0.00182541 2.80511e-07 0.000191675 0.00185519 0.000835081 0.00032892 0.0130785 0.00281121 0.0144809 0.00311167 
1.30458e-05 1.30549e-05 0.0966142 1.30505e-05 0.156699 1.30504e-05 0.400759 0.0430667 1.30442e-05 1.30389e-05 0.0796638 1.30564e-05 1.30565e-05 1.30543e-05 0.114635 1.30339e-05 1.30566e-05 1.3035e-05 1.30309e-05 0.0247852 0.0339524 0.00131847 0.0195644 1.30533e-05 0.0287325 1.3056e-05 1.30553e-05 
0.000215176 0.00155422 0.00165575 0.000106898 0.0138928 2.07884e-08 0.603487 1.0128e-05 0.000144486 4.16606e-06 0.002232 0.0167381 0.00359441 0.134308 0.00124571 5.83454e-08 0.00849658 5.97087e-06 4.41862e-05 0.000122037 0.005875 0.000337714 0.204511 0.000467833 0.000720377 0.000215887 1.39039e-05 
0.00520746 0.0545977 0.00734396 0.000553996 0.016835 0.00140908 0.606821 0.000269123 0.00126172 7.99679e-06 0.11191 0.0128908 0.0652664 0.00912277 0.000257698 0.000451846 0.0202138 0.00455819 8.74626e-05 0.0173852 0.00188227 0.0016905 4.21533e-05 0.00176098 0.0397403 0.00662284 0.0118095 
0.000101956 0.00438952 0.000183435 0.000551083 0.00557167 0.000340698 0.821138 8.40143e-05 0.000492681 4.93118e-06 0.00336229 0.0463991 0.0135533 0.000299997 0.00123785 2.32646e-07 0.0697951 0.0011185 0.000159759 1.64105e-05 0.000668927 0.00652601 6.63e-05 0.00227769 0.00998589 0.00376465 0.00791029 
0.0682104 0.00834664 0.000559369 0.0042927 0.0244244 0.0774564 0.284124 0.00201788 0.000709124 1.54255e-05 0.133541 0.128818 0.0374661 0.0857073 8.82424e-05 5.35894e-07 0.0515748 0.000380875 0.00143228 0.00109226 0.00306339 0.0254512 6.48972e-05 0.0193959 0.0231712 0.000953956 0.0176417 
0.00520746 0.0545977 0.00734396 0.000553996 0.016835 0.00140908 0.606821 0.000269123 0.00126172 7.99679e-06 0.11191 0.0128908 0.0652664 0.00912277 0.000257698 0.000451846 0.0202138 0.00455819 8.74626e-05 0.0173852 0.00188227 0.0016905 4.21533e-05 0.00176098 0.0397403 0.00662284 0.0118095 
6.82986e-05 0.00142483 1.29138e-05 0.00034003 0.0104765 0.000104366 0.724246 0.000133118 0.00104871 1.57215e-06 0.00187769 0.0805035 0.00776257 0.000604028 0.000293727 8.97762e-07 0.140086 0.000127886 0.000116985 7.74593e-07 0.00115007 0.0127806 0.00012794 0.00405744 0.000366197 0.00395931 0.0083283 
0.000223833 0.0296289 0.0163174 0.000386827 0.0182422 0.00150919 0.710709 0.000193035 8.85955e-07 1.45752e-08 0.013456 0.00182078 0.140517 0.0146916 0.000193747 1.11666e-10 0.00898989 0.0123939 0.000146636 0.0019697 0.00715785 0.000252349 4.65643e-05 0.000619718 0.00903961 0.00661507 0.00487834 
8.78257e-09 0.0249698 0.0376131 0.00540389 0.0464779 0.000491365 0.639695 0.000240468 8.45496e-05 0.000407689 0.0357764 0.0160047 0.0545422 0.0152854 0.000124306 2.26893e-09 0.045065 0.000312018 4.27435e-05 0.000373292 0.00509584 0.0295766 0.00386236 0.00759974 0.00348849 0.00255292 0.0249144 
1.10305e-06 0.0299254 0.0179621 0.0192946 0.0264785 2.88172e-05 0.46755 0.00116106 4.35612e-05 7.35755e-06 0.0993318 0.00432273 0.0932285 0.000792789 0.00103417 8.66509e-07 0.0161931 0.00150422 0.0888136 0.000372574 0.055478 0.0165952 5.79479e-09 0.00729397 0.000678392 0.0118406 0.0400669 
0.000817878 0.00353854 0.0489057 0.0024666 0.0741754 0.000686571 0.385374 0.000140961 0.000979705 0.000157001 0.101287 0.0406508 0.025001 0.00646031 1.87241e-05 3.56739e-08 0.0461982 3.41448e-08 0.000822501 0.188309 0.00819214 0.00331713 0.000921596 0.00719803 0.000448045 0.0504811 0.00345224 
0.00148264 0.0358432 0.0244751 0.00181138 0.0522018 0.000291731 0.617889 2.35605e-06 2.54807e-06 3.11741e-06 0.0448829 0.0106013 0.0394624 0.0272684 0.00105743 1.33042e-08 0.0180127 0.0204344 0.000620653 0.00021131 0.05113 0.00190665 0.000197144 0.00138557 0.0194774 0.00142503 0.0279234 
1.80442e-08 0.00131825 0.0040272 0.00870147 0.00115893 2.75675e-05 0.804938 0.000560835 1.27553e-05 2.12125e-06 0.0250024 0.00358297 0.00555993 6.96247e-05 8.13834e-08 4.02901e-10 0.0176064 0.000124026 4.737e-05 1.27665e-05 8.73588e-05 0.107272 3.43067e-08 0.0052535 2.86829e-05 0.000134366 0.0144714 
1.71603e-06 0.00424139 0.000137417 0.000594073 0.00414535 7.30244e-05 0.868989 1.62866e-05 0.000645611 2.79842e-06 0.0034722 0.0400557 0.0162584 0.000250862 0.000269665 7.131e-11 0.0391799 0.00109297 0.000225232 1.78047e-05 0.000418975 0.00242744 0.00016109 0.00175263 0.0070253 0.000812878 0.00773245 
3.61455e-09 0.00167299 3.22773e-05 9.32313e-05 0.00451517 5.44692e-05 0.833211 1.74833e-05 0.000967366 9.69721e-07 0.00282984 0.0768563 0.00963732 0.000509359 0.000469187 9.67578e-11 0.0570763 8.62777e-05 0.000292436 6.52284e-07 0.000149487 0.00303356 0.000116836 0.00332529 0.000309604 0.000113821 0.00462893 
9.8218e-07 0.230755 0.00776445 0.00658288 0.008753 0.00575273 0.632408 0.000167339 1.63829e-05 2.36905e-06 0.0228084 0.0115242 0.0319544 0.000199605 3.92306e-05 1.32851e-09 0.00275176 0.00182541 2.80511e-07 0.000191675 0.00185519 0.000835081 0.00032892 0.0130785 0.00281121 0.0144809 0.00311167 
8.07355e-06 0.00403444 0.0119446 0.000120873 0.0156878 0.00176614 0.592845 0.00025963 0.000308144 2.87956e-05 0.0104826 0.00357408 0.00411973 0.00396346 1.57038e-05 4.5589e-06 0.00143793 8.107e-05 7.7074e-05 0.000435234 0.0160975 0.000637318 5.20268e-06 0.00118343 0.308843 0.0146876 0.00735064 
0.0328034 0.00592079 0.196163 0.00174227 0.109622 0.00131625 0.216579 1.34001e-07 3.05853e-06 1.3866e-07 0.0393612 0.0251859 0.01223 0.0419093 0.000275059 3.01146e-08 0.0963451 0.000228354 3.22701e-06 0.000187564 0.0132342 0.00268787 5.02786e-07 0.00611532 0.000254948 0.129269 0.0685634 
0.000252984 0.0683945 0.00455909 0.0223467 0.00148621 0.000407127 0.585946 0.000165551 9.3731e-09 2.70401e-06 0.0880304 0.00468098 0.071071 0.000610915 0.000528884 7.46956e-07 0.0124256 0.00488657 0.0710851 0.000362976 0.000561843 0.0225659 2.93953e-06 0.00881509 3.64719e-05 0.00106103 0.0297132 
0.000405282 0.00303348 0.00593329 0.000808389 0.0195755 0.000756681 0.413191 0.00476538 0.000274061 9.1226e-05 0.0251691 0.112934 0.0155261 0.00310929 1.70623e-06 4.92794e-11 0.328783 2.00897e-05 0.000441316 0.000948007 0.00344253 0.0154551 7.59127e-05 0.0172417 0.000162981 0.000478049 0.0273759 
0.00269767 0.0195153 0.0333294 0.00109767 0.12314 2.46698e-05 0.385954 0.0273726 0.000483854 1.06736e-06 0.134344 0.0448251 0.0861111 0.00772666 0.00399577 2.95092e-07 0.0565418 0.00101965 0.0150614 0.00179685 0.00351821 0.00669111 8.22268e-07 0.00316409 0.00164025 0.00366769 0.0362787 
9.75576e-05 0.0123045 0.00726198 4.60282e-05 0.022515 0.000107516 0.53513 0.00115075 3.15422e-06 0.00015208 0.0884711 0.0220463 0.0726524 0.00785976 0.00107391 4.78967e-07 0.0336031 6.01688e-05 0.00249111 0.0307472 0.00130666 0.00284381 0.00299583 0.0173706 0.103799 2.09986e-05 0.0338894 
0.000102422 0.00213723 1.93679e-05 0.000373949 0.0136482 0.00015654 0.657128 0.00019966 0.00102169 2.24651e-06 0.00281652 0.0989195 0.00889139 0.000839672 0.000440529 1.3411e-06 0.176766 0.000103506 0.000175464 3.91684e-07 0.00112127 0.0141437 7.01041e-05 0.00468642 0.000295027 0.00561746 0.0103226 
3.40756e-05 0.0198765 0.00626476 4.46535e-05 0.00370268 0.00012268 0.898192 2.21501e-06 0.0060523 5.74109e-06 0.0154165 0.000146024 0.00335098 0.000708665 0.000378316 0.00503689 0.00051951 1.83272e-10 7.89778e-05 0.00172021 0.000358636 0.000144036 6.67802e-12 0.00109204 0.0329005 0.00193272 0.00191815 
6.8013e-05 0.251186 0.00827108 0.00019593 0.00408209 0.00233806 0.581368 0.000100716 0.00281666 1.18577e-05 0.0394854 0.00871464 0.0220871 0.00375433 0.00182621 0.00140889 0.013319 2.01808e-08 0.000201081 0.00518161 0.000571117 0.00219651 0.000109304 0.00597598 0.0371202 0.00090626 0.00670356 
3.81648e-05 0.00358223 1.92859e-08 0.000667108 0.089639 3.95045e-07 0.743027 0.000289879 0.00229052 9.26356e-08 0.00158251 0.0561707 0.00608235 0.000316287 1.61846e-05 2.38836e-07 0.0584606 7.26308e-05 0.000194884 9.44731e-08 0.000770235 0.0109957 0.000239773 0.0214999 0.000546251 0.000142603 0.00337492 
0.000140275 0.0757154 0.0156756 0.0095882 0.0579774 0.00355765 0.487946 0.000177434 0.00184485 3.77015e-06 0.0807474 0.0356177 0.0229361 0.0684305 0.00196141 8.18717e-08 0.0290224 0.000659556 0.00023545 0.00929617 0.00228182 0.000492718 4.63441e-06 0.00468546 0.0085078 0.0326461 0.0498481 
1.34177e-11 2.16308e-06 0.000291901 2.81979e-07 4.26891e-06 8.7181e-12 0.946263 1.27094e-11 7.60468e-07 7.85832e-08 0.00477421 2.23776e-06 1.87745e-06 6.53942e-07 0.0392047 2.58506e-11 0.00491817 3.88483e-07 8.03733e-07 5.62859e-08 6.56903e-07 9.40043e-07 0.00167942 2.33685e-06 0.00157363 4.76438e-07 0.00127683 
0.00318392 0.0359288 0.00939303 0.000192059 0.0576618 0.00153157 0.697337 0.000334836 2.04115e-05 6.14429e-06 0.00932163 0.00839065 0.0188218 0.0224318 2.03873e-05 6.37129e-09 0.0130349 0.0162593 0.000775565 0.000168579 0.028747 0.000858046 1.31128e-05 0.00228508 0.0423708 0.0184811 0.0124302 
0.00027989 0.000925781 0.00020138 0.000141785 0.00892327 6.45074e-05 0.628918 0.000176911 0.000808656 1.39022e-06 0.00397944 0.114479 0.0338447 0.000578657 0.000122806 4.23625e-07 0.156857 5.33563e-05 6.19432e-05 3.28334e-07 0.00103427 0.00970516 0.000210594 0.00401469 0.000230309 0.00185923 0.0325271 
0.00058841 0.0143261 0.00569836 0.0678724 0.0241214 0.000202616 0.222917 0.00259583 2.82695e-05 7.22807e-09 0.130277 0.0671589 0.0211878 0.00935412 7.16067e-07 1.85269e-07 0.207917 4.65314e-05 0.000127982 1.33555e-06 0.00364086 0.00874783 0.000434631 0.0444123 0.000265403 0.120689 0.0473881 
5.03945e-08 0.0027101 0.000284637 0.000699086 0.00547861 1.5897e-05 0.876631 4.12187e-07 0.000179566 5.91954e-06 0.00405865 0.00430381 0.00292683 0.000116227 2.2832e-07 1.01161e-10 0.00221995 0.000184358 1.0309e-06 2.55338e-05 0.00160165 0.000320747 1.04087e-05 4.10342e-07 0.0163313 0.0789952 0.0028985 
0.00209456 0.0841878 0.0530347 0.00213568 0.0477282 0.00336626 0.545309 0.00016033 0.00505659 0.0145872 0.0777857 0.0107163 0.0450811 0.00651832 0.00073374 0.00159543 0.0159711 6.99579e-06 0.000456389 0.00583549 0.00431369 0.00278756 1.12357e-07 0.0093672 0.014671 0.0125986 0.0339007 
8.07355e-06 0.00403444 0.0119446 0.000120873 0.0156878 0.00176614 0.592845 0.00025963 0.000308144 2.87956e-05 0.0104826 0.00357408 0.00411973 0.00396346 1.57038e-05 4.5589e-06 0.00143793 8.107e-05 7.7074e-05 0.000435234 0.0160975 0.000637318 5.20268e-06 0.00118343 0.308843 0.0146876 0.00735064 
3.40756e-05 0.0198765 0.00626476 4.46535e-05 0.00370268 0.00012268 0.898192 2.21501e-06 0.0060523 5.74109e-06 0.0154165 0.000146024 0.00335098 0.000708665 0.000378316 0.00503689 0.00051951 1.83272e-10 7.89778e-05 0.00172021 0.000358636 0.000144036 6.67802e-12 0.00109204 0.0329005 0.00193272 0.00191815 
6.64975e-05 0.00454641 0.000267161 0.00116988 0.0101335 7.58943e-05 0.966726 0.000410098 5.42348e-05 4.20301e-05 0.0012999 0.00103763 0.00462358 0.00048942 6.15296e-09 1.03393e-11 0.000675266 0.000190473 3.12216e-05 1.6466e-08 0.00189746 0.00133075 2.58527e-09 0.000176708 1.82339e-05 0.00427769 0.000459817 
0.000585961 0.116333 0.0815665 0.00105411 0.0262023 0.00668672 0.192847 0.000356003 0.000733925 1.30095e-05 0.103414 0.120678 0.0966935 0.0392972 0.020146 3.13636e-08 0.0777496 0.000675648 0.000288778 0.0110336 0.0257333 0.00525777 0.000162023 0.0106518 0.0210217 0.0183623 0.0224561 
3.40756e-05 0.0198765 0.00626476 4.46535e-05 0.00370268 0.00012268 0.898192 2.21501e-06 0.0060523 5.74109e-06 0.0154165 0.000146024 0.00335098 0.000708665 0.000378316 0.00503689 0.00051951 1.83272e-10 7.89778e-05 0.00172021 0.000358636 0.000144036 6.67802e-12 0.00109204 0.0329005 0.00193272 0.00191815 
0.000148147 0.0281915 0.0432514 0.000349239 0.0989216 0.00108422 0.629935 0.000181403 0.0159808 0.000438736 0.0360792 0.00210386 0.0530896 0.00650111 3.53429e-05 6.53041e-08 0.0013381 3.80224e-06 0.00115417 0.00202895 0.00647402 0.00327103 0.000124269 0.00104382 0.0528817 0.0133342 0.00205438 
6.61574e-05 0.148065 0.138165 0.00192705 0.0100485 0.000324877 0.307165 0.00139097 0.00319715 3.21715e-07 0.0701643 0.0239491 0.125795 0.000760353 0.000209623 5.26244e-10 0.00601941 0.00193186 5.91295e-05 0.152395 3.4364e-05 0.000701307 8.69094e-05 0.00024285 0.000708067 1.44143e-05 0.00657738 
2.40573e-06 0.00404071 0.000449202 0.000402217 0.00719114 4.03369e-05 0.851676 2.16275e-05 0.000721949 4.44192e-06 0.00264633 0.0447531 0.0166375 0.000272996 3.92974e-06 1.78635e-10 0.0435031 0.00286297 0.00106979 1.2497e-05 0.00252753 0.00237514 0.0003613 0.00107964 0.00667091 0.000202502 0.0104709 
3.81648e-05 0.00358223 1.92859e-08 0.000667108 0.089639 3.95045e-07 0.743027 0.000289879 0.00229052 9.26356e-08 0.00158251 0.0561707 0.00608235 0.000316287 1.61846e-05 2.38836e-07 0.0584606 7.26308e-05 0.000194884 9.44731e-08 0.000770235 0.0109957 0.000239773 0.0214999 0.000546251 0.000142603 0.00337492 
3.55679e-07 0.0278302 0.229484 1.5758e-06 0.0647714 8.81359e-11 0.346711 4.66145e-07 0.00395415 2.09008e-10 0.0307422 0.00196035 0.00969442 0.165595 7.92129e-07 1.52755e-05 0.00574352 0.000533197 2.92822e-06 0.0114698 0.00137102 0.00723216 1.42965e-07 0.0895 0.000658531 0.000272375 0.00245555 
0.00126794 0.075048 0.0139323 0.00383504 0.0185084 0.000786056 0.522522 0.00456312 0.00173865 8.03597e-06 0.0528294 0.0259432 0.0186084 0.0243636 0.000546795 0.00077772 0.165359 4.26595e-06 0.00104664 0.0120292 0.00334722 0.00770757 7.96621e-05 0.00569061 0.0171596 0.000990008 0.0213086 
3.97964e-06 0.137002 0.0310019 0.00297732 0.0153275 0.00404812 0.617204 0.000327424 3.14531e-05 1.13511e-06 0.0179112 0.0134507 0.0477558 0.000128588 0.00938992 1.43475e-11 0.0112718 0.000316743 5.62784e-05 0.0020439 0.000428275 0.00210961 0.000357306 0.0695553 0.00878655 0.000440822 0.00807281 
1.00489e-06 0.242692 0.0204575 0.229996 9.49884e-07 0.00139541 0.304207 1.59087e-06 2.24609e-09 4.12025e-05 0.00238933 0.00701394 0.101263 0.000212964 5.14606e-09 3.81763e-09 0.00102235 2.77194e-05 1.46052e-05 0.0054795 6.13154e-05 0.0595756 3.76742e-09 0.0108574 0.0124459 2.3829e-08 0.000844601 
9.3178e-05 0.0303631 0.179342 0.00387636 0.147474 0.00314061 0.197804 1.75998e-05 0.000354471 0.000218996 0.129795 0.0360766 0.0918022 0.0096414 0.00141312 4.49908e-08 0.0862594 0.000228742 0.0131373 0.000119901 0.00444524 0.0194241 8.11854e-07 0.00479816 8.21961e-05 0.0104042 0.0296883 
9.75576e-05 0.0123045 0.00726198 4.60282e-05 0.022515 0.000107516 0.53513 0.00115075 3.15422e-06 0.00015208 0.0884711 0.0220463 0.0726524 0.00785976 0.00107391 4.78967e-07 0.0336031 6.01688e-05 0.00249111 0.0307472 0.00130666 0.00284381 0.00299583 0.0173706 0.103799 2.09986e-05 0.0338894 
2.92593e-10 0.00339786 0.00692426 2.98544e-11 0.0179635 1.48332e-08 0.663978 1.83735e-05 1.95826e-08 0.000114576 0.0355317 0.0062282 0.0308807 0.0250933 0.000134675 1.95975e-08 0.00699409 9.90608e-05 8.05184e-05 0.0200166 0.000135621 0.000373837 0.00025388 0.00512485 0.167675 1.32154e-05 0.0089688 
0.000175657 0.0705281 0.103558 0.00411714 0.01706 0.000619739 0.294712 9.32788e-05 0.000167922 9.58205e-07 0.0552074 0.0206361 0.0437503 0.0128853 0.0930257 6.1083e-08 0.0970905 0.00937306 0.0104452 0.00119743 0.00268951 0.010582 0.00154465 0.0536398 0.00238657 0.00303443 0.091479 
0.00155008 0.114865 0.0436142 0.00111331 0.0279596 0.00342492 0.400842 0.00101146 1.64029e-05 8.31125e-06 0.186056 0.0299548 0.0666846 0.00239837 9.12574e-05 1.36773e-08 0.0354786 4.10849e-09 7.11843e-05 0.049217 0.00258839 0.00788394 0.000245144 0.00219401 0.000616295 0.0132966 0.00881815 
9.75576e-05 0.0123045 0.00726198 4.60282e-05 0.022515 0.000107516 0.53513 0.00115075 3.15422e-06 0.00015208 0.0884711 0.0220463 0.0726524 0.00785976 0.00107391 4.78967e-07 0.0336031 6.01688e-05 0.00249111 0.0307472 0.00130666 0.00284381 0.00299583 0.0173706 0.103799 2.09986e-05 0.0338894 
1.25224e-05 0.0505053 0.00907637 0.00392343 0.0259486 0.000867789 0.220153 8.05936e-05 0.00561519 4.8031e-07 0.197974 0.0538616 0.124319 0.00136479 0.00329019 1.66486e-10 0.166457 0.000259088 0.0013911 5.53835e-06 0.000680866 0.0216359 9.06581e-06 0.0511542 0.0039269 0.00625079 0.051237 
2.18582e-09 0.00524428 0.00165375 0.00052253 0.0196669 2.69163e-05 0.724805 2.4295e-05 0.000490196 1.07922e-05 0.00262977 0.0256608 0.0271014 0.000848857 8.4291e-06 4.14327e-10 0.0187906 0.00559896 0.00067347 1.97939e-05 0.0794301 0.000683215 0.000276859 0.0012246 0.0165157 0.0115306 0.0565619 
0.00030706 0.0302498 0.0183208 0.000649691 0.0845762 0.00155685 0.462627 0.00954282 0.000302016 0.000361528 0.0499451 0.00940948 0.0380279 0.0102523 8.88393e-05 7.73464e-05 0.0113507 0.000607516 0.000333319 0.00117038 0.0229721 0.00173704 6.47018e-05 0.0233383 0.193866 0.0106329 0.0176331 
0.000272169 0.0176457 0.155495 0.000731727 0.0678525 0.000254006 0.464597 0.0138706 0.000312867 0.00172599 0.0348773 0.00588945 0.0406547 0.0264229 0.000265423 9.86709e-08 0.00996831 0.00027303 0.0011772 0.0246672 0.00818974 0.000844622 0.00113735 0.0128742 0.0443764 0.000612558 0.065012 
3.1375e-06 0.00376866 0.00053882 0.000519423 0.00639154 4.66713e-05 0.766523 3.82833e-05 0.000778455 0.000115712 0.0107754 0.0766578 0.0290003 0.000320151 0.000157483 1.91677e-10 0.0543011 0.000637693 0.000453359 1.03972e-05 0.000380002 0.00496642 9.69614e-05 0.00335189 0.00438451 0.000526522 0.0352564 
1.01824e-09 0.0111498 0.310687 5.7214e-07 0.0681705 1.28218e-06 0.515852 0.00367649 0.00047999 1.48103e-05 0.00138341 4.75717e-07 0.0126265 0.00340259 0.00331409 1.96173e-09 0.0511434 5.03452e-05 0.000464514 0.00135328 0.0102204 0.000663222 3.35852e-06 0.00119956 0.00266687 0.00108387 0.000391961 
6.64975e-05 0.00454641 0.000267161 0.00116988 0.0101335 7.58943e-05 0.966726 0.000410098 5.42348e-05 4.20301e-05 0.0012999 0.00103763 0.00462358 0.00048942 6.15296e-09 1.03393e-11 0.000675266 0.000190473 3.12216e-05 1.6466e-08 0.00189746 0.00133075 2.58527e-09 0.000176708 1.82339e-05 0.00427769 0.000459817 
0.00174374 0.0207398 0.0396859 0.00287042 0.0379925 0.000741084 0.209533 0.00389766 0.0387268 0.000121093 0.190141 0.0321329 0.0592803 0.01399 0.000719494 0.000131708 0.139564 2.43976e-05 0.0256934 0.0339177 0.0178817 0.00847179 0.00388907 0.0263222 0.0393936 0.0154357 0.0369585 
0.000337527 0.0567655 0.0184594 0.00264052 0.0215726 0.0066859 0.401661 0.000570866 0.000159944 0.00302175 0.0188078 0.01838 0.112299 0.0106822 0.203854 0.000411328 0.0220548 0.000776768 0.000649045 0.0212138 0.00448898 0.00286766 4.43964e-05 0.0047634 0.0316248 0.00445588 0.0307519 
2.24407e-09 0.00427733 0.00112299 0.000614189 0.0129615 7.63725e-06 0.90173 2.30447e-06 0.000647173 9.73878e-06 0.00040555 0.0102473 0.0196693 0.000204606 8.42862e-06 3.8011e-10 0.0132666 0.00558176 0.000673473 2.72856e-05 0.00557859 0.00117833 0.000576818 0.000543751 0.00963145 0.000255893 0.0107775 
0.000215176 0.00155422 0.00165575 0.000106898 0.0138928 2.07884e-08 0.603487 1.0128e-05 0.000144486 4.16606e-06 0.002232 0.0167381 0.00359441 0.134308 0.00124571 5.83454e-08 0.00849658 5.97087e-06 4.41862e-05 0.000122037 0.005875 0.000337714 0.204511 0.000467833 0.000720377 0.000215887 1.39039e-05 
0.00674972 0.0790823 1.07e-05 3.72023e-07 0.200505 0.00196048 0.281535 7.0926e-05 7.27228e-06 3.31335e-06 0.068224 0.131749 0.123222 0.00794058 2.7814e-06 3.41056e-08 0.0054145 0.0499928 5.36704e-05 9.39199e-05 0.000842598 0.00627631 3.36571e-08 0.014666 2.75389e-07 0.0158234 0.00577388 
0.000155092 0.00568589 0.0267877 9.19875e-05 0.0472079 3.10288e-06 0.730837 7.89795e-05 6.7718e-05 0.000145361 0.0452981 0.0218743 0.0548578 0.00376098 0.00689853 8.95014e-06 0.0199857 3.79088e-06 2.72564e-05 0.000773783 0.000619985 0.0120535 9.8997e-08 0.0203399 2.40788e-05 0.000304518 0.00210763 
1.00489e-06 0.242692 0.0204575 0.229996 9.49884e-07 0.00139541 0.304207 1.59087e-06 2.24609e-09 4.12025e-05 0.00238933 0.00701394 0.101263 0.000212964 5.14606e-09 3.81763e-09 0.00102235 2.77194e-05 1.46052e-05 0.0054795 6.13154e-05 0.0595756 3.76742e-09 0.0108574 0.0124459 2.3829e-08 0.000844601 
8.0377e-05 0.00247837 0.000218939 0.000611159 0.00944009 0.000118751 0.781922 0.000150097 0.000819638 2.04442e-06 0.00286158 0.0510435 0.00970877 0.000468077 0.000984618 2.8441e-07 0.106987 0.00044597 0.000116459 1.75483e-05 0.000940688 0.00841796 8.83476e-05 0.00344378 0.0035192 0.00495872 0.0101566 
2.18389e-12 3.05346e-09 1.17561e-07 4.50532e-08 6.76341e-05 7.8769e-05 0.927612 5.7798e-05 0.00210118 1.04349e-08 2.3455e-13 0.0159418 0.0111819 4.96938e-06 4.59454e-08 2.10795e-09 0.0252692 5.15515e-08 4.70547e-12 2.5011e-08 0.000113796 0.000480978 3.8204e-08 0.00271661 5.14662e-08 8.42518e-09 0.0143728 
0.0926742 0.0059638 0.00795287 0.000996653 0.143188 0.00286249 0.273464 0.00132693 0.00030435 8.46047e-06 0.044835 0.0611518 0.0153337 0.0258655 6.99145e-06 5.48701e-07 0.128166 0.00314112 0.000467904 5.84633e-07 0.0112075 0.0417604 2.12276e-06 0.00160988 5.16662e-05 0.0725184 0.0651397 
0.00876872 0.000737778 0.000287765 0.000327429 0.0563409 0.000373124 0.371212 0.0396154 0.0502092 3.32162e-05 0.00670764 0.0698287 0.0163192 0.00415342 0.000156393 7.76313e-10 0.0452658 9.11392e-06 1.05448e-05 1.45389e-05 0.187888 0.00552621 0.0457931 0.0252653 0.000253115 0.000687178 0.0642162 
7.48984e-05 0.0469523 0.00533849 0.00152268 0.00321461 0.00246145 0.570779 0.00130223 6.66419e-06 2.26579e-05 0.0370231 0.0104643 0.047884 0.0030121 0.000536459 2.92792e-07 0.00585705 0.107133 0.00010581 0.0573559 0.000664312 0.00176318 3.66504e-05 0.00187077 0.0883247 0.00151787 0.00477464 
0.000252984 0.0683945 0.00455909 0.0223467 0.00148621 0.000407127 0.585946 0.000165551 9.3731e-09 2.70401e-06 0.0880304 0.00468098 0.071071 0.000610915 0.000528884 7.46956e-07 0.0124256 0.00488657 0.0710851 0.000362976 0.000561843 0.0225659 2.93953e-06 0.00881509 3.64719e-05 0.00106103 0.0297132 
8.07355e-06 0.00403444 0.0119446 0.000120873 0.0156878 0.00176614 0.592845 0.00025963 0.000308144 2.87956e-05 0.0104826 0.00357408 0.00411973 0.00396346 1.57038e-05 4.5589e-06 0.00143793 8.107e-05 7.7074e-05 0.000435234 0.0160975 0.000637318 5.20268e-06 0.00118343 0.308843 0.0146876 0.00735064 
3.8059e-07 0.00574065 0.00413222 0.00159684 0.0273816 7.6561e-05 0.658535 0.002158 0.000368371 0.000469288 0.00193873 0.0549182 0.00846769 0.00333415 4.72432e-05 2.31115e-06 0.110217 2.78144e-05 1.1563e-08 1.40912e-08 0.00330494 0.0975613 2.15197e-08 0.00179684 6.79261e-05 0.00501912 0.0128378 
1.10592e-10 0.00945498 0.0171066 0.0873117 0.0359253 7.18565e-11 0.725524 5.79269e-05 1.25357e-10 0.000473108 0.002592 2.07469e-11 0.0115835 0.000638979 0.00165199 0.0339792 0.00124801 0.000113809 0.00847982 0.000547775 0.0064882 0.033174 2.10264e-10 0.00319458 0.000521574 0.000156761 0.019776 
2.90782e-06 0.00100124 1.54167e-09 4.01076e-05 0.00482805 8.18057e-05 0.841265 3.69702e-05 0.000692308 3.12825e-07 0.00391026 0.0773663 0.0081587 0.000274705 1.18608e-05 5.30728e-12 0.0398327 3.37041e-05 0.000106092 6.48466e-08 0.000164913 0.00133934 7.48595e-05 0.00272095 0.000139101 7.13733e-05 0.0178467 
0.0001675 0.00945918 0.0247035 4.15715e-05 0.0600863 1.18813e-05 0.58723 4.13628e-09 1.54442e-05 2.13403e-05 0.0594072 0.000205037 0.017895 0.00333103 5.60292e-06 2.60149e-11 0.00179861 1.18533e-06 1.65159e-06 0.00288666 0.00402748 0.00237214 0.000481666 3.13936e-05 0.202043 0.0226307 0.00114412 
9.71459e-05 0.00268165 0.000394419 0.000795858 0.00841121 0.000133581 0.7899 0.000194293 0.000743619 2.40227e-06 0.00304701 0.0404331 0.0103101 0.00046074 0.000110316 2.13612e-07 0.106966 0.000511825 9.0683e-05 3.13128e-05 0.000952092 0.00814967 6.08053e-05 0.00333313 0.00536125 0.0048915 0.0119365 
6.64975e-05 0.00454641 0.000267161 0.00116988 0.0101335 7.58943e-05 0.966726 0.000410098 5.42348e-05 4.20301e-05 0.0012999 0.00103763 0.00462358 0.00048942 6.15296e-09 1.03393e-11 0.000675266 0.000190473 3.12216e-05 1.6466e-08 0.00189746 0.00133075 2.58527e-09 0.000176708 1.82339e-05 0.00427769 0.000459817 
0.000260783 0.0072526 0.001193 0.000690194 0.0194821 0.00264783 0.431134 0.00222435 0.00384756 4.02706e-06 0.0213869 0.17198 0.0205877 0.00200816 0.000477753 1.63138e-10 0.090949 0.000333118 0.000851722 8.7172e-05 0.00124337 0.0020974 0.000102022 0.00546245 0.00172993 0.00414909 0.207818 
8.78257e-09 0.0249698 0.0376131 0.00540389 0.0464779 0.000491365 0.639695 0.000240468 8.45496e-05 0.000407689 0.0357764 0.0160047 0.0545422 0.0152854 0.000124306 2.26893e-09 0.045065 0.000312018 4.27435e-05 0.000373292 0.00509584 0.0295766 0.00386236 0.00759974 0.00348849 0.00255292 0.0249144 
2.40573e-06 0.00404071 0.000449202 0.000402217 0.00719114 4.03369e-05 0.851676 2.16275e-05 0.000721949 4.44192e-06 0.00264633 0.0447531 0.0166375 0.000272996 3.92974e-06 1.78635e-10 0.0435031 0.00286297 0.00106979 1.2497e-05 0.00252753 0.00237514 0.0003613 0.00107964 0.00667091 0.000202502 0.0104709 
0.000650352 0.0292477 0.000952295 0.000884309 0.0203888 0.00194261 0.844373 5.0694e-05 5.20884e-06 5.50397e-09 0.0113966 0.00263758 0.0265504 0.004904 2.5731e-05 1.39191e-11 0.00959798 0.00787641 0.000344804 7.72139e-05 0.0154831 0.00032891 5.74394e-05 0.0015698 0.00545002 0.0115363 0.00366867 
0.000650352 0.0292477 0.000952295 0.000884309 0.0203888 0.00194261 0.844373 5.0694e-05 5.20884e-06 5.50397e-09 0.0113966 0.00263758 0.0265504 0.004904 2.5731e-05 1.39191e-11 0.00959798 0.00787641 0.000344804 7.72139e-05 0.0154831 0.00032891 5.74394e-05 0.0015698 0.00545002 0.0115363 0.00366867 
0.000178318 0.0756793 0.127023 0.000174226 0.032599 0.0147539 0.274586 0.000455163 0.00536235 4.99627e-09 0.235169 0.0210479 0.0731861 0.0174638 8.92301e-05 5.7823e-10 0.00558504 2.15925e-05 0.000125698 0.060785 0.00276418 0.00210478 0.000188028 0.00677277 0.0009152 0.0364859 0.0064848 
6.31672e-08 0.0221041 0.0176818 0.00306438 0.0398264 0.0007986 0.724648 0.00072 0.000184494 0.000299822 0.0169481 0.0200616 0.0463082 0.00654478 7.28386e-05 4.7552e-09 0.031144 0.00260063 0.000280857 0.000239329 0.00605141 0.0127931 0.00358904 0.00597625 0.0138668 0.00141409 0.0227815 
8.07355e-06 0.00403444 0.0119446 0.000120873 0.0156878 0.00176614 0.592845 0.00025963 0.000308144 2.87956e-05 0.0104826 0.00357408 0.00411973 0.00396346 1.57038e-05 4.5589e-06 0.00143793 8.107e-05 7.7074e-05 0.000435234 0.0160975 0.000637318 5.20268e-06 0.00118343 0.308843 0.0146876 0.00735064 
6.82986e-05 0.00142483 1.29138e-05 0.00034003 0.0104765 0.000104366 0.724246 0.000133118 0.00104871 1.57215e-06 0.00187769 0.0805035 0.00776257 0.000604028 0.000293727 8.97762e-07 0.140086 0.000127886 0.000116985 7.74593e-07 0.00115007 0.0127806 0.00012794 0.00405744 0.000366197 0.00395931 0.0083283 
0.000585998 0.0457843 0.0379633 0.00246513 0.028151 0.00127999 0.422655 0.00013896 0.000203458 2.26446e-05 0.032966 0.0498389 0.0606375 0.00403132 1.96174e-05 1.45275e-06 0.156051 0.00228512 0.000172839 0.00033096 0.00792565 0.0141818 7.7e-05 0.00185904 0.0228109 0.0363232 0.071238 
0.000695638 0.13291 0.147152 0.00347555 0.0705059 0.0125102 0.18641 0.00529804 0.0230281 1.49752e-05 0.117995 0.0111923 0.0791126 0.0102012 3.06207e-06 6.46836e-06 0.0414569 1.47279e-05 0.000376793 0.0321173 0.00842066 0.00236023 0.00118425 0.0166722 0.000727504 0.0176698 0.078488 
0.00041082 0.00671529 0.0117864 0.00109494 0.0430411 0.00704728 0.484316 0.00101808 0.00161223 3.7172e-06 0.0451662 0.114309 0.125602 0.00233281 9.65472e-06 2.9778e-06 0.0616662 0.00131087 0.000623633 9.3037e-05 0.00136586 0.00672758 0.00659074 0.00355269 0.00352756 0.000218618 0.0698544 
0.000429659 0.0120893 0.0266891 0.0819184 0.0172753 0.0111449 0.731813 0.00821762 4.28685e-10 5.82729e-10 0.0134407 0.000315818 0.00749418 0.0021713 0.000170452 0.00376769 0.0130786 0.00081946 0.0186944 1.86684e-05 0.00182079 0.0309136 7.19044e-10 0.0141247 1.33022e-10 0.000485919 0.00310656 
3.43468e-07 0.0145464 0.01712 0.000214714 0.022138 0.00135525 0.37463 0.0147247 0.000185925 0.000390554 0.0150737 0.0167585 0.0446122 0.000396321 0.364782 1.46565e-08 0.0179472 0.000118616 6.67245e-05 0.0189223 0.000513197 0.0044598 0.000657375 0.00987587 0.0322922 0.00469349 0.0235246 
1.80442e-08 0.00131825 0.0040272 0.00870147 0.00115893 2.75675e-05 0.804938 0.000560835 1.27553e-05 2.12125e-06 0.0250024 0.00358297 0.00555993 6.96247e-05 8.13834e-08 4.02901e-10 0.0176064 0.000124026 4.737e-05 1.27665e-05 8.73588e-05 0.107272 3.43067e-08 0.0052535 2.86829e-05 0.000134366 0.0144714 
0.00141702 0.0460347 0.0089522 6.41264e-05 0.0769313 0.00123723 0.218265 6.32869e-05 0.0157572 1.37049e-06 0.0431973 0.18316 0.0212681 0.0532604 0.000383769 7.89303e-06 0.184122 3.83252e-06 0.000374211 3.02268e-05 0.0048373 0.0201563 0.0310883 0.0807222 0.000335069 7.20074e-05 0.00825797 
0.0021012 0.00982194 0.00930157 6.83449e-08 0.069323 0.00864065 0.482042 0.001866 0.000134065 8.13295e-07 0.0330008 0.0291875 0.148697 0.00370242 5.12245e-05 3.40648e-06 0.00600778 4.38993e-06 8.22273e-06 0.00545161 0.0119622 0.00124097 6.21499e-06 0.00446828 0.164592 0.00228552 0.00609939 
0.00185999 0.00453714 0.000381878 0.000667886 0.033329 0.000222955 0.63192 0.00841771 0.0285248 1.68932e-05 0.00664931 0.0648348 0.0194835 0.00178846 5.57849e-05 2.5528e-09 0.0490709 0.00091561 0.000385373 1.96815e-05 0.0727105 0.00522522 0.0179437 0.0132582 0.00425197 0.000779742 0.0327487 
6.64975e-05 0.00454641 0.000267161 0.00116988 0.0101335 7.58943e-05 0.966726 0.000410098 5.42348e-05 4.20301e-05 0.0012999 0.00103763 0.00462358 0.00048942 6.15296e-09 1.03393e-11 0.000675266 0.000190473 3.12216e-05 1.6466e-08 0.00189746 0.00133075 2.58527e-09 0.000176708 1.82339e-05 0.00427769 0.000459817 
9.71459e-05 0.00268165 0.000394419 0.000795858 0.00841121 0.000133581 0.7899 0.000194293 0.000743619 2.40227e-06 0.00304701 0.0404331 0.0103101 0.00046074 0.000110316 2.13612e-07 0.106966 0.000511825 9.0683e-05 3.13128e-05 0.000952092 0.00814967 6.08053e-05 0.00333313 0.00536125 0.0048915 0.0119365 
6.77147e-05 0.00428334 0.000320861 0.000849109 0.0143635 9.85963e-05 0.729148 0.000126037 0.000809363 5.63758e-06 0.00264269 0.0619654 0.0149625 0.000480808 5.34983e-06 6.4977e-07 0.121728 0.00234029 0.000764144 8.92709e-06 0.00592978 0.00991714 0.000258076 0.00182246 0.00549647 0.00550656 0.0160986 
1.66943e-05 0.0296623 0.0058219 6.87447e-05 0.00113719 4.39353e-05 0.789127 1.58085e-06 0.00165049 1.89704e-05 0.00585883 0.000269141 0.00415078 9.3674e-05 0.000294608 0.00629583 0.000637359 1.16042e-06 0.000142948 0.00315102 0.000212096 0.0001697 1.5211e-09 0.00163426 0.144758 0.000114517 0.00466728 
7.84849e-11 0.00769579 0.0155615 0.0648827 0.0109636 5.09952e-11 0.78288 5.13296e-07 8.89633e-11 1.72187e-06 0.00106744 1.47237e-11 0.0116749 0.000219896 0.00151964 0.0346411 0.00111967 9.4227e-05 0.00750168 0.00057094 0.00612168 0.0311496 1.4922e-10 0.00316322 0.000501503 0.000161357 0.0185075 
2.90782e-06 0.00100124 1.54167e-09 4.01076e-05 0.00482805 8.18057e-05 0.841265 3.69702e-05 0.000692308 3.12825e-07 0.00391026 0.0773663 0.0081587 0.000274705 1.18608e-05 5.30728e-12 0.0398327 3.37041e-05 0.000106092 6.48466e-08 0.000164913 0.00133934 7.48595e-05 0.00272095 0.000139101 7.13733e-05 0.0178467 
0.000602106 0.0592952 0.0170326 0.00171226 0.0364997 0.00282381 0.213948 0.00286822 0.00440628 3.96312e-05 0.0765328 0.077366 0.151538 0.00612757 7.51046e-05 1.10787e-06 0.134596 2.56367e-05 0.000838753 0.00194251 0.00407735 0.0296616 0.000159712 0.0352252 0.000821906 0.00254683 0.139236 
0.00324096 0.00495712 0.0236414 0.00064099 0.102183 0.0291968 0.276171 0.000944135 0.146569 1.57803e-06 0.147846 0.0379471 0.00946175 0.00850473 2.47994e-05 2.61731e-06 0.00156612 1.77701e-07 0.000137571 5.27162e-05 0.00734483 0.002245 5.11214e-10 0.000943982 0.00197623 0.173657 0.0207431 
9.76873e-07 0.0031452 0.0595443 2.11517e-07 0.0942813 3.04575e-07 0.426914 3.7624e-08 4.31857e-08 1.96429e-06 0.0741802 0.00547333 0.0487856 0.000650619 0.000170353 0.011045 0.00534172 3.81692e-07 7.31436e-05 0.00335931 0.0351863 0.000201015 2.13068e-05 0.00886411 0.215675 0.0014298 0.00565444 
0.00337174 0.022061 0.172132 0.00102572 0.0457011 0.00233899 0.430492 0.00138117 0.000405097 4.59772e-07 0.0632832 0.0113946 0.102449 0.00307093 3.03146e-05 4.16762e-06 0.00918049 0.00170826 0.000108177 0.00151178 0.00622081 0.00244036 0.00189341 0.00407065 0.00475974 0.00759618 0.101368 
6.82986e-05 0.00142483 1.29138e-05 0.00034003 0.0104765 0.000104366 0.724246 0.000133118 0.00104871 1.57215e-06 0.00187769 0.0805035 0.00776257 0.000604028 0.000293727 8.97762e-07 0.140086 0.000127886 0.000116985 7.74593e-07 0.00115007 0.0127806 0.00012794 0.00405744 0.000366197 0.00395931 0.0083283 
2.18817e-05 0.0475668 0.137739 0.000896018 0.064045 0.00144655 0.229838 0.000733935 0.00333027 7.54954e-05 0.146287 0.00373714 0.0768507 0.00168086 0.000103126 2.38519e-11 0.0513775 0.00144939 0.000176845 0.00466686 0.00612575 0.00130462 3.95614e-05 0.00332531 0.135209 0.0130452 0.0689283 
0.000164479 0.0245265 0.00321503 0.00522322 0.0305753 0.0041407 0.311593 0.033177 0.00392556 3.0707e-06 0.0194329 0.102711 0.199208 0.00661272 2.96711e-05 6.17702e-08 0.0808255 0.00324709 4.52141e-05 1.82237e-05 0.00301911 0.063754 0.00114974 0.0395562 0.00016695 0.0341418 0.0295378 
3.27722e-05 0.00545966 0.00779566 1.57905e-07 0.0197413 0.000720701 0.914017 1.16083e-05 0.000141059 1.25068e-08 0.0010861 9.50369e-05 3.51941e-07 0.0103697 6.11051e-07 2.02532e-11 0.00102835 0.000773992 0.000171177 0.000601736 0.0061958 8.12213e-05 7.99882e-09 7.34306e-05 0.0194033 0.0121991 2.5378e-07 
7.84849e-11 0.00769579 0.0155615 0.0648827 0.0109636 5.09952e-11 0.78288 5.13296e-07 8.89633e-11 1.72187e-06 0.00106744 1.47237e-11 0.0116749 0.000219896 0.00151964 0.0346411 0.00111967 9.4227e-05 0.00750168 0.00057094 0.00612168 0.0311496 1.4922e-10 0.00316322 0.000501503 0.000161357 0.0185075 
0.00172178 0.00044985 0.00269854 0.000888841 0.0370757 0.000715522 0.250702 0.000757712 0.00172755 8.39053e-06 0.0723865 0.229145 0.0390949 0.00929012 2.21103e-05 5.97634e-07 0.167032 0.000100748 0.0107059 4.37638e-05 0.00512455 0.0372165 0.00243074 0.00341526 4.68348e-05 0.0479132 0.0792853 
0.00678758 0.132104 0.0230623 0.0120443 0.0248726 0.00255945 0.251112 0.00609415 0.000183273 0.000160555 0.102519 0.0774516 0.171124 0.0101618 0.000103266 1.4169e-06 0.0546519 0.00070502 0.000671849 0.00659535 0.00140386 0.0170793 0.00554491 0.0138058 0.0373784 0.00132286 0.0404991 
3.77797e-05 0.00159325 0.0455137 0.000152992 0.0303102 0.049789 0.840836 2.74984e-09 5.33877e-07 0.000246002 0.0199986 0.000294556 0.000727437 0.00608141 3.92552e-05 1.42611e-07 0.000129228 5.3534e-09 1.22413e-05 0.000146387 0.00369845 3.19422e-06 5.51957e-09 1.21552e-05 0.000357404 1.44076e-05 6.03108e-06 
0.00039338 0.00739916 0.000319501 0.00130417 0.00582505 0.000947145 0.691174 0.000285015 0.000453754 1.2832e-05 0.00652653 0.0592485 0.022639 0.00049258 2.51557e-06 9.54782e-09 0.116839 0.00278356 0.000292235 4.07514e-05 0.00144859 0.00708328 1.20298e-05 0.00188557 0.0234793 0.0134179 0.035694 
0.00103464 0.0200439 0.0155152 0.0038912 0.0474246 0.00270353 0.733321 0.0112286 0.0012373 3.83861e-05 0.0574564 0.00851435 0.0300334 0.00529679 9.02541e-06 3.5593e-08 0.0155566 0.00144779 0.000220812 0.000131004 0.00464987 0.00844363 5.38214e-06 0.00598061 0.00552334 0.0152556 0.00503741 
0.00726668 0.034678 0.00826759 0.00282123 0.0226693 0.000741985 0.408253 0.00104427 0.00114502 1.64773e-05 0.12576 0.0485067 0.0558839 0.0084899 0.000349189 0.00412092 0.0887835 0.00218122 7.69136e-05 0.00875113 0.00200342 0.00602434 6.9093e-05 0.00419967 0.0196236 0.00335804 0.134914 
3.55679e-07 0.0278302 0.229484 1.5758e-06 0.0647714 8.81359e-11 0.346711 4.66145e-07 0.00395415 2.09008e-10 0.0307422 0.00196035 0.00969442 0.165595 7.92129e-07 1.52755e-05 0.00574352 0.000533197 2.92822e-06 0.0114698 0.00137102 0.00723216 1.42965e-07 0.0895 0.000658531 0.000272375 0.00245555 
5.97966e-06 0.0360732 0.258864 0.00892125 0.0343036 0.000937675 0.358259 0.00231242 0.000106214 4.68405e-05 0.0141737 0.0333947 0.0798095 0.00167047 0.000821867 0.00581715 0.0315996 0.000273116 0.0479742 0.00461338 0.00200878 0.0271698 0.000373213 0.0248601 0.000694692 0.000666174 0.0242493 
6.64975e-05 0.00454641 0.000267161 0.00116988 0.0101335 7.58943e-05 0.966726 0.000410098 5.42348e-05 4.20301e-05 0.0012999 0.00103763 0.00462358 0.00048942 6.15296e-09 1.03393e-11 0.000675266 0.000190473 3.12216e-05 1.6466e-08 0.00189746 0.00133075 2.58527e-09 0.000176708 1.82339e-05 0.00427769 0.000459817 
0.00394835 0.159084 0.00647196 0.00562481 0.00464584 0.000150444 0.583287 0.00101372 0.00414877 7.93842e-08 0.0459261 0.00474889 0.106507 0.017879 1.99017e-05 2.75062e-07 0.0173215 0.000209454 2.78133e-05 0.000199946 0.001732 0.0160859 0.000520225 0.0102376 0.00349891 0.00116372 0.0055461 
0.000101036 0.171775 0.000320119 2.07532e-05 0.000436869 0.000143172 0.394526 0.000177248 2.85512e-07 7.33865e-09 0.0321885 0.131161 0.0260243 0.000609277 0.000171037 1.07358e-10 0.149842 0.000706002 0.00138622 0.0569652 1.32705e-05 0.0207588 1.84644e-05 0.00588427 5.82379e-05 0.000342717 0.00636955 
0.00957232 0.0070208 0.0126683 0.000563079 0.0510663 0.0022512 0.568346 0.00505829 2.59635e-05 0.00169484 0.0226656 0.0427246 0.00579778 0.00885703 1.92353e-05 3.75408e-06 0.00883769 2.41292e-05 0.000111482 0.0182468 0.00480469 0.0060035 2.52657e-07 0.0029421 0.180384 0.0219844 0.0183254 
8.07355e-06 0.00403444 0.0119446 0.000120873 0.0156878 0.00176614 0.592845 0.00025963 0.000308144 2.87956e-05 0.0104826 0.00357408 0.00411973 0.00396346 1.57038e-05 4.5589e-06 0.00143793 8.107e-05 7.7074e-05 0.000435234 0.0160975 0.000637318 5.20268e-06 0.00118343 0.308843 0.0146876 0.00735064 
0.000252984 0.0683945 0.00455909 0.0223467 0.00148621 0.000407127 0.585946 0.000165551 9.3731e-09 2.70401e-06 0.0880304 0.00468098 0.071071 0.000610915 0.000528884 7.46956e-07 0.0124256 0.00488657 0.0710851 0.000362976 0.000561843 0.0225659 2.93953e-06 0.00881509 3.64719e-05 0.00106103 0.0297132 
0.00136131 0.00999785 0.0088691 0.00248264 0.00817072 0.00148374 0.310644 0.00025766 0.000816118 0.000335598 0.0342381 0.0624447 0.0556444 0.00130737 0.000340096 2.27364e-07 0.179532 0.00189065 0.000343423 0.000514795 0.000906308 0.0343816 0.000434524 0.0042968 0.00612742 0.00671834 0.26646 
8.07355e-06 0.00403444 0.0119446 0.000120873 0.0156878 0.00176614 0.592845 0.00025963 0.000308144 2.87956e-05 0.0104826 0.00357408 0.00411973 0.00396346 1.57038e-05 4.5589e-06 0.00143793 8.107e-05 7.7074e-05 0.000435234 0.0160975 0.000637318 5.20268e-06 0.00118343 0.308843 0.0146876 0.00735064 
0.00214516 0.0468177 0.0913568 1.81549e-06 0.0183767 0.000361278 0.536934 0.0022108 1.08256e-09 9.39598e-08 0.00664146 0.00114599 0.0908676 0.000338819 2.48026e-09 0.187139 0.000433601 0.000495361 1.81269e-06 0.00574887 0.00360293 0.00209323 6.25785e-05 0.000611279 3.36037e-06 0.000122493 0.00248692 
