5.68272e-06 0.00144342 0.512249 2.92857e-08 0.0598667 8.50878e-08 1.15933e-11 2.70165e-11 0.00110269 2.5734e-07 0.01444 0.00219649 0.00378111 0.0048957 9.20628e-08 5.49511e-11 0.000461229 4.09097e-05 7.09296e-08 0.389187 0.00799937 7.69848e-08 0.00183405 1.45363e-07 2.09138e-07 0.000496405 5.42229e-08 
2.1925e-05 3.84163e-05 8.25067e-05 2.73384e-05 1.67479e-05 8.76672e-05 4.43347e-10 5.69279e-05 0.999113 2.01845e-06 4.51362e-05 3.35991e-05 4.2867e-05 1.88411e-05 1.10502e-05 2.10142e-09 1.69038e-05 6.4383e-06 2.35013e-09 3.87187e-06 4.4352e-10 3.24944e-05 2.07378e-09 2.22855e-05 6.21542e-06 0.00030458 8.91304e-06 
1.13207e-06 0.0417711 0.858287 7.27525e-07 7.99515e-05 7.35557e-07 4.60146e-07 5.55033e-05 0.000106398 8.24705e-06 1.00447e-05 0.000210232 8.64163e-06 1.20148e-05 2.93999e-06 2.18105e-06 0.000686407 9.59192e-06 2.43919e-06 0.00142669 7.01815e-06 0.000510921 3.08091e-05 4.88995e-07 1.24091e-05 0.000141055 0.0966146 
2.17263e-06 0.0016861 0.770689 0.00177996 0.0371328 0.0014529 4.91532e-07 0.000385636 1.775e-05 1.8633e-06 0.0252119 0.129333 0.0039459 0.00448043 0.0021856 2.32981e-06 0.0127508 0.00333696 8.56309e-05 1.95033e-06 0.00239252 0.000678643 2.29917e-06 0.00132345 4.8302e-06 0.000404697 0.000711029 
1.12553e-09 4.2372e-06 0.00218132 6.89984e-06 0.19833 2.88102e-07 4.57488e-10 1.06611e-09 1.2758e-09 1.73424e-09 0.346705 0.409788 0.00931499 0.00159355 3.67846e-06 2.16844e-09 0.0185605 2.36726e-06 1.76734e-05 1.81525e-09 4.02892e-06 2.31158e-05 2.13993e-09 0.0118746 1.44629e-07 6.49753e-07 0.00158875 
2.1925e-05 3.84163e-05 8.25067e-05 2.73384e-05 1.67479e-05 8.76672e-05 4.43347e-10 5.69279e-05 0.999113 2.01845e-06 4.51362e-05 3.35991e-05 4.2867e-05 1.88411e-05 1.10502e-05 2.10142e-09 1.69038e-05 6.4383e-06 2.35013e-09 3.87187e-06 4.4352e-10 3.24944e-05 2.07378e-09 2.22855e-05 6.21542e-06 0.00030458 8.91304e-06 
0.000494532 7.5212e-06 0.0533402 0.0668851 0.5976 2.95181e-05 7.11088e-09 6.86607e-05 1.81016e-07 2.69559e-08 0.203017 0.0146023 0.0079416 0.0442719 1.28521e-06 3.37048e-08 8.15361e-08 4.26526e-06 0.0019968 2.82151e-08 3.10059e-06 0.00948148 2.02331e-05 0.000155202 2.02646e-07 7.59383e-05 2.29287e-06 
0.000163608 4.28304e-07 5.74009e-08 0.00518977 1.30305e-07 1.25447e-11 7.84763e-12 1.50327e-06 2.18847e-11 0.0183269 1.34949e-06 0.00412511 0.00276373 2.09035e-07 5.01404e-11 2.97947e-08 3.33442e-06 1.78369e-08 4.15994e-11 4.83392e-05 0.694304 0.00472847 8.81353e-08 1.18507e-06 3.85049e-07 3.47051e-08 0.270341 
3.95961e-06 0.0155856 0.329225 6.03929e-05 0.167719 0.0162514 5.70359e-08 0.000128515 1.01708e-05 1.5163e-05 0.0850595 0.0669764 0.0386569 0.0217308 0.000536375 6.2703e-06 0.0192559 0.000648733 0.000625463 0.181923 0.0198079 0.00140396 2.20081e-07 0.00170809 0.000867856 0.0279793 0.00381373 
2.25325e-09 0.129416 0.480228 2.51707e-06 0.0146895 0.000394231 9.15865e-10 2.13267e-07 0.0140394 4.17158e-06 0.0399426 2.21904e-05 0.164186 3.22087e-06 2.09846e-06 4.3411e-09 0.0375922 4.15504e-09 4.8549e-09 4.55208e-06 0.00152944 8.389e-06 4.28401e-09 7.05835e-06 2.02519e-06 0.00310062 0.114825 
0.00259156 0.0902706 0.76428 9.14344e-06 0.0112872 0.0259745 3.5917e-09 0.00277884 7.59871e-07 3.79522e-07 0.0260234 8.33712e-06 0.00273208 0.0683864 2.29482e-08 1.70243e-08 1.26343e-06 0.000120686 0.00378245 9.17029e-07 0.000364211 4.4434e-06 0.00033119 0.00104972 4.26708e-07 6.0052e-07 1.05135e-06 
6.9755e-06 0.0184857 0.48936 3.48614e-05 0.378662 0.00120772 8.36993e-08 1.95049e-07 1.27026e-05 3.17287e-07 0.0194523 4.52603e-06 0.00547014 0.0433256 0.000707846 3.96726e-07 0.000365621 1.28361e-05 8.9949e-07 0.000146594 0.00124291 0.00531689 3.91508e-07 0.0032889 0.00101635 1.18481e-05 0.0318655 
1.46516e-05 0.0391177 0.516451 0.0116743 0.00409094 0.0689878 2.67252e-08 0.12856 0.00145117 0.00010136 0.00755356 0.072362 0.0359533 0.00559756 4.85568e-05 1.26675e-07 0.021382 0.00531824 0.000162585 0.00160074 0.0230843 0.0142374 9.85395e-05 0.0281232 5.25391e-07 3.53034e-05 0.0139932 
4.30341e-08 0.00360298 0.781575 0.000137794 0.028664 2.79612e-08 1.74918e-08 0.000759037 0.00746773 0.000402033 0.133025 0.0140521 0.0237212 0.000151663 1.1176e-07 8.29095e-08 0.00415494 7.93558e-08 9.27223e-08 0.000110952 1.74987e-08 2.21078e-05 8.18191e-08 0.000328539 1.25517e-05 7.71463e-05 0.00173464 
0.863151 1.52053e-08 3.15833e-08 2.46028e-08 0.0279178 2.70597e-08 3.53205e-12 0.015602 9.84984e-12 1.33893e-11 0.0271961 0.00275063 0.00304791 0.000988007 2.25671e-11 1.67416e-11 0.0552317 1.6024e-11 5.6512e-08 1.40147e-11 0.000196361 4.55071e-05 1.65214e-11 0.00139975 5.17198e-09 0.00214276 0.000330083 
2.1925e-05 3.84163e-05 8.25067e-05 2.73384e-05 1.67479e-05 8.76672e-05 4.43347e-10 5.69279e-05 0.999113 2.01845e-06 4.51362e-05 3.35991e-05 4.2867e-05 1.88411e-05 1.10502e-05 2.10142e-09 1.69038e-05 6.4383e-06 2.35013e-09 3.87187e-06 4.4352e-10 3.24944e-05 2.07378e-09 2.22855e-05 6.21542e-06 0.00030458 8.91304e-06 
0.00445556 0.0345377 0.732574 0.0083536 0.0526507 8.2817e-05 1.51144e-07 3.43332e-05 4.21496e-07 0.000751956 0.0215499 2.04033e-05 0.0175906 6.9405e-05 9.65698e-07 0.0341777 0.00133901 7.8809e-05 0.0112011 5.99721e-07 0.0364663 0.000182323 8.92318e-05 0.000468327 1.74163e-06 0.0351782 0.00814453 
0.00258126 0.0902562 0.782706 6.23358e-06 0.011284 0.0296134 2.17906e-09 0.00277294 5.28025e-07 6.15226e-05 0.0260176 5.76326e-06 0.00273011 0.0383758 1.39226e-08 1.03285e-08 8.79293e-07 0.000119044 0.00377158 6.37038e-07 0.000362202 3.09261e-06 0.00294275 0.00638727 2.96739e-07 4.17828e-07 7.31587e-07 
0.00763724 0.00366737 0.00251514 1.11234e-10 0.0508703 1.46369e-06 7.03533e-11 0.00113449 0.000262567 2.66695e-10 0.0014401 0.00991789 7.21384e-05 0.87604 4.49505e-10 3.33467e-10 0.00213773 3.19175e-10 5.3106e-07 2.79153e-10 0.0352106 0.000395057 1.80697e-07 0.00064635 1.12814e-05 0.00743172 0.000607634 
0.761687 0.00368113 0.00242772 1.25949e-10 0.00530078 0.000606605 7.96605e-11 0.093281 0.000121994 3.01977e-10 0.00476867 0.00319442 0.0019129 0.00240104 1.01104e-07 3.77582e-10 0.116429 3.61399e-10 4.22272e-10 0.000270944 3.91838e-08 1.9767e-08 0.00291812 7.34858e-05 1.0781e-05 0.000521839 0.000391861 
0.00108176 0.159652 0.000451538 0.00119607 0.00475155 0.643331 9.73349e-10 0.023673 0.000873464 3.68977e-09 0.00389002 0.0610722 0.00582274 0.0241391 6.21896e-09 4.61357e-09 0.0244658 5.55911e-06 4.77283e-07 3.86213e-09 0.0045643 0.00315971 2.95801e-05 0.0253656 3.16708e-08 0.0106858 0.00178838 
2.1925e-05 3.84163e-05 8.25067e-05 2.73384e-05 1.67479e-05 8.76672e-05 4.43347e-10 5.69279e-05 0.999113 2.01845e-06 4.51362e-05 3.35991e-05 4.2867e-05 1.88411e-05 1.10502e-05 2.10142e-09 1.69038e-05 6.4383e-06 2.35013e-09 3.87187e-06 4.4352e-10 3.24944e-05 2.07378e-09 2.22855e-05 6.21542e-06 0.00030458 8.91304e-06 
3.49351e-07 0.000499459 3.0943e-08 6.28296e-07 0.000631716 0.0199102 4.72001e-11 4.79749e-05 1.31627e-10 1.94478e-07 0.149152 0.734856 2.17282e-07 0.000276541 3.01573e-10 1.05354e-07 0.000924689 2.14134e-10 3.72019e-08 9.84949e-07 0.000407871 0.000221428 2.20781e-10 0.0930683 6.28185e-09 2.49715e-08 4.39749e-07 
0.0146241 0.000230727 0.132878 3.76198e-10 0.418417 3.30873e-06 2.37938e-10 0.00232937 1.37827e-07 9.01976e-10 0.000846382 0.0086137 0.000497325 0.361207 5.61525e-06 1.10054e-07 0.0246843 2.40114e-06 1.2279e-06 1.16742e-06 0.0297137 8.11408e-05 0.00109274 0.00353266 1.90591e-05 0.00121049 7.96745e-06 
6.44386e-05 3.65147e-05 0.0020698 1.1661e-05 0.443308 0.000212935 7.40301e-11 0.00229396 0.00288791 2.80633e-10 0.00242632 0.0156568 3.92071e-05 0.0991299 6.72346e-08 3.50895e-10 0.020663 1.13128e-06 1.7547e-05 0.000108222 0.310093 0.0887952 3.4628e-10 0.00127564 1.64396e-08 0.0108892 1.92735e-05 
0.0216025 0.00047889 0.0174511 0.619516 0.00163729 0.00216949 1.11755e-08 0.0164497 2.11677e-05 0.0001096 0.0166037 0.00421197 0.021736 0.00131976 6.33813e-06 1.19436e-08 0.00893558 2.03915e-05 8.4925e-06 9.65808e-06 0.00124805 0.00125505 4.15476e-06 0.0278239 3.10854e-06 1.53401e-06 0.237377 
2.3837e-06 1.11945e-06 0.400967 0.0275641 0.115551 0.020552 6.77496e-11 3.63141e-06 1.88934e-10 2.05486e-06 0.0187791 1.15699e-06 0.0158022 0.0472847 5.19875e-07 3.21126e-10 1.17443e-07 1.26049e-06 3.59133e-10 0.0072782 0.0335154 0.0197355 6.37007e-06 0.235675 8.21357e-08 1.71746e-07 0.0572776 
7.2367e-06 0.000481931 0.75773 4.2415e-06 0.0263399 2.47095e-09 1.54576e-09 3.60218e-09 0.000133481 0.000557534 0.00471139 0.000577955 0.00137936 0.0483573 8.10415e-05 7.32676e-09 4.42546e-05 6.314e-06 0.000102442 0.149222 0.00105944 1.11503e-05 0.00861459 2.10541e-05 0.000403425 0.00014557 8.16458e-06 
2.1925e-05 3.84163e-05 8.25067e-05 2.73384e-05 1.67479e-05 8.76672e-05 4.43347e-10 5.69279e-05 0.999113 2.01845e-06 4.51362e-05 3.35991e-05 4.2867e-05 1.88411e-05 1.10502e-05 2.10142e-09 1.69038e-05 6.4383e-06 2.35013e-09 3.87187e-06 4.4352e-10 3.24944e-05 2.07378e-09 2.22855e-05 6.21542e-06 0.00030458 8.91304e-06 
1.52455e-06 0.0187585 0.790053 9.3582e-07 0.0270243 4.49077e-07 4.38132e-11 1.021e-10 0.00127793 4.07035e-07 0.0189726 5.50186e-07 0.123413 0.000360484 2.0455e-07 2.0767e-10 3.54719e-07 1.98769e-10 2.32249e-10 0.00477036 0.00129413 2.34638e-07 2.04939e-10 0.000508372 1.9765e-07 0.000599264 0.0129636 
9.05895e-07 0.00224194 0.203644 7.03072e-07 0.00237903 0.00233373 5.67912e-10 3.10612e-06 0.296716 9.66406e-05 0.0580946 2.7576e-06 3.27668e-06 2.57539e-06 3.62853e-09 2.69184e-09 0.0630311 2.57647e-09 0.352094 1.46102e-06 1.54387e-06 1.20534e-05 2.65644e-09 0.0193347 2.66489e-06 7.68531e-07 1.91333e-06 
0.0096726 0.0340326 0.667264 0.000218687 0.0521433 2.34899e-05 4.63931e-07 0.000227708 0.00565659 0.000347918 0.00163824 0.000239603 0.121758 0.000155132 0.00223222 0.000145858 0.00124089 0.000757975 0.000190458 2.43352e-05 0.0887386 0.00523911 6.80895e-06 3.7912e-05 1.04132e-05 0.000877285 0.00711901 
1.43191e-05 0.0112159 0.773784 0.00401704 0.0803254 5.66471e-05 7.4073e-08 3.68799e-05 0.00035792 1.58124e-06 0.0157529 0.00513721 0.00115241 0.00357522 7.59675e-06 3.51098e-07 0.00394789 4.48626e-06 3.92653e-07 2.78942e-06 4.85772e-05 0.00253173 5.76418e-05 0.0856213 4.07164e-06 0.0116071 0.000738857 
0.0427779 0.115192 0.0135965 0.00487308 0.0125801 0.00148945 3.05723e-10 0.00432119 8.52571e-10 1.15894e-09 0.075941 0.623084 0.00180938 0.00061074 1.95334e-09 1.4491e-09 0.0540349 6.42003e-05 1.62061e-09 2.86816e-06 1.37366e-06 0.00178899 1.43004e-09 0.047693 2.58911e-07 0.000131206 8.14923e-06 
0.00236102 0.00351463 0.712534 0.00901216 0.0250616 9.92884e-08 6.21124e-08 0.159538 1.73213e-07 1.75797e-05 0.0251157 4.01511e-05 0.0184208 0.00859178 3.65818e-05 0.00130408 0.000907036 2.81787e-07 3.29251e-07 0.000160734 0.00355092 0.0168756 0.000125819 0.00991841 0.000430671 0.000488891 0.0019926 
3.77058e-06 0.0122093 0.47223 1.60685e-09 0.0157566 4.70643e-06 1.0163e-09 1.03447e-05 3.24883e-06 3.85261e-09 0.0438511 0.00231879 0.0247829 0.00816656 6.49342e-09 4.81718e-09 5.64203e-06 3.10704e-07 3.09826e-06 9.57096e-06 1.83084e-06 0.0178768 0.00135424 0.381015 3.64132e-06 0.000156006 0.0202373 
0.281533 5.09646e-05 0.00206345 5.45181e-05 0.660744 0.00031144 4.69232e-10 0.0018496 6.10628e-05 1.77876e-09 0.000833316 0.000651095 0.00353311 0.0133631 1.24623e-05 1.45496e-07 0.000594921 4.30633e-08 0.0209866 0.000150734 0.0081118 1.3796e-05 3.96073e-05 0.000712145 6.65003e-06 0.00340521 0.000917126 
2.1925e-05 3.84163e-05 8.25067e-05 2.73384e-05 1.67479e-05 8.76672e-05 4.43347e-10 5.69279e-05 0.999113 2.01845e-06 4.51362e-05 3.35991e-05 4.2867e-05 1.88411e-05 1.10502e-05 2.10142e-09 1.69038e-05 6.4383e-06 2.35013e-09 3.87187e-06 4.4352e-10 3.24944e-05 2.07378e-09 2.22855e-05 6.21542e-06 0.00030458 8.91304e-06 
0.0441566 0.0225464 0.532681 0.0049266 0.137258 0.0444256 1.91556e-07 0.0538433 0.0163569 0.000123443 0.0718993 0.0167684 0.00111947 0.0129629 3.45513e-05 9.07954e-07 0.0275682 9.58066e-05 0.00149667 0.00801817 0.000805564 0.000139086 1.15788e-05 8.96465e-07 9.57543e-06 3.53536e-05 0.00271576 
7.49176e-06 0.000138837 5.37574e-06 0.000116989 0.252024 0.0370457 4.5086e-08 8.16804e-05 9.01408e-07 1.70912e-07 0.000247284 5.45167e-05 7.05993e-05 0.0106068 6.25426e-06 1.88755e-05 2.02557e-06 2.05751e-05 1.19292e-05 1.78896e-07 0.00866565 0.00020799 0.503845 0.000746894 9.84598e-07 0.186062 1.10414e-05 
0.804456 0.00220644 0.000756323 1.45598e-10 0.00451753 0.000909704 9.20882e-11 0.0531401 4.28414e-07 3.49088e-10 0.00715289 0.00228754 0.00286923 0.00202959 1.69377e-08 4.36489e-10 0.118777 4.1778e-10 4.8815e-10 7.61864e-07 5.26489e-08 2.65539e-08 2.71747e-06 0.000110196 5.83198e-06 0.000560499 0.000216982 
9.43459e-06 5.81291e-06 0.253848 7.10843e-06 1.01858e-05 2.98032e-05 2.64452e-10 7.01932e-05 1.15054e-05 3.17798e-05 2.50995e-05 0.72814 1.07424e-05 0.00479736 2.19823e-06 2.13216e-06 4.61674e-06 1.28385e-05 2.77577e-05 1.04931e-09 0.0129073 2.79336e-05 1.23699e-09 1.44734e-05 5.95212e-07 5.42039e-07 2.33507e-06 
0.000314369 0.00176502 0.144481 0.00213096 0.240129 0.00145226 1.85841e-06 0.299456 2.03012e-05 0.19922 0.00626614 0.000123703 0.00201286 0.011073 3.10897e-06 7.63706e-05 0.000728092 0.0015391 0.000478874 0.000412161 0.0473778 0.0184813 0.000108613 0.00116482 0.00145197 0.000204366 0.0195276 
2.3837e-06 1.11945e-06 0.400967 0.0275641 0.115551 0.020552 6.77496e-11 3.63141e-06 1.88934e-10 2.05486e-06 0.0187791 1.15699e-06 0.0158022 0.0472847 5.19875e-07 3.21126e-10 1.17443e-07 1.26049e-06 3.59133e-10 0.0072782 0.0335154 0.0197355 6.37007e-06 0.235675 8.21357e-08 1.71746e-07 0.0572776 
0.0113354 0.0824585 0.679338 0.000278557 0.02642 0.00908724 1.26276e-07 0.00181176 0.00183136 2.58448e-06 0.0902421 2.92856e-05 0.00398344 0.0534032 8.06811e-07 0.000330122 0.0225098 0.000139605 0.00548718 0.000783456 0.00012259 0.00322832 3.69062e-07 0.00516647 2.69522e-05 9.12151e-06 0.00197381 
0.0033139 0.00190868 0.0148507 0.0463143 0.158268 0.487042 9.61194e-10 0.00319937 2.68048e-09 3.64369e-09 0.0506507 0.0113223 0.00316483 0.0110169 6.1413e-09 4.55596e-09 0.088506 4.36068e-09 0.00114891 3.8139e-09 6.11948e-05 0.0377882 4.49604e-09 0.0156586 7.09836e-05 0.0229565 0.0427576 
0.157912 0.00168752 0.0116202 9.12552e-05 0.0627217 0.0037155 3.87717e-10 9.03518e-10 3.20731e-07 1.46302e-06 0.027647 0.00614408 0.00882007 0.623101 2.47722e-09 1.83774e-09 0.0726683 5.80907e-06 9.9632e-07 8.42219e-07 0.00171994 8.79104e-05 4.97336e-07 0.0125783 1.24292e-08 0.00947501 1.00521e-06 
9.48107e-06 0.0493394 0.0147151 1.69203e-09 0.556718 1.48343e-07 1.07018e-09 8.51698e-06 7.73578e-08 3.23923e-06 0.0492276 0.00121179 0.0667693 0.0240393 5.50624e-06 1.21791e-05 2.90892e-06 4.85511e-09 5.6729e-09 8.50817e-07 9.28359e-08 0.179891 6.87014e-06 0.058031 8.36841e-08 5.72503e-06 2.24675e-06 
3.53075e-10 0.146721 0.088609 9.07843e-07 0.0584782 0.250563 1.43512e-10 3.27779e-06 3.60231e-06 5.44026e-10 1.26578e-05 0.000199392 0.0954389 0.0250117 9.16935e-10 6.80233e-10 0.075365 6.51078e-10 3.72841e-06 1.76583e-06 3.575e-06 0.0254712 6.71287e-10 0.234075 2.38451e-06 3.30373e-05 2.28087e-06 
0.000626782 0.00312647 0.239247 0.000384745 0.0782116 1.27428e-07 7.9716e-08 0.0012735 2.22304e-07 0.000725264 0.0125072 0.00149732 0.0129882 0.00340302 5.09325e-07 3.77846e-07 0.00206783 0.000836991 4.22566e-07 0.620752 0.00145431 0.00101048 0.00319519 0.000307147 7.0993e-05 0.000652676 0.0156604 
2.12565e-10 7.75787e-08 0.0108803 0.00505961 0.154053 2.40331e-06 8.64001e-11 0.00169559 2.40944e-10 2.29596e-07 0.0372858 2.27303e-06 0.535419 0.077692 5.52032e-10 4.09528e-10 0.0600526 7.45144e-07 4.57998e-10 3.42825e-10 0.00903593 0.0483728 3.07189e-06 4.56339e-06 1.50278e-08 1.06699e-06 0.0604383 
0.868975 0.0014953 0.000527677 7.71296e-09 0.00303117 0.000640478 4.87831e-09 0.0356612 9.75266e-06 1.84927e-08 0.00479185 0.00154211 0.00193362 0.00137481 4.03059e-07 2.31227e-08 0.0792993 2.21316e-08 2.58594e-08 1.73408e-05 9.18464e-07 4.64524e-07 6.18259e-05 8.02216e-05 5.58842e-06 0.000399152 0.000151774 
2.1925e-05 3.84163e-05 8.25067e-05 2.73384e-05 1.67479e-05 8.76672e-05 4.43347e-10 5.69279e-05 0.999113 2.01845e-06 4.51362e-05 3.35991e-05 4.2867e-05 1.88411e-05 1.10502e-05 2.10142e-09 1.69038e-05 6.4383e-06 2.35013e-09 3.87187e-06 4.4352e-10 3.24944e-05 2.07378e-09 2.22855e-05 6.21542e-06 0.00030458 8.91304e-06 
7.89578e-06 0.00392392 0.0184142 0.00259417 0.00794322 6.64416e-06 1.26236e-10 0.00353268 3.52034e-10 4.46651e-06 0.0276995 0.036393 0.016759 0.660798 8.0655e-10 5.98344e-10 0.0480385 5.72698e-10 1.66276e-06 0.0161419 0.106595 0.0091521 3.85896e-05 0.00400157 1.87687e-06 7.09759e-05 0.0378814 
0.00259156 0.0902706 0.76428 9.14344e-06 0.0112872 0.0259745 3.5917e-09 0.00277884 7.59871e-07 3.79522e-07 0.0260234 8.33712e-06 0.00273208 0.0683864 2.29482e-08 1.70243e-08 1.26343e-06 0.000120686 0.00378245 9.17029e-07 0.000364211 4.4434e-06 0.00033119 0.00104972 4.26708e-07 6.0052e-07 1.05135e-06 
0.0124581 0.0122242 0.0828354 0.00190849 0.577681 4.69913e-06 2.69595e-10 0.0148184 0.0509645 2.02785e-07 3.70936e-06 0.00161544 4.90798e-07 0.0250065 5.37751e-07 1.4387e-07 0.0074863 2.28702e-06 3.93968e-07 1.06972e-09 0.187714 1.72125e-06 7.34189e-07 2.84677e-05 0.000470111 0.0190615 0.00571266 
0.000470743 0.00332203 0.452888 4.66559e-05 0.0413375 0.00251338 1.69246e-08 0.000306562 4.71978e-08 3.80894e-05 0.182925 0.0530683 0.07439 0.0134063 1.08136e-07 8.0221e-08 0.0950633 7.67826e-08 8.97157e-08 1.74036e-05 0.0551813 2.09452e-05 7.9166e-08 0.000919531 2.64582e-05 0.000208717 0.0238489 
0.46472 9.07696e-06 0.126065 8.11251e-06 4.16916e-06 9.23818e-05 1.70976e-09 1.95273e-05 4.76802e-09 6.54619e-07 1.38698e-05 0.256841 0.00611537 0.036629 1.09241e-08 8.10409e-09 0.103368 7.75674e-09 9.06326e-09 6.78412e-09 1.71043e-09 7.50972e-05 0.00529838 1.29022e-05 0.000712244 9.22905e-07 1.48647e-05 
8.28167e-06 0.00578198 0.419447 5.95178e-10 0.0859448 6.94302e-06 3.76439e-10 1.67469e-06 1.79445e-06 5.50506e-05 0.22959 0.000195859 0.00966821 0.0777195 2.5638e-06 1.78428e-09 0.155565 1.70781e-09 5.93452e-06 2.18869e-06 0.0121077 4.95445e-07 1.76082e-09 0.000739474 5.20826e-07 3.44557e-06 0.00315246 
0.638468 0.0140075 0.00993773 6.10032e-06 0.0600359 0.000208788 1.55151e-07 0.0885006 0.00462014 5.83553e-07 0.0155956 0.00670994 0.00043511 0.073839 3.83631e-07 0.000194301 0.0695498 0.00188496 6.6274e-05 0.000114039 0.00105789 0.000397314 0.00201693 0.000503939 0.00982891 0.00129505 0.000725282 
0.000107641 0.0115006 0.472986 1.05483e-06 0.00989413 1.06648e-06 6.67162e-07 9.03529e-05 5.24506e-05 5.30862e-05 0.000199741 1.98735e-05 0.501991 0.000790349 4.26266e-06 3.16228e-06 3.87372e-05 6.13713e-05 3.53655e-06 0.000102815 5.16529e-05 3.65363e-05 0.00022592 0.00159755 5.5234e-06 2.73291e-05 0.000153467 
3.55382e-06 0.148916 0.182649 1.63479e-06 2.08508e-06 0.0585013 5.06823e-11 1.18108e-10 0.0435427 9.03187e-07 0.244787 1.19535e-06 0.2721 5.3304e-07 4.53675e-07 2.40229e-10 8.82661e-07 3.91115e-07 2.68662e-10 9.85594e-07 0.000954202 4.32509e-07 2.3707e-10 1.13159e-07 0.00416731 0.0015927 0.0427762 
2.40599e-06 3.95669e-05 0.84599 0.000983798 0.00676001 0.0185044 4.4243e-07 0.00459956 0.00905429 1.67716e-06 0.0441313 0.0187972 0.00486596 0.0153165 2.82679e-06 2.09707e-06 0.0196176 2.00719e-06 0.000115894 1.75551e-06 0.000224577 0.000822429 5.80304e-05 0.00883569 0.000313722 8.16133e-07 0.000955398 
2.02813e-06 0.0162911 0.76867 1.48568e-05 0.0306519 0.00339983 6.10126e-10 6.86675e-05 0.000171083 0.0117172 0.0566805 0.0131368 0.0186583 0.0296628 0.0202561 2.89193e-09 0.00323885 4.59337e-07 0.000316883 0.00320434 0.00304008 0.000831774 1.83881e-05 0.00168444 0.0127089 0.000183582 0.00539082 
2.34544e-06 1.00963e-05 0.629009 5.44393e-07 0.00771299 0.34017 8.82639e-11 2.05686e-10 9.60198e-07 4.68763e-07 0.0221101 5.25551e-07 2.1598e-06 2.48802e-06 5.6394e-10 4.18362e-10 1.61551e-06 1.48199e-06 7.95861e-07 1.15607e-06 7.06476e-07 5.68432e-06 1.48671e-06 0.000962776 5.42362e-07 7.66344e-07 1.34285e-06 
4.232e-07 0.00340924 0.954842 2.7197e-07 0.0251272 0.000688838 1.72016e-07 4.00858e-07 4.79701e-07 6.52077e-07 0.00826012 0.00033377 0.000458624 0.000682518 1.09905e-06 8.15337e-07 0.001886 7.8039e-07 9.11837e-07 8.43983e-06 0.00241678 0.000215856 9.94938e-06 0.00150712 1.11453e-05 0.000104927 3.13199e-05 
0.0396407 0.0848033 0.742272 1.45497e-06 0.0176398 2.22505e-05 1.42302e-08 9.5345e-06 4.43637e-05 5.39437e-08 0.00698365 2.81331e-06 1.58773e-06 0.0511797 9.092e-08 8.40846e-05 0.0108457 4.76208e-06 7.54325e-08 3.75817e-06 0.00109225 0.0383429 2.36634e-05 1.73397e-05 7.21816e-06 4.17588e-07 0.00697609 
1.31183e-09 0.0497291 0.190166 8.43046e-10 0.137235 0.000105778 5.33211e-10 1.24257e-09 0.0267817 2.0213e-09 0.277519 0.000140818 0.0704189 0.12692 3.40682e-09 2.52737e-09 0.102585 2.41904e-09 1.38527e-05 2.11571e-09 0.0146242 2.78261e-05 2.49413e-09 4.94116e-05 0.00355267 0.000122748 8.47443e-06 
0.44504 0.000187446 0.000864096 8.80329e-05 0.396686 1.76236e-06 2.4136e-10 0.00163687 6.73083e-10 1.09646e-06 0.00654058 0.00653734 0.00100265 0.059098 1.54211e-09 1.14402e-09 0.00645005 2.92826e-06 1.30647e-05 1.22606e-06 0.00606162 0.000801001 1.12898e-09 7.25204e-05 8.92684e-08 0.0671377 0.00177644 
2.1925e-05 3.84163e-05 8.25067e-05 2.73384e-05 1.67479e-05 8.76672e-05 4.43347e-10 5.69279e-05 0.999113 2.01845e-06 4.51362e-05 3.35991e-05 4.2867e-05 1.88411e-05 1.10502e-05 2.10142e-09 1.69038e-05 6.4383e-06 2.35013e-09 3.87187e-06 4.4352e-10 3.24944e-05 2.07378e-09 2.22855e-05 6.21542e-06 0.00030458 8.91304e-06 
1.70407e-05 0.00740315 1.05141e-05 0.0002633 0.000198316 0.00031972 1.77484e-07 3.05144e-05 2.23992e-06 6.72806e-07 0.00019832 0.000122676 0.000516801 9.15007e-05 1.45556e-05 8.41256e-07 9.25179e-07 4.6631e-05 2.72393e-05 7.04234e-07 3.36671e-05 0.000467965 0.00021951 0.989164 2.28078e-06 0.000822151 2.48905e-05 
0.000158924 0.000937288 0.0286869 1.1422e-05 0.00605961 1.38691e-05 9.03972e-09 1.3266e-06 1.35676e-05 3.42678e-08 0.0230072 0.0180812 0.00257177 3.96975e-06 6.39883e-07 3.59648e-06 0.00777892 2.02858e-06 1.18854e-06 0.0030555 0.0194558 0.782969 9.52692e-06 0.0993013 1.00084e-07 0.00779782 7.74e-05 
0.0181898 0.294371 0.0180358 0.0155174 0.0261946 0.00348801 1.90509e-08 0.00518524 6.40504e-05 0.000151926 0.0523531 0.401444 0.0217589 0.057691 0.000197757 9.02993e-08 0.0464306 8.64289e-08 1.05584e-05 0.0122737 0.00762392 0.0133549 8.91117e-08 0.00363459 2.09246e-06 6.08348e-06 0.00202149 
7.13309e-05 0.000811769 0.0409047 0.00297644 0.0749682 0.00109738 6.60567e-11 0.0025007 0.0101548 0.000229839 0.011529 0.00938857 0.0306053 0.00958175 0.000815948 3.13102e-10 1.02775e-06 0.000102967 9.42324e-07 9.81e-05 0.00653283 0.00925756 0.18867 0.498436 1.38788e-05 0.0291221 0.0721294 
9.86785e-11 6.62738e-07 0.974829 6.34157e-11 5.2251e-06 6.41159e-11 4.01093e-11 7.47842e-07 1.11853e-10 0.0023002 6.4967e-07 1.64775e-07 0.00248691 7.60669e-07 3.02399e-05 1.90114e-10 3.2384e-07 4.91488e-07 1.27782e-07 0.00599074 4.29377e-07 3.02653e-07 1.87633e-06 4.26239e-11 0.00185083 2.27124e-07 0.0125 
0.804456 0.00220644 0.000756323 1.45598e-10 0.00451753 0.000909704 9.20882e-11 0.0531401 4.28414e-07 3.49088e-10 0.00715289 0.00228754 0.00286923 0.00202959 1.69377e-08 4.36489e-10 0.118777 4.1778e-10 4.8815e-10 7.61864e-07 5.26489e-08 2.65539e-08 2.71747e-06 0.000110196 5.83198e-06 0.000560499 0.000216982 
8.26338e-11 1.53203e-07 0.948934 2.01851e-07 0.049062 5.15489e-07 3.35877e-11 7.82713e-11 9.36661e-11 1.27324e-10 2.07495e-06 8.52625e-07 5.21812e-07 0.00199738 2.146e-10 1.59202e-10 5.25318e-07 1.52379e-10 1.78045e-10 1.33272e-10 3.36008e-11 3.62321e-08 1.57108e-10 2.78445e-07 3.49068e-08 5.59681e-07 5.45223e-07 
0.0115383 0.345501 1.34465e-06 0.014601 9.25951e-07 0.00445817 5.17276e-11 0.0129428 1.44253e-10 1.96089e-10 0.108319 0.398237 0.00542199 0.00182252 3.305e-10 2.45183e-10 0.0181611 0.000188303 2.74202e-10 8.21201e-07 3.93335e-07 0.00534838 2.41959e-10 0.0730621 9.40445e-08 0.000391852 2.96164e-06 
0.000319026 8.56472e-05 0.13108 0.000195831 0.000169014 6.35114e-08 3.97312e-08 3.96634e-05 0.00202685 0.000206135 0.000186174 0.000115119 0.165839 0.00163674 2.53852e-07 1.88322e-07 7.42237e-05 1.8025e-07 2.10611e-07 0.697389 5.87753e-05 4.9116e-05 1.85845e-07 0.000156335 6.76267e-05 2.19644e-05 0.000282315 
6.74154e-08 0.000115674 1.99256e-07 0.00300821 0.753248 4.38028e-08 2.7402e-08 0.000143116 7.64159e-08 1.03875e-07 0.000116392 1.16785e-05 3.02699e-05 0.0851866 1.75078e-07 1.29882e-07 0.000194357 0.00218847 1.45255e-07 1.08727e-07 0.128378 0.0271686 1.28174e-07 2.91199e-08 4.51188e-07 8.79726e-05 0.00012066 
0.000110434 0.000190225 0.000294774 0.0337682 0.0507931 2.86259e-08 1.79076e-08 0.000690549 0.00443375 1.86911e-05 0.00625533 0.00305979 0.000215811 0.000261107 1.14416e-07 8.48803e-08 0.153871 8.12422e-08 2.51391e-05 7.10552e-08 0.0219153 0.606692 2.40842e-05 0.0804702 9.755e-07 0.000281124 0.0366279 
0.000997567 2.02522e-07 0.0965929 2.78777e-11 0.664694 0.00566062 1.76321e-11 0.00466879 0.00119859 2.57231e-07 0.0164458 2.64822e-07 0.00126418 0.0574188 2.77354e-05 8.35745e-11 0.00583553 2.90749e-07 2.26434e-07 3.65327e-07 0.117058 0.00330268 2.87119e-05 0.023034 5.70538e-06 7.20674e-07 0.00176343 
0.00643843 7.06899e-05 0.000466388 0.00317558 0.48316 0.000820404 2.09109e-11 0.00294157 0.00137013 2.00465e-06 0.0210072 0.0102837 0.0115177 0.107542 0.000221491 9.91154e-11 1.16607e-05 0.000357882 1.67386e-07 4.13817e-07 0.0319837 0.00296428 0.279617 0.00904682 9.51603e-09 0.0166929 0.0103076 
2.3837e-06 1.11945e-06 0.400967 0.0275641 0.115551 0.020552 6.77496e-11 3.63141e-06 1.88934e-10 2.05486e-06 0.0187791 1.15699e-06 0.0158022 0.0472847 5.19875e-07 3.21126e-10 1.17443e-07 1.26049e-06 3.59133e-10 0.0072782 0.0335154 0.0197355 6.37007e-06 0.235675 8.21357e-08 1.71746e-07 0.0572776 
0.00849842 0.000975478 0.061631 0.000583873 0.00770032 0.0372621 1.05858e-07 0.0024462 0.0121701 1.5769e-07 0.007215 0.0071801 0.0281522 0.001053 1.4701e-06 1.9717e-07 5.06619e-05 0.20445 0.00189875 1.65056e-07 0.0100279 0.00615324 7.80359e-05 0.588843 7.07703e-07 0.00753567 0.006092 
4.46418e-05 0.001946 2.18234e-05 0.0237668 0.00017092 0.000448857 9.02605e-08 4.76956e-06 1.43105e-05 3.42159e-07 0.00457019 0.00536546 0.000309576 0.0001751 2.6096e-06 4.27825e-07 9.39389e-05 0.000221878 9.3493e-06 1.94046e-06 0.000182347 0.854331 3.35446e-05 0.083514 4.00302e-07 0.0181909 0.00657849 
3.49351e-07 0.000499459 3.0943e-08 6.28296e-07 0.000631716 0.0199102 4.72001e-11 4.79749e-05 1.31627e-10 1.94478e-07 0.149152 0.734856 2.17282e-07 0.000276541 3.01573e-10 1.05354e-07 0.000924689 2.14134e-10 3.72019e-08 9.84949e-07 0.000407871 0.000221428 2.20781e-10 0.0930683 6.28185e-09 2.49715e-08 4.39749e-07 
7.97893e-05 0.0708524 0.769978 0.000828746 0.00188495 1.70298e-05 2.46252e-09 0.000185941 4.9269e-05 0.000357551 0.00738034 7.51339e-05 0.120383 1.647e-05 7.7614e-06 1.16721e-08 2.28698e-05 1.11718e-08 1.30536e-08 0.000673618 1.62882e-05 0.000238213 1.15186e-08 7.50922e-06 7.49534e-06 1.08812e-05 0.0269261 
7.84864e-07 0.0241133 0.904724 0.00079297 0.0270555 0.0018459 3.19019e-07 0.00167963 8.8965e-07 2.36001e-05 0.00828143 0.000861868 0.00695237 0.00321123 2.03829e-06 1.51212e-06 0.00167376 2.7287e-05 0.000356585 4.56281e-05 0.000332269 0.015789 0.000910153 0.000179168 2.46658e-06 1.21162e-05 0.00112442 
0.00092671 0.0138793 0.00126066 0.289645 0.423666 0.0130595 4.11122e-08 0.00539503 0.00377106 0.000171242 0.0858832 0.0888201 0.031834 0.00248449 2.62676e-07 0.000132622 0.0321882 1.86515e-07 0.00251139 1.63128e-07 0.00142512 0.000335598 1.92305e-07 0.00195136 2.89474e-05 0.000345379 0.000284705 
0.0115383 0.345501 1.34465e-06 0.014601 9.25951e-07 0.00445817 5.17276e-11 0.0129428 1.44253e-10 1.96089e-10 0.108319 0.398237 0.00542199 0.00182252 3.305e-10 2.45183e-10 0.0181611 0.000188303 2.74202e-10 8.21201e-07 3.93335e-07 0.00534838 2.41959e-10 0.0730621 9.40445e-08 0.000391852 2.96164e-06 
0.0070605 0.00483449 0.0162133 0.0012815 0.177533 0.0203104 1.53655e-06 0.000465658 9.58715e-05 5.1662e-05 0.0529805 0.00170072 0.00654454 0.00155419 3.90477e-06 1.3065e-05 0.147578 2.73642e-05 0.000215765 0.00270466 0.0450861 0.00962671 6.15193e-05 0.0573466 8.89734e-05 1.54394e-05 0.446604 
0.404956 0.0152755 2.04681e-07 0.00191371 0.224895 4.12876e-06 4.56624e-11 0.174226 1.27339e-10 1.73097e-10 0.02171 0.0338456 0.00636839 0.0320211 2.91748e-10 1.315e-07 0.0582039 2.07158e-10 5.3832e-05 1.60805e-07 0.0173508 0.00112879 2.13589e-10 0.000806048 3.35343e-08 0.00485819 0.00238186 
2.1925e-05 3.84163e-05 8.25067e-05 2.73384e-05 1.67479e-05 8.76672e-05 4.43347e-10 5.69279e-05 0.999113 2.01845e-06 4.51362e-05 3.35991e-05 4.2867e-05 1.88411e-05 1.10502e-05 2.10142e-09 1.69038e-05 6.4383e-06 2.35013e-09 3.87187e-06 4.4352e-10 3.24944e-05 2.07378e-09 2.22855e-05 6.21542e-06 0.00030458 8.91304e-06 
0.000174559 0.00158652 0.656446 2.57072e-05 0.0286072 0.0321432 3.43525e-06 0.00477387 5.35883e-05 0.000716089 0.0267036 0.000961794 0.108315 0.0066184 1.10076e-05 7.22903e-06 0.000213557 1.54231e-05 0.00262294 0.000191042 0.000500105 0.00241995 0.0942277 0.00370909 6.78742e-05 0.021401 0.00748421 
3.85878e-05 0.000727822 0.00831193 0.00196859 0.0436643 0.159707 2.25155e-07 0.00074043 0.00593543 2.4558e-05 0.0665002 0.00366185 0.0136358 0.00863236 0.000628973 1.06721e-06 1.41798e-05 0.000752844 3.03534e-06 2.02885e-05 0.0153936 0.00685366 0.0380962 0.534457 3.48566e-06 0.0473072 0.0429195 
0.000100628 0.00025319 0.691949 0.000404289 0.0526631 0.00259476 5.93903e-07 0.000684223 2.48184e-05 0.000257465 0.02587 0.126329 0.0184563 0.0338922 2.59482e-05 9.37642e-06 0.00974292 0.00028442 3.14822e-06 4.08053e-05 6.13285e-06 0.00250877 3.78749e-05 0.031957 2.23868e-06 5.22833e-06 0.00189639 
0.0101595 0.049304 0.0247624 0.0711903 0.0494858 2.23406e-07 1.39757e-07 0.532525 3.89741e-07 2.9971e-05 9.09803e-06 0.0183952 0.0898036 0.0261021 0.000250436 6.62434e-07 1.85327e-05 6.34041e-07 0.000176542 5.54539e-07 1.91031e-05 0.0133928 0.101228 1.48519e-07 0.000354476 0.000218641 0.012572 
0.157758 0.24344 0.0323371 0.0965787 0.0730243 0.00423889 4.4419e-08 0.134954 0.00457196 1.68384e-07 0.00996953 0.0512409 0.00157422 0.00804879 2.83804e-07 0.000897104 0.0372177 1.2004e-05 2.35461e-07 0.000824767 0.0780711 0.00972891 1.92135e-05 0.0490748 1.16335e-05 0.000278731 0.00612696 
0.000105151 0.00383465 0.0504019 1.9756e-06 0.09219 0.0641973 7.08829e-11 0.0617388 0.00119576 2.68703e-10 0.0252022 0.401289 0.0193736 0.0586288 4.52888e-10 3.35977e-10 0.0346881 3.34184e-06 1.79596e-06 2.81254e-10 0.000472306 0.0211252 0.00210697 0.14796 1.6562e-05 0.0130187 0.00244785 
3.7328e-09 1.82904e-08 2.48714e-05 5.91246e-08 0.00530776 0.000125087 1.51949e-13 6.76673e-09 3.92677e-10 5.76009e-13 0.000400449 0.000923183 0.00292678 0.000393577 1.52621e-05 7.20223e-13 2.21121e-05 0.000153576 5.91245e-09 5.92406e-06 0.000428682 1.05159e-07 0.000198329 0.0189195 4.78305e-10 0.970155 5.56816e-09 
5.33998e-08 0.00202498 3.3305e-08 8.45542e-07 0.140818 1.0269e-06 9.32017e-12 9.67866e-08 5.63554e-09 3.53309e-11 5.86811e-05 3.94109e-07 0.0101335 0.00202158 4.3206e-08 4.41766e-11 2.73694e-09 1.47358e-07 8.45909e-08 3.69813e-11 0.00142452 0.00739674 0.00217746 0.117065 6.84635e-09 0.716877 7.96342e-08 
7.34892e-06 0.0178103 0.129858 0.00458775 0.560592 0.000137224 9.09097e-08 0.00275628 0.000359175 0.00168416 0.0599728 0.0240517 0.0487203 0.0550975 6.34045e-06 3.62422e-05 0.0319795 2.00776e-05 1.17673e-05 3.60718e-07 0.00396275 0.00631714 0.00723286 0.0315236 8.70253e-05 0.00472591 0.00846177 
3.21385e-06 0.162139 0.00421395 0.0675421 0.0748591 0.245074 1.79378e-08 0.0535698 0.000297472 6.79987e-08 0.00565454 0.0575067 0.00385713 0.0156608 1.14609e-07 4.8832e-06 0.185167 1.32797e-06 0.041591 1.02244e-05 0.0173286 0.0252937 8.39053e-08 0.0399092 8.11866e-07 3.53468e-06 0.000311782 
2.4821e-06 0.00583246 2.72521e-05 6.45947e-10 0.00922962 0.00166037 4.0855e-10 2.3026e-06 1.34932e-06 1.54873e-09 5.43525e-06 0.946689 0.00167141 0.027083 2.61033e-09 1.93648e-09 4.27459e-06 1.85348e-09 3.21322e-05 1.7136e-06 2.12101e-08 0.00355834 1.91102e-09 0.00419623 2.34266e-07 7.15031e-07 1.53606e-06 
0.00210135 0.0398443 0.758283 6.70875e-07 0.097145 8.73239e-06 4.06636e-10 0.00032916 0.00261421 9.77396e-05 0.0089807 1.19506e-07 0.00299124 0.0143863 2.5981e-09 5.29871e-06 0.045294 0.00013435 1.87028e-06 0.00162737 6.72464e-06 0.000427639 1.65036e-06 2.4035e-05 9.35241e-05 4.25509e-08 0.0256014 
1.48608e-08 0.00423861 0.800607 0.00624364 0.0119438 0.142092 6.04039e-09 0.0023433 7.24632e-05 5.98014e-05 0.00501643 4.62134e-05 0.00578545 0.000510385 3.85935e-08 4.40164e-07 0.00309431 2.74036e-08 3.20194e-08 0.00149079 0.000424723 0.000970375 4.3236e-06 1.17243e-05 9.0231e-05 1.26738e-06 0.0149525 
5.84706e-07 0.022808 0.172357 3.75762e-07 0.476013 0.115395 2.37662e-07 0.0179834 6.6277e-07 9.0093e-07 0.000191028 0.0905853 0.0662688 0.00141991 1.51848e-06 1.12649e-06 0.0133789 1.07821e-06 1.25982e-06 9.43014e-07 0.00513387 0.00680871 0.00596889 0.000802527 1.81311e-05 0.000362728 0.00449636 
2.1925e-05 3.84163e-05 8.25067e-05 2.73384e-05 1.67479e-05 8.76672e-05 4.43347e-10 5.69279e-05 0.999113 2.01845e-06 4.51362e-05 3.35991e-05 4.2867e-05 1.88411e-05 1.10502e-05 2.10142e-09 1.69038e-05 6.4383e-06 2.35013e-09 3.87187e-06 4.4352e-10 3.24944e-05 2.07378e-09 2.22855e-05 6.21542e-06 0.00030458 8.91304e-06 
0.000208608 0.00314401 0.00916958 2.19721e-07 0.111542 0.0150808 1.3897e-07 0.00214538 0.00410367 6.09842e-06 0.0238763 0.000145402 0.24396 0.0662992 8.87911e-07 6.58701e-07 0.00012643 6.30468e-07 0.000112498 5.51414e-07 0.0489345 1.02658e-06 0.242588 0.0296282 7.4334e-06 4.76291e-05 0.19887 
0.00423344 0.00976901 0.108575 0.0135312 0.0205448 0.0169207 6.2498e-07 0.000384528 0.00012925 0.361433 0.027667 0.00493908 0.00986935 0.0469793 3.08444e-06 6.99217e-07 0.00114557 1.72756e-06 2.13474e-06 3.33877e-06 0.207581 0.00165354 0.00109101 0.0836063 1.96625e-06 0.000145947 0.0797873 
0.0283321 0.122393 0.0972787 0.00563966 0.186252 1.20336e-05 7.68987e-09 0.0012365 2.14448e-08 1.482e-05 0.033191 0.000428415 6.37579e-06 0.0321839 4.91325e-08 3.64492e-08 0.347404 1.35626e-05 5.75184e-05 0.0198822 0.121651 1.19314e-05 1.4581e-06 0.00112872 5.54767e-05 0.00127011 0.0015555 
0.804456 0.00220644 0.000756323 1.45598e-10 0.00451753 0.000909704 9.20882e-11 0.0531401 4.28414e-07 3.49088e-10 0.00715289 0.00228754 0.00286923 0.00202959 1.69377e-08 4.36489e-10 0.118777 4.1778e-10 4.8815e-10 7.61864e-07 5.26489e-08 2.65539e-08 2.71747e-06 0.000110196 5.83198e-06 0.000560499 0.000216982 
2.33526e-06 0.000455346 0.406032 1.85428e-05 0.106779 0.00164863 3.07126e-07 0.0460871 0.000498341 1.57681e-05 0.00217902 0.0128324 0.0260488 0.00302892 1.65062e-05 1.45574e-06 0.0020162 0.000710079 0.000643702 0.175506 0.0124564 0.000683475 0.0010361 0.0366703 1.21356e-05 0.164567 5.42912e-05 
0.804456 0.00220644 0.000756323 1.45598e-10 0.00451753 0.000909704 9.20882e-11 0.0531401 4.28414e-07 3.49088e-10 0.00715289 0.00228754 0.00286923 0.00202959 1.69377e-08 4.36489e-10 0.118777 4.1778e-10 4.8815e-10 7.61864e-07 5.26489e-08 2.65539e-08 2.71747e-06 0.000110196 5.83198e-06 0.000560499 0.000216982 
0.000870624 0.0282716 0.0174366 0.00253885 0.221767 7.73408e-05 2.0345e-07 0.0202645 3.4553e-06 2.07639e-05 0.145853 0.09672 0.250817 0.0110401 3.02554e-05 1.32131e-05 0.084072 0.000112499 0.00031951 0.000461989 0.0518299 0.0129536 7.61516e-05 0.00945769 8.20074e-05 0.0216184 0.0232914 
2.3837e-06 1.11945e-06 0.400967 0.0275641 0.115551 0.020552 6.77496e-11 3.63141e-06 1.88934e-10 2.05486e-06 0.0187791 1.15699e-06 0.0158022 0.0472847 5.19875e-07 3.21126e-10 1.17443e-07 1.26049e-06 3.59133e-10 0.0072782 0.0335154 0.0197355 6.37007e-06 0.235675 8.21357e-08 1.71746e-07 0.0572776 
4.46418e-05 0.001946 2.18234e-05 0.0237668 0.00017092 0.000448857 9.02605e-08 4.76956e-06 1.43105e-05 3.42159e-07 0.00457019 0.00536546 0.000309576 0.0001751 2.6096e-06 4.27825e-07 9.39389e-05 0.000221878 9.3493e-06 1.94046e-06 0.000182347 0.854331 3.35446e-05 0.083514 4.00302e-07 0.0181909 0.00657849 
0.075573 0.0330511 3.26967e-08 1.00876e-10 0.00115 0.0708368 6.38022e-11 0.00200497 1.77925e-10 2.41861e-10 0.0205233 0.559257 0.00122436 0.0243808 8.22692e-08 3.02416e-10 0.0355503 1.14534e-05 2.23609e-07 2.53159e-10 1.09944e-06 0.0106068 1.07168e-06 0.165721 7.12883e-08 1.81707e-08 0.000106327 
0.0944945 0.00387006 0.00776949 0.000373151 0.0905892 0.00406025 3.74499e-10 1.11909e-06 1.65401e-07 7.52913e-07 0.0448608 0.0285043 0.0155343 0.619293 2.39276e-09 1.77509e-09 0.0507581 0.000417366 5.13212e-07 0.000222821 0.00269724 0.000215392 0.000153192 0.0126102 1.45806e-08 0.0235734 5.16976e-07 
0.000483848 0.000351012 0.0660905 0.00460157 0.00568378 0.000492459 5.40592e-11 0.00287878 0.000318228 0.000233579 0.000225511 0.000607177 0.00438987 0.000342431 0.000183646 2.56235e-10 6.85664e-06 7.35911e-05 2.41463e-08 0.000621578 0.0129008 0.00285943 2.10793e-07 0.874255 1.65148e-06 0.000641876 0.0217567 
2.3837e-06 1.11945e-06 0.400967 0.0275641 0.115551 0.020552 6.77496e-11 3.63141e-06 1.88934e-10 2.05486e-06 0.0187791 1.15699e-06 0.0158022 0.0472847 5.19875e-07 3.21126e-10 1.17443e-07 1.26049e-06 3.59133e-10 0.0072782 0.0335154 0.0197355 6.37007e-06 0.235675 8.21357e-08 1.71746e-07 0.0572776 
0.0205687 0.00207214 0.000253408 0.00504656 0.755748 0.00054826 2.84702e-08 0.00822303 1.1747e-06 1.07925e-07 0.053587 0.00332411 0.0101777 0.00525556 3.92086e-05 1.34946e-07 0.0026676 2.88938e-05 1.66583e-05 1.70686e-05 0.0586813 0.0018878 0.00224688 0.00780987 1.35987e-06 0.0572703 0.00452678 
0.00562324 0.62318 0.00555771 4.45007e-07 0.0707099 0.179098 2.81459e-07 6.55899e-07 0.000150067 7.39124e-05 0.0137721 0.000729249 0.00757419 0.0242958 1.79831e-06 1.33409e-06 0.00839053 0.00023168 0.000125184 0.000180843 0.00363756 0.0164903 0.000232451 0.0305679 8.45747e-05 0.00908131 0.000209009 
3.44944e-07 0.000312921 0.00253413 5.2303e-06 0.495925 6.35016e-06 6.25431e-09 6.12015e-07 5.20756e-08 0.000182709 4.49335e-05 5.70425e-06 0.000997887 0.00606895 3.06353e-07 2.96448e-08 1.95176e-08 9.37924e-07 8.5287e-05 2.48163e-08 0.000234794 0.000503327 0.0059949 0.0309514 0.000121525 0.456022 4.95881e-07 
2.1925e-05 3.84163e-05 8.25067e-05 2.73384e-05 1.67479e-05 8.76672e-05 4.43347e-10 5.69279e-05 0.999113 2.01845e-06 4.51362e-05 3.35991e-05 4.2867e-05 1.88411e-05 1.10502e-05 2.10142e-09 1.69038e-05 6.4383e-06 2.35013e-09 3.87187e-06 4.4352e-10 3.24944e-05 2.07378e-09 2.22855e-05 6.21542e-06 0.00030458 8.91304e-06 
0.134363 0.00584444 0.000735865 4.28364e-05 0.044292 0.00296645 7.7682e-09 5.32529e-05 0.0218344 2.94477e-08 0.0626566 0.0163036 0.0436735 0.00455746 2.23491e-06 1.87025e-05 0.390659 0.00272367 4.32303e-06 2.12977e-06 0.000401173 0.00587021 3.56413e-05 0.0631564 5.72059e-07 0.199518 0.000284079 
0.00170787 0.0105318 0.449044 0.00670247 0.0929035 0.0585948 9.73576e-08 1.4239e-05 0.000429029 0.00188295 0.047054 0.0230145 0.0537885 0.108812 6.22041e-07 0.0129742 0.000728323 2.57957e-06 0.00181406 2.05397e-06 0.00398564 0.0300164 0.0109305 0.00787122 8.66746e-07 0.0315916 0.0456024 
3.46449e-05 0.0446608 0.00492789 0.0226461 0.020101 0.0110505 1.1501e-08 0.00381108 0.000476702 1.43315e-05 0.104524 0.60803 0.00610274 0.0302228 1.07811e-05 4.22667e-06 0.0420037 3.24661e-06 0.000998466 9.18893e-06 0.00674476 0.0277673 5.37965e-08 0.0641793 8.31629e-06 0.0010844 0.000583485 
0.00258126 0.0902562 0.782706 6.23358e-06 0.011284 0.0296134 2.17906e-09 0.00277294 5.28025e-07 6.15226e-05 0.0260176 5.76326e-06 0.00273011 0.0383758 1.39226e-08 1.03285e-08 8.79293e-07 0.000119044 0.00377158 6.37038e-07 0.000362202 3.09261e-06 0.00294275 0.00638727 2.96739e-07 4.17828e-07 7.31587e-07 
0.804456 0.00220644 0.000756323 1.45598e-10 0.00451753 0.000909704 9.20882e-11 0.0531401 4.28414e-07 3.49088e-10 0.00715289 0.00228754 0.00286923 0.00202959 1.69377e-08 4.36489e-10 0.118777 4.1778e-10 4.8815e-10 7.61864e-07 5.26489e-08 2.65539e-08 2.71747e-06 0.000110196 5.83198e-06 0.000560499 0.000216982 
