0.00138497 0.000716341 0.000219359 0.00167414 0.0396119 0.00115697 0.50233 0.00144117 0.00111618 1.67435e-05 0.000787482 0.0691173 0.0307286 0.00891702 1.38264e-05 1.54673e-06 0.121954 0.000263691 0.000169999 1.44995e-06 0.00284149 0.070952 5.65551e-06 0.00490045 6.69197e-05 0.111885 0.0277257 
0.000746679 0.129614 0.0183512 0.000521613 0.0947639 0.000494045 0.281354 0.00162722 0.00209992 7.69092e-08 0.0962123 0.0105396 0.0840074 0.00646508 0.00260956 6.75956e-08 0.0169665 2.17165e-06 9.81904e-05 0.0987028 0.126604 0.00405707 0.0054511 0.00276643 0.000254372 0.00255454 0.0131367 
6.82986e-05 0.00142483 1.29138e-05 0.00034003 0.0104765 0.000104366 0.724246 0.000133118 0.00104871 1.57215e-06 0.00187769 0.0805035 0.00776257 0.000604028 0.000293727 8.97762e-07 0.140086 0.000127886 0.000116985 7.74593e-07 0.00115007 0.0127806 0.00012794 0.00405744 0.000366197 0.00395931 0.0083283 
0.000195409 0.00397871 0.000393321 0.00129444 0.0105539 0.000138707 0.891842 0.000503911 0.000327727 1.63782e-05 0.00259726 0.0164147 0.00858073 0.000721433 4.67985e-05 6.74989e-08 0.0386816 0.000626423 6.07443e-05 1.64762e-05 0.00191385 0.00526888 2.01464e-05 0.00160323 0.00521095 0.00354535 0.00544708 
0.00520746 0.0545977 0.00734396 0.000553996 0.016835 0.00140908 0.606821 0.000269123 0.00126172 7.99679e-06 0.11191 0.0128908 0.0652664 0.00912277 0.000257698 0.000451846 0.0202138 0.00455819 8.74626e-05 0.0173852 0.00188227 0.0016905 4.21533e-05 0.00176098 0.0397403 0.00662284 0.0118095 
3.21338e-07 0.0213199 0.0412545 0.0167481 0.10517 0.0036006 0.174012 0.0048528 0.0322263 0.00334047 0.0452529 0.0660889 0.121405 0.00520937 3.2083e-07 3.21044e-07 0.116163 0.00269732 3.20971e-07 3.21145e-07 0.0180059 0.0402896 3.21052e-07 0.0410585 3.21547e-07 0.0690455 0.0722571 
6.64975e-05 0.00454641 0.000267161 0.00116988 0.0101335 7.58943e-05 0.966726 0.000410098 5.42348e-05 4.20301e-05 0.0012999 0.00103763 0.00462358 0.00048942 6.15296e-09 1.03393e-11 0.000675266 0.000190473 3.12216e-05 1.6466e-08 0.00189746 0.00133075 2.58527e-09 0.000176708 1.82339e-05 0.00427769 0.000459817 
1.34177e-11 2.16308e-06 0.000291901 2.81979e-07 4.26891e-06 8.7181e-12 0.946263 1.27094e-11 7.60468e-07 7.85832e-08 0.00477421 2.23776e-06 1.87745e-06 6.53942e-07 0.0392047 2.58506e-11 0.00491817 3.88483e-07 8.03733e-07 5.62859e-08 6.56903e-07 9.40043e-07 0.00167942 2.33685e-06 0.00157363 4.76438e-07 0.00127683 
0.0126575 0.0118422 0.234262 0.00645601 0.124377 0.0484404 0.235803 4.23414e-06 0.00338867 1.12096e-05 0.0603389 0.0167807 0.0158883 0.0544288 2.04155e-06 9.22342e-09 0.00342433 8.82809e-09 0.000129583 0.000246506 0.00848288 6.25866e-06 9.89596e-06 0.00364367 1.08303e-06 0.149625 0.00974986 
0.000309959 0.0313259 0.0202498 0.0125121 0.00734603 0.00441415 0.369325 0.00397259 7.55538e-05 2.48023e-07 0.0392818 0.0108599 0.173156 0.000349091 0.00170975 2.92848e-10 0.007354 0.000388833 0.0841746 0.00296012 0.000368581 0.137262 1.05344e-06 0.0911622 0.00144041 1.79252e-07 2.74193e-07 
0.00148264 0.0358432 0.0244751 0.00181138 0.0522018 0.000291731 0.617889 2.35605e-06 2.54807e-06 3.11741e-06 0.0448829 0.0106013 0.0394624 0.0272684 0.00105743 1.33042e-08 0.0180127 0.0204344 0.000620653 0.00021131 0.05113 0.00190665 0.000197144 0.00138557 0.0194774 0.00142503 0.0279234 
1.95057e-08 0.0932361 8.04202e-05 0.000698565 0.000185018 0.000220815 0.443757 3.56446e-07 0.0203586 2.60213e-06 0.0153873 0.000954714 0.0137958 0.000628617 8.80931e-08 3.18319e-10 0.0637152 0.33156 3.96365e-07 0.00159189 0.00379156 0.000130407 1.08895e-05 1.57709e-07 0.00571524 0.00128054 0.00289734 
0.00265782 0.0135231 0.000455806 0.00149662 0.0135086 0.00114998 0.600865 0.00244979 2.12747e-05 0.000951194 0.00805232 0.00606261 0.0142495 0.00208619 5.6853e-07 1.76432e-11 0.00226942 0.00050148 5.68393e-05 1.93406e-05 0.00245047 0.00510614 6.68197e-07 0.00280432 0.315188 0.00288559 0.00118676 
0.000252984 0.0683945 0.00455909 0.0223467 0.00148621 0.000407127 0.585946 0.000165551 9.3731e-09 2.70401e-06 0.0880304 0.00468098 0.071071 0.000610915 0.000528884 7.46956e-07 0.0124256 0.00488657 0.0710851 0.000362976 0.000561843 0.0225659 2.93953e-06 0.00881509 3.64719e-05 0.00106103 0.0297132 
2.16068e-08 0.00600969 0.000556423 0.0036495 0.00613808 6.46947e-06 0.644624 3.68853e-05 0.000305396 0.00019337 0.0107461 0.161952 0.0350157 6.78984e-05 0.000193092 1.00049e-10 0.0396511 0.000555474 0.000479893 1.04319e-05 0.000245628 0.00473579 6.06793e-05 0.00166848 0.00453932 0.000916247 0.0776423 
0.000116244 0.0405697 0.0235931 0.0120727 0.0420051 0.000201715 0.353576 0.000492621 0.000340578 3.18545e-06 0.194253 0.0091282 0.104327 0.00123029 0.000753585 5.257e-07 0.0483876 0.00099022 0.0409707 0.000366198 0.0499359 0.0155407 0.000570639 0.00744546 0.000739207 0.0157897 0.0365999 
7.84849e-11 0.00769579 0.0155615 0.0648827 0.0109636 5.09952e-11 0.78288 5.13296e-07 8.89633e-11 1.72187e-06 0.00106744 1.47237e-11 0.0116749 0.000219896 0.00151964 0.0346411 0.00111967 9.4227e-05 0.00750168 0.00057094 0.00612168 0.0311496 1.4922e-10 0.00316322 0.000501503 0.000161357 0.0185075 
0.00268492 0.0210256 0.0143882 0.00345673 0.0508661 0.0159193 0.334168 0.00141308 0.000804061 0.00011456 0.0642264 0.128565 0.0443209 0.0275005 0.000208655 1.62254e-06 0.0134152 0.000539851 0.000944816 0.000506014 0.00937889 0.101416 0.000536721 0.0259605 0.0742423 0.00973996 0.0536557 
1.39959e-05 0.00173998 7.31219e-05 9.46388e-05 0.0151341 1.51998e-08 0.884374 2.98727e-08 0.000782623 2.25817e-05 0.00103558 0.037394 0.0225695 0.000175071 6.46384e-07 8.47126e-12 0.0156029 0.000147777 3.08184e-05 7.09148e-12 0.000608716 0.00389218 3.83378e-08 0.0116895 2.67673e-05 0.00117433 0.00341729 
0.00104237 0.0333086 2.69401e-05 0.000621461 0.00590798 0.00132228 0.439382 0.000464224 0.00455785 9.08839e-07 0.00593358 0.0643789 0.0980592 0.000373095 0.00016494 5.29655e-07 0.229482 0.0264355 0.000125159 5.22567e-07 0.00271534 0.034708 9.64512e-05 0.00859766 0.000200842 0.00253578 0.0395577 
8.09219e-08 0.0497938 0.00150167 0.000355017 0.00907436 0.00114831 0.875009 2.04317e-05 0.000102727 4.37883e-06 0.000164066 0.012592 0.00969652 7.00626e-05 4.17472e-06 4.87236e-06 0.00460666 0.00176685 0.000277241 9.09543e-06 0.00174678 0.000172579 0.000799346 0.00554078 0.00162044 0.000131596 0.0237876 
0.0021012 0.00982194 0.00930157 6.83449e-08 0.069323 0.00864065 0.482042 0.001866 0.000134065 8.13295e-07 0.0330008 0.0291875 0.148697 0.00370242 5.12245e-05 3.40648e-06 0.00600778 4.38993e-06 8.22273e-06 0.00545161 0.0119622 0.00124097 6.21499e-06 0.00446828 0.164592 0.00228552 0.00609939 
0.000140275 0.0757154 0.0156756 0.0095882 0.0579774 0.00355765 0.487946 0.000177434 0.00184485 3.77015e-06 0.0807474 0.0356177 0.0229361 0.0684305 0.00196141 8.18717e-08 0.0290224 0.000659556 0.00023545 0.00929617 0.00228182 0.000492718 4.63441e-06 0.00468546 0.0085078 0.0326461 0.0498481 
0.000375415 0.0339582 0.0146223 0.00931177 0.0059022 0.000405906 0.380028 0.00235862 1.01609e-05 1.12914e-06 0.263634 0.0139858 0.0679428 0.00111285 0.000561391 6.62276e-07 0.0814016 0.00239809 0.0349676 0.000442143 0.00177478 0.0272331 0.00121098 0.0157637 0.000305316 0.00111788 0.0391729 
3.40756e-05 0.0198765 0.00626476 4.46535e-05 0.00370268 0.00012268 0.898192 2.21501e-06 0.0060523 5.74109e-06 0.0154165 0.000146024 0.00335098 0.000708665 0.000378316 0.00503689 0.00051951 1.83272e-10 7.89778e-05 0.00172021 0.000358636 0.000144036 6.67802e-12 0.00109204 0.0329005 0.00193272 0.00191815 
0.00027989 0.000925781 0.00020138 0.000141785 0.00892327 6.45074e-05 0.628918 0.000176911 0.000808656 1.39022e-06 0.00397944 0.114479 0.0338447 0.000578657 0.000122806 4.23625e-07 0.156857 5.33563e-05 6.19432e-05 3.28334e-07 0.00103427 0.00970516 0.000210594 0.00401469 0.000230309 0.00185923 0.0325271 
8.07355e-06 0.00403444 0.0119446 0.000120873 0.0156878 0.00176614 0.592845 0.00025963 0.000308144 2.87956e-05 0.0104826 0.00357408 0.00411973 0.00396346 1.57038e-05 4.5589e-06 0.00143793 8.107e-05 7.7074e-05 0.000435234 0.0160975 0.000637318 5.20268e-06 0.00118343 0.308843 0.0146876 0.00735064 
7.89951e-05 0.0964551 0.0010077 0.00437684 0.00789978 0.00107982 0.319901 2.5384e-05 0.000253737 5.68836e-05 0.0412709 0.110778 0.0602403 0.000649539 5.15229e-05 1.92071e-07 0.0829855 0.00173847 0.000182211 0.000101511 0.0012966 0.0290032 0.00011049 0.00422484 0.0182804 0.00632661 0.211625 
9.42738e-07 0.000893829 0.0235187 6.05851e-07 0.206657 0.0171693 0.518329 0.00925981 1.0686e-06 1.45259e-06 0.0385505 0.0881578 0.00307192 0.0301665 0.000333867 1.81628e-06 0.00134701 0.00121897 2.03125e-06 0.000434019 0.000983356 0.000965639 0.00889983 0.00476453 0.000110704 0.000313536 0.0448467 
3.68614e-06 0.0270465 0.0425252 0.001186 0.0353289 0.0564786 0.312166 0.00102647 0.00169329 0.000148074 0.12162 0.0293627 0.0736149 0.000805344 0.000172289 1.15275e-06 0.0423537 0.000635342 3.55415e-06 0.0180024 0.024246 0.00159224 6.93373e-07 0.0115925 0.0658371 0.0530794 0.0794787 
2.24926e-05 0.0020017 0.0303073 0.000121848 0.036978 0.0266751 0.866352 1.91881e-09 7.48988e-06 0.000144022 0.0172241 0.00127949 0.00258519 0.00388942 0.00215413 8.40516e-08 0.00392731 1.71988e-07 2.04245e-05 0.000498695 0.00244643 0.000160351 6.16446e-05 0.00127216 0.000828143 5.05544e-05 0.000991943 
1.35649e-07 0.0615684 9.59922e-08 7.5249e-05 0.00113507 3.05535e-07 0.332712 3.58146e-07 0.000160399 1.63355e-07 0.0389473 0.269514 0.0286818 0.000259375 5.87431e-05 3.74755e-10 0.149534 6.32855e-06 0.000271168 8.73219e-09 2.32183e-05 0.0319786 1.46871e-05 0.081038 4.586e-05 3.34421e-05 0.00394151 
0.00385237 0.0113356 0.0231332 1.07146e-06 0.00410837 0.00884966 0.559287 0.000108942 3.70547e-08 1.18188e-06 0.0219431 0.00410509 0.0502239 0.00159888 3.98512e-05 2.3844e-09 0.000830195 1.79902e-06 2.49335e-08 0.0028257 0.00462847 1.13172e-06 6.79264e-06 0.00319727 0.29583 0.000108813 0.00398133 
0.00103464 0.0200439 0.0155152 0.0038912 0.0474246 0.00270353 0.733321 0.0112286 0.0012373 3.83861e-05 0.0574564 0.00851435 0.0300334 0.00529679 9.02541e-06 3.5593e-08 0.0155566 0.00144779 0.000220812 0.000131004 0.00464987 0.00844363 5.38214e-06 0.00598061 0.00552334 0.0152556 0.00503741 
0.000234623 0.201005 0.114254 8.70613e-05 0.0171494 0.0364338 0.466422 0.00010461 2.20599e-07 6.9379e-06 0.0135087 0.0154827 0.00469253 0.000183121 8.89032e-06 1.26891e-05 0.00495938 5.70802e-05 8.31994e-06 0.000858475 0.000855536 0.00901116 3.70016e-07 0.102302 0.0112326 9.24405e-07 0.00112841 
1.34177e-11 2.16308e-06 0.000291901 2.81979e-07 4.26891e-06 8.7181e-12 0.946263 1.27094e-11 7.60468e-07 7.85832e-08 0.00477421 2.23776e-06 1.87745e-06 6.53942e-07 0.0392047 2.58506e-11 0.00491817 3.88483e-07 8.03733e-07 5.62859e-08 6.56903e-07 9.40043e-07 0.00167942 2.33685e-06 0.00157363 4.76438e-07 0.00127683 
4.5543e-09 0.000765477 1.62669e-09 4.59687e-05 0.00909806 9.76753e-06 0.866687 2.08277e-08 0.000743352 4.67353e-07 0.00298984 0.0517396 0.0117688 0.000306074 4.00344e-07 2.66541e-12 0.0260358 3.47421e-05 3.67016e-05 1.0216e-08 0.00030079 0.0010234 0.000111645 0.00271962 0.000175849 7.96505e-05 0.0253268 
0.0097605 0.0537091 0.0468451 0.00281092 0.0151114 0.00539922 0.344943 2.89529e-05 0.000165238 3.98107e-06 0.0230362 0.0368035 0.0373245 0.286508 0.000636968 8.25524e-09 0.00428717 2.6933e-05 0.000728186 0.0551629 0.000848459 0.00435246 0.0017781 0.00844803 0.0541148 0.000362772 0.00680444 
0.000130988 0.00250379 0.000284894 0.000656387 0.00967837 0.000136697 0.758856 0.00021165 0.00083685 2.19185e-06 0.00293164 0.0535822 0.00974672 0.000521658 0.000967353 1.28213e-06 0.12257 0.000447747 0.000110523 1.74506e-05 0.00105562 0.0100278 8.52357e-05 0.00368465 0.0035094 0.00656532 0.0108773 
0.00520746 0.0545977 0.00734396 0.000553996 0.016835 0.00140908 0.606821 0.000269123 0.00126172 7.99679e-06 0.11191 0.0128908 0.0652664 0.00912277 0.000257698 0.000451846 0.0202138 0.00455819 8.74626e-05 0.0173852 0.00188227 0.0016905 4.21533e-05 0.00176098 0.0397403 0.00662284 0.0118095 
0.00030706 0.0302498 0.0183208 0.000649691 0.0845762 0.00155685 0.462627 0.00954282 0.000302016 0.000361528 0.0499451 0.00940948 0.0380279 0.0102523 8.88393e-05 7.73464e-05 0.0113507 0.000607516 0.000333319 0.00117038 0.0229721 0.00173704 6.47018e-05 0.0233383 0.193866 0.0106329 0.0176331 
3.27722e-05 0.00545966 0.00779566 1.57905e-07 0.0197413 0.000720701 0.914017 1.16083e-05 0.000141059 1.25068e-08 0.0010861 9.50369e-05 3.51941e-07 0.0103697 6.11051e-07 2.02532e-11 0.00102835 0.000773992 0.000171177 0.000601736 0.0061958 8.12213e-05 7.99882e-09 7.34306e-05 0.0194033 0.0121991 2.5378e-07 
0.0001675 0.00945918 0.0247035 4.15715e-05 0.0600863 1.18813e-05 0.58723 4.13628e-09 1.54442e-05 2.13403e-05 0.0594072 0.000205037 0.017895 0.00333103 5.60292e-06 2.60149e-11 0.00179861 1.18533e-06 1.65159e-06 0.00288666 0.00402748 0.00237214 0.000481666 3.13936e-05 0.202043 0.0226307 0.00114412 
1.58973e-05 0.0716141 0.0130578 0.000828218 0.033357 0.00332942 0.784575 8.16439e-09 1.2911e-08 0.000167345 0.0217513 7.38203e-05 0.0143928 0.00353927 6.68544e-05 0.000114962 0.00497746 0.00259999 0.00111606 0.000501923 0.00504413 0.000622857 7.59184e-09 0.00153185 0.0238613 0.000404793 0.012456 
3.24968e-06 0.0219816 0.00100666 0.000260599 0.00337432 0.00116162 0.676972 1.58777e-05 0.00197646 1.49824e-06 0.00521025 0.102191 0.0737919 0.00111524 0.00123531 4.65419e-09 0.0994802 0.00048721 0.000245874 2.54459e-06 0.00089456 0.00104406 0.000433975 0.00147443 0.00230555 0.000222428 0.00311145 
2.92434e-09 0.00063477 0.000250737 0.000624471 0.000451221 5.47112e-05 0.893342 0.000142789 0.000793239 3.15129e-06 0.00033171 0.0122997 0.0219442 0.000179444 5.07051e-06 5.17337e-10 0.0311153 0.000465861 5.98103e-08 2.9251e-05 0.000509811 0.000836106 1.80587e-05 0.0022761 0.00522992 0.000838124 0.027624 
0.00392084 0.0613788 0.0449832 0.00487658 0.0680498 0.0060567 0.163215 0.0189828 0.0305236 4.71313e-06 0.106223 0.0638654 0.0894004 0.00390809 5.48188e-05 1.46816e-07 0.0993171 2.82563e-05 0.00173572 0.002159 0.0578673 0.0453815 0.0192265 0.038308 0.000306578 0.00236811 0.0678582 
6.64975e-05 0.00454641 0.000267161 0.00116988 0.0101335 7.58943e-05 0.966726 0.000410098 5.42348e-05 4.20301e-05 0.0012999 0.00103763 0.00462358 0.00048942 6.15296e-09 1.03393e-11 0.000675266 0.000190473 3.12216e-05 1.6466e-08 0.00189746 0.00133075 2.58527e-09 0.000176708 1.82339e-05 0.00427769 0.000459817 
6.41455e-06 1.94928e-06 2.29741e-06 4.12231e-06 0.00193202 4.16782e-06 0.996244 6.0759e-06 7.27095e-06 9.8837e-06 6.88923e-07 0.00168591 1.14746e-06 2.24748e-06 1.66586e-05 1.23583e-05 1.10209e-06 1.18286e-05 1.38209e-05 1.03454e-05 2.6083e-06 2.34185e-06 1.21957e-05 2.77075e-06 2.25619e-06 1.40597e-06 1.77078e-06 
3.96296e-05 0.00888981 0.00843497 0.00702234 0.0781459 0.0382603 0.420284 0.0013128 0.000670407 4.60821e-06 0.0197907 0.15699 0.0765036 0.00477829 0.00036191 2.41401e-09 0.0903081 1.16856e-05 0.00642472 6.06038e-06 0.00793316 0.0197631 0.000135233 0.041659 0.000120463 0.000175718 0.0119737 
8.07355e-06 0.00403444 0.0119446 0.000120873 0.0156878 0.00176614 0.592845 0.00025963 0.000308144 2.87956e-05 0.0104826 0.00357408 0.00411973 0.00396346 1.57038e-05 4.5589e-06 0.00143793 8.107e-05 7.7074e-05 0.000435234 0.0160975 0.000637318 5.20268e-06 0.00118343 0.308843 0.0146876 0.00735064 
0.000126763 0.00235906 0.00197466 0.00011284 0.0169216 0.000108251 0.611103 6.12137e-05 0.000235739 4.919e-06 0.00990435 0.0470143 0.00609458 0.119234 0.00185865 4.52866e-08 0.0199798 1.38824e-05 0.000156927 0.00028609 0.00594694 0.000853985 0.15265 0.00148955 0.000780543 0.000240644 0.000486938 
0.00153097 0.0183034 0.0295124 0.00346175 0.013022 0.000485239 0.280675 8.73117e-05 0.000382508 3.95896e-06 0.0794328 0.0732248 0.0272896 0.000430177 3.16177e-05 6.92805e-11 0.0918192 0.00121962 0.00128877 7.53678e-05 0.00898456 0.00578158 0.101297 0.00452735 0.00417725 0.000829186 0.252126 
8.07355e-06 0.00403444 0.0119446 0.000120873 0.0156878 0.00176614 0.592845 0.00025963 0.000308144 2.87956e-05 0.0104826 0.00357408 0.00411973 0.00396346 1.57038e-05 4.5589e-06 0.00143793 8.107e-05 7.7074e-05 0.000435234 0.0160975 0.000637318 5.20268e-06 0.00118343 0.308843 0.0146876 0.00735064 
0.000246481 0.126755 0.0313852 0.0102002 0.0619313 9.53224e-06 0.21841 1.88803e-05 1.11144e-05 0.0011052 0.0391727 0.0327239 0.144554 0.00226315 6.04036e-05 1.26045e-10 0.122226 0.00700444 0.000500596 0.0450157 0.0371261 0.0288814 1.4905e-08 7.53099e-05 0.0047341 2.37744e-05 0.0855657 
3.76094e-09 0.00100381 1.93691e-05 8.99628e-05 0.00384555 3.26856e-05 0.869043 1.04944e-05 0.000981659 6.33894e-07 0.00169791 0.0597157 0.00791328 0.00033924 0.000281573 1.03325e-10 0.044628 0.00010873 0.000175475 1.16147e-06 0.000195883 0.00282632 0.000191905 0.0028051 0.000379525 7.75356e-05 0.00363522 
3.90815e-05 0.0255271 0.0841592 0.0190884 0.0385293 0.0183961 0.196755 0.00145263 0.00671117 0.000182462 0.182502 0.0214412 0.0348471 0.00348569 0.00035444 2.07579e-06 0.166842 1.01755e-05 0.000128765 0.00462292 0.0213804 0.0121184 9.08618e-09 0.0217698 0.0888463 0.0156638 0.0351447 
0.000758295 0.00113512 0.00219141 0.00170815 0.00025927 0.000254198 0.815691 0.00037471 0.00124342 5.72045e-05 0.0109852 0.0173393 0.00705526 0.00025378 0.000253156 1.98421e-08 0.0111312 0.000155548 0.000334616 0.000363173 0.000254742 0.00406615 6.61504e-05 0.000306848 0.000694603 0.00042651 0.122641 
1.80442e-08 0.00131825 0.0040272 0.00870147 0.00115893 2.75675e-05 0.804938 0.000560835 1.27553e-05 2.12125e-06 0.0250024 0.00358297 0.00555993 6.96247e-05 8.13834e-08 4.02901e-10 0.0176064 0.000124026 4.737e-05 1.27665e-05 8.73588e-05 0.107272 3.43067e-08 0.0052535 2.86829e-05 0.000134366 0.0144714 
0.000101237 0.0504528 0.172021 0.0212802 0.00969475 0.000531926 0.237345 0.000311322 8.64299e-08 4.55374e-06 0.066637 0.0516315 0.0705684 0.0098858 0.176822 1.01452e-08 0.047299 0.000207304 0.000793851 0.00900171 0.000467993 0.00527782 0.000114047 0.0199356 0.00332715 0.000243366 0.046044 
1.34177e-11 2.16308e-06 0.000291901 2.81979e-07 4.26891e-06 8.7181e-12 0.946263 1.27094e-11 7.60468e-07 7.85832e-08 0.00477421 2.23776e-06 1.87745e-06 6.53942e-07 0.0392047 2.58506e-11 0.00491817 3.88483e-07 8.03733e-07 5.62859e-08 6.56903e-07 9.40043e-07 0.00167942 2.33685e-06 0.00157363 4.76438e-07 0.00127683 
0.00154819 0.0341165 0.0917514 0.00519347 0.0256304 0.00281838 0.319285 0.00184903 0.000140832 0.00424077 0.0446828 0.0329354 0.0278237 0.00258431 9.51182e-05 1.10275e-07 0.0479372 0.000613563 0.000700848 0.00536653 0.00407001 0.00460328 0.000775976 0.00885143 0.230895 0.00756599 0.0939246 
0.00414152 0.0437079 0.0329032 0.00167786 0.139407 0.0262105 0.214336 0.0217321 0.0206774 0.000382783 0.113195 0.0309315 0.0986696 0.0845088 0.000128063 0.00141463 0.0243855 0.000270063 4.46201e-05 0.0139128 0.0277062 0.00453219 0.00134359 0.00708763 0.0359781 0.0241959 0.0265202 
0.000380324 0.0139854 0.0128682 0.00227656 0.044016 0.0165677 0.306284 0.00564898 0.00675639 5.43457e-06 0.101681 0.084878 0.129902 0.00423176 0.000342796 7.49781e-08 0.160827 0.000754451 0.000804595 0.00419307 0.00294801 0.0210211 0.000105817 0.0196717 0.00316995 0.0144736 0.042207 
4.38981e-05 0.0319749 0.000807861 0.00229246 0.0186062 0.0139672 0.411995 0.00129567 0.0601047 2.3007e-06 0.132852 0.0575762 0.0896638 0.0536062 1.80311e-05 2.75412e-08 0.0449406 0.000134537 0.000378269 0.000149712 0.000946463 0.0044885 0.000114021 0.000123538 0.00683017 0.00185226 0.0652356 
3.76094e-09 0.00100381 1.93691e-05 8.99628e-05 0.00384555 3.26856e-05 0.869043 1.04944e-05 0.000981659 6.33894e-07 0.00169791 0.0597157 0.00791328 0.00033924 0.000281573 1.03325e-10 0.044628 0.00010873 0.000175475 1.16147e-06 0.000195883 0.00282632 0.000191905 0.0028051 0.000379525 7.75356e-05 0.00363522 
0.000650352 0.0292477 0.000952295 0.000884309 0.0203888 0.00194261 0.844373 5.0694e-05 5.20884e-06 5.50397e-09 0.0113966 0.00263758 0.0265504 0.004904 2.5731e-05 1.39191e-11 0.00959798 0.00787641 0.000344804 7.72139e-05 0.0154831 0.00032891 5.74394e-05 0.0015698 0.00545002 0.0115363 0.00366867 
0.000650352 0.0292477 0.000952295 0.000884309 0.0203888 0.00194261 0.844373 5.0694e-05 5.20884e-06 5.50397e-09 0.0113966 0.00263758 0.0265504 0.004904 2.5731e-05 1.39191e-11 0.00959798 0.00787641 0.000344804 7.72139e-05 0.0154831 0.00032891 5.74394e-05 0.0015698 0.00545002 0.0115363 0.00366867 
0.000178318 0.0756793 0.127023 0.000174226 0.032599 0.0147539 0.274586 0.000455163 0.00536235 4.99627e-09 0.235169 0.0210479 0.0731861 0.0174638 8.92301e-05 5.7823e-10 0.00558504 2.15925e-05 0.000125698 0.060785 0.00276418 0.00210478 0.000188028 0.00677277 0.0009152 0.0364859 0.0064848 
1.2847e-06 0.0495787 0.0343974 0.000283001 0.0393077 4.40339e-05 0.753329 0.000150921 0.00234558 1.92898e-06 0.00239943 4.11228e-06 0.0700035 0.000156786 4.95203e-05 1.42762e-09 0.00433881 3.75201e-05 6.16891e-06 0.0056374 0.0203735 0.000882575 0.000311042 0.00101686 0.00120884 0.0120872 0.0020468 
0.00167858 0.0536838 0.000945828 0.00113161 0.0345557 0.00336523 0.292103 0.00677347 0.0458014 2.33519e-05 0.0848704 0.0268277 0.223804 0.00332462 4.85861e-05 4.69694e-10 0.0227429 0.000590264 0.000155841 0.000382441 0.0438734 0.0099618 0.00477905 0.0120744 0.0680051 0.0227686 0.0357285 
1.25459e-06 0.190284 0.0115367 0.0015644 0.0279434 9.28047e-05 0.411155 9.171e-05 0.000253224 0.00154891 0.053394 0.020136 0.223032 0.00117547 4.97478e-05 5.40526e-10 0.0123575 0.000105968 0.000658857 0.00456265 0.000241374 0.00546771 9.19858e-07 0.00402289 0.000423721 0.000141059 0.0297589 
7.84849e-11 0.00769579 0.0155615 0.0648827 0.0109636 5.09952e-11 0.78288 5.13296e-07 8.89633e-11 1.72187e-06 0.00106744 1.47237e-11 0.0116749 0.000219896 0.00151964 0.0346411 0.00111967 9.4227e-05 0.00750168 0.00057094 0.00612168 0.0311496 1.4922e-10 0.00316322 0.000501503 0.000161357 0.0185075 
2.90782e-06 0.00100124 1.54167e-09 4.01076e-05 0.00482805 8.18057e-05 0.841265 3.69702e-05 0.000692308 3.12825e-07 0.00391026 0.0773663 0.0081587 0.000274705 1.18608e-05 5.30728e-12 0.0398327 3.37041e-05 0.000106092 6.48466e-08 0.000164913 0.00133934 7.48595e-05 0.00272095 0.000139101 7.13733e-05 0.0178467 
2.40573e-06 0.00404071 0.000449202 0.000402217 0.00719114 4.03369e-05 0.851676 2.16275e-05 0.000721949 4.44192e-06 0.00264633 0.0447531 0.0166375 0.000272996 3.92974e-06 1.78635e-10 0.0435031 0.00286297 0.00106979 1.2497e-05 0.00252753 0.00237514 0.0003613 0.00107964 0.00667091 0.000202502 0.0104709 
0.00182287 0.00352604 0.000945652 0.00223821 0.0275569 0.00105851 0.357941 0.00101633 0.00119716 1.53588e-05 0.00620403 0.0708313 0.0329335 0.00657796 3.20078e-05 1.16825e-06 0.18932 0.000167092 0.000204816 6.14949e-06 0.00196884 0.0829314 6.11886e-06 0.00309649 0.000109754 0.0720678 0.136224 
0.000164479 0.0245265 0.00321503 0.00522322 0.0305753 0.0041407 0.311593 0.033177 0.00392556 3.0707e-06 0.0194329 0.102711 0.199208 0.00661272 2.96711e-05 6.17702e-08 0.0808255 0.00324709 4.52141e-05 1.82237e-05 0.00301911 0.063754 0.00114974 0.0395562 0.00016695 0.0341418 0.0295378 
0.00726668 0.034678 0.00826759 0.00282123 0.0226693 0.000741985 0.408253 0.00104427 0.00114502 1.64773e-05 0.12576 0.0485067 0.0558839 0.0084899 0.000349189 0.00412092 0.0887835 0.00218122 7.69136e-05 0.00875113 0.00200342 0.00602434 6.9093e-05 0.00419967 0.0196236 0.00335804 0.134914 
7.84849e-11 0.00769579 0.0155615 0.0648827 0.0109636 5.09952e-11 0.78288 5.13296e-07 8.89633e-11 1.72187e-06 0.00106744 1.47237e-11 0.0116749 0.000219896 0.00151964 0.0346411 0.00111967 9.4227e-05 0.00750168 0.00057094 0.00612168 0.0311496 1.4922e-10 0.00316322 0.000501503 0.000161357 0.0185075 
0.000111806 0.00548353 0.000250863 0.000759054 0.00649121 0.000719751 0.708113 0.000170259 0.000941356 7.37896e-06 0.00767154 0.0949921 0.0411902 0.000533634 0.000269747 1.6964e-10 0.0489991 0.00244129 0.000225244 1.52355e-05 0.000564035 0.00860099 8.0403e-05 0.00718313 0.00532091 0.0490286 0.00983611 
0.000655986 0.065804 0.0136466 0.00132116 0.0659168 0.0155061 0.599793 0.00349013 0.000974908 6.02407e-05 0.06958 0.0349514 0.0287458 0.00707025 8.58014e-06 3.92267e-08 0.012386 9.27756e-05 0.000195456 0.000712081 0.00632723 0.00555034 0.00111787 0.00972793 0.00371176 0.02052 0.0321332 
0.00520746 0.0545977 0.00734396 0.000553996 0.016835 0.00140908 0.606821 0.000269123 0.00126172 7.99679e-06 0.11191 0.0128908 0.0652664 0.00912277 0.000257698 0.000451846 0.0202138 0.00455819 8.74626e-05 0.0173852 0.00188227 0.0016905 4.21533e-05 0.00176098 0.0397403 0.00662284 0.0118095 
0.00463864 0.0292739 0.0166014 0.00649536 0.0902546 0.0128917 0.179724 0.0133734 0.00035909 0.000131243 0.142024 0.0623239 0.104691 0.023908 0.000141615 2.67632e-05 0.0837248 0.000336654 0.000419445 0.00312073 0.0247198 0.0905548 0.000947348 0.039333 0.00362993 0.0133652 0.0529898 
0.00138497 0.000716341 0.000219359 0.00167414 0.0396119 0.00115697 0.50233 0.00144117 0.00111618 1.67435e-05 0.000787482 0.0691173 0.0307286 0.00891702 1.38264e-05 1.54673e-06 0.121954 0.000263691 0.000169999 1.44995e-06 0.00284149 0.070952 5.65551e-06 0.00490045 6.69197e-05 0.111885 0.0277257 
0.00105736 0.0507099 0.00357608 0.0251644 0.0262076 0.000822601 0.286315 0.00278976 4.18734e-05 2.2002e-06 0.0696807 0.0601094 0.0710544 0.00201861 0.000674391 6.67422e-05 0.176888 0.00327162 0.0140805 0.000117974 0.0183305 0.0555687 0.000182684 0.0457168 0.00821365 0.0175827 0.0597556 
0.00520746 0.0545977 0.00734396 0.000553996 0.016835 0.00140908 0.606821 0.000269123 0.00126172 7.99679e-06 0.11191 0.0128908 0.0652664 0.00912277 0.000257698 0.000451846 0.0202138 0.00455819 8.74626e-05 0.0173852 0.00188227 0.0016905 4.21533e-05 0.00176098 0.0397403 0.00662284 0.0118095 
0.00214516 0.0468177 0.0913568 1.81549e-06 0.0183767 0.000361278 0.536934 0.0022108 1.08256e-09 9.39598e-08 0.00664146 0.00114599 0.0908676 0.000338819 2.48026e-09 0.187139 0.000433601 0.000495361 1.81269e-06 0.00574887 0.00360293 0.00209323 6.25785e-05 0.000611279 3.36037e-06 0.000122493 0.00248692 
2.19937e-05 0.001716 0.0115119 0.00362595 0.00801704 0.000166318 0.474221 0.0068885 0.000104434 8.9173e-07 0.212568 0.0181523 0.0211098 0.000448307 7.40135e-06 2.32419e-10 0.114514 0.000261771 0.000274209 6.70659e-05 0.00105487 0.0877119 0.0010531 0.0106413 0.000302245 0.000380665 0.02518 
3.27722e-05 0.00545966 0.00779566 1.57905e-07 0.0197413 0.000720701 0.914017 1.16083e-05 0.000141059 1.25068e-08 0.0010861 9.50369e-05 3.51941e-07 0.0103697 6.11051e-07 2.02532e-11 0.00102835 0.000773992 0.000171177 0.000601736 0.0061958 8.12213e-05 7.99882e-09 7.34306e-05 0.0194033 0.0121991 2.5378e-07 
6.82986e-05 0.00142483 1.29138e-05 0.00034003 0.0104765 0.000104366 0.724246 0.000133118 0.00104871 1.57215e-06 0.00187769 0.0805035 0.00776257 0.000604028 0.000293727 8.97762e-07 0.140086 0.000127886 0.000116985 7.74593e-07 0.00115007 0.0127806 0.00012794 0.00405744 0.000366197 0.00395931 0.0083283 
0.00181745 0.0113285 0.00125911 0.000747577 0.0110961 0.00102671 0.48582 0.0025993 0.211864 3.70993e-05 0.0029826 0.029115 0.0269564 0.015088 1.11808e-05 2.52208e-08 0.0988754 0.00101887 9.33262e-05 4.61542e-05 0.00217855 0.00643218 0.000361017 0.00416234 0.0197628 0.0189193 0.0464008 
6.64975e-05 0.00454641 0.000267161 0.00116988 0.0101335 7.58943e-05 0.966726 0.000410098 5.42348e-05 4.20301e-05 0.0012999 0.00103763 0.00462358 0.00048942 6.15296e-09 1.03393e-11 0.000675266 0.000190473 3.12216e-05 1.6466e-08 0.00189746 0.00133075 2.58527e-09 0.000176708 1.82339e-05 0.00427769 0.000459817 
2.40537e-07 0.0252392 0.00408734 0.0413475 0.00839767 6.8795e-05 0.795814 0.00134136 8.97953e-06 2.67097e-06 0.0047353 0.0157061 0.0245648 0.00267055 0.0048473 7.91807e-07 0.00700609 0.000272081 0.0269771 2.26995e-05 0.000326827 0.0162155 5.60777e-08 0.00811905 1.28949e-08 0.000396265 0.0118319 
9.8218e-07 0.230755 0.00776445 0.00658288 0.008753 0.00575273 0.632408 0.000167339 1.63829e-05 2.36905e-06 0.0228084 0.0115242 0.0319544 0.000199605 3.92306e-05 1.32851e-09 0.00275176 0.00182541 2.80511e-07 0.000191675 0.00185519 0.000835081 0.00032892 0.0130785 0.00281121 0.0144809 0.00311167 
6.82986e-05 0.00142483 1.29138e-05 0.00034003 0.0104765 0.000104366 0.724246 0.000133118 0.00104871 1.57215e-06 0.00187769 0.0805035 0.00776257 0.000604028 0.000293727 8.97762e-07 0.140086 0.000127886 0.000116985 7.74593e-07 0.00115007 0.0127806 0.00012794 0.00405744 0.000366197 0.00395931 0.0083283 
0.000447024 0.0715748 0.00670129 0.000185252 0.00933404 0.00170256 0.593769 0.000951658 0.000206671 5.70584e-07 0.0280458 0.0802962 0.0895332 0.00174069 2.85668e-05 9.76994e-10 0.0516921 0.00112687 0.000328015 0.00184424 0.000273858 0.0388629 4.57788e-06 0.00423459 0.00201672 0.00409345 0.0110052 
0.000252984 0.0683945 0.00455909 0.0223467 0.00148621 0.000407127 0.585946 0.000165551 9.3731e-09 2.70401e-06 0.0880304 0.00468098 0.071071 0.000610915 0.000528884 7.46956e-07 0.0124256 0.00488657 0.0710851 0.000362976 0.000561843 0.0225659 2.93953e-06 0.00881509 3.64719e-05 0.00106103 0.0297132 
7.84849e-11 0.00769579 0.0155615 0.0648827 0.0109636 5.09952e-11 0.78288 5.13296e-07 8.89633e-11 1.72187e-06 0.00106744 1.47237e-11 0.0116749 0.000219896 0.00151964 0.0346411 0.00111967 9.4227e-05 0.00750168 0.00057094 0.00612168 0.0311496 1.4922e-10 0.00316322 0.000501503 0.000161357 0.0185075 
0.000665188 0.0152369 0.0853784 0.000760767 0.0632524 0.0396331 0.323216 0.00333701 0.00560444 4.83846e-05 0.189994 0.032468 0.0535265 0.00407626 0.000448859 6.98683e-09 0.0996189 0.000420765 0.000108359 0.00742625 0.00116695 0.0313305 0.00105544 0.00871586 0.00600729 0.00751794 0.0189859 
0.00385237 0.0113356 0.0231332 1.07146e-06 0.00410837 0.00884966 0.559287 0.000108942 3.70547e-08 1.18188e-06 0.0219431 0.00410509 0.0502239 0.00159888 3.98512e-05 2.3844e-09 0.000830195 1.79902e-06 2.49335e-08 0.0028257 0.00462847 1.13172e-06 6.79264e-06 0.00319727 0.29583 0.000108813 0.00398133 
1.66943e-05 0.0296623 0.0058219 6.87447e-05 0.00113719 4.39353e-05 0.789127 1.58085e-06 0.00165049 1.89704e-05 0.00585883 0.000269141 0.00415078 9.3674e-05 0.000294608 0.00629583 0.000637359 1.16042e-06 0.000142948 0.00315102 0.000212096 0.0001697 1.5211e-09 0.00163426 0.144758 0.000114517 0.00466728 
3.55679e-07 0.0278302 0.229484 1.5758e-06 0.0647714 8.81359e-11 0.346711 4.66145e-07 0.00395415 2.09008e-10 0.0307422 0.00196035 0.00969442 0.165595 7.92129e-07 1.52755e-05 0.00574352 0.000533197 2.92822e-06 0.0114698 0.00137102 0.00723216 1.42965e-07 0.0895 0.000658531 0.000272375 0.00245555 
2.90782e-06 0.00100124 1.54167e-09 4.01076e-05 0.00482805 8.18057e-05 0.841265 3.69702e-05 0.000692308 3.12825e-07 0.00391026 0.0773663 0.0081587 0.000274705 1.18608e-05 5.30728e-12 0.0398327 3.37041e-05 0.000106092 6.48466e-08 0.000164913 0.00133934 7.48595e-05 0.00272095 0.000139101 7.13733e-05 0.0178467 
5.34164e-05 0.0006775 0.0415133 4.00262e-05 0.0104682 2.31765e-05 0.449329 4.73604e-05 0.00116033 8.71302e-07 0.0232728 0.150493 0.00387012 0.00197516 0.0136374 4.8513e-08 0.293668 3.92468e-05 0.00012407 8.27287e-07 0.000596775 0.00122432 5.33051e-05 0.00134244 0.000127881 4.77009e-05 0.00621374 
1.31455e-05 0.0113559 0.0147393 0.0505341 0.0882486 7.42698e-05 0.643883 0.0107358 0.000213899 4.02113e-05 0.00579593 0.00105457 0.0314114 0.00632214 3.50151e-05 0.00319522 0.0218192 0.000791315 0.0221881 0.00129225 0.00574153 0.0363126 3.53591e-08 0.0181146 4.86264e-06 0.00740277 0.0186802 
6.82986e-05 0.00142483 1.29138e-05 0.00034003 0.0104765 0.000104366 0.724246 0.000133118 0.00104871 1.57215e-06 0.00187769 0.0805035 0.00776257 0.000604028 0.000293727 8.97762e-07 0.140086 0.000127886 0.000116985 7.74593e-07 0.00115007 0.0127806 0.00012794 0.00405744 0.000366197 0.00395931 0.0083283 
3.55679e-07 0.0278302 0.229484 1.5758e-06 0.0647714 8.81359e-11 0.346711 4.66145e-07 0.00395415 2.09008e-10 0.0307422 0.00196035 0.00969442 0.165595 7.92129e-07 1.52755e-05 0.00574352 0.000533197 2.92822e-06 0.0114698 0.00137102 0.00723216 1.42965e-07 0.0895 0.000658531 0.000272375 0.00245555 
0.000352347 0.0049952 0.0407114 0.0033649 0.0559185 0.00414106 0.389215 0.000246476 0.000689082 9.48655e-06 0.0724754 0.0313265 0.0149556 0.00401459 0.0556728 2.83578e-07 0.102982 1.13644e-05 0.00152937 0.00606434 0.00519163 0.00233545 0.0170436 0.0187418 0.0656289 0.00383079 0.0985524 
7.48984e-05 0.0469523 0.00533849 0.00152268 0.00321461 0.00246145 0.570779 0.00130223 6.66419e-06 2.26579e-05 0.0370231 0.0104643 0.047884 0.0030121 0.000536459 2.92792e-07 0.00585705 0.107133 0.00010581 0.0573559 0.000664312 0.00176318 3.66504e-05 0.00187077 0.0883247 0.00151787 0.00477464 
0.00123386 0.0064402 0.000915148 0.000716759 0.0354511 0.00365088 0.261432 0.00193844 0.00510495 4.18333e-06 0.0291025 0.252006 0.013429 0.00298253 0.001004 2.47421e-07 0.140262 7.57524e-05 0.000216468 7.93478e-05 0.00123812 0.00691382 0.000149386 0.0047404 0.000188011 0.0137501 0.216975 
0.00970289 0.0398105 0.0244977 0.00861935 0.0577057 0.00366648 0.552111 0.00917704 4.84862e-05 8.9987e-06 0.0544762 0.0116642 0.0157117 0.0218678 4.31122e-05 6.48685e-06 0.0624242 0.008278 0.000430899 0.000211909 0.0155471 0.00633216 6.69682e-06 0.00580978 0.0259057 0.0285831 0.0373528 
0.000224869 0.0668045 0.0226003 0.000458438 0.0846482 0.00301767 0.584683 0.00227371 7.4794e-05 2.58947e-06 0.0792241 0.00884315 0.0561847 0.00685563 0.000467518 5.04846e-08 0.0111246 0.000560538 0.0012814 0.000120394 0.0164421 0.00284925 3.42403e-06 0.00842632 0.0134942 0.0164033 0.0129317 
6.82986e-05 0.00142483 1.29138e-05 0.00034003 0.0104765 0.000104366 0.724246 0.000133118 0.00104871 1.57215e-06 0.00187769 0.0805035 0.00776257 0.000604028 0.000293727 8.97762e-07 0.140086 0.000127886 0.000116985 7.74593e-07 0.00115007 0.0127806 0.00012794 0.00405744 0.000366197 0.00395931 0.0083283 
2.90782e-06 0.00100124 1.54167e-09 4.01076e-05 0.00482805 8.18057e-05 0.841265 3.69702e-05 0.000692308 3.12825e-07 0.00391026 0.0773663 0.0081587 0.000274705 1.18608e-05 5.30728e-12 0.0398327 3.37041e-05 0.000106092 6.48466e-08 0.000164913 0.00133934 7.48595e-05 0.00272095 0.000139101 7.13733e-05 0.0178467 
0.00028816 0.0711784 0.00439629 0.0282877 0.0014417 0.000613394 0.571899 0.000175942 3.50504e-07 2.83679e-06 0.0933786 0.00478143 0.0677978 0.000624784 0.000876754 0.000959031 0.0120626 0.00535041 0.0674666 0.000346136 0.000549029 0.0225025 3.33178e-06 0.00847397 0.00716848 0.00110041 0.0282746 
0.000308734 0.0412943 0.0102779 0.00514444 0.04123 0.00972977 0.311606 0.00279673 0.0403165 1.57226e-05 0.255376 0.0125207 0.117674 0.00245801 2.76514e-05 7.39562e-12 0.0144982 0.000364816 0.000160896 0.000239094 0.00151911 0.00717408 7.04882e-07 0.00183762 0.043874 0.0373021 0.0422522 
0.0472689 0.00909326 0.123138 0.00728768 0.0412425 6.48039e-05 0.283232 0.00673188 1.72956e-06 4.74786e-06 0.142209 0.0215281 0.0578728 0.0462715 5.22977e-05 7.04665e-10 0.118869 0.0165468 0.000171658 0.0148638 0.00357241 0.0011613 0.00302809 0.00585397 0.0247556 0.000832734 0.0243444 
0.00027989 0.000925781 0.00020138 0.000141785 0.00892327 6.45074e-05 0.628918 0.000176911 0.000808656 1.39022e-06 0.00397944 0.114479 0.0338447 0.000578657 0.000122806 4.23625e-07 0.156857 5.33563e-05 6.19432e-05 3.28334e-07 0.00103427 0.00970516 0.000210594 0.00401469 0.000230309 0.00185923 0.0325271 
0.000976893 0.0010325 0.000182741 0.00142305 0.0323841 0.000827897 0.555267 0.00103755 0.00111906 1.0712e-05 0.00158504 0.07277 0.026507 0.00742657 0.000178621 3.63621e-06 0.13285 0.000255921 0.000164215 1.70674e-06 0.00237737 0.0543152 2.69746e-05 0.00484744 0.000131597 0.0781171 0.0241804 
4.91013e-07 0.0582757 0.00332649 0.000699547 0.0129547 8.82724e-06 0.465513 0.000207805 4.28654e-05 1.06597e-05 0.0303549 0.0707947 0.0525351 0.000327559 1.90297e-05 9.88177e-10 0.0383632 5.01262e-06 0.00573007 5.87181e-05 0.00372214 0.0195073 2.81209e-05 0.214196 0.00024125 0.00029033 0.0227865 
0.000101956 0.00438952 0.000183435 0.000551083 0.00557167 0.000340698 0.821138 8.40143e-05 0.000492681 4.93118e-06 0.00336229 0.0463991 0.0135533 0.000299997 0.00123785 2.32646e-07 0.0697951 0.0011185 0.000159759 1.64105e-05 0.000668927 0.00652601 6.63e-05 0.00227769 0.00998589 0.00376465 0.00791029 
1.39959e-05 0.00173998 7.31219e-05 9.46388e-05 0.0151341 1.51998e-08 0.884374 2.98727e-08 0.000782623 2.25817e-05 0.00103558 0.037394 0.0225695 0.000175071 6.46384e-07 8.47126e-12 0.0156029 0.000147777 3.08184e-05 7.09148e-12 0.000608716 0.00389218 3.83378e-08 0.0116895 2.67673e-05 0.00117433 0.00341729 
0.0010588 0.0525718 0.0457188 0.00240939 0.146409 0.00344447 0.206562 0.000490465 0.00250827 0.00109791 0.0667789 0.0530374 0.146427 0.00226421 1.32452e-06 1.35267e-07 0.06532 8.92372e-05 0.000325869 0.000843918 0.0531168 0.0107713 6.54134e-05 0.0493902 0.0163305 0.0155968 0.0573695 
0.000479357 0.0239231 0.00169328 0.00189213 0.00899631 0.00122995 0.666092 0.000139175 0.000243002 8.78379e-06 0.0168457 0.0332103 0.0454547 0.000327975 9.19993e-06 1.46526e-08 0.116137 0.00476799 0.000334283 0.000132387 0.00158468 0.00840961 1.45361e-05 0.00123601 0.0324224 0.0153073 0.0191089 
0.0221479 0.0669221 0.00118682 0.000262684 0.052284 0.0015053 0.204499 0.00341765 0.0807397 0.000173617 0.0355978 0.094182 0.120179 0.00287223 7.81245e-05 1.33255e-10 0.0703791 0.00370964 0.000545977 0.000447582 0.0649923 0.00783644 0.00110951 0.0333259 0.104488 0.00760085 0.0195156 
8.07355e-06 0.00403444 0.0119446 0.000120873 0.0156878 0.00176614 0.592845 0.00025963 0.000308144 2.87956e-05 0.0104826 0.00357408 0.00411973 0.00396346 1.57038e-05 4.5589e-06 0.00143793 8.107e-05 7.7074e-05 0.000435234 0.0160975 0.000637318 5.20268e-06 0.00118343 0.308843 0.0146876 0.00735064 
0.000404373 0.013253 0.0319084 0.00240137 0.0541319 0.00728775 0.232652 0.000978365 0.00159199 0.0452559 0.0558117 0.0251816 0.00900731 0.0108443 0.0139065 0.0105611 0.135107 0.0166927 0.00103236 0.0123027 0.0266219 0.00662011 8.41705e-06 0.00765795 0.156004 0.0882215 0.0345546 
3.40756e-05 0.0198765 0.00626476 4.46535e-05 0.00370268 0.00012268 0.898192 2.21501e-06 0.0060523 5.74109e-06 0.0154165 0.000146024 0.00335098 0.000708665 0.000378316 0.00503689 0.00051951 1.83272e-10 7.89778e-05 0.00172021 0.000358636 0.000144036 6.67802e-12 0.00109204 0.0329005 0.00193272 0.00191815 
5.28035e-05 0.0446704 0.0582216 0.00207153 0.00367725 0.00108183 0.541662 1.57956e-05 0.000130307 3.63054e-05 0.0832746 0.0512648 0.0312324 0.00621516 3.71285e-05 1.38603e-06 0.0384168 0.000855346 0.000102708 5.64149e-05 0.000616632 0.0238826 0.00107267 0.00198614 0.00850573 0.00296184 0.0978976 
0.000805653 0.0354064 0.00253684 0.0149607 0.0410363 0.00164105 0.5858 0.000353477 2.50514e-06 2.3314e-06 0.0356576 0.0128671 0.0230866 0.00879182 3.1613e-05 3.1426e-10 0.100253 0.0181477 0.00136543 3.58721e-05 0.0127894 0.00408886 0.000377102 0.0103265 0.00439714 0.00771728 0.0775214 
7.84849e-11 0.00769579 0.0155615 0.0648827 0.0109636 5.09952e-11 0.78288 5.13296e-07 8.89633e-11 1.72187e-06 0.00106744 1.47237e-11 0.0116749 0.000219896 0.00151964 0.0346411 0.00111967 9.4227e-05 0.00750168 0.00057094 0.00612168 0.0311496 1.4922e-10 0.00316322 0.000501503 0.000161357 0.0185075 
0.00651514 0.0247704 0.243322 0.000325794 0.0901655 0.00627952 0.367484 0.0265994 0.000236875 0.00018665 0.0692448 0.0034936 0.0283792 0.0279943 9.54522e-06 1.21434e-09 0.0458008 0.000384033 8.24687e-05 0.00325513 0.00921053 0.000972678 0.000759884 0.0021411 0.00904961 0.00540317 0.0279339 
0.000321328 0.0182568 0.00163541 5.51506e-05 0.136006 0.000542333 0.424255 0.000134378 0.0012719 9.1496e-06 0.0165224 0.173981 0.0293687 0.00388001 1.28033e-05 2.75747e-08 0.107405 6.9568e-06 0.000164568 7.59476e-09 0.00600062 0.0169848 0.000214168 0.0458451 0.000251608 0.00444004 0.0124347 
3.27722e-05 0.00545966 0.00779566 1.57905e-07 0.0197413 0.000720701 0.914017 1.16083e-05 0.000141059 1.25068e-08 0.0010861 9.50369e-05 3.51941e-07 0.0103697 6.11051e-07 2.02532e-11 0.00102835 0.000773992 0.000171177 0.000601736 0.0061958 8.12213e-05 7.99882e-09 7.34306e-05 0.0194033 0.0121991 2.5378e-07 
