0.000119033 0.0033942 0.0721739 0.0022383 0.0675128 0.00992354 0.0709854 0.282102 0.000332234 1.8257e-07 0.180221 4.68723e-06 0.0396597 0.0137098 0.000101289 1.17445e-08 0.144101 2.54229e-05 1.31346e-08 2.79481e-06 3.61123e-05 0.0652312 1.2913e-05 0.0120636 2.7574e-06 2.19355e-05 0.0360241 
0.0036507 0.0438205 0.00536624 0.0524934 0.0169184 0.0219197 0.00286911 0.49591 0.000253871 6.59618e-05 0.0385515 0.0508763 0.0903926 0.0049363 3.44814e-06 0.0142239 0.0225606 0.000112102 0.00157043 0.00180545 0.00252989 0.0464516 0.00110377 0.0675672 9.07032e-05 0.0046776 0.00927892 
1.47228e-06 0.00478764 0.0350135 9.46158e-07 0.000942103 0.00688852 5.98428e-07 0.943834 1.66884e-06 2.26852e-06 0.00117026 8.31357e-05 2.63366e-07 5.15846e-07 0.00229792 2.83649e-06 0.00118913 2.71491e-06 3.1722e-06 2.37449e-06 5.98662e-07 5.37504e-07 2.79918e-06 6.35946e-07 0.000518361 3.227e-07 0.00325187 
3.2836e-06 0.000610598 0.0923265 0.00780143 0.0955048 2.18821e-06 0.0405489 0.193343 8.5906e-07 1.04031e-07 0.0616932 2.80822e-06 0.0102993 0.0664916 0.00403347 2.76011e-07 0.0673933 3.57376e-07 6.887e-08 2.64501e-10 0.0108211 0.112541 7.73164e-06 0.0152983 5.7684e-11 0.168306 0.0529702 
0.00372521 0.0118628 0.0447836 3.09035e-07 0.103399 0.0124634 0.0107447 0.207224 0.00668902 1.95501e-05 0.110851 0.108059 0.183609 0.00656514 0.00059887 1.38039e-11 0.0299008 0.000498967 0.000238693 0.00300638 0.000414024 0.00936458 0.00253638 0.0178878 5.88263e-05 0.00390526 0.121594 
1.26516e-06 0.00312405 0.00638339 8.40899e-08 0.121433 0.000718631 0.0498425 0.322314 0.00124602 2.39756e-08 0.0895417 0.00354276 0.00425647 0.0344875 2.6794e-05 1.71439e-06 0.280197 2.55103e-05 3.48173e-08 4.28848e-06 0.0196225 0.00162881 6.36231e-05 0.00361638 1.95813e-06 0.054098 0.00382235 
9.79839e-06 0.003571 0.215767 1.14994e-05 0.153168 0.00629963 0.0011396 0.327864 7.47148e-05 2.40651e-06 0.111254 0.0319677 0.0259796 0.0070452 8.70037e-05 8.72735e-07 0.0159361 0.000405802 2.42857e-05 2.95214e-08 0.0299447 0.00264279 0.00988779 0.0105087 3.07793e-05 0.0346597 0.0117171 
8.54041e-10 0.000821739 0.000697951 1.14905e-10 0.00533697 0.000214567 0.0292401 0.902404 0.000904025 2.75497e-10 0.00951405 0.00153665 0.00384359 0.00120969 1.92547e-05 4.71776e-08 0.0381373 1.89666e-05 4.69418e-08 2.88366e-10 1.62068e-07 0.001585 4.57377e-07 0.000946591 2.52381e-08 0.00345146 0.000116987 
4.27499e-06 0.0299625 0.231156 0.00323647 0.00242435 0.0188533 0.0281746 0.262548 0.0339205 1.80019e-06 0.241955 0.00155746 0.00441717 0.00222132 1.30528e-06 6.83793e-07 0.0176703 3.58662e-06 0.0322743 2.99713e-06 0.000215271 0.0139861 0.000441795 0.0237375 7.03363e-05 8.71652e-07 0.0511623 
0.00201745 0.0195926 0.0245482 0.00673682 0.135152 0.00578774 0.0230697 0.235369 0.003399 0.000147349 0.138843 0.0559385 0.034366 0.0377575 7.70067e-05 0.00128569 0.175972 0.00308122 0.0012519 0.00876476 0.00904982 0.0231739 0.00283837 0.015828 0.00169196 0.0150945 0.0191656 
0.00372521 0.0118628 0.0447836 3.09035e-07 0.103399 0.0124634 0.0107447 0.207224 0.00668902 1.95501e-05 0.110851 0.108059 0.183609 0.00656514 0.00059887 1.38039e-11 0.0299008 0.000498967 0.000238693 0.00300638 0.000414024 0.00936458 0.00253638 0.0178878 5.88263e-05 0.00390526 0.121594 
2.61013e-05 0.00158091 0.00400102 2.27765e-09 0.0470075 0.000482169 0.00294452 0.823225 0.000206021 4.12338e-06 0.0142583 0.0145367 0.0286242 0.0337182 1.18183e-07 7.89398e-08 0.0172019 1.63346e-07 7.85135e-08 2.68929e-10 0.0012109 4.56516e-07 7.67543e-07 0.000226937 4.23202e-08 0.00145687 0.00928683 
0.0497864 0.108383 0.0205503 0.106257 0.124916 0.00183601 0.000342294 0.205376 2.76224e-05 5.0609e-09 0.0235285 0.0670692 0.00602976 0.0833128 3.61192e-07 0.000361834 0.0923271 3.91833e-07 5.50832e-05 0.000195953 0.00107227 0.0883199 6.24476e-09 0.00455892 9.29686e-05 0.00857694 0.00702248 
0.00290546 0.018959 0.000679573 0.0935547 0.0587459 0.000403178 0.000274349 0.507355 0.000162854 9.0714e-05 0.0461637 0.0538832 0.00536167 0.0249284 0.000118654 2.66478e-08 0.0102493 7.64774e-06 3.04698e-05 3.79769e-06 0.00567593 0.0879449 7.5224e-05 0.0662038 1.85948e-06 0.00730119 0.0089199 
0.0863054 0.00015874 0.00060918 1.12358e-06 0.048001 5.13028e-06 0.00092539 0.510383 0.0245466 4.42414e-06 0.00131034 0.0025636 0.000618489 0.00419865 4.48982e-05 4.3547e-11 0.0775533 2.56442e-07 3.66808e-05 1.19002e-05 0.00362154 0.000952915 0.226522 0.000109306 0.00868112 0.000946608 0.00188812 
0.0107918 0.00394806 0.000246818 0.030176 0.0202637 0.00349795 0.000509777 0.861017 0.000137508 1.10578e-05 0.00450382 0.0134434 0.0102168 0.00253935 1.31111e-06 2.46364e-08 0.0067606 5.50148e-05 4.96681e-05 6.86998e-06 0.00564176 0.00852092 0.000163061 0.0108926 9.29355e-06 0.00058617 0.00600976 
0.0017946 0.00870086 0.0496694 0.00109773 0.0828517 0.00575732 0.0121862 0.263446 0.0010681 2.07159e-06 0.142436 0.0322795 0.0380105 0.0241402 7.68183e-06 7.36053e-07 0.250461 8.03253e-05 0.000798617 3.62474e-05 0.00247081 0.00570327 0.000502984 0.0112175 2.56963e-05 0.047947 0.0173085 
0.00545231 5.67901e-09 2.56954e-06 0.00257526 0.287304 1.53589e-06 6.72167e-06 0.460103 2.11831e-08 2.87951e-08 0.00171782 0.0481533 0.000217391 0.0131136 4.8533e-08 7.21869e-06 0.0505915 3.52535e-05 0.00114419 3.01401e-08 0.000608973 6.82272e-09 3.5531e-08 2.56045e-06 6.57316e-09 0.128961 1.37882e-06 
0.0918995 0.0544901 2.52864e-06 0.190948 0.000551608 2.12429e-09 1.494e-05 0.292 0.000150966 0.000148081 3.51136e-10 0.14347 0.18002 0.0061083 8.4907e-09 6.29887e-09 0.000145779 3.58681e-06 7.04438e-09 5.27292e-09 1.69607e-06 0.0104081 6.21603e-09 1.53575e-06 1.14995e-09 2.94891e-06 0.0296327 
6.32638e-08 6.06517e-05 0.000632441 1.63e-10 0.0057791 1.45925e-07 0.000455685 0.974828 0.00020454 1.40816e-11 0.00278554 7.3529e-08 1.97082e-07 9.21267e-08 1.5959e-08 1.06571e-08 0.0147116 2.20811e-08 1.05964e-08 1.47394e-11 0.000112333 6.17759e-08 0.000239977 8.18993e-05 5.72251e-09 0.000107602 2.29548e-08 
7.91127e-06 0.00835836 0.00401968 0.00631098 0.0370244 0.000322269 0.0228394 0.751577 4.85825e-07 1.14744e-09 0.0193599 0.00147255 0.000592965 0.00099475 1.07758e-07 7.20904e-08 0.0863811 1.47899e-07 7.18429e-08 4.7643e-07 2.447e-07 0.0436811 0.000491824 0.0149454 1.26686e-05 6.55412e-05 0.00154038 
0.0315508 0.00332246 0.0293002 0.00192039 0.0109398 0.0091218 0.000269811 0.83142 1.10947e-05 0.000133783 0.0206346 0.00629599 0.0073049 0.022819 1.421e-06 1.21057e-06 0.00245479 1.187e-06 4.72633e-05 5.3649e-07 4.66738e-07 0.000639782 0.000148811 0.0214757 1.3723e-05 2.13972e-07 0.000170228 
0.00145097 0.0324768 0.00705694 0.0198219 0.232944 9.98797e-05 0.201914 0.258619 8.74144e-05 7.7772e-07 0.0815578 0.0112672 0.0297906 0.00438357 0.00421045 1.25247e-10 0.0499944 0.00141211 0.0049828 1.95432e-07 0.00185506 0.00589848 9.0465e-06 0.0107356 0.000717701 0.000324467 0.0383893 
0.00665452 0.0341996 0.0694022 0.0261296 0.0794 0.0078118 0.0130235 0.19106 0.00199001 0.00025142 0.132221 0.0340675 0.0294353 0.0286148 0.000143546 0.000140253 0.0473515 0.000221396 0.0101488 0.000131695 0.00567348 0.0230433 0.00433264 0.166947 0.00115521 0.0050104 0.0814393 
0.00145097 0.0324768 0.00705694 0.0198219 0.232944 9.98797e-05 0.201914 0.258619 8.74144e-05 7.7772e-07 0.0815578 0.0112672 0.0297906 0.00438357 0.00421045 1.25247e-10 0.0499944 0.00141211 0.0049828 1.95432e-07 0.00185506 0.00589848 9.0465e-06 0.0107356 0.000717701 0.000324467 0.0383893 
0.0195044 0.0144865 0.0100779 0.0240817 0.0906604 0.00165382 0.00297439 0.212695 6.72122e-05 5.70821e-05 0.211087 0.0407216 0.0304383 0.0455932 1.5131e-05 3.15303e-07 0.166846 0.000265393 0.0039238 3.96786e-05 0.0180737 0.0276728 0.0010222 0.0342127 0.000830205 0.00932015 0.0336795 
0.0863054 0.00015874 0.00060918 1.12358e-06 0.048001 5.13028e-06 0.00092539 0.510383 0.0245466 4.42414e-06 0.00131034 0.0025636 0.000618489 0.00419865 4.48982e-05 4.3547e-11 0.0775533 2.56442e-07 3.66808e-05 1.19002e-05 0.00362154 0.000952915 0.226522 0.000109306 0.00868112 0.000946608 0.00188812 
1.63782e-07 0.0709014 0.0238458 0.00794644 0.143368 0.00521027 0.00537539 0.181153 0.00276771 1.63695e-07 0.161108 0.100758 0.125052 0.0271729 0.000752367 1.63632e-07 0.021211 0.00209482 1.63595e-07 1.63683e-07 0.015667 0.0207973 0.00765833 0.0433288 1.63888e-07 0.00903157 0.0247982 
1.21925e-09 5.59509e-06 0.0594694 4.70211e-06 0.117291 0.0204471 4.95583e-10 0.751029 1.38203e-09 1.87865e-09 1.30948e-10 2.28731e-10 3.35902e-06 7.30543e-06 3.1664e-09 2.34901e-09 0.0517151 2.24833e-09 1.65529e-05 1.96641e-09 3.02473e-06 4.45129e-10 2.31812e-09 6.10971e-06 5.15045e-07 2.67241e-10 1.88521e-06 
8.60212e-08 0.00205042 6.74583e-05 0.00481397 0.112054 0.00151332 4.16846e-05 0.795862 1.30573e-05 1.12972e-06 0.00488715 0.00458806 0.00100605 0.0121167 2.23397e-07 1.65728e-07 0.0389473 1.58625e-07 1.85343e-07 1.38735e-07 0.00134644 0.000137298 0.0126929 0.00284808 3.02562e-08 0.00206591 0.00294574 
0.00800733 0.00993565 0.000940292 0.0355993 0.0417366 0.00321967 0.0017264 0.725488 0.000328674 3.78783e-05 0.00979345 0.0315806 0.0371555 0.00425887 1.05539e-05 0.00319301 0.020111 2.68388e-05 0.00080951 0.000110929 0.0062567 0.0220207 0.00517537 0.0136731 1.41594e-05 0.000970762 0.0178194 
0.0262065 0.0505182 0.0240911 0.0232738 0.0442403 0.00346675 0.0029888 0.505768 0.000201146 0.000985296 0.0160542 0.0414213 0.0377001 0.00341548 0.000545597 0.00273042 0.0237367 9.36797e-06 0.0022523 0.0240277 0.0110107 0.103439 3.10758e-07 0.0216356 5.43738e-05 0.0140087 0.0162185 
0.0010747 0.0123857 0.0041287 0.0338095 0.0095437 4.09312e-06 0.00977666 0.441044 0.00143333 0.000132856 0.01105 0.0997122 0.229125 0.000436697 5.45462e-05 7.61789e-08 0.0522515 1.66239e-05 0.0036971 0.00119914 0.00162803 0.0358816 6.78591e-06 0.00270001 4.95802e-05 0.00166858 0.0471902 
6.70534e-08 0.0019851 0.0103762 6.45797e-06 0.0931354 1.51278e-07 0.00338668 0.8176 0.000365622 2.07751e-11 0.0116887 7.62255e-08 2.04308e-07 0.00544439 1.65545e-08 1.10556e-08 0.0397649 2.05127e-05 1.09935e-08 2.17456e-11 0.000644393 0.000390925 1.07662e-07 8.19069e-05 5.93372e-09 0.0151075 2.37975e-08 
0.00481684 0.0371003 0.00108803 3.84536e-05 0.0112913 2.12834e-08 4.32415e-07 0.929671 3.71298e-08 1.78363e-06 0.00385918 0.000556344 0.00513869 0.00111694 8.50687e-08 6.31087e-08 0.00500568 6.04038e-08 7.0578e-08 5.28297e-08 0.000121006 1.29818e-05 5.02479e-05 9.10328e-05 1.15214e-08 3.94544e-05 9.04268e-09 
0.000916001 0.0179328 0.0262994 0.00198684 0.138491 0.00583689 0.00806019 0.491629 0.0022906 3.54236e-06 0.0696479 0.0320999 0.0130918 0.0194992 0.000227295 5.75792e-07 0.121987 4.03185e-05 0.000392642 1.92783e-05 0.00585907 0.0116993 0.00040769 0.0189385 3.97419e-05 0.00436984 0.00823336 
0.000755717 0.00139407 0.00713346 0.00361497 0.0170036 0.000129922 0.0227129 0.745078 0.00017337 1.02591e-05 0.0145124 0.0269554 0.0516704 0.000548677 4.92841e-06 1.30709e-06 0.069265 2.95458e-05 1.46179e-06 1.09419e-06 0.000567407 0.00330984 0.00251902 0.0116996 3.46553e-05 6.2636e-05 0.0208101 
5.01449e-05 0.0086911 0.0153537 0.0114208 0.052286 0.000201334 0.331736 0.464887 0.000287212 3.08136e-05 0.0107454 0.0104498 0.0105872 0.0253899 0.00221319 6.55121e-05 0.035169 7.50903e-05 0.00531807 1.83093e-05 0.0016965 0.00399427 0.000143873 0.00373403 7.18385e-06 0.00164805 0.00380012 
0.0470016 0.0693333 0.0228996 0.110392 0.00738349 0.0225393 0.000322269 0.298462 1.91027e-06 3.67625e-05 0.00159749 0.00756685 0.0151124 0.00197948 9.06952e-08 6.72827e-08 0.0164859 3.91258e-05 4.78605e-05 4.76408e-07 8.04075e-06 0.296056 6.63979e-08 0.0823785 1.22835e-08 1.38438e-05 0.000341062 
0.00551844 0.0325498 0.0109003 0.0277631 0.0207255 0.00156034 0.00896848 0.596219 0.000269568 4.49553e-05 0.0233708 0.0477748 0.120427 0.00180156 2.19635e-05 0.00168627 0.0225092 0.0013348 0.000949642 0.000209053 0.0119362 0.0364936 0.000474895 0.0121088 0.000639541 0.00172528 0.0120173 
2.67765e-07 0.0158724 0.0609245 1.72079e-07 7.87785e-05 0.000222309 0.000144659 0.887238 0.000181895 4.12579e-07 0.00886257 0.000246711 1.43808e-05 0.000935054 6.95386e-07 4.33212e-06 4.98113e-05 4.93764e-07 5.76933e-07 4.31851e-07 1.08879e-07 0.000115781 5.09091e-07 0.0250355 2.85822e-05 5.86899e-08 4.11657e-05 
9.06243e-08 0.00224444 0.0209373 0.00474394 0.000231724 9.19014e-05 0.000552172 0.899651 2.43772e-05 7.18985e-06 0.0250509 0.000791791 0.0131166 0.000274941 3.64591e-05 1.74597e-07 0.00258469 8.19667e-05 4.00641e-05 1.20105e-05 6.74082e-05 0.00309411 8.89834e-05 0.00564827 9.5532e-06 0.00636378 0.0142539 
0.00267182 0.0947943 0.0519379 0.00507559 0.0474912 0.0130507 0.0243537 0.420793 0.000186108 2.91888e-05 0.0250472 0.0147297 0.0747936 0.005477 5.40092e-05 0.000332916 0.0885022 0.0113633 0.000228559 0.00872288 0.00833291 0.0406934 0.000853281 0.025109 0.00200771 0.0230064 0.0103621 
0.00485403 0.126756 0.0868147 0.0138199 0.123124 0.0125492 0.00453882 0.271373 3.57298e-05 2.99794e-06 0.00944462 0.00860364 0.0145264 0.0297082 0.0153826 2.25418e-08 0.168604 1.05061e-07 3.57651e-05 7.85468e-06 0.00468503 0.0796436 4.21545e-06 0.0178395 1.76658e-06 1.51724e-06 0.00764247 
0.0139703 1.08241e-05 2.38542e-06 8.23123e-06 3.57834e-05 7.11219e-06 2.51164e-09 0.96443 7.00421e-09 9.52111e-09 0.00232098 0.00109033 1.10536e-09 0.0123013 1.60475e-08 0.00100038 5.49018e-06 1.31756e-05 1.33139e-08 0.000643771 2.18632e-05 0.00413443 1.17483e-08 2.40103e-06 2.17342e-09 1.5854e-06 1.70582e-09 
0.0129468 0.0215117 0.0493447 0.0150517 0.0041202 0.00631586 0.000574303 0.378392 0.00110713 3.65078e-08 0.106437 0.00927626 0.0854185 0.00788604 2.22098e-07 1.62678e-09 0.00260308 1.55705e-09 4.30425e-07 5.75809e-07 0.000995186 0.184766 7.13552e-06 0.108602 8.54234e-05 0.00385179 0.000705261 
0.0153118 0.0450354 0.000324788 0.0013321 0.100279 0.000211713 0.00514528 0.235102 0.00321701 5.44876e-05 0.0534662 0.0308937 0.000362392 0.0011633 8.07129e-07 5.30484e-06 0.13106 2.59913e-06 8.18116e-07 1.16819e-06 0.00960581 0.140471 4.03732e-06 0.0122775 1.59228e-05 0.00192206 0.212733 
0.00510523 0.0035536 5.17173e-05 0.0101339 0.00904334 0.000773491 3.3284e-05 0.620487 0.00490591 1.33701e-10 0.0255962 0.0350254 0.0017217 0.00172014 5.97521e-07 5.59415e-07 0.00363768 0.000114624 0.00511977 1.82587e-07 0.00115499 0.268934 1.21645e-06 0.00250497 5.13351e-08 0.000127285 0.000253223 
0.0136552 0.0602271 0.00844632 0.013683 0.160644 0.000712484 0.0101714 0.332173 0.000516925 4.30892e-05 0.0962143 0.047001 0.04635 0.031119 1.24096e-05 1.49902e-07 0.0501508 0.000165202 0.00462124 9.62009e-05 0.00433754 0.0113884 0.000435542 0.0145873 0.014693 0.00683006 0.0717257 
4.20619e-07 0.000670905 0.00101015 0.138218 0.000382111 0.00053395 0.000787069 0.604515 4.76775e-07 0.000259083 0.00129198 0.000228724 0.0679509 0.00010671 0.00013467 8.10364e-07 0.000851645 7.75631e-07 9.06276e-07 6.78374e-07 0.000148394 0.0758397 7.99707e-07 0.103833 1.90259e-05 4.46975e-05 0.00316899 
8.54041e-10 0.000821739 0.000697951 1.14905e-10 0.00533697 0.000214567 0.0292401 0.902404 0.000904025 2.75497e-10 0.00951405 0.00153665 0.00384359 0.00120969 1.92547e-05 4.71776e-08 0.0381373 1.89666e-05 4.69418e-08 2.88366e-10 1.62068e-07 0.001585 4.57377e-07 0.000946591 2.52381e-08 0.00345146 0.000116987 
0.000174206 0.000677857 0.0151584 0.000812282 0.0985963 0.00216328 0.0239146 0.344111 0.00040268 0.000113976 0.0972361 0.0937784 0.00375504 0.0774817 0.000206296 1.44243e-08 0.216268 1.79114e-07 0.000121065 1.22344e-05 0.0104291 0.00183801 0.0105004 0.000464392 5.49653e-06 0.000474912 0.0013037 
0.00145097 0.0324768 0.00705694 0.0198219 0.232944 9.98797e-05 0.201914 0.258619 8.74144e-05 7.7772e-07 0.0815578 0.0112672 0.0297906 0.00438357 0.00421045 1.25247e-10 0.0499944 0.00141211 0.0049828 1.95432e-07 0.00185506 0.00589848 9.0465e-06 0.0107356 0.000717701 0.000324467 0.0383893 
0.0117493 0.0247414 0.00565098 0.00238641 0.0793237 0.00388198 0.0151081 0.265684 1.55577e-05 6.36817e-05 0.250687 0.0587304 0.0425411 0.00542966 3.90505e-06 1.9761e-06 0.0100502 0.000336778 3.69985e-05 0.0159467 0.0391495 0.0162083 8.83919e-05 0.00109552 0.100462 0.00825982 0.0423663 
0.018241 0.0253138 0.000142714 0.0043684 0.053496 0.00440397 0.00303222 0.633482 4.56743e-05 2.1467e-06 0.002897 0.116443 0.0148517 0.0643061 1.15304e-05 9.96463e-06 0.0169423 2.36179e-06 0.000726436 0.00069307 0.00359929 0.00721599 0.000186442 0.000136983 4.14078e-05 0.000279452 0.0291288 
0.00553605 0.0765618 0.121395 0.0024405 0.175233 0.0238776 0.00348825 0.200848 0.000180767 8.17033e-07 0.0704722 0.0113052 0.0136848 0.0649157 1.64878e-05 2.03533e-09 0.114592 0.000298297 5.15202e-06 0.000199828 0.00687071 0.0081411 8.44571e-05 0.0689914 0.028373 0.00150626 0.000981049 
0.00480567 0.014972 1.26988e-08 0.00264669 3.18746e-06 2.30375e-08 2.90442e-07 0.649547 4.01899e-08 1.19613e-06 1.96584e-05 0.00317996 0.00114084 6.35438e-06 9.20797e-08 2.6821e-05 0.00149678 2.74048e-06 7.63947e-08 5.71837e-08 1.44173e-08 0.310095 6.74114e-08 0.0120536 9.86814e-07 7.77144e-09 6.61988e-07 
0.000311416 0.00119062 0.000510011 4.28274e-05 0.0627624 0.000581889 0.00939542 0.671309 0.00145028 1.29179e-05 0.0366256 0.0292951 0.0200507 0.0443212 2.92334e-05 2.4487e-08 0.0484262 0.000258539 3.9808e-06 7.95995e-06 0.00404962 0.00299575 6.25893e-05 0.0190593 4.2422e-06 0.0231557 0.0240872 
3.4414e-07 4.22742e-05 0.0111222 6.61107e-09 0.075195 1.63978e-06 0.00212252 0.650125 0.000139833 1.55483e-09 0.0441905 8.2613e-07 2.21401e-06 1.03519e-06 1.81623e-07 1.21459e-07 0.215287 2.49711e-07 1.20983e-07 1.62746e-09 7.62907e-05 0.00137217 0.000165153 5.61411e-05 6.46005e-08 7.4074e-05 2.45383e-05 
4.69156e-05 0.169646 0.00138729 1.75829e-05 0.00946776 4.59108e-06 0.00868585 0.313983 7.62358e-08 2.62792e-05 0.103523 0.029818 0.0161714 0.00399292 1.74665e-07 5.99417e-06 0.294675 1.24022e-07 3.14647e-05 5.85657e-05 4.33793e-05 0.00795641 4.83928e-05 0.0080472 2.94534e-05 1.32324e-05 0.0323199 
0.00124749 0.00962012 0.208471 0.0137524 0.0756255 0.00166881 0.000148386 0.321757 0.000833267 0.000633356 0.0424096 0.125806 0.00244295 0.0259058 8.31647e-05 1.70714e-08 0.0137212 5.69143e-07 0.00838967 0.00164134 0.0201112 0.00373421 0.000150861 0.121027 3.91213e-08 3.48994e-05 0.000783595 
0.0308198 0.0250938 0.00220644 0.23883 0.076833 0.0697578 0.00047349 0.241344 0.000668676 0.00098572 0.0119978 0.0209121 0.111852 0.0138877 5.94118e-05 5.4446e-07 0.00349959 0.00240123 2.36199e-05 0.00175587 0.00151166 0.00767408 3.75887e-07 0.000828218 0.135783 0.000244879 0.000555586 
0.00202459 0.118979 0.0287084 0.008213 0.0168979 0.0293381 8.97412e-05 0.663457 0.00318454 8.83723e-06 0.0687647 0.0247042 0.00146923 0.024717 2.00076e-08 0.00134401 0.000287742 0.00100884 2.81858e-05 1.24252e-08 0.000510422 0.00157793 6.26941e-05 0.00369819 0.000100259 7.43624e-05 0.000750935 
0.00419558 0.00569702 0.0029689 0.00206555 0.0511439 0.00285467 0.00101081 0.263951 3.8692e-07 3.86618e-10 0.0130187 0.210866 0.0605888 0.0983567 6.40788e-05 4.83415e-10 0.202487 7.93949e-05 0.000158221 1.60038e-07 0.0137393 0.0195475 0.00313515 0.0433729 0.000154983 1.89378e-05 0.000523857 
0.0863054 0.00015874 0.00060918 1.12358e-06 0.048001 5.13028e-06 0.00092539 0.510383 0.0245466 4.42414e-06 0.00131034 0.0025636 0.000618489 0.00419865 4.48982e-05 4.3547e-11 0.0775533 2.56442e-07 3.66808e-05 1.19002e-05 0.00362154 0.000952915 0.226522 0.000109306 0.00868112 0.000946608 0.00188812 
0.0129389 0.126244 0.0371726 0.00226395 0.0409298 0.00273475 0.00486206 0.208973 0.00136936 0.000651437 0.147382 0.085053 0.0271246 0.123775 5.63163e-05 0.00020045 0.0762866 9.16591e-05 0.000274947 0.0104764 0.0114497 0.00757054 0.000189616 0.0380919 4.83162e-05 0.00103542 0.0327539 
7.91127e-06 0.00835836 0.00401968 0.00631098 0.0370244 0.000322269 0.0228394 0.751577 4.85825e-07 1.14744e-09 0.0193599 0.00147255 0.000592965 0.00099475 1.07758e-07 7.20904e-08 0.0863811 1.47899e-07 7.18429e-08 4.7643e-07 2.447e-07 0.0436811 0.000491824 0.0149454 1.26686e-05 6.55412e-05 0.00154038 
0.00145805 0.00683947 0.0220072 0.00372075 0.247001 0.00206265 0.0071999 0.379692 0.000524087 4.2485e-05 0.0549299 0.0170143 0.0124831 0.0326025 0.00622702 7.86354e-06 0.122161 0.000322412 4.08896e-05 0.000149968 0.0235415 0.00704568 0.000109583 0.00942599 1.1357e-05 0.0345893 0.00879027 
0.00305241 0.013675 0.0030195 0.0408583 0.0292982 0.00220088 0.00664785 0.472483 0.000964225 5.9672e-05 0.0134192 0.0684177 0.130689 0.00197215 3.76917e-05 0.00145436 0.0474638 0.00123696 0.00364748 0.000792153 0.0054359 0.0589411 0.0011626 0.0357205 0.000130174 0.00908951 0.0481307 
0.00384587 0.178519 0.0230377 0.0047449 0.00317741 0.00806851 0.0296936 0.656402 2.46506e-06 0.0087005 0.00138274 0.0036052 0.0227743 0.00201418 1.18429e-05 3.31783e-07 0.0291941 9.51272e-08 0.00105408 0.000314897 2.69836e-06 0.00129489 0.00184771 0.019021 0.000346335 1.49738e-07 0.000944336 
7.04874e-05 0.148953 6.03545e-05 1.38003e-05 0.00494406 1.41796e-05 1.97092e-05 0.73836 5.4434e-06 4.25227e-06 0.0034921 0.00744226 0.00173101 0.0921774 7.16704e-06 5.31691e-06 0.00106241 2.5386e-05 5.94619e-06 4.4509e-06 7.90302e-05 2.33783e-05 5.24698e-06 0.00140969 9.70681e-07 6.37352e-05 1.90244e-05 
0.00158655 0.0017139 0.0661056 0.000397136 0.089453 0.000862208 0.000863501 0.639343 0.000564286 4.29274e-09 0.0641136 0.0160246 0.0134263 0.00785217 8.15017e-06 0.00377613 0.0559206 0.000254559 0.0037386 0.000252722 0.00870253 0.00938005 0.00900876 0.00450772 1.94191e-05 0.000601268 0.00152356 
2.84955e-06 0.000508078 0.00210438 5.35328e-11 0.0215607 1.82368e-07 0.000170896 0.887639 0.000319385 1.28351e-10 0.0112769 0.000761904 1.4901e-11 0.0025342 4.30742e-07 1.63445e-08 0.039886 1.53607e-10 5.10741e-05 3.05786e-05 0.0133145 0.000167799 0.000385679 6.06532e-08 6.80434e-05 0.0192046 1.3094e-05 
8.19574e-07 0.00579283 0.113484 0.0131937 0.0556655 0.00110768 0.00419879 0.530341 7.09703e-05 1.26282e-06 0.0513665 0.001551 0.00206709 0.0128788 8.299e-05 1.57899e-06 0.00556499 6.11498e-05 5.82014e-05 5.39853e-05 0.00689674 0.000387695 6.37094e-05 0.193931 1.37897e-06 0.000144085 0.00103285 
0.000235086 0.0521977 2.64987e-05 0.00101499 0.0284259 0.000100817 0.0429538 0.614938 3.59063e-05 4.97843e-06 0.0134133 0.00965004 0.000556914 0.000673593 6.97025e-06 4.11553e-05 0.208181 4.41865e-05 9.5008e-05 6.73572e-07 0.00154482 0.00350933 7.94046e-07 0.0024721 1.26952e-05 0.00236827 0.0174953 
0.00031969 0.000319913 0.192257 0.000319804 0.000319968 0.224182 0.00031988 0.351999 0.000319649 0.00031952 0.000319975 0.19229 0.000319952 0.000319897 0.0322376 0.000319397 0.000319954 0.000319424 0.000319325 0.000319498 0.00031988 0.000319893 0.000319405 0.000319872 0.000319897 0.000319939 0.000319921 
7.10681e-05 0.000767397 0.0040961 5.46272e-08 0.0368839 1.90405e-07 0.000121719 0.831434 0.000319342 1.5508e-10 0.00758378 0.00538219 1.17179e-07 0.0524017 4.26554e-07 1.84407e-08 0.020717 1.85596e-10 5.10686e-05 3.05482e-05 0.0172218 0.000167817 0.000153132 0.000228151 3.79927e-05 0.0223171 1.30857e-05 
0.0152371 0.0645475 0.0293305 0.0150959 0.0124283 0.0468323 0.0058819 0.621589 1.37154e-06 1.11069e-07 0.00336087 0.0249575 0.00365208 0.0692742 1.87203e-07 8.02616e-07 0.0255419 1.98878e-05 0.00610142 0.000136965 5.66735e-05 0.00392633 1.37051e-07 0.0515707 0.000138614 0.000132754 0.000184394 
0.00217553 0.0169526 0.00867177 0.00409999 0.0354523 0.00908672 0.0112337 0.437151 0.000117203 1.00973e-08 0.0837379 0.0560471 0.105477 0.00832177 3.48441e-06 5.67405e-07 0.060459 5.45044e-09 2.84325e-07 0.000160836 0.00335434 0.00832404 0.00287977 0.140501 8.85068e-05 6.77209e-05 0.00563606 
0.00488259 0.0402547 0.00740495 0.0541727 0.0606915 0.0177333 0.000698036 0.499112 0.000366835 4.77534e-06 0.070144 0.0619407 0.00601426 0.00388669 3.08698e-05 6.2385e-06 0.0579238 0.000587476 0.00606979 0.00013756 0.0010267 0.0250314 0.000448633 0.0705604 2.21143e-06 0.00173596 0.00913256 
9.29643e-06 0.000629002 0.00333189 0.00256151 0.0184842 2.64918e-07 0.000325669 0.916402 0.000255316 1.00667e-10 0.00202442 0.00138497 1.64266e-05 0.0105775 1.6967e-10 1.25871e-10 0.0300654 2.97622e-07 2.78879e-08 7.3303e-05 0.00312497 0.00124903 8.99006e-08 0.00871489 9.26686e-07 0.000205247 0.000563139 
0.017448 0.00335379 0.0175286 0.00287844 0.0112214 0.00140436 0.00041253 0.914051 0.00224393 0.000874948 0.00450274 0.00391639 0.000228808 6.78163e-05 2.69548e-06 7.59816e-07 0.000892631 1.85988e-06 9.74471e-07 5.44411e-06 5.15621e-07 0.00572415 0.00445088 0.00408307 0.000193951 2.36834e-07 0.00451032 
4.25482e-07 0.00516555 0.069678 0.000252268 0.0921292 1.52142e-06 0.00100734 0.691457 0.00255579 4.29835e-06 0.0355533 7.50111e-07 0.000441315 0.0392105 1.34758e-05 2.84937e-09 0.0542603 7.94184e-05 2.5679e-06 1.18042e-06 0.00047028 2.7674e-05 1.90265e-06 0.00752767 3.62103e-07 1.84443e-06 0.000156212 
3.14172e-06 0.000101122 0.00113246 3.054e-10 0.0124034 2.74094e-07 0.00029418 0.96927 0.000340934 1.60067e-11 0.00185128 0.000363465 3.70188e-07 1.73044e-07 2.9959e-08 2.00048e-08 0.0133219 4.14635e-08 1.98891e-08 1.67544e-11 0.0003069 1.16034e-07 1.95048e-07 0.000427334 1.07465e-08 0.000179383 3.70193e-06 
0.000720458 0.000329885 0.00572569 0.000152661 0.119948 5.11659e-05 0.00610466 0.566385 0.000602759 5.47603e-09 0.00869438 0.00132976 0.00168815 0.00424012 1.84022e-06 8.83993e-12 0.217317 2.47779e-06 1.50012e-05 7.40011e-12 0.00894812 0.00303488 0.0434789 0.00472846 4.15867e-05 0.00302428 0.00343438 
3.08777e-05 0.0239375 0.0551233 0.00327413 0.0615876 0.038198 0.00102848 0.298553 3.86722e-05 0.000288821 0.249222 0.0345395 0.0391278 0.00710509 9.13859e-05 7.04491e-07 0.138981 0.00480716 4.46843e-06 6.59594e-05 0.000875574 0.0027172 0.000746617 0.00985041 1.94352e-05 0.000903831 0.0288814 
0.000439391 1.36836e-07 0.00235163 6.53716e-10 0.14923 1.20929e-07 0.000598336 0.502149 0.000454971 3.28826e-12 0.00454764 0.00040488 0.00542022 0.00429182 3.46434e-05 8.8214e-09 0.0195243 1.82892e-08 9.55975e-06 3.44186e-12 0.00395036 0.00121495 0.265518 0.000837698 4.24218e-05 0.038572 0.000408181 
0.0235752 0.0160517 0.0368955 0.0615715 0.0025658 0.0343381 0.00015387 0.650913 0.000871286 0.000782021 0.0263692 0.0470917 0.00891439 0.000644476 7.76584e-06 6.50864e-05 0.0328267 5.32486e-07 0.000147546 4.65717e-07 0.00932082 0.00878837 5.49014e-07 0.0181714 0.00032901 5.59794e-06 0.0195983 
0.000289264 3.21485e-05 0.00561319 3.49546e-06 0.405519 1.12752e-08 2.02799e-07 0.501863 6.98431e-06 2.67384e-08 0.0394402 2.74577e-06 3.10422e-09 0.00111741 0.000190693 3.34329e-08 0.00116096 6.45052e-06 1.4686e-06 0.00250135 0.00978597 6.33542e-09 0.000365311 3.78955e-05 2.51422e-07 0.0313174 0.00074414 
8.54041e-10 0.000821739 0.000697951 1.14905e-10 0.00533697 0.000214567 0.0292401 0.902404 0.000904025 2.75497e-10 0.00951405 0.00153665 0.00384359 0.00120969 1.92547e-05 4.71776e-08 0.0381373 1.89666e-05 4.69418e-08 2.88366e-10 1.62068e-07 0.001585 4.57377e-07 0.000946591 2.52381e-08 0.00345146 0.000116987 
0.0189515 0.000735873 0.00965759 0.00368593 0.28687 0.000335112 0.00720402 0.350436 0.000396072 4.01296e-06 0.0850777 0.0204759 0.0198364 0.0145911 1.09045e-05 1.84063e-06 0.0609502 1.33088e-06 4.83958e-05 0.000172905 0.00929193 0.00988911 0.0885032 0.00548832 0.000373439 0.00046832 0.00654242 
0.0875038 0.000198384 0.000761409 3.37056e-09 0.0481156 6.39442e-06 0.00115651 0.468613 0.0306798 5.49944e-06 0.00163788 0.00237978 0.000773059 0.00314006 5.60665e-05 3.05155e-11 0.0812454 2.4533e-07 4.5801e-05 1.48349e-05 0.00452672 0.00103461 0.253575 0.000136592 0.0108501 0.00118312 0.00236001 
0.00259914 0.0129715 0.000388937 0.0101012 0.0478408 0.000424239 0.00418228 0.626062 2.72158e-05 1.72336e-05 0.0133473 0.0492109 0.140156 0.00348985 1.56166e-05 6.96774e-06 0.0112243 5.91716e-05 2.68122e-05 0.0011347 0.00712958 0.0171277 0.000424639 0.0277938 7.90082e-05 0.00368643 0.0204729 
0.0355702 0.249193 0.0060644 0.0359417 0.0656411 0.0111224 0.00177537 0.283622 0.0181968 0.000182086 0.0223147 0.0380458 0.0268038 0.0215025 1.646e-06 0.00970238 0.0700315 0.000930914 0.0060275 0.00041063 0.00859168 0.0354688 0.000491011 0.0406085 4.85211e-05 0.000564653 0.0111462 
0.00435206 0.0658709 0.056843 0.000555887 0.0613899 0.0217013 0.00304605 0.289003 0.00196701 0.00130954 0.0848004 0.05813 0.0630836 0.0655302 8.52457e-05 7.13557e-10 0.189668 1.21594e-05 0.000270843 7.02244e-05 0.00432866 0.00166084 7.09114e-05 0.00182064 8.85351e-06 0.000642574 0.0237785 
3.39111e-08 1.71142e-05 0.00285086 1.9498e-05 0.0224488 2.71627e-07 0.00468041 0.942155 0.000107945 7.99123e-08 0.00212991 0.000754967 3.66758e-07 0.0151027 1.19816e-05 2.00908e-08 0.00899365 4.13376e-08 2.84501e-06 2.27399e-07 0.000546372 1.15003e-07 3.83191e-05 2.29571e-05 1.00879e-06 9.37456e-05 2.11175e-05 
0.00225319 0.020637 0.0563765 0.0469209 0.297988 0.00364635 0.000397247 0.355154 8.84681e-08 0.000230768 0.0150603 0.0608393 0.00839306 0.0556254 0.000423701 0.00720125 0.0160351 0.00032067 2.47603e-05 0.000415697 0.0072431 0.010648 0.000753751 0.00591738 2.36725e-05 0.00213283 0.0253373 
0.119892 0.0483462 0.00725287 0.162945 0.0379998 0.00265777 0.00195739 0.319104 7.75964e-05 8.07719e-05 0.0245038 0.024069 0.0987234 0.000144993 2.04405e-05 5.82215e-09 0.0183934 2.12096e-06 0.000162968 0.000444991 0.000313708 0.0988267 1.57938e-06 0.0125283 2.19724e-05 0.00871423 0.0128148 
2.43138e-10 0.00165696 0.00400453 2.43806e-06 0.167009 1.57978e-10 0.000143102 0.667622 0.000248272 3.74633e-10 0.00638803 0.00304871 4.34934e-11 0.0728952 1.22828e-07 4.6843e-10 0.057206 0.000318029 7.48331e-05 1.55695e-08 0.000653726 0.00461707 4.12095e-06 0.0141083 1.32474e-08 8.61744e-08 6.71201e-11 
0.0218843 0.114106 0.096771 0.00283183 0.02224 0.14796 0.00394692 0.281651 0.0328213 4.86691e-06 0.039267 0.0425861 0.0452159 0.00642123 8.7699e-06 1.66329e-06 0.0212448 7.41449e-07 0.000101816 0.000291984 0.0183081 0.0332491 0.0241406 0.00882047 0.00133814 8.67795e-05 0.0346997 
6.10212e-06 0.00656609 0.00044649 1.11981e-06 0.32506 1.29805e-05 9.84134e-07 0.412179 1.19898e-06 6.07316e-10 0.122579 0.0246834 0.0456848 0.0118892 1.02361e-09 7.59369e-10 0.00169354 0.000118284 0.000209448 6.35685e-10 0.032587 1.69493e-05 7.49382e-10 0.00135219 1.38634e-10 0.0022228 0.0126894 
0.0166313 0.161521 0.00383542 0.00779435 0.0227775 0.00814222 0.000259088 0.386249 0.00177957 6.98196e-07 0.0235144 0.064043 0.0747709 0.0147197 2.05239e-06 0.00300446 0.0153612 0.000936934 0.00397342 9.19972e-05 0.00211778 0.105167 2.9149e-05 0.0770452 1.69459e-05 0.000194658 0.00602079 
7.17824e-10 0.031889 0.0630621 0.000608594 0.0391969 5.52871e-05 0.00233442 0.705738 2.07389e-07 3.73731e-07 0.0332595 0.00840082 3.08592e-07 0.0674906 1.86419e-09 7.24412e-08 0.0311136 1.32368e-09 3.30014e-06 3.03661e-06 0.0114356 6.90864e-05 9.96582e-07 0.0011688 6.13205e-05 3.11746e-07 0.00410743 
0.00374142 0.00643805 0.012914 0.000785903 0.147749 0.000381744 0.00818861 0.402801 0.00510772 7.5505e-07 0.0368764 0.0617021 0.0292946 0.0614917 4.60665e-06 8.30514e-10 0.13406 2.24518e-05 8.9817e-05 0.000171173 0.0170009 0.00354077 0.0179527 0.0244803 0.000101176 0.00123528 0.0238678 
0.000111782 0.000198825 0.00639761 1.55301e-07 0.0602409 1.74957e-07 0.000854264 0.888831 0.000746367 1.60868e-10 0.00419418 0.000502636 2.36226e-07 0.00477715 1.93701e-08 5.75763e-07 0.0310723 2.76269e-05 0.000267758 1.72865e-07 0.000155016 0.000188616 0.000263046 0.00113012 6.8915e-09 3.95898e-05 2.7538e-08 
2.5872e-08 0.00402113 0.00377841 0.000184297 0.00135228 0.000104462 0.00114586 0.96309 0.0105564 3.98643e-08 9.22904e-05 0.00421663 0.00451139 0.00365522 0.000226875 6.98089e-07 0.000712658 2.26368e-07 5.57445e-08 4.17264e-08 1.05202e-08 1.76554e-05 1.08445e-05 0.00207721 0.00024341 1.76173e-06 7.14217e-09 
0.00062206 0.0200131 0.0206887 0.00398345 0.111492 0.010026 0.000676765 0.442121 0.00119366 2.36687e-05 0.151211 0.00707111 0.0561831 0.0144486 3.8743e-07 2.87417e-07 0.0856046 0.000676374 0.000797037 0.000464745 0.0575712 0.00218323 0.00144796 0.00605946 5.24723e-08 0.00161942 0.00382052 
0.0122795 0.0612774 0.0514885 0.0544676 0.296762 0.00142051 0.00111178 0.317858 3.5563e-06 0.000251912 0.0120869 0.0405772 0.006706 0.0370973 0.000795925 0.00190539 0.0254882 0.000388952 3.26928e-05 0.000971607 0.0184205 0.00896072 0.000567021 0.0112975 8.48562e-05 0.00419627 0.0335015 
2.86009e-05 0.00798377 0.0680559 3.00301e-05 0.0140912 0.00303961 7.37626e-08 0.849138 9.95701e-05 0.000359544 0.00492665 0.0262383 3.33548e-05 0.00147738 3.87999e-05 3.49627e-07 7.36381e-06 0.00261722 2.97446e-05 1.08962e-05 1.31279e-05 0.0161294 1.33756e-05 0.00158774 6.38297e-08 3.97762e-08 0.00405008 
0.000770389 0.00252777 0.214635 0.000344548 0.180946 0.000197865 0.000112345 0.404605 0.0172786 3.31987e-06 0.0369117 0.0059572 0.0136612 0.0227298 2.55014e-05 4.61633e-06 0.000407741 1.37435e-05 1.09488e-07 3.57561e-06 0.0054241 0.000115456 0.0109777 0.0165909 1.35041e-06 0.0640898 0.0016645 
0.00260883 0.106531 0.0116813 0.000120384 0.0890186 0.0149219 0.00109322 0.711125 1.88526e-05 2.7893e-06 0.0163394 0.0150343 0.0080051 0.00233574 2.1859e-06 9.9423e-05 0.00718371 0.000624062 1.20873e-05 7.51433e-07 3.00789e-05 0.000685079 0.00715743 0.00473751 2.58781e-05 9.88799e-06 0.000596124 
0.0263134 0.00911428 0.00541586 1.66933e-05 0.00423382 4.67652e-06 8.15351e-05 0.91553 0.00019188 8.35216e-07 0.00175982 0.000448232 0.00489598 0.010866 1.41567e-07 5.89213e-07 0.00975707 1.00521e-07 1.17452e-07 8.79162e-08 5.34131e-05 0.000183191 2.22493e-05 0.0110903 4.48915e-07 1.7419e-05 2.30016e-06 
0.145786 0.130732 0.070357 1.74473e-10 0.190783 0.00167977 0.00317415 0.258088 0.00085357 1.00529e-07 0.0362596 0.0395987 0.0250633 0.0520475 4.01291e-06 7.7407e-05 0.00490424 8.77029e-05 1.4776e-05 0.00546309 0.0081162 0.0104034 0.00302335 0.00832061 0.000125204 0.000921484 0.00411543 
0.000493043 0.102338 0.0566465 0.00259417 0.126991 0.0159976 0.00883354 0.193466 0.175487 4.50749e-08 0.109312 0.0118836 0.0375375 0.0756912 6.99862e-06 1.30217e-06 0.00683888 2.01709e-05 5.71366e-08 7.54698e-07 0.00268937 0.0311699 5.54762e-07 0.0366031 1.36414e-05 0.00176253 0.00362188 
0.025853 0.122581 0.00452272 0.0238575 0.0235423 0.0011516 0.00568523 0.493244 0.000930455 3.76113e-06 0.106487 0.0267167 0.00422873 0.00631132 4.40804e-06 0.00434005 0.0773186 1.93319e-08 0.000874482 0.00813877 0.00183142 0.0441879 0.000281234 0.0160842 0.000201194 0.000291606 0.00133127 
0.00145097 0.0324768 0.00705694 0.0198219 0.232944 9.98797e-05 0.201914 0.258619 8.74144e-05 7.7772e-07 0.0815578 0.0112672 0.0297906 0.00438357 0.00421045 1.25247e-10 0.0499944 0.00141211 0.0049828 1.95432e-07 0.00185506 0.00589848 9.0465e-06 0.0107356 0.000717701 0.000324467 0.0383893 
0.00067599 0.0503043 0.0432018 0.0222561 0.0239074 0.00857099 0.00279188 0.310191 0.000276129 0.000375874 0.106812 0.0124064 0.0391571 0.0894632 0.000565044 0.000236096 0.00642257 7.39242e-06 0.00019706 0.000789283 0.00627427 0.00157042 9.88968e-05 0.244006 3.07973e-05 0.000885056 0.0285268 
0.00815248 0.0151528 0.0735672 0.000159269 0.0189454 0.0195093 0.00145968 0.361657 2.35044e-07 0.139149 0.00474283 0.0403487 0.0791798 0.0124055 1.71536e-05 3.07504e-08 0.0067921 0.0705319 0.000133031 0.000160759 0.000949515 0.010061 0.0810988 0.0035536 3.25637e-05 0.000147132 0.0520932 
0.0263134 0.00911428 0.00541586 1.66933e-05 0.00423382 4.67652e-06 8.15351e-05 0.91553 0.00019188 8.35216e-07 0.00175982 0.000448232 0.00489598 0.010866 1.41567e-07 5.89213e-07 0.00975707 1.00521e-07 1.17452e-07 8.79162e-08 5.34131e-05 0.000183191 2.22493e-05 0.0110903 4.48915e-07 1.7419e-05 2.30016e-06 
0.0210632 0.00944191 0.00490892 9.53721e-05 0.090765 0.00082918 0.0175219 0.32426 0.0184821 4.67598e-06 0.0318194 0.0767091 0.0337674 0.0534597 6.62245e-06 2.87969e-07 0.208182 0.0233778 0.00189249 5.08529e-05 0.00212929 0.00256237 0.000166669 0.0495969 0.00215488 0.000378302 0.026374 
0.0283069 0.0203671 0.000514194 0.00321267 0.0154765 1.36893e-05 0.000984515 0.640411 7.37013e-07 0.000105375 0.00263708 0.00962974 0.000221508 0.00371364 4.45868e-06 0.000904725 0.00504523 1.42691e-05 4.97435e-05 4.5241e-09 0.00188789 0.0524581 1.07011e-05 0.0140032 0.199891 0.000120065 1.63193e-05 
0.0863054 0.00015874 0.00060918 1.12358e-06 0.048001 5.13028e-06 0.00092539 0.510383 0.0245466 4.42414e-06 0.00131034 0.0025636 0.000618489 0.00419865 4.48982e-05 4.3547e-11 0.0775533 2.56442e-07 3.66808e-05 1.19002e-05 0.00362154 0.000952915 0.226522 0.000109306 0.00868112 0.000946608 0.00188812 
0.00486001 0.0248153 0.0123011 0.00361977 0.125792 0.0108572 0.0223251 0.279851 0.000210341 0.000697022 0.0238673 0.146905 0.0193427 0.0146109 5.28989e-08 1.00849e-06 0.246302 2.14686e-05 0.000170266 0.00184492 0.00368196 0.0195876 0.000190771 0.00638621 6.0625e-06 0.00416122 0.0275907 
0.000629922 0.168896 0.0108273 0.000263509 0.0109674 0.00043873 0.00334991 0.69713 0.00306934 5.51793e-09 0.0217614 0.0145062 0.0311644 0.00111644 0.000384773 6.89944e-09 0.00764733 0.00521053 0.00461571 4.64024e-05 0.000122296 0.0103728 0.00145562 0.00128733 4.46866e-06 0.00270031 0.00203153 
0.00108187 0.0098776 0.00636076 0.00684348 0.142629 0.00752548 0.0299275 0.232275 0.00109971 2.7798e-06 0.125276 0.0134275 0.051548 0.00618727 0.000768654 4.39364e-07 0.228136 5.49521e-05 0.000461469 3.40596e-05 0.0245852 0.0166594 0.00209722 0.0275312 0.0105972 0.0338198 0.0211931 
1.92712e-05 4.56511e-06 4.53416e-06 3.20439e-06 9.18023e-06 1.44466e-08 9.03743e-09 0.99563 2.52027e-08 8.02461e-07 2.38796e-09 2.01711e-06 6.65191e-07 7.67109e-06 5.77423e-08 5.85747e-07 0.000434917 4.10004e-08 1.54248e-06 3.58594e-08 3.04996e-06 0.0038418 4.22731e-08 3.71743e-06 1.74579e-06 2.70867e-05 3.02208e-06 
0.0848967 0.0918806 0.00158983 0.00116141 0.0637151 0.00376762 0.000705455 0.294611 2.45972e-06 9.32193e-08 0.0202105 0.262432 0.00975163 0.0132809 5.51829e-06 3.38544e-08 0.0446805 0.000271143 0.000907419 0.000209445 0.000612643 0.00904627 7.15777e-05 0.062877 7.73387e-08 7.07523e-05 0.0332414 
0.00184325 0.00783051 0.0884232 0.00197125 0.105538 0.000688597 0.00446714 0.508235 0.00179143 5.3169e-06 0.122808 0.0352344 0.0152737 0.0147345 6.5699e-05 0.00255317 0.0617589 7.92391e-06 0.000336977 0.000514797 0.0077937 0.00349936 0.000705115 0.00682288 2.17661e-05 0.00363735 0.00343786 
0.00117165 0.216112 0.0003936 0.163309 0.0455016 0.000846492 0.000490571 0.468935 1.62006e-08 5.11036e-07 0.0184189 0.0399455 0.000847097 0.0133255 2.69097e-07 2.75359e-08 0.0128253 9.90257e-05 0.00949645 7.20133e-06 0.000249277 0.000465221 0.00133714 0.00258208 3.72343e-06 0.000215473 0.00342183 
0.243843 0.0115487 0.00170454 0.0428343 0.068932 0.00186496 0.000267035 0.460507 1.96411e-05 1.40979e-05 0.00477857 0.0313841 0.0123158 0.00524825 1.4086e-05 0.0143192 0.0149154 9.30379e-05 0.000426122 4.33804e-05 0.0028672 0.0396016 0.00010937 0.031306 2.68748e-06 0.00639769 0.00464242 
0.00224943 0.00229791 0.0161429 0.00244089 0.0257779 0.0221349 6.9975e-05 0.353047 9.31457e-07 1.07143e-05 0.0877313 0.0820048 0.00698609 0.0356793 0.00132997 1.36702e-07 0.288843 1.0118e-05 0.00139874 7.46647e-05 0.025059 0.0125842 4.32172e-06 0.0333286 9.02444e-05 7.70709e-06 0.000694651 
0.000112571 0.108624 0.0613743 0.00533975 0.0291912 0.0001306 0.00011026 0.560481 0.000606038 1.32184e-07 0.000775457 0.0571004 0.00822175 0.0081594 7.889e-05 1.65279e-07 0.0512947 0.0376621 0.00264101 7.95484e-05 0.0568921 0.00583723 1.63105e-07 0.000284205 8.58463e-06 1.88034e-08 0.00499399 
8.54041e-10 0.000821739 0.000697951 1.14905e-10 0.00533697 0.000214567 0.0292401 0.902404 0.000904025 2.75497e-10 0.00951405 0.00153665 0.00384359 0.00120969 1.92547e-05 4.71776e-08 0.0381373 1.89666e-05 4.69418e-08 2.88366e-10 1.62068e-07 0.001585 4.57377e-07 0.000946591 2.52381e-08 0.00345146 0.000116987 
0.0175083 0.0279767 0.044369 0.000203467 0.0471699 0.0302679 0.00118686 0.277414 4.89134e-05 5.05335e-06 0.0550008 0.0936565 0.0120518 0.0264176 0.000119876 3.81533e-07 0.0234305 0.00428913 0.0045842 6.7023e-05 0.00176657 0.18083 3.76515e-07 0.0374108 2.94178e-06 0.0076461 0.106576 
