0.0036507 0.0438205 0.00536624 0.0524934 0.0169184 0.0219197 0.00286911 0.49591 0.000253871 6.59618e-05 0.0385515 0.0508763 0.0903926 0.0049363 3.44814e-06 0.0142239 0.0225606 0.000112102 0.00157043 0.00180545 0.00252989 0.0464516 0.00110377 0.0675672 9.07032e-05 0.0046776 0.00927892 
1.47228e-06 0.00478764 0.0350135 9.46158e-07 0.000942103 0.00688852 5.98428e-07 0.943834 1.66884e-06 2.26852e-06 0.00117026 8.31357e-05 2.63366e-07 5.15846e-07 0.00229792 2.83649e-06 0.00118913 2.71491e-06 3.1722e-06 2.37449e-06 5.98662e-07 5.37504e-07 2.79918e-06 6.35946e-07 0.000518361 3.227e-07 0.00325187 
6.20572e-05 0.00374486 0.00582626 0.00135343 0.0440973 0.0014359 0.0223801 0.74486 0.0001863 6.04789e-06 0.0304387 0.0383212 0.00302453 0.0158414 6.22683e-05 1.21805e-05 0.0752287 9.43378e-06 0.000187622 1.58098e-07 0.0011423 0.00214133 0.000223546 0.0088603 3.41804e-06 0.000466434 8.46077e-05 
0.0333152 0.0766493 0.0175394 0.0217493 0.239575 0.00447138 0.00115389 0.41568 0.00146518 1.04056e-05 0.0265267 0.0125232 0.03471 0.037979 1.31056e-05 0.000242926 0.0233301 0.00062552 3.57066e-05 3.30763e-05 0.00373299 0.0189005 0.000405594 0.0186707 0.000190816 0.000566478 0.00990475 
3.2836e-06 0.000610598 0.0923265 0.00780143 0.0955048 2.18821e-06 0.0405489 0.193343 8.5906e-07 1.04031e-07 0.0616932 2.80822e-06 0.0102993 0.0664916 0.00403347 2.76011e-07 0.0673933 3.57376e-07 6.887e-08 2.64501e-10 0.0108211 0.112541 7.73164e-06 0.0152983 5.7684e-11 0.168306 0.0529702 
0.00372521 0.0118628 0.0447836 3.09035e-07 0.103399 0.0124634 0.0107447 0.207224 0.00668902 1.95501e-05 0.110851 0.108059 0.183609 0.00656514 0.00059887 1.38039e-11 0.0299008 0.000498967 0.000238693 0.00300638 0.000414024 0.00936458 0.00253638 0.0178878 5.88263e-05 0.00390526 0.121594 
1.26516e-06 0.00312405 0.00638339 8.40899e-08 0.121433 0.000718631 0.0498425 0.322314 0.00124602 2.39756e-08 0.0895417 0.00354276 0.00425647 0.0344875 2.6794e-05 1.71439e-06 0.280197 2.55103e-05 3.48173e-08 4.28848e-06 0.0196225 0.00162881 6.36231e-05 0.00361638 1.95813e-06 0.054098 0.00382235 
9.79839e-06 0.003571 0.215767 1.14994e-05 0.153168 0.00629963 0.0011396 0.327864 7.47148e-05 2.40651e-06 0.111254 0.0319677 0.0259796 0.0070452 8.70037e-05 8.72735e-07 0.0159361 0.000405802 2.42857e-05 2.95214e-08 0.0299447 0.00264279 0.00988779 0.0105087 3.07793e-05 0.0346597 0.0117171 
8.54041e-10 0.000821739 0.000697951 1.14905e-10 0.00533697 0.000214567 0.0292401 0.902404 0.000904025 2.75497e-10 0.00951405 0.00153665 0.00384359 0.00120969 1.92547e-05 4.71776e-08 0.0381373 1.89666e-05 4.69418e-08 2.88366e-10 1.62068e-07 0.001585 4.57377e-07 0.000946591 2.52381e-08 0.00345146 0.000116987 
4.27499e-06 0.0299625 0.231156 0.00323647 0.00242435 0.0188533 0.0281746 0.262548 0.0339205 1.80019e-06 0.241955 0.00155746 0.00441717 0.00222132 1.30528e-06 6.83793e-07 0.0176703 3.58662e-06 0.0322743 2.99713e-06 0.000215271 0.0139861 0.000441795 0.0237375 7.03363e-05 8.71652e-07 0.0511623 
0.00372521 0.0118628 0.0447836 3.09035e-07 0.103399 0.0124634 0.0107447 0.207224 0.00668902 1.95501e-05 0.110851 0.108059 0.183609 0.00656514 0.00059887 1.38039e-11 0.0299008 0.000498967 0.000238693 0.00300638 0.000414024 0.00936458 0.00253638 0.0178878 5.88263e-05 0.00390526 0.121594 
0.00145097 0.0324768 0.00705694 0.0198219 0.232944 9.98797e-05 0.201914 0.258619 8.74144e-05 7.7772e-07 0.0815578 0.0112672 0.0297906 0.00438357 0.00421045 1.25247e-10 0.0499944 0.00141211 0.0049828 1.95432e-07 0.00185506 0.00589848 9.0465e-06 0.0107356 0.000717701 0.000324467 0.0383893 
2.61013e-05 0.00158091 0.00400102 2.27765e-09 0.0470075 0.000482169 0.00294452 0.823225 0.000206021 4.12338e-06 0.0142583 0.0145367 0.0286242 0.0337182 1.18183e-07 7.89398e-08 0.0172019 1.63346e-07 7.85135e-08 2.68929e-10 0.0012109 4.56516e-07 7.67543e-07 0.000226937 4.23202e-08 0.00145687 0.00928683 
0.0497864 0.108383 0.0205503 0.106257 0.124916 0.00183601 0.000342294 0.205376 2.76224e-05 5.0609e-09 0.0235285 0.0670692 0.00602976 0.0833128 3.61192e-07 0.000361834 0.0923271 3.91833e-07 5.50832e-05 0.000195953 0.00107227 0.0883199 6.24476e-09 0.00455892 9.29686e-05 0.00857694 0.00702248 
0.00290546 0.018959 0.000679573 0.0935547 0.0587459 0.000403178 0.000274349 0.507355 0.000162854 9.0714e-05 0.0461637 0.0538832 0.00536167 0.0249284 0.000118654 2.66478e-08 0.0102493 7.64774e-06 3.04698e-05 3.79769e-06 0.00567593 0.0879449 7.5224e-05 0.0662038 1.85948e-06 0.00730119 0.0089199 
0.0144673 0.00593955 2.82877e-05 0.00657457 0.00328647 0.000162771 0.000307303 0.819294 4.02561e-05 1.11519e-07 0.00257413 0.0123535 3.52344e-05 0.00087411 1.48127e-07 8.03972e-06 0.0281217 6.70018e-07 7.12587e-10 1.26071e-07 0.000688934 0.0862718 6.28794e-10 0.00194539 0.000105661 0.0153425 0.0015775 
0.0863054 0.00015874 0.00060918 1.12358e-06 0.048001 5.13028e-06 0.00092539 0.510383 0.0245466 4.42414e-06 0.00131034 0.0025636 0.000618489 0.00419865 4.48982e-05 4.3547e-11 0.0775533 2.56442e-07 3.66808e-05 1.19002e-05 0.00362154 0.000952915 0.226522 0.000109306 0.00868112 0.000946608 0.00188812 
0.0017946 0.00870086 0.0496694 0.00109773 0.0828517 0.00575732 0.0121862 0.263446 0.0010681 2.07159e-06 0.142436 0.0322795 0.0380105 0.0241402 7.68183e-06 7.36053e-07 0.250461 8.03253e-05 0.000798617 3.62474e-05 0.00247081 0.00570327 0.000502984 0.0112175 2.56963e-05 0.047947 0.0173085 
0.00545231 5.67901e-09 2.56954e-06 0.00257526 0.287304 1.53589e-06 6.72167e-06 0.460103 2.11831e-08 2.87951e-08 0.00171782 0.0481533 0.000217391 0.0131136 4.8533e-08 7.21869e-06 0.0505915 3.52535e-05 0.00114419 3.01401e-08 0.000608973 6.82272e-09 3.5531e-08 2.56045e-06 6.57316e-09 0.128961 1.37882e-06 
6.32638e-08 6.06517e-05 0.000632441 1.63e-10 0.0057791 1.45925e-07 0.000455685 0.974828 0.00020454 1.40816e-11 0.00278554 7.3529e-08 1.97082e-07 9.21267e-08 1.5959e-08 1.06571e-08 0.0147116 2.20811e-08 1.05964e-08 1.47394e-11 0.000112333 6.17759e-08 0.000239977 8.18993e-05 5.72251e-09 0.000107602 2.29548e-08 
0.0875038 0.000198384 0.000761409 3.37056e-09 0.0481156 6.39442e-06 0.00115651 0.468613 0.0306798 5.49944e-06 0.00163788 0.00237978 0.000773059 0.00314006 5.60665e-05 3.05155e-11 0.0812454 2.4533e-07 4.5801e-05 1.48349e-05 0.00452672 0.00103461 0.253575 0.000136592 0.0108501 0.00118312 0.00236001 
7.91127e-06 0.00835836 0.00401968 0.00631098 0.0370244 0.000322269 0.0228394 0.751577 4.85825e-07 1.14744e-09 0.0193599 0.00147255 0.000592965 0.00099475 1.07758e-07 7.20904e-08 0.0863811 1.47899e-07 7.18429e-08 4.7643e-07 2.447e-07 0.0436811 0.000491824 0.0149454 1.26686e-05 6.55412e-05 0.00154038 
0.0315508 0.00332246 0.0293002 0.00192039 0.0109398 0.0091218 0.000269811 0.83142 1.10947e-05 0.000133783 0.0206346 0.00629599 0.0073049 0.022819 1.421e-06 1.21057e-06 0.00245479 1.187e-06 4.72633e-05 5.3649e-07 4.66738e-07 0.000639782 0.000148811 0.0214757 1.3723e-05 2.13972e-07 0.000170228 
0.000299075 0.00676507 0.152782 0.000299007 0.116593 0.00167007 0.00287428 0.395165 0.000185685 1.68304e-05 0.125713 0.0212885 0.00432229 0.0120456 2.28578e-05 6.56115e-08 0.0881 1.12294e-05 0.000430133 0.00186642 0.0189975 0.0037635 0.000409858 0.0154284 0.000134969 0.00992418 0.0208906 
0.00145097 0.0324768 0.00705694 0.0198219 0.232944 9.98797e-05 0.201914 0.258619 8.74144e-05 7.7772e-07 0.0815578 0.0112672 0.0297906 0.00438357 0.00421045 1.25247e-10 0.0499944 0.00141211 0.0049828 1.95432e-07 0.00185506 0.00589848 9.0465e-06 0.0107356 0.000717701 0.000324467 0.0383893 
0.00665452 0.0341996 0.0694022 0.0261296 0.0794 0.0078118 0.0130235 0.19106 0.00199001 0.00025142 0.132221 0.0340675 0.0294353 0.0286148 0.000143546 0.000140253 0.0473515 0.000221396 0.0101488 0.000131695 0.00567348 0.0230433 0.00433264 0.166947 0.00115521 0.0050104 0.0814393 
0.00145097 0.0324768 0.00705694 0.0198219 0.232944 9.98797e-05 0.201914 0.258619 8.74144e-05 7.7772e-07 0.0815578 0.0112672 0.0297906 0.00438357 0.00421045 1.25247e-10 0.0499944 0.00141211 0.0049828 1.95432e-07 0.00185506 0.00589848 9.0465e-06 0.0107356 0.000717701 0.000324467 0.0383893 
0.000943699 0.00364817 0.0742055 0.000555243 0.0609595 5.482e-07 0.000336369 0.697075 3.19341e-05 5.39368e-05 0.000551409 0.0014075 0.000671805 0.00138713 0.000232855 0.00116436 0.00120844 0.000740688 0.000737867 1.36074e-06 0.00145888 0.0191645 0.000555842 0.131796 5.71705e-05 0.000207842 0.000845834 
0.0195044 0.0144865 0.0100779 0.0240817 0.0906604 0.00165382 0.00297439 0.212695 6.72122e-05 5.70821e-05 0.211087 0.0407216 0.0304383 0.0455932 1.5131e-05 3.15303e-07 0.166846 0.000265393 0.0039238 3.96786e-05 0.0180737 0.0276728 0.0010222 0.0342127 0.000830205 0.00932015 0.0336795 
0.00414194 0.00675055 0.00799797 0.000905264 0.157882 0.0005214 0.00506397 0.553406 0.00564476 7.53153e-07 0.0247788 0.0299009 0.0022631 0.0578273 6.23425e-07 1.06601e-07 0.082644 2.90481e-06 1.94286e-05 0.00222941 0.0113398 0.00463756 0.0103116 0.0274973 7.40131e-05 0.00155164 0.00260686 
1.63782e-07 0.0709014 0.0238458 0.00794644 0.143368 0.00521027 0.00537539 0.181153 0.00276771 1.63695e-07 0.161108 0.100758 0.125052 0.0271729 0.000752367 1.63632e-07 0.021211 0.00209482 1.63595e-07 1.63683e-07 0.015667 0.0207973 0.00765833 0.0433288 1.63888e-07 0.00903157 0.0247982 
8.60212e-08 0.00205042 6.74583e-05 0.00481397 0.112054 0.00151332 4.16846e-05 0.795862 1.30573e-05 1.12972e-06 0.00488715 0.00458806 0.00100605 0.0121167 2.23397e-07 1.65728e-07 0.0389473 1.58625e-07 1.85343e-07 1.38735e-07 0.00134644 0.000137298 0.0126929 0.00284808 3.02562e-08 0.00206591 0.00294574 
0.00800733 0.00993565 0.000940292 0.0355993 0.0417366 0.00321967 0.0017264 0.725488 0.000328674 3.78783e-05 0.00979345 0.0315806 0.0371555 0.00425887 1.05539e-05 0.00319301 0.020111 2.68388e-05 0.00080951 0.000110929 0.0062567 0.0220207 0.00517537 0.0136731 1.41594e-05 0.000970762 0.0178194 
0.0262065 0.0505182 0.0240911 0.0232738 0.0442403 0.00346675 0.0029888 0.505768 0.000201146 0.000985296 0.0160542 0.0414213 0.0377001 0.00341548 0.000545597 0.00273042 0.0237367 9.36797e-06 0.0022523 0.0240277 0.0110107 0.103439 3.10758e-07 0.0216356 5.43738e-05 0.0140087 0.0162185 
0.0010747 0.0123857 0.0041287 0.0338095 0.0095437 4.09312e-06 0.00977666 0.441044 0.00143333 0.000132856 0.01105 0.0997122 0.229125 0.000436697 5.45462e-05 7.61789e-08 0.0522515 1.66239e-05 0.0036971 0.00119914 0.00162803 0.0358816 6.78591e-06 0.00270001 4.95802e-05 0.00166858 0.0471902 
6.70534e-08 0.0019851 0.0103762 6.45797e-06 0.0931354 1.51278e-07 0.00338668 0.8176 0.000365622 2.07751e-11 0.0116887 7.62255e-08 2.04308e-07 0.00544439 1.65545e-08 1.10556e-08 0.0397649 2.05127e-05 1.09935e-08 2.17456e-11 0.000644393 0.000390925 1.07662e-07 8.19069e-05 5.93372e-09 0.0151075 2.37975e-08 
0.00481684 0.0371003 0.00108803 3.84536e-05 0.0112913 2.12834e-08 4.32415e-07 0.929671 3.71298e-08 1.78363e-06 0.00385918 0.000556344 0.00513869 0.00111694 8.50687e-08 6.31087e-08 0.00500568 6.04038e-08 7.0578e-08 5.28297e-08 0.000121006 1.29818e-05 5.02479e-05 9.10328e-05 1.15214e-08 3.94544e-05 9.04268e-09 
0.000916001 0.0179328 0.0262994 0.00198684 0.138491 0.00583689 0.00806019 0.491629 0.0022906 3.54236e-06 0.0696479 0.0320999 0.0130918 0.0194992 0.000227295 5.75792e-07 0.121987 4.03185e-05 0.000392642 1.92783e-05 0.00585907 0.0116993 0.00040769 0.0189385 3.97419e-05 0.00436984 0.00823336 
0.000755717 0.00139407 0.00713346 0.00361497 0.0170036 0.000129922 0.0227129 0.745078 0.00017337 1.02591e-05 0.0145124 0.0269554 0.0516704 0.000548677 4.92841e-06 1.30709e-06 0.069265 2.95458e-05 1.46179e-06 1.09419e-06 0.000567407 0.00330984 0.00251902 0.0116996 3.46553e-05 6.2636e-05 0.0208101 
5.01449e-05 0.0086911 0.0153537 0.0114208 0.052286 0.000201334 0.331736 0.464887 0.000287212 3.08136e-05 0.0107454 0.0104498 0.0105872 0.0253899 0.00221319 6.55121e-05 0.035169 7.50903e-05 0.00531807 1.83093e-05 0.0016965 0.00399427 0.000143873 0.00373403 7.18385e-06 0.00164805 0.00380012 
0.00553949 0.0193386 0.015048 0.0155395 0.0803728 0.000195727 0.00973853 0.495407 0.000596414 2.70259e-07 0.0642143 0.0294125 0.0182849 0.00912653 4.40621e-05 5.31095e-06 0.167923 0.00015922 0.000103934 2.07606e-09 0.00697844 0.0169296 0.00016885 0.00173239 9.6711e-06 0.0285178 0.0146129 
0.00134319 0.00972129 0.00859161 0.000338172 0.181834 0.00161808 0.0042015 0.51034 0.003481 2.44358e-06 0.109747 0.0100855 0.0152876 0.0141652 2.905e-05 2.10004e-05 0.0947156 0.00055464 0.000116489 4.06168e-06 0.00107038 0.0065256 2.828e-05 0.0217174 3.1271e-06 0.00202534 0.00243244 
0.0112752 0.0383328 0.0166925 0.0147035 0.0162566 0.000973483 0.0389738 0.470031 0.0018588 0.000823626 0.0218483 0.0542744 0.0623585 0.00142582 4.00381e-05 5.73245e-05 0.030048 0.000130994 0.00251187 0.000317303 0.00338317 0.113538 0.000128967 0.0458653 0.000926903 0.00152773 0.0516968 
0.0356101 0.00180048 0.001769 0.000244381 0.0747143 0.000188194 0.00183095 0.663602 0.0174333 1.9898e-06 0.00425408 0.00868391 0.00164048 0.0273112 0.000144538 3.66891e-09 0.0613781 1.54308e-05 2.95976e-05 4.05556e-06 0.00674891 0.00149418 0.0791978 0.00412691 0.00386681 0.00263207 0.00127691 
0.00551844 0.0325498 0.0109003 0.0277631 0.0207255 0.00156034 0.00896848 0.596219 0.000269568 4.49553e-05 0.0233708 0.0477748 0.120427 0.00180156 2.19635e-05 0.00168627 0.0225092 0.0013348 0.000949642 0.000209053 0.0119362 0.0364936 0.000474895 0.0121088 0.000639541 0.00172528 0.0120173 
6.50162e-05 0.301233 0.00332355 8.88783e-05 0.0268239 0.0202759 0.00207198 0.308508 6.37064e-05 2.67551e-05 0.0445469 0.0784088 0.0424278 0.0248826 8.65148e-06 0.0379877 0.0106519 0.00020541 0.000138219 2.20497e-08 0.00505527 0.00723841 0.00089019 0.0821967 8.76239e-06 0.00174953 0.00112191 
2.67765e-07 0.0158724 0.0609245 1.72079e-07 7.87785e-05 0.000222309 0.000144659 0.887238 0.000181895 4.12579e-07 0.00886257 0.000246711 1.43808e-05 0.000935054 6.95386e-07 4.33212e-06 4.98113e-05 4.93764e-07 5.76933e-07 4.31851e-07 1.08879e-07 0.000115781 5.09091e-07 0.0250355 2.85822e-05 5.86899e-08 4.11657e-05 
0.00086006 0.0914996 0.00680707 0.0168152 0.0313102 0.0517939 0.0102519 0.65476 0.00667363 5.77042e-07 0.014269 0.0226005 0.00583737 0.000390522 3.04595e-08 0.00212635 0.0105093 1.11647e-05 0.00072767 1.89161e-08 9.09696e-05 0.0168991 2.22994e-08 0.0514066 2.27692e-05 1.604e-05 0.00432075 
9.06243e-08 0.00224444 0.0209373 0.00474394 0.000231724 9.19014e-05 0.000552172 0.899651 2.43772e-05 7.18985e-06 0.0250509 0.000791791 0.0131166 0.000274941 3.64591e-05 1.74597e-07 0.00258469 8.19667e-05 4.00641e-05 1.20105e-05 6.74082e-05 0.00309411 8.89834e-05 0.00564827 9.5532e-06 0.00636378 0.0142539 
0.00267182 0.0947943 0.0519379 0.00507559 0.0474912 0.0130507 0.0243537 0.420793 0.000186108 2.91888e-05 0.0250472 0.0147297 0.0747936 0.005477 5.40092e-05 0.000332916 0.0885022 0.0113633 0.000228559 0.00872288 0.00833291 0.0406934 0.000853281 0.025109 0.00200771 0.0230064 0.0103621 
7.56251e-07 0.0368723 0.126155 0.112718 0.0210708 0.0698451 0.000242126 0.326058 0.000187578 4.29298e-05 0.0174207 0.0240202 0.0413524 0.0261409 0.00636839 1.45699e-06 0.162883 0.000268187 0.0101309 1.21968e-06 0.00082057 0.000679628 3.63863e-05 0.0112659 1.85495e-06 0.000450489 0.00496605 
0.0139703 1.08241e-05 2.38542e-06 8.23123e-06 3.57834e-05 7.11219e-06 2.51164e-09 0.96443 7.00421e-09 9.52111e-09 0.00232098 0.00109033 1.10536e-09 0.0123013 1.60475e-08 0.00100038 5.49018e-06 1.31756e-05 1.33139e-08 0.000643771 2.18632e-05 0.00413443 1.17483e-08 2.40103e-06 2.17342e-09 1.5854e-06 1.70582e-09 
4.55989e-08 4.92496e-05 0.287271 2.93041e-08 8.8412e-06 2.96276e-08 1.85343e-08 0.71252 5.16867e-08 7.02599e-08 1.06361e-05 8.5543e-09 5.79702e-06 1.59766e-08 1.1842e-07 8.78507e-08 1.15279e-05 8.34938e-05 9.82484e-08 7.35418e-08 2.4014e-05 1.66474e-08 8.66954e-08 3.88136e-06 1.60385e-08 9.99457e-09 1.05226e-05 
0.0129468 0.0215117 0.0493447 0.0150517 0.0041202 0.00631586 0.000574303 0.378392 0.00110713 3.65078e-08 0.106437 0.00927626 0.0854185 0.00788604 2.22098e-07 1.62678e-09 0.00260308 1.55705e-09 4.30425e-07 5.75809e-07 0.000995186 0.184766 7.13552e-06 0.108602 8.54234e-05 0.00385179 0.000705261 
0.000735294 0.0149066 0.0163098 0.00348542 0.0951074 0.000167335 0.0707818 0.361714 0.000341235 1.59254e-06 0.186549 0.0150492 0.0268542 0.00401507 0.00134981 6.11087e-09 0.167917 0.000410873 0.0012797 0.00059681 0.00239252 0.00549762 0.00077558 0.00726524 0.000289123 0.002616 0.0135923 
0.0153118 0.0450354 0.000324788 0.0013321 0.100279 0.000211713 0.00514528 0.235102 0.00321701 5.44876e-05 0.0534662 0.0308937 0.000362392 0.0011633 8.07129e-07 5.30484e-06 0.13106 2.59913e-06 8.18116e-07 1.16819e-06 0.00960581 0.140471 4.03732e-06 0.0122775 1.59228e-05 0.00192206 0.212733 
0.0136552 0.0602271 0.00844632 0.013683 0.160644 0.000712484 0.0101714 0.332173 0.000516925 4.30892e-05 0.0962143 0.047001 0.04635 0.031119 1.24096e-05 1.49902e-07 0.0501508 0.000165202 0.00462124 9.62009e-05 0.00433754 0.0113884 0.000435542 0.0145873 0.014693 0.00683006 0.0717257 
4.20619e-07 0.000670905 0.00101015 0.138218 0.000382111 0.00053395 0.000787069 0.604515 4.76775e-07 0.000259083 0.00129198 0.000228724 0.0679509 0.00010671 0.00013467 8.10364e-07 0.000851645 7.75631e-07 9.06276e-07 6.78374e-07 0.000148394 0.0758397 7.99707e-07 0.103833 1.90259e-05 4.46975e-05 0.00316899 
0.000334427 0.00895707 0.262912 0.0390928 0.0463766 0.00107902 0.0336237 0.431522 6.83647e-05 7.74679e-07 0.00410886 0.019981 0.00701863 0.0837722 1.20867e-05 2.99135e-07 0.00203883 2.03586e-06 3.09058e-05 2.50413e-07 1.10391e-05 0.0276681 2.95201e-07 0.0301496 2.73247e-06 3.40319e-08 0.00123658 
3.4025e-07 0.00692795 0.0151495 2.27575e-05 0.0735003 3.01664e-06 0.0172026 0.754596 0.000289417 1.31414e-09 0.0216882 1.51994e-06 4.07372e-06 0.0105232 3.3159e-07 2.21557e-07 0.0248914 4.5763e-07 2.20453e-07 1.37552e-09 0.0723444 3.11428e-05 2.14773e-06 8.45358e-05 1.18515e-07 0.00273564 4.7465e-07 
0.00419558 0.00569702 0.0029689 0.00206555 0.0511439 0.00285467 0.00101081 0.263951 3.8692e-07 3.86618e-10 0.0130187 0.210866 0.0605888 0.0983567 6.40788e-05 4.83415e-10 0.202487 7.93949e-05 0.000158221 1.60038e-07 0.0137393 0.0195475 0.00313515 0.0433729 0.000154983 1.89378e-05 0.000523857 
0.00145097 0.0324768 0.00705694 0.0198219 0.232944 9.98797e-05 0.201914 0.258619 8.74144e-05 7.7772e-07 0.0815578 0.0112672 0.0297906 0.00438357 0.00421045 1.25247e-10 0.0499944 0.00141211 0.0049828 1.95432e-07 0.00185506 0.00589848 9.0465e-06 0.0107356 0.000717701 0.000324467 0.0383893 
0.0117493 0.0247414 0.00565098 0.00238641 0.0793237 0.00388198 0.0151081 0.265684 1.55577e-05 6.36817e-05 0.250687 0.0587304 0.0425411 0.00542966 3.90505e-06 1.9761e-06 0.0100502 0.000336778 3.69985e-05 0.0159467 0.0391495 0.0162083 8.83919e-05 0.00109552 0.100462 0.00825982 0.0423663 
0.018241 0.0253138 0.000142714 0.0043684 0.053496 0.00440397 0.00303222 0.633482 4.56743e-05 2.1467e-06 0.002897 0.116443 0.0148517 0.0643061 1.15304e-05 9.96463e-06 0.0169423 2.36179e-06 0.000726436 0.00069307 0.00359929 0.00721599 0.000186442 0.000136983 4.14078e-05 0.000279452 0.0291288 
0.00553605 0.0765618 0.121395 0.0024405 0.175233 0.0238776 0.00348825 0.200848 0.000180767 8.17033e-07 0.0704722 0.0113052 0.0136848 0.0649157 1.64878e-05 2.03533e-09 0.114592 0.000298297 5.15202e-06 0.000199828 0.00687071 0.0081411 8.44571e-05 0.0689914 0.028373 0.00150626 0.000981049 
0.000685837 0.0158894 0.0293376 0.0025192 0.113098 0.00317638 0.00276757 0.628499 0.00659068 9.27701e-05 0.0364427 0.0148766 0.014735 0.0412373 0.000317994 1.31982e-07 0.0509194 0.000140002 0.000140408 0.000641388 0.00444807 0.0020875 0.00388635 0.016133 2.99705e-05 0.00661581 0.00469172 
0.00480567 0.014972 1.26988e-08 0.00264669 3.18746e-06 2.30375e-08 2.90442e-07 0.649547 4.01899e-08 1.19613e-06 1.96584e-05 0.00317996 0.00114084 6.35438e-06 9.20797e-08 2.6821e-05 0.00149678 2.74048e-06 7.63947e-08 5.71837e-08 1.44173e-08 0.310095 6.74114e-08 0.0120536 9.86814e-07 7.77144e-09 6.61988e-07 
0.000311416 0.00119062 0.000510011 4.28274e-05 0.0627624 0.000581889 0.00939542 0.671309 0.00145028 1.29179e-05 0.0366256 0.0292951 0.0200507 0.0443212 2.92334e-05 2.4487e-08 0.0484262 0.000258539 3.9808e-06 7.95995e-06 0.00404962 0.00299575 6.25893e-05 0.0190593 4.2422e-06 0.0231557 0.0240872 
4.71334e-05 0.00620064 0.00196625 0.0247053 0.00842879 1.25889e-06 0.000863715 0.85515 7.8875e-05 4.22951e-10 0.004757 0.00266343 0.00108298 0.0027627 7.12868e-10 5.28845e-10 0.012508 5.06178e-10 2.97056e-08 2.6687e-05 0.00034536 0.0168118 5.2189e-10 0.0615965 5.52821e-09 3.29214e-06 9.0008e-08 
3.4414e-07 4.22742e-05 0.0111222 6.61107e-09 0.075195 1.63978e-06 0.00212252 0.650125 0.000139833 1.55483e-09 0.0441905 8.2613e-07 2.21401e-06 1.03519e-06 1.81623e-07 1.21459e-07 0.215287 2.49711e-07 1.20983e-07 1.62746e-09 7.62907e-05 0.00137217 0.000165153 5.61411e-05 6.46005e-08 7.4074e-05 2.45383e-05 
4.69156e-05 0.169646 0.00138729 1.75829e-05 0.00946776 4.59108e-06 0.00868585 0.313983 7.62358e-08 2.62792e-05 0.103523 0.029818 0.0161714 0.00399292 1.74665e-07 5.99417e-06 0.294675 1.24022e-07 3.14647e-05 5.85657e-05 4.33793e-05 0.00795641 4.83928e-05 0.0080472 2.94534e-05 1.32324e-05 0.0323199 
0.00124749 0.00962012 0.208471 0.0137524 0.0756255 0.00166881 0.000148386 0.321757 0.000833267 0.000633356 0.0424096 0.125806 0.00244295 0.0259058 8.31647e-05 1.70714e-08 0.0137212 5.69143e-07 0.00838967 0.00164134 0.0201112 0.00373421 0.000150861 0.121027 3.91213e-08 3.48994e-05 0.000783595 
0.0308198 0.0250938 0.00220644 0.23883 0.076833 0.0697578 0.00047349 0.241344 0.000668676 0.00098572 0.0119978 0.0209121 0.111852 0.0138877 5.94118e-05 5.4446e-07 0.00349959 0.00240123 2.36199e-05 0.00175587 0.00151166 0.00767408 3.75887e-07 0.000828218 0.135783 0.000244879 0.000555586 
0.00202459 0.118979 0.0287084 0.008213 0.0168979 0.0293381 8.97412e-05 0.663457 0.00318454 8.83723e-06 0.0687647 0.0247042 0.00146923 0.024717 2.00076e-08 0.00134401 0.000287742 0.00100884 2.81858e-05 1.24252e-08 0.000510422 0.00157793 6.26941e-05 0.00369819 0.000100259 7.43624e-05 0.000750935 
0.00113555 0.013344 0.0344312 0.00116208 0.0559295 0.00314365 0.00123329 0.249867 1.36071e-07 4.45573e-05 0.162509 0.11702 0.0308844 0.0548321 2.95229e-10 2.19017e-10 0.237747 2.0963e-10 7.85849e-07 3.90578e-07 0.00225651 0.00244891 3.243e-07 0.00259055 1.25535e-05 4.05076e-05 0.0293672 
0.00145097 0.0324768 0.00705694 0.0198219 0.232944 9.98797e-05 0.201914 0.258619 8.74144e-05 7.7772e-07 0.0815578 0.0112672 0.0297906 0.00438357 0.00421045 1.25247e-10 0.0499944 0.00141211 0.0049828 1.95432e-07 0.00185506 0.00589848 9.0465e-06 0.0107356 0.000717701 0.000324467 0.0383893 
0.00419558 0.00569702 0.0029689 0.00206555 0.0511439 0.00285467 0.00101081 0.263951 3.8692e-07 3.86618e-10 0.0130187 0.210866 0.0605888 0.0983567 6.40788e-05 4.83415e-10 0.202487 7.93949e-05 0.000158221 1.60038e-07 0.0137393 0.0195475 0.00313515 0.0433729 0.000154983 1.89378e-05 0.000523857 
0.0863054 0.00015874 0.00060918 1.12358e-06 0.048001 5.13028e-06 0.00092539 0.510383 0.0245466 4.42414e-06 0.00131034 0.0025636 0.000618489 0.00419865 4.48982e-05 4.3547e-11 0.0775533 2.56442e-07 3.66808e-05 1.19002e-05 0.00362154 0.000952915 0.226522 0.000109306 0.00868112 0.000946608 0.00188812 
0.0129389 0.126244 0.0371726 0.00226395 0.0409298 0.00273475 0.00486206 0.208973 0.00136936 0.000651437 0.147382 0.085053 0.0271246 0.123775 5.63163e-05 0.00020045 0.0762866 9.16591e-05 0.000274947 0.0104764 0.0114497 0.00757054 0.000189616 0.0380919 4.83162e-05 0.00103542 0.0327539 
7.91127e-06 0.00835836 0.00401968 0.00631098 0.0370244 0.000322269 0.0228394 0.751577 4.85825e-07 1.14744e-09 0.0193599 0.00147255 0.000592965 0.00099475 1.07758e-07 7.20904e-08 0.0863811 1.47899e-07 7.18429e-08 4.7643e-07 2.447e-07 0.0436811 0.000491824 0.0149454 1.26686e-05 6.55412e-05 0.00154038 
0.000417449 0.0309757 0.0164051 0.000204023 0.000117119 0.0268276 5.36162e-06 0.796294 3.43532e-06 4.00207e-07 0.0101555 0.0625455 0.00485849 0.0114619 6.74534e-07 1.94387e-06 2.03963e-06 0.000969233 0.000879683 4.18902e-07 1.05615e-07 0.0345007 4.93826e-07 0.00256149 1.47208e-06 5.69301e-08 0.000810512 
0.00785226 0.0272947 0.00332952 1.21386e-07 0.000642168 0.00105843 6.04841e-06 0.942586 3.78262e-06 2.91036e-07 0.00165429 0.00898338 3.3788e-08 0.00031435 4.90529e-07 2.03874e-06 0.0004326 1.85537e-06 8.69771e-05 3.0463e-07 2.22959e-05 0.00414775 3.59116e-07 0.00157003 1.63514e-06 4.14002e-08 8.03808e-06 
0.0232982 0.000695596 0.0178923 0.0031204 0.0872801 8.88487e-08 0.000145535 0.654379 0.00245226 1.13877e-05 0.0325974 0.00233222 0.00432289 0.00898237 3.50333e-05 5.76842e-06 0.058403 7.39001e-06 4.45546e-07 0.000235611 0.00317457 0.00478409 0.0320508 0.0261992 6.97003e-05 0.000296528 0.0372276 
0.00384587 0.178519 0.0230377 0.0047449 0.00317741 0.00806851 0.0296936 0.656402 2.46506e-06 0.0087005 0.00138274 0.0036052 0.0227743 0.00201418 1.18429e-05 3.31783e-07 0.0291941 9.51272e-08 0.00105408 0.000314897 2.69836e-06 0.00129489 0.00184771 0.019021 0.000346335 1.49738e-07 0.000944336 
7.04874e-05 0.148953 6.03545e-05 1.38003e-05 0.00494406 1.41796e-05 1.97092e-05 0.73836 5.4434e-06 4.25227e-06 0.0034921 0.00744226 0.00173101 0.0921774 7.16704e-06 5.31691e-06 0.00106241 2.5386e-05 5.94619e-06 4.4509e-06 7.90302e-05 2.33783e-05 5.24698e-06 0.00140969 9.70681e-07 6.37352e-05 1.90244e-05 
8.19574e-07 0.00579283 0.113484 0.0131937 0.0556655 0.00110768 0.00419879 0.530341 7.09703e-05 1.26282e-06 0.0513665 0.001551 0.00206709 0.0128788 8.299e-05 1.57899e-06 0.00556499 6.11498e-05 5.82014e-05 5.39853e-05 0.00689674 0.000387695 6.37094e-05 0.193931 1.37897e-06 0.000144085 0.00103285 
0.000235086 0.0521977 2.64987e-05 0.00101499 0.0284259 0.000100817 0.0429538 0.614938 3.59063e-05 4.97843e-06 0.0134133 0.00965004 0.000556914 0.000673593 6.97025e-06 4.11553e-05 0.208181 4.41865e-05 9.5008e-05 6.73572e-07 0.00154482 0.00350933 7.94046e-07 0.0024721 1.26952e-05 0.00236827 0.0174953 
0.00031969 0.000319913 0.192257 0.000319804 0.000319968 0.224182 0.00031988 0.351999 0.000319649 0.00031952 0.000319975 0.19229 0.000319952 0.000319897 0.0322376 0.000319397 0.000319954 0.000319424 0.000319325 0.000319498 0.00031988 0.000319893 0.000319405 0.000319872 0.000319897 0.000319939 0.000319921 
7.10681e-05 0.000767397 0.0040961 5.46272e-08 0.0368839 1.90405e-07 0.000121719 0.831434 0.000319342 1.5508e-10 0.00758378 0.00538219 1.17179e-07 0.0524017 4.26554e-07 1.84407e-08 0.020717 1.85596e-10 5.10686e-05 3.05482e-05 0.0172218 0.000167817 0.000153132 0.000228151 3.79927e-05 0.0223171 1.30857e-05 
8.54041e-10 0.000821739 0.000697951 1.14905e-10 0.00533697 0.000214567 0.0292401 0.902404 0.000904025 2.75497e-10 0.00951405 0.00153665 0.00384359 0.00120969 1.92547e-05 4.71776e-08 0.0381373 1.89666e-05 4.69418e-08 2.88366e-10 1.62068e-07 0.001585 4.57377e-07 0.000946591 2.52381e-08 0.00345146 0.000116987 
0.00615409 0.0238323 0.0455336 0.00944315 0.0914689 0.0114287 0.0167794 0.245657 0.00343803 0.000273562 0.146652 0.0580423 0.0376576 0.024255 0.000422675 0.000203948 0.183157 0.000402018 0.00226272 0.00170123 0.00917751 0.0124768 0.00526051 0.0253535 0.000959602 0.0135507 0.0244563 
0.00145097 0.0324768 0.00705694 0.0198219 0.232944 9.98797e-05 0.201914 0.258619 8.74144e-05 7.7772e-07 0.0815578 0.0112672 0.0297906 0.00438357 0.00421045 1.25247e-10 0.0499944 0.00141211 0.0049828 1.95432e-07 0.00185506 0.00589848 9.0465e-06 0.0107356 0.000717701 0.000324467 0.0383893 
0.00217553 0.0169526 0.00867177 0.00409999 0.0354523 0.00908672 0.0112337 0.437151 0.000117203 1.00973e-08 0.0837379 0.0560471 0.105477 0.00832177 3.48441e-06 5.67405e-07 0.060459 5.45044e-09 2.84325e-07 0.000160836 0.00335434 0.00832404 0.00287977 0.140501 8.85068e-05 6.77209e-05 0.00563606 
0.00488259 0.0402547 0.00740495 0.0541727 0.0606915 0.0177333 0.000698036 0.499112 0.000366835 4.77534e-06 0.070144 0.0619407 0.00601426 0.00388669 3.08698e-05 6.2385e-06 0.0579238 0.000587476 0.00606979 0.00013756 0.0010267 0.0250314 0.000448633 0.0705604 2.21143e-06 0.00173596 0.00913256 
9.29643e-06 0.000629002 0.00333189 0.00256151 0.0184842 2.64918e-07 0.000325669 0.916402 0.000255316 1.00667e-10 0.00202442 0.00138497 1.64266e-05 0.0105775 1.6967e-10 1.25871e-10 0.0300654 2.97622e-07 2.78879e-08 7.3303e-05 0.00312497 0.00124903 8.99006e-08 0.00871489 9.26686e-07 0.000205247 0.000563139 
0.0101912 0.0472343 5.60491e-10 0.0125699 6.48369e-07 0.00146918 0.000354738 0.779844 2.26948e-05 2.4113e-09 0.00105107 0.00687025 0.000204502 8.28331e-05 8.65431e-08 3.01501e-09 0.000451301 8.9543e-07 7.41457e-05 6.26219e-07 3.98645e-08 0.124522 2.57799e-07 0.015045 4.5461e-08 1.02952e-05 4.32013e-10 
2.30826e-06 1.3049e-06 0.000233996 7.01959e-10 0.0603466 1.15361e-06 4.94943e-05 0.918371 0.000287247 1.68302e-09 0.0018934 0.00100738 1.55733e-06 0.01045 1.28741e-07 8.61672e-08 0.00500464 1.46348e-05 4.20663e-05 1.33647e-06 0.00131441 4.88463e-07 8.22432e-07 0.000926096 4.55723e-08 1.67865e-06 4.831e-05 
0.017448 0.00335379 0.0175286 0.00287844 0.0112214 0.00140436 0.00041253 0.914051 0.00224393 0.000874948 0.00450274 0.00391639 0.000228808 6.78163e-05 2.69548e-06 7.59816e-07 0.000892631 1.85988e-06 9.74471e-07 5.44411e-06 5.15621e-07 0.00572415 0.00445088 0.00408307 0.000193951 2.36834e-07 0.00451032 
4.25482e-07 0.00516555 0.069678 0.000252268 0.0921292 1.52142e-06 0.00100734 0.691457 0.00255579 4.29835e-06 0.0355533 7.50111e-07 0.000441315 0.0392105 1.34758e-05 2.84937e-09 0.0542603 7.94184e-05 2.5679e-06 1.18042e-06 0.00047028 2.7674e-05 1.90265e-06 0.00752767 3.62103e-07 1.84443e-06 0.000156212 
3.14172e-06 0.000101122 0.00113246 3.054e-10 0.0124034 2.74094e-07 0.00029418 0.96927 0.000340934 1.60067e-11 0.00185128 0.000363465 3.70188e-07 1.73044e-07 2.9959e-08 2.00048e-08 0.0133219 4.14635e-08 1.98891e-08 1.67544e-11 0.0003069 1.16034e-07 1.95048e-07 0.000427334 1.07465e-08 0.000179383 3.70193e-06 
0.000720458 0.000329885 0.00572569 0.000152661 0.119948 5.11659e-05 0.00610466 0.566385 0.000602759 5.47603e-09 0.00869438 0.00132976 0.00168815 0.00424012 1.84022e-06 8.83993e-12 0.217317 2.47779e-06 1.50012e-05 7.40011e-12 0.00894812 0.00303488 0.0434789 0.00472846 4.15867e-05 0.00302428 0.00343438 
7.58357e-05 0.128876 0.206596 3.32695e-05 0.0148029 0.0221531 0.000249526 0.581154 0.00945315 7.33722e-05 0.0193259 0.000679846 6.78978e-05 0.00721478 5.13988e-07 3.81305e-07 0.000152435 3.64962e-07 4.26435e-07 3.19199e-07 0.0001358 0.000207178 0.00857331 8.71327e-05 6.9613e-08 4.33802e-08 8.59485e-05 
3.08777e-05 0.0239375 0.0551233 0.00327413 0.0615876 0.038198 0.00102848 0.298553 3.86722e-05 0.000288821 0.249222 0.0345395 0.0391278 0.00710509 9.13859e-05 7.04491e-07 0.138981 0.00480716 4.46843e-06 6.59594e-05 0.000875574 0.0027172 0.000746617 0.00985041 1.94352e-05 0.000903831 0.0288814 
0.00382603 0.12066 2.49388e-07 0.000129597 0.0404285 0.000412169 1.69137e-06 0.580578 7.89276e-07 6.89701e-06 0.0514098 0.0100413 0.000690889 0.00601505 1.80832e-06 1.34151e-06 0.0666858 6.03602e-05 0.000174067 1.12301e-06 0.00080358 0.00305835 1.32387e-06 0.0446449 2.44914e-07 0.0703653 1.92222e-07 
0.0226478 0.0252494 0.0025072 0.0290644 0.00838609 0.00177832 0.00315271 0.558637 0.000225546 0.000105052 0.0218693 0.0407557 0.176683 0.000931158 1.37775e-05 1.30853e-05 0.0334156 3.99799e-05 0.00133531 0.000350801 0.000821141 0.0404912 1.69389e-05 0.00788002 0.00079694 0.00479354 0.0180388 
0.000439391 1.36836e-07 0.00235163 6.53716e-10 0.14923 1.20929e-07 0.000598336 0.502149 0.000454971 3.28826e-12 0.00454764 0.00040488 0.00542022 0.00429182 3.46434e-05 8.8214e-09 0.0195243 1.82892e-08 9.55975e-06 3.44186e-12 0.00395036 0.00121495 0.265518 0.000837698 4.24218e-05 0.038572 0.000408181 
4.25482e-07 0.00516555 0.069678 0.000252268 0.0921292 1.52142e-06 0.00100734 0.691457 0.00255579 4.29835e-06 0.0355533 7.50111e-07 0.000441315 0.0392105 1.34758e-05 2.84937e-09 0.0542603 7.94184e-05 2.5679e-06 1.18042e-06 0.00047028 2.7674e-05 1.90265e-06 0.00752767 3.62103e-07 1.84443e-06 0.000156212 
0.0235752 0.0160517 0.0368955 0.0615715 0.0025658 0.0343381 0.00015387 0.650913 0.000871286 0.000782021 0.0263692 0.0470917 0.00891439 0.000644476 7.76584e-06 6.50864e-05 0.0328267 5.32486e-07 0.000147546 4.65717e-07 0.00932082 0.00878837 5.49014e-07 0.0181714 0.00032901 5.59794e-06 0.0195983 
0.00218976 0.0745598 0.0174373 0.00162715 0.0300223 0.000625377 0.000105738 0.480132 0.00287662 0.000279765 0.110433 0.0131319 0.00147844 0.00137819 5.76132e-05 2.4583e-07 0.203719 5.98382e-05 0.0100477 0.000199526 0.00224179 0.000784234 0.000357326 0.0303082 0.000165884 0.0144706 0.00131032 
8.54041e-10 0.000821739 0.000697951 1.14905e-10 0.00533697 0.000214567 0.0292401 0.902404 0.000904025 2.75497e-10 0.00951405 0.00153665 0.00384359 0.00120969 1.92547e-05 4.71776e-08 0.0381373 1.89666e-05 4.69418e-08 2.88366e-10 1.62068e-07 0.001585 4.57377e-07 0.000946591 2.52381e-08 0.00345146 0.000116987 
0.0189515 0.000735873 0.00965759 0.00368593 0.28687 0.000335112 0.00720402 0.350436 0.000396072 4.01296e-06 0.0850777 0.0204759 0.0198364 0.0145911 1.09045e-05 1.84063e-06 0.0609502 1.33088e-06 4.83958e-05 0.000172905 0.00929193 0.00988911 0.0885032 0.00548832 0.000373439 0.00046832 0.00654242 
0.0875038 0.000198384 0.000761409 3.37056e-09 0.0481156 6.39442e-06 0.00115651 0.468613 0.0306798 5.49944e-06 0.00163788 0.00237978 0.000773059 0.00314006 5.60665e-05 3.05155e-11 0.0812454 2.4533e-07 4.5801e-05 1.48349e-05 0.00452672 0.00103461 0.253575 0.000136592 0.0108501 0.00118312 0.00236001 
0.000250742 0.039909 0.133708 0.000865205 0.191208 0.0615468 0.0163402 0.29634 5.71672e-06 8.84695e-06 0.0393739 0.0111303 0.0776362 0.0102662 5.41353e-05 3.37291e-05 0.0530972 0.0194487 0.00587201 0.000795482 0.0096862 0.00213921 8.45797e-05 0.0144972 0.000869657 0.00184397 0.0129887 
0.0355702 0.249193 0.0060644 0.0359417 0.0656411 0.0111224 0.00177537 0.283622 0.0181968 0.000182086 0.0223147 0.0380458 0.0268038 0.0215025 1.646e-06 0.00970238 0.0700315 0.000930914 0.0060275 0.00041063 0.00859168 0.0354688 0.000491011 0.0406085 4.85211e-05 0.000564653 0.0111462 
0.00435206 0.0658709 0.056843 0.000555887 0.0613899 0.0217013 0.00304605 0.289003 0.00196701 0.00130954 0.0848004 0.05813 0.0630836 0.0655302 8.52457e-05 7.13557e-10 0.189668 1.21594e-05 0.000270843 7.02244e-05 0.00432866 0.00166084 7.09114e-05 0.00182064 8.85351e-06 0.000642574 0.0237785 
3.39111e-08 1.71142e-05 0.00285086 1.9498e-05 0.0224488 2.71627e-07 0.00468041 0.942155 0.000107945 7.99123e-08 0.00212991 0.000754967 3.66758e-07 0.0151027 1.19816e-05 2.00908e-08 0.00899365 4.13376e-08 2.84501e-06 2.27399e-07 0.000546372 1.15003e-07 3.83191e-05 2.29571e-05 1.00879e-06 9.37456e-05 2.11175e-05 
0.00225319 0.020637 0.0563765 0.0469209 0.297988 0.00364635 0.000397247 0.355154 8.84681e-08 0.000230768 0.0150603 0.0608393 0.00839306 0.0556254 0.000423701 0.00720125 0.0160351 0.00032067 2.47603e-05 0.000415697 0.0072431 0.010648 0.000753751 0.00591738 2.36725e-05 0.00213283 0.0253373 
0.119892 0.0483462 0.00725287 0.162945 0.0379998 0.00265777 0.00195739 0.319104 7.75964e-05 8.07719e-05 0.0245038 0.024069 0.0987234 0.000144993 2.04405e-05 5.82215e-09 0.0183934 2.12096e-06 0.000162968 0.000444991 0.000313708 0.0988267 1.57938e-06 0.0125283 2.19724e-05 0.00871423 0.0128148 
0.0983617 0.0256317 0.00777296 0.0438774 0.0103206 0.00496471 0.0113103 0.463389 5.01119e-05 1.26517e-06 0.0164318 0.0243547 0.0140392 0.00561018 3.39741e-05 3.0056e-05 0.0119494 3.68202e-05 1.39932e-05 9.21968e-05 0.000861156 0.192745 9.88421e-07 0.0105038 2.64687e-05 0.0129943 0.0445962 
0.000651524 0.0516636 0.013682 0.02412 0.0354962 0.0245816 0.00721437 0.36991 0.000190378 6.87831e-06 0.0937905 0.0316009 0.149361 0.0117257 3.98103e-05 5.16814e-09 0.0586464 0.000118184 0.000125601 0.000951211 0.000966545 0.0634594 5.00821e-06 0.0567943 0.000508601 1.80875e-05 0.00437232 
2.43138e-10 0.00165696 0.00400453 2.43806e-06 0.167009 1.57978e-10 0.000143102 0.667622 0.000248272 3.74633e-10 0.00638803 0.00304871 4.34934e-11 0.0728952 1.22828e-07 4.6843e-10 0.057206 0.000318029 7.48331e-05 1.55695e-08 0.000653726 0.00461707 4.12095e-06 0.0141083 1.32474e-08 8.61744e-08 6.71201e-11 
0.0218843 0.114106 0.096771 0.00283183 0.02224 0.14796 0.00394692 0.281651 0.0328213 4.86691e-06 0.039267 0.0425861 0.0452159 0.00642123 8.7699e-06 1.66329e-06 0.0212448 7.41449e-07 0.000101816 0.000291984 0.0183081 0.0332491 0.0241406 0.00882047 0.00133814 8.67795e-05 0.0346997 
6.10212e-06 0.00656609 0.00044649 1.11981e-06 0.32506 1.29805e-05 9.84134e-07 0.412179 1.19898e-06 6.07316e-10 0.122579 0.0246834 0.0456848 0.0118892 1.02361e-09 7.59369e-10 0.00169354 0.000118284 0.000209448 6.35685e-10 0.032587 1.69493e-05 7.49382e-10 0.00135219 1.38634e-10 0.0022228 0.0126894 
9.29643e-06 0.000629002 0.00333189 0.00256151 0.0184842 2.64918e-07 0.000325669 0.916402 0.000255316 1.00667e-10 0.00202442 0.00138497 1.64266e-05 0.0105775 1.6967e-10 1.25871e-10 0.0300654 2.97622e-07 2.78879e-08 7.3303e-05 0.00312497 0.00124903 8.99006e-08 0.00871489 9.26686e-07 0.000205247 0.000563139 
7.17824e-10 0.031889 0.0630621 0.000608594 0.0391969 5.52871e-05 0.00233442 0.705738 2.07389e-07 3.73731e-07 0.0332595 0.00840082 3.08592e-07 0.0674906 1.86419e-09 7.24412e-08 0.0311136 1.32368e-09 3.30014e-06 3.03661e-06 0.0114356 6.90864e-05 9.96582e-07 0.0011688 6.13205e-05 3.11746e-07 0.00410743 
0.00374142 0.00643805 0.012914 0.000785903 0.147749 0.000381744 0.00818861 0.402801 0.00510772 7.5505e-07 0.0368764 0.0617021 0.0292946 0.0614917 4.60665e-06 8.30514e-10 0.13406 2.24518e-05 8.9817e-05 0.000171173 0.0170009 0.00354077 0.0179527 0.0244803 0.000101176 0.00123528 0.0238678 
0.000111782 0.000198825 0.00639761 1.55301e-07 0.0602409 1.74957e-07 0.000854264 0.888831 0.000746367 1.60868e-10 0.00419418 0.000502636 2.36226e-07 0.00477715 1.93701e-08 5.75763e-07 0.0310723 2.76269e-05 0.000267758 1.72865e-07 0.000155016 0.000188616 0.000263046 0.00113012 6.8915e-09 3.95898e-05 2.7538e-08 
2.5872e-08 0.00402113 0.00377841 0.000184297 0.00135228 0.000104462 0.00114586 0.96309 0.0105564 3.98643e-08 9.22904e-05 0.00421663 0.00451139 0.00365522 0.000226875 6.98089e-07 0.000712658 2.26368e-07 5.57445e-08 4.17264e-08 1.05202e-08 1.76554e-05 1.08445e-05 0.00207721 0.00024341 1.76173e-06 7.14217e-09 
0.000599376 0.0247485 0.012458 0.000573792 0.032697 0.00126351 0.00225786 0.344473 8.11408e-05 3.57284e-05 0.208258 0.0266618 0.0619892 0.0031225 2.94294e-05 1.56376e-05 0.139047 4.14333e-05 0.00312554 3.3167e-05 0.00216717 0.00359459 0.000505501 0.0118225 2.44476e-05 0.00449733 0.115877 
0.00062206 0.0200131 0.0206887 0.00398345 0.111492 0.010026 0.000676765 0.442121 0.00119366 2.36687e-05 0.151211 0.00707111 0.0561831 0.0144486 3.8743e-07 2.87417e-07 0.0856046 0.000676374 0.000797037 0.000464745 0.0575712 0.00218323 0.00144796 0.00605946 5.24723e-08 0.00161942 0.00382052 
0.000116795 0.0165985 0.0191935 0.00544922 0.0332736 0.00233322 0.00947322 0.733677 0.000999447 3.66669e-08 0.0717621 0.0189387 0.00564021 0.00267159 1.76923e-06 4.0829e-05 0.0605597 4.39448e-08 1.0895e-05 0.000932693 0.00036769 0.00165696 2.06191e-07 0.00721388 4.76357e-06 0.00885076 0.000232184 
0.0122795 0.0612774 0.0514885 0.0544676 0.296762 0.00142051 0.00111178 0.317858 3.5563e-06 0.000251912 0.0120869 0.0405772 0.006706 0.0370973 0.000795925 0.00190539 0.0254882 0.000388952 3.26928e-05 0.000971607 0.0184205 0.00896072 0.000567021 0.0112975 8.48562e-05 0.00419627 0.0335015 
0.0344206 0.0737698 0.0410668 0.00332313 0.0797017 0.0374213 0.00370801 0.210276 0.000122823 7.59248e-05 0.0378746 0.082624 0.104193 0.0102534 2.34662e-05 1.99303e-05 0.203741 4.93957e-05 7.21307e-05 0.000683277 0.00678557 0.0312206 6.76297e-06 0.00505699 6.6939e-05 0.00224985 0.0311935 
0.0129556 0.0633206 0.0443551 0.00388352 0.104887 0.0107822 0.00926854 0.209451 0.00201732 1.25573e-05 0.152533 0.0846397 0.0207669 0.0410356 0.000200919 0.00211095 0.0713469 7.874e-05 0.000539963 0.000168946 0.0125295 0.00751505 0.000592469 0.0200091 0.000169964 0.0152534 0.109575 
0.000770389 0.00252777 0.214635 0.000344548 0.180946 0.000197865 0.000112345 0.404605 0.0172786 3.31987e-06 0.0369117 0.0059572 0.0136612 0.0227298 2.55014e-05 4.61633e-06 0.000407741 1.37435e-05 1.09488e-07 3.57561e-06 0.0054241 0.000115456 0.0109777 0.0165909 1.35041e-06 0.0640898 0.0016645 
