0.00940767 0.0606352 0.00762687 0.00621214 0.345152 0.00835557 0.0141594 2.46772e-05 0.000978814 3.93247e-07 0.0591195 0.00886832 0.00670608 0.075956 4.53294e-06 0.0870694 0.0392662 0.000494165 0.000391625 7.13689e-05 0.228654 0.00281814 5.52633e-07 0.00325952 2.41113e-06 0.0297666 0.00499898 
0.000983382 0.0694906 0.00897787 0.000337664 0.0458277 0.0208516 0.0191254 0.000601325 5.70571e-05 1.37356e-11 0.352541 0.0731471 0.256478 0.0102843 1.0361e-09 2.11214e-08 0.0747721 0.00116914 0.00128206 0.00032178 0.00438482 0.012326 6.15901e-09 0.0201511 3.36888e-05 0.00238364 0.0244726 
0.00221359 0.0303428 0.0142776 0.00575187 0.0619995 0.00821332 0.15763 0.00121623 0.135763 2.18035e-05 0.0554649 0.134 0.0368794 0.014296 2.5115e-05 3.28086e-05 0.0451331 0.00643496 6.48168e-05 0.000380819 0.00704288 0.0222582 6.52534e-05 0.177179 0.0175658 0.029966 0.0357806 
0.00949317 0.0311104 0.00535038 0.05125 0.0189608 0.00557201 0.0165603 0.00684229 0.000267002 1.11986e-05 0.136671 0.321302 0.0462176 0.00481361 5.93562e-05 6.05374e-05 0.174245 8.07198e-05 0.00648155 0.000499288 0.00734668 0.049452 0.00234156 0.0753952 0.000615746 0.00762286 0.0213781 
0.000163761 0.00345166 0.0285522 0.000202454 0.132058 4.36027e-07 0.00537823 0.0032017 0.000441652 3.74112e-11 0.0997471 0.0410941 0.00142591 0.436746 2.52404e-08 4.67778e-11 0.199607 4.47728e-11 0.00226192 0.0010457 0.00498098 0.00146777 0.000132873 0.00569839 7.34083e-06 5.45895e-05 0.0322811 
0.0252161 0.00666372 4.55158e-05 0.000205684 0.384779 5.50909e-06 0.0133237 0.00452656 0.00257894 5.88129e-08 0.0568997 0.0701834 0.0339429 0.00595075 0.00179896 7.35378e-08 0.0309158 0.00292227 0.116297 6.15601e-08 0.00888527 0.00425348 1.04064e-05 0.0107442 4.66284e-07 0.00129275 0.218558 
0.000641143 0.00214381 0.551702 0.00538637 0.0550038 9.22264e-05 0.00778437 0.00677689 0.000396138 1.15102e-05 0.0984486 0.0139971 0.0573314 0.00162225 0.000644017 0.000103694 0.0724554 2.19053e-05 5.11251e-05 0.00463189 0.0587701 0.00353038 0.000242626 0.00533543 0.000176902 0.00658165 0.0461174 
1.31145e-05 0.00335049 7.26489e-05 0.000934035 0.00138859 0.00510785 1.9805e-05 6.11227e-06 1.70318e-05 5.05285e-08 0.00325246 0.00227068 2.52023e-06 0.974057 4.09674e-06 6.31793e-08 0.00165767 6.04713e-08 3.43939e-05 5.28888e-08 0.006473 3.88907e-06 4.19233e-06 0.000646305 2.66214e-07 0.000241706 0.000441824 
0.0108007 0.158221 0.00360206 0.0193034 0.0231498 0.000822272 0.0253038 0.0105056 0.00157884 1.8283e-05 0.0549593 0.235908 0.0395042 0.00300446 0.00101924 0.000281742 0.0922253 5.36713e-05 0.00331231 0.000102149 0.00251303 0.0524471 0.000169946 0.089347 3.88964e-05 0.00216662 0.169641 
0.00277644 0.0313744 0.00271704 0.003454 0.0123292 0.00993515 0.0159667 0.00135927 3.97447e-05 6.17697e-06 0.385871 0.199393 0.215995 0.00417199 7.10392e-05 2.64846e-05 0.0536764 0.00062901 0.000802881 0.000232568 0.00238863 0.0165538 0.00228438 0.0154455 0.00125761 0.00202256 0.0192208 
0.264423 7.5428e-05 2.70044e-06 0.00200462 0.0732453 2.10793e-06 1.18224e-05 0.00329521 4.69088e-06 6.38844e-10 0.165378 0.392398 0.000834626 0.0289157 1.64504e-05 3.30084e-07 0.0527985 1.54679e-05 4.3574e-05 6.06372e-07 0.0119157 0.000608464 0.000120115 0.000848141 3.01735e-08 0.000728294 0.0023135 
3.04955e-05 0.00626002 0.00268898 0.000344516 0.0133848 0.0442988 0.00049483 0.000563889 0.000148183 9.0672e-07 0.143079 0.00634704 0.245839 0.0102992 2.24534e-05 1.25856e-06 0.0123773 0.000395483 3.5334e-05 1.43793e-06 0.00296059 0.0485499 0.00243924 0.396747 0.000277041 0.0596112 0.00280084 
0.0497864 0.108383 0.0205503 0.106257 0.124916 0.00183601 0.000342294 0.205376 2.76224e-05 5.0609e-09 0.0235285 0.0670692 0.00602976 0.0833128 3.61192e-07 0.000361834 0.0923271 3.91833e-07 5.50832e-05 0.000195953 0.00107227 0.0883199 6.24476e-09 0.00455892 9.29686e-05 0.00857694 0.00702248 
0.00130049 0.00394514 0.00684877 6.84675e-08 0.195185 0.00256759 0.00674572 6.84469e-08 6.84342e-08 6.84067e-08 0.422101 0.05995 0.0514566 0.0953072 0.000690251 0.00810999 0.0456277 5.47773e-05 0.00168185 0.00287294 0.0387823 0.0118482 0.00370639 0.0119022 6.84875e-08 0.0160968 0.0132191 
0.000645487 0.0584689 0.0147909 0.000208956 0.0030647 0.00532523 0.0122863 0.000106541 0.00010171 1.48933e-08 0.0334197 0.00393923 0.00227929 0.00950184 8.7442e-06 2.78896e-06 0.167972 2.87794e-05 1.65045e-05 0.000215209 5.87594e-05 1.14529e-05 0.000323412 0.67586 0.000141382 1.48232e-05 0.011207 
0.00317162 0.257863 0.0196446 0.00550014 0.0788628 0.00185724 0.00667203 0.0056309 4.2419e-05 9.4252e-07 0.0824942 0.0315102 0.00481364 0.298059 4.67778e-05 1.1785e-06 0.0269481 0.0946547 0.000309522 0.0132748 0.00123113 0.00098564 0.000369986 0.0428825 4.28177e-06 0.0179606 0.00520768 
0.000345317 0.0649037 0.118051 0.00380111 0.0131458 0.00783768 0.0138043 0.00140988 1.22114e-05 3.71846e-06 0.0806037 0.00744561 0.0161166 0.00986673 6.88437e-06 6.09811e-05 0.0467146 0.00514845 0.0380994 3.8076e-06 0.000147884 0.00891871 0.000112977 0.560467 1.13672e-05 0.00106055 0.00190001 
0.000786903 0.0263212 0.00549254 0.00388401 0.0110848 0.117739 0.00197014 0.0023659 0.00352815 7.3755e-06 0.0571322 0.0610416 0.0355712 0.0057927 1.03762e-05 0.000613049 0.0113947 0.000386443 0.000278927 3.05987e-05 0.00729307 0.0496697 0.00155016 0.582319 0.0086993 0.00204181 0.00299525 
0.000759949 0.00208994 0.00107008 0.00022964 0.0619279 0.00353607 0.00462874 0.00164454 0.000184435 1.94996e-06 0.0141431 0.00411642 0.00328511 0.00562727 1.61065e-05 9.67766e-06 0.0397234 0.00317266 7.27538e-05 1.5797e-05 0.0526425 0.00521764 0.000156854 0.000704147 3.72786e-05 0.788374 0.00661226 
0.000420675 0.0207346 0.00150342 2.23176e-05 0.0316634 0.000988514 0.000202249 0.000839885 0.00111811 1.53944e-09 0.0661331 0.000583166 0.00140644 0.0114466 3.15078e-08 3.08625e-08 0.123053 0.658412 8.58523e-09 8.72719e-05 0.07112 0.000249548 9.5362e-09 0.00605873 3.27677e-06 0.00345981 0.000493466 
0.00105916 0.000574191 9.59962e-06 0.00143346 0.0206649 0.00453251 0.00018915 0.0252429 5.65413e-05 1.97454e-07 0.0661849 0.786524 5.4853e-05 0.0594166 9.31283e-06 2.46891e-07 0.0281606 2.36308e-07 0.000350558 0.000333786 0.000773616 5.10897e-05 0.000112437 0.000733584 1.38143e-05 0.000888871 0.00262905 
0.000397569 0.0258679 0.0193644 0.00095142 0.0327288 0.000491285 0.0610527 0.00373155 0.000883717 9.76934e-06 0.05654 0.105976 0.0179874 0.00216015 8.941e-05 0.000323431 0.103361 1.32037e-05 0.00196526 3.28357e-05 0.019172 0.0189213 0.00010928 0.00961328 0.000212334 0.0385224 0.479521 
1.85543e-07 0.00099674 0.00868494 6.75868e-05 0.263885 0.0032536 0.00301613 0.000210094 0.0117545 1.76776e-11 0.12137 0.0336653 0.022825 0.47561 2.54192e-09 2.21035e-11 0.020857 1.06818e-05 0.000218271 0.000514496 0.0214005 0.00155885 1.29651e-07 0.00295556 2.43417e-05 0.00354168 0.00358025 
0.000846512 0.000118966 0.00300177 5.77581e-08 0.0589842 0.000561036 5.02172e-05 2.53852e-06 8.20433e-08 1.52705e-11 0.202435 0.620084 0.00883907 0.0180312 1.17233e-07 1.90937e-11 0.0557919 1.98436e-07 2.98422e-08 1.31549e-05 0.0296608 0.000952499 7.74817e-08 3.88537e-05 1.12646e-08 0.000130248 0.000458184 
6.06568e-05 0.105231 0.0916073 0.00209921 0.0156524 0.01653 0.0191099 0.00574059 0.0013977 4.90429e-08 0.105832 0.0232395 0.525451 0.0248716 1.39701e-05 0.00218504 0.00872645 0.00482864 0.000147742 1.99097e-07 0.00137822 0.00428633 1.55942e-05 0.0328465 0.00341737 0.00371536 0.00161605 
0.00641498 0.135196 0.0126152 0.015867 0.0449972 0.00557213 0.0302842 0.0100034 0.000386085 1.33529e-05 0.177343 0.0749479 0.121139 0.00801323 6.44322e-05 3.17497e-05 0.120171 0.000803938 0.000579568 0.000266834 0.00306075 0.0421615 0.000217196 0.106769 0.00420122 0.0124384 0.0664408 
0.000416433 0.0170128 0.00146082 1.04643e-08 0.045112 0.0532349 0.0102327 0.000271395 0.000112444 1.81265e-11 0.576008 0.110429 0.0806462 0.0109993 6.04904e-05 1.7753e-07 0.0348321 0.00467298 0.000304252 0.0430004 0.00156297 0.000712837 0.00120969 0.00139142 1.19984e-06 0.00013635 0.00617905 
0.00668508 0.0818846 0.00334422 0.00265053 0.0101066 0.0109267 0.0112896 0.000456068 0.00380232 3.39057e-06 0.222686 0.123637 0.270289 0.00450356 4.27965e-05 7.56738e-05 0.15799 0.00174609 0.000769857 0.000259828 0.00626297 0.0187445 0.00062775 0.0197293 0.00032238 0.00460005 0.0365654 
0.000420675 0.0207346 0.00150342 2.23176e-05 0.0316634 0.000988514 0.000202249 0.000839885 0.00111811 1.53944e-09 0.0661331 0.000583166 0.00140644 0.0114466 3.15078e-08 3.08625e-08 0.123053 0.658412 8.58523e-09 8.72719e-05 0.07112 0.000249548 9.5362e-09 0.00605873 3.27677e-06 0.00345981 0.000493466 
0.00731878 0.496268 1.71325e-05 0.000134294 0.0146262 0.00205704 0.00490899 4.36162e-07 2.28138e-07 3.88637e-10 0.0967496 0.0934164 0.023767 0.159903 2.633e-05 4.8594e-10 0.0564317 4.65111e-10 0.0104027 3.05379e-06 0.000448842 0.0113127 0.00511837 0.00993779 4.84645e-08 4.48878e-08 0.00715149 
6.70534e-08 0.0019851 0.0103762 6.45797e-06 0.0931354 1.51278e-07 0.00338668 0.8176 0.000365622 2.07751e-11 0.0116887 7.62255e-08 2.04308e-07 0.00544439 1.65545e-08 1.10556e-08 0.0397649 2.05127e-05 1.09935e-08 2.17456e-11 0.000644393 0.000390925 1.07662e-07 8.19069e-05 5.93372e-09 0.0151075 2.37975e-08 
0.00542734 0.00827156 0.0155235 0.00203235 0.33835 0.00044087 0.0104924 0.00140062 0.00220504 6.59394e-07 0.0363269 0.0236655 0.0216712 0.0696747 0.000207604 0.0108663 0.0696201 0.00419448 0.000137063 0.00169294 0.229812 0.00880796 0.0234771 0.00678704 7.02559e-05 0.0932058 0.0156381 
0.00375739 0.0251884 0.00722835 0.0300187 0.0319613 0.00319216 0.00309855 0.00377097 3.0775e-05 6.48323e-06 0.347953 0.18448 0.0848685 0.0121659 4.9938e-05 0.00481988 0.137035 0.000740467 0.00271546 0.000126194 0.0192482 0.030343 0.000899941 0.0150681 7.36133e-06 0.0166787 0.0345461 
0.000784051 0.0554812 0.257397 0.00129812 0.0947625 0.00784387 0.0597105 0.000481054 0.0608652 1.74114e-06 0.150953 0.022523 0.0503209 0.122647 0.000188226 3.7553e-05 0.0297238 0.000615249 0.000112658 0.000320308 0.0146027 0.00922459 0.0173328 0.00739634 0.000974338 0.016161 0.0182414 
0.0413715 0.0351702 0.0239229 0.000625589 0.0521724 0.248034 0.00754745 0.198663 0.00731832 5.0018e-08 0.0736015 0.140911 0.0182567 0.0208986 1.40601e-06 1.34475e-06 0.0166027 1.47052e-05 0.00396102 5.23545e-08 0.0125494 0.033963 0.000149991 0.052441 4.86703e-05 9.47418e-05 0.0116784 
0.00306521 0.00318521 0.0404509 8.34142e-06 0.242426 1.1732e-05 0.000740028 0.000289695 0.000203999 1.2709e-07 0.0489288 0.00957975 0.00382476 0.372219 7.8261e-05 0.0608474 0.0425674 0.000130291 2.45346e-06 0.000811905 0.14524 0.000382172 7.05224e-05 0.0010127 5.20396e-06 0.0220009 0.00191617 
0.00351053 0.00366043 0.105389 0.00288044 0.00663177 0.0137098 0.00612356 1.1782e-06 0.00221244 6.03257e-08 0.00173688 0.0630044 0.0184645 0.00372476 9.26805e-05 0.330372 0.193755 2.46553e-07 0.0636707 5.80238e-06 3.69395e-05 0.143524 0.000342121 0.0124612 0.000175052 0.00576115 0.0187537 
0.00624973 0.00956196 0.025116 0.00342124 0.167641 0.000537382 0.00469183 0.0038967 0.000227463 5.63723e-08 0.0214967 0.0346325 0.0118045 0.0418919 1.44757e-06 0.000144499 0.103862 0.00110929 5.79392e-05 0.00180051 0.0128715 0.0163087 0.000107554 0.00538114 0.000423953 0.517792 0.00897019 
0.000373005 0.0094578 0.360356 0.00583586 0.0797171 0.000350474 0.0367747 0.0207155 0.0483699 3.00176e-06 0.101646 0.0228688 0.0243927 0.0301153 1.45261e-05 1.04475e-05 0.136858 0.000953719 1.37954e-05 0.0118075 0.00946732 0.00488489 0.000156233 0.0585685 0.000105487 4.78724e-05 0.0361354 
0.0101888 0.0122741 0.0090095 0.00275593 0.584569 0.00101377 0.0116618 0.0334257 0.021503 1.41231e-10 0.156408 0.00332793 0.0280777 0.0417904 8.34646e-05 2.59201e-05 0.0110652 0.00013541 0.00219604 0.000231439 0.02516 0.00493243 0.000234362 0.0104034 2.5508e-05 0.00239149 0.0271104 
0.00233958 0.036714 0.476093 0.000323206 0.102296 0.00368176 0.0151472 0.00120872 0.0294513 2.23237e-06 0.0843722 0.00824447 0.0921594 0.0435535 0.000106973 0.0040273 0.0346933 2.97293e-06 3.84188e-05 0.000427409 0.00683005 0.00418345 0.00119553 0.00838246 0.000113997 0.0141048 0.0303063 
0.00017021 0.00202032 0.00347705 0.000141329 0.692236 8.61262e-06 0.000689625 0.014182 0.000718155 4.2381e-08 0.00238788 0.00297629 0.00324341 0.0335887 2.50682e-05 5.84698e-08 0.00184434 1.59892e-06 2.85998e-07 0.00030449 0.207771 0.000214542 0.000513681 0.000455082 8.41562e-08 0.0320749 0.000954999 
0.00201817 0.108794 0.180467 1.41188e-06 0.0739122 0.00632716 0.00693906 0.000718433 0.0147015 2.54841e-09 0.383451 0.00591696 0.0496103 0.0297256 3.25588e-06 0.000379979 0.0397836 4.51927e-05 4.73738e-05 0.00464418 0.0197139 0.0283839 0.0142423 0.0195598 1.36756e-06 0.00070786 0.00990545 
0.00215918 0.109026 0.0259547 0.101628 0.0122698 0.137499 0.00527699 0.00177157 2.10578e-05 8.14404e-07 0.161628 0.0865415 0.165208 0.0175523 0.000162908 2.15548e-05 0.0561073 0.00622861 0.000289262 0.000212393 0.000826095 0.0271266 0.000127638 0.0148057 0.00983846 0.00195346 0.055763 
0.0197227 0.0283642 0.00673917 0.00217526 0.0745717 0.022778 0.0365708 0.00284294 7.74438e-05 8.66016e-07 0.330498 0.205957 0.0546696 0.0629542 0.000196849 5.44867e-05 0.0735751 0.000336772 0.00036529 0.000695641 0.0089133 0.0119257 0.00203401 0.0119647 1.97355e-05 0.0110837 0.0309128 
0.000442441 0.0158935 0.0105016 0.001234 0.0128707 0.00518377 0.00723845 0.00263828 5.52251e-05 4.98715e-06 0.300975 0.177288 0.045101 0.032036 6.4968e-05 0.00041071 0.285523 7.33457e-06 0.00812578 0.000203384 0.00639877 0.0127829 0.000135677 0.0270803 1.95988e-05 0.032775 0.015009 
0.00595332 0.0154856 0.0337889 0.766051 0.0100009 0.000902151 0.00134728 0.000654948 9.2547e-05 1.63363e-07 0.00925548 0.0137279 0.00851912 0.000558505 2.75342e-07 5.35139e-05 0.00879565 0.000189483 0.00673616 0.000286401 4.11999e-05 0.0582702 2.01578e-07 0.0565767 6.92562e-07 1.1281e-06 0.00271038 
0.0135969 0.0114748 0.0231352 0.00381273 0.471607 0.0092251 0.0106099 0.0215538 0.00206569 2.63448e-05 0.0714497 0.0451485 0.0198563 0.0987619 0.00016403 0.000947381 0.0543123 0.000186265 0.0162672 0.00442413 0.0318009 0.0133937 0.00240026 0.013881 0.000811409 0.0443857 0.0147022 
0.0023763 0.0361122 0.0539241 0.00141306 0.0168041 0.440431 0.0172982 0.00048879 0.125639 6.59747e-07 0.0545041 0.0381789 0.0184776 0.0151497 0.000657151 6.88413e-07 0.0816123 0.000234944 0.0191196 2.10368e-05 0.0139086 0.013448 6.807e-06 0.00077259 0.000217054 0.0249923 0.0242116 
0.0122613 0.0191619 0.0133587 0.00282809 0.428443 0.00334495 0.00728918 0.0243716 0.00213963 1.08849e-05 0.0210624 0.0339774 0.00872646 0.235102 0.000269822 0.000541807 0.0624406 4.15448e-05 0.00973812 0.000429972 0.0402899 0.0116358 0.00327255 0.0148253 0.000237041 0.0319999 0.0121997 
0.000932359 0.00721907 0.00338441 0.00280432 0.0924806 0.000106492 0.00697173 0.00730218 0.00233342 2.82456e-06 0.654825 0.00977335 0.0140139 0.0070596 2.84251e-05 2.72951e-05 0.0518188 6.84076e-06 4.50482e-05 5.58513e-05 0.00366577 0.0124911 0.00137025 0.0255008 1.79843e-05 0.0189739 0.0767886 
0.00862353 0.0115415 0.00249483 1.45831e-08 0.114343 0.0321122 0.00117252 0.0180385 3.27987e-05 2.47534e-11 0.066386 0.471561 0.015934 0.0297028 3.12875e-06 3.09509e-11 0.117471 1.63437e-05 0.000239235 1.61588e-05 0.00520623 0.00608568 1.75384e-07 0.0818682 2.60967e-06 4.74649e-05 0.0171009 
0.000770456 0.00330467 0.00984075 5.03617e-05 0.0051829 0.000279683 0.000701651 0.000376849 1.15708e-05 1.56057e-06 0.158528 0.0605189 0.00189594 0.0573464 2.71783e-05 6.57936e-06 0.613985 2.18768e-06 8.84409e-05 6.17456e-05 0.00837662 0.00132809 0.0415878 0.00882303 6.30558e-06 0.00014888 0.0267485 
0.000140242 3.28639e-06 2.48811e-05 5.34974e-05 0.0221333 0.00206628 0.000284493 5.62226e-05 3.09986e-08 1.01152e-11 0.0431689 0.00148139 0.0152273 5.40015e-05 1.80358e-08 2.40982e-08 0.00433651 3.42059e-05 1.71933e-07 1.05877e-11 0.000296051 2.45697e-05 1.24813e-11 1.63339e-06 6.10334e-09 0.909068 0.00154549 
0.00027902 0.00265857 0.0341069 0.000534419 0.261193 0.000396807 0.107884 0.00177736 0.0864845 1.13067e-07 0.0700738 0.0268026 0.00413342 0.0508977 1.53811e-07 1.04516e-06 0.175937 5.10045e-07 8.19376e-05 6.67288e-05 0.0132308 0.0157868 0.000180947 0.0362943 0.000792926 0.0434746 0.0669294 
0.0205018 0.0286145 0.0275887 0.00592926 0.437031 0.0056736 0.00520601 0.0190609 0.00143188 2.02347e-05 0.00723007 0.00853925 0.0218028 0.294404 8.65155e-05 2.48779e-05 0.030632 0.000609739 0.00228115 0.00126314 0.0279113 0.00380955 0.00153505 0.0178437 0.000206866 0.0135524 0.0172095 
0.000323343 0.00197519 0.0420564 0.00373998 0.00439105 8.8702e-05 0.00286187 0.00162032 0.0020853 1.98765e-06 0.757804 0.00984557 0.0223395 0.0108375 1.91782e-05 2.07548e-06 0.0621474 1.31754e-05 4.25157e-05 0.00043522 0.00253417 0.00251005 0.00367034 0.0085332 2.86512e-05 6.02415e-05 0.0600329 
0.0025576 0.00399991 4.3724e-07 3.74037e-07 0.702834 2.08395e-08 1.96722e-06 0.000195966 1.33034e-07 7.93321e-11 1.95e-07 0.0144416 0.00259214 0.0327627 1.33711e-10 1.41914e-07 0.0159793 3.82707e-08 3.61916e-07 1.44018e-08 0.043578 0.00598821 4.33067e-07 0.173722 4.1831e-07 0.000491127 0.000852516 
0.00138059 0.00524686 0.00600204 0.000559791 0.388076 0.0045004 0.00357393 0.00712138 0.00210682 3.17828e-06 0.017748 0.00429076 0.00407637 0.0403901 1.82399e-05 1.35127e-05 0.00366481 0.000627601 0.067528 0.00116075 0.417966 0.00501775 0.00150789 0.00851174 1.2406e-05 0.00755526 0.00133964 
0.00150218 0.746977 0.00796968 0.00279228 0.0128896 0.00669337 0.0211721 0.00792885 1.96869e-05 2.43729e-09 0.0426283 0.0126696 0.0242044 0.00244598 5.04928e-05 3.04751e-09 0.0633636 2.91689e-09 0.000140949 0.000944313 0.000151029 0.0166504 2.07884e-05 0.0026235 0.000217542 0.000159695 0.0257849 
7.91127e-06 0.00835836 0.00401968 0.00631098 0.0370244 0.000322269 0.0228394 0.751577 4.85825e-07 1.14744e-09 0.0193599 0.00147255 0.000592965 0.00099475 1.07758e-07 7.20904e-08 0.0863811 1.47899e-07 7.18429e-08 4.7643e-07 2.447e-07 0.0436811 0.000491824 0.0149454 1.26686e-05 6.55412e-05 0.00154038 
3.81534e-05 0.000140784 0.0146429 0.000238937 0.271306 1.67277e-05 3.65578e-05 0.00830624 4.62752e-06 1.09532e-06 0.00236406 0.00252873 0.000196327 0.00111951 6.45723e-05 0.434378 0.0575764 0.158804 0.000389187 1.00476e-05 0.0246033 0.00129687 6.94157e-05 0.00451781 1.45598e-06 0.0172262 0.0001223 
0.00104713 0.0468312 4.7827e-05 0.00953644 0.0150397 0.000117495 0.00118795 0.000494988 5.95276e-05 2.51945e-06 0.0275717 0.0882336 0.012139 0.00272582 0.000120893 3.15025e-06 0.717658 0.0123774 0.00121551 3.49773e-05 0.0149781 0.0015197 0.000720278 0.00235087 2.68355e-06 0.000556594 0.0434264 
3.74117e-05 0.582897 0.0578203 0.0391448 0.00487024 0.000483729 0.165338 0.0188179 5.82741e-06 3.16706e-07 0.0201366 3.49377e-05 0.0458717 0.0101061 5.75081e-05 3.95999e-07 0.0309894 4.51848e-05 2.41651e-05 0.0121671 0.000621483 4.45672e-05 3.90791e-07 6.2077e-05 8.42515e-05 0.00859332 0.00174523 
2.34049e-08 0.0813113 0.000360423 0.00023365 0.00615842 0.0269151 0.000865419 0.000506615 0.000407932 6.4578e-10 0.00274733 0.00150772 0.661112 0.000107338 1.08844e-09 8.07463e-10 0.000563653 2.54075e-06 7.24541e-05 6.75945e-10 1.95838e-05 0.18694 0.000991234 0.028923 2.1686e-09 7.82586e-05 0.000176692 
0.00369803 0.00511418 2.82947e-09 1.80293e-08 0.00035088 0.00352142 3.45245e-08 0.000504566 4.49984e-05 3.17502e-12 0.035312 0.833298 0.0045845 0.0109359 1.48456e-08 3.96995e-12 0.0145633 3.79979e-12 0.00156525 1.51069e-08 1.81596e-06 0.0668714 3.91774e-12 0.0105624 0.000141786 0.00239458 0.0065353 
0.00726858 0.0237948 0.00469319 0.0568191 0.03481 0.00827551 0.00664249 0.00449675 0.00227439 7.90543e-05 0.301051 0.097074 0.0459704 0.00933441 0.000317602 0.000420401 0.114815 0.000198409 0.00628563 0.000269807 0.0067561 0.0243031 0.000345075 0.19168 0.00592951 0.0243571 0.0217379 
0.00826105 0.00954082 0.0010792 0.000466156 0.299276 0.00123354 0.00894263 0.00658415 0.000147836 1.14153e-06 0.0394029 0.0156219 0.0129623 0.0657807 0.0056113 3.22971e-06 0.014448 2.31952e-05 3.81631e-05 5.86392e-05 0.178422 0.00277213 0.234735 0.00590644 1.79183e-05 0.0807451 0.00791915 
0.00459373 0.0179226 0.0316891 0.00530855 0.0621583 0.0132395 0.0330954 0.00701121 0.00249482 1.80347e-05 0.224263 0.0436626 0.0900647 0.0830119 0.00334467 2.29214e-05 0.253649 0.000412479 0.000432288 0.00319106 0.013223 0.0294872 0.00115004 0.0115918 0.00810997 0.0196832 0.0371686 
0.00173733 0.036573 0.00162781 0.0167355 0.0518773 0.0129685 0.253043 0.0128682 0.00461471 3.53498e-05 0.0570775 0.143627 0.054093 0.0557312 0.00222816 0.00390555 0.068759 0.000615766 0.000434821 0.000702322 0.00671503 0.0363493 0.000460957 0.112706 0.00132805 0.00409778 0.0590884 
0.00214074 0.0097694 0.771947 0.0170272 0.05198 0.00968897 0.00621239 0.00429664 0.000677605 4.68351e-06 0.0639563 0.00976058 0.00454638 0.0068183 4.54721e-05 3.1425e-05 0.0181935 8.72354e-06 5.46337e-06 0.000358102 0.00224873 0.00673201 0.000435539 0.00186185 0.000144544 0.000406326 0.0107019 
0.000163761 0.00345166 0.0285522 0.000202454 0.132058 4.36027e-07 0.00537823 0.0032017 0.000441652 3.74112e-11 0.0997471 0.0410941 0.00142591 0.436746 2.52404e-08 4.67778e-11 0.199607 4.47728e-11 0.00226192 0.0010457 0.00498098 0.00146777 0.000132873 0.00569839 7.34083e-06 5.45895e-05 0.0322811 
0.00121183 0.0671855 0.0608879 0.0139725 0.0259417 0.0471664 0.0120912 0.00248765 2.30396e-05 1.62661e-05 0.277617 0.0226284 0.0692999 0.00539214 2.97875e-05 0.00112255 0.0945769 4.39658e-05 0.000399122 0.0100128 0.0198702 0.0864885 0.000133478 0.160544 7.1494e-05 0.00319072 0.0175951 
0.00809268 0.015736 0.0280228 0.00507982 0.497446 0.00257449 0.00477976 0.00572632 0.00181668 4.85253e-05 0.0408915 0.0332817 0.0128904 0.156939 0.000865606 0.000907484 0.0487833 0.00241751 0.000860142 0.000843612 0.0541692 0.0073954 0.00843317 0.0149646 0.00319628 0.0325446 0.0112937 
0.000181964 0.000493124 0.0960545 4.82285e-05 0.00158131 0.0256892 0.000584789 6.71817e-05 0.00114505 3.11442e-07 0.00124558 0.00340967 0.00067449 0.000547392 0.000155664 2.57825e-05 0.000513216 0.000283647 0.85625 0.00191781 0.000848918 0.000170036 0.00556352 0.00173487 1.38373e-05 2.47266e-05 0.000774835 
0.0826478 0.0045428 0.00861222 5.04626e-05 0.0249575 0.00393523 0.00084324 0.0575137 0.00011114 4.02781e-06 0.140442 0.416886 0.00586024 0.0700866 3.05413e-05 8.61446e-06 0.0968314 0.000135831 0.000335676 0.00241008 0.00528593 0.0149241 1.85897e-05 0.004815 0.00991888 0.0238809 0.0249115 
0.0176552 0.0741517 0.0371364 0.000203509 0.151514 0.0279438 0.0322692 0.0155098 0.0150254 6.34857e-08 0.278155 0.0314616 0.0503476 0.0583586 1.47012e-05 3.53102e-05 0.0807549 5.83078e-05 0.000986827 8.16087e-05 0.104369 0.00240208 0.000705315 0.00528433 9.2348e-05 0.00954678 0.00593706 
0.00556614 0.0422708 0.00534988 0.00365994 0.0185729 0.0564691 0.0126056 0.00533601 0.0012759 2.13351e-05 0.355617 0.140173 0.19506 0.00781321 7.90086e-05 0.000177464 0.0417029 0.00153448 0.000827144 0.0019301 0.00512458 0.0253223 0.00134493 0.0307318 0.00209236 0.00627026 0.0330724 
0.000227888 0.00181058 0.174739 0.027798 0.54894 0.00422011 0.00538451 0.000589391 0.0121299 4.13736e-08 0.00320049 0.000922558 0.00629933 0.0196309 0.00101143 5.17322e-08 0.00085567 1.69102e-06 9.75058e-05 0.00211499 0.151507 0.00455515 0.000316975 0.00117857 6.66137e-05 0.0212533 0.0111481 
3.71897e-05 0.000223592 0.00918997 4.71308e-06 0.037373 8.24345e-05 0.000408308 9.19062e-06 5.66844e-05 3.50761e-11 0.0148527 0.00351386 0.00226049 0.00589022 2.89391e-05 0.894589 0.0159704 6.2512e-07 0.000682652 0.000492461 0.0070477 0.00207262 0.00163508 0.000291705 1.05439e-05 0.00113888 0.00213713 
0.00605264 0.00894202 0.00786204 0.00986616 0.455249 0.00526234 0.00844183 0.00823205 0.00224473 8.71849e-05 0.0468457 0.0451433 0.0127718 0.0713015 0.000259394 0.00111501 0.0410933 0.00013102 0.000905294 0.000303603 0.0494639 0.0060934 0.12568 0.00712131 0.00044111 0.0711664 0.00792452 
0.263205 0.0122198 0.00466391 0.00665093 0.354693 0.00230524 0.000170179 0.0249854 0.000217319 3.27919e-06 0.00875628 0.0735389 0.00415098 0.0543941 9.90222e-05 0.000120921 0.0872601 0.000117613 0.00204715 0.000484029 0.0302512 0.0130942 0.00104739 0.0305075 8.81755e-06 0.0177266 0.00728108 
5.91284e-05 0.0224811 1.38472e-06 0.000195363 0.00802858 0.00187914 0.00224448 0.000130769 0.00100001 1.0755e-09 0.139952 0.0356135 0.120329 0.000551973 1.81272e-09 1.34477e-09 0.377097 0.242661 1.23067e-05 1.93213e-06 0.000890506 0.00607404 1.32709e-09 0.010272 1.65677e-05 0.000975963 0.0295316 
0.00194408 0.00162722 0.00657419 2.89947e-05 0.0345369 0.0079364 0.000526227 9.83675e-05 8.32344e-05 1.05078e-05 0.103023 0.0711704 0.0120433 0.000793459 6.13704e-05 0.00492405 0.503486 2.46848e-05 0.00100803 0.0757539 0.0291149 0.0100258 9.09768e-05 0.00126634 4.09231e-05 0.0357593 0.0980471 
7.05712e-05 0.00182551 0.350303 2.33878e-05 0.0648793 0.00482478 4.2374e-05 9.70781e-06 7.64071e-07 2.38087e-09 0.309729 0.031168 0.0213715 0.0316348 2.875e-06 2.97697e-09 0.0129841 2.16861e-07 0.000226883 0.000291533 0.0936339 0.0250861 0.0501387 0.00107149 1.11962e-07 0.000252276 0.000429894 
0.00109525 0.0435607 0.0259507 0.00464815 0.0345955 0.00835178 0.0366943 0.00326097 0.000960858 4.15912e-05 0.314781 0.221282 0.0909882 0.00947135 0.000232265 0.000339506 0.0747634 8.28557e-05 0.000558422 0.00117336 0.0052103 0.0249914 0.00113624 0.0196733 0.0115961 0.024988 0.0395729 
0.00034855 0.000867452 0.329677 0.000608064 0.070653 0.000257023 0.0354513 0.000387462 1.16831e-05 5.01463e-08 0.0300479 0.00369678 0.00800332 0.0235346 6.82572e-08 4.62543e-07 0.335643 3.79783e-06 2.16243e-07 7.08889e-06 0.0552171 0.00064643 2.35889e-06 0.00018006 0.000132792 0.0953789 0.00924355 
0.00255401 0.045536 0.237311 0.000755772 0.156815 0.0091516 0.0627783 2.70877e-05 0.00263994 1.72521e-05 0.0691881 0.0624142 0.0190996 0.0214004 0.00162883 0.000651779 0.0111255 0.0002779 0.000562452 0.000623325 0.0012537 0.00976404 3.79016e-05 0.270006 0.00429569 0.000721076 0.00936299 
0.0105501 0.0432858 0.194011 0.00153544 0.118843 0.00107514 0.0294917 0.0124667 0.00324714 5.36856e-05 0.210224 0.0121984 0.0629484 0.0188636 0.000185761 0.0355375 0.0639077 0.00432899 0.00330186 0.0142005 0.0124322 0.0371533 0.000368822 0.0058411 0.00919862 0.0239504 0.0707995 
0.0700574 0.014503 0.21666 0.000109316 0.183865 0.0128736 0.0297234 0.00682997 0.000680529 5.3678e-09 0.00769188 0.00073816 0.00502941 0.429127 1.24088e-05 2.30213e-07 0.00951794 4.5198e-06 1.29597e-06 1.24787e-07 0.00831257 0.000408106 4.24544e-05 4.37651e-05 1.11775e-06 0.00340864 0.000357681 
0.0834612 0.0240825 0.339809 1.46364e-06 0.381067 0.0125453 7.97645e-05 0.0737786 0.00122876 1.4038e-08 0.017048 0.00860779 0.0150867 0.0321256 9.85461e-07 1.03469e-06 0.00303645 3.07411e-07 8.64906e-05 0.000109591 0.00253453 4.49227e-07 0.00209432 0.0016675 7.68586e-05 0.00144371 2.67542e-05 
0.00172584 0.0398819 0.00764127 0.0056964 0.0184535 0.0146427 0.0103885 0.0011883 0.00024725 1.07653e-05 0.154598 0.046734 0.565867 0.00568369 2.67386e-05 0.000205961 0.0224731 0.00137258 0.000356345 0.00127013 0.00440307 0.0267993 0.000601745 0.0157105 0.0120626 0.0192323 0.022726 
0.00119039 0.012009 0.000474786 0.776688 0.0380702 0.000228583 3.79245e-05 0.00776646 1.46584e-05 2.24285e-07 0.0110625 0.0405142 0.00845926 0.00281156 3.78023e-07 2.80439e-07 0.0126622 5.79042e-05 6.44617e-05 2.21772e-06 0.00390387 0.0567327 2.76751e-07 0.0212198 6.63457e-06 0.000219753 0.00580195 
0.0033236 0.00721384 0.00786533 0.00238573 0.304484 0.00241428 0.0271354 0.00118363 0.00308351 8.19983e-06 0.0463209 0.0143353 0.00983413 0.0401943 0.000158609 0.000699859 0.0234474 0.00134122 0.000216865 0.00234348 0.221161 0.00343855 0.021846 0.00405265 0.000235193 0.245065 0.00621171 
0.00533212 0.380799 0.0132609 0.00707997 0.0516216 0.029175 0.0194916 0.00513091 0.00113439 7.30664e-07 0.096076 0.136486 0.037213 0.0376556 1.16775e-05 0.000825384 0.0556376 0.00284148 0.00134192 0.000260144 0.0144804 0.0480367 0.00132162 0.0347117 3.01036e-05 0.00492974 0.0151146 
0.0175222 0.00364815 0.00399086 0.00302313 0.385941 0.00195967 0.00885697 0.0422036 8.28205e-05 1.13503e-05 0.0442514 0.0320823 0.00812382 0.0260389 5.03934e-05 0.000453946 0.0623452 0.000722445 0.000956452 0.0179026 0.119379 0.00571779 0.000827323 0.0364044 0.00324135 0.169195 0.00506807 
0.0004192 0.00473143 0.0391562 0.00685831 0.0826162 0.00445102 0.0433125 3.15003e-05 0.0236175 1.82935e-07 0.291709 0.00378674 0.119494 0.00166481 3.45088e-06 0.00239841 0.00940549 2.71593e-07 0.000349401 0.0003942 0.245428 0.00406545 0.00218257 0.0021826 0.000413308 0.103093 0.0082361 
0.00520746 0.0545977 0.00734396 0.000553996 0.016835 0.00140908 0.606821 0.000269123 0.00126172 7.99679e-06 0.11191 0.0128908 0.0652664 0.00912277 0.000257698 0.000451846 0.0202138 0.00455819 8.74626e-05 0.0173852 0.00188227 0.0016905 4.21533e-05 0.00176098 0.0397403 0.00662284 0.0118095 
0.0143233 0.00390257 0.000187296 0.000138839 0.400841 0.00266082 0.0031639 0.000614349 6.7324e-05 1.08589e-06 0.00625527 0.0157417 0.00886423 0.0872805 0.000287212 1.25503e-06 0.0869608 0.00123319 0.000163741 1.63686e-05 0.0609202 0.0325015 0.177253 0.0109333 3.28366e-05 0.0749801 0.0106751 
0.00238626 0.0240102 0.0392671 0.191917 0.031303 2.78726e-05 0.0307188 0.0232895 0.000180839 6.85483e-06 0.0202547 0.0199774 0.476994 1.70018e-05 0.00193537 2.31668e-05 0.0187671 0.00046982 4.05693e-05 0.0583178 0.000249436 0.00283544 0.010354 0.0032438 0.0048045 0.015716 0.0228918 
0.00262086 0.0212731 0.000431606 0.000401316 0.0157931 0.035568 0.00113039 0.000616167 3.33956e-05 2.61781e-07 0.222903 0.4909 0.118369 0.0138889 9.39358e-05 9.34247e-07 0.0116197 5.13659e-05 0.00243477 7.30165e-05 0.00133661 0.0164548 0.000101765 0.0352776 4.53027e-06 0.00114519 0.00747591 
0.0109365 0.0714243 0.0138376 0.00700814 0.031735 0.0982417 0.0207217 0.00516319 0.00317927 5.47067e-05 0.19542 0.122157 0.175657 0.0128992 8.89497e-05 0.000249409 0.0448184 0.00102301 0.00124388 0.0017634 0.00340375 0.0453472 0.00133275 0.0856645 0.00102305 0.0146959 0.0309112 
0.00103913 0.0293712 0.082957 0.00306911 0.156618 0.0120369 0.011987 0.00267111 0.00542025 2.02306e-05 0.236212 0.00529762 0.247459 0.0312214 5.24877e-05 0.00010094 0.0198896 5.18228e-05 0.000899013 4.53411e-05 0.00649849 0.00458968 0.00132887 0.0240293 3.88786e-05 0.0143727 0.102723 
0.0053254 0.0142526 0.00786602 0.0509026 0.0269461 0.0327712 0.00110903 0.000639759 9.64997e-05 6.10279e-06 0.29853 0.0272695 0.0926219 0.0173653 9.69595e-06 1.55611e-05 0.0348243 0.000189286 9.5174e-05 0.0015152 0.0110919 0.246372 0.000352745 0.05099 0.00039208 0.0749349 0.00351522 
0.0103748 0.0471992 0.00731881 0.0108694 0.0500238 0.00526324 0.0347742 0.00842114 0.00357201 5.07209e-05 0.145694 0.147565 0.116156 0.0180179 0.00110457 0.000102599 0.230762 0.00121109 0.00130272 0.00361705 0.0097297 0.0343581 0.00118153 0.0292726 0.00565855 0.0123513 0.0640479 
0.00126364 0.0362519 0.0154332 0.00938106 0.0414481 0.0064716 0.0360621 0.000613534 0.00120676 1.54774e-05 0.0974766 0.0427826 0.246896 0.00219039 0.000377996 0.000177212 0.141051 0.00169084 0.00237251 0.00954816 0.0202861 0.0408687 8.81288e-05 0.00354448 0.00236779 0.0188289 0.221305 
0.00679401 0.018898 0.235008 0.00236513 0.192432 0.00413478 0.0286901 0.0164993 0.0015326 5.63372e-06 0.0640966 0.00935689 0.0142547 0.0780036 7.48335e-05 0.00345779 0.119844 1.13689e-05 0.00189961 0.00266345 0.107409 0.0106343 0.000273016 0.00629747 0.000887785 0.0387907 0.0356845 
0.00310986 0.00746782 0.292137 0.00112928 0.192668 0.0135943 0.0662966 0.00194312 0.000752582 2.84348e-06 0.0952765 0.0452236 0.0660597 0.030116 3.70325e-05 7.7822e-05 0.0777841 0.000327451 0.000610353 0.0445709 0.015897 0.00716158 0.000530494 0.0155937 0.000484333 0.000168544 0.0209787 
0.000981416 0.0733694 0.00424817 0.00928118 0.00509981 0.00186453 0.115755 0.0028793 0.000964094 3.66811e-05 0.0900729 0.0273184 0.13878 0.000226634 6.67484e-05 0.020431 0.0253615 0.00200958 0.000157856 0.00907399 0.0443975 0.024629 0.000105919 0.0156572 0.00580125 0.00520904 0.376222 
0.00283251 0.0281243 0.00732335 0.0286064 0.024662 0.0131067 0.0207696 0.01282 0.00161904 1.07637e-05 0.217296 0.157097 0.0600677 0.00715708 4.01407e-05 2.6959e-05 0.210915 0.000526687 0.00141068 0.00113819 0.0116244 0.0182745 3.23888e-05 0.0186135 0.000530283 0.0193896 0.135985 
0.00818157 0.0318003 0.00682939 0.0171163 0.0311779 0.0170052 0.0167588 0.00789324 0.00472703 6.37717e-05 0.256749 0.108423 0.156611 0.00790484 8.15103e-05 0.000258436 0.0647788 0.00084381 0.00146756 0.0012541 0.00830953 0.096619 0.00331294 0.0796507 0.00300098 0.0181326 0.0510494 
3.71897e-05 0.000223592 0.00918997 4.71308e-06 0.037373 8.24345e-05 0.000408308 9.19062e-06 5.66844e-05 3.50761e-11 0.0148527 0.00351386 0.00226049 0.00589022 2.89391e-05 0.894589 0.0159704 6.2512e-07 0.000682652 0.000492461 0.0070477 0.00207262 0.00163508 0.000291705 1.05439e-05 0.00113888 0.00213713 
0.00158277 0.0257849 0.0143297 0.00410417 0.0371722 0.00972904 0.00712344 0.00293481 0.000326099 3.61457e-06 0.412541 0.0618891 0.239158 0.0108194 3.02333e-05 4.50941e-05 0.0529916 0.00090165 0.000278567 0.000300808 0.0043288 0.026068 0.00774273 0.036108 0.00102236 0.021576 0.0211081 
0.00283556 0.00124862 0.00354085 9.075e-09 0.0158722 3.9535e-05 0.00639703 4.41303e-08 7.26137e-05 1.26374e-11 0.569221 0.189331 0.0185981 0.00389237 6.90196e-06 1.58014e-11 0.0974795 1.94749e-06 8.24817e-05 0.00012395 0.0158588 0.0332766 0.00740093 0.00394377 2.26371e-05 0.000484477 0.030269 
1.02756e-05 0.0108959 0.0098314 7.87586e-05 0.0948521 4.42215e-06 0.0993827 1.93201e-06 0.00420494 2.76592e-10 0.0109726 9.90565e-07 6.64119e-05 0.00163475 4.66185e-10 3.45842e-10 0.00154875 0.000136969 0.739191 2.89512e-10 0.00491251 0.00108546 3.41293e-10 0.000387193 5.05866e-05 0.0200383 0.00071246 
3.77896e-05 0.00549627 0.174094 3.38455e-05 0.0488139 0.000228785 0.0297894 2.43974e-05 0.00050113 5.38839e-09 0.243871 0.00363041 0.0113319 0.0498971 0.000230139 0.00341223 0.00955852 1.07948e-08 3.99975e-06 0.387169 0.00345866 0.00228498 0.000751278 0.0201765 5.61846e-05 0.00166661 0.00348239 
0.00209409 0.00963537 0.00726016 0.00108361 0.0585403 0.00222502 0.00939433 0.00188874 0.000525283 9.70781e-07 0.261665 0.200472 0.010421 0.0131012 1.45756e-05 0.0047558 0.290544 5.28122e-05 6.01859e-05 0.000375416 0.0156857 0.0331404 6.31283e-05 0.0141024 7.90831e-05 0.0310999 0.0317192 
0.0192408 0.0060398 0.00198401 3.03403e-07 1.6525e-06 0.0029517 1.55702e-07 9.29192e-07 1.77853e-07 2.00413e-10 0.236368 0.0861769 0.170358 0.0020638 3.37789e-10 6.31763e-06 0.0677775 2.3985e-10 0.0217123 2.09775e-10 2.84224e-07 0.25977 1.45461e-07 0.0551784 1.22368e-07 3.06248e-05 0.0703381 
0.00194064 0.0123067 0.000426286 0.000563864 0.000483421 0.000170232 0.00832013 0.000111741 0.000117392 3.66936e-08 0.056771 0.0275397 0.00895685 0.000167245 0.000205758 4.58805e-08 0.13952 5.65083e-05 0.000843067 3.84076e-08 0.000112529 0.00287509 1.42761e-05 0.000312054 7.62852e-05 0.00128836 0.736821 
0.0329994 0.0551591 0.0285331 0.00114125 0.238068 0.0068622 0.02567 0.010877 3.24397e-05 6.40897e-06 0.0701715 0.07067 0.041254 0.046609 1.0133e-05 2.29126e-05 0.215365 0.000904919 0.000462155 0.000620749 0.0195426 0.0113198 0.00530245 0.0704313 0.000107159 0.0057006 0.0421566 
0.000419362 0.0987701 0.59304 0.000707842 0.0383431 0.0118586 0.000785371 0.0116725 0.00211783 2.18788e-06 0.0138605 0.0136052 0.146194 0.00369397 5.63778e-05 7.4748e-06 0.00150117 3.30108e-05 1.36408e-05 0.00464569 0.000306381 0.036363 0.000245573 0.0155176 0.000544512 0.000484589 0.00521031 
0.00393945 0.432836 0.00534868 0.00448839 0.0273436 0.00539044 0.0148786 0.0065865 0.00784354 1.22554e-05 0.0752145 0.115343 0.0544215 0.0308025 0.000200531 0.00307812 0.0400166 0.000228976 0.00144513 0.000735652 0.00343479 0.0367586 0.000625992 0.109163 0.000750682 0.00983334 0.00927949 
3.61946e-07 0.0143532 0.775109 1.1386e-06 0.0286594 0.0729054 1.75366e-07 0.00336626 0.0258471 1.89357e-10 0.051641 2.89907e-06 0.00410278 0.00190019 1.40336e-07 2.36766e-10 0.00410971 2.26618e-10 2.64789e-10 3.35856e-05 2.34975e-07 0.00215151 7.45734e-07 0.0156452 2.86636e-05 0.00014104 2.24641e-07 
0.0023388 0.0354612 0.0192806 0.00118587 0.0334801 0.00196031 0.195491 0.00245398 0.000155479 9.09485e-05 0.13042 0.131453 0.160236 0.071168 0.000395302 0.00122075 0.0550068 0.00257327 0.000132915 0.0624211 0.00570962 0.00899555 0.000172494 0.00451746 0.0258769 0.000411992 0.0473898 
0.00033242 0.149825 0.0688259 0.00902671 0.0578138 0.01184 0.0370283 0.0132631 0.00546822 2.53264e-07 0.12825 0.173103 0.024349 0.0173514 2.22869e-05 6.45568e-06 0.204899 0.00678214 0.00616465 0.000634801 0.00976692 0.00379312 0.000361188 0.02245 0.000112885 0.0383054 0.0102245 
0.000684438 0.0153377 0.0154762 0.00493623 0.0243516 0.00342743 0.0110865 0.000964008 0.00135654 2.10649e-05 0.273836 0.0306846 0.298274 0.0138857 3.75558e-05 0.000863095 0.0161874 0.000272914 0.000570929 0.000117449 0.002946 0.0054209 0.0068692 0.00703875 0.00116354 0.00673207 0.257458 
0.000802348 0.00805845 0.462151 0.0108986 0.0967 0.0183097 0.013238 0.00126385 0.00177318 3.03738e-06 0.0972951 0.0703988 0.0494474 0.0585809 5.06285e-05 1.46719e-05 0.015921 7.77689e-05 0.000854571 1.46733e-05 0.00752873 0.0742965 0.00494711 0.00289162 0.000735337 0.00188125 0.00186598 
0.00658249 0.0214541 0.0170235 0.0083017 0.0499126 0.00315602 0.0470411 0.00254197 0.000740239 0.000127877 0.180761 0.0725726 0.338529 0.0117615 0.000189834 0.000984716 0.090409 0.000270212 0.000762904 0.00105199 0.0139558 0.0121971 0.000630424 0.0194649 0.00242455 0.0113779 0.085775 
0.00406133 0.0281554 0.0794673 0.00208397 0.053639 3.2052e-05 0.00598218 0.000187682 0.00654245 1.66708e-08 0.0544967 0.0308246 0.077247 0.0267704 6.92183e-05 0.00202639 0.152178 0.000380617 0.000419104 0.00489504 0.00176853 0.0006678 0.00120126 0.0141528 0.000121589 0.00103683 0.451593 
8.22127e-05 0.0828081 0.013642 0.00624204 0.0279861 0.000503266 0.0343089 0.0580677 0.0521221 6.52409e-06 0.027628 0.0470242 0.347427 0.00106808 0.00131529 0.000515114 0.0536258 0.000230572 0.0422205 0.00324716 0.000311836 0.141704 0.000230039 0.042644 4.81159e-05 5.71222e-05 0.0149332 
6.27488e-06 0.00175515 0.201915 0.00122395 0.0438312 0.000123717 0.00348952 0.0793582 5.99759e-06 1.29021e-08 0.6202 0.00370393 0.0157361 2.90436e-05 8.25339e-06 7.73797e-06 0.0144423 2.09812e-06 0.00505681 0.00250341 0.000712235 0.000681269 1.60664e-06 0.00372864 7.33376e-07 1.31147e-06 0.00147546 
0.00318572 0.00589689 0.00288865 0.0104545 0.0192217 0.0427099 0.0144989 0.000557267 0.00325921 4.39446e-08 0.279211 0.178055 0.0357105 0.00339357 1.25409e-05 6.06449e-08 0.33802 2.74044e-05 0.000208216 3.21537e-05 0.00133899 0.0162718 3.84238e-05 0.0103312 7.81153e-05 0.0230861 0.0115114 
0.000420675 0.0207346 0.00150342 2.23176e-05 0.0316634 0.000988514 0.000202249 0.000839885 0.00111811 1.53944e-09 0.0661331 0.000583166 0.00140644 0.0114466 3.15078e-08 3.08625e-08 0.123053 0.658412 8.58523e-09 8.72719e-05 0.07112 0.000249548 9.5362e-09 0.00605873 3.27677e-06 0.00345981 0.000493466 
7.5097e-07 0.0486592 0.00182069 0.00341943 0.0726823 0.00102657 0.00666543 0.130031 0.000477893 1.75893e-07 0.041356 0.00400906 0.116301 0.0153821 0.000126417 4.43879e-05 0.00106796 0.000219956 4.4153e-05 1.84109e-07 0.000578327 0.0182825 0.00118086 0.53431 2.37827e-05 0.00175946 0.000530897 
0.0124584 0.387068 0.0309467 0.005517 0.000611613 0.148671 2.39233e-07 0.0123306 6.09086e-06 1.53548e-09 0.00731174 0.0519351 0.228484 0.00542309 1.77378e-06 1.91991e-09 0.00276226 6.1348e-06 4.07359e-06 1.7628e-06 7.77918e-08 0.0920782 1.89466e-09 0.0069308 0.000444682 5.12474e-08 0.0070071 
3.77896e-05 0.00549627 0.174094 3.38455e-05 0.0488139 0.000228785 0.0297894 2.43974e-05 0.00050113 5.38839e-09 0.243871 0.00363041 0.0113319 0.0498971 0.000230139 0.00341223 0.00955852 1.07948e-08 3.99975e-06 0.387169 0.00345866 0.00228498 0.000751278 0.0201765 5.61846e-05 0.00166661 0.00348239 
