1.8792e-09 0.864317 2.82663e-08 0.0330293 0.00333811 2.16538e-05 0.0271679 5.09161e-09 0.0101682 0.000178063 0.0159526 2.01538e-05 0.00424308 7.46631e-09 2.34944e-05 0.0349644 0.00482473 7.21125e-09 0.00175104 
8.33245e-10 9.96818e-06 0.358483 0.0014597 0.283018 2.05393e-09 8.63091e-06 5.03483e-09 0.311456 5.98384e-06 0.0143163 0.00129725 0.00806656 4.93848e-05 0.000361786 0.0214655 1.14832e-09 1.07946e-06 9.47824e-07 
3.87264e-06 0.0802984 8.22707e-06 0.0274394 0.0711531 1.41728e-05 0.00262341 0.0659755 0.0359712 0.660769 0.00455033 0.000152667 0.00269037 0.000234549 9.38316e-06 0.0272272 0.0153934 3.06172e-05 0.00545473 
8.58772e-05 0.130083 0.00871395 0.0858705 0.0447616 0.000517809 0.0148824 0.000136598 0.319325 0.0486543 0.0142011 0.000109928 0.0136276 0.000679683 0.00658281 0.288985 0.018693 0.00359323 0.000496506 
1.91045e-08 0.00498659 8.27104e-06 0.000354911 0.000452979 2.9124e-05 0.9617 1.15438e-07 0.000576943 0.000295024 0.023281 3.32551e-06 9.35387e-05 9.79121e-08 0.000528333 0.00349423 0.000177531 2.56266e-06 0.004015 
5.59726e-06 0.640934 2.68906e-05 0.115328 0.0634727 4.00098e-05 0.0271715 0.00844612 0.0430083 0.043178 0.0194128 0.000250643 0.00389203 0.00032786 0.003785 0.0292532 0.00140672 8.92211e-06 5.21779e-05 
4.12238e-07 0.019155 3.4445e-06 0.012617 0.00853401 0.00127579 0.107901 3.42125e-06 0.0317654 0.00404525 0.659368 0.00738654 0.0685549 0.000243221 7.36705e-06 0.0609048 0.00232186 5.7595e-05 0.0158553 
1.60362e-12 0.881658 6.33161e-12 0.0340565 0.0431258 1.3839e-08 0.00032534 9.68976e-12 0.0225263 5.14025e-08 1.99745e-07 3.01648e-08 0.0117771 8.21867e-12 6.70547e-05 0.00543145 0.00103252 7.33065e-12 8.25035e-08 
5.61415e-11 0.755426 2.4607e-06 3.40618e-06 1.37991e-06 9.68851e-07 0.00294224 3.39231e-10 0.233365 0.00769812 2.86747e-06 1.55278e-10 4.77434e-06 2.8773e-10 0.000542662 1.67407e-06 7.81443e-09 6.93186e-07 7.04236e-06 
3.17847e-09 0.00607382 6.74635e-05 0.00100664 0.000451094 0.000247291 0.00683783 0.258731 0.614515 0.00472727 0.00220858 0.000116152 0.00568109 4.73255e-07 1.6725e-07 0.0972067 0.00210774 1.45298e-08 2.17866e-05 
4.81661e-11 0.00145659 2.61956e-07 0.0208514 0.205094 5.9102e-07 0.226397 3.67623e-07 0.0164893 0.186468 0.0721766 0.0128428 0.0037043 3.5362e-07 0.177234 0.0368135 0.0404551 2.20182e-10 1.62655e-05 
3.91743e-06 0.0112941 0.011691 0.0124482 0.00606088 0.000414303 0.0632203 7.27927e-06 0.0310148 0.0142571 0.744657 0.005216 0.0256967 0.000220224 0.00259895 0.043204 0.00116755 8.84613e-05 0.0267391 
1.49818e-08 0.0658851 0.000899909 0.0132633 0.781156 0.000764546 0.00557691 7.148e-06 0.0155505 0.0121422 0.0614282 0.00369945 0.00145936 0.000221754 6.95258e-05 0.0252631 2.09661e-07 8.1874e-08 0.0126128 
6.05303e-13 0.11364 6.71595e-08 0.0270176 0.0487054 2.61125e-08 1.99489e-07 3.6575e-12 0.0156606 0.00131394 0.0284118 1.67417e-12 0.00102471 3.10223e-12 0.719415 0.0063978 0.0362026 2.76703e-12 0.00221017 
1.03864e-08 0.0334697 4.1009e-08 0.0113003 0.121639 0.000122327 0.508698 6.27593e-08 0.00243745 0.186834 0.0990225 6.81305e-05 0.00464416 5.32312e-08 0.000561085 0.000733915 0.000661414 2.5602e-06 0.0298053 
3.62281e-10 0.0182685 1.01467e-05 0.264615 0.0152107 8.93014e-10 0.0394133 4.22484e-06 0.0224736 0.00080854 0.546553 0.000646746 3.67204e-10 1.85672e-09 0.000951536 0.0394752 2.43619e-07 2.49041e-05 0.0515443 
4.3007e-12 0.244947 1.69805e-11 0.717649 0.00992332 3.71145e-08 0.0165725 2.59867e-11 2.67075e-07 0.000896196 5.3569e-07 8.08979e-08 5.78462e-07 2.20414e-11 1.13448e-05 0.00999938 1.20915e-07 1.96598e-11 2.21264e-07 
4.67473e-07 0.176094 4.02291e-05 0.0258247 0.543421 3.18369e-05 0.032704 1.34128e-06 0.0227922 0.00213255 0.108228 4.9308e-05 0.00145846 1.0739e-05 0.00115591 0.0821168 0.00368597 1.17091e-05 0.000240746 
6.0198e-05 0.232916 0.000343165 0.022255 0.0587913 0.00280243 0.0208114 0.0198432 0.456093 0.0673581 0.0322342 0.00192269 0.0251705 0.000374184 0.0176389 0.0213845 0.0087703 0.000283893 0.0109473 
1.02274e-06 0.095818 4.03812e-06 7.57371e-05 0.000307086 2.52103e-06 2.33617e-05 6.17985e-06 0.0578728 0.837147 0.00709999 2.82873e-06 0.00134029 5.24163e-06 5.76574e-05 3.63467e-05 0.000193438 4.67527e-06 1.478e-06 
1.38987e-09 0.57578 5.48767e-09 0.145321 1.93303e-07 3.21751e-07 0.179396 8.39822e-09 0.0108548 0.000317484 0.051584 3.84416e-09 0.015499 2.89551e-05 1.56498e-05 0.0211635 1.44755e-06 6.35355e-09 3.78109e-05 
3.88923e-07 0.0652781 0.0020726 0.00320466 0.00350114 0.00153574 0.110606 8.98116e-05 0.0361823 0.33408 0.316599 7.32533e-06 0.00770027 1.0947e-05 0.0327831 0.00232255 0.0367917 4.8599e-05 0.0471851 
5.026e-07 0.403556 3.07426e-06 0.00100256 2.97164e-05 2.17186e-05 0.0789487 3.03693e-06 0.455721 0.060226 8.07059e-05 4.97823e-06 4.28112e-05 2.06832e-05 9.45769e-06 0.000276102 2.08917e-05 2.29754e-06 2.9606e-05 
6.43526e-13 0.874985 2.54085e-12 0.0335433 0.0157217 7.94739e-08 0.0101983 3.88846e-12 0.0118395 7.20198e-09 0.0333215 1.77988e-12 0.00738581 3.29812e-12 1.01007e-07 0.0108657 0.000934363 2.94176e-12 0.00120499 
6.11296e-11 0.0857656 4.03073e-05 1.19733e-05 0.30306 9.49454e-07 1.54105e-06 3.69371e-10 3.32955e-06 6.40152e-07 0.0152588 2.5378e-07 0.0350441 3.13294e-10 1.71699e-06 0.268854 0.291957 2.79443e-10 8.83406e-11 
6.83963e-09 0.0168666 2.7106e-05 0.00352032 1.48726e-05 1.68595e-08 0.0089595 4.1328e-08 1.09963e-05 2.03523e-06 0.316998 1.89173e-08 0.00422934 3.50536e-08 0.111795 0.537577 9.42593e-09 3.12661e-08 9.88419e-09 
1.65161e-06 0.102718 0.00109369 0.0232296 0.0876073 0.000975394 0.33346 8.83026e-06 0.0253726 0.105332 0.176445 0.000533369 0.0165224 6.07357e-06 0.00182261 0.116252 0.00376583 8.52585e-05 0.00476703 
4.71648e-05 0.108327 0.000541104 0.0473021 0.0185304 0.00267497 0.022865 0.00292072 0.489156 0.0282687 0.108728 0.000782942 0.0219784 0.00559694 0.0070063 0.11947 0.00579077 0.00367304 0.00634094 
1.33756e-09 0.0195721 8.98272e-07 0.198622 5.58438e-06 8.32351e-05 9.41805e-06 8.0821e-09 0.050398 4.25482e-06 0.00732246 3.69946e-09 1.22996e-05 2.4615e-06 2.80763e-06 0.527069 0.196697 0.000197479 1.09783e-06 
3.09142e-07 0.0303194 0.000210424 0.00282847 0.00199719 0.00282604 0.0261567 1.86797e-06 0.01131 0.795194 0.105825 8.55034e-07 4.05924e-05 0.000174112 7.03416e-05 0.0168878 0.00611348 2.05898e-05 2.31493e-05 
8.62806e-13 0.450839 3.40664e-12 0.180141 0.328525 1.63884e-05 6.03396e-08 5.21345e-12 0.00546526 0.00162899 0.00636235 0.000301889 0.00689356 4.42195e-12 0.00132055 0.0180032 0.000502165 3.94416e-12 4.43899e-08 
1.09124e-09 1.61032e-05 4.99644e-06 6.31021e-05 0.168826 0.000449422 0.016702 6.59375e-09 0.0031423 0.630614 0.171407 3.01819e-09 2.25426e-05 0.00198069 6.81562e-06 3.5951e-05 1.50388e-09 4.9884e-09 0.0067289 
2.41064e-06 0.000335034 9.51797e-06 0.00879108 0.0524986 5.94215e-06 0.0169431 1.45661e-05 0.000180029 0.914576 0.00499233 0.00125444 2.44339e-06 1.23547e-05 4.02113e-05 0.000315957 1.15641e-05 1.10198e-05 3.4837e-06 
1.42683e-06 0.114619 2.85703e-06 0.056352 0.0744322 0.000232702 0.0216102 1.0076e-05 0.00755894 0.00732405 0.62879 0.000153527 0.00181609 0.000322502 0.0519508 0.0188776 0.0149028 5.01687e-06 0.00103881 
6.78609e-12 0.105643 1.7152e-08 0.0355314 0.536166 0.000607133 0.000563878 6.52415e-08 0.220801 0.00458986 0.00102298 2.87502e-06 0.00933584 2.04471e-08 3.3166e-06 0.0769363 0.00865324 1.21318e-05 0.000131181 
4.15441e-05 0.325524 0.00889719 0.170999 0.084339 0.000919757 0.127063 4.31257e-05 0.0384965 0.110703 0.0791902 0.000892946 0.0039912 0.000132351 0.0241806 0.00543731 0.00141165 0.000100726 0.0176361 
8.02536e-06 0.11651 0.00366504 0.0400792 0.275004 9.92315e-05 0.00989468 0.0518126 0.177025 0.00471432 0.104069 0.000431888 0.0111575 0.000331092 0.00181666 0.0983222 0.103686 0.00056163 0.000812017 
1.91353e-06 0.0242796 4.0372e-05 0.00431577 0.023354 2.31492e-05 0.000334762 3.73623e-06 0.113695 0.817296 0.0107309 7.87658e-06 2.32432e-06 2.37697e-05 0.000357388 0.000998995 0.00450496 2.54107e-05 3.66748e-06 
6.44656e-13 0.00463575 2.60992e-08 0.00014323 0.00209791 2.90802e-05 0.00550387 4.35502e-10 0.000716691 0.000804273 0.0366013 1.6566e-07 0.000217176 8.81146e-08 0.948289 0.000510072 3.28726e-05 2.94692e-12 0.00041891 
0.000936291 0.0337956 0.00349654 0.0896526 0.0855855 0.00116819 0.0192053 0.00197939 0.0174495 0.104016 0.0477779 0.499435 0.00279693 0.00184874 0.0238195 0.015525 0.00136291 0.0365956 0.0135541 
3.40479e-06 0.0831787 8.25826e-05 0.0449842 0.0428254 0.00694206 0.041507 7.32607e-05 0.0537782 0.0280999 0.580267 0.0740886 0.00188043 0.000276155 0.0194605 0.0105663 0.00913546 6.26436e-05 0.00278795 
1.66355e-05 0.0263733 0.000284736 0.0224279 0.0211518 0.000539607 0.00205597 0.00118655 0.0401007 0.00244425 0.0549421 0.000528209 0.00985625 0.000214572 0.0011253 0.794709 0.0103926 3.61923e-05 0.0116147 
2.81759e-08 0.296612 0.00205107 0.279687 0.0796057 0.00124335 0.00178714 0.0147329 0.00615156 0.002593 0.107385 0.00191098 0.00196825 8.90365e-07 0.018121 0.140853 0.000956184 2.59462e-06 0.0443374 
3.64652e-05 0.0322389 0.00308801 0.0451177 0.0366038 0.000972235 0.0170469 0.00109103 0.130704 0.541526 0.0800607 0.00214863 0.00147631 8.1496e-05 0.0126513 0.0722809 0.01601 0.000138892 0.00672719 
1.11599e-06 0.0944494 4.9634e-06 0.341528 0.187194 0.00179497 0.00228945 1.53149e-06 0.0758742 0.000376843 0.0145723 0.000447363 0.00716529 0.000226286 0.00512048 0.078348 0.189888 7.22189e-05 0.000645982 
1.16291e-09 7.20777e-06 1.65342e-05 1.76006e-05 1.05843e-05 6.30924e-06 0.391091 7.02679e-09 1.2521e-05 0.590136 1.87136e-06 1.19039e-05 1.17871e-09 5.95999e-09 1.1092e-06 0.00559826 0.0130885 5.31601e-09 1.68056e-09 
1.34892e-12 0.00350085 2.63452e-05 0.00242008 0.00038282 6.1367e-05 0.00154085 8.15074e-12 0.000133119 2.4751e-05 0.0485229 0.00390518 6.4107e-05 7.21461e-09 0.0815592 0.00205036 0.000446162 6.16632e-12 0.855362 
5.87375e-07 0.000442485 5.25343e-05 0.00019284 0.00028932 0.0437833 2.43355e-05 3.54917e-06 0.191796 0.00213197 1.80941e-05 1.95508e-05 0.000864971 6.28641e-05 2.20153e-05 0.0471085 0.000358433 0.712775 5.33361e-05 
1.08882e-09 0.0497995 4.29903e-09 0.00175687 0.000132708 0.000366942 0.000233952 6.57915e-09 0.0137413 0.0051742 0.00942531 6.44438e-05 0.000440664 8.3399e-08 0.000966257 0.431796 0.483646 4.97736e-09 0.00245616 
1.2947e-07 0.510864 3.82971e-07 0.0347472 0.0566571 1.87775e-06 0.00614993 2.62892e-07 0.164303 0.0381963 0.0599997 1.33554e-06 0.0743074 1.4233e-05 0.00355012 0.00308022 0.047534 1.5175e-06 0.000591784 
9.97687e-09 0.0187191 5.44022e-06 2.81468e-05 2.84382e-05 2.45927e-08 3.04302e-05 0.820364 0.0520479 0.0024673 0.0485035 2.75943e-08 0.000250367 1.90796e-05 3.55473e-05 0.0573332 4.71417e-05 9.38894e-07 0.000119127 
8.12311e-11 0.187294 3.20727e-10 0.0582931 0.00556303 8.9219e-07 0.0317076 4.90833e-10 0.297556 0.00611566 0.324368 0.0051644 0.0126451 1.21787e-07 0.0558344 0.00682985 0.00509484 3.71333e-10 0.00353378 
3.85151e-07 0.0291972 2.16941e-05 0.119449 0.0576551 0.00159527 0.0039782 2.17149e-06 0.18934 0.417666 0.0126861 6.41323e-07 1.82727e-06 4.69848e-06 0.000105591 0.156128 0.0121611 3.60816e-06 4.12681e-06 
1.09551e-08 0.0246398 4.32543e-08 0.0632418 0.688651 2.22133e-05 0.0346133 6.61955e-08 0.0290602 0.116474 0.00594711 1.39583e-05 0.00466816 5.61458e-08 3.02882e-06 0.000531079 0.00014974 0.0319844 1.58316e-08 
8.95609e-08 0.0245806 1.98828e-06 0.0263519 0.342897 1.13105e-07 0.0693781 1.47452e-05 7.01938e-07 0.281828 0.191599 9.52202e-08 0.00584647 6.19898e-05 0.00672803 0.050707 2.43965e-06 5.37107e-07 6.14788e-07 
7.9586e-07 0.369254 1.00824e-05 0.0596502 0.265966 0.000193982 0.00451989 1.72526e-06 0.198094 0.0171917 0.011238 2.60776e-05 0.00644788 0.0178661 0.00150367 0.0105968 0.0372763 2.89266e-05 0.000133841 
5.46756e-05 0.387863 0.00127092 0.0216112 0.232885 0.0012684 0.00875416 0.000682573 0.210989 0.0120699 0.0517666 0.00116597 0.0159954 0.000672407 0.0023647 0.0413564 0.00530768 0.000220337 0.00370076 
1.51113e-08 0.026213 1.97834e-05 0.00459093 0.00214009 0.00158585 0.229463 0.0273294 0.137368 0.034394 0.120333 0.141997 0.00135557 7.74465e-08 0.000952695 0.232543 0.00197186 2.22321e-06 0.037741 
1.89899e-09 0.705303 0.00351696 0.0130743 0.000142492 5.58598e-06 0.0290196 2.64027e-08 0.114098 0.000197072 0.0233074 0.000786124 0.015345 1.09759e-05 0.0149884 0.0232748 0.0568484 2.47733e-09 8.19777e-05 
4.87735e-07 0.0555803 1.92574e-06 0.00024069 0.0588969 1.20225e-06 0.00184482 2.9471e-06 0.101226 0.534778 0.171544 1.34899e-06 0.00780034 2.49968e-06 0.00833902 0.016703 0.0334618 2.22959e-06 0.00957224 
1.11528e-12 0.285841 4.40349e-12 0.0692641 0.375363 2.27059e-06 0.00373782 1.88592e-08 0.0067706 0.000265319 0.122751 4.13806e-05 0.00155234 3.05628e-06 0.00048456 0.131386 0.00238077 5.0983e-12 0.000157853 
3.92371e-11 0.110373 8.52655e-09 0.243973 0.0139799 0.000606965 0.15618 1.63587e-07 0.00946203 0.00739194 0.268144 0.18023 0.000118055 0.000227988 0.000481272 0.00835904 1.58576e-07 5.14203e-06 0.000467063 
4.15878e-09 0.038687 0.000334057 0.00879804 0.156745 2.61355e-05 0.0409875 2.51291e-08 0.0653113 0.362055 0.0624677 0.00145363 0.00305732 0.00858828 0.00219255 0.24616 0.00273938 1.42336e-05 0.000382421 
1.13275e-06 0.130351 3.34482e-06 0.570188 0.19897 0.000283208 0.00107176 2.27645e-06 0.00865581 6.34413e-06 0.0104823 1.17292e-05 0.0123168 0.00032063 0.00172499 0.0443734 0.0203426 0.00018261 0.00071194 
8.62806e-13 0.450839 3.40664e-12 0.180141 0.328525 1.63884e-05 6.03396e-08 5.21345e-12 0.00546526 0.00162899 0.00636235 0.000301889 0.00689356 4.42195e-12 0.00132055 0.0180032 0.000502165 3.94416e-12 4.43899e-08 
6.44656e-13 0.00463575 2.60992e-08 0.00014323 0.00209791 2.90802e-05 0.00550387 4.35502e-10 0.000716691 0.000804273 0.0366013 1.6566e-07 0.000217176 8.81146e-08 0.948289 0.000510072 3.28726e-05 2.94692e-12 0.00041891 
6.15081e-07 0.0285007 0.000609712 0.0173118 0.0120677 0.00206974 0.0099122 8.53915e-06 0.105495 0.505653 0.00636844 2.88042e-05 0.000132091 1.79265e-05 7.67374e-05 0.293484 0.000381367 0.000231773 0.0176497 
9.33748e-06 0.0887672 0.000811805 0.00774008 0.667686 4.65065e-05 0.00424869 0.000253844 0.00755684 0.00152921 0.0721673 4.36253e-05 0.00837826 0.000158575 0.000104469 0.0725092 0.0638141 3.98477e-05 0.00413527 
3.4192e-11 0.0806155 0.357453 0.000911281 0.406328 3.45402e-07 4.10695e-07 2.06603e-10 0.0216251 0.0637343 0.0265519 2.31465e-07 0.000149188 1.75237e-10 0.000134695 0.00668237 0.0349108 1.30774e-06 0.00090196 
4.37928e-10 0.132503 0.00167477 0.105418 0.00313095 0.00184323 0.00099315 9.97922e-07 0.56979 0.0356442 0.00676361 0.00163375 0.0122573 1.32212e-05 1.72534e-05 0.127086 3.57652e-05 2.0019e-09 0.00119458 
1.98407e-06 0.160592 5.17059e-06 0.00518653 0.0069786 2.50293e-06 0.00146709 2.72116e-06 0.776404 0.0228597 0.00112336 2.19732e-06 0.00271855 6.85884e-06 5.86429e-05 0.0139886 0.00858016 2.05865e-06 1.97222e-05 
6.78661e-06 0.116239 0.000304658 0.0101285 0.0297738 4.52455e-05 0.00956953 0.0301892 0.760555 0.00349381 0.00537577 0.00196122 0.0130684 0.0054461 0.00101122 0.00880647 0.00396372 2.21067e-05 4.00973e-05 
2.16729e-07 0.662524 3.55289e-06 0.0339023 0.00468303 2.52609e-07 0.00631982 2.65816e-06 0.00804558 0.00044122 0.115658 2.47307e-05 0.00240632 1.1033e-05 0.000291338 0.156401 0.00666303 5.96226e-06 0.00261578 
8.7129e-05 0.029048 0.000969441 0.061256 0.0665051 0.000423826 0.0674184 0.000641796 0.0203764 0.644684 0.054853 0.00289938 0.00522671 0.00197883 0.00158774 0.0087675 0.0265331 0.00136979 0.00537392 
3.55054e-06 0.117954 4.6953e-05 0.112619 0.0139333 0.000648603 0.00690878 0.000406088 0.0415798 0.0375958 0.0453423 0.000182045 0.555795 0.000339732 0.00107006 0.0607381 0.00173968 1.2324e-05 0.00308454 
2.43275e-09 0.715614 0.0167174 0.0439089 0.0096381 6.37556e-07 0.0106148 1.46997e-08 0.0402122 0.00573075 0.0928145 6.72857e-09 0.0104472 3.53815e-05 2.33783e-08 0.0534695 4.96567e-05 1.11209e-08 0.00074717 
5.72681e-09 4.56151e-05 2.26113e-08 0.180513 0.101588 1.41164e-08 0.0105844 3.46039e-08 5.4485e-05 0.696524 9.04782e-06 4.23211e-06 1.13537e-06 2.93503e-08 2.39693e-07 0.00158288 0.00292387 2.61791e-08 0.00616918 
1.99026e-08 0.743156 5.13681e-07 0.0365551 0.00964702 8.92315e-06 0.0132485 2.08661e-08 0.111742 0.00124799 0.0296588 3.94436e-05 0.0275974 1.1386e-05 0.000532774 0.0107341 0.0156537 4.92902e-07 0.000165224 
0.000145009 0.02504 0.354031 0.154297 0.0116391 0.000228481 0.00241925 0.000562 0.0539156 0.311155 0.0254193 0.000553739 0.0123755 0.000206922 0.00148817 0.00833416 0.000386382 0.0369791 0.000824933 
3.07844e-07 0.077286 7.03027e-05 0.0103781 0.00141268 0.00118218 0.0125465 0.000732502 0.0125417 0.0171585 0.722929 0.000595321 0.00280279 0.000299886 0.0297773 0.00548625 0.000735158 1.13402e-06 0.104065 
6.62134e-07 0.0620313 0.00165164 0.00364374 0.00514778 0.00165023 0.0121469 1.02848e-06 0.0349967 0.0104156 0.591753 1.74208e-05 0.00391453 4.04855e-05 0.0131438 0.0296314 0.000487616 6.40654e-06 0.229319 
2.70301e-10 0.00167666 0.000104093 0.000194608 0.000987198 1.6905e-08 0.000468272 0.000744854 0.000976054 0.000468204 0.980955 4.28997e-08 2.73974e-10 1.38531e-09 0.00466998 0.00239906 0.000560262 1.91013e-08 0.00579573 
1.35471e-11 9.4862e-08 1.37158e-07 6.13653e-06 0.000340204 3.95275e-08 0.00124628 8.18575e-11 0.00337759 0.00641562 0.818591 5.96163e-07 1.37312e-11 1.01071e-07 0.0821535 6.84934e-09 0.000611192 6.19281e-11 0.0872574 
9.6364e-08 0.00349869 3.80476e-07 3.03678e-05 0.0601849 4.30268e-05 0.00875694 0.0116048 0.00341628 0.904607 0.00677818 2.66526e-07 9.70484e-05 4.93873e-07 1.4919e-05 3.7331e-05 0.000860429 2.79712e-05 4.0584e-05 
7.2234e-06 0.194134 0.000871616 0.0331124 0.372215 0.00488987 0.0208437 0.000306243 0.226188 0.0119388 0.0393099 0.00151851 0.024516 0.000330813 0.0026797 0.044288 0.017659 0.000480002 0.00471046 
1.29672e-12 0.152464 5.11987e-12 0.148459 0.0666758 1.2565e-08 0.000638003 7.83535e-12 0.00357817 0.000571431 0.0341218 3.58651e-12 0.00161357 9.84331e-09 0.0197382 0.0513406 0.520155 5.92772e-12 0.000644165 
1.1319e-06 0.0256338 0.00473261 0.0184792 0.0032645 0.00115842 0.184879 1.82249e-06 0.0174256 0.0089597 0.690624 0.0037264 0.000963185 2.71203e-05 0.0187881 0.00563957 0.00129893 3.15362e-06 0.0143939 
3.17847e-09 0.00607382 6.74635e-05 0.00100664 0.000451094 0.000247291 0.00683783 0.258731 0.614515 0.00472727 0.00220858 0.000116152 0.00568109 4.73255e-07 1.6725e-07 0.0972067 0.00210774 1.45298e-08 2.17866e-05 
5.97854e-09 0.036573 0.0434671 0.00163603 0.0253626 1.47369e-08 0.02934 3.61249e-08 0.435439 0.319998 0.0298071 3.65268e-06 6.05979e-09 0.00119595 1.37387e-06 0.056131 0.0209478 9.48514e-05 2.74446e-06 
5.59726e-06 0.640934 2.68906e-05 0.115328 0.0634727 4.00098e-05 0.0271715 0.00844612 0.0430083 0.043178 0.0194128 0.000250643 0.00389203 0.00032786 0.003785 0.0292532 0.00140672 8.92211e-06 5.21779e-05 
7.80302e-08 0.0504604 3.21947e-06 0.000695123 0.00700183 0.000329987 0.0192267 5.40826e-06 0.706749 0.0447911 0.103887 0.000285113 0.00999394 0.000147267 0.033714 0.00645297 0.000550383 3.9357e-05 0.0156664 
4.25985e-06 0.450069 8.11579e-05 0.216538 0.0982798 6.02311e-05 0.00940144 0.000279229 0.0439475 0.0033506 0.00463784 0.00121791 0.0169888 0.000282443 0.00694163 0.124665 0.0184742 7.79868e-05 0.00470247 
1.08639e-07 0.132675 4.6029e-05 0.0681833 0.152939 8.50957e-05 0.164447 0.00021023 0.0261499 0.343713 0.0520841 0.00013615 0.0436401 4.86293e-07 0.010621 0.001423 0.00310035 1.8595e-05 0.000528241 
1.76976e-08 0.272105 1.80604e-05 0.0347376 0.362106 0.000851138 0.00278121 1.06937e-07 0.268283 0.000160993 0.0163263 0.00199868 0.00234607 3.77157e-06 0.000130631 0.0369559 0.000540765 8.09015e-08 0.000655421 
1.1008e-10 0.00534612 3.79287e-06 2.56351e-07 0.000290817 0.00129171 0.00015446 6.65148e-10 0.948267 0.000683806 0.00317633 2.41622e-08 0.00338837 8.02226e-08 5.03396e-05 0.00758172 0.0296739 5.03208e-10 9.15875e-05 
1.28385e-11 0.861156 5.06905e-11 0.0124305 0.0014595 1.30603e-08 0.0445919 8.65445e-09 0.00944825 0.000191686 0.0115035 2.25944e-05 0.00141504 6.57982e-11 9.20695e-06 0.0488303 0.00691742 5.86887e-11 0.00202388 
1.80375e-11 0.14247 1.95754e-08 0.0324099 0.00772552 3.6656e-07 0.0596548 1.0899e-10 0.0518115 0.0280696 0.268718 6.4265e-08 0.00702881 3.24152e-07 0.260358 0.093063 0.0358356 8.24549e-11 0.0128551 
1.13611e-06 0.0789855 1.08916e-05 0.0173713 0.533873 0.000627781 0.00296757 3.73026e-05 0.0700945 0.015074 0.034157 0.00248219 0.0399851 0.00115849 1.27869e-05 0.187502 0.0151105 1.43125e-06 0.000547574 
8.49653e-10 0.951319 3.3547e-09 1.07779e-06 0.004586 2.09437e-09 0.000398123 5.13397e-09 0.0346481 0.000355088 4.0274e-06 2.35e-09 0.00384853 4.35453e-09 2.56987e-05 0.00108809 0.00372627 3.88403e-09 1.22786e-09 
1.28891e-08 0.0412632 2.77605e-08 0.0618135 0.0016585 0.000194209 0.0141526 7.22177e-08 4.76424e-07 0.0102315 0.798055 0.000301784 3.74317e-07 4.99049e-06 0.0329737 0.0331028 2.53343e-07 1.76798e-08 0.00624729 
3.23925e-08 0.0488584 0.000126175 0.00466335 0.010044 7.98466e-08 0.00871275 1.9573e-07 0.00318716 0.891511 0.0268041 1.03091e-05 5.11789e-05 1.58697e-06 0.00020262 0.00508998 4.46413e-08 1.48076e-07 0.000736929 
0.000157036 0.27844 0.00203785 0.0718015 0.255312 0.00565031 0.0440189 0.000246548 0.0556202 0.0590806 0.0893104 0.00191588 0.0291421 0.00414868 0.0221785 0.0682601 0.0048538 0.000922705 0.00690317 
2.99723e-06 0.00339949 0.00184542 0.00302061 0.00655603 2.22864e-05 0.000122235 1.33229e-05 0.00692233 0.0422249 0.0463546 0.866463 2.93951e-05 3.12414e-05 8.2527e-05 0.0227875 1.13576e-05 5.60457e-05 5.47647e-05 
1.27014e-10 0.17365 3.57433e-06 0.0207652 0.0124174 0.0188116 0.00764879 7.67473e-10 0.0622025 0.440935 0.117126 4.91881e-07 0.00717908 0.127474 1.78162e-07 0.0117834 2.13591e-06 5.8062e-10 4.06478e-07 
1.0557e-08 0.82127 4.16825e-08 1.89585e-06 2.36399e-06 2.60227e-08 0.0284684 6.379e-08 0.124353 0.000856092 0.0127265 2.86084e-07 7.38417e-05 0.000186412 3.24582e-05 0.00154243 0.00185564 0.00862052 9.8092e-06 
6.46685e-11 7.9824e-06 4.82847e-06 7.50986e-07 0.000420625 1.59406e-10 0.000699971 1.01432e-07 8.94334e-07 2.85755e-06 0.832601 1.61812e-05 2.91153e-06 3.31431e-10 3.56438e-05 7.46198e-07 8.91219e-11 3.23046e-07 0.166205 
4.3007e-12 0.244947 1.69805e-11 0.717649 0.00992332 3.71145e-08 0.0165725 2.59867e-11 2.67075e-07 0.000896196 5.3569e-07 8.08979e-08 5.78462e-07 2.20414e-11 1.13448e-05 0.00999938 1.20915e-07 1.96598e-11 2.21264e-07 
9.11155e-09 0.0116552 2.68736e-08 0.642232 0.170696 0.000105032 0.000741702 1.81842e-08 0.0888797 0.00131598 0.00172928 9.45861e-08 0.000138877 0.000163777 5.38095e-05 0.0509267 0.0311435 4.0011e-05 0.000178868 
2.20516e-06 0.0874967 9.76064e-05 0.0225426 0.0167919 1.77323e-05 0.0219599 8.78509e-05 0.212194 0.0811903 0.0426962 5.42317e-05 0.00626532 0.00648545 0.00362424 0.282225 0.209371 0.00659455 0.000303482 
2.49554e-05 0.0421651 0.00096145 0.0126045 0.0404109 0.00010105 0.0108046 0.00207223 0.0257977 0.779055 0.0380888 0.000344921 0.00173312 0.0142104 0.0167038 0.00962229 0.00238069 0.000339921 0.00257819 
1.98998e-05 0.428208 0.00127504 0.0670847 0.14597 0.000270862 0.00912662 0.000119497 0.104448 0.00423936 0.0558603 3.70892e-05 0.018306 0.00635503 0.00450645 0.0744511 0.0700095 0.00053661 0.00917612 
6.44656e-13 0.00463575 2.60992e-08 0.00014323 0.00209791 2.90802e-05 0.00550387 4.35502e-10 0.000716691 0.000804273 0.0366013 1.6566e-07 0.000217176 8.81146e-08 0.948289 0.000510072 3.28726e-05 2.94692e-12 0.00041891 
3.44158e-05 0.0287334 0.00190214 0.0300011 0.0842452 0.000177689 0.0326382 0.00240638 0.0359743 0.104416 0.0851858 4.88653e-05 0.00212996 0.00709272 0.00181503 0.566498 0.0122274 4.47338e-05 0.00442896 
1.0439e-12 0.774723 4.12166e-12 1.60295e-07 0.0879732 1.21249e-06 0.000346253 6.30771e-12 0.10839 0.000309409 0.0143739 1.3573e-08 0.00944653 5.35008e-12 7.25773e-07 0.00108313 0.00335274 4.772e-12 9.0969e-08 
8.72309e-07 0.00419294 3.44416e-06 0.00117485 0.00207971 0.00196155 0.838874 5.27087e-06 0.0745396 0.0385585 8.19091e-05 2.41266e-06 0.0292087 0.0025226 1.25154e-05 0.000156222 0.00660094 3.9876e-06 2.05009e-05 
1.40432e-09 0.00101595 0.000115336 0.000442305 0.000663707 0.00182982 5.43264e-05 8.48554e-09 0.989845 5.97192e-05 4.1163e-05 4.11755e-05 0.00198523 0.000137475 4.97067e-05 0.00277751 0.000821364 6.41961e-09 0.000120551 
7.80302e-08 0.0504604 3.21947e-06 0.000695123 0.00700183 0.000329987 0.0192267 5.40826e-06 0.706749 0.0447911 0.103887 0.000285113 0.00999394 0.000147267 0.033714 0.00645297 0.000550383 3.9357e-05 0.0156664 
2.49249e-05 0.0623916 0.00101046 0.0114263 0.0251655 0.000164021 0.00062271 0.00104947 0.050129 0.00760836 0.0146801 0.00106893 0.026626 0.000514774 0.000134952 0.411506 0.383643 0.000601207 0.00163262 
1.27076e-05 0.0139973 0.0178333 0.0216874 0.210842 0.00112525 0.00119943 2.07692e-05 0.0216643 0.0640862 0.571167 0.023391 0.00976149 0.00278197 0.00710645 0.0141302 0.00194969 0.000429371 0.0168134 
2.69151e-07 0.0916864 0.153913 0.0212212 0.144861 0.000783928 0.148783 1.70094e-05 0.0623302 0.161654 0.0564922 0.000972517 0.0747281 0.000133291 9.10519e-05 0.066955 0.0150585 5.26271e-07 0.000319764 
2.15961e-10 0.0160288 4.53465e-06 0.362117 0.0206273 0.000525575 0.000182204 1.30493e-09 0.00170777 7.9869e-05 0.00770482 3.82208e-06 0.000720113 8.24818e-07 0.0952247 0.00469723 0.488596 9.87223e-10 0.00177924 
6.44656e-13 0.00463575 2.60992e-08 0.00014323 0.00209791 2.90802e-05 0.00550387 4.35502e-10 0.000716691 0.000804273 0.0366013 1.6566e-07 0.000217176 8.81146e-08 0.948289 0.000510072 3.28726e-05 2.94692e-12 0.00041891 
2.64352e-12 0.872091 1.04375e-11 0.0587654 0.00823554 0.000404322 0.00272541 1.59733e-11 0.0223151 9.06454e-09 0.00889393 8.84484e-09 0.0106564 1.35483e-11 0.000305765 0.0082486 0.0069458 1.20844e-11 0.000412448 
7.87786e-06 0.0688223 2.88148e-05 0.232727 0.0148126 0.00795726 0.220567 1.37162e-05 0.213317 0.125334 0.101183 0.000856403 0.000818244 4.67828e-05 0.000402904 0.00936273 0.000660002 0.00222001 0.000862126 
1.40825e-06 0.291653 9.18963e-06 5.343e-05 0.000162454 1.13565e-05 0.459156 4.33526e-05 0.0664192 0.0234617 0.00588615 0.116738 0.00138705 0.00015008 2.74681e-06 0.00108945 0.0137104 2.90785e-06 0.0200619 
2.99415e-12 0.0226478 6.62809e-05 8.90467e-08 3.1919e-07 2.22161e-07 6.24001e-07 1.8092e-11 1.00444e-06 0.00673185 0.243459 5.84345e-05 4.58872e-07 1.96435e-07 0.00317225 2.99099e-06 2.19113e-07 1.36872e-11 0.723858 
1.31087e-05 0.0735174 0.00205385 0.0879509 0.00931453 0.00675101 0.0174704 0.000194838 0.0342265 0.574762 0.174593 0.00228224 0.00155033 0.00145221 0.00133338 0.00756402 0.00480157 2.41386e-05 0.000144228 
2.38969e-08 0.00763554 2.48043e-06 0.0018025 0.000610583 6.22522e-06 0.00736606 3.05085e-05 0.78355 0.000611995 0.000219727 2.0484e-07 0.0868928 0.000274287 1.07931e-05 0.107005 0.0039444 3.64362e-05 4.40774e-07 
5.12714e-12 0.0110635 4.18821e-06 0.000426966 0.000994407 1.14579e-07 0.00148799 2.64052e-08 0.0407645 0.000365982 0.93829 2.72216e-10 0.0010285 9.99994e-06 2.14466e-08 0.00175517 0.0023174 2.9134e-08 0.00149148 
6.6342e-12 0.776257 2.6194e-11 0.00981309 0.00035868 7.17362e-06 0.00912658 4.00867e-11 0.148686 5.57027e-05 0.0113775 0.000272287 0.0262767 3.78993e-08 1.20445e-08 0.00415771 0.0135221 3.0327e-11 8.86318e-05 
4.66044e-10 0.0838017 1.84009e-09 0.0497198 2.26435e-05 0.0136967 0.0543769 2.81604e-09 0.0203527 0.0738623 0.610914 1.289e-09 0.000174859 1.01575e-05 0.00440339 0.0654228 9.89141e-06 2.13044e-09 0.0232325 
7.24079e-07 0.0389145 3.25663e-05 0.0365206 0.00495367 0.000893273 0.00485815 0.000349836 0.0562389 0.16785 0.0893144 4.44218e-06 0.0312831 0.000124672 0.0403503 0.50831 0.00152466 6.44726e-06 0.0184704 
5.40313e-07 0.423954 0.00192429 0.0790953 0.0316303 0.000389776 0.0433225 8.15621e-06 0.0339724 0.139496 0.139171 0.000669508 0.00135107 8.58742e-06 0.0373059 0.0156815 2.73752e-06 0.00264326 0.0493728 
9.59396e-05 0.0929472 0.0113417 0.0340828 0.0346005 0.000692272 0.0210977 0.000126266 0.598915 0.0839419 0.00931015 0.000391793 0.00179798 9.7386e-05 0.000500356 0.0971775 0.0124582 0.000231079 0.000194837 
1.85893e-11 0.167058 4.77228e-05 0.00364866 0.0342768 2.53349e-07 0.000129959 1.12325e-10 0.774333 0.000389658 0.000557607 1.61645e-05 0.00386949 1.52258e-06 3.0819e-06 0.0123951 0.00325915 2.1367e-08 1.40958e-05 
6.37947e-07 0.0504291 3.72207e-05 0.0134908 0.0017474 0.000799483 0.0115526 0.0381594 0.00994062 0.000118623 0.801117 2.61291e-05 0.0231976 7.03754e-06 0.00211158 0.0278761 0.00141128 4.32196e-06 0.0179726 
1.34681e-07 0.372164 0.00373676 0.116287 0.0864931 3.81987e-05 0.00762554 1.96339e-06 0.0935669 0.00918744 0.143462 1.47179e-05 0.0256682 0.00404498 0.000224252 0.116993 0.0204108 4.27642e-05 3.68577e-05 
7.79269e-10 0.00257917 2.80309e-05 0.00159157 0.00026183 0.0593223 0.0107453 2.705e-06 0.0903085 0.119141 0.0104795 9.88891e-07 0.0119638 0.00334017 6.15775e-07 0.689864 4.04069e-08 2.08114e-05 0.000350188 
4.29756e-07 0.0254358 4.45074e-07 0.0156562 0.000138449 6.12566e-06 0.849031 6.81133e-07 0.00449526 0.000109389 0.0366936 8.937e-06 0.0382296 5.77724e-07 6.20607e-07 0.00804453 0.0221445 5.15301e-07 2.93473e-06 
4.78503e-05 0.0457345 0.00051753 0.0058514 0.0200909 0.000125398 0.198651 0.00358326 0.0498871 0.114005 0.102805 0.000146668 0.00353038 0.00327934 0.00296917 0.0456263 0.00657936 0.393298 0.00327247 
2.11775e-10 0.100158 0.457016 0.00538096 0.0139473 0.000290726 0.00119101 7.15894e-06 0.152708 0.181774 0.0516373 8.37877e-07 0.00463107 4.22644e-06 4.18831e-05 0.0222881 0.00891676 1.48184e-07 6.73939e-06 
4.87939e-08 0.0123204 0.0029495 0.0108933 5.29297e-06 0.000110006 0.00679428 0.789162 0.0241095 0.0643093 0.016421 1.55044e-05 0.000181453 0.000236239 3.03737e-07 0.0646799 0.00781168 2.23052e-07 7.05138e-08 
1.81291e-06 0.0550622 0.000647914 0.00493478 0.00229178 0.00576521 0.47103 8.24791e-06 0.00723049 0.268055 0.165443 7.77436e-06 0.000376958 1.10361e-05 0.0169534 0.000446169 0.000418351 2.20492e-06 0.00131391 
0.000305786 0.197538 0.00285738 0.0999596 0.351082 0.000343102 0.00966168 0.00165 0.148 0.0216455 0.0215421 0.000845419 0.0317211 0.000732351 0.00176758 0.0784242 0.0140891 0.011546 0.00628958 
1.20408e-10 0.00100092 0.0010583 0.0187725 0.0105455 2.96801e-10 9.47119e-05 7.27555e-10 0.00184155 7.21323e-05 0.190776 1.43809e-05 0.000380428 6.17098e-10 0.760538 0.000242811 0.000262987 5.50421e-10 0.0144004 
1.58011e-06 0.0106752 0.00140975 0.0611678 0.295781 0.00461868 0.0822777 6.17092e-05 0.111327 0.243246 0.0978522 0.0170882 0.0166761 6.54308e-05 0.00445022 0.0272581 0.0166279 0.000115483 0.00929988 
1.18325e-05 0.0837336 1.99611e-05 0.383455 0.0602103 0.000540966 0.00139899 5.65357e-05 0.0707679 0.00411528 0.0432909 0.000390391 0.103868 6.74753e-05 0.0517993 0.119713 0.0734614 2.422e-05 0.00307535 
8.14212e-10 0.323041 1.01577e-07 0.0194078 0.0606566 8.121e-05 0.00410089 0.0580473 0.00283083 0.00400704 0.148175 0.000267726 0.0062471 4.1729e-09 0.00666926 0.364849 0.000852942 2.67544e-08 0.000765924 
0.000254235 0.0385348 0.00355091 0.0455325 0.0141739 0.00636163 0.0276251 0.000516419 0.012417 0.0110797 0.378256 0.00375699 0.0164762 0.000716414 0.0450439 0.0124015 0.00175636 0.011072 0.370475 
1.37101e-10 0.000913368 1.38839e-05 0.00646657 0.0105495 5.30182e-08 0.00235807 8.28421e-10 0.000521552 3.53012e-06 0.0504927 3.79197e-10 0.00985725 3.04583e-05 0.00222797 0.300754 0.608147 1.76511e-07 0.00766381 
4.80167e-12 0.105172 1.89585e-11 0.0732205 0.0181726 0.000320168 0.231225 2.90138e-11 0.00140244 0.00245695 0.492767 0.000808195 0.000477103 2.46089e-11 0.00283861 0.0227952 0.00224061 1.07863e-05 0.0460922 
8.33245e-10 9.96818e-06 0.358483 0.0014597 0.283018 2.05393e-09 8.63091e-06 5.03483e-09 0.311456 5.98384e-06 0.0143163 0.00129725 0.00806656 4.93848e-05 0.000361786 0.0214655 1.14832e-09 1.07946e-06 9.47824e-07 
1.43052e-09 0.14604 2.31737e-07 0.0118309 0.000888184 3.5262e-09 0.0652965 8.64385e-09 1.38301e-06 5.47611e-06 0.438366 3.95659e-09 0.0209976 7.33155e-09 2.02414e-05 0.315295 0.000616787 6.53938e-09 0.000641536 
2.46441e-07 0.105962 0.0100493 0.000515204 0.0445913 1.05213e-05 0.00307826 9.26215e-05 0.0135581 0.0310631 0.743125 7.4579e-05 0.00206792 2.33756e-06 0.0222146 0.0156732 0.00122751 0.000550239 0.00614404 
1.23819e-07 0.243965 3.47395e-06 0.00230103 0.000477263 0.00225978 0.00161578 0.000714264 0.0671361 0.0116506 0.0214121 4.80933e-05 0.0979405 3.33105e-06 0.0694885 0.010681 0.465915 1.21266e-06 0.00438669 
1.35471e-11 9.4862e-08 1.37158e-07 6.13653e-06 0.000340204 3.95275e-08 0.00124628 8.18575e-11 0.00337759 0.00641562 0.818591 5.96163e-07 1.37312e-11 1.01071e-07 0.0821535 6.84934e-09 0.000611192 6.19281e-11 0.0872574 
2.92649e-12 0.880025 1.15547e-11 0.0313328 0.0129206 3.5688e-05 0.000164753 1.5347e-09 0.00840619 2.0302e-10 0.00203866 1.31356e-08 0.0111578 1.49985e-11 1.3304e-08 0.0485892 0.00532963 1.33779e-11 5.68626e-08 
7.74376e-08 0.144503 0.00383803 0.0131237 0.13797 4.03573e-05 0.0357566 0.000111822 0.0714661 0.0123701 0.183089 0.00196154 0.0153692 0.0133714 0.000527315 0.360578 0.00232228 8.35354e-05 0.00351836 
1.58934e-10 0.175473 6.27523e-10 0.140517 0.0451645 2.1276e-07 0.0276175 9.60348e-10 2.38865e-08 0.000759813 0.208264 3.55918e-07 0.000432076 2.38228e-06 0.000153125 0.400187 0.00143001 7.26537e-10 2.29681e-10 
1.37149e-08 0.0160525 5.41508e-08 9.46374e-05 0.0036436 0.00957512 0.00108262 8.28712e-08 0.0021067 0.0209529 0.0363692 3.7933e-08 0.256909 7.02898e-08 4.26188e-06 0.0245209 0.0152263 3.24481e-07 0.613461 
2.59616e-06 0.0180792 0.000118553 0.00571582 0.000968374 0.00011382 0.553913 3.22891e-05 0.0229454 0.00203128 0.308018 0.000863558 0.00227557 0.00010038 0.000506017 0.00396557 0.0010222 6.75059e-06 0.0793212 
8.90068e-12 4.57193e-05 0.00177069 0.000317363 0.00297817 5.08042e-09 0.00444754 1.73456e-09 0.000328622 0.00158872 0.513986 3.81364e-08 8.52677e-06 6.81495e-05 0.00224546 0.0370444 0.00082237 4.06878e-11 0.434348 
4.21559e-06 0.483925 0.000304607 0.121822 0.0937303 4.90053e-05 0.011978 0.00267888 0.112057 0.0159238 0.0197232 0.000103098 0.0188621 0.00114241 0.00347549 0.10718 0.00641857 1.45463e-05 0.000608114 
5.73859e-07 0.0136498 0.00357372 0.0239446 0.0820974 0.00195677 0.00192959 5.12065e-05 0.0662751 0.104018 0.014727 0.00443127 0.00141401 0.00117953 0.0174961 0.636543 0.0212043 0.000134447 0.00537365 
5.32474e-09 0.121895 0.00615051 0.0700879 0.262667 0.00374579 0.00266136 6.22534e-07 0.0722303 0.0676859 0.106073 2.74645e-07 0.016699 0.000154321 0.00205436 0.261989 0.00276347 7.20072e-08 0.00314225 
1.29565e-10 0.121264 0.0486789 0.00113418 0.0289036 0.000259495 0.26035 7.82891e-10 0.0240432 0.00222693 0.477503 7.63814e-05 0.00220583 1.8499e-06 0.00144198 0.00112999 0.00236672 1.83896e-06 0.0284122 
4.48462e-10 0.0726881 0.00258452 0.0350722 0.0088317 2.51312e-07 0.443902 4.55007e-08 1.49361e-06 0.12159 0.291774 0.00115759 1.36836e-07 2.2984e-09 0.013674 0.00523158 6.18042e-10 3.68945e-07 0.00349228 
8.38549e-05 0.188944 0.00155553 0.0869415 0.0741159 0.000310019 0.0799042 0.000372069 0.0605629 0.0169743 0.19266 0.00573423 0.00601581 0.00022189 0.0175562 0.262081 0.00417986 0.000492488 0.00129414 
9.02036e-11 0.654477 3.56153e-10 3.22434e-05 0.202231 1.71232e-06 2.88177e-06 5.45049e-10 0.0449212 0.00632602 1.11092e-06 2.49488e-10 0.00155822 1.34114e-06 6.82167e-07 1.60515e-05 0.000354651 4.12349e-10 0.0900758 
2.18525e-08 0.00143761 0.0002462 0.000105636 0.00143031 5.38659e-08 0.00538309 1.34904e-05 0.000257267 0.138294 0.0285813 0.000336468 8.5452e-05 0.821027 7.10022e-06 0.00201537 0.000759272 9.98948e-08 1.96926e-05 
0.000148053 0.013238 0.0348341 0.0856204 0.0471492 0.000247403 0.00241571 0.00235125 0.138554 0.12074 0.0698091 0.00398546 0.0165777 0.000451374 0.00168123 0.415971 0.045601 0.000278295 0.000347298 
4.3007e-12 0.244947 1.69805e-11 0.717649 0.00992332 3.71145e-08 0.0165725 2.59867e-11 2.67075e-07 0.000896196 5.3569e-07 8.08979e-08 5.78462e-07 2.20414e-11 1.13448e-05 0.00999938 1.20915e-07 1.96598e-11 2.21264e-07 
1.82809e-05 0.129317 0.000810075 0.143588 0.209417 0.000209102 0.0135533 0.00496933 0.0439683 0.0235487 0.0422161 0.00231035 0.0124339 0.00126165 0.00319344 0.0796437 0.286858 8.52692e-05 0.00259899 
4.3007e-12 0.244947 1.69805e-11 0.717649 0.00992332 3.71145e-08 0.0165725 2.59867e-11 2.67075e-07 0.000896196 5.3569e-07 8.08979e-08 5.78462e-07 2.20414e-11 1.13448e-05 0.00999938 1.20915e-07 1.96598e-11 2.21264e-07 
6.44656e-13 0.00463575 2.60992e-08 0.00014323 0.00209791 2.90802e-05 0.00550387 4.35502e-10 0.000716691 0.000804273 0.0366013 1.6566e-07 0.000217176 8.81146e-08 0.948289 0.000510072 3.28726e-05 2.94692e-12 0.00041891 
1.29565e-10 0.121264 0.0486789 0.00113418 0.0289036 0.000259495 0.26035 7.82891e-10 0.0240432 0.00222693 0.477503 7.63814e-05 0.00220583 1.8499e-06 0.00144198 0.00112999 0.00236672 1.83896e-06 0.0284122 
1.14618e-05 2.04418e-05 6.60455e-05 0.0943236 0.0338322 0.0453199 0.00130053 3.58082e-05 0.0183125 0.654121 0.0367959 3.78565e-05 0.00822519 1.95045e-05 6.09362e-05 0.0185979 0.00153039 6.25685e-05 0.0873258 
1.96953e-10 0.000877348 9.03217e-08 1.25929e-05 0.00223827 1.67906e-08 0.0014809 1.19007e-09 0.000292126 0.00100373 7.50558e-07 6.33377e-06 0.000215692 1.24987e-05 2.199e-07 0.00625202 0.987595 9.00332e-10 1.20672e-05 
1.01116e-11 0.0133461 1.34152e-07 0.00674059 0.865337 1.28732e-07 0.00489991 6.10989e-11 0.00468832 0.000183693 0.0149957 5.94349e-07 0.0119534 5.18229e-11 4.69634e-05 0.0677136 0.0100938 4.62235e-11 1.46127e-11 
6.32016e-11 2.31936e-05 2.4954e-10 1.14365e-07 5.70074e-06 7.34085e-05 9.97782e-06 3.81891e-10 2.06038e-05 0.130849 0.788884 8.21757e-07 7.3606e-06 3.23913e-10 0.0791376 1.84718e-06 0.000980893 2.88914e-10 5.50758e-06 
4.00155e-12 0.0997838 0.000111112 0.214816 0.514497 0.000741128 0.00381517 2.41791e-11 0.0100479 0.000392741 0.0484207 0.000226116 0.010833 0.000536682 0.0122905 0.0459169 0.0327597 3.64407e-08 0.00481196 
5.78553e-05 0.38197 0.000369838 0.153522 0.146228 0.00479284 0.00802458 0.000331695 0.14322 0.0151479 0.0447749 0.00136841 0.0170375 0.000175322 0.0124983 0.0582099 0.00750429 0.00189029 0.00287691 
1.74101e-06 0.0667293 0.000136882 0.000548094 0.00300657 0.000842235 0.00229201 0.660486 0.0890644 0.00428205 0.00496022 0.000151282 0.0027383 0.0458795 0.000364298 0.115331 0.00198949 1.93238e-06 0.00119398 
1.04205e-05 0.0291218 0.001638 0.108963 0.441786 6.54371e-05 0.00108264 1.46137e-05 0.158596 0.00633834 0.0191871 0.000227991 0.00434004 0.000109646 0.0560964 0.0459586 0.122776 2.50123e-05 0.00366229 
5.29978e-05 0.291316 0.00177366 0.0227835 0.0486313 0.000372056 0.0132226 0.0124866 0.466053 0.0188954 0.0570572 0.000688224 0.0205173 0.000221867 0.0106046 0.00163634 0.0297895 0.000216068 0.00368137 
6.20328e-09 0.18288 0.000230665 0.0804477 0.0685696 1.61886e-05 0.0433543 4.5541e-06 0.0128554 0.0353914 0.366327 1.71572e-08 0.0216763 3.17923e-08 0.00108622 0.0952203 0.0743555 9.07603e-06 0.0175753 
3.75605e-08 0.0864304 0.000200578 0.000242506 0.0812674 7.82456e-05 0.255948 2.26957e-07 0.000103078 7.74676e-05 4.84459e-05 9.26675e-05 6.60961e-05 1.925e-07 1.32202e-05 0.555292 0.000178128 1.71701e-07 0.0199612 
5.12714e-12 0.0110635 4.18821e-06 0.000426966 0.000994407 1.14579e-07 0.00148799 2.64052e-08 0.0407645 0.000365982 0.93829 2.72216e-10 0.0010285 9.99994e-06 2.14466e-08 0.00175517 0.0023174 2.9134e-08 0.00149148 
2.24114e-11 0.670086 8.84876e-11 0.0102529 0.0370226 4.25432e-07 0.00813245 1.3542e-10 0.0589463 0.00150003 0.139935 9.29855e-07 5.23153e-06 1.16009e-08 9.29979e-07 0.0550546 0.0119305 1.0245e-10 0.0071323 
1.92913e-10 0.00404371 0.000172945 4.46564e-05 0.000639167 6.66962e-06 0.00967125 1.95512e-06 0.000311673 0.213886 0.743426 0.00246577 2.00647e-05 9.88691e-10 0.00877536 0.00178762 2.6586e-10 8.81864e-10 0.0147475 
1.57561e-07 0.0140005 4.67407e-07 0.402472 0.0838071 0.0187033 0.00191588 3.2537e-07 0.0246325 0.425403 0.0257545 1.61508e-06 1.4578e-05 0.00166578 2.35141e-05 8.70954e-06 6.46191e-05 1.83706e-06 0.00152901 
4.87694e-08 0.133782 0.00216058 0.0412224 0.00287793 0.0837666 0.37838 3.40366e-05 0.115455 0.0432691 0.0911549 0.000811425 0.0174229 2.02432e-07 1.29852e-05 0.0538988 0.0354927 1.69124e-06 0.000256629 
