1.8792e-09 0.864317 2.82663e-08 0.0330293 0.00333811 2.16538e-05 0.0271679 5.09161e-09 0.0101682 0.000178063 0.0159526 2.01538e-05 0.00424308 7.46631e-09 2.34944e-05 0.0349644 0.00482473 7.21125e-09 0.00175104 
8.33245e-10 9.96818e-06 0.358483 0.0014597 0.283018 2.05393e-09 8.63091e-06 5.03483e-09 0.311456 5.98384e-06 0.0143163 0.00129725 0.00806656 4.93848e-05 0.000361786 0.0214655 1.14832e-09 1.07946e-06 9.47824e-07 
5.59726e-06 0.640934 2.68906e-05 0.115328 0.0634727 4.00098e-05 0.0271715 0.00844612 0.0430083 0.043178 0.0194128 0.000250643 0.00389203 0.00032786 0.003785 0.0292532 0.00140672 8.92211e-06 5.21779e-05 
0.00120664 0.150453 0.00155751 0.197514 0.17886 0.00765134 0.004906 0.00421842 0.0881081 0.0415223 0.0635452 0.022949 0.0233472 0.00475999 0.00680907 0.0882474 0.00672938 0.102822 0.00479366 
1.58811e-11 0.0789263 0.313256 0.128848 0.178369 3.91464e-11 0.00725849 3.45554e-07 1.15408e-07 6.47533e-08 0.178976 0.000444964 5.93991e-07 8.13917e-11 2.62394e-07 0.0838049 3.23938e-07 7.99298e-08 0.0301148 
5.61415e-11 0.755426 2.4607e-06 3.40618e-06 1.37991e-06 9.68851e-07 0.00294224 3.39231e-10 0.233365 0.00769812 2.86747e-06 1.55278e-10 4.77434e-06 2.8773e-10 0.000542662 1.67407e-06 7.81443e-09 6.93186e-07 7.04236e-06 
3.17847e-09 0.00607382 6.74635e-05 0.00100664 0.000451094 0.000247291 0.00683783 0.258731 0.614515 0.00472727 0.00220858 0.000116152 0.00568109 4.73255e-07 1.6725e-07 0.0972067 0.00210774 1.45298e-08 2.17866e-05 
nan nan nan nan nan nan nan nan nan nan nan nan nan nan nan nan nan nan nan 
1.06725e-08 0.00497071 4.86973e-06 0.000349338 0.000443223 1.84386e-05 0.961877 6.44878e-08 0.000569282 0.000285525 0.0232505 1.95983e-06 8.9172e-05 5.46973e-08 0.000520954 0.00346902 0.000162467 1.5088e-06 0.00398568 
3.91743e-06 0.0112941 0.011691 0.0124482 0.00606088 0.000414303 0.0632203 7.27927e-06 0.0310148 0.0142571 0.744657 0.005216 0.0256967 0.000220224 0.00259895 0.043204 0.00116755 8.84613e-05 0.0267391 
nan nan nan nan nan nan nan nan nan nan nan nan nan nan nan nan nan nan nan 
2.88107e-05 0.10624 0.00253559 0.0406874 0.444506 6.90577e-05 0.0290361 0.0397128 0.0681228 0.0195731 0.0680523 0.130765 0.00293166 0.00473648 0.00624656 0.0206767 0.00386819 4.74625e-05 0.0121645 
3.29433e-10 0.198765 0.000987405 0.0309178 0.000877519 2.10698e-07 0.38069 1.99058e-09 0.0163435 0.000183755 0.262199 0.000297853 0.00337773 1.68837e-09 7.96792e-07 0.105356 3.02709e-06 1.50594e-09 6.49907e-07 
1.49818e-08 0.0658851 0.000899909 0.0132633 0.781156 0.000764546 0.00557691 7.148e-06 0.0155505 0.0121422 0.0614282 0.00369945 0.00145936 0.000221754 6.95258e-05 0.0252631 2.09661e-07 8.1874e-08 0.0126128 
4.51463e-08 0.584642 1.89908e-06 0.0885589 0.0178589 5.30718e-06 0.0247842 3.0112e-06 0.00062433 1.15363e-05 0.162255 1.77716e-05 0.000632458 1.53916e-07 0.00030497 0.112264 0.000135726 1.55661e-07 0.0079003 
7.45839e-08 0.0170581 1.37234e-06 0.0250356 0.0269884 0.000291522 0.810433 1.96142e-07 0.0273416 0.00435829 0.0705732 3.17192e-07 0.00445652 1.71744e-07 0.0020203 0.0107125 9.38558e-08 5.11655e-06 0.000723922 
3.62281e-10 0.0182685 1.01467e-05 0.264615 0.0152107 8.93014e-10 0.0394133 4.22484e-06 0.0224736 0.00080854 0.546553 0.000646746 3.67204e-10 1.85672e-09 0.000951536 0.0394752 2.43619e-07 2.49041e-05 0.0515443 
4.3007e-12 0.244947 1.69805e-11 0.717649 0.00992332 3.71145e-08 0.0165725 2.59867e-11 2.67075e-07 0.000896196 5.3569e-07 8.08979e-08 5.78462e-07 2.20414e-11 1.13448e-05 0.00999938 1.20915e-07 1.96598e-11 2.21264e-07 
4.67473e-07 0.176094 4.02291e-05 0.0258247 0.543421 3.18369e-05 0.032704 1.34128e-06 0.0227922 0.00213255 0.108228 4.9308e-05 0.00145846 1.0739e-05 0.00115591 0.0821168 0.00368597 1.17091e-05 0.000240746 
5.34867e-07 0.0269457 0.000385929 0.000155032 0.0026974 0.00971753 0.00134107 3.23189e-06 0.0289459 0.920999 0.00465566 5.71612e-06 0.000505367 7.15999e-05 0.000226936 0.00162288 0.000904366 2.44504e-06 0.000813714 
6.90964e-06 0.115641 0.00113529 0.0227074 0.0059742 0.000377473 0.0014498 0.000689125 0.021046 0.794618 0.00139171 7.12759e-05 0.0074303 0.000839363 0.0252413 9.46701e-05 0.000751787 4.04378e-05 0.000493844 
3.88923e-07 0.0652781 0.0020726 0.00320466 0.00350114 0.00153574 0.110606 8.98116e-05 0.0361823 0.33408 0.316599 7.32533e-06 0.00770027 1.0947e-05 0.0327831 0.00232255 0.0367917 4.8599e-05 0.0471851 
5.026e-07 0.403556 3.07426e-06 0.00100256 2.97164e-05 2.17186e-05 0.0789487 3.03693e-06 0.455721 0.060226 8.07059e-05 4.97823e-06 4.28112e-05 2.06832e-05 9.45769e-06 0.000276102 2.08917e-05 2.29754e-06 2.9606e-05 
2.15352e-06 0.0347689 0.000929539 0.00330752 0.00948982 0.000165068 0.00400212 0.000358014 0.00229376 0.00141946 0.905772 1.07581e-05 0.0019495 1.1037e-05 2.74448e-05 0.0246631 0.00137679 9.84442e-06 0.00944361 
6.11296e-11 0.0857656 4.03073e-05 1.19733e-05 0.30306 9.49454e-07 1.54105e-06 3.69371e-10 3.32955e-06 6.40152e-07 0.0152588 2.5378e-07 0.0350441 3.13294e-10 1.71699e-06 0.268854 0.291957 2.79443e-10 8.83406e-11 
5.41913e-05 0.00707429 0.000661443 0.00948271 0.00525951 0.00658915 0.00264361 7.64341e-05 0.01214 0.90981 0.0349086 8.68322e-05 0.000199549 0.000120099 0.00856931 0.001512 0.000350501 0.00013297 0.000328797 
2.50759e-10 0.0983042 4.01362e-07 0.0382406 0.000236317 0.000111737 0.00766973 0.124709 0.182264 0.0529222 0.0567234 0.00184344 0.0384293 0.000126749 0.00105629 0.324716 0.0042264 2.4485e-08 0.0684208 
8.24664e-10 0.224607 3.59364e-06 0.231259 3.85686e-06 7.6886e-07 0.00747886 4.98298e-09 3.1032e-06 0.00468651 8.19327e-05 0.0010406 2.52338e-06 4.22647e-09 6.69608e-07 0.00172266 0.000970051 3.7698e-09 0.528139 
1.12436e-09 0.0132358 6.49978e-06 0.000818542 2.37822e-07 6.54616e-07 0.144417 6.79385e-09 0.00551889 0.292755 0.352157 2.79111e-07 1.05306e-06 3.12621e-07 4.76295e-06 0.0124756 1.14885e-05 5.13979e-09 0.178598 
3.17847e-09 0.00607382 6.74635e-05 0.00100664 0.000451094 0.000247291 0.00683783 0.258731 0.614515 0.00472727 0.00220858 0.000116152 0.00568109 4.73255e-07 1.6725e-07 0.0972067 0.00210774 1.45298e-08 2.17866e-05 
nan nan nan nan nan nan nan nan nan nan nan nan nan nan nan nan nan nan nan 
9.79684e-10 0.0502403 1.49669e-05 0.0316121 0.0845872 0.000848253 0.000109944 1.9461e-09 0.544994 1.36948e-05 0.00165164 1.03874e-05 0.0192402 9.71014e-05 0.000387618 0.0499138 0.216225 4.34013e-06 5.03629e-05 
9.90447e-08 0.0296203 0.112147 0.00114414 0.00200508 1.69512e-05 0.000218993 1.89354e-05 0.0724989 0.000590783 0.0982005 3.72014e-07 0.44103 1.0272e-07 0.000697817 0.201535 0.00470302 4.25415e-06 0.0355687 
5.54646e-09 0.00710637 0.000543836 0.0019695 0.00695354 0.838101 0.00027092 2.22858e-07 0.0954244 0.00261547 0.0252825 1.37797e-06 0.0080958 4.81691e-06 0.000899116 0.0125167 0.000147942 2.53546e-08 6.66059e-05 
1.42683e-06 0.114619 2.85703e-06 0.056352 0.0744322 0.000232702 0.0216102 1.0076e-05 0.00755894 0.00732405 0.62879 0.000153527 0.00181609 0.000322502 0.0519508 0.0188776 0.0149028 5.01687e-06 0.00103881 
6.78609e-12 0.105643 1.7152e-08 0.0355314 0.536166 0.000607133 0.000563878 6.52415e-08 0.220801 0.00458986 0.00102298 2.87502e-06 0.00933584 2.04471e-08 3.3166e-06 0.0769363 0.00865324 1.21318e-05 0.000131181 
4.15441e-05 0.325524 0.00889719 0.170999 0.084339 0.000919757 0.127063 4.31257e-05 0.0384965 0.110703 0.0791902 0.000892946 0.0039912 0.000132351 0.0241806 0.00543731 0.00141165 0.000100726 0.0176361 
3.69051e-11 2.63214e-06 8.16143e-07 0.162978 0.105079 5.64104e-07 0.348785 2.22997e-10 8.59903e-07 0.160442 0.200108 1.02073e-10 0.00810978 6.90383e-06 1.11397e-06 5.87632e-06 5.08603e-11 1.68705e-10 0.014481 
nan nan nan nan nan nan nan nan nan nan nan nan nan nan nan nan nan nan nan 
6.44656e-13 0.00463575 2.60992e-08 0.00014323 0.00209791 2.90802e-05 0.00550387 4.35502e-10 0.000716691 0.000804273 0.0366013 1.6566e-07 0.000217176 8.81146e-08 0.948289 0.000510072 3.28726e-05 2.94692e-12 0.00041891 
1.66355e-05 0.0263733 0.000284736 0.0224279 0.0211518 0.000539607 0.00205597 0.00118655 0.0401007 0.00244425 0.0549421 0.000528209 0.00985625 0.000214572 0.0011253 0.794709 0.0103926 3.61923e-05 0.0116147 
3.64652e-05 0.0322389 0.00308801 0.0451177 0.0366038 0.000972235 0.0170469 0.00109103 0.130704 0.541526 0.0800607 0.00214863 0.00147631 8.1496e-05 0.0126513 0.0722809 0.01601 0.000138892 0.00672719 
5.87375e-07 0.000442485 5.25343e-05 0.00019284 0.00028932 0.0437833 2.43355e-05 3.54917e-06 0.191796 0.00213197 1.80941e-05 1.95508e-05 0.000864971 6.28641e-05 2.20153e-05 0.0471085 0.000358433 0.712775 5.33361e-05 
9.97687e-09 0.0187191 5.44022e-06 2.81468e-05 2.84382e-05 2.45927e-08 3.04302e-05 0.820364 0.0520479 0.0024673 0.0485035 2.75943e-08 0.000250367 1.90796e-05 3.55473e-05 0.0573332 4.71417e-05 9.38894e-07 0.000119127 
3.85151e-07 0.0291972 2.16941e-05 0.119449 0.0576551 0.00159527 0.0039782 2.17149e-06 0.18934 0.417666 0.0126861 6.41323e-07 1.82727e-06 4.69848e-06 0.000105591 0.156128 0.0121611 3.60816e-06 4.12681e-06 
1.09551e-08 0.0246398 4.32543e-08 0.0632418 0.688651 2.22133e-05 0.0346133 6.61955e-08 0.0290602 0.116474 0.00594711 1.39583e-05 0.00466816 5.61458e-08 3.02882e-06 0.000531079 0.00014974 0.0319844 1.58316e-08 
nan nan nan nan nan nan nan nan nan nan nan nan nan nan nan nan nan nan nan 
nan nan nan nan nan nan nan nan nan nan nan nan nan nan nan nan nan nan nan 
2.51206e-10 0.00304197 0.000272702 0.000581839 0.0730038 1.02517e-06 0.0865577 1.5179e-09 0.0834148 0.480301 0.162904 1.80201e-07 2.11652e-06 0.0383843 4.57329e-07 0.0634263 0.00651997 1.14834e-09 0.00158747 
5.13047e-12 0.00700214 2.40379e-06 0.0193612 0.00853234 0.00116062 0.0776239 1.32742e-08 0.00791628 0.00195399 0.866531 2.52835e-07 0.000897587 1.12352e-07 8.74351e-06 0.000869484 5.62263e-08 5.80038e-08 0.00813967 
1.51113e-08 0.026213 1.97834e-05 0.00459093 0.00214009 0.00158585 0.229463 0.0273294 0.137368 0.034394 0.120333 0.141997 0.00135557 7.74465e-08 0.000952695 0.232543 0.00197186 2.22321e-06 0.037741 
1.89899e-09 0.705303 0.00351696 0.0130743 0.000142492 5.58598e-06 0.0290196 2.64027e-08 0.114098 0.000197072 0.0233074 0.000786124 0.015345 1.09759e-05 0.0149884 0.0232748 0.0568484 2.47733e-09 8.19777e-05 
nan nan nan nan nan nan nan nan nan nan nan nan nan nan nan nan nan nan nan 
8.96736e-11 0.0421735 3.5406e-10 0.00829299 0.00787331 1.51768e-06 0.00884989 5.41846e-10 2.62613e-06 0.0904946 0.547759 3.91191e-05 9.08921e-11 4.59584e-10 0.0749388 0.00142611 1.23582e-10 4.09926e-10 0.218148 
7.04758e-06 0.0694041 0.000191893 0.1411 0.0113936 0.000274955 0.185121 4.0045e-05 0.014545 0.361193 0.0091291 3.79899e-05 0.000813947 0.183545 5.67119e-05 0.018203 0.00177361 3.99653e-05 0.00313075 
1.11528e-12 0.285841 4.40349e-12 0.0692641 0.375363 2.27059e-06 0.00373782 1.88592e-08 0.0067706 0.000265319 0.122751 4.13806e-05 0.00155234 3.05628e-06 0.00048456 0.131386 0.00238077 5.0983e-12 0.000157853 
1.54375e-05 0.130747 0.000567755 0.053025 0.44987 0.000751202 0.011327 5.00408e-05 0.0463639 0.0271328 0.0903503 0.00023297 0.00611324 0.00128804 0.0440065 0.0623336 0.00470188 6.47527e-05 0.071058 
1.15801e-06 0.0735263 0.000334004 0.0109987 0.00265823 0.00105263 0.01509 0.0237439 0.0172092 0.0022365 0.761341 3.58242e-05 0.0175447 2.9676e-05 0.011296 0.0451877 0.00130656 2.69065e-06 0.0164056 
4.78371e-07 0.00025125 1.88877e-06 0.000487686 0.0195628 0.000103842 0.948852 2.89053e-06 0.00449886 0.022107 0.00257617 0.000100169 9.10571e-05 2.6903e-05 5.41716e-05 0.000181625 0.00104555 2.18679e-06 5.32396e-05 
1.33904e-09 8.86102e-06 4.23484e-06 4.01829e-06 0.0715234 3.30069e-09 1.60235e-05 8.09104e-09 0.00965216 0.373661 0.340807 3.70355e-09 1.35723e-09 6.86266e-09 3.23425e-06 1.08002e-05 1.84537e-09 6.12115e-09 0.204309 
3.56855e-06 0.20562 0.0405654 0.22156 0.0759564 1.81822e-05 0.00108557 1.40979e-05 0.134478 0.0234571 0.0144664 0.0089885 0.0386296 6.02368e-05 0.000448889 0.224402 0.00997435 1.54117e-05 0.000255633 
4.15878e-09 0.038687 0.000334057 0.00879804 0.156745 2.61355e-05 0.0409875 2.51291e-08 0.0653113 0.362055 0.0624677 0.00145363 0.00305732 0.00858828 0.00219255 0.24616 0.00273938 1.42336e-05 0.000382421 
nan nan nan nan nan nan nan nan nan nan nan nan nan nan nan nan nan nan nan 
1.13275e-06 0.130351 3.34482e-06 0.570188 0.19897 0.000283208 0.00107176 2.27645e-06 0.00865581 6.34413e-06 0.0104823 1.17292e-05 0.0123168 0.00032063 0.00172499 0.0443734 0.0203426 0.00018261 0.00071194 
6.15081e-07 0.0285007 0.000609712 0.0173118 0.0120677 0.00206974 0.0099122 8.53915e-06 0.105495 0.505653 0.00636844 2.88042e-05 0.000132091 1.79265e-05 7.67374e-05 0.293484 0.000381367 0.000231773 0.0176497 
3.4192e-11 0.0806155 0.357453 0.000911281 0.406328 3.45402e-07 4.10695e-07 2.06603e-10 0.0216251 0.0637343 0.0265519 2.31465e-07 0.000149188 1.75237e-10 0.000134695 0.00668237 0.0349108 1.30774e-06 0.00090196 
1.07124e-05 0.545378 0.00310502 0.0930822 0.0765087 5.81258e-05 0.00465768 0.00291207 0.0763405 0.00428996 0.0544937 0.000341422 0.0267512 0.000238603 0.00233317 0.0915852 0.0123236 1.71667e-05 0.005573 
3.73032e-10 0.724522 0.000195259 0.00588967 0.00665381 3.12826e-05 0.00622465 2.73729e-07 0.056156 0.00183869 0.170522 1.10215e-08 0.00267494 2.8761e-05 0.00691012 0.00495794 0.0126624 1.70525e-09 0.000732756 
6.44656e-13 0.00463575 2.60992e-08 0.00014323 0.00209791 2.90802e-05 0.00550387 4.35502e-10 0.000716691 0.000804273 0.0366013 1.6566e-07 0.000217176 8.81146e-08 0.948289 0.000510072 3.28726e-05 2.94692e-12 0.00041891 
8.7129e-05 0.029048 0.000969441 0.061256 0.0665051 0.000423826 0.0674184 0.000641796 0.0203764 0.644684 0.054853 0.00289938 0.00522671 0.00197883 0.00158774 0.0087675 0.0265331 0.00136979 0.00537392 
1.01362e-10 0.121606 1.92055e-06 0.0226758 0.083248 0.000299658 0.0048338 6.12474e-10 0.381605 0.0397231 0.0574256 6.85852e-06 0.0289547 1.20058e-06 3.16856e-05 0.127113 0.0101307 3.95906e-07 0.122343 
3.55054e-06 0.117954 4.6953e-05 0.112619 0.0139333 0.000648603 0.00690878 0.000406088 0.0415798 0.0375958 0.0453423 0.000182045 0.555795 0.000339732 0.00107006 0.0607381 0.00173968 1.2324e-05 0.00308454 
4.67098e-10 0.0180677 0.00584067 0.000810559 0.000815263 0.000710619 0.00138205 2.82241e-09 0.0063605 9.72114e-05 0.809677 3.5732e-05 0.0012766 2.39391e-09 0.073193 0.0124205 0.0379015 1.09406e-06 0.0314098 
1.58624e-10 9.13021e-07 5.65459e-06 0.0337822 0.173955 1.04589e-07 0.00332521 9.58475e-10 3.26116e-07 1.24955e-06 0.604966 4.38727e-10 0.00931991 3.10183e-06 1.56411e-06 0.166938 0.00767939 7.2512e-10 2.11122e-05 
1.86809e-08 0.099861 1.15775e-05 0.0456369 0.0388056 0.000107905 0.0289163 4.02396e-06 0.0151902 0.00229092 0.724654 0.000150724 0.0051283 4.82253e-05 0.0132714 0.023122 9.35868e-07 3.90125e-08 0.00279939 
nan nan nan nan nan nan nan nan nan nan nan nan nan nan nan nan nan nan nan 
1.99026e-08 0.743156 5.13681e-07 0.0365551 0.00964702 8.92315e-06 0.0132485 2.08661e-08 0.111742 0.00124799 0.0296588 3.94436e-05 0.0275974 1.1386e-05 0.000532774 0.0107341 0.0156537 4.92902e-07 0.000165224 
0.000145009 0.02504 0.354031 0.154297 0.0116391 0.000228481 0.00241925 0.000562 0.0539156 0.311155 0.0254193 0.000553739 0.0123755 0.000206922 0.00148817 0.00833416 0.000386382 0.0369791 0.000824933 
2.70301e-10 0.00167666 0.000104093 0.000194608 0.000987198 1.6905e-08 0.000468272 0.000744854 0.000976054 0.000468204 0.980955 4.28997e-08 2.73974e-10 1.38531e-09 0.00466998 0.00239906 0.000560262 1.91013e-08 0.00579573 
9.6364e-08 0.00349869 3.80476e-07 3.03678e-05 0.0601849 4.30268e-05 0.00875694 0.0116048 0.00341628 0.904607 0.00677818 2.66526e-07 9.70484e-05 4.93873e-07 1.4919e-05 3.7331e-05 0.000860429 2.79712e-05 4.0584e-05 
7.2234e-06 0.194134 0.000871616 0.0331124 0.372215 0.00488987 0.0208437 0.000306243 0.226188 0.0119388 0.0393099 0.00151851 0.024516 0.000330813 0.0026797 0.044288 0.017659 0.000480002 0.00471046 
0.000225695 0.0807271 0.00646224 0.0676907 0.21536 0.000402861 0.00284336 0.00129286 0.0511957 0.170684 0.09356 0.00224103 0.0463816 0.000943785 0.000828716 0.0388104 0.00323914 0.0833595 0.133752 
1.96534e-10 0.0170031 3.25304e-05 0.0126814 0.0013028 3.44049e-07 0.814617 1.18754e-09 0.00980054 0.00640043 0.014602 5.43579e-10 0.0453755 0.000285601 1.75245e-05 0.0467555 0.0310108 8.98417e-10 0.000114547 
5.59079e-05 0.0292953 0.0124318 0.00491346 0.00574713 0.000858068 0.00705703 0.00221994 0.692776 0.0867553 0.0525301 0.000286454 0.0170501 0.0417532 0.00562705 0.0299479 0.00543678 0.000267061 0.00499179 
1.1319e-06 0.0256338 0.00473261 0.0184792 0.0032645 0.00115842 0.184879 1.82249e-06 0.0174256 0.0089597 0.690624 0.0037264 0.000963185 2.71203e-05 0.0187881 0.00563957 0.00129893 3.15362e-06 0.0143939 
1.36218e-08 0.0305427 0.00607439 0.0110974 0.0112679 0.00204969 0.0329403 8.23086e-08 0.0169148 0.00600729 0.0345866 6.97948e-06 0.047754 2.27617e-05 1.1242e-05 0.739236 0.0614868 6.22694e-08 1.44549e-06 
9.08498e-10 0.0434053 3.58704e-09 0.0733772 0.0155966 0.0196761 0.10361 5.48953e-09 7.08228e-07 0.00429266 0.733995 0.000713038 2.22255e-06 1.47877e-05 6.57984e-07 2.03438e-05 0.00529239 4.15303e-09 3.0651e-06 
3.17847e-09 0.00607382 6.74635e-05 0.00100664 0.000451094 0.000247291 0.00683783 0.258731 0.614515 0.00472727 0.00220858 0.000116152 0.00568109 4.73255e-07 1.6725e-07 0.0972067 0.00210774 1.45298e-08 2.17866e-05 
5.97854e-09 0.036573 0.0434671 0.00163603 0.0253626 1.47369e-08 0.02934 3.61249e-08 0.435439 0.319998 0.0298071 3.65268e-06 6.05979e-09 0.00119595 1.37387e-06 0.056131 0.0209478 9.48514e-05 2.74446e-06 
4.25985e-06 0.450069 8.11579e-05 0.216538 0.0982798 6.02311e-05 0.00940144 0.000279229 0.0439475 0.0033506 0.00463784 0.00121791 0.0169888 0.000282443 0.00694163 0.124665 0.0184742 7.79868e-05 0.00470247 
1.76976e-08 0.272105 1.80604e-05 0.0347376 0.362106 0.000851138 0.00278121 1.06937e-07 0.268283 0.000160993 0.0163263 0.00199868 0.00234607 3.77157e-06 0.000130631 0.0369559 0.000540765 8.09015e-08 0.000655421 
5.36254e-12 0.00408469 6.96464e-08 1.6287e-09 0.0170463 1.32185e-11 0.143668 3.24028e-11 0.000112039 1.02479e-08 0.553186 1.48319e-11 0.00106227 2.74834e-11 0.000180086 0.00286844 0.00361567 2.45138e-11 0.274177 
5.93259e-11 0.0779032 5.95287e-06 0.0138617 0.00220353 0.0193101 0.0298937 3.58473e-10 0.002568 4.02027e-05 0.678254 2.49301e-05 0.000360146 3.0405e-10 0.0118227 0.00365779 0.0783648 2.71197e-10 0.0817289 
1.1008e-10 0.00534612 3.79287e-06 2.56351e-07 0.000290817 0.00129171 0.00015446 6.65148e-10 0.948267 0.000683806 0.00317633 2.41622e-08 0.00338837 8.02226e-08 5.03396e-05 0.00758172 0.0296739 5.03208e-10 9.15875e-05 
1.28385e-11 0.861156 5.06905e-11 0.0124305 0.0014595 1.30603e-08 0.0445919 8.65445e-09 0.00944825 0.000191686 0.0115035 2.25944e-05 0.00141504 6.57982e-11 9.20695e-06 0.0488303 0.00691742 5.86887e-11 0.00202388 
1.80375e-11 0.14247 1.95754e-08 0.0324099 0.00772552 3.6656e-07 0.0596548 1.0899e-10 0.0518115 0.0280696 0.268718 6.4265e-08 0.00702881 3.24152e-07 0.260358 0.093063 0.0358356 8.24549e-11 0.0128551 
2.11751e-09 0.0794774 4.92593e-06 0.208442 0.129672 3.09917e-08 0.000317091 1.79719e-05 0.22091 1.19183e-08 0.00966444 0.000133075 0.169947 2.35226e-07 0.00232833 0.0499974 0.129088 2.49856e-08 3.92587e-08 
3.00426e-05 0.178605 0.000907676 0.0391668 0.124569 0.00186477 0.019449 0.000530246 0.0538962 0.0828206 0.0596533 6.87666e-05 0.0180063 0.00327009 0.0409709 0.319875 0.0553868 0.00027235 0.000656819 
8.49653e-10 0.951319 3.3547e-09 1.07779e-06 0.004586 2.09437e-09 0.000398123 5.13397e-09 0.0346481 0.000355088 4.0274e-06 2.35e-09 0.00384853 4.35453e-09 2.56987e-05 0.00108809 0.00372627 3.88403e-09 1.22786e-09 
1.7879e-05 0.117768 0.000240131 0.0380258 0.137409 2.08448e-05 0.0276654 2.73742e-05 0.284591 0.00672398 0.0125996 0.0243795 0.0336041 0.00345042 5.20069e-05 0.306939 0.00568767 5.06499e-05 0.000747462 
9.29914e-10 0.0872795 0.00580476 0.0163944 0.023384 0.000116624 0.486988 0.00165058 0.0144342 0.0380082 0.239512 0.00126447 0.02152 2.22404e-05 0.00058881 0.0185828 0.00823666 6.91637e-05 0.0361435 
3.136e-11 0.588805 1.23819e-10 0.12233 0.00147834 3.1543e-07 0.00129528 1.8949e-10 0.0089235 0.000143508 0.0638363 8.67363e-11 0.0533848 1.60722e-10 0.0241718 0.112953 0.00880415 3.82841e-08 0.0138748 
4.3007e-12 0.244947 1.69805e-11 0.717649 0.00992332 3.71145e-08 0.0165725 2.59867e-11 2.67075e-07 0.000896196 5.3569e-07 8.08979e-08 5.78462e-07 2.20414e-11 1.13448e-05 0.00999938 1.20915e-07 1.96598e-11 2.21264e-07 
1.19634e-05 0.0904407 0.00285863 0.253561 0.149396 0.00021417 0.0166398 0.00237229 0.0139154 0.187486 0.153382 0.00226819 0.0167109 0.00759861 0.080908 0.00544041 0.00771334 1.78092e-05 0.00906483 
4.70986e-08 0.0199919 0.000422236 0.00155821 0.0184587 3.6105e-05 0.19005 0.000157904 0.0119574 0.615331 0.105883 0.00105857 0.0161683 3.20614e-05 0.00246569 0.000484575 3.55607e-05 6.85471e-05 0.0158402 
5.59726e-06 0.640934 2.68906e-05 0.115328 0.0634727 4.00098e-05 0.0271715 0.00844612 0.0430083 0.043178 0.0194128 0.000250643 0.00389203 0.00032786 0.003785 0.0292532 0.00140672 8.92211e-06 5.21779e-05 
1.86133e-05 0.738512 0.000178697 0.0643694 0.0187681 8.05728e-05 0.00366528 3.15991e-05 0.0252878 0.029189 0.0298551 0.00079425 0.00215133 0.000180801 0.0197875 0.0138432 0.00591329 1.95778e-05 0.0473541 
1.68781e-10 0.03675 0.00201048 0.00843794 0.0259139 1.44451e-05 0.00450855 8.36567e-08 0.0398337 0.0222539 0.586214 0.000131809 0.00397605 1.33331e-05 0.156324 0.0180183 0.0113655 2.57372e-06 0.0842317 
1.0557e-08 0.82127 4.16825e-08 1.89585e-06 2.36399e-06 2.60227e-08 0.0284684 6.379e-08 0.124353 0.000856092 0.0127265 2.86084e-07 7.38417e-05 0.000186412 3.24582e-05 0.00154243 0.00185564 0.00862052 9.8092e-06 
7.16868e-07 0.0212805 4.90422e-05 0.00342772 0.00324937 0.000188036 0.00420017 0.090125 0.783823 0.00195381 0.00404186 0.000342493 0.00462769 9.52299e-07 0.000113421 0.0814088 0.000927802 7.37654e-06 0.000232326 
nan nan nan nan nan nan nan nan nan nan nan nan nan nan nan nan nan nan nan 
9.11155e-09 0.0116552 2.68736e-08 0.642232 0.170696 0.000105032 0.000741702 1.81842e-08 0.0888797 0.00131598 0.00172928 9.45861e-08 0.000138877 0.000163777 5.38095e-05 0.0509267 0.0311435 4.0011e-05 0.000178868 
2.10602e-09 0.121644 6.20713e-09 0.363627 0.253347 3.08169e-08 0.000540365 4.18546e-09 0.0679007 0.000162251 0.0518026 2.18954e-08 0.0184395 2.33892e-07 0.00634407 0.0340043 0.082114 2.48461e-08 7.35493e-05 
1.98998e-05 0.428208 0.00127504 0.0670847 0.14597 0.000270862 0.00912662 0.000119497 0.104448 0.00423936 0.0558603 3.70892e-05 0.018306 0.00635503 0.00450645 0.0744511 0.0700095 0.00053661 0.00917612 
8.90068e-12 4.57193e-05 0.00177069 0.000317363 0.00297817 5.08042e-09 0.00444754 1.73456e-09 0.000328622 0.00158872 0.513986 3.81364e-08 8.52677e-06 6.81495e-05 0.00224546 0.0370444 0.00082237 4.06878e-11 0.434348 
3.82121e-06 0.000824745 1.50874e-05 0.000699896 0.00129584 0.000275306 3.83266e-05 2.30894e-05 0.000213727 0.000137266 0.000373711 1.05688e-05 9.84209e-05 8.39058e-05 0.000117315 0.000564258 1.46154e-05 1.7468e-05 0.995193 
1.65991e-08 0.0314929 1.05725e-06 2.08581e-05 0.0157457 0.0183237 0.268428 0.128736 0.0098586 0.202469 0.13538 4.59104e-08 0.163493 8.50718e-08 5.96814e-05 0.0223432 0.0036406 5.24272e-06 2.59687e-06 
3.51809e-08 0.177302 4.78513e-08 0.128598 0.0177143 0.00202544 0.000712247 7.24811e-08 0.136289 0.000271182 0.0171329 0.00229819 0.240068 0.000636731 5.71117e-05 0.232259 0.04387 0.000644809 0.000121001 
1.03683e-09 0.287934 4.09374e-09 0.161208 0.00971832 7.24733e-07 0.00186673 6.26497e-09 0.00106309 2.58739e-05 0.0107086 2.77088e-06 0.00348609 0.00895539 1.84556e-06 0.452924 0.0620955 4.73967e-09 9.40229e-06 
nan nan nan nan nan nan nan nan nan nan nan nan nan nan nan nan nan nan nan 
1.27076e-05 0.0139973 0.0178333 0.0216874 0.210842 0.00112525 0.00119943 2.07692e-05 0.0216643 0.0640862 0.571167 0.023391 0.00976149 0.00278197 0.00710645 0.0141302 0.00194969 0.000429371 0.0168134 
6.44656e-13 0.00463575 2.60992e-08 0.00014323 0.00209791 2.90802e-05 0.00550387 4.35502e-10 0.000716691 0.000804273 0.0366013 1.6566e-07 0.000217176 8.81146e-08 0.948289 0.000510072 3.28726e-05 2.94692e-12 0.00041891 
1.40825e-06 0.291653 9.18963e-06 5.343e-05 0.000162454 1.13565e-05 0.459156 4.33526e-05 0.0664192 0.0234617 0.00588615 0.116738 0.00138705 0.00015008 2.74681e-06 0.00108945 0.0137104 2.90785e-06 0.0200619 
nan nan nan nan nan nan nan nan nan nan nan nan nan nan nan nan nan nan nan 
1.51834e-10 0.0199138 5.7289e-08 0.0282887 0.00710923 9.70928e-08 4.74002e-05 9.17446e-10 0.000338507 0.000247749 0.000530479 4.19947e-10 0.00221314 1.40049e-05 0.00136301 0.173728 0.766153 6.9408e-10 5.28126e-05 
nan nan nan nan nan nan nan nan nan nan nan nan nan nan nan nan nan nan nan 
4.52247e-07 0.0157977 4.92838e-06 0.0348914 0.00512145 0.00203534 0.0659947 1.80026e-06 0.00707759 0.00333565 0.725563 0.000801861 0.000140188 0.000135326 0.00511634 0.0477489 3.96905e-05 1.24714e-05 0.0861817 
4.66044e-10 0.0838017 1.84009e-09 0.0497198 2.26435e-05 0.0136967 0.0543769 2.81604e-09 0.0203527 0.0738623 0.610914 1.289e-09 0.000174859 1.01575e-05 0.00440339 0.0654228 9.89141e-06 2.13044e-09 0.0232325 
1.81411e-11 0.0416913 0.00242159 0.0280934 0.0131707 6.11992e-05 0.00872119 1.09616e-10 0.00421893 0.000845573 0.264899 1.85664e-06 0.000329179 7.07901e-06 0.000100402 0.632781 4.88199e-05 8.29287e-11 0.00260941 
3.81607e-05 0.00849375 0.609685 0.00392005 0.0164426 0.00109883 0.0316946 0.000392783 0.0249331 0.0714261 0.130884 0.018136 0.0380141 0.00299031 0.000650722 0.0255726 0.00424534 0.00040244 0.0109793 
5.38874e-09 0.395791 8.56791e-06 0.00669842 0.00335518 0.000652611 0.00609235 3.25611e-08 0.489003 0.00427054 0.0534021 1.27413e-06 0.00460632 0.00169628 0.00221438 0.0202408 0.0111427 2.46336e-08 0.00082446 
5.40313e-07 0.423954 0.00192429 0.0790953 0.0316303 0.000389776 0.0433225 8.15621e-06 0.0339724 0.139496 0.139171 0.000669508 0.00135107 8.58742e-06 0.0373059 0.0156815 2.73752e-06 0.00264326 0.0493728 
nan nan nan nan nan nan nan nan nan nan nan nan nan nan nan nan nan nan nan 
0.000225832 0.509525 0.02352 0.175098 0.0442106 0.0152361 0.00580455 0.000932367 0.0275826 0.0153023 0.0724587 0.000317217 0.0249697 0.000620569 0.0302236 0.0456077 0.00499127 0.00041049 0.00296367 
nan nan nan nan nan nan nan nan nan nan nan nan nan nan nan nan nan nan nan 
6.37947e-07 0.0504291 3.72207e-05 0.0134908 0.0017474 0.000799483 0.0115526 0.0381594 0.00994062 0.000118623 0.801117 2.61291e-05 0.0231976 7.03754e-06 0.00211158 0.0278761 0.00141128 4.32196e-06 0.0179726 
1.34681e-07 0.372164 0.00373676 0.116287 0.0864931 3.81987e-05 0.00762554 1.96339e-06 0.0935669 0.00918744 0.143462 1.47179e-05 0.0256682 0.00404498 0.000224252 0.116993 0.0204108 4.27642e-05 3.68577e-05 
nan nan nan nan nan nan nan nan nan nan nan nan nan nan nan nan nan nan nan 
nan nan nan nan nan nan nan nan nan nan nan nan nan nan nan nan nan nan nan 
4.3007e-12 0.244947 1.69805e-11 0.717649 0.00992332 3.71145e-08 0.0165725 2.59867e-11 2.67075e-07 0.000896196 5.3569e-07 8.08979e-08 5.78462e-07 2.20414e-11 1.13448e-05 0.00999938 1.20915e-07 1.96598e-11 2.21264e-07 
4.78503e-05 0.0457345 0.00051753 0.0058514 0.0200909 0.000125398 0.198651 0.00358326 0.0498871 0.114005 0.102805 0.000146668 0.00353038 0.00327934 0.00296917 0.0456263 0.00657936 0.393298 0.00327247 
1.81291e-06 0.0550622 0.000647914 0.00493478 0.00229178 0.00576521 0.47103 8.24791e-06 0.00723049 0.268055 0.165443 7.77436e-06 0.000376958 1.10361e-05 0.0169534 0.000446169 0.000418351 2.20492e-06 0.00131391 
0.000262518 0.0247034 0.00571834 0.0375998 0.249492 0.0101852 0.0296012 0.0308993 0.0658141 0.151364 0.0894527 0.00721146 0.0323077 0.000690345 0.00248233 0.0212059 0.00133988 0.0653946 0.174275 
4.41125e-07 0.135133 0.00161564 0.124489 0.0419766 0.00616885 0.0763318 0.0102969 0.116012 0.0385968 0.311496 0.000501513 0.00143699 7.99415e-05 0.00166709 0.0934872 3.65707e-05 2.08337e-05 0.0406526 
3.96668e-08 0.00347103 1.56617e-07 0.000118506 0.00832273 0.00201081 0.0232999 2.39684e-07 0.0151521 0.595635 0.274629 0.0376176 0.00113255 2.03295e-07 0.00131082 0.000506104 0.000729221 1.81329e-07 0.0360639 
4.08294e-06 0.134636 0.000627273 0.0130904 0.00667255 0.00090696 0.00891441 0.000263233 0.0515262 0.670199 0.043793 6.63266e-05 0.00516806 0.000320648 0.0567686 0.000269307 0.00166933 1.90248e-05 0.00508491 
3.06878e-06 0.128241 3.87898e-06 0.00183652 0.00160397 2.3795e-05 0.0242709 1.84408e-05 0.0693995 0.0066727 0.0312248 0.000128674 0.493126 8.22404e-06 0.00197073 0.171131 0.0333612 6.15241e-06 0.0369699 
nan nan nan nan nan nan nan nan nan nan nan nan nan nan nan nan nan nan nan 
4.63263e-07 0.404938 2.99246e-05 0.00680196 0.0271745 0.000275222 0.0108342 0.000112797 0.52591 0.00397686 0.0097947 4.42439e-06 0.000698056 2.74118e-05 7.33419e-05 0.00799422 0.000491783 1.30249e-05 0.000848994 
8.60982e-10 0.00472385 3.39943e-09 0.00515425 0.00135552 7.99689e-06 1.34572e-05 5.20242e-09 0.000321173 3.98823e-05 4.09507e-05 2.38133e-09 0.000116975 6.2648e-06 0.000723488 0.00104554 0.986186 3.93582e-09 0.000264709 
5.41308e-07 0.118828 0.00043931 0.0399148 0.0261925 0.000215488 0.239655 0.000166147 0.160949 0.0340159 0.0280634 0.00438273 0.128829 1.12052e-06 1.70975e-05 0.213816 0.00376897 0.000122264 0.000622286 
4.00155e-12 0.0997838 0.000111112 0.214816 0.514497 0.000741128 0.00381517 2.41791e-11 0.0100479 0.000392741 0.0484207 0.000226116 0.010833 0.000536682 0.0122905 0.0459169 0.0327597 3.64407e-08 0.00481196 
4.80167e-12 0.105172 1.89585e-11 0.0732205 0.0181726 0.000320168 0.231225 2.90138e-11 0.00140244 0.00245695 0.492767 0.000808195 0.000477103 2.46089e-11 0.00283861 0.0227952 0.00224061 1.07863e-05 0.0460922 
5.55182e-09 0.0643564 0.000520509 0.107359 0.0449168 0.0841627 0.000100113 1.11019e-08 0.0342097 0.000204362 0.334644 1.66743e-05 0.00744611 0.000170684 0.0436744 0.14463 0.107025 0.00192645 0.0246361 
2.46441e-07 0.105962 0.0100493 0.000515204 0.0445913 1.05213e-05 0.00307826 9.26215e-05 0.0135581 0.0310631 0.743125 7.4579e-05 0.00206792 2.33756e-06 0.0222146 0.0156732 0.00122751 0.000550239 0.00614404 
4.3007e-12 0.244947 1.69805e-11 0.717649 0.00992332 3.71145e-08 0.0165725 2.59867e-11 2.67075e-07 0.000896196 5.3569e-07 8.08979e-08 5.78462e-07 2.20414e-11 1.13448e-05 0.00999938 1.20915e-07 1.96598e-11 2.21264e-07 
1.58934e-10 0.175473 6.27523e-10 0.140517 0.0451645 2.1276e-07 0.0276175 9.60348e-10 2.38865e-08 0.000759813 0.208264 3.55918e-07 0.000432076 2.38228e-06 0.000153125 0.400187 0.00143001 7.26537e-10 2.29681e-10 
1.37149e-08 0.0160525 5.41508e-08 9.46374e-05 0.0036436 0.00957512 0.00108262 8.28712e-08 0.0021067 0.0209529 0.0363692 3.7933e-08 0.256909 7.02898e-08 4.26188e-06 0.0245209 0.0152263 3.24481e-07 0.613461 
2.59616e-06 0.0180792 0.000118553 0.00571582 0.000968374 0.00011382 0.553913 3.22891e-05 0.0229454 0.00203128 0.308018 0.000863558 0.00227557 0.00010038 0.000506017 0.00396557 0.0010222 6.75059e-06 0.0793212 
8.90068e-12 4.57193e-05 0.00177069 0.000317363 0.00297817 5.08042e-09 0.00444754 1.73456e-09 0.000328622 0.00158872 0.513986 3.81364e-08 8.52677e-06 6.81495e-05 0.00224546 0.0370444 0.00082237 4.06878e-11 0.434348 
nan nan nan nan nan nan nan nan nan nan nan nan nan nan nan nan nan nan nan 
nan nan nan nan nan nan nan nan nan nan nan nan nan nan nan nan nan nan nan 
5.32474e-09 0.121895 0.00615051 0.0700879 0.262667 0.00374579 0.00266136 6.22534e-07 0.0722303 0.0676859 0.106073 2.74645e-07 0.016699 0.000154321 0.00205436 0.261989 0.00276347 7.20072e-08 0.00314225 
1.29565e-10 0.121264 0.0486789 0.00113418 0.0289036 0.000259495 0.26035 7.82891e-10 0.0240432 0.00222693 0.477503 7.63814e-05 0.00220583 1.8499e-06 0.00144198 0.00112999 0.00236672 1.83896e-06 0.0284122 
5.9472e-06 0.0217444 0.00163597 0.0080032 0.0108851 0.000110814 0.0060711 0.0170332 0.0150158 0.00428273 0.0968106 9.32759e-06 0.00564859 0.000214868 0.00708673 0.787987 0.0169127 1.4108e-05 0.000527942 
nan nan nan nan nan nan nan nan nan nan nan nan nan nan nan nan nan nan nan 
2.18525e-08 0.00143761 0.0002462 0.000105636 0.00143031 5.38659e-08 0.00538309 1.34904e-05 0.000257267 0.138294 0.0285813 0.000336468 8.5452e-05 0.821027 7.10022e-06 0.00201537 0.000759272 9.98948e-08 1.96926e-05 
nan nan nan nan nan nan nan nan nan nan nan nan nan nan nan nan nan nan nan 
4.3007e-12 0.244947 1.69805e-11 0.717649 0.00992332 3.71145e-08 0.0165725 2.59867e-11 2.67075e-07 0.000896196 5.3569e-07 8.08979e-08 5.78462e-07 2.20414e-11 1.13448e-05 0.00999938 1.20915e-07 1.96598e-11 2.21264e-07 
4.26914e-10 0.591194 1.68559e-09 0.186617 0.0777254 8.7529e-05 0.0867834 2.5796e-09 0.00273972 0.0017259 0.0327613 9.81452e-06 0.0025947 6.7679e-09 0.000941077 0.00473637 0.0116845 1.95156e-09 0.000399708 
1.8232e-12 0.423971 7.19857e-12 0.0437934 0.485959 5.41414e-09 4.1809e-05 9.60123e-10 0.00656339 7.07494e-05 0.00117253 2.87669e-06 0.00447732 9.34402e-12 2.55006e-05 0.0326103 0.00131239 8.33441e-12 2.63477e-12 
2.49809e-10 0.00151345 5.00787e-07 0.176909 0.0196964 3.46076e-07 0.0177752 1.50945e-09 7.37212e-05 0.0911108 0.656968 6.9093e-10 2.25706e-06 4.22979e-06 0.00926711 0.0051291 3.44271e-10 1.14196e-09 0.0215502 
4.94217e-10 0.0110812 8.12854e-05 6.67051e-06 5.24317e-06 0.00132251 5.74121e-10 1.15836e-05 0.0804016 0.0377254 0.00912839 1.36692e-09 5.00933e-10 2.5329e-09 0.00754536 7.17363e-07 0.852084 2.25922e-09 0.000605919 
1.82874e-05 0.148483 0.000245625 0.192785 0.0378832 0.00493737 0.135694 0.0164792 0.0613759 0.0133707 0.26794 0.000845523 0.0110479 4.72629e-05 0.0196274 0.0671776 0.00408505 7.74254e-05 0.0178802 
2.80978e-06 0.11332 0.000950429 0.0579284 0.016488 0.00040347 0.00423598 6.00054e-06 0.0174745 0.00429952 0.0171391 5.52074e-06 0.000558707 5.08954e-06 0.13738 0.00085874 0.628202 4.53962e-06 0.000736723 
1.35138e-07 0.00579573 0.00140908 0.00101358 0.00226734 0.701759 2.63323e-05 1.60149e-06 0.0323875 0.209253 7.91377e-05 3.73768e-07 0.00629472 6.92591e-07 1.20787e-06 0.00887063 0.0308054 6.17757e-07 3.46748e-05 
6.35018e-06 0.212443 5.35507e-05 0.369474 0.0242827 2.51808e-05 0.0329261 2.62499e-05 0.0162191 0.00377398 0.183381 5.7342e-05 0.0192216 8.09582e-06 0.0495189 0.0448614 0.0281988 2.4713e-05 0.0154984 
3.33445e-08 0.0301548 0.000148011 0.00967461 0.0988602 8.21933e-08 0.0626787 0.00012469 0.0343385 0.0710481 0.0997932 0.0412365 0.000126925 1.70893e-07 0.000540485 0.551072 2.17804e-07 0.000179468 2.3471e-05 
1.44095e-09 0.0223255 2.1121e-06 0.0188395 7.15314e-06 3.55191e-09 0.173961 8.70686e-09 1.00569e-06 0.0745262 0.448416 0.00211581 0.00016984 5.66767e-05 1.18745e-06 0.259563 1.98583e-09 6.58705e-09 1.46906e-05 
6.20328e-09 0.18288 0.000230665 0.0804477 0.0685696 1.61886e-05 0.0433543 4.5541e-06 0.0128554 0.0353914 0.366327 1.71572e-08 0.0216763 3.17923e-08 0.00108622 0.0952203 0.0743555 9.07603e-06 0.0175753 
2.24114e-11 0.670086 8.84876e-11 0.0102529 0.0370226 4.25432e-07 0.00813245 1.3542e-10 0.0589463 0.00150003 0.139935 9.29855e-07 5.23153e-06 1.16009e-08 9.29979e-07 0.0550546 0.0119305 1.0245e-10 0.0071323 
9.98939e-10 0.23254 3.37519e-06 0.086773 0.179639 1.4624e-08 0.000460202 1.98304e-09 0.378183 0.000101059 0.00411974 1.78584e-05 0.0429028 1.11e-07 0.00143467 0.0112696 0.0624967 1.17892e-08 5.86114e-05 
1.92913e-10 0.00404371 0.000172945 4.46564e-05 0.000639167 6.66962e-06 0.00967125 1.95512e-06 0.000311673 0.213886 0.743426 0.00246577 2.00647e-05 9.88691e-10 0.00877536 0.00178762 2.6586e-10 8.81864e-10 0.0147475 
1.57561e-07 0.0140005 4.67407e-07 0.402472 0.0838071 0.0187033 0.00191588 3.2537e-07 0.0246325 0.425403 0.0257545 1.61508e-06 1.4578e-05 0.00166578 2.35141e-05 8.70954e-06 6.46191e-05 1.83706e-06 0.00152901 
nan nan nan nan nan nan nan nan nan nan nan nan nan nan nan nan nan nan nan 
4.87694e-08 0.133782 0.00216058 0.0412224 0.00287793 0.0837666 0.37838 3.40366e-05 0.115455 0.0432691 0.0911549 0.000811425 0.0174229 2.02432e-07 1.29852e-05 0.0538988 0.0354927 1.69124e-06 0.000256629 
1.13611e-06 0.0789855 1.08916e-05 0.0173713 0.533873 0.000627781 0.00296757 3.73026e-05 0.0700945 0.015074 0.034157 0.00248219 0.0399851 0.00115849 1.27869e-05 0.187502 0.0151105 1.43125e-06 0.000547574 
3.6212e-13 0.211567 1.43263e-06 0.000725876 0.00709923 0.000808771 0.0135391 2.18808e-12 0.122257 0.0366844 0.105444 2.21339e-05 0.00839121 0.000304116 0.000624638 0.488381 0.00140718 1.65536e-12 0.00274315 
4.45502e-09 0.0559151 5.67063e-07 0.00245665 0.449584 3.28781e-06 0.00620329 2.69192e-08 0.00318526 0.0128319 0.0111155 6.14444e-05 0.0200431 3.67861e-06 4.55046e-06 0.0328597 0.405726 3.69513e-06 2.02017e-06 
6.21856e-07 0.187497 2.34571e-05 0.0156883 0.206673 0.000180474 0.00337473 1.2562e-05 0.0599409 0.00524521 0.0301336 0.000765314 0.351484 0.000317059 6.81181e-05 0.115136 0.0223356 1.14902e-06 0.00112216 
2.99439e-08 0.0657866 1.77805e-07 0.0371827 0.034359 0.000108767 0.0289183 4.07236e-06 0.0102762 0.0014218 0.783537 0.000151169 0.00144415 4.8412e-05 0.0122258 0.021174 1.57355e-06 5.72782e-08 0.00336067 
4.15878e-09 0.038687 0.000334057 0.00879804 0.156745 2.61355e-05 0.0409875 2.51291e-08 0.0653113 0.362055 0.0624677 0.00145363 0.00305732 0.00858828 0.00219255 0.24616 0.00273938 1.42336e-05 0.000382421 
8.94218e-11 1.7523e-06 0.000647539 1.53224e-05 0.014699 6.84812e-07 0.000299675 5.40325e-10 9.20345e-07 0.00121099 0.921495 1.05451e-06 0.000817192 4.58293e-10 0.0604755 0.000329034 3.20168e-06 4.08775e-10 2.82882e-06 
2.62113e-11 0.0646854 5.25366e-08 0.00469845 0.0281216 0.0210816 0.0189131 1.5838e-10 0.130497 0.100513 0.055384 4.87049e-05 0.00571762 0.0052435 0.00184669 0.207702 0.345649 5.72552e-08 0.00989816 
nan nan nan nan nan nan nan nan nan nan nan nan nan nan nan nan nan nan nan 
1.78608e-10 0.648963 7.05201e-10 8.03933e-07 0.00162714 0.000207452 0.0451439 1.07922e-09 5.82263e-05 0.30377 3.33236e-05 2.32229e-06 2.08011e-05 9.15378e-10 0.000124177 5.22014e-06 2.74456e-05 8.16472e-10 1.55644e-05 
4.86091e-12 0.678945 6.0759e-09 0.0193018 0.00991461 8.82215e-09 0.00310509 3.13421e-07 0.248253 0.000576756 0.00192334 6.37756e-09 0.0112692 9.76936e-07 1.99664e-05 0.0146847 0.0119073 2.22208e-11 9.79999e-05 
4.95013e-07 0.100001 7.27965e-06 0.0126776 0.00206631 0.0160213 0.000833925 0.00043084 0.0183645 0.697784 0.0891115 2.49377e-05 0.000159765 5.24503e-05 5.84831e-05 0.0623466 6.18827e-07 5.66685e-05 1.7785e-06 
1.60217e-09 0.058581 6.3259e-09 0.106286 0.0040469 3.63804e-05 1.14881e-06 7.01372e-07 0.130326 0.0170015 0.00167621 4.43134e-09 3.83055e-06 0.339321 1.89456e-07 0.33909 0.000691567 7.32404e-09 0.00293835 
1.03108e-06 0.0361742 3.81649e-06 0.0044179 0.00220801 2.54485e-05 0.00150603 2.0113e-06 0.00281182 0.000270273 0.000609524 4.2689e-05 0.000180737 5.49736e-05 3.67461e-05 0.0333498 0.917711 7.77843e-05 0.000515869 
nan nan nan nan nan nan nan nan nan nan nan nan nan nan nan nan nan nan nan 
nan nan nan nan nan nan nan nan nan nan nan nan nan nan nan nan nan nan nan 
2.21876e-11 0.889879 1.27959e-05 0.00162705 0.014526 5.01639e-05 0.00166917 4.92868e-06 0.0866316 0.00149121 0.00366506 1.6782e-08 8.8161e-05 1.13713e-10 9.90182e-05 0.000105489 1.32936e-07 6.66626e-08 0.000149707 
5.20879e-06 0.0764143 0.000132014 0.0147685 0.0803095 0.000396179 0.0028055 0.0016923 0.685307 0.0625916 0.00519563 7.85306e-05 0.00239394 0.00166463 0.00015863 0.0387367 0.026954 1.5741e-05 0.000380228 
1.82527e-10 0.225952 7.20676e-10 0.413697 0.0911102 4.49924e-10 1.96919e-06 1.10291e-09 0.0120112 5.14112e-05 0.0148887 7.45605e-07 0.0552922 9.35465e-10 8.11454e-07 0.185831 0.00116113 8.34389e-10 8.30169e-07 
3.82656e-09 0.0287475 0.0287077 0.00744293 1.13499e-06 0.000729275 0.0467376 4.73187e-07 0.0263649 0.0032715 0.849787 0.000159409 0.000511025 1.33912e-07 0.000213563 0.00236003 0.00432311 1.64138e-07 0.000643021 
2.43275e-09 0.715614 0.0167174 0.0439089 0.0096381 6.37556e-07 0.0106148 1.46997e-08 0.0402122 0.00573075 0.0928145 6.72857e-09 0.0104472 3.53815e-05 2.33783e-08 0.0534695 4.96567e-05 1.11209e-08 0.00074717 
1.86809e-08 0.099861 1.15775e-05 0.0456369 0.0388056 0.000107905 0.0289163 4.02396e-06 0.0151902 0.00229092 0.724654 0.000150724 0.0051283 4.82253e-05 0.0132714 0.023122 9.35868e-07 3.90125e-08 0.00279939 
