3.89575e-05 0.493171 1.84143e-07 0.0593748 0.0341073 9.22548e-05 0.0112985 1.34482e-06 0.0564051 0.0184147 0.119209 0.000519024 0.0315894 0.000300435 0.00319586 0.121436 0.00319911 0.000126358 0.0475213 
0.000168018 0.482573 1.94769e-05 0.0804141 0.33413 0.000217463 0.004517 1.70437e-09 0.0214452 0.0112248 0.0373972 0.000236014 0.000836054 2.56671e-05 0.00526637 0.000470831 0.0151326 2.97175e-06 0.00592259 
0.000464709 0.22204 0.00150452 0.0467614 0.155147 0.00136078 0.0328086 0.000594454 0.159153 0.0631324 0.158623 0.00772129 0.0510579 0.00155743 0.0229398 0.0611466 0.0108801 9.52513e-05 0.00301239 
5.45672e-05 0.857451 2.47132e-05 0.0112352 0.00394597 0.0027294 0.00481529 7.74723e-10 0.0339745 0.00259293 0.00426619 7.68375e-05 0.0409326 6.57105e-10 0.0103129 0.024964 0.00250587 3.01323e-07 0.000117628 
0.00143265 0.335526 0.000157857 0.309014 0.0959239 0.000915382 0.00271206 1.06221e-07 0.0821755 0.0132831 0.0446973 0.00100928 0.027767 0.0225927 0.036384 0.0105153 0.00217378 7.42195e-06 0.0137128 
1.54157e-07 0.628675 0.000176757 0.026587 0.0133566 4.22206e-05 0.0144916 4.25099e-06 0.055888 0.0598798 0.134454 3.74701e-05 0.00518352 8.5734e-08 0.0334689 0.00576707 0.00505161 2.06609e-08 0.0169363 
3.80704e-05 0.596828 1.33615e-05 0.134926 0.0943684 0.000968602 0.0132358 2.74686e-11 0.0730419 0.0427976 0.0258694 0.000562002 0.00407693 0.000172903 0.000271387 0.00227069 0.000577131 3.66081e-06 0.00997776 
0.0579628 0.466033 2.22788e-07 0.0235378 0.163595 0.000211118 0.00465149 7.22624e-10 0.181819 0.00655852 0.0243325 1.81417e-07 0.00169393 6.93896e-08 0.0506093 9.89667e-05 0.0123326 2.54569e-06 0.0065614 
0.000369179 0.397547 0.000230719 0.042063 0.0145521 1.00166e-07 0.0387592 2.05038e-09 0.19582 0.0684091 0.222102 0.00137978 0.00203743 3.73901e-07 0.000147989 0.0141884 0.000704015 2.17116e-06 0.0016878 
0.0322025 0.491382 0.000258546 0.0401395 0.196589 3.83666e-07 0.00466469 7.83489e-10 0.11981 0.00986873 0.0289944 0.00428158 0.0187196 0.000158511 0.0148383 0.0243429 0.00457799 5.81038e-11 0.00917147 
4.55043e-05 0.373797 6.57773e-05 0.314339 0.0222924 0.0103664 0.0762672 3.73294e-10 0.0320934 0.0211911 0.0972399 0.0027506 0.00581204 5.6485e-05 0.0064222 0.0261088 0.00417335 0.000647854 0.00633101 
0.000276404 0.476003 0.00494746 0.0357149 0.0246352 0.000567251 0.00157612 1.83561e-08 0.167625 0.21677 0.00969842 0.000216024 0.0412302 1.09894e-05 0.00752996 0.00780813 0.00355315 9.70588e-06 0.00182915 
0.0526463 0.0526595 0.0525946 0.0526561 0.0526537 0.0526208 0.0526436 0.0525579 0.052658 0.0526498 0.0526586 0.0526156 0.0526461 0.052574 0.0526527 0.0526509 0.0526397 0.0525838 0.0526385 
0.0248209 0.459176 0.000278847 0.0751057 0.124363 0.00140975 0.00592657 4.54853e-12 0.147073 0.0106285 0.0719361 0.00134736 0.0098309 0.000119406 0.0281092 0.00345108 0.00148784 1.92251e-05 0.0349163 
1.38987e-09 0.57578 5.48767e-09 0.145321 1.93303e-07 3.21751e-07 0.179396 8.39822e-09 0.0108548 0.000317484 0.051584 3.84416e-09 0.015499 2.89551e-05 1.56498e-05 0.0211635 1.44755e-06 6.35355e-09 3.78109e-05 
0.00624062 0.28264 0.00152958 0.0840822 0.12455 0.210941 0.0167305 0.00167265 0.103729 0.0526963 0.0473473 0.000560401 0.0420931 8.08831e-05 0.0110563 0.00875149 0.00410983 0.000308202 0.000880938 
0.00154216 0.498976 0.00143129 0.0525304 0.074888 0.0023643 0.00248326 3.23167e-11 0.046383 0.133612 0.151694 0.00325 0.00437438 0.000126107 0.023644 0.000212797 0.00013299 9.35557e-06 0.0023458 
0.000554788 0.435095 0.00184732 0.0418928 0.0561442 0.000184886 0.0684599 6.8369e-08 0.0689854 0.0166154 0.254984 0.00164272 0.00501992 6.83899e-08 0.0171163 6.849e-08 0.00351285 6.84026e-08 0.0279442 
2.39763e-06 0.832764 9.01842e-05 0.0124101 0.0153457 7.33231e-05 0.00734482 4.05951e-05 0.0781452 0.01549 0.0165493 1.5124e-05 0.00132576 0.000111921 0.00511882 0.00154554 0.000169753 2.07108e-06 0.0134551 
0.000566451 0.418678 0.00185168 0.148004 0.0828211 0.00169608 0.0591965 0.000543465 0.0597359 0.0326725 0.0987132 0.00270852 0.0136288 0.00025662 0.0242405 0.0305915 0.0111993 1.59632e-05 0.0128799 
9.57012e-05 0.342449 0.0104136 0.0622631 0.0315902 0.00433721 0.00352001 1.7307e-08 0.271036 0.0897829 0.0283484 0.000554357 0.0454541 0.00085652 0.080834 0.0246708 0.00301652 2.60338e-05 0.000750645 
4.25792e-05 0.822703 6.15792e-05 0.0361461 0.052303 2.77688e-05 0.00144792 3.78973e-08 0.0386258 0.0112267 0.0119827 0.00104537 0.0042107 0.000304249 0.00977056 0.00707174 0.00152879 5.33566e-07 0.00150122 
2.16907e-05 0.636836 0.0114941 0.285798 0.00492851 0.0043863 0.00914603 1.36701e-06 0.0131629 0.00034799 0.0245494 0.000194783 0.00133408 3.11276e-05 0.00257688 0.00441528 4.20781e-05 2.00957e-05 0.000713233 
0.0526463 0.0526595 0.0525946 0.0526561 0.0526537 0.0526208 0.0526436 0.0525579 0.052658 0.0526498 0.0526586 0.0526156 0.0526461 0.052574 0.0526527 0.0526509 0.0526397 0.0525838 0.0526385 
0.00106144 0.485505 7.54389e-05 0.0498092 0.017898 0.00400416 0.0126304 1.79525e-06 0.0857524 0.0347347 0.108705 0.0552664 0.00291811 0.00179995 0.059793 0.00587293 0.0644885 9.33419e-06 0.00967403 
0.160776 0.273499 0.0378856 9.39521e-05 0.000159724 0.00867113 0.0449359 3.54564e-09 0.259283 0.0196414 0.193007 3.14323e-06 0.000116832 2.31051e-07 2.54763e-06 9.20311e-05 7.06587e-05 5.72453e-06 0.00175578 
0.000180754 0.452347 0.0046454 0.242987 0.00831151 0.00571387 0.0621682 7.34385e-06 0.0444099 0.0132726 0.051657 1.30944e-05 0.0394643 6.75064e-06 0.00575786 0.0603307 0.0072435 1.07121e-07 0.00148274 
8.29152e-07 0.423438 1.02014e-06 0.0115164 0.026056 0.000248704 0.00110383 1.93849e-11 0.0823743 0.00224833 0.00584988 4.76804e-06 0.00568938 8.93037e-06 0.0165445 0.0048949 0.418799 6.32004e-09 0.00122124 
1.17698e-05 0.489137 0.000342754 0.117375 0.080788 0.00150408 0.00867211 0.000776118 0.0918937 0.00563436 0.0560972 0.000272411 0.010087 0.000948492 0.017855 0.0958506 0.0130983 1.94454e-05 0.00963614 
5.86466e-05 0.486304 0.00297128 0.0795065 0.175329 0.0010362 0.00514163 1.11882e-09 0.0988895 0.0339169 0.0622649 0.000171508 0.00600023 7.94893e-06 0.0221584 0.00471804 0.0134056 1.71978e-05 0.00810272 
0.000189974 0.329561 0.00219747 0.0706833 0.172058 0.00169987 0.0582815 2.75211e-08 0.179102 0.0162161 0.125283 0.000333755 0.00748441 2.10234e-05 0.0060595 0.00971803 0.0184382 8.61226e-09 0.0026729 
2.14862e-05 0.678233 6.41368e-06 0.0611343 0.00952138 0.000860303 0.0313928 2.83693e-07 0.114787 0.0688014 0.0159004 0.000434165 0.00411705 3.38529e-05 0.000597225 0.00886907 0.00460694 6.44525e-05 0.000618127 
0.00492125 0.300709 0.000322398 0.0907408 0.060063 0.00557418 0.0216082 0.000227515 0.260758 0.0114301 0.0316172 0.00197245 0.0840268 0.000185285 0.00588277 0.0740828 0.0421977 3.93931e-05 0.00364092 
1.25619e-05 0.513456 0.000692506 0.133024 0.054122 4.53435e-07 0.0104623 7.61238e-09 0.035115 0.0229225 0.176505 0.000168911 0.00205043 6.20854e-09 0.00643964 0.00314821 0.00270356 6.09723e-09 0.0391763 
4.45056e-05 0.565079 0.000479562 0.0536861 0.0319813 0.00101112 0.00483801 1.89125e-07 0.18756 0.0442251 0.0497624 0.000620573 0.00868141 1.87032e-05 0.0235515 0.00369837 0.0231526 1.09299e-05 0.00159909 
2.27219e-05 0.553606 0.000115302 0.079788 0.0307854 0.00160834 0.0173166 1.01924e-06 0.125961 0.0296687 0.0324319 0.000605533 0.0110864 0.000102147 0.0416601 0.0101051 0.0553401 2.54774e-05 0.00977021 
0.0172071 0.347443 0.000235458 0.212226 0.0212818 0.00106749 0.0196754 2.52174e-06 0.194554 0.0455998 0.0573932 0.000620846 0.0264956 0.000986033 0.0042047 0.0252626 0.011997 1.72717e-05 0.0137305 
0.000117935 0.70601 0.000152271 0.174781 0.0503822 2.08284e-05 0.00119467 5.60927e-05 0.0179185 0.00440706 0.0175112 0.00415032 0.00465799 0.00217098 0.00301184 0.0121208 0.00092466 3.78079e-07 0.000410811 
2.43275e-09 0.715614 0.0167174 0.0439089 0.0096381 6.37556e-07 0.0106148 1.46997e-08 0.0402122 0.00573075 0.0928145 6.72857e-09 0.0104472 3.53815e-05 2.33783e-08 0.0534695 4.96567e-05 1.11209e-08 0.00074717 
0.00566734 0.691763 0.00229745 0.0331119 0.0602314 0.000472336 0.013163 4.02548e-05 0.0548099 0.016428 0.0423951 0.000342119 0.0324453 0.000323045 0.0249934 0.0122954 0.0028708 1.18943e-05 0.00633797 
1.11098e-05 0.617753 4.773e-08 0.071819 0.00247876 0.00060678 0.00221239 3.49128e-11 0.0724816 0.000355062 0.0210684 0.000154085 0.0675887 0.000229223 0.000183719 0.132602 0.010156 9.36296e-06 0.000291408 
0.000261712 0.544921 0.000271838 0.102596 0.15592 0.000210407 0.00278716 8.95119e-09 0.0156681 0.12617 0.0341386 2.55638e-05 0.010505 7.59223e-09 0.000659346 0.000882918 0.00210294 1.25888e-07 0.0028785 
2.56568e-08 0.291482 2.46396e-05 0.0434116 0.202759 0.00102057 0.0213182 4.23359e-11 0.221574 0.00836799 0.13663 0.000120451 0.0384138 0.000149578 0.00281184 0.0130431 0.0109205 3.20286e-11 0.00795352 
0.000333403 0.561323 6.77582e-05 0.0584127 0.119216 0.00031108 0.00345514 0.000107592 0.111708 0.00520182 0.0267085 0.00200181 0.0362499 0.000230747 0.0117255 0.0203362 0.0405949 1.16835e-05 0.00200452 
1.27543e-05 0.657397 0.000170935 0.0893878 0.0905703 0.000513557 0.0126801 2.41945e-11 0.0340348 0.00481963 0.0557575 3.25408e-05 0.00647338 1.71019e-05 0.0437442 0.00079747 0.00123045 1.53828e-07 0.00236055 
6.71596e-05 0.488014 0.000708705 0.172467 0.0378877 0.00119931 0.00921196 7.41197e-10 0.0760583 0.00427908 0.0162612 0.00158527 0.086952 6.82587e-05 0.00126145 0.090503 0.0122055 4.33983e-05 0.00122692 
8.39028e-05 0.416533 1.32184e-05 0.221353 0.0510839 0.00093551 0.00726862 7.79303e-09 0.0841515 0.0173197 0.0502386 0.00345908 0.0962982 0.00563369 0.010505 0.0236134 0.00515371 1.4276e-05 0.00634207 
0.0132356 0.255573 0.00237426 0.040158 0.0139973 0.0203637 0.0820947 4.00561e-06 0.192593 0.0197597 0.0621341 0.0012801 0.0354478 0.000791667 0.0110164 0.0641627 0.18376 1.35529e-05 0.00124059 
2.41515e-06 0.624874 0.000137184 0.0310072 0.0326701 0.000362955 0.00319843 7.47774e-07 0.0138486 0.00198853 0.0560876 0.0802968 0.00264172 1.89563e-06 0.0338774 0.00450935 0.0136383 3.17223e-09 0.100857 
2.43772e-05 0.334723 0.000335355 0.02164 0.00915827 0.00379646 0.175869 2.38003e-09 0.184629 0.0790591 0.0965327 0.000569545 0.00654281 4.80939e-05 0.0721815 0.0030279 0.00513572 1.19701e-08 0.00672705 
6.25823e-06 0.622498 1.81863e-05 0.00690799 0.239334 4.05006e-06 0.00828097 3.3653e-12 0.0374221 0.00158455 0.0758277 0.00029722 0.0021664 5.14634e-05 0.000844928 9.92506e-05 0.000692219 2.54597e-12 0.00396386 
1.52602e-05 0.649134 3.69747e-05 0.0990595 0.0358645 0.00116215 0.0171032 1.26124e-08 0.0915461 0.00165876 0.0646347 0.000385051 0.00409997 2.87342e-05 0.0258413 0.00146076 0.000428856 3.7138e-07 0.00753958 
2.15625e-05 0.629762 7.62677e-05 0.12269 0.0104193 3.08404e-05 0.0206462 2.25915e-09 0.0951971 0.00542061 0.0830141 0.000924231 0.00834703 0.0009721 0.000451175 0.00724395 0.00121147 7.19106e-12 0.0135716 
4.74375e-05 0.688258 0.00493692 0.00864674 0.0312203 6.38027e-05 0.00952255 3.34183e-09 0.212971 0.00503331 0.0250806 0.000118577 0.000642909 0.00601173 0.00155922 0.000847396 0.000157618 9.57865e-06 0.00487213 
1.75722e-06 0.818912 2.49793e-05 0.00612393 0.0745297 1.20708e-06 0.00459413 1.26409e-08 0.0594966 0.000441711 0.0268412 4.64274e-06 0.00177987 4.93531e-12 0.00242203 0.00426982 0.000276459 1.15147e-09 0.000280037 
0.000921346 0.504525 0.000893376 0.136046 0.188657 2.70773e-07 0.0331842 2.70449e-07 0.0489634 0.0240853 0.038044 0.00251821 0.0164712 2.70532e-07 2.70937e-07 0.00197804 0.00371119 2.70582e-07 2.70864e-07 
0.00997656 0.292367 0.00253713 0.0722131 0.075026 0.00425394 0.0203913 5.12976e-06 0.284312 0.0200179 0.0821674 0.00967346 0.0473797 0.000854515 0.0181435 0.0452312 0.0122717 0.000135606 0.0030426 
3.53426e-09 0.874282 7.44692e-07 0.0277383 0.0197096 0.00014933 0.000503244 1.49168e-10 0.0339548 0.000655474 0.0364605 2.47767e-08 2.50222e-11 1.26521e-10 3.48598e-07 0.000869103 0.000488138 1.13014e-07 0.00518845 
2.36029e-05 0.528181 1.54709e-06 0.0695357 0.0381205 0.00121416 0.0877266 5.04656e-09 0.047816 0.0142888 0.101683 5.81496e-06 0.00426164 1.13662e-09 0.00249154 0.0476568 0.0304147 1.01381e-09 0.0265788 
4.87022e-05 0.714664 1.35136e-05 0.0156087 0.149688 2.16042e-05 9.66669e-05 4.57964e-11 0.0563803 0.00253479 0.0195725 0.0023984 0.0241522 0.000621421 0.000377911 0.0111818 0.00165265 0.000113545 0.000872718 
6.55351e-05 0.50457 0.000967727 0.164485 0.024459 0.00190297 0.0232694 2.79974e-08 0.0337895 0.0473633 0.0566577 0.00206247 0.03543 2.69438e-05 0.0116591 0.0881878 0.00164895 7.7223e-08 0.00345435 
0.000252421 0.248924 0.00112865 0.244013 0.159356 0.000931113 0.00240969 1.20649e-11 0.140742 0.0154818 0.0958148 8.40793e-05 0.0402862 6.13032e-06 0.0255663 0.010561 0.00511113 2.61768e-05 0.00930562 
1.96894e-07 0.530192 1.59401e-07 0.00141259 0.116951 4.50051e-07 1.21659e-06 1.73158e-09 0.344252 7.32601e-07 1.15119e-06 8.27027e-07 0.00717832 1.4687e-09 4.48026e-06 2.62221e-06 9.28998e-07 2.74874e-08 1.1314e-06 
5.85724e-08 0.940074 5.69386e-07 0.0194224 0.0125722 3.4155e-05 0.000470301 8.18975e-07 0.0261653 2.2185e-07 9.96028e-05 2.79099e-06 0.000421278 1.83343e-10 4.53246e-05 4.01594e-06 0.00022161 7.4494e-08 0.000464799 
8.45842e-05 0.220658 0.00029708 0.012497 0.109862 0.000982693 0.0507377 3.40839e-08 0.208898 0.0547798 0.068535 0.00013991 0.00620525 0.00244614 0.0810497 0.0948928 0.0877994 5.98642e-06 0.000128406 
8.3562e-06 0.450974 0.000316281 0.0150565 0.160582 0.000949196 0.0197859 2.1036e-05 0.188916 0.0691453 0.0496502 0.000133357 0.0206293 6.45576e-09 0.00208869 0.010294 0.0107479 4.42674e-05 0.000658201 
2.06475e-05 0.341608 0.00899407 0.0282595 0.338375 2.78782e-10 0.00387327 6.83384e-10 0.1306 0.0601091 0.070415 0.000234661 0.00435239 2.12372e-07 0.000326662 0.00713841 0.00515219 5.17004e-10 0.000540178 
0.00178663 0.380224 0.00199832 0.0965768 0.136503 0.00104104 0.0242047 3.55537e-07 0.22215 0.0105569 0.0252329 0.000535316 0.0436756 0.000114986 0.0122101 0.0200388 0.0102037 0.000444744 0.0125025 
5.77578e-05 0.630631 0.00130573 0.166154 0.0437355 0.000124674 0.00207209 7.59578e-11 0.0190661 0.0937171 0.0249177 0.000141215 0.00595716 0.000491936 0.00352558 0.000265933 0.000205181 2.87386e-05 0.00760276 
4.77109e-09 0.675041 3.59152e-05 0.0693325 0.0924496 8.08925e-05 0.0017669 5.47107e-10 0.038472 0.00317527 0.0662851 9.72953e-05 0.0238043 0.00297285 0.0158063 0.00509646 0.00363864 3.91155e-09 0.00194516 
4.00593e-05 0.299028 0.00179015 0.0609496 0.0308509 0.00125251 0.199458 6.05712e-05 0.0782618 0.0341412 0.226482 0.00276513 0.00826416 6.26155e-07 0.000416038 0.0407722 0.00153098 1.0025e-06 0.0139348 
0.0020441 0.401611 0.00221879 0.119752 0.129489 0.000526364 0.025931 0.00287861 0.0422715 0.0158141 0.104473 0.0020907 0.0413766 0.00131947 0.0135375 0.0772444 0.0130638 7.63854e-06 0.0043501 
4.68017e-06 0.886028 7.11727e-06 5.81462e-05 0.0547745 8.24895e-06 2.00851e-05 4.88414e-10 2.87462e-05 0.040995 9.70687e-05 2.75006e-06 6.94768e-06 0.000435183 2.43471e-06 2.27271e-06 5.80382e-06 3.69502e-10 0.0175234 
2.75013e-05 0.427905 0.000189055 0.285179 0.133507 0.000161956 0.00110648 5.86843e-10 0.0186146 0.00763301 0.0211605 0.00493623 0.00505652 3.59095e-06 0.0190443 0.0720927 0.00285851 2.60155e-05 0.000498471 
0.000103284 0.61739 0.000285969 0.0514373 0.0280949 7.47789e-05 0.0129723 0.00014117 0.0264246 0.0283941 0.107974 0.00106683 0.0257264 0.000417926 0.012796 0.0658717 0.0156672 8.93688e-06 0.00515267 
0.00287785 0.524177 0.0013838 0.138797 0.0563338 0.00291735 0.0200112 4.05455e-05 0.0514627 0.0559335 0.0575011 0.00422701 0.0375377 0.00176708 0.0112308 0.01608 0.011637 0.000853291 0.00523035 
1.75935e-06 0.186364 1.75762e-06 0.0835868 0.0589484 1.7585e-06 0.0825111 1.7564e-06 0.125647 0.0802337 0.124593 1.75833e-06 0.0373 1.75694e-06 0.0541966 0.0591211 0.086551 1.75726e-06 0.0209349 
0.000113781 0.373982 2.7896e-07 0.0386137 0.213942 4.04008e-08 0.0228619 6.71139e-10 0.00786645 0.200741 0.134196 1.95413e-07 0.00267105 5.69247e-10 2.64889e-07 0.00459115 0.000226341 1.24534e-07 0.000194073 
0.000263392 0.214567 0.0142466 0.137027 0.0616335 0.00010961 0.126236 7.66042e-07 0.0137902 0.0389662 0.202913 0.00134868 0.0546614 1.80227e-05 0.0364115 0.0231819 0.00347969 7.61974e-08 0.0711453 
0.00017856 0.531934 0.00139972 0.0133103 0.159478 0.000186601 0.00264445 2.33909e-12 0.128916 0.0295874 0.0856372 0.000584247 0.00365238 5.31417e-05 0.0334117 0.000158773 0.00625534 2.68015e-09 0.0026122 
6.88982e-06 0.40442 0.00116374 0.3129 0.119465 1.28979e-05 0.010047 1.18994e-05 0.0248163 0.0180877 0.0621628 2.676e-05 0.000334886 1.75239e-08 0.00190628 0.0373059 0.00117958 0.000238478 0.00591404 
0.0041692 0.424563 0.00250771 0.0721923 0.0493065 0.0056364 0.0664332 2.41618e-06 0.0679706 0.0258117 0.103623 0.000731236 0.071984 0.00134494 0.0170256 0.0701173 0.00665873 7.59774e-07 0.00992168 
5.28154e-05 0.495011 0.000408393 0.109537 0.0503776 0.000748208 0.0216113 0.00796542 0.0760116 0.0981087 0.0993855 0.00139335 0.00477395 0.000354079 0.00511763 0.0232102 0.0047258 2.3272e-05 0.00118444 
0.00321646 0.375757 0.0014699 0.0578826 0.0545832 0.00624616 0.0616157 1.30475e-09 0.121398 0.0113778 0.177071 0.0180256 0.0476774 2.27377e-06 0.000574388 0.0435581 0.00915363 4.13477e-08 0.010391 
8.63726e-05 0.408538 6.384e-06 0.0825361 0.215547 0.000630048 0.0132648 7.10171e-06 0.135523 0.0760357 0.0190616 0.0200703 0.0243351 0.00013904 0.0011332 0.00075216 0.00193696 5.75484e-05 0.000339624 
3.12708e-05 0.368247 3.74313e-06 0.0154319 0.187545 0.00196456 0.0204165 2.26611e-10 0.139823 0.0190501 0.152424 0.000184832 0.00139854 1.92207e-10 0.0909843 0.000660987 7.5771e-05 1.09508e-06 0.00175713 
0.00172313 0.445043 0.0011536 0.0597643 0.118545 0.000266485 0.0128772 1.77326e-07 0.0371318 0.0298608 0.238036 0.00115406 0.0117589 1.7738e-07 0.00682178 0.0218854 0.00339237 0.000443711 0.010141 
0.000227741 0.16993 0.000863976 0.165964 0.0119025 0.119922 0.0310565 0.000777371 0.117251 0.0670376 0.103184 0.000222459 0.0733244 0.00056788 0.0317519 0.0194858 0.0780807 4.88554e-06 0.00844686 
0.157236 0.62906 0.000199086 0.000107487 7.36687e-05 3.14785e-05 0.00412455 7.55282e-06 0.0557877 0.0173253 0.0095056 0.0256171 0.0784528 6.40615e-06 0.00723553 0.000338969 0.00672744 2.01506e-05 0.00814289 
6.069e-05 0.672702 0.000145273 0.17621 0.0358372 5.60866e-05 0.00342276 1.62088e-11 0.0213 0.0109623 0.0203621 6.0599e-05 0.0072553 9.34259e-09 0.000518386 0.00282451 0.00678122 1.22625e-11 0.0415017 
0.000220933 0.270736 7.61103e-05 0.218348 0.244344 0.000751073 0.00122087 4.40853e-12 0.0687027 0.00711731 0.0200486 0.0009879 0.00547887 3.73923e-12 0.0100003 0.0089391 0.142531 3.11687e-06 0.000493981 
0.00704887 0.638772 0.0168486 0.0911977 0.0294396 9.4402e-05 0.000832207 9.91137e-12 0.166036 0.00121688 0.0108657 0.000352096 0.0175401 3.28291e-09 0.000312007 0.0179536 0.00120994 2.55241e-05 0.000254623 
7.92764e-05 0.367423 0.000795921 0.166142 0.0669068 5.25472e-05 0.00392742 4.28824e-05 0.279661 0.01296 0.0221605 0.000941086 0.0230225 5.1188e-05 0.0101135 0.00934877 0.035673 8.05533e-06 0.000690635 
2.81146e-05 0.703245 8.58828e-05 0.0216 0.0187579 1.0668e-06 0.0295869 7.76093e-09 0.0642555 0.101236 0.0263941 5.8642e-05 0.00152987 6.58268e-09 0.00329748 1.89323e-05 0.00325529 5.87142e-09 0.0266493 
5.49192e-06 0.536022 3.40879e-06 0.363356 0.00148403 3.85915e-06 0.0017145 2.80354e-10 0.0160368 0.000160598 0.0202227 0.00182961 0.020806 6.44342e-08 0.000600368 0.022312 0.000182286 1.30073e-07 0.0152597 
1.86551e-07 0.853039 9.36968e-09 0.0131794 0.00201649 0.0114177 0.00314565 1.22926e-05 0.0142092 0.00614333 0.00892807 2.49052e-06 0.035814 2.37199e-06 0.000175745 0.0514953 0.000343966 5.84896e-07 7.41829e-05 
6.98911e-09 0.759414 3.5585e-05 0.0162534 0.0180215 1.94347e-06 0.014255 2.3602e-10 0.0366714 0.00685991 0.0252918 5.67889e-08 0.00521809 2.0822e-08 5.50054e-05 0.108446 0.00947588 1.78558e-10 3.85057e-07 
0.000175608 0.342407 0.000160826 0.0217929 0.200218 0.00252567 0.00345526 3.9416e-09 0.292265 0.0228742 0.064355 0.0050464 0.0168731 1.54166e-06 0.000649742 0.0208558 0.00177251 2.43239e-10 0.00457115 
0.000245357 0.27366 0.000566755 0.0896314 0.0335418 0.000409242 0.0885311 1.32686e-05 0.0248592 0.170847 0.0908481 0.1084 0.039926 0.000515563 0.00210349 0.0718034 0.00169959 0.000317465 0.00208126 
0.0526463 0.0526595 0.0525946 0.0526561 0.0526537 0.0526208 0.0526436 0.0525579 0.052658 0.0526498 0.0526586 0.0526156 0.0526461 0.052574 0.0526527 0.0526509 0.0526397 0.0525838 0.0526385 
2.90954e-05 0.712959 2.77357e-05 0.140952 0.08816 2.57166e-05 0.00369041 4.30503e-12 0.00904709 0.0194675 0.00840094 0.000375684 0.00606574 5.03492e-09 1.7971e-08 4.28957e-05 6.47292e-05 3.25691e-12 0.0106916 
0.000416398 0.47843 0.00102445 0.0371598 0.0757812 0.00067049 0.00686131 0.000962165 0.236523 0.00197389 0.00415653 0.000601077 0.015535 7.69907e-08 0.0909542 0.0386056 0.0102295 0.000115584 7.7085e-08 
3.32723e-08 0.611969 0.000100891 0.0662756 0.0101192 1.56558e-05 0.137135 2.61273e-10 0.044301 0.0152259 0.0452352 1.25393e-05 0.0178497 8.14044e-07 0.00387207 0.0453501 0.000330944 2.08815e-08 0.00220663 
0.0299318 0.394289 5.61763e-06 0.148028 0.125735 0.000662238 0.00279111 6.50299e-12 0.049808 0.00351469 0.0374634 0.00025321 0.121716 2.97835e-05 0.0315524 0.0440779 0.00990398 1.05234e-05 0.000226738 
0.00702305 0.305473 0.00023563 0.0830357 0.125217 0.000783714 0.0759043 3.22962e-05 0.0656861 0.144787 0.105279 0.0121319 0.0346106 0.000218834 0.0173434 0.0141714 0.00266998 0.0033852 0.00201297 
0.000208192 0.704664 0.000155574 0.0453222 0.00804515 0.0003004 0.0160711 1.35438e-12 0.0781266 0.0350234 0.0847494 0.000625867 0.00120892 5.19533e-05 0.000930199 0.000188176 0.000352219 2.56999e-09 0.0239762 
1.2249e-05 0.393723 9.39044e-05 0.0453851 0.0127865 1.18663e-08 2.3918e-05 2.9088e-08 0.0128837 8.66698e-05 0.164665 1.33146e-08 0.0539357 0.0340187 3.05904e-09 0.0158381 0.265694 7.3227e-06 0.000845501 
7.63402e-07 0.624817 1.0242e-05 0.0115994 0.00790201 1.03562e-05 0.00163203 1.49289e-06 0.309291 0.00238162 0.00427098 5.35455e-06 0.0100952 1.30293e-07 0.00868607 0.0142803 0.0050157 4.47889e-07 5.4759e-08 
1.18995e-05 0.577586 6.03879e-05 0.219807 0.0149798 2.21397e-05 0.00193554 1.69146e-08 0.0520247 0.00103006 0.00596588 0.0132262 0.0826656 1.09849e-05 0.0266384 0.0031364 0.000504374 4.38788e-07 0.000393902 
0.00014425 0.298638 7.19947e-05 0.0563918 0.0102124 0.00262082 0.128579 3.42023e-08 0.240585 0.0316803 0.175972 0.000606551 0.00396376 2.46502e-05 0.00476707 0.00395856 0.0304465 5.15995e-06 0.0113315 
5.58204e-06 0.68923 4.08617e-05 0.200672 0.0268869 7.25052e-05 0.000454079 3.62056e-07 0.0239434 0.000554395 0.00666202 2.81255e-05 0.0296085 3.53138e-07 0.000198228 0.0129583 0.00154593 1.03842e-07 0.00713841 
6.069e-05 0.672702 0.000145273 0.17621 0.0358372 5.60866e-05 0.00342276 1.62088e-11 0.0213 0.0109623 0.0203621 6.0599e-05 0.0072553 9.34259e-09 0.000518386 0.00282451 0.00678122 1.22625e-11 0.0415017 
0.000197092 0.346939 0.00170317 0.0435885 0.0905816 0.00340818 0.0244278 0.0090772 0.105845 0.147636 0.108672 0.00619588 0.01468 9.43026e-05 0.0262522 0.00287295 0.0507563 1.87412e-06 0.01707 
4.35612e-05 0.605212 0.000900309 0.241543 0.00265895 3.846e-05 0.00697621 3.50784e-09 0.0208941 0.00228063 0.0583563 0.00631719 0.0235368 0.0103023 0.00391975 0.00916215 0.0073822 4.14068e-06 0.000472051 
1.0518e-07 0.606959 0.000177728 0.0442748 0.0030915 0.000160304 0.00340396 1.7824e-11 0.00737197 0.000867456 0.0860483 3.07706e-05 0.000551486 1.5118e-11 0.0500165 5.75542e-05 9.41588e-06 6.39939e-09 0.19698 
1.0869e-05 0.584245 9.53801e-06 0.110655 0.0562807 0.0036701 0.00252585 3.44974e-09 0.0852707 0.0712867 0.0373555 0.000468258 0.00333249 0.00121985 0.00186378 0.00312031 0.00032254 1.86967e-05 0.0383441 
2.03561e-06 0.612224 3.31779e-05 2.02618e-05 2.24907e-05 2.39268e-06 2.08957e-05 0.00135373 0.0135351 0.0206404 0.000122467 7.59379e-06 0.00020985 0.00060891 1.52227e-05 0.351019 3.46345e-05 2.40885e-06 0.000125515 
4.38683e-09 0.6939 7.39146e-09 0.0155333 0.0268793 0.00847934 0.0157797 8.16346e-08 0.118994 0.00738553 0.0334823 8.89814e-09 0.0635705 2.70057e-09 0.00107409 0.00849942 0.00514325 2.67345e-12 0.00127897 
2.73061e-05 0.4079 6.65329e-05 0.313991 0.0424884 6.57802e-05 0.0330453 1.26875e-05 0.0164132 0.0184524 0.109792 0.000266734 0.0238698 0.000239826 0.0024733 0.00945351 0.00579326 8.59569e-06 0.0156405 
0.000440557 0.342861 0.00186704 0.0841647 0.123171 0.00303946 0.00990085 1.86898e-06 0.237662 0.0468619 0.045911 0.00320961 0.0182023 0.000967141 0.0070116 0.0452627 0.0215275 0.00544024 0.00249859 
8.16901e-06 0.450771 1.65544e-05 0.0499555 0.287625 3.75209e-08 0.00320221 3.77563e-11 0.0167397 0.00179594 0.0206557 0.000477756 0.00367321 1.7856e-08 0.158946 0.00277697 0.00320149 2.8564e-11 0.000154709 
0.00128554 0.339508 0.00209395 0.10202 0.0158927 0.00062656 0.0291343 0.0116831 0.0954621 0.0115253 0.0795312 0.0016211 0.0358836 0.000360157 0.0176357 0.24614 0.0043129 3.49438e-05 0.00524861 
0.000212888 0.526294 0.0593282 0.0503401 0.0176941 0.000259918 0.0255748 2.12222e-05 0.0835098 0.046574 0.0787818 0.000911655 0.0568799 0.0132251 0.00349621 0.0353338 0.000619999 2.69055e-05 0.000915386 
0.0016101 0.369314 0.00231207 0.10163 0.111499 0.000367251 0.0108059 0.00015493 0.1396 0.0121635 0.0291849 0.00218775 0.055844 0.000117378 0.00856518 0.0875643 0.0631952 5.56289e-06 0.00387764 
0.0305462 0.286237 0.0350747 0.250008 0.0350548 0.00353566 0.000437845 2.40796e-12 0.104723 0.0482135 0.111688 0.00278688 0.0496366 3.02009e-07 0.0348165 0.00162305 0.000135004 3.64521e-05 0.00544672 
2.3816e-05 0.906623 0.00102995 0.00310484 0.0470765 2.20691e-08 0.00382486 2.3382e-10 0.0162401 0.00888787 0.0121763 0.000398735 0.000610837 1.98321e-10 5.24322e-07 2.86314e-11 2.33473e-07 4.92021e-08 1.94723e-06 
2.55667e-05 0.304298 4.32133e-05 0.0950254 0.0872602 0.000830092 0.189827 0.000202121 0.0763165 0.00483523 0.135429 0.000977549 0.0406343 0.000906747 0.00692311 0.0314311 0.0213499 2.03364e-05 0.00366399 
0.000222999 0.645351 0.000311845 0.110567 0.0548504 0.000130479 0.00283345 1.50513e-05 0.0356801 0.0427088 0.0578483 0.00231919 0.00697824 0.00419349 0.0190171 0.00826094 0.0012826 9.03396e-06 0.00742017 
1.12505e-07 0.675847 7.2518e-07 1.0129e-11 5.456e-07 5.65849e-11 0.00567993 1.38708e-10 0.292506 0.0200786 0.00326468 6.34913e-11 0.00251875 2.58946e-07 2.3341e-07 1.69849e-11 0.000101931 1.04937e-10 8.62558e-07 
6.33843e-05 0.527571 0.00365949 0.0549229 0.0097066 6.99162e-05 0.0156221 8.28072e-08 0.0859069 0.128561 0.0831091 0.002864 0.0018994 2.64912e-05 0.00369262 0.0681764 0.000351721 7.29573e-06 0.0137894 
5.55234e-06 0.319648 5.05794e-05 0.279921 0.0914486 0.000101451 0.00237197 4.62688e-07 0.0540913 0.000409226 0.0234807 2.6174e-05 0.00950613 0.000174997 0.0099135 0.183901 0.0247031 2.00616e-05 0.000226503 
2.21876e-11 0.889879 1.27959e-05 0.00162705 0.014526 5.01639e-05 0.00166917 4.92868e-06 0.0866316 0.00149121 0.00366506 1.6782e-08 8.8161e-05 1.13713e-10 9.90182e-05 0.000105489 1.32936e-07 6.66626e-08 0.000149707 
0.000150247 0.472573 0.000965673 0.13755 0.0554377 0.00757898 0.0140547 0.000267651 0.0909053 0.0284506 0.0812496 0.000596122 0.0594337 8.89032e-05 0.00414453 0.0270396 0.0180617 4.27628e-07 0.00145094 
0.00513874 0.399234 0.00141527 0.0482157 0.0365866 0.000107352 0.00326009 1.09166e-07 0.342757 0.0145496 0.0345224 0.000525098 0.0113647 0.000518812 0.0746032 0.0220028 0.00254148 7.52728e-06 0.00265009 
0.215466 0.237448 0.00206814 0.0654856 0.00810723 0.0162951 0.0122392 0.000450721 0.0574762 0.0632824 0.0438568 0.00747574 0.218193 8.70201e-06 0.000309722 0.0182692 0.0299264 8.17885e-07 0.00364098 
0.000464045 0.326672 0.000427532 0.0250986 0.0224853 0.000350321 0.0222932 4.40454e-05 0.0853374 0.29666 0.067037 0.00188649 0.00480027 4.9724e-05 0.0220205 0.00415896 0.01803 9.21561e-09 0.102185 
0.000453573 0.478234 5.59347e-08 0.123968 0.0589487 2.2441e-05 0.0124795 5.58957e-08 0.0329293 0.00980452 0.129305 0.000598797 0.00601893 5.59129e-08 0.128052 0.000386419 0.00511127 5.59791e-05 0.0136315 
0.00625921 0.245358 0.000198755 0.239114 0.146974 0.00157442 0.000651609 8.01876e-09 0.23955 0.00518267 0.0114248 0.00122004 0.0568437 0.000409706 0.0351602 0.0042436 0.00323547 2.21764e-06 0.00259711 
0.000222999 0.645351 0.000311845 0.110567 0.0548504 0.000130479 0.00283345 1.50513e-05 0.0356801 0.0427088 0.0578483 0.00231919 0.00697824 0.00419349 0.0190171 0.00826094 0.0012826 9.03396e-06 0.00742017 
0.0154739 0.450923 0.000157081 0.248888 0.0546866 0.000400593 0.011687 1.14279e-05 0.0318453 0.0490043 0.0444055 0.000878349 0.0333231 7.63822e-05 0.0227222 0.0121542 0.0211471 1.25936e-05 0.0022027 
3.314e-06 0.55069 2.21744e-05 0.0697916 0.0380598 1.54408e-05 0.0151931 1.76982e-06 0.191551 0.00017466 0.019946 5.08768e-05 0.105509 1.68176e-06 0.00123741 0.000159543 0.000757229 1.33893e-06 0.00683378 
1.33118e-05 0.379652 5.75945e-05 0.134596 0.0992955 0.000793062 0.000944771 7.88884e-10 0.137123 0.00293181 0.0602303 0.00093625 0.00800395 0.000157329 0.100319 0.0158991 0.0558782 5.40337e-06 0.00316329 
0.00185342 0.472193 0.0147931 0.0103399 0.011953 0.000212263 0.0837956 1.44625e-07 0.292506 0.051012 0.0178872 2.21662e-07 0.00374713 0.00027946 0.00644309 0.0321413 0.000625711 0.000164853 5.32339e-05 
5.22938e-05 0.623403 0.000114275 0.0446905 0.035128 0.000103261 0.0312657 2.82013e-07 0.127084 0.00970557 0.118963 3.13282e-05 0.00488007 3.24289e-06 0.000453227 0.00277775 0.000365893 9.66118e-09 0.000979276 
0.000691206 0.286699 5.62603e-08 0.175903 0.182924 0.00224059 0.000253732 2.81617e-06 0.094926 0.00436198 0.0261346 0.177558 0.038741 6.41339e-06 0.00334072 0.000854891 4.26911e-06 2.89819e-05 0.00532763 
0.028715 0.338577 5.94169e-07 0.064743 0.171468 0.00043872 0.00201372 1.68058e-09 0.101894 0.0658463 0.0226928 0.00117276 0.188766 7.35749e-07 0.00407263 0.00479082 0.00441569 1.85123e-07 0.00039187 
4.57036e-06 0.784367 2.27778e-05 0.0468948 0.0348025 7.23073e-05 0.0043227 1.27121e-09 0.0316763 0.0486412 0.019787 3.46184e-05 0.0023695 0.00014259 0.000269042 0.0202848 0.000292214 4.6538e-08 0.00601614 
0.00215018 0.177933 0.00595081 0.120917 0.0922947 0.000606211 0.00792543 0.000154922 0.173254 0.0125366 0.067053 0.00178306 0.0390858 0.00566387 0.0255476 0.114275 0.150741 2.39107e-05 0.00210335 
5.37103e-05 0.214813 0.000985821 0.0352114 0.134808 0.00110053 0.0579829 0.00218641 0.17621 0.143051 0.0396327 0.00156931 0.0216191 0.0116271 0.00257242 0.125638 0.0293085 7.68828e-05 0.00155287 
2.0274e-08 0.653283 3.08368e-08 0.185758 0.00273171 8.01424e-05 0.0106538 5.40754e-09 0.0438402 0.00161466 0.0653691 1.1918e-08 0.0142595 0.0010338 1.05472e-08 0.0194569 0.000899885 1.22901e-11 0.00101954 
0.000461247 0.241605 0.0034835 0.0694422 0.213453 0.000239507 0.00241283 4.46428e-10 0.0575887 0.0681493 0.0217345 0.000193922 0.0799481 1.7294e-07 0.0791951 0.15124 0.00441593 2.48225e-05 0.00641228 
0.00546226 0.259157 0.0391225 0.20846 0.0592579 0.00125444 0.00615252 4.53224e-06 0.0889314 0.203534 0.0767052 0.00589391 0.0171955 0.000710389 0.0170318 0.00285633 0.000293612 0.000130067 0.00784644 
1.19211e-11 0.627838 0.00272295 0.0035454 0.000185211 9.0639e-08 0.014907 7.20324e-11 0.197502 0.000755606 0.0280095 0.000377153 0.0285592 2.17143e-05 0.00611942 0.0126341 0.0763105 5.4495e-11 0.000512252 
0.0331105 0.259117 0.000516755 0.227284 0.0579707 0.00214396 0.0042116 3.47874e-11 0.228341 0.0236882 0.0485368 0.00180541 0.0685417 0.00390677 0.00615061 0.0174953 0.00821626 9.50401e-06 0.00895309 
5.87921e-05 0.434589 0.000217481 0.18579 0.0870303 3.79361e-05 0.0461306 1.72022e-10 0.0172842 0.00513868 0.0685376 0.000212277 0.0128291 1.45906e-10 0.000652093 0.120371 0.00510265 1.49311e-06 0.016017 
1.86307e-05 0.539904 0.000209478 0.0110442 0.0448257 0.00275459 0.0213057 2.92838e-08 0.299956 0.0121373 0.00731546 2.70312e-07 0.000669334 6.73007e-10 0.00035921 0.0381482 0.0206947 2.99586e-05 0.000626702 
9.74839e-08 0.409139 0.000597146 0.308756 0.0920339 4.44346e-06 0.0152668 2.33558e-10 0.0398874 0.0821881 0.0349384 3.48234e-07 0.00721749 1.98099e-10 9.51173e-05 0.00913167 0.00038123 0.000307641 5.53071e-05 
1.42789e-06 0.447249 3.44245e-08 0.177461 0.00971328 7.76419e-08 0.015294 0.00188523 0.0686578 0.00112595 0.107273 0.000137416 0.0477017 1.39818e-05 0.000166827 0.111025 0.0114848 4.87838e-06 0.000804325 
0.00592176 0.434674 0.000220291 0.0631585 0.0624101 0.000835068 0.00396423 3.38116e-08 0.247539 0.00573249 0.0589189 0.000827115 0.0355715 0.00426011 0.0312557 0.0314778 0.0101242 4.9941e-06 0.00310475 
0.000375747 0.311488 0.000559924 0.149248 0.154961 0.000555386 0.00278464 1.09954e-09 0.0639119 0.00857689 0.046884 0.020794 0.088101 0.0892342 0.0190396 0.0268405 0.0119213 6.55175e-07 0.00472321 
0.000126553 0.248742 0.00133413 0.0767147 0.105067 0.000943148 0.14748 7.02492e-06 0.054213 0.081026 0.115184 0.00120338 0.116766 6.38068e-06 0.00068473 0.0447385 0.00328236 2.58765e-05 0.00245506 
2.77865e-06 0.787565 1.50255e-05 0.0517175 0.0263381 0.000829315 0.00242877 5.99335e-08 0.038354 0.00204656 0.0114491 1.8535e-05 0.00689593 3.59088e-05 5.53649e-05 0.0601285 0.0115559 1.63734e-05 0.000546939 
0.000244165 0.346715 0.0218591 0.322146 0.0271056 3.89082e-05 0.00391102 8.24653e-11 0.00771403 0.0682355 0.0643527 0.00275913 0.027555 1.31838e-06 0.0385947 0.00161924 0.000205819 2.79055e-05 0.0669154 
0.000940874 0.396843 0.000246028 0.0762734 0.0331519 0.00135176 0.00600969 0.00298495 0.176562 0.00877278 0.0205515 0.000922791 0.0414943 0.000124761 0.00573688 0.145052 0.0800592 2.10506e-05 0.00290111 
2.90954e-05 0.712959 2.77357e-05 0.140952 0.08816 2.57166e-05 0.00369041 4.30503e-12 0.00904709 0.0194675 0.00840094 0.000375684 0.00606574 5.03492e-09 1.7971e-08 4.28957e-05 6.47292e-05 3.25691e-12 0.0106916 
9.30012e-06 0.637649 4.47105e-05 0.0944016 0.0905339 6.65789e-05 0.0166264 0.00338094 0.0585642 0.050144 0.0323541 0.000417496 0.00139224 0.000546042 0.00630768 0.00518961 0.00234422 1.48201e-05 1.33198e-05 
5.82739e-05 0.36395 0.0306623 0.0895014 0.0177044 0.00150491 0.110872 2.69602e-11 0.0384091 0.0460872 0.192838 0.00397144 0.00197015 2.28671e-11 0.0731968 0.0124891 0.000762066 4.37675e-05 0.0159793 
0.000166995 0.3181 8.99042e-08 0.0461011 0.0360047 0.00221168 0.0324896 5.09395e-11 0.187366 0.19992 0.115266 0.0114985 0.0259072 4.32059e-11 1.80539e-07 0.0224305 0.000947442 1.50335e-07 0.00159098 
0.000254253 0.408908 6.07007e-05 0.126105 0.0613214 5.82102e-05 0.00346374 4.01576e-07 0.122997 0.00186787 0.0512662 0.0034359 0.138508 5.1642e-06 0.0649685 0.0133624 0.00228373 2.21366e-06 0.00113233 
1.54486e-09 0.524486 6.0996e-09 5.32466e-06 0.134977 3.80803e-09 1.79463e-09 9.33469e-09 0.247716 0.0221354 1.43611e-05 4.27281e-09 0.0430386 7.91751e-09 9.81684e-10 1.14304e-09 0.0276261 7.06203e-09 2.23253e-09 
3.27088e-05 0.341312 0.00342366 0.0548425 0.00852299 0.000700935 0.0369347 2.5265e-07 0.166129 0.100431 0.116066 0.00143821 0.0676189 0.000342312 0.00424827 0.0894181 0.00558988 1.8816e-07 0.00294726 
1.81651e-07 0.487791 7.5946e-05 0.11617 0.000405356 0.000138861 0.0555254 3.60425e-10 0.0435137 0.00820882 0.188951 6.23751e-06 0.0581268 1.67472e-07 9.45046e-08 0.0257262 0.0145666 2.72674e-10 0.000793564 
1.35721e-05 0.802294 0.000605235 0.172408 0.00214784 0.000119047 0.000816963 1.6545e-08 0.000544163 0.00033788 0.0162336 0.000162992 0.00214916 3.30148e-05 0.000362962 0.000443042 2.07095e-05 4.09386e-05 0.00126736 
3.39235e-06 0.744182 8.48545e-06 0.00260703 0.00755786 0.000122902 0.00153027 1.40322e-07 0.161556 0.00322038 0.00527668 7.82502e-05 0.00290025 4.46917e-11 0.0426383 0.00268788 0.0255984 8.99039e-07 3.04571e-05 
7.25741e-06 0.65274 0.000257373 0.0741435 0.0549138 1.49891e-05 0.0127535 1.12606e-11 0.0910413 0.012319 0.0474641 9.73258e-05 0.00290195 4.09023e-06 0.021458 0.0116628 0.0158752 8.51907e-12 0.00234634 
0.000103036 0.429544 0.0499739 0.299872 0.019514 0.00743053 0.00943831 8.90518e-12 0.047586 0.00802499 0.0807568 0.00485898 0.0131937 2.44671e-09 0.00645917 0.00524814 0.0162626 1.38741e-05 0.0017202 
1.47851e-06 0.524454 0.00127675 0.303892 0.0586271 0.000412953 0.00066591 2.84984e-07 0.0165184 0.00201959 0.0293818 0.000113243 0.00748149 1.34133e-06 0.010444 0.0143651 0.00888027 1.07731e-06 0.0214634 
2.85155e-08 0.576618 1.24624e-06 0.20026 0.0141601 3.1203e-05 0.00725452 9.98921e-11 0.00596366 0.000100403 0.0935434 2.89582e-08 0.0126976 1.30893e-07 0.0456736 0.0382216 0.00520984 1.22837e-08 0.000263966 
0.000260279 0.295571 1.66137e-05 0.173977 8.40269e-05 0.000928676 0.0760081 1.89346e-06 0.0134916 0.0132003 0.0132904 1.87041e-05 0.188906 9.29869e-06 4.77695e-08 0.224094 1.29265e-07 2.50406e-10 0.000142723 
2.37015e-07 0.764548 2.89372e-10 0.00867476 0.0494979 1.51382e-06 2.03787e-05 4.42848e-10 0.165381 5.07058e-05 7.84326e-05 0.00150818 0.0101769 3.75616e-10 1.07733e-05 6.05564e-06 4.42918e-05 3.35031e-10 3.55066e-07 
0.0005495 0.325691 0.0032103 0.205257 0.0743622 7.62717e-05 0.0358259 6.26576e-05 0.0369376 0.0265723 0.0760829 0.000228045 0.159804 0.000346554 0.00752132 0.0395734 0.00690481 1.35651e-10 0.000994288 
7.80811e-06 0.247662 0.00533917 0.0175638 0.0873903 0.0648153 0.0467432 2.04457e-05 0.0439574 0.244496 0.0778731 7.4181e-07 0.00419687 0.110168 0.000208549 0.0400062 0.00932826 5.32095e-07 0.000222186 
5.274e-05 0.463453 0.000735486 0.335428 0.0418306 0.00112279 0.0227726 6.2186e-08 0.0490267 0.0259418 0.0452241 0.000233813 0.00733021 0.000322477 0.00213342 0.00345159 0.000260946 5.35614e-06 0.00067449 
1.89899e-09 0.705303 0.00351696 0.0130743 0.000142492 5.58598e-06 0.0290196 2.64027e-08 0.114098 0.000197072 0.0233074 0.000786124 0.015345 1.09759e-05 0.0149884 0.0232748 0.0568484 2.47733e-09 8.19777e-05 
7.63402e-07 0.624817 1.0242e-05 0.0115994 0.00790201 1.03562e-05 0.00163203 1.49289e-06 0.309291 0.00238162 0.00427098 5.35455e-06 0.0100952 1.30293e-07 0.00868607 0.0142803 0.0050157 4.47889e-07 5.4759e-08 
0.00647422 0.586825 0.000272585 0.0940503 0.0100992 0.00578793 0.0385166 0.000516776 0.0645704 0.0294057 0.0220418 0.0204075 0.00606061 2.15154e-05 0.000345604 0.050211 0.0639615 2.22156e-05 0.000409968 
1.89389e-05 0.622742 7.41483e-11 0.0144607 0.00697644 0.00229937 0.0156741 5.86083e-08 0.251373 0.0012156 0.019395 5.08818e-05 0.00288963 0.0194342 2.70744e-05 0.0185954 0.0241726 2.97044e-07 0.000674676 
0.00923672 0.576184 0.000750652 0.0497466 0.0597532 0.000884186 0.00921385 6.16296e-12 0.0597769 0.0118669 0.0921346 0.0012978 0.00634703 6.35222e-05 0.0900167 0.00398006 0.0124079 9.06678e-06 0.0163303 
1.0416e-05 0.450272 1.41273e-06 0.0224657 0.0175173 0.00252489 0.0171285 7.50792e-11 0.150975 0.00446471 0.0162387 7.80403e-05 0.00745843 6.10296e-06 0.0170598 0.0181868 0.275078 1.83283e-06 0.000532029 
2.58743e-06 0.319746 3.25766e-06 0.0175755 0.075595 7.36776e-05 0.0780421 1.01731e-07 0.308058 0.0153415 0.052268 0.000215592 0.00307293 0.00233646 0.00369891 0.0114119 0.110403 6.73998e-08 0.00215567 
4.4435e-05 0.430343 0.000811477 0.0695511 0.0649634 0.0017111 0.00901048 7.63559e-09 0.33349 0.00281419 0.0485666 0.00279092 0.0120917 1.04521e-05 0.00269531 0.0093883 0.00382734 4.50362e-06 0.00788498 
0.00114928 0.653583 0.00818875 5.02819e-05 0.0695989 3.35554e-07 0.124269 4.6794e-10 0.0744458 0.00313465 0.0199625 0.00235777 0.0308002 3.96898e-10 0.000152836 4.68935e-07 0.0121032 7.10285e-08 0.000203029 
0.0137788 0.272688 0.00419156 0.158248 0.115971 0.0215883 0.00222578 1.99941e-06 0.156012 0.0165549 0.0712108 0.0189785 0.0586041 0.0066814 0.0510114 0.0167848 0.00666127 2.52051e-05 0.00878159 
7.92127e-06 0.302902 0.000946787 0.0577652 0.200254 8.02258e-05 0.00997937 3.21487e-08 0.0549424 0.0164095 0.228249 0.00281129 0.0283844 0.0175067 0.00746352 0.0651199 0.00710353 4.05985e-06 6.97887e-05 
0.000189494 0.648671 5.77669e-05 0.144149 0.0787729 0.000397011 0.0241696 2.68418e-08 0.0158394 0.0135207 0.0406397 0.00102692 0.0230686 0.000221381 0.000121459 0.00427691 0.00369738 1.48795e-05 0.00116657 
0.00999753 0.366046 9.19882e-06 0.032735 0.0321942 0.00103559 0.00525312 0.000714506 0.271866 0.0329174 0.0282815 0.000795261 0.0569573 0.000217774 0.00663571 0.0182999 0.134623 1.03985e-05 0.00141136 
