1.70272e-07 0.43231 1.70104e-07 0.238271 0.101156 0.000595832 0.01025 1.69986e-07 0.0317288 0.00682853 0.0725186 0.00115734 0.0225951 1.70038e-07 0.00699919 0.0660544 0.00347327 1.70069e-07 0.00606094 
0.00017905 0.388832 0.000123974 0.0581422 0.0636092 0.000884926 0.00733528 4.21642e-07 0.366898 0.0142752 0.0578023 9.60489e-05 0.0306281 0.000294559 0.00263774 0.00485159 0.00120915 1.54696e-11 0.00220055 
4.92626e-06 0.741449 2.34206e-07 0.0456981 0.0368784 0.00201352 0.00168084 2.50519e-08 0.012551 0.00048363 0.00686636 2.14913e-05 0.00711942 7.74683e-11 7.19535e-05 0.142103 0.00180397 0.000280064 0.000974339 
0.000684493 0.523262 2.35065e-06 1.21751e-05 1.204e-05 0.0013351 5.91222e-06 1.67312e-10 0.147172 0.297799 5.92192e-06 1.91469e-06 0.0296513 1.41911e-10 1.94255e-06 2.04875e-11 8.77717e-07 1.26578e-10 5.25841e-05 
3.09433e-05 0.537048 2.78143e-07 0.0670202 0.00565982 6.08309e-05 0.17784 5.14859e-10 0.106859 0.00788963 0.0332687 0.00018089 0.0373017 4.60774e-07 0.00019909 0.0242096 7.49753e-05 3.89509e-10 0.002355 
0.000887161 0.324951 0.0011137 0.239846 0.0326842 0.0703569 0.00202493 3.21022e-11 0.0324514 0.0820332 0.0345346 0.00179956 0.121572 9.94372e-05 0.0213971 0.0251629 0.00250675 2.42865e-11 0.00657879 
1.66835e-05 0.556877 1.97452e-07 0.149425 0.000628357 9.18781e-05 0.00308461 7.65963e-05 0.0507128 1.10751e-06 0.00217276 0.00169472 0.0893163 3.56376e-09 1.61478e-06 0.137795 0.00804114 1.98013e-05 4.40884e-05 
0.0129568 0.571524 0.00119985 0.0696734 0.051934 0.000531129 0.00370205 5.48713e-08 0.128572 0.00638157 0.0620347 0.00538847 0.0165232 0.000923125 0.0471026 0.0170124 0.00372124 4.36136e-06 0.000816035 
4.49282e-05 0.596644 2.9197e-08 0.247653 0.106468 0.00128364 0.00920451 1.07803e-11 0.00300487 0.0171895 0.0121663 0.000183623 9.06525e-05 1.93301e-06 8.09939e-05 0.000409853 0.000681217 4.90683e-06 0.00488751 
3.92099e-05 0.590591 4.27016e-05 0.0263314 0.236252 2.247e-09 0.00120779 8.81535e-12 0.0983289 0.00637263 0.0218143 2.66224e-05 0.00399961 1.01613e-05 0.000100358 0.00230292 0.012486 6.66913e-12 9.4757e-05 
0.00131086 0.49744 0.00135101 0.259611 0.0256296 0.000226381 0.00507225 2.62465e-07 0.0294882 0.0271579 0.0313953 0.000752001 0.0501805 0.000104827 0.0132332 0.0465592 0.00598166 1.97115e-05 0.00448627 
3.95641e-05 0.704526 7.37073e-08 0.124239 0.0759463 2.03139e-06 0.000902259 3.17737e-11 0.0251248 0.0164641 0.040216 0.000318993 0.00570497 2.69499e-11 0.00015504 0.00546246 0.000443531 3.28368e-08 0.0004541 
0.000121088 0.376482 4.87438e-06 0.0987484 0.27014 0.00101158 0.00088585 6.98922e-06 0.116584 0.0910863 0.00500387 0.0301062 0.00561952 0.000222658 0.00182028 0.00114517 0.000715143 9.21307e-05 0.000204353 
0.00142158 0.292646 0.00157561 0.181486 0.135944 0.00110327 0.00384967 3.46374e-08 0.138888 0.00564338 0.0799912 0.00117567 0.067783 0.000182469 0.00806944 0.0594765 0.00908891 7.29629e-06 0.011668 
0.000453573 0.478234 5.59347e-08 0.123968 0.0589487 2.2441e-05 0.0124795 5.58957e-08 0.0329293 0.00980452 0.129305 0.000598797 0.00601893 5.59129e-08 0.128052 0.000386419 0.00511127 5.59791e-05 0.0136315 
1.31364e-05 0.666875 4.83815e-08 0.0310237 0.0194864 5.70657e-07 0.0483582 1.41649e-10 0.213135 0.0133039 0.00542156 0.000399936 0.00155206 8.02925e-09 2.64922e-08 0.000161455 0.000268272 2.27528e-07 8.95453e-09 
7.62765e-07 0.626837 0.000158063 0.232359 0.00931414 1.66863e-05 0.00595449 2.1179e-11 0.0158344 0.00417374 0.0444173 0.0116894 0.0026409 4.19803e-06 0.0382175 0.000586398 0.000124525 4.25474e-08 0.00767222 
0.0174442 0.200851 0.000146948 0.0329681 0.0294735 0.033537 0.0792207 1.39037e-05 0.158108 0.0872511 0.160863 0.00326922 0.101592 5.81456e-07 0.0151349 0.0726037 0.00447309 1.97752e-06 0.00304748 
0.0820075 0.329676 1.29663e-09 0.14857 0.245855 0.000151168 0.00600268 1.01322e-07 0.0989834 0.0177789 0.0156578 1.54683e-05 0.0124346 7.5029e-07 0.000235028 0.0184242 0.0105497 0.000115857 0.0135428 
0.000215218 0.491953 0.000110536 0.0305126 0.0955538 0.000726771 0.00192086 1.22049e-07 0.120026 0.00767365 0.0757912 0.00115506 0.0126694 0.0217618 0.0974352 0.00138857 0.00157674 6.62493e-05 0.0394635 
1.66029e-05 0.77574 4.6629e-06 0.0360704 0.0833383 2.16281e-06 0.00184328 1.63408e-10 0.0415899 0.00188898 0.0243165 6.73293e-05 0.00158098 4.82339e-09 0.00647205 0.00337909 0.0235508 2.0331e-12 0.000138748 
3.9947e-05 0.241757 0.0206574 0.018577 0.0698726 0.0245785 0.0761445 4.93407e-06 0.11657 0.166474 0.188949 0.00264458 0.00294903 0.000388491 0.0542847 0.0138704 0.00152581 3.46368e-07 0.000711628 
4.833e-05 0.537028 0.000100569 0.0592535 0.165405 1.11214e-05 0.00102189 5.24213e-12 0.155812 0.00365425 0.0355263 0.000142153 0.0039046 9.17593e-09 0.0271715 0.000320435 0.000755954 6.70527e-06 0.00983787 
1.12427e-06 0.472156 4.45751e-08 0.381111 0.000784338 0.000295682 0.0016801 6.12907e-11 0.0605096 0.000127514 0.0072892 3.05275e-05 0.033098 1.176e-08 0.00401227 0.03 0.00871853 7.64961e-05 0.000108974 
0.000433318 0.314735 0.000279787 0.100723 0.106081 0.000598729 0.0073242 0.00167861 0.0507787 0.00987543 0.251866 0.00149653 0.0157805 0.000128326 0.0517554 0.064975 0.0198437 1.01476e-06 0.00164597 
2.17013e-06 0.790018 5.06396e-08 0.0931337 0.000926902 9.30546e-06 0.0113691 2.98515e-11 0.00950476 0.00240553 0.0762065 3.22322e-06 0.000199619 3.06689e-08 0.000173792 0.000279459 0.000213678 2.25837e-11 0.0155544 
1.31674e-05 0.707188 0.00800342 0.00409001 0.0128629 0.000182179 0.00141185 7.26173e-10 0.0989489 0.0496089 0.00198295 0.00206653 0.0112916 1.20623e-06 0.000372879 5.8058e-06 0.101965 5.49376e-10 4.47811e-06 
9.57012e-05 0.342449 0.0104136 0.0622631 0.0315902 0.00433721 0.00352001 1.7307e-08 0.271036 0.0897829 0.0283484 0.000554357 0.0454541 0.00085652 0.080834 0.0246708 0.00301652 2.60338e-05 0.000750645 
3.89575e-05 0.493171 1.84143e-07 0.0593748 0.0341073 9.22548e-05 0.0112985 1.34482e-06 0.0564051 0.0184147 0.119209 0.000519024 0.0315894 0.000300435 0.00319586 0.121436 0.00319911 0.000126358 0.0475213 
3.76121e-06 0.512661 1.03556e-05 0.0134518 0.0344965 0.000175346 0.00853194 2.65705e-11 0.347791 0.0127434 0.048904 0.000286116 0.0101155 0.000353108 0.000260205 0.00547941 0.000168164 2.36087e-08 0.00456845 
0.000116105 0.412231 3.5801e-05 0.093213 0.152458 0.00444028 0.00343054 9.66728e-07 0.0643742 0.00643146 0.105536 0.0215664 0.0209551 2.9928e-05 0.0949448 0.00456745 0.00174125 6.05746e-07 0.0139272 
0.00934498 0.315687 0.0175151 0.0768059 0.0304952 0.00166503 0.0666527 1.40924e-07 0.30873 0.0740017 0.0360469 0.00304743 0.0150337 0.00150849 0.00597195 0.0246066 0.00873689 1.40993e-07 0.00414966 
1.89314e-05 0.498324 0.000134106 0.223541 0.00697091 0.000545715 0.0689142 9.43819e-06 0.0142424 0.0280594 0.0972237 1.80626e-05 0.0241555 0.00721132 0.00176928 0.0202866 0.000783006 1.68786e-07 0.00779282 
0.0119184 0.358224 0.000781424 0.202376 0.0909142 0.00227358 0.0337344 0.00103341 0.0956189 0.00880293 0.0456832 0.00269882 0.0814267 0.000116908 0.0193867 0.0383375 0.00170819 3.71397e-06 0.00496095 
7.92494e-11 0.501883 3.12902e-10 3.49682e-11 0.0249219 1.95348e-10 0.0555005 4.78859e-10 0.364004 0.00458495 0.00269018 2.1919e-10 0.0184766 4.06159e-10 0.00142823 1.63016e-06 0.0265042 3.62274e-10 4.36357e-06 
0.00906927 0.379078 0.00057979 0.0229943 0.0337795 0.00661436 0.0111895 3.71804e-10 0.305838 0.137652 0.0370061 0.00292223 0.0168981 0.000127749 0.0229765 0.00685154 0.00565768 1.25962e-06 0.000763753 
7.92764e-05 0.367423 0.000795921 0.166142 0.0669068 5.25472e-05 0.00392742 4.28824e-05 0.279661 0.01296 0.0221605 0.000941086 0.0230225 5.1188e-05 0.0101135 0.00934877 0.035673 8.05533e-06 0.000690635 
0.000493598 0.442534 0.00541728 0.133338 0.0893938 0.00206317 0.0235065 0.000182852 0.0681971 0.0280451 0.102353 0.00176443 0.0456812 0.000218267 0.0145637 0.0205958 0.00403684 3.50102e-06 0.0176111 
0.00114928 0.653583 0.00818875 5.02819e-05 0.0695989 3.35554e-07 0.124269 4.6794e-10 0.0744458 0.00313465 0.0199625 0.00235777 0.0308002 3.96898e-10 0.000152836 4.68935e-07 0.0121032 7.10285e-08 0.000203029 
0.00194134 0.308147 0.000385828 0.0931537 0.0414279 0.000688829 0.00433665 0.000973942 0.111537 0.00525783 0.0647489 0.00357888 0.063014 0.000417934 0.00871616 0.273692 0.0147051 0.00199279 0.00128353 
0.000197187 0.713463 0.00467198 0.0307773 0.0499411 0.00021363 0.00411432 1.3103e-06 0.0869835 0.0342739 0.0471064 0.000445525 0.000924073 5.63212e-06 0.00475244 0.00374593 0.0104777 4.71986e-05 0.00785842 
0.0014486 0.459728 0.0019275 0.153286 0.138172 0.000507887 0.0119642 5.49385e-06 0.0909948 0.0102323 0.0405506 0.00122781 0.0146562 0.00052271 0.0201459 0.0294162 0.017668 7.66382e-05 0.00746933 
8.12743e-05 0.329094 0.000440382 0.315516 0.152007 7.90819e-05 0.00152144 0.00127039 0.0192468 0.00869169 0.0153108 0.000333637 0.0557129 0.000838205 0.00646832 0.074109 0.00425363 0.0114971 0.00352855 
1.66926e-05 0.455627 5.62394e-06 0.0245875 0.0221869 0.000288599 0.0222212 2.63863e-05 0.326254 0.028052 0.0607564 0.00204525 0.00585952 0.000397795 0.00170262 0.0295899 0.0138389 4.0497e-06 0.00653918 
0.0329969 0.284873 0.00167306 0.176165 0.117319 0.00573243 0.0225214 3.0583e-06 0.045161 0.0315589 0.076802 0.00794998 0.11795 0.00026324 0.0317221 0.0291311 0.0111796 4.81661e-06 0.00699367 
1.8352e-05 0.266015 0.00535674 0.221821 0.00412022 0.00614288 0.00225627 6.11574e-08 0.204876 0.00983137 0.18351 1.3501e-05 0.0652295 1.45576e-07 0.00319235 0.0267861 9.23232e-05 4.82628e-05 0.000689743 
0.000554788 0.435095 0.00184732 0.0418928 0.0561442 0.000184886 0.0684599 6.8369e-08 0.0689854 0.0166154 0.254984 0.00164272 0.00501992 6.83899e-08 0.0171163 6.849e-08 0.00351285 6.84026e-08 0.0279442 
0.000202941 0.331536 0.0145785 0.277536 0.178166 0.000223568 0.00848161 7.56774e-08 0.026428 0.00924712 0.0693794 0.00174949 0.0245305 0.000933919 0.0215015 0.0218258 0.00956614 1.73892e-06 0.00411217 
5.72518e-05 0.656935 0.000134111 0.0809212 0.000519223 0.000980792 0.0139972 3.01166e-09 0.0497353 0.0458758 0.0233968 2.00565e-05 0.0980736 2.55443e-09 0.00199568 0.0166794 0.0103867 6.79568e-08 0.000292129 
0.104657 0.264172 0.0340536 0.161677 0.166374 0.000146545 0.00246297 6.94253e-09 0.096601 0.0015545 0.053537 0.00192913 0.0423935 0.000223422 0.0300066 0.0211852 0.00298606 0.000115906 0.0159242 
8.80105e-06 0.688597 1.8847e-05 0.0586268 0.0498658 5.48712e-05 0.00144705 1.81928e-07 0.0301576 0.0208369 0.036243 0.000123425 0.0400299 1.43006e-06 0.0621461 0.000450631 0.00382587 2.88062e-08 0.00756524 
9.12136e-07 0.408306 1.46456e-06 0.0931365 0.156026 3.58405e-05 0.000725158 3.45576e-10 0.0155449 0.00403344 0.113187 0.000299977 0.00417139 7.03773e-05 0.0201699 0.13237 0.014685 2.20788e-06 0.0372339 
5.64712e-05 0.595184 1.3551e-05 0.0843936 0.0462524 0.000137304 0.019995 9.05799e-12 0.0427368 0.0426403 0.127886 0.00011299 0.0109883 2.52493e-06 0.000319935 0.0235211 0.00492824 1.54364e-06 0.000830445 
5.2712e-05 0.432884 0.0125141 0.173626 0.0140724 0.000225475 0.0173917 4.13505e-07 0.0388452 0.0751367 0.18399 3.41752e-05 0.00294872 0.00014424 0.0350227 0.00293158 0.00064265 6.29169e-07 0.00953662 
0.000105724 0.471548 2.59889e-06 0.0807156 0.00371027 3.22258e-05 0.0108357 5.72233e-09 0.115649 0.020219 0.0208123 2.40061e-05 0.12931 1.95852e-06 0.000381704 0.0677713 0.0786902 3.18395e-10 0.00019051 
2.15435e-06 0.611923 6.68387e-05 0.0371948 0.0171432 1.77927e-05 0.0366444 5.90553e-12 0.0769584 0.0118832 0.0943597 7.68558e-05 0.00397346 1.93199e-08 0.0135902 0.0128095 0.00160609 8.06457e-07 0.0817494 
0.000120774 0.261954 0.00703311 0.184558 0.0816161 0.0304354 0.0318424 2.54952e-11 0.0649277 0.228445 0.0675238 3.79173e-05 0.0237148 1.36978e-06 0.0133983 0.000533659 0.00159308 3.17873e-06 0.00226092 
0.000111756 0.758101 5.30179e-07 0.0325056 0.0162035 4.33533e-06 0.0153057 1.07322e-10 0.149748 0.00741627 0.0146518 3.97688e-08 0.0026847 9.10286e-11 1.95033e-06 0.000253992 0.00145956 6.21651e-09 0.00155041 
0.00320374 0.313873 0.00225572 0.295648 0.144662 0.00133245 0.0358882 0.000686899 0.050043 0.00914162 0.0597344 0.00746945 0.00799329 0.000731872 0.0283141 0.0231593 0.00815999 1.27196e-05 0.00768985 
0.000216419 0.225824 0.00361667 0.150978 0.122002 0.000115285 0.00749638 1.45999e-11 0.191935 0.159944 0.0978293 0.009496 0.00368701 0.00203731 0.00804366 0.0110146 0.00422358 7.79473e-06 0.00153308 
3.06646e-06 0.670951 2.4688e-06 0.0204791 0.0270321 0.00322685 0.0115851 1.80805e-12 0.0953211 0.0434401 0.0409522 0.000248426 0.00335276 1.53355e-12 0.0651512 0.000183259 0.00159256 3.17907e-09 0.0164783 
1.5447e-05 0.485823 2.17094e-08 0.355232 0.0758126 2.06386e-05 0.011173 1.1781e-12 0.00553447 0.047437 0.0121616 0.000140444 4.15024e-09 9.99242e-13 0.00121426 0.000575513 1.03182e-08 1.79155e-08 0.00485992 
0.00039589 0.361776 0.00170967 0.120476 0.0987259 0.00153006 0.0196082 0.00051995 0.0428868 0.0145957 0.142038 0.004335 0.0509471 0.0021151 0.0105347 0.0876635 0.03213 1.41582e-05 0.0079987 
0.000554788 0.435095 0.00184732 0.0418928 0.0561442 0.000184886 0.0684599 6.8369e-08 0.0689854 0.0166154 0.254984 0.00164272 0.00501992 6.83899e-08 0.0171163 6.849e-08 0.00351285 6.84026e-08 0.0279442 
0.00394087 0.221795 9.14375e-05 0.195179 0.111029 0.00397227 0.00367311 2.54921e-06 0.198059 0.0207582 0.0420538 0.0238041 0.105768 0.00120007 0.00381177 0.0115599 0.00305324 4.42299e-06 0.0502429 
1.11098e-05 0.617753 4.773e-08 0.071819 0.00247876 0.00060678 0.00221239 3.49128e-11 0.0724816 0.000355062 0.0210684 0.000154085 0.0675887 0.000229223 0.000183719 0.132602 0.010156 9.36296e-06 0.000291408 
0.00382768 0.360027 0.00290417 0.075619 0.181823 0.00315242 0.00591017 2.67071e-05 0.254186 0.0252337 0.0256749 0.00124981 0.0156542 0.000610537 0.012284 0.0118375 0.0134776 8.75401e-05 0.00641447 
0.00333956 0.289089 0.00119542 0.159504 0.122359 0.00259747 0.0103228 4.07707e-06 0.0912797 0.0992861 0.0748574 0.00269771 0.0724195 0.00169435 0.0262357 0.0108739 0.0207872 0.00173383 0.00972308 
0.000171588 0.388769 0.000234581 0.313086 0.013904 0.000290567 0.0155473 3.18046e-10 0.0304766 0.00984784 0.126188 0.00260339 0.00127106 5.48134e-05 0.0895753 0.000476927 0.000916036 4.77274e-08 0.00658708 
0.00309945 0.38552 0.00224519 0.062884 0.150493 0.00104486 0.0178686 0.000117247 0.0783791 0.0708926 0.126015 0.00165275 0.0159896 0.00149994 0.0200763 0.0414965 0.0166573 0.000107405 0.00396038 
0.000121156 0.569673 0.0104768 0.0193681 0.162773 0.00119543 0.00162834 5.37294e-11 0.0974773 0.0228137 0.088171 0.000145307 0.0110493 1.38662e-06 0.0012166 0.000659176 0.000140729 0.000352191 0.0127375 
1.1378e-06 0.487442 1.13668e-06 0.32934 1.13795e-06 0.00386776 0.00352811 1.13588e-06 0.0409708 1.13787e-06 0.0116094 0.0014794 0.0738438 1.13623e-06 1.13793e-06 0.0479066 1.13765e-06 1.13644e-06 1.13763e-06 
0.000210605 0.331516 0.00139606 0.249306 0.0887056 0.00027919 0.0137927 7.5126e-07 0.101805 0.0145367 0.0448035 0.00604508 0.00946346 3.72743e-05 0.0192954 0.00475694 0.0704774 1.45431e-07 0.0435715 
3.51969e-05 0.306268 0.000493886 0.240839 0.14943 0.000210559 0.0164944 0.000328477 0.0620807 0.012003 0.0523902 0.000370506 0.0307759 0.00133522 0.00573079 0.0853706 0.0307756 1.34054e-05 0.00505469 
0.00445915 0.376775 0.00153188 0.0824156 0.0596517 0.00861082 0.00864517 6.54673e-07 0.269446 0.0130697 0.0321288 0.000994457 0.0686604 6.44199e-05 0.0285316 0.0228417 0.0147405 1.10476e-05 0.00742116 
0.00011457 0.509605 5.1936e-05 0.0280572 0.0109845 3.93942e-05 0.0368441 6.18158e-08 0.205129 0.0129992 0.0472918 0.0200775 0.0345298 3.17819e-06 6.1251e-07 0.087529 0.00635946 5.67728e-09 0.00038292 
6.41543e-05 0.655188 0.000194084 0.0871933 0.0986212 0.00176312 0.0128975 5.96848e-07 0.0229578 0.0953102 0.011945 0.000167088 0.0061151 9.85999e-07 0.000117038 0.00107543 0.00441078 2.02129e-06 0.00197642 
0.000377189 0.216614 0.050348 0.195318 0.041387 0.000311942 0.00742904 2.25164e-08 0.053951 0.179944 0.125135 0.00484224 0.106497 7.74085e-05 0.00376333 0.00619345 0.00148147 8.78998e-05 0.00624157 
5.56492e-06 0.369543 1.1542e-06 0.0978409 0.00933022 0.00062489 0.0294973 9.64042e-05 0.275001 0.0177227 0.0110441 0.00238317 0.0443501 8.09046e-06 5.45479e-05 0.137269 0.00449993 0.000452904 0.000275272 
0.0130321 0.225147 0.000577809 0.178134 0.0370625 0.00157301 0.00831884 1.92824e-06 0.197844 0.0110671 0.0879063 0.00159256 0.182145 0.000139276 0.0127697 0.0243306 0.00678685 1.39052e-05 0.0115569 
0.000222999 0.645351 0.000311845 0.110567 0.0548504 0.000130479 0.00283345 1.50513e-05 0.0356801 0.0427088 0.0578483 0.00231919 0.00697824 0.00419349 0.0190171 0.00826094 0.0012826 9.03396e-06 0.00742017 
8.7922e-05 0.368706 0.00394575 0.344485 0.0668077 8.31506e-05 0.00884815 3.21427e-09 0.123325 0.00818436 0.0153004 0.00165568 0.0239706 3.22771e-05 0.010889 0.0117463 0.00154117 2.08343e-06 0.010389 
2.18699e-05 0.548127 0.00519964 0.156616 0.137809 0.00102605 0.0389427 2.75348e-07 0.0317436 0.0109874 0.0177782 4.0454e-05 0.00729885 1.46896e-06 0.00574718 0.00641059 0.00195423 0.00389711 0.0263987 
0.000313296 0.204199 0.0216712 0.0744756 0.0556988 0.00352065 0.169351 1.34576e-06 0.13435 0.104045 0.173725 0.00292077 0.0231507 0.00125574 0.0191103 0.00204664 0.000624532 0.000113611 0.00942729 
0.000180067 0.466487 0.000629215 0.0619644 0.0501716 0.00233492 0.0147238 1.29699e-05 0.208776 0.0512459 0.0467395 0.00171056 0.0284908 0.00081582 0.0215351 0.0244533 0.0137229 0.000138768 0.00586756 
0.00054754 0.450564 0.000127314 0.0935052 0.140191 0.00307332 0.00551044 0.00163595 0.18741 0.0492178 0.0239259 0.000146164 0.0102919 5.77957e-06 0.00182709 0.00373201 0.0183798 5.50946e-11 0.0099087 
0.00100894 0.230115 0.000228657 0.0577941 0.129017 0.0321975 0.00525859 3.406e-05 0.111253 0.00514647 0.0648362 0.000176554 0.0621269 4.29975e-05 0.0174388 0.11528 0.164718 8.3626e-06 0.00331953 
3.20755e-06 0.638686 5.51399e-07 0.00236406 0.0190037 1.12437e-05 0.0214055 0.000168998 0.220364 0.00725551 0.0182701 2.32958e-07 0.00157142 2.88158e-08 7.5575e-06 0.0619158 0.00897236 9.48037e-08 8.1253e-09 
1.28385e-11 0.861156 5.06905e-11 0.0124305 0.0014595 1.30603e-08 0.0445919 8.65445e-09 0.00944825 0.000191686 0.0115035 2.25944e-05 0.00141504 6.57982e-11 9.20695e-06 0.0488303 0.00691742 5.86887e-11 0.00202388 
0.0274107 0.484434 0.00254732 0.119258 0.0763694 0.000718334 0.00685006 3.02322e-06 0.0927026 0.030039 0.0710051 0.00264801 0.0305371 0.00214769 0.0263421 0.011197 0.007942 1.7446e-05 0.00783151 
1.84683e-05 0.362591 3.81962e-08 0.135835 0.0125107 0.000132616 0.0979305 9.68518e-10 0.0360708 4.98759e-05 0.246525 1.83327e-05 0.015598 1.00711e-08 0.0669981 0.00974542 0.0125534 1.91505e-06 0.00342047 
0.00902886 0.466632 0.000106305 0.0886578 0.0583447 0.000926434 0.00954929 5.76603e-06 0.0657475 0.0104248 0.0500891 0.00139961 0.067961 0.00014532 0.0245996 0.119555 0.0240263 0.000130897 0.00267067 
0.00132081 0.310643 0.00173358 0.024188 0.130543 0.000463212 0.00291675 9.56391e-08 0.264331 0.0612762 0.0269722 0.00845348 0.106871 0.00550313 0.00447245 0.0172022 0.0323851 2.17122e-07 0.000724201 
4.02617e-09 0.32956 2.84829e-07 0.313852 0.0661161 2.29225e-07 0.0032139 4.07618e-10 0.0295977 0.00540895 0.176224 0.000448999 0.0166747 3.45734e-10 5.33588e-05 0.00710226 0.0510094 3.20081e-06 0.000735458 
7.22146e-05 0.401495 0.0115914 0.0483794 0.0684344 8.07901e-05 0.0130142 5.96341e-06 0.18378 0.100537 0.0348554 0.00024069 0.0460029 0.00166416 0.00493023 0.0199238 0.0509272 1.47287e-05 0.0140506 
2.06557e-05 0.552958 0.000152842 0.0153207 0.0351764 0.000569702 0.00130791 9.42719e-06 0.0436047 0.0975387 0.00972314 0.000967275 0.00134739 0.12799 0.000602768 0.0692915 0.0385991 6.10715e-05 0.00475875 
1.14725e-05 0.273158 0.00125745 0.0608291 0.101275 0.00398016 0.0183661 6.21647e-06 0.0891181 0.140258 0.126088 0.00026405 0.0138856 0.0114582 0.00858531 0.12099 0.0229616 4.06508e-05 0.00746722 
3.62335e-06 0.824709 2.50578e-05 0.00756007 0.0508561 4.20841e-06 0.00988397 3.53645e-09 0.0441005 0.000873372 0.0417992 1.25374e-05 0.00081837 9.34924e-13 0.00867796 0.00313634 0.000116839 3.21788e-10 0.00742258 
0.0147541 0.381139 0.00797471 0.0909438 0.0911056 0.0114886 0.00784396 2.96556e-08 0.215933 0.0134612 0.0603687 0.000923846 0.0459487 0.00207459 0.0233173 0.0271447 0.00200604 2.37392e-05 0.00354772 
0.00918239 0.286873 0.0997942 0.0930684 0.0144005 0.000109135 0.0124001 9.03722e-06 0.265411 0.0280098 0.0597779 0.0567104 0.0223419 0.00216633 0.029206 0.0165932 0.00124801 2.03872e-06 0.00269715 
0.000252978 0.41434 0.00164577 0.0691857 0.204162 0.000487054 0.000931396 1.73032e-07 0.1517 0.0484785 0.015937 0.00411065 0.0102202 0.000245083 0.00592236 0.00894968 0.0629564 3.31735e-06 0.00047197 
4.92937e-05 0.245279 0.000207352 0.227439 0.234165 9.81746e-05 0.00337806 1.47914e-11 0.0508578 0.16123 0.0620674 0.000174874 0.00058537 1.25458e-11 0.000154217 0.000862891 0.000943043 0.000114061 0.0123944 
5.02228e-05 0.270303 0.0135804 0.217422 0.0157471 0.00671238 0.251174 7.45904e-10 0.171404 0.00510718 0.0144531 0.00906739 0.00870767 3.28758e-05 0.000125227 0.0146779 9.24166e-06 3.26659e-05 0.00139293 
0.000261354 0.407509 0.00210556 0.12161 0.069594 0.000934648 0.00112702 6.60833e-12 0.199516 0.0629098 0.0668235 0.0165575 0.00970871 6.9794e-05 0.00779306 0.000604587 0.0010292 4.99944e-12 0.0318469 
1.39212e-05 0.699984 5.51911e-05 0.0387621 0.0345234 1.87908e-05 0.00282596 9.20011e-13 0.0318537 0.00774453 0.134383 0.000212833 0.00058311 9.74397e-06 0.0335439 5.19229e-05 0.00403464 1.12756e-08 0.0113994 
3.64503e-05 0.318965 1.42468e-05 0.112541 0.107277 0.000817408 0.0663047 2.49831e-12 0.254322 0.00354774 0.0879146 0.000804891 0.0137721 0.000329782 0.00993809 0.00816556 0.000960993 6.18536e-10 0.0142885 
0.00117121 0.509284 0.00108258 0.0708045 0.170402 0.00194735 0.00293317 1.09265e-07 0.150547 0.0115258 0.0201762 0.00439737 0.0134294 0.00243746 0.0031964 0.0212241 0.00782469 0.000382723 0.00723359 
5.86741e-05 0.554564 9.49173e-05 0.0109975 0.151466 0.000221769 0.00464107 4.29601e-08 0.152364 0.00953618 0.0196862 0.000770777 0.00578217 0.000782772 0.0125516 0.00348528 0.0727752 3.45136e-09 0.000221855 
0.00115492 0.455465 0.00234057 0.101207 0.0164673 0.00396644 0.0201729 1.01332e-06 0.210344 0.0241642 0.0653594 0.000999661 0.0348204 0.00131452 0.0358693 0.0132695 0.00773018 4.83826e-05 0.00530522 
0.00366698 0.195309 0.000198633 0.190803 0.118752 0.00884981 0.0154252 2.18845e-05 0.0863704 0.00520374 0.0547727 0.00026905 0.0334865 0.000375558 0.0280068 0.194949 0.0442531 2.79325e-05 0.0192592 
0.00836174 0.45158 2.99746e-05 0.129092 0.108694 0.000189442 0.000741828 1.27076e-09 0.0702578 0.00363512 0.054699 0.00149668 0.130528 2.06339e-06 0.00799366 0.0155051 0.013195 4.14668e-06 0.00399494 
2.18598e-06 0.380926 3.45155e-07 0.00575733 0.00153353 0.000437593 0.00436514 2.64021e-08 0.299907 0.000639466 0.000348349 1.78254e-05 0.242297 2.23937e-08 0.0331227 0.0268302 0.00377421 6.02727e-07 4.08892e-05 
0.000524247 0.36502 0.0182168 0.0343613 0.038829 4.6906e-05 0.0242531 0.000117575 0.308601 0.0114071 0.106745 0.0171699 0.020572 0.0101436 0.00368745 0.0293699 0.00338393 1.91773e-07 0.00755093 
4.7655e-07 0.384598 0.000154315 0.0129606 0.00279005 3.56863e-05 0.00447085 2.01472e-09 0.0385781 0.113806 0.121022 6.54947e-07 0.0190879 0.0159943 0.0353744 0.243037 0.00802989 3.01792e-07 5.89876e-05 
7.92764e-05 0.367423 0.000795921 0.166142 0.0669068 5.25472e-05 0.00392742 4.28824e-05 0.279661 0.01296 0.0221605 0.000941086 0.0230225 5.1188e-05 0.0101135 0.00934877 0.035673 8.05533e-06 0.000690635 
0.000112483 0.723773 0.000690822 0.0389421 0.0297375 0.00167375 0.00648843 1.16076e-05 0.127445 0.0115465 0.015629 0.00447662 0.00884216 0.000331715 0.00720416 0.0150496 0.00599332 1.85887e-07 0.00205199 
5.59726e-06 0.640934 2.68906e-05 0.115328 0.0634727 4.00098e-05 0.0271715 0.00844612 0.0430083 0.043178 0.0194128 0.000250643 0.00389203 0.00032786 0.003785 0.0292532 0.00140672 8.92211e-06 5.21779e-05 
6.16506e-05 0.750807 3.96038e-08 0.000667138 0.000150977 2.4725e-08 9.06181e-05 6.06088e-08 0.058754 3.46692e-05 0.184723 6.5189e-06 1.01668e-08 5.14072e-08 0.000793489 3.20914e-05 0.000347282 0.00153028 0.00200083 
0.000475212 0.549082 0.00201085 0.21382 0.120353 3.21347e-05 0.00156449 4.15085e-09 0.0319306 0.00920207 0.0343541 0.00116216 0.00654662 2.03392e-05 0.0143285 0.00124222 0.00171563 1.92289e-06 0.012159 
0.000187288 0.619113 0.000342291 0.00628396 0.00553117 0.00420943 0.00224566 0.000277713 0.012032 0.042945 0.0300629 0.000136138 0.00467557 1.02731e-06 0.0156597 0.253283 0.001109 0.000717526 0.00118695 
0.00376151 0.367975 0.00132391 0.0425506 0.0530007 0.00088784 0.0264122 1.08169e-09 0.184514 0.138316 0.0969998 0.00045234 0.0143007 0.00128567 0.00500208 0.0613053 0.000927729 1.30856e-07 0.000984567 
6.88982e-06 0.40442 0.00116374 0.3129 0.119465 1.28979e-05 0.010047 1.18994e-05 0.0248163 0.0180877 0.0621628 2.676e-05 0.000334886 1.75239e-08 0.00190628 0.0373059 0.00117958 0.000238478 0.00591404 
5.56405e-05 0.590209 0.000188558 0.158326 0.0246899 0.00131052 0.0343903 3.14945e-10 0.0333211 0.0125039 0.0433961 0.000395626 0.046408 6.60454e-06 0.0146169 0.0238062 0.0014938 3.34459e-05 0.0148492 
1.13993e-08 0.613241 7.57581e-11 1.37234e-06 0.0062412 1.43257e-09 0.04711 1.15939e-10 0.058685 0.0228823 0.147293 4.16319e-08 0.00247758 9.83369e-11 0.0233775 0.0124968 0.0643243 6.5102e-09 0.00187028 
6.09546e-05 0.303148 1.80651e-06 0.0460569 0.0199287 0.149458 5.69493e-05 9.04003e-10 0.135575 0.00225805 0.005635 4.0202e-05 0.0615999 7.66758e-10 0.00571563 0.00180836 0.26845 1.55156e-07 0.000206902 
2.3816e-05 0.906623 0.00102995 0.00310484 0.0470765 2.20691e-08 0.00382486 2.3382e-10 0.0162401 0.00888787 0.0121763 0.000398735 0.000610837 1.98321e-10 5.24322e-07 2.86314e-11 2.33473e-07 4.92021e-08 1.94723e-06 
2.47089e-05 0.726366 1.8281e-05 0.0570613 0.00601777 0.000258276 0.0137813 9.53871e-13 0.0590358 0.0126059 0.0902124 0.000239882 0.000323045 5.28868e-09 0.00107319 0.000177474 0.000374713 2.41661e-09 0.03243 
0.000160473 0.488851 0.0122924 0.0189051 0.0151068 0.00387692 0.0134667 0.00130968 0.22894 0.0205397 0.0238498 0.0281058 0.00643401 0.00047378 0.00415147 0.00553936 0.126819 7.32634e-06 0.00117108 
7.92764e-05 0.367423 0.000795921 0.166142 0.0669068 5.25472e-05 0.00392742 4.28824e-05 0.279661 0.01296 0.0221605 0.000941086 0.0230225 5.1188e-05 0.0101135 0.00934877 0.035673 8.05533e-06 0.000690635 
5.37004e-07 0.699944 0.000564281 0.102201 0.0232886 0.00142744 0.0191925 9.50327e-07 0.0150949 0.038283 0.0759461 4.80587e-06 0.0084099 5.44619e-06 0.0003794 0.00296253 0.00016369 1.87062e-10 0.0121307 
0.0126775 0.350735 0.000242659 0.0763943 0.187628 0.00109874 0.00401549 2.82319e-05 0.178322 0.00488466 0.0361594 0.00212981 0.0493286 0.000375561 0.00881704 0.0560454 0.0260205 3.43187e-05 0.00506288 
5.45138e-06 0.563542 0.000137476 0.376923 0.00199604 0.000379359 0.000309889 1.88576e-11 0.00720475 0.00147704 0.0150161 2.50551e-08 0.0238369 2.00857e-08 6.84514e-09 0.00883162 0.000239479 3.50007e-06 9.69492e-05 
0.000548414 0.300687 0.00172207 0.17617 0.0998772 0.00117157 0.0313224 3.13295e-06 0.0636202 0.0369523 0.0520197 0.00393497 0.0855616 0.00168132 0.0115996 0.0459785 0.0833431 5.22938e-07 0.00380652 
0.00379121 0.322712 0.00454962 0.130001 0.0423484 0.012811 0.152746 0.00625928 0.0715831 0.110885 0.0566276 0.000943568 0.0106938 0.00033277 0.0124493 0.0446154 0.0131603 5.93999e-05 0.00343158 
0.000908702 0.288458 0.00147688 0.225242 0.183768 0.00239664 0.0104672 5.7009e-06 0.0710717 0.0217169 0.0323733 0.00218064 0.0532938 0.00118816 0.0210529 0.0656226 0.0114227 1.10179e-05 0.00734343 
9.22502e-10 0.781384 0.00040465 0.187606 0.00702342 0.000117646 0.000622881 3.36525e-12 0.0074233 5.12336e-09 0.00840743 4.56676e-09 0.00412923 3.66095e-09 4.25817e-06 0.00270671 0.000108239 3.53729e-09 6.22293e-05 
0.0048973 0.496805 0.000853958 0.139409 0.00908304 0.00249436 0.0204966 0.00122111 0.135524 0.0568587 0.0520582 0.00898386 0.000902079 2.2032e-05 0.0118895 0.0440161 0.0129155 0.00019982 0.00137015 
1.39892e-05 0.742534 4.60062e-05 0.0753153 0.0126892 1.3257e-05 0.00353455 7.00879e-06 0.0566897 0.0054356 0.0476703 0.000228984 0.00530956 0.000128352 0.0239946 0.0068439 0.000375354 2.80995e-06 0.0191673 
0.00120049 0.460415 0.000411231 0.0446712 0.0756603 0.000392022 0.00799113 1.34787e-06 0.269335 0.0275127 0.0472048 0.00188878 0.0130476 0.000201531 0.0234322 0.0113362 0.00739414 2.03242e-06 0.00790226 
0.0115547 0.282269 0.000268673 0.079538 0.175335 0.00139971 0.0292657 2.72601e-08 0.229656 0.0241763 0.0525827 0.0152467 0.0770772 0.00378139 0.00335874 0.00889845 0.00280054 4.02368e-09 0.00279124 
0.00515545 0.356775 0.000755662 0.187382 0.231582 0.00181129 0.00682094 0.0016873 0.0865607 0.026299 0.0130457 0.00192288 0.0170682 0.000382559 0.00880804 0.0318352 0.0132374 0.000154176 0.00871697 
0.0289809 0.267697 0.000638354 0.186684 0.0311176 0.000757818 0.0505441 1.64514e-06 0.0671906 0.0118399 0.0603155 0.000678545 0.220649 0.00105156 0.0169765 0.0250395 0.00839528 0.000223516 0.0212197 
6.82411e-06 0.475139 0.000535716 0.116127 0.214742 4.52925e-06 0.00624015 0.000421359 0.0384784 0.00319243 0.0536267 0.000171761 0.00530656 0.00094302 0.00995389 0.0654531 0.00696067 2.21352e-05 0.00267417 
0.0167664 0.446793 0.00596343 0.0171168 0.199005 0.00146361 0.049348 2.22682e-10 0.137009 0.00856419 0.0229666 0.00412231 0.0657166 0.000310164 0.00724595 0.000724461 0.0156966 7.26966e-06 0.00118059 
3.15804e-06 0.40457 3.24246e-06 0.114076 0.0211647 1.85599e-05 0.255002 1.63455e-09 0.0307507 0.0278119 0.0321173 3.36729e-05 0.011368 7.29063e-05 0.000444629 0.0661462 0.0337395 4.07398e-05 0.00263692 
0.000111414 0.293103 0.000602357 0.205509 0.166604 0.000313776 0.00201407 1.42677e-10 0.04364 0.00282816 0.0362154 0.000548281 0.160046 8.74034e-06 0.000568458 0.0455519 0.040429 1.7864e-05 0.00188917 
0.000320574 0.377093 0.00128554 0.17462 0.0864893 8.91955e-05 0.00982814 2.31394e-10 0.0913295 0.0870657 0.0281272 0.000204971 0.0061879 1.96264e-10 0.000511437 0.00745575 0.00732666 0.121059 0.00100569 
6.94313e-07 0.683888 0.00010805 0.0575508 0.0766071 0.000401523 0.000840814 7.36093e-09 0.113244 0.0026108 0.0259748 3.12332e-05 0.00360875 3.30511e-06 0.00102364 0.0160579 0.0161156 3.4546e-06 0.00192963 
0.000121226 0.203249 0.0194238 0.0056168 0.160833 0.000427351 0.0153948 1.18432e-06 0.0397864 0.186363 0.0946869 0.00629556 0.191799 8.03371e-07 0.022977 0.047869 0.00472136 2.76032e-06 0.000430689 
0.00055672 0.39638 6.74935e-05 0.259405 0.100479 0.000792069 0.00594213 2.6454e-11 0.046928 0.0554376 0.0741121 0.00344906 0.0137707 9.31115e-06 0.0144543 0.000351209 0.00114787 4.64654e-08 0.0267167 
0.00012989 0.524927 0.00992313 0.281039 0.00430487 0.000344221 0.00178906 2.37946e-12 0.00748737 0.00521765 0.112421 2.16125e-05 0.007856 2.02994e-05 0.0369435 0.00410027 0.000607491 2.15553e-05 0.00284609 
3.82816e-06 0.414056 1.76667e-06 0.0768083 0.00823251 5.4276e-05 0.0025847 8.30854e-05 0.0380204 0.000598702 0.0102971 0.000125613 0.128514 2.69079e-05 0.00197318 0.306107 0.0121811 2.53758e-07 0.000331822 
2.01725e-07 0.562355 0.000353932 0.102692 0.0197127 0.000590797 0.124871 1.0884e-09 0.0428598 0.00850771 0.118161 0.00287655 0.000242469 9.90009e-07 0.000747634 0.00783 0.000936757 9.24536e-09 0.00726023 
9.51125e-06 0.494303 0.000319777 0.387697 0.0657415 0.000173839 0.000528984 7.46121e-12 0.00909147 0.00848719 0.00547475 4.43468e-05 0.00481998 6.32846e-12 8.23682e-05 0.000590277 0.000158289 2.15471e-07 0.0224777 
1.9658e-06 0.406258 2.34949e-06 0.146676 0.00904714 0.000507858 0.00310964 1.98888e-10 0.0591386 0.000739198 0.064972 0.000424458 0.000507138 7.69588e-08 0.110864 0.00609685 0.00429051 3.70733e-06 0.18736 
7.7936e-05 0.305259 0.000476404 0.0741202 0.00113844 0.134357 0.11335 7.11926e-09 0.0642224 0.0312283 0.0419247 0.000102107 0.148291 0.0149708 9.63593e-07 0.0495894 0.0205916 5.38597e-09 0.000300322 
8.93989e-06 0.532182 3.34566e-05 0.0162386 0.130127 2.1308e-05 0.0382085 4.2844e-11 0.144973 0.0605282 0.062378 3.3529e-05 0.00205182 1.37903e-05 0.00582357 0.00574303 0.00111851 3.2413e-11 0.000516166 
0.0106139 0.239818 0.000365115 0.222518 0.209832 0.000897967 0.00785967 6.64582e-07 0.0658445 0.0298271 0.0358993 0.00106373 0.0936817 4.19437e-06 0.000321299 0.0264103 0.0407027 5.64302e-06 0.0143341 
0.00850842 0.246598 0.00554862 0.237877 0.0237133 0.0590792 0.0234915 0.000446433 0.102668 0.024437 0.0522012 0.00161484 0.157187 0.00123652 0.0181861 0.019931 0.01022 0.000258855 0.00679734 
3.54043e-05 0.537777 0.00355604 0.123177 0.279626 0.000104232 0.000250355 2.62014e-10 0.039823 0.0132173 0.000739738 1.09952e-05 0.00105506 6.60423e-08 3.79764e-06 0.000347254 0.000124142 7.64393e-05 7.49983e-05 
0.00916149 0.369299 0.00429774 0.13003 0.204736 0.000782474 0.00709654 1.29435e-05 0.173705 0.0229953 0.0269594 0.00153216 0.0200718 0.000116396 0.0107153 0.0112222 0.00330821 0.000118616 0.00383977 
0.00608157 0.584491 0.00294456 0.0505408 0.0155438 0.00010394 0.0169309 3.2107e-06 0.189743 0.000352263 0.0212518 0.00175779 0.0441508 1.4883e-05 0.0166353 0.0292903 0.017336 1.49154e-06 0.00282674 
0.00831018 0.252724 0.00380248 0.165896 0.148367 0.00183214 0.0297452 7.0164e-07 0.211562 0.0181333 0.0754764 0.0130497 0.0231883 9.22789e-05 0.0219322 0.0101368 0.00487285 0.000230586 0.0106486 
4.71527e-09 0.428914 0.00736088 0.298586 0.00295593 0.0297141 0.013779 1.2797e-10 0.00937107 0.000971912 0.20633 1.0125e-07 0.001192 1.08542e-10 2.83651e-07 0.000468301 2.9187e-11 8.30141e-09 0.000356477 
0.000554381 0.326516 8.77045e-06 0.130655 0.0327017 0.00245913 0.0299938 2.7452e-05 0.164897 0.0667766 0.059254 0.000604289 0.113495 2.32323e-06 0.0130094 0.0290255 0.0284041 2.91017e-05 0.0015865 
0.00346699 0.340073 0.0058827 0.253106 0.0527195 0.00702669 0.00811346 0.00123598 0.121427 0.011222 0.0373824 0.00300144 0.0889755 0.000137139 0.0140091 0.035891 0.0122336 3.88532e-05 0.0040575 
1.08267e-05 0.560675 0.000210225 0.0360597 0.118878 0.00216322 0.0215286 2.24827e-11 0.0845064 0.0306219 0.104398 5.69041e-06 0.00585209 5.47101e-08 0.00033836 0.0164211 0.0152451 4.17995e-06 0.00308192 
0.000453573 0.478234 5.59347e-08 0.123968 0.0589487 2.2441e-05 0.0124795 5.58957e-08 0.0329293 0.00980452 0.129305 0.000598797 0.00601893 5.59129e-08 0.128052 0.000386419 0.00511127 5.59791e-05 0.0136315 
1.1378e-06 0.487442 1.13668e-06 0.32934 1.13795e-06 0.00386776 0.00352811 1.13588e-06 0.0409708 1.13787e-06 0.0116094 0.0014794 0.0738438 1.13623e-06 1.13793e-06 0.0479066 1.13765e-06 1.13644e-06 1.13763e-06 
2.44473e-08 0.496042 7.62133e-08 0.014282 0.309001 2.28207e-05 0.0162839 3.60565e-08 0.153992 0.00415712 0.00182616 3.2981e-05 8.97651e-07 5.23393e-11 1.96764e-05 0.00431125 2.58615e-07 2.78761e-05 4.31555e-08 
0.00350763 0.316789 0.00147913 0.205274 0.132683 0.00449809 0.0170215 0.000125732 0.133699 0.0142368 0.0478072 0.00258102 0.0665266 0.000651648 0.0106267 0.0305311 0.00791381 2.02669e-05 0.00402731 
1.21475e-05 0.551365 3.05166e-05 0.279219 0.0217149 0.000115097 0.00734027 0.000723102 0.0491291 0.00636449 0.0194715 0.000167707 0.0166973 5.62356e-05 0.0182132 0.0202552 0.00707659 1.03673e-05 0.00203734 
0.000208192 0.704664 0.000155574 0.0453222 0.00804515 0.0003004 0.0160711 1.35438e-12 0.0781266 0.0350234 0.0847494 0.000625867 0.00120892 5.19533e-05 0.000930199 0.000188176 0.000352219 2.56999e-09 0.0239762 
0.00465051 0.39902 0.00433352 0.0522171 0.189293 0.000116131 0.00599892 0.00537905 0.105914 0.00352304 0.0422537 0.000828179 0.0241974 5.59108e-05 0.0322845 0.0303577 0.076982 3.1138e-05 0.0225634 
8.23278e-05 0.37243 0.00293728 0.0404813 0.0237869 0.00244738 0.0175656 1.46212e-09 0.150303 0.0987595 0.0569153 0.000196262 0.011054 0.00204376 0.176431 0.0226909 0.0176042 1.88161e-05 0.00425214 
4.64766e-05 0.685694 0.00376946 0.0748762 0.0372425 0.00113069 0.00682554 4.33278e-11 0.0545222 0.00328608 0.0304017 0.000374535 0.0272584 0.000618211 0.000381347 0.0665232 0.00617531 1.36672e-05 0.000860072 
0.0026103 0.448618 0.0360001 0.0126919 0.13689 0.000100306 0.00315774 0.000115932 0.0187926 0.192974 0.046582 0.00801377 0.00231665 0.0036368 0.0312057 0.0088906 0.00162503 0.0443482 0.00143031 
0.00585361 0.475302 0.00157006 0.0496976 0.07584 0.000535007 0.0104345 0.00124342 0.210177 0.00763253 0.0440454 0.00355464 0.0348144 4.12718e-05 0.0079635 0.0415678 0.0273575 2.39431e-05 0.00234634 
0.00524039 0.360006 6.54504e-05 0.0617993 0.110379 0.000463093 0.00145227 2.48252e-10 0.165113 0.0014692 0.0286704 0.00870659 0.247861 8.62922e-05 0.000498871 0.00339762 0.00433882 5.0371e-06 0.000448085 
1.52965e-06 0.657216 6.09817e-09 0.0201495 0.00902928 3.08519e-06 0.0651477 3.45636e-13 0.0121399 0.00286519 0.141896 3.19001e-05 4.2499e-09 2.93162e-13 0.00468533 1.7353e-09 4.04412e-09 2.61486e-13 0.0868346 
1.55097e-05 0.578924 3.40018e-08 3.79984e-09 4.99206e-09 2.12276e-08 0.00019709 5.20356e-08 0.237099 0.113434 0.0703153 2.38185e-08 8.72872e-09 4.41356e-08 5.47233e-09 6.3718e-09 1.18681e-08 3.93668e-08 1.49465e-05 
0.0974856 0.284932 0.0212458 0.0281807 0.0296489 5.78024e-06 0.00174616 6.68733e-10 0.217704 0.262153 0.0138105 0.000329865 0.000930457 1.43697e-05 0.000129426 0.0398833 0.00142039 0.00028744 9.19307e-05 
1.1657e-11 0.498247 4.60256e-11 0.430789 6.75737e-12 0.000332363 0.000130219 7.04367e-11 0.0050361 9.31781e-12 0.000354848 5.45714e-05 0.0497683 5.9743e-11 7.40748e-12 0.0152879 1.60649e-11 5.32878e-11 1.6846e-11 
1.79566e-05 0.534497 4.58599e-05 0.152221 0.0255829 0.000291456 0.00935751 5.92408e-10 0.106538 0.0270639 0.0326288 0.000100185 0.0140456 0.000141499 0.0348348 0.0209998 0.0219375 3.12427e-07 0.0196968 
0.00344425 0.246088 0.0013859 0.144143 0.0699379 0.00153862 0.00686857 0.000639818 0.105942 0.00631163 0.0272453 0.00122688 0.0471843 0.000567842 0.00977943 0.200175 0.121104 0.00235812 0.00405942 
0.00610965 0.725094 0.00179938 0.0287629 0.0376819 0.00055712 0.011386 1.01476e-07 0.051712 0.0231946 0.0383921 8.02543e-05 0.00194598 8.60698e-08 0.00611962 0.0628891 0.000292692 9.8266e-05 0.00388389 
0.00116165 0.610852 8.67847e-05 0.0241519 0.0765632 0.00031485 0.000488794 2.06041e-10 0.224886 0.00210327 0.0172169 0.000266552 0.00824751 3.48149e-06 0.011622 0.00966422 0.0115467 1.87439e-06 0.000821644 
0.0182373 0.588192 0.00031353 0.0635256 0.0423698 0.00610942 0.00279052 9.78718e-05 0.0822761 0.011159 0.0741118 0.0144951 0.023414 0.00582996 0.0452833 0.00624355 0.00119158 1.46956e-05 0.0143451 
0.0335645 0.447207 2.13012e-05 0.141151 0.00811133 0.00140188 0.0564606 0.000717737 0.0727166 0.0275537 0.0525933 0.00037646 0.0641223 2.13656e-05 0.00675708 0.0261725 0.0561638 3.58328e-06 0.00488429 
0.000840398 0.267755 0.00282789 0.139481 0.118546 0.00561372 0.00882715 0.00108616 0.0262198 0.0907125 0.170669 0.00290831 0.0492995 0.000996386 0.0256004 0.0267364 0.0509934 9.88114e-06 0.0108778 
5.17832e-12 0.50872 1.07463e-07 0.356162 0.001912 3.34749e-05 0.0217747 3.12897e-11 0.0135693 0.00139341 0.0841532 1.36562e-08 0.00262825 2.65393e-11 0.00018856 0.00799603 0.000141901 7.81871e-08 0.00132716 
0.000241429 0.480784 6.41555e-06 0.115977 0.0952942 0.00173624 0.00138509 1.32671e-07 0.052271 0.00331103 0.00926196 7.43951e-05 0.0605299 2.11927e-07 0.0125478 0.150477 0.0148989 5.614e-07 0.00120214 
0.00165243 0.239065 0.000250656 0.189504 0.142393 0.000634164 0.0292932 5.70506e-08 0.0268216 0.0538125 0.0150489 0.0113374 0.0501851 0.00542868 0.0104637 0.0578852 0.0125523 0.138339 0.0153341 
0.00793616 0.289458 0.0108526 0.110316 0.19597 0.000913767 0.00426643 4.08799e-05 0.269188 0.0268814 0.026837 0.00904451 0.0162826 0.000243405 0.0115319 0.00987127 0.00684214 3.83944e-05 0.00348591 
2.73308e-05 0.367755 0.00026468 0.00291412 0.143965 3.24825e-09 0.19492 8.58327e-11 0.0483214 0.0312221 0.177332 0.000723322 0.0123186 6.24931e-05 0.0123805 0.00178343 0.00154326 0.000178905 0.00428769 
1.23248e-05 0.587909 6.94032e-05 0.0850143 0.0482673 0.00137581 0.0111337 0.00016064 0.0497016 0.0545208 0.129095 4.32888e-05 0.0087468 1.09431e-05 0.000906063 0.0142436 0.000478009 0.00182825 0.00648326 
