0.00051689 2.66804e-10 4.52114e-09 0.197474 9.62492e-05 2.82259e-09 3.72593e-06 6.91906e-09 0.00481208 0.727392 0.0696522 8.55431e-06 1.4277e-05 5.86862e-09 7.27644e-10 8.47245e-10 2.33571e-05 5.23452e-09 6.78632e-06 
2.99759e-10 6.98439e-11 4.09518e-05 0.00371576 0.00590493 7.38897e-10 3.48223e-10 1.81127e-09 9.99199e-11 0.980837 0.00949321 8.29082e-10 1.36755e-06 1.53629e-09 1.90483e-10 2.21792e-10 4.13108e-10 5.34551e-06 1.21337e-06 
0.000191683 7.01125e-10 0.000147336 9.55992e-05 0.000867982 7.41738e-09 6.64519e-06 1.81824e-08 1.00304e-09 0.958024 8.80254e-10 5.32735e-05 5.88683e-05 0.00875815 5.54714e-06 5.41049e-05 4.14697e-09 0.0316737 6.34936e-05 
3.34402e-06 7.79158e-07 1.32033e-05 0.0101826 0.00407273 8.24292e-06 0.00932711 2.0206e-05 1.11468e-06 0.000537271 9.78224e-07 9.249e-06 3.38946e-06 1.71384e-05 2.12497e-06 0.974854 0.000926309 1.52866e-05 4.83256e-06 
1.24423e-11 2.89906e-12 5.01136e-07 5.49006e-12 7.21259e-12 3.06699e-11 1.60453e-07 7.51817e-11 4.14744e-12 9.15088e-08 0.374199 3.44133e-11 1.00904e-07 6.37677e-11 0.623426 9.20607e-12 1.71472e-11 5.68776e-11 0.00237387 
5.44883e-06 1.22268e-13 2.07191e-12 9.0685e-05 9.56347e-05 9.03166e-05 8.53604e-05 3.1708e-12 0.0043829 0.985234 0.00276776 8.59279e-06 0.000526813 4.55177e-06 3.33458e-13 9.52731e-05 2.2725e-09 1.44579e-10 0.0066124 
2.30932e-07 2.65723e-10 4.50283e-09 5.03211e-10 1.17616e-08 1.1803e-05 1.32483e-09 6.89104e-09 5.66829e-06 1.67639e-05 8.01587e-05 3.15427e-09 1.15594e-09 4.99328e-06 2.58045e-06 0.999871 1.57168e-09 5.21331e-09 7.1414e-06 
2.6705e-06 6.22227e-07 1.0544e-05 1.17834e-06 1.54804e-06 6.5827e-06 0.00542564 1.61363e-05 8.90169e-07 0.00441169 7.81199e-07 7.38615e-06 2.70679e-06 0.990088 1.69698e-06 1.9759e-06 3.68031e-06 1.22077e-05 3.85923e-06 
2.85578e-09 6.65397e-10 1.12755e-08 1.26009e-09 1.65545e-09 7.03941e-09 5.9748e-06 1.72558e-08 8.94906e-06 2.80796e-05 2.02175e-05 7.8986e-09 2.89458e-09 0.999937 1.81471e-09 2.11299e-09 3.93565e-09 1.30547e-08 4.12699e-09 
5.10443e-07 1.18933e-07 3.7014e-05 2.25229e-07 0.00169356 1.25823e-06 5.55804e-05 0.000127811 9.64209e-06 0.0369885 0.0056305 1.4118e-06 1.08579e-05 2.61606e-06 1.53638e-05 0.954722 0.000591718 0.000110524 7.37659e-07 
4.95528e-07 1.15458e-07 0.000197607 0.00037192 2.87249e-07 1.22146e-06 5.75644e-07 2.99419e-06 1.65177e-07 0.999416 1.44956e-07 1.37055e-06 5.02262e-07 2.53962e-06 3.14885e-07 3.66642e-07 6.82905e-07 2.26521e-06 7.16105e-07 
1.1496e-05 2.67858e-06 4.539e-05 5.07253e-06 6.66406e-06 2.83374e-05 1.33547e-05 6.9464e-05 3.83202e-06 0.999607 3.36292e-06 3.17961e-05 1.16522e-05 5.8918e-05 7.30519e-06 8.50592e-06 1.58431e-05 5.25519e-05 1.66133e-05 
2.14162e-08 4.98998e-09 8.4558e-08 9.44972e-09 5.33953e-05 2.11689e-05 0.0239532 1.29406e-07 7.13875e-09 0.975897 1.37889e-05 5.92335e-08 6.08019e-05 1.09759e-07 1.3609e-08 1.58458e-08 2.95144e-08 9.79e-08 3.09493e-08 
2.24322e-05 2.3219e-13 3.93459e-12 1.36314e-08 3.44626e-05 8.99066e-08 2.57007e-08 6.02141e-12 2.89024e-09 0.000173289 0.468706 9.92511e-09 1.01006e-12 5.10725e-12 0.472389 0.000216654 2.06139e-09 4.55541e-12 0.0584572 
2.14305e-05 4.99332e-06 8.46147e-05 9.45605e-06 1.24229e-05 5.28256e-05 2.48954e-05 0.000129492 7.14353e-06 1.71301e-05 6.26906e-06 5.92732e-05 2.17217e-05 0.000109833 1.36181e-05 1.58565e-05 2.95342e-05 0.999349 3.097e-05 
0.000535004 8.89766e-08 0.00422323 0.00119651 0.0142783 0.00197768 4.43614e-07 2.30744e-06 1.27291e-07 0.961913 0.000413434 1.0562e-06 3.87062e-07 0.0148761 2.42662e-07 2.82548e-07 0.000579426 1.74566e-06 5.51859e-07 
5.38214e-06 1.25404e-06 2.12504e-05 2.37483e-06 3.11994e-06 1.32668e-05 6.25232e-06 3.25212e-05 1.79405e-06 0.999816 1.57443e-06 1.48861e-05 5.45528e-06 2.75839e-05 3.4201e-06 3.98225e-06 7.41732e-06 2.46035e-05 7.77793e-06 
8.69393e-06 2.02569e-06 3.43264e-05 3.83613e-06 5.03973e-06 2.14303e-05 1.00996e-05 5.25325e-05 2.89799e-06 0.983338 2.54323e-06 2.40459e-05 8.81207e-06 4.4557e-05 5.52458e-06 0.00193622 1.19814e-05 0.0119625 0.00252535 
5.78312e-05 2.81087e-10 5.61247e-05 5.95328e-06 0.003555 2.97369e-09 5.36904e-07 7.28945e-09 0.0232349 0.600699 0.025069 3.33664e-09 0.00238325 6.18278e-09 0.00194533 3.86229e-07 0.000848382 0.340007 0.00213712 
0.00113024 1.45785e-07 2.4704e-06 0.00129882 0.000431163 8.73567e-05 7.26844e-07 3.78065e-06 0.00186968 0.829407 7.91652e-06 1.73054e-06 6.34187e-07 0.130456 3.97593e-07 0.0337236 0.000915797 2.8602e-06 0.00065961 
5.09841e-06 1.05117e-10 1.78127e-09 1.37375e-06 8.21204e-06 1.11206e-09 5.24088e-10 2.72603e-09 1.50383e-10 0.999907 3.16868e-07 6.36391e-05 1.50947e-06 1.2488e-05 2.86683e-10 3.33804e-10 6.21742e-10 2.06233e-09 6.51969e-10 
6.83068e-05 4.3371e-13 7.34946e-12 0.000438591 0.00179426 0.000580047 4.27322e-05 1.12475e-11 0.0495075 0.923566 0.0113136 6.08153e-05 0.000263457 2.28931e-06 2.05266e-08 4.7669e-05 3.80438e-09 3.46599e-06 0.012311 
3.65483e-11 8.51578e-12 1.44305e-10 1.61267e-11 1.97055e-07 9.00906e-11 4.24574e-11 2.20841e-10 1.21828e-11 0.999996 1.90309e-06 1.01087e-10 3.7045e-11 1.87313e-10 1.7024e-06 2.70422e-11 5.03685e-11 1.67074e-10 5.28173e-11 
2.0377e-06 4.74785e-07 8.04549e-06 8.99118e-07 0.0011824 5.02287e-06 2.36715e-06 1.23127e-05 6.79235e-07 0.000978907 0.00101394 5.63593e-06 0.996759 1.04434e-05 1.29486e-06 1.5077e-06 2.80822e-06 9.31496e-06 2.94475e-06 
3.91386e-07 9.11931e-08 1.54532e-06 1.72696e-07 2.2688e-07 9.64755e-07 4.54665e-07 2.36492e-06 9.14537e-05 0.999895 1.14492e-07 1.08251e-06 3.96704e-07 2.00588e-06 2.48707e-07 2.89587e-07 5.39383e-07 1.78915e-06 5.65606e-07 
3.03826e-06 1.96589e-10 5.66655e-06 0.00498028 0.0496091 2.07976e-09 9.8014e-10 5.09816e-09 0.0906978 0.852714 0.00193492 2.33361e-09 5.99491e-07 4.32416e-09 1.71621e-06 6.24274e-10 1.16277e-09 5.28439e-05 1.2193e-09 
0.000172176 4.52095e-11 0.000300191 0.00158055 0.0202737 9.45793e-06 0.0408389 1.17242e-09 0.00343544 0.909593 0.0208813 0.00119827 2.3614e-07 9.94427e-10 0.000988511 5.81355e-07 0.000144282 0.000582457 8.14151e-07 
0.000219844 1.21932e-08 0.00188046 0.249128 0.00129839 1.28995e-07 6.07922e-08 3.16208e-07 0.000141312 0.00045599 0.739661 1.4474e-07 0.000435001 0.00354053 3.32541e-08 0.000112327 7.21196e-08 0.00122028 0.00190585 
4.00768e-07 9.33792e-08 0.000308433 0.000196862 0.000398901 9.87883e-07 0.000385134 2.42162e-06 1.3359e-07 0.998629 7.09037e-05 1.10846e-06 4.06214e-07 2.05397e-06 2.54669e-07 2.96529e-07 5.52313e-07 1.83204e-06 5.79165e-07 
0.00287194 5.57172e-07 9.4416e-06 0.00612085 0.896175 5.89447e-06 2.77791e-06 1.44492e-05 0.0127544 0.0705339 6.99523e-07 6.61391e-06 2.42379e-06 0.00491447 1.51955e-06 1.76932e-06 3.29552e-06 1.09313e-05 0.00656936 
0.000300689 7.20866e-11 0.0035454 9.25569e-08 0.0275291 8.32239e-05 2.47104e-07 1.86943e-09 7.67205e-07 0.959222 0.0067131 0.000599948 0.000375674 1.58562e-09 1.96599e-10 0.00019887 7.12868e-07 6.20963e-07 0.00142911 
1.53373e-06 1.11318e-08 2.27579e-06 0.0448645 0.0241558 1.53168e-06 0.879074 4.9123e-07 0.0435315 0.000727682 1.27098e-06 6.60969e-07 1.89199e-06 1.10949e-06 3.94859e-07 0.00722447 0.000410476 1.27401e-08 2.64086e-07 
0.000298387 1.47892e-08 0.000877392 7.28461e-05 0.000161931 0.000281782 7.37352e-08 3.83531e-07 2.11577e-08 0.997203 1.85677e-08 1.75555e-07 6.43355e-08 3.25304e-07 4.03341e-08 4.69637e-08 8.74743e-08 0.00110288 9.17271e-08 
0.000169141 1.19932e-09 2.03231e-08 0.000501416 0.104098 0.000849699 5.97948e-09 3.11021e-08 0.0951452 0.776551 0.00599395 0.000116741 5.21722e-09 2.63802e-08 0.000369907 3.80848e-09 7.09364e-09 0.00258332 0.0136211 
1.07871e-07 2.12334e-10 6.26324e-08 0.00123948 5.28266e-10 2.24633e-09 0.00673219 0.00621799 0.0159703 0.003519 2.51917e-05 2.52051e-09 0.000303979 2.33313e-07 5.79089e-10 0.965951 1.29736e-06 4.16585e-09 3.94876e-05 
2.27146e-07 5.29252e-08 8.96847e-07 0.000100039 9.07875e-05 5.59909e-07 5.03805e-05 1.37252e-06 0.00624342 0.966422 0.0268852 6.28248e-07 0.000131414 1.16414e-06 1.44341e-07 1.68066e-07 3.13038e-07 1.03836e-06 7.0467e-05 
2.47251e-08 4.79681e-12 8.12846e-11 9.0839e-12 1.20533e-09 3.05648e-05 2.39156e-11 1.24396e-10 6.86239e-12 1.64559e-11 0.000235873 5.69405e-11 2.08669e-11 1.0625e-05 2.77355e-07 0.999722 2.83718e-11 9.41101e-11 7.67611e-07 
1.35161e-08 3.14926e-09 0.000149478 5.96388e-09 4.54512e-05 3.33169e-08 1.57014e-08 8.16703e-08 4.50539e-09 0.999384 0.000130086 3.73833e-08 1.36998e-08 6.92712e-08 4.30302e-06 1.00006e-08 1.49203e-05 0.000185421 8.59632e-05 
2.03856e-05 4.20303e-10 7.12227e-09 5.49282e-06 3.28351e-05 4.44649e-09 2.09552e-09 1.08998e-08 6.01293e-10 0.999634 1.06064e-07 0.000254455 1.82839e-09 4.99321e-05 1.14628e-09 1.33469e-09 2.48598e-09 8.24607e-09 2.87014e-06 
1.48352e-07 6.89943e-11 1.28723e-06 1.30657e-10 1.42488e-06 1.16063e-05 3.8874e-06 1.78924e-09 8.89324e-08 2.91155e-06 0.999854 4.75098e-06 5.4595e-05 1.53277e-07 1.93829e-06 2.19094e-10 4.08083e-10 1.35362e-09 6.31618e-05 
1.51008e-07 3.51849e-08 5.96227e-07 0.999995 8.75367e-08 3.7223e-07 1.75422e-07 9.12454e-07 5.03361e-08 1.20705e-07 4.41742e-08 4.17662e-07 1.5306e-07 7.73926e-07 9.59583e-08 1.11731e-07 2.08109e-07 6.90304e-07 2.18227e-07 
0.000868348 3.20749e-11 1.84854e-06 2.36953e-07 0.00935104 3.39329e-10 1.59917e-10 8.31803e-10 6.33284e-07 0.989165 6.16165e-07 3.80745e-10 3.21062e-07 7.0552e-10 8.74767e-11 3.56595e-07 5.88305e-07 1.07042e-06 0.000609449 
0.000122128 2.84558e-05 0.0004822 5.38879e-05 7.07954e-05 0.000301041 0.000141873 0.000737948 4.07094e-05 0.995827 3.57259e-05 0.000337785 0.000123787 0.000625914 7.76064e-05 9.03624e-05 0.000168308 0.000558284 0.000176491 
0.000143102 1.80491e-08 3.05853e-07 0.00118526 0.000343801 2.42068e-06 0.0531208 4.6807e-07 0.0227171 0.282915 0.112537 2.14252e-07 2.3e-05 0.144631 8.54013e-06 0.000145962 0.000129009 0.382096 1.11946e-07 
0.00560207 1.00229e-09 0.0817803 1.89808e-09 9.72759e-06 1.06035e-08 3.00329e-06 2.59926e-08 6.16716e-06 0.912583 1.25836e-09 1.18977e-08 4.36013e-09 2.20464e-08 2.73351e-09 3.18281e-09 5.92829e-09 1.57511e-05 6.2165e-09 
0.000122337 9.92228e-11 0.000268871 1.66659e-05 0.00449614 4.50143e-05 4.94698e-10 2.57316e-09 1.4195e-10 0.857362 1.24573e-10 1.17782e-09 0.000779422 2.1825e-09 2.70606e-10 0.0105277 0.126015 0.000366521 6.15408e-10 
2.43174e-07 7.9786e-12 0.0319128 0.015681 0.034255 3.83351e-05 5.06536e-07 1.60088e-05 0.180512 0.489769 1.29565e-07 3.32037e-07 0.00987152 1.75497e-10 1.56302e-08 0.123928 3.24605e-07 0.113602 0.000413182 
1.63407e-05 1.23572e-13 2.094e-12 9.81641e-05 6.82854e-05 0.000130887 0.000256025 3.20461e-12 0.0067544 0.991242 0.000407812 1.05693e-05 0.000740711 1.49522e-08 3.37013e-13 2.96261e-05 3.87447e-09 2.44864e-10 0.00024501 
6.83068e-05 4.3371e-13 7.34946e-12 0.000438591 0.00179426 0.000580047 4.27322e-05 1.12475e-11 0.0495075 0.923566 0.0113136 6.08153e-05 0.000263457 2.28931e-06 2.05266e-08 4.7669e-05 3.80438e-09 3.46599e-06 0.012311 
1.37607e-06 3.20625e-07 5.43316e-06 6.07179e-07 7.97684e-07 3.39197e-06 1.59855e-06 8.3148e-06 4.58691e-07 0.999953 4.0254e-07 3.80597e-06 1.39477e-06 7.05245e-06 8.74427e-07 1.01815e-06 1.89641e-06 6.29044e-06 1.98861e-06 
1.53373e-06 1.11318e-08 2.27579e-06 0.0448645 0.0241558 1.53168e-06 0.879074 4.9123e-07 0.0435315 0.000727682 1.27098e-06 6.60969e-07 1.89199e-06 1.10949e-06 3.94859e-07 0.00722447 0.000410476 1.27401e-08 2.64086e-07 
4.75814e-05 9.5565e-10 0.00017815 2.62432e-05 0.000210179 1.01101e-08 6.67093e-05 2.4783e-08 6.07035e-05 0.000824208 5.44723e-05 0.000282478 4.11607e-05 0.998056 2.60631e-09 1.94251e-05 3.67463e-05 5.81413e-05 3.73474e-05 
5.3603e-07 1.24895e-07 2.11642e-06 0.0500346 0.0707408 1.3213e-06 6.22695e-07 3.23893e-06 0.000226859 0.003921 0.000273452 1.48257e-06 0.000616058 2.7472e-06 4.98559e-05 0.871599 0.00197274 0.000552946 7.74637e-07 
4.37584e-05 2.88383e-08 0.000788803 0.0190623 5.87283e-05 3.22888e-05 1.4378e-07 7.47868e-07 0.104986 0.605079 0.0193426 0.000268764 0.00338302 1.96341e-05 2.87626e-05 0.246761 0.000103855 5.65788e-07 4.06775e-05 
2.16434e-07 5.04292e-08 8.54552e-07 9.54998e-08 0.0079545 5.33504e-07 2.51427e-07 1.30779e-06 0.00233035 0.00667807 0.00079781 5.9862e-07 2.19375e-07 1.10924e-06 1.37534e-07 0.00357128 2.98275e-07 0.0056405 0.973022 
0.00118656 2.92743e-07 4.9607e-06 0.000808835 7.28318e-07 3.09701e-06 1.45954e-06 7.59175e-06 0.000516571 0.000251683 0.000109309 3.47501e-06 1.27348e-06 6.43918e-06 7.98387e-07 0.997088 1.7315e-06 5.74343e-06 1.81568e-06 
0.000150794 3.59916e-10 2.27425e-06 2.38817e-06 8.95437e-10 0.0030978 0.000528772 9.33374e-09 0.00350627 0.0147248 9.28771e-08 4.27238e-09 3.63105e-05 7.9167e-09 1.92337e-08 0.97795 2.12881e-09 7.06131e-09 8.52496e-08 
2.77054e-08 6.45538e-09 0.003785 0.00012715 0.000126893 6.82931e-08 3.21848e-08 1.67408e-07 9.23517e-09 0.995121 0.000106989 7.66285e-08 0.000126397 1.41992e-07 1.76055e-08 2.04993e-08 3.81818e-08 0.000494063 0.000112147 
0.00245751 5.30137e-08 8.98347e-07 0.00284125 0.869886 0.00869365 2.64312e-07 1.37481e-06 0.0342351 0.0410663 0.00804027 0.00333592 2.30618e-07 1.16609e-06 0.00292071 1.68347e-07 3.13562e-07 0.0206989 0.00582021 
0.000272751 6.27871e-10 1.95975e-05 0.00350554 0.00197808 0.00020815 5.95019e-05 1.62827e-08 0.000193776 0.567785 0.328648 2.88327e-06 4.01797e-07 8.20039e-06 0.0837156 8.2904e-05 6.00772e-07 0.00297199 0.0105473 
1.07871e-07 2.12334e-10 6.26324e-08 0.00123948 5.28266e-10 2.24633e-09 0.00673219 0.00621799 0.0159703 0.003519 2.51917e-05 2.52051e-09 0.000303979 2.33313e-07 5.79089e-10 0.965951 1.29736e-06 4.16585e-09 3.94876e-05 
0.00129692 9.93567e-09 0.00351041 0.00217128 0.000334852 1.05112e-07 4.95366e-08 2.57663e-07 1.42141e-08 0.989151 1.24741e-08 0.00259489 4.32217e-08 0.000509309 1.70064e-05 3.1551e-08 5.87668e-08 0.000388839 2.46342e-05 
1.66593e-07 3.88162e-08 0.83054 7.35078e-08 0.000912764 4.10647e-07 1.93527e-07 1.00663e-06 0.0753696 0.0820921 0.00219824 4.60768e-07 0.000179562 8.53801e-07 1.05862e-07 0.000349599 0.000810276 0.000288649 0.00725541 
1.86563e-07 9.65771e-12 0.138639 6.63917e-07 0.00207785 1.02171e-10 7.46384e-07 2.50455e-10 1.38165e-11 0.816666 0.0426127 1.03189e-06 4.20126e-11 2.12431e-10 2.37315e-08 3.12848e-07 5.71227e-11 7.77046e-07 5.6911e-07 
7.19648e-06 6.24413e-09 1.0581e-07 3.35099e-06 0.000167417 6.60583e-08 6.11732e-06 3.0849e-06 1.17318e-06 0.000253573 1.04362e-05 7.41209e-08 2.54521e-06 1.37346e-07 2.97665e-05 0.99904 0.000472177 1.20943e-06 1.99375e-06 
8.30543e-05 3.45505e-09 0.000544552 5.49674e-05 4.21281e-05 3.65518e-08 0.000139547 8.96001e-08 3.36162e-05 0.998967 3.7309e-05 4.10131e-08 1.503e-08 7.59971e-08 9.42281e-09 1.09716e-08 2.04357e-08 2.04035e-05 7.71667e-05 
1.67346e-10 3.89916e-11 6.60735e-10 1.3735e-06 7.95559e-07 2.18668e-06 1.94402e-10 1.01118e-09 3.5422e-06 0.867507 0.132322 9.26163e-07 3.52827e-06 1.03005e-06 1.0634e-10 9.78297e-07 2.30625e-10 7.6499e-10 0.000156711 
2.98579e-05 5.40487e-11 1.15143e-06 0.0029549 0.000352971 5.71795e-10 3.62951e-07 1.40165e-09 1.50196e-07 0.944433 0.0517376 6.41584e-10 8.78074e-07 0.000128664 1.47405e-10 8.1186e-07 3.19683e-10 0.000349455 9.98897e-06 
0.00476001 7.38525e-09 0.00399763 0.000147962 0.00746221 4.21391e-06 3.68209e-08 1.91523e-07 6.25821e-05 0.968785 0.00191333 0.000616929 2.05622e-06 1.62446e-07 5.82117e-06 8.5178e-06 4.36817e-08 0.012233 4.58054e-08 
3.03425e-05 2.86431e-07 0.00290153 0.000129858 0.000141209 3.03023e-06 1.42807e-06 7.42806e-06 2.7582e-05 0.969963 0.0247291 3.40008e-06 6.02634e-05 6.30034e-06 3.24784e-06 9.09573e-07 1.69416e-06 0.0002363 0.00175305 
2.73327e-05 4.89511e-09 8.29504e-08 0.000146476 5.84693e-05 0.997977 2.44057e-08 1.26946e-07 0.000179284 0.000529002 0.000404396 5.81074e-08 0.000334346 1.07673e-07 1.33502e-08 1.55446e-08 2.89533e-08 9.60389e-08 0.00034311 
5.48436e-05 6.77355e-14 1.48271e-09 0.00332691 5.80916e-06 0.978426 0.00399461 1.32361e-10 0.000812312 0.000294236 0.00518849 8.64526e-06 0.00738753 3.27599e-09 5.2787e-08 1.02484e-05 1.37063e-09 2.72525e-07 0.000489979 
0.00174106 5.51915e-12 0.000887913 0.00221513 0.0188002 0.000185174 0.00418089 1.43129e-10 0.0103229 0.13279 0.00550318 0.000175891 2.34317e-05 0.822861 8.34253e-05 1.7643e-05 1.43064e-08 2.29989e-05 0.000189635 
0.011589 1.58745e-06 0.0269272 3.00621e-06 0.877961 1.6794e-05 7.9146e-06 4.11675e-05 2.27103e-06 0.0833278 1.99302e-06 1.88438e-05 6.90566e-06 3.49175e-05 4.32939e-06 5.041e-06 9.38933e-06 3.11447e-05 9.84582e-06 
0.00174106 5.51915e-12 0.000887913 0.00221513 0.0188002 0.000185174 0.00418089 1.43129e-10 0.0103229 0.13279 0.00550318 0.000175891 2.34317e-05 0.822861 8.34253e-05 1.7643e-05 1.43064e-08 2.29989e-05 0.000189635 
1.2564e-05 2.34174e-10 0.000364287 2.5282e-06 2.69752e-05 4.70952e-06 1.17921e-07 6.07288e-09 1.06203e-05 0.977285 2.94003e-10 2.77977e-09 0.0222722 5.1509e-09 3.13004e-06 7.43629e-10 1.38508e-09 1.14905e-05 6.53734e-06 
1.21855e-06 6.03961e-11 3.58308e-06 2.97488e-07 6.61293e-07 1.15074e-06 3.01119e-10 1.56626e-09 8.64037e-11 0.999988 1.82059e-07 7.16932e-10 8.6728e-07 1.32847e-09 1.64716e-10 1.9179e-10 3.57227e-10 4.50393e-06 3.74594e-10 
0.0126422 3.25288e-11 0.115018 9.05597e-07 9.38852e-07 3.4413e-10 1.6218e-10 8.43573e-10 4.65362e-11 0.860002 4.08395e-11 4.39037e-05 1.41505e-10 7.15503e-10 9.76746e-08 1.03296e-10 1.92399e-10 0.0122909 1.41429e-07 
0.000775667 2.50389e-10 4.67153e-06 8.06566e-07 0.0121657 2.64893e-09 1.4993e-06 6.49337e-09 0.00596714 0.981056 9.11675e-06 2.97224e-09 3.05094e-06 5.50755e-09 6.89705e-08 7.95119e-10 1.48098e-09 1.62161e-05 1.56852e-07 
0.000337786 7.74135e-14 1.60054e-08 0.00703114 4.07747e-05 0.982383 3.04529e-08 2.02765e-10 0.000657893 2.59469e-08 2.70193e-08 4.19176e-05 0.00904638 1.70279e-12 1.49921e-09 0.000106964 0.000298944 6.3852e-06 4.8599e-05 
2.30932e-07 2.65723e-10 4.50283e-09 5.03211e-10 1.17616e-08 1.1803e-05 1.32483e-09 6.89104e-09 5.66829e-06 1.67639e-05 8.01587e-05 3.15427e-09 1.15594e-09 4.99328e-06 2.58045e-06 0.999871 1.57168e-09 5.21331e-09 7.1414e-06 
3.49024e-09 8.13228e-10 1.85944e-05 0.0120865 2.02324e-09 0.00285969 2.69565e-05 2.10896e-08 0.0335531 0.319124 5.76147e-06 9.65342e-09 2.32401e-06 0.627302 0.000999735 0.00401964 1.07958e-06 1.5955e-08 5.04388e-09 
2.30932e-07 2.65723e-10 4.50283e-09 5.03211e-10 1.17616e-08 1.1803e-05 1.32483e-09 6.89104e-09 5.66829e-06 1.67639e-05 8.01587e-05 3.15427e-09 1.15594e-09 4.99328e-06 2.58045e-06 0.999871 1.57168e-09 5.21331e-09 7.1414e-06 
0.000669558 3.04014e-12 1.20555e-06 2.08994e-07 1.86829e-07 3.2809e-07 9.24749e-08 7.88404e-11 1.14734e-06 0.996413 0.00148088 0.000390118 2.46e-07 1.24387e-06 5.7218e-08 4.32512e-07 1.69389e-06 2.44606e-07 0.00103925 
4.55246e-05 8.26391e-07 1.40037e-05 1.56497e-06 2.05598e-06 8.74261e-06 4.12017e-06 2.14309e-05 0.982658 0.000125867 0.0014035 9.80967e-06 0.000216337 0.0105487 7.33871e-05 0.00327422 4.88788e-06 0.00158166 5.12552e-06 
0.000101216 2.64756e-07 4.73511e-07 0.00342723 6.28445e-05 0.93203 0.0117559 3.94737e-07 0.000662034 0.0095484 0.00131877 9.71666e-06 0.0154257 8.26108e-07 1.5672e-05 4.24822e-05 0.0247096 0.000123174 0.00076493 
2.3318e-05 1.75823e-10 0.00730674 4.84798e-05 7.3493e-06 0.487547 9.65145e-07 4.55965e-09 0.0391818 0.465616 1.21432e-06 8.35052e-06 6.6926e-05 3.86741e-09 3.40505e-06 3.15464e-05 0.00014757 7.24748e-06 1.96401e-06 
8.73331e-05 1.35567e-08 0.000873192 0.000254187 0.000677963 0.00147736 0.000486716 3.51568e-07 0.00205776 0.988314 0.00279644 0.000740414 5.89738e-08 0.00110361 0.000181203 0.000167937 0.000368927 2.65973e-07 0.000412089 
5.19258e-07 4.80059e-11 0.00870158 9.09107e-11 0.613816 1.95678e-07 0.00128627 1.24494e-09 0.000503819 0.360087 0.0137713 9.00868e-07 2.08833e-10 8.6811e-07 4.75855e-07 5.66018e-06 1.29625e-05 0.00181291 2.97747e-10 
1.05038e-07 2.44738e-08 4.14722e-07 4.6347e-08 0.000420191 2.58915e-07 0.000988483 6.34682e-07 3.50126e-08 0.998039 0.000307295 2.90516e-07 0.000149158 5.38326e-07 5.3464e-05 3.89364e-05 1.44756e-07 4.8016e-07 1.51794e-07 
1.77527e-06 4.13638e-07 0.0042126 7.83322e-07 1.02909e-06 4.37598e-06 2.06229e-06 1.07269e-05 5.91757e-07 0.995734 5.19317e-07 4.91008e-06 1.79939e-06 9.09837e-06 1.1281e-06 1.31352e-06 2.44656e-06 8.11529e-06 2.5655e-06 
0.00174106 5.51915e-12 0.000887913 0.00221513 0.0188002 0.000185174 0.00418089 1.43129e-10 0.0103229 0.13279 0.00550318 0.000175891 2.34317e-05 0.822861 8.34253e-05 1.7643e-05 1.43064e-08 2.29989e-05 0.000189635 
2.48091e-05 5.78052e-06 0.99923 1.09468e-05 1.43814e-05 6.11536e-05 2.88201e-05 0.000149907 8.26971e-06 1.98307e-05 7.25737e-06 6.86176e-05 2.51462e-05 0.000127148 1.5765e-05 1.83562e-05 3.41902e-05 0.00011341 3.58524e-05 
5.8918e-05 5.88564e-08 0.000253686 5.50204e-05 0.000230984 6.22657e-07 0.00021094 0.00128072 8.4201e-08 0.996761 0.000501912 6.98655e-07 0.000117379 1.29461e-06 0.000125554 1.86901e-07 8.60967e-05 1.15472e-06 0.000313793 
2.05521e-11 4.78864e-12 0.000213804 1.76782e-07 0.00237104 1.35012e-08 0.00209958 1.24184e-10 0.000547782 0.00125287 0.330661 7.82586e-08 1.42269e-05 2.56461e-07 0.000441422 0.053254 6.20482e-07 6.66982e-08 0.609143 
0.00357484 5.90414e-11 0.00315594 2.90816e-07 0.00387942 1.12493e-06 2.94365e-10 1.53113e-09 8.44657e-11 0.989384 2.07626e-07 7.00851e-10 2.5684e-10 1.29867e-09 1.61021e-10 1.87488e-10 3.49214e-10 4.40291e-06 3.66192e-10 
1.53373e-06 1.11318e-08 2.27579e-06 0.0448645 0.0241558 1.53168e-06 0.879074 4.9123e-07 0.0435315 0.000727682 1.27098e-06 6.60969e-07 1.89199e-06 1.10949e-06 3.94859e-07 0.00722447 0.000410476 1.27401e-08 2.64086e-07 
3.11309e-07 7.25352e-08 1.22915e-06 1.37363e-07 1.80461e-07 7.67368e-07 3.61641e-07 1.88106e-06 1.0377e-07 3.13447e-05 4.31054e-05 8.61028e-07 3.15539e-07 0.999917 1.97822e-07 2.30338e-07 4.29026e-07 1.42309e-06 4.49884e-07 
1.29766e-05 6.97104e-08 2.17919e-05 0.00696913 0.0504125 2.21604e-06 9.56594e-05 0.000836498 0.235973 0.479598 2.25884e-05 1.81351e-05 0.0400512 0.000500871 1.00395e-06 0.0241172 4.12318e-07 0.161357 1.03189e-05 
0.00174106 5.51915e-12 0.000887913 0.00221513 0.0188002 0.000185174 0.00418089 1.43129e-10 0.0103229 0.13279 0.00550318 0.000175891 2.34317e-05 0.822861 8.34253e-05 1.7643e-05 1.43064e-08 2.29989e-05 0.000189635 
0.00141232 5.87522e-08 0.935257 0.000934707 0.000716378 6.21555e-07 0.00237297 1.52363e-06 0.000571635 0.0564359 0.000634431 6.97418e-07 2.55581e-07 1.29231e-06 1.60233e-07 1.8657e-07 3.47504e-07 0.000346957 0.0013122 
1.53373e-06 1.11318e-08 2.27579e-06 0.0448645 0.0241558 1.53168e-06 0.879074 4.9123e-07 0.0435315 0.000727682 1.27098e-06 6.60969e-07 1.89199e-06 1.10949e-06 3.94859e-07 0.00722447 0.000410476 1.27401e-08 2.64086e-07 
0.00171389 1.83653e-11 0.00441146 0.000850543 0.000265839 3.27904e-08 9.15645e-11 4.7627e-10 0.00139268 0.621353 0.000104844 0.013417 0.000267655 4.03963e-10 1.70731e-07 0.012707 5.22134e-07 0.343458 5.7636e-05 
5.84145e-05 5.53459e-08 9.16291e-05 0.234163 1.84732e-05 0.0040419 2.7594e-07 1.43529e-06 0.0630926 0.65489 6.94861e-08 0.004016 0.0376929 1.21739e-06 0.00146038 7.88832e-05 0.000368514 1.91598e-05 5.24078e-06 
1.31059e-07 9.25079e-12 5.64495e-07 0.0113205 0.0236648 9.78665e-11 0.0300648 1.41566e-06 5.63793e-07 0.268219 0.487318 1.09811e-10 0.00792725 2.0348e-10 0.159921 9.55316e-06 1.9156e-07 5.26515e-07 0.0115515 
3.13704e-06 7.30931e-07 1.2386e-05 1.38419e-06 1.81849e-06 0.0146999 0.957341 1.89553e-05 0.00805276 0.019812 9.17675e-07 8.67652e-06 3.17967e-06 1.60776e-05 1.99344e-06 2.3211e-06 4.32326e-06 1.43404e-05 4.53345e-06 
2.5894e-07 6.03332e-08 0.00010326 0.00204528 1.50103e-07 6.3828e-07 3.00805e-07 1.56463e-06 0.00034534 0.972096 0.00943822 0.00193441 2.62459e-07 1.32709e-06 0.00490359 1.9159e-07 7.17276e-05 1.1837e-06 0.0090561 
1.71178e-05 3.98845e-06 6.75866e-05 7.55309e-06 9.9229e-06 4.21949e-05 1.98854e-05 0.000103433 5.70595e-06 1.36828e-05 5.00745e-06 4.73449e-05 1.73504e-05 8.773e-05 1.08776e-05 1.26655e-05 2.35906e-05 7.82508e-05 0.999426 
2.63503e-05 4.71238e-10 0.000273766 8.92402e-10 5.08329e-06 4.98535e-09 1.91668e-05 1.22207e-08 0.0778773 0.921503 5.91634e-10 0.000238707 3.86045e-05 6.53272e-06 1.28519e-09 2.58692e-06 4.61414e-07 9.24538e-09 8.51743e-06 
0.000540341 1.03495e-11 0.00427488 0.000809385 0.00773707 1.0949e-10 8.82642e-07 2.68394e-10 2.13503e-09 0.953975 0.00875654 5.10579e-07 1.03709e-07 9.94493e-07 8.89503e-08 3.28651e-11 6.55016e-08 0.000992337 0.0229113 
6.83068e-05 4.3371e-13 7.34946e-12 0.000438591 0.00179426 0.000580047 4.27322e-05 1.12475e-11 0.0495075 0.923566 0.0113136 6.08153e-05 0.000263457 2.28931e-06 2.05266e-08 4.7669e-05 3.80438e-09 3.46599e-06 0.012311 
0.00612191 1.50472e-10 0.0115339 2.84955e-10 0.00220046 1.59188e-09 0.000305407 3.90222e-09 4.64174e-07 0.934704 0.0359838 7.85989e-05 0.00132902 3.30978e-09 4.10377e-10 4.7783e-10 0.000157219 0.00756984 1.56168e-05 
1.40885e-05 1.089e-07 1.84537e-06 0.000184674 1.60628e-05 1.15208e-06 5.28994e-06 2.82412e-06 1.55794e-07 0.848942 0.150102 1.2927e-06 3.01571e-05 2.39536e-06 2.96999e-07 0.00041278 4.00647e-05 0.00010799 0.000134933 
2.74837e-05 9.53883e-12 8.28657e-06 0.011618 0.158399 0.000230508 0.000475765 2.47372e-10 0.287103 0.270005 0.0267065 0.000124711 0.00561096 0.00903171 1.69259e-05 0.0899346 0.00579173 2.45705e-07 0.134916 
4.62006e-08 1.07648e-08 0.000401495 1.83675e-05 2.67817e-08 0.000250657 5.36702e-08 2.79164e-07 0.000255659 0.905473 0.000113539 1.27783e-07 0.000145215 2.36781e-07 9.69121e-05 0.0931234 0.000121038 2.11197e-07 6.67661e-08 
2.67024e-07 6.22168e-08 1.0543e-06 1.17822e-07 1.5479e-07 6.58207e-07 3.10196e-07 1.61348e-06 8.90084e-08 0.999991 7.81124e-08 7.38544e-07 2.70653e-07 1.36852e-06 1.69681e-07 1.97572e-07 3.67995e-07 1.22065e-06 3.85886e-07 
1.98492e-06 4.62487e-07 7.83711e-06 0.00429244 1.15063e-06 4.89277e-06 0.115525 1.19937e-05 6.61642e-07 0.833448 0.00296187 5.48995e-06 0.00301985 0.0407015 1.26132e-06 1.46864e-06 2.73549e-06 9.07369e-06 2.86848e-06 
9.07806e-07 2.11519e-07 3.58431e-06 0.00200321 5.2624e-07 2.23772e-06 1.05458e-06 5.48536e-06 3.02603e-07 0.996811 0.000982835 2.51084e-06 9.20143e-07 4.65258e-06 0.000173637 6.71687e-07 1.25108e-06 4.14987e-06 1.3119e-06 
3.57978e-08 8.3409e-09 0.335532 1.57955e-08 2.07514e-08 8.82406e-08 0.322667 2.16306e-07 1.19326e-08 2.86143e-08 0.340975 9.90107e-08 3.62843e-08 1.83466e-07 2.27478e-08 0.00030959 4.25803e-06 1.63643e-07 0.000511997 
6.26774e-06 1.46039e-06 0.999806 2.76559e-06 3.6333e-06 1.54498e-05 7.2811e-06 3.78724e-05 2.08925e-06 5.01e-06 1.8335e-06 1.73355e-05 6.35291e-06 3.21226e-05 3.98285e-06 4.6375e-06 8.63779e-06 2.86518e-05 9.05773e-06 
7.66076e-05 6.25737e-08 1.06035e-06 0.00089593 0.00159892 6.61983e-07 9.70518e-05 1.62273e-06 3.29243e-06 0.799765 0.167027 0.00784386 1.66778e-05 1.37637e-06 1.70655e-07 0.00826484 0.0144043 1.22765e-06 3.881e-07 
8.99911e-11 2.0968e-11 3.55314e-10 4.524e-06 4.29824e-06 2.21825e-10 1.36503e-05 5.43765e-10 2.99971e-11 8.87107e-08 0.169042 0.830917 9.12139e-11 4.61211e-10 1.89338e-05 6.65845e-11 1.2402e-10 4.11377e-10 1.30049e-10 
1.16743e-08 2.72012e-09 4.6094e-08 5.1512e-09 6.76741e-09 2.87769e-08 1.35618e-08 7.05412e-08 3.89145e-09 0.997442 0.00186584 3.22892e-08 1.1833e-08 5.98317e-08 0.000691744 8.63784e-09 1.60888e-08 5.33669e-08 1.6871e-08 
6.34345e-06 2.48886e-11 4.2175e-10 0.00137336 0.0112953 0.000230636 4.73688e-06 1.29384e-07 0.25169 0.695036 0.00302464 0.000116724 0.0131254 9.96533e-07 0.000382367 0.00290084 0.020385 7.12568e-05 0.000356483 
5.99995e-07 1.39799e-07 2.36897e-06 2.64743e-07 3.47807e-07 1.47897e-06 6.97001e-07 0.000728711 1.99999e-07 0.998949 1.75516e-07 1.65948e-06 6.08148e-07 3.07502e-06 0.000305396 4.43937e-07 8.26874e-07 2.74276e-06 8.67074e-07 
1.67346e-10 3.89916e-11 6.60735e-10 1.3735e-06 7.95559e-07 2.18668e-06 1.94402e-10 1.01118e-09 3.5422e-06 0.867507 0.132322 9.26163e-07 3.52827e-06 1.03005e-06 1.0634e-10 9.78297e-07 2.30625e-10 7.6499e-10 0.000156711 
1.03805e-06 2.41866e-07 4.09855e-06 0.000458489 6.0174e-07 2.55876e-06 1.20588e-06 6.27234e-06 3.46018e-07 0.997356 3.0366e-07 2.87107e-06 1.05216e-06 5.32008e-06 6.59631e-07 0.00215132 1.43057e-06 4.74525e-06 1.50012e-06 
8.56296e-06 1.99517e-06 3.38093e-05 0.0128501 0.00993258 2.11075e-05 9.94741e-06 5.17411e-05 2.85433e-06 0.016434 2.50492e-06 2.36837e-05 8.67932e-06 4.38858e-05 5.44136e-06 0.960506 1.18009e-05 3.9144e-05 1.23746e-05 
1.30202e-05 4.01795e-08 6.93117e-05 5.74505e-06 0.000121014 4.25069e-07 0.000219641 1.04198e-06 5.74814e-08 0.9885 0.00983286 5.48238e-05 1.74787e-07 8.83787e-07 1.0958e-07 1.27591e-07 2.37651e-07 0.00116613 1.44473e-05 
1.24423e-11 2.89906e-12 5.01136e-07 5.49006e-12 7.21259e-12 3.06699e-11 1.60453e-07 7.51817e-11 4.14744e-12 9.15088e-08 0.374199 3.44133e-11 1.00904e-07 6.37677e-11 0.623426 9.20607e-12 1.71472e-11 5.68776e-11 0.00237387 
6.83068e-05 4.3371e-13 7.34946e-12 0.000438591 0.00179426 0.000580047 4.27322e-05 1.12475e-11 0.0495075 0.923566 0.0113136 6.08153e-05 0.000263457 2.28931e-06 2.05266e-08 4.7669e-05 3.80438e-09 3.46599e-06 0.012311 
5.0932e-07 1.18672e-07 2.01096e-06 0.000226648 0.710114 1.25546e-06 5.91666e-07 3.07753e-06 0.283455 0.00214378 7.64349e-05 1.40869e-06 0.00264376 2.6103e-06 3.23649e-07 3.76846e-07 0.00027894 2.32826e-06 0.00104639 
8.89214e-06 2.07187e-06 3.5109e-05 0.000788641 5.15463e-06 2.19189e-05 1.03298e-05 5.37302e-05 2.96406e-06 0.00285022 2.60121e-06 0.996086 9.01298e-06 4.55729e-05 5.65054e-06 6.5793e-06 1.22546e-05 4.06488e-05 1.28504e-05 
5.72998e-06 2.22478e-10 4.48668e-05 2.19126e-06 5.53504e-10 2.35365e-09 2.24073e-05 5.76954e-09 5.34742e-06 0.342454 0.00012304 1.61123e-05 0.656888 4.89362e-09 2.03876e-05 7.06486e-10 1.18562e-06 4.36486e-09 0.000416033 
4.18977e-05 2.70988e-08 0.00438175 2.77049e-05 2.12599e-05 2.86685e-07 7.03398e-05 7.02756e-07 1.69503e-05 0.863001 0.0293358 3.21676e-07 0.000430621 5.96064e-07 7.39054e-08 8.60531e-08 1.60282e-07 0.000419598 0.102251 
0.00166037 1.65464e-07 0.000716636 3.57082e-06 0.000250683 1.43488e-05 8.24961e-07 4.29101e-06 2.36716e-07 0.994597 2.07738e-07 0.00188602 7.19796e-07 3.63955e-06 4.51264e-07 5.25438e-07 9.78677e-07 0.000857883 1.02626e-06 
2.23158e-07 5.1996e-08 8.81102e-07 9.84669e-08 0.000659871 5.50079e-07 2.59238e-07 1.34842e-06 7.43864e-08 1.78377e-07 0.985707 6.17218e-07 0.00273714 1.1437e-06 0.00173018 1.65115e-07 3.07542e-07 1.02013e-06 0.00915916 
0.0928062 4.89694e-09 0.000199238 6.21418e-05 0.485195 0.0062582 2.44148e-08 1.26993e-07 7.00564e-09 0.409892 9.843e-06 0.000116316 2.13025e-08 1.07713e-07 2.27173e-05 0.00534157 2.89641e-08 8.65634e-05 9.14205e-06 
2.33288e-06 5.43563e-07 9.21097e-06 0.00023828 0.00983241 5.75049e-06 0.000101722 1.40963e-05 0.000194969 1.86475e-06 0.928829 0.000141648 5.74261e-05 5.51579e-05 8.42113e-05 0.0487165 0.0116744 1.06643e-05 3.02055e-05 
2.49606e-07 5.81583e-08 9.85525e-07 0.000308493 1.44692e-07 6.15271e-07 2.89962e-07 1.50823e-06 8.32022e-08 0.999683 7.3017e-08 6.90368e-07 2.52998e-07 1.27925e-06 1.58613e-07 1.84684e-07 3.43991e-07 1.14103e-06 3.60714e-07 
0.00691772 1.19675e-11 0.0873395 0.00195992 9.14096e-07 5.07696e-08 0.00274912 3.10355e-10 0.440051 0.172038 0.0132208 0.199605 0.0761004 2.63237e-10 1.35189e-05 3.80033e-11 7.07846e-11 9.41526e-08 3.19179e-06 
2.11318e-06 4.92371e-07 8.34351e-06 0.00165164 0.00950372 5.20892e-06 2.45483e-06 1.27687e-05 0.00469402 0.00658042 0.000267795 5.84469e-06 0.00241516 0.88178 0.00147092 0.0808435 2.91224e-06 0.00622838 0.00452471 
0.00170066 1.70493e-11 0.00257956 0.000262819 0.008553 2.6415e-07 8.50035e-11 4.42143e-10 2.55595e-07 0.386551 5.07745e-07 2.24666e-07 7.41674e-11 3.75017e-10 4.6498e-11 0.00122455 1.00842e-10 0.599127 1.05745e-10 
0.000562707 1.3098e-07 2.21953e-06 2.48042e-07 0.00247691 1.38567e-06 0.976219 3.39673e-06 0.0017241 0.00130354 1.64444e-07 0.00233375 0.0046728 2.88104e-06 3.57217e-07 0.00565709 0.00503641 2.56974e-06 8.12377e-07 
4.00432e-05 2.90238e-07 0.00237498 2.20451e-05 0.0325971 0.000265976 1.3703e-05 7.52679e-06 0.00704203 0.253789 0.00541 3.04739e-05 0.284652 0.000210119 8.23538e-05 0.413317 0.000116764 1.19173e-05 1.67656e-05 
8.85368e-09 2.06291e-09 0.00120956 0.280407 0.0851967 2.18241e-08 2.46946e-05 5.34978e-08 2.95124e-09 0.632866 3.419e-05 2.44878e-08 4.0392e-05 4.53758e-08 5.6261e-09 2.55548e-05 2.45251e-06 0.000157885 3.58382e-05 
2.8337e-07 6.60253e-08 1.11884e-06 1.25035e-07 1.64265e-07 6.98499e-07 3.29185e-07 1.71224e-06 9.4457e-08 0.999213 8.2894e-08 7.83754e-07 2.87221e-07 1.45229e-06 1.80068e-07 2.09666e-07 3.90522e-07 0.000778519 4.09508e-07 
3.04352e-08 7.09141e-09 1.20168e-07 1.34293e-08 1.76428e-08 7.50218e-08 3.53559e-08 1.83902e-07 8.01562e-05 2.43278e-08 0.99947 8.41785e-08 0.000367131 1.55982e-07 1.93401e-08 6.7782e-06 4.19437e-08 1.39129e-07 7.4815e-05 
0.000227101 5.34216e-09 0.00808467 0.0236153 0.00020866 0.012752 2.66346e-08 0.0392584 0.00241419 0.820171 0.000382596 0.028105 0.0047383 1.17506e-07 3.92256e-06 0.000357921 3.15974e-08 0.0564726 0.00320846 
2.81862e-07 6.56739e-08 1.11288e-06 1.24369e-07 1.6339e-07 0.975474 0.00288173 1.70313e-06 9.39542e-08 0.0182946 0.00201193 7.87377e-05 2.85692e-07 1.44456e-06 1.7911e-07 0.0012515 3.88443e-07 1.28848e-06 4.07328e-07 
3.998e-05 4.79748e-13 8.12959e-12 0.00396051 3.94437e-05 0.963016 0.00360058 4.31172e-10 0.00207199 0.00351533 0.0140845 2.18558e-08 0.00827531 1.05525e-11 1.3084e-12 1.02602e-05 4.39595e-09 6.3451e-09 0.00138559 
2.09815e-07 4.88871e-08 8.28419e-07 5.65882e-06 3.34549e-06 9.37774e-06 2.43738e-07 1.2678e-06 1.44256e-05 0.000857485 0.0280845 4.33201e-06 1.45114e-05 5.24645e-06 1.33328e-07 4.11961e-06 2.89154e-07 9.59132e-07 0.970993 
5.99863e-06 2.97316e-10 1.76387e-05 1.46446e-06 0.000654334 5.66482e-06 1.48234e-09 7.71033e-09 4.25345e-10 0.99264 7.09598e-07 3.52929e-09 1.29337e-09 6.53976e-09 8.10858e-10 1.89772e-07 1.75854e-09 0.00667371 1.84404e-09 
1.90278e-05 4.43349e-06 7.51279e-05 8.39587e-06 0.999346 4.6903e-05 2.21042e-05 0.000114974 6.34262e-06 1.52095e-05 5.56619e-06 5.26277e-05 1.92864e-05 9.75189e-05 1.20913e-05 1.40787e-05 2.62229e-05 8.6982e-05 2.74978e-05 
0.0130598 2.27008e-10 2.43522e-06 0.00403283 0.0220942 0.0149465 2.46515e-06 5.88702e-09 3.21941e-06 0.644504 1.13544e-06 5.4367e-06 0.299587 4.99326e-09 1.63984e-05 8.54122e-07 1.34269e-09 0.000516427 0.00122732 
9.81462e-08 2.28681e-08 3.87513e-07 4.33062e-08 0.000288087 2.41928e-07 1.14014e-07 4.22921e-05 3.27155e-08 0.999442 3.09165e-05 2.71456e-07 9.94799e-08 5.03006e-07 6.23673e-08 0.000194104 1.35259e-07 4.48657e-07 1.41835e-07 
1.56176e-09 3.63891e-10 1.11056e-05 6.89115e-10 0.0261381 3.8497e-09 8.52886e-06 9.43683e-09 5.20589e-10 1.72287e-05 0.973811 4.31957e-09 1.58298e-09 8.00414e-09 1.68812e-06 3.93001e-06 7.96573e-06 7.1393e-09 2.25696e-09 
0.000490381 1.2283e-07 5.83686e-05 5.91421e-06 0.0240997 0.000384463 0.00235036 0.000590222 3.6503e-06 0.971993 4.0106e-06 1.45805e-06 5.34331e-07 2.70177e-06 3.3499e-07 3.90051e-07 7.26507e-07 4.51206e-06 8.73675e-06 
9.40003e-08 2.19021e-08 3.71143e-07 4.14769e-08 5.44904e-08 2.31708e-07 1.09198e-07 5.6799e-07 3.16468e-06 0.999994 2.74978e-08 2.59989e-07 9.52776e-08 4.81758e-07 5.97327e-08 6.95509e-08 1.29545e-07 4.29705e-07 1.35843e-07 
6.61352e-07 1.54095e-07 0.943179 2.91816e-07 3.83375e-07 1.63021e-06 7.68279e-07 3.99618e-06 0.00890643 0.0478952 1.93465e-07 1.82919e-06 6.70339e-07 3.38948e-06 4.20258e-07 4.89335e-07 9.11433e-07 3.02325e-06 9.55744e-07 
1.07871e-07 2.12334e-10 6.26324e-08 0.00123948 5.28266e-10 2.24633e-09 0.00673219 0.00621799 0.0159703 0.003519 2.51917e-05 2.52051e-09 0.000303979 2.33313e-07 5.79089e-10 0.965951 1.29736e-06 4.16585e-09 3.94876e-05 
4.18297e-07 1.08172e-10 1.10166e-06 0.679099 2.69123e-10 1.14438e-09 5.39319e-10 2.80525e-09 0.106802 0.0907533 1.97875e-05 1.28406e-09 4.70567e-10 2.37936e-09 2.95015e-10 0.123324 6.39811e-10 2.12227e-09 6.70917e-10 
7.47758e-08 1.74228e-08 2.95239e-07 0.99902 4.33463e-08 1.8432e-07 0.000104325 4.51827e-07 2.49253e-08 7.77617e-05 6.12693e-05 6.22519e-05 7.57919e-08 3.83231e-07 4.75165e-08 0.000398407 1.03051e-07 0.000273801 1.08061e-07 
1.37411e-05 3.20169e-06 5.42545e-05 6.06317e-06 7.96551e-06 3.38715e-05 1.59628e-05 8.30299e-05 4.58039e-06 0.99953 4.01969e-06 3.80057e-05 1.39279e-05 7.04244e-05 8.73185e-06 1.01671e-05 1.89371e-05 6.28151e-05 1.98578e-05 
1.47448e-05 2.41683e-07 4.09546e-06 0.000318819 1.64934e-05 2.55683e-06 5.9821e-06 6.26761e-06 0.000723564 0.915762 0.0756873 2.8689e-06 3.09231e-05 5.31607e-06 6.59134e-07 0.000712565 0.00636149 0.000111267 0.000233207 
6.99511e-06 1.62986e-06 2.76189e-05 3.08654e-06 0.000386317 1.72427e-05 0.000216053 4.22674e-05 2.33171e-06 0.998427 0.000649647 1.93473e-05 7.09016e-06 3.58504e-05 0.000100225 5.17569e-06 9.6402e-06 3.19768e-05 1.01089e-05 
1.21652e-08 2.8345e-09 4.85125e-06 0.000107361 0.000212976 2.99869e-08 8.19801e-05 7.35074e-08 6.89768e-06 0.99907 0.00022847 3.36469e-08 1.23305e-08 6.23476e-08 7.73042e-09 0.000108022 1.67653e-08 0.000139083 4.04524e-05 
4.1517e-08 9.67349e-09 0.00249179 0.000117261 2.40667e-08 1.02338e-07 4.82295e-08 2.50864e-07 0.00135624 0.000925917 0.983994 1.14829e-07 0.00279003 0.00695806 2.37703e-05 0.000752634 0.000589384 1.89787e-07 5.99978e-08 
0.000868348 3.20749e-11 1.84854e-06 2.36953e-07 0.00935104 3.39329e-10 1.59917e-10 8.31803e-10 6.33284e-07 0.989165 6.16165e-07 3.80745e-10 3.21062e-07 7.0552e-10 8.74767e-11 3.56595e-07 5.88305e-07 1.07042e-06 0.000609449 
3.07466e-05 7.16398e-06 0.000121398 1.35667e-05 0.00358249 7.57896e-05 3.57177e-05 0.000185785 1.02489e-05 0.995385 8.99429e-06 8.504e-05 3.11645e-05 0.000157579 1.9538e-05 2.27495e-05 4.2373e-05 0.000140553 4.44331e-05 
4.37584e-05 2.88383e-08 0.000788803 0.0190623 5.87283e-05 3.22888e-05 1.4378e-07 7.47868e-07 0.104986 0.605079 0.0193426 0.000268764 0.00338302 1.96341e-05 2.87626e-05 0.246761 0.000103855 5.65788e-07 4.06775e-05 
1.64382e-06 6.49062e-11 0.00297988 1.22915e-10 5.10294e-06 6.24868e-05 0.00590533 1.68322e-09 0.0039123 0.986222 0.000900824 2.8515e-06 2.82352e-10 1.42768e-09 1.77016e-10 2.06112e-10 3.83903e-10 8.02379e-06 4.02567e-10 
7.46749e-07 1.73993e-07 2.9484e-06 3.29497e-07 4.32878e-07 1.84071e-06 8.67482e-07 4.51218e-06 2.48917e-07 0.00210122 2.18446e-07 0.983366 7.56896e-07 3.82714e-06 0.0145098 5.5252e-07 1.02912e-06 3.41362e-06 1.07915e-06 
5.46389e-05 1.1563e-08 1.95942e-07 0.000133596 0.000402777 1.22328e-07 0.996849 2.99866e-07 1.65423e-08 0.000420522 0.000821691 0.000864867 0.000196224 2.56883e-05 0.00023024 3.67188e-08 6.83922e-08 2.26859e-07 7.17172e-08 
0.00260374 2.03046e-10 0.00030304 1.901e-05 0.00096714 0.00111969 3.31336e-07 5.26561e-09 1.34983e-07 0.992586 1.76408e-05 7.68178e-07 8.83281e-10 4.46619e-09 5.53758e-10 6.44779e-10 1.20096e-09 0.00238216 3.13551e-07 
7.17655e-06 2.13826e-11 1.16677e-05 9.96943e-06 4.50587e-05 8.3721e-07 1.35402e-06 0.000472505 3.02843e-05 0.0949734 5.47676e-07 9.79777e-06 1.0939e-05 4.70331e-10 4.60754e-07 0.347891 1.26472e-10 0.553731 0.00280397 
8.56535e-07 1.99573e-07 3.38188e-06 0.00226802 0.00233414 2.11133e-06 0.000399002 5.17555e-06 0.0039118 0.982002 2.50561e-07 2.36903e-06 8.68174e-07 4.3898e-06 5.44287e-07 0.00044426 1.18042e-06 0.00861799 1.23781e-06 
0.000143026 1.58616e-08 0.99361 0.000441584 3.94621e-08 1.67804e-07 7.90816e-08 4.1134e-07 2.26918e-08 0.0045981 1.9914e-08 1.88285e-07 6.90004e-08 3.48891e-07 4.76278e-05 5.0369e-08 9.38169e-08 0.00108949 6.89631e-05 
3.23947e-08 7.54798e-09 0.000191985 1.42939e-08 1.87787e-08 7.98521e-08 3.76322e-08 1.95743e-07 1.07983e-08 0.000435047 0.00146221 8.95983e-08 0.000128089 1.66025e-07 2.05853e-08 2.39689e-08 4.46443e-08 0.000103809 0.997678 
1.02125e-05 2.37953e-06 4.03224e-05 4.5062e-06 0.897482 2.51736e-05 1.18637e-05 6.17085e-05 3.40419e-06 0.0416405 0.0256951 2.82461e-05 0.0258887 5.234e-05 6.48958e-06 0.00756382 0.0014215 4.66847e-05 1.47585e-05 
2.89933e-05 7.38194e-11 1.74544e-05 0.000142749 6.74035e-05 1.81934e-06 3.68044e-10 0.000706822 0.000762247 0.000299216 5.51605e-07 3.08181e-05 6.32021e-05 1.62373e-09 6.89357e-07 0.0017397 4.36622e-10 0.996123 1.52271e-05 
0.000220476 5.13711e-05 0.000870512 0.992387 0.000127806 0.000543468 0.000256123 0.00133221 7.34923e-05 0.000176234 6.44958e-05 0.0006098 0.000223472 0.00112996 0.000140102 0.000163131 0.000303846 0.00100787 0.000318618 
