0.00549748 0.107016 0.00018818 0.245084 0.0272342 0.00172157 0.118067 4.72412e-06 0.0235784 0.046149 0.25179 0.0018704 0.0563888 0.0170952 0.00773967 0.0499461 0.00247393 0.00969111 0.0284646 
3.89119e-11 2.35738e-07 1.55173e-08 1.1677e-07 2.25566e-11 9.11307e-07 0.0150736 2.35123e-10 3.55409e-07 2.64411e-07 0.979519 1.07624e-10 3.94407e-11 1.99427e-10 2.47267e-11 0.00540456 5.41621e-09 1.77879e-10 6.5236e-07 
2.27398e-05 0.106805 8.84715e-05 0.00506754 0.0111868 0.0001004 9.56136e-07 3.01555e-10 0.00956073 0.0139916 0.730693 5.27372e-05 0.0304591 2.55773e-10 0.00710957 0.000196981 0.000493365 5.47351e-05 0.0841167 
0.000348022 0.038204 0.004023 0.0762158 0.190966 0.000942845 0.011822 0.00310459 0.0637354 0.0361179 0.211721 0.00883749 0.126876 0.0141527 0.176768 0.0251182 0.0040192 3.79835e-05 0.00698955 
0.000133462 0.0836173 0.0152557 0.0779973 0.0483308 1.31529e-05 0.00113229 1.56184e-06 0.0147363 0.0156177 0.577877 0.00136344 0.00732899 7.9211e-05 0.0370898 0.0207873 0.00639042 3.10865e-05 0.092217 
7.24233e-06 0.0657135 0.000747758 0.0218013 0.030449 0.000159546 0.061336 0.0125692 0.0209567 0.0105861 0.589355 0.0015617 0.0254183 8.61196e-05 0.0389124 0.0940622 0.00527037 1.69052e-05 0.020991 
5.71459e-05 0.016734 8.08439e-09 0.0189034 0.000296398 6.21224e-05 0.00137246 4.61768e-09 0.00433142 0.00309144 0.937713 0.00020865 0.00145108 1.80683e-05 0.00051585 0.00128321 0.000120606 5.86533e-07 0.0138406 
5.68339e-06 0.067552 0.000123432 0.10211 0.010532 0.00101258 0.00239293 1.01205e-09 0.00444871 0.00310564 0.593878 1.22187e-05 0.00708553 2.6175e-05 0.0918616 0.0462267 0.00380625 8.17589e-07 0.0658201 
5.88766e-05 0.0661756 0.00063232 0.0901424 0.0519064 0.000339926 0.0484515 1.26358e-05 0.0536694 0.0362468 0.471735 0.000537795 0.0245263 4.3317e-05 0.0910601 0.0150568 0.0133247 8.49525e-07 0.036079 
2.77143e-06 0.125269 0.000253221 0.0349769 0.0183968 3.17016e-05 0.0406991 1.05695e-06 0.0074838 0.00364005 0.6067 1.27586e-05 0.00174656 4.77499e-06 0.110421 0.0158355 0.000208794 2.79206e-07 0.0343161 
0.00243705 0.166383 0.00837425 0.214337 0.0537469 0.00121717 0.0250439 0.000809003 0.0582159 0.0256097 0.250912 0.00210633 0.0342542 0.000299142 0.026672 0.097954 0.0226535 3.59996e-05 0.00893848 
3.12467e-05 0.184204 0.00727165 0.101667 0.0203266 9.46096e-05 0.0149209 9.00082e-07 0.0844983 0.00743883 0.395436 0.000918971 0.0280262 0.000120266 0.0897837 0.0272965 0.0118165 6.89332e-06 0.0261413 
0.000285139 0.262014 0.0292039 0.0525674 0.0371216 0.000595424 0.0418452 0.000736225 0.0652425 0.049825 0.295903 0.0135959 0.12767 7.83115e-05 0.00591143 0.00470394 0.00456071 2.09552e-05 0.00811903 
0.00207991 0.0582902 0.00249638 0.104209 0.0764921 0.00174561 0.00716473 3.25526e-08 0.0215398 0.00436096 0.502358 0.000156014 0.0204309 0.000486087 0.10291 0.0554718 0.00146444 2.70973e-07 0.0383435 
1.44659e-05 0.0467634 2.27241e-06 0.0469015 0.0213746 1.72794e-07 0.119283 4.19872e-10 0.0352061 0.00177377 0.352974 0.00314241 0.0243911 1.37072e-07 0.0905729 0.212577 0.032019 1.15174e-05 0.0129927 
4.24639e-06 0.0956016 0.00795319 0.0310207 0.0112026 1.97166e-05 0.0550065 5.47475e-05 0.0378982 0.307254 0.31326 0.000505254 0.0114485 0.00029352 0.00424429 0.101781 0.00568047 3.41169e-09 0.0167714 
0.00180045 0.199918 0.000214686 0.0443328 0.0223915 0.00200102 0.0628612 0.00105862 0.0864738 0.0527034 0.381251 0.00264675 0.0110719 0.000346293 0.027054 0.0726065 0.0030243 3.50511e-05 0.0282085 
7.36931e-05 0.222381 0.000385202 0.0089288 0.0420917 0.00452767 0.032273 4.91056e-06 0.0331793 0.0394964 0.477208 0.0062298 0.0217879 1.0497e-06 0.104551 0.00450555 0.00029033 7.15141e-07 0.00208417 
0.000105011 0.09626 5.29899e-05 0.0430318 0.00473736 0.00545272 0.00496966 9.04018e-06 0.0184866 0.0120611 0.479822 0.00675764 0.00370169 0.00022761 0.25376 0.0110239 0.00417104 2.80113e-06 0.0553673 
0.000183432 0.139423 4.19602e-06 0.0933067 0.0551255 0.0001915 0.0111056 0.0548592 0.0473295 0.240522 0.269795 0.000794129 0.00410589 0.00232554 0.00270083 0.0597666 0.000547793 3.85832e-06 0.0179101 
1.52767e-05 0.112419 3.05786e-05 0.0228551 0.114901 6.28585e-05 0.117903 1.40655e-08 0.102711 0.107274 0.204776 0.00111256 0.0426792 7.74103e-05 8.2656e-06 0.146128 0.0231142 7.99739e-07 0.00393171 
0.000147714 0.038339 0.00242832 0.105093 0.0702012 2.78182e-05 2.69769e-05 1.70879e-08 0.0209752 0.297011 0.349995 0.0629789 2.94112e-05 6.09292e-08 0.0284262 8.46882e-05 0.000101242 8.80724e-05 0.0240463 
1.67476e-05 0.0356162 0.000229467 0.0255869 0.00110782 1.23634e-05 0.0367525 1.30489e-06 0.0393899 0.271177 0.446676 3.31078e-05 0.0559393 0.00885113 0.004175 0.0689534 0.00483313 1.71287e-05 0.000631587 
4.34119e-06 0.10236 0.000317559 0.0286421 0.0271879 0.000765483 0.0959466 5.76841e-08 0.00838056 0.0242901 0.661879 0.000581817 0.000810053 6.79285e-07 0.0104526 0.00816406 0.000974437 7.41779e-07 0.0292416 
3.10291e-07 0.0373916 0.0103237 0.0189134 0.296497 0.00223424 0.0240928 4.80717e-10 0.0100655 0.244129 0.320038 0.00146256 6.63395e-07 1.13004e-06 0.00596037 0.0248348 2.33704e-06 4.08304e-07 0.00405265 
0.000251632 0.124438 0.0005014 0.0568999 0.0153907 0.000720705 0.0649804 0.0317513 0.0460011 0.0763224 0.510154 0.000482009 0.0107076 0.0131085 0.0140002 0.015223 0.000196291 2.02215e-05 0.0188506 
7.84305e-05 0.137083 0.000238595 0.0148172 0.0123427 0.0346427 0.170358 2.69209e-11 0.0176425 0.0182354 0.580339 4.05602e-05 0.00471924 3.41366e-08 0.00184364 6.41303e-05 0.00058442 2.03666e-11 0.00697029 
2.87382e-05 0.0442792 0.00158532 0.00780543 0.00725315 0.00286644 0.0199346 4.22211e-05 0.0194062 0.0243822 0.831155 0.00853246 0.0109565 1.32883e-07 0.00696394 0.012339 0.00060575 5.79085e-08 0.00186324 
0.0243725 0.184788 0.000282994 0.0130547 0.04524 9.76464e-05 0.021148 1.11331e-11 0.0475799 0.00913596 0.310859 1.02673e-05 0.00086928 1.48379e-05 0.281443 0.00200083 0.00676103 2.20015e-06 0.0523391 
0.000176018 0.0422955 0.000143804 0.113767 0.114339 9.89443e-05 0.0178218 4.26004e-10 0.00947736 0.015318 0.346847 0.00234776 0.0494874 0.144161 0.0534123 0.0723517 0.014292 1.07845e-05 0.00365159 
0.000296993 0.0282967 0.000140816 0.0215911 0.000229679 0.000342894 0.00511252 8.23778e-08 0.0121872 0.0160737 0.874651 0.0262114 0.00752779 9.58223e-05 0.0024595 0.00267715 0.000106011 1.19939e-09 0.00199933 
3.70601e-05 0.17484 0.00651523 0.0250631 0.0441983 0.000380525 0.0359918 0.0413566 0.0417368 0.0658579 0.350233 9.03688e-05 0.00348975 1.93522e-10 0.0255532 0.11902 0.0415928 4.62149e-07 0.024044 
0.000113226 0.0351963 1.57519e-05 0.0250334 0.120608 0.00293489 0.0111026 4.62287e-10 0.00581735 0.00684005 0.721997 8.48375e-05 0.030404 8.14861e-06 0.000641091 0.00389738 1.06831e-05 0.000447321 0.034848 
0.000507348 0.0526387 0.0067918 0.053643 0.0247376 0.0123505 0.0843271 0.003032 0.00707481 0.0141782 0.649397 0.00115604 0.00080234 0.000309483 0.00954933 0.0315326 0.00307595 4.20527e-05 0.0448544 
0.000419483 0.00781045 0.00833401 0.0355782 0.00233355 0.0104087 0.135875 1.52391e-09 0.0275453 0.00660636 0.696914 0.00767123 0.0371041 6.19372e-05 0.00745305 0.0089228 1.46246e-05 1.04647e-08 0.00694707 
7.78109e-08 0.191047 8.55351e-11 0.0897648 0.00613568 2.87483e-07 0.193328 1.46527e-06 0.0671584 0.00174593 0.349901 0.0631007 0.00535576 0.0031603 1.37662e-11 0.0276394 0.00020322 1.66531e-08 0.00145801 
1.54911e-06 0.0789798 0.00485682 0.00474709 0.0582 8.69638e-05 0.00383674 2.47093e-07 0.174337 0.0212443 0.612718 0.000232648 0.0065294 0.00241716 0.0106329 0.00103908 0.00131882 9.39771e-05 0.0187281 
3.21198e-08 0.0385634 1.90963e-07 0.0606467 0.00350012 0.00090026 0.163542 2.68957e-08 0.00400724 0.000565782 0.666962 1.15419e-06 0.00883073 0.00042122 0.0429932 0.00179142 4.07025e-11 1.35012e-10 0.00727429 
9.45382e-05 0.0164886 8.60301e-09 0.0143665 0.000172914 6.65643e-05 0.00191511 5.02053e-09 0.00458188 0.00322455 0.918056 0.000520867 0.00174473 0.00494819 0.000539195 0.00114802 0.000279955 1.53606e-06 0.0318505 
9.85402e-05 0.0810549 0.0241506 0.0219666 0.0189053 0.00381826 0.0508779 0.00183934 0.0309998 0.0133353 0.426536 0.0103714 0.00527566 4.38814e-05 0.032012 0.0280925 0.00176231 1.39057e-05 0.248846 
1.79125e-05 0.045877 1.41132e-05 0.090163 0.00214703 4.69627e-08 0.000808314 1.58963e-09 0.0117504 0.0214281 0.812777 0.00364977 0.00252306 8.83529e-06 0.00230947 0.000116127 0.000652857 2.60956e-06 0.00575467 
5.43551e-05 0.0693283 0.000754117 0.108153 0.00318566 0.000276461 0.125449 2.06503e-05 0.0682537 0.0982689 0.424277 0.0394015 0.0122539 0.00021609 0.00416098 0.0344713 0.00170687 0.000590869 0.00917707 
0.000770038 0.208439 0.14441 0.0395745 0.0175389 0.00537403 0.010739 2.16062e-11 0.0782441 0.0200545 0.289308 0.000124012 0.00835094 0.000110112 0.0938145 0.0126937 0.00870407 0.000132428 0.0616185 
2.08569e-05 0.04314 7.07383e-05 0.0728992 0.00825974 0.000120177 0.0627139 5.37427e-07 0.00738264 0.00489497 0.564497 0.00153039 0.00456875 4.60223e-05 0.171934 0.0085911 0.00270122 2.03736e-06 0.046626 
6.82466e-05 0.133514 0.00275169 0.0310305 0.0339998 0.000251743 0.117397 5.18431e-08 0.0291026 0.189814 0.433307 0.000212628 0.00637553 0.000248972 0.00250422 0.00274475 0.00392162 1.02593e-05 0.0127452 
8.82097e-05 0.143388 1.01286e-05 0.0140049 0.0552806 0.000803996 0.0266724 2.01769e-11 0.0477732 0.0168204 0.272442 1.54059e-05 0.033138 0.00111639 0.0675382 0.024504 0.025705 5.8742e-07 0.270698 
7.81226e-05 0.0153733 1.63817e-08 0.00922619 0.000778483 7.83585e-05 5.76755e-05 1.23793e-11 0.00252148 0.000374083 0.435316 0.00427307 0.000105437 0.000221628 0.351161 5.78828e-05 2.12295e-09 5.253e-07 0.180376 
5.57097e-06 0.0213813 0.000753717 0.00836625 0.00624538 0.000631009 0.000894366 7.11175e-10 0.0038963 0.0157577 0.925801 7.89215e-05 0.0077119 6.03205e-10 0.0054233 3.49331e-07 0.000810568 3.27542e-06 0.00223865 
0.000161554 0.0466507 0.00794427 0.0326292 0.0131147 0.000677274 0.0182885 0.00118607 0.0230145 0.00594629 0.48834 0.00804704 0.00644235 0.00147196 0.102287 0.0207569 0.000812424 2.00387e-05 0.222209 
6.67205e-05 0.0168392 0.00190065 0.0210413 0.0261225 0.000151971 0.0207489 6.75032e-07 0.0273842 0.0446825 0.654427 0.000148554 0.00409492 1.08765e-08 0.0705525 0.00630181 0.0170647 4.11052e-08 0.088472 
6.13964e-08 0.34911 0.000121496 0.00499532 0.00934481 0.000130314 0.0524757 7.77276e-09 0.00346767 0.0620459 0.370857 0.000102505 0.00367258 2.06431e-07 0.0311337 0.00703388 0.00102042 2.31414e-08 0.104488 
8.69319e-05 0.0405123 0.00082852 0.02853 0.00324458 0.000104993 0.00931522 1.82778e-10 0.00426464 0.00558354 0.68841 0.0002903 0.00611201 0.00237286 0.161759 0.00672552 1.64928e-05 9.63387e-09 0.0418434 
0.000536491 0.110932 0.00731212 0.060039 0.00983787 0.000590262 0.0613009 8.73721e-06 0.035433 0.0631749 0.461639 0.0138779 0.00699696 0.00991649 0.0583152 0.00167173 0.00526502 6.12888e-05 0.0930912 
1.18891e-05 0.174629 0.00105732 0.0444752 0.00864354 0.000778103 0.0226746 9.30514e-08 0.00197939 0.203513 0.441916 0.00211732 0.00113879 6.48798e-11 0.00736522 0.000671196 4.94132e-08 1.23919e-08 0.0890287 
6.08994e-06 8.92493e-07 0.000194643 0.023669 1.80888e-07 0.000120057 0.00189888 2.40101e-12 0.00122577 0.0184888 0.68358 0.000796473 0.000388992 7.44809e-05 0.0837085 4.13963e-08 1.25956e-08 4.17965e-09 0.185847 
0.000133294 0.0394 0.000272251 0.0434028 0.00667663 0.00631916 0.0693098 6.93325e-09 0.0103959 0.067538 0.649416 0.000897863 0.010279 2.79324e-06 0.0442815 0.00465234 0.0155018 1.30711e-06 0.0315192 
1.15801e-06 0.0735263 0.000334004 0.0109987 0.00265823 0.00105263 0.01509 0.0237439 0.0172092 0.0022365 0.761341 3.58242e-05 0.0175447 2.9676e-05 0.011296 0.0451877 0.00130656 2.69065e-06 0.0164056 
0.000428654 0.214499 0.000314937 0.0546304 0.00188236 0.00143901 0.00371731 3.42755e-08 0.164741 0.226681 0.315188 0.00134675 8.28918e-08 4.33733e-06 0.00232328 0.000134448 0.000516583 1.17335e-06 0.0121524 
1.42883e-05 0.111996 5.30661e-08 0.077872 0.0431349 0.000272405 0.0118853 9.10169e-07 0.0113903 0.00286118 0.328092 0.000569369 0.0042537 7.76172e-06 0.251691 0.0250156 0.00426038 3.16885e-07 0.126683 
6.28519e-06 0.05488 6.29346e-05 0.0336974 0.00245338 5.09048e-05 0.224081 0.0620186 0.00623705 0.0439362 0.449448 0.000256719 0.000912393 9.84438e-05 0.0256565 0.00242663 3.57904e-05 1.45282e-06 0.09374 
1.64729e-05 0.00431152 0.000320925 0.0211519 0.000358515 0.000584602 0.0810342 2.82422e-11 0.000260455 0.000458603 0.852908 0.00162422 0.0129136 1.21718e-07 0.000618413 0.00148306 1.50867e-06 2.22664e-06 0.0219515 
7.83e-05 0.0561369 0.000571816 0.0243028 0.00574309 0.00407181 0.0426687 1.08925e-05 0.0137827 0.0104493 0.571004 0.00229487 0.00394621 0.000153809 0.127308 0.0196241 0.00584148 1.35999e-06 0.112009 
4.8176e-05 0.0233985 0.00247875 0.0185224 0.0477833 0.00258046 0.224078 2.99925e-06 0.0475325 0.171926 0.299584 0.000275678 0.00954965 9.41232e-05 0.00787383 0.00499859 0.0680363 3.40214e-05 0.0712022 
1.11514e-05 0.00777828 1.1363e-07 0.0252426 0.00137455 8.46828e-06 0.411567 6.80112e-10 0.0138028 0.0106641 0.490327 0.000577037 0.00603389 4.99536e-06 0.000164968 0.0192218 0.0130876 1.62536e-08 0.000134303 
8.90408e-05 0.0124202 3.48698e-05 0.146891 0.0264536 1.15176e-05 0.000317202 1.85168e-06 0.0140925 0.000991939 0.678534 0.000466189 0.00658003 7.19099e-05 0.0328775 0.0593988 0.014686 2.13437e-06 0.0060796 
3.7479e-08 0.0490351 3.90551e-10 0.00770576 0.114159 2.43824e-10 0.253743 5.97691e-10 0.00674119 0.0402362 0.3127 4.86577e-07 0.000129801 0.000479157 0.000262362 0.0208135 0.00953027 0.000424581 0.184039 
0.000159283 0.038385 0.00135987 0.124865 0.0844803 0.000395212 0.00977812 3.88338e-09 0.0506153 0.00337324 0.517139 0.00058368 0.0318018 0.00272876 0.00160124 0.0934596 0.00527968 1.27193e-05 0.033982 
9.02134e-05 0.0517186 0.00151128 0.0255369 0.0122992 0.000987777 0.00518529 4.23232e-07 0.0521993 0.345448 0.462096 0.0030409 0.00335564 0.000289123 0.00823802 0.00838684 0.000332035 6.14497e-05 0.0192226 
7.87821e-08 0.190297 2.41085e-07 0.0775871 0.0285486 6.21829e-05 0.0414497 2.56288e-09 0.0147851 0.0296986 0.437666 3.60088e-05 0.00458587 2.12539e-07 0.0217512 0.0717632 0.00743354 8.90372e-07 0.0743334 
2.60127e-05 0.0797474 0.000272109 0.142434 0.00490192 0.000124716 0.00657498 7.99742e-09 0.0171847 0.00248263 0.683845 0.000256848 0.00155003 2.82075e-05 0.0163535 0.00501623 0.000505199 1.16203e-06 0.0386946 
2.23072e-05 0.0539621 0.0044862 0.0153821 0.0143094 0.00867826 0.0445302 1.40212e-10 0.0127821 0.00585263 0.404794 9.2021e-05 0.000468076 1.18839e-06 0.375581 0.00391853 0.000315113 2.92004e-05 0.0547961 
0.0159927 0.00860538 0.000324982 0.0155801 0.00476525 0.000710906 0.029697 0.000876054 0.00118926 0.0148097 0.726593 1.3801e-05 0.000123054 0.000339133 0.00334442 0.0730202 7.10008e-05 1.3596e-07 0.103944 
0.0575522 0.0313688 4.7047e-05 0.034116 0.0390866 0.000165153 0.104229 1.87808e-10 0.129697 0.0101377 0.435799 0.000583892 0.00720233 1.43724e-05 0.00764203 0.00871469 0.00159072 4.55913e-06 0.132049 
4.21826e-06 0.00543055 8.56396e-07 0.00388139 2.63598e-05 0.000220828 0.470874 2.68634e-08 0.00520228 0.00203415 0.486574 1.41388e-08 7.2888e-08 4.98071e-10 0.00515913 0.0134365 7.59037e-05 4.44255e-10 0.00707929 
0.000167477 0.0164699 0.000206368 0.00696262 0.00465912 0.00606725 0.136603 1.00233e-08 0.00796412 0.00472563 0.731512 0.00785706 0.0135469 4.20027e-07 0.0070335 0.0491487 0.000886162 3.37558e-08 0.00618907 
0.000297462 0.0225903 0.000115631 0.0224018 0.00994008 0.000576288 0.00691143 9.11791e-05 0.0185751 0.00942844 0.606581 0.00800723 0.0289591 0.000531495 0.0360415 0.196366 0.00258032 2.33601e-06 0.0300037 
0.000452618 0.00866163 1.51019e-05 0.0184649 0.00434905 0.00102338 0.0602931 0.000961433 0.0368837 0.00489098 0.639984 0.0518366 0.00594087 3.45384e-06 0.0330634 0.113568 9.23036e-05 2.33094e-07 0.0195148 
5.97565e-08 0.00574983 0.000175864 0.00597771 0.0127818 0.00644485 0.000230877 3.2334e-08 0.0139239 0.000697461 0.535609 0.00603389 0.00402129 8.60839e-08 0.220485 0.0666333 0.00897894 4.9937e-07 0.112256 
9.58927e-06 0.059898 1.58105e-06 0.0125096 0.00291898 6.77526e-05 0.00276914 2.80924e-07 0.0964539 0.0121765 0.761513 0.000133043 0.000134106 2.71699e-06 0.0203827 0.00256288 5.59602e-05 4.51251e-07 0.0284093 
0.000395982 0.0148284 0.00888819 0.0600367 0.00752549 0.00115375 0.0127091 3.51707e-09 0.0446303 0.00219889 0.62484 0.00282856 0.00485617 0.0323888 0.126099 0.00293168 0.00576505 6.02836e-06 0.0479185 
4.75251e-06 0.0150985 0.000274414 0.0123516 0.0272494 0.00206673 0.288785 3.44941e-08 0.0192461 0.0220715 0.396431 0.000597042 0.00456138 0.00045126 0.193608 0.00438271 1.36897e-06 5.00242e-11 0.0128188 
1.67375e-05 0.0299118 0.000317449 0.118948 0.00283781 6.10635e-05 0.00372087 5.96396e-06 0.0075539 0.00346779 0.484475 0.00128543 0.00341043 0.00317126 0.0524903 0.0034797 0.00371886 3.16533e-07 0.281127 
0.000154616 0.143573 0.01327 0.157404 0.110219 0.00269723 0.0736495 0.000361897 0.0540762 0.129302 0.222037 0.00121211 0.0093711 0.000932159 0.0194657 0.0476125 0.0053058 4.29868e-05 0.00931363 
0.000221601 0.0776327 0.0136806 0.0262842 0.00142957 0.00582324 0.0416017 4.39282e-11 0.0161215 0.00574475 0.550544 0.000302048 0.00128372 3.72591e-11 0.121869 0.00186742 1.34846e-05 2.99257e-09 0.135581 
9.70474e-08 0.00432064 9.66774e-06 8.86406e-07 1.26735e-06 0.000385356 3.26891e-06 9.16112e-11 0.001086 0.00935451 0.984807 3.31316e-07 1.53673e-11 7.77029e-11 2.6111e-05 1.48087e-07 1.06582e-07 6.93071e-11 4.35796e-06 
5.36254e-12 0.00408469 6.96464e-08 1.6287e-09 0.0170463 1.32185e-11 0.143668 3.24028e-11 0.000112039 1.02479e-08 0.553186 1.48319e-11 0.00106227 2.74834e-11 0.000180086 0.00286844 0.00361567 2.45138e-11 0.274177 
4.56827e-05 0.0435466 0.00957574 0.00498066 0.00663113 0.000309568 0.00802326 2.76665e-08 0.0755687 0.00612409 0.63853 0.000817393 0.0035298 0.000160486 0.128235 0.00154317 0.00204502 3.0007e-07 0.0703332 
7.35485e-06 0.037609 2.65794e-08 0.142127 0.00955686 0.000177981 0.0461382 1.62886e-10 0.00017355 0.000102213 0.52872 2.20773e-06 0.00826991 8.14093e-05 0.18439 0.0109278 0.00705673 1.31262e-08 0.0246597 
7.61428e-07 0.134545 0.0124908 0.00542664 0.241204 1.13562e-05 0.16593 7.54444e-07 0.00259569 0.139417 0.293809 0.000608863 0.000865141 1.70596e-06 0.00154178 0.00151757 3.00954e-05 2.78356e-06 2.40765e-06 
0.000457995 0.00197535 0.0227727 0.0166264 0.163559 0.000953349 0.00251522 2.83093e-07 0.0117166 0.0939394 0.346734 0.000229129 0.286737 2.40114e-07 0.0268533 0.000896649 0.000314595 0.00785025 0.0158683 
0.0238947 0.0547285 0.00133836 0.180731 0.0529442 0.00109934 0.0170224 0.000390945 0.154106 0.0409393 0.337432 0.000598272 0.0197762 0.00958684 0.000862999 0.0644262 0.0100044 3.05409e-05 0.0300873 
1.28891e-08 0.0412632 2.77605e-08 0.0618135 0.0016585 0.000194209 0.0141526 7.22177e-08 4.76424e-07 0.0102315 0.798055 0.000301784 3.74317e-07 4.99049e-06 0.0329737 0.0331028 2.53343e-07 1.76798e-08 0.00624729 
0.000409476 0.0285111 0.00941975 0.00255806 0.0318802 0.000333182 0.000457056 1.99831e-07 0.0158324 0.0422859 0.529129 0.00884604 0.0386526 0.00257842 0.270633 0.00348533 0.0128901 1.37247e-08 0.0020985 
3.61954e-05 0.0850596 2.78393e-05 0.126777 0.256293 0.000160254 0.000440308 2.39295e-10 0.00378672 0.00498953 0.347786 0.00121354 0.0100979 7.51257e-06 0.092909 0.0385632 0.0295871 1.03154e-07 0.00226471 
2.49385e-05 0.0423435 0.00035559 0.0319476 0.0122146 0.00545761 0.0237311 3.10428e-07 0.0395993 0.0211984 0.598845 0.00102707 0.00404761 0.000365272 0.108245 0.0330439 0.001085 0.00015374 0.0763138 
2.08674e-08 0.166516 1.16265e-07 0.151257 0.082053 0.000155002 0.0372217 0.000314002 0.00221684 0.00373443 0.294365 1.98971e-05 0.000757323 0.00107491 0.00204547 0.252301 0.000236583 1.46525e-10 0.00573251 
0.000605728 0.081145 0.00975474 0.0315902 0.0191401 0.00160994 0.0525714 0.000117067 0.0196299 0.0184668 0.475951 0.00223365 0.0126048 0.000410061 0.0757525 0.038815 0.00362884 2.72415e-05 0.155946 
0.000240901 0.130053 7.56605e-05 0.243467 0.080705 0.00878477 0.0121346 2.02058e-07 0.0112985 0.037432 0.389507 0.000349189 0.0355567 0.000200355 0.00281146 0.0106115 0.018617 2.46144e-05 0.0181301 
0.00153514 0.0503248 0.00217511 0.0137773 0.00945346 0.000322193 0.021576 3.77143e-07 0.0370798 0.182646 0.241483 0.210878 0.0276325 0.0005061 0.0418863 0.131853 0.0118093 7.72323e-05 0.0149849 
0.00408278 0.0548638 0.000990587 0.0589284 0.0118427 0.00745805 0.0515243 0.00272196 0.0310688 0.00911451 0.588028 0.0141829 0.0117723 0.000867612 0.0422532 0.0338508 0.00313567 3.28509e-05 0.0732808 
5.305e-10 0.192563 2.09459e-09 0.0293102 0.00515112 0.164996 0.0188717 3.20551e-09 0.00570347 0.122106 0.448341 1.80601e-06 0.00364298 1.19633e-05 0.00034821 0.00894036 1.26821e-05 2.42508e-09 7.66644e-10 
2.98663e-05 0.0153659 0.0113916 0.0738976 0.0458303 0.000344976 0.0231572 1.48247e-09 0.147207 0.0834713 0.469148 9.85174e-06 0.00102271 0.0117441 0.0863392 0.00852298 0.000225598 1.18735e-08 0.0222922 
0.000134976 0.0958483 0.00456851 0.0254033 0.0691714 0.0119955 0.00416977 5.11425e-06 0.0091319 0.106427 0.63266 9.81997e-05 0.00877811 7.22136e-08 0.0219073 0.000883558 0.00125107 0.000251067 0.00731583 
1.12112e-05 3.54416e-06 0.0464705 0.00142002 0.0163222 2.82709e-06 0.000543946 1.8918e-09 0.165735 0.181329 0.310363 0.000388221 0.00111295 0.0689619 0.0185309 0.00478884 6.55196e-06 1.43122e-09 0.184009 
0.0431636 0.0353368 9.48453e-08 0.188188 0.01047 0.000902271 0.0233125 1.6326e-07 0.00222375 0.0161622 0.593896 0.00420919 0.000924243 5.88411e-08 0.000287628 0.0763692 0.000309803 2.64383e-06 0.00424207 
3.42477e-05 0.0267886 9.82611e-05 0.0436798 0.00247699 2.9161e-05 0.00854596 6.51259e-09 0.00583465 0.00105955 0.494347 3.40853e-05 0.014188 4.39642e-05 0.0314966 0.0814072 0.000920198 7.77122e-10 0.289016 
0.0120144 0.142741 0.0159632 0.0727008 0.0352761 7.73854e-05 0.0112312 1.1111e-08 0.0962879 0.0122723 0.434572 0.00075268 0.0309759 8.03612e-05 0.0354648 0.0244301 0.0224417 9.4089e-05 0.0526236 
2.29117e-06 0.00407853 5.8692e-05 0.00739667 0.000465895 0.0250367 0.000217068 4.05563e-09 0.00789505 0.00119495 0.805362 2.71115e-05 0.000723085 2.35803e-05 0.041571 0.00205857 9.99708e-07 4.60006e-08 0.103887 
0.00213983 0.103194 0.000790418 0.0210502 0.0270473 0.0024655 0.203854 3.19558e-06 0.0780418 0.236519 0.249159 1.1468e-05 0.00444719 0.00426081 0.0176664 0.00880235 0.00480484 0.000431561 0.0353114 
2.35732e-05 0.2556 0.000448756 0.0129525 0.0388775 0.00348928 0.0261011 2.70982e-10 0.0920291 0.0751539 0.270708 0.000237166 0.00325812 1.51388e-06 0.116609 0.0879754 0.00824369 4.06157e-06 0.00828729 
0.000644713 0.325168 0.0943821 0.0342722 0.0494863 0.000649429 0.0163618 2.71129e-10 0.0630969 0.0133701 0.361385 0.00349214 0.00138658 2.69585e-05 0.0248868 0.00912332 0.00156311 7.21893e-08 0.000704393 
0.00105294 0.0771755 0.00170404 0.0330382 0.0168368 0.000543814 0.00721994 8.30511e-05 0.0159006 0.0331236 0.42503 0.00432686 0.00549714 3.52037e-05 0.0378454 0.0024062 0.00104495 1.08542e-05 0.337125 
0.000140813 0.0702935 0.00179458 0.0193113 0.0234561 0.00734062 0.00943309 2.65564e-05 0.0195005 0.0444232 0.723436 0.00285844 0.00514576 0.000427359 0.0519687 0.00468799 0.00144856 3.22464e-05 0.0142741 
6.09456e-08 0.032884 1.00589e-05 0.00902469 0.000304262 2.45366e-05 0.00624584 5.38299e-07 0.0109607 0.000226927 0.527451 0.00572122 0.00247784 1.77137e-07 0.0247331 0.0217812 0.00172052 1.78407e-08 0.356433 
1.75352e-05 0.0848785 0.0258956 0.0467659 0.111371 0.00643575 0.00192857 1.46471e-08 0.0808189 0.0459102 0.262467 8.78101e-05 0.0360675 5.10952e-05 0.0557898 0.173475 0.0652251 1.26936e-05 0.00280159 
0.000565963 0.0268482 1.67524e-05 0.0683672 0.00280005 0.00597172 0.00123885 1.03157e-10 0.00451751 0.000211395 0.744701 0.00686649 0.0144696 1.28014e-07 0.11593 0.000936266 6.5855e-05 2.00018e-07 0.00649241 
0.0877856 0.0400065 0.000819073 0.0260809 0.0151798 0.00164288 0.0248321 1.43591e-08 0.0127109 7.14046e-05 0.717715 9.11603e-09 0.0170962 5.43441e-08 0.000327028 0.0392852 0.00746157 0.000118785 0.00886676 
8.39622e-05 0.043442 0.113998 0.00125373 0.0129242 0.00220496 0.00878313 9.56437e-11 0.131358 0.0133493 0.576609 0.00126273 0.000440379 0.000523114 0.087093 0.000305229 0.00212469 7.23579e-11 0.00424452 
0.000987046 0.091123 0.00231383 0.0250423 0.0863246 0.00173837 0.024147 0.000100748 0.0687085 0.146332 0.484371 0.00223821 0.00227815 0.000131266 0.0339697 0.0131635 0.0122017 4.05688e-05 0.00478896 
0.000721323 0.053021 0.0978083 0.017982 0.0297949 0.00204428 0.00574264 1.43722e-07 0.0123649 0.254251 0.423066 0.00679765 0.000958632 0.000488987 0.040123 0.00479866 0.000336954 2.93122e-05 0.0496696 
1.80175e-06 0.0189815 1.62239e-05 0.00301987 0.0131293 0.000274884 0.0487905 3.33242e-05 0.00736087 0.267206 0.598081 5.95696e-05 0.034441 3.54031e-05 0.000391378 0.00685599 0.000359672 1.92543e-06 0.000960349 
0.00158603 0.0170657 0.00392236 0.0673499 7.55002e-07 0.0053579 0.0506515 0.000603655 0.0258994 0.00302053 0.811249 7.54455e-07 7.54892e-07 7.53859e-07 7.54987e-07 0.0132881 7.54801e-07 7.53999e-07 7.54783e-07 
0.00020196 0.0399074 0.0026391 0.00634599 0.0136618 3.25071e-05 0.0103613 9.54033e-07 0.0111991 0.0184693 0.610515 0.0245523 0.00881952 2.95068e-08 0.116254 0.0294464 0.000758083 0.0291738 0.0776622 
8.05569e-08 0.00821214 0.000271338 0.0250089 0.00193292 2.23629e-08 0.00695481 3.10229e-07 0.000503993 0.00291925 0.933786 6.48004e-05 2.25013e-05 1.02591e-06 0.000123061 0.00166288 0.000232575 1.24075e-05 0.0182907 
8.57165e-06 0.0209233 0.00230092 0.00219189 0.00443875 0.000298416 0.109239 4.28881e-11 0.0137148 0.00392789 0.636864 0.000108006 0.000143294 0.000879581 0.193961 5.37465e-08 9.18623e-05 3.24464e-11 0.0109099 
0.00158603 0.0170657 0.00392236 0.0673499 7.55002e-07 0.0053579 0.0506515 0.000603655 0.0258994 0.00302053 0.811249 7.54455e-07 7.54892e-07 7.53859e-07 7.54987e-07 0.0132881 7.54801e-07 7.53999e-07 7.54783e-07 
0.00288181 0.0628689 0.0390551 0.028167 0.00867526 0.0165951 0.0442903 3.05271e-06 0.142762 0.197766 0.35428 0.0277118 0.0241893 2.18744e-06 0.0127036 0.0198517 0.00196003 8.82045e-05 0.0161482 
5.13193e-05 0.000627898 1.4508e-11 0.00111806 2.13003e-12 5.07309e-08 2.70204e-07 2.22028e-11 1.21014e-07 0.00131742 0.728671 1.53471e-07 1.75796e-07 0.114931 5.60414e-08 0.000475746 1.64582e-07 2.01734e-08 0.152807 
4.33716e-05 0.0316813 0.000507053 0.0249529 0.0121394 0.000583649 0.0140413 0.0187696 0.125543 0.0495361 0.304305 0.0129057 0.161001 0.000572185 0.00294467 0.19072 0.0392176 6.86043e-07 0.0105349 
2.92654e-05 0.251431 2.51148e-05 0.119 0.00176756 0.00170937 0.204051 2.51983e-08 0.0366299 0.00175442 0.283224 0.000900018 0.0359687 0.000272421 0.0046493 0.013432 4.85606e-08 3.94918e-10 0.0451563 
0.000178652 0.0430608 0.180987 0.0888596 0.0129051 0.0338811 0.00959453 1.15738e-05 0.05498 0.196899 0.33639 0.0143884 0.0061498 0.000108876 0.00503316 0.00208282 2.19649e-07 7.28583e-07 0.0144883 
1.00021e-05 0.0741504 5.216e-05 0.02612 0.0120875 0.000146724 0.00140804 2.54715e-07 0.00700331 0.214542 0.449907 0.000172762 0.00669118 2.16045e-07 0.000111625 0.000861898 0.00265648 1.92701e-07 0.204079 
0.000953667 0.082637 0.002026 0.0273448 0.0271954 0.0139393 0.0245956 0.00058759 0.0397788 0.0464165 0.555989 0.0017842 0.0165493 0.00441888 0.064798 0.0446179 0.00793562 1.6805e-05 0.0384153 
0.00225153 0.219271 0.010195 0.0981859 0.117709 0.00209323 0.00761755 4.53358e-08 0.0817689 0.0847212 0.291311 0.00289722 0.013654 0.0029487 0.0097358 0.0412369 0.00142953 2.77452e-05 0.0129455 
6.73693e-08 0.229116 0.000234611 0.120872 0.0134094 0.00146148 0.0585493 4.33768e-07 0.031214 0.0045365 0.470563 1.64446e-07 0.0126849 5.5457e-10 0.00262226 0.0255874 0.010293 4.94649e-10 0.0188555 
3.60492e-05 0.274639 0.000202778 0.0200254 0.0135245 2.80427e-05 0.0210077 9.53924e-07 0.0829686 0.0335004 0.428619 0.000529943 0.00227587 2.95481e-05 0.0908579 0.000659183 0.000301809 1.84791e-05 0.0307756 
0.0012991 0.0543076 0.00123309 0.0238044 0.0129772 0.0022507 0.040298 0.00226186 0.0322427 0.0225911 0.659484 0.00254648 0.0156821 0.000678018 0.0671041 0.012071 0.00333856 2.93859e-05 0.0458009 
0.000113007 0.188266 0.000384038 0.0141581 0.041163 0.00211386 0.0361174 4.36112e-10 0.0830672 0.0893187 0.473775 1.76022e-05 0.00852213 6.45209e-06 0.0492394 0.00993062 0.0010375 3.91224e-07 0.00276951 
0.0349517 0.0197169 0.00167761 0.113758 0.00847463 0.0058678 0.0251226 3.25147e-07 0.0432688 0.0166524 0.579313 0.00131911 0.0176473 0.00030833 0.0610468 0.00785695 0.000515398 8.56393e-06 0.0624935 
0.000417908 0.0552659 0.00290367 0.0303834 0.0199619 0.00167722 0.0530656 1.36996e-05 0.0331968 0.0388667 0.531118 0.00574278 0.0159875 0.000852476 0.141624 0.0306643 0.00688491 3.00152e-05 0.0313434 
0.000222792 0.0837324 0.00872167 0.0413367 0.0351781 0.0061761 0.0569592 1.43084e-05 0.0240275 0.0118221 0.468711 0.00924315 0.00844554 0.00103745 0.106627 0.0216277 0.00803908 8.7112e-06 0.108069 
6.02968e-07 0.184918 6.02375e-07 0.112113 0.0487272 0.00313451 0.122758 6.01955e-07 0.0178524 0.0152567 0.35722 0.00470099 0.00596996 6.0214e-07 0.0183934 0.0483026 0.0110938 0.000422179 0.0491352 
0.000290999 0.100278 7.62621e-05 0.0463 0.0589973 0.00143552 0.0686363 7.16666e-06 0.0612457 0.123135 0.473859 0.00135013 0.00401443 0.000929544 0.00867523 0.00736199 0.00954652 9.61333e-06 0.0338521 
0.000364271 0.0596415 0.000525461 0.0868309 0.0181846 6.61141e-05 0.00320777 1.80095e-06 0.0891022 0.00584864 0.380317 0.00111427 0.00130192 5.04879e-06 0.24696 0.00830828 0.000382523 4.13566e-07 0.0978371 
0.00147033 0.119583 0.00671291 0.0699753 0.0540558 0.00452522 0.0460727 2.22439e-05 0.0771875 0.0484784 0.388178 0.0051328 0.0244104 0.00146045 0.0606353 0.0213871 0.0137707 0.000246756 0.0566952 
0.000557494 0.105201 0.0396889 0.0106816 0.00260977 0.000800028 0.0101597 0.0236449 0.0560466 0.0911463 0.533538 0.000161005 0.00289046 0.0357517 0.0561034 0.00173293 0.00187046 6.08833e-05 0.0273553 
8.84897e-05 0.0765579 0.000248182 0.0337095 0.0457651 0.000655615 0.0207188 0.00315625 0.227476 0.105683 0.397334 0.00027082 0.000925022 2.72405e-05 0.000213512 0.0591448 0.000200194 0.00738269 0.020442 
8.13839e-08 0.0979046 1.21592e-06 0.0461732 0.00499196 6.64952e-06 0.00386253 7.34416e-11 0.0185808 0.00725787 0.792951 0.000129957 0.0105605 1.57993e-05 4.09435e-05 0.00774154 0.00628406 1.43146e-08 0.00349759 
1.995e-05 0.0186536 0.000416032 0.00508161 0.000159725 2.9283e-06 0.00934671 1.31016e-07 0.00748601 0.00374051 0.942334 1.0866e-05 9.11427e-05 5.14647e-09 0.00381052 0.00776595 0.000146004 6.43283e-08 0.000934143 
0.0423475 0.0210527 0.00178558 0.00716441 0.0269955 7.12131e-08 0.00210531 4.37515e-05 0.00306279 0.00871061 0.771556 0.000264893 0.00372173 2.26464e-07 0.00283658 0.0247294 2.9774e-06 1.72697e-06 0.0836182 
9.24335e-06 0.0272145 4.30635e-07 0.225997 0.0715151 0.0078293 0.0149367 1.92362e-07 0.0110741 0.0523263 0.493314 0.00203039 0.000644428 7.2138e-11 0.00183506 0.0404375 0.0254409 6.83161e-06 0.0253875 
0.000538708 0.161106 0.00418804 0.0617678 0.039345 0.00529494 0.0649257 2.61271e-10 0.0327162 0.194486 0.226097 0.00451515 0.0845005 0.062013 0.0163961 0.0324424 0.00270277 8.71956e-07 0.00696435 
0.00742649 0.122729 0.000475923 0.0527932 0.0810351 0.00228456 0.0154309 0.00913114 0.0629212 0.184767 0.297469 0.0583472 0.00625906 0.000412264 0.0388346 0.00591273 0.000211935 8.88785e-05 0.0534697 
2.70692e-05 0.146551 3.16866e-05 0.0240214 0.0104821 0.000160926 0.00936049 3.41679e-05 0.0239961 0.0107193 0.45423 0.0020246 0.00245185 0.000825317 0.0463577 0.0278032 0.000574326 1.17957e-07 0.240348 
9.87003e-05 0.113562 0.000436404 0.0306971 0.0112058 0.00417516 0.00276931 6.87825e-06 0.026067 0.042396 0.437965 0.000652555 0.00615979 0.000170687 0.294404 0.00931215 0.00186266 2.90246e-06 0.0180568 
1.29565e-10 0.121264 0.0486789 0.00113418 0.0289036 0.000259495 0.26035 7.82891e-10 0.0240432 0.00222693 0.477503 7.63814e-05 0.00220583 1.8499e-06 0.00144198 0.00112999 0.00236672 1.83896e-06 0.0284122 
6.03628e-06 0.0761097 0.0170508 0.106261 0.000894716 2.25986e-07 0.000282447 3.08542e-08 0.00106071 0.00257156 0.763792 7.71281e-05 0.000143947 1.00145e-10 0.0310559 4.60118e-05 6.62148e-08 4.68482e-06 0.000643817 
0.00074318 0.0512368 0.00273805 0.0199347 0.0184899 0.00452587 0.0718723 0.000701748 0.0322816 0.0405275 0.57908 0.00457734 0.00812167 0.00104068 0.107504 0.0115891 0.00407125 0.00311828 0.0378456 
7.56734e-09 0.0142139 4.4992e-08 0.0140538 0.00167626 0.00384564 0.179885 5.98965e-06 0.00885525 0.00047451 0.652111 0.000324695 0.00174594 5.06943e-05 0.000421479 0.0014442 7.9702e-05 1.87591e-09 0.120812 
0.0170247 0.107117 1.38733e-07 0.166833 0.0133013 0.00620943 0.0373051 6.00838e-08 0.024094 0.0388358 0.296634 0.000581795 0.0256045 5.77518e-05 0.0581288 0.0126241 0.00234596 2.91071e-06 0.193299 
0.000113743 0.0336762 0.00014009 0.0183469 0.00336714 0.00134595 0.0137902 4.59074e-10 0.0381041 0.0145457 0.608493 0.00396796 0.0409208 2.11315e-05 0.11899 0.000975092 0.000947686 9.09209e-08 0.102254 
1.34124e-05 0.0712277 2.59834e-06 0.00595397 0.013924 6.71967e-05 0.00214691 5.92226e-07 0.233937 0.0105041 0.31186 3.8049e-05 0.00325329 3.73231e-08 0.163676 0.123866 0.00596378 5.22904e-07 0.0535644 
1.78039e-07 0.00687087 0.000229326 0.026991 0.0417466 0.020778 0.0994283 1.49322e-10 0.00329586 0.00387069 0.341835 0.00510272 0.000760691 3.50106e-06 0.13247 0.00484021 0.000523318 0.00191333 0.30934 
2.58591e-05 0.0350924 6.58519e-05 0.038314 0.00275166 0.000844541 0.00693221 8.10456e-09 0.0190094 0.00910725 0.864738 0.00143594 0.00238465 3.79614e-05 0.00225067 0.00341671 0.000300934 4.42011e-07 0.0132919 
0.000147265 0.143959 0.000157442 0.057643 0.0881012 0.00297604 0.00552915 0.000434731 0.0343974 0.022832 0.281231 0.0611455 0.0866792 0.0383323 0.122832 0.0234321 0.0082829 1.75224e-06 0.0218859 
5.64301e-05 0.138734 0.00338485 0.0107673 0.0146887 0.00259644 0.0897453 0.000681839 0.0435747 0.0806288 0.302458 0.00145911 0.0881314 0.000473022 0.0336836 0.151296 0.0148184 2.41981e-05 0.0227986 
6.99467e-07 0.0424314 4.52734e-11 2.17154e-06 3.97494e-07 1.61136e-07 0.0147178 6.92855e-11 0.0339091 0.000165154 0.643717 3.17144e-11 0.11576 5.87667e-11 3.38097e-07 0.119344 0.00360627 5.24169e-11 0.0263451 
1.44095e-09 0.0223255 2.1121e-06 0.0188395 7.15314e-06 3.55191e-09 0.173961 8.70686e-09 1.00569e-06 0.0745262 0.448416 0.00211581 0.00016984 5.66767e-05 1.18745e-06 0.259563 1.98583e-09 6.58705e-09 1.46906e-05 
1.07165e-05 0.0669128 2.64097e-05 0.0221277 0.218934 0.00269675 0.0265628 1.34094e-08 0.0509862 0.00457154 0.48127 0.000481919 0.00312257 0.000183541 0.0181677 0.0440642 0.00334426 4.1207e-06 0.0565334 
1.03966e-06 0.0386364 2.46601e-07 2.68263e-06 0.031111 1.53955e-07 0.0651675 3.77393e-07 0.00754152 5.87413e-06 0.855689 0.000148589 0.000336567 3.20098e-07 3.45583e-07 0.0013138 2.84015e-05 2.85511e-07 1.61853e-05 
0.0180653 0.0551871 0.000207043 0.0260894 0.146451 4.09051e-05 0.00142837 2.30597e-10 0.0378178 0.0134888 0.400265 0.0827668 0.00326438 0.00246964 0.174616 0.0140885 0.00754143 0.000127209 0.016086 
1.53324e-05 0.00751857 0.000117046 0.00206878 0.0519778 2.05954e-05 5.83758e-05 5.39039e-05 0.00590661 0.0512659 0.842563 0.00274226 0.00150507 7.85048e-06 0.000674093 0.000219266 0.00348107 0.00146825 0.0283357 
0.000770109 0.0804385 0.194648 0.046478 0.0141746 0.000263314 0.0121766 3.85085e-11 0.01876 0.00370958 0.317375 6.97619e-05 0.00251259 0.000110211 0.0295379 0.0086488 0.00198635 0.000389354 0.267951 
0.000517435 0.0925505 0.00601731 0.0406461 0.0187603 0.0165863 0.0649177 3.21229e-05 0.0287162 0.017128 0.489646 0.000695138 0.00767414 0.000354435 0.0922539 0.0147709 0.00259602 3.62558e-06 0.106134 
3.91946e-06 0.0821551 9.25772e-05 0.00212957 0.00103827 0.000500506 0.173779 7.76818e-08 0.0157507 0.0347517 0.644558 9.42634e-07 2.42448e-05 4.47488e-05 0.0013248 0.00174305 2.77324e-05 6.31644e-07 0.0420745 
1.11968e-05 0.0218829 6.29063e-06 0.00403088 0.00134724 1.57687e-05 0.000960947 1.50004e-08 0.0280831 0.000592598 0.847443 0.000615351 0.00107393 0.000118006 0.0534539 0.00100361 0.000814443 2.48768e-07 0.038547 
1.43919e-05 0.00485985 0.000242397 0.00484572 0.000631699 3.63721e-09 0.123633 5.86206e-08 0.00148814 0.0926741 0.761692 1.00959e-08 2.86001e-07 0.000125621 0.000588008 0.000631092 0.000175315 6.10923e-08 0.00839876 
0.00699299 0.150389 0.00227606 0.0602566 0.0571766 0.00256454 0.0429197 2.47733e-07 0.0404642 0.0481434 0.428248 0.0118819 0.0324566 0.000689926 0.0447999 0.0366695 0.00400784 2.74123e-06 0.0300599 
0.00129256 0.0280883 0.000318937 0.0467367 0.12005 0.000633694 0.00687091 3.69675e-09 0.0100769 0.215938 0.381358 0.000611489 0.00485032 0.0106134 0.0617881 0.0149426 0.00526302 0.00122066 0.0893463 
7.41381e-05 0.00170518 1.27937e-11 0.00109347 1.87834e-12 1.27192e-05 0.000763781 1.95792e-11 0.000533856 0.00119312 0.654589 0.000103568 0.000370561 0.204437 0.000229403 0.000403108 0.000238915 1.0951e-06 0.134252 
0.00203254 0.281719 4.51133e-07 0.0163958 0.118331 4.51357e-07 0.0550896 4.50818e-07 0.20041 0.0124648 0.287993 4.51313e-07 4.51574e-07 0.000225928 0.0126461 0.00582629 4.5152e-07 4.5104e-07 0.0068634 
0.000316652 0.168064 0.0102952 0.0109081 0.017388 0.00187628 0.0281018 0.0030958 0.0834092 0.296203 0.312357 0.0117682 0.00515818 5.41028e-05 0.0378464 0.00201011 0.000862275 6.09842e-05 0.0102253 
5.71459e-05 0.016734 8.08439e-09 0.0189034 0.000296398 6.21224e-05 0.00137246 4.61768e-09 0.00433142 0.00309144 0.937713 0.00020865 0.00145108 1.80683e-05 0.00051585 0.00128321 0.000120606 5.86533e-07 0.0138406 
6.98265e-06 0.123668 0.00028303 0.0893081 0.173531 0.00052443 0.092483 4.27344e-09 0.00728894 0.0386446 0.268689 6.37739e-05 0.00309733 1.89919e-06 0.00467452 0.078195 0.10734 8.49262e-06 0.0121922 
5.57063e-08 0.145125 0.000907927 0.111709 0.0989077 1.53887e-06 0.0175927 2.73772e-10 0.0564007 0.0110396 0.464683 0.000179474 0.00261213 7.18682e-07 0.0382228 0.0175022 0.00495391 1.32141e-07 0.0301612 
0.00356147 0.0493619 0.0029065 0.0497391 0.0138845 0.00538781 0.0654089 0.000589439 0.0176077 0.016541 0.481383 0.00240385 0.0247066 0.000393217 0.0621962 0.0158174 0.00180537 0.00204054 0.184266 
0.000173579 0.120858 0.000264615 0.108526 0.158841 8.41451e-05 0.0587359 0.0138441 0.118365 0.0673833 0.196213 3.66535e-08 0.0164739 4.09246e-06 0.000343512 0.137991 0.000679858 1.40376e-08 0.00121911 
0.000274284 0.243812 0.0367074 0.0871868 0.0783251 0.0040451 0.0144705 2.23921e-08 0.0357519 0.0752625 0.313589 0.00353425 0.00259431 6.31731e-06 0.018703 0.0199936 0.0194704 6.60565e-06 0.0462665 
3.82656e-09 0.0287475 0.0287077 0.00744293 1.13499e-06 0.000729275 0.0467376 4.73187e-07 0.0263649 0.0032715 0.849787 0.000159409 0.000511025 1.33912e-07 0.000213563 0.00236003 0.00432311 1.64138e-07 0.000643021 
7.06442e-08 0.138084 6.7582e-07 0.0461699 0.0107293 0.0772731 0.00152832 1.11452e-07 0.0396817 0.0399939 0.53367 4.30574e-05 0.0350717 7.74835e-11 0.0475307 0.00241348 0.000204075 7.05129e-08 0.0276064 
0.00018573 0.0826329 4.62644e-08 0.0271913 0.000719387 0.000304414 0.140186 2.21285e-05 0.0405041 0.029496 0.63288 0.000165577 0.0150973 9.03311e-06 5.28242e-06 0.0194122 0.000717984 4.98646e-06 0.0104656 
0.00143094 0.171193 0.103851 0.109656 0.04026 3.97181e-07 0.05861 3.96706e-07 0.0528229 0.0834148 0.249609 3.97141e-07 0.0252335 0.00313534 0.027343 0.0594129 0.00945671 3.96901e-07 0.0045695 
5.92843e-08 0.0152794 4.54221e-05 0.0346223 0.00127298 0.222614 0.019932 3.67166e-10 0.0362634 0.0269953 0.458559 2.18543e-06 0.000800944 3.38682e-08 0.179808 0.000494743 0.000212164 2.40243e-07 0.00309726 
2.27861e-05 0.330266 0.00278832 0.122673 0.00585878 7.32629e-07 0.0141752 0.0151096 0.0198868 0.00216804 0.331842 0.000671104 0.0315899 7.86273e-05 0.0303892 0.0521909 8.2552e-05 3.68644e-06 0.0402019 
3.53719e-05 0.143748 7.70917e-07 0.00457881 0.0183589 0.00180865 0.0248537 2.34226e-07 0.110289 0.0387609 0.33489 2.38532e-07 0.00226114 6.00008e-08 0.278273 0.0272676 0.000284954 7.09473e-11 0.0145886 
0.00111066 0.20229 3.08127e-07 0.0352605 0.0439578 3.08281e-07 0.0151126 3.07912e-07 0.021225 0.00419525 0.238719 3.0825e-07 0.0346678 3.08007e-07 0.201122 0.15207 0.0472766 3.08064e-07 0.00299164 
