3.89119e-11 2.35738e-07 1.55173e-08 1.1677e-07 2.25566e-11 9.11307e-07 0.0150736 2.35123e-10 3.55409e-07 2.64411e-07 0.979519 1.07624e-10 3.94407e-11 1.99427e-10 2.47267e-11 0.00540456 5.41621e-09 1.77879e-10 6.5236e-07 
2.27398e-05 0.106805 8.84715e-05 0.00506754 0.0111868 0.0001004 9.56136e-07 3.01555e-10 0.00956073 0.0139916 0.730693 5.27372e-05 0.0304591 2.55773e-10 0.00710957 0.000196981 0.000493365 5.47351e-05 0.0841167 
7.48557e-05 0.0911918 0.000424368 0.016269 0.0342821 0.00149725 0.230145 0.0044244 0.0356677 0.0228736 0.455587 0.000691597 0.00355881 0.000161119 0.0197933 0.0341431 0.0203669 1.38548e-05 0.0288346 
0.00199895 0.0783755 0.000303844 0.0704929 0.0621144 7.3081e-05 0.00784236 3.94861e-07 0.0130751 0.0919429 0.499146 0.0818954 0.00151745 7.04158e-05 0.0305062 0.0111061 0.0258671 2.1301e-05 0.0236504 
7.24233e-06 0.0657135 0.000747758 0.0218013 0.030449 0.000159546 0.061336 0.0125692 0.0209567 0.0105861 0.589355 0.0015617 0.0254183 8.61196e-05 0.0389124 0.0940622 0.00527037 1.69052e-05 0.020991 
4.12238e-07 0.019155 3.4445e-06 0.012617 0.00853401 0.00127579 0.107901 3.42125e-06 0.0317654 0.00404525 0.659368 0.00738654 0.0685549 0.000243221 7.36705e-06 0.0609048 0.00232186 5.7595e-05 0.0158553 
2.57936e-06 0.0983315 7.40169e-05 0.0966859 0.0136344 8.36487e-08 0.0501221 1.37703e-08 0.00651613 0.0125213 0.616018 3.96443e-05 0.00075732 4.40933e-08 0.0246711 0.0134795 0.00308301 3.7185e-08 0.0640628 
0.000198433 0.14566 0.000668853 0.0298495 0.307278 0.000157229 0.0313822 1.99155e-05 0.00994197 0.0403448 0.313156 0.000467367 0.0345701 3.85842e-05 0.0654195 0.0143947 0.000715677 1.71135e-07 0.0057375 
5.38593e-06 0.217771 0.0034003 0.00781411 0.117448 0.000185613 0.0766891 1.15125e-09 0.031637 0.112377 0.346812 7.01152e-08 0.00202025 9.76471e-10 0.010461 0.0459441 0.019886 4.71458e-07 0.00754849 
0.000105415 0.0707579 0.0147646 0.047542 0.00378932 0.000137272 0.0178011 4.38434e-11 0.00143688 0.0358806 0.521264 4.62455e-05 0.000233575 6.35627e-06 0.0463263 0.00085963 8.14115e-05 6.20408e-07 0.238967 
1.19731e-06 0.000165942 3.56669e-08 0.000245098 0.000537239 3.07703e-10 0.0029051 2.89308e-06 0.00279118 0.000270734 0.955404 2.94404e-05 1.66387e-05 6.39764e-10 0.0356621 0.000999553 2.04883e-05 5.70638e-10 0.000947965 
0.034118 0.0436536 0.159015 0.0266961 0.0320962 0.021601 0.0142969 6.90336e-06 0.157076 0.161396 0.190547 0.0927415 0.0261733 0.000464253 0.000157251 0.0194938 0.00228965 4.56947e-05 0.0181317 
1.1969e-05 0.245785 0.000545895 0.0236662 0.0681424 0.000115629 0.278312 2.46612e-10 0.00549078 0.0161932 0.354893 3.12229e-05 0.000579089 0.00036639 0.000310133 0.00394418 3.78335e-05 6.15627e-08 0.0015755 
3.40716e-07 0.00305788 0.000184907 0.00191948 4.22074e-05 2.7575e-06 0.106468 1.79639e-08 0.00182999 0.0679332 0.474084 8.30192e-06 0.00103349 4.82005e-05 0.330827 4.26723e-06 1.08424e-05 7.67826e-06 0.0125377 
0.000106649 0.0701295 0.00221056 0.00961917 0.0252698 0.00150437 0.0208837 6.08022e-05 0.0433686 0.0583678 0.704367 0.00680142 0.0122002 0.00401213 0.0167076 0.00783338 0.00202749 0.00432336 0.0102063 
7.36931e-05 0.222381 0.000385202 0.0089288 0.0420917 0.00452767 0.032273 4.91056e-06 0.0331793 0.0394964 0.477208 0.0062298 0.0217879 1.0497e-06 0.104551 0.00450555 0.00029033 7.15141e-07 0.00208417 
0.000309888 0.0631384 0.00253629 0.0432383 0.012842 0.00150221 0.00483176 0.00017748 0.012126 0.013067 0.571868 0.0132698 0.0129229 3.48334e-05 0.00521778 0.00218195 0.000971359 8.66451e-06 0.239755 
0.000366815 0.0424134 0.00156324 0.0348727 0.0135653 0.0139075 0.0211402 1.81791e-07 0.0160555 0.00880405 0.625709 0.00132969 0.0321908 0.00116431 0.0845701 0.0196485 0.00958923 1.98057e-05 0.0730892 
0.0278808 0.17213 0.000503682 0.0741404 0.00746994 0.00430647 0.12207 1.20061e-09 0.0802687 0.0631327 0.208583 0.00155817 0.044262 0.000293737 0.0442221 0.0806219 0.01122 5.42205e-05 0.0572826 
3.25792e-06 1.58134e-05 3.07266e-07 0.0561418 1.51824e-05 6.37305e-10 7.68915e-06 1.56224e-09 2.7199e-05 0.229577 0.711419 1.66623e-05 5.13114e-05 5.81716e-05 0.00127263 5.75804e-08 0.00139274 1.18189e-09 8.22366e-07 
2.7998e-06 0.0043191 3.0317e-05 0.00796802 0.000313329 0.0306003 0.000265301 2.92151e-11 0.00699343 0.0012876 0.877148 1.77551e-05 0.000189675 2.88145e-05 0.0466433 0.0023642 1.2212e-06 8.70108e-10 0.0218271 
1.12436e-09 0.0132358 6.49978e-06 0.000818542 2.37822e-07 6.54616e-07 0.144417 6.79385e-09 0.00551889 0.292755 0.352157 2.79111e-07 1.05306e-06 3.12621e-07 4.76295e-06 0.0124756 1.14885e-05 5.13979e-09 0.178598 
0.000251632 0.124438 0.0005014 0.0568999 0.0153907 0.000720705 0.0649804 0.0317513 0.0460011 0.0763224 0.510154 0.000482009 0.0107076 0.0131085 0.0140002 0.015223 0.000196291 2.02215e-05 0.0188506 
4.6174e-05 0.0381233 0.000127261 0.0135747 0.0139296 0.00371899 0.00843164 4.26379e-09 0.00500973 0.0109064 0.878949 0.000328754 0.00330411 0.00531267 0.00919337 0.00617636 0.000693652 2.00154e-05 0.00215465 
5.68339e-06 0.067552 0.000123432 0.10211 0.010532 0.00101258 0.00239293 1.01205e-09 0.00444871 0.00310564 0.593878 1.22187e-05 0.00708553 2.6175e-05 0.0918616 0.0462267 0.00380625 8.17589e-07 0.0658201 
0.00448766 0.0169181 0.00290264 0.0819688 0.0124895 0.00300397 0.00386532 9.00315e-09 0.0445807 0.00987131 0.657413 0.00086386 0.0281527 0.000460124 0.083877 0.00593629 0.000911646 5.91237e-06 0.0422915 
0.000232806 0.122436 0.00101491 0.0182839 0.109132 0.000671233 0.118806 4.54592e-06 0.0376745 0.0292947 0.501564 6.13492e-07 0.0133947 1.19462e-06 0.0100835 0.0292967 0.00246162 1.10553e-07 0.00564691 
5.71459e-05 0.016734 8.08439e-09 0.0189034 0.000296398 6.21224e-05 0.00137246 4.61768e-09 0.00433142 0.00309144 0.937713 0.00020865 0.00145108 1.80683e-05 0.00051585 0.00128321 0.000120606 5.86533e-07 0.0138406 
7.44072e-05 0.176667 0.00490371 0.0979617 0.0406435 1.17072e-07 4.61732e-05 4.75826e-09 0.00806659 0.0140247 0.646684 1.9224e-06 0.0071401 4.03587e-09 1.33248e-06 0.00181636 0.000751227 3.59979e-09 0.00121715 
0.000419483 0.00781045 0.00833401 0.0355782 0.00233355 0.0104087 0.135875 1.52391e-09 0.0275453 0.00660636 0.696914 0.00767123 0.0371041 6.19372e-05 0.00745305 0.0089228 1.46246e-05 1.04647e-08 0.00694707 
2.50211e-06 0.0670315 5.46152e-05 0.0280327 0.000495126 7.44138e-06 0.0690629 3.00895e-07 0.00470892 0.00132241 0.793472 0.000106123 0.00107275 0.00250669 0.00179846 0.00205155 0.000103891 6.66142e-06 0.0281635 
9.61818e-06 0.204059 0.000444307 0.0558827 0.0210851 0.00260203 0.135671 1.04993e-09 0.161001 0.0432215 0.337749 0.000459794 0.00253336 0.000129407 0.0117861 0.0111765 0.00112 6.21265e-06 0.0110629 
9.49044e-08 0.203823 0.00457209 0.179122 0.0214149 0.00122755 1.84223e-06 2.46671e-10 0.0798516 0.0357118 0.337404 0.100617 0.0325371 2.09222e-10 9.60994e-08 1.60863e-06 2.46799e-07 1.86615e-10 0.00371476 
6.82466e-05 0.133514 0.00275169 0.0310305 0.0339998 0.000251743 0.117397 5.18431e-08 0.0291026 0.189814 0.433307 0.000212628 0.00637553 0.000248972 0.00250422 0.00274475 0.00392162 1.02593e-05 0.0127452 
8.12311e-11 0.187294 3.20727e-10 0.0582931 0.00556303 8.9219e-07 0.0317076 4.90833e-10 0.297556 0.00611566 0.324368 0.0051644 0.0126451 1.21787e-07 0.0558344 0.00682985 0.00509484 3.71333e-10 0.00353378 
0.000132014 0.0321899 0.000790109 0.0177428 0.0643886 0.000219357 0.0202108 0.000107087 0.0230572 0.10661 0.641232 0.00189479 0.00788789 0.00140989 0.0106602 0.0550467 0.00530052 1.49515e-05 0.0111053 
0.00025516 0.030854 0.000485543 0.101259 0.0883443 0.000770163 0.00038852 0.00148355 0.00465017 0.0356851 0.674945 0.0173192 0.0137566 1.70614e-06 0.00272234 0.0197265 4.4218e-05 0.000163966 0.00714492 
2.77818e-05 0.36428 0.000126514 0.0286216 0.0176973 6.42776e-05 0.00290528 1.44215e-10 0.0333604 0.0382544 0.507915 3.51157e-05 0.000809324 1.88941e-05 0.000728432 0.000246242 0.00189707 1.09104e-10 0.00301255 
6.32082e-06 0.337771 9.22061e-05 0.00722729 0.0623484 1.75664e-05 0.0396107 5.64766e-07 0.0399067 0.0564703 0.402891 0.00212958 0.00113937 4.02735e-06 0.0336899 4.10836e-05 0.0111155 2.34013e-09 0.0055389 
9.72084e-07 0.0131596 1.89837e-07 0.000353023 0.0156413 1.34315e-07 0.0275243 6.45461e-11 2.14715e-07 0.0514706 0.871502 1.85454e-05 1.08273e-11 5.47467e-11 1.20216e-06 2.06295e-07 1.3264e-08 5.22545e-07 0.0203272 
1.38375e-07 0.078609 7.4378e-05 0.000244085 0.0235928 0.000552209 1.59194e-06 9.41062e-11 0.0238043 0.136573 0.568723 0.000222748 0.0164864 0.015752 0.129885 7.63053e-06 0.00316905 7.11946e-11 0.00230193 
1.09411e-06 0.217933 3.19023e-05 0.020531 0.00696191 8.07121e-05 0.286528 1.70525e-08 0.00557341 0.0479482 0.362221 0.000152017 0.000580715 5.03142e-09 0.0017392 0.00137357 0.000140567 7.44217e-05 0.0481294 
2.48137e-05 0.0874307 0.000522866 0.0904409 0.0107395 1.70467e-05 0.0074536 3.56092e-07 0.012231 0.0410171 0.700803 0.00230247 0.00357834 2.07182e-06 0.0067119 0.00430623 0.00165423 1.27321e-05 0.0307513 
1.42883e-05 0.111996 5.30661e-08 0.077872 0.0431349 0.000272405 0.0118853 9.10169e-07 0.0113903 0.00286118 0.328092 0.000569369 0.0042537 7.76172e-06 0.251691 0.0250156 0.00426038 3.16885e-07 0.126683 
1.00286e-07 0.0442598 0.0702884 0.00274646 1.19386e-06 1.17553e-10 0.0264735 2.8816e-10 0.0158862 0.262387 0.573472 0.000461848 3.59943e-07 2.44412e-10 1.15305e-05 9.95592e-07 2.54942e-06 2.18004e-10 0.00400811 
0.000124175 0.0758517 0.000945403 0.00567777 0.131015 4.01367e-06 0.00567435 1.20816e-07 0.0160576 0.0502343 0.424593 0.000717318 0.0264411 8.04985e-07 0.00141684 0.0419094 0.0125332 3.73012e-07 0.206804 
0.000117313 0.0872552 0.0641307 0.0279828 0.0759431 3.43455e-05 0.0256847 1.78949e-09 0.186709 0.228951 0.237989 3.01545e-05 0.00195272 0.000354103 0.0389003 0.00580121 0.00030399 0.000150621 0.0177096 
2.01899e-05 0.00790219 0.000517181 0.0174858 0.000712015 0.000157722 0.037263 5.81617e-10 0.00136206 0.000991872 0.859484 0.00239449 0.00858976 1.34133e-06 0.000195963 0.000929922 3.02284e-05 2.40853e-06 0.0619601 
1.77728e-05 0.00697233 0.00075381 0.000145868 0.00245701 0.000255871 0.00132197 6.01256e-10 0.0382863 0.00122319 0.85977 0.00129973 0.00936943 7.83894e-05 0.0711555 0.000133965 0.000905445 8.32474e-06 0.00584526 
0.000113226 0.0351963 1.57519e-05 0.0250334 0.120608 0.00293489 0.0111026 4.62287e-10 0.00581735 0.00684005 0.721997 8.48375e-05 0.030404 8.14861e-06 0.000641091 0.00389738 1.06831e-05 0.000447321 0.034848 
0.000101113 0.0152991 0.000230369 0.019289 0.00229205 6.15343e-05 0.00334821 2.22017e-08 0.00184237 0.00610453 0.820013 0.00378622 0.000602796 3.19176e-06 0.118918 7.77642e-05 4.31992e-07 2.57585e-07 0.00803039 
0.00134999 0.017355 2.69392e-08 0.0100169 0.000586688 7.62625e-05 0.00262474 1.90443e-08 0.00444266 0.00527679 0.565617 0.121926 0.000154608 0.000193216 0.102976 1.20733e-05 9.73169e-06 4.94288e-07 0.167381 
0.000122827 0.101508 0.00693717 0.0159098 0.0425109 0.000142133 0.0266235 6.21853e-05 0.0582209 0.147427 0.551837 0.000247841 0.00192191 0.00514536 0.00606411 0.0288942 0.00400437 3.85762e-05 0.00238263 
0.000274939 0.0283755 0.00355913 0.00594078 0.00176747 0.205581 0.063681 3.70237e-07 0.0719911 0.0303193 0.384509 0.0002671 0.0050651 0.000224579 0.0336713 0.137798 0.000106207 6.81184e-08 0.0268683 
0.000148202 0.226631 0.00931966 0.0410684 0.0367011 0.00010995 0.0240289 5.67183e-11 0.0784991 0.212083 0.274927 0.000114029 0.00823225 0.000767052 0.0751135 0.0013573 4.46671e-05 5.39005e-09 0.0108553 
0.000104433 0.0872674 0.000740874 0.026127 0.00243132 0.00226213 0.0688693 1.67547e-07 0.0425098 0.0209988 0.654618 9.45671e-05 0.0012666 6.36261e-08 0.0350355 0.000463179 0.000541143 2.06101e-09 0.0566701 
7.34388e-08 0.0017849 2.93776e-12 0.00210046 1.59932e-07 0.00213866 0.000909241 4.49589e-12 0.00448998 0.000864453 0.785773 0.111798 0.0745593 6.71184e-08 0.00307922 5.4888e-08 5.51679e-08 2.80806e-05 0.0124744 
2.48703e-05 0.0638049 0.00120081 0.0194942 0.0108209 7.67861e-06 0.080038 0.000287535 0.00332945 0.0313677 0.536126 0.020755 0.00692794 0.000576887 0.00874684 0.091026 1.61312e-05 4.30949e-05 0.125406 
8.03219e-05 0.0458407 0.00676431 0.0233274 0.0487242 0.0010635 0.00465342 7.94653e-06 0.00997831 0.0378777 0.685855 0.00198037 0.00685756 0.000129597 0.0785112 0.0145983 0.0158763 3.68439e-05 0.0178368 
0.000168936 0.0649981 0.034642 0.00842235 0.0308654 0.00027483 0.00151833 4.0795e-10 0.0237913 0.015782 0.575877 0.0217756 0.0034802 0.0010628 0.145963 0.00586865 0.0134879 4.38414e-05 0.0519772 
2.59266e-05 0.015477 6.55378e-05 0.016316 0.000714698 2.2708e-05 0.000559217 7.33668e-08 0.00378105 0.00215719 0.850017 0.000250187 0.000978878 3.88091e-05 0.0238618 0.00059916 4.35391e-05 3.35019e-07 0.0850905 
5.71459e-05 0.016734 8.08439e-09 0.0189034 0.000296398 6.21224e-05 0.00137246 4.61768e-09 0.00433142 0.00309144 0.937713 0.00020865 0.00145108 1.80683e-05 0.00051585 0.00128321 0.000120606 5.86533e-07 0.0138406 
0.000154616 0.143573 0.01327 0.157404 0.110219 0.00269723 0.0736495 0.000361897 0.0540762 0.129302 0.222037 0.00121211 0.0093711 0.000932159 0.0194657 0.0476125 0.0053058 4.29868e-05 0.00931363 
2.51987e-05 0.0221515 0.00140341 0.00193794 0.00578254 0.00125876 0.00687751 1.64947e-06 0.0155054 0.00738102 0.637043 0.00546602 0.00279401 0.00084436 0.00677975 0.0122229 0.00190422 1.96235e-06 0.270619 
0.00986796 0.127879 0.000180799 0.0385646 0.0239106 0.00227006 0.0365681 2.736e-08 0.0351255 0.0216069 0.577509 0.00231671 0.0570311 0.000450583 0.0151749 0.0274507 0.000728332 6.11314e-07 0.0233646 
0.000174596 0.168912 0.000158195 0.0719122 0.171865 5.84145e-06 0.0536067 3.29403e-08 0.0234491 0.197141 0.213288 0.000597328 0.0131703 1.78138e-06 0.00160212 0.075978 0.000523296 0.000382887 0.00723139 
6.99467e-07 0.0424314 4.52734e-11 2.17154e-06 3.97494e-07 1.61136e-07 0.0147178 6.92855e-11 0.0339091 0.000165154 0.643717 3.17144e-11 0.11576 5.87667e-11 3.38097e-07 0.119344 0.00360627 5.24169e-11 0.0263451 
0.114008 0.140712 7.56075e-05 0.0415857 0.00719455 0.000216476 0.0673024 4.96273e-08 0.0176824 0.0847608 0.413218 0.0649063 0.0076324 0.000677856 0.00067762 0.00131589 7.65119e-05 2.75479e-05 0.0379299 
1.01427e-06 0.0317618 0.000131593 0.028967 0.000941636 1.81808e-05 0.00794034 1.18248e-07 0.00366863 0.00260645 0.635547 0.000710205 3.45326e-05 3.53009e-07 0.0767756 0.00098169 1.11007e-05 1.58541e-07 0.209903 
0.000445712 0.0002791 0.125327 0.0109864 0.0149022 1.82086e-08 2.94254e-06 4.46352e-08 0.202466 0.220307 0.271188 2.66791e-05 0.0718962 6.65605e-05 0.0255368 0.0243891 0.0317779 3.37681e-08 0.000402951 
0.000855686 0.0511768 0.00111263 0.0225756 0.0228523 0.00321017 0.0733553 0.00143062 0.028019 0.0234553 0.630341 0.00115289 0.0281798 0.000873022 0.0668509 0.0192341 0.00555993 2.92122e-05 0.0197353 
0.00175188 0.139051 0.000651243 0.156035 0.0610819 0.00397523 0.0111894 1.4536e-07 0.0789464 0.0299038 0.351011 0.00186835 0.016514 0.000635867 0.07581 0.00538312 0.00583004 1.78595e-06 0.0603596 
7.61428e-07 0.134545 0.0124908 0.00542664 0.241204 1.13562e-05 0.16593 7.54444e-07 0.00259569 0.139417 0.293809 0.000608863 0.000865141 1.70596e-06 0.00154178 0.00151757 3.00954e-05 2.78356e-06 2.40765e-06 
0.000100436 0.0929658 0.00501586 0.00838526 0.00984523 1.6782e-05 0.0586791 1.2689e-06 0.159748 0.031145 0.519826 0.000428702 0.0393638 0.00277133 0.0113778 0.0285707 0.0245704 3.40314e-05 0.00715507 
5.68863e-05 0.00149018 2.2517e-05 0.0643827 0.00229839 1.87015e-06 0.0121509 3.10689e-08 0.000698965 0.000128452 0.498222 0.000157256 0.00317779 1.07847e-07 0.396135 0.010296 0.000377205 1.02993e-06 0.0104023 
0.00372787 0.0653258 0.00177137 0.0497206 0.0107021 0.00235006 0.0583256 0.000867308 0.0224055 0.0472638 0.640773 0.00113003 0.010413 0.000733245 0.0299441 0.017067 0.00664349 4.91283e-05 0.0307873 
0.000276823 0.0173765 0.00385929 0.0133425 0.00565126 0.000194015 0.0740741 2.80576e-07 0.0294792 0.0105711 0.75216 0.000354849 0.0188686 0.000893035 0.0426238 0.0178009 0.000119881 3.77998e-07 0.0123532 
0.00014696 0.0736987 0.0225894 0.0504622 0.00911569 0.108158 0.029603 3.23664e-05 0.0562878 0.00583622 0.54829 0.00430281 0.0117184 0.000869842 0.035044 0.0215341 0.00113914 7.30698e-06 0.0211636 
5.71459e-05 0.016734 8.08439e-09 0.0189034 0.000296398 6.21224e-05 0.00137246 4.61768e-09 0.00433142 0.00309144 0.937713 0.00020865 0.00145108 1.80683e-05 0.00051585 0.00128321 0.000120606 5.86533e-07 0.0138406 
2.08674e-08 0.166516 1.16265e-07 0.151257 0.082053 0.000155002 0.0372217 0.000314002 0.00221684 0.00373443 0.294365 1.98971e-05 0.000757323 0.00107491 0.00204547 0.252301 0.000236583 1.46525e-10 0.00573251 
9.84348e-06 0.008159 4.15548e-08 0.0115585 0.000946286 0.00297074 0.0791051 4.67144e-06 0.0067459 0.000648748 0.730287 0.000349417 0.00144858 0.00655597 0.000701852 0.00128875 0.000121616 6.9163e-09 0.149098 
0.0045158 0.00871007 0.00482947 0.115429 0.0169023 0.000561987 0.0105614 9.0372e-11 0.0153473 0.0288015 0.476414 0.0101833 0.12975 6.0875e-05 0.0570419 0.0011046 0.00100633 3.86083e-07 0.11878 
0.000158837 0.0580999 0.00470139 0.0903435 0.00813024 0.000119179 0.0557143 1.33025e-07 0.00919707 0.0608966 0.541194 0.0038637 0.000534973 4.91598e-05 0.0695446 0.00288671 4.42669e-05 1.96452e-05 0.094502 
0.00190769 0.0543355 0.000400793 0.12566 0.261076 0.00226641 0.0104607 5.06901e-06 0.0396332 0.0634844 0.374768 0.000255726 0.0173046 0.00125972 0.00429027 0.0083078 0.0034099 1.5702e-05 0.0311582 
0.000166632 0.066384 0.0029047 0.0142146 0.0639691 0.0039762 0.0011789 1.31968e-08 0.0585595 0.021181 0.48199 0.0202422 0.0512077 0.000432354 0.205429 0.000883918 0.00459682 7.83832e-07 0.00268273 
0.000401126 0.103506 0.0178074 0.0114863 0.265422 4.18578e-07 0.0369157 1.96503e-09 0.0832531 0.0736809 0.378969 5.08522e-06 0.0058384 4.71894e-07 0.0119443 0.0107578 4.52373e-06 1.48661e-09 7.08457e-06 
0.00176583 0.0599361 0.000210485 0.0436832 0.0142187 0.00275327 0.0119212 2.27777e-06 0.0182997 0.0148271 0.646698 0.0136772 0.00515674 0.0018397 0.0598001 0.0272031 0.017008 2.103e-05 0.060978 
8.93438e-07 2.13661e-05 5.75105e-05 0.0855546 0.0255685 1.81271e-06 0.000976783 1.01194e-06 0.0015094 0.214415 0.606936 4.63202e-07 0.000695014 5.9663e-05 0.000705197 0.0560085 2.308e-07 7.65571e-07 0.00748784 
0.00424075 0.0258463 0.000121705 0.0741429 0.0508877 0.00124066 0.00191812 2.48687e-06 0.0852947 0.0529398 0.555679 0.00487881 0.094658 0.00711224 0.0113673 0.0017317 0.00271308 5.10844e-06 0.02522 
0.000137711 0.0170186 1.80224e-06 0.0118862 0.000878729 8.75888e-05 6.40478e-05 1.31187e-11 0.00261854 0.000428333 0.424976 0.00873182 0.000124764 0.000555346 0.351851 6.62918e-05 8.77892e-08 6.52516e-07 0.180573 
8.83205e-10 0.0226856 5.95931e-06 0.00799667 0.000192007 0.00740939 0.0201531 3.85785e-10 0.000278665 0.000706822 0.787086 2.49474e-05 4.60819e-05 3.27215e-10 0.0114028 0.00266018 0.0671681 2.9186e-10 0.0721833 
2.35732e-05 0.2556 0.000448756 0.0129525 0.0388775 0.00348928 0.0261011 2.70982e-10 0.0920291 0.0751539 0.270708 0.000237166 0.00325812 1.51388e-06 0.116609 0.0879754 0.00824369 4.06157e-06 0.00828729 
5.09384e-05 0.0151471 0.000575812 0.000199463 0.00721407 0.00273128 0.00058251 1.95887e-09 0.00341714 0.000656638 0.831377 0.000847244 0.0244599 0.000245016 0.107584 5.67896e-05 0.00041365 3.03048e-08 0.00444098 
0.00105294 0.0771755 0.00170404 0.0330382 0.0168368 0.000543814 0.00721994 8.30511e-05 0.0159006 0.0331236 0.42503 0.00432686 0.00549714 3.52037e-05 0.0378454 0.0024062 0.00104495 1.08542e-05 0.337125 
0.000239678 0.00493998 0.00460231 0.000785285 0.0396849 0.00893768 0.00131713 1.33264e-10 0.0227548 0.00436465 0.847032 0.00292913 0.0027141 1.7279e-07 0.0518085 0.000681151 6.80787e-05 1.00819e-10 0.00714012 
8.87837e-06 0.0905324 0.000282975 0.117344 0.049306 0.000669143 0.0380881 7.5732e-08 0.0439148 0.0237739 0.422278 6.77909e-06 0.00518335 1.06966e-07 0.034398 0.15159 0.0160575 3.97024e-06 0.00656228 
0.000335471 0.025616 0.0150991 0.0227475 0.0213945 0.0125428 0.0302707 3.97156e-07 0.0364773 0.294601 0.427476 0.00230096 0.0056274 0.00141025 0.0331296 0.0197492 0.0090315 0.000304884 0.041886 
0.000287666 0.0113833 0.000389799 0.0190957 0.0125425 1.45107e-05 0.0434001 1.8451e-06 0.0174986 0.0664018 0.788219 0.00238759 0.00705939 0.00262821 0.00938448 0.0178347 0.000114367 1.12097e-06 0.00135533 
0.000405817 0.0191916 1.2342e-05 0.0488613 0.00200728 0.00427463 0.000887355 1.17993e-09 0.00323076 0.00015193 0.817501 0.00492073 0.0103675 5.23845e-07 0.0828252 0.000670719 4.77918e-05 3.84665e-07 0.00464316 
4.7149e-05 0.13857 0.00549634 0.0519791 0.0193851 0.00115907 0.0723635 6.46263e-05 0.053898 0.0340081 0.516017 0.000600696 0.0154791 4.25849e-05 0.0335053 0.0149843 0.00399998 2.88802e-05 0.0383717 
0.000539372 0.110165 0.000758518 0.00358034 0.0164695 2.08218e-07 0.0878138 4.62034e-06 0.146431 0.00825802 0.351106 1.3659e-06 0.0177191 5.3594e-05 0.0369257 0.185909 0.0324469 1.07442e-07 0.00181774 
7.03179e-05 0.00415214 0.0144799 0.0163735 0.000571405 0.014621 0.00381663 2.88679e-09 0.0205345 0.0746858 0.504633 1.47681e-06 0.00509528 9.01551e-06 0.0109997 4.87575e-05 6.32875e-05 2.18396e-09 0.329844 
0.000107007 0.0259745 1.18398e-05 0.0207823 0.00293189 4.80507e-05 0.000856846 4.46719e-09 0.0179224 0.00398526 0.485412 0.00534573 0.000843435 0.000109581 0.129796 0.000829181 7.36092e-05 3.46649e-07 0.30497 
0.000207275 0.0663621 0.000729774 0.0251057 0.0133084 0.000938253 0.00846658 0.00110561 0.0178004 0.00995585 0.43125 0.00698211 0.0103016 0.00173965 0.331594 0.0136909 0.00303964 5.34239e-06 0.0574166 
1.12823e-05 0.0278736 2.76441e-06 0.0421902 0.00526211 0.000290382 0.0165166 8.81434e-11 0.0104661 0.00161792 0.507466 2.76937e-06 0.0063064 5.50281e-06 0.141438 0.0102704 0.0107709 1.3905e-06 0.219508 
0.00288181 0.0628689 0.0390551 0.028167 0.00867526 0.0165951 0.0442903 3.05271e-06 0.142762 0.197766 0.35428 0.0277118 0.0241893 2.18744e-06 0.0127036 0.0198517 0.00196003 8.82045e-05 0.0161482 
6.61789e-05 0.0718477 1.72987e-07 0.0727648 0.00776748 0.000681044 0.0741487 3.54771e-05 0.204555 0.000421233 0.307472 0.00330229 0.0542064 1.17047e-06 2.52731e-05 0.0948677 0.000502226 2.42203e-05 0.10731 
0.000212352 0.0335391 7.17108e-09 0.00369492 0.0323747 0.000451523 0.0349045 7.25324e-08 1.36598e-06 0.0215896 0.718655 4.33605e-11 0.00242129 1.44276e-06 0.0246221 0.000889509 1.70477e-06 3.77478e-08 0.126641 
0.00221894 0.158626 0.00166989 0.101695 0.0101153 0.0163777 0.22064 1.38987e-08 0.121722 0.091248 0.23493 0.0104161 0.00731019 0.000556088 0.00395315 0.00389662 1.62657e-06 1.05148e-08 0.0146239 
0.00010002 0.118565 0.00130138 0.0341117 0.0199551 0.0149662 0.0173812 0.00392876 0.0296633 0.021461 0.480401 0.00896863 0.0154311 0.00138027 0.0524272 0.0261783 0.00402357 3.92467e-05 0.149716 
0.000296993 0.0282967 0.000140816 0.0215911 0.000229679 0.000342894 0.00511252 8.23778e-08 0.0121872 0.0160737 0.874651 0.0262114 0.00752779 9.58223e-05 0.0024595 0.00267715 0.000106011 1.19939e-09 0.00199933 
0.000437315 8.51517e-08 1.09942e-10 0.0053356 0.000133123 1.52506e-07 0.00465456 1.68253e-10 0.205916 6.01294e-07 0.546351 1.72257e-07 0.00295971 1.42709e-10 0.0181569 0.0940749 3.57852e-08 2.99957e-07 0.121979 
0.000146435 0.0213524 0.0119609 0.00325623 0.00153274 0.0197727 0.0025717 9.4721e-12 0.0504587 0.0454264 0.539944 0.000187964 0.000453066 2.44407e-08 0.295695 0.00117099 0.000291217 1.96629e-05 0.00575917 
7.35485e-06 0.037609 2.65794e-08 0.142127 0.00955686 0.000177981 0.0461382 1.62886e-10 0.00017355 0.000102213 0.52872 2.20773e-06 0.00826991 8.14093e-05 0.18439 0.0109278 0.00705673 1.31262e-08 0.0246597 
0.00409003 0.0557313 2.26928e-06 0.00384505 0.00460353 0.00113368 0.0377637 8.01639e-10 0.0610354 0.0688288 0.346214 5.99006e-06 0.0122222 1.50216e-05 0.0511587 0.0109287 0.00525781 0.000207443 0.336956 
0.000858404 0.0524222 7.45033e-07 0.00259616 0.0106828 2.5217e-05 0.0155582 7.43029e-11 0.0295199 0.0461055 0.739354 5.85218e-05 0.0135327 0.0191642 0.0201412 0.00012449 0.00784068 2.69695e-08 0.0420149 
1.74246e-06 0.0285131 5.07162e-05 0.0346226 0.00490266 0.000140487 0.010913 2.95149e-10 0.0571483 0.0450431 0.678067 0.00128775 0.00226185 3.58069e-05 0.0943424 0.00205172 0.00137987 2.58908e-09 0.0392382 
8.65722e-05 0.0566534 3.41774e-05 0.019773 0.00743664 0.000136115 0.243735 8.35364e-10 0.0170823 0.0160673 0.569482 0.00645594 0.00432587 2.67296e-05 0.0304084 0.00878358 0.0141446 5.93677e-08 0.00536917 
0.00157705 0.0776482 0.000117564 0.0557555 0.000801127 0.000873849 0.0343688 2.99601e-06 0.0122917 0.347459 0.400843 0.000104446 0.011702 0.00023832 0.0041263 0.0453039 0.00373138 1.97304e-06 0.00305326 
0.000364271 0.0596415 0.000525461 0.0868309 0.0181846 6.61141e-05 0.00320777 1.80095e-06 0.0891022 0.00584864 0.380317 0.00111427 0.00130192 5.04879e-06 0.24696 0.00830828 0.000382523 4.13566e-07 0.0978371 
4.88939e-05 0.163604 0.000316514 0.0224903 0.0584884 3.82782e-05 0.0217961 4.97739e-08 0.0317576 0.0117444 0.494587 0.000350305 0.0328519 0.00342476 0.000590516 0.147443 0.00355607 6.05608e-05 0.0068516 
0.000166141 0.10798 0.00198066 0.0183423 0.0261726 0.00484466 0.00700475 8.09226e-05 0.0204582 0.0112213 0.502798 0.00198988 0.00998579 1.91689e-05 0.0822479 0.148436 0.0049999 6.16406e-06 0.0512641 
4.68427e-10 0.00146849 1.67479e-06 0.0321914 0.00334925 1.47776e-06 0.0579635 0.000541138 0.00130956 0.300532 0.34487 1.29559e-09 0.00107933 2.40072e-09 0.00904519 0.179 6.45556e-10 2.14133e-09 0.0686471 
1.995e-05 0.0186536 0.000416032 0.00508161 0.000159725 2.9283e-06 0.00934671 1.31016e-07 0.00748601 0.00374051 0.942334 1.0866e-05 9.11427e-05 5.14647e-09 0.00381052 0.00776595 0.000146004 6.43283e-08 0.000934143 
0.0208539 0.139516 0.00314061 0.176525 0.169211 0.00014323 0.0221545 2.38162e-06 0.0462662 0.127949 0.228538 0.000187811 0.00534298 7.04812e-06 0.017781 0.0307092 0.00109907 0.000677618 0.0098946 
0.000495147 0.0371367 0.00419267 0.00297569 0.00765879 0.000319683 0.00509678 8.52864e-07 0.0289942 0.0460666 0.508285 0.00376986 0.00313576 0.000474968 0.286305 0.0149941 0.000307552 0.0191055 0.0306851 
2.21337e-06 0.200279 1.35949e-10 0.0356526 0.000747631 3.40808e-05 0.0354619 1.34044e-07 0.00291052 0.0918553 0.558157 0.000995518 0.000204655 1.76467e-10 0.00932981 0.00308273 1.90333e-07 2.48263e-05 0.0612615 
2.50122e-05 0.0248943 0.000761544 0.106588 0.00872928 0.00122889 0.0185023 2.39701e-10 0.00621247 6.09331e-05 0.636295 0.00218864 0.0146559 3.32241e-05 0.0121473 0.0351626 0.0060317 2.68633e-07 0.126483 
4.93028e-05 0.212099 4.56297e-06 0.00492908 0.197278 3.53751e-05 0.0388625 4.10783e-09 0.068067 0.191596 0.232768 0.000655426 0.00457343 3.15807e-05 0.0329061 0.0105427 0.00509539 3.10772e-09 0.000506187 
2.05025e-05 0.0482541 0.00041742 0.00852235 0.00704262 0.000386036 0.0293781 3.04128e-06 0.0196282 0.0118698 0.832012 0.00112611 0.000896361 0.000289256 0.030861 0.00254746 0.000599977 2.22926e-05 0.00612325 
0.00742649 0.122729 0.000475923 0.0527932 0.0810351 0.00228456 0.0154309 0.00913114 0.0629212 0.184767 0.297469 0.0583472 0.00625906 0.000412264 0.0388346 0.00591273 0.000211935 8.88785e-05 0.0534697 
9.87003e-05 0.113562 0.000436404 0.0306971 0.0112058 0.00417516 0.00276931 6.87825e-06 0.026067 0.042396 0.437965 0.000652555 0.00615979 0.000170687 0.294404 0.00931215 0.00186266 2.90246e-06 0.0180568 
3.66667e-05 0.159959 0.00057822 0.144628 0.0240714 0.00154035 0.0938957 0.000539266 0.00479948 0.0181423 0.253663 0.00053077 0.023101 4.42111e-05 0.0105033 0.183771 0.00567599 3.16387e-06 0.0745172 
3.73709e-05 0.0294219 0.000437661 0.134558 0.0199675 0.000299133 0.000147337 1.34664e-09 0.037444 0.0647708 0.638432 0.000196803 0.0211272 0.00854713 0.0302468 0.00123306 0.00105026 1.67746e-06 0.012082 
0.0130716 0.0533508 0.00127276 0.133405 0.0157083 0.000943897 0.0433965 0.00110924 0.0620313 0.0087665 0.552408 0.00223963 0.0384777 0.000439402 0.00939097 0.0117053 0.00237008 1.46642e-05 0.0498978 
7.4074e-05 0.0108036 0.00171994 0.0181983 0.0040889 0.000250595 0.00721718 0.00182354 0.00470817 0.0096871 0.376587 0.00654246 0.00349476 6.65917e-05 0.295376 0.0277581 0.00486379 6.67853e-06 0.226733 
0.000113743 0.0336762 0.00014009 0.0183469 0.00336714 0.00134595 0.0137902 4.59074e-10 0.0381041 0.0145457 0.608493 0.00396796 0.0409208 2.11315e-05 0.11899 0.000975092 0.000947686 9.09209e-08 0.102254 
0.000105531 0.0264293 0.00294007 0.0230162 0.0526196 1.78336e-08 0.104165 8.76027e-10 0.00543368 0.0816894 0.693024 4.00988e-10 9.11278e-07 8.7351e-07 0.000382988 0.00353858 0.00124342 1.94493e-07 0.00541083 
2.49348e-06 0.0853498 0.000310725 0.0889141 0.0259986 0.000358948 0.0312312 1.36905e-08 0.0245088 0.0212508 0.650035 0.000903743 0.00612435 3.87255e-05 0.0378853 0.00894541 0.00327523 1.92261e-08 0.0148671 
0.000147265 0.143959 0.000157442 0.057643 0.0881012 0.00297604 0.00552915 0.000434731 0.0343974 0.022832 0.281231 0.0611455 0.0866792 0.0383323 0.122832 0.0234321 0.0082829 1.75224e-06 0.0218859 
1.03966e-06 0.0386364 2.46601e-07 2.68263e-06 0.031111 1.53955e-07 0.0651675 3.77393e-07 0.00754152 5.87413e-06 0.855689 0.000148589 0.000336567 3.20098e-07 3.45583e-07 0.0013138 2.84015e-05 2.85511e-07 1.61853e-05 
4.69703e-05 0.0277569 0.00782893 0.00237649 0.00522209 0.00268125 0.0292775 1.19988e-08 0.220416 0.0513119 0.554292 0.0108697 0.0262988 0.00310354 0.0380848 0.00214504 0.0171823 9.81199e-06 0.00109648 
5.71459e-05 0.016734 8.08439e-09 0.0189034 0.000296398 6.21224e-05 0.00137246 4.61768e-09 0.00433142 0.00309144 0.937713 0.00020865 0.00145108 1.80683e-05 0.00051585 0.00128321 0.000120606 5.86533e-07 0.0138406 
1.92913e-10 0.00404371 0.000172945 4.46564e-05 0.000639167 6.66962e-06 0.00967125 1.95512e-06 0.000311673 0.213886 0.743426 0.00246577 2.00647e-05 9.88691e-10 0.00877536 0.00178762 2.6586e-10 8.81864e-10 0.0147475 
7.86928e-05 0.140701 0.00084422 0.0356282 0.00265019 0.00254872 0.0284371 9.44379e-12 0.0602339 0.0235336 0.497866 0.00135669 0.00371723 0.0199172 0.0286313 0.00144361 0.000619489 4.71273e-09 0.151792 
0.000770109 0.0804385 0.194648 0.046478 0.0141746 0.000263314 0.0121766 3.85085e-11 0.01876 0.00370958 0.317375 6.97619e-05 0.00251259 0.000110211 0.0295379 0.0086488 0.00198635 0.000389354 0.267951 
4.42345e-06 0.0469049 4.41911e-06 4.42428e-06 0.0097374 4.42131e-06 4.42322e-06 4.41603e-06 4.42444e-06 4.42375e-06 0.850833 4.42087e-06 4.42344e-06 4.41738e-06 0.0637099 4.42384e-06 4.4229e-06 4.4182e-06 0.0287526 
0.00699299 0.150389 0.00227606 0.0602566 0.0571766 0.00256454 0.0429197 2.47733e-07 0.0404642 0.0481434 0.428248 0.0118819 0.0324566 0.000689926 0.0447999 0.0366695 0.00400784 2.74123e-06 0.0300599 
0.0117053 0.13194 5.72903e-05 0.0234255 0.0561175 0.00102739 0.0155828 1.12929e-10 0.212927 0.0560009 0.311861 0.0196613 0.0719922 0.00492452 0.00128872 0.0743898 0.000484849 0.000401351 0.00621318 
0.000851205 0.0347933 0.00305313 0.0120748 0.0164438 0.00301466 0.0267976 0.000677194 0.0303246 0.046807 0.591318 0.00623449 0.0140443 0.00260657 0.194618 0.00658107 0.00320234 4.66328e-06 0.00655316 
2.21337e-06 0.200279 1.35949e-10 0.0356526 0.000747631 3.40808e-05 0.0354619 1.34044e-07 0.00291052 0.0918553 0.558157 0.000995518 0.000204655 1.76467e-10 0.00932981 0.00308273 1.90333e-07 2.48263e-05 0.0612615 
8.94218e-11 1.7523e-06 0.000647539 1.53224e-05 0.014699 6.84812e-07 0.000299675 5.40325e-10 9.20345e-07 0.00121099 0.921495 1.05451e-06 0.000817192 4.58293e-10 0.0604755 0.000329034 3.20168e-06 4.08775e-10 2.82882e-06 
3.07654e-05 0.205657 0.0038756 0.153705 0.0439324 0.000817698 0.0970463 0.00318009 0.0321875 0.0292891 0.334267 0.00305484 0.0114835 2.22849e-05 0.0147973 0.0255149 0.00272696 1.49295e-05 0.0383972 
3.46222e-06 9.61134e-05 7.98513e-05 0.00804515 1.94803e-05 5.47954e-05 0.000656317 3.72095e-09 0.000422392 0.00622372 0.893551 0.000297277 0.000139517 3.45231e-05 0.0281149 4.45842e-06 1.35723e-06 4.52729e-07 0.0622548 
1.19731e-06 0.000165942 3.56669e-08 0.000245098 0.000537239 3.07703e-10 0.0029051 2.89308e-06 0.00279118 0.000270734 0.955404 2.94404e-05 1.66387e-05 6.39764e-10 0.0356621 0.000999553 2.04883e-05 5.70638e-10 0.000947965 
8.25028e-05 0.153628 1.82541e-05 0.0107234 0.00147508 0.000551712 0.00399149 5.66589e-07 0.0340822 0.0438736 0.727135 0.000320458 0.0015848 8.10519e-06 0.00727799 0.00373741 0.00158184 1.81454e-06 0.00992646 
8.80783e-05 0.102776 0.0025334 0.013294 0.0315289 0.00217881 0.00301974 4.65695e-05 0.0420983 0.0850114 0.55845 0.000196282 0.00229456 1.80189e-05 0.0363978 0.00211635 0.0182912 1.40617e-05 0.0996472 
0.00295394 0.000344224 0.0039342 0.0017517 0.0279878 3.60981e-05 0.0111226 0.000217978 0.000915904 0.0862699 0.527698 0.024705 2.98995e-06 0.000418206 0.000435386 0.114505 0.00408952 0.155075 0.0375367 
5.10131e-05 0.101541 0.00347509 0.00909341 0.0482579 3.33168e-05 0.218793 2.35649e-08 0.0540879 0.126769 0.353037 0.000402534 0.00960854 0.00132629 0.0385506 0.00270827 0.0025781 7.21646e-07 0.0296866 
1.19731e-06 0.000165942 3.56669e-08 0.000245098 0.000537239 3.07703e-10 0.0029051 2.89308e-06 0.00279118 0.000270734 0.955404 2.94404e-05 1.66387e-05 6.39764e-10 0.0356621 0.000999553 2.04883e-05 5.70638e-10 0.000947965 
5.92843e-08 0.0152794 4.54221e-05 0.0346223 0.00127298 0.222614 0.019932 3.67166e-10 0.0362634 0.0269953 0.458559 2.18543e-06 0.000800944 3.38682e-08 0.179808 0.000494743 0.000212164 2.40243e-07 0.00309726 
0.000100916 0.107559 0.000624154 0.044742 0.0256712 0.00179408 0.0668297 0.000191198 0.0147599 0.0667846 0.473498 0.000886936 0.00668191 0.00113899 0.0618593 0.0424033 0.0081813 1.21171e-05 0.076281 
4.37417e-10 4.53845e-05 2.08992e-05 0.0166617 1.80055e-06 0.00306549 0.0646632 4.76015e-06 0.085572 2.58769e-06 0.511511 1.20982e-09 2.16808e-05 2.24179e-09 0.0012274 0.317178 2.71329e-06 1.99957e-09 2.08608e-05 
0.000192166 0.00447673 2.03633e-07 0.0259083 0.0017549 0.00165305 0.0402354 6.16425e-11 0.000704257 0.0019601 0.784739 0.00679701 0.0138329 1.83117e-05 0.0149239 0.000598434 3.21297e-06 2.79369e-06 0.102199 
3.10777e-07 0.0951533 0.00173896 0.196884 0.119262 0.00192619 0.0976102 3.10255e-07 0.0217284 0.0403419 0.278335 3.10596e-07 0.0306117 0.0113281 0.014764 0.0668854 3.10738e-07 3.10408e-07 0.0234295 
1.89597e-06 0.0326713 8.77859e-05 0.0263888 0.0990239 3.78512e-05 0.0931425 7.48283e-08 0.133734 0.0224183 0.352019 6.11435e-06 0.000740626 0.00324947 0.190693 0.00317555 0.0399446 2.37433e-07 0.0026644 
0.000993913 0.0380572 0.00455172 0.0416962 0.0175931 0.00664341 0.0178059 5.08155e-05 0.0174835 0.00962182 0.405184 0.00307118 0.0100102 0.00107793 0.0679536 0.0112078 0.00235253 0.00446533 0.34018 
0.00206489 0.0386544 0.208682 0.00932045 0.00756666 0.000293561 0.00420077 7.89098e-06 0.107391 0.0964502 0.373035 0.00305669 0.00221374 0.000109112 0.078578 0.000928013 0.000106378 0.0519214 0.0154204 
0.0082652 0.108075 8.48529e-05 0.250693 0.00442049 0.00494421 0.0316049 0.00158788 0.0391392 0.00481869 0.422017 0.00164776 0.00474868 7.45223e-05 0.0213439 0.0491625 0.000609506 9.23359e-07 0.046762 
4.82602e-05 0.057225 8.47278e-05 0.0123104 0.00414442 1.84909e-05 0.39011 2.45294e-07 0.00324369 0.0115647 0.395822 0.000523179 0.00257317 1.8385e-08 0.000697837 0.00105992 0.0020521 1.69821e-06 0.118521 
0.00011643 0.0928006 0.0361841 0.0637824 0.0191965 0.000432705 0.0266019 7.30807e-07 0.0265181 0.203413 0.509267 0.00646074 0.00284295 0.00819006 3.38156e-05 4.77751e-06 0.00405581 2.58763e-05 7.34339e-05 
3.99373e-06 0.0551044 3.3689e-05 0.154971 0.00240383 2.01963e-08 0.000457591 3.43336e-10 0.00433702 0.00105824 0.774002 0.000619734 0.0018039 6.97912e-08 0.00204044 5.27332e-05 0.000340246 3.81515e-07 0.0027708 
0.000180109 0.00879764 0.0112238 0.00178437 0.0037625 1.45322e-06 0.0038553 2.19427e-09 0.0257287 0.0241344 0.864779 1.32285e-05 0.00807382 0.00189507 0.0436209 0.000477106 4.9912e-06 1.66004e-09 0.00166794 
4.21018e-05 0.154851 0.00263707 0.0689157 0.00453813 0.000129969 0.124613 1.19747e-06 0.00557319 0.0651414 0.42992 0.000681966 1.76603e-05 0.000707531 0.00299507 0.0826045 0.00354464 3.34512e-05 0.0530528 
4.39461e-07 0.0149711 0.00124487 0.0567245 0.00764144 5.99927e-06 0.0016291 1.07233e-06 0.000910591 0.00342419 0.807082 7.95306e-06 0.00188813 3.62593e-05 0.0554615 0.0177235 0.0188864 1.28164e-06 0.0123594 
0.000511276 0.0380018 0.000123726 0.0177907 0.104704 6.31737e-05 0.0339659 7.49157e-06 0.0314185 0.00933486 0.59303 0.129662 0.00825469 5.62151e-05 0.0143973 0.00706547 0.00740543 1.96401e-05 0.00418755 
5.13193e-05 0.000627898 1.4508e-11 0.00111806 2.13003e-12 5.07309e-08 2.70204e-07 2.22028e-11 1.21014e-07 0.00131742 0.728671 1.53471e-07 1.75796e-07 0.114931 5.60414e-08 0.000475746 1.64582e-07 2.01734e-08 0.152807 
0.00790961 0.0415717 0.00329682 0.0634941 0.00291947 0.0214931 0.000471912 5.68902e-08 0.0854423 0.119232 0.372697 0.00530073 0.0815615 1.27074e-06 0.0343148 0.00024992 0.00652232 4.30394e-08 0.153522 
2.20369e-06 0.101811 0.000273283 0.0572665 0.00467293 0.000175405 0.0497362 8.75112e-06 0.233732 0.058091 0.311339 0.0925312 0.00224347 9.15161e-06 0.0350104 0.0296958 0.00361436 4.11491e-08 0.0197868 
5.13193e-05 0.000627898 1.4508e-11 0.00111806 2.13003e-12 5.07309e-08 2.70204e-07 2.22028e-11 1.21014e-07 0.00131742 0.728671 1.53471e-07 1.75796e-07 0.114931 5.60414e-08 0.000475746 1.64582e-07 2.01734e-08 0.152807 
5.56012e-05 0.112386 0.000192825 0.0994228 0.0286701 3.95645e-05 0.0111314 4.86074e-08 0.0346921 0.034745 0.354913 0.00818644 0.00262278 0.000769547 0.0377159 0.0350846 0.00143962 2.89381e-07 0.237932 
0.0243862 0.197828 0.00748765 0.0930818 0.0308962 7.85421e-05 0.00900521 3.0688e-05 0.0293179 0.073019 0.487837 0.00111583 8.40823e-05 0.000106683 0.0251852 0.00922507 0.00045054 0.000104502 0.01076 
8.91514e-05 0.122828 0.0012099 0.142155 0.00147073 0.000277974 0.0135429 9.23782e-11 0.0324956 0.0722835 0.430231 1.60893e-08 0.132709 0.000314129 0.0200777 0.0162544 0.00311591 3.98534e-08 0.0109455 
1.47074e-05 0.231978 0.00289446 0.0201235 0.0418647 0.0013281 0.0149916 5.22985e-09 0.069523 0.18269 0.302676 0.000340687 0.00556238 8.84794e-05 0.00193726 0.0225085 0.010883 4.98336e-06 0.0905903 
5.71459e-05 0.016734 8.08439e-09 0.0189034 0.000296398 6.21224e-05 0.00137246 4.61768e-09 0.00433142 0.00309144 0.937713 0.00020865 0.00145108 1.80683e-05 0.00051585 0.00128321 0.000120606 5.86533e-07 0.0138406 
0.00021944 0.0361838 0.000230854 0.0271025 0.0254586 0.00239531 0.0310996 2.41223e-07 0.0181484 0.116308 0.658037 0.00870089 0.00257132 0.000369213 0.0261426 0.0119003 0.0113963 9.99296e-06 0.0237256 
1.19093e-05 0.000106514 0.00016359 0.0729887 0.0368849 1.17378e-08 0.000138298 2.8773e-08 0.000104603 0.000157203 0.889112 1.31704e-08 0.000102328 2.46487e-06 4.96281e-05 3.52328e-09 4.85686e-05 2.17896e-05 0.000107358 
3.99373e-06 0.0551044 3.3689e-05 0.154971 0.00240383 2.01963e-08 0.000457591 3.43336e-10 0.00433702 0.00105824 0.774002 0.000619734 0.0018039 6.97912e-08 0.00204044 5.27332e-05 0.000340246 3.81515e-07 0.0027708 
8.64426e-09 0.00538751 2.09048e-05 0.000103335 0.00039555 5.09687e-05 0.00103971 8.94355e-07 0.00325336 0.000483358 0.657105 2.58478e-05 0.00353088 2.4815e-08 0.0529683 0.00131316 2.05817e-06 7.39028e-09 0.274319 
5.31328e-05 0.0964003 0.00417428 0.035203 0.0033944 0.000537389 0.0282746 0.0133673 0.0431531 0.0306979 0.546821 0.00133246 0.00481856 4.21489e-05 0.00302889 0.0370919 0.00626697 2.03184e-06 0.14534 
0.000131788 0.0679927 0.00107671 0.0471396 0.075338 2.48795e-05 0.0153929 1.77351e-10 0.0971012 0.0460208 0.551263 0.000439554 0.00206841 0.000118774 0.000808214 0.0131396 0.00135761 5.2179e-07 0.080586 
0.00221327 0.018746 0.00785759 0.0288542 0.00948339 0.0169172 0.00436175 1.8428e-08 0.0469441 0.0553636 0.45162 0.00879453 0.0139187 0.00241162 0.107633 0.000578465 0.000100056 3.70839e-06 0.224199 
4.72145e-05 0.0166221 0.000143801 0.0266047 0.00105222 0.00466668 0.393019 2.05711e-10 0.00198132 0.028206 0.525033 2.45455e-05 0.000473992 1.0565e-07 6.06639e-05 9.19652e-05 0.000196142 1.55627e-10 0.00177705 
9.42057e-05 0.151146 0.000473271 0.0173044 0.0147279 2.95952e-07 0.23252 7.14721e-06 0.0563215 0.194063 0.319756 0.000892167 0.00579543 0.000261768 0.000316105 0.00044849 0.00272458 0.000471416 0.00267703 
