3.57051e-06 8.40254e-05 1.40975e-05 1.57546e-06 2.06977e-06 0.978704 4.14779e-06 2.15746e-05 0.000834308 0.0202664 1.04448e-06 9.87543e-06 3.61903e-06 1.82991e-05 2.26889e-06 2.64182e-06 4.92064e-06 1.63219e-05 5.15987e-06 
8.15567e-08 0.000298363 3.22012e-07 3.59863e-08 0.000146606 0.994946 0.00108964 4.92801e-07 2.71857e-08 0.0016494 2.38577e-08 2.25572e-07 0.00110779 4.17984e-07 5.18255e-08 0.000760394 1.12396e-07 3.72821e-07 1.17861e-07 
0.00014016 8.89768e-05 2.84994e-05 3.18493e-06 4.18421e-06 1.77924e-05 0.990637 4.36148e-05 0.00423642 0.00426602 2.1115e-06 1.9964e-05 1.95661e-05 3.69933e-05 4.58676e-06 1.42829e-05 0.000393027 3.29962e-05 1.04311e-05 
0.00518624 0.0305525 9.81043e-08 0.00553316 0.0160224 1.43494e-08 4.60847e-09 6.79041e-13 0.937955 5.8389e-09 3.28741e-14 2.76012e-08 0.00473131 5.75949e-13 1.38545e-09 1.70813e-07 4.7732e-08 7.29531e-09 1.937e-05 
1.46964e-05 0.00233395 1.05744e-08 0.690528 5.60531e-06 6.60167e-09 2.02268e-05 1.61828e-08 2.43186e-05 0.0020409 7.8345e-10 7.40743e-09 2.71459e-09 0.215854 1.70187e-09 0.083807 0.00333772 1.22429e-08 0.00203305 
3.7535e-08 6.1307e-06 1.482e-07 7.12332e-05 2.17584e-08 9.25226e-08 8.72504e-05 2.26802e-07 1.25117e-08 0.832615 1.09801e-08 1.03815e-07 0.000129391 1.92369e-07 2.38517e-08 0.166805 0.000284557 1.71584e-07 5.42431e-08 
0.0203441 8.05381e-06 0.0028323 0.00420471 0.00183637 2.83938e-06 1.96471e-05 1.20328e-08 0.918762 0.000159472 5.82537e-10 0.00558193 0.0429595 1.87028e-06 2.7403e-06 0.00294812 0.000321068 1.45009e-06 1.36003e-05 
3.0248e-06 0.000140851 1.19429e-05 9.80692e-05 1.75343e-06 7.45606e-06 3.51385e-06 1.82772e-05 1.00827e-06 2.41782e-06 8.84844e-07 8.3661e-06 3.06591e-06 1.55023e-05 1.92212e-06 5.05148e-05 0.999613 1.38273e-05 4.37125e-06 
0.0025785 1.08806e-06 5.59112e-06 6.24207e-10 1.96895e-06 3.48709e-09 1.64338e-09 8.54797e-09 4.71554e-10 0.997413 4.13829e-10 3.9127e-09 1.43388e-09 7.25023e-09 8.98948e-10 1.04671e-09 1.94959e-09 6.46684e-09 2.04437e-09 
9.96612e-09 1.11485e-05 3.93495e-08 7.08037e-05 5.77719e-09 2.45662e-08 6.71607e-05 6.02196e-08 4.02001e-05 0.999479 2.91538e-09 2.75646e-08 1.01015e-08 5.10771e-08 6.333e-09 1.9917e-05 0.000311791 4.55582e-08 1.44024e-08 
1.7685e-07 0.200272 6.98261e-07 0.796589 1.02517e-07 4.3593e-07 0.000267281 1.0686e-06 0.00251723 0.000113231 5.17338e-08 4.89137e-07 1.79253e-07 9.06369e-07 1.1238e-07 0.000235663 2.43723e-07 8.08437e-07 2.55572e-07 
2.81642e-05 2.4835e-07 6.47566e-06 7.16594e-06 0.000160521 9.90138e-07 4.66627e-07 2.42714e-06 6.83546e-05 0.0184721 1.17504e-07 3.95801e-06 2.36089e-06 0.000292742 4.39298e-07 2.09288e-06 5.53574e-07 0.980948 2.6877e-06 
1.48114e-08 1.99513e-05 2.63063e-05 6.53543e-09 8.58595e-09 3.65098e-08 0.986361 8.94971e-08 0.00493988 3.11863e-05 4.33278e-09 0.003415 0.000868748 7.59097e-08 9.41197e-09 0.00433759 2.04122e-08 6.77077e-08 2.14045e-08 
2.38463e-06 0.000138502 8.66905e-05 1.83281e-05 0.000690615 2.99999e-05 0.000318913 1.4409e-05 0.000100284 0.998 6.97575e-07 6.5955e-06 0.000200793 1.22214e-05 0.000137223 0.000142955 2.35156e-05 1.09009e-05 6.51709e-05 
0.0025785 1.08806e-06 5.59112e-06 6.24207e-10 1.96895e-06 3.48709e-09 1.64338e-09 8.54797e-09 4.71554e-10 0.997413 4.13829e-10 3.9127e-09 1.43388e-09 7.25023e-09 8.98948e-10 1.04671e-09 1.94959e-09 6.46684e-09 2.04437e-09 
4.86891e-08 4.13882e-05 1.9224e-07 0.0122269 2.82243e-08 1.20017e-07 9.7577e-05 2.94201e-07 1.62298e-08 3.89187e-08 1.4243e-08 0.987633 4.93507e-08 2.49535e-07 3.09396e-08 3.60251e-08 6.71002e-08 2.22573e-07 7.03624e-08 
8.3291e-05 4.5726e-05 0.000234967 2.62323e-08 3.44628e-08 1.46545e-07 6.90631e-08 3.59229e-07 1.98171e-08 0.999634 1.73912e-08 1.64432e-07 6.0259e-08 3.04691e-07 3.77784e-08 4.39879e-08 8.19316e-08 2.7177e-07 8.59149e-08 
1.88443e-08 3.65959e-07 6.19511e-11 7.54709e-08 9.09552e-12 3.86766e-11 4.57524e-07 0.00042516 0.0261624 2.15733e-07 4.58993e-12 4.33972e-11 0.0892955 8.04149e-11 9.97057e-12 0.877276 0.00683948 7.17261e-11 2.26749e-11 
0.0332181 0.0217085 0.00843653 1.49845e-06 0.00592946 3.97932e-07 1.278e-07 1.88308e-11 0.872154 0.00589412 9.11648e-13 0.0239585 0.0286499 1.5972e-11 4.23013e-05 4.73692e-06 1.32368e-06 2.0231e-07 1.22054e-07 
5.25935e-10 0.00885593 0.00532265 2.32065e-10 3.04876e-10 0.00747358 6.10968e-10 3.17793e-09 0.0348586 0.748697 1.53851e-10 1.45465e-09 5.33082e-10 0.194792 3.34207e-10 3.8914e-10 7.2481e-10 2.40421e-09 7.60048e-10 
1.12055e-09 0.898272 4.42431e-09 1.70092e-05 0.101515 2.76214e-09 3.7763e-06 6.77088e-09 8.44903e-05 8.95694e-10 3.27795e-10 3.09926e-09 6.20148e-05 5.74293e-09 1.14001e-06 9.7842e-06 3.53654e-05 5.12241e-09 1.61935e-09 
5.5161e-08 3.0859e-05 8.73353e-05 3.89674e-05 0.000412522 1.3597e-07 0.63479 0.147156 1.83871e-08 0.210209 1.61362e-08 0.00720127 5.59106e-08 2.82704e-07 7.36448e-05 4.08137e-08 7.60193e-08 2.52158e-07 7.97152e-08 
0.0733784 4.7408e-07 7.56916e-07 3.84977e-05 1.11129e-07 0.492866 0.040441 1.15837e-06 0.000523067 0.0773073 5.60795e-08 5.30225e-07 0.000485971 9.82506e-07 3.82068e-07 0.000152117 1.53412e-06 0.314802 2.77041e-07 
4.90868e-10 2.73363e-06 4.45958e-06 7.12607e-06 2.84548e-10 1.20998e-09 0.960389 2.96604e-09 4.63069e-06 0.0395607 1.43593e-10 1.35766e-09 4.97539e-10 2.51574e-09 3.11924e-10 1.5545e-05 1.56274e-05 2.24391e-09 7.09371e-10 
2.24265e-09 0.577734 1.77979e-06 0.175792 0.000128704 0.000144288 2.97022e-05 1.3551e-08 0.0818626 0.164085 6.56039e-10 6.20278e-09 0.000115704 1.14937e-08 1.4251e-09 9.82342e-05 8.34789e-06 1.02518e-08 3.24093e-09 
5.66447e-05 0.000220077 1.01614e-07 0.000290719 0.00285097 0.000114252 2.98968e-08 1.57062e-05 0.000120967 0.993626 7.5285e-09 0.000548165 2.60856e-08 1.31898e-07 1.6354e-08 0.00023614 0.00168474 0.000235411 3.71919e-08 
9.86366e-09 1.12017e-05 5.90842e-06 4.35226e-09 5.7178e-09 2.43136e-08 2.15979e-05 5.96005e-08 5.20631e-06 1.09003e-05 2.88541e-09 2.72812e-08 9.99769e-09 5.0552e-08 6.26789e-09 0.999917 2.7671e-05 4.50899e-08 1.42543e-08 
2.19632e-07 4.5083e-05 8.67178e-07 9.69109e-08 2.6235e-05 5.41387e-07 2.55142e-07 1.32711e-06 6.84468e-06 0.999915 6.42488e-08 6.07465e-07 2.22617e-07 1.12563e-06 1.39566e-07 1.62506e-07 3.02683e-07 1.00401e-06 3.17398e-07 
0.00191305 1.6179e-06 0.000148409 6.66237e-06 1.49245e-05 9.49993e-09 4.47708e-09 2.32874e-08 1.28466e-09 0.989039 1.1274e-09 0.00658732 3.90634e-09 1.97519e-08 7.20242e-07 1.35412e-06 5.31129e-09 1.64474e-05 0.00226996 
0.362575 0.000265749 0.162859 0.0458399 0.00204565 2.24464e-07 0.00279314 1.39112e-06 0.189302 0.131236 1.109e-09 0.0361274 0.0616644 1.35205e-08 6.28441e-08 0.00527401 3.63567e-09 1.20596e-08 1.57108e-05 
5.66447e-05 0.000220077 1.01614e-07 0.000290719 0.00285097 0.000114252 2.98968e-08 1.57062e-05 0.000120967 0.993626 7.5285e-09 0.000548165 2.60856e-08 1.31898e-07 1.6354e-08 0.00023614 0.00168474 0.000235411 3.71919e-08 
8.17726e-09 0.36899 6.46053e-05 5.48475e-05 4.74022e-09 4.83963e-05 0.393465 4.94105e-08 0.000297382 0.066717 2.39209e-09 2.26169e-08 8.28838e-09 4.19091e-08 3.12296e-06 0.170358 1.12694e-08 3.73808e-08 1.18173e-08 
1.74824e-07 4.89218e-05 6.90261e-07 7.71397e-08 1.01343e-07 4.30936e-07 0.000162674 1.05636e-06 0.000425464 0.998584 5.11411e-08 0.000774137 1.772e-07 8.95986e-07 1.11092e-07 1.29352e-07 2.40931e-07 7.99175e-07 2.52644e-07 
1.9565e-09 2.36144e-05 0.403354 4.66262e-06 5.7853e-06 4.43738e-05 4.54791e-06 1.1822e-08 0.0719118 0.446076 5.72334e-10 0.0785071 1.76515e-05 2.40753e-05 3.1094e-06 1.44762e-09 2.31911e-05 8.94377e-09 2.82741e-09 
0.0025785 1.08806e-06 5.59112e-06 6.24207e-10 1.96895e-06 3.48709e-09 1.64338e-09 8.54797e-09 4.71554e-10 0.997413 4.13829e-10 3.9127e-09 1.43388e-09 7.25023e-09 8.98948e-10 1.04671e-09 1.94959e-09 6.46684e-09 2.04437e-09 
0.362575 0.000265749 0.162859 0.0458399 0.00204565 2.24464e-07 0.00279314 1.39112e-06 0.189302 0.131236 1.109e-09 0.0361274 0.0616644 1.35205e-08 6.28441e-08 0.00527401 3.63567e-09 1.20596e-08 1.57108e-05 
2.16976e-06 0.16736 8.30336e-06 0.0247151 2.54129e-06 6.3108e-07 0.068935 6.72308e-10 0.269607 0.0118604 3.25481e-11 6.43204e-06 0.320635 5.70238e-10 4.9563e-08 0.136748 2.25421e-06 3.20484e-06 0.000112861 
0.74048 0.00510226 0.00278333 0.00136693 0.000237419 4.83391e-06 3.94108e-05 1.99802e-06 0.0598181 0.0444148 9.74288e-08 0.140188 0.00406857 1.28456e-05 5.72525e-06 0.00125135 0.000169366 3.08951e-06 5.13771e-05 
1.23767e-06 0.0169281 4.88672e-06 0.0345695 0.00294229 3.05082e-06 0.827872 7.47854e-06 0.0139036 9.89309e-07 3.62055e-07 3.42319e-06 0.0488009 6.34316e-06 7.86482e-07 0.0549461 1.70568e-06 5.65778e-06 1.7886e-06 
2.77304e-06 1.47777e-06 4.32363e-06 0.060016 0.00421899 0.00019261 3.7756e-10 4.77223e-06 0.415192 7.00785e-06 9.50757e-11 9.93632e-07 0.0554209 1.66571e-09 4.05053e-07 0.0825173 0.382209 8.62892e-07 0.000209972 
0.00207939 3.95218e-06 5.05132e-06 0.0519788 0.0494618 0.0214854 3.94218e-06 7.73042e-06 0.0729963 0.768228 4.07367e-10 7.18708e-05 3.2374e-06 0.00655172 8.84911e-10 0.0271224 1.91915e-09 4.6244e-07 2.01245e-09 
1.08521e-10 0.871798 4.28476e-10 4.7884e-11 2.01369e-07 4.81769e-07 1.26067e-10 6.55731e-10 0.126128 4.42483e-07 3.17456e-11 3.00151e-10 0.00207059 5.56178e-10 6.896e-11 1.2848e-06 1.54059e-06 4.96083e-10 1.56828e-10 
4.86891e-08 4.13882e-05 1.9224e-07 0.0122269 2.82243e-08 1.20017e-07 9.7577e-05 2.94201e-07 1.62298e-08 3.89187e-08 1.4243e-08 0.987633 4.93507e-08 2.49535e-07 3.09396e-08 3.60251e-08 6.71002e-08 2.22573e-07 7.03624e-08 
2.19813e-09 7.40599e-05 8.67893e-09 8.86505e-05 0.000152653 8.5615e-05 2.55352e-09 1.32821e-08 0.00113929 0.998088 6.43018e-10 8.51211e-05 0.000226813 1.12656e-08 1.39681e-09 2.92768e-05 3.05992e-05 1.00483e-08 3.1766e-09 
0.0025785 1.08806e-06 5.59112e-06 6.24207e-10 1.96895e-06 3.48709e-09 1.64338e-09 8.54797e-09 4.71554e-10 0.997413 4.13829e-10 3.9127e-09 1.43388e-09 7.25023e-09 8.98948e-10 1.04671e-09 1.94959e-09 6.46684e-09 2.04437e-09 
0.987657 0.000150683 0.000362595 0.000199711 0.00013623 5.30356e-05 1.7033e-05 2.50974e-09 0.00142974 0.00865385 1.21503e-10 0.000102014 0.000381803 6.40743e-07 5.12066e-06 0.000631328 0.000176418 2.69636e-05 1.62672e-05 
0.000862556 1.09603e-06 5.63569e-06 1.21267e-09 2.4992e-06 6.77448e-09 3.19264e-09 1.66064e-08 9.16103e-10 0.999128 8.03958e-10 7.60133e-09 2.78565e-09 1.40852e-08 1.74641e-09 2.03347e-09 3.78753e-09 1.25633e-08 3.97167e-09 
0.120428 4.03605e-08 0.0164233 0.00859633 0.0011239 1.42056e-08 9.58128e-05 6.72236e-13 0.786746 0.00086822 3.25446e-14 0.031303 0.0150741 1.82514e-09 1.12483e-05 0.0174345 0.00183349 7.2222e-09 6.23121e-05 
1.93687e-06 3.49406e-05 7.6474e-06 4.98399e-05 1.12277e-06 4.77434e-06 2.25002e-06 1.17034e-05 6.45626e-07 0.99985 5.66592e-07 5.35706e-06 1.96319e-06 9.92662e-06 1.23079e-06 1.43309e-06 2.66927e-06 8.85405e-06 2.79904e-06 
1.27904e-05 0.000695589 9.03491e-05 0.000152302 8.15196e-05 0.000194061 0.000153985 3.25648e-05 0.97824 0.0188638 1.96822e-09 1.86093e-08 0.000340993 3.4483e-08 4.27551e-09 0.000360431 0.000781679 3.07571e-08 9.72328e-09 
1.18422e-06 3.14297e-08 1.95064e-06 4.66577e-10 2.24018e-05 2.6065e-09 1.22838e-09 6.38937e-09 3.52474e-10 0.999722 3.09326e-10 2.92464e-09 3.17593e-07 5.41934e-09 6.71939e-10 0.000222234 1.36026e-06 2.80945e-05 1.52811e-09 
3.63521e-05 7.86024e-05 2.81067e-05 1.81271e-05 0.0551794 1.29289e-07 6.09308e-08 3.16929e-07 1.74836e-08 0.0827777 1.53433e-08 1.02322e-05 1.12008e-05 0.855487 1.08346e-06 1.02846e-05 0.00035049 0.00599848 1.20992e-05 
8.08265e-05 3.33519e-07 2.2254e-13 2.48698e-14 2.53218e-09 1.38934e-13 6.5476e-14 3.40571e-13 1.87878e-14 9.28315e-06 1.64879e-14 1.82408e-09 1.21691e-09 2.88866e-13 6.46449e-08 4.17032e-14 6.99863e-11 0.999909 8.14526e-14 
0.00171323 5.25376e-05 0.000126423 6.96318e-05 4.74983e-05 1.84916e-05 5.93877e-06 8.75054e-10 0.997492 7.52437e-06 4.23636e-11 3.55686e-05 0.000133121 7.42204e-10 1.78538e-06 0.000220121 6.15104e-05 9.40119e-06 5.67176e-06 
0.00528706 1.75984e-06 1.10448e-09 0.0669687 0.177549 6.89534e-10 3.2496e-10 1.69027e-09 0.0691688 0.364071 8.183e-11 5.00431e-05 2.83534e-10 5.73206e-07 1.77757e-10 0.000597112 3.8551e-10 0.316305 7.66222e-07 
0.000720677 0.000626321 5.95313e-05 4.49487e-07 5.90515e-07 2.51103e-06 1.18339e-06 6.15534e-06 3.39563e-07 0.997903 2.97995e-07 0.000317061 1.03253e-06 5.22084e-06 6.47327e-07 3.07769e-05 1.40389e-06 4.65673e-06 0.000318126 
6.55492e-06 0.033342 1.9275e-05 0.0645013 3.55731e-06 0.0079169 0.236206 1.164e-08 3.69757e-06 0.650952 5.63522e-10 5.32804e-09 1.95256e-09 9.87283e-09 1.3334e-06 1.42533e-09 2.65481e-09 2.42284e-05 0.00702313 
5.66447e-05 0.000220077 1.01614e-07 0.000290719 0.00285097 0.000114252 2.98968e-08 1.57062e-05 0.000120967 0.993626 7.5285e-09 0.000548165 2.60856e-08 1.31898e-07 1.6354e-08 0.00023614 0.00168474 0.000235411 3.71919e-08 
0.00174177 8.1329e-05 0.937565 3.84078e-07 0.00358305 2.14563e-06 1.01118e-06 0.00684278 2.9015e-07 0.0247008 2.54632e-07 2.40751e-06 0.00194189 0.0227561 5.53129e-07 0.000773499 1.1996e-06 3.97909e-06 1.25792e-06 
1.64189e-10 0.64055 6.48269e-10 0.148355 9.51774e-11 4.0472e-10 1.90734e-10 9.92098e-10 0.174075 1.15505e-06 4.80299e-11 1.18116e-06 0.0150395 8.41479e-10 1.04334e-10 1.21483e-10 0.021978 7.50557e-10 2.37275e-10 
3.57825e-05 0.0172081 1.40101e-09 0.0237614 8.06701e-05 1.31282e-06 3.50402e-06 2.14408e-09 1.98391e-06 0.576539 1.038e-10 9.76264e-06 0.0216392 1.81857e-09 5.40897e-07 0.0239597 4.89014e-10 0.336757 1.7952e-06 
2.74557e-05 1.10455e-05 9.84595e-08 1.10033e-08 7.51834e-05 6.14691e-08 2.89688e-08 1.5068e-07 2.32829e-05 0.999783 7.29481e-09 6.89716e-08 2.52759e-08 1.27804e-07 1.58463e-08 1.84509e-08 7.56408e-05 1.13995e-07 3.6398e-06 
0.0115618 0.0157963 2.85281e-06 0.00235625 0.00497765 6.16464e-06 0.000597171 4.29677e-05 0.168739 0.000308143 1.64058e-10 6.87973e-05 0.00380011 2.87427e-09 5.06533e-05 0.763403 0.0282477 3.93675e-06 3.77232e-05 
0.992579 0.000301369 0.000725197 0.000399426 0.000272462 0.000106072 3.40663e-05 5.01954e-09 0.00285951 4.31617e-05 2.43008e-10 0.000204031 0.000763614 4.25748e-09 1.02414e-05 0.00126267 0.00035284 5.39277e-05 3.25347e-05 
3.0893e-08 7.59342e-06 1.21976e-07 0.000434418 1.79082e-08 7.61505e-08 7.99858e-06 1.86669e-07 1.02977e-08 0.999549 9.03712e-09 8.54449e-08 3.13128e-08 1.58329e-07 1.96311e-08 2.28578e-08 4.25748e-08 1.41222e-07 4.46446e-08 
9.29207e-06 0.996717 3.66881e-05 0.00121501 5.38646e-06 2.29047e-05 1.07944e-05 5.61467e-05 0.00175193 7.42744e-06 2.7182e-06 2.57003e-05 9.41834e-06 4.76226e-05 5.90467e-06 6.87521e-06 1.28057e-05 4.2477e-05 1.34283e-05 
0.0025785 1.08806e-06 5.59112e-06 6.24207e-10 1.96895e-06 3.48709e-09 1.64338e-09 8.54797e-09 4.71554e-10 0.997413 4.13829e-10 3.9127e-09 1.43388e-09 7.25023e-09 8.98948e-10 1.04671e-09 1.94959e-09 6.46684e-09 2.04437e-09 
0.255009 0.0159386 1.19851e-06 0.0139292 0.00409809 1.75302e-07 0.000382898 8.29563e-12 0.673906 0.000856056 4.01612e-13 3.37195e-07 0.025115 7.03619e-12 1.69257e-08 0.00918388 0.00128346 8.91245e-08 0.000295784 
5.25935e-10 0.00885593 0.00532265 2.32065e-10 3.04876e-10 0.00747358 6.10968e-10 3.17793e-09 0.0348586 0.748697 1.53851e-10 1.45465e-09 5.33082e-10 0.194792 3.34207e-10 3.8914e-10 7.2481e-10 2.40421e-09 7.60048e-10 
7.21013e-08 0.00457938 2.84679e-07 0.14784 0.000110253 1.77728e-07 2.36069e-06 4.35667e-07 2.40339e-08 0.221177 2.10917e-08 1.9942e-07 2.06774e-05 3.69525e-07 4.5817e-08 5.33478e-08 0.542974 0.0832941 1.04196e-07 
4.73783e-09 0.567565 1.87065e-08 6.2718e-05 1.20871e-05 1.16786e-08 0.000602675 2.8628e-08 4.99068e-05 5.30572e-06 1.38595e-09 7.20853e-05 4.80221e-09 0.0423354 0.325239 0.0405156 0.0235403 2.16581e-08 6.84681e-09 
0.0053438 7.31988e-07 1.12773e-05 1.13439e-06 3.64058e-06 7.03349e-09 3.31471e-09 1.72413e-08 9.51128e-10 0.994639 8.34696e-10 7.89195e-09 2.89215e-09 1.46238e-08 1.81319e-09 2.11122e-09 3.93234e-09 1.30437e-08 4.12352e-09 
4.70637e-06 0.941541 1.85823e-05 2.07665e-06 0.0226468 1.16011e-05 5.46729e-06 2.84379e-05 0.0174152 0.0158039 1.37675e-06 1.3017e-05 4.77033e-06 2.41205e-05 2.99068e-06 0.00244106 6.48602e-06 2.15143e-05 6.80135e-06 
1.10122e-05 0.999348 3.38283e-05 5.39296e-09 7.08502e-09 3.01274e-08 0.000222927 7.38519e-08 8.31154e-05 8.80242e-06 3.57536e-09 3.38046e-08 4.83268e-05 0.000181719 7.77442e-06 4.07036e-05 1.34919e-05 5.58716e-08 1.76628e-08 
5.18947e-08 0.00025998 2.04897e-07 0.0165279 3.00825e-08 1.27919e-07 6.02849e-08 3.1357e-07 0.698983 0.0963896 1.51807e-08 1.43532e-07 5.25999e-08 0.186627 3.29766e-08 0.000345611 0.00086544 2.37227e-07 7.49948e-08 
0.000819056 0.0398576 2.10263e-07 2.34978e-08 0.00991891 1.31269e-07 0.00121253 3.21783e-07 1.77513e-08 0.883697 1.55783e-08 1.47291e-07 0.0070075 2.7293e-07 0.00011136 0.0327054 0.00112876 2.4344e-07 0.023541 
0.0025785 1.08806e-06 5.59112e-06 6.24207e-10 1.96895e-06 3.48709e-09 1.64338e-09 8.54797e-09 4.71554e-10 0.997413 4.13829e-10 3.9127e-09 1.43388e-09 7.25023e-09 8.98948e-10 1.04671e-09 1.94959e-09 6.46684e-09 2.04437e-09 
1.08521e-10 0.871798 4.28476e-10 4.7884e-11 2.01369e-07 4.81769e-07 1.26067e-10 6.55731e-10 0.126128 4.42483e-07 3.17456e-11 3.00151e-10 0.00207059 5.56178e-10 6.896e-11 1.2848e-06 1.54059e-06 4.96083e-10 1.56828e-10 
0.000514329 4.73579e-08 0.000303081 0.00329496 0.0061883 0.0355144 3.48366e-09 1.81201e-08 0.0282027 0.925875 8.77241e-10 5.6216e-07 3.0621e-06 1.53691e-08 6.38163e-07 2.30449e-05 4.13277e-09 7.74083e-05 2.18509e-06 
1.77568e-08 5.17957e-05 0.000297099 0.000254199 0.000454546 4.37699e-08 1.84129e-06 1.05852e-05 0.150579 0.840287 5.19437e-09 3.73931e-05 2.2258e-05 0.00106839 3.58646e-05 0.00645648 2.44712e-08 0.000443558 2.56609e-08 
0.000230607 1.32766e-05 4.51201e-06 0.0220354 0.182083 8.67079e-05 5.94978e-06 2.15666e-05 0.00579642 0.106844 1.27725e-06 0.000648318 0.000298146 1.38448e-05 1.4015e-05 0.0233695 0.000261838 0.658209 6.20423e-05 
9.30555e-09 0.993047 3.67413e-08 4.106e-09 5.39427e-09 0.000233991 0.000110273 5.62282e-08 3.10186e-09 7.43822e-09 2.72215e-09 2.57376e-08 9.432e-09 4.76916e-08 5.91324e-09 6.88519e-09 1.28243e-08 4.25386e-08 0.00660826 
0.00104949 4.59229e-05 0.000236205 6.26355e-08 0.000115196 3.4991e-07 1.64904e-07 8.5774e-07 4.73177e-08 0.998549 4.15253e-08 3.92617e-07 1.43882e-07 7.27519e-07 9.02043e-08 1.05031e-07 1.9563e-07 6.48911e-07 2.05141e-07 
5.06394e-06 0.000298568 0.0500763 2.23442e-06 0.0014888 6.44847e-05 0.000140673 3.05985e-05 0.000216169 0.94681 1.48135e-06 1.4006e-05 0.000432795 2.59531e-05 3.21789e-06 0.000308127 5.05894e-05 2.31488e-05 7.31807e-06 
0.0025785 1.08806e-06 5.59112e-06 6.24207e-10 1.96895e-06 3.48709e-09 1.64338e-09 8.54797e-09 4.71554e-10 0.997413 4.13829e-10 3.9127e-09 1.43388e-09 7.25023e-09 8.98948e-10 1.04671e-09 1.94959e-09 6.46684e-09 2.04437e-09 
1.39306e-06 0.0580167 1.30612e-05 2.23841e-05 0.000118678 8.58248e-10 4.0447e-10 2.10384e-09 0.690646 2.64675e-05 1.01852e-10 9.72629e-08 0.0223237 1.78444e-09 2.2125e-10 0.228781 4.79836e-10 5.02973e-05 5.03164e-10 
8.84415e-05 0.110987 1.45857e-06 1.63002e-07 2.14144e-07 2.25398e-05 0.0528987 0.391575 1.23139e-07 0.443427 1.08065e-07 0.000136351 0.000264875 1.89328e-06 2.34746e-07 9.82286e-05 5.09104e-07 1.68871e-06 0.000495499 
1.27904e-05 0.000695589 9.03491e-05 0.000152302 8.15196e-05 0.000194061 0.000153985 3.25648e-05 0.97824 0.0188638 1.96822e-09 1.86093e-08 0.000340993 3.4483e-08 4.27551e-09 0.000360431 0.000781679 3.07571e-08 9.72328e-09 
2.83078e-09 0.308287 1.12024e-05 5.85112e-06 5.43312e-06 6.9778e-09 0.00970806 1.71048e-08 0.226118 0.291779 8.28087e-10 0.000392614 0.116618 1.4508e-08 1.79883e-09 0.0427783 0.00429506 1.29404e-08 1.58968e-06 
6.11609e-07 0.000142366 2.41483e-06 0.00830214 4.02934e-05 0.000171338 0.018022 0.000256607 0.00267512 0.969839 1.78914e-07 1.69161e-06 0.000442545 3.13454e-06 3.88649e-07 4.5253e-07 8.4288e-07 4.96132e-05 4.93217e-05 
0.00011751 7.52649e-05 2.89798e-07 0.000330372 0.00394845 1.80924e-07 0.000443462 4.43501e-07 2.4466e-08 0.00170147 2.1471e-08 0.000406215 0.991094 3.76169e-07 4.66409e-08 0.000727769 0.00115324 3.35524e-07 1.0607e-07 
0.0025785 1.08806e-06 5.59112e-06 6.24207e-10 1.96895e-06 3.48709e-09 1.64338e-09 8.54797e-09 4.71554e-10 0.997413 4.13829e-10 3.9127e-09 1.43388e-09 7.25023e-09 8.98948e-10 1.04671e-09 1.94959e-09 6.46684e-09 2.04437e-09 
9.30998e-05 1.50678e-07 2.44962e-09 3.15246e-05 0.00079426 1.75823e-10 4.98772e-14 9.9198e-08 0.000100251 0.000134242 1.25599e-14 1.39242e-05 1.60129e-05 2.20048e-13 1.42612e-07 0.00025068 5.91709e-14 0.998566 1.17502e-09 
5.66447e-05 0.000220077 1.01614e-07 0.000290719 0.00285097 0.000114252 2.98968e-08 1.57062e-05 0.000120967 0.993626 7.5285e-09 0.000548165 2.60856e-08 1.31898e-07 1.6354e-08 0.00023614 0.00168474 0.000235411 3.71919e-08 
3.86788e-09 0.902186 1.52717e-08 1.70667e-09 3.91389e-05 1.41868e-06 4.49324e-09 2.33714e-08 6.46114e-06 3.09172e-09 1.13147e-09 1.06979e-08 0.0261172 1.98232e-08 2.45786e-09 0.0615074 0.00841349 7.07351e-06 0.00172147 
1.76374e-05 0.00123697 6.96383e-05 7.78238e-06 1.02241e-05 4.34758e-05 2.0489e-05 0.000106573 5.87916e-06 0.998164 5.15946e-06 4.87822e-05 1.78771e-05 9.03932e-05 1.12078e-05 1.305e-05 2.43068e-05 8.06262e-05 2.54885e-05 
0.050721 0.000725324 0.0263614 0.00661823 0.00862813 1.69886e-05 0.00529802 6.97451e-06 0.415424 0.0360366 1.18195e-08 0.18115 0.0445883 2.87632e-06 3.24676e-06 0.0435927 0.00021817 0.179939 0.000668506 
0.120428 4.03605e-08 0.0164233 0.00859633 0.0011239 1.42056e-08 9.58128e-05 6.72236e-13 0.786746 0.00086822 3.25446e-14 0.031303 0.0150741 1.82514e-09 1.12483e-05 0.0174345 0.00183349 7.2222e-09 6.23121e-05 
0.155416 0.0212348 0.00246099 0.0570883 0.0012013 0.000827334 0.000251913 0.00100801 0.183584 0.000869724 4.55493e-10 0.181297 0.0117439 0.356689 8.4882e-06 0.0260211 0.000140025 6.23539e-07 0.000157264 
7.58479e-08 0.00310186 0.00225256 3.34673e-08 4.39678e-08 0.00293905 8.81109e-08 4.58306e-07 0.0119752 0.252118 2.21877e-08 2.09782e-07 7.68786e-08 0.727611 4.81978e-08 5.61199e-08 1.04529e-07 3.46724e-07 1.0961e-07 
0.0025785 1.08806e-06 5.59112e-06 6.24207e-10 1.96895e-06 3.48709e-09 1.64338e-09 8.54797e-09 4.71554e-10 0.997413 4.13829e-10 3.9127e-09 1.43388e-09 7.25023e-09 8.98948e-10 1.04671e-09 1.94959e-09 6.46684e-09 2.04437e-09 
1.0075e-06 5.21581e-07 1.21627e-06 1.70219e-07 1.50848e-06 0.000375988 3.35862e-10 1.74698e-09 0.293506 0.148962 8.45755e-11 0.00460383 1.81522e-06 0.552545 5.35199e-08 2.13919e-10 3.98444e-10 1.32165e-09 4.17815e-10 
3.1577e-07 0.000316445 1.24676e-06 1.39331e-07 1.83046e-07 7.78363e-07 3.66823e-07 1.90802e-06 0.000326401 0.999347 9.23718e-08 8.73365e-07 3.20061e-07 1.61834e-06 2.00657e-07 2.33638e-07 4.35173e-07 1.44348e-06 4.5633e-07 
2.42295e-08 0.00299962 0.0171316 1.06911e-08 1.40454e-08 0.00263355 2.81469e-08 1.46405e-07 0.0117326 0.899506 7.08784e-09 6.70147e-08 1.70913e-05 0.0659788 1.53967e-08 1.79274e-08 3.33915e-08 1.10761e-07 3.50149e-08 
0.419387 0.00104592 0.00037019 0.000972649 0.027784 1.4355e-05 3.36477e-06 1.03167e-10 0.453343 7.10358e-06 4.9946e-12 4.43392e-05 0.0910004 8.75047e-11 6.50738e-07 0.00577353 0.00024821 2.80519e-06 2.62235e-06 
2.0038e-07 1.08974e-05 4.16185e-10 0.0508248 1.27712e-06 0.00669157 2.4124e-06 5.10173e-07 0.193643 5.89875e-07 3.08349e-11 2.91541e-10 0.28207 5.40224e-10 6.69818e-11 0.324689 0.142067 4.81853e-10 1.52329e-10 
3.39819e-07 0.00956453 1.34171e-06 0.000123715 0.0538487 8.37644e-07 0.00206072 2.05333e-06 0.00538306 0.26747 9.94069e-08 9.39881e-07 0.00976931 1.7416e-06 2.15939e-07 0.00806381 0.00794419 0.634887 0.000877326 
2.84651e-08 0.220303 1.12389e-07 1.256e-08 4.53153e-05 7.01656e-08 3.60072e-05 4.55756e-06 0.19374 0.585557 8.32686e-09 7.87295e-08 3.06813e-05 1.45886e-07 3.55402e-06 0.000188335 9.03944e-05 1.30123e-07 4.11359e-08 
2.48602e-05 0.00143091 9.8156e-05 0.000753894 0.00290265 6.12796e-05 2.88795e-05 0.000150216 0.992078 0.00202491 7.27233e-06 6.8759e-05 2.5198e-05 0.00012741 1.57975e-05 1.83941e-05 3.42607e-05 0.000113644 3.59263e-05 
2.74557e-05 1.10455e-05 9.84595e-08 1.10033e-08 7.51834e-05 6.14691e-08 2.89688e-08 1.5068e-07 2.32829e-05 0.999783 7.29481e-09 6.89716e-08 2.52759e-08 1.27804e-07 1.58463e-08 1.84509e-08 7.56408e-05 1.13995e-07 3.6398e-06 
2.68495e-05 0.000596728 1.3932e-05 0.000951682 0.0011962 8.69786e-06 0.000880053 2.13212e-05 0.00139007 0.98765 1.03221e-06 9.75946e-06 0.000326627 0.000974254 8.62185e-05 0.000635299 0.000390535 1.61303e-05 0.00482446 
5.25935e-10 0.00885593 0.00532265 2.32065e-10 3.04876e-10 0.00747358 6.10968e-10 3.17793e-09 0.0348586 0.748697 1.53851e-10 1.45465e-09 5.33082e-10 0.194792 3.34207e-10 3.8914e-10 7.2481e-10 2.40421e-09 7.60048e-10 
4.31091e-05 7.07643e-06 9.79491e-06 1.09462e-06 1.43806e-06 6.11504e-06 2.88186e-06 1.49899e-05 8.26928e-07 1.98296e-06 7.257e-07 6.86141e-06 7.9728e-05 0.000403133 1.57642e-06 0.999008 0.000395359 1.13404e-05 3.58506e-06 
0.0607418 0.0151876 0.00434439 0.00451963 0.00340253 7.73582e-05 0.00043622 1.59093e-12 0.784235 0.000272247 7.7021e-14 0.00135161 0.0828942 1.3494e-12 3.246e-09 0.0407808 0.00164403 0.000107698 5.16622e-06 
2.60168e-08 0.0355116 1.56469e-06 0.0558431 0.0247736 0.0013917 4.03768e-07 1.96261e-10 0.85716 0.0194794 9.50147e-12 8.98353e-11 0.00275481 2.29723e-05 1.58947e-07 2.03556e-06 1.42797e-06 1.33779e-07 0.00305726 
6.11609e-07 0.000142366 2.41483e-06 0.00830214 4.02934e-05 0.000171338 0.018022 0.000256607 0.00267512 0.969839 1.78914e-07 1.69161e-06 0.000442545 3.13454e-06 3.88649e-07 4.5253e-07 8.4288e-07 4.96132e-05 4.93217e-05 
0.00109476 0.000381773 0.0417396 0.000105504 0.000900972 6.53835e-05 2.14988e-07 1.11825e-06 0.000202978 0.937783 5.41374e-08 0.00944699 1.87582e-07 0.00777063 1.17601e-07 1.36931e-07 0.000131339 0.00037545 2.67447e-07 
8.83589e-10 0.000169149 8.72523e-06 0.537244 0.000133839 1.6773e-05 2.82283e-05 5.33903e-09 0.125763 0.332901 2.58476e-10 2.44386e-09 3.80638e-05 1.31371e-05 6.68217e-06 0.000157232 0.00347399 4.03916e-09 4.57146e-05 
2.16827e-09 2.42551e-06 8.56103e-09 1.54043e-05 1.25691e-09 5.34472e-09 1.46117e-05 1.31016e-08 8.74609e-06 0.999884 6.34282e-10 5.99706e-09 2.19773e-09 1.11125e-08 1.37783e-09 4.33321e-06 6.78344e-05 9.91183e-09 2.50989e-06 
3.97725e-05 0.175145 2.93491e-06 1.6165e-06 1.10267e-06 4.2928e-07 1.37868e-07 2.03143e-11 0.819348 0.00545012 9.83467e-13 8.25722e-07 3.09039e-06 1.72302e-11 4.14475e-08 5.11009e-06 1.42796e-06 2.18248e-07 1.3167e-07 
0.00034979 0.968939 0.0124023 0.00927633 0.00212425 2.15018e-06 1.01333e-06 5.27079e-06 2.90766e-07 0.00334751 2.55172e-07 2.41262e-06 0.00353748 4.47058e-06 5.54303e-07 6.45413e-07 1.20214e-06 3.98754e-06 1.26059e-06 
1.03176e-06 0.00043897 4.07373e-06 4.55257e-07 0.000819234 2.54326e-06 1.19858e-06 6.23435e-06 0.000769215 0.0667242 3.01821e-07 2.85368e-06 1.04578e-06 5.28786e-06 6.55636e-07 0.930864 1.42191e-06 4.71651e-06 0.000352373 
0.0025785 1.08806e-06 5.59112e-06 6.24207e-10 1.96895e-06 3.48709e-09 1.64338e-09 8.54797e-09 4.71554e-10 0.997413 4.13829e-10 3.9127e-09 1.43388e-09 7.25023e-09 8.98948e-10 1.04671e-09 1.94959e-09 6.46684e-09 2.04437e-09 
4.30303e-06 0.00158651 0.00160925 0.971306 0.0153145 1.06069e-05 4.99874e-06 2.60008e-05 1.43435e-06 0.00786011 1.25876e-06 1.19015e-05 0.000413117 2.20534e-05 2.73437e-06 0.00179349 5.93016e-06 1.96705e-05 6.21846e-06 
3.1577e-07 0.000316445 1.24676e-06 1.39331e-07 1.83046e-07 7.78363e-07 3.66823e-07 1.90802e-06 0.000326401 0.999347 9.23718e-08 8.73365e-07 3.20061e-07 1.61834e-06 2.00657e-07 2.33638e-07 4.35173e-07 1.44348e-06 4.5633e-07 
9.36821e-06 3.50029e-05 0.0450193 0.00853166 0.00640992 0.00026463 5.64151e-05 7.41804e-05 2.64755e-07 0.927857 2.32345e-07 0.00361858 4.3016e-05 0.00673768 0.000878288 0.00013109 8.02155e-05 0.00025184 1.14782e-06 
0.120428 4.03605e-08 0.0164233 0.00859633 0.0011239 1.42056e-08 9.58128e-05 6.72236e-13 0.786746 0.00086822 3.25446e-14 0.031303 0.0150741 1.82514e-09 1.12483e-05 0.0174345 0.00183349 7.2222e-09 6.23121e-05 
3.57827e-07 0.00224425 1.41282e-06 0.00185625 0.0102355 8.82033e-07 0.203879 0.00373182 0.000243834 0.00742604 1.04675e-07 9.89689e-07 0.45481 1.83389e-06 0.000118103 0.314511 0.000767416 1.63574e-06 0.000169573 
0.027614 0.000111788 0.000836296 0.000103847 3.69496e-05 1.44116e-06 7.73655e-06 0.000106345 0.182647 0.000657118 7.90072e-12 4.56424e-06 0.000165394 1.3842e-10 6.03785e-08 0.78768 2.62715e-05 2.51388e-07 2.51269e-07 
1.49008e-05 0.092298 0.00811856 0.0564493 0.0314001 2.24462e-06 2.50681e-07 0.0189028 0.111541 0.0347367 6.31254e-08 0.00132099 0.095752 7.19941e-05 0.000107916 0.535052 0.000402247 0.0137995 2.9183e-05 
