2.56179e-05 0.0430199 0.00265184 0.000919435 0.0455836 9.86267e-05 0.00784955 2.17396e-07 0.0413334 0.828817 0.0224082 6.32127e-08 0.001344 1.45877e-06 0.00439161 8.95925e-07 0.00106978 4.55288e-05 0.000439307 
2.24534e-05 0.095221 0.00578556 0.0837809 0.166764 0.000168379 0.0207858 2.63314e-06 0.269289 0.0658754 0.040898 1.82007e-06 0.0113614 0.00292892 0.00800785 0.139762 0.0849093 0.00149781 0.00293766 
1.90556e-05 0.0185635 0.000317069 0.00162999 0.0093028 0.000564305 0.0998978 0.000254164 0.0100184 0.0292556 0.815874 6.05601e-07 0.00122944 7.07127e-07 0.0102117 7.47514e-05 0.000138827 3.99872e-06 0.00264272 
4.84729e-07 0.0230856 6.71776e-05 0.00805727 0.00761821 0.000606568 0.000677764 6.57316e-10 0.142166 0.00232362 0.0377389 3.00876e-10 0.0409091 1.07488e-07 0.000133498 0.725583 0.00964636 0.000580229 0.000806519 
8.46901e-05 0.0193798 6.96901e-05 0.00105921 0.0473094 0.00301688 0.0233296 3.0649e-06 0.00152906 0.513207 0.222466 1.21414e-07 1.07827e-05 0.000453892 0.000115145 0.000306895 6.30831e-05 2.77353e-05 0.167567 
1.48058e-05 0.0655919 0.749539 0.0530574 0.00824261 0.00399069 0.0176073 7.63673e-07 0.00138157 0.0906855 0.00702931 3.4956e-07 0.00189355 6.47733e-07 3.92368e-07 0.000945635 1.22945e-05 5.77745e-07 5.45033e-06 
5.86292e-05 0.121073 1.4122e-05 0.386915 0.0595315 0.000121598 0.0099465 0.0358163 0.0254756 0.0138787 0.0344402 3.90065e-06 0.0461435 0.000202505 0.0285855 0.0714689 0.155632 7.30181e-06 0.0106846 
0.00473791 0.0881482 0.000506231 0.0101798 0.115628 0.000251575 0.0515782 0.0601256 0.0257581 0.25683 0.0213068 0.000149411 0.0025359 0.00386461 0.000156173 0.0102862 0.047696 0.295745 0.004517 
7.41587e-06 0.109942 1.21651e-07 0.00404603 0.0120248 9.08157e-06 0.00546755 5.06915e-09 0.0372012 0.0401493 0.745457 2.32033e-09 0.00155133 5.54292e-05 0.028168 0.014947 2.12602e-05 3.83499e-09 0.000952183 
2.44323e-05 0.387426 0.00390847 0.261307 0.0112614 1.24503e-07 0.0214742 0.000380611 0.0293252 5.17506e-05 0.124246 2.52619e-10 0.0233785 6.31986e-07 0.00117045 0.132958 0.00183878 4.17524e-10 0.00124934 
0.000436026 0.293484 1.802e-07 0.269831 0.00972765 1.73518e-07 0.000933254 2.47709e-10 0.00654521 4.71781e-07 0.0150113 1.13385e-10 0.00605217 2.10102e-10 1.02683e-07 0.0642376 0.333741 1.87401e-10 2.82473e-07 
3.4754e-07 0.0251848 1.10515e-07 0.00701605 0.00199313 5.95813e-06 0.00026347 2.41175e-09 0.0156381 0.0389169 0.00617016 1.10394e-09 0.0566355 1.57895e-05 0.000100453 0.0205297 0.827506 1.89131e-05 4.22499e-06 
0.000338564 0.0182066 0.0157211 0.0154089 0.0462339 0.00268874 0.0309508 0.00743357 0.0353832 0.56263 0.186868 0.000190167 0.042054 0.00747946 0.000540158 0.00538629 0.00910006 0.000232364 0.0131547 
1.61308e-06 0.0462815 2.36724e-05 0.043883 0.0068989 1.15157e-05 0.00251931 0.0244681 0.0438417 0.697967 0.0612442 4.07878e-07 0.00198972 0.00924863 7.71988e-06 0.0527372 0.0063623 6.74133e-07 0.00251302 
0.000316791 0.0407687 0.022773 0.00574225 0.0292795 0.00125366 0.00492941 0.00175609 0.107958 0.632168 0.0660553 0.00020803 0.00186283 0.0264686 0.0210232 0.00296011 0.0334889 0.000431816 0.000555544 
0.000164419 0.00662559 0.00151257 0.00629722 3.89966e-07 2.60832e-07 0.0229831 1.71405e-06 5.16751e-05 0.037848 0.867632 1.01739e-10 0.00171867 8.3592e-08 0.0426573 5.0154e-06 1.30233e-07 2.3143e-06 0.0124993 
6.99467e-07 0.0424314 4.52734e-11 2.17154e-06 3.97494e-07 1.61136e-07 0.0147178 6.92855e-11 0.0339091 0.000165154 0.643717 3.17144e-11 0.11576 5.87667e-11 3.38097e-07 0.119344 0.00360627 5.24169e-11 0.0263451 
1.84861e-05 0.129978 2.2491e-05 0.00516999 0.0077061 0.00057567 0.000825577 0.004647 0.0198978 0.0159825 0.000794776 6.96885e-07 0.0043779 1.84652e-05 3.31304e-06 0.0992444 0.710734 1.36498e-06 9.93916e-07 
5.42639e-06 0.0167387 0.00138626 0.0100207 0.0155971 3.71808e-05 0.0860979 0.00145676 0.0264984 0.0616312 0.093576 2.65225e-06 0.000987499 0.00122694 0.0136841 0.644971 0.00154549 3.9329e-06 0.0245327 
1.38229e-07 0.466378 1.98031e-09 0.0217296 1.18084e-06 2.53073e-05 0.012562 3.68124e-06 0.030394 4.52443e-05 0.00331599 1.38722e-09 0.011807 0.000349017 2.23375e-05 0.430921 0.022444 9.0152e-07 2.68201e-07 
0.0008378 0.0673695 8.82159e-08 0.00191365 0.124474 2.06495e-07 1.15156e-07 8.43875e-08 0.0721135 0.0266234 0.413211 1.28714e-11 7.10383e-07 0.0670707 0.216644 0.00173456 9.55672e-08 2.12737e-11 0.00800603 
0.000410831 0.0959672 0.0257359 0.059696 0.15002 0.00030456 0.000255607 9.5884e-07 0.0286507 0.457273 0.042813 9.12409e-08 0.0452175 0.000291618 0.000781359 0.0543595 0.0226824 0.000660526 0.0148793 
2.01593e-05 0.11314 0.00103149 0.00475534 0.12004 0.00335025 0.170692 6.92512e-05 0.0343145 0.328772 0.212611 5.59993e-07 0.00255947 0.000536753 0.00457045 0.00228256 7.5239e-05 4.64936e-05 0.00113246 
6.86262e-06 0.0479143 0.000343612 0.000210825 0.00434172 0.00183055 0.0615855 3.65569e-09 0.0699802 0.719853 0.0779506 1.67334e-09 0.0103757 4.48035e-06 0.00443106 0.000643781 0.000467051 2.76566e-09 6.10277e-05 
5.21938e-05 0.0231133 5.73711e-06 0.0113414 0.020558 0.000215961 0.00102165 6.49498e-10 0.0878268 0.0259939 0.0220143 2.97298e-10 0.0456412 4.1968e-07 0.000158668 0.724963 0.0347068 3.40546e-07 0.00238634 
0.0813237 0.0237003 0.000724297 0.02069 0.032541 0.00041279 0.112681 0.000838446 0.0301497 0.441315 0.138825 9.54808e-06 0.00051204 1.3524e-05 0.0185445 0.0200085 0.000197617 0.000160292 0.0773524 
5.21938e-05 0.0231133 5.73711e-06 0.0113414 0.020558 0.000215961 0.00102165 6.49498e-10 0.0878268 0.0259939 0.0220143 2.97298e-10 0.0456412 4.1968e-07 0.000158668 0.724963 0.0347068 3.40546e-07 0.00238634 
6.99467e-07 0.0424314 4.52734e-11 2.17154e-06 3.97494e-07 1.61136e-07 0.0147178 6.92855e-11 0.0339091 0.000165154 0.643717 3.17144e-11 0.11576 5.87667e-11 3.38097e-07 0.119344 0.00360627 5.24169e-11 0.0263451 
1.53293e-06 0.00455099 1.72872e-08 0.0414702 1.20926e-05 0.000573041 2.56144e-05 2.6456e-08 0.0074572 2.71866e-06 4.64249e-05 1.21098e-08 0.665895 2.24395e-08 1.34718e-05 0.275072 0.00254473 5.47357e-06 0.00232939 
5.21938e-05 0.0231133 5.73711e-06 0.0113414 0.020558 0.000215961 0.00102165 6.49498e-10 0.0878268 0.0259939 0.0220143 2.97298e-10 0.0456412 4.1968e-07 0.000158668 0.724963 0.0347068 3.40546e-07 0.00238634 
6.94623e-05 0.000629808 0.000909986 0.00339385 0.0289852 0.00257075 0.00556508 0.00019978 0.00555356 0.748207 0.182791 4.07526e-07 0.00660059 5.5853e-05 2.66699e-05 0.0138197 3.4654e-06 2.90988e-06 0.000615521 
9.01277e-06 1.8419e-05 7.88785e-08 6.68116e-05 0.000734622 0.000126197 0.00132957 1.20714e-07 0.00296343 0.00170239 0.483524 5.5255e-08 3.22336e-05 1.02387e-07 0.00269411 0.00246817 4.83906e-06 9.13244e-08 0.504326 
1.20652e-05 0.377896 1.43588e-05 0.0596662 0.0554354 0.046296 0.0304607 1.03021e-05 0.199659 0.0320176 0.0466595 4.07507e-08 0.00479989 1.53658e-06 0.000762674 0.121294 0.0248417 6.69051e-07 0.00017172 
0.000806484 0.337904 3.87206e-07 0.0225474 0.142682 9.83574e-08 0.00112882 1.00419e-10 0.314018 0.00355461 0.0240091 4.59651e-11 0.137804 8.51732e-11 1.79635e-08 1.52107e-06 0.0140247 7.59703e-11 0.00151855 
0.030879 0.1677 2.35272e-06 0.00511874 0.0314343 0.000636334 0.00148855 2.85138e-09 0.0977918 0.496209 0.120092 1.30518e-09 0.00218013 1.05659e-06 0.000938789 0.0403379 0.00380754 5.16906e-05 0.00133002 
1.47859e-06 0.048488 3.09219e-06 0.00501947 0.0704734 1.09711e-06 0.0133325 1.29579e-08 0.0111835 0.788106 0.0296526 5.93128e-09 4.55448e-07 0.000109436 0.000837351 0.00212443 0.0203444 9.80311e-09 0.0103224 
1.27909e-07 0.00362915 1.95133e-06 0.00157563 0.00137966 1.56151e-05 0.00203748 0.000103198 0.0298047 0.0100339 0.00428175 1.34465e-08 0.000786352 8.37025e-08 1.62493e-07 0.886388 0.0599552 1.5979e-07 6.41351e-06 
3.89083e-08 7.77875e-06 0.120214 0.0119298 0.0014186 5.84551e-07 1.87393e-06 2.34866e-10 0.0720285 0.396437 0.0278978 1.07506e-10 4.13715e-07 0.0779155 0.292145 3.91159e-07 6.4822e-07 5.50999e-07 9.83061e-07 
2.02257e-05 0.321484 0.00183753 0.0951935 0.220411 5.01005e-06 0.000805513 9.24665e-08 0.0395601 0.00600341 0.0161738 3.10943e-08 0.00364131 0.00132944 0.00129421 0.112099 0.177281 8.33576e-05 0.00277756 
0.0021018 0.171846 8.82879e-08 0.0501152 0.510495 1.45918e-05 0.00494398 0.000103278 0.119606 0.0997096 0.0298492 6.18464e-08 0.00573447 3.20911e-06 0.000319093 0.0039342 0.0011001 2.96875e-05 9.47278e-05 
4.69039e-05 0.0562073 0.000226478 0.0475008 0.00545172 4.35049e-07 0.0483898 2.40976e-10 0.000747468 0.00161015 0.604403 1.10303e-10 0.00343466 0.00335625 0.139125 0.066597 0.0121126 1.82307e-10 0.0107912 
6.21543e-05 0.0176024 0.00154032 0.00473687 0.101564 7.09886e-05 0.00336075 1.69286e-06 0.0682371 0.596424 0.0148646 7.74882e-07 0.00145018 6.03876e-05 8.77726e-06 0.162611 0.0270622 2.87211e-05 0.000313175 
0.000933684 0.00737812 0.00154627 0.0689563 0.0167971 1.01952e-06 0.0890763 1.67578e-09 0.0159019 0.72704 0.0655104 7.67061e-10 0.00365534 0.000186609 7.681e-06 0.00191483 0.000859873 1.23495e-07 0.00023391 
7.74421e-05 0.021853 0.00220251 0.0448004 0.00304601 0.00352983 0.032282 1.19075e-07 0.106016 0.119349 0.204196 2.01432e-10 0.0491361 7.13248e-07 0.0167645 0.012453 0.00238654 3.32923e-10 0.381906 
6.28042e-05 0.0234046 0.000228493 0.0239715 0.000267191 0.396691 0.0359086 0.112083 0.0130648 0.0154524 0.277489 5.06054e-11 0.00144947 1.85128e-08 0.0190602 0.0336232 0.000137068 8.36396e-11 0.0471061 
3.90108e-07 0.057807 1.33376e-06 0.0661886 0.114126 5.18719e-07 0.00232145 9.53835e-10 0.0996565 0.459806 0.141061 4.36603e-10 0.00484481 1.18206e-05 0.0487418 0.00212528 0.00330674 7.2161e-10 3.94404e-07 
6.99467e-07 0.0424314 4.52734e-11 2.17154e-06 3.97494e-07 1.61136e-07 0.0147178 6.92855e-11 0.0339091 0.000165154 0.643717 3.17144e-11 0.11576 5.87667e-11 3.38097e-07 0.119344 0.00360627 5.24169e-11 0.0263451 
1.47859e-06 0.048488 3.09219e-06 0.00501947 0.0704734 1.09711e-06 0.0133325 1.29579e-08 0.0111835 0.788106 0.0296526 5.93128e-09 4.55448e-07 0.000109436 0.000837351 0.00212443 0.0203444 9.80311e-09 0.0103224 
6.86262e-06 0.0479143 0.000343612 0.000210825 0.00434172 0.00183055 0.0615855 3.65569e-09 0.0699802 0.719853 0.0779506 1.67334e-09 0.0103757 4.48035e-06 0.00443106 0.000643781 0.000467051 2.76566e-09 6.10277e-05 
6.86262e-06 0.0479143 0.000343612 0.000210825 0.00434172 0.00183055 0.0615855 3.65569e-09 0.0699802 0.719853 0.0779506 1.67334e-09 0.0103757 4.48035e-06 0.00443106 0.000643781 0.000467051 2.76566e-09 6.10277e-05 
0.00078671 0.120081 0.000130811 0.101249 0.0361286 1.11237e-05 0.0472985 7.24926e-08 0.0398025 0.168175 0.205055 3.31824e-08 0.05341 3.36879e-06 0.000776173 0.0213779 0.00756724 1.35586e-06 0.198145 
1.96116e-07 0.488915 6.76788e-10 0.0112236 0.0222157 3.14716e-07 0.018177 1.03574e-09 0.0214728 0.339458 0.0908845 4.74095e-10 9.32523e-07 1.02776e-06 8.88271e-07 0.00195398 0.00560717 7.83575e-10 8.87682e-05 
4.20144e-06 0.025787 0.000136823 0.00312379 0.0123964 0.000157045 0.00156672 1.77048e-06 0.0487257 0.0555132 0.0436162 1.76396e-06 0.0101894 8.88722e-06 9.40452e-05 0.782462 0.00257002 6.80622e-06 0.0136379 
0.000130681 0.0799712 0.00125822 0.0067988 0.04476 0.00284449 0.0486666 0.0133373 0.266393 0.236673 0.208198 2.30741e-05 0.000751826 0.0451877 0.000154627 0.00343296 0.0388823 0.000317314 0.00221864 
2.62357e-05 0.0610785 0.00118713 0.00272485 0.0841954 0.000315665 0.00450327 0.000376711 0.0618582 0.72662 0.0510894 7.45632e-06 0.000579591 0.000322616 0.0016905 9.76272e-05 0.00236116 0.000108736 0.000857048 
0.0010569 0.031769 0.000260747 0.0419955 0.0233158 8.27126e-06 0.00382671 0.000368994 0.0279375 0.0218077 0.04268 2.17605e-06 0.0244281 0.0171387 0.000372014 0.617031 0.000537047 0.142866 0.00259853 
3.4173e-07 0.0298776 8.59977e-06 0.010439 0.0208631 1.24169e-05 0.0096006 2.04444e-08 0.186041 0.245176 0.0769447 9.3581e-09 0.00837176 0.000275882 7.38283e-05 0.380542 0.0143617 0.0121063 0.00530583 
8.82169e-06 0.00358903 0.000154659 0.00854964 0.00688352 0.000256036 0.120473 5.09512e-10 0.00398 0.000429969 0.763705 2.33221e-10 0.00052758 4.32158e-10 0.0431983 0.0035646 0.000512363 3.85464e-10 0.0441676 
0.000243988 0.512609 0.0113489 0.0143104 0.0838401 0.0207432 0.0169284 4.83321e-05 0.078264 0.206259 0.0314679 2.54221e-05 0.00327161 4.77585e-05 0.00287485 0.0120765 0.00340212 0.000255097 0.00198346 
2.75605e-05 0.061456 7.52395e-05 0.0305375 0.0035655 0.00226165 0.0550923 0.0244359 0.0669473 0.0645271 0.545842 2.01011e-05 0.00557574 0.000251841 0.0367522 0.0210708 0.0057754 3.72315e-05 0.0757483 
0.000121296 0.0509326 3.88236e-07 0.000138184 0.00594313 0.00102722 0.00796489 0.0155585 0.117148 0.0361546 0.0316564 2.71962e-07 0.0233283 0.00258247 0.000290018 0.705166 0.00197808 9.32324e-07 8.19908e-06 
5.54351e-07 0.0332114 7.33743e-11 0.00219544 0.00286603 1.27727e-07 0.0143793 4.47099e-08 0.0121506 0.00275597 0.822912 5.13992e-11 0.0385909 9.52426e-11 2.67955e-07 0.0428438 0.00120262 8.49517e-11 0.0268907 
6.99467e-07 0.0424314 4.52734e-11 2.17154e-06 3.97494e-07 1.61136e-07 0.0147178 6.92855e-11 0.0339091 0.000165154 0.643717 3.17144e-11 0.11576 5.87667e-11 3.38097e-07 0.119344 0.00360627 5.24169e-11 0.0263451 
0.000128905 0.00319032 1.0719e-05 1.1875e-06 1.57353e-07 1.44203e-07 0.00159821 4.53135e-07 0.003172 0.00114963 0.000371325 4.22239e-10 0.000200783 7.82407e-10 1.13319e-09 0.990167 1.03715e-08 6.97869e-10 8.96017e-06 
5.90208e-06 0.0753977 0.00437675 9.84747e-06 0.0557487 1.14824e-05 0.0256571 1.28534e-08 0.238174 0.270989 0.0304498 5.88346e-09 0.159402 1.0902e-08 4.34926e-07 0.109437 0.0303315 9.72406e-09 8.52933e-06 
3.52433e-08 0.0213668 2.71072e-10 0.0147251 0.00450573 8.33396e-08 0.0134685 3.33735e-05 0.0157621 0.000114276 0.683103 1.89888e-10 0.0209111 8.27659e-09 0.0198184 0.141568 6.54341e-05 2.72979e-06 0.0645549 
9.99028e-05 0.100671 4.84952e-05 0.00311567 0.00404654 5.94585e-07 0.0778286 0.000957832 0.0151944 0.707932 0.0778617 5.72303e-07 0.00177637 6.50991e-07 8.43927e-05 0.00461253 0.000546344 8.58099e-07 0.0052223 
1.87606e-07 0.0428118 9.25419e-07 0.0230711 0.121792 0.00170072 0.0196368 9.45649e-05 0.0364761 0.575139 0.131871 1.38854e-09 1.44717e-06 2.57296e-09 2.34862e-06 0.0378734 0.00684669 1.79597e-06 0.00267924 
6.50869e-05 0.0193204 0.000372141 2.02619e-05 0.00764242 9.04779e-07 0.00556146 0.000520739 0.000174593 0.00027076 0.368419 3.11124e-07 0.0022145 3.87826e-06 0.0019149 0.565855 0.0275818 6.04472e-05 1.60329e-06 
5.21938e-05 0.0231133 5.73711e-06 0.0113414 0.020558 0.000215961 0.00102165 6.49498e-10 0.0878268 0.0259939 0.0220143 2.97298e-10 0.0456412 4.1968e-07 0.000158668 0.724963 0.0347068 3.40546e-07 0.00238634 
1.64571e-07 0.669526 6.89725e-09 0.0217356 2.79421e-06 2.0671e-06 0.0125721 1.22856e-05 0.0248698 9.44969e-07 0.00331877 4.83158e-09 0.00709654 0.000353177 2.2858e-05 0.246669 0.0138145 2.13558e-06 8.95154e-07 
1.44048e-05 0.0125571 0.000120316 0.000340242 0.000309936 0.000104591 0.521127 6.0086e-06 0.447194 0.000677003 0.0148914 2.75034e-06 0.000330804 1.27704e-05 1.54763e-05 0.00217229 8.20344e-05 4.54572e-06 3.76818e-05 
0.000290481 0.338343 0.00687747 0.049567 0.0727844 0.00511712 0.0140241 0.00138744 0.0911222 0.243104 0.0646841 0.000255453 0.0044905 0.00398244 0.0160929 0.0669212 0.0100188 0.0022777 0.00865968 
9.43885e-08 0.730568 8.55378e-07 0.0410195 0.127731 3.13157e-07 5.20646e-07 1.21304e-09 0.0861319 0.00193068 0.00539817 5.55252e-10 0.00208929 1.02888e-09 1.34105e-06 0.0034125 0.0017154 5.99562e-08 1.23472e-07 
6.99467e-07 0.0424314 4.52734e-11 2.17154e-06 3.97494e-07 1.61136e-07 0.0147178 6.92855e-11 0.0339091 0.000165154 0.643717 3.17144e-11 0.11576 5.87667e-11 3.38097e-07 0.119344 0.00360627 5.24169e-11 0.0263451 
5.91259e-06 0.0441835 4.28474e-06 0.00387993 0.000832931 0.000251233 0.00570182 0.000124261 0.750036 0.019885 0.11395 2.88039e-06 0.00420903 8.23756e-06 0.0195425 0.0255609 0.0116161 8.30638e-05 0.000122739 
0.0161042 0.0720385 0.013967 0.0469021 0.0168143 1.76864e-06 0.00725632 0.00176829 0.0495586 0.22492 0.312036 1.76846e-06 0.0237129 0.188548 0.00690364 1.76965e-06 0.00920199 0.00141568 0.00884794 
6.99467e-07 0.0424314 4.52734e-11 2.17154e-06 3.97494e-07 1.61136e-07 0.0147178 6.92855e-11 0.0339091 0.000165154 0.643717 3.17144e-11 0.11576 5.87667e-11 3.38097e-07 0.119344 0.00360627 5.24169e-11 0.0263451 
0.000843638 0.570739 0.00146683 0.245269 0.0269243 1.37844e-05 0.000706496 5.95824e-06 0.0329033 0.0276173 0.063109 5.57109e-07 0.0135654 0.000538634 0.000637842 0.00559317 0.00849449 6.06713e-06 0.00156472 
1.7575e-07 0.0675475 2.61893e-06 8.80966e-07 0.0558592 2.51089e-07 6.9178e-07 1.39927e-09 0.06943 0.69145 0.0175144 6.40494e-10 0.0035319 8.19693e-07 4.5988e-07 0.0053147 0.0893459 1.0586e-09 5.07633e-07 
3.51601e-08 0.00464506 1.15711e-07 0.0205293 0.00641735 0.000429255 0.905878 2.28471e-10 0.000364034 0.00989051 0.0305702 1.04579e-10 0.00305815 1.49723e-05 0.000251064 0.012163 0.0039258 1.72846e-10 0.0018629 
5.73392e-08 0.0219385 1.57642e-05 1.37923e-05 0.000393095 6.12935e-06 4.68255e-05 9.68417e-10 0.0594877 0.00342973 2.09519e-05 4.43278e-10 0.0003048 8.21393e-10 0.000118527 0.0167625 0.897457 7.32642e-10 4.66114e-06 
2.86745e-05 0.106746 0.00735795 0.00197228 0.0112699 2.93638e-05 0.0113045 1.00406e-08 0.0709609 0.626545 0.104231 4.59593e-09 0.0057636 6.38814e-07 0.00986757 0.0257564 0.0124285 2.32576e-08 0.00573752 
0.000155956 0.00175841 0.00158341 0.00445812 0.675408 4.61245e-05 0.000783703 3.40828e-08 0.00908882 0.0161099 0.00018887 1.20243e-11 1.67031e-06 0.288932 4.31675e-09 0.000228147 0.000208432 0.000932383 0.000115979 
6.86262e-06 0.0479143 0.000343612 0.000210825 0.00434172 0.00183055 0.0615855 3.65569e-09 0.0699802 0.719853 0.0779506 1.67334e-09 0.0103757 4.48035e-06 0.00443106 0.000643781 0.000467051 2.76566e-09 6.10277e-05 
1.81933e-05 0.0215904 0.013755 0.00133937 0.003533 3.83949e-05 0.0202988 0.000249208 0.0662645 0.0218497 0.784672 1.07687e-06 0.0171191 3.39173e-05 0.00581019 0.0184109 0.0237402 2.04462e-06 0.00127416 
8.30671e-05 0.550901 3.26857e-07 0.0671435 1.65005e-06 4.22972e-08 0.00365891 4.50604e-11 0.0726909 0.0896028 0.179247 2.06257e-11 7.00697e-07 1.2234e-07 0.00451138 2.15195e-07 1.24972e-06 0.00315832 0.0289997 
6.88669e-07 0.116982 3.05994e-08 0.0816015 0.0186177 1.34551e-05 0.00200835 8.69184e-11 0.0908416 5.82845e-05 1.38787e-05 3.97856e-11 0.603264 7.37225e-11 1.41006e-08 0.0799141 0.00668373 6.87308e-08 8.03643e-09 
0.000116667 0.0281932 0.00150651 0.0193235 0.0438629 0.0010468 0.109845 6.78198e-08 0.00906105 0.642829 0.111693 3.10435e-08 0.011287 8.86075e-06 0.000763511 0.011214 0.00910215 4.60289e-06 0.000142114 
3.30761e-05 0.0217178 3.93512e-05 0.740783 0.0238095 4.14735e-05 0.00193046 0.00474808 0.17782 0.0107259 0.00249035 6.95617e-08 5.54179e-05 3.59189e-06 0.000262062 0.0117833 1.88871e-06 0.00168465 0.00207002 
8.63207e-05 0.299302 0.00776684 0.0543398 0.011293 0.000967834 0.0334855 1.79704e-05 0.39633 0.0883638 0.0295247 1.76696e-05 0.023593 1.99475e-05 0.00102342 0.0528969 0.000742785 2.76424e-05 0.000200814 
7.35225e-06 0.102829 1.021e-07 0.0153802 0.00849579 2.20065e-05 0.04353 1.56252e-07 0.0388781 0.213815 0.273479 7.15218e-08 0.00435036 0.000765466 3.37639e-05 0.0541477 0.244249 1.1821e-07 1.61157e-05 
5.21938e-05 0.0231133 5.73711e-06 0.0113414 0.020558 0.000215961 0.00102165 6.49498e-10 0.0878268 0.0259939 0.0220143 2.97298e-10 0.0456412 4.1968e-07 0.000158668 0.724963 0.0347068 3.40546e-07 0.00238634 
0.0877856 0.0400065 0.000819073 0.0260809 0.0151798 0.00164288 0.0248321 1.43591e-08 0.0127109 7.14046e-05 0.717715 9.11603e-09 0.0170962 5.43441e-08 0.000327028 0.0392852 0.00746157 0.000118785 0.00886676 
0.000468378 0.0187866 5.69675e-10 0.0339258 0.000744703 0.00661263 0.0416247 8.71819e-10 0.0406516 6.27707e-06 0.727596 3.99062e-10 0.00760103 1.19446e-07 0.00118491 0.102432 3.0825e-06 1.73985e-07 0.018362 
0.0017478 0.0175388 0.0031036 0.0125099 0.208506 0.00171844 0.0012015 0.000762759 0.172102 0.0229812 0.00714076 0.00014179 0.00229299 0.00282009 0.00500746 0.0267035 0.00315944 0.510354 0.000208742 
0.000439323 0.0205314 0.000722573 0.10284 0.139183 3.70689e-05 0.000257394 0.000552174 0.0198714 0.542836 0.0809169 9.9585e-06 0.00908618 0.00953674 0.000779495 0.0342767 0.00809596 0.0299268 0.000100775 
0.00107594 0.0320579 0.00122514 0.00102418 0.00525911 0.00134784 0.00359293 0.000184422 0.0293604 0.883781 0.00255364 1.50199e-05 0.00545633 0.00401426 0.000386855 0.0268646 0.00167085 8.53294e-05 4.4257e-05 
7.7204e-05 0.446187 0.000621261 0.171981 0.00710508 0.000117446 0.0138164 9.15278e-11 0.0101668 0.00188492 0.289128 4.18954e-11 0.00562136 3.53318e-08 0.0016845 0.0345235 0.00391475 9.61078e-07 0.0131708 
2.56038e-06 0.0751647 0.000167206 1.88556e-05 0.00500978 4.89291e-05 0.00615726 0.000133324 0.105593 0.754039 0.0515749 2.42487e-08 0.00100728 0.000176156 2.27501e-06 3.95896e-05 0.000851973 4.00778e-08 1.36383e-05 
6.93273e-05 0.147571 0.000158419 0.0199542 0.216715 0.000109859 0.00276671 2.59218e-09 0.0332835 0.45688 0.0726782 1.18653e-09 0.00948934 3.72554e-07 0.000337547 0.0178109 0.00434286 1.7423e-06 0.0178306 
3.6865e-07 0.0476044 5.43979e-10 0.0140267 2.09498e-07 0.000309566 0.0580368 2.76204e-06 0.0627895 0.000374467 0.0273538 3.81061e-10 0.186199 7.06105e-10 0.000628268 0.594641 0.00691375 1.2208e-07 0.00111869 
6.86262e-06 0.0479143 0.000343612 0.000210825 0.00434172 0.00183055 0.0615855 3.65569e-09 0.0699802 0.719853 0.0779506 1.67334e-09 0.0103757 4.48035e-06 0.00443106 0.000643781 0.000467051 2.76566e-09 6.10277e-05 
1.49241e-07 0.0587091 3.59192e-07 0.0634192 0.00986401 3.36983e-07 0.126503 1.44058e-09 0.0303406 0.00275239 0.563756 6.59402e-10 0.0167774 9.55344e-06 0.000133502 0.0955017 0.00513145 2.72e-08 0.0271009 
3.51601e-08 0.00464506 1.15711e-07 0.0205293 0.00641735 0.000429255 0.905878 2.28471e-10 0.000364034 0.00989051 0.0305702 1.04579e-10 0.00305815 1.49723e-05 0.000251064 0.012163 0.0039258 1.72846e-10 0.0018629 
1.7756e-07 0.0513405 7.41857e-05 5.37335e-06 1.69052e-06 1.8112e-07 0.0150274 5.14487e-07 0.0277465 0.695751 0.0722045 3.8978e-08 7.69555e-06 3.25922e-06 0.00227616 0.127909 0.00765205 9.65314e-08 4.64227e-07 
8.02578e-08 0.0311099 2.98372e-07 0.0152748 0.142691 0.0171821 0.013205 0.0036936 0.0477357 0.635273 0.0233143 2.12545e-08 0.000908538 7.89109e-05 0.000162787 0.0621961 0.00503731 0.000476479 0.00166022 
1.32507e-07 0.049534 2.96368e-11 0.0267838 0.0220262 3.05374e-08 0.0100257 4.40421e-08 0.0044871 1.65333e-05 0.688413 2.07608e-11 0.011699 2.90901e-09 0.0237496 0.156576 0.00036074 3.4313e-11 0.00632813 
1.02707e-06 0.112451 3.06553e-08 0.100722 0.0189389 2.01438e-05 0.00301232 6.55472e-11 0.064054 8.73707e-05 2.08072e-05 3.00033e-11 0.625326 5.55959e-11 1.41305e-08 0.0684387 0.0069272 4.95888e-11 8.63949e-09 
0.0341923 0.112328 0.000602607 0.0304707 0.0278492 0.000470688 0.0241353 7.21914e-05 0.023333 0.00819668 0.524876 1.28534e-05 0.00370333 9.39704e-05 0.184988 0.0142455 0.0097015 2.46952e-05 0.000703333 
0.000179076 0.0224937 5.18419e-07 0.0165605 0.0508638 0.00456969 8.1805e-07 1.94288e-06 0.0245241 0.108851 0.581542 1.05849e-09 2.63167e-06 1.95276e-06 0.00602255 0.160884 2.1282e-05 3.26421e-06 0.0234771 
0.000212352 0.0335391 7.17108e-09 0.00369492 0.0323747 0.000451523 0.0349045 7.25324e-08 1.36598e-06 0.0215896 0.718655 4.33605e-11 0.00242129 1.44276e-06 0.0246221 0.000889509 1.70477e-06 3.77478e-08 0.126641 
0.000462169 0.0864647 0.0085811 0.00237502 0.149064 0.00295357 0.0426392 0.000671552 0.00935367 0.240802 0.0729772 4.13657e-05 0.0011584 0.000885508 0.00413009 0.00196204 0.00035648 0.186882 0.188239 
0.0382508 0.0717742 4.17558e-05 0.00666754 0.000477486 0.280949 0.0628595 1.15451e-05 0.222014 0.0063929 0.111829 4.44422e-06 0.0693614 8.78811e-06 0.0149398 0.00263787 0.111342 3.1214e-05 0.000406315 
1.98867e-08 0.00023733 0.0287224 0.00684394 7.95787e-07 0.000380891 2.8144e-06 1.6072e-07 0.0283435 9.49889e-07 0.00377034 3.2331e-10 0.0275146 5.99093e-10 1.93266e-05 0.865644 0.0385186 1.57343e-07 4.46119e-07 
6.86262e-06 0.0479143 0.000343612 0.000210825 0.00434172 0.00183055 0.0615855 3.65569e-09 0.0699802 0.719853 0.0779506 1.67334e-09 0.0103757 4.48035e-06 0.00443106 0.000643781 0.000467051 2.76566e-09 6.10277e-05 
6.99467e-07 0.0424314 4.52734e-11 2.17154e-06 3.97494e-07 1.61136e-07 0.0147178 6.92855e-11 0.0339091 0.000165154 0.643717 3.17144e-11 0.11576 5.87667e-11 3.38097e-07 0.119344 0.00360627 5.24169e-11 0.0263451 
3.46907e-06 4.51429e-06 2.28509e-07 2.41847e-05 0.00617003 4.31972e-05 1.10756e-05 3.49355e-10 0.00707978 0.00681527 0.365564 1.59912e-10 1.9169e-05 0.00186895 4.13328e-06 0.612385 1.67407e-07 6.08153e-07 6.78462e-06 
1.85566e-05 0.0008773 0.000254311 0.00384548 2.19959e-05 0.173117 0.00032631 0.688384 0.000689983 0.000658621 0.0236048 1.00669e-06 0.000262716 1.86539e-06 1.67123e-05 0.0642595 3.3327e-05 1.66384e-06 0.0436251 
0.000334571 0.386594 0.00552976 0.0127215 0.019691 0.000213762 0.0120471 1.41959e-05 0.0852436 0.405636 0.0468227 3.07602e-07 0.0195232 5.69985e-07 0.000685453 0.00141292 0.00267483 5.08398e-07 0.000853403 
8.38116e-06 0.00305171 0.0037965 0.0909248 9.56241e-06 0.00504325 4.94292e-05 2.81181e-08 0.000100315 0.568083 2.49001e-06 1.28706e-08 1.18116e-05 2.38493e-08 1.30399e-06 0.320047 1.44941e-06 2.03638e-05 0.00884869 
2.60037e-05 0.0124025 0.000309033 0.0171747 0.108693 0.000320533 0.0303126 2.87937e-05 0.0183904 0.000167101 0.128395 4.50596e-06 0.00714606 0.06877 0.000167366 0.606836 0.000706778 0.000133788 1.65749e-05 
9.60306e-05 0.21945 0.00170363 0.0114708 0.533584 0.00140869 0.0536967 3.5144e-06 0.00272361 0.12973 0.0228871 2.6767e-09 0.0169171 0.000392886 0.00181964 0.00370759 7.15235e-06 1.32838e-07 0.000401139 
2.44435e-06 0.131836 0.000372497 0.00166453 0.111771 0.264611 6.44064e-06 8.3798e-09 0.00534056 0.447787 0.0336565 3.83573e-09 0.00187529 1.59864e-05 8.78323e-07 6.60135e-06 0.000954063 6.33962e-09 9.99783e-05 
2.00349e-06 0.254324 5.02277e-07 0.00819837 0.00184781 2.01179e-05 0.0274049 0.541762 0.0176395 0.0192165 0.0582238 3.51849e-07 0.00558728 2.13137e-06 5.82826e-06 0.0657438 9.78903e-06 1.90107e-06 8.80495e-06 
0.000516426 1.49559e-06 0.148896 0.117995 4.69795e-06 2.00124e-06 1.95812e-06 4.157e-10 0.0162428 0.556821 0.0762549 1.90281e-10 0.0829739 6.06489e-06 0.00028032 1.03338e-06 4.83632e-07 8.17994e-07 2.24701e-06 
1.94787e-05 0.00488552 8.4685e-07 0.575006 0.0294032 0.000226085 0.0152371 1.296e-06 0.0114152 0.127971 0.19857 5.93225e-07 0.0068919 0.00576537 0.000187687 0.0125614 0.00136956 0.000146326 0.0103419 
1.57247e-07 3.56818e-06 0.433171 0.0143562 0.042836 9.62589e-07 6.65708e-07 3.06403e-10 0.0583278 0.413253 0.00829139 1.40251e-10 0.0297567 2.59885e-10 7.73675e-08 1.08434e-06 6.56972e-07 4.40661e-07 1.09995e-07 
4.39536e-05 0.0077951 0.000156475 0.0173534 1.916e-05 0.00197785 0.00911818 1.65997e-07 7.92454e-05 0.90607 0.0539902 7.59827e-08 0.00283069 1.40796e-07 1.43346e-06 0.000454611 9.13141e-05 1.0312e-05 7.55812e-06 
0.000128905 0.00319032 1.0719e-05 1.1875e-06 1.57353e-07 1.44203e-07 0.00159821 4.53135e-07 0.003172 0.00114963 0.000371325 4.22239e-10 0.000200783 7.82407e-10 1.13319e-09 0.990167 1.03715e-08 6.97869e-10 8.96017e-06 
1.91031e-05 0.0111272 0.0184283 0.0111938 0.0929786 1.29618e-05 0.000332691 8.26938e-05 0.0200808 0.00883042 0.0122602 6.9102e-07 0.00281215 0.0065377 0.00097647 0.604473 0.209688 4.38023e-05 0.000120788 
1.47859e-06 0.048488 3.09219e-06 0.00501947 0.0704734 1.09711e-06 0.0133325 1.29579e-08 0.0111835 0.788106 0.0296526 5.93128e-09 4.55448e-07 0.000109436 0.000837351 0.00212443 0.0203444 9.80311e-09 0.0103224 
0.000531637 0.335605 0.00078331 0.149834 0.15275 0.00269556 0.00317565 0.00117232 0.0864261 0.00429288 0.0357549 0.000517148 0.0445128 0.00093454 0.0106556 0.131824 0.0356906 0.000890802 0.00195418 
4.27881e-08 0.00963246 4.82752e-08 0.0116175 9.40593e-05 0.000894797 0.0508818 0.619837 0.000359993 0.00934428 0.240739 5.82952e-12 0.00030383 1.08021e-11 0.000354917 0.0343371 4.29922e-08 9.63493e-12 0.0216036 
1.09249e-06 0.14854 4.69197e-07 0.000109478 0.000585021 5.94429e-06 0.0013873 0.000910041 0.0323461 0.0174136 0.0044288 3.28676e-07 0.333103 6.09036e-07 9.42756e-07 0.452152 0.00900647 5.4323e-07 8.29283e-06 
8.16438e-06 0.0362105 4.2815e-06 0.00125687 0.00196016 1.89393e-05 0.00545778 2.48175e-08 0.0181893 0.00107089 0.0496344 1.13598e-08 0.00533236 2.10498e-08 8.01728e-05 0.880213 0.000127838 3.86638e-05 0.000396314 
5.21938e-05 0.0231133 5.73711e-06 0.0113414 0.020558 0.000215961 0.00102165 6.49498e-10 0.0878268 0.0259939 0.0220143 2.97298e-10 0.0456412 4.1968e-07 0.000158668 0.724963 0.0347068 3.40546e-07 0.00238634 
1.53173e-05 0.0213747 0.00122815 0.00196157 0.019215 5.6979e-05 3.7163e-07 3.6081e-05 0.16697 0.000932834 0.00139639 2.002e-07 0.04237 8.50772e-07 2.59442e-06 0.724853 0.0195831 1.08386e-06 1.18554e-06 
2.51131e-05 0.0588045 0.000310576 0.00304127 0.00510716 0.0001749 0.0312376 0.00163963 0.241649 0.0116233 0.0434848 8.8101e-06 0.00858961 1.72022e-05 0.000681137 0.569981 0.0229152 2.82059e-05 0.000680229 
7.99862e-05 0.0438622 3.33338e-05 0.000145 0.0817513 0.000620798 0.00321117 1.62037e-07 0.044776 0.796867 0.000272327 7.41698e-08 0.0207857 0.000750935 0.000273726 0.00265508 0.0035979 1.23541e-05 0.000305367 
0.00624277 0.171518 0.00373544 0.195206 0.168127 0.000868935 0.00588536 0.00187622 0.0859448 0.169105 0.074598 0.000489156 0.0378859 0.00981258 0.00694211 0.0186994 0.0165536 0.00654212 0.0199679 
0.00219528 0.0720679 0.000413939 0.0101936 0.636212 9.08056e-07 0.0436309 7.63681e-07 0.0727749 0.0306783 0.00551898 1.20615e-09 0.109556 0.000224513 1.99316e-06 0.00114896 0.0153791 1.89439e-06 4.73871e-07 
0.00934443 0.184631 0.00268538 0.0758176 0.0313701 0.00287366 0.0360307 0.00135911 0.346457 0.136091 0.0372254 0.000460729 0.0150983 0.0026321 0.0191677 0.0783803 0.00746333 0.0106722 0.00223992 
7.98921e-05 0.209527 0.00155779 0.0249342 0.104032 1.02631e-05 0.00765121 0.000176544 0.133684 0.0186939 0.0470814 3.42722e-08 0.0588214 2.42671e-07 0.0051664 0.308146 0.0797108 5.13729e-08 0.000727147 
0.000406008 0.153078 0.0155512 0.00317205 0.0600638 0.000522667 0.0129158 7.37847e-05 0.218121 0.0958048 0.0327493 1.36231e-09 0.00933619 0.00523433 0.00254946 0.0710335 0.318958 2.88368e-06 0.000426539 
0.000276437 0.0935579 0.000201338 0.0909066 0.46293 0.000575113 0.0743718 0.0205681 0.0378742 0.12744 0.0258485 0.00013436 0.0228493 0.00250509 0.000612739 0.00876106 0.00383902 0.0249467 0.0018017 
6.88669e-07 0.116982 3.05994e-08 0.0816015 0.0186177 1.34551e-05 0.00200835 8.69184e-11 0.0908416 5.82845e-05 1.38787e-05 3.97856e-11 0.603264 7.37225e-11 1.41006e-08 0.0799141 0.00668373 6.87308e-08 8.03643e-09 
0.000196553 0.17799 0.000147936 0.0818221 0.153206 0.000362721 0.331211 1.17895e-09 0.0350647 0.161341 0.0256306 5.39646e-10 0.00385368 3.1232e-06 0.00117304 0.0250374 0.00034437 8.91917e-10 0.00261533 
3.76813e-06 0.0361859 0.00488456 0.0513712 0.00202881 1.59039e-05 0.00193951 1.39887e-06 0.00243067 0.0912565 0.0927654 1.64361e-08 0.00520282 2.84537e-05 0.00316761 0.00554667 0.000157023 0.00168819 0.701326 
4.6685e-06 0.0053911 2.08573e-06 0.00915581 1.24112e-05 3.47208e-05 0.0569467 5.29918e-05 0.0125461 0.907256 0.00190746 1.46107e-06 4.17604e-05 0.000856067 8.22848e-06 0.00518828 7.30523e-05 2.41483e-06 0.000518503 
0.000105531 0.0264293 0.00294007 0.0230162 0.0526196 1.78336e-08 0.104165 8.76027e-10 0.00543368 0.0816894 0.693024 4.00988e-10 9.11278e-07 8.7351e-07 0.000382988 0.00353858 0.00124342 1.94493e-07 0.00541083 
2.31605e-06 0.0973973 0.000811021 3.85209e-07 0.0268732 6.23458e-07 0.00970624 1.24484e-05 0.0498387 0.548386 0.0120496 4.32629e-09 0.0799042 1.83292e-06 2.3798e-05 0.11705 0.0575723 7.15041e-09 0.000370106 
1.98867e-08 0.00023733 0.0287224 0.00684394 7.95787e-07 0.000380891 2.8144e-06 1.6072e-07 0.0283435 9.49889e-07 0.00377034 3.2331e-10 0.0275146 5.99093e-10 1.93266e-05 0.865644 0.0385186 1.57343e-07 4.46119e-07 
6.99467e-07 0.0424314 4.52734e-11 2.17154e-06 3.97494e-07 1.61136e-07 0.0147178 6.92855e-11 0.0339091 0.000165154 0.643717 3.17144e-11 0.11576 5.87667e-11 3.38097e-07 0.119344 0.00360627 5.24169e-11 0.0263451 
9.34086e-05 0.0222281 0.00314015 0.012008 0.000619202 0.000138061 0.0189147 9.12615e-08 0.0122264 0.912278 0.0132162 4.17736e-08 9.25674e-06 8.95053e-06 0.000695612 0.00300883 0.00119268 9.42242e-06 0.000212997 
6.4801e-07 0.00365804 2.79099e-06 6.06282e-07 2.54821e-06 0.000152438 2.32562e-06 2.87182e-09 2.1548e-06 0.957139 0.0380102 1.31453e-09 1.29326e-06 2.43582e-09 1.38437e-06 1.3445e-06 0.00102147 2.17263e-09 3.46023e-06 
3.33055e-06 0.122545 4.27258e-06 0.313358 0.00632671 4.45623e-06 0.0102906 9.03058e-07 0.187389 0.0124536 0.00474711 8.66904e-07 0.00416494 0.00013103 0.00308181 0.298478 0.0353679 1.98565e-05 0.00163204 
8.59314e-06 0.192844 0.0043918 0.0165381 0.0304934 0.00467114 0.0441958 3.07121e-08 0.0941767 0.0800743 0.511321 1.4058e-08 0.00401693 5.6146e-06 9.10986e-05 0.00194921 0.0149839 2.32348e-08 0.000238226 
6.99467e-07 0.0424314 4.52734e-11 2.17154e-06 3.97494e-07 1.61136e-07 0.0147178 6.92855e-11 0.0339091 0.000165154 0.643717 3.17144e-11 0.11576 5.87667e-11 3.38097e-07 0.119344 0.00360627 5.24169e-11 0.0263451 
1.00743e-05 0.207169 0.000398657 0.0674516 0.0423891 0.00083736 0.000671794 6.71281e-08 0.0115149 0.0265839 0.608769 1.87068e-10 0.0161313 0.00115691 1.59085e-07 0.0109359 0.000223987 6.56495e-07 0.00575481 
3.66882e-05 0.00327346 0.000528909 0.0162093 0.00208391 0.00572088 0.110033 3.22097e-06 0.000122402 0.840636 0.00343013 1.47435e-06 0.00545769 2.73196e-06 7.37282e-06 0.0123504 4.55404e-05 5.14689e-05 5.89757e-06 
4.84729e-07 0.0230856 6.71776e-05 0.00805727 0.00761821 0.000606568 0.000677764 6.57316e-10 0.142166 0.00232362 0.0377389 3.00876e-10 0.0409091 1.07488e-07 0.000133498 0.725583 0.00964636 0.000580229 0.000806519 
7.35117e-06 0.0193637 0.000126145 0.0694588 0.13671 2.21444e-05 0.0022573 1.08473e-05 0.12308 0.613746 0.00202393 1.25443e-06 0.00913378 0.00934906 0.000204247 0.0116862 0.00213098 0.000143594 0.000544389 
0.0161042 0.0720385 0.013967 0.0469021 0.0168143 1.76864e-06 0.00725632 0.00176829 0.0495586 0.22492 0.312036 1.76846e-06 0.0237129 0.188548 0.00690364 1.76965e-06 0.00920199 0.00141568 0.00884794 
2.03035e-05 1.6697e-06 0.0358383 0.00538326 0.00767515 2.62619e-08 0.0050407 9.58246e-07 0.0572998 0.863404 0.0114197 2.02596e-10 0.0022877 0.00105604 0.00205378 0.00628615 0.000138849 4.0517e-07 0.00209368 
5.50953e-07 0.0763516 0.000156862 0.594226 8.91955e-06 2.4893e-05 0.0250303 2.58882e-08 0.148388 0.0105526 0.0378089 1.185e-08 0.0345478 6.17018e-06 6.64159e-06 0.0728837 4.98661e-06 1.95854e-08 2.52983e-06 
8.25097e-06 0.18558 0.0011536 0.16729 0.033627 0.000104099 0.11176 0.00226385 0.0123439 0.211354 0.235569 8.16926e-06 0.00511422 0.000578492 0.00722773 0.00515238 0.000249915 1.77896e-05 0.0205969 
5.21938e-05 0.0231133 5.73711e-06 0.0113414 0.020558 0.000215961 0.00102165 6.49498e-10 0.0878268 0.0259939 0.0220143 2.97298e-10 0.0456412 4.1968e-07 0.000158668 0.724963 0.0347068 3.40546e-07 0.00238634 
0.00133627 0.0982698 0.012301 0.0103158 0.053338 3.88729e-06 1.77294e-05 3.67385e-08 0.0494545 0.740967 0.016401 1.68165e-08 0.00759725 1.3622e-05 0.000578886 0.00900984 0.000120425 1.33425e-05 0.00026186 
3.90947e-05 0.00627185 7.66797e-06 0.108902 0.0195315 1.32627e-05 0.0932906 9.71598e-05 0.00158517 0.69034 0.054922 2.31514e-07 0.00517838 4.28994e-07 7.44507e-05 0.000124235 0.00116825 2.9314e-06 0.0184513 
3.71806e-05 0.232637 0.000244456 0.0105539 0.00647939 8.31683e-05 0.0413206 1.02031e-05 0.321786 0.0110437 0.166057 2.10419e-07 0.101745 0.000535272 0.00078518 0.0732933 0.0254954 1.01108e-05 0.0078826 
1.6234e-07 0.208654 4.01057e-07 0.00118133 0.0222776 9.16101e-07 0.0173018 1.83128e-09 0.261737 0.397425 0.0605333 8.38242e-10 0.000275768 1.55326e-09 0.000340106 0.000922007 0.0293479 1.38543e-09 2.9802e-06 
0.000470694 0.0389543 0.00243896 0.00293123 0.0331968 2.91294e-08 0.0269988 3.55251e-10 1.80024e-05 0.816564 0.0667426 1.62611e-10 1.07324e-07 3.01317e-10 1.07974e-06 6.69956e-07 1.89605e-06 5.40207e-08 0.0116811 
0.000116667 0.0281932 0.00150651 0.0193235 0.0438629 0.0010468 0.109845 6.78198e-08 0.00906105 0.642829 0.111693 3.10435e-08 0.011287 8.86075e-06 0.000763511 0.011214 0.00910215 4.60289e-06 0.000142114 
1.65989e-06 0.0257203 5.77277e-06 0.0234087 0.00124097 0.657224 0.00756874 1.32363e-06 0.0315261 0.0126752 0.0256454 5.05231e-09 3.41065e-05 0.163651 0.000337289 0.0474442 0.000279174 6.2098e-06 0.00322969 
8.70052e-06 0.0275391 1.24685e-05 0.0135985 0.0239832 0.00283558 0.000148663 3.59036e-07 0.118478 0.000305064 0.000120806 3.01906e-08 0.0291218 6.25528e-05 0.000689695 0.738197 0.0448657 1.34914e-07 3.23399e-05 
3.34455e-07 0.00522213 9.4982e-07 1.59711e-06 0.010269 0.00100577 0.00229465 3.77461e-09 0.0670662 0.911205 1.4189e-06 1.72777e-09 0.002596 4.94915e-06 1.32034e-06 1.73138e-06 0.000327437 2.85562e-09 1.36109e-06 
1.52107e-06 0.549673 1.69869e-05 0.0577456 0.00516026 0.0129229 0.0958183 6.99863e-07 0.137168 0.0178981 0.0683702 3.20352e-07 0.00371289 0.00178916 0.00474634 0.0413284 0.00213054 4.90936e-06 0.0015116 
3.57909e-07 0.00836159 5.75405e-05 0.0125661 1.21483e-05 0.000758315 0.0495433 0.0769819 0.00242836 0.00106491 0.00786126 4.03777e-09 0.0502164 2.55459e-06 2.75131e-05 0.78968 0.000328174 5.69221e-08 0.000109089 
2.2284e-08 0.00874167 8.15862e-08 0.00112667 0.000882932 1.72215e-07 0.0228069 1.79969e-10 0.002179 0.000145657 0.44457 8.23781e-11 0.00939419 1.52646e-10 0.000991506 0.0127023 4.24252e-05 1.36153e-10 0.496416 
0.000196553 0.17799 0.000147936 0.0818221 0.153206 0.000362721 0.331211 1.17895e-09 0.0350647 0.161341 0.0256306 5.39646e-10 0.00385368 3.1232e-06 0.00117304 0.0250374 0.00034437 8.91917e-10 0.00261533 
0.000152811 0.0463014 0.000128439 0.00372621 0.00614982 0.000922056 0.00716861 0.00151102 0.0214673 0.0188307 0.0208666 1.70632e-05 0.00559959 0.00450755 0.00582544 0.842969 0.0105885 0.000478415 0.00278969 
1.47859e-06 0.048488 3.09219e-06 0.00501947 0.0704734 1.09711e-06 0.0133325 1.29579e-08 0.0111835 0.788106 0.0296526 5.93128e-09 4.55448e-07 0.000109436 0.000837351 0.00212443 0.0203444 9.80311e-09 0.0103224 
0.00156424 0.328857 0.0198002 0.125098 0.0859201 0.00199762 0.00435004 0.00160866 0.204168 0.0162419 0.030338 0.000187913 0.0312127 0.0011205 0.0168435 0.0787919 0.0499205 0.000505093 0.00147293 
1.61266e-06 0.0048842 3.31252e-05 0.00155717 0.00733534 0.000157803 0.000330525 1.58408e-05 0.107222 0.0116583 0.00328144 1.85023e-07 0.000545157 6.01482e-07 0.000238927 0.86114 0.00159491 2.42227e-06 5.15367e-07 
0.000134832 0.00290581 1.71507e-05 0.00299664 0.0173203 3.13219e-05 0.038998 1.12708e-07 0.00331937 0.867765 0.0595555 5.15903e-08 0.000232035 0.00107715 0.000158145 0.000802437 0.000208725 1.85813e-05 0.00445839 
0.000264583 0.0503645 0.00813595 0.00903376 0.00562253 0.00387838 0.0208051 0.000190456 0.0289783 0.770834 0.0382569 3.4149e-06 0.00248357 5.48943e-06 0.00396979 0.00151251 0.0525994 0.000228829 0.00283298 
5.21938e-05 0.0231133 5.73711e-06 0.0113414 0.020558 0.000215961 0.00102165 6.49498e-10 0.0878268 0.0259939 0.0220143 2.97298e-10 0.0456412 4.1968e-07 0.000158668 0.724963 0.0347068 3.40546e-07 0.00238634 
0.000101953 0.471092 0.000322441 0.00747279 0.0185621 0.0148454 0.00465671 0.0221798 0.0344343 0.181912 0.122326 7.12889e-06 0.0355099 1.32076e-05 0.00162021 0.0602723 0.0237463 0.00013169 0.000793718 
0.0106684 0.562798 9.18993e-05 0.00582083 0.0429907 5.82731e-05 0.00367442 2.34231e-07 0.188176 0.00878132 0.149464 7.33205e-08 0.00161061 1.575e-05 0.000710811 0.0150953 0.00855647 0.000179592 0.00130763 
0.0001742 0.029904 0.000866351 0.0571194 0.000915236 6.78002e-05 0.0392349 2.19232e-07 0.0282002 0.787467 0.0465754 1.0035e-07 0.00181138 3.02291e-06 0.000199618 0.00191031 0.0055106 1.65857e-07 3.96501e-05 
6.86262e-06 0.0479143 0.000343612 0.000210825 0.00434172 0.00183055 0.0615855 3.65569e-09 0.0699802 0.719853 0.0779506 1.67334e-09 0.0103757 4.48035e-06 0.00443106 0.000643781 0.000467051 2.76566e-09 6.10277e-05 
