7.98227e-05 0.0460258 2.28857e-05 0.0239403 0.0423878 0.000127991 0.0137729 2.79391e-09 0.204643 0.027176 0.00817076 3.97753e-05 0.584033 2.36974e-09 6.61049e-05 0.0406558 0.00883356 4.40991e-06 2.07519e-05 
0.0173596 0.0114121 1.8984e-05 0.034042 0.00571676 0.00185226 0.000924452 2.45417e-11 0.0198407 0.00303732 0.0263644 0.00808166 0.62387 0.228366 0.00716846 0.00729517 0.00193796 1.13623e-05 0.00270037 
0.152468 0.0169665 9.04861e-06 0.0549896 0.00116125 0.00108057 0.0087732 8.91816e-10 0.0563996 0.0328893 0.168424 0.192239 0.29096 0.00210535 1.25038e-05 0.00199461 1.44199e-07 2.28698e-08 0.0195265 
0.0112012 0.0416218 0.00890995 0.112884 0.0294731 0.00208728 0.00225954 2.26824e-06 0.0643559 0.185892 0.0312254 0.031621 0.467032 0.00359833 0.00337219 0.00180303 0.000531348 2.80244e-05 0.00210125 
0.180591 0.0303667 0.00352933 0.105548 0.0275583 0.000261236 0.00159145 4.69291e-08 0.0559288 0.00806573 0.0140159 0.00843504 0.432197 0.00099712 0.00017192 0.0506251 9.4132e-05 0.000234213 0.0797889 
0.00943898 0.0276802 1.25525e-05 0.0482782 0.00536031 0.00352492 0.000748215 1.04649e-12 0.0355733 0.00128401 0.00733864 0.00564453 0.806982 3.78233e-05 0.0430828 0.00345786 0.00101844 2.659e-06 0.00053476 
0.000237513 0.0347576 0.00348851 0.0338507 0.00854105 0.000310229 0.00110898 6.00765e-10 0.338499 0.000207897 6.21853e-05 0.00861958 0.568767 3.56764e-11 1.43378e-05 0.00124912 4.14656e-05 3.92918e-08 0.000244146 
6.16412e-05 0.193004 0.0716858 0.0557575 0.00255661 4.21841e-05 0.00203472 0.00341602 0.0408878 0.00338987 0.00216624 0.000804175 0.500371 8.85053e-09 3.54031e-05 0.106496 0.00787622 4.6407e-06 0.00941106 
0.00943898 0.0276802 1.25525e-05 0.0482782 0.00536031 0.00352492 0.000748215 1.04649e-12 0.0355733 0.00128401 0.00733864 0.00564453 0.806982 3.78233e-05 0.0430828 0.00345786 0.00101844 2.659e-06 0.00053476 
0.000533891 0.0142693 6.33793e-06 0.0920154 0.00200813 0.000601445 0.000229373 4.16624e-13 0.00299426 7.95497e-05 0.0132582 0.00208943 0.863896 1.82276e-05 0.00293056 0.0032063 0.00125705 6.30427e-07 0.000605735 
9.71216e-05 0.00590067 6.22399e-09 0.0101849 0.00237298 0.000812396 8.89455e-06 7.14386e-12 0.0127406 0.000208681 0.0126045 0.00207987 0.951009 9.58314e-09 0.000651992 0.000836838 0.000115247 1.07464e-05 0.000365089 
0.024235 0.11987 0.000407067 0.00485393 0.0262389 0.00073362 0.00690265 7.4211e-06 0.194098 0.00290649 0.0209692 0.00578318 0.402736 0.00075206 0.0044532 0.175529 0.00807366 1.22657e-06 0.00144969 
0.000195912 0.0961839 0.000171583 0.360073 0.0211313 0.00349108 0.00146664 1.16697e-09 0.0807513 0.00289042 0.0330857 0.00278859 0.365981 0.000274475 0.00916789 0.0187333 0.00305502 8.13973e-06 0.000550611 
0.00501155 0.00545525 0.000159791 0.0566592 0.0140896 0.00757631 0.00150738 1.58386e-09 0.0574342 0.000787735 0.0137267 0.0190591 0.797645 0.0123302 0.00527013 0.002439 2.45186e-06 1.94048e-06 0.000844359 
0.000203823 0.0839884 6.14337e-07 0.17415 0.00716629 0.000168328 0.00292108 1.0933e-10 0.0418522 0.028293 0.0316851 0.00123676 0.571584 3.21414e-05 0.00240828 0.0511077 0.00181771 2.81992e-07 0.00138415 
0.0164513 0.00295124 0.000121042 0.0151814 0.00864385 0.00372776 1.0188e-05 1.52176e-09 0.135011 0.00686129 0.00609043 0.0101994 0.792747 0.00118281 9.19847e-05 0.000205586 0.000130285 9.52317e-07 0.000392244 
0.000415637 0.0197231 0.000130012 0.0942723 0.00628771 0.0268362 0.00221755 1.92483e-06 0.0141824 0.000953898 0.0901744 0.00165745 0.525901 4.37881e-10 0.000786438 0.00645742 0.000420278 2.95668e-05 0.209553 
0.183965 0.0628026 0.0262817 0.0536162 0.0750884 0.000161201 0.00571484 1.09915e-09 0.128558 0.0234804 0.0333921 0.182076 0.214075 0.000642493 0.000118648 0.00541072 0.000375667 7.90941e-05 0.00416159 
5.48986e-05 0.09707 9.76806e-05 0.0382963 0.0935491 0.00467406 0.0572435 0.000499766 0.127612 0.0168483 0.0392611 0.000151275 0.260755 0.00362163 0.0113832 0.104248 0.137787 8.92131e-07 0.00684654 
0.000408148 0.0511753 1.08075e-09 0.139912 0.00504089 6.32681e-05 0.00032484 3.30593e-12 0.0283856 0.000229873 0.0148651 0.000655122 0.743083 5.42239e-09 0.000145543 0.0140412 0.000757306 1.47363e-07 0.000912223 
0.00378683 0.00327391 5.37029e-08 0.00121545 0.00281921 5.07529e-07 1.65288e-07 2.93416e-11 1.78666e-06 0.000477572 4.06774e-06 0.186429 0.80144 4.38036e-07 3.74918e-07 3.58216e-07 3.60043e-07 5.55172e-08 0.000550301 
0.000465036 0.13494 4.51033e-06 0.181956 0.142094 7.07939e-05 0.00534821 1.70998e-07 0.0121915 0.00769496 0.039283 1.13685e-05 0.298554 1.68504e-10 0.132296 0.0340443 0.00812066 1.50297e-10 0.00292513 
0.0144214 0.0191977 5.44996e-06 0.070113 0.00530648 0.00115273 0.000198916 3.68442e-12 0.023835 0.00137549 0.00735724 0.00405239 0.845236 0.00032655 0.000556695 0.00576033 0.000465667 8.22632e-07 0.00063786 
0.000202681 0.218676 4.41936e-06 0.31002 0.0170978 0.000608575 0.000856886 7.9424e-12 0.0470264 0.000647806 0.000472654 0.000106258 0.313787 6.63953e-06 0.00025199 0.0403469 0.00131212 6.00871e-12 0.0485762 
0.00593432 0.0455146 1.00763e-05 0.145063 0.00909714 0.031036 0.00417823 2.1428e-09 0.0097759 0.000513791 0.035127 0.000395122 0.632069 7.72776e-05 0.0389246 0.0354612 0.00482218 2.92098e-06 0.00199737 
0.000447981 0.0314539 2.00999e-06 0.00122715 0.00302584 0.00169137 0.0164463 2.24598e-07 0.00369048 0.00590934 0.0377104 0.0135261 0.787541 3.28177e-05 4.18853e-08 0.0941845 0.00250935 2.41207e-09 0.000600808 
0.000308365 0.0764157 0.00113304 0.260693 0.0264878 0.000150118 0.00196136 2.8043e-08 0.0169123 0.0144 0.022272 0.00646411 0.544545 1.78257e-07 0.000584159 0.0246121 0.000724222 5.08391e-05 0.00228566 
0.000251898 0.235225 0.0249499 0.175327 0.0180095 0.00125193 0.0229828 5.17407e-05 0.0285334 0.00424551 0.0506082 0.00206898 0.357238 0.000111923 0.0446124 0.0283327 0.00484117 4.64904e-08 0.00135714 
7.10412e-05 0.253266 4.03435e-08 0.0835596 0.00382986 2.15608e-05 0.000208213 7.14909e-10 0.0863667 6.86456e-07 0.00144232 0.000525755 0.564167 7.49319e-07 1.91224e-05 0.00555149 0.000934395 9.5401e-08 3.56912e-05 
0.000330258 0.0100287 2.98987e-07 0.0418685 0.00368523 0.000201714 5.78844e-05 4.99782e-12 0.00622542 1.98053e-06 0.0050363 0.00129849 0.93059 6.00852e-09 5.73431e-05 0.000446508 3.8073e-05 1.48008e-07 0.000133067 
0.000333373 0.0209846 2.65363e-06 0.167544 0.00491042 0.000340387 0.000193794 7.28273e-12 0.014668 0.000573497 0.0110653 0.00116167 0.772789 7.63449e-06 0.00142244 0.0027029 0.000739147 7.6566e-07 0.000560963 
5.37582e-07 0.14462 0.05829 0.00604853 0.0360655 3.14914e-10 0.00109313 7.71953e-10 0.0502707 0.00932639 1.29236e-07 0.0910648 0.561821 6.54756e-10 5.97129e-08 0.0413978 6.38534e-07 5.8401e-10 4.68668e-07 
0.00378683 0.00327391 5.37029e-08 0.00121545 0.00281921 5.07529e-07 1.65288e-07 2.93416e-11 1.78666e-06 0.000477572 4.06774e-06 0.186429 0.80144 4.38036e-07 3.74918e-07 3.58216e-07 3.60043e-07 5.55172e-08 0.000550301 
0.0323774 0.0337305 0.000202329 0.0476894 0.0156317 0.0016326 0.000919441 2.28377e-11 0.107561 0.0152386 0.0119856 0.0030378 0.713536 0.000208109 0.00533407 0.00664794 0.00373593 3.98893e-06 0.000527771 
0.183965 0.0628026 0.0262817 0.0536162 0.0750884 0.000161201 0.00571484 1.09915e-09 0.128558 0.0234804 0.0333921 0.182076 0.214075 0.000642493 0.000118648 0.00541072 0.000375667 7.90941e-05 0.00416159 
9.71216e-05 0.00590067 6.22399e-09 0.0101849 0.00237298 0.000812396 8.89455e-06 7.14386e-12 0.0127406 0.000208681 0.0126045 0.00207987 0.951009 9.58314e-09 0.000651992 0.000836838 0.000115247 1.07464e-05 0.000365089 
5.37582e-07 0.14462 0.05829 0.00604853 0.0360655 3.14914e-10 0.00109313 7.71953e-10 0.0502707 0.00932639 1.29236e-07 0.0910648 0.561821 6.54756e-10 5.97129e-08 0.0413978 6.38534e-07 5.8401e-10 4.68668e-07 
0.183965 0.0628026 0.0262817 0.0536162 0.0750884 0.000161201 0.00571484 1.09915e-09 0.128558 0.0234804 0.0333921 0.182076 0.214075 0.000642493 0.000118648 0.00541072 0.000375667 7.90941e-05 0.00416159 
0.00871882 0.010499 3.9478e-05 0.0643858 0.00528406 0.00120967 0.000281159 2.25147e-12 0.00680185 0.0013406 0.00959904 0.00180326 0.879334 4.88181e-05 0.00461175 0.0044391 0.00106054 1.20634e-06 0.000541574 
5.37582e-07 0.14462 0.05829 0.00604853 0.0360655 3.14914e-10 0.00109313 7.71953e-10 0.0502707 0.00932639 1.29236e-07 0.0910648 0.561821 6.54756e-10 5.97129e-08 0.0413978 6.38534e-07 5.8401e-10 4.68668e-07 
0.263568 0.0202662 0.0140458 0.0736837 0.00378022 0.000548917 0.0163688 0.000251333 0.00506806 0.0162624 0.104976 0.000574453 0.447765 5.65151e-06 0.000365801 0.0292078 0.000303014 5.67796e-09 0.00295902 
0.00871882 0.010499 3.9478e-05 0.0643858 0.00528406 0.00120967 0.000281159 2.25147e-12 0.00680185 0.0013406 0.00959904 0.00180326 0.879334 4.88181e-05 0.00461175 0.0044391 0.00106054 1.20634e-06 0.000541574 
0.203181 0.0384685 0.00456665 0.0211858 0.0149867 0.00262434 0.00086262 8.8722e-10 0.206995 0.024036 0.042685 0.0368604 0.365017 0.000809354 0.00789113 0.00975329 3.15448e-06 8.63356e-06 0.0200653 
0.00365789 0.0800708 4.19556e-05 0.187019 0.0465348 0.0015506 0.00144627 8.34414e-07 0.0268594 0.00699561 0.0350347 0.00228709 0.548364 0.0135677 0.0312381 0.00856339 0.00590801 7.06459e-06 0.000852206 
0.00306127 0.0566776 5.13971e-05 0.00949401 0.0875992 0.000308347 0.00597898 7.97116e-07 0.116606 0.136628 0.0446349 0.00899426 0.306672 0.137419 0.0132342 0.0511886 0.000984063 0.0203884 7.92457e-05 
0.000428904 0.0520439 5.46239e-05 0.22829 0.128344 0.000762367 0.000250016 2.63841e-11 0.0180357 0.00196217 0.00723912 0.000892537 0.549339 6.87615e-06 0.00606934 0.00360965 0.00204198 3.16214e-06 0.000626261 
1.18974e-05 0.0135993 8.46936e-06 0.0382066 0.000567719 0.00284007 0.000270536 0.000145821 0.0623942 4.84064e-05 0.000185359 4.75637e-06 0.501619 2.49639e-05 0.0160071 0.35278 0.0112001 8.69972e-07 8.52764e-05 
0.0106645 0.171356 0.00206783 0.0979218 0.0513972 0.00349696 0.0041134 0.0022335 0.213915 0.0158589 0.0503568 0.00343859 0.309865 0.00593385 0.0157586 0.0281253 0.00823523 0.000148523 0.00511308 
0.000408148 0.0511753 1.08075e-09 0.139912 0.00504089 6.32681e-05 0.00032484 3.30593e-12 0.0283856 0.000229873 0.0148651 0.000655122 0.743083 5.42239e-09 0.000145543 0.0140412 0.000757306 1.47363e-07 0.000912223 
1.20188e-05 0.0846626 1.21151e-08 0.00370398 0.0120361 1.17622e-05 0.000449357 0.00898131 0.055945 5.02786e-06 0.0379098 0.00314476 0.748495 1.01606e-05 8.68541e-06 0.0395931 0.00415258 4.40869e-05 0.000834409 
0.001408 0.0345523 0.000201909 0.0235824 0.198475 0.00194993 0.0297979 2.02735e-10 0.0499607 0.0295467 0.231047 0.0111404 0.340079 6.37253e-06 0.000246552 0.0466994 0.000774589 6.85062e-09 0.000531928 
0.00871882 0.010499 3.9478e-05 0.0643858 0.00528406 0.00120967 0.000281159 2.25147e-12 0.00680185 0.0013406 0.00959904 0.00180326 0.879334 4.88181e-05 0.00461175 0.0044391 0.00106054 1.20634e-06 0.000541574 
0.00152973 0.0200379 1.90489e-07 0.00509229 0.000232037 0.00288718 0.00125141 4.28283e-08 0.00173737 0.000292172 0.0768188 4.02932e-06 0.753901 7.10675e-06 0.000133183 0.132075 0.00167162 2.4263e-07 0.00232837 
0.00012188 0.084661 3.9544e-05 0.154347 0.0200366 0.000118518 0.00409186 3.1398e-08 0.0135566 0.00167838 0.0108951 1.66521e-05 0.669442 2.77864e-11 0.000216191 0.0385076 0.00126624 6.88117e-09 0.00100419 
0.00409559 0.0432325 0.00115554 0.0900851 0.0886934 0.00261303 0.0006551 6.14763e-11 0.0992521 0.0123253 0.0352781 0.0165084 0.413519 0.137211 0.00991632 0.011748 0.00497893 3.31275e-06 0.0287287 
0.263568 0.0202662 0.0140458 0.0736837 0.00378022 0.000548917 0.0163688 0.000251333 0.00506806 0.0162624 0.104976 0.000574453 0.447765 5.65151e-06 0.000365801 0.0292078 0.000303014 5.67796e-09 0.00295902 
0.000128073 0.00555616 2.22467e-05 0.000891824 0.00295381 4.60158e-06 0.0251027 1.12799e-05 1.91816e-05 0.00780803 0.000383118 0.000326303 0.947222 9.56744e-06 1.18626e-06 0.00629547 0.00325282 8.53368e-06 2.69776e-06 
0.00482186 0.119723 0.00399095 0.222907 0.0583694 0.0313131 0.0054742 1.23642e-06 0.0329609 0.0516869 0.0562289 0.00166211 0.380578 0.00587175 0.0119739 0.0074514 0.00297239 2.95651e-05 0.00198327 
0.000594151 0.00624066 2.81402e-06 0.0231559 0.00131033 0.000518806 0.000125942 4.30929e-13 0.00432214 8.81908e-05 0.00447758 0.00273183 0.955635 2.10815e-09 5.35675e-05 0.000329004 0.000151249 1.34766e-07 0.000262467 
0.000311793 0.0922437 6.67579e-05 0.029569 0.0106818 0.00925882 0.0211573 1.11021e-06 0.00805839 0.055215 0.0808139 0.000118321 0.512008 0.000158271 0.000142899 0.136187 0.00270924 1.56165e-06 0.0412977 
0.000965671 0.00114265 0.000278092 0.0399131 0.0600621 0.000761351 0.000249888 1.99137e-08 0.00710049 0.00850198 0.000292467 0.000863117 0.876829 0.000127034 0.000741248 0.00099615 0.000855285 0.000161626 0.000158415 
0.000165568 0.0331178 5.25248e-06 0.0400175 0.140635 1.73582e-06 0.206023 7.5275e-07 0.00562997 0.0185382 0.0650087 0.000463401 0.427241 3.18689e-06 6.66656e-06 0.0598719 0.00326935 2.72117e-09 6.03324e-07 
6.20077e-05 0.160261 2.4021e-05 0.0232287 0.00186367 0.000797722 0.0193661 9.96325e-06 0.0334794 0.0022849 0.0321859 4.02381e-07 0.616735 0.000544762 0.00886801 0.0759698 0.0241368 3.76849e-08 0.000181813 
7.92914e-05 0.05635 0.0360792 0.12463 0.0183738 0.000455558 0.00397104 5.85111e-05 0.0775384 0.0173676 0.152682 0.032743 0.311463 1.62213e-06 0.000128218 0.0801057 0.0874446 1.50425e-05 0.000512684 
0.00549901 0.0143788 0.000108188 0.0698291 0.00602573 0.0147356 0.000788401 1.48029e-07 0.00984957 0.00124536 0.0289752 0.00194076 0.791975 2.46824e-05 0.00448121 0.00858395 0.000908623 6.58121e-06 0.0406437 
0.00252924 0.000833732 1.93959e-06 0.0131609 0.002303 0.00256017 3.35004e-07 3.43124e-08 0.0148668 0.0168863 0.00696615 0.000255134 0.937648 1.35048e-05 0.000107515 9.43481e-06 1.92516e-05 1.88418e-06 0.00183659 
0.00137442 0.0221362 0.000541599 0.0147788 0.0484054 0.00104459 0.0184488 1.35689e-09 0.0375627 0.30439 0.206578 0.00233112 0.311688 9.53793e-06 0.00401447 0.0155879 0.00160384 3.88087e-05 0.00946625 
0.0113337 0.113825 0.000566829 0.0550848 0.115346 0.00237473 7.0017e-05 2.14779e-09 0.235685 0.0017673 0.00182797 0.00158876 0.437692 0.0187282 0.00256166 0.00103776 0.00040099 5.68961e-06 0.000103641 
0.00871882 0.010499 3.9478e-05 0.0643858 0.00528406 0.00120967 0.000281159 2.25147e-12 0.00680185 0.0013406 0.00959904 0.00180326 0.879334 4.88181e-05 0.00461175 0.0044391 0.00106054 1.20634e-06 0.000541574 
0.00747574 0.0402108 0.00565679 0.0180919 0.0300447 0.00109283 0.0123961 7.81804e-11 0.0549476 0.0649119 0.0450783 0.00254378 0.693048 0.00029158 0.00216526 0.00130303 0.0124903 0.000108719 0.00814314 
0.000594151 0.00624066 2.81402e-06 0.0231559 0.00131033 0.000518806 0.000125942 4.30929e-13 0.00432214 8.81908e-05 0.00447758 0.00273183 0.955635 2.10815e-09 5.35675e-05 0.000329004 0.000151249 1.34766e-07 0.000262467 
5.51807e-05 0.201358 0.00204815 0.0463942 0.056235 0.000106321 0.0262216 0.00361935 0.071449 0.0131676 0.0373703 0.000854246 0.504547 8.88319e-06 0.00470387 0.014499 0.0102009 2.92121e-06 0.00715875 
0.00500565 0.0576954 3.20116e-08 0.0575367 0.0107469 0.000221932 0.0189058 3.45058e-07 0.0248187 0.0939639 0.0351598 0.000892273 0.567011 0.000129566 0.0028124 0.0610364 0.000636018 1.29184e-06 0.0634262 
0.0204434 0.020643 0.00221317 0.019697 0.0201221 0.00330739 0.00471807 8.44946e-11 0.050411 0.0359779 0.041054 0.00270106 0.762717 0.000259784 0.00131651 0.00105771 0.00528783 8.11061e-05 0.0079917 
0.000435584 0.0551241 0.010112 0.00700031 0.0108632 4.63957e-05 0.00132197 5.57258e-06 0.0575371 0.0338735 0.0415284 0.0201125 0.758513 3.69059e-05 0.00027022 0.000221375 0.00253583 2.95853e-05 0.000432197 
0.0085624 0.143195 0.000338115 0.0380953 0.120252 0.00864527 0.0258756 1.54765e-07 0.118906 0.0868291 0.169391 0.0351882 0.191244 0.00297522 0.00454965 0.0414962 0.00307942 1.43082e-06 0.00137575 
0.030137 0.0400442 0.000313915 0.216009 0.0281014 0.00259665 0.00120536 2.83819e-07 0.0973594 0.0756777 0.0510594 0.00455278 0.399999 0.00154464 0.0360338 0.00855183 0.00377182 3.77294e-05 0.00300422 
0.00664318 0.0106539 0.000895157 0.0733878 0.0145254 0.00314553 5.09436e-05 1.0354e-10 0.281554 0.00333291 0.00578105 0.0113305 0.557143 6.08206e-05 0.0251101 0.00501562 0.00106075 1.50498e-05 0.000294604 
0.000415637 0.0197231 0.000130012 0.0942723 0.00628771 0.0268362 0.00221755 1.92483e-06 0.0141824 0.000953898 0.0901744 0.00165745 0.525901 4.37881e-10 0.000786438 0.00645742 0.000420278 2.95668e-05 0.209553 
0.000330258 0.0100287 2.98987e-07 0.0418685 0.00368523 0.000201714 5.78844e-05 4.99782e-12 0.00622542 1.98053e-06 0.0050363 0.00129849 0.93059 6.00852e-09 5.73431e-05 0.000446508 3.8073e-05 1.48008e-07 0.000133067 
0.00163462 0.0810854 1.25197e-06 0.0350306 0.0388019 0.00247876 0.00051396 9.3016e-07 0.0539751 0.0292337 0.143143 0.0028309 0.545334 0.000119648 0.00737661 0.0244979 0.030726 2.75043e-06 0.00321292 
0.0569395 3.27081e-08 0.000104643 0.0119972 0.018798 0.00294305 6.17357e-05 3.42522e-13 0.0191676 0.00670444 0.0013326 0.00316066 0.865404 1.16731e-07 0.0114354 0.000964035 1.94913e-08 5.80732e-06 0.000981546 
0.00108476 0.0629627 0.000124246 0.166064 0.0212339 0.145042 0.00242827 3.73536e-08 0.0242874 0.00545103 0.0361782 0.00217686 0.493014 0.0123755 0.0146961 0.00300728 0.00533095 9.90433e-06 0.00453316 
0.000482082 0.0349822 1.43675e-05 0.299731 0.083016 0.00353281 0.000595948 1.43593e-11 0.0155347 0.00529204 0.012915 0.00225217 0.528774 0.00131712 0.00539326 0.00353855 0.00228952 3.72154e-06 0.000335764 
0.000239507 0.0145673 2.38361e-09 0.132742 0.0468852 0.000704439 0.000136616 1.60551e-09 0.0621444 0.00015144 0.0706886 0.00352048 0.644006 0.000603993 0.00747794 0.00259639 0.0126135 9.12015e-06 0.000912745 
0.000572759 0.170709 0.000545129 0.0468438 0.0184373 0.0864021 0.0140723 1.24403e-06 0.110591 0.0224082 0.0306241 0.00297628 0.395152 0.000163311 0.0187668 0.051588 0.0240128 2.49816e-07 0.00613405 
6.20077e-05 0.160261 2.4021e-05 0.0232287 0.00186367 0.000797722 0.0193661 9.96325e-06 0.0334794 0.0022849 0.0321859 4.02381e-07 0.616735 0.000544762 0.00886801 0.0759698 0.0241368 3.76849e-08 0.000181813 
0.0118504 0.00555271 1.27665e-05 0.0381929 0.00464398 0.00491234 7.7492e-05 1.35107e-12 0.0147874 0.00276259 0.0101418 0.00145549 0.901282 5.29486e-08 0.000238489 0.00134627 0.000199891 1.34757e-06 0.00254206 
0.000535442 0.0599482 0.000274259 0.269745 0.0172115 0.187562 0.00405534 9.70661e-08 0.0379885 0.0249975 0.0407535 0.00227324 0.301014 0.000306362 0.0201538 0.0106668 0.00471218 1.46296e-05 0.0177877 
0.0397375 0.147295 0.0714765 0.152456 0.0647218 0.080388 0.000965655 1.80989e-10 0.177421 0.00423652 0.0242762 0.00201275 0.183662 3.66279e-06 0.0320342 0.0118093 0.00518157 2.41591e-05 0.00229756 
0.012135 0.0632409 5.1496e-06 0.177914 0.0569263 0.00313212 0.00433266 1.34671e-10 0.0271612 0.00875718 0.14184 0.00721755 0.32383 0.000241664 0.0644295 0.0206182 0.000591109 2.19207e-06 0.0876263 
0.0450101 0.114418 0.00655416 0.0621267 0.0587809 0.0010384 0.0268658 2.92948e-10 0.261721 0.049268 0.0214236 0.00818763 0.2923 0.000928336 0.00160287 0.0377282 0.00601826 0.000556932 0.00547038 
0.198022 0.0587808 0.0015903 0.0359209 0.0285053 0.0022285 0.0299837 0.000204062 0.0745504 0.0421288 0.0144842 0.0170447 0.449571 0.000225111 0.00123838 0.0410159 0.00235504 0.000115408 0.00203582 
0.260142 0.0254117 0.00364414 0.0367626 0.0376395 0.00244469 0.00622981 3.81089e-10 0.0437349 0.107452 0.0452584 0.0326062 0.379157 0.000743674 0.00786365 0.00625741 0.000906667 0.000617431 0.00312839 
0.41543 0.0183819 3.65143e-05 0.0509918 0.00397675 0.00121971 0.000745724 1.02338e-09 0.0155566 0.000989149 0.00798516 0.00646697 0.468678 0.000208859 0.00265833 0.00471353 0.00136071 1.91667e-05 0.00058096 
0.00336889 0.0231266 0.00136734 0.0378403 0.157105 0.00077871 0.00210225 1.34621e-07 0.0449105 0.0361296 0.238347 0.000536241 0.313111 0.12107 0.0173174 3.81466e-06 2.83077e-05 2.9314e-05 0.002828 
5.25126e-06 0.155482 5.2461e-06 0.00158092 5.252e-06 5.24872e-06 0.10345 5.24244e-06 0.0404488 0.0299395 0.056732 5.2482e-06 0.572391 5.24405e-06 5.2519e-06 0.0399184 5.2506e-06 5.24502e-06 5.25048e-06 
0.0210383 0.204064 8.0567e-08 0.166526 0.00183417 0.000152438 0.0319872 4.88093e-07 0.0168853 0.000115955 0.00309674 0.00171983 0.462825 1.16496e-08 1.96728e-05 0.0878078 0.00172356 1.60246e-06 0.000201955 
0.00670721 0.212486 4.44729e-06 0.030287 0.0151885 0.00264141 0.00151696 5.77912e-05 0.267478 0.00694939 0.0282507 0.00420517 0.392568 7.64257e-05 0.000237351 0.0291629 9.12888e-05 8.17472e-07 0.0020908 
0.00027265 0.0283294 5.51896e-07 0.159383 0.00557845 0.000208598 0.000205384 1.36444e-12 0.00682353 6.50709e-06 0.0162701 0.00142067 0.773407 1.82389e-05 0.00298204 0.00413038 0.000641948 7.00873e-07 0.000319871 
0.00150604 0.0164356 0.00601058 0.0250054 0.0868856 0.000254 0.00610157 0.00547487 0.103015 0.286319 0.0331955 0.00558745 0.381359 0.0061187 0.00074778 0.023303 0.0103143 3.83732e-05 0.00232771 
0.000330258 0.0100287 2.98987e-07 0.0418685 0.00368523 0.000201714 5.78844e-05 4.99782e-12 0.00622542 1.98053e-06 0.0050363 0.00129849 0.93059 6.00852e-09 5.73431e-05 0.000446508 3.8073e-05 1.48008e-07 0.000133067 
0.000606841 0.141623 0.00577638 0.133885 0.0422945 0.000596607 0.0275924 2.45966e-07 0.0393426 0.121021 0.175527 0.014965 0.245442 3.4935e-06 0.0306592 0.0134364 0.00219397 1.87203e-05 0.00501584 
8.64158e-06 0.117219 1.52581e-08 0.00882697 0.00423952 0.000111971 0.00799141 6.11316e-05 0.109708 0.0776516 0.0534416 0.00198927 0.572268 0.000624954 0.000401233 0.0279918 0.00564983 1.7896e-10 0.0118147 
0.0686044 0.019113 8.59177e-05 0.00344765 0.0541391 0.00140502 1.7215e-07 1.42705e-05 0.122133 0.131229 0.0667104 0.0623807 0.461515 0.00189235 2.58017e-06 4.86495e-06 1.19301e-05 1.3442e-07 0.00731106 
0.00339515 0.0246413 0.000187599 0.13968 0.0840097 9.1848e-06 0.00332957 0.000130642 0.0258082 0.0412973 0.00297709 0.000301244 0.560113 3.30856e-05 0.00058099 0.015398 0.00208467 0.0955184 0.000504859 
0.0172209 0.0142639 0.000430362 0.0152793 0.0107083 0.000438596 0.000724124 1.2924e-11 0.203168 0.0562841 0.0143955 0.200984 0.454022 0.00289758 0.000378084 0.00498478 0.00343266 2.05039e-07 0.000387515 
0.00650644 0.027432 5.85365e-05 0.0436765 0.0128687 0.00139274 0.000527941 1.39332e-07 0.0746928 0.00272595 0.0429223 0.00139162 0.735463 0.0107134 0.00147053 0.0363995 0.00143301 1.1883e-06 0.000323284 
0.0127949 0.0179521 6.02149e-05 0.187644 0.00846927 0.00242394 0.00059971 6.45646e-11 0.0183665 0.00379777 0.0126016 0.00123184 0.712132 0.00972326 0.00561333 0.00521252 0.000674983 2.5091e-06 0.000700059 
0.000533891 0.0142693 6.33793e-06 0.0920154 0.00200813 0.000601445 0.000229373 4.16624e-13 0.00299426 7.95497e-05 0.0132582 0.00208943 0.863896 1.82276e-05 0.00293056 0.0032063 0.00125705 6.30427e-07 0.000605735 
0.00564831 0.0756481 0.00033774 0.188725 0.004358 0.00113859 0.00237318 1.94382e-07 0.0156686 0.00428256 0.0225733 7.12549e-05 0.648383 4.5005e-11 4.11056e-05 0.02762 0.00108277 5.31609e-09 0.00204842 
0.000524923 0.121343 2.89563e-06 0.338169 0.0160651 0.000161153 0.0392478 1.31448e-10 0.0688286 0.000343367 0.0624642 0.00211032 0.340403 3.66545e-06 7.37039e-05 0.00392813 0.00101421 9.97422e-08 0.00531685 
0.00749205 0.217624 0.000110104 0.152444 0.159723 0.000655225 0.000821852 8.43461e-08 0.124463 0.00484109 0.0261888 0.00582448 0.257088 0.000170504 0.00311792 0.0212328 0.015869 1.63468e-05 0.00231726 
0.000330258 0.0100287 2.98987e-07 0.0418685 0.00368523 0.000201714 5.78844e-05 4.99782e-12 0.00622542 1.98053e-06 0.0050363 0.00129849 0.93059 6.00852e-09 5.73431e-05 0.000446508 3.8073e-05 1.48008e-07 0.000133067 
2.50136e-06 0.0969098 0.142756 0.064667 0.0150704 0.000627616 0.0430487 3.98075e-07 0.0306371 0.0209412 0.111383 0.000391295 0.30883 2.1208e-07 0.00631723 0.157648 0.000388968 0.000164611 0.000216811 
0.00120331 0.0364145 6.87091e-06 0.191383 0.0660713 0.0293916 0.00221209 6.7155e-08 0.0958046 0.092024 0.0274527 9.2343e-05 0.29202 0.00603764 0.0045193 0.0550488 0.100014 3.39062e-06 0.000301174 
0.00871882 0.010499 3.9478e-05 0.0643858 0.00528406 0.00120967 0.000281159 2.25147e-12 0.00680185 0.0013406 0.00959904 0.00180326 0.879334 4.88181e-05 0.00461175 0.0044391 0.00106054 1.20634e-06 0.000541574 
9.71216e-05 0.00590067 6.22399e-09 0.0101849 0.00237298 0.000812396 8.89455e-06 7.14386e-12 0.0127406 0.000208681 0.0126045 0.00207987 0.951009 9.58314e-09 0.000651992 0.000836838 0.000115247 1.07464e-05 0.000365089 
0.000185438 0.25395 7.58808e-05 0.284843 0.0137454 0.000114971 0.0160121 2.73606e-12 0.0120862 0.000855377 0.0147329 0.000199548 0.395146 2.32067e-12 0.000202267 0.00166428 0.000130272 2.06992e-12 0.00605651 
5.37582e-07 0.14462 0.05829 0.00604853 0.0360655 3.14914e-10 0.00109313 7.71953e-10 0.0502707 0.00932639 1.29236e-07 0.0910648 0.561821 6.54756e-10 5.97129e-08 0.0413978 6.38534e-07 5.8401e-10 4.68668e-07 
0.00877075 0.125028 0.0111762 0.165008 0.0703812 0.000231815 0.000715426 4.18158e-10 0.102429 0.00444677 0.000679229 0.0104724 0.332998 3.15731e-06 0.000637692 0.163074 0.0037812 1.20545e-05 0.000155934 
0.000533891 0.0142693 6.33793e-06 0.0920154 0.00200813 0.000601445 0.000229373 4.16624e-13 0.00299426 7.95497e-05 0.0132582 0.00208943 0.863896 1.82276e-05 0.00293056 0.0032063 0.00125705 6.30427e-07 0.000605735 
1.02707e-06 0.112451 3.06553e-08 0.100722 0.0189389 2.01438e-05 0.00301232 6.55472e-11 0.064054 8.73707e-05 2.08072e-05 3.00033e-11 0.625326 5.55959e-11 1.41305e-08 0.0684387 0.0069272 4.95888e-11 8.63949e-09 
0.00319398 0.0737908 0.000883635 0.201653 0.0399201 0.00364382 0.0333921 1.12705e-07 0.20886 0.0243638 0.0802567 0.00734651 0.229633 0.000225849 0.000379226 0.0863204 0.00503582 2.17938e-05 0.00107979 
2.76371e-07 0.153194 1.58498e-06 0.00194597 0.00235135 2.73241e-06 0.0025537 3.55474e-07 0.0186465 0.00361628 0.00957571 5.8283e-07 0.78236 2.25886e-09 0.00121637 0.0103768 0.0136523 1.24824e-08 0.000505798 
0.000522055 0.0503013 0.00422657 0.0400078 0.00906351 0.00120399 0.00111192 3.78625e-06 0.0354059 0.0209508 0.121878 0.0117208 0.687724 3.45257e-05 0.00489147 0.000209697 0.000949469 1.20895e-05 0.00978175 
0.0516018 0.055145 0.0123882 0.0674476 9.5394e-07 0.0281246 0.0793534 0.0136175 0.0196537 0.15863 0.0545715 0.00381395 0.306458 9.52497e-07 9.53921e-07 0.149189 9.53686e-07 9.52673e-07 9.53664e-07 
0.000533891 0.0142693 6.33793e-06 0.0920154 0.00200813 0.000601445 0.000229373 4.16624e-13 0.00299426 7.95497e-05 0.0132582 0.00208943 0.863896 1.82276e-05 0.00293056 0.0032063 0.00125705 6.30427e-07 0.000605735 
0.000597389 0.0410886 0.00791593 0.0127273 0.011896 0.00050583 0.00610659 1.00829e-10 0.0699859 0.0260466 0.0580389 0.0147847 0.746879 2.84741e-05 0.000660633 0.000452063 0.00125583 0.000230554 0.000800163 
0.0266788 0.0223488 0.00120593 0.0543819 0.0170631 0.00299198 0.00591894 7.6279e-07 0.0742071 0.0312931 0.155983 0.0253094 0.553208 0.0125484 0.00341491 0.00812898 0.00314249 5.50736e-06 0.0021688 
3.0889e-07 0.0368739 4.50504e-09 6.0202e-06 2.93972e-05 8.03898e-05 0.00344623 6.89442e-09 0.0623144 0.0326667 0.000122203 0.00320105 0.792958 5.84772e-09 5.25063e-06 0.013566 0.0547075 5.21587e-09 2.26234e-05 
0.00747574 0.0402108 0.00565679 0.0180919 0.0300447 0.00109283 0.0123961 7.81804e-11 0.0549476 0.0649119 0.0450783 0.00254378 0.693048 0.00029158 0.00216526 0.00130303 0.0124903 0.000108719 0.00814314 
0.0296035 0.00676386 1.23872e-05 0.0286522 0.00386202 0.00224902 0.000106548 3.30153e-12 0.0173204 0.00189343 0.00301955 0.00484502 0.897817 0.000802128 0.000812883 0.00162013 0.000265553 1.33678e-06 0.000353112 
8.92027e-05 0.0249419 1.3573e-05 0.0363919 0.016614 8.57521e-05 0.00229996 6.60311e-06 0.00434388 0.139087 0.145209 0.00664889 0.609711 2.4634e-06 0.0039995 0.00546297 0.00261832 2.48215e-06 0.00247216 
0.001408 0.0345523 0.000201909 0.0235824 0.198475 0.00194993 0.0297979 2.02735e-10 0.0499607 0.0295467 0.231047 0.0111404 0.340079 6.37253e-06 0.000246552 0.0466994 0.000774589 6.85062e-09 0.000531928 
4.67127e-06 0.286582 1.34831e-05 0.154031 0.0712823 7.47616e-07 0.00132905 2.58317e-07 0.0544971 0.000452777 0.00510567 0.000441529 0.363667 1.22775e-10 0.000286092 0.0537012 0.00860439 1.09509e-10 3.46193e-11 
0.00520928 0.13086 0.000101445 0.301029 0.0695239 0.00246404 0.000851718 5.71452e-12 0.032378 0.00372073 0.0328598 0.000523869 0.396149 6.20375e-05 0.000322504 0.0208655 0.00209787 2.45881e-06 0.000979184 
0.000627543 0.135729 9.84188e-06 0.142916 0.0822826 0.0017526 0.14459 0.00146762 0.0800124 0.0537628 0.0643673 0.00349002 0.252297 0.00184925 0.000786632 0.0198894 0.00361837 0.00115398 0.0093971 
0.000574662 0.127819 7.32246e-05 0.11054 0.158102 0.00280283 0.0130299 4.04523e-07 0.0487697 0.00930933 0.0867695 0.0232108 0.365997 8.51768e-05 0.00156373 0.0424681 0.0086089 5.66147e-09 0.000276245 
0.000839817 0.0753241 0.000260303 0.157457 0.133044 0.00128059 0.000396404 2.28534e-12 0.21268 0.0189125 0.00778661 0.00270728 0.377281 2.05914e-05 0.00222083 0.00346613 0.00468665 2.76828e-05 0.00160804 
0.0279196 0.0319032 0.000194312 0.0276976 0.012414 0.000774057 0.00522115 4.271e-10 0.105614 0.00179236 0.0259053 0.00553789 0.733514 0.00137322 0.00229371 0.0135565 0.00391732 1.38292e-05 0.00035887 
0.000415637 0.0197231 0.000130012 0.0942723 0.00628771 0.0268362 0.00221755 1.92483e-06 0.0141824 0.000953898 0.0901744 0.00165745 0.525901 4.37881e-10 0.000786438 0.00645742 0.000420278 2.95668e-05 0.209553 
0.000269747 0.0536671 1.23859e-09 0.205161 0.00628271 5.27752e-05 0.000235383 7.55785e-12 0.0238676 0.000123159 0.0224026 0.00132316 0.659469 7.04139e-09 0.0070616 0.0187883 0.00069919 2.432e-07 0.000596605 
9.71216e-05 0.00590067 6.22399e-09 0.0101849 0.00237298 0.000812396 8.89455e-06 7.14386e-12 0.0127406 0.000208681 0.0126045 0.00207987 0.951009 9.58314e-09 0.000651992 0.000836838 0.000115247 1.07464e-05 0.000365089 
0.00126358 0.00753056 3.87395e-06 0.015654 0.000956237 0.00326308 0.0131704 2.45593e-09 0.287545 0.0195096 0.042269 1.4235e-05 0.548881 2.08307e-09 0.000340502 0.0453123 0.0135199 1.858e-09 0.000766259 
0.001408 0.0345523 0.000201909 0.0235824 0.198475 0.00194993 0.0297979 2.02735e-10 0.0499607 0.0295467 0.231047 0.0111404 0.340079 6.37253e-06 0.000246552 0.0466994 0.000774589 6.85062e-09 0.000531928 
0.273762 0.0270218 0.000132717 0.0771581 0.00914452 0.000485221 0.00154274 6.54831e-09 0.0761433 0.0157745 0.0120699 0.0058528 0.487826 3.68894e-05 0.00116431 0.00835068 0.00290737 2.59521e-05 0.000601505 
0.0128853 0.00685722 1.26003e-05 0.0347734 0.00736648 0.00333407 1.81366e-05 2.58179e-12 0.0190066 0.000595592 0.00336889 0.00153443 0.895898 0.0119597 0.000567989 0.00146232 9.05775e-05 4.67885e-07 0.000267916 
0.00933529 0.153929 0.000281611 0.041943 0.0490346 0.00142358 0.00153117 1.5626e-11 0.072602 0.0146451 0.0360556 0.0042337 0.596324 0.000521172 0.0112232 0.00115668 0.00407919 1.90693e-06 0.00167936 
0.0296035 0.00676386 1.23872e-05 0.0286522 0.00386202 0.00224902 0.000106548 3.30153e-12 0.0173204 0.00189343 0.00301955 0.00484502 0.897817 0.000802128 0.000812883 0.00162013 0.000265553 1.33678e-06 0.000353112 
0.0466444 0.0257086 0.000115003 0.107296 0.0162026 0.00470456 0.000211 1.58092e-12 0.0681563 0.0084139 0.0133237 0.00737381 0.670434 0.00485924 0.0151199 0.00983343 0.000819177 2.05126e-06 0.00078264 
0.00228805 0.0348097 9.03323e-07 0.199497 0.0516395 0.0015891 2.21043e-06 1.32947e-06 0.0366458 0.194297 0.034416 0.000141555 0.436941 4.67117e-09 0.00131737 0.000929617 0.00481814 4.16645e-09 0.000665827 
0.000415637 0.0197231 0.000130012 0.0942723 0.00628771 0.0268362 0.00221755 1.92483e-06 0.0141824 0.000953898 0.0901744 0.00165745 0.525901 4.37881e-10 0.000786438 0.00645742 0.000420278 2.95668e-05 0.209553 
0.0004041 0.18785 5.24699e-05 0.191391 0.0262378 0.198916 0.007144 2.66183e-06 0.0210957 0.0104486 0.0418064 0.00230003 0.257565 0.0112258 0.0216628 0.00720243 0.00619713 8.96447e-06 0.0084892 
5.37582e-07 0.14462 0.05829 0.00604853 0.0360655 3.14914e-10 0.00109313 7.71953e-10 0.0502707 0.00932639 1.29236e-07 0.0910648 0.561821 6.54756e-10 5.97129e-08 0.0413978 6.38534e-07 5.8401e-10 4.68668e-07 
0.0334199 0.0555837 0.00048846 0.0497968 0.0205454 0.155473 0.00146466 5.13861e-08 0.194751 0.0168261 0.0224512 0.00767815 0.409778 0.000132432 0.00976507 0.0090691 0.00459207 8.58526e-06 0.00817636 
0.000283192 0.0116991 7.99677e-06 0.151364 0.00984028 0.00169034 0.0026222 1.40326e-09 0.02184 0.000587355 0.0654422 0.000714994 0.563011 0.0205794 0.118151 0.0104116 0.0212067 1.06578e-05 0.000538076 
2.17004e-06 0.192523 8.43699e-06 0.0258388 0.0196524 0.00776485 0.149584 0.000200563 0.151241 0.0373403 0.0497592 9.1981e-05 0.358151 1.21028e-07 0.00143477 0.00495598 0.00097765 6.29261e-06 0.00046723 
0.0197329 0.0271899 2.4119e-05 0.0859505 0.0327999 0.229581 0.00128137 1.34332e-09 0.159348 0.00802632 0.00898491 0.00120755 0.38132 0.000557577 0.0188013 0.00698236 0.017699 4.88992e-05 0.000464834 
0.0004041 0.18785 5.24699e-05 0.191391 0.0262378 0.198916 0.007144 2.66183e-06 0.0210957 0.0104486 0.0418064 0.00230003 0.257565 0.0112258 0.0216628 0.00720243 0.00619713 8.96447e-06 0.0084892 
0.000330258 0.0100287 2.98987e-07 0.0418685 0.00368523 0.000201714 5.78844e-05 4.99782e-12 0.00622542 1.98053e-06 0.0050363 0.00129849 0.93059 6.00852e-09 5.73431e-05 0.000446508 3.8073e-05 1.48008e-07 0.000133067 
6.88669e-07 0.116982 3.05994e-08 0.0816015 0.0186177 1.34551e-05 0.00200835 8.69184e-11 0.0908416 5.82845e-05 1.38787e-05 3.97856e-11 0.603264 7.37225e-11 1.41006e-08 0.0799141 0.00668373 6.87308e-08 8.03643e-09 
0.377571 0.00455244 0.000176392 0.0277455 0.000587211 0.00088194 0.00288374 8.90009e-08 0.00234399 0.0055202 0.0672394 0.000921015 0.483142 2.15785e-08 0.000121942 0.0240966 8.40877e-05 7.03425e-09 0.00213245 
0.0354493 0.0167551 2.82881e-05 0.139306 0.0114337 0.0047404 0.000215745 1.10038e-12 0.0236291 0.00273492 0.00948503 0.0022925 0.70479 0.0249141 0.0144087 0.00851472 0.000585659 4.42267e-06 0.000712358 
0.000415637 0.0197231 0.000130012 0.0942723 0.00628771 0.0268362 0.00221755 1.92483e-06 0.0141824 0.000953898 0.0901744 0.00165745 0.525901 4.37881e-10 0.000786438 0.00645742 0.000420278 2.95668e-05 0.209553 
0.0247969 0.00951022 0.000287428 0.0101875 0.0188545 0.000293923 0.00198035 1.34076e-10 0.135448 0.0754644 0.0185677 0.334489 0.36067 0.0019344 0.000252363 0.00364153 0.00228938 1.54303e-07 0.00133159 
0.0019211 0.17185 0.000134124 0.100514 0.0244759 0.00116302 0.00269034 3.2767e-08 0.0396067 0.0133993 0.0452369 0.0282934 0.507302 0.00140498 0.0433014 0.012647 0.00472623 4.45452e-06 0.0013285 
0.000445415 0.055392 0.00806614 0.0134091 0.00768042 4.74232e-05 0.251311 2.70617e-07 0.00742321 0.0408765 0.0733073 0.000363364 0.46653 5.04578e-05 5.43221e-05 0.0735294 2.21371e-05 1.27217e-05 0.00147918 
8.54758e-05 0.00774413 4.46855e-12 0.129091 0.00300445 0.00063627 4.02966e-05 6.83857e-12 0.0146944 1.91908e-08 0.0168074 0.00232578 0.823534 3.87446e-08 0.000181155 0.00169382 9.70448e-06 1.03102e-06 0.000150622 
0.00378683 0.00327391 5.37029e-08 0.00121545 0.00281921 5.07529e-07 1.65288e-07 2.93416e-11 1.78666e-06 0.000477572 4.06774e-06 0.186429 0.80144 4.38036e-07 3.74918e-07 3.58216e-07 3.60043e-07 5.55172e-08 0.000550301 
0.000533891 0.0142693 6.33793e-06 0.0920154 0.00200813 0.000601445 0.000229373 4.16624e-13 0.00299426 7.95497e-05 0.0132582 0.00208943 0.863896 1.82276e-05 0.00293056 0.0032063 0.00125705 6.30427e-07 0.000605735 
0.115034 0.2847 2.52555e-07 0.0325663 0.0219014 0.00525016 0.00106396 1.34247e-08 0.099244 0.00012379 0.0466487 8.65756e-05 0.350427 1.21985e-07 8.502e-05 0.0371238 0.00435365 0.00124504 0.000146915 
3.28948e-05 0.0873297 6.12459e-06 0.0987106 0.00364404 0.000431582 0.0889341 1.36318e-08 0.0780857 0.00144353 0.102088 0.000362315 0.518103 2.00225e-06 0.00570872 0.00917291 0.00472763 2.62528e-07 0.00121647 
0.018943 0.000553752 2.38625e-05 0.0183813 0.00528819 0.00915416 1.33313e-05 2.15253e-12 0.0208225 0.00666381 0.0180514 0.00296989 0.893034 1.16784e-07 0.000319535 0.000315242 0.000226399 3.36771e-06 0.00523636 
0.00871882 0.010499 3.9478e-05 0.0643858 0.00528406 0.00120967 0.000281159 2.25147e-12 0.00680185 0.0013406 0.00959904 0.00180326 0.879334 4.88181e-05 0.00461175 0.0044391 0.00106054 1.20634e-06 0.000541574 
0.000314398 0.00693248 1.74907e-07 0.0193879 0.000922236 0.000123254 2.52588e-05 5.71854e-12 0.00415189 1.15596e-06 0.00239685 0.000782107 0.964488 4.45617e-09 2.05117e-05 0.000269784 8.67923e-05 5.78237e-08 9.71008e-05 
0.151274 0.0233618 0.00137016 0.117754 0.00704679 0.000197057 0.0110769 0.00104816 0.0674308 0.00502446 0.0186265 0.0456063 0.292284 1.51125e-07 7.3276e-05 0.194308 0.000752779 3.87832e-05 0.0627256 
0.000412603 0.00419907 4.39508e-06 0.0155203 0.000892626 0.000370318 9.56581e-05 1.10984e-09 0.00290803 6.77345e-05 0.00301688 0.00190901 0.970027 2.44094e-06 4.00041e-05 0.000234103 0.000110778 7.63014e-07 0.00018833 
0.000135873 0.10427 0.000147293 0.218269 0.00419981 1.21396e-05 0.00409764 1.4037e-07 0.0590796 0.000520362 0.0108972 0.00108618 0.536555 0.00350253 0.00490989 0.0479229 0.00174997 7.46872e-08 0.00264443 
0.00157735 0.0654679 0.000152485 0.251789 0.0433388 0.00198284 0.00181807 2.69171e-08 0.0519428 0.00746197 0.0929597 0.030114 0.413215 0.00560719 0.015661 0.0121483 0.00240907 0.000173336 0.00218069 
0.00399314 0.0151925 3.24415e-05 0.364339 0.0518842 0.00310545 0.000102734 3.31755e-12 0.0133286 0.00355063 0.0111401 0.000856452 0.51738 3.96251e-05 0.005552 0.00638196 0.000656103 1.39532e-05 0.00245165 
0.005351 0.185574 0.00324517 0.205683 0.0385403 0.00246522 0.0171148 4.33025e-07 0.181395 0.021131 0.04941 0.00719265 0.243141 0.000198272 0.0256723 0.00717437 0.00146591 2.06141e-05 0.00522483 
0.0172209 0.0142639 0.000430362 0.0152793 0.0107083 0.000438596 0.000724124 1.2924e-11 0.203168 0.0562841 0.0143955 0.200984 0.454022 0.00289758 0.000378084 0.00498478 0.00343266 2.05039e-07 0.000387515 
0.000533891 0.0142693 6.33793e-06 0.0920154 0.00200813 0.000601445 0.000229373 4.16624e-13 0.00299426 7.95497e-05 0.0132582 0.00208943 0.863896 1.82276e-05 0.00293056 0.0032063 0.00125705 6.30427e-07 0.000605735 
0.000137894 0.0700403 4.25368e-07 0.0824591 0.00381237 0.000374216 0.023495 3.10631e-10 0.0508111 0.00690848 0.216484 8.84037e-06 0.492079 1.77358e-05 0.000717544 0.0506429 4.37155e-07 2.87921e-08 0.00201065 
0.0357791 0.00106832 0.0499375 0.00349121 0.0124939 0.0101832 0.0474464 4.42899e-10 0.112734 0.0792228 0.0502449 0.0595741 0.535537 6.4871e-07 0.00181861 0.000205544 3.13258e-05 3.14258e-07 0.000231693 
8.32384e-05 0.0156812 5.87749e-06 0.213949 0.0337758 9.76021e-05 0.000833614 1.94298e-07 0.00390395 0.0103671 0.0342785 0.00117842 0.584204 2.31891e-05 0.016661 0.0749982 0.00923084 6.81318e-05 0.000659522 
0.0118504 0.00555271 1.27665e-05 0.0381929 0.00464398 0.00491234 7.7492e-05 1.35107e-12 0.0147874 0.00276259 0.0101418 0.00145549 0.901282 5.29486e-08 0.000238489 0.00134627 0.000199891 1.34757e-06 0.00254206 
0.0095383 0.107569 0.00396888 0.0912188 0.10936 0.00867767 0.00170255 7.86686e-06 0.254798 0.0312248 0.0150216 0.0120961 0.298592 0.00770498 0.011913 0.0221064 0.00812477 0.00318669 0.0031876 
0.00378683 0.00327391 5.37029e-08 0.00121545 0.00281921 5.07529e-07 1.65288e-07 2.93416e-11 1.78666e-06 0.000477572 4.06774e-06 0.186429 0.80144 4.38036e-07 3.74918e-07 3.58216e-07 3.60043e-07 5.55172e-08 0.000550301 
0.00336252 0.0467783 0.00489416 0.0947127 0.00441461 0.000297012 0.00311683 4.68217e-10 0.17678 0.0313309 0.0322531 0.0125342 0.570909 8.87458e-06 7.17138e-05 0.0161764 0.00119271 3.03971e-06 0.00116433 
0.000533891 0.0142693 6.33793e-06 0.0920154 0.00200813 0.000601445 0.000229373 4.16624e-13 0.00299426 7.95497e-05 0.0132582 0.00208943 0.863896 1.82276e-05 0.00293056 0.0032063 0.00125705 6.30427e-07 0.000605735 
0.00380014 0.0864773 2.65546e-06 0.0217048 0.145452 0.00148902 0.00233803 6.38049e-08 0.16817 0.00244937 0.0283293 0.0119396 0.438497 1.90455e-05 0.00499032 0.0693157 0.0145058 3.34571e-06 0.000516795 
1.73732e-05 0.015859 6.09754e-07 0.0824085 0.0407288 8.74464e-06 0.00603884 1.10523e-08 0.00166013 0.0441631 0.109442 3.51555e-06 0.646157 4.70001e-07 0.00218401 0.049647 0.00111465 1.74049e-07 0.00056586 
