2.23578e-05 0.146403 7.12011e-06 0.177865 4.78652e-06 0.0187188 0.147463 5.23467e-07 0.27367 0.0768516 0.13995 0.000306213 5.73269e-09 3.02816e-06 3.93488e-06 0.0171592 0.00137737 1.67945e-05 0.000177357 
8.78529e-06 0.681924 1.13055e-07 0.0681314 0.190038 0.000708772 0.00074547 0.00131927 0.0052024 0.0495527 0.00191461 9.45999e-06 2.16163e-08 6.4498e-08 8.112e-05 3.84542e-05 5.3727e-08 9.33148e-08 0.000325788 
0.000208002 0.0162691 0.00255073 0.018873 0.0336647 0.0030756 0.000420848 8.35615e-05 0.0164469 0.866165 0.0389928 0.000323256 3.7613e-05 4.29173e-05 0.000104119 0.00150175 0.000580761 0.000297979 0.000361304 
1.31359e-05 4.94452e-06 0.000101001 0.00454638 0.0108367 0.000219606 4.57815e-07 3.37744e-06 0.0206138 0.9628 6.68431e-05 1.09001e-06 3.99453e-07 1.38484e-05 0.000143319 0.000546214 7.09565e-05 1.15985e-05 6.44613e-06 
1.66936e-06 0.0844785 0.314091 0.223118 2.418e-06 1.37401e-06 0.0656245 8.69117e-09 1.10803e-05 0.0386011 0.000272127 2.86955e-05 1.4579e-09 7.37168e-09 2.78503e-07 2.95315e-06 0.00325209 6.57518e-09 0.270515 
9.92711e-05 0.00106804 0.000408676 0.00835827 0.0923106 0.000101781 0.000177536 5.14859e-06 0.000293128 0.837212 0.0497027 0.000470451 8.63651e-07 4.36693e-06 3.92207e-06 0.000578531 0.00884339 0.000157688 0.000203459 
7.21651e-06 0.00877824 0.0142589 0.0141691 1.67886e-05 6.08797e-09 2.8691e-09 1.49235e-08 4.58873e-06 0.579742 0.0503344 6.83102e-09 2.50335e-09 3.22315e-05 0.00020623 0.284847 1.71431e-05 3.15757e-05 0.0475548 
3.28335e-07 1.04232e-06 4.30689e-09 0.0368585 8.72675e-06 2.68883e-09 6.08371e-06 6.59118e-09 2.50924e-06 0.958972 3.6441e-05 3.01701e-09 1.10564e-09 5.59051e-09 2.28814e-06 0.0040885 1.50329e-09 4.98646e-09 2.34897e-05 
8.44358e-06 0.00300217 0.000203219 7.582e-06 0.000478119 0.0001161 0.00349928 2.41832e-07 0.0124632 0.97615 0.00137735 1.10695e-07 4.05661e-08 0.000307555 1.97248e-06 0.000104221 0.00224388 1.86223e-05 1.75052e-05 
3.17078e-05 0.0365883 0.00464745 0.0019519 0.00735371 5.70245e-06 0.00353027 2.9184e-08 0.0215434 0.896645 0.0242232 3.30496e-05 4.89547e-09 2.47533e-08 0.000576762 0.000211092 0.00126957 2.17151e-05 0.00136739 
1.42001e-06 1.00474e-08 2.14969e-06 0.0566691 0.0804454 1.44724e-06 0.823269 4.42624e-07 0.0118136 0.00241558 3.62574e-06 6.20803e-07 4.61205e-10 1.04101e-06 3.73088e-07 0.0240379 0.00133857 2.08005e-09 2.47293e-07 
0.0024269 0.0170029 0.00100107 0.0125038 0.589044 5.71988e-08 3.09962e-05 4.80766e-10 0.0167574 0.289847 0.00518479 0.0547513 8.06463e-11 4.07777e-10 1.06125e-08 0.00993042 1.23107e-06 0.00151775 3.10284e-07 
2.9183e-06 3.02635e-05 1.27885e-08 5.23087e-05 5.52025e-05 7.98394e-09 9.6327e-05 1.97669e-06 8.90723e-05 0.152644 0.000269467 8.95841e-09 3.28297e-09 1.65999e-08 0.00431977 4.74533e-05 0.842233 1.48063e-08 0.000157746 
8.80204e-05 0.0304353 2.62825e-10 0.150554 6.48306e-07 5.74458e-07 0.220115 4.02222e-10 1.6664e-06 0.15745 0.190579 1.84111e-10 6.74708e-11 0.19443 3.2575e-07 0.0555814 0.000764776 2.7417e-07 4.90702e-07 
9.72084e-07 0.0131596 1.89837e-07 0.000353023 0.0156413 1.34315e-07 0.0275243 6.45461e-11 2.14715e-07 0.0514706 0.871502 1.85454e-05 1.08273e-11 5.47467e-11 1.20216e-06 2.06295e-07 1.3264e-08 5.22545e-07 0.0203272 
6.83424e-05 0.0458893 9.86824e-05 0.0173752 0.923009 2.33272e-12 0.000167489 5.71823e-12 0.00265008 0.0101235 0.000428036 4.70852e-05 9.59206e-13 4.8501e-12 3.72903e-09 0.000100022 3.75621e-08 4.27691e-05 9.1643e-09 
4.96648e-06 0.0388572 5.62338e-05 0.00632556 4.5849e-05 6.04567e-06 0.0840835 3.24602e-06 0.0028141 0.0482119 0.764379 6.97976e-06 5.44505e-07 2.75321e-06 0.00106402 0.000239704 7.4034e-07 0.000143575 0.0537538 
0.000734324 0.0788173 0.27862 0.0408235 0.00547729 0.000476297 0.0074053 1.10377e-08 0.0614389 0.4556 0.0627129 5.05235e-09 1.85153e-09 8.71827e-05 0.00299696 0.00088132 0.00177581 2.44398e-06 0.00215022 
1.2928e-06 0.504188 1.22357e-05 0.137781 0.00152755 1.18434e-05 0.0116226 1.3359e-10 0.002763 0.0105467 0.231116 1.05705e-05 2.24092e-11 1.13309e-10 0.0488305 0.0109311 1.34897e-07 1.01066e-10 0.0406585 
2.69942e-07 0.0332203 0.0228589 0.0422452 0.108892 4.18339e-10 1.97152e-10 0.513236 0.0666856 0.0608217 0.149225 0.00027803 1.7202e-10 1.62121e-05 2.06154e-07 0.00232831 4.81829e-06 7.75813e-10 0.00018682 
0.000425948 0.000499843 0.00384756 0.00303443 0.0266147 1.52049e-06 0.0208377 4.3025e-07 0.0652712 0.849639 0.00339695 1.52882e-05 7.21723e-08 3.6493e-07 2.9924e-06 0.0142824 0.0120837 1.15497e-05 3.42237e-05 
6.92913e-06 0.00129974 0.00930756 0.00262837 0.000229921 1.13471e-07 2.34015e-07 2.26868e-08 0.00487735 0.732907 0.235671 6.6662e-11 2.44295e-11 0.000851354 0.000863138 6.90225e-08 3.94484e-08 2.21802e-07 0.0113572 
1.17723e-06 1.10245e-05 4.65661e-07 0.00118278 0.0381768 2.90716e-07 3.51394e-05 1.42382e-06 0.0603375 0.761644 0.0437616 0.000646422 1.19542e-07 6.04446e-07 0.0309914 0.0204289 0.00013317 0.00353174 0.0391156 
5.80289e-06 0.000290993 2.65209e-06 5.24085e-05 0.00122321 1.62605e-05 0.000384251 4.05871e-06 0.018386 0.973506 0.000867865 2.26213e-05 6.80829e-07 3.44252e-06 3.68746e-06 0.000534667 0.00467361 8.32649e-06 1.31349e-05 
1.66936e-06 0.0844785 0.314091 0.223118 2.418e-06 1.37401e-06 0.0656245 8.69117e-09 1.10803e-05 0.0386011 0.000272127 2.86955e-05 1.4579e-09 7.37168e-09 2.78503e-07 2.95315e-06 0.00325209 6.57518e-09 0.270515 
8.72685e-08 0.071357 0.00456946 1.21556e-07 0.102983 4.98011e-07 7.46655e-07 6.93746e-07 0.0712873 0.715158 0.027535 3.30249e-07 4.65305e-11 2.35275e-10 7.87922e-08 4.9934e-07 0.00369568 2.31049e-07 0.00341161 
0.000294347 0.0185293 0.000138342 0.00158028 0.0134965 7.66381e-07 0.000328475 1.87864e-06 4.36662e-05 0.0652535 0.785729 0.000347258 3.15133e-07 1.59343e-06 0.00452575 0.0697351 0.0170368 1.42126e-06 0.0229558 
9.70474e-08 0.00432064 9.66774e-06 8.86406e-07 1.26735e-06 0.000385356 3.26891e-06 9.16112e-11 0.001086 0.00935451 0.984807 3.31316e-07 1.53673e-11 7.77029e-11 2.6111e-05 1.48087e-07 1.06582e-07 6.93071e-11 4.35796e-06 
0.0256455 0.285719 6.63257e-10 0.00824167 7.72461e-07 4.14077e-10 0.0174942 1.13096e-06 0.615153 0.0344851 0.00458013 4.64617e-10 1.70267e-10 8.60933e-10 1.59996e-07 0.00786503 0.00081276 7.67909e-10 8.61644e-07 
1.11181e-05 0.0388898 0.000183845 0.121383 0.0540651 0.0100022 0.000130747 0.000444928 0.198724 0.0414938 0.0493593 4.5453e-05 2.04982e-06 0.0346953 0.000172209 0.408278 0.000577525 0.0145167 0.0270243 
1.38572e-06 5.07349e-07 4.22089e-06 5.59039e-07 3.22425e-06 6.34314e-06 1.8167e-06 1.19599e-09 1.32615e-08 0.956432 0.0392894 5.47447e-10 2.00622e-10 6.18895e-06 5.53544e-07 7.47041e-07 2.72777e-10 0.00425027 2.51743e-06 
3.53426e-09 0.874282 7.44692e-07 0.0277383 0.0197096 0.00014933 0.000503244 1.49168e-10 0.0339548 0.000655474 0.0364605 2.47767e-08 2.50222e-11 1.26521e-10 3.48598e-07 0.000869103 0.000488138 1.13014e-07 0.00518845 
4.83569e-06 0.00352925 6.24461e-08 0.000861617 0.00107423 4.70376e-05 0.217139 2.55788e-05 0.0185795 0.100221 0.0482602 0.564569 1.60308e-08 5.06457e-06 0.00154279 0.00241425 0.00127934 2.66815e-05 0.0404206 
0.000538896 0.00432411 5.76962e-07 0.000515273 4.39127e-05 0.000304948 0.00136605 8.82971e-07 0.0445157 0.945287 7.76179e-05 4.04166e-07 1.48114e-07 7.48919e-07 7.61038e-05 0.000184214 2.01385e-07 0.00276344 2.11175e-07 
7.8926e-05 0.00530225 0.000855626 0.00456244 0.00180127 0.000817477 0.469638 1.47937e-06 0.0251531 0.141258 0.302392 0.0314504 8.73422e-10 0.000266693 0.00540332 0.0026971 0.00245161 3.93916e-09 0.00586948 
3.47391e-07 0.0553664 0.0190338 0.064087 0.118918 5.03269e-10 2.37178e-10 0.350371 0.0795317 0.101367 0.209227 4.06792e-06 2.06942e-10 1.2839e-06 2.73506e-07 0.00193209 7.22759e-06 9.33316e-10 0.000153668 
0.00023283 0.0275865 3.17373e-06 0.0103938 0.000417839 0.00251787 0.0105566 1.25731e-09 0.0435481 0.703829 0.0645655 1.12954e-06 2.10907e-10 0.106722 0.000191967 0.00219208 0.0272403 5.92615e-08 1.6962e-06 
1.06045e-06 0.0302745 9.67622e-05 0.17059 0.0151768 0.000442151 0.036373 1.24579e-06 0.010216 0.494352 0.183367 0.000957846 1.0074e-07 0.000129602 0.0315881 0.00874694 0.0176342 4.54341e-07 5.2149e-05 
6.16506e-05 0.750807 3.96038e-08 0.000667138 0.000150977 2.4725e-08 9.06181e-05 6.06088e-08 0.058754 3.46692e-05 0.184723 6.5189e-06 1.01668e-08 5.14072e-08 0.000793489 3.20914e-05 0.000347282 0.00153028 0.00200083 
2.48372e-05 0.0181113 0.0398741 0.00121051 0.0191307 2.01175e-05 0.00269442 2.53206e-05 0.0064605 0.792917 0.104522 0.000964467 1.15868e-07 5.85871e-07 0.00538075 0.00538541 0.0032475 5.22568e-07 3.07146e-05 
4.23825e-07 0.151943 0.00444213 5.50239e-06 0.00213686 1.03955e-05 0.0851192 1.1785e-07 0.000404813 0.00495616 0.716803 0.000207934 1.97689e-08 9.99585e-08 0.0266032 0.00209249 2.68789e-08 8.9158e-08 0.00527432 
6.51531e-05 1.54804e-06 4.25633e-06 0.010987 0.000704246 8.63092e-06 0.00288506 1.38658e-07 0.0218988 0.917414 0.0436604 4.38313e-05 2.32592e-08 1.17607e-07 1.03484e-05 0.00225299 3.16246e-08 5.7148e-05 5.77355e-06 
5.89906e-06 0.0891202 9.7746e-06 0.000507704 3.1806e-06 1.63695e-05 0.00465229 4.46166e-06 0.0698098 0.289887 0.155649 0.00899765 2.55238e-09 1.29058e-08 0.00247963 0.020149 0.358644 5.60528e-05 8.02945e-06 
0.000146776 0.00798733 0.00848894 7.72967e-07 0.00955404 0.00113488 0.000434323 4.32749e-05 1.128e-05 0.718942 0.246035 2.15109e-06 6.53046e-09 3.30204e-08 0.00333285 0.000519658 1.55513e-05 0.00230629 0.0010444 
3.93433e-05 1.96728e-06 0.000186882 0.000297105 0.00190136 4.20145e-07 0.00373696 5.91319e-08 0.000689857 0.991336 0.00144191 3.2304e-05 9.9191e-09 1.54028e-06 1.73381e-06 8.69797e-05 3.08963e-06 0.000233554 9.37072e-06 
3.47391e-07 0.0553664 0.0190338 0.064087 0.118918 5.03269e-10 2.37178e-10 0.350371 0.0795317 0.101367 0.209227 4.06792e-06 2.06942e-10 1.2839e-06 2.73506e-07 0.00193209 7.22759e-06 9.33316e-10 0.000153668 
0.000104253 0.000701977 0.00141724 0.000446798 0.00240552 7.19715e-05 8.83784e-06 1.76214e-05 0.00106807 0.992377 0.000716679 0.000398061 5.51604e-08 2.78911e-07 6.9511e-07 1.24911e-05 8.87742e-05 3.45292e-05 0.000128795 
1.66936e-06 0.0844785 0.314091 0.223118 2.418e-06 1.37401e-06 0.0656245 8.69117e-09 1.10803e-05 0.0386011 0.000272127 2.86955e-05 1.4579e-09 7.37168e-09 2.78503e-07 2.95315e-06 0.00325209 6.57518e-09 0.270515 
1.56105e-06 1.01063e-06 0.00085028 4.83751e-05 0.0160283 1.3897e-08 6.54931e-09 3.4066e-08 0.00760789 0.971589 0.00248001 6.14648e-06 5.71441e-09 6.97557e-06 6.24859e-07 0.000468613 7.76965e-09 0.000907837 2.83393e-06 
2.04149e-07 7.0309e-07 1.52644e-06 0.00269479 0.0406385 7.2217e-07 0.00137469 2.5365e-10 0.136799 0.794275 0.0206719 0.00191319 4.25486e-11 4.73329e-07 0.000696461 3.99176e-07 2.98231e-07 1.7194e-06 0.000930354 
1.20434e-05 7.51374e-05 0.000344409 0.0467311 0.0157799 0.0224702 4.78455e-07 2.48867e-06 0.0323876 0.719122 0.0309911 0.0032678 4.17462e-07 2.11084e-06 0.000957303 0.0893156 0.00049459 0.00180012 0.0362453 
0.000115311 0.105872 1.46433e-06 0.0704484 2.1246e-07 1.88259e-07 0.0261576 1.31815e-10 0.0378457 0.670942 0.083934 6.03362e-11 2.21113e-11 2.35905e-05 1.06754e-07 1.40104e-06 1.47343e-07 0.000170805 0.0044868 
0.000343915 0.0122892 0.00109282 0.0451944 0.0272867 0.00208014 0.000751815 7.24488e-06 0.00762793 0.899819 0.000608584 0.000408604 6.33984e-06 0.000131488 9.33924e-05 0.000412433 0.000273296 0.00155187 2.11939e-05 
8.78529e-06 0.681924 1.13055e-07 0.0681314 0.190038 0.000708772 0.00074547 0.00131927 0.0052024 0.0495527 0.00191461 9.45999e-06 2.16163e-08 6.4498e-08 8.112e-05 3.84542e-05 5.3727e-08 9.33148e-08 0.000325788 
0.000216029 0.00380061 7.86042e-08 0.000743682 9.09006e-05 0.00120088 0.372295 0.00393234 0.00135816 0.0582564 0.524029 0.000244924 1.69431e-11 8.56705e-11 0.00423011 0.00081738 2.30368e-11 6.60652e-05 0.0287189 
1.7146e-05 0.0411948 0.00144174 0.00274973 0.0212347 3.19805e-06 3.32631e-05 6.46981e-07 0.0164506 0.862075 0.0532271 0.000127276 2.07239e-09 0.00074119 0.000247849 1.94428e-06 0.00044341 6.2509e-06 3.74688e-06 
3.47391e-07 0.0553664 0.0190338 0.064087 0.118918 5.03269e-10 2.37178e-10 0.350371 0.0795317 0.101367 0.209227 4.06792e-06 2.06942e-10 1.2839e-06 2.73506e-07 0.00193209 7.22759e-06 9.33316e-10 0.000153668 
4.28142e-05 0.00408587 0.0722451 0.00238671 0.000603262 7.73344e-10 0.000518843 3.60967e-07 3.54645e-07 0.880456 0.0371522 5.98174e-05 3.17997e-10 1.60791e-09 0.000110295 0.000987024 4.32367e-10 5.61568e-05 0.00129557 
0.000504851 0.0288556 0.000855905 0.00400393 0.00665026 0.00431587 2.70623e-06 3.42606e-05 0.264158 0.640612 0.0445211 0.000635229 1.73865e-10 8.79123e-10 0.000433775 0.000699354 0.000973858 0.0018249 0.000919017 
5.17303e-09 0.0407399 2.87817e-09 8.98782e-07 3.00519e-07 0.00030621 0.0509777 1.41376e-10 0.00444024 0.048871 0.757323 3.63196e-08 2.37151e-11 1.19912e-10 0.0143457 8.78979e-05 3.69205e-07 1.06956e-10 0.0829063 
2.27516e-07 0.000124676 2.72132e-10 3.96967e-05 1.32727e-05 1.37631e-06 7.85216e-05 4.16465e-10 1.45245e-05 0.0512442 0.831401 1.60148e-06 6.986e-11 3.53238e-10 0.108459 0.00836572 9.49858e-11 3.15071e-10 0.00025638 
0.000224474 0.196829 0.00888526 0.270586 0.000101277 2.93459e-05 1.50246e-05 3.43042e-08 0.339381 0.163941 0.0198546 7.73577e-06 5.75436e-09 6.75198e-05 1.50662e-05 6.04396e-05 7.82396e-09 2.03257e-06 8.20434e-09 
3.41272e-05 0.0056802 1.74635e-06 0.00090907 1.29761e-06 1.08634e-06 6.25895e-06 6.72019e-09 1.59484e-05 0.993276 1.66631e-06 1.45485e-06 1.12728e-09 5.69994e-09 2.50866e-07 6.48677e-05 4.65828e-06 5.1497e-07 8.26526e-07 
1.30618e-05 0.00982548 1.50682e-06 0.00130914 0.00366229 0.000412498 0.139652 3.647e-06 0.000263319 0.38615 0.423088 6.261e-07 2.44254e-09 1.45513e-05 0.00110973 0.00586732 8.13073e-07 2.12142e-06 0.028624 
3.68198e-08 0.0483233 2.42254e-11 0.000919134 0.0250824 1.01347e-07 0.0243442 3.7074e-11 0.17464 0.696039 0.0182748 1.35778e-07 6.21898e-12 3.14454e-11 0.0003697 5.31196e-08 0.0117148 4.77093e-08 0.000293247 
2.46258e-05 0.287286 3.32948e-09 0.00824521 0.000487918 2.07862e-09 0.100839 5.09537e-09 0.126783 0.419055 0.0223597 2.33233e-09 8.54723e-10 7.96755e-08 0.000362146 0.00289141 0.0208275 1.50841e-06 0.0108364 
0.000472785 0.0219386 0.00441158 0.00138157 0.019053 0.0158354 0.0169587 8.96113e-10 8.98179e-06 0.766365 0.100681 8.75443e-07 1.50319e-10 7.60066e-10 7.66319e-07 1.93368e-06 0.038456 5.43088e-06 0.0144285 
0.000185203 0.00917499 0.00933905 0.0101896 0.0128138 4.57212e-07 4.42844e-10 9.29898e-08 0.0292063 0.8823 0.0429649 8.00817e-06 3.86391e-10 1.07881e-06 0.00013648 0.00218912 1.59098e-07 8.93643e-07 0.00148973 
0.00649951 0.0237031 0.0123851 0.0202929 0.00834609 0.0305094 0.0152646 0.000854593 0.0900399 0.043504 0.00452172 0.00808965 1.43211e-07 7.24126e-07 0.692817 0.00310498 0.00870408 0.0292593 0.00210331 
0.00295394 0.000344224 0.0039342 0.0017517 0.0279878 3.60981e-05 0.0111226 0.000217978 0.000915904 0.0862699 0.527698 0.024705 2.98995e-06 0.000418206 0.000435386 0.114505 0.00408952 0.155075 0.0375367 
4.30802e-06 0.0109321 7.35389e-07 0.00174445 0.00790829 2.29929e-05 0.0167109 3.13824e-07 0.0493925 0.890955 0.00533287 0.00744024 5.02032e-08 2.28285e-07 0.000245408 0.00709231 0.00219501 5.85095e-08 2.20376e-05 
0.00153347 0.0481631 0.00410765 0.0214754 0.0653546 0.000201514 0.00293599 3.28507e-07 0.116646 0.735471 0.000682721 9.96213e-05 5.51055e-08 0.000614459 1.92203e-05 0.000164627 0.000351026 0.00171938 0.000459553 
0.000119287 0.00215569 7.49819e-06 0.00749818 0.174609 7.63085e-05 0.000279049 3.59376e-08 0.0048958 0.803493 0.00170137 2.35351e-05 6.02836e-09 2.84175e-06 1.9219e-05 2.64255e-05 2.68985e-05 0.00425109 0.000814255 
1.32591e-06 9.93073e-07 1.29304e-06 0.00127793 0.0383491 1.32315e-10 7.79521e-07 3.24347e-10 2.72329e-06 0.960362 1.67389e-06 1.48465e-10 5.44077e-11 1.04567e-06 1.77406e-07 4.3728e-08 7.39758e-11 2.4538e-10 4.65512e-07 
6.56654e-08 0.108112 4.60596e-07 0.373654 0.049601 2.61349e-10 0.00877709 6.4065e-10 2.33136e-07 9.08416e-07 0.035284 2.93248e-10 1.07466e-10 5.43388e-10 3.54116e-06 0.424567 1.46117e-10 4.84675e-10 1.53221e-10 
0.00293624 0.0622095 6.26228e-05 3.31386e-05 0.000223193 4.76124e-07 9.5777e-05 1.16713e-06 0.000168326 0.701466 6.43642e-05 0.0523268 1.95781e-07 9.89939e-07 1.78568e-05 0.000419611 9.00071e-05 8.82977e-07 0.179883 
0.00108045 0.0122475 3.21303e-10 0.0155626 5.04798e-07 9.50828e-06 0.0545145 2.40454e-05 1.37259e-06 0.810718 0.103758 2.27326e-08 8.2483e-11 4.17064e-10 2.99978e-07 0.00208169 1.12149e-10 3.72001e-10 2.16398e-06 
6.86448e-05 0.0750106 1.02272e-08 3.28034e-05 1.60679e-05 0.000302652 0.835808 0.000765374 0.0874238 0.000361923 0.00010828 7.23588e-07 2.62547e-09 1.32753e-08 9.5484e-06 6.90148e-06 1.53535e-05 1.18409e-08 6.88804e-05 
1.37034e-05 0.00540184 0.00432568 0.00404188 0.0270639 4.80471e-05 0.000453499 9.66762e-06 0.0147356 0.872744 0.0673029 0.00100008 2.15442e-08 0.000746039 0.000336664 0.00080841 0.000309863 9.3915e-05 0.000564131 
7.21115e-05 0.0473298 0.000386628 0.0395235 0.00427905 0.000186265 2.31696e-05 7.64334e-05 0.00122304 0.850529 0.0416406 6.77717e-06 2.71843e-08 0.000528997 2.88819e-06 0.000151313 0.0138965 7.23959e-06 0.000136426 
0.000117143 0.000536459 5.98358e-09 0.000301299 0.00492042 1.32965e-06 2.3504e-06 9.15715e-09 2.02846e-06 0.991657 0.00175975 3.74921e-06 1.53607e-09 7.76692e-09 1.77762e-07 1.08366e-06 0.000696239 9.39621e-07 2.19007e-09 
3.47391e-07 0.0553664 0.0190338 0.064087 0.118918 5.03269e-10 2.37178e-10 0.350371 0.0795317 0.101367 0.209227 4.06792e-06 2.06942e-10 1.2839e-06 2.73506e-07 0.00193209 7.22759e-06 9.33316e-10 0.000153668 
6.74027e-07 0.000350976 2.86128e-10 0.0706001 0.170693 4.82486e-07 0.00492609 4.37885e-10 0.0484796 0.117271 3.96444e-07 2.00435e-10 7.34531e-11 3.71406e-10 1.93457e-07 1.31909e-06 0.587675 3.31275e-10 7.64609e-07 
9.63643e-06 0.484296 4.84356e-05 3.42861e-05 0.0987941 1.06674e-08 0.00574111 2.61491e-08 0.0764002 0.281776 0.052008 1.19693e-08 4.38638e-09 5.5072e-06 0.000172642 2.04334e-05 2.4149e-05 1.10312e-05 0.000657843 
0.00812371 0.000258184 0.0203212 0.0383352 0.00012985 4.56088e-07 0.00864923 1.11802e-06 0.0142996 0.891577 0.0003658 0.00313343 1.87542e-07 9.48281e-07 8.34912e-05 0.0147189 2.54993e-07 8.4582e-07 2.6739e-07 
3.53426e-09 0.874282 7.44692e-07 0.0277383 0.0197096 0.00014933 0.000503244 1.49168e-10 0.0339548 0.000655474 0.0364605 2.47767e-08 2.50222e-11 1.26521e-10 3.48598e-07 0.000869103 0.000488138 1.13014e-07 0.00518845 
1.66936e-06 0.0844785 0.314091 0.223118 2.418e-06 1.37401e-06 0.0656245 8.69117e-09 1.10803e-05 0.0386011 0.000272127 2.86955e-05 1.4579e-09 7.37168e-09 2.78503e-07 2.95315e-06 0.00325209 6.57518e-09 0.270515 
3.53426e-09 0.874282 7.44692e-07 0.0277383 0.0197096 0.00014933 0.000503244 1.49168e-10 0.0339548 0.000655474 0.0364605 2.47767e-08 2.50222e-11 1.26521e-10 3.48598e-07 0.000869103 0.000488138 1.13014e-07 0.00518845 
3.3914e-05 0.000979789 0.00245749 1.40737e-07 0.00108679 0.000910789 0.0420924 1.45453e-11 1.91373e-07 0.017748 0.858816 5.26039e-08 2.43991e-12 1.23371e-11 0.0244638 2.35121e-08 1.69223e-08 1.10041e-11 0.0514107 
7.29043e-07 3.43473e-07 0.0329392 2.59443e-06 0.0120625 3.99261e-10 1.88162e-10 9.78716e-10 5.83161e-07 0.954981 1.5447e-06 4.03237e-06 1.64175e-10 8.30128e-10 2.05956e-07 2.5528e-06 2.23222e-10 3.03651e-06 2.22394e-06 
1.39455e-05 0.19182 0.000200222 0.000161208 0.000117067 4.57034e-05 5.08831e-05 4.40237e-05 0.303475 0.47528 0.0142897 8.52716e-06 3.12493e-06 0.00010573 2.0012e-05 0.0142094 1.74914e-05 8.85771e-05 4.91336e-05 
1.38696e-05 8.8863e-05 3.80803e-07 0.001394 0.00541049 3.81491e-05 0.000219046 5.82773e-07 0.0073588 0.97891 0.00468428 0.000191021 9.77574e-08 0.000386601 8.81349e-06 1.99434e-05 0.000163056 0.000427635 0.000684749 
1.42001e-06 1.00474e-08 2.14969e-06 0.0566691 0.0804454 1.44724e-06 0.823269 4.42624e-07 0.0118136 0.00241558 3.62574e-06 6.20803e-07 4.61205e-10 1.04101e-06 3.73088e-07 0.0240379 0.00133857 2.08005e-09 2.47293e-07 
0.0021368 0.0549139 0.000565782 0.00262126 1.71406e-05 2.45347e-09 7.3428e-06 6.01423e-09 0.0495631 0.85836 0.0171771 2.80951e-05 1.00886e-09 5.10115e-09 1.3632e-06 2.35687e-06 0.0146043 4.54998e-09 1.79468e-06 
4.55489e-06 0.530129 0.00433832 4.08234e-05 0.0517762 0.000777964 0.018185 5.4632e-07 0.0253158 0.0578836 0.30904 1.54921e-05 9.16426e-08 4.63378e-07 0.00120143 6.87991e-06 5.0275e-06 4.13311e-07 0.0012776 
0.00884059 0.0479241 3.31118e-06 1.49046e-06 0.0212689 8.59778e-06 7.46703e-06 2.83227e-07 0.0101661 0.574104 0.337629 2.29159e-05 2.37431e-11 1.73479e-05 3.36424e-07 1.76788e-06 1.61739e-06 1.07082e-10 2.24104e-06 
8.71546e-08 0.0109589 0.00826312 0.00110516 1.08334e-06 3.91185e-05 2.79281e-06 2.66227e-08 0.0010681 0.0220721 0.930993 2.94695e-07 4.46582e-09 8.83402e-06 0.0253853 9.79752e-05 9.69467e-08 2.0141e-08 3.72279e-06 
0.00334228 1.59535e-06 1.3136e-10 0.0241386 0.07695 0.00343357 3.01499e-07 2.0103e-10 0.580699 0.289442 0.0219863 4.87792e-07 3.37219e-11 1.7051e-10 4.27077e-07 6.05587e-07 1.52686e-06 3.02667e-06 8.51055e-07 
5.76788e-08 0.0466748 5.72853e-06 0.00614568 0.00247938 2.28529e-07 1.93693e-06 1.15023e-09 0.00108646 0.00117698 0.909205 0.000179073 1.92946e-10 9.75606e-10 0.0211211 0.000170497 6.33962e-08 3.35359e-07 0.0117524 
2.66495e-06 0.00136731 1.56057e-06 7.02167e-07 6.76799e-07 5.6949e-07 0.000429555 1.23017e-08 0.00193239 0.992079 0.00406532 7.61893e-07 2.06354e-09 1.0434e-08 1.31607e-07 2.97386e-07 2.42861e-06 2.74918e-07 0.000116716 
8.08747e-07 0.0789584 7.25544e-06 2.3023e-05 0.000149826 9.05743e-10 5.59221e-06 2.22027e-09 0.000104563 0.911775 7.62104e-06 3.15152e-06 3.72439e-10 1.32011e-06 2.21843e-06 0.00179809 1.99016e-05 0.00714045 2.54938e-06 
4.543e-07 1.34992e-06 8.64738e-06 0.840961 0.0760539 4.23986e-07 0.00355398 5.64819e-11 1.58909e-06 0.0755879 0.00121935 0.000146818 9.47457e-12 4.79069e-11 4.03975e-08 0.00246058 1.3011e-09 3.61933e-06 2.03991e-07 
3.47391e-07 0.0553664 0.0190338 0.064087 0.118918 5.03269e-10 2.37178e-10 0.350371 0.0795317 0.101367 0.209227 4.06792e-06 2.06942e-10 1.2839e-06 2.73506e-07 0.00193209 7.22759e-06 9.33316e-10 0.000153668 
3.54611e-07 0.121172 6.73184e-08 5.89225e-05 0.018915 0.000966257 0.0219183 1.03023e-07 2.1562e-05 0.0752141 0.732576 2.42368e-06 1.72816e-08 0.000182602 0.027087 0.00144165 6.31243e-05 7.79402e-08 0.000380526 
0.000301415 0.893603 0.0235847 0.00998871 0.00641596 6.18634e-07 0.00449012 1.51647e-06 0.00271893 0.0237923 0.0191616 6.94141e-07 2.5438e-07 0.000644404 0.00333329 0.00583094 3.45871e-07 1.14726e-06 0.00612976 
0.000368756 0.0055456 2.59432e-05 0.000548165 0.00041917 0.000802361 0.000586289 2.21052e-05 0.0344371 0.954437 0.000895677 1.05211e-05 1.81655e-08 9.18514e-08 8.90071e-06 0.00155375 1.46743e-05 0.000313039 1.1179e-05 
8.78529e-06 0.681924 1.13055e-07 0.0681314 0.190038 0.000708772 0.00074547 0.00131927 0.0052024 0.0495527 0.00191461 9.45999e-06 2.16163e-08 6.4498e-08 8.112e-05 3.84542e-05 5.3727e-08 9.33148e-08 0.000325788 
8.26331e-05 0.176394 7.8958e-06 0.0326628 0.0867913 0.00211478 0.0729968 8.4495e-09 0.00306976 0.467344 0.081227 0.000898873 1.41736e-09 7.1667e-09 1.09736e-07 0.0397479 0.0345445 0.0021175 2.02082e-09 
1.25022e-05 0.0483736 0.0974263 0.0386966 0.000407904 4.53648e-07 2.77304e-05 1.11204e-06 0.042028 0.18962 0.549328 4.98227e-05 1.86539e-07 9.43208e-07 0.00359261 0.0303215 7.52768e-05 7.11092e-06 3.06255e-05 
4.37432e-08 1.39007e-06 4.35764e-06 0.00315676 5.71246e-07 1.73522e-07 0.0110522 4.12929e-11 5.43291e-07 0.0045996 0.96333 1.49338e-07 6.92669e-12 3.50238e-11 0.0176657 0.000186964 4.80408e-08 3.12395e-11 1.96431e-06 
1.54551e-05 0.0450077 4.74723e-05 0.000416932 0.00480209 3.55286e-08 0.104271 8.70919e-08 0.0453852 0.0330192 0.68781 2.87065e-07 1.46092e-08 0.0122607 1.35158e-06 0.0586182 0.00550295 3.22235e-05 0.00280976 
0.000159477 0.00262427 0.000768792 0.00428281 0.00273745 0.00512885 0.00271236 5.34371e-08 0.268783 0.604096 0.0849008 0.000607779 2.48179e-11 0.000475836 0.00142493 0.000197789 0.0209296 1.8264e-06 0.000168376 
3.47391e-07 0.0553664 0.0190338 0.064087 0.118918 5.03269e-10 2.37178e-10 0.350371 0.0795317 0.101367 0.209227 4.06792e-06 2.06942e-10 1.2839e-06 2.73506e-07 0.00193209 7.22759e-06 9.33316e-10 0.000153668 
2.89317e-06 7.63655e-05 5.72337e-11 0.00411691 0.0552966 0.00139589 0.000140226 5.51482e-06 0.0169008 0.00956497 0.00503446 0.00109167 1.46927e-11 7.42915e-11 0.00292298 0.895316 0.000329405 6.62644e-11 0.00780518 
6.56654e-08 0.108112 4.60596e-07 0.373654 0.049601 2.61349e-10 0.00877709 6.4065e-10 2.33136e-07 9.08416e-07 0.035284 2.93248e-10 1.07466e-10 5.43388e-10 3.54116e-06 0.424567 1.46117e-10 4.84675e-10 1.53221e-10 
8.44396e-06 2.99179e-05 6.29417e-05 3.76347e-05 9.24094e-06 9.01175e-05 1.0887e-08 5.66282e-08 4.96736e-05 0.00025246 2.13866e-05 0.999327 9.49912e-09 4.8031e-08 6.01487e-07 0.00011026 1.29156e-08 4.28413e-08 1.35435e-08 
0.000973712 0.000418999 0.00248428 0.00167211 0.00664792 2.08126e-06 0.000576533 1.30263e-08 2.27408e-06 0.897722 0.0618539 5.25762e-05 2.1851e-09 0.026373 5.75113e-08 7.65351e-05 1.97781e-07 0.00096261 0.000181552 
1.20717e-05 0.0556404 0.000530046 2.35381e-05 2.6146e-05 0.000196261 0.00185405 4.86207e-07 0.00656 0.906453 0.024045 5.21552e-05 8.1559e-08 4.12392e-07 1.13917e-06 0.00206995 0.00252467 3.67833e-07 1.02042e-05 
0.00381114 3.00217e-07 0.00872436 6.22531e-07 0.0108825 3.1014e-07 3.94923e-11 6.18306e-08 5.54147e-07 0.973229 4.12809e-06 1.0691e-05 3.44579e-11 7.31946e-07 1.46921e-07 1.88677e-07 1.07804e-07 0.00333492 3.63602e-07 
2.97875e-08 0.140001 2.9674e-06 0.0184195 0.00743024 1.18162e-07 1.00335e-06 2.8119e-11 0.00325602 0.00352352 0.763345 0.000528906 4.71682e-12 2.385e-11 0.0633223 0.000168223 3.2714e-08 8.53047e-09 1.33762e-06 
0.000734324 0.0788173 0.27862 0.0408235 0.00547729 0.000476297 0.0074053 1.10377e-08 0.0614389 0.4556 0.0627129 5.05235e-09 1.85153e-09 8.71827e-05 0.00299696 0.00088132 0.00177581 2.44398e-06 0.00215022 
7.7453e-05 0.0440458 0.00156877 0.00986943 0.00317447 7.54082e-06 0.0201268 2.23385e-07 0.0654048 0.760453 0.0772439 2.00377e-06 2.09884e-09 1.06125e-08 0.000173516 0.000708795 0.00472954 0.000215942 0.012198 
1.06703e-06 3.59024e-06 0.000838396 1.18005e-05 0.0127436 1.43816e-09 5.72846e-06 3.52539e-09 1.3997e-05 0.934487 0.00971957 1.61369e-09 5.91367e-10 0.00234959 1.1656e-07 4.77636e-05 0.0172393 0.022536 2.32612e-06 
3.47391e-07 0.0553664 0.0190338 0.064087 0.118918 5.03269e-10 2.37178e-10 0.350371 0.0795317 0.101367 0.209227 4.06792e-06 2.06942e-10 1.2839e-06 2.73506e-07 0.00193209 7.22759e-06 9.33316e-10 0.000153668 
1.55429e-08 0.00928128 1.5455e-06 1.41704e-07 2.02602e-07 0.000646263 0.010696 1.95823e-10 0.0038787 0.113474 0.731364 5.30435e-08 3.28484e-11 1.66093e-10 0.113269 2.36938e-08 8.59801e-06 1.48147e-10 0.0173796 
5.39973e-05 0.0288916 0.0368616 0.000212849 0.00739989 5.96351e-08 0.0282332 1.46185e-07 0.015512 0.787841 0.0582262 0.000616926 2.45218e-08 1.23991e-07 0.00053075 0.0187012 0.0167738 4.6662e-05 9.81443e-05 
6.51913e-05 0.000198522 0.0400628 0.0041499 0.000806475 0.000899504 0.000230914 2.06416e-07 0.101054 0.849301 0.00192422 0.000509232 3.46253e-08 0.000133758 4.86751e-05 0.000313656 8.4236e-05 0.000143126 7.42062e-05 
6.56475e-07 4.30975e-05 7.09216e-08 3.82129e-06 0.00025052 0.00109885 0.0272991 1.08537e-07 2.85853e-05 5.251e-06 0.936578 4.96811e-08 1.82065e-08 9.20589e-08 0.000100821 0.010063 0.00133207 1.09053e-05 0.0231852 
0.000330734 0.000148829 0.000311693 0.000139467 0.000121468 0.0354727 0.000698054 3.79341e-06 0.00015582 0.956742 0.00154762 0.00214179 6.36326e-07 0.00162328 3.18154e-05 0.000165561 0.000151906 2.86985e-06 0.000210189 
0.00135226 0.0771882 0.00124361 0.0298752 0.00384657 0.012088 0.00642075 3.86906e-06 0.778554 0.0757931 0.00223737 0.000757412 6.4772e-13 3.27511e-12 0.00237033 0.000417102 0.00175976 0.00599495 9.79931e-05 
3.40592e-06 4.45307e-06 0.00583197 0.00295353 0.527679 3.45978e-08 1.63051e-08 0.000238008 0.00797346 2.64163e-05 0.00492211 0.087289 1.42265e-08 7.19344e-08 9.929e-07 0.362567 3.46512e-05 1.11876e-05 0.000465287 
9.65641e-07 0.0136186 0.152633 8.22021e-06 1.2162e-06 7.7813e-10 1.29098e-06 1.90744e-09 1.13368e-06 0.680589 0.152233 0.000649407 3.19965e-10 1.61786e-09 0.000241894 4.02473e-06 4.35043e-10 1.67369e-06 1.69956e-05 
8.11483e-06 4.4877e-05 4.74113e-06 0.00069791 0.00270762 2.19912e-05 0.000111298 7.25572e-06 0.003681 0.989408 0.00234319 9.89284e-05 1.21711e-06 0.000200162 5.15659e-06 1.08641e-05 8.3441e-05 0.000219867 0.00034467 
0.000117143 0.000536459 5.98358e-09 0.000301299 0.00492042 1.32965e-06 2.3504e-06 9.15715e-09 2.02846e-06 0.991657 0.00175975 3.74921e-06 1.53607e-09 7.76692e-09 1.77762e-07 1.08366e-06 0.000696239 9.39621e-07 2.19007e-09 
3.47391e-07 0.0553664 0.0190338 0.064087 0.118918 5.03269e-10 2.37178e-10 0.350371 0.0795317 0.101367 0.209227 4.06792e-06 2.06942e-10 1.2839e-06 2.73506e-07 0.00193209 7.22759e-06 9.33316e-10 0.000153668 
0.000734324 0.0788173 0.27862 0.0408235 0.00547729 0.000476297 0.0074053 1.10377e-08 0.0614389 0.4556 0.0627129 5.05235e-09 1.85153e-09 8.71827e-05 0.00299696 0.00088132 0.00177581 2.44398e-06 0.00215022 
6.40593e-06 0.0113115 0.000837136 0.000111641 7.18135e-05 8.74552e-07 0.00506108 2.1438e-06 0.000341196 0.814819 0.128613 9.81294e-07 3.59613e-07 8.99627e-06 3.7427e-05 0.000225805 4.88951e-07 3.35479e-05 0.0385168 
1.44356e-07 0.179974 3.18919e-06 1.09454e-06 0.269926 1.60001e-06 0.0234578 8.7139e-10 9.06616e-06 0.429843 0.0967755 8.38015e-07 1.46171e-10 7.39096e-10 2.47519e-07 3.29721e-06 1.59015e-06 7.25821e-07 2.02175e-06 
7.4563e-06 2.06168e-05 9.12232e-06 0.00884981 0.0201866 2.63757e-05 3.28944e-05 1.3426e-08 0.166174 0.792649 0.00503384 1.01236e-05 2.25215e-09 2.36708e-05 8.86083e-06 0.000274282 0.000655929 0.00601943 1.76576e-05 
3.47391e-07 0.0553664 0.0190338 0.064087 0.118918 5.03269e-10 2.37178e-10 0.350371 0.0795317 0.101367 0.209227 4.06792e-06 2.06942e-10 1.2839e-06 2.73506e-07 0.00193209 7.22759e-06 9.33316e-10 0.000153668 
5.59261e-06 0.00553375 9.21885e-05 0.00271173 0.00393151 1.92567e-05 0.00673933 0.00123135 0.0187285 0.924469 0.0274907 9.58232e-07 3.51161e-07 4.52082e-05 8.93902e-06 0.000970706 0.00747676 0.000120778 0.000423868 
1.66936e-06 0.0844785 0.314091 0.223118 2.418e-06 1.37401e-06 0.0656245 8.69117e-09 1.10803e-05 0.0386011 0.000272127 2.86955e-05 1.4579e-09 7.37168e-09 2.78503e-07 2.95315e-06 0.00325209 6.57518e-09 0.270515 
0.000274838 0.0246385 8.22113e-07 0.0255346 0.00365896 0.00783712 0.0240211 5.8416e-08 0.271641 0.628122 0.00807878 5.3704e-07 3.06129e-10 2.04641e-06 0.00043657 0.00477706 5.77362e-07 0.000973723 2.40182e-06 
9.65641e-07 0.0136186 0.152633 8.22021e-06 1.2162e-06 7.7813e-10 1.29098e-06 1.90744e-09 1.13368e-06 0.680589 0.152233 0.000649407 3.19965e-10 1.61786e-09 0.000241894 4.02473e-06 4.35043e-10 1.67369e-06 1.69956e-05 
8.44396e-06 2.99179e-05 6.29417e-05 3.76347e-05 9.24094e-06 9.01175e-05 1.0887e-08 5.66282e-08 4.96736e-05 0.00025246 2.13866e-05 0.999327 9.49912e-09 4.8031e-08 6.01487e-07 0.00011026 1.29156e-08 4.28413e-08 1.35435e-08 
1.10524e-05 0.0104873 0.000479665 0.000528129 0.000783347 2.50224e-06 9.7427e-05 6.1338e-06 0.00275636 0.977813 0.00335906 2.80765e-06 1.02892e-06 0.000137677 0.000153665 0.000709508 0.0020654 2.82786e-05 0.000577231 
1.59188e-05 1.69791e-06 1.83831e-06 0.00539898 0.00449083 1.14767e-06 0.00085227 2.81331e-06 0.0956862 0.118756 0.0293259 0.000558146 4.7192e-07 5.3291e-05 0.000156461 0.73162 0.0110335 5.29762e-05 0.00199131 
0.000368756 0.0055456 2.59432e-05 0.000548165 0.00041917 0.000802361 0.000586289 2.21052e-05 0.0344371 0.954437 0.000895677 1.05211e-05 1.81655e-08 9.18514e-08 8.90071e-06 0.00155375 1.46743e-05 0.000313039 1.1179e-05 
1.14127e-05 0.0961413 3.57725e-05 0.00135827 0.000454172 4.72652e-05 0.00830969 4.40585e-07 0.00234876 0.630224 0.214052 0.000418994 7.3906e-08 3.73696e-07 0.000773001 7.15937e-05 1.00487e-07 3.33318e-07 0.0457521 
8.78529e-06 0.681924 1.13055e-07 0.0681314 0.190038 0.000708772 0.00074547 0.00131927 0.0052024 0.0495527 0.00191461 9.45999e-06 2.16163e-08 6.4498e-08 8.112e-05 3.84542e-05 5.3727e-08 9.33148e-08 0.000325788 
1.66936e-06 0.0844785 0.314091 0.223118 2.418e-06 1.37401e-06 0.0656245 8.69117e-09 1.10803e-05 0.0386011 0.000272127 2.86955e-05 1.4579e-09 7.37168e-09 2.78503e-07 2.95315e-06 0.00325209 6.57518e-09 0.270515 
2.89317e-06 7.63655e-05 5.72337e-11 0.00411691 0.0552966 0.00139589 0.000140226 5.51482e-06 0.0169008 0.00956497 0.00503446 0.00109167 1.46927e-11 7.42915e-11 0.00292298 0.895316 0.000329405 6.62644e-11 0.00780518 
6.83424e-05 0.0458893 9.86824e-05 0.0173752 0.923009 2.33272e-12 0.000167489 5.71823e-12 0.00265008 0.0101235 0.000428036 4.70852e-05 9.59206e-13 4.8501e-12 3.72903e-09 0.000100022 3.75621e-08 4.27691e-05 9.1643e-09 
2.21403e-07 0.061067 5.35257e-07 0.0031283 0.000871776 0.0003413 0.0338738 4.89722e-10 0.383734 0.256415 0.237197 0.000787346 8.21485e-11 4.15373e-10 0.0018164 0.000831094 0.0196148 2.87029e-07 0.000320881 
6.4641e-05 0.00433833 0.00070062 0.00951841 0.00147387 0.00066905 0.470834 1.21919e-06 0.0205805 0.115576 0.310166 0.0412047 8.67938e-10 0.000218514 0.00442111 0.00220681 0.00200615 3.91442e-09 0.0160203 
1.51376e-05 0.160307 1.2893e-06 0.0288503 0.228635 0.00303076 0.0249361 0.00162105 0.0521401 0.0110843 0.162232 2.474e-06 3.30981e-07 1.01077e-05 5.87695e-05 3.16566e-05 4.50021e-07 1.49273e-06 0.327042 
6.73494e-05 0.000361798 2.50247e-07 0.0258949 0.202759 5.79281e-05 0.000177896 3.82973e-07 0.00029907 0.765643 0.00010543 4.87926e-05 6.42419e-08 0.000115273 1.07448e-05 0.00122585 0.00124765 0.000274832 0.00171018 
0.000330023 0.00486071 0.00143578 0.00350197 0.00100961 2.45534e-06 0.000490098 1.48153e-06 0.000859634 0.891433 0.0899202 0.000587325 9.12459e-07 0.000519183 0.00166897 0.00156048 2.42622e-06 5.17245e-05 0.00176397 
1.66936e-06 0.0844785 0.314091 0.223118 2.418e-06 1.37401e-06 0.0656245 8.69117e-09 1.10803e-05 0.0386011 0.000272127 2.86955e-05 1.4579e-09 7.37168e-09 2.78503e-07 2.95315e-06 0.00325209 6.57518e-09 0.270515 
0.000680012 0.010456 2.30897e-05 2.11781e-06 0.063323 9.42124e-07 0.323041 5.96251e-08 0.00183985 0.174773 0.335607 0.00152402 1.00018e-08 1.97148e-05 0.0730036 3.6036e-07 2.67674e-07 1.61257e-06 0.0157046 
8.78529e-06 0.681924 1.13055e-07 0.0681314 0.190038 0.000708772 0.00074547 0.00131927 0.0052024 0.0495527 0.00191461 9.45999e-06 2.16163e-08 6.4498e-08 8.112e-05 3.84542e-05 5.3727e-08 9.33148e-08 0.000325788 
6.56654e-08 0.108112 4.60596e-07 0.373654 0.049601 2.61349e-10 0.00877709 6.4065e-10 2.33136e-07 9.08416e-07 0.035284 2.93248e-10 1.07466e-10 5.43388e-10 3.54116e-06 0.424567 1.46117e-10 4.84675e-10 1.53221e-10 
7.70312e-06 0.58493 2.04704e-12 0.0108398 0.0261582 1.03529e-08 0.0720604 3.13274e-12 0.0484774 0.00295454 0.220294 1.20467e-08 5.25503e-13 1.33122e-09 0.0047583 0.00020291 7.14504e-13 2.37003e-12 0.0293159 
6.77918e-07 0.0772693 8.95021e-07 0.0120287 0.00122932 3.06293e-07 0.0668052 6.99257e-09 0.00146318 0.598996 0.178167 0.00295894 1.17297e-09 5.93096e-09 0.0111295 8.09153e-05 1.59484e-09 5.29012e-09 0.0498703 
6.56654e-08 0.108112 4.60596e-07 0.373654 0.049601 2.61349e-10 0.00877709 6.4065e-10 2.33136e-07 9.08416e-07 0.035284 2.93248e-10 1.07466e-10 5.43388e-10 3.54116e-06 0.424567 1.46117e-10 4.84675e-10 1.53221e-10 
0.000123747 0.0429904 0.000236303 0.103034 0.0012225 0.000580335 0.669674 1.7715e-05 0.001711 0.178696 8.59922e-05 0.000154393 2.50346e-07 1.26584e-06 0.000143652 0.000565175 0.00016573 0.000557095 4.03196e-05 
8.84427e-07 0.0358634 7.67772e-08 1.49283e-05 0.0125933 6.83207e-06 0.0269275 1.17498e-07 0.019632 0.837811 0.0514993 1.08289e-05 1.97098e-08 0.000850449 0.00354509 5.05163e-05 0.00408349 3.32407e-06 0.0071074 
0.000132001 0.0464817 0.000323269 0.0672183 0.00193081 8.74764e-06 0.0132233 2.55836e-07 0.241316 0.597262 0.0015395 2.32328e-06 1.12051e-07 4.66656e-05 1.96692e-06 0.0245898 0.00590457 8.39321e-06 1.07437e-05 
3.42553e-10 0.000199547 1.84487e-11 0.000122748 6.0281e-09 7.09088e-09 0.918136 2.82336e-11 8.16054e-09 3.05576e-08 0.0805866 1.86769e-09 4.73605e-12 2.39472e-11 1.85513e-06 3.39628e-09 6.43941e-12 2.13597e-11 0.000953251 
8.93797e-09 0.081479 1.29043e-10 1.55426e-06 5.19684e-07 0.000612155 0.0401377 1.97485e-10 0.00888032 0.0977407 0.597942 6.27861e-08 3.31272e-11 1.67503e-10 0.028691 8.18879e-08 4.33838e-08 1.49404e-10 0.144515 
1.66936e-06 0.0844785 0.314091 0.223118 2.418e-06 1.37401e-06 0.0656245 8.69117e-09 1.10803e-05 0.0386011 0.000272127 2.86955e-05 1.4579e-09 7.37168e-09 2.78503e-07 2.95315e-06 0.00325209 6.57518e-09 0.270515 
2.18972e-07 2.72619e-06 5.76421e-07 0.056704 0.0500051 7.19583e-11 4.44283e-07 1.76393e-10 8.3072e-06 0.141299 0.557816 0.000901611 2.95891e-11 1.49613e-10 0.149952 0.0032223 0.00237326 1.41468e-06 0.0377132 
1.42001e-06 1.00474e-08 2.14969e-06 0.0566691 0.0804454 1.44724e-06 0.823269 4.42624e-07 0.0118136 0.00241558 3.62574e-06 6.20803e-07 4.61205e-10 1.04101e-06 3.73088e-07 0.0240379 0.00133857 2.08005e-09 2.47293e-07 
1.56707e-07 1.01064e-06 1.03104e-10 5.358e-07 5.16206e-07 0.000690568 0.000500604 1.57789e-10 0.0571319 0.881332 0.0497308 5.77876e-07 2.64683e-11 1.33833e-10 0.000587621 2.2608e-07 0.00407936 2.03053e-07 0.00594356 
4.78408e-06 0.00588086 1.4179e-07 0.0111912 0.000353868 8.85208e-08 0.231662 0.00017236 0.0342142 0.00308896 0.0999989 0.407098 3.63995e-08 1.84049e-07 0.00186851 0.031039 1.27957e-05 1.64163e-07 0.173414 
0.000109814 0.00331806 2.81123e-05 0.000368669 0.00347013 1.75507e-05 0.98319 4.30225e-05 0.00337762 0.000509157 0.00425858 1.96929e-05 7.21681e-06 9.49704e-05 0.000410572 0.000223088 9.8124e-06 3.2548e-05 0.000511578 
0.0032673 0.00129528 0.00222352 0.00144017 0.00292618 0.00167356 3.62421e-10 1.88512e-09 1.19689e-06 0.847625 0.00140188 0.138138 3.1622e-10 2.61067e-06 1.45473e-08 2.65673e-06 4.29951e-10 2.73052e-06 4.50854e-10 
0.000715277 0.150631 3.16442e-05 0.00999291 0.545527 1.56094e-06 0.00671875 2.52289e-08 0.0131291 0.265854 0.0048068 7.77487e-07 4.23203e-09 2.13987e-08 1.50386e-07 0.00216863 2.29774e-05 0.000398434 7.52084e-07 
4.32312e-05 0.0302057 0.000832873 0.0478695 6.92624e-06 5.82107e-06 0.00570662 1.04546e-07 0.0119371 0.878945 0.0233659 7.7896e-06 1.75371e-08 8.8674e-08 1.345e-06 3.04168e-06 2.48564e-05 3.73629e-05 0.00100669 
5.06282e-07 0.0758014 2.85447e-08 8.61115e-06 0.0107941 3.93194e-06 0.0283291 4.36842e-08 0.043778 0.779804 0.00185796 1.99958e-08 7.32781e-09 0.000490647 0.000592823 0.0574783 0.00105541 1.89959e-06 3.35419e-06 
3.47391e-07 0.0553664 0.0190338 0.064087 0.118918 5.03269e-10 2.37178e-10 0.350371 0.0795317 0.101367 0.209227 4.06792e-06 2.06942e-10 1.2839e-06 2.73506e-07 0.00193209 7.22759e-06 9.33316e-10 0.000153668 
8.29586e-05 0.00171891 1.16229e-06 0.00553401 0.0909206 2.19709e-09 0.0424594 4.1939e-07 0.0225869 0.757923 0.0310864 2.46525e-09 9.03436e-10 2.39928e-06 2.14042e-06 0.0419164 0.00576321 4.07452e-09 2.29156e-06 
5.03049e-05 0.0315518 0.0010561 0.000563985 0.00380594 0.000539585 0.148792 1.13387e-06 0.0293604 0.0176289 0.158697 0.00623823 1.90202e-07 9.61731e-07 0.000302667 0.000554971 0.600854 8.57817e-07 2.71183e-07 
0.000929444 0.0283638 0.00385109 0.00308066 0.00742818 0.00344207 0.025477 7.20759e-11 0.0164272 0.0575357 0.712398 0.0013098 1.20904e-11 0.0236797 0.0980254 0.00641961 5.98551e-05 5.4528e-11 0.0115722 
7.64781e-09 0.00659074 2.98971e-10 8.85432e-07 0.00357128 1.8665e-10 4.31109e-07 4.57539e-10 0.0045616 0.0753637 0.909906 2.09431e-10 7.67499e-11 3.88076e-10 3.08917e-06 1.62532e-07 4.80131e-07 3.11876e-07 9.41183e-07 
1.50804e-05 0.0478809 3.31318e-06 4.90698e-05 4.74047e-05 0.00372033 0.0569084 5.07042e-06 0.000577207 0.804768 0.0661185 5.48394e-05 8.50539e-07 4.30063e-06 0.000100073 0.0195239 0.000169616 2.22813e-05 3.10544e-05 
3.74695e-07 7.10612e-07 7.04151e-10 0.170911 0.0226648 4.39607e-10 7.81073e-06 1.07762e-09 4.57802e-07 0.780823 0.024387 0.00120277 1.80765e-10 9.14014e-10 4.98757e-07 4.09194e-07 4.67227e-07 8.15256e-10 2.57728e-10 
5.37138e-05 0.0308619 0.00274579 4.44164e-05 0.000797691 0.00143547 0.0419603 2.2113e-06 0.285487 0.634148 0.00169849 1.78529e-05 5.76565e-08 0.000156126 0.000107366 6.83411e-06 0.000374476 6.42643e-05 3.72855e-05 
