0.00925546 0.0111937 1.59039e-05 0.10204 0.00504542 0.00410607 0.000152827 1.1791e-12 0.0107319 0.00202994 0.0188748 0.00114324 0.820033 0.000102545 0.00540595 0.00569611 0.00114625 2.19478e-06 0.00302437 
0.000533891 0.0142693 6.33793e-06 0.0920154 0.00200813 0.000601445 0.000229373 4.16624e-13 0.00299426 7.95497e-05 0.0132582 0.00208943 0.863896 1.82276e-05 0.00293056 0.0032063 0.00125705 6.30427e-07 0.000605735 
3.69156e-05 0.265097 0.0458504 0.0190364 0.0136289 1.29506e-06 0.0137575 8.84829e-09 0.145648 0.0312999 0.0808609 7.86254e-07 0.266579 3.43138e-06 0.000226005 0.081367 0.0365717 1.14379e-05 2.40338e-05 
0.125575 0.128524 0.0004361 0.0668766 0.0317583 0.00297329 0.00365384 9.2823e-08 0.0710307 0.00813553 0.0332716 0.0150492 0.359438 0.0449582 0.000931332 0.0980576 0.00756235 2.85328e-06 0.00176544 
0.000237513 0.0347576 0.00348851 0.0338507 0.00854105 0.000310229 0.00110898 6.00765e-10 0.338499 0.000207897 6.21853e-05 0.00861958 0.568767 3.56764e-11 1.43378e-05 0.00124912 4.14656e-05 3.92918e-08 0.000244146 
0.0148693 0.0103376 1.12019e-05 0.0535878 0.00358683 0.0018556 0.000167869 1.9397e-12 0.0119992 0.00106319 0.00673048 0.00468076 0.882991 0.000416396 0.00345619 0.00307256 0.000693512 1.07945e-06 0.000479711 
0.0260089 0.21329 1.56096e-05 0.0797585 0.014978 0.00164002 0.151705 2.60927e-05 0.0531644 0.0165784 0.0402778 0.00863008 0.36105 0.000149803 0.0010706 0.0122773 0.0171065 8.89817e-06 0.00226515 
0.00929452 0.140833 0.00016702 0.0653127 0.0196802 0.00140547 0.013679 3.6337e-05 0.140949 0.00122583 0.025303 0.00121188 0.250992 1.59095e-05 0.0129539 0.121049 0.195227 0.000254416 0.000408576 
0.0110736 0.00159478 1.32454e-05 0.0212396 0.00477854 0.00684113 1.33643e-05 2.58408e-11 0.0343554 0.00666432 0.0150553 0.00266476 0.891402 5.08259e-07 0.000256333 3.55678e-07 0.000151049 3.39692e-06 0.00389198 
0.0364638 0.0467044 4.11938e-05 0.189357 0.0326957 0.0059338 0.000990949 6.44121e-07 0.0228168 0.00287144 0.0228567 0.00326919 0.616879 0.00028223 0.00440695 0.0125551 0.000883821 1.93434e-05 0.000971497 
9.95416e-06 0.128406 9.61208e-06 0.0172091 0.00145299 8.32952e-06 0.0934053 6.63506e-06 0.289203 0.00146631 0.0394387 1.18858e-05 0.380315 0.000510614 2.87241e-05 0.0482951 0.000185977 7.587e-07 3.61719e-05 
4.67127e-06 0.286582 1.34831e-05 0.154031 0.0712823 7.47616e-07 0.00132905 2.58317e-07 0.0544971 0.000452777 0.00510567 0.000441529 0.363667 1.22775e-10 0.000286092 0.0537012 0.00860439 1.09509e-10 3.46193e-11 
0.207014 0.206338 1.15078e-05 0.0156358 0.0151186 0.00236375 0.00676537 4.87508e-12 0.173343 0.0298265 0.0617737 0.0006499 0.261654 5.1757e-05 0.00126427 0.00959718 0.00545764 6.3355e-05 0.0030714 
2.54649e-05 0.211607 6.49955e-05 0.274443 0.00165744 0.000117849 0.00109652 1.1781e-07 0.00200705 6.5931e-05 0.00549312 3.09971e-05 0.496776 1.58689e-05 1.05623e-05 0.00551227 0.000818244 1.57702e-05 0.000242506 
0.0104683 0.203284 0.000137945 0.173681 0.0333502 0.00215931 0.00226805 5.70055e-05 0.083735 0.00540304 0.0360875 0.00112752 0.294136 0.00410098 0.0178358 0.107522 0.0149329 1.22799e-06 0.00971176 
0.00871882 0.010499 3.9478e-05 0.0643858 0.00528406 0.00120967 0.000281159 2.25147e-12 0.00680185 0.0013406 0.00959904 0.00180326 0.879334 4.88181e-05 0.00461175 0.0044391 0.00106054 1.20634e-06 0.000541574 
0.0131459 0.00919278 5.96087e-06 0.038365 0.00467553 0.00140259 0.000106951 4.35365e-12 0.0140485 0.000693378 0.00445389 0.00402311 0.907464 0.000292195 0.000425392 0.00126441 0.000155674 8.20912e-07 0.000284004 
0.0246663 0.106566 0.000229918 0.145317 0.0919772 0.00452433 0.00134085 1.11371e-08 0.101167 0.00543067 0.0153946 0.012857 0.219775 0.152176 0.0223336 0.0699662 0.0105475 8.75075e-07 0.0157301 
9.71216e-05 0.00590067 6.22399e-09 0.0101849 0.00237298 0.000812396 8.89455e-06 7.14386e-12 0.0127406 0.000208681 0.0126045 0.00207987 0.951009 9.58314e-09 0.000651992 0.000836838 0.000115247 1.07464e-05 0.000365089 
9.90447e-08 0.0296203 0.112147 0.00114414 0.00200508 1.69512e-05 0.000218993 1.89354e-05 0.0724989 0.000590783 0.0982005 3.72014e-07 0.44103 1.0272e-07 0.000697817 0.201535 0.00470302 4.25415e-06 0.0355687 
0.001408 0.0345523 0.000201909 0.0235824 0.198475 0.00194993 0.0297979 2.02735e-10 0.0499607 0.0295467 0.231047 0.0111404 0.340079 6.37253e-06 0.000246552 0.0466994 0.000774589 6.85062e-09 0.000531928 
0.00157015 0.0114098 0.00270652 0.00965523 0.0137078 0.000364084 0.000733041 5.60516e-10 0.0218891 0.305544 0.0268989 0.00221739 0.595889 1.14765e-07 0.000533022 0.00263704 0.000435491 8.62281e-05 0.00372283 
0.00137085 0.170048 0.0116234 0.0944514 0.0687707 0.00163241 0.000105422 2.32801e-11 0.248623 0.0154671 0.0399035 0.00250175 0.318808 2.58242e-05 0.0108794 0.00763424 0.00232178 0.000273563 0.00555943 
7.54761e-07 0.275679 6.06904e-12 0.0479438 0.0203512 2.60705e-08 0.000350633 0.0207992 0.0696064 1.11454e-08 0.0403296 0.00407304 0.46877 2.25047e-08 1.92571e-08 0.0453186 0.00612246 3.91249e-06 0.000652071 
0.0221971 0.0145516 2.91122e-05 0.03738 0.00328708 0.0732406 0.000253922 6.30746e-12 0.0352996 0.00290844 0.00759919 0.00307948 0.793217 0.00043293 0.0026096 0.00119349 0.00165927 1.9317e-06 0.00106006 
0.000368115 0.0141168 8.04026e-06 0.142687 0.00961719 0.00139442 0.00182263 8.18225e-09 0.018341 0.000483262 0.0507092 0.0012943 0.637439 0.015544 0.0815208 0.00877547 0.0152899 7.12827e-06 0.000581965 
1.03509e-07 6.35963e-07 8.53514e-10 0.0225407 0.00395128 5.32856e-10 0.000433818 1.3062e-09 7.20573e-11 0.00283986 0.0308701 4.32394e-06 0.903124 1.10789e-09 0.00280613 0.0332088 0.000213501 9.88186e-10 6.3527e-06 
0.000447981 0.0314539 2.00999e-06 0.00122715 0.00302584 0.00169137 0.0164463 2.24598e-07 0.00369048 0.00590934 0.0377104 0.0135261 0.787541 3.28177e-05 4.18853e-08 0.0941845 0.00250935 2.41207e-09 0.000600808 
0.0516018 0.055145 0.0123882 0.0674476 9.5394e-07 0.0281246 0.0793534 0.0136175 0.0196537 0.15863 0.0545715 0.00381395 0.306458 9.52497e-07 9.53921e-07 0.149189 9.53686e-07 9.52673e-07 9.53664e-07 
0.0172209 0.0142639 0.000430362 0.0152793 0.0107083 0.000438596 0.000724124 1.2924e-11 0.203168 0.0562841 0.0143955 0.200984 0.454022 0.00289758 0.000378084 0.00498478 0.00343266 2.05039e-07 0.000387515 
0.0323774 0.0337305 0.000202329 0.0476894 0.0156317 0.0016326 0.000919441 2.28377e-11 0.107561 0.0152386 0.0119856 0.0030378 0.713536 0.000208109 0.00533407 0.00664794 0.00373593 3.98893e-06 0.000527771 
0.00387052 0.045296 3.05399e-05 0.000700308 3.858e-05 3.74107e-05 2.66756e-05 4.69347e-07 6.88422e-06 0.00320757 0.00817647 3.62023e-05 0.882318 0.000196617 5.4183e-06 0.00304578 0.0133111 3.53587e-05 0.0396601 
0.183965 0.0628026 0.0262817 0.0536162 0.0750884 0.000161201 0.00571484 1.09915e-09 0.128558 0.0234804 0.0333921 0.182076 0.214075 0.000642493 0.000118648 0.00541072 0.000375667 7.90941e-05 0.00416159 
0.00561465 0.0129205 2.65477e-05 0.0780605 0.00418033 0.00111028 0.000302149 1.52462e-12 0.00598703 0.000878698 0.011238 0.00244262 0.864418 4.92778e-05 0.00626663 0.00467395 0.00125564 1.04543e-06 0.00057395 
0.0313317 0.00578372 1.31771e-05 0.0881776 0.0147749 0.00926675 0.000198903 2.94333e-12 0.0372089 0.0100642 0.045977 0.0221586 0.639948 0.000214902 0.0182114 0.000320726 0.000247943 3.36855e-06 0.0760981 
5.37582e-07 0.14462 0.05829 0.00604853 0.0360655 3.14914e-10 0.00109313 7.71953e-10 0.0502707 0.00932639 1.29236e-07 0.0910648 0.561821 6.54756e-10 5.97129e-08 0.0413978 6.38534e-07 5.8401e-10 4.68668e-07 
0.263568 0.0202662 0.0140458 0.0736837 0.00378022 0.000548917 0.0163688 0.000251333 0.00506806 0.0162624 0.104976 0.000574453 0.447765 5.65151e-06 0.000365801 0.0292078 0.000303014 5.67796e-09 0.00295902 
0.00395259 0.252944 0.00663458 0.0718372 0.0301774 0.00055986 0.00308203 1.97973e-06 0.167392 0.00661743 0.0585396 0.0012336 0.269143 0.00028986 0.00517028 0.107905 0.0054775 0.000326196 0.00871629 
0.000415637 0.0197231 0.000130012 0.0942723 0.00628771 0.0268362 0.00221755 1.92483e-06 0.0141824 0.000953898 0.0901744 0.00165745 0.525901 4.37881e-10 0.000786438 0.00645742 0.000420278 2.95668e-05 0.209553 
0.00130496 0.190571 0.000564537 0.0109909 0.0712368 0.00589489 0.0338873 1.15046e-08 0.0557979 0.116957 0.116883 0.0135439 0.245445 0.00304564 0.00355167 0.0802545 0.00283751 2.43464e-06 0.0472307 
3.55054e-06 0.117954 4.6953e-05 0.112619 0.0139333 0.000648603 0.00690878 0.000406088 0.0415798 0.0375958 0.0453423 0.000182045 0.555795 0.000339732 0.00107006 0.0607381 0.00173968 1.2324e-05 0.00308454 
0.203181 0.0384685 0.00456665 0.0211858 0.0149867 0.00262434 0.00086262 8.8722e-10 0.206995 0.024036 0.042685 0.0368604 0.365017 0.000809354 0.00789113 0.00975329 3.15448e-06 8.63356e-06 0.0200653 
0.00327047 0.194276 0.000212849 0.144334 0.0199039 0.00542367 0.0539099 1.57106e-11 0.115643 0.00868071 0.0476416 0.00510876 0.376463 0.000406831 0.00721522 0.0133268 0.00122898 5.03761e-07 0.00295366 
0.000532681 0.140655 2.01945e-07 0.0293367 0.0155948 1.01653e-05 0.00019078 0.00835009 0.0405407 6.93957e-05 0.0364056 0.0384493 0.665731 3.68668e-06 2.13958e-05 0.0201485 0.00288564 3.32441e-06 0.00107164 
9.71216e-05 0.00590067 6.22399e-09 0.0101849 0.00237298 0.000812396 8.89455e-06 7.14386e-12 0.0127406 0.000208681 0.0126045 0.00207987 0.951009 9.58314e-09 0.000651992 0.000836838 0.000115247 1.07464e-05 0.000365089 
0.0354493 0.0167551 2.82881e-05 0.139306 0.0114337 0.0047404 0.000215745 1.10038e-12 0.0236291 0.00273492 0.00948503 0.0022925 0.70479 0.0249141 0.0144087 0.00851472 0.000585659 4.42267e-06 0.000712358 
0.0114199 0.0427942 0.000293191 0.0192098 0.0360433 0.00512191 0.00711887 0.00370878 0.171191 0.0291767 0.127522 0.0970062 0.228714 0.114632 0.00109448 0.083983 0.011253 2.56132e-06 0.00971529 
0.209761 0.0668158 0.016328 0.0543994 0.026231 1.97808e-05 0.0511368 6.8158e-09 0.0267511 0.016914 0.0234451 0.00552313 0.225666 0.000657102 0.000573126 0.190512 0.0838623 3.83188e-06 0.00140057 
1.30105e-06 0.108181 4.54332e-05 0.00591912 0.00139678 0.0364884 0.00734494 0.00407479 0.0376912 0.0135167 0.0289165 0.000510751 0.681091 8.35138e-08 0.000481058 0.0696773 0.00337887 1.63619e-10 0.00128477 
0.00378683 0.00327391 5.37029e-08 0.00121545 0.00281921 5.07529e-07 1.65288e-07 2.93416e-11 1.78666e-06 0.000477572 4.06774e-06 0.186429 0.80144 4.38036e-07 3.74918e-07 3.58216e-07 3.60043e-07 5.55172e-08 0.000550301 
0.00585701 0.129454 0.00224399 0.244826 0.019515 0.00818221 0.00930034 1.78544e-05 0.0766287 0.013129 0.00776641 0.00042659 0.247519 8.32214e-05 0.00578774 0.157866 0.0633688 7.80376e-07 0.00802785 
0.001408 0.0345523 0.000201909 0.0235824 0.198475 0.00194993 0.0297979 2.02735e-10 0.0499607 0.0295467 0.231047 0.0111404 0.340079 6.37253e-06 0.000246552 0.0466994 0.000774589 6.85062e-09 0.000531928 
0.00339865 0.169238 0.0645972 0.231614 0.0182922 0.000114331 0.00291979 5.35487e-06 0.195908 0.00217856 0.0175745 0.00036772 0.252704 4.38423e-06 0.000992559 0.0238058 0.0144079 5.19096e-05 0.00182501 
0.0313317 0.00578372 1.31771e-05 0.0881776 0.0147749 0.00926675 0.000198903 2.94333e-12 0.0372089 0.0100642 0.045977 0.0221586 0.639948 0.000214902 0.0182114 0.000320726 0.000247943 3.36855e-06 0.0760981 
0.000222335 0.123409 0.000982798 0.0884625 0.157247 9.11337e-05 0.00911522 1.50908e-07 0.163654 0.12018 0.0261101 0.000141979 0.207489 5.49009e-05 0.00625742 0.0284333 0.0613747 0.000116222 0.00665878 
7.92914e-05 0.05635 0.0360792 0.12463 0.0183738 0.000455558 0.00397104 5.85111e-05 0.0775384 0.0173676 0.152682 0.032743 0.311463 1.62213e-06 0.000128218 0.0801057 0.0874446 1.50425e-05 0.000512684 
0.00549901 0.0143788 0.000108188 0.0698291 0.00602573 0.0147356 0.000788401 1.48029e-07 0.00984957 0.00124536 0.0289752 0.00194076 0.791975 2.46824e-05 0.00448121 0.00858395 0.000908623 6.58121e-06 0.0406437 
0.00273923 0.0418361 0.000162453 0.00721077 0.00856732 0.00161119 0.00421192 5.30418e-05 0.0888334 0.0266709 0.0678744 0.00197478 0.70278 0.0157015 0.000695629 0.0275379 0.000496067 4.29747e-06 0.00103955 
0.0313317 0.00578372 1.31771e-05 0.0881776 0.0147749 0.00926675 0.000198903 2.94333e-12 0.0372089 0.0100642 0.045977 0.0221586 0.639948 0.000214902 0.0182114 0.000320726 0.000247943 3.36855e-06 0.0760981 
0.0118504 0.00555271 1.27665e-05 0.0381929 0.00464398 0.00491234 7.7492e-05 1.35107e-12 0.0147874 0.00276259 0.0101418 0.00145549 0.901282 5.29486e-08 0.000238489 0.00134627 0.000199891 1.34757e-06 0.00254206 
0.000406922 0.0214186 1.40794e-06 0.0414083 0.0228388 0.00155855 0.00330116 1.31126e-09 0.0823852 0.00204305 0.0285818 0.000431145 0.787726 7.02381e-11 3.5574e-05 0.00251512 0.000186487 1.02933e-08 0.0051619 
0.00500565 0.0576954 3.20116e-08 0.0575367 0.0107469 0.000221932 0.0189058 3.45058e-07 0.0248187 0.0939639 0.0351598 0.000892273 0.567011 0.000129566 0.0028124 0.0610364 0.000636018 1.29184e-06 0.0634262 
0.00664318 0.0106539 0.000895157 0.0733878 0.0145254 0.00314553 5.09436e-05 1.0354e-10 0.281554 0.00333291 0.00578105 0.0113305 0.557143 6.08206e-05 0.0251101 0.00501562 0.00106075 1.50498e-05 0.000294604 
0.000415637 0.0197231 0.000130012 0.0942723 0.00628771 0.0268362 0.00221755 1.92483e-06 0.0141824 0.000953898 0.0901744 0.00165745 0.525901 4.37881e-10 0.000786438 0.00645742 0.000420278 2.95668e-05 0.209553 
0.0118504 0.00555271 1.27665e-05 0.0381929 0.00464398 0.00491234 7.7492e-05 1.35107e-12 0.0147874 0.00276259 0.0101418 0.00145549 0.901282 5.29486e-08 0.000238489 0.00134627 0.000199891 1.34757e-06 0.00254206 
0.000194838 0.320419 1.56066e-05 0.0510129 0.0137953 8.90954e-05 0.0153963 8.64502e-05 0.0562632 0.0463665 0.0254515 0.000501249 0.341583 2.62483e-07 0.0343713 0.0551134 0.0144623 3.3362e-06 0.0248739 
0.00108476 0.0629627 0.000124246 0.166064 0.0212339 0.145042 0.00242827 3.73536e-08 0.0242874 0.00545103 0.0361782 0.00217686 0.493014 0.0123755 0.0146961 0.00300728 0.00533095 9.90433e-06 0.00453316 
0.0174873 0.000552355 3.47982e-05 0.040252 0.00489448 0.0038155 6.32904e-05 2.15086e-12 0.0249342 0.00311263 0.00106455 0.00372571 0.897051 1.20725e-07 0.00213284 0.000160745 0.000192812 1.98154e-06 0.000523368 
0.000176822 0.0484584 1.22318e-06 0.0555473 0.00326044 0.000169922 0.0506964 0.0120461 0.00666991 0.00212743 0.0749849 0.00477269 0.736261 1.29743e-06 0.00177737 0.00098263 0.00076464 2.88205e-07 0.00130104 
0.000239507 0.0145673 2.38361e-09 0.132742 0.0468852 0.000704439 0.000136616 1.60551e-09 0.0621444 0.00015144 0.0706886 0.00352048 0.644006 0.000603993 0.00747794 0.00259639 0.0126135 9.12015e-06 0.000912745 
0.0172209 0.0142639 0.000430362 0.0152793 0.0107083 0.000438596 0.000724124 1.2924e-11 0.203168 0.0562841 0.0143955 0.200984 0.454022 0.00289758 0.000378084 0.00498478 0.00343266 2.05039e-07 0.000387515 
0.000533891 0.0142693 6.33793e-06 0.0920154 0.00200813 0.000601445 0.000229373 4.16624e-13 0.00299426 7.95497e-05 0.0132582 0.00208943 0.863896 1.82276e-05 0.00293056 0.0032063 0.00125705 6.30427e-07 0.000605735 
0.000319964 0.0664822 4.53498e-05 0.069708 0.019317 0.0064273 0.0100053 1.00133e-09 0.190785 0.00933409 0.0400747 0.000333481 0.482749 0.000261718 0.0351555 0.04491 0.0220794 2.57482e-06 0.0020093 
0.0354493 0.0167551 2.82881e-05 0.139306 0.0114337 0.0047404 0.000215745 1.10038e-12 0.0236291 0.00273492 0.00948503 0.0022925 0.70479 0.0249141 0.0144087 0.00851472 0.000585659 4.42267e-06 0.000712358 
3.51809e-08 0.177302 4.78513e-08 0.128598 0.0177143 0.00202544 0.000712247 7.24811e-08 0.136289 0.000271182 0.0171329 0.00229819 0.240068 0.000636731 5.71117e-05 0.232259 0.04387 0.000644809 0.000121001 
0.0172209 0.0142639 0.000430362 0.0152793 0.0107083 0.000438596 0.000724124 1.2924e-11 0.203168 0.0562841 0.0143955 0.200984 0.454022 0.00289758 0.000378084 0.00498478 0.00343266 2.05039e-07 0.000387515 
8.64158e-06 0.117219 1.52581e-08 0.00882697 0.00423952 0.000111971 0.00799141 6.11316e-05 0.109708 0.0776516 0.0534416 0.00198927 0.572268 0.000624954 0.000401233 0.0279918 0.00564983 1.7896e-10 0.0118147 
0.00339515 0.0246413 0.000187599 0.13968 0.0840097 9.1848e-06 0.00332957 0.000130642 0.0258082 0.0412973 0.00297709 0.000301244 0.560113 3.30856e-05 0.00058099 0.015398 0.00208467 0.0955184 0.000504859 
0.000196107 0.0465043 5.01331e-07 0.146248 0.0169132 0.000608491 0.000162345 3.76992e-08 0.0343233 0.000137158 0.0131054 9.29154e-05 0.642559 4.32029e-11 0.000775839 0.0693769 0.0282821 5.72948e-06 0.000708121 
0.0172209 0.0142639 0.000430362 0.0152793 0.0107083 0.000438596 0.000724124 1.2924e-11 0.203168 0.0562841 0.0143955 0.200984 0.454022 0.00289758 0.000378084 0.00498478 0.00343266 2.05039e-07 0.000387515 
0.00650644 0.027432 5.85365e-05 0.0436765 0.0128687 0.00139274 0.000527941 1.39332e-07 0.0746928 0.00272595 0.0429223 0.00139162 0.735463 0.0107134 0.00147053 0.0363995 0.00143301 1.1883e-06 0.000323284 
0.07589 0.079032 0.0107122 0.0320294 0.0195201 0.00139302 0.00646389 2.23937e-05 0.143155 0.0317499 0.0539536 0.0251968 0.435302 1.61379e-05 0.00867383 0.0676648 0.00742515 7.54472e-05 0.00172487 
0.00120331 0.0364145 6.87091e-06 0.191383 0.0660713 0.0293916 0.00221209 6.7155e-08 0.0958046 0.092024 0.0274527 9.2343e-05 0.29202 0.00603764 0.0045193 0.0550488 0.100014 3.39062e-06 0.000301174 
0.00126358 0.00753056 3.87395e-06 0.015654 0.000956237 0.00326308 0.0131704 2.45593e-09 0.287545 0.0195096 0.042269 1.4235e-05 0.548881 2.08307e-09 0.000340502 0.0453123 0.0135199 1.858e-09 0.000766259 
0.000616728 0.0684911 0.0249622 0.00717186 0.00747022 4.63724e-05 0.0017771 4.45576e-06 0.0403476 0.0354967 0.0385134 0.0283753 0.742958 3.68544e-05 0.000307478 0.000221345 0.00253562 2.94119e-05 0.000637827 
0.00877075 0.125028 0.0111762 0.165008 0.0703812 0.000231815 0.000715426 4.18158e-10 0.102429 0.00444677 0.000679229 0.0104724 0.332998 3.15731e-06 0.000637692 0.163074 0.0037812 1.20545e-05 0.000155934 
0.0190474 0.0670613 8.9672e-05 0.0727094 0.0603174 0.00224799 0.000371311 7.97676e-08 0.0625682 0.00628387 0.0107456 0.00998636 0.610806 0.0361865 0.00178188 0.0355944 0.00318159 5.24885e-05 0.000968748 
0.0210102 0.0528275 0.00108693 0.110176 0.0284007 0.0282684 0.00886807 5.9343e-06 0.133691 0.0271629 0.0366449 0.00184446 0.440802 0.0120642 0.0189535 0.0341523 0.0420607 2.51841e-05 0.00195584 
0.00424133 0.0546994 0.000944591 0.0774467 0.00823527 0.00143811 0.00118788 1.98605e-08 0.166242 0.0121009 0.0133551 0.0162418 0.62645 0.00122305 0.00302964 0.0100432 0.00274474 5.9617e-08 0.000376639 
0.0382908 0.00422591 0.0808719 0.00381447 0.00957639 0.0101827 0.0503327 3.13806e-10 0.085653 0.0821375 0.0459245 0.0668896 0.519487 5.97037e-07 0.00191213 0.0002055 3.13068e-05 3.10829e-07 0.000463316 
0.000522055 0.0503013 0.00422657 0.0400078 0.00906351 0.00120399 0.00111192 3.78625e-06 0.0354059 0.0209508 0.121878 0.0117208 0.687724 3.45257e-05 0.00489147 0.000209697 0.000949469 1.20895e-05 0.00978175 
0.000415637 0.0197231 0.000130012 0.0942723 0.00628771 0.0268362 0.00221755 1.92483e-06 0.0141824 0.000953898 0.0901744 0.00165745 0.525901 4.37881e-10 0.000786438 0.00645742 0.000420278 2.95668e-05 0.209553 
0.000533891 0.0142693 6.33793e-06 0.0920154 0.00200813 0.000601445 0.000229373 4.16624e-13 0.00299426 7.95497e-05 0.0132582 0.00208943 0.863896 1.82276e-05 0.00293056 0.0032063 0.00125705 6.30427e-07 0.000605735 
0.0368301 0.296091 0.000118387 0.0365678 0.013723 0.000293431 0.0406769 6.16948e-11 0.102022 0.0506467 0.0504408 0.000135116 0.324282 0.018345 0.00155654 0.0144982 0.0134852 4.23934e-05 0.000245317 
0.000330258 0.0100287 2.98987e-07 0.0418685 0.00368523 0.000201714 5.78844e-05 4.99782e-12 0.00622542 1.98053e-06 0.0050363 0.00129849 0.93059 6.00852e-09 5.73431e-05 0.000446508 3.8073e-05 1.48008e-07 0.000133067 
3.0889e-07 0.0368739 4.50504e-09 6.0202e-06 2.93972e-05 8.03898e-05 0.00344623 6.89442e-09 0.0623144 0.0326667 0.000122203 0.00320105 0.792958 5.84772e-09 5.25063e-06 0.013566 0.0547075 5.21587e-09 2.26234e-05 
0.0296035 0.00676386 1.23872e-05 0.0286522 0.00386202 0.00224902 0.000106548 3.30153e-12 0.0173204 0.00189343 0.00301955 0.00484502 0.897817 0.000802128 0.000812883 0.00162013 0.000265553 1.33678e-06 0.000353112 
0.000533891 0.0142693 6.33793e-06 0.0920154 0.00200813 0.000601445 0.000229373 4.16624e-13 0.00299426 7.95497e-05 0.0132582 0.00208943 0.863896 1.82276e-05 0.00293056 0.0032063 0.00125705 6.30427e-07 0.000605735 
0.000533891 0.0142693 6.33793e-06 0.0920154 0.00200813 0.000601445 0.000229373 4.16624e-13 0.00299426 7.95497e-05 0.0132582 0.00208943 0.863896 1.82276e-05 0.00293056 0.0032063 0.00125705 6.30427e-07 0.000605735 
0.04218 0.0533097 0.0218155 0.131559 0.0150265 0.00263183 0.0057866 1.51013e-07 0.221993 0.0178752 0.0181193 0.0319082 0.414013 7.07295e-05 0.000956739 0.018141 0.00415201 8.01859e-06 0.000454712 
0.00237325 0.00111024 0.000112241 1.94745e-05 4.4696e-06 0.00113944 0.00114772 1.51464e-07 0.0751677 0.406122 0.0129921 0.000108199 0.497576 1.28469e-07 6.35579e-05 0.00160893 0.0003848 1.14588e-07 7.02016e-05 
0.00248261 0.102182 0.000711773 0.10799 0.0474699 0.00122828 0.00143243 3.73193e-07 0.064507 0.0222124 0.012026 0.00247871 0.453259 1.20249e-05 0.000365936 0.0678343 0.111497 6.04407e-05 0.00224886 
5.88253e-05 0.0959775 0.000406601 0.0697993 0.00907183 3.47037e-05 0.0232331 1.73811e-05 0.0340164 0.00147937 0.0283581 0.00236524 0.505752 1.06257e-06 0.00199718 0.219396 0.00700143 2.70964e-06 0.00103138 
9.71216e-05 0.00590067 6.22399e-09 0.0101849 0.00237298 0.000812396 8.89455e-06 7.14386e-12 0.0127406 0.000208681 0.0126045 0.00207987 0.951009 9.58314e-09 0.000651992 0.000836838 0.000115247 1.07464e-05 0.000365089 
0.000330258 0.0100287 2.98987e-07 0.0418685 0.00368523 0.000201714 5.78844e-05 4.99782e-12 0.00622542 1.98053e-06 0.0050363 0.00129849 0.93059 6.00852e-09 5.73431e-05 0.000446508 3.8073e-05 1.48008e-07 0.000133067 
9.71216e-05 0.00590067 6.22399e-09 0.0101849 0.00237298 0.000812396 8.89455e-06 7.14386e-12 0.0127406 0.000208681 0.0126045 0.00207987 0.951009 9.58314e-09 0.000651992 0.000836838 0.000115247 1.07464e-05 0.000365089 
9.71216e-05 0.00590067 6.22399e-09 0.0101849 0.00237298 0.000812396 8.89455e-06 7.14386e-12 0.0127406 0.000208681 0.0126045 0.00207987 0.951009 9.58314e-09 0.000651992 0.000836838 0.000115247 1.07464e-05 0.000365089 
0.0128853 0.00685722 1.26003e-05 0.0347734 0.00736648 0.00333407 1.81366e-05 2.58179e-12 0.0190066 0.000595592 0.00336889 0.00153443 0.895898 0.0119597 0.000567989 0.00146232 9.05775e-05 4.67885e-07 0.000267916 
0.0523309 0.00463106 1.80721e-05 0.00200321 0.00638302 0.00552826 1.05343e-05 1.95182e-10 0.0102923 0.00441803 0.0149537 0.00619776 0.526423 0.0365485 0.328222 0.000163037 5.53769e-07 1.11017e-06 0.00187516 
0.012498 0.0128398 0.00203653 0.0173035 0.0083025 0.00317324 0.00356971 0.000418902 0.125618 0.137943 0.0108986 0.00042715 0.658362 0.000171964 0.0025931 0.000151435 1.30119e-05 4.15665e-06 0.00367544 
0.000431104 0.0213986 5.20641e-06 0.12309 0.00218081 0.000541275 0.000344053 2.7995e-13 0.00343419 0.000119321 0.0171008 0.00287975 0.818223 2.73359e-05 0.00398451 0.0041179 0.00157397 9.44962e-07 0.000546851 
3.10369e-05 0.0198156 1.56658e-05 0.271109 0.159606 0.000198392 0.00157879 3.28325e-10 0.0114164 0.0125218 0.0479671 0.000367745 0.397274 0.00526562 0.0269238 0.0408267 0.00298922 6.21982e-06 0.0020864 
5.37582e-07 0.14462 0.05829 0.00604853 0.0360655 3.14914e-10 0.00109313 7.71953e-10 0.0502707 0.00932639 1.29236e-07 0.0910648 0.561821 6.54756e-10 5.97129e-08 0.0413978 6.38534e-07 5.8401e-10 4.68668e-07 
0.0334199 0.0555837 0.00048846 0.0497968 0.0205454 0.155473 0.00146466 5.13861e-08 0.194751 0.0168261 0.0224512 0.00767815 0.409778 0.000132432 0.00976507 0.0090691 0.00459207 8.58526e-06 0.00817636 
0.000283192 0.0116991 7.99677e-06 0.151364 0.00984028 0.00169034 0.0026222 1.40326e-09 0.02184 0.000587355 0.0654422 0.000714994 0.563011 0.0205794 0.118151 0.0104116 0.0212067 1.06578e-05 0.000538076 
0.0197329 0.0271899 2.4119e-05 0.0859505 0.0327999 0.229581 0.00128137 1.34332e-09 0.159348 0.00802632 0.00898491 0.00120755 0.38132 0.000557577 0.0188013 0.00698236 0.017699 4.88992e-05 0.000464834 
0.0004041 0.18785 5.24699e-05 0.191391 0.0262378 0.198916 0.007144 2.66183e-06 0.0210957 0.0104486 0.0418064 0.00230003 0.257565 0.0112258 0.0216628 0.00720243 0.00619713 8.96447e-06 0.0084892 
9.71216e-05 0.00590067 6.22399e-09 0.0101849 0.00237298 0.000812396 8.89455e-06 7.14386e-12 0.0127406 0.000208681 0.0126045 0.00207987 0.951009 9.58314e-09 0.000651992 0.000836838 0.000115247 1.07464e-05 0.000365089 
3.94225e-08 0.00363126 0.000146017 0.000558611 0.236955 1.29011e-06 0.0129226 3.30798e-11 7.57504e-07 0.0915513 0.103628 0.000732503 0.324895 7.2978e-08 0.224975 7.86236e-07 4.71553e-07 3.10348e-07 2.84823e-07 
1.73732e-05 0.015859 6.09754e-07 0.0824085 0.0407288 8.74464e-06 0.00603884 1.10523e-08 0.00166013 0.0441631 0.109442 3.51555e-06 0.646157 4.70001e-07 0.00218401 0.049647 0.00111465 1.74049e-07 0.00056586 
0.1223 0.016548 0.000118565 0.0518679 0.198623 0.00116829 0.000490719 2.70857e-09 0.0348138 0.0121637 0.0182525 0.000323531 0.483379 0.0052164 0.00050013 0.00592329 0.00102214 0.0451579 0.00213138 
0.000445415 0.055392 0.00806614 0.0134091 0.00768042 4.74232e-05 0.251311 2.70617e-07 0.00742321 0.0408765 0.0733073 0.000363364 0.46653 5.04578e-05 5.43221e-05 0.0735294 2.21371e-05 1.27217e-05 0.00147918 
0.00138057 0.246189 1.92189e-08 0.0539109 0.0164682 0.00308717 0.00879296 2.23997e-10 0.058659 0.00623096 0.00716397 0.000368125 0.498438 2.35383e-05 7.80747e-05 0.0803607 0.0185741 5.40517e-05 0.000220097 
0.00311681 0.0874709 0.000562061 0.26266 0.0555353 0.00115614 0.00127024 1.6254e-08 0.0268162 0.0370482 0.0243786 0.00598077 0.463448 0.000245244 0.000555032 0.017121 0.00127261 3.49428e-05 0.011328 
0.00817005 0.00369183 0.000292227 0.034232 0.00533561 0.0322588 0.010805 3.52994e-09 0.0397816 0.00462182 0.00533423 0.000385625 0.842426 0.00250797 0.000526037 0.00613323 0.00296797 1.75239e-06 0.00052809 
0.000533891 0.0142693 6.33793e-06 0.0920154 0.00200813 0.000601445 0.000229373 4.16624e-13 0.00299426 7.95497e-05 0.0132582 0.00208943 0.863896 1.82276e-05 0.00293056 0.0032063 0.00125705 6.30427e-07 0.000605735 
0.018943 0.000553752 2.38625e-05 0.0183813 0.00528819 0.00915416 1.33313e-05 2.15253e-12 0.0208225 0.00666381 0.0180514 0.00296989 0.893034 1.16784e-07 0.000319535 0.000315242 0.000226399 3.36771e-06 0.00523636 
6.64629e-05 0.0122712 4.92867e-07 0.00680195 0.00159154 0.000554409 6.71312e-06 1.13235e-09 0.00850583 0.000146287 0.00841476 0.00140698 0.958885 6.03239e-07 0.000442904 0.000565488 8.12644e-05 9.96658e-06 0.000247775 
0.000427701 0.0165085 8.68669e-07 0.186181 0.00270465 0.0012468 0.000317815 3.14651e-10 0.0105173 0.000891066 0.0123881 0.00717557 0.758157 1.00089e-07 0.00158287 0.00136523 0.000204013 2.81861e-05 0.000302581 
0.00164175 0.00752241 0.000180946 0.031404 0.00435801 0.000151619 4.36036e-05 9.31034e-11 0.0221401 0.000200492 0.0037778 0.0132645 0.914808 3.1835e-08 4.30918e-05 0.000335213 2.8663e-05 1.27826e-07 0.000100004 
0.000294388 0.212466 0.000101605 0.32705 0.0244469 0.000850609 0.000763985 4.43695e-12 0.0137867 0.00333673 0.0519671 0.00191963 0.343991 5.02655e-05 0.0125506 0.00177044 0.00213678 6.47914e-07 0.00251714 
0.000190333 0.0873845 2.77999e-06 0.00136538 0.00256227 0.000868553 0.0707982 1.96091e-05 0.0956198 0.0171007 0.167601 8.84304e-08 0.367538 0.0017565 2.80193e-05 0.163325 0.0236804 5.59409e-09 0.000158896 
0.027312 0.0560268 7.20492e-05 0.0641414 0.101167 0.00518529 0.00928888 4.15448e-09 0.084656 0.0180621 0.0433548 0.0645082 0.454155 0.0249827 0.0084112 0.00564078 0.00667374 0.0081936 0.0181681 
0.0523309 0.00463106 1.80721e-05 0.00200321 0.00638302 0.00552826 1.05343e-05 1.95182e-10 0.0102923 0.00441803 0.0149537 0.00619776 0.526423 0.0365485 0.328222 0.000163037 5.53769e-07 1.11017e-06 0.00187516 
0.000458065 0.153912 5.50432e-08 0.0444303 0.022399 0.000215548 0.0175922 2.71637e-10 0.0201298 0.118701 0.231005 0.000716652 0.312795 0.00150508 0.0473548 0.000500149 0.0148112 0.00012691 0.0133465 
0.0172209 0.0142639 0.000430362 0.0152793 0.0107083 0.000438596 0.000724124 1.2924e-11 0.203168 0.0562841 0.0143955 0.200984 0.454022 0.00289758 0.000378084 0.00498478 0.00343266 2.05039e-07 0.000387515 
0.000137894 0.0700403 4.25368e-07 0.0824591 0.00381237 0.000374216 0.023495 3.10631e-10 0.0508111 0.00690848 0.216484 8.84037e-06 0.492079 1.77358e-05 0.000717544 0.0506429 4.37155e-07 2.87921e-08 0.00201065 
0.00549985 0.0843876 0.000156022 0.100439 0.114743 0.0081172 0.0102245 1.46849e-07 0.0637891 0.187482 0.0645041 0.00129476 0.258787 0.000204412 0.0248225 0.0323194 0.0102098 1.07006e-05 0.0330096 
0.00720145 0.121178 0.000394542 0.210183 0.0365327 0.00664342 0.00122563 6.26267e-06 0.0683148 0.00669893 0.0218269 0.0470307 0.378155 0.000343356 0.0368211 0.0324167 0.00518513 7.93622e-06 0.0198336 
0.0357791 0.00106832 0.0499375 0.00349121 0.0124939 0.0101832 0.0474464 4.42899e-10 0.112734 0.0792228 0.0502449 0.0595741 0.535537 6.4871e-07 0.00181861 0.000205544 3.13258e-05 3.14258e-07 0.000231693 
0.0095383 0.107569 0.00396888 0.0912188 0.10936 0.00867767 0.00170255 7.86686e-06 0.254798 0.0312248 0.0150216 0.0120961 0.298592 0.00770498 0.011913 0.0221064 0.00812477 0.00318669 0.0031876 
0.000330258 0.0100287 2.98987e-07 0.0418685 0.00368523 0.000201714 5.78844e-05 4.99782e-12 0.00622542 1.98053e-06 0.0050363 0.00129849 0.93059 6.00852e-09 5.73431e-05 0.000446508 3.8073e-05 1.48008e-07 0.000133067 
0.000653639 0.00490167 1.34414e-06 0.011475 0.000450514 0.000162061 5.99916e-05 3.59961e-12 0.00313092 4.2405e-05 0.00166175 0.00182937 0.975137 5.00496e-09 2.59714e-05 0.000272418 6.96415e-05 2.76836e-07 0.000125983 
0.012564 0.067212 0.0171816 0.134222 0.0172557 0.0439884 0.00595823 1.57418e-07 0.10408 0.0280521 0.0135842 0.0499314 0.493744 0.0011228 0.00111432 0.00862768 0.00108486 2.77436e-06 0.000274786 
0.00755858 0.0142531 4.61925e-06 0.0301539 0.00221283 0.00119601 0.000801563 8.85837e-10 0.123998 0.0188561 0.0270371 0.00344507 0.695352 2.96209e-05 0.000653304 0.000795136 0.000105081 2.82474e-07 0.0735474 
0.00501155 0.00545525 0.000159791 0.0566592 0.0140896 0.00757631 0.00150738 1.58386e-09 0.0574342 0.000787735 0.0137267 0.0190591 0.797645 0.0123302 0.00527013 0.002439 2.45186e-06 1.94048e-06 0.000844359 
0.00871882 0.010499 3.9478e-05 0.0643858 0.00528406 0.00120967 0.000281159 2.25147e-12 0.00680185 0.0013406 0.00959904 0.00180326 0.879334 4.88181e-05 0.00461175 0.0044391 0.00106054 1.20634e-06 0.000541574 
0.000533891 0.0142693 6.33793e-06 0.0920154 0.00200813 0.000601445 0.000229373 4.16624e-13 0.00299426 7.95497e-05 0.0132582 0.00208943 0.863896 1.82276e-05 0.00293056 0.0032063 0.00125705 6.30427e-07 0.000605735 
0.00354898 0.259473 2.09428e-05 0.115648 0.10529 0.000750765 0.000923277 1.08642e-11 0.127012 0.0019197 0.0223668 0.00238101 0.340311 0.000437735 0.00374178 0.0091836 0.00651785 2.02624e-06 0.000471878 
0.161658 0.0311 4.99381e-06 0.185 0.0188027 0.000718841 0.0041199 0.000188736 0.0330755 0.0015806 0.0129614 0.000321174 0.524459 1.71483e-05 0.000242503 0.0222708 0.00302006 3.0806e-05 0.000428128 
0.000107694 0.17236 8.08791e-06 0.252846 0.0163917 0.000323246 0.00504272 2.38593e-11 0.00525565 0.000904866 0.102969 0.000536364 0.405399 1.76957e-05 0.00777876 0.0227746 0.00257111 1.74219e-06 0.0047123 
0.000533891 0.0142693 6.33793e-06 0.0920154 0.00200813 0.000601445 0.000229373 4.16624e-13 0.00299426 7.95497e-05 0.0132582 0.00208943 0.863896 1.82276e-05 0.00293056 0.0032063 0.00125705 6.30427e-07 0.000605735 
0.377571 0.00455244 0.000176392 0.0277455 0.000587211 0.00088194 0.00288374 8.90009e-08 0.00234399 0.0055202 0.0672394 0.000921015 0.483142 2.15785e-08 0.000121942 0.0240966 8.40877e-05 7.03425e-09 0.00213245 
0.00925546 0.0111937 1.59039e-05 0.10204 0.00504542 0.00410607 0.000152827 1.1791e-12 0.0107319 0.00202994 0.0188748 0.00114324 0.820033 0.000102545 0.00540595 0.00569611 0.00114625 2.19478e-06 0.00302437 
0.000283192 0.0116991 7.99677e-06 0.151364 0.00984028 0.00169034 0.0026222 1.40326e-09 0.02184 0.000587355 0.0654422 0.000714994 0.563011 0.0205794 0.118151 0.0104116 0.0212067 1.06578e-05 0.000538076 
0.00130654 0.0331865 3.68254e-06 0.167601 0.04741 0.000426665 0.000344854 1.04433e-10 0.0443664 0.138429 0.00216118 0.00119344 0.551525 0.00960298 9.23243e-06 0.000267169 0.00210172 4.9536e-06 5.99402e-05 
0.0239701 0.0496134 0.0240645 0.0298095 0.0596298 0.00112301 0.0230404 7.18257e-10 0.0438739 0.0079235 0.135051 0.000560142 0.570087 0.00151793 0.00395124 0.0189854 0.00362148 1.38551e-05 0.00316439 
1.03509e-07 6.35963e-07 8.53514e-10 0.0225407 0.00395128 5.32856e-10 0.000433818 1.3062e-09 7.20573e-11 0.00283986 0.0308701 4.32394e-06 0.903124 1.10789e-09 0.00280613 0.0332088 0.000213501 9.88186e-10 6.3527e-06 
0.00378683 0.00327391 5.37029e-08 0.00121545 0.00281921 5.07529e-07 1.65288e-07 2.93416e-11 1.78666e-06 0.000477572 4.06774e-06 0.186429 0.80144 4.38036e-07 3.74918e-07 3.58216e-07 3.60043e-07 5.55172e-08 0.000550301 
0.377571 0.00455244 0.000176392 0.0277455 0.000587211 0.00088194 0.00288374 8.90009e-08 0.00234399 0.0055202 0.0672394 0.000921015 0.483142 2.15785e-08 0.000121942 0.0240966 8.40877e-05 7.03425e-09 0.00213245 
8.07437e-05 0.0430838 3.008e-06 0.258748 0.000521456 0.000600576 0.0537115 6.0862e-08 0.0133844 0.000175796 0.0623738 0.000576201 0.558457 0.000269528 0.000755456 0.00311191 4.50912e-08 1.37515e-08 0.00414631 
6.88669e-07 0.116982 3.05994e-08 0.0816015 0.0186177 1.34551e-05 0.00200835 8.69184e-11 0.0908416 5.82845e-05 1.38787e-05 3.97856e-11 0.603264 7.37225e-11 1.41006e-08 0.0799141 0.00668373 6.87308e-08 8.03643e-09 
7.67338e-05 0.0394047 6.58151e-06 0.0533409 0.00451698 0.00793476 0.0443382 3.25527e-10 0.107439 0.00820223 0.122409 0.0134547 0.580958 4.13903e-05 0.00247957 0.011734 0.000259143 7.97329e-06 0.00339621 
0.0313317 0.00578372 1.31771e-05 0.0881776 0.0147749 0.00926675 0.000198903 2.94333e-12 0.0372089 0.0100642 0.045977 0.0221586 0.639948 0.000214902 0.0182114 0.000320726 0.000247943 3.36855e-06 0.0760981 
0.107227 0.0946678 0.011505 0.00130567 0.00314941 0.00560192 0.00705879 0.00010824 0.18045 0.0105438 0.0269019 0.000128524 0.434775 1.09893e-05 0.00450802 0.0383098 0.0721614 0.00140581 0.00017983 
0.000308365 0.0764157 0.00113304 0.260693 0.0264878 0.000150118 0.00196136 2.8043e-08 0.0169123 0.0144 0.022272 0.00646411 0.544545 1.78257e-07 0.000584159 0.0246121 0.000724222 5.08391e-05 0.00228566 
0.000330258 0.0100287 2.98987e-07 0.0418685 0.00368523 0.000201714 5.78844e-05 4.99782e-12 0.00622542 1.98053e-06 0.0050363 0.00129849 0.93059 6.00852e-09 5.73431e-05 0.000446508 3.8073e-05 1.48008e-07 0.000133067 
0.00364905 0.0502225 0.0115246 0.0808567 0.124818 0.000134138 0.00256573 3.63242e-05 0.0263779 0.0511657 0.0677303 0.00471771 0.331286 0.00242499 0.00967374 0.0373264 0.0032741 0.152848 0.0393684 
0.00326164 0.133958 0.00300495 0.109319 0.206726 0.00654626 0.0034041 8.11584e-08 0.0502707 0.0389209 0.0837761 0.00016806 0.215116 0.0605734 0.0010525 0.0751771 0.00546476 0.000122701 0.00313732 
0.377201 0.000814183 3.12267e-06 0.00719582 0.000188861 1.35136e-06 0.0136714 1.84736e-10 0.00018364 0.0160287 0.00691218 0.00308602 0.462815 1.5669e-10 2.10147e-06 0.000774247 1.81836e-06 4.69504e-07 0.11112 
0.0172209 0.0142639 0.000430362 0.0152793 0.0107083 0.000438596 0.000724124 1.2924e-11 0.203168 0.0562841 0.0143955 0.200984 0.454022 0.00289758 0.000378084 0.00498478 0.00343266 2.05039e-07 0.000387515 
0.00197333 0.0655248 0.00704709 0.0482522 0.010013 0.00100896 0.0211216 1.77027e-08 0.182479 0.0382635 0.0251669 0.0162185 0.551147 0.00465281 0.000856378 0.0202064 0.00335372 9.35183e-07 0.00271394 
0.00152973 0.0200379 1.90489e-07 0.00509229 0.000232037 0.00288718 0.00125141 4.28283e-08 0.00173737 0.000292172 0.0768188 4.02932e-06 0.753901 7.10675e-06 0.000133183 0.132075 0.00167162 2.4263e-07 0.00232837 
0.0296035 0.00676386 1.23872e-05 0.0286522 0.00386202 0.00224902 0.000106548 3.30153e-12 0.0173204 0.00189343 0.00301955 0.00484502 0.897817 0.000802128 0.000812883 0.00162013 0.000265553 1.33678e-06 0.000353112 
0.000330258 0.0100287 2.98987e-07 0.0418685 0.00368523 0.000201714 5.78844e-05 4.99782e-12 0.00622542 1.98053e-06 0.0050363 0.00129849 0.93059 6.00852e-09 5.73431e-05 0.000446508 3.8073e-05 1.48008e-07 0.000133067 
0.0116882 0.239884 0.00452044 0.103921 0.0845484 0.000544249 0.0283268 5.50343e-05 0.0471882 0.0396772 0.106817 0.00221689 0.246432 0.000362034 0.0581133 0.0211594 0.00330531 0.000131806 0.00110881 
0.000597389 0.0410886 0.00791593 0.0127273 0.011896 0.00050583 0.00610659 1.00829e-10 0.0699859 0.0260466 0.0580389 0.0147847 0.746879 2.84741e-05 0.000660633 0.000452063 0.00125583 0.000230554 0.000800163 
0.00786793 0.0957001 3.33718e-05 0.259604 0.0969179 0.00378275 0.000438793 9.25568e-11 0.0396086 0.0786946 0.0207189 0.00153245 0.342676 0.0012706 0.000461117 0.00680833 0.00168756 1.87896e-05 0.042179 
9.67839e-05 0.0032208 2.96849e-05 0.150235 0.00343059 0.000396374 0.000642339 1.27571e-11 0.0117506 0.00145815 0.00434333 0.000285596 0.823142 1.07228e-07 0.000104486 0.000170427 0.000113775 3.73179e-07 0.000578985 
0.000408148 0.0511753 1.08075e-09 0.139912 0.00504089 6.32681e-05 0.00032484 3.30593e-12 0.0283856 0.000229873 0.0148651 0.000655122 0.743083 5.42239e-09 0.000145543 0.0140412 0.000757306 1.47363e-07 0.000912223 
0.0172209 0.0142639 0.000430362 0.0152793 0.0107083 0.000438596 0.000724124 1.2924e-11 0.203168 0.0562841 0.0143955 0.200984 0.454022 0.00289758 0.000378084 0.00498478 0.00343266 2.05039e-07 0.000387515 
0.0365266 0.0324716 0.000121945 0.133929 0.0197245 0.0037916 0.000586929 1.70982e-12 0.0594971 0.0115926 0.0179843 0.00559432 0.646122 0.00364445 0.0122649 0.0139448 0.0013581 2.99342e-06 0.000842039 
0.000947052 0.0530366 0.00451467 0.0540519 0.0305508 0.00143429 0.000937514 0.000278817 0.0513117 0.0510278 0.0450995 0.269044 0.427219 0.00063238 0.00116682 0.00342548 0.00407483 9.97742e-05 0.00114704 
0.00012188 0.084661 3.9544e-05 0.154347 0.0200366 0.000118518 0.00409186 3.1398e-08 0.0135566 0.00167838 0.0108951 1.66521e-05 0.669442 2.77864e-11 0.000216191 0.0385076 0.00126624 6.88117e-09 0.00100419 
0.0125854 0.0389372 0.000160142 0.0354369 0.186124 0.00433893 1.5157e-05 3.81663e-10 0.196681 0.00467514 0.0116061 0.00617814 0.315782 0.172471 0.0022718 0.010862 0.000357764 1.9194e-05 0.0014982 
0.0354493 0.0167551 2.82881e-05 0.139306 0.0114337 0.0047404 0.000215745 1.10038e-12 0.0236291 0.00273492 0.00948503 0.0022925 0.70479 0.0249141 0.0144087 0.00851472 0.000585659 4.42267e-06 0.000712358 
3.49131e-07 0.249477 1.72211e-08 0.0284675 0.0122972 0.000232196 0.000167196 0.00833329 0.280614 1.00111e-05 0.016698 0.00175359 0.353462 7.303e-06 1.81004e-05 0.0410243 0.00707841 1.62869e-06 0.000358289 
1.03509e-07 6.35963e-07 8.53514e-10 0.0225407 0.00395128 5.32856e-10 0.000433818 1.3062e-09 7.20573e-11 0.00283986 0.0308701 4.32394e-06 0.903124 1.10789e-09 0.00280613 0.0332088 0.000213501 9.88186e-10 6.3527e-06 
0.0147533 0.0122561 1.59684e-05 0.103401 0.00510633 0.00422074 0.000172527 1.34614e-12 0.011433 0.00216005 0.0199976 0.00121139 0.806877 0.000129126 0.00771523 0.00600932 0.00124157 2.32748e-06 0.00329717 
0.000396641 0.238256 3.05572e-05 0.126906 0.00741509 0.00073048 0.0018598 3.16947e-09 0.0207958 0.00013098 0.0501321 0.000582513 0.549086 2.88991e-06 0.000256024 0.00188688 7.85627e-05 1.04796e-05 0.00144379 
0.00583769 0.126962 0.000299674 0.0310154 0.0117163 0.00157939 0.009068 0.00634554 0.112648 0.0165696 0.0260764 0.0096434 0.543487 1.95694e-05 0.00544044 0.0624056 0.0290333 0.00102806 0.00082507 
0.00807074 0.0624929 0.000566186 0.0628554 0.0212186 0.00854721 0.00787385 5.20677e-06 0.0395953 0.0538925 0.0741227 0.00871575 0.601138 5.92773e-06 0.000836681 0.0370648 0.00140716 0.000195156 0.011396 
0.00378683 0.00327391 5.37029e-08 0.00121545 0.00281921 5.07529e-07 1.65288e-07 2.93416e-11 1.78666e-06 0.000477572 4.06774e-06 0.186429 0.80144 4.38036e-07 3.74918e-07 3.58216e-07 3.60043e-07 5.55172e-08 0.000550301 
0.0296035 0.00676386 1.23872e-05 0.0286522 0.00386202 0.00224902 0.000106548 3.30153e-12 0.0173204 0.00189343 0.00301955 0.00484502 0.897817 0.000802128 0.000812883 0.00162013 0.000265553 1.33678e-06 0.000353112 
