2.20204e-06 0.634302 0.00944946 0.166088 0.0174426 0.000558296 0.00286519 4.75465e-06 0.0524543 0.00617033 0.0318965 0.000222081 0.00951677 1.10052e-06 0.000530066 0.0494349 0.0175188 0.000120917 0.00142171 
5.53078e-05 0.219686 8.31194e-06 0.245354 0.130633 0.00146318 0.00394025 7.02582e-10 0.214803 0.00901994 0.0354292 0.000135519 0.0856786 4.38493e-11 0.0154394 0.00734247 0.0283961 2.60584e-09 0.00261524 
1.96322e-06 0.141473 5.93321e-06 0.0319866 0.076236 1.01533e-05 0.00018985 2.00012e-06 0.719992 8.4489e-05 0.00138835 1.29296e-05 0.00293271 3.20883e-07 0.0148853 0.00261262 0.00813664 1.44077e-06 4.7245e-05 
0.0324994 0.139731 0.0021876 0.0235972 0.0629487 0.000166848 0.00795691 3.23181e-06 0.457714 0.0893279 0.0360223 0.000297803 0.0547135 1.13021e-09 0.000108664 0.0848141 0.00708803 2.69335e-05 0.000795921 
0.000145139 0.109637 0.000126174 0.56735 0.124479 1.41038e-05 0.00534097 4.32602e-07 0.0245813 0.0366667 0.0290407 0.000496183 0.0378288 3.26253e-08 0.0146227 0.0176136 0.0313549 0.000285907 0.000415909 
0.0404729 0.115629 4.47264e-09 0.630919 0.0055949 0.000741269 0.00648771 8.33362e-09 0.00137318 0.00102254 0.00249308 0.000140447 0.131119 2.90668e-09 8.92001e-05 0.014129 7.90307e-05 2.79224e-08 0.0497093 
2.40635e-06 0.841495 2.27633e-05 0.0106443 0.0422483 6.31171e-06 0.00822582 4.29097e-09 0.0516562 0.000499033 0.02316 1.88045e-05 0.000543745 9.07091e-13 0.0117039 0.000488169 0.000133216 3.90265e-10 0.00915199 
0.00157317 0.0564834 1.68473e-07 0.00297617 0.0320592 2.4651e-08 5.25821e-06 2.99619e-11 0.875762 1.04918e-05 4.43804e-05 0.000383515 0.0304908 2.54131e-11 2.22175e-06 2.93306e-07 0.000208938 1.25485e-08 7.56429e-09 
1.68357e-08 0.105697 2.26103e-08 0.469794 0.138076 1.88023e-08 2.4959e-07 1.38317e-10 0.000994142 2.74234e-06 0.0466889 1.01677e-07 0.00667685 1.17318e-10 0.0748902 0.156355 0.000804499 6.55751e-08 1.99504e-05 
2.31321e-06 0.492369 0.00012285 0.28604 0.0697408 7.04887e-07 0.00230426 1.56872e-05 0.0137625 0.000678025 0.0800561 2.30603e-05 0.000655541 1.56441e-08 0.00392687 0.0483893 0.000826865 6.24332e-07 0.00108504 
0.000139132 0.0661715 5.15225e-07 0.111186 0.0188289 2.10523e-07 0.42097 7.4111e-07 0.177167 0.0248627 0.0394132 0.00404727 0.00232828 6.66684e-08 0.025355 0.0115827 0.0979459 6.78243e-08 4.7924e-07 
0.592683 0.0112954 0.00225402 0.00470517 0.00250958 0.109179 0.000171466 8.64589e-06 0.0421575 0.0431786 0.00930971 0.0288867 0.0157527 5.43724e-10 0.0895193 0.00680948 0.0403581 0.000465313 0.00075604 
6.79053e-05 0.0720699 5.40419e-06 0.294865 0.180355 3.20419e-05 0.00593169 0.000356051 0.105746 0.0251465 0.0196614 0.000370607 0.0168051 4.55199e-08 0.00324839 0.0214246 0.253815 2.26111e-05 7.77055e-05 
0.811117 0.0081669 0.000684144 0.0210546 0.00353439 7.36663e-07 8.72446e-05 0.0715813 0.0720592 0.00110907 4.44532e-07 0.0037832 0.00057899 1.32507e-10 7.86253e-08 0.00600502 0.000235251 2.19344e-08 2.46495e-06 
0.00541971 0.389937 0.000338023 0.0317662 0.0325384 0.0548097 0.00807377 0.000133057 0.155139 0.0115145 0.0204428 0.000421792 0.1069 2.06147e-05 0.00591549 0.00920929 0.164824 6.34638e-05 0.00253286 
0.000205939 0.088717 0.00462806 0.00485384 0.00564394 0.00620226 0.00555117 0.000400657 0.132984 0.683415 0.0456989 5.34949e-05 0.00782901 3.63573e-07 0.000929736 0.00741692 0.00522422 0.000221749 2.31864e-05 
0.000173012 0.225247 0.000166323 0.011957 0.0145046 0.00533425 0.0341401 0.0605788 0.145511 0.452741 0.0275011 0.00248991 0.00177225 9.27231e-08 0.00268055 0.00377478 0.00722966 6.71356e-07 0.00419712 
0.000519316 0.0472445 0.544782 0.00484798 0.000628068 1.10214e-05 0.004778 1.77684e-11 0.000163069 0.310912 0.0709006 0.000339382 0.000171305 1.50708e-11 0.0129336 7.46558e-06 1.69914e-06 3.60449e-05 0.00172392 
0.0138644 0.620922 1.21026e-08 0.00727199 0.0501141 1.13731e-05 0.00122709 1.74075e-08 0.274491 0.000207034 0.00171 4.97228e-09 0.00436321 3.78065e-09 0.017309 0.00332972 0.00512489 5.42387e-05 1.03244e-08 
0.000243 0.147806 0.00602522 0.127043 0.105337 0.0195257 0.00671554 0.000474741 0.161754 0.0348626 0.13225 0.112191 0.0454609 0.00010978 0.0228149 0.0287796 0.00904274 0.0270579 0.0125062 
0.00107326 2.88384e-05 0.000332471 0.0221911 0.00714166 2.44957e-06 0.00756476 4.44625e-08 0.00470883 0.653371 0.278614 0.000812928 1.73999e-06 3.77122e-08 0.0167445 0.00645075 7.22423e-07 6.02518e-06 0.000954173 
2.71872e-05 0.205196 3.75603e-05 0.676283 0.0324958 2.97134e-05 0.000495475 9.20695e-09 0.0053043 0.000934409 0.0112726 0.00158928 0.0531595 3.73066e-09 0.00378892 0.005496 0.000854176 4.32444e-07 0.00303549 
1.40026e-05 0.156218 0.000572491 0.0546145 0.049993 0.00501093 0.00335908 2.20519e-06 0.426326 0.0596681 0.0562645 7.41755e-05 0.0287732 5.23143e-12 0.0990675 0.02626 0.0275476 1.27939e-06 0.00623308 
0.0972852 0.0259539 0.00303179 0.0542529 0.0480183 0.000275705 0.296852 0.000115967 0.0309383 0.189574 0.0364392 0.0701816 0.0649093 6.9869e-06 0.0026916 0.0030886 0.00627382 0.00268448 0.0674261 
2.12779e-08 0.217996 1.65166e-09 0.0117014 0.570448 1.1824e-07 2.47035e-06 1.79035e-10 0.0234334 1.00703e-05 0.000118929 4.62588e-07 0.0155968 1.51854e-10 1.24919e-06 0.0553109 0.10538 4.21869e-08 3.03752e-08 
6.18423e-05 0.21031 8.43801e-09 0.564814 0.114033 1.91855e-05 0.000842845 3.07386e-12 0.0776091 0.00286925 0.00030684 0.00558001 0.0140405 2.60719e-12 0.000979299 0.00733736 0.00100978 1.39762e-09 0.000186941 
5.08312e-05 0.0764073 0.0147778 0.00078814 0.00243809 3.25987e-05 0.727488 0.000526979 0.0246245 0.0182487 0.0676338 7.29881e-05 0.00021802 2.02574e-06 2.43471e-05 0.0566715 0.000173018 2.71594e-06 0.00981812 
0.000166995 0.3181 8.99042e-08 0.0461011 0.0360047 0.00221168 0.0324896 5.09395e-11 0.187366 0.19992 0.115266 0.0114985 0.0259072 4.32059e-11 1.80539e-07 0.0224305 0.000947442 1.50335e-07 0.00159098 
9.89273e-05 0.0095413 2.26325e-05 0.0191676 0.00163979 2.60556e-05 0.00157888 3.86222e-07 0.123529 0.00198954 0.000665597 4.53626e-05 0.0342792 2.45795e-09 2.30773e-08 0.806903 0.000386229 2.67935e-05 9.95166e-05 
3.48099e-06 0.357057 0.000132396 0.219668 0.0245495 0.00106411 0.0725137 4.59712e-10 0.288746 0.000788594 0.0272892 8.06072e-05 0.00118244 3.89919e-10 0.0037624 0.000255087 0.000322226 3.16531e-07 0.00258528 
3.29175e-07 0.279811 3.42436e-05 0.14168 0.0264185 0.000751634 0.00272703 2.10253e-11 0.011468 0.403157 0.127932 1.9249e-07 0.0026593 1.78333e-11 3.15639e-06 0.000610454 7.33742e-08 0.000432645 0.00231418 
0.000706997 0.118061 0.312301 0.0157698 0.00715243 3.84414e-05 0.00876926 8.11962e-06 0.0505928 0.294728 0.1609 0.000634941 0.00052413 1.26328e-07 0.0243233 0.00271685 0.000267465 2.47589e-05 0.00248052 
8.69053e-05 0.212592 3.02942e-05 0.288945 0.0740219 0.02686 0.0105405 4.25079e-05 0.127874 0.00658927 0.0334555 0.000428676 0.161943 8.92776e-07 0.0066453 0.0136131 0.00591068 3.99447e-05 0.0303808 
0.000681663 0.113125 0.167338 0.0395807 0.020452 0.000117383 0.00679785 1.4265e-07 0.00404941 0.456511 0.14207 3.37571e-05 0.00920101 6.6491e-09 0.00892083 0.00207047 0.000112579 0.000672102 0.0282663 
0.0653632 0.0472636 0.00109039 0.186634 0.103812 9.90656e-06 0.00866727 6.00517e-07 0.0273945 0.0886696 0.0336436 1.42737e-05 0.271128 5.09347e-07 0.0299955 0.0938076 0.0423544 0.000135418 1.5955e-05 
0.811117 0.0081669 0.000684144 0.0210546 0.00353439 7.36663e-07 8.72446e-05 0.0715813 0.0720592 0.00110907 4.44532e-07 0.0037832 0.00057899 1.32507e-10 7.86253e-08 0.00600502 0.000235251 2.19344e-08 2.46495e-06 
0.000696744 0.0339898 1.38716e-05 0.201004 0.436203 9.52108e-05 0.000587517 4.17093e-05 0.0502012 0.199876 0.00847777 0.000214721 0.000721237 2.14643e-09 1.50984e-05 0.0306761 0.0198687 0.0165174 0.000800315 
5.17059e-06 0.0713874 3.2411e-05 0.00526024 0.00125349 0.000276527 0.254126 3.31038e-06 0.0200045 0.0967036 0.473951 9.62948e-05 0.0172328 6.20687e-07 0.00226607 0.0126012 0.00914368 2.21107e-05 0.035633 
4.72325e-05 0.115275 2.14119e-06 0.312436 0.295442 0.000269154 9.73232e-05 2.42652e-10 0.0283276 0.00151274 0.000500354 5.9585e-05 0.0249939 2.05813e-10 0.000518298 0.0189919 0.201269 2.39854e-06 0.000256213 
1.7351e-05 0.00873694 0.00346777 0.00229163 0.0240779 1.90647e-05 1.79889e-05 1.32739e-06 0.069251 0.799524 0.0855952 3.80246e-05 0.00155461 1.12587e-06 0.000345052 0.00364258 0.000455154 0.000373078 0.000589833 
2.74867e-05 0.0045795 0.00471388 0.00170505 0.0316849 0.00109244 0.000250991 5.98485e-07 0.00313258 0.813673 0.13066 0.0060161 3.91189e-06 5.07624e-07 0.000201452 0.00082797 4.84495e-05 1.16085e-05 0.00136896 
2.04161e-07 0.022484 0.00214178 0.0187048 0.0180301 2.04062e-07 2.0415e-07 0.00018364 0.0294875 0.00520664 0.11401 0.00320365 0.0315632 2.0388e-07 0.0241349 0.00185823 2.04135e-07 0.000775093 0.728216 
1.4375e-05 0.458658 0.000761533 0.119383 0.00836277 7.67136e-05 0.0136305 7.05605e-05 0.181358 0.0247124 0.0566327 4.34537e-05 0.0396271 1.49428e-07 0.0151723 0.07076 0.00130764 2.04445e-06 0.00942716 
4.73039e-05 0.264136 0.0106622 0.053292 0.00204745 0.000682107 0.0788397 0.000469548 0.164488 0.0165836 0.116918 0.000520061 0.0011749 2.86329e-07 0.00193248 0.274716 0.000230681 4.10043e-06 0.0132553 
0.00708342 0.278286 0.00529459 0.114812 0.0166565 0.00604505 0.185409 0.0081415 0.145913 0.00582256 0.0795321 0.0116929 0.065821 1.41069e-05 0.00282902 0.0535885 0.0108044 2.51267e-05 0.00222975 
0.000270837 0.190458 1.37921e-07 0.366647 0.00703356 0.00131505 0.0302395 0.0013661 0.230176 0.0565125 0.0453339 0.00119233 0.00492511 3.0719e-11 0.00018025 0.0620348 0.00102143 3.25812e-07 0.00129278 
0.00273937 0.0541972 0.000495198 0.0301267 0.0437774 0.00183676 0.00186815 0.000343446 0.0572222 0.0282334 0.0228119 0.00487491 0.106933 1.15745e-05 0.00163801 0.603147 0.0384322 0.000924426 0.000386593 
2.78365e-05 0.127928 2.62457e-06 0.194661 0.0107103 2.88114e-05 0.0135695 1.03822e-05 0.031741 0.000978863 0.0181587 3.66174e-05 0.561788 9.04175e-07 0.001388 0.026927 0.0117203 4.29588e-06 0.000319198 
0.000305144 0.224268 0.0330433 0.5292 0.0382582 0.000371 0.00318144 5.48891e-05 0.0509462 0.00326032 0.0444774 0.013718 0.0199775 4.48e-06 0.00393738 0.0291643 0.000665445 2.32205e-05 0.00514403 
1.00899e-05 0.778497 2.16571e-05 0.0592287 0.00831015 8.39168e-05 0.00325763 3.01396e-07 0.101539 0.0023161 0.00690489 7.37728e-05 0.0362456 2.67602e-07 0.000875197 0.00212352 0.000444385 6.85753e-07 6.63517e-05 
1.76427e-05 0.0260749 4.44382e-05 0.00112749 0.0195084 6.13425e-05 0.000203152 9.32571e-07 0.0173312 0.0589969 0.000210346 3.02171e-05 0.0023463 7.90989e-07 0.187713 0.686087 0.000167037 5.72458e-06 7.34391e-05 
0.451101 0.00881781 0.00145401 0.00649061 0.0233463 0.000361083 0.00168527 7.18118e-07 0.026148 0.453684 0.00355745 0.0123941 0.00198497 4.97881e-10 0.00525849 5.81014e-05 7.32776e-05 0.00294616 0.000638289 
3.89246e-06 0.411963 1.35671e-06 0.131597 0.129767 3.34279e-06 0.00890947 3.91639e-05 0.0711679 0.000453191 0.202333 0.000732425 0.00228348 1.0288e-06 0.00860064 0.0315996 0.000349154 1.41825e-06 0.000195439 
0.00707964 0.174988 5.64655e-05 0.709757 0.00957506 0.000423008 0.00913601 4.83053e-05 0.0221086 0.00616759 0.015663 0.00014678 0.0207394 1.22971e-08 0.00410507 0.014436 0.00467249 2.15738e-06 0.000895637 
0.000461113 0.0313462 0.302378 2.39855e-06 0.0210001 2.69677e-07 0.00076386 2.26384e-11 3.82277e-07 0.266635 0.36022 0.00383447 1.92157e-07 1.92015e-11 3.39856e-06 1.21698e-07 0.000687411 0.00159554 0.011072 
4.02617e-09 0.32956 2.84829e-07 0.313852 0.0661161 2.29225e-07 0.0032139 4.07618e-10 0.0295977 0.00540895 0.176224 0.000448999 0.0166747 3.45734e-10 5.33588e-05 0.00710226 0.0510094 3.20081e-06 0.000735458 
0.00173389 0.199172 8.32733e-05 0.123746 0.0415949 6.15822e-05 0.00288367 8.11435e-05 0.410379 0.00606817 0.00765592 0.000440485 0.0540125 1.2862e-05 3.40143e-05 0.136916 0.0150445 1.92779e-05 5.93198e-05 
0.000491614 0.239796 0.00818433 0.0218128 0.0039294 0.00234723 0.00983266 9.1871e-06 0.0416946 0.0579595 0.0189197 0.00251202 0.507182 2.16994e-07 0.00438818 0.0500529 0.0123804 6.38433e-05 0.0184433 
0.000415637 0.0197231 0.000130012 0.0942723 0.00628771 0.0268362 0.00221755 1.92483e-06 0.0141824 0.000953898 0.0901744 0.00165745 0.525901 4.37881e-10 0.000786438 0.00645742 0.000420278 2.95668e-05 0.209553 
6.02593e-07 0.0708565 7.38559e-07 0.000568193 0.00130075 0.0476318 0.0104971 3.82959e-10 0.424457 0.209469 0.123399 0.000151178 0.00113255 3.24819e-10 0.0798969 0.0125535 0.00382212 3.80201e-07 0.0142632 
0.000645163 0.0555397 1.19004e-06 0.00730063 0.172397 0.000418752 0.0089418 0.000634961 0.130713 0.308255 0.0929302 2.56641e-06 0.0703232 8.30814e-07 0.000515027 0.146504 0.00183787 1.273e-05 0.00302623 
4.01747e-05 0.0517979 2.25282e-06 0.576256 0.253025 0.00150012 9.42795e-05 1.51597e-06 0.0112872 0.00755661 0.00388564 0.000813655 0.0812778 7.42595e-07 7.55668e-05 0.0111516 0.000738085 5.46238e-05 0.000441099 
0.000156739 0.314563 0.00353842 0.205841 0.334082 1.72147e-05 0.000769584 1.35785e-12 0.0435137 0.00107613 0.00799474 0.000148722 0.00922361 1.1517e-12 0.0101801 0.014547 0.00179355 4.66267e-05 0.0525083 
0.0713066 0.212315 0.0044504 0.120142 0.0107368 0.00105224 0.0611223 0.0012539 0.148771 0.0305821 0.00450508 0.0175175 0.0353061 2.35089e-07 3.49784e-05 0.264214 0.0162253 2.69815e-05 0.000437586 
1.5447e-05 0.485823 2.17094e-08 0.355232 0.0758126 2.06386e-05 0.011173 1.1781e-12 0.00553447 0.047437 0.0121616 0.000140444 4.15024e-09 9.99242e-13 0.00121426 0.000575513 1.03182e-08 1.79155e-08 0.00485992 
2.21271e-05 0.0470794 0.000160581 0.0542032 0.886848 1.5206e-06 0.00200623 3.79273e-09 0.00124717 0.00445791 0.000316517 0.000744415 8.82583e-05 5.48054e-10 7.14855e-06 0.00174434 0.00107313 1.72754e-08 2.07538e-07 
1.16255e-05 0.597452 0.00340678 0.0124884 0.0860358 0.000146642 0.00549629 1.93315e-07 0.00993209 2.75814e-05 0.00952459 0.000329142 0.0125009 6.9853e-10 3.96532e-08 0.23357 0.0282853 4.02086e-06 0.000787745 
7.56504e-06 0.0357494 0.000819509 0.0348476 0.0739375 0.0135127 0.00216903 0.0342053 0.308461 0.0252546 0.0142787 0.000176954 0.00945535 5.74573e-06 0.0824277 0.188468 0.170162 7.30372e-06 0.00605389 
4.54368e-05 0.222367 3.91271e-05 0.271912 0.441751 0.000157533 0.000952779 2.49428e-05 0.0391179 0.00256153 0.00121774 0.000211398 0.00696836 1.5654e-06 0.00058105 0.00965785 0.00197034 0.000387728 7.50116e-05 
0.0999772 0.0344554 0.000672625 0.269703 0.12781 0.0137507 0.0335041 0.000199681 0.101373 0.0997551 0.0107301 0.00365221 0.028047 0.000162099 0.00116794 0.0278135 0.00130707 0.142081 0.0038381 
2.46371e-07 0.596863 0.000505314 0.340064 0.00354119 1.00492e-05 0.00159917 1.35847e-05 0.00817249 0.00111722 0.0168065 0.000184768 0.0198643 1.4919e-08 0.00446129 0.00282856 0.000314664 4.10568e-08 0.00365338 
6.30959e-05 0.117724 0.0263659 0.00475363 0.0862154 0.000103901 0.0465753 0.000137239 0.00621541 0.54447 0.153757 5.00984e-07 0.000405014 6.87802e-10 0.0107142 0.000216594 0.000129226 0.000744903 0.00140893 
0.000223307 0.0119222 4.48508e-05 0.00829694 0.0174745 0.000273108 2.77279e-05 1.8949e-05 0.88782 0.00571412 0.00281183 0.000204572 0.00283318 7.07974e-06 0.000451131 0.0214118 0.0027978 0.0374474 0.000219583 
8.56809e-05 0.129009 0.000172952 3.9671e-05 0.00135019 0.0101025 0.0374745 0.234541 0.0368493 0.130078 0.0199776 0.00022799 0.0024401 8.50881e-06 0.000236266 0.395514 0.00177999 1.03973e-05 0.000103369 
1.06699e-05 0.0349631 0.000845887 0.00150693 0.0535004 2.25025e-05 0.000797736 2.76142e-09 0.142714 0.7487 0.0111487 5.48408e-05 1.82456e-06 2.34218e-09 0.00390894 0.000638004 0.000772351 0.000209472 0.000205134 
9.74181e-06 0.215192 0.000378996 0.346245 0.132732 0.0674496 0.00965786 2.3864e-07 0.0428182 0.000618838 0.0148771 7.33491e-06 0.0977827 1.62841e-10 0.0374142 0.0303313 0.000811991 4.12687e-08 0.00367263 
0.000121268 0.0368486 0.0348532 0.0115696 0.0497187 0.000277014 0.00849088 1.18069e-06 0.543017 0.04453 0.0129033 0.0170245 0.0368307 1.25006e-07 3.94178e-05 0.200252 0.000764473 0.000917423 0.00184 
0.0113551 0.0820031 0.00683901 0.0889006 0.0702054 0.00140983 0.0140785 0.000246926 0.0707978 0.304121 0.175601 0.000598643 0.0649979 0.000201341 0.0666019 0.0107441 0.00852224 0.000218961 0.0225565 
0.000138122 0.0690607 7.90517e-05 0.0104255 0.00525256 3.69863e-05 0.013585 2.51136e-07 0.0169387 0.748686 0.0127855 0.00678696 0.000233074 2.2785e-07 0.016891 0.00357136 0.000386318 1.02893e-05 0.0951324 
0.000300896 0.0284708 0.121177 0.0101097 0.00429801 2.27034e-06 0.00710814 2.16514e-09 3.21725e-06 0.690925 0.0858984 0.000239751 0.000174242 1.83643e-09 0.0494066 9.97986e-05 3.53761e-05 5.59404e-06 0.00174491 
0.000131648 1.64296e-06 1.86482e-05 0.00239992 1.89357e-05 0.954174 0.039552 1.34012e-07 0.00023932 3.023e-05 1.75463e-05 2.50549e-05 0.00311688 3.08906e-09 1.74682e-06 5.3061e-05 0.000176692 7.81763e-06 3.47214e-05 
0.561984 0.00865409 0.00026983 0.0059533 0.00421032 0.00217757 0.028553 0.00375545 0.0863223 0.172384 0.0336887 0.000242196 0.00286584 1.79002e-09 0.000375245 0.000886531 3.64219e-05 4.81238e-08 0.0876413 
0.0174457 0.0788553 0.00434315 0.110728 0.0755555 0.000709309 0.0480165 0.0128667 0.180736 0.162679 0.123143 0.00289394 0.00440916 2.10065e-05 0.00110908 0.147978 0.00289569 0.0235642 0.00205171 
6.409e-05 0.0302037 0.000337452 0.0514509 0.73101 5.36652e-05 0.000504211 1.34133e-05 0.00413404 0.110288 0.0396763 0.000687171 0.00677878 1.03539e-07 0.000101515 0.00566329 0.00341714 0.00281991 0.0127965 
0.0404729 0.115629 4.47264e-09 0.630919 0.0055949 0.000741269 0.00648771 8.33362e-09 0.00137318 0.00102254 0.00249308 0.000140447 0.131119 2.90668e-09 8.92001e-05 0.014129 7.90307e-05 2.79224e-08 0.0497093 
3.33299e-05 0.0317302 9.40191e-05 0.000239751 0.0566449 6.56015e-05 0.000882121 0.000120167 0.0318724 0.0343761 0.0144091 8.90875e-06 0.0224683 8.45377e-09 1.31094e-05 0.789584 0.0171277 8.90484e-05 0.000241051 
0.000416398 0.47843 0.00102445 0.0371598 0.0757812 0.00067049 0.00686131 0.000962165 0.236523 0.00197389 0.00415653 0.000601077 0.015535 7.69907e-08 0.0909542 0.0386056 0.0102295 0.000115584 7.7085e-08 
0.000660537 0.111197 0.0245369 0.305201 0.0527528 0.00044907 0.00841621 0.00832885 0.0138053 0.173657 0.217059 0.00113675 0.0147522 2.96296e-07 0.0107731 0.0560137 0.000296893 9.25658e-06 0.000953263 
1.75722e-06 0.818912 2.49793e-05 0.00612393 0.0745297 1.20708e-06 0.00459413 1.26409e-08 0.0594966 0.000441711 0.0268412 4.64274e-06 0.00177987 4.93531e-12 0.00242203 0.00426982 0.000276459 1.15147e-09 0.000280037 
4.02617e-09 0.32956 2.84829e-07 0.313852 0.0661161 2.29225e-07 0.0032139 4.07618e-10 0.0295977 0.00540895 0.176224 0.000448999 0.0166747 3.45734e-10 5.33588e-05 0.00710226 0.0510094 3.20081e-06 0.000735458 
0.00992034 0.406928 0.0816559 0.12246 0.175017 0.00287219 0.00769262 5.2728e-06 0.102735 0.00997818 0.0360446 0.000156923 0.00884415 5.23328e-06 0.00176723 0.0160944 0.0176814 7.42456e-05 6.70665e-05 
4.31231e-08 0.0175181 3.22613e-07 0.0520483 0.0187621 0.0524982 0.00728939 3.58586e-08 0.000734342 0.00627033 0.811853 0.00227051 0.00142921 6.8542e-11 0.00503249 0.0144397 0.00281717 0.00053807 0.00649816 
3.40719e-05 0.595337 0.00209819 0.144737 0.0304768 4.17593e-06 0.0465252 0.00169533 0.0127458 0.00599245 0.0903574 0.000244064 0.0188254 1.10322e-07 0.000597214 0.0249937 0.01585 2.95979e-06 0.00948267 
6.79053e-05 0.0720699 5.40419e-06 0.294865 0.180355 3.20419e-05 0.00593169 0.000356051 0.105746 0.0251465 0.0196614 0.000370607 0.0168051 4.55199e-08 0.00324839 0.0214246 0.253815 2.26111e-05 7.77055e-05 
0.000145988 0.367325 6.65899e-05 0.0930366 0.00723889 2.52293e-06 0.0155018 0.0155157 0.215326 0.00951216 0.129951 0.00400794 0.00788577 7.00943e-09 2.23297e-05 0.126271 0.0069429 1.61012e-06 0.00124572 
9.2461e-06 0.496614 0.000318412 0.391596 0.066434 0.000159911 0.000463803 6.23622e-12 0.0088969 0.00788916 0.00493979 4.37857e-05 0.00450815 5.28944e-12 6.96925e-05 0.000512931 0.000155454 5.21165e-09 0.017389 
0.0628546 0.0899956 0.000321881 0.163512 0.0216888 0.0897075 0.0488482 2.6392e-08 0.116922 0.233232 0.094168 0.000418011 0.043292 5.25117e-11 0.00041865 0.0298747 0.00138692 9.96816e-07 0.00335828 
0.00039145 0.139294 0.000169133 0.146849 0.0149705 0.00166082 0.0102313 2.35153e-07 0.0173784 0.378787 0.131154 0.00401936 0.0266913 7.87526e-09 1.25322e-08 0.115348 0.00133692 3.52599e-07 0.0117183 
0.00183193 0.110541 0.00181754 0.0586011 0.0552847 0.00401751 0.0775149 0.00734277 0.189846 0.0983657 0.250596 0.0291877 0.0446219 0.00147249 0.0127265 0.0241623 0.00341923 0.0139214 0.0147288 
6.61349e-08 0.174581 8.86832e-05 0.018579 0.11765 0.0020258 0.00416801 8.57685e-11 0.500062 0.012441 6.77321e-07 5.73431e-07 0.0479066 7.27472e-11 2.81146e-06 0.107724 0.0147194 7.92954e-08 4.95427e-05 
0.105367 0.0342799 0.000551356 0.255001 0.127059 0.0112521 0.0578513 0.000163958 0.082943 0.0872394 0.00892789 0.00298955 0.0229492 0.000133204 0.000956086 0.0227574 0.00106994 0.173756 0.00475212 
6.56423e-06 0.220788 9.68897e-05 0.0109396 0.00559991 1.42784e-06 0.0207074 3.08955e-09 0.0415721 0.412156 0.0613363 4.38079e-06 2.55918e-06 2.6205e-09 0.000207482 0.000212858 0.00231917 8.11075e-07 0.224048 
0.000191712 6.41179e-05 2.22804e-05 0.0137116 0.0144883 2.63368e-06 1.16839e-05 5.8612e-08 0.0482433 0.915703 5.47248e-06 1.71546e-05 4.26187e-06 4.97136e-08 2.41802e-06 1.43886e-05 0.00725278 0.000195074 6.97933e-05 
0.000209939 0.454054 0.000106275 0.0994516 0.135987 0.00302457 0.000442287 0.000221101 0.134778 0.00432056 0.0295737 0.0226701 0.0831626 1.70321e-05 0.0040227 0.0191402 0.0079052 2.05694e-05 0.000892441 
0.000393632 0.137376 0.00132857 0.0129741 0.260497 0.000118852 0.00480968 0.00319694 0.0726715 0.208659 0.0647433 0.00104181 0.00374824 5.26078e-05 0.00598499 0.203972 0.0174357 0.000723566 0.000273336 
0.00016692 0.00793393 0.188619 0.00177753 0.000501983 3.96937e-05 0.000901705 2.85744e-08 5.6254e-05 0.781102 0.0156589 0.00011351 0.000152578 2.42363e-08 0.00202952 1.79111e-05 1.16313e-05 0.000272815 0.000644405 
3.18239e-07 0.0924321 1.11837e-05 0.153673 0.0767751 0.00104889 0.1753 4.44424e-05 0.113793 0.0103011 0.293392 0.000398135 0.00360648 2.05814e-07 0.000249936 0.0662915 0.0066823 0.000190782 0.00581034 
0.0370047 0.148194 5.17841e-05 0.0151847 0.0371063 0.000905769 0.00504931 0.0166048 0.490472 0.00241868 0.00708764 0.000138139 0.00830073 3.46763e-10 0.000130347 0.222002 0.00929139 3.19214e-07 5.71567e-05 
0.000150424 0.092117 9.69446e-06 0.00207754 0.106811 0.02779 0.00641322 0.000259052 0.035096 0.213751 0.231773 0.163615 0.0160815 3.25458e-06 0.000746472 0.0359607 0.0612142 3.55326e-06 0.00612726 
0.0084263 0.186157 0.000333185 0.112596 0.40732 0.000996066 0.00455547 0.00075364 0.0254238 0.0150052 0.0423272 0.0016106 0.0107142 0.000328085 0.0118492 0.152146 0.00774503 0.00155373 0.0101601 
0.843601 0.00447515 0.014723 0.00953506 0.00876081 0.000276951 1.62137e-06 2.69904e-11 0.00160036 0.0914958 2.99819e-07 0.00112846 0.0231997 2.28927e-11 1.45847e-07 2.17922e-06 0.000487011 0.00031609 0.000396482 
2.18598e-06 0.380926 3.45155e-07 0.00575733 0.00153353 0.000437593 0.00436514 2.64021e-08 0.299907 0.000639466 0.000348349 1.78254e-05 0.242297 2.23937e-08 0.0331227 0.0268302 0.00377421 6.02727e-07 4.08892e-05 
3.88719e-07 0.3043 3.3815e-05 0.390431 0.00161385 5.28179e-07 0.000452859 2.74633e-09 0.01386 9.78183e-09 0.00082577 0.000127988 0.0620122 2.32938e-09 6.8513e-05 0.224736 0.000892118 9.73394e-07 0.000644317 
5.65698e-09 0.236184 7.88332e-08 0.720434 0.0135911 1.92852e-05 0.00148352 8.60405e-12 0.0199192 0.00156644 0.000638821 5.98579e-06 0.00338012 7.29779e-12 1.08801e-06 0.00232836 0.000344384 7.17069e-09 0.000103632 
0.0404729 0.115629 4.47264e-09 0.630919 0.0055949 0.000741269 0.00648771 8.33362e-09 0.00137318 0.00102254 0.00249308 0.000140447 0.131119 2.90668e-09 8.92001e-05 0.014129 7.90307e-05 2.79224e-08 0.0497093 
0.00719305 0.111278 0.000145998 0.00891665 0.00109528 0.0577178 0.00293087 2.30372e-06 0.699302 0.00114236 0.012603 5.637e-05 0.0266186 3.1627e-08 0.00128692 0.0306511 0.0387575 2.06324e-05 0.000281399 
6.88982e-06 0.40442 0.00116374 0.3129 0.119465 1.28979e-05 0.010047 1.18994e-05 0.0248163 0.0180877 0.0621628 2.676e-05 0.000334886 1.75239e-08 0.00190628 0.0373059 0.00117958 0.000238478 0.00591404 
5.66203e-05 0.0271879 4.5903e-06 0.00687471 0.017179 0.00102546 0.0185275 2.62415e-06 0.0186255 0.0259646 0.794874 0.0021053 0.00458537 2.35647e-06 0.0335726 0.0417874 0.00480098 4.28566e-05 0.00278078 
8.33755e-07 0.0528665 0.00804723 0.0157612 0.0870004 0.00287915 0.06864 0.00251869 0.0461114 0.530591 0.0286979 2.93209e-06 0.139388 7.92784e-07 8.99082e-05 0.0155133 0.00166714 1.58666e-06 0.000222115 
6.09546e-05 0.303148 1.80651e-06 0.0460569 0.0199287 0.149458 5.69493e-05 9.04003e-10 0.135575 0.00225805 0.005635 4.0202e-05 0.0615999 7.66758e-10 0.00571563 0.00180836 0.26845 1.55156e-07 0.000206902 
4.83097e-07 0.0065471 0.000426125 0.099564 0.00609463 0.00184709 0.00123754 2.08881e-08 0.0712684 0.745353 0.0544005 0.000345674 1.79486e-06 1.77169e-08 2.43488e-07 0.0017817 0.00496444 1.8521e-06 0.00616545 
7.00405e-07 0.0691396 2.26139e-07 0.122623 0.115493 0.000228358 0.00945379 3.56948e-10 0.0612704 0.0147235 0.00835442 0.00082364 0.553278 3.02757e-10 0.000154995 0.0431556 0.000500589 6.9796e-08 0.00079985 
0.000518838 0.0175664 0.034395 0.0395237 0.0138777 0.00565962 0.00645913 2.26489e-09 0.0178958 0.763 0.0717431 0.015634 0.000450593 1.92103e-09 0.00247941 0.000563369 0.000209007 7.40191e-07 0.0100238 
2.52039e-05 0.000115947 0.000779302 0.000397009 0.000135469 4.23545e-07 3.69414e-05 1.92373e-10 3.04218e-05 1.24084e-05 0.00321974 9.02112e-06 0.000131415 8.36465e-13 9.83468e-05 6.8581e-05 1.08919e-06 2.70228e-06 0.994936 
1.04551e-06 0.178931 0.000652714 0.0340548 0.302428 2.82319e-05 0.00848471 3.85096e-07 0.0559841 0.00200491 0.0254201 0.000144472 0.00523205 2.36352e-08 0.206661 0.0179831 0.074406 1.54755e-06 0.0875818 
1.86536e-05 0.0803204 1.51738e-05 0.20997 0.586858 3.66278e-06 0.0385848 1.07128e-11 0.0332666 0.00100571 0.00953022 8.91277e-05 0.0313672 9.08637e-12 3.4588e-05 0.00780004 0.00107058 1.76523e-05 4.66746e-05 
3.12708e-05 0.368247 3.74313e-06 0.0154319 0.187545 0.00196456 0.0204165 2.26611e-10 0.139823 0.0190501 0.152424 0.000184832 0.00139854 1.92207e-10 0.0909843 0.000660987 7.5771e-05 1.09508e-06 0.00175713 
0.00016696 0.117675 0.0326258 0.0255588 0.0187835 2.32926e-05 0.00221695 5.73422e-08 0.00705909 0.690587 0.0898177 0.000525826 0.00046417 4.86366e-08 0.00118331 0.00399396 0.000108626 0.000114628 0.00909553 
0.00246579 0.0291293 7.23688e-06 0.140483 0.18703 0.000663066 0.0152195 2.47681e-06 0.0672181 0.473036 0.0186618 0.000152661 0.0124296 5.35723e-08 0.0277416 0.0234205 0.000410562 0.000199938 0.00172832 
3.56775e-07 0.00623198 0.000998667 0.00108503 5.29423e-07 3.9791e-08 0.937319 1.21362e-09 0.000172108 0.0227299 0.0254993 0.00018519 1.72957e-05 1.02937e-09 6.4651e-06 0.000482982 0.0014892 5.03531e-07 0.00378091 
6.5576e-05 0.00302475 0.000291985 0.0489339 0.146461 0.00146968 0.0144074 6.64995e-09 0.0506022 0.636197 0.0577869 9.88414e-07 0.00081365 5.64036e-09 9.04722e-07 0.00707569 0.0314722 5.83651e-05 0.00133822 
1.00195e-05 0.0321757 0.00213564 0.00690308 0.00135944 0.0026286 0.0342854 6.39818e-06 0.423894 0.0637522 0.050282 0.0147389 0.0405745 2.30195e-07 0.000111958 0.322633 0.00269675 4.42507e-06 0.00180809 
1.51715e-05 0.0273803 1.34931e-05 0.00416865 0.00132538 1.69208e-05 0.119502 1.90768e-07 0.0018997 0.000348666 0.224736 0.000100716 0.00878071 5.03259e-11 0.00109945 0.00313603 0.00106345 3.89594e-07 0.606412 
5.65698e-09 0.236184 7.88332e-08 0.720434 0.0135911 1.92852e-05 0.00148352 8.60405e-12 0.0199192 0.00156644 0.000638821 5.98579e-06 0.00338012 7.29779e-12 1.08801e-06 0.00232836 0.000344384 7.17069e-09 0.000103632 
1.43932e-05 0.218748 1.185e-05 0.0945127 0.359328 3.41824e-05 0.00544968 9.85758e-10 0.160791 0.00462837 0.0421021 5.92155e-05 0.00226671 8.36101e-10 0.000732449 0.0929465 0.0168668 1.35077e-05 0.00149496 
8.63344e-05 0.0902222 0.00161317 0.0140572 0.0236459 0.00147168 0.038241 2.56165e-06 0.150658 0.646409 0.0101976 0.000155948 0.00874191 6.96394e-07 0.00189567 0.00862938 0.00144855 0.000489763 0.00203345 
0.000234064 0.183167 0.0127067 8.46305e-07 0.406658 1.57422e-06 1.10784e-06 1.29489e-10 0.354431 0.020152 0.01751 0.00510922 2.1439e-06 1.0983e-10 2.34947e-05 2.87011e-07 1.00443e-07 1.47043e-07 1.70953e-06 
0.00045257 0.00748866 0.1297 0.0114336 0.00322799 4.31168e-06 0.00365748 6.37362e-09 6.10882e-06 0.698275 0.131979 5.57499e-05 0.000422066 5.40599e-09 0.00964069 0.000576322 6.10734e-05 1.06233e-05 0.00300889 
0.000415637 0.0197231 0.000130012 0.0942723 0.00628771 0.0268362 0.00221755 1.92483e-06 0.0141824 0.000953898 0.0901744 0.00165745 0.525901 4.37881e-10 0.000786438 0.00645742 0.000420278 2.95668e-05 0.209553 
0.00309532 0.300684 0.000266801 0.145798 0.0923215 1.79017e-07 0.00226353 3.2698e-10 0.16964 0.000325694 0.00863796 0.000287616 0.00697097 2.77338e-10 0.000467184 0.265962 0.00327847 9.1188e-08 5.49447e-08 
0.000162158 0.443508 0.000876309 0.116163 0.023028 0.000220851 0.0161288 1.25666e-06 0.132314 0.0841736 0.0775737 0.00173343 0.0848613 1.63417e-08 0.00603406 0.0100665 0.00239387 2.2608e-07 0.000761324 
4.21895e-05 0.029713 3.25385e-07 0.00280432 0.00442725 0.0266766 0.0448693 2.22654e-10 0.0352634 0.839326 0.0145407 2.93272e-07 8.12824e-07 1.88851e-10 3.95701e-05 0.000648038 0.00164812 7.3182e-08 1.00156e-07 
0.000142233 0.0761562 0.000231668 0.0204037 0.0151454 0.000447098 0.0476041 7.62941e-05 0.125176 0.123952 0.0687044 9.86145e-05 0.00614756 2.18718e-05 0.0117509 0.23762 0.26215 4.29619e-05 0.00412893 
0.00021687 0.36953 4.93594e-06 0.0375559 0.205905 1.89309e-07 0.0234755 9.02753e-10 0.00936975 0.213186 0.131271 3.45763e-06 0.00370432 7.65698e-10 2.66756e-05 0.00516674 0.000286614 9.07416e-07 0.000295486 
0.00743639 0.116858 0.0632072 0.32167 0.00860182 0.0047805 0.00594928 4.91188e-12 0.0322565 0.186965 0.0797242 0.00610232 0.144468 4.16616e-12 0.0134949 2.64049e-08 0.000946226 0.000302932 0.00723659 
0.00012159 0.0713629 0.000692371 0.00248546 0.101813 0.014898 0.0153473 4.67104e-08 0.14746 0.610969 0.0270508 0.000117445 0.0044301 3.96189e-08 3.44609e-05 0.000805999 0.00196547 7.33028e-07 0.000445886 
0.00574568 0.245619 0.000177282 0.0237629 0.0472361 0.000330042 0.000189076 4.11099e-06 0.581881 0.00952584 0.0204251 0.000177606 0.0582825 3.99338e-11 4.45483e-05 0.00393055 0.00264528 2.74159e-08 2.33562e-05 
3.59302e-05 0.860668 0.00318872 0.0107417 0.0170312 6.53745e-05 0.0015874 0.000194859 0.0322233 0.0448749 0.00932089 6.25358e-05 0.00549031 8.79713e-06 0.00136833 0.00811861 0.0047443 5.36329e-05 0.000221371 
8.90649e-06 0.363989 0.000135686 0.100029 0.187084 3.34006e-05 0.0042901 9.77188e-05 0.0240502 0.0060255 0.0711365 0.000131445 0.00866034 1.14365e-06 0.00169399 0.19909 0.0333126 3.06534e-05 0.000199756 
1.35135e-05 0.00487007 0.000205294 0.000197873 0.00201445 0.00353711 0.00811899 1.16089e-06 0.00327993 0.868712 0.089922 3.53954e-05 0.00383963 9.84649e-07 0.00144755 9.66448e-05 0.00115645 2.4523e-05 0.0125269 
0.0232992 0.221936 0.000469881 0.00195355 0.00408872 0.000587195 0.0146377 2.80512e-05 0.529813 0.0409928 0.0463313 4.15969e-05 0.026532 1.98459e-05 0.0163653 0.0440101 0.0217497 0.000305041 0.00683951 
2.36497e-05 0.000212773 0.00245304 0.00015959 0.00707873 1.81173e-05 3.91415e-05 4.36831e-07 0.00810364 0.823799 0.157755 1.39866e-05 1.28559e-05 3.70512e-07 0.000226127 8.14899e-06 5.35483e-06 4.4536e-05 4.61348e-05 
0.00145963 0.0124214 0.000218009 0.0554155 0.212269 7.2946e-05 0.015532 1.98661e-06 0.0208074 0.510998 0.013392 0.00232448 0.00884345 1.6962e-06 0.00752638 0.000726851 0.00523806 0.132412 0.000339153 
1.96894e-07 0.530192 1.59401e-07 0.00141259 0.116951 4.50051e-07 1.21659e-06 1.73158e-09 0.344252 7.32601e-07 1.15119e-06 8.27027e-07 0.00717832 1.4687e-09 4.48026e-06 2.62221e-06 9.28998e-07 2.74874e-08 1.1314e-06 
5.88253e-05 0.0959775 0.000406601 0.0697993 0.00907183 3.47037e-05 0.0232331 1.73811e-05 0.0340164 0.00147937 0.0283581 0.00236524 0.505752 1.06257e-06 0.00199718 0.219396 0.00700143 2.70964e-06 0.00103138 
0.00656074 0.0412417 0.000648487 0.338243 0.0147727 1.51729e-05 0.00553591 3.50096e-08 0.0393753 0.00209564 0.00833645 8.88789e-05 0.00147462 2.96945e-08 7.53824e-05 0.510989 0.025906 1.7996e-06 0.00463935 
9.59346e-06 0.00888281 2.16169e-05 0.00246335 0.0276902 0.000101018 0.000520645 6.92558e-06 0.00372228 0.00192086 0.814578 0.00345474 0.00463314 5.87414e-06 0.0205866 0.00623216 0.00264799 8.16632e-05 0.10244 
0.000134238 0.0389316 0.0432524 0.00564279 0.0899853 0.00350153 0.0162229 1.28702e-07 0.025566 0.66133 0.0197629 0.00294888 0.00111655 1.09162e-07 0.0189238 0.0579639 0.0125499 0.000836327 0.00133071 
1.17954e-07 0.257855 4.15266e-07 0.0094172 0.0762345 0.0167892 0.0469925 1.43165e-09 0.00702646 0.134579 0.306097 2.02208e-07 0.00481091 1.2143e-09 0.0987882 8.80076e-07 0.0398858 1.03583e-07 0.0015219 
5.46247e-05 0.745555 0.0031755 0.113047 0.0665621 1.22994e-08 0.00107772 4.34535e-12 0.0404917 0.00976208 0.00955054 0.000968617 0.0052256 3.68564e-12 0.00349573 0.000499993 2.5415e-08 1.09905e-06 0.000533229 
0.0249766 0.00919592 0.00042881 0.00202018 0.0434596 0.00130641 0.00561108 0.0218585 0.0197912 0.0433046 0.0403008 0.664847 0.0295083 3.11758e-05 0.000907402 0.0300355 0.000610617 0.0610911 0.000714802 
4.14047e-06 0.666752 3.43511e-05 0.0451809 0.00698507 1.09994e-05 0.00924736 2.45575e-08 0.197087 0.000271925 0.0295421 1.50248e-05 0.0363523 1.8339e-11 0.000475725 0.00489293 0.00311426 5.5564e-07 3.32557e-05 
2.50988e-05 0.0590917 0.00267628 0.0121047 0.00337214 0.00296919 0.319367 4.7255e-06 0.0114209 0.0327163 0.520214 0.00235744 0.000196543 6.72196e-07 0.0141765 0.00178678 0.000601079 8.0488e-06 0.0169109 
0.000180127 0.175222 0.000331226 0.0248134 0.150746 6.79885e-06 0.000175722 0.00457441 0.0204639 0.613557 0.00710881 0.000568961 0.000652602 2.85469e-08 1.14917e-06 0.00110212 4.57703e-05 0.000179714 0.00027058 
5.00261e-05 0.00198058 4.91905e-07 0.00118835 0.000369774 7.14009e-05 0.031075 2.57907e-10 0.00374582 0.959469 0.000964571 2.47427e-05 0.000323726 2.18752e-10 9.79825e-05 2.39331e-07 0.000107247 1.77897e-05 0.000513657 
0.000140313 0.245412 0.000364746 0.155263 0.00540547 1.82133e-07 0.0212622 0.00333524 0.203971 0.00109694 0.0617221 0.00306439 0.0167457 5.13724e-11 4.60022e-05 0.279403 0.00159633 6.22921e-09 0.00117152 
5.00261e-05 0.00198058 4.91905e-07 0.00118835 0.000369774 7.14009e-05 0.031075 2.57907e-10 0.00374582 0.959469 0.000964571 2.47427e-05 0.000323726 2.18752e-10 9.79825e-05 2.39331e-07 0.000107247 1.77897e-05 0.000513657 
0.0142594 0.14713 0.174811 0.441327 0.0285269 0.000117579 0.000375759 0.000144371 0.104477 0.010392 0.0237428 0.000462583 0.00926829 1.11234e-08 0.0109367 0.0198635 0.00888481 0.000313368 0.00496688 
1.75722e-06 0.818912 2.49793e-05 0.00612393 0.0745297 1.20708e-06 0.00459413 1.26409e-08 0.0594966 0.000441711 0.0268412 4.64274e-06 0.00177987 4.93531e-12 0.00242203 0.00426982 0.000276459 1.15147e-09 0.000280037 
0.00036768 0.009843 0.0079674 0.0427694 0.030685 5.87887e-05 0.106674 1.10341e-06 0.0203798 0.471682 0.184915 0.0271164 0.00796738 2.67301e-09 0.0268052 0.00679325 0.000141089 0.000196886 0.0556365 
0.00468082 0.0819401 0.000967601 0.0501968 0.0613555 0.0023965 0.279255 2.41939e-05 0.0299685 0.233311 0.152506 0.00764706 0.0227902 5.41856e-06 0.00191254 0.0270082 0.0210233 4.65543e-05 0.0229642 
0.00492878 0.283449 0.146014 0.0223798 0.060611 0.000302203 7.91724e-05 4.46036e-12 0.432366 0.00122735 0.0140799 8.51245e-05 0.0182957 3.78319e-12 0.000713924 0.0144966 0.000932686 2.10877e-05 1.82634e-05 
0.0101522 0.070596 0.00782078 0.0885044 0.198357 0.0235127 0.013532 0.014278 0.320469 0.0479322 0.0421321 0.0034052 0.0465692 0.00227627 0.00833751 0.0433261 0.0148406 0.02607 0.0178886 
0.000210991 0.184827 0.000147901 0.0233672 0.00052413 1.27023e-05 0.189422 0.000210789 0.3531 0.0584454 0.0687765 5.35958e-05 0.029593 2.51537e-06 0.00021554 0.0863847 0.00301134 0.00165105 4.29493e-05 
1.34124e-05 0.0712277 2.59834e-06 0.00595397 0.013924 6.71967e-05 0.00214691 5.92226e-07 0.233937 0.0105041 0.31186 3.8049e-05 0.00325329 3.73231e-08 0.163676 0.123866 0.00596378 5.22904e-07 0.0535644 
0.0404729 0.115629 4.47264e-09 0.630919 0.0055949 0.000741269 0.00648771 8.33362e-09 0.00137318 0.00102254 0.00249308 0.000140447 0.131119 2.90668e-09 8.92001e-05 0.014129 7.90307e-05 2.79224e-08 0.0497093 
0.00344425 0.246088 0.0013859 0.144143 0.0699379 0.00153862 0.00686857 0.000639818 0.105942 0.00631163 0.0272453 0.00122688 0.0471843 0.000567842 0.00977943 0.200175 0.121104 0.00235812 0.00405942 
0.00138005 0.218018 5.0781e-05 0.222234 0.255148 0.000427105 0.00100253 0.000383145 0.0504339 0.00336588 0.027892 0.03967 0.0118949 1.3298e-05 0.00444955 0.145071 0.00220393 0.0108743 0.00548704 
9.96286e-05 0.129937 5.45446e-06 0.0517347 0.0083846 4.41621e-07 0.530738 3.05976e-08 0.0342678 0.000335877 0.016668 3.12059e-07 0.206581 1.79469e-09 0.00039921 0.0144241 0.00578512 8.78326e-09 0.000638142 
5.53078e-05 0.219686 8.31194e-06 0.245354 0.130633 0.00146318 0.00394025 7.02582e-10 0.214803 0.00901994 0.0354292 0.000135519 0.0856786 4.38493e-11 0.0154394 0.00734247 0.0283961 2.60584e-09 0.00261524 
0.00404444 0.286358 0.00258286 0.0192356 0.0052094 6.16676e-06 0.0121882 0.0235546 0.216104 0.00196411 0.00152554 0.000322764 0.042942 4.6648e-09 2.77796e-08 0.283043 0.100897 1.19098e-05 1.09233e-05 
0.0481146 0.121552 0.00192949 0.131195 0.441527 0.00184418 0.00738316 4.66933e-06 0.0800744 0.103636 0.0237693 0.00298726 0.000730853 3.6588e-07 0.0160432 0.0077044 0.0101615 0.000744978 0.000598492 
0.0723518 0.0780102 0.000524683 0.0962135 0.0100147 0.000965572 0.00965621 0.0147605 0.511604 0.045962 0.0250882 0.0167848 0.022782 2.55637e-05 0.000409037 0.071641 0.0207017 6.42535e-05 0.00244038 
2.95949e-05 0.208054 9.41783e-05 0.690127 0.0325257 0.000486478 0.00174527 4.19248e-08 0.0108124 0.00186739 0.0151457 0.000470848 0.0265455 1.69707e-10 0.00326665 0.00183368 0.000638812 3.2388e-06 0.00635333 
0.000196413 0.281891 0.566724 7.98294e-06 5.44544e-06 2.11997e-06 6.8085e-07 1.00321e-10 5.71503e-05 0.031832 1.31181e-08 4.07776e-06 1.52616e-05 8.50901e-11 0.11923 2.52358e-05 7.05186e-06 1.0778e-06 6.50239e-07 
0.000160567 0.204636 0.0416854 0.0769314 0.111437 0.0002175 0.0113072 0.0226063 0.0371316 0.0633218 0.358924 0.00095485 0.00371625 2.01208e-06 0.0233249 0.0312862 0.00316425 2.79729e-05 0.0091649 
2.18371e-05 0.0814618 0.00148511 0.0257224 0.00587889 6.69566e-06 0.00194336 4.86238e-06 0.0263913 0.714725 0.0539008 0.00523611 0.0144777 4.71898e-06 0.0386574 0.022474 0.0011292 3.15606e-05 0.00644755 
0.0404729 0.115629 4.47264e-09 0.630919 0.0055949 0.000741269 0.00648771 8.33362e-09 0.00137318 0.00102254 0.00249308 0.000140447 0.131119 2.90668e-09 8.92001e-05 0.014129 7.90307e-05 2.79224e-08 0.0497093 
0.00279653 0.263399 0.00070974 0.0399567 0.0973409 0.0290099 0.0793686 0.00263386 0.0891863 0.0329033 0.176475 0.000949405 0.0297366 0.000219392 0.0157053 0.123245 0.00833204 0.00598069 0.00205159 
0.000611244 0.0761369 0.00107339 0.00152071 0.0195959 3.90747e-05 0.028505 0.00198034 0.0451011 0.491786 0.0370564 0.000431132 0.00795713 3.41682e-06 0.00891949 0.0465451 0.231868 2.96834e-05 0.000839263 
2.61658e-05 0.0528949 0.000306731 0.000237503 0.0111439 0.00401659 0.0150995 5.53267e-08 0.00617198 0.863729 0.0431531 0.000167213 0.00136803 4.69271e-08 4.42374e-06 0.00106259 0.000605249 9.76086e-06 3.21008e-06 
0.000258542 0.23947 0.0379866 0.0987623 0.171656 0.00074887 0.0996261 2.36211e-05 0.0936516 0.0873899 0.11873 9.47034e-05 0.00393135 6.6267e-06 0.00545878 0.032848 0.000926908 0.000321412 0.00810934 
0.000113781 0.373982 2.7896e-07 0.0386137 0.213942 4.04008e-08 0.0228619 6.71139e-10 0.00786645 0.200741 0.134196 1.95413e-07 0.00267105 5.69247e-10 2.64889e-07 0.00459115 0.000226341 1.24534e-07 0.000194073 
0.0113297 0.502705 0.000678716 0.0891011 0.10605 0.000429437 0.022731 0.000221813 0.141269 0.0132639 0.0386429 0.00140931 0.0145219 0.000207562 0.00828223 0.0309152 0.00441302 0.00577364 0.0080543 
