2.20204e-06 0.634302 0.00944946 0.166088 0.0174426 0.000558296 0.00286519 4.75465e-06 0.0524543 0.00617033 0.0318965 0.000222081 0.00951677 1.10052e-06 0.000530066 0.0494349 0.0175188 0.000120917 0.00142171 
0.0324994 0.139731 0.0021876 0.0235972 0.0629487 0.000166848 0.00795691 3.23181e-06 0.457714 0.0893279 0.0360223 0.000297803 0.0547135 1.13021e-09 0.000108664 0.0848141 0.00708803 2.69335e-05 0.000795921 
0.000147402 0.187807 1.40835e-05 0.0710907 0.0554938 3.48548e-05 0.262837 4.93493e-05 0.0765138 0.0261361 0.232113 0.00431237 0.0370715 1.48837e-06 0.000733964 0.0373433 0.000433748 1.06064e-05 0.0078554 
0.000145139 0.109637 0.000126174 0.56735 0.124479 1.41038e-05 0.00534097 4.32602e-07 0.0245813 0.0366667 0.0290407 0.000496183 0.0378288 3.26253e-08 0.0146227 0.0176136 0.0313549 0.000285907 0.000415909 
0.000237513 0.0347576 0.00348851 0.0338507 0.00854105 0.000310229 0.00110898 6.00765e-10 0.338499 0.000207897 6.21853e-05 0.00861958 0.568767 3.56764e-11 1.43378e-05 0.00124912 4.14656e-05 3.92918e-08 0.000244146 
4.33421e-05 0.212566 1.54355e-05 0.0747342 0.213643 7.61136e-05 0.00138717 0.000209389 0.00276313 0.475454 0.00430278 0.000244764 0.000572083 6.39114e-07 0.000103597 0.00614723 0.00211654 0.00533292 0.00028766 
0.00994352 0.247896 0.000124934 0.0243086 0.114359 0.000547087 0.000126408 6.55002e-12 0.552957 8.17624e-05 0.00224355 0.00280374 0.0358143 5.5556e-12 0.00121226 0.00489939 0.00267492 9.80451e-09 6.87606e-06 
0.025038 0.0064782 7.22032e-05 0.0385607 0.00885063 9.88949e-05 0.04149 1.97225e-07 0.00250263 0.0809162 0.254938 0.000415381 0.00252195 2.00107e-09 0.272875 0.000940469 4.34328e-06 6.55807e-07 0.264297 
0.00340542 0.479794 0.000517517 0.0933316 0.124029 0.00041015 0.00537112 0.000493465 0.195278 0.0225796 0.0272379 0.000164709 0.0159089 1.45269e-05 0.0047562 0.0230226 0.00242833 2.02741e-05 0.00123705 
0.000343476 0.0513148 0.00140614 0.0081059 0.000728997 0.00103383 0.0254566 6.94569e-09 0.0638244 0.567958 0.204843 0.00237893 0.000270857 5.8912e-09 0.0217561 0.00818663 3.99231e-05 0.00384123 0.0385109 
0.000484095 0.0441803 0.000487837 0.813991 0.0570976 0.000184786 0.000167922 4.77623e-06 0.00906963 0.00287702 0.00305197 0.00247421 0.036454 2.97408e-06 0.0159673 0.00177438 0.000513805 6.53825e-06 0.0112098 
0.000201241 0.014884 0.195521 1.14066e-05 0.000181886 1.28267e-06 0.00764308 5.90094e-10 1.81798e-06 0.751692 0.0259936 9.83948e-05 6.63329e-05 5.00506e-10 0.00304478 5.78804e-07 3.75819e-07 3.16061e-06 0.000654456 
8.67993e-05 0.0134769 0.540408 0.156628 0.014006 5.21973e-06 5.90588e-05 0.000387302 0.00820703 0.13436 0.0151958 0.000330711 0.020595 2.09977e-07 0.000163993 0.00528701 0.000646699 0.0896093 0.000546027 
2.14199e-05 0.130932 0.000995956 0.00960452 0.0401328 0.00239698 0.245563 3.62555e-06 0.0371931 0.296023 0.155941 0.00013294 0.00643037 3.73672e-08 0.0406422 0.000931906 0.000417292 4.02684e-06 0.0326331 
5.38593e-06 0.217771 0.0034003 0.00781411 0.117448 0.000185613 0.0766891 1.15125e-09 0.031637 0.112377 0.346812 7.01152e-08 0.00202025 9.76471e-10 0.010461 0.0459441 0.019886 4.71458e-07 0.00754849 
5.03034e-05 0.318049 0.00014162 0.312113 0.00633559 0.00175703 0.0791309 1.31498e-05 0.0144612 0.00389717 0.166314 1.47071e-05 0.0572364 1.35391e-07 2.56467e-05 0.0387883 0.000476043 1.47428e-05 0.00118045 
0.000689299 0.573515 0.034309 0.0172179 0.0456259 0.000483253 0.00648004 3.59666e-11 0.0428372 0.157722 0.0587379 0.00147782 0.0301766 3.05062e-11 0.00382108 0.000148097 0.00204888 0.000469581 0.02424 
0.811117 0.0081669 0.000684144 0.0210546 0.00353439 7.36663e-07 8.72446e-05 0.0715813 0.0720592 0.00110907 4.44532e-07 0.0037832 0.00057899 1.32507e-10 7.86253e-08 0.00600502 0.000235251 2.19344e-08 2.46495e-06 
2.52023e-05 0.000143851 0.000779225 0.000563033 0.000135465 9.26985e-08 1.23291e-05 1.39732e-10 4.1524e-05 9.62343e-06 0.00183079 9.0198e-06 0.000131412 5.03325e-13 0.000571649 8.0195e-05 1.08861e-06 2.70019e-06 0.995663 
5.74114e-05 0.125826 0.00122261 0.0914852 0.425534 0.000281919 0.0022762 4.01001e-05 0.225807 0.0882121 0.00546586 7.46219e-05 0.00919926 3.66504e-05 0.00171683 0.0179895 0.00363723 7.38686e-05 0.00106282 
3.1435e-06 0.596328 1.49004e-05 0.134463 0.0297003 6.92602e-05 0.0172134 1.15868e-06 0.0479832 0.00833464 0.137572 0.000110257 0.00312926 7.89495e-10 0.0081532 0.00956567 7.54019e-05 2.38999e-05 0.00725868 
3.86323e-05 0.0208239 3.47219e-05 0.00281094 0.0006622 0.874921 0.00354907 1.22751e-05 0.0314063 0.041697 0.00202309 6.66188e-05 0.0137854 9.96367e-07 0.00393072 0.00121592 0.00296093 7.28886e-06 5.27928e-05 
9.29702e-08 0.151582 3.50679e-06 0.0122364 0.00463483 0.00199119 0.0152136 2.12037e-09 0.0224382 0.030222 0.671107 2.61795e-06 0.0198521 1.79846e-09 0.0317103 0.0204533 0.00602984 7.70245e-07 0.0125225 
4.97471e-06 0.0886983 5.52514e-05 0.711728 0.106351 0.00052111 1.18357e-05 1.50257e-11 0.012857 0.0142792 0.00790973 6.20152e-05 0.0418273 1.27445e-11 0.010499 0.00156536 0.00121802 1.58177e-06 0.00241018 
3.68853e-09 0.216537 5.14066e-08 0.72826 0.0407723 5.76996e-05 4.32553e-05 2.68494e-12 0.00944559 3.43464e-08 0.000159733 1.79072e-05 0.00399871 2.27732e-12 3.24635e-06 3.63298e-08 0.000394333 4.67392e-09 0.000310775 
0.000331866 0.0196081 0.0512811 0.184334 0.360317 1.27504e-05 0.00220382 2.23635e-10 0.00952163 0.36491 0.0022 0.000251954 0.00363601 1.89683e-10 0.0002432 0.000188098 1.09358e-07 0.000952839 7.73205e-06 
5.87963e-06 0.763384 1.56956e-05 0.0145878 0.0834572 1.30628e-06 0.00212516 4.83663e-12 0.0685992 0.00243744 0.0431947 5.74677e-05 0.0048587 4.10233e-12 0.0131762 0.000241248 0.000404755 5.02859e-10 0.00345268 
0.000155918 0.0811367 7.64101e-05 0.0292943 0.412702 1.34258e-05 0.00725946 1.3744e-09 0.0280321 0.404324 0.0355046 1.33493e-05 0.000585823 1.16574e-09 0.000631479 6.56665e-05 0.000100272 0.000104546 4.6243e-08 
3.96264e-05 0.0162638 0.000134451 0.0703739 0.277782 0.00103789 0.00904259 0.0227009 0.0267914 0.0710725 0.27468 0.0124195 0.00271388 9.03898e-11 0.00427719 0.148716 7.80567e-05 8.82033e-05 0.0617876 
0.000247899 0.0978226 4.01131e-05 0.170351 0.386503 0.000787243 0.000323244 3.30018e-06 0.282014 0.0120672 0.00521191 0.0202375 0.0168446 1.29604e-06 0.00229611 0.00200245 0.00191694 6.68803e-05 0.00126205 
0.00119609 0.00490087 0.0462231 0.00418809 0.127529 5.09214e-05 0.000646463 1.1438e-06 0.00646273 0.632394 0.0425251 0.00130389 0.00696716 5.46084e-08 0.00159554 0.00869842 0.000180493 0.00769287 0.107445 
0.0112663 0.180581 0.0651549 0.100959 0.0720474 1.4815e-06 0.0225301 0.00325688 0.262115 0.203524 1.48256e-06 0.0171852 0.0317209 1.48018e-06 1.4824e-06 0.0289072 1.48203e-06 1.48046e-06 0.000742481 
0.000102509 0.594518 0.0284805 0.0243069 0.0772717 0.0036901 0.021851 3.50261e-07 0.103741 0.0364039 0.0865534 2.60875e-05 0.00215705 1.95765e-07 0.00904627 0.00374427 0.00694077 0.000126972 0.00103875 
0.000149543 0.0845925 0.0019157 0.00129903 0.00143483 0.00658245 0.685575 1.49784e-05 0.0633949 0.00388607 0.00858865 0.000186307 0.00053563 1.27044e-05 0.129865 0.0112298 0.000122636 0.000133923 0.000479895 
0.000350199 0.000431288 0.00497317 0.00777577 0.00313953 0.000441103 8.01427e-05 5.22518e-06 0.0127124 0.805986 0.156212 0.000148953 2.67765e-05 4.4319e-06 0.00536501 1.70429e-05 1.18398e-05 0.00128429 0.00103448 
0.0122031 0.0238159 0.00166146 0.0113697 0.000369009 1.72196e-06 0.0072304 7.75253e-05 0.567445 0.00260398 0.0028359 0.315252 0.0104942 1.83743e-07 1.3487e-06 0.0442483 0.000344084 8.76925e-07 4.46522e-05 
9.89273e-05 0.0095413 2.26325e-05 0.0191676 0.00163979 2.60556e-05 0.00157888 3.86222e-07 0.123529 0.00198954 0.000665597 4.53626e-05 0.0342792 2.45795e-09 2.30773e-08 0.806903 0.000386229 2.67935e-05 9.95166e-05 
0.000951941 0.187744 0.0432514 0.0265639 0.148133 0.00496278 0.0336809 7.0637e-05 0.107015 0.285761 0.12685 0.0115588 0.00731612 2.26145e-06 0.001532 0.0116004 0.00227029 0.000391013 0.000345228 
3.29175e-07 0.279811 3.42436e-05 0.14168 0.0264185 0.000751634 0.00272703 2.10253e-11 0.011468 0.403157 0.127932 1.9249e-07 0.0026593 1.78333e-11 3.15639e-06 0.000610454 7.33742e-08 0.000432645 0.00231418 
5.57681e-06 0.0774437 0.0100246 0.0247765 0.0892904 1.40489e-05 0.0836103 3.98567e-09 0.0637381 0.406559 0.00944876 0.000260815 0.00301442 3.38057e-09 0.000100558 0.217241 0.00109345 0.00105451 0.012324 
0.00578628 0.171666 0.0117215 0.22371 0.24696 0.000203913 0.00232641 1.82439e-05 0.181645 0.0422985 0.025669 0.000479316 0.0423917 1.48011e-05 0.0124432 0.0132267 0.0185059 0.000269617 0.0006647 
7.92196e-05 0.00296328 0.00125694 0.000661209 0.00582086 0.0024175 0.0104989 2.50728e-07 0.675236 0.04189 0.00597772 0.000254753 0.0199789 2.12663e-07 7.90776e-06 0.232328 0.000627692 6.24137e-07 3.2208e-07 
0.000569821 0.130087 0.00310761 0.496575 0.0340176 0.000824978 0.00347665 3.49764e-06 0.0966099 0.179782 0.0192521 0.00213209 0.0141749 1.2646e-06 0.00845075 0.0015076 0.00465801 0.000106926 0.00466166 
3.70484e-06 0.0209577 1.77447e-05 0.000132805 1.1857e-05 1.01608e-05 0.0586414 7.76203e-07 0.0336139 0.570296 0.190774 1.35442e-05 0.0636164 6.58361e-07 0.0587199 0.00164817 4.2482e-05 5.21937e-06 0.00149429 
2.28821e-05 0.0377818 7.82166e-05 0.0974504 0.0131223 0.000405857 0.125715 2.85026e-07 0.0171951 0.10061 0.541213 0.000224238 0.0372138 7.75957e-10 0.00235477 0.020976 0.000191341 2.60998e-07 0.00544516 
0.000497463 0.390578 0.00510279 0.127114 0.306751 0.000292322 0.00359965 7.29493e-11 0.0177042 0.0180852 0.0641172 0.000382974 0.0299443 6.18742e-11 0.00173716 0.0318783 0.00209432 6.00333e-07 0.000120198 
0.00011838 0.143753 0.114147 0.573776 0.0371112 4.10559e-05 0.024378 1.15851e-08 0.000938129 0.0168749 0.0409886 0.000220627 0.000313583 9.82629e-09 0.00400899 0.00256691 0.000229063 0.000161022 0.0403738 
4.77911e-05 0.094261 0.000460496 0.0496863 0.0113298 3.74261e-05 0.00832924 0.01238 0.00776507 0.033421 0.383469 3.53114e-05 0.000693511 4.86524e-08 0.163795 0.00321323 0.0271 5.8499e-07 0.203975 
0.000597379 0.0446047 0.585997 6.96892e-07 0.000536363 7.83539e-08 0.00441844 6.57753e-12 1.11069e-07 0.274379 0.0779456 0.000289107 0.000195463 5.57893e-12 0.00908544 3.5359e-08 2.29543e-08 1.93078e-07 0.00195034 
0.00273937 0.0541972 0.000495198 0.0301267 0.0437774 0.00183676 0.00186815 0.000343446 0.0572222 0.0282334 0.0228119 0.00487491 0.106933 1.15745e-05 0.00163801 0.603147 0.0384322 0.000924426 0.000386593 
0.0404729 0.115629 4.47264e-09 0.630919 0.0055949 0.000741269 0.00648771 8.33362e-09 0.00137318 0.00102254 0.00249308 0.000140447 0.131119 2.90668e-09 8.92001e-05 0.014129 7.90307e-05 2.79224e-08 0.0497093 
0.000476193 0.00973941 0.00300811 0.00609337 0.0680106 0.000129709 0.0123322 4.16784e-05 0.368938 0.33629 0.0219961 0.00122733 9.64931e-07 2.34666e-10 6.31546e-05 0.0285254 0.0128346 0.130293 4.93726e-07 
0.000393954 0.0604561 0.0151531 0.0171377 0.2364 3.07891e-05 0.0014865 0.000467522 0.15645 0.411628 0.0448137 0.00699018 0.00137446 5.00222e-08 0.015871 0.00834459 1.39742e-05 0.0224132 0.000575377 
1.86898e-06 0.306573 8.43783e-06 0.454405 0.00183411 7.84506e-06 0.00250679 7.75662e-11 0.0204553 0.000106917 0.00283199 1.37443e-05 0.170032 6.57901e-11 6.87972e-05 0.040771 0.000160727 3.66749e-08 0.000222463 
3.52904e-05 0.140553 0.00277536 0.0622375 0.0359749 0.000145693 0.0145602 3.04099e-06 0.461906 0.15036 0.024209 1.27324e-05 0.034596 2.127e-06 0.00106556 0.0608688 0.00867268 0.00182727 0.000195001 
0.00492878 0.283449 0.146014 0.0223798 0.060611 0.000302203 7.91724e-05 4.46036e-12 0.432366 0.00122735 0.0140799 8.51245e-05 0.0182957 3.78319e-12 0.000713924 0.0144966 0.000932686 2.10877e-05 1.82634e-05 
0.00206988 0.265769 0.000529564 0.188383 0.0471978 0.0106541 0.00427623 0.000100456 0.130792 0.00403511 0.0228289 0.00107313 0.142304 6.17346e-06 0.00624393 0.10273 0.0700789 1.57468e-05 0.00091203 
4.02617e-09 0.32956 2.84829e-07 0.313852 0.0661161 2.29225e-07 0.0032139 4.07618e-10 0.0295977 0.00540895 0.176224 0.000448999 0.0166747 3.45734e-10 5.33588e-05 0.00710226 0.0510094 3.20081e-06 0.000735458 
3.94596e-06 0.321057 0.0011905 0.288106 0.109292 0.00655435 0.00642921 2.80086e-10 0.0470577 0.132408 0.0201821 9.93585e-05 0.00478968 2.37563e-10 1.7118e-05 0.0400305 0.00230628 1.49825e-05 0.0204615 
1.41928e-05 0.484839 1.31852e-05 0.0233527 0.455249 2.64275e-10 0.000382761 1.90645e-11 0.00595128 0.00265733 0.0183368 5.74859e-05 1.12995e-05 1.61702e-11 0.00868749 1.78344e-05 0.0002725 5.74649e-06 0.000151918 
8.09053e-06 0.356623 1.2812e-05 0.409017 0.0370063 9.46749e-05 0.010409 7.77328e-08 0.105893 0.0142954 0.0209942 0.000967845 0.0210026 3.16335e-11 0.000323758 0.021962 0.00113786 7.8669e-06 0.000244544 
0.000660644 0.102464 0.000857909 0.0402312 0.0985812 0.162437 0.245088 2.33515e-05 0.0427729 0.0265952 0.152122 0.0375779 0.0382933 4.4043e-06 0.0363772 0.00702039 0.00149372 5.02223e-06 0.00739573 
8.15971e-06 0.0554977 9.50412e-06 0.00868824 0.00114266 2.37627e-05 0.419558 3.10102e-07 0.00417041 0.000893484 0.366487 0.0002853 0.00252808 1.89736e-08 0.000600298 0.000777516 0.00183908 2.1787e-06 0.137489 
0.019178 0.00971403 0.407284 0.00721916 0.13236 2.30113e-05 3.88231e-05 4.09102e-09 0.405122 0.00338911 0.00120591 0.0040003 0.00417009 3.46993e-09 9.10793e-06 0.00392452 0.000220191 0.00212402 1.77969e-05 
1.57243e-05 0.412623 0.00124022 0.375988 0.0732989 7.56662e-06 0.00538246 4.35097e-06 0.0160695 0.0131626 0.0637257 7.58563e-05 0.000432635 1.3225e-07 0.00696609 0.0187532 0.00146806 0.000103604 0.0106827 
0.000165421 0.127374 9.62417e-05 0.00208721 0.00835533 9.96665e-05 0.485864 1.77422e-08 0.0187265 0.00242905 0.072755 0.00135782 0.250905 1.50486e-08 7.5158e-07 0.0255764 0.00162544 1.91787e-07 0.00258274 
0.0368656 0.0504092 0.506677 0.075183 0.0436523 0.000314155 0.000264507 1.35452e-07 0.228473 0.0187536 0.00341439 0.000115295 0.000955891 1.57977e-11 0.00206529 0.0194387 0.0124487 0.000781467 0.000187921 
4.54368e-05 0.222367 3.91271e-05 0.271912 0.441751 0.000157533 0.000952779 2.49428e-05 0.0391179 0.00256153 0.00121774 0.000211398 0.00696836 1.5654e-06 0.00058105 0.00965785 0.00197034 0.000387728 7.50116e-05 
0.000133213 0.0295288 0.0027831 0.372633 0.462122 2.66396e-05 0.000897712 4.46499e-11 0.00250576 0.127045 0.000267686 0.000125687 0.000495018 3.78712e-11 1.31809e-05 0.000515595 4.06925e-05 0.000849061 1.66387e-05 
9.76484e-06 0.283485 7.09706e-05 0.301013 0.150167 5.57041e-05 0.0016254 4.67994e-07 0.0346258 0.00288576 0.0728651 5.09205e-05 0.0736947 3.45967e-08 0.000398078 0.0686464 0.00945528 1.34505e-06 0.000949101 
0.000223307 0.0119222 4.48508e-05 0.00829694 0.0174745 0.000273108 2.77279e-05 1.8949e-05 0.88782 0.00571412 0.00281183 0.000204572 0.00283318 7.07974e-06 0.000451131 0.0214118 0.0027978 0.0374474 0.000219583 
0.000388078 0.0313477 0.000247438 0.00129427 0.507195 3.92993e-05 2.0887e-06 0.000165808 0.0760991 0.0915224 0.018873 0.000201758 0.0036875 2.0482e-09 0.00119286 0.131584 0.000436251 0.135153 0.000570309 
0.0113551 0.0820031 0.00683901 0.0889006 0.0702054 0.00140983 0.0140785 0.000246926 0.0707978 0.304121 0.175601 0.000598643 0.0649979 0.000201341 0.0666019 0.0107441 0.00852224 0.000218961 0.0225565 
5.00261e-05 0.00198058 4.91905e-07 0.00118835 0.000369774 7.14009e-05 0.031075 2.57907e-10 0.00374582 0.959469 0.000964571 2.47427e-05 0.000323726 2.18752e-10 9.79825e-05 2.39331e-07 0.000107247 1.77897e-05 0.000513657 
1.73684e-06 0.456811 9.21582e-05 0.340893 0.0523058 5.30196e-07 0.00432584 1.17804e-05 0.0211633 0.00188449 0.0658774 1.7303e-05 0.000767462 1.24838e-08 0.00294521 0.0512946 0.000793364 4.70058e-07 0.000813816 
3.21089e-05 0.0863952 5.36085e-06 0.62751 0.0619885 0.000266065 5.86683e-05 3.42894e-12 0.00815534 2.10662e-06 0.00283435 0.000144736 0.19627 2.90836e-12 8.31496e-05 0.0154501 0.000778353 1.25534e-08 2.52789e-05 
0.00339865 0.169238 0.0645972 0.231614 0.0182922 0.000114331 0.00291979 5.35487e-06 0.195908 0.00217856 0.0175745 0.00036772 0.252704 4.38423e-06 0.000992559 0.0238058 0.0144079 5.19096e-05 0.00182501 
0.000190178 0.00116694 1.59891e-05 0.00138577 2.17374e-05 0.960313 0.000212559 1.96778e-10 0.00338347 0.0205545 0.0104307 8.51085e-06 0.00113341 1.66903e-10 0.000762229 3.17785e-07 0.000251292 7.04806e-06 0.000162125 
2.28431e-05 0.248831 4.03172e-05 0.373494 0.0913073 0.000278906 0.0436148 9.3572e-08 0.0364907 0.0014058 0.0388769 0.000231093 0.0653773 1.70943e-11 0.0445076 0.0423624 0.0123615 4.86485e-06 0.000793031 
5.32252e-05 0.0976267 0.00613731 0.0226191 0.0286713 2.68616e-05 0.00481071 0.000300505 0.0307792 0.577097 0.144318 0.000411764 0.00510479 4.8895e-06 0.0349565 0.00274277 0.000367824 0.000380769 0.0435913 
0.000122474 0.0376575 0.0113339 0.0111711 0.00373854 0.000262332 0.0101003 0.130479 0.0108973 0.0066892 0.26692 0.00138906 0.00374897 8.18862e-07 0.00040159 0.012619 0.000334811 1.99933e-05 0.492114 
9.60853e-05 0.322244 0.000306793 0.134422 0.0670271 0.00038921 0.0121797 1.10367e-07 0.080585 0.297174 0.0386254 0.000210536 0.0125715 3.65107e-09 0.000529702 0.0129061 0.019824 1.04854e-08 0.000909149 
6.79053e-05 0.0720699 5.40419e-06 0.294865 0.180355 3.20419e-05 0.00593169 0.000356051 0.105746 0.0251465 0.0196614 0.000370607 0.0168051 4.55199e-08 0.00324839 0.0214246 0.253815 2.26111e-05 7.77055e-05 
0.000562766 0.0861695 0.0386921 0.0933796 0.0909364 0.000120862 0.0064782 8.82768e-05 0.0169733 0.524658 0.105948 0.000236714 0.00125685 9.42739e-06 0.00960272 0.00397743 0.00651155 0.00184867 0.0125505 
2.86603e-06 0.00111983 1.94135e-06 0.00193634 0.00318073 0.000339559 0.000829855 0.138694 5.13718e-05 0.000302694 0.787433 1.69581e-05 9.62928e-05 9.94412e-08 4.01101e-05 0.0652516 2.17163e-05 7.37053e-06 0.000673773 
0.00245849 0.0755644 0.0210184 0.0536098 0.0871705 0.0015758 0.0210619 0.00334455 0.0983344 0.0368296 0.0968371 0.000555474 0.0216655 2.87535e-05 0.00382005 0.414828 0.0177207 0.0422317 0.0013446 
0.000611244 0.0761369 0.00107339 0.00152071 0.0195959 3.90747e-05 0.028505 0.00198034 0.0451011 0.491786 0.0370564 0.000431132 0.00795713 3.41682e-06 0.00891949 0.0465451 0.231868 2.96834e-05 0.000839263 
1.29002e-06 0.0924043 3.39684e-06 0.000154657 0.00255045 0.000166509 0.0318809 3.75193e-08 0.0208381 0.622533 0.0784216 5.47198e-06 0.000270232 3.18232e-08 7.69594e-05 0.0355668 3.70962e-05 1.16646e-05 0.115077 
3.84148e-05 0.421951 0.00563362 0.0674059 0.0331407 3.73349e-05 0.0138709 7.30542e-05 0.0280584 0.228198 0.183665 0.000855082 0.00651862 5.2079e-06 0.00319757 0.00400077 0.00044779 0.000126711 0.00277623 
0.0102591 0.271763 0.000434874 0.104012 0.0832624 0.00151028 0.0552798 4.97054e-05 0.0727112 0.152965 0.126152 0.000445564 0.0600663 7.58647e-07 0.00213906 0.0235098 0.0324863 9.17034e-07 0.00295203 
4.02617e-09 0.32956 2.84829e-07 0.313852 0.0661161 2.29225e-07 0.0032139 4.07618e-10 0.0295977 0.00540895 0.176224 0.000448999 0.0166747 3.45734e-10 5.33588e-05 0.00710226 0.0510094 3.20081e-06 0.000735458 
0.000138122 0.0690607 7.90517e-05 0.0104255 0.00525256 3.69863e-05 0.013585 2.51136e-07 0.0169387 0.748686 0.0127855 0.00678696 0.000233074 2.2785e-07 0.016891 0.00357136 0.000386318 1.02893e-05 0.0951324 
2.92098e-05 0.187012 1.50775e-05 0.109621 0.0295283 0.0210027 0.00175468 9.6147e-06 0.188985 0.0367756 0.00580705 2.07434e-05 0.0246115 1.91125e-06 0.076431 0.0908837 0.227115 3.45431e-05 0.000362428 
5.58966e-05 0.119028 0.000884991 0.450365 0.101691 0.000267506 0.00140569 1.44834e-05 0.0231987 0.00374758 0.0337946 7.40198e-05 0.0697685 1.40734e-06 0.0059695 0.0878908 0.101131 1.06453e-05 0.000700372 
3.70775e-05 0.403109 0.00434437 0.140163 0.0253629 0.00319929 0.0947685 7.13857e-05 0.0159983 0.12612 0.135275 0.00427771 0.018646 5.39732e-07 0.0174158 0.00334582 0.000271483 9.1278e-05 0.00750276 
4.46356e-06 0.443096 0.0468981 3.02065e-05 8.01391e-06 3.39622e-06 7.39415e-06 2.851e-10 4.81426e-06 0.167486 0.272875 2.61013e-06 0.00242238 2.41817e-10 4.28002e-05 1.53262e-06 9.94943e-07 8.3689e-06 0.0671082 
1.54909e-05 0.0842526 0.00011985 0.792242 0.0536718 2.45276e-05 0.000219328 1.26869e-07 0.0455986 0.00647844 0.000634664 7.9396e-05 0.00641016 1.07608e-07 0.000203922 0.00800359 0.00188424 2.57213e-05 0.00013517 
0.00487497 4.88235e-05 0.338278 0.318593 9.71427e-06 4.11681e-06 8.963e-06 3.45591e-10 0.0291844 0.274335 2.689e-05 3.16394e-06 2.93341e-06 2.93124e-10 5.18813e-05 0.034557 1.20605e-06 1.01446e-05 1.05631e-05 
6.72199e-05 0.0840494 0.000120483 1.60538e-06 1.62029e-06 3.72625e-06 0.19807 1.79914e-06 0.0153073 0.569808 0.0701081 3.54325e-05 0.0436927 6.13369e-08 9.59517e-08 0.0185553 1.68768e-06 2.04334e-06 0.000172598 
9.7605e-06 0.0452365 1.72548e-06 0.470351 0.0350555 0.000347043 0.00239679 7.2751e-10 0.0107399 7.16307e-07 0.0849159 4.38546e-05 0.239909 6.1706e-10 2.51052e-05 0.110554 0.000406278 7.98662e-08 7.7043e-06 
6.72199e-05 0.0840494 0.000120483 1.60538e-06 1.62029e-06 3.72625e-06 0.19807 1.79914e-06 0.0153073 0.569808 0.0701081 3.54325e-05 0.0436927 6.13369e-08 9.59517e-08 0.0185553 1.68768e-06 2.04334e-06 0.000172598 
8.3562e-06 0.450974 0.000316281 0.0150565 0.160582 0.000949196 0.0197859 2.1036e-05 0.188916 0.0691453 0.0496502 0.000133357 0.0206293 6.45576e-09 0.00208869 0.010294 0.0107479 4.42674e-05 0.000658201 
0.000191712 6.41179e-05 2.22804e-05 0.0137116 0.0144883 2.63368e-06 1.16839e-05 5.8612e-08 0.0482433 0.915703 5.47248e-06 1.71546e-05 4.26187e-06 4.97136e-08 2.41802e-06 1.43886e-05 0.00725278 0.000195074 6.97933e-05 
8.15971e-06 0.0554977 9.50412e-06 0.00868824 0.00114266 2.37627e-05 0.419558 3.10102e-07 0.00417041 0.000893484 0.366487 0.0002853 0.00252808 1.89736e-08 0.000600298 0.000777516 0.00183908 2.1787e-06 0.137489 
4.71984e-07 0.0921442 0.00018152 0.870293 0.0145766 1.11388e-08 0.00219571 1.66561e-11 0.00090947 0.00202938 0.00204251 3.82583e-05 2.84845e-05 1.41274e-11 1.72418e-06 0.0154823 8.53267e-08 1.59676e-07 7.59234e-05 
0.000157599 0.193984 0.00228368 0.252863 0.0198812 0.000446473 0.122684 0.000136077 0.0395856 0.0107746 0.133285 0.000680409 0.00874576 4.1031e-05 0.050944 0.103704 0.00180605 0.000110006 0.057887 
0.0084263 0.186157 0.000333185 0.112596 0.40732 0.000996066 0.00455547 0.00075364 0.0254238 0.0150052 0.0423272 0.0016106 0.0107142 0.000328085 0.0118492 0.152146 0.00774503 0.00155373 0.0101601 
4.54181e-06 0.615507 1.15818e-09 0.0215633 0.249226 1.20113e-05 0.00362983 1.78337e-12 0.076967 0.000505183 0.0105799 8.85048e-06 0.00493754 1.51262e-12 0.00243898 0.00870391 0.00204975 1.92717e-10 0.00386637 
0.000496746 0.367263 0.000559149 0.00478753 0.113085 0.000588651 0.000963951 1.08232e-05 0.356489 0.010557 0.00701572 0.000260211 0.0648625 2.15482e-06 0.00012066 0.0426778 0.0300557 1.25897e-05 0.000191138 
1.80024e-05 0.000102752 0.000638132 0.00040217 0.000175734 6.64478e-08 1.70077e-05 1.24538e-10 2.96605e-05 3.00784e-05 0.0016334 8.91346e-06 9.7951e-05 5.46686e-13 0.000438 5.72834e-05 7.77851e-07 1.92968e-06 0.996348 
0.000144172 0.00470809 0.000223063 0.00627184 0.00064618 9.06406e-05 0.0344248 3.897e-06 0.0179935 0.924342 0.00695773 2.28848e-05 0.00117031 3.69013e-07 0.000982291 0.000291094 0.000209922 9.28341e-05 0.00142402 
2.54367e-05 0.113781 4.71344e-05 0.0571436 0.691864 6.26602e-06 0.000270223 3.26046e-12 0.0926421 0.00822011 0.00105029 3.32997e-05 0.00130814 2.76546e-12 0.000115185 0.00390758 0.0294514 2.99685e-06 0.00013117 
0.00263049 0.0680484 0.000491001 0.0462287 0.237757 5.10574e-05 0.00871892 5.1761e-05 0.0286454 0.359984 0.0291466 0.00496776 0.00517377 5.3886e-06 5.78387e-06 0.13191 0.0216794 0.0536784 0.000825111 
3.051e-07 0.0936091 3.17392e-05 2.06472e-06 5.4778e-07 2.32144e-07 0.00783445 1.94876e-11 0.0081942 0.565765 0.195756 1.78412e-07 1.65413e-07 1.6529e-11 0.12112 1.0476e-07 6.80079e-08 5.72044e-07 0.00768445 
1.79327e-05 0.0801234 3.06348e-05 0.00172021 0.0289139 5.78341e-05 0.0355211 0.000214217 0.169701 0.0525694 0.00350978 6.38814e-05 0.0424991 6.09837e-07 0.010719 0.0128498 0.561455 4.32351e-06 2.84154e-05 
0.000156122 0.0365981 0.00912778 0.00700473 0.156978 2.71158e-06 0.0231842 3.79884e-09 0.00258968 0.0917124 0.519438 0.000116759 0.000417302 3.22211e-09 0.000323158 0.00278274 0.000361524 5.85484e-06 0.149201 
0.000288835 0.0746448 0.00242745 0.00911418 0.00195185 4.76073e-05 0.0241364 8.38031e-07 0.0136385 0.543698 0.25408 0.00049972 0.00188434 7.10802e-07 0.029744 0.000102273 0.0435992 3.65584e-06 0.000137758 
0.00484748 0.00876323 0.000175424 0.00307877 0.000211927 0.000195664 0.00197568 8.65339e-05 0.0647755 0.00644465 3.74662e-06 1.49486e-07 0.00938286 2.17312e-10 7.03108e-08 0.900007 1.31152e-05 2.17111e-06 3.56586e-05 
0.811117 0.0081669 0.000684144 0.0210546 0.00353439 7.36663e-07 8.72446e-05 0.0715813 0.0720592 0.00110907 4.44532e-07 0.0037832 0.00057899 1.32507e-10 7.86253e-08 0.00600502 0.000235251 2.19344e-08 2.46495e-06 
0.000778948 0.0499852 3.07255e-05 0.0646638 0.0313368 0.0872379 0.00612128 0.000206312 0.0461802 0.639883 0.0390942 6.69169e-05 0.0163489 1.95376e-05 0.010692 0.0014018 0.00233193 2.46598e-05 0.00359538 
1.82222e-09 0.415285 0.00182033 0.532053 0.0012391 1.40008e-08 0.00506192 3.23747e-12 0.00638773 0.00352344 0.0124039 0.011923 0.00539035 2.74596e-12 1.10074e-07 0.00346072 6.72008e-09 3.18649e-09 0.00145186 
4.83097e-07 0.0065471 0.000426125 0.099564 0.00609463 0.00184709 0.00123754 2.08881e-08 0.0712684 0.745353 0.0544005 0.000345674 1.79486e-06 1.77169e-08 2.43488e-07 0.0017817 0.00496444 1.8521e-06 0.00616545 
7.00405e-07 0.0691396 2.26139e-07 0.122623 0.115493 0.000228358 0.00945379 3.56948e-10 0.0612704 0.0147235 0.00835442 0.00082364 0.553278 3.02757e-10 0.000154995 0.0431556 0.000500589 6.9796e-08 0.00079985 
1.30799e-05 0.00985139 0.00223698 0.0535534 0.631629 3.42481e-06 0.00115992 3.62871e-07 0.0201877 0.270439 0.00325645 1.50788e-06 0.000295515 3.07781e-07 5.40792e-07 0.006861 0.000392888 0.000116496 1.59181e-06 
0.000407573 0.0407173 2.7333e-05 0.0225764 0.0037804 0.000252133 0.00176711 1.8949e-06 0.857855 0.000282884 0.00176992 7.10633e-06 0.0117951 5.28577e-07 1.24428e-05 0.0582993 0.000379717 3.83799e-06 6.36917e-05 
0.0278501 0.229153 3.00355e-06 9.85099e-06 0.00973103 6.11053e-05 0.0607015 8.47889e-08 0.172741 0.462752 0.0125724 3.1366e-06 0.00176517 7.19164e-08 0.000602442 0.0164419 0.00559233 2.13283e-06 1.70454e-05 
0.000226657 0.316025 0.00744581 0.000737096 0.0719785 3.37763e-05 0.00687669 4.70801e-05 0.000350727 0.450275 0.141191 0.00169736 3.60092e-05 7.22376e-08 0.000391048 0.000538505 0.000574607 5.43844e-05 0.0015212 
0.0348143 0.0595938 0.000460529 0.079943 0.0334563 2.02925e-05 0.0176649 1.647e-06 0.241617 0.00166177 0.00654596 0.38579 0.0114333 5.57132e-08 0.000442242 0.105452 0.0210056 1.71326e-05 8.01216e-05 
0.00492878 0.283449 0.146014 0.0223798 0.060611 0.000302203 7.91724e-05 4.46036e-12 0.432366 0.00122735 0.0140799 8.51245e-05 0.0182957 3.78319e-12 0.000713924 0.0144966 0.000932686 2.10877e-05 1.82634e-05 
0.0751125 0.0814053 0.00115058 0.005707 0.0309714 0.000196526 0.140498 4.87475e-06 0.480276 0.118082 0.00338415 0.0028883 0.0404549 9.9152e-11 0.00859751 0.00865734 0.000872397 1.23878e-05 0.00172927 
2.14551e-05 0.262631 2.06028e-07 0.523683 0.0013205 0.00050244 0.005387 8.85486e-11 0.000369845 0.203702 0.000288264 0.000139416 3.8459e-08 7.51053e-11 1.58785e-09 1.21932e-07 0.0010106 6.76628e-06 0.000937446 
0.000198492 0.0647186 7.25831e-05 0.01147 0.00371338 1.02213e-06 0.679537 0.0232487 0.006397 0.118765 0.0742386 0.00147102 0.00432788 1.47678e-09 8.46706e-08 0.00845183 1.09227e-06 3.17726e-07 0.0033875 
2.71062e-06 0.593511 9.18372e-05 0.310513 0.0427745 0.000897871 0.003281 8.35847e-10 0.0173464 0.00603384 0.00472547 2.23245e-05 0.00720832 7.08949e-10 2.00797e-05 0.00837854 0.000220802 4.77687e-08 0.00497282 
0.0239103 0.00959474 0.711478 0.0268501 0.0513198 2.21622e-07 0.00283595 1.33374e-09 0.0382739 0.0399864 0.0075939 0.0537177 0.00438502 1.13125e-09 0.000155867 0.021735 0.00369984 5.65729e-05 0.00440643 
8.63344e-05 0.0902222 0.00161317 0.0140572 0.0236459 0.00147168 0.038241 2.56165e-06 0.150658 0.646409 0.0101976 0.000155948 0.00874191 6.96394e-07 0.00189567 0.00862938 0.00144855 0.000489763 0.00203345 
0.00129644 0.00181164 0.00941146 0.158859 0.123408 0.000461919 0.00584639 2.66583e-10 0.0218334 0.543474 0.115615 0.0035271 0.000730447 2.2611e-10 1.25556e-05 0.00242304 0.00661634 0.000193011 0.00448024 
0.000220933 0.270736 7.61103e-05 0.218348 0.244344 0.000751073 0.00122087 4.40853e-12 0.0687027 0.00711731 0.0200486 0.0009879 0.00547887 3.73923e-12 0.0100003 0.0089391 0.142531 3.11687e-06 0.000493981 
0.000121226 0.203249 0.0194238 0.0056168 0.160833 0.000427351 0.0153948 1.18432e-06 0.0397864 0.186363 0.0946869 0.00629556 0.191799 8.03371e-07 0.022977 0.047869 0.00472136 2.76032e-06 0.000430689 
0.00861017 0.277864 0.00112077 0.0994958 0.0405692 0.000515743 0.0302519 3.17133e-05 0.147285 0.0470316 0.148251 0.00187866 0.0630862 4.43688e-06 0.0120176 0.0968386 0.021162 0.00027042 0.00371517 
0.0404729 0.115629 4.47264e-09 0.630919 0.0055949 0.000741269 0.00648771 8.33362e-09 0.00137318 0.00102254 0.00249308 0.000140447 0.131119 2.90668e-09 8.92001e-05 0.014129 7.90307e-05 2.79224e-08 0.0497093 
1.35135e-05 0.00487007 0.000205294 0.000197873 0.00201445 0.00353711 0.00811899 1.16089e-06 0.00327993 0.868712 0.089922 3.53954e-05 0.00383963 9.84649e-07 0.00144755 9.66448e-05 0.00115645 2.4523e-05 0.0125269 
0.0404729 0.115629 4.47264e-09 0.630919 0.0055949 0.000741269 0.00648771 8.33362e-09 0.00137318 0.00102254 0.00249308 0.000140447 0.131119 2.90668e-09 8.92001e-05 0.014129 7.90307e-05 2.79224e-08 0.0497093 
0.000364789 0.140084 5.72805e-06 0.310275 0.00979286 0.000529141 0.0208804 0.079963 0.0200993 0.0194169 0.116175 2.85213e-06 0.0824204 4.96017e-08 0.00671285 0.161991 0.0240468 1.00596e-06 0.00723777 
5.00261e-05 0.00198058 4.91905e-07 0.00118835 0.000369774 7.14009e-05 0.031075 2.57907e-10 0.00374582 0.959469 0.000964571 2.47427e-05 0.000323726 2.18752e-10 9.79825e-05 2.39331e-07 0.000107247 1.77897e-05 0.000513657 
0.613292 8.18078e-06 4.09202e-06 0.00958724 0.000307655 1.08879e-06 0.00026246 1.07479e-11 0.00038446 0.000393732 9.22578e-06 0.00584498 0.200064 9.11617e-12 4.25067e-06 0.000811072 4.92855e-09 8.16582e-08 0.169025 
0.00145963 0.0124214 0.000218009 0.0554155 0.212269 7.2946e-05 0.015532 1.98661e-06 0.0208074 0.510998 0.013392 0.00232448 0.00884345 1.6962e-06 0.00752638 0.000726851 0.00523806 0.132412 0.000339153 
0.0462698 0.469359 0.00153022 0.00654755 0.0110304 0.018449 0.000794292 4.61664e-07 0.30821 0.00556603 0.0228444 0.000641303 0.0110631 2.4574e-11 0.0125853 0.034968 0.0481979 8.48388e-06 0.00193553 
2.06522e-05 0.0903094 1.68528e-05 0.0159559 0.00306556 0.0077851 0.00736417 6.32975e-05 0.0215702 0.130973 0.547244 6.51358e-06 0.00559194 1.11978e-07 0.101328 0.0649563 0.000381248 1.70063e-06 0.00336514 
0.174437 0.0448608 0.0486065 0.0335482 0.159643 0.000361025 0.00167407 0.0104082 0.338986 0.0604298 0.00366191 0.0223643 0.0255042 7.60178e-05 0.0169751 0.0358272 0.01819 0.00421589 0.000231274 
0.000134238 0.0389316 0.0432524 0.00564279 0.0899853 0.00350153 0.0162229 1.28702e-07 0.025566 0.66133 0.0197629 0.00294888 0.00111655 1.09162e-07 0.0189238 0.0579639 0.0125499 0.000836327 0.00133071 
5.46247e-05 0.745555 0.0031755 0.113047 0.0665621 1.22994e-08 0.00107772 4.34535e-12 0.0404917 0.00976208 0.00955054 0.000968617 0.0052256 3.68564e-12 0.00349573 0.000499993 2.5415e-08 1.09905e-06 0.000533229 
2.15721e-05 0.379316 0.00211857 0.500309 0.0489557 7.05871e-06 0.00544428 4.72447e-10 0.010851 0.0240668 0.0162196 5.40489e-05 0.000328018 4.0072e-10 0.000656286 0.00137697 0.00217814 0.000210516 0.00788663 
0.592683 0.0112954 0.00225402 0.00470517 0.00250958 0.109179 0.000171466 8.64589e-06 0.0421575 0.0431786 0.00930971 0.0288867 0.0157527 5.43724e-10 0.0895193 0.00680948 0.0403581 0.000465313 0.00075604 
1.995e-05 0.0186536 0.000416032 0.00508161 0.000159725 2.9283e-06 0.00934671 1.31016e-07 0.00748601 0.00374051 0.942334 1.0866e-05 9.11427e-05 5.14647e-09 0.00381052 0.00776595 0.000146004 6.43283e-08 0.000934143 
0.000109621 0.221692 5.71487e-07 0.0323831 0.00697439 0.00530042 0.0113007 3.49446e-06 0.352186 0.0429002 0.0139 1.02692e-05 0.199757 5.90281e-09 0.0324471 0.0766929 0.00403832 9.93056e-06 0.000293951 
0.000952942 0.159991 0.0157499 0.140187 0.111379 0.00332867 0.0315049 0.0269729 0.0995904 0.144818 0.100275 0.00432314 0.0618108 0.000376633 0.00243855 0.0812578 0.0004935 0.00127845 0.0132713 
2.96194e-05 0.361989 6.29275e-06 0.372758 0.0926088 0.000322371 0.0121104 0.000161253 0.0170177 0.00241555 0.0364246 0.000184393 0.0683076 6.03533e-06 0.00347427 0.0255648 0.00576974 1.09459e-05 0.000838723 
0.000150077 0.00669188 0.000542507 0.01607 0.00222678 8.08645e-06 0.00122157 1.03408e-08 2.39792e-05 0.953728 0.0115542 5.46412e-06 1.59512e-05 8.77088e-09 5.54009e-06 7.29029e-07 2.505e-06 4.08301e-07 0.00775268 
0.000140313 0.245412 0.000364746 0.155263 0.00540547 1.82133e-07 0.0212622 0.00333524 0.203971 0.00109694 0.0617221 0.00306439 0.0167457 5.13724e-11 4.60022e-05 0.279403 0.00159633 6.22921e-09 0.00117152 
0.00048603 0.161749 0.00052419 0.0669976 0.127824 0.00011025 0.00685008 8.31149e-05 0.0378641 0.51075 0.039924 0.000418025 0.0177812 7.83555e-07 0.0245955 3.36764e-05 0.00303583 2.24843e-05 0.000949853 
0.00492878 0.283449 0.146014 0.0223798 0.060611 0.000302203 7.91724e-05 4.46036e-12 0.432366 0.00122735 0.0140799 8.51245e-05 0.0182957 3.78319e-12 0.000713924 0.0144966 0.000932686 2.10877e-05 1.82634e-05 
0.000229354 0.0773356 2.87536e-05 0.0612865 0.0876624 0.00516117 0.00184382 0.00274429 0.0958446 0.560599 0.0570374 0.000848607 0.0075319 4.56467e-08 0.00189954 0.00472758 0.0322041 7.37768e-05 0.00294176 
8.66529e-05 0.0587227 0.0192654 0.00602164 0.191195 0.00101774 0.0183612 3.86474e-05 0.017514 0.42816 0.207205 1.80648e-05 0.00354343 2.79729e-06 0.0262297 0.0120313 0.00448365 0.000252364 0.00585121 
2.90434e-06 0.0622301 0.000257623 0.0246197 0.00306583 3.05764e-05 0.117558 9.90238e-11 0.00535736 0.000307293 0.671105 0.0311072 0.000326188 8.39901e-11 0.00248423 0.0107414 0.000594455 1.24081e-08 0.0702119 
5.20768e-05 0.0966573 0.0423419 0.0329444 0.12594 0.00609837 0.000127172 2.13906e-06 0.549376 0.011349 0.0182632 2.65541e-05 0.00988319 3.88663e-08 0.000615297 0.0433455 0.0223606 0.000142706 0.0404747 
3.79022e-08 0.799983 1.16384e-06 0.00266507 0.00249794 5.35491e-06 0.00342603 1.79901e-06 0.158582 0.000124622 0.00554399 7.6279e-06 0.00301662 4.899e-09 0.000104414 0.0166237 0.00741153 2.01006e-07 4.23365e-06 
5.00261e-05 0.00198058 4.91905e-07 0.00118835 0.000369774 7.14009e-05 0.031075 2.57907e-10 0.00374582 0.959469 0.000964571 2.47427e-05 0.000323726 2.18752e-10 9.79825e-05 2.39331e-07 0.000107247 1.77897e-05 0.000513657 
1.08354e-05 0.00468143 0.000180912 9.22291e-05 1.40984e-05 0.000796857 0.947414 1.259e-06 0.00411892 0.00599227 0.0162441 1.51713e-05 4.89509e-05 1.06786e-06 0.0162399 0.00173018 0.00220829 1.14083e-05 0.000198213 
3.99254e-06 0.746872 5.61852e-05 0.0083329 0.00605433 8.06612e-06 0.0276667 1.02883e-07 0.124668 0.0584254 0.013069 8.74718e-05 0.00374877 8.924e-10 1.04435e-06 0.00595552 0.00444475 2.7085e-06 0.000602403 
6.92269e-05 0.493649 0.00389471 0.264402 0.021117 0.000408662 0.00405104 0.000202604 0.0464838 0.0420301 0.0277768 0.00676676 0.0679998 1.67593e-07 0.000941959 0.00685222 0.000949364 1.49409e-06 0.0124039 
5.8564e-05 0.147412 0.049228 0.00430901 0.00308292 0.0124623 0.000195636 3.57358e-08 0.0673634 0.686887 0.0135763 9.46949e-07 0.000805465 3.03104e-08 0.00354846 0.00536497 0.00544054 0.000190837 7.35953e-05 
0.017393 0.0737921 4.33613e-06 0.0577937 0.0297425 7.65095e-05 0.0013905 4.16855e-09 0.259082 0.000385283 8.52646e-06 0.000104785 0.00392162 3.53568e-09 2.09073e-05 0.0167185 0.539555 1.5554e-06 9.2451e-06 
7.99546e-05 0.00386355 0.000328753 0.00658465 0.00505367 2.41557e-05 0.00536727 0.000123868 0.0015423 0.560177 0.361615 0.00557396 0.0103651 3.01564e-08 0.0123928 8.80721e-05 4.11945e-07 9.40125e-07 0.0268185 
0.000792749 0.323939 0.055012 0.04787 0.239552 0.0221702 0.0156747 2.05006e-10 0.0848442 0.0780987 0.0647306 0.0160772 0.0116741 1.73882e-10 0.00971803 0.0106533 0.0177537 0.000188249 0.00125035 
0.000693749 0.265872 9.16438e-06 0.11319 0.193574 0.000149386 0.0456087 1.33721e-06 0.0529951 0.213208 0.062698 0.00977229 0.0105593 3.32485e-07 0.0100704 0.0187585 0.000218662 0.000267852 0.00235378 
0.0724842 0.126131 0.000168907 0.105532 0.0831069 0.000113467 0.000584415 5.03352e-09 0.103682 0.00146662 0.0117434 0.000731328 0.0211354 6.5589e-10 0.0017827 0.257421 0.210913 2.74389e-05 0.00297646 
0.00283221 0.0517544 0.000128484 0.029565 0.00675857 0.00071619 0.0123961 1.58078e-11 0.704177 0.0151127 0.13062 0.000782813 0.00243987 1.34079e-11 0.0291523 0.00460077 0.00764631 1.38153e-05 0.00130326 
0.000895301 0.234112 0.000207024 0.0566674 0.384264 1.52807e-05 0.00294526 5.92195e-06 0.127037 0.00333207 0.0617423 0.000777989 0.0159741 2.06977e-06 0.00973853 0.0946957 0.00730087 0.000165928 0.000121284 
0.00352435 0.00151196 5.92078e-05 0.00485399 0.000600078 0.000257874 1.21991e-05 6.19594e-08 0.398449 0.0196155 0.00532182 5.08876e-05 0.000587331 1.10879e-09 0.000308516 0.0203512 0.000351634 0.544036 0.000109142 
1.56997e-05 0.189459 0.000741231 0.00630197 0.372124 5.78699e-07 0.0116964 2.03645e-06 0.0560561 0.00614391 0.0120729 5.82347e-07 5.49662e-06 3.36663e-09 2.01713e-05 0.323739 0.0215856 1.87521e-07 3.52234e-05 
4.66177e-05 0.13082 0.000838933 0.266799 0.311372 0.00116545 0.00761068 0.000184331 0.0397141 0.0854631 0.0519262 0.000781353 0.0480554 1.83337e-06 0.00219607 0.0190037 0.00868272 0.000171423 0.0251681 
7.91413e-06 0.365865 3.64391e-05 0.45429 0.0346621 5.34554e-05 0.0111543 7.14942e-09 0.00863918 0.000271301 0.0323026 5.89159e-05 0.063214 9.45693e-12 0.000343176 0.022026 0.00183023 2.07358e-07 0.00524578 
0.00035185 0.108907 0.000554071 0.251169 0.308299 0.000668044 0.00364892 5.59151e-12 0.013665 0.267841 0.00554774 0.000313603 0.000625915 4.74261e-12 0.0111906 0.00225617 0.0240579 7.37211e-05 0.000831692 
0.00949191 0.0285966 0.0424725 0.0854651 0.461484 1.07416e-06 0.000367343 5.52181e-07 0.0380443 0.202516 0.0637576 0.0178985 0.0303161 7.21555e-08 0.000748948 0.0136346 0.0039171 0.00119418 9.30753e-05 
0.000352601 0.0253664 0.000865521 0.0333606 0.127786 3.74187e-06 0.00130667 1.58058e-09 0.115671 0.678768 0.0111596 0.000226374 0.00140492 1.34062e-09 0.000133479 0.00241839 0.000175571 8.45781e-05 0.000916605 
2.07279e-05 0.400544 0.00127781 0.325328 0.0992713 1.06577e-05 0.00712053 6.06049e-06 0.0220803 0.0176371 0.0780816 8.54542e-05 0.000446676 1.72018e-07 0.00834392 0.02574 0.00208146 0.000142482 0.0117823 
0.613292 8.18078e-06 4.09202e-06 0.00958724 0.000307655 1.08879e-06 0.00026246 1.07479e-11 0.00038446 0.000393732 9.22578e-06 0.00584498 0.200064 9.11617e-12 4.25067e-06 0.000811072 4.92855e-09 8.16582e-08 0.169025 
4.24564e-05 0.019688 0.000222145 0.0073232 3.83517e-07 5.50122e-06 0.446739 1.45531e-05 0.0877244 0.0224576 0.128745 0.000532456 0.214263 1.52782e-08 5.94289e-06 0.0705119 4.30722e-06 8.17885e-06 0.00171206 
0.000166037 0.202002 0.00847725 0.0942724 0.408902 7.60187e-05 0.00146792 2.24471e-05 0.0576943 0.134323 0.0467419 4.23731e-05 0.00836191 4.51506e-06 0.00371425 0.00978627 0.00303063 9.98811e-05 0.0208142 
0.00344425 0.246088 0.0013859 0.144143 0.0699379 0.00153862 0.00686857 0.000639818 0.105942 0.00631163 0.0272453 0.00122688 0.0471843 0.000567842 0.00977943 0.200175 0.121104 0.00235812 0.00405942 
3.4583e-05 0.177205 8.97478e-05 0.0706462 0.254111 2.18844e-05 0.00990245 6.42117e-05 0.0505016 0.129896 0.103247 9.3164e-05 0.0054043 1.10801e-08 0.00040842 0.126014 0.0610806 1.51862e-05 0.0112655 
5.05804e-05 0.0783635 0.000718803 0.0240734 0.00838615 3.88587e-05 0.00701175 5.04828e-07 0.00412629 0.768103 0.047413 4.86928e-05 0.00687247 4.28185e-07 0.0293952 0.00129336 0.000687057 0.00140917 0.022008 
0.00559119 0.547728 0.000364478 0.0646791 0.0153982 0.000119081 0.040093 8.07495e-05 0.0745376 0.00412389 0.0470212 0.000720877 0.103449 9.38176e-06 0.0112187 0.0131404 0.0707085 1.04898e-05 0.00100584 
