0.000127393 5.27805e-07 1.02811e-08 0.00131189 4.56979e-07 2.49937e-08 0.00014222 6.8351e-12 0.00482867 0.000795672 0.0492056 0.00283467 0.00192798 2.19766e-08 0.930535 6.72264e-10 3.64838e-08 5.171e-12 0.00828987 
0.000331786 0.0651632 0.00272613 0.00784442 0.0167044 0.000687105 0.000804128 1.64488e-12 0.0796323 0.00285287 0.0522817 0.00332021 0.00360636 0.000420364 0.754343 0.00211607 0.00383675 3.54278e-06 0.00332554 
1.24423e-11 2.89906e-12 5.01136e-07 5.49006e-12 7.21259e-12 3.06699e-11 1.60453e-07 7.51817e-11 4.14744e-12 9.15088e-08 0.374199 3.44133e-11 1.00904e-07 6.37677e-11 0.623426 9.20607e-12 1.71472e-11 5.68776e-11 0.00237387 
0.000262027 0.0338173 0.0216836 0.0196883 0.00743026 0.00103015 0.0112223 5.29715e-07 0.0315486 0.0187071 0.174459 0.00210402 0.000916818 0.000167273 0.659846 0.00218995 0.00235498 0.00336544 0.00920618 
6.05303e-13 0.11364 6.71595e-08 0.0270176 0.0487054 2.61125e-08 1.99489e-07 3.6575e-12 0.0156606 0.00131394 0.0284118 1.67417e-12 0.00102471 3.10223e-12 0.719415 0.0063978 0.0362026 2.76703e-12 0.00221017 
1.68048e-07 0.0204358 0.000148824 0.00240385 0.00893432 3.36056e-05 0.00589539 3.0815e-06 0.00363109 0.00100706 0.332923 0.000502689 0.00332352 6.72515e-07 0.546429 0.0201578 0.000536673 3.11212e-09 0.0536333 
0.000818012 0.0605985 0.00629235 0.0321304 0.0225992 0.00763138 0.0135376 0.000655482 0.0374792 0.0303762 0.268478 0.00182441 0.0118168 0.000702987 0.393911 0.0151907 0.00371271 0.000416175 0.0918282 
0.000429264 0.0717521 0.00419092 0.0113291 0.124893 0.00263792 0.0116513 1.02153e-08 0.00204166 0.176746 0.19965 0.00016046 0.0133105 1.70958e-05 0.367377 0.00511951 2.4398e-05 7.72825e-09 0.00866903 
0.0137258 0.0345388 0.00168263 0.029439 0.00903081 0.000211936 0.0654242 0.00131222 0.0292346 0.0358093 0.0959699 0.00676908 0.0163269 0.0142614 0.413288 0.0410805 0.00955935 0.000179649 0.182155 
1.78799e-05 0.0736877 1.46189e-08 0.00941368 0.0095506 1.84979e-06 0.00030112 1.26189e-12 0.00521907 0.000408535 0.056389 8.58508e-05 0.000675233 4.5171e-09 0.819786 0.000213945 0.0198174 2.69366e-10 0.00443176 
2.35085e-05 0.0143989 1.03756e-05 0.0706117 0.00948322 0.000171475 0.0111832 9.12676e-11 0.000118343 0.0127164 0.256033 2.83899e-06 0.0154316 8.18152e-08 0.525365 0.0173547 0.0011784 7.69749e-09 0.0659172 
0.00149915 0.0344398 0.00493396 0.145506 0.016239 0.00202666 0.0156951 7.32679e-09 0.0166449 0.0163579 0.0867439 0.000595021 0.00959511 0.000377382 0.545343 0.00712527 0.00290326 2.17095e-06 0.0939725 
0.000392509 0.0497234 0.00126912 0.00480296 0.00727182 0.00144975 0.000985596 1.61304e-12 0.00953635 0.00455862 0.169356 0.0134416 0.00102842 0.00157311 0.724103 0.000401264 0.000414702 3.98601e-07 0.0096919 
7.22813e-05 0.0363186 0.00048221 0.0092189 0.0181393 7.62198e-05 0.00502676 1.77232e-05 0.020774 0.0072757 0.249255 0.00183507 0.00179276 0.00058368 0.502511 0.0119206 0.00258856 1.48449e-05 0.132097 
4.79931e-05 0.021793 0.000631189 0.0306829 0.00628229 0.000185261 0.00200645 7.60765e-09 0.0137333 0.000611416 0.120257 0.000497133 0.00267736 1.86632e-05 0.774929 0.00681657 0.00222157 7.20281e-07 0.0166084 
9.25034e-05 0.0672947 0.000986891 0.00636463 0.0211522 0.000208271 0.000541481 1.32783e-12 0.174438 0.00115448 0.00411185 8.07026e-05 0.00611098 1.82352e-06 0.705031 0.00394556 0.00799319 5.64434e-06 0.000485802 
0.000157753 0.0734017 0.00939594 0.0430689 0.00933188 0.00103688 0.00961002 4.01569e-06 0.0330198 0.0184747 0.23579 0.000297646 0.0105919 2.47735e-05 0.521865 0.00235946 0.0147966 5.06262e-06 0.0167681 
0.000127393 5.27805e-07 1.02811e-08 0.00131189 4.56979e-07 2.49937e-08 0.00014222 6.8351e-12 0.00482867 0.000795672 0.0492056 0.00283467 0.00192798 2.19766e-08 0.930535 6.72264e-10 3.64838e-08 5.171e-12 0.00828987 
2.88261e-06 0.0851752 1.83173e-06 0.00902936 0.019871 0.00409673 0.000941882 1.39241e-06 0.0211171 1.65399e-05 0.180959 2.88415e-06 0.00319623 2.59357e-07 0.361792 0.30303 0.00877779 9.2618e-09 0.00198829 
8.77201e-07 0.0183165 2.23152e-06 0.000284447 0.000714822 0.000184053 0.00127219 1.3252e-08 0.00512266 3.17403e-05 0.121105 4.96631e-07 0.000444039 5.46667e-07 0.847704 0.000119476 0.000625835 1.00256e-08 0.00407049 
0.000134584 0.0298577 0.000621009 0.00278541 0.00611792 0.000662898 0.00259578 1.3763e-10 0.00592863 0.0030508 0.108795 0.00466124 0.00071235 0.000557122 0.827941 0.000612332 0.000245488 1.37646e-07 0.00472049 
0.00152976 0.0822654 0.00152913 0.0542947 0.0174509 0.0012916 0.0128414 4.09275e-06 0.0708034 0.020893 0.131486 0.00191477 0.0586671 0.0610521 0.460372 0.00493801 0.00521321 2.86675e-06 0.013451 
0.00212129 0.0504923 0.0918499 0.0153701 0.0122735 0.000932345 0.00576594 5.13383e-07 0.055788 0.0522596 0.0776376 0.0061317 0.00474408 0.00100341 0.613782 0.00239148 0.00559656 7.61569e-05 0.00178311 
6.44656e-13 0.00463575 2.60992e-08 0.00014323 0.00209791 2.90802e-05 0.00550387 4.35502e-10 0.000716691 0.000804273 0.0366013 1.6566e-07 0.000217176 8.81146e-08 0.948289 0.000510072 3.28726e-05 2.94692e-12 0.00041891 
2.68181e-05 0.110532 1.86565e-08 0.0141205 0.0143259 2.76432e-06 0.000451674 1.36255e-12 0.0078286 0.000612795 0.0726433 0.000128763 0.00101284 5.76456e-09 0.742102 0.000320913 0.029726 3.27675e-10 0.00616532 
2.83068e-07 0.0089972 0.000112052 0.0103797 0.00265914 0.000123458 0.000379322 9.74536e-10 0.0122467 1.85885e-05 0.00607684 3.39322e-05 0.0039418 1.0071e-05 0.929382 0.000912488 0.0243383 1.43472e-06 0.000386393 
4.05018e-05 0.00974984 2.62938e-08 0.00947165 4.88862e-08 4.3738e-05 0.00014415 9.14935e-12 0.00104263 0.000227342 0.334087 0.00514092 0.000263535 1.43068e-05 0.442209 2.89019e-05 3.40594e-09 1.30708e-06 0.197535 
3.91344e-05 0.00693078 9.03575e-06 0.05118 0.00153504 1.81478e-05 0.000100939 2.23616e-09 0.000672505 0.000138024 0.0573444 0.00135777 0.00157884 1.3682e-05 0.821361 0.00080664 0.000225932 2.89538e-08 0.0566886 
6.64847e-05 0.0335897 0.00048313 0.0129222 0.00654258 0.00076883 0.00214626 2.30708e-12 0.0103081 0.00400605 0.0810331 0.00114526 0.000334374 7.63883e-05 0.84011 6.81433e-05 0.000363641 5.54215e-08 0.00603525 
0.000143503 0.0758108 0.00508255 0.0448232 0.0155742 0.00274197 0.00741898 8.84713e-07 0.0900359 0.139584 0.0781542 8.05291e-05 0.00247153 0.000213399 0.515019 0.0181865 0.00264061 0.00194559 7.21878e-05 
5.72204e-05 0.133137 0.000154417 0.0271732 0.0151597 0.00280992 0.0038184 2.06381e-07 0.0248265 0.00726414 0.294118 0.000802788 0.00279697 0.000105037 0.422387 0.00454407 0.00131289 1.40052e-06 0.0595303 
2.24322e-05 2.3219e-13 3.93459e-12 1.36314e-08 3.44626e-05 8.99066e-08 2.57007e-08 6.02141e-12 2.89024e-09 0.000173289 0.468706 9.92511e-09 1.01006e-12 5.10725e-12 0.472389 0.000216654 2.06139e-09 4.55541e-12 0.0584572 
7.30912e-06 0.11485 2.86957e-06 0.0151656 0.00474862 2.5421e-06 0.000582294 4.39152e-06 0.000917728 0.000270243 0.0109156 2.65729e-05 0.000161532 3.72481e-06 0.851317 4.64564e-06 0.000173084 6.82064e-06 0.000839587 
7.32832e-06 0.0108723 0.000244899 0.00621952 0.00123347 2.07886e-05 0.000144018 7.96039e-11 0.00286398 0.00530308 0.246834 0.000307129 5.89583e-05 6.66685e-06 0.678754 0.000423354 1.12644e-05 2.64072e-09 0.0466954 
0.000598373 0.0668179 0.0127716 0.0560063 0.0131178 0.00102767 0.0314656 1.1428e-05 0.0230376 0.0169781 0.220031 4.60386e-05 0.00829463 0.000528366 0.513747 0.0235472 0.00698445 5.67179e-08 0.00498872 
2.48305e-05 0.00059677 6.81661e-06 0.0317401 3.21364e-05 3.23927e-08 0.0329878 6.87317e-06 0.00954568 0.0545728 0.123037 8.94076e-06 5.21162e-06 5.28385e-08 0.426657 0.0072156 3.88081e-06 6.14289e-09 0.313559 
0.000127393 5.27805e-07 1.02811e-08 0.00131189 4.56979e-07 2.49937e-08 0.00014222 6.8351e-12 0.00482867 0.000795672 0.0492056 0.00283467 0.00192798 2.19766e-08 0.930535 6.72264e-10 3.64838e-08 5.171e-12 0.00828987 
0.000392509 0.0497234 0.00126912 0.00480296 0.00727182 0.00144975 0.000985596 1.61304e-12 0.00953635 0.00455862 0.169356 0.0134416 0.00102842 0.00157311 0.724103 0.000401264 0.000414702 3.98601e-07 0.0096919 
2.49246e-05 2.26504e-05 3.21444e-09 0.00247693 0.000190334 0.000108464 0.000103677 2.87196e-12 2.13076e-06 2.2535e-05 0.155111 4.6887e-06 1.59319e-07 1.14509e-06 0.83043 0.00280029 0.00043916 1.58013e-09 0.00826203 
0.000550655 0.0909447 0.000783804 0.00559912 0.00475994 0.00115891 0.00526313 1.8443e-11 0.0248343 0.0127662 0.379007 0.0109934 0.00218579 0.0292079 0.386743 0.000856969 0.0010745 2.27681e-06 0.0432689 
2.31233e-06 0.0328945 4.6467e-06 0.0395381 0.00170288 0.0700376 0.00141455 2.53725e-08 0.00472046 0.0391219 0.185956 2.73282e-06 0.00157909 2.80402e-05 0.309786 0.00611399 0.000459236 3.2556e-09 0.306639 
6.39041e-05 0.00382829 0.000964835 0.00567375 0.000613633 7.90085e-05 0.00410011 3.28903e-09 0.00102443 0.00110796 0.126411 0.00697309 0.000231707 0.000105549 0.737823 0.000101663 2.78927e-05 9.22477e-11 0.11087 
8.64989e-06 0.00680692 1.90598e-12 0.00337315 0.000319558 5.364e-05 0.000792249 2.91687e-12 0.00106147 0.00122751 0.0148755 0.000421478 0.000363371 7.98244e-06 0.612548 2.89603e-05 3.01935e-06 1.49206e-09 0.358108 
6.51566e-06 0.0240276 8.99913e-05 0.00688439 0.00303315 0.0116516 0.000405639 1.92096e-07 0.0167892 0.000108046 0.00516189 2.80393e-05 0.00495917 2.70458e-05 0.91481 0.00102874 0.0107185 1.18835e-06 0.000268994 
1.95245e-05 0.0322243 3.27747e-05 0.00175915 0.00768199 0.00473126 0.00400896 9.48135e-11 0.0117206 0.00171247 0.0785216 3.13697e-06 0.000124069 1.22733e-11 0.841365 6.92602e-05 0.000249761 1.44565e-06 0.0157746 
6.50236e-05 0.0307578 0.000157016 0.00254861 0.00853303 0.000457741 0.0193808 3.80437e-05 0.0746105 0.0174764 0.0624966 0.00154928 0.00107677 4.21892e-05 0.771869 0.00238562 0.00510648 9.71495e-09 0.00144923 
1.38111e-06 0.0100156 3.41485e-07 0.000973825 0.00042252 3.91823e-06 0.000824512 8.19453e-06 0.000500425 0.000537834 0.135471 2.23723e-06 0.00081543 5.83403e-06 0.819916 0.019752 0.00867609 3.28358e-09 0.00207365 
7.53779e-05 0.0540771 0.00111185 0.00304516 0.0110762 0.000169778 0.000450459 5.08191e-09 0.170013 0.000939506 0.0024933 4.10395e-05 0.00483692 1.82363e-06 0.737499 0.00492923 0.00904808 6.62842e-06 0.000185515 
0.000283766 0.0314339 0.0737677 0.00380397 0.00508208 0.00808394 0.000496145 8.81071e-12 0.0134081 0.0101719 0.0559501 0.00139216 0.00154983 0.000236325 0.791708 1.43512e-05 0.000639521 1.03105e-05 0.00196813 
9.27624e-06 0.123049 6.28157e-05 0.0232698 0.0235657 0.000939645 0.0221363 3.41156e-09 0.0161623 0.0177252 0.295108 3.04408e-05 0.00390038 1.55934e-06 0.404861 0.0021186 0.00127216 1.71395e-07 0.0657876 
2.49246e-05 2.26504e-05 3.21444e-09 0.00247693 0.000190334 0.000108464 0.000103677 2.87196e-12 2.13076e-06 2.2535e-05 0.155111 4.6887e-06 1.59319e-07 1.14509e-06 0.83043 0.00280029 0.00043916 1.58013e-09 0.00826203 
1.80754e-05 0.0108031 8.48432e-06 0.102121 0.00711767 0.000129924 0.0160351 2.24631e-09 8.98758e-05 0.00954606 0.192045 2.28574e-06 0.0115929 3.09695e-07 0.587105 0.0130316 0.000886246 3.04249e-08 0.049467 
5.76756e-06 0.00458396 1.42609e-12 0.00233317 0.000221786 3.77928e-05 0.000528168 2.18246e-12 0.000722282 0.000818339 0.0111714 0.000299668 0.000242251 6.20872e-06 0.73798 1.93073e-05 2.01304e-06 1.05246e-09 0.241028 
8.31433e-05 0.0580611 0.00118628 0.0145718 0.0341151 0.00085187 0.00900964 2.10423e-05 0.0268329 0.0157041 0.302746 0.000758095 0.00355949 0.000411948 0.447785 0.00473584 0.0106628 0.00541571 0.0634886 
0.00435359 0.0936627 0.00027056 0.0362221 0.0936317 0.0250261 0.00568794 3.01983e-11 0.0578395 0.00838539 0.0604429 0.00124874 0.00980084 0.000406853 0.587376 0.00108526 0.00423142 1.52477e-05 0.0103134 
2.08205e-07 0.21057 0.00584503 0.0458139 0.107054 0.00364204 0.0590649 2.07856e-07 0.114393 0.0438302 0.104981 2.08084e-07 0.0061006 2.07919e-07 0.273365 0.0173036 0.00331026 2.07958e-07 0.00472577 
7.46388e-05 0.0141699 2.57654e-05 0.0525564 0.0140782 0.000110536 0.0018712 1.47982e-08 0.00557831 0.0053873 0.0691554 0.00328199 0.000821299 1.72113e-06 0.644998 0.00107528 0.0182641 4.42654e-06 0.168546 
0.000189944 0.0744803 0.0310497 0.0116537 0.00725485 0.000189384 0.079241 0.000343417 0.0427937 0.0938471 0.220006 0.00129969 0.00142837 0.000432907 0.365317 0.000686481 0.00631197 1.40275e-05 0.0634608 
7.18924e-05 0.0247346 0.00146168 0.00788227 0.00426735 0.00017439 0.000336365 5.65311e-09 0.0443636 0.000466495 0.0434659 2.36512e-05 0.00443235 6.67274e-06 0.852177 0.00549233 0.00818173 2.38768e-06 0.00245898 
0.00032876 0.0269405 0.000165601 0.0111827 0.0265829 1.4673e-05 0.000951061 3.4941e-08 0.0125294 0.00195846 0.391605 0.0119552 0.0338542 0.000244263 0.468363 0.000411477 0.000409653 3.77036e-09 0.0125029 
6.00383e-06 0.0194842 2.63156e-05 0.135144 0.00460523 9.3895e-06 0.000137414 9.27162e-08 0.000935355 0.000198783 0.0722055 0.000103842 0.00362085 9.30805e-06 0.652572 0.00255589 0.000773826 9.30048e-08 0.107611 
0.000127393 5.27805e-07 1.02811e-08 0.00131189 4.56979e-07 2.49937e-08 0.00014222 6.8351e-12 0.00482867 0.000795672 0.0492056 0.00283467 0.00192798 2.19766e-08 0.930535 6.72264e-10 3.64838e-08 5.171e-12 0.00828987 
4.41275e-05 0.181144 0.000176549 0.0917263 0.00165445 0.000447724 0.0569933 2.97362e-08 0.10701 0.0189231 0.17352 0.000301565 0.0285653 7.48922e-08 0.225035 0.0231577 0.0905685 6.39813e-05 0.000669562 
7.52799e-05 0.014526 0.000231805 0.00173905 0.0073297 0.0114104 0.00093246 5.03433e-11 0.006649 0.00147412 0.0949682 0.00189685 0.0003298 0.000207524 0.851946 0.000166362 0.000112814 5.72916e-06 0.00599914 
7.62725e-05 0.0163529 0.000278605 0.0276131 0.00243958 0.000229517 0.000555921 3.38856e-12 0.0032315 0.0014789 0.0494013 0.00227723 0.00130085 4.4478e-05 0.887035 0.000856242 0.000305369 6.14715e-08 0.00652311 
1.48151e-07 0.0135383 4.53447e-08 0.00570197 0.00340961 0.00026962 0.0165603 2.55428e-09 0.000876694 0.00497124 0.336095 1.85485e-06 0.00112341 0.000171731 0.429021 0.00468505 0.000599391 9.07969e-09 0.182974 
6.44656e-13 0.00463575 2.60992e-08 0.00014323 0.00209791 2.90802e-05 0.00550387 4.35502e-10 0.000716691 0.000804273 0.0366013 1.6566e-07 0.000217176 8.81146e-08 0.948289 0.000510072 3.28726e-05 2.94692e-12 0.00041891 
0.000338131 0.0285136 0.000215223 0.0134517 0.00749413 0.00121913 0.00416644 1.1116e-05 0.0162378 0.00345224 0.0935316 0.00246795 0.00575551 0.00195769 0.708901 0.00280135 0.000996107 2.73641e-06 0.108487 
2.99416e-05 0.0258618 0.000205035 0.0536471 0.00582928 0.000236074 0.00097201 1.34003e-09 0.00453147 0.00144886 0.0733542 0.000527339 0.00159684 3.85833e-05 0.791943 0.000737581 0.000605489 9.03699e-08 0.0384349 
0.000504652 0.0637646 0.00153924 0.00617522 0.00934947 0.00176521 0.00108261 1.7538e-12 0.0121931 0.00560583 0.171935 0.017282 0.00132225 0.00198927 0.692771 0.000515908 0.000533185 5.12209e-07 0.0116711 
7.79606e-06 0.00409634 4.40188e-05 0.0143807 0.00160043 0.000150178 0.000235192 7.37422e-10 0.00291731 3.8884e-05 0.0619466 1.68045e-05 0.00295364 2.47244e-05 0.897452 0.00208638 0.00875829 5.87365e-07 0.00329009 
5.67631e-06 0.0180491 2.36461e-05 0.130695 0.00399436 7.70092e-06 0.000131142 2.15956e-09 0.000916851 0.000164192 0.072784 9.34776e-05 0.00277542 7.40136e-06 0.663988 0.00207755 0.00059166 7.46217e-08 0.103695 
3.16654e-08 1.98303e-09 1.20504e-08 7.08049e-08 5.81816e-13 0.0764194 1.84889e-08 6.06466e-12 0.000282643 3.18366e-08 0.00385031 2.32658e-08 1.90145e-07 2.66296e-08 0.9193 7.42623e-13 1.38321e-12 4.15102e-09 0.000147234 
7.36621e-11 0.00331566 1.50814e-06 0.000103769 0.00150361 2.18117e-05 0.00394037 2.58762e-08 0.00191904 0.000577722 0.0426308 2.2401e-07 0.000156798 1.55365e-07 0.942889 0.000366707 2.43705e-05 3.36733e-10 0.00254803 
2.41303e-05 0.119588 1.21722e-06 0.0937629 0.0424135 0.000210078 0.0289528 4.35759e-06 0.0389364 0.00438502 0.0298044 9.26752e-05 0.0435868 0.000388587 0.312732 0.277827 0.00498357 2.5827e-06 0.00230489 
9.25034e-05 0.0672947 0.000986891 0.00636463 0.0211522 0.000208271 0.000541481 1.32783e-12 0.174438 0.00115448 0.00411185 8.07026e-05 0.00611098 1.82352e-06 0.705031 0.00394556 0.00799319 5.64434e-06 0.000485802 
2.20908e-05 0.133823 0.000604639 0.000804014 0.00819051 0.0193344 0.112907 8.07108e-06 0.196626 0.123847 0.0956894 0.000391665 0.00895279 6.57523e-12 0.282742 0.00882713 0.00630461 5.4536e-06 0.000920888 
0.00964087 0.0400315 0.00150145 0.0196457 0.0116282 0.00123665 0.023327 9.35667e-07 0.0354424 0.0428712 0.377036 0.000717469 0.00301263 9.72695e-05 0.384001 0.00611689 0.00260213 0.000309308 0.0407817 
3.77704e-05 0.0383205 0.00312453 0.0120397 0.00302834 0.00404087 0.0022671 8.09229e-11 0.0032617 0.00511343 0.14336 0.000628784 0.000380159 0.000576533 0.774587 0.000485078 0.00259623 1.36226e-06 0.00615066 
9.73124e-05 0.195625 1.5382e-06 0.000171409 0.0184326 3.10273e-05 0.00038997 2.33374e-11 0.0106664 0.000404752 0.355314 0.00686507 0.000878874 0.000104803 0.403446 2.01267e-06 8.91322e-07 4.41231e-09 0.00756874 
1.05905e-07 0.0393099 7.49055e-05 0.130954 0.18268 0.00840811 0.00303209 3.17836e-09 0.0930505 0.00180051 0.0948339 4.44307e-07 1.9807e-06 2.69582e-09 0.252279 0.193573 4.98446e-07 1.64353e-08 6.06955e-07 
0.000504652 0.0637646 0.00153924 0.00617522 0.00934947 0.00176521 0.00108261 1.7538e-12 0.0121931 0.00560583 0.171935 0.017282 0.00132225 0.00198927 0.692771 0.000515908 0.000533185 5.12209e-07 0.0116711 
1.4979e-06 0.000442053 7.0671e-08 2.60356e-05 0.000419942 1.61111e-08 0.00011297 5.78238e-09 8.73382e-05 0.000376783 0.0345468 3.13535e-08 8.32041e-05 5.81534e-07 0.963353 2.58275e-05 3.06235e-05 8.03961e-12 0.000493615 
0.000149374 0.101134 0.00440342 0.0775452 0.0265345 0.000263125 0.0817161 2.11125e-05 0.0556652 0.024545 0.214976 0.00391519 0.0084619 0.000365255 0.333876 0.00570956 0.00846312 8.32337e-05 0.052172 
6.44656e-13 0.00463575 2.60992e-08 0.00014323 0.00209791 2.90802e-05 0.00550387 4.35502e-10 0.000716691 0.000804273 0.0366013 1.6566e-07 0.000217176 8.81146e-08 0.948289 0.000510072 3.28726e-05 2.94692e-12 0.00041891 
0.00172476 0.049369 0.00405069 0.0532203 0.0305786 0.00546958 0.00492046 1.9283e-08 0.0170265 0.014995 0.221628 0.00688819 0.0169689 0.000165121 0.530396 0.00624085 0.00255796 7.10173e-06 0.033793 
9.04513e-05 0.21766 0.000160684 0.0697542 0.00654446 0.0917906 0.00337114 8.00551e-08 0.0419067 0.00650819 0.0216796 0.00226002 0.0182637 6.45539e-05 0.480534 0.00850408 0.0300948 0.00023626 0.00057746 
2.35085e-05 0.0143989 1.03756e-05 0.0706117 0.00948322 0.000171475 0.0111832 9.12676e-11 0.000118343 0.0127164 0.256033 2.83899e-06 0.0154316 8.18152e-08 0.525365 0.0173547 0.0011784 7.69749e-09 0.0659172 
1.10724e-05 0.0132869 2.27062e-05 0.0274976 0.00329223 0.000980323 0.000476237 7.35443e-10 0.00243333 0.00110816 0.0299829 0.000115395 0.00324527 0.0011612 0.911682 0.00203485 0.000839508 2.97323e-07 0.0018302 
2.68181e-05 0.110532 1.86565e-08 0.0141205 0.0143259 2.76432e-06 0.000451674 1.36255e-12 0.0078286 0.000612795 0.0726433 0.000128763 0.00101284 5.76456e-09 0.742102 0.000320913 0.029726 3.27675e-10 0.00616532 
2.54152e-05 0.0329679 0.000117339 0.00368053 0.00609545 0.00383849 0.000482269 4.5588e-10 0.00493714 0.00228886 0.0729929 0.000242089 0.000516221 0.00176157 0.859565 0.000233531 0.00668217 1.20293e-06 0.00357232 
4.03385e-06 0.00292721 2.57202e-08 0.000432023 0.00925147 0.0115445 0.00129676 1.95645e-11 0.00380389 0.000677569 0.068009 1.75134e-08 0.000124167 1.65942e-11 0.897924 9.63004e-05 3.51356e-06 4.35983e-06 0.00390086 
5.11952e-06 0.0163939 0.000119767 0.0941584 0.00134252 3.08828e-06 6.80097e-05 4.16594e-12 0.000425632 0.000584554 0.0323438 4.51182e-05 0.0029039 1.47548e-05 0.844817 0.00507414 0.000131876 5.57748e-08 0.00156844 
2.89115e-06 0.0158623 1.80662e-06 4.31402e-06 0.00156399 2.6089e-05 0.00013696 3.48663e-12 0.010023 0.000377065 0.0125344 2.92183e-06 0.000492784 2.34499e-07 0.958588 6.07799e-05 7.74828e-05 1.29036e-09 0.000245432 
6.59417e-05 0.0707436 0.00011951 0.0331764 0.0124709 0.000184087 0.00753049 2.11799e-08 0.034398 0.0289669 0.17958 0.00208332 0.00456546 0.000604799 0.430368 0.001071 0.00857102 5.31241e-07 0.1855 
4.45866e-09 3.92709e-07 4.28014e-08 0.0185351 0.000358247 1.44618e-05 0.00219542 1.05647e-12 0.00735943 0.00283873 0.46437 1.09484e-07 1.96714e-08 1.92666e-08 0.470971 2.73406e-05 7.75968e-05 1.8391e-09 0.0332518 
1.78799e-05 0.0736877 1.46189e-08 0.00941368 0.0095506 1.84979e-06 0.00030112 1.26189e-12 0.00521907 0.000408535 0.056389 8.58508e-05 0.000675233 4.5171e-09 0.819786 0.000213945 0.0198174 2.69366e-10 0.00443176 
1.78799e-05 0.0736877 1.46189e-08 0.00941368 0.0095506 1.84979e-06 0.00030112 1.26189e-12 0.00521907 0.000408535 0.056389 8.58508e-05 0.000675233 4.5171e-09 0.819786 0.000213945 0.0198174 2.69366e-10 0.00443176 
2.10266e-05 0.0214839 0.000502247 0.0124401 0.0226534 1.30191e-05 0.00322477 5.81098e-12 0.000997284 0.00297604 0.419953 2.17546e-05 0.000490096 2.27989e-05 0.478921 0.00277018 0.00162751 6.20714e-10 0.0318821 
0.000573092 0.145643 1.63533e-07 0.0644421 0.00712186 0.00710104 0.0132096 1.63419e-07 0.103706 0.00222655 0.0216947 0.00129259 0.0525949 1.63469e-07 0.535165 0.0249821 0.0176115 0.000245413 0.00238974 
0.000163558 0.0353029 0.0266502 0.0151257 0.00507757 0.000382548 0.000534264 1.24519e-09 0.00923637 0.0071182 0.0826764 0.0033291 0.000831704 0.00180994 0.798184 0.000357896 0.00125817 6.08799e-06 0.0119558 
0.000392509 0.0497234 0.00126912 0.00480296 0.00727182 0.00144975 0.000985596 1.61304e-12 0.00953635 0.00455862 0.169356 0.0134416 0.00102842 0.00157311 0.724103 0.000401264 0.000414702 3.98601e-07 0.0096919 
1.87232e-05 0.0274355 0.000660698 0.0114026 0.00252886 0.00226457 0.00352881 4.85327e-08 0.00709931 0.00467433 0.130532 9.66714e-05 0.00388963 0.00200943 0.771334 0.00860888 0.00588267 1.2593e-06 0.0180322 
5.76756e-06 0.00458396 1.42609e-12 0.00233317 0.000221786 3.77928e-05 0.000528168 2.18246e-12 0.000722282 0.000818339 0.0111714 0.000299668 0.000242251 6.20872e-06 0.73798 1.93073e-05 2.01304e-06 1.05246e-09 0.241028 
8.0802e-05 0.0507127 0.000814126 0.00486294 0.0160859 0.00017134 0.000428396 1.86572e-09 0.131138 0.000893858 0.00311398 7.52531e-05 0.00465954 5.26619e-06 0.777454 0.0030205 0.00608895 9.73158e-06 0.000385614 
5.94823e-07 0.00837215 1.16526e-05 0.00169898 0.00263476 5.03916e-05 0.00440044 3.18386e-09 0.00170626 0.00129037 0.0308711 5.25002e-05 0.000621705 1.47538e-06 0.916247 0.000436579 3.03524e-05 4.82887e-10 0.0315734 
0.00269578 0.0593526 1.98963e-05 0.132069 0.0302439 0.00158982 0.000748813 7.77181e-11 0.0182851 0.00113582 0.0322079 0.00134641 0.017574 7.12356e-05 0.649643 0.0134704 0.0361483 2.28725e-07 0.00339757 
0.000121151 0.0274737 0.000474584 0.00409354 0.00358084 0.000464179 0.000542111 3.30646e-11 0.00430448 0.00151535 0.104035 0.00365191 0.000423343 0.000343201 0.839655 0.000161106 0.00364009 8.47892e-08 0.00552094 
0.00441673 0.0301001 6.88395e-05 0.131557 0.0213932 0.00548427 0.00115914 7.32319e-09 0.0154577 0.00387861 0.27633 0.000989257 0.148219 0.000139646 0.314741 0.017523 0.00460212 5.97624e-07 0.0239403 
1.4979e-06 0.000442053 7.0671e-08 2.60356e-05 0.000419942 1.61111e-08 0.00011297 5.78238e-09 8.73382e-05 0.000376783 0.0345468 3.13535e-08 8.32041e-05 5.81534e-07 0.963353 2.58275e-05 3.06235e-05 8.03961e-12 0.000493615 
6.3283e-05 0.0386894 0.00610725 0.0034126 0.00980149 0.000115169 0.000326802 6.09314e-09 0.144019 0.000343189 0.00103107 4.47879e-05 0.00330262 1.8245e-06 0.782252 0.00363739 0.00670876 6.62967e-06 0.000136153 
0.00092232 0.151223 0.000858529 0.143996 0.0969619 0.00201071 0.0775793 0.000627755 0.072319 0.0476151 0.12915 0.00233243 0.0308727 0.0036719 0.151546 0.0239297 0.019594 8.29583e-05 0.0447072 
5.67631e-06 0.0180491 2.36461e-05 0.130695 0.00399436 7.70092e-06 0.000131142 2.15956e-09 0.000916851 0.000164192 0.072784 9.34776e-05 0.00277542 7.40136e-06 0.663988 0.00207755 0.00059166 7.46217e-08 0.103695 
9.03996e-07 0.000130895 8.2544e-08 1.24221e-05 5.20714e-05 3.91677e-12 0.000135102 1.91174e-10 0.000168091 5.19347e-05 0.0422107 1.41179e-09 1.07983e-08 8.1436e-12 0.956119 7.78071e-06 0.000313559 7.26369e-12 0.00079701 
0.000123645 0.0210179 1.45683e-05 0.0122685 0.00807744 6.20928e-05 0.000558208 4.52843e-12 0.00547845 0.00125702 0.0397999 0.0190776 0.00172535 5.92861e-06 0.560692 0.00023854 0.000321344 3.42592e-12 0.329282 
2.11952e-08 1.20048e-05 0.000622494 4.92268e-05 2.87428e-10 0.0389983 0.000311655 5.07714e-12 0.000157576 0.000132923 0.0402794 2.92315e-05 1.27273e-07 2.17431e-06 0.918712 6.21701e-13 1.15798e-12 2.77923e-09 0.000693272 
6.44656e-13 0.00463575 2.60992e-08 0.00014323 0.00209791 2.90802e-05 0.00550387 4.35502e-10 0.000716691 0.000804273 0.0366013 1.6566e-07 0.000217176 8.81146e-08 0.948289 0.000510072 3.28726e-05 2.94692e-12 0.00041891 
1.14022e-05 0.11115 2.29455e-11 0.0152652 0.0336519 6.51007e-08 1.83263e-07 3.51154e-11 0.00891892 0.00483481 0.259992 2.09608e-08 0.00021128 2.97842e-11 0.426764 0.00298518 0.0890254 3.2618e-09 0.0471898 
1.48151e-07 0.0135383 4.53447e-08 0.00570197 0.00340961 0.00026962 0.0165603 2.55428e-09 0.000876694 0.00497124 0.336095 1.85485e-06 0.00112341 0.000171731 0.429021 0.00468505 0.000599391 9.07969e-09 0.182974 
0.000540942 0.019787 0.000750628 0.0216293 0.00592686 0.000989504 0.0141284 2.36666e-07 0.0271127 0.0193752 0.115022 0.0121404 0.00134313 1.32914e-05 0.748769 0.0037449 0.00103908 5.00877e-06 0.00768188 
5.93062e-05 0.145959 0.000421467 0.0756366 0.0128614 0.000389946 0.026431 3.11953e-07 0.0414699 0.0323304 0.240659 0.0090375 0.0197316 6.67903e-08 0.373193 0.0101937 0.00301846 7.78709e-08 0.00860691 
0.025106 0.20634 0.000901426 0.0539408 0.0812669 0.00153422 0.0116425 8.8983e-06 0.1474 0.00708428 0.035323 0.00354529 0.0393176 0.0010812 0.340771 0.00896975 0.01209 9.91248e-06 0.0236666 
7.33991e-05 0.0214118 0.000846993 0.0125268 0.00581552 0.000551172 0.00227634 2.74343e-09 0.0069447 0.00145403 0.0698101 0.00356519 0.00113409 0.000848655 0.863381 0.000771279 0.00354079 7.54631e-07 0.00504696 
3.33278e-05 0.0132533 5.01674e-05 0.00429698 0.00456631 0.00137694 0.0807886 1.48269e-05 0.00736045 0.0120567 0.187684 0.000316049 0.00348253 1.9258e-06 0.6713 0.00656299 0.00196195 5.6486e-05 0.00483673 
0.000470092 0.011722 0.00107522 0.0671484 0.133439 0.000159462 0.0832114 4.94596e-08 0.0341312 0.0567772 0.131843 0.000433772 0.0018241 0.00194891 0.281283 0.0803619 0.00343559 0.10175 0.00898533 
0.000758903 0.0275494 0.000669813 0.024769 0.085242 0.000764941 0.010142 0.00297904 0.0550658 0.0399436 0.161518 0.0454194 0.00588597 1.15157e-05 0.473484 0.00726539 0.00676261 5.54519e-06 0.0517635 
0.0236992 0.180473 0.0204262 0.0342864 0.0714941 0.000346274 0.00316834 8.26082e-07 0.0980536 0.0150804 0.0348521 0.00733177 0.0119073 0.000571949 0.463078 0.00161563 0.0252842 1.9115e-05 0.00831081 
3.92697e-06 0.24505 5.46689e-13 0.0532328 0.00367555 5.93997e-06 0.00289336 8.36641e-13 0.0171894 0.000263581 0.0123914 3.23786e-05 0.00484746 7.09623e-13 0.657719 0.000107887 0.00187461 9.51007e-07 0.000711409 
0.000495071 0.0500271 0.00105218 0.00241416 0.00252114 0.00449302 0.00688252 1.53588e-10 0.133775 0.254513 0.118516 0.0205389 0.013315 1.71119e-05 0.274142 7.81993e-08 0.00358897 2.84597e-05 0.11368 
4.07661e-05 0.022238 0.000226492 0.0165512 0.00818628 0.000996966 0.140898 0.000513251 0.00656557 0.00653323 0.0685211 0.000548424 0.00294791 7.77808e-05 0.677937 0.00338112 0.00128945 2.01793e-07 0.0425466 
0.00022629 0.0274089 0.0073667 0.0298074 0.00371522 1.60703e-05 0.000971367 7.8275e-13 0.00748942 0.0129333 0.311988 0.00343135 0.000338149 1.42748e-08 0.513333 0.00019165 4.10629e-09 1.3626e-09 0.0807831 
5.10037e-06 0.000381785 9.40467e-06 0.0108164 0.00439996 0.000250988 0.00462152 4.40444e-09 0.00735638 0.00161002 0.168678 8.17783e-05 0.0469513 0.00108023 0.297548 0.127575 0.253435 1.22441e-07 0.075199 
6.11935e-09 0.00144074 1.96654e-06 0.0294202 0.000136943 1.22881e-06 0.000208285 5.69901e-12 6.08396e-06 1.31016e-09 0.00938624 6.20978e-09 0.000523936 2.80879e-08 0.954269 0.00325999 0.00105453 2.62525e-09 0.000290917 
2.83068e-07 0.0089972 0.000112052 0.0103797 0.00265914 0.000123458 0.000379322 9.74536e-10 0.0122467 1.85885e-05 0.00607684 3.39322e-05 0.0039418 1.0071e-05 0.929382 0.000912488 0.0243383 1.43472e-06 0.000386393 
9.03996e-07 0.000130895 8.2544e-08 1.24221e-05 5.20714e-05 3.91677e-12 0.000135102 1.91174e-10 0.000168091 5.19347e-05 0.0422107 1.41179e-09 1.07983e-08 8.1436e-12 0.956119 7.78071e-06 0.000313559 7.26369e-12 0.00079701 
0.000392509 0.0497234 0.00126912 0.00480296 0.00727182 0.00144975 0.000985596 1.61304e-12 0.00953635 0.00455862 0.169356 0.0134416 0.00102842 0.00157311 0.724103 0.000401264 0.000414702 3.98601e-07 0.0096919 
0.000100588 0.122029 3.15505e-05 0.0809858 0.0313354 0.0034088 0.0476372 2.21731e-10 0.0492725 0.036458 0.254549 0.0242691 0.0488031 0.000331746 0.275481 0.00180501 0.007131 0.000617322 0.0157541 
0.000158003 0.0555475 0.00655577 0.039264 0.0286149 0.00145833 0.141632 0.00032812 0.015778 0.0879787 0.243396 0.0126632 0.00184427 9.06821e-05 0.282612 0.00933576 0.000413966 1.88123e-05 0.0723096 
0.000392509 0.0497234 0.00126912 0.00480296 0.00727182 0.00144975 0.000985596 1.61304e-12 0.00953635 0.00455862 0.169356 0.0134416 0.00102842 0.00157311 0.724103 0.000401264 0.000414702 3.98601e-07 0.0096919 
6.40347e-05 0.0193661 7.37434e-05 0.00495333 0.00127028 0.000688892 0.00057366 1.9185e-11 0.00336824 0.00494148 0.0576707 0.000328348 0.00089054 0.00152231 0.841001 0.000116151 1.19889e-05 6.25888e-06 0.0631533 
1.50482e-05 0.026505 0.0154809 0.0257571 0.00721557 0.000279963 0.00863384 9.14747e-09 0.0197554 0.00757796 0.0940951 0.00235626 0.0337732 0.000499925 0.694286 0.0164736 0.00471813 6.45166e-06 0.0425706 
0.000203944 0.0301268 0.000156131 0.0170309 0.00682901 0.00386334 0.00728627 8.92644e-07 0.0147438 0.00294721 0.0838729 0.000948095 0.011871 0.000824457 0.807438 0.00189394 0.00373771 7.54245e-08 0.00622502 
0.0094663 0.0472636 0.00168504 0.011024 0.0185209 0.000262481 0.0210986 6.81115e-05 0.0517845 0.0207523 0.328124 0.00125306 0.00255706 0.00124079 0.392878 0.0216582 0.00301419 8.03689e-06 0.067341 
0.000110185 0.0376959 0.0125681 0.00449726 0.0244752 0.00032325 0.00598686 1.39793e-07 0.0698029 0.000709318 0.0436963 0.00374473 0.0235591 2.16936e-06 0.694053 0.0415833 0.0365993 4.45755e-06 0.000588351 
1.21561e-08 0.00346508 0.000211869 0.0138452 0.00635503 0.00136902 0.000440822 1.19192e-11 0.0162484 0.00374697 0.100915 0.0202541 0.00760023 1.35816e-08 0.428166 0.00411947 0.00109671 9.56961e-08 0.392166 
1.78799e-05 0.0736877 1.46189e-08 0.00941368 0.0095506 1.84979e-06 0.00030112 1.26189e-12 0.00521907 0.000408535 0.056389 8.58508e-05 0.000675233 4.5171e-09 0.819786 0.000213945 0.0198174 2.69366e-10 0.00443176 
0.00012292 0.0347235 0.00651849 0.00313187 0.00275623 0.000356386 0.00189468 6.66601e-12 0.0138748 0.0110697 0.0419368 0.00132827 0.000473205 1.72997e-06 0.859728 0.000144617 7.7717e-05 1.04536e-06 0.0218602 
0.00649951 0.0237031 0.0123851 0.0202929 0.00834609 0.0305094 0.0152646 0.000854593 0.0900399 0.043504 0.00452172 0.00808965 1.43211e-07 7.24126e-07 0.692817 0.00310498 0.00870408 0.0292593 0.00210331 
4.27055e-05 0.110363 7.17209e-06 0.0935489 0.0162151 7.33577e-08 0.00475854 2.63124e-09 0.050275 0.000173683 0.193343 0.000250721 0.112005 3.95762e-11 0.319495 0.0933317 0.00311623 3.53e-11 0.00307452 
2.35085e-05 0.0143989 1.03756e-05 0.0706117 0.00948322 0.000171475 0.0111832 9.12676e-11 0.000118343 0.0127164 0.256033 2.83899e-06 0.0154316 8.18152e-08 0.525365 0.0173547 0.0011784 7.69749e-09 0.0659172 
5.53186e-05 0.0596681 0.00828615 0.040876 0.00625184 0.00155953 0.022324 2.77418e-07 0.0197073 0.0971795 0.195835 0.000183622 0.00198843 4.09487e-06 0.511203 0.00970384 0.00121762 1.35938e-06 0.0239548 
2.49246e-05 2.26504e-05 3.21444e-09 0.00247693 0.000190334 0.000108464 0.000103677 2.87196e-12 2.13076e-06 2.2535e-05 0.155111 4.6887e-06 1.59319e-07 1.14509e-06 0.83043 0.00280029 0.00043916 1.58013e-09 0.00826203 
7.81358e-05 0.0660751 0.000375758 0.00863321 0.0124188 0.0054878 0.000829353 5.70723e-12 0.0173366 0.010821 0.147585 0.00028852 0.00217406 0.00550784 0.716653 0.000530452 0.00018714 5.38398e-07 0.00501749 
2.68181e-05 0.110532 1.86565e-08 0.0141205 0.0143259 2.76432e-06 0.000451674 1.36255e-12 0.0078286 0.000612795 0.0726433 0.000128763 0.00101284 5.76456e-09 0.742102 0.000320913 0.029726 3.27675e-10 0.00616532 
7.78459e-05 0.123247 0.000446588 0.00509466 0.0089025 0.0052566 0.00073645 3.27662e-12 0.025896 0.00976898 0.21485 0.000665065 0.00104392 0.000340706 0.582196 0.000334463 0.00178243 4.93976e-07 0.0193609 
0.000392509 0.0497234 0.00126912 0.00480296 0.00727182 0.00144975 0.000985596 1.61304e-12 0.00953635 0.00455862 0.169356 0.0134416 0.00102842 0.00157311 0.724103 0.000401264 0.000414702 3.98601e-07 0.0096919 
1.78799e-05 0.0736877 1.46189e-08 0.00941368 0.0095506 1.84979e-06 0.00030112 1.26189e-12 0.00521907 0.000408535 0.056389 8.58508e-05 0.000675233 4.5171e-09 0.819786 0.000213945 0.0198174 2.69366e-10 0.00443176 
1.84181e-05 0.00724303 9.76143e-07 0.0311199 0.00453822 0.000104411 0.000427021 6.58775e-07 0.00563622 0.000248912 0.0275371 0.000330744 0.00181534 7.73792e-05 0.629171 0.000599702 0.000331176 4.13392e-06 0.290795 
2.74288e-07 0.00696221 2.76492e-11 0.000278142 0.00018755 0.000292146 0.00221137 3.66995e-09 0.000269334 0.00172398 0.137373 3.44762e-06 7.73372e-05 1.24591e-06 0.636157 0.0015045 0.00111875 1.04523e-08 0.21184 
6.64847e-05 0.0335897 0.00048313 0.0129222 0.00654258 0.00076883 0.00214626 2.30708e-12 0.0103081 0.00400605 0.0810331 0.00114526 0.000334374 7.63883e-05 0.84011 6.81433e-05 0.000363641 5.54215e-08 0.00603525 
0.000101219 0.0872082 0.00601658 0.0171362 0.00872416 5.32907e-05 0.0012671 6.65184e-08 0.0357337 0.00526149 0.218488 0.0058264 0.00873357 1.11278e-06 0.531392 0.00373902 0.0190086 7.35828e-10 0.0513094 
5.76756e-06 0.00458396 1.42609e-12 0.00233317 0.000221786 3.77928e-05 0.000528168 2.18246e-12 0.000722282 0.000818339 0.0111714 0.000299668 0.000242251 6.20872e-06 0.73798 1.93073e-05 2.01304e-06 1.05246e-09 0.241028 
6.42489e-07 0.0875942 6.41858e-07 0.10783 0.0275673 6.42178e-07 0.0136849 6.4141e-07 0.00803352 6.42532e-07 0.117668 6.42114e-07 0.00931668 6.41607e-07 0.571821 0.0459426 0.002763 6.41726e-07 0.0077736 
0.000239465 0.0271161 0.00161471 0.0165345 0.00579461 0.00340815 0.00174314 8.49379e-07 0.00823789 0.0158712 0.110839 0.00543909 0.00338871 0.000207065 0.603313 0.000322318 0.000460492 2.78608e-05 0.195442 
1.44411e-06 0.0079996 1.51915e-06 0.00227276 0.000872474 6.74923e-06 0.00138367 4.57801e-06 0.00427268 2.92786e-06 0.116762 7.37749e-07 0.0094766 4.73427e-08 0.804378 0.0499251 0.00095456 4.45753e-09 0.001684 
7.89706e-05 0.020309 0.0154446 0.00113752 0.00163855 0.000663621 0.00233513 1.55103e-11 0.00794736 0.0336894 0.122487 6.65219e-05 0.000303826 1.20925e-08 0.78986 3.2336e-05 0.000117816 3.29054e-06 0.00388485 
6.84565e-06 0.0333135 9.02154e-05 0.201792 0.0797304 0.00064749 0.00224029 7.96601e-10 0.00800515 0.00473978 0.053259 7.32233e-05 0.0264234 6.35462e-06 0.571059 0.0125472 0.00071247 3.09001e-06 0.00535058 
6.44656e-13 0.00463575 2.60992e-08 0.00014323 0.00209791 2.90802e-05 0.00550387 4.35502e-10 0.000716691 0.000804273 0.0366013 1.6566e-07 0.000217176 8.81146e-08 0.948289 0.000510072 3.28726e-05 2.94692e-12 0.00041891 
2.68181e-05 0.110532 1.86565e-08 0.0141205 0.0143259 2.76432e-06 0.000451674 1.36255e-12 0.0078286 0.000612795 0.0726433 0.000128763 0.00101284 5.76456e-09 0.742102 0.000320913 0.029726 3.27675e-10 0.00616532 
3.8939e-06 0.0270506 0.000372339 0.00861044 0.00687067 0.000778005 0.0154803 5.47217e-12 0.0155708 0.00353397 0.121271 0.000109048 0.00223845 1.00387e-05 0.730083 0.00458675 0.00421695 4.13989e-12 0.0592135 
0.00197502 0.0590198 0.0678135 4.71499e-07 6.09137e-07 0.0156138 0.000916617 2.23649e-11 0.084401 0.208692 0.12122 0.000952262 0.0900126 1.59363e-07 0.3309 0.00765507 0.00306091 0.0052248 0.00254206 
1.52718e-05 0.00660372 2.15731e-07 0.0254653 0.0011252 2.74376e-05 0.0181474 1.32552e-07 0.000311464 0.00957703 0.459472 1.01485e-06 0.00395788 6.55553e-07 0.463081 0.0059922 0.00116294 1.14291e-06 0.00505834 
6.11803e-06 0.0195146 9.24271e-05 0.121762 0.00298498 7.7765e-06 0.00010766 1.95587e-09 0.00078074 0.00041289 0.0541672 8.34226e-05 0.00395468 1.29031e-05 0.748656 0.00401542 0.00057504 8.91583e-08 0.0428668 
8.37098e-07 0.069458 6.53599e-06 0.0012449 0.00188843 0.000102609 0.000630633 5.8802e-09 0.0250226 9.48013e-05 0.00267557 1.56978e-05 0.00310803 2.28045e-10 0.889788 0.00182948 0.00396145 1.48427e-07 0.00017191 
0.00095757 0.125399 0.000403034 0.149012 0.0846502 0.0062466 0.000547556 1.39642e-06 0.0718667 0.0132378 0.122582 0.0504177 0.103184 0.000494709 0.256467 0.000948997 0.000360915 8.3816e-07 0.013222 
9.41183e-05 0.0706603 0.000685985 0.0144486 0.0119253 0.00115885 0.00196325 6.0739e-05 0.0157189 0.00614853 0.139351 0.00274725 0.00242372 0.000388944 0.695875 0.00332869 0.00903727 1.17473e-06 0.0239823 
0.000525774 0.0595343 0.00471659 0.0243977 0.0219496 0.0020522 0.0116405 1.98856e-10 0.0184539 0.0261527 0.165552 0.0100834 0.00216091 0.00386093 0.63351 0.00600484 0.00102257 1.011e-05 0.00837226 
3.49158e-06 0.0439333 0.000116644 0.00695001 0.00361417 0.000347786 0.000924431 5.39064e-11 0.0141273 0.00285457 0.233416 0.000146264 0.000386607 3.1773e-06 0.660203 0.000715669 0.000149983 1.33914e-09 0.032108 
0.000132029 0.00025448 0.000228679 0.00150579 0.0953534 0.000300061 0.00177639 2.83621e-06 0.0101291 0.159849 0.0862001 0.00074914 0.000336504 0.00121419 0.641307 0.000485999 1.20146e-05 2.14569e-06 0.000160751 
2.68756e-05 0.0448568 1.61151e-05 0.0589688 0.0110013 0.00413292 0.000850576 3.11848e-12 0.00996512 0.00297429 0.0324625 0.000361405 0.00689103 0.000141104 0.820068 0.00303954 0.00118823 1.05788e-06 0.00305434 
5.61658e-05 0.028419 0.00920914 0.00232781 0.00200932 0.000499013 0.00279909 7.73872e-09 0.00783969 0.0240361 0.149441 4.43886e-05 0.000854773 9.51254e-07 0.762789 0.00274842 0.00313681 1.92698e-06 0.00378746 
4.21072e-05 0.0312522 0.000319133 0.00289759 0.00196692 0.00139598 0.000444392 8.9621e-12 0.00665635 0.0101616 0.137517 4.72521e-05 0.000732209 0.00550804 0.795957 0.000177615 2.15701e-05 5.40423e-07 0.00490298 
1.20514e-05 0.0126795 3.92829e-05 0.0117603 0.00364771 0.000843487 0.000461555 1.2976e-09 0.00303372 0.00133687 0.0434195 0.000124352 0.00182517 0.00106111 0.916076 0.000850086 0.000686666 1.89923e-07 0.00214274 
0.000199406 0.0371396 0.000469264 0.110023 0.000168267 0.00197172 0.00131886 6.01984e-12 0.00297258 0.00546351 0.235618 0.0244025 0.00110043 5.71678e-06 0.527443 0.000739943 2.82817e-06 7.16278e-06 0.0509538 
2.49246e-05 2.26504e-05 3.21444e-09 0.00247693 0.000190334 0.000108464 0.000103677 2.87196e-12 2.13076e-06 2.2535e-05 0.155111 4.6887e-06 1.59319e-07 1.14509e-06 0.83043 0.00280029 0.00043916 1.58013e-09 0.00826203 
5.05234e-07 0.00227732 2.08974e-05 0.00856723 0.000482016 3.48861e-05 0.00648868 8.59975e-11 0.000212284 0.000692743 0.0751855 0.000718343 5.07018e-06 3.64082e-09 0.896186 0.000281578 1.45846e-05 3.50303e-10 0.00883222 
0.00012898 0.0486868 0.00322712 0.00388213 0.00889047 0.000578158 0.00278604 4.53323e-10 0.0116306 0.00938386 0.274108 0.0045564 0.00109479 0.00427716 0.597321 0.000575373 0.00129408 9.89117e-07 0.0275787 
2.68181e-05 0.110532 1.86565e-08 0.0141205 0.0143259 2.76432e-06 0.000451674 1.36255e-12 0.0078286 0.000612795 0.0726433 0.000128763 0.00101284 5.76456e-09 0.742102 0.000320913 0.029726 3.27675e-10 0.00616532 
1.05217e-05 0.0166131 4.13975e-05 0.0361725 0.00480359 0.000597929 0.00156925 2.94445e-08 0.00231353 0.00101025 0.0631791 0.000333113 0.00212091 0.000120115 0.850374 0.00151168 0.000513554 1.4052e-07 0.0187157 
0.000176984 0.0516946 0.000447299 0.0160139 0.0118235 0.00379382 0.00097194 3.62798e-12 0.0124593 0.00465367 0.0947716 0.00582412 0.00191866 0.00204157 0.7846 0.000761845 0.000454986 7.54164e-07 0.00759173 
1.78799e-05 0.0736877 1.46189e-08 0.00941368 0.0095506 1.84979e-06 0.00030112 1.26189e-12 0.00521907 0.000408535 0.056389 8.58508e-05 0.000675233 4.5171e-09 0.819786 0.000213945 0.0198174 2.69366e-10 0.00443176 
