5.89708e-05 0.0370115 9.24492e-09 0.0100879 0.00418488 0.000142624 0.00057932 1.87223e-12 0.00307957 0.000944115 0.0331707 0.00116361 0.000974375 5.07448e-06 0.823627 0.000163654 0.00496293 4.37523e-08 0.079844 
0.000127393 5.27805e-07 1.02811e-08 0.00131189 4.56979e-07 2.49937e-08 0.00014222 6.8351e-12 0.00482867 0.000795672 0.0492056 0.00283467 0.00192798 2.19766e-08 0.930535 6.72264e-10 3.64838e-08 5.171e-12 0.00828987 
7.43471e-05 0.0041924 7.88443e-11 0.00833725 0.00612933 0.000180064 0.130312 2.1292e-08 0.0430547 0.13672 0.218742 0.0183235 0.00586178 0.00049976 0.243927 0.00522505 0.0017093 8.79841e-05 0.176624 
5.76756e-06 0.00458396 1.42609e-12 0.00233317 0.000221786 3.77928e-05 0.000528168 2.18246e-12 0.000722282 0.000818339 0.0111714 0.000299668 0.000242251 6.20872e-06 0.73798 1.93073e-05 2.01304e-06 1.05246e-09 0.241028 
5.23025e-05 0.0133288 3.39092e-10 0.00163953 0.0011685 0.000268688 0.00541602 5.18939e-10 0.0170698 0.030416 0.116874 0.000121904 0.000253522 0.00456795 0.441624 0.00200236 1.69856e-05 4.36759e-08 0.365179 
2.68181e-05 0.110532 1.86565e-08 0.0141205 0.0143259 2.76432e-06 0.000451674 1.36255e-12 0.0078286 0.000612795 0.0726433 0.000128763 0.00101284 5.76456e-09 0.742102 0.000320913 0.029726 3.27675e-10 0.00616532 
0.00306626 0.222436 0.00200944 0.0125905 0.173106 0.00418942 0.00625866 1.40412e-07 0.23741 0.0183841 0.0510251 0.00195401 0.0138821 1.40455e-07 0.24269 0.0025461 0.000478284 0.000210862 0.00776277 
0.000262027 0.0338173 0.0216836 0.0196883 0.00743026 0.00103015 0.0112223 5.29715e-07 0.0315486 0.0187071 0.174459 0.00210402 0.000916818 0.000167273 0.659846 0.00218995 0.00235498 0.00336544 0.00920618 
2.57255e-05 0.0306658 3.40315e-06 0.0145685 0.0104219 5.97043e-05 0.00515712 2.04051e-08 0.00292442 0.00799108 0.171268 0.00486323 0.00214752 9.59686e-05 0.422298 0.00518417 0.00143218 7.87958e-08 0.320893 
2.68181e-05 0.110532 1.86565e-08 0.0141205 0.0143259 2.76432e-06 0.000451674 1.36255e-12 0.0078286 0.000612795 0.0726433 0.000128763 0.00101284 5.76456e-09 0.742102 0.000320913 0.029726 3.27675e-10 0.00616532 
1.68048e-07 0.0204358 0.000148824 0.00240385 0.00893432 3.36056e-05 0.00589539 3.0815e-06 0.00363109 0.00100706 0.332923 0.000502689 0.00332352 6.72515e-07 0.546429 0.0201578 0.000536673 3.11212e-09 0.0536333 
1.27892e-05 0.186413 4.37421e-08 0.00672418 0.00682202 1.42667e-06 0.00509837 1.18041e-11 0.118018 0.00252391 0.161849 6.14597e-05 0.00159534 1.35211e-08 0.415003 0.00101389 0.0888207 5.53409e-10 0.00604282 
0.000818012 0.0605985 0.00629235 0.0321304 0.0225992 0.00763138 0.0135376 0.000655482 0.0374792 0.0303762 0.268478 0.00182441 0.0118168 0.000702987 0.393911 0.0151907 0.00371271 0.000416175 0.0918282 
0.000429264 0.0717521 0.00419092 0.0113291 0.124893 0.00263792 0.0116513 1.02153e-08 0.00204166 0.176746 0.19965 0.00016046 0.0133105 1.70958e-05 0.367377 0.00511951 2.4398e-05 7.72825e-09 0.00866903 
0.0137258 0.0345388 0.00168263 0.029439 0.00903081 0.000211936 0.0654242 0.00131222 0.0292346 0.0358093 0.0959699 0.00676908 0.0163269 0.0142614 0.413288 0.0410805 0.00955935 0.000179649 0.182155 
5.76756e-06 0.00458396 1.42609e-12 0.00233317 0.000221786 3.77928e-05 0.000528168 2.18246e-12 0.000722282 0.000818339 0.0111714 0.000299668 0.000242251 6.20872e-06 0.73798 1.93073e-05 2.01304e-06 1.05246e-09 0.241028 
1.78799e-05 0.0736877 1.46189e-08 0.00941368 0.0095506 1.84979e-06 0.00030112 1.26189e-12 0.00521907 0.000408535 0.056389 8.58508e-05 0.000675233 4.5171e-09 0.819786 0.000213945 0.0198174 2.69366e-10 0.00443176 
6.64847e-05 0.0335897 0.00048313 0.0129222 0.00654258 0.00076883 0.00214626 2.30708e-12 0.0103081 0.00400605 0.0810331 0.00114526 0.000334374 7.63883e-05 0.84011 6.81433e-05 0.000363641 5.54215e-08 0.00603525 
7.22813e-05 0.0363186 0.00048221 0.0092189 0.0181393 7.62198e-05 0.00502676 1.77232e-05 0.020774 0.0072757 0.249255 0.00183507 0.00179276 0.00058368 0.502511 0.0119206 0.00258856 1.48449e-05 0.132097 
3.01999e-05 0.133996 0.000449733 0.0237109 0.00214862 0.00248543 0.00425969 1.65317e-11 0.00472303 0.0206036 0.264154 0.000366191 0.00295514 0.0220297 0.507013 0.00761775 0.000235154 7.55864e-07 0.00322047 
2.35085e-05 0.0143989 1.03756e-05 0.0706117 0.00948322 0.000171475 0.0111832 9.12676e-11 0.000118343 0.0127164 0.256033 2.83899e-06 0.0154316 8.18152e-08 0.525365 0.0173547 0.0011784 7.69749e-09 0.0659172 
2.4392e-05 0.0344038 0.00151056 0.0189183 0.0143514 0.00410117 0.00416518 1.83519e-08 0.0059973 0.0159917 0.139938 0.00803677 0.00273714 0.00112141 0.7062 0.0018748 0.00280726 2.12224e-06 0.0378185 
1.18459e-05 0.0569268 0.00142901 0.0249751 0.00861416 0.00121552 0.0889217 6.87783e-10 0.031024 0.0368138 0.347117 8.07506e-05 0.000715026 1.45988e-05 0.395061 0.00303334 0.000390278 5.20332e-10 0.00365625 
0.000127393 5.27805e-07 1.02811e-08 0.00131189 4.56979e-07 2.49937e-08 0.00014222 6.8351e-12 0.00482867 0.000795672 0.0492056 0.00283467 0.00192798 2.19766e-08 0.930535 6.72264e-10 3.64838e-08 5.171e-12 0.00828987 
2.88261e-06 0.0851752 1.83173e-06 0.00902936 0.019871 0.00409673 0.000941882 1.39241e-06 0.0211171 1.65399e-05 0.180959 2.88415e-06 0.00319623 2.59357e-07 0.361792 0.30303 0.00877779 9.2618e-09 0.00198829 
8.77201e-07 0.0183165 2.23152e-06 0.000284447 0.000714822 0.000184053 0.00127219 1.3252e-08 0.00512266 3.17403e-05 0.121105 4.96631e-07 0.000444039 5.46667e-07 0.847704 0.000119476 0.000625835 1.00256e-08 0.00407049 
0.00152976 0.0822654 0.00152913 0.0542947 0.0174509 0.0012916 0.0128414 4.09275e-06 0.0708034 0.020893 0.131486 0.00191477 0.0586671 0.0610521 0.460372 0.00493801 0.00521321 2.86675e-06 0.013451 
0.00212129 0.0504923 0.0918499 0.0153701 0.0122735 0.000932345 0.00576594 5.13383e-07 0.055788 0.0522596 0.0776376 0.0061317 0.00474408 0.00100341 0.613782 0.00239148 0.00559656 7.61569e-05 0.00178311 
6.44656e-13 0.00463575 2.60992e-08 0.00014323 0.00209791 2.90802e-05 0.00550387 4.35502e-10 0.000716691 0.000804273 0.0366013 1.6566e-07 0.000217176 8.81146e-08 0.948289 0.000510072 3.28726e-05 2.94692e-12 0.00041891 
9.30777e-05 0.0469063 0.000676376 0.0179559 0.00912928 0.00106359 0.00300475 2.97372e-12 0.0143631 0.00560847 0.109556 0.00158491 0.000468122 0.000103621 0.780978 9.53999e-05 0.000509095 7.75304e-08 0.00790399 
2.68181e-05 0.110532 1.86565e-08 0.0141205 0.0143259 2.76432e-06 0.000451674 1.36255e-12 0.0078286 0.000612795 0.0726433 0.000128763 0.00101284 5.76456e-09 0.742102 0.000320913 0.029726 3.27675e-10 0.00616532 
0.0206644 0.124978 0.000112543 0.0552155 0.190761 0.0025842 0.00132718 7.17136e-11 0.122382 0.00872464 0.0541889 0.0190643 0.0466668 0.0010162 0.341262 0.00176639 0.00461222 4.09376e-06 0.00466869 
0.000392509 0.0497234 0.00126912 0.00480296 0.00727182 0.00144975 0.000985596 1.61304e-12 0.00953635 0.00455862 0.169356 0.0134416 0.00102842 0.00157311 0.724103 0.000401264 0.000414702 3.98601e-07 0.0096919 
5.05234e-07 0.00227732 2.08974e-05 0.00856723 0.000482016 3.48861e-05 0.00648868 8.59975e-11 0.000212284 0.000692743 0.0751855 0.000718343 5.07018e-06 3.64082e-09 0.896186 0.000281578 1.45846e-05 3.50303e-10 0.00883222 
2.83068e-07 0.0089972 0.000112052 0.0103797 0.00265914 0.000123458 0.000379322 9.74536e-10 0.0122467 1.85885e-05 0.00607684 3.39322e-05 0.0039418 1.0071e-05 0.929382 0.000912488 0.0243383 1.43472e-06 0.000386393 
6.64847e-05 0.0335897 0.00048313 0.0129222 0.00654258 0.00076883 0.00214626 2.30708e-12 0.0103081 0.00400605 0.0810331 0.00114526 0.000334374 7.63883e-05 0.84011 6.81433e-05 0.000363641 5.54215e-08 0.00603525 
4.05018e-05 0.00974984 2.62938e-08 0.00947165 4.88862e-08 4.3738e-05 0.00014415 9.14935e-12 0.00104263 0.000227342 0.334087 0.00514092 0.000263535 1.43068e-05 0.442209 2.89019e-05 3.40594e-09 1.30708e-06 0.197535 
2.68181e-05 0.110532 1.86565e-08 0.0141205 0.0143259 2.76432e-06 0.000451674 1.36255e-12 0.0078286 0.000612795 0.0726433 0.000128763 0.00101284 5.76456e-09 0.742102 0.000320913 0.029726 3.27675e-10 0.00616532 
0.000142616 0.0388362 0.000477391 0.00275515 0.00692947 0.000766366 0.00327019 3.35974e-12 0.00711352 0.00316134 0.140129 0.00484166 0.00190387 0.000631809 0.726105 0.00196093 0.00297551 1.37949e-07 0.0580002 
4.21678e-05 0.0312534 0.000319544 0.00289815 0.00196734 0.00139706 0.000444637 4.70244e-11 0.0066568 0.0101626 0.116526 4.73745e-05 0.00073244 0.0055106 0.816298 0.000177735 2.16494e-05 5.62353e-07 0.00554311 
0.000565869 0.022734 0.00410611 0.00406811 0.00343008 0.000640626 0.000584371 5.61267e-11 0.00602391 0.0099241 0.303842 0.0121486 0.00114337 0.000484185 0.600355 0.00078795 0.000125605 0.0173023 0.011734 
0.000444923 0.120484 0.000436193 0.0378457 0.0730757 0.00223057 0.00678406 9.0494e-08 0.0945972 0.0217032 0.136683 0.000467699 0.0503568 0.00039994 0.286558 0.0256542 0.0267896 2.68806e-05 0.115462 
0.000143503 0.0758108 0.00508255 0.0448232 0.0155742 0.00274197 0.00741898 8.84713e-07 0.0900359 0.139584 0.0781542 8.05291e-05 0.00247153 0.000213399 0.515019 0.0181865 0.00264061 0.00194559 7.21878e-05 
6.64847e-05 0.0335897 0.00048313 0.0129222 0.00654258 0.00076883 0.00214626 2.30708e-12 0.0103081 0.00400605 0.0810331 0.00114526 0.000334374 7.63883e-05 0.84011 6.81433e-05 0.000363641 5.54215e-08 0.00603525 
2.24322e-05 2.3219e-13 3.93459e-12 1.36314e-08 3.44626e-05 8.99066e-08 2.57007e-08 6.02141e-12 2.89024e-09 0.000173289 0.468706 9.92511e-09 1.01006e-12 5.10725e-12 0.472389 0.000216654 2.06139e-09 4.55541e-12 0.0584572 
0.00152129 0.0650912 0.00115541 0.0394658 0.0219809 0.000956771 0.00960882 1.19471e-05 0.0382812 0.014582 0.0848594 0.00276494 0.0471262 0.000397419 0.615196 0.00755747 0.0028361 1.53434e-06 0.0466052 
0.00282372 0.0424202 0.0114586 0.0307687 0.0216774 0.00318846 0.00304589 3.36676e-08 0.0379657 0.0238754 0.132326 0.00625074 0.0196768 0.00267838 0.619327 0.0243179 0.00217374 0.00012816 0.0158977 
5.49267e-05 0.0209006 0.000682855 0.00616477 0.00371242 0.00269761 0.00348775 9.14467e-09 0.00395256 0.00323255 0.065437 0.00109947 0.00112132 0.000317124 0.83914 0.000474431 0.00221161 2.42471e-07 0.0453129 
0.000127393 5.27805e-07 1.02811e-08 0.00131189 4.56979e-07 2.49937e-08 0.00014222 6.8351e-12 0.00482867 0.000795672 0.0492056 0.00283467 0.00192798 2.19766e-08 0.930535 6.72264e-10 3.64838e-08 5.171e-12 0.00828987 
6.44656e-13 0.00463575 2.60992e-08 0.00014323 0.00209791 2.90802e-05 0.00550387 4.35502e-10 0.000716691 0.000804273 0.0366013 1.6566e-07 0.000217176 8.81146e-08 0.948289 0.000510072 3.28726e-05 2.94692e-12 0.00041891 
2.49246e-05 2.26504e-05 3.21444e-09 0.00247693 0.000190334 0.000108464 0.000103677 2.87196e-12 2.13076e-06 2.2535e-05 0.155111 4.6887e-06 1.59319e-07 1.14509e-06 0.83043 0.00280029 0.00043916 1.58013e-09 0.00826203 
0.00031474 0.019589 1.90164e-07 0.00911633 0.0024197 0.000211366 0.00293796 1.51847e-07 0.00281453 0.000615755 0.314688 0.00773683 0.00106819 0.000254337 0.633705 0.000176813 7.54066e-05 2.80635e-07 0.00427546 
1.4979e-06 0.000442053 7.0671e-08 2.60356e-05 0.000419942 1.61111e-08 0.00011297 5.78238e-09 8.73382e-05 0.000376783 0.0345468 3.13535e-08 8.32041e-05 5.81534e-07 0.963353 2.58275e-05 3.06235e-05 8.03961e-12 0.000493615 
0.000267168 0.0720154 0.00147479 0.0509258 0.00539288 0.00399562 0.00351217 5.17345e-05 0.0558109 0.0691902 0.0657622 0.00131431 0.00405297 0.000162072 0.623474 0.0142457 0.00203914 0.000456992 0.0258561 
1.156e-05 0.0316895 0.00142407 0.0254273 0.00864469 0.00128358 0.0183639 3.64533e-12 0.0312496 0.0062411 0.147247 0.000118349 0.000712831 2.09915e-05 0.719964 0.00302832 0.000385821 2.75782e-12 0.00418778 
2.31233e-06 0.0328945 4.6467e-06 0.0395381 0.00170288 0.0700376 0.00141455 2.53725e-08 0.00472046 0.0391219 0.185956 2.73282e-06 0.00157909 2.80402e-05 0.309786 0.00611399 0.000459236 3.2556e-09 0.306639 
2.49246e-05 2.26504e-05 3.21444e-09 0.00247693 0.000190334 0.000108464 0.000103677 2.87196e-12 2.13076e-06 2.2535e-05 0.155111 4.6887e-06 1.59319e-07 1.14509e-06 0.83043 0.00280029 0.00043916 1.58013e-09 0.00826203 
5.0617e-06 0.0439106 2.79599e-05 0.0015716 0.00820236 8.45919e-05 0.0118564 4.4581e-09 0.00966366 0.00266302 0.0588573 2.99884e-06 0.000356262 9.25996e-08 0.85336 0.000539248 0.00013656 8.23888e-09 0.00876192 
4.51244e-05 0.0182631 0.00128273 0.00510957 0.00547435 8.86107e-05 0.00124605 8.30056e-08 0.0308592 0.000753835 0.0104632 0.000127598 0.00210815 1.80942e-05 0.898348 0.00112737 0.00517891 2.86477e-06 0.019503 
1.93966e-05 0.00314027 4.38326e-09 0.0056699 0.00367238 3.6386e-09 0.00422135 7.41032e-11 0.000330144 9.80284e-12 0.362744 4.22704e-07 0.000196802 6.28529e-11 0.609072 0.0101449 9.44088e-08 5.60617e-11 0.00078837 
6.51566e-06 0.0240276 8.99913e-05 0.00688439 0.00303315 0.0116516 0.000405639 1.92096e-07 0.0167892 0.000108046 0.00516189 2.80393e-05 0.00495917 2.70458e-05 0.91481 0.00102874 0.0107185 1.18835e-06 0.000268994 
1.95245e-05 0.0322243 3.27747e-05 0.00175915 0.00768199 0.00473126 0.00400896 9.48135e-11 0.0117206 0.00171247 0.0785216 3.13697e-06 0.000124069 1.22733e-11 0.841365 6.92602e-05 0.000249761 1.44565e-06 0.0157746 
6.50236e-05 0.0307578 0.000157016 0.00254861 0.00853303 0.000457741 0.0193808 3.80437e-05 0.0746105 0.0174764 0.0624966 0.00154928 0.00107677 4.21892e-05 0.771869 0.00238562 0.00510648 9.71495e-09 0.00144923 
0.000127393 5.27805e-07 1.02811e-08 0.00131189 4.56979e-07 2.49937e-08 0.00014222 6.8351e-12 0.00482867 0.000795672 0.0492056 0.00283467 0.00192798 2.19766e-08 0.930535 6.72264e-10 3.64838e-08 5.171e-12 0.00828987 
2.49246e-05 2.26504e-05 3.21444e-09 0.00247693 0.000190334 0.000108464 0.000103677 2.87196e-12 2.13076e-06 2.2535e-05 0.155111 4.6887e-06 1.59319e-07 1.14509e-06 0.83043 0.00280029 0.00043916 1.58013e-09 0.00826203 
0.000127393 5.27805e-07 1.02811e-08 0.00131189 4.56979e-07 2.49937e-08 0.00014222 6.8351e-12 0.00482867 0.000795672 0.0492056 0.00283467 0.00192798 2.19766e-08 0.930535 6.72264e-10 3.64838e-08 5.171e-12 0.00828987 
7.87069e-05 0.0614776 0.00361706 0.0252284 0.018793 0.0116028 0.00619057 7.59982e-09 0.0199303 0.0211497 0.140892 0.000481153 0.00414219 0.00186244 0.650924 0.0245171 0.00494691 7.35878e-06 0.00415783 
1.4979e-06 0.000442053 7.0671e-08 2.60356e-05 0.000419942 1.61111e-08 0.00011297 5.78238e-09 8.73382e-05 0.000376783 0.0345468 3.13535e-08 8.32041e-05 5.81534e-07 0.963353 2.58275e-05 3.06235e-05 8.03961e-12 0.000493615 
1.80754e-05 0.0108031 8.48432e-06 0.102121 0.00711767 0.000129924 0.0160351 2.24631e-09 8.98758e-05 0.00954606 0.192045 2.28574e-06 0.0115929 3.09695e-07 0.587105 0.0130316 0.000886246 3.04249e-08 0.049467 
0.000504652 0.0637646 0.00153924 0.00617522 0.00934947 0.00176521 0.00108261 1.7538e-12 0.0121931 0.00560583 0.171935 0.017282 0.00132225 0.00198927 0.692771 0.000515908 0.000533185 5.12209e-07 0.0116711 
0.000135119 0.0427829 0.00101542 0.21073 0.0637104 0.0133096 0.00953366 0.000112875 0.0563976 0.0125349 0.11203 0.000420883 0.0180485 2.28351e-05 0.341647 0.0177824 0.0985552 1.19122e-05 0.0012195 
0.00435359 0.0936627 0.00027056 0.0362221 0.0936317 0.0250261 0.00568794 3.01983e-11 0.0578395 0.00838539 0.0604429 0.00124874 0.00980084 0.000406853 0.587376 0.00108526 0.00423142 1.52477e-05 0.0103134 
2.68181e-05 0.110532 1.86565e-08 0.0141205 0.0143259 2.76432e-06 0.000451674 1.36255e-12 0.0078286 0.000612795 0.0726433 0.000128763 0.00101284 5.76456e-09 0.742102 0.000320913 0.029726 3.27675e-10 0.00616532 
8.64989e-06 0.00680692 1.90598e-12 0.00337315 0.000319558 5.364e-05 0.000792249 2.91687e-12 0.00106147 0.00122751 0.0148755 0.000421478 0.000363371 7.98244e-06 0.612548 2.89603e-05 3.01935e-06 1.49206e-09 0.358108 
5.75582e-07 0.0302263 5.75017e-07 5.75689e-07 5.75663e-07 0.00558102 0.0115116 5.74616e-07 0.0233168 0.0428268 0.0958573 5.75246e-07 0.00610172 0.00149503 0.633046 0.000115703 0.00184221 0.000690453 0.147386 
2.08205e-07 0.21057 0.00584503 0.0458139 0.107054 0.00364204 0.0590649 2.07856e-07 0.114393 0.0438302 0.104981 2.08084e-07 0.0061006 2.07919e-07 0.273365 0.0173036 0.00331026 2.07958e-07 0.00472577 
0.000792839 0.120225 0.0145213 0.0728557 0.119257 1.07635e-06 0.00482369 1.04579e-07 0.0455114 0.152954 0.129428 3.56592e-07 0.031182 8.52963e-08 0.196639 0.00015338 0.000417285 0.000109878 0.111128 
0.000186673 0.0440497 0.00951362 0.0243528 0.00861371 0.000418925 0.00105711 4.27548e-06 0.00700069 0.0081703 0.385683 0.00299448 0.00327676 0.00329898 0.402413 0.00449197 0.0010253 2.43966e-07 0.0934481 
1.18983e-05 0.0244233 6.13435e-05 0.0272619 0.00395023 3.29361e-05 0.00026343 1.11333e-08 0.00204272 0.000365219 0.0710561 0.000151113 0.0010509 3.39138e-06 0.838235 0.000558618 0.00461995 1.32237e-08 0.0259124 
7.46388e-05 0.0141699 2.57654e-05 0.0525564 0.0140782 0.000110536 0.0018712 1.47982e-08 0.00557831 0.0053873 0.0691554 0.00328199 0.000821299 1.72113e-06 0.644998 0.00107528 0.0182641 4.42654e-06 0.168546 
0.000189944 0.0744803 0.0310497 0.0116537 0.00725485 0.000189384 0.079241 0.000343417 0.0427937 0.0938471 0.220006 0.00129969 0.00142837 0.000432907 0.365317 0.000686481 0.00631197 1.40275e-05 0.0634608 
0.000392509 0.0497234 0.00126912 0.00480296 0.00727182 0.00144975 0.000985596 1.61304e-12 0.00953635 0.00455862 0.169356 0.0134416 0.00102842 0.00157311 0.724103 0.000401264 0.000414702 3.98601e-07 0.0096919 
5.44914e-06 0.00297763 4.18857e-07 0.0016115 0.000329415 0.00342585 6.0146e-05 1.80299e-10 0.000264686 0.000200141 0.144503 2.83575e-08 0.00048397 2.73597e-07 0.829293 3.30682e-07 0.00292246 1.36402e-10 0.0139218 
0.0219664 0.0623184 0.00240291 0.0551844 0.0193048 0.0133778 0.0182019 0.00262883 0.0964251 0.0349893 0.180028 0.0956035 0.0737476 0.000325164 0.211238 0.0067151 0.000954799 6.51293e-07 0.104588 
7.18924e-05 0.0247346 0.00146168 0.00788227 0.00426735 0.00017439 0.000336365 5.65311e-09 0.0443636 0.000466495 0.0434659 2.36512e-05 0.00443235 6.67274e-06 0.852177 0.00549233 0.00818173 2.38768e-06 0.00245898 
2.15001e-05 0.0285414 0.000164341 0.00541307 0.00604365 0.00043644 0.00598706 4.35641e-12 0.00770599 0.00263222 0.0886302 0.000390339 0.00143486 3.20548e-05 0.787794 0.00136961 0.00346743 1.54321e-08 0.0599355 
0.00032876 0.0269405 0.000165601 0.0111827 0.0265829 1.4673e-05 0.000951061 3.4941e-08 0.0125294 0.00195846 0.391605 0.0119552 0.0338542 0.000244263 0.468363 0.000411477 0.000409653 3.77036e-09 0.0125029 
0.000127393 5.27805e-07 1.02811e-08 0.00131189 4.56979e-07 2.49937e-08 0.00014222 6.8351e-12 0.00482867 0.000795672 0.0492056 0.00283467 0.00192798 2.19766e-08 0.930535 6.72264e-10 3.64838e-08 5.171e-12 0.00828987 
0.00555554 0.0476695 0.00329383 0.0427932 0.0237516 0.000604655 0.00393126 1.70987e-07 0.0172583 0.00810168 0.100159 0.00386749 0.00741077 8.22601e-05 0.683073 0.00856126 0.00462899 7.27747e-05 0.0391854 
7.52799e-05 0.014526 0.000231805 0.00173905 0.0073297 0.0114104 0.00093246 5.03433e-11 0.006649 0.00147412 0.0949682 0.00189685 0.0003298 0.000207524 0.851946 0.000166362 0.000112814 5.72916e-06 0.00599914 
5.76756e-06 0.00458396 1.42609e-12 0.00233317 0.000221786 3.77928e-05 0.000528168 2.18246e-12 0.000722282 0.000818339 0.0111714 0.000299668 0.000242251 6.20872e-06 0.73798 1.93073e-05 2.01304e-06 1.05246e-09 0.241028 
1.48151e-07 0.0135383 4.53447e-08 0.00570197 0.00340961 0.00026962 0.0165603 2.55428e-09 0.000876694 0.00497124 0.336095 1.85485e-06 0.00112341 0.000171731 0.429021 0.00468505 0.000599391 9.07969e-09 0.182974 
6.44656e-13 0.00463575 2.60992e-08 0.00014323 0.00209791 2.90802e-05 0.00550387 4.35502e-10 0.000716691 0.000804273 0.0366013 1.6566e-07 0.000217176 8.81146e-08 0.948289 0.000510072 3.28726e-05 2.94692e-12 0.00041891 
0.000338131 0.0285136 0.000215223 0.0134517 0.00749413 0.00121913 0.00416644 1.1116e-05 0.0162378 0.00345224 0.0935316 0.00246795 0.00575551 0.00195769 0.708901 0.00280135 0.000996107 2.73641e-06 0.108487 
2.99416e-05 0.0258618 0.000205035 0.0536471 0.00582928 0.000236074 0.00097201 1.34003e-09 0.00453147 0.00144886 0.0733542 0.000527339 0.00159684 3.85833e-05 0.791943 0.000737581 0.000605489 9.03699e-08 0.0384349 
0.000504652 0.0637646 0.00153924 0.00617522 0.00934947 0.00176521 0.00108261 1.7538e-12 0.0121931 0.00560583 0.171935 0.017282 0.00132225 0.00198927 0.692771 0.000515908 0.000533185 5.12209e-07 0.0116711 
5.67631e-06 0.0180491 2.36461e-05 0.130695 0.00399436 7.70092e-06 0.000131142 2.15956e-09 0.000916851 0.000164192 0.072784 9.34776e-05 0.00277542 7.40136e-06 0.663988 0.00207755 0.00059166 7.46217e-08 0.103695 
6.50236e-05 0.0307578 0.000157016 0.00254861 0.00853303 0.000457741 0.0193808 3.80437e-05 0.0746105 0.0174764 0.0624966 0.00154928 0.00107677 4.21892e-05 0.771869 0.00238562 0.00510648 9.71495e-09 0.00144923 
2.41303e-05 0.119588 1.21722e-06 0.0937629 0.0424135 0.000210078 0.0289528 4.35759e-06 0.0389364 0.00438502 0.0298044 9.26752e-05 0.0435868 0.000388587 0.312732 0.277827 0.00498357 2.5827e-06 0.00230489 
9.25034e-05 0.0672947 0.000986891 0.00636463 0.0211522 0.000208271 0.000541481 1.32783e-12 0.174438 0.00115448 0.00411185 8.07026e-05 0.00611098 1.82352e-06 0.705031 0.00394556 0.00799319 5.64434e-06 0.000485802 
0.000504652 0.0637646 0.00153924 0.00617522 0.00934947 0.00176521 0.00108261 1.7538e-12 0.0121931 0.00560583 0.171935 0.017282 0.00132225 0.00198927 0.692771 0.000515908 0.000533185 5.12209e-07 0.0116711 
3.46085e-05 0.0313878 0.000764133 0.00277223 0.00802855 0.000219257 0.000693315 1.38866e-09 0.0319415 0.00126121 0.0237146 0.000161453 0.00108541 1.25397e-05 0.892391 0.000514946 0.00367181 7.62308e-07 0.00134521 
2.20908e-05 0.133823 0.000604639 0.000804014 0.00819051 0.0193344 0.112907 8.07108e-06 0.196626 0.123847 0.0956894 0.000391665 0.00895279 6.57523e-12 0.282742 0.00882713 0.00630461 5.4536e-06 0.000920888 
0.00964087 0.0400315 0.00150145 0.0196457 0.0116282 0.00123665 0.023327 9.35667e-07 0.0354424 0.0428712 0.377036 0.000717469 0.00301263 9.72695e-05 0.384001 0.00611689 0.00260213 0.000309308 0.0407817 
3.77704e-05 0.0383205 0.00312453 0.0120397 0.00302834 0.00404087 0.0022671 8.09229e-11 0.0032617 0.00511343 0.14336 0.000628784 0.000380159 0.000576533 0.774587 0.000485078 0.00259623 1.36226e-06 0.00615066 
1.4979e-06 0.000442053 7.0671e-08 2.60356e-05 0.000419942 1.61111e-08 0.00011297 5.78238e-09 8.73382e-05 0.000376783 0.0345468 3.13535e-08 8.32041e-05 5.81534e-07 0.963353 2.58275e-05 3.06235e-05 8.03961e-12 0.000493615 
9.73124e-05 0.195625 1.5382e-06 0.000171409 0.0184326 3.10273e-05 0.00038997 2.33374e-11 0.0106664 0.000404752 0.355314 0.00686507 0.000878874 0.000104803 0.403446 2.01267e-06 8.91322e-07 4.41231e-09 0.00756874 
0.000504652 0.0637646 0.00153924 0.00617522 0.00934947 0.00176521 0.00108261 1.7538e-12 0.0121931 0.00560583 0.171935 0.017282 0.00132225 0.00198927 0.692771 0.000515908 0.000533185 5.12209e-07 0.0116711 
1.4979e-06 0.000442053 7.0671e-08 2.60356e-05 0.000419942 1.61111e-08 0.00011297 5.78238e-09 8.73382e-05 0.000376783 0.0345468 3.13535e-08 8.32041e-05 5.81534e-07 0.963353 2.58275e-05 3.06235e-05 8.03961e-12 0.000493615 
0.000149374 0.101134 0.00440342 0.0775452 0.0265345 0.000263125 0.0817161 2.11125e-05 0.0556652 0.024545 0.214976 0.00391519 0.0084619 0.000365255 0.333876 0.00570956 0.00846312 8.32337e-05 0.052172 
7.74763e-05 0.00509527 3.98995e-06 0.00401359 0.0130477 2.90318e-11 0.00507926 7.18778e-09 0.0233205 0.320013 0.0842686 1.59651e-07 1.83854e-07 6.03618e-11 0.545078 1.72553e-07 1.33098e-06 1.13117e-07 5.73606e-07 
9.04513e-05 0.21766 0.000160684 0.0697542 0.00654446 0.0917906 0.00337114 8.00551e-08 0.0419067 0.00650819 0.0216796 0.00226002 0.0182637 6.45539e-05 0.480534 0.00850408 0.0300948 0.00023626 0.00057746 
0.000103348 0.0321756 1.25611e-05 0.0159211 0.00744293 0.000771022 0.000776801 3.82499e-12 0.00605155 0.00199602 0.0365929 0.00682997 0.00211703 5.02355e-05 0.731952 0.000350042 0.0028158 1.62096e-07 0.154041 
2.54152e-05 0.0329679 0.000117339 0.00368053 0.00609545 0.00383849 0.000482269 4.5588e-10 0.00493714 0.00228886 0.0729929 0.000242089 0.000516221 0.00176157 0.859565 0.000233531 0.00668217 1.20293e-06 0.00357232 
4.03385e-06 0.00292721 2.57202e-08 0.000432023 0.00925147 0.0115445 0.00129676 1.95645e-11 0.00380389 0.000677569 0.068009 1.75134e-08 0.000124167 1.65942e-11 0.897924 9.63004e-05 3.51356e-06 4.35983e-06 0.00390086 
0.00137166 0.0683938 0.00558916 0.039772 0.0902563 0.00153571 0.00102577 2.00197e-07 0.0170275 0.179067 0.146654 0.00840655 0.0159079 0.00452223 0.398688 0.00193583 0.00878877 1.00572e-06 0.0110573 
6.64847e-05 0.0335897 0.00048313 0.0129222 0.00654258 0.00076883 0.00214626 2.30708e-12 0.0103081 0.00400605 0.0810331 0.00114526 0.000334374 7.63883e-05 0.84011 6.81433e-05 0.000363641 5.54215e-08 0.00603525 
2.89115e-06 0.0158623 1.80662e-06 4.31402e-06 0.00156399 2.6089e-05 0.00013696 3.48663e-12 0.010023 0.000377065 0.0125344 2.92183e-06 0.000492784 2.34499e-07 0.958588 6.07799e-05 7.74828e-05 1.29036e-09 0.000245432 
4.45866e-09 3.92709e-07 4.28014e-08 0.0185351 0.000358247 1.44618e-05 0.00219542 1.05647e-12 0.00735943 0.00283873 0.46437 1.09484e-07 1.96714e-08 1.92666e-08 0.470971 2.73406e-05 7.75968e-05 1.8391e-09 0.0332518 
1.78799e-05 0.0736877 1.46189e-08 0.00941368 0.0095506 1.84979e-06 0.00030112 1.26189e-12 0.00521907 0.000408535 0.056389 8.58508e-05 0.000675233 4.5171e-09 0.819786 0.000213945 0.0198174 2.69366e-10 0.00443176 
0.000141449 0.0923949 0.00307783 0.0143268 0.00608037 0.00144838 0.00669719 3.73115e-08 0.0194007 0.0137485 0.162771 0.00388085 0.00614238 0.00019831 0.610443 0.00231354 0.00572773 7.4081e-06 0.0511995 
1.78799e-05 0.0736877 1.46189e-08 0.00941368 0.0095506 1.84979e-06 0.00030112 1.26189e-12 0.00521907 0.000408535 0.056389 8.58508e-05 0.000675233 4.5171e-09 0.819786 0.000213945 0.0198174 2.69366e-10 0.00443176 
2.68181e-05 0.110532 1.86565e-08 0.0141205 0.0143259 2.76432e-06 0.000451674 1.36255e-12 0.0078286 0.000612795 0.0726433 0.000128763 0.00101284 5.76456e-09 0.742102 0.000320913 0.029726 3.27675e-10 0.00616532 
0.000573092 0.145643 1.63533e-07 0.0644421 0.00712186 0.00710104 0.0132096 1.63419e-07 0.103706 0.00222655 0.0216947 0.00129259 0.0525949 1.63469e-07 0.535165 0.0249821 0.0176115 0.000245413 0.00238974 
1.27892e-05 0.186413 4.37421e-08 0.00672418 0.00682202 1.42667e-06 0.00509837 1.18041e-11 0.118018 0.00252391 0.161849 6.14597e-05 0.00159534 1.35211e-08 0.415003 0.00101389 0.0888207 5.53409e-10 0.00604282 
1.78799e-05 0.0736877 1.46189e-08 0.00941368 0.0095506 1.84979e-06 0.00030112 1.26189e-12 0.00521907 0.000408535 0.056389 8.58508e-05 0.000675233 4.5171e-09 0.819786 0.000213945 0.0198174 2.69366e-10 0.00443176 
1.49055e-05 0.0805833 0.000445811 0.0508718 0.0203682 0.00803998 0.00303584 1.30025e-07 0.0420142 0.011144 0.179548 0.00097314 0.00447706 0.000225023 0.522715 0.0129393 0.0325206 3.21182e-07 0.0300832 
0.000163558 0.0353029 0.0266502 0.0151257 0.00507757 0.000382548 0.000534264 1.24519e-09 0.00923637 0.0071182 0.0826764 0.0033291 0.000831704 0.00180994 0.798184 0.000357896 0.00125817 6.08799e-06 0.0119558 
1.20408e-10 0.00100092 0.0010583 0.0187725 0.0105455 2.96801e-10 9.47119e-05 7.27555e-10 0.00184155 7.21323e-05 0.190776 1.43809e-05 0.000380428 6.17098e-10 0.760538 0.000242811 0.000262987 5.50421e-10 0.0144004 
0.000392509 0.0497234 0.00126912 0.00480296 0.00727182 0.00144975 0.000985596 1.61304e-12 0.00953635 0.00455862 0.169356 0.0134416 0.00102842 0.00157311 0.724103 0.000401264 0.000414702 3.98601e-07 0.0096919 
1.87232e-05 0.0274355 0.000660698 0.0114026 0.00252886 0.00226457 0.00352881 4.85327e-08 0.00709931 0.00467433 0.130532 9.66714e-05 0.00388963 0.00200943 0.771334 0.00860888 0.00588267 1.2593e-06 0.0180322 
8.0802e-05 0.0507127 0.000814126 0.00486294 0.0160859 0.00017134 0.000428396 1.86572e-09 0.131138 0.000893858 0.00311398 7.52531e-05 0.00465954 5.26619e-06 0.777454 0.0030205 0.00608895 9.73158e-06 0.000385614 
9.58526e-06 0.0404673 1.08943e-05 0.00504315 0.00658671 4.25703e-05 0.000542574 6.08418e-12 0.00282942 0.000328338 0.303803 4.60475e-05 0.000361766 6.30469e-07 0.626682 0.000114642 0.0106172 4.15679e-10 0.00251346 
5.94823e-07 0.00837215 1.16526e-05 0.00169898 0.00263476 5.03916e-05 0.00440044 3.18386e-09 0.00170626 0.00129037 0.0308711 5.25002e-05 0.000621705 1.47538e-06 0.916247 0.000436579 3.03524e-05 4.82887e-10 0.0315734 
8.09175e-05 0.0246309 1.19143e-08 0.00354215 0.00319562 9.24187e-05 0.000179323 2.18689e-12 0.00245505 0.000248145 0.0433565 0.00321439 0.000386998 4.08303e-06 0.907359 7.55891e-05 0.00660604 2.55498e-10 0.00457266 
1.79869e-05 0.0736905 2.27083e-07 0.0137203 0.0138302 2.52248e-06 0.000301461 5.3489e-11 0.00521987 0.000408936 0.280494 8.67313e-05 0.00144092 7.01885e-08 0.572001 0.000214464 0.0198313 3.66437e-09 0.0187395 
3.95726e-05 0.0461293 0.00130641 0.0219678 0.011586 0.000378181 0.002153 9.25081e-08 0.0493445 0.00159395 0.05484 0.00168773 0.00271541 9.94653e-06 0.753349 0.00411769 0.00364959 6.49445e-07 0.0451316 
1.78799e-05 0.0736877 1.46189e-08 0.00941368 0.0095506 1.84979e-06 0.00030112 1.26189e-12 0.00521907 0.000408535 0.056389 8.58508e-05 0.000675233 4.5171e-09 0.819786 0.000213945 0.0198174 2.69366e-10 0.00443176 
0.00441673 0.0301001 6.88395e-05 0.131557 0.0213932 0.00548427 0.00115914 7.32319e-09 0.0154577 0.00387861 0.27633 0.000989257 0.148219 0.000139646 0.314741 0.017523 0.00460212 5.97624e-07 0.0239403 
1.4979e-06 0.000442053 7.0671e-08 2.60356e-05 0.000419942 1.61111e-08 0.00011297 5.78238e-09 8.73382e-05 0.000376783 0.0345468 3.13535e-08 8.32041e-05 5.81534e-07 0.963353 2.58275e-05 3.06235e-05 8.03961e-12 0.000493615 
0.00092232 0.151223 0.000858529 0.143996 0.0969619 0.00201071 0.0775793 0.000627755 0.072319 0.0476151 0.12915 0.00233243 0.0308727 0.0036719 0.151546 0.0239297 0.019594 8.29583e-05 0.0447072 
3.94266e-08 2.42351e-10 2.24286e-12 4.64663e-06 2.20596e-10 2.49195e-06 1.7444e-05 3.43242e-12 7.43943e-05 2.25303e-05 0.0147705 0.000138441 5.73363e-05 1.66937e-06 0.981874 5.04578e-10 7.82854e-13 2.59675e-12 0.00303674 
3.32579e-05 0.027017 0.000159365 0.0343381 0.0031291 0.000555446 0.00138746 4.40755e-05 0.0133433 0.0137823 0.0857469 0.000188154 0.00728325 9.18018e-05 0.715002 0.00542278 0.00898178 1.41538e-05 0.0834795 
5.67631e-06 0.0180491 2.36461e-05 0.130695 0.00399436 7.70092e-06 0.000131142 2.15956e-09 0.000916851 0.000164192 0.072784 9.34776e-05 0.00277542 7.40136e-06 0.663988 0.00207755 0.00059166 7.46217e-08 0.103695 
9.03996e-07 0.000130895 8.2544e-08 1.24221e-05 5.20714e-05 3.91677e-12 0.000135102 1.91174e-10 0.000168091 5.19347e-05 0.0422107 1.41179e-09 1.07983e-08 8.1436e-12 0.956119 7.78071e-06 0.000313559 7.26369e-12 0.00079701 
3.94266e-08 2.42351e-10 2.24286e-12 4.64663e-06 2.20596e-10 2.49195e-06 1.7444e-05 3.43242e-12 7.43943e-05 2.25303e-05 0.0147705 0.000138441 5.73363e-05 1.66937e-06 0.981874 5.04578e-10 7.82854e-13 2.59675e-12 0.00303674 
5.05234e-07 0.00227732 2.08974e-05 0.00856723 0.000482016 3.48861e-05 0.00648868 8.59975e-11 0.000212284 0.000692743 0.0751855 0.000718343 5.07018e-06 3.64082e-09 0.896186 0.000281578 1.45846e-05 3.50303e-10 0.00883222 
6.44656e-13 0.00463575 2.60992e-08 0.00014323 0.00209791 2.90802e-05 0.00550387 4.35502e-10 0.000716691 0.000804273 0.0366013 1.6566e-07 0.000217176 8.81146e-08 0.948289 0.000510072 3.28726e-05 2.94692e-12 0.00041891 
4.33645e-06 0.0236687 2.7093e-06 1.07286e-08 0.00230475 3.62607e-05 0.000205438 4.83926e-12 0.0149446 0.000565595 0.0171682 3.04865e-06 0.000739172 4.88049e-09 0.939866 9.11684e-05 0.000116213 1.86644e-09 0.000283697 
6.73934e-05 0.0398351 9.73076e-07 0.00101524 0.00113033 0.000776434 0.00252208 9.45746e-12 0.00996532 0.00170541 0.0327043 0.000647888 0.00340727 2.31967e-07 0.899062 0.000437205 0.00487435 8.71823e-10 0.00184885 
6.64778e-05 0.100301 3.2033e-06 0.0427911 0.018803 0.000180683 0.00352678 1.48536e-11 0.0214713 0.014183 0.0708955 0.000693106 0.00193547 2.60461e-06 0.556674 0.000698102 0.000328211 2.77687e-06 0.167444 
1.48151e-07 0.0135383 4.53447e-08 0.00570197 0.00340961 0.00026962 0.0165603 2.55428e-09 0.000876694 0.00497124 0.336095 1.85485e-06 0.00112341 0.000171731 0.429021 0.00468505 0.000599391 9.07969e-09 0.182974 
0.0829394 0.0164551 7.78509e-09 0.00961615 0.00305194 0.000244994 0.000526735 1.7391e-11 0.000621007 0.000308527 0.304615 2.81348e-06 0.00293634 1.08122e-05 0.559805 0.00337318 0.00661296 1.09168e-05 0.00887001 
3.92697e-06 0.24505 5.46689e-13 0.0532328 0.00367555 5.93997e-06 0.00289336 8.36641e-13 0.0171894 0.000263581 0.0123914 3.23786e-05 0.00484746 7.09623e-13 0.657719 0.000107887 0.00187461 9.51007e-07 0.000711409 
0.0011025 0.0286848 0.0017009 0.0234459 0.0249751 0.000634777 0.00368242 2.07452e-06 0.0146766 0.00859076 0.103526 0.000892065 0.0147689 0.00251015 0.718318 0.00477258 0.00531135 8.12488e-06 0.0423966 
0.025106 0.20634 0.000901426 0.0539408 0.0812669 0.00153422 0.0116425 8.8983e-06 0.1474 0.00708428 0.035323 0.00354529 0.0393176 0.0010812 0.340771 0.00896975 0.01209 9.91248e-06 0.0236666 
0.0007709 0.0316102 0.0198042 0.0465132 0.0453689 0.000818747 0.00177906 6.34466e-06 0.0167136 0.0167701 0.117852 0.000910269 0.00787399 0.00354295 0.57088 0.0144478 0.00297759 0.046612 0.0547481 
0.000171046 0.0439091 0.0332316 0.00241901 0.00353776 0.00142267 0.00478475 6.58387e-12 0.017181 0.0721368 0.107974 0.000140741 0.000586968 8.4782e-10 0.707719 7.00333e-05 0.000255176 7.0876e-06 0.00445374 
0.0236992 0.180473 0.0204262 0.0342864 0.0714941 0.000346274 0.00316834 8.26082e-07 0.0980536 0.0150804 0.0348521 0.00733177 0.0119073 0.000571949 0.463078 0.00161563 0.0252842 1.9115e-05 0.00831081 
0.000495071 0.0500271 0.00105218 0.00241416 0.00252114 0.00449302 0.00688252 1.53588e-10 0.133775 0.254513 0.118516 0.0205389 0.013315 1.71119e-05 0.274142 7.81993e-08 0.00358897 2.84597e-05 0.11368 
0.000798329 0.114149 0.00203684 0.0716327 0.0207067 0.00309716 0.013458 4.14318e-08 0.0424551 0.0066526 0.166757 0.000835736 0.0161213 0.000182731 0.486537 0.00957366 0.00567262 1.39854e-06 0.0393322 
0.000106555 0.0336755 0.00190219 0.00903901 0.0399464 0.00510282 0.00343328 7.00325e-08 0.0151436 0.00933213 0.126286 0.00247371 0.00724718 0.00382726 0.715679 0.00499664 0.0086051 0.00819398 0.00500968 
4.07661e-05 0.022238 0.000226492 0.0165512 0.00818628 0.000996966 0.140898 0.000513251 0.00656557 0.00653323 0.0685211 0.000548424 0.00294791 7.77808e-05 0.677937 0.00338112 0.00128945 2.01793e-07 0.0425466 
0.00022629 0.0274089 0.0073667 0.0298074 0.00371522 1.60703e-05 0.000971367 7.8275e-13 0.00748942 0.0129333 0.311988 0.00343135 0.000338149 1.42748e-08 0.513333 0.00019165 4.10629e-09 1.3626e-09 0.0807831 
5.10037e-06 0.000381785 9.40467e-06 0.0108164 0.00439996 0.000250988 0.00462152 4.40444e-09 0.00735638 0.00161002 0.168678 8.17783e-05 0.0469513 0.00108023 0.297548 0.127575 0.253435 1.22441e-07 0.075199 
6.11935e-09 0.00144074 1.96654e-06 0.0294202 0.000136943 1.22881e-06 0.000208285 5.69901e-12 6.08396e-06 1.31016e-09 0.00938624 6.20978e-09 0.000523936 2.80879e-08 0.954269 0.00325999 0.00105453 2.62525e-09 0.000290917 
2.83068e-07 0.0089972 0.000112052 0.0103797 0.00265914 0.000123458 0.000379322 9.74536e-10 0.0122467 1.85885e-05 0.00607684 3.39322e-05 0.0039418 1.0071e-05 0.929382 0.000912488 0.0243383 1.43472e-06 0.000386393 
5.76756e-06 0.00458396 1.42609e-12 0.00233317 0.000221786 3.77928e-05 0.000528168 2.18246e-12 0.000722282 0.000818339 0.0111714 0.000299668 0.000242251 6.20872e-06 0.73798 1.93073e-05 2.01304e-06 1.05246e-09 0.241028 
0.000158003 0.0555475 0.00655577 0.039264 0.0286149 0.00145833 0.141632 0.00032812 0.015778 0.0879787 0.243396 0.0126632 0.00184427 9.06821e-05 0.282612 0.00933576 0.000413966 1.88123e-05 0.0723096 
0.00186655 0.0608377 0.0052481 0.0293703 0.075254 0.0018005 0.00138094 1.83178e-09 0.11725 0.0079794 0.0628981 0.24329 0.0144434 1.42106e-05 0.303703 0.0498506 0.0120008 9.12474e-05 0.0127209 
6.40347e-05 0.0193661 7.37434e-05 0.00495333 0.00127028 0.000688892 0.00057366 1.9185e-11 0.00336824 0.00494148 0.0576707 0.000328348 0.00089054 0.00152231 0.841001 0.000116151 1.19889e-05 6.25888e-06 0.0631533 
0.00289658 0.00664197 2.36843e-06 0.0376868 0.0129447 0.00177649 0.00253293 6.24095e-07 0.00982089 0.00731503 0.328264 0.000203227 0.0189407 0.000204121 0.547438 0.010688 0.00251589 1.43376e-05 0.0101129 
0.0052021 0.109259 0.00451705 0.0531991 0.0455018 0.00240428 0.00294623 7.6165e-06 0.0276063 0.0481319 0.299955 0.000578881 0.0112282 0.000140804 0.302808 0.00343413 0.000601729 7.61699e-06 0.0824703 
4.03385e-06 0.00292721 2.57202e-08 0.000432023 0.00925147 0.0115445 0.00129676 1.95645e-11 0.00380389 0.000677569 0.068009 1.75134e-08 0.000124167 1.65942e-11 0.897924 9.63004e-05 3.51356e-06 4.35983e-06 0.00390086 
0.000203944 0.0301268 0.000156131 0.0170309 0.00682901 0.00386334 0.00728627 8.92644e-07 0.0147438 0.00294721 0.0838729 0.000948095 0.011871 0.000824457 0.807438 0.00189394 0.00373771 7.54245e-08 0.00622502 
0.0094663 0.0472636 0.00168504 0.011024 0.0185209 0.000262481 0.0210986 6.81115e-05 0.0517845 0.0207523 0.328124 0.00125306 0.00255706 0.00124079 0.392878 0.0216582 0.00301419 8.03689e-06 0.067341 
0.000110185 0.0376959 0.0125681 0.00449726 0.0244752 0.00032325 0.00598686 1.39793e-07 0.0698029 0.000709318 0.0436963 0.00374473 0.0235591 2.16936e-06 0.694053 0.0415833 0.0365993 4.45755e-06 0.000588351 
1.21561e-08 0.00346508 0.000211869 0.0138452 0.00635503 0.00136902 0.000440822 1.19192e-11 0.0162484 0.00374697 0.100915 0.0202541 0.00760023 1.35816e-08 0.428166 0.00411947 0.00109671 9.56961e-08 0.392166 
1.78799e-05 0.0736877 1.46189e-08 0.00941368 0.0095506 1.84979e-06 0.00030112 1.26189e-12 0.00521907 0.000408535 0.056389 8.58508e-05 0.000675233 4.5171e-09 0.819786 0.000213945 0.0198174 2.69366e-10 0.00443176 
0.00012292 0.0347235 0.00651849 0.00313187 0.00275623 0.000356386 0.00189468 6.66601e-12 0.0138748 0.0110697 0.0419368 0.00132827 0.000473205 1.72997e-06 0.859728 0.000144617 7.7717e-05 1.04536e-06 0.0218602 
0.00649951 0.0237031 0.0123851 0.0202929 0.00834609 0.0305094 0.0152646 0.000854593 0.0900399 0.043504 0.00452172 0.00808965 1.43211e-07 7.24126e-07 0.692817 0.00310498 0.00870408 0.0292593 0.00210331 
4.27055e-05 0.110363 7.17209e-06 0.0935489 0.0162151 7.33577e-08 0.00475854 2.63124e-09 0.050275 0.000173683 0.193343 0.000250721 0.112005 3.95762e-11 0.319495 0.0933317 0.00311623 3.53e-11 0.00307452 
7.31379e-07 0.00522203 1.30081e-06 0.0186841 0.000813314 0.000300069 0.00153532 3.77971e-09 0.000205895 0.000310877 0.128045 0.0631532 0.00204595 3.13476e-06 0.77362 0.00207492 0.00116237 1.35617e-07 0.00282154 
2.83068e-07 0.0089972 0.000112052 0.0103797 0.00265914 0.000123458 0.000379322 9.74536e-10 0.0122467 1.85885e-05 0.00607684 3.39322e-05 0.0039418 1.0071e-05 0.929382 0.000912488 0.0243383 1.43472e-06 0.000386393 
2.35085e-05 0.0143989 1.03756e-05 0.0706117 0.00948322 0.000171475 0.0111832 9.12676e-11 0.000118343 0.0127164 0.256033 2.83899e-06 0.0154316 8.18152e-08 0.525365 0.0173547 0.0011784 7.69749e-09 0.0659172 
7.81358e-05 0.0660751 0.000375758 0.00863321 0.0124188 0.0054878 0.000829353 5.70723e-12 0.0173366 0.010821 0.147585 0.00028852 0.00217406 0.00550784 0.716653 0.000530452 0.00018714 5.38398e-07 0.00501749 
1.42112e-05 0.0308336 0.000430788 0.0633287 0.00353525 0.00826589 0.00401735 3.04494e-07 0.00530462 0.00182474 0.128306 0.000164167 0.00338459 1.75231e-05 0.701816 0.00315434 0.00240537 6.63048e-07 0.0431961 
2.68181e-05 0.110532 1.86565e-08 0.0141205 0.0143259 2.76432e-06 0.000451674 1.36255e-12 0.0078286 0.000612795 0.0726433 0.000128763 0.00101284 5.76456e-09 0.742102 0.000320913 0.029726 3.27675e-10 0.00616532 
5.05234e-07 0.00227732 2.08974e-05 0.00856723 0.000482016 3.48861e-05 0.00648868 8.59975e-11 0.000212284 0.000692743 0.0751855 0.000718343 5.07018e-06 3.64082e-09 0.896186 0.000281578 1.45846e-05 3.50303e-10 0.00883222 
0.00306626 0.222436 0.00200944 0.0125905 0.173106 0.00418942 0.00625866 1.40412e-07 0.23741 0.0183841 0.0510251 0.00195401 0.0138821 1.40455e-07 0.24269 0.0025461 0.000478284 0.000210862 0.00776277 
0.0829394 0.0164551 7.78509e-09 0.00961615 0.00305194 0.000244994 0.000526735 1.7391e-11 0.000621007 0.000308527 0.304615 2.81348e-06 0.00293634 1.08122e-05 0.559805 0.00337318 0.00661296 1.09168e-05 0.00887001 
